fecha,num,estacion,provincia,localidad,tipo,tmax,tmin,lluvia,informe
2024-07-22,001,JUMA BEJUCAL,MONSEÑOR NOUEL,IDIAF,EMCV,32.0,23.6,59.6,https://indomet.gob.do/wp-content/uploads/2024/08/Temperaturas-extremas-y-precipitaciones-22-de-julio-2024.pdf
2024-07-22,002,SÁNCHEZ,SAMANÁ,MINISTERIO DE AGRICULTURA,EMCO,31.5,23.8,45.2,https://indomet.gob.do/wp-content/uploads/2024/08/Temperaturas-extremas-y-precipitaciones-22-de-julio-2024.pdf
2024-07-22,003,ARPT. ARROYO BARRIL,SAMANÁ,ONAMET,EMCO,31.9,24.4,25.5,https://indomet.gob.do/wp-content/uploads/2024/08/Temperaturas-extremas-y-precipitaciones-22-de-julio-2024.pdf
2024-07-22,004,JARABACOA,LA VEGA,INDRHI / MARENA,EMCO,29.8,17.4,22.8,https://indomet.gob.do/wp-content/uploads/2024/08/Temperaturas-extremas-y-precipitaciones-22-de-julio-2024.pdf
2024-07-22,005,CENTRO DE LOS HEROES (EMA),DISTRITO NACIONAL,MINISTERIO DE ENERGIA Y MINA,EMAP,33.1,26.7,21.4,https://indomet.gob.do/wp-content/uploads/2024/08/Temperaturas-extremas-y-precipitaciones-22-de-julio-2024.pdf
2024-07-22,006,SANTO DOMINGO ESTE,SANTO DOMINGO,ONAMET,EMCO,32.5,26.0,19.4,https://indomet.gob.do/wp-content/uploads/2024/08/Temperaturas-extremas-y-precipitaciones-22-de-julio-2024.pdf
2024-07-22,007,GASPAR HERNÁNDEZ,ESPAILLAT,PROPIEDAD DEL EMPLEADO,EMCO,,,18.7,https://indomet.gob.do/wp-content/uploads/2024/08/Temperaturas-extremas-y-precipitaciones-22-de-julio-2024.pdf
2024-07-22,008,SAMANÁ,SAMANÁ,COMANDANCIA DE PUERTO DE SAMANÁ,EMCO,32.7,24.4,17.9,https://indomet.gob.do/wp-content/uploads/2024/08/Temperaturas-extremas-y-precipitaciones-22-de-julio-2024.pdf
2024-07-22,009,PALMAR ABAJO (EMA),SANTIAGO,MINISTERIO DE AGRICULTURA,EMAP,31.8,24.4,17.4,https://indomet.gob.do/wp-content/uploads/2024/08/Temperaturas-extremas-y-precipitaciones-22-de-julio-2024.pdf
2024-07-22,010,ARPT. LA ISABELA,SANTO DOMINGO,ONAMET,EMCO,34.0,24.0,17.0,https://indomet.gob.do/wp-content/uploads/2024/08/Temperaturas-extremas-y-precipitaciones-22-de-julio-2024.pdf
2024-07-22,011,ARPT. DE LAS AMÉRICAS,SANTO DOMINGO,ONAMET,EMCO,33.0,24.4,16.3,https://indomet.gob.do/wp-content/uploads/2024/08/Temperaturas-extremas-y-precipitaciones-22-de-julio-2024.pdf
2024-07-22,012,PARQUE MIRADOR SUR,DISTRITO NACIONAL,AYUNTAMIENTO,EMCV,34.0,26.5,15.4,https://indomet.gob.do/wp-content/uploads/2024/08/Temperaturas-extremas-y-precipitaciones-22-de-julio-2024.pdf
2024-07-22,013,JARDÍN BOTÁNICO NACIONAL,DISTRITO NACIONAL,JARDÍN BOTÁNICO NACIONAL,EMCV,33.2,22.3,15.0,https://indomet.gob.do/wp-content/uploads/2024/08/Temperaturas-extremas-y-precipitaciones-22-de-julio-2024.pdf
2024-07-22,014,PRESA DE TAVERAS (EMA),LA VEGA,PROGRAMA MUNDIAL DE ALIMENTO,EMAP,30.6,23.0,12.6,https://indomet.gob.do/wp-content/uploads/2024/08/Temperaturas-extremas-y-precipitaciones-22-de-julio-2024.pdf
2024-07-22,015,SABANA DE LA MAR,HATO MAYOR,ONAMET,EMCO,31.5,23.5,12.1,https://indomet.gob.do/wp-content/uploads/2024/08/Temperaturas-extremas-y-precipitaciones-22-de-julio-2024.pdf
2024-07-22,016,ARPT. EL CATEY,SAMANÁ,ONAMET,EMCO,31.4,23.5,10.6,https://indomet.gob.do/wp-content/uploads/2024/08/Temperaturas-extremas-y-precipitaciones-22-de-julio-2024.pdf
2024-07-22,017,VALLE NUEVO (EMA),LA VEGA,MARENA,EMAO,18.7,12.2,10.6,https://indomet.gob.do/wp-content/uploads/2024/08/Temperaturas-extremas-y-precipitaciones-22-de-julio-2024.pdf
2024-07-22,018,VILLA GONZALES,SANTIAGO,MINISTERIO DE AGRICULTURA,EMCO,,,10.4,https://indomet.gob.do/wp-content/uploads/2024/08/Temperaturas-extremas-y-precipitaciones-22-de-julio-2024.pdf
2024-07-22,019,VILLA RIVA,DUARTE,HOSP. MPAL. ALICIA DE LEGENDRE,EMCO,31.5,24.0,9.7,https://indomet.gob.do/wp-content/uploads/2024/08/Temperaturas-extremas-y-precipitaciones-22-de-julio-2024.pdf
2024-07-22,020,POLO,BARAHONA,INDOCAFE,EMCO,30.2,21.0,7.0,https://indomet.gob.do/wp-content/uploads/2024/08/Temperaturas-extremas-y-precipitaciones-22-de-julio-2024.pdf
2024-07-22,021,SAN CRISTÓBAL,SAN CRISTÓBAL,INSTITUTO POLITÉCNICO LOYOLA,EMCO,31.2,27.0,6.7,https://indomet.gob.do/wp-content/uploads/2024/08/Temperaturas-extremas-y-precipitaciones-22-de-julio-2024.pdf
2024-07-22,022,LA VEGA,LA VEGA,IATESA,EMCO,32.0,24.0,5.8,https://indomet.gob.do/wp-content/uploads/2024/08/Temperaturas-extremas-y-precipitaciones-22-de-julio-2024.pdf
2024-07-22,023,VILLA ALTAGRACIA,SAN CRISTÓBAL,ESCUELA JAVIER ANGULO GURIDI,EMCO,32.5,24.3,5.3,https://indomet.gob.do/wp-content/uploads/2024/08/Temperaturas-extremas-y-precipitaciones-22-de-julio-2024.pdf
2024-07-22,024,CABRERA,MARÍA TRINIDAD SÁNCHEZ,ESCUELA ARÍSTIDES FIALLO CABRAL,EMCO,33.2,27.0,4.7,https://indomet.gob.do/wp-content/uploads/2024/08/Temperaturas-extremas-y-precipitaciones-22-de-julio-2024.pdf
2024-07-22,025,CONSTANZA,LA VEGA,MINISTERIO DE AGRICULTURA,EMCO,26.8,17.5,4.6,https://indomet.gob.do/wp-content/uploads/2024/08/Temperaturas-extremas-y-precipitaciones-22-de-julio-2024.pdf
2024-07-22,026,RÍO SAN JUAN,MARÍA TRINIDAD SÁNCHEZ,HOSP. MPAL. DR. DESIDERIO ACOSTA,EMCV,32.9,24.7,3.8,https://indomet.gob.do/wp-content/uploads/2024/08/Temperaturas-extremas-y-precipitaciones-22-de-julio-2024.pdf
2024-07-22,027,EL SEIBO,EL SEIBO,MINISTERIO DE AGRICULTURA,EMCV,,,2.0,https://indomet.gob.do/wp-content/uploads/2024/08/Temperaturas-extremas-y-precipitaciones-22-de-julio-2024.pdf
2024-07-22,028,ALTAMIRA,PUERTO PLATA,HOSP. MPAL. DE ALTAMIRA,EMCO,31.9,21.6,1.8,https://indomet.gob.do/wp-content/uploads/2024/08/Temperaturas-extremas-y-precipitaciones-22-de-julio-2024.pdf
2024-07-22,029,SAN RAFAEL DEL YUMA,LA ALTAGRACIA,MINISTERIO DE AGRICULTURA,EMCO,33.0,24.6,0.8,https://indomet.gob.do/wp-content/uploads/2024/08/Temperaturas-extremas-y-precipitaciones-22-de-julio-2024.pdf
2024-07-22,030,ANAMUYA (EMA),LA ALTAGRACIA,MINISTERIO DE AGRICULTURA,EMAP,30.6,25.6,0.6,https://indomet.gob.do/wp-content/uploads/2024/08/Temperaturas-extremas-y-precipitaciones-22-de-julio-2024.pdf
2024-07-22,031,ARPT. DEL CIBAO,SANTIAGO,ONAMET,EMCO,33.0,22.5,0.6,https://indomet.gob.do/wp-content/uploads/2024/08/Temperaturas-extremas-y-precipitaciones-22-de-julio-2024.pdf
2024-07-22,032,MATA LARGA (EMA),DUARTE,MINISTERIO DE AGRICULTURA,EMAP,32.8,23.3,0.6,https://indomet.gob.do/wp-content/uploads/2024/08/Temperaturas-extremas-y-precipitaciones-22-de-julio-2024.pdf
2024-07-22,033,PADRE LAS CASAS,AZUA,HOSP. NTRA. SRA. DEL CARMEN,EMCO,33.0,20.4,0.5,https://indomet.gob.do/wp-content/uploads/2024/08/Temperaturas-extremas-y-precipitaciones-22-de-julio-2024.pdf
2024-07-22,034,ARPT. GREGORIO LUPERÓN,PUERTO PLATA,ONAMET,EMCO,31.5,24.4,0.4,https://indomet.gob.do/wp-content/uploads/2024/08/Temperaturas-extremas-y-precipitaciones-22-de-julio-2024.pdf
2024-07-22,035,SAN FRANCISCO DE MACORÍS,DUARTE,San Francisco de Macorís (UASD),EMCO,32.7,23.2,0.4,https://indomet.gob.do/wp-content/uploads/2024/08/Temperaturas-extremas-y-precipitaciones-22-de-julio-2024.pdf
2024-07-22,036,ARPT. MARÍA MONTEZ,BARAHONA,ONAMET,EMCO,34.4,24.6,0.1,https://indomet.gob.do/wp-content/uploads/2024/08/Temperaturas-extremas-y-precipitaciones-22-de-julio-2024.pdf
2024-07-22,037,HATO MAYOR,HATO MAYOR,MINISTERIO DE AGRICULTURA,EMCV,,,0.1,https://indomet.gob.do/wp-content/uploads/2024/08/Temperaturas-extremas-y-precipitaciones-22-de-julio-2024.pdf
2024-07-22,038,VILLA VÁSQUEZ,MONTE CRISTI,PROPIEDAD DEL EMPLEADO,EMCO,35.5,21.5,0.1,https://indomet.gob.do/wp-content/uploads/2024/08/Temperaturas-extremas-y-precipitaciones-22-de-julio-2024.pdf
2024-07-22,039,ARPT. DE LA ROMANA,LA ROMANA,ONAMET,EMCO,32.0,23.2,0.0,https://indomet.gob.do/wp-content/uploads/2024/08/Temperaturas-extremas-y-precipitaciones-22-de-julio-2024.pdf
2024-07-22,040,ARPT. DE PUNTA CANA,LA ALTAGRACIA,ONAMET,EMCO,32.5,26.2,0.0,https://indomet.gob.do/wp-content/uploads/2024/08/Temperaturas-extremas-y-precipitaciones-22-de-julio-2024.pdf
2024-07-22,041,BAYAGUANA,MONTE PLATA,ONAMET,EMCO,32.8,24.0,0.0,https://indomet.gob.do/wp-content/uploads/2024/08/Temperaturas-extremas-y-precipitaciones-22-de-julio-2024.pdf
2024-07-22,042,BOCA DE MAO (EMA),VALVERDE,MINISTERIO DE AGRICULTURA,EMAP,36.1,25.1,0.0,https://indomet.gob.do/wp-content/uploads/2024/08/Temperaturas-extremas-y-precipitaciones-22-de-julio-2024.pdf
2024-07-22,043,CABRAL,BARAHONA,MINISTERIO DE AGRICULTURA,EMCV,35.3,25.2,0.0,https://indomet.gob.do/wp-content/uploads/2024/08/Temperaturas-extremas-y-precipitaciones-22-de-julio-2024.pdf
2024-07-22,044,CONSTANZA (EMA),LA VEGA,PROGRAMA MUNDIAL DE ALIMENTO,EMAP,26.4,18.7,0.0,https://indomet.gob.do/wp-content/uploads/2024/08/Temperaturas-extremas-y-precipitaciones-22-de-julio-2024.pdf
2024-07-22,045,DAJABÓN,DAJABÓN,INSTITUTO POLITÉCNICO LOYOLA,EMCO,32.0,20.3,0.0,https://indomet.gob.do/wp-content/uploads/2024/08/Temperaturas-extremas-y-precipitaciones-22-de-julio-2024.pdf
2024-07-22,046,EL FACTOR (EMA),MARÍA TRINIDAD SÁNCHEZ,INTEC,EMAP,32.9,23.9,0.0,https://indomet.gob.do/wp-content/uploads/2024/08/Temperaturas-extremas-y-precipitaciones-22-de-julio-2024.pdf
2024-07-22,047,HONDO VALLE,ELÍAS PIÑA,MINISTERIO DE AGRICULTURA,EMCO,27.6,18.7,0.0,https://indomet.gob.do/wp-content/uploads/2024/08/Temperaturas-extremas-y-precipitaciones-22-de-julio-2024.pdf
2024-07-22,048,JIMANÍ,INDEPENDENCIA,MINISTERIO DE AGRICULTURA,EMCO,36.8,26.0,0.0,https://indomet.gob.do/wp-content/uploads/2024/08/Temperaturas-extremas-y-precipitaciones-22-de-julio-2024.pdf
2024-07-22,049,LAS CANAS (EMA),MONTE CRISTI,PROGRAMA MUNDIAL DE ALIMENTO,EMAP,30.2,25.9,0.0,https://indomet.gob.do/wp-content/uploads/2024/08/Temperaturas-extremas-y-precipitaciones-22-de-julio-2024.pdf
2024-07-22,050,LOS TRES CHARCOS (EMA),PEDERNALES,PROPIEDAD DEL VOLUNTARIO,EMAP,31.5,25.9,0.0,https://indomet.gob.do/wp-content/uploads/2024/08/Temperaturas-extremas-y-precipitaciones-22-de-julio-2024.pdf
2024-07-22,051,MONCIÓN (EMA),SANTIAGO RODRÍGUEZ,PROGRAMA MUNDIAL DE ALIMENTO,EMAP,32.9,22.4,0.0,https://indomet.gob.do/wp-content/uploads/2024/08/Temperaturas-extremas-y-precipitaciones-22-de-julio-2024.pdf
2024-07-22,052,MONTE CRISTI,MONTE CRISTI,ONAMET,EMCO,35.5,24.8,0.0,https://indomet.gob.do/wp-content/uploads/2024/08/Temperaturas-extremas-y-precipitaciones-22-de-julio-2024.pdf
2024-07-22,053,PERALTA,AZUA,HOSP. MPAL. DE PERALTA,EMCO,34.9,18.7,0.0,https://indomet.gob.do/wp-content/uploads/2024/08/Temperaturas-extremas-y-precipitaciones-22-de-julio-2024.pdf
2024-07-22,054,PESCADERIA (EMA),BARAHONA,MINISTERIO DE AGRICULTURA,EMAP,35.0,27.6,0.0,https://indomet.gob.do/wp-content/uploads/2024/08/Temperaturas-extremas-y-precipitaciones-22-de-julio-2024.pdf
2024-07-22,055,PONTÓN ABAJO (EMA),LA VEGA,MINISTERIO DE AGRICULTURA,EMAP,32.6,24.5,0.0,https://indomet.gob.do/wp-content/uploads/2024/08/Temperaturas-extremas-y-precipitaciones-22-de-julio-2024.pdf
2024-07-22,056,SABANA GRANDE DE BOYÁ,MONTE PLATA,MINISTERIO DE AGRICULTURA,EMCV,,,0.0,https://indomet.gob.do/wp-content/uploads/2024/08/Temperaturas-extremas-y-precipitaciones-22-de-julio-2024.pdf
2024-07-22,057,SABANETA (EMA),SANTIAGO RODRÍGUEZ,PROGRAMA MUNDIAL DE ALIMENTO,EMAP,36.1,23.3,0.0,https://indomet.gob.do/wp-content/uploads/2024/08/Temperaturas-extremas-y-precipitaciones-22-de-julio-2024.pdf
2024-07-22,058,SAN JOSÉ DE OCOA,SAN JOSÉ DE OCOA,HOSP. SAN JOSÉ DE OCOA,EMCO,31.7,23.9,0.0,https://indomet.gob.do/wp-content/uploads/2024/08/Temperaturas-extremas-y-precipitaciones-22-de-julio-2024.pdf
2024-07-23,001,ARPT. LA ISABELA,SANTO DOMINGO,ONAMET,EMCO,33.5,24.0,35.4,https://indomet.gob.do/wp-content/uploads/2024/08/temperaturas-extremas-y-precipitaciones-2024x07x23-a.pdf
2024-07-23,002,SAN JOSÉ DE OCOA,SAN JOSÉ DE OCOA,HOSP. SAN JOSÉ DE OCOA,EMCO,32.5,22.3,20.0,https://indomet.gob.do/wp-content/uploads/2024/08/temperaturas-extremas-y-precipitaciones-2024x07x23-a.pdf
2024-07-23,003,RANCHO ARRIBA,SAN JOSÉ DE OCOA,CENTRO TECNOLÓGICO COMUNITARIO,EMCO,30.7,19.8,17.0,https://indomet.gob.do/wp-content/uploads/2024/08/temperaturas-extremas-y-precipitaciones-2024x07x23-a.pdf
2024-07-23,004,JARDÍN BOTÁNICO NACIONAL,DISTRITO NACIONAL,JARDÍN BOTÁNICO NACIONAL,EMCV,33.0,25.2,16.2,https://indomet.gob.do/wp-content/uploads/2024/08/temperaturas-extremas-y-precipitaciones-2024x07x23-a.pdf
2024-07-23,005,JUMA BEJUCAL,MONSEÑOR NOUEL,IDIAF,EMCV,32.8,25.2,15.1,https://indomet.gob.do/wp-content/uploads/2024/08/temperaturas-extremas-y-precipitaciones-2024x07x23-a.pdf
2024-07-23,006,VILLA ALTAGRACIA,SAN CRISTÓBAL,ESCUELA JAVIER ANGULO GURIDI,EMCO,33.1,24.1,10.3,https://indomet.gob.do/wp-content/uploads/2024/08/temperaturas-extremas-y-precipitaciones-2024x07x23-a.pdf
2024-07-23,007,BASE AÉREA DE SAN ISIDRO,SANTO DOMINGO,FUERZA AÉREA DOMINICANA,EMCV,33.5,23.5,10.0,https://indomet.gob.do/wp-content/uploads/2024/08/temperaturas-extremas-y-precipitaciones-2024x07x23-a.pdf
2024-07-23,008,SANTO DOMINGO ESTE,SANTO DOMINGO,ONAMET,EMCO,33.4,26.0,9.8,https://indomet.gob.do/wp-content/uploads/2024/08/temperaturas-extremas-y-precipitaciones-2024x07x23-a.pdf
2024-07-23,009,VALLE NUEVO (EMA),LA VEGA,MARENA,EMAO,18.7,11.8,9.8,https://indomet.gob.do/wp-content/uploads/2024/08/temperaturas-extremas-y-precipitaciones-2024x07x23-a.pdf
2024-07-23,010,LA VICTORIA,SANTO DOMINGO,CUERPO DE BOMBEROS,EMCO,33.8,24.0,8.2,https://indomet.gob.do/wp-content/uploads/2024/08/temperaturas-extremas-y-precipitaciones-2024x07x23-a.pdf
2024-07-23,011,ARPT. DEL CIBAO,SANTIAGO,ONAMET,EMCO,34.0,23.6,6.2,https://indomet.gob.do/wp-content/uploads/2024/08/temperaturas-extremas-y-precipitaciones-2024x07x23-a.pdf
2024-07-23,012,CENTRO DE LOS HEROES (EMA),DISTRITO NACIONAL,MINISTERIO DE ENERGIA Y MINA,EMAP,31.9,26.6,5.4,https://indomet.gob.do/wp-content/uploads/2024/08/temperaturas-extremas-y-precipitaciones-2024x07x23-a.pdf
2024-07-23,013,MATA LARGA (EMA),DUARTE,MINISTERIO DE AGRICULTURA,EMAP,33.6,23.2,4.6,https://indomet.gob.do/wp-content/uploads/2024/08/temperaturas-extremas-y-precipitaciones-2024x07x23-a.pdf
2024-07-23,014,SAN FRANCISCO DE MACORÍS,DUARTE,San Francisco de Macorís (UASD),EMCO,33.6,23.2,4.6,https://indomet.gob.do/wp-content/uploads/2024/08/temperaturas-extremas-y-precipitaciones-2024x07x23-a.pdf
2024-07-23,015,POLO,BARAHONA,INDOCAFE,EMCO,30.0,20.0,4.2,https://indomet.gob.do/wp-content/uploads/2024/08/temperaturas-extremas-y-precipitaciones-2024x07x23-a.pdf
2024-07-23,016,LOS LLANOS,SAN PEDRO DE MACORÍS,MINISTERIO DE AGRICULTURA,EMCO,34.0,21.6,4.0,https://indomet.gob.do/wp-content/uploads/2024/08/temperaturas-extremas-y-precipitaciones-2024x07x23-a.pdf
2024-07-23,017,TAVERA,SANTIAGO,INDRHI,EMCO,,,3.8,https://indomet.gob.do/wp-content/uploads/2024/08/temperaturas-extremas-y-precipitaciones-2024x07x23-a.pdf
2024-07-23,018,ELÍAS PIÑA,ELÍAS PIÑA,MINISTERIO DE AGRICULTURA,EMCV,,,3.6,https://indomet.gob.do/wp-content/uploads/2024/08/temperaturas-extremas-y-precipitaciones-2024x07x23-a.pdf
2024-07-23,019,LA VEGA,LA VEGA,IATESA,EMCO,33.5,24.2,3.5,https://indomet.gob.do/wp-content/uploads/2024/08/temperaturas-extremas-y-precipitaciones-2024x07x23-a.pdf
2024-07-23,020,PRESA DE TAVERAS (EMA),LA VEGA,PROGRAMA MUNDIAL DE ALIMENTO,EMAP,30.8,23.2,3.2,https://indomet.gob.do/wp-content/uploads/2024/08/temperaturas-extremas-y-precipitaciones-2024x07x23-a.pdf
2024-07-23,021,ALTAMIRA,PUERTO PLATA,HOSP. MPAL. DE ALTAMIRA,EMCO,32.4,21.1,3.1,https://indomet.gob.do/wp-content/uploads/2024/08/temperaturas-extremas-y-precipitaciones-2024x07x23-a.pdf
2024-07-23,022,RÍO SAN JUAN,MARÍA TRINIDAD SÁNCHEZ,HOSP. MPAL. DR. DESIDERIO ACOSTA,EMCV,33.3,25.0,3.1,https://indomet.gob.do/wp-content/uploads/2024/08/temperaturas-extremas-y-precipitaciones-2024x07x23-a.pdf
2024-07-23,023,LOS JENGIBRES,NAGUA,INDRHI,EMCO,,,2.9,https://indomet.gob.do/wp-content/uploads/2024/08/temperaturas-extremas-y-precipitaciones-2024x07x23-a.pdf
2024-07-23,024,SABANA DE LA MAR,HATO MAYOR,ONAMET,EMCO,32.5,23.5,2.7,https://indomet.gob.do/wp-content/uploads/2024/08/temperaturas-extremas-y-precipitaciones-2024x07x23-a.pdf
2024-07-23,025,ARPT. DE PUNTA CANA,LA ALTAGRACIA,ONAMET,EMCO,33.0,26.4,2.6,https://indomet.gob.do/wp-content/uploads/2024/08/temperaturas-extremas-y-precipitaciones-2024x07x23-a.pdf
2024-07-23,026,SAN CRISTÓBAL,SAN CRISTÓBAL,INSTITUTO POLITÉCNICO LOYOLA,EMCO,32.7,27.5,2.3,https://indomet.gob.do/wp-content/uploads/2024/08/temperaturas-extremas-y-precipitaciones-2024x07x23-a.pdf
2024-07-23,027,PARQUE MIRADOR SUR,DISTRITO NACIONAL,AYUNTAMIENTO,EMCV,35.0,27.0,2.3,https://indomet.gob.do/wp-content/uploads/2024/08/temperaturas-extremas-y-precipitaciones-2024x07x23-a.pdf
2024-07-23,028,SAMANÁ,SAMANÁ,COMANDANCIA DE PUERTO DE SAMANÁ,EMCO,33.0,24.3,1.4,https://indomet.gob.do/wp-content/uploads/2024/08/temperaturas-extremas-y-precipitaciones-2024x07x23-a.pdf
2024-07-23,029,TAMBORIL,SANTIAGO,MINISTERIO DE AGRICULTURA,EMCV,,,1.3,https://indomet.gob.do/wp-content/uploads/2024/08/temperaturas-extremas-y-precipitaciones-2024x07x23-a.pdf
2024-07-23,030,ANAMUYA (EMA),LA ALTAGRACIA,MINISTERIO DE AGRICULTURA,EMAP,32.8,24.7,1.2,https://indomet.gob.do/wp-content/uploads/2024/08/temperaturas-extremas-y-precipitaciones-2024x07x23-a.pdf
2024-07-23,031,EL FACTOR (EMA),MARÍA TRINIDAD SÁNCHEZ,INTEC,EMAP,33.7,23.8,1.0,https://indomet.gob.do/wp-content/uploads/2024/08/temperaturas-extremas-y-precipitaciones-2024x07x23-a.pdf
2024-07-23,032,VILLA RIVA,DUARTE,HOSP. MPAL. ALICIA DE LEGENDRE,EMCO,33.3,24.4,0.9,https://indomet.gob.do/wp-content/uploads/2024/08/temperaturas-extremas-y-precipitaciones-2024x07x23-a.pdf
2024-07-23,033,ARPT. ARROYO BARRIL,SAMANÁ,ONAMET,EMCO,32.5,24.0,0.6,https://indomet.gob.do/wp-content/uploads/2024/08/temperaturas-extremas-y-precipitaciones-2024x07x23-a.pdf
2024-07-23,034,SÁNCHEZ,SAMANÁ,MINISTERIO DE AGRICULTURA,EMCO,32.5,24.2,0.6,https://indomet.gob.do/wp-content/uploads/2024/08/temperaturas-extremas-y-precipitaciones-2024x07x23-a.pdf
2024-07-23,035,SAN RAFAEL DEL YUMA,LA ALTAGRACIA,MINISTERIO DE AGRICULTURA,EMCO,34.0,23.9,0.4,https://indomet.gob.do/wp-content/uploads/2024/08/temperaturas-extremas-y-precipitaciones-2024x07x23-a.pdf
2024-07-23,036,JARABACOA,LA VEGA,INDRHI / MARENA,EMCO,32.0,18.0,0.3,https://indomet.gob.do/wp-content/uploads/2024/08/temperaturas-extremas-y-precipitaciones-2024x07x23-a.pdf
2024-07-23,037,PADRE LAS CASAS,AZUA,HOSP. NTRA. SRA. DEL CARMEN,EMCO,32.5,20.5,0.3,https://indomet.gob.do/wp-content/uploads/2024/08/temperaturas-extremas-y-precipitaciones-2024x07x23-a.pdf
2024-07-23,038,ARPT. DE LAS AMÉRICAS,SANTO DOMINGO,ONAMET,EMCO,33.0,24.0,0.1,https://indomet.gob.do/wp-content/uploads/2024/08/temperaturas-extremas-y-precipitaciones-2024x07x23-a.pdf
2024-07-23,039,ARPT. MARÍA MONTEZ,BARAHONA,ONAMET,EMCO,33.4,27.2,0.1,https://indomet.gob.do/wp-content/uploads/2024/08/temperaturas-extremas-y-precipitaciones-2024x07x23-a.pdf
2024-07-23,040,ARROYO LORO,SAN JUAN,IDIAF,EMCO,34.0,21.0,0.1,https://indomet.gob.do/wp-content/uploads/2024/08/temperaturas-extremas-y-precipitaciones-2024x07x23-a.pdf
2024-07-23,041,CABRAL,BARAHONA,MINISTERIO DE AGRICULTURA,EMCV,35.0,24.9,0.1,https://indomet.gob.do/wp-content/uploads/2024/08/temperaturas-extremas-y-precipitaciones-2024x07x23-a.pdf
2024-07-23,042,CONSTANZA,LA VEGA,MINISTERIO DE AGRICULTURA,EMCO,26.7,17.5,0.1,https://indomet.gob.do/wp-content/uploads/2024/08/temperaturas-extremas-y-precipitaciones-2024x07x23-a.pdf
2024-07-23,043,SABANA GRANDE DE BOYÁ,MONTE PLATA,MINISTERIO DE AGRICULTURA,EMCV,,,0.1,https://indomet.gob.do/wp-content/uploads/2024/08/temperaturas-extremas-y-precipitaciones-2024x07x23-a.pdf
2024-07-23,044,ARPT. DE LA ROMANA,LA ROMANA,ONAMET,EMCO,33.0,25.2,0.0,https://indomet.gob.do/wp-content/uploads/2024/08/temperaturas-extremas-y-precipitaciones-2024x07x23-a.pdf
2024-07-23,045,ARPT. EL CATEY,SAMANÁ,ONAMET,EMCO,31.3,23.5,0.0,https://indomet.gob.do/wp-content/uploads/2024/08/temperaturas-extremas-y-precipitaciones-2024x07x23-a.pdf
2024-07-23,046,ARPT. GREGORIO LUPERÓN,PUERTO PLATA,ONAMET,EMCO,32.5,24.4,0.0,https://indomet.gob.do/wp-content/uploads/2024/08/temperaturas-extremas-y-precipitaciones-2024x07x23-a.pdf
2024-07-23,047,BAYAGUANA,MONTE PLATA,ONAMET,EMCO,35.0,22.9,0.0,https://indomet.gob.do/wp-content/uploads/2024/08/temperaturas-extremas-y-precipitaciones-2024x07x23-a.pdf
2024-07-23,048,BOCA DE MAO (EMA),VALVERDE,MINISTERIO DE AGRICULTURA,EMAP,36.9,27.3,0.0,https://indomet.gob.do/wp-content/uploads/2024/08/temperaturas-extremas-y-precipitaciones-2024x07x23-a.pdf
2024-07-23,049,BOHECHÍO,SAN JUAN,MINISTERIO DE AGRICULTURA,EMCV,,,0.0,https://indomet.gob.do/wp-content/uploads/2024/08/temperaturas-extremas-y-precipitaciones-2024x07x23-a.pdf
2024-07-23,050,CABRERA,MARÍA TRINIDAD SÁNCHEZ,ESCUELA ARÍSTIDES FIALLO CABRAL,EMCO,33.5,26.0,0.0,https://indomet.gob.do/wp-content/uploads/2024/08/temperaturas-extremas-y-precipitaciones-2024x07x23-a.pdf
2024-07-23,051,CONSTANZA (EMA),LA VEGA,PROGRAMA MUNDIAL DE ALIMENTO,EMAP,26.7,16.8,0.0,https://indomet.gob.do/wp-content/uploads/2024/08/temperaturas-extremas-y-precipitaciones-2024x07x23-a.pdf
2024-07-23,052,DAJABÓN,DAJABÓN,INSTITUTO POLITÉCNICO LOYOLA,EMCO,33.0,20.5,0.0,https://indomet.gob.do/wp-content/uploads/2024/08/temperaturas-extremas-y-precipitaciones-2024x07x23-a.pdf
2024-07-23,053,ENRIQUILLO,BARAHONA,MINISTERIO DE AGRICULTURA,EMCV,33.7,27.6,0.0,https://indomet.gob.do/wp-content/uploads/2024/08/temperaturas-extremas-y-precipitaciones-2024x07x23-a.pdf
2024-07-23,054,ESCONDIDO,PERAVIA,MINISTERIO DE AGRICULTURA,EMCV,33.0,25.0,0.0,https://indomet.gob.do/wp-content/uploads/2024/08/temperaturas-extremas-y-precipitaciones-2024x07x23-a.pdf
2024-07-23,055,GASPAR HERNÁNDEZ,ESPAILLAT,PROPIEDAD DEL EMPLEADO,EMCO,,,0.0,https://indomet.gob.do/wp-content/uploads/2024/08/temperaturas-extremas-y-precipitaciones-2024x07x23-a.pdf
2024-07-23,056,HATO MAYOR,HATO MAYOR,MINISTERIO DE AGRICULTURA,EMCV,,,0.0,https://indomet.gob.do/wp-content/uploads/2024/08/temperaturas-extremas-y-precipitaciones-2024x07x23-a.pdf
2024-07-23,057,HONDO VALLE,ELÍAS PIÑA,MINISTERIO DE AGRICULTURA,EMCO,27.8,18.6,0.0,https://indomet.gob.do/wp-content/uploads/2024/08/temperaturas-extremas-y-precipitaciones-2024x07x23-a.pdf
2024-07-23,058,JIMANÍ,INDEPENDENCIA,MINISTERIO DE AGRICULTURA,EMCO,36.4,26.5,0.0,https://indomet.gob.do/wp-content/uploads/2024/08/temperaturas-extremas-y-precipitaciones-2024x07x23-a.pdf
2024-07-23,059,LAS CANAS (EMA),MONTE CRISTI,PROGRAMA MUNDIAL DE ALIMENTO,EMAP,31.0,24.3,0.0,https://indomet.gob.do/wp-content/uploads/2024/08/temperaturas-extremas-y-precipitaciones-2024x07x23-a.pdf
2024-07-23,060,LAS MATAS DE SANTA CRUZ (EMA,MONTE CRISTI,PROGRAMA MUNDIAL DE ALIMENTO,EMAP,36.7,25.0,0.0,https://indomet.gob.do/wp-content/uploads/2024/08/temperaturas-extremas-y-precipitaciones-2024x07x23-a.pdf
2024-07-23,061,LOS TRES CHARCOS (EMA),PEDERNALES,PROPIEDAD DEL VOLUNTARIO,EMAP,31.7,27.1,0.0,https://indomet.gob.do/wp-content/uploads/2024/08/temperaturas-extremas-y-precipitaciones-2024x07x23-a.pdf
2024-07-23,062,MONCIÓN (EMA),SANTIAGO RODRÍGUEZ,PROGRAMA MUNDIAL DE ALIMENTO,EMAP,33.9,21.8,0.0,https://indomet.gob.do/wp-content/uploads/2024/08/temperaturas-extremas-y-precipitaciones-2024x07x23-a.pdf
2024-07-23,063,MONTE CRISTI,MONTE CRISTI,ONAMET,EMCO,36.0,25.6,0.0,https://indomet.gob.do/wp-content/uploads/2024/08/temperaturas-extremas-y-precipitaciones-2024x07x23-a.pdf
2024-07-23,064,NAVARRETE,SANTIAGO,MINISTERIO DE AGRICULTURA,EMCV,,,0.0,https://indomet.gob.do/wp-content/uploads/2024/08/temperaturas-extremas-y-precipitaciones-2024x07x23-a.pdf
2024-07-23,065,OLIVARES,PEDERNALES,INDRHI,EMCO,,,0.0,https://indomet.gob.do/wp-content/uploads/2024/08/temperaturas-extremas-y-precipitaciones-2024x07x23-a.pdf
2024-07-23,066,PALMAR ABAJO (EMA),SANTIAGO,MINISTERIO DE AGRICULTURA,EMAP,33.9,24.3,0.0,https://indomet.gob.do/wp-content/uploads/2024/08/temperaturas-extremas-y-precipitaciones-2024x07x23-a.pdf
2024-07-23,067,PALO ÍNDIO,PUERTO PLATA,MINISTERIO DE AGRICULTURA,EMCO,,,0.0,https://indomet.gob.do/wp-content/uploads/2024/08/temperaturas-extremas-y-precipitaciones-2024x07x23-a.pdf
2024-07-23,068,PASO AL MEDIO,SAN PEDRO DE MACORÍS,INDRHI,EMCO,,,0.0,https://indomet.gob.do/wp-content/uploads/2024/08/temperaturas-extremas-y-precipitaciones-2024x07x23-a.pdf
2024-07-23,069,PEDERNALES,PEDERNALES,INDRHI,EMCO,,,0.0,https://indomet.gob.do/wp-content/uploads/2024/08/temperaturas-extremas-y-precipitaciones-2024x07x23-a.pdf
2024-07-23,070,PERALTA,AZUA,HOSP. MPAL. DE PERALTA,EMCO,34.5,19.0,0.0,https://indomet.gob.do/wp-content/uploads/2024/08/temperaturas-extremas-y-precipitaciones-2024x07x23-a.pdf
2024-07-23,071,PESCADERIA (EMA),BARAHONA,MINISTERIO DE AGRICULTURA,EMAP,34.6,25.8,0.0,https://indomet.gob.do/wp-content/uploads/2024/08/temperaturas-extremas-y-precipitaciones-2024x07x23-a.pdf
2024-07-23,072,PONTÓN ABAJO (EMA),LA VEGA,MINISTERIO DE AGRICULTURA,EMAP,34.0,24.2,0.0,https://indomet.gob.do/wp-content/uploads/2024/08/temperaturas-extremas-y-precipitaciones-2024x07x23-a.pdf
2024-07-23,073,RESTAURACIÓN,DAJABÓN,MINISTERIO DE AGRICULTURA,EMCO,33.5,16.2,0.0,https://indomet.gob.do/wp-content/uploads/2024/08/temperaturas-extremas-y-precipitaciones-2024x07x23-a.pdf
2024-07-23,074,SABANETA (EMA),SANTIAGO RODRÍGUEZ,PROGRAMA MUNDIAL DE ALIMENTO,EMAP,37.3,23.2,0.0,https://indomet.gob.do/wp-content/uploads/2024/08/temperaturas-extremas-y-precipitaciones-2024x07x23-a.pdf
2024-07-23,075,SALCEDO,HERMANAS MIRABAL,PROPIEDAD DEL EMPLEADO,EMCO,,,0.0,https://indomet.gob.do/wp-content/uploads/2024/08/temperaturas-extremas-y-precipitaciones-2024x07x23-a.pdf
2024-07-23,076,SANTIAGO RODRÍGUEZ,SANTIAGO RODRÍGUEZ,ONAMET,EMCO,37.0,24.5,0.0,https://indomet.gob.do/wp-content/uploads/2024/08/temperaturas-extremas-y-precipitaciones-2024x07x23-a.pdf
2024-07-23,077,TÁBARA ABAJO,AZUA,INDRHI,EMCO,35.6,26.3,0.0,https://indomet.gob.do/wp-content/uploads/2024/08/temperaturas-extremas-y-precipitaciones-2024x07x23-a.pdf
2024-07-23,078,VILLA ISABELA,PUERTO PLATA,MINISTERIO DE AGRICULTURA,EMCV,,,0.0,https://indomet.gob.do/wp-content/uploads/2024/08/temperaturas-extremas-y-precipitaciones-2024x07x23-a.pdf
2024-07-23,079,VILLA VÁSQUEZ,MONTE CRISTI,PROPIEDAD DEL EMPLEADO,EMCO,34.8,20.5,0.0,https://indomet.gob.do/wp-content/uploads/2024/08/temperaturas-extremas-y-precipitaciones-2024x07x23-a.pdf
2024-07-24,001,ANAMUYA (EMA),LA ALTAGRACIA,MINISTERIO DE AGRICULTURA,EMAP,32.9,24.4,34.2,https://indomet.gob.do/wp-content/uploads/2024/08/temperaturas-extremas-y-precipitaciones-2024x07x24-b.pdf
2024-07-24,002,EL FACTOR (EMA),MARÍA TRINIDAD SÁNCHEZ,INTEC,EMAP,33.9,24.9,33.3,https://indomet.gob.do/wp-content/uploads/2024/08/temperaturas-extremas-y-precipitaciones-2024x07x24-b.pdf
2024-07-24,003,VILLA ALTAGRACIA,SAN CRISTÓBAL,ESCUELA JAVIER ANGULO GURIDI,EMCO,34.0,23.8,23.8,https://indomet.gob.do/wp-content/uploads/2024/08/temperaturas-extremas-y-precipitaciones-2024x07x24-b.pdf
2024-07-24,004,ELÍAS PIÑA,ELÍAS PIÑA,MINISTERIO DE AGRICULTURA,EMCV,,,20.6,https://indomet.gob.do/wp-content/uploads/2024/08/temperaturas-extremas-y-precipitaciones-2024x07x24-b.pdf
2024-07-24,005,ARPT. DE PUNTA CANA,LA ALTAGRACIA,ONAMET,EMCO,32.5,22.8,17.2,https://indomet.gob.do/wp-content/uploads/2024/08/temperaturas-extremas-y-precipitaciones-2024x07x24-b.pdf
2024-07-24,006,SAMANÁ,SAMANÁ,COMANDANCIA DE PUERTO DE SAMANÁ,EMCO,33.5,23.6,14.5,https://indomet.gob.do/wp-content/uploads/2024/08/temperaturas-extremas-y-precipitaciones-2024x07x24-b.pdf
2024-07-24,007,RÍO SAN JUAN,MARÍA TRINIDAD SÁNCHEZ,HOSP. MPAL. DR. DESIDERIO ACOSTA,EMCV,33.4,24.3,14.5,https://indomet.gob.do/wp-content/uploads/2024/08/temperaturas-extremas-y-precipitaciones-2024x07x24-b.pdf
2024-07-24,008,CABRERA,MARÍA TRINIDAD SÁNCHEZ,ESCUELA ARÍSTIDES FIALLO CABRAL,EMCO,33.5,27.2,13.7,https://indomet.gob.do/wp-content/uploads/2024/08/temperaturas-extremas-y-precipitaciones-2024x07x24-b.pdf
2024-07-24,009,ARPT. ARROYO BARRIL,SAMANÁ,ONAMET,EMCO,33.0,24.0,13.6,https://indomet.gob.do/wp-content/uploads/2024/08/temperaturas-extremas-y-precipitaciones-2024x07x24-b.pdf
2024-07-24,010,SÁNCHEZ,SAMANÁ,MINISTERIO DE AGRICULTURA,EMCO,32.8,24.5,9.6,https://indomet.gob.do/wp-content/uploads/2024/08/temperaturas-extremas-y-precipitaciones-2024x07x24-b.pdf
2024-07-24,011,SABANA GRANDE DE BOYÁ,MONTE PLATA,MINISTERIO DE AGRICULTURA,EMCV,,,9.1,https://indomet.gob.do/wp-content/uploads/2024/08/temperaturas-extremas-y-precipitaciones-2024x07x24-b.pdf
2024-07-24,012,PARQUE MIRADOR SUR,DISTRITO NACIONAL,AYUNTAMIENTO,EMCV,34.5,25.0,8.6,https://indomet.gob.do/wp-content/uploads/2024/08/temperaturas-extremas-y-precipitaciones-2024x07x24-b.pdf
2024-07-24,013,POLO,BARAHONA,INDOCAFE,EMCO,30.0,21.0,7.5,https://indomet.gob.do/wp-content/uploads/2024/08/temperaturas-extremas-y-precipitaciones-2024x07x24-b.pdf
2024-07-24,014,RANCHO ARRIBA,SAN JOSÉ DE OCOA,CENTRO TECNOLÓGICO COMUNITARIO,EMCO,31.8,20.6,6.1,https://indomet.gob.do/wp-content/uploads/2024/08/temperaturas-extremas-y-precipitaciones-2024x07x24-b.pdf
2024-07-24,015,ARPT. EL CATEY,SAMANÁ,ONAMET,EMCO,32.0,23.8,6.0,https://indomet.gob.do/wp-content/uploads/2024/08/temperaturas-extremas-y-precipitaciones-2024x07x24-b.pdf
2024-07-24,016,ARPT. DE LAS AMÉRICAS,SANTO DOMINGO,ONAMET,EMCO,33.0,24.0,6.0,https://indomet.gob.do/wp-content/uploads/2024/08/temperaturas-extremas-y-precipitaciones-2024x07x24-b.pdf
2024-07-24,017,BASE AÉREA DE SAN ISIDRO,SANTO DOMINGO,FUERZA AÉREA DOMINICANA,EMCV,33.1,24.0,5.1,https://indomet.gob.do/wp-content/uploads/2024/08/temperaturas-extremas-y-precipitaciones-2024x07x24-b.pdf
2024-07-24,018,MATA LARGA (EMA),DUARTE,MINISTERIO DE AGRICULTURA,EMAP,33.8,24.1,4.8,https://indomet.gob.do/wp-content/uploads/2024/08/temperaturas-extremas-y-precipitaciones-2024x07x24-b.pdf
2024-07-24,019,JARDÍN BOTÁNICO NACIONAL,DISTRITO NACIONAL,JARDÍN BOTÁNICO NACIONAL,EMCV,32.8,24.0,3.0,https://indomet.gob.do/wp-content/uploads/2024/08/temperaturas-extremas-y-precipitaciones-2024x07x24-b.pdf
2024-07-24,020,LAS CANAS (EMA),MONTE CRISTI,PROGRAMA MUNDIAL DE ALIMENTO,EMAP,31.2,24.1,2.4,https://indomet.gob.do/wp-content/uploads/2024/08/temperaturas-extremas-y-precipitaciones-2024x07x24-b.pdf
2024-07-24,021,SANTO DOMINGO ESTE,SANTO DOMINGO,ONAMET,EMCO,33.4,25.4,2.2,https://indomet.gob.do/wp-content/uploads/2024/08/temperaturas-extremas-y-precipitaciones-2024x07x24-b.pdf
2024-07-24,022,LOS LLANOS,SAN PEDRO DE MACORÍS,MINISTERIO DE AGRICULTURA,EMCO,34.9,22.0,2.0,https://indomet.gob.do/wp-content/uploads/2024/08/temperaturas-extremas-y-precipitaciones-2024x07x24-b.pdf
2024-07-24,023,SAN CRISTÓBAL,SAN CRISTÓBAL,INSTITUTO POLITÉCNICO LOYOLA,EMCO,32.4,27.0,1.8,https://indomet.gob.do/wp-content/uploads/2024/08/temperaturas-extremas-y-precipitaciones-2024x07x24-b.pdf
2024-07-24,024,LA VEGA,LA VEGA,IATESA,EMCO,33.0,24.0,1.8,https://indomet.gob.do/wp-content/uploads/2024/08/temperaturas-extremas-y-precipitaciones-2024x07x24-b.pdf
2024-07-24,025,JARABACOA (EMA),LA VEGA,PROGRAMA MUNDIAL DE ALIMENTO,EMAP,31.3,19.9,1.6,https://indomet.gob.do/wp-content/uploads/2024/08/temperaturas-extremas-y-precipitaciones-2024x07x24-b.pdf
2024-07-24,026,ALTAMIRA,PUERTO PLATA,HOSP. MPAL. DE ALTAMIRA,EMCO,32.6,21.1,1.5,https://indomet.gob.do/wp-content/uploads/2024/08/temperaturas-extremas-y-precipitaciones-2024x07x24-b.pdf
2024-07-24,027,LA VICTORIA,SANTO DOMINGO,CUERPO DE BOMBEROS,EMCO,28.5,24.0,0.5,https://indomet.gob.do/wp-content/uploads/2024/08/temperaturas-extremas-y-precipitaciones-2024x07x24-b.pdf
2024-07-24,028,JUMA BEJUCAL,MONSEÑOR NOUEL,IDIAF,EMCV,33.0,22.8,0.3,https://indomet.gob.do/wp-content/uploads/2024/08/temperaturas-extremas-y-precipitaciones-2024x07x24-b.pdf
2024-07-24,029,BONAO,MONSEÑOR NOUEL,MINISTERIO DE AGRICULTURA,EMCV,,,0.3,https://indomet.gob.do/wp-content/uploads/2024/08/temperaturas-extremas-y-precipitaciones-2024x07x24-b.pdf
2024-07-24,030,PRESA DE TAVERAS (EMA),LA VEGA,PROGRAMA MUNDIAL DE ALIMENTO,EMAP,30.8,23.0,0.2,https://indomet.gob.do/wp-content/uploads/2024/08/temperaturas-extremas-y-precipitaciones-2024x07x24-b.pdf
2024-07-24,031,ARPT. DEL CIBAO,SANTIAGO,ONAMET,EMCO,33.0,23.4,0.1,https://indomet.gob.do/wp-content/uploads/2024/08/temperaturas-extremas-y-precipitaciones-2024x07x24-b.pdf
2024-07-24,032,ARPT. LA ISABELA,SANTO DOMINGO,ONAMET,EMCO,34.2,24.0,0.1,https://indomet.gob.do/wp-content/uploads/2024/08/temperaturas-extremas-y-precipitaciones-2024x07x24-b.pdf
2024-07-24,033,CABRAL,BARAHONA,MINISTERIO DE AGRICULTURA,EMCV,35.1,26.5,0.1,https://indomet.gob.do/wp-content/uploads/2024/08/temperaturas-extremas-y-precipitaciones-2024x07x24-b.pdf
2024-07-24,034,ARPT. DE LA ROMANA,LA ROMANA,ONAMET,EMCO,33.2,23.6,0.0,https://indomet.gob.do/wp-content/uploads/2024/08/temperaturas-extremas-y-precipitaciones-2024x07x24-b.pdf
2024-07-24,035,ARPT. GREGORIO LUPERÓN,PUERTO PLATA,ONAMET,EMCO,32.6,24.2,0.0,https://indomet.gob.do/wp-content/uploads/2024/08/temperaturas-extremas-y-precipitaciones-2024x07x24-b.pdf
2024-07-24,036,ARPT. MARÍA MONTEZ,BARAHONA,ONAMET,EMCO,33.6,25.5,0.0,https://indomet.gob.do/wp-content/uploads/2024/08/temperaturas-extremas-y-precipitaciones-2024x07x24-b.pdf
2024-07-24,037,ARROYO LORO,SAN JUAN,IDIAF,EMCO,34.2,21.5,0.0,https://indomet.gob.do/wp-content/uploads/2024/08/temperaturas-extremas-y-precipitaciones-2024x07x24-b.pdf
2024-07-24,038,BAYAGUANA,MONTE PLATA,ONAMET,EMCO,34.5,23.0,0.0,https://indomet.gob.do/wp-content/uploads/2024/08/temperaturas-extremas-y-precipitaciones-2024x07x24-b.pdf
2024-07-24,039,BOCA DE MAO (EMA),VALVERDE,MINISTERIO DE AGRICULTURA,EMAP,36.6,24.7,0.0,https://indomet.gob.do/wp-content/uploads/2024/08/temperaturas-extremas-y-precipitaciones-2024x07x24-b.pdf
2024-07-24,040,CENTRO DE LOS HEROES (EMA),DISTRITO NACIONAL,MINISTERIO DE ENERGIA Y MINA,EMAP,32.6,26.1,0.0,https://indomet.gob.do/wp-content/uploads/2024/08/temperaturas-extremas-y-precipitaciones-2024x07x24-b.pdf
2024-07-24,041,CONSTANZA,LA VEGA,MINISTERIO DE AGRICULTURA,EMCO,27.6,17.4,0.0,https://indomet.gob.do/wp-content/uploads/2024/08/temperaturas-extremas-y-precipitaciones-2024x07x24-b.pdf
2024-07-24,042,CONSTANZA (EMA),LA VEGA,PROGRAMA MUNDIAL DE ALIMENTO,EMAP,27.2,16.1,0.0,https://indomet.gob.do/wp-content/uploads/2024/08/temperaturas-extremas-y-precipitaciones-2024x07x24-b.pdf
2024-07-24,043,DAJABÓN,DAJABÓN,INSTITUTO POLITÉCNICO LOYOLA,EMCO,31.7,19.4,0.0,https://indomet.gob.do/wp-content/uploads/2024/08/temperaturas-extremas-y-precipitaciones-2024x07x24-b.pdf
2024-07-24,044,EL SEIBO,EL SEIBO,MINISTERIO DE AGRICULTURA,EMCV,,,0.0,https://indomet.gob.do/wp-content/uploads/2024/08/temperaturas-extremas-y-precipitaciones-2024x07x24-b.pdf
2024-07-24,045,ENRIQUILLO,BARAHONA,MINISTERIO DE AGRICULTURA,EMCV,32.5,26.8,0.0,https://indomet.gob.do/wp-content/uploads/2024/08/temperaturas-extremas-y-precipitaciones-2024x07x24-b.pdf
2024-07-24,046,GASPAR HERNÁNDEZ,ESPAILLAT,PROPIEDAD DEL EMPLEADO,EMCO,,,0.0,https://indomet.gob.do/wp-content/uploads/2024/08/temperaturas-extremas-y-precipitaciones-2024x07x24-b.pdf
2024-07-24,047,HATO MAYOR,HATO MAYOR,MINISTERIO DE AGRICULTURA,EMCV,,,0.0,https://indomet.gob.do/wp-content/uploads/2024/08/temperaturas-extremas-y-precipitaciones-2024x07x24-b.pdf
2024-07-24,048,HONDO VALLE,ELÍAS PIÑA,MINISTERIO DE AGRICULTURA,EMCO,28.3,18.4,0.0,https://indomet.gob.do/wp-content/uploads/2024/08/temperaturas-extremas-y-precipitaciones-2024x07x24-b.pdf
2024-07-24,049,JARABACOA,LA VEGA,INDRHI / MARENA,EMCO,31.6,17.8,0.0,https://indomet.gob.do/wp-content/uploads/2024/08/temperaturas-extremas-y-precipitaciones-2024x07x24-b.pdf
2024-07-24,050,JIMANÍ,INDEPENDENCIA,MINISTERIO DE AGRICULTURA,EMCO,36.6,26.2,0.0,https://indomet.gob.do/wp-content/uploads/2024/08/temperaturas-extremas-y-precipitaciones-2024x07x24-b.pdf
2024-07-24,051,LAS MATAS DE SANTA CRUZ (EMA,MONTE CRISTI,PROGRAMA MUNDIAL DE ALIMENTO,EMAP,36.6,26.6,0.0,https://indomet.gob.do/wp-content/uploads/2024/08/temperaturas-extremas-y-precipitaciones-2024x07x24-b.pdf
2024-07-24,052,LOS TRES CHARCOS (EMA),PEDERNALES,PROPIEDAD DEL VOLUNTARIO,EMAP,31.2,25.2,0.0,https://indomet.gob.do/wp-content/uploads/2024/08/temperaturas-extremas-y-precipitaciones-2024x07x24-b.pdf
2024-07-24,053,MONTE CRISTI,MONTE CRISTI,ONAMET,EMCO,35.5,24.8,0.0,https://indomet.gob.do/wp-content/uploads/2024/08/temperaturas-extremas-y-precipitaciones-2024x07x24-b.pdf
2024-07-24,054,OLIVARES,PEDERNALES,INDRHI,EMCO,,,0.0,https://indomet.gob.do/wp-content/uploads/2024/08/temperaturas-extremas-y-precipitaciones-2024x07x24-b.pdf
2024-07-24,055,PADRE LAS CASAS,AZUA,HOSP. NTRA. SRA. DEL CARMEN,EMCO,32.0,21.4,0.0,https://indomet.gob.do/wp-content/uploads/2024/08/temperaturas-extremas-y-precipitaciones-2024x07x24-b.pdf
2024-07-24,056,PALMAR ABAJO (EMA),SANTIAGO,MINISTERIO DE AGRICULTURA,EMAP,34.0,25.2,0.0,https://indomet.gob.do/wp-content/uploads/2024/08/temperaturas-extremas-y-precipitaciones-2024x07x24-b.pdf
2024-07-24,057,PALO ÍNDIO,PUERTO PLATA,MINISTERIO DE AGRICULTURA,EMCO,,,0.0,https://indomet.gob.do/wp-content/uploads/2024/08/temperaturas-extremas-y-precipitaciones-2024x07x24-b.pdf
2024-07-24,058,PEDERNALES,PEDERNALES,INDRHI,EMCO,,,0.0,https://indomet.gob.do/wp-content/uploads/2024/08/temperaturas-extremas-y-precipitaciones-2024x07x24-b.pdf
2024-07-24,059,PERALTA,AZUA,HOSP. MPAL. DE PERALTA,EMCO,34.7,19.5,0.0,https://indomet.gob.do/wp-content/uploads/2024/08/temperaturas-extremas-y-precipitaciones-2024x07x24-b.pdf
2024-07-24,060,PESCADERIA (EMA),BARAHONA,MINISTERIO DE AGRICULTURA,EMAP,34.2,27.3,0.0,https://indomet.gob.do/wp-content/uploads/2024/08/temperaturas-extremas-y-precipitaciones-2024x07x24-b.pdf
2024-07-24,061,PONTÓN ABAJO (EMA),LA VEGA,MINISTERIO DE AGRICULTURA,EMAP,,,0.0,https://indomet.gob.do/wp-content/uploads/2024/08/temperaturas-extremas-y-precipitaciones-2024x07x24-b.pdf
2024-07-24,062,RESTAURACIÓN,DAJABÓN,MINISTERIO DE AGRICULTURA,EMCO,33.8,16.7,0.0,https://indomet.gob.do/wp-content/uploads/2024/08/temperaturas-extremas-y-precipitaciones-2024x07x24-b.pdf
2024-07-24,063,SABANA DE LA MAR,HATO MAYOR,ONAMET,EMCO,32.0,24.0,0.0,https://indomet.gob.do/wp-content/uploads/2024/08/temperaturas-extremas-y-precipitaciones-2024x07x24-b.pdf
2024-07-24,064,SALCEDO,HERMANAS MIRABAL,PROPIEDAD DEL EMPLEADO,EMCO,,,0.0,https://indomet.gob.do/wp-content/uploads/2024/08/temperaturas-extremas-y-precipitaciones-2024x07x24-b.pdf
2024-07-24,065,SAN JOSÉ DE OCOA,SAN JOSÉ DE OCOA,HOSP. SAN JOSÉ DE OCOA,EMCO,32.2,24.0,0.0,https://indomet.gob.do/wp-content/uploads/2024/08/temperaturas-extremas-y-precipitaciones-2024x07x24-b.pdf
2024-07-24,066,SANTIAGO RODRÍGUEZ,SANTIAGO RODRÍGUEZ,ONAMET,EMCO,37.3,24.0,0.0,https://indomet.gob.do/wp-content/uploads/2024/08/temperaturas-extremas-y-precipitaciones-2024x07x24-b.pdf
2024-07-24,067,TÁBARA ABAJO,AZUA,INDRHI,EMCO,35.8,25.6,0.0,https://indomet.gob.do/wp-content/uploads/2024/08/temperaturas-extremas-y-precipitaciones-2024x07x24-b.pdf
2024-07-24,068,TAMBORIL,SANTIAGO,MINISTERIO DE AGRICULTURA,EMCV,,,0.0,https://indomet.gob.do/wp-content/uploads/2024/08/temperaturas-extremas-y-precipitaciones-2024x07x24-b.pdf
2024-07-24,069,VILLA GONZALES,SANTIAGO,MINISTERIO DE AGRICULTURA,EMCO,,,0.0,https://indomet.gob.do/wp-content/uploads/2024/08/temperaturas-extremas-y-precipitaciones-2024x07x24-b.pdf
2024-07-24,070,VILLA ISABELA,PUERTO PLATA,MINISTERIO DE AGRICULTURA,EMCV,,,0.0,https://indomet.gob.do/wp-content/uploads/2024/08/temperaturas-extremas-y-precipitaciones-2024x07x24-b.pdf
2024-07-24,071,VILLA RIVA,DUARTE,HOSP. MPAL. ALICIA DE LEGENDRE,EMCO,33.2,25.5,0.0,https://indomet.gob.do/wp-content/uploads/2024/08/temperaturas-extremas-y-precipitaciones-2024x07x24-b.pdf
2024-07-24,072,VILLA VÁSQUEZ,MONTE CRISTI,PROPIEDAD DEL EMPLEADO,EMCO,36.4,21.5,0.0,https://indomet.gob.do/wp-content/uploads/2024/08/temperaturas-extremas-y-precipitaciones-2024x07x24-b.pdf
2024-07-24,073,MONCIÓN,SANTIAGO RODRÍGUEZ,HOSP. MPAL. MONCIÓN,EMCV,33.8,20.9,0.0,https://indomet.gob.do/wp-content/uploads/2024/08/temperaturas-extremas-y-precipitaciones-2024x07x24-b.pdf
2024-07-24,074,SABANETA (EMA),SANTIAGO RODRÍGUEZ,PROGRAMA MUNDIAL DE ALIMENTO,EMAP,37.4,23.7,0.0,https://indomet.gob.do/wp-content/uploads/2024/08/temperaturas-extremas-y-precipitaciones-2024x07x24-b.pdf
2024-07-25,001,MONCIÓN (EMA),SANTIAGO RODRÍGUEZ,PROGRAMA MUNDIAL DE ALIMENTO,EMAP,33.6,22.0,9.2,https://indomet.gob.do/wp-content/uploads/2024/08/temperaturas-extremas-y-precipitaciones-2024x07x25-a.pdf
2024-07-25,002,ARPT. DE PUNTA CANA,LA ALTAGRACIA,ONAMET,EMCO,32.0,22.0,6.8,https://indomet.gob.do/wp-content/uploads/2024/08/temperaturas-extremas-y-precipitaciones-2024x07x25-a.pdf
2024-07-25,003,LOS LLANOS,SAN PEDRO DE MACORÍS,MINISTERIO DE AGRICULTURA,EMCO,33.5,22.6,6.0,https://indomet.gob.do/wp-content/uploads/2024/08/temperaturas-extremas-y-precipitaciones-2024x07x25-a.pdf
2024-07-25,004,VILLA RIVA,DUARTE,HOSP. MPAL. ALICIA DE LEGENDRE,EMCO,33.5,26.0,1.2,https://indomet.gob.do/wp-content/uploads/2024/08/temperaturas-extremas-y-precipitaciones-2024x07x25-a.pdf
2024-07-25,005,ARPT. LA ISABELA,SANTO DOMINGO,ONAMET,EMCO,34.0,24.0,1.1,https://indomet.gob.do/wp-content/uploads/2024/08/temperaturas-extremas-y-precipitaciones-2024x07x25-a.pdf
2024-07-25,006,CENTRO DE LOS HEROES (EMA),DISTRITO NACIONAL,MINISTERIO DE ENERGIA Y MINA,EMAP,32.1,27.6,0.8,https://indomet.gob.do/wp-content/uploads/2024/08/temperaturas-extremas-y-precipitaciones-2024x07x25-a.pdf
2024-07-25,007,PARQUE MIRADOR SUR,DISTRITO NACIONAL,AYUNTAMIENTO,EMCV,34.5,26.0,0.8,https://indomet.gob.do/wp-content/uploads/2024/08/temperaturas-extremas-y-precipitaciones-2024x07x25-a.pdf
2024-07-25,008,LOS JENGIBRES,NAGUA,INDRHI,EMCO,,,0.6,https://indomet.gob.do/wp-content/uploads/2024/08/temperaturas-extremas-y-precipitaciones-2024x07x25-a.pdf
2024-07-25,009,ANAMUYA (EMA),LA ALTAGRACIA,MINISTERIO DE AGRICULTURA,EMAP,32.7,26.4,0.4,https://indomet.gob.do/wp-content/uploads/2024/08/temperaturas-extremas-y-precipitaciones-2024x07x25-a.pdf
2024-07-25,010,JARABACOA,LA VEGA,INDRHI / MARENA,EMCO,32.0,17.6,0.4,https://indomet.gob.do/wp-content/uploads/2024/08/temperaturas-extremas-y-precipitaciones-2024x07x25-a.pdf
2024-07-25,011,JARDÍN BOTÁNICO NACIONAL,DISTRITO NACIONAL,JARDÍN BOTÁNICO NACIONAL,EMCV,32.0,24.6,0.4,https://indomet.gob.do/wp-content/uploads/2024/08/temperaturas-extremas-y-precipitaciones-2024x07x25-a.pdf
2024-07-25,012,LA VICTORIA,SANTO DOMINGO,CUERPO DE BOMBEROS,EMCO,34.8,25.5,0.4,https://indomet.gob.do/wp-content/uploads/2024/08/temperaturas-extremas-y-precipitaciones-2024x07x25-a.pdf
2024-07-25,013,POLO,BARAHONA,INDOCAFE,EMCO,31.0,21.5,0.4,https://indomet.gob.do/wp-content/uploads/2024/08/temperaturas-extremas-y-precipitaciones-2024x07x25-a.pdf
2024-07-25,014,VILLA ALTAGRACIA,SAN CRISTÓBAL,ESCUELA JAVIER ANGULO GURIDI,EMCO,32.6,25.4,0.4,https://indomet.gob.do/wp-content/uploads/2024/08/temperaturas-extremas-y-precipitaciones-2024x07x25-a.pdf
2024-07-25,015,ARPT. DE LAS AMÉRICAS,SANTO DOMINGO,ONAMET,EMCO,33.0,24.0,0.2,https://indomet.gob.do/wp-content/uploads/2024/08/temperaturas-extremas-y-precipitaciones-2024x07x25-a.pdf
2024-07-25,016,ALTAMIRA,PUERTO PLATA,HOSP. MPAL. DE ALTAMIRA,EMCO,33.9,22.9,0.1,https://indomet.gob.do/wp-content/uploads/2024/08/temperaturas-extremas-y-precipitaciones-2024x07x25-a.pdf
2024-07-25,017,JUMA BEJUCAL,MONSEÑOR NOUEL,IDIAF,EMCV,31.2,24.0,0.1,https://indomet.gob.do/wp-content/uploads/2024/08/temperaturas-extremas-y-precipitaciones-2024x07x25-a.pdf
2024-07-25,018,LA VEGA,LA VEGA,IATESA,EMCO,31.0,25.0,0.1,https://indomet.gob.do/wp-content/uploads/2024/08/temperaturas-extremas-y-precipitaciones-2024x07x25-a.pdf
2024-07-25,019,MONTE CRISTI,MONTE CRISTI,ONAMET,EMCO,36.0,24.6,0.1,https://indomet.gob.do/wp-content/uploads/2024/08/temperaturas-extremas-y-precipitaciones-2024x07x25-a.pdf
2024-07-25,020,RANCHO ARRIBA,SAN JOSÉ DE OCOA,CENTRO TECNOLÓGICO COMUNITARIO,EMCO,29.7,19.4,0.1,https://indomet.gob.do/wp-content/uploads/2024/08/temperaturas-extremas-y-precipitaciones-2024x07x25-a.pdf
2024-07-25,021,SABANA DE LA MAR,HATO MAYOR,ONAMET,EMCO,31.5,24.5,0.1,https://indomet.gob.do/wp-content/uploads/2024/08/temperaturas-extremas-y-precipitaciones-2024x07x25-a.pdf
2024-07-25,022,SANTIAGO RODRÍGUEZ,SANTIAGO RODRÍGUEZ,ONAMET,EMCO,37.2,24.0,0.1,https://indomet.gob.do/wp-content/uploads/2024/08/temperaturas-extremas-y-precipitaciones-2024x07x25-a.pdf
2024-07-25,023,VILLA VÁSQUEZ,MONTE CRISTI,PROPIEDAD DEL EMPLEADO,EMCO,35.4,20.5,0.1,https://indomet.gob.do/wp-content/uploads/2024/08/temperaturas-extremas-y-precipitaciones-2024x07x25-a.pdf
2024-07-25,024,ARPT. ARROYO BARRIL,SAMANÁ,ONAMET,EMCO,32.5,23.0,0.0,https://indomet.gob.do/wp-content/uploads/2024/08/temperaturas-extremas-y-precipitaciones-2024x07x25-a.pdf
2024-07-25,025,ARPT. DE LA ROMANA,LA ROMANA,ONAMET,EMCO,33.0,25.5,0.0,https://indomet.gob.do/wp-content/uploads/2024/08/temperaturas-extremas-y-precipitaciones-2024x07x25-a.pdf
2024-07-25,026,ARPT. DEL CIBAO,SANTIAGO,ONAMET,EMCO,33.0,23.2,0.0,https://indomet.gob.do/wp-content/uploads/2024/08/temperaturas-extremas-y-precipitaciones-2024x07x25-a.pdf
2024-07-25,027,ARPT. EL CATEY,SAMANÁ,ONAMET,EMCO,32.2,23.4,0.0,https://indomet.gob.do/wp-content/uploads/2024/08/temperaturas-extremas-y-precipitaciones-2024x07x25-a.pdf
2024-07-25,028,ARPT. GREGORIO LUPERÓN,PUERTO PLATA,ONAMET,EMCO,32.7,23.4,0.0,https://indomet.gob.do/wp-content/uploads/2024/08/temperaturas-extremas-y-precipitaciones-2024x07x25-a.pdf
2024-07-25,029,ARPT. MARÍA MONTEZ,BARAHONA,ONAMET,EMCO,33.5,27.0,0.0,https://indomet.gob.do/wp-content/uploads/2024/08/temperaturas-extremas-y-precipitaciones-2024x07x25-a.pdf
2024-07-25,030,ARROYO LORO,SAN JUAN,IDIAF,EMCO,33.9,20.1,0.0,https://indomet.gob.do/wp-content/uploads/2024/08/temperaturas-extremas-y-precipitaciones-2024x07x25-a.pdf
2024-07-25,031,BAYAGUANA,MONTE PLATA,ONAMET,EMCO,31.6,24.2,0.0,https://indomet.gob.do/wp-content/uploads/2024/08/temperaturas-extremas-y-precipitaciones-2024x07x25-a.pdf
2024-07-25,032,BOCA DE MAO (EMA),VALVERDE,MINISTERIO DE AGRICULTURA,EMAP,37.1,26.1,0.0,https://indomet.gob.do/wp-content/uploads/2024/08/temperaturas-extremas-y-precipitaciones-2024x07x25-a.pdf
2024-07-25,033,BOHECHÍO,SAN JUAN,MINISTERIO DE AGRICULTURA,EMCV,,,0.0,https://indomet.gob.do/wp-content/uploads/2024/08/temperaturas-extremas-y-precipitaciones-2024x07x25-a.pdf
2024-07-25,034,BONAO,MONSEÑOR NOUEL,MINISTERIO DE AGRICULTURA,EMCV,,,0.0,https://indomet.gob.do/wp-content/uploads/2024/08/temperaturas-extremas-y-precipitaciones-2024x07x25-a.pdf
2024-07-25,035,CABRERA,MARÍA TRINIDAD SÁNCHEZ,ESCUELA ARÍSTIDES FIALLO CABRAL,EMCO,33.3,24.6,0.0,https://indomet.gob.do/wp-content/uploads/2024/08/temperaturas-extremas-y-precipitaciones-2024x07x25-a.pdf
2024-07-25,036,CONSTANZA,LA VEGA,MINISTERIO DE AGRICULTURA,EMCO,28.6,16.5,0.0,https://indomet.gob.do/wp-content/uploads/2024/08/temperaturas-extremas-y-precipitaciones-2024x07x25-a.pdf
2024-07-25,037,CONSTANZA (EMA),LA VEGA,PROGRAMA MUNDIAL DE ALIMENTO,EMAP,28.0,16.4,0.0,https://indomet.gob.do/wp-content/uploads/2024/08/temperaturas-extremas-y-precipitaciones-2024x07x25-a.pdf
2024-07-25,038,DAJABÓN,DAJABÓN,INSTITUTO POLITÉCNICO LOYOLA,EMCO,28.5,17.1,0.0,https://indomet.gob.do/wp-content/uploads/2024/08/temperaturas-extremas-y-precipitaciones-2024x07x25-a.pdf
2024-07-25,039,EL FACTOR (EMA),MARÍA TRINIDAD SÁNCHEZ,INTEC,EMAP,34.6,25.9,0.0,https://indomet.gob.do/wp-content/uploads/2024/08/temperaturas-extremas-y-precipitaciones-2024x07x25-a.pdf
2024-07-25,040,EL SEIBO,EL SEIBO,MINISTERIO DE AGRICULTURA,EMCV,,,0.0,https://indomet.gob.do/wp-content/uploads/2024/08/temperaturas-extremas-y-precipitaciones-2024x07x25-a.pdf
2024-07-25,041,ELÍAS PIÑA,ELÍAS PIÑA,MINISTERIO DE AGRICULTURA,EMCV,,,0.0,https://indomet.gob.do/wp-content/uploads/2024/08/temperaturas-extremas-y-precipitaciones-2024x07x25-a.pdf
2024-07-25,042,ENRIQUILLO,BARAHONA,MINISTERIO DE AGRICULTURA,EMCV,32.5,27.7,0.0,https://indomet.gob.do/wp-content/uploads/2024/08/temperaturas-extremas-y-precipitaciones-2024x07x25-a.pdf
2024-07-25,043,ESCONDIDO,PERAVIA,MINISTERIO DE AGRICULTURA,EMCV,33.0,25.0,0.0,https://indomet.gob.do/wp-content/uploads/2024/08/temperaturas-extremas-y-precipitaciones-2024x07x25-a.pdf
2024-07-25,044,GASPAR HERNÁNDEZ,ESPAILLAT,PROPIEDAD DEL EMPLEADO,EMCO,,,0.0,https://indomet.gob.do/wp-content/uploads/2024/08/temperaturas-extremas-y-precipitaciones-2024x07x25-a.pdf
2024-07-25,045,GURABO,SANTIAGO,MINISTERIO DE AGRICULTURA,EMCV,,,0.0,https://indomet.gob.do/wp-content/uploads/2024/08/temperaturas-extremas-y-precipitaciones-2024x07x25-a.pdf
2024-07-25,046,HATO MAYOR,HATO MAYOR,MINISTERIO DE AGRICULTURA,EMCV,,,0.0,https://indomet.gob.do/wp-content/uploads/2024/08/temperaturas-extremas-y-precipitaciones-2024x07x25-a.pdf
2024-07-25,047,HONDO VALLE,ELÍAS PIÑA,MINISTERIO DE AGRICULTURA,EMCO,28.6,18.5,0.0,https://indomet.gob.do/wp-content/uploads/2024/08/temperaturas-extremas-y-precipitaciones-2024x07x25-a.pdf
2024-07-25,048,JIMANÍ,INDEPENDENCIA,MINISTERIO DE AGRICULTURA,EMCO,36.0,27.4,0.0,https://indomet.gob.do/wp-content/uploads/2024/08/temperaturas-extremas-y-precipitaciones-2024x07x25-a.pdf
2024-07-25,049,LAS CANAS (EMA),MONTE CRISTI,PROGRAMA MUNDIAL DE ALIMENTO,EMAP,31.6,24.8,0.0,https://indomet.gob.do/wp-content/uploads/2024/08/temperaturas-extremas-y-precipitaciones-2024x07x25-a.pdf
2024-07-25,050,LAS MATAS DE SANTA CRUZ,MONTE CRISTI,INDRHI,EMCV,,,0.0,https://indomet.gob.do/wp-content/uploads/2024/08/temperaturas-extremas-y-precipitaciones-2024x07x25-a.pdf
2024-07-25,051,LAS MATAS DE SANTA CRUZ (EMA,MONTE CRISTI,PROGRAMA MUNDIAL DE ALIMENTO,EMAP,28.0,25.1,0.0,https://indomet.gob.do/wp-content/uploads/2024/08/temperaturas-extremas-y-precipitaciones-2024x07x25-a.pdf
2024-07-25,052,LOS TRES CHARCOS (EMA),PEDERNALES,PROPIEDAD DEL VOLUNTARIO,EMAP,31.0,27.4,0.0,https://indomet.gob.do/wp-content/uploads/2024/08/temperaturas-extremas-y-precipitaciones-2024x07x25-a.pdf
2024-07-25,053,MATA LARGA (EMA),DUARTE,MINISTERIO DE AGRICULTURA,EMAP,32.5,24.5,0.0,https://indomet.gob.do/wp-content/uploads/2024/08/temperaturas-extremas-y-precipitaciones-2024x07x25-a.pdf
2024-07-25,054,NAVARRETE,SANTIAGO,MINISTERIO DE AGRICULTURA,EMCV,,,0.0,https://indomet.gob.do/wp-content/uploads/2024/08/temperaturas-extremas-y-precipitaciones-2024x07x25-a.pdf
2024-07-25,055,OLIVARES,PEDERNALES,INDRHI,EMCO,,,0.0,https://indomet.gob.do/wp-content/uploads/2024/08/temperaturas-extremas-y-precipitaciones-2024x07x25-a.pdf
2024-07-25,056,PADRE LAS CASAS,AZUA,HOSP. NTRA. SRA. DEL CARMEN,EMCO,31.5,21.0,0.0,https://indomet.gob.do/wp-content/uploads/2024/08/temperaturas-extremas-y-precipitaciones-2024x07x25-a.pdf
2024-07-25,057,PALMAR ABAJO (EMA),SANTIAGO,MINISTERIO DE AGRICULTURA,EMAP,33.3,25.6,0.0,https://indomet.gob.do/wp-content/uploads/2024/08/temperaturas-extremas-y-precipitaciones-2024x07x25-a.pdf
2024-07-25,058,PALO ÍNDIO,PUERTO PLATA,MINISTERIO DE AGRICULTURA,EMCO,,,0.0,https://indomet.gob.do/wp-content/uploads/2024/08/temperaturas-extremas-y-precipitaciones-2024x07x25-a.pdf
2024-07-25,059,PASO AL MEDIO,SAN PEDRO DE MACORÍS,INDRHI,EMCO,,,0.0,https://indomet.gob.do/wp-content/uploads/2024/08/temperaturas-extremas-y-precipitaciones-2024x07x25-a.pdf
2024-07-25,060,PEDERNALES,PEDERNALES,INDRHI,EMCO,,,0.0,https://indomet.gob.do/wp-content/uploads/2024/08/temperaturas-extremas-y-precipitaciones-2024x07x25-a.pdf
2024-07-25,061,PERALTA,AZUA,HOSP. MPAL. DE PERALTA,EMCO,34.0,19.0,0.0,https://indomet.gob.do/wp-content/uploads/2024/08/temperaturas-extremas-y-precipitaciones-2024x07x25-a.pdf
2024-07-25,062,PESCADERIA (EMA),BARAHONA,MINISTERIO DE AGRICULTURA,EMAP,33.6,25.3,0.0,https://indomet.gob.do/wp-content/uploads/2024/08/temperaturas-extremas-y-precipitaciones-2024x07x25-a.pdf
2024-07-25,063,PRESA DE TAVERAS (EMA),LA VEGA,PROGRAMA MUNDIAL DE ALIMENTO,EMAP,30.2,24.7,0.0,https://indomet.gob.do/wp-content/uploads/2024/08/temperaturas-extremas-y-precipitaciones-2024x07x25-a.pdf
2024-07-25,064,RÍO SAN JUAN,MARÍA TRINIDAD SÁNCHEZ,HOSP. MPAL. DR. DESIDERIO ACOSTA,EMCV,33.7,26.2,0.0,https://indomet.gob.do/wp-content/uploads/2024/08/temperaturas-extremas-y-precipitaciones-2024x07x25-a.pdf
2024-07-25,065,SABANETA (EMA),SANTIAGO RODRÍGUEZ,PROGRAMA MUNDIAL DE ALIMENTO,EMAP,36.9,24.0,0.0,https://indomet.gob.do/wp-content/uploads/2024/08/temperaturas-extremas-y-precipitaciones-2024x07x25-a.pdf
2024-07-25,066,SALCEDO,HERMANAS MIRABAL,PROPIEDAD DEL EMPLEADO,EMCO,,,0.0,https://indomet.gob.do/wp-content/uploads/2024/08/temperaturas-extremas-y-precipitaciones-2024x07x25-a.pdf
2024-07-25,067,SAMANÁ,SAMANÁ,COMANDANCIA DE PUERTO DE SAMANÁ,EMCO,32.9,25.0,0.0,https://indomet.gob.do/wp-content/uploads/2024/08/temperaturas-extremas-y-precipitaciones-2024x07x25-a.pdf
2024-07-25,068,SAN CRISTÓBAL,SAN CRISTÓBAL,INSTITUTO POLITÉCNICO LOYOLA,EMCO,32.1,28.0,0.0,https://indomet.gob.do/wp-content/uploads/2024/08/temperaturas-extremas-y-precipitaciones-2024x07x25-a.pdf
2024-07-25,069,SAN JOSÉ DE OCOA,SAN JOSÉ DE OCOA,HOSP. SAN JOSÉ DE OCOA,EMCO,30.5,25.0,0.0,https://indomet.gob.do/wp-content/uploads/2024/08/temperaturas-extremas-y-precipitaciones-2024x07x25-a.pdf
2024-07-25,070,SAN RAFAEL DEL YUMA,LA ALTAGRACIA,MINISTERIO DE AGRICULTURA,EMCO,33.8,26.0,0.0,https://indomet.gob.do/wp-content/uploads/2024/08/temperaturas-extremas-y-precipitaciones-2024x07x25-a.pdf
2024-07-25,071,SÁNCHEZ,SAMANÁ,MINISTERIO DE AGRICULTURA,EMCO,31.3,26.5,0.0,https://indomet.gob.do/wp-content/uploads/2024/08/temperaturas-extremas-y-precipitaciones-2024x07x25-a.pdf
2024-07-25,072,SANTO DOMINGO ESTE,SANTO DOMINGO,ONAMET,EMCO,33.5,26.0,0.0,https://indomet.gob.do/wp-content/uploads/2024/08/temperaturas-extremas-y-precipitaciones-2024x07x25-a.pdf
2024-07-25,073,TÁBARA ABAJO,AZUA,INDRHI,EMCO,35.8,20.5,0.0,https://indomet.gob.do/wp-content/uploads/2024/08/temperaturas-extremas-y-precipitaciones-2024x07x25-a.pdf
2024-07-25,074,TAMBORIL,SANTIAGO,MINISTERIO DE AGRICULTURA,EMCV,,,0.0,https://indomet.gob.do/wp-content/uploads/2024/08/temperaturas-extremas-y-precipitaciones-2024x07x25-a.pdf
2024-07-25,075,VALLE NUEVO (EMA),LA VEGA,MARENA,EMAO,20.4,12.8,0.0,https://indomet.gob.do/wp-content/uploads/2024/08/temperaturas-extremas-y-precipitaciones-2024x07x25-a.pdf
2024-07-25,076,VILLA GONZALES,SANTIAGO,MINISTERIO DE AGRICULTURA,EMCO,,,0.0,https://indomet.gob.do/wp-content/uploads/2024/08/temperaturas-extremas-y-precipitaciones-2024x07x25-a.pdf
2024-07-25,077,VILLA ISABELA,PUERTO PLATA,MINISTERIO DE AGRICULTURA,EMCV,,,0.0,https://indomet.gob.do/wp-content/uploads/2024/08/temperaturas-extremas-y-precipitaciones-2024x07x25-a.pdf
2024-07-26,001,MONCIÓN,SANTIAGO RODRÍGUEZ,HOSP. MPAL. MONCIÓN,EMCV,32.4,22.6,9.2,https://indomet.gob.do/wp-content/uploads/2024/08/temperaturas-extremas-y-precipitaciones-2024x07x26-b.pdf
2024-07-26,002,CENTRO DE LOS HEROES (EMA),DISTRITO NACIONAL,MINISTERIO DE ENERGIA Y MINA,EMAP,33.4,28.1,0.8,https://indomet.gob.do/wp-content/uploads/2024/08/temperaturas-extremas-y-precipitaciones-2024x07x26-b.pdf
2024-07-26,003,ANAMUYA (EMA),LA ALTAGRACIA,MINISTERIO DE AGRICULTURA,EMAP,33.5,26.8,0.4,https://indomet.gob.do/wp-content/uploads/2024/08/temperaturas-extremas-y-precipitaciones-2024x07x26-b.pdf
2024-07-26,004,JUMA BEJUCAL,MONSEÑOR NOUEL,IDIAF,EMCV,33.4,23.8,0.4,https://indomet.gob.do/wp-content/uploads/2024/08/temperaturas-extremas-y-precipitaciones-2024x07x26-b.pdf
2024-07-26,005,SAMANÁ,SAMANÁ,COMANDANCIA DE PUERTO DE SAMANÁ,EMCO,34.0,26.5,0.4,https://indomet.gob.do/wp-content/uploads/2024/08/temperaturas-extremas-y-precipitaciones-2024x07x26-b.pdf
2024-07-26,006,BONAO,MONSEÑOR NOUEL,MINISTERIO DE AGRICULTURA,EMCV,,,0.3,https://indomet.gob.do/wp-content/uploads/2024/08/temperaturas-extremas-y-precipitaciones-2024x07x26-b.pdf
2024-07-26,007,POLO,BARAHONA,INDOCAFE,EMCO,30.5,20.0,0.1,https://indomet.gob.do/wp-content/uploads/2024/08/temperaturas-extremas-y-precipitaciones-2024x07x26-b.pdf
2024-07-26,008,ALTAMIRA,PUERTO PLATA,HOSP. MPAL. DE ALTAMIRA,EMCO,32.7,23.2,0.0,https://indomet.gob.do/wp-content/uploads/2024/08/temperaturas-extremas-y-precipitaciones-2024x07x26-b.pdf
2024-07-26,009,ARPT. ARROYO BARRIL,SAMANÁ,ONAMET,EMCO,33.0,24.4,0.0,https://indomet.gob.do/wp-content/uploads/2024/08/temperaturas-extremas-y-precipitaciones-2024x07x26-b.pdf
2024-07-26,010,ARPT. DE LA ROMANA,LA ROMANA,ONAMET,EMCO,33.6,25.0,0.0,https://indomet.gob.do/wp-content/uploads/2024/08/temperaturas-extremas-y-precipitaciones-2024x07x26-b.pdf
2024-07-26,011,ARPT. DE LAS AMÉRICAS,SANTO DOMINGO,ONAMET,EMCO,33.5,25.5,0.0,https://indomet.gob.do/wp-content/uploads/2024/08/temperaturas-extremas-y-precipitaciones-2024x07x26-b.pdf
2024-07-26,012,ARPT. DE PUNTA CANA,LA ALTAGRACIA,ONAMET,EMCO,32.3,25.5,0.0,https://indomet.gob.do/wp-content/uploads/2024/08/temperaturas-extremas-y-precipitaciones-2024x07x26-b.pdf
2024-07-26,013,ARPT. DEL CIBAO,SANTIAGO,ONAMET,EMCO,33.7,24.0,0.0,https://indomet.gob.do/wp-content/uploads/2024/08/temperaturas-extremas-y-precipitaciones-2024x07x26-b.pdf
2024-07-26,014,ARPT. EL CATEY,SAMANÁ,ONAMET,EMCO,33.6,23.8,0.0,https://indomet.gob.do/wp-content/uploads/2024/08/temperaturas-extremas-y-precipitaciones-2024x07x26-b.pdf
2024-07-26,015,ARPT. GREGORIO LUPERÓN,PUERTO PLATA,ONAMET,EMCO,33.0,24.5,0.0,https://indomet.gob.do/wp-content/uploads/2024/08/temperaturas-extremas-y-precipitaciones-2024x07x26-b.pdf
2024-07-26,016,ARPT. LA ISABELA,SANTO DOMINGO,ONAMET,EMCO,34.5,25.0,0.0,https://indomet.gob.do/wp-content/uploads/2024/08/temperaturas-extremas-y-precipitaciones-2024x07x26-b.pdf
2024-07-26,017,ARPT. MARÍA MONTEZ,BARAHONA,ONAMET,EMCO,34.1,25.0,0.0,https://indomet.gob.do/wp-content/uploads/2024/08/temperaturas-extremas-y-precipitaciones-2024x07x26-b.pdf
2024-07-26,018,ARROYO LORO,SAN JUAN,IDIAF,EMCO,34.5,21.6,0.0,https://indomet.gob.do/wp-content/uploads/2024/08/temperaturas-extremas-y-precipitaciones-2024x07x26-b.pdf
2024-07-26,019,BAYAGUANA,MONTE PLATA,ONAMET,EMCO,34.8,24.6,0.0,https://indomet.gob.do/wp-content/uploads/2024/08/temperaturas-extremas-y-precipitaciones-2024x07x26-b.pdf
2024-07-26,020,BOCA DE MAO (EMA),VALVERDE,MINISTERIO DE AGRICULTURA,EMAP,35.2,26.7,0.0,https://indomet.gob.do/wp-content/uploads/2024/08/temperaturas-extremas-y-precipitaciones-2024x07x26-b.pdf
2024-07-26,021,CONSTANZA,LA VEGA,MINISTERIO DE AGRICULTURA,EMCO,28.4,16.6,0.0,https://indomet.gob.do/wp-content/uploads/2024/08/temperaturas-extremas-y-precipitaciones-2024x07x26-b.pdf
2024-07-26,022,DAJABÓN,DAJABÓN,INSTITUTO POLITÉCNICO LOYOLA,EMCO,31.5,19.0,0.0,https://indomet.gob.do/wp-content/uploads/2024/08/temperaturas-extremas-y-precipitaciones-2024x07x26-b.pdf
2024-07-26,023,EL FACTOR (EMA),MARÍA TRINIDAD SÁNCHEZ,INTEC,EMAP,35.7,25.8,0.0,https://indomet.gob.do/wp-content/uploads/2024/08/temperaturas-extremas-y-precipitaciones-2024x07x26-b.pdf
2024-07-26,024,ENRIQUILLO,BARAHONA,MINISTERIO DE AGRICULTURA,EMCV,33.0,28.0,0.0,https://indomet.gob.do/wp-content/uploads/2024/08/temperaturas-extremas-y-precipitaciones-2024x07x26-b.pdf
2024-07-26,025,HATO MAYOR,HATO MAYOR,MINISTERIO DE AGRICULTURA,EMCV,,,0.0,https://indomet.gob.do/wp-content/uploads/2024/08/temperaturas-extremas-y-precipitaciones-2024x07x26-b.pdf
2024-07-26,026,HONDO VALLE,ELÍAS PIÑA,MINISTERIO DE AGRICULTURA,EMCO,28.8,18.9,0.0,https://indomet.gob.do/wp-content/uploads/2024/08/temperaturas-extremas-y-precipitaciones-2024x07x26-b.pdf
2024-07-26,027,JARABACOA,LA VEGA,INDRHI / MARENA,EMCO,32.8,19.0,0.0,https://indomet.gob.do/wp-content/uploads/2024/08/temperaturas-extremas-y-precipitaciones-2024x07x26-b.pdf
2024-07-26,028,JIMANÍ,INDEPENDENCIA,MINISTERIO DE AGRICULTURA,EMCO,36.4,27.0,0.0,https://indomet.gob.do/wp-content/uploads/2024/08/temperaturas-extremas-y-precipitaciones-2024x07x26-b.pdf
2024-07-26,029,LA VEGA,LA VEGA,IATESA,EMCO,34.0,25.5,0.0,https://indomet.gob.do/wp-content/uploads/2024/08/temperaturas-extremas-y-precipitaciones-2024x07x26-b.pdf
2024-07-26,030,LA VICTORIA,SANTO DOMINGO,CUERPO DE BOMBEROS,EMCO,33.2,25.7,0.0,https://indomet.gob.do/wp-content/uploads/2024/08/temperaturas-extremas-y-precipitaciones-2024x07x26-b.pdf
2024-07-26,031,LAS CANAS (EMA),MONTE CRISTI,PROGRAMA MUNDIAL DE ALIMENTO,EMAP,32.2,25.3,0.0,https://indomet.gob.do/wp-content/uploads/2024/08/temperaturas-extremas-y-precipitaciones-2024x07x26-b.pdf
2024-07-26,032,LAS MATAS DE SANTA CRUZ (EMA,MONTE CRISTI,PROGRAMA MUNDIAL DE ALIMENTO,EMAP,,,0.0,https://indomet.gob.do/wp-content/uploads/2024/08/temperaturas-extremas-y-precipitaciones-2024x07x26-b.pdf
2024-07-26,033,LOS TRES CHARCOS (EMA),PEDERNALES,PROPIEDAD DEL VOLUNTARIO,EMAP,31.9,26.9,0.0,https://indomet.gob.do/wp-content/uploads/2024/08/temperaturas-extremas-y-precipitaciones-2024x07x26-b.pdf
2024-07-26,034,MATA LARGA (EMA),DUARTE,MINISTERIO DE AGRICULTURA,EMAP,33.8,25.4,0.0,https://indomet.gob.do/wp-content/uploads/2024/08/temperaturas-extremas-y-precipitaciones-2024x07x26-b.pdf
2024-07-26,035,MONTE CRISTI,MONTE CRISTI,ONAMET,EMCO,37.0,26.5,0.0,https://indomet.gob.do/wp-content/uploads/2024/08/temperaturas-extremas-y-precipitaciones-2024x07x26-b.pdf
2024-07-26,036,OLIVARES,PEDERNALES,INDRHI,EMCO,,,0.0,https://indomet.gob.do/wp-content/uploads/2024/08/temperaturas-extremas-y-precipitaciones-2024x07x26-b.pdf
2024-07-26,037,PADRE LAS CASAS,AZUA,HOSP. NTRA. SRA. DEL CARMEN,EMCO,33.0,22.7,0.0,https://indomet.gob.do/wp-content/uploads/2024/08/temperaturas-extremas-y-precipitaciones-2024x07x26-b.pdf
2024-07-26,038,PALMAR ABAJO (EMA),SANTIAGO,MINISTERIO DE AGRICULTURA,EMAP,33.5,26.2,0.0,https://indomet.gob.do/wp-content/uploads/2024/08/temperaturas-extremas-y-precipitaciones-2024x07x26-b.pdf
2024-07-26,039,PEDERNALES,PEDERNALES,INDRHI,EMCO,,,0.0,https://indomet.gob.do/wp-content/uploads/2024/08/temperaturas-extremas-y-precipitaciones-2024x07x26-b.pdf
2024-07-26,040,PERALTA,AZUA,HOSP. MPAL. DE PERALTA,EMCO,35.5,20.0,0.0,https://indomet.gob.do/wp-content/uploads/2024/08/temperaturas-extremas-y-precipitaciones-2024x07x26-b.pdf
2024-07-26,041,PRESA DE TAVERAS (EMA),LA VEGA,PROGRAMA MUNDIAL DE ALIMENTO,EMAP,31.1,24.8,0.0,https://indomet.gob.do/wp-content/uploads/2024/08/temperaturas-extremas-y-precipitaciones-2024x07x26-b.pdf
2024-07-26,042,RANCHO ARRIBA,SAN JOSÉ DE OCOA,CENTRO TECNOLÓGICO COMUNITARIO,EMCO,31.1,20.0,0.0,https://indomet.gob.do/wp-content/uploads/2024/08/temperaturas-extremas-y-precipitaciones-2024x07x26-b.pdf
2024-07-26,043,RESTAURACIÓN,DAJABÓN,MINISTERIO DE AGRICULTURA,EMCO,34.2,17.1,0.0,https://indomet.gob.do/wp-content/uploads/2024/08/temperaturas-extremas-y-precipitaciones-2024x07x26-b.pdf
2024-07-26,044,RÍO SAN JUAN,MARÍA TRINIDAD SÁNCHEZ,HOSP. MPAL. DR. DESIDERIO ACOSTA,EMCV,33.2,26.3,0.0,https://indomet.gob.do/wp-content/uploads/2024/08/temperaturas-extremas-y-precipitaciones-2024x07x26-b.pdf
2024-07-26,045,SABANA DE LA MAR,HATO MAYOR,ONAMET,EMCO,32.5,24.5,0.0,https://indomet.gob.do/wp-content/uploads/2024/08/temperaturas-extremas-y-precipitaciones-2024x07x26-b.pdf
2024-07-26,046,SALCEDO,HERMANAS MIRABAL,PROPIEDAD DEL EMPLEADO,EMCO,,,0.0,https://indomet.gob.do/wp-content/uploads/2024/08/temperaturas-extremas-y-precipitaciones-2024x07x26-b.pdf
2024-07-26,047,SAN JOSÉ DE OCOA,SAN JOSÉ DE OCOA,HOSP. SAN JOSÉ DE OCOA,EMCO,32.5,24.0,0.0,https://indomet.gob.do/wp-content/uploads/2024/08/temperaturas-extremas-y-precipitaciones-2024x07x26-b.pdf
2024-07-26,048,SÁNCHEZ,SAMANÁ,MINISTERIO DE AGRICULTURA,EMCO,31.8,25.6,0.0,https://indomet.gob.do/wp-content/uploads/2024/08/temperaturas-extremas-y-precipitaciones-2024x07x26-b.pdf
2024-07-26,049,SANTIAGO RODRÍGUEZ,SANTIAGO RODRÍGUEZ,ONAMET,EMCO,35.5,25.0,0.0,https://indomet.gob.do/wp-content/uploads/2024/08/temperaturas-extremas-y-precipitaciones-2024x07x26-b.pdf
2024-07-26,050,SANTO DOMINGO ESTE,SANTO DOMINGO,ONAMET,EMCO,34.6,26.8,0.0,https://indomet.gob.do/wp-content/uploads/2024/08/temperaturas-extremas-y-precipitaciones-2024x07x26-b.pdf
2024-07-26,051,TÁBARA ABAJO,AZUA,INDRHI,EMCO,35.6,24.5,0.0,https://indomet.gob.do/wp-content/uploads/2024/08/temperaturas-extremas-y-precipitaciones-2024x07x26-b.pdf
2024-07-26,052,TAMBORIL,SANTIAGO,MINISTERIO DE AGRICULTURA,EMCV,,,0.0,https://indomet.gob.do/wp-content/uploads/2024/08/temperaturas-extremas-y-precipitaciones-2024x07x26-b.pdf
2024-07-26,053,VALLE NUEVO (EMA),LA VEGA,MARENA,EMAO,20.0,12.0,0.0,https://indomet.gob.do/wp-content/uploads/2024/08/temperaturas-extremas-y-precipitaciones-2024x07x26-b.pdf
2024-07-26,054,VILLA GONZALES,SANTIAGO,MINISTERIO DE AGRICULTURA,EMCO,,,0.0,https://indomet.gob.do/wp-content/uploads/2024/08/temperaturas-extremas-y-precipitaciones-2024x07x26-b.pdf
2024-07-26,055,VILLA ISABELA,PUERTO PLATA,MINISTERIO DE AGRICULTURA,EMCV,,,0.0,https://indomet.gob.do/wp-content/uploads/2024/08/temperaturas-extremas-y-precipitaciones-2024x07x26-b.pdf
2024-07-26,056,VILLA RIVA,DUARTE,HOSP. MPAL. ALICIA DE LEGENDRE,EMCO,34.2,26.5,0.0,https://indomet.gob.do/wp-content/uploads/2024/08/temperaturas-extremas-y-precipitaciones-2024x07x26-b.pdf
2024-07-26,057,VILLA VÁSQUEZ,MONTE CRISTI,PROPIEDAD DEL EMPLEADO,EMCO,36.5,20.8,0.0,https://indomet.gob.do/wp-content/uploads/2024/08/temperaturas-extremas-y-precipitaciones-2024x07x26-b.pdf
2024-07-26,058,PESCADERIA (EMA),BARAHONA,MINISTERIO DE AGRICULTURA,EMAP,34.9,26.9,0.0,https://indomet.gob.do/wp-content/uploads/2024/08/temperaturas-extremas-y-precipitaciones-2024x07x26-b.pdf
2024-07-26,059,SABANETA (EMA),SANTIAGO RODRÍGUEZ,PROGRAMA MUNDIAL DE ALIMENTO,EMAP,35.3,24.8,0.0,https://indomet.gob.do/wp-content/uploads/2024/08/temperaturas-extremas-y-precipitaciones-2024x07x26-b.pdf
2024-07-27,001,DAJABÓN,DAJABÓN,INSTITUTO POLITÉCNICO LOYOLA,EMCO,30.0,20.1,9.1,https://indomet.gob.do/wp-content/uploads/2024/08/temperaturas-extremas-y-precipitaciones-2024x07x27-a.pdf
2024-07-27,002,CABRERA,MARÍA TRINIDAD SÁNCHEZ,ESCUELA ARÍSTIDES FIALLO CABRAL,EMCO,34.2,27.4,5.0,https://indomet.gob.do/wp-content/uploads/2024/08/temperaturas-extremas-y-precipitaciones-2024x07x27-a.pdf
2024-07-27,003,LOS LLANOS,SAN PEDRO DE MACORÍS,MINISTERIO DE AGRICULTURA,EMCO,35.1,22.3,4.0,https://indomet.gob.do/wp-content/uploads/2024/08/temperaturas-extremas-y-precipitaciones-2024x07x27-a.pdf
2024-07-27,004,SABANA DE LA MAR,HATO MAYOR,ONAMET,EMCO,32.5,24.5,1.0,https://indomet.gob.do/wp-content/uploads/2024/08/temperaturas-extremas-y-precipitaciones-2024x07x27-a.pdf
2024-07-27,005,SAMANÁ,SAMANÁ,COMANDANCIA DE PUERTO DE SAMANÁ,EMCO,34.5,24.6,0.6,https://indomet.gob.do/wp-content/uploads/2024/08/temperaturas-extremas-y-precipitaciones-2024x07x27-a.pdf
2024-07-27,006,SABANA GRANDE DE BOYÁ,MONTE PLATA,MINISTERIO DE AGRICULTURA,EMCV,,,0.1,https://indomet.gob.do/wp-content/uploads/2024/08/temperaturas-extremas-y-precipitaciones-2024x07x27-a.pdf
2024-07-27,007,ALTAMIRA,PUERTO PLATA,HOSP. MPAL. DE ALTAMIRA,EMCO,34.2,22.4,0.0,https://indomet.gob.do/wp-content/uploads/2024/08/temperaturas-extremas-y-precipitaciones-2024x07x27-a.pdf
2024-07-27,008,ANAMUYA (EMA),LA ALTAGRACIA,MINISTERIO DE AGRICULTURA,EMAP,33.8,25.6,0.0,https://indomet.gob.do/wp-content/uploads/2024/08/temperaturas-extremas-y-precipitaciones-2024x07x27-a.pdf
2024-07-27,009,ARPT. ARROYO BARRIL,SAMANÁ,ONAMET,EMCO,33.3,24.0,0.0,https://indomet.gob.do/wp-content/uploads/2024/08/temperaturas-extremas-y-precipitaciones-2024x07x27-a.pdf
2024-07-27,010,ARPT. DE LA ROMANA,LA ROMANA,ONAMET,EMCO,33.7,23.0,0.0,https://indomet.gob.do/wp-content/uploads/2024/08/temperaturas-extremas-y-precipitaciones-2024x07x27-a.pdf
2024-07-27,011,ARPT. DE LAS AMÉRICAS,SANTO DOMINGO,ONAMET,EMCO,33.8,25.2,0.0,https://indomet.gob.do/wp-content/uploads/2024/08/temperaturas-extremas-y-precipitaciones-2024x07x27-a.pdf
2024-07-27,012,ARPT. DE PUNTA CANA,LA ALTAGRACIA,ONAMET,EMCO,32.5,25.6,0.0,https://indomet.gob.do/wp-content/uploads/2024/08/temperaturas-extremas-y-precipitaciones-2024x07x27-a.pdf
2024-07-27,013,ARPT. DEL CIBAO,SANTIAGO,ONAMET,EMCO,34.3,24.6,0.0,https://indomet.gob.do/wp-content/uploads/2024/08/temperaturas-extremas-y-precipitaciones-2024x07x27-a.pdf
2024-07-27,014,ARPT. EL CATEY,SAMANÁ,ONAMET,EMCO,32.6,26.0,0.0,https://indomet.gob.do/wp-content/uploads/2024/08/temperaturas-extremas-y-precipitaciones-2024x07x27-a.pdf
2024-07-27,015,ARPT. GREGORIO LUPERÓN,PUERTO PLATA,ONAMET,EMCO,33.0,25.0,0.0,https://indomet.gob.do/wp-content/uploads/2024/08/temperaturas-extremas-y-precipitaciones-2024x07x27-a.pdf
2024-07-27,016,ARPT. LA ISABELA,SANTO DOMINGO,ONAMET,EMCO,34.0,24.5,0.0,https://indomet.gob.do/wp-content/uploads/2024/08/temperaturas-extremas-y-precipitaciones-2024x07x27-a.pdf
2024-07-27,017,ARPT. MARÍA MONTEZ,BARAHONA,ONAMET,EMCO,34.3,26.1,0.0,https://indomet.gob.do/wp-content/uploads/2024/08/temperaturas-extremas-y-precipitaciones-2024x07x27-a.pdf
2024-07-27,018,ARROYO LORO,SAN JUAN,IDIAF,EMCO,34.8,19.6,0.0,https://indomet.gob.do/wp-content/uploads/2024/08/temperaturas-extremas-y-precipitaciones-2024x07x27-a.pdf
2024-07-27,019,BAYAGUANA,MONTE PLATA,ONAMET,EMCO,35.2,23.9,0.0,https://indomet.gob.do/wp-content/uploads/2024/08/temperaturas-extremas-y-precipitaciones-2024x07x27-a.pdf
2024-07-27,020,BAYAHONDO (EMA),SAN JUAN,MINISTERIO DE AGRICULTURA,EMAP,,,0.0,https://indomet.gob.do/wp-content/uploads/2024/08/temperaturas-extremas-y-precipitaciones-2024x07x27-a.pdf
2024-07-27,021,BONAO,MONSEÑOR NOUEL,MINISTERIO DE AGRICULTURA,EMCV,,,0.0,https://indomet.gob.do/wp-content/uploads/2024/08/temperaturas-extremas-y-precipitaciones-2024x07x27-a.pdf
2024-07-27,022,CABRAL,BARAHONA,MINISTERIO DE AGRICULTURA,EMCV,36.0,24.3,0.0,https://indomet.gob.do/wp-content/uploads/2024/08/temperaturas-extremas-y-precipitaciones-2024x07x27-a.pdf
2024-07-27,023,CENTRO DE LOS HEROES (EMA),DISTRITO NACIONAL,MINISTERIO DE ENERGIA Y MINA,EMAP,32.1,27.4,0.0,https://indomet.gob.do/wp-content/uploads/2024/08/temperaturas-extremas-y-precipitaciones-2024x07x27-a.pdf
2024-07-27,024,CONSTANZA,LA VEGA,MINISTERIO DE AGRICULTURA,EMCO,27.7,15.7,0.0,https://indomet.gob.do/wp-content/uploads/2024/08/temperaturas-extremas-y-precipitaciones-2024x07x27-a.pdf
2024-07-27,025,CONSTANZA (EMA),LA VEGA,PROGRAMA MUNDIAL DE ALIMENTO,EMAP,27.6,15.8,0.0,https://indomet.gob.do/wp-content/uploads/2024/08/temperaturas-extremas-y-precipitaciones-2024x07x27-a.pdf
2024-07-27,026,EL FACTOR (EMA),MARÍA TRINIDAD SÁNCHEZ,INTEC,EMAP,35.6,24.7,0.0,https://indomet.gob.do/wp-content/uploads/2024/08/temperaturas-extremas-y-precipitaciones-2024x07x27-a.pdf
2024-07-27,027,ENRIQUILLO,BARAHONA,MINISTERIO DE AGRICULTURA,EMCV,34.0,27.7,0.0,https://indomet.gob.do/wp-content/uploads/2024/08/temperaturas-extremas-y-precipitaciones-2024x07x27-a.pdf
2024-07-27,028,ESCONDIDO,PERAVIA,MINISTERIO DE AGRICULTURA,EMCV,35.0,26.0,0.0,https://indomet.gob.do/wp-content/uploads/2024/08/temperaturas-extremas-y-precipitaciones-2024x07x27-a.pdf
2024-07-27,029,GASPAR HERNÁNDEZ,ESPAILLAT,PROPIEDAD DEL EMPLEADO,EMCO,,,0.0,https://indomet.gob.do/wp-content/uploads/2024/08/temperaturas-extremas-y-precipitaciones-2024x07x27-a.pdf
2024-07-27,030,HATO MAYOR,HATO MAYOR,MINISTERIO DE AGRICULTURA,EMCV,,,0.0,https://indomet.gob.do/wp-content/uploads/2024/08/temperaturas-extremas-y-precipitaciones-2024x07x27-a.pdf
2024-07-27,031,JARABACOA,LA VEGA,INDRHI / MARENA,EMCO,33.0,18.6,0.0,https://indomet.gob.do/wp-content/uploads/2024/08/temperaturas-extremas-y-precipitaciones-2024x07x27-a.pdf
2024-07-27,032,JARABACOA (EMA),LA VEGA,PROGRAMA MUNDIAL DE ALIMENTO,EMAP,32.3,20.2,0.0,https://indomet.gob.do/wp-content/uploads/2024/08/temperaturas-extremas-y-precipitaciones-2024x07x27-a.pdf
2024-07-27,033,JIMANÍ,INDEPENDENCIA,MINISTERIO DE AGRICULTURA,EMCO,36.6,27.2,0.0,https://indomet.gob.do/wp-content/uploads/2024/08/temperaturas-extremas-y-precipitaciones-2024x07x27-a.pdf
2024-07-27,034,JUMA BEJUCAL,MONSEÑOR NOUEL,IDIAF,EMCV,34.6,24.2,0.0,https://indomet.gob.do/wp-content/uploads/2024/08/temperaturas-extremas-y-precipitaciones-2024x07x27-a.pdf
2024-07-27,035,LA VEGA,LA VEGA,IATESA,EMCO,34.5,24.4,0.0,https://indomet.gob.do/wp-content/uploads/2024/08/temperaturas-extremas-y-precipitaciones-2024x07x27-a.pdf
2024-07-27,036,LA VICTORIA,SANTO DOMINGO,CUERPO DE BOMBEROS,EMCO,35.5,24.5,0.0,https://indomet.gob.do/wp-content/uploads/2024/08/temperaturas-extremas-y-precipitaciones-2024x07x27-a.pdf
2024-07-27,037,LAS CANAS (EMA),MONTE CRISTI,PROGRAMA MUNDIAL DE ALIMENTO,EMAP,31.1,24.9,0.0,https://indomet.gob.do/wp-content/uploads/2024/08/temperaturas-extremas-y-precipitaciones-2024x07x27-a.pdf
2024-07-27,038,LAS MATAS DE SANTA CRUZ (EMA,MONTE CRISTI,PROGRAMA MUNDIAL DE ALIMENTO,EMAP,,,0.0,https://indomet.gob.do/wp-content/uploads/2024/08/temperaturas-extremas-y-precipitaciones-2024x07x27-a.pdf
2024-07-27,039,LOS TRES CHARCOS (EMA),PEDERNALES,PROPIEDAD DEL VOLUNTARIO,EMAP,32.3,25.1,0.0,https://indomet.gob.do/wp-content/uploads/2024/08/temperaturas-extremas-y-precipitaciones-2024x07x27-a.pdf
2024-07-27,040,MAO,VALVERDE,INDRHI / MINISTERIO DE AGRICULTURA,EMCV,,,0.0,https://indomet.gob.do/wp-content/uploads/2024/08/temperaturas-extremas-y-precipitaciones-2024x07x27-a.pdf
2024-07-27,041,MATA LARGA (EMA),DUARTE,MINISTERIO DE AGRICULTURA,EMAP,34.4,24.0,0.0,https://indomet.gob.do/wp-content/uploads/2024/08/temperaturas-extremas-y-precipitaciones-2024x07x27-a.pdf
2024-07-27,042,MONCIÓN (EMA),SANTIAGO RODRÍGUEZ,PROGRAMA MUNDIAL DE ALIMENTO,EMAP,33.6,21.4,0.0,https://indomet.gob.do/wp-content/uploads/2024/08/temperaturas-extremas-y-precipitaciones-2024x07x27-a.pdf
2024-07-27,043,MONTE CRISTI,MONTE CRISTI,ONAMET,EMCO,35.4,26.0,0.0,https://indomet.gob.do/wp-content/uploads/2024/08/temperaturas-extremas-y-precipitaciones-2024x07x27-a.pdf
2024-07-27,044,NAVARRETE,SANTIAGO,MINISTERIO DE AGRICULTURA,EMCV,,,0.0,https://indomet.gob.do/wp-content/uploads/2024/08/temperaturas-extremas-y-precipitaciones-2024x07x27-a.pdf
2024-07-27,045,OLIVARES,PEDERNALES,INDRHI,EMCO,,,0.0,https://indomet.gob.do/wp-content/uploads/2024/08/temperaturas-extremas-y-precipitaciones-2024x07x27-a.pdf
2024-07-27,046,PADRE LAS CASAS,AZUA,HOSP. NTRA. SRA. DEL CARMEN,EMCO,31.0,21.5,0.0,https://indomet.gob.do/wp-content/uploads/2024/08/temperaturas-extremas-y-precipitaciones-2024x07x27-a.pdf
2024-07-27,047,PALMAR ABAJO (EMA),SANTIAGO,MINISTERIO DE AGRICULTURA,EMAP,35.7,24.7,0.0,https://indomet.gob.do/wp-content/uploads/2024/08/temperaturas-extremas-y-precipitaciones-2024x07x27-a.pdf
2024-07-27,048,PEDERNALES,PEDERNALES,INDRHI,EMCO,,,0.0,https://indomet.gob.do/wp-content/uploads/2024/08/temperaturas-extremas-y-precipitaciones-2024x07x27-a.pdf
2024-07-27,049,PERALTA,AZUA,HOSP. MPAL. DE PERALTA,EMCO,35.1,21.5,0.0,https://indomet.gob.do/wp-content/uploads/2024/08/temperaturas-extremas-y-precipitaciones-2024x07x27-a.pdf
2024-07-27,050,PESCADERIA (EMA),BARAHONA,MINISTERIO DE AGRICULTURA,EMAP,35.1,24.8,0.0,https://indomet.gob.do/wp-content/uploads/2024/08/temperaturas-extremas-y-precipitaciones-2024x07x27-a.pdf
2024-07-27,051,POLO,BARAHONA,INDOCAFE,EMCO,30.0,21.3,0.0,https://indomet.gob.do/wp-content/uploads/2024/08/temperaturas-extremas-y-precipitaciones-2024x07x27-a.pdf
2024-07-27,052,PONTÓN ABAJO (EMA),LA VEGA,MINISTERIO DE AGRICULTURA,EMAP,34.7,25.3,0.0,https://indomet.gob.do/wp-content/uploads/2024/08/temperaturas-extremas-y-precipitaciones-2024x07x27-a.pdf
2024-07-27,053,PRESA DE TAVERAS (EMA),LA VEGA,PROGRAMA MUNDIAL DE ALIMENTO,EMAP,31.7,23.2,0.0,https://indomet.gob.do/wp-content/uploads/2024/08/temperaturas-extremas-y-precipitaciones-2024x07x27-a.pdf
2024-07-27,054,RANCHO ARRIBA,SAN JOSÉ DE OCOA,CENTRO TECNOLÓGICO COMUNITARIO,EMCO,32.0,18.9,0.0,https://indomet.gob.do/wp-content/uploads/2024/08/temperaturas-extremas-y-precipitaciones-2024x07x27-a.pdf
2024-07-27,055,RESTAURACIÓN,DAJABÓN,MINISTERIO DE AGRICULTURA,EMCO,33.9,16.7,0.0,https://indomet.gob.do/wp-content/uploads/2024/08/temperaturas-extremas-y-precipitaciones-2024x07x27-a.pdf
2024-07-27,056,RÍO SAN JUAN,MARÍA TRINIDAD SÁNCHEZ,HOSP. MPAL. DR. DESIDERIO ACOSTA,EMCV,34.3,25.0,0.0,https://indomet.gob.do/wp-content/uploads/2024/08/temperaturas-extremas-y-precipitaciones-2024x07x27-a.pdf
2024-07-27,057,SABANETA (EMA),SANTIAGO RODRÍGUEZ,PROGRAMA MUNDIAL DE ALIMENTO,EMAP,37.3,23.6,0.0,https://indomet.gob.do/wp-content/uploads/2024/08/temperaturas-extremas-y-precipitaciones-2024x07x27-a.pdf
2024-07-27,058,SALCEDO,HERMANAS MIRABAL,PROPIEDAD DEL EMPLEADO,EMCO,,,0.0,https://indomet.gob.do/wp-content/uploads/2024/08/temperaturas-extremas-y-precipitaciones-2024x07x27-a.pdf
2024-07-27,059,SAN CRISTÓBAL,SAN CRISTÓBAL,INSTITUTO POLITÉCNICO LOYOLA,EMCO,33.0,28.3,0.0,https://indomet.gob.do/wp-content/uploads/2024/08/temperaturas-extremas-y-precipitaciones-2024x07x27-a.pdf
2024-07-27,060,SAN JOSÉ DE OCOA,SAN JOSÉ DE OCOA,HOSP. SAN JOSÉ DE OCOA,EMCO,34.0,23.3,0.0,https://indomet.gob.do/wp-content/uploads/2024/08/temperaturas-extremas-y-precipitaciones-2024x07x27-a.pdf
2024-07-27,061,SAN RAFAEL DEL YUMA,LA ALTAGRACIA,MINISTERIO DE AGRICULTURA,EMCO,35.4,24.8,0.0,https://indomet.gob.do/wp-content/uploads/2024/08/temperaturas-extremas-y-precipitaciones-2024x07x27-a.pdf
2024-07-27,062,SÁNCHEZ,SAMANÁ,MINISTERIO DE AGRICULTURA,EMCO,34.3,25.2,0.0,https://indomet.gob.do/wp-content/uploads/2024/08/temperaturas-extremas-y-precipitaciones-2024x07x27-a.pdf
2024-07-27,063,SANTIAGO RODRÍGUEZ,SANTIAGO RODRÍGUEZ,ONAMET,EMCO,37.4,24.5,0.0,https://indomet.gob.do/wp-content/uploads/2024/08/temperaturas-extremas-y-precipitaciones-2024x07x27-a.pdf
2024-07-27,064,SANTO DOMINGO ESTE,SANTO DOMINGO,ONAMET,EMCO,33.5,27.6,0.0,https://indomet.gob.do/wp-content/uploads/2024/08/temperaturas-extremas-y-precipitaciones-2024x07x27-a.pdf
2024-07-27,065,TÁBARA ABAJO,AZUA,INDRHI,EMCO,34.5,20.8,0.0,https://indomet.gob.do/wp-content/uploads/2024/08/temperaturas-extremas-y-precipitaciones-2024x07x27-a.pdf
2024-07-27,066,VILLA ALTAGRACIA,SAN CRISTÓBAL,ESCUELA JAVIER ANGULO GURIDI,EMCO,33.8,24.1,0.0,https://indomet.gob.do/wp-content/uploads/2024/08/temperaturas-extremas-y-precipitaciones-2024x07x27-a.pdf
2024-07-27,067,VILLA GONZALES,SANTIAGO,MINISTERIO DE AGRICULTURA,EMCO,,,0.0,https://indomet.gob.do/wp-content/uploads/2024/08/temperaturas-extremas-y-precipitaciones-2024x07x27-a.pdf
2024-07-27,068,VILLA RIVA,DUARTE,HOSP. MPAL. ALICIA DE LEGENDRE,EMCO,34.9,25.6,0.0,https://indomet.gob.do/wp-content/uploads/2024/08/temperaturas-extremas-y-precipitaciones-2024x07x27-a.pdf
2024-07-27,069,VILLA VÁSQUEZ,MONTE CRISTI,PROPIEDAD DEL EMPLEADO,EMCO,37.4,21.5,0.0,https://indomet.gob.do/wp-content/uploads/2024/08/temperaturas-extremas-y-precipitaciones-2024x07x27-a.pdf
2024-07-28,001,SAN CRISTÓBAL,SAN CRISTÓBAL,INSTITUTO POLITÉCNICO LOYOLA,EMCO,33.0,27.5,17.7,https://indomet.gob.do/wp-content/uploads/2024/08/temperaturas-extremas-y-precipitaciones-2024x07x29b.pdf
2024-07-28,002,ARPT. DE LAS AMÉRICAS,SANTO DOMINGO,ONAMET,EMCO,32.6,24.6,16.4,https://indomet.gob.do/wp-content/uploads/2024/08/temperaturas-extremas-y-precipitaciones-2024x07x29b.pdf
2024-07-28,003,SANTO DOMINGO ESTE,SANTO DOMINGO,ONAMET,EMCO,34.2,26.5,15.3,https://indomet.gob.do/wp-content/uploads/2024/08/temperaturas-extremas-y-precipitaciones-2024x07x29b.pdf
2024-07-28,004,CENTRO DE LOS HEROES (EMA),DISTRITO NACIONAL,MINISTERIO DE ENERGIA Y MINA,EMAP,33.3,27.0,12.8,https://indomet.gob.do/wp-content/uploads/2024/08/temperaturas-extremas-y-precipitaciones-2024x07x29b.pdf
2024-07-28,005,PRESA DE TAVERAS (EMA),LA VEGA,PROGRAMA MUNDIAL DE ALIMENTO,EMAP,,,8.6,https://indomet.gob.do/wp-content/uploads/2024/08/temperaturas-extremas-y-precipitaciones-2024x07x29b.pdf
2024-07-28,006,TAVERA,SANTIAGO,INDRHI,EMCO,,,7.2,https://indomet.gob.do/wp-content/uploads/2024/08/temperaturas-extremas-y-precipitaciones-2024x07x29b.pdf
2024-07-28,007,SÁNCHEZ,SAMANÁ,MINISTERIO DE AGRICULTURA,EMCO,33.8,24.8,6.2,https://indomet.gob.do/wp-content/uploads/2024/08/temperaturas-extremas-y-precipitaciones-2024x07x29b.pdf
2024-07-28,008,LOS LLANOS,SAN PEDRO DE MACORÍS,MINISTERIO DE AGRICULTURA,EMCO,36.2,22.0,4.6,https://indomet.gob.do/wp-content/uploads/2024/08/temperaturas-extremas-y-precipitaciones-2024x07x29b.pdf
2024-07-28,009,ANAMUYA (EMA),LA ALTAGRACIA,MINISTERIO DE AGRICULTURA,EMAP,32.6,24.9,4.4,https://indomet.gob.do/wp-content/uploads/2024/08/temperaturas-extremas-y-precipitaciones-2024x07x29b.pdf
2024-07-28,010,GURABO,SANTIAGO,MINISTERIO DE AGRICULTURA,EMCV,,,4.1,https://indomet.gob.do/wp-content/uploads/2024/08/temperaturas-extremas-y-precipitaciones-2024x07x29b.pdf
2024-07-28,011,PARQUE MIRADOR SUR,DISTRITO NACIONAL,AYUNTAMIENTO,EMCV,30.0,26.5,3.6,https://indomet.gob.do/wp-content/uploads/2024/08/temperaturas-extremas-y-precipitaciones-2024x07x29b.pdf
2024-07-28,012,MAO,VALVERDE,INDRHI / MINISTERIO DE AGRICULTURA,EMCV,,,3.5,https://indomet.gob.do/wp-content/uploads/2024/08/temperaturas-extremas-y-precipitaciones-2024x07x29b.pdf
2024-07-28,013,SABANA DE LA MAR,HATO MAYOR,ONAMET,EMCO,32.5,23.5,3.1,https://indomet.gob.do/wp-content/uploads/2024/08/temperaturas-extremas-y-precipitaciones-2024x07x29b.pdf
2024-07-28,014,PALMAR ABAJO (EMA),SANTIAGO,MINISTERIO DE AGRICULTURA,EMAP,32.8,24.3,3.0,https://indomet.gob.do/wp-content/uploads/2024/08/temperaturas-extremas-y-precipitaciones-2024x07x29b.pdf
2024-07-28,015,LOS JENGIBRES,NAGUA,INDRHI,EMCO,,,2.9,https://indomet.gob.do/wp-content/uploads/2024/08/temperaturas-extremas-y-precipitaciones-2024x07x29b.pdf
2024-07-28,016,ARPT. DE PUNTA CANA,LA ALTAGRACIA,ONAMET,EMCO,32.5,26.0,2.5,https://indomet.gob.do/wp-content/uploads/2024/08/temperaturas-extremas-y-precipitaciones-2024x07x29b.pdf
2024-07-28,017,SAMANÁ,SAMANÁ,COMANDANCIA DE PUERTO DE SAMANÁ,EMCO,33.5,24.3,2.2,https://indomet.gob.do/wp-content/uploads/2024/08/temperaturas-extremas-y-precipitaciones-2024x07x29b.pdf
2024-07-28,018,RANCHO ARRIBA,SAN JOSÉ DE OCOA,CENTRO TECNOLÓGICO COMUNITARIO,EMCO,30.3,19.9,1.7,https://indomet.gob.do/wp-content/uploads/2024/08/temperaturas-extremas-y-precipitaciones-2024x07x29b.pdf
2024-07-28,019,VILLA ALTAGRACIA,SAN CRISTÓBAL,ESCUELA JAVIER ANGULO GURIDI,EMCO,33.3,24.4,0.8,https://indomet.gob.do/wp-content/uploads/2024/08/temperaturas-extremas-y-precipitaciones-2024x07x29b.pdf
2024-07-28,020,ARPT. DEL CIBAO,SANTIAGO,ONAMET,EMCO,33.0,23.8,0.5,https://indomet.gob.do/wp-content/uploads/2024/08/temperaturas-extremas-y-precipitaciones-2024x07x29b.pdf
2024-07-28,021,EL FACTOR (EMA),MARÍA TRINIDAD SÁNCHEZ,INTEC,EMAP,35.8,24.4,0.5,https://indomet.gob.do/wp-content/uploads/2024/08/temperaturas-extremas-y-precipitaciones-2024x07x29b.pdf
2024-07-28,022,JUMA BEJUCAL,MONSEÑOR NOUEL,IDIAF,EMCV,33.8,23.0,0.2,https://indomet.gob.do/wp-content/uploads/2024/08/temperaturas-extremas-y-precipitaciones-2024x07x29b.pdf
2024-07-28,023,LA VICTORIA,SANTO DOMINGO,CUERPO DE BOMBEROS,EMCO,32.0,24.5,0.2,https://indomet.gob.do/wp-content/uploads/2024/08/temperaturas-extremas-y-precipitaciones-2024x07x29b.pdf
2024-07-28,024,ARROYO LORO,SAN JUAN,IDIAF,EMCO,34.6,20.0,0.1,https://indomet.gob.do/wp-content/uploads/2024/08/temperaturas-extremas-y-precipitaciones-2024x07x29b.pdf
2024-07-28,025,HONDO VALLE,ELÍAS PIÑA,MINISTERIO DE AGRICULTURA,EMCO,28.9,18.6,0.1,https://indomet.gob.do/wp-content/uploads/2024/08/temperaturas-extremas-y-precipitaciones-2024x07x29b.pdf
2024-07-28,026,LA VEGA,LA VEGA,IATESA,EMCO,34.0,23.0,0.1,https://indomet.gob.do/wp-content/uploads/2024/08/temperaturas-extremas-y-precipitaciones-2024x07x29b.pdf
2024-07-28,027,POLO,BARAHONA,INDOCAFE,EMCO,31.0,19.0,0.1,https://indomet.gob.do/wp-content/uploads/2024/08/temperaturas-extremas-y-precipitaciones-2024x07x29b.pdf
2024-07-28,028,ALTAMIRA,PUERTO PLATA,HOSP. MPAL. DE ALTAMIRA,EMCO,31.7,21.3,0.0,https://indomet.gob.do/wp-content/uploads/2024/08/temperaturas-extremas-y-precipitaciones-2024x07x29b.pdf
2024-07-28,029,ARPT. ARROYO BARRIL,SAMANÁ,ONAMET,EMCO,31.6,26.0,0.0,https://indomet.gob.do/wp-content/uploads/2024/08/temperaturas-extremas-y-precipitaciones-2024x07x29b.pdf
2024-07-28,030,ARPT. DE LA ROMANA,LA ROMANA,ONAMET,EMCO,33.4,24.0,0.0,https://indomet.gob.do/wp-content/uploads/2024/08/temperaturas-extremas-y-precipitaciones-2024x07x29b.pdf
2024-07-28,031,ARPT. EL CATEY,SAMANÁ,ONAMET,EMCO,31.4,25.4,0.0,https://indomet.gob.do/wp-content/uploads/2024/08/temperaturas-extremas-y-precipitaciones-2024x07x29b.pdf
2024-07-28,032,ARPT. GREGORIO LUPERÓN,PUERTO PLATA,ONAMET,EMCO,32.2,24.5,0.0,https://indomet.gob.do/wp-content/uploads/2024/08/temperaturas-extremas-y-precipitaciones-2024x07x29b.pdf
2024-07-28,033,ARPT. LA ISABELA,SANTO DOMINGO,ONAMET,EMCO,33.3,23.6,0.0,https://indomet.gob.do/wp-content/uploads/2024/08/temperaturas-extremas-y-precipitaciones-2024x07x29b.pdf
2024-07-28,034,ARPT. MARÍA MONTEZ,BARAHONA,ONAMET,EMCO,33.8,25.5,0.0,https://indomet.gob.do/wp-content/uploads/2024/08/temperaturas-extremas-y-precipitaciones-2024x07x29b.pdf
2024-07-28,035,BAYAGUANA,MONTE PLATA,ONAMET,EMCO,34.4,23.8,0.0,https://indomet.gob.do/wp-content/uploads/2024/08/temperaturas-extremas-y-precipitaciones-2024x07x29b.pdf
2024-07-28,036,BOCA DE MAO (EMA),VALVERDE,MINISTERIO DE AGRICULTURA,EMAP,36.7,25.2,0.0,https://indomet.gob.do/wp-content/uploads/2024/08/temperaturas-extremas-y-precipitaciones-2024x07x29b.pdf
2024-07-28,037,BONAO,MONSEÑOR NOUEL,MINISTERIO DE AGRICULTURA,EMCV,,,0.0,https://indomet.gob.do/wp-content/uploads/2024/08/temperaturas-extremas-y-precipitaciones-2024x07x29b.pdf
2024-07-28,038,CABRAL,BARAHONA,MINISTERIO DE AGRICULTURA,EMCV,35.7,25.3,0.0,https://indomet.gob.do/wp-content/uploads/2024/08/temperaturas-extremas-y-precipitaciones-2024x07x29b.pdf
2024-07-28,039,CABRERA,MARÍA TRINIDAD SÁNCHEZ,ESCUELA ARÍSTIDES FIALLO CABRAL,EMCO,33.4,25.5,0.0,https://indomet.gob.do/wp-content/uploads/2024/08/temperaturas-extremas-y-precipitaciones-2024x07x29b.pdf
2024-07-28,040,CONSTANZA,LA VEGA,MINISTERIO DE AGRICULTURA,EMCO,27.0,22.2,0.0,https://indomet.gob.do/wp-content/uploads/2024/08/temperaturas-extremas-y-precipitaciones-2024x07x29b.pdf
2024-07-28,041,CONSTANZA (EMA),LA VEGA,PROGRAMA MUNDIAL DE ALIMENTO,EMAP,26.2,16.3,0.0,https://indomet.gob.do/wp-content/uploads/2024/08/temperaturas-extremas-y-precipitaciones-2024x07x29b.pdf
2024-07-28,042,DAJABÓN,DAJABÓN,INSTITUTO POLITÉCNICO LOYOLA,EMCO,32.0,19.5,0.0,https://indomet.gob.do/wp-content/uploads/2024/08/temperaturas-extremas-y-precipitaciones-2024x07x29b.pdf
2024-07-28,043,ELÍAS PIÑA,ELÍAS PIÑA,MINISTERIO DE AGRICULTURA,EMCV,,,0.0,https://indomet.gob.do/wp-content/uploads/2024/08/temperaturas-extremas-y-precipitaciones-2024x07x29b.pdf
2024-07-28,044,ENRIQUILLO,BARAHONA,MINISTERIO DE AGRICULTURA,EMCV,33.5,28.0,0.0,https://indomet.gob.do/wp-content/uploads/2024/08/temperaturas-extremas-y-precipitaciones-2024x07x29b.pdf
2024-07-28,045,ESCONDIDO,PERAVIA,MINISTERIO DE AGRICULTURA,EMCV,33.0,26.0,0.0,https://indomet.gob.do/wp-content/uploads/2024/08/temperaturas-extremas-y-precipitaciones-2024x07x29b.pdf
2024-07-28,046,GASPAR HERNÁNDEZ,ESPAILLAT,PROPIEDAD DEL EMPLEADO,EMCO,,,0.0,https://indomet.gob.do/wp-content/uploads/2024/08/temperaturas-extremas-y-precipitaciones-2024x07x29b.pdf
2024-07-28,047,HATO MAYOR,HATO MAYOR,MINISTERIO DE AGRICULTURA,EMCV,,,0.0,https://indomet.gob.do/wp-content/uploads/2024/08/temperaturas-extremas-y-precipitaciones-2024x07x29b.pdf
2024-07-28,048,JARABACOA,LA VEGA,INDRHI / MARENA,EMCO,32.8,18.2,0.0,https://indomet.gob.do/wp-content/uploads/2024/08/temperaturas-extremas-y-precipitaciones-2024x07x29b.pdf
2024-07-28,049,JARABACOA (EMA),LA VEGA,PROGRAMA MUNDIAL DE ALIMENTO,EMAP,31.9,20.4,0.0,https://indomet.gob.do/wp-content/uploads/2024/08/temperaturas-extremas-y-precipitaciones-2024x07x29b.pdf
2024-07-28,050,JARDÍN BOTÁNICO NACIONAL,DISTRITO NACIONAL,JARDÍN BOTÁNICO NACIONAL,EMCV,34.4,23.8,0.0,https://indomet.gob.do/wp-content/uploads/2024/08/temperaturas-extremas-y-precipitaciones-2024x07x29b.pdf
2024-07-28,051,JIMANÍ,INDEPENDENCIA,MINISTERIO DE AGRICULTURA,EMCO,36.5,27.0,0.0,https://indomet.gob.do/wp-content/uploads/2024/08/temperaturas-extremas-y-precipitaciones-2024x07x29b.pdf
2024-07-28,052,LAS CANAS (EMA),MONTE CRISTI,PROGRAMA MUNDIAL DE ALIMENTO,EMAP,30.1,24.6,0.0,https://indomet.gob.do/wp-content/uploads/2024/08/temperaturas-extremas-y-precipitaciones-2024x07x29b.pdf
2024-07-28,053,LAS MATAS DE SANTA CRUZ,MONTE CRISTI,INDRHI,EMCV,,,0.0,https://indomet.gob.do/wp-content/uploads/2024/08/temperaturas-extremas-y-precipitaciones-2024x07x29b.pdf
2024-07-28,054,LAS MATAS DE SANTA CRUZ (EMA,MONTE CRISTI,PROGRAMA MUNDIAL DE ALIMENTO,EMAP,32.2,27.7,0.0,https://indomet.gob.do/wp-content/uploads/2024/08/temperaturas-extremas-y-precipitaciones-2024x07x29b.pdf
2024-07-28,055,LOS TRES CHARCOS (EMA),PEDERNALES,PROPIEDAD DEL VOLUNTARIO,EMAP,32.1,26.4,0.0,https://indomet.gob.do/wp-content/uploads/2024/08/temperaturas-extremas-y-precipitaciones-2024x07x29b.pdf
2024-07-28,056,MATA LARGA (EMA),DUARTE,MINISTERIO DE AGRICULTURA,EMAP,34.0,23.7,0.0,https://indomet.gob.do/wp-content/uploads/2024/08/temperaturas-extremas-y-precipitaciones-2024x07x29b.pdf
2024-07-28,057,MONCIÓN (EMA),SANTIAGO RODRÍGUEZ,PROGRAMA MUNDIAL DE ALIMENTO,EMAP,32.9,20.8,0.0,https://indomet.gob.do/wp-content/uploads/2024/08/temperaturas-extremas-y-precipitaciones-2024x07x29b.pdf
2024-07-28,058,MONTE CRISTI,MONTE CRISTI,ONAMET,EMCO,34.0,25.5,0.0,https://indomet.gob.do/wp-content/uploads/2024/08/temperaturas-extremas-y-precipitaciones-2024x07x29b.pdf
2024-07-28,059,NAVARRETE,SANTIAGO,MINISTERIO DE AGRICULTURA,EMCV,,,0.0,https://indomet.gob.do/wp-content/uploads/2024/08/temperaturas-extremas-y-precipitaciones-2024x07x29b.pdf
2024-07-28,060,OLIVARES,PEDERNALES,INDRHI,EMCO,,,0.0,https://indomet.gob.do/wp-content/uploads/2024/08/temperaturas-extremas-y-precipitaciones-2024x07x29b.pdf
2024-07-28,061,PADRE LAS CASAS,AZUA,HOSP. NTRA. SRA. DEL CARMEN,EMCO,31.7,21.5,0.0,https://indomet.gob.do/wp-content/uploads/2024/08/temperaturas-extremas-y-precipitaciones-2024x07x29b.pdf
2024-07-28,062,PASO AL MEDIO,SAN PEDRO DE MACORÍS,INDRHI,EMCO,,,0.0,https://indomet.gob.do/wp-content/uploads/2024/08/temperaturas-extremas-y-precipitaciones-2024x07x29b.pdf
2024-07-28,063,PEDERNALES,PEDERNALES,INDRHI,EMCO,,,0.0,https://indomet.gob.do/wp-content/uploads/2024/08/temperaturas-extremas-y-precipitaciones-2024x07x29b.pdf
2024-07-28,064,PERALTA,AZUA,HOSP. MPAL. DE PERALTA,EMCO,34.0,20.6,0.0,https://indomet.gob.do/wp-content/uploads/2024/08/temperaturas-extremas-y-precipitaciones-2024x07x29b.pdf
2024-07-28,065,PESCADERIA (EMA),BARAHONA,MINISTERIO DE AGRICULTURA,EMAP,,,0.0,https://indomet.gob.do/wp-content/uploads/2024/08/temperaturas-extremas-y-precipitaciones-2024x07x29b.pdf
2024-07-28,066,RÍO SAN JUAN,MARÍA TRINIDAD SÁNCHEZ,HOSP. MPAL. DR. DESIDERIO ACOSTA,EMCV,33.0,24.5,0.0,https://indomet.gob.do/wp-content/uploads/2024/08/temperaturas-extremas-y-precipitaciones-2024x07x29b.pdf
2024-07-28,067,SABANA GRANDE DE BOYÁ,MONTE PLATA,MINISTERIO DE AGRICULTURA,EMCV,,,0.0,https://indomet.gob.do/wp-content/uploads/2024/08/temperaturas-extremas-y-precipitaciones-2024x07x29b.pdf
2024-07-28,068,SABANETA (EMA),SANTIAGO RODRÍGUEZ,PROGRAMA MUNDIAL DE ALIMENTO,EMAP,35.7,22.8,0.0,https://indomet.gob.do/wp-content/uploads/2024/08/temperaturas-extremas-y-precipitaciones-2024x07x29b.pdf
2024-07-28,069,SALCEDO,HERMANAS MIRABAL,PROPIEDAD DEL EMPLEADO,EMCO,,,0.0,https://indomet.gob.do/wp-content/uploads/2024/08/temperaturas-extremas-y-precipitaciones-2024x07x29b.pdf
2024-07-28,070,SAN FRANCISCO DE MACORÍS,DUARTE,San Francisco de Macorís (UASD),EMCO,33.9,23.6,0.0,https://indomet.gob.do/wp-content/uploads/2024/08/temperaturas-extremas-y-precipitaciones-2024x07x29b.pdf
2024-07-28,071,SAN JOSÉ DE OCOA,SAN JOSÉ DE OCOA,HOSP. SAN JOSÉ DE OCOA,EMCO,33.4,23.7,0.0,https://indomet.gob.do/wp-content/uploads/2024/08/temperaturas-extremas-y-precipitaciones-2024x07x29b.pdf
2024-07-28,072,SAN RAFAEL DEL YUMA,LA ALTAGRACIA,MINISTERIO DE AGRICULTURA,EMCO,34.6,24.4,0.0,https://indomet.gob.do/wp-content/uploads/2024/08/temperaturas-extremas-y-precipitaciones-2024x07x29b.pdf
2024-07-28,073,SANTIAGO RODRÍGUEZ,SANTIAGO RODRÍGUEZ,ONAMET,EMCO,36.0,24.0,0.0,https://indomet.gob.do/wp-content/uploads/2024/08/temperaturas-extremas-y-precipitaciones-2024x07x29b.pdf
2024-07-28,074,TÁBARA ABAJO,AZUA,INDRHI,EMCO,35.6,25.5,0.0,https://indomet.gob.do/wp-content/uploads/2024/08/temperaturas-extremas-y-precipitaciones-2024x07x29b.pdf
2024-07-28,075,TAMBORIL,SANTIAGO,MINISTERIO DE AGRICULTURA,EMCV,,,0.0,https://indomet.gob.do/wp-content/uploads/2024/08/temperaturas-extremas-y-precipitaciones-2024x07x29b.pdf
2024-07-28,076,VILLA ISABELA,PUERTO PLATA,MINISTERIO DE AGRICULTURA,EMCV,,,0.0,https://indomet.gob.do/wp-content/uploads/2024/08/temperaturas-extremas-y-precipitaciones-2024x07x29b.pdf
2024-07-28,077,VILLA RIVA,DUARTE,HOSP. MPAL. ALICIA DE LEGENDRE,EMCO,33.0,25.3,0.0,https://indomet.gob.do/wp-content/uploads/2024/08/temperaturas-extremas-y-precipitaciones-2024x07x29b.pdf
2024-07-28,078,VILLA VÁSQUEZ,MONTE CRISTI,PROPIEDAD DEL EMPLEADO,EMCO,35.5,20.4,0.0,https://indomet.gob.do/wp-content/uploads/2024/08/temperaturas-extremas-y-precipitaciones-2024x07x29b.pdf
2024-07-30,001,LA VEGA,LA VEGA,IATESA,EMCO,33.4,24.0,26.0,https://indomet.gob.do/wp-content/uploads/2024/08/temperaturas-extremas-y-precipitaciones-2024x07x30-b.pdf
2024-07-30,002,JUMA BEJUCAL,MONSEÑOR NOUEL,IDIAF,EMCV,31.0,22.8,22.8,https://indomet.gob.do/wp-content/uploads/2024/08/temperaturas-extremas-y-precipitaciones-2024x07x30-b.pdf
2024-07-30,003,BONAO,MONSEÑOR NOUEL,MINISTERIO DE AGRICULTURA,EMCV,,,19.1,https://indomet.gob.do/wp-content/uploads/2024/08/temperaturas-extremas-y-precipitaciones-2024x07x30-b.pdf
2024-07-30,004,ARPT. DE PUNTA CANA,LA ALTAGRACIA,ONAMET,EMCO,33.4,22.0,18.2,https://indomet.gob.do/wp-content/uploads/2024/08/temperaturas-extremas-y-precipitaciones-2024x07x30-b.pdf
2024-07-30,005,VALLE NUEVO (EMA),LA VEGA,MARENA,EMAO,,,13.7,https://indomet.gob.do/wp-content/uploads/2024/08/temperaturas-extremas-y-precipitaciones-2024x07x30-b.pdf
2024-07-30,006,ARPT. LA ISABELA,SANTO DOMINGO,ONAMET,EMCO,33.5,24.5,11.0,https://indomet.gob.do/wp-content/uploads/2024/08/temperaturas-extremas-y-precipitaciones-2024x07x30-b.pdf
2024-07-30,007,SAN RAFAEL DEL YUMA,LA ALTAGRACIA,MINISTERIO DE AGRICULTURA,EMCO,34.5,23.5,9.8,https://indomet.gob.do/wp-content/uploads/2024/08/temperaturas-extremas-y-precipitaciones-2024x07x30-b.pdf
2024-07-30,008,JARABACOA (EMA),LA VEGA,PROGRAMA MUNDIAL DE ALIMENTO,EMAP,31.8,19.8,8.6,https://indomet.gob.do/wp-content/uploads/2024/08/temperaturas-extremas-y-precipitaciones-2024x07x30-b.pdf
2024-07-30,009,LA VICTORIA,SANTO DOMINGO,CUERPO DE BOMBEROS,EMCO,31.2,24.0,8.4,https://indomet.gob.do/wp-content/uploads/2024/08/temperaturas-extremas-y-precipitaciones-2024x07x30-b.pdf
2024-07-30,010,ELÍAS PIÑA,ELÍAS PIÑA,MINISTERIO DE AGRICULTURA,EMCV,,,8.1,https://indomet.gob.do/wp-content/uploads/2024/08/temperaturas-extremas-y-precipitaciones-2024x07x30-b.pdf
2024-07-30,011,BAYAGUANA,MONTE PLATA,ONAMET,EMCO,34.4,23.4,8.1,https://indomet.gob.do/wp-content/uploads/2024/08/temperaturas-extremas-y-precipitaciones-2024x07x30-b.pdf
2024-07-30,012,JARABACOA,LA VEGA,INDRHI / MARENA,EMCO,32.0,16.8,7.4,https://indomet.gob.do/wp-content/uploads/2024/08/temperaturas-extremas-y-precipitaciones-2024x07x30-b.pdf
2024-07-30,013,RESTAURACIÓN,DAJABÓN,MINISTERIO DE AGRICULTURA,EMCO,31.5,20.6,6.7,https://indomet.gob.do/wp-content/uploads/2024/08/temperaturas-extremas-y-precipitaciones-2024x07x30-b.pdf
2024-07-30,014,RANCHO ARRIBA,SAN JOSÉ DE OCOA,CENTRO TECNOLÓGICO COMUNITARIO,EMCO,30.6,20.0,6.5,https://indomet.gob.do/wp-content/uploads/2024/08/temperaturas-extremas-y-precipitaciones-2024x07x30-b.pdf
2024-07-30,015,ANAMUYA (EMA),LA ALTAGRACIA,MINISTERIO DE AGRICULTURA,EMAP,32.9,23.9,6.4,https://indomet.gob.do/wp-content/uploads/2024/08/temperaturas-extremas-y-precipitaciones-2024x07x30-b.pdf
2024-07-30,016,GASPAR HERNÁNDEZ,ESPAILLAT,PROPIEDAD DEL EMPLEADO,EMCO,,,5.3,https://indomet.gob.do/wp-content/uploads/2024/08/temperaturas-extremas-y-precipitaciones-2024x07x30-b.pdf
2024-07-30,017,VILLA RIVA,DUARTE,HOSP. MPAL. ALICIA DE LEGENDRE,EMCO,33.8,24.5,5.2,https://indomet.gob.do/wp-content/uploads/2024/08/temperaturas-extremas-y-precipitaciones-2024x07x30-b.pdf
2024-07-30,018,POLO,BARAHONA,INDOCAFE,EMCO,29.5,20.5,4.6,https://indomet.gob.do/wp-content/uploads/2024/08/temperaturas-extremas-y-precipitaciones-2024x07x30-b.pdf
2024-07-30,019,ARPT. DE LAS AMÉRICAS,SANTO DOMINGO,ONAMET,EMCO,33.2,24.0,4.5,https://indomet.gob.do/wp-content/uploads/2024/08/temperaturas-extremas-y-precipitaciones-2024x07x30-b.pdf
2024-07-30,020,ARPT. DEL CIBAO,SANTIAGO,ONAMET,EMCO,34.0,23.6,4.2,https://indomet.gob.do/wp-content/uploads/2024/08/temperaturas-extremas-y-precipitaciones-2024x07x30-b.pdf
2024-07-30,021,SAMANÁ,SAMANÁ,COMANDANCIA DE PUERTO DE SAMANÁ,EMCO,33.6,23.5,4.1,https://indomet.gob.do/wp-content/uploads/2024/08/temperaturas-extremas-y-precipitaciones-2024x07x30-b.pdf
2024-07-30,022,ENRIQUILLO,BARAHONA,MINISTERIO DE AGRICULTURA,EMCV,34.4,25.5,4.0,https://indomet.gob.do/wp-content/uploads/2024/08/temperaturas-extremas-y-precipitaciones-2024x07x30-b.pdf
2024-07-30,023,SALCEDO,HERMANAS MIRABAL,PROPIEDAD DEL EMPLEADO,EMCO,,,3.9,https://indomet.gob.do/wp-content/uploads/2024/08/temperaturas-extremas-y-precipitaciones-2024x07x30-b.pdf
2024-07-30,024,ESCONDIDO,PERAVIA,MINISTERIO DE AGRICULTURA,EMCV,35.0,25.0,3.8,https://indomet.gob.do/wp-content/uploads/2024/08/temperaturas-extremas-y-precipitaciones-2024x07x30-b.pdf
2024-07-30,025,VILLA ALTAGRACIA,SAN CRISTÓBAL,ESCUELA JAVIER ANGULO GURIDI,EMCO,32.4,24.1,3.8,https://indomet.gob.do/wp-content/uploads/2024/08/temperaturas-extremas-y-precipitaciones-2024x07x30-b.pdf
2024-07-30,026,LOS LLANOS,SAN PEDRO DE MACORÍS,MINISTERIO DE AGRICULTURA,EMCO,33.4,21.8,3.2,https://indomet.gob.do/wp-content/uploads/2024/08/temperaturas-extremas-y-precipitaciones-2024x07x30-b.pdf
2024-07-30,027,ALTAMIRA,PUERTO PLATA,HOSP. MPAL. DE ALTAMIRA,EMCO,32.1,22.3,3.1,https://indomet.gob.do/wp-content/uploads/2024/08/temperaturas-extremas-y-precipitaciones-2024x07x30-b.pdf
2024-07-30,028,ARPT. ARROYO BARRIL,SAMANÁ,ONAMET,EMCO,32.7,24.0,2.7,https://indomet.gob.do/wp-content/uploads/2024/08/temperaturas-extremas-y-precipitaciones-2024x07x30-b.pdf
2024-07-30,029,PADRE LAS CASAS,AZUA,HOSP. NTRA. SRA. DEL CARMEN,EMCO,32.0,21.8,2.5,https://indomet.gob.do/wp-content/uploads/2024/08/temperaturas-extremas-y-precipitaciones-2024x07x30-b.pdf
2024-07-30,030,ARPT. DE LA ROMANA,LA ROMANA,ONAMET,EMCO,33.5,24.2,2.2,https://indomet.gob.do/wp-content/uploads/2024/08/temperaturas-extremas-y-precipitaciones-2024x07x30-b.pdf
2024-07-30,031,CABRERA,MARÍA TRINIDAD SÁNCHEZ,ESCUELA ARÍSTIDES FIALLO CABRAL,EMCO,33.0,25.0,2.2,https://indomet.gob.do/wp-content/uploads/2024/08/temperaturas-extremas-y-precipitaciones-2024x07x30-b.pdf
2024-07-30,032,SABANA DE LA MAR,HATO MAYOR,ONAMET,EMCO,32.5,23.0,2.0,https://indomet.gob.do/wp-content/uploads/2024/08/temperaturas-extremas-y-precipitaciones-2024x07x30-b.pdf
2024-07-30,033,LOS JENGIBRES,NAGUA,INDRHI,EMCO,,,1.6,https://indomet.gob.do/wp-content/uploads/2024/08/temperaturas-extremas-y-precipitaciones-2024x07x30-b.pdf
2024-07-30,034,RÍO SAN JUAN,MARÍA TRINIDAD SÁNCHEZ,HOSP. MPAL. DR. DESIDERIO ACOSTA,EMCV,33.4,25.0,1.5,https://indomet.gob.do/wp-content/uploads/2024/08/temperaturas-extremas-y-precipitaciones-2024x07x30-b.pdf
2024-07-30,035,ARPT. GREGORIO LUPERÓN,PUERTO PLATA,ONAMET,EMCO,32.8,24.5,1.4,https://indomet.gob.do/wp-content/uploads/2024/08/temperaturas-extremas-y-precipitaciones-2024x07x30-b.pdf
2024-07-30,036,CONSTANZA,LA VEGA,MINISTERIO DE AGRICULTURA,EMCO,28.4,16.6,1.3,https://indomet.gob.do/wp-content/uploads/2024/08/temperaturas-extremas-y-precipitaciones-2024x07x30-b.pdf
2024-07-30,037,CONSTANZA (EMA),LA VEGA,PROGRAMA MUNDIAL DE ALIMENTO,EMAP,27.8,16.6,0.6,https://indomet.gob.do/wp-content/uploads/2024/08/temperaturas-extremas-y-precipitaciones-2024x07x30-b.pdf
2024-07-30,038,PALMAR ABAJO (EMA),SANTIAGO,MINISTERIO DE AGRICULTURA,EMAP,35.0,24.6,0.6,https://indomet.gob.do/wp-content/uploads/2024/08/temperaturas-extremas-y-precipitaciones-2024x07x30-b.pdf
2024-07-30,039,SÁNCHEZ,SAMANÁ,MINISTERIO DE AGRICULTURA,EMCO,33.2,24.5,0.6,https://indomet.gob.do/wp-content/uploads/2024/08/temperaturas-extremas-y-precipitaciones-2024x07x30-b.pdf
2024-07-30,040,BOHECHÍO,SAN JUAN,MINISTERIO DE AGRICULTURA,EMCV,,,0.5,https://indomet.gob.do/wp-content/uploads/2024/08/temperaturas-extremas-y-precipitaciones-2024x07x30-b.pdf
2024-07-30,041,PRESA DE TAVERAS (EMA),LA VEGA,PROGRAMA MUNDIAL DE ALIMENTO,EMAP,31.1,22.9,0.4,https://indomet.gob.do/wp-content/uploads/2024/08/temperaturas-extremas-y-precipitaciones-2024x07x30-b.pdf
2024-07-30,042,PERALTA,AZUA,HOSP. MPAL. DE PERALTA,EMCO,34.3,20.5,0.3,https://indomet.gob.do/wp-content/uploads/2024/08/temperaturas-extremas-y-precipitaciones-2024x07x30-b.pdf
2024-07-30,043,ARROYO LORO,SAN JUAN,IDIAF,EMCO,35.0,22.2,0.1,https://indomet.gob.do/wp-content/uploads/2024/08/temperaturas-extremas-y-precipitaciones-2024x07x30-b.pdf
2024-07-30,044,CABRAL,BARAHONA,MINISTERIO DE AGRICULTURA,EMCV,35.5,25.9,0.1,https://indomet.gob.do/wp-content/uploads/2024/08/temperaturas-extremas-y-precipitaciones-2024x07x30-b.pdf
2024-07-30,045,DAJABÓN,DAJABÓN,INSTITUTO POLITÉCNICO LOYOLA,EMCO,30.3,19.1,0.1,https://indomet.gob.do/wp-content/uploads/2024/08/temperaturas-extremas-y-precipitaciones-2024x07x30-b.pdf
2024-07-30,046,SAN JOSÉ DE OCOA,SAN JOSÉ DE OCOA,HOSP. SAN JOSÉ DE OCOA,EMCO,32.8,23.5,0.1,https://indomet.gob.do/wp-content/uploads/2024/08/temperaturas-extremas-y-precipitaciones-2024x07x30-b.pdf
2024-07-30,047,ARPT. EL CATEY,SAMANÁ,ONAMET,EMCO,32.3,24.0,0.0,https://indomet.gob.do/wp-content/uploads/2024/08/temperaturas-extremas-y-precipitaciones-2024x07x30-b.pdf
2024-07-30,048,ARPT. MARÍA MONTEZ,BARAHONA,ONAMET,EMCO,34.0,25.0,0.0,https://indomet.gob.do/wp-content/uploads/2024/08/temperaturas-extremas-y-precipitaciones-2024x07x30-b.pdf
2024-07-30,049,BOCA DE MAO (EMA),VALVERDE,MINISTERIO DE AGRICULTURA,EMAP,38.4,25.5,0.0,https://indomet.gob.do/wp-content/uploads/2024/08/temperaturas-extremas-y-precipitaciones-2024x07x30-b.pdf
2024-07-30,050,CENTRO DE LOS HEROES (EMA),DISTRITO NACIONAL,MINISTERIO DE ENERGIA Y MINA,EMAP,32.3,27.3,0.0,https://indomet.gob.do/wp-content/uploads/2024/08/temperaturas-extremas-y-precipitaciones-2024x07x30-b.pdf
2024-07-30,051,EL FACTOR (EMA),MARÍA TRINIDAD SÁNCHEZ,INTEC,EMAP,34.8,24.3,0.0,https://indomet.gob.do/wp-content/uploads/2024/08/temperaturas-extremas-y-precipitaciones-2024x07x30-b.pdf
2024-07-30,052,EL SEIBO,EL SEIBO,MINISTERIO DE AGRICULTURA,EMCV,,,0.0,https://indomet.gob.do/wp-content/uploads/2024/08/temperaturas-extremas-y-precipitaciones-2024x07x30-b.pdf
2024-07-30,053,GURABO,SANTIAGO,MINISTERIO DE AGRICULTURA,EMCV,,,0.0,https://indomet.gob.do/wp-content/uploads/2024/08/temperaturas-extremas-y-precipitaciones-2024x07x30-b.pdf
2024-07-30,054,HATO MAYOR,HATO MAYOR,MINISTERIO DE AGRICULTURA,EMCV,,,0.0,https://indomet.gob.do/wp-content/uploads/2024/08/temperaturas-extremas-y-precipitaciones-2024x07x30-b.pdf
2024-07-30,055,JARDÍN BOTÁNICO NACIONAL,DISTRITO NACIONAL,JARDÍN BOTÁNICO NACIONAL,EMCV,33.7,24.5,0.0,https://indomet.gob.do/wp-content/uploads/2024/08/temperaturas-extremas-y-precipitaciones-2024x07x30-b.pdf
2024-07-30,056,JIMANÍ,INDEPENDENCIA,MINISTERIO DE AGRICULTURA,EMCO,37.0,26.4,0.0,https://indomet.gob.do/wp-content/uploads/2024/08/temperaturas-extremas-y-precipitaciones-2024x07x30-b.pdf
2024-07-30,057,LAS CANAS (EMA),MONTE CRISTI,PROGRAMA MUNDIAL DE ALIMENTO,EMAP,31.3,25.4,0.0,https://indomet.gob.do/wp-content/uploads/2024/08/temperaturas-extremas-y-precipitaciones-2024x07x30-b.pdf
2024-07-30,058,LAS MATAS DE SANTA CRUZ,MONTE CRISTI,INDRHI,EMCV,,,0.0,https://indomet.gob.do/wp-content/uploads/2024/08/temperaturas-extremas-y-precipitaciones-2024x07x30-b.pdf
2024-07-30,059,LAS MATAS DE SANTA CRUZ (EMA,MONTE CRISTI,PROGRAMA MUNDIAL DE ALIMENTO,EMAP,,,0.0,https://indomet.gob.do/wp-content/uploads/2024/08/temperaturas-extremas-y-precipitaciones-2024x07x30-b.pdf
2024-07-30,060,LOS TRES CHARCOS (EMA),PEDERNALES,PROPIEDAD DEL VOLUNTARIO,EMAP,33.4,26.5,0.0,https://indomet.gob.do/wp-content/uploads/2024/08/temperaturas-extremas-y-precipitaciones-2024x07x30-b.pdf
2024-07-30,061,MAO,VALVERDE,INDRHI / MINISTERIO DE AGRICULTURA,EMCV,,,0.0,https://indomet.gob.do/wp-content/uploads/2024/08/temperaturas-extremas-y-precipitaciones-2024x07x30-b.pdf
2024-07-30,062,MATA LARGA (EMA),DUARTE,MINISTERIO DE AGRICULTURA,EMAP,33.1,23.9,0.0,https://indomet.gob.do/wp-content/uploads/2024/08/temperaturas-extremas-y-precipitaciones-2024x07x30-b.pdf
2024-07-30,063,MONCIÓN (EMA),SANTIAGO RODRÍGUEZ,PROGRAMA MUNDIAL DE ALIMENTO,EMAP,33.7,21.4,0.0,https://indomet.gob.do/wp-content/uploads/2024/08/temperaturas-extremas-y-precipitaciones-2024x07x30-b.pdf
2024-07-30,064,MONTE CRISTI,MONTE CRISTI,ONAMET,EMCO,35.7,25.0,0.0,https://indomet.gob.do/wp-content/uploads/2024/08/temperaturas-extremas-y-precipitaciones-2024x07x30-b.pdf
2024-07-30,065,NAVARRETE,SANTIAGO,MINISTERIO DE AGRICULTURA,EMCV,,,0.0,https://indomet.gob.do/wp-content/uploads/2024/08/temperaturas-extremas-y-precipitaciones-2024x07x30-b.pdf
2024-07-30,066,OLIVARES,PEDERNALES,INDRHI,EMCO,,,0.0,https://indomet.gob.do/wp-content/uploads/2024/08/temperaturas-extremas-y-precipitaciones-2024x07x30-b.pdf
2024-07-30,067,PALO ÍNDIO,PUERTO PLATA,MINISTERIO DE AGRICULTURA,EMCO,,,0.0,https://indomet.gob.do/wp-content/uploads/2024/08/temperaturas-extremas-y-precipitaciones-2024x07x30-b.pdf
2024-07-30,068,PASO AL MEDIO,SAN PEDRO DE MACORÍS,INDRHI,EMCO,,,0.0,https://indomet.gob.do/wp-content/uploads/2024/08/temperaturas-extremas-y-precipitaciones-2024x07x30-b.pdf
2024-07-30,069,PEDERNALES,PEDERNALES,INDRHI,EMCO,,,0.0,https://indomet.gob.do/wp-content/uploads/2024/08/temperaturas-extremas-y-precipitaciones-2024x07x30-b.pdf
2024-07-30,070,PESCADERIA (EMA),BARAHONA,MINISTERIO DE AGRICULTURA,EMAP,35.3,28.0,0.0,https://indomet.gob.do/wp-content/uploads/2024/08/temperaturas-extremas-y-precipitaciones-2024x07x30-b.pdf
2024-07-30,071,PONTÓN ABAJO (EMA),LA VEGA,MINISTERIO DE AGRICULTURA,EMAP,34.9,24.8,0.0,https://indomet.gob.do/wp-content/uploads/2024/08/temperaturas-extremas-y-precipitaciones-2024x07x30-b.pdf
2024-07-30,072,SABANA GRANDE DE BOYÁ,MONTE PLATA,MINISTERIO DE AGRICULTURA,EMCV,,,0.0,https://indomet.gob.do/wp-content/uploads/2024/08/temperaturas-extremas-y-precipitaciones-2024x07x30-b.pdf
2024-07-30,073,SABANETA (EMA),SANTIAGO RODRÍGUEZ,PROGRAMA MUNDIAL DE ALIMENTO,EMAP,37.2,23.8,0.0,https://indomet.gob.do/wp-content/uploads/2024/08/temperaturas-extremas-y-precipitaciones-2024x07x30-b.pdf
2024-07-30,074,SAN CRISTÓBAL,SAN CRISTÓBAL,INSTITUTO POLITÉCNICO LOYOLA,EMCO,32.4,28.0,0.0,https://indomet.gob.do/wp-content/uploads/2024/08/temperaturas-extremas-y-precipitaciones-2024x07x30-b.pdf
2024-07-30,075,SANTIAGO RODRÍGUEZ,SANTIAGO RODRÍGUEZ,ONAMET,EMCO,37.2,24.1,0.0,https://indomet.gob.do/wp-content/uploads/2024/08/temperaturas-extremas-y-precipitaciones-2024x07x30-b.pdf
2024-07-30,076,SANTO DOMINGO ESTE,SANTO DOMINGO,ONAMET,EMCO,33.4,26.3,0.0,https://indomet.gob.do/wp-content/uploads/2024/08/temperaturas-extremas-y-precipitaciones-2024x07x30-b.pdf
2024-07-30,077,TÁBARA ABAJO,AZUA,INDRHI,EMCO,34.4,25.7,0.0,https://indomet.gob.do/wp-content/uploads/2024/08/temperaturas-extremas-y-precipitaciones-2024x07x30-b.pdf
2024-07-30,078,TAMBORIL,SANTIAGO,MINISTERIO DE AGRICULTURA,EMCV,,,0.0,https://indomet.gob.do/wp-content/uploads/2024/08/temperaturas-extremas-y-precipitaciones-2024x07x30-b.pdf
2024-07-30,079,TAVERA,SANTIAGO,INDRHI,EMCO,,,0.0,https://indomet.gob.do/wp-content/uploads/2024/08/temperaturas-extremas-y-precipitaciones-2024x07x30-b.pdf
2024-07-30,080,VILLA GONZALES,SANTIAGO,MINISTERIO DE AGRICULTURA,EMCO,,,0.0,https://indomet.gob.do/wp-content/uploads/2024/08/temperaturas-extremas-y-precipitaciones-2024x07x30-b.pdf
2024-07-30,081,VILLA VÁSQUEZ,MONTE CRISTI,PROPIEDAD DEL EMPLEADO,EMCO,36.5,21.8,0.0,https://indomet.gob.do/wp-content/uploads/2024/08/temperaturas-extremas-y-precipitaciones-2024x07x30-b.pdf
2024-07-30,082,HONDO VALLE,ELÍAS PIÑA,MINISTERIO DE AGRICULTURA,EMCO,28.3,,0.0,https://indomet.gob.do/wp-content/uploads/2024/08/temperaturas-extremas-y-precipitaciones-2024x07x30-b.pdf
2024-07-31,001,LOS JENGIBRES,NAGUA,INDRHI,EMCO,,,62.4,https://indomet.gob.do/wp-content/uploads/2024/08/temperaturas-extremas-y-precipitaciones-2024x07x31-a.pdf
2024-07-31,002,EL FACTOR (EMA),MARÍA TRINIDAD SÁNCHEZ,INTEC,EMAP,34.8,23.6,43.2,https://indomet.gob.do/wp-content/uploads/2024/08/temperaturas-extremas-y-precipitaciones-2024x07x31-a.pdf
2024-07-31,003,SAN RAFAEL DEL YUMA,LA ALTAGRACIA,MINISTERIO DE AGRICULTURA,EMCO,34.8,24.7,37.6,https://indomet.gob.do/wp-content/uploads/2024/08/temperaturas-extremas-y-precipitaciones-2024x07x31-a.pdf
2024-07-31,004,SÁNCHEZ,SAMANÁ,MINISTERIO DE AGRICULTURA,EMCO,32.8,23.7,31.4,https://indomet.gob.do/wp-content/uploads/2024/08/temperaturas-extremas-y-precipitaciones-2024x07x31-a.pdf
2024-07-31,005,RÍO SAN JUAN,MARÍA TRINIDAD SÁNCHEZ,HOSP. MPAL. DR. DESIDERIO ACOSTA,EMCV,33.8,24.4,30.7,https://indomet.gob.do/wp-content/uploads/2024/08/temperaturas-extremas-y-precipitaciones-2024x07x31-a.pdf
2024-07-31,006,ARPT. DEL CIBAO,SANTIAGO,ONAMET,EMCO,34.5,23.4,27.6,https://indomet.gob.do/wp-content/uploads/2024/08/temperaturas-extremas-y-precipitaciones-2024x07x31-a.pdf
2024-07-31,007,LA VEGA,LA VEGA,IATESA,EMCO,34.0,22.5,26.4,https://indomet.gob.do/wp-content/uploads/2024/08/temperaturas-extremas-y-precipitaciones-2024x07x31-a.pdf
2024-07-31,008,SABANA DE LA MAR,HATO MAYOR,ONAMET,EMCO,32.5,24.0,25.2,https://indomet.gob.do/wp-content/uploads/2024/08/temperaturas-extremas-y-precipitaciones-2024x07x31-a.pdf
2024-07-31,009,GASPAR HERNÁNDEZ,ESPAILLAT,PROPIEDAD DEL EMPLEADO,EMCO,,,24.9,https://indomet.gob.do/wp-content/uploads/2024/08/temperaturas-extremas-y-precipitaciones-2024x07x31-a.pdf
2024-07-31,010,PALO ÍNDIO,PUERTO PLATA,MINISTERIO DE AGRICULTURA,EMCO,,,24.9,https://indomet.gob.do/wp-content/uploads/2024/08/temperaturas-extremas-y-precipitaciones-2024x07x31-a.pdf
2024-07-31,011,SABANA GRANDE DE BOYÁ,MONTE PLATA,MINISTERIO DE AGRICULTURA,EMCV,,,22.9,https://indomet.gob.do/wp-content/uploads/2024/08/temperaturas-extremas-y-precipitaciones-2024x07x31-a.pdf
2024-07-31,012,PRESA DE TAVERAS (EMA),LA VEGA,PROGRAMA MUNDIAL DE ALIMENTO,EMAP,32.4,21.7,20.2,https://indomet.gob.do/wp-content/uploads/2024/08/temperaturas-extremas-y-precipitaciones-2024x07x31-a.pdf
2024-07-31,013,ENRIQUILLO,BARAHONA,MINISTERIO DE AGRICULTURA,EMCV,33.5,24.5,19.4,https://indomet.gob.do/wp-content/uploads/2024/08/temperaturas-extremas-y-precipitaciones-2024x07x31-a.pdf
2024-07-31,014,ARPT. EL CATEY,SAMANÁ,ONAMET,EMCO,31.4,23.5,18.9,https://indomet.gob.do/wp-content/uploads/2024/08/temperaturas-extremas-y-precipitaciones-2024x07x31-a.pdf
2024-07-31,015,ARPT. GREGORIO LUPERÓN,PUERTO PLATA,ONAMET,EMCO,32.5,24.0,15.8,https://indomet.gob.do/wp-content/uploads/2024/08/temperaturas-extremas-y-precipitaciones-2024x07x31-a.pdf
2024-07-31,016,SAMANÁ,SAMANÁ,COMANDANCIA DE PUERTO DE SAMANÁ,EMCO,34.3,23.6,15.4,https://indomet.gob.do/wp-content/uploads/2024/08/temperaturas-extremas-y-precipitaciones-2024x07x31-a.pdf
2024-07-31,017,TAVERA,SANTIAGO,INDRHI,EMCO,,,15.0,https://indomet.gob.do/wp-content/uploads/2024/08/temperaturas-extremas-y-precipitaciones-2024x07x31-a.pdf
2024-07-31,018,BONAO,MONSEÑOR NOUEL,MINISTERIO DE AGRICULTURA,EMCV,,,12.5,https://indomet.gob.do/wp-content/uploads/2024/08/temperaturas-extremas-y-precipitaciones-2024x07x31-a.pdf
2024-07-31,019,LUPERÓN,PUERTO PLATA,MINISTERIO DE AGRICULTURA,EMCV,,,12.5,https://indomet.gob.do/wp-content/uploads/2024/08/temperaturas-extremas-y-precipitaciones-2024x07x31-a.pdf
2024-07-31,020,SALCEDO,HERMANAS MIRABAL,PROPIEDAD DEL EMPLEADO,EMCO,,,12.0,https://indomet.gob.do/wp-content/uploads/2024/08/temperaturas-extremas-y-precipitaciones-2024x07x31-a.pdf
2024-07-31,021,LOS TRES CHARCOS (EMA),PEDERNALES,PROPIEDAD DEL VOLUNTARIO,EMAP,32.6,24.4,9.8,https://indomet.gob.do/wp-content/uploads/2024/08/temperaturas-extremas-y-precipitaciones-2024x07x31-a.pdf
2024-07-31,022,ARPT. DE PUNTA CANA,LA ALTAGRACIA,ONAMET,EMCO,32.6,22.0,9.4,https://indomet.gob.do/wp-content/uploads/2024/08/temperaturas-extremas-y-precipitaciones-2024x07x31-a.pdf
2024-07-31,023,JARABACOA (EMA),LA VEGA,PROGRAMA MUNDIAL DE ALIMENTO,EMAP,32.3,20.3,8.6,https://indomet.gob.do/wp-content/uploads/2024/08/temperaturas-extremas-y-precipitaciones-2024x07x31-a.pdf
2024-07-31,024,JUMA BEJUCAL,MONSEÑOR NOUEL,IDIAF,EMCV,33.4,21.4,8.4,https://indomet.gob.do/wp-content/uploads/2024/08/temperaturas-extremas-y-precipitaciones-2024x07x31-a.pdf
2024-07-31,025,RANCHO ARRIBA,SAN JOSÉ DE OCOA,CENTRO TECNOLÓGICO COMUNITARIO,EMCO,32.1,20.2,8.4,https://indomet.gob.do/wp-content/uploads/2024/08/temperaturas-extremas-y-precipitaciones-2024x07x31-a.pdf
2024-07-31,026,TAMBORIL,SANTIAGO,MINISTERIO DE AGRICULTURA,EMCV,,,7.6,https://indomet.gob.do/wp-content/uploads/2024/08/temperaturas-extremas-y-precipitaciones-2024x07x31-a.pdf
2024-07-31,027,JARABACOA,LA VEGA,INDRHI / MARENA,EMCO,33.2,19.2,7.6,https://indomet.gob.do/wp-content/uploads/2024/08/temperaturas-extremas-y-precipitaciones-2024x07x31-a.pdf
2024-07-31,028,JARDÍN BOTÁNICO NACIONAL,DISTRITO NACIONAL,JARDÍN BOTÁNICO NACIONAL,EMCV,35.1,24.3,7.6,https://indomet.gob.do/wp-content/uploads/2024/08/temperaturas-extremas-y-precipitaciones-2024x07x31-a.pdf
2024-07-31,029,ANAMUYA (EMA),LA ALTAGRACIA,MINISTERIO DE AGRICULTURA,EMAP,33.8,24.7,7.4,https://indomet.gob.do/wp-content/uploads/2024/08/temperaturas-extremas-y-precipitaciones-2024x07x31-a.pdf
2024-07-31,030,BASE AÉREA DE SAN ISIDRO,SANTO DOMINGO,FUERZA AÉREA DOMINICANA,EMCV,33.2,25.0,7.0,https://indomet.gob.do/wp-content/uploads/2024/08/temperaturas-extremas-y-precipitaciones-2024x07x31-a.pdf
2024-07-31,031,VILLA RIVA,DUARTE,HOSP. MPAL. ALICIA DE LEGENDRE,EMCO,34.0,23.9,6.6,https://indomet.gob.do/wp-content/uploads/2024/08/temperaturas-extremas-y-precipitaciones-2024x07x31-a.pdf
2024-07-31,032,MOCA,ESPAILLAT,MINISTERIO DE AGRICULTURA,EMCV,,,6.5,https://indomet.gob.do/wp-content/uploads/2024/08/temperaturas-extremas-y-precipitaciones-2024x07x31-a.pdf
2024-07-31,033,ARPT. DE LA ROMANA,LA ROMANA,ONAMET,EMCO,34.0,23.0,6.1,https://indomet.gob.do/wp-content/uploads/2024/08/temperaturas-extremas-y-precipitaciones-2024x07x31-a.pdf
2024-07-31,034,ARPT. MARÍA MONTEZ,BARAHONA,ONAMET,EMCO,34.6,25.5,5.8,https://indomet.gob.do/wp-content/uploads/2024/08/temperaturas-extremas-y-precipitaciones-2024x07x31-a.pdf
2024-07-31,035,CABRERA,MARÍA TRINIDAD SÁNCHEZ,ESCUELA ARÍSTIDES FIALLO CABRAL,EMCO,33.6,26.4,5.8,https://indomet.gob.do/wp-content/uploads/2024/08/temperaturas-extremas-y-precipitaciones-2024x07x31-a.pdf
2024-07-31,036,MATA LARGA (EMA),DUARTE,MINISTERIO DE AGRICULTURA,EMAP,34.4,23.2,5.8,https://indomet.gob.do/wp-content/uploads/2024/08/temperaturas-extremas-y-precipitaciones-2024x07x31-a.pdf
2024-07-31,037,SAN FRANCISCO DE MACORÍS,DUARTE,San Francisco de Macorís (UASD),EMCO,34.3,23.1,5.8,https://indomet.gob.do/wp-content/uploads/2024/08/temperaturas-extremas-y-precipitaciones-2024x07x31-a.pdf
2024-07-31,038,VILLA ISABELA,PUERTO PLATA,MINISTERIO DE AGRICULTURA,EMCV,,,5.1,https://indomet.gob.do/wp-content/uploads/2024/08/temperaturas-extremas-y-precipitaciones-2024x07x31-a.pdf
2024-07-31,039,BAYAGUANA,MONTE PLATA,ONAMET,EMCO,35.0,23.5,4.1,https://indomet.gob.do/wp-content/uploads/2024/08/temperaturas-extremas-y-precipitaciones-2024x07x31-a.pdf
2024-07-31,040,ARPT. ARROYO BARRIL,SAMANÁ,ONAMET,EMCO,33.5,24.4,4.0,https://indomet.gob.do/wp-content/uploads/2024/08/temperaturas-extremas-y-precipitaciones-2024x07x31-a.pdf
2024-07-31,041,ALTAMIRA,PUERTO PLATA,HOSP. MPAL. DE ALTAMIRA,EMCO,33.4,23.2,3.8,https://indomet.gob.do/wp-content/uploads/2024/08/temperaturas-extremas-y-precipitaciones-2024x07x31-a.pdf
2024-07-31,042,CONSTANZA,LA VEGA,MINISTERIO DE AGRICULTURA,EMCO,27.8,16.2,3.4,https://indomet.gob.do/wp-content/uploads/2024/08/temperaturas-extremas-y-precipitaciones-2024x07x31-a.pdf
2024-07-31,043,HONDO VALLE,ELÍAS PIÑA,MINISTERIO DE AGRICULTURA,EMCO,27.8,18.0,3.4,https://indomet.gob.do/wp-content/uploads/2024/08/temperaturas-extremas-y-precipitaciones-2024x07x31-a.pdf
2024-07-31,044,ARPT. LA ISABELA,SANTO DOMINGO,ONAMET,EMCO,34.0,24.0,3.0,https://indomet.gob.do/wp-content/uploads/2024/08/temperaturas-extremas-y-precipitaciones-2024x07x31-a.pdf
2024-07-31,045,VALLE NUEVO (EMA),LA VEGA,MARENA,EMAO,,,2.3,https://indomet.gob.do/wp-content/uploads/2024/08/temperaturas-extremas-y-precipitaciones-2024x07x31-a.pdf
2024-07-31,046,PALMAR ABAJO (EMA),SANTIAGO,MINISTERIO DE AGRICULTURA,EMAP,34.8,23.8,1.6,https://indomet.gob.do/wp-content/uploads/2024/08/temperaturas-extremas-y-precipitaciones-2024x07x31-a.pdf
2024-07-31,047,ARPT. DE LAS AMÉRICAS,SANTO DOMINGO,ONAMET,EMCO,33.5,24.6,1.4,https://indomet.gob.do/wp-content/uploads/2024/08/temperaturas-extremas-y-precipitaciones-2024x07x31-a.pdf
2024-07-31,048,LAS CANAS (EMA),MONTE CRISTI,PROGRAMA MUNDIAL DE ALIMENTO,EMAP,31.4,23.8,1.4,https://indomet.gob.do/wp-content/uploads/2024/08/temperaturas-extremas-y-precipitaciones-2024x07x31-a.pdf
2024-07-31,049,PASO AL MEDIO,SAN PEDRO DE MACORÍS,INDRHI,EMCO,,,1.4,https://indomet.gob.do/wp-content/uploads/2024/08/temperaturas-extremas-y-precipitaciones-2024x07x31-a.pdf
2024-07-31,050,NAVARRETE,SANTIAGO,MINISTERIO DE AGRICULTURA,EMCV,,,1.3,https://indomet.gob.do/wp-content/uploads/2024/08/temperaturas-extremas-y-precipitaciones-2024x07x31-a.pdf
2024-07-31,051,CENTRO DE LOS HEROES (EMA),DISTRITO NACIONAL,MINISTERIO DE ENERGIA Y MINA,EMAP,32.7,26.3,1.2,https://indomet.gob.do/wp-content/uploads/2024/08/temperaturas-extremas-y-precipitaciones-2024x07x31-a.pdf
2024-07-31,052,SAN JOSÉ DE OCOA,SAN JOSÉ DE OCOA,HOSP. SAN JOSÉ DE OCOA,EMCO,34.0,23.4,0.8,https://indomet.gob.do/wp-content/uploads/2024/08/temperaturas-extremas-y-precipitaciones-2024x07x31-a.pdf
2024-07-31,053,VILLA GONZALES,SANTIAGO,MINISTERIO DE AGRICULTURA,EMCO,,,0.8,https://indomet.gob.do/wp-content/uploads/2024/08/temperaturas-extremas-y-precipitaciones-2024x07x31-a.pdf
2024-07-31,054,LOS LLANOS,SAN PEDRO DE MACORÍS,MINISTERIO DE AGRICULTURA,EMCO,34.9,22.6,0.6,https://indomet.gob.do/wp-content/uploads/2024/08/temperaturas-extremas-y-precipitaciones-2024x07x31-a.pdf
2024-07-31,055,HATO MAYOR,HATO MAYOR,MINISTERIO DE AGRICULTURA,EMCV,,,0.5,https://indomet.gob.do/wp-content/uploads/2024/08/temperaturas-extremas-y-precipitaciones-2024x07x31-a.pdf
2024-07-31,056,LA VICTORIA,SANTO DOMINGO,CUERPO DE BOMBEROS,EMCO,31.2,24.5,0.3,https://indomet.gob.do/wp-content/uploads/2024/08/temperaturas-extremas-y-precipitaciones-2024x07x31-a.pdf
2024-07-31,057,MONTE CRISTI,MONTE CRISTI,ONAMET,EMCO,35.5,25.0,0.1,https://indomet.gob.do/wp-content/uploads/2024/08/temperaturas-extremas-y-precipitaciones-2024x07x31-a.pdf
2024-07-31,058,POLO,BARAHONA,INDOCAFE,EMCO,30.5,19.5,0.1,https://indomet.gob.do/wp-content/uploads/2024/08/temperaturas-extremas-y-precipitaciones-2024x07x31-a.pdf
2024-07-31,059,SANTO DOMINGO ESTE,SANTO DOMINGO,ONAMET,EMCO,33.5,26.5,0.1,https://indomet.gob.do/wp-content/uploads/2024/08/temperaturas-extremas-y-precipitaciones-2024x07x31-a.pdf
2024-07-31,060,VILLA VÁSQUEZ,MONTE CRISTI,PROPIEDAD DEL EMPLEADO,EMCO,35.5,20.5,0.1,https://indomet.gob.do/wp-content/uploads/2024/08/temperaturas-extremas-y-precipitaciones-2024x07x31-a.pdf
2024-07-31,061,ARROYO LORO,SAN JUAN,IDIAF,EMCO,36.6,22.0,0.0,https://indomet.gob.do/wp-content/uploads/2024/08/temperaturas-extremas-y-precipitaciones-2024x07x31-a.pdf
2024-07-31,062,BOCA DE MAO (EMA),VALVERDE,MINISTERIO DE AGRICULTURA,EMAP,39.3,24.9,0.0,https://indomet.gob.do/wp-content/uploads/2024/08/temperaturas-extremas-y-precipitaciones-2024x07x31-a.pdf
2024-07-31,063,CABRAL,BARAHONA,MINISTERIO DE AGRICULTURA,EMCV,36.3,25.2,0.0,https://indomet.gob.do/wp-content/uploads/2024/08/temperaturas-extremas-y-precipitaciones-2024x07x31-a.pdf
2024-07-31,064,CONSTANZA (EMA),LA VEGA,PROGRAMA MUNDIAL DE ALIMENTO,EMAP,27.1,16.3,0.0,https://indomet.gob.do/wp-content/uploads/2024/08/temperaturas-extremas-y-precipitaciones-2024x07x31-a.pdf
2024-07-31,065,DAJABÓN,DAJABÓN,INSTITUTO POLITÉCNICO LOYOLA,EMCO,34.5,23.5,0.0,https://indomet.gob.do/wp-content/uploads/2024/08/temperaturas-extremas-y-precipitaciones-2024x07x31-a.pdf
2024-07-31,066,ELÍAS PIÑA,ELÍAS PIÑA,MINISTERIO DE AGRICULTURA,EMCV,,,0.0,https://indomet.gob.do/wp-content/uploads/2024/08/temperaturas-extremas-y-precipitaciones-2024x07x31-a.pdf
2024-07-31,067,ESCONDIDO,PERAVIA,MINISTERIO DE AGRICULTURA,EMCV,34.0,25.0,0.0,https://indomet.gob.do/wp-content/uploads/2024/08/temperaturas-extremas-y-precipitaciones-2024x07x31-a.pdf
2024-07-31,068,JIMANÍ,INDEPENDENCIA,MINISTERIO DE AGRICULTURA,EMCO,38.8,26.6,0.0,https://indomet.gob.do/wp-content/uploads/2024/08/temperaturas-extremas-y-precipitaciones-2024x07x31-a.pdf
2024-07-31,069,LAS MATAS DE SANTA CRUZ (EMA,MONTE CRISTI,PROGRAMA MUNDIAL DE ALIMENTO,EMAP,,,0.0,https://indomet.gob.do/wp-content/uploads/2024/08/temperaturas-extremas-y-precipitaciones-2024x07x31-a.pdf
2024-07-31,070,MAO,VALVERDE,INDRHI / MINISTERIO DE AGRICULTURA,EMCV,,,0.0,https://indomet.gob.do/wp-content/uploads/2024/08/temperaturas-extremas-y-precipitaciones-2024x07x31-a.pdf
2024-07-31,071,MONCIÓN (EMA),SANTIAGO RODRÍGUEZ,PROGRAMA MUNDIAL DE ALIMENTO,EMAP,34.8,21.8,0.0,https://indomet.gob.do/wp-content/uploads/2024/08/temperaturas-extremas-y-precipitaciones-2024x07x31-a.pdf
2024-07-31,072,OLIVARES,PEDERNALES,INDRHI,EMCO,,,0.0,https://indomet.gob.do/wp-content/uploads/2024/08/temperaturas-extremas-y-precipitaciones-2024x07x31-a.pdf
2024-07-31,073,PADRE LAS CASAS,AZUA,HOSP. NTRA. SRA. DEL CARMEN,EMCO,32.5,21.4,0.0,https://indomet.gob.do/wp-content/uploads/2024/08/temperaturas-extremas-y-precipitaciones-2024x07x31-a.pdf
2024-07-31,074,PEDERNALES,PEDERNALES,INDRHI,EMCO,,,0.0,https://indomet.gob.do/wp-content/uploads/2024/08/temperaturas-extremas-y-precipitaciones-2024x07x31-a.pdf
2024-07-31,075,PERALTA,AZUA,HOSP. MPAL. DE PERALTA,EMCO,33.0,21.0,0.0,https://indomet.gob.do/wp-content/uploads/2024/08/temperaturas-extremas-y-precipitaciones-2024x07x31-a.pdf
2024-07-31,076,PESCADERIA (EMA),BARAHONA,MINISTERIO DE AGRICULTURA,EMAP,35.8,24.6,0.0,https://indomet.gob.do/wp-content/uploads/2024/08/temperaturas-extremas-y-precipitaciones-2024x07x31-a.pdf
2024-07-31,077,RESTAURACIÓN,DAJABÓN,MINISTERIO DE AGRICULTURA,EMCO,32.3,19.9,0.0,https://indomet.gob.do/wp-content/uploads/2024/08/temperaturas-extremas-y-precipitaciones-2024x07x31-a.pdf
2024-07-31,078,SABANETA (EMA),SANTIAGO RODRÍGUEZ,PROGRAMA MUNDIAL DE ALIMENTO,EMAP,38.7,23.7,0.0,https://indomet.gob.do/wp-content/uploads/2024/08/temperaturas-extremas-y-precipitaciones-2024x07x31-a.pdf
2024-07-31,079,SANTIAGO RODRÍGUEZ,SANTIAGO RODRÍGUEZ,ONAMET,EMCO,37.5,24.0,0.0,https://indomet.gob.do/wp-content/uploads/2024/08/temperaturas-extremas-y-precipitaciones-2024x07x31-a.pdf
2024-07-31,080,TÁBARA ABAJO,AZUA,INDRHI,EMCO,34.6,25.2,0.0,https://indomet.gob.do/wp-content/uploads/2024/08/temperaturas-extremas-y-precipitaciones-2024x07x31-a.pdf
2024-08-01,001,POLO,BARAHONA,INDOCAFE,EMCO,31.0,19.5,127.7,https://indomet.gob.do/wp-content/uploads/2024/08/temperaturas-extremas-y-precipitaciones-2024x08x01b.pdf
2024-08-01,002,ARPT. MARÍA MONTEZ,BARAHONA,ONAMET,EMCO,34.2,22.4,55.6,https://indomet.gob.do/wp-content/uploads/2024/08/temperaturas-extremas-y-precipitaciones-2024x08x01b.pdf
2024-08-01,003,CABRAL,BARAHONA,MINISTERIO DE AGRICULTURA,EMCV,35.5,23.5,42.6,https://indomet.gob.do/wp-content/uploads/2024/08/temperaturas-extremas-y-precipitaciones-2024x08x01b.pdf
2024-08-01,004,PEDERNALES,PEDERNALES,INDRHI,EMCO,,,42.6,https://indomet.gob.do/wp-content/uploads/2024/08/temperaturas-extremas-y-precipitaciones-2024x08x01b.pdf
2024-08-01,005,ARPT. DE LA ROMANA,LA ROMANA,ONAMET,EMCO,28.5,23.2,36.7,https://indomet.gob.do/wp-content/uploads/2024/08/temperaturas-extremas-y-precipitaciones-2024x08x01b.pdf
2024-08-01,006,PERALTA,AZUA,HOSP. MPAL. DE PERALTA,EMCO,32.0,19.5,35.3,https://indomet.gob.do/wp-content/uploads/2024/08/temperaturas-extremas-y-precipitaciones-2024x08x01b.pdf
2024-08-01,007,ARROYO LORO,SAN JUAN,IDIAF,EMCO,34.8,21.6,31.0,https://indomet.gob.do/wp-content/uploads/2024/08/temperaturas-extremas-y-precipitaciones-2024x08x01b.pdf
2024-08-01,008,JIMANÍ,INDEPENDENCIA,MINISTERIO DE AGRICULTURA,EMCO,35.8,22.0,29.4,https://indomet.gob.do/wp-content/uploads/2024/08/temperaturas-extremas-y-precipitaciones-2024x08x01b.pdf
2024-08-01,009,OLIVARES,PEDERNALES,INDRHI,EMCO,,,29.3,https://indomet.gob.do/wp-content/uploads/2024/08/temperaturas-extremas-y-precipitaciones-2024x08x01b.pdf
2024-08-01,010,ANAMUYA (EMA),LA ALTAGRACIA,MINISTERIO DE AGRICULTURA,EMAP,28.6,23.8,25.2,https://indomet.gob.do/wp-content/uploads/2024/08/temperaturas-extremas-y-precipitaciones-2024x08x01b.pdf
2024-08-01,011,VILLA RIVA,DUARTE,HOSP. MPAL. ALICIA DE LEGENDRE,EMCO,30.5,24.0,24.0,https://indomet.gob.do/wp-content/uploads/2024/08/temperaturas-extremas-y-precipitaciones-2024x08x01b.pdf
2024-08-01,012,SALCEDO,HERMANAS MIRABAL,PROPIEDAD DEL EMPLEADO,EMCO,,,20.6,https://indomet.gob.do/wp-content/uploads/2024/08/temperaturas-extremas-y-precipitaciones-2024x08x01b.pdf
2024-08-01,013,RESTAURACIÓN,DAJABÓN,MINISTERIO DE AGRICULTURA,EMCO,31.4,20.1,20.0,https://indomet.gob.do/wp-content/uploads/2024/08/temperaturas-extremas-y-precipitaciones-2024x08x01b.pdf
2024-08-01,014,LA VICTORIA,SANTO DOMINGO,CUERPO DE BOMBEROS,EMCO,31.3,24.0,19.0,https://indomet.gob.do/wp-content/uploads/2024/08/temperaturas-extremas-y-precipitaciones-2024x08x01b.pdf
2024-08-01,015,ARPT. DE LAS AMÉRICAS,SANTO DOMINGO,ONAMET,EMCO,29.5,24.6,18.2,https://indomet.gob.do/wp-content/uploads/2024/08/temperaturas-extremas-y-precipitaciones-2024x08x01b.pdf
2024-08-01,016,SAN RAFAEL DEL YUMA,LA ALTAGRACIA,MINISTERIO DE AGRICULTURA,EMCO,30.0,23.1,18.0,https://indomet.gob.do/wp-content/uploads/2024/08/temperaturas-extremas-y-precipitaciones-2024x08x01b.pdf
2024-08-01,017,JARDÍN BOTÁNICO NACIONAL,DISTRITO NACIONAL,JARDÍN BOTÁNICO NACIONAL,EMCV,31.0,23.2,13.4,https://indomet.gob.do/wp-content/uploads/2024/08/temperaturas-extremas-y-precipitaciones-2024x08x01b.pdf
2024-08-01,018,ARPT. DE PUNTA CANA,LA ALTAGRACIA,ONAMET,EMCO,31.0,23.0,12.8,https://indomet.gob.do/wp-content/uploads/2024/08/temperaturas-extremas-y-precipitaciones-2024x08x01b.pdf
2024-08-01,019,LOS TRES CHARCOS (EMA),PEDERNALES,PROPIEDAD DEL VOLUNTARIO,EMAP,31.2,22.8,12.8,https://indomet.gob.do/wp-content/uploads/2024/08/temperaturas-extremas-y-precipitaciones-2024x08x01b.pdf
2024-08-01,020,BOHECHÍO,SAN JUAN,MINISTERIO DE AGRICULTURA,EMCV,,,12.5,https://indomet.gob.do/wp-content/uploads/2024/08/temperaturas-extremas-y-precipitaciones-2024x08x01b.pdf
2024-08-01,021,JUMA BEJUCAL,MONSEÑOR NOUEL,IDIAF,EMCV,29.8,22.4,9.1,https://indomet.gob.do/wp-content/uploads/2024/08/temperaturas-extremas-y-precipitaciones-2024x08x01b.pdf
2024-08-01,022,HONDO VALLE,ELÍAS PIÑA,MINISTERIO DE AGRICULTURA,EMCO,27.4,18.1,8.9,https://indomet.gob.do/wp-content/uploads/2024/08/temperaturas-extremas-y-precipitaciones-2024x08x01b.pdf
2024-08-01,023,SANTO DOMINGO ESTE,SANTO DOMINGO,ONAMET,EMCO,31.0,25.4,8.5,https://indomet.gob.do/wp-content/uploads/2024/08/temperaturas-extremas-y-precipitaciones-2024x08x01b.pdf
2024-08-01,024,ELÍAS PIÑA,ELÍAS PIÑA,MINISTERIO DE AGRICULTURA,EMCV,,,8.4,https://indomet.gob.do/wp-content/uploads/2024/08/temperaturas-extremas-y-precipitaciones-2024x08x01b.pdf
2024-08-01,025,SABANA GRANDE DE BOYÁ,MONTE PLATA,MINISTERIO DE AGRICULTURA,EMCV,,,8.4,https://indomet.gob.do/wp-content/uploads/2024/08/temperaturas-extremas-y-precipitaciones-2024x08x01b.pdf
2024-08-01,026,ARPT. LA ISABELA,SANTO DOMINGO,ONAMET,EMCO,31.5,22.5,8.2,https://indomet.gob.do/wp-content/uploads/2024/08/temperaturas-extremas-y-precipitaciones-2024x08x01b.pdf
2024-08-01,027,ARPT. DEL CIBAO,SANTIAGO,ONAMET,EMCO,31.0,22.4,7.7,https://indomet.gob.do/wp-content/uploads/2024/08/temperaturas-extremas-y-precipitaciones-2024x08x01b.pdf
2024-08-01,028,RANCHO ARRIBA,SAN JOSÉ DE OCOA,CENTRO TECNOLÓGICO COMUNITARIO,EMCO,28.7,19.4,7.5,https://indomet.gob.do/wp-content/uploads/2024/08/temperaturas-extremas-y-precipitaciones-2024x08x01b.pdf
2024-08-01,029,BONAO,MONSEÑOR NOUEL,MINISTERIO DE AGRICULTURA,EMCV,,,6.9,https://indomet.gob.do/wp-content/uploads/2024/08/temperaturas-extremas-y-precipitaciones-2024x08x01b.pdf
2024-08-01,030,CENTRO DE LOS HEROES (EMA),DISTRITO NACIONAL,MINISTERIO DE ENERGIA Y MINA,EMAP,30.7,26.0,6.6,https://indomet.gob.do/wp-content/uploads/2024/08/temperaturas-extremas-y-precipitaciones-2024x08x01b.pdf
2024-08-01,031,MATA LARGA (EMA),DUARTE,MINISTERIO DE AGRICULTURA,EMAP,30.2,23.8,6.4,https://indomet.gob.do/wp-content/uploads/2024/08/temperaturas-extremas-y-precipitaciones-2024x08x01b.pdf
2024-08-01,032,SAN JOSÉ DE OCOA,SAN JOSÉ DE OCOA,HOSP. SAN JOSÉ DE OCOA,EMCO,31.3,21.3,6.4,https://indomet.gob.do/wp-content/uploads/2024/08/temperaturas-extremas-y-precipitaciones-2024x08x01b.pdf
2024-08-01,033,HATO MAYOR,HATO MAYOR,MINISTERIO DE AGRICULTURA,EMCV,,,6.1,https://indomet.gob.do/wp-content/uploads/2024/08/temperaturas-extremas-y-precipitaciones-2024x08x01b.pdf
2024-08-01,034,SAMANÁ,SAMANÁ,COMANDANCIA DE PUERTO DE SAMANÁ,EMCO,29.0,23.4,6.0,https://indomet.gob.do/wp-content/uploads/2024/08/temperaturas-extremas-y-precipitaciones-2024x08x01b.pdf
2024-08-01,035,CONSTANZA,LA VEGA,MINISTERIO DE AGRICULTURA,EMCO,25.5,17.5,5.8,https://indomet.gob.do/wp-content/uploads/2024/08/temperaturas-extremas-y-precipitaciones-2024x08x01b.pdf
2024-08-01,036,SÁNCHEZ,SAMANÁ,MINISTERIO DE AGRICULTURA,EMCO,30.5,24.1,5.8,https://indomet.gob.do/wp-content/uploads/2024/08/temperaturas-extremas-y-precipitaciones-2024x08x01b.pdf
2024-08-01,037,BAYAGUANA,MONTE PLATA,ONAMET,EMCO,30.6,23.6,5.3,https://indomet.gob.do/wp-content/uploads/2024/08/temperaturas-extremas-y-precipitaciones-2024x08x01b.pdf
2024-08-01,038,ARPT. ARROYO BARRIL,SAMANÁ,ONAMET,EMCO,29.5,24.0,5.2,https://indomet.gob.do/wp-content/uploads/2024/08/temperaturas-extremas-y-precipitaciones-2024x08x01b.pdf
2024-08-01,039,SAN FRANCISCO DE MACORÍS,DUARTE,San Francisco de Macorís (UASD),EMCO,33.6,23.2,4.6,https://indomet.gob.do/wp-content/uploads/2024/08/temperaturas-extremas-y-precipitaciones-2024x08x01b.pdf
2024-08-01,040,ARPT. EL CATEY,SAMANÁ,ONAMET,EMCO,28.8,23.2,4.3,https://indomet.gob.do/wp-content/uploads/2024/08/temperaturas-extremas-y-precipitaciones-2024x08x01b.pdf
2024-08-01,041,EL FACTOR (EMA),MARÍA TRINIDAD SÁNCHEZ,INTEC,EMAP,30.0,24.3,3.8,https://indomet.gob.do/wp-content/uploads/2024/08/temperaturas-extremas-y-precipitaciones-2024x08x01b.pdf
2024-08-01,042,VALLE NUEVO (EMA),LA VEGA,MARENA,EMAO,,,3.8,https://indomet.gob.do/wp-content/uploads/2024/08/temperaturas-extremas-y-precipitaciones-2024x08x01b.pdf
2024-08-01,043,JARABACOA,LA VEGA,INDRHI / MARENA,EMCO,29.4,19.0,3.5,https://indomet.gob.do/wp-content/uploads/2024/08/temperaturas-extremas-y-precipitaciones-2024x08x01b.pdf
2024-08-01,044,PRESA DE TAVERAS (EMA),LA VEGA,PROGRAMA MUNDIAL DE ALIMENTO,EMAP,29.9,22.6,3.4,https://indomet.gob.do/wp-content/uploads/2024/08/temperaturas-extremas-y-precipitaciones-2024x08x01b.pdf
2024-08-01,045,ALTAMIRA,PUERTO PLATA,HOSP. MPAL. DE ALTAMIRA,EMCO,28.6,22.8,3.3,https://indomet.gob.do/wp-content/uploads/2024/08/temperaturas-extremas-y-precipitaciones-2024x08x01b.pdf
2024-08-01,046,ARPT. GREGORIO LUPERÓN,PUERTO PLATA,ONAMET,EMCO,29.0,24.0,3.3,https://indomet.gob.do/wp-content/uploads/2024/08/temperaturas-extremas-y-precipitaciones-2024x08x01b.pdf
2024-08-01,047,PADRE LAS CASAS,AZUA,HOSP. NTRA. SRA. DEL CARMEN,EMCO,31.5,21.0,3.3,https://indomet.gob.do/wp-content/uploads/2024/08/temperaturas-extremas-y-precipitaciones-2024x08x01b.pdf
2024-08-01,048,JARABACOA (EMA),LA VEGA,PROGRAMA MUNDIAL DE ALIMENTO,EMAP,29.0,20.5,3.2,https://indomet.gob.do/wp-content/uploads/2024/08/temperaturas-extremas-y-precipitaciones-2024x08x01b.pdf
2024-08-01,049,DAJABÓN,DAJABÓN,INSTITUTO POLITÉCNICO LOYOLA,EMCO,36.2,20.7,3.0,https://indomet.gob.do/wp-content/uploads/2024/08/temperaturas-extremas-y-precipitaciones-2024x08x01b.pdf
2024-08-01,050,MOCA,ESPAILLAT,MINISTERIO DE AGRICULTURA,EMCV,,,3.0,https://indomet.gob.do/wp-content/uploads/2024/08/temperaturas-extremas-y-precipitaciones-2024x08x01b.pdf
2024-08-01,051,SAN CRISTÓBAL,SAN CRISTÓBAL,INSTITUTO POLITÉCNICO LOYOLA,EMCO,31.2,27.1,2.8,https://indomet.gob.do/wp-content/uploads/2024/08/temperaturas-extremas-y-precipitaciones-2024x08x01b.pdf
2024-08-01,052,LA VEGA,LA VEGA,IATESA,EMCO,31.0,23.5,2.7,https://indomet.gob.do/wp-content/uploads/2024/08/temperaturas-extremas-y-precipitaciones-2024x08x01b.pdf
2024-08-01,053,RÍO SAN JUAN,MARÍA TRINIDAD SÁNCHEZ,HOSP. MPAL. DR. DESIDERIO ACOSTA,EMCV,34.3,24.7,2.5,https://indomet.gob.do/wp-content/uploads/2024/08/temperaturas-extremas-y-precipitaciones-2024x08x01b.pdf
2024-08-01,054,SABANA DE LA MAR,HATO MAYOR,ONAMET,EMCO,30.5,23.0,2.5,https://indomet.gob.do/wp-content/uploads/2024/08/temperaturas-extremas-y-precipitaciones-2024x08x01b.pdf
2024-08-01,055,TÁBARA ABAJO,AZUA,INDRHI,EMCO,31.6,22.0,2.4,https://indomet.gob.do/wp-content/uploads/2024/08/temperaturas-extremas-y-precipitaciones-2024x08x01b.pdf
2024-08-01,056,LOS LLANOS,SAN PEDRO DE MACORÍS,MINISTERIO DE AGRICULTURA,EMCO,30.3,21.5,2.2,https://indomet.gob.do/wp-content/uploads/2024/08/temperaturas-extremas-y-precipitaciones-2024x08x01b.pdf
2024-08-01,057,VILLA GONZALES,SANTIAGO,MINISTERIO DE AGRICULTURA,EMCO,,,2.0,https://indomet.gob.do/wp-content/uploads/2024/08/temperaturas-extremas-y-precipitaciones-2024x08x01b.pdf
2024-08-01,058,LUPERÓN,PUERTO PLATA,MINISTERIO DE AGRICULTURA,EMCV,,,1.5,https://indomet.gob.do/wp-content/uploads/2024/08/temperaturas-extremas-y-precipitaciones-2024x08x01b.pdf
2024-08-01,059,NAVARRETE,SANTIAGO,MINISTERIO DE AGRICULTURA,EMCV,,,1.0,https://indomet.gob.do/wp-content/uploads/2024/08/temperaturas-extremas-y-precipitaciones-2024x08x01b.pdf
2024-08-01,060,CABRERA,MARÍA TRINIDAD SÁNCHEZ,ESCUELA ARÍSTIDES FIALLO CABRAL,EMCO,29.0,25.5,0.8,https://indomet.gob.do/wp-content/uploads/2024/08/temperaturas-extremas-y-precipitaciones-2024x08x01b.pdf
2024-08-01,061,ESCONDIDO,PERAVIA,MINISTERIO DE AGRICULTURA,EMCV,32.0,24.0,0.8,https://indomet.gob.do/wp-content/uploads/2024/08/temperaturas-extremas-y-precipitaciones-2024x08x01b.pdf
2024-08-01,062,LAS MATAS DE SANTA CRUZ (EMA,MONTE CRISTI,PROGRAMA MUNDIAL DE ALIMENTO,EMAP,32.3,24.9,0.8,https://indomet.gob.do/wp-content/uploads/2024/08/temperaturas-extremas-y-precipitaciones-2024x08x01b.pdf
2024-08-01,063,MONTE CRISTI,MONTE CRISTI,ONAMET,EMCO,33.5,25.0,0.8,https://indomet.gob.do/wp-content/uploads/2024/08/temperaturas-extremas-y-precipitaciones-2024x08x01b.pdf
2024-08-01,064,PALMAR ABAJO (EMA),SANTIAGO,MINISTERIO DE AGRICULTURA,EMAP,31.6,24.9,0.6,https://indomet.gob.do/wp-content/uploads/2024/08/temperaturas-extremas-y-precipitaciones-2024x08x01b.pdf
2024-08-01,065,MAO,VALVERDE,INDRHI / MINISTERIO DE AGRICULTURA,EMCV,,,0.5,https://indomet.gob.do/wp-content/uploads/2024/08/temperaturas-extremas-y-precipitaciones-2024x08x01b.pdf
2024-08-01,066,CONSTANZA (EMA),LA VEGA,PROGRAMA MUNDIAL DE ALIMENTO,EMAP,24.8,17.3,0.2,https://indomet.gob.do/wp-content/uploads/2024/08/temperaturas-extremas-y-precipitaciones-2024x08x01b.pdf
2024-08-01,067,LAS CANAS (EMA),MONTE CRISTI,PROGRAMA MUNDIAL DE ALIMENTO,EMAP,,,0.2,https://indomet.gob.do/wp-content/uploads/2024/08/temperaturas-extremas-y-precipitaciones-2024x08x01b.pdf
2024-08-01,068,VILLA ISABELA,PUERTO PLATA,MINISTERIO DE AGRICULTURA,EMCV,,,0.1,https://indomet.gob.do/wp-content/uploads/2024/08/temperaturas-extremas-y-precipitaciones-2024x08x01b.pdf
2024-08-01,069,VILLA VÁSQUEZ,MONTE CRISTI,PROPIEDAD DEL EMPLEADO,EMCO,34.5,19.5,0.1,https://indomet.gob.do/wp-content/uploads/2024/08/temperaturas-extremas-y-precipitaciones-2024x08x01b.pdf
2024-08-01,070,BOCA DE MAO (EMA),VALVERDE,MINISTERIO DE AGRICULTURA,EMAP,35.4,25.2,0.0,https://indomet.gob.do/wp-content/uploads/2024/08/temperaturas-extremas-y-precipitaciones-2024x08x01b.pdf
2024-08-01,071,EL CERCADO,SAN JUAN,MINISTERIO DE AGRICULTURA,EMCV,,,0.0,https://indomet.gob.do/wp-content/uploads/2024/08/temperaturas-extremas-y-precipitaciones-2024x08x01b.pdf
2024-08-01,072,GASPAR HERNÁNDEZ,ESPAILLAT,PROPIEDAD DEL EMPLEADO,EMCO,,,0.0,https://indomet.gob.do/wp-content/uploads/2024/08/temperaturas-extremas-y-precipitaciones-2024x08x01b.pdf
2024-08-01,073,LAS MATAS DE SANTA CRUZ,MONTE CRISTI,INDRHI,EMCV,,,0.0,https://indomet.gob.do/wp-content/uploads/2024/08/temperaturas-extremas-y-precipitaciones-2024x08x01b.pdf
2024-08-01,074,MONCIÓN (EMA),SANTIAGO RODRÍGUEZ,PROGRAMA MUNDIAL DE ALIMENTO,EMAP,31.7,22.1,0.0,https://indomet.gob.do/wp-content/uploads/2024/08/temperaturas-extremas-y-precipitaciones-2024x08x01b.pdf
2024-08-01,075,PALO ÍNDIO,PUERTO PLATA,MINISTERIO DE AGRICULTURA,EMCO,,,0.0,https://indomet.gob.do/wp-content/uploads/2024/08/temperaturas-extremas-y-precipitaciones-2024x08x01b.pdf
2024-08-01,076,PESCADERIA (EMA),BARAHONA,MINISTERIO DE AGRICULTURA,EMAP,35.2,22.6,0.0,https://indomet.gob.do/wp-content/uploads/2024/08/temperaturas-extremas-y-precipitaciones-2024x08x01b.pdf
2024-08-01,077,SABANETA (EMA),SANTIAGO RODRÍGUEZ,PROGRAMA MUNDIAL DE ALIMENTO,EMAP,34.2,24.4,0.0,https://indomet.gob.do/wp-content/uploads/2024/08/temperaturas-extremas-y-precipitaciones-2024x08x01b.pdf
2024-08-02,001,CONSTANZA,LA VEGA,MINISTERIO DE AGRICULTURA,EMCO,28.6,14.5,49.3,https://indomet.gob.do/wp-content/uploads/2024/08/temperaturas-extremas-y-precipitaciones-2024x08x02-a.pdf
2024-08-02,002,PRESA DE TAVERAS (EMA),LA VEGA,PROGRAMA MUNDIAL DE ALIMENTO,EMAP,30.4,22.6,36.6,https://indomet.gob.do/wp-content/uploads/2024/08/temperaturas-extremas-y-precipitaciones-2024x08x02-a.pdf
2024-08-02,003,SABANA DE LA MAR,HATO MAYOR,ONAMET,EMCO,31.5,22.5,30.1,https://indomet.gob.do/wp-content/uploads/2024/08/temperaturas-extremas-y-precipitaciones-2024x08x02-a.pdf
2024-08-02,004,LAS MATAS DE SANTA CRUZ (EMA,MONTE CRISTI,PROGRAMA MUNDIAL DE ALIMENTO,EMAP,,,19.6,https://indomet.gob.do/wp-content/uploads/2024/08/temperaturas-extremas-y-precipitaciones-2024x08x02-a.pdf
2024-08-02,005,HATO MAYOR,HATO MAYOR,MINISTERIO DE AGRICULTURA,EMCV,,,16.8,https://indomet.gob.do/wp-content/uploads/2024/08/temperaturas-extremas-y-precipitaciones-2024x08x02-a.pdf
2024-08-02,006,BONAO,MONSEÑOR NOUEL,MINISTERIO DE AGRICULTURA,EMCV,,,12.0,https://indomet.gob.do/wp-content/uploads/2024/08/temperaturas-extremas-y-precipitaciones-2024x08x02-a.pdf
2024-08-02,007,MONCIÓN (EMA),SANTIAGO RODRÍGUEZ,PROGRAMA MUNDIAL DE ALIMENTO,EMAP,32.3,19.7,12.0,https://indomet.gob.do/wp-content/uploads/2024/08/temperaturas-extremas-y-precipitaciones-2024x08x02-a.pdf
2024-08-02,008,ANAMUYA (EMA),LA ALTAGRACIA,MINISTERIO DE AGRICULTURA,EMAP,32.0,25.2,11.8,https://indomet.gob.do/wp-content/uploads/2024/08/temperaturas-extremas-y-precipitaciones-2024x08x02-a.pdf
2024-08-02,009,ARPT. DE PUNTA CANA,LA ALTAGRACIA,ONAMET,EMCO,32.2,22.9,11.8,https://indomet.gob.do/wp-content/uploads/2024/08/temperaturas-extremas-y-precipitaciones-2024x08x02-a.pdf
2024-08-02,010,SAN JOSÉ DE OCOA,SAN JOSÉ DE OCOA,HOSP. SAN JOSÉ DE OCOA,EMCO,32.0,23.5,9.8,https://indomet.gob.do/wp-content/uploads/2024/08/temperaturas-extremas-y-precipitaciones-2024x08x02-a.pdf
2024-08-02,011,DAJABÓN,DAJABÓN,INSTITUTO POLITÉCNICO LOYOLA,EMCO,35.2,22.5,8.9,https://indomet.gob.do/wp-content/uploads/2024/08/temperaturas-extremas-y-precipitaciones-2024x08x02-a.pdf
2024-08-02,012,LAS CANAS (EMA),MONTE CRISTI,PROGRAMA MUNDIAL DE ALIMENTO,EMAP,32.1,23.2,8.2,https://indomet.gob.do/wp-content/uploads/2024/08/temperaturas-extremas-y-precipitaciones-2024x08x02-a.pdf
2024-08-02,013,SÁNCHEZ,SAMANÁ,MINISTERIO DE AGRICULTURA,EMCO,30.2,23.8,7.2,https://indomet.gob.do/wp-content/uploads/2024/08/temperaturas-extremas-y-precipitaciones-2024x08x02-a.pdf
2024-08-02,014,PERALTA,AZUA,HOSP. MPAL. DE PERALTA,EMCO,31.5,19.0,5.8,https://indomet.gob.do/wp-content/uploads/2024/08/temperaturas-extremas-y-precipitaciones-2024x08x02-a.pdf
2024-08-02,015,CABRERA,MARÍA TRINIDAD SÁNCHEZ,ESCUELA ARÍSTIDES FIALLO CABRAL,EMCO,32.7,26.5,4.0,https://indomet.gob.do/wp-content/uploads/2024/08/temperaturas-extremas-y-precipitaciones-2024x08x02-a.pdf
2024-08-02,016,VILLA RIVA,DUARTE,HOSP. MPAL. ALICIA DE LEGENDRE,EMCO,33.0,24.3,2.6,https://indomet.gob.do/wp-content/uploads/2024/08/temperaturas-extremas-y-precipitaciones-2024x08x02-a.pdf
2024-08-02,017,SABANA GRANDE DE BOYÁ,MONTE PLATA,MINISTERIO DE AGRICULTURA,EMCV,,,2.5,https://indomet.gob.do/wp-content/uploads/2024/08/temperaturas-extremas-y-precipitaciones-2024x08x02-a.pdf
2024-08-02,018,SAMANÁ,SAMANÁ,COMANDANCIA DE PUERTO DE SAMANÁ,EMCO,33.2,24.5,2.4,https://indomet.gob.do/wp-content/uploads/2024/08/temperaturas-extremas-y-precipitaciones-2024x08x02-a.pdf
2024-08-02,019,POLO,BARAHONA,INDOCAFE,EMCO,30.0,21.5,2.0,https://indomet.gob.do/wp-content/uploads/2024/08/temperaturas-extremas-y-precipitaciones-2024x08x02-a.pdf
2024-08-02,020,ARPT. DE LAS AMÉRICAS,SANTO DOMINGO,ONAMET,EMCO,33.3,23.0,1.7,https://indomet.gob.do/wp-content/uploads/2024/08/temperaturas-extremas-y-precipitaciones-2024x08x02-a.pdf
2024-08-02,021,MATA LARGA (EMA),DUARTE,MINISTERIO DE AGRICULTURA,EMAP,33.6,23.7,1.6,https://indomet.gob.do/wp-content/uploads/2024/08/temperaturas-extremas-y-precipitaciones-2024x08x02-a.pdf
2024-08-02,022,RÍO SAN JUAN,MARÍA TRINIDAD SÁNCHEZ,HOSP. MPAL. DR. DESIDERIO ACOSTA,EMCV,32.9,24.9,1.5,https://indomet.gob.do/wp-content/uploads/2024/08/temperaturas-extremas-y-precipitaciones-2024x08x02-a.pdf
2024-08-02,023,ARPT. ARROYO BARRIL,SAMANÁ,ONAMET,EMCO,32.4,23.5,1.5,https://indomet.gob.do/wp-content/uploads/2024/08/temperaturas-extremas-y-precipitaciones-2024x08x02-a.pdf
2024-08-02,024,JARABACOA (EMA),LA VEGA,PROGRAMA MUNDIAL DE ALIMENTO,EMAP,31.7,19.2,1.4,https://indomet.gob.do/wp-content/uploads/2024/08/temperaturas-extremas-y-precipitaciones-2024x08x02-a.pdf
2024-08-02,025,JARABACOA,LA VEGA,INDRHI / MARENA,EMCO,31.8,16.8,1.3,https://indomet.gob.do/wp-content/uploads/2024/08/temperaturas-extremas-y-precipitaciones-2024x08x02-a.pdf
2024-08-02,026,BAYAGUANA,MONTE PLATA,ONAMET,EMCO,33.5,23.5,0.8,https://indomet.gob.do/wp-content/uploads/2024/08/temperaturas-extremas-y-precipitaciones-2024x08x02-a.pdf
2024-08-02,027,SAN RAFAEL DEL YUMA,LA ALTAGRACIA,MINISTERIO DE AGRICULTURA,EMCO,33.0,23.9,0.8,https://indomet.gob.do/wp-content/uploads/2024/08/temperaturas-extremas-y-precipitaciones-2024x08x02-a.pdf
2024-08-02,028,CENTRO DE LOS HEROES (EMA),DISTRITO NACIONAL,MINISTERIO DE ENERGIA Y MINA,EMAP,31.9,26.6,0.6,https://indomet.gob.do/wp-content/uploads/2024/08/temperaturas-extremas-y-precipitaciones-2024x08x02-a.pdf
2024-08-02,029,ENRIQUILLO,BARAHONA,MINISTERIO DE AGRICULTURA,EMCV,32.4,27.0,0.6,https://indomet.gob.do/wp-content/uploads/2024/08/temperaturas-extremas-y-precipitaciones-2024x08x02-a.pdf
2024-08-02,030,PADRE LAS CASAS,AZUA,HOSP. NTRA. SRA. DEL CARMEN,EMCO,30.7,19.8,0.5,https://indomet.gob.do/wp-content/uploads/2024/08/temperaturas-extremas-y-precipitaciones-2024x08x02-a.pdf
2024-08-02,031,ARPT. DE LA ROMANA,LA ROMANA,ONAMET,EMCO,32.5,23.5,0.5,https://indomet.gob.do/wp-content/uploads/2024/08/temperaturas-extremas-y-precipitaciones-2024x08x02-a.pdf
2024-08-02,032,BOCA DE MAO (EMA),VALVERDE,MINISTERIO DE AGRICULTURA,EMAP,37.6,24.5,0.5,https://indomet.gob.do/wp-content/uploads/2024/08/temperaturas-extremas-y-precipitaciones-2024x08x02-a.pdf
2024-08-02,033,PESCADERIA (EMA),BARAHONA,MINISTERIO DE AGRICULTURA,EMAP,33.3,26.7,0.4,https://indomet.gob.do/wp-content/uploads/2024/08/temperaturas-extremas-y-precipitaciones-2024x08x02-a.pdf
2024-08-02,034,ARPT. DEL CIBAO,SANTIAGO,ONAMET,EMCO,33.2,23.5,0.3,https://indomet.gob.do/wp-content/uploads/2024/08/temperaturas-extremas-y-precipitaciones-2024x08x02-a.pdf
2024-08-02,035,ARPT. MARÍA MONTEZ,BARAHONA,ONAMET,EMCO,32.4,22.4,0.3,https://indomet.gob.do/wp-content/uploads/2024/08/temperaturas-extremas-y-precipitaciones-2024x08x02-a.pdf
2024-08-02,036,RANCHO ARRIBA,SAN JOSÉ DE OCOA,CENTRO TECNOLÓGICO COMUNITARIO,EMCO,30.5,19.9,0.2,https://indomet.gob.do/wp-content/uploads/2024/08/temperaturas-extremas-y-precipitaciones-2024x08x02-a.pdf
2024-08-02,037,CABRAL,BARAHONA,MINISTERIO DE AGRICULTURA,EMCV,33.2,24.0,0.1,https://indomet.gob.do/wp-content/uploads/2024/08/temperaturas-extremas-y-precipitaciones-2024x08x02-a.pdf
2024-08-02,038,ALTAMIRA,PUERTO PLATA,HOSP. MPAL. DE ALTAMIRA,EMCO,33.4,23.1,0.0,https://indomet.gob.do/wp-content/uploads/2024/08/temperaturas-extremas-y-precipitaciones-2024x08x02-a.pdf
2024-08-02,039,ARPT. EL CATEY,SAMANÁ,ONAMET,EMCO,32.6,23.8,0.0,https://indomet.gob.do/wp-content/uploads/2024/08/temperaturas-extremas-y-precipitaciones-2024x08x02-a.pdf
2024-08-02,040,ARPT. GREGORIO LUPERÓN,PUERTO PLATA,ONAMET,EMCO,32.6,24.0,0.0,https://indomet.gob.do/wp-content/uploads/2024/08/temperaturas-extremas-y-precipitaciones-2024x08x02-a.pdf
2024-08-02,041,ARPT. LA ISABELA,SANTO DOMINGO,ONAMET,EMCO,34.0,23.5,0.0,https://indomet.gob.do/wp-content/uploads/2024/08/temperaturas-extremas-y-precipitaciones-2024x08x02-a.pdf
2024-08-02,042,ARROYO LORO,SAN JUAN,IDIAF,EMCO,33.0,21.0,0.0,https://indomet.gob.do/wp-content/uploads/2024/08/temperaturas-extremas-y-precipitaciones-2024x08x02-a.pdf
2024-08-02,043,EL FACTOR (EMA),MARÍA TRINIDAD SÁNCHEZ,INTEC,EMAP,33.9,24.3,0.0,https://indomet.gob.do/wp-content/uploads/2024/08/temperaturas-extremas-y-precipitaciones-2024x08x02-a.pdf
2024-08-02,044,ESCONDIDO,PERAVIA,MINISTERIO DE AGRICULTURA,EMCV,33.0,24.0,0.0,https://indomet.gob.do/wp-content/uploads/2024/08/temperaturas-extremas-y-precipitaciones-2024x08x02-a.pdf
2024-08-02,045,GASPAR HERNÁNDEZ,ESPAILLAT,PROPIEDAD DEL EMPLEADO,EMCO,,,0.0,https://indomet.gob.do/wp-content/uploads/2024/08/temperaturas-extremas-y-precipitaciones-2024x08x02-a.pdf
2024-08-02,046,HONDO VALLE,ELÍAS PIÑA,MINISTERIO DE AGRICULTURA,EMCO,28.4,18.7,0.0,https://indomet.gob.do/wp-content/uploads/2024/08/temperaturas-extremas-y-precipitaciones-2024x08x02-a.pdf
2024-08-02,047,JIMANÍ,INDEPENDENCIA,MINISTERIO DE AGRICULTURA,EMCO,35.0,22.5,0.0,https://indomet.gob.do/wp-content/uploads/2024/08/temperaturas-extremas-y-precipitaciones-2024x08x02-a.pdf
2024-08-02,048,JUMA BEJUCAL,MONSEÑOR NOUEL,IDIAF,EMCV,31.6,23.8,0.0,https://indomet.gob.do/wp-content/uploads/2024/08/temperaturas-extremas-y-precipitaciones-2024x08x02-a.pdf
2024-08-02,049,LA VEGA,LA VEGA,IATESA,EMCO,33.5,24.0,0.0,https://indomet.gob.do/wp-content/uploads/2024/08/temperaturas-extremas-y-precipitaciones-2024x08x02-a.pdf
2024-08-02,050,LA VICTORIA,SANTO DOMINGO,CUERPO DE BOMBEROS,EMCO,33.2,22.8,0.0,https://indomet.gob.do/wp-content/uploads/2024/08/temperaturas-extremas-y-precipitaciones-2024x08x02-a.pdf
2024-08-02,051,LOS LLANOS,SAN PEDRO DE MACORÍS,MINISTERIO DE AGRICULTURA,EMCO,34.1,21.0,0.0,https://indomet.gob.do/wp-content/uploads/2024/08/temperaturas-extremas-y-precipitaciones-2024x08x02-a.pdf
2024-08-02,052,LOS TRES CHARCOS (EMA),PEDERNALES,PROPIEDAD DEL VOLUNTARIO,EMAP,31.4,26.7,0.0,https://indomet.gob.do/wp-content/uploads/2024/08/temperaturas-extremas-y-precipitaciones-2024x08x02-a.pdf
2024-08-02,053,MONTE CRISTI,MONTE CRISTI,ONAMET,EMCO,35.5,25.0,0.0,https://indomet.gob.do/wp-content/uploads/2024/08/temperaturas-extremas-y-precipitaciones-2024x08x02-a.pdf
2024-08-02,054,NAVARRETE,SANTIAGO,MINISTERIO DE AGRICULTURA,EMCV,,,0.0,https://indomet.gob.do/wp-content/uploads/2024/08/temperaturas-extremas-y-precipitaciones-2024x08x02-a.pdf
2024-08-02,055,OLIVARES,PEDERNALES,INDRHI,EMCO,,,0.0,https://indomet.gob.do/wp-content/uploads/2024/08/temperaturas-extremas-y-precipitaciones-2024x08x02-a.pdf
2024-08-02,056,PALMAR ABAJO (EMA),SANTIAGO,MINISTERIO DE AGRICULTURA,EMAP,34.4,25.3,0.0,https://indomet.gob.do/wp-content/uploads/2024/08/temperaturas-extremas-y-precipitaciones-2024x08x02-a.pdf
2024-08-02,057,PALO ÍNDIO,PUERTO PLATA,MINISTERIO DE AGRICULTURA,EMCO,,,0.0,https://indomet.gob.do/wp-content/uploads/2024/08/temperaturas-extremas-y-precipitaciones-2024x08x02-a.pdf
2024-08-02,058,PEDERNALES,PEDERNALES,INDRHI,EMCO,,,0.0,https://indomet.gob.do/wp-content/uploads/2024/08/temperaturas-extremas-y-precipitaciones-2024x08x02-a.pdf
2024-08-02,059,RESTAURACIÓN,DAJABÓN,MINISTERIO DE AGRICULTURA,EMCO,31.7,18.6,0.0,https://indomet.gob.do/wp-content/uploads/2024/08/temperaturas-extremas-y-precipitaciones-2024x08x02-a.pdf
2024-08-02,060,SABANETA (EMA),SANTIAGO RODRÍGUEZ,PROGRAMA MUNDIAL DE ALIMENTO,EMAP,37.4,22.6,0.0,https://indomet.gob.do/wp-content/uploads/2024/08/temperaturas-extremas-y-precipitaciones-2024x08x02-a.pdf
2024-08-02,061,SAN CRISTÓBAL,SAN CRISTÓBAL,INSTITUTO POLITÉCNICO LOYOLA,EMCO,32.0,27.7,0.0,https://indomet.gob.do/wp-content/uploads/2024/08/temperaturas-extremas-y-precipitaciones-2024x08x02-a.pdf
2024-08-02,062,SANTIAGO RODRÍGUEZ,SANTIAGO RODRÍGUEZ,ONAMET,EMCO,37.0,23.3,0.0,https://indomet.gob.do/wp-content/uploads/2024/08/temperaturas-extremas-y-precipitaciones-2024x08x02-a.pdf
2024-08-02,063,SANTO DOMINGO ESTE,SANTO DOMINGO,ONAMET,EMCO,33.2,25.2,0.0,https://indomet.gob.do/wp-content/uploads/2024/08/temperaturas-extremas-y-precipitaciones-2024x08x02-a.pdf
2024-08-02,064,TÁBARA ABAJO,AZUA,INDRHI,EMCO,33.7,25.4,0.0,https://indomet.gob.do/wp-content/uploads/2024/08/temperaturas-extremas-y-precipitaciones-2024x08x02-a.pdf
2024-08-02,065,TAMBORIL,SANTIAGO,MINISTERIO DE AGRICULTURA,EMCV,,,0.0,https://indomet.gob.do/wp-content/uploads/2024/08/temperaturas-extremas-y-precipitaciones-2024x08x02-a.pdf
2024-08-02,066,VILLA GONZALES,SANTIAGO,MINISTERIO DE AGRICULTURA,EMCO,,,0.0,https://indomet.gob.do/wp-content/uploads/2024/08/temperaturas-extremas-y-precipitaciones-2024x08x02-a.pdf
2024-08-02,067,VILLA ISABELA,PUERTO PLATA,MINISTERIO DE AGRICULTURA,EMCV,,,0.0,https://indomet.gob.do/wp-content/uploads/2024/08/temperaturas-extremas-y-precipitaciones-2024x08x02-a.pdf
2024-08-02,068,VILLA VÁSQUEZ,MONTE CRISTI,PROPIEDAD DEL EMPLEADO,EMCO,35.5,20.4,0.0,https://indomet.gob.do/wp-content/uploads/2024/08/temperaturas-extremas-y-precipitaciones-2024x08x02-a.pdf
2024-08-03,001,VILLA ALTAGRACIA,SAN CRISTÓBAL,ESCUELA JAVIER ANGULO GURIDI,EMCO,33.3,24.2,22.3,https://indomet.gob.do/wp-content/uploads/2024/08/temperaturas-extremas-y-precipitaciones-2024x08x03-b-1.pdf
2024-08-03,002,SAMANÁ,SAMANÁ,COMANDANCIA DE PUERTO DE SAMANÁ,EMCO,33.3,23.9,12.2,https://indomet.gob.do/wp-content/uploads/2024/08/temperaturas-extremas-y-precipitaciones-2024x08x03-b-1.pdf
2024-08-03,003,SABANA GRANDE DE BOYÁ,MONTE PLATA,MINISTERIO DE AGRICULTURA,EMCV,,,10.7,https://indomet.gob.do/wp-content/uploads/2024/08/temperaturas-extremas-y-precipitaciones-2024x08x03-b-1.pdf
2024-08-03,004,ARPT. DE PUNTA CANA,LA ALTAGRACIA,ONAMET,EMCO,32.3,24.0,10.4,https://indomet.gob.do/wp-content/uploads/2024/08/temperaturas-extremas-y-precipitaciones-2024x08x03-b-1.pdf
2024-08-03,005,CONSTANZA (EMA),LA VEGA,PROGRAMA MUNDIAL DE ALIMENTO,EMAP,26.9,17.1,7.2,https://indomet.gob.do/wp-content/uploads/2024/08/temperaturas-extremas-y-precipitaciones-2024x08x03-b-1.pdf
2024-08-03,006,EL FACTOR (EMA),MARÍA TRINIDAD SÁNCHEZ,INTEC,EMAP,34.8,24.1,7.1,https://indomet.gob.do/wp-content/uploads/2024/08/temperaturas-extremas-y-precipitaciones-2024x08x03-b-1.pdf
2024-08-03,007,LA VEGA,LA VEGA,IATESA,EMCO,33.0,25.0,6.2,https://indomet.gob.do/wp-content/uploads/2024/08/temperaturas-extremas-y-precipitaciones-2024x08x03-b-1.pdf
2024-08-03,008,DAJABÓN,DAJABÓN,INSTITUTO POLITÉCNICO LOYOLA,EMCO,34.1,20.0,4.3,https://indomet.gob.do/wp-content/uploads/2024/08/temperaturas-extremas-y-precipitaciones-2024x08x03-b-1.pdf
2024-08-03,009,BAYAGUANA,MONTE PLATA,ONAMET,EMCO,34.6,22.5,4.1,https://indomet.gob.do/wp-content/uploads/2024/08/temperaturas-extremas-y-precipitaciones-2024x08x03-b-1.pdf
2024-08-03,010,ARPT. LA ISABELA,SANTO DOMINGO,ONAMET,EMCO,34.0,22.5,4.0,https://indomet.gob.do/wp-content/uploads/2024/08/temperaturas-extremas-y-precipitaciones-2024x08x03-b-1.pdf
2024-08-03,011,SABANA DE LA MAR,HATO MAYOR,ONAMET,EMCO,32.0,23.5,3.6,https://indomet.gob.do/wp-content/uploads/2024/08/temperaturas-extremas-y-precipitaciones-2024x08x03-b-1.pdf
2024-08-03,012,CABRERA,MARÍA TRINIDAD SÁNCHEZ,ESCUELA ARÍSTIDES FIALLO CABRAL,EMCO,33.4,26.2,3.4,https://indomet.gob.do/wp-content/uploads/2024/08/temperaturas-extremas-y-precipitaciones-2024x08x03-b-1.pdf
2024-08-03,013,ANAMUYA (EMA),LA ALTAGRACIA,MINISTERIO DE AGRICULTURA,EMAP,32.9,23.8,1.6,https://indomet.gob.do/wp-content/uploads/2024/08/temperaturas-extremas-y-precipitaciones-2024x08x03-b-1.pdf
2024-08-03,014,MATA LARGA (EMA),DUARTE,MINISTERIO DE AGRICULTURA,EMAP,33.2,23.8,1.4,https://indomet.gob.do/wp-content/uploads/2024/08/temperaturas-extremas-y-precipitaciones-2024x08x03-b-1.pdf
2024-08-03,015,ARPT. DE LA ROMANA,LA ROMANA,ONAMET,EMCO,33.2,24.2,1.3,https://indomet.gob.do/wp-content/uploads/2024/08/temperaturas-extremas-y-precipitaciones-2024x08x03-b-1.pdf
2024-08-03,016,CONSTANZA,LA VEGA,MINISTERIO DE AGRICULTURA,EMCO,27.5,16.0,1.2,https://indomet.gob.do/wp-content/uploads/2024/08/temperaturas-extremas-y-precipitaciones-2024x08x03-b-1.pdf
2024-08-03,017,ARPT. ARROYO BARRIL,SAMANÁ,ONAMET,EMCO,33.0,23.0,1.0,https://indomet.gob.do/wp-content/uploads/2024/08/temperaturas-extremas-y-precipitaciones-2024x08x03-b-1.pdf
2024-08-03,018,ARPT. EL CATEY,SAMANÁ,ONAMET,EMCO,31.0,24.4,1.0,https://indomet.gob.do/wp-content/uploads/2024/08/temperaturas-extremas-y-precipitaciones-2024x08x03-b-1.pdf
2024-08-03,019,RANCHO ARRIBA,SAN JOSÉ DE OCOA,CENTRO TECNOLÓGICO COMUNITARIO,EMCO,32.0,20.6,0.8,https://indomet.gob.do/wp-content/uploads/2024/08/temperaturas-extremas-y-precipitaciones-2024x08x03-b-1.pdf
2024-08-03,020,PRESA DE TAVERAS (EMA),LA VEGA,PROGRAMA MUNDIAL DE ALIMENTO,EMAP,31.3,23.6,0.6,https://indomet.gob.do/wp-content/uploads/2024/08/temperaturas-extremas-y-precipitaciones-2024x08x03-b-1.pdf
2024-08-03,021,HATO MAYOR,HATO MAYOR,MINISTERIO DE AGRICULTURA,EMCV,,,0.5,https://indomet.gob.do/wp-content/uploads/2024/08/temperaturas-extremas-y-precipitaciones-2024x08x03-b-1.pdf
2024-08-03,022,RÍO SAN JUAN,MARÍA TRINIDAD SÁNCHEZ,HOSP. MPAL. DR. DESIDERIO ACOSTA,EMCV,33.8,25.1,0.5,https://indomet.gob.do/wp-content/uploads/2024/08/temperaturas-extremas-y-precipitaciones-2024x08x03-b-1.pdf
2024-08-03,023,PERALTA,AZUA,HOSP. MPAL. DE PERALTA,EMCO,33.5,19.5,0.3,https://indomet.gob.do/wp-content/uploads/2024/08/temperaturas-extremas-y-precipitaciones-2024x08x03-b-1.pdf
2024-08-03,024,ARPT. DE LAS AMÉRICAS,SANTO DOMINGO,ONAMET,EMCO,33.8,23.8,0.1,https://indomet.gob.do/wp-content/uploads/2024/08/temperaturas-extremas-y-precipitaciones-2024x08x03-b-1.pdf
2024-08-03,025,POLO,BARAHONA,INDOCAFE,EMCO,30.5,19.5,0.1,https://indomet.gob.do/wp-content/uploads/2024/08/temperaturas-extremas-y-precipitaciones-2024x08x03-b-1.pdf
2024-08-03,026,VILLA RIVA,DUARTE,HOSP. MPAL. ALICIA DE LEGENDRE,EMCO,33.7,23.5,0.1,https://indomet.gob.do/wp-content/uploads/2024/08/temperaturas-extremas-y-precipitaciones-2024x08x03-b-1.pdf
2024-08-03,027,ALTAMIRA,PUERTO PLATA,HOSP. MPAL. DE ALTAMIRA,EMCO,34.3,21.9,0.0,https://indomet.gob.do/wp-content/uploads/2024/08/temperaturas-extremas-y-precipitaciones-2024x08x03-b-1.pdf
2024-08-03,028,ARPT. DEL CIBAO,SANTIAGO,ONAMET,EMCO,33.2,23.2,0.0,https://indomet.gob.do/wp-content/uploads/2024/08/temperaturas-extremas-y-precipitaciones-2024x08x03-b-1.pdf
2024-08-03,029,ARPT. GREGORIO LUPERÓN,PUERTO PLATA,ONAMET,EMCO,33.0,21.0,0.0,https://indomet.gob.do/wp-content/uploads/2024/08/temperaturas-extremas-y-precipitaciones-2024x08x03-b-1.pdf
2024-08-03,030,ARPT. MARÍA MONTEZ,BARAHONA,ONAMET,EMCO,33.7,26.4,0.0,https://indomet.gob.do/wp-content/uploads/2024/08/temperaturas-extremas-y-precipitaciones-2024x08x03-b-1.pdf
2024-08-03,031,ARROYO LORO,SAN JUAN,IDIAF,EMCO,33.4,21.9,0.0,https://indomet.gob.do/wp-content/uploads/2024/08/temperaturas-extremas-y-precipitaciones-2024x08x03-b-1.pdf
2024-08-03,032,BOCA DE MAO (EMA),VALVERDE,MINISTERIO DE AGRICULTURA,EMAP,38.9,25.6,0.0,https://indomet.gob.do/wp-content/uploads/2024/08/temperaturas-extremas-y-precipitaciones-2024x08x03-b-1.pdf
2024-08-03,033,CABRAL,BARAHONA,MINISTERIO DE AGRICULTURA,EMCV,34.0,23.6,0.0,https://indomet.gob.do/wp-content/uploads/2024/08/temperaturas-extremas-y-precipitaciones-2024x08x03-b-1.pdf
2024-08-03,034,CENTRO DE LOS HEROES (EMA),DISTRITO NACIONAL,MINISTERIO DE ENERGIA Y MINA,EMAP,32.6,27.2,0.0,https://indomet.gob.do/wp-content/uploads/2024/08/temperaturas-extremas-y-precipitaciones-2024x08x03-b-1.pdf
2024-08-03,035,ENRIQUILLO,BARAHONA,MINISTERIO DE AGRICULTURA,EMCV,33.0,27.5,0.0,https://indomet.gob.do/wp-content/uploads/2024/08/temperaturas-extremas-y-precipitaciones-2024x08x03-b-1.pdf
2024-08-03,036,GASPAR HERNÁNDEZ,ESPAILLAT,PROPIEDAD DEL EMPLEADO,EMCO,,,0.0,https://indomet.gob.do/wp-content/uploads/2024/08/temperaturas-extremas-y-precipitaciones-2024x08x03-b-1.pdf
2024-08-03,037,HONDO VALLE,ELÍAS PIÑA,MINISTERIO DE AGRICULTURA,EMCO,28.6,18.5,0.0,https://indomet.gob.do/wp-content/uploads/2024/08/temperaturas-extremas-y-precipitaciones-2024x08x03-b-1.pdf
2024-08-03,038,JARABACOA,LA VEGA,INDRHI / MARENA,EMCO,33.0,18.1,0.0,https://indomet.gob.do/wp-content/uploads/2024/08/temperaturas-extremas-y-precipitaciones-2024x08x03-b-1.pdf
2024-08-03,039,JARABACOA (EMA),LA VEGA,PROGRAMA MUNDIAL DE ALIMENTO,EMAP,32.7,21.0,0.0,https://indomet.gob.do/wp-content/uploads/2024/08/temperaturas-extremas-y-precipitaciones-2024x08x03-b-1.pdf
2024-08-03,040,JIMANÍ,INDEPENDENCIA,MINISTERIO DE AGRICULTURA,EMCO,35.6,26.2,0.0,https://indomet.gob.do/wp-content/uploads/2024/08/temperaturas-extremas-y-precipitaciones-2024x08x03-b-1.pdf
2024-08-03,041,LA VICTORIA,SANTO DOMINGO,CUERPO DE BOMBEROS,EMCO,34.0,25.0,0.0,https://indomet.gob.do/wp-content/uploads/2024/08/temperaturas-extremas-y-precipitaciones-2024x08x03-b-1.pdf
2024-08-03,042,LAS CANAS (EMA),MONTE CRISTI,PROGRAMA MUNDIAL DE ALIMENTO,EMAP,31.9,24.7,0.0,https://indomet.gob.do/wp-content/uploads/2024/08/temperaturas-extremas-y-precipitaciones-2024x08x03-b-1.pdf
2024-08-03,043,LAS MATAS DE SANTA CRUZ (EMA,MONTE CRISTI,PROGRAMA MUNDIAL DE ALIMENTO,EMAP,35.4,27.9,0.0,https://indomet.gob.do/wp-content/uploads/2024/08/temperaturas-extremas-y-precipitaciones-2024x08x03-b-1.pdf
2024-08-03,044,LOS LLANOS,SAN PEDRO DE MACORÍS,MINISTERIO DE AGRICULTURA,EMCO,34.6,22.0,0.0,https://indomet.gob.do/wp-content/uploads/2024/08/temperaturas-extremas-y-precipitaciones-2024x08x03-b-1.pdf
2024-08-03,045,LOS TRES CHARCOS (EMA),PEDERNALES,PROPIEDAD DEL VOLUNTARIO,EMAP,31.5,25.4,0.0,https://indomet.gob.do/wp-content/uploads/2024/08/temperaturas-extremas-y-precipitaciones-2024x08x03-b-1.pdf
2024-08-03,046,MAO,VALVERDE,INDRHI / MINISTERIO DE AGRICULTURA,EMCV,,,0.0,https://indomet.gob.do/wp-content/uploads/2024/08/temperaturas-extremas-y-precipitaciones-2024x08x03-b-1.pdf
2024-08-03,047,MONCIÓN (EMA),SANTIAGO RODRÍGUEZ,PROGRAMA MUNDIAL DE ALIMENTO,EMAP,34.3,21.2,0.0,https://indomet.gob.do/wp-content/uploads/2024/08/temperaturas-extremas-y-precipitaciones-2024x08x03-b-1.pdf
2024-08-03,048,MONTE CRISTI,MONTE CRISTI,ONAMET,EMCO,36.0,24.0,0.0,https://indomet.gob.do/wp-content/uploads/2024/08/temperaturas-extremas-y-precipitaciones-2024x08x03-b-1.pdf
2024-08-03,049,NAVARRETE,SANTIAGO,MINISTERIO DE AGRICULTURA,EMCV,,,0.0,https://indomet.gob.do/wp-content/uploads/2024/08/temperaturas-extremas-y-precipitaciones-2024x08x03-b-1.pdf
2024-08-03,050,OLIVARES,PEDERNALES,INDRHI,EMCO,,,0.0,https://indomet.gob.do/wp-content/uploads/2024/08/temperaturas-extremas-y-precipitaciones-2024x08x03-b-1.pdf
2024-08-03,051,PADRE LAS CASAS,AZUA,HOSP. NTRA. SRA. DEL CARMEN,EMCO,31.6,20.5,0.0,https://indomet.gob.do/wp-content/uploads/2024/08/temperaturas-extremas-y-precipitaciones-2024x08x03-b-1.pdf
2024-08-03,052,PALMAR ABAJO (EMA),SANTIAGO,MINISTERIO DE AGRICULTURA,EMAP,34.8,24.9,0.0,https://indomet.gob.do/wp-content/uploads/2024/08/temperaturas-extremas-y-precipitaciones-2024x08x03-b-1.pdf
2024-08-03,053,PALO ÍNDIO,PUERTO PLATA,MINISTERIO DE AGRICULTURA,EMCO,,,0.0,https://indomet.gob.do/wp-content/uploads/2024/08/temperaturas-extremas-y-precipitaciones-2024x08x03-b-1.pdf
2024-08-03,054,PEDERNALES,PEDERNALES,INDRHI,EMCO,,,0.0,https://indomet.gob.do/wp-content/uploads/2024/08/temperaturas-extremas-y-precipitaciones-2024x08x03-b-1.pdf
2024-08-03,055,PESCADERIA (EMA),BARAHONA,MINISTERIO DE AGRICULTURA,EMAP,33.9,24.2,0.0,https://indomet.gob.do/wp-content/uploads/2024/08/temperaturas-extremas-y-precipitaciones-2024x08x03-b-1.pdf
2024-08-03,056,RESTAURACIÓN,DAJABÓN,MINISTERIO DE AGRICULTURA,EMCO,32.0,19.1,0.0,https://indomet.gob.do/wp-content/uploads/2024/08/temperaturas-extremas-y-precipitaciones-2024x08x03-b-1.pdf
2024-08-03,057,SABANETA (EMA),SANTIAGO RODRÍGUEZ,PROGRAMA MUNDIAL DE ALIMENTO,EMAP,39.1,23.7,0.0,https://indomet.gob.do/wp-content/uploads/2024/08/temperaturas-extremas-y-precipitaciones-2024x08x03-b-1.pdf
2024-08-03,058,SALCEDO,HERMANAS MIRABAL,PROPIEDAD DEL EMPLEADO,EMCO,,,0.0,https://indomet.gob.do/wp-content/uploads/2024/08/temperaturas-extremas-y-precipitaciones-2024x08x03-b-1.pdf
2024-08-03,059,SAN CRISTÓBAL,SAN CRISTÓBAL,INSTITUTO POLITÉCNICO LOYOLA,EMCO,32.8,,0.0,https://indomet.gob.do/wp-content/uploads/2024/08/temperaturas-extremas-y-precipitaciones-2024x08x03-b-1.pdf
2024-08-03,060,SAN JOSÉ DE OCOA,SAN JOSÉ DE OCOA,HOSP. SAN JOSÉ DE OCOA,EMCO,33.5,23.6,0.0,https://indomet.gob.do/wp-content/uploads/2024/08/temperaturas-extremas-y-precipitaciones-2024x08x03-b-1.pdf
2024-08-03,061,SAN RAFAEL DEL YUMA,LA ALTAGRACIA,MINISTERIO DE AGRICULTURA,EMCO,33.8,24.4,0.0,https://indomet.gob.do/wp-content/uploads/2024/08/temperaturas-extremas-y-precipitaciones-2024x08x03-b-1.pdf
2024-08-03,062,SÁNCHEZ,SAMANÁ,MINISTERIO DE AGRICULTURA,EMCO,32.3,24.0,0.0,https://indomet.gob.do/wp-content/uploads/2024/08/temperaturas-extremas-y-precipitaciones-2024x08x03-b-1.pdf
2024-08-03,063,SANTIAGO RODRÍGUEZ,SANTIAGO RODRÍGUEZ,ONAMET,EMCO,38.3,24.0,0.0,https://indomet.gob.do/wp-content/uploads/2024/08/temperaturas-extremas-y-precipitaciones-2024x08x03-b-1.pdf
2024-08-03,064,SANTO DOMINGO ESTE,SANTO DOMINGO,ONAMET,EMCO,34.0,26.0,0.0,https://indomet.gob.do/wp-content/uploads/2024/08/temperaturas-extremas-y-precipitaciones-2024x08x03-b-1.pdf
2024-08-03,065,TÁBARA ABAJO,AZUA,INDRHI,EMCO,34.5,26.4,0.0,https://indomet.gob.do/wp-content/uploads/2024/08/temperaturas-extremas-y-precipitaciones-2024x08x03-b-1.pdf
2024-08-03,066,VILLA GONZALES,SANTIAGO,MINISTERIO DE AGRICULTURA,EMCO,,,0.0,https://indomet.gob.do/wp-content/uploads/2024/08/temperaturas-extremas-y-precipitaciones-2024x08x03-b-1.pdf
2024-08-03,067,VILLA ISABELA,PUERTO PLATA,MINISTERIO DE AGRICULTURA,EMCV,,,0.0,https://indomet.gob.do/wp-content/uploads/2024/08/temperaturas-extremas-y-precipitaciones-2024x08x03-b-1.pdf
2024-08-03,068,VILLA VÁSQUEZ,MONTE CRISTI,PROPIEDAD DEL EMPLEADO,EMCO,37.5,22.0,0.0,https://indomet.gob.do/wp-content/uploads/2024/08/temperaturas-extremas-y-precipitaciones-2024x08x03-b-1.pdf
2024-08-04,001,SABANA DE LA MAR,HATO MAYOR,ONAMET,EMCO,31.5,24.5,28.5,https://indomet.gob.do/wp-content/uploads/2024/08/temperaturas-extremas-y-precipitaciones-2024x08x04-a.pdf
2024-08-04,002,BAYAGUANA,MONTE PLATA,ONAMET,EMCO,34.8,23.8,23.0,https://indomet.gob.do/wp-content/uploads/2024/08/temperaturas-extremas-y-precipitaciones-2024x08x04-a.pdf
2024-08-04,003,ARPT. LA ISABELA,SANTO DOMINGO,ONAMET,EMCO,34.0,24.0,16.4,https://indomet.gob.do/wp-content/uploads/2024/08/temperaturas-extremas-y-precipitaciones-2024x08x04-a.pdf
2024-08-04,004,LOS JENGIBRES,NAGUA,INDRHI,EMCO,,,9.8,https://indomet.gob.do/wp-content/uploads/2024/08/temperaturas-extremas-y-precipitaciones-2024x08x04-a.pdf
2024-08-04,005,LA VICTORIA,SANTO DOMINGO,CUERPO DE BOMBEROS,EMCO,34.0,23.0,8.7,https://indomet.gob.do/wp-content/uploads/2024/08/temperaturas-extremas-y-precipitaciones-2024x08x04-a.pdf
2024-08-04,006,VILLA ALTAGRACIA,SAN CRISTÓBAL,ESCUELA JAVIER ANGULO GURIDI,EMCO,33.1,24.1,8.4,https://indomet.gob.do/wp-content/uploads/2024/08/temperaturas-extremas-y-precipitaciones-2024x08x04-a.pdf
2024-08-04,007,ELÍAS PIÑA,ELÍAS PIÑA,MINISTERIO DE AGRICULTURA,EMCV,,,8.1,https://indomet.gob.do/wp-content/uploads/2024/08/temperaturas-extremas-y-precipitaciones-2024x08x04-a.pdf
2024-08-04,008,EL FACTOR (EMA),MARÍA TRINIDAD SÁNCHEZ,INTEC,EMAP,33.2,24.8,8.1,https://indomet.gob.do/wp-content/uploads/2024/08/temperaturas-extremas-y-precipitaciones-2024x08x04-a.pdf
2024-08-04,009,PARQUE MIRADOR SUR,DISTRITO NACIONAL,AYUNTAMIENTO,EMCV,,26.5,7.4,https://indomet.gob.do/wp-content/uploads/2024/08/temperaturas-extremas-y-precipitaciones-2024x08x04-a.pdf
2024-08-04,010,GASPAR HERNÁNDEZ,ESPAILLAT,PROPIEDAD DEL EMPLEADO,EMCO,,,5.6,https://indomet.gob.do/wp-content/uploads/2024/08/temperaturas-extremas-y-precipitaciones-2024x08x04-a.pdf
2024-08-04,011,JARDÍN BOTÁNICO NACIONAL,DISTRITO NACIONAL,JARDÍN BOTÁNICO NACIONAL,EMCV,32.9,23.5,5.3,https://indomet.gob.do/wp-content/uploads/2024/08/temperaturas-extremas-y-precipitaciones-2024x08x04-a.pdf
2024-08-04,012,SAMANÁ,SAMANÁ,COMANDANCIA DE PUERTO DE SAMANÁ,EMCO,32.9,25.1,5.0,https://indomet.gob.do/wp-content/uploads/2024/08/temperaturas-extremas-y-precipitaciones-2024x08x04-a.pdf
2024-08-04,013,ARPT. ARROYO BARRIL,SAMANÁ,ONAMET,EMCO,33.0,25.4,4.9,https://indomet.gob.do/wp-content/uploads/2024/08/temperaturas-extremas-y-precipitaciones-2024x08x04-a.pdf
2024-08-04,014,SAN CRISTÓBAL,SAN CRISTÓBAL,INSTITUTO POLITÉCNICO LOYOLA,EMCO,32.1,,4.2,https://indomet.gob.do/wp-content/uploads/2024/08/temperaturas-extremas-y-precipitaciones-2024x08x04-a.pdf
2024-08-04,015,SALCEDO,HERMANAS MIRABAL,PROPIEDAD DEL EMPLEADO,EMCO,,,3.8,https://indomet.gob.do/wp-content/uploads/2024/08/temperaturas-extremas-y-precipitaciones-2024x08x04-a.pdf
2024-08-04,016,CABRERA,MARÍA TRINIDAD SÁNCHEZ,ESCUELA ARÍSTIDES FIALLO CABRAL,EMCO,33.0,26.0,3.6,https://indomet.gob.do/wp-content/uploads/2024/08/temperaturas-extremas-y-precipitaciones-2024x08x04-a.pdf
2024-08-04,017,LOS LLANOS,SAN PEDRO DE MACORÍS,MINISTERIO DE AGRICULTURA,EMCO,33.0,22.0,3.4,https://indomet.gob.do/wp-content/uploads/2024/08/temperaturas-extremas-y-precipitaciones-2024x08x04-a.pdf
2024-08-04,018,LA VEGA,LA VEGA,IATESA,EMCO,32.0,25.0,2.5,https://indomet.gob.do/wp-content/uploads/2024/08/temperaturas-extremas-y-precipitaciones-2024x08x04-a.pdf
2024-08-04,019,CONSTANZA (EMA),LA VEGA,PROGRAMA MUNDIAL DE ALIMENTO,EMAP,27.5,19.7,2.2,https://indomet.gob.do/wp-content/uploads/2024/08/temperaturas-extremas-y-precipitaciones-2024x08x04-a.pdf
2024-08-04,021,MATA LARGA (EMA),DUARTE,MINISTERIO DE AGRICULTURA,EMAP,32.2,24.1,2.0,https://indomet.gob.do/wp-content/uploads/2024/08/temperaturas-extremas-y-precipitaciones-2024x08x04-a.pdf
2024-08-04,022,JUMA BEJUCAL,MONSEÑOR NOUEL,IDIAF,EMCV,33.2,24.4,1.7,https://indomet.gob.do/wp-content/uploads/2024/08/temperaturas-extremas-y-precipitaciones-2024x08x04-a.pdf
2024-08-04,023,ARPT. EL CATEY,SAMANÁ,ONAMET,EMCO,31.0,23.5,1.6,https://indomet.gob.do/wp-content/uploads/2024/08/temperaturas-extremas-y-precipitaciones-2024x08x04-a.pdf
2024-08-04,024,POLO,BARAHONA,INDOCAFE,EMCO,31.0,19.0,1.6,https://indomet.gob.do/wp-content/uploads/2024/08/temperaturas-extremas-y-precipitaciones-2024x08x04-a.pdf
2024-08-04,025,SAN FRANCISCO DE MACORÍS,DUARTE,San Francisco de Macorís (UASD),EMCO,31.3,24.1,1.6,https://indomet.gob.do/wp-content/uploads/2024/08/temperaturas-extremas-y-precipitaciones-2024x08x04-a.pdf
2024-08-04,026,SAN RAFAEL DEL YUMA,LA ALTAGRACIA,MINISTERIO DE AGRICULTURA,EMCO,34.0,24.9,1.6,https://indomet.gob.do/wp-content/uploads/2024/08/temperaturas-extremas-y-precipitaciones-2024x08x04-a.pdf
2024-08-04,027,ALTAMIRA,PUERTO PLATA,HOSP. MPAL. DE ALTAMIRA,EMCO,34.2,23.1,1.5,https://indomet.gob.do/wp-content/uploads/2024/08/temperaturas-extremas-y-precipitaciones-2024x08x04-a.pdf
2024-08-04,028,RANCHO ARRIBA,SAN JOSÉ DE OCOA,CENTRO TECNOLÓGICO COMUNITARIO,EMCO,31.3,20.8,1.4,https://indomet.gob.do/wp-content/uploads/2024/08/temperaturas-extremas-y-precipitaciones-2024x08x04-a.pdf
2024-08-04,029,SAN JOSÉ DE OCOA,SAN JOSÉ DE OCOA,HOSP. SAN JOSÉ DE OCOA,EMCO,33.5,24.1,1.4,https://indomet.gob.do/wp-content/uploads/2024/08/temperaturas-extremas-y-precipitaciones-2024x08x04-a.pdf
2024-08-04,030,RÍO SAN JUAN,MARÍA TRINIDAD SÁNCHEZ,HOSP. MPAL. DR. DESIDERIO ACOSTA,EMCV,33.8,25.3,1.3,https://indomet.gob.do/wp-content/uploads/2024/08/temperaturas-extremas-y-precipitaciones-2024x08x04-a.pdf
2024-08-04,031,ARPT. DE LA ROMANA,LA ROMANA,ONAMET,EMCO,33.5,24.4,1.0,https://indomet.gob.do/wp-content/uploads/2024/08/temperaturas-extremas-y-precipitaciones-2024x08x04-a.pdf
2024-08-04,032,ARPT. DEL CIBAO,SANTIAGO,ONAMET,EMCO,33.0,24.0,1.0,https://indomet.gob.do/wp-content/uploads/2024/08/temperaturas-extremas-y-precipitaciones-2024x08x04-a.pdf
2024-08-04,033,VALLE NUEVO (EMA),LA VEGA,MARENA,EMAO,,,1.0,https://indomet.gob.do/wp-content/uploads/2024/08/temperaturas-extremas-y-precipitaciones-2024x08x04-a.pdf
2024-08-04,034,JARABACOA,LA VEGA,INDRHI / MARENA,EMCO,31.0,19.2,0.9,https://indomet.gob.do/wp-content/uploads/2024/08/temperaturas-extremas-y-precipitaciones-2024x08x04-a.pdf
2024-08-04,035,JARABACOA (EMA),LA VEGA,PROGRAMA MUNDIAL DE ALIMENTO,EMAP,30.9,21.4,0.8,https://indomet.gob.do/wp-content/uploads/2024/08/temperaturas-extremas-y-precipitaciones-2024x08x04-a.pdf
2024-08-04,036,CENTRO DE LOS HEROES (EMA),DISTRITO NACIONAL,MINISTERIO DE ENERGIA Y MINA,EMAP,32.7,27.2,0.6,https://indomet.gob.do/wp-content/uploads/2024/08/temperaturas-extremas-y-precipitaciones-2024x08x04-a.pdf
2024-08-04,037,HATO MAYOR,HATO MAYOR,MINISTERIO DE AGRICULTURA,EMCV,,,0.5,https://indomet.gob.do/wp-content/uploads/2024/08/temperaturas-extremas-y-precipitaciones-2024x08x04-a.pdf
2024-08-04,038,SANTO DOMINGO ESTE,SANTO DOMINGO,ONAMET,EMCO,27.6,26.4,0.5,https://indomet.gob.do/wp-content/uploads/2024/08/temperaturas-extremas-y-precipitaciones-2024x08x04-a.pdf
2024-08-04,039,ANAMUYA (EMA),LA ALTAGRACIA,MINISTERIO DE AGRICULTURA,EMAP,32.4,26.3,0.2,https://indomet.gob.do/wp-content/uploads/2024/08/temperaturas-extremas-y-precipitaciones-2024x08x04-a.pdf
2024-08-04,040,ARPT. DE LAS AMÉRICAS,SANTO DOMINGO,ONAMET,EMCO,33.0,24.8,0.2,https://indomet.gob.do/wp-content/uploads/2024/08/temperaturas-extremas-y-precipitaciones-2024x08x04-a.pdf
2024-08-04,041,RESTAURACIÓN,DAJABÓN,MINISTERIO DE AGRICULTURA,EMCO,31.9,21.4,0.1,https://indomet.gob.do/wp-content/uploads/2024/08/temperaturas-extremas-y-precipitaciones-2024x08x04-a.pdf
2024-08-04,042,ARPT. DE PUNTA CANA,LA ALTAGRACIA,ONAMET,EMCO,32.5,24.6,0.0,https://indomet.gob.do/wp-content/uploads/2024/08/temperaturas-extremas-y-precipitaciones-2024x08x04-a.pdf
2024-08-04,043,ARPT. GREGORIO LUPERÓN,PUERTO PLATA,ONAMET,EMCO,32.0,24.0,0.0,https://indomet.gob.do/wp-content/uploads/2024/08/temperaturas-extremas-y-precipitaciones-2024x08x04-a.pdf
2024-08-04,044,ARPT. MARÍA MONTEZ,BARAHONA,ONAMET,EMCO,32.8,24.5,0.0,https://indomet.gob.do/wp-content/uploads/2024/08/temperaturas-extremas-y-precipitaciones-2024x08x04-a.pdf
2024-08-04,045,ARROYO LORO,SAN JUAN,IDIAF,EMCO,34.2,21.4,0.0,https://indomet.gob.do/wp-content/uploads/2024/08/temperaturas-extremas-y-precipitaciones-2024x08x04-a.pdf
2024-08-04,046,BOCA DE MAO (EMA),VALVERDE,MINISTERIO DE AGRICULTURA,EMAP,38.9,26.3,0.0,https://indomet.gob.do/wp-content/uploads/2024/08/temperaturas-extremas-y-precipitaciones-2024x08x04-a.pdf
2024-08-04,047,CABRAL,BARAHONA,MINISTERIO DE AGRICULTURA,EMCV,34.2,25.0,0.0,https://indomet.gob.do/wp-content/uploads/2024/08/temperaturas-extremas-y-precipitaciones-2024x08x04-a.pdf
2024-08-04,048,DAJABÓN,DAJABÓN,INSTITUTO POLITÉCNICO LOYOLA,EMCO,34.0,22.3,0.0,https://indomet.gob.do/wp-content/uploads/2024/08/temperaturas-extremas-y-precipitaciones-2024x08x04-a.pdf
2024-08-04,049,EL SEIBO,EL SEIBO,MINISTERIO DE AGRICULTURA,EMCV,,,0.0,https://indomet.gob.do/wp-content/uploads/2024/08/temperaturas-extremas-y-precipitaciones-2024x08x04-a.pdf
2024-08-04,050,ENRIQUILLO,BARAHONA,MINISTERIO DE AGRICULTURA,EMCV,33.7,27.0,0.0,https://indomet.gob.do/wp-content/uploads/2024/08/temperaturas-extremas-y-precipitaciones-2024x08x04-a.pdf
2024-08-04,051,ESCONDIDO,PERAVIA,MINISTERIO DE AGRICULTURA,EMCV,34.0,25.0,0.0,https://indomet.gob.do/wp-content/uploads/2024/08/temperaturas-extremas-y-precipitaciones-2024x08x04-a.pdf
2024-08-04,052,HONDO VALLE,ELÍAS PIÑA,MINISTERIO DE AGRICULTURA,EMCO,28.8,18.7,0.0,https://indomet.gob.do/wp-content/uploads/2024/08/temperaturas-extremas-y-precipitaciones-2024x08x04-a.pdf
2024-08-04,053,JIMANÍ,INDEPENDENCIA,MINISTERIO DE AGRICULTURA,EMCO,36.5,26.0,0.0,https://indomet.gob.do/wp-content/uploads/2024/08/temperaturas-extremas-y-precipitaciones-2024x08x04-a.pdf
2024-08-04,054,LAS CANAS (EMA),MONTE CRISTI,PROGRAMA MUNDIAL DE ALIMENTO,EMAP,31.6,25.6,0.0,https://indomet.gob.do/wp-content/uploads/2024/08/temperaturas-extremas-y-precipitaciones-2024x08x04-a.pdf
2024-08-04,055,LAS MATAS DE SANTA CRUZ (EMA,MONTE CRISTI,PROGRAMA MUNDIAL DE ALIMENTO,EMAP,36.6,26.3,0.0,https://indomet.gob.do/wp-content/uploads/2024/08/temperaturas-extremas-y-precipitaciones-2024x08x04-a.pdf
2024-08-04,056,LOS TRES CHARCOS (EMA),PEDERNALES,PROPIEDAD DEL VOLUNTARIO,EMAP,31.6,27.1,0.0,https://indomet.gob.do/wp-content/uploads/2024/08/temperaturas-extremas-y-precipitaciones-2024x08x04-a.pdf
2024-08-04,057,MAO,VALVERDE,INDRHI / MINISTERIO DE AGRICULTURA,EMCV,,,0.0,https://indomet.gob.do/wp-content/uploads/2024/08/temperaturas-extremas-y-precipitaciones-2024x08x04-a.pdf
2024-08-04,058,MONCIÓN (EMA),SANTIAGO RODRÍGUEZ,PROGRAMA MUNDIAL DE ALIMENTO,EMAP,33.6,21.9,0.0,https://indomet.gob.do/wp-content/uploads/2024/08/temperaturas-extremas-y-precipitaciones-2024x08x04-a.pdf
2024-08-04,059,MONTE CRISTI,MONTE CRISTI,ONAMET,EMCO,35.7,25.4,0.0,https://indomet.gob.do/wp-content/uploads/2024/08/temperaturas-extremas-y-precipitaciones-2024x08x04-a.pdf
2024-08-04,060,OLIVARES,PEDERNALES,INDRHI,EMCO,,,0.0,https://indomet.gob.do/wp-content/uploads/2024/08/temperaturas-extremas-y-precipitaciones-2024x08x04-a.pdf
2024-08-04,061,PADRE LAS CASAS,AZUA,HOSP. NTRA. SRA. DEL CARMEN,EMCO,31.5,21.3,0.0,https://indomet.gob.do/wp-content/uploads/2024/08/temperaturas-extremas-y-precipitaciones-2024x08x04-a.pdf
2024-08-04,062,PALMAR ABAJO (EMA),SANTIAGO,MINISTERIO DE AGRICULTURA,EMAP,33.8,25.6,0.0,https://indomet.gob.do/wp-content/uploads/2024/08/temperaturas-extremas-y-precipitaciones-2024x08x04-a.pdf
2024-08-04,063,PALO ÍNDIO,PUERTO PLATA,MINISTERIO DE AGRICULTURA,EMCO,,,0.0,https://indomet.gob.do/wp-content/uploads/2024/08/temperaturas-extremas-y-precipitaciones-2024x08x04-a.pdf
2024-08-04,064,PASO AL MEDIO,SAN PEDRO DE MACORÍS,INDRHI,EMCO,,,0.0,https://indomet.gob.do/wp-content/uploads/2024/08/temperaturas-extremas-y-precipitaciones-2024x08x04-a.pdf
2024-08-04,065,PEDERNALES,PEDERNALES,INDRHI,EMCO,,,0.0,https://indomet.gob.do/wp-content/uploads/2024/08/temperaturas-extremas-y-precipitaciones-2024x08x04-a.pdf
2024-08-04,066,PERALTA,AZUA,HOSP. MPAL. DE PERALTA,EMCO,34.0,20.7,0.0,https://indomet.gob.do/wp-content/uploads/2024/08/temperaturas-extremas-y-precipitaciones-2024x08x04-a.pdf
2024-08-04,067,PESCADERIA (EMA),BARAHONA,MINISTERIO DE AGRICULTURA,EMAP,34.1,25.2,0.0,https://indomet.gob.do/wp-content/uploads/2024/08/temperaturas-extremas-y-precipitaciones-2024x08x04-a.pdf
2024-08-04,068,PONTÓN ABAJO (EMA),LA VEGA,MINISTERIO DE AGRICULTURA,EMAP,,,0.0,https://indomet.gob.do/wp-content/uploads/2024/08/temperaturas-extremas-y-precipitaciones-2024x08x04-a.pdf
2024-08-04,069,PRESA DE TAVERAS (EMA),LA VEGA,PROGRAMA MUNDIAL DE ALIMENTO,EMAP,29.7,24.0,0.0,https://indomet.gob.do/wp-content/uploads/2024/08/temperaturas-extremas-y-precipitaciones-2024x08x04-a.pdf
2024-08-04,070,SABANETA (EMA),SANTIAGO RODRÍGUEZ,PROGRAMA MUNDIAL DE ALIMENTO,EMAP,37.8,24.7,0.0,https://indomet.gob.do/wp-content/uploads/2024/08/temperaturas-extremas-y-precipitaciones-2024x08x04-a.pdf
2024-08-04,071,SÁNCHEZ,SAMANÁ,MINISTERIO DE AGRICULTURA,EMCO,32.9,23.7,0.0,https://indomet.gob.do/wp-content/uploads/2024/08/temperaturas-extremas-y-precipitaciones-2024x08x04-a.pdf
2024-08-04,072,SANTIAGO RODRÍGUEZ,SANTIAGO RODRÍGUEZ,ONAMET,EMCO,37.5,25.0,0.0,https://indomet.gob.do/wp-content/uploads/2024/08/temperaturas-extremas-y-precipitaciones-2024x08x04-a.pdf
2024-08-04,073,TÁBARA ABAJO,AZUA,INDRHI,EMCO,35.5,25.0,0.0,https://indomet.gob.do/wp-content/uploads/2024/08/temperaturas-extremas-y-precipitaciones-2024x08x04-a.pdf
2024-08-04,074,TAMBORIL,SANTIAGO,MINISTERIO DE AGRICULTURA,EMCV,,,0.0,https://indomet.gob.do/wp-content/uploads/2024/08/temperaturas-extremas-y-precipitaciones-2024x08x04-a.pdf
2024-08-04,075,TAVERA,SANTIAGO,INDRHI,EMCO,,,0.0,https://indomet.gob.do/wp-content/uploads/2024/08/temperaturas-extremas-y-precipitaciones-2024x08x04-a.pdf
2024-08-04,076,VILLA GONZALES,SANTIAGO,MINISTERIO DE AGRICULTURA,EMCO,,,0.0,https://indomet.gob.do/wp-content/uploads/2024/08/temperaturas-extremas-y-precipitaciones-2024x08x04-a.pdf
2024-08-04,077,VILLA ISABELA,PUERTO PLATA,MINISTERIO DE AGRICULTURA,EMCV,,,0.0,https://indomet.gob.do/wp-content/uploads/2024/08/temperaturas-extremas-y-precipitaciones-2024x08x04-a.pdf
2024-08-04,078,VILLA RIVA,DUARTE,HOSP. MPAL. ALICIA DE LEGENDRE,EMCO,34.0,23.0,0.0,https://indomet.gob.do/wp-content/uploads/2024/08/temperaturas-extremas-y-precipitaciones-2024x08x04-a.pdf
2024-08-04,079,VILLA VÁSQUEZ,MONTE CRISTI,PROPIEDAD DEL EMPLEADO,EMCO,36.4,21.5,0.0,https://indomet.gob.do/wp-content/uploads/2024/08/temperaturas-extremas-y-precipitaciones-2024x08x04-a.pdf
2024-08-05,001,ELÍAS PIÑA,ELÍAS PIÑA,MINISTERIO DE AGRICULTURA,EMCV,,,33.8,https://indomet.gob.do/wp-content/uploads/2024/08/temperaturas-extremas-y-precipitaciones-2024x08x05-b.pdf
2024-08-05,002,BOHECHÍO,SAN JUAN,MINISTERIO DE AGRICULTURA,EMCV,,,7.4,https://indomet.gob.do/wp-content/uploads/2024/08/temperaturas-extremas-y-precipitaciones-2024x08x05-b.pdf
2024-08-05,003,HONDO VALLE,ELÍAS PIÑA,MINISTERIO DE AGRICULTURA,EMCO,28.4,18.3,6.4,https://indomet.gob.do/wp-content/uploads/2024/08/temperaturas-extremas-y-precipitaciones-2024x08x05-b.pdf
2024-08-05,004,JUMA BEJUCAL,MONSEÑOR NOUEL,IDIAF,EMCV,34.0,24.6,3.2,https://indomet.gob.do/wp-content/uploads/2024/08/temperaturas-extremas-y-precipitaciones-2024x08x05-b.pdf
2024-08-05,005,MATA LARGA (EMA),DUARTE,MINISTERIO DE AGRICULTURA,EMAP,30.2,23.8,3.0,https://indomet.gob.do/wp-content/uploads/2024/08/temperaturas-extremas-y-precipitaciones-2024x08x05-b.pdf
2024-08-05,006,SAN FRANCISCO DE MACORÍS,DUARTE,San Francisco de Macorís (UASD),EMCO,34.1,23.7,2.6,https://indomet.gob.do/wp-content/uploads/2024/08/temperaturas-extremas-y-precipitaciones-2024x08x05-b.pdf
2024-08-05,007,LOS JENGIBRES,NAGUA,INDRHI,EMCO,,,1.9,https://indomet.gob.do/wp-content/uploads/2024/08/temperaturas-extremas-y-precipitaciones-2024x08x05-b.pdf
2024-08-05,008,CONSTANZA (EMA),LA VEGA,PROGRAMA MUNDIAL DE ALIMENTO,EMAP,27.3,14.3,1.4,https://indomet.gob.do/wp-content/uploads/2024/08/temperaturas-extremas-y-precipitaciones-2024x08x05-b.pdf
2024-08-05,009,ANAMUYA (EMA),LA ALTAGRACIA,MINISTERIO DE AGRICULTURA,EMAP,32.6,26.2,1.3,https://indomet.gob.do/wp-content/uploads/2024/08/temperaturas-extremas-y-precipitaciones-2024x08x05-b.pdf
2024-08-05,010,CABRERA,MARÍA TRINIDAD SÁNCHEZ,ESCUELA ARÍSTIDES FIALLO CABRAL,EMCO,33.5,28.0,1.0,https://indomet.gob.do/wp-content/uploads/2024/08/temperaturas-extremas-y-precipitaciones-2024x08x05-b.pdf
2024-08-05,011,VILLA ALTAGRACIA,SAN CRISTÓBAL,ESCUELA JAVIER ANGULO GURIDI,EMCO,34.3,25.1,0.7,https://indomet.gob.do/wp-content/uploads/2024/08/temperaturas-extremas-y-precipitaciones-2024x08x05-b.pdf
2024-08-05,012,SABANA DE LA MAR,HATO MAYOR,ONAMET,EMCO,32.0,24.5,0.3,https://indomet.gob.do/wp-content/uploads/2024/08/temperaturas-extremas-y-precipitaciones-2024x08x05-b.pdf
2024-08-05,013,HATO MAYOR,HATO MAYOR,MINISTERIO DE AGRICULTURA,EMCV,,,0.3,https://indomet.gob.do/wp-content/uploads/2024/08/temperaturas-extremas-y-precipitaciones-2024x08x05-b.pdf
2024-08-05,014,JARABACOA (EMA),LA VEGA,PROGRAMA MUNDIAL DE ALIMENTO,EMAP,32.2,20.2,0.2,https://indomet.gob.do/wp-content/uploads/2024/08/temperaturas-extremas-y-precipitaciones-2024x08x05-b.pdf
2024-08-05,015,SANTO DOMINGO ESTE,SANTO DOMINGO,ONAMET,EMCO,35.5,26.2,0.2,https://indomet.gob.do/wp-content/uploads/2024/08/temperaturas-extremas-y-precipitaciones-2024x08x05-b.pdf
2024-08-05,016,ARROYO LORO,SAN JUAN,IDIAF,EMCO,35.7,22.1,0.1,https://indomet.gob.do/wp-content/uploads/2024/08/temperaturas-extremas-y-precipitaciones-2024x08x05-b.pdf
2024-08-05,017,BAYAGUANA,MONTE PLATA,ONAMET,EMCO,34.5,23.8,0.1,https://indomet.gob.do/wp-content/uploads/2024/08/temperaturas-extremas-y-precipitaciones-2024x08x05-b.pdf
2024-08-05,018,POLO,BARAHONA,INDOCAFE,EMCO,30.0,18.0,0.1,https://indomet.gob.do/wp-content/uploads/2024/08/temperaturas-extremas-y-precipitaciones-2024x08x05-b.pdf
2024-08-05,019,ALTAMIRA,PUERTO PLATA,HOSP. MPAL. DE ALTAMIRA,EMCO,34.5,22.1,0.0,https://indomet.gob.do/wp-content/uploads/2024/08/temperaturas-extremas-y-precipitaciones-2024x08x05-b.pdf
2024-08-05,020,ARPT. ARROYO BARRIL,SAMANÁ,ONAMET,EMCO,32.7,23.9,0.0,https://indomet.gob.do/wp-content/uploads/2024/08/temperaturas-extremas-y-precipitaciones-2024x08x05-b.pdf
2024-08-05,021,ARPT. DE LA ROMANA,LA ROMANA,ONAMET,EMCO,33.5,25.3,0.0,https://indomet.gob.do/wp-content/uploads/2024/08/temperaturas-extremas-y-precipitaciones-2024x08x05-b.pdf
2024-08-05,022,ARPT. DE LAS AMÉRICAS,SANTO DOMINGO,ONAMET,EMCO,34.5,24.7,0.0,https://indomet.gob.do/wp-content/uploads/2024/08/temperaturas-extremas-y-precipitaciones-2024x08x05-b.pdf
2024-08-05,023,ARPT. DE PUNTA CANA,LA ALTAGRACIA,ONAMET,EMCO,32.5,27.2,0.0,https://indomet.gob.do/wp-content/uploads/2024/08/temperaturas-extremas-y-precipitaciones-2024x08x05-b.pdf
2024-08-05,024,ARPT. DEL CIBAO,SANTIAGO,ONAMET,EMCO,34.0,24.0,0.0,https://indomet.gob.do/wp-content/uploads/2024/08/temperaturas-extremas-y-precipitaciones-2024x08x05-b.pdf
2024-08-05,025,ARPT. EL CATEY,SAMANÁ,ONAMET,EMCO,31.4,24.2,0.0,https://indomet.gob.do/wp-content/uploads/2024/08/temperaturas-extremas-y-precipitaciones-2024x08x05-b.pdf
2024-08-05,026,ARPT. GREGORIO LUPERÓN,PUERTO PLATA,ONAMET,EMCO,33.6,24.5,0.0,https://indomet.gob.do/wp-content/uploads/2024/08/temperaturas-extremas-y-precipitaciones-2024x08x05-b.pdf
2024-08-05,027,ARPT. LA ISABELA,SANTO DOMINGO,ONAMET,EMCO,33.5,22.5,0.0,https://indomet.gob.do/wp-content/uploads/2024/08/temperaturas-extremas-y-precipitaciones-2024x08x05-b.pdf
2024-08-05,028,ARPT. MARÍA MONTEZ,BARAHONA,ONAMET,EMCO,33.5,25.0,0.0,https://indomet.gob.do/wp-content/uploads/2024/08/temperaturas-extremas-y-precipitaciones-2024x08x05-b.pdf
2024-08-05,029,BOCA DE MAO (EMA),VALVERDE,MINISTERIO DE AGRICULTURA,EMAP,38.2,25.8,0.0,https://indomet.gob.do/wp-content/uploads/2024/08/temperaturas-extremas-y-precipitaciones-2024x08x05-b.pdf
2024-08-05,030,BONAO,MONSEÑOR NOUEL,MINISTERIO DE AGRICULTURA,EMCV,,,0.0,https://indomet.gob.do/wp-content/uploads/2024/08/temperaturas-extremas-y-precipitaciones-2024x08x05-b.pdf
2024-08-05,031,CABRAL,BARAHONA,MINISTERIO DE AGRICULTURA,EMCV,34.5,24.3,0.0,https://indomet.gob.do/wp-content/uploads/2024/08/temperaturas-extremas-y-precipitaciones-2024x08x05-b.pdf
2024-08-05,032,CENTRO DE LOS HEROES (EMA),DISTRITO NACIONAL,MINISTERIO DE ENERGIA Y MINA,EMAP,34.5,27.6,0.0,https://indomet.gob.do/wp-content/uploads/2024/08/temperaturas-extremas-y-precipitaciones-2024x08x05-b.pdf
2024-08-05,033,CONSTANZA,LA VEGA,MINISTERIO DE AGRICULTURA,EMCO,27.5,22.4,0.0,https://indomet.gob.do/wp-content/uploads/2024/08/temperaturas-extremas-y-precipitaciones-2024x08x05-b.pdf
2024-08-05,034,DAJABÓN,DAJABÓN,INSTITUTO POLITÉCNICO LOYOLA,EMCO,34.5,21.3,0.0,https://indomet.gob.do/wp-content/uploads/2024/08/temperaturas-extremas-y-precipitaciones-2024x08x05-b.pdf
2024-08-05,035,EL CERCADO,SAN JUAN,MINISTERIO DE AGRICULTURA,EMCV,,,0.0,https://indomet.gob.do/wp-content/uploads/2024/08/temperaturas-extremas-y-precipitaciones-2024x08x05-b.pdf
2024-08-05,036,EL FACTOR (EMA),MARÍA TRINIDAD SÁNCHEZ,INTEC,EMAP,34.2,25.1,0.0,https://indomet.gob.do/wp-content/uploads/2024/08/temperaturas-extremas-y-precipitaciones-2024x08x05-b.pdf
2024-08-05,037,ENRIQUILLO,BARAHONA,MINISTERIO DE AGRICULTURA,EMCV,34.0,28.0,0.0,https://indomet.gob.do/wp-content/uploads/2024/08/temperaturas-extremas-y-precipitaciones-2024x08x05-b.pdf
2024-08-05,038,ESCONDIDO,PERAVIA,MINISTERIO DE AGRICULTURA,EMCV,34.0,26.0,0.0,https://indomet.gob.do/wp-content/uploads/2024/08/temperaturas-extremas-y-precipitaciones-2024x08x05-b.pdf
2024-08-05,039,GASPAR HERNÁNDEZ,ESPAILLAT,PROPIEDAD DEL EMPLEADO,EMCO,,,0.0,https://indomet.gob.do/wp-content/uploads/2024/08/temperaturas-extremas-y-precipitaciones-2024x08x05-b.pdf
2024-08-05,040,JARDÍN BOTÁNICO NACIONAL,DISTRITO NACIONAL,JARDÍN BOTÁNICO NACIONAL,EMCV,34.4,23.7,0.0,https://indomet.gob.do/wp-content/uploads/2024/08/temperaturas-extremas-y-precipitaciones-2024x08x05-b.pdf
2024-08-05,041,JIMANÍ,INDEPENDENCIA,MINISTERIO DE AGRICULTURA,EMCO,36.8,26.4,0.0,https://indomet.gob.do/wp-content/uploads/2024/08/temperaturas-extremas-y-precipitaciones-2024x08x05-b.pdf
2024-08-05,042,LA VEGA,LA VEGA,IATESA,EMCO,33.0,23.0,0.0,https://indomet.gob.do/wp-content/uploads/2024/08/temperaturas-extremas-y-precipitaciones-2024x08x05-b.pdf
2024-08-05,043,LA VICTORIA,SANTO DOMINGO,CUERPO DE BOMBEROS,EMCO,34.5,25.0,0.0,https://indomet.gob.do/wp-content/uploads/2024/08/temperaturas-extremas-y-precipitaciones-2024x08x05-b.pdf
2024-08-05,044,LAS CANAS (EMA),MONTE CRISTI,PROGRAMA MUNDIAL DE ALIMENTO,EMAP,31.7,24.6,0.0,https://indomet.gob.do/wp-content/uploads/2024/08/temperaturas-extremas-y-precipitaciones-2024x08x05-b.pdf
2024-08-05,045,LAS MATAS DE SANTA CRUZ (EMA,MONTE CRISTI,PROGRAMA MUNDIAL DE ALIMENTO,EMAP,37.2,27.2,0.0,https://indomet.gob.do/wp-content/uploads/2024/08/temperaturas-extremas-y-precipitaciones-2024x08x05-b.pdf
2024-08-05,046,LOS LLANOS,SAN PEDRO DE MACORÍS,MINISTERIO DE AGRICULTURA,EMCO,35.5,22.5,0.0,https://indomet.gob.do/wp-content/uploads/2024/08/temperaturas-extremas-y-precipitaciones-2024x08x05-b.pdf
2024-08-05,047,LOS TRES CHARCOS (EMA),PEDERNALES,PROPIEDAD DEL VOLUNTARIO,EMAP,32.5,26.3,0.0,https://indomet.gob.do/wp-content/uploads/2024/08/temperaturas-extremas-y-precipitaciones-2024x08x05-b.pdf
2024-08-05,048,MAO,VALVERDE,INDRHI / MINISTERIO DE AGRICULTURA,EMCV,,,0.0,https://indomet.gob.do/wp-content/uploads/2024/08/temperaturas-extremas-y-precipitaciones-2024x08x05-b.pdf
2024-08-05,049,MONCIÓN (EMA),SANTIAGO RODRÍGUEZ,PROGRAMA MUNDIAL DE ALIMENTO,EMAP,34.2,21.1,0.0,https://indomet.gob.do/wp-content/uploads/2024/08/temperaturas-extremas-y-precipitaciones-2024x08x05-b.pdf
2024-08-05,050,MONTE CRISTI,MONTE CRISTI,ONAMET,EMCO,36.5,26.0,0.0,https://indomet.gob.do/wp-content/uploads/2024/08/temperaturas-extremas-y-precipitaciones-2024x08x05-b.pdf
2024-08-05,051,NAVARRETE,SANTIAGO,MINISTERIO DE AGRICULTURA,EMCV,,,0.0,https://indomet.gob.do/wp-content/uploads/2024/08/temperaturas-extremas-y-precipitaciones-2024x08x05-b.pdf
2024-08-05,052,OLIVARES,PEDERNALES,INDRHI,EMCO,,,0.0,https://indomet.gob.do/wp-content/uploads/2024/08/temperaturas-extremas-y-precipitaciones-2024x08x05-b.pdf
2024-08-05,053,PADRE LAS CASAS,AZUA,HOSP. NTRA. SRA. DEL CARMEN,EMCO,33.7,21.0,0.0,https://indomet.gob.do/wp-content/uploads/2024/08/temperaturas-extremas-y-precipitaciones-2024x08x05-b.pdf
2024-08-05,054,PALMAR ABAJO (EMA),SANTIAGO,MINISTERIO DE AGRICULTURA,EMAP,34.6,25.7,0.0,https://indomet.gob.do/wp-content/uploads/2024/08/temperaturas-extremas-y-precipitaciones-2024x08x05-b.pdf
2024-08-05,055,PALO ÍNDIO,PUERTO PLATA,MINISTERIO DE AGRICULTURA,EMCO,,,0.0,https://indomet.gob.do/wp-content/uploads/2024/08/temperaturas-extremas-y-precipitaciones-2024x08x05-b.pdf
2024-08-05,056,PARQUE MIRADOR SUR,DISTRITO NACIONAL,AYUNTAMIENTO,EMCV,36.0,26.0,0.0,https://indomet.gob.do/wp-content/uploads/2024/08/temperaturas-extremas-y-precipitaciones-2024x08x05-b.pdf
2024-08-05,057,PASO AL MEDIO,SAN PEDRO DE MACORÍS,INDRHI,EMCO,,,0.0,https://indomet.gob.do/wp-content/uploads/2024/08/temperaturas-extremas-y-precipitaciones-2024x08x05-b.pdf
2024-08-05,058,PEDERNALES,PEDERNALES,INDRHI,EMCO,,,0.0,https://indomet.gob.do/wp-content/uploads/2024/08/temperaturas-extremas-y-precipitaciones-2024x08x05-b.pdf
2024-08-05,059,PERALTA,AZUA,HOSP. MPAL. DE PERALTA,EMCO,34.8,21.0,0.0,https://indomet.gob.do/wp-content/uploads/2024/08/temperaturas-extremas-y-precipitaciones-2024x08x05-b.pdf
2024-08-05,060,PESCADERIA (EMA),BARAHONA,MINISTERIO DE AGRICULTURA,EMAP,34.2,25.3,0.0,https://indomet.gob.do/wp-content/uploads/2024/08/temperaturas-extremas-y-precipitaciones-2024x08x05-b.pdf
2024-08-05,061,PONTÓN ABAJO (EMA),LA VEGA,MINISTERIO DE AGRICULTURA,EMAP,,,0.0,https://indomet.gob.do/wp-content/uploads/2024/08/temperaturas-extremas-y-precipitaciones-2024x08x05-b.pdf
2024-08-05,062,PRESA DE TAVERAS (EMA),LA VEGA,PROGRAMA MUNDIAL DE ALIMENTO,EMAP,31.6,23.0,0.0,https://indomet.gob.do/wp-content/uploads/2024/08/temperaturas-extremas-y-precipitaciones-2024x08x05-b.pdf
2024-08-05,063,RANCHO ARRIBA,SAN JOSÉ DE OCOA,CENTRO TECNOLÓGICO COMUNITARIO,EMCO,31.9,18.7,0.0,https://indomet.gob.do/wp-content/uploads/2024/08/temperaturas-extremas-y-precipitaciones-2024x08x05-b.pdf
2024-08-05,064,RESTAURACIÓN,DAJABÓN,MINISTERIO DE AGRICULTURA,EMCO,33.8,20.9,0.0,https://indomet.gob.do/wp-content/uploads/2024/08/temperaturas-extremas-y-precipitaciones-2024x08x05-b.pdf
2024-08-05,065,RÍO SAN JUAN,MARÍA TRINIDAD SÁNCHEZ,HOSP. MPAL. DR. DESIDERIO ACOSTA,EMCV,34.0,25.8,0.0,https://indomet.gob.do/wp-content/uploads/2024/08/temperaturas-extremas-y-precipitaciones-2024x08x05-b.pdf
2024-08-05,066,SABANETA (EMA),SANTIAGO RODRÍGUEZ,PROGRAMA MUNDIAL DE ALIMENTO,EMAP,38.2,23.7,0.0,https://indomet.gob.do/wp-content/uploads/2024/08/temperaturas-extremas-y-precipitaciones-2024x08x05-b.pdf
2024-08-05,067,SALCEDO,HERMANAS MIRABAL,PROPIEDAD DEL EMPLEADO,EMCO,,,0.0,https://indomet.gob.do/wp-content/uploads/2024/08/temperaturas-extremas-y-precipitaciones-2024x08x05-b.pdf
2024-08-05,068,SAMANÁ,SAMANÁ,COMANDANCIA DE PUERTO DE SAMANÁ,EMCO,33.6,25.9,0.0,https://indomet.gob.do/wp-content/uploads/2024/08/temperaturas-extremas-y-precipitaciones-2024x08x05-b.pdf
2024-08-05,069,SAN JOSÉ DE OCOA,SAN JOSÉ DE OCOA,HOSP. SAN JOSÉ DE OCOA,EMCO,33.5,23.5,0.0,https://indomet.gob.do/wp-content/uploads/2024/08/temperaturas-extremas-y-precipitaciones-2024x08x05-b.pdf
2024-08-05,070,SAN RAFAEL DEL YUMA,LA ALTAGRACIA,MINISTERIO DE AGRICULTURA,EMCO,34.0,25.5,0.0,https://indomet.gob.do/wp-content/uploads/2024/08/temperaturas-extremas-y-precipitaciones-2024x08x05-b.pdf
2024-08-05,071,SÁNCHEZ,SAMANÁ,MINISTERIO DE AGRICULTURA,EMCO,33.5,25.2,0.0,https://indomet.gob.do/wp-content/uploads/2024/08/temperaturas-extremas-y-precipitaciones-2024x08x05-b.pdf
2024-08-05,072,SANTIAGO RODRÍGUEZ,SANTIAGO RODRÍGUEZ,ONAMET,EMCO,38.0,24.3,0.0,https://indomet.gob.do/wp-content/uploads/2024/08/temperaturas-extremas-y-precipitaciones-2024x08x05-b.pdf
2024-08-05,073,TÁBARA ABAJO,AZUA,INDRHI,EMCO,35.8,20.1,0.0,https://indomet.gob.do/wp-content/uploads/2024/08/temperaturas-extremas-y-precipitaciones-2024x08x05-b.pdf
2024-08-05,074,TAMBORIL,SANTIAGO,MINISTERIO DE AGRICULTURA,EMCV,,,0.0,https://indomet.gob.do/wp-content/uploads/2024/08/temperaturas-extremas-y-precipitaciones-2024x08x05-b.pdf
2024-08-05,075,TAVERA,SANTIAGO,INDRHI,EMCO,,,0.0,https://indomet.gob.do/wp-content/uploads/2024/08/temperaturas-extremas-y-precipitaciones-2024x08x05-b.pdf
2024-08-05,076,VALLE NUEVO (EMA),LA VEGA,MARENA,EMAO,,,0.0,https://indomet.gob.do/wp-content/uploads/2024/08/temperaturas-extremas-y-precipitaciones-2024x08x05-b.pdf
2024-08-05,077,VILLA GONZALES,SANTIAGO,MINISTERIO DE AGRICULTURA,EMCO,,,0.0,https://indomet.gob.do/wp-content/uploads/2024/08/temperaturas-extremas-y-precipitaciones-2024x08x05-b.pdf
2024-08-05,078,VILLA RIVA,DUARTE,HOSP. MPAL. ALICIA DE LEGENDRE,EMCO,33.5,24.4,0.0,https://indomet.gob.do/wp-content/uploads/2024/08/temperaturas-extremas-y-precipitaciones-2024x08x05-b.pdf
2024-08-05,079,VILLA VÁSQUEZ,MONTE CRISTI,PROPIEDAD DEL EMPLEADO,EMCO,34.8,20.8,0.0,https://indomet.gob.do/wp-content/uploads/2024/08/temperaturas-extremas-y-precipitaciones-2024x08x05-b.pdf
2025-03-11,001,RESTAURACIÓN,DAJABÓN,MINISTERIO DE AGRICULTURA,EMCO,19.6,13.4,42.8,https://indomet.gob.do/wp-content/uploads/2025/03/temperaturas-extremas-y-precipitaciones-2025x03x11-a.pdf
2025-03-11,002,DAJABÓN,DAJABÓN,INSTITUTO POLITÉCNICO LOYOLA,EMCO,33.2,18.6,12.5,https://indomet.gob.do/wp-content/uploads/2025/03/temperaturas-extremas-y-precipitaciones-2025x03x11-a.pdf
2025-03-11,003,MONTE CRISTI,MONTE CRISTI,ONAMET,EMCO,34.0,22.5,10.5,https://indomet.gob.do/wp-content/uploads/2025/03/temperaturas-extremas-y-precipitaciones-2025x03x11-a.pdf
2025-03-11,004,ELÍAS PIÑA,ELÍAS PIÑA,MINISTERIO DE AGRICULTURA,EMCV,,,4.0,https://indomet.gob.do/wp-content/uploads/2025/03/temperaturas-extremas-y-precipitaciones-2025x03x11-a.pdf
2025-03-11,005,JARABACOA,LA VEGA,INDRHI / MARENA,EMCO,31.6,18.6,2.8,https://indomet.gob.do/wp-content/uploads/2025/03/temperaturas-extremas-y-precipitaciones-2025x03x11-a.pdf
2025-03-11,006,VILLA ISABELA,PUERTO PLATA,MINISTERIO DE AGRICULTURA,EMCV,,,2.3,https://indomet.gob.do/wp-content/uploads/2025/03/temperaturas-extremas-y-precipitaciones-2025x03x11-a.pdf
2025-03-11,007,TAMBORIL,SANTIAGO,MINISTERIO DE AGRICULTURA,EMCV,,,1.3,https://indomet.gob.do/wp-content/uploads/2025/03/temperaturas-extremas-y-precipitaciones-2025x03x11-a.pdf
2025-03-11,008,SAN RAFAEL DEL YUMA,LA ALTAGRACIA,MINISTERIO DE AGRICULTURA,EMCO,31.4,19.8,1.2,https://indomet.gob.do/wp-content/uploads/2025/03/temperaturas-extremas-y-precipitaciones-2025x03x11-a.pdf
2025-03-11,009,LAS MATAS DE SANTA CRUZ (EMA,MONTE CRISTI,PROGRAMA MUNDIAL DE ALIMENTO,EMAP,29.2,22.7,1.0,https://indomet.gob.do/wp-content/uploads/2025/03/temperaturas-extremas-y-precipitaciones-2025x03x11-a.pdf
2025-03-11,010,LA VEGA,LA VEGA,IATESA,EMCO,33.0,22.5,0.9,https://indomet.gob.do/wp-content/uploads/2025/03/temperaturas-extremas-y-precipitaciones-2025x03x11-a.pdf
2025-03-11,011,ARPT. DE PUNTA CANA,LA ALTAGRACIA,ONAMET,EMCO,29.5,20.8,0.8,https://indomet.gob.do/wp-content/uploads/2025/03/temperaturas-extremas-y-precipitaciones-2025x03x11-a.pdf
2025-03-11,012,POLO,BARAHONA,INDOCAFE,EMCO,29.0,17.0,0.6,https://indomet.gob.do/wp-content/uploads/2025/03/temperaturas-extremas-y-precipitaciones-2025x03x11-a.pdf
2025-03-11,013,ARPT. DEL CIBAO,SANTIAGO,ONAMET,EMCO,32.7,19.0,0.5,https://indomet.gob.do/wp-content/uploads/2025/03/temperaturas-extremas-y-precipitaciones-2025x03x11-a.pdf
2025-03-11,014,ALTAMIRA,PUERTO PLATA,HOSP. MPAL. DE ALTAMIRA,EMCO,33.4,20.1,0.2,https://indomet.gob.do/wp-content/uploads/2025/03/temperaturas-extremas-y-precipitaciones-2025x03x11-a.pdf
2025-03-11,015,JUMA BEJUCAL,MONSEÑOR NOUEL,IDIAF,EMCV,30.0,20.6,0.2,https://indomet.gob.do/wp-content/uploads/2025/03/temperaturas-extremas-y-precipitaciones-2025x03x11-a.pdf
2025-03-11,016,PARQUE MIRADOR SUR,DISTRITO NACIONAL,AYUNTAMIENTO,EMCV,32.0,21.9,0.1,https://indomet.gob.do/wp-content/uploads/2025/03/temperaturas-extremas-y-precipitaciones-2025x03x11-a.pdf
2025-03-11,017,SANTIAGO RODRÍGUEZ,SANTIAGO RODRÍGUEZ,ONAMET,EMCO,25.8,23.3,0.1,https://indomet.gob.do/wp-content/uploads/2025/03/temperaturas-extremas-y-precipitaciones-2025x03x11-a.pdf
2025-03-11,018,ALTO BANDERA (EMA),LA VEGA,INTEC,EMAP,18.8,7.2,0.0,https://indomet.gob.do/wp-content/uploads/2025/03/temperaturas-extremas-y-precipitaciones-2025x03x11-a.pdf
2025-03-11,019,ANAMUYA (EMA),LA ALTAGRACIA,MINISTERIO DE AGRICULTURA,EMAP,31.2,15.1,0.0,https://indomet.gob.do/wp-content/uploads/2025/03/temperaturas-extremas-y-precipitaciones-2025x03x11-a.pdf
2025-03-11,020,ARPT. ARROYO BARRIL,SAMANÁ,ONAMET,EMCO,31.3,21.2,0.0,https://indomet.gob.do/wp-content/uploads/2025/03/temperaturas-extremas-y-precipitaciones-2025x03x11-a.pdf
2025-03-11,021,ARPT. DE LA ROMANA,LA ROMANA,ONAMET,EMCO,30.0,19.3,0.0,https://indomet.gob.do/wp-content/uploads/2025/03/temperaturas-extremas-y-precipitaciones-2025x03x11-a.pdf
2025-03-11,022,ARPT. DE LAS AMÉRICAS,SANTO DOMINGO,ONAMET,EMCO,31.0,21.2,0.0,https://indomet.gob.do/wp-content/uploads/2025/03/temperaturas-extremas-y-precipitaciones-2025x03x11-a.pdf
2025-03-11,023,ARPT. EL CATEY,SAMANÁ,ONAMET,EMCO,32.0,20.5,0.0,https://indomet.gob.do/wp-content/uploads/2025/03/temperaturas-extremas-y-precipitaciones-2025x03x11-a.pdf
2025-03-11,024,ARPT. GREGORIO LUPERÓN,PUERTO PLATA,ONAMET,EMCO,32.6,19.0,0.0,https://indomet.gob.do/wp-content/uploads/2025/03/temperaturas-extremas-y-precipitaciones-2025x03x11-a.pdf
2025-03-11,025,ARPT. LA ISABELA,SANTO DOMINGO,ONAMET,EMCO,31.6,20.0,0.0,https://indomet.gob.do/wp-content/uploads/2025/03/temperaturas-extremas-y-precipitaciones-2025x03x11-a.pdf
2025-03-11,026,ARPT. MARÍA MONTEZ,BARAHONA,ONAMET,EMCO,30.4,21.0,0.0,https://indomet.gob.do/wp-content/uploads/2025/03/temperaturas-extremas-y-precipitaciones-2025x03x11-a.pdf
2025-03-11,027,ARROYO LORO,SAN JUAN,IDIAF,EMCO,33.0,19.2,0.0,https://indomet.gob.do/wp-content/uploads/2025/03/temperaturas-extremas-y-precipitaciones-2025x03x11-a.pdf
2025-03-11,028,BAYAGUANA,MONTE PLATA,ONAMET,EMCO,31.8,19.5,0.0,https://indomet.gob.do/wp-content/uploads/2025/03/temperaturas-extremas-y-precipitaciones-2025x03x11-a.pdf
2025-03-11,029,BOCA DE MAO (EMA),VALVERDE,MINISTERIO DE AGRICULTURA,EMAP,35.9,22.7,0.0,https://indomet.gob.do/wp-content/uploads/2025/03/temperaturas-extremas-y-precipitaciones-2025x03x11-a.pdf
2025-03-11,030,BOHECHÍO,SAN JUAN,MINISTERIO DE AGRICULTURA,EMCV,,,0.0,https://indomet.gob.do/wp-content/uploads/2025/03/temperaturas-extremas-y-precipitaciones-2025x03x11-a.pdf
2025-03-11,031,BONAO,MONSEÑOR NOUEL,MINISTERIO DE AGRICULTURA,EMCV,,,0.0,https://indomet.gob.do/wp-content/uploads/2025/03/temperaturas-extremas-y-precipitaciones-2025x03x11-a.pdf
2025-03-11,032,CABRAL,BARAHONA,MINISTERIO DE AGRICULTURA,EMCV,32.3,21.0,0.0,https://indomet.gob.do/wp-content/uploads/2025/03/temperaturas-extremas-y-precipitaciones-2025x03x11-a.pdf
2025-03-11,033,CENTRO DE LOS HEROES (EMA),DISTRITO NACIONAL,MINISTERIO DE ENERGIA Y MINA,EMAP,29.9,24.6,0.0,https://indomet.gob.do/wp-content/uploads/2025/03/temperaturas-extremas-y-precipitaciones-2025x03x11-a.pdf
2025-03-11,034,CONSTANZA,LA VEGA,MINISTERIO DE AGRICULTURA,EMCO,29.5,16.0,0.0,https://indomet.gob.do/wp-content/uploads/2025/03/temperaturas-extremas-y-precipitaciones-2025x03x11-a.pdf
2025-03-11,035,EL CERCADO,SAN JUAN,MINISTERIO DE AGRICULTURA,EMCV,,,0.0,https://indomet.gob.do/wp-content/uploads/2025/03/temperaturas-extremas-y-precipitaciones-2025x03x11-a.pdf
2025-03-11,036,EL FACTOR (EMA),MARÍA TRINIDAD SÁNCHEZ,INTEC,EMAP,35.2,21.8,0.0,https://indomet.gob.do/wp-content/uploads/2025/03/temperaturas-extremas-y-precipitaciones-2025x03x11-a.pdf
2025-03-11,037,ENRIQUILLO,BARAHONA,MINISTERIO DE AGRICULTURA,EMCV,32.3,23.5,0.0,https://indomet.gob.do/wp-content/uploads/2025/03/temperaturas-extremas-y-precipitaciones-2025x03x11-a.pdf
2025-03-11,038,ESCONDIDO,PERAVIA,MINISTERIO DE AGRICULTURA,EMCV,32.0,22.0,0.0,https://indomet.gob.do/wp-content/uploads/2025/03/temperaturas-extremas-y-precipitaciones-2025x03x11-a.pdf
2025-03-11,039,GASPAR HERNÁNDEZ,ESPAILLAT,PROPIEDAD DEL EMPLEADO,EMCO,,,0.0,https://indomet.gob.do/wp-content/uploads/2025/03/temperaturas-extremas-y-precipitaciones-2025x03x11-a.pdf
2025-03-11,040,GURABO,SANTIAGO,MINISTERIO DE AGRICULTURA,EMCV,,,0.0,https://indomet.gob.do/wp-content/uploads/2025/03/temperaturas-extremas-y-precipitaciones-2025x03x11-a.pdf
2025-03-11,041,HATO MAYOR,HATO MAYOR,MINISTERIO DE AGRICULTURA,EMCV,,,0.0,https://indomet.gob.do/wp-content/uploads/2025/03/temperaturas-extremas-y-precipitaciones-2025x03x11-a.pdf
2025-03-11,042,HONDO VALLE,ELÍAS PIÑA,MINISTERIO DE AGRICULTURA,EMCO,26.8,16.4,0.0,https://indomet.gob.do/wp-content/uploads/2025/03/temperaturas-extremas-y-precipitaciones-2025x03x11-a.pdf
2025-03-11,043,JARDÍN BOTÁNICO NACIONAL,DISTRITO NACIONAL,JARDÍN BOTÁNICO NACIONAL,EMCV,32.0,19.8,0.0,https://indomet.gob.do/wp-content/uploads/2025/03/temperaturas-extremas-y-precipitaciones-2025x03x11-a.pdf
2025-03-11,044,LA VICTORIA,SANTO DOMINGO,CUERPO DE BOMBEROS,EMCO,32.3,21.4,0.0,https://indomet.gob.do/wp-content/uploads/2025/03/temperaturas-extremas-y-precipitaciones-2025x03x11-a.pdf
2025-03-11,045,LAS MATAS DE SANTA CRUZ,MONTE CRISTI,INDRHI,EMCV,,,0.0,https://indomet.gob.do/wp-content/uploads/2025/03/temperaturas-extremas-y-precipitaciones-2025x03x11-a.pdf
2025-03-11,046,LOS JENGIBRES,NAGUA,INDRHI,EMCO,,,0.0,https://indomet.gob.do/wp-content/uploads/2025/03/temperaturas-extremas-y-precipitaciones-2025x03x11-a.pdf
2025-03-11,047,LOS LLANOS,SAN PEDRO DE MACORÍS,MINISTERIO DE AGRICULTURA,EMCO,31.9,20.5,0.0,https://indomet.gob.do/wp-content/uploads/2025/03/temperaturas-extremas-y-precipitaciones-2025x03x11-a.pdf
2025-03-11,048,LOS TRES CHARCOS (EMA),PEDERNALES,PROPIEDAD DEL VOLUNTARIO,EMAP,31.3,20.3,0.0,https://indomet.gob.do/wp-content/uploads/2025/03/temperaturas-extremas-y-precipitaciones-2025x03x11-a.pdf
2025-03-11,049,MAO,VALVERDE,INDRHI / MINISTERIO DE AGRICULTURA,EMCV,,,0.0,https://indomet.gob.do/wp-content/uploads/2025/03/temperaturas-extremas-y-precipitaciones-2025x03x11-a.pdf
2025-03-11,050,MONCIÓN (EMA),SANTIAGO RODRÍGUEZ,PROGRAMA MUNDIAL DE ALIMENTO,EMAP,31.9,20.8,0.0,https://indomet.gob.do/wp-content/uploads/2025/03/temperaturas-extremas-y-precipitaciones-2025x03x11-a.pdf
2025-03-11,051,OLIVARES,PEDERNALES,INDRHI,EMCO,,,0.0,https://indomet.gob.do/wp-content/uploads/2025/03/temperaturas-extremas-y-precipitaciones-2025x03x11-a.pdf
2025-03-11,052,OVIEDO,PEDERNALES,CLÍNICA RURAL OVIEDO,EMCO,31.0,22.0,0.0,https://indomet.gob.do/wp-content/uploads/2025/03/temperaturas-extremas-y-precipitaciones-2025x03x11-a.pdf
2025-03-11,053,PADRE LAS CASAS,AZUA,HOSP. NTRA. SRA. DEL CARMEN,EMCO,31.5,20.4,0.0,https://indomet.gob.do/wp-content/uploads/2025/03/temperaturas-extremas-y-precipitaciones-2025x03x11-a.pdf
2025-03-11,054,PALMAR ABAJO (EMA),SANTIAGO,MINISTERIO DE AGRICULTURA,EMAP,33.8,22.7,0.0,https://indomet.gob.do/wp-content/uploads/2025/03/temperaturas-extremas-y-precipitaciones-2025x03x11-a.pdf
2025-03-11,055,PALO ÍNDIO,PUERTO PLATA,MINISTERIO DE AGRICULTURA,EMCO,,,0.0,https://indomet.gob.do/wp-content/uploads/2025/03/temperaturas-extremas-y-precipitaciones-2025x03x11-a.pdf
2025-03-11,056,PASO AL MEDIO,SAN PEDRO DE MACORÍS,INDRHI,EMCO,,,0.0,https://indomet.gob.do/wp-content/uploads/2025/03/temperaturas-extremas-y-precipitaciones-2025x03x11-a.pdf
2025-03-11,057,PEDERNALES,PEDERNALES,INDRHI,EMCO,,,0.0,https://indomet.gob.do/wp-content/uploads/2025/03/temperaturas-extremas-y-precipitaciones-2025x03x11-a.pdf
2025-03-11,058,PERALTA,AZUA,HOSP. MPAL. DE PERALTA,EMCO,30.0,19.0,0.0,https://indomet.gob.do/wp-content/uploads/2025/03/temperaturas-extremas-y-precipitaciones-2025x03x11-a.pdf
2025-03-11,059,PESCADERIA (EMA),BARAHONA,MINISTERIO DE AGRICULTURA,EMAP,30.7,23.1,0.0,https://indomet.gob.do/wp-content/uploads/2025/03/temperaturas-extremas-y-precipitaciones-2025x03x11-a.pdf
2025-03-11,060,PONTÓN ABAJO (EMA),LA VEGA,MINISTERIO DE AGRICULTURA,EMAP,35.1,23.4,0.0,https://indomet.gob.do/wp-content/uploads/2025/03/temperaturas-extremas-y-precipitaciones-2025x03x11-a.pdf
2025-03-11,061,PRESA DE TAVERAS (EMA),LA VEGA,PROGRAMA MUNDIAL DE ALIMENTO,EMAP,32.4,21.9,0.0,https://indomet.gob.do/wp-content/uploads/2025/03/temperaturas-extremas-y-precipitaciones-2025x03x11-a.pdf
2025-03-11,062,RANCHO ARRIBA,SAN JOSÉ DE OCOA,CENTRO TECNOLÓGICO COMUNITARIO,EMCO,29.4,17.0,0.0,https://indomet.gob.do/wp-content/uploads/2025/03/temperaturas-extremas-y-precipitaciones-2025x03x11-a.pdf
2025-03-11,063,RÍO SAN JUAN,MARÍA TRINIDAD SÁNCHEZ,HOSP. MPAL. DR. DESIDERIO ACOSTA,EMCV,34.8,22.7,0.0,https://indomet.gob.do/wp-content/uploads/2025/03/temperaturas-extremas-y-precipitaciones-2025x03x11-a.pdf
2025-03-11,064,SABANA DE LA MAR,HATO MAYOR,ONAMET,EMCO,33.5,21.0,0.0,https://indomet.gob.do/wp-content/uploads/2025/03/temperaturas-extremas-y-precipitaciones-2025x03x11-a.pdf
2025-03-11,065,SABANA GRANDE DE BOYÁ,MONTE PLATA,MINISTERIO DE AGRICULTURA,EMCV,,,0.0,https://indomet.gob.do/wp-content/uploads/2025/03/temperaturas-extremas-y-precipitaciones-2025x03x11-a.pdf
2025-03-11,066,SABANETA (EMA),SANTIAGO RODRÍGUEZ,PROGRAMA MUNDIAL DE ALIMENTO,EMAP,36.8,22.9,0.0,https://indomet.gob.do/wp-content/uploads/2025/03/temperaturas-extremas-y-precipitaciones-2025x03x11-a.pdf
2025-03-11,067,SALCEDO,HERMANAS MIRABAL,PROPIEDAD DEL EMPLEADO,EMCO,,,0.0,https://indomet.gob.do/wp-content/uploads/2025/03/temperaturas-extremas-y-precipitaciones-2025x03x11-a.pdf
2025-03-11,068,SAMANÁ,SAMANÁ,COMANDANCIA DE PUERTO DE SAMANÁ,EMCO,32.2,21.0,0.0,https://indomet.gob.do/wp-content/uploads/2025/03/temperaturas-extremas-y-precipitaciones-2025x03x11-a.pdf
2025-03-11,069,SAN CRISTÓBAL,SAN CRISTÓBAL,INSTITUTO POLITÉCNICO LOYOLA,EMCO,30.0,20.2,0.0,https://indomet.gob.do/wp-content/uploads/2025/03/temperaturas-extremas-y-precipitaciones-2025x03x11-a.pdf
2025-03-11,070,SAN FRANCISCO DE MACORÍS,DUARTE,San Francisco de Macorís (UASD),EMCO,33.7,21.1,0.0,https://indomet.gob.do/wp-content/uploads/2025/03/temperaturas-extremas-y-precipitaciones-2025x03x11-a.pdf
2025-03-11,071,SAN JOSÉ DE OCOA,SAN JOSÉ DE OCOA,HOSP. SAN JOSÉ DE OCOA,EMCO,29.8,19.9,0.0,https://indomet.gob.do/wp-content/uploads/2025/03/temperaturas-extremas-y-precipitaciones-2025x03x11-a.pdf
2025-03-11,072,SÁNCHEZ,SAMANÁ,MINISTERIO DE AGRICULTURA,EMCO,33.5,22.3,0.0,https://indomet.gob.do/wp-content/uploads/2025/03/temperaturas-extremas-y-precipitaciones-2025x03x11-a.pdf
2025-03-11,073,SANTO DOMINGO ESTE,SANTO DOMINGO,ONAMET,EMCO,31.0,23.2,0.0,https://indomet.gob.do/wp-content/uploads/2025/03/temperaturas-extremas-y-precipitaciones-2025x03x11-a.pdf
2025-03-11,074,TÁBARA ABAJO,AZUA,INDRHI,EMCO,33.5,19.0,0.0,https://indomet.gob.do/wp-content/uploads/2025/03/temperaturas-extremas-y-precipitaciones-2025x03x11-a.pdf
2025-03-11,075,TAVERA,SANTIAGO,INDRHI,EMCO,,,0.0,https://indomet.gob.do/wp-content/uploads/2025/03/temperaturas-extremas-y-precipitaciones-2025x03x11-a.pdf
2025-03-11,076,VALLE NUEVO (EMA),LA VEGA,MARENA,EMAO,20.6,6.6,0.0,https://indomet.gob.do/wp-content/uploads/2025/03/temperaturas-extremas-y-precipitaciones-2025x03x11-a.pdf
2025-03-11,077,VILLA ALTAGRACIA,SAN CRISTÓBAL,ESCUELA JAVIER ANGULO GURIDI,EMCO,,,0.0,https://indomet.gob.do/wp-content/uploads/2025/03/temperaturas-extremas-y-precipitaciones-2025x03x11-a.pdf
2025-03-11,078,VILLA GONZALES,SANTIAGO,MINISTERIO DE AGRICULTURA,EMCO,,,0.0,https://indomet.gob.do/wp-content/uploads/2025/03/temperaturas-extremas-y-precipitaciones-2025x03x11-a.pdf
2025-03-11,079,VILLA RIVA,DUARTE,HOSP. MPAL. ALICIA DE LEGENDRE,EMCO,33.0,21.0,0.0,https://indomet.gob.do/wp-content/uploads/2025/03/temperaturas-extremas-y-precipitaciones-2025x03x11-a.pdf
2025-03-12,001,DAJABÓN,DAJABÓN,INSTITUTO POLITÉCNICO LOYOLA,EMCO,32.6,18.5,47.2,https://indomet.gob.do/wp-content/uploads/2025/03/temperaturas-extremas-y-precipitaciones-2025x03x12-a.pdf
2025-03-12,002,LAS MATAS DE SANTA CRUZ,MONTE CRISTI,INDRHI,EMCV,,,36.5,https://indomet.gob.do/wp-content/uploads/2025/03/temperaturas-extremas-y-precipitaciones-2025x03x12-a.pdf
2025-03-12,003,BAYAGUANA,MONTE PLATA,ONAMET,EMCO,33.8,19.4,21.6,https://indomet.gob.do/wp-content/uploads/2025/03/temperaturas-extremas-y-precipitaciones-2025x03x12-a.pdf
2025-03-12,004,ALTAMIRA,PUERTO PLATA,HOSP. MPAL. DE ALTAMIRA,EMCO,28.0,19.1,20.4,https://indomet.gob.do/wp-content/uploads/2025/03/temperaturas-extremas-y-precipitaciones-2025x03x12-a.pdf
2025-03-12,005,GASPAR HERNÁNDEZ,ESPAILLAT,PROPIEDAD DEL EMPLEADO,EMCO,,,15.2,https://indomet.gob.do/wp-content/uploads/2025/03/temperaturas-extremas-y-precipitaciones-2025x03x12-a.pdf
2025-03-12,006,ARPT. DE LAS AMÉRICAS,SANTO DOMINGO,ONAMET,EMCO,30.0,21.5,9.3,https://indomet.gob.do/wp-content/uploads/2025/03/temperaturas-extremas-y-precipitaciones-2025x03x12-a.pdf
2025-03-12,007,COTUÍ,SÁNCHEZ RAMÍREZ,HOSP. INMACULADA CONCEPCIÓN,EMCV,,,7.5,https://indomet.gob.do/wp-content/uploads/2025/03/temperaturas-extremas-y-precipitaciones-2025x03x12-a.pdf
2025-03-12,008,MONTE CRISTI,MONTE CRISTI,ONAMET,EMCO,27.5,22.0,4.8,https://indomet.gob.do/wp-content/uploads/2025/03/temperaturas-extremas-y-precipitaciones-2025x03x12-a.pdf
2025-03-12,009,LAS MATAS DE SANTA CRUZ (EMA),MONTE CRISTI,PROGRAMA MUNDIAL DE ALIMENTO,EMAP,26.3,20.6,4.7,https://indomet.gob.do/wp-content/uploads/2025/03/temperaturas-extremas-y-precipitaciones-2025x03x12-a.pdf
2025-03-12,010,CABRERA,MARÍA TRINIDAD SÁNCHEZ,ESCUELA ARÍSTIDES FIALLO CABRAL,EMCO,29.4,24.0,4.5,https://indomet.gob.do/wp-content/uploads/2025/03/temperaturas-extremas-y-precipitaciones-2025x03x12-a.pdf
2025-03-12,011,LOS LLANOS,SAN PEDRO DE MACORÍS,MINISTERIO DE AGRICULTURA,EMCO,32.0,22.0,3.8,https://indomet.gob.do/wp-content/uploads/2025/03/temperaturas-extremas-y-precipitaciones-2025x03x12-a.pdf
2025-03-12,012,SANTIAGO RODRÍGUEZ,SANTIAGO RODRÍGUEZ,ONAMET,EMCO,31.0,20.0,3.8,https://indomet.gob.do/wp-content/uploads/2025/03/temperaturas-extremas-y-precipitaciones-2025x03x12-a.pdf
2025-03-12,013,ARPT. EL CATEY,SAMANÁ,ONAMET,EMCO,31.4,22.0,3.7,https://indomet.gob.do/wp-content/uploads/2025/03/temperaturas-extremas-y-precipitaciones-2025x03x12-a.pdf
2025-03-12,014,SABANETA (EMA),SANTIAGO RODRÍGUEZ,PROGRAMA MUNDIAL DE ALIMENTO,EMAP,30.4,19.9,3.6,https://indomet.gob.do/wp-content/uploads/2025/03/temperaturas-extremas-y-precipitaciones-2025x03x12-a.pdf
2025-03-12,015,ARPT. DE LA ROMANA,LA ROMANA,ONAMET,EMCO,30.7,19.8,3.2,https://indomet.gob.do/wp-content/uploads/2025/03/temperaturas-extremas-y-precipitaciones-2025x03x12-a.pdf
2025-03-12,016,EL FACTOR (EMA),MARÍA TRINIDAD SÁNCHEZ,INTEC,EMAP,32.4,21.8,3.0,https://indomet.gob.do/wp-content/uploads/2025/03/temperaturas-extremas-y-precipitaciones-2025x03x12-a.pdf
2025-03-12,017,ARPT. LA ISABELA,SANTO DOMINGO,ONAMET,EMCO,33.4,20.0,2.6,https://indomet.gob.do/wp-content/uploads/2025/03/temperaturas-extremas-y-precipitaciones-2025x03x12-a.pdf
2025-03-12,018,LUPERÓN,PUERTO PLATA,MINISTERIO DE AGRICULTURA,EMCV,,,2.5,https://indomet.gob.do/wp-content/uploads/2025/03/temperaturas-extremas-y-precipitaciones-2025x03x12-a.pdf
2025-03-12,019,ANAMUYA (EMA),LA ALTAGRACIA,MINISTERIO DE AGRICULTURA,EMAP,32.3,22.1,2.4,https://indomet.gob.do/wp-content/uploads/2025/03/temperaturas-extremas-y-precipitaciones-2025x03x12-a.pdf
2025-03-12,020,MAO,VALVERDE,INDRHI / MINISTERIO DE AGRICULTURA,EMCV,,,2.2,https://indomet.gob.do/wp-content/uploads/2025/03/temperaturas-extremas-y-precipitaciones-2025x03x12-a.pdf
2025-03-12,021,JARABACOA,LA VEGA,INDRHI / MARENA,EMCO,28.6,18.4,2.1,https://indomet.gob.do/wp-content/uploads/2025/03/temperaturas-extremas-y-precipitaciones-2025x03x12-a.pdf
2025-03-12,022,RÍO SAN JUAN,MARÍA TRINIDAD SÁNCHEZ,HOSP. MPAL. DR. DESIDERIO ACOSTA,EMCV,29.2,21.0,2.0,https://indomet.gob.do/wp-content/uploads/2025/03/temperaturas-extremas-y-precipitaciones-2025x03x12-a.pdf
2025-03-12,023,ARPT. GREGORIO LUPERÓN,PUERTO PLATA,ONAMET,EMCO,27.5,21.2,1.8,https://indomet.gob.do/wp-content/uploads/2025/03/temperaturas-extremas-y-precipitaciones-2025x03x12-a.pdf
2025-03-12,024,BOCA DE MAO (EMA),VALVERDE,MINISTERIO DE AGRICULTURA,EMAP,31.7,20.6,1.8,https://indomet.gob.do/wp-content/uploads/2025/03/temperaturas-extremas-y-precipitaciones-2025x03x12-a.pdf
2025-03-12,025,JARABACOA (EMA),LA VEGA,PROGRAMA MUNDIAL DE ALIMENTO,EMAP,27.6,17.8,1.8,https://indomet.gob.do/wp-content/uploads/2025/03/temperaturas-extremas-y-precipitaciones-2025x03x12-a.pdf
2025-03-12,026,MONCIÓN (EMA),SANTIAGO RODRÍGUEZ,PROGRAMA MUNDIAL DE ALIMENTO,EMAP,26.0,17.9,1.8,https://indomet.gob.do/wp-content/uploads/2025/03/temperaturas-extremas-y-precipitaciones-2025x03x12-a.pdf
2025-03-12,027,JARDÍN BOTÁNICO NACIONAL,DISTRITO NACIONAL,JARDÍN BOTÁNICO NACIONAL,EMCV,32.1,22.0,1.4,https://indomet.gob.do/wp-content/uploads/2025/03/temperaturas-extremas-y-precipitaciones-2025x03x12-a.pdf
2025-03-12,028,PASO AL MEDIO,SAN PEDRO DE MACORÍS,INDRHI,EMCO,,,1.4,https://indomet.gob.do/wp-content/uploads/2025/03/temperaturas-extremas-y-precipitaciones-2025x03x12-a.pdf
2025-03-12,029,PRESA DE TAVERAS (EMA),LA VEGA,PROGRAMA MUNDIAL DE ALIMENTO,EMAP,29.7,19.3,0.6,https://indomet.gob.do/wp-content/uploads/2025/03/temperaturas-extremas-y-precipitaciones-2025x03x12-a.pdf
2025-03-12,030,RESTAURACIÓN,DAJABÓN,MINISTERIO DE AGRICULTURA,EMCO,17.9,14.5,0.6,https://indomet.gob.do/wp-content/uploads/2025/03/temperaturas-extremas-y-precipitaciones-2025x03x12-a.pdf
2025-03-12,031,SAN RAFAEL DEL YUMA,LA ALTAGRACIA,MINISTERIO DE AGRICULTURA,EMCO,31.9,22.4,0.6,https://indomet.gob.do/wp-content/uploads/2025/03/temperaturas-extremas-y-precipitaciones-2025x03x12-a.pdf
2025-03-12,032,ARPT. DE PUNTA CANA,LA ALTAGRACIA,ONAMET,EMCO,29.5,20.6,0.4,https://indomet.gob.do/wp-content/uploads/2025/03/temperaturas-extremas-y-precipitaciones-2025x03x12-a.pdf
2025-03-12,033,CENTRO DE LOS HEROES (EMA),DISTRITO NACIONAL,MINISTERIO DE ENERGIA Y MINA,EMAP,29.8,23.8,0.4,https://indomet.gob.do/wp-content/uploads/2025/03/temperaturas-extremas-y-precipitaciones-2025x03x12-a.pdf
2025-03-12,034,LA VICTORIA,SANTO DOMINGO,CUERPO DE BOMBEROS,EMCO,34.5,22.5,0.4,https://indomet.gob.do/wp-content/uploads/2025/03/temperaturas-extremas-y-precipitaciones-2025x03x12-a.pdf
2025-03-12,035,SANTO DOMINGO ESTE,SANTO DOMINGO,ONAMET,EMCO,31.0,23.5,0.4,https://indomet.gob.do/wp-content/uploads/2025/03/temperaturas-extremas-y-precipitaciones-2025x03x12-a.pdf
2025-03-12,036,LA VEGA,LA VEGA,IATESA,EMCO,31.0,20.5,0.3,https://indomet.gob.do/wp-content/uploads/2025/03/temperaturas-extremas-y-precipitaciones-2025x03x12-a.pdf
2025-03-12,037,VILLA GONZALES,SANTIAGO,MINISTERIO DE AGRICULTURA,EMCO,,,0.3,https://indomet.gob.do/wp-content/uploads/2025/03/temperaturas-extremas-y-precipitaciones-2025x03x12-a.pdf
2025-03-12,038,ENRIQUILLO,BARAHONA,MINISTERIO DE AGRICULTURA,EMCV,31.5,23.4,0.2,https://indomet.gob.do/wp-content/uploads/2025/03/temperaturas-extremas-y-precipitaciones-2025x03x12-a.pdf
2025-03-12,039,LAS CANAS (EMA),MONTE CRISTI,PROGRAMA MUNDIAL DE ALIMENTO,EMAP,25.3,20.2,0.2,https://indomet.gob.do/wp-content/uploads/2025/03/temperaturas-extremas-y-precipitaciones-2025x03x12-a.pdf
2025-03-12,040,PALMAR ABAJO (EMA),SANTIAGO,MINISTERIO DE AGRICULTURA,EMAP,30.7,19.9,0.2,https://indomet.gob.do/wp-content/uploads/2025/03/temperaturas-extremas-y-precipitaciones-2025x03x12-a.pdf
2025-03-12,041,VALLE NUEVO (EMA),LA VEGA,MARENA,EMAO,17.7,3.8,0.2,https://indomet.gob.do/wp-content/uploads/2025/03/temperaturas-extremas-y-precipitaciones-2025x03x12-a.pdf
2025-03-12,042,ARPT. DEL CIBAO,SANTIAGO,ONAMET,EMCO,30.8,20.5,0.1,https://indomet.gob.do/wp-content/uploads/2025/03/temperaturas-extremas-y-precipitaciones-2025x03x12-a.pdf
2025-03-12,043,SALCEDO,HERMANAS MIRABAL,PROPIEDAD DEL EMPLEADO,EMCO,,,0.1,https://indomet.gob.do/wp-content/uploads/2025/03/temperaturas-extremas-y-precipitaciones-2025x03x12-a.pdf
2025-03-12,044,SÁNCHEZ,SAMANÁ,MINISTERIO DE AGRICULTURA,EMCO,31.1,21.2,0.1,https://indomet.gob.do/wp-content/uploads/2025/03/temperaturas-extremas-y-precipitaciones-2025x03x12-a.pdf
2025-03-12,045,ARPT. ARROYO BARRIL,SAMANÁ,ONAMET,EMCO,29.7,21.5,0.0,https://indomet.gob.do/wp-content/uploads/2025/03/temperaturas-extremas-y-precipitaciones-2025x03x12-a.pdf
2025-03-12,046,ARPT. MARÍA MONTEZ,BARAHONA,ONAMET,EMCO,31.6,23.0,0.0,https://indomet.gob.do/wp-content/uploads/2025/03/temperaturas-extremas-y-precipitaciones-2025x03x12-a.pdf
2025-03-12,047,ARROYO LORO,SAN JUAN,IDIAF,EMCO,31.9,15.2,0.0,https://indomet.gob.do/wp-content/uploads/2025/03/temperaturas-extremas-y-precipitaciones-2025x03x12-a.pdf
2025-03-12,048,BOHECHÍO,SAN JUAN,MINISTERIO DE AGRICULTURA,EMCV,,,0.0,https://indomet.gob.do/wp-content/uploads/2025/03/temperaturas-extremas-y-precipitaciones-2025x03x12-a.pdf
2025-03-12,049,CABRAL,BARAHONA,MINISTERIO DE AGRICULTURA,EMCV,28.6,19.4,0.0,https://indomet.gob.do/wp-content/uploads/2025/03/temperaturas-extremas-y-precipitaciones-2025x03x12-a.pdf
2025-03-12,050,CONSTANZA,LA VEGA,MINISTERIO DE AGRICULTURA,EMCO,26.5,14.2,0.0,https://indomet.gob.do/wp-content/uploads/2025/03/temperaturas-extremas-y-precipitaciones-2025x03x12-a.pdf
2025-03-12,051,CONSTANZA (EMA),LA VEGA,PROGRAMA MUNDIAL DE ALIMENTO,EMAP,25.3,14.8,0.0,https://indomet.gob.do/wp-content/uploads/2025/03/temperaturas-extremas-y-precipitaciones-2025x03x12-a.pdf
2025-03-12,052,ELÍAS PIÑA,ELÍAS PIÑA,MINISTERIO DE AGRICULTURA,EMCV,,,0.0,https://indomet.gob.do/wp-content/uploads/2025/03/temperaturas-extremas-y-precipitaciones-2025x03x12-a.pdf
2025-03-12,053,ESCONDIDO,PERAVIA,MINISTERIO DE AGRICULTURA,EMCV,30.0,22.0,0.0,https://indomet.gob.do/wp-content/uploads/2025/03/temperaturas-extremas-y-precipitaciones-2025x03x12-a.pdf
2025-03-12,054,GURABO,SANTIAGO,MINISTERIO DE AGRICULTURA,EMCV,,,0.0,https://indomet.gob.do/wp-content/uploads/2025/03/temperaturas-extremas-y-precipitaciones-2025x03x12-a.pdf
2025-03-12,055,HATO MAYOR,HATO MAYOR,MINISTERIO DE AGRICULTURA,EMCV,,,0.0,https://indomet.gob.do/wp-content/uploads/2025/03/temperaturas-extremas-y-precipitaciones-2025x03x12-a.pdf
2025-03-12,056,HONDO VALLE,ELÍAS PIÑA,MINISTERIO DE AGRICULTURA,EMCO,26.5,16.2,0.0,https://indomet.gob.do/wp-content/uploads/2025/03/temperaturas-extremas-y-precipitaciones-2025x03x12-a.pdf
2025-03-12,057,JUMA BEJUCAL,MONSEÑOR NOUEL,IDIAF,EMCV,32.0,20.4,0.0,https://indomet.gob.do/wp-content/uploads/2025/03/temperaturas-extremas-y-precipitaciones-2025x03x12-a.pdf
2025-03-12,058,LAS MATAS DE FARFÁN,SAN JUAN,MINISTERIO DE AGRICULTURA,EMCV,,,0.0,https://indomet.gob.do/wp-content/uploads/2025/03/temperaturas-extremas-y-precipitaciones-2025x03x12-a.pdf
2025-03-12,059,LOS JENGIBRES,NAGUA,INDRHI,EMCO,,,0.0,https://indomet.gob.do/wp-content/uploads/2025/03/temperaturas-extremas-y-precipitaciones-2025x03x12-a.pdf
2025-03-12,060,LOS TRES CHARCOS (EMA),PEDERNALES,PROPIEDAD DEL VOLUNTARIO,EMAP,32.2,20.2,0.0,https://indomet.gob.do/wp-content/uploads/2025/03/temperaturas-extremas-y-precipitaciones-2025x03x12-a.pdf
2025-03-12,061,MOCA,ESPAILLAT,MINISTERIO DE AGRICULTURA,EMCV,,,0.0,https://indomet.gob.do/wp-content/uploads/2025/03/temperaturas-extremas-y-precipitaciones-2025x03x12-a.pdf
2025-03-12,062,OLIVARES,PEDERNALES,INDRHI,EMCO,,,0.0,https://indomet.gob.do/wp-content/uploads/2025/03/temperaturas-extremas-y-precipitaciones-2025x03x12-a.pdf
2025-03-12,063,OVIEDO,PEDERNALES,CLÍNICA RURAL OVIEDO,EMCO,31.5,20.5,0.0,https://indomet.gob.do/wp-content/uploads/2025/03/temperaturas-extremas-y-precipitaciones-2025x03x12-a.pdf
2025-03-12,064,PADRE LAS CASAS,AZUA,HOSP. NTRA. SRA. DEL CARMEN,EMCO,32.8,21.0,0.0,https://indomet.gob.do/wp-content/uploads/2025/03/temperaturas-extremas-y-precipitaciones-2025x03x12-a.pdf
2025-03-12,065,PALO ÍNDIO,PUERTO PLATA,MINISTERIO DE AGRICULTURA,EMCO,,,0.0,https://indomet.gob.do/wp-content/uploads/2025/03/temperaturas-extremas-y-precipitaciones-2025x03x12-a.pdf
2025-03-12,066,PARQUE MIRADOR SUR,DISTRITO NACIONAL,AYUNTAMIENTO,EMCV,32.2,22.0,0.0,https://indomet.gob.do/wp-content/uploads/2025/03/temperaturas-extremas-y-precipitaciones-2025x03x12-a.pdf
2025-03-12,067,PEDERNALES,PEDERNALES,INDRHI,EMCO,,,0.0,https://indomet.gob.do/wp-content/uploads/2025/03/temperaturas-extremas-y-precipitaciones-2025x03x12-a.pdf
2025-03-12,068,PERALTA,AZUA,HOSP. MPAL. DE PERALTA,EMCO,31.4,18.5,0.0,https://indomet.gob.do/wp-content/uploads/2025/03/temperaturas-extremas-y-precipitaciones-2025x03x12-a.pdf
2025-03-12,069,PESCADERIA (EMA),BARAHONA,MINISTERIO DE AGRICULTURA,EMAP,32.3,22.1,0.0,https://indomet.gob.do/wp-content/uploads/2025/03/temperaturas-extremas-y-precipitaciones-2025x03x12-a.pdf
2025-03-12,070,POLO,BARAHONA,INDOCAFE,EMCO,29.2,16.0,0.0,https://indomet.gob.do/wp-content/uploads/2025/03/temperaturas-extremas-y-precipitaciones-2025x03x12-a.pdf
2025-03-12,071,PONTÓN ABAJO (EMA),LA VEGA,MINISTERIO DE AGRICULTURA,EMAP,32.8,21.4,0.0,https://indomet.gob.do/wp-content/uploads/2025/03/temperaturas-extremas-y-precipitaciones-2025x03x12-a.pdf
2025-03-12,072,RANCHO ARRIBA,SAN JOSÉ DE OCOA,CENTRO TECNOLÓGICO COMUNITARIO,EMCO,28.6,19.4,0.0,https://indomet.gob.do/wp-content/uploads/2025/03/temperaturas-extremas-y-precipitaciones-2025x03x12-a.pdf
2025-03-12,073,SABANA DE LA MAR,HATO MAYOR,ONAMET,EMCO,31.0,21.0,0.0,https://indomet.gob.do/wp-content/uploads/2025/03/temperaturas-extremas-y-precipitaciones-2025x03x12-a.pdf
2025-03-12,074,SAMANÁ,SAMANÁ,COMANDANCIA DE PUERTO DE SAMANÁ,EMCO,30.9,20.5,0.0,https://indomet.gob.do/wp-content/uploads/2025/03/temperaturas-extremas-y-precipitaciones-2025x03x12-a.pdf
2025-03-12,075,SAN CRISTÓBAL,SAN CRISTÓBAL,INSTITUTO POLITÉCNICO LOYOLA,EMCO,31.0,21.0,0.0,https://indomet.gob.do/wp-content/uploads/2025/03/temperaturas-extremas-y-precipitaciones-2025x03x12-a.pdf
2025-03-12,076,SAN FRANCISCO DE MACORÍS,DUARTE,San Francisco de Macorís (UASD),EMCO,31.5,20.4,0.0,https://indomet.gob.do/wp-content/uploads/2025/03/temperaturas-extremas-y-precipitaciones-2025x03x12-a.pdf
2025-03-12,077,SAN JOSÉ DE OCOA,SAN JOSÉ DE OCOA,HOSP. SAN JOSÉ DE OCOA,EMCO,31.0,20.1,0.0,https://indomet.gob.do/wp-content/uploads/2025/03/temperaturas-extremas-y-precipitaciones-2025x03x12-a.pdf
2025-03-12,078,TÁBARA ABAJO,AZUA,INDRHI,EMCO,34.5,25.0,0.0,https://indomet.gob.do/wp-content/uploads/2025/03/temperaturas-extremas-y-precipitaciones-2025x03x12-a.pdf
2025-03-12,079,TAVERA,SANTIAGO,INDRHI,EMCO,,,0.0,https://indomet.gob.do/wp-content/uploads/2025/03/temperaturas-extremas-y-precipitaciones-2025x03x12-a.pdf
2025-03-12,080,VILLA ALTAGRACIA,SAN CRISTÓBAL,ESCUELA JAVIER ANGULO GURIDI,EMCO,,,0.0,https://indomet.gob.do/wp-content/uploads/2025/03/temperaturas-extremas-y-precipitaciones-2025x03x12-a.pdf
2025-03-12,081,VILLA ISABELA,PUERTO PLATA,MINISTERIO DE AGRICULTURA,EMCV,,,0.0,https://indomet.gob.do/wp-content/uploads/2025/03/temperaturas-extremas-y-precipitaciones-2025x03x12-a.pdf
2025-03-12,082,ALTO BANDERA (EMA),LA VEGA,INTEC,EMAP,14.3,5.9,0.0,https://indomet.gob.do/wp-content/uploads/2025/03/temperaturas-extremas-y-precipitaciones-2025x03x12-a.pdf
2025-03-12,083,VILLA RIVA,DUARTE,HOSP. MPAL. ALICIA DE LEGENDRE,EMCO,30.0,20.4,0.0,https://indomet.gob.do/wp-content/uploads/2025/03/temperaturas-extremas-y-precipitaciones-2025x03x12-a.pdf
2025-03-13,001,JARDÍN BOTÁNICO NACIONAL,DISTRITO NACIONAL,JARDÍN BOTÁNICO NACIONAL,EMCV,31.9,20.8,21.0,https://indomet.gob.do/wp-content/uploads/2025/03/temperaturas-extremas-y-precipitaciones-2025x03x13-a.pdf
2025-03-13,002,JUMA BEJUCAL,MONSEÑOR NOUEL,IDIAF,EMCV,28.6,19.8,8.7,https://indomet.gob.do/wp-content/uploads/2025/03/temperaturas-extremas-y-precipitaciones-2025x03x13-a.pdf
2025-03-13,003,CENTRO DE LOS HEROES (EMA),DISTRITO NACIONAL,MINISTERIO DE ENERGIA Y MINA,EMAP,31.0,24.3,5.6,https://indomet.gob.do/wp-content/uploads/2025/03/temperaturas-extremas-y-precipitaciones-2025x03x13-a.pdf
2025-03-13,004,ARPT. DE LAS AMÉRICAS,SANTO DOMINGO,ONAMET,EMCO,30.2,21.4,5.0,https://indomet.gob.do/wp-content/uploads/2025/03/temperaturas-extremas-y-precipitaciones-2025x03x13-a.pdf
2025-03-13,005,LA VEGA,LA VEGA,IATESA,EMCO,30.7,21.0,5.0,https://indomet.gob.do/wp-content/uploads/2025/03/temperaturas-extremas-y-precipitaciones-2025x03x13-a.pdf
2025-03-13,006,OLIVARES,PEDERNALES,INDRHI,EMCO,,,5.0,https://indomet.gob.do/wp-content/uploads/2025/03/temperaturas-extremas-y-precipitaciones-2025x03x13-a.pdf
2025-03-13,007,CONSTANZA,LA VEGA,MINISTERIO DE AGRICULTURA,EMCO,24.5,14.5,4.8,https://indomet.gob.do/wp-content/uploads/2025/03/temperaturas-extremas-y-precipitaciones-2025x03x13-a.pdf
2025-03-13,008,CONSTANZA (EMA),LA VEGA,PROGRAMA MUNDIAL DE ALIMENTO,EMAP,23.4,14.6,4.0,https://indomet.gob.do/wp-content/uploads/2025/03/temperaturas-extremas-y-precipitaciones-2025x03x13-a.pdf
2025-03-13,009,ENRIQUILLO,BARAHONA,MINISTERIO DE AGRICULTURA,EMCV,32.5,23.0,3.6,https://indomet.gob.do/wp-content/uploads/2025/03/temperaturas-extremas-y-precipitaciones-2025x03x13-a.pdf
2025-03-13,010,OVIEDO,PEDERNALES,CLÍNICA RURAL OVIEDO,EMCO,31.5,22.5,3.4,https://indomet.gob.do/wp-content/uploads/2025/03/temperaturas-extremas-y-precipitaciones-2025x03x13-a.pdf
2025-03-13,011,BONAO,MONSEÑOR NOUEL,MINISTERIO DE AGRICULTURA,EMCV,,,3.0,https://indomet.gob.do/wp-content/uploads/2025/03/temperaturas-extremas-y-precipitaciones-2025x03x13-a.pdf
2025-03-13,012,POLO,BARAHONA,INDOCAFE,EMCO,29.5,28.5,2.9,https://indomet.gob.do/wp-content/uploads/2025/03/temperaturas-extremas-y-precipitaciones-2025x03x13-a.pdf
2025-03-13,013,ALTO BANDERA (EMA),LA VEGA,INTEC,EMAP,12.6,5.8,2.0,https://indomet.gob.do/wp-content/uploads/2025/03/temperaturas-extremas-y-precipitaciones-2025x03x13-a.pdf
2025-03-13,014,PARQUE MIRADOR SUR,DISTRITO NACIONAL,AYUNTAMIENTO,EMCV,32.4,21.9,1.8,https://indomet.gob.do/wp-content/uploads/2025/03/temperaturas-extremas-y-precipitaciones-2025x03x13-a.pdf
2025-03-13,015,VALLE NUEVO (EMA),LA VEGA,MARENA,EMAO,16.8,7.1,1.8,https://indomet.gob.do/wp-content/uploads/2025/03/temperaturas-extremas-y-precipitaciones-2025x03x13-a.pdf
2025-03-13,016,RANCHO ARRIBA,SAN JOSÉ DE OCOA,CENTRO TECNOLÓGICO COMUNITARIO,EMCO,29.3,18.4,1.6,https://indomet.gob.do/wp-content/uploads/2025/03/temperaturas-extremas-y-precipitaciones-2025x03x13-a.pdf
2025-03-13,017,ARPT. DE PUNTA CANA,LA ALTAGRACIA,ONAMET,EMCO,29.0,21.9,1.4,https://indomet.gob.do/wp-content/uploads/2025/03/temperaturas-extremas-y-precipitaciones-2025x03x13-a.pdf
2025-03-13,018,ARPT. DEL CIBAO,SANTIAGO,ONAMET,EMCO,32.3,18.5,0.9,https://indomet.gob.do/wp-content/uploads/2025/03/temperaturas-extremas-y-precipitaciones-2025x03x13-a.pdf
2025-03-13,019,LA VICTORIA,SANTO DOMINGO,CUERPO DE BOMBEROS,EMCO,32.5,22.0,0.7,https://indomet.gob.do/wp-content/uploads/2025/03/temperaturas-extremas-y-precipitaciones-2025x03x13-a.pdf
2025-03-13,020,SANTO DOMINGO ESTE,SANTO DOMINGO,ONAMET,EMCO,31.7,23.0,0.7,https://indomet.gob.do/wp-content/uploads/2025/03/temperaturas-extremas-y-precipitaciones-2025x03x13-a.pdf
2025-03-13,021,SAN JOSÉ DE OCOA,SAN JOSÉ DE OCOA,HOSP. SAN JOSÉ DE OCOA,EMCO,30.6,20.2,0.6,https://indomet.gob.do/wp-content/uploads/2025/03/temperaturas-extremas-y-precipitaciones-2025x03x13-a.pdf
2025-03-13,022,PERALTA,AZUA,HOSP. MPAL. DE PERALTA,EMCO,32.6,20.0,0.3,https://indomet.gob.do/wp-content/uploads/2025/03/temperaturas-extremas-y-precipitaciones-2025x03x13-a.pdf
2025-03-13,023,VILLA ALTAGRACIA,SAN CRISTÓBAL,ESCUELA JAVIER ANGULO GURIDI,EMCO,,,0.3,https://indomet.gob.do/wp-content/uploads/2025/03/temperaturas-extremas-y-precipitaciones-2025x03x13-a.pdf
2025-03-13,024,LAS CANAS (EMA),MONTE CRISTI,PROGRAMA MUNDIAL DE ALIMENTO,EMAP,26.3,19.9,0.2,https://indomet.gob.do/wp-content/uploads/2025/03/temperaturas-extremas-y-precipitaciones-2025x03x13-a.pdf
2025-03-13,025,PADRE LAS CASAS,AZUA,HOSP. NTRA. SRA. DEL CARMEN,EMCO,32.9,20.5,0.2,https://indomet.gob.do/wp-content/uploads/2025/03/temperaturas-extremas-y-precipitaciones-2025x03x13-a.pdf
2025-03-13,026,CABRAL,BARAHONA,MINISTERIO DE AGRICULTURA,EMCV,32.7,22.9,0.1,https://indomet.gob.do/wp-content/uploads/2025/03/temperaturas-extremas-y-precipitaciones-2025x03x13-a.pdf
2025-03-13,027,HONDO VALLE,ELÍAS PIÑA,MINISTERIO DE AGRICULTURA,EMCO,26.1,16.0,0.1,https://indomet.gob.do/wp-content/uploads/2025/03/temperaturas-extremas-y-precipitaciones-2025x03x13-a.pdf
2025-03-13,028,PEDERNALES,PEDERNALES,INDRHI,EMCO,,,0.1,https://indomet.gob.do/wp-content/uploads/2025/03/temperaturas-extremas-y-precipitaciones-2025x03x13-a.pdf
2025-03-13,029,SABANA GRANDE DE BOYÁ,MONTE PLATA,MINISTERIO DE AGRICULTURA,EMCV,,,0.1,https://indomet.gob.do/wp-content/uploads/2025/03/temperaturas-extremas-y-precipitaciones-2025x03x13-a.pdf
2025-03-13,030,ALTAMIRA,PUERTO PLATA,HOSP. MPAL. DE ALTAMIRA,EMCO,29.0,18.1,0.0,https://indomet.gob.do/wp-content/uploads/2025/03/temperaturas-extremas-y-precipitaciones-2025x03x13-a.pdf
2025-03-13,031,ANAMUYA (EMA),LA ALTAGRACIA,MINISTERIO DE AGRICULTURA,EMAP,29.8,22.9,0.0,https://indomet.gob.do/wp-content/uploads/2025/03/temperaturas-extremas-y-precipitaciones-2025x03x13-a.pdf
2025-03-13,032,ARPT. ARROYO BARRIL,SAMANÁ,ONAMET,EMCO,31.0,21.6,0.0,https://indomet.gob.do/wp-content/uploads/2025/03/temperaturas-extremas-y-precipitaciones-2025x03x13-a.pdf
2025-03-13,033,ARPT. DE LA ROMANA,LA ROMANA,ONAMET,EMCO,30.5,21.6,0.0,https://indomet.gob.do/wp-content/uploads/2025/03/temperaturas-extremas-y-precipitaciones-2025x03x13-a.pdf
2025-03-13,034,ARPT. EL CATEY,SAMANÁ,ONAMET,EMCO,30.4,20.2,0.0,https://indomet.gob.do/wp-content/uploads/2025/03/temperaturas-extremas-y-precipitaciones-2025x03x13-a.pdf
2025-03-13,035,ARPT. GREGORIO LUPERÓN,PUERTO PLATA,ONAMET,EMCO,29.0,21.0,0.0,https://indomet.gob.do/wp-content/uploads/2025/03/temperaturas-extremas-y-precipitaciones-2025x03x13-a.pdf
2025-03-13,036,ARPT. LA ISABELA,SANTO DOMINGO,ONAMET,EMCO,32.0,20.5,0.0,https://indomet.gob.do/wp-content/uploads/2025/03/temperaturas-extremas-y-precipitaciones-2025x03x13-a.pdf
2025-03-13,037,ARPT. MARÍA MONTEZ,BARAHONA,ONAMET,EMCO,32.0,21.5,0.0,https://indomet.gob.do/wp-content/uploads/2025/03/temperaturas-extremas-y-precipitaciones-2025x03x13-a.pdf
2025-03-13,038,ARROYO LORO,SAN JUAN,IDIAF,EMCO,32.0,17.2,0.0,https://indomet.gob.do/wp-content/uploads/2025/03/temperaturas-extremas-y-precipitaciones-2025x03x13-a.pdf
2025-03-13,039,BAYAGUANA,MONTE PLATA,ONAMET,EMCO,31.8,21.8,0.0,https://indomet.gob.do/wp-content/uploads/2025/03/temperaturas-extremas-y-precipitaciones-2025x03x13-a.pdf
2025-03-13,040,BOCA DE MAO (EMA),VALVERDE,MINISTERIO DE AGRICULTURA,EMAP,,,0.0,https://indomet.gob.do/wp-content/uploads/2025/03/temperaturas-extremas-y-precipitaciones-2025x03x13-a.pdf
2025-03-13,041,BOHECHÍO,SAN JUAN,MINISTERIO DE AGRICULTURA,EMCV,,,0.0,https://indomet.gob.do/wp-content/uploads/2025/03/temperaturas-extremas-y-precipitaciones-2025x03x13-a.pdf
2025-03-13,042,DAJABÓN,DAJABÓN,INSTITUTO POLITÉCNICO LOYOLA,EMCO,34.0,19.8,0.0,https://indomet.gob.do/wp-content/uploads/2025/03/temperaturas-extremas-y-precipitaciones-2025x03x13-a.pdf
2025-03-13,043,EL CERCADO,SAN JUAN,MINISTERIO DE AGRICULTURA,EMCV,,,0.0,https://indomet.gob.do/wp-content/uploads/2025/03/temperaturas-extremas-y-precipitaciones-2025x03x13-a.pdf
2025-03-13,044,EL FACTOR (EMA),MARÍA TRINIDAD SÁNCHEZ,INTEC,EMAP,30.6,21.8,0.0,https://indomet.gob.do/wp-content/uploads/2025/03/temperaturas-extremas-y-precipitaciones-2025x03x13-a.pdf
2025-03-13,045,ELÍAS PIÑA,ELÍAS PIÑA,MINISTERIO DE AGRICULTURA,EMCV,,,0.0,https://indomet.gob.do/wp-content/uploads/2025/03/temperaturas-extremas-y-precipitaciones-2025x03x13-a.pdf
2025-03-13,046,ESCONDIDO,PERAVIA,MINISTERIO DE AGRICULTURA,EMCV,32.0,24.0,0.0,https://indomet.gob.do/wp-content/uploads/2025/03/temperaturas-extremas-y-precipitaciones-2025x03x13-a.pdf
2025-03-13,047,GASPAR HERNÁNDEZ,ESPAILLAT,PROPIEDAD DEL EMPLEADO,EMCO,,,0.0,https://indomet.gob.do/wp-content/uploads/2025/03/temperaturas-extremas-y-precipitaciones-2025x03x13-a.pdf
2025-03-13,048,GURABO,SANTIAGO,MINISTERIO DE AGRICULTURA,EMCV,,,0.0,https://indomet.gob.do/wp-content/uploads/2025/03/temperaturas-extremas-y-precipitaciones-2025x03x13-a.pdf
2025-03-13,049,HATO MAYOR,HATO MAYOR,MINISTERIO DE AGRICULTURA,EMCV,,,0.0,https://indomet.gob.do/wp-content/uploads/2025/03/temperaturas-extremas-y-precipitaciones-2025x03x13-a.pdf
2025-03-13,050,JARABACOA,LA VEGA,INDRHI / MARENA,EMCO,26.2,18.0,0.0,https://indomet.gob.do/wp-content/uploads/2025/03/temperaturas-extremas-y-precipitaciones-2025x03x13-a.pdf
2025-03-13,051,JARABACOA (EMA),LA VEGA,PROGRAMA MUNDIAL DE ALIMENTO,EMAP,25.5,18.1,0.0,https://indomet.gob.do/wp-content/uploads/2025/03/temperaturas-extremas-y-precipitaciones-2025x03x13-a.pdf
2025-03-13,052,LAS MATAS DE SANTA CRUZ (EMA,MONTE CRISTI,PROGRAMA MUNDIAL DE ALIMENTO,EMAP,29.3,20.0,0.0,https://indomet.gob.do/wp-content/uploads/2025/03/temperaturas-extremas-y-precipitaciones-2025x03x13-a.pdf
2025-03-13,053,LOS LLANOS,SAN PEDRO DE MACORÍS,MINISTERIO DE AGRICULTURA,EMCO,31.9,21.9,0.0,https://indomet.gob.do/wp-content/uploads/2025/03/temperaturas-extremas-y-precipitaciones-2025x03x13-a.pdf
2025-03-13,054,LOS TRES CHARCOS (EMA),PEDERNALES,PROPIEDAD DEL VOLUNTARIO,EMAP,31.3,23.0,0.0,https://indomet.gob.do/wp-content/uploads/2025/03/temperaturas-extremas-y-precipitaciones-2025x03x13-a.pdf
2025-03-13,055,MAO,VALVERDE,INDRHI / MINISTERIO DE AGRICULTURA,EMCV,,,0.0,https://indomet.gob.do/wp-content/uploads/2025/03/temperaturas-extremas-y-precipitaciones-2025x03x13-a.pdf
2025-03-13,056,MONCIÓN (EMA),SANTIAGO RODRÍGUEZ,PROGRAMA MUNDIAL DE ALIMENTO,EMAP,28.2,18.2,0.0,https://indomet.gob.do/wp-content/uploads/2025/03/temperaturas-extremas-y-precipitaciones-2025x03x13-a.pdf
2025-03-13,057,MONTE CRISTI,MONTE CRISTI,ONAMET,EMCO,30.8,21.8,0.0,https://indomet.gob.do/wp-content/uploads/2025/03/temperaturas-extremas-y-precipitaciones-2025x03x13-a.pdf
2025-03-13,058,NAVARRETE,SANTIAGO,MINISTERIO DE AGRICULTURA,EMCV,,,0.0,https://indomet.gob.do/wp-content/uploads/2025/03/temperaturas-extremas-y-precipitaciones-2025x03x13-a.pdf
2025-03-13,059,PALMAR ABAJO (EMA),SANTIAGO,MINISTERIO DE AGRICULTURA,EMAP,31.2,20.6,0.0,https://indomet.gob.do/wp-content/uploads/2025/03/temperaturas-extremas-y-precipitaciones-2025x03x13-a.pdf
2025-03-13,060,PALO ÍNDIO,PUERTO PLATA,MINISTERIO DE AGRICULTURA,EMCO,,,0.0,https://indomet.gob.do/wp-content/uploads/2025/03/temperaturas-extremas-y-precipitaciones-2025x03x13-a.pdf
2025-03-13,061,PESCADERIA (EMA),BARAHONA,MINISTERIO DE AGRICULTURA,EMAP,32.5,24.8,0.0,https://indomet.gob.do/wp-content/uploads/2025/03/temperaturas-extremas-y-precipitaciones-2025x03x13-a.pdf
2025-03-13,062,PONTÓN ABAJO (EMA),LA VEGA,MINISTERIO DE AGRICULTURA,EMAP,30.2,21.7,0.0,https://indomet.gob.do/wp-content/uploads/2025/03/temperaturas-extremas-y-precipitaciones-2025x03x13-a.pdf
2025-03-13,063,PRESA DE TAVERAS (EMA),LA VEGA,PROGRAMA MUNDIAL DE ALIMENTO,EMAP,29.1,20.6,0.0,https://indomet.gob.do/wp-content/uploads/2025/03/temperaturas-extremas-y-precipitaciones-2025x03x13-a.pdf
2025-03-13,064,RESTAURACIÓN,DAJABÓN,MINISTERIO DE AGRICULTURA,EMCO,19.8,14.2,0.0,https://indomet.gob.do/wp-content/uploads/2025/03/temperaturas-extremas-y-precipitaciones-2025x03x13-a.pdf
2025-03-13,065,RÍO SAN JUAN,MARÍA TRINIDAD SÁNCHEZ,HOSP. MPAL. DR. DESIDERIO ACOSTA,EMCV,29.0,20.5,0.0,https://indomet.gob.do/wp-content/uploads/2025/03/temperaturas-extremas-y-precipitaciones-2025x03x13-a.pdf
2025-03-13,066,SABANA DE LA MAR,HATO MAYOR,ONAMET,EMCO,30.0,22.0,0.0,https://indomet.gob.do/wp-content/uploads/2025/03/temperaturas-extremas-y-precipitaciones-2025x03x13-a.pdf
2025-03-13,067,SABANETA (EMA),SANTIAGO RODRÍGUEZ,PROGRAMA MUNDIAL DE ALIMENTO,EMAP,32.7,20.1,0.0,https://indomet.gob.do/wp-content/uploads/2025/03/temperaturas-extremas-y-precipitaciones-2025x03x13-a.pdf
2025-03-13,068,SALCEDO,HERMANAS MIRABAL,PROPIEDAD DEL EMPLEADO,EMCO,,,0.0,https://indomet.gob.do/wp-content/uploads/2025/03/temperaturas-extremas-y-precipitaciones-2025x03x13-a.pdf
2025-03-13,069,SAMANÁ,SAMANÁ,COMANDANCIA DE PUERTO DE SAMANÁ,EMCO,31.0,20.9,0.0,https://indomet.gob.do/wp-content/uploads/2025/03/temperaturas-extremas-y-precipitaciones-2025x03x13-a.pdf
2025-03-13,070,SAN CRISTÓBAL,SAN CRISTÓBAL,INSTITUTO POLITÉCNICO LOYOLA,EMCO,32.0,22.4,0.0,https://indomet.gob.do/wp-content/uploads/2025/03/temperaturas-extremas-y-precipitaciones-2025x03x13-a.pdf
2025-03-13,071,SAN RAFAEL DEL YUMA,LA ALTAGRACIA,MINISTERIO DE AGRICULTURA,EMCO,32.2,21.9,0.0,https://indomet.gob.do/wp-content/uploads/2025/03/temperaturas-extremas-y-precipitaciones-2025x03x13-a.pdf
2025-03-13,072,SÁNCHEZ,SAMANÁ,MINISTERIO DE AGRICULTURA,EMCO,30.2,21.8,0.0,https://indomet.gob.do/wp-content/uploads/2025/03/temperaturas-extremas-y-precipitaciones-2025x03x13-a.pdf
2025-03-13,073,SANTIAGO RODRÍGUEZ,SANTIAGO RODRÍGUEZ,ONAMET,EMCO,31.0,20.3,0.0,https://indomet.gob.do/wp-content/uploads/2025/03/temperaturas-extremas-y-precipitaciones-2025x03x13-a.pdf
2025-03-13,074,TÁBARA ABAJO,AZUA,INDRHI,EMCO,32.5,20.0,0.0,https://indomet.gob.do/wp-content/uploads/2025/03/temperaturas-extremas-y-precipitaciones-2025x03x13-a.pdf
2025-03-13,075,TAMBORIL,SANTIAGO,MINISTERIO DE AGRICULTURA,EMCV,,,0.0,https://indomet.gob.do/wp-content/uploads/2025/03/temperaturas-extremas-y-precipitaciones-2025x03x13-a.pdf
2025-03-13,076,VILLA GONZALES,SANTIAGO,MINISTERIO DE AGRICULTURA,EMCO,,,0.0,https://indomet.gob.do/wp-content/uploads/2025/03/temperaturas-extremas-y-precipitaciones-2025x03x13-a.pdf
2025-03-13,077,VILLA ISABELA,PUERTO PLATA,MINISTERIO DE AGRICULTURA,EMCV,,,0.0,https://indomet.gob.do/wp-content/uploads/2025/03/temperaturas-extremas-y-precipitaciones-2025x03x13-a.pdf
2025-03-13,078,VILLA RIVA,DUARTE,HOSP. MPAL. ALICIA DE LEGENDRE,EMCO,31.0,20.0,0.0,https://indomet.gob.do/wp-content/uploads/2025/03/temperaturas-extremas-y-precipitaciones-2025x03x13-a.pdf
2025-03-14,001,ARPT. DE LA ROMANA,LA ROMANA,ONAMET,EMCO,30.6,21.0,89.0,https://indomet.gob.do/wp-content/uploads/2025/03/temperaturas-extremas-y-precipitaciones-2025x03x14-a.pdf
2025-03-14,002,RÍO SAN JUAN,MARÍA TRINIDAD SÁNCHEZ,HOSP. MPAL. DR. DESIDERIO ACOSTA,EMCV,30.8,20.5,10.4,https://indomet.gob.do/wp-content/uploads/2025/03/temperaturas-extremas-y-precipitaciones-2025x03x14-a.pdf
2025-03-14,003,ARPT. ARROYO BARRIL,SAMANÁ,ONAMET,EMCO,31.5,20.0,8.0,https://indomet.gob.do/wp-content/uploads/2025/03/temperaturas-extremas-y-precipitaciones-2025x03x14-a.pdf
2025-03-14,004,POLO,BARAHONA,INDOCAFE,EMCO,26.0,16.0,5.2,https://indomet.gob.do/wp-content/uploads/2025/03/temperaturas-extremas-y-precipitaciones-2025x03x14-a.pdf
2025-03-14,005,JUMA BEJUCAL,MONSEÑOR NOUEL,IDIAF,EMCV,29.0,18.2,5.1,https://indomet.gob.do/wp-content/uploads/2025/03/temperaturas-extremas-y-precipitaciones-2025x03x14-a.pdf
2025-03-14,006,SAMANÁ,SAMANÁ,COMANDANCIA DE PUERTO DE SAMANÁ,EMCO,30.0,18.6,4.2,https://indomet.gob.do/wp-content/uploads/2025/03/temperaturas-extremas-y-precipitaciones-2025x03x14-a.pdf
2025-03-14,007,EL FACTOR (EMA),MARÍA TRINIDAD SÁNCHEZ,INTEC,EMAP,29.2,19.4,3.8,https://indomet.gob.do/wp-content/uploads/2025/03/temperaturas-extremas-y-precipitaciones-2025x03x14-a.pdf
2025-03-14,008,SAN RAFAEL DEL YUMA,LA ALTAGRACIA,MINISTERIO DE AGRICULTURA,EMCO,31.8,19.0,2.8,https://indomet.gob.do/wp-content/uploads/2025/03/temperaturas-extremas-y-precipitaciones-2025x03x14-a.pdf
2025-03-14,009,JARABACOA (EMA),LA VEGA,PROGRAMA MUNDIAL DE ALIMENTO,EMAP,27.6,15.2,2.6,https://indomet.gob.do/wp-content/uploads/2025/03/temperaturas-extremas-y-precipitaciones-2025x03x14-a.pdf
2025-03-14,010,JARABACOA,LA VEGA,INDRHI / MARENA,EMCO,28.2,14.6,2.5,https://indomet.gob.do/wp-content/uploads/2025/03/temperaturas-extremas-y-precipitaciones-2025x03x14-a.pdf
2025-03-14,011,LOS LLANOS,SAN PEDRO DE MACORÍS,MINISTERIO DE AGRICULTURA,EMCO,32.3,19.0,2.4,https://indomet.gob.do/wp-content/uploads/2025/03/temperaturas-extremas-y-precipitaciones-2025x03x14-a.pdf
2025-03-14,012,HATO MAYOR,HATO MAYOR,MINISTERIO DE AGRICULTURA,EMCV,,,2.0,https://indomet.gob.do/wp-content/uploads/2025/03/temperaturas-extremas-y-precipitaciones-2025x03x14-a.pdf
2025-03-14,013,ARPT. DE PUNTA CANA,LA ALTAGRACIA,ONAMET,EMCO,28.8,22.2,1.8,https://indomet.gob.do/wp-content/uploads/2025/03/temperaturas-extremas-y-precipitaciones-2025x03x14-a.pdf
2025-03-14,014,BAYAGUANA,MONTE PLATA,ONAMET,EMCO,30.8,22.0,1.7,https://indomet.gob.do/wp-content/uploads/2025/03/temperaturas-extremas-y-precipitaciones-2025x03x14-a.pdf
2025-03-14,015,PERALTA,AZUA,HOSP. MPAL. DE PERALTA,EMCO,30.5,16.0,1.4,https://indomet.gob.do/wp-content/uploads/2025/03/temperaturas-extremas-y-precipitaciones-2025x03x14-a.pdf
2025-03-14,016,ARPT. GREGORIO LUPERÓN,PUERTO PLATA,ONAMET,EMCO,29.6,21.3,0.8,https://indomet.gob.do/wp-content/uploads/2025/03/temperaturas-extremas-y-precipitaciones-2025x03x14-a.pdf
2025-03-14,017,ARPT. MARÍA MONTEZ,BARAHONA,ONAMET,EMCO,29.6,23.2,0.6,https://indomet.gob.do/wp-content/uploads/2025/03/temperaturas-extremas-y-precipitaciones-2025x03x14-a.pdf
2025-03-14,018,ENRIQUILLO,BARAHONA,MINISTERIO DE AGRICULTURA,EMCV,31.0,22.5,0.6,https://indomet.gob.do/wp-content/uploads/2025/03/temperaturas-extremas-y-precipitaciones-2025x03x14-a.pdf
2025-03-14,019,CABRERA,MARÍA TRINIDAD SÁNCHEZ,ESCUELA ARÍSTIDES FIALLO CABRAL,EMCO,31.8,24.0,0.4,https://indomet.gob.do/wp-content/uploads/2025/03/temperaturas-extremas-y-precipitaciones-2025x03x14-a.pdf
2025-03-14,020,RANCHO ARRIBA,SAN JOSÉ DE OCOA,CENTRO TECNOLÓGICO COMUNITARIO,EMCO,25.7,13.6,0.3,https://indomet.gob.do/wp-content/uploads/2025/03/temperaturas-extremas-y-precipitaciones-2025x03x14-a.pdf
2025-03-14,021,ALTO BANDERA (EMA),LA VEGA,INTEC,EMAP,10.2,3.2,0.3,https://indomet.gob.do/wp-content/uploads/2025/03/temperaturas-extremas-y-precipitaciones-2025x03x14-a.pdf
2025-03-14,022,CONSTANZA,LA VEGA,MINISTERIO DE AGRICULTURA,EMCO,23.5,9.3,0.2,https://indomet.gob.do/wp-content/uploads/2025/03/temperaturas-extremas-y-precipitaciones-2025x03x14-a.pdf
2025-03-14,023,TÁBARA ABAJO,AZUA,INDRHI,EMCO,34.5,25.0,0.2,https://indomet.gob.do/wp-content/uploads/2025/03/temperaturas-extremas-y-precipitaciones-2025x03x14-a.pdf
2025-03-14,024,ARPT. DE LAS AMÉRICAS,SANTO DOMINGO,ONAMET,EMCO,29.7,21.4,0.1,https://indomet.gob.do/wp-content/uploads/2025/03/temperaturas-extremas-y-precipitaciones-2025x03x14-a.pdf
2025-03-14,025,CABRAL,BARAHONA,MINISTERIO DE AGRICULTURA,EMCV,31.2,19.9,0.1,https://indomet.gob.do/wp-content/uploads/2025/03/temperaturas-extremas-y-precipitaciones-2025x03x14-a.pdf
2025-03-14,026,JIMANÍ,INDEPENDENCIA,MINISTERIO DE AGRICULTURA,EMCO,33.2,22.8,0.1,https://indomet.gob.do/wp-content/uploads/2025/03/temperaturas-extremas-y-precipitaciones-2025x03x14-a.pdf
2025-03-14,027,OLIVARES,PEDERNALES,INDRHI,EMCO,,,0.1,https://indomet.gob.do/wp-content/uploads/2025/03/temperaturas-extremas-y-precipitaciones-2025x03x14-a.pdf
2025-03-14,028,OVIEDO,PEDERNALES,CLÍNICA RURAL OVIEDO,EMCO,22.0,18.5,0.1,https://indomet.gob.do/wp-content/uploads/2025/03/temperaturas-extremas-y-precipitaciones-2025x03x14-a.pdf
2025-03-14,029,PEDERNALES,PEDERNALES,INDRHI,EMCO,,,0.1,https://indomet.gob.do/wp-content/uploads/2025/03/temperaturas-extremas-y-precipitaciones-2025x03x14-a.pdf
2025-03-14,030,SABANA GRANDE DE BOYÁ,MONTE PLATA,MINISTERIO DE AGRICULTURA,EMCV,,,0.1,https://indomet.gob.do/wp-content/uploads/2025/03/temperaturas-extremas-y-precipitaciones-2025x03x14-a.pdf
2025-03-14,031,ALTAMIRA,PUERTO PLATA,HOSP. MPAL. DE ALTAMIRA,EMCO,32.1,17.0,0.0,https://indomet.gob.do/wp-content/uploads/2025/03/temperaturas-extremas-y-precipitaciones-2025x03x14-a.pdf
2025-03-14,032,ANAMUYA (EMA),LA ALTAGRACIA,MINISTERIO DE AGRICULTURA,EMAP,29.6,19.7,0.0,https://indomet.gob.do/wp-content/uploads/2025/03/temperaturas-extremas-y-precipitaciones-2025x03x14-a.pdf
2025-03-14,033,ARPT. DEL CIBAO,SANTIAGO,ONAMET,EMCO,32.0,19.5,0.0,https://indomet.gob.do/wp-content/uploads/2025/03/temperaturas-extremas-y-precipitaciones-2025x03x14-a.pdf
2025-03-14,034,ARPT. EL CATEY,SAMANÁ,ONAMET,EMCO,31.0,20.6,0.0,https://indomet.gob.do/wp-content/uploads/2025/03/temperaturas-extremas-y-precipitaciones-2025x03x14-a.pdf
2025-03-14,035,ARPT. LA ISABELA,SANTO DOMINGO,ONAMET,EMCO,31.5,22.0,0.0,https://indomet.gob.do/wp-content/uploads/2025/03/temperaturas-extremas-y-precipitaciones-2025x03x14-a.pdf
2025-03-14,036,ARROYO LORO,SAN JUAN,IDIAF,EMCO,33.0,19.2,0.0,https://indomet.gob.do/wp-content/uploads/2025/03/temperaturas-extremas-y-precipitaciones-2025x03x14-a.pdf
2025-03-14,037,BOCA DE MAO (EMA),VALVERDE,MINISTERIO DE AGRICULTURA,EMAP,34.6,16.8,0.0,https://indomet.gob.do/wp-content/uploads/2025/03/temperaturas-extremas-y-precipitaciones-2025x03x14-a.pdf
2025-03-14,038,CENTRO DE LOS HEROES (EMA),DISTRITO NACIONAL,MINISTERIO DE ENERGIA Y MINA,EMAP,29.6,23.7,0.0,https://indomet.gob.do/wp-content/uploads/2025/03/temperaturas-extremas-y-precipitaciones-2025x03x14-a.pdf
2025-03-14,039,CONSTANZA (EMA),LA VEGA,PROGRAMA MUNDIAL DE ALIMENTO,EMAP,22.4,9.7,0.0,https://indomet.gob.do/wp-content/uploads/2025/03/temperaturas-extremas-y-precipitaciones-2025x03x14-a.pdf
2025-03-14,040,DAJABÓN,DAJABÓN,INSTITUTO POLITÉCNICO LOYOLA,EMCO,35.8,21.3,0.0,https://indomet.gob.do/wp-content/uploads/2025/03/temperaturas-extremas-y-precipitaciones-2025x03x14-a.pdf
2025-03-14,041,ELÍAS PIÑA,ELÍAS PIÑA,MINISTERIO DE AGRICULTURA,EMCV,,,0.0,https://indomet.gob.do/wp-content/uploads/2025/03/temperaturas-extremas-y-precipitaciones-2025x03x14-a.pdf
2025-03-14,042,GASPAR HERNÁNDEZ,ESPAILLAT,PROPIEDAD DEL EMPLEADO,EMCO,,,0.0,https://indomet.gob.do/wp-content/uploads/2025/03/temperaturas-extremas-y-precipitaciones-2025x03x14-a.pdf
2025-03-14,043,GURABO,SANTIAGO,MINISTERIO DE AGRICULTURA,EMCV,,,0.0,https://indomet.gob.do/wp-content/uploads/2025/03/temperaturas-extremas-y-precipitaciones-2025x03x14-a.pdf
2025-03-14,044,HONDO VALLE,ELÍAS PIÑA,MINISTERIO DE AGRICULTURA,EMCO,26.0,16.2,0.0,https://indomet.gob.do/wp-content/uploads/2025/03/temperaturas-extremas-y-precipitaciones-2025x03x14-a.pdf
2025-03-14,045,LA VEGA,LA VEGA,IATESA,EMCO,31.0,19.0,0.0,https://indomet.gob.do/wp-content/uploads/2025/03/temperaturas-extremas-y-precipitaciones-2025x03x14-a.pdf
2025-03-14,046,LA VICTORIA,SANTO DOMINGO,CUERPO DE BOMBEROS,EMCO,32.0,20.5,0.0,https://indomet.gob.do/wp-content/uploads/2025/03/temperaturas-extremas-y-precipitaciones-2025x03x14-a.pdf
2025-03-14,047,LAS CANAS (EMA),MONTE CRISTI,PROGRAMA MUNDIAL DE ALIMENTO,EMAP,28.1,18.2,0.0,https://indomet.gob.do/wp-content/uploads/2025/03/temperaturas-extremas-y-precipitaciones-2025x03x14-a.pdf
2025-03-14,048,LAS MATAS DE SANTA CRUZ (EMA,MONTE CRISTI,PROGRAMA MUNDIAL DE ALIMENTO,EMAP,32.2,18.3,0.0,https://indomet.gob.do/wp-content/uploads/2025/03/temperaturas-extremas-y-precipitaciones-2025x03x14-a.pdf
2025-03-14,049,LOS TRES CHARCOS (EMA),PEDERNALES,PROPIEDAD DEL VOLUNTARIO,EMAP,27.8,17.9,0.0,https://indomet.gob.do/wp-content/uploads/2025/03/temperaturas-extremas-y-precipitaciones-2025x03x14-a.pdf
2025-03-14,050,MAO,VALVERDE,INDRHI / MINISTERIO DE AGRICULTURA,EMCV,,,0.0,https://indomet.gob.do/wp-content/uploads/2025/03/temperaturas-extremas-y-precipitaciones-2025x03x14-a.pdf
2025-03-14,051,MONCIÓN (EMA),SANTIAGO RODRÍGUEZ,PROGRAMA MUNDIAL DE ALIMENTO,EMAP,30.9,15.9,0.0,https://indomet.gob.do/wp-content/uploads/2025/03/temperaturas-extremas-y-precipitaciones-2025x03x14-a.pdf
2025-03-14,052,MONTE CRISTI,MONTE CRISTI,ONAMET,EMCO,33.5,20.5,0.0,https://indomet.gob.do/wp-content/uploads/2025/03/temperaturas-extremas-y-precipitaciones-2025x03x14-a.pdf
2025-03-14,053,NAVARRETE,SANTIAGO,MINISTERIO DE AGRICULTURA,EMCV,,,0.0,https://indomet.gob.do/wp-content/uploads/2025/03/temperaturas-extremas-y-precipitaciones-2025x03x14-a.pdf
2025-03-14,054,PADRE LAS CASAS,AZUA,HOSP. NTRA. SRA. DEL CARMEN,EMCO,31.3,17.0,0.0,https://indomet.gob.do/wp-content/uploads/2025/03/temperaturas-extremas-y-precipitaciones-2025x03x14-a.pdf
2025-03-14,055,PALMAR ABAJO (EMA),SANTIAGO,MINISTERIO DE AGRICULTURA,EMAP,32.9,17.8,0.0,https://indomet.gob.do/wp-content/uploads/2025/03/temperaturas-extremas-y-precipitaciones-2025x03x14-a.pdf
2025-03-14,056,PALO ÍNDIO,PUERTO PLATA,MINISTERIO DE AGRICULTURA,EMCO,,,0.0,https://indomet.gob.do/wp-content/uploads/2025/03/temperaturas-extremas-y-precipitaciones-2025x03x14-a.pdf
2025-03-14,057,PESCADERIA (EMA),BARAHONA,MINISTERIO DE AGRICULTURA,EMAP,30.3,20.2,0.0,https://indomet.gob.do/wp-content/uploads/2025/03/temperaturas-extremas-y-precipitaciones-2025x03x14-a.pdf
2025-03-14,058,PONTÓN ABAJO (EMA),LA VEGA,MINISTERIO DE AGRICULTURA,EMAP,31.4,19.8,0.0,https://indomet.gob.do/wp-content/uploads/2025/03/temperaturas-extremas-y-precipitaciones-2025x03x14-a.pdf
2025-03-14,059,PRESA DE TAVERAS (EMA),LA VEGA,PROGRAMA MUNDIAL DE ALIMENTO,EMAP,31.4,18.1,0.0,https://indomet.gob.do/wp-content/uploads/2025/03/temperaturas-extremas-y-precipitaciones-2025x03x14-a.pdf
2025-03-14,060,RESTAURACIÓN,DAJABÓN,MINISTERIO DE AGRICULTURA,EMCO,16.4,13.9,0.0,https://indomet.gob.do/wp-content/uploads/2025/03/temperaturas-extremas-y-precipitaciones-2025x03x14-a.pdf
2025-03-14,061,SABANA DE LA MAR,HATO MAYOR,ONAMET,EMCO,30.0,19.0,0.0,https://indomet.gob.do/wp-content/uploads/2025/03/temperaturas-extremas-y-precipitaciones-2025x03x14-a.pdf
2025-03-14,062,SABANETA (EMA),SANTIAGO RODRÍGUEZ,PROGRAMA MUNDIAL DE ALIMENTO,EMAP,35.2,17.9,0.0,https://indomet.gob.do/wp-content/uploads/2025/03/temperaturas-extremas-y-precipitaciones-2025x03x14-a.pdf
2025-03-14,063,SALCEDO,HERMANAS MIRABAL,PROPIEDAD DEL EMPLEADO,EMCO,,,0.0,https://indomet.gob.do/wp-content/uploads/2025/03/temperaturas-extremas-y-precipitaciones-2025x03x14-a.pdf
2025-03-14,064,SAN CRISTÓBAL,SAN CRISTÓBAL,INSTITUTO POLITÉCNICO LOYOLA,EMCO,31.2,19.2,0.0,https://indomet.gob.do/wp-content/uploads/2025/03/temperaturas-extremas-y-precipitaciones-2025x03x14-a.pdf
2025-03-14,065,SAN JOSÉ DE OCOA,SAN JOSÉ DE OCOA,HOSP. SAN JOSÉ DE OCOA,EMCO,28.4,16.1,0.0,https://indomet.gob.do/wp-content/uploads/2025/03/temperaturas-extremas-y-precipitaciones-2025x03x14-a.pdf
2025-03-14,066,SÁNCHEZ,SAMANÁ,MINISTERIO DE AGRICULTURA,EMCO,31.3,21.5,0.0,https://indomet.gob.do/wp-content/uploads/2025/03/temperaturas-extremas-y-precipitaciones-2025x03x14-a.pdf
2025-03-14,067,SANTIAGO RODRÍGUEZ,SANTIAGO RODRÍGUEZ,ONAMET,EMCO,34.5,18.5,0.0,https://indomet.gob.do/wp-content/uploads/2025/03/temperaturas-extremas-y-precipitaciones-2025x03x14-a.pdf
2025-03-14,068,SANTO DOMINGO ESTE,SANTO DOMINGO,ONAMET,EMCO,30.5,23.6,0.0,https://indomet.gob.do/wp-content/uploads/2025/03/temperaturas-extremas-y-precipitaciones-2025x03x14-a.pdf
2025-03-14,069,VALLE NUEVO (EMA),LA VEGA,MARENA,EMAO,14.2,1.4,0.0,https://indomet.gob.do/wp-content/uploads/2025/03/temperaturas-extremas-y-precipitaciones-2025x03x14-a.pdf
2025-03-14,070,VILLA ISABELA,PUERTO PLATA,MINISTERIO DE AGRICULTURA,EMCV,,,0.0,https://indomet.gob.do/wp-content/uploads/2025/03/temperaturas-extremas-y-precipitaciones-2025x03x14-a.pdf
2025-03-14,071,VILLA RIVA,DUARTE,HOSP. MPAL. ALICIA DE LEGENDRE,EMCO,31.4,19.0,0.0,https://indomet.gob.do/wp-content/uploads/2025/03/temperaturas-extremas-y-precipitaciones-2025x03x14-a.pdf
2025-03-15,001,SANTO DOMINGO ESTE,SANTO DOMINGO,ONAMET,EMCO,32.1,22.5,17.0,https://indomet.gob.do/wp-content/uploads/2025/03/temperaturas-extremas-y-precipitaciones-2025x03x15-a.pdf
2025-03-15,002,POLO,BARAHONA,INDOCAFE,EMCO,28.5,14.0,6.6,https://indomet.gob.do/wp-content/uploads/2025/03/temperaturas-extremas-y-precipitaciones-2025x03x15-a.pdf
2025-03-15,003,LA VICTORIA,SANTO DOMINGO,CUERPO DE BOMBEROS,EMCO,33.0,22.0,3.4,https://indomet.gob.do/wp-content/uploads/2025/03/temperaturas-extremas-y-precipitaciones-2025x03x15-a.pdf
2025-03-15,004,VILLA ALTAGRACIA,SAN CRISTÓBAL,ESCUELA JAVIER ANGULO GURIDI,EMCO,,,1.7,https://indomet.gob.do/wp-content/uploads/2025/03/temperaturas-extremas-y-precipitaciones-2025x03x15-a.pdf
2025-03-15,005,ARPT. GREGORIO LUPERÓN,PUERTO PLATA,ONAMET,EMCO,30.0,20.3,1.4,https://indomet.gob.do/wp-content/uploads/2025/03/temperaturas-extremas-y-precipitaciones-2025x03x15-a.pdf
2025-03-15,006,ENRIQUILLO,BARAHONA,MINISTERIO DE AGRICULTURA,EMCV,31.5,23.0,1.2,https://indomet.gob.do/wp-content/uploads/2025/03/temperaturas-extremas-y-precipitaciones-2025x03x15-a.pdf
2025-03-15,007,JUMA BEJUCAL,MONSEÑOR NOUEL,IDIAF,EMCV,30.2,19.6,0.3,https://indomet.gob.do/wp-content/uploads/2025/03/temperaturas-extremas-y-precipitaciones-2025x03x15-a.pdf
2025-03-15,008,VALLE NUEVO (EMA),LA VEGA,MARENA,EMAO,18.7,3.5,0.2,https://indomet.gob.do/wp-content/uploads/2025/03/temperaturas-extremas-y-precipitaciones-2025x03x15-a.pdf
2025-03-15,009,JARABACOA,LA VEGA,INDRHI / MARENA,EMCO,29.0,15.6,0.1,https://indomet.gob.do/wp-content/uploads/2025/03/temperaturas-extremas-y-precipitaciones-2025x03x15-a.pdf
2025-03-15,010,LA VEGA,LA VEGA,IATESA,EMCO,32.5,21.8,0.1,https://indomet.gob.do/wp-content/uploads/2025/03/temperaturas-extremas-y-precipitaciones-2025x03x15-a.pdf
2025-03-15,011,ALTAMIRA,PUERTO PLATA,HOSP. MPAL. DE ALTAMIRA,EMCO,30.8,18.0,0.0,https://indomet.gob.do/wp-content/uploads/2025/03/temperaturas-extremas-y-precipitaciones-2025x03x15-a.pdf
2025-03-15,012,ALTO BANDERA (EMA),LA VEGA,INTEC,EMAP,14.4,4.3,0.0,https://indomet.gob.do/wp-content/uploads/2025/03/temperaturas-extremas-y-precipitaciones-2025x03x15-a.pdf
2025-03-15,013,ANAMUYA (EMA),LA ALTAGRACIA,MINISTERIO DE AGRICULTURA,EMAP,31.0,19.9,0.0,https://indomet.gob.do/wp-content/uploads/2025/03/temperaturas-extremas-y-precipitaciones-2025x03x15-a.pdf
2025-03-15,014,ARPT. ARROYO BARRIL,SAMANÁ,ONAMET,EMCO,30.0,19.5,0.0,https://indomet.gob.do/wp-content/uploads/2025/03/temperaturas-extremas-y-precipitaciones-2025x03x15-a.pdf
2025-03-15,015,ARPT. DE LA ROMANA,LA ROMANA,ONAMET,EMCO,31.2,18.0,0.0,https://indomet.gob.do/wp-content/uploads/2025/03/temperaturas-extremas-y-precipitaciones-2025x03x15-a.pdf
2025-03-15,016,ARPT. DE LAS AMÉRICAS,SANTO DOMINGO,ONAMET,EMCO,30.5,19.7,0.0,https://indomet.gob.do/wp-content/uploads/2025/03/temperaturas-extremas-y-precipitaciones-2025x03x15-a.pdf
2025-03-15,017,ARPT. DE PUNTA CANA,LA ALTAGRACIA,ONAMET,EMCO,29.3,18.6,0.0,https://indomet.gob.do/wp-content/uploads/2025/03/temperaturas-extremas-y-precipitaciones-2025x03x15-a.pdf
2025-03-15,018,ARPT. DEL CIBAO,SANTIAGO,ONAMET,EMCO,33.2,16.5,0.0,https://indomet.gob.do/wp-content/uploads/2025/03/temperaturas-extremas-y-precipitaciones-2025x03x15-a.pdf
2025-03-15,019,ARPT. EL CATEY,SAMANÁ,ONAMET,EMCO,31.4,19.5,0.0,https://indomet.gob.do/wp-content/uploads/2025/03/temperaturas-extremas-y-precipitaciones-2025x03x15-a.pdf
2025-03-15,020,ARPT. LA ISABELA,SANTO DOMINGO,ONAMET,EMCO,33.6,19.0,0.0,https://indomet.gob.do/wp-content/uploads/2025/03/temperaturas-extremas-y-precipitaciones-2025x03x15-a.pdf
2025-03-15,021,ARPT. MARÍA MONTEZ,BARAHONA,ONAMET,EMCO,30.7,19.8,0.0,https://indomet.gob.do/wp-content/uploads/2025/03/temperaturas-extremas-y-precipitaciones-2025x03x15-a.pdf
2025-03-15,022,ARROYO LORO,SAN JUAN,IDIAF,EMCO,32.9,20.0,0.0,https://indomet.gob.do/wp-content/uploads/2025/03/temperaturas-extremas-y-precipitaciones-2025x03x15-a.pdf
2025-03-15,023,BAYAGUANA,MONTE PLATA,ONAMET,EMCO,32.2,18.6,0.0,https://indomet.gob.do/wp-content/uploads/2025/03/temperaturas-extremas-y-precipitaciones-2025x03x15-a.pdf
2025-03-15,024,BOCA DE MAO (EMA),VALVERDE,MINISTERIO DE AGRICULTURA,EMAP,33.5,21.0,0.0,https://indomet.gob.do/wp-content/uploads/2025/03/temperaturas-extremas-y-precipitaciones-2025x03x15-a.pdf
2025-03-15,025,BONAO,MONSEÑOR NOUEL,MINISTERIO DE AGRICULTURA,EMCV,,,0.0,https://indomet.gob.do/wp-content/uploads/2025/03/temperaturas-extremas-y-precipitaciones-2025x03x15-a.pdf
2025-03-15,026,CABRAL,BARAHONA,MINISTERIO DE AGRICULTURA,EMCV,32.8,20.6,0.0,https://indomet.gob.do/wp-content/uploads/2025/03/temperaturas-extremas-y-precipitaciones-2025x03x15-a.pdf
2025-03-15,027,CABRERA,MARÍA TRINIDAD SÁNCHEZ,ESCUELA ARÍSTIDES FIALLO CABRAL,EMCO,31.5,22.8,0.0,https://indomet.gob.do/wp-content/uploads/2025/03/temperaturas-extremas-y-precipitaciones-2025x03x15-a.pdf
2025-03-15,028,CENTRO DE LOS HEROES (EMA),DISTRITO NACIONAL,MINISTERIO DE ENERGIA Y MINA,EMAP,30.7,24.3,0.0,https://indomet.gob.do/wp-content/uploads/2025/03/temperaturas-extremas-y-precipitaciones-2025x03x15-a.pdf
2025-03-15,029,CONSTANZA,LA VEGA,MINISTERIO DE AGRICULTURA,EMCO,26.0,12.9,0.0,https://indomet.gob.do/wp-content/uploads/2025/03/temperaturas-extremas-y-precipitaciones-2025x03x15-a.pdf
2025-03-15,030,CONSTANZA (EMA),LA VEGA,PROGRAMA MUNDIAL DE ALIMENTO,EMAP,25.1,13.1,0.0,https://indomet.gob.do/wp-content/uploads/2025/03/temperaturas-extremas-y-precipitaciones-2025x03x15-a.pdf
2025-03-15,031,DAJABÓN,DAJABÓN,INSTITUTO POLITÉCNICO LOYOLA,EMCO,34.2,20.1,0.0,https://indomet.gob.do/wp-content/uploads/2025/03/temperaturas-extremas-y-precipitaciones-2025x03x15-a.pdf
2025-03-15,032,EL FACTOR (EMA),MARÍA TRINIDAD SÁNCHEZ,INTEC,EMAP,30.6,20.9,0.0,https://indomet.gob.do/wp-content/uploads/2025/03/temperaturas-extremas-y-precipitaciones-2025x03x15-a.pdf
2025-03-15,033,ESCONDIDO,PERAVIA,MINISTERIO DE AGRICULTURA,EMCV,32.0,23.0,0.0,https://indomet.gob.do/wp-content/uploads/2025/03/temperaturas-extremas-y-precipitaciones-2025x03x15-a.pdf
2025-03-15,034,GASPAR HERNÁNDEZ,ESPAILLAT,PROPIEDAD DEL EMPLEADO,EMCO,,,0.0,https://indomet.gob.do/wp-content/uploads/2025/03/temperaturas-extremas-y-precipitaciones-2025x03x15-a.pdf
2025-03-15,035,GURABO,SANTIAGO,MINISTERIO DE AGRICULTURA,EMCV,,,0.0,https://indomet.gob.do/wp-content/uploads/2025/03/temperaturas-extremas-y-precipitaciones-2025x03x15-a.pdf
2025-03-15,036,HATO MAYOR,HATO MAYOR,MINISTERIO DE AGRICULTURA,EMCV,,,0.0,https://indomet.gob.do/wp-content/uploads/2025/03/temperaturas-extremas-y-precipitaciones-2025x03x15-a.pdf
2025-03-15,037,HONDO VALLE,ELÍAS PIÑA,MINISTERIO DE AGRICULTURA,EMCO,26.6,16.7,0.0,https://indomet.gob.do/wp-content/uploads/2025/03/temperaturas-extremas-y-precipitaciones-2025x03x15-a.pdf
2025-03-15,038,JIMANÍ,INDEPENDENCIA,MINISTERIO DE AGRICULTURA,EMCO,35.5,22.5,0.0,https://indomet.gob.do/wp-content/uploads/2025/03/temperaturas-extremas-y-precipitaciones-2025x03x15-a.pdf
2025-03-15,039,LAS CANAS (EMA),MONTE CRISTI,PROGRAMA MUNDIAL DE ALIMENTO,EMAP,26.9,20.9,0.0,https://indomet.gob.do/wp-content/uploads/2025/03/temperaturas-extremas-y-precipitaciones-2025x03x15-a.pdf
2025-03-15,040,LAS MATAS DE SANTA CRUZ (EMA,MONTE CRISTI,PROGRAMA MUNDIAL DE ALIMENTO,EMAP,30.8,19.8,0.0,https://indomet.gob.do/wp-content/uploads/2025/03/temperaturas-extremas-y-precipitaciones-2025x03x15-a.pdf
2025-03-15,041,LOS LLANOS,SAN PEDRO DE MACORÍS,MINISTERIO DE AGRICULTURA,EMCO,32.1,20.0,0.0,https://indomet.gob.do/wp-content/uploads/2025/03/temperaturas-extremas-y-precipitaciones-2025x03x15-a.pdf
2025-03-15,042,LOS TRES CHARCOS (EMA),PEDERNALES,PROPIEDAD DEL VOLUNTARIO,EMAP,31.4,20.4,0.0,https://indomet.gob.do/wp-content/uploads/2025/03/temperaturas-extremas-y-precipitaciones-2025x03x15-a.pdf
2025-03-15,043,MAO,VALVERDE,INDRHI / MINISTERIO DE AGRICULTURA,EMCV,,,0.0,https://indomet.gob.do/wp-content/uploads/2025/03/temperaturas-extremas-y-precipitaciones-2025x03x15-a.pdf
2025-03-15,044,MONCIÓN (EMA),SANTIAGO RODRÍGUEZ,PROGRAMA MUNDIAL DE ALIMENTO,EMAP,31.5,17.6,0.0,https://indomet.gob.do/wp-content/uploads/2025/03/temperaturas-extremas-y-precipitaciones-2025x03x15-a.pdf
2025-03-15,045,MONTE CRISTI,MONTE CRISTI,ONAMET,EMCO,32.4,20.2,0.0,https://indomet.gob.do/wp-content/uploads/2025/03/temperaturas-extremas-y-precipitaciones-2025x03x15-a.pdf
2025-03-15,046,NAVARRETE,SANTIAGO,MINISTERIO DE AGRICULTURA,EMCV,,,0.0,https://indomet.gob.do/wp-content/uploads/2025/03/temperaturas-extremas-y-precipitaciones-2025x03x15-a.pdf
2025-03-15,047,OLIVARES,PEDERNALES,INDRHI,EMCO,,,0.0,https://indomet.gob.do/wp-content/uploads/2025/03/temperaturas-extremas-y-precipitaciones-2025x03x15-a.pdf
2025-03-15,048,OVIEDO,PEDERNALES,CLÍNICA RURAL OVIEDO,EMCO,30.5,20.0,0.0,https://indomet.gob.do/wp-content/uploads/2025/03/temperaturas-extremas-y-precipitaciones-2025x03x15-a.pdf
2025-03-15,049,PADRE LAS CASAS,AZUA,HOSP. NTRA. SRA. DEL CARMEN,EMCO,33.7,17.3,0.0,https://indomet.gob.do/wp-content/uploads/2025/03/temperaturas-extremas-y-precipitaciones-2025x03x15-a.pdf
2025-03-15,050,PALMAR ABAJO (EMA),SANTIAGO,MINISTERIO DE AGRICULTURA,EMAP,31.8,20.7,0.0,https://indomet.gob.do/wp-content/uploads/2025/03/temperaturas-extremas-y-precipitaciones-2025x03x15-a.pdf
2025-03-15,051,PALO ÍNDIO,PUERTO PLATA,MINISTERIO DE AGRICULTURA,EMCO,,,0.0,https://indomet.gob.do/wp-content/uploads/2025/03/temperaturas-extremas-y-precipitaciones-2025x03x15-a.pdf
2025-03-15,052,PEDERNALES,PEDERNALES,INDRHI,EMCO,,,0.0,https://indomet.gob.do/wp-content/uploads/2025/03/temperaturas-extremas-y-precipitaciones-2025x03x15-a.pdf
2025-03-15,053,PERALTA,AZUA,HOSP. MPAL. DE PERALTA,EMCO,31.7,18.0,0.0,https://indomet.gob.do/wp-content/uploads/2025/03/temperaturas-extremas-y-precipitaciones-2025x03x15-a.pdf
2025-03-15,054,PESCADERIA (EMA),BARAHONA,MINISTERIO DE AGRICULTURA,EMAP,31.3,21.3,0.0,https://indomet.gob.do/wp-content/uploads/2025/03/temperaturas-extremas-y-precipitaciones-2025x03x15-a.pdf
2025-03-15,055,PONTÓN ABAJO (EMA),LA VEGA,MINISTERIO DE AGRICULTURA,EMAP,32.9,22.6,0.0,https://indomet.gob.do/wp-content/uploads/2025/03/temperaturas-extremas-y-precipitaciones-2025x03x15-a.pdf
2025-03-15,056,PRESA DE TAVERAS (EMA),LA VEGA,PROGRAMA MUNDIAL DE ALIMENTO,EMAP,32.8,20.4,0.0,https://indomet.gob.do/wp-content/uploads/2025/03/temperaturas-extremas-y-precipitaciones-2025x03x15-a.pdf
2025-03-15,057,RANCHO ARRIBA,SAN JOSÉ DE OCOA,CENTRO TECNOLÓGICO COMUNITARIO,EMCO,29.8,16.2,0.0,https://indomet.gob.do/wp-content/uploads/2025/03/temperaturas-extremas-y-precipitaciones-2025x03x15-a.pdf
2025-03-15,058,RESTAURACIÓN,DAJABÓN,MINISTERIO DE AGRICULTURA,EMCO,19.3,14.5,0.0,https://indomet.gob.do/wp-content/uploads/2025/03/temperaturas-extremas-y-precipitaciones-2025x03x15-a.pdf
2025-03-15,059,RÍO SAN JUAN,MARÍA TRINIDAD SÁNCHEZ,HOSP. MPAL. DR. DESIDERIO ACOSTA,EMCV,28.1,19.3,0.0,https://indomet.gob.do/wp-content/uploads/2025/03/temperaturas-extremas-y-precipitaciones-2025x03x15-a.pdf
2025-03-15,060,SABANA DE LA MAR,HATO MAYOR,ONAMET,EMCO,29.5,20.5,0.0,https://indomet.gob.do/wp-content/uploads/2025/03/temperaturas-extremas-y-precipitaciones-2025x03x15-a.pdf
2025-03-15,061,SABANA GRANDE DE BOYÁ,MONTE PLATA,MINISTERIO DE AGRICULTURA,EMCV,,,0.0,https://indomet.gob.do/wp-content/uploads/2025/03/temperaturas-extremas-y-precipitaciones-2025x03x15-a.pdf
2025-03-15,062,SABANETA (EMA),SANTIAGO RODRÍGUEZ,PROGRAMA MUNDIAL DE ALIMENTO,EMAP,34.9,19.9,0.0,https://indomet.gob.do/wp-content/uploads/2025/03/temperaturas-extremas-y-precipitaciones-2025x03x15-a.pdf
2025-03-15,063,SALCEDO,HERMANAS MIRABAL,PROPIEDAD DEL EMPLEADO,EMCO,,,0.0,https://indomet.gob.do/wp-content/uploads/2025/03/temperaturas-extremas-y-precipitaciones-2025x03x15-a.pdf
2025-03-15,064,SAMANÁ,SAMANÁ,COMANDANCIA DE PUERTO DE SAMANÁ,EMCO,30.0,18.5,0.0,https://indomet.gob.do/wp-content/uploads/2025/03/temperaturas-extremas-y-precipitaciones-2025x03x15-a.pdf
2025-03-15,065,SAN CRISTÓBAL,SAN CRISTÓBAL,INSTITUTO POLITÉCNICO LOYOLA,EMCO,31.0,22.0,0.0,https://indomet.gob.do/wp-content/uploads/2025/03/temperaturas-extremas-y-precipitaciones-2025x03x15-a.pdf
2025-03-15,066,SAN JOSÉ DE OCOA,SAN JOSÉ DE OCOA,HOSP. SAN JOSÉ DE OCOA,EMCO,30.8,18.4,0.0,https://indomet.gob.do/wp-content/uploads/2025/03/temperaturas-extremas-y-precipitaciones-2025x03x15-a.pdf
2025-03-15,067,SAN RAFAEL DEL YUMA,LA ALTAGRACIA,MINISTERIO DE AGRICULTURA,EMCO,33.0,19.0,0.0,https://indomet.gob.do/wp-content/uploads/2025/03/temperaturas-extremas-y-precipitaciones-2025x03x15-a.pdf
2025-03-15,068,SÁNCHEZ,SAMANÁ,MINISTERIO DE AGRICULTURA,EMCO,30.7,21.2,0.0,https://indomet.gob.do/wp-content/uploads/2025/03/temperaturas-extremas-y-precipitaciones-2025x03x15-a.pdf
2025-03-15,069,SANTIAGO RODRÍGUEZ,SANTIAGO RODRÍGUEZ,ONAMET,EMCO,35.0,20.5,0.0,https://indomet.gob.do/wp-content/uploads/2025/03/temperaturas-extremas-y-precipitaciones-2025x03x15-a.pdf
2025-03-15,070,TÁBARA ABAJO,AZUA,INDRHI,EMCO,33.5,20.0,0.0,https://indomet.gob.do/wp-content/uploads/2025/03/temperaturas-extremas-y-precipitaciones-2025x03x15-a.pdf
2025-03-15,071,VILLA GONZALES,SANTIAGO,MINISTERIO DE AGRICULTURA,EMCO,,,0.0,https://indomet.gob.do/wp-content/uploads/2025/03/temperaturas-extremas-y-precipitaciones-2025x03x15-a.pdf
2025-03-15,072,VILLA ISABELA,PUERTO PLATA,MINISTERIO DE AGRICULTURA,EMCV,,,0.0,https://indomet.gob.do/wp-content/uploads/2025/03/temperaturas-extremas-y-precipitaciones-2025x03x15-a.pdf
2025-03-15,073,VILLA RIVA,DUARTE,HOSP. MPAL. ALICIA DE LEGENDRE,EMCO,32.0,20.0,0.0,https://indomet.gob.do/wp-content/uploads/2025/03/temperaturas-extremas-y-precipitaciones-2025x03x15-a.pdf
2025-03-25,001,GASPAR HERNÁNDEZ,ESPAILLAT,PROPIEDAD DEL EMPLEADO,EMCO,,,20.6,https://indomet.gob.do/wp-content/uploads/2025/03/temperaturas-extremas-y-precipitaciones-2025x03x25-a.pdf
2025-03-25,002,VILLA RIVA,DUARTE,HOSP. MPAL. ALICIA DE LEGENDRE,EMCO,30.5,20.5,14.7,https://indomet.gob.do/wp-content/uploads/2025/03/temperaturas-extremas-y-precipitaciones-2025x03x25-a.pdf
2025-03-25,003,SABANA GRANDE DE BOYÁ,MONTE PLATA,MINISTERIO DE AGRICULTURA,EMCV,,,14.2,https://indomet.gob.do/wp-content/uploads/2025/03/temperaturas-extremas-y-precipitaciones-2025x03x25-a.pdf
2025-03-25,004,LOS LLANOS,SAN PEDRO DE MACORÍS,MINISTERIO DE AGRICULTURA,EMCO,32.5,20.9,7.2,https://indomet.gob.do/wp-content/uploads/2025/03/temperaturas-extremas-y-precipitaciones-2025x03x25-a.pdf
2025-03-25,005,ANAMUYA (EMA),LA ALTAGRACIA,MINISTERIO DE AGRICULTURA,EMAP,31.7,22.5,5.6,https://indomet.gob.do/wp-content/uploads/2025/03/temperaturas-extremas-y-precipitaciones-2025x03x25-a.pdf
2025-03-25,006,SAN FRANCISCO DE MACORÍS,DUARTE,San Francisco de Macorís (UASD),EMCO,31.9,21.0,5.2,https://indomet.gob.do/wp-content/uploads/2025/03/temperaturas-extremas-y-precipitaciones-2025x03x25-a.pdf
2025-03-25,007,CABRERA,MARÍA TRINIDAD SÁNCHEZ,ESCUELA ARÍSTIDES FIALLO CABRAL,EMCO,31.7,25.0,3.1,https://indomet.gob.do/wp-content/uploads/2025/03/temperaturas-extremas-y-precipitaciones-2025x03x25-a.pdf
2025-03-25,008,RÍO SAN JUAN,MARÍA TRINIDAD SÁNCHEZ,HOSP. MPAL. DR. DESIDERIO ACOSTA,EMCV,32.0,22.5,2.5,https://indomet.gob.do/wp-content/uploads/2025/03/temperaturas-extremas-y-precipitaciones-2025x03x25-a.pdf
2025-03-25,009,ARPT. DE PUNTA CANA,LA ALTAGRACIA,ONAMET,EMCO,30.2,22.4,2.5,https://indomet.gob.do/wp-content/uploads/2025/03/temperaturas-extremas-y-precipitaciones-2025x03x25-a.pdf
2025-03-25,010,EL FACTOR (EMA),MARÍA TRINIDAD SÁNCHEZ,INTEC,EMAP,31.3,21.8,2.5,https://indomet.gob.do/wp-content/uploads/2025/03/temperaturas-extremas-y-precipitaciones-2025x03x25-a.pdf
2025-03-25,011,OVIEDO,PEDERNALES,CLÍNICA RURAL OVIEDO,EMCO,31.6,21.0,2.0,https://indomet.gob.do/wp-content/uploads/2025/03/temperaturas-extremas-y-precipitaciones-2025x03x25-a.pdf
2025-03-25,012,POLO,BARAHONA,INDOCAFE,EMCO,28.3,15.0,2.0,https://indomet.gob.do/wp-content/uploads/2025/03/temperaturas-extremas-y-precipitaciones-2025x03x25-a.pdf
2025-03-25,013,SAMANÁ,SAMANÁ,COMANDANCIA DE PUERTO DE SAMANÁ,EMCO,31.4,21.0,1.6,https://indomet.gob.do/wp-content/uploads/2025/03/temperaturas-extremas-y-precipitaciones-2025x03x25-a.pdf
2025-03-25,014,SÁNCHEZ,SAMANÁ,MINISTERIO DE AGRICULTURA,EMCO,31.9,22.6,1.6,https://indomet.gob.do/wp-content/uploads/2025/03/temperaturas-extremas-y-precipitaciones-2025x03x25-a.pdf
2025-03-25,015,BAYAGUANA,MONTE PLATA,ONAMET,EMCO,33.5,21.5,1.4,https://indomet.gob.do/wp-content/uploads/2025/03/temperaturas-extremas-y-precipitaciones-2025x03x25-a.pdf
2025-03-25,016,ENRIQUILLO,BARAHONA,MINISTERIO DE AGRICULTURA,EMCV,31.5,24.5,1.4,https://indomet.gob.do/wp-content/uploads/2025/03/temperaturas-extremas-y-precipitaciones-2025x03x25-a.pdf
2025-03-25,017,LOS TRES CHARCOS (EMA),PEDERNALES,PROPIEDAD DEL VOLUNTARIO,EMAP,30.7,24.8,1.4,https://indomet.gob.do/wp-content/uploads/2025/03/temperaturas-extremas-y-precipitaciones-2025x03x25-a.pdf
2025-03-25,018,CONSTANZA (EMA),LA VEGA,PROGRAMA MUNDIAL DE ALIMENTO,EMAP,24.7,11.0,0.2,https://indomet.gob.do/wp-content/uploads/2025/03/temperaturas-extremas-y-precipitaciones-2025x03x25-a.pdf
2025-03-25,019,PONTÓN ABAJO (EMA),LA VEGA,MINISTERIO DE AGRICULTURA,EMAP,34.6,21.2,0.2,https://indomet.gob.do/wp-content/uploads/2025/03/temperaturas-extremas-y-precipitaciones-2025x03x25-a.pdf
2025-03-25,020,ALTAMIRA,PUERTO PLATA,HOSP. MPAL. DE ALTAMIRA,EMCO,33.6,19.6,0.0,https://indomet.gob.do/wp-content/uploads/2025/03/temperaturas-extremas-y-precipitaciones-2025x03x25-a.pdf
2025-03-25,021,ARPT. ARROYO BARRIL,SAMANÁ,ONAMET,EMCO,29.7,22.2,0.0,https://indomet.gob.do/wp-content/uploads/2025/03/temperaturas-extremas-y-precipitaciones-2025x03x25-a.pdf
2025-03-25,022,ARPT. DE LA ROMANA,LA ROMANA,ONAMET,EMCO,31.5,20.3,0.0,https://indomet.gob.do/wp-content/uploads/2025/03/temperaturas-extremas-y-precipitaciones-2025x03x25-a.pdf
2025-03-25,023,ARPT. DE LAS AMÉRICAS,SANTO DOMINGO,ONAMET,EMCO,31.5,21.8,0.0,https://indomet.gob.do/wp-content/uploads/2025/03/temperaturas-extremas-y-precipitaciones-2025x03x25-a.pdf
2025-03-25,024,ARPT. DEL CIBAO,SANTIAGO,ONAMET,EMCO,33.5,19.9,0.0,https://indomet.gob.do/wp-content/uploads/2025/03/temperaturas-extremas-y-precipitaciones-2025x03x25-a.pdf
2025-03-25,025,ARPT. EL CATEY,SAMANÁ,ONAMET,EMCO,31.6,21.0,0.0,https://indomet.gob.do/wp-content/uploads/2025/03/temperaturas-extremas-y-precipitaciones-2025x03x25-a.pdf
2025-03-25,026,ARPT. GREGORIO LUPERÓN,PUERTO PLATA,ONAMET,EMCO,32.0,21.4,0.0,https://indomet.gob.do/wp-content/uploads/2025/03/temperaturas-extremas-y-precipitaciones-2025x03x25-a.pdf
2025-03-25,027,ARPT. LA ISABELA,SANTO DOMINGO,ONAMET,EMCO,33.7,21.5,0.0,https://indomet.gob.do/wp-content/uploads/2025/03/temperaturas-extremas-y-precipitaciones-2025x03x25-a.pdf
2025-03-25,028,ARPT. MARÍA MONTEZ,BARAHONA,ONAMET,EMCO,32.0,23.0,0.0,https://indomet.gob.do/wp-content/uploads/2025/03/temperaturas-extremas-y-precipitaciones-2025x03x25-a.pdf
2025-03-25,029,ARROYO LORO,SAN JUAN,IDIAF,EMCO,35.0,12.5,0.0,https://indomet.gob.do/wp-content/uploads/2025/03/temperaturas-extremas-y-precipitaciones-2025x03x25-a.pdf
2025-03-25,030,BOCA DE MAO (EMA),VALVERDE,MINISTERIO DE AGRICULTURA,EMAP,24.9,22.6,0.0,https://indomet.gob.do/wp-content/uploads/2025/03/temperaturas-extremas-y-precipitaciones-2025x03x25-a.pdf
2025-03-25,031,BOHECHÍO,SAN JUAN,MINISTERIO DE AGRICULTURA,EMCV,,,0.0,https://indomet.gob.do/wp-content/uploads/2025/03/temperaturas-extremas-y-precipitaciones-2025x03x25-a.pdf
2025-03-25,032,CABRAL,BARAHONA,MINISTERIO DE AGRICULTURA,EMCV,33.3,21.4,0.0,https://indomet.gob.do/wp-content/uploads/2025/03/temperaturas-extremas-y-precipitaciones-2025x03x25-a.pdf
2025-03-25,033,CENTRO DE LOS HEROES (EMA),DISTRITO NACIONAL,MINISTERIO DE ENERGIA Y MINA,EMAP,30.7,24.8,0.0,https://indomet.gob.do/wp-content/uploads/2025/03/temperaturas-extremas-y-precipitaciones-2025x03x25-a.pdf
2025-03-25,034,DAJABÓN,DAJABÓN,INSTITUTO POLITÉCNICO LOYOLA,EMCO,34.3,19.6,0.0,https://indomet.gob.do/wp-content/uploads/2025/03/temperaturas-extremas-y-precipitaciones-2025x03x25-a.pdf
2025-03-25,035,EL CERCADO,SAN JUAN,MINISTERIO DE AGRICULTURA,EMCV,,,0.0,https://indomet.gob.do/wp-content/uploads/2025/03/temperaturas-extremas-y-precipitaciones-2025x03x25-a.pdf
2025-03-25,036,ELÍAS PIÑA,ELÍAS PIÑA,MINISTERIO DE AGRICULTURA,EMCV,,,0.0,https://indomet.gob.do/wp-content/uploads/2025/03/temperaturas-extremas-y-precipitaciones-2025x03x25-a.pdf
2025-03-25,037,ESCONDIDO,PERAVIA,MINISTERIO DE AGRICULTURA,EMCV,32.0,24.0,0.0,https://indomet.gob.do/wp-content/uploads/2025/03/temperaturas-extremas-y-precipitaciones-2025x03x25-a.pdf
2025-03-25,038,GURABO,SANTIAGO,MINISTERIO DE AGRICULTURA,EMCV,,,0.0,https://indomet.gob.do/wp-content/uploads/2025/03/temperaturas-extremas-y-precipitaciones-2025x03x25-a.pdf
2025-03-25,039,HATO MAYOR,HATO MAYOR,MINISTERIO DE AGRICULTURA,EMCV,,,0.0,https://indomet.gob.do/wp-content/uploads/2025/03/temperaturas-extremas-y-precipitaciones-2025x03x25-a.pdf
2025-03-25,040,HONDO VALLE,ELÍAS PIÑA,MINISTERIO DE AGRICULTURA,EMCO,26.7,16.5,0.0,https://indomet.gob.do/wp-content/uploads/2025/03/temperaturas-extremas-y-precipitaciones-2025x03x25-a.pdf
2025-03-25,041,JARABACOA,LA VEGA,INDRHI / MARENA,EMCO,31.2,15.6,0.0,https://indomet.gob.do/wp-content/uploads/2025/03/temperaturas-extremas-y-precipitaciones-2025x03x25-a.pdf
2025-03-25,042,JARABACOA (EMA),LA VEGA,PROGRAMA MUNDIAL DE ALIMENTO,EMAP,30.5,18.8,0.0,https://indomet.gob.do/wp-content/uploads/2025/03/temperaturas-extremas-y-precipitaciones-2025x03x25-a.pdf
2025-03-25,043,JARDÍN BOTÁNICO NACIONAL,DISTRITO NACIONAL,JARDÍN BOTÁNICO NACIONAL,EMCV,31.0,20.0,0.0,https://indomet.gob.do/wp-content/uploads/2025/03/temperaturas-extremas-y-precipitaciones-2025x03x25-a.pdf
2025-03-25,044,JIMANÍ,INDEPENDENCIA,MINISTERIO DE AGRICULTURA,EMCO,35.0,23.5,0.0,https://indomet.gob.do/wp-content/uploads/2025/03/temperaturas-extremas-y-precipitaciones-2025x03x25-a.pdf
2025-03-25,045,LA VEGA,LA VEGA,IATESA,EMCO,33.2,21.0,0.0,https://indomet.gob.do/wp-content/uploads/2025/03/temperaturas-extremas-y-precipitaciones-2025x03x25-a.pdf
2025-03-25,046,LA VICTORIA,SANTO DOMINGO,CUERPO DE BOMBEROS,EMCO,34.0,21.5,0.0,https://indomet.gob.do/wp-content/uploads/2025/03/temperaturas-extremas-y-precipitaciones-2025x03x25-a.pdf
2025-03-25,047,LAS CANAS (EMA),MONTE CRISTI,PROGRAMA MUNDIAL DE ALIMENTO,EMAP,31.0,21.5,0.0,https://indomet.gob.do/wp-content/uploads/2025/03/temperaturas-extremas-y-precipitaciones-2025x03x25-a.pdf
2025-03-25,048,LAS MATAS DE SANTA CRUZ (EMA,MONTE CRISTI,PROGRAMA MUNDIAL DE ALIMENTO,EMAP,33.7,21.4,0.0,https://indomet.gob.do/wp-content/uploads/2025/03/temperaturas-extremas-y-precipitaciones-2025x03x25-a.pdf
2025-03-25,049,MAO,VALVERDE,INDRHI / MINISTERIO DE AGRICULTURA,EMCV,,,0.0,https://indomet.gob.do/wp-content/uploads/2025/03/temperaturas-extremas-y-precipitaciones-2025x03x25-a.pdf
2025-03-25,050,MOCA,ESPAILLAT,MINISTERIO DE AGRICULTURA,EMCV,,,0.0,https://indomet.gob.do/wp-content/uploads/2025/03/temperaturas-extremas-y-precipitaciones-2025x03x25-a.pdf
2025-03-25,051,MONCIÓN (EMA),SANTIAGO RODRÍGUEZ,PROGRAMA MUNDIAL DE ALIMENTO,EMAP,31.6,18.9,0.0,https://indomet.gob.do/wp-content/uploads/2025/03/temperaturas-extremas-y-precipitaciones-2025x03x25-a.pdf
2025-03-25,052,MONTE CRISTI,MONTE CRISTI,ONAMET,EMCO,34.5,22.2,0.0,https://indomet.gob.do/wp-content/uploads/2025/03/temperaturas-extremas-y-precipitaciones-2025x03x25-a.pdf
2025-03-25,053,NAVARRETE,SANTIAGO,MINISTERIO DE AGRICULTURA,EMCV,,,0.0,https://indomet.gob.do/wp-content/uploads/2025/03/temperaturas-extremas-y-precipitaciones-2025x03x25-a.pdf
2025-03-25,054,OLIVARES,PEDERNALES,INDRHI,EMCO,,,0.0,https://indomet.gob.do/wp-content/uploads/2025/03/temperaturas-extremas-y-precipitaciones-2025x03x25-a.pdf
2025-03-25,055,PADRE LAS CASAS,AZUA,HOSP. NTRA. SRA. DEL CARMEN,EMCO,32.2,15.5,0.0,https://indomet.gob.do/wp-content/uploads/2025/03/temperaturas-extremas-y-precipitaciones-2025x03x25-a.pdf
2025-03-25,056,PALMAR ABAJO (EMA),SANTIAGO,MINISTERIO DE AGRICULTURA,EMAP,33.4,22.6,0.0,https://indomet.gob.do/wp-content/uploads/2025/03/temperaturas-extremas-y-precipitaciones-2025x03x25-a.pdf
2025-03-25,057,PALO ÍNDIO,PUERTO PLATA,MINISTERIO DE AGRICULTURA,EMCO,,,0.0,https://indomet.gob.do/wp-content/uploads/2025/03/temperaturas-extremas-y-precipitaciones-2025x03x25-a.pdf
2025-03-25,058,PARQUE MIRADOR SUR,DISTRITO NACIONAL,AYUNTAMIENTO,EMCV,32.3,21.1,0.0,https://indomet.gob.do/wp-content/uploads/2025/03/temperaturas-extremas-y-precipitaciones-2025x03x25-a.pdf
2025-03-25,059,PEDERNALES,PEDERNALES,INDRHI,EMCO,,,0.0,https://indomet.gob.do/wp-content/uploads/2025/03/temperaturas-extremas-y-precipitaciones-2025x03x25-a.pdf
2025-03-25,060,PERALTA,AZUA,HOSP. MPAL. DE PERALTA,EMCO,33.7,16.6,0.0,https://indomet.gob.do/wp-content/uploads/2025/03/temperaturas-extremas-y-precipitaciones-2025x03x25-a.pdf
2025-03-25,061,PESCADERIA (EMA),BARAHONA,MINISTERIO DE AGRICULTURA,EMAP,32.3,21.7,0.0,https://indomet.gob.do/wp-content/uploads/2025/03/temperaturas-extremas-y-precipitaciones-2025x03x25-a.pdf
2025-03-25,062,PRESA DE TAVERAS (EMA),LA VEGA,PROGRAMA MUNDIAL DE ALIMENTO,EMAP,31.3,19.3,0.0,https://indomet.gob.do/wp-content/uploads/2025/03/temperaturas-extremas-y-precipitaciones-2025x03x25-a.pdf
2025-03-25,063,RANCHO ARRIBA,SAN JOSÉ DE OCOA,CENTRO TECNOLÓGICO COMUNITARIO,EMCO,30.1,15.4,0.0,https://indomet.gob.do/wp-content/uploads/2025/03/temperaturas-extremas-y-precipitaciones-2025x03x25-a.pdf
2025-03-25,064,RESTAURACIÓN,DAJABÓN,MINISTERIO DE AGRICULTURA,EMCO,20.9,13.8,0.0,https://indomet.gob.do/wp-content/uploads/2025/03/temperaturas-extremas-y-precipitaciones-2025x03x25-a.pdf
2025-03-25,065,SABANA DE LA MAR,HATO MAYOR,ONAMET,EMCO,30.0,21.5,0.0,https://indomet.gob.do/wp-content/uploads/2025/03/temperaturas-extremas-y-precipitaciones-2025x03x25-a.pdf
2025-03-25,066,SABANETA (EMA),SANTIAGO RODRÍGUEZ,PROGRAMA MUNDIAL DE ALIMENTO,EMAP,35.1,20.6,0.0,https://indomet.gob.do/wp-content/uploads/2025/03/temperaturas-extremas-y-precipitaciones-2025x03x25-a.pdf
2025-03-25,067,SALCEDO,HERMANAS MIRABAL,PROPIEDAD DEL EMPLEADO,EMCO,,,0.0,https://indomet.gob.do/wp-content/uploads/2025/03/temperaturas-extremas-y-precipitaciones-2025x03x25-a.pdf
2025-03-25,068,SAN CRISTÓBAL,SAN CRISTÓBAL,INSTITUTO POLITÉCNICO LOYOLA,EMCO,31.0,22.0,0.0,https://indomet.gob.do/wp-content/uploads/2025/03/temperaturas-extremas-y-precipitaciones-2025x03x25-a.pdf
2025-03-25,069,SAN JOSÉ DE OCOA,SAN JOSÉ DE OCOA,HOSP. SAN JOSÉ DE OCOA,EMCO,31.9,18.3,0.0,https://indomet.gob.do/wp-content/uploads/2025/03/temperaturas-extremas-y-precipitaciones-2025x03x25-a.pdf
2025-03-25,070,SAN RAFAEL DEL YUMA,LA ALTAGRACIA,MINISTERIO DE AGRICULTURA,EMCO,32.3,21.5,0.0,https://indomet.gob.do/wp-content/uploads/2025/03/temperaturas-extremas-y-precipitaciones-2025x03x25-a.pdf
2025-03-25,071,SANTIAGO RODRÍGUEZ,SANTIAGO RODRÍGUEZ,ONAMET,EMCO,36.0,21.5,0.0,https://indomet.gob.do/wp-content/uploads/2025/03/temperaturas-extremas-y-precipitaciones-2025x03x25-a.pdf
2025-03-25,072,SANTO DOMINGO ESTE,SANTO DOMINGO,ONAMET,EMCO,32.5,24.2,0.0,https://indomet.gob.do/wp-content/uploads/2025/03/temperaturas-extremas-y-precipitaciones-2025x03x25-a.pdf
2025-03-25,073,TÁBARA ABAJO,AZUA,INDRHI,EMCO,35.5,25.0,0.0,https://indomet.gob.do/wp-content/uploads/2025/03/temperaturas-extremas-y-precipitaciones-2025x03x25-a.pdf
2025-03-25,074,VALLE NUEVO (EMA),LA VEGA,MARENA,EMAO,19.2,5.3,0.0,https://indomet.gob.do/wp-content/uploads/2025/03/temperaturas-extremas-y-precipitaciones-2025x03x25-a.pdf
2025-03-25,075,VILLA GONZALES,SANTIAGO,MINISTERIO DE AGRICULTURA,EMCO,,,0.0,https://indomet.gob.do/wp-content/uploads/2025/03/temperaturas-extremas-y-precipitaciones-2025x03x25-a.pdf
2025-03-25,076,VILLA ISABELA,PUERTO PLATA,MINISTERIO DE AGRICULTURA,EMCV,,,0.0,https://indomet.gob.do/wp-content/uploads/2025/03/temperaturas-extremas-y-precipitaciones-2025x03x25-a.pdf
2025-03-25,077,ALTO BANDERA (EMA),LA VEGA,INTEC,EMAP,16.1,6.7,0.0,https://indomet.gob.do/wp-content/uploads/2025/03/temperaturas-extremas-y-precipitaciones-2025x03x25-a.pdf
2025-03-26,001,ARPT. DEL CIBAO,SANTIAGO,ONAMET,EMCO,33.5,21.0,53.7,https://indomet.gob.do/wp-content/uploads/2025/03/temperaturas-extremas-y-precipitaciones-2025x03x26-a.pdf
2025-03-26,002,SABANA DE LA MAR,HATO MAYOR,ONAMET,EMCO,30.0,20.0,12.0,https://indomet.gob.do/wp-content/uploads/2025/03/temperaturas-extremas-y-precipitaciones-2025x03x26-a.pdf
2025-03-26,003,OVIEDO,PEDERNALES,CLÍNICA RURAL OVIEDO,EMCO,31.5,20.5,10.2,https://indomet.gob.do/wp-content/uploads/2025/03/temperaturas-extremas-y-precipitaciones-2025x03x26-a.pdf
2025-03-26,004,JARABACOA (EMA),LA VEGA,PROGRAMA MUNDIAL DE ALIMENTO,EMAP,29.8,17.1,9.2,https://indomet.gob.do/wp-content/uploads/2025/03/temperaturas-extremas-y-precipitaciones-2025x03x26-a.pdf
2025-03-26,005,JARABACOA,LA VEGA,INDRHI / MARENA,EMCO,30.8,16.6,7.9,https://indomet.gob.do/wp-content/uploads/2025/03/temperaturas-extremas-y-precipitaciones-2025x03x26-a.pdf
2025-03-26,006,SAN CRISTÓBAL,SAN CRISTÓBAL,INSTITUTO POLITÉCNICO LOYOLA,EMCO,30.2,21.2,5.4,https://indomet.gob.do/wp-content/uploads/2025/03/temperaturas-extremas-y-precipitaciones-2025x03x26-a.pdf
2025-03-26,007,VILLA GONZALES,SANTIAGO,MINISTERIO DE AGRICULTURA,EMCO,,,5.1,https://indomet.gob.do/wp-content/uploads/2025/03/temperaturas-extremas-y-precipitaciones-2025x03x26-a.pdf
2025-03-26,008,CONSTANZA,LA VEGA,MINISTERIO DE AGRICULTURA,EMCO,27.0,11.5,3.5,https://indomet.gob.do/wp-content/uploads/2025/03/temperaturas-extremas-y-precipitaciones-2025x03x26-a.pdf
2025-03-26,009,CONSTANZA (EMA),LA VEGA,PROGRAMA MUNDIAL DE ALIMENTO,EMAP,25.8,11.8,3.2,https://indomet.gob.do/wp-content/uploads/2025/03/temperaturas-extremas-y-precipitaciones-2025x03x26-a.pdf
2025-03-26,010,LOS TRES CHARCOS (EMA),PEDERNALES,PROPIEDAD DEL VOLUNTARIO,EMAP,31.9,21.2,3.0,https://indomet.gob.do/wp-content/uploads/2025/03/temperaturas-extremas-y-precipitaciones-2025x03x26-a.pdf
2025-03-26,011,CABRAL,BARAHONA,MINISTERIO DE AGRICULTURA,EMCV,33.7,22.0,2.9,https://indomet.gob.do/wp-content/uploads/2025/03/temperaturas-extremas-y-precipitaciones-2025x03x26-a.pdf
2025-03-26,012,ENRIQUILLO,BARAHONA,MINISTERIO DE AGRICULTURA,EMCV,32.5,23.2,2.2,https://indomet.gob.do/wp-content/uploads/2025/03/temperaturas-extremas-y-precipitaciones-2025x03x26-a.pdf
2025-03-26,013,PRESA DE TAVERAS (EMA),LA VEGA,PROGRAMA MUNDIAL DE ALIMENTO,EMAP,32.7,19.7,2.2,https://indomet.gob.do/wp-content/uploads/2025/03/temperaturas-extremas-y-precipitaciones-2025x03x26-a.pdf
2025-03-26,014,ARPT. DE LA ROMANA,LA ROMANA,ONAMET,EMCO,30.6,21.0,2.1,https://indomet.gob.do/wp-content/uploads/2025/03/temperaturas-extremas-y-precipitaciones-2025x03x26-a.pdf
2025-03-26,015,PADRE LAS CASAS,AZUA,HOSP. NTRA. SRA. DEL CARMEN,EMCO,32.0,18.0,1.8,https://indomet.gob.do/wp-content/uploads/2025/03/temperaturas-extremas-y-precipitaciones-2025x03x26-a.pdf
2025-03-26,016,HATO MAYOR,HATO MAYOR,MINISTERIO DE AGRICULTURA,EMCV,,,1.5,https://indomet.gob.do/wp-content/uploads/2025/03/temperaturas-extremas-y-precipitaciones-2025x03x26-a.pdf
2025-03-26,017,ALTAMIRA,PUERTO PLATA,HOSP. MPAL. DE ALTAMIRA,EMCO,33.0,20.0,1.2,https://indomet.gob.do/wp-content/uploads/2025/03/temperaturas-extremas-y-precipitaciones-2025x03x26-a.pdf
2025-03-26,018,ARPT. ARROYO BARRIL,SAMANÁ,ONAMET,EMCO,31.3,21.2,1.2,https://indomet.gob.do/wp-content/uploads/2025/03/temperaturas-extremas-y-precipitaciones-2025x03x26-a.pdf
2025-03-26,019,CENTRO DE LOS HEROES (EMA),DISTRITO NACIONAL,MINISTERIO DE ENERGIA Y MINA,EMAP,29.8,24.8,1.0,https://indomet.gob.do/wp-content/uploads/2025/03/temperaturas-extremas-y-precipitaciones-2025x03x26-a.pdf
2025-03-26,020,SAN JOSÉ DE OCOA,SAN JOSÉ DE OCOA,HOSP. SAN JOSÉ DE OCOA,EMCO,32.5,17.4,0.8,https://indomet.gob.do/wp-content/uploads/2025/03/temperaturas-extremas-y-precipitaciones-2025x03x26-a.pdf
2025-03-26,021,ESCONDIDO,PERAVIA,MINISTERIO DE AGRICULTURA,EMCV,32.0,24.0,0.5,https://indomet.gob.do/wp-content/uploads/2025/03/temperaturas-extremas-y-precipitaciones-2025x03x26-a.pdf
2025-03-26,022,EL FACTOR (EMA),MARÍA TRINIDAD SÁNCHEZ,INTEC,EMAP,32.1,20.4,0.3,https://indomet.gob.do/wp-content/uploads/2025/03/temperaturas-extremas-y-precipitaciones-2025x03x26-a.pdf
2025-03-26,023,POLO,BARAHONA,INDOCAFE,EMCO,29.2,15.5,0.3,https://indomet.gob.do/wp-content/uploads/2025/03/temperaturas-extremas-y-precipitaciones-2025x03x26-a.pdf
2025-03-26,024,SAN FRANCISCO DE MACORÍS,DUARTE,San Francisco de Macorís (UASD),EMCO,33.1,20.9,0.2,https://indomet.gob.do/wp-content/uploads/2025/03/temperaturas-extremas-y-precipitaciones-2025x03x26-a.pdf
2025-03-26,025,SANTIAGO RODRÍGUEZ,SANTIAGO RODRÍGUEZ,ONAMET,EMCO,35.5,22.5,0.1,https://indomet.gob.do/wp-content/uploads/2025/03/temperaturas-extremas-y-precipitaciones-2025x03x26-a.pdf
2025-03-26,026,ANAMUYA (EMA),LA ALTAGRACIA,MINISTERIO DE AGRICULTURA,EMAP,31.2,21.8,0.0,https://indomet.gob.do/wp-content/uploads/2025/03/temperaturas-extremas-y-precipitaciones-2025x03x26-a.pdf
2025-03-26,027,ARPT. DE LAS AMÉRICAS,SANTO DOMINGO,ONAMET,EMCO,30.5,22.0,0.0,https://indomet.gob.do/wp-content/uploads/2025/03/temperaturas-extremas-y-precipitaciones-2025x03x26-a.pdf
2025-03-26,028,ARPT. DE PUNTA CANA,LA ALTAGRACIA,ONAMET,EMCO,29.3,23.0,0.0,https://indomet.gob.do/wp-content/uploads/2025/03/temperaturas-extremas-y-precipitaciones-2025x03x26-a.pdf
2025-03-26,029,ARPT. EL CATEY,SAMANÁ,ONAMET,EMCO,29.4,21.0,0.0,https://indomet.gob.do/wp-content/uploads/2025/03/temperaturas-extremas-y-precipitaciones-2025x03x26-a.pdf
2025-03-26,030,ARPT. GREGORIO LUPERÓN,PUERTO PLATA,ONAMET,EMCO,33.5,21.8,0.0,https://indomet.gob.do/wp-content/uploads/2025/03/temperaturas-extremas-y-precipitaciones-2025x03x26-a.pdf
2025-03-26,031,ARPT. LA ISABELA,SANTO DOMINGO,ONAMET,EMCO,32.6,20.0,0.0,https://indomet.gob.do/wp-content/uploads/2025/03/temperaturas-extremas-y-precipitaciones-2025x03x26-a.pdf
2025-03-26,032,ARPT. MARÍA MONTEZ,BARAHONA,ONAMET,EMCO,32.0,22.0,0.0,https://indomet.gob.do/wp-content/uploads/2025/03/temperaturas-extremas-y-precipitaciones-2025x03x26-a.pdf
2025-03-26,033,ARROYO LORO,SAN JUAN,IDIAF,EMCO,34.0,19.9,0.0,https://indomet.gob.do/wp-content/uploads/2025/03/temperaturas-extremas-y-precipitaciones-2025x03x26-a.pdf
2025-03-26,034,BAYAGUANA,MONTE PLATA,ONAMET,EMCO,32.5,20.5,0.0,https://indomet.gob.do/wp-content/uploads/2025/03/temperaturas-extremas-y-precipitaciones-2025x03x26-a.pdf
2025-03-26,035,BOCA DE MAO (EMA),VALVERDE,MINISTERIO DE AGRICULTURA,EMAP,26.1,21.1,0.0,https://indomet.gob.do/wp-content/uploads/2025/03/temperaturas-extremas-y-precipitaciones-2025x03x26-a.pdf
2025-03-26,036,CABRERA,MARÍA TRINIDAD SÁNCHEZ,ESCUELA ARÍSTIDES FIALLO CABRAL,EMCO,31.7,24.5,0.0,https://indomet.gob.do/wp-content/uploads/2025/03/temperaturas-extremas-y-precipitaciones-2025x03x26-a.pdf
2025-03-26,037,DAJABÓN,DAJABÓN,INSTITUTO POLITÉCNICO LOYOLA,EMCO,34.5,20.2,0.0,https://indomet.gob.do/wp-content/uploads/2025/03/temperaturas-extremas-y-precipitaciones-2025x03x26-a.pdf
2025-03-26,038,ELÍAS PIÑA,ELÍAS PIÑA,MINISTERIO DE AGRICULTURA,EMCV,,,0.0,https://indomet.gob.do/wp-content/uploads/2025/03/temperaturas-extremas-y-precipitaciones-2025x03x26-a.pdf
2025-03-26,039,GASPAR HERNÁNDEZ,ESPAILLAT,PROPIEDAD DEL EMPLEADO,EMCO,,,0.0,https://indomet.gob.do/wp-content/uploads/2025/03/temperaturas-extremas-y-precipitaciones-2025x03x26-a.pdf
2025-03-26,040,GURABO,SANTIAGO,MINISTERIO DE AGRICULTURA,EMCV,,,0.0,https://indomet.gob.do/wp-content/uploads/2025/03/temperaturas-extremas-y-precipitaciones-2025x03x26-a.pdf
2025-03-26,041,HONDO VALLE,ELÍAS PIÑA,MINISTERIO DE AGRICULTURA,EMCO,26.2,16.6,0.0,https://indomet.gob.do/wp-content/uploads/2025/03/temperaturas-extremas-y-precipitaciones-2025x03x26-a.pdf
2025-03-26,043,JIMANÍ,INDEPENDENCIA,MINISTERIO DE AGRICULTURA,EMCO,35.0,22.5,0.0,https://indomet.gob.do/wp-content/uploads/2025/03/temperaturas-extremas-y-precipitaciones-2025x03x26-a.pdf
2025-03-26,044,JUMA BEJUCAL,MONSEÑOR NOUEL,IDIAF,EMCV,31.0,19.4,0.0,https://indomet.gob.do/wp-content/uploads/2025/03/temperaturas-extremas-y-precipitaciones-2025x03x26-a.pdf
2025-03-26,045,LA VEGA,LA VEGA,IATESA,EMCO,33.5,20.5,0.0,https://indomet.gob.do/wp-content/uploads/2025/03/temperaturas-extremas-y-precipitaciones-2025x03x26-a.pdf
2025-03-26,046,LA VICTORIA,SANTO DOMINGO,CUERPO DE BOMBEROS,EMCO,33.5,21.0,0.0,https://indomet.gob.do/wp-content/uploads/2025/03/temperaturas-extremas-y-precipitaciones-2025x03x26-a.pdf
2025-03-26,047,LAS MATAS DE SANTA CRUZ (EMA,MONTE CRISTI,PROGRAMA MUNDIAL DE ALIMENTO,EMAP,32.4,22.4,0.0,https://indomet.gob.do/wp-content/uploads/2025/03/temperaturas-extremas-y-precipitaciones-2025x03x26-a.pdf
2025-03-26,048,LOS JENGIBRES,NAGUA,INDRHI,EMCO,,,0.0,https://indomet.gob.do/wp-content/uploads/2025/03/temperaturas-extremas-y-precipitaciones-2025x03x26-a.pdf
2025-03-26,049,LOS LLANOS,SAN PEDRO DE MACORÍS,MINISTERIO DE AGRICULTURA,EMCO,31.8,21.0,0.0,https://indomet.gob.do/wp-content/uploads/2025/03/temperaturas-extremas-y-precipitaciones-2025x03x26-a.pdf
2025-03-26,050,MAO,VALVERDE,INDRHI / MINISTERIO DE AGRICULTURA,EMCV,,,0.0,https://indomet.gob.do/wp-content/uploads/2025/03/temperaturas-extremas-y-precipitaciones-2025x03x26-a.pdf
2025-03-26,051,MONTE CRISTI,MONTE CRISTI,ONAMET,EMCO,34.4,25.5,0.0,https://indomet.gob.do/wp-content/uploads/2025/03/temperaturas-extremas-y-precipitaciones-2025x03x26-a.pdf
2025-03-26,052,NAVARRETE,SANTIAGO,MINISTERIO DE AGRICULTURA,EMCV,,,0.0,https://indomet.gob.do/wp-content/uploads/2025/03/temperaturas-extremas-y-precipitaciones-2025x03x26-a.pdf
2025-03-26,053,OLIVARES,PEDERNALES,INDRHI,EMCO,,,0.0,https://indomet.gob.do/wp-content/uploads/2025/03/temperaturas-extremas-y-precipitaciones-2025x03x26-a.pdf
2025-03-26,054,PALO ÍNDIO,PUERTO PLATA,MINISTERIO DE AGRICULTURA,EMCO,,,0.0,https://indomet.gob.do/wp-content/uploads/2025/03/temperaturas-extremas-y-precipitaciones-2025x03x26-a.pdf
2025-03-26,055,PASO AL MEDIO,SAN PEDRO DE MACORÍS,INDRHI,EMCO,,,0.0,https://indomet.gob.do/wp-content/uploads/2025/03/temperaturas-extremas-y-precipitaciones-2025x03x26-a.pdf
2025-03-26,056,PEDERNALES,PEDERNALES,INDRHI,EMCO,,,0.0,https://indomet.gob.do/wp-content/uploads/2025/03/temperaturas-extremas-y-precipitaciones-2025x03x26-a.pdf
2025-03-26,057,PERALTA,AZUA,HOSP. MPAL. DE PERALTA,EMCO,31.2,17.0,0.0,https://indomet.gob.do/wp-content/uploads/2025/03/temperaturas-extremas-y-precipitaciones-2025x03x26-a.pdf
2025-03-26,058,PESCADERIA (EMA),BARAHONA,MINISTERIO DE AGRICULTURA,EMAP,32.2,22.6,0.0,https://indomet.gob.do/wp-content/uploads/2025/03/temperaturas-extremas-y-precipitaciones-2025x03x26-a.pdf
2025-03-26,059,PONTÓN ABAJO (EMA),LA VEGA,MINISTERIO DE AGRICULTURA,EMAP,34.8,20.8,0.0,https://indomet.gob.do/wp-content/uploads/2025/03/temperaturas-extremas-y-precipitaciones-2025x03x26-a.pdf
2025-03-26,060,RANCHO ARRIBA,SAN JOSÉ DE OCOA,CENTRO TECNOLÓGICO COMUNITARIO,EMCO,30.5,16.6,0.0,https://indomet.gob.do/wp-content/uploads/2025/03/temperaturas-extremas-y-precipitaciones-2025x03x26-a.pdf
2025-03-26,061,RESTAURACIÓN,DAJABÓN,MINISTERIO DE AGRICULTURA,EMCO,20.3,14.2,0.0,https://indomet.gob.do/wp-content/uploads/2025/03/temperaturas-extremas-y-precipitaciones-2025x03x26-a.pdf
2025-03-26,062,RÍO SAN JUAN,MARÍA TRINIDAD SÁNCHEZ,HOSP. MPAL. DR. DESIDERIO ACOSTA,EMCV,32.8,22.0,0.0,https://indomet.gob.do/wp-content/uploads/2025/03/temperaturas-extremas-y-precipitaciones-2025x03x26-a.pdf
2025-03-26,063,SABANA GRANDE DE BOYÁ,MONTE PLATA,MINISTERIO DE AGRICULTURA,EMCV,,,0.0,https://indomet.gob.do/wp-content/uploads/2025/03/temperaturas-extremas-y-precipitaciones-2025x03x26-a.pdf
2025-03-26,064,SABANETA (EMA),SANTIAGO RODRÍGUEZ,PROGRAMA MUNDIAL DE ALIMENTO,EMAP,34.9,21.3,0.0,https://indomet.gob.do/wp-content/uploads/2025/03/temperaturas-extremas-y-precipitaciones-2025x03x26-a.pdf
2025-03-26,065,SALCEDO,HERMANAS MIRABAL,PROPIEDAD DEL EMPLEADO,EMCO,,,0.0,https://indomet.gob.do/wp-content/uploads/2025/03/temperaturas-extremas-y-precipitaciones-2025x03x26-a.pdf
2025-03-26,066,SAMANÁ,SAMANÁ,COMANDANCIA DE PUERTO DE SAMANÁ,EMCO,32.0,21.4,0.0,https://indomet.gob.do/wp-content/uploads/2025/03/temperaturas-extremas-y-precipitaciones-2025x03x26-a.pdf
2025-03-26,067,SÁNCHEZ,SAMANÁ,MINISTERIO DE AGRICULTURA,EMCO,31.6,21.4,0.0,https://indomet.gob.do/wp-content/uploads/2025/03/temperaturas-extremas-y-precipitaciones-2025x03x26-a.pdf
2025-03-26,068,SANTO DOMINGO ESTE,SANTO DOMINGO,ONAMET,EMCO,32.0,23.6,0.0,https://indomet.gob.do/wp-content/uploads/2025/03/temperaturas-extremas-y-precipitaciones-2025x03x26-a.pdf
2025-03-26,069,TÁBARA ABAJO,AZUA,INDRHI,EMCO,32.5,20.5,0.0,https://indomet.gob.do/wp-content/uploads/2025/03/temperaturas-extremas-y-precipitaciones-2025x03x26-a.pdf
2025-03-26,070,TAVERA,SANTIAGO,INDRHI,EMCO,,,0.0,https://indomet.gob.do/wp-content/uploads/2025/03/temperaturas-extremas-y-precipitaciones-2025x03x26-a.pdf
2025-03-26,071,VALLE NUEVO (EMA),LA VEGA,MARENA,EMAO,19.0,3.8,0.0,https://indomet.gob.do/wp-content/uploads/2025/03/temperaturas-extremas-y-precipitaciones-2025x03x26-a.pdf
2025-03-26,072,VILLA ALTAGRACIA,SAN CRISTÓBAL,ESCUELA JAVIER ANGULO GURIDI,EMCO,,,0.0,https://indomet.gob.do/wp-content/uploads/2025/03/temperaturas-extremas-y-precipitaciones-2025x03x26-a.pdf
2025-03-26,073,VILLA RIVA,DUARTE,HOSP. MPAL. ALICIA DE LEGENDRE,EMCO,31.2,19.4,0.0,https://indomet.gob.do/wp-content/uploads/2025/03/temperaturas-extremas-y-precipitaciones-2025x03x26-a.pdf
2025-03-26,074,ALTO BANDERA (EMA),LA VEGA,INTEC,EMAP,17.2,6.1,0.0,https://indomet.gob.do/wp-content/uploads/2025/03/temperaturas-extremas-y-precipitaciones-2025x03x26-a.pdf
2025-03-27,001,HATO MAYOR,HATO MAYOR,MINISTERIO DE AGRICULTURA,EMCV,,,102.9,https://indomet.gob.do/wp-content/uploads/2025/03/temperaturas-extremas-y-precipitaciones-2025x03x27-a.pdf
2025-03-27,002,JARABACOA (EMA),LA VEGA,PROGRAMA MUNDIAL DE ALIMENTO,EMAP,30.1,16.8,61.2,https://indomet.gob.do/wp-content/uploads/2025/03/temperaturas-extremas-y-precipitaciones-2025x03x27-a.pdf
2025-03-27,003,JARABACOA,LA VEGA,INDRHI / MARENA,EMCO,31.0,16.4,55.5,https://indomet.gob.do/wp-content/uploads/2025/03/temperaturas-extremas-y-precipitaciones-2025x03x27-a.pdf
2025-03-27,004,BONAO,MONSEÑOR NOUEL,MINISTERIO DE AGRICULTURA,EMCV,,,52.3,https://indomet.gob.do/wp-content/uploads/2025/03/temperaturas-extremas-y-precipitaciones-2025x03x27-a.pdf
2025-03-27,005,MONCIÓN (EMA),SANTIAGO RODRÍGUEZ,PROGRAMA MUNDIAL DE ALIMENTO,EMAP,30.8,18.9,49.6,https://indomet.gob.do/wp-content/uploads/2025/03/temperaturas-extremas-y-precipitaciones-2025x03x27-a.pdf
2025-03-27,006,JUMA BEJUCAL,MONSEÑOR NOUEL,IDIAF,EMCV,32.4,18.2,38.2,https://indomet.gob.do/wp-content/uploads/2025/03/temperaturas-extremas-y-precipitaciones-2025x03x27-a.pdf
2025-03-27,007,SABANETA (EMA),SANTIAGO RODRÍGUEZ,PROGRAMA MUNDIAL DE ALIMENTO,EMAP,34.5,20.3,32.2,https://indomet.gob.do/wp-content/uploads/2025/03/temperaturas-extremas-y-precipitaciones-2025x03x27-a.pdf
2025-03-27,008,SANTIAGO RODRÍGUEZ,SANTIAGO RODRÍGUEZ,ONAMET,EMCO,35.2,21.0,31.6,https://indomet.gob.do/wp-content/uploads/2025/03/temperaturas-extremas-y-precipitaciones-2025x03x27-a.pdf
2025-03-27,009,EL CERCADO,SAN JUAN,MINISTERIO DE AGRICULTURA,EMCV,,,11.2,https://indomet.gob.do/wp-content/uploads/2025/03/temperaturas-extremas-y-precipitaciones-2025x03x27-a.pdf
2025-03-27,010,LOS JENGIBRES,NAGUA,INDRHI,EMCO,,,9.3,https://indomet.gob.do/wp-content/uploads/2025/03/temperaturas-extremas-y-precipitaciones-2025x03x27-a.pdf
2025-03-27,011,GASPAR HERNÁNDEZ,ESPAILLAT,PROPIEDAD DEL EMPLEADO,EMCO,,,9.1,https://indomet.gob.do/wp-content/uploads/2025/03/temperaturas-extremas-y-precipitaciones-2025x03x27-a.pdf
2025-03-27,012,RESTAURACIÓN,DAJABÓN,MINISTERIO DE AGRICULTURA,EMCO,20.9,14.8,9.1,https://indomet.gob.do/wp-content/uploads/2025/03/temperaturas-extremas-y-precipitaciones-2025x03x27-a.pdf
2025-03-27,013,HONDO VALLE,ELÍAS PIÑA,MINISTERIO DE AGRICULTURA,EMCO,26.0,16.3,7.9,https://indomet.gob.do/wp-content/uploads/2025/03/temperaturas-extremas-y-precipitaciones-2025x03x27-a.pdf
2025-03-27,014,ALTO BANDERA (EMA),LA VEGA,INTEC,EMAP,16.3,3.5,6.6,https://indomet.gob.do/wp-content/uploads/2025/03/temperaturas-extremas-y-precipitaciones-2025x03x27-a.pdf
2025-03-27,015,ELÍAS PIÑA,ELÍAS PIÑA,MINISTERIO DE AGRICULTURA,EMCV,,,5.0,https://indomet.gob.do/wp-content/uploads/2025/03/temperaturas-extremas-y-precipitaciones-2025x03x27-a.pdf
2025-03-27,016,PEDERNALES,PEDERNALES,INDRHI,EMCO,,,5.0,https://indomet.gob.do/wp-content/uploads/2025/03/temperaturas-extremas-y-precipitaciones-2025x03x27-a.pdf
2025-03-27,017,DAJABÓN,DAJABÓN,INSTITUTO POLITÉCNICO LOYOLA,EMCO,33.5,21.2,4.1,https://indomet.gob.do/wp-content/uploads/2025/03/temperaturas-extremas-y-precipitaciones-2025x03x27-a.pdf
2025-03-27,018,SABANA GRANDE DE BOYÁ,MONTE PLATA,MINISTERIO DE AGRICULTURA,EMCV,,,3.8,https://indomet.gob.do/wp-content/uploads/2025/03/temperaturas-extremas-y-precipitaciones-2025x03x27-a.pdf
2025-03-27,019,SAMANÁ,SAMANÁ,COMANDANCIA DE PUERTO DE SAMANÁ,EMCO,32.4,20.0,3.6,https://indomet.gob.do/wp-content/uploads/2025/03/temperaturas-extremas-y-precipitaciones-2025x03x27-a.pdf
2025-03-27,020,ARPT. GREGORIO LUPERÓN,PUERTO PLATA,ONAMET,EMCO,30.6,21.5,3.1,https://indomet.gob.do/wp-content/uploads/2025/03/temperaturas-extremas-y-precipitaciones-2025x03x27-a.pdf
2025-03-27,021,LA VICTORIA,SANTO DOMINGO,CUERPO DE BOMBEROS,EMCO,34.0,21.2,2.1,https://indomet.gob.do/wp-content/uploads/2025/03/temperaturas-extremas-y-precipitaciones-2025x03x27-a.pdf
2025-03-27,022,RÍO SAN JUAN,MARÍA TRINIDAD SÁNCHEZ,HOSP. MPAL. DR. DESIDERIO ACOSTA,EMCV,33.0,22.3,1.8,https://indomet.gob.do/wp-content/uploads/2025/03/temperaturas-extremas-y-precipitaciones-2025x03x27-a.pdf
2025-03-27,023,CONSTANZA,LA VEGA,MINISTERIO DE AGRICULTURA,EMCO,27.0,11.4,1.6,https://indomet.gob.do/wp-content/uploads/2025/03/temperaturas-extremas-y-precipitaciones-2025x03x27-a.pdf
2025-03-27,024,PERALTA,AZUA,HOSP. MPAL. DE PERALTA,EMCO,30.0,16.5,1.6,https://indomet.gob.do/wp-content/uploads/2025/03/temperaturas-extremas-y-precipitaciones-2025x03x27-a.pdf
2025-03-27,025,ALTAMIRA,PUERTO PLATA,HOSP. MPAL. DE ALTAMIRA,EMCO,31.9,20.6,1.5,https://indomet.gob.do/wp-content/uploads/2025/03/temperaturas-extremas-y-precipitaciones-2025x03x27-a.pdf
2025-03-27,026,OLIVARES,PEDERNALES,INDRHI,EMCO,,,1.5,https://indomet.gob.do/wp-content/uploads/2025/03/temperaturas-extremas-y-precipitaciones-2025x03x27-a.pdf
2025-03-27,027,VILLA ISABELA,PUERTO PLATA,MINISTERIO DE AGRICULTURA,EMCV,,,1.3,https://indomet.gob.do/wp-content/uploads/2025/03/temperaturas-extremas-y-precipitaciones-2025x03x27-a.pdf
2025-03-27,028,PALO ÍNDIO,PUERTO PLATA,MINISTERIO DE AGRICULTURA,EMCO,,,1.3,https://indomet.gob.do/wp-content/uploads/2025/03/temperaturas-extremas-y-precipitaciones-2025x03x27-a.pdf
2025-03-27,029,CONSTANZA (EMA),LA VEGA,PROGRAMA MUNDIAL DE ALIMENTO,EMAP,26.1,11.6,1.2,https://indomet.gob.do/wp-content/uploads/2025/03/temperaturas-extremas-y-precipitaciones-2025x03x27-a.pdf
2025-03-27,030,ENRIQUILLO,BARAHONA,MINISTERIO DE AGRICULTURA,EMCV,31.5,25.0,1.2,https://indomet.gob.do/wp-content/uploads/2025/03/temperaturas-extremas-y-precipitaciones-2025x03x27-a.pdf
2025-03-27,031,VALLE NUEVO (EMA),LA VEGA,MARENA,EMAO,17.6,4.3,1.0,https://indomet.gob.do/wp-content/uploads/2025/03/temperaturas-extremas-y-precipitaciones-2025x03x27-a.pdf
2025-03-27,032,LA VEGA,LA VEGA,IATESA,EMCO,34.5,21.0,0.8,https://indomet.gob.do/wp-content/uploads/2025/03/temperaturas-extremas-y-precipitaciones-2025x03x27-a.pdf
2025-03-27,033,LOS TRES CHARCOS (EMA),PEDERNALES,PROPIEDAD DEL VOLUNTARIO,EMAP,31.8,22.7,0.8,https://indomet.gob.do/wp-content/uploads/2025/03/temperaturas-extremas-y-precipitaciones-2025x03x27-a.pdf
2025-03-27,034,SAN FRANCISCO DE MACORÍS,DUARTE,San Francisco de Macorís (UASD),EMCO,33.4,21.3,0.8,https://indomet.gob.do/wp-content/uploads/2025/03/temperaturas-extremas-y-precipitaciones-2025x03x27-a.pdf
2025-03-27,035,TAMBORIL,SANTIAGO,MINISTERIO DE AGRICULTURA,EMCV,,,0.8,https://indomet.gob.do/wp-content/uploads/2025/03/temperaturas-extremas-y-precipitaciones-2025x03x27-a.pdf
2025-03-27,036,JIMANÍ,INDEPENDENCIA,MINISTERIO DE AGRICULTURA,EMCO,36.4,23.5,0.6,https://indomet.gob.do/wp-content/uploads/2025/03/temperaturas-extremas-y-precipitaciones-2025x03x27-a.pdf
2025-03-27,037,OVIEDO,PEDERNALES,CLÍNICA RURAL OVIEDO,EMCO,31.5,22.5,0.6,https://indomet.gob.do/wp-content/uploads/2025/03/temperaturas-extremas-y-precipitaciones-2025x03x27-a.pdf
2025-03-27,038,POLO,BARAHONA,INDOCAFE,EMCO,29.0,17.0,0.6,https://indomet.gob.do/wp-content/uploads/2025/03/temperaturas-extremas-y-precipitaciones-2025x03x27-a.pdf
2025-03-27,039,PRESA DE TAVERAS (EMA),LA VEGA,PROGRAMA MUNDIAL DE ALIMENTO,EMAP,31.9,20.6,0.6,https://indomet.gob.do/wp-content/uploads/2025/03/temperaturas-extremas-y-precipitaciones-2025x03x27-a.pdf
2025-03-27,040,ARROYO LORO,SAN JUAN,IDIAF,EMCO,33.7,18.9,0.4,https://indomet.gob.do/wp-content/uploads/2025/03/temperaturas-extremas-y-precipitaciones-2025x03x27-a.pdf
2025-03-27,041,CABRERA,MARÍA TRINIDAD SÁNCHEZ,ESCUELA ARÍSTIDES FIALLO CABRAL,EMCO,32.2,26.0,0.4,https://indomet.gob.do/wp-content/uploads/2025/03/temperaturas-extremas-y-precipitaciones-2025x03x27-a.pdf
2025-03-27,042,RANCHO ARRIBA,SAN JOSÉ DE OCOA,CENTRO TECNOLÓGICO COMUNITARIO,EMCO,31.4,14.7,0.4,https://indomet.gob.do/wp-content/uploads/2025/03/temperaturas-extremas-y-precipitaciones-2025x03x27-a.pdf
2025-03-27,043,ESCONDIDO,PERAVIA,MINISTERIO DE AGRICULTURA,EMCV,31.0,23.0,0.3,https://indomet.gob.do/wp-content/uploads/2025/03/temperaturas-extremas-y-precipitaciones-2025x03x27-a.pdf
2025-03-27,044,SABANA DE LA MAR,HATO MAYOR,ONAMET,EMCO,30.0,20.5,0.3,https://indomet.gob.do/wp-content/uploads/2025/03/temperaturas-extremas-y-precipitaciones-2025x03x27-a.pdf
2025-03-27,045,BAYAGUANA,MONTE PLATA,ONAMET,EMCO,33.6,20.2,0.1,https://indomet.gob.do/wp-content/uploads/2025/03/temperaturas-extremas-y-precipitaciones-2025x03x27-a.pdf
2025-03-27,046,CABRAL,BARAHONA,MINISTERIO DE AGRICULTURA,EMCV,32.9,22.7,0.1,https://indomet.gob.do/wp-content/uploads/2025/03/temperaturas-extremas-y-precipitaciones-2025x03x27-a.pdf
2025-03-27,047,ANAMUYA (EMA),LA ALTAGRACIA,MINISTERIO DE AGRICULTURA,EMAP,32.3,22.2,0.0,https://indomet.gob.do/wp-content/uploads/2025/03/temperaturas-extremas-y-precipitaciones-2025x03x27-a.pdf
2025-03-27,048,ARPT. ARROYO BARRIL,SAMANÁ,ONAMET,EMCO,32.0,20.0,0.0,https://indomet.gob.do/wp-content/uploads/2025/03/temperaturas-extremas-y-precipitaciones-2025x03x27-a.pdf
2025-03-27,049,ARPT. DE LA ROMANA,LA ROMANA,ONAMET,EMCO,31.4,20.8,0.0,https://indomet.gob.do/wp-content/uploads/2025/03/temperaturas-extremas-y-precipitaciones-2025x03x27-a.pdf
2025-03-27,050,ARPT. DE LAS AMÉRICAS,SANTO DOMINGO,ONAMET,EMCO,31.8,31.2,0.0,https://indomet.gob.do/wp-content/uploads/2025/03/temperaturas-extremas-y-precipitaciones-2025x03x27-a.pdf
2025-03-27,051,ARPT. DE PUNTA CANA,LA ALTAGRACIA,ONAMET,EMCO,30.0,22.9,0.0,https://indomet.gob.do/wp-content/uploads/2025/03/temperaturas-extremas-y-precipitaciones-2025x03x27-a.pdf
2025-03-27,052,ARPT. DEL CIBAO,SANTIAGO,ONAMET,EMCO,32.4,20.0,0.0,https://indomet.gob.do/wp-content/uploads/2025/03/temperaturas-extremas-y-precipitaciones-2025x03x27-a.pdf
2025-03-27,053,ARPT. EL CATEY,SAMANÁ,ONAMET,EMCO,30.5,20.0,0.0,https://indomet.gob.do/wp-content/uploads/2025/03/temperaturas-extremas-y-precipitaciones-2025x03x27-a.pdf
2025-03-27,054,ARPT. LA ISABELA,SANTO DOMINGO,ONAMET,EMCO,31.5,20.0,0.0,https://indomet.gob.do/wp-content/uploads/2025/03/temperaturas-extremas-y-precipitaciones-2025x03x27-a.pdf
2025-03-27,055,ARPT. MARÍA MONTEZ,BARAHONA,ONAMET,EMCO,31.5,22.5,0.0,https://indomet.gob.do/wp-content/uploads/2025/03/temperaturas-extremas-y-precipitaciones-2025x03x27-a.pdf
2025-03-27,056,BOCA DE MAO (EMA),VALVERDE,MINISTERIO DE AGRICULTURA,EMAP,34.1,22.2,0.0,https://indomet.gob.do/wp-content/uploads/2025/03/temperaturas-extremas-y-precipitaciones-2025x03x27-a.pdf
2025-03-27,057,BOHECHÍO,SAN JUAN,MINISTERIO DE AGRICULTURA,EMCV,,,0.0,https://indomet.gob.do/wp-content/uploads/2025/03/temperaturas-extremas-y-precipitaciones-2025x03x27-a.pdf
2025-03-27,058,CENTRO DE LOS HEROES (EMA),DISTRITO NACIONAL,MINISTERIO DE ENERGIA Y MINA,EMAP,30.2,24.6,0.0,https://indomet.gob.do/wp-content/uploads/2025/03/temperaturas-extremas-y-precipitaciones-2025x03x27-a.pdf
2025-03-27,059,EL FACTOR (EMA),MARÍA TRINIDAD SÁNCHEZ,INTEC,EMAP,32.3,20.4,0.0,https://indomet.gob.do/wp-content/uploads/2025/03/temperaturas-extremas-y-precipitaciones-2025x03x27-a.pdf
2025-03-27,060,GURABO,SANTIAGO,MINISTERIO DE AGRICULTURA,EMCV,,,0.0,https://indomet.gob.do/wp-content/uploads/2025/03/temperaturas-extremas-y-precipitaciones-2025x03x27-a.pdf
2025-03-27,061,JARDÍN BOTÁNICO NACIONAL,DISTRITO NACIONAL,JARDÍN BOTÁNICO NACIONAL,EMCV,32.3,21.1,0.0,https://indomet.gob.do/wp-content/uploads/2025/03/temperaturas-extremas-y-precipitaciones-2025x03x27-a.pdf
2025-03-27,062,LAS CANAS (EMA),MONTE CRISTI,PROGRAMA MUNDIAL DE ALIMENTO,EMAP,28.8,22.9,0.0,https://indomet.gob.do/wp-content/uploads/2025/03/temperaturas-extremas-y-precipitaciones-2025x03x27-a.pdf
2025-03-27,063,LAS MATAS DE SANTA CRUZ (EMA,MONTE CRISTI,PROGRAMA MUNDIAL DE ALIMENTO,EMAP,,,0.0,https://indomet.gob.do/wp-content/uploads/2025/03/temperaturas-extremas-y-precipitaciones-2025x03x27-a.pdf
2025-03-27,064,LOS LLANOS,SAN PEDRO DE MACORÍS,MINISTERIO DE AGRICULTURA,EMCO,32.5,20.5,0.0,https://indomet.gob.do/wp-content/uploads/2025/03/temperaturas-extremas-y-precipitaciones-2025x03x27-a.pdf
2025-03-27,065,LUPERÓN,PUERTO PLATA,MINISTERIO DE AGRICULTURA,EMCV,,,0.0,https://indomet.gob.do/wp-content/uploads/2025/03/temperaturas-extremas-y-precipitaciones-2025x03x27-a.pdf
2025-03-27,066,MAO,VALVERDE,INDRHI / MINISTERIO DE AGRICULTURA,EMCV,,,0.0,https://indomet.gob.do/wp-content/uploads/2025/03/temperaturas-extremas-y-precipitaciones-2025x03x27-a.pdf
2025-03-27,067,MONTE CRISTI,MONTE CRISTI,ONAMET,EMCO,33.2,23.4,0.0,https://indomet.gob.do/wp-content/uploads/2025/03/temperaturas-extremas-y-precipitaciones-2025x03x27-a.pdf
2025-03-27,068,PADRE LAS CASAS,AZUA,HOSP. NTRA. SRA. DEL CARMEN,EMCO,30.5,18.5,0.0,https://indomet.gob.do/wp-content/uploads/2025/03/temperaturas-extremas-y-precipitaciones-2025x03x27-a.pdf
2025-03-27,069,PARQUE MIRADOR SUR,DISTRITO NACIONAL,AYUNTAMIENTO,EMCV,32.3,22.2,0.0,https://indomet.gob.do/wp-content/uploads/2025/03/temperaturas-extremas-y-precipitaciones-2025x03x27-a.pdf
2025-03-27,070,PASO AL MEDIO,SAN PEDRO DE MACORÍS,INDRHI,EMCO,,,0.0,https://indomet.gob.do/wp-content/uploads/2025/03/temperaturas-extremas-y-precipitaciones-2025x03x27-a.pdf
2025-03-27,071,PESCADERIA (EMA),BARAHONA,MINISTERIO DE AGRICULTURA,EMAP,32.8,22.4,0.0,https://indomet.gob.do/wp-content/uploads/2025/03/temperaturas-extremas-y-precipitaciones-2025x03x27-a.pdf
2025-03-27,072,PONTÓN ABAJO (EMA),LA VEGA,MINISTERIO DE AGRICULTURA,EMAP,34.9,20.7,0.0,https://indomet.gob.do/wp-content/uploads/2025/03/temperaturas-extremas-y-precipitaciones-2025x03x27-a.pdf
2025-03-27,073,SALCEDO,HERMANAS MIRABAL,PROPIEDAD DEL EMPLEADO,EMCO,,,0.0,https://indomet.gob.do/wp-content/uploads/2025/03/temperaturas-extremas-y-precipitaciones-2025x03x27-a.pdf
2025-03-27,074,SAN CRISTÓBAL,SAN CRISTÓBAL,INSTITUTO POLITÉCNICO LOYOLA,EMCO,30.2,22.2,0.0,https://indomet.gob.do/wp-content/uploads/2025/03/temperaturas-extremas-y-precipitaciones-2025x03x27-a.pdf
2025-03-27,075,SAN JOSÉ DE OCOA,SAN JOSÉ DE OCOA,HOSP. SAN JOSÉ DE OCOA,EMCO,30.9,17.6,0.0,https://indomet.gob.do/wp-content/uploads/2025/03/temperaturas-extremas-y-precipitaciones-2025x03x27-a.pdf
2025-03-27,076,SAN RAFAEL DEL YUMA,LA ALTAGRACIA,MINISTERIO DE AGRICULTURA,EMCO,32.9,21.6,0.0,https://indomet.gob.do/wp-content/uploads/2025/03/temperaturas-extremas-y-precipitaciones-2025x03x27-a.pdf
2025-03-27,077,SÁNCHEZ,SAMANÁ,MINISTERIO DE AGRICULTURA,EMCO,32.0,22.5,0.0,https://indomet.gob.do/wp-content/uploads/2025/03/temperaturas-extremas-y-precipitaciones-2025x03x27-a.pdf
2025-03-27,078,SANTO DOMINGO ESTE,SANTO DOMINGO,ONAMET,EMCO,31.7,24.0,0.0,https://indomet.gob.do/wp-content/uploads/2025/03/temperaturas-extremas-y-precipitaciones-2025x03x27-a.pdf
2025-03-27,079,TÁBARA ABAJO,AZUA,INDRHI,EMCO,33.5,25.0,0.0,https://indomet.gob.do/wp-content/uploads/2025/03/temperaturas-extremas-y-precipitaciones-2025x03x27-a.pdf
2025-03-27,080,TAVERA,SANTIAGO,INDRHI,EMCO,,,0.0,https://indomet.gob.do/wp-content/uploads/2025/03/temperaturas-extremas-y-precipitaciones-2025x03x27-a.pdf
2025-03-27,081,VILLA ALTAGRACIA,SAN CRISTÓBAL,ESCUELA JAVIER ANGULO GURIDI,EMCO,,,0.0,https://indomet.gob.do/wp-content/uploads/2025/03/temperaturas-extremas-y-precipitaciones-2025x03x27-a.pdf
2025-03-27,082,VILLA GONZALES,SANTIAGO,MINISTERIO DE AGRICULTURA,EMCO,,,0.0,https://indomet.gob.do/wp-content/uploads/2025/03/temperaturas-extremas-y-precipitaciones-2025x03x27-a.pdf
2025-03-27,083,VILLA RIVA,DUARTE,HOSP. MPAL. ALICIA DE LEGENDRE,EMCO,31.8,21.0,0.0,https://indomet.gob.do/wp-content/uploads/2025/03/temperaturas-extremas-y-precipitaciones-2025x03x27-a.pdf
2025-03-28,001,CENTRO DE LOS HEROES (EMA),DISTRITO NACIONAL,MINISTERIO DE ENERGIA Y MINA,EMAP,29.3,24.3,43.4,https://indomet.gob.do/wp-content/uploads/2025/03/temperaturas-extremas-y-precipitaciones-2025x03x28-b.pdf
2025-03-28,002,LUPERÓN,PUERTO PLATA,MINISTERIO DE AGRICULTURA,EMCV,,,36.8,https://indomet.gob.do/wp-content/uploads/2025/03/temperaturas-extremas-y-precipitaciones-2025x03x28-b.pdf
2025-03-28,003,LA VICTORIA,SANTO DOMINGO,CUERPO DE BOMBEROS,EMCO,26.0,20.5,16.1,https://indomet.gob.do/wp-content/uploads/2025/03/temperaturas-extremas-y-precipitaciones-2025x03x28-b.pdf
2025-03-28,004,BAYAGUANA,MONTE PLATA,ONAMET,EMCO,31.4,19.6,12.5,https://indomet.gob.do/wp-content/uploads/2025/03/temperaturas-extremas-y-precipitaciones-2025x03x28-b.pdf
2025-03-28,005,PALMAR ABAJO (EMA),SANTIAGO,MINISTERIO DE AGRICULTURA,EMAP,,,12.0,https://indomet.gob.do/wp-content/uploads/2025/03/temperaturas-extremas-y-precipitaciones-2025x03x28-b.pdf
2025-03-28,006,ALTO BANDERA (EMA),LA VEGA,INTEC,EMAP,14.2,4.2,10.4,https://indomet.gob.do/wp-content/uploads/2025/03/temperaturas-extremas-y-precipitaciones-2025x03x28-b.pdf
2025-03-28,007,VILLA ALTAGRACIA,SAN CRISTÓBAL,ESCUELA JAVIER ANGULO GURIDI,EMCO,,,10.1,https://indomet.gob.do/wp-content/uploads/2025/03/temperaturas-extremas-y-precipitaciones-2025x03x28-b.pdf
2025-03-28,008,ARPT. GREGORIO LUPERÓN,PUERTO PLATA,ONAMET,EMCO,30.0,22.2,9.4,https://indomet.gob.do/wp-content/uploads/2025/03/temperaturas-extremas-y-precipitaciones-2025x03x28-b.pdf
2025-03-28,009,GASPAR HERNÁNDEZ,ESPAILLAT,PROPIEDAD DEL EMPLEADO,EMCO,,,8.6,https://indomet.gob.do/wp-content/uploads/2025/03/temperaturas-extremas-y-precipitaciones-2025x03x28-b.pdf
2025-03-28,010,PALO ÍNDIO,PUERTO PLATA,MINISTERIO DE AGRICULTURA,EMCO,,,8.4,https://indomet.gob.do/wp-content/uploads/2025/03/temperaturas-extremas-y-precipitaciones-2025x03x28-b.pdf
2025-03-28,011,RANCHO ARRIBA,SAN JOSÉ DE OCOA,CENTRO TECNOLÓGICO COMUNITARIO,EMCO,29.9,16.8,7.5,https://indomet.gob.do/wp-content/uploads/2025/03/temperaturas-extremas-y-precipitaciones-2025x03x28-b.pdf
2025-03-28,012,RÍO SAN JUAN,MARÍA TRINIDAD SÁNCHEZ,HOSP. MPAL. DR. DESIDERIO ACOSTA,EMCV,30.4,21.5,7.4,https://indomet.gob.do/wp-content/uploads/2025/03/temperaturas-extremas-y-precipitaciones-2025x03x28-b.pdf
2025-03-28,013,LA VEGA,LA VEGA,IATESA,EMCO,33.0,20.5,6.3,https://indomet.gob.do/wp-content/uploads/2025/03/temperaturas-extremas-y-precipitaciones-2025x03x28-b.pdf
2025-03-28,014,GURABO,SANTIAGO,MINISTERIO DE AGRICULTURA,EMCV,,,5.6,https://indomet.gob.do/wp-content/uploads/2025/03/temperaturas-extremas-y-precipitaciones-2025x03x28-b.pdf
2025-03-28,015,LOS LLANOS,SAN PEDRO DE MACORÍS,MINISTERIO DE AGRICULTURA,EMCO,33.6,20.7,5.0,https://indomet.gob.do/wp-content/uploads/2025/03/temperaturas-extremas-y-precipitaciones-2025x03x28-b.pdf
2025-03-28,016,SABANA DE LA MAR,HATO MAYOR,ONAMET,EMCO,29.5,21.0,3.7,https://indomet.gob.do/wp-content/uploads/2025/03/temperaturas-extremas-y-precipitaciones-2025x03x28-b.pdf
2025-03-28,017,JUMA BEJUCAL,MONSEÑOR NOUEL,IDIAF,EMCV,30.8,19.6,3.2,https://indomet.gob.do/wp-content/uploads/2025/03/temperaturas-extremas-y-precipitaciones-2025x03x28-b.pdf
2025-03-28,018,SÁNCHEZ,SAMANÁ,MINISTERIO DE AGRICULTURA,EMCO,30.8,20.9,3.2,https://indomet.gob.do/wp-content/uploads/2025/03/temperaturas-extremas-y-precipitaciones-2025x03x28-b.pdf
2025-03-28,019,BONAO,MONSEÑOR NOUEL,MINISTERIO DE AGRICULTURA,EMCV,,,3.1,https://indomet.gob.do/wp-content/uploads/2025/03/temperaturas-extremas-y-precipitaciones-2025x03x28-b.pdf
2025-03-28,020,VALLE NUEVO (EMA),LA VEGA,MARENA,EMAO,17.4,8.1,2.6,https://indomet.gob.do/wp-content/uploads/2025/03/temperaturas-extremas-y-precipitaciones-2025x03x28-b.pdf
2025-03-28,021,VILLA GONZALES,SANTIAGO,MINISTERIO DE AGRICULTURA,EMCO,,,2.5,https://indomet.gob.do/wp-content/uploads/2025/03/temperaturas-extremas-y-precipitaciones-2025x03x28-b.pdf
2025-03-28,022,TAMBORIL,SANTIAGO,MINISTERIO DE AGRICULTURA,EMCV,,,2.5,https://indomet.gob.do/wp-content/uploads/2025/03/temperaturas-extremas-y-precipitaciones-2025x03x28-b.pdf
2025-03-28,023,CONSTANZA,LA VEGA,MINISTERIO DE AGRICULTURA,EMCO,24.0,14.9,2.4,https://indomet.gob.do/wp-content/uploads/2025/03/temperaturas-extremas-y-precipitaciones-2025x03x28-b.pdf
2025-03-28,024,CONSTANZA (EMA),LA VEGA,PROGRAMA MUNDIAL DE ALIMENTO,EMAP,24.2,14.8,2.0,https://indomet.gob.do/wp-content/uploads/2025/03/temperaturas-extremas-y-precipitaciones-2025x03x28-b.pdf
2025-03-28,025,ARPT. LA ISABELA,SANTO DOMINGO,ONAMET,EMCO,32.5,21.5,1.8,https://indomet.gob.do/wp-content/uploads/2025/03/temperaturas-extremas-y-precipitaciones-2025x03x28-b.pdf
2025-03-28,026,ARPT. DEL CIBAO,SANTIAGO,ONAMET,EMCO,31.5,21.2,1.5,https://indomet.gob.do/wp-content/uploads/2025/03/temperaturas-extremas-y-precipitaciones-2025x03x28-b.pdf
2025-03-28,027,ALTAMIRA,PUERTO PLATA,HOSP. MPAL. DE ALTAMIRA,EMCO,29.1,18.8,1.4,https://indomet.gob.do/wp-content/uploads/2025/03/temperaturas-extremas-y-precipitaciones-2025x03x28-b.pdf
2025-03-28,028,VILLA RIVA,DUARTE,HOSP. MPAL. ALICIA DE LEGENDRE,EMCO,31.1,20.6,1.3,https://indomet.gob.do/wp-content/uploads/2025/03/temperaturas-extremas-y-precipitaciones-2025x03x28-b.pdf
2025-03-28,029,NAVARRETE,SANTIAGO,MINISTERIO DE AGRICULTURA,EMCV,,,1.3,https://indomet.gob.do/wp-content/uploads/2025/03/temperaturas-extremas-y-precipitaciones-2025x03x28-b.pdf
2025-03-28,030,VILLA ISABELA,PUERTO PLATA,MINISTERIO DE AGRICULTURA,EMCV,,,1.3,https://indomet.gob.do/wp-content/uploads/2025/03/temperaturas-extremas-y-precipitaciones-2025x03x28-b.pdf
2025-03-28,031,SAMANÁ,SAMANÁ,COMANDANCIA DE PUERTO DE SAMANÁ,EMCO,31.3,21.0,1.2,https://indomet.gob.do/wp-content/uploads/2025/03/temperaturas-extremas-y-precipitaciones-2025x03x28-b.pdf
2025-03-28,032,EL FACTOR (EMA),MARÍA TRINIDAD SÁNCHEZ,INTEC,EMAP,31.6,21.3,0.8,https://indomet.gob.do/wp-content/uploads/2025/03/temperaturas-extremas-y-precipitaciones-2025x03x28-b.pdf
2025-03-28,033,LOS TRES CHARCOS (EMA),PEDERNALES,PROPIEDAD DEL VOLUNTARIO,EMAP,32.6,23.2,0.8,https://indomet.gob.do/wp-content/uploads/2025/03/temperaturas-extremas-y-precipitaciones-2025x03x28-b.pdf
2025-03-28,034,HATO MAYOR,HATO MAYOR,MINISTERIO DE AGRICULTURA,EMCV,,,0.8,https://indomet.gob.do/wp-content/uploads/2025/03/temperaturas-extremas-y-precipitaciones-2025x03x28-b.pdf
2025-03-28,035,ARPT. DE LAS AMÉRICAS,SANTO DOMINGO,ONAMET,EMCO,31.2,21.4,0.6,https://indomet.gob.do/wp-content/uploads/2025/03/temperaturas-extremas-y-precipitaciones-2025x03x28-b.pdf
2025-03-28,036,POLO,BARAHONA,INDOCAFE,EMCO,29.9,16.0,0.6,https://indomet.gob.do/wp-content/uploads/2025/03/temperaturas-extremas-y-precipitaciones-2025x03x28-b.pdf
2025-03-28,037,JARABACOA,LA VEGA,INDRHI / MARENA,EMCO,30.4,17.0,0.3,https://indomet.gob.do/wp-content/uploads/2025/03/temperaturas-extremas-y-precipitaciones-2025x03x28-b.pdf
2025-03-28,038,SANTO DOMINGO ESTE,SANTO DOMINGO,ONAMET,EMCO,31.2,23.5,0.2,https://indomet.gob.do/wp-content/uploads/2025/03/temperaturas-extremas-y-precipitaciones-2025x03x28-b.pdf
2025-03-28,039,HONDO VALLE,ELÍAS PIÑA,MINISTERIO DE AGRICULTURA,EMCO,26.5,16.9,0.1,https://indomet.gob.do/wp-content/uploads/2025/03/temperaturas-extremas-y-precipitaciones-2025x03x28-b.pdf
2025-03-28,040,ANAMUYA (EMA),LA ALTAGRACIA,MINISTERIO DE AGRICULTURA,EMAP,31.2,22.7,0.0,https://indomet.gob.do/wp-content/uploads/2025/03/temperaturas-extremas-y-precipitaciones-2025x03x28-b.pdf
2025-03-28,041,ARPT. ARROYO BARRIL,SAMANÁ,ONAMET,EMCO,30.5,19.5,0.0,https://indomet.gob.do/wp-content/uploads/2025/03/temperaturas-extremas-y-precipitaciones-2025x03x28-b.pdf
2025-03-28,042,ARPT. DE LA ROMANA,LA ROMANA,ONAMET,EMCO,32.0,20.2,0.0,https://indomet.gob.do/wp-content/uploads/2025/03/temperaturas-extremas-y-precipitaciones-2025x03x28-b.pdf
2025-03-28,043,ARPT. DE PUNTA CANA,LA ALTAGRACIA,ONAMET,EMCO,29.8,23.0,0.0,https://indomet.gob.do/wp-content/uploads/2025/03/temperaturas-extremas-y-precipitaciones-2025x03x28-b.pdf
2025-03-28,044,ARPT. EL CATEY,SAMANÁ,ONAMET,EMCO,30.0,19.5,0.0,https://indomet.gob.do/wp-content/uploads/2025/03/temperaturas-extremas-y-precipitaciones-2025x03x28-b.pdf
2025-03-28,045,ARPT. MARÍA MONTEZ,BARAHONA,ONAMET,EMCO,33.4,23.0,0.0,https://indomet.gob.do/wp-content/uploads/2025/03/temperaturas-extremas-y-precipitaciones-2025x03x28-b.pdf
2025-03-28,046,ARROYO LORO,SAN JUAN,IDIAF,EMCO,34.0,16.9,0.0,https://indomet.gob.do/wp-content/uploads/2025/03/temperaturas-extremas-y-precipitaciones-2025x03x28-b.pdf
2025-03-28,047,BOCA DE MAO (EMA),VALVERDE,MINISTERIO DE AGRICULTURA,EMAP,32.9,22.2,0.0,https://indomet.gob.do/wp-content/uploads/2025/03/temperaturas-extremas-y-precipitaciones-2025x03x28-b.pdf
2025-03-28,048,CABRAL,BARAHONA,MINISTERIO DE AGRICULTURA,EMCV,33.8,23.6,0.0,https://indomet.gob.do/wp-content/uploads/2025/03/temperaturas-extremas-y-precipitaciones-2025x03x28-b.pdf
2025-03-28,049,DAJABÓN,DAJABÓN,INSTITUTO POLITÉCNICO LOYOLA,EMCO,34.0,20.3,0.0,https://indomet.gob.do/wp-content/uploads/2025/03/temperaturas-extremas-y-precipitaciones-2025x03x28-b.pdf
2025-03-28,050,ELÍAS PIÑA,ELÍAS PIÑA,MINISTERIO DE AGRICULTURA,EMCV,,,0.0,https://indomet.gob.do/wp-content/uploads/2025/03/temperaturas-extremas-y-precipitaciones-2025x03x28-b.pdf
2025-03-28,051,ENRIQUILLO,BARAHONA,MINISTERIO DE AGRICULTURA,EMCV,33.3,25.5,0.0,https://indomet.gob.do/wp-content/uploads/2025/03/temperaturas-extremas-y-precipitaciones-2025x03x28-b.pdf
2025-03-28,052,ESCONDIDO,PERAVIA,MINISTERIO DE AGRICULTURA,EMCV,32.0,23.0,0.0,https://indomet.gob.do/wp-content/uploads/2025/03/temperaturas-extremas-y-precipitaciones-2025x03x28-b.pdf
2025-03-28,053,JARABACOA (EMA),LA VEGA,PROGRAMA MUNDIAL DE ALIMENTO,EMAP,29.9,17.3,0.0,https://indomet.gob.do/wp-content/uploads/2025/03/temperaturas-extremas-y-precipitaciones-2025x03x28-b.pdf
2025-03-28,054,JIMANÍ,INDEPENDENCIA,MINISTERIO DE AGRICULTURA,EMCO,36.2,23.0,0.0,https://indomet.gob.do/wp-content/uploads/2025/03/temperaturas-extremas-y-precipitaciones-2025x03x28-b.pdf
2025-03-28,055,LAS CANAS (EMA),MONTE CRISTI,PROGRAMA MUNDIAL DE ALIMENTO,EMAP,28.1,22.1,0.0,https://indomet.gob.do/wp-content/uploads/2025/03/temperaturas-extremas-y-precipitaciones-2025x03x28-b.pdf
2025-03-28,056,LAS MATAS DE SANTA CRUZ (EMA,MONTE CRISTI,PROGRAMA MUNDIAL DE ALIMENTO,EMAP,,,0.0,https://indomet.gob.do/wp-content/uploads/2025/03/temperaturas-extremas-y-precipitaciones-2025x03x28-b.pdf
2025-03-28,057,MAO,VALVERDE,INDRHI / MINISTERIO DE AGRICULTURA,EMCV,,,0.0,https://indomet.gob.do/wp-content/uploads/2025/03/temperaturas-extremas-y-precipitaciones-2025x03x28-b.pdf
2025-03-28,058,MONTE CRISTI,MONTE CRISTI,ONAMET,EMCO,32.5,23.2,0.0,https://indomet.gob.do/wp-content/uploads/2025/03/temperaturas-extremas-y-precipitaciones-2025x03x28-b.pdf
2025-03-28,059,OLIVARES,PEDERNALES,INDRHI,EMCO,,,0.0,https://indomet.gob.do/wp-content/uploads/2025/03/temperaturas-extremas-y-precipitaciones-2025x03x28-b.pdf
2025-03-28,060,OVIEDO,PEDERNALES,CLÍNICA RURAL OVIEDO,EMCO,31.3,22.0,0.0,https://indomet.gob.do/wp-content/uploads/2025/03/temperaturas-extremas-y-precipitaciones-2025x03x28-b.pdf
2025-03-28,061,PADRE LAS CASAS,AZUA,HOSP. NTRA. SRA. DEL CARMEN,EMCO,33.0,17.5,0.0,https://indomet.gob.do/wp-content/uploads/2025/03/temperaturas-extremas-y-precipitaciones-2025x03x28-b.pdf
2025-03-28,062,PEDERNALES,PEDERNALES,INDRHI,EMCO,,,0.0,https://indomet.gob.do/wp-content/uploads/2025/03/temperaturas-extremas-y-precipitaciones-2025x03x28-b.pdf
2025-03-28,063,PERALTA,AZUA,HOSP. MPAL. DE PERALTA,EMCO,33.5,17.5,0.0,https://indomet.gob.do/wp-content/uploads/2025/03/temperaturas-extremas-y-precipitaciones-2025x03x28-b.pdf
2025-03-28,064,PESCADERIA (EMA),BARAHONA,MINISTERIO DE AGRICULTURA,EMAP,33.6,23.6,0.0,https://indomet.gob.do/wp-content/uploads/2025/03/temperaturas-extremas-y-precipitaciones-2025x03x28-b.pdf
2025-03-28,065,PONTÓN ABAJO (EMA),LA VEGA,MINISTERIO DE AGRICULTURA,EMAP,33.9,21.9,0.0,https://indomet.gob.do/wp-content/uploads/2025/03/temperaturas-extremas-y-precipitaciones-2025x03x28-b.pdf
2025-03-28,066,PRESA DE TAVERAS (EMA),LA VEGA,PROGRAMA MUNDIAL DE ALIMENTO,EMAP,30.4,20.3,0.0,https://indomet.gob.do/wp-content/uploads/2025/03/temperaturas-extremas-y-precipitaciones-2025x03x28-b.pdf
2025-03-28,067,RESTAURACIÓN,DAJABÓN,MINISTERIO DE AGRICULTURA,EMCO,21.2,15.3,0.0,https://indomet.gob.do/wp-content/uploads/2025/03/temperaturas-extremas-y-precipitaciones-2025x03x28-b.pdf
2025-03-28,068,SABANA GRANDE DE BOYÁ,MONTE PLATA,MINISTERIO DE AGRICULTURA,EMCV,,,0.0,https://indomet.gob.do/wp-content/uploads/2025/03/temperaturas-extremas-y-precipitaciones-2025x03x28-b.pdf
2025-03-28,069,SABANETA (EMA),SANTIAGO RODRÍGUEZ,PROGRAMA MUNDIAL DE ALIMENTO,EMAP,33.5,20.2,0.0,https://indomet.gob.do/wp-content/uploads/2025/03/temperaturas-extremas-y-precipitaciones-2025x03x28-b.pdf
2025-03-28,070,SALCEDO,HERMANAS MIRABAL,PROPIEDAD DEL EMPLEADO,EMCO,,,0.0,https://indomet.gob.do/wp-content/uploads/2025/03/temperaturas-extremas-y-precipitaciones-2025x03x28-b.pdf
2025-03-28,071,SAN CRISTÓBAL,SAN CRISTÓBAL,INSTITUTO POLITÉCNICO LOYOLA,EMCO,30.0,22.0,0.0,https://indomet.gob.do/wp-content/uploads/2025/03/temperaturas-extremas-y-precipitaciones-2025x03x28-b.pdf
2025-03-28,072,SAN JOSÉ DE OCOA,SAN JOSÉ DE OCOA,HOSP. SAN JOSÉ DE OCOA,EMCO,31.5,19.4,0.0,https://indomet.gob.do/wp-content/uploads/2025/03/temperaturas-extremas-y-precipitaciones-2025x03x28-b.pdf
2025-03-28,073,SAN RAFAEL DEL YUMA,LA ALTAGRACIA,MINISTERIO DE AGRICULTURA,EMCO,33.2,21.5,0.0,https://indomet.gob.do/wp-content/uploads/2025/03/temperaturas-extremas-y-precipitaciones-2025x03x28-b.pdf
2025-03-28,074,SANTIAGO RODRÍGUEZ,SANTIAGO RODRÍGUEZ,ONAMET,EMCO,33.5,20.6,0.0,https://indomet.gob.do/wp-content/uploads/2025/03/temperaturas-extremas-y-precipitaciones-2025x03x28-b.pdf
2025-03-28,075,TÁBARA ABAJO,AZUA,INDRHI,EMCO,34.5,20.5,0.0,https://indomet.gob.do/wp-content/uploads/2025/03/temperaturas-extremas-y-precipitaciones-2025x03x28-b.pdf
2025-03-28,076,BANI (EMA),PERAVIA,MINISTERIO DE AGRICULTURA,EMAP,,,0.0,https://indomet.gob.do/wp-content/uploads/2025/03/temperaturas-extremas-y-precipitaciones-2025x03x28-b.pdf
2025-03-29,001,BONAO,MONSEÑOR NOUEL,MINISTERIO DE AGRICULTURA,EMCV,,,27.4,https://indomet.gob.do/wp-content/uploads/2025/04/temperaturas-extremas-y-precipitaciones-2025x03x29-a.pdf
2025-03-29,002,RANCHO ARRIBA,SAN JOSÉ DE OCOA,CENTRO TECNOLÓGICO COMUNITARIO,EMCO,28.5,17.6,10.8,https://indomet.gob.do/wp-content/uploads/2025/04/temperaturas-extremas-y-precipitaciones-2025x03x29-a.pdf
2025-03-29,003,VILLA RIVA,DUARTE,HOSP. MPAL. ALICIA DE LEGENDRE,EMCO,30.5,21.0,9.1,https://indomet.gob.do/wp-content/uploads/2025/04/temperaturas-extremas-y-precipitaciones-2025x03x29-a.pdf
2025-03-29,004,LA VEGA,LA VEGA,IATESA,EMCO,31.5,21.5,8.5,https://indomet.gob.do/wp-content/uploads/2025/04/temperaturas-extremas-y-precipitaciones-2025x03x29-a.pdf
2025-03-29,005,BAYAGUANA,MONTE PLATA,ONAMET,EMCO,32.4,20.4,7.9,https://indomet.gob.do/wp-content/uploads/2025/04/temperaturas-extremas-y-precipitaciones-2025x03x29-a.pdf
2025-03-29,006,ARPT. DEL CIBAO,SANTIAGO,ONAMET,EMCO,32.6,19.8,7.0,https://indomet.gob.do/wp-content/uploads/2025/04/temperaturas-extremas-y-precipitaciones-2025x03x29-a.pdf
2025-03-29,007,ANAMUYA (EMA),LA ALTAGRACIA,MINISTERIO DE AGRICULTURA,EMAP,31.1,22.3,6.8,https://indomet.gob.do/wp-content/uploads/2025/04/temperaturas-extremas-y-precipitaciones-2025x03x29-a.pdf
2025-03-29,008,JARABACOA,LA VEGA,INDRHI / MARENA,EMCO,29.2,17.4,6.3,https://indomet.gob.do/wp-content/uploads/2025/04/temperaturas-extremas-y-precipitaciones-2025x03x29-a.pdf
2025-03-29,009,ARPT. GREGORIO LUPERÓN,PUERTO PLATA,ONAMET,EMCO,30.0,21.3,6.2,https://indomet.gob.do/wp-content/uploads/2025/04/temperaturas-extremas-y-precipitaciones-2025x03x29-a.pdf
2025-03-29,010,SAMANÁ,SAMANÁ,COMANDANCIA DE PUERTO DE SAMANÁ,EMCO,30.8,21.4,5.8,https://indomet.gob.do/wp-content/uploads/2025/04/temperaturas-extremas-y-precipitaciones-2025x03x29-a.pdf
2025-03-29,011,POLO,BARAHONA,INDOCAFE,EMCO,28.0,18.0,5.2,https://indomet.gob.do/wp-content/uploads/2025/04/temperaturas-extremas-y-precipitaciones-2025x03x29-a.pdf
2025-03-29,012,RÍO SAN JUAN,MARÍA TRINIDAD SÁNCHEZ,HOSP. MPAL. DR. DESIDERIO ACOSTA,EMCV,31.1,21.5,4.6,https://indomet.gob.do/wp-content/uploads/2025/04/temperaturas-extremas-y-precipitaciones-2025x03x29-a.pdf
2025-03-29,013,ALTO BANDERA (EMA),LA VEGA,INTEC,EMAP,12.4,4.3,4.1,https://indomet.gob.do/wp-content/uploads/2025/04/temperaturas-extremas-y-precipitaciones-2025x03x29-a.pdf
2025-03-29,014,CABRAL,BARAHONA,MINISTERIO DE AGRICULTURA,EMCV,33.4,21.3,3.7,https://indomet.gob.do/wp-content/uploads/2025/04/temperaturas-extremas-y-precipitaciones-2025x03x29-a.pdf
2025-03-29,015,VALLE NUEVO (EMA),LA VEGA,MARENA,EMAO,17.9,8.2,2.6,https://indomet.gob.do/wp-content/uploads/2025/04/temperaturas-extremas-y-precipitaciones-2025x03x29-a.pdf
2025-03-29,016,GASPAR HERNÁNDEZ,ESPAILLAT,PROPIEDAD DEL EMPLEADO,EMCO,,,2.5,https://indomet.gob.do/wp-content/uploads/2025/04/temperaturas-extremas-y-precipitaciones-2025x03x29-a.pdf
2025-03-29,017,EL FACTOR (EMA),MARÍA TRINIDAD SÁNCHEZ,INTEC,EMAP,30.4,20.9,2.5,https://indomet.gob.do/wp-content/uploads/2025/04/temperaturas-extremas-y-precipitaciones-2025x03x29-a.pdf
2025-03-29,018,ARPT. DE PUNTA CANA,LA ALTAGRACIA,ONAMET,EMCO,30.0,23.8,2.4,https://indomet.gob.do/wp-content/uploads/2025/04/temperaturas-extremas-y-precipitaciones-2025x03x29-a.pdf
2025-03-29,019,LA VICTORIA,SANTO DOMINGO,CUERPO DE BOMBEROS,EMCO,31.0,21.5,2.4,https://indomet.gob.do/wp-content/uploads/2025/04/temperaturas-extremas-y-precipitaciones-2025x03x29-a.pdf
2025-03-29,020,CONSTANZA,LA VEGA,MINISTERIO DE AGRICULTURA,EMCO,26.0,15.7,2.1,https://indomet.gob.do/wp-content/uploads/2025/04/temperaturas-extremas-y-precipitaciones-2025x03x29-a.pdf
2025-03-29,021,ARPT. DE LA ROMANA,LA ROMANA,ONAMET,EMCO,31.5,21.2,2.0,https://indomet.gob.do/wp-content/uploads/2025/04/temperaturas-extremas-y-precipitaciones-2025x03x29-a.pdf
2025-03-29,022,CONSTANZA (EMA),LA VEGA,PROGRAMA MUNDIAL DE ALIMENTO,EMAP,25.5,15.8,1.8,https://indomet.gob.do/wp-content/uploads/2025/04/temperaturas-extremas-y-precipitaciones-2025x03x29-a.pdf
2025-03-29,023,PALO ÍNDIO,PUERTO PLATA,MINISTERIO DE AGRICULTURA,EMCO,,,1.3,https://indomet.gob.do/wp-content/uploads/2025/04/temperaturas-extremas-y-precipitaciones-2025x03x29-a.pdf
2025-03-29,024,ALTAMIRA,PUERTO PLATA,HOSP. MPAL. DE ALTAMIRA,EMCO,31.3,18.8,1.0,https://indomet.gob.do/wp-content/uploads/2025/04/temperaturas-extremas-y-precipitaciones-2025x03x29-a.pdf
2025-03-29,025,ARPT. ARROYO BARRIL,SAMANÁ,ONAMET,EMCO,31.5,22.0,1.0,https://indomet.gob.do/wp-content/uploads/2025/04/temperaturas-extremas-y-precipitaciones-2025x03x29-a.pdf
2025-03-29,026,SAN JOSÉ DE OCOA,SAN JOSÉ DE OCOA,HOSP. SAN JOSÉ DE OCOA,EMCO,31.7,19.1,1.0,https://indomet.gob.do/wp-content/uploads/2025/04/temperaturas-extremas-y-precipitaciones-2025x03x29-a.pdf
2025-03-29,027,ESCONDIDO,PERAVIA,MINISTERIO DE AGRICULTURA,EMCV,32.0,25.0,0.3,https://indomet.gob.do/wp-content/uploads/2025/04/temperaturas-extremas-y-precipitaciones-2025x03x29-a.pdf
2025-03-29,028,SABANA GRANDE DE BOYÁ,MONTE PLATA,MINISTERIO DE AGRICULTURA,EMCV,,,0.3,https://indomet.gob.do/wp-content/uploads/2025/04/temperaturas-extremas-y-precipitaciones-2025x03x29-a.pdf
2025-03-29,029,SALCEDO,HERMANAS MIRABAL,PROPIEDAD DEL EMPLEADO,EMCO,,,0.3,https://indomet.gob.do/wp-content/uploads/2025/04/temperaturas-extremas-y-precipitaciones-2025x03x29-a.pdf
2025-03-29,030,LOS TRES CHARCOS (EMA),PEDERNALES,PROPIEDAD DEL VOLUNTARIO,EMAP,31.4,24.5,0.2,https://indomet.gob.do/wp-content/uploads/2025/04/temperaturas-extremas-y-precipitaciones-2025x03x29-a.pdf
2025-03-29,031,SAN RAFAEL DEL YUMA,LA ALTAGRACIA,MINISTERIO DE AGRICULTURA,EMCO,32.5,20.9,0.2,https://indomet.gob.do/wp-content/uploads/2025/04/temperaturas-extremas-y-precipitaciones-2025x03x29-a.pdf
2025-03-29,032,SÁNCHEZ,SAMANÁ,MINISTERIO DE AGRICULTURA,EMCO,31.6,23.4,0.1,https://indomet.gob.do/wp-content/uploads/2025/04/temperaturas-extremas-y-precipitaciones-2025x03x29-a.pdf
2025-03-29,033,ARPT. DE LAS AMÉRICAS,SANTO DOMINGO,ONAMET,EMCO,32.0,21.4,0.0,https://indomet.gob.do/wp-content/uploads/2025/04/temperaturas-extremas-y-precipitaciones-2025x03x29-a.pdf
2025-03-29,034,ARPT. EL CATEY,SAMANÁ,ONAMET,EMCO,30.2,20.6,0.0,https://indomet.gob.do/wp-content/uploads/2025/04/temperaturas-extremas-y-precipitaciones-2025x03x29-a.pdf
2025-03-29,035,ARPT. LA ISABELA,SANTO DOMINGO,ONAMET,EMCO,32.8,22.2,0.0,https://indomet.gob.do/wp-content/uploads/2025/04/temperaturas-extremas-y-precipitaciones-2025x03x29-a.pdf
2025-03-29,036,ARPT. MARÍA MONTEZ,BARAHONA,ONAMET,EMCO,32.0,23.4,0.0,https://indomet.gob.do/wp-content/uploads/2025/04/temperaturas-extremas-y-precipitaciones-2025x03x29-a.pdf
2025-03-29,037,ARROYO LORO,SAN JUAN,IDIAF,EMCO,33.0,17.0,0.0,https://indomet.gob.do/wp-content/uploads/2025/04/temperaturas-extremas-y-precipitaciones-2025x03x29-a.pdf
2025-03-29,038,BOCA DE MAO (EMA),VALVERDE,MINISTERIO DE AGRICULTURA,EMAP,34.9,22.3,0.0,https://indomet.gob.do/wp-content/uploads/2025/04/temperaturas-extremas-y-precipitaciones-2025x03x29-a.pdf
2025-03-29,039,CABRERA,MARÍA TRINIDAD SÁNCHEZ,ESCUELA ARÍSTIDES FIALLO CABRAL,EMCO,31.5,24.0,0.0,https://indomet.gob.do/wp-content/uploads/2025/04/temperaturas-extremas-y-precipitaciones-2025x03x29-a.pdf
2025-03-29,040,CENTRO DE LOS HEROES (EMA),DISTRITO NACIONAL,MINISTERIO DE ENERGIA Y MINA,EMAP,29.8,24.1,0.0,https://indomet.gob.do/wp-content/uploads/2025/04/temperaturas-extremas-y-precipitaciones-2025x03x29-a.pdf
2025-03-29,041,DAJABÓN,DAJABÓN,INSTITUTO POLITÉCNICO LOYOLA,EMCO,33.6,19.7,0.0,https://indomet.gob.do/wp-content/uploads/2025/04/temperaturas-extremas-y-precipitaciones-2025x03x29-a.pdf
2025-03-29,042,ENRIQUILLO,BARAHONA,MINISTERIO DE AGRICULTURA,EMCV,31.8,25.5,0.0,https://indomet.gob.do/wp-content/uploads/2025/04/temperaturas-extremas-y-precipitaciones-2025x03x29-a.pdf
2025-03-29,043,GURABO,SANTIAGO,MINISTERIO DE AGRICULTURA,EMCV,,,0.0,https://indomet.gob.do/wp-content/uploads/2025/04/temperaturas-extremas-y-precipitaciones-2025x03x29-a.pdf
2025-03-29,044,HATO MAYOR,HATO MAYOR,MINISTERIO DE AGRICULTURA,EMCV,,,0.0,https://indomet.gob.do/wp-content/uploads/2025/04/temperaturas-extremas-y-precipitaciones-2025x03x29-a.pdf
2025-03-29,045,HONDO VALLE,ELÍAS PIÑA,MINISTERIO DE AGRICULTURA,EMCO,26.6,16.7,0.0,https://indomet.gob.do/wp-content/uploads/2025/04/temperaturas-extremas-y-precipitaciones-2025x03x29-a.pdf
2025-03-29,046,JIMANÍ,INDEPENDENCIA,MINISTERIO DE AGRICULTURA,EMCO,35.2,23.4,0.0,https://indomet.gob.do/wp-content/uploads/2025/04/temperaturas-extremas-y-precipitaciones-2025x03x29-a.pdf
2025-03-29,047,LAS CANAS (EMA),MONTE CRISTI,PROGRAMA MUNDIAL DE ALIMENTO,EMAP,28.4,22.5,0.0,https://indomet.gob.do/wp-content/uploads/2025/04/temperaturas-extremas-y-precipitaciones-2025x03x29-a.pdf
2025-03-29,048,LAS MATAS DE SANTA CRUZ (EMA,MONTE CRISTI,PROGRAMA MUNDIAL DE ALIMENTO,EMAP,34.2,22.4,0.0,https://indomet.gob.do/wp-content/uploads/2025/04/temperaturas-extremas-y-precipitaciones-2025x03x29-a.pdf
2025-03-29,049,LOS LLANOS,SAN PEDRO DE MACORÍS,MINISTERIO DE AGRICULTURA,EMCO,32.5,20.0,0.0,https://indomet.gob.do/wp-content/uploads/2025/04/temperaturas-extremas-y-precipitaciones-2025x03x29-a.pdf
2025-03-29,050,MAO,VALVERDE,INDRHI / MINISTERIO DE AGRICULTURA,EMCV,,,0.0,https://indomet.gob.do/wp-content/uploads/2025/04/temperaturas-extremas-y-precipitaciones-2025x03x29-a.pdf
2025-03-29,051,MONCIÓN (EMA),SANTIAGO RODRÍGUEZ,PROGRAMA MUNDIAL DE ALIMENTO,EMAP,32.2,20.2,0.0,https://indomet.gob.do/wp-content/uploads/2025/04/temperaturas-extremas-y-precipitaciones-2025x03x29-a.pdf
2025-03-29,052,MONTE CRISTI,MONTE CRISTI,ONAMET,EMCO,33.5,22.5,0.0,https://indomet.gob.do/wp-content/uploads/2025/04/temperaturas-extremas-y-precipitaciones-2025x03x29-a.pdf
2025-03-29,053,NAVARRETE,SANTIAGO,MINISTERIO DE AGRICULTURA,EMCV,,,0.0,https://indomet.gob.do/wp-content/uploads/2025/04/temperaturas-extremas-y-precipitaciones-2025x03x29-a.pdf
2025-03-29,054,OLIVARES,PEDERNALES,INDRHI,EMCO,,,0.0,https://indomet.gob.do/wp-content/uploads/2025/04/temperaturas-extremas-y-precipitaciones-2025x03x29-a.pdf
2025-03-29,055,OVIEDO,PEDERNALES,CLÍNICA RURAL OVIEDO,EMCO,32.0,24.0,0.0,https://indomet.gob.do/wp-content/uploads/2025/04/temperaturas-extremas-y-precipitaciones-2025x03x29-a.pdf
2025-03-29,056,PADRE LAS CASAS,AZUA,HOSP. NTRA. SRA. DEL CARMEN,EMCO,32.0,17.5,0.0,https://indomet.gob.do/wp-content/uploads/2025/04/temperaturas-extremas-y-precipitaciones-2025x03x29-a.pdf
2025-03-29,057,PEDERNALES,PEDERNALES,INDRHI,EMCO,,,0.0,https://indomet.gob.do/wp-content/uploads/2025/04/temperaturas-extremas-y-precipitaciones-2025x03x29-a.pdf
2025-03-29,058,PERALTA,AZUA,HOSP. MPAL. DE PERALTA,EMCO,34.2,17.0,0.0,https://indomet.gob.do/wp-content/uploads/2025/04/temperaturas-extremas-y-precipitaciones-2025x03x29-a.pdf
2025-03-29,059,PESCADERIA (EMA),BARAHONA,MINISTERIO DE AGRICULTURA,EMAP,32.3,22.3,0.0,https://indomet.gob.do/wp-content/uploads/2025/04/temperaturas-extremas-y-precipitaciones-2025x03x29-a.pdf
2025-03-29,060,PONTÓN ABAJO (EMA),LA VEGA,MINISTERIO DE AGRICULTURA,EMAP,33.1,22.1,0.0,https://indomet.gob.do/wp-content/uploads/2025/04/temperaturas-extremas-y-precipitaciones-2025x03x29-a.pdf
2025-03-29,061,PRESA DE TAVERAS (EMA),LA VEGA,PROGRAMA MUNDIAL DE ALIMENTO,EMAP,30.7,20.9,0.0,https://indomet.gob.do/wp-content/uploads/2025/04/temperaturas-extremas-y-precipitaciones-2025x03x29-a.pdf
2025-03-29,062,RESTAURACIÓN,DAJABÓN,MINISTERIO DE AGRICULTURA,EMCO,21.8,17.0,0.0,https://indomet.gob.do/wp-content/uploads/2025/04/temperaturas-extremas-y-precipitaciones-2025x03x29-a.pdf
2025-03-29,063,SABANA DE LA MAR,HATO MAYOR,ONAMET,EMCO,30.0,21.5,0.0,https://indomet.gob.do/wp-content/uploads/2025/04/temperaturas-extremas-y-precipitaciones-2025x03x29-a.pdf
2025-03-29,064,SABANETA (EMA),SANTIAGO RODRÍGUEZ,PROGRAMA MUNDIAL DE ALIMENTO,EMAP,35.9,21.3,0.0,https://indomet.gob.do/wp-content/uploads/2025/04/temperaturas-extremas-y-precipitaciones-2025x03x29-a.pdf
2025-03-29,065,SAN CRISTÓBAL,SAN CRISTÓBAL,INSTITUTO POLITÉCNICO LOYOLA,EMCO,31.2,22.4,0.0,https://indomet.gob.do/wp-content/uploads/2025/04/temperaturas-extremas-y-precipitaciones-2025x03x29-a.pdf
2025-03-29,066,SANTIAGO RODRÍGUEZ,SANTIAGO RODRÍGUEZ,ONAMET,EMCO,35.5,22.0,0.0,https://indomet.gob.do/wp-content/uploads/2025/04/temperaturas-extremas-y-precipitaciones-2025x03x29-a.pdf
2025-03-29,067,SANTO DOMINGO ESTE,SANTO DOMINGO,ONAMET,EMCO,31.5,23.7,0.0,https://indomet.gob.do/wp-content/uploads/2025/04/temperaturas-extremas-y-precipitaciones-2025x03x29-a.pdf
2025-03-29,068,TÁBARA ABAJO,AZUA,INDRHI,EMCO,32.6,19.0,0.0,https://indomet.gob.do/wp-content/uploads/2025/04/temperaturas-extremas-y-precipitaciones-2025x03x29-a.pdf
2025-03-29,069,VILLA GONZALES,SANTIAGO,MINISTERIO DE AGRICULTURA,EMCO,,,0.0,https://indomet.gob.do/wp-content/uploads/2025/04/temperaturas-extremas-y-precipitaciones-2025x03x29-a.pdf
2025-03-29,070,VILLA ISABELA,PUERTO PLATA,MINISTERIO DE AGRICULTURA,EMCV,,,0.0,https://indomet.gob.do/wp-content/uploads/2025/04/temperaturas-extremas-y-precipitaciones-2025x03x29-a.pdf
2025-03-30,001,ARPT. LA ISABELA,SANTO DOMINGO,ONAMET,EMCO,30.0,21.0,30.7,https://indomet.gob.do/wp-content/uploads/2025/03/temperaturas-extremas-y-precipitaciones-2025x03x30-a.pdf
2025-03-30,002,LA VICTORIA,SANTO DOMINGO,CUERPO DE BOMBEROS,EMCO,31.0,20.5,26.3,https://indomet.gob.do/wp-content/uploads/2025/03/temperaturas-extremas-y-precipitaciones-2025x03x30-a.pdf
2025-03-30,003,SAN RAFAEL DEL YUMA,LA ALTAGRACIA,MINISTERIO DE AGRICULTURA,EMCO,32.4,21.4,24.6,https://indomet.gob.do/wp-content/uploads/2025/03/temperaturas-extremas-y-precipitaciones-2025x03x30-a.pdf
2025-03-30,004,JARDÍN BOTÁNICO NACIONAL,DISTRITO NACIONAL,JARDÍN BOTÁNICO NACIONAL,EMCV,30.7,19.9,23.2,https://indomet.gob.do/wp-content/uploads/2025/03/temperaturas-extremas-y-precipitaciones-2025x03x30-a.pdf
2025-03-30,005,LUPERÓN,PUERTO PLATA,MINISTERIO DE AGRICULTURA,EMCV,,,19.3,https://indomet.gob.do/wp-content/uploads/2025/03/temperaturas-extremas-y-precipitaciones-2025x03x30-a.pdf
2025-03-30,006,ARPT. EL CATEY,SAMANÁ,ONAMET,EMCO,30.0,21.4,17.8,https://indomet.gob.do/wp-content/uploads/2025/03/temperaturas-extremas-y-precipitaciones-2025x03x30-a.pdf
2025-03-30,007,SAN JOSÉ DE OCOA,SAN JOSÉ DE OCOA,HOSP. SAN JOSÉ DE OCOA,EMCO,30.5,18.2,16.6,https://indomet.gob.do/wp-content/uploads/2025/03/temperaturas-extremas-y-precipitaciones-2025x03x30-a.pdf
2025-03-30,008,ARPT. ARROYO BARRIL,SAMANÁ,ONAMET,EMCO,31.0,21.5,13.4,https://indomet.gob.do/wp-content/uploads/2025/03/temperaturas-extremas-y-precipitaciones-2025x03x30-a.pdf
2025-03-30,009,VILLA RIVA,DUARTE,HOSP. MPAL. ALICIA DE LEGENDRE,EMCO,30.0,20.4,12.4,https://indomet.gob.do/wp-content/uploads/2025/03/temperaturas-extremas-y-precipitaciones-2025x03x30-a.pdf
2025-03-30,010,LA VEGA,LA VEGA,IATESA,EMCO,30.5,21.0,12.3,https://indomet.gob.do/wp-content/uploads/2025/03/temperaturas-extremas-y-precipitaciones-2025x03x30-a.pdf
2025-03-30,011,RÍO SAN JUAN,MARÍA TRINIDAD SÁNCHEZ,HOSP. MPAL. DR. DESIDERIO ACOSTA,EMCV,30.8,22.0,10.9,https://indomet.gob.do/wp-content/uploads/2025/03/temperaturas-extremas-y-precipitaciones-2025x03x30-a.pdf
2025-03-30,012,SAMANÁ,SAMANÁ,COMANDANCIA DE PUERTO DE SAMANÁ,EMCO,30.8,20.4,10.6,https://indomet.gob.do/wp-content/uploads/2025/03/temperaturas-extremas-y-precipitaciones-2025x03x30-a.pdf
2025-03-30,013,SÁNCHEZ,SAMANÁ,MINISTERIO DE AGRICULTURA,EMCO,30.7,21.5,10.6,https://indomet.gob.do/wp-content/uploads/2025/03/temperaturas-extremas-y-precipitaciones-2025x03x30-a.pdf
2025-03-30,014,CENTRO DE LOS HEROES (EMA),DISTRITO NACIONAL,MINISTERIO DE ENERGIA Y MINA,EMAP,30.2,23.8,10.4,https://indomet.gob.do/wp-content/uploads/2025/03/temperaturas-extremas-y-precipitaciones-2025x03x30-a.pdf
2025-03-30,015,ARPT. DEL CIBAO,SANTIAGO,ONAMET,EMCO,32.0,20.3,10.0,https://indomet.gob.do/wp-content/uploads/2025/03/temperaturas-extremas-y-precipitaciones-2025x03x30-a.pdf
2025-03-30,016,JUMA BEJUCAL,MONSEÑOR NOUEL,IDIAF,EMCV,29.0,19.2,9.2,https://indomet.gob.do/wp-content/uploads/2025/03/temperaturas-extremas-y-precipitaciones-2025x03x30-a.pdf
2025-03-30,017,OVIEDO,PEDERNALES,CLÍNICA RURAL OVIEDO,EMCO,32.0,22.0,8.2,https://indomet.gob.do/wp-content/uploads/2025/03/temperaturas-extremas-y-precipitaciones-2025x03x30-a.pdf
2025-03-30,018,POLO,BARAHONA,INDOCAFE,EMCO,27.4,18.3,8.2,https://indomet.gob.do/wp-content/uploads/2025/03/temperaturas-extremas-y-precipitaciones-2025x03x30-a.pdf
2025-03-30,019,ESCONDIDO,PERAVIA,MINISTERIO DE AGRICULTURA,EMCV,32.0,22.0,7.8,https://indomet.gob.do/wp-content/uploads/2025/03/temperaturas-extremas-y-precipitaciones-2025x03x30-a.pdf
2025-03-30,020,VILLA ALTAGRACIA,SAN CRISTÓBAL,ESCUELA JAVIER ANGULO GURIDI,EMCO,,,7.5,https://indomet.gob.do/wp-content/uploads/2025/03/temperaturas-extremas-y-precipitaciones-2025x03x30-a.pdf
2025-03-30,021,HONDO VALLE,ELÍAS PIÑA,MINISTERIO DE AGRICULTURA,EMCO,26.2,16.3,7.4,https://indomet.gob.do/wp-content/uploads/2025/03/temperaturas-extremas-y-precipitaciones-2025x03x30-a.pdf
2025-03-30,022,CABRERA,MARÍA TRINIDAD SÁNCHEZ,ESCUELA ARÍSTIDES FIALLO CABRAL,EMCO,30.4,25.8,7.2,https://indomet.gob.do/wp-content/uploads/2025/03/temperaturas-extremas-y-precipitaciones-2025x03x30-a.pdf
2025-03-30,023,BAYAGUANA,MONTE PLATA,ONAMET,EMCO,31.0,19.8,6.4,https://indomet.gob.do/wp-content/uploads/2025/03/temperaturas-extremas-y-precipitaciones-2025x03x30-a.pdf
2025-03-30,024,SALCEDO,HERMANAS MIRABAL,PROPIEDAD DEL EMPLEADO,EMCO,,,5.0,https://indomet.gob.do/wp-content/uploads/2025/03/temperaturas-extremas-y-precipitaciones-2025x03x30-a.pdf
2025-03-30,025,RANCHO ARRIBA,SAN JOSÉ DE OCOA,CENTRO TECNOLÓGICO COMUNITARIO,EMCO,26.6,17.4,4.7,https://indomet.gob.do/wp-content/uploads/2025/03/temperaturas-extremas-y-precipitaciones-2025x03x30-a.pdf
2025-03-30,026,ALTO BANDERA (EMA),LA VEGA,INTEC,EMAP,12.6,3.4,4.6,https://indomet.gob.do/wp-content/uploads/2025/03/temperaturas-extremas-y-precipitaciones-2025x03x30-a.pdf
2025-03-30,027,BONAO,MONSEÑOR NOUEL,MINISTERIO DE AGRICULTURA,EMCV,,,4.3,https://indomet.gob.do/wp-content/uploads/2025/03/temperaturas-extremas-y-precipitaciones-2025x03x30-a.pdf
2025-03-30,028,LOS TRES CHARCOS (EMA),PEDERNALES,PROPIEDAD DEL VOLUNTARIO,EMAP,32.2,22.7,4.2,https://indomet.gob.do/wp-content/uploads/2025/03/temperaturas-extremas-y-precipitaciones-2025x03x30-a.pdf
2025-03-30,029,ELÍAS PIÑA,ELÍAS PIÑA,MINISTERIO DE AGRICULTURA,EMCV,,,4.1,https://indomet.gob.do/wp-content/uploads/2025/03/temperaturas-extremas-y-precipitaciones-2025x03x30-a.pdf
2025-03-30,030,SAN FRANCISCO DE MACORÍS,DUARTE,San Francisco de Macorís (UASD),EMCO,31.4,20.2,4.0,https://indomet.gob.do/wp-content/uploads/2025/03/temperaturas-extremas-y-precipitaciones-2025x03x30-a.pdf
2025-03-30,031,PESCADERIA (EMA),BARAHONA,MINISTERIO DE AGRICULTURA,EMAP,32.2,21.9,3.8,https://indomet.gob.do/wp-content/uploads/2025/03/temperaturas-extremas-y-precipitaciones-2025x03x30-a.pdf
2025-03-30,032,ENRIQUILLO,BARAHONA,MINISTERIO DE AGRICULTURA,EMCV,31.5,22.7,3.6,https://indomet.gob.do/wp-content/uploads/2025/03/temperaturas-extremas-y-precipitaciones-2025x03x30-a.pdf
2025-03-30,033,GURABO,SANTIAGO,MINISTERIO DE AGRICULTURA,EMCV,,,3.6,https://indomet.gob.do/wp-content/uploads/2025/03/temperaturas-extremas-y-precipitaciones-2025x03x30-a.pdf
2025-03-30,034,SANTO DOMINGO ESTE,SANTO DOMINGO,ONAMET,EMCO,30.5,22.8,3.5,https://indomet.gob.do/wp-content/uploads/2025/03/temperaturas-extremas-y-precipitaciones-2025x03x30-a.pdf
2025-03-30,035,JARABACOA (EMA),LA VEGA,PROGRAMA MUNDIAL DE ALIMENTO,EMAP,27.8,17.2,2.6,https://indomet.gob.do/wp-content/uploads/2025/03/temperaturas-extremas-y-precipitaciones-2025x03x30-a.pdf
2025-03-30,036,JARABACOA,LA VEGA,INDRHI / MARENA,EMCO,28.4,16.6,2.5,https://indomet.gob.do/wp-content/uploads/2025/03/temperaturas-extremas-y-precipitaciones-2025x03x30-a.pdf
2025-03-30,037,NAVARRETE,SANTIAGO,MINISTERIO DE AGRICULTURA,EMCV,,,2.3,https://indomet.gob.do/wp-content/uploads/2025/03/temperaturas-extremas-y-precipitaciones-2025x03x30-a.pdf
2025-03-30,038,HATO MAYOR,HATO MAYOR,MINISTERIO DE AGRICULTURA,EMCV,,,1.7,https://indomet.gob.do/wp-content/uploads/2025/03/temperaturas-extremas-y-precipitaciones-2025x03x30-a.pdf
2025-03-30,039,SAN CRISTÓBAL,SAN CRISTÓBAL,INSTITUTO POLITÉCNICO LOYOLA,EMCO,31.0,22.0,1.6,https://indomet.gob.do/wp-content/uploads/2025/03/temperaturas-extremas-y-precipitaciones-2025x03x30-a.pdf
2025-03-30,040,LOS LLANOS,SAN PEDRO DE MACORÍS,MINISTERIO DE AGRICULTURA,EMCO,31.5,20.0,1.2,https://indomet.gob.do/wp-content/uploads/2025/03/temperaturas-extremas-y-precipitaciones-2025x03x30-a.pdf
2025-03-30,041,VALLE NUEVO (EMA),LA VEGA,MARENA,EMAO,15.6,7.3,1.2,https://indomet.gob.do/wp-content/uploads/2025/03/temperaturas-extremas-y-precipitaciones-2025x03x30-a.pdf
2025-03-30,042,CONSTANZA,LA VEGA,MINISTERIO DE AGRICULTURA,EMCO,26.5,13.0,1.0,https://indomet.gob.do/wp-content/uploads/2025/03/temperaturas-extremas-y-precipitaciones-2025x03x30-a.pdf
2025-03-30,043,CONSTANZA (EMA),LA VEGA,PROGRAMA MUNDIAL DE ALIMENTO,EMAP,24.7,12.9,0.8,https://indomet.gob.do/wp-content/uploads/2025/03/temperaturas-extremas-y-precipitaciones-2025x03x30-a.pdf
2025-03-30,044,ARPT. DE LA ROMANA,LA ROMANA,ONAMET,EMCO,31.2,21.4,0.7,https://indomet.gob.do/wp-content/uploads/2025/03/temperaturas-extremas-y-precipitaciones-2025x03x30-a.pdf
2025-03-30,045,ANAMUYA (EMA),LA ALTAGRACIA,MINISTERIO DE AGRICULTURA,EMAP,30.4,22.1,0.6,https://indomet.gob.do/wp-content/uploads/2025/03/temperaturas-extremas-y-precipitaciones-2025x03x30-a.pdf
2025-03-30,046,EL FACTOR (EMA),MARÍA TRINIDAD SÁNCHEZ,INTEC,EMAP,29.8,21.3,0.3,https://indomet.gob.do/wp-content/uploads/2025/03/temperaturas-extremas-y-precipitaciones-2025x03x30-a.pdf
2025-03-30,047,ARPT. DE LAS AMÉRICAS,SANTO DOMINGO,ONAMET,EMCO,31.8,21.2,0.2,https://indomet.gob.do/wp-content/uploads/2025/03/temperaturas-extremas-y-precipitaciones-2025x03x30-a.pdf
2025-03-30,048,CABRAL,BARAHONA,MINISTERIO DE AGRICULTURA,EMCV,32.9,21.9,0.2,https://indomet.gob.do/wp-content/uploads/2025/03/temperaturas-extremas-y-precipitaciones-2025x03x30-a.pdf
2025-03-30,049,ARROYO LORO,SAN JUAN,IDIAF,EMCO,34.0,16.5,0.1,https://indomet.gob.do/wp-content/uploads/2025/03/temperaturas-extremas-y-precipitaciones-2025x03x30-a.pdf
2025-03-30,050,SABANA GRANDE DE BOYÁ,MONTE PLATA,MINISTERIO DE AGRICULTURA,EMCV,,,0.1,https://indomet.gob.do/wp-content/uploads/2025/03/temperaturas-extremas-y-precipitaciones-2025x03x30-a.pdf
2025-03-30,051,ALTAMIRA,PUERTO PLATA,HOSP. MPAL. DE ALTAMIRA,EMCO,31.6,19.8,0.0,https://indomet.gob.do/wp-content/uploads/2025/03/temperaturas-extremas-y-precipitaciones-2025x03x30-a.pdf
2025-03-30,052,ARPT. DE PUNTA CANA,LA ALTAGRACIA,ONAMET,EMCO,30.8,23.5,0.0,https://indomet.gob.do/wp-content/uploads/2025/03/temperaturas-extremas-y-precipitaciones-2025x03x30-a.pdf
2025-03-30,053,ARPT. GREGORIO LUPERÓN,PUERTO PLATA,ONAMET,EMCO,30.0,21.0,0.0,https://indomet.gob.do/wp-content/uploads/2025/03/temperaturas-extremas-y-precipitaciones-2025x03x30-a.pdf
2025-03-30,054,ARPT. MARÍA MONTEZ,BARAHONA,ONAMET,EMCO,32.0,22.5,0.0,https://indomet.gob.do/wp-content/uploads/2025/03/temperaturas-extremas-y-precipitaciones-2025x03x30-a.pdf
2025-03-30,055,BOCA DE MAO (EMA),VALVERDE,MINISTERIO DE AGRICULTURA,EMAP,,,0.0,https://indomet.gob.do/wp-content/uploads/2025/03/temperaturas-extremas-y-precipitaciones-2025x03x30-a.pdf
2025-03-30,056,BOHECHÍO,SAN JUAN,MINISTERIO DE AGRICULTURA,EMCV,,,0.0,https://indomet.gob.do/wp-content/uploads/2025/03/temperaturas-extremas-y-precipitaciones-2025x03x30-a.pdf
2025-03-30,057,DAJABÓN,DAJABÓN,INSTITUTO POLITÉCNICO LOYOLA,EMCO,34.6,20.1,0.0,https://indomet.gob.do/wp-content/uploads/2025/03/temperaturas-extremas-y-precipitaciones-2025x03x30-a.pdf
2025-03-30,058,GASPAR HERNÁNDEZ,ESPAILLAT,PROPIEDAD DEL EMPLEADO,EMCO,,,0.0,https://indomet.gob.do/wp-content/uploads/2025/03/temperaturas-extremas-y-precipitaciones-2025x03x30-a.pdf
2025-03-30,059,JIMANÍ,INDEPENDENCIA,MINISTERIO DE AGRICULTURA,EMCO,35.5,23.5,0.0,https://indomet.gob.do/wp-content/uploads/2025/03/temperaturas-extremas-y-precipitaciones-2025x03x30-a.pdf
2025-03-30,060,LAS CANAS (EMA),MONTE CRISTI,PROGRAMA MUNDIAL DE ALIMENTO,EMAP,28.7,22.1,0.0,https://indomet.gob.do/wp-content/uploads/2025/03/temperaturas-extremas-y-precipitaciones-2025x03x30-a.pdf
2025-03-30,061,LAS MATAS DE SANTA CRUZ (EMA,MONTE CRISTI,PROGRAMA MUNDIAL DE ALIMENTO,EMAP,34.1,22.4,0.0,https://indomet.gob.do/wp-content/uploads/2025/03/temperaturas-extremas-y-precipitaciones-2025x03x30-a.pdf
2025-03-30,062,MAO,VALVERDE,INDRHI / MINISTERIO DE AGRICULTURA,EMCV,,,0.0,https://indomet.gob.do/wp-content/uploads/2025/03/temperaturas-extremas-y-precipitaciones-2025x03x30-a.pdf
2025-03-30,063,MONCIÓN (EMA),SANTIAGO RODRÍGUEZ,PROGRAMA MUNDIAL DE ALIMENTO,EMAP,31.3,17.8,0.0,https://indomet.gob.do/wp-content/uploads/2025/03/temperaturas-extremas-y-precipitaciones-2025x03x30-a.pdf
2025-03-30,064,MONTE CRISTI,MONTE CRISTI,ONAMET,EMCO,33.8,23.0,0.0,https://indomet.gob.do/wp-content/uploads/2025/03/temperaturas-extremas-y-precipitaciones-2025x03x30-a.pdf
2025-03-30,065,OLIVARES,PEDERNALES,INDRHI,EMCO,,,0.0,https://indomet.gob.do/wp-content/uploads/2025/03/temperaturas-extremas-y-precipitaciones-2025x03x30-a.pdf
2025-03-30,066,PADRE LAS CASAS,AZUA,HOSP. NTRA. SRA. DEL CARMEN,EMCO,33.0,17.3,0.0,https://indomet.gob.do/wp-content/uploads/2025/03/temperaturas-extremas-y-precipitaciones-2025x03x30-a.pdf
2025-03-30,067,PALO ÍNDIO,PUERTO PLATA,MINISTERIO DE AGRICULTURA,EMCO,,,0.0,https://indomet.gob.do/wp-content/uploads/2025/03/temperaturas-extremas-y-precipitaciones-2025x03x30-a.pdf
2025-03-30,068,PEDERNALES,PEDERNALES,INDRHI,EMCO,,,0.0,https://indomet.gob.do/wp-content/uploads/2025/03/temperaturas-extremas-y-precipitaciones-2025x03x30-a.pdf
2025-03-30,069,PERALTA,AZUA,HOSP. MPAL. DE PERALTA,EMCO,34.0,16.5,0.0,https://indomet.gob.do/wp-content/uploads/2025/03/temperaturas-extremas-y-precipitaciones-2025x03x30-a.pdf
2025-03-30,070,PONTÓN ABAJO (EMA),LA VEGA,MINISTERIO DE AGRICULTURA,EMAP,31.5,21.7,0.0,https://indomet.gob.do/wp-content/uploads/2025/03/temperaturas-extremas-y-precipitaciones-2025x03x30-a.pdf
2025-03-30,071,PRESA DE TAVERAS (EMA),LA VEGA,PROGRAMA MUNDIAL DE ALIMENTO,EMAP,28.6,19.7,0.0,https://indomet.gob.do/wp-content/uploads/2025/03/temperaturas-extremas-y-precipitaciones-2025x03x30-a.pdf
2025-03-30,072,RESTAURACIÓN,DAJABÓN,MINISTERIO DE AGRICULTURA,EMCO,22.1,14.9,0.0,https://indomet.gob.do/wp-content/uploads/2025/03/temperaturas-extremas-y-precipitaciones-2025x03x30-a.pdf
2025-03-30,073,SABANA DE LA MAR,HATO MAYOR,ONAMET,EMCO,30.0,20.5,0.0,https://indomet.gob.do/wp-content/uploads/2025/03/temperaturas-extremas-y-precipitaciones-2025x03x30-a.pdf
2025-03-30,074,SABANETA (EMA),SANTIAGO RODRÍGUEZ,PROGRAMA MUNDIAL DE ALIMENTO,EMAP,35.4,20.9,0.0,https://indomet.gob.do/wp-content/uploads/2025/03/temperaturas-extremas-y-precipitaciones-2025x03x30-a.pdf
2025-03-30,075,SANTIAGO RODRÍGUEZ,SANTIAGO RODRÍGUEZ,ONAMET,EMCO,35.2,21.6,0.0,https://indomet.gob.do/wp-content/uploads/2025/03/temperaturas-extremas-y-precipitaciones-2025x03x30-a.pdf
2025-03-30,076,TÁBARA ABAJO,AZUA,INDRHI,EMCO,34.5,20.0,0.0,https://indomet.gob.do/wp-content/uploads/2025/03/temperaturas-extremas-y-precipitaciones-2025x03x30-a.pdf
2025-03-30,077,TAMBORIL,SANTIAGO,MINISTERIO DE AGRICULTURA,EMCV,,,0.0,https://indomet.gob.do/wp-content/uploads/2025/03/temperaturas-extremas-y-precipitaciones-2025x03x30-a.pdf
2025-03-30,078,VILLA GONZALES,SANTIAGO,MINISTERIO DE AGRICULTURA,EMCO,,,0.0,https://indomet.gob.do/wp-content/uploads/2025/03/temperaturas-extremas-y-precipitaciones-2025x03x30-a.pdf
2025-03-30,079,VILLA ISABELA,PUERTO PLATA,MINISTERIO DE AGRICULTURA,EMCV,,,0.0,https://indomet.gob.do/wp-content/uploads/2025/03/temperaturas-extremas-y-precipitaciones-2025x03x30-a.pdf
2025-03-31,001,RÍO SAN JUAN,MARÍA TRINIDAD SÁNCHEZ,HOSP. MPAL. DR. DESIDERIO ACOSTA,EMCV,31.0,21.7,14.0,https://indomet.gob.do/wp-content/uploads/2025/04/temperaturas-extremas-y-precipitaciones-2025x03x31-a.pdf
2025-03-31,002,POLO,BARAHONA,INDOCAFE,EMCO,26.5,18.5,13.2,https://indomet.gob.do/wp-content/uploads/2025/04/temperaturas-extremas-y-precipitaciones-2025x03x31-a.pdf
2025-03-31,003,OVIEDO,PEDERNALES,CLÍNICA RURAL OVIEDO,EMCO,29.5,21.5,5.0,https://indomet.gob.do/wp-content/uploads/2025/04/temperaturas-extremas-y-precipitaciones-2025x03x31-a.pdf
2025-03-31,004,ARPT. EL CATEY,SAMANÁ,ONAMET,EMCO,31.0,19.5,4.6,https://indomet.gob.do/wp-content/uploads/2025/04/temperaturas-extremas-y-precipitaciones-2025x03x31-a.pdf
2025-03-31,005,VILLA ALTAGRACIA,SAN CRISTÓBAL,ESCUELA JAVIER ANGULO GURIDI,EMCO,,,3.9,https://indomet.gob.do/wp-content/uploads/2025/04/temperaturas-extremas-y-precipitaciones-2025x03x31-a.pdf
2025-03-31,006,CABRERA,MARÍA TRINIDAD SÁNCHEZ,ESCUELA ARÍSTIDES FIALLO CABRAL,EMCO,31.0,23.0,3.2,https://indomet.gob.do/wp-content/uploads/2025/04/temperaturas-extremas-y-precipitaciones-2025x03x31-a.pdf
2025-03-31,007,RESTAURACIÓN,DAJABÓN,MINISTERIO DE AGRICULTURA,EMCO,20.8,15.3,3.1,https://indomet.gob.do/wp-content/uploads/2025/04/temperaturas-extremas-y-precipitaciones-2025x03x31-a.pdf
2025-03-31,008,ARPT. DE PUNTA CANA,LA ALTAGRACIA,ONAMET,EMCO,30.4,24.3,2.1,https://indomet.gob.do/wp-content/uploads/2025/04/temperaturas-extremas-y-precipitaciones-2025x03x31-a.pdf
2025-03-31,009,LOS TRES CHARCOS (EMA),PEDERNALES,PROPIEDAD DEL VOLUNTARIO,EMAP,29.8,22.4,2.0,https://indomet.gob.do/wp-content/uploads/2025/04/temperaturas-extremas-y-precipitaciones-2025x03x31-a.pdf
2025-03-31,010,EL FACTOR (EMA),MARÍA TRINIDAD SÁNCHEZ,INTEC,EMAP,31.7,21.7,1.8,https://indomet.gob.do/wp-content/uploads/2025/04/temperaturas-extremas-y-precipitaciones-2025x03x31-a.pdf
2025-03-31,011,ARPT. ARROYO BARRIL,SAMANÁ,ONAMET,EMCO,30.0,21.5,1.6,https://indomet.gob.do/wp-content/uploads/2025/04/temperaturas-extremas-y-precipitaciones-2025x03x31-a.pdf
2025-03-31,012,SAMANÁ,SAMANÁ,COMANDANCIA DE PUERTO DE SAMANÁ,EMCO,30.9,21.5,1.4,https://indomet.gob.do/wp-content/uploads/2025/04/temperaturas-extremas-y-precipitaciones-2025x03x31-a.pdf
2025-03-31,013,BOHECHÍO,SAN JUAN,MINISTERIO DE AGRICULTURA,EMCV,,,1.2,https://indomet.gob.do/wp-content/uploads/2025/04/temperaturas-extremas-y-precipitaciones-2025x03x31-a.pdf
2025-03-31,014,BONAO,MONSEÑOR NOUEL,MINISTERIO DE AGRICULTURA,EMCV,,,1.0,https://indomet.gob.do/wp-content/uploads/2025/04/temperaturas-extremas-y-precipitaciones-2025x03x31-a.pdf
2025-03-31,015,JUMA BEJUCAL,MONSEÑOR NOUEL,IDIAF,EMCV,31.4,20.6,0.8,https://indomet.gob.do/wp-content/uploads/2025/04/temperaturas-extremas-y-precipitaciones-2025x03x31-a.pdf
2025-03-31,016,SAN RAFAEL DEL YUMA,LA ALTAGRACIA,MINISTERIO DE AGRICULTURA,EMCO,30.8,20.6,0.7,https://indomet.gob.do/wp-content/uploads/2025/04/temperaturas-extremas-y-precipitaciones-2025x03x31-a.pdf
2025-03-31,017,CABRAL,BARAHONA,MINISTERIO DE AGRICULTURA,EMCV,32.5,23.2,0.6,https://indomet.gob.do/wp-content/uploads/2025/04/temperaturas-extremas-y-precipitaciones-2025x03x31-a.pdf
2025-03-31,018,RANCHO ARRIBA,SAN JOSÉ DE OCOA,CENTRO TECNOLÓGICO COMUNITARIO,EMCO,28.7,18.2,0.6,https://indomet.gob.do/wp-content/uploads/2025/04/temperaturas-extremas-y-precipitaciones-2025x03x31-a.pdf
2025-03-31,019,LA VEGA,LA VEGA,IATESA,EMCO,31.5,21.0,0.3,https://indomet.gob.do/wp-content/uploads/2025/04/temperaturas-extremas-y-precipitaciones-2025x03x31-a.pdf
2025-03-31,020,CENTRO DE LOS HEROES (EMA),DISTRITO NACIONAL,MINISTERIO DE ENERGIA Y MINA,EMAP,29.9,24.3,0.2,https://indomet.gob.do/wp-content/uploads/2025/04/temperaturas-extremas-y-precipitaciones-2025x03x31-a.pdf
2025-03-31,021,ARPT. MARÍA MONTEZ,BARAHONA,ONAMET,EMCO,32.0,22.0,0.2,https://indomet.gob.do/wp-content/uploads/2025/04/temperaturas-extremas-y-precipitaciones-2025x03x31-a.pdf
2025-03-31,022,PESCADERIA (EMA),BARAHONA,MINISTERIO DE AGRICULTURA,EMAP,31.6,25.3,0.2,https://indomet.gob.do/wp-content/uploads/2025/04/temperaturas-extremas-y-precipitaciones-2025x03x31-a.pdf
2025-03-31,023,SÁNCHEZ,SAMANÁ,MINISTERIO DE AGRICULTURA,EMCO,31.2,21.9,0.2,https://indomet.gob.do/wp-content/uploads/2025/04/temperaturas-extremas-y-precipitaciones-2025x03x31-a.pdf
2025-03-31,024,VALLE NUEVO (EMA),LA VEGA,MARENA,EMAO,17.6,8.2,0.2,https://indomet.gob.do/wp-content/uploads/2025/04/temperaturas-extremas-y-precipitaciones-2025x03x31-a.pdf
2025-03-31,025,ARPT. DEL CIBAO,SANTIAGO,ONAMET,EMCO,31.5,20.5,0.1,https://indomet.gob.do/wp-content/uploads/2025/04/temperaturas-extremas-y-precipitaciones-2025x03x31-a.pdf
2025-03-31,026,BAYAGUANA,MONTE PLATA,ONAMET,EMCO,32.0,19.5,0.1,https://indomet.gob.do/wp-content/uploads/2025/04/temperaturas-extremas-y-precipitaciones-2025x03x31-a.pdf
2025-03-31,027,ENRIQUILLO,BARAHONA,MINISTERIO DE AGRICULTURA,EMCV,30.5,23.8,0.1,https://indomet.gob.do/wp-content/uploads/2025/04/temperaturas-extremas-y-precipitaciones-2025x03x31-a.pdf
2025-03-31,028,HONDO VALLE,ELÍAS PIÑA,MINISTERIO DE AGRICULTURA,EMCO,26.4,16.7,0.1,https://indomet.gob.do/wp-content/uploads/2025/04/temperaturas-extremas-y-precipitaciones-2025x03x31-a.pdf
2025-03-31,029,JARABACOA,LA VEGA,INDRHI / MARENA,EMCO,29.8,17.0,0.1,https://indomet.gob.do/wp-content/uploads/2025/04/temperaturas-extremas-y-precipitaciones-2025x03x31-a.pdf
2025-03-31,030,SABANA GRANDE DE BOYÁ,MONTE PLATA,MINISTERIO DE AGRICULTURA,EMCV,,,0.1,https://indomet.gob.do/wp-content/uploads/2025/04/temperaturas-extremas-y-precipitaciones-2025x03x31-a.pdf
2025-03-31,031,JARDÍN BOTÁNICO NACIONAL,DISTRITO NACIONAL,JARDÍN BOTÁNICO NACIONAL,EMCV,31.2,21.4,0.1,https://indomet.gob.do/wp-content/uploads/2025/04/temperaturas-extremas-y-precipitaciones-2025x03x31-a.pdf
2025-03-31,032,ANAMUYA (EMA),LA ALTAGRACIA,MINISTERIO DE AGRICULTURA,EMAP,30.5,22.6,0.0,https://indomet.gob.do/wp-content/uploads/2025/04/temperaturas-extremas-y-precipitaciones-2025x03x31-a.pdf
2025-03-31,033,ALTAMIRA,PUERTO PLATA,HOSP. MPAL. DE ALTAMIRA,EMCO,32.9,19.4,0.0,https://indomet.gob.do/wp-content/uploads/2025/04/temperaturas-extremas-y-precipitaciones-2025x03x31-a.pdf
2025-03-31,034,ARPT. DE LA ROMANA,LA ROMANA,ONAMET,EMCO,31.1,20.5,0.0,https://indomet.gob.do/wp-content/uploads/2025/04/temperaturas-extremas-y-precipitaciones-2025x03x31-a.pdf
2025-03-31,035,ARPT. DE LAS AMÉRICAS,SANTO DOMINGO,ONAMET,EMCO,31.0,21.0,0.0,https://indomet.gob.do/wp-content/uploads/2025/04/temperaturas-extremas-y-precipitaciones-2025x03x31-a.pdf
2025-03-31,036,ARPT. GREGORIO LUPERÓN,PUERTO PLATA,ONAMET,EMCO,31.2,20.8,0.0,https://indomet.gob.do/wp-content/uploads/2025/04/temperaturas-extremas-y-precipitaciones-2025x03x31-a.pdf
2025-03-31,037,ARPT. LA ISABELA,SANTO DOMINGO,ONAMET,EMCO,31.5,19.0,0.0,https://indomet.gob.do/wp-content/uploads/2025/04/temperaturas-extremas-y-precipitaciones-2025x03x31-a.pdf
2025-03-31,038,ARROYO LORO,SAN JUAN,IDIAF,EMCO,33.4,16.0,0.0,https://indomet.gob.do/wp-content/uploads/2025/04/temperaturas-extremas-y-precipitaciones-2025x03x31-a.pdf
2025-03-31,039,BOCA DE MAO (EMA),VALVERDE,MINISTERIO DE AGRICULTURA,EMAP,34.3,21.8,0.0,https://indomet.gob.do/wp-content/uploads/2025/04/temperaturas-extremas-y-precipitaciones-2025x03x31-a.pdf
2025-03-31,040,CONSTANZA,LA VEGA,MINISTERIO DE AGRICULTURA,EMCO,24.2,13.0,0.0,https://indomet.gob.do/wp-content/uploads/2025/04/temperaturas-extremas-y-precipitaciones-2025x03x31-a.pdf
2025-03-31,041,DAJABÓN,DAJABÓN,INSTITUTO POLITÉCNICO LOYOLA,EMCO,33.7,19.5,0.0,https://indomet.gob.do/wp-content/uploads/2025/04/temperaturas-extremas-y-precipitaciones-2025x03x31-a.pdf
2025-03-31,042,EL CERCADO,SAN JUAN,MINISTERIO DE AGRICULTURA,EMCV,,,0.0,https://indomet.gob.do/wp-content/uploads/2025/04/temperaturas-extremas-y-precipitaciones-2025x03x31-a.pdf
2025-03-31,043,ELÍAS PIÑA,ELÍAS PIÑA,MINISTERIO DE AGRICULTURA,EMCV,,,0.0,https://indomet.gob.do/wp-content/uploads/2025/04/temperaturas-extremas-y-precipitaciones-2025x03x31-a.pdf
2025-03-31,044,ESCONDIDO,PERAVIA,MINISTERIO DE AGRICULTURA,EMCV,31.0,24.0,0.0,https://indomet.gob.do/wp-content/uploads/2025/04/temperaturas-extremas-y-precipitaciones-2025x03x31-a.pdf
2025-03-31,045,GASPAR HERNÁNDEZ,ESPAILLAT,PROPIEDAD DEL EMPLEADO,EMCO,,,0.0,https://indomet.gob.do/wp-content/uploads/2025/04/temperaturas-extremas-y-precipitaciones-2025x03x31-a.pdf
2025-03-31,046,GURABO,SANTIAGO,MINISTERIO DE AGRICULTURA,EMCV,,,0.0,https://indomet.gob.do/wp-content/uploads/2025/04/temperaturas-extremas-y-precipitaciones-2025x03x31-a.pdf
2025-03-31,047,HATO MAYOR,HATO MAYOR,MINISTERIO DE AGRICULTURA,EMCV,,,0.0,https://indomet.gob.do/wp-content/uploads/2025/04/temperaturas-extremas-y-precipitaciones-2025x03x31-a.pdf
2025-03-31,048,JARABACOA (EMA),LA VEGA,PROGRAMA MUNDIAL DE ALIMENTO,EMAP,29.4,17.4,0.0,https://indomet.gob.do/wp-content/uploads/2025/04/temperaturas-extremas-y-precipitaciones-2025x03x31-a.pdf
2025-03-31,049,JIMANÍ,INDEPENDENCIA,MINISTERIO DE AGRICULTURA,EMCO,34.6,23.8,0.0,https://indomet.gob.do/wp-content/uploads/2025/04/temperaturas-extremas-y-precipitaciones-2025x03x31-a.pdf
2025-03-31,050,LA VICTORIA,SANTO DOMINGO,CUERPO DE BOMBEROS,EMCO,31.5,21.0,0.0,https://indomet.gob.do/wp-content/uploads/2025/04/temperaturas-extremas-y-precipitaciones-2025x03x31-a.pdf
2025-03-31,051,LAS CANAS (EMA),MONTE CRISTI,PROGRAMA MUNDIAL DE ALIMENTO,EMAP,28.6,22.7,0.0,https://indomet.gob.do/wp-content/uploads/2025/04/temperaturas-extremas-y-precipitaciones-2025x03x31-a.pdf
2025-03-31,052,LAS MATAS DE SANTA CRUZ (EMA,MONTE CRISTI,PROGRAMA MUNDIAL DE ALIMENTO,EMAP,,,0.0,https://indomet.gob.do/wp-content/uploads/2025/04/temperaturas-extremas-y-precipitaciones-2025x03x31-a.pdf
2025-03-31,053,LOS JENGIBRES,NAGUA,INDRHI,EMCO,,,0.0,https://indomet.gob.do/wp-content/uploads/2025/04/temperaturas-extremas-y-precipitaciones-2025x03x31-a.pdf
2025-03-31,054,LOS LLANOS,SAN PEDRO DE MACORÍS,MINISTERIO DE AGRICULTURA,EMCO,32.4,20.2,0.0,https://indomet.gob.do/wp-content/uploads/2025/04/temperaturas-extremas-y-precipitaciones-2025x03x31-a.pdf
2025-03-31,055,LUPERÓN,PUERTO PLATA,MINISTERIO DE AGRICULTURA,EMCV,,,0.0,https://indomet.gob.do/wp-content/uploads/2025/04/temperaturas-extremas-y-precipitaciones-2025x03x31-a.pdf
2025-03-31,056,MAO,VALVERDE,INDRHI / MINISTERIO DE AGRICULTURA,EMCV,,,0.0,https://indomet.gob.do/wp-content/uploads/2025/04/temperaturas-extremas-y-precipitaciones-2025x03x31-a.pdf
2025-03-31,057,MONCIÓN (EMA),SANTIAGO RODRÍGUEZ,PROGRAMA MUNDIAL DE ALIMENTO,EMAP,31.2,18.4,0.0,https://indomet.gob.do/wp-content/uploads/2025/04/temperaturas-extremas-y-precipitaciones-2025x03x31-a.pdf
2025-03-31,058,MONTE CRISTI,MONTE CRISTI,ONAMET,EMCO,34.0,22.0,0.0,https://indomet.gob.do/wp-content/uploads/2025/04/temperaturas-extremas-y-precipitaciones-2025x03x31-a.pdf
2025-03-31,059,NAVARRETE,SANTIAGO,MINISTERIO DE AGRICULTURA,EMCV,,,0.0,https://indomet.gob.do/wp-content/uploads/2025/04/temperaturas-extremas-y-precipitaciones-2025x03x31-a.pdf
2025-03-31,060,OLIVARES,PEDERNALES,INDRHI,EMCO,,,0.0,https://indomet.gob.do/wp-content/uploads/2025/04/temperaturas-extremas-y-precipitaciones-2025x03x31-a.pdf
2025-03-31,061,PADRE LAS CASAS,AZUA,HOSP. NTRA. SRA. DEL CARMEN,EMCO,31.6,17.5,0.0,https://indomet.gob.do/wp-content/uploads/2025/04/temperaturas-extremas-y-precipitaciones-2025x03x31-a.pdf
2025-03-31,062,PALO ÍNDIO,PUERTO PLATA,MINISTERIO DE AGRICULTURA,EMCO,,,0.0,https://indomet.gob.do/wp-content/uploads/2025/04/temperaturas-extremas-y-precipitaciones-2025x03x31-a.pdf
2025-03-31,063,PASO AL MEDIO,SAN PEDRO DE MACORÍS,INDRHI,EMCO,,,0.0,https://indomet.gob.do/wp-content/uploads/2025/04/temperaturas-extremas-y-precipitaciones-2025x03x31-a.pdf
2025-03-31,064,PEDERNALES,PEDERNALES,INDRHI,EMCO,,,0.0,https://indomet.gob.do/wp-content/uploads/2025/04/temperaturas-extremas-y-precipitaciones-2025x03x31-a.pdf
2025-03-31,065,PERALTA,AZUA,HOSP. MPAL. DE PERALTA,EMCO,33.0,16.5,0.0,https://indomet.gob.do/wp-content/uploads/2025/04/temperaturas-extremas-y-precipitaciones-2025x03x31-a.pdf
2025-03-31,066,PONTÓN ABAJO (EMA),LA VEGA,MINISTERIO DE AGRICULTURA,EMAP,31.9,21.3,0.0,https://indomet.gob.do/wp-content/uploads/2025/04/temperaturas-extremas-y-precipitaciones-2025x03x31-a.pdf
2025-03-31,067,PRESA DE TAVERAS (EMA),LA VEGA,PROGRAMA MUNDIAL DE ALIMENTO,EMAP,28.9,20.3,0.0,https://indomet.gob.do/wp-content/uploads/2025/04/temperaturas-extremas-y-precipitaciones-2025x03x31-a.pdf
2025-03-31,068,SABANA DE LA MAR,HATO MAYOR,ONAMET,EMCO,30.0,20.0,0.0,https://indomet.gob.do/wp-content/uploads/2025/04/temperaturas-extremas-y-precipitaciones-2025x03x31-a.pdf
2025-03-31,069,SABANETA (EMA),SANTIAGO RODRÍGUEZ,PROGRAMA MUNDIAL DE ALIMENTO,EMAP,34.6,21.1,0.0,https://indomet.gob.do/wp-content/uploads/2025/04/temperaturas-extremas-y-precipitaciones-2025x03x31-a.pdf
2025-03-31,070,SALCEDO,HERMANAS MIRABAL,PROPIEDAD DEL EMPLEADO,EMCO,,,0.0,https://indomet.gob.do/wp-content/uploads/2025/04/temperaturas-extremas-y-precipitaciones-2025x03x31-a.pdf
2025-03-31,071,SAN CRISTÓBAL,SAN CRISTÓBAL,INSTITUTO POLITÉCNICO LOYOLA,EMCO,32.0,24.2,0.0,https://indomet.gob.do/wp-content/uploads/2025/04/temperaturas-extremas-y-precipitaciones-2025x03x31-a.pdf
2025-03-31,072,SAN FRANCISCO DE MACORÍS,DUARTE,San Francisco de Macorís (UASD),EMCO,29.3,22.3,0.0,https://indomet.gob.do/wp-content/uploads/2025/04/temperaturas-extremas-y-precipitaciones-2025x03x31-a.pdf
2025-03-31,073,SANTIAGO RODRÍGUEZ,SANTIAGO RODRÍGUEZ,ONAMET,EMCO,35.0,21.0,0.0,https://indomet.gob.do/wp-content/uploads/2025/04/temperaturas-extremas-y-precipitaciones-2025x03x31-a.pdf
2025-03-31,074,SANTO DOMINGO ESTE,SANTO DOMINGO,ONAMET,EMCO,31.0,22.0,0.0,https://indomet.gob.do/wp-content/uploads/2025/04/temperaturas-extremas-y-precipitaciones-2025x03x31-a.pdf
2025-03-31,075,TÁBARA ABAJO,AZUA,INDRHI,EMCO,33.6,20.0,0.0,https://indomet.gob.do/wp-content/uploads/2025/04/temperaturas-extremas-y-precipitaciones-2025x03x31-a.pdf
2025-03-31,076,TAVERA,SANTIAGO,INDRHI,EMCO,,,0.0,https://indomet.gob.do/wp-content/uploads/2025/04/temperaturas-extremas-y-precipitaciones-2025x03x31-a.pdf
2025-03-31,077,VILLA GONZALES,SANTIAGO,MINISTERIO DE AGRICULTURA,EMCO,,,0.0,https://indomet.gob.do/wp-content/uploads/2025/04/temperaturas-extremas-y-precipitaciones-2025x03x31-a.pdf
2025-03-31,078,VILLA ISABELA,PUERTO PLATA,MINISTERIO DE AGRICULTURA,EMCV,,,0.0,https://indomet.gob.do/wp-content/uploads/2025/04/temperaturas-extremas-y-precipitaciones-2025x03x31-a.pdf
2025-03-31,079,VILLA RIVA,DUARTE,HOSP. MPAL. ALICIA DE LEGENDRE,EMCO,32.0,21.0,0.0,https://indomet.gob.do/wp-content/uploads/2025/04/temperaturas-extremas-y-precipitaciones-2025x03x31-a.pdf
2025-03-31,080,ALTO BANDERA (EMA),LA VEGA,INTEC,EMAP,14.7,6.2,0.0,https://indomet.gob.do/wp-content/uploads/2025/04/temperaturas-extremas-y-precipitaciones-2025x03x31-a.pdf
2025-03-31,081,CONSTANZA (EMA),LA VEGA,PROGRAMA MUNDIAL DE ALIMENTO,EMAP,23.9,12.8,0.0,https://indomet.gob.do/wp-content/uploads/2025/04/temperaturas-extremas-y-precipitaciones-2025x03x31-a.pdf
2025-04-01,001,DAJABÓN,DAJABÓN,INSTITUTO POLITÉCNICO LOYOLA,EMCO,32.4,19.3,47.3,https://indomet.gob.do/wp-content/uploads/2025/04/temperaturas-extremas-y-precipitaciones-2025x04x01-a.pdf
2025-04-01,002,LAS MATAS DE SANTA CRUZ,MONTE CRISTI,INDRHI,EMCV,,,18.0,https://indomet.gob.do/wp-content/uploads/2025/04/temperaturas-extremas-y-precipitaciones-2025x04x01-a.pdf
2025-04-01,003,SABANA GRANDE DE BOYÁ,MONTE PLATA,MINISTERIO DE AGRICULTURA,EMCV,,,12.9,https://indomet.gob.do/wp-content/uploads/2025/04/temperaturas-extremas-y-precipitaciones-2025x04x01-a.pdf
2025-04-01,004,PADRE LAS CASAS,AZUA,HOSP. NTRA. SRA. DEL CARMEN,EMCO,31.0,17.5,12.2,https://indomet.gob.do/wp-content/uploads/2025/04/temperaturas-extremas-y-precipitaciones-2025x04x01-a.pdf
2025-04-01,005,ENRIQUILLO,BARAHONA,MINISTERIO DE AGRICULTURA,EMCV,29.5,23.5,10.2,https://indomet.gob.do/wp-content/uploads/2025/04/temperaturas-extremas-y-precipitaciones-2025x04x01-a.pdf
2025-04-01,006,JARABACOA,LA VEGA,INDRHI / MARENA,EMCO,31.0,20.0,9.6,https://indomet.gob.do/wp-content/uploads/2025/04/temperaturas-extremas-y-precipitaciones-2025x04x01-a.pdf
2025-04-01,007,POLO,BARAHONA,INDOCAFE,EMCO,26.0,16.8,9.6,https://indomet.gob.do/wp-content/uploads/2025/04/temperaturas-extremas-y-precipitaciones-2025x04x01-a.pdf
2025-04-01,008,VILLA RIVA,DUARTE,HOSP. MPAL. ALICIA DE LEGENDRE,EMCO,31.0,20.0,9.6,https://indomet.gob.do/wp-content/uploads/2025/04/temperaturas-extremas-y-precipitaciones-2025x04x01-a.pdf
2025-04-01,009,SALCEDO,HERMANAS MIRABAL,PROPIEDAD DEL EMPLEADO,EMCO,,,8.3,https://indomet.gob.do/wp-content/uploads/2025/04/temperaturas-extremas-y-precipitaciones-2025x04x01-a.pdf
2025-04-01,010,ARPT. DE LA ROMANA,LA ROMANA,ONAMET,EMCO,31.7,20.7,7.0,https://indomet.gob.do/wp-content/uploads/2025/04/temperaturas-extremas-y-precipitaciones-2025x04x01-a.pdf
2025-04-01,011,LOS LLANOS,SAN PEDRO DE MACORÍS,MINISTERIO DE AGRICULTURA,EMCO,31.6,20.8,5.8,https://indomet.gob.do/wp-content/uploads/2025/04/temperaturas-extremas-y-precipitaciones-2025x04x01-a.pdf
2025-04-01,012,OVIEDO,PEDERNALES,CLÍNICA RURAL OVIEDO,EMCO,29.5,21.5,5.0,https://indomet.gob.do/wp-content/uploads/2025/04/temperaturas-extremas-y-precipitaciones-2025x04x01-a.pdf
2025-04-01,013,ARPT. DE PUNTA CANA,LA ALTAGRACIA,ONAMET,EMCO,30.4,22.4,4.6,https://indomet.gob.do/wp-content/uploads/2025/04/temperaturas-extremas-y-precipitaciones-2025x04x01-a.pdf
2025-04-01,014,BAYAGUANA,MONTE PLATA,ONAMET,EMCO,31.5,19.5,4.1,https://indomet.gob.do/wp-content/uploads/2025/04/temperaturas-extremas-y-precipitaciones-2025x04x01-a.pdf
2025-04-01,015,LOS TRES CHARCOS (EMA),PEDERNALES,PROPIEDAD DEL VOLUNTARIO,EMAP,28.9,23.0,4.0,https://indomet.gob.do/wp-content/uploads/2025/04/temperaturas-extremas-y-precipitaciones-2025x04x01-a.pdf
2025-04-01,016,ANAMUYA (EMA),LA ALTAGRACIA,MINISTERIO DE AGRICULTURA,EMAP,32.0,22.4,3.6,https://indomet.gob.do/wp-content/uploads/2025/04/temperaturas-extremas-y-precipitaciones-2025x04x01-a.pdf
2025-04-01,017,LA VEGA,LA VEGA,IATESA,EMCO,32.0,22.0,3.3,https://indomet.gob.do/wp-content/uploads/2025/04/temperaturas-extremas-y-precipitaciones-2025x04x01-a.pdf
2025-04-01,018,SAN RAFAEL DEL YUMA,LA ALTAGRACIA,MINISTERIO DE AGRICULTURA,EMCO,31.7,21.3,2.8,https://indomet.gob.do/wp-content/uploads/2025/04/temperaturas-extremas-y-precipitaciones-2025x04x01-a.pdf
2025-04-01,019,JUMA BEJUCAL,MONSEÑOR NOUEL,IDIAF,EMCV,30.0,20.8,2.3,https://indomet.gob.do/wp-content/uploads/2025/04/temperaturas-extremas-y-precipitaciones-2025x04x01-a.pdf
2025-04-01,020,BONAO,MONSEÑOR NOUEL,MINISTERIO DE AGRICULTURA,EMCV,,,1.8,https://indomet.gob.do/wp-content/uploads/2025/04/temperaturas-extremas-y-precipitaciones-2025x04x01-a.pdf
2025-04-01,021,SABANA DE LA MAR,HATO MAYOR,ONAMET,EMCO,30.0,22.5,1.7,https://indomet.gob.do/wp-content/uploads/2025/04/temperaturas-extremas-y-precipitaciones-2025x04x01-a.pdf
2025-04-01,022,ESCONDIDO,PERAVIA,MINISTERIO DE AGRICULTURA,EMCV,30.0,24.0,1.3,https://indomet.gob.do/wp-content/uploads/2025/04/temperaturas-extremas-y-precipitaciones-2025x04x01-a.pdf
2025-04-01,023,RESTAURACIÓN,DAJABÓN,MINISTERIO DE AGRICULTURA,EMCO,18.4,16.6,1.2,https://indomet.gob.do/wp-content/uploads/2025/04/temperaturas-extremas-y-precipitaciones-2025x04x01-a.pdf
2025-04-01,024,RÍO SAN JUAN,MARÍA TRINIDAD SÁNCHEZ,HOSP. MPAL. DR. DESIDERIO ACOSTA,EMCV,32.6,22.9,1.0,https://indomet.gob.do/wp-content/uploads/2025/04/temperaturas-extremas-y-precipitaciones-2025x04x01-a.pdf
2025-04-01,025,BOHECHÍO,SAN JUAN,MINISTERIO DE AGRICULTURA,EMCV,,,1.0,https://indomet.gob.do/wp-content/uploads/2025/04/temperaturas-extremas-y-precipitaciones-2025x04x01-a.pdf
2025-04-01,026,ALTO BANDERA (EMA),LA VEGA,INTEC,EMAP,13.2,3.3,0.8,https://indomet.gob.do/wp-content/uploads/2025/04/temperaturas-extremas-y-precipitaciones-2025x04x01-a.pdf
2025-04-01,027,CABRERA,MARÍA TRINIDAD SÁNCHEZ,ESCUELA ARÍSTIDES FIALLO CABRAL,EMCO,31.5,24.5,0.8,https://indomet.gob.do/wp-content/uploads/2025/04/temperaturas-extremas-y-precipitaciones-2025x04x01-a.pdf
2025-04-01,028,JARABACOA (EMA),LA VEGA,PROGRAMA MUNDIAL DE ALIMENTO,EMAP,29.5,17.4,0.4,https://indomet.gob.do/wp-content/uploads/2025/04/temperaturas-extremas-y-precipitaciones-2025x04x01-a.pdf
2025-04-01,029,RANCHO ARRIBA,SAN JOSÉ DE OCOA,CENTRO TECNOLÓGICO COMUNITARIO,EMCO,28.0,17.9,0.4,https://indomet.gob.do/wp-content/uploads/2025/04/temperaturas-extremas-y-precipitaciones-2025x04x01-a.pdf
2025-04-01,030,SAMANÁ,SAMANÁ,COMANDANCIA DE PUERTO DE SAMANÁ,EMCO,31.7,22.5,0.4,https://indomet.gob.do/wp-content/uploads/2025/04/temperaturas-extremas-y-precipitaciones-2025x04x01-a.pdf
2025-04-01,031,SAN JOSÉ DE OCOA,SAN JOSÉ DE OCOA,HOSP. SAN JOSÉ DE OCOA,EMCO,30.4,19.3,0.4,https://indomet.gob.do/wp-content/uploads/2025/04/temperaturas-extremas-y-precipitaciones-2025x04x01-a.pdf
2025-04-01,032,ARPT. MARÍA MONTEZ,BARAHONA,ONAMET,EMCO,31.2,23.0,0.2,https://indomet.gob.do/wp-content/uploads/2025/04/temperaturas-extremas-y-precipitaciones-2025x04x01-a.pdf
2025-04-01,033,CENTRO DE LOS HEROES (EMA),DISTRITO NACIONAL,MINISTERIO DE ENERGIA Y MINA,EMAP,30.6,24.2,0.2,https://indomet.gob.do/wp-content/uploads/2025/04/temperaturas-extremas-y-precipitaciones-2025x04x01-a.pdf
2025-04-01,034,CONSTANZA (EMA),LA VEGA,PROGRAMA MUNDIAL DE ALIMENTO,EMAP,23.9,16.0,0.2,https://indomet.gob.do/wp-content/uploads/2025/04/temperaturas-extremas-y-precipitaciones-2025x04x01-a.pdf
2025-04-01,035,ARROYO LORO,SAN JUAN,IDIAF,EMCO,32.6,17.0,0.1,https://indomet.gob.do/wp-content/uploads/2025/04/temperaturas-extremas-y-precipitaciones-2025x04x01-a.pdf
2025-04-01,036,CABRAL,BARAHONA,MINISTERIO DE AGRICULTURA,EMCV,32.0,21.9,0.1,https://indomet.gob.do/wp-content/uploads/2025/04/temperaturas-extremas-y-precipitaciones-2025x04x01-a.pdf
2025-04-01,037,ALTAMIRA,PUERTO PLATA,HOSP. MPAL. DE ALTAMIRA,EMCO,33.0,18.9,0.0,https://indomet.gob.do/wp-content/uploads/2025/04/temperaturas-extremas-y-precipitaciones-2025x04x01-a.pdf
2025-04-01,038,ARPT. ARROYO BARRIL,SAMANÁ,ONAMET,EMCO,31.2,21.8,0.0,https://indomet.gob.do/wp-content/uploads/2025/04/temperaturas-extremas-y-precipitaciones-2025x04x01-a.pdf
2025-04-01,039,ARPT. DE LAS AMÉRICAS,SANTO DOMINGO,ONAMET,EMCO,32.0,21.3,0.0,https://indomet.gob.do/wp-content/uploads/2025/04/temperaturas-extremas-y-precipitaciones-2025x04x01-a.pdf
2025-04-01,040,ARPT. DEL CIBAO,SANTIAGO,ONAMET,EMCO,32.5,20.5,0.0,https://indomet.gob.do/wp-content/uploads/2025/04/temperaturas-extremas-y-precipitaciones-2025x04x01-a.pdf
2025-04-01,041,ARPT. EL CATEY,SAMANÁ,ONAMET,EMCO,31.2,19.5,0.0,https://indomet.gob.do/wp-content/uploads/2025/04/temperaturas-extremas-y-precipitaciones-2025x04x01-a.pdf
2025-04-01,042,ARPT. GREGORIO LUPERÓN,PUERTO PLATA,ONAMET,EMCO,31.3,22.0,0.0,https://indomet.gob.do/wp-content/uploads/2025/04/temperaturas-extremas-y-precipitaciones-2025x04x01-a.pdf
2025-04-01,043,ARPT. LA ISABELA,SANTO DOMINGO,ONAMET,EMCO,31.0,20.0,0.0,https://indomet.gob.do/wp-content/uploads/2025/04/temperaturas-extremas-y-precipitaciones-2025x04x01-a.pdf
2025-04-01,044,BOCA DE MAO (EMA),VALVERDE,MINISTERIO DE AGRICULTURA,EMAP,35.2,22.6,0.0,https://indomet.gob.do/wp-content/uploads/2025/04/temperaturas-extremas-y-precipitaciones-2025x04x01-a.pdf
2025-04-01,045,CONSTANZA,LA VEGA,MINISTERIO DE AGRICULTURA,EMCO,25.0,15.7,0.0,https://indomet.gob.do/wp-content/uploads/2025/04/temperaturas-extremas-y-precipitaciones-2025x04x01-a.pdf
2025-04-01,046,EL FACTOR (EMA),MARÍA TRINIDAD SÁNCHEZ,INTEC,EMAP,31.2,21.1,0.0,https://indomet.gob.do/wp-content/uploads/2025/04/temperaturas-extremas-y-precipitaciones-2025x04x01-a.pdf
2025-04-01,047,ELÍAS PIÑA,ELÍAS PIÑA,MINISTERIO DE AGRICULTURA,EMCV,,,0.0,https://indomet.gob.do/wp-content/uploads/2025/04/temperaturas-extremas-y-precipitaciones-2025x04x01-a.pdf
2025-04-01,048,GASPAR HERNÁNDEZ,ESPAILLAT,PROPIEDAD DEL EMPLEADO,EMCO,,,0.0,https://indomet.gob.do/wp-content/uploads/2025/04/temperaturas-extremas-y-precipitaciones-2025x04x01-a.pdf
2025-04-01,049,GURABO,SANTIAGO,MINISTERIO DE AGRICULTURA,EMCV,,,0.0,https://indomet.gob.do/wp-content/uploads/2025/04/temperaturas-extremas-y-precipitaciones-2025x04x01-a.pdf
2025-04-01,050,HATO MAYOR,HATO MAYOR,MINISTERIO DE AGRICULTURA,EMCV,,,0.0,https://indomet.gob.do/wp-content/uploads/2025/04/temperaturas-extremas-y-precipitaciones-2025x04x01-a.pdf
2025-04-01,051,JARDÍN BOTÁNICO NACIONAL,DISTRITO NACIONAL,JARDÍN BOTÁNICO NACIONAL,EMCV,30.4,20.7,0.0,https://indomet.gob.do/wp-content/uploads/2025/04/temperaturas-extremas-y-precipitaciones-2025x04x01-a.pdf
2025-04-01,052,JIMANÍ,INDEPENDENCIA,MINISTERIO DE AGRICULTURA,EMCO,34.5,23.8,0.0,https://indomet.gob.do/wp-content/uploads/2025/04/temperaturas-extremas-y-precipitaciones-2025x04x01-a.pdf
2025-04-01,053,LAS CANAS (EMA),MONTE CRISTI,PROGRAMA MUNDIAL DE ALIMENTO,EMAP,29.3,21.6,0.0,https://indomet.gob.do/wp-content/uploads/2025/04/temperaturas-extremas-y-precipitaciones-2025x04x01-a.pdf
2025-04-01,054,LAS MATAS DE SANTA CRUZ (EMA,MONTE CRISTI,PROGRAMA MUNDIAL DE ALIMENTO,EMAP,24.9,23.1,0.0,https://indomet.gob.do/wp-content/uploads/2025/04/temperaturas-extremas-y-precipitaciones-2025x04x01-a.pdf
2025-04-01,055,LOS JENGIBRES,NAGUA,INDRHI,EMCO,,,0.0,https://indomet.gob.do/wp-content/uploads/2025/04/temperaturas-extremas-y-precipitaciones-2025x04x01-a.pdf
2025-04-01,056,MAO,VALVERDE,INDRHI / MINISTERIO DE AGRICULTURA,EMCV,,,0.0,https://indomet.gob.do/wp-content/uploads/2025/04/temperaturas-extremas-y-precipitaciones-2025x04x01-a.pdf
2025-04-01,057,MONCIÓN (EMA),SANTIAGO RODRÍGUEZ,PROGRAMA MUNDIAL DE ALIMENTO,EMAP,31.7,19.8,0.0,https://indomet.gob.do/wp-content/uploads/2025/04/temperaturas-extremas-y-precipitaciones-2025x04x01-a.pdf
2025-04-01,058,MONTE CRISTI,MONTE CRISTI,ONAMET,EMCO,33.5,23.5,0.0,https://indomet.gob.do/wp-content/uploads/2025/04/temperaturas-extremas-y-precipitaciones-2025x04x01-a.pdf
2025-04-01,059,NAVARRETE,SANTIAGO,MINISTERIO DE AGRICULTURA,EMCV,,,0.0,https://indomet.gob.do/wp-content/uploads/2025/04/temperaturas-extremas-y-precipitaciones-2025x04x01-a.pdf
2025-04-01,060,OLIVARES,PEDERNALES,INDRHI,EMCO,,,0.0,https://indomet.gob.do/wp-content/uploads/2025/04/temperaturas-extremas-y-precipitaciones-2025x04x01-a.pdf
2025-04-01,061,PALO ÍNDIO,PUERTO PLATA,MINISTERIO DE AGRICULTURA,EMCO,,,0.0,https://indomet.gob.do/wp-content/uploads/2025/04/temperaturas-extremas-y-precipitaciones-2025x04x01-a.pdf
2025-04-01,062,PASO AL MEDIO,SAN PEDRO DE MACORÍS,INDRHI,EMCO,,,0.0,https://indomet.gob.do/wp-content/uploads/2025/04/temperaturas-extremas-y-precipitaciones-2025x04x01-a.pdf
2025-04-01,063,PEDERNALES,PEDERNALES,INDRHI,EMCO,,,0.0,https://indomet.gob.do/wp-content/uploads/2025/04/temperaturas-extremas-y-precipitaciones-2025x04x01-a.pdf
2025-04-01,064,PERALTA,AZUA,HOSP. MPAL. DE PERALTA,EMCO,32.1,17.0,0.0,https://indomet.gob.do/wp-content/uploads/2025/04/temperaturas-extremas-y-precipitaciones-2025x04x01-a.pdf
2025-04-01,065,PESCADERIA (EMA),BARAHONA,MINISTERIO DE AGRICULTURA,EMAP,31.3,22.2,0.0,https://indomet.gob.do/wp-content/uploads/2025/04/temperaturas-extremas-y-precipitaciones-2025x04x01-a.pdf
2025-04-01,066,PONTÓN ABAJO (EMA),LA VEGA,MINISTERIO DE AGRICULTURA,EMAP,32.6,22.1,0.0,https://indomet.gob.do/wp-content/uploads/2025/04/temperaturas-extremas-y-precipitaciones-2025x04x01-a.pdf
2025-04-01,067,PRESA DE TAVERAS (EMA),LA VEGA,PROGRAMA MUNDIAL DE ALIMENTO,EMAP,29.4,21.1,0.0,https://indomet.gob.do/wp-content/uploads/2025/04/temperaturas-extremas-y-precipitaciones-2025x04x01-a.pdf
2025-04-01,068,SABANETA (EMA),SANTIAGO RODRÍGUEZ,PROGRAMA MUNDIAL DE ALIMENTO,EMAP,35.1,20.8,0.0,https://indomet.gob.do/wp-content/uploads/2025/04/temperaturas-extremas-y-precipitaciones-2025x04x01-a.pdf
2025-04-01,069,SAN CRISTÓBAL,SAN CRISTÓBAL,INSTITUTO POLITÉCNICO LOYOLA,EMCO,30.2,21.2,0.0,https://indomet.gob.do/wp-content/uploads/2025/04/temperaturas-extremas-y-precipitaciones-2025x04x01-a.pdf
2025-04-01,070,SAN FRANCISCO DE MACORÍS,DUARTE,San Francisco de Macorís (UASD),EMCO,31.3,20.0,0.0,https://indomet.gob.do/wp-content/uploads/2025/04/temperaturas-extremas-y-precipitaciones-2025x04x01-a.pdf
2025-04-01,071,SÁNCHEZ,SAMANÁ,MINISTERIO DE AGRICULTURA,EMCO,31.8,24.1,0.0,https://indomet.gob.do/wp-content/uploads/2025/04/temperaturas-extremas-y-precipitaciones-2025x04x01-a.pdf
2025-04-01,072,SANTIAGO RODRÍGUEZ,SANTIAGO RODRÍGUEZ,ONAMET,EMCO,34.6,22.5,0.0,https://indomet.gob.do/wp-content/uploads/2025/04/temperaturas-extremas-y-precipitaciones-2025x04x01-a.pdf
2025-04-01,073,SANTO DOMINGO ESTE,SANTO DOMINGO,ONAMET,EMCO,33.0,23.5,0.0,https://indomet.gob.do/wp-content/uploads/2025/04/temperaturas-extremas-y-precipitaciones-2025x04x01-a.pdf
2025-04-01,074,TÁBARA ABAJO,AZUA,INDRHI,EMCO,34.5,20.0,0.0,https://indomet.gob.do/wp-content/uploads/2025/04/temperaturas-extremas-y-precipitaciones-2025x04x01-a.pdf
2025-04-01,075,TAMBORIL,SANTIAGO,MINISTERIO DE AGRICULTURA,EMCV,,,0.0,https://indomet.gob.do/wp-content/uploads/2025/04/temperaturas-extremas-y-precipitaciones-2025x04x01-a.pdf
2025-04-01,076,TAVERA,SANTIAGO,INDRHI,EMCO,,,0.0,https://indomet.gob.do/wp-content/uploads/2025/04/temperaturas-extremas-y-precipitaciones-2025x04x01-a.pdf
2025-04-01,077,VALLE NUEVO (EMA),LA VEGA,MARENA,EMAO,18.1,8.1,0.0,https://indomet.gob.do/wp-content/uploads/2025/04/temperaturas-extremas-y-precipitaciones-2025x04x01-a.pdf
2025-04-01,078,VILLA GONZALES,SANTIAGO,MINISTERIO DE AGRICULTURA,EMCO,,,0.0,https://indomet.gob.do/wp-content/uploads/2025/04/temperaturas-extremas-y-precipitaciones-2025x04x01-a.pdf
2025-04-01,079,VILLA ISABELA,PUERTO PLATA,MINISTERIO DE AGRICULTURA,EMCV,,,0.0,https://indomet.gob.do/wp-content/uploads/2025/04/temperaturas-extremas-y-precipitaciones-2025x04x01-a.pdf
2025-04-02,001,JUMA BEJUCAL,MONSEÑOR NOUEL,IDIAF,EMCV,30.6,18.8,53.1,https://indomet.gob.do/wp-content/uploads/2025/04/temperaturas-extremas-y-precipitaciones-2025x04x02-a.pdf
2025-04-02,002,VILLA ALTAGRACIA,SAN CRISTÓBAL,ESCUELA JAVIER ANGULO GURIDI,EMCO,,,36.6,https://indomet.gob.do/wp-content/uploads/2025/04/temperaturas-extremas-y-precipitaciones-2025x04x02-a.pdf
2025-04-02,003,ARPT. DEL CIBAO,SANTIAGO,ONAMET,EMCO,31.0,19.9,19.0,https://indomet.gob.do/wp-content/uploads/2025/04/temperaturas-extremas-y-precipitaciones-2025x04x02-a.pdf
2025-04-02,004,BOHECHÍO,SAN JUAN,MINISTERIO DE AGRICULTURA,EMCV,,,18.0,https://indomet.gob.do/wp-content/uploads/2025/04/temperaturas-extremas-y-precipitaciones-2025x04x02-a.pdf
2025-04-02,005,RANCHO ARRIBA,SAN JOSÉ DE OCOA,CENTRO TECNOLÓGICO COMUNITARIO,EMCO,28.3,17.6,16.5,https://indomet.gob.do/wp-content/uploads/2025/04/temperaturas-extremas-y-precipitaciones-2025x04x02-a.pdf
2025-04-02,006,ALTO BANDERA (EMA),LA VEGA,INTEC,EMAP,12.3,2.2,14.5,https://indomet.gob.do/wp-content/uploads/2025/04/temperaturas-extremas-y-precipitaciones-2025x04x02-a.pdf
2025-04-02,007,LA VICTORIA,SANTO DOMINGO,CUERPO DE BOMBEROS,EMCO,30.4,20.6,14.1,https://indomet.gob.do/wp-content/uploads/2025/04/temperaturas-extremas-y-precipitaciones-2025x04x02-a.pdf
2025-04-02,008,POLO,BARAHONA,INDOCAFE,EMCO,26.5,18.0,12.5,https://indomet.gob.do/wp-content/uploads/2025/04/temperaturas-extremas-y-precipitaciones-2025x04x02-a.pdf
2025-04-02,009,SALCEDO,HERMANAS MIRABAL,PROPIEDAD DEL EMPLEADO,EMCO,,,12.0,https://indomet.gob.do/wp-content/uploads/2025/04/temperaturas-extremas-y-precipitaciones-2025x04x02-a.pdf
2025-04-02,010,ARROYO LORO,SAN JUAN,IDIAF,EMCO,34.2,16.5,11.2,https://indomet.gob.do/wp-content/uploads/2025/04/temperaturas-extremas-y-precipitaciones-2025x04x02-a.pdf
2025-04-02,011,ARPT. LA ISABELA,SANTO DOMINGO,ONAMET,EMCO,32.0,21.0,10.0,https://indomet.gob.do/wp-content/uploads/2025/04/temperaturas-extremas-y-precipitaciones-2025x04x02-a.pdf
2025-04-02,012,JARABACOA (EMA),LA VEGA,PROGRAMA MUNDIAL DE ALIMENTO,EMAP,29.0,,9.8,https://indomet.gob.do/wp-content/uploads/2025/04/temperaturas-extremas-y-precipitaciones-2025x04x02-a.pdf
2025-04-02,013,EL FACTOR (EMA),MARÍA TRINIDAD SÁNCHEZ,INTEC,EMAP,30.0,21.3,9.7,https://indomet.gob.do/wp-content/uploads/2025/04/temperaturas-extremas-y-precipitaciones-2025x04x02-a.pdf
2025-04-02,014,JARABACOA,LA VEGA,INDRHI / MARENA,EMCO,29.8,15.6,8.9,https://indomet.gob.do/wp-content/uploads/2025/04/temperaturas-extremas-y-precipitaciones-2025x04x02-a.pdf
2025-04-02,015,TAMBORIL,SANTIAGO,MINISTERIO DE AGRICULTURA,EMCV,,,8.9,https://indomet.gob.do/wp-content/uploads/2025/04/temperaturas-extremas-y-precipitaciones-2025x04x02-a.pdf
2025-04-02,016,ANAMUYA (EMA),LA ALTAGRACIA,MINISTERIO DE AGRICULTURA,EMAP,30.1,22.4,8.8,https://indomet.gob.do/wp-content/uploads/2025/04/temperaturas-extremas-y-precipitaciones-2025x04x02-a.pdf
2025-04-02,017,SAN JOSÉ DE OCOA,SAN JOSÉ DE OCOA,HOSP. SAN JOSÉ DE OCOA,EMCO,30.4,17.6,8.2,https://indomet.gob.do/wp-content/uploads/2025/04/temperaturas-extremas-y-precipitaciones-2025x04x02-a.pdf
2025-04-02,018,VILLA RIVA,DUARTE,HOSP. MPAL. ALICIA DE LEGENDRE,EMCO,30.5,20.5,7.0,https://indomet.gob.do/wp-content/uploads/2025/04/temperaturas-extremas-y-precipitaciones-2025x04x02-a.pdf
2025-04-02,019,VALLE NUEVO (EMA),LA VEGA,MARENA,EMAO,18.3,6.9,6.8,https://indomet.gob.do/wp-content/uploads/2025/04/temperaturas-extremas-y-precipitaciones-2025x04x02-a.pdf
2025-04-02,020,ARPT. DE PUNTA CANA,LA ALTAGRACIA,ONAMET,EMCO,29.5,22.9,6.6,https://indomet.gob.do/wp-content/uploads/2025/04/temperaturas-extremas-y-precipitaciones-2025x04x02-a.pdf
2025-04-02,021,JARDÍN BOTÁNICO NACIONAL,DISTRITO NACIONAL,JARDÍN BOTÁNICO NACIONAL,EMCV,31.7,19.9,6.2,https://indomet.gob.do/wp-content/uploads/2025/04/temperaturas-extremas-y-precipitaciones-2025x04x02-a.pdf
2025-04-02,022,LA VEGA,LA VEGA,IATESA,EMCO,30.8,20.7,6.2,https://indomet.gob.do/wp-content/uploads/2025/04/temperaturas-extremas-y-precipitaciones-2025x04x02-a.pdf
2025-04-02,023,BAYAGUANA,MONTE PLATA,ONAMET,EMCO,31.0,20.0,5.8,https://indomet.gob.do/wp-content/uploads/2025/04/temperaturas-extremas-y-precipitaciones-2025x04x02-a.pdf
2025-04-02,024,LUPERÓN,PUERTO PLATA,MINISTERIO DE AGRICULTURA,EMCV,,,5.1,https://indomet.gob.do/wp-content/uploads/2025/04/temperaturas-extremas-y-precipitaciones-2025x04x02-a.pdf
2025-04-02,025,ARPT. GREGORIO LUPERÓN,PUERTO PLATA,ONAMET,EMCO,30.5,21.5,4.2,https://indomet.gob.do/wp-content/uploads/2025/04/temperaturas-extremas-y-precipitaciones-2025x04x02-a.pdf
2025-04-02,026,SABANA DE LA MAR,HATO MAYOR,ONAMET,EMCO,30.5,21.5,4.2,https://indomet.gob.do/wp-content/uploads/2025/04/temperaturas-extremas-y-precipitaciones-2025x04x02-a.pdf
2025-04-02,027,CONSTANZA,LA VEGA,MINISTERIO DE AGRICULTURA,EMCO,23.2,14.9,4.0,https://indomet.gob.do/wp-content/uploads/2025/04/temperaturas-extremas-y-precipitaciones-2025x04x02-a.pdf
2025-04-02,028,VILLA GONZALES,SANTIAGO,MINISTERIO DE AGRICULTURA,EMCO,,,3.8,https://indomet.gob.do/wp-content/uploads/2025/04/temperaturas-extremas-y-precipitaciones-2025x04x02-a.pdf
2025-04-02,029,CONSTANZA (EMA),LA VEGA,PROGRAMA MUNDIAL DE ALIMENTO,EMAP,,15.1,3.6,https://indomet.gob.do/wp-content/uploads/2025/04/temperaturas-extremas-y-precipitaciones-2025x04x02-a.pdf
2025-04-02,030,PADRE LAS CASAS,AZUA,HOSP. NTRA. SRA. DEL CARMEN,EMCO,32.0,17.0,3.6,https://indomet.gob.do/wp-content/uploads/2025/04/temperaturas-extremas-y-precipitaciones-2025x04x02-a.pdf
2025-04-02,031,LOS JENGIBRES,NAGUA,INDRHI,EMCO,,,3.5,https://indomet.gob.do/wp-content/uploads/2025/04/temperaturas-extremas-y-precipitaciones-2025x04x02-a.pdf
2025-04-02,032,RÍO SAN JUAN,MARÍA TRINIDAD SÁNCHEZ,HOSP. MPAL. DR. DESIDERIO ACOSTA,EMCV,31.8,21.5,3.0,https://indomet.gob.do/wp-content/uploads/2025/04/temperaturas-extremas-y-precipitaciones-2025x04x02-a.pdf
2025-04-02,033,SÁNCHEZ,SAMANÁ,MINISTERIO DE AGRICULTURA,EMCO,30.9,20.4,2.8,https://indomet.gob.do/wp-content/uploads/2025/04/temperaturas-extremas-y-precipitaciones-2025x04x02-a.pdf
2025-04-02,034,HATO MAYOR,HATO MAYOR,MINISTERIO DE AGRICULTURA,EMCV,,,2.8,https://indomet.gob.do/wp-content/uploads/2025/04/temperaturas-extremas-y-precipitaciones-2025x04x02-a.pdf
2025-04-02,035,SABANA GRANDE DE BOYÁ,MONTE PLATA,MINISTERIO DE AGRICULTURA,EMCV,,,2.5,https://indomet.gob.do/wp-content/uploads/2025/04/temperaturas-extremas-y-precipitaciones-2025x04x02-a.pdf
2025-04-02,036,TAVERA,SANTIAGO,INDRHI,EMCO,,,2.5,https://indomet.gob.do/wp-content/uploads/2025/04/temperaturas-extremas-y-precipitaciones-2025x04x02-a.pdf
2025-04-02,037,ALTAMIRA,PUERTO PLATA,HOSP. MPAL. DE ALTAMIRA,EMCO,32.0,19.2,2.1,https://indomet.gob.do/wp-content/uploads/2025/04/temperaturas-extremas-y-precipitaciones-2025x04x02-a.pdf
2025-04-02,038,ELÍAS PIÑA,ELÍAS PIÑA,MINISTERIO DE AGRICULTURA,EMCV,,,2.0,https://indomet.gob.do/wp-content/uploads/2025/04/temperaturas-extremas-y-precipitaciones-2025x04x02-a.pdf
2025-04-02,039,CABRERA,MARÍA TRINIDAD SÁNCHEZ,ESCUELA ARÍSTIDES FIALLO CABRAL,EMCO,31.3,25.8,1.8,https://indomet.gob.do/wp-content/uploads/2025/04/temperaturas-extremas-y-precipitaciones-2025x04x02-a.pdf
2025-04-02,040,SAMANÁ,SAMANÁ,COMANDANCIA DE PUERTO DE SAMANÁ,EMCO,30.5,21.5,1.6,https://indomet.gob.do/wp-content/uploads/2025/04/temperaturas-extremas-y-precipitaciones-2025x04x02-a.pdf
2025-04-02,041,OVIEDO,PEDERNALES,CLÍNICA RURAL OVIEDO,EMCO,31.0,25.0,1.4,https://indomet.gob.do/wp-content/uploads/2025/04/temperaturas-extremas-y-precipitaciones-2025x04x02-a.pdf
2025-04-02,042,NAVARRETE,SANTIAGO,MINISTERIO DE AGRICULTURA,EMCV,,,1.3,https://indomet.gob.do/wp-content/uploads/2025/04/temperaturas-extremas-y-precipitaciones-2025x04x02-a.pdf
2025-04-02,043,ARPT. DE LA ROMANA,LA ROMANA,ONAMET,EMCO,30.5,21.2,1.0,https://indomet.gob.do/wp-content/uploads/2025/04/temperaturas-extremas-y-precipitaciones-2025x04x02-a.pdf
2025-04-02,044,ARPT. EL CATEY,SAMANÁ,ONAMET,EMCO,32.0,21.0,1.0,https://indomet.gob.do/wp-content/uploads/2025/04/temperaturas-extremas-y-precipitaciones-2025x04x02-a.pdf
2025-04-02,045,LOS LLANOS,SAN PEDRO DE MACORÍS,MINISTERIO DE AGRICULTURA,EMCO,31.5,21.0,1.0,https://indomet.gob.do/wp-content/uploads/2025/04/temperaturas-extremas-y-precipitaciones-2025x04x02-a.pdf
2025-04-02,046,LOS TRES CHARCOS (EMA),PEDERNALES,PROPIEDAD DEL VOLUNTARIO,EMAP,30.6,24.6,0.8,https://indomet.gob.do/wp-content/uploads/2025/04/temperaturas-extremas-y-precipitaciones-2025x04x02-a.pdf
2025-04-02,047,SAN RAFAEL DEL YUMA,LA ALTAGRACIA,MINISTERIO DE AGRICULTURA,EMCO,30.9,21.7,0.8,https://indomet.gob.do/wp-content/uploads/2025/04/temperaturas-extremas-y-precipitaciones-2025x04x02-a.pdf
2025-04-02,048,SAN FRANCISCO DE MACORÍS,DUARTE,San Francisco de Macorís (UASD),EMCO,31.7,20.3,0.7,https://indomet.gob.do/wp-content/uploads/2025/04/temperaturas-extremas-y-precipitaciones-2025x04x02-a.pdf
2025-04-02,049,ENRIQUILLO,BARAHONA,MINISTERIO DE AGRICULTURA,EMCV,30.8,24.5,0.2,https://indomet.gob.do/wp-content/uploads/2025/04/temperaturas-extremas-y-precipitaciones-2025x04x02-a.pdf
2025-04-02,050,PERALTA,AZUA,HOSP. MPAL. DE PERALTA,EMCO,34.0,16.5,0.1,https://indomet.gob.do/wp-content/uploads/2025/04/temperaturas-extremas-y-precipitaciones-2025x04x02-a.pdf
2025-04-02,051,SANTO DOMINGO ESTE,SANTO DOMINGO,ONAMET,EMCO,31.5,23.7,0.1,https://indomet.gob.do/wp-content/uploads/2025/04/temperaturas-extremas-y-precipitaciones-2025x04x02-a.pdf
2025-04-02,052,ARPT. ARROYO BARRIL,SAMANÁ,ONAMET,EMCO,30.0,22.5,0.0,https://indomet.gob.do/wp-content/uploads/2025/04/temperaturas-extremas-y-precipitaciones-2025x04x02-a.pdf
2025-04-02,053,ARPT. DE LAS AMÉRICAS,SANTO DOMINGO,ONAMET,EMCO,31.5,21.6,0.0,https://indomet.gob.do/wp-content/uploads/2025/04/temperaturas-extremas-y-precipitaciones-2025x04x02-a.pdf
2025-04-02,054,ARPT. MARÍA MONTEZ,BARAHONA,ONAMET,EMCO,32.4,22.6,0.0,https://indomet.gob.do/wp-content/uploads/2025/04/temperaturas-extremas-y-precipitaciones-2025x04x02-a.pdf
2025-04-02,055,BOCA DE MAO (EMA),VALVERDE,MINISTERIO DE AGRICULTURA,EMAP,34.7,21.3,0.0,https://indomet.gob.do/wp-content/uploads/2025/04/temperaturas-extremas-y-precipitaciones-2025x04x02-a.pdf
2025-04-02,056,CABRAL,BARAHONA,MINISTERIO DE AGRICULTURA,EMCV,33.2,22.9,0.0,https://indomet.gob.do/wp-content/uploads/2025/04/temperaturas-extremas-y-precipitaciones-2025x04x02-a.pdf
2025-04-02,057,CENTRO DE LOS HEROES (EMA),DISTRITO NACIONAL,MINISTERIO DE ENERGIA Y MINA,EMAP,29.4,23.8,0.0,https://indomet.gob.do/wp-content/uploads/2025/04/temperaturas-extremas-y-precipitaciones-2025x04x02-a.pdf
2025-04-02,058,DAJABÓN,DAJABÓN,INSTITUTO POLITÉCNICO LOYOLA,EMCO,34.0,21.2,0.0,https://indomet.gob.do/wp-content/uploads/2025/04/temperaturas-extremas-y-precipitaciones-2025x04x02-a.pdf
2025-04-02,059,ESCONDIDO,PERAVIA,MINISTERIO DE AGRICULTURA,EMCV,31.0,23.0,0.0,https://indomet.gob.do/wp-content/uploads/2025/04/temperaturas-extremas-y-precipitaciones-2025x04x02-a.pdf
2025-04-02,060,GASPAR HERNÁNDEZ,ESPAILLAT,PROPIEDAD DEL EMPLEADO,EMCO,,,0.0,https://indomet.gob.do/wp-content/uploads/2025/04/temperaturas-extremas-y-precipitaciones-2025x04x02-a.pdf
2025-04-02,061,GURABO,SANTIAGO,MINISTERIO DE AGRICULTURA,EMCV,,,0.0,https://indomet.gob.do/wp-content/uploads/2025/04/temperaturas-extremas-y-precipitaciones-2025x04x02-a.pdf
2025-04-02,062,HONDO VALLE,ELÍAS PIÑA,MINISTERIO DE AGRICULTURA,EMCO,26.3,16.4,0.0,https://indomet.gob.do/wp-content/uploads/2025/04/temperaturas-extremas-y-precipitaciones-2025x04x02-a.pdf
2025-04-02,063,JIMANÍ,INDEPENDENCIA,MINISTERIO DE AGRICULTURA,EMCO,34.8,23.8,0.0,https://indomet.gob.do/wp-content/uploads/2025/04/temperaturas-extremas-y-precipitaciones-2025x04x02-a.pdf
2025-04-02,064,LAS CANAS (EMA),MONTE CRISTI,PROGRAMA MUNDIAL DE ALIMENTO,EMAP,28.3,22.2,0.0,https://indomet.gob.do/wp-content/uploads/2025/04/temperaturas-extremas-y-precipitaciones-2025x04x02-a.pdf
2025-04-02,065,LAS MATAS DE SANTA CRUZ (EMA,MONTE CRISTI,PROGRAMA MUNDIAL DE ALIMENTO,EMAP,32.8,21.5,0.0,https://indomet.gob.do/wp-content/uploads/2025/04/temperaturas-extremas-y-precipitaciones-2025x04x02-a.pdf
2025-04-02,066,MAO,VALVERDE,INDRHI / MINISTERIO DE AGRICULTURA,EMCV,,,0.0,https://indomet.gob.do/wp-content/uploads/2025/04/temperaturas-extremas-y-precipitaciones-2025x04x02-a.pdf
2025-04-02,067,MONCIÓN (EMA),SANTIAGO RODRÍGUEZ,PROGRAMA MUNDIAL DE ALIMENTO,EMAP,32.3,20.4,0.0,https://indomet.gob.do/wp-content/uploads/2025/04/temperaturas-extremas-y-precipitaciones-2025x04x02-a.pdf
2025-04-02,068,MONTE CRISTI,MONTE CRISTI,ONAMET,EMCO,34.0,22.6,0.0,https://indomet.gob.do/wp-content/uploads/2025/04/temperaturas-extremas-y-precipitaciones-2025x04x02-a.pdf
2025-04-02,069,OLIVARES,PEDERNALES,INDRHI,EMCO,,,0.0,https://indomet.gob.do/wp-content/uploads/2025/04/temperaturas-extremas-y-precipitaciones-2025x04x02-a.pdf
2025-04-02,070,PASO AL MEDIO,SAN PEDRO DE MACORÍS,INDRHI,EMCO,,,0.0,https://indomet.gob.do/wp-content/uploads/2025/04/temperaturas-extremas-y-precipitaciones-2025x04x02-a.pdf
2025-04-02,071,PEDERNALES,PEDERNALES,INDRHI,EMCO,,,0.0,https://indomet.gob.do/wp-content/uploads/2025/04/temperaturas-extremas-y-precipitaciones-2025x04x02-a.pdf
2025-04-02,072,PESCADERIA (EMA),BARAHONA,MINISTERIO DE AGRICULTURA,EMAP,32.1,23.2,0.0,https://indomet.gob.do/wp-content/uploads/2025/04/temperaturas-extremas-y-precipitaciones-2025x04x02-a.pdf
2025-04-02,073,PONTÓN ABAJO (EMA),LA VEGA,MINISTERIO DE AGRICULTURA,EMAP,31.4,20.5,0.0,https://indomet.gob.do/wp-content/uploads/2025/04/temperaturas-extremas-y-precipitaciones-2025x04x02-a.pdf
2025-04-02,074,PRESA DE TAVERAS (EMA),LA VEGA,PROGRAMA MUNDIAL DE ALIMENTO,EMAP,28.9,20.5,0.0,https://indomet.gob.do/wp-content/uploads/2025/04/temperaturas-extremas-y-precipitaciones-2025x04x02-a.pdf
2025-04-02,075,RESTAURACIÓN,DAJABÓN,MINISTERIO DE AGRICULTURA,EMCO,22.5,13.7,0.0,https://indomet.gob.do/wp-content/uploads/2025/04/temperaturas-extremas-y-precipitaciones-2025x04x02-a.pdf
2025-04-02,076,SABANETA (EMA),SANTIAGO RODRÍGUEZ,PROGRAMA MUNDIAL DE ALIMENTO,EMAP,35.8,23.4,0.0,https://indomet.gob.do/wp-content/uploads/2025/04/temperaturas-extremas-y-precipitaciones-2025x04x02-a.pdf
2025-04-02,077,SAN CRISTÓBAL,SAN CRISTÓBAL,INSTITUTO POLITÉCNICO LOYOLA,EMCO,31.0,21.0,0.0,https://indomet.gob.do/wp-content/uploads/2025/04/temperaturas-extremas-y-precipitaciones-2025x04x02-a.pdf
2025-04-02,078,SANTIAGO RODRÍGUEZ,SANTIAGO RODRÍGUEZ,ONAMET,EMCO,35.2,23.0,0.0,https://indomet.gob.do/wp-content/uploads/2025/04/temperaturas-extremas-y-precipitaciones-2025x04x02-a.pdf
2025-04-02,079,TÁBARA ABAJO,AZUA,INDRHI,EMCO,35.5,20.3,0.0,https://indomet.gob.do/wp-content/uploads/2025/04/temperaturas-extremas-y-precipitaciones-2025x04x02-a.pdf
2025-04-02,080,VILLA ISABELA,PUERTO PLATA,MINISTERIO DE AGRICULTURA,EMCV,,,0.0,https://indomet.gob.do/wp-content/uploads/2025/04/temperaturas-extremas-y-precipitaciones-2025x04x02-a.pdf
2025-04-03,001,JUMA BEJUCAL,MONSEÑOR NOUEL,IDIAF,EMCV,27.0,16.6,16.8,https://indomet.gob.do/wp-content/uploads/2025/04/temperaturas-extremas-y-precipitaciones-2025x04x03-a.pdf
2025-04-03,002,GURABO,SANTIAGO,MINISTERIO DE AGRICULTURA,EMCV,,,16.5,https://indomet.gob.do/wp-content/uploads/2025/04/temperaturas-extremas-y-precipitaciones-2025x04x03-a.pdf
2025-04-03,003,LOS JENGIBRES,NAGUA,INDRHI,EMCO,,,15.4,https://indomet.gob.do/wp-content/uploads/2025/04/temperaturas-extremas-y-precipitaciones-2025x04x03-a.pdf
2025-04-03,004,SALCEDO,HERMANAS MIRABAL,PROPIEDAD DEL EMPLEADO,EMCO,,,14.9,https://indomet.gob.do/wp-content/uploads/2025/04/temperaturas-extremas-y-precipitaciones-2025x04x03-a.pdf
2025-04-03,005,TAMBORIL,SANTIAGO,MINISTERIO DE AGRICULTURA,EMCV,,,12.7,https://indomet.gob.do/wp-content/uploads/2025/04/temperaturas-extremas-y-precipitaciones-2025x04x03-a.pdf
2025-04-03,006,ARPT. LA ISABELA,SANTO DOMINGO,ONAMET,EMCO,31.0,21.0,10.0,https://indomet.gob.do/wp-content/uploads/2025/04/temperaturas-extremas-y-precipitaciones-2025x04x03-a.pdf
2025-04-03,007,CABRERA,MARÍA TRINIDAD SÁNCHEZ,ESCUELA ARÍSTIDES FIALLO CABRAL,EMCO,30.7,24.3,10.0,https://indomet.gob.do/wp-content/uploads/2025/04/temperaturas-extremas-y-precipitaciones-2025x04x03-a.pdf
2025-04-03,008,JARABACOA (EMA),LA VEGA,PROGRAMA MUNDIAL DE ALIMENTO,EMAP,25.3,15.6,9.8,https://indomet.gob.do/wp-content/uploads/2025/04/temperaturas-extremas-y-precipitaciones-2025x04x03-a.pdf
2025-04-03,009,JARABACOA,LA VEGA,INDRHI / MARENA,EMCO,26.0,14.6,9.2,https://indomet.gob.do/wp-content/uploads/2025/04/temperaturas-extremas-y-precipitaciones-2025x04x03-a.pdf
2025-04-03,010,RANCHO ARRIBA,SAN JOSÉ DE OCOA,CENTRO TECNOLÓGICO COMUNITARIO,EMCO,27.5,14.4,8.6,https://indomet.gob.do/wp-content/uploads/2025/04/temperaturas-extremas-y-precipitaciones-2025x04x03-a.pdf
2025-04-03,011,GASPAR HERNÁNDEZ,ESPAILLAT,PROPIEDAD DEL EMPLEADO,EMCO,,,7.9,https://indomet.gob.do/wp-content/uploads/2025/04/temperaturas-extremas-y-precipitaciones-2025x04x03-a.pdf
2025-04-03,012,BONAO,MONSEÑOR NOUEL,MINISTERIO DE AGRICULTURA,EMCV,,,7.8,https://indomet.gob.do/wp-content/uploads/2025/04/temperaturas-extremas-y-precipitaciones-2025x04x03-a.pdf
2025-04-03,013,ARPT. DEL CIBAO,SANTIAGO,ONAMET,EMCO,28.5,19.4,7.6,https://indomet.gob.do/wp-content/uploads/2025/04/temperaturas-extremas-y-precipitaciones-2025x04x03-a.pdf
2025-04-03,014,RÍO SAN JUAN,MARÍA TRINIDAD SÁNCHEZ,HOSP. MPAL. DR. DESIDERIO ACOSTA,EMCV,28.8,21.0,7.4,https://indomet.gob.do/wp-content/uploads/2025/04/temperaturas-extremas-y-precipitaciones-2025x04x03-a.pdf
2025-04-03,015,SAN FRANCISCO DE MACORÍS,DUARTE,San Francisco de Macorís (UASD),EMCO,27.3,18.3,7.2,https://indomet.gob.do/wp-content/uploads/2025/04/temperaturas-extremas-y-precipitaciones-2025x04x03-a.pdf
2025-04-03,016,LUPERÓN,PUERTO PLATA,MINISTERIO DE AGRICULTURA,EMCV,,,7.0,https://indomet.gob.do/wp-content/uploads/2025/04/temperaturas-extremas-y-precipitaciones-2025x04x03-a.pdf
2025-04-03,017,ARPT. EL CATEY,SAMANÁ,ONAMET,EMCO,28.0,20.0,7.0,https://indomet.gob.do/wp-content/uploads/2025/04/temperaturas-extremas-y-precipitaciones-2025x04x03-a.pdf
2025-04-03,018,SÁNCHEZ,SAMANÁ,MINISTERIO DE AGRICULTURA,EMCO,30.1,22.4,6.2,https://indomet.gob.do/wp-content/uploads/2025/04/temperaturas-extremas-y-precipitaciones-2025x04x03-a.pdf
2025-04-03,020,VILLA RIVA,DUARTE,HOSP. MPAL. ALICIA DE LEGENDRE,EMCO,28.3,18.4,5.8,https://indomet.gob.do/wp-content/uploads/2025/04/temperaturas-extremas-y-precipitaciones-2025x04x03-a.pdf
2025-04-03,021,CONSTANZA,LA VEGA,MINISTERIO DE AGRICULTURA,EMCO,22.8,10.1,5.6,https://indomet.gob.do/wp-content/uploads/2025/04/temperaturas-extremas-y-precipitaciones-2025x04x03-a.pdf
2025-04-03,022,ALTO BANDERA (EMA),LA VEGA,INTEC,EMAP,9.5,1.6,5.3,https://indomet.gob.do/wp-content/uploads/2025/04/temperaturas-extremas-y-precipitaciones-2025x04x03-a.pdf
2025-04-03,023,VILLA GONZALES,SANTIAGO,MINISTERIO DE AGRICULTURA,EMCO,,,5.1,https://indomet.gob.do/wp-content/uploads/2025/04/temperaturas-extremas-y-precipitaciones-2025x04x03-a.pdf
2025-04-03,024,CONSTANZA (EMA),LA VEGA,PROGRAMA MUNDIAL DE ALIMENTO,EMAP,21.9,10.7,5.0,https://indomet.gob.do/wp-content/uploads/2025/04/temperaturas-extremas-y-precipitaciones-2025x04x03-a.pdf
2025-04-03,025,ARPT. GREGORIO LUPERÓN,PUERTO PLATA,ONAMET,EMCO,28.7,21.0,4.7,https://indomet.gob.do/wp-content/uploads/2025/04/temperaturas-extremas-y-precipitaciones-2025x04x03-a.pdf
2025-04-03,026,LA VEGA,LA VEGA,IATESA,EMCO,28.6,18.6,4.5,https://indomet.gob.do/wp-content/uploads/2025/04/temperaturas-extremas-y-precipitaciones-2025x04x03-a.pdf
2025-04-03,027,SAN JOSÉ DE OCOA,SAN JOSÉ DE OCOA,HOSP. SAN JOSÉ DE OCOA,EMCO,28.0,17.2,4.2,https://indomet.gob.do/wp-content/uploads/2025/04/temperaturas-extremas-y-precipitaciones-2025x04x03-a.pdf
2025-04-03,028,ANAMUYA (EMA),LA ALTAGRACIA,MINISTERIO DE AGRICULTURA,EMAP,28.8,21.6,4.0,https://indomet.gob.do/wp-content/uploads/2025/04/temperaturas-extremas-y-precipitaciones-2025x04x03-a.pdf
2025-04-03,029,VILLA ISABELA,PUERTO PLATA,MINISTERIO DE AGRICULTURA,EMCV,,,3.8,https://indomet.gob.do/wp-content/uploads/2025/04/temperaturas-extremas-y-precipitaciones-2025x04x03-a.pdf
2025-04-03,030,CENTRO DE LOS HEROES (EMA),DISTRITO NACIONAL,MINISTERIO DE ENERGIA Y MINA,EMAP,29.4,23.4,3.6,https://indomet.gob.do/wp-content/uploads/2025/04/temperaturas-extremas-y-precipitaciones-2025x04x03-a.pdf
2025-04-03,031,VILLA ALTAGRACIA,SAN CRISTÓBAL,ESCUELA JAVIER ANGULO GURIDI,EMCO,,,3.4,https://indomet.gob.do/wp-content/uploads/2025/04/temperaturas-extremas-y-precipitaciones-2025x04x03-a.pdf
2025-04-03,032,EL FACTOR (EMA),MARÍA TRINIDAD SÁNCHEZ,INTEC,EMAP,28.6,19.7,3.3,https://indomet.gob.do/wp-content/uploads/2025/04/temperaturas-extremas-y-precipitaciones-2025x04x03-a.pdf
2025-04-03,033,PALO ÍNDIO,PUERTO PLATA,MINISTERIO DE AGRICULTURA,EMCO,,,3.3,https://indomet.gob.do/wp-content/uploads/2025/04/temperaturas-extremas-y-precipitaciones-2025x04x03-a.pdf
2025-04-03,034,ARPT. DE PUNTA CANA,LA ALTAGRACIA,ONAMET,EMCO,29.8,22.6,3.2,https://indomet.gob.do/wp-content/uploads/2025/04/temperaturas-extremas-y-precipitaciones-2025x04x03-a.pdf
2025-04-03,035,ALTAMIRA,PUERTO PLATA,HOSP. MPAL. DE ALTAMIRA,EMCO,27.0,18.3,3.0,https://indomet.gob.do/wp-content/uploads/2025/04/temperaturas-extremas-y-precipitaciones-2025x04x03-a.pdf
2025-04-03,036,ARPT. DE LAS AMÉRICAS,SANTO DOMINGO,ONAMET,EMCO,30.0,21.0,2.5,https://indomet.gob.do/wp-content/uploads/2025/04/temperaturas-extremas-y-precipitaciones-2025x04x03-a.pdf
2025-04-03,037,TAVERA,SANTIAGO,INDRHI,EMCO,,,2.5,https://indomet.gob.do/wp-content/uploads/2025/04/temperaturas-extremas-y-precipitaciones-2025x04x03-a.pdf
2025-04-03,038,PASO AL MEDIO,SAN PEDRO DE MACORÍS,INDRHI,EMCO,,,2.4,https://indomet.gob.do/wp-content/uploads/2025/04/temperaturas-extremas-y-precipitaciones-2025x04x03-a.pdf
2025-04-03,039,SAMANÁ,SAMANÁ,COMANDANCIA DE PUERTO DE SAMANÁ,EMCO,30.0,21.5,2.2,https://indomet.gob.do/wp-content/uploads/2025/04/temperaturas-extremas-y-precipitaciones-2025x04x03-a.pdf
2025-04-03,040,ARPT. DE LA ROMANA,LA ROMANA,ONAMET,EMCO,29.7,21.2,2.0,https://indomet.gob.do/wp-content/uploads/2025/04/temperaturas-extremas-y-precipitaciones-2025x04x03-a.pdf
2025-04-03,041,SAN RAFAEL DEL YUMA,LA ALTAGRACIA,MINISTERIO DE AGRICULTURA,EMCO,30.3,20.5,2.0,https://indomet.gob.do/wp-content/uploads/2025/04/temperaturas-extremas-y-precipitaciones-2025x04x03-a.pdf
2025-04-03,042,VALLE NUEVO (EMA),LA VEGA,MARENA,EMAO,12.6,2.7,1.8,https://indomet.gob.do/wp-content/uploads/2025/04/temperaturas-extremas-y-precipitaciones-2025x04x03-a.pdf
2025-04-03,043,SABANA DE LA MAR,HATO MAYOR,ONAMET,EMCO,29.0,24.0,1.5,https://indomet.gob.do/wp-content/uploads/2025/04/temperaturas-extremas-y-precipitaciones-2025x04x03-a.pdf
2025-04-03,044,ARPT. ARROYO BARRIL,SAMANÁ,ONAMET,EMCO,28.9,22.6,1.2,https://indomet.gob.do/wp-content/uploads/2025/04/temperaturas-extremas-y-precipitaciones-2025x04x03-a.pdf
2025-04-03,045,LA VICTORIA,SANTO DOMINGO,CUERPO DE BOMBEROS,EMCO,30.5,20.0,1.2,https://indomet.gob.do/wp-content/uploads/2025/04/temperaturas-extremas-y-precipitaciones-2025x04x03-a.pdf
2025-04-03,046,LOS LLANOS,SAN PEDRO DE MACORÍS,MINISTERIO DE AGRICULTURA,EMCO,30.9,19.7,1.2,https://indomet.gob.do/wp-content/uploads/2025/04/temperaturas-extremas-y-precipitaciones-2025x04x03-a.pdf
2025-04-03,047,SANTO DOMINGO ESTE,SANTO DOMINGO,ONAMET,EMCO,31.0,23.0,1.2,https://indomet.gob.do/wp-content/uploads/2025/04/temperaturas-extremas-y-precipitaciones-2025x04x03-a.pdf
2025-04-03,048,HATO MAYOR,HATO MAYOR,MINISTERIO DE AGRICULTURA,EMCV,,,1.0,https://indomet.gob.do/wp-content/uploads/2025/04/temperaturas-extremas-y-precipitaciones-2025x04x03-a.pdf
2025-04-03,049,BAYAGUANA,MONTE PLATA,ONAMET,EMCO,30.8,20.2,1.0,https://indomet.gob.do/wp-content/uploads/2025/04/temperaturas-extremas-y-precipitaciones-2025x04x03-a.pdf
2025-04-03,050,MONCIÓN (EMA),SANTIAGO RODRÍGUEZ,PROGRAMA MUNDIAL DE ALIMENTO,EMAP,29.1,19.4,0.2,https://indomet.gob.do/wp-content/uploads/2025/04/temperaturas-extremas-y-precipitaciones-2025x04x03-a.pdf
2025-04-03,051,POLO,BARAHONA,INDOCAFE,EMCO,26.4,12.4,0.2,https://indomet.gob.do/wp-content/uploads/2025/04/temperaturas-extremas-y-precipitaciones-2025x04x03-a.pdf
2025-04-03,052,ARPT. MARÍA MONTEZ,BARAHONA,ONAMET,EMCO,31.5,26.0,0.0,https://indomet.gob.do/wp-content/uploads/2025/04/temperaturas-extremas-y-precipitaciones-2025x04x03-a.pdf
2025-04-03,053,ARROYO LORO,SAN JUAN,IDIAF,EMCO,34.0,14.4,0.0,https://indomet.gob.do/wp-content/uploads/2025/04/temperaturas-extremas-y-precipitaciones-2025x04x03-a.pdf
2025-04-03,054,BOCA DE MAO (EMA),VALVERDE,MINISTERIO DE AGRICULTURA,EMAP,31.3,21.2,0.0,https://indomet.gob.do/wp-content/uploads/2025/04/temperaturas-extremas-y-precipitaciones-2025x04x03-a.pdf
2025-04-03,055,BOHECHÍO,SAN JUAN,MINISTERIO DE AGRICULTURA,EMCV,,,0.0,https://indomet.gob.do/wp-content/uploads/2025/04/temperaturas-extremas-y-precipitaciones-2025x04x03-a.pdf
2025-04-03,056,CABRAL,BARAHONA,MINISTERIO DE AGRICULTURA,EMCV,32.5,19.9,0.0,https://indomet.gob.do/wp-content/uploads/2025/04/temperaturas-extremas-y-precipitaciones-2025x04x03-a.pdf
2025-04-03,057,DAJABÓN,DAJABÓN,INSTITUTO POLITÉCNICO LOYOLA,EMCO,35.0,18.5,0.0,https://indomet.gob.do/wp-content/uploads/2025/04/temperaturas-extremas-y-precipitaciones-2025x04x03-a.pdf
2025-04-03,058,EL CERCADO,SAN JUAN,MINISTERIO DE AGRICULTURA,EMCV,,,0.0,https://indomet.gob.do/wp-content/uploads/2025/04/temperaturas-extremas-y-precipitaciones-2025x04x03-a.pdf
2025-04-03,059,ELÍAS PIÑA,ELÍAS PIÑA,MINISTERIO DE AGRICULTURA,EMCV,,,0.0,https://indomet.gob.do/wp-content/uploads/2025/04/temperaturas-extremas-y-precipitaciones-2025x04x03-a.pdf
2025-04-03,060,ENRIQUILLO,BARAHONA,MINISTERIO DE AGRICULTURA,EMCV,30.7,20.0,0.0,https://indomet.gob.do/wp-content/uploads/2025/04/temperaturas-extremas-y-precipitaciones-2025x04x03-a.pdf
2025-04-03,061,ESCONDIDO,PERAVIA,MINISTERIO DE AGRICULTURA,EMCV,31.0,24.0,0.0,https://indomet.gob.do/wp-content/uploads/2025/04/temperaturas-extremas-y-precipitaciones-2025x04x03-a.pdf
2025-04-03,062,HONDO VALLE,ELÍAS PIÑA,MINISTERIO DE AGRICULTURA,EMCO,26.0,16.1,0.0,https://indomet.gob.do/wp-content/uploads/2025/04/temperaturas-extremas-y-precipitaciones-2025x04x03-a.pdf
2025-04-03,063,JIMANÍ,INDEPENDENCIA,MINISTERIO DE AGRICULTURA,EMCO,35.0,24.0,0.0,https://indomet.gob.do/wp-content/uploads/2025/04/temperaturas-extremas-y-precipitaciones-2025x04x03-a.pdf
2025-04-03,064,LAS CANAS (EMA),MONTE CRISTI,PROGRAMA MUNDIAL DE ALIMENTO,EMAP,28.6,19.7,0.0,https://indomet.gob.do/wp-content/uploads/2025/04/temperaturas-extremas-y-precipitaciones-2025x04x03-a.pdf
2025-04-03,065,LAS MATAS DE SANTA CRUZ (EMA,MONTE CRISTI,PROGRAMA MUNDIAL DE ALIMENTO,EMAP,31.8,21.1,0.0,https://indomet.gob.do/wp-content/uploads/2025/04/temperaturas-extremas-y-precipitaciones-2025x04x03-a.pdf
2025-04-03,066,LOS TRES CHARCOS (EMA),PEDERNALES,PROPIEDAD DEL VOLUNTARIO,EMAP,30.9,24.2,0.0,https://indomet.gob.do/wp-content/uploads/2025/04/temperaturas-extremas-y-precipitaciones-2025x04x03-a.pdf
2025-04-03,067,MAO,VALVERDE,INDRHI / MINISTERIO DE AGRICULTURA,EMCV,,,0.0,https://indomet.gob.do/wp-content/uploads/2025/04/temperaturas-extremas-y-precipitaciones-2025x04x03-a.pdf
2025-04-03,068,MONTE CRISTI,MONTE CRISTI,ONAMET,EMCO,33.2,22.5,0.0,https://indomet.gob.do/wp-content/uploads/2025/04/temperaturas-extremas-y-precipitaciones-2025x04x03-a.pdf
2025-04-03,069,OLIVARES,PEDERNALES,INDRHI,EMCO,,,0.0,https://indomet.gob.do/wp-content/uploads/2025/04/temperaturas-extremas-y-precipitaciones-2025x04x03-a.pdf
2025-04-03,070,OVIEDO,PEDERNALES,CLÍNICA RURAL OVIEDO,EMCO,31.0,24.5,0.0,https://indomet.gob.do/wp-content/uploads/2025/04/temperaturas-extremas-y-precipitaciones-2025x04x03-a.pdf
2025-04-03,071,PADRE LAS CASAS,AZUA,HOSP. NTRA. SRA. DEL CARMEN,EMCO,32.0,14.0,0.0,https://indomet.gob.do/wp-content/uploads/2025/04/temperaturas-extremas-y-precipitaciones-2025x04x03-a.pdf
2025-04-03,072,PEDERNALES,PEDERNALES,INDRHI,EMCO,,,0.0,https://indomet.gob.do/wp-content/uploads/2025/04/temperaturas-extremas-y-precipitaciones-2025x04x03-a.pdf
2025-04-03,073,PERALTA,AZUA,HOSP. MPAL. DE PERALTA,EMCO,31.6,14.0,0.0,https://indomet.gob.do/wp-content/uploads/2025/04/temperaturas-extremas-y-precipitaciones-2025x04x03-a.pdf
2025-04-03,074,PESCADERIA (EMA),BARAHONA,MINISTERIO DE AGRICULTURA,EMAP,32.0,21.1,0.0,https://indomet.gob.do/wp-content/uploads/2025/04/temperaturas-extremas-y-precipitaciones-2025x04x03-a.pdf
2025-04-03,075,PONTÓN ABAJO (EMA),LA VEGA,MINISTERIO DE AGRICULTURA,EMAP,29.0,19.2,0.0,https://indomet.gob.do/wp-content/uploads/2025/04/temperaturas-extremas-y-precipitaciones-2025x04x03-a.pdf
2025-04-03,076,PRESA DE TAVERAS (EMA),LA VEGA,PROGRAMA MUNDIAL DE ALIMENTO,EMAP,26.1,19.1,0.0,https://indomet.gob.do/wp-content/uploads/2025/04/temperaturas-extremas-y-precipitaciones-2025x04x03-a.pdf
2025-04-03,077,RESTAURACIÓN,DAJABÓN,MINISTERIO DE AGRICULTURA,EMCO,15.9,11.4,0.0,https://indomet.gob.do/wp-content/uploads/2025/04/temperaturas-extremas-y-precipitaciones-2025x04x03-a.pdf
2025-04-03,078,SABANETA (EMA),SANTIAGO RODRÍGUEZ,PROGRAMA MUNDIAL DE ALIMENTO,EMAP,32.7,21.9,0.0,https://indomet.gob.do/wp-content/uploads/2025/04/temperaturas-extremas-y-precipitaciones-2025x04x03-a.pdf
2025-04-03,079,SAN CRISTÓBAL,SAN CRISTÓBAL,INSTITUTO POLITÉCNICO LOYOLA,EMCO,30.2,21.2,0.0,https://indomet.gob.do/wp-content/uploads/2025/04/temperaturas-extremas-y-precipitaciones-2025x04x03-a.pdf
2025-04-03,080,SANTIAGO RODRÍGUEZ,SANTIAGO RODRÍGUEZ,ONAMET,EMCO,33.0,23.5,0.0,https://indomet.gob.do/wp-content/uploads/2025/04/temperaturas-extremas-y-precipitaciones-2025x04x03-a.pdf
2025-04-03,081,TÁBARA ABAJO,AZUA,INDRHI,EMCO,32.5,20.3,0.0,https://indomet.gob.do/wp-content/uploads/2025/04/temperaturas-extremas-y-precipitaciones-2025x04x03-a.pdf
2025-04-04,001,ALTAMIRA,PUERTO PLATA,HOSP. MPAL. DE ALTAMIRA,EMCO,30.7,20.1,26.9,https://indomet.gob.do/wp-content/uploads/2025/04/temperaturas-extremas-y-precipitaciones-2025x04x04-a.pdf
2025-04-04,002,SABANA GRANDE DE BOYÁ,MONTE PLATA,MINISTERIO DE AGRICULTURA,EMCV,,,17.8,https://indomet.gob.do/wp-content/uploads/2025/04/temperaturas-extremas-y-precipitaciones-2025x04x04-a.pdf
2025-04-04,003,ANAMUYA (EMA),LA ALTAGRACIA,MINISTERIO DE AGRICULTURA,EMAP,29.7,21.7,16.0,https://indomet.gob.do/wp-content/uploads/2025/04/temperaturas-extremas-y-precipitaciones-2025x04x04-a.pdf
2025-04-04,004,ARPT. DE LA ROMANA,LA ROMANA,ONAMET,EMCO,31.0,21.3,14.5,https://indomet.gob.do/wp-content/uploads/2025/04/temperaturas-extremas-y-precipitaciones-2025x04x04-a.pdf
2025-04-04,005,BONAO,MONSEÑOR NOUEL,MINISTERIO DE AGRICULTURA,EMCV,,,9.9,https://indomet.gob.do/wp-content/uploads/2025/04/temperaturas-extremas-y-precipitaciones-2025x04x04-a.pdf
2025-04-04,006,RÍO SAN JUAN,MARÍA TRINIDAD SÁNCHEZ,HOSP. MPAL. DR. DESIDERIO ACOSTA,EMCV,30.4,20.6,8.4,https://indomet.gob.do/wp-content/uploads/2025/04/temperaturas-extremas-y-precipitaciones-2025x04x04-a.pdf
2025-04-04,007,JARABACOA (EMA),LA VEGA,PROGRAMA MUNDIAL DE ALIMENTO,EMAP,27.4,17.8,8.0,https://indomet.gob.do/wp-content/uploads/2025/04/temperaturas-extremas-y-precipitaciones-2025x04x04-a.pdf
2025-04-04,008,SAN RAFAEL DEL YUMA,LA ALTAGRACIA,MINISTERIO DE AGRICULTURA,EMCO,31.1,21.4,8.0,https://indomet.gob.do/wp-content/uploads/2025/04/temperaturas-extremas-y-precipitaciones-2025x04x04-a.pdf
2025-04-04,009,VILLA ALTAGRACIA,SAN CRISTÓBAL,ESCUELA JAVIER ANGULO GURIDI,EMCO,,,7.3,https://indomet.gob.do/wp-content/uploads/2025/04/temperaturas-extremas-y-precipitaciones-2025x04x04-a.pdf
2025-04-04,010,JARABACOA,LA VEGA,INDRHI / MARENA,EMCO,28.2,14.8,7.2,https://indomet.gob.do/wp-content/uploads/2025/04/temperaturas-extremas-y-precipitaciones-2025x04x04-a.pdf
2025-04-04,011,ARPT. GREGORIO LUPERÓN,PUERTO PLATA,ONAMET,EMCO,29.5,21.0,5.1,https://indomet.gob.do/wp-content/uploads/2025/04/temperaturas-extremas-y-precipitaciones-2025x04x04-a.pdf
2025-04-04,012,GASPAR HERNÁNDEZ,ESPAILLAT,PROPIEDAD DEL EMPLEADO,EMCO,,,5.1,https://indomet.gob.do/wp-content/uploads/2025/04/temperaturas-extremas-y-precipitaciones-2025x04x04-a.pdf
2025-04-04,013,VILLA RIVA,DUARTE,HOSP. MPAL. ALICIA DE LEGENDRE,EMCO,30.0,20.0,4.3,https://indomet.gob.do/wp-content/uploads/2025/04/temperaturas-extremas-y-precipitaciones-2025x04x04-a.pdf
2025-04-04,014,PALO ÍNDIO,PUERTO PLATA,MINISTERIO DE AGRICULTURA,EMCO,,,3.8,https://indomet.gob.do/wp-content/uploads/2025/04/temperaturas-extremas-y-precipitaciones-2025x04x04-a.pdf
2025-04-04,015,RANCHO ARRIBA,SAN JOSÉ DE OCOA,CENTRO TECNOLÓGICO COMUNITARIO,EMCO,27.2,18.1,3.6,https://indomet.gob.do/wp-content/uploads/2025/04/temperaturas-extremas-y-precipitaciones-2025x04x04-a.pdf
2025-04-04,016,ARPT. DE LAS AMÉRICAS,SANTO DOMINGO,ONAMET,EMCO,33.4,20.0,2.7,https://indomet.gob.do/wp-content/uploads/2025/04/temperaturas-extremas-y-precipitaciones-2025x04x04-a.pdf
2025-04-04,017,JUMA BEJUCAL,MONSEÑOR NOUEL,IDIAF,EMCV,29.4,19.0,2.6,https://indomet.gob.do/wp-content/uploads/2025/04/temperaturas-extremas-y-precipitaciones-2025x04x04-a.pdf
2025-04-04,018,CABRERA,MARÍA TRINIDAD SÁNCHEZ,ESCUELA ARÍSTIDES FIALLO CABRAL,EMCO,31.2,24.0,2.5,https://indomet.gob.do/wp-content/uploads/2025/04/temperaturas-extremas-y-precipitaciones-2025x04x04-a.pdf
2025-04-04,019,HATO MAYOR,HATO MAYOR,MINISTERIO DE AGRICULTURA,EMCV,,,2.3,https://indomet.gob.do/wp-content/uploads/2025/04/temperaturas-extremas-y-precipitaciones-2025x04x04-a.pdf
2025-04-04,020,CONSTANZA,LA VEGA,MINISTERIO DE AGRICULTURA,EMCO,23.9,15.2,2.1,https://indomet.gob.do/wp-content/uploads/2025/04/temperaturas-extremas-y-precipitaciones-2025x04x04-a.pdf
2025-04-04,021,CONSTANZA (EMA),LA VEGA,PROGRAMA MUNDIAL DE ALIMENTO,EMAP,22.9,15.2,1.8,https://indomet.gob.do/wp-content/uploads/2025/04/temperaturas-extremas-y-precipitaciones-2025x04x04-a.pdf
2025-04-04,022,SÁNCHEZ,SAMANÁ,MINISTERIO DE AGRICULTURA,EMCO,31.3,21.5,1.4,https://indomet.gob.do/wp-content/uploads/2025/04/temperaturas-extremas-y-precipitaciones-2025x04x04-a.pdf
2025-04-04,023,ALTO BANDERA (EMA),LA VEGA,INTEC,EMAP,11.2,3.2,1.3,https://indomet.gob.do/wp-content/uploads/2025/04/temperaturas-extremas-y-precipitaciones-2025x04x04-a.pdf
2025-04-04,024,ARPT. DE PUNTA CANA,LA ALTAGRACIA,ONAMET,EMCO,30.0,24.4,1.2,https://indomet.gob.do/wp-content/uploads/2025/04/temperaturas-extremas-y-precipitaciones-2025x04x04-a.pdf
2025-04-04,025,SABANA DE LA MAR,HATO MAYOR,ONAMET,EMCO,29.5,23.5,1.1,https://indomet.gob.do/wp-content/uploads/2025/04/temperaturas-extremas-y-precipitaciones-2025x04x04-a.pdf
2025-04-04,026,VILLA ISABELA,PUERTO PLATA,MINISTERIO DE AGRICULTURA,EMCV,,,1.0,https://indomet.gob.do/wp-content/uploads/2025/04/temperaturas-extremas-y-precipitaciones-2025x04x04-a.pdf
2025-04-04,027,SAN JOSÉ DE OCOA,SAN JOSÉ DE OCOA,HOSP. SAN JOSÉ DE OCOA,EMCO,29.3,17.2,0.6,https://indomet.gob.do/wp-content/uploads/2025/04/temperaturas-extremas-y-precipitaciones-2025x04x04-a.pdf
2025-04-04,028,NAVARRETE,SANTIAGO,MINISTERIO DE AGRICULTURA,EMCV,,,0.5,https://indomet.gob.do/wp-content/uploads/2025/04/temperaturas-extremas-y-precipitaciones-2025x04x04-a.pdf
2025-04-04,029,POLO,BARAHONA,INDOCAFE,EMCO,27.5,14.6,0.4,https://indomet.gob.do/wp-content/uploads/2025/04/temperaturas-extremas-y-precipitaciones-2025x04x04-a.pdf
2025-04-04,030,BAYAGUANA,MONTE PLATA,ONAMET,EMCO,31.0,19.2,0.3,https://indomet.gob.do/wp-content/uploads/2025/04/temperaturas-extremas-y-precipitaciones-2025x04x04-a.pdf
2025-04-04,031,ENRIQUILLO,BARAHONA,MINISTERIO DE AGRICULTURA,EMCV,31.5,24.3,0.2,https://indomet.gob.do/wp-content/uploads/2025/04/temperaturas-extremas-y-precipitaciones-2025x04x04-a.pdf
2025-04-04,032,SAMANÁ,SAMANÁ,COMANDANCIA DE PUERTO DE SAMANÁ,EMCO,30.5,21.2,0.2,https://indomet.gob.do/wp-content/uploads/2025/04/temperaturas-extremas-y-precipitaciones-2025x04x04-a.pdf
2025-04-04,033,VALLE NUEVO (EMA),LA VEGA,MARENA,EMAO,15.7,7.6,0.2,https://indomet.gob.do/wp-content/uploads/2025/04/temperaturas-extremas-y-precipitaciones-2025x04x04-a.pdf
2025-04-04,034,ARPT. DEL CIBAO,SANTIAGO,ONAMET,EMCO,30.5,17.6,0.1,https://indomet.gob.do/wp-content/uploads/2025/04/temperaturas-extremas-y-precipitaciones-2025x04x04-a.pdf
2025-04-04,035,LA VICTORIA,SANTO DOMINGO,CUERPO DE BOMBEROS,EMCO,32.3,22.5,0.1,https://indomet.gob.do/wp-content/uploads/2025/04/temperaturas-extremas-y-precipitaciones-2025x04x04-a.pdf
2025-04-04,036,SALCEDO,HERMANAS MIRABAL,PROPIEDAD DEL EMPLEADO,EMCO,,,0.1,https://indomet.gob.do/wp-content/uploads/2025/04/temperaturas-extremas-y-precipitaciones-2025x04x04-a.pdf
2025-04-04,037,SANTO DOMINGO ESTE,SANTO DOMINGO,ONAMET,EMCO,33.2,22.7,0.1,https://indomet.gob.do/wp-content/uploads/2025/04/temperaturas-extremas-y-precipitaciones-2025x04x04-a.pdf
2025-04-04,038,ARPT. ARROYO BARRIL,SAMANÁ,ONAMET,EMCO,29.0,21.4,0.0,https://indomet.gob.do/wp-content/uploads/2025/04/temperaturas-extremas-y-precipitaciones-2025x04x04-a.pdf
2025-04-04,039,ARPT. EL CATEY,SAMANÁ,ONAMET,EMCO,28.3,20.5,0.0,https://indomet.gob.do/wp-content/uploads/2025/04/temperaturas-extremas-y-precipitaciones-2025x04x04-a.pdf
2025-04-04,040,ARPT. LA ISABELA,SANTO DOMINGO,ONAMET,EMCO,32.8,21.5,0.0,https://indomet.gob.do/wp-content/uploads/2025/04/temperaturas-extremas-y-precipitaciones-2025x04x04-a.pdf
2025-04-04,041,ARPT. MARÍA MONTEZ,BARAHONA,ONAMET,EMCO,31.7,21.5,0.0,https://indomet.gob.do/wp-content/uploads/2025/04/temperaturas-extremas-y-precipitaciones-2025x04x04-a.pdf
2025-04-04,042,ARROYO LORO,SAN JUAN,IDIAF,EMCO,33.2,17.0,0.0,https://indomet.gob.do/wp-content/uploads/2025/04/temperaturas-extremas-y-precipitaciones-2025x04x04-a.pdf
2025-04-04,043,BOCA DE MAO (EMA),VALVERDE,MINISTERIO DE AGRICULTURA,EMAP,33.6,20.6,0.0,https://indomet.gob.do/wp-content/uploads/2025/04/temperaturas-extremas-y-precipitaciones-2025x04x04-a.pdf
2025-04-04,044,CABRAL,BARAHONA,MINISTERIO DE AGRICULTURA,EMCV,33.6,20.7,0.0,https://indomet.gob.do/wp-content/uploads/2025/04/temperaturas-extremas-y-precipitaciones-2025x04x04-a.pdf
2025-04-04,045,CENTRO DE LOS HEROES (EMA),DISTRITO NACIONAL,MINISTERIO DE ENERGIA Y MINA,EMAP,32.3,23.2,0.0,https://indomet.gob.do/wp-content/uploads/2025/04/temperaturas-extremas-y-precipitaciones-2025x04x04-a.pdf
2025-04-04,046,DAJABÓN,DAJABÓN,INSTITUTO POLITÉCNICO LOYOLA,EMCO,33.6,19.2,0.0,https://indomet.gob.do/wp-content/uploads/2025/04/temperaturas-extremas-y-precipitaciones-2025x04x04-a.pdf
2025-04-04,047,EL FACTOR (EMA),MARÍA TRINIDAD SÁNCHEZ,INTEC,EMAP,29.6,23.8,0.0,https://indomet.gob.do/wp-content/uploads/2025/04/temperaturas-extremas-y-precipitaciones-2025x04x04-a.pdf
2025-04-04,048,ELÍAS PIÑA,ELÍAS PIÑA,MINISTERIO DE AGRICULTURA,EMCV,,,0.0,https://indomet.gob.do/wp-content/uploads/2025/04/temperaturas-extremas-y-precipitaciones-2025x04x04-a.pdf
2025-04-04,049,ESCONDIDO,PERAVIA,MINISTERIO DE AGRICULTURA,EMCV,32.0,24.0,0.0,https://indomet.gob.do/wp-content/uploads/2025/04/temperaturas-extremas-y-precipitaciones-2025x04x04-a.pdf
2025-04-04,050,GURABO,SANTIAGO,MINISTERIO DE AGRICULTURA,EMCV,,,0.0,https://indomet.gob.do/wp-content/uploads/2025/04/temperaturas-extremas-y-precipitaciones-2025x04x04-a.pdf
2025-04-04,051,HONDO VALLE,ELÍAS PIÑA,MINISTERIO DE AGRICULTURA,EMCO,26.1,16.3,0.0,https://indomet.gob.do/wp-content/uploads/2025/04/temperaturas-extremas-y-precipitaciones-2025x04x04-a.pdf
2025-04-04,052,JIMANÍ,INDEPENDENCIA,MINISTERIO DE AGRICULTURA,EMCO,35.5,22.4,0.0,https://indomet.gob.do/wp-content/uploads/2025/04/temperaturas-extremas-y-precipitaciones-2025x04x04-a.pdf
2025-04-04,053,LA VEGA,LA VEGA,IATESA,EMCO,30.2,20.5,0.0,https://indomet.gob.do/wp-content/uploads/2025/04/temperaturas-extremas-y-precipitaciones-2025x04x04-a.pdf
2025-04-04,054,LAS CANAS (EMA),MONTE CRISTI,PROGRAMA MUNDIAL DE ALIMENTO,EMAP,27.9,21.7,0.0,https://indomet.gob.do/wp-content/uploads/2025/04/temperaturas-extremas-y-precipitaciones-2025x04x04-a.pdf
2025-04-04,055,LAS MATAS DE SANTA CRUZ (EMA,MONTE CRISTI,PROGRAMA MUNDIAL DE ALIMENTO,EMAP,33.3,20.7,0.0,https://indomet.gob.do/wp-content/uploads/2025/04/temperaturas-extremas-y-precipitaciones-2025x04x04-a.pdf
2025-04-04,056,LOS TRES CHARCOS (EMA),PEDERNALES,PROPIEDAD DEL VOLUNTARIO,EMAP,31.8,24.7,0.0,https://indomet.gob.do/wp-content/uploads/2025/04/temperaturas-extremas-y-precipitaciones-2025x04x04-a.pdf
2025-04-04,057,MAO,VALVERDE,INDRHI / MINISTERIO DE AGRICULTURA,EMCV,,,0.0,https://indomet.gob.do/wp-content/uploads/2025/04/temperaturas-extremas-y-precipitaciones-2025x04x04-a.pdf
2025-04-04,058,MONCIÓN (EMA),SANTIAGO RODRÍGUEZ,PROGRAMA MUNDIAL DE ALIMENTO,EMAP,30.6,20.8,0.0,https://indomet.gob.do/wp-content/uploads/2025/04/temperaturas-extremas-y-precipitaciones-2025x04x04-a.pdf
2025-04-04,059,MONTE CRISTI,MONTE CRISTI,ONAMET,EMCO,32.5,21.5,0.0,https://indomet.gob.do/wp-content/uploads/2025/04/temperaturas-extremas-y-precipitaciones-2025x04x04-a.pdf
2025-04-04,060,OLIVARES,PEDERNALES,INDRHI,EMCO,,,0.0,https://indomet.gob.do/wp-content/uploads/2025/04/temperaturas-extremas-y-precipitaciones-2025x04x04-a.pdf
2025-04-04,061,OVIEDO,PEDERNALES,CLÍNICA RURAL OVIEDO,EMCO,31.5,24.5,0.0,https://indomet.gob.do/wp-content/uploads/2025/04/temperaturas-extremas-y-precipitaciones-2025x04x04-a.pdf
2025-04-04,062,PADRE LAS CASAS,AZUA,HOSP. NTRA. SRA. DEL CARMEN,EMCO,33.0,15.5,0.0,https://indomet.gob.do/wp-content/uploads/2025/04/temperaturas-extremas-y-precipitaciones-2025x04x04-a.pdf
2025-04-04,063,PEDERNALES,PEDERNALES,INDRHI,EMCO,,,0.0,https://indomet.gob.do/wp-content/uploads/2025/04/temperaturas-extremas-y-precipitaciones-2025x04x04-a.pdf
2025-04-04,064,PERALTA,AZUA,HOSP. MPAL. DE PERALTA,EMCO,34.8,14.4,0.0,https://indomet.gob.do/wp-content/uploads/2025/04/temperaturas-extremas-y-precipitaciones-2025x04x04-a.pdf
2025-04-04,065,PESCADERIA (EMA),BARAHONA,MINISTERIO DE AGRICULTURA,EMAP,32.8,21.4,0.0,https://indomet.gob.do/wp-content/uploads/2025/04/temperaturas-extremas-y-precipitaciones-2025x04x04-a.pdf
2025-04-04,066,PONTÓN ABAJO (EMA),LA VEGA,MINISTERIO DE AGRICULTURA,EMAP,31.6,21.9,0.0,https://indomet.gob.do/wp-content/uploads/2025/04/temperaturas-extremas-y-precipitaciones-2025x04x04-a.pdf
2025-04-04,067,PRESA DE TAVERAS (EMA),LA VEGA,PROGRAMA MUNDIAL DE ALIMENTO,EMAP,28.3,20.3,0.0,https://indomet.gob.do/wp-content/uploads/2025/04/temperaturas-extremas-y-precipitaciones-2025x04x04-a.pdf
2025-04-04,068,RESTAURACIÓN,DAJABÓN,MINISTERIO DE AGRICULTURA,EMCO,17.3,12.6,0.0,https://indomet.gob.do/wp-content/uploads/2025/04/temperaturas-extremas-y-precipitaciones-2025x04x04-a.pdf
2025-04-04,069,SABANETA (EMA),SANTIAGO RODRÍGUEZ,PROGRAMA MUNDIAL DE ALIMENTO,EMAP,33.6,22.4,0.0,https://indomet.gob.do/wp-content/uploads/2025/04/temperaturas-extremas-y-precipitaciones-2025x04x04-a.pdf
2025-04-04,070,SAN CRISTÓBAL,SAN CRISTÓBAL,INSTITUTO POLITÉCNICO LOYOLA,EMCO,31.2,22.0,0.0,https://indomet.gob.do/wp-content/uploads/2025/04/temperaturas-extremas-y-precipitaciones-2025x04x04-a.pdf
2025-04-04,071,SANTIAGO RODRÍGUEZ,SANTIAGO RODRÍGUEZ,ONAMET,EMCO,33.8,23.6,0.0,https://indomet.gob.do/wp-content/uploads/2025/04/temperaturas-extremas-y-precipitaciones-2025x04x04-a.pdf
2025-04-04,072,TÁBARA ABAJO,AZUA,INDRHI,EMCO,34.5,19.0,0.0,https://indomet.gob.do/wp-content/uploads/2025/04/temperaturas-extremas-y-precipitaciones-2025x04x04-a.pdf
2025-04-04,073,VILLA GONZALES,SANTIAGO,MINISTERIO DE AGRICULTURA,EMCO,,,0.0,https://indomet.gob.do/wp-content/uploads/2025/04/temperaturas-extremas-y-precipitaciones-2025x04x04-a.pdf
2025-04-05,001,ARPT. GREGORIO LUPERÓN,PUERTO PLATA,ONAMET,EMCO,29.9,20.0,4.2,https://indomet.gob.do/wp-content/uploads/2025/04/temperaturas-extremas-y-precipitaciones-2025x04x05-a.pdf
2025-04-05,002,PALO ÍNDIO,PUERTO PLATA,MINISTERIO DE AGRICULTURA,EMCO,,,3.3,https://indomet.gob.do/wp-content/uploads/2025/04/temperaturas-extremas-y-precipitaciones-2025x04x05-a.pdf
2025-04-05,003,POLO,BARAHONA,INDOCAFE,EMCO,28.0,13.5,3.0,https://indomet.gob.do/wp-content/uploads/2025/04/temperaturas-extremas-y-precipitaciones-2025x04x05-a.pdf
2025-04-05,004,ALTO BANDERA (EMA),LA VEGA,INTEC,EMAP,11.9,6.9,2.3,https://indomet.gob.do/wp-content/uploads/2025/04/temperaturas-extremas-y-precipitaciones-2025x04x05-a.pdf
2025-04-05,005,ESCONDIDO,PERAVIA,MINISTERIO DE AGRICULTURA,EMCV,31.7,23.6,1.8,https://indomet.gob.do/wp-content/uploads/2025/04/temperaturas-extremas-y-precipitaciones-2025x04x05-a.pdf
2025-04-05,006,CENTRO DE LOS HEROES (EMA),DISTRITO NACIONAL,MINISTERIO DE ENERGIA Y MINA,EMAP,31.3,23.7,1.2,https://indomet.gob.do/wp-content/uploads/2025/04/temperaturas-extremas-y-precipitaciones-2025x04x05-a.pdf
2025-04-05,007,RÍO SAN JUAN,MARÍA TRINIDAD SÁNCHEZ,HOSP. MPAL. DR. DESIDERIO ACOSTA,EMCV,30.9,21.4,1.0,https://indomet.gob.do/wp-content/uploads/2025/04/temperaturas-extremas-y-precipitaciones-2025x04x05-a.pdf
2025-04-05,008,VALLE NUEVO (EMA),LA VEGA,MARENA,EMAO,18.0,-0.8,1.0,https://indomet.gob.do/wp-content/uploads/2025/04/temperaturas-extremas-y-precipitaciones-2025x04x05-a.pdf
2025-04-05,009,CONSTANZA (EMA),LA VEGA,PROGRAMA MUNDIAL DE ALIMENTO,EMAP,23.7,8.3,0.4,https://indomet.gob.do/wp-content/uploads/2025/04/temperaturas-extremas-y-precipitaciones-2025x04x05-a.pdf
2025-04-05,010,CABRERA,MARÍA TRINIDAD SÁNCHEZ,ESCUELA ARÍSTIDES FIALLO CABRAL,EMCO,31.5,24.2,0.3,https://indomet.gob.do/wp-content/uploads/2025/04/temperaturas-extremas-y-precipitaciones-2025x04x05-a.pdf
2025-04-05,011,JARABACOA,LA VEGA,INDRHI / MARENA,EMCO,29.0,14.2,0.3,https://indomet.gob.do/wp-content/uploads/2025/04/temperaturas-extremas-y-precipitaciones-2025x04x05-a.pdf
2025-04-05,012,ANAMUYA (EMA),LA ALTAGRACIA,MINISTERIO DE AGRICULTURA,EMAP,29.8,22.5,0.2,https://indomet.gob.do/wp-content/uploads/2025/04/temperaturas-extremas-y-precipitaciones-2025x04x05-a.pdf
2025-04-05,013,ARPT. DE LAS AMÉRICAS,SANTO DOMINGO,ONAMET,EMCO,31.0,21.0,0.2,https://indomet.gob.do/wp-content/uploads/2025/04/temperaturas-extremas-y-precipitaciones-2025x04x05-a.pdf
2025-04-05,014,SAN RAFAEL DEL YUMA,LA ALTAGRACIA,MINISTERIO DE AGRICULTURA,EMCO,30.8,20.7,0.1,https://indomet.gob.do/wp-content/uploads/2025/04/temperaturas-extremas-y-precipitaciones-2025x04x05-a.pdf
2025-04-05,015,ALTAMIRA,PUERTO PLATA,HOSP. MPAL. DE ALTAMIRA,EMCO,31.3,17.5,0.0,https://indomet.gob.do/wp-content/uploads/2025/04/temperaturas-extremas-y-precipitaciones-2025x04x05-a.pdf
2025-04-05,016,ARPT. ARROYO BARRIL,SAMANÁ,ONAMET,EMCO,31.4,21.5,0.0,https://indomet.gob.do/wp-content/uploads/2025/04/temperaturas-extremas-y-precipitaciones-2025x04x05-a.pdf
2025-04-05,017,ARPT. DE LA ROMANA,LA ROMANA,ONAMET,EMCO,30.0,21.0,0.0,https://indomet.gob.do/wp-content/uploads/2025/04/temperaturas-extremas-y-precipitaciones-2025x04x05-a.pdf
2025-04-05,018,ARPT. DE PUNTA CANA,LA ALTAGRACIA,ONAMET,EMCO,29.6,21.8,0.0,https://indomet.gob.do/wp-content/uploads/2025/04/temperaturas-extremas-y-precipitaciones-2025x04x05-a.pdf
2025-04-05,019,ARPT. DEL CIBAO,SANTIAGO,ONAMET,EMCO,31.8,18.6,0.0,https://indomet.gob.do/wp-content/uploads/2025/04/temperaturas-extremas-y-precipitaciones-2025x04x05-a.pdf
2025-04-05,020,ARPT. EL CATEY,SAMANÁ,ONAMET,EMCO,28.0,23.0,0.0,https://indomet.gob.do/wp-content/uploads/2025/04/temperaturas-extremas-y-precipitaciones-2025x04x05-a.pdf
2025-04-05,021,ARPT. LA ISABELA,SANTO DOMINGO,ONAMET,EMCO,32.5,22.5,0.0,https://indomet.gob.do/wp-content/uploads/2025/04/temperaturas-extremas-y-precipitaciones-2025x04x05-a.pdf
2025-04-05,022,ARPT. MARÍA MONTEZ,BARAHONA,ONAMET,EMCO,32.4,21.9,0.0,https://indomet.gob.do/wp-content/uploads/2025/04/temperaturas-extremas-y-precipitaciones-2025x04x05-a.pdf
2025-04-05,023,ARROYO LORO,SAN JUAN,IDIAF,EMCO,34.0,15.6,0.0,https://indomet.gob.do/wp-content/uploads/2025/04/temperaturas-extremas-y-precipitaciones-2025x04x05-a.pdf
2025-04-05,024,BAYAGUANA,MONTE PLATA,ONAMET,EMCO,31.6,22.0,0.0,https://indomet.gob.do/wp-content/uploads/2025/04/temperaturas-extremas-y-precipitaciones-2025x04x05-a.pdf
2025-04-05,025,BOCA DE MAO (EMA),VALVERDE,MINISTERIO DE AGRICULTURA,EMAP,34.9,21.2,0.0,https://indomet.gob.do/wp-content/uploads/2025/04/temperaturas-extremas-y-precipitaciones-2025x04x05-a.pdf
2025-04-05,026,BONAO,MONSEÑOR NOUEL,MINISTERIO DE AGRICULTURA,EMCV,,,0.0,https://indomet.gob.do/wp-content/uploads/2025/04/temperaturas-extremas-y-precipitaciones-2025x04x05-a.pdf
2025-04-05,027,CABRAL,BARAHONA,MINISTERIO DE AGRICULTURA,EMCV,33.6,21.5,0.0,https://indomet.gob.do/wp-content/uploads/2025/04/temperaturas-extremas-y-precipitaciones-2025x04x05-a.pdf
2025-04-05,028,CONSTANZA,LA VEGA,MINISTERIO DE AGRICULTURA,EMCO,24.4,8.3,0.0,https://indomet.gob.do/wp-content/uploads/2025/04/temperaturas-extremas-y-precipitaciones-2025x04x05-a.pdf
2025-04-05,029,DAJABÓN,DAJABÓN,INSTITUTO POLITÉCNICO LOYOLA,EMCO,34.8,19.6,0.0,https://indomet.gob.do/wp-content/uploads/2025/04/temperaturas-extremas-y-precipitaciones-2025x04x05-a.pdf
2025-04-05,030,EL FACTOR (EMA),MARÍA TRINIDAD SÁNCHEZ,INTEC,EMAP,30.2,19.8,0.0,https://indomet.gob.do/wp-content/uploads/2025/04/temperaturas-extremas-y-precipitaciones-2025x04x05-a.pdf
2025-04-05,031,ENRIQUILLO,BARAHONA,MINISTERIO DE AGRICULTURA,EMCV,32.0,25.0,0.0,https://indomet.gob.do/wp-content/uploads/2025/04/temperaturas-extremas-y-precipitaciones-2025x04x05-a.pdf
2025-04-05,032,GASPAR HERNÁNDEZ,ESPAILLAT,PROPIEDAD DEL EMPLEADO,EMCO,,,0.0,https://indomet.gob.do/wp-content/uploads/2025/04/temperaturas-extremas-y-precipitaciones-2025x04x05-a.pdf
2025-04-05,033,GURABO,SANTIAGO,MINISTERIO DE AGRICULTURA,EMCV,,,0.0,https://indomet.gob.do/wp-content/uploads/2025/04/temperaturas-extremas-y-precipitaciones-2025x04x05-a.pdf
2025-04-05,034,HATO MAYOR,HATO MAYOR,MINISTERIO DE AGRICULTURA,EMCV,,,0.0,https://indomet.gob.do/wp-content/uploads/2025/04/temperaturas-extremas-y-precipitaciones-2025x04x05-a.pdf
2025-04-05,035,HONDO VALLE,ELÍAS PIÑA,MINISTERIO DE AGRICULTURA,EMCO,26.0,15.9,0.0,https://indomet.gob.do/wp-content/uploads/2025/04/temperaturas-extremas-y-precipitaciones-2025x04x05-a.pdf
2025-04-05,036,JARABACOA (EMA),LA VEGA,PROGRAMA MUNDIAL DE ALIMENTO,EMAP,28.7,14.9,0.0,https://indomet.gob.do/wp-content/uploads/2025/04/temperaturas-extremas-y-precipitaciones-2025x04x05-a.pdf
2025-04-05,037,JIMANÍ,INDEPENDENCIA,MINISTERIO DE AGRICULTURA,EMCO,34.8,22.6,0.0,https://indomet.gob.do/wp-content/uploads/2025/04/temperaturas-extremas-y-precipitaciones-2025x04x05-a.pdf
2025-04-05,038,LA VEGA,LA VEGA,IATESA,EMCO,31.0,19.5,0.0,https://indomet.gob.do/wp-content/uploads/2025/04/temperaturas-extremas-y-precipitaciones-2025x04x05-a.pdf
2025-04-05,039,LA VICTORIA,SANTO DOMINGO,CUERPO DE BOMBEROS,EMCO,33.0,20.2,0.0,https://indomet.gob.do/wp-content/uploads/2025/04/temperaturas-extremas-y-precipitaciones-2025x04x05-a.pdf
2025-04-05,040,LAS CANAS (EMA),MONTE CRISTI,PROGRAMA MUNDIAL DE ALIMENTO,EMAP,28.6,21.4,0.0,https://indomet.gob.do/wp-content/uploads/2025/04/temperaturas-extremas-y-precipitaciones-2025x04x05-a.pdf
2025-04-05,041,LAS MATAS DE SANTA CRUZ (EMA,MONTE CRISTI,PROGRAMA MUNDIAL DE ALIMENTO,EMAP,33.6,20.8,0.0,https://indomet.gob.do/wp-content/uploads/2025/04/temperaturas-extremas-y-precipitaciones-2025x04x05-a.pdf
2025-04-05,042,LOS LLANOS,SAN PEDRO DE MACORÍS,MINISTERIO DE AGRICULTURA,EMCO,33.0,19.3,0.0,https://indomet.gob.do/wp-content/uploads/2025/04/temperaturas-extremas-y-precipitaciones-2025x04x05-a.pdf
2025-04-05,043,LOS TRES CHARCOS (EMA),PEDERNALES,PROPIEDAD DEL VOLUNTARIO,EMAP,31.5,23.5,0.0,https://indomet.gob.do/wp-content/uploads/2025/04/temperaturas-extremas-y-precipitaciones-2025x04x05-a.pdf
2025-04-05,044,MAO,VALVERDE,INDRHI / MINISTERIO DE AGRICULTURA,EMCV,,,0.0,https://indomet.gob.do/wp-content/uploads/2025/04/temperaturas-extremas-y-precipitaciones-2025x04x05-a.pdf
2025-04-05,045,MONTE CRISTI,MONTE CRISTI,ONAMET,EMCO,33.7,22.7,0.0,https://indomet.gob.do/wp-content/uploads/2025/04/temperaturas-extremas-y-precipitaciones-2025x04x05-a.pdf
2025-04-05,046,NAVARRETE,SANTIAGO,MINISTERIO DE AGRICULTURA,EMCV,,,0.0,https://indomet.gob.do/wp-content/uploads/2025/04/temperaturas-extremas-y-precipitaciones-2025x04x05-a.pdf
2025-04-05,047,OLIVARES,PEDERNALES,INDRHI,EMCO,,,0.0,https://indomet.gob.do/wp-content/uploads/2025/04/temperaturas-extremas-y-precipitaciones-2025x04x05-a.pdf
2025-04-05,048,OVIEDO,PEDERNALES,CLÍNICA RURAL OVIEDO,EMCO,31.0,24.5,0.0,https://indomet.gob.do/wp-content/uploads/2025/04/temperaturas-extremas-y-precipitaciones-2025x04x05-a.pdf
2025-04-05,049,PADRE LAS CASAS,AZUA,HOSP. NTRA. SRA. DEL CARMEN,EMCO,32.6,14.7,0.0,https://indomet.gob.do/wp-content/uploads/2025/04/temperaturas-extremas-y-precipitaciones-2025x04x05-a.pdf
2025-04-05,050,PEDERNALES,PEDERNALES,INDRHI,EMCO,,,0.0,https://indomet.gob.do/wp-content/uploads/2025/04/temperaturas-extremas-y-precipitaciones-2025x04x05-a.pdf
2025-04-05,051,PERALTA,AZUA,HOSP. MPAL. DE PERALTA,EMCO,35.0,14.6,0.0,https://indomet.gob.do/wp-content/uploads/2025/04/temperaturas-extremas-y-precipitaciones-2025x04x05-a.pdf
2025-04-05,052,PESCADERIA (EMA),BARAHONA,MINISTERIO DE AGRICULTURA,EMAP,32.6,21.8,0.0,https://indomet.gob.do/wp-content/uploads/2025/04/temperaturas-extremas-y-precipitaciones-2025x04x05-a.pdf
2025-04-05,053,PONTÓN ABAJO (EMA),LA VEGA,MINISTERIO DE AGRICULTURA,EMAP,32.2,19.9,0.0,https://indomet.gob.do/wp-content/uploads/2025/04/temperaturas-extremas-y-precipitaciones-2025x04x05-a.pdf
2025-04-05,054,PRESA DE TAVERAS (EMA),LA VEGA,PROGRAMA MUNDIAL DE ALIMENTO,EMAP,29.9,19.9,0.0,https://indomet.gob.do/wp-content/uploads/2025/04/temperaturas-extremas-y-precipitaciones-2025x04x05-a.pdf
2025-04-05,055,RANCHO ARRIBA,SAN JOSÉ DE OCOA,CENTRO TECNOLÓGICO COMUNITARIO,EMCO,27.8,13.2,0.0,https://indomet.gob.do/wp-content/uploads/2025/04/temperaturas-extremas-y-precipitaciones-2025x04x05-a.pdf
2025-04-05,056,RESTAURACIÓN,DAJABÓN,MINISTERIO DE AGRICULTURA,EMCO,15.6,11.9,0.0,https://indomet.gob.do/wp-content/uploads/2025/04/temperaturas-extremas-y-precipitaciones-2025x04x05-a.pdf
2025-04-05,057,SABANA DE LA MAR,HATO MAYOR,ONAMET,EMCO,30.0,20.5,0.0,https://indomet.gob.do/wp-content/uploads/2025/04/temperaturas-extremas-y-precipitaciones-2025x04x05-a.pdf
2025-04-05,058,SABANA GRANDE DE BOYÁ,MONTE PLATA,MINISTERIO DE AGRICULTURA,EMCV,,,0.0,https://indomet.gob.do/wp-content/uploads/2025/04/temperaturas-extremas-y-precipitaciones-2025x04x05-a.pdf
2025-04-05,059,SABANETA (EMA),SANTIAGO RODRÍGUEZ,PROGRAMA MUNDIAL DE ALIMENTO,EMAP,34.6,17.9,0.0,https://indomet.gob.do/wp-content/uploads/2025/04/temperaturas-extremas-y-precipitaciones-2025x04x05-a.pdf
2025-04-05,060,SALCEDO,HERMANAS MIRABAL,PROPIEDAD DEL EMPLEADO,EMCO,,,0.0,https://indomet.gob.do/wp-content/uploads/2025/04/temperaturas-extremas-y-precipitaciones-2025x04x05-a.pdf
2025-04-05,061,SAMANÁ,SAMANÁ,COMANDANCIA DE PUERTO DE SAMANÁ,EMCO,31.6,20.0,0.0,https://indomet.gob.do/wp-content/uploads/2025/04/temperaturas-extremas-y-precipitaciones-2025x04x05-a.pdf
2025-04-05,062,SAN CRISTÓBAL,SAN CRISTÓBAL,INSTITUTO POLITÉCNICO LOYOLA,EMCO,32.0,21.0,0.0,https://indomet.gob.do/wp-content/uploads/2025/04/temperaturas-extremas-y-precipitaciones-2025x04x05-a.pdf
2025-04-05,063,SAN JOSÉ DE OCOA,SAN JOSÉ DE OCOA,HOSP. SAN JOSÉ DE OCOA,EMCO,30.0,17.3,0.0,https://indomet.gob.do/wp-content/uploads/2025/04/temperaturas-extremas-y-precipitaciones-2025x04x05-a.pdf
2025-04-05,064,SÁNCHEZ,SAMANÁ,MINISTERIO DE AGRICULTURA,EMCO,31.8,21.2,0.0,https://indomet.gob.do/wp-content/uploads/2025/04/temperaturas-extremas-y-precipitaciones-2025x04x05-a.pdf
2025-04-05,065,SANTIAGO RODRÍGUEZ,SANTIAGO RODRÍGUEZ,ONAMET,EMCO,34.4,19.0,0.0,https://indomet.gob.do/wp-content/uploads/2025/04/temperaturas-extremas-y-precipitaciones-2025x04x05-a.pdf
2025-04-05,066,SANTO DOMINGO ESTE,SANTO DOMINGO,ONAMET,EMCO,32.4,22.8,0.0,https://indomet.gob.do/wp-content/uploads/2025/04/temperaturas-extremas-y-precipitaciones-2025x04x05-a.pdf
2025-04-05,067,TÁBARA ABAJO,AZUA,INDRHI,EMCO,33.5,20.0,0.0,https://indomet.gob.do/wp-content/uploads/2025/04/temperaturas-extremas-y-precipitaciones-2025x04x05-a.pdf
2025-04-05,068,VILLA ALTAGRACIA,SAN CRISTÓBAL,ESCUELA JAVIER ANGULO GURIDI,EMCO,,,0.0,https://indomet.gob.do/wp-content/uploads/2025/04/temperaturas-extremas-y-precipitaciones-2025x04x05-a.pdf
2025-04-05,069,VILLA GONZALES,SANTIAGO,MINISTERIO DE AGRICULTURA,EMCO,,,0.0,https://indomet.gob.do/wp-content/uploads/2025/04/temperaturas-extremas-y-precipitaciones-2025x04x05-a.pdf
2025-04-05,070,VILLA ISABELA,PUERTO PLATA,MINISTERIO DE AGRICULTURA,EMCV,,,0.0,https://indomet.gob.do/wp-content/uploads/2025/04/temperaturas-extremas-y-precipitaciones-2025x04x05-a.pdf
2025-04-05,071,VILLA RIVA,DUARTE,HOSP. MPAL. ALICIA DE LEGENDRE,EMCO,30.6,19.5,0.0,https://indomet.gob.do/wp-content/uploads/2025/04/temperaturas-extremas-y-precipitaciones-2025x04x05-a.pdf
2025-04-06,001,VILLA ALTAGRACIA,SAN CRISTÓBAL,ESCUELA JAVIER ANGULO GURIDI,EMCO,,,24.1,https://indomet.gob.do/wp-content/uploads/2025/04/temperaturas-extremas-y-precipitaciones-2025x04x06-a.pdf
2025-04-06,002,SAN CRISTÓBAL,SAN CRISTÓBAL,INSTITUTO POLITÉCNICO LOYOLA,EMCO,31.0,21.0,4.4,https://indomet.gob.do/wp-content/uploads/2025/04/temperaturas-extremas-y-precipitaciones-2025x04x06-a.pdf
2025-04-06,003,JARDÍN BOTÁNICO NACIONAL,DISTRITO NACIONAL,JARDÍN BOTÁNICO NACIONAL,EMCV,31.8,20.0,2.2,https://indomet.gob.do/wp-content/uploads/2025/04/temperaturas-extremas-y-precipitaciones-2025x04x06-a.pdf
2025-04-06,004,PARQUE MIRADOR SUR,DISTRITO NACIONAL,AYUNTAMIENTO,EMCV,32.5,21.7,2.0,https://indomet.gob.do/wp-content/uploads/2025/04/temperaturas-extremas-y-precipitaciones-2025x04x06-a.pdf
2025-04-06,005,POLO,BARAHONA,INDOCAFE,EMCO,27.0,16.3,1.2,https://indomet.gob.do/wp-content/uploads/2025/04/temperaturas-extremas-y-precipitaciones-2025x04x06-a.pdf
2025-04-06,006,ARPT. LA ISABELA,SANTO DOMINGO,ONAMET,EMCO,33.0,19.0,1.1,https://indomet.gob.do/wp-content/uploads/2025/04/temperaturas-extremas-y-precipitaciones-2025x04x06-a.pdf
2025-04-06,007,ESCONDIDO,PERAVIA,MINISTERIO DE AGRICULTURA,EMCV,31.0,23.0,0.5,https://indomet.gob.do/wp-content/uploads/2025/04/temperaturas-extremas-y-precipitaciones-2025x04x06-a.pdf
2025-04-06,008,SANTO DOMINGO ESTE,SANTO DOMINGO,ONAMET,EMCO,32.5,23.0,0.5,https://indomet.gob.do/wp-content/uploads/2025/04/temperaturas-extremas-y-precipitaciones-2025x04x06-a.pdf
2025-04-06,009,ARPT. EL CATEY,SAMANÁ,ONAMET,EMCO,28.0,18.5,0.4,https://indomet.gob.do/wp-content/uploads/2025/04/temperaturas-extremas-y-precipitaciones-2025x04x06-a.pdf
2025-04-06,010,LA VICTORIA,SANTO DOMINGO,CUERPO DE BOMBEROS,EMCO,33.2,20.1,0.3,https://indomet.gob.do/wp-content/uploads/2025/04/temperaturas-extremas-y-precipitaciones-2025x04x06-a.pdf
2025-04-06,011,CABRERA,MARÍA TRINIDAD SÁNCHEZ,ESCUELA ARÍSTIDES FIALLO CABRAL,EMCO,31.0,24.2,0.2,https://indomet.gob.do/wp-content/uploads/2025/04/temperaturas-extremas-y-precipitaciones-2025x04x06-a.pdf
2025-04-06,012,CENTRO DE LOS HEROES (EMA),DISTRITO NACIONAL,MINISTERIO DE ENERGIA Y MINA,EMAP,30.3,23.8,0.2,https://indomet.gob.do/wp-content/uploads/2025/04/temperaturas-extremas-y-precipitaciones-2025x04x06-a.pdf
2025-04-06,013,JARABACOA (EMA),LA VEGA,PROGRAMA MUNDIAL DE ALIMENTO,EMAP,28.9,15.4,0.2,https://indomet.gob.do/wp-content/uploads/2025/04/temperaturas-extremas-y-precipitaciones-2025x04x06-a.pdf
2025-04-06,014,ALTAMIRA,PUERTO PLATA,HOSP. MPAL. DE ALTAMIRA,EMCO,31.0,17.2,0.0,https://indomet.gob.do/wp-content/uploads/2025/04/temperaturas-extremas-y-precipitaciones-2025x04x06-a.pdf
2025-04-06,015,ALTO BANDERA (EMA),LA VEGA,INTEC,EMAP,17.1,5.7,0.0,https://indomet.gob.do/wp-content/uploads/2025/04/temperaturas-extremas-y-precipitaciones-2025x04x06-a.pdf
2025-04-06,016,ANAMUYA (EMA),LA ALTAGRACIA,MINISTERIO DE AGRICULTURA,EMAP,29.9,21.1,0.0,https://indomet.gob.do/wp-content/uploads/2025/04/temperaturas-extremas-y-precipitaciones-2025x04x06-a.pdf
2025-04-06,017,ARPT. ARROYO BARRIL,SAMANÁ,ONAMET,EMCO,31.0,21.5,0.0,https://indomet.gob.do/wp-content/uploads/2025/04/temperaturas-extremas-y-precipitaciones-2025x04x06-a.pdf
2025-04-06,018,ARPT. DE LA ROMANA,LA ROMANA,ONAMET,EMCO,31.4,20.7,0.0,https://indomet.gob.do/wp-content/uploads/2025/04/temperaturas-extremas-y-precipitaciones-2025x04x06-a.pdf
2025-04-06,019,ARPT. DE LAS AMÉRICAS,SANTO DOMINGO,ONAMET,EMCO,31.4,20.8,0.0,https://indomet.gob.do/wp-content/uploads/2025/04/temperaturas-extremas-y-precipitaciones-2025x04x06-a.pdf
2025-04-06,020,ARPT. DE PUNTA CANA,LA ALTAGRACIA,ONAMET,EMCO,29.8,24.4,0.0,https://indomet.gob.do/wp-content/uploads/2025/04/temperaturas-extremas-y-precipitaciones-2025x04x06-a.pdf
2025-04-06,021,ARPT. DEL CIBAO,SANTIAGO,ONAMET,EMCO,31.5,18.5,0.0,https://indomet.gob.do/wp-content/uploads/2025/04/temperaturas-extremas-y-precipitaciones-2025x04x06-a.pdf
2025-04-06,022,ARPT. GREGORIO LUPERÓN,PUERTO PLATA,ONAMET,EMCO,30.2,20.5,0.0,https://indomet.gob.do/wp-content/uploads/2025/04/temperaturas-extremas-y-precipitaciones-2025x04x06-a.pdf
2025-04-06,023,ARPT. MARÍA MONTEZ,BARAHONA,ONAMET,EMCO,31.8,22.2,0.0,https://indomet.gob.do/wp-content/uploads/2025/04/temperaturas-extremas-y-precipitaciones-2025x04x06-a.pdf
2025-04-06,024,ARROYO LORO,SAN JUAN,IDIAF,EMCO,34.4,18.2,0.0,https://indomet.gob.do/wp-content/uploads/2025/04/temperaturas-extremas-y-precipitaciones-2025x04x06-a.pdf
2025-04-06,025,BAYAGUANA,MONTE PLATA,ONAMET,EMCO,32.4,19.1,0.0,https://indomet.gob.do/wp-content/uploads/2025/04/temperaturas-extremas-y-precipitaciones-2025x04x06-a.pdf
2025-04-06,026,BOCA DE MAO (EMA),VALVERDE,MINISTERIO DE AGRICULTURA,EMAP,34.4,21.0,0.0,https://indomet.gob.do/wp-content/uploads/2025/04/temperaturas-extremas-y-precipitaciones-2025x04x06-a.pdf
2025-04-06,027,BOHECHÍO,SAN JUAN,MINISTERIO DE AGRICULTURA,EMCV,,,0.0,https://indomet.gob.do/wp-content/uploads/2025/04/temperaturas-extremas-y-precipitaciones-2025x04x06-a.pdf
2025-04-06,028,BONAO,MONSEÑOR NOUEL,MINISTERIO DE AGRICULTURA,EMCV,,,0.0,https://indomet.gob.do/wp-content/uploads/2025/04/temperaturas-extremas-y-precipitaciones-2025x04x06-a.pdf
2025-04-06,029,CABRAL,BARAHONA,MINISTERIO DE AGRICULTURA,EMCV,32.8,24.0,0.0,https://indomet.gob.do/wp-content/uploads/2025/04/temperaturas-extremas-y-precipitaciones-2025x04x06-a.pdf
2025-04-06,030,CONSTANZA,LA VEGA,MINISTERIO DE AGRICULTURA,EMCO,25.0,9.8,0.0,https://indomet.gob.do/wp-content/uploads/2025/04/temperaturas-extremas-y-precipitaciones-2025x04x06-a.pdf
2025-04-06,031,CONSTANZA (EMA),LA VEGA,PROGRAMA MUNDIAL DE ALIMENTO,EMAP,24.5,10.1,0.0,https://indomet.gob.do/wp-content/uploads/2025/04/temperaturas-extremas-y-precipitaciones-2025x04x06-a.pdf
2025-04-06,032,DAJABÓN,DAJABÓN,INSTITUTO POLITÉCNICO LOYOLA,EMCO,34.0,19.4,0.0,https://indomet.gob.do/wp-content/uploads/2025/04/temperaturas-extremas-y-precipitaciones-2025x04x06-a.pdf
2025-04-06,033,EL CERCADO,SAN JUAN,MINISTERIO DE AGRICULTURA,EMCV,,,0.0,https://indomet.gob.do/wp-content/uploads/2025/04/temperaturas-extremas-y-precipitaciones-2025x04x06-a.pdf
2025-04-06,034,EL FACTOR (EMA),MARÍA TRINIDAD SÁNCHEZ,INTEC,EMAP,29.7,19.4,0.0,https://indomet.gob.do/wp-content/uploads/2025/04/temperaturas-extremas-y-precipitaciones-2025x04x06-a.pdf
2025-04-06,035,ELÍAS PIÑA,ELÍAS PIÑA,MINISTERIO DE AGRICULTURA,EMCV,,,0.0,https://indomet.gob.do/wp-content/uploads/2025/04/temperaturas-extremas-y-precipitaciones-2025x04x06-a.pdf
2025-04-06,036,ENRIQUILLO,BARAHONA,MINISTERIO DE AGRICULTURA,EMCV,31.8,24.8,0.0,https://indomet.gob.do/wp-content/uploads/2025/04/temperaturas-extremas-y-precipitaciones-2025x04x06-a.pdf
2025-04-06,037,GASPAR HERNÁNDEZ,ESPAILLAT,PROPIEDAD DEL EMPLEADO,EMCO,,,0.0,https://indomet.gob.do/wp-content/uploads/2025/04/temperaturas-extremas-y-precipitaciones-2025x04x06-a.pdf
2025-04-06,038,GURABO,SANTIAGO,MINISTERIO DE AGRICULTURA,EMCV,,,0.0,https://indomet.gob.do/wp-content/uploads/2025/04/temperaturas-extremas-y-precipitaciones-2025x04x06-a.pdf
2025-04-06,039,HATO MAYOR,HATO MAYOR,MINISTERIO DE AGRICULTURA,EMCV,,,0.0,https://indomet.gob.do/wp-content/uploads/2025/04/temperaturas-extremas-y-precipitaciones-2025x04x06-a.pdf
2025-04-06,040,HONDO VALLE,ELÍAS PIÑA,MINISTERIO DE AGRICULTURA,EMCO,26.5,16.4,0.0,https://indomet.gob.do/wp-content/uploads/2025/04/temperaturas-extremas-y-precipitaciones-2025x04x06-a.pdf
2025-04-06,041,JARABACOA,LA VEGA,INDRHI / MARENA,EMCO,29.6,14.4,0.0,https://indomet.gob.do/wp-content/uploads/2025/04/temperaturas-extremas-y-precipitaciones-2025x04x06-a.pdf
2025-04-06,042,JIMANÍ,INDEPENDENCIA,MINISTERIO DE AGRICULTURA,EMCO,35.2,22.8,0.0,https://indomet.gob.do/wp-content/uploads/2025/04/temperaturas-extremas-y-precipitaciones-2025x04x06-a.pdf
2025-04-06,043,JUMA BEJUCAL,MONSEÑOR NOUEL,IDIAF,EMCV,30.8,21.1,0.0,https://indomet.gob.do/wp-content/uploads/2025/04/temperaturas-extremas-y-precipitaciones-2025x04x06-a.pdf
2025-04-06,044,LA VEGA,LA VEGA,IATESA,EMCO,31.6,19.4,0.0,https://indomet.gob.do/wp-content/uploads/2025/04/temperaturas-extremas-y-precipitaciones-2025x04x06-a.pdf
2025-04-06,045,LAS CANAS (EMA),MONTE CRISTI,PROGRAMA MUNDIAL DE ALIMENTO,EMAP,27.4,20.9,0.0,https://indomet.gob.do/wp-content/uploads/2025/04/temperaturas-extremas-y-precipitaciones-2025x04x06-a.pdf
2025-04-06,046,LAS MATAS DE SANTA CRUZ (EMA,MONTE CRISTI,PROGRAMA MUNDIAL DE ALIMENTO,EMAP,31.9,20.6,0.0,https://indomet.gob.do/wp-content/uploads/2025/04/temperaturas-extremas-y-precipitaciones-2025x04x06-a.pdf
2025-04-06,047,LOS JENGIBRES,NAGUA,INDRHI,EMCO,,,0.0,https://indomet.gob.do/wp-content/uploads/2025/04/temperaturas-extremas-y-precipitaciones-2025x04x06-a.pdf
2025-04-06,048,LOS LLANOS,SAN PEDRO DE MACORÍS,MINISTERIO DE AGRICULTURA,EMCO,33.7,19.5,0.0,https://indomet.gob.do/wp-content/uploads/2025/04/temperaturas-extremas-y-precipitaciones-2025x04x06-a.pdf
2025-04-06,049,LOS TRES CHARCOS (EMA),PEDERNALES,PROPIEDAD DEL VOLUNTARIO,EMAP,31.6,23.7,0.0,https://indomet.gob.do/wp-content/uploads/2025/04/temperaturas-extremas-y-precipitaciones-2025x04x06-a.pdf
2025-04-06,050,MAO,VALVERDE,INDRHI / MINISTERIO DE AGRICULTURA,EMCV,,,0.0,https://indomet.gob.do/wp-content/uploads/2025/04/temperaturas-extremas-y-precipitaciones-2025x04x06-a.pdf
2025-04-06,051,MONCIÓN (EMA),SANTIAGO RODRÍGUEZ,PROGRAMA MUNDIAL DE ALIMENTO,EMAP,31.9,17.2,0.0,https://indomet.gob.do/wp-content/uploads/2025/04/temperaturas-extremas-y-precipitaciones-2025x04x06-a.pdf
2025-04-06,052,MONTE CRISTI,MONTE CRISTI,ONAMET,EMCO,33.8,21.3,0.0,https://indomet.gob.do/wp-content/uploads/2025/04/temperaturas-extremas-y-precipitaciones-2025x04x06-a.pdf
2025-04-06,053,NAVARRETE,SANTIAGO,MINISTERIO DE AGRICULTURA,EMCV,,,0.0,https://indomet.gob.do/wp-content/uploads/2025/04/temperaturas-extremas-y-precipitaciones-2025x04x06-a.pdf
2025-04-06,054,OLIVARES,PEDERNALES,INDRHI,EMCO,,,0.0,https://indomet.gob.do/wp-content/uploads/2025/04/temperaturas-extremas-y-precipitaciones-2025x04x06-a.pdf
2025-04-06,055,OVIEDO,PEDERNALES,CLÍNICA RURAL OVIEDO,EMCO,31.5,24.3,0.0,https://indomet.gob.do/wp-content/uploads/2025/04/temperaturas-extremas-y-precipitaciones-2025x04x06-a.pdf
2025-04-06,056,PADRE LAS CASAS,AZUA,HOSP. NTRA. SRA. DEL CARMEN,EMCO,32.0,17.8,0.0,https://indomet.gob.do/wp-content/uploads/2025/04/temperaturas-extremas-y-precipitaciones-2025x04x06-a.pdf
2025-04-06,057,PALO ÍNDIO,PUERTO PLATA,MINISTERIO DE AGRICULTURA,EMCO,,,0.0,https://indomet.gob.do/wp-content/uploads/2025/04/temperaturas-extremas-y-precipitaciones-2025x04x06-a.pdf
2025-04-06,058,PASO AL MEDIO,SAN PEDRO DE MACORÍS,INDRHI,EMCO,,,0.0,https://indomet.gob.do/wp-content/uploads/2025/04/temperaturas-extremas-y-precipitaciones-2025x04x06-a.pdf
2025-04-06,059,PEDERNALES,PEDERNALES,INDRHI,EMCO,,,0.0,https://indomet.gob.do/wp-content/uploads/2025/04/temperaturas-extremas-y-precipitaciones-2025x04x06-a.pdf
2025-04-06,060,PERALTA,AZUA,HOSP. MPAL. DE PERALTA,EMCO,31.2,16.5,0.0,https://indomet.gob.do/wp-content/uploads/2025/04/temperaturas-extremas-y-precipitaciones-2025x04x06-a.pdf
2025-04-06,061,PESCADERIA (EMA),BARAHONA,MINISTERIO DE AGRICULTURA,EMAP,32.2,22.6,0.0,https://indomet.gob.do/wp-content/uploads/2025/04/temperaturas-extremas-y-precipitaciones-2025x04x06-a.pdf
2025-04-06,062,PONTÓN ABAJO (EMA),LA VEGA,MINISTERIO DE AGRICULTURA,EMAP,32.7,20.2,0.0,https://indomet.gob.do/wp-content/uploads/2025/04/temperaturas-extremas-y-precipitaciones-2025x04x06-a.pdf
2025-04-06,063,PRESA DE TAVERAS (EMA),LA VEGA,PROGRAMA MUNDIAL DE ALIMENTO,EMAP,29.9,19.5,0.0,https://indomet.gob.do/wp-content/uploads/2025/04/temperaturas-extremas-y-precipitaciones-2025x04x06-a.pdf
2025-04-06,064,RANCHO ARRIBA,SAN JOSÉ DE OCOA,CENTRO TECNOLÓGICO COMUNITARIO,EMCO,29.1,15.6,0.0,https://indomet.gob.do/wp-content/uploads/2025/04/temperaturas-extremas-y-precipitaciones-2025x04x06-a.pdf
2025-04-06,065,RESTAURACIÓN,DAJABÓN,MINISTERIO DE AGRICULTURA,EMCO,18.7,12.1,0.0,https://indomet.gob.do/wp-content/uploads/2025/04/temperaturas-extremas-y-precipitaciones-2025x04x06-a.pdf
2025-04-06,066,RÍO SAN JUAN,MARÍA TRINIDAD SÁNCHEZ,HOSP. MPAL. DR. DESIDERIO ACOSTA,EMCV,30.9,20.0,0.0,https://indomet.gob.do/wp-content/uploads/2025/04/temperaturas-extremas-y-precipitaciones-2025x04x06-a.pdf
2025-04-06,067,SABANA DE LA MAR,HATO MAYOR,ONAMET,EMCO,30.0,19.5,0.0,https://indomet.gob.do/wp-content/uploads/2025/04/temperaturas-extremas-y-precipitaciones-2025x04x06-a.pdf
2025-04-06,068,SABANA GRANDE DE BOYÁ,MONTE PLATA,MINISTERIO DE AGRICULTURA,EMCV,,,0.0,https://indomet.gob.do/wp-content/uploads/2025/04/temperaturas-extremas-y-precipitaciones-2025x04x06-a.pdf
2025-04-06,069,SABANETA (EMA),SANTIAGO RODRÍGUEZ,PROGRAMA MUNDIAL DE ALIMENTO,EMAP,35.7,19.8,0.0,https://indomet.gob.do/wp-content/uploads/2025/04/temperaturas-extremas-y-precipitaciones-2025x04x06-a.pdf
2025-04-06,070,SALCEDO,HERMANAS MIRABAL,PROPIEDAD DEL EMPLEADO,EMCO,,,0.0,https://indomet.gob.do/wp-content/uploads/2025/04/temperaturas-extremas-y-precipitaciones-2025x04x06-a.pdf
2025-04-06,071,SAMANÁ,SAMANÁ,COMANDANCIA DE PUERTO DE SAMANÁ,EMCO,31.0,20.0,0.0,https://indomet.gob.do/wp-content/uploads/2025/04/temperaturas-extremas-y-precipitaciones-2025x04x06-a.pdf
2025-04-06,072,SAN FRANCISCO DE MACORÍS,DUARTE,San Francisco de Macorís (UASD),EMCO,31.2,19.3,0.0,https://indomet.gob.do/wp-content/uploads/2025/04/temperaturas-extremas-y-precipitaciones-2025x04x06-a.pdf
2025-04-06,073,SAN JOSÉ DE OCOA,SAN JOSÉ DE OCOA,HOSP. SAN JOSÉ DE OCOA,EMCO,31.2,16.9,0.0,https://indomet.gob.do/wp-content/uploads/2025/04/temperaturas-extremas-y-precipitaciones-2025x04x06-a.pdf
2025-04-06,074,SAN RAFAEL DEL YUMA,LA ALTAGRACIA,MINISTERIO DE AGRICULTURA,EMCO,31.7,19.4,0.0,https://indomet.gob.do/wp-content/uploads/2025/04/temperaturas-extremas-y-precipitaciones-2025x04x06-a.pdf
2025-04-06,075,SÁNCHEZ,SAMANÁ,MINISTERIO DE AGRICULTURA,EMCO,30.7,19.0,0.0,https://indomet.gob.do/wp-content/uploads/2025/04/temperaturas-extremas-y-precipitaciones-2025x04x06-a.pdf
2025-04-06,076,SANTIAGO RODRÍGUEZ,SANTIAGO RODRÍGUEZ,ONAMET,EMCO,35.3,22.0,0.0,https://indomet.gob.do/wp-content/uploads/2025/04/temperaturas-extremas-y-precipitaciones-2025x04x06-a.pdf
2025-04-06,077,TÁBARA ABAJO,AZUA,INDRHI,EMCO,34.5,25.0,0.0,https://indomet.gob.do/wp-content/uploads/2025/04/temperaturas-extremas-y-precipitaciones-2025x04x06-a.pdf
2025-04-06,078,VALLE NUEVO (EMA),LA VEGA,MARENA,EMAO,20.7,-0.6,0.0,https://indomet.gob.do/wp-content/uploads/2025/04/temperaturas-extremas-y-precipitaciones-2025x04x06-a.pdf
2025-04-06,079,VILLA GONZALES,SANTIAGO,MINISTERIO DE AGRICULTURA,EMCO,,,0.0,https://indomet.gob.do/wp-content/uploads/2025/04/temperaturas-extremas-y-precipitaciones-2025x04x06-a.pdf
2025-04-06,080,VILLA ISABELA,PUERTO PLATA,MINISTERIO DE AGRICULTURA,EMCV,,,0.0,https://indomet.gob.do/wp-content/uploads/2025/04/temperaturas-extremas-y-precipitaciones-2025x04x06-a.pdf
2025-04-06,081,VILLA RIVA,DUARTE,HOSP. MPAL. ALICIA DE LEGENDRE,EMCO,31.0,21.0,0.0,https://indomet.gob.do/wp-content/uploads/2025/04/temperaturas-extremas-y-precipitaciones-2025x04x06-a.pdf
2025-04-07,001,SABANA GRANDE DE BOYÁ,MONTE PLATA,MINISTERIO DE AGRICULTURA,EMCV,,,14.0,https://indomet.gob.do/wp-content/uploads/2025/04/temperaturas-extremas-y-precipitaciones-2025x04x07-a.pdf
2025-04-07,002,ARPT. DE PUNTA CANA,LA ALTAGRACIA,ONAMET,EMCO,29.8,23.0,7.0,https://indomet.gob.do/wp-content/uploads/2025/04/temperaturas-extremas-y-precipitaciones-2025x04x07-a.pdf
2025-04-07,003,LOS TRES CHARCOS (EMA),PEDERNALES,PROPIEDAD DEL VOLUNTARIO,EMAP,31.1,23.3,6.0,https://indomet.gob.do/wp-content/uploads/2025/04/temperaturas-extremas-y-precipitaciones-2025x04x07-a.pdf
2025-04-07,004,HONDO VALLE,ELÍAS PIÑA,MINISTERIO DE AGRICULTURA,EMCO,26.0,15.9,2.8,https://indomet.gob.do/wp-content/uploads/2025/04/temperaturas-extremas-y-precipitaciones-2025x04x07-a.pdf
2025-04-07,005,RANCHO ARRIBA,SAN JOSÉ DE OCOA,CENTRO TECNOLÓGICO COMUNITARIO,EMCO,30.0,16.7,2.6,https://indomet.gob.do/wp-content/uploads/2025/04/temperaturas-extremas-y-precipitaciones-2025x04x07-a.pdf
2025-04-07,006,ARPT. MARÍA MONTEZ,BARAHONA,ONAMET,EMCO,31.4,23.4,1.6,https://indomet.gob.do/wp-content/uploads/2025/04/temperaturas-extremas-y-precipitaciones-2025x04x07-a.pdf
2025-04-07,007,CABRAL,BARAHONA,MINISTERIO DE AGRICULTURA,EMCV,32.4,22.5,1.4,https://indomet.gob.do/wp-content/uploads/2025/04/temperaturas-extremas-y-precipitaciones-2025x04x07-a.pdf
2025-04-07,008,BAYAGUANA,MONTE PLATA,ONAMET,EMCO,33.0,18.5,1.3,https://indomet.gob.do/wp-content/uploads/2025/04/temperaturas-extremas-y-precipitaciones-2025x04x07-a.pdf
2025-04-07,009,SAN RAFAEL DEL YUMA,LA ALTAGRACIA,MINISTERIO DE AGRICULTURA,EMCO,31.0,21.0,0.9,https://indomet.gob.do/wp-content/uploads/2025/04/temperaturas-extremas-y-precipitaciones-2025x04x07-a.pdf
2025-04-07,010,SAMANÁ,SAMANÁ,COMANDANCIA DE PUERTO DE SAMANÁ,EMCO,32.0,20.4,0.6,https://indomet.gob.do/wp-content/uploads/2025/04/temperaturas-extremas-y-precipitaciones-2025x04x07-a.pdf
2025-04-07,011,PESCADERIA (EMA),BARAHONA,MINISTERIO DE AGRICULTURA,EMAP,31.1,22.6,0.4,https://indomet.gob.do/wp-content/uploads/2025/04/temperaturas-extremas-y-precipitaciones-2025x04x07-a.pdf
2025-04-07,012,POLO,BARAHONA,INDOCAFE,EMCO,27.5,15.4,0.3,https://indomet.gob.do/wp-content/uploads/2025/04/temperaturas-extremas-y-precipitaciones-2025x04x07-a.pdf
2025-04-07,013,ALTO BANDERA (EMA),LA VEGA,INTEC,EMAP,15.7,5.1,0.3,https://indomet.gob.do/wp-content/uploads/2025/04/temperaturas-extremas-y-precipitaciones-2025x04x07-a.pdf
2025-04-07,014,PADRE LAS CASAS,AZUA,HOSP. NTRA. SRA. DEL CARMEN,EMCO,31.4,18.0,0.2,https://indomet.gob.do/wp-content/uploads/2025/04/temperaturas-extremas-y-precipitaciones-2025x04x07-a.pdf
2025-04-07,015,VALLE NUEVO (EMA),LA VEGA,MARENA,EMAO,19.0,2.6,0.2,https://indomet.gob.do/wp-content/uploads/2025/04/temperaturas-extremas-y-precipitaciones-2025x04x07-a.pdf
2025-04-07,016,ALTAMIRA,PUERTO PLATA,HOSP. MPAL. DE ALTAMIRA,EMCO,33.2,18.1,0.0,https://indomet.gob.do/wp-content/uploads/2025/04/temperaturas-extremas-y-precipitaciones-2025x04x07-a.pdf
2025-04-07,017,ANAMUYA (EMA),LA ALTAGRACIA,MINISTERIO DE AGRICULTURA,EMAP,31.1,21.2,0.0,https://indomet.gob.do/wp-content/uploads/2025/04/temperaturas-extremas-y-precipitaciones-2025x04x07-a.pdf
2025-04-07,018,ARPT. ARROYO BARRIL,SAMANÁ,ONAMET,EMCO,32.0,20.0,0.0,https://indomet.gob.do/wp-content/uploads/2025/04/temperaturas-extremas-y-precipitaciones-2025x04x07-a.pdf
2025-04-07,019,ARPT. DE LA ROMANA,LA ROMANA,ONAMET,EMCO,30.9,18.8,0.0,https://indomet.gob.do/wp-content/uploads/2025/04/temperaturas-extremas-y-precipitaciones-2025x04x07-a.pdf
2025-04-07,020,ARPT. DE LAS AMÉRICAS,SANTO DOMINGO,ONAMET,EMCO,32.0,20.8,0.0,https://indomet.gob.do/wp-content/uploads/2025/04/temperaturas-extremas-y-precipitaciones-2025x04x07-a.pdf
2025-04-07,021,ARPT. DEL CIBAO,SANTIAGO,ONAMET,EMCO,32.6,18.3,0.0,https://indomet.gob.do/wp-content/uploads/2025/04/temperaturas-extremas-y-precipitaciones-2025x04x07-a.pdf
2025-04-07,022,ARPT. EL CATEY,SAMANÁ,ONAMET,EMCO,30.0,18.6,0.0,https://indomet.gob.do/wp-content/uploads/2025/04/temperaturas-extremas-y-precipitaciones-2025x04x07-a.pdf
2025-04-07,023,ARPT. GREGORIO LUPERÓN,PUERTO PLATA,ONAMET,EMCO,30.7,20.2,0.0,https://indomet.gob.do/wp-content/uploads/2025/04/temperaturas-extremas-y-precipitaciones-2025x04x07-a.pdf
2025-04-07,024,ARPT. LA ISABELA,SANTO DOMINGO,ONAMET,EMCO,31.0,19.0,0.0,https://indomet.gob.do/wp-content/uploads/2025/04/temperaturas-extremas-y-precipitaciones-2025x04x07-a.pdf
2025-04-07,025,ARROYO LORO,SAN JUAN,IDIAF,EMCO,33.2,19.0,0.0,https://indomet.gob.do/wp-content/uploads/2025/04/temperaturas-extremas-y-precipitaciones-2025x04x07-a.pdf
2025-04-07,026,BOCA DE MAO (EMA),VALVERDE,MINISTERIO DE AGRICULTURA,EMAP,35.2,21.5,0.0,https://indomet.gob.do/wp-content/uploads/2025/04/temperaturas-extremas-y-precipitaciones-2025x04x07-a.pdf
2025-04-07,027,CENTRO DE LOS HEROES (EMA),DISTRITO NACIONAL,MINISTERIO DE ENERGIA Y MINA,EMAP,29.6,24.2,0.0,https://indomet.gob.do/wp-content/uploads/2025/04/temperaturas-extremas-y-precipitaciones-2025x04x07-a.pdf
2025-04-07,028,CONSTANZA,LA VEGA,MINISTERIO DE AGRICULTURA,EMCO,25.7,10.2,0.0,https://indomet.gob.do/wp-content/uploads/2025/04/temperaturas-extremas-y-precipitaciones-2025x04x07-a.pdf
2025-04-07,029,CONSTANZA (EMA),LA VEGA,PROGRAMA MUNDIAL DE ALIMENTO,EMAP,25.1,11.5,0.0,https://indomet.gob.do/wp-content/uploads/2025/04/temperaturas-extremas-y-precipitaciones-2025x04x07-a.pdf
2025-04-07,030,DAJABÓN,DAJABÓN,INSTITUTO POLITÉCNICO LOYOLA,EMCO,33.8,20.0,0.0,https://indomet.gob.do/wp-content/uploads/2025/04/temperaturas-extremas-y-precipitaciones-2025x04x07-a.pdf
2025-04-07,031,EL FACTOR (EMA),MARÍA TRINIDAD SÁNCHEZ,INTEC,EMAP,31.4,19.9,0.0,https://indomet.gob.do/wp-content/uploads/2025/04/temperaturas-extremas-y-precipitaciones-2025x04x07-a.pdf
2025-04-07,032,ELÍAS PIÑA,ELÍAS PIÑA,MINISTERIO DE AGRICULTURA,EMCV,,,0.0,https://indomet.gob.do/wp-content/uploads/2025/04/temperaturas-extremas-y-precipitaciones-2025x04x07-a.pdf
2025-04-07,033,ENRIQUILLO,BARAHONA,MINISTERIO DE AGRICULTURA,EMCV,31.5,25.0,0.0,https://indomet.gob.do/wp-content/uploads/2025/04/temperaturas-extremas-y-precipitaciones-2025x04x07-a.pdf
2025-04-07,034,ESCONDIDO,PERAVIA,MINISTERIO DE AGRICULTURA,EMCV,31.0,24.0,0.0,https://indomet.gob.do/wp-content/uploads/2025/04/temperaturas-extremas-y-precipitaciones-2025x04x07-a.pdf
2025-04-07,035,GASPAR HERNÁNDEZ,ESPAILLAT,PROPIEDAD DEL EMPLEADO,EMCO,,,0.0,https://indomet.gob.do/wp-content/uploads/2025/04/temperaturas-extremas-y-precipitaciones-2025x04x07-a.pdf
2025-04-07,036,GURABO,SANTIAGO,MINISTERIO DE AGRICULTURA,EMCV,,,0.0,https://indomet.gob.do/wp-content/uploads/2025/04/temperaturas-extremas-y-precipitaciones-2025x04x07-a.pdf
2025-04-07,037,HATO MAYOR,HATO MAYOR,MINISTERIO DE AGRICULTURA,EMCV,,,0.0,https://indomet.gob.do/wp-content/uploads/2025/04/temperaturas-extremas-y-precipitaciones-2025x04x07-a.pdf
2025-04-07,038,JARABACOA,LA VEGA,INDRHI / MARENA,EMCO,30.2,15.0,0.0,https://indomet.gob.do/wp-content/uploads/2025/04/temperaturas-extremas-y-precipitaciones-2025x04x07-a.pdf
2025-04-07,039,JARABACOA (EMA),LA VEGA,PROGRAMA MUNDIAL DE ALIMENTO,EMAP,29.8,16.5,0.0,https://indomet.gob.do/wp-content/uploads/2025/04/temperaturas-extremas-y-precipitaciones-2025x04x07-a.pdf
2025-04-07,040,JARDÍN BOTÁNICO NACIONAL,DISTRITO NACIONAL,JARDÍN BOTÁNICO NACIONAL,EMCV,31.0,19.3,0.0,https://indomet.gob.do/wp-content/uploads/2025/04/temperaturas-extremas-y-precipitaciones-2025x04x07-a.pdf
2025-04-07,041,JIMANÍ,INDEPENDENCIA,MINISTERIO DE AGRICULTURA,EMCO,35.2,23.6,0.0,https://indomet.gob.do/wp-content/uploads/2025/04/temperaturas-extremas-y-precipitaciones-2025x04x07-a.pdf
2025-04-07,042,JUMA BEJUCAL,MONSEÑOR NOUEL,IDIAF,EMCV,30.2,19.8,0.0,https://indomet.gob.do/wp-content/uploads/2025/04/temperaturas-extremas-y-precipitaciones-2025x04x07-a.pdf
2025-04-07,043,LA VEGA,LA VEGA,IATESA,EMCO,32.0,20.5,0.0,https://indomet.gob.do/wp-content/uploads/2025/04/temperaturas-extremas-y-precipitaciones-2025x04x07-a.pdf
2025-04-07,044,LA VICTORIA,SANTO DOMINGO,CUERPO DE BOMBEROS,EMCO,33.0,20.2,0.0,https://indomet.gob.do/wp-content/uploads/2025/04/temperaturas-extremas-y-precipitaciones-2025x04x07-a.pdf
2025-04-07,045,LAS MATAS DE SANTA CRUZ (EMA),MONTE CRISTI,PROGRAMA MUNDIAL DE ALIMENTO,EMAP,33.8,22.1,0.0,https://indomet.gob.do/wp-content/uploads/2025/04/temperaturas-extremas-y-precipitaciones-2025x04x07-a.pdf
2025-04-07,046,LOS JENGIBRES,NAGUA,INDRHI,EMCO,,,0.0,https://indomet.gob.do/wp-content/uploads/2025/04/temperaturas-extremas-y-precipitaciones-2025x04x07-a.pdf
2025-04-07,047,LOS LLANOS,SAN PEDRO DE MACORÍS,MINISTERIO DE AGRICULTURA,EMCO,32.5,19.7,0.0,https://indomet.gob.do/wp-content/uploads/2025/04/temperaturas-extremas-y-precipitaciones-2025x04x07-a.pdf
2025-04-07,048,MAO,VALVERDE,INDRHI / MINISTERIO DE AGRICULTURA,EMCV,,,0.0,https://indomet.gob.do/wp-content/uploads/2025/04/temperaturas-extremas-y-precipitaciones-2025x04x07-a.pdf
2025-04-07,049,MONCIÓN (EMA),SANTIAGO RODRÍGUEZ,PROGRAMA MUNDIAL DE ALIMENTO,EMAP,33.1,17.8,0.0,https://indomet.gob.do/wp-content/uploads/2025/04/temperaturas-extremas-y-precipitaciones-2025x04x07-a.pdf
2025-04-07,050,MONTE CRISTI,MONTE CRISTI,ONAMET,EMCO,34.0,20.5,0.0,https://indomet.gob.do/wp-content/uploads/2025/04/temperaturas-extremas-y-precipitaciones-2025x04x07-a.pdf
2025-04-07,051,NAVARRETE,SANTIAGO,MINISTERIO DE AGRICULTURA,EMCV,,,0.0,https://indomet.gob.do/wp-content/uploads/2025/04/temperaturas-extremas-y-precipitaciones-2025x04x07-a.pdf
2025-04-07,052,OLIVARES,PEDERNALES,INDRHI,EMCO,,,0.0,https://indomet.gob.do/wp-content/uploads/2025/04/temperaturas-extremas-y-precipitaciones-2025x04x07-a.pdf
2025-04-07,053,OVIEDO,PEDERNALES,CLÍNICA RURAL OVIEDO,EMCO,31.2,24.5,0.0,https://indomet.gob.do/wp-content/uploads/2025/04/temperaturas-extremas-y-precipitaciones-2025x04x07-a.pdf
2025-04-07,054,PALO ÍNDIO,PUERTO PLATA,MINISTERIO DE AGRICULTURA,EMCO,,,0.0,https://indomet.gob.do/wp-content/uploads/2025/04/temperaturas-extremas-y-precipitaciones-2025x04x07-a.pdf
2025-04-07,055,PASO AL MEDIO,SAN PEDRO DE MACORÍS,INDRHI,EMCO,,,0.0,https://indomet.gob.do/wp-content/uploads/2025/04/temperaturas-extremas-y-precipitaciones-2025x04x07-a.pdf
2025-04-07,056,PEDERNALES,PEDERNALES,INDRHI,EMCO,,,0.0,https://indomet.gob.do/wp-content/uploads/2025/04/temperaturas-extremas-y-precipitaciones-2025x04x07-a.pdf
2025-04-07,057,PERALTA,AZUA,HOSP. MPAL. DE PERALTA,EMCO,30.5,16.0,0.0,https://indomet.gob.do/wp-content/uploads/2025/04/temperaturas-extremas-y-precipitaciones-2025x04x07-a.pdf
2025-04-07,058,PONTÓN ABAJO (EMA),LA VEGA,MINISTERIO DE AGRICULTURA,EMAP,33.7,20.7,0.0,https://indomet.gob.do/wp-content/uploads/2025/04/temperaturas-extremas-y-precipitaciones-2025x04x07-a.pdf
2025-04-07,059,PRESA DE TAVERAS (EMA),LA VEGA,PROGRAMA MUNDIAL DE ALIMENTO,EMAP,30.6,19.4,0.0,https://indomet.gob.do/wp-content/uploads/2025/04/temperaturas-extremas-y-precipitaciones-2025x04x07-a.pdf
2025-04-07,060,RESTAURACIÓN,DAJABÓN,MINISTERIO DE AGRICULTURA,EMCO,19.2,12.9,0.0,https://indomet.gob.do/wp-content/uploads/2025/04/temperaturas-extremas-y-precipitaciones-2025x04x07-a.pdf
2025-04-07,061,RÍO SAN JUAN,MARÍA TRINIDAD SÁNCHEZ,HOSP. MPAL. DR. DESIDERIO ACOSTA,EMCV,32.2,22.2,0.0,https://indomet.gob.do/wp-content/uploads/2025/04/temperaturas-extremas-y-precipitaciones-2025x04x07-a.pdf
2025-04-07,062,SABANA DE LA MAR,HATO MAYOR,ONAMET,EMCO,29.5,19.5,0.0,https://indomet.gob.do/wp-content/uploads/2025/04/temperaturas-extremas-y-precipitaciones-2025x04x07-a.pdf
2025-04-07,063,SABANETA (EMA),SANTIAGO RODRÍGUEZ,PROGRAMA MUNDIAL DE ALIMENTO,EMAP,36.9,20.8,0.0,https://indomet.gob.do/wp-content/uploads/2025/04/temperaturas-extremas-y-precipitaciones-2025x04x07-a.pdf
2025-04-07,064,SALCEDO,HERMANAS MIRABAL,PROPIEDAD DEL EMPLEADO,EMCO,,,0.0,https://indomet.gob.do/wp-content/uploads/2025/04/temperaturas-extremas-y-precipitaciones-2025x04x07-a.pdf
2025-04-07,065,SAN CRISTÓBAL,SAN CRISTÓBAL,INSTITUTO POLITÉCNICO LOYOLA,EMCO,30.2,19.2,0.0,https://indomet.gob.do/wp-content/uploads/2025/04/temperaturas-extremas-y-precipitaciones-2025x04x07-a.pdf
2025-04-07,066,SAN FRANCISCO DE MACORÍS,DUARTE,San Francisco de Macorís (UASD),EMCO,31.4,19.7,0.0,https://indomet.gob.do/wp-content/uploads/2025/04/temperaturas-extremas-y-precipitaciones-2025x04x07-a.pdf
2025-04-07,067,SAN JOSÉ DE OCOA,SAN JOSÉ DE OCOA,HOSP. SAN JOSÉ DE OCOA,EMCO,31.0,16.9,0.0,https://indomet.gob.do/wp-content/uploads/2025/04/temperaturas-extremas-y-precipitaciones-2025x04x07-a.pdf
2025-04-07,068,SÁNCHEZ,SAMANÁ,MINISTERIO DE AGRICULTURA,EMCO,31.8,21.6,0.0,https://indomet.gob.do/wp-content/uploads/2025/04/temperaturas-extremas-y-precipitaciones-2025x04x07-a.pdf
2025-04-07,069,SANTIAGO RODRÍGUEZ,SANTIAGO RODRÍGUEZ,ONAMET,EMCO,35.5,21.0,0.0,https://indomet.gob.do/wp-content/uploads/2025/04/temperaturas-extremas-y-precipitaciones-2025x04x07-a.pdf
2025-04-07,070,SANTO DOMINGO ESTE,SANTO DOMINGO,ONAMET,EMCO,31.6,23.2,0.0,https://indomet.gob.do/wp-content/uploads/2025/04/temperaturas-extremas-y-precipitaciones-2025x04x07-a.pdf
2025-04-07,071,TÁBARA ABAJO,AZUA,INDRHI,EMCO,33.6,20.5,0.0,https://indomet.gob.do/wp-content/uploads/2025/04/temperaturas-extremas-y-precipitaciones-2025x04x07-a.pdf
2025-04-07,072,TAMBORIL,SANTIAGO,MINISTERIO DE AGRICULTURA,EMCV,,,0.0,https://indomet.gob.do/wp-content/uploads/2025/04/temperaturas-extremas-y-precipitaciones-2025x04x07-a.pdf
2025-04-07,073,VILLA ISABELA,PUERTO PLATA,MINISTERIO DE AGRICULTURA,EMCV,,,0.0,https://indomet.gob.do/wp-content/uploads/2025/04/temperaturas-extremas-y-precipitaciones-2025x04x07-a.pdf
2025-04-07,074,VILLA RIVA,DUARTE,HOSP. MPAL. ALICIA DE LEGENDRE,EMCO,31.4,22.0,0.0,https://indomet.gob.do/wp-content/uploads/2025/04/temperaturas-extremas-y-precipitaciones-2025x04x07-a.pdf
2025-04-08,001,LOS TRES CHARCOS (EMA),PEDERNALES,PROPIEDAD DEL VOLUNTARIO,EMAP,32.1,22.8,6.4,https://indomet.gob.do/wp-content/uploads/2025/04/temperaturas-extremas-y-precipitaciones-2025x04x08-a.pdf
2025-04-08,002,ARPT. DE PUNTA CANA,LA ALTAGRACIA,ONAMET,EMCO,29.5,21.0,5.0,https://indomet.gob.do/wp-content/uploads/2025/04/temperaturas-extremas-y-precipitaciones-2025x04x08-a.pdf
2025-04-08,003,VALLE NUEVO (EMA),LA VEGA,MARENA,EMAO,19.3,3.4,3.0,https://indomet.gob.do/wp-content/uploads/2025/04/temperaturas-extremas-y-precipitaciones-2025x04x08-a.pdf
2025-04-08,004,ARPT. LA ISABELA,SANTO DOMINGO,ONAMET,EMCO,32.0,18.6,2.0,https://indomet.gob.do/wp-content/uploads/2025/04/temperaturas-extremas-y-precipitaciones-2025x04x08-a.pdf
2025-04-08,005,SAMANÁ,SAMANÁ,COMANDANCIA DE PUERTO DE SAMANÁ,EMCO,32.0,20.7,1.8,https://indomet.gob.do/wp-content/uploads/2025/04/temperaturas-extremas-y-precipitaciones-2025x04x08-a.pdf
2025-04-08,006,ENRIQUILLO,BARAHONA,MINISTERIO DE AGRICULTURA,EMCV,32.0,23.5,1.2,https://indomet.gob.do/wp-content/uploads/2025/04/temperaturas-extremas-y-precipitaciones-2025x04x08-a.pdf
2025-04-08,007,ALTO BANDERA (EMA),LA VEGA,INTEC,EMAP,15.6,5.7,1.0,https://indomet.gob.do/wp-content/uploads/2025/04/temperaturas-extremas-y-precipitaciones-2025x04x08-a.pdf
2025-04-08,008,PESCADERIA (EMA),BARAHONA,MINISTERIO DE AGRICULTURA,EMAP,31.6,21.8,0.8,https://indomet.gob.do/wp-content/uploads/2025/04/temperaturas-extremas-y-precipitaciones-2025x04x08-a.pdf
2025-04-08,009,OVIEDO,PEDERNALES,CLÍNICA RURAL OVIEDO,EMCO,32.0,23.5,0.6,https://indomet.gob.do/wp-content/uploads/2025/04/temperaturas-extremas-y-precipitaciones-2025x04x08-a.pdf
2025-04-08,010,SABANETA (EMA),SANTIAGO RODRÍGUEZ,PROGRAMA MUNDIAL DE ALIMENTO,EMAP,35.7,21.3,0.6,https://indomet.gob.do/wp-content/uploads/2025/04/temperaturas-extremas-y-precipitaciones-2025x04x08-a.pdf
2025-04-08,011,JARDÍN BOTÁNICO NACIONAL,DISTRITO NACIONAL,JARDÍN BOTÁNICO NACIONAL,EMCV,31.5,20.2,0.2,https://indomet.gob.do/wp-content/uploads/2025/04/temperaturas-extremas-y-precipitaciones-2025x04x08-a.pdf
2025-04-08,012,HONDO VALLE,ELÍAS PIÑA,MINISTERIO DE AGRICULTURA,EMCO,27.2,16.6,0.1,https://indomet.gob.do/wp-content/uploads/2025/04/temperaturas-extremas-y-precipitaciones-2025x04x08-a.pdf
2025-04-08,013,POLO,BARAHONA,INDOCAFE,EMCO,29.0,16.5,0.1,https://indomet.gob.do/wp-content/uploads/2025/04/temperaturas-extremas-y-precipitaciones-2025x04x08-a.pdf
2025-04-08,014,SANTIAGO RODRÍGUEZ,SANTIAGO RODRÍGUEZ,ONAMET,EMCO,35.4,23.0,0.1,https://indomet.gob.do/wp-content/uploads/2025/04/temperaturas-extremas-y-precipitaciones-2025x04x08-a.pdf
2025-04-08,015,ALTAMIRA,PUERTO PLATA,HOSP. MPAL. DE ALTAMIRA,EMCO,34.9,19.8,0.0,https://indomet.gob.do/wp-content/uploads/2025/04/temperaturas-extremas-y-precipitaciones-2025x04x08-a.pdf
2025-04-08,016,ANAMUYA (EMA),LA ALTAGRACIA,MINISTERIO DE AGRICULTURA,EMAP,32.1,21.8,0.0,https://indomet.gob.do/wp-content/uploads/2025/04/temperaturas-extremas-y-precipitaciones-2025x04x08-a.pdf
2025-04-08,017,ARPT. ARROYO BARRIL,SAMANÁ,ONAMET,EMCO,30.6,20.8,0.0,https://indomet.gob.do/wp-content/uploads/2025/04/temperaturas-extremas-y-precipitaciones-2025x04x08-a.pdf
2025-04-08,018,ARPT. DE LA ROMANA,LA ROMANA,ONAMET,EMCO,30.8,20.0,0.0,https://indomet.gob.do/wp-content/uploads/2025/04/temperaturas-extremas-y-precipitaciones-2025x04x08-a.pdf
2025-04-08,019,ARPT. DE LAS AMÉRICAS,SANTO DOMINGO,ONAMET,EMCO,30.4,20.2,0.0,https://indomet.gob.do/wp-content/uploads/2025/04/temperaturas-extremas-y-precipitaciones-2025x04x08-a.pdf
2025-04-08,020,ARPT. DEL CIBAO,SANTIAGO,ONAMET,EMCO,33.2,19.9,0.0,https://indomet.gob.do/wp-content/uploads/2025/04/temperaturas-extremas-y-precipitaciones-2025x04x08-a.pdf
2025-04-08,021,ARPT. EL CATEY,SAMANÁ,ONAMET,EMCO,30.3,19.5,0.0,https://indomet.gob.do/wp-content/uploads/2025/04/temperaturas-extremas-y-precipitaciones-2025x04x08-a.pdf
2025-04-08,022,ARPT. GREGORIO LUPERÓN,PUERTO PLATA,ONAMET,EMCO,33.3,21.7,0.0,https://indomet.gob.do/wp-content/uploads/2025/04/temperaturas-extremas-y-precipitaciones-2025x04x08-a.pdf
2025-04-08,023,ARPT. MARÍA MONTEZ,BARAHONA,ONAMET,EMCO,31.4,23.3,0.0,https://indomet.gob.do/wp-content/uploads/2025/04/temperaturas-extremas-y-precipitaciones-2025x04x08-a.pdf
2025-04-08,024,ARROYO LORO,SAN JUAN,IDIAF,EMCO,32.4,17.2,0.0,https://indomet.gob.do/wp-content/uploads/2025/04/temperaturas-extremas-y-precipitaciones-2025x04x08-a.pdf
2025-04-08,025,BAYAGUANA,MONTE PLATA,ONAMET,EMCO,32.5,18.2,0.0,https://indomet.gob.do/wp-content/uploads/2025/04/temperaturas-extremas-y-precipitaciones-2025x04x08-a.pdf
2025-04-08,026,BOCA DE MAO (EMA),VALVERDE,MINISTERIO DE AGRICULTURA,EMAP,36.4,22.7,0.0,https://indomet.gob.do/wp-content/uploads/2025/04/temperaturas-extremas-y-precipitaciones-2025x04x08-a.pdf
2025-04-08,027,BONAO,MONSEÑOR NOUEL,MINISTERIO DE AGRICULTURA,EMCV,,,0.0,https://indomet.gob.do/wp-content/uploads/2025/04/temperaturas-extremas-y-precipitaciones-2025x04x08-a.pdf
2025-04-08,028,CABRAL,BARAHONA,MINISTERIO DE AGRICULTURA,EMCV,33.2,22.0,0.0,https://indomet.gob.do/wp-content/uploads/2025/04/temperaturas-extremas-y-precipitaciones-2025x04x08-a.pdf
2025-04-08,029,CABRERA,MARÍA TRINIDAD SÁNCHEZ,ESCUELA ARÍSTIDES FIALLO CABRAL,EMCO,32.0,23.5,0.0,https://indomet.gob.do/wp-content/uploads/2025/04/temperaturas-extremas-y-precipitaciones-2025x04x08-a.pdf
2025-04-08,030,CENTRO DE LOS HEROES (EMA),DISTRITO NACIONAL,MINISTERIO DE ENERGIA Y MINA,EMAP,29.7,24.4,0.0,https://indomet.gob.do/wp-content/uploads/2025/04/temperaturas-extremas-y-precipitaciones-2025x04x08-a.pdf
2025-04-08,031,CONSTANZA,LA VEGA,MINISTERIO DE AGRICULTURA,EMCO,27.7,11.3,0.0,https://indomet.gob.do/wp-content/uploads/2025/04/temperaturas-extremas-y-precipitaciones-2025x04x08-a.pdf
2025-04-08,032,CONSTANZA (EMA),LA VEGA,PROGRAMA MUNDIAL DE ALIMENTO,EMAP,26.3,11.6,0.0,https://indomet.gob.do/wp-content/uploads/2025/04/temperaturas-extremas-y-precipitaciones-2025x04x08-a.pdf
2025-04-08,033,DAJABÓN,DAJABÓN,INSTITUTO POLITÉCNICO LOYOLA,EMCO,33.5,19.5,0.0,https://indomet.gob.do/wp-content/uploads/2025/04/temperaturas-extremas-y-precipitaciones-2025x04x08-a.pdf
2025-04-08,034,EL CERCADO,SAN JUAN,MINISTERIO DE AGRICULTURA,EMCV,,,0.0,https://indomet.gob.do/wp-content/uploads/2025/04/temperaturas-extremas-y-precipitaciones-2025x04x08-a.pdf
2025-04-08,035,EL FACTOR (EMA),MARÍA TRINIDAD SÁNCHEZ,INTEC,EMAP,33.7,20.9,0.0,https://indomet.gob.do/wp-content/uploads/2025/04/temperaturas-extremas-y-precipitaciones-2025x04x08-a.pdf
2025-04-08,036,ELÍAS PIÑA,ELÍAS PIÑA,MINISTERIO DE AGRICULTURA,EMCV,,,0.0,https://indomet.gob.do/wp-content/uploads/2025/04/temperaturas-extremas-y-precipitaciones-2025x04x08-a.pdf
2025-04-08,037,ESCONDIDO,PERAVIA,MINISTERIO DE AGRICULTURA,EMCV,32.0,24.0,0.0,https://indomet.gob.do/wp-content/uploads/2025/04/temperaturas-extremas-y-precipitaciones-2025x04x08-a.pdf
2025-04-08,038,GASPAR HERNÁNDEZ,ESPAILLAT,PROPIEDAD DEL EMPLEADO,EMCO,,,0.0,https://indomet.gob.do/wp-content/uploads/2025/04/temperaturas-extremas-y-precipitaciones-2025x04x08-a.pdf
2025-04-08,039,GURABO,SANTIAGO,MINISTERIO DE AGRICULTURA,EMCV,,,0.0,https://indomet.gob.do/wp-content/uploads/2025/04/temperaturas-extremas-y-precipitaciones-2025x04x08-a.pdf
2025-04-08,040,HATO MAYOR,HATO MAYOR,MINISTERIO DE AGRICULTURA,EMCV,,,0.0,https://indomet.gob.do/wp-content/uploads/2025/04/temperaturas-extremas-y-precipitaciones-2025x04x08-a.pdf
2025-04-08,041,JARABACOA,LA VEGA,INDRHI / MARENA,EMCO,31.8,16.0,0.0,https://indomet.gob.do/wp-content/uploads/2025/04/temperaturas-extremas-y-precipitaciones-2025x04x08-a.pdf
2025-04-08,042,JARABACOA (EMA),LA VEGA,PROGRAMA MUNDIAL DE ALIMENTO,EMAP,30.8,16.6,0.0,https://indomet.gob.do/wp-content/uploads/2025/04/temperaturas-extremas-y-precipitaciones-2025x04x08-a.pdf
2025-04-08,043,JIMANÍ,INDEPENDENCIA,MINISTERIO DE AGRICULTURA,EMCO,36.0,23.8,0.0,https://indomet.gob.do/wp-content/uploads/2025/04/temperaturas-extremas-y-precipitaciones-2025x04x08-a.pdf
2025-04-08,044,JUMA BEJUCAL,MONSEÑOR NOUEL,IDIAF,EMCV,30.6,19.6,0.0,https://indomet.gob.do/wp-content/uploads/2025/04/temperaturas-extremas-y-precipitaciones-2025x04x08-a.pdf
2025-04-08,045,LA VEGA,LA VEGA,IATESA,EMCO,33.3,20.4,0.0,https://indomet.gob.do/wp-content/uploads/2025/04/temperaturas-extremas-y-precipitaciones-2025x04x08-a.pdf
2025-04-08,046,LA VICTORIA,SANTO DOMINGO,CUERPO DE BOMBEROS,EMCO,32.7,22.8,0.0,https://indomet.gob.do/wp-content/uploads/2025/04/temperaturas-extremas-y-precipitaciones-2025x04x08-a.pdf
2025-04-08,047,LAS MATAS DE SANTA CRUZ (EMA,MONTE CRISTI,PROGRAMA MUNDIAL DE ALIMENTO,EMAP,33.4,22.1,0.0,https://indomet.gob.do/wp-content/uploads/2025/04/temperaturas-extremas-y-precipitaciones-2025x04x08-a.pdf
2025-04-08,048,LOS LLANOS,SAN PEDRO DE MACORÍS,MINISTERIO DE AGRICULTURA,EMCO,32.8,21.8,0.0,https://indomet.gob.do/wp-content/uploads/2025/04/temperaturas-extremas-y-precipitaciones-2025x04x08-a.pdf
2025-04-08,049,MAO,VALVERDE,INDRHI / MINISTERIO DE AGRICULTURA,EMCV,,,0.0,https://indomet.gob.do/wp-content/uploads/2025/04/temperaturas-extremas-y-precipitaciones-2025x04x08-a.pdf
2025-04-08,050,MONCIÓN (EMA),SANTIAGO RODRÍGUEZ,PROGRAMA MUNDIAL DE ALIMENTO,EMAP,32.6,19.8,0.0,https://indomet.gob.do/wp-content/uploads/2025/04/temperaturas-extremas-y-precipitaciones-2025x04x08-a.pdf
2025-04-08,051,MONTE CRISTI,MONTE CRISTI,ONAMET,EMCO,34.2,23.7,0.0,https://indomet.gob.do/wp-content/uploads/2025/04/temperaturas-extremas-y-precipitaciones-2025x04x08-a.pdf
2025-04-08,052,OLIVARES,PEDERNALES,INDRHI,EMCO,,,0.0,https://indomet.gob.do/wp-content/uploads/2025/04/temperaturas-extremas-y-precipitaciones-2025x04x08-a.pdf
2025-04-08,053,PADRE LAS CASAS,AZUA,HOSP. NTRA. SRA. DEL CARMEN,EMCO,31.5,18.0,0.0,https://indomet.gob.do/wp-content/uploads/2025/04/temperaturas-extremas-y-precipitaciones-2025x04x08-a.pdf
2025-04-08,054,PALO ÍNDIO,PUERTO PLATA,MINISTERIO DE AGRICULTURA,EMCO,,,0.0,https://indomet.gob.do/wp-content/uploads/2025/04/temperaturas-extremas-y-precipitaciones-2025x04x08-a.pdf
2025-04-08,055,PEDERNALES,PEDERNALES,INDRHI,EMCO,,,0.0,https://indomet.gob.do/wp-content/uploads/2025/04/temperaturas-extremas-y-precipitaciones-2025x04x08-a.pdf
2025-04-08,056,PERALTA,AZUA,HOSP. MPAL. DE PERALTA,EMCO,31.0,15.9,0.0,https://indomet.gob.do/wp-content/uploads/2025/04/temperaturas-extremas-y-precipitaciones-2025x04x08-a.pdf
2025-04-08,057,PONTÓN ABAJO (EMA),LA VEGA,MINISTERIO DE AGRICULTURA,EMAP,34.7,20.2,0.0,https://indomet.gob.do/wp-content/uploads/2025/04/temperaturas-extremas-y-precipitaciones-2025x04x08-a.pdf
2025-04-08,058,PRESA DE TAVERAS (EMA),LA VEGA,PROGRAMA MUNDIAL DE ALIMENTO,EMAP,31.9,18.9,0.0,https://indomet.gob.do/wp-content/uploads/2025/04/temperaturas-extremas-y-precipitaciones-2025x04x08-a.pdf
2025-04-08,059,RANCHO ARRIBA,SAN JOSÉ DE OCOA,CENTRO TECNOLÓGICO COMUNITARIO,EMCO,30.2,15.3,0.0,https://indomet.gob.do/wp-content/uploads/2025/04/temperaturas-extremas-y-precipitaciones-2025x04x08-a.pdf
2025-04-08,060,RESTAURACIÓN,DAJABÓN,MINISTERIO DE AGRICULTURA,EMCO,20.3,14.1,0.0,https://indomet.gob.do/wp-content/uploads/2025/04/temperaturas-extremas-y-precipitaciones-2025x04x08-a.pdf
2025-04-08,061,RÍO SAN JUAN,MARÍA TRINIDAD SÁNCHEZ,HOSP. MPAL. DR. DESIDERIO ACOSTA,EMCV,33.4,22.8,0.0,https://indomet.gob.do/wp-content/uploads/2025/04/temperaturas-extremas-y-precipitaciones-2025x04x08-a.pdf
2025-04-08,062,SABANA DE LA MAR,HATO MAYOR,ONAMET,EMCO,30.0,20.5,0.0,https://indomet.gob.do/wp-content/uploads/2025/04/temperaturas-extremas-y-precipitaciones-2025x04x08-a.pdf
2025-04-08,063,SALCEDO,HERMANAS MIRABAL,PROPIEDAD DEL EMPLEADO,EMCO,,,0.0,https://indomet.gob.do/wp-content/uploads/2025/04/temperaturas-extremas-y-precipitaciones-2025x04x08-a.pdf
2025-04-08,064,SAN CRISTÓBAL,SAN CRISTÓBAL,INSTITUTO POLITÉCNICO LOYOLA,EMCO,30.0,21.2,0.0,https://indomet.gob.do/wp-content/uploads/2025/04/temperaturas-extremas-y-precipitaciones-2025x04x08-a.pdf
2025-04-08,065,SAN FRANCISCO DE MACORÍS,DUARTE,San Francisco de Macorís (UASD),EMCO,33.2,19.9,0.0,https://indomet.gob.do/wp-content/uploads/2025/04/temperaturas-extremas-y-precipitaciones-2025x04x08-a.pdf
2025-04-08,066,SAN JOSÉ DE OCOA,SAN JOSÉ DE OCOA,HOSP. SAN JOSÉ DE OCOA,EMCO,31.4,17.8,0.0,https://indomet.gob.do/wp-content/uploads/2025/04/temperaturas-extremas-y-precipitaciones-2025x04x08-a.pdf
2025-04-08,067,SAN RAFAEL DEL YUMA,LA ALTAGRACIA,MINISTERIO DE AGRICULTURA,EMCO,31.4,21.2,0.0,https://indomet.gob.do/wp-content/uploads/2025/04/temperaturas-extremas-y-precipitaciones-2025x04x08-a.pdf
2025-04-08,068,SÁNCHEZ,SAMANÁ,MINISTERIO DE AGRICULTURA,EMCO,32.7,21.9,0.0,https://indomet.gob.do/wp-content/uploads/2025/04/temperaturas-extremas-y-precipitaciones-2025x04x08-a.pdf
2025-04-08,069,SANTO DOMINGO ESTE,SANTO DOMINGO,ONAMET,EMCO,31.4,23.5,0.0,https://indomet.gob.do/wp-content/uploads/2025/04/temperaturas-extremas-y-precipitaciones-2025x04x08-a.pdf
2025-04-08,070,TÁBARA ABAJO,AZUA,INDRHI,EMCO,35.5,19.0,0.0,https://indomet.gob.do/wp-content/uploads/2025/04/temperaturas-extremas-y-precipitaciones-2025x04x08-a.pdf
2025-04-08,071,VILLA ISABELA,PUERTO PLATA,MINISTERIO DE AGRICULTURA,EMCV,,,0.0,https://indomet.gob.do/wp-content/uploads/2025/04/temperaturas-extremas-y-precipitaciones-2025x04x08-a.pdf
2025-04-08,072,VILLA RIVA,DUARTE,HOSP. MPAL. ALICIA DE LEGENDRE,EMCO,32.0,20.2,0.0,https://indomet.gob.do/wp-content/uploads/2025/04/temperaturas-extremas-y-precipitaciones-2025x04x08-a.pdf
2025-04-09,001,SAN CRISTÓBAL,SAN CRISTÓBAL,INSTITUTO POLITÉCNICO LOYOLA,EMCO,30.2,23.0,17.8,https://indomet.gob.do/wp-content/uploads/2025/04/temperaturas-extremas-y-precipitaciones-2025x04x09-a-1.pdf
2025-04-09,002,JARDÍN BOTÁNICO NACIONAL,DISTRITO NACIONAL,JARDÍN BOTÁNICO NACIONAL,EMCV,31.2,19.0,9.0,https://indomet.gob.do/wp-content/uploads/2025/04/temperaturas-extremas-y-precipitaciones-2025x04x09-a-1.pdf
2025-04-09,003,CABRAL,BARAHONA,MINISTERIO DE AGRICULTURA,EMCV,32.7,23.4,7.4,https://indomet.gob.do/wp-content/uploads/2025/04/temperaturas-extremas-y-precipitaciones-2025x04x09-a-1.pdf
2025-04-09,004,VILLA RIVA,DUARTE,HOSP. MPAL. ALICIA DE LEGENDRE,EMCO,32.4,22.4,5.3,https://indomet.gob.do/wp-content/uploads/2025/04/temperaturas-extremas-y-precipitaciones-2025x04x09-a-1.pdf
2025-04-09,005,SÁNCHEZ,SAMANÁ,MINISTERIO DE AGRICULTURA,EMCO,32.5,23.2,4.8,https://indomet.gob.do/wp-content/uploads/2025/04/temperaturas-extremas-y-precipitaciones-2025x04x09-a-1.pdf
2025-04-09,006,SAMANÁ,SAMANÁ,COMANDANCIA DE PUERTO DE SAMANÁ,EMCO,32.0,21.8,1.4,https://indomet.gob.do/wp-content/uploads/2025/04/temperaturas-extremas-y-precipitaciones-2025x04x09-a-1.pdf
2025-04-09,007,SANTO DOMINGO ESTE,SANTO DOMINGO,ONAMET,EMCO,31.5,24.1,0.6,https://indomet.gob.do/wp-content/uploads/2025/04/temperaturas-extremas-y-precipitaciones-2025x04x09-a-1.pdf
2025-04-09,008,LOS TRES CHARCOS (EMA),PEDERNALES,PROPIEDAD DEL VOLUNTARIO,EMAP,31.2,25.2,0.4,https://indomet.gob.do/wp-content/uploads/2025/04/temperaturas-extremas-y-precipitaciones-2025x04x09-a-1.pdf
2025-04-09,009,SABANA DE LA MAR,HATO MAYOR,ONAMET,EMCO,30.5,22.0,0.3,https://indomet.gob.do/wp-content/uploads/2025/04/temperaturas-extremas-y-precipitaciones-2025x04x09-a-1.pdf
2025-04-09,010,ARPT. DE LAS AMÉRICAS,SANTO DOMINGO,ONAMET,EMCO,31.2,22.5,0.2,https://indomet.gob.do/wp-content/uploads/2025/04/temperaturas-extremas-y-precipitaciones-2025x04x09-a-1.pdf
2025-04-09,011,SAN JOSÉ DE OCOA,SAN JOSÉ DE OCOA,HOSP. SAN JOSÉ DE OCOA,EMCO,30.9,18.6,0.2,https://indomet.gob.do/wp-content/uploads/2025/04/temperaturas-extremas-y-precipitaciones-2025x04x09-a-1.pdf
2025-04-09,012,VALLE NUEVO (EMA),LA VEGA,MARENA,EMAO,18.8,9.6,0.2,https://indomet.gob.do/wp-content/uploads/2025/04/temperaturas-extremas-y-precipitaciones-2025x04x09-a-1.pdf
2025-04-09,013,BAYAGUANA,MONTE PLATA,ONAMET,EMCO,32.0,20.4,0.1,https://indomet.gob.do/wp-content/uploads/2025/04/temperaturas-extremas-y-precipitaciones-2025x04x09-a-1.pdf
2025-04-09,014,DAJABÓN,DAJABÓN,INSTITUTO POLITÉCNICO LOYOLA,EMCO,33.7,20.9,0.1,https://indomet.gob.do/wp-content/uploads/2025/04/temperaturas-extremas-y-precipitaciones-2025x04x09-a-1.pdf
2025-04-09,015,ENRIQUILLO,BARAHONA,MINISTERIO DE AGRICULTURA,EMCV,31.8,24.5,0.1,https://indomet.gob.do/wp-content/uploads/2025/04/temperaturas-extremas-y-precipitaciones-2025x04x09-a-1.pdf
2025-04-09,016,HONDO VALLE,ELÍAS PIÑA,MINISTERIO DE AGRICULTURA,EMCO,27.1,16.4,0.1,https://indomet.gob.do/wp-content/uploads/2025/04/temperaturas-extremas-y-precipitaciones-2025x04x09-a-1.pdf
2025-04-09,017,OVIEDO,PEDERNALES,CLÍNICA RURAL OVIEDO,EMCO,31.5,23.0,0.1,https://indomet.gob.do/wp-content/uploads/2025/04/temperaturas-extremas-y-precipitaciones-2025x04x09-a-1.pdf
2025-04-09,018,RESTAURACIÓN,DAJABÓN,MINISTERIO DE AGRICULTURA,EMCO,19.7,13.6,0.1,https://indomet.gob.do/wp-content/uploads/2025/04/temperaturas-extremas-y-precipitaciones-2025x04x09-a-1.pdf
2025-04-09,019,SAN RAFAEL DEL YUMA,LA ALTAGRACIA,MINISTERIO DE AGRICULTURA,EMCO,32.4,23.2,0.1,https://indomet.gob.do/wp-content/uploads/2025/04/temperaturas-extremas-y-precipitaciones-2025x04x09-a-1.pdf
2025-04-09,020,ALTAMIRA,PUERTO PLATA,HOSP. MPAL. DE ALTAMIRA,EMCO,35.3,20.7,0.0,https://indomet.gob.do/wp-content/uploads/2025/04/temperaturas-extremas-y-precipitaciones-2025x04x09-a-1.pdf
2025-04-09,021,ANAMUYA (EMA),LA ALTAGRACIA,MINISTERIO DE AGRICULTURA,EMAP,32.4,23.8,0.0,https://indomet.gob.do/wp-content/uploads/2025/04/temperaturas-extremas-y-precipitaciones-2025x04x09-a-1.pdf
2025-04-09,022,ARPT. ARROYO BARRIL,SAMANÁ,ONAMET,EMCO,30.7,21.0,0.0,https://indomet.gob.do/wp-content/uploads/2025/04/temperaturas-extremas-y-precipitaciones-2025x04x09-a-1.pdf
2025-04-09,023,ARPT. DE LA ROMANA,LA ROMANA,ONAMET,EMCO,32.7,20.3,0.0,https://indomet.gob.do/wp-content/uploads/2025/04/temperaturas-extremas-y-precipitaciones-2025x04x09-a-1.pdf
2025-04-09,024,ARPT. DE PUNTA CANA,LA ALTAGRACIA,ONAMET,EMCO,29.9,22.8,0.0,https://indomet.gob.do/wp-content/uploads/2025/04/temperaturas-extremas-y-precipitaciones-2025x04x09-a-1.pdf
2025-04-09,025,ARPT. DEL CIBAO,SANTIAGO,ONAMET,EMCO,33.6,22.6,0.0,https://indomet.gob.do/wp-content/uploads/2025/04/temperaturas-extremas-y-precipitaciones-2025x04x09-a-1.pdf
2025-04-09,026,ARPT. EL CATEY,SAMANÁ,ONAMET,EMCO,32.0,22.0,0.0,https://indomet.gob.do/wp-content/uploads/2025/04/temperaturas-extremas-y-precipitaciones-2025x04x09-a-1.pdf
2025-04-09,027,ARPT. GREGORIO LUPERÓN,PUERTO PLATA,ONAMET,EMCO,33.5,20.5,0.0,https://indomet.gob.do/wp-content/uploads/2025/04/temperaturas-extremas-y-precipitaciones-2025x04x09-a-1.pdf
2025-04-09,028,ARPT. LA ISABELA,SANTO DOMINGO,ONAMET,EMCO,32.0,21.0,0.0,https://indomet.gob.do/wp-content/uploads/2025/04/temperaturas-extremas-y-precipitaciones-2025x04x09-a-1.pdf
2025-04-09,029,ARPT. MARÍA MONTEZ,BARAHONA,ONAMET,EMCO,31.2,22.2,0.0,https://indomet.gob.do/wp-content/uploads/2025/04/temperaturas-extremas-y-precipitaciones-2025x04x09-a-1.pdf
2025-04-09,030,ARROYO LORO,SAN JUAN,IDIAF,EMCO,32.8,19.6,0.0,https://indomet.gob.do/wp-content/uploads/2025/04/temperaturas-extremas-y-precipitaciones-2025x04x09-a-1.pdf
2025-04-09,031,BOCA DE MAO (EMA),VALVERDE,MINISTERIO DE AGRICULTURA,EMAP,36.2,23.7,0.0,https://indomet.gob.do/wp-content/uploads/2025/04/temperaturas-extremas-y-precipitaciones-2025x04x09-a-1.pdf
2025-04-09,032,BONAO,MONSEÑOR NOUEL,MINISTERIO DE AGRICULTURA,EMCV,,,0.0,https://indomet.gob.do/wp-content/uploads/2025/04/temperaturas-extremas-y-precipitaciones-2025x04x09-a-1.pdf
2025-04-09,033,CABRERA,MARÍA TRINIDAD SÁNCHEZ,ESCUELA ARÍSTIDES FIALLO CABRAL,EMCO,31.2,23.8,0.0,https://indomet.gob.do/wp-content/uploads/2025/04/temperaturas-extremas-y-precipitaciones-2025x04x09-a-1.pdf
2025-04-09,034,CENTRO DE LOS HEROES (EMA),DISTRITO NACIONAL,MINISTERIO DE ENERGIA Y MINA,EMAP,29.8,25.2,0.0,https://indomet.gob.do/wp-content/uploads/2025/04/temperaturas-extremas-y-precipitaciones-2025x04x09-a-1.pdf
2025-04-09,035,CONSTANZA,LA VEGA,MINISTERIO DE AGRICULTURA,EMCO,27.0,13.0,0.0,https://indomet.gob.do/wp-content/uploads/2025/04/temperaturas-extremas-y-precipitaciones-2025x04x09-a-1.pdf
2025-04-09,036,CONSTANZA (EMA),LA VEGA,PROGRAMA MUNDIAL DE ALIMENTO,EMAP,25.9,13.3,0.0,https://indomet.gob.do/wp-content/uploads/2025/04/temperaturas-extremas-y-precipitaciones-2025x04x09-a-1.pdf
2025-04-09,037,EL FACTOR (EMA),MARÍA TRINIDAD SÁNCHEZ,INTEC,EMAP,32.6,22.0,0.0,https://indomet.gob.do/wp-content/uploads/2025/04/temperaturas-extremas-y-precipitaciones-2025x04x09-a-1.pdf
2025-04-09,038,ELÍAS PIÑA,ELÍAS PIÑA,MINISTERIO DE AGRICULTURA,EMCV,,,0.0,https://indomet.gob.do/wp-content/uploads/2025/04/temperaturas-extremas-y-precipitaciones-2025x04x09-a-1.pdf
2025-04-09,039,ESCONDIDO,PERAVIA,MINISTERIO DE AGRICULTURA,EMCV,32.0,24.0,0.0,https://indomet.gob.do/wp-content/uploads/2025/04/temperaturas-extremas-y-precipitaciones-2025x04x09-a-1.pdf
2025-04-09,040,GURABO,SANTIAGO,MINISTERIO DE AGRICULTURA,EMCV,,,0.0,https://indomet.gob.do/wp-content/uploads/2025/04/temperaturas-extremas-y-precipitaciones-2025x04x09-a-1.pdf
2025-04-09,041,HATO MAYOR,HATO MAYOR,MINISTERIO DE AGRICULTURA,EMCV,,,0.0,https://indomet.gob.do/wp-content/uploads/2025/04/temperaturas-extremas-y-precipitaciones-2025x04x09-a-1.pdf
2025-04-09,042,JARABACOA,LA VEGA,INDRHI / MARENA,EMCO,30.8,17.6,0.0,https://indomet.gob.do/wp-content/uploads/2025/04/temperaturas-extremas-y-precipitaciones-2025x04x09-a-1.pdf
2025-04-09,043,JARABACOA (EMA),LA VEGA,PROGRAMA MUNDIAL DE ALIMENTO,EMAP,29.9,18.1,0.0,https://indomet.gob.do/wp-content/uploads/2025/04/temperaturas-extremas-y-precipitaciones-2025x04x09-a-1.pdf
2025-04-09,044,JIMANÍ,INDEPENDENCIA,MINISTERIO DE AGRICULTURA,EMCO,36.0,24.2,0.0,https://indomet.gob.do/wp-content/uploads/2025/04/temperaturas-extremas-y-precipitaciones-2025x04x09-a-1.pdf
2025-04-09,045,JUMA BEJUCAL,MONSEÑOR NOUEL,IDIAF,EMCV,30.0,21.4,0.0,https://indomet.gob.do/wp-content/uploads/2025/04/temperaturas-extremas-y-precipitaciones-2025x04x09-a-1.pdf
2025-04-09,046,LA VEGA,LA VEGA,IATESA,EMCO,34.0,21.5,0.0,https://indomet.gob.do/wp-content/uploads/2025/04/temperaturas-extremas-y-precipitaciones-2025x04x09-a-1.pdf
2025-04-09,047,LA VICTORIA,SANTO DOMINGO,CUERPO DE BOMBEROS,EMCO,32.6,23.5,0.0,https://indomet.gob.do/wp-content/uploads/2025/04/temperaturas-extremas-y-precipitaciones-2025x04x09-a-1.pdf
2025-04-09,048,LAS CANAS (EMA),MONTE CRISTI,PROGRAMA MUNDIAL DE ALIMENTO,EMAP,30.9,21.7,0.0,https://indomet.gob.do/wp-content/uploads/2025/04/temperaturas-extremas-y-precipitaciones-2025x04x09-a-1.pdf
2025-04-09,049,LAS MATAS DE SANTA CRUZ (EMA,MONTE CRISTI,PROGRAMA MUNDIAL DE ALIMENTO,EMAP,33.9,24.0,0.0,https://indomet.gob.do/wp-content/uploads/2025/04/temperaturas-extremas-y-precipitaciones-2025x04x09-a-1.pdf
2025-04-09,050,LOS LLANOS,SAN PEDRO DE MACORÍS,MINISTERIO DE AGRICULTURA,EMCO,32.6,23.3,0.0,https://indomet.gob.do/wp-content/uploads/2025/04/temperaturas-extremas-y-precipitaciones-2025x04x09-a-1.pdf
2025-04-09,051,MAO,VALVERDE,INDRHI / MINISTERIO DE AGRICULTURA,EMCV,,,0.0,https://indomet.gob.do/wp-content/uploads/2025/04/temperaturas-extremas-y-precipitaciones-2025x04x09-a-1.pdf
2025-04-09,052,MONCIÓN (EMA),SANTIAGO RODRÍGUEZ,PROGRAMA MUNDIAL DE ALIMENTO,EMAP,33.4,21.2,0.0,https://indomet.gob.do/wp-content/uploads/2025/04/temperaturas-extremas-y-precipitaciones-2025x04x09-a-1.pdf
2025-04-09,053,MONTE CRISTI,MONTE CRISTI,ONAMET,EMCO,33.5,23.5,0.0,https://indomet.gob.do/wp-content/uploads/2025/04/temperaturas-extremas-y-precipitaciones-2025x04x09-a-1.pdf
2025-04-09,054,NAVARRETE,SANTIAGO,MINISTERIO DE AGRICULTURA,EMCV,,,0.0,https://indomet.gob.do/wp-content/uploads/2025/04/temperaturas-extremas-y-precipitaciones-2025x04x09-a-1.pdf
2025-04-09,055,OLIVARES,PEDERNALES,INDRHI,EMCO,,,0.0,https://indomet.gob.do/wp-content/uploads/2025/04/temperaturas-extremas-y-precipitaciones-2025x04x09-a-1.pdf
2025-04-09,056,PADRE LAS CASAS,AZUA,HOSP. NTRA. SRA. DEL CARMEN,EMCO,31.7,19.6,0.0,https://indomet.gob.do/wp-content/uploads/2025/04/temperaturas-extremas-y-precipitaciones-2025x04x09-a-1.pdf
2025-04-09,057,PALO ÍNDIO,PUERTO PLATA,MINISTERIO DE AGRICULTURA,EMCO,,,0.0,https://indomet.gob.do/wp-content/uploads/2025/04/temperaturas-extremas-y-precipitaciones-2025x04x09-a-1.pdf
2025-04-09,058,PEDERNALES,PEDERNALES,INDRHI,EMCO,,,0.0,https://indomet.gob.do/wp-content/uploads/2025/04/temperaturas-extremas-y-precipitaciones-2025x04x09-a-1.pdf
2025-04-09,059,PERALTA,AZUA,HOSP. MPAL. DE PERALTA,EMCO,31.8,17.0,0.0,https://indomet.gob.do/wp-content/uploads/2025/04/temperaturas-extremas-y-precipitaciones-2025x04x09-a-1.pdf
2025-04-09,060,PESCADERIA (EMA),BARAHONA,MINISTERIO DE AGRICULTURA,EMAP,31.9,26.4,0.0,https://indomet.gob.do/wp-content/uploads/2025/04/temperaturas-extremas-y-precipitaciones-2025x04x09-a-1.pdf
2025-04-09,061,POLO,BARAHONA,INDOCAFE,EMCO,28.2,14.0,0.0,https://indomet.gob.do/wp-content/uploads/2025/04/temperaturas-extremas-y-precipitaciones-2025x04x09-a-1.pdf
2025-04-09,062,PONTÓN ABAJO (EMA),LA VEGA,MINISTERIO DE AGRICULTURA,EMAP,34.7,21.5,0.0,https://indomet.gob.do/wp-content/uploads/2025/04/temperaturas-extremas-y-precipitaciones-2025x04x09-a-1.pdf
2025-04-09,063,PRESA DE TAVERAS (EMA),LA VEGA,PROGRAMA MUNDIAL DE ALIMENTO,EMAP,31.4,20.3,0.0,https://indomet.gob.do/wp-content/uploads/2025/04/temperaturas-extremas-y-precipitaciones-2025x04x09-a-1.pdf
2025-04-09,064,RANCHO ARRIBA,SAN JOSÉ DE OCOA,CENTRO TECNOLÓGICO COMUNITARIO,EMCO,28.9,17.7,0.0,https://indomet.gob.do/wp-content/uploads/2025/04/temperaturas-extremas-y-precipitaciones-2025x04x09-a-1.pdf
2025-04-09,065,RÍO SAN JUAN,MARÍA TRINIDAD SÁNCHEZ,HOSP. MPAL. DR. DESIDERIO ACOSTA,EMCV,33.4,24.0,0.0,https://indomet.gob.do/wp-content/uploads/2025/04/temperaturas-extremas-y-precipitaciones-2025x04x09-a-1.pdf
2025-04-09,066,SABANETA (EMA),SANTIAGO RODRÍGUEZ,PROGRAMA MUNDIAL DE ALIMENTO,EMAP,37.2,22.0,0.0,https://indomet.gob.do/wp-content/uploads/2025/04/temperaturas-extremas-y-precipitaciones-2025x04x09-a-1.pdf
2025-04-09,067,SALCEDO,HERMANAS MIRABAL,PROPIEDAD DEL EMPLEADO,EMCO,,,0.0,https://indomet.gob.do/wp-content/uploads/2025/04/temperaturas-extremas-y-precipitaciones-2025x04x09-a-1.pdf
2025-04-09,068,SAN FRANCISCO DE MACORÍS,DUARTE,San Francisco de Macorís (UASD),EMCO,31.1,28.8,0.0,https://indomet.gob.do/wp-content/uploads/2025/04/temperaturas-extremas-y-precipitaciones-2025x04x09-a-1.pdf
2025-04-09,069,SANTIAGO RODRÍGUEZ,SANTIAGO RODRÍGUEZ,ONAMET,EMCO,36.4,23.3,0.0,https://indomet.gob.do/wp-content/uploads/2025/04/temperaturas-extremas-y-precipitaciones-2025x04x09-a-1.pdf
2025-04-09,070,TÁBARA ABAJO,AZUA,INDRHI,EMCO,32.5,20.0,0.0,https://indomet.gob.do/wp-content/uploads/2025/04/temperaturas-extremas-y-precipitaciones-2025x04x09-a-1.pdf
2025-04-09,071,TAMBORIL,SANTIAGO,MINISTERIO DE AGRICULTURA,EMCV,,,0.0,https://indomet.gob.do/wp-content/uploads/2025/04/temperaturas-extremas-y-precipitaciones-2025x04x09-a-1.pdf
2025-04-09,072,VILLA GONZALES,SANTIAGO,MINISTERIO DE AGRICULTURA,EMCO,,,0.0,https://indomet.gob.do/wp-content/uploads/2025/04/temperaturas-extremas-y-precipitaciones-2025x04x09-a-1.pdf
2025-04-09,073,VILLA ISABELA,PUERTO PLATA,MINISTERIO DE AGRICULTURA,EMCV,,,0.0,https://indomet.gob.do/wp-content/uploads/2025/04/temperaturas-extremas-y-precipitaciones-2025x04x09-a-1.pdf
2025-04-09,074,ALTO BANDERA (EMA),LA VEGA,INTEC,EMAP,14.4,7.6,0.0,https://indomet.gob.do/wp-content/uploads/2025/04/temperaturas-extremas-y-precipitaciones-2025x04x09-a-1.pdf
2025-04-10,001,GASPAR HERNÁNDEZ,ESPAILLAT,PROPIEDAD DEL EMPLEADO,EMCO,,,70.1,https://indomet.gob.do/wp-content/uploads/2025/04/temperaturas-extremas-y-precipitaciones-2025x04x10-a.pdf
2025-04-10,002,VILLA GONZALES,SANTIAGO,MINISTERIO DE AGRICULTURA,EMCO,,,67.6,https://indomet.gob.do/wp-content/uploads/2025/04/temperaturas-extremas-y-precipitaciones-2025x04x10-a.pdf
2025-04-10,003,DAJABÓN,DAJABÓN,INSTITUTO POLITÉCNICO LOYOLA,EMCO,32.7,18.0,65.1,https://indomet.gob.do/wp-content/uploads/2025/04/temperaturas-extremas-y-precipitaciones-2025x04x10-a.pdf
2025-04-10,004,EL FACTOR (EMA),MARÍA TRINIDAD SÁNCHEZ,INTEC,EMAP,32.0,23.3,46.5,https://indomet.gob.do/wp-content/uploads/2025/04/temperaturas-extremas-y-precipitaciones-2025x04x10-a.pdf
2025-04-10,005,NAVARRETE,SANTIAGO,MINISTERIO DE AGRICULTURA,EMCV,,,41.1,https://indomet.gob.do/wp-content/uploads/2025/04/temperaturas-extremas-y-precipitaciones-2025x04x10-a.pdf
2025-04-10,006,RÍO SAN JUAN,MARÍA TRINIDAD SÁNCHEZ,HOSP. MPAL. DR. DESIDERIO ACOSTA,EMCV,33.9,22.9,39.9,https://indomet.gob.do/wp-content/uploads/2025/04/temperaturas-extremas-y-precipitaciones-2025x04x10-a.pdf
2025-04-10,007,HATO MAYOR,HATO MAYOR,MINISTERIO DE AGRICULTURA,EMCV,,,33.0,https://indomet.gob.do/wp-content/uploads/2025/04/temperaturas-extremas-y-precipitaciones-2025x04x10-a.pdf
2025-04-10,008,LOS JENGIBRES,NAGUA,INDRHI,EMCO,,,21.8,https://indomet.gob.do/wp-content/uploads/2025/04/temperaturas-extremas-y-precipitaciones-2025x04x10-a.pdf
2025-04-10,009,ELÍAS PIÑA,ELÍAS PIÑA,MINISTERIO DE AGRICULTURA,EMCV,,,21.1,https://indomet.gob.do/wp-content/uploads/2025/04/temperaturas-extremas-y-precipitaciones-2025x04x10-a.pdf
2025-04-10,010,ARPT. MARÍA MONTEZ,BARAHONA,ONAMET,EMCO,30.5,24.5,20.2,https://indomet.gob.do/wp-content/uploads/2025/04/temperaturas-extremas-y-precipitaciones-2025x04x10-a.pdf
2025-04-10,011,RESTAURACIÓN,DAJABÓN,MINISTERIO DE AGRICULTURA,EMCO,20.4,14.6,18.7,https://indomet.gob.do/wp-content/uploads/2025/04/temperaturas-extremas-y-precipitaciones-2025x04x10-a.pdf
2025-04-10,012,PERALTA,AZUA,HOSP. MPAL. DE PERALTA,EMCO,28.9,19.5,18.6,https://indomet.gob.do/wp-content/uploads/2025/04/temperaturas-extremas-y-precipitaciones-2025x04x10-a.pdf
2025-04-10,013,ENRIQUILLO,BARAHONA,MINISTERIO DE AGRICULTURA,EMCV,30.0,22.5,18.0,https://indomet.gob.do/wp-content/uploads/2025/04/temperaturas-extremas-y-precipitaciones-2025x04x10-a.pdf
2025-04-10,014,ALTAMIRA,PUERTO PLATA,HOSP. MPAL. DE ALTAMIRA,EMCO,30.0,21.3,17.8,https://indomet.gob.do/wp-content/uploads/2025/04/temperaturas-extremas-y-precipitaciones-2025x04x10-a.pdf
2025-04-10,015,VALLE NUEVO (EMA),LA VEGA,MARENA,EMAO,17.9,10.6,17.6,https://indomet.gob.do/wp-content/uploads/2025/04/temperaturas-extremas-y-precipitaciones-2025x04x10-a.pdf
2025-04-10,016,ALTO BANDERA (EMA),LA VEGA,INTEC,EMAP,15.3,8.8,17.5,https://indomet.gob.do/wp-content/uploads/2025/04/temperaturas-extremas-y-precipitaciones-2025x04x10-a.pdf
2025-04-10,017,MONCIÓN (EMA),SANTIAGO RODRÍGUEZ,PROGRAMA MUNDIAL DE ALIMENTO,EMAP,28.9,20.9,17.4,https://indomet.gob.do/wp-content/uploads/2025/04/temperaturas-extremas-y-precipitaciones-2025x04x10-a.pdf
2025-04-10,018,CONSTANZA,LA VEGA,MINISTERIO DE AGRICULTURA,EMCO,26.4,15.7,17.2,https://indomet.gob.do/wp-content/uploads/2025/04/temperaturas-extremas-y-precipitaciones-2025x04x10-a.pdf
2025-04-10,019,SAN CRISTÓBAL,SAN CRISTÓBAL,INSTITUTO POLITÉCNICO LOYOLA,EMCO,30.0,22.0,16.8,https://indomet.gob.do/wp-content/uploads/2025/04/temperaturas-extremas-y-precipitaciones-2025x04x10-a.pdf
2025-04-10,020,GURABO,SANTIAGO,MINISTERIO DE AGRICULTURA,EMCV,,,16.5,https://indomet.gob.do/wp-content/uploads/2025/04/temperaturas-extremas-y-precipitaciones-2025x04x10-a.pdf
2025-04-10,021,VILLA RIVA,DUARTE,HOSP. MPAL. ALICIA DE LEGENDRE,EMCO,31.0,21.5,16.5,https://indomet.gob.do/wp-content/uploads/2025/04/temperaturas-extremas-y-precipitaciones-2025x04x10-a.pdf
2025-04-10,022,CONSTANZA (EMA),LA VEGA,PROGRAMA MUNDIAL DE ALIMENTO,EMAP,25.0,16.5,15.2,https://indomet.gob.do/wp-content/uploads/2025/04/temperaturas-extremas-y-precipitaciones-2025x04x10-a.pdf
2025-04-10,023,SANTIAGO RODRÍGUEZ,SANTIAGO RODRÍGUEZ,ONAMET,EMCO,33.5,23.0,12.3,https://indomet.gob.do/wp-content/uploads/2025/04/temperaturas-extremas-y-precipitaciones-2025x04x10-a.pdf
2025-04-10,024,SABANETA (EMA),SANTIAGO RODRÍGUEZ,PROGRAMA MUNDIAL DE ALIMENTO,EMAP,32.8,22.4,12.2,https://indomet.gob.do/wp-content/uploads/2025/04/temperaturas-extremas-y-precipitaciones-2025x04x10-a.pdf
2025-04-10,025,OVIEDO,PEDERNALES,CLÍNICA RURAL OVIEDO,EMCO,32.0,22.5,11.5,https://indomet.gob.do/wp-content/uploads/2025/04/temperaturas-extremas-y-precipitaciones-2025x04x10-a.pdf
2025-04-10,026,ARPT. LA ISABELA,SANTO DOMINGO,ONAMET,EMCO,32.4,22.5,11.0,https://indomet.gob.do/wp-content/uploads/2025/04/temperaturas-extremas-y-precipitaciones-2025x04x10-a.pdf
2025-04-10,027,SAN JOSÉ DE OCOA,SAN JOSÉ DE OCOA,HOSP. SAN JOSÉ DE OCOA,EMCO,29.9,17.4,11.0,https://indomet.gob.do/wp-content/uploads/2025/04/temperaturas-extremas-y-precipitaciones-2025x04x10-a.pdf
2025-04-10,028,PESCADERIA (EMA),BARAHONA,MINISTERIO DE AGRICULTURA,EMAP,30.9,22.8,10.8,https://indomet.gob.do/wp-content/uploads/2025/04/temperaturas-extremas-y-precipitaciones-2025x04x10-a.pdf
2025-04-10,029,EL CERCADO,SAN JUAN,MINISTERIO DE AGRICULTURA,EMCV,,,10.2,https://indomet.gob.do/wp-content/uploads/2025/04/temperaturas-extremas-y-precipitaciones-2025x04x10-a.pdf
2025-04-10,030,JARABACOA (EMA),LA VEGA,PROGRAMA MUNDIAL DE ALIMENTO,EMAP,28.2,19.2,10.0,https://indomet.gob.do/wp-content/uploads/2025/04/temperaturas-extremas-y-precipitaciones-2025x04x10-a.pdf
2025-04-10,031,CABRERA,MARÍA TRINIDAD SÁNCHEZ,ESCUELA ARÍSTIDES FIALLO CABRAL,EMCO,32.4,24.5,9.8,https://indomet.gob.do/wp-content/uploads/2025/04/temperaturas-extremas-y-precipitaciones-2025x04x10-a.pdf
2025-04-10,032,CENTRO DE LOS HEROES (EMA),DISTRITO NACIONAL,MINISTERIO DE ENERGIA Y MINA,EMAP,30.6,24.6,8.6,https://indomet.gob.do/wp-content/uploads/2025/04/temperaturas-extremas-y-precipitaciones-2025x04x10-a.pdf
2025-04-10,033,JARABACOA,LA VEGA,INDRHI / MARENA,EMCO,29.2,18.0,8.6,https://indomet.gob.do/wp-content/uploads/2025/04/temperaturas-extremas-y-precipitaciones-2025x04x10-a.pdf
2025-04-10,034,POLO,BARAHONA,INDOCAFE,EMCO,28.6,17.2,8.2,https://indomet.gob.do/wp-content/uploads/2025/04/temperaturas-extremas-y-precipitaciones-2025x04x10-a.pdf
2025-04-10,035,SÁNCHEZ,SAMANÁ,MINISTERIO DE AGRICULTURA,EMCO,32.8,23.0,8.2,https://indomet.gob.do/wp-content/uploads/2025/04/temperaturas-extremas-y-precipitaciones-2025x04x10-a.pdf
2025-04-10,036,ARPT. GREGORIO LUPERÓN,PUERTO PLATA,ONAMET,EMCO,31.6,21.3,8.1,https://indomet.gob.do/wp-content/uploads/2025/04/temperaturas-extremas-y-precipitaciones-2025x04x10-a.pdf
2025-04-10,037,SAMANÁ,SAMANÁ,COMANDANCIA DE PUERTO DE SAMANÁ,EMCO,33.1,22.3,8.0,https://indomet.gob.do/wp-content/uploads/2025/04/temperaturas-extremas-y-precipitaciones-2025x04x10-a.pdf
2025-04-10,038,JARDÍN BOTÁNICO NACIONAL,DISTRITO NACIONAL,JARDÍN BOTÁNICO NACIONAL,EMCV,31.6,22.0,7.0,https://indomet.gob.do/wp-content/uploads/2025/04/temperaturas-extremas-y-precipitaciones-2025x04x10-a.pdf
2025-04-10,039,SABANA DE LA MAR,HATO MAYOR,ONAMET,EMCO,30.5,22.0,6.8,https://indomet.gob.do/wp-content/uploads/2025/04/temperaturas-extremas-y-precipitaciones-2025x04x10-a.pdf
2025-04-10,040,ARPT. EL CATEY,SAMANÁ,ONAMET,EMCO,31.8,20.0,6.4,https://indomet.gob.do/wp-content/uploads/2025/04/temperaturas-extremas-y-precipitaciones-2025x04x10-a.pdf
2025-04-10,041,JUMA BEJUCAL,MONSEÑOR NOUEL,IDIAF,EMCV,30.4,20.0,5.9,https://indomet.gob.do/wp-content/uploads/2025/04/temperaturas-extremas-y-precipitaciones-2025x04x10-a.pdf
2025-04-10,042,HONDO VALLE,ELÍAS PIÑA,MINISTERIO DE AGRICULTURA,EMCO,26.6,16.0,5.4,https://indomet.gob.do/wp-content/uploads/2025/04/temperaturas-extremas-y-precipitaciones-2025x04x10-a.pdf
2025-04-10,043,PRESA DE TAVERAS (EMA),LA VEGA,PROGRAMA MUNDIAL DE ALIMENTO,EMAP,30.6,21.2,5.4,https://indomet.gob.do/wp-content/uploads/2025/04/temperaturas-extremas-y-precipitaciones-2025x04x10-a.pdf
2025-04-10,044,ARPT. ARROYO BARRIL,SAMANÁ,ONAMET,EMCO,31.2,22.0,5.3,https://indomet.gob.do/wp-content/uploads/2025/04/temperaturas-extremas-y-precipitaciones-2025x04x10-a.pdf
2025-04-10,045,LA VICTORIA,SANTO DOMINGO,CUERPO DE BOMBEROS,EMCO,31.8,23.5,5.1,https://indomet.gob.do/wp-content/uploads/2025/04/temperaturas-extremas-y-precipitaciones-2025x04x10-a.pdf
2025-04-10,046,TAVERA,SANTIAGO,INDRHI,EMCO,,,5.0,https://indomet.gob.do/wp-content/uploads/2025/04/temperaturas-extremas-y-precipitaciones-2025x04x10-a.pdf
2025-04-10,047,SANTO DOMINGO ESTE,SANTO DOMINGO,ONAMET,EMCO,32.2,25.5,4.5,https://indomet.gob.do/wp-content/uploads/2025/04/temperaturas-extremas-y-precipitaciones-2025x04x10-a.pdf
2025-04-10,048,TÁBARA ABAJO,AZUA,INDRHI,EMCO,33.5,20.0,4.2,https://indomet.gob.do/wp-content/uploads/2025/04/temperaturas-extremas-y-precipitaciones-2025x04x10-a.pdf
2025-04-10,049,MAO,VALVERDE,INDRHI / MINISTERIO DE AGRICULTURA,EMCV,,,3.9,https://indomet.gob.do/wp-content/uploads/2025/04/temperaturas-extremas-y-precipitaciones-2025x04x10-a.pdf
2025-04-10,050,PALO ÍNDIO,PUERTO PLATA,MINISTERIO DE AGRICULTURA,EMCO,,,3.8,https://indomet.gob.do/wp-content/uploads/2025/04/temperaturas-extremas-y-precipitaciones-2025x04x10-a.pdf
2025-04-10,051,LA VEGA,LA VEGA,IATESA,EMCO,32.0,22.0,3.5,https://indomet.gob.do/wp-content/uploads/2025/04/temperaturas-extremas-y-precipitaciones-2025x04x10-a.pdf
2025-04-10,052,SALCEDO,HERMANAS MIRABAL,PROPIEDAD DEL EMPLEADO,EMCO,,,3.5,https://indomet.gob.do/wp-content/uploads/2025/04/temperaturas-extremas-y-precipitaciones-2025x04x10-a.pdf
2025-04-10,053,ARPT. DEL CIBAO,SANTIAGO,ONAMET,EMCO,32.2,22.5,3.4,https://indomet.gob.do/wp-content/uploads/2025/04/temperaturas-extremas-y-precipitaciones-2025x04x10-a.pdf
2025-04-10,054,BOCA DE MAO (EMA),VALVERDE,MINISTERIO DE AGRICULTURA,EMAP,31.9,22.7,3.4,https://indomet.gob.do/wp-content/uploads/2025/04/temperaturas-extremas-y-precipitaciones-2025x04x10-a.pdf
2025-04-10,055,SAN FRANCISCO DE MACORÍS,DUARTE,San Francisco de Macorís (UASD),EMCO,33.6,22.9,3.2,https://indomet.gob.do/wp-content/uploads/2025/04/temperaturas-extremas-y-precipitaciones-2025x04x10-a.pdf
2025-04-10,056,ARPT. DE PUNTA CANA,LA ALTAGRACIA,ONAMET,EMCO,30.4,25.2,2.8,https://indomet.gob.do/wp-content/uploads/2025/04/temperaturas-extremas-y-precipitaciones-2025x04x10-a.pdf
2025-04-10,057,JIMANÍ,INDEPENDENCIA,MINISTERIO DE AGRICULTURA,EMCO,34.6,25.2,2.8,https://indomet.gob.do/wp-content/uploads/2025/04/temperaturas-extremas-y-precipitaciones-2025x04x10-a.pdf
2025-04-10,058,MONTE CRISTI,MONTE CRISTI,ONAMET,EMCO,33.0,24.0,2.8,https://indomet.gob.do/wp-content/uploads/2025/04/temperaturas-extremas-y-precipitaciones-2025x04x10-a.pdf
2025-04-10,059,ARROYO LORO,SAN JUAN,IDIAF,EMCO,34.2,11.0,2.7,https://indomet.gob.do/wp-content/uploads/2025/04/temperaturas-extremas-y-precipitaciones-2025x04x10-a.pdf
2025-04-10,060,LAS MATAS DE SANTA CRUZ (EMA,MONTE CRISTI,PROGRAMA MUNDIAL DE ALIMENTO,EMAP,31.1,22.8,2.5,https://indomet.gob.do/wp-content/uploads/2025/04/temperaturas-extremas-y-precipitaciones-2025x04x10-a.pdf
2025-04-10,061,LOS TRES CHARCOS (EMA),PEDERNALES,PROPIEDAD DEL VOLUNTARIO,EMAP,31.6,22.6,2.4,https://indomet.gob.do/wp-content/uploads/2025/04/temperaturas-extremas-y-precipitaciones-2025x04x10-a.pdf
2025-04-10,062,LUPERÓN,PUERTO PLATA,MINISTERIO DE AGRICULTURA,EMCV,,,2.0,https://indomet.gob.do/wp-content/uploads/2025/04/temperaturas-extremas-y-precipitaciones-2025x04x10-a.pdf
2025-04-10,063,RANCHO ARRIBA,SAN JOSÉ DE OCOA,CENTRO TECNOLÓGICO COMUNITARIO,EMCO,28.6,18.5,1.3,https://indomet.gob.do/wp-content/uploads/2025/04/temperaturas-extremas-y-precipitaciones-2025x04x10-a.pdf
2025-04-10,064,ARPT. DE LAS AMÉRICAS,SANTO DOMINGO,ONAMET,EMCO,32.4,23.0,1.2,https://indomet.gob.do/wp-content/uploads/2025/04/temperaturas-extremas-y-precipitaciones-2025x04x10-a.pdf
2025-04-10,065,CABRAL,BARAHONA,MINISTERIO DE AGRICULTURA,EMCV,31.0,23.2,1.2,https://indomet.gob.do/wp-content/uploads/2025/04/temperaturas-extremas-y-precipitaciones-2025x04x10-a.pdf
2025-04-10,066,LAS MATAS DE SANTA CRUZ,MONTE CRISTI,INDRHI,EMCV,,,1.0,https://indomet.gob.do/wp-content/uploads/2025/04/temperaturas-extremas-y-precipitaciones-2025x04x10-a.pdf
2025-04-10,067,VILLA ISABELA,PUERTO PLATA,MINISTERIO DE AGRICULTURA,EMCV,,,1.0,https://indomet.gob.do/wp-content/uploads/2025/04/temperaturas-extremas-y-precipitaciones-2025x04x10-a.pdf
2025-04-10,068,BAYAGUANA,MONTE PLATA,ONAMET,EMCO,32.0,22.0,0.1,https://indomet.gob.do/wp-content/uploads/2025/04/temperaturas-extremas-y-precipitaciones-2025x04x10-a.pdf
2025-04-10,069,ANAMUYA (EMA),LA ALTAGRACIA,MINISTERIO DE AGRICULTURA,EMAP,32.3,23.1,0.0,https://indomet.gob.do/wp-content/uploads/2025/04/temperaturas-extremas-y-precipitaciones-2025x04x10-a.pdf
2025-04-10,070,ARPT. DE LA ROMANA,LA ROMANA,ONAMET,EMCO,31.2,23.0,0.0,https://indomet.gob.do/wp-content/uploads/2025/04/temperaturas-extremas-y-precipitaciones-2025x04x10-a.pdf
2025-04-10,071,ESCONDIDO,PERAVIA,MINISTERIO DE AGRICULTURA,EMCV,31.0,25.0,0.0,https://indomet.gob.do/wp-content/uploads/2025/04/temperaturas-extremas-y-precipitaciones-2025x04x10-a.pdf
2025-04-10,072,LAS CANAS (EMA),MONTE CRISTI,PROGRAMA MUNDIAL DE ALIMENTO,EMAP,28.3,21.8,0.0,https://indomet.gob.do/wp-content/uploads/2025/04/temperaturas-extremas-y-precipitaciones-2025x04x10-a.pdf
2025-04-10,073,LOS LLANOS,SAN PEDRO DE MACORÍS,MINISTERIO DE AGRICULTURA,EMCO,32.4,23.9,0.0,https://indomet.gob.do/wp-content/uploads/2025/04/temperaturas-extremas-y-precipitaciones-2025x04x10-a.pdf
2025-04-10,074,OLIVARES,PEDERNALES,INDRHI,EMCO,,,0.0,https://indomet.gob.do/wp-content/uploads/2025/04/temperaturas-extremas-y-precipitaciones-2025x04x10-a.pdf
2025-04-10,075,PADRE LAS CASAS,AZUA,HOSP. NTRA. SRA. DEL CARMEN,EMCO,31.0,21.7,0.0,https://indomet.gob.do/wp-content/uploads/2025/04/temperaturas-extremas-y-precipitaciones-2025x04x10-a.pdf
2025-04-10,076,PASO AL MEDIO,SAN PEDRO DE MACORÍS,INDRHI,EMCO,,,0.0,https://indomet.gob.do/wp-content/uploads/2025/04/temperaturas-extremas-y-precipitaciones-2025x04x10-a.pdf
2025-04-10,077,PEDERNALES,PEDERNALES,INDRHI,EMCO,,,0.0,https://indomet.gob.do/wp-content/uploads/2025/04/temperaturas-extremas-y-precipitaciones-2025x04x10-a.pdf
2025-04-10,078,PONTÓN ABAJO (EMA),LA VEGA,MINISTERIO DE AGRICULTURA,EMAP,32.9,22.4,0.0,https://indomet.gob.do/wp-content/uploads/2025/04/temperaturas-extremas-y-precipitaciones-2025x04x10-a.pdf
2025-04-10,079,SABANA GRANDE DE BOYÁ,MONTE PLATA,MINISTERIO DE AGRICULTURA,EMCV,,,0.0,https://indomet.gob.do/wp-content/uploads/2025/04/temperaturas-extremas-y-precipitaciones-2025x04x10-a.pdf
2025-04-10,080,SAN RAFAEL DEL YUMA,LA ALTAGRACIA,MINISTERIO DE AGRICULTURA,EMCO,33.4,23.0,0.0,https://indomet.gob.do/wp-content/uploads/2025/04/temperaturas-extremas-y-precipitaciones-2025x04x10-a.pdf
2025-04-10,081,VILLA ALTAGRACIA,SAN CRISTÓBAL,ESCUELA JAVIER ANGULO GURIDI,EMCO,,,0.0,https://indomet.gob.do/wp-content/uploads/2025/04/temperaturas-extremas-y-precipitaciones-2025x04x10-a.pdf
2025-04-11,001,LAS MATAS DE SANTA CRUZ (EMA,MONTE CRISTI,PROGRAMA MUNDIAL DE ALIMENTO,EMAP,31.1,22.8,117.9,https://indomet.gob.do/wp-content/uploads/2025/04/temperaturas-extremas-y-precipitaciones-2025x04x11-a.pdf
2025-04-11,002,RÍO SAN JUAN,MARÍA TRINIDAD SÁNCHEZ,HOSP. MPAL. DR. DESIDERIO ACOSTA,EMCV,30.7,22.7,99.8,https://indomet.gob.do/wp-content/uploads/2025/04/temperaturas-extremas-y-precipitaciones-2025x04x11-a.pdf
2025-04-11,003,GASPAR HERNÁNDEZ,ESPAILLAT,PROPIEDAD DEL EMPLEADO,EMCO,,,99.1,https://indomet.gob.do/wp-content/uploads/2025/04/temperaturas-extremas-y-precipitaciones-2025x04x11-a.pdf
2025-04-11,004,EL FACTOR (EMA),MARÍA TRINIDAD SÁNCHEZ,INTEC,EMAP,32.6,23.3,93.0,https://indomet.gob.do/wp-content/uploads/2025/04/temperaturas-extremas-y-precipitaciones-2025x04x11-a.pdf
2025-04-11,005,SANTIAGO RODRÍGUEZ,SANTIAGO RODRÍGUEZ,ONAMET,EMCO,29.5,22.4,63.5,https://indomet.gob.do/wp-content/uploads/2025/04/temperaturas-extremas-y-precipitaciones-2025x04x11-a.pdf
2025-04-11,006,VILLA ISABELA,PUERTO PLATA,MINISTERIO DE AGRICULTURA,EMCV,,,58.7,https://indomet.gob.do/wp-content/uploads/2025/04/temperaturas-extremas-y-precipitaciones-2025x04x11-a.pdf
2025-04-11,007,LA VEGA,LA VEGA,IATESA,EMCO,29.5,22.0,58.5,https://indomet.gob.do/wp-content/uploads/2025/04/temperaturas-extremas-y-precipitaciones-2025x04x11-a.pdf
2025-04-11,008,NAVARRETE,SANTIAGO,MINISTERIO DE AGRICULTURA,EMCV,,,57.9,https://indomet.gob.do/wp-content/uploads/2025/04/temperaturas-extremas-y-precipitaciones-2025x04x11-a.pdf
2025-04-11,009,SAMANÁ,SAMANÁ,COMANDANCIA DE PUERTO DE SAMANÁ,EMCO,31.5,20.0,55.4,https://indomet.gob.do/wp-content/uploads/2025/04/temperaturas-extremas-y-precipitaciones-2025x04x11-a.pdf
2025-04-11,010,ALTAMIRA,PUERTO PLATA,HOSP. MPAL. DE ALTAMIRA,EMCO,28.8,18.5,52.8,https://indomet.gob.do/wp-content/uploads/2025/04/temperaturas-extremas-y-precipitaciones-2025x04x11-a.pdf
2025-04-11,011,JARABACOA (EMA),LA VEGA,PROGRAMA MUNDIAL DE ALIMENTO,EMAP,28.2,19.2,52.0,https://indomet.gob.do/wp-content/uploads/2025/04/temperaturas-extremas-y-precipitaciones-2025x04x11-a.pdf
2025-04-11,012,ARPT. GREGORIO LUPERÓN,PUERTO PLATA,ONAMET,EMCO,30.0,21.4,50.8,https://indomet.gob.do/wp-content/uploads/2025/04/temperaturas-extremas-y-precipitaciones-2025x04x11-a.pdf
2025-04-11,013,JARABACOA,LA VEGA,INDRHI / MARENA,EMCO,27.0,20.0,48.6,https://indomet.gob.do/wp-content/uploads/2025/04/temperaturas-extremas-y-precipitaciones-2025x04x11-a.pdf
2025-04-11,014,RESTAURACIÓN,DAJABÓN,MINISTERIO DE AGRICULTURA,EMCO,19.9,17.3,46.8,https://indomet.gob.do/wp-content/uploads/2025/04/temperaturas-extremas-y-precipitaciones-2025x04x11-a.pdf
2025-04-11,015,SABANA DE LA MAR,HATO MAYOR,ONAMET,EMCO,30.5,22.5,46.4,https://indomet.gob.do/wp-content/uploads/2025/04/temperaturas-extremas-y-precipitaciones-2025x04x11-a.pdf
2025-04-11,016,PALO ÍNDIO,PUERTO PLATA,MINISTERIO DE AGRICULTURA,EMCO,,,46.2,https://indomet.gob.do/wp-content/uploads/2025/04/temperaturas-extremas-y-precipitaciones-2025x04x11-a.pdf
2025-04-11,017,DAJABÓN,DAJABÓN,INSTITUTO POLITÉCNICO LOYOLA,EMCO,33.9,19.3,41.3,https://indomet.gob.do/wp-content/uploads/2025/04/temperaturas-extremas-y-precipitaciones-2025x04x11-a.pdf
2025-04-11,018,VILLA GONZALES,SANTIAGO,MINISTERIO DE AGRICULTURA,EMCO,,,40.6,https://indomet.gob.do/wp-content/uploads/2025/04/temperaturas-extremas-y-precipitaciones-2025x04x11-a.pdf
2025-04-11,019,ARPT. EL CATEY,SAMANÁ,ONAMET,EMCO,28.8,20.0,38.5,https://indomet.gob.do/wp-content/uploads/2025/04/temperaturas-extremas-y-precipitaciones-2025x04x11-a.pdf
2025-04-11,020,LUPERÓN,PUERTO PLATA,MINISTERIO DE AGRICULTURA,EMCV,,,38.1,https://indomet.gob.do/wp-content/uploads/2025/04/temperaturas-extremas-y-precipitaciones-2025x04x11-a.pdf
2025-04-11,021,MAO,VALVERDE,INDRHI / MINISTERIO DE AGRICULTURA,EMCV,,,37.3,https://indomet.gob.do/wp-content/uploads/2025/04/temperaturas-extremas-y-precipitaciones-2025x04x11-a.pdf
2025-04-11,022,MONTE CRISTI,MONTE CRISTI,ONAMET,EMCO,30.5,22.5,36.0,https://indomet.gob.do/wp-content/uploads/2025/04/temperaturas-extremas-y-precipitaciones-2025x04x11-a.pdf
2025-04-11,023,BOCA DE MAO (EMA),VALVERDE,MINISTERIO DE AGRICULTURA,EMAP,29.9,22.4,28.0,https://indomet.gob.do/wp-content/uploads/2025/04/temperaturas-extremas-y-precipitaciones-2025x04x11-a.pdf
2025-04-11,024,ARPT. ARROYO BARRIL,SAMANÁ,ONAMET,EMCO,30.4,22.7,26.9,https://indomet.gob.do/wp-content/uploads/2025/04/temperaturas-extremas-y-precipitaciones-2025x04x11-a.pdf
2025-04-11,025,ARPT. DEL CIBAO,SANTIAGO,ONAMET,EMCO,32.1,22.1,26.4,https://indomet.gob.do/wp-content/uploads/2025/04/temperaturas-extremas-y-precipitaciones-2025x04x11-a.pdf
2025-04-11,026,ESCONDIDO,PERAVIA,MINISTERIO DE AGRICULTURA,EMCV,30.0,22.0,26.4,https://indomet.gob.do/wp-content/uploads/2025/04/temperaturas-extremas-y-precipitaciones-2025x04x11-a.pdf
2025-04-11,027,ELÍAS PIÑA,ELÍAS PIÑA,MINISTERIO DE AGRICULTURA,EMCV,,,25.0,https://indomet.gob.do/wp-content/uploads/2025/04/temperaturas-extremas-y-precipitaciones-2025x04x11-a.pdf
2025-04-11,028,SÁNCHEZ,SAMANÁ,MINISTERIO DE AGRICULTURA,EMCO,31.4,22.1,22.6,https://indomet.gob.do/wp-content/uploads/2025/04/temperaturas-extremas-y-precipitaciones-2025x04x11-a.pdf
2025-04-11,029,GURABO,SANTIAGO,MINISTERIO DE AGRICULTURA,EMCV,,,20.3,https://indomet.gob.do/wp-content/uploads/2025/04/temperaturas-extremas-y-precipitaciones-2025x04x11-a.pdf
2025-04-11,030,PERALTA,AZUA,HOSP. MPAL. DE PERALTA,EMCO,28.0,18.5,18.8,https://indomet.gob.do/wp-content/uploads/2025/04/temperaturas-extremas-y-precipitaciones-2025x04x11-a.pdf
2025-04-11,031,JIMANÍ,INDEPENDENCIA,MINISTERIO DE AGRICULTURA,EMCO,30.5,23.2,16.7,https://indomet.gob.do/wp-content/uploads/2025/04/temperaturas-extremas-y-precipitaciones-2025x04x11-a.pdf
2025-04-11,032,ARPT. DE PUNTA CANA,LA ALTAGRACIA,ONAMET,EMCO,30.0,23.5,16.4,https://indomet.gob.do/wp-content/uploads/2025/04/temperaturas-extremas-y-precipitaciones-2025x04x11-a.pdf
2025-04-11,033,PRESA DE TAVERAS (EMA),LA VEGA,PROGRAMA MUNDIAL DE ALIMENTO,EMAP,30.6,21.2,16.2,https://indomet.gob.do/wp-content/uploads/2025/04/temperaturas-extremas-y-precipitaciones-2025x04x11-a.pdf
2025-04-11,034,MOCA,ESPAILLAT,MINISTERIO DE AGRICULTURA,EMCV,,,15.2,https://indomet.gob.do/wp-content/uploads/2025/04/temperaturas-extremas-y-precipitaciones-2025x04x11-a.pdf
2025-04-11,035,SALCEDO,HERMANAS MIRABAL,PROPIEDAD DEL EMPLEADO,EMCO,,,15.0,https://indomet.gob.do/wp-content/uploads/2025/04/temperaturas-extremas-y-precipitaciones-2025x04x11-a.pdf
2025-04-11,036,HATO MAYOR,HATO MAYOR,MINISTERIO DE AGRICULTURA,EMCV,,,13.0,https://indomet.gob.do/wp-content/uploads/2025/04/temperaturas-extremas-y-precipitaciones-2025x04x11-a.pdf
2025-04-11,037,ARPT. DE LAS AMÉRICAS,SANTO DOMINGO,ONAMET,EMCO,29.5,21.0,12.7,https://indomet.gob.do/wp-content/uploads/2025/04/temperaturas-extremas-y-precipitaciones-2025x04x11-a.pdf
2025-04-11,038,BAYAGUANA,MONTE PLATA,ONAMET,EMCO,30.6,23.2,12.3,https://indomet.gob.do/wp-content/uploads/2025/04/temperaturas-extremas-y-precipitaciones-2025x04x11-a.pdf
2025-04-11,039,MONCIÓN (EMA),SANTIAGO RODRÍGUEZ,PROGRAMA MUNDIAL DE ALIMENTO,EMAP,28.9,20.9,11.0,https://indomet.gob.do/wp-content/uploads/2025/04/temperaturas-extremas-y-precipitaciones-2025x04x11-a.pdf
2025-04-11,040,LA VICTORIA,SANTO DOMINGO,CUERPO DE BOMBEROS,EMCO,31.5,23.8,10.5,https://indomet.gob.do/wp-content/uploads/2025/04/temperaturas-extremas-y-precipitaciones-2025x04x11-a.pdf
2025-04-11,041,VILLA RIVA,DUARTE,HOSP. MPAL. ALICIA DE LEGENDRE,EMCO,32.0,22.0,10.4,https://indomet.gob.do/wp-content/uploads/2025/04/temperaturas-extremas-y-precipitaciones-2025x04x11-a.pdf
2025-04-11,042,CABRERA,MARÍA TRINIDAD SÁNCHEZ,ESCUELA ARÍSTIDES FIALLO CABRAL,EMCO,30.0,24.0,10.2,https://indomet.gob.do/wp-content/uploads/2025/04/temperaturas-extremas-y-precipitaciones-2025x04x11-a.pdf
2025-04-11,043,SANTO DOMINGO ESTE,SANTO DOMINGO,ONAMET,EMCO,30.7,24.4,9.2,https://indomet.gob.do/wp-content/uploads/2025/04/temperaturas-extremas-y-precipitaciones-2025x04x11-a.pdf
2025-04-11,044,ARPT. MARÍA MONTEZ,BARAHONA,ONAMET,EMCO,30.8,23.4,8.9,https://indomet.gob.do/wp-content/uploads/2025/04/temperaturas-extremas-y-precipitaciones-2025x04x11-a.pdf
2025-04-11,045,PESCADERIA (EMA),BARAHONA,MINISTERIO DE AGRICULTURA,EMAP,30.9,22.8,8.6,https://indomet.gob.do/wp-content/uploads/2025/04/temperaturas-extremas-y-precipitaciones-2025x04x11-a.pdf
2025-04-11,046,CENTRO DE LOS HEROES (EMA),DISTRITO NACIONAL,MINISTERIO DE ENERGIA Y MINA,EMAP,29.2,24.8,7.4,https://indomet.gob.do/wp-content/uploads/2025/04/temperaturas-extremas-y-precipitaciones-2025x04x11-a.pdf
2025-04-11,047,SAN RAFAEL DEL YUMA,LA ALTAGRACIA,MINISTERIO DE AGRICULTURA,EMCO,31.0,23.0,6.9,https://indomet.gob.do/wp-content/uploads/2025/04/temperaturas-extremas-y-precipitaciones-2025x04x11-a.pdf
2025-04-11,048,TÁBARA ABAJO,AZUA,INDRHI,EMCO,34.5,19.0,6.4,https://indomet.gob.do/wp-content/uploads/2025/04/temperaturas-extremas-y-precipitaciones-2025x04x11-a.pdf
2025-04-11,049,SAN CRISTÓBAL,SAN CRISTÓBAL,INSTITUTO POLITÉCNICO LOYOLA,EMCO,29.2,21.2,6.0,https://indomet.gob.do/wp-content/uploads/2025/04/temperaturas-extremas-y-precipitaciones-2025x04x11-a.pdf
2025-04-11,050,ALTO BANDERA (EMA),LA VEGA,INTEC,EMAP,15.3,8.8,5.8,https://indomet.gob.do/wp-content/uploads/2025/04/temperaturas-extremas-y-precipitaciones-2025x04x11-a.pdf
2025-04-11,051,SABANA GRANDE DE BOYÁ,MONTE PLATA,MINISTERIO DE AGRICULTURA,EMCV,,,5.3,https://indomet.gob.do/wp-content/uploads/2025/04/temperaturas-extremas-y-precipitaciones-2025x04x11-a.pdf
2025-04-11,052,VALLE NUEVO (EMA),LA VEGA,MARENA,EMAO,17.9,10.6,4.6,https://indomet.gob.do/wp-content/uploads/2025/04/temperaturas-extremas-y-precipitaciones-2025x04x11-a.pdf
2025-04-11,053,ARROYO LORO,SAN JUAN,IDIAF,EMCO,33.8,13.2,4.1,https://indomet.gob.do/wp-content/uploads/2025/04/temperaturas-extremas-y-precipitaciones-2025x04x11-a.pdf
2025-04-11,054,RANCHO ARRIBA,SAN JOSÉ DE OCOA,CENTRO TECNOLÓGICO COMUNITARIO,EMCO,26.5,19.4,3.4,https://indomet.gob.do/wp-content/uploads/2025/04/temperaturas-extremas-y-precipitaciones-2025x04x11-a.pdf
2025-04-11,055,SABANETA (EMA),SANTIAGO RODRÍGUEZ,PROGRAMA MUNDIAL DE ALIMENTO,EMAP,32.8,22.4,3.4,https://indomet.gob.do/wp-content/uploads/2025/04/temperaturas-extremas-y-precipitaciones-2025x04x11-a.pdf
2025-04-11,056,OVIEDO,PEDERNALES,CLÍNICA RURAL OVIEDO,EMCO,31.5,22.5,3.3,https://indomet.gob.do/wp-content/uploads/2025/04/temperaturas-extremas-y-precipitaciones-2025x04x11-a.pdf
2025-04-11,057,LOS LLANOS,SAN PEDRO DE MACORÍS,MINISTERIO DE AGRICULTURA,EMCO,31.0,23.5,2.4,https://indomet.gob.do/wp-content/uploads/2025/04/temperaturas-extremas-y-precipitaciones-2025x04x11-a.pdf
2025-04-11,058,ARPT. LA ISABELA,SANTO DOMINGO,ONAMET,EMCO,31.5,22.0,2.2,https://indomet.gob.do/wp-content/uploads/2025/04/temperaturas-extremas-y-precipitaciones-2025x04x11-a.pdf
2025-04-11,059,LOS TRES CHARCOS (EMA),PEDERNALES,PROPIEDAD DEL VOLUNTARIO,EMAP,31.6,22.6,2.0,https://indomet.gob.do/wp-content/uploads/2025/04/temperaturas-extremas-y-precipitaciones-2025x04x11-a.pdf
2025-04-11,060,VILLA ALTAGRACIA,SAN CRISTÓBAL,ESCUELA JAVIER ANGULO GURIDI,EMCO,,,2.0,https://indomet.gob.do/wp-content/uploads/2025/04/temperaturas-extremas-y-precipitaciones-2025x04x11-a.pdf
2025-04-11,061,ENRIQUILLO,BARAHONA,MINISTERIO DE AGRICULTURA,EMCV,30.5,24.0,1.6,https://indomet.gob.do/wp-content/uploads/2025/04/temperaturas-extremas-y-precipitaciones-2025x04x11-a.pdf
2025-04-11,062,HONDO VALLE,ELÍAS PIÑA,MINISTERIO DE AGRICULTURA,EMCO,30.5,24.0,1.6,https://indomet.gob.do/wp-content/uploads/2025/04/temperaturas-extremas-y-precipitaciones-2025x04x11-a.pdf
2025-04-11,063,PADRE LAS CASAS,AZUA,HOSP. NTRA. SRA. DEL CARMEN,EMCO,29.0,20.0,1.6,https://indomet.gob.do/wp-content/uploads/2025/04/temperaturas-extremas-y-precipitaciones-2025x04x11-a.pdf
2025-04-11,064,POLO,BARAHONA,INDOCAFE,EMCO,26.5,18.6,1.1,https://indomet.gob.do/wp-content/uploads/2025/04/temperaturas-extremas-y-precipitaciones-2025x04x11-a.pdf
2025-04-11,065,JUMA BEJUCAL,MONSEÑOR NOUEL,IDIAF,EMCV,29.0,21.8,1.0,https://indomet.gob.do/wp-content/uploads/2025/04/temperaturas-extremas-y-precipitaciones-2025x04x11-a.pdf
2025-04-11,066,ANAMUYA (EMA),LA ALTAGRACIA,MINISTERIO DE AGRICULTURA,EMAP,31.6,23.2,0.8,https://indomet.gob.do/wp-content/uploads/2025/04/temperaturas-extremas-y-precipitaciones-2025x04x11-a.pdf
2025-04-11,067,SAN JOSÉ DE OCOA,SAN JOSÉ DE OCOA,HOSP. SAN JOSÉ DE OCOA,EMCO,27.4,17.5,0.6,https://indomet.gob.do/wp-content/uploads/2025/04/temperaturas-extremas-y-precipitaciones-2025x04x11-a.pdf
2025-04-11,068,CABRAL,BARAHONA,MINISTERIO DE AGRICULTURA,EMCV,30.7,23.4,0.4,https://indomet.gob.do/wp-content/uploads/2025/04/temperaturas-extremas-y-precipitaciones-2025x04x11-a.pdf
2025-04-11,069,ARPT. DE LA ROMANA,LA ROMANA,ONAMET,EMCO,30.5,22.3,0.0,https://indomet.gob.do/wp-content/uploads/2025/04/temperaturas-extremas-y-precipitaciones-2025x04x11-a.pdf
2025-04-11,070,CONSTANZA,LA VEGA,MINISTERIO DE AGRICULTURA,EMCO,24.2,16.5,0.0,https://indomet.gob.do/wp-content/uploads/2025/04/temperaturas-extremas-y-precipitaciones-2025x04x11-a.pdf
2025-04-11,071,CONSTANZA (EMA),LA VEGA,PROGRAMA MUNDIAL DE ALIMENTO,EMAP,25.0,16.5,0.0,https://indomet.gob.do/wp-content/uploads/2025/04/temperaturas-extremas-y-precipitaciones-2025x04x11-a.pdf
2025-04-11,072,LAS CANAS (EMA),MONTE CRISTI,PROGRAMA MUNDIAL DE ALIMENTO,EMAP,28.3,21.8,0.0,https://indomet.gob.do/wp-content/uploads/2025/04/temperaturas-extremas-y-precipitaciones-2025x04x11-a.pdf
2025-04-11,073,OLIVARES,PEDERNALES,INDRHI,EMCO,,,0.0,https://indomet.gob.do/wp-content/uploads/2025/04/temperaturas-extremas-y-precipitaciones-2025x04x11-a.pdf
2025-04-11,074,PEDERNALES,PEDERNALES,INDRHI,EMCO,,,0.0,https://indomet.gob.do/wp-content/uploads/2025/04/temperaturas-extremas-y-precipitaciones-2025x04x11-a.pdf
2025-04-11,075,PONTÓN ABAJO (EMA),LA VEGA,MINISTERIO DE AGRICULTURA,EMAP,32.9,22.4,0.0,https://indomet.gob.do/wp-content/uploads/2025/04/temperaturas-extremas-y-precipitaciones-2025x04x11-a.pdf
2025-04-12,001,MAO,VALVERDE,INDRHI / MINISTERIO DE AGRICULTURA,EMCV,,,66.0,https://indomet.gob.do/wp-content/uploads/2025/04/temperaturas-extremas-y-precipitaciones-2025x04x12-a.pdf
2025-04-12,002,ARPT. GREGORIO LUPERÓN,PUERTO PLATA,ONAMET,EMCO,30.5,21.0,64.2,https://indomet.gob.do/wp-content/uploads/2025/04/temperaturas-extremas-y-precipitaciones-2025x04x12-a.pdf
2025-04-12,003,ELÍAS PIÑA,ELÍAS PIÑA,MINISTERIO DE AGRICULTURA,EMCV,,,60.1,https://indomet.gob.do/wp-content/uploads/2025/04/temperaturas-extremas-y-precipitaciones-2025x04x12-a.pdf
2025-04-12,004,DAJABÓN,DAJABÓN,INSTITUTO POLITÉCNICO LOYOLA,EMCO,32.1,20.4,59.6,https://indomet.gob.do/wp-content/uploads/2025/04/temperaturas-extremas-y-precipitaciones-2025x04x12-a.pdf
2025-04-12,005,RESTAURACIÓN,DAJABÓN,MINISTERIO DE AGRICULTURA,EMCO,20.5,17.6,55.5,https://indomet.gob.do/wp-content/uploads/2025/04/temperaturas-extremas-y-precipitaciones-2025x04x12-a.pdf
2025-04-12,006,SANTIAGO RODRÍGUEZ,SANTIAGO RODRÍGUEZ,ONAMET,EMCO,32.2,23.0,55.2,https://indomet.gob.do/wp-content/uploads/2025/04/temperaturas-extremas-y-precipitaciones-2025x04x12-a.pdf
2025-04-12,007,VILLA GONZALES,SANTIAGO,MINISTERIO DE AGRICULTURA,EMCO,,,49.3,https://indomet.gob.do/wp-content/uploads/2025/04/temperaturas-extremas-y-precipitaciones-2025x04x12-a.pdf
2025-04-12,008,BOCA DE MAO (EMA),VALVERDE,MINISTERIO DE AGRICULTURA,EMAP,32.7,22.3,46.6,https://indomet.gob.do/wp-content/uploads/2025/04/temperaturas-extremas-y-precipitaciones-2025x04x12-a.pdf
2025-04-12,009,MONCIÓN (EMA),SANTIAGO RODRÍGUEZ,PROGRAMA MUNDIAL DE ALIMENTO,EMAP,29.8,20.5,45.8,https://indomet.gob.do/wp-content/uploads/2025/04/temperaturas-extremas-y-precipitaciones-2025x04x12-a.pdf
2025-04-12,010,ALTAMIRA,PUERTO PLATA,HOSP. MPAL. DE ALTAMIRA,EMCO,30.7,21.2,40.0,https://indomet.gob.do/wp-content/uploads/2025/04/temperaturas-extremas-y-precipitaciones-2025x04x12-a.pdf
2025-04-12,011,NAVARRETE,SANTIAGO,MINISTERIO DE AGRICULTURA,EMCV,,,32.0,https://indomet.gob.do/wp-content/uploads/2025/04/temperaturas-extremas-y-precipitaciones-2025x04x12-a.pdf
2025-04-12,012,LAS MATAS DE SANTA CRUZ (EMA),MONTE CRISTI,PROGRAMA MUNDIAL DE ALIMENTO,EMAP,29.7,22.5,30.5,https://indomet.gob.do/wp-content/uploads/2025/04/temperaturas-extremas-y-precipitaciones-2025x04x12-a.pdf
2025-04-12,013,ARPT. DEL CIBAO,SANTIAGO,ONAMET,EMCO,33.5,21.4,27.8,https://indomet.gob.do/wp-content/uploads/2025/04/temperaturas-extremas-y-precipitaciones-2025x04x12-a.pdf
2025-04-12,014,POLO,BARAHONA,INDOCAFE,EMCO,28.0,19.0,26.4,https://indomet.gob.do/wp-content/uploads/2025/04/temperaturas-extremas-y-precipitaciones-2025x04x12-a.pdf
2025-04-12,015,GURABO,SANTIAGO,MINISTERIO DE AGRICULTURA,EMCV,,,23.9,https://indomet.gob.do/wp-content/uploads/2025/04/temperaturas-extremas-y-precipitaciones-2025x04x12-a.pdf
2025-04-12,016,BONAO,MONSEÑOR NOUEL,MINISTERIO DE AGRICULTURA,EMCV,,,21.3,https://indomet.gob.do/wp-content/uploads/2025/04/temperaturas-extremas-y-precipitaciones-2025x04x12-a.pdf
2025-04-12,017,PALO ÍNDIO,PUERTO PLATA,MINISTERIO DE AGRICULTURA,EMCO,,,18.0,https://indomet.gob.do/wp-content/uploads/2025/04/temperaturas-extremas-y-precipitaciones-2025x04x12-a.pdf
2025-04-12,018,VILLA ISABELA,PUERTO PLATA,MINISTERIO DE AGRICULTURA,EMCV,,,18.0,https://indomet.gob.do/wp-content/uploads/2025/04/temperaturas-extremas-y-precipitaciones-2025x04x12-a.pdf
2025-04-12,019,JARABACOA (EMA),LA VEGA,PROGRAMA MUNDIAL DE ALIMENTO,EMAP,28.4,19.7,17.4,https://indomet.gob.do/wp-content/uploads/2025/04/temperaturas-extremas-y-precipitaciones-2025x04x12-a.pdf
2025-04-12,020,ENRIQUILLO,BARAHONA,MINISTERIO DE AGRICULTURA,EMCV,31.0,24.5,17.0,https://indomet.gob.do/wp-content/uploads/2025/04/temperaturas-extremas-y-precipitaciones-2025x04x12-a.pdf
2025-04-12,021,SALCEDO,HERMANAS MIRABAL,PROPIEDAD DEL EMPLEADO,EMCO,,,16.2,https://indomet.gob.do/wp-content/uploads/2025/04/temperaturas-extremas-y-precipitaciones-2025x04x12-a.pdf
2025-04-12,022,JARABACOA,LA VEGA,INDRHI / MARENA,EMCO,28.6,19.2,15.9,https://indomet.gob.do/wp-content/uploads/2025/04/temperaturas-extremas-y-precipitaciones-2025x04x12-a.pdf
2025-04-12,023,HONDO VALLE,ELÍAS PIÑA,MINISTERIO DE AGRICULTURA,EMCO,26.1,15.5,8.6,https://indomet.gob.do/wp-content/uploads/2025/04/temperaturas-extremas-y-precipitaciones-2025x04x12-a.pdf
2025-04-12,024,PRESA DE TAVERAS (EMA),LA VEGA,PROGRAMA MUNDIAL DE ALIMENTO,EMAP,28.9,16.3,8.2,https://indomet.gob.do/wp-content/uploads/2025/04/temperaturas-extremas-y-precipitaciones-2025x04x12-a.pdf
2025-04-12,025,MONTE CRISTI,MONTE CRISTI,ONAMET,EMCO,30.8,22.0,6.2,https://indomet.gob.do/wp-content/uploads/2025/04/temperaturas-extremas-y-precipitaciones-2025x04x12-a.pdf
2025-04-12,026,LA VEGA,LA VEGA,IATESA,EMCO,30.5,21.5,4.7,https://indomet.gob.do/wp-content/uploads/2025/04/temperaturas-extremas-y-precipitaciones-2025x04x12-a.pdf
2025-04-12,027,GASPAR HERNÁNDEZ,ESPAILLAT,PROPIEDAD DEL EMPLEADO,EMCO,,,4.3,https://indomet.gob.do/wp-content/uploads/2025/04/temperaturas-extremas-y-precipitaciones-2025x04x12-a.pdf
2025-04-12,028,SAN RAFAEL DEL YUMA,LA ALTAGRACIA,MINISTERIO DE AGRICULTURA,EMCO,31.7,23.5,3.1,https://indomet.gob.do/wp-content/uploads/2025/04/temperaturas-extremas-y-precipitaciones-2025x04x12-a.pdf
2025-04-12,029,SABANETA (EMA),SANTIAGO RODRÍGUEZ,PROGRAMA MUNDIAL DE ALIMENTO,EMAP,32.1,22.0,3.0,https://indomet.gob.do/wp-content/uploads/2025/04/temperaturas-extremas-y-precipitaciones-2025x04x12-a.pdf
2025-04-12,030,BAYAGUANA,MONTE PLATA,ONAMET,EMCO,31.8,23.6,2.7,https://indomet.gob.do/wp-content/uploads/2025/04/temperaturas-extremas-y-precipitaciones-2025x04x12-a.pdf
2025-04-12,031,SAN JOSÉ DE OCOA,SAN JOSÉ DE OCOA,HOSP. SAN JOSÉ DE OCOA,EMCO,29.0,17.6,2.6,https://indomet.gob.do/wp-content/uploads/2025/04/temperaturas-extremas-y-precipitaciones-2025x04x12-a.pdf
2025-04-12,032,CONSTANZA,LA VEGA,MINISTERIO DE AGRICULTURA,EMCO,28.4,17.5,2.3,https://indomet.gob.do/wp-content/uploads/2025/04/temperaturas-extremas-y-precipitaciones-2025x04x12-a.pdf
2025-04-12,033,HATO MAYOR,HATO MAYOR,MINISTERIO DE AGRICULTURA,EMCV,,,2.3,https://indomet.gob.do/wp-content/uploads/2025/04/temperaturas-extremas-y-precipitaciones-2025x04x12-a.pdf
2025-04-12,034,CONSTANZA (EMA),LA VEGA,PROGRAMA MUNDIAL DE ALIMENTO,EMAP,27.0,17.5,2.2,https://indomet.gob.do/wp-content/uploads/2025/04/temperaturas-extremas-y-precipitaciones-2025x04x12-a.pdf
2025-04-12,035,ARPT. DE PUNTA CANA,LA ALTAGRACIA,ONAMET,EMCO,29.6,22.5,2.1,https://indomet.gob.do/wp-content/uploads/2025/04/temperaturas-extremas-y-precipitaciones-2025x04x12-a.pdf
2025-04-12,036,ARPT. DE LA ROMANA,LA ROMANA,ONAMET,EMCO,30.8,22.8,1.5,https://indomet.gob.do/wp-content/uploads/2025/04/temperaturas-extremas-y-precipitaciones-2025x04x12-a.pdf
2025-04-12,037,JIMANÍ,INDEPENDENCIA,MINISTERIO DE AGRICULTURA,EMCO,34.2,23.5,1.3,https://indomet.gob.do/wp-content/uploads/2025/04/temperaturas-extremas-y-precipitaciones-2025x04x12-a.pdf
2025-04-12,038,ANAMUYA (EMA),LA ALTAGRACIA,MINISTERIO DE AGRICULTURA,EMAP,32.2,23.3,1.2,https://indomet.gob.do/wp-content/uploads/2025/04/temperaturas-extremas-y-precipitaciones-2025x04x12-a.pdf
2025-04-12,039,SÁNCHEZ,SAMANÁ,MINISTERIO DE AGRICULTURA,EMCO,32.3,22.5,1.2,https://indomet.gob.do/wp-content/uploads/2025/04/temperaturas-extremas-y-precipitaciones-2025x04x12-a.pdf
2025-04-12,040,PADRE LAS CASAS,AZUA,HOSP. NTRA. SRA. DEL CARMEN,EMCO,32.5,21.5,1.0,https://indomet.gob.do/wp-content/uploads/2025/04/temperaturas-extremas-y-precipitaciones-2025x04x12-a.pdf
2025-04-12,041,RÍO SAN JUAN,MARÍA TRINIDAD SÁNCHEZ,HOSP. MPAL. DR. DESIDERIO ACOSTA,EMCV,33.7,23.5,0.5,https://indomet.gob.do/wp-content/uploads/2025/04/temperaturas-extremas-y-precipitaciones-2025x04x12-a.pdf
2025-04-12,042,EL FACTOR (EMA),MARÍA TRINIDAD SÁNCHEZ,INTEC,EMAP,31.8,23.1,0.5,https://indomet.gob.do/wp-content/uploads/2025/04/temperaturas-extremas-y-precipitaciones-2025x04x12-a.pdf
2025-04-12,043,ESCONDIDO,PERAVIA,MINISTERIO DE AGRICULTURA,EMCV,30.0,23.0,0.3,https://indomet.gob.do/wp-content/uploads/2025/04/temperaturas-extremas-y-precipitaciones-2025x04x12-a.pdf
2025-04-12,044,SABANA DE LA MAR,HATO MAYOR,ONAMET,EMCO,29.5,22.5,0.3,https://indomet.gob.do/wp-content/uploads/2025/04/temperaturas-extremas-y-precipitaciones-2025x04x12-a.pdf
2025-04-12,045,CABRAL,BARAHONA,MINISTERIO DE AGRICULTURA,EMCV,32.7,24.4,0.2,https://indomet.gob.do/wp-content/uploads/2025/04/temperaturas-extremas-y-precipitaciones-2025x04x12-a.pdf
2025-04-12,046,LOS TRES CHARCOS (EMA),PEDERNALES,PROPIEDAD DEL VOLUNTARIO,EMAP,32.1,23.3,0.2,https://indomet.gob.do/wp-content/uploads/2025/04/temperaturas-extremas-y-precipitaciones-2025x04x12-a.pdf
2025-04-12,047,PERALTA,AZUA,HOSP. MPAL. DE PERALTA,EMCO,29.5,19.1,0.2,https://indomet.gob.do/wp-content/uploads/2025/04/temperaturas-extremas-y-precipitaciones-2025x04x12-a.pdf
2025-04-12,048,ARROYO LORO,SAN JUAN,IDIAF,EMCO,33.4,15.6,0.1,https://indomet.gob.do/wp-content/uploads/2025/04/temperaturas-extremas-y-precipitaciones-2025x04x12-a.pdf
2025-04-12,049,SABANA GRANDE DE BOYÁ,MONTE PLATA,MINISTERIO DE AGRICULTURA,EMCV,,,0.1,https://indomet.gob.do/wp-content/uploads/2025/04/temperaturas-extremas-y-precipitaciones-2025x04x12-a.pdf
2025-04-12,050,ALTO BANDERA (EMA),LA VEGA,INTEC,EMAP,15.3,8.8,0.0,https://indomet.gob.do/wp-content/uploads/2025/04/temperaturas-extremas-y-precipitaciones-2025x04x12-a.pdf
2025-04-12,051,ARPT. ARROYO BARRIL,SAMANÁ,ONAMET,EMCO,30.9,22.5,0.0,https://indomet.gob.do/wp-content/uploads/2025/04/temperaturas-extremas-y-precipitaciones-2025x04x12-a.pdf
2025-04-12,052,ARPT. DE LAS AMÉRICAS,SANTO DOMINGO,ONAMET,EMCO,30.8,21.0,0.0,https://indomet.gob.do/wp-content/uploads/2025/04/temperaturas-extremas-y-precipitaciones-2025x04x12-a.pdf
2025-04-12,053,ARPT. EL CATEY,SAMANÁ,ONAMET,EMCO,29.0,22.0,0.0,https://indomet.gob.do/wp-content/uploads/2025/04/temperaturas-extremas-y-precipitaciones-2025x04x12-a.pdf
2025-04-12,054,ARPT. LA ISABELA,SANTO DOMINGO,ONAMET,EMCO,32.0,21.6,0.0,https://indomet.gob.do/wp-content/uploads/2025/04/temperaturas-extremas-y-precipitaciones-2025x04x12-a.pdf
2025-04-12,055,ARPT. MARÍA MONTEZ,BARAHONA,ONAMET,EMCO,31.5,23.5,0.0,https://indomet.gob.do/wp-content/uploads/2025/04/temperaturas-extremas-y-precipitaciones-2025x04x12-a.pdf
2025-04-12,056,CABRERA,MARÍA TRINIDAD SÁNCHEZ,ESCUELA ARÍSTIDES FIALLO CABRAL,EMCO,31.2,22.5,0.0,https://indomet.gob.do/wp-content/uploads/2025/04/temperaturas-extremas-y-precipitaciones-2025x04x12-a.pdf
2025-04-12,057,CENTRO DE LOS HEROES (EMA),DISTRITO NACIONAL,MINISTERIO DE ENERGIA Y MINA,EMAP,30.3,25.6,0.0,https://indomet.gob.do/wp-content/uploads/2025/04/temperaturas-extremas-y-precipitaciones-2025x04x12-a.pdf
2025-04-12,058,JUMA BEJUCAL,MONSEÑOR NOUEL,IDIAF,EMCV,30.8,22.0,0.0,https://indomet.gob.do/wp-content/uploads/2025/04/temperaturas-extremas-y-precipitaciones-2025x04x12-a.pdf
2025-04-12,059,LA VICTORIA,SANTO DOMINGO,CUERPO DE BOMBEROS,EMCO,32.0,23.5,0.0,https://indomet.gob.do/wp-content/uploads/2025/04/temperaturas-extremas-y-precipitaciones-2025x04x12-a.pdf
2025-04-12,060,LAS CANAS (EMA),MONTE CRISTI,PROGRAMA MUNDIAL DE ALIMENTO,EMAP,27.2,21.5,0.0,https://indomet.gob.do/wp-content/uploads/2025/04/temperaturas-extremas-y-precipitaciones-2025x04x12-a.pdf
2025-04-12,061,LOS LLANOS,SAN PEDRO DE MACORÍS,MINISTERIO DE AGRICULTURA,EMCO,32.9,23.0,0.0,https://indomet.gob.do/wp-content/uploads/2025/04/temperaturas-extremas-y-precipitaciones-2025x04x12-a.pdf
2025-04-12,062,OLIVARES,PEDERNALES,INDRHI,EMCO,,,0.0,https://indomet.gob.do/wp-content/uploads/2025/04/temperaturas-extremas-y-precipitaciones-2025x04x12-a.pdf
2025-04-12,063,PEDERNALES,PEDERNALES,INDRHI,EMCO,,,0.0,https://indomet.gob.do/wp-content/uploads/2025/04/temperaturas-extremas-y-precipitaciones-2025x04x12-a.pdf
2025-04-12,064,PESCADERIA (EMA),BARAHONA,MINISTERIO DE AGRICULTURA,EMAP,31.1,24.9,0.0,https://indomet.gob.do/wp-content/uploads/2025/04/temperaturas-extremas-y-precipitaciones-2025x04x12-a.pdf
2025-04-12,065,PONTÓN ABAJO (EMA),LA VEGA,MINISTERIO DE AGRICULTURA,EMAP,32.8,22.8,0.0,https://indomet.gob.do/wp-content/uploads/2025/04/temperaturas-extremas-y-precipitaciones-2025x04x12-a.pdf
2025-04-12,066,RANCHO ARRIBA,SAN JOSÉ DE OCOA,CENTRO TECNOLÓGICO COMUNITARIO,EMCO,30.0,19.2,0.0,https://indomet.gob.do/wp-content/uploads/2025/04/temperaturas-extremas-y-precipitaciones-2025x04x12-a.pdf
2025-04-12,067,SAMANÁ,SAMANÁ,COMANDANCIA DE PUERTO DE SAMANÁ,EMCO,32.0,22.4,0.0,https://indomet.gob.do/wp-content/uploads/2025/04/temperaturas-extremas-y-precipitaciones-2025x04x12-a.pdf
2025-04-12,068,SAN CRISTÓBAL,SAN CRISTÓBAL,INSTITUTO POLITÉCNICO LOYOLA,EMCO,30.0,22.0,0.0,https://indomet.gob.do/wp-content/uploads/2025/04/temperaturas-extremas-y-precipitaciones-2025x04x12-a.pdf
2025-04-12,069,SANTO DOMINGO ESTE,SANTO DOMINGO,ONAMET,EMCO,31.5,24.2,0.0,https://indomet.gob.do/wp-content/uploads/2025/04/temperaturas-extremas-y-precipitaciones-2025x04x12-a.pdf
2025-04-12,070,TÁBARA ABAJO,AZUA,INDRHI,EMCO,33.5,20.0,0.0,https://indomet.gob.do/wp-content/uploads/2025/04/temperaturas-extremas-y-precipitaciones-2025x04x12-a.pdf
2025-04-12,071,VALLE NUEVO (EMA),LA VEGA,MARENA,EMAO,18.7,9.0,0.0,https://indomet.gob.do/wp-content/uploads/2025/04/temperaturas-extremas-y-precipitaciones-2025x04x12-a.pdf
2025-04-12,072,VILLA RIVA,DUARTE,HOSP. MPAL. ALICIA DE LEGENDRE,EMCO,33.0,23.0,0.0,https://indomet.gob.do/wp-content/uploads/2025/04/temperaturas-extremas-y-precipitaciones-2025x04x12-a.pdf
2025-04-13,001,EL SEIBO,EL SEIBO,MINISTERIO DE AGRICULTURA,EMCV,,,180.3,https://indomet.gob.do/wp-content/uploads/2025/04/temperaturas-extremas-y-precipitaciones-2025x04x13-a.pdf
2025-04-13,002,MONCIÓN (EMA),SANTIAGO RODRÍGUEZ,PROGRAMA MUNDIAL DE ALIMENTO,EMAP,27.1,18.9,108.6,https://indomet.gob.do/wp-content/uploads/2025/04/temperaturas-extremas-y-precipitaciones-2025x04x13-a.pdf
2025-04-13,003,SÁNCHEZ,SAMANÁ,MINISTERIO DE AGRICULTURA,EMCO,31.8,21.2,99.6,https://indomet.gob.do/wp-content/uploads/2025/04/temperaturas-extremas-y-precipitaciones-2025x04x13-a.pdf
2025-04-13,004,ARPT. EL CATEY,SAMANÁ,ONAMET,EMCO,29.0,22.5,77.0,https://indomet.gob.do/wp-content/uploads/2025/04/temperaturas-extremas-y-precipitaciones-2025x04x13-a.pdf
2025-04-13,005,ARPT. ARROYO BARRIL,SAMANÁ,ONAMET,EMCO,31.0,20.6,75.5,https://indomet.gob.do/wp-content/uploads/2025/04/temperaturas-extremas-y-precipitaciones-2025x04x13-a.pdf
2025-04-13,006,HATO MAYOR,HATO MAYOR,MINISTERIO DE AGRICULTURA,EMCV,,,69.9,https://indomet.gob.do/wp-content/uploads/2025/04/temperaturas-extremas-y-precipitaciones-2025x04x13-a.pdf
2025-04-13,007,SAMANÁ,SAMANÁ,COMANDANCIA DE PUERTO DE SAMANÁ,EMCO,31.0,21.0,69.2,https://indomet.gob.do/wp-content/uploads/2025/04/temperaturas-extremas-y-precipitaciones-2025x04x13-a.pdf
2025-04-13,008,RÍO SAN JUAN,MARÍA TRINIDAD SÁNCHEZ,HOSP. MPAL. DR. DESIDERIO ACOSTA,EMCV,30.0,23.5,64.0,https://indomet.gob.do/wp-content/uploads/2025/04/temperaturas-extremas-y-precipitaciones-2025x04x13-a.pdf
2025-04-13,009,TAMBORIL,SANTIAGO,MINISTERIO DE AGRICULTURA,EMCV,,,48.3,https://indomet.gob.do/wp-content/uploads/2025/04/temperaturas-extremas-y-precipitaciones-2025x04x13-a.pdf
2025-04-13,010,SABANA DE LA MAR,HATO MAYOR,ONAMET,EMCO,31.0,22.0,47.8,https://indomet.gob.do/wp-content/uploads/2025/04/temperaturas-extremas-y-precipitaciones-2025x04x13-a.pdf
2025-04-13,011,JARABACOA (EMA),LA VEGA,PROGRAMA MUNDIAL DE ALIMENTO,EMAP,26.6,18.9,42.0,https://indomet.gob.do/wp-content/uploads/2025/04/temperaturas-extremas-y-precipitaciones-2025x04x13-a.pdf
2025-04-13,012,JARABACOA,LA VEGA,INDRHI / MARENA,EMCO,27.4,18.6,39.2,https://indomet.gob.do/wp-content/uploads/2025/04/temperaturas-extremas-y-precipitaciones-2025x04x13-a.pdf
2025-04-13,013,ARPT. GREGORIO LUPERÓN,PUERTO PLATA,ONAMET,EMCO,28.3,22.0,37.7,https://indomet.gob.do/wp-content/uploads/2025/04/temperaturas-extremas-y-precipitaciones-2025x04x13-a.pdf
2025-04-13,014,JUMA BEJUCAL,MONSEÑOR NOUEL,IDIAF,EMCV,31.0,19.8,36.7,https://indomet.gob.do/wp-content/uploads/2025/04/temperaturas-extremas-y-precipitaciones-2025x04x13-a.pdf
2025-04-13,015,VILLA GONZALES,SANTIAGO,MINISTERIO DE AGRICULTURA,EMCO,,,30.5,https://indomet.gob.do/wp-content/uploads/2025/04/temperaturas-extremas-y-precipitaciones-2025x04x13-a.pdf
2025-04-13,016,BONAO,MONSEÑOR NOUEL,MINISTERIO DE AGRICULTURA,EMCV,,,29.0,https://indomet.gob.do/wp-content/uploads/2025/04/temperaturas-extremas-y-precipitaciones-2025x04x13-a.pdf
2025-04-13,017,ARPT. DEL CIBAO,SANTIAGO,ONAMET,EMCO,30.5,21.6,27.6,https://indomet.gob.do/wp-content/uploads/2025/04/temperaturas-extremas-y-precipitaciones-2025x04x13-a.pdf
2025-04-13,018,VALLE NUEVO (EMA),LA VEGA,MARENA,EMAO,20.2,10.2,27.2,https://indomet.gob.do/wp-content/uploads/2025/04/temperaturas-extremas-y-precipitaciones-2025x04x13-a.pdf
2025-04-13,019,EL FACTOR (EMA),MARÍA TRINIDAD SÁNCHEZ,INTEC,EMAP,30.8,22.7,26.4,https://indomet.gob.do/wp-content/uploads/2025/04/temperaturas-extremas-y-precipitaciones-2025x04x13-a.pdf
2025-04-13,020,PEDERNALES,PEDERNALES,INDRHI,EMCO,,,26.2,https://indomet.gob.do/wp-content/uploads/2025/04/temperaturas-extremas-y-precipitaciones-2025x04x13-a.pdf
2025-04-13,021,SANTIAGO RODRÍGUEZ,SANTIAGO RODRÍGUEZ,ONAMET,EMCO,30.2,21.5,23.2,https://indomet.gob.do/wp-content/uploads/2025/04/temperaturas-extremas-y-precipitaciones-2025x04x13-a.pdf
2025-04-13,022,NAVARRETE,SANTIAGO,MINISTERIO DE AGRICULTURA,EMCV,,,22.9,https://indomet.gob.do/wp-content/uploads/2025/04/temperaturas-extremas-y-precipitaciones-2025x04x13-a.pdf
2025-04-13,023,BAYAGUANA,MONTE PLATA,ONAMET,EMCO,32.0,22.8,22.8,https://indomet.gob.do/wp-content/uploads/2025/04/temperaturas-extremas-y-precipitaciones-2025x04x13-a.pdf
2025-04-13,024,GASPAR HERNÁNDEZ,ESPAILLAT,PROPIEDAD DEL EMPLEADO,EMCO,,,21.8,https://indomet.gob.do/wp-content/uploads/2025/04/temperaturas-extremas-y-precipitaciones-2025x04x13-a.pdf
2025-04-13,025,SABANA GRANDE DE BOYÁ,MONTE PLATA,MINISTERIO DE AGRICULTURA,EMCV,,,21.1,https://indomet.gob.do/wp-content/uploads/2025/04/temperaturas-extremas-y-precipitaciones-2025x04x13-a.pdf
2025-04-13,026,LAS MATAS DE FARFÁN,SAN JUAN,MINISTERIO DE AGRICULTURA,EMCV,,,20.3,https://indomet.gob.do/wp-content/uploads/2025/04/temperaturas-extremas-y-precipitaciones-2025x04x13-a.pdf
2025-04-13,027,CABRERA,MARÍA TRINIDAD SÁNCHEZ,ESCUELA ARÍSTIDES FIALLO CABRAL,EMCO,29.5,24.0,20.2,https://indomet.gob.do/wp-content/uploads/2025/04/temperaturas-extremas-y-precipitaciones-2025x04x13-a.pdf
2025-04-13,028,ALTAMIRA,PUERTO PLATA,HOSP. MPAL. DE ALTAMIRA,EMCO,27.9,19.9,20.0,https://indomet.gob.do/wp-content/uploads/2025/04/temperaturas-extremas-y-precipitaciones-2025x04x13-a.pdf
2025-04-13,029,GURABO,SANTIAGO,MINISTERIO DE AGRICULTURA,EMCV,,,18.5,https://indomet.gob.do/wp-content/uploads/2025/04/temperaturas-extremas-y-precipitaciones-2025x04x13-a.pdf
2025-04-13,030,VILLA RIVA,DUARTE,HOSP. MPAL. ALICIA DE LEGENDRE,EMCO,31.0,21.0,18.5,https://indomet.gob.do/wp-content/uploads/2025/04/temperaturas-extremas-y-precipitaciones-2025x04x13-a.pdf
2025-04-13,031,OLIVARES,PEDERNALES,INDRHI,EMCO,,,18.3,https://indomet.gob.do/wp-content/uploads/2025/04/temperaturas-extremas-y-precipitaciones-2025x04x13-a.pdf
2025-04-13,032,ALTO BANDERA (EMA),LA VEGA,INTEC,EMAP,16.4,8.7,18.3,https://indomet.gob.do/wp-content/uploads/2025/04/temperaturas-extremas-y-precipitaciones-2025x04x13-a.pdf
2025-04-13,033,SABANETA (EMA),SANTIAGO RODRÍGUEZ,PROGRAMA MUNDIAL DE ALIMENTO,EMAP,30.1,21.0,18.0,https://indomet.gob.do/wp-content/uploads/2025/04/temperaturas-extremas-y-precipitaciones-2025x04x13-a.pdf
2025-04-13,034,DAJABÓN,DAJABÓN,INSTITUTO POLITÉCNICO LOYOLA,EMCO,34.1,19.3,16.8,https://indomet.gob.do/wp-content/uploads/2025/04/temperaturas-extremas-y-precipitaciones-2025x04x13-a.pdf
2025-04-13,035,ARROYO LORO,SAN JUAN,IDIAF,EMCO,34.2,11.0,15.9,https://indomet.gob.do/wp-content/uploads/2025/04/temperaturas-extremas-y-precipitaciones-2025x04x13-a.pdf
2025-04-13,036,TAVERA,SANTIAGO,INDRHI,EMCO,,,15.6,https://indomet.gob.do/wp-content/uploads/2025/04/temperaturas-extremas-y-precipitaciones-2025x04x13-a.pdf
2025-04-13,037,TÁBARA ABAJO,AZUA,INDRHI,EMCO,32.5,19.0,14.0,https://indomet.gob.do/wp-content/uploads/2025/04/temperaturas-extremas-y-precipitaciones-2025x04x13-a.pdf
2025-04-13,038,LA VEGA,LA VEGA,IATESA,EMCO,29.0,21.9,13.4,https://indomet.gob.do/wp-content/uploads/2025/04/temperaturas-extremas-y-precipitaciones-2025x04x13-a.pdf
2025-04-13,039,SALCEDO,HERMANAS MIRABAL,PROPIEDAD DEL EMPLEADO,EMCO,,,13.0,https://indomet.gob.do/wp-content/uploads/2025/04/temperaturas-extremas-y-precipitaciones-2025x04x13-a.pdf
2025-04-13,040,PARQUE MIRADOR SUR,DISTRITO NACIONAL,AYUNTAMIENTO,EMCV,32.0,21.5,12.5,https://indomet.gob.do/wp-content/uploads/2025/04/temperaturas-extremas-y-precipitaciones-2025x04x13-a.pdf
2025-04-13,041,RANCHO ARRIBA,SAN JOSÉ DE OCOA,CENTRO TECNOLÓGICO COMUNITARIO,EMCO,30.7,19.6,11.1,https://indomet.gob.do/wp-content/uploads/2025/04/temperaturas-extremas-y-precipitaciones-2025x04x13-a.pdf
2025-04-13,042,JARDÍN BOTÁNICO NACIONAL,DISTRITO NACIONAL,JARDÍN BOTÁNICO NACIONAL,EMCV,30.6,21.4,10.3,https://indomet.gob.do/wp-content/uploads/2025/04/temperaturas-extremas-y-precipitaciones-2025x04x13-a.pdf
2025-04-13,043,MAO,VALVERDE,INDRHI / MINISTERIO DE AGRICULTURA,EMCV,,,9.8,https://indomet.gob.do/wp-content/uploads/2025/04/temperaturas-extremas-y-precipitaciones-2025x04x13-a.pdf
2025-04-13,044,LA VICTORIA,SANTO DOMINGO,CUERPO DE BOMBEROS,EMCO,34.0,22.2,9.6,https://indomet.gob.do/wp-content/uploads/2025/04/temperaturas-extremas-y-precipitaciones-2025x04x13-a.pdf
2025-04-13,045,PALO ÍNDIO,PUERTO PLATA,MINISTERIO DE AGRICULTURA,EMCO,,,8.9,https://indomet.gob.do/wp-content/uploads/2025/04/temperaturas-extremas-y-precipitaciones-2025x04x13-a.pdf
2025-04-13,046,ARPT. DE LAS AMÉRICAS,SANTO DOMINGO,ONAMET,EMCO,30.1,22.5,8.5,https://indomet.gob.do/wp-content/uploads/2025/04/temperaturas-extremas-y-precipitaciones-2025x04x13-a.pdf
2025-04-13,047,BOCA DE MAO (EMA),VALVERDE,MINISTERIO DE AGRICULTURA,EMAP,30.7,21.8,7.8,https://indomet.gob.do/wp-content/uploads/2025/04/temperaturas-extremas-y-precipitaciones-2025x04x13-a.pdf
2025-04-13,048,ELÍAS PIÑA,ELÍAS PIÑA,MINISTERIO DE AGRICULTURA,EMCV,,,7.1,https://indomet.gob.do/wp-content/uploads/2025/04/temperaturas-extremas-y-precipitaciones-2025x04x13-a.pdf
2025-04-13,049,VILLA ISABELA,PUERTO PLATA,MINISTERIO DE AGRICULTURA,EMCV,,,6.4,https://indomet.gob.do/wp-content/uploads/2025/04/temperaturas-extremas-y-precipitaciones-2025x04x13-a.pdf
2025-04-13,050,HONDO VALLE,ELÍAS PIÑA,MINISTERIO DE AGRICULTURA,EMCO,26.0,16.3,6.3,https://indomet.gob.do/wp-content/uploads/2025/04/temperaturas-extremas-y-precipitaciones-2025x04x13-a.pdf
2025-04-13,051,SAN FRANCISCO DE MACORÍS,DUARTE,San Francisco de Macorís (UASD),EMCO,31.7,22.2,6.0,https://indomet.gob.do/wp-content/uploads/2025/04/temperaturas-extremas-y-precipitaciones-2025x04x13-a.pdf
2025-04-13,052,PRESA DE TAVERAS (EMA),LA VEGA,PROGRAMA MUNDIAL DE ALIMENTO,EMAP,27.1,20.4,5.8,https://indomet.gob.do/wp-content/uploads/2025/04/temperaturas-extremas-y-precipitaciones-2025x04x13-a.pdf
2025-04-13,053,COTUÍ,SÁNCHEZ RAMÍREZ,HOSP. INMACULADA CONCEPCIÓN,EMCV,,,5.5,https://indomet.gob.do/wp-content/uploads/2025/04/temperaturas-extremas-y-precipitaciones-2025x04x13-a.pdf
2025-04-13,054,PESCADERIA (EMA),BARAHONA,MINISTERIO DE AGRICULTURA,EMAP,31.7,23.8,5.4,https://indomet.gob.do/wp-content/uploads/2025/04/temperaturas-extremas-y-precipitaciones-2025x04x13-a.pdf
2025-04-13,055,LUPERÓN,PUERTO PLATA,MINISTERIO DE AGRICULTURA,EMCV,,,5.3,https://indomet.gob.do/wp-content/uploads/2025/04/temperaturas-extremas-y-precipitaciones-2025x04x13-a.pdf
2025-04-13,056,CENTRO DE LOS HEROES (EMA),DISTRITO NACIONAL,MINISTERIO DE ENERGIA Y MINA,EMAP,30.8,23.8,4.6,https://indomet.gob.do/wp-content/uploads/2025/04/temperaturas-extremas-y-precipitaciones-2025x04x13-a.pdf
2025-04-13,057,RESTAURACIÓN,DAJABÓN,MINISTERIO DE AGRICULTURA,EMCO,19.9,16.7,4.1,https://indomet.gob.do/wp-content/uploads/2025/04/temperaturas-extremas-y-precipitaciones-2025x04x13-a.pdf
2025-04-13,058,SAN JOSÉ DE OCOA,SAN JOSÉ DE OCOA,HOSP. SAN JOSÉ DE OCOA,EMCO,30.1,18.8,3.8,https://indomet.gob.do/wp-content/uploads/2025/04/temperaturas-extremas-y-precipitaciones-2025x04x13-a.pdf
2025-04-13,059,ARPT. DE PUNTA CANA,LA ALTAGRACIA,ONAMET,EMCO,30.0,23.4,3.2,https://indomet.gob.do/wp-content/uploads/2025/04/temperaturas-extremas-y-precipitaciones-2025x04x13-a.pdf
2025-04-13,060,CONSTANZA,LA VEGA,MINISTERIO DE AGRICULTURA,EMCO,27.0,16.7,2.8,https://indomet.gob.do/wp-content/uploads/2025/04/temperaturas-extremas-y-precipitaciones-2025x04x13-a.pdf
2025-04-13,061,ARPT. MARÍA MONTEZ,BARAHONA,ONAMET,EMCO,30.8,25.2,2.7,https://indomet.gob.do/wp-content/uploads/2025/04/temperaturas-extremas-y-precipitaciones-2025x04x13-a.pdf
2025-04-13,062,SANTO DOMINGO ESTE,SANTO DOMINGO,ONAMET,EMCO,31.6,24.0,2.4,https://indomet.gob.do/wp-content/uploads/2025/04/temperaturas-extremas-y-precipitaciones-2025x04x13-a.pdf
2025-04-13,063,CONSTANZA (EMA),LA VEGA,PROGRAMA MUNDIAL DE ALIMENTO,EMAP,26.1,16.8,2.2,https://indomet.gob.do/wp-content/uploads/2025/04/temperaturas-extremas-y-precipitaciones-2025x04x13-a.pdf
2025-04-13,064,PASO AL MEDIO,SAN PEDRO DE MACORÍS,INDRHI,EMCO,,,2.2,https://indomet.gob.do/wp-content/uploads/2025/04/temperaturas-extremas-y-precipitaciones-2025x04x13-a.pdf
2025-04-13,065,SAN RAFAEL DEL YUMA,LA ALTAGRACIA,MINISTERIO DE AGRICULTURA,EMCO,32.0,23.3,1.3,https://indomet.gob.do/wp-content/uploads/2025/04/temperaturas-extremas-y-precipitaciones-2025x04x13-a.pdf
2025-04-13,066,ARPT. LA ISABELA,SANTO DOMINGO,ONAMET,EMCO,32.0,19.5,1.0,https://indomet.gob.do/wp-content/uploads/2025/04/temperaturas-extremas-y-precipitaciones-2025x04x13-a.pdf
2025-04-13,067,MONTE CRISTI,MONTE CRISTI,ONAMET,EMCO,31.3,22.4,0.8,https://indomet.gob.do/wp-content/uploads/2025/04/temperaturas-extremas-y-precipitaciones-2025x04x13-a.pdf
2025-04-13,068,POLO,BARAHONA,INDOCAFE,EMCO,29.1,18.5,0.6,https://indomet.gob.do/wp-content/uploads/2025/04/temperaturas-extremas-y-precipitaciones-2025x04x13-a.pdf
2025-04-13,069,PADRE LAS CASAS,AZUA,HOSP. NTRA. SRA. DEL CARMEN,EMCO,32.0,21.0,0.4,https://indomet.gob.do/wp-content/uploads/2025/04/temperaturas-extremas-y-precipitaciones-2025x04x13-a.pdf
2025-04-13,070,CABRAL,BARAHONA,MINISTERIO DE AGRICULTURA,EMCV,32.5,24.0,0.3,https://indomet.gob.do/wp-content/uploads/2025/04/temperaturas-extremas-y-precipitaciones-2025x04x13-a.pdf
2025-04-13,071,ARPT. DE LA ROMANA,LA ROMANA,ONAMET,EMCO,31.6,21.4,0.2,https://indomet.gob.do/wp-content/uploads/2025/04/temperaturas-extremas-y-precipitaciones-2025x04x13-a.pdf
2025-04-13,072,JIMANÍ,INDEPENDENCIA,MINISTERIO DE AGRICULTURA,EMCO,32.5,24.0,0.2,https://indomet.gob.do/wp-content/uploads/2025/04/temperaturas-extremas-y-precipitaciones-2025x04x13-a.pdf
2025-04-13,073,ENRIQUILLO,BARAHONA,MINISTERIO DE AGRICULTURA,EMCV,32.0,24.0,0.1,https://indomet.gob.do/wp-content/uploads/2025/04/temperaturas-extremas-y-precipitaciones-2025x04x13-a.pdf
2025-04-13,074,PERALTA,AZUA,HOSP. MPAL. DE PERALTA,EMCO,30.0,18.8,0.1,https://indomet.gob.do/wp-content/uploads/2025/04/temperaturas-extremas-y-precipitaciones-2025x04x13-a.pdf
2025-04-13,075,ANAMUYA (EMA),LA ALTAGRACIA,MINISTERIO DE AGRICULTURA,EMAP,31.6,24.1,0.0,https://indomet.gob.do/wp-content/uploads/2025/04/temperaturas-extremas-y-precipitaciones-2025x04x13-a.pdf
2025-04-13,076,ESCONDIDO,PERAVIA,MINISTERIO DE AGRICULTURA,EMCV,31.0,23.0,0.0,https://indomet.gob.do/wp-content/uploads/2025/04/temperaturas-extremas-y-precipitaciones-2025x04x13-a.pdf
2025-04-13,077,LAS CANAS (EMA),MONTE CRISTI,PROGRAMA MUNDIAL DE ALIMENTO,EMAP,26.0,21.5,0.0,https://indomet.gob.do/wp-content/uploads/2025/04/temperaturas-extremas-y-precipitaciones-2025x04x13-a.pdf
2025-04-13,078,LAS MATAS DE SANTA CRUZ (EMA,MONTE CRISTI,PROGRAMA MUNDIAL DE ALIMENTO,EMAP,23.7,22.4,0.0,https://indomet.gob.do/wp-content/uploads/2025/04/temperaturas-extremas-y-precipitaciones-2025x04x13-a.pdf
2025-04-13,079,LOS JENGIBRES,NAGUA,INDRHI,EMCO,,,0.0,https://indomet.gob.do/wp-content/uploads/2025/04/temperaturas-extremas-y-precipitaciones-2025x04x13-a.pdf
2025-04-13,080,LOS LLANOS,SAN PEDRO DE MACORÍS,MINISTERIO DE AGRICULTURA,EMCO,32.4,23.9,0.0,https://indomet.gob.do/wp-content/uploads/2025/04/temperaturas-extremas-y-precipitaciones-2025x04x13-a.pdf
2025-04-13,081,LOS TRES CHARCOS (EMA),PEDERNALES,PROPIEDAD DEL VOLUNTARIO,EMAP,31.9,22.7,0.0,https://indomet.gob.do/wp-content/uploads/2025/04/temperaturas-extremas-y-precipitaciones-2025x04x13-a.pdf
2025-04-13,082,OVIEDO,PEDERNALES,CLÍNICA RURAL OVIEDO,EMCO,32.0,23.0,0.0,https://indomet.gob.do/wp-content/uploads/2025/04/temperaturas-extremas-y-precipitaciones-2025x04x13-a.pdf
2025-04-13,083,PONTÓN ABAJO (EMA),LA VEGA,MINISTERIO DE AGRICULTURA,EMAP,31.7,21.8,0.0,https://indomet.gob.do/wp-content/uploads/2025/04/temperaturas-extremas-y-precipitaciones-2025x04x13-a.pdf
2025-04-13,084,SAN CRISTÓBAL,SAN CRISTÓBAL,INSTITUTO POLITÉCNICO LOYOLA,EMCO,31.0,22.6,0.0,https://indomet.gob.do/wp-content/uploads/2025/04/temperaturas-extremas-y-precipitaciones-2025x04x13-a.pdf
2025-04-14,001,SÁNCHEZ,SAMANÁ,MINISTERIO DE AGRICULTURA,EMCO,30.2,21.9,36.8,https://indomet.gob.do/wp-content/uploads/2025/04/temperaturas-extremas-y-precipitaciones-2025x04x14-a.pdf
2025-04-14,002,ALTAMIRA,PUERTO PLATA,HOSP. MPAL. DE ALTAMIRA,EMCO,24.9,22.3,26.4,https://indomet.gob.do/wp-content/uploads/2025/04/temperaturas-extremas-y-precipitaciones-2025x04x14-a.pdf
2025-04-14,003,ANAMUYA (EMA),LA ALTAGRACIA,MINISTERIO DE AGRICULTURA,EMAP,27.4,19.8,26.4,https://indomet.gob.do/wp-content/uploads/2025/04/temperaturas-extremas-y-precipitaciones-2025x04x14-a.pdf
2025-04-14,004,SABANA DE LA MAR,HATO MAYOR,ONAMET,EMCO,27.0,23.5,20.7,https://indomet.gob.do/wp-content/uploads/2025/04/temperaturas-extremas-y-precipitaciones-2025x04x14-a.pdf
2025-04-14,005,VILLA RIVA,DUARTE,HOSP. MPAL. ALICIA DE LEGENDRE,EMCO,31.2,21.0,19.3,https://indomet.gob.do/wp-content/uploads/2025/04/temperaturas-extremas-y-precipitaciones-2025x04x14-a.pdf
2025-04-14,006,JUMA BEJUCAL,MONSEÑOR NOUEL,IDIAF,EMCV,25.8,18.8,19.1,https://indomet.gob.do/wp-content/uploads/2025/04/temperaturas-extremas-y-precipitaciones-2025x04x14-a.pdf
2025-04-14,007,ARPT. EL CATEY,SAMANÁ,ONAMET,EMCO,26.5,19.4,17.4,https://indomet.gob.do/wp-content/uploads/2025/04/temperaturas-extremas-y-precipitaciones-2025x04x14-a.pdf
2025-04-14,008,JARABACOA (EMA),LA VEGA,PROGRAMA MUNDIAL DE ALIMENTO,EMAP,22.8,18.5,15.4,https://indomet.gob.do/wp-content/uploads/2025/04/temperaturas-extremas-y-precipitaciones-2025x04x14-a.pdf
2025-04-14,009,PASO AL MEDIO,SAN PEDRO DE MACORÍS,INDRHI,EMCO,,,14.1,https://indomet.gob.do/wp-content/uploads/2025/04/temperaturas-extremas-y-precipitaciones-2025x04x14-a.pdf
2025-04-14,010,JARABACOA,LA VEGA,INDRHI / MARENA,EMCO,23.2,18.4,13.4,https://indomet.gob.do/wp-content/uploads/2025/04/temperaturas-extremas-y-precipitaciones-2025x04x14-a.pdf
2025-04-14,011,ARPT. DE PUNTA CANA,LA ALTAGRACIA,ONAMET,EMCO,29.2,23.5,11.4,https://indomet.gob.do/wp-content/uploads/2025/04/temperaturas-extremas-y-precipitaciones-2025x04x14-a.pdf
2025-04-14,012,BONAO,MONSEÑOR NOUEL,MINISTERIO DE AGRICULTURA,EMCV,,,10.7,https://indomet.gob.do/wp-content/uploads/2025/04/temperaturas-extremas-y-precipitaciones-2025x04x14-a.pdf
2025-04-14,013,HATO MAYOR,HATO MAYOR,MINISTERIO DE AGRICULTURA,EMCV,,,8.9,https://indomet.gob.do/wp-content/uploads/2025/04/temperaturas-extremas-y-precipitaciones-2025x04x14-a.pdf
2025-04-14,014,ARPT. GREGORIO LUPERÓN,PUERTO PLATA,ONAMET,EMCO,29.2,20.9,8.2,https://indomet.gob.do/wp-content/uploads/2025/04/temperaturas-extremas-y-precipitaciones-2025x04x14-a.pdf
2025-04-14,015,ALTO BANDERA (EMA),LA VEGA,INTEC,EMAP,13.6,6.8,7.9,https://indomet.gob.do/wp-content/uploads/2025/04/temperaturas-extremas-y-precipitaciones-2025x04x14-a.pdf
2025-04-14,016,SAN RAFAEL DEL YUMA,LA ALTAGRACIA,MINISTERIO DE AGRICULTURA,EMCO,31.2,22.9,7.8,https://indomet.gob.do/wp-content/uploads/2025/04/temperaturas-extremas-y-precipitaciones-2025x04x14-a.pdf
2025-04-14,017,SAMANÁ,SAMANÁ,COMANDANCIA DE PUERTO DE SAMANÁ,EMCO,28.5,21.8,6.0,https://indomet.gob.do/wp-content/uploads/2025/04/temperaturas-extremas-y-precipitaciones-2025x04x14-a.pdf
2025-04-14,018,SALCEDO,HERMANAS MIRABAL,PROPIEDAD DEL EMPLEADO,EMCO,,,5.9,https://indomet.gob.do/wp-content/uploads/2025/04/temperaturas-extremas-y-precipitaciones-2025x04x14-a.pdf
2025-04-14,019,ARPT. DE LA ROMANA,LA ROMANA,ONAMET,EMCO,30.5,21.4,5.0,https://indomet.gob.do/wp-content/uploads/2025/04/temperaturas-extremas-y-precipitaciones-2025x04x14-a.pdf
2025-04-14,020,PALO ÍNDIO,PUERTO PLATA,MINISTERIO DE AGRICULTURA,EMCO,,,4.8,https://indomet.gob.do/wp-content/uploads/2025/04/temperaturas-extremas-y-precipitaciones-2025x04x14-a.pdf
2025-04-14,021,PRESA DE TAVERAS (EMA),LA VEGA,PROGRAMA MUNDIAL DE ALIMENTO,EMAP,24.7,19.8,4.6,https://indomet.gob.do/wp-content/uploads/2025/04/temperaturas-extremas-y-precipitaciones-2025x04x14-a.pdf
2025-04-14,022,LUPERÓN,PUERTO PLATA,MINISTERIO DE AGRICULTURA,EMCV,,,3.6,https://indomet.gob.do/wp-content/uploads/2025/04/temperaturas-extremas-y-precipitaciones-2025x04x14-a.pdf
2025-04-14,023,TAVERA,SANTIAGO,INDRHI,EMCO,,,2.8,https://indomet.gob.do/wp-content/uploads/2025/04/temperaturas-extremas-y-precipitaciones-2025x04x14-a.pdf
2025-04-14,024,GURABO,SANTIAGO,MINISTERIO DE AGRICULTURA,EMCV,,,2.5,https://indomet.gob.do/wp-content/uploads/2025/04/temperaturas-extremas-y-precipitaciones-2025x04x14-a.pdf
2025-04-14,025,LOS LLANOS,SAN PEDRO DE MACORÍS,MINISTERIO DE AGRICULTURA,EMCO,29.6,21.5,2.0,https://indomet.gob.do/wp-content/uploads/2025/04/temperaturas-extremas-y-precipitaciones-2025x04x14-a.pdf
2025-04-14,026,PERALTA,AZUA,HOSP. MPAL. DE PERALTA,EMCO,31.0,19.0,2.0,https://indomet.gob.do/wp-content/uploads/2025/04/temperaturas-extremas-y-precipitaciones-2025x04x14-a.pdf
2025-04-14,027,BAYAGUANA,MONTE PLATA,ONAMET,EMCO,27.2,21.6,1.8,https://indomet.gob.do/wp-content/uploads/2025/04/temperaturas-extremas-y-precipitaciones-2025x04x14-a.pdf
2025-04-14,028,ARPT. DEL CIBAO,SANTIAGO,ONAMET,EMCO,27.6,21.3,1.6,https://indomet.gob.do/wp-content/uploads/2025/04/temperaturas-extremas-y-precipitaciones-2025x04x14-a.pdf
2025-04-14,029,LA VEGA,LA VEGA,IATESA,EMCO,27.8,21.5,1.4,https://indomet.gob.do/wp-content/uploads/2025/04/temperaturas-extremas-y-precipitaciones-2025x04x14-a.pdf
2025-04-14,030,SABANETA (EMA),SANTIAGO RODRÍGUEZ,PROGRAMA MUNDIAL DE ALIMENTO,EMAP,28.2,20.1,1.4,https://indomet.gob.do/wp-content/uploads/2025/04/temperaturas-extremas-y-precipitaciones-2025x04x14-a.pdf
2025-04-14,031,ARPT. DE LAS AMÉRICAS,SANTO DOMINGO,ONAMET,EMCO,29.0,21.0,1.2,https://indomet.gob.do/wp-content/uploads/2025/04/temperaturas-extremas-y-precipitaciones-2025x04x14-a.pdf
2025-04-14,032,LA VICTORIA,SANTO DOMINGO,CUERPO DE BOMBEROS,EMCO,27.0,23.0,1.2,https://indomet.gob.do/wp-content/uploads/2025/04/temperaturas-extremas-y-precipitaciones-2025x04x14-a.pdf
2025-04-14,033,RÍO SAN JUAN,MARÍA TRINIDAD SÁNCHEZ,HOSP. MPAL. DR. DESIDERIO ACOSTA,EMCV,28.5,23.5,1.0,https://indomet.gob.do/wp-content/uploads/2025/04/temperaturas-extremas-y-precipitaciones-2025x04x14-a.pdf
2025-04-14,034,ARPT. LA ISABELA,SANTO DOMINGO,ONAMET,EMCO,27.5,19.5,0.8,https://indomet.gob.do/wp-content/uploads/2025/04/temperaturas-extremas-y-precipitaciones-2025x04x14-a.pdf
2025-04-14,035,CONSTANZA,LA VEGA,MINISTERIO DE AGRICULTURA,EMCO,18.2,15.5,0.8,https://indomet.gob.do/wp-content/uploads/2025/04/temperaturas-extremas-y-precipitaciones-2025x04x14-a.pdf
2025-04-14,036,CONSTANZA (EMA),LA VEGA,PROGRAMA MUNDIAL DE ALIMENTO,EMAP,23.0,15.6,0.8,https://indomet.gob.do/wp-content/uploads/2025/04/temperaturas-extremas-y-precipitaciones-2025x04x14-a.pdf
2025-04-14,037,EL FACTOR (EMA),MARÍA TRINIDAD SÁNCHEZ,INTEC,EMAP,27.0,22.9,0.8,https://indomet.gob.do/wp-content/uploads/2025/04/temperaturas-extremas-y-precipitaciones-2025x04x14-a.pdf
2025-04-14,038,VALLE NUEVO (EMA),LA VEGA,MARENA,EMAO,17.8,10.3,0.8,https://indomet.gob.do/wp-content/uploads/2025/04/temperaturas-extremas-y-precipitaciones-2025x04x14-a.pdf
2025-04-14,039,VILLA ISABELA,PUERTO PLATA,MINISTERIO DE AGRICULTURA,EMCV,,,0.8,https://indomet.gob.do/wp-content/uploads/2025/04/temperaturas-extremas-y-precipitaciones-2025x04x14-a.pdf
2025-04-14,040,JARDÍN BOTÁNICO NACIONAL,DISTRITO NACIONAL,JARDÍN BOTÁNICO NACIONAL,EMCV,31.1,21.2,0.4,https://indomet.gob.do/wp-content/uploads/2025/04/temperaturas-extremas-y-precipitaciones-2025x04x14-a.pdf
2025-04-14,041,PARQUE MIRADOR SUR,DISTRITO NACIONAL,AYUNTAMIENTO,EMCV,32.3,21.9,0.2,https://indomet.gob.do/wp-content/uploads/2025/04/temperaturas-extremas-y-precipitaciones-2025x04x14-a.pdf
2025-04-14,042,POLO,BARAHONA,INDOCAFE,EMCO,30.5,17.0,0.2,https://indomet.gob.do/wp-content/uploads/2025/04/temperaturas-extremas-y-precipitaciones-2025x04x14-a.pdf
2025-04-14,043,CABRAL,BARAHONA,MINISTERIO DE AGRICULTURA,EMCV,34.8,23.0,0.1,https://indomet.gob.do/wp-content/uploads/2025/04/temperaturas-extremas-y-precipitaciones-2025x04x14-a.pdf
2025-04-14,044,HONDO VALLE,ELÍAS PIÑA,MINISTERIO DE AGRICULTURA,EMCO,26.6,16.8,0.1,https://indomet.gob.do/wp-content/uploads/2025/04/temperaturas-extremas-y-precipitaciones-2025x04x14-a.pdf
2025-04-14,045,JIMANÍ,INDEPENDENCIA,MINISTERIO DE AGRICULTURA,EMCO,35.6,23.8,0.1,https://indomet.gob.do/wp-content/uploads/2025/04/temperaturas-extremas-y-precipitaciones-2025x04x14-a.pdf
2025-04-14,046,RESTAURACIÓN,DAJABÓN,MINISTERIO DE AGRICULTURA,EMCO,20.7,16.2,0.1,https://indomet.gob.do/wp-content/uploads/2025/04/temperaturas-extremas-y-precipitaciones-2025x04x14-a.pdf
2025-04-14,047,SANTO DOMINGO ESTE,SANTO DOMINGO,ONAMET,EMCO,28.5,23.8,0.1,https://indomet.gob.do/wp-content/uploads/2025/04/temperaturas-extremas-y-precipitaciones-2025x04x14-a.pdf
2025-04-14,048,VILLA ALTAGRACIA,SAN CRISTÓBAL,ESCUELA JAVIER ANGULO GURIDI,EMCO,,,0.1,https://indomet.gob.do/wp-content/uploads/2025/04/temperaturas-extremas-y-precipitaciones-2025x04x14-a.pdf
2025-04-14,049,ARPT. ARROYO BARRIL,SAMANÁ,ONAMET,EMCO,28.0,19.0,0.0,https://indomet.gob.do/wp-content/uploads/2025/04/temperaturas-extremas-y-precipitaciones-2025x04x14-a.pdf
2025-04-14,050,ARPT. MARÍA MONTEZ,BARAHONA,ONAMET,EMCO,33.5,24.4,0.0,https://indomet.gob.do/wp-content/uploads/2025/04/temperaturas-extremas-y-precipitaciones-2025x04x14-a.pdf
2025-04-14,051,ARROYO LORO,SAN JUAN,IDIAF,EMCO,34.0,15.0,0.0,https://indomet.gob.do/wp-content/uploads/2025/04/temperaturas-extremas-y-precipitaciones-2025x04x14-a.pdf
2025-04-14,052,BOCA DE MAO (EMA),VALVERDE,MINISTERIO DE AGRICULTURA,EMAP,29.6,22.5,0.0,https://indomet.gob.do/wp-content/uploads/2025/04/temperaturas-extremas-y-precipitaciones-2025x04x14-a.pdf
2025-04-14,053,CABRERA,MARÍA TRINIDAD SÁNCHEZ,ESCUELA ARÍSTIDES FIALLO CABRAL,EMCO,30.0,23.5,0.0,https://indomet.gob.do/wp-content/uploads/2025/04/temperaturas-extremas-y-precipitaciones-2025x04x14-a.pdf
2025-04-14,054,CENTRO DE LOS HEROES (EMA),DISTRITO NACIONAL,MINISTERIO DE ENERGIA Y MINA,EMAP,27.9,24.2,0.0,https://indomet.gob.do/wp-content/uploads/2025/04/temperaturas-extremas-y-precipitaciones-2025x04x14-a.pdf
2025-04-14,055,DAJABÓN,DAJABÓN,INSTITUTO POLITÉCNICO LOYOLA,EMCO,33.6,19.5,0.0,https://indomet.gob.do/wp-content/uploads/2025/04/temperaturas-extremas-y-precipitaciones-2025x04x14-a.pdf
2025-04-14,056,ELÍAS PIÑA,ELÍAS PIÑA,MINISTERIO DE AGRICULTURA,EMCV,,,0.0,https://indomet.gob.do/wp-content/uploads/2025/04/temperaturas-extremas-y-precipitaciones-2025x04x14-a.pdf
2025-04-14,057,ENRIQUILLO,BARAHONA,MINISTERIO DE AGRICULTURA,EMCV,32.8,25.0,0.0,https://indomet.gob.do/wp-content/uploads/2025/04/temperaturas-extremas-y-precipitaciones-2025x04x14-a.pdf
2025-04-14,058,ESCONDIDO,PERAVIA,MINISTERIO DE AGRICULTURA,EMCV,32.0,25.0,0.0,https://indomet.gob.do/wp-content/uploads/2025/04/temperaturas-extremas-y-precipitaciones-2025x04x14-a.pdf
2025-04-14,059,GASPAR HERNÁNDEZ,ESPAILLAT,PROPIEDAD DEL EMPLEADO,EMCO,,,0.0,https://indomet.gob.do/wp-content/uploads/2025/04/temperaturas-extremas-y-precipitaciones-2025x04x14-a.pdf
2025-04-14,060,LAS CANAS (EMA),MONTE CRISTI,PROGRAMA MUNDIAL DE ALIMENTO,EMAP,25.9,22.1,0.0,https://indomet.gob.do/wp-content/uploads/2025/04/temperaturas-extremas-y-precipitaciones-2025x04x14-a.pdf
2025-04-14,061,LAS MATAS DE SANTA CRUZ (EMA,MONTE CRISTI,PROGRAMA MUNDIAL DE ALIMENTO,EMAP,27.7,22.9,0.0,https://indomet.gob.do/wp-content/uploads/2025/04/temperaturas-extremas-y-precipitaciones-2025x04x14-a.pdf
2025-04-14,062,LOS JENGIBRES,NAGUA,INDRHI,EMCO,,,0.0,https://indomet.gob.do/wp-content/uploads/2025/04/temperaturas-extremas-y-precipitaciones-2025x04x14-a.pdf
2025-04-14,063,MAO,VALVERDE,INDRHI / MINISTERIO DE AGRICULTURA,EMCV,,,0.0,https://indomet.gob.do/wp-content/uploads/2025/04/temperaturas-extremas-y-precipitaciones-2025x04x14-a.pdf
2025-04-14,064,MONCIÓN (EMA),SANTIAGO RODRÍGUEZ,PROGRAMA MUNDIAL DE ALIMENTO,EMAP,26.0,20.2,0.0,https://indomet.gob.do/wp-content/uploads/2025/04/temperaturas-extremas-y-precipitaciones-2025x04x14-a.pdf
2025-04-14,065,MONTE CRISTI,MONTE CRISTI,ONAMET,EMCO,30.0,22.4,0.0,https://indomet.gob.do/wp-content/uploads/2025/04/temperaturas-extremas-y-precipitaciones-2025x04x14-a.pdf
2025-04-14,066,NAVARRETE,SANTIAGO,MINISTERIO DE AGRICULTURA,EMCV,,,0.0,https://indomet.gob.do/wp-content/uploads/2025/04/temperaturas-extremas-y-precipitaciones-2025x04x14-a.pdf
2025-04-14,067,OLIVARES,PEDERNALES,INDRHI,EMCO,,,0.0,https://indomet.gob.do/wp-content/uploads/2025/04/temperaturas-extremas-y-precipitaciones-2025x04x14-a.pdf
2025-04-14,068,OVIEDO,PEDERNALES,CLÍNICA RURAL OVIEDO,EMCO,33.5,21.5,0.0,https://indomet.gob.do/wp-content/uploads/2025/04/temperaturas-extremas-y-precipitaciones-2025x04x14-a.pdf
2025-04-14,069,PADRE LAS CASAS,AZUA,HOSP. NTRA. SRA. DEL CARMEN,EMCO,33.0,18.5,0.0,https://indomet.gob.do/wp-content/uploads/2025/04/temperaturas-extremas-y-precipitaciones-2025x04x14-a.pdf
2025-04-14,070,PEDERNALES,PEDERNALES,INDRHI,EMCO,,,0.0,https://indomet.gob.do/wp-content/uploads/2025/04/temperaturas-extremas-y-precipitaciones-2025x04x14-a.pdf
2025-04-14,071,PESCADERIA (EMA),BARAHONA,MINISTERIO DE AGRICULTURA,EMAP,33.4,22.8,0.0,https://indomet.gob.do/wp-content/uploads/2025/04/temperaturas-extremas-y-precipitaciones-2025x04x14-a.pdf
2025-04-14,072,PONTÓN ABAJO (EMA),LA VEGA,MINISTERIO DE AGRICULTURA,EMAP,26.9,22.0,0.0,https://indomet.gob.do/wp-content/uploads/2025/04/temperaturas-extremas-y-precipitaciones-2025x04x14-a.pdf
2025-04-14,073,RANCHO ARRIBA,SAN JOSÉ DE OCOA,CENTRO TECNOLÓGICO COMUNITARIO,EMCO,33.5,21.5,0.0,https://indomet.gob.do/wp-content/uploads/2025/04/temperaturas-extremas-y-precipitaciones-2025x04x14-a.pdf
2025-04-14,074,SAN CRISTÓBAL,SAN CRISTÓBAL,INSTITUTO POLITÉCNICO LOYOLA,EMCO,29.2,23.0,0.0,https://indomet.gob.do/wp-content/uploads/2025/04/temperaturas-extremas-y-precipitaciones-2025x04x14-a.pdf
2025-04-14,075,SAN JOSÉ DE OCOA,SAN JOSÉ DE OCOA,HOSP. SAN JOSÉ DE OCOA,EMCO,29.3,19.1,0.0,https://indomet.gob.do/wp-content/uploads/2025/04/temperaturas-extremas-y-precipitaciones-2025x04x14-a.pdf
2025-04-14,076,SANTIAGO RODRÍGUEZ,SANTIAGO RODRÍGUEZ,ONAMET,EMCO,29.3,22.4,0.0,https://indomet.gob.do/wp-content/uploads/2025/04/temperaturas-extremas-y-precipitaciones-2025x04x14-a.pdf
2025-04-14,077,TÁBARA ABAJO,AZUA,INDRHI,EMCO,34.5,20.0,0.0,https://indomet.gob.do/wp-content/uploads/2025/04/temperaturas-extremas-y-precipitaciones-2025x04x14-a.pdf
2025-04-14,078,VILLA GONZALES,SANTIAGO,MINISTERIO DE AGRICULTURA,EMCO,,,0.0,https://indomet.gob.do/wp-content/uploads/2025/04/temperaturas-extremas-y-precipitaciones-2025x04x14-a.pdf
2025-04-15,001,ELÍAS PIÑA,ELÍAS PIÑA,MINISTERIO DE AGRICULTURA,EMCV,,,45.0,https://indomet.gob.do/wp-content/uploads/2025/04/temperaturas-extremas-y-precipitaciones-2025x04x15-a.pdf
2025-04-15,002,LOS JENGIBRES,NAGUA,INDRHI,EMCO,,,33.0,https://indomet.gob.do/wp-content/uploads/2025/04/temperaturas-extremas-y-precipitaciones-2025x04x15-a.pdf
2025-04-15,003,ARPT. ARROYO BARRIL,SAMANÁ,ONAMET,EMCO,28.5,20.4,28.0,https://indomet.gob.do/wp-content/uploads/2025/04/temperaturas-extremas-y-precipitaciones-2025x04x15-a.pdf
2025-04-15,004,LOS LLANOS,SAN PEDRO DE MACORÍS,MINISTERIO DE AGRICULTURA,EMCO,28.9,22.3,20.2,https://indomet.gob.do/wp-content/uploads/2025/04/temperaturas-extremas-y-precipitaciones-2025x04x15-a.pdf
2025-04-15,005,ANAMUYA (EMA),LA ALTAGRACIA,MINISTERIO DE AGRICULTURA,EMAP,29.7,22.6,19.2,https://indomet.gob.do/wp-content/uploads/2025/04/temperaturas-extremas-y-precipitaciones-2025x04x15-a.pdf
2025-04-15,006,SABANA DE LA MAR,HATO MAYOR,ONAMET,EMCO,27.0,22.5,13.1,https://indomet.gob.do/wp-content/uploads/2025/04/temperaturas-extremas-y-precipitaciones-2025x04x15-a.pdf
2025-04-15,007,HONDO VALLE,ELÍAS PIÑA,MINISTERIO DE AGRICULTURA,EMCO,26.2,16.0,12.8,https://indomet.gob.do/wp-content/uploads/2025/04/temperaturas-extremas-y-precipitaciones-2025x04x15-a.pdf
2025-04-15,008,ARPT. GREGORIO LUPERÓN,PUERTO PLATA,ONAMET,EMCO,28.5,20.9,12.6,https://indomet.gob.do/wp-content/uploads/2025/04/temperaturas-extremas-y-precipitaciones-2025x04x15-a.pdf
2025-04-15,009,DAJABÓN,DAJABÓN,INSTITUTO POLITÉCNICO LOYOLA,EMCO,34.0,19.2,12.3,https://indomet.gob.do/wp-content/uploads/2025/04/temperaturas-extremas-y-precipitaciones-2025x04x15-a.pdf
2025-04-15,010,CENTRO DE LOS HEROES (EMA),DISTRITO NACIONAL,MINISTERIO DE ENERGIA Y MINA,EMAP,28.9,24.5,11.8,https://indomet.gob.do/wp-content/uploads/2025/04/temperaturas-extremas-y-precipitaciones-2025x04x15-a.pdf
2025-04-15,011,JUMA BEJUCAL,MONSEÑOR NOUEL,IDIAF,EMCV,26.4,20.0,10.8,https://indomet.gob.do/wp-content/uploads/2025/04/temperaturas-extremas-y-precipitaciones-2025x04x15-a.pdf
2025-04-15,012,JARDÍN BOTÁNICO NACIONAL,DISTRITO NACIONAL,JARDÍN BOTÁNICO NACIONAL,EMCV,29.6,21.3,10.2,https://indomet.gob.do/wp-content/uploads/2025/04/temperaturas-extremas-y-precipitaciones-2025x04x15-a.pdf
2025-04-15,013,RESTAURACIÓN,DAJABÓN,MINISTERIO DE AGRICULTURA,EMCO,20.2,16.8,10.0,https://indomet.gob.do/wp-content/uploads/2025/04/temperaturas-extremas-y-precipitaciones-2025x04x15-a.pdf
2025-04-15,014,GASPAR HERNÁNDEZ,ESPAILLAT,PROPIEDAD DEL EMPLEADO,EMCO,,,8.9,https://indomet.gob.do/wp-content/uploads/2025/04/temperaturas-extremas-y-precipitaciones-2025x04x15-a.pdf
2025-04-15,015,HATO MAYOR,HATO MAYOR,MINISTERIO DE AGRICULTURA,EMCV,,,8.4,https://indomet.gob.do/wp-content/uploads/2025/04/temperaturas-extremas-y-precipitaciones-2025x04x15-a.pdf
2025-04-15,016,ENRIQUILLO,BARAHONA,MINISTERIO DE AGRICULTURA,EMCV,31.5,24.0,8.2,https://indomet.gob.do/wp-content/uploads/2025/04/temperaturas-extremas-y-precipitaciones-2025x04x15-a.pdf
2025-04-15,017,ARPT. DE LAS AMÉRICAS,SANTO DOMINGO,ONAMET,EMCO,29.2,22.0,7.9,https://indomet.gob.do/wp-content/uploads/2025/04/temperaturas-extremas-y-precipitaciones-2025x04x15-a.pdf
2025-04-15,018,SANTO DOMINGO ESTE,SANTO DOMINGO,ONAMET,EMCO,29.5,23.5,7.8,https://indomet.gob.do/wp-content/uploads/2025/04/temperaturas-extremas-y-precipitaciones-2025x04x15-a.pdf
2025-04-15,019,SANTIAGO RODRÍGUEZ,SANTIAGO RODRÍGUEZ,ONAMET,EMCO,33.5,22.8,7.5,https://indomet.gob.do/wp-content/uploads/2025/04/temperaturas-extremas-y-precipitaciones-2025x04x15-a.pdf
2025-04-15,020,EL FACTOR (EMA),MARÍA TRINIDAD SÁNCHEZ,INTEC,EMAP,28.2,22.1,7.4,https://indomet.gob.do/wp-content/uploads/2025/04/temperaturas-extremas-y-precipitaciones-2025x04x15-a.pdf
2025-04-15,021,PASO AL MEDIO,SAN PEDRO DE MACORÍS,INDRHI,EMCO,,,6.9,https://indomet.gob.do/wp-content/uploads/2025/04/temperaturas-extremas-y-precipitaciones-2025x04x15-a.pdf
2025-04-15,022,ARPT. DE PUNTA CANA,LA ALTAGRACIA,ONAMET,EMCO,29.4,22.7,6.4,https://indomet.gob.do/wp-content/uploads/2025/04/temperaturas-extremas-y-precipitaciones-2025x04x15-a.pdf
2025-04-15,023,POLO,BARAHONA,INDOCAFE,EMCO,26.5,19.0,6.1,https://indomet.gob.do/wp-content/uploads/2025/04/temperaturas-extremas-y-precipitaciones-2025x04x15-a.pdf
2025-04-15,024,RÍO SAN JUAN,MARÍA TRINIDAD SÁNCHEZ,HOSP. MPAL. DR. DESIDERIO ACOSTA,EMCV,28.7,23.3,5.8,https://indomet.gob.do/wp-content/uploads/2025/04/temperaturas-extremas-y-precipitaciones-2025x04x15-a.pdf
2025-04-15,025,MONCIÓN (EMA),SANTIAGO RODRÍGUEZ,PROGRAMA MUNDIAL DE ALIMENTO,EMAP,29.3,20.2,5.4,https://indomet.gob.do/wp-content/uploads/2025/04/temperaturas-extremas-y-precipitaciones-2025x04x15-a.pdf
2025-04-15,026,BAYAGUANA,MONTE PLATA,ONAMET,EMCO,27.5,22.5,5.3,https://indomet.gob.do/wp-content/uploads/2025/04/temperaturas-extremas-y-precipitaciones-2025x04x15-a.pdf
2025-04-15,027,BONAO,MONSEÑOR NOUEL,MINISTERIO DE AGRICULTURA,EMCV,,,5.1,https://indomet.gob.do/wp-content/uploads/2025/04/temperaturas-extremas-y-precipitaciones-2025x04x15-a.pdf
2025-04-15,028,SAN CRISTÓBAL,SAN CRISTÓBAL,INSTITUTO POLITÉCNICO LOYOLA,EMCO,29.0,21.2,5.0,https://indomet.gob.do/wp-content/uploads/2025/04/temperaturas-extremas-y-precipitaciones-2025x04x15-a.pdf
2025-04-15,029,RANCHO ARRIBA,SAN JOSÉ DE OCOA,CENTRO TECNOLÓGICO COMUNITARIO,EMCO,27.4,18.2,4.8,https://indomet.gob.do/wp-content/uploads/2025/04/temperaturas-extremas-y-precipitaciones-2025x04x15-a.pdf
2025-04-15,030,SAMANÁ,SAMANÁ,COMANDANCIA DE PUERTO DE SAMANÁ,EMCO,29.2,22.0,3.6,https://indomet.gob.do/wp-content/uploads/2025/04/temperaturas-extremas-y-precipitaciones-2025x04x15-a.pdf
2025-04-15,031,ARPT. EL CATEY,SAMANÁ,ONAMET,EMCO,27.0,20.8,3.5,https://indomet.gob.do/wp-content/uploads/2025/04/temperaturas-extremas-y-precipitaciones-2025x04x15-a.pdf
2025-04-15,032,PRESA DE TAVERAS (EMA),LA VEGA,PROGRAMA MUNDIAL DE ALIMENTO,EMAP,26.6,21.4,3.2,https://indomet.gob.do/wp-content/uploads/2025/04/temperaturas-extremas-y-precipitaciones-2025x04x15-a.pdf
2025-04-15,033,LA VICTORIA,SANTO DOMINGO,CUERPO DE BOMBEROS,EMCO,29.5,22.5,2.7,https://indomet.gob.do/wp-content/uploads/2025/04/temperaturas-extremas-y-precipitaciones-2025x04x15-a.pdf
2025-04-15,034,LAS MATAS DE SANTA CRUZ (EMA,MONTE CRISTI,PROGRAMA MUNDIAL DE ALIMENTO,EMAP,31.1,23.2,2.5,https://indomet.gob.do/wp-content/uploads/2025/04/temperaturas-extremas-y-precipitaciones-2025x04x15-a.pdf
2025-04-15,035,ARPT. DE LA ROMANA,LA ROMANA,ONAMET,EMCO,31.8,22.8,2.4,https://indomet.gob.do/wp-content/uploads/2025/04/temperaturas-extremas-y-precipitaciones-2025x04x15-a.pdf
2025-04-15,036,LUPERÓN,PUERTO PLATA,MINISTERIO DE AGRICULTURA,EMCV,,,2.4,https://indomet.gob.do/wp-content/uploads/2025/04/temperaturas-extremas-y-precipitaciones-2025x04x15-a.pdf
2025-04-15,037,EL CERCADO,SAN JUAN,MINISTERIO DE AGRICULTURA,EMCV,,,2.2,https://indomet.gob.do/wp-content/uploads/2025/04/temperaturas-extremas-y-precipitaciones-2025x04x15-a.pdf
2025-04-15,038,OVIEDO,PEDERNALES,CLÍNICA RURAL OVIEDO,EMCO,32.5,23.5,2.2,https://indomet.gob.do/wp-content/uploads/2025/04/temperaturas-extremas-y-precipitaciones-2025x04x15-a.pdf
2025-04-15,039,SAN RAFAEL DEL YUMA,LA ALTAGRACIA,MINISTERIO DE AGRICULTURA,EMCO,31.4,23.0,2.1,https://indomet.gob.do/wp-content/uploads/2025/04/temperaturas-extremas-y-precipitaciones-2025x04x15-a.pdf
2025-04-15,040,PALO ÍNDIO,PUERTO PLATA,MINISTERIO DE AGRICULTURA,EMCO,,,2.0,https://indomet.gob.do/wp-content/uploads/2025/04/temperaturas-extremas-y-precipitaciones-2025x04x15-a.pdf
2025-04-15,041,JARABACOA,LA VEGA,INDRHI / MARENA,EMCO,26.0,18.6,2.0,https://indomet.gob.do/wp-content/uploads/2025/04/temperaturas-extremas-y-precipitaciones-2025x04x15-a.pdf
2025-04-15,042,JARABACOA (EMA),LA VEGA,PROGRAMA MUNDIAL DE ALIMENTO,EMAP,25.7,19.2,1.8,https://indomet.gob.do/wp-content/uploads/2025/04/temperaturas-extremas-y-precipitaciones-2025x04x15-a.pdf
2025-04-15,043,BOCA DE MAO (EMA),VALVERDE,MINISTERIO DE AGRICULTURA,EMAP,32.3,23.1,1.6,https://indomet.gob.do/wp-content/uploads/2025/04/temperaturas-extremas-y-precipitaciones-2025x04x15-a.pdf
2025-04-15,044,SÁNCHEZ,SAMANÁ,MINISTERIO DE AGRICULTURA,EMCO,29.8,22.1,1.4,https://indomet.gob.do/wp-content/uploads/2025/04/temperaturas-extremas-y-precipitaciones-2025x04x15-a.pdf
2025-04-15,045,ARPT. LA ISABELA,SANTO DOMINGO,ONAMET,EMCO,29.0,22.0,1.1,https://indomet.gob.do/wp-content/uploads/2025/04/temperaturas-extremas-y-precipitaciones-2025x04x15-a.pdf
2025-04-15,046,JIMANÍ,INDEPENDENCIA,MINISTERIO DE AGRICULTURA,EMCO,29.0,22.0,1.1,https://indomet.gob.do/wp-content/uploads/2025/04/temperaturas-extremas-y-precipitaciones-2025x04x15-a.pdf
2025-04-15,047,SABANETA (EMA),SANTIAGO RODRÍGUEZ,PROGRAMA MUNDIAL DE ALIMENTO,EMAP,32.9,21.9,1.0,https://indomet.gob.do/wp-content/uploads/2025/04/temperaturas-extremas-y-precipitaciones-2025x04x15-a.pdf
2025-04-15,048,VALLE NUEVO (EMA),LA VEGA,MARENA,EMAO,17.7,7.1,0.6,https://indomet.gob.do/wp-content/uploads/2025/04/temperaturas-extremas-y-precipitaciones-2025x04x15-a.pdf
2025-04-15,049,VILLA GONZALES,SANTIAGO,MINISTERIO DE AGRICULTURA,EMCO,,,0.5,https://indomet.gob.do/wp-content/uploads/2025/04/temperaturas-extremas-y-precipitaciones-2025x04x15-a.pdf
2025-04-15,050,ALTAMIRA,PUERTO PLATA,HOSP. MPAL. DE ALTAMIRA,EMCO,28.7,20.6,0.5,https://indomet.gob.do/wp-content/uploads/2025/04/temperaturas-extremas-y-precipitaciones-2025x04x15-a.pdf
2025-04-15,051,CABRERA,MARÍA TRINIDAD SÁNCHEZ,ESCUELA ARÍSTIDES FIALLO CABRAL,EMCO,30.0,23.6,0.3,https://indomet.gob.do/wp-content/uploads/2025/04/temperaturas-extremas-y-precipitaciones-2025x04x15-a.pdf
2025-04-15,052,LA VEGA,LA VEGA,IATESA,EMCO,28.5,22.5,0.3,https://indomet.gob.do/wp-content/uploads/2025/04/temperaturas-extremas-y-precipitaciones-2025x04x15-a.pdf
2025-04-15,053,PADRE LAS CASAS,AZUA,HOSP. NTRA. SRA. DEL CARMEN,EMCO,33.2,19.6,0.3,https://indomet.gob.do/wp-content/uploads/2025/04/temperaturas-extremas-y-precipitaciones-2025x04x15-a.pdf
2025-04-15,054,ALTO BANDERA (EMA),LA VEGA,INTEC,EMAP,13.2,8.4,0.3,https://indomet.gob.do/wp-content/uploads/2025/04/temperaturas-extremas-y-precipitaciones-2025x04x15-a.pdf
2025-04-15,055,MONTE CRISTI,MONTE CRISTI,ONAMET,EMCO,31.5,23.0,0.2,https://indomet.gob.do/wp-content/uploads/2025/04/temperaturas-extremas-y-precipitaciones-2025x04x15-a.pdf
2025-04-15,056,SAN FRANCISCO DE MACORÍS,DUARTE,San Francisco de Macorís (UASD),EMCO,28.7,22.1,0.2,https://indomet.gob.do/wp-content/uploads/2025/04/temperaturas-extremas-y-precipitaciones-2025x04x15-a.pdf
2025-04-15,057,ARROYO LORO,SAN JUAN,IDIAF,EMCO,34.4,11.6,0.1,https://indomet.gob.do/wp-content/uploads/2025/04/temperaturas-extremas-y-precipitaciones-2025x04x15-a.pdf
2025-04-15,058,CABRAL,BARAHONA,MINISTERIO DE AGRICULTURA,EMCV,33.2,24.8,0.1,https://indomet.gob.do/wp-content/uploads/2025/04/temperaturas-extremas-y-precipitaciones-2025x04x15-a.pdf
2025-04-15,059,SABANA GRANDE DE BOYÁ,MONTE PLATA,MINISTERIO DE AGRICULTURA,EMCV,,,0.1,https://indomet.gob.do/wp-content/uploads/2025/04/temperaturas-extremas-y-precipitaciones-2025x04x15-a.pdf
2025-04-15,060,PERALTA,AZUA,HOSP. MPAL. DE PERALTA,EMCO,32.3,19.6,0.0,https://indomet.gob.do/wp-content/uploads/2025/04/temperaturas-extremas-y-precipitaciones-2025x04x15-a.pdf
2025-04-15,061,ARPT. DEL CIBAO,SANTIAGO,ONAMET,EMCO,29.6,20.6,0.0,https://indomet.gob.do/wp-content/uploads/2025/04/temperaturas-extremas-y-precipitaciones-2025x04x15-a.pdf
2025-04-15,062,ARPT. MARÍA MONTEZ,BARAHONA,ONAMET,EMCO,31.3,22.8,0.0,https://indomet.gob.do/wp-content/uploads/2025/04/temperaturas-extremas-y-precipitaciones-2025x04x15-a.pdf
2025-04-15,063,CONSTANZA,LA VEGA,MINISTERIO DE AGRICULTURA,EMCO,24.3,16.0,0.0,https://indomet.gob.do/wp-content/uploads/2025/04/temperaturas-extremas-y-precipitaciones-2025x04x15-a.pdf
2025-04-15,064,CONSTANZA (EMA),LA VEGA,PROGRAMA MUNDIAL DE ALIMENTO,EMAP,24.2,16.2,0.0,https://indomet.gob.do/wp-content/uploads/2025/04/temperaturas-extremas-y-precipitaciones-2025x04x15-a.pdf
2025-04-15,065,COTUÍ,SÁNCHEZ RAMÍREZ,HOSP. INMACULADA CONCEPCIÓN,EMCV,,,0.0,https://indomet.gob.do/wp-content/uploads/2025/04/temperaturas-extremas-y-precipitaciones-2025x04x15-a.pdf
2025-04-15,066,ESCONDIDO,PERAVIA,MINISTERIO DE AGRICULTURA,EMCV,31.0,25.0,0.0,https://indomet.gob.do/wp-content/uploads/2025/04/temperaturas-extremas-y-precipitaciones-2025x04x15-a.pdf
2025-04-15,067,GURABO,SANTIAGO,MINISTERIO DE AGRICULTURA,EMCV,,,0.0,https://indomet.gob.do/wp-content/uploads/2025/04/temperaturas-extremas-y-precipitaciones-2025x04x15-a.pdf
2025-04-15,068,LAS CANAS (EMA),MONTE CRISTI,PROGRAMA MUNDIAL DE ALIMENTO,EMAP,27.1,21.2,0.0,https://indomet.gob.do/wp-content/uploads/2025/04/temperaturas-extremas-y-precipitaciones-2025x04x15-a.pdf
2025-04-15,069,OLIVARES,PEDERNALES,INDRHI,EMCO,,,0.0,https://indomet.gob.do/wp-content/uploads/2025/04/temperaturas-extremas-y-precipitaciones-2025x04x15-a.pdf
2025-04-15,070,PEDERNALES,PEDERNALES,INDRHI,EMCO,,,0.0,https://indomet.gob.do/wp-content/uploads/2025/04/temperaturas-extremas-y-precipitaciones-2025x04x15-a.pdf
2025-04-15,071,PESCADERIA (EMA),BARAHONA,MINISTERIO DE AGRICULTURA,EMAP,31.6,25.1,0.0,https://indomet.gob.do/wp-content/uploads/2025/04/temperaturas-extremas-y-precipitaciones-2025x04x15-a.pdf
2025-04-15,072,PONTÓN ABAJO (EMA),LA VEGA,MINISTERIO DE AGRICULTURA,EMAP,28.1,22.7,0.0,https://indomet.gob.do/wp-content/uploads/2025/04/temperaturas-extremas-y-precipitaciones-2025x04x15-a.pdf
2025-04-15,073,SALCEDO,HERMANAS MIRABAL,PROPIEDAD DEL EMPLEADO,EMCO,,,0.0,https://indomet.gob.do/wp-content/uploads/2025/04/temperaturas-extremas-y-precipitaciones-2025x04x15-a.pdf
2025-04-15,074,SAN JOSÉ DE OCOA,SAN JOSÉ DE OCOA,HOSP. SAN JOSÉ DE OCOA,EMCO,29.2,18.3,0.0,https://indomet.gob.do/wp-content/uploads/2025/04/temperaturas-extremas-y-precipitaciones-2025x04x15-a.pdf
2025-04-15,075,TÁBARA ABAJO,AZUA,INDRHI,EMCO,34.5,25.0,0.0,https://indomet.gob.do/wp-content/uploads/2025/04/temperaturas-extremas-y-precipitaciones-2025x04x15-a.pdf
2025-04-15,076,TAMBORIL,SANTIAGO,MINISTERIO DE AGRICULTURA,EMCV,,,0.0,https://indomet.gob.do/wp-content/uploads/2025/04/temperaturas-extremas-y-precipitaciones-2025x04x15-a.pdf
2025-04-15,077,TAVERA,SANTIAGO,INDRHI,EMCO,,,0.0,https://indomet.gob.do/wp-content/uploads/2025/04/temperaturas-extremas-y-precipitaciones-2025x04x15-a.pdf
2025-04-15,078,VILLA ISABELA,PUERTO PLATA,MINISTERIO DE AGRICULTURA,EMCV,,,0.0,https://indomet.gob.do/wp-content/uploads/2025/04/temperaturas-extremas-y-precipitaciones-2025x04x15-a.pdf
2025-04-16,001,ARPT. ARROYO BARRIL,SAMANÁ,ONAMET,EMCO,27.9,21.6,108.3,https://indomet.gob.do/wp-content/uploads/2025/04/temperaturas-extremas-y-precipitaciones-2025x04x16-a.pdf
2025-04-16,002,RÍO SAN JUAN,MARÍA TRINIDAD SÁNCHEZ,HOSP. MPAL. DR. DESIDERIO ACOSTA,EMCV,29.1,21.3,100.3,https://indomet.gob.do/wp-content/uploads/2025/04/temperaturas-extremas-y-precipitaciones-2025x04x16-a.pdf
2025-04-16,003,SÁNCHEZ,SAMANÁ,MINISTERIO DE AGRICULTURA,EMCO,29.8,21.6,90.6,https://indomet.gob.do/wp-content/uploads/2025/04/temperaturas-extremas-y-precipitaciones-2025x04x16-a.pdf
2025-04-16,004,SAMANÁ,SAMANÁ,COMANDANCIA DE PUERTO DE SAMANÁ,EMCO,30.3,19.6,72.6,https://indomet.gob.do/wp-content/uploads/2025/04/temperaturas-extremas-y-precipitaciones-2025x04x16-a.pdf
2025-04-16,005,CABRERA,MARÍA TRINIDAD SÁNCHEZ,ESCUELA ARÍSTIDES FIALLO CABRAL,EMCO,27.8,24.5,64.0,https://indomet.gob.do/wp-content/uploads/2025/04/temperaturas-extremas-y-precipitaciones-2025x04x16-a.pdf
2025-04-16,006,JARABACOA (EMA),LA VEGA,PROGRAMA MUNDIAL DE ALIMENTO,EMAP,26.9,16.7,58.2,https://indomet.gob.do/wp-content/uploads/2025/04/temperaturas-extremas-y-precipitaciones-2025x04x16-a.pdf
2025-04-16,007,ARPT. EL CATEY,SAMANÁ,ONAMET,EMCO,27.0,22.0,53.2,https://indomet.gob.do/wp-content/uploads/2025/04/temperaturas-extremas-y-precipitaciones-2025x04x16-a.pdf
2025-04-16,008,JARABACOA,LA VEGA,INDRHI / MARENA,EMCO,27.6,16.2,52.8,https://indomet.gob.do/wp-content/uploads/2025/04/temperaturas-extremas-y-precipitaciones-2025x04x16-a.pdf
2025-04-16,009,CONSTANZA,LA VEGA,MINISTERIO DE AGRICULTURA,EMCO,24.5,12.3,50.7,https://indomet.gob.do/wp-content/uploads/2025/04/temperaturas-extremas-y-precipitaciones-2025x04x16-a.pdf
2025-04-16,010,CONSTANZA (EMA),LA VEGA,PROGRAMA MUNDIAL DE ALIMENTO,EMAP,23.9,12.7,47.2,https://indomet.gob.do/wp-content/uploads/2025/04/temperaturas-extremas-y-precipitaciones-2025x04x16-a.pdf
2025-04-16,011,GASPAR HERNÁNDEZ,ESPAILLAT,PROPIEDAD DEL EMPLEADO,EMCO,,,43.2,https://indomet.gob.do/wp-content/uploads/2025/04/temperaturas-extremas-y-precipitaciones-2025x04x16-a.pdf
2025-04-16,012,LA VEGA,LA VEGA,IATESA,EMCO,30.0,20.5,34.2,https://indomet.gob.do/wp-content/uploads/2025/04/temperaturas-extremas-y-precipitaciones-2025x04x16-a.pdf
2025-04-16,013,SABANA DE LA MAR,HATO MAYOR,ONAMET,EMCO,29.5,22.0,30.4,https://indomet.gob.do/wp-content/uploads/2025/04/temperaturas-extremas-y-precipitaciones-2025x04x16-a.pdf
2025-04-16,014,HATO MAYOR,HATO MAYOR,MINISTERIO DE AGRICULTURA,EMCV,,,23.1,https://indomet.gob.do/wp-content/uploads/2025/04/temperaturas-extremas-y-precipitaciones-2025x04x16-a.pdf
2025-04-16,015,BONAO,MONSEÑOR NOUEL,MINISTERIO DE AGRICULTURA,EMCV,,,22.6,https://indomet.gob.do/wp-content/uploads/2025/04/temperaturas-extremas-y-precipitaciones-2025x04x16-a.pdf
2025-04-16,016,EL FACTOR (EMA),MARÍA TRINIDAD SÁNCHEZ,INTEC,EMAP,27.8,21.4,21.1,https://indomet.gob.do/wp-content/uploads/2025/04/temperaturas-extremas-y-precipitaciones-2025x04x16-a.pdf
2025-04-16,017,ALTO BANDERA (EMA),LA VEGA,INTEC,EMAP,14.1,7.6,20.6,https://indomet.gob.do/wp-content/uploads/2025/04/temperaturas-extremas-y-precipitaciones-2025x04x16-a.pdf
2025-04-16,018,VILLA RIVA,DUARTE,HOSP. MPAL. ALICIA DE LEGENDRE,EMCO,29.4,20.6,20.5,https://indomet.gob.do/wp-content/uploads/2025/04/temperaturas-extremas-y-precipitaciones-2025x04x16-a.pdf
2025-04-16,019,SABANA GRANDE DE BOYÁ,MONTE PLATA,MINISTERIO DE AGRICULTURA,EMCV,,,16.5,https://indomet.gob.do/wp-content/uploads/2025/04/temperaturas-extremas-y-precipitaciones-2025x04x16-a.pdf
2025-04-16,020,SAN JOSÉ DE OCOA,SAN JOSÉ DE OCOA,HOSP. SAN JOSÉ DE OCOA,EMCO,31.4,15.3,14.8,https://indomet.gob.do/wp-content/uploads/2025/04/temperaturas-extremas-y-precipitaciones-2025x04x16-a.pdf
2025-04-16,021,SALCEDO,HERMANAS MIRABAL,PROPIEDAD DEL EMPLEADO,EMCO,,,14.7,https://indomet.gob.do/wp-content/uploads/2025/04/temperaturas-extremas-y-precipitaciones-2025x04x16-a.pdf
2025-04-16,022,VALLE NUEVO (EMA),LA VEGA,MARENA,EMAO,16.8,6.5,14.6,https://indomet.gob.do/wp-content/uploads/2025/04/temperaturas-extremas-y-precipitaciones-2025x04x16-a.pdf
2025-04-16,023,PADRE LAS CASAS,AZUA,HOSP. NTRA. SRA. DEL CARMEN,EMCO,33.5,18.0,14.3,https://indomet.gob.do/wp-content/uploads/2025/04/temperaturas-extremas-y-precipitaciones-2025x04x16-a.pdf
2025-04-16,024,JUMA BEJUCAL,MONSEÑOR NOUEL,IDIAF,EMCV,28.4,18.2,12.9,https://indomet.gob.do/wp-content/uploads/2025/04/temperaturas-extremas-y-precipitaciones-2025x04x16-a.pdf
2025-04-16,025,POLO,BARAHONA,INDOCAFE,EMCO,27.5,16.5,12.2,https://indomet.gob.do/wp-content/uploads/2025/04/temperaturas-extremas-y-precipitaciones-2025x04x16-a.pdf
2025-04-16,026,PERALTA,AZUA,HOSP. MPAL. DE PERALTA,EMCO,28.0,17.0,11.2,https://indomet.gob.do/wp-content/uploads/2025/04/temperaturas-extremas-y-precipitaciones-2025x04x16-a.pdf
2025-04-16,027,ARPT. DE LAS AMÉRICAS,SANTO DOMINGO,ONAMET,EMCO,29.0,22.2,10.3,https://indomet.gob.do/wp-content/uploads/2025/04/temperaturas-extremas-y-precipitaciones-2025x04x16-a.pdf
2025-04-16,028,DAJABÓN,DAJABÓN,INSTITUTO POLITÉCNICO LOYOLA,EMCO,33.4,21.2,10.2,https://indomet.gob.do/wp-content/uploads/2025/04/temperaturas-extremas-y-precipitaciones-2025x04x16-a.pdf
2025-04-16,029,SAN CRISTÓBAL,SAN CRISTÓBAL,INSTITUTO POLITÉCNICO LOYOLA,EMCO,29.2,21.1,8.7,https://indomet.gob.do/wp-content/uploads/2025/04/temperaturas-extremas-y-precipitaciones-2025x04x16-a.pdf
2025-04-16,030,ARPT. DE LA ROMANA,LA ROMANA,ONAMET,EMCO,30.4,22.5,8.3,https://indomet.gob.do/wp-content/uploads/2025/04/temperaturas-extremas-y-precipitaciones-2025x04x16-a.pdf
2025-04-16,031,RANCHO ARRIBA,SAN JOSÉ DE OCOA,CENTRO TECNOLÓGICO COMUNITARIO,EMCO,25.2,16.4,6.5,https://indomet.gob.do/wp-content/uploads/2025/04/temperaturas-extremas-y-precipitaciones-2025x04x16-a.pdf
2025-04-16,032,ARPT. DE PUNTA CANA,LA ALTAGRACIA,ONAMET,EMCO,30.6,23.0,5.6,https://indomet.gob.do/wp-content/uploads/2025/04/temperaturas-extremas-y-precipitaciones-2025x04x16-a.pdf
2025-04-16,033,HONDO VALLE,ELÍAS PIÑA,MINISTERIO DE AGRICULTURA,EMCO,26.3,16.2,5.5,https://indomet.gob.do/wp-content/uploads/2025/04/temperaturas-extremas-y-precipitaciones-2025x04x16-a.pdf
2025-04-16,034,BAYAGUANA,MONTE PLATA,ONAMET,EMCO,30.0,22.4,5.1,https://indomet.gob.do/wp-content/uploads/2025/04/temperaturas-extremas-y-precipitaciones-2025x04x16-a.pdf
2025-04-16,035,ARPT. LA ISABELA,SANTO DOMINGO,ONAMET,EMCO,30.0,20.5,4.8,https://indomet.gob.do/wp-content/uploads/2025/04/temperaturas-extremas-y-precipitaciones-2025x04x16-a.pdf
2025-04-16,036,LAS MATAS DE SANTA CRUZ (EMA,MONTE CRISTI,PROGRAMA MUNDIAL DE ALIMENTO,EMAP,26.6,21.7,4.3,https://indomet.gob.do/wp-content/uploads/2025/04/temperaturas-extremas-y-precipitaciones-2025x04x16-a.pdf
2025-04-16,037,ARROYO LORO,SAN JUAN,IDIAF,EMCO,33.8,11.6,4.2,https://indomet.gob.do/wp-content/uploads/2025/04/temperaturas-extremas-y-precipitaciones-2025x04x16-a.pdf
2025-04-16,038,JIMANÍ,INDEPENDENCIA,MINISTERIO DE AGRICULTURA,EMCO,33.4,23.6,3.9,https://indomet.gob.do/wp-content/uploads/2025/04/temperaturas-extremas-y-precipitaciones-2025x04x16-a.pdf
2025-04-16,039,GURABO,SANTIAGO,MINISTERIO DE AGRICULTURA,EMCV,,,3.8,https://indomet.gob.do/wp-content/uploads/2025/04/temperaturas-extremas-y-precipitaciones-2025x04x16-a.pdf
2025-04-16,040,SANTO DOMINGO ESTE,SANTO DOMINGO,ONAMET,EMCO,30.0,22.8,3.6,https://indomet.gob.do/wp-content/uploads/2025/04/temperaturas-extremas-y-precipitaciones-2025x04x16-a.pdf
2025-04-16,041,CENTRO DE LOS HEROES (EMA),DISTRITO NACIONAL,MINISTERIO DE ENERGIA Y MINA,EMAP,29.1,23.2,2.6,https://indomet.gob.do/wp-content/uploads/2025/04/temperaturas-extremas-y-precipitaciones-2025x04x16-a.pdf
2025-04-16,042,MONTE CRISTI,MONTE CRISTI,ONAMET,EMCO,31.5,23.0,2.6,https://indomet.gob.do/wp-content/uploads/2025/04/temperaturas-extremas-y-precipitaciones-2025x04x16-a.pdf
2025-04-16,043,TAMBORIL,SANTIAGO,MINISTERIO DE AGRICULTURA,EMCV,,,2.5,https://indomet.gob.do/wp-content/uploads/2025/04/temperaturas-extremas-y-precipitaciones-2025x04x16-a.pdf
2025-04-16,044,LA VICTORIA,SANTO DOMINGO,CUERPO DE BOMBEROS,EMCO,31.5,21.5,2.4,https://indomet.gob.do/wp-content/uploads/2025/04/temperaturas-extremas-y-precipitaciones-2025x04x16-a.pdf
2025-04-16,045,PRESA DE TAVERAS (EMA),LA VEGA,PROGRAMA MUNDIAL DE ALIMENTO,EMAP,28.5,19.0,2.4,https://indomet.gob.do/wp-content/uploads/2025/04/temperaturas-extremas-y-precipitaciones-2025x04x16-a.pdf
2025-04-16,046,ARPT. DEL CIBAO,SANTIAGO,ONAMET,EMCO,30.0,21.5,2.3,https://indomet.gob.do/wp-content/uploads/2025/04/temperaturas-extremas-y-precipitaciones-2025x04x16-a.pdf
2025-04-16,047,PALO ÍNDIO,PUERTO PLATA,MINISTERIO DE AGRICULTURA,EMCO,,,2.0,https://indomet.gob.do/wp-content/uploads/2025/04/temperaturas-extremas-y-precipitaciones-2025x04x16-a.pdf
2025-04-16,048,ELÍAS PIÑA,ELÍAS PIÑA,MINISTERIO DE AGRICULTURA,EMCV,,,2.0,https://indomet.gob.do/wp-content/uploads/2025/04/temperaturas-extremas-y-precipitaciones-2025x04x16-a.pdf
2025-04-16,049,ALTAMIRA,PUERTO PLATA,HOSP. MPAL. DE ALTAMIRA,EMCO,27.8,18.5,2.0,https://indomet.gob.do/wp-content/uploads/2025/04/temperaturas-extremas-y-precipitaciones-2025x04x16-a.pdf
2025-04-16,050,ESCONDIDO,PERAVIA,MINISTERIO DE AGRICULTURA,EMCV,30.0,23.0,2.0,https://indomet.gob.do/wp-content/uploads/2025/04/temperaturas-extremas-y-precipitaciones-2025x04x16-a.pdf
2025-04-16,051,OLIVARES,PEDERNALES,INDRHI,EMCO,,,1.9,https://indomet.gob.do/wp-content/uploads/2025/04/temperaturas-extremas-y-precipitaciones-2025x04x16-a.pdf
2025-04-16,052,SANTIAGO RODRÍGUEZ,SANTIAGO RODRÍGUEZ,ONAMET,EMCO,26.5,21.6,1.6,https://indomet.gob.do/wp-content/uploads/2025/04/temperaturas-extremas-y-precipitaciones-2025x04x16-a.pdf
2025-04-16,053,NAVARRETE,SANTIAGO,MINISTERIO DE AGRICULTURA,EMCV,,,1.5,https://indomet.gob.do/wp-content/uploads/2025/04/temperaturas-extremas-y-precipitaciones-2025x04x16-a.pdf
2025-04-16,054,ARPT. GREGORIO LUPERÓN,PUERTO PLATA,ONAMET,EMCO,28.2,22.0,1.5,https://indomet.gob.do/wp-content/uploads/2025/04/temperaturas-extremas-y-precipitaciones-2025x04x16-a.pdf
2025-04-16,055,RESTAURACIÓN,DAJABÓN,MINISTERIO DE AGRICULTURA,EMCO,19.8,15.4,1.1,https://indomet.gob.do/wp-content/uploads/2025/04/temperaturas-extremas-y-precipitaciones-2025x04x16-a.pdf
2025-04-16,056,VILLA ISABELA,PUERTO PLATA,MINISTERIO DE AGRICULTURA,EMCV,,,1.0,https://indomet.gob.do/wp-content/uploads/2025/04/temperaturas-extremas-y-precipitaciones-2025x04x16-a.pdf
2025-04-16,057,SABANETA (EMA),SANTIAGO RODRÍGUEZ,PROGRAMA MUNDIAL DE ALIMENTO,EMAP,26.6,20.6,1.0,https://indomet.gob.do/wp-content/uploads/2025/04/temperaturas-extremas-y-precipitaciones-2025x04x16-a.pdf
2025-04-16,058,MONCIÓN (EMA),SANTIAGO RODRÍGUEZ,PROGRAMA MUNDIAL DE ALIMENTO,EMAP,25.4,17.6,0.8,https://indomet.gob.do/wp-content/uploads/2025/04/temperaturas-extremas-y-precipitaciones-2025x04x16-a.pdf
2025-04-16,059,BOCA DE MAO (EMA),VALVERDE,MINISTERIO DE AGRICULTURA,EMAP,28.6,20.7,0.6,https://indomet.gob.do/wp-content/uploads/2025/04/temperaturas-extremas-y-precipitaciones-2025x04x16-a.pdf
2025-04-16,060,ENRIQUILLO,BARAHONA,MINISTERIO DE AGRICULTURA,EMCV,30.5,24.0,0.6,https://indomet.gob.do/wp-content/uploads/2025/04/temperaturas-extremas-y-precipitaciones-2025x04x16-a.pdf
2025-04-16,061,SAN RAFAEL DEL YUMA,LA ALTAGRACIA,MINISTERIO DE AGRICULTURA,EMCO,31.5,22.0,0.2,https://indomet.gob.do/wp-content/uploads/2025/04/temperaturas-extremas-y-precipitaciones-2025x04x16-a.pdf
2025-04-16,062,CABRAL,BARAHONA,MINISTERIO DE AGRICULTURA,EMCV,31.0,21.7,0.1,https://indomet.gob.do/wp-content/uploads/2025/04/temperaturas-extremas-y-precipitaciones-2025x04x16-a.pdf
2025-04-16,063,PEDERNALES,PEDERNALES,INDRHI,EMCO,,,0.1,https://indomet.gob.do/wp-content/uploads/2025/04/temperaturas-extremas-y-precipitaciones-2025x04x16-a.pdf
2025-04-16,064,VILLA GONZALES,SANTIAGO,MINISTERIO DE AGRICULTURA,EMCO,,,0.1,https://indomet.gob.do/wp-content/uploads/2025/04/temperaturas-extremas-y-precipitaciones-2025x04x16-a.pdf
2025-04-16,065,ANAMUYA (EMA),LA ALTAGRACIA,MINISTERIO DE AGRICULTURA,EMAP,30.9,22.2,0.0,https://indomet.gob.do/wp-content/uploads/2025/04/temperaturas-extremas-y-precipitaciones-2025x04x16-a.pdf
2025-04-16,066,ARPT. MARÍA MONTEZ,BARAHONA,ONAMET,EMCO,30.0,25.6,0.0,https://indomet.gob.do/wp-content/uploads/2025/04/temperaturas-extremas-y-precipitaciones-2025x04x16-a.pdf
2025-04-16,067,LAS CANAS (EMA),MONTE CRISTI,PROGRAMA MUNDIAL DE ALIMENTO,EMAP,24.9,19.2,0.0,https://indomet.gob.do/wp-content/uploads/2025/04/temperaturas-extremas-y-precipitaciones-2025x04x16-a.pdf
2025-04-16,068,MAO,VALVERDE,INDRHI / MINISTERIO DE AGRICULTURA,EMCV,,,0.0,https://indomet.gob.do/wp-content/uploads/2025/04/temperaturas-extremas-y-precipitaciones-2025x04x16-a.pdf
2025-04-16,069,OVIEDO,PEDERNALES,CLÍNICA RURAL OVIEDO,EMCO,32.0,21.5,0.0,https://indomet.gob.do/wp-content/uploads/2025/04/temperaturas-extremas-y-precipitaciones-2025x04x16-a.pdf
2025-04-16,070,PALMAR ABAJO (EMA),SANTIAGO,MINISTERIO DE AGRICULTURA,EMAP,,,0.0,https://indomet.gob.do/wp-content/uploads/2025/04/temperaturas-extremas-y-precipitaciones-2025x04x16-a.pdf
2025-04-16,071,PESCADERIA (EMA),BARAHONA,MINISTERIO DE AGRICULTURA,EMAP,29.9,21.9,0.0,https://indomet.gob.do/wp-content/uploads/2025/04/temperaturas-extremas-y-precipitaciones-2025x04x16-a.pdf
2025-04-16,072,PONTÓN ABAJO (EMA),LA VEGA,MINISTERIO DE AGRICULTURA,EMAP,30.1,20.3,0.0,https://indomet.gob.do/wp-content/uploads/2025/04/temperaturas-extremas-y-precipitaciones-2025x04x16-a.pdf
2025-04-16,073,TÁBARA ABAJO,AZUA,INDRHI,EMCO,33.5,20.5,0.0,https://indomet.gob.do/wp-content/uploads/2025/04/temperaturas-extremas-y-precipitaciones-2025x04x16-a.pdf
2025-04-17,001,LA VICTORIA,SANTO DOMINGO,CUERPO DE BOMBEROS,EMCO,33.0,22.5,76.8,https://indomet.gob.do/wp-content/uploads/2025/04/temperaturas-extremas-y-precipitaciones-2025x04x17-a.pdf
2025-04-17,002,JARABACOA (EMA),LA VEGA,PROGRAMA MUNDIAL DE ALIMENTO,EMAP,27.3,19.0,57.8,https://indomet.gob.do/wp-content/uploads/2025/04/temperaturas-extremas-y-precipitaciones-2025x04x17-a.pdf
2025-04-17,003,JARABACOA,LA VEGA,INDRHI / MARENA,EMCO,27.8,17.0,53.1,https://indomet.gob.do/wp-content/uploads/2025/04/temperaturas-extremas-y-precipitaciones-2025x04x17-a.pdf
2025-04-17,004,EL FACTOR (EMA),MARÍA TRINIDAD SÁNCHEZ,INTEC,EMAP,31.9,22.5,47.2,https://indomet.gob.do/wp-content/uploads/2025/04/temperaturas-extremas-y-precipitaciones-2025x04x17-a.pdf
2025-04-17,005,JUMA BEJUCAL,MONSEÑOR NOUEL,IDIAF,EMCV,30.6,20.4,43.6,https://indomet.gob.do/wp-content/uploads/2025/04/temperaturas-extremas-y-precipitaciones-2025x04x17-a.pdf
2025-04-17,006,SABANA DE LA MAR,HATO MAYOR,ONAMET,EMCO,30.0,22.5,32.3,https://indomet.gob.do/wp-content/uploads/2025/04/temperaturas-extremas-y-precipitaciones-2025x04x17-a.pdf
2025-04-17,007,BONAO,MONSEÑOR NOUEL,MINISTERIO DE AGRICULTURA,EMCV,,,28.7,https://indomet.gob.do/wp-content/uploads/2025/04/temperaturas-extremas-y-precipitaciones-2025x04x17-a.pdf
2025-04-17,008,CENTRO DE LOS HEROES (EMA),DISTRITO NACIONAL,MINISTERIO DE ENERGIA Y MINA,EMAP,30.1,23.7,27.8,https://indomet.gob.do/wp-content/uploads/2025/04/temperaturas-extremas-y-precipitaciones-2025x04x17-a.pdf
2025-04-17,009,LOS LLANOS,SAN PEDRO DE MACORÍS,MINISTERIO DE AGRICULTURA,EMCO,32.4,22.5,26.6,https://indomet.gob.do/wp-content/uploads/2025/04/temperaturas-extremas-y-precipitaciones-2025x04x17-a.pdf
2025-04-17,010,ALTAMIRA,PUERTO PLATA,HOSP. MPAL. DE ALTAMIRA,EMCO,31.0,21.0,21.0,https://indomet.gob.do/wp-content/uploads/2025/04/temperaturas-extremas-y-precipitaciones-2025x04x17-a.pdf
2025-04-17,011,GURABO,SANTIAGO,MINISTERIO DE AGRICULTURA,EMCV,,,20.3,https://indomet.gob.do/wp-content/uploads/2025/04/temperaturas-extremas-y-precipitaciones-2025x04x17-a.pdf
2025-04-17,012,ENRIQUILLO,BARAHONA,MINISTERIO DE AGRICULTURA,EMCV,31.5,22.5,18.2,https://indomet.gob.do/wp-content/uploads/2025/04/temperaturas-extremas-y-precipitaciones-2025x04x17-a.pdf
2025-04-17,013,ARPT. EL CATEY,SAMANÁ,ONAMET,EMCO,31.6,22.6,16.0,https://indomet.gob.do/wp-content/uploads/2025/04/temperaturas-extremas-y-precipitaciones-2025x04x17-a.pdf
2025-04-17,014,HATO MAYOR,HATO MAYOR,MINISTERIO DE AGRICULTURA,EMCV,,,14.7,https://indomet.gob.do/wp-content/uploads/2025/04/temperaturas-extremas-y-precipitaciones-2025x04x17-a.pdf
2025-04-17,015,SALCEDO,HERMANAS MIRABAL,PROPIEDAD DEL EMPLEADO,EMCO,,,14.5,https://indomet.gob.do/wp-content/uploads/2025/04/temperaturas-extremas-y-precipitaciones-2025x04x17-a.pdf
2025-04-17,016,SANTO DOMINGO ESTE,SANTO DOMINGO,ONAMET,EMCO,30.7,22.4,13.6,https://indomet.gob.do/wp-content/uploads/2025/04/temperaturas-extremas-y-precipitaciones-2025x04x17-a.pdf
2025-04-17,017,RANCHO ARRIBA,SAN JOSÉ DE OCOA,CENTRO TECNOLÓGICO COMUNITARIO,EMCO,27.9,16.6,13.5,https://indomet.gob.do/wp-content/uploads/2025/04/temperaturas-extremas-y-precipitaciones-2025x04x17-a.pdf
2025-04-17,018,BAYAGUANA,MONTE PLATA,ONAMET,EMCO,31.0,21.4,13.2,https://indomet.gob.do/wp-content/uploads/2025/04/temperaturas-extremas-y-precipitaciones-2025x04x17-a.pdf
2025-04-17,019,ARPT. ARROYO BARRIL,SAMANÁ,ONAMET,EMCO,31.3,21.3,11.7,https://indomet.gob.do/wp-content/uploads/2025/04/temperaturas-extremas-y-precipitaciones-2025x04x17-a.pdf
2025-04-17,020,GASPAR HERNÁNDEZ,ESPAILLAT,PROPIEDAD DEL EMPLEADO,EMCO,,,11.2,https://indomet.gob.do/wp-content/uploads/2025/04/temperaturas-extremas-y-precipitaciones-2025x04x17-a.pdf
2025-04-17,021,ANAMUYA (EMA),LA ALTAGRACIA,MINISTERIO DE AGRICULTURA,EMAP,32.3,22.1,11.0,https://indomet.gob.do/wp-content/uploads/2025/04/temperaturas-extremas-y-precipitaciones-2025x04x17-a.pdf
2025-04-17,022,TÁBARA ABAJO,AZUA,INDRHI,EMCO,34.5,25.0,10.8,https://indomet.gob.do/wp-content/uploads/2025/04/temperaturas-extremas-y-precipitaciones-2025x04x17-a.pdf
2025-04-17,023,SÁNCHEZ,SAMANÁ,MINISTERIO DE AGRICULTURA,EMCO,31.3,23.0,10.7,https://indomet.gob.do/wp-content/uploads/2025/04/temperaturas-extremas-y-precipitaciones-2025x04x17-a.pdf
2025-04-17,024,MONTE CRISTI,MONTE CRISTI,ONAMET,EMCO,31.4,21.4,10.2,https://indomet.gob.do/wp-content/uploads/2025/04/temperaturas-extremas-y-precipitaciones-2025x04x17-a.pdf
2025-04-17,025,SAN CRISTÓBAL,SAN CRISTÓBAL,INSTITUTO POLITÉCNICO LOYOLA,EMCO,29.0,21.6,9.5,https://indomet.gob.do/wp-content/uploads/2025/04/temperaturas-extremas-y-precipitaciones-2025x04x17-a.pdf
2025-04-17,026,ARPT. GREGORIO LUPERÓN,PUERTO PLATA,ONAMET,EMCO,28.4,20.4,8.7,https://indomet.gob.do/wp-content/uploads/2025/04/temperaturas-extremas-y-precipitaciones-2025x04x17-a.pdf
2025-04-17,027,ALTO BANDERA (EMA),LA VEGA,INTEC,EMAP,13.7,8.4,7.9,https://indomet.gob.do/wp-content/uploads/2025/04/temperaturas-extremas-y-precipitaciones-2025x04x17-a.pdf
2025-04-17,028,ARPT. LA ISABELA,SANTO DOMINGO,ONAMET,EMCO,32.5,21.0,7.2,https://indomet.gob.do/wp-content/uploads/2025/04/temperaturas-extremas-y-precipitaciones-2025x04x17-a.pdf
2025-04-17,029,PEDERNALES,PEDERNALES,INDRHI,EMCO,,,6.6,https://indomet.gob.do/wp-content/uploads/2025/04/temperaturas-extremas-y-precipitaciones-2025x04x17-a.pdf
2025-04-17,030,ARPT. DE LAS AMÉRICAS,SANTO DOMINGO,ONAMET,EMCO,30.6,21.8,5.5,https://indomet.gob.do/wp-content/uploads/2025/04/temperaturas-extremas-y-precipitaciones-2025x04x17-a.pdf
2025-04-17,031,ARPT. DE LA ROMANA,LA ROMANA,ONAMET,EMCO,31.0,21.0,5.4,https://indomet.gob.do/wp-content/uploads/2025/04/temperaturas-extremas-y-precipitaciones-2025x04x17-a.pdf
2025-04-17,032,ARPT. DEL CIBAO,SANTIAGO,ONAMET,EMCO,31.5,19.0,5.3,https://indomet.gob.do/wp-content/uploads/2025/04/temperaturas-extremas-y-precipitaciones-2025x04x17-a.pdf
2025-04-17,033,LA VEGA,LA VEGA,IATESA,EMCO,31.8,21.6,4.3,https://indomet.gob.do/wp-content/uploads/2025/04/temperaturas-extremas-y-precipitaciones-2025x04x17-a.pdf
2025-04-17,034,RESTAURACIÓN,DAJABÓN,MINISTERIO DE AGRICULTURA,EMCO,21.3,17.7,4.3,https://indomet.gob.do/wp-content/uploads/2025/04/temperaturas-extremas-y-precipitaciones-2025x04x17-a.pdf
2025-04-17,035,NAVARRETE,SANTIAGO,MINISTERIO DE AGRICULTURA,EMCV,,,3.8,https://indomet.gob.do/wp-content/uploads/2025/04/temperaturas-extremas-y-precipitaciones-2025x04x17-a.pdf
2025-04-17,036,OVIEDO,PEDERNALES,CLÍNICA RURAL OVIEDO,EMCO,31.5,23.0,3.6,https://indomet.gob.do/wp-content/uploads/2025/04/temperaturas-extremas-y-precipitaciones-2025x04x17-a.pdf
2025-04-17,037,VILLA GONZALES,SANTIAGO,MINISTERIO DE AGRICULTURA,EMCO,,,2.5,https://indomet.gob.do/wp-content/uploads/2025/04/temperaturas-extremas-y-precipitaciones-2025x04x17-a.pdf
2025-04-17,038,PRESA DE TAVERAS (EMA),LA VEGA,PROGRAMA MUNDIAL DE ALIMENTO,EMAP,30.3,20.2,1.8,https://indomet.gob.do/wp-content/uploads/2025/04/temperaturas-extremas-y-precipitaciones-2025x04x17-a.pdf
2025-04-17,039,SAMANÁ,SAMANÁ,COMANDANCIA DE PUERTO DE SAMANÁ,EMCO,31.5,21.1,1.6,https://indomet.gob.do/wp-content/uploads/2025/04/temperaturas-extremas-y-precipitaciones-2025x04x17-a.pdf
2025-04-17,040,MONCIÓN (EMA),SANTIAGO RODRÍGUEZ,PROGRAMA MUNDIAL DE ALIMENTO,EMAP,29.6,20.6,1.2,https://indomet.gob.do/wp-content/uploads/2025/04/temperaturas-extremas-y-precipitaciones-2025x04x17-a.pdf
2025-04-17,041,VALLE NUEVO (EMA),LA VEGA,MARENA,EMAO,18.8,10.6,1.2,https://indomet.gob.do/wp-content/uploads/2025/04/temperaturas-extremas-y-precipitaciones-2025x04x17-a.pdf
2025-04-17,042,SANTIAGO RODRÍGUEZ,SANTIAGO RODRÍGUEZ,ONAMET,EMCO,32.5,23.0,1.1,https://indomet.gob.do/wp-content/uploads/2025/04/temperaturas-extremas-y-precipitaciones-2025x04x17-a.pdf
2025-04-17,043,CONSTANZA,LA VEGA,MINISTERIO DE AGRICULTURA,EMCO,26.7,16.9,1.0,https://indomet.gob.do/wp-content/uploads/2025/04/temperaturas-extremas-y-precipitaciones-2025x04x17-a.pdf
2025-04-17,044,CONSTANZA (EMA),LA VEGA,PROGRAMA MUNDIAL DE ALIMENTO,EMAP,25.6,16.8,1.0,https://indomet.gob.do/wp-content/uploads/2025/04/temperaturas-extremas-y-precipitaciones-2025x04x17-a.pdf
2025-04-17,045,LAS MATAS DE SANTA CRUZ (EMA,MONTE CRISTI,PROGRAMA MUNDIAL DE ALIMENTO,EMAP,30.7,22.4,1.0,https://indomet.gob.do/wp-content/uploads/2025/04/temperaturas-extremas-y-precipitaciones-2025x04x17-a.pdf
2025-04-17,046,SABANETA (EMA),SANTIAGO RODRÍGUEZ,PROGRAMA MUNDIAL DE ALIMENTO,EMAP,32.3,22.6,0.8,https://indomet.gob.do/wp-content/uploads/2025/04/temperaturas-extremas-y-precipitaciones-2025x04x17-a.pdf
2025-04-17,047,RÍO SAN JUAN,MARÍA TRINIDAD SÁNCHEZ,HOSP. MPAL. DR. DESIDERIO ACOSTA,EMCV,29.5,23.4,0.8,https://indomet.gob.do/wp-content/uploads/2025/04/temperaturas-extremas-y-precipitaciones-2025x04x17-a.pdf
2025-04-17,048,ARPT. DE PUNTA CANA,LA ALTAGRACIA,ONAMET,EMCO,29.8,21.7,0.0,https://indomet.gob.do/wp-content/uploads/2025/04/temperaturas-extremas-y-precipitaciones-2025x04x17-a.pdf
2025-04-17,049,ARPT. MARÍA MONTEZ,BARAHONA,ONAMET,EMCO,32.0,22.5,0.0,https://indomet.gob.do/wp-content/uploads/2025/04/temperaturas-extremas-y-precipitaciones-2025x04x17-a.pdf
2025-04-17,050,ARROYO LORO,SAN JUAN,IDIAF,EMCO,34.0,15.2,0.0,https://indomet.gob.do/wp-content/uploads/2025/04/temperaturas-extremas-y-precipitaciones-2025x04x17-a.pdf
2025-04-17,051,BOCA DE MAO (EMA),VALVERDE,MINISTERIO DE AGRICULTURA,EMAP,32.7,22.2,0.0,https://indomet.gob.do/wp-content/uploads/2025/04/temperaturas-extremas-y-precipitaciones-2025x04x17-a.pdf
2025-04-17,052,CABRAL,BARAHONA,MINISTERIO DE AGRICULTURA,EMCV,34.0,22.5,0.0,https://indomet.gob.do/wp-content/uploads/2025/04/temperaturas-extremas-y-precipitaciones-2025x04x17-a.pdf
2025-04-17,053,CABRERA,MARÍA TRINIDAD SÁNCHEZ,ESCUELA ARÍSTIDES FIALLO CABRAL,EMCO,30.5,22.6,0.0,https://indomet.gob.do/wp-content/uploads/2025/04/temperaturas-extremas-y-precipitaciones-2025x04x17-a.pdf
2025-04-17,054,DAJABÓN,DAJABÓN,INSTITUTO POLITÉCNICO LOYOLA,EMCO,34.1,20.0,0.0,https://indomet.gob.do/wp-content/uploads/2025/04/temperaturas-extremas-y-precipitaciones-2025x04x17-a.pdf
2025-04-17,055,ELÍAS PIÑA,ELÍAS PIÑA,MINISTERIO DE AGRICULTURA,EMCV,,,0.0,https://indomet.gob.do/wp-content/uploads/2025/04/temperaturas-extremas-y-precipitaciones-2025x04x17-a.pdf
2025-04-17,056,ESCONDIDO,PERAVIA,MINISTERIO DE AGRICULTURA,EMCV,32.0,22.0,0.0,https://indomet.gob.do/wp-content/uploads/2025/04/temperaturas-extremas-y-precipitaciones-2025x04x17-a.pdf
2025-04-17,057,JIMANÍ,INDEPENDENCIA,MINISTERIO DE AGRICULTURA,EMCO,25.2,22.8,0.0,https://indomet.gob.do/wp-content/uploads/2025/04/temperaturas-extremas-y-precipitaciones-2025x04x17-a.pdf
2025-04-17,058,LAS CANAS (EMA),MONTE CRISTI,PROGRAMA MUNDIAL DE ALIMENTO,EMAP,27.2,22.4,0.0,https://indomet.gob.do/wp-content/uploads/2025/04/temperaturas-extremas-y-precipitaciones-2025x04x17-a.pdf
2025-04-17,059,MAO,VALVERDE,INDRHI / MINISTERIO DE AGRICULTURA,EMCV,,,0.0,https://indomet.gob.do/wp-content/uploads/2025/04/temperaturas-extremas-y-precipitaciones-2025x04x17-a.pdf
2025-04-17,060,OLIVARES,PEDERNALES,INDRHI,EMCO,,,0.0,https://indomet.gob.do/wp-content/uploads/2025/04/temperaturas-extremas-y-precipitaciones-2025x04x17-a.pdf
2025-04-17,061,PADRE LAS CASAS,AZUA,HOSP. NTRA. SRA. DEL CARMEN,EMCO,31.8,20.0,0.0,https://indomet.gob.do/wp-content/uploads/2025/04/temperaturas-extremas-y-precipitaciones-2025x04x17-a.pdf
2025-04-17,062,PALO ÍNDIO,PUERTO PLATA,MINISTERIO DE AGRICULTURA,EMCO,,,0.0,https://indomet.gob.do/wp-content/uploads/2025/04/temperaturas-extremas-y-precipitaciones-2025x04x17-a.pdf
2025-04-17,063,PERALTA,AZUA,HOSP. MPAL. DE PERALTA,EMCO,30.3,19.0,0.0,https://indomet.gob.do/wp-content/uploads/2025/04/temperaturas-extremas-y-precipitaciones-2025x04x17-a.pdf
2025-04-17,064,PESCADERIA (EMA),BARAHONA,MINISTERIO DE AGRICULTURA,EMAP,32.9,22.4,0.0,https://indomet.gob.do/wp-content/uploads/2025/04/temperaturas-extremas-y-precipitaciones-2025x04x17-a.pdf
2025-04-17,065,POLO,BARAHONA,INDOCAFE,EMCO,26.0,14.2,0.0,https://indomet.gob.do/wp-content/uploads/2025/04/temperaturas-extremas-y-precipitaciones-2025x04x17-a.pdf
2025-04-17,066,PONTÓN ABAJO (EMA),LA VEGA,MINISTERIO DE AGRICULTURA,EMAP,32.2,21.7,0.0,https://indomet.gob.do/wp-content/uploads/2025/04/temperaturas-extremas-y-precipitaciones-2025x04x17-a.pdf
2025-04-17,067,SAN JOSÉ DE OCOA,SAN JOSÉ DE OCOA,HOSP. SAN JOSÉ DE OCOA,EMCO,28.6,17.8,0.0,https://indomet.gob.do/wp-content/uploads/2025/04/temperaturas-extremas-y-precipitaciones-2025x04x17-a.pdf
2025-04-17,068,SAN RAFAEL DEL YUMA,LA ALTAGRACIA,MINISTERIO DE AGRICULTURA,EMCO,32.0,22.2,0.0,https://indomet.gob.do/wp-content/uploads/2025/04/temperaturas-extremas-y-precipitaciones-2025x04x17-a.pdf
2025-04-18,001,JARABACOA (EMA),LA VEGA,PROGRAMA MUNDIAL DE ALIMENTO,EMAP,25.9,18.0,10.2,https://indomet.gob.do/wp-content/uploads/2025/04/temperaturas-extremas-y-precipitaciones-2025x04x18-a.pdf
2025-04-18,002,JARABACOA,LA VEGA,INDRHI / MARENA,EMCO,26.2,18.0,9.1,https://indomet.gob.do/wp-content/uploads/2025/04/temperaturas-extremas-y-precipitaciones-2025x04x18-a.pdf
2025-04-18,003,SALCEDO,HERMANAS MIRABAL,PROPIEDAD DEL EMPLEADO,EMCO,,,8.0,https://indomet.gob.do/wp-content/uploads/2025/04/temperaturas-extremas-y-precipitaciones-2025x04x18-a.pdf
2025-04-18,004,SÁNCHEZ,SAMANÁ,MINISTERIO DE AGRICULTURA,EMCO,28.7,23.5,6.3,https://indomet.gob.do/wp-content/uploads/2025/04/temperaturas-extremas-y-precipitaciones-2025x04x18-a.pdf
2025-04-18,005,JUMA BEJUCAL,MONSEÑOR NOUEL,IDIAF,EMCV,29.4,19.0,6.2,https://indomet.gob.do/wp-content/uploads/2025/04/temperaturas-extremas-y-precipitaciones-2025x04x18-a.pdf
2025-04-18,006,VILLA RIVA,DUARTE,HOSP. MPAL. ALICIA DE LEGENDRE,EMCO,32.0,22.4,5.8,https://indomet.gob.do/wp-content/uploads/2025/04/temperaturas-extremas-y-precipitaciones-2025x04x18-a.pdf
2025-04-18,007,PADRE LAS CASAS,AZUA,HOSP. NTRA. SRA. DEL CARMEN,EMCO,34.5,17.0,5.6,https://indomet.gob.do/wp-content/uploads/2025/04/temperaturas-extremas-y-precipitaciones-2025x04x18-a.pdf
2025-04-18,008,ALTO BANDERA (EMA),LA VEGA,INTEC,EMAP,23.3,4.9,4.1,https://indomet.gob.do/wp-content/uploads/2025/04/temperaturas-extremas-y-precipitaciones-2025x04x18-a.pdf
2025-04-18,009,ALTAMIRA,PUERTO PLATA,HOSP. MPAL. DE ALTAMIRA,EMCO,27.2,19.9,4.1,https://indomet.gob.do/wp-content/uploads/2025/04/temperaturas-extremas-y-precipitaciones-2025x04x18-a.pdf
2025-04-18,010,POLO,BARAHONA,INDOCAFE,EMCO,30.5,17.0,3.7,https://indomet.gob.do/wp-content/uploads/2025/04/temperaturas-extremas-y-precipitaciones-2025x04x18-a.pdf
2025-04-18,011,PRESA DE TAVERAS (EMA),LA VEGA,PROGRAMA MUNDIAL DE ALIMENTO,EMAP,26.8,19.7,1.8,https://indomet.gob.do/wp-content/uploads/2025/04/temperaturas-extremas-y-precipitaciones-2025x04x18-a.pdf
2025-04-18,012,SABANA DE LA MAR,HATO MAYOR,ONAMET,EMCO,30.0,23.5,1.6,https://indomet.gob.do/wp-content/uploads/2025/04/temperaturas-extremas-y-precipitaciones-2025x04x18-a.pdf
2025-04-18,013,SAMANÁ,SAMANÁ,COMANDANCIA DE PUERTO DE SAMANÁ,EMCO,30.0,21.8,1.6,https://indomet.gob.do/wp-content/uploads/2025/04/temperaturas-extremas-y-precipitaciones-2025x04x18-a.pdf
2025-04-18,014,ARPT. GREGORIO LUPERÓN,PUERTO PLATA,ONAMET,EMCO,29.0,20.4,1.5,https://indomet.gob.do/wp-content/uploads/2025/04/temperaturas-extremas-y-precipitaciones-2025x04x18-a.pdf
2025-04-18,015,CONSTANZA,LA VEGA,MINISTERIO DE AGRICULTURA,EMCO,24.0,14.3,1.4,https://indomet.gob.do/wp-content/uploads/2025/04/temperaturas-extremas-y-precipitaciones-2025x04x18-a.pdf
2025-04-18,016,CONSTANZA (EMA),LA VEGA,PROGRAMA MUNDIAL DE ALIMENTO,EMAP,23.3,14.4,1.4,https://indomet.gob.do/wp-content/uploads/2025/04/temperaturas-extremas-y-precipitaciones-2025x04x18-a.pdf
2025-04-18,017,VILLA ISABELA,PUERTO PLATA,MINISTERIO DE AGRICULTURA,EMCV,,,1.3,https://indomet.gob.do/wp-content/uploads/2025/04/temperaturas-extremas-y-precipitaciones-2025x04x18-a.pdf
2025-04-18,018,LA VEGA,LA VEGA,IATESA,EMCO,30.0,21.0,1.0,https://indomet.gob.do/wp-content/uploads/2025/04/temperaturas-extremas-y-precipitaciones-2025x04x18-a.pdf
2025-04-18,019,MONCIÓN (EMA),SANTIAGO RODRÍGUEZ,PROGRAMA MUNDIAL DE ALIMENTO,EMAP,26.6,19.8,1.0,https://indomet.gob.do/wp-content/uploads/2025/04/temperaturas-extremas-y-precipitaciones-2025x04x18-a.pdf
2025-04-18,020,SABANETA (EMA),SANTIAGO RODRÍGUEZ,PROGRAMA MUNDIAL DE ALIMENTO,EMAP,29.6,21.2,0.8,https://indomet.gob.do/wp-content/uploads/2025/04/temperaturas-extremas-y-precipitaciones-2025x04x18-a.pdf
2025-04-18,021,RANCHO ARRIBA,SAN JOSÉ DE OCOA,CENTRO TECNOLÓGICO COMUNITARIO,EMCO,28.8,18.1,0.7,https://indomet.gob.do/wp-content/uploads/2025/04/temperaturas-extremas-y-precipitaciones-2025x04x18-a.pdf
2025-04-18,022,ARPT. DEL CIBAO,SANTIAGO,ONAMET,EMCO,28.2,21.0,0.6,https://indomet.gob.do/wp-content/uploads/2025/04/temperaturas-extremas-y-precipitaciones-2025x04x18-a.pdf
2025-04-18,023,EL FACTOR (EMA),MARÍA TRINIDAD SÁNCHEZ,INTEC,EMAP,30.3,23.2,0.5,https://indomet.gob.do/wp-content/uploads/2025/04/temperaturas-extremas-y-precipitaciones-2025x04x18-a.pdf
2025-04-18,024,CABRAL,BARAHONA,MINISTERIO DE AGRICULTURA,EMCV,36.5,22.5,0.4,https://indomet.gob.do/wp-content/uploads/2025/04/temperaturas-extremas-y-precipitaciones-2025x04x18-a.pdf
2025-04-18,025,ESCONDIDO,PERAVIA,MINISTERIO DE AGRICULTURA,EMCV,34.0,23.0,0.3,https://indomet.gob.do/wp-content/uploads/2025/04/temperaturas-extremas-y-precipitaciones-2025x04x18-a.pdf
2025-04-18,026,HATO MAYOR,HATO MAYOR,MINISTERIO DE AGRICULTURA,EMCV,,,0.3,https://indomet.gob.do/wp-content/uploads/2025/04/temperaturas-extremas-y-precipitaciones-2025x04x18-a.pdf
2025-04-18,027,RESTAURACIÓN,DAJABÓN,MINISTERIO DE AGRICULTURA,EMCO,21.6,18.1,0.3,https://indomet.gob.do/wp-content/uploads/2025/04/temperaturas-extremas-y-precipitaciones-2025x04x18-a.pdf
2025-04-18,028,SABANA GRANDE DE BOYÁ,MONTE PLATA,MINISTERIO DE AGRICULTURA,EMCV,,,0.3,https://indomet.gob.do/wp-content/uploads/2025/04/temperaturas-extremas-y-precipitaciones-2025x04x18-a.pdf
2025-04-18,029,VALLE NUEVO (EMA),LA VEGA,MARENA,EMAO,16.5,4.8,0.2,https://indomet.gob.do/wp-content/uploads/2025/04/temperaturas-extremas-y-precipitaciones-2025x04x18-a.pdf
2025-04-18,030,ANAMUYA (EMA),LA ALTAGRACIA,MINISTERIO DE AGRICULTURA,EMAP,30.1,23.9,0.0,https://indomet.gob.do/wp-content/uploads/2025/04/temperaturas-extremas-y-precipitaciones-2025x04x18-a.pdf
2025-04-18,031,ARPT. ARROYO BARRIL,SAMANÁ,ONAMET,EMCO,30.8,21.5,0.0,https://indomet.gob.do/wp-content/uploads/2025/04/temperaturas-extremas-y-precipitaciones-2025x04x18-a.pdf
2025-04-18,032,ARPT. DE LA ROMANA,LA ROMANA,ONAMET,EMCO,31.5,21.5,0.0,https://indomet.gob.do/wp-content/uploads/2025/04/temperaturas-extremas-y-precipitaciones-2025x04x18-a.pdf
2025-04-18,033,ARPT. DE LAS AMÉRICAS,SANTO DOMINGO,ONAMET,EMCO,31.8,21.8,0.0,https://indomet.gob.do/wp-content/uploads/2025/04/temperaturas-extremas-y-precipitaciones-2025x04x18-a.pdf
2025-04-18,034,ARPT. DE PUNTA CANA,LA ALTAGRACIA,ONAMET,EMCO,29.7,22.0,0.0,https://indomet.gob.do/wp-content/uploads/2025/04/temperaturas-extremas-y-precipitaciones-2025x04x18-a.pdf
2025-04-18,035,ARPT. EL CATEY,SAMANÁ,ONAMET,EMCO,31.4,20.0,0.0,https://indomet.gob.do/wp-content/uploads/2025/04/temperaturas-extremas-y-precipitaciones-2025x04x18-a.pdf
2025-04-18,036,ARPT. LA ISABELA,SANTO DOMINGO,ONAMET,EMCO,32.5,21.0,0.0,https://indomet.gob.do/wp-content/uploads/2025/04/temperaturas-extremas-y-precipitaciones-2025x04x18-a.pdf
2025-04-18,037,ARPT. MARÍA MONTEZ,BARAHONA,ONAMET,EMCO,33.8,23.0,0.0,https://indomet.gob.do/wp-content/uploads/2025/04/temperaturas-extremas-y-precipitaciones-2025x04x18-a.pdf
2025-04-18,038,ARROYO LORO,SAN JUAN,IDIAF,EMCO,33.8,15.0,0.0,https://indomet.gob.do/wp-content/uploads/2025/04/temperaturas-extremas-y-precipitaciones-2025x04x18-a.pdf
2025-04-18,039,BAYAGUANA,MONTE PLATA,ONAMET,EMCO,30.7,22.6,0.0,https://indomet.gob.do/wp-content/uploads/2025/04/temperaturas-extremas-y-precipitaciones-2025x04x18-a.pdf
2025-04-18,040,BOCA DE MAO (EMA),VALVERDE,MINISTERIO DE AGRICULTURA,EMAP,30.3,20.9,0.0,https://indomet.gob.do/wp-content/uploads/2025/04/temperaturas-extremas-y-precipitaciones-2025x04x18-a.pdf
2025-04-18,041,CABRERA,MARÍA TRINIDAD SÁNCHEZ,ESCUELA ARÍSTIDES FIALLO CABRAL,EMCO,30.6,24.5,0.0,https://indomet.gob.do/wp-content/uploads/2025/04/temperaturas-extremas-y-precipitaciones-2025x04x18-a.pdf
2025-04-18,042,CENTRO DE LOS HEROES (EMA),DISTRITO NACIONAL,MINISTERIO DE ENERGIA Y MINA,EMAP,31.8,24.2,0.0,https://indomet.gob.do/wp-content/uploads/2025/04/temperaturas-extremas-y-precipitaciones-2025x04x18-a.pdf
2025-04-18,043,DAJABÓN,DAJABÓN,INSTITUTO POLITÉCNICO LOYOLA,EMCO,33.6,21.2,0.0,https://indomet.gob.do/wp-content/uploads/2025/04/temperaturas-extremas-y-precipitaciones-2025x04x18-a.pdf
2025-04-18,044,ELÍAS PIÑA,ELÍAS PIÑA,MINISTERIO DE AGRICULTURA,EMCV,,,0.0,https://indomet.gob.do/wp-content/uploads/2025/04/temperaturas-extremas-y-precipitaciones-2025x04x18-a.pdf
2025-04-18,045,ENRIQUILLO,BARAHONA,MINISTERIO DE AGRICULTURA,EMCV,32.7,23.5,0.0,https://indomet.gob.do/wp-content/uploads/2025/04/temperaturas-extremas-y-precipitaciones-2025x04x18-a.pdf
2025-04-18,046,GASPAR HERNÁNDEZ,ESPAILLAT,PROPIEDAD DEL EMPLEADO,EMCO,,,0.0,https://indomet.gob.do/wp-content/uploads/2025/04/temperaturas-extremas-y-precipitaciones-2025x04x18-a.pdf
2025-04-18,047,GURABO,SANTIAGO,MINISTERIO DE AGRICULTURA,EMCV,,,0.0,https://indomet.gob.do/wp-content/uploads/2025/04/temperaturas-extremas-y-precipitaciones-2025x04x18-a.pdf
2025-04-18,048,HONDO VALLE,ELÍAS PIÑA,MINISTERIO DE AGRICULTURA,EMCO,26.0,15.8,0.0,https://indomet.gob.do/wp-content/uploads/2025/04/temperaturas-extremas-y-precipitaciones-2025x04x18-a.pdf
2025-04-18,049,JIMANÍ,INDEPENDENCIA,MINISTERIO DE AGRICULTURA,EMCO,35.5,23.0,0.0,https://indomet.gob.do/wp-content/uploads/2025/04/temperaturas-extremas-y-precipitaciones-2025x04x18-a.pdf
2025-04-18,050,LA VICTORIA,SANTO DOMINGO,CUERPO DE BOMBEROS,EMCO,32.0,22.5,0.0,https://indomet.gob.do/wp-content/uploads/2025/04/temperaturas-extremas-y-precipitaciones-2025x04x18-a.pdf
2025-04-18,051,LAS CANAS (EMA),MONTE CRISTI,PROGRAMA MUNDIAL DE ALIMENTO,EMAP,26.6,22.2,0.0,https://indomet.gob.do/wp-content/uploads/2025/04/temperaturas-extremas-y-precipitaciones-2025x04x18-a.pdf
2025-04-18,052,LAS MATAS DE SANTA CRUZ (EMA,MONTE CRISTI,PROGRAMA MUNDIAL DE ALIMENTO,EMAP,28.8,21.5,0.0,https://indomet.gob.do/wp-content/uploads/2025/04/temperaturas-extremas-y-precipitaciones-2025x04x18-a.pdf
2025-04-18,053,LOS LLANOS,SAN PEDRO DE MACORÍS,MINISTERIO DE AGRICULTURA,EMCO,31.5,22.5,0.0,https://indomet.gob.do/wp-content/uploads/2025/04/temperaturas-extremas-y-precipitaciones-2025x04x18-a.pdf
2025-04-18,054,MONTE CRISTI,MONTE CRISTI,ONAMET,EMCO,30.7,22.4,0.0,https://indomet.gob.do/wp-content/uploads/2025/04/temperaturas-extremas-y-precipitaciones-2025x04x18-a.pdf
2025-04-18,055,OLIVARES,PEDERNALES,INDRHI,EMCO,,,0.0,https://indomet.gob.do/wp-content/uploads/2025/04/temperaturas-extremas-y-precipitaciones-2025x04x18-a.pdf
2025-04-18,056,PALO ÍNDIO,PUERTO PLATA,MINISTERIO DE AGRICULTURA,EMCO,,,0.0,https://indomet.gob.do/wp-content/uploads/2025/04/temperaturas-extremas-y-precipitaciones-2025x04x18-a.pdf
2025-04-18,057,PEDERNALES,PEDERNALES,INDRHI,EMCO,,,0.0,https://indomet.gob.do/wp-content/uploads/2025/04/temperaturas-extremas-y-precipitaciones-2025x04x18-a.pdf
2025-04-18,058,PERALTA,AZUA,HOSP. MPAL. DE PERALTA,EMCO,32.0,17.3,0.0,https://indomet.gob.do/wp-content/uploads/2025/04/temperaturas-extremas-y-precipitaciones-2025x04x18-a.pdf
2025-04-18,059,PESCADERIA (EMA),BARAHONA,MINISTERIO DE AGRICULTURA,EMAP,34.5,23.1,0.0,https://indomet.gob.do/wp-content/uploads/2025/04/temperaturas-extremas-y-precipitaciones-2025x04x18-a.pdf
2025-04-18,060,PONTÓN ABAJO (EMA),LA VEGA,MINISTERIO DE AGRICULTURA,EMAP,31.4,21.5,0.0,https://indomet.gob.do/wp-content/uploads/2025/04/temperaturas-extremas-y-precipitaciones-2025x04x18-a.pdf
2025-04-18,061,RÍO SAN JUAN,MARÍA TRINIDAD SÁNCHEZ,HOSP. MPAL. DR. DESIDERIO ACOSTA,EMCV,29.4,22.4,0.0,https://indomet.gob.do/wp-content/uploads/2025/04/temperaturas-extremas-y-precipitaciones-2025x04x18-a.pdf
2025-04-18,062,SAN CRISTÓBAL,SAN CRISTÓBAL,INSTITUTO POLITÉCNICO LOYOLA,EMCO,30.2,22.2,0.0,https://indomet.gob.do/wp-content/uploads/2025/04/temperaturas-extremas-y-precipitaciones-2025x04x18-a.pdf
2025-04-18,063,SAN JOSÉ DE OCOA,SAN JOSÉ DE OCOA,HOSP. SAN JOSÉ DE OCOA,EMCO,30.5,18.8,0.0,https://indomet.gob.do/wp-content/uploads/2025/04/temperaturas-extremas-y-precipitaciones-2025x04x18-a.pdf
2025-04-18,064,SANTIAGO RODRÍGUEZ,SANTIAGO RODRÍGUEZ,ONAMET,EMCO,29.6,21.4,0.0,https://indomet.gob.do/wp-content/uploads/2025/04/temperaturas-extremas-y-precipitaciones-2025x04x18-a.pdf
2025-04-18,065,SANTO DOMINGO ESTE,SANTO DOMINGO,ONAMET,EMCO,32.5,23.3,0.0,https://indomet.gob.do/wp-content/uploads/2025/04/temperaturas-extremas-y-precipitaciones-2025x04x18-a.pdf
2025-04-18,066,TÁBARA ABAJO,AZUA,INDRHI,EMCO,33.5,20.5,0.0,https://indomet.gob.do/wp-content/uploads/2025/04/temperaturas-extremas-y-precipitaciones-2025x04x18-a.pdf
2025-04-18,067,VILLA GONZALES,SANTIAGO,MINISTERIO DE AGRICULTURA,EMCO,,,0.0,https://indomet.gob.do/wp-content/uploads/2025/04/temperaturas-extremas-y-precipitaciones-2025x04x18-a.pdf
2025-04-19,001,SÁNCHEZ,SAMANÁ,MINISTERIO DE AGRICULTURA,EMCO,30.1,22.0,55.9,https://indomet.gob.do/wp-content/uploads/2025/04/temperaturas-extremas-y-precipitaciones-2025x04x19-a-2.pdf
2025-04-19,002,ALTAMIRA,PUERTO PLATA,HOSP. MPAL. DE ALTAMIRA,EMCO,26.4,19.5,23.6,https://indomet.gob.do/wp-content/uploads/2025/04/temperaturas-extremas-y-precipitaciones-2025x04x19-a-2.pdf
2025-04-19,003,TAMBORIL,SANTIAGO,MINISTERIO DE AGRICULTURA,EMCV,,,19.8,https://indomet.gob.do/wp-content/uploads/2025/04/temperaturas-extremas-y-precipitaciones-2025x04x19-a-2.pdf
2025-04-19,004,PEDERNALES,PEDERNALES,INDRHI,EMCO,,,12.5,https://indomet.gob.do/wp-content/uploads/2025/04/temperaturas-extremas-y-precipitaciones-2025x04x19-a-2.pdf
2025-04-19,005,OLIVARES,PEDERNALES,INDRHI,EMCO,,,12.3,https://indomet.gob.do/wp-content/uploads/2025/04/temperaturas-extremas-y-precipitaciones-2025x04x19-a-2.pdf
2025-04-19,006,GURABO,SANTIAGO,MINISTERIO DE AGRICULTURA,EMCV,,,11.4,https://indomet.gob.do/wp-content/uploads/2025/04/temperaturas-extremas-y-precipitaciones-2025x04x19-a-2.pdf
2025-04-19,007,BONAO,MONSEÑOR NOUEL,MINISTERIO DE AGRICULTURA,EMCV,,,6.9,https://indomet.gob.do/wp-content/uploads/2025/04/temperaturas-extremas-y-precipitaciones-2025x04x19-a-2.pdf
2025-04-19,008,SAMANÁ,SAMANÁ,COMANDANCIA DE PUERTO DE SAMANÁ,EMCO,30.7,20.0,6.6,https://indomet.gob.do/wp-content/uploads/2025/04/temperaturas-extremas-y-precipitaciones-2025x04x19-a-2.pdf
2025-04-19,009,ALTO BANDERA (EMA),LA VEGA,INTEC,EMAP,13.3,0.6,6.1,https://indomet.gob.do/wp-content/uploads/2025/04/temperaturas-extremas-y-precipitaciones-2025x04x19-a-2.pdf
2025-04-19,010,MONTE CRISTI,MONTE CRISTI,ONAMET,EMCO,31.5,23.3,5.5,https://indomet.gob.do/wp-content/uploads/2025/04/temperaturas-extremas-y-precipitaciones-2025x04x19-a-2.pdf
2025-04-19,011,NAVARRETE,SANTIAGO,MINISTERIO DE AGRICULTURA,EMCV,,,4.8,https://indomet.gob.do/wp-content/uploads/2025/04/temperaturas-extremas-y-precipitaciones-2025x04x19-a-2.pdf
2025-04-19,012,JARABACOA (EMA),LA VEGA,PROGRAMA MUNDIAL DE ALIMENTO,EMAP,27.7,16.6,4.8,https://indomet.gob.do/wp-content/uploads/2025/04/temperaturas-extremas-y-precipitaciones-2025x04x19-a-2.pdf
2025-04-19,013,RÍO SAN JUAN,MARÍA TRINIDAD SÁNCHEZ,HOSP. MPAL. DR. DESIDERIO ACOSTA,EMCV,30.4,22.3,4.6,https://indomet.gob.do/wp-content/uploads/2025/04/temperaturas-extremas-y-precipitaciones-2025x04x19-a-2.pdf
2025-04-19,014,JARABACOA,LA VEGA,INDRHI / MARENA,EMCO,28.0,16.0,4.3,https://indomet.gob.do/wp-content/uploads/2025/04/temperaturas-extremas-y-precipitaciones-2025x04x19-a-2.pdf
2025-04-19,015,ARPT. DEL CIBAO,SANTIAGO,ONAMET,EMCO,29.2,20.0,3.9,https://indomet.gob.do/wp-content/uploads/2025/04/temperaturas-extremas-y-precipitaciones-2025x04x19-a-2.pdf
2025-04-19,016,ARPT. GREGORIO LUPERÓN,PUERTO PLATA,ONAMET,EMCO,29.5,21.5,3.1,https://indomet.gob.do/wp-content/uploads/2025/04/temperaturas-extremas-y-precipitaciones-2025x04x19-a-2.pdf
2025-04-19,017,MAO,VALVERDE,INDRHI / MINISTERIO DE AGRICULTURA,EMCV,,,2.9,https://indomet.gob.do/wp-content/uploads/2025/04/temperaturas-extremas-y-precipitaciones-2025x04x19-a-2.pdf
2025-04-19,018,GASPAR HERNÁNDEZ,ESPAILLAT,PROPIEDAD DEL EMPLEADO,EMCO,,,2.8,https://indomet.gob.do/wp-content/uploads/2025/04/temperaturas-extremas-y-precipitaciones-2025x04x19-a-2.pdf
2025-04-19,019,JUMA BEJUCAL,MONSEÑOR NOUEL,IDIAF,EMCV,28.0,19.2,2.4,https://indomet.gob.do/wp-content/uploads/2025/04/temperaturas-extremas-y-precipitaciones-2025x04x19-a-2.pdf
2025-04-19,020,BOCA DE MAO (EMA),VALVERDE,MINISTERIO DE AGRICULTURA,EMAP,31.3,19.9,2.2,https://indomet.gob.do/wp-content/uploads/2025/04/temperaturas-extremas-y-precipitaciones-2025x04x19-a-2.pdf
2025-04-19,021,ARPT. EL CATEY,SAMANÁ,ONAMET,EMCO,29.4,21.0,2.0,https://indomet.gob.do/wp-content/uploads/2025/04/temperaturas-extremas-y-precipitaciones-2025x04x19-a-2.pdf
2025-04-19,022,VILLA ALTAGRACIA,SAN CRISTÓBAL,ESCUELA JAVIER ANGULO GURIDI,EMCO,,,1.8,https://indomet.gob.do/wp-content/uploads/2025/04/temperaturas-extremas-y-precipitaciones-2025x04x19-a-2.pdf
2025-04-19,023,RANCHO ARRIBA,SAN JOSÉ DE OCOA,CENTRO TECNOLÓGICO COMUNITARIO,EMCO,27.6,17.2,1.6,https://indomet.gob.do/wp-content/uploads/2025/04/temperaturas-extremas-y-precipitaciones-2025x04x19-a-2.pdf
2025-04-19,024,PRESA DE TAVERAS (EMA),LA VEGA,PROGRAMA MUNDIAL DE ALIMENTO,EMAP,27.8,18.4,1.4,https://indomet.gob.do/wp-content/uploads/2025/04/temperaturas-extremas-y-precipitaciones-2025x04x19-a-2.pdf
2025-04-19,025,CABRAL,BARAHONA,MINISTERIO DE AGRICULTURA,EMCV,33.5,21.5,1.3,https://indomet.gob.do/wp-content/uploads/2025/04/temperaturas-extremas-y-precipitaciones-2025x04x19-a-2.pdf
2025-04-19,026,CONSTANZA,LA VEGA,MINISTERIO DE AGRICULTURA,EMCO,25.3,12.0,1.3,https://indomet.gob.do/wp-content/uploads/2025/04/temperaturas-extremas-y-precipitaciones-2025x04x19-a-2.pdf
2025-04-19,027,CONSTANZA (EMA),LA VEGA,PROGRAMA MUNDIAL DE ALIMENTO,EMAP,24.1,12.3,1.0,https://indomet.gob.do/wp-content/uploads/2025/04/temperaturas-extremas-y-precipitaciones-2025x04x19-a-2.pdf
2025-04-19,028,CABRERA,MARÍA TRINIDAD SÁNCHEZ,ESCUELA ARÍSTIDES FIALLO CABRAL,EMCO,30.2,23.8,0.9,https://indomet.gob.do/wp-content/uploads/2025/04/temperaturas-extremas-y-precipitaciones-2025x04x19-a-2.pdf
2025-04-19,029,EL FACTOR (EMA),MARÍA TRINIDAD SÁNCHEZ,INTEC,EMAP,30.1,22.4,0.8,https://indomet.gob.do/wp-content/uploads/2025/04/temperaturas-extremas-y-precipitaciones-2025x04x19-a-2.pdf
2025-04-19,030,SABANETA (EMA),SANTIAGO RODRÍGUEZ,PROGRAMA MUNDIAL DE ALIMENTO,EMAP,31.8,19.8,0.6,https://indomet.gob.do/wp-content/uploads/2025/04/temperaturas-extremas-y-precipitaciones-2025x04x19-a-2.pdf
2025-04-19,031,LA VEGA,LA VEGA,IATESA,EMCO,30.0,20.2,0.5,https://indomet.gob.do/wp-content/uploads/2025/04/temperaturas-extremas-y-precipitaciones-2025x04x19-a-2.pdf
2025-04-19,032,PADRE LAS CASAS,AZUA,HOSP. NTRA. SRA. DEL CARMEN,EMCO,35.0,18.0,0.3,https://indomet.gob.do/wp-content/uploads/2025/04/temperaturas-extremas-y-precipitaciones-2025x04x19-a-2.pdf
2025-04-19,033,VALLE NUEVO (EMA),LA VEGA,MARENA,EMAO,18.8,5.2,0.3,https://indomet.gob.do/wp-content/uploads/2025/04/temperaturas-extremas-y-precipitaciones-2025x04x19-a-2.pdf
2025-04-19,034,ANAMUYA (EMA),LA ALTAGRACIA,MINISTERIO DE AGRICULTURA,EMAP,29.9,23.7,0.2,https://indomet.gob.do/wp-content/uploads/2025/04/temperaturas-extremas-y-precipitaciones-2025x04x19-a-2.pdf
2025-04-19,035,SAN RAFAEL DEL YUMA,LA ALTAGRACIA,MINISTERIO DE AGRICULTURA,EMCO,32.0,21.6,0.2,https://indomet.gob.do/wp-content/uploads/2025/04/temperaturas-extremas-y-precipitaciones-2025x04x19-a-2.pdf
2025-04-19,036,ARPT. DE PUNTA CANA,LA ALTAGRACIA,ONAMET,EMCO,30.3,24.4,0.1,https://indomet.gob.do/wp-content/uploads/2025/04/temperaturas-extremas-y-precipitaciones-2025x04x19-a-2.pdf
2025-04-19,037,POLO,BARAHONA,INDOCAFE,EMCO,30.5,16.5,0.1,https://indomet.gob.do/wp-content/uploads/2025/04/temperaturas-extremas-y-precipitaciones-2025x04x19-a-2.pdf
2025-04-19,038,SABANA DE LA MAR,HATO MAYOR,ONAMET,EMCO,29.5,23.5,0.1,https://indomet.gob.do/wp-content/uploads/2025/04/temperaturas-extremas-y-precipitaciones-2025x04x19-a-2.pdf
2025-04-19,039,SABANA GRANDE DE BOYÁ,MONTE PLATA,MINISTERIO DE AGRICULTURA,EMCV,,,0.1,https://indomet.gob.do/wp-content/uploads/2025/04/temperaturas-extremas-y-precipitaciones-2025x04x19-a-2.pdf
2025-04-19,040,ARPT. ARROYO BARRIL,SAMANÁ,ONAMET,EMCO,30.7,22.8,0.0,https://indomet.gob.do/wp-content/uploads/2025/04/temperaturas-extremas-y-precipitaciones-2025x04x19-a-2.pdf
2025-04-19,041,ARPT. DE LA ROMANA,LA ROMANA,ONAMET,EMCO,30.6,21.5,0.0,https://indomet.gob.do/wp-content/uploads/2025/04/temperaturas-extremas-y-precipitaciones-2025x04x19-a-2.pdf
2025-04-19,042,ARPT. DE LAS AMÉRICAS,SANTO DOMINGO,ONAMET,EMCO,31.8,22.0,0.0,https://indomet.gob.do/wp-content/uploads/2025/04/temperaturas-extremas-y-precipitaciones-2025x04x19-a-2.pdf
2025-04-19,043,ARPT. LA ISABELA,SANTO DOMINGO,ONAMET,EMCO,31.0,20.5,0.0,https://indomet.gob.do/wp-content/uploads/2025/04/temperaturas-extremas-y-precipitaciones-2025x04x19-a-2.pdf
2025-04-19,044,ARPT. MARÍA MONTEZ,BARAHONA,ONAMET,EMCO,34.2,23.5,0.0,https://indomet.gob.do/wp-content/uploads/2025/04/temperaturas-extremas-y-precipitaciones-2025x04x19-a-2.pdf
2025-04-19,045,BAYAGUANA,MONTE PLATA,ONAMET,EMCO,31.2,22.1,0.0,https://indomet.gob.do/wp-content/uploads/2025/04/temperaturas-extremas-y-precipitaciones-2025x04x19-a-2.pdf
2025-04-19,046,CENTRO DE LOS HEROES (EMA),DISTRITO NACIONAL,MINISTERIO DE ENERGIA Y MINA,EMAP,31.1,24.0,0.0,https://indomet.gob.do/wp-content/uploads/2025/04/temperaturas-extremas-y-precipitaciones-2025x04x19-a-2.pdf
2025-04-19,047,DAJABÓN,DAJABÓN,INSTITUTO POLITÉCNICO LOYOLA,EMCO,32.4,19.6,0.0,https://indomet.gob.do/wp-content/uploads/2025/04/temperaturas-extremas-y-precipitaciones-2025x04x19-a-2.pdf
2025-04-19,048,ENRIQUILLO,BARAHONA,MINISTERIO DE AGRICULTURA,EMCV,32.0,23.5,0.0,https://indomet.gob.do/wp-content/uploads/2025/04/temperaturas-extremas-y-precipitaciones-2025x04x19-a-2.pdf
2025-04-19,049,ESCONDIDO,PERAVIA,MINISTERIO DE AGRICULTURA,EMCV,33.0,25.0,0.0,https://indomet.gob.do/wp-content/uploads/2025/04/temperaturas-extremas-y-precipitaciones-2025x04x19-a-2.pdf
2025-04-19,050,HATO MAYOR,HATO MAYOR,MINISTERIO DE AGRICULTURA,EMCV,,,0.0,https://indomet.gob.do/wp-content/uploads/2025/04/temperaturas-extremas-y-precipitaciones-2025x04x19-a-2.pdf
2025-04-19,051,HONDO VALLE,ELÍAS PIÑA,MINISTERIO DE AGRICULTURA,EMCO,25.9,15.9,0.0,https://indomet.gob.do/wp-content/uploads/2025/04/temperaturas-extremas-y-precipitaciones-2025x04x19-a-2.pdf
2025-04-19,052,JIMANÍ,INDEPENDENCIA,MINISTERIO DE AGRICULTURA,EMCO,36.0,25.6,0.0,https://indomet.gob.do/wp-content/uploads/2025/04/temperaturas-extremas-y-precipitaciones-2025x04x19-a-2.pdf
2025-04-19,053,LA VICTORIA,SANTO DOMINGO,CUERPO DE BOMBEROS,EMCO,31.6,21.5,0.0,https://indomet.gob.do/wp-content/uploads/2025/04/temperaturas-extremas-y-precipitaciones-2025x04x19-a-2.pdf
2025-04-19,054,LAS CANAS (EMA),MONTE CRISTI,PROGRAMA MUNDIAL DE ALIMENTO,EMAP,27.1,19.8,0.0,https://indomet.gob.do/wp-content/uploads/2025/04/temperaturas-extremas-y-precipitaciones-2025x04x19-a-2.pdf
2025-04-19,055,LAS MATAS DE SANTA CRUZ (EMA,MONTE CRISTI,PROGRAMA MUNDIAL DE ALIMENTO,EMAP,30.3,20.6,0.0,https://indomet.gob.do/wp-content/uploads/2025/04/temperaturas-extremas-y-precipitaciones-2025x04x19-a-2.pdf
2025-04-19,056,LOS LLANOS,SAN PEDRO DE MACORÍS,MINISTERIO DE AGRICULTURA,EMCO,30.5,21.0,0.0,https://indomet.gob.do/wp-content/uploads/2025/04/temperaturas-extremas-y-precipitaciones-2025x04x19-a-2.pdf
2025-04-19,057,MONCIÓN (EMA),SANTIAGO RODRÍGUEZ,PROGRAMA MUNDIAL DE ALIMENTO,EMAP,28.5,18.0,0.0,https://indomet.gob.do/wp-content/uploads/2025/04/temperaturas-extremas-y-precipitaciones-2025x04x19-a-2.pdf
2025-04-19,058,OVIEDO,PEDERNALES,CLÍNICA RURAL OVIEDO,EMCO,33.5,21.5,0.0,https://indomet.gob.do/wp-content/uploads/2025/04/temperaturas-extremas-y-precipitaciones-2025x04x19-a-2.pdf
2025-04-19,059,PALO ÍNDIO,PUERTO PLATA,MINISTERIO DE AGRICULTURA,EMCO,,,0.0,https://indomet.gob.do/wp-content/uploads/2025/04/temperaturas-extremas-y-precipitaciones-2025x04x19-a-2.pdf
2025-04-19,060,PERALTA,AZUA,HOSP. MPAL. DE PERALTA,EMCO,32.9,19.6,0.0,https://indomet.gob.do/wp-content/uploads/2025/04/temperaturas-extremas-y-precipitaciones-2025x04x19-a-2.pdf
2025-04-19,061,PESCADERIA (EMA),BARAHONA,MINISTERIO DE AGRICULTURA,EMAP,34.6,22.5,0.0,https://indomet.gob.do/wp-content/uploads/2025/04/temperaturas-extremas-y-precipitaciones-2025x04x19-a-2.pdf
2025-04-19,062,PONTÓN ABAJO (EMA),LA VEGA,MINISTERIO DE AGRICULTURA,EMAP,30.3,20.9,0.0,https://indomet.gob.do/wp-content/uploads/2025/04/temperaturas-extremas-y-precipitaciones-2025x04x19-a-2.pdf
2025-04-19,063,RESTAURACIÓN,DAJABÓN,MINISTERIO DE AGRICULTURA,EMCO,22.3,16.5,0.0,https://indomet.gob.do/wp-content/uploads/2025/04/temperaturas-extremas-y-precipitaciones-2025x04x19-a-2.pdf
2025-04-19,064,SALCEDO,HERMANAS MIRABAL,PROPIEDAD DEL EMPLEADO,EMCO,,,0.0,https://indomet.gob.do/wp-content/uploads/2025/04/temperaturas-extremas-y-precipitaciones-2025x04x19-a-2.pdf
2025-04-19,065,SAN CRISTÓBAL,SAN CRISTÓBAL,INSTITUTO POLITÉCNICO LOYOLA,EMCO,31.2,22.0,0.0,https://indomet.gob.do/wp-content/uploads/2025/04/temperaturas-extremas-y-precipitaciones-2025x04x19-a-2.pdf
2025-04-19,066,SAN JOSÉ DE OCOA,SAN JOSÉ DE OCOA,HOSP. SAN JOSÉ DE OCOA,EMCO,30.2,18.1,0.0,https://indomet.gob.do/wp-content/uploads/2025/04/temperaturas-extremas-y-precipitaciones-2025x04x19-a-2.pdf
2025-04-19,067,SANTIAGO RODRÍGUEZ,SANTIAGO RODRÍGUEZ,ONAMET,EMCO,32.0,21.2,0.0,https://indomet.gob.do/wp-content/uploads/2025/04/temperaturas-extremas-y-precipitaciones-2025x04x19-a-2.pdf
2025-04-19,068,SANTO DOMINGO ESTE,SANTO DOMINGO,ONAMET,EMCO,32.4,24.4,0.0,https://indomet.gob.do/wp-content/uploads/2025/04/temperaturas-extremas-y-precipitaciones-2025x04x19-a-2.pdf
2025-04-19,069,TÁBARA ABAJO,AZUA,INDRHI,EMCO,33.5,19.0,0.0,https://indomet.gob.do/wp-content/uploads/2025/04/temperaturas-extremas-y-precipitaciones-2025x04x19-a-2.pdf
2025-04-19,070,VILLA GONZALES,SANTIAGO,MINISTERIO DE AGRICULTURA,EMCO,,,0.0,https://indomet.gob.do/wp-content/uploads/2025/04/temperaturas-extremas-y-precipitaciones-2025x04x19-a-2.pdf
2025-04-20,001,SABANA GRANDE DE BOYÁ,MONTE PLATA,MINISTERIO DE AGRICULTURA,EMCV,,,21.8,https://indomet.gob.do/wp-content/uploads/2025/04/temperaturas-extremas-y-precipitaciones-2025x04x20-a.pdf
2025-04-20,002,ARPT. ARROYO BARRIL,SAMANÁ,ONAMET,EMCO,30.0,21.2,8.3,https://indomet.gob.do/wp-content/uploads/2025/04/temperaturas-extremas-y-precipitaciones-2025x04x20-a.pdf
2025-04-20,003,SÁNCHEZ,SAMANÁ,MINISTERIO DE AGRICULTURA,EMCO,30.0,21.7,5.1,https://indomet.gob.do/wp-content/uploads/2025/04/temperaturas-extremas-y-precipitaciones-2025x04x20-a.pdf
2025-04-20,004,LUPERÓN,PUERTO PLATA,MINISTERIO DE AGRICULTURA,EMCV,,,4.9,https://indomet.gob.do/wp-content/uploads/2025/04/temperaturas-extremas-y-precipitaciones-2025x04x20-a.pdf
2025-04-20,005,ALTAMIRA,PUERTO PLATA,HOSP. MPAL. DE ALTAMIRA,EMCO,27.9,16.4,4.0,https://indomet.gob.do/wp-content/uploads/2025/04/temperaturas-extremas-y-precipitaciones-2025x04x20-a.pdf
2025-04-20,006,ANAMUYA (EMA),LA ALTAGRACIA,MINISTERIO DE AGRICULTURA,EMAP,29.4,23.3,2.8,https://indomet.gob.do/wp-content/uploads/2025/04/temperaturas-extremas-y-precipitaciones-2025x04x20-a.pdf
2025-04-20,007,CONSTANZA (EMA),LA VEGA,PROGRAMA MUNDIAL DE ALIMENTO,EMAP,22.4,8.4,2.8,https://indomet.gob.do/wp-content/uploads/2025/04/temperaturas-extremas-y-precipitaciones-2025x04x20-a.pdf
2025-04-20,008,TAVERA,SANTIAGO,INDRHI,EMCO,,,2.7,https://indomet.gob.do/wp-content/uploads/2025/04/temperaturas-extremas-y-precipitaciones-2025x04x20-a.pdf
2025-04-20,009,JUMA BEJUCAL,MONSEÑOR NOUEL,IDIAF,EMCV,29.2,18.0,2.6,https://indomet.gob.do/wp-content/uploads/2025/04/temperaturas-extremas-y-precipitaciones-2025x04x20-a.pdf
2025-04-20,010,TAMBORIL,SANTIAGO,MINISTERIO DE AGRICULTURA,EMCV,,,2.5,https://indomet.gob.do/wp-content/uploads/2025/04/temperaturas-extremas-y-precipitaciones-2025x04x20-a.pdf
2025-04-20,011,PALO ÍNDIO,PUERTO PLATA,MINISTERIO DE AGRICULTURA,EMCO,,,2.3,https://indomet.gob.do/wp-content/uploads/2025/04/temperaturas-extremas-y-precipitaciones-2025x04x20-a.pdf
2025-04-20,012,CONSTANZA,LA VEGA,MINISTERIO DE AGRICULTURA,EMCO,23.2,13.0,2.0,https://indomet.gob.do/wp-content/uploads/2025/04/temperaturas-extremas-y-precipitaciones-2025x04x20-a.pdf
2025-04-20,013,JARABACOA,LA VEGA,INDRHI / MARENA,EMCO,27.4,13.4,1.8,https://indomet.gob.do/wp-content/uploads/2025/04/temperaturas-extremas-y-precipitaciones-2025x04x20-a.pdf
2025-04-20,014,JARABACOA (EMA),LA VEGA,PROGRAMA MUNDIAL DE ALIMENTO,EMAP,27.5,14.1,1.8,https://indomet.gob.do/wp-content/uploads/2025/04/temperaturas-extremas-y-precipitaciones-2025x04x20-a.pdf
2025-04-20,015,PALMAR ABAJO (EMA),SANTIAGO,MINISTERIO DE AGRICULTURA,EMAP,,,1.8,https://indomet.gob.do/wp-content/uploads/2025/04/temperaturas-extremas-y-precipitaciones-2025x04x20-a.pdf
2025-04-20,016,SAMANÁ,SAMANÁ,COMANDANCIA DE PUERTO DE SAMANÁ,EMCO,30.3,19.0,1.4,https://indomet.gob.do/wp-content/uploads/2025/04/temperaturas-extremas-y-precipitaciones-2025x04x20-a.pdf
2025-04-20,017,VILLA RIVA,DUARTE,HOSP. MPAL. ALICIA DE LEGENDRE,EMCO,30.8,21.3,1.3,https://indomet.gob.do/wp-content/uploads/2025/04/temperaturas-extremas-y-precipitaciones-2025x04x20-a.pdf
2025-04-20,018,BONAO,MONSEÑOR NOUEL,MINISTERIO DE AGRICULTURA,EMCV,,,1.3,https://indomet.gob.do/wp-content/uploads/2025/04/temperaturas-extremas-y-precipitaciones-2025x04x20-a.pdf
2025-04-20,019,HATO MAYOR,HATO MAYOR,MINISTERIO DE AGRICULTURA,EMCV,,,1.0,https://indomet.gob.do/wp-content/uploads/2025/04/temperaturas-extremas-y-precipitaciones-2025x04x20-a.pdf
2025-04-20,020,PRESA DE TAVERAS (EMA),LA VEGA,PROGRAMA MUNDIAL DE ALIMENTO,EMAP,28.1,17.2,0.8,https://indomet.gob.do/wp-content/uploads/2025/04/temperaturas-extremas-y-precipitaciones-2025x04x20-a.pdf
2025-04-20,021,SAN FRANCISCO DE MACORÍS,DUARTE,San Francisco de Macorís (UASD),EMCO,30.3,18.3,0.8,https://indomet.gob.do/wp-content/uploads/2025/04/temperaturas-extremas-y-precipitaciones-2025x04x20-a.pdf
2025-04-20,022,RANCHO ARRIBA,SAN JOSÉ DE OCOA,CENTRO TECNOLÓGICO COMUNITARIO,EMCO,27.4,13.6,0.7,https://indomet.gob.do/wp-content/uploads/2025/04/temperaturas-extremas-y-precipitaciones-2025x04x20-a.pdf
2025-04-20,023,VILLA ISABELA,PUERTO PLATA,MINISTERIO DE AGRICULTURA,EMCV,,,0.6,https://indomet.gob.do/wp-content/uploads/2025/04/temperaturas-extremas-y-precipitaciones-2025x04x20-a.pdf
2025-04-20,024,ALTO BANDERA (EMA),LA VEGA,INTEC,EMAP,11.9,1.4,0.5,https://indomet.gob.do/wp-content/uploads/2025/04/temperaturas-extremas-y-precipitaciones-2025x04x20-a.pdf
2025-04-20,025,SABANA DE LA MAR,HATO MAYOR,ONAMET,EMCO,29.5,22.5,0.4,https://indomet.gob.do/wp-content/uploads/2025/04/temperaturas-extremas-y-precipitaciones-2025x04x20-a.pdf
2025-04-20,026,SABANETA (EMA),SANTIAGO RODRÍGUEZ,PROGRAMA MUNDIAL DE ALIMENTO,EMAP,32.5,17.7,0.4,https://indomet.gob.do/wp-content/uploads/2025/04/temperaturas-extremas-y-precipitaciones-2025x04x20-a.pdf
2025-04-20,027,BAYAGUANA,MONTE PLATA,ONAMET,EMCO,30.8,21.2,0.1,https://indomet.gob.do/wp-content/uploads/2025/04/temperaturas-extremas-y-precipitaciones-2025x04x20-a.pdf
2025-04-20,028,OLIVARES,PEDERNALES,INDRHI,EMCO,,,0.1,https://indomet.gob.do/wp-content/uploads/2025/04/temperaturas-extremas-y-precipitaciones-2025x04x20-a.pdf
2025-04-20,029,ARPT. DE LA ROMANA,LA ROMANA,ONAMET,EMCO,30.4,20.4,0.0,https://indomet.gob.do/wp-content/uploads/2025/04/temperaturas-extremas-y-precipitaciones-2025x04x20-a.pdf
2025-04-20,030,ARPT. DE LAS AMÉRICAS,SANTO DOMINGO,ONAMET,EMCO,31.0,21.8,0.0,https://indomet.gob.do/wp-content/uploads/2025/04/temperaturas-extremas-y-precipitaciones-2025x04x20-a.pdf
2025-04-20,031,ARPT. DE PUNTA CANA,LA ALTAGRACIA,ONAMET,EMCO,30.5,24.1,0.0,https://indomet.gob.do/wp-content/uploads/2025/04/temperaturas-extremas-y-precipitaciones-2025x04x20-a.pdf
2025-04-20,032,ARPT. DEL CIBAO,SANTIAGO,ONAMET,EMCO,30.3,21.5,0.0,https://indomet.gob.do/wp-content/uploads/2025/04/temperaturas-extremas-y-precipitaciones-2025x04x20-a.pdf
2025-04-20,033,ARPT. EL CATEY,SAMANÁ,ONAMET,EMCO,27.4,20.0,0.0,https://indomet.gob.do/wp-content/uploads/2025/04/temperaturas-extremas-y-precipitaciones-2025x04x20-a.pdf
2025-04-20,034,ARPT. GREGORIO LUPERÓN,PUERTO PLATA,ONAMET,EMCO,30.3,21.5,0.0,https://indomet.gob.do/wp-content/uploads/2025/04/temperaturas-extremas-y-precipitaciones-2025x04x20-a.pdf
2025-04-20,035,ARPT. LA ISABELA,SANTO DOMINGO,ONAMET,EMCO,32.0,22.0,0.0,https://indomet.gob.do/wp-content/uploads/2025/04/temperaturas-extremas-y-precipitaciones-2025x04x20-a.pdf
2025-04-20,036,ARPT. MARÍA MONTEZ,BARAHONA,ONAMET,EMCO,33.3,23.5,0.0,https://indomet.gob.do/wp-content/uploads/2025/04/temperaturas-extremas-y-precipitaciones-2025x04x20-a.pdf
2025-04-20,037,ARROYO LORO,SAN JUAN,IDIAF,EMCO,32.8,11.6,0.0,https://indomet.gob.do/wp-content/uploads/2025/04/temperaturas-extremas-y-precipitaciones-2025x04x20-a.pdf
2025-04-20,038,BOCA DE MAO (EMA),VALVERDE,MINISTERIO DE AGRICULTURA,EMAP,31.8,17.5,0.0,https://indomet.gob.do/wp-content/uploads/2025/04/temperaturas-extremas-y-precipitaciones-2025x04x20-a.pdf
2025-04-20,039,CABRAL,BARAHONA,MINISTERIO DE AGRICULTURA,EMCV,34.2,20.5,0.0,https://indomet.gob.do/wp-content/uploads/2025/04/temperaturas-extremas-y-precipitaciones-2025x04x20-a.pdf
2025-04-20,040,CABRERA,MARÍA TRINIDAD SÁNCHEZ,ESCUELA ARÍSTIDES FIALLO CABRAL,EMCO,30.2,23.5,0.0,https://indomet.gob.do/wp-content/uploads/2025/04/temperaturas-extremas-y-precipitaciones-2025x04x20-a.pdf
2025-04-20,041,CENTRO DE LOS HEROES (EMA),DISTRITO NACIONAL,MINISTERIO DE ENERGIA Y MINA,EMAP,31.9,22.8,0.0,https://indomet.gob.do/wp-content/uploads/2025/04/temperaturas-extremas-y-precipitaciones-2025x04x20-a.pdf
2025-04-20,042,DAJABÓN,DAJABÓN,INSTITUTO POLITÉCNICO LOYOLA,EMCO,34.2,20.0,0.0,https://indomet.gob.do/wp-content/uploads/2025/04/temperaturas-extremas-y-precipitaciones-2025x04x20-a.pdf
2025-04-20,043,EL CERCADO,SAN JUAN,MINISTERIO DE AGRICULTURA,EMCV,,,0.0,https://indomet.gob.do/wp-content/uploads/2025/04/temperaturas-extremas-y-precipitaciones-2025x04x20-a.pdf
2025-04-20,044,EL FACTOR (EMA),MARÍA TRINIDAD SÁNCHEZ,INTEC,EMAP,30.1,20.8,0.0,https://indomet.gob.do/wp-content/uploads/2025/04/temperaturas-extremas-y-precipitaciones-2025x04x20-a.pdf
2025-04-20,045,ELÍAS PIÑA,ELÍAS PIÑA,MINISTERIO DE AGRICULTURA,EMCV,,,0.0,https://indomet.gob.do/wp-content/uploads/2025/04/temperaturas-extremas-y-precipitaciones-2025x04x20-a.pdf
2025-04-20,046,ENRIQUILLO,BARAHONA,MINISTERIO DE AGRICULTURA,EMCV,32.0,21.0,0.0,https://indomet.gob.do/wp-content/uploads/2025/04/temperaturas-extremas-y-precipitaciones-2025x04x20-a.pdf
2025-04-20,047,ESCONDIDO,PERAVIA,MINISTERIO DE AGRICULTURA,EMCV,32.0,22.0,0.0,https://indomet.gob.do/wp-content/uploads/2025/04/temperaturas-extremas-y-precipitaciones-2025x04x20-a.pdf
2025-04-20,048,GURABO,SANTIAGO,MINISTERIO DE AGRICULTURA,EMCV,,,0.0,https://indomet.gob.do/wp-content/uploads/2025/04/temperaturas-extremas-y-precipitaciones-2025x04x20-a.pdf
2025-04-20,049,HONDO VALLE,ELÍAS PIÑA,MINISTERIO DE AGRICULTURA,EMCO,25.4,15.5,0.0,https://indomet.gob.do/wp-content/uploads/2025/04/temperaturas-extremas-y-precipitaciones-2025x04x20-a.pdf
2025-04-20,050,JARDÍN BOTÁNICO NACIONAL,DISTRITO NACIONAL,JARDÍN BOTÁNICO NACIONAL,EMCV,32.1,21.5,0.0,https://indomet.gob.do/wp-content/uploads/2025/04/temperaturas-extremas-y-precipitaciones-2025x04x20-a.pdf
2025-04-20,051,JIMANÍ,INDEPENDENCIA,MINISTERIO DE AGRICULTURA,EMCO,36.0,23.6,0.0,https://indomet.gob.do/wp-content/uploads/2025/04/temperaturas-extremas-y-precipitaciones-2025x04x20-a.pdf
2025-04-20,052,LA VEGA,LA VEGA,IATESA,EMCO,30.5,18.5,0.0,https://indomet.gob.do/wp-content/uploads/2025/04/temperaturas-extremas-y-precipitaciones-2025x04x20-a.pdf
2025-04-20,053,LA VICTORIA,SANTO DOMINGO,CUERPO DE BOMBEROS,EMCO,32.3,20.0,0.0,https://indomet.gob.do/wp-content/uploads/2025/04/temperaturas-extremas-y-precipitaciones-2025x04x20-a.pdf
2025-04-20,054,LAS CANAS (EMA),MONTE CRISTI,PROGRAMA MUNDIAL DE ALIMENTO,EMAP,26.8,18.5,0.0,https://indomet.gob.do/wp-content/uploads/2025/04/temperaturas-extremas-y-precipitaciones-2025x04x20-a.pdf
2025-04-20,055,LAS MATAS DE SANTA CRUZ,MONTE CRISTI,INDRHI,EMCV,,,0.0,https://indomet.gob.do/wp-content/uploads/2025/04/temperaturas-extremas-y-precipitaciones-2025x04x20-a.pdf
2025-04-20,056,LAS MATAS DE SANTA CRUZ (EMA,MONTE CRISTI,PROGRAMA MUNDIAL DE ALIMENTO,EMAP,30.4,18.8,0.0,https://indomet.gob.do/wp-content/uploads/2025/04/temperaturas-extremas-y-precipitaciones-2025x04x20-a.pdf
2025-04-20,057,LOS JENGIBRES,NAGUA,INDRHI,EMCO,,,0.0,https://indomet.gob.do/wp-content/uploads/2025/04/temperaturas-extremas-y-precipitaciones-2025x04x20-a.pdf
2025-04-20,058,MAO,VALVERDE,INDRHI / MINISTERIO DE AGRICULTURA,EMCV,,,0.0,https://indomet.gob.do/wp-content/uploads/2025/04/temperaturas-extremas-y-precipitaciones-2025x04x20-a.pdf
2025-04-20,059,MONCIÓN (EMA),SANTIAGO RODRÍGUEZ,PROGRAMA MUNDIAL DE ALIMENTO,EMAP,29.1,15.6,0.0,https://indomet.gob.do/wp-content/uploads/2025/04/temperaturas-extremas-y-precipitaciones-2025x04x20-a.pdf
2025-04-20,060,MONTE CRISTI,MONTE CRISTI,ONAMET,EMCO,31.0,22.1,0.0,https://indomet.gob.do/wp-content/uploads/2025/04/temperaturas-extremas-y-precipitaciones-2025x04x20-a.pdf
2025-04-20,061,NAVARRETE,SANTIAGO,MINISTERIO DE AGRICULTURA,EMCV,,,0.0,https://indomet.gob.do/wp-content/uploads/2025/04/temperaturas-extremas-y-precipitaciones-2025x04x20-a.pdf
2025-04-20,062,PADRE LAS CASAS,AZUA,HOSP. NTRA. SRA. DEL CARMEN,EMCO,34.0,14.8,0.0,https://indomet.gob.do/wp-content/uploads/2025/04/temperaturas-extremas-y-precipitaciones-2025x04x20-a.pdf
2025-04-20,063,PASO AL MEDIO,SAN PEDRO DE MACORÍS,INDRHI,EMCO,,,0.0,https://indomet.gob.do/wp-content/uploads/2025/04/temperaturas-extremas-y-precipitaciones-2025x04x20-a.pdf
2025-04-20,064,PEDERNALES,PEDERNALES,INDRHI,EMCO,,,0.0,https://indomet.gob.do/wp-content/uploads/2025/04/temperaturas-extremas-y-precipitaciones-2025x04x20-a.pdf
2025-04-20,065,PERALTA,AZUA,HOSP. MPAL. DE PERALTA,EMCO,33.1,20.0,0.0,https://indomet.gob.do/wp-content/uploads/2025/04/temperaturas-extremas-y-precipitaciones-2025x04x20-a.pdf
2025-04-20,066,PESCADERIA (EMA),BARAHONA,MINISTERIO DE AGRICULTURA,EMAP,33.7,22.0,0.0,https://indomet.gob.do/wp-content/uploads/2025/04/temperaturas-extremas-y-precipitaciones-2025x04x20-a.pdf
2025-04-20,067,POLO,BARAHONA,INDOCAFE,EMCO,29.5,14.0,0.0,https://indomet.gob.do/wp-content/uploads/2025/04/temperaturas-extremas-y-precipitaciones-2025x04x20-a.pdf
2025-04-20,068,PONTÓN ABAJO (EMA),LA VEGA,MINISTERIO DE AGRICULTURA,EMAP,30.5,19.8,0.0,https://indomet.gob.do/wp-content/uploads/2025/04/temperaturas-extremas-y-precipitaciones-2025x04x20-a.pdf
2025-04-20,069,RESTAURACIÓN,DAJABÓN,MINISTERIO DE AGRICULTURA,EMCO,20.8,15.1,0.0,https://indomet.gob.do/wp-content/uploads/2025/04/temperaturas-extremas-y-precipitaciones-2025x04x20-a.pdf
2025-04-20,070,RÍO SAN JUAN,MARÍA TRINIDAD SÁNCHEZ,HOSP. MPAL. DR. DESIDERIO ACOSTA,EMCV,29.5,21.0,0.0,https://indomet.gob.do/wp-content/uploads/2025/04/temperaturas-extremas-y-precipitaciones-2025x04x20-a.pdf
2025-04-20,071,SALCEDO,HERMANAS MIRABAL,PROPIEDAD DEL EMPLEADO,EMCO,,,0.0,https://indomet.gob.do/wp-content/uploads/2025/04/temperaturas-extremas-y-precipitaciones-2025x04x20-a.pdf
2025-04-20,072,SAN CRISTÓBAL,SAN CRISTÓBAL,INSTITUTO POLITÉCNICO LOYOLA,EMCO,32.0,23.2,0.0,https://indomet.gob.do/wp-content/uploads/2025/04/temperaturas-extremas-y-precipitaciones-2025x04x20-a.pdf
2025-04-20,073,SAN JOSÉ DE OCOA,SAN JOSÉ DE OCOA,HOSP. SAN JOSÉ DE OCOA,EMCO,29.4,15.1,0.0,https://indomet.gob.do/wp-content/uploads/2025/04/temperaturas-extremas-y-precipitaciones-2025x04x20-a.pdf
2025-04-20,074,SAN RAFAEL DEL YUMA,LA ALTAGRACIA,MINISTERIO DE AGRICULTURA,EMCO,31.7,20.0,0.0,https://indomet.gob.do/wp-content/uploads/2025/04/temperaturas-extremas-y-precipitaciones-2025x04x20-a.pdf
2025-04-20,075,SANTIAGO RODRÍGUEZ,SANTIAGO RODRÍGUEZ,ONAMET,EMCO,32.5,18.0,0.0,https://indomet.gob.do/wp-content/uploads/2025/04/temperaturas-extremas-y-precipitaciones-2025x04x20-a.pdf
2025-04-20,076,SANTO DOMINGO ESTE,SANTO DOMINGO,ONAMET,EMCO,32.5,23.5,0.0,https://indomet.gob.do/wp-content/uploads/2025/04/temperaturas-extremas-y-precipitaciones-2025x04x20-a.pdf
2025-04-20,077,TÁBARA ABAJO,AZUA,INDRHI,EMCO,34.5,20.5,0.0,https://indomet.gob.do/wp-content/uploads/2025/04/temperaturas-extremas-y-precipitaciones-2025x04x20-a.pdf
2025-04-20,078,VALLE NUEVO (EMA),LA VEGA,MARENA,EMAO,15.9,10.2,0.0,https://indomet.gob.do/wp-content/uploads/2025/04/temperaturas-extremas-y-precipitaciones-2025x04x20-a.pdf
2025-04-20,079,VILLA GONZALES,SANTIAGO,MINISTERIO DE AGRICULTURA,EMCO,,,0.0,https://indomet.gob.do/wp-content/uploads/2025/04/temperaturas-extremas-y-precipitaciones-2025x04x20-a.pdf
2025-04-21,001,SAMANÁ,SAMANÁ,COMANDANCIA DE PUERTO DE SAMANÁ,EMCO,28.5,20.0,9.6,https://indomet.gob.do/wp-content/uploads/2025/04/temperaturas-extremas-y-precipitaciones-2025x04x21-a.pdf
2025-04-21,002,ARPT. DE PUNTA CANA,LA ALTAGRACIA,ONAMET,EMCO,29.0,22.0,4.4,https://indomet.gob.do/wp-content/uploads/2025/04/temperaturas-extremas-y-precipitaciones-2025x04x21-a.pdf
2025-04-21,003,SÁNCHEZ,SAMANÁ,MINISTERIO DE AGRICULTURA,EMCO,28.2,21.0,4.2,https://indomet.gob.do/wp-content/uploads/2025/04/temperaturas-extremas-y-precipitaciones-2025x04x21-a.pdf
2025-04-21,004,HATO MAYOR,HATO MAYOR,MINISTERIO DE AGRICULTURA,EMCV,,,3.6,https://indomet.gob.do/wp-content/uploads/2025/04/temperaturas-extremas-y-precipitaciones-2025x04x21-a.pdf
2025-04-21,005,ARPT. ARROYO BARRIL,SAMANÁ,ONAMET,EMCO,28.0,19.0,2.0,https://indomet.gob.do/wp-content/uploads/2025/04/temperaturas-extremas-y-precipitaciones-2025x04x21-a.pdf
2025-04-21,006,ARPT. EL CATEY,SAMANÁ,ONAMET,EMCO,28.6,22.0,2.0,https://indomet.gob.do/wp-content/uploads/2025/04/temperaturas-extremas-y-precipitaciones-2025x04x21-a.pdf
2025-04-21,007,LOS LLANOS,SAN PEDRO DE MACORÍS,MINISTERIO DE AGRICULTURA,EMCO,29.8,19.9,1.0,https://indomet.gob.do/wp-content/uploads/2025/04/temperaturas-extremas-y-precipitaciones-2025x04x21-a.pdf
2025-04-21,008,SABANA DE LA MAR,HATO MAYOR,ONAMET,EMCO,28.5,21.5,1.0,https://indomet.gob.do/wp-content/uploads/2025/04/temperaturas-extremas-y-precipitaciones-2025x04x21-a.pdf
2025-04-21,009,PRESA DE TAVERAS (EMA),LA VEGA,PROGRAMA MUNDIAL DE ALIMENTO,EMAP,20.1,17.7,0.8,https://indomet.gob.do/wp-content/uploads/2025/04/temperaturas-extremas-y-precipitaciones-2025x04x21-a.pdf
2025-04-21,010,SABANETA (EMA),SANTIAGO RODRÍGUEZ,PROGRAMA MUNDIAL DE ALIMENTO,EMAP,31.4,18.6,0.4,https://indomet.gob.do/wp-content/uploads/2025/04/temperaturas-extremas-y-precipitaciones-2025x04x21-a.pdf
2025-04-21,011,ARPT. DE LAS AMÉRICAS,SANTO DOMINGO,ONAMET,EMCO,29.2,20.2,0.1,https://indomet.gob.do/wp-content/uploads/2025/04/temperaturas-extremas-y-precipitaciones-2025x04x21-a.pdf
2025-04-21,012,BAYAGUANA,MONTE PLATA,ONAMET,EMCO,29.2,20.2,0.1,https://indomet.gob.do/wp-content/uploads/2025/04/temperaturas-extremas-y-precipitaciones-2025x04x21-a.pdf
2025-04-21,013,VILLA RIVA,DUARTE,HOSP. MPAL. ALICIA DE LEGENDRE,EMCO,29.0,20.0,0.1,https://indomet.gob.do/wp-content/uploads/2025/04/temperaturas-extremas-y-precipitaciones-2025x04x21-a.pdf
2025-04-21,014,ALTAMIRA,PUERTO PLATA,HOSP. MPAL. DE ALTAMIRA,EMCO,27.0,18.6,0.0,https://indomet.gob.do/wp-content/uploads/2025/04/temperaturas-extremas-y-precipitaciones-2025x04x21-a.pdf
2025-04-21,015,ANAMUYA (EMA),LA ALTAGRACIA,MINISTERIO DE AGRICULTURA,EMAP,28.1,21.9,0.0,https://indomet.gob.do/wp-content/uploads/2025/04/temperaturas-extremas-y-precipitaciones-2025x04x21-a.pdf
2025-04-21,016,ARPT. DE LA ROMANA,LA ROMANA,ONAMET,EMCO,29.3,18.8,0.0,https://indomet.gob.do/wp-content/uploads/2025/04/temperaturas-extremas-y-precipitaciones-2025x04x21-a.pdf
2025-04-21,017,ARPT. DEL CIBAO,SANTIAGO,ONAMET,EMCO,29.0,16.6,0.0,https://indomet.gob.do/wp-content/uploads/2025/04/temperaturas-extremas-y-precipitaciones-2025x04x21-a.pdf
2025-04-21,018,ARPT. GREGORIO LUPERÓN,PUERTO PLATA,ONAMET,EMCO,28.7,19.5,0.0,https://indomet.gob.do/wp-content/uploads/2025/04/temperaturas-extremas-y-precipitaciones-2025x04x21-a.pdf
2025-04-21,019,ARPT. LA ISABELA,SANTO DOMINGO,ONAMET,EMCO,31.4,21.0,0.0,https://indomet.gob.do/wp-content/uploads/2025/04/temperaturas-extremas-y-precipitaciones-2025x04x21-a.pdf
2025-04-21,020,ARPT. MARÍA MONTEZ,BARAHONA,ONAMET,EMCO,33.0,23.1,0.0,https://indomet.gob.do/wp-content/uploads/2025/04/temperaturas-extremas-y-precipitaciones-2025x04x21-a.pdf
2025-04-21,021,ARROYO LORO,SAN JUAN,IDIAF,EMCO,32.4,15.0,0.0,https://indomet.gob.do/wp-content/uploads/2025/04/temperaturas-extremas-y-precipitaciones-2025x04x21-a.pdf
2025-04-21,022,BOCA DE MAO (EMA),VALVERDE,MINISTERIO DE AGRICULTURA,EMAP,30.3,18.3,0.0,https://indomet.gob.do/wp-content/uploads/2025/04/temperaturas-extremas-y-precipitaciones-2025x04x21-a.pdf
2025-04-21,023,BONAO,MONSEÑOR NOUEL,MINISTERIO DE AGRICULTURA,EMCV,,,0.0,https://indomet.gob.do/wp-content/uploads/2025/04/temperaturas-extremas-y-precipitaciones-2025x04x21-a.pdf
2025-04-21,024,CABRAL,BARAHONA,MINISTERIO DE AGRICULTURA,EMCV,33.8,18.3,0.0,https://indomet.gob.do/wp-content/uploads/2025/04/temperaturas-extremas-y-precipitaciones-2025x04x21-a.pdf
2025-04-21,025,CABRERA,MARÍA TRINIDAD SÁNCHEZ,ESCUELA ARÍSTIDES FIALLO CABRAL,EMCO,30.2,23.5,0.0,https://indomet.gob.do/wp-content/uploads/2025/04/temperaturas-extremas-y-precipitaciones-2025x04x21-a.pdf
2025-04-21,026,CENTRO DE LOS HEROES (EMA),DISTRITO NACIONAL,MINISTERIO DE ENERGIA Y MINA,EMAP,30.3,22.9,0.0,https://indomet.gob.do/wp-content/uploads/2025/04/temperaturas-extremas-y-precipitaciones-2025x04x21-a.pdf
2025-04-21,027,CONSTANZA,LA VEGA,MINISTERIO DE AGRICULTURA,EMCO,23.3,14.0,0.0,https://indomet.gob.do/wp-content/uploads/2025/04/temperaturas-extremas-y-precipitaciones-2025x04x21-a.pdf
2025-04-21,028,CONSTANZA (EMA),LA VEGA,PROGRAMA MUNDIAL DE ALIMENTO,EMAP,22.5,14.1,0.0,https://indomet.gob.do/wp-content/uploads/2025/04/temperaturas-extremas-y-precipitaciones-2025x04x21-a.pdf
2025-04-21,029,DAJABÓN,DAJABÓN,INSTITUTO POLITÉCNICO LOYOLA,EMCO,33.7,19.4,0.0,https://indomet.gob.do/wp-content/uploads/2025/04/temperaturas-extremas-y-precipitaciones-2025x04x21-a.pdf
2025-04-21,030,EL FACTOR (EMA),MARÍA TRINIDAD SÁNCHEZ,INTEC,EMAP,29.2,21.2,0.0,https://indomet.gob.do/wp-content/uploads/2025/04/temperaturas-extremas-y-precipitaciones-2025x04x21-a.pdf
2025-04-21,031,EL SEIBO,EL SEIBO,MINISTERIO DE AGRICULTURA,EMCV,,,0.0,https://indomet.gob.do/wp-content/uploads/2025/04/temperaturas-extremas-y-precipitaciones-2025x04x21-a.pdf
2025-04-21,032,ELÍAS PIÑA,ELÍAS PIÑA,MINISTERIO DE AGRICULTURA,EMCV,,,0.0,https://indomet.gob.do/wp-content/uploads/2025/04/temperaturas-extremas-y-precipitaciones-2025x04x21-a.pdf
2025-04-21,033,ENRIQUILLO,BARAHONA,MINISTERIO DE AGRICULTURA,EMCV,31.8,21.0,0.0,https://indomet.gob.do/wp-content/uploads/2025/04/temperaturas-extremas-y-precipitaciones-2025x04x21-a.pdf
2025-04-21,034,ESCONDIDO,PERAVIA,MINISTERIO DE AGRICULTURA,EMCV,32.0,22.0,0.0,https://indomet.gob.do/wp-content/uploads/2025/04/temperaturas-extremas-y-precipitaciones-2025x04x21-a.pdf
2025-04-21,035,GASPAR HERNÁNDEZ,ESPAILLAT,PROPIEDAD DEL EMPLEADO,EMCO,,,0.0,https://indomet.gob.do/wp-content/uploads/2025/04/temperaturas-extremas-y-precipitaciones-2025x04x21-a.pdf
2025-04-21,036,GURABO,SANTIAGO,MINISTERIO DE AGRICULTURA,EMCV,,,0.0,https://indomet.gob.do/wp-content/uploads/2025/04/temperaturas-extremas-y-precipitaciones-2025x04x21-a.pdf
2025-04-21,037,HONDO VALLE,ELÍAS PIÑA,MINISTERIO DE AGRICULTURA,EMCO,25.2,15.0,0.0,https://indomet.gob.do/wp-content/uploads/2025/04/temperaturas-extremas-y-precipitaciones-2025x04x21-a.pdf
2025-04-21,038,JARABACOA,LA VEGA,INDRHI / MARENA,EMCO,27.0,14.0,0.0,https://indomet.gob.do/wp-content/uploads/2025/04/temperaturas-extremas-y-precipitaciones-2025x04x21-a.pdf
2025-04-21,039,JARABACOA (EMA),LA VEGA,PROGRAMA MUNDIAL DE ALIMENTO,EMAP,26.6,16.5,0.0,https://indomet.gob.do/wp-content/uploads/2025/04/temperaturas-extremas-y-precipitaciones-2025x04x21-a.pdf
2025-04-21,040,JARDÍN BOTÁNICO NACIONAL,DISTRITO NACIONAL,JARDÍN BOTÁNICO NACIONAL,EMCV,31.5,20.3,0.0,https://indomet.gob.do/wp-content/uploads/2025/04/temperaturas-extremas-y-precipitaciones-2025x04x21-a.pdf
2025-04-21,041,JIMANÍ,INDEPENDENCIA,MINISTERIO DE AGRICULTURA,EMCO,34.6,22.8,0.0,https://indomet.gob.do/wp-content/uploads/2025/04/temperaturas-extremas-y-precipitaciones-2025x04x21-a.pdf
2025-04-21,042,JUMA BEJUCAL,MONSEÑOR NOUEL,IDIAF,EMCV,28.6,17.8,0.0,https://indomet.gob.do/wp-content/uploads/2025/04/temperaturas-extremas-y-precipitaciones-2025x04x21-a.pdf
2025-04-21,043,LA VEGA,LA VEGA,IATESA,EMCO,29.5,19.5,0.0,https://indomet.gob.do/wp-content/uploads/2025/04/temperaturas-extremas-y-precipitaciones-2025x04x21-a.pdf
2025-04-21,044,LA VICTORIA,SANTO DOMINGO,CUERPO DE BOMBEROS,EMCO,30.0,20.5,0.0,https://indomet.gob.do/wp-content/uploads/2025/04/temperaturas-extremas-y-precipitaciones-2025x04x21-a.pdf
2025-04-21,045,LAS CANAS (EMA),MONTE CRISTI,PROGRAMA MUNDIAL DE ALIMENTO,EMAP,25.8,20.7,0.0,https://indomet.gob.do/wp-content/uploads/2025/04/temperaturas-extremas-y-precipitaciones-2025x04x21-a.pdf
2025-04-21,046,LAS MATAS DE SANTA CRUZ (EMA,MONTE CRISTI,PROGRAMA MUNDIAL DE ALIMENTO,EMAP,27.7,18.9,0.0,https://indomet.gob.do/wp-content/uploads/2025/04/temperaturas-extremas-y-precipitaciones-2025x04x21-a.pdf
2025-04-21,047,LOS JENGIBRES,NAGUA,INDRHI,EMCO,,,0.0,https://indomet.gob.do/wp-content/uploads/2025/04/temperaturas-extremas-y-precipitaciones-2025x04x21-a.pdf
2025-04-21,048,MAO,VALVERDE,INDRHI / MINISTERIO DE AGRICULTURA,EMCV,,,0.0,https://indomet.gob.do/wp-content/uploads/2025/04/temperaturas-extremas-y-precipitaciones-2025x04x21-a.pdf
2025-04-21,049,MOCA,ESPAILLAT,MINISTERIO DE AGRICULTURA,EMCV,,,0.0,https://indomet.gob.do/wp-content/uploads/2025/04/temperaturas-extremas-y-precipitaciones-2025x04x21-a.pdf
2025-04-21,050,MONCIÓN (EMA),SANTIAGO RODRÍGUEZ,PROGRAMA MUNDIAL DE ALIMENTO,EMAP,28.5,17.1,0.0,https://indomet.gob.do/wp-content/uploads/2025/04/temperaturas-extremas-y-precipitaciones-2025x04x21-a.pdf
2025-04-21,051,MONTE CRISTI,MONTE CRISTI,ONAMET,EMCO,30.2,20.5,0.0,https://indomet.gob.do/wp-content/uploads/2025/04/temperaturas-extremas-y-precipitaciones-2025x04x21-a.pdf
2025-04-21,052,NAVARRETE,SANTIAGO,MINISTERIO DE AGRICULTURA,EMCV,,,0.0,https://indomet.gob.do/wp-content/uploads/2025/04/temperaturas-extremas-y-precipitaciones-2025x04x21-a.pdf
2025-04-21,053,OLIVARES,PEDERNALES,INDRHI,EMCO,,,0.0,https://indomet.gob.do/wp-content/uploads/2025/04/temperaturas-extremas-y-precipitaciones-2025x04x21-a.pdf
2025-04-21,054,OVIEDO,PEDERNALES,CLÍNICA RURAL OVIEDO,EMCO,32.3,18.5,0.0,https://indomet.gob.do/wp-content/uploads/2025/04/temperaturas-extremas-y-precipitaciones-2025x04x21-a.pdf
2025-04-21,055,PADRE LAS CASAS,AZUA,HOSP. NTRA. SRA. DEL CARMEN,EMCO,34.7,15.7,0.0,https://indomet.gob.do/wp-content/uploads/2025/04/temperaturas-extremas-y-precipitaciones-2025x04x21-a.pdf
2025-04-21,056,PALO ÍNDIO,PUERTO PLATA,MINISTERIO DE AGRICULTURA,EMCO,,,0.0,https://indomet.gob.do/wp-content/uploads/2025/04/temperaturas-extremas-y-precipitaciones-2025x04x21-a.pdf
2025-04-21,057,PARQUE MIRADOR SUR,DISTRITO NACIONAL,AYUNTAMIENTO,EMCV,32.2,21.3,0.0,https://indomet.gob.do/wp-content/uploads/2025/04/temperaturas-extremas-y-precipitaciones-2025x04x21-a.pdf
2025-04-21,058,PASO AL MEDIO,SAN PEDRO DE MACORÍS,INDRHI,EMCO,,,0.0,https://indomet.gob.do/wp-content/uploads/2025/04/temperaturas-extremas-y-precipitaciones-2025x04x21-a.pdf
2025-04-21,059,PEDERNALES,PEDERNALES,INDRHI,EMCO,,,0.0,https://indomet.gob.do/wp-content/uploads/2025/04/temperaturas-extremas-y-precipitaciones-2025x04x21-a.pdf
2025-04-21,060,PERALTA,AZUA,HOSP. MPAL. DE PERALTA,EMCO,31.5,14.2,0.0,https://indomet.gob.do/wp-content/uploads/2025/04/temperaturas-extremas-y-precipitaciones-2025x04x21-a.pdf
2025-04-21,061,PESCADERIA (EMA),BARAHONA,MINISTERIO DE AGRICULTURA,EMAP,33.0,22.9,0.0,https://indomet.gob.do/wp-content/uploads/2025/04/temperaturas-extremas-y-precipitaciones-2025x04x21-a.pdf
2025-04-21,062,POLO,BARAHONA,INDOCAFE,EMCO,28.5,12.9,0.0,https://indomet.gob.do/wp-content/uploads/2025/04/temperaturas-extremas-y-precipitaciones-2025x04x21-a.pdf
2025-04-21,063,PONTÓN ABAJO (EMA),LA VEGA,MINISTERIO DE AGRICULTURA,EMAP,30.9,20.4,0.0,https://indomet.gob.do/wp-content/uploads/2025/04/temperaturas-extremas-y-precipitaciones-2025x04x21-a.pdf
2025-04-21,064,RANCHO ARRIBA,SAN JOSÉ DE OCOA,CENTRO TECNOLÓGICO COMUNITARIO,EMCO,27.1,15.7,0.0,https://indomet.gob.do/wp-content/uploads/2025/04/temperaturas-extremas-y-precipitaciones-2025x04x21-a.pdf
2025-04-21,065,RÍO SAN JUAN,MARÍA TRINIDAD SÁNCHEZ,HOSP. MPAL. DR. DESIDERIO ACOSTA,EMCV,28.5,24.3,0.0,https://indomet.gob.do/wp-content/uploads/2025/04/temperaturas-extremas-y-precipitaciones-2025x04x21-a.pdf
2025-04-21,066,SALCEDO,HERMANAS MIRABAL,PROPIEDAD DEL EMPLEADO,EMCO,,,0.0,https://indomet.gob.do/wp-content/uploads/2025/04/temperaturas-extremas-y-precipitaciones-2025x04x21-a.pdf
2025-04-21,067,SAN CRISTÓBAL,SAN CRISTÓBAL,INSTITUTO POLITÉCNICO LOYOLA,EMCO,32.0,21.0,0.0,https://indomet.gob.do/wp-content/uploads/2025/04/temperaturas-extremas-y-precipitaciones-2025x04x21-a.pdf
2025-04-21,068,SAN JOSÉ DE OCOA,SAN JOSÉ DE OCOA,HOSP. SAN JOSÉ DE OCOA,EMCO,29.5,16.2,0.0,https://indomet.gob.do/wp-content/uploads/2025/04/temperaturas-extremas-y-precipitaciones-2025x04x21-a.pdf
2025-04-21,069,SANTIAGO RODRÍGUEZ,SANTIAGO RODRÍGUEZ,ONAMET,EMCO,31.5,19.8,0.0,https://indomet.gob.do/wp-content/uploads/2025/04/temperaturas-extremas-y-precipitaciones-2025x04x21-a.pdf
2025-04-21,070,SANTO DOMINGO ESTE,SANTO DOMINGO,ONAMET,EMCO,31.1,22.0,0.0,https://indomet.gob.do/wp-content/uploads/2025/04/temperaturas-extremas-y-precipitaciones-2025x04x21-a.pdf
2025-04-21,071,TÁBARA ABAJO,AZUA,INDRHI,EMCO,34.5,19.0,0.0,https://indomet.gob.do/wp-content/uploads/2025/04/temperaturas-extremas-y-precipitaciones-2025x04x21-a.pdf
2025-04-21,072,VALLE NUEVO (EMA),LA VEGA,MARENA,EMAO,18.1,10.4,0.0,https://indomet.gob.do/wp-content/uploads/2025/04/temperaturas-extremas-y-precipitaciones-2025x04x21-a.pdf
2025-04-21,073,VILLA GONZALES,SANTIAGO,MINISTERIO DE AGRICULTURA,EMCO,,,0.0,https://indomet.gob.do/wp-content/uploads/2025/04/temperaturas-extremas-y-precipitaciones-2025x04x21-a.pdf
2025-04-21,074,VILLA ISABELA,PUERTO PLATA,MINISTERIO DE AGRICULTURA,EMCV,,,0.0,https://indomet.gob.do/wp-content/uploads/2025/04/temperaturas-extremas-y-precipitaciones-2025x04x21-a.pdf
2025-04-21,075,ALTO BANDERA (EMA),LA VEGA,INTEC,EMAP,15.1,4.1,0.0,https://indomet.gob.do/wp-content/uploads/2025/04/temperaturas-extremas-y-precipitaciones-2025x04x21-a.pdf
2025-04-22,001,SAMANÁ,SAMANÁ,COMANDANCIA DE PUERTO DE SAMANÁ,EMCO,27.0,18.0,48.6,https://indomet.gob.do/wp-content/uploads/2025/04/temperaturas-extremas-y-precipitaciones-2025x04x22-a.pdf
2025-04-22,002,SÁNCHEZ,SAMANÁ,MINISTERIO DE AGRICULTURA,EMCO,26.8,19.3,22.8,https://indomet.gob.do/wp-content/uploads/2025/04/temperaturas-extremas-y-precipitaciones-2025x04x22-a.pdf
2025-04-22,003,SABANA DE LA MAR,HATO MAYOR,ONAMET,EMCO,27.0,19.5,22.1,https://indomet.gob.do/wp-content/uploads/2025/04/temperaturas-extremas-y-precipitaciones-2025x04x22-a.pdf
2025-04-22,004,ARPT. GREGORIO LUPERÓN,PUERTO PLATA,ONAMET,EMCO,28.5,20.0,18.6,https://indomet.gob.do/wp-content/uploads/2025/04/temperaturas-extremas-y-precipitaciones-2025x04x22-a.pdf
2025-04-22,005,LUPERÓN,PUERTO PLATA,MINISTERIO DE AGRICULTURA,EMCV,,,18.0,https://indomet.gob.do/wp-content/uploads/2025/04/temperaturas-extremas-y-precipitaciones-2025x04x22-a.pdf
2025-04-22,006,GASPAR HERNÁNDEZ,ESPAILLAT,PROPIEDAD DEL EMPLEADO,EMCO,,,17.8,https://indomet.gob.do/wp-content/uploads/2025/04/temperaturas-extremas-y-precipitaciones-2025x04x22-a.pdf
2025-04-22,007,VILLA ISABELA,PUERTO PLATA,MINISTERIO DE AGRICULTURA,EMCV,,,12.2,https://indomet.gob.do/wp-content/uploads/2025/04/temperaturas-extremas-y-precipitaciones-2025x04x22-a.pdf
2025-04-22,008,LOS LLANOS,SAN PEDRO DE MACORÍS,MINISTERIO DE AGRICULTURA,EMCO,27.0,19.4,11.7,https://indomet.gob.do/wp-content/uploads/2025/04/temperaturas-extremas-y-precipitaciones-2025x04x22-a.pdf
2025-04-22,009,PALO ÍNDIO,PUERTO PLATA,MINISTERIO DE AGRICULTURA,EMCO,,,11.4,https://indomet.gob.do/wp-content/uploads/2025/04/temperaturas-extremas-y-precipitaciones-2025x04x22-a.pdf
2025-04-22,010,ARPT. ARROYO BARRIL,SAMANÁ,ONAMET,EMCO,26.5,20.4,11.2,https://indomet.gob.do/wp-content/uploads/2025/04/temperaturas-extremas-y-precipitaciones-2025x04x22-a.pdf
2025-04-22,011,RÍO SAN JUAN,MARÍA TRINIDAD SÁNCHEZ,HOSP. MPAL. DR. DESIDERIO ACOSTA,EMCV,29.3,21.0,11.2,https://indomet.gob.do/wp-content/uploads/2025/04/temperaturas-extremas-y-precipitaciones-2025x04x22-a.pdf
2025-04-22,012,ALTAMIRA,PUERTO PLATA,HOSP. MPAL. DE ALTAMIRA,EMCO,28.7,19.6,7.0,https://indomet.gob.do/wp-content/uploads/2025/04/temperaturas-extremas-y-precipitaciones-2025x04x22-a.pdf
2025-04-22,013,MOCA,ESPAILLAT,MINISTERIO DE AGRICULTURA,EMCV,,,7.0,https://indomet.gob.do/wp-content/uploads/2025/04/temperaturas-extremas-y-precipitaciones-2025x04x22-a.pdf
2025-04-22,014,SALCEDO,HERMANAS MIRABAL,PROPIEDAD DEL EMPLEADO,EMCO,,,6.8,https://indomet.gob.do/wp-content/uploads/2025/04/temperaturas-extremas-y-precipitaciones-2025x04x22-a.pdf
2025-04-22,015,VILLA RIVA,DUARTE,HOSP. MPAL. ALICIA DE LEGENDRE,EMCO,28.5,19.5,6.3,https://indomet.gob.do/wp-content/uploads/2025/04/temperaturas-extremas-y-precipitaciones-2025x04x22-a.pdf
2025-04-22,016,LAS MATAS DE SANTA CRUZ (EMA,MONTE CRISTI,PROGRAMA MUNDIAL DE ALIMENTO,EMAP,29.0,21.6,5.8,https://indomet.gob.do/wp-content/uploads/2025/04/temperaturas-extremas-y-precipitaciones-2025x04x22-a.pdf
2025-04-22,017,GURABO,SANTIAGO,MINISTERIO DE AGRICULTURA,EMCV,,,5.3,https://indomet.gob.do/wp-content/uploads/2025/04/temperaturas-extremas-y-precipitaciones-2025x04x22-a.pdf
2025-04-22,018,NAVARRETE,SANTIAGO,MINISTERIO DE AGRICULTURA,EMCV,,,5.1,https://indomet.gob.do/wp-content/uploads/2025/04/temperaturas-extremas-y-precipitaciones-2025x04x22-a.pdf
2025-04-22,019,VILLA GONZALES,SANTIAGO,MINISTERIO DE AGRICULTURA,EMCO,,,5.1,https://indomet.gob.do/wp-content/uploads/2025/04/temperaturas-extremas-y-precipitaciones-2025x04x22-a.pdf
2025-04-22,020,BAYAGUANA,MONTE PLATA,ONAMET,EMCO,28.6,20.0,4.7,https://indomet.gob.do/wp-content/uploads/2025/04/temperaturas-extremas-y-precipitaciones-2025x04x22-a.pdf
2025-04-22,021,ARPT. DEL CIBAO,SANTIAGO,ONAMET,EMCO,29.5,19.3,3.4,https://indomet.gob.do/wp-content/uploads/2025/04/temperaturas-extremas-y-precipitaciones-2025x04x22-a.pdf
2025-04-22,022,CABRERA,MARÍA TRINIDAD SÁNCHEZ,ESCUELA ARÍSTIDES FIALLO CABRAL,EMCO,30.6,23.9,3.3,https://indomet.gob.do/wp-content/uploads/2025/04/temperaturas-extremas-y-precipitaciones-2025x04x22-a.pdf
2025-04-22,023,HATO MAYOR,HATO MAYOR,MINISTERIO DE AGRICULTURA,EMCV,,,2.8,https://indomet.gob.do/wp-content/uploads/2025/04/temperaturas-extremas-y-precipitaciones-2025x04x22-a.pdf
2025-04-22,024,MONTE CRISTI,MONTE CRISTI,ONAMET,EMCO,31.5,20.0,2.6,https://indomet.gob.do/wp-content/uploads/2025/04/temperaturas-extremas-y-precipitaciones-2025x04x22-a.pdf
2025-04-22,025,SABANA GRANDE DE BOYÁ,MONTE PLATA,MINISTERIO DE AGRICULTURA,EMCV,,,2.5,https://indomet.gob.do/wp-content/uploads/2025/04/temperaturas-extremas-y-precipitaciones-2025x04x22-a.pdf
2025-04-22,026,ARPT. EL CATEY,SAMANÁ,ONAMET,EMCO,28.0,22.5,1.8,https://indomet.gob.do/wp-content/uploads/2025/04/temperaturas-extremas-y-precipitaciones-2025x04x22-a.pdf
2025-04-22,027,EL FACTOR (EMA),MARÍA TRINIDAD SÁNCHEZ,INTEC,EMAP,30.2,19.7,1.5,https://indomet.gob.do/wp-content/uploads/2025/04/temperaturas-extremas-y-precipitaciones-2025x04x22-a.pdf
2025-04-22,028,JARABACOA (EMA),LA VEGA,PROGRAMA MUNDIAL DE ALIMENTO,EMAP,28.7,16.7,1.2,https://indomet.gob.do/wp-content/uploads/2025/04/temperaturas-extremas-y-precipitaciones-2025x04x22-a.pdf
2025-04-22,029,JARABACOA,LA VEGA,INDRHI / MARENA,EMCO,29.2,16.2,1.0,https://indomet.gob.do/wp-content/uploads/2025/04/temperaturas-extremas-y-precipitaciones-2025x04x22-a.pdf
2025-04-22,030,LA VEGA,LA VEGA,IATESA,EMCO,29.7,20.0,1.0,https://indomet.gob.do/wp-content/uploads/2025/04/temperaturas-extremas-y-precipitaciones-2025x04x22-a.pdf
2025-04-22,031,ALTO BANDERA (EMA),LA VEGA,INTEC,EMAP,15.5,3.0,0.8,https://indomet.gob.do/wp-content/uploads/2025/04/temperaturas-extremas-y-precipitaciones-2025x04x22-a.pdf
2025-04-22,032,SAN RAFAEL DEL YUMA,LA ALTAGRACIA,MINISTERIO DE AGRICULTURA,EMCO,31.0,19.6,0.7,https://indomet.gob.do/wp-content/uploads/2025/04/temperaturas-extremas-y-precipitaciones-2025x04x22-a.pdf
2025-04-22,033,ARPT. DE LAS AMÉRICAS,SANTO DOMINGO,ONAMET,EMCO,29.4,20.1,0.6,https://indomet.gob.do/wp-content/uploads/2025/04/temperaturas-extremas-y-precipitaciones-2025x04x22-a.pdf
2025-04-22,034,ARPT. DE PUNTA CANA,LA ALTAGRACIA,ONAMET,EMCO,29.5,21.5,0.6,https://indomet.gob.do/wp-content/uploads/2025/04/temperaturas-extremas-y-precipitaciones-2025x04x22-a.pdf
2025-04-22,035,PRESA DE TAVERAS (EMA),LA VEGA,PROGRAMA MUNDIAL DE ALIMENTO,EMAP,30.5,19.7,0.4,https://indomet.gob.do/wp-content/uploads/2025/04/temperaturas-extremas-y-precipitaciones-2025x04x22-a.pdf
2025-04-22,036,RANCHO ARRIBA,SAN JOSÉ DE OCOA,CENTRO TECNOLÓGICO COMUNITARIO,EMCO,28.5,15.3,0.4,https://indomet.gob.do/wp-content/uploads/2025/04/temperaturas-extremas-y-precipitaciones-2025x04x22-a.pdf
2025-04-22,037,SABANETA (EMA),SANTIAGO RODRÍGUEZ,PROGRAMA MUNDIAL DE ALIMENTO,EMAP,30.9,21.3,0.4,https://indomet.gob.do/wp-content/uploads/2025/04/temperaturas-extremas-y-precipitaciones-2025x04x22-a.pdf
2025-04-22,038,BOCA DE MAO (EMA),VALVERDE,MINISTERIO DE AGRICULTURA,EMAP,30.4,21.1,0.2,https://indomet.gob.do/wp-content/uploads/2025/04/temperaturas-extremas-y-precipitaciones-2025x04x22-a.pdf
2025-04-22,039,CONSTANZA (EMA),LA VEGA,PROGRAMA MUNDIAL DE ALIMENTO,EMAP,23.5,13.1,0.2,https://indomet.gob.do/wp-content/uploads/2025/04/temperaturas-extremas-y-precipitaciones-2025x04x22-a.pdf
2025-04-22,040,VALLE NUEVO (EMA),LA VEGA,MARENA,EMAO,18.6,2.7,0.2,https://indomet.gob.do/wp-content/uploads/2025/04/temperaturas-extremas-y-precipitaciones-2025x04x22-a.pdf
2025-04-22,041,ANAMUYA (EMA),LA ALTAGRACIA,MINISTERIO DE AGRICULTURA,EMAP,29.1,19.9,0.0,https://indomet.gob.do/wp-content/uploads/2025/04/temperaturas-extremas-y-precipitaciones-2025x04x22-a.pdf
2025-04-22,042,ARPT. DE LA ROMANA,LA ROMANA,ONAMET,EMCO,30.2,18.8,0.0,https://indomet.gob.do/wp-content/uploads/2025/04/temperaturas-extremas-y-precipitaciones-2025x04x22-a.pdf
2025-04-22,043,ARPT. LA ISABELA,SANTO DOMINGO,ONAMET,EMCO,30.7,21.0,0.0,https://indomet.gob.do/wp-content/uploads/2025/04/temperaturas-extremas-y-precipitaciones-2025x04x22-a.pdf
2025-04-22,044,ARPT. MARÍA MONTEZ,BARAHONA,ONAMET,EMCO,34.4,19.4,0.0,https://indomet.gob.do/wp-content/uploads/2025/04/temperaturas-extremas-y-precipitaciones-2025x04x22-a.pdf
2025-04-22,045,ARROYO LORO,SAN JUAN,IDIAF,EMCO,32.6,11.2,0.0,https://indomet.gob.do/wp-content/uploads/2025/04/temperaturas-extremas-y-precipitaciones-2025x04x22-a.pdf
2025-04-22,046,BONAO,MONSEÑOR NOUEL,MINISTERIO DE AGRICULTURA,EMCV,,,0.0,https://indomet.gob.do/wp-content/uploads/2025/04/temperaturas-extremas-y-precipitaciones-2025x04x22-a.pdf
2025-04-22,047,CABRAL,BARAHONA,MINISTERIO DE AGRICULTURA,EMCV,36.2,21.9,0.0,https://indomet.gob.do/wp-content/uploads/2025/04/temperaturas-extremas-y-precipitaciones-2025x04x22-a.pdf
2025-04-22,048,CENTRO DE LOS HEROES (EMA),DISTRITO NACIONAL,MINISTERIO DE ENERGIA Y MINA,EMAP,29.8,23.3,0.0,https://indomet.gob.do/wp-content/uploads/2025/04/temperaturas-extremas-y-precipitaciones-2025x04x22-a.pdf
2025-04-22,049,CONSTANZA,LA VEGA,MINISTERIO DE AGRICULTURA,EMCO,24.5,13.0,0.0,https://indomet.gob.do/wp-content/uploads/2025/04/temperaturas-extremas-y-precipitaciones-2025x04x22-a.pdf
2025-04-22,050,DAJABÓN,DAJABÓN,INSTITUTO POLITÉCNICO LOYOLA,EMCO,34.2,19.3,0.0,https://indomet.gob.do/wp-content/uploads/2025/04/temperaturas-extremas-y-precipitaciones-2025x04x22-a.pdf
2025-04-22,051,ELÍAS PIÑA,ELÍAS PIÑA,MINISTERIO DE AGRICULTURA,EMCV,,,0.0,https://indomet.gob.do/wp-content/uploads/2025/04/temperaturas-extremas-y-precipitaciones-2025x04x22-a.pdf
2025-04-22,052,ENRIQUILLO,BARAHONA,MINISTERIO DE AGRICULTURA,EMCV,32.5,22.5,0.0,https://indomet.gob.do/wp-content/uploads/2025/04/temperaturas-extremas-y-precipitaciones-2025x04x22-a.pdf
2025-04-22,053,ESCONDIDO,PERAVIA,MINISTERIO DE AGRICULTURA,EMCV,32.0,20.0,0.0,https://indomet.gob.do/wp-content/uploads/2025/04/temperaturas-extremas-y-precipitaciones-2025x04x22-a.pdf
2025-04-22,054,HONDO VALLE,ELÍAS PIÑA,MINISTERIO DE AGRICULTURA,EMCO,25.6,15.8,0.0,https://indomet.gob.do/wp-content/uploads/2025/04/temperaturas-extremas-y-precipitaciones-2025x04x22-a.pdf
2025-04-22,055,JARDÍN BOTÁNICO NACIONAL,DISTRITO NACIONAL,JARDÍN BOTÁNICO NACIONAL,EMCV,30.5,20.6,0.0,https://indomet.gob.do/wp-content/uploads/2025/04/temperaturas-extremas-y-precipitaciones-2025x04x22-a.pdf
2025-04-22,056,JIMANÍ,INDEPENDENCIA,MINISTERIO DE AGRICULTURA,EMCO,34.5,22.5,0.0,https://indomet.gob.do/wp-content/uploads/2025/04/temperaturas-extremas-y-precipitaciones-2025x04x22-a.pdf
2025-04-22,058,LAS CANAS (EMA),MONTE CRISTI,PROGRAMA MUNDIAL DE ALIMENTO,EMAP,26.2,20.3,0.0,https://indomet.gob.do/wp-content/uploads/2025/04/temperaturas-extremas-y-precipitaciones-2025x04x22-a.pdf
2025-04-22,059,MAO,VALVERDE,INDRHI / MINISTERIO DE AGRICULTURA,EMCV,,,0.0,https://indomet.gob.do/wp-content/uploads/2025/04/temperaturas-extremas-y-precipitaciones-2025x04x22-a.pdf
2025-04-22,060,MONCIÓN (EMA),SANTIAGO RODRÍGUEZ,PROGRAMA MUNDIAL DE ALIMENTO,EMAP,28.7,19.7,0.0,https://indomet.gob.do/wp-content/uploads/2025/04/temperaturas-extremas-y-precipitaciones-2025x04x22-a.pdf
2025-04-22,061,OLIVARES,PEDERNALES,INDRHI,EMCO,,,0.0,https://indomet.gob.do/wp-content/uploads/2025/04/temperaturas-extremas-y-precipitaciones-2025x04x22-a.pdf
2025-04-22,062,OVIEDO,PEDERNALES,CLÍNICA RURAL OVIEDO,EMCO,32.5,21.7,0.0,https://indomet.gob.do/wp-content/uploads/2025/04/temperaturas-extremas-y-precipitaciones-2025x04x22-a.pdf
2025-04-22,063,PADRE LAS CASAS,AZUA,HOSP. NTRA. SRA. DEL CARMEN,EMCO,35.5,16.0,0.0,https://indomet.gob.do/wp-content/uploads/2025/04/temperaturas-extremas-y-precipitaciones-2025x04x22-a.pdf
2025-04-22,064,PEDERNALES,PEDERNALES,INDRHI,EMCO,,,0.0,https://indomet.gob.do/wp-content/uploads/2025/04/temperaturas-extremas-y-precipitaciones-2025x04x22-a.pdf
2025-04-22,065,PERALTA,AZUA,HOSP. MPAL. DE PERALTA,EMCO,32.5,18.0,0.0,https://indomet.gob.do/wp-content/uploads/2025/04/temperaturas-extremas-y-precipitaciones-2025x04x22-a.pdf
2025-04-22,066,PESCADERIA (EMA),BARAHONA,MINISTERIO DE AGRICULTURA,EMAP,35.0,21.5,0.0,https://indomet.gob.do/wp-content/uploads/2025/04/temperaturas-extremas-y-precipitaciones-2025x04x22-a.pdf
2025-04-22,067,POLO,BARAHONA,INDOCAFE,EMCO,29.6,15.8,0.0,https://indomet.gob.do/wp-content/uploads/2025/04/temperaturas-extremas-y-precipitaciones-2025x04x22-a.pdf
2025-04-22,068,PONTÓN ABAJO (EMA),LA VEGA,MINISTERIO DE AGRICULTURA,EMAP,32.4,20.2,0.0,https://indomet.gob.do/wp-content/uploads/2025/04/temperaturas-extremas-y-precipitaciones-2025x04x22-a.pdf
2025-04-22,069,RESTAURACIÓN,DAJABÓN,MINISTERIO DE AGRICULTURA,EMCO,21.6,14.3,0.0,https://indomet.gob.do/wp-content/uploads/2025/04/temperaturas-extremas-y-precipitaciones-2025x04x22-a.pdf
2025-04-22,070,SAN CRISTÓBAL,SAN CRISTÓBAL,INSTITUTO POLITÉCNICO LOYOLA,EMCO,32.0,21.2,0.0,https://indomet.gob.do/wp-content/uploads/2025/04/temperaturas-extremas-y-precipitaciones-2025x04x22-a.pdf
2025-04-22,071,SAN FRANCISCO DE MACORÍS,DUARTE,San Francisco de Macorís (UASD),EMCO,30.1,20.0,0.0,https://indomet.gob.do/wp-content/uploads/2025/04/temperaturas-extremas-y-precipitaciones-2025x04x22-a.pdf
2025-04-22,072,SAN JOSÉ DE OCOA,SAN JOSÉ DE OCOA,HOSP. SAN JOSÉ DE OCOA,EMCO,31.4,17.1,0.0,https://indomet.gob.do/wp-content/uploads/2025/04/temperaturas-extremas-y-precipitaciones-2025x04x22-a.pdf
2025-04-22,073,SANTIAGO RODRÍGUEZ,SANTIAGO RODRÍGUEZ,ONAMET,EMCO,31.7,21.6,0.0,https://indomet.gob.do/wp-content/uploads/2025/04/temperaturas-extremas-y-precipitaciones-2025x04x22-a.pdf
2025-04-22,074,SANTO DOMINGO ESTE,SANTO DOMINGO,ONAMET,EMCO,30.6,22.2,0.0,https://indomet.gob.do/wp-content/uploads/2025/04/temperaturas-extremas-y-precipitaciones-2025x04x22-a.pdf
2025-04-22,075,TÁBARA ABAJO,AZUA,INDRHI,EMCO,35.5,20.0,0.0,https://indomet.gob.do/wp-content/uploads/2025/04/temperaturas-extremas-y-precipitaciones-2025x04x22-a.pdf
2025-04-23,001,JIMANÍ,INDEPENDENCIA,MINISTERIO DE AGRICULTURA,EMCO,36.2,22.8,12.3,https://indomet.gob.do/wp-content/uploads/2025/04/temperaturas-extremas-y-precipitaciones-2025x04x23-a-1.pdf
2025-04-23,002,OVIEDO,PEDERNALES,CLÍNICA RURAL OVIEDO,EMCO,31.5,21.5,8.2,https://indomet.gob.do/wp-content/uploads/2025/04/temperaturas-extremas-y-precipitaciones-2025x04x23-a-1.pdf
2025-04-23,003,SÁNCHEZ,SAMANÁ,MINISTERIO DE AGRICULTURA,EMCO,29.2,19.5,4.8,https://indomet.gob.do/wp-content/uploads/2025/04/temperaturas-extremas-y-precipitaciones-2025x04x23-a-1.pdf
2025-04-23,004,ARPT. EL CATEY,SAMANÁ,ONAMET,EMCO,27.7,21.0,4.3,https://indomet.gob.do/wp-content/uploads/2025/04/temperaturas-extremas-y-precipitaciones-2025x04x23-a-1.pdf
2025-04-23,005,SALCEDO,HERMANAS MIRABAL,PROPIEDAD DEL EMPLEADO,EMCO,,,4.0,https://indomet.gob.do/wp-content/uploads/2025/04/temperaturas-extremas-y-precipitaciones-2025x04x23-a-1.pdf
2025-04-23,006,ARPT. DE LA ROMANA,LA ROMANA,ONAMET,EMCO,31.3,18.8,3.2,https://indomet.gob.do/wp-content/uploads/2025/04/temperaturas-extremas-y-precipitaciones-2025x04x23-a-1.pdf
2025-04-23,007,PALO ÍNDIO,PUERTO PLATA,MINISTERIO DE AGRICULTURA,EMCO,,,3.1,https://indomet.gob.do/wp-content/uploads/2025/04/temperaturas-extremas-y-precipitaciones-2025x04x23-a-1.pdf
2025-04-23,008,ARPT. ARROYO BARRIL,SAMANÁ,ONAMET,EMCO,28.5,20.0,2.9,https://indomet.gob.do/wp-content/uploads/2025/04/temperaturas-extremas-y-precipitaciones-2025x04x23-a-1.pdf
2025-04-23,009,ENRIQUILLO,BARAHONA,MINISTERIO DE AGRICULTURA,EMCV,31.5,22.5,2.6,https://indomet.gob.do/wp-content/uploads/2025/04/temperaturas-extremas-y-precipitaciones-2025x04x23-a-1.pdf
2025-04-23,010,ELÍAS PIÑA,ELÍAS PIÑA,MINISTERIO DE AGRICULTURA,EMCV,,,2.1,https://indomet.gob.do/wp-content/uploads/2025/04/temperaturas-extremas-y-precipitaciones-2025x04x23-a-1.pdf
2025-04-23,011,SANTO DOMINGO ESTE,SANTO DOMINGO,ONAMET,EMCO,33.7,21.8,2.0,https://indomet.gob.do/wp-content/uploads/2025/04/temperaturas-extremas-y-precipitaciones-2025x04x23-a-1.pdf
2025-04-23,012,CABRERA,MARÍA TRINIDAD SÁNCHEZ,ESCUELA ARÍSTIDES FIALLO CABRAL,EMCO,31.1,25.9,1.8,https://indomet.gob.do/wp-content/uploads/2025/04/temperaturas-extremas-y-precipitaciones-2025x04x23-a-1.pdf
2025-04-23,013,GURABO,SANTIAGO,MINISTERIO DE AGRICULTURA,EMCV,,,1.5,https://indomet.gob.do/wp-content/uploads/2025/04/temperaturas-extremas-y-precipitaciones-2025x04x23-a-1.pdf
2025-04-23,014,SAMANÁ,SAMANÁ,COMANDANCIA DE PUERTO DE SAMANÁ,EMCO,29.5,19.2,1.4,https://indomet.gob.do/wp-content/uploads/2025/04/temperaturas-extremas-y-precipitaciones-2025x04x23-a-1.pdf
2025-04-23,015,HONDO VALLE,ELÍAS PIÑA,MINISTERIO DE AGRICULTURA,EMCO,25.8,15.9,1.3,https://indomet.gob.do/wp-content/uploads/2025/04/temperaturas-extremas-y-precipitaciones-2025x04x23-a-1.pdf
2025-04-23,016,LUPERÓN,PUERTO PLATA,MINISTERIO DE AGRICULTURA,EMCV,,,1.0,https://indomet.gob.do/wp-content/uploads/2025/04/temperaturas-extremas-y-precipitaciones-2025x04x23-a-1.pdf
2025-04-23,017,ARPT. GREGORIO LUPERÓN,PUERTO PLATA,ONAMET,EMCO,28.5,20.8,1.0,https://indomet.gob.do/wp-content/uploads/2025/04/temperaturas-extremas-y-precipitaciones-2025x04x23-a-1.pdf
2025-04-23,018,EL FACTOR (EMA),MARÍA TRINIDAD SÁNCHEZ,INTEC,EMAP,30.2,20.6,1.0,https://indomet.gob.do/wp-content/uploads/2025/04/temperaturas-extremas-y-precipitaciones-2025x04x23-a-1.pdf
2025-04-23,019,MONTE CRISTI,MONTE CRISTI,ONAMET,EMCO,31.0,21.0,0.8,https://indomet.gob.do/wp-content/uploads/2025/04/temperaturas-extremas-y-precipitaciones-2025x04x23-a-1.pdf
2025-04-23,020,RÍO SAN JUAN,MARÍA TRINIDAD SÁNCHEZ,HOSP. MPAL. DR. DESIDERIO ACOSTA,EMCV,29.2,21.2,0.5,https://indomet.gob.do/wp-content/uploads/2025/04/temperaturas-extremas-y-precipitaciones-2025x04x23-a-1.pdf
2025-04-23,021,TAMBORIL,SANTIAGO,MINISTERIO DE AGRICULTURA,EMCV,,,0.5,https://indomet.gob.do/wp-content/uploads/2025/04/temperaturas-extremas-y-precipitaciones-2025x04x23-a-1.pdf
2025-04-23,022,ARPT. DE PUNTA CANA,LA ALTAGRACIA,ONAMET,EMCO,30.2,21.8,0.4,https://indomet.gob.do/wp-content/uploads/2025/04/temperaturas-extremas-y-precipitaciones-2025x04x23-a-1.pdf
2025-04-23,023,RANCHO ARRIBA,SAN JOSÉ DE OCOA,CENTRO TECNOLÓGICO COMUNITARIO,EMCO,29.0,16.2,0.4,https://indomet.gob.do/wp-content/uploads/2025/04/temperaturas-extremas-y-precipitaciones-2025x04x23-a-1.pdf
2025-04-23,024,CONSTANZA,LA VEGA,MINISTERIO DE AGRICULTURA,EMCO,25.6,11.9,0.3,https://indomet.gob.do/wp-content/uploads/2025/04/temperaturas-extremas-y-precipitaciones-2025x04x23-a-1.pdf
2025-04-23,025,VILLA ISABELA,PUERTO PLATA,MINISTERIO DE AGRICULTURA,EMCV,,,0.3,https://indomet.gob.do/wp-content/uploads/2025/04/temperaturas-extremas-y-precipitaciones-2025x04x23-a-1.pdf
2025-04-23,026,ANAMUYA (EMA),LA ALTAGRACIA,MINISTERIO DE AGRICULTURA,EMAP,31.5,21.3,0.2,https://indomet.gob.do/wp-content/uploads/2025/04/temperaturas-extremas-y-precipitaciones-2025x04x23-a-1.pdf
2025-04-23,027,PRESA DE TAVERAS (EMA),LA VEGA,PROGRAMA MUNDIAL DE ALIMENTO,EMAP,29.3,19.9,0.2,https://indomet.gob.do/wp-content/uploads/2025/04/temperaturas-extremas-y-precipitaciones-2025x04x23-a-1.pdf
2025-04-23,028,SABANETA (EMA),SANTIAGO RODRÍGUEZ,PROGRAMA MUNDIAL DE ALIMENTO,EMAP,32.8,19.9,0.2,https://indomet.gob.do/wp-content/uploads/2025/04/temperaturas-extremas-y-precipitaciones-2025x04x23-a-1.pdf
2025-04-23,029,VILLA ALTAGRACIA,SAN CRISTÓBAL,ESCUELA JAVIER ANGULO GURIDI,EMCO,,,0.2,https://indomet.gob.do/wp-content/uploads/2025/04/temperaturas-extremas-y-precipitaciones-2025x04x23-a-1.pdf
2025-04-23,030,ARROYO LORO,SAN JUAN,IDIAF,EMCO,32.0,10.2,0.1,https://indomet.gob.do/wp-content/uploads/2025/04/temperaturas-extremas-y-precipitaciones-2025x04x23-a-1.pdf
2025-04-23,031,JARABACOA,LA VEGA,INDRHI / MARENA,EMCO,29.0,17.0,0.1,https://indomet.gob.do/wp-content/uploads/2025/04/temperaturas-extremas-y-precipitaciones-2025x04x23-a-1.pdf
2025-04-23,032,SABANA GRANDE DE BOYÁ,MONTE PLATA,MINISTERIO DE AGRICULTURA,EMCV,,,0.1,https://indomet.gob.do/wp-content/uploads/2025/04/temperaturas-extremas-y-precipitaciones-2025x04x23-a-1.pdf
2025-04-23,033,ALTAMIRA,PUERTO PLATA,HOSP. MPAL. DE ALTAMIRA,EMCO,29.0,18.5,0.0,https://indomet.gob.do/wp-content/uploads/2025/04/temperaturas-extremas-y-precipitaciones-2025x04x23-a-1.pdf
2025-04-23,034,ARPT. DE LAS AMÉRICAS,SANTO DOMINGO,ONAMET,EMCO,31.0,22.5,0.0,https://indomet.gob.do/wp-content/uploads/2025/04/temperaturas-extremas-y-precipitaciones-2025x04x23-a-1.pdf
2025-04-23,035,ARPT. DEL CIBAO,SANTIAGO,ONAMET,EMCO,30.7,19.5,0.0,https://indomet.gob.do/wp-content/uploads/2025/04/temperaturas-extremas-y-precipitaciones-2025x04x23-a-1.pdf
2025-04-23,036,ARPT. LA ISABELA,SANTO DOMINGO,ONAMET,EMCO,32.4,19.0,0.0,https://indomet.gob.do/wp-content/uploads/2025/04/temperaturas-extremas-y-precipitaciones-2025x04x23-a-1.pdf
2025-04-23,037,ARPT. MARÍA MONTEZ,BARAHONA,ONAMET,EMCO,32.2,22.0,0.0,https://indomet.gob.do/wp-content/uploads/2025/04/temperaturas-extremas-y-precipitaciones-2025x04x23-a-1.pdf
2025-04-23,038,BAYAGUANA,MONTE PLATA,ONAMET,EMCO,31.0,19.0,0.0,https://indomet.gob.do/wp-content/uploads/2025/04/temperaturas-extremas-y-precipitaciones-2025x04x23-a-1.pdf
2025-04-23,039,BOCA DE MAO (EMA),VALVERDE,MINISTERIO DE AGRICULTURA,EMAP,31.6,19.6,0.0,https://indomet.gob.do/wp-content/uploads/2025/04/temperaturas-extremas-y-precipitaciones-2025x04x23-a-1.pdf
2025-04-23,040,BONAO,MONSEÑOR NOUEL,MINISTERIO DE AGRICULTURA,EMCV,,,0.0,https://indomet.gob.do/wp-content/uploads/2025/04/temperaturas-extremas-y-precipitaciones-2025x04x23-a-1.pdf
2025-04-23,041,CABRAL,BARAHONA,MINISTERIO DE AGRICULTURA,EMCV,33.8,22.3,0.0,https://indomet.gob.do/wp-content/uploads/2025/04/temperaturas-extremas-y-precipitaciones-2025x04x23-a-1.pdf
2025-04-23,042,CENTRO DE LOS HEROES (EMA),DISTRITO NACIONAL,MINISTERIO DE ENERGIA Y MINA,EMAP,32.2,24.1,0.0,https://indomet.gob.do/wp-content/uploads/2025/04/temperaturas-extremas-y-precipitaciones-2025x04x23-a-1.pdf
2025-04-23,043,CONSTANZA (EMA),LA VEGA,PROGRAMA MUNDIAL DE ALIMENTO,EMAP,24.7,12.2,0.0,https://indomet.gob.do/wp-content/uploads/2025/04/temperaturas-extremas-y-precipitaciones-2025x04x23-a-1.pdf
2025-04-23,044,DAJABÓN,DAJABÓN,INSTITUTO POLITÉCNICO LOYOLA,EMCO,34.0,19.2,0.0,https://indomet.gob.do/wp-content/uploads/2025/04/temperaturas-extremas-y-precipitaciones-2025x04x23-a-1.pdf
2025-04-23,045,ESCONDIDO,PERAVIA,MINISTERIO DE AGRICULTURA,EMCV,33.0,23.0,0.0,https://indomet.gob.do/wp-content/uploads/2025/04/temperaturas-extremas-y-precipitaciones-2025x04x23-a-1.pdf
2025-04-23,046,GASPAR HERNÁNDEZ,ESPAILLAT,PROPIEDAD DEL EMPLEADO,EMCO,,,0.0,https://indomet.gob.do/wp-content/uploads/2025/04/temperaturas-extremas-y-precipitaciones-2025x04x23-a-1.pdf
2025-04-23,047,HATO MAYOR,HATO MAYOR,MINISTERIO DE AGRICULTURA,EMCV,,,0.0,https://indomet.gob.do/wp-content/uploads/2025/04/temperaturas-extremas-y-precipitaciones-2025x04x23-a-1.pdf
2025-04-23,048,JARDÍN BOTÁNICO NACIONAL,DISTRITO NACIONAL,JARDÍN BOTÁNICO NACIONAL,EMCV,32.5,19.2,0.0,https://indomet.gob.do/wp-content/uploads/2025/04/temperaturas-extremas-y-precipitaciones-2025x04x23-a-1.pdf
2025-04-23,049,JUMA BEJUCAL,MONSEÑOR NOUEL,IDIAF,EMCV,30.8,21.4,0.0,https://indomet.gob.do/wp-content/uploads/2025/04/temperaturas-extremas-y-precipitaciones-2025x04x23-a-1.pdf
2025-04-23,050,LA VEGA,LA VEGA,IATESA,EMCO,31.0,21.0,0.0,https://indomet.gob.do/wp-content/uploads/2025/04/temperaturas-extremas-y-precipitaciones-2025x04x23-a-1.pdf
2025-04-23,051,LA VICTORIA,SANTO DOMINGO,CUERPO DE BOMBEROS,EMCO,32.5,21.0,0.0,https://indomet.gob.do/wp-content/uploads/2025/04/temperaturas-extremas-y-precipitaciones-2025x04x23-a-1.pdf
2025-04-23,052,LAS CANAS (EMA),MONTE CRISTI,PROGRAMA MUNDIAL DE ALIMENTO,EMAP,26.3,21.7,0.0,https://indomet.gob.do/wp-content/uploads/2025/04/temperaturas-extremas-y-precipitaciones-2025x04x23-a-1.pdf
2025-04-23,053,LAS MATAS DE SANTA CRUZ (EMA,MONTE CRISTI,PROGRAMA MUNDIAL DE ALIMENTO,EMAP,30.1,20.9,0.0,https://indomet.gob.do/wp-content/uploads/2025/04/temperaturas-extremas-y-precipitaciones-2025x04x23-a-1.pdf
2025-04-23,054,LOS LLANOS,SAN PEDRO DE MACORÍS,MINISTERIO DE AGRICULTURA,EMCO,31.0,20.0,0.0,https://indomet.gob.do/wp-content/uploads/2025/04/temperaturas-extremas-y-precipitaciones-2025x04x23-a-1.pdf
2025-04-23,055,MAO,VALVERDE,INDRHI / MINISTERIO DE AGRICULTURA,EMCV,,,0.0,https://indomet.gob.do/wp-content/uploads/2025/04/temperaturas-extremas-y-precipitaciones-2025x04x23-a-1.pdf
2025-04-23,056,MONCIÓN (EMA),SANTIAGO RODRÍGUEZ,PROGRAMA MUNDIAL DE ALIMENTO,EMAP,29.8,17.9,0.0,https://indomet.gob.do/wp-content/uploads/2025/04/temperaturas-extremas-y-precipitaciones-2025x04x23-a-1.pdf
2025-04-23,057,NAVARRETE,SANTIAGO,MINISTERIO DE AGRICULTURA,EMCV,,,0.0,https://indomet.gob.do/wp-content/uploads/2025/04/temperaturas-extremas-y-precipitaciones-2025x04x23-a-1.pdf
2025-04-23,058,OLIVARES,PEDERNALES,INDRHI,EMCO,,,0.0,https://indomet.gob.do/wp-content/uploads/2025/04/temperaturas-extremas-y-precipitaciones-2025x04x23-a-1.pdf
2025-04-23,059,PADRE LAS CASAS,AZUA,HOSP. NTRA. SRA. DEL CARMEN,EMCO,32.5,18.5,0.0,https://indomet.gob.do/wp-content/uploads/2025/04/temperaturas-extremas-y-precipitaciones-2025x04x23-a-1.pdf
2025-04-23,060,PEDERNALES,PEDERNALES,INDRHI,EMCO,,,0.0,https://indomet.gob.do/wp-content/uploads/2025/04/temperaturas-extremas-y-precipitaciones-2025x04x23-a-1.pdf
2025-04-23,061,PERALTA,AZUA,HOSP. MPAL. DE PERALTA,EMCO,30.0,17.0,0.0,https://indomet.gob.do/wp-content/uploads/2025/04/temperaturas-extremas-y-precipitaciones-2025x04x23-a-1.pdf
2025-04-23,062,PESCADERIA (EMA),BARAHONA,MINISTERIO DE AGRICULTURA,EMAP,32.4,21.7,0.0,https://indomet.gob.do/wp-content/uploads/2025/04/temperaturas-extremas-y-precipitaciones-2025x04x23-a-1.pdf
2025-04-23,063,POLO,BARAHONA,INDOCAFE,EMCO,29.0,16.4,0.0,https://indomet.gob.do/wp-content/uploads/2025/04/temperaturas-extremas-y-precipitaciones-2025x04x23-a-1.pdf
2025-04-23,064,PONTÓN ABAJO (EMA),LA VEGA,MINISTERIO DE AGRICULTURA,EMAP,32.3,21.1,0.0,https://indomet.gob.do/wp-content/uploads/2025/04/temperaturas-extremas-y-precipitaciones-2025x04x23-a-1.pdf
2025-04-23,065,RESTAURACIÓN,DAJABÓN,MINISTERIO DE AGRICULTURA,EMCO,21.9,15.7,0.0,https://indomet.gob.do/wp-content/uploads/2025/04/temperaturas-extremas-y-precipitaciones-2025x04x23-a-1.pdf
2025-04-23,066,SABANA DE LA MAR,HATO MAYOR,ONAMET,EMCO,29.0,20.5,0.0,https://indomet.gob.do/wp-content/uploads/2025/04/temperaturas-extremas-y-precipitaciones-2025x04x23-a-1.pdf
2025-04-23,067,SAN CRISTÓBAL,SAN CRISTÓBAL,INSTITUTO POLITÉCNICO LOYOLA,EMCO,32.2,22.0,0.0,https://indomet.gob.do/wp-content/uploads/2025/04/temperaturas-extremas-y-precipitaciones-2025x04x23-a-1.pdf
2025-04-23,068,SAN FRANCISCO DE MACORÍS,DUARTE,San Francisco de Macorís (UASD),EMCO,30.8,19.4,0.0,https://indomet.gob.do/wp-content/uploads/2025/04/temperaturas-extremas-y-precipitaciones-2025x04x23-a-1.pdf
2025-04-23,069,SAN JOSÉ DE OCOA,SAN JOSÉ DE OCOA,HOSP. SAN JOSÉ DE OCOA,EMCO,31.7,,0.0,https://indomet.gob.do/wp-content/uploads/2025/04/temperaturas-extremas-y-precipitaciones-2025x04x23-a-1.pdf
2025-04-23,070,SAN RAFAEL DEL YUMA,LA ALTAGRACIA,MINISTERIO DE AGRICULTURA,EMCO,34.1,20.0,0.0,https://indomet.gob.do/wp-content/uploads/2025/04/temperaturas-extremas-y-precipitaciones-2025x04x23-a-1.pdf
2025-04-23,071,SANTIAGO RODRÍGUEZ,SANTIAGO RODRÍGUEZ,ONAMET,EMCO,33.2,20.5,0.0,https://indomet.gob.do/wp-content/uploads/2025/04/temperaturas-extremas-y-precipitaciones-2025x04x23-a-1.pdf
2025-04-23,072,TÁBARA ABAJO,AZUA,INDRHI,EMCO,33.5,25.0,0.0,https://indomet.gob.do/wp-content/uploads/2025/04/temperaturas-extremas-y-precipitaciones-2025x04x23-a-1.pdf
2025-04-23,073,VALLE NUEVO (EMA),LA VEGA,MARENA,EMAO,19.3,5.0,0.0,https://indomet.gob.do/wp-content/uploads/2025/04/temperaturas-extremas-y-precipitaciones-2025x04x23-a-1.pdf
2025-04-23,074,VILLA RIVA,DUARTE,HOSP. MPAL. ALICIA DE LEGENDRE,EMCO,30.2,20.6,0.0,https://indomet.gob.do/wp-content/uploads/2025/04/temperaturas-extremas-y-precipitaciones-2025x04x23-a-1.pdf
2025-04-23,075,ALTO BANDERA (EMA),LA VEGA,INTEC,EMAP,16.2,4.6,0.0,https://indomet.gob.do/wp-content/uploads/2025/04/temperaturas-extremas-y-precipitaciones-2025x04x23-a-1.pdf
2025-04-24,001,ARPT. MARÍA MONTEZ,BARAHONA,ONAMET,EMCO,31.2,23.5,22.3,https://indomet.gob.do/wp-content/uploads/2025/04/temperaturas-extremas-y-precipitaciones-2025x04x24-a.pdf
2025-04-24,002,OVIEDO,PEDERNALES,CLÍNICA RURAL OVIEDO,EMCO,31.5,21.5,22.0,https://indomet.gob.do/wp-content/uploads/2025/04/temperaturas-extremas-y-precipitaciones-2025x04x24-a.pdf
2025-04-24,003,PERALTA,AZUA,HOSP. MPAL. DE PERALTA,EMCO,31.0,18.0,16.8,https://indomet.gob.do/wp-content/uploads/2025/04/temperaturas-extremas-y-precipitaciones-2025x04x24-a.pdf
2025-04-24,004,ENRIQUILLO,BARAHONA,MINISTERIO DE AGRICULTURA,EMCV,31.5,21.3,11.0,https://indomet.gob.do/wp-content/uploads/2025/04/temperaturas-extremas-y-precipitaciones-2025x04x24-a.pdf
2025-04-24,005,BONAO,MONSEÑOR NOUEL,MINISTERIO DE AGRICULTURA,EMCV,,,10.7,https://indomet.gob.do/wp-content/uploads/2025/04/temperaturas-extremas-y-precipitaciones-2025x04x24-a.pdf
2025-04-24,006,RANCHO ARRIBA,SAN JOSÉ DE OCOA,CENTRO TECNOLÓGICO COMUNITARIO,EMCO,28.6,17.1,7.8,https://indomet.gob.do/wp-content/uploads/2025/04/temperaturas-extremas-y-precipitaciones-2025x04x24-a.pdf
2025-04-24,007,TÁBARA ABAJO,AZUA,INDRHI,EMCO,35.5,20.5,6.0,https://indomet.gob.do/wp-content/uploads/2025/04/temperaturas-extremas-y-precipitaciones-2025x04x24-a.pdf
2025-04-24,008,EL FACTOR (EMA),MARÍA TRINIDAD SÁNCHEZ,INTEC,EMAP,30.7,20.9,3.3,https://indomet.gob.do/wp-content/uploads/2025/04/temperaturas-extremas-y-precipitaciones-2025x04x24-a.pdf
2025-04-24,009,HONDO VALLE,ELÍAS PIÑA,MINISTERIO DE AGRICULTURA,EMCO,25.7,16.1,3.2,https://indomet.gob.do/wp-content/uploads/2025/04/temperaturas-extremas-y-precipitaciones-2025x04x24-a.pdf
2025-04-24,010,ARPT. EL CATEY,SAMANÁ,ONAMET,EMCO,29.0,21.0,3.0,https://indomet.gob.do/wp-content/uploads/2025/04/temperaturas-extremas-y-precipitaciones-2025x04x24-a.pdf
2025-04-24,011,PESCADERIA (EMA),BARAHONA,MINISTERIO DE AGRICULTURA,EMAP,32.3,22.9,2.8,https://indomet.gob.do/wp-content/uploads/2025/04/temperaturas-extremas-y-precipitaciones-2025x04x24-a.pdf
2025-04-24,012,LUPERÓN,PUERTO PLATA,MINISTERIO DE AGRICULTURA,EMCV,,,2.5,https://indomet.gob.do/wp-content/uploads/2025/04/temperaturas-extremas-y-precipitaciones-2025x04x24-a.pdf
2025-04-24,013,SÁNCHEZ,SAMANÁ,MINISTERIO DE AGRICULTURA,EMCO,30.1,19.3,2.4,https://indomet.gob.do/wp-content/uploads/2025/04/temperaturas-extremas-y-precipitaciones-2025x04x24-a.pdf
2025-04-24,014,RÍO SAN JUAN,MARÍA TRINIDAD SÁNCHEZ,HOSP. MPAL. DR. DESIDERIO ACOSTA,EMCV,30.0,21.0,1.8,https://indomet.gob.do/wp-content/uploads/2025/04/temperaturas-extremas-y-precipitaciones-2025x04x24-a.pdf
2025-04-24,015,JIMANÍ,INDEPENDENCIA,MINISTERIO DE AGRICULTURA,EMCO,34.5,21.6,1.5,https://indomet.gob.do/wp-content/uploads/2025/04/temperaturas-extremas-y-precipitaciones-2025x04x24-a.pdf
2025-04-24,016,ALTO BANDERA (EMA),LA VEGA,INTEC,EMAP,17.4,5.5,1.3,https://indomet.gob.do/wp-content/uploads/2025/04/temperaturas-extremas-y-precipitaciones-2025x04x24-a.pdf
2025-04-24,017,ARPT. GREGORIO LUPERÓN,PUERTO PLATA,ONAMET,EMCO,29.5,20.7,1.3,https://indomet.gob.do/wp-content/uploads/2025/04/temperaturas-extremas-y-precipitaciones-2025x04x24-a.pdf
2025-04-24,018,POLO,BARAHONA,INDOCAFE,EMCO,29.6,18.0,0.8,https://indomet.gob.do/wp-content/uploads/2025/04/temperaturas-extremas-y-precipitaciones-2025x04x24-a.pdf
2025-04-24,019,ARROYO LORO,SAN JUAN,IDIAF,EMCO,34.2,10.4,0.3,https://indomet.gob.do/wp-content/uploads/2025/04/temperaturas-extremas-y-precipitaciones-2025x04x24-a.pdf
2025-04-24,020,CENTRO DE LOS HEROES (EMA),DISTRITO NACIONAL,MINISTERIO DE ENERGIA Y MINA,EMAP,32.7,24.6,0.2,https://indomet.gob.do/wp-content/uploads/2025/04/temperaturas-extremas-y-precipitaciones-2025x04x24-a.pdf
2025-04-24,021,SABANETA (EMA),SANTIAGO RODRÍGUEZ,PROGRAMA MUNDIAL DE ALIMENTO,EMAP,33.3,20.2,0.2,https://indomet.gob.do/wp-content/uploads/2025/04/temperaturas-extremas-y-precipitaciones-2025x04x24-a.pdf
2025-04-24,022,ELÍAS PIÑA,ELÍAS PIÑA,MINISTERIO DE AGRICULTURA,EMCV,,,0.1,https://indomet.gob.do/wp-content/uploads/2025/04/temperaturas-extremas-y-precipitaciones-2025x04x24-a.pdf
2025-04-24,023,JUMA BEJUCAL,MONSEÑOR NOUEL,IDIAF,EMCV,31.2,21.6,0.1,https://indomet.gob.do/wp-content/uploads/2025/04/temperaturas-extremas-y-precipitaciones-2025x04x24-a.pdf
2025-04-24,024,ALTAMIRA,PUERTO PLATA,HOSP. MPAL. DE ALTAMIRA,EMCO,30.0,18.6,0.0,https://indomet.gob.do/wp-content/uploads/2025/04/temperaturas-extremas-y-precipitaciones-2025x04x24-a.pdf
2025-04-24,025,ANAMUYA (EMA),LA ALTAGRACIA,MINISTERIO DE AGRICULTURA,EMAP,31.1,20.8,0.0,https://indomet.gob.do/wp-content/uploads/2025/04/temperaturas-extremas-y-precipitaciones-2025x04x24-a.pdf
2025-04-24,026,ARPT. ARROYO BARRIL,SAMANÁ,ONAMET,EMCO,30.4,20.9,0.0,https://indomet.gob.do/wp-content/uploads/2025/04/temperaturas-extremas-y-precipitaciones-2025x04x24-a.pdf
2025-04-24,027,ARPT. DE LA ROMANA,LA ROMANA,ONAMET,EMCO,31.0,19.0,0.0,https://indomet.gob.do/wp-content/uploads/2025/04/temperaturas-extremas-y-precipitaciones-2025x04x24-a.pdf
2025-04-24,028,ARPT. DE LAS AMÉRICAS,SANTO DOMINGO,ONAMET,EMCO,32.0,21.5,0.0,https://indomet.gob.do/wp-content/uploads/2025/04/temperaturas-extremas-y-precipitaciones-2025x04x24-a.pdf
2025-04-24,029,ARPT. DE PUNTA CANA,LA ALTAGRACIA,ONAMET,EMCO,30.5,21.6,0.0,https://indomet.gob.do/wp-content/uploads/2025/04/temperaturas-extremas-y-precipitaciones-2025x04x24-a.pdf
2025-04-24,030,ARPT. DEL CIBAO,SANTIAGO,ONAMET,EMCO,31.8,19.0,0.0,https://indomet.gob.do/wp-content/uploads/2025/04/temperaturas-extremas-y-precipitaciones-2025x04x24-a.pdf
2025-04-24,031,ARPT. LA ISABELA,SANTO DOMINGO,ONAMET,EMCO,33.0,20.0,0.0,https://indomet.gob.do/wp-content/uploads/2025/04/temperaturas-extremas-y-precipitaciones-2025x04x24-a.pdf
2025-04-24,032,BAYAGUANA,MONTE PLATA,ONAMET,EMCO,31.8,18.9,0.0,https://indomet.gob.do/wp-content/uploads/2025/04/temperaturas-extremas-y-precipitaciones-2025x04x24-a.pdf
2025-04-24,033,BOCA DE MAO (EMA),VALVERDE,MINISTERIO DE AGRICULTURA,EMAP,32.3,20.1,0.0,https://indomet.gob.do/wp-content/uploads/2025/04/temperaturas-extremas-y-precipitaciones-2025x04x24-a.pdf
2025-04-24,034,CABRAL,BARAHONA,MINISTERIO DE AGRICULTURA,EMCV,34.0,23.5,0.0,https://indomet.gob.do/wp-content/uploads/2025/04/temperaturas-extremas-y-precipitaciones-2025x04x24-a.pdf
2025-04-24,035,CABRERA,MARÍA TRINIDAD SÁNCHEZ,ESCUELA ARÍSTIDES FIALLO CABRAL,EMCO,30.8,24.1,0.0,https://indomet.gob.do/wp-content/uploads/2025/04/temperaturas-extremas-y-precipitaciones-2025x04x24-a.pdf
2025-04-24,036,CONSTANZA,LA VEGA,MINISTERIO DE AGRICULTURA,EMCO,25.9,13.7,0.0,https://indomet.gob.do/wp-content/uploads/2025/04/temperaturas-extremas-y-precipitaciones-2025x04x24-a.pdf
2025-04-24,037,CONSTANZA (EMA),LA VEGA,PROGRAMA MUNDIAL DE ALIMENTO,EMAP,24.9,13.9,0.0,https://indomet.gob.do/wp-content/uploads/2025/04/temperaturas-extremas-y-precipitaciones-2025x04x24-a.pdf
2025-04-24,038,DAJABÓN,DAJABÓN,INSTITUTO POLITÉCNICO LOYOLA,EMCO,32.7,20.6,0.0,https://indomet.gob.do/wp-content/uploads/2025/04/temperaturas-extremas-y-precipitaciones-2025x04x24-a.pdf
2025-04-24,039,ESCONDIDO,PERAVIA,MINISTERIO DE AGRICULTURA,EMCV,33.0,23.0,0.0,https://indomet.gob.do/wp-content/uploads/2025/04/temperaturas-extremas-y-precipitaciones-2025x04x24-a.pdf
2025-04-24,040,GASPAR HERNÁNDEZ,ESPAILLAT,PROPIEDAD DEL EMPLEADO,EMCO,,,0.0,https://indomet.gob.do/wp-content/uploads/2025/04/temperaturas-extremas-y-precipitaciones-2025x04x24-a.pdf
2025-04-24,041,GURABO,SANTIAGO,MINISTERIO DE AGRICULTURA,EMCV,,,0.0,https://indomet.gob.do/wp-content/uploads/2025/04/temperaturas-extremas-y-precipitaciones-2025x04x24-a.pdf
2025-04-24,042,HATO MAYOR,HATO MAYOR,MINISTERIO DE AGRICULTURA,EMCV,,,0.0,https://indomet.gob.do/wp-content/uploads/2025/04/temperaturas-extremas-y-precipitaciones-2025x04x24-a.pdf
2025-04-24,043,JARABACOA,LA VEGA,INDRHI / MARENA,EMCO,30.4,17.2,0.0,https://indomet.gob.do/wp-content/uploads/2025/04/temperaturas-extremas-y-precipitaciones-2025x04x24-a.pdf
2025-04-24,044,JARABACOA (EMA),LA VEGA,PROGRAMA MUNDIAL DE ALIMENTO,EMAP,29.4,17.8,0.0,https://indomet.gob.do/wp-content/uploads/2025/04/temperaturas-extremas-y-precipitaciones-2025x04x24-a.pdf
2025-04-24,045,JARDÍN BOTÁNICO NACIONAL,DISTRITO NACIONAL,JARDÍN BOTÁNICO NACIONAL,EMCV,33.0,20.9,0.0,https://indomet.gob.do/wp-content/uploads/2025/04/temperaturas-extremas-y-precipitaciones-2025x04x24-a.pdf
2025-04-24,046,LA VEGA,LA VEGA,IATESA,EMCO,32.5,20.5,0.0,https://indomet.gob.do/wp-content/uploads/2025/04/temperaturas-extremas-y-precipitaciones-2025x04x24-a.pdf
2025-04-24,047,LA VICTORIA,SANTO DOMINGO,CUERPO DE BOMBEROS,EMCO,33.5,21.2,0.0,https://indomet.gob.do/wp-content/uploads/2025/04/temperaturas-extremas-y-precipitaciones-2025x04x24-a.pdf
2025-04-24,048,LAS CANAS (EMA),MONTE CRISTI,PROGRAMA MUNDIAL DE ALIMENTO,EMAP,26.9,21.3,0.0,https://indomet.gob.do/wp-content/uploads/2025/04/temperaturas-extremas-y-precipitaciones-2025x04x24-a.pdf
2025-04-24,049,LAS MATAS DE SANTA CRUZ (EMA,MONTE CRISTI,PROGRAMA MUNDIAL DE ALIMENTO,EMAP,30.5,20.7,0.0,https://indomet.gob.do/wp-content/uploads/2025/04/temperaturas-extremas-y-precipitaciones-2025x04x24-a.pdf
2025-04-24,050,LOS LLANOS,SAN PEDRO DE MACORÍS,MINISTERIO DE AGRICULTURA,EMCO,32.2,20.6,0.0,https://indomet.gob.do/wp-content/uploads/2025/04/temperaturas-extremas-y-precipitaciones-2025x04x24-a.pdf
2025-04-24,051,MAO,VALVERDE,INDRHI / MINISTERIO DE AGRICULTURA,EMCV,,,0.0,https://indomet.gob.do/wp-content/uploads/2025/04/temperaturas-extremas-y-precipitaciones-2025x04x24-a.pdf
2025-04-24,052,MONCIÓN (EMA),SANTIAGO RODRÍGUEZ,PROGRAMA MUNDIAL DE ALIMENTO,EMAP,30.7,18.4,0.0,https://indomet.gob.do/wp-content/uploads/2025/04/temperaturas-extremas-y-precipitaciones-2025x04x24-a.pdf
2025-04-24,053,MONTE CRISTI,MONTE CRISTI,ONAMET,EMCO,31.3,22.0,0.0,https://indomet.gob.do/wp-content/uploads/2025/04/temperaturas-extremas-y-precipitaciones-2025x04x24-a.pdf
2025-04-24,054,OLIVARES,PEDERNALES,INDRHI,EMCO,,,0.0,https://indomet.gob.do/wp-content/uploads/2025/04/temperaturas-extremas-y-precipitaciones-2025x04x24-a.pdf
2025-04-24,055,PADRE LAS CASAS,AZUA,HOSP. NTRA. SRA. DEL CARMEN,EMCO,33.0,19.5,0.0,https://indomet.gob.do/wp-content/uploads/2025/04/temperaturas-extremas-y-precipitaciones-2025x04x24-a.pdf
2025-04-24,056,PALO ÍNDIO,PUERTO PLATA,MINISTERIO DE AGRICULTURA,EMCO,,,0.0,https://indomet.gob.do/wp-content/uploads/2025/04/temperaturas-extremas-y-precipitaciones-2025x04x24-a.pdf
2025-04-24,057,PEDERNALES,PEDERNALES,INDRHI,EMCO,,,0.0,https://indomet.gob.do/wp-content/uploads/2025/04/temperaturas-extremas-y-precipitaciones-2025x04x24-a.pdf
2025-04-24,058,PONTÓN ABAJO (EMA),LA VEGA,MINISTERIO DE AGRICULTURA,EMAP,35.1,21.6,0.0,https://indomet.gob.do/wp-content/uploads/2025/04/temperaturas-extremas-y-precipitaciones-2025x04x24-a.pdf
2025-04-24,059,PRESA DE TAVERAS (EMA),LA VEGA,PROGRAMA MUNDIAL DE ALIMENTO,EMAP,31.4,19.8,0.0,https://indomet.gob.do/wp-content/uploads/2025/04/temperaturas-extremas-y-precipitaciones-2025x04x24-a.pdf
2025-04-24,060,RESTAURACIÓN,DAJABÓN,MINISTERIO DE AGRICULTURA,EMCO,22.7,16.1,0.0,https://indomet.gob.do/wp-content/uploads/2025/04/temperaturas-extremas-y-precipitaciones-2025x04x24-a.pdf
2025-04-24,061,SABANA DE LA MAR,HATO MAYOR,ONAMET,EMCO,29.0,21.0,0.0,https://indomet.gob.do/wp-content/uploads/2025/04/temperaturas-extremas-y-precipitaciones-2025x04x24-a.pdf
2025-04-24,062,SABANA GRANDE DE BOYÁ,MONTE PLATA,MINISTERIO DE AGRICULTURA,EMCV,,,0.0,https://indomet.gob.do/wp-content/uploads/2025/04/temperaturas-extremas-y-precipitaciones-2025x04x24-a.pdf
2025-04-24,063,SALCEDO,HERMANAS MIRABAL,PROPIEDAD DEL EMPLEADO,EMCO,,,0.0,https://indomet.gob.do/wp-content/uploads/2025/04/temperaturas-extremas-y-precipitaciones-2025x04x24-a.pdf
2025-04-24,064,SAMANÁ,SAMANÁ,COMANDANCIA DE PUERTO DE SAMANÁ,EMCO,30.0,20.0,0.0,https://indomet.gob.do/wp-content/uploads/2025/04/temperaturas-extremas-y-precipitaciones-2025x04x24-a.pdf
2025-04-24,065,SAN CRISTÓBAL,SAN CRISTÓBAL,INSTITUTO POLITÉCNICO LOYOLA,EMCO,33.2,20.2,0.0,https://indomet.gob.do/wp-content/uploads/2025/04/temperaturas-extremas-y-precipitaciones-2025x04x24-a.pdf
2025-04-24,066,SAN FRANCISCO DE MACORÍS,DUARTE,San Francisco de Macorís (UASD),EMCO,30.0,19.7,0.0,https://indomet.gob.do/wp-content/uploads/2025/04/temperaturas-extremas-y-precipitaciones-2025x04x24-a.pdf
2025-04-24,067,SAN JOSÉ DE OCOA,SAN JOSÉ DE OCOA,HOSP. SAN JOSÉ DE OCOA,EMCO,31.8,,0.0,https://indomet.gob.do/wp-content/uploads/2025/04/temperaturas-extremas-y-precipitaciones-2025x04x24-a.pdf
2025-04-24,068,SAN RAFAEL DEL YUMA,LA ALTAGRACIA,MINISTERIO DE AGRICULTURA,EMCO,33.9,20.4,0.0,https://indomet.gob.do/wp-content/uploads/2025/04/temperaturas-extremas-y-precipitaciones-2025x04x24-a.pdf
2025-04-24,069,SANTIAGO RODRÍGUEZ,SANTIAGO RODRÍGUEZ,ONAMET,EMCO,33.0,20.4,0.0,https://indomet.gob.do/wp-content/uploads/2025/04/temperaturas-extremas-y-precipitaciones-2025x04x24-a.pdf
2025-04-24,070,SANTO DOMINGO ESTE,SANTO DOMINGO,ONAMET,EMCO,33.6,23.4,0.0,https://indomet.gob.do/wp-content/uploads/2025/04/temperaturas-extremas-y-precipitaciones-2025x04x24-a.pdf
2025-04-24,071,VALLE NUEVO (EMA),LA VEGA,MARENA,EMAO,19.3,3.9,0.0,https://indomet.gob.do/wp-content/uploads/2025/04/temperaturas-extremas-y-precipitaciones-2025x04x24-a.pdf
2025-04-24,072,VILLA ALTAGRACIA,SAN CRISTÓBAL,ESCUELA JAVIER ANGULO GURIDI,EMCO,,,0.0,https://indomet.gob.do/wp-content/uploads/2025/04/temperaturas-extremas-y-precipitaciones-2025x04x24-a.pdf
2025-04-24,073,VILLA GONZALES,SANTIAGO,MINISTERIO DE AGRICULTURA,EMCO,,,0.0,https://indomet.gob.do/wp-content/uploads/2025/04/temperaturas-extremas-y-precipitaciones-2025x04x24-a.pdf
2025-04-24,074,VILLA ISABELA,PUERTO PLATA,MINISTERIO DE AGRICULTURA,EMCV,,,0.0,https://indomet.gob.do/wp-content/uploads/2025/04/temperaturas-extremas-y-precipitaciones-2025x04x24-a.pdf
2025-04-24,075,VILLA RIVA,DUARTE,HOSP. MPAL. ALICIA DE LEGENDRE,EMCO,32.0,19.4,0.0,https://indomet.gob.do/wp-content/uploads/2025/04/temperaturas-extremas-y-precipitaciones-2025x04x24-a.pdf
2025-04-25,001,SAN CRISTÓBAL,SAN CRISTÓBAL,INSTITUTO POLITÉCNICO LOYOLA,EMCO,32.2,20.2,58.9,https://indomet.gob.do/wp-content/uploads/2025/04/temperaturas-extremas-y-precipitaciones-2025x04x25-a.pdf
2025-04-25,002,ARPT. LA ISABELA,SANTO DOMINGO,ONAMET,EMCO,33.5,21.0,57.0,https://indomet.gob.do/wp-content/uploads/2025/04/temperaturas-extremas-y-precipitaciones-2025x04x25-a.pdf
2025-04-25,003,JUMA BEJUCAL,MONSEÑOR NOUEL,IDIAF,EMCV,30.6,20.4,43.6,https://indomet.gob.do/wp-content/uploads/2025/04/temperaturas-extremas-y-precipitaciones-2025x04x25-a.pdf
2025-04-25,004,SANTIAGO RODRÍGUEZ,SANTIAGO RODRÍGUEZ,ONAMET,EMCO,34.0,21.0,37.2,https://indomet.gob.do/wp-content/uploads/2025/04/temperaturas-extremas-y-precipitaciones-2025x04x25-a.pdf
2025-04-25,005,BANI (EMA),PERAVIA,MINISTERIO DE AGRICULTURA,EMAP,32.7,22.6,13.0,https://indomet.gob.do/wp-content/uploads/2025/04/temperaturas-extremas-y-precipitaciones-2025x04x25-a.pdf
2025-04-25,006,VILLA ALTAGRACIA,SAN CRISTÓBAL,ESCUELA JAVIER ANGULO GURIDI,EMCO,,,11.9,https://indomet.gob.do/wp-content/uploads/2025/04/temperaturas-extremas-y-precipitaciones-2025x04x25-a.pdf
2025-04-25,007,SAN RAFAEL DEL YUMA,LA ALTAGRACIA,MINISTERIO DE AGRICULTURA,EMCO,33.9,20.6,11.7,https://indomet.gob.do/wp-content/uploads/2025/04/temperaturas-extremas-y-precipitaciones-2025x04x25-a.pdf
2025-04-25,008,JIMANÍ,INDEPENDENCIA,MINISTERIO DE AGRICULTURA,EMCO,35.0,22.5,10.8,https://indomet.gob.do/wp-content/uploads/2025/04/temperaturas-extremas-y-precipitaciones-2025x04x25-a.pdf
2025-04-25,009,POLO,BARAHONA,INDOCAFE,EMCO,28.5,18.5,7.2,https://indomet.gob.do/wp-content/uploads/2025/04/temperaturas-extremas-y-precipitaciones-2025x04x25-a.pdf
2025-04-25,010,ALTO BANDERA (EMA),LA VEGA,INTEC,EMAP,13.7,6.3,6.1,https://indomet.gob.do/wp-content/uploads/2025/04/temperaturas-extremas-y-precipitaciones-2025x04x25-a.pdf
2025-04-25,011,LA VICTORIA,SANTO DOMINGO,CUERPO DE BOMBEROS,EMCO,34.0,22.0,5.4,https://indomet.gob.do/wp-content/uploads/2025/04/temperaturas-extremas-y-precipitaciones-2025x04x25-a.pdf
2025-04-25,012,SAN JOSÉ DE OCOA,SAN JOSÉ DE OCOA,HOSP. SAN JOSÉ DE OCOA,EMCO,31.9,,5.4,https://indomet.gob.do/wp-content/uploads/2025/04/temperaturas-extremas-y-precipitaciones-2025x04x25-a.pdf
2025-04-25,013,BONAO,MONSEÑOR NOUEL,MINISTERIO DE AGRICULTURA,EMCV,,,5.3,https://indomet.gob.do/wp-content/uploads/2025/04/temperaturas-extremas-y-precipitaciones-2025x04x25-a.pdf
2025-04-25,014,HONDO VALLE,ELÍAS PIÑA,MINISTERIO DE AGRICULTURA,EMCO,25.4,16.0,5.3,https://indomet.gob.do/wp-content/uploads/2025/04/temperaturas-extremas-y-precipitaciones-2025x04x25-a.pdf
2025-04-25,015,LA VEGA,LA VEGA,IATESA,EMCO,32.6,20.5,4.3,https://indomet.gob.do/wp-content/uploads/2025/04/temperaturas-extremas-y-precipitaciones-2025x04x25-a.pdf
2025-04-25,016,VALLE NUEVO (EMA),LA VEGA,MARENA,EMAO,17.9,7.2,3.8,https://indomet.gob.do/wp-content/uploads/2025/04/temperaturas-extremas-y-precipitaciones-2025x04x25-a.pdf
2025-04-25,017,ENRIQUILLO,BARAHONA,MINISTERIO DE AGRICULTURA,EMCV,31.5,23.5,2.8,https://indomet.gob.do/wp-content/uploads/2025/04/temperaturas-extremas-y-precipitaciones-2025x04x25-a.pdf
2025-04-25,018,RANCHO ARRIBA,SAN JOSÉ DE OCOA,CENTRO TECNOLÓGICO COMUNITARIO,EMCO,28.9,17.6,2.5,https://indomet.gob.do/wp-content/uploads/2025/04/temperaturas-extremas-y-precipitaciones-2025x04x25-a.pdf
2025-04-25,020,GURABO,SANTIAGO,MINISTERIO DE AGRICULTURA,EMCV,,,1.3,https://indomet.gob.do/wp-content/uploads/2025/04/temperaturas-extremas-y-precipitaciones-2025x04x25-a.pdf
2025-04-25,021,JARABACOA,LA VEGA,INDRHI / MARENA,EMCO,30.2,17.6,0.5,https://indomet.gob.do/wp-content/uploads/2025/04/temperaturas-extremas-y-precipitaciones-2025x04x25-a.pdf
2025-04-25,022,JARABACOA (EMA),LA VEGA,PROGRAMA MUNDIAL DE ALIMENTO,EMAP,29.3,17.9,0.4,https://indomet.gob.do/wp-content/uploads/2025/04/temperaturas-extremas-y-precipitaciones-2025x04x25-a.pdf
2025-04-25,023,EL FACTOR (EMA),MARÍA TRINIDAD SÁNCHEZ,INTEC,EMAP,30.8,21.1,0.3,https://indomet.gob.do/wp-content/uploads/2025/04/temperaturas-extremas-y-precipitaciones-2025x04x25-a.pdf
2025-04-25,024,CENTRO DE LOS HEROES (EMA),DISTRITO NACIONAL,MINISTERIO DE ENERGIA Y MINA,EMAP,31.6,24.3,0.2,https://indomet.gob.do/wp-content/uploads/2025/04/temperaturas-extremas-y-precipitaciones-2025x04x25-a.pdf
2025-04-25,025,PRESA DE TAVERAS (EMA),LA VEGA,PROGRAMA MUNDIAL DE ALIMENTO,EMAP,31.8,20.0,0.2,https://indomet.gob.do/wp-content/uploads/2025/04/temperaturas-extremas-y-precipitaciones-2025x04x25-a.pdf
2025-04-25,026,SABANETA (EMA),SANTIAGO RODRÍGUEZ,PROGRAMA MUNDIAL DE ALIMENTO,EMAP,33.8,20.9,0.2,https://indomet.gob.do/wp-content/uploads/2025/04/temperaturas-extremas-y-precipitaciones-2025x04x25-a.pdf
2025-04-25,027,CABRAL,BARAHONA,MINISTERIO DE AGRICULTURA,EMCV,33.8,23.5,0.1,https://indomet.gob.do/wp-content/uploads/2025/04/temperaturas-extremas-y-precipitaciones-2025x04x25-a.pdf
2025-04-25,028,ALTAMIRA,PUERTO PLATA,HOSP. MPAL. DE ALTAMIRA,EMCO,30.7,18.4,0.0,https://indomet.gob.do/wp-content/uploads/2025/04/temperaturas-extremas-y-precipitaciones-2025x04x25-a.pdf
2025-04-25,029,ANAMUYA (EMA),LA ALTAGRACIA,MINISTERIO DE AGRICULTURA,EMAP,31.4,21.5,0.0,https://indomet.gob.do/wp-content/uploads/2025/04/temperaturas-extremas-y-precipitaciones-2025x04x25-a.pdf
2025-04-25,030,ARPT. ARROYO BARRIL,SAMANÁ,ONAMET,EMCO,30.0,22.0,0.0,https://indomet.gob.do/wp-content/uploads/2025/04/temperaturas-extremas-y-precipitaciones-2025x04x25-a.pdf
2025-04-25,031,ARPT. DE LA ROMANA,LA ROMANA,ONAMET,EMCO,31.5,19.0,0.0,https://indomet.gob.do/wp-content/uploads/2025/04/temperaturas-extremas-y-precipitaciones-2025x04x25-a.pdf
2025-04-25,032,ARPT. DE LAS AMÉRICAS,SANTO DOMINGO,ONAMET,EMCO,32.5,21.0,0.0,https://indomet.gob.do/wp-content/uploads/2025/04/temperaturas-extremas-y-precipitaciones-2025x04x25-a.pdf
2025-04-25,033,ARPT. DE PUNTA CANA,LA ALTAGRACIA,ONAMET,EMCO,30.4,20.3,0.0,https://indomet.gob.do/wp-content/uploads/2025/04/temperaturas-extremas-y-precipitaciones-2025x04x25-a.pdf
2025-04-25,034,ARPT. DEL CIBAO,SANTIAGO,ONAMET,EMCO,32.0,19.4,0.0,https://indomet.gob.do/wp-content/uploads/2025/04/temperaturas-extremas-y-precipitaciones-2025x04x25-a.pdf
2025-04-25,035,ARPT. EL CATEY,SAMANÁ,ONAMET,EMCO,31.0,20.0,0.0,https://indomet.gob.do/wp-content/uploads/2025/04/temperaturas-extremas-y-precipitaciones-2025x04x25-a.pdf
2025-04-25,036,ARPT. GREGORIO LUPERÓN,PUERTO PLATA,ONAMET,EMCO,29.6,21.2,0.0,https://indomet.gob.do/wp-content/uploads/2025/04/temperaturas-extremas-y-precipitaciones-2025x04x25-a.pdf
2025-04-25,037,ARPT. MARÍA MONTEZ,BARAHONA,ONAMET,EMCO,31.8,23.4,0.0,https://indomet.gob.do/wp-content/uploads/2025/04/temperaturas-extremas-y-precipitaciones-2025x04x25-a.pdf
2025-04-25,038,BAYAGUANA,MONTE PLATA,ONAMET,EMCO,32.8,19.4,0.0,https://indomet.gob.do/wp-content/uploads/2025/04/temperaturas-extremas-y-precipitaciones-2025x04x25-a.pdf
2025-04-25,039,BOCA DE MAO (EMA),VALVERDE,MINISTERIO DE AGRICULTURA,EMAP,32.3,20.5,0.0,https://indomet.gob.do/wp-content/uploads/2025/04/temperaturas-extremas-y-precipitaciones-2025x04x25-a.pdf
2025-04-25,040,CABRERA,MARÍA TRINIDAD SÁNCHEZ,ESCUELA ARÍSTIDES FIALLO CABRAL,EMCO,31.4,24.5,0.0,https://indomet.gob.do/wp-content/uploads/2025/04/temperaturas-extremas-y-precipitaciones-2025x04x25-a.pdf
2025-04-25,041,CONSTANZA,LA VEGA,MINISTERIO DE AGRICULTURA,EMCO,25.6,14.0,0.0,https://indomet.gob.do/wp-content/uploads/2025/04/temperaturas-extremas-y-precipitaciones-2025x04x25-a.pdf
2025-04-25,042,CONSTANZA (EMA),LA VEGA,PROGRAMA MUNDIAL DE ALIMENTO,EMAP,24.7,14.4,0.0,https://indomet.gob.do/wp-content/uploads/2025/04/temperaturas-extremas-y-precipitaciones-2025x04x25-a.pdf
2025-04-25,043,DAJABÓN,DAJABÓN,INSTITUTO POLITÉCNICO LOYOLA,EMCO,33.3,19.1,0.0,https://indomet.gob.do/wp-content/uploads/2025/04/temperaturas-extremas-y-precipitaciones-2025x04x25-a.pdf
2025-04-25,044,ELÍAS PIÑA,ELÍAS PIÑA,MINISTERIO DE AGRICULTURA,EMCV,,,0.0,https://indomet.gob.do/wp-content/uploads/2025/04/temperaturas-extremas-y-precipitaciones-2025x04x25-a.pdf
2025-04-25,045,GASPAR HERNÁNDEZ,ESPAILLAT,PROPIEDAD DEL EMPLEADO,EMCO,,,0.0,https://indomet.gob.do/wp-content/uploads/2025/04/temperaturas-extremas-y-precipitaciones-2025x04x25-a.pdf
2025-04-25,046,HATO MAYOR,HATO MAYOR,MINISTERIO DE AGRICULTURA,EMCV,,,0.0,https://indomet.gob.do/wp-content/uploads/2025/04/temperaturas-extremas-y-precipitaciones-2025x04x25-a.pdf
2025-04-25,047,LAS CANAS (EMA),MONTE CRISTI,PROGRAMA MUNDIAL DE ALIMENTO,EMAP,27.0,21.1,0.0,https://indomet.gob.do/wp-content/uploads/2025/04/temperaturas-extremas-y-precipitaciones-2025x04x25-a.pdf
2025-04-25,048,LAS MATAS DE SANTA CRUZ (EMA,MONTE CRISTI,PROGRAMA MUNDIAL DE ALIMENTO,EMAP,31.1,25.0,0.0,https://indomet.gob.do/wp-content/uploads/2025/04/temperaturas-extremas-y-precipitaciones-2025x04x25-a.pdf
2025-04-25,049,MAO,VALVERDE,INDRHI / MINISTERIO DE AGRICULTURA,EMCV,,,0.0,https://indomet.gob.do/wp-content/uploads/2025/04/temperaturas-extremas-y-precipitaciones-2025x04x25-a.pdf
2025-04-25,050,MONCIÓN (EMA),SANTIAGO RODRÍGUEZ,PROGRAMA MUNDIAL DE ALIMENTO,EMAP,31.3,19.2,0.0,https://indomet.gob.do/wp-content/uploads/2025/04/temperaturas-extremas-y-precipitaciones-2025x04x25-a.pdf
2025-04-25,051,MONTE CRISTI,MONTE CRISTI,ONAMET,EMCO,31.5,22.0,0.0,https://indomet.gob.do/wp-content/uploads/2025/04/temperaturas-extremas-y-precipitaciones-2025x04x25-a.pdf
2025-04-25,052,NAVARRETE,SANTIAGO,MINISTERIO DE AGRICULTURA,EMCV,,,0.0,https://indomet.gob.do/wp-content/uploads/2025/04/temperaturas-extremas-y-precipitaciones-2025x04x25-a.pdf
2025-04-25,053,OLIVARES,PEDERNALES,INDRHI,EMCO,,,0.0,https://indomet.gob.do/wp-content/uploads/2025/04/temperaturas-extremas-y-precipitaciones-2025x04x25-a.pdf
2025-04-25,054,OVIEDO,PEDERNALES,CLÍNICA RURAL OVIEDO,EMCO,32.0,22.5,0.0,https://indomet.gob.do/wp-content/uploads/2025/04/temperaturas-extremas-y-precipitaciones-2025x04x25-a.pdf
2025-04-25,055,PADRE LAS CASAS,AZUA,HOSP. NTRA. SRA. DEL CARMEN,EMCO,33.5,21.0,0.0,https://indomet.gob.do/wp-content/uploads/2025/04/temperaturas-extremas-y-precipitaciones-2025x04x25-a.pdf
2025-04-25,056,PALO ÍNDIO,PUERTO PLATA,MINISTERIO DE AGRICULTURA,EMCO,,,0.0,https://indomet.gob.do/wp-content/uploads/2025/04/temperaturas-extremas-y-precipitaciones-2025x04x25-a.pdf
2025-04-25,057,PEDERNALES,PEDERNALES,INDRHI,EMCO,,,0.0,https://indomet.gob.do/wp-content/uploads/2025/04/temperaturas-extremas-y-precipitaciones-2025x04x25-a.pdf
2025-04-25,058,PERALTA,AZUA,HOSP. MPAL. DE PERALTA,EMCO,29.5,18.6,0.0,https://indomet.gob.do/wp-content/uploads/2025/04/temperaturas-extremas-y-precipitaciones-2025x04x25-a.pdf
2025-04-25,059,PESCADERIA (EMA),BARAHONA,MINISTERIO DE AGRICULTURA,EMAP,32.8,24.2,0.0,https://indomet.gob.do/wp-content/uploads/2025/04/temperaturas-extremas-y-precipitaciones-2025x04x25-a.pdf
2025-04-25,060,PONTÓN ABAJO (EMA),LA VEGA,MINISTERIO DE AGRICULTURA,EMAP,34.2,21.3,0.0,https://indomet.gob.do/wp-content/uploads/2025/04/temperaturas-extremas-y-precipitaciones-2025x04x25-a.pdf
2025-04-25,061,RESTAURACIÓN,DAJABÓN,MINISTERIO DE AGRICULTURA,EMCO,22.9,17.1,0.0,https://indomet.gob.do/wp-content/uploads/2025/04/temperaturas-extremas-y-precipitaciones-2025x04x25-a.pdf
2025-04-25,062,RÍO SAN JUAN,MARÍA TRINIDAD SÁNCHEZ,HOSP. MPAL. DR. DESIDERIO ACOSTA,EMCV,30.1,21.5,0.0,https://indomet.gob.do/wp-content/uploads/2025/04/temperaturas-extremas-y-precipitaciones-2025x04x25-a.pdf
2025-04-25,063,SABANA DE LA MAR,HATO MAYOR,ONAMET,EMCO,30.0,21.5,0.0,https://indomet.gob.do/wp-content/uploads/2025/04/temperaturas-extremas-y-precipitaciones-2025x04x25-a.pdf
2025-04-25,064,SABANA GRANDE DE BOYÁ,MONTE PLATA,MINISTERIO DE AGRICULTURA,EMCV,,,0.0,https://indomet.gob.do/wp-content/uploads/2025/04/temperaturas-extremas-y-precipitaciones-2025x04x25-a.pdf
2025-04-25,065,SALCEDO,HERMANAS MIRABAL,PROPIEDAD DEL EMPLEADO,EMCO,,,0.0,https://indomet.gob.do/wp-content/uploads/2025/04/temperaturas-extremas-y-precipitaciones-2025x04x25-a.pdf
2025-04-25,066,SAMANÁ,SAMANÁ,COMANDANCIA DE PUERTO DE SAMANÁ,EMCO,30.5,20.4,0.0,https://indomet.gob.do/wp-content/uploads/2025/04/temperaturas-extremas-y-precipitaciones-2025x04x25-a.pdf
2025-04-25,067,SÁNCHEZ,SAMANÁ,MINISTERIO DE AGRICULTURA,EMCO,30.3,21.0,0.0,https://indomet.gob.do/wp-content/uploads/2025/04/temperaturas-extremas-y-precipitaciones-2025x04x25-a.pdf
2025-04-25,068,SANTO DOMINGO ESTE,SANTO DOMINGO,ONAMET,EMCO,33.8,23.5,0.0,https://indomet.gob.do/wp-content/uploads/2025/04/temperaturas-extremas-y-precipitaciones-2025x04x25-a.pdf
2025-04-25,069,TÁBARA ABAJO,AZUA,INDRHI,EMCO,35.5,25.0,0.0,https://indomet.gob.do/wp-content/uploads/2025/04/temperaturas-extremas-y-precipitaciones-2025x04x25-a.pdf
2025-04-25,070,VILLA GONZALES,SANTIAGO,MINISTERIO DE AGRICULTURA,EMCO,,,0.0,https://indomet.gob.do/wp-content/uploads/2025/04/temperaturas-extremas-y-precipitaciones-2025x04x25-a.pdf
2025-04-26,001,JIMANÍ,INDEPENDENCIA,MINISTERIO DE AGRICULTURA,EMCO,34.4,21.4,32.7,https://indomet.gob.do/wp-content/uploads/2025/04/temperaturas-extremas-y-precipitaciones-2025x04x26-aB.pdf
2025-04-26,002,PALO ÍNDIO,PUERTO PLATA,MINISTERIO DE AGRICULTURA,EMCO,,,25.4,https://indomet.gob.do/wp-content/uploads/2025/04/temperaturas-extremas-y-precipitaciones-2025x04x26-aB.pdf
2025-04-26,003,LA VEGA,LA VEGA,IATESA,EMCO,32.0,19.5,23.5,https://indomet.gob.do/wp-content/uploads/2025/04/temperaturas-extremas-y-precipitaciones-2025x04x26-aB.pdf
2025-04-26,004,RANCHO ARRIBA,SAN JOSÉ DE OCOA,CENTRO TECNOLÓGICO COMUNITARIO,EMCO,31.0,16.1,22.7,https://indomet.gob.do/wp-content/uploads/2025/04/temperaturas-extremas-y-precipitaciones-2025x04x26-aB.pdf
2025-04-26,005,HATO MAYOR,HATO MAYOR,MINISTERIO DE AGRICULTURA,EMCV,,,18.3,https://indomet.gob.do/wp-content/uploads/2025/04/temperaturas-extremas-y-precipitaciones-2025x04x26-aB.pdf
2025-04-26,006,SABANA DE LA MAR,HATO MAYOR,ONAMET,EMCO,29.5,21.0,18.0,https://indomet.gob.do/wp-content/uploads/2025/04/temperaturas-extremas-y-precipitaciones-2025x04x26-aB.pdf
2025-04-26,007,SANTIAGO RODRÍGUEZ,SANTIAGO RODRÍGUEZ,ONAMET,EMCO,33.5,20.7,15.9,https://indomet.gob.do/wp-content/uploads/2025/04/temperaturas-extremas-y-precipitaciones-2025x04x26-aB.pdf
2025-04-26,008,SALCEDO,HERMANAS MIRABAL,PROPIEDAD DEL EMPLEADO,EMCO,,,10.0,https://indomet.gob.do/wp-content/uploads/2025/04/temperaturas-extremas-y-precipitaciones-2025x04x26-aB.pdf
2025-04-26,009,VILLA GONZALES,SANTIAGO,MINISTERIO DE AGRICULTURA,EMCO,,,6.6,https://indomet.gob.do/wp-content/uploads/2025/04/temperaturas-extremas-y-precipitaciones-2025x04x26-aB.pdf
2025-04-26,010,SANTO DOMINGO ESTE,SANTO DOMINGO,ONAMET,EMCO,32.3,24.0,4.8,https://indomet.gob.do/wp-content/uploads/2025/04/temperaturas-extremas-y-precipitaciones-2025x04x26-aB.pdf
2025-04-26,011,VILLA ISABELA,PUERTO PLATA,MINISTERIO DE AGRICULTURA,EMCV,,,4.6,https://indomet.gob.do/wp-content/uploads/2025/04/temperaturas-extremas-y-precipitaciones-2025x04x26-aB.pdf
2025-04-26,012,SAN RAFAEL DEL YUMA,LA ALTAGRACIA,MINISTERIO DE AGRICULTURA,EMCO,31.5,22.4,4.4,https://indomet.gob.do/wp-content/uploads/2025/04/temperaturas-extremas-y-precipitaciones-2025x04x26-aB.pdf
2025-04-26,013,SAMANÁ,SAMANÁ,COMANDANCIA DE PUERTO DE SAMANÁ,EMCO,32.0,21.3,4.2,https://indomet.gob.do/wp-content/uploads/2025/04/temperaturas-extremas-y-precipitaciones-2025x04x26-aB.pdf
2025-04-26,014,HONDO VALLE,ELÍAS PIÑA,MINISTERIO DE AGRICULTURA,EMCO,25.8,16.6,2.7,https://indomet.gob.do/wp-content/uploads/2025/04/temperaturas-extremas-y-precipitaciones-2025x04x26-aB.pdf
2025-04-26,015,ELÍAS PIÑA,ELÍAS PIÑA,MINISTERIO DE AGRICULTURA,EMCV,,,2.4,https://indomet.gob.do/wp-content/uploads/2025/04/temperaturas-extremas-y-precipitaciones-2025x04x26-aB.pdf
2025-04-26,016,CONSTANZA,LA VEGA,MINISTERIO DE AGRICULTURA,EMCO,26.2,12.3,1.9,https://indomet.gob.do/wp-content/uploads/2025/04/temperaturas-extremas-y-precipitaciones-2025x04x26-aB.pdf
2025-04-26,017,CONSTANZA (EMA),LA VEGA,PROGRAMA MUNDIAL DE ALIMENTO,EMAP,25.2,12.3,1.6,https://indomet.gob.do/wp-content/uploads/2025/04/temperaturas-extremas-y-precipitaciones-2025x04x26-aB.pdf
2025-04-26,018,ARPT. LA ISABELA,SANTO DOMINGO,ONAMET,EMCO,32.5,19.0,1.3,https://indomet.gob.do/wp-content/uploads/2025/04/temperaturas-extremas-y-precipitaciones-2025x04x26-aB.pdf
2025-04-26,019,JUMA BEJUCAL,MONSEÑOR NOUEL,IDIAF,EMCV,31.8,20.6,1.3,https://indomet.gob.do/wp-content/uploads/2025/04/temperaturas-extremas-y-precipitaciones-2025x04x26-aB.pdf
2025-04-26,020,ANAMUYA (EMA),LA ALTAGRACIA,MINISTERIO DE AGRICULTURA,EMAP,32.1,23.2,1.2,https://indomet.gob.do/wp-content/uploads/2025/04/temperaturas-extremas-y-precipitaciones-2025x04x26-aB.pdf
2025-04-26,021,BOCA DE MAO (EMA),VALVERDE,MINISTERIO DE AGRICULTURA,EMAP,33.7,20.4,1.0,https://indomet.gob.do/wp-content/uploads/2025/04/temperaturas-extremas-y-precipitaciones-2025x04x26-aB.pdf
2025-04-26,022,NAVARRETE,SANTIAGO,MINISTERIO DE AGRICULTURA,EMCV,,,0.8,https://indomet.gob.do/wp-content/uploads/2025/04/temperaturas-extremas-y-precipitaciones-2025x04x26-aB.pdf
2025-04-26,023,BONAO,MONSEÑOR NOUEL,MINISTERIO DE AGRICULTURA,EMCV,,,0.8,https://indomet.gob.do/wp-content/uploads/2025/04/temperaturas-extremas-y-precipitaciones-2025x04x26-aB.pdf
2025-04-26,024,POLO,BARAHONA,INDOCAFE,EMCO,28.2,16.5,0.6,https://indomet.gob.do/wp-content/uploads/2025/04/temperaturas-extremas-y-precipitaciones-2025x04x26-aB.pdf
2025-04-26,025,SABANETA (EMA),SANTIAGO RODRÍGUEZ,PROGRAMA MUNDIAL DE ALIMENTO,EMAP,33.7,20.1,0.4,https://indomet.gob.do/wp-content/uploads/2025/04/temperaturas-extremas-y-precipitaciones-2025x04x26-aB.pdf
2025-04-26,026,DAJABÓN,DAJABÓN,INSTITUTO POLITÉCNICO LOYOLA,EMCO,34.1,19.0,0.3,https://indomet.gob.do/wp-content/uploads/2025/04/temperaturas-extremas-y-precipitaciones-2025x04x26-aB.pdf
2025-04-26,027,PRESA DE TAVERAS (EMA),LA VEGA,PROGRAMA MUNDIAL DE ALIMENTO,EMAP,30.4,19.3,0.2,https://indomet.gob.do/wp-content/uploads/2025/04/temperaturas-extremas-y-precipitaciones-2025x04x26-aB.pdf
2025-04-26,028,VALLE NUEVO (EMA),LA VEGA,MARENA,EMAO,18.0,4.2,0.2,https://indomet.gob.do/wp-content/uploads/2025/04/temperaturas-extremas-y-precipitaciones-2025x04x26-aB.pdf
2025-04-26,029,JARABACOA,LA VEGA,INDRHI / MARENA,EMCO,29.4,16.0,0.1,https://indomet.gob.do/wp-content/uploads/2025/04/temperaturas-extremas-y-precipitaciones-2025x04x26-aB.pdf
2025-04-26,030,ALTAMIRA,PUERTO PLATA,HOSP. MPAL. DE ALTAMIRA,EMCO,31.3,18.4,0.0,https://indomet.gob.do/wp-content/uploads/2025/04/temperaturas-extremas-y-precipitaciones-2025x04x26-aB.pdf
2025-04-26,031,ALTO BANDERA (EMA),LA VEGA,INTEC,EMAP,12.7,6.6,0.0,https://indomet.gob.do/wp-content/uploads/2025/04/temperaturas-extremas-y-precipitaciones-2025x04x26-aB.pdf
2025-04-26,032,ARPT. ARROYO BARRIL,SAMANÁ,ONAMET,EMCO,30.4,22.0,0.0,https://indomet.gob.do/wp-content/uploads/2025/04/temperaturas-extremas-y-precipitaciones-2025x04x26-aB.pdf
2025-04-26,033,ARPT. DE LA ROMANA,LA ROMANA,ONAMET,EMCO,32.2,20.0,0.0,https://indomet.gob.do/wp-content/uploads/2025/04/temperaturas-extremas-y-precipitaciones-2025x04x26-aB.pdf
2025-04-26,034,ARPT. DE LAS AMÉRICAS,SANTO DOMINGO,ONAMET,EMCO,31.7,22.3,0.0,https://indomet.gob.do/wp-content/uploads/2025/04/temperaturas-extremas-y-precipitaciones-2025x04x26-aB.pdf
2025-04-26,035,ARPT. DE PUNTA CANA,LA ALTAGRACIA,ONAMET,EMCO,30.5,21.4,0.0,https://indomet.gob.do/wp-content/uploads/2025/04/temperaturas-extremas-y-precipitaciones-2025x04x26-aB.pdf
2025-04-26,036,ARPT. DEL CIBAO,SANTIAGO,ONAMET,EMCO,32.5,19.5,0.0,https://indomet.gob.do/wp-content/uploads/2025/04/temperaturas-extremas-y-precipitaciones-2025x04x26-aB.pdf
2025-04-26,037,ARPT. EL CATEY,SAMANÁ,ONAMET,EMCO,31.6,21.0,0.0,https://indomet.gob.do/wp-content/uploads/2025/04/temperaturas-extremas-y-precipitaciones-2025x04x26-aB.pdf
2025-04-26,038,ARPT. GREGORIO LUPERÓN,PUERTO PLATA,ONAMET,EMCO,29.8,23.0,0.0,https://indomet.gob.do/wp-content/uploads/2025/04/temperaturas-extremas-y-precipitaciones-2025x04x26-aB.pdf
2025-04-26,039,ARPT. MARÍA MONTEZ,BARAHONA,ONAMET,EMCO,31.8,24.0,0.0,https://indomet.gob.do/wp-content/uploads/2025/04/temperaturas-extremas-y-precipitaciones-2025x04x26-aB.pdf
2025-04-26,040,ARROYO LORO,SAN JUAN,IDIAF,EMCO,32.2,13.2,0.0,https://indomet.gob.do/wp-content/uploads/2025/04/temperaturas-extremas-y-precipitaciones-2025x04x26-aB.pdf
2025-04-26,041,BAYAGUANA,MONTE PLATA,ONAMET,EMCO,32.8,20.6,0.0,https://indomet.gob.do/wp-content/uploads/2025/04/temperaturas-extremas-y-precipitaciones-2025x04x26-aB.pdf
2025-04-26,042,CABRAL,BARAHONA,MINISTERIO DE AGRICULTURA,EMCV,34.4,21.5,0.0,https://indomet.gob.do/wp-content/uploads/2025/04/temperaturas-extremas-y-precipitaciones-2025x04x26-aB.pdf
2025-04-26,043,CABRERA,MARÍA TRINIDAD SÁNCHEZ,ESCUELA ARÍSTIDES FIALLO CABRAL,EMCO,31.3,23.5,0.0,https://indomet.gob.do/wp-content/uploads/2025/04/temperaturas-extremas-y-precipitaciones-2025x04x26-aB.pdf
2025-04-26,044,CENTRO DE LOS HEROES (EMA),DISTRITO NACIONAL,MINISTERIO DE ENERGIA Y MINA,EMAP,30.6,24.9,0.0,https://indomet.gob.do/wp-content/uploads/2025/04/temperaturas-extremas-y-precipitaciones-2025x04x26-aB.pdf
2025-04-26,045,EL FACTOR (EMA),MARÍA TRINIDAD SÁNCHEZ,INTEC,EMAP,31.2,21.8,0.0,https://indomet.gob.do/wp-content/uploads/2025/04/temperaturas-extremas-y-precipitaciones-2025x04x26-aB.pdf
2025-04-26,046,ENRIQUILLO,BARAHONA,MINISTERIO DE AGRICULTURA,EMCV,31.3,24.0,0.0,https://indomet.gob.do/wp-content/uploads/2025/04/temperaturas-extremas-y-precipitaciones-2025x04x26-aB.pdf
2025-04-26,047,ESCONDIDO,PERAVIA,MINISTERIO DE AGRICULTURA,EMCV,32.0,23.0,0.0,https://indomet.gob.do/wp-content/uploads/2025/04/temperaturas-extremas-y-precipitaciones-2025x04x26-aB.pdf
2025-04-26,048,GASPAR HERNÁNDEZ,ESPAILLAT,PROPIEDAD DEL EMPLEADO,EMCO,,,0.0,https://indomet.gob.do/wp-content/uploads/2025/04/temperaturas-extremas-y-precipitaciones-2025x04x26-aB.pdf
2025-04-26,049,GURABO,SANTIAGO,MINISTERIO DE AGRICULTURA,EMCV,,,0.0,https://indomet.gob.do/wp-content/uploads/2025/04/temperaturas-extremas-y-precipitaciones-2025x04x26-aB.pdf
2025-04-26,050,JARABACOA (EMA),LA VEGA,PROGRAMA MUNDIAL DE ALIMENTO,EMAP,28.7,16.8,0.0,https://indomet.gob.do/wp-content/uploads/2025/04/temperaturas-extremas-y-precipitaciones-2025x04x26-aB.pdf
2025-04-26,051,LA VICTORIA,SANTO DOMINGO,CUERPO DE BOMBEROS,EMCO,34.0,22.4,0.0,https://indomet.gob.do/wp-content/uploads/2025/04/temperaturas-extremas-y-precipitaciones-2025x04x26-aB.pdf
2025-04-26,052,LAS CANAS (EMA),MONTE CRISTI,PROGRAMA MUNDIAL DE ALIMENTO,EMAP,27.6,20.5,0.0,https://indomet.gob.do/wp-content/uploads/2025/04/temperaturas-extremas-y-precipitaciones-2025x04x26-aB.pdf
2025-04-26,053,LAS MATAS DE SANTA CRUZ (EMA,MONTE CRISTI,PROGRAMA MUNDIAL DE ALIMENTO,EMAP,33.9,20.8,0.0,https://indomet.gob.do/wp-content/uploads/2025/04/temperaturas-extremas-y-precipitaciones-2025x04x26-aB.pdf
2025-04-26,054,LOS LLANOS,SAN PEDRO DE MACORÍS,MINISTERIO DE AGRICULTURA,EMCO,29.6,22.0,0.0,https://indomet.gob.do/wp-content/uploads/2025/04/temperaturas-extremas-y-precipitaciones-2025x04x26-aB.pdf
2025-04-26,055,MAO,VALVERDE,INDRHI / MINISTERIO DE AGRICULTURA,EMCV,,,0.0,https://indomet.gob.do/wp-content/uploads/2025/04/temperaturas-extremas-y-precipitaciones-2025x04x26-aB.pdf
2025-04-26,056,MONCIÓN (EMA),SANTIAGO RODRÍGUEZ,PROGRAMA MUNDIAL DE ALIMENTO,EMAP,30.6,18.2,0.0,https://indomet.gob.do/wp-content/uploads/2025/04/temperaturas-extremas-y-precipitaciones-2025x04x26-aB.pdf
2025-04-26,057,MONTE CRISTI,MONTE CRISTI,ONAMET,EMCO,31.7,22.3,0.0,https://indomet.gob.do/wp-content/uploads/2025/04/temperaturas-extremas-y-precipitaciones-2025x04x26-aB.pdf
2025-04-26,058,OLIVARES,PEDERNALES,INDRHI,EMCO,,,0.0,https://indomet.gob.do/wp-content/uploads/2025/04/temperaturas-extremas-y-precipitaciones-2025x04x26-aB.pdf
2025-04-26,059,OVIEDO,PEDERNALES,CLÍNICA RURAL OVIEDO,EMCO,32.0,20.5,0.0,https://indomet.gob.do/wp-content/uploads/2025/04/temperaturas-extremas-y-precipitaciones-2025x04x26-aB.pdf
2025-04-26,060,PADRE LAS CASAS,AZUA,HOSP. NTRA. SRA. DEL CARMEN,EMCO,33.0,18.4,0.0,https://indomet.gob.do/wp-content/uploads/2025/04/temperaturas-extremas-y-precipitaciones-2025x04x26-aB.pdf
2025-04-26,061,PEDERNALES,PEDERNALES,INDRHI,EMCO,,,0.0,https://indomet.gob.do/wp-content/uploads/2025/04/temperaturas-extremas-y-precipitaciones-2025x04x26-aB.pdf
2025-04-26,062,PERALTA,AZUA,HOSP. MPAL. DE PERALTA,EMCO,32.6,20.0,0.0,https://indomet.gob.do/wp-content/uploads/2025/04/temperaturas-extremas-y-precipitaciones-2025x04x26-aB.pdf
2025-04-26,063,PESCADERIA (EMA),BARAHONA,MINISTERIO DE AGRICULTURA,EMAP,33.3,21.5,0.0,https://indomet.gob.do/wp-content/uploads/2025/04/temperaturas-extremas-y-precipitaciones-2025x04x26-aB.pdf
2025-04-26,064,PONTÓN ABAJO (EMA),LA VEGA,MINISTERIO DE AGRICULTURA,EMAP,33.8,19.8,0.0,https://indomet.gob.do/wp-content/uploads/2025/04/temperaturas-extremas-y-precipitaciones-2025x04x26-aB.pdf
2025-04-26,065,RESTAURACIÓN,DAJABÓN,MINISTERIO DE AGRICULTURA,EMCO,21.2,16.9,0.0,https://indomet.gob.do/wp-content/uploads/2025/04/temperaturas-extremas-y-precipitaciones-2025x04x26-aB.pdf
2025-04-26,066,RÍO SAN JUAN,MARÍA TRINIDAD SÁNCHEZ,HOSP. MPAL. DR. DESIDERIO ACOSTA,EMCV,31.4,21.0,0.0,https://indomet.gob.do/wp-content/uploads/2025/04/temperaturas-extremas-y-precipitaciones-2025x04x26-aB.pdf
2025-04-26,067,SABANA GRANDE DE BOYÁ,MONTE PLATA,MINISTERIO DE AGRICULTURA,EMCV,,,0.0,https://indomet.gob.do/wp-content/uploads/2025/04/temperaturas-extremas-y-precipitaciones-2025x04x26-aB.pdf
2025-04-26,068,SAN CRISTÓBAL,SAN CRISTÓBAL,INSTITUTO POLITÉCNICO LOYOLA,EMCO,32.4,21.0,0.0,https://indomet.gob.do/wp-content/uploads/2025/04/temperaturas-extremas-y-precipitaciones-2025x04x26-aB.pdf
2025-04-26,069,SAN JOSÉ DE OCOA,SAN JOSÉ DE OCOA,HOSP. SAN JOSÉ DE OCOA,EMCO,31.7,,0.0,https://indomet.gob.do/wp-content/uploads/2025/04/temperaturas-extremas-y-precipitaciones-2025x04x26-aB.pdf
2025-04-26,070,SÁNCHEZ,SAMANÁ,MINISTERIO DE AGRICULTURA,EMCO,30.6,20.2,0.0,https://indomet.gob.do/wp-content/uploads/2025/04/temperaturas-extremas-y-precipitaciones-2025x04x26-aB.pdf
2025-04-26,071,TÁBARA ABAJO,AZUA,INDRHI,EMCO,34.6,19.0,0.0,https://indomet.gob.do/wp-content/uploads/2025/04/temperaturas-extremas-y-precipitaciones-2025x04x26-aB.pdf
2025-04-27,001,RÍO SAN JUAN,MARÍA TRINIDAD SÁNCHEZ,HOSP. MPAL. DR. DESIDERIO ACOSTA,EMCV,30.3,22.4,135.6,https://indomet.gob.do/wp-content/uploads/2025/04/temperaturas-extremas-y-precipitaciones-2025x04x27b.pdf
2025-04-27,002,LA VEGA,LA VEGA,IATESA,EMCO,33.0,20.8,74.0,https://indomet.gob.do/wp-content/uploads/2025/04/temperaturas-extremas-y-precipitaciones-2025x04x27b.pdf
2025-04-27,003,ARPT. DEL CIBAO,SANTIAGO,ONAMET,EMCO,32.4,19.6,63.0,https://indomet.gob.do/wp-content/uploads/2025/04/temperaturas-extremas-y-precipitaciones-2025x04x27b.pdf
2025-04-27,004,GURABO,SANTIAGO,MINISTERIO DE AGRICULTURA,EMCV,,,53.3,https://indomet.gob.do/wp-content/uploads/2025/04/temperaturas-extremas-y-precipitaciones-2025x04x27b.pdf
2025-04-27,005,BONAO,MONSEÑOR NOUEL,MINISTERIO DE AGRICULTURA,EMCV,,,50.5,https://indomet.gob.do/wp-content/uploads/2025/04/temperaturas-extremas-y-precipitaciones-2025x04x27b.pdf
2025-04-27,006,JIMANÍ,INDEPENDENCIA,MINISTERIO DE AGRICULTURA,EMCO,36.2,21.0,50.5,https://indomet.gob.do/wp-content/uploads/2025/04/temperaturas-extremas-y-precipitaciones-2025x04x27b.pdf
2025-04-27,007,TAMBORIL,SANTIAGO,MINISTERIO DE AGRICULTURA,EMCV,,,48.3,https://indomet.gob.do/wp-content/uploads/2025/04/temperaturas-extremas-y-precipitaciones-2025x04x27b.pdf
2025-04-27,008,RANCHO ARRIBA,SAN JOSÉ DE OCOA,CENTRO TECNOLÓGICO COMUNITARIO,EMCO,31.2,16.6,45.2,https://indomet.gob.do/wp-content/uploads/2025/04/temperaturas-extremas-y-precipitaciones-2025x04x27b.pdf
2025-04-27,009,BAYAGUANA,MONTE PLATA,ONAMET,EMCO,31.4,22.6,39.6,https://indomet.gob.do/wp-content/uploads/2025/04/temperaturas-extremas-y-precipitaciones-2025x04x27b.pdf
2025-04-27,010,SANTIAGO RODRÍGUEZ,SANTIAGO RODRÍGUEZ,ONAMET,EMCO,34.0,21.0,37.5,https://indomet.gob.do/wp-content/uploads/2025/04/temperaturas-extremas-y-precipitaciones-2025x04x27b.pdf
2025-04-27,011,ARROYO LORO,SAN JUAN,IDIAF,EMCO,34.0,13.0,35.6,https://indomet.gob.do/wp-content/uploads/2025/04/temperaturas-extremas-y-precipitaciones-2025x04x27b.pdf
2025-04-27,012,ALTAMIRA,PUERTO PLATA,HOSP. MPAL. DE ALTAMIRA,EMCO,33.1,18.5,33.6,https://indomet.gob.do/wp-content/uploads/2025/04/temperaturas-extremas-y-precipitaciones-2025x04x27b.pdf
2025-04-27,013,SAN JOSÉ DE OCOA,SAN JOSÉ DE OCOA,HOSP. SAN JOSÉ DE OCOA,EMCO,32.4,,33.0,https://indomet.gob.do/wp-content/uploads/2025/04/temperaturas-extremas-y-precipitaciones-2025x04x27b.pdf
2025-04-27,014,VILLA RIVA,DUARTE,HOSP. MPAL. ALICIA DE LEGENDRE,EMCO,30.0,21.3,30.4,https://indomet.gob.do/wp-content/uploads/2025/04/temperaturas-extremas-y-precipitaciones-2025x04x27b.pdf
2025-04-27,015,ARPT. GREGORIO LUPERÓN,PUERTO PLATA,ONAMET,EMCO,28.6,22.4,27.8,https://indomet.gob.do/wp-content/uploads/2025/04/temperaturas-extremas-y-precipitaciones-2025x04x27b.pdf
2025-04-27,016,ARPT. EL CATEY,SAMANÁ,ONAMET,EMCO,28.5,20.0,26.5,https://indomet.gob.do/wp-content/uploads/2025/04/temperaturas-extremas-y-precipitaciones-2025x04x27b.pdf
2025-04-27,017,GASPAR HERNÁNDEZ,ESPAILLAT,PROPIEDAD DEL EMPLEADO,EMCO,,,24.9,https://indomet.gob.do/wp-content/uploads/2025/04/temperaturas-extremas-y-precipitaciones-2025x04x27b.pdf
2025-04-27,018,EL CERCADO,SAN JUAN,MINISTERIO DE AGRICULTURA,EMCV,,,23.7,https://indomet.gob.do/wp-content/uploads/2025/04/temperaturas-extremas-y-precipitaciones-2025x04x27b.pdf
2025-04-27,019,ANAMUYA (EMA),LA ALTAGRACIA,MINISTERIO DE AGRICULTURA,EMAP,29.3,22.7,23.4,https://indomet.gob.do/wp-content/uploads/2025/04/temperaturas-extremas-y-precipitaciones-2025x04x27b.pdf
2025-04-27,020,JUMA BEJUCAL,MONSEÑOR NOUEL,IDIAF,EMCV,32.0,19.4,22.1,https://indomet.gob.do/wp-content/uploads/2025/04/temperaturas-extremas-y-precipitaciones-2025x04x27b.pdf
2025-04-27,021,LOS LLANOS,SAN PEDRO DE MACORÍS,MINISTERIO DE AGRICULTURA,EMCO,34.5,22.5,19.4,https://indomet.gob.do/wp-content/uploads/2025/04/temperaturas-extremas-y-precipitaciones-2025x04x27b.pdf
2025-04-27,022,MONCIÓN (EMA),SANTIAGO RODRÍGUEZ,PROGRAMA MUNDIAL DE ALIMENTO,EMAP,31.2,19.1,19.2,https://indomet.gob.do/wp-content/uploads/2025/04/temperaturas-extremas-y-precipitaciones-2025x04x27b.pdf
2025-04-27,023,SAN FRANCISCO DE MACORÍS,DUARTE,San Francisco de Macorís (UASD),EMCO,32.4,20.9,17.8,https://indomet.gob.do/wp-content/uploads/2025/04/temperaturas-extremas-y-precipitaciones-2025x04x27b.pdf
2025-04-27,024,ARPT. DE LA ROMANA,LA ROMANA,ONAMET,EMCO,29.6,21.6,15.0,https://indomet.gob.do/wp-content/uploads/2025/04/temperaturas-extremas-y-precipitaciones-2025x04x27b.pdf
2025-04-27,025,JARABACOA (EMA),LA VEGA,PROGRAMA MUNDIAL DE ALIMENTO,EMAP,29.5,18.6,14.8,https://indomet.gob.do/wp-content/uploads/2025/04/temperaturas-extremas-y-precipitaciones-2025x04x27b.pdf
2025-04-27,026,EL FACTOR (EMA),MARÍA TRINIDAD SÁNCHEZ,INTEC,EMAP,31.2,23.1,14.5,https://indomet.gob.do/wp-content/uploads/2025/04/temperaturas-extremas-y-precipitaciones-2025x04x27b.pdf
2025-04-27,027,JARABACOA,LA VEGA,INDRHI / MARENA,EMCO,30.8,18.4,13.0,https://indomet.gob.do/wp-content/uploads/2025/04/temperaturas-extremas-y-precipitaciones-2025x04x27b.pdf
2025-04-27,028,CONSTANZA,LA VEGA,MINISTERIO DE AGRICULTURA,EMCO,27.5,15.0,10.1,https://indomet.gob.do/wp-content/uploads/2025/04/temperaturas-extremas-y-precipitaciones-2025x04x27b.pdf
2025-04-27,029,CONSTANZA (EMA),LA VEGA,PROGRAMA MUNDIAL DE ALIMENTO,EMAP,26.1,14.9,10.0,https://indomet.gob.do/wp-content/uploads/2025/04/temperaturas-extremas-y-precipitaciones-2025x04x27b.pdf
2025-04-27,030,MAO,VALVERDE,INDRHI / MINISTERIO DE AGRICULTURA,EMCV,,,9.4,https://indomet.gob.do/wp-content/uploads/2025/04/temperaturas-extremas-y-precipitaciones-2025x04x27b.pdf
2025-04-27,031,ELÍAS PIÑA,ELÍAS PIÑA,MINISTERIO DE AGRICULTURA,EMCV,,,8.1,https://indomet.gob.do/wp-content/uploads/2025/04/temperaturas-extremas-y-precipitaciones-2025x04x27b.pdf
2025-04-27,032,VILLA GONZALES,SANTIAGO,MINISTERIO DE AGRICULTURA,EMCO,,,7.6,https://indomet.gob.do/wp-content/uploads/2025/04/temperaturas-extremas-y-precipitaciones-2025x04x27b.pdf
2025-04-27,033,VALLE NUEVO (EMA),LA VEGA,MARENA,EMAO,18.6,10.4,7.6,https://indomet.gob.do/wp-content/uploads/2025/04/temperaturas-extremas-y-precipitaciones-2025x04x27b.pdf
2025-04-27,034,ALTO BANDERA (EMA),LA VEGA,INTEC,EMAP,14.9,5.8,7.1,https://indomet.gob.do/wp-content/uploads/2025/04/temperaturas-extremas-y-precipitaciones-2025x04x27b.pdf
2025-04-27,035,CABRERA,MARÍA TRINIDAD SÁNCHEZ,ESCUELA ARÍSTIDES FIALLO CABRAL,EMCO,31.5,23.5,7.0,https://indomet.gob.do/wp-content/uploads/2025/04/temperaturas-extremas-y-precipitaciones-2025x04x27b.pdf
2025-04-27,036,HONDO VALLE,ELÍAS PIÑA,MINISTERIO DE AGRICULTURA,EMCO,25.6,16.3,6.6,https://indomet.gob.do/wp-content/uploads/2025/04/temperaturas-extremas-y-precipitaciones-2025x04x27b.pdf
2025-04-27,037,ARPT. ARROYO BARRIL,SAMANÁ,ONAMET,EMCO,29.8,21.0,5.8,https://indomet.gob.do/wp-content/uploads/2025/04/temperaturas-extremas-y-precipitaciones-2025x04x27b.pdf
2025-04-27,038,VILLA ALTAGRACIA,SAN CRISTÓBAL,ESCUELA JAVIER ANGULO GURIDI,EMCO,,,5.2,https://indomet.gob.do/wp-content/uploads/2025/04/temperaturas-extremas-y-precipitaciones-2025x04x27b.pdf
2025-04-27,039,LA VICTORIA,SANTO DOMINGO,CUERPO DE BOMBEROS,EMCO,30.5,23.0,3.0,https://indomet.gob.do/wp-content/uploads/2025/04/temperaturas-extremas-y-precipitaciones-2025x04x27b.pdf
2025-04-27,040,SANTO DOMINGO ESTE,SANTO DOMINGO,ONAMET,EMCO,33.0,25.0,2.8,https://indomet.gob.do/wp-content/uploads/2025/04/temperaturas-extremas-y-precipitaciones-2025x04x27b.pdf
2025-04-27,041,SABANA GRANDE DE BOYÁ,MONTE PLATA,MINISTERIO DE AGRICULTURA,EMCV,,,2.5,https://indomet.gob.do/wp-content/uploads/2025/04/temperaturas-extremas-y-precipitaciones-2025x04x27b.pdf
2025-04-27,042,BOCA DE MAO (EMA),VALVERDE,MINISTERIO DE AGRICULTURA,EMAP,33.3,20.7,2.0,https://indomet.gob.do/wp-content/uploads/2025/04/temperaturas-extremas-y-precipitaciones-2025x04x27b.pdf
2025-04-27,043,SÁNCHEZ,SAMANÁ,MINISTERIO DE AGRICULTURA,EMCO,31.3,21.5,1.6,https://indomet.gob.do/wp-content/uploads/2025/04/temperaturas-extremas-y-precipitaciones-2025x04x27b.pdf
2025-04-27,044,SABANA DE LA MAR,HATO MAYOR,ONAMET,EMCO,29.0,21.0,1.4,https://indomet.gob.do/wp-content/uploads/2025/04/temperaturas-extremas-y-precipitaciones-2025x04x27b.pdf
2025-04-27,045,NAVARRETE,SANTIAGO,MINISTERIO DE AGRICULTURA,EMCV,,,1.3,https://indomet.gob.do/wp-content/uploads/2025/04/temperaturas-extremas-y-precipitaciones-2025x04x27b.pdf
2025-04-27,046,ARPT. DE LAS AMÉRICAS,SANTO DOMINGO,ONAMET,EMCO,31.0,22.0,1.0,https://indomet.gob.do/wp-content/uploads/2025/04/temperaturas-extremas-y-precipitaciones-2025x04x27b.pdf
2025-04-27,047,LAS MATAS DE SANTA CRUZ (EMA,MONTE CRISTI,PROGRAMA MUNDIAL DE ALIMENTO,EMAP,29.0,20.6,1.0,https://indomet.gob.do/wp-content/uploads/2025/04/temperaturas-extremas-y-precipitaciones-2025x04x27b.pdf
2025-04-27,048,PALO ÍNDIO,PUERTO PLATA,MINISTERIO DE AGRICULTURA,EMCO,,,0.8,https://indomet.gob.do/wp-content/uploads/2025/04/temperaturas-extremas-y-precipitaciones-2025x04x27b.pdf
2025-04-27,049,HATO MAYOR,HATO MAYOR,MINISTERIO DE AGRICULTURA,EMCV,,,0.5,https://indomet.gob.do/wp-content/uploads/2025/04/temperaturas-extremas-y-precipitaciones-2025x04x27b.pdf
2025-04-27,050,ARPT. DE PUNTA CANA,LA ALTAGRACIA,ONAMET,EMCO,30.8,23.2,0.4,https://indomet.gob.do/wp-content/uploads/2025/04/temperaturas-extremas-y-precipitaciones-2025x04x27b.pdf
2025-04-27,051,SAN RAFAEL DEL YUMA,LA ALTAGRACIA,MINISTERIO DE AGRICULTURA,EMCO,32.0,22.6,0.4,https://indomet.gob.do/wp-content/uploads/2025/04/temperaturas-extremas-y-precipitaciones-2025x04x27b.pdf
2025-04-27,052,SABANETA (EMA),SANTIAGO RODRÍGUEZ,PROGRAMA MUNDIAL DE ALIMENTO,EMAP,34.4,20.3,0.2,https://indomet.gob.do/wp-content/uploads/2025/04/temperaturas-extremas-y-precipitaciones-2025x04x27b.pdf
2025-04-27,053,JARDÍN BOTÁNICO NACIONAL,DISTRITO NACIONAL,JARDÍN BOTÁNICO NACIONAL,EMCV,31.9,20.8,0.1,https://indomet.gob.do/wp-content/uploads/2025/04/temperaturas-extremas-y-precipitaciones-2025x04x27b.pdf
2025-04-27,054,POLO,BARAHONA,INDOCAFE,EMCO,30.0,15.6,0.1,https://indomet.gob.do/wp-content/uploads/2025/04/temperaturas-extremas-y-precipitaciones-2025x04x27b.pdf
2025-04-27,055,SALCEDO,HERMANAS MIRABAL,PROPIEDAD DEL EMPLEADO,EMCO,,,0.1,https://indomet.gob.do/wp-content/uploads/2025/04/temperaturas-extremas-y-precipitaciones-2025x04x27b.pdf
2025-04-27,056,ARPT. LA ISABELA,SANTO DOMINGO,ONAMET,EMCO,33.2,20.0,0.0,https://indomet.gob.do/wp-content/uploads/2025/04/temperaturas-extremas-y-precipitaciones-2025x04x27b.pdf
2025-04-27,057,ARPT. MARÍA MONTEZ,BARAHONA,ONAMET,EMCO,32.4,22.5,0.0,https://indomet.gob.do/wp-content/uploads/2025/04/temperaturas-extremas-y-precipitaciones-2025x04x27b.pdf
2025-04-27,058,CABRAL,BARAHONA,MINISTERIO DE AGRICULTURA,EMCV,34.8,21.7,0.0,https://indomet.gob.do/wp-content/uploads/2025/04/temperaturas-extremas-y-precipitaciones-2025x04x27b.pdf
2025-04-27,059,CENTRO DE LOS HEROES (EMA),DISTRITO NACIONAL,MINISTERIO DE ENERGIA Y MINA,EMAP,31.0,24.3,0.0,https://indomet.gob.do/wp-content/uploads/2025/04/temperaturas-extremas-y-precipitaciones-2025x04x27b.pdf
2025-04-27,060,DAJABÓN,DAJABÓN,INSTITUTO POLITÉCNICO LOYOLA,EMCO,32.3,19.6,0.0,https://indomet.gob.do/wp-content/uploads/2025/04/temperaturas-extremas-y-precipitaciones-2025x04x27b.pdf
2025-04-27,061,ENRIQUILLO,BARAHONA,MINISTERIO DE AGRICULTURA,EMCV,32.3,23.5,0.0,https://indomet.gob.do/wp-content/uploads/2025/04/temperaturas-extremas-y-precipitaciones-2025x04x27b.pdf
2025-04-27,062,ESCONDIDO,PERAVIA,MINISTERIO DE AGRICULTURA,EMCV,32.0,24.0,0.0,https://indomet.gob.do/wp-content/uploads/2025/04/temperaturas-extremas-y-precipitaciones-2025x04x27b.pdf
2025-04-27,063,LAS CANAS (EMA),MONTE CRISTI,PROGRAMA MUNDIAL DE ALIMENTO,EMAP,27.4,23.1,0.0,https://indomet.gob.do/wp-content/uploads/2025/04/temperaturas-extremas-y-precipitaciones-2025x04x27b.pdf
2025-04-27,064,MONTE CRISTI,MONTE CRISTI,ONAMET,EMCO,33.0,22.0,0.0,https://indomet.gob.do/wp-content/uploads/2025/04/temperaturas-extremas-y-precipitaciones-2025x04x27b.pdf
2025-04-27,065,OLIVARES,PEDERNALES,INDRHI,EMCO,,,0.0,https://indomet.gob.do/wp-content/uploads/2025/04/temperaturas-extremas-y-precipitaciones-2025x04x27b.pdf
2025-04-27,066,OVIEDO,PEDERNALES,CLÍNICA RURAL OVIEDO,EMCO,31.5,21.5,0.0,https://indomet.gob.do/wp-content/uploads/2025/04/temperaturas-extremas-y-precipitaciones-2025x04x27b.pdf
2025-04-27,067,PADRE LAS CASAS,AZUA,HOSP. NTRA. SRA. DEL CARMEN,EMCO,34.0,19.3,0.0,https://indomet.gob.do/wp-content/uploads/2025/04/temperaturas-extremas-y-precipitaciones-2025x04x27b.pdf
2025-04-27,068,PEDERNALES,PEDERNALES,INDRHI,EMCO,,,0.0,https://indomet.gob.do/wp-content/uploads/2025/04/temperaturas-extremas-y-precipitaciones-2025x04x27b.pdf
2025-04-27,069,PERALTA,AZUA,HOSP. MPAL. DE PERALTA,EMCO,31.0,17.5,0.0,https://indomet.gob.do/wp-content/uploads/2025/04/temperaturas-extremas-y-precipitaciones-2025x04x27b.pdf
2025-04-27,070,PESCADERIA (EMA),BARAHONA,MINISTERIO DE AGRICULTURA,EMAP,33.8,21.6,0.0,https://indomet.gob.do/wp-content/uploads/2025/04/temperaturas-extremas-y-precipitaciones-2025x04x27b.pdf
2025-04-27,071,PONTÓN ABAJO (EMA),LA VEGA,MINISTERIO DE AGRICULTURA,EMAP,33.8,21.1,0.0,https://indomet.gob.do/wp-content/uploads/2025/04/temperaturas-extremas-y-precipitaciones-2025x04x27b.pdf
2025-04-27,072,PRESA DE TAVERAS (EMA),LA VEGA,PROGRAMA MUNDIAL DE ALIMENTO,EMAP,31.4,19.8,0.0,https://indomet.gob.do/wp-content/uploads/2025/04/temperaturas-extremas-y-precipitaciones-2025x04x27b.pdf
2025-04-27,073,RESTAURACIÓN,DAJABÓN,MINISTERIO DE AGRICULTURA,EMCO,22.6,17.2,0.0,https://indomet.gob.do/wp-content/uploads/2025/04/temperaturas-extremas-y-precipitaciones-2025x04x27b.pdf
2025-04-27,074,SAMANÁ,SAMANÁ,COMANDANCIA DE PUERTO DE SAMANÁ,EMCO,31.4,22.0,0.0,https://indomet.gob.do/wp-content/uploads/2025/04/temperaturas-extremas-y-precipitaciones-2025x04x27b.pdf
2025-04-27,075,SAN CRISTÓBAL,SAN CRISTÓBAL,INSTITUTO POLITÉCNICO LOYOLA,EMCO,32.0,20.2,0.0,https://indomet.gob.do/wp-content/uploads/2025/04/temperaturas-extremas-y-precipitaciones-2025x04x27b.pdf
2025-04-27,076,TÁBARA ABAJO,AZUA,INDRHI,EMCO,35.6,20.5,0.0,https://indomet.gob.do/wp-content/uploads/2025/04/temperaturas-extremas-y-precipitaciones-2025x04x27b.pdf
2025-04-27,077,VILLA ISABELA,PUERTO PLATA,MINISTERIO DE AGRICULTURA,EMCV,,,0.0,https://indomet.gob.do/wp-content/uploads/2025/04/temperaturas-extremas-y-precipitaciones-2025x04x27b.pdf
2025-04-28,001,ALTAMIRA,PUERTO PLATA,HOSP. MPAL. DE ALTAMIRA,EMCO,28.4,20.9,116.4,https://indomet.gob.do/wp-content/uploads/2025/04/temperaturas-extremas-y-precipitaciones-2025x04x28-a.pdf
2025-04-28,002,GASPAR HERNÁNDEZ,ESPAILLAT,PROPIEDAD DEL EMPLEADO,EMCO,,,112.4,https://indomet.gob.do/wp-content/uploads/2025/04/temperaturas-extremas-y-precipitaciones-2025x04x28-a.pdf
2025-04-28,003,EL FACTOR (EMA),MARÍA TRINIDAD SÁNCHEZ,INTEC,EMAP,30.2,21.8,85.1,https://indomet.gob.do/wp-content/uploads/2025/04/temperaturas-extremas-y-precipitaciones-2025x04x28-a.pdf
2025-04-28,004,RÍO SAN JUAN,MARÍA TRINIDAD SÁNCHEZ,HOSP. MPAL. DR. DESIDERIO ACOSTA,EMCV,29.2,22.0,77.5,https://indomet.gob.do/wp-content/uploads/2025/04/temperaturas-extremas-y-precipitaciones-2025x04x28-a.pdf
2025-04-28,005,ARPT. GREGORIO LUPERÓN,PUERTO PLATA,ONAMET,EMCO,28.0,20.0,61.6,https://indomet.gob.do/wp-content/uploads/2025/04/temperaturas-extremas-y-precipitaciones-2025x04x28-a.pdf
2025-04-28,006,ARPT. EL CATEY,SAMANÁ,ONAMET,EMCO,28.0,20.0,60.5,https://indomet.gob.do/wp-content/uploads/2025/04/temperaturas-extremas-y-precipitaciones-2025x04x28-a.pdf
2025-04-28,007,SÁNCHEZ,SAMANÁ,MINISTERIO DE AGRICULTURA,EMCO,29.8,21.6,57.2,https://indomet.gob.do/wp-content/uploads/2025/04/temperaturas-extremas-y-precipitaciones-2025x04x28-a.pdf
2025-04-28,008,JUMA BEJUCAL,MONSEÑOR NOUEL,IDIAF,EMCV,29.8,20.2,55.3,https://indomet.gob.do/wp-content/uploads/2025/04/temperaturas-extremas-y-precipitaciones-2025x04x28-a.pdf
2025-04-28,009,BONAO,MONSEÑOR NOUEL,MINISTERIO DE AGRICULTURA,EMCV,,,53.6,https://indomet.gob.do/wp-content/uploads/2025/04/temperaturas-extremas-y-precipitaciones-2025x04x28-a.pdf
2025-04-28,010,MONCIÓN (EMA),SANTIAGO RODRÍGUEZ,PROGRAMA MUNDIAL DE ALIMENTO,EMAP,29.0,19.7,39.0,https://indomet.gob.do/wp-content/uploads/2025/04/temperaturas-extremas-y-precipitaciones-2025x04x28-a.pdf
2025-04-28,011,ANAMUYA (EMA),LA ALTAGRACIA,MINISTERIO DE AGRICULTURA,EMAP,30.2,23.4,33.7,https://indomet.gob.do/wp-content/uploads/2025/04/temperaturas-extremas-y-precipitaciones-2025x04x28-a.pdf
2025-04-28,012,SANTIAGO RODRÍGUEZ,SANTIAGO RODRÍGUEZ,ONAMET,EMCO,31.7,22.0,28.5,https://indomet.gob.do/wp-content/uploads/2025/04/temperaturas-extremas-y-precipitaciones-2025x04x28-a.pdf
2025-04-28,013,VILLA GONZALES,SANTIAGO,MINISTERIO DE AGRICULTURA,EMCO,,,25.4,https://indomet.gob.do/wp-content/uploads/2025/04/temperaturas-extremas-y-precipitaciones-2025x04x28-a.pdf
2025-04-28,014,ARROYO LORO,SAN JUAN,IDIAF,EMCO,35.0,10.0,22.3,https://indomet.gob.do/wp-content/uploads/2025/04/temperaturas-extremas-y-precipitaciones-2025x04x28-a.pdf
2025-04-28,015,GURABO,SANTIAGO,MINISTERIO DE AGRICULTURA,EMCV,,,20.8,https://indomet.gob.do/wp-content/uploads/2025/04/temperaturas-extremas-y-precipitaciones-2025x04x28-a.pdf
2025-04-28,016,PASO AL MEDIO,SAN PEDRO DE MACORÍS,INDRHI,EMCO,,,20.0,https://indomet.gob.do/wp-content/uploads/2025/04/temperaturas-extremas-y-precipitaciones-2025x04x28-a.pdf
2025-04-28,017,ALTO BANDERA (EMA),LA VEGA,INTEC,EMAP,15.7,6.6,17.0,https://indomet.gob.do/wp-content/uploads/2025/04/temperaturas-extremas-y-precipitaciones-2025x04x28-a.pdf
2025-04-28,018,ARPT. ARROYO BARRIL,SAMANÁ,ONAMET,EMCO,30.0,20.6,15.6,https://indomet.gob.do/wp-content/uploads/2025/04/temperaturas-extremas-y-precipitaciones-2025x04x28-a.pdf
2025-04-28,019,VILLA RIVA,DUARTE,HOSP. MPAL. ALICIA DE LEGENDRE,EMCO,28.0,20.5,15.2,https://indomet.gob.do/wp-content/uploads/2025/04/temperaturas-extremas-y-precipitaciones-2025x04x28-a.pdf
2025-04-28,020,VALLE NUEVO (EMA),LA VEGA,MARENA,EMAO,18.6,9.8,14.4,https://indomet.gob.do/wp-content/uploads/2025/04/temperaturas-extremas-y-precipitaciones-2025x04x28-a.pdf
2025-04-28,021,SABANA DE LA MAR,HATO MAYOR,ONAMET,EMCO,30.0,22.0,13.5,https://indomet.gob.do/wp-content/uploads/2025/04/temperaturas-extremas-y-precipitaciones-2025x04x28-a.pdf
2025-04-28,022,ARPT. DEL CIBAO,SANTIAGO,ONAMET,EMCO,29.7,20.0,13.0,https://indomet.gob.do/wp-content/uploads/2025/04/temperaturas-extremas-y-precipitaciones-2025x04x28-a.pdf
2025-04-28,023,LOS JENGIBRES,NAGUA,INDRHI,EMCO,,,13.0,https://indomet.gob.do/wp-content/uploads/2025/04/temperaturas-extremas-y-precipitaciones-2025x04x28-a.pdf
2025-04-28,024,SALCEDO,HERMANAS MIRABAL,PROPIEDAD DEL EMPLEADO,EMCO,,,12.3,https://indomet.gob.do/wp-content/uploads/2025/04/temperaturas-extremas-y-precipitaciones-2025x04x28-a.pdf
2025-04-28,025,RESTAURACIÓN,DAJABÓN,MINISTERIO DE AGRICULTURA,EMCO,21.4,17.5,11.3,https://indomet.gob.do/wp-content/uploads/2025/04/temperaturas-extremas-y-precipitaciones-2025x04x28-a.pdf
2025-04-28,026,LUPERÓN,PUERTO PLATA,MINISTERIO DE AGRICULTURA,EMCV,,,10.2,https://indomet.gob.do/wp-content/uploads/2025/04/temperaturas-extremas-y-precipitaciones-2025x04x28-a.pdf
2025-04-28,027,LA VEGA,LA VEGA,IATESA,EMCO,30.0,22.0,9.9,https://indomet.gob.do/wp-content/uploads/2025/04/temperaturas-extremas-y-precipitaciones-2025x04x28-a.pdf
2025-04-28,028,TAMBORIL,SANTIAGO,MINISTERIO DE AGRICULTURA,EMCV,,,8.9,https://indomet.gob.do/wp-content/uploads/2025/04/temperaturas-extremas-y-precipitaciones-2025x04x28-a.pdf
2025-04-28,029,VILLA ISABELA,PUERTO PLATA,MINISTERIO DE AGRICULTURA,EMCV,,,8.9,https://indomet.gob.do/wp-content/uploads/2025/04/temperaturas-extremas-y-precipitaciones-2025x04x28-a.pdf
2025-04-28,030,HONDO VALLE,ELÍAS PIÑA,MINISTERIO DE AGRICULTURA,EMCO,25.9,16.8,8.4,https://indomet.gob.do/wp-content/uploads/2025/04/temperaturas-extremas-y-precipitaciones-2025x04x28-a.pdf
2025-04-28,031,SAMANÁ,SAMANÁ,COMANDANCIA DE PUERTO DE SAMANÁ,EMCO,29.6,21.0,7.6,https://indomet.gob.do/wp-content/uploads/2025/04/temperaturas-extremas-y-precipitaciones-2025x04x28-a.pdf
2025-04-28,032,NAVARRETE,SANTIAGO,MINISTERIO DE AGRICULTURA,EMCV,,,6.1,https://indomet.gob.do/wp-content/uploads/2025/04/temperaturas-extremas-y-precipitaciones-2025x04x28-a.pdf
2025-04-28,033,JARABACOA (EMA),LA VEGA,PROGRAMA MUNDIAL DE ALIMENTO,EMAP,28.6,19.3,6.0,https://indomet.gob.do/wp-content/uploads/2025/04/temperaturas-extremas-y-precipitaciones-2025x04x28-a.pdf
2025-04-28,034,POLO,BARAHONA,INDOCAFE,EMCO,30.2,16.5,5.7,https://indomet.gob.do/wp-content/uploads/2025/04/temperaturas-extremas-y-precipitaciones-2025x04x28-a.pdf
2025-04-28,035,JARABACOA,LA VEGA,INDRHI / MARENA,EMCO,28.6,19.0,5.5,https://indomet.gob.do/wp-content/uploads/2025/04/temperaturas-extremas-y-precipitaciones-2025x04x28-a.pdf
2025-04-28,036,PALO ÍNDIO,PUERTO PLATA,MINISTERIO DE AGRICULTURA,EMCO,,,5.1,https://indomet.gob.do/wp-content/uploads/2025/04/temperaturas-extremas-y-precipitaciones-2025x04x28-a.pdf
2025-04-28,037,PADRE LAS CASAS,AZUA,HOSP. NTRA. SRA. DEL CARMEN,EMCO,33.4,18.0,4.8,https://indomet.gob.do/wp-content/uploads/2025/04/temperaturas-extremas-y-precipitaciones-2025x04x28-a.pdf
2025-04-28,038,CONSTANZA,LA VEGA,MINISTERIO DE AGRICULTURA,EMCO,27.5,15.0,4.6,https://indomet.gob.do/wp-content/uploads/2025/04/temperaturas-extremas-y-precipitaciones-2025x04x28-a.pdf
2025-04-28,039,SANTO DOMINGO ESTE,SANTO DOMINGO,ONAMET,EMCO,33.4,24.0,4.1,https://indomet.gob.do/wp-content/uploads/2025/04/temperaturas-extremas-y-precipitaciones-2025x04x28-a.pdf
2025-04-28,040,ARPT. DE LAS AMÉRICAS,SANTO DOMINGO,ONAMET,EMCO,32.0,23.0,3.8,https://indomet.gob.do/wp-content/uploads/2025/04/temperaturas-extremas-y-precipitaciones-2025x04x28-a.pdf
2025-04-28,041,CONSTANZA (EMA),LA VEGA,PROGRAMA MUNDIAL DE ALIMENTO,EMAP,25.2,15.3,3.8,https://indomet.gob.do/wp-content/uploads/2025/04/temperaturas-extremas-y-precipitaciones-2025x04x28-a.pdf
2025-04-28,042,MAO,VALVERDE,INDRHI / MINISTERIO DE AGRICULTURA,EMCV,,,3.5,https://indomet.gob.do/wp-content/uploads/2025/04/temperaturas-extremas-y-precipitaciones-2025x04x28-a.pdf
2025-04-28,043,ELÍAS PIÑA,ELÍAS PIÑA,MINISTERIO DE AGRICULTURA,EMCV,,,3.1,https://indomet.gob.do/wp-content/uploads/2025/04/temperaturas-extremas-y-precipitaciones-2025x04x28-a.pdf
2025-04-28,044,ENRIQUILLO,BARAHONA,MINISTERIO DE AGRICULTURA,EMCV,32.5,22.5,2.8,https://indomet.gob.do/wp-content/uploads/2025/04/temperaturas-extremas-y-precipitaciones-2025x04x28-a.pdf
2025-04-28,045,SAN FRANCISCO DE MACORÍS,DUARTE,San Francisco de Macorís (UASD),EMCO,30.9,22.5,1.6,https://indomet.gob.do/wp-content/uploads/2025/04/temperaturas-extremas-y-precipitaciones-2025x04x28-a.pdf
2025-04-28,046,HATO MAYOR,HATO MAYOR,MINISTERIO DE AGRICULTURA,EMCV,,,1.3,https://indomet.gob.do/wp-content/uploads/2025/04/temperaturas-extremas-y-precipitaciones-2025x04x28-a.pdf
2025-04-28,047,ARPT. DE LA ROMANA,LA ROMANA,ONAMET,EMCO,31.1,21.6,1.0,https://indomet.gob.do/wp-content/uploads/2025/04/temperaturas-extremas-y-precipitaciones-2025x04x28-a.pdf
2025-04-28,048,ARPT. DE PUNTA CANA,LA ALTAGRACIA,ONAMET,EMCO,31.0,22.6,1.0,https://indomet.gob.do/wp-content/uploads/2025/04/temperaturas-extremas-y-precipitaciones-2025x04x28-a.pdf
2025-04-28,049,BOCA DE MAO (EMA),VALVERDE,MINISTERIO DE AGRICULTURA,EMAP,31.9,21.9,0.8,https://indomet.gob.do/wp-content/uploads/2025/04/temperaturas-extremas-y-precipitaciones-2025x04x28-a.pdf
2025-04-28,050,RANCHO ARRIBA,SAN JOSÉ DE OCOA,CENTRO TECNOLÓGICO COMUNITARIO,EMCO,27.8,18.7,0.8,https://indomet.gob.do/wp-content/uploads/2025/04/temperaturas-extremas-y-precipitaciones-2025x04x28-a.pdf
2025-04-28,051,DAJABÓN,DAJABÓN,INSTITUTO POLITÉCNICO LOYOLA,EMCO,33.6,19.4,0.5,https://indomet.gob.do/wp-content/uploads/2025/04/temperaturas-extremas-y-precipitaciones-2025x04x28-a.pdf
2025-04-28,052,SABANETA (EMA),SANTIAGO RODRÍGUEZ,PROGRAMA MUNDIAL DE ALIMENTO,EMAP,31.4,21.2,0.4,https://indomet.gob.do/wp-content/uploads/2025/04/temperaturas-extremas-y-precipitaciones-2025x04x28-a.pdf
2025-04-28,053,SABANA GRANDE DE BOYÁ,MONTE PLATA,MINISTERIO DE AGRICULTURA,EMCV,,,0.1,https://indomet.gob.do/wp-content/uploads/2025/04/temperaturas-extremas-y-precipitaciones-2025x04x28-a.pdf
2025-04-28,054,SAN JOSÉ DE OCOA,SAN JOSÉ DE OCOA,HOSP. SAN JOSÉ DE OCOA,EMCO,31.4,,0.1,https://indomet.gob.do/wp-content/uploads/2025/04/temperaturas-extremas-y-precipitaciones-2025x04x28-a.pdf
2025-04-28,055,SAN RAFAEL DEL YUMA,LA ALTAGRACIA,MINISTERIO DE AGRICULTURA,EMCO,32.4,22.5,0.1,https://indomet.gob.do/wp-content/uploads/2025/04/temperaturas-extremas-y-precipitaciones-2025x04x28-a.pdf
2025-04-28,056,ARPT. LA ISABELA,SANTO DOMINGO,ONAMET,EMCO,32.4,21.0,0.0,https://indomet.gob.do/wp-content/uploads/2025/04/temperaturas-extremas-y-precipitaciones-2025x04x28-a.pdf
2025-04-28,057,ARPT. MARÍA MONTEZ,BARAHONA,ONAMET,EMCO,32.6,21.9,0.0,https://indomet.gob.do/wp-content/uploads/2025/04/temperaturas-extremas-y-precipitaciones-2025x04x28-a.pdf
2025-04-28,058,BAYAGUANA,MONTE PLATA,ONAMET,EMCO,31.8,22.2,0.0,https://indomet.gob.do/wp-content/uploads/2025/04/temperaturas-extremas-y-precipitaciones-2025x04x28-a.pdf
2025-04-28,059,CABRAL,BARAHONA,MINISTERIO DE AGRICULTURA,EMCV,34.4,22.3,0.0,https://indomet.gob.do/wp-content/uploads/2025/04/temperaturas-extremas-y-precipitaciones-2025x04x28-a.pdf
2025-04-28,060,CENTRO DE LOS HEROES (EMA),DISTRITO NACIONAL,MINISTERIO DE ENERGIA Y MINA,EMAP,32.7,24.7,0.0,https://indomet.gob.do/wp-content/uploads/2025/04/temperaturas-extremas-y-precipitaciones-2025x04x28-a.pdf
2025-04-28,061,EL SEIBO,EL SEIBO,MINISTERIO DE AGRICULTURA,EMCV,,,0.0,https://indomet.gob.do/wp-content/uploads/2025/04/temperaturas-extremas-y-precipitaciones-2025x04x28-a.pdf
2025-04-28,062,ESCONDIDO,PERAVIA,MINISTERIO DE AGRICULTURA,EMCV,33.0,23.0,0.0,https://indomet.gob.do/wp-content/uploads/2025/04/temperaturas-extremas-y-precipitaciones-2025x04x28-a.pdf
2025-04-28,063,LA VICTORIA,SANTO DOMINGO,CUERPO DE BOMBEROS,EMCO,32.8,23.0,0.0,https://indomet.gob.do/wp-content/uploads/2025/04/temperaturas-extremas-y-precipitaciones-2025x04x28-a.pdf
2025-04-28,064,LAS CANAS (EMA),MONTE CRISTI,PROGRAMA MUNDIAL DE ALIMENTO,EMAP,27.2,21.9,0.0,https://indomet.gob.do/wp-content/uploads/2025/04/temperaturas-extremas-y-precipitaciones-2025x04x28-a.pdf
2025-04-28,065,LAS MATAS DE SANTA CRUZ (EMA,MONTE CRISTI,PROGRAMA MUNDIAL DE ALIMENTO,EMAP,,,0.0,https://indomet.gob.do/wp-content/uploads/2025/04/temperaturas-extremas-y-precipitaciones-2025x04x28-a.pdf
2025-04-28,066,LOS LLANOS,SAN PEDRO DE MACORÍS,MINISTERIO DE AGRICULTURA,EMCO,32.4,22.3,0.0,https://indomet.gob.do/wp-content/uploads/2025/04/temperaturas-extremas-y-precipitaciones-2025x04x28-a.pdf
2025-04-28,067,MONTE CRISTI,MONTE CRISTI,ONAMET,EMCO,32.5,21.5,0.0,https://indomet.gob.do/wp-content/uploads/2025/04/temperaturas-extremas-y-precipitaciones-2025x04x28-a.pdf
2025-04-28,068,OLIVARES,PEDERNALES,INDRHI,EMCO,,,0.0,https://indomet.gob.do/wp-content/uploads/2025/04/temperaturas-extremas-y-precipitaciones-2025x04x28-a.pdf
2025-04-28,069,PEDERNALES,PEDERNALES,INDRHI,EMCO,,,0.0,https://indomet.gob.do/wp-content/uploads/2025/04/temperaturas-extremas-y-precipitaciones-2025x04x28-a.pdf
2025-04-28,070,PERALTA,AZUA,HOSP. MPAL. DE PERALTA,EMCO,31.8,19.0,0.0,https://indomet.gob.do/wp-content/uploads/2025/04/temperaturas-extremas-y-precipitaciones-2025x04x28-a.pdf
2025-04-28,071,PESCADERIA (EMA),BARAHONA,MINISTERIO DE AGRICULTURA,EMAP,33.9,22.3,0.0,https://indomet.gob.do/wp-content/uploads/2025/04/temperaturas-extremas-y-precipitaciones-2025x04x28-a.pdf
2025-04-28,072,PONTÓN ABAJO (EMA),LA VEGA,MINISTERIO DE AGRICULTURA,EMAP,31.6,22.4,0.0,https://indomet.gob.do/wp-content/uploads/2025/04/temperaturas-extremas-y-precipitaciones-2025x04x28-a.pdf
2025-04-28,073,PRESA DE TAVERAS (EMA),LA VEGA,PROGRAMA MUNDIAL DE ALIMENTO,EMAP,27.9,20.4,0.0,https://indomet.gob.do/wp-content/uploads/2025/04/temperaturas-extremas-y-precipitaciones-2025x04x28-a.pdf
2025-04-28,074,SAN CRISTÓBAL,SAN CRISTÓBAL,INSTITUTO POLITÉCNICO LOYOLA,EMCO,32.4,21.0,0.0,https://indomet.gob.do/wp-content/uploads/2025/04/temperaturas-extremas-y-precipitaciones-2025x04x28-a.pdf
2025-04-29,001,TAMBORIL,SANTIAGO,MINISTERIO DE AGRICULTURA,EMCV,,,52.1,https://indomet.gob.do/wp-content/uploads/2025/04/temperaturas-extremas-y-precipitaciones-2025x04x29-a.pdf
2025-04-29,002,VILLA ISABELA,PUERTO PLATA,MINISTERIO DE AGRICULTURA,EMCV,,,49.3,https://indomet.gob.do/wp-content/uploads/2025/04/temperaturas-extremas-y-precipitaciones-2025x04x29-a.pdf
2025-04-29,003,ALTAMIRA,PUERTO PLATA,HOSP. MPAL. DE ALTAMIRA,EMCO,26.5,19.9,33.2,https://indomet.gob.do/wp-content/uploads/2025/04/temperaturas-extremas-y-precipitaciones-2025x04x29-a.pdf
2025-04-29,004,EL FACTOR (EMA),MARÍA TRINIDAD SÁNCHEZ,INTEC,EMAP,29.6,22.3,30.7,https://indomet.gob.do/wp-content/uploads/2025/04/temperaturas-extremas-y-precipitaciones-2025x04x29-a.pdf
2025-04-29,005,GURABO,SANTIAGO,MINISTERIO DE AGRICULTURA,EMCV,,,29.2,https://indomet.gob.do/wp-content/uploads/2025/04/temperaturas-extremas-y-precipitaciones-2025x04x29-a.pdf
2025-04-29,006,GASPAR HERNÁNDEZ,ESPAILLAT,PROPIEDAD DEL EMPLEADO,EMCO,,,28.7,https://indomet.gob.do/wp-content/uploads/2025/04/temperaturas-extremas-y-precipitaciones-2025x04x29-a.pdf
2025-04-29,007,LOS LLANOS,SAN PEDRO DE MACORÍS,MINISTERIO DE AGRICULTURA,EMCO,,,25.5,https://indomet.gob.do/wp-content/uploads/2025/04/temperaturas-extremas-y-precipitaciones-2025x04x29-a.pdf
2025-04-29,008,JARABACOA (EMA),LA VEGA,PROGRAMA MUNDIAL DE ALIMENTO,EMAP,26.8,19.0,22.6,https://indomet.gob.do/wp-content/uploads/2025/04/temperaturas-extremas-y-precipitaciones-2025x04x29-a.pdf
2025-04-29,009,BOHECHÍO,SAN JUAN,MINISTERIO DE AGRICULTURA,EMCV,,,21.2,https://indomet.gob.do/wp-content/uploads/2025/04/temperaturas-extremas-y-precipitaciones-2025x04x29-a.pdf
2025-04-29,010,JARABACOA,LA VEGA,INDRHI / MARENA,EMCO,27.4,18.6,20.9,https://indomet.gob.do/wp-content/uploads/2025/04/temperaturas-extremas-y-precipitaciones-2025x04x29-a.pdf
2025-04-29,011,SAN FRANCISCO DE MACORÍS,DUARTE,San Francisco de Macorís (UASD),EMCO,29.3,21.1,19.8,https://indomet.gob.do/wp-content/uploads/2025/04/temperaturas-extremas-y-precipitaciones-2025x04x29-a.pdf
2025-04-29,012,VILLA RIVA,DUARTE,HOSP. MPAL. ALICIA DE LEGENDRE,EMCO,28.3,22.0,19.8,https://indomet.gob.do/wp-content/uploads/2025/04/temperaturas-extremas-y-precipitaciones-2025x04x29-a.pdf
2025-04-29,013,ARPT. GREGORIO LUPERÓN,PUERTO PLATA,ONAMET,EMCO,28.3,21.7,19.7,https://indomet.gob.do/wp-content/uploads/2025/04/temperaturas-extremas-y-precipitaciones-2025x04x29-a.pdf
2025-04-29,014,POLO,BARAHONA,INDOCAFE,EMCO,30.1,18.0,16.0,https://indomet.gob.do/wp-content/uploads/2025/04/temperaturas-extremas-y-precipitaciones-2025x04x29-a.pdf
2025-04-29,015,ALTO BANDERA (EMA),LA VEGA,INTEC,EMAP,14.4,6.8,14.5,https://indomet.gob.do/wp-content/uploads/2025/04/temperaturas-extremas-y-precipitaciones-2025x04x29-a.pdf
2025-04-29,016,LA VEGA,LA VEGA,IATESA,EMCO,30.0,21.6,12.8,https://indomet.gob.do/wp-content/uploads/2025/04/temperaturas-extremas-y-precipitaciones-2025x04x29-a.pdf
2025-04-29,017,RÍO SAN JUAN,MARÍA TRINIDAD SÁNCHEZ,HOSP. MPAL. DR. DESIDERIO ACOSTA,EMCV,28.5,21.5,12.4,https://indomet.gob.do/wp-content/uploads/2025/04/temperaturas-extremas-y-precipitaciones-2025x04x29-a.pdf
2025-04-29,018,HONDO VALLE,ELÍAS PIÑA,MINISTERIO DE AGRICULTURA,EMCO,25.5,16.2,11.4,https://indomet.gob.do/wp-content/uploads/2025/04/temperaturas-extremas-y-precipitaciones-2025x04x29-a.pdf
2025-04-29,019,TAVERA,SANTIAGO,INDRHI,EMCO,,,10.9,https://indomet.gob.do/wp-content/uploads/2025/04/temperaturas-extremas-y-precipitaciones-2025x04x29-a.pdf
2025-04-29,020,ARPT. EL CATEY,SAMANÁ,ONAMET,EMCO,28.5,22.0,10.4,https://indomet.gob.do/wp-content/uploads/2025/04/temperaturas-extremas-y-precipitaciones-2025x04x29-a.pdf
2025-04-29,021,CONSTANZA,LA VEGA,MINISTERIO DE AGRICULTURA,EMCO,26.0,16.4,10.1,https://indomet.gob.do/wp-content/uploads/2025/04/temperaturas-extremas-y-precipitaciones-2025x04x29-a.pdf
2025-04-29,022,CONSTANZA (EMA),LA VEGA,PROGRAMA MUNDIAL DE ALIMENTO,EMAP,25.3,16.4,7.8,https://indomet.gob.do/wp-content/uploads/2025/04/temperaturas-extremas-y-precipitaciones-2025x04x29-a.pdf
2025-04-29,023,ENRIQUILLO,BARAHONA,MINISTERIO DE AGRICULTURA,EMCV,32.3,22.4,7.4,https://indomet.gob.do/wp-content/uploads/2025/04/temperaturas-extremas-y-precipitaciones-2025x04x29-a.pdf
2025-04-29,024,EL CERCADO,SAN JUAN,MINISTERIO DE AGRICULTURA,EMCV,,,7.1,https://indomet.gob.do/wp-content/uploads/2025/04/temperaturas-extremas-y-precipitaciones-2025x04x29-a.pdf
2025-04-29,025,SALCEDO,HERMANAS MIRABAL,PROPIEDAD DEL EMPLEADO,EMCO,,,7.0,https://indomet.gob.do/wp-content/uploads/2025/04/temperaturas-extremas-y-precipitaciones-2025x04x29-a.pdf
2025-04-29,026,OLIVARES,PEDERNALES,INDRHI,EMCO,,,6.6,https://indomet.gob.do/wp-content/uploads/2025/04/temperaturas-extremas-y-precipitaciones-2025x04x29-a.pdf
2025-04-29,027,CABRERA,MARÍA TRINIDAD SÁNCHEZ,ESCUELA ARÍSTIDES FIALLO CABRAL,EMCO,27.0,23.5,5.9,https://indomet.gob.do/wp-content/uploads/2025/04/temperaturas-extremas-y-precipitaciones-2025x04x29-a.pdf
2025-04-29,028,LUPERÓN,PUERTO PLATA,MINISTERIO DE AGRICULTURA,EMCV,,,5.8,https://indomet.gob.do/wp-content/uploads/2025/04/temperaturas-extremas-y-precipitaciones-2025x04x29-a.pdf
2025-04-29,029,ARPT. ARROYO BARRIL,SAMANÁ,ONAMET,EMCO,28.5,22.0,5.7,https://indomet.gob.do/wp-content/uploads/2025/04/temperaturas-extremas-y-precipitaciones-2025x04x29-a.pdf
2025-04-29,030,COTUÍ,SÁNCHEZ RAMÍREZ,HOSP. INMACULADA CONCEPCIÓN,EMCV,,,5.3,https://indomet.gob.do/wp-content/uploads/2025/04/temperaturas-extremas-y-precipitaciones-2025x04x29-a.pdf
2025-04-29,031,SAMANÁ,SAMANÁ,COMANDANCIA DE PUERTO DE SAMANÁ,EMCO,29.7,21.0,5.0,https://indomet.gob.do/wp-content/uploads/2025/04/temperaturas-extremas-y-precipitaciones-2025x04x29-a.pdf
2025-04-29,032,RANCHO ARRIBA,SAN JOSÉ DE OCOA,CENTRO TECNOLÓGICO COMUNITARIO,EMCO,28.1,18.9,4.9,https://indomet.gob.do/wp-content/uploads/2025/04/temperaturas-extremas-y-precipitaciones-2025x04x29-a.pdf
2025-04-29,033,DAJABÓN,DAJABÓN,INSTITUTO POLITÉCNICO LOYOLA,EMCO,34.0,19.7,4.2,https://indomet.gob.do/wp-content/uploads/2025/04/temperaturas-extremas-y-precipitaciones-2025x04x29-a.pdf
2025-04-29,034,ARROYO LORO,SAN JUAN,IDIAF,EMCO,35.0,22.4,4.1,https://indomet.gob.do/wp-content/uploads/2025/04/temperaturas-extremas-y-precipitaciones-2025x04x29-a.pdf
2025-04-29,035,OVIEDO,PEDERNALES,CLÍNICA RURAL OVIEDO,EMCO,32.5,21.5,3.9,https://indomet.gob.do/wp-content/uploads/2025/04/temperaturas-extremas-y-precipitaciones-2025x04x29-a.pdf
2025-04-29,036,PALO ÍNDIO,PUERTO PLATA,MINISTERIO DE AGRICULTURA,EMCO,,,3.8,https://indomet.gob.do/wp-content/uploads/2025/04/temperaturas-extremas-y-precipitaciones-2025x04x29-a.pdf
2025-04-29,037,VILLA VÁSQUEZ,MONTE CRISTI,PROPIEDAD DEL EMPLEADO,EMCO,,,3.8,https://indomet.gob.do/wp-content/uploads/2025/04/temperaturas-extremas-y-precipitaciones-2025x04x29-a.pdf
2025-04-29,038,ARPT. DEL CIBAO,SANTIAGO,ONAMET,EMCO,29.5,21.4,3.7,https://indomet.gob.do/wp-content/uploads/2025/04/temperaturas-extremas-y-precipitaciones-2025x04x29-a.pdf
2025-04-29,039,BONAO,MONSEÑOR NOUEL,MINISTERIO DE AGRICULTURA,EMCV,,,3.6,https://indomet.gob.do/wp-content/uploads/2025/04/temperaturas-extremas-y-precipitaciones-2025x04x29-a.pdf
2025-04-29,040,PADRE LAS CASAS,AZUA,HOSP. NTRA. SRA. DEL CARMEN,EMCO,33.0,18.0,2.8,https://indomet.gob.do/wp-content/uploads/2025/04/temperaturas-extremas-y-precipitaciones-2025x04x29-a.pdf
2025-04-29,041,PEDERNALES,PEDERNALES,INDRHI,EMCO,,,2.4,https://indomet.gob.do/wp-content/uploads/2025/04/temperaturas-extremas-y-precipitaciones-2025x04x29-a.pdf
2025-04-29,042,PERALTA,AZUA,HOSP. MPAL. DE PERALTA,EMCO,32.0,18.8,2.0,https://indomet.gob.do/wp-content/uploads/2025/04/temperaturas-extremas-y-precipitaciones-2025x04x29-a.pdf
2025-04-29,043,RESTAURACIÓN,DAJABÓN,MINISTERIO DE AGRICULTURA,EMCO,23.1,17.3,1.9,https://indomet.gob.do/wp-content/uploads/2025/04/temperaturas-extremas-y-precipitaciones-2025x04x29-a.pdf
2025-04-29,044,SABANA DE LA MAR,HATO MAYOR,ONAMET,EMCO,29.5,24.0,1.5,https://indomet.gob.do/wp-content/uploads/2025/04/temperaturas-extremas-y-precipitaciones-2025x04x29-a.pdf
2025-04-29,045,SÁNCHEZ,SAMANÁ,MINISTERIO DE AGRICULTURA,EMCO,29.5,21.3,1.4,https://indomet.gob.do/wp-content/uploads/2025/04/temperaturas-extremas-y-precipitaciones-2025x04x29-a.pdf
2025-04-29,046,ESCONDIDO,PERAVIA,MINISTERIO DE AGRICULTURA,EMCV,33.0,23.0,1.3,https://indomet.gob.do/wp-content/uploads/2025/04/temperaturas-extremas-y-precipitaciones-2025x04x29-a.pdf
2025-04-29,047,SANTO DOMINGO ESTE,SANTO DOMINGO,ONAMET,EMCO,33.3,24.2,1.0,https://indomet.gob.do/wp-content/uploads/2025/04/temperaturas-extremas-y-precipitaciones-2025x04x29-a.pdf
2025-04-29,048,ARPT. DE LAS AMÉRICAS,SANTO DOMINGO,ONAMET,EMCO,31.5,22.3,0.7,https://indomet.gob.do/wp-content/uploads/2025/04/temperaturas-extremas-y-precipitaciones-2025x04x29-a.pdf
2025-04-29,049,BOCA DE MAO (EMA),VALVERDE,MINISTERIO DE AGRICULTURA,EMAP,31.1,21.8,0.6,https://indomet.gob.do/wp-content/uploads/2025/04/temperaturas-extremas-y-precipitaciones-2025x04x29-a.pdf
2025-04-29,050,SAN JOSÉ DE OCOA,SAN JOSÉ DE OCOA,HOSP. SAN JOSÉ DE OCOA,EMCO,31.2,,0.4,https://indomet.gob.do/wp-content/uploads/2025/04/temperaturas-extremas-y-precipitaciones-2025x04x29-a.pdf
2025-04-29,051,ANAMUYA (EMA),LA ALTAGRACIA,MINISTERIO DE AGRICULTURA,EMAP,30.7,23.8,0.2,https://indomet.gob.do/wp-content/uploads/2025/04/temperaturas-extremas-y-precipitaciones-2025x04x29-a.pdf
2025-04-29,052,MONCIÓN (EMA),SANTIAGO RODRÍGUEZ,PROGRAMA MUNDIAL DE ALIMENTO,EMAP,27.9,20.8,0.2,https://indomet.gob.do/wp-content/uploads/2025/04/temperaturas-extremas-y-precipitaciones-2025x04x29-a.pdf
2025-04-29,053,SABANETA (EMA),SANTIAGO RODRÍGUEZ,PROGRAMA MUNDIAL DE ALIMENTO,EMAP,31.6,22.6,0.2,https://indomet.gob.do/wp-content/uploads/2025/04/temperaturas-extremas-y-precipitaciones-2025x04x29-a.pdf
2025-04-29,054,ARPT. LA ISABELA,SANTO DOMINGO,ONAMET,EMCO,32.0,22.0,0.1,https://indomet.gob.do/wp-content/uploads/2025/04/temperaturas-extremas-y-precipitaciones-2025x04x29-a.pdf
2025-04-29,055,CABRAL,BARAHONA,MINISTERIO DE AGRICULTURA,EMCV,35.4,22.3,0.1,https://indomet.gob.do/wp-content/uploads/2025/04/temperaturas-extremas-y-precipitaciones-2025x04x29-a.pdf
2025-04-29,056,JIMANÍ,INDEPENDENCIA,MINISTERIO DE AGRICULTURA,EMCO,34.8,22.4,0.1,https://indomet.gob.do/wp-content/uploads/2025/04/temperaturas-extremas-y-precipitaciones-2025x04x29-a.pdf
2025-04-29,057,SABANA GRANDE DE BOYÁ,MONTE PLATA,MINISTERIO DE AGRICULTURA,EMCV,,,0.1,https://indomet.gob.do/wp-content/uploads/2025/04/temperaturas-extremas-y-precipitaciones-2025x04x29-a.pdf
2025-04-29,058,SANTIAGO RODRÍGUEZ,SANTIAGO RODRÍGUEZ,ONAMET,EMCO,32.0,23.0,0.1,https://indomet.gob.do/wp-content/uploads/2025/04/temperaturas-extremas-y-precipitaciones-2025x04x29-a.pdf
2025-04-29,059,ARPT. DE LA ROMANA,LA ROMANA,ONAMET,EMCO,32.0,21.8,0.0,https://indomet.gob.do/wp-content/uploads/2025/04/temperaturas-extremas-y-precipitaciones-2025x04x29-a.pdf
2025-04-29,060,ARPT. DE PUNTA CANA,LA ALTAGRACIA,ONAMET,EMCO,31.5,22.1,0.0,https://indomet.gob.do/wp-content/uploads/2025/04/temperaturas-extremas-y-precipitaciones-2025x04x29-a.pdf
2025-04-29,061,ARPT. MARÍA MONTEZ,BARAHONA,ONAMET,EMCO,33.4,22.7,0.0,https://indomet.gob.do/wp-content/uploads/2025/04/temperaturas-extremas-y-precipitaciones-2025x04x29-a.pdf
2025-04-29,062,BAYAGUANA,MONTE PLATA,ONAMET,EMCO,32.2,22.4,0.0,https://indomet.gob.do/wp-content/uploads/2025/04/temperaturas-extremas-y-precipitaciones-2025x04x29-a.pdf
2025-04-29,063,CENTRO DE LOS HEROES (EMA),DISTRITO NACIONAL,MINISTERIO DE ENERGIA Y MINA,EMAP,32.5,24.6,0.0,https://indomet.gob.do/wp-content/uploads/2025/04/temperaturas-extremas-y-precipitaciones-2025x04x29-a.pdf
2025-04-29,064,ELÍAS PIÑA,ELÍAS PIÑA,MINISTERIO DE AGRICULTURA,EMCV,,,0.0,https://indomet.gob.do/wp-content/uploads/2025/04/temperaturas-extremas-y-precipitaciones-2025x04x29-a.pdf
2025-04-29,065,JUMA BEJUCAL,MONSEÑOR NOUEL,IDIAF,EMCV,31.9,22.0,0.0,https://indomet.gob.do/wp-content/uploads/2025/04/temperaturas-extremas-y-precipitaciones-2025x04x29-a.pdf
2025-04-29,066,LA VICTORIA,SANTO DOMINGO,CUERPO DE BOMBEROS,EMCO,33.5,22.5,0.0,https://indomet.gob.do/wp-content/uploads/2025/04/temperaturas-extremas-y-precipitaciones-2025x04x29-a.pdf
2025-04-29,067,LAS CANAS (EMA),MONTE CRISTI,PROGRAMA MUNDIAL DE ALIMENTO,EMAP,27.1,20.7,0.0,https://indomet.gob.do/wp-content/uploads/2025/04/temperaturas-extremas-y-precipitaciones-2025x04x29-a.pdf
2025-04-29,068,LAS MATAS DE SANTA CRUZ (EMA,MONTE CRISTI,PROGRAMA MUNDIAL DE ALIMENTO,EMAP,,,0.0,https://indomet.gob.do/wp-content/uploads/2025/04/temperaturas-extremas-y-precipitaciones-2025x04x29-a.pdf
2025-04-29,069,MAO,VALVERDE,INDRHI / MINISTERIO DE AGRICULTURA,EMCV,,,0.0,https://indomet.gob.do/wp-content/uploads/2025/04/temperaturas-extremas-y-precipitaciones-2025x04x29-a.pdf
2025-04-29,070,MONTE CRISTI,MONTE CRISTI,ONAMET,EMCO,32.0,22.4,0.0,https://indomet.gob.do/wp-content/uploads/2025/04/temperaturas-extremas-y-precipitaciones-2025x04x29-a.pdf
2025-04-29,071,PASO AL MEDIO,SAN PEDRO DE MACORÍS,INDRHI,EMCO,,,0.0,https://indomet.gob.do/wp-content/uploads/2025/04/temperaturas-extremas-y-precipitaciones-2025x04x29-a.pdf
2025-04-29,072,PESCADERIA (EMA),BARAHONA,MINISTERIO DE AGRICULTURA,EMAP,34.2,22.3,0.0,https://indomet.gob.do/wp-content/uploads/2025/04/temperaturas-extremas-y-precipitaciones-2025x04x29-a.pdf
2025-04-29,073,PONTÓN ABAJO (EMA),LA VEGA,MINISTERIO DE AGRICULTURA,EMAP,,,0.0,https://indomet.gob.do/wp-content/uploads/2025/04/temperaturas-extremas-y-precipitaciones-2025x04x29-a.pdf
2025-04-29,074,PRESA DE TAVERAS (EMA),LA VEGA,PROGRAMA MUNDIAL DE ALIMENTO,EMAP,27.8,20.2,0.0,https://indomet.gob.do/wp-content/uploads/2025/04/temperaturas-extremas-y-precipitaciones-2025x04x29-a.pdf
2025-04-29,075,SAN CRISTÓBAL,SAN CRISTÓBAL,INSTITUTO POLITÉCNICO LOYOLA,EMCO,33.0,23.0,0.0,https://indomet.gob.do/wp-content/uploads/2025/04/temperaturas-extremas-y-precipitaciones-2025x04x29-a.pdf
2025-04-29,076,SAN RAFAEL DEL YUMA,LA ALTAGRACIA,MINISTERIO DE AGRICULTURA,EMCO,32.1,22.2,0.0,https://indomet.gob.do/wp-content/uploads/2025/04/temperaturas-extremas-y-precipitaciones-2025x04x29-a.pdf
2025-04-30,001,EL FACTOR (EMA),MARÍA TRINIDAD SÁNCHEZ,INTEC,EMAP,30.3,21.1,95.8,https://indomet.gob.do/wp-content/uploads/2025/05/temperaturas-extremas-y-precipitaciones-2025x04x30-ab.pdf
2025-04-30,002,GASPAR HERNÁNDEZ,ESPAILLAT,PROPIEDAD DEL EMPLEADO,EMCO,,,59.9,https://indomet.gob.do/wp-content/uploads/2025/05/temperaturas-extremas-y-precipitaciones-2025x04x30-ab.pdf
2025-04-30,003,ENRIQUILLO,BARAHONA,MINISTERIO DE AGRICULTURA,EMCV,32.3,22.0,54.4,https://indomet.gob.do/wp-content/uploads/2025/05/temperaturas-extremas-y-precipitaciones-2025x04x30-ab.pdf
2025-04-30,004,PONTÓN ABAJO (EMA),LA VEGA,MINISTERIO DE AGRICULTURA,EMAP,31.3,21.4,54.1,https://indomet.gob.do/wp-content/uploads/2025/05/temperaturas-extremas-y-precipitaciones-2025x04x30-ab.pdf
2025-04-30,005,RÍO SAN JUAN,MARÍA TRINIDAD SÁNCHEZ,HOSP. MPAL. DR. DESIDERIO ACOSTA,EMCV,29.6,22.2,43.4,https://indomet.gob.do/wp-content/uploads/2025/05/temperaturas-extremas-y-precipitaciones-2025x04x30-ab.pdf
2025-04-30,006,CABRERA,MARÍA TRINIDAD SÁNCHEZ,ESCUELA ARÍSTIDES FIALLO CABRAL,EMCO,31.0,25.4,38.8,https://indomet.gob.do/wp-content/uploads/2025/05/temperaturas-extremas-y-precipitaciones-2025x04x30-ab.pdf
2025-04-30,007,SABANA DE LA MAR,HATO MAYOR,ONAMET,EMCO,28.5,21.5,33.1,https://indomet.gob.do/wp-content/uploads/2025/05/temperaturas-extremas-y-precipitaciones-2025x04x30-ab.pdf
2025-04-30,008,POLO,BARAHONA,INDOCAFE,EMCO,27.5,17.0,31.2,https://indomet.gob.do/wp-content/uploads/2025/05/temperaturas-extremas-y-precipitaciones-2025x04x30-ab.pdf
2025-04-30,009,ALTAMIRA,PUERTO PLATA,HOSP. MPAL. DE ALTAMIRA,EMCO,27.4,20.4,27.6,https://indomet.gob.do/wp-content/uploads/2025/05/temperaturas-extremas-y-precipitaciones-2025x04x30-ab.pdf
2025-04-30,010,PEDERNALES,PEDERNALES,INDRHI,EMCO,,,26.5,https://indomet.gob.do/wp-content/uploads/2025/05/temperaturas-extremas-y-precipitaciones-2025x04x30-ab.pdf
2025-04-30,011,ALTO BANDERA (EMA),LA VEGA,INTEC,EMAP,14.0,6.5,20.8,https://indomet.gob.do/wp-content/uploads/2025/05/temperaturas-extremas-y-precipitaciones-2025x04x30-ab.pdf
2025-04-30,012,ARPT. EL CATEY,SAMANÁ,ONAMET,EMCO,29.0,21.5,17.8,https://indomet.gob.do/wp-content/uploads/2025/05/temperaturas-extremas-y-precipitaciones-2025x04x30-ab.pdf
2025-04-30,013,TAMBORIL,SANTIAGO,MINISTERIO DE AGRICULTURA,EMCV,,,16.5,https://indomet.gob.do/wp-content/uploads/2025/05/temperaturas-extremas-y-precipitaciones-2025x04x30-ab.pdf
2025-04-30,014,MOCA,ESPAILLAT,MINISTERIO DE AGRICULTURA,EMCV,,,16.5,https://indomet.gob.do/wp-content/uploads/2025/05/temperaturas-extremas-y-precipitaciones-2025x04x30-ab.pdf
2025-04-30,015,GURABO,SANTIAGO,MINISTERIO DE AGRICULTURA,EMCV,,,15.2,https://indomet.gob.do/wp-content/uploads/2025/05/temperaturas-extremas-y-precipitaciones-2025x04x30-ab.pdf
2025-04-30,016,ARPT. DEL CIBAO,SANTIAGO,ONAMET,EMCO,29.8,21.3,12.1,https://indomet.gob.do/wp-content/uploads/2025/05/temperaturas-extremas-y-precipitaciones-2025x04x30-ab.pdf
2025-04-30,017,OLIVARES,PEDERNALES,INDRHI,EMCO,,,10.0,https://indomet.gob.do/wp-content/uploads/2025/05/temperaturas-extremas-y-precipitaciones-2025x04x30-ab.pdf
2025-04-30,018,VILLA ISABELA,PUERTO PLATA,MINISTERIO DE AGRICULTURA,EMCV,,,9.9,https://indomet.gob.do/wp-content/uploads/2025/05/temperaturas-extremas-y-precipitaciones-2025x04x30-ab.pdf
2025-04-30,019,VILLA RIVA,DUARTE,HOSP. MPAL. ALICIA DE LEGENDRE,EMCO,30.0,21.7,9.6,https://indomet.gob.do/wp-content/uploads/2025/05/temperaturas-extremas-y-precipitaciones-2025x04x30-ab.pdf
2025-04-30,020,SAMANÁ,SAMANÁ,COMANDANCIA DE PUERTO DE SAMANÁ,EMCO,28.7,21.5,6.6,https://indomet.gob.do/wp-content/uploads/2025/05/temperaturas-extremas-y-precipitaciones-2025x04x30-ab.pdf
2025-04-30,021,OVIEDO,PEDERNALES,CLÍNICA RURAL OVIEDO,EMCO,32.5,21.7,6.4,https://indomet.gob.do/wp-content/uploads/2025/05/temperaturas-extremas-y-precipitaciones-2025x04x30-ab.pdf
2025-04-30,022,JARABACOA (EMA),LA VEGA,PROGRAMA MUNDIAL DE ALIMENTO,EMAP,28.3,18.1,4.6,https://indomet.gob.do/wp-content/uploads/2025/05/temperaturas-extremas-y-precipitaciones-2025x04x30-ab.pdf
2025-04-30,023,BONAO,MONSEÑOR NOUEL,MINISTERIO DE AGRICULTURA,EMCV,,,4.6,https://indomet.gob.do/wp-content/uploads/2025/05/temperaturas-extremas-y-precipitaciones-2025x04x30-ab.pdf
2025-04-30,024,JARABACOA,LA VEGA,INDRHI / MARENA,EMCO,28.2,17.4,4.2,https://indomet.gob.do/wp-content/uploads/2025/05/temperaturas-extremas-y-precipitaciones-2025x04x30-ab.pdf
2025-04-30,025,JUMA BEJUCAL,MONSEÑOR NOUEL,IDIAF,EMCV,30.2,21.0,4.1,https://indomet.gob.do/wp-content/uploads/2025/05/temperaturas-extremas-y-precipitaciones-2025x04x30-ab.pdf
2025-04-30,026,LA VEGA,LA VEGA,IATESA,EMCO,31.0,21.5,4.1,https://indomet.gob.do/wp-content/uploads/2025/05/temperaturas-extremas-y-precipitaciones-2025x04x30-ab.pdf
2025-04-30,027,SALCEDO,HERMANAS MIRABAL,PROPIEDAD DEL EMPLEADO,EMCO,,,3.9,https://indomet.gob.do/wp-content/uploads/2025/05/temperaturas-extremas-y-precipitaciones-2025x04x30-ab.pdf
2025-04-30,028,SABANA GRANDE DE BOYÁ,MONTE PLATA,MINISTERIO DE AGRICULTURA,EMCV,,,3.8,https://indomet.gob.do/wp-content/uploads/2025/05/temperaturas-extremas-y-precipitaciones-2025x04x30-ab.pdf
2025-04-30,029,JIMANÍ,INDEPENDENCIA,MINISTERIO DE AGRICULTURA,EMCO,34.2,22.2,3.5,https://indomet.gob.do/wp-content/uploads/2025/05/temperaturas-extremas-y-precipitaciones-2025x04x30-ab.pdf
2025-04-30,030,HONDO VALLE,ELÍAS PIÑA,MINISTERIO DE AGRICULTURA,EMCO,25.9,16.8,3.3,https://indomet.gob.do/wp-content/uploads/2025/05/temperaturas-extremas-y-precipitaciones-2025x04x30-ab.pdf
2025-04-30,031,SAN FRANCISCO DE MACORÍS,DUARTE,San Francisco de Macorís (UASD),EMCO,29.0,22.8,3.0,https://indomet.gob.do/wp-content/uploads/2025/05/temperaturas-extremas-y-precipitaciones-2025x04x30-ab.pdf
2025-04-30,032,BOCA DE MAO (EMA),VALVERDE,MINISTERIO DE AGRICULTURA,EMAP,29.9,20.9,2.6,https://indomet.gob.do/wp-content/uploads/2025/05/temperaturas-extremas-y-precipitaciones-2025x04x30-ab.pdf
2025-04-30,033,RANCHO ARRIBA,SAN JOSÉ DE OCOA,CENTRO TECNOLÓGICO COMUNITARIO,EMCO,27.9,16.5,2.6,https://indomet.gob.do/wp-content/uploads/2025/05/temperaturas-extremas-y-precipitaciones-2025x04x30-ab.pdf
2025-04-30,034,CONSTANZA,LA VEGA,MINISTERIO DE AGRICULTURA,EMCO,24.5,13.9,2.4,https://indomet.gob.do/wp-content/uploads/2025/05/temperaturas-extremas-y-precipitaciones-2025x04x30-ab.pdf
2025-04-30,035,ELÍAS PIÑA,ELÍAS PIÑA,MINISTERIO DE AGRICULTURA,EMCV,,,2.4,https://indomet.gob.do/wp-content/uploads/2025/05/temperaturas-extremas-y-precipitaciones-2025x04x30-ab.pdf
2025-04-30,036,NAVARRETE,SANTIAGO,MINISTERIO DE AGRICULTURA,EMCV,,,2.3,https://indomet.gob.do/wp-content/uploads/2025/05/temperaturas-extremas-y-precipitaciones-2025x04x30-ab.pdf
2025-04-30,037,SÁNCHEZ,SAMANÁ,MINISTERIO DE AGRICULTURA,EMCO,30.2,21.5,2.2,https://indomet.gob.do/wp-content/uploads/2025/05/temperaturas-extremas-y-precipitaciones-2025x04x30-ab.pdf
2025-04-30,038,CONSTANZA (EMA),LA VEGA,PROGRAMA MUNDIAL DE ALIMENTO,EMAP,23.6,14.1,2.0,https://indomet.gob.do/wp-content/uploads/2025/05/temperaturas-extremas-y-precipitaciones-2025x04x30-ab.pdf
2025-04-30,039,ARPT. GREGORIO LUPERÓN,PUERTO PLATA,ONAMET,EMCO,29.8,21.5,1.9,https://indomet.gob.do/wp-content/uploads/2025/05/temperaturas-extremas-y-precipitaciones-2025x04x30-ab.pdf
2025-04-30,040,ANAMUYA (EMA),LA ALTAGRACIA,MINISTERIO DE AGRICULTURA,EMAP,29.2,23.6,1.2,https://indomet.gob.do/wp-content/uploads/2025/05/temperaturas-extremas-y-precipitaciones-2025x04x30-ab.pdf
2025-04-30,041,PALO ÍNDIO,PUERTO PLATA,MINISTERIO DE AGRICULTURA,EMCO,,,1.0,https://indomet.gob.do/wp-content/uploads/2025/05/temperaturas-extremas-y-precipitaciones-2025x04x30-ab.pdf
2025-04-30,042,ARPT. ARROYO BARRIL,SAMANÁ,ONAMET,EMCO,29.5,23.0,0.6,https://indomet.gob.do/wp-content/uploads/2025/05/temperaturas-extremas-y-precipitaciones-2025x04x30-ab.pdf
2025-04-30,043,PADRE LAS CASAS,AZUA,HOSP. NTRA. SRA. DEL CARMEN,EMCO,32.0,18.0,0.6,https://indomet.gob.do/wp-content/uploads/2025/05/temperaturas-extremas-y-precipitaciones-2025x04x30-ab.pdf
2025-04-30,044,MONTE CRISTI,MONTE CRISTI,ONAMET,EMCO,31.8,22.5,0.4,https://indomet.gob.do/wp-content/uploads/2025/05/temperaturas-extremas-y-precipitaciones-2025x04x30-ab.pdf
2025-04-30,045,CABRAL,BARAHONA,MINISTERIO DE AGRICULTURA,EMCV,33.8,22.7,0.3,https://indomet.gob.do/wp-content/uploads/2025/05/temperaturas-extremas-y-precipitaciones-2025x04x30-ab.pdf
2025-04-30,046,VILLA GONZALES,SANTIAGO,MINISTERIO DE AGRICULTURA,EMCO,,,0.3,https://indomet.gob.do/wp-content/uploads/2025/05/temperaturas-extremas-y-precipitaciones-2025x04x30-ab.pdf
2025-04-30,047,PRESA DE TAVERAS (EMA),LA VEGA,PROGRAMA MUNDIAL DE ALIMENTO,EMAP,27.8,20.3,0.2,https://indomet.gob.do/wp-content/uploads/2025/05/temperaturas-extremas-y-precipitaciones-2025x04x30-ab.pdf
2025-04-30,048,SABANETA (EMA),SANTIAGO RODRÍGUEZ,PROGRAMA MUNDIAL DE ALIMENTO,EMAP,25.8,16.6,0.2,https://indomet.gob.do/wp-content/uploads/2025/05/temperaturas-extremas-y-precipitaciones-2025x04x30-ab.pdf
2025-04-30,049,TÁBARA ABAJO,AZUA,INDRHI,EMCO,35.9,22.0,0.2,https://indomet.gob.do/wp-content/uploads/2025/05/temperaturas-extremas-y-precipitaciones-2025x04x30-ab.pdf
2025-04-30,050,ARPT. DE LAS AMÉRICAS,SANTO DOMINGO,ONAMET,EMCO,31.0,22.0,0.1,https://indomet.gob.do/wp-content/uploads/2025/05/temperaturas-extremas-y-precipitaciones-2025x04x30-ab.pdf
2025-04-30,051,ARROYO LORO,SAN JUAN,IDIAF,EMCO,32.6,20.0,0.1,https://indomet.gob.do/wp-content/uploads/2025/05/temperaturas-extremas-y-precipitaciones-2025x04x30-ab.pdf
2025-04-30,052,BAYAGUANA,MONTE PLATA,ONAMET,EMCO,30.5,22.0,0.1,https://indomet.gob.do/wp-content/uploads/2025/05/temperaturas-extremas-y-precipitaciones-2025x04x30-ab.pdf
2025-04-30,053,ESCONDIDO,PERAVIA,MINISTERIO DE AGRICULTURA,EMCV,33.0,23.0,0.1,https://indomet.gob.do/wp-content/uploads/2025/05/temperaturas-extremas-y-precipitaciones-2025x04x30-ab.pdf
2025-04-30,054,PERALTA,AZUA,HOSP. MPAL. DE PERALTA,EMCO,30.2,18.0,0.1,https://indomet.gob.do/wp-content/uploads/2025/05/temperaturas-extremas-y-precipitaciones-2025x04x30-ab.pdf
2025-04-30,055,ARPT. DE LA ROMANA,LA ROMANA,ONAMET,EMCO,30.5,21.5,0.0,https://indomet.gob.do/wp-content/uploads/2025/05/temperaturas-extremas-y-precipitaciones-2025x04x30-ab.pdf
2025-04-30,056,ARPT. DE PUNTA CANA,LA ALTAGRACIA,ONAMET,EMCO,30.5,22.0,0.0,https://indomet.gob.do/wp-content/uploads/2025/05/temperaturas-extremas-y-precipitaciones-2025x04x30-ab.pdf
2025-04-30,057,ARPT. LA ISABELA,SANTO DOMINGO,ONAMET,EMCO,31.5,22.5,0.0,https://indomet.gob.do/wp-content/uploads/2025/05/temperaturas-extremas-y-precipitaciones-2025x04x30-ab.pdf
2025-04-30,058,ARPT. MARÍA MONTEZ,BARAHONA,ONAMET,EMCO,32.0,22.3,0.0,https://indomet.gob.do/wp-content/uploads/2025/05/temperaturas-extremas-y-precipitaciones-2025x04x30-ab.pdf
2025-04-30,059,BOHECHÍO,SAN JUAN,MINISTERIO DE AGRICULTURA,EMCV,,,0.0,https://indomet.gob.do/wp-content/uploads/2025/05/temperaturas-extremas-y-precipitaciones-2025x04x30-ab.pdf
2025-04-30,060,CENTRO DE LOS HEROES (EMA),DISTRITO NACIONAL,MINISTERIO DE ENERGIA Y MINA,EMAP,31.9,24.4,0.0,https://indomet.gob.do/wp-content/uploads/2025/05/temperaturas-extremas-y-precipitaciones-2025x04x30-ab.pdf
2025-04-30,061,DAJABÓN,DAJABÓN,INSTITUTO POLITÉCNICO LOYOLA,EMCO,33.8,20.3,0.0,https://indomet.gob.do/wp-content/uploads/2025/05/temperaturas-extremas-y-precipitaciones-2025x04x30-ab.pdf
2025-04-30,062,HATO MAYOR,HATO MAYOR,MINISTERIO DE AGRICULTURA,EMCV,,,0.0,https://indomet.gob.do/wp-content/uploads/2025/05/temperaturas-extremas-y-precipitaciones-2025x04x30-ab.pdf
2025-04-30,063,JARDÍN BOTÁNICO NACIONAL,DISTRITO NACIONAL,JARDÍN BOTÁNICO NACIONAL,EMCV,32.3,22.2,0.0,https://indomet.gob.do/wp-content/uploads/2025/05/temperaturas-extremas-y-precipitaciones-2025x04x30-ab.pdf
2025-04-30,064,LA VICTORIA,SANTO DOMINGO,CUERPO DE BOMBEROS,EMCO,33.0,22.6,0.0,https://indomet.gob.do/wp-content/uploads/2025/05/temperaturas-extremas-y-precipitaciones-2025x04x30-ab.pdf
2025-04-30,065,LAS CANAS (EMA),MONTE CRISTI,PROGRAMA MUNDIAL DE ALIMENTO,EMAP,27.2,21.6,0.0,https://indomet.gob.do/wp-content/uploads/2025/05/temperaturas-extremas-y-precipitaciones-2025x04x30-ab.pdf
2025-04-30,066,LAS MATAS DE FARFÁN,SAN JUAN,MINISTERIO DE AGRICULTURA,EMCV,,,0.0,https://indomet.gob.do/wp-content/uploads/2025/05/temperaturas-extremas-y-precipitaciones-2025x04x30-ab.pdf
2025-04-30,067,LAS MATAS DE SANTA CRUZ (EMA,MONTE CRISTI,PROGRAMA MUNDIAL DE ALIMENTO,EMAP,,,0.0,https://indomet.gob.do/wp-content/uploads/2025/05/temperaturas-extremas-y-precipitaciones-2025x04x30-ab.pdf
2025-04-30,068,LOS LLANOS,SAN PEDRO DE MACORÍS,MINISTERIO DE AGRICULTURA,EMCO,31.7,22.0,0.0,https://indomet.gob.do/wp-content/uploads/2025/05/temperaturas-extremas-y-precipitaciones-2025x04x30-ab.pdf
2025-04-30,069,MAO,VALVERDE,INDRHI / MINISTERIO DE AGRICULTURA,EMCV,,,0.0,https://indomet.gob.do/wp-content/uploads/2025/05/temperaturas-extremas-y-precipitaciones-2025x04x30-ab.pdf
2025-04-30,070,MONCIÓN (EMA),SANTIAGO RODRÍGUEZ,PROGRAMA MUNDIAL DE ALIMENTO,EMAP,28.9,19.2,0.0,https://indomet.gob.do/wp-content/uploads/2025/05/temperaturas-extremas-y-precipitaciones-2025x04x30-ab.pdf
2025-04-30,071,PESCADERIA (EMA),BARAHONA,MINISTERIO DE AGRICULTURA,EMAP,33.3,22.9,0.0,https://indomet.gob.do/wp-content/uploads/2025/05/temperaturas-extremas-y-precipitaciones-2025x04x30-ab.pdf
2025-04-30,072,RESTAURACIÓN,DAJABÓN,MINISTERIO DE AGRICULTURA,EMCO,24.3,17.1,0.0,https://indomet.gob.do/wp-content/uploads/2025/05/temperaturas-extremas-y-precipitaciones-2025x04x30-ab.pdf
2025-04-30,073,SAN CRISTÓBAL,SAN CRISTÓBAL,INSTITUTO POLITÉCNICO LOYOLA,EMCO,33.8,24.0,0.0,https://indomet.gob.do/wp-content/uploads/2025/05/temperaturas-extremas-y-precipitaciones-2025x04x30-ab.pdf
2025-04-30,074,SAN JOSÉ DE OCOA,SAN JOSÉ DE OCOA,HOSP. SAN JOSÉ DE OCOA,EMCO,30.4,,0.0,https://indomet.gob.do/wp-content/uploads/2025/05/temperaturas-extremas-y-precipitaciones-2025x04x30-ab.pdf
2025-04-30,075,SAN RAFAEL DEL YUMA,LA ALTAGRACIA,MINISTERIO DE AGRICULTURA,EMCO,31.4,22.1,0.0,https://indomet.gob.do/wp-content/uploads/2025/05/temperaturas-extremas-y-precipitaciones-2025x04x30-ab.pdf
2025-04-30,076,SANTIAGO RODRÍGUEZ,SANTIAGO RODRÍGUEZ,ONAMET,EMCO,31.0,21.6,0.0,https://indomet.gob.do/wp-content/uploads/2025/05/temperaturas-extremas-y-precipitaciones-2025x04x30-ab.pdf
2025-04-30,077,SANTO DOMINGO ESTE,SANTO DOMINGO,ONAMET,EMCO,33.0,23.9,0.0,https://indomet.gob.do/wp-content/uploads/2025/05/temperaturas-extremas-y-precipitaciones-2025x04x30-ab.pdf
2025-04-30,078,VILLA ALTAGRACIA,SAN CRISTÓBAL,ESCUELA JAVIER ANGULO GURIDI,EMCO,,,0.0,https://indomet.gob.do/wp-content/uploads/2025/05/temperaturas-extremas-y-precipitaciones-2025x04x30-ab.pdf
2025-05-01,001,GASPAR HERNÁNDEZ,ESPAILLAT,PROPIEDAD DEL EMPLEADO,EMCO,,,237.5,https://indomet.gob.do/wp-content/uploads/2025/05/temperaturas-extremas-y-precipitaciones-2025x05x01-b.pdf
2025-05-01,002,ANAMUYA,LA ALTAGRACIA,INDRHI,EMCO,29.1,20.9,122.5,https://indomet.gob.do/wp-content/uploads/2025/05/temperaturas-extremas-y-precipitaciones-2025x05x01-b.pdf
2025-05-01,003,EL FACTOR (EMA),MARÍA TRINIDAD SÁNCHEZ,INTEC,EMAP,25.2,20.9,105.9,https://indomet.gob.do/wp-content/uploads/2025/05/temperaturas-extremas-y-precipitaciones-2025x05x01-b.pdf
2025-05-01,004,LOS JENGIBRES,NAGUA,INDRHI,EMCO,,,86.4,https://indomet.gob.do/wp-content/uploads/2025/05/temperaturas-extremas-y-precipitaciones-2025x05x01-b.pdf
2025-05-01,005,SÁNCHEZ,SAMANÁ,MINISTERIO DE AGRICULTURA,EMCO,28.5,19.8,73.2,https://indomet.gob.do/wp-content/uploads/2025/05/temperaturas-extremas-y-precipitaciones-2025x05x01-b.pdf
2025-05-01,006,ARPT. GREGORIO LUPERÓN,PUERTO PLATA,ONAMET,EMCO,27.5,21.8,61.9,https://indomet.gob.do/wp-content/uploads/2025/05/temperaturas-extremas-y-precipitaciones-2025x05x01-b.pdf
2025-05-01,007,LOS LLANOS,SAN PEDRO DE MACORÍS,MINISTERIO DE AGRICULTURA,EMCO,32.2,21.4,56.4,https://indomet.gob.do/wp-content/uploads/2025/05/temperaturas-extremas-y-precipitaciones-2025x05x01-b.pdf
2025-05-01,008,ARPT. DE LAS AMÉRICAS,SANTO DOMINGO,ONAMET,EMCO,31.8,21.5,53.0,https://indomet.gob.do/wp-content/uploads/2025/05/temperaturas-extremas-y-precipitaciones-2025x05x01-b.pdf
2025-05-01,009,ARPT. EL CATEY,SAMANÁ,ONAMET,EMCO,26.0,22.0,52.7,https://indomet.gob.do/wp-content/uploads/2025/05/temperaturas-extremas-y-precipitaciones-2025x05x01-b.pdf
2025-05-01,010,PERALTA,AZUA,HOSP. MPAL. DE PERALTA,EMCO,31.6,16.5,49.8,https://indomet.gob.do/wp-content/uploads/2025/05/temperaturas-extremas-y-precipitaciones-2025x05x01-b.pdf
2025-05-01,011,CABRERA,MARÍA TRINIDAD SÁNCHEZ,ESCUELA ARÍSTIDES FIALLO CABRAL,EMCO,27.0,22.7,44.4,https://indomet.gob.do/wp-content/uploads/2025/05/temperaturas-extremas-y-precipitaciones-2025x05x01-b.pdf
2025-05-01,012,RÍO SAN JUAN,MARÍA TRINIDAD SÁNCHEZ,HOSP. MPAL. DR. DESIDERIO ACOSTA,EMCV,27.0,21.0,44.2,https://indomet.gob.do/wp-content/uploads/2025/05/temperaturas-extremas-y-precipitaciones-2025x05x01-b.pdf
2025-05-01,013,ALTO BANDERA (EMA),LA VEGA,INTEC,EMAP,15.1,8.1,40.6,https://indomet.gob.do/wp-content/uploads/2025/05/temperaturas-extremas-y-precipitaciones-2025x05x01-b.pdf
2025-05-01,014,SALCEDO,HERMANAS MIRABAL,PROPIEDAD DEL EMPLEADO,EMCO,,,35.8,https://indomet.gob.do/wp-content/uploads/2025/05/temperaturas-extremas-y-precipitaciones-2025x05x01-b.pdf
2025-05-01,015,VILLA ISABELA,PUERTO PLATA,MINISTERIO DE AGRICULTURA,EMCV,,,35.1,https://indomet.gob.do/wp-content/uploads/2025/05/temperaturas-extremas-y-precipitaciones-2025x05x01-b.pdf
2025-05-01,016,JIMANÍ,INDEPENDENCIA,MINISTERIO DE AGRICULTURA,EMCO,31.5,23.6,29.8,https://indomet.gob.do/wp-content/uploads/2025/05/temperaturas-extremas-y-precipitaciones-2025x05x01-b.pdf
2025-05-01,017,VILLA RIVA,DUARTE,HOSP. MPAL. ALICIA DE LEGENDRE,EMCO,28.5,20.5,29.4,https://indomet.gob.do/wp-content/uploads/2025/05/temperaturas-extremas-y-precipitaciones-2025x05x01-b.pdf
2025-05-01,018,LUPERÓN,PUERTO PLATA,MINISTERIO DE AGRICULTURA,EMCV,,,28.7,https://indomet.gob.do/wp-content/uploads/2025/05/temperaturas-extremas-y-precipitaciones-2025x05x01-b.pdf
2025-05-01,019,GURABO,SANTIAGO,MINISTERIO DE AGRICULTURA,EMCV,,,27.9,https://indomet.gob.do/wp-content/uploads/2025/05/temperaturas-extremas-y-precipitaciones-2025x05x01-b.pdf
2025-05-01,020,BOHECHÍO,SAN JUAN,MINISTERIO DE AGRICULTURA,EMCV,,,25.4,https://indomet.gob.do/wp-content/uploads/2025/05/temperaturas-extremas-y-precipitaciones-2025x05x01-b.pdf
2025-05-01,021,PADRE LAS CASAS,AZUA,HOSP. NTRA. SRA. DEL CARMEN,EMCO,32.8,17.7,24.6,https://indomet.gob.do/wp-content/uploads/2025/05/temperaturas-extremas-y-precipitaciones-2025x05x01-b.pdf
2025-05-01,022,SAN FRANCISCO DE MACORÍS,DUARTE,San Francisco de Macorís (UASD),EMCO,26.0,19.9,24.6,https://indomet.gob.do/wp-content/uploads/2025/05/temperaturas-extremas-y-precipitaciones-2025x05x01-b.pdf
2025-05-01,023,MONCIÓN (EMA),SANTIAGO RODRÍGUEZ,PROGRAMA MUNDIAL DE ALIMENTO,EMAP,29.3,17.9,23.6,https://indomet.gob.do/wp-content/uploads/2025/05/temperaturas-extremas-y-precipitaciones-2025x05x01-b.pdf
2025-05-01,024,PASO AL MEDIO,SAN PEDRO DE MACORÍS,INDRHI,EMCO,,,23.1,https://indomet.gob.do/wp-content/uploads/2025/05/temperaturas-extremas-y-precipitaciones-2025x05x01-b.pdf
2025-05-01,025,DAJABÓN,DAJABÓN,INSTITUTO POLITÉCNICO LOYOLA,EMCO,32.4,18.2,22.7,https://indomet.gob.do/wp-content/uploads/2025/05/temperaturas-extremas-y-precipitaciones-2025x05x01-b.pdf
2025-05-01,026,BONAO,MONSEÑOR NOUEL,MINISTERIO DE AGRICULTURA,EMCV,,,22.6,https://indomet.gob.do/wp-content/uploads/2025/05/temperaturas-extremas-y-precipitaciones-2025x05x01-b.pdf
2025-05-01,027,JUMA BEJUCAL,MONSEÑOR NOUEL,IDIAF,EMCV,28.8,20.4,20.2,https://indomet.gob.do/wp-content/uploads/2025/05/temperaturas-extremas-y-precipitaciones-2025x05x01-b.pdf
2025-05-01,028,ALTAMIRA,PUERTO PLATA,HOSP. MPAL. DE ALTAMIRA,EMCO,28.5,21.3,17.3,https://indomet.gob.do/wp-content/uploads/2025/05/temperaturas-extremas-y-precipitaciones-2025x05x01-b.pdf
2025-05-01,029,TAMBORIL,SANTIAGO,MINISTERIO DE AGRICULTURA,EMCV,,,16.5,https://indomet.gob.do/wp-content/uploads/2025/05/temperaturas-extremas-y-precipitaciones-2025x05x01-b.pdf
2025-05-01,030,SAN JOSÉ DE OCOA,SAN JOSÉ DE OCOA,HOSP. SAN JOSÉ DE OCOA,EMCO,31.8,,15.4,https://indomet.gob.do/wp-content/uploads/2025/05/temperaturas-extremas-y-precipitaciones-2025x05x01-b.pdf
2025-05-01,031,SABANA DE LA MAR,HATO MAYOR,ONAMET,EMCO,29.0,21.0,13.1,https://indomet.gob.do/wp-content/uploads/2025/05/temperaturas-extremas-y-precipitaciones-2025x05x01-b.pdf
2025-05-01,032,CENTRO DE LOS HEROES (EMA),DISTRITO NACIONAL,MINISTERIO DE ENERGIA Y MINA,EMAP,32.1,23.6,12.8,https://indomet.gob.do/wp-content/uploads/2025/05/temperaturas-extremas-y-precipitaciones-2025x05x01-b.pdf
2025-05-01,033,ARPT. DE PUNTA CANA,LA ALTAGRACIA,ONAMET,EMCO,29.5,23.1,12.6,https://indomet.gob.do/wp-content/uploads/2025/05/temperaturas-extremas-y-precipitaciones-2025x05x01-b.pdf
2025-05-01,034,TÁBARA ABAJO,AZUA,INDRHI,EMCO,35.9,20.5,12.2,https://indomet.gob.do/wp-content/uploads/2025/05/temperaturas-extremas-y-precipitaciones-2025x05x01-b.pdf
2025-05-01,035,RANCHO ARRIBA,SAN JOSÉ DE OCOA,CENTRO TECNOLÓGICO COMUNITARIO,EMCO,28.7,16.2,12.1,https://indomet.gob.do/wp-content/uploads/2025/05/temperaturas-extremas-y-precipitaciones-2025x05x01-b.pdf
2025-05-01,036,BAYAGUANA,MONTE PLATA,ONAMET,EMCO,30.6,22.2,11.8,https://indomet.gob.do/wp-content/uploads/2025/05/temperaturas-extremas-y-precipitaciones-2025x05x01-b.pdf
2025-05-01,037,ARPT. ARROYO BARRIL,SAMANÁ,ONAMET,EMCO,30.0,21.0,11.7,https://indomet.gob.do/wp-content/uploads/2025/05/temperaturas-extremas-y-precipitaciones-2025x05x01-b.pdf
2025-05-01,038,PALO ÍNDIO,PUERTO PLATA,MINISTERIO DE AGRICULTURA,EMCO,,,11.4,https://indomet.gob.do/wp-content/uploads/2025/05/temperaturas-extremas-y-precipitaciones-2025x05x01-b.pdf
2025-05-01,039,ARPT. DEL CIBAO,SANTIAGO,ONAMET,EMCO,29.0,20.0,11.1,https://indomet.gob.do/wp-content/uploads/2025/05/temperaturas-extremas-y-precipitaciones-2025x05x01-b.pdf
2025-05-01,040,CONSTANZA,LA VEGA,MINISTERIO DE AGRICULTURA,EMCO,25.2,13.3,9.8,https://indomet.gob.do/wp-content/uploads/2025/05/temperaturas-extremas-y-precipitaciones-2025x05x01-b.pdf
2025-05-01,041,COTUÍ,SÁNCHEZ RAMÍREZ,HOSP. INMACULADA CONCEPCIÓN,EMCV,,,9.8,https://indomet.gob.do/wp-content/uploads/2025/05/temperaturas-extremas-y-precipitaciones-2025x05x01-b.pdf
2025-05-01,042,TAVERA,SANTIAGO,INDRHI,EMCO,,,9.4,https://indomet.gob.do/wp-content/uploads/2025/05/temperaturas-extremas-y-precipitaciones-2025x05x01-b.pdf
2025-05-01,043,ARROYO LORO,SAN JUAN,IDIAF,EMCO,30.5,18.0,8.9,https://indomet.gob.do/wp-content/uploads/2025/05/temperaturas-extremas-y-precipitaciones-2025x05x01-b.pdf
2025-05-01,044,HATO MAYOR,HATO MAYOR,MINISTERIO DE AGRICULTURA,EMCV,,,8.6,https://indomet.gob.do/wp-content/uploads/2025/05/temperaturas-extremas-y-precipitaciones-2025x05x01-b.pdf
2025-05-01,045,SABANA GRANDE DE BOYÁ,MONTE PLATA,MINISTERIO DE AGRICULTURA,EMCV,,,8.6,https://indomet.gob.do/wp-content/uploads/2025/05/temperaturas-extremas-y-precipitaciones-2025x05x01-b.pdf
2025-05-01,046,CONSTANZA (EMA),LA VEGA,PROGRAMA MUNDIAL DE ALIMENTO,EMAP,24.4,13.5,8.6,https://indomet.gob.do/wp-content/uploads/2025/05/temperaturas-extremas-y-precipitaciones-2025x05x01-b.pdf
2025-05-01,047,SANTO DOMINGO ESTE,SANTO DOMINGO,ONAMET,EMCO,32.5,22.5,7.7,https://indomet.gob.do/wp-content/uploads/2025/05/temperaturas-extremas-y-precipitaciones-2025x05x01-b.pdf
2025-05-01,048,JARABACOA (EMA),LA VEGA,PROGRAMA MUNDIAL DE ALIMENTO,EMAP,27.7,16.3,7.6,https://indomet.gob.do/wp-content/uploads/2025/05/temperaturas-extremas-y-precipitaciones-2025x05x01-b.pdf
2025-05-01,049,MONTE CRISTI,MONTE CRISTI,ONAMET,EMCO,31.8,22.5,7.2,https://indomet.gob.do/wp-content/uploads/2025/05/temperaturas-extremas-y-precipitaciones-2025x05x01-b.pdf
2025-05-01,050,JARABACOA,LA VEGA,INDRHI / MARENA,EMCO,27.2,16.2,7.0,https://indomet.gob.do/wp-content/uploads/2025/05/temperaturas-extremas-y-precipitaciones-2025x05x01-b.pdf
2025-05-01,051,SAMANÁ,SAMANÁ,COMANDANCIA DE PUERTO DE SAMANÁ,EMCO,30.0,20.4,5.8,https://indomet.gob.do/wp-content/uploads/2025/05/temperaturas-extremas-y-precipitaciones-2025x05x01-b.pdf
2025-05-01,052,POLO,BARAHONA,INDOCAFE,EMCO,29.8,17.5,5.7,https://indomet.gob.do/wp-content/uploads/2025/05/temperaturas-extremas-y-precipitaciones-2025x05x01-b.pdf
2025-05-01,053,HONDO VALLE,ELÍAS PIÑA,MINISTERIO DE AGRICULTURA,EMCO,25.7,16.6,5.4,https://indomet.gob.do/wp-content/uploads/2025/05/temperaturas-extremas-y-precipitaciones-2025x05x01-b.pdf
2025-05-01,054,LA VEGA,LA VEGA,IATESA,EMCO,29.8,19.5,4.6,https://indomet.gob.do/wp-content/uploads/2025/05/temperaturas-extremas-y-precipitaciones-2025x05x01-b.pdf
2025-05-01,055,LA VICTORIA,SANTO DOMINGO,CUERPO DE BOMBEROS,EMCO,31.5,21.0,4.1,https://indomet.gob.do/wp-content/uploads/2025/05/temperaturas-extremas-y-precipitaciones-2025x05x01-b.pdf
2025-05-01,056,ENRIQUILLO,BARAHONA,MINISTERIO DE AGRICULTURA,EMCV,31.3,22.5,4.0,https://indomet.gob.do/wp-content/uploads/2025/05/temperaturas-extremas-y-precipitaciones-2025x05x01-b.pdf
2025-05-01,057,VILLA ALTAGRACIA,SAN CRISTÓBAL,ESCUELA JAVIER ANGULO GURIDI,EMCO,,,3.7,https://indomet.gob.do/wp-content/uploads/2025/05/temperaturas-extremas-y-precipitaciones-2025x05x01-b.pdf
2025-05-01,058,ARPT. LA ISABELA,SANTO DOMINGO,ONAMET,EMCO,32.7,22.0,3.2,https://indomet.gob.do/wp-content/uploads/2025/05/temperaturas-extremas-y-precipitaciones-2025x05x01-b.pdf
2025-05-01,059,JARDÍN BOTÁNICO NACIONAL,DISTRITO NACIONAL,JARDÍN BOTÁNICO NACIONAL,EMCV,32.9,21.2,3.0,https://indomet.gob.do/wp-content/uploads/2025/05/temperaturas-extremas-y-precipitaciones-2025x05x01-b.pdf
2025-05-01,060,PARQUE MIRADOR SUR,DISTRITO NACIONAL,AYUNTAMIENTO,EMCV,33.0,22.5,2.4,https://indomet.gob.do/wp-content/uploads/2025/05/temperaturas-extremas-y-precipitaciones-2025x05x01-b.pdf
2025-05-01,061,SAN RAFAEL DEL YUMA,LA ALTAGRACIA,MINISTERIO DE AGRICULTURA,EMCO,31.4,22.5,2.4,https://indomet.gob.do/wp-content/uploads/2025/05/temperaturas-extremas-y-precipitaciones-2025x05x01-b.pdf
2025-05-01,062,ELÍAS PIÑA,ELÍAS PIÑA,MINISTERIO DE AGRICULTURA,EMCV,,,2.1,https://indomet.gob.do/wp-content/uploads/2025/05/temperaturas-extremas-y-precipitaciones-2025x05x01-b.pdf
2025-05-01,063,NAVARRETE,SANTIAGO,MINISTERIO DE AGRICULTURA,EMCV,,,1.8,https://indomet.gob.do/wp-content/uploads/2025/05/temperaturas-extremas-y-precipitaciones-2025x05x01-b.pdf
2025-05-01,064,MAO,VALVERDE,INDRHI / MINISTERIO DE AGRICULTURA,EMCV,,,1.4,https://indomet.gob.do/wp-content/uploads/2025/05/temperaturas-extremas-y-precipitaciones-2025x05x01-b.pdf
2025-05-01,065,VILLA GONZALES,SANTIAGO,MINISTERIO DE AGRICULTURA,EMCO,,,1.3,https://indomet.gob.do/wp-content/uploads/2025/05/temperaturas-extremas-y-precipitaciones-2025x05x01-b.pdf
2025-05-01,066,OVIEDO,PEDERNALES,CLÍNICA RURAL OVIEDO,EMCO,31.9,21.0,1.2,https://indomet.gob.do/wp-content/uploads/2025/05/temperaturas-extremas-y-precipitaciones-2025x05x01-b.pdf
2025-05-01,067,SANTIAGO RODRÍGUEZ,SANTIAGO RODRÍGUEZ,ONAMET,EMCO,32.0,21.0,1.2,https://indomet.gob.do/wp-content/uploads/2025/05/temperaturas-extremas-y-precipitaciones-2025x05x01-b.pdf
2025-05-01,068,BOCA DE MAO (EMA),VALVERDE,MINISTERIO DE AGRICULTURA,EMAP,,,0.8,https://indomet.gob.do/wp-content/uploads/2025/05/temperaturas-extremas-y-precipitaciones-2025x05x01-b.pdf
2025-05-01,069,ARPT. DE LA ROMANA,LA ROMANA,ONAMET,EMCO,30.5,21.5,0.5,https://indomet.gob.do/wp-content/uploads/2025/05/temperaturas-extremas-y-precipitaciones-2025x05x01-b.pdf
2025-05-01,070,CABRAL,BARAHONA,MINISTERIO DE AGRICULTURA,EMCV,33.9,21.9,0.4,https://indomet.gob.do/wp-content/uploads/2025/05/temperaturas-extremas-y-precipitaciones-2025x05x01-b.pdf
2025-05-01,071,SABANETA (EMA),SANTIAGO RODRÍGUEZ,PROGRAMA MUNDIAL DE ALIMENTO,EMAP,31.9,20.3,0.2,https://indomet.gob.do/wp-content/uploads/2025/05/temperaturas-extremas-y-precipitaciones-2025x05x01-b.pdf
2025-05-01,072,OLIVARES,PEDERNALES,INDRHI,EMCO,,,0.1,https://indomet.gob.do/wp-content/uploads/2025/05/temperaturas-extremas-y-precipitaciones-2025x05x01-b.pdf
2025-05-01,073,PEDERNALES,PEDERNALES,INDRHI,EMCO,,,0.1,https://indomet.gob.do/wp-content/uploads/2025/05/temperaturas-extremas-y-precipitaciones-2025x05x01-b.pdf
2025-05-01,074,ARPT. MARÍA MONTEZ,BARAHONA,ONAMET,EMCO,32.0,22.3,0.0,https://indomet.gob.do/wp-content/uploads/2025/05/temperaturas-extremas-y-precipitaciones-2025x05x01-b.pdf
2025-05-01,075,BANI (EMA),PERAVIA,MINISTERIO DE AGRICULTURA,EMAP,34.0,24.0,0.0,https://indomet.gob.do/wp-content/uploads/2025/05/temperaturas-extremas-y-precipitaciones-2025x05x01-b.pdf
2025-05-01,076,LAS CANAS (EMA),MONTE CRISTI,PROGRAMA MUNDIAL DE ALIMENTO,EMAP,26.5,18.6,0.0,https://indomet.gob.do/wp-content/uploads/2025/05/temperaturas-extremas-y-precipitaciones-2025x05x01-b.pdf
2025-05-01,077,LAS MATAS DE SANTA CRUZ (EMA,MONTE CRISTI,PROGRAMA MUNDIAL DE ALIMENTO,EMAP,,,0.0,https://indomet.gob.do/wp-content/uploads/2025/05/temperaturas-extremas-y-precipitaciones-2025x05x01-b.pdf
2025-05-01,078,PESCADERIA (EMA),BARAHONA,MINISTERIO DE AGRICULTURA,EMAP,33.8,21.6,0.0,https://indomet.gob.do/wp-content/uploads/2025/05/temperaturas-extremas-y-precipitaciones-2025x05x01-b.pdf
2025-05-01,079,PONTÓN ABAJO (EMA),LA VEGA,MINISTERIO DE AGRICULTURA,EMAP,29.4,19.8,0.0,https://indomet.gob.do/wp-content/uploads/2025/05/temperaturas-extremas-y-precipitaciones-2025x05x01-b.pdf
2025-05-01,080,PRESA DE TAVERAS (EMA),LA VEGA,PROGRAMA MUNDIAL DE ALIMENTO,EMAP,27.6,19.3,0.0,https://indomet.gob.do/wp-content/uploads/2025/05/temperaturas-extremas-y-precipitaciones-2025x05x01-b.pdf
2025-05-01,081,RESTAURACIÓN,DAJABÓN,MINISTERIO DE AGRICULTURA,EMCO,19.1,16.7,0.0,https://indomet.gob.do/wp-content/uploads/2025/05/temperaturas-extremas-y-precipitaciones-2025x05x01-b.pdf
2025-05-01,082,SAN CRISTÓBAL,SAN CRISTÓBAL,INSTITUTO POLITÉCNICO LOYOLA,EMCO,33.2,21.2,0.0,https://indomet.gob.do/wp-content/uploads/2025/05/temperaturas-extremas-y-precipitaciones-2025x05x01-b.pdf
2025-05-02,001,CABRERA,MARÍA TRINIDAD SÁNCHEZ,ESCUELA ARÍSTIDES FIALLO CABRAL,EMCO,30.3,22.0,98.3,https://indomet.gob.do/wp-content/uploads/2025/05/temperaturas-extremas-y-precipitaciones-2025x05x02-a.pdf
2025-05-02,002,SAN JOSÉ DE OCOA,SAN JOSÉ DE OCOA,HOSP. SAN JOSÉ DE OCOA,EMCO,30.9,,86.0,https://indomet.gob.do/wp-content/uploads/2025/05/temperaturas-extremas-y-precipitaciones-2025x05x02-a.pdf
2025-05-02,003,BAYAGUANA,MONTE PLATA,ONAMET,EMCO,32.6,21.0,74.2,https://indomet.gob.do/wp-content/uploads/2025/05/temperaturas-extremas-y-precipitaciones-2025x05x02-a.pdf
2025-05-02,004,LA VICTORIA,SANTO DOMINGO,CUERPO DE BOMBEROS,EMCO,33.5,21.3,63.7,https://indomet.gob.do/wp-content/uploads/2025/05/temperaturas-extremas-y-precipitaciones-2025x05x02-a.pdf
2025-05-02,005,SANTIAGO RODRÍGUEZ,SANTIAGO RODRÍGUEZ,ONAMET,EMCO,33.8,21.0,58.9,https://indomet.gob.do/wp-content/uploads/2025/05/temperaturas-extremas-y-precipitaciones-2025x05x02-a.pdf
2025-05-02,006,ARPT. ARROYO BARRIL,SAMANÁ,ONAMET,EMCO,30.3,21.0,54.9,https://indomet.gob.do/wp-content/uploads/2025/05/temperaturas-extremas-y-precipitaciones-2025x05x02-a.pdf
2025-05-02,007,VILLA RIVA,DUARTE,HOSP. MPAL. ALICIA DE LEGENDRE,EMCO,30.8,21.0,51.0,https://indomet.gob.do/wp-content/uploads/2025/05/temperaturas-extremas-y-precipitaciones-2025x05x02-a.pdf
2025-05-02,008,ARPT. EL CATEY,SAMANÁ,ONAMET,EMCO,31.0,20.0,47.7,https://indomet.gob.do/wp-content/uploads/2025/05/temperaturas-extremas-y-precipitaciones-2025x05x02-a.pdf
2025-05-02,009,BONAO,MONSEÑOR NOUEL,MINISTERIO DE AGRICULTURA,EMCV,,,44.7,https://indomet.gob.do/wp-content/uploads/2025/05/temperaturas-extremas-y-precipitaciones-2025x05x02-a.pdf
2025-05-02,010,MOCA,ESPAILLAT,MINISTERIO DE AGRICULTURA,EMCV,,,44.0,https://indomet.gob.do/wp-content/uploads/2025/05/temperaturas-extremas-y-precipitaciones-2025x05x02-a.pdf
2025-05-02,011,SALCEDO,HERMANAS MIRABAL,PROPIEDAD DEL EMPLEADO,EMCO,,,42.9,https://indomet.gob.do/wp-content/uploads/2025/05/temperaturas-extremas-y-precipitaciones-2025x05x02-a.pdf
2025-05-02,012,LA VEGA,LA VEGA,IATESA,EMCO,31.0,19.5,37.0,https://indomet.gob.do/wp-content/uploads/2025/05/temperaturas-extremas-y-precipitaciones-2025x05x02-a.pdf
2025-05-02,013,MAO,VALVERDE,INDRHI / MINISTERIO DE AGRICULTURA,EMCV,,,32.5,https://indomet.gob.do/wp-content/uploads/2025/05/temperaturas-extremas-y-precipitaciones-2025x05x02-a.pdf
2025-05-02,014,RANCHO ARRIBA,SAN JOSÉ DE OCOA,CENTRO TECNOLÓGICO COMUNITARIO,EMCO,29.3,16.7,30.9,https://indomet.gob.do/wp-content/uploads/2025/05/temperaturas-extremas-y-precipitaciones-2025x05x02-a.pdf
2025-05-02,015,ARPT. LA ISABELA,SANTO DOMINGO,ONAMET,EMCO,32.4,20.0,28.5,https://indomet.gob.do/wp-content/uploads/2025/05/temperaturas-extremas-y-precipitaciones-2025x05x02-a.pdf
2025-05-02,016,VILLA ALTAGRACIA,SAN CRISTÓBAL,ESCUELA JAVIER ANGULO GURIDI,EMCO,,,27.2,https://indomet.gob.do/wp-content/uploads/2025/05/temperaturas-extremas-y-precipitaciones-2025x05x02-a.pdf
2025-05-02,017,JIMANÍ,INDEPENDENCIA,MINISTERIO DE AGRICULTURA,EMCO,34.0,21.6,27.1,https://indomet.gob.do/wp-content/uploads/2025/05/temperaturas-extremas-y-precipitaciones-2025x05x02-a.pdf
2025-05-02,018,ALTO BANDERA (EMA),LA VEGA,INTEC,EMAP,13.1,7.8,25.4,https://indomet.gob.do/wp-content/uploads/2025/05/temperaturas-extremas-y-precipitaciones-2025x05x02-a.pdf
2025-05-02,019,NAVARRETE,SANTIAGO,MINISTERIO DE AGRICULTURA,EMCV,,,25.4,https://indomet.gob.do/wp-content/uploads/2025/05/temperaturas-extremas-y-precipitaciones-2025x05x02-a.pdf
2025-05-02,020,DAJABÓN,DAJABÓN,INSTITUTO POLITÉCNICO LOYOLA,EMCO,33.1,19.6,25.0,https://indomet.gob.do/wp-content/uploads/2025/05/temperaturas-extremas-y-precipitaciones-2025x05x02-a.pdf
2025-05-02,021,VILLA ISABELA,PUERTO PLATA,MINISTERIO DE AGRICULTURA,EMCV,,,21.6,https://indomet.gob.do/wp-content/uploads/2025/05/temperaturas-extremas-y-precipitaciones-2025x05x02-a.pdf
2025-05-02,022,JARABACOA (EMA),LA VEGA,PROGRAMA MUNDIAL DE ALIMENTO,EMAP,28.2,19.3,19.0,https://indomet.gob.do/wp-content/uploads/2025/05/temperaturas-extremas-y-precipitaciones-2025x05x02-a.pdf
2025-05-02,023,SAMANÁ,SAMANÁ,COMANDANCIA DE PUERTO DE SAMANÁ,EMCO,30.5,21.0,19.0,https://indomet.gob.do/wp-content/uploads/2025/05/temperaturas-extremas-y-precipitaciones-2025x05x02-a.pdf
2025-05-02,024,OVIEDO,PEDERNALES,CLÍNICA RURAL OVIEDO,EMCO,32.3,22.5,18.2,https://indomet.gob.do/wp-content/uploads/2025/05/temperaturas-extremas-y-precipitaciones-2025x05x02-a.pdf
2025-05-02,025,JARABACOA,LA VEGA,INDRHI / MARENA,EMCO,28.2,17.0,17.1,https://indomet.gob.do/wp-content/uploads/2025/05/temperaturas-extremas-y-precipitaciones-2025x05x02-a.pdf
2025-05-02,026,CONSTANZA,LA VEGA,MINISTERIO DE AGRICULTURA,EMCO,25.5,13.5,16.3,https://indomet.gob.do/wp-content/uploads/2025/05/temperaturas-extremas-y-precipitaciones-2025x05x02-a.pdf
2025-05-02,027,CONSTANZA (EMA),LA VEGA,PROGRAMA MUNDIAL DE ALIMENTO,EMAP,24.6,14.2,15.2,https://indomet.gob.do/wp-content/uploads/2025/05/temperaturas-extremas-y-precipitaciones-2025x05x02-a.pdf
2025-05-02,028,LOS LLANOS,SAN PEDRO DE MACORÍS,MINISTERIO DE AGRICULTURA,EMCO,31.5,21.0,15.2,https://indomet.gob.do/wp-content/uploads/2025/05/temperaturas-extremas-y-precipitaciones-2025x05x02-a.pdf
2025-05-02,029,SAN RAFAEL DEL YUMA,LA ALTAGRACIA,MINISTERIO DE AGRICULTURA,EMCO,33.0,21.9,14.8,https://indomet.gob.do/wp-content/uploads/2025/05/temperaturas-extremas-y-precipitaciones-2025x05x02-a.pdf
2025-05-02,030,ARROYO LORO,SAN JUAN,IDIAF,EMCO,32.0,19.0,12.2,https://indomet.gob.do/wp-content/uploads/2025/05/temperaturas-extremas-y-precipitaciones-2025x05x02-a.pdf
2025-05-02,031,VILLA GONZALES,SANTIAGO,MINISTERIO DE AGRICULTURA,EMCO,,,10.4,https://indomet.gob.do/wp-content/uploads/2025/05/temperaturas-extremas-y-precipitaciones-2025x05x02-a.pdf
2025-05-02,032,ELÍAS PIÑA,ELÍAS PIÑA,MINISTERIO DE AGRICULTURA,EMCV,,,10.1,https://indomet.gob.do/wp-content/uploads/2025/05/temperaturas-extremas-y-precipitaciones-2025x05x02-a.pdf
2025-05-02,033,EL FACTOR (EMA),MARÍA TRINIDAD SÁNCHEZ,INTEC,EMAP,30.3,21.8,9.9,https://indomet.gob.do/wp-content/uploads/2025/05/temperaturas-extremas-y-precipitaciones-2025x05x02-a.pdf
2025-05-02,034,ENRIQUILLO,BARAHONA,MINISTERIO DE AGRICULTURA,EMCV,31.5,23.0,9.8,https://indomet.gob.do/wp-content/uploads/2025/05/temperaturas-extremas-y-precipitaciones-2025x05x02-a.pdf
2025-05-02,035,HONDO VALLE,ELÍAS PIÑA,MINISTERIO DE AGRICULTURA,EMCO,25.4,17.3,9.8,https://indomet.gob.do/wp-content/uploads/2025/05/temperaturas-extremas-y-precipitaciones-2025x05x02-a.pdf
2025-05-02,036,ARPT. DE LA ROMANA,LA ROMANA,ONAMET,EMCO,30.7,21.0,9.5,https://indomet.gob.do/wp-content/uploads/2025/05/temperaturas-extremas-y-precipitaciones-2025x05x02-a.pdf
2025-05-02,037,GURABO,SANTIAGO,MINISTERIO DE AGRICULTURA,EMCV,,,8.9,https://indomet.gob.do/wp-content/uploads/2025/05/temperaturas-extremas-y-precipitaciones-2025x05x02-a.pdf
2025-05-02,038,ANAMUYA (EMA),LA ALTAGRACIA,MINISTERIO DE AGRICULTURA,EMAP,31.2,21.7,8.2,https://indomet.gob.do/wp-content/uploads/2025/05/temperaturas-extremas-y-precipitaciones-2025x05x02-a.pdf
2025-05-02,039,SABANA DE LA MAR,HATO MAYOR,ONAMET,EMCO,29.0,21.0,7.7,https://indomet.gob.do/wp-content/uploads/2025/05/temperaturas-extremas-y-precipitaciones-2025x05x02-a.pdf
2025-05-02,040,BOCA DE MAO (EMA),VALVERDE,MINISTERIO DE AGRICULTURA,EMAP,32.9,20.2,7.0,https://indomet.gob.do/wp-content/uploads/2025/05/temperaturas-extremas-y-precipitaciones-2025x05x02-a.pdf
2025-05-02,041,ARPT. DEL CIBAO,SANTIAGO,ONAMET,EMCO,31.5,19.0,6.5,https://indomet.gob.do/wp-content/uploads/2025/05/temperaturas-extremas-y-precipitaciones-2025x05x02-a.pdf
2025-05-02,042,SÁNCHEZ,SAMANÁ,MINISTERIO DE AGRICULTURA,EMCO,30.6,21.4,6.4,https://indomet.gob.do/wp-content/uploads/2025/05/temperaturas-extremas-y-precipitaciones-2025x05x02-a.pdf
2025-05-02,043,PEDERNALES,PEDERNALES,INDRHI,EMCO,,,5.8,https://indomet.gob.do/wp-content/uploads/2025/05/temperaturas-extremas-y-precipitaciones-2025x05x02-a.pdf
2025-05-02,044,RÍO SAN JUAN,MARÍA TRINIDAD SÁNCHEZ,HOSP. MPAL. DR. DESIDERIO ACOSTA,EMCV,30.4,22.6,5.3,https://indomet.gob.do/wp-content/uploads/2025/05/temperaturas-extremas-y-precipitaciones-2025x05x02-a.pdf
2025-05-02,045,MONCIÓN (EMA),SANTIAGO RODRÍGUEZ,PROGRAMA MUNDIAL DE ALIMENTO,EMAP,30.9,18.5,4.6,https://indomet.gob.do/wp-content/uploads/2025/05/temperaturas-extremas-y-precipitaciones-2025x05x02-a.pdf
2025-05-02,046,GASPAR HERNÁNDEZ,ESPAILLAT,PROPIEDAD DEL EMPLEADO,EMCO,,,4.1,https://indomet.gob.do/wp-content/uploads/2025/05/temperaturas-extremas-y-precipitaciones-2025x05x02-a.pdf
2025-05-02,047,PADRE LAS CASAS,AZUA,HOSP. NTRA. SRA. DEL CARMEN,EMCO,32.0,18.8,3.2,https://indomet.gob.do/wp-content/uploads/2025/05/temperaturas-extremas-y-precipitaciones-2025x05x02-a.pdf
2025-05-02,048,TAMBORIL,SANTIAGO,MINISTERIO DE AGRICULTURA,EMCV,,,2.5,https://indomet.gob.do/wp-content/uploads/2025/05/temperaturas-extremas-y-precipitaciones-2025x05x02-a.pdf
2025-05-02,049,ALTAMIRA,PUERTO PLATA,HOSP. MPAL. DE ALTAMIRA,EMCO,30.2,18.4,2.5,https://indomet.gob.do/wp-content/uploads/2025/05/temperaturas-extremas-y-precipitaciones-2025x05x02-a.pdf
2025-05-02,050,OLIVARES,PEDERNALES,INDRHI,EMCO,,,2.3,https://indomet.gob.do/wp-content/uploads/2025/05/temperaturas-extremas-y-precipitaciones-2025x05x02-a.pdf
2025-05-02,051,ARPT. DE PUNTA CANA,LA ALTAGRACIA,ONAMET,EMCO,29.9,23.7,2.2,https://indomet.gob.do/wp-content/uploads/2025/05/temperaturas-extremas-y-precipitaciones-2025x05x02-a.pdf
2025-05-02,052,BASE AÉREA DE SAN ISIDRO,SANTO DOMINGO,FUERZA AÉREA DOMINICANA,EMCV,31.2,21.5,2.0,https://indomet.gob.do/wp-content/uploads/2025/05/temperaturas-extremas-y-precipitaciones-2025x05x02-a.pdf
2025-05-02,053,PALO ÍNDIO,PUERTO PLATA,MINISTERIO DE AGRICULTURA,EMCO,,,1.3,https://indomet.gob.do/wp-content/uploads/2025/05/temperaturas-extremas-y-precipitaciones-2025x05x02-a.pdf
2025-05-02,054,ARPT. DE LAS AMÉRICAS,SANTO DOMINGO,ONAMET,EMCO,30.0,,1.0,https://indomet.gob.do/wp-content/uploads/2025/05/temperaturas-extremas-y-precipitaciones-2025x05x02-a.pdf
2025-05-02,055,ARPT. GREGORIO LUPERÓN,PUERTO PLATA,ONAMET,EMCO,29.0,21.0,0.9,https://indomet.gob.do/wp-content/uploads/2025/05/temperaturas-extremas-y-precipitaciones-2025x05x02-a.pdf
2025-05-02,056,PERALTA,AZUA,HOSP. MPAL. DE PERALTA,EMCO,30.5,19.0,0.4,https://indomet.gob.do/wp-content/uploads/2025/05/temperaturas-extremas-y-precipitaciones-2025x05x02-a.pdf
2025-05-02,057,SABANETA (EMA),SANTIAGO RODRÍGUEZ,PROGRAMA MUNDIAL DE ALIMENTO,EMAP,33.8,20.1,0.2,https://indomet.gob.do/wp-content/uploads/2025/05/temperaturas-extremas-y-precipitaciones-2025x05x02-a.pdf
2025-05-02,058,CABRAL,BARAHONA,MINISTERIO DE AGRICULTURA,EMCV,34.2,23.5,0.1,https://indomet.gob.do/wp-content/uploads/2025/05/temperaturas-extremas-y-precipitaciones-2025x05x02-a.pdf
2025-05-02,059,MONTE CRISTI,MONTE CRISTI,ONAMET,EMCO,32.2,20.8,0.1,https://indomet.gob.do/wp-content/uploads/2025/05/temperaturas-extremas-y-precipitaciones-2025x05x02-a.pdf
2025-05-02,060,ARPT. MARÍA MONTEZ,BARAHONA,ONAMET,EMCO,32.5,21.5,0.0,https://indomet.gob.do/wp-content/uploads/2025/05/temperaturas-extremas-y-precipitaciones-2025x05x02-a.pdf
2025-05-02,061,CENTRO DE LOS HEROES (EMA),DISTRITO NACIONAL,MINISTERIO DE ENERGIA Y MINA,EMAP,30.9,24.3,0.0,https://indomet.gob.do/wp-content/uploads/2025/05/temperaturas-extremas-y-precipitaciones-2025x05x02-a.pdf
2025-05-02,062,ESCONDIDO,PERAVIA,MINISTERIO DE AGRICULTURA,EMCV,32.9,25.0,0.0,https://indomet.gob.do/wp-content/uploads/2025/05/temperaturas-extremas-y-precipitaciones-2025x05x02-a.pdf
2025-05-02,063,LAS CANAS (EMA),MONTE CRISTI,PROGRAMA MUNDIAL DE ALIMENTO,EMAP,27.3,20.4,0.0,https://indomet.gob.do/wp-content/uploads/2025/05/temperaturas-extremas-y-precipitaciones-2025x05x02-a.pdf
2025-05-02,064,LAS MATAS DE SANTA CRUZ (EMA,MONTE CRISTI,PROGRAMA MUNDIAL DE ALIMENTO,EMAP,,,0.0,https://indomet.gob.do/wp-content/uploads/2025/05/temperaturas-extremas-y-precipitaciones-2025x05x02-a.pdf
2025-05-02,065,PESCADERIA (EMA),BARAHONA,MINISTERIO DE AGRICULTURA,EMAP,33.7,25.1,0.0,https://indomet.gob.do/wp-content/uploads/2025/05/temperaturas-extremas-y-precipitaciones-2025x05x02-a.pdf
2025-05-02,066,PONTÓN ABAJO (EMA),LA VEGA,MINISTERIO DE AGRICULTURA,EMAP,32.9,21.5,0.0,https://indomet.gob.do/wp-content/uploads/2025/05/temperaturas-extremas-y-precipitaciones-2025x05x02-a.pdf
2025-05-02,067,PRESA DE TAVERAS (EMA),LA VEGA,PROGRAMA MUNDIAL DE ALIMENTO,EMAP,28.8,19.3,0.0,https://indomet.gob.do/wp-content/uploads/2025/05/temperaturas-extremas-y-precipitaciones-2025x05x02-a.pdf
2025-05-02,068,RESTAURACIÓN,DAJABÓN,MINISTERIO DE AGRICULTURA,EMCO,21.6,16.7,0.0,https://indomet.gob.do/wp-content/uploads/2025/05/temperaturas-extremas-y-precipitaciones-2025x05x02-a.pdf
2025-05-02,069,SAN CRISTÓBAL,SAN CRISTÓBAL,INSTITUTO POLITÉCNICO LOYOLA,EMCO,32.0,21.0,0.0,https://indomet.gob.do/wp-content/uploads/2025/05/temperaturas-extremas-y-precipitaciones-2025x05x02-a.pdf
2025-05-02,070,SANTO DOMINGO ESTE,SANTO DOMINGO,ONAMET,EMCO,31.5,22.5,0.0,https://indomet.gob.do/wp-content/uploads/2025/05/temperaturas-extremas-y-precipitaciones-2025x05x02-a.pdf
2025-05-02,071,TÁBARA ABAJO,AZUA,INDRHI,EMCO,35.5,19.0,0.0,https://indomet.gob.do/wp-content/uploads/2025/05/temperaturas-extremas-y-precipitaciones-2025x05x02-a.pdf
2025-05-03,001,ARROYO LORO,SAN JUAN,IDIAF,EMCO,30.1,16.7,87.9,https://indomet.gob.do/wp-content/uploads/2025/05/temperaturas-extremas-y-precipitaciones-2025x05x03-a.pdf
2025-05-03,002,LA VICTORIA,SANTO DOMINGO,CUERPO DE BOMBEROS,EMCO,33.2,20.4,56.2,https://indomet.gob.do/wp-content/uploads/2025/05/temperaturas-extremas-y-precipitaciones-2025x05x03-a.pdf
2025-05-03,003,SAN JOSÉ DE OCOA,SAN JOSÉ DE OCOA,HOSP. SAN JOSÉ DE OCOA,EMCO,29.6,,51.6,https://indomet.gob.do/wp-content/uploads/2025/05/temperaturas-extremas-y-precipitaciones-2025x05x03-a.pdf
2025-05-03,004,BASE AÉREA DE SAN ISIDRO,SANTO DOMINGO,FUERZA AÉREA DOMINICANA,EMCV,31.0,20.5,50.0,https://indomet.gob.do/wp-content/uploads/2025/05/temperaturas-extremas-y-precipitaciones-2025x05x03-a.pdf
2025-05-03,005,CONSTANZA,LA VEGA,MINISTERIO DE AGRICULTURA,EMCO,24.5,11.6,41.4,https://indomet.gob.do/wp-content/uploads/2025/05/temperaturas-extremas-y-precipitaciones-2025x05x03-a.pdf
2025-05-03,006,SAMANÁ,SAMANÁ,COMANDANCIA DE PUERTO DE SAMANÁ,EMCO,30.0,20.0,41.0,https://indomet.gob.do/wp-content/uploads/2025/05/temperaturas-extremas-y-precipitaciones-2025x05x03-a.pdf
2025-05-03,007,ARPT. LA ISABELA,SANTO DOMINGO,ONAMET,EMCO,33.2,19.0,38.9,https://indomet.gob.do/wp-content/uploads/2025/05/temperaturas-extremas-y-precipitaciones-2025x05x03-a.pdf
2025-05-03,008,RÍO SAN JUAN,MARÍA TRINIDAD SÁNCHEZ,HOSP. MPAL. DR. DESIDERIO ACOSTA,EMCV,30.0,22.2,38.6,https://indomet.gob.do/wp-content/uploads/2025/05/temperaturas-extremas-y-precipitaciones-2025x05x03-a.pdf
2025-05-03,009,ARPT. DE LAS AMÉRICAS,SANTO DOMINGO,ONAMET,EMCO,31.6,20.0,38.3,https://indomet.gob.do/wp-content/uploads/2025/05/temperaturas-extremas-y-precipitaciones-2025x05x03-a.pdf
2025-05-03,010,CONSTANZA (EMA),LA VEGA,PROGRAMA MUNDIAL DE ALIMENTO,EMAP,23.9,11.9,35.2,https://indomet.gob.do/wp-content/uploads/2025/05/temperaturas-extremas-y-precipitaciones-2025x05x03-a.pdf
2025-05-03,011,ARPT. EL CATEY,SAMANÁ,ONAMET,EMCO,29.6,20.0,34.7,https://indomet.gob.do/wp-content/uploads/2025/05/temperaturas-extremas-y-precipitaciones-2025x05x03-a.pdf
2025-05-03,012,VILLA ISABELA,PUERTO PLATA,MINISTERIO DE AGRICULTURA,EMCV,,,32.0,https://indomet.gob.do/wp-content/uploads/2025/05/temperaturas-extremas-y-precipitaciones-2025x05x03-a.pdf
2025-05-03,013,ARPT. ARROYO BARRIL,SAMANÁ,ONAMET,EMCO,30.7,21.4,25.0,https://indomet.gob.do/wp-content/uploads/2025/05/temperaturas-extremas-y-precipitaciones-2025x05x03-a.pdf
2025-05-03,014,RANCHO ARRIBA,SAN JOSÉ DE OCOA,CENTRO TECNOLÓGICO COMUNITARIO,EMCO,27.9,15.6,24.4,https://indomet.gob.do/wp-content/uploads/2025/05/temperaturas-extremas-y-precipitaciones-2025x05x03-a.pdf
2025-05-03,015,LOS LLANOS,SAN PEDRO DE MACORÍS,MINISTERIO DE AGRICULTURA,EMCO,31.4,21.0,24.0,https://indomet.gob.do/wp-content/uploads/2025/05/temperaturas-extremas-y-precipitaciones-2025x05x03-a.pdf
2025-05-03,016,CABRERA,MARÍA TRINIDAD SÁNCHEZ,ESCUELA ARÍSTIDES FIALLO CABRAL,EMCO,28.5,22.0,20.5,https://indomet.gob.do/wp-content/uploads/2025/05/temperaturas-extremas-y-precipitaciones-2025x05x03-a.pdf
2025-05-03,017,CENTRO DE LOS HEROES (EMA),DISTRITO NACIONAL,MINISTERIO DE ENERGIA Y MINA,EMAP,30.6,23.3,18.8,https://indomet.gob.do/wp-content/uploads/2025/05/temperaturas-extremas-y-precipitaciones-2025x05x03-a.pdf
2025-05-03,018,VILLA ALTAGRACIA,SAN CRISTÓBAL,ESCUELA JAVIER ANGULO GURIDI,EMCO,,,18.8,https://indomet.gob.do/wp-content/uploads/2025/05/temperaturas-extremas-y-precipitaciones-2025x05x03-a.pdf
2025-05-03,019,SANTO DOMINGO ESTE,SANTO DOMINGO,ONAMET,EMCO,31.7,22.0,15.0,https://indomet.gob.do/wp-content/uploads/2025/05/temperaturas-extremas-y-precipitaciones-2025x05x03-a.pdf
2025-05-03,020,BAYAGUANA,MONTE PLATA,ONAMET,EMCO,31.0,21.2,14.8,https://indomet.gob.do/wp-content/uploads/2025/05/temperaturas-extremas-y-precipitaciones-2025x05x03-a.pdf
2025-05-03,021,ALTAMIRA,PUERTO PLATA,HOSP. MPAL. DE ALTAMIRA,EMCO,30.0,19.2,14.0,https://indomet.gob.do/wp-content/uploads/2025/05/temperaturas-extremas-y-precipitaciones-2025x05x03-a.pdf
2025-05-03,022,ALTO BANDERA (EMA),LA VEGA,INTEC,EMAP,14.1,7.4,13.7,https://indomet.gob.do/wp-content/uploads/2025/05/temperaturas-extremas-y-precipitaciones-2025x05x03-a.pdf
2025-05-03,023,SAN CRISTÓBAL,SAN CRISTÓBAL,INSTITUTO POLITÉCNICO LOYOLA,EMCO,31.2,20.0,10.8,https://indomet.gob.do/wp-content/uploads/2025/05/temperaturas-extremas-y-precipitaciones-2025x05x03-a.pdf
2025-05-03,024,ARPT. DE LA ROMANA,LA ROMANA,ONAMET,EMCO,30.5,21.6,8.8,https://indomet.gob.do/wp-content/uploads/2025/05/temperaturas-extremas-y-precipitaciones-2025x05x03-a.pdf
2025-05-03,025,SALCEDO,HERMANAS MIRABAL,PROPIEDAD DEL EMPLEADO,EMCO,,,8.4,https://indomet.gob.do/wp-content/uploads/2025/05/temperaturas-extremas-y-precipitaciones-2025x05x03-a.pdf
2025-05-03,026,JUMA BEJUCAL,MONSEÑOR NOUEL,IDIAF,EMCV,29.4,19.2,8.3,https://indomet.gob.do/wp-content/uploads/2025/05/temperaturas-extremas-y-precipitaciones-2025x05x03-a.pdf
2025-05-03,027,BONAO,MONSEÑOR NOUEL,MINISTERIO DE AGRICULTURA,EMCV,,,7.4,https://indomet.gob.do/wp-content/uploads/2025/05/temperaturas-extremas-y-precipitaciones-2025x05x03-a.pdf
2025-05-03,028,HATO MAYOR,HATO MAYOR,MINISTERIO DE AGRICULTURA,EMCV,,,6.4,https://indomet.gob.do/wp-content/uploads/2025/05/temperaturas-extremas-y-precipitaciones-2025x05x03-a.pdf
2025-05-03,029,VILLA RIVA,DUARTE,HOSP. MPAL. ALICIA DE LEGENDRE,EMCO,29.0,20.5,6.3,https://indomet.gob.do/wp-content/uploads/2025/05/temperaturas-extremas-y-precipitaciones-2025x05x03-a.pdf
2025-05-03,030,HONDO VALLE,ELÍAS PIÑA,MINISTERIO DE AGRICULTURA,EMCO,25.1,16.9,5.3,https://indomet.gob.do/wp-content/uploads/2025/05/temperaturas-extremas-y-precipitaciones-2025x05x03-a.pdf
2025-05-03,031,BOCA DE MAO (EMA),VALVERDE,MINISTERIO DE AGRICULTURA,EMAP,31.4,20.4,4.6,https://indomet.gob.do/wp-content/uploads/2025/05/temperaturas-extremas-y-precipitaciones-2025x05x03-a.pdf
2025-05-03,032,RESTAURACIÓN,DAJABÓN,MINISTERIO DE AGRICULTURA,EMCO,20.4,16.9,4.6,https://indomet.gob.do/wp-content/uploads/2025/05/temperaturas-extremas-y-precipitaciones-2025x05x03-a.pdf
2025-05-03,033,OLIVARES,PEDERNALES,INDRHI,EMCO,,,3.6,https://indomet.gob.do/wp-content/uploads/2025/05/temperaturas-extremas-y-precipitaciones-2025x05x03-a.pdf
2025-05-03,034,ARPT. DE PUNTA CANA,LA ALTAGRACIA,ONAMET,EMCO,29.5,22.8,3.2,https://indomet.gob.do/wp-content/uploads/2025/05/temperaturas-extremas-y-precipitaciones-2025x05x03-a.pdf
2025-05-03,035,SÁNCHEZ,SAMANÁ,MINISTERIO DE AGRICULTURA,EMCO,29.8,19.7,2.6,https://indomet.gob.do/wp-content/uploads/2025/05/temperaturas-extremas-y-precipitaciones-2025x05x03-a.pdf
2025-05-03,036,ELÍAS PIÑA,ELÍAS PIÑA,MINISTERIO DE AGRICULTURA,EMCV,,,2.0,https://indomet.gob.do/wp-content/uploads/2025/05/temperaturas-extremas-y-precipitaciones-2025x05x03-a.pdf
2025-05-03,037,PERALTA,AZUA,HOSP. MPAL. DE PERALTA,EMCO,29.6,17.0,2.0,https://indomet.gob.do/wp-content/uploads/2025/05/temperaturas-extremas-y-precipitaciones-2025x05x03-a.pdf
2025-05-03,038,SAN RAFAEL DEL YUMA,LA ALTAGRACIA,MINISTERIO DE AGRICULTURA,EMCO,31.2,22.4,1.6,https://indomet.gob.do/wp-content/uploads/2025/05/temperaturas-extremas-y-precipitaciones-2025x05x03-a.pdf
2025-05-03,039,JARABACOA,LA VEGA,INDRHI / MARENA,EMCO,27.6,16.4,1.4,https://indomet.gob.do/wp-content/uploads/2025/05/temperaturas-extremas-y-precipitaciones-2025x05x03-a.pdf
2025-05-03,040,LA VEGA,LA VEGA,IATESA,EMCO,28.0,19.5,1.4,https://indomet.gob.do/wp-content/uploads/2025/05/temperaturas-extremas-y-precipitaciones-2025x05x03-a.pdf
2025-05-03,041,MONCIÓN (EMA),SANTIAGO RODRÍGUEZ,PROGRAMA MUNDIAL DE ALIMENTO,EMAP,28.4,18.4,1.4,https://indomet.gob.do/wp-content/uploads/2025/05/temperaturas-extremas-y-precipitaciones-2025x05x03-a.pdf
2025-05-03,042,JARABACOA (EMA),LA VEGA,PROGRAMA MUNDIAL DE ALIMENTO,EMAP,27.6,16.8,1.2,https://indomet.gob.do/wp-content/uploads/2025/05/temperaturas-extremas-y-precipitaciones-2025x05x03-a.pdf
2025-05-03,043,JIMANÍ,INDEPENDENCIA,MINISTERIO DE AGRICULTURA,EMCO,33.0,23.0,1.0,https://indomet.gob.do/wp-content/uploads/2025/05/temperaturas-extremas-y-precipitaciones-2025x05x03-a.pdf
2025-05-03,044,TAMBORIL,SANTIAGO,MINISTERIO DE AGRICULTURA,EMCV,,,0.5,https://indomet.gob.do/wp-content/uploads/2025/05/temperaturas-extremas-y-precipitaciones-2025x05x03-a.pdf
2025-05-03,045,PADRE LAS CASAS,AZUA,HOSP. NTRA. SRA. DEL CARMEN,EMCO,31.5,17.5,0.4,https://indomet.gob.do/wp-content/uploads/2025/05/temperaturas-extremas-y-precipitaciones-2025x05x03-a.pdf
2025-05-03,046,POLO,BARAHONA,INDOCAFE,EMCO,28.5,16.0,0.3,https://indomet.gob.do/wp-content/uploads/2025/05/temperaturas-extremas-y-precipitaciones-2025x05x03-a.pdf
2025-05-03,047,ANAMUYA (EMA),LA ALTAGRACIA,MINISTERIO DE AGRICULTURA,EMAP,30.4,22.7,0.2,https://indomet.gob.do/wp-content/uploads/2025/05/temperaturas-extremas-y-precipitaciones-2025x05x03-a.pdf
2025-05-03,048,SABANETA (EMA),SANTIAGO RODRÍGUEZ,PROGRAMA MUNDIAL DE ALIMENTO,EMAP,31.8,20.3,0.2,https://indomet.gob.do/wp-content/uploads/2025/05/temperaturas-extremas-y-precipitaciones-2025x05x03-a.pdf
2025-05-03,049,SANTIAGO RODRÍGUEZ,SANTIAGO RODRÍGUEZ,ONAMET,EMCO,31.5,20.8,0.1,https://indomet.gob.do/wp-content/uploads/2025/05/temperaturas-extremas-y-precipitaciones-2025x05x03-a.pdf
2025-05-03,050,ARPT. DEL CIBAO,SANTIAGO,ONAMET,EMCO,30.8,19.4,0.0,https://indomet.gob.do/wp-content/uploads/2025/05/temperaturas-extremas-y-precipitaciones-2025x05x03-a.pdf
2025-05-03,051,ARPT. GREGORIO LUPERÓN,PUERTO PLATA,ONAMET,EMCO,29.6,21.8,0.0,https://indomet.gob.do/wp-content/uploads/2025/05/temperaturas-extremas-y-precipitaciones-2025x05x03-a.pdf
2025-05-03,052,ARPT. MARÍA MONTEZ,BARAHONA,ONAMET,EMCO,32.4,23.5,0.0,https://indomet.gob.do/wp-content/uploads/2025/05/temperaturas-extremas-y-precipitaciones-2025x05x03-a.pdf
2025-05-03,053,BANI (EMA),PERAVIA,MINISTERIO DE AGRICULTURA,EMAP,32.6,24.6,0.0,https://indomet.gob.do/wp-content/uploads/2025/05/temperaturas-extremas-y-precipitaciones-2025x05x03-a.pdf
2025-05-03,054,CABRAL,BARAHONA,MINISTERIO DE AGRICULTURA,EMCV,33.7,22.6,0.0,https://indomet.gob.do/wp-content/uploads/2025/05/temperaturas-extremas-y-precipitaciones-2025x05x03-a.pdf
2025-05-03,055,EL FACTOR (EMA),MARÍA TRINIDAD SÁNCHEZ,INTEC,EMAP,28.6,21.6,0.0,https://indomet.gob.do/wp-content/uploads/2025/05/temperaturas-extremas-y-precipitaciones-2025x05x03-a.pdf
2025-05-03,056,ENRIQUILLO,BARAHONA,MINISTERIO DE AGRICULTURA,EMCV,31.0,24.5,0.0,https://indomet.gob.do/wp-content/uploads/2025/05/temperaturas-extremas-y-precipitaciones-2025x05x03-a.pdf
2025-05-03,057,ESCONDIDO,PERAVIA,MINISTERIO DE AGRICULTURA,EMCV,33.0,24.0,0.0,https://indomet.gob.do/wp-content/uploads/2025/05/temperaturas-extremas-y-precipitaciones-2025x05x03-a.pdf
2025-05-03,058,GASPAR HERNÁNDEZ,ESPAILLAT,PROPIEDAD DEL EMPLEADO,EMCO,,,0.0,https://indomet.gob.do/wp-content/uploads/2025/05/temperaturas-extremas-y-precipitaciones-2025x05x03-a.pdf
2025-05-03,059,GURABO,SANTIAGO,MINISTERIO DE AGRICULTURA,EMCV,,,0.0,https://indomet.gob.do/wp-content/uploads/2025/05/temperaturas-extremas-y-precipitaciones-2025x05x03-a.pdf
2025-05-03,060,LAS CANAS (EMA),MONTE CRISTI,PROGRAMA MUNDIAL DE ALIMENTO,EMAP,27.8,21.6,0.0,https://indomet.gob.do/wp-content/uploads/2025/05/temperaturas-extremas-y-precipitaciones-2025x05x03-a.pdf
2025-05-03,061,LAS MATAS DE SANTA CRUZ (EMA,MONTE CRISTI,PROGRAMA MUNDIAL DE ALIMENTO,EMAP,,,0.0,https://indomet.gob.do/wp-content/uploads/2025/05/temperaturas-extremas-y-precipitaciones-2025x05x03-a.pdf
2025-05-03,062,MAO,VALVERDE,INDRHI / MINISTERIO DE AGRICULTURA,EMCV,,,0.0,https://indomet.gob.do/wp-content/uploads/2025/05/temperaturas-extremas-y-precipitaciones-2025x05x03-a.pdf
2025-05-03,063,MONTE CRISTI,MONTE CRISTI,ONAMET,EMCO,31.7,22.2,0.0,https://indomet.gob.do/wp-content/uploads/2025/05/temperaturas-extremas-y-precipitaciones-2025x05x03-a.pdf
2025-05-03,064,NAVARRETE,SANTIAGO,MINISTERIO DE AGRICULTURA,EMCV,,,0.0,https://indomet.gob.do/wp-content/uploads/2025/05/temperaturas-extremas-y-precipitaciones-2025x05x03-a.pdf
2025-05-03,065,OVIEDO,PEDERNALES,CLÍNICA RURAL OVIEDO,EMCO,31.0,22.5,0.0,https://indomet.gob.do/wp-content/uploads/2025/05/temperaturas-extremas-y-precipitaciones-2025x05x03-a.pdf
2025-05-03,066,PALO ÍNDIO,PUERTO PLATA,MINISTERIO DE AGRICULTURA,EMCO,,,0.0,https://indomet.gob.do/wp-content/uploads/2025/05/temperaturas-extremas-y-precipitaciones-2025x05x03-a.pdf
2025-05-03,067,PEDERNALES,PEDERNALES,INDRHI,EMCO,,,0.0,https://indomet.gob.do/wp-content/uploads/2025/05/temperaturas-extremas-y-precipitaciones-2025x05x03-a.pdf
2025-05-03,068,PESCADERIA (EMA),BARAHONA,MINISTERIO DE AGRICULTURA,EMAP,32.8,22.1,0.0,https://indomet.gob.do/wp-content/uploads/2025/05/temperaturas-extremas-y-precipitaciones-2025x05x03-a.pdf
2025-05-03,069,PONTÓN ABAJO (EMA),LA VEGA,MINISTERIO DE AGRICULTURA,EMAP,29.8,19.8,0.0,https://indomet.gob.do/wp-content/uploads/2025/05/temperaturas-extremas-y-precipitaciones-2025x05x03-a.pdf
2025-05-03,070,PRESA DE TAVERAS (EMA),LA VEGA,PROGRAMA MUNDIAL DE ALIMENTO,EMAP,27.3,18.6,0.0,https://indomet.gob.do/wp-content/uploads/2025/05/temperaturas-extremas-y-precipitaciones-2025x05x03-a.pdf
2025-05-03,071,TÁBARA ABAJO,AZUA,INDRHI,EMCO,34.9,20.0,0.0,https://indomet.gob.do/wp-content/uploads/2025/05/temperaturas-extremas-y-precipitaciones-2025x05x03-a.pdf
2025-05-03,072,VILLA GONZALES,SANTIAGO,MINISTERIO DE AGRICULTURA,EMCO,,,0.0,https://indomet.gob.do/wp-content/uploads/2025/05/temperaturas-extremas-y-precipitaciones-2025x05x03-a.pdf
2025-05-04,001,ARPT. EL CATEY,SAMANÁ,ONAMET,EMCO,28.8,21.0,79.0,https://indomet.gob.do/wp-content/uploads/2025/05/temperaturas-extremas-y-precipitaciones-2025x05x04-a.pdf
2025-05-04,002,ELÍAS PIÑA,ELÍAS PIÑA,MINISTERIO DE AGRICULTURA,EMCV,,,60.0,https://indomet.gob.do/wp-content/uploads/2025/05/temperaturas-extremas-y-precipitaciones-2025x05x04-a.pdf
2025-05-04,003,VILLA ALTAGRACIA,SAN CRISTÓBAL,ESCUELA JAVIER ANGULO GURIDI,EMCO,,,46.0,https://indomet.gob.do/wp-content/uploads/2025/05/temperaturas-extremas-y-precipitaciones-2025x05x04-a.pdf
2025-05-04,004,GURABO,SANTIAGO,MINISTERIO DE AGRICULTURA,EMCV,,,43.2,https://indomet.gob.do/wp-content/uploads/2025/05/temperaturas-extremas-y-precipitaciones-2025x05x04-a.pdf
2025-05-04,005,JUMA BEJUCAL,MONSEÑOR NOUEL,IDIAF,EMCV,31.2,20.8,38.5,https://indomet.gob.do/wp-content/uploads/2025/05/temperaturas-extremas-y-precipitaciones-2025x05x04-a.pdf
2025-05-04,006,RANCHO ARRIBA,SAN JOSÉ DE OCOA,CENTRO TECNOLÓGICO COMUNITARIO,EMCO,29.8,18.9,26.1,https://indomet.gob.do/wp-content/uploads/2025/05/temperaturas-extremas-y-precipitaciones-2025x05x04-a.pdf
2025-05-04,007,RESTAURACIÓN,DAJABÓN,MINISTERIO DE AGRICULTURA,EMCO,22.0,16.3,23.6,https://indomet.gob.do/wp-content/uploads/2025/05/temperaturas-extremas-y-precipitaciones-2025x05x04-a.pdf
2025-05-04,008,SABANA GRANDE DE BOYÁ,MONTE PLATA,MINISTERIO DE AGRICULTURA,EMCV,,,23.1,https://indomet.gob.do/wp-content/uploads/2025/05/temperaturas-extremas-y-precipitaciones-2025x05x04-a.pdf
2025-05-04,009,BAYAGUANA,MONTE PLATA,ONAMET,EMCO,32.8,19.8,22.5,https://indomet.gob.do/wp-content/uploads/2025/05/temperaturas-extremas-y-precipitaciones-2025x05x04-a.pdf
2025-05-04,010,BONAO,MONSEÑOR NOUEL,MINISTERIO DE AGRICULTURA,EMCV,,,22.1,https://indomet.gob.do/wp-content/uploads/2025/05/temperaturas-extremas-y-precipitaciones-2025x05x04-a.pdf
2025-05-04,011,ARPT. LA ISABELA,SANTO DOMINGO,ONAMET,EMCO,32.0,18.5,21.8,https://indomet.gob.do/wp-content/uploads/2025/05/temperaturas-extremas-y-precipitaciones-2025x05x04-a.pdf
2025-05-04,012,DAJABÓN,DAJABÓN,INSTITUTO POLITÉCNICO LOYOLA,EMCO,33.6,19.4,20.2,https://indomet.gob.do/wp-content/uploads/2025/05/temperaturas-extremas-y-precipitaciones-2025x05x04-a.pdf
2025-05-04,013,JIMANÍ,INDEPENDENCIA,MINISTERIO DE AGRICULTURA,EMCO,34.6,22.5,12.6,https://indomet.gob.do/wp-content/uploads/2025/05/temperaturas-extremas-y-precipitaciones-2025x05x04-a.pdf
2025-05-04,014,SALCEDO,HERMANAS MIRABAL,PROPIEDAD DEL EMPLEADO,EMCO,,,10.2,https://indomet.gob.do/wp-content/uploads/2025/05/temperaturas-extremas-y-precipitaciones-2025x05x04-a.pdf
2025-05-04,015,HONDO VALLE,ELÍAS PIÑA,MINISTERIO DE AGRICULTURA,EMCO,25.3,16.5,8.7,https://indomet.gob.do/wp-content/uploads/2025/05/temperaturas-extremas-y-precipitaciones-2025x05x04-a.pdf
2025-05-04,016,NAVARRETE,SANTIAGO,MINISTERIO DE AGRICULTURA,EMCV,,,8.6,https://indomet.gob.do/wp-content/uploads/2025/05/temperaturas-extremas-y-precipitaciones-2025x05x04-a.pdf
2025-05-04,017,TAMBORIL,SANTIAGO,MINISTERIO DE AGRICULTURA,EMCV,,,7.6,https://indomet.gob.do/wp-content/uploads/2025/05/temperaturas-extremas-y-precipitaciones-2025x05x04-a.pdf
2025-05-04,018,CONSTANZA,LA VEGA,MINISTERIO DE AGRICULTURA,EMCO,27.0,15.4,6.6,https://indomet.gob.do/wp-content/uploads/2025/05/temperaturas-extremas-y-precipitaciones-2025x05x04-a.pdf
2025-05-04,019,ALTO BANDERA (EMA),LA VEGA,INTEC,EMAP,13.8,7.4,6.4,https://indomet.gob.do/wp-content/uploads/2025/05/temperaturas-extremas-y-precipitaciones-2025x05x04-a.pdf
2025-05-04,020,CONSTANZA (EMA),LA VEGA,PROGRAMA MUNDIAL DE ALIMENTO,EMAP,26.1,15.3,5.8,https://indomet.gob.do/wp-content/uploads/2025/05/temperaturas-extremas-y-precipitaciones-2025x05x04-a.pdf
2025-05-04,021,VILLA GONZALES,SANTIAGO,MINISTERIO DE AGRICULTURA,EMCO,,,5.3,https://indomet.gob.do/wp-content/uploads/2025/05/temperaturas-extremas-y-precipitaciones-2025x05x04-a.pdf
2025-05-04,022,LA VICTORIA,SANTO DOMINGO,CUERPO DE BOMBEROS,EMCO,33.5,22.5,4.9,https://indomet.gob.do/wp-content/uploads/2025/05/temperaturas-extremas-y-precipitaciones-2025x05x04-a.pdf
2025-05-04,023,ARPT. DE LA ROMANA,LA ROMANA,ONAMET,EMCO,31.0,21.4,4.8,https://indomet.gob.do/wp-content/uploads/2025/05/temperaturas-extremas-y-precipitaciones-2025x05x04-a.pdf
2025-05-04,024,OVIEDO,PEDERNALES,CLÍNICA RURAL OVIEDO,EMCO,31.7,25.0,4.4,https://indomet.gob.do/wp-content/uploads/2025/05/temperaturas-extremas-y-precipitaciones-2025x05x04-a.pdf
2025-05-04,025,HATO MAYOR,HATO MAYOR,MINISTERIO DE AGRICULTURA,EMCV,,,3.3,https://indomet.gob.do/wp-content/uploads/2025/05/temperaturas-extremas-y-precipitaciones-2025x05x04-a.pdf
2025-05-04,026,JARABACOA (EMA),LA VEGA,PROGRAMA MUNDIAL DE ALIMENTO,EMAP,29.0,17.6,3.2,https://indomet.gob.do/wp-content/uploads/2025/05/temperaturas-extremas-y-precipitaciones-2025x05x04-a.pdf
2025-05-04,027,SAN JOSÉ DE OCOA,SAN JOSÉ DE OCOA,HOSP. SAN JOSÉ DE OCOA,EMCO,30.3,,3.0,https://indomet.gob.do/wp-content/uploads/2025/05/temperaturas-extremas-y-precipitaciones-2025x05x04-a.pdf
2025-05-04,028,JARABACOA,LA VEGA,INDRHI / MARENA,EMCO,29.6,16.6,2.9,https://indomet.gob.do/wp-content/uploads/2025/05/temperaturas-extremas-y-precipitaciones-2025x05x04-a.pdf
2025-05-04,029,BOCA DE MAO (EMA),VALVERDE,MINISTERIO DE AGRICULTURA,EMAP,33.9,22.1,2.8,https://indomet.gob.do/wp-content/uploads/2025/05/temperaturas-extremas-y-precipitaciones-2025x05x04-a.pdf
2025-05-04,030,ENRIQUILLO,BARAHONA,MINISTERIO DE AGRICULTURA,EMCV,31.4,24.5,2.6,https://indomet.gob.do/wp-content/uploads/2025/05/temperaturas-extremas-y-precipitaciones-2025x05x04-a.pdf
2025-05-04,031,ARROYO LORO,SAN JUAN,IDIAF,EMCO,31.7,20.4,2.4,https://indomet.gob.do/wp-content/uploads/2025/05/temperaturas-extremas-y-precipitaciones-2025x05x04-a.pdf
2025-05-04,032,LOS LLANOS,SAN PEDRO DE MACORÍS,MINISTERIO DE AGRICULTURA,EMCO,32.4,22.3,2.2,https://indomet.gob.do/wp-content/uploads/2025/05/temperaturas-extremas-y-precipitaciones-2025x05x04-a.pdf
2025-05-04,033,ARPT. DEL CIBAO,SANTIAGO,ONAMET,EMCO,32.5,19.0,2.0,https://indomet.gob.do/wp-content/uploads/2025/05/temperaturas-extremas-y-precipitaciones-2025x05x04-a.pdf
2025-05-04,034,SÁNCHEZ,SAMANÁ,MINISTERIO DE AGRICULTURA,EMCO,30.5,20.8,1.6,https://indomet.gob.do/wp-content/uploads/2025/05/temperaturas-extremas-y-precipitaciones-2025x05x04-a.pdf
2025-05-04,035,SABANA DE LA MAR,HATO MAYOR,ONAMET,EMCO,29.5,22.5,1.3,https://indomet.gob.do/wp-content/uploads/2025/05/temperaturas-extremas-y-precipitaciones-2025x05x04-a.pdf
2025-05-04,036,RÍO SAN JUAN,MARÍA TRINIDAD SÁNCHEZ,HOSP. MPAL. DR. DESIDERIO ACOSTA,EMCV,32.3,23.2,1.3,https://indomet.gob.do/wp-content/uploads/2025/05/temperaturas-extremas-y-precipitaciones-2025x05x04-a.pdf
2025-05-04,037,SANTO DOMINGO ESTE,SANTO DOMINGO,ONAMET,EMCO,31.4,22.5,1.1,https://indomet.gob.do/wp-content/uploads/2025/05/temperaturas-extremas-y-precipitaciones-2025x05x04-a.pdf
2025-05-04,038,BASE AÉREA DE SAN ISIDRO,SANTO DOMINGO,FUERZA AÉREA DOMINICANA,EMCV,34.1,20.9,1.0,https://indomet.gob.do/wp-content/uploads/2025/05/temperaturas-extremas-y-precipitaciones-2025x05x04-a.pdf
2025-05-04,039,ANAMUYA (EMA),LA ALTAGRACIA,MINISTERIO DE AGRICULTURA,EMAP,30.7,23.9,0.8,https://indomet.gob.do/wp-content/uploads/2025/05/temperaturas-extremas-y-precipitaciones-2025x05x04-a.pdf
2025-05-04,040,EL FACTOR (EMA),MARÍA TRINIDAD SÁNCHEZ,INTEC,EMAP,30.9,23.2,0.8,https://indomet.gob.do/wp-content/uploads/2025/05/temperaturas-extremas-y-precipitaciones-2025x05x04-a.pdf
2025-05-04,041,POLO,BARAHONA,INDOCAFE,EMCO,29.2,18.0,0.8,https://indomet.gob.do/wp-content/uploads/2025/05/temperaturas-extremas-y-precipitaciones-2025x05x04-a.pdf
2025-05-04,042,CABRERA,MARÍA TRINIDAD SÁNCHEZ,ESCUELA ARÍSTIDES FIALLO CABRAL,EMCO,30.4,22.3,0.5,https://indomet.gob.do/wp-content/uploads/2025/05/temperaturas-extremas-y-precipitaciones-2025x05x04-a.pdf
2025-05-04,043,CENTRO DE LOS HEROES (EMA),DISTRITO NACIONAL,MINISTERIO DE ENERGIA Y MINA,EMAP,30.2,24.9,0.4,https://indomet.gob.do/wp-content/uploads/2025/05/temperaturas-extremas-y-precipitaciones-2025x05x04-a.pdf
2025-05-04,044,ARPT. GREGORIO LUPERÓN,PUERTO PLATA,ONAMET,EMCO,30.0,21.5,0.3,https://indomet.gob.do/wp-content/uploads/2025/05/temperaturas-extremas-y-precipitaciones-2025x05x04-a.pdf
2025-05-04,045,ARPT. DE LAS AMÉRICAS,SANTO DOMINGO,ONAMET,EMCO,32.0,19.5,0.2,https://indomet.gob.do/wp-content/uploads/2025/05/temperaturas-extremas-y-precipitaciones-2025x05x04-a.pdf
2025-05-04,046,SABANETA (EMA),SANTIAGO RODRÍGUEZ,PROGRAMA MUNDIAL DE ALIMENTO,EMAP,34.6,21.8,0.2,https://indomet.gob.do/wp-content/uploads/2025/05/temperaturas-extremas-y-precipitaciones-2025x05x04-a.pdf
2025-05-04,047,LA VEGA,LA VEGA,IATESA,EMCO,32.0,22.5,0.1,https://indomet.gob.do/wp-content/uploads/2025/05/temperaturas-extremas-y-precipitaciones-2025x05x04-a.pdf
2025-05-04,048,ALTAMIRA,PUERTO PLATA,HOSP. MPAL. DE ALTAMIRA,EMCO,31.8,19.4,0.0,https://indomet.gob.do/wp-content/uploads/2025/05/temperaturas-extremas-y-precipitaciones-2025x05x04-a.pdf
2025-05-04,049,ARPT. ARROYO BARRIL,SAMANÁ,ONAMET,EMCO,31.0,21.2,0.0,https://indomet.gob.do/wp-content/uploads/2025/05/temperaturas-extremas-y-precipitaciones-2025x05x04-a.pdf
2025-05-04,050,ARPT. DE PUNTA CANA,LA ALTAGRACIA,ONAMET,EMCO,30.5,24.5,0.0,https://indomet.gob.do/wp-content/uploads/2025/05/temperaturas-extremas-y-precipitaciones-2025x05x04-a.pdf
2025-05-04,051,ARPT. MARÍA MONTEZ,BARAHONA,ONAMET,EMCO,32.8,23.6,0.0,https://indomet.gob.do/wp-content/uploads/2025/05/temperaturas-extremas-y-precipitaciones-2025x05x04-a.pdf
2025-05-04,052,CABRAL,BARAHONA,MINISTERIO DE AGRICULTURA,EMCV,34.7,26.2,0.0,https://indomet.gob.do/wp-content/uploads/2025/05/temperaturas-extremas-y-precipitaciones-2025x05x04-a.pdf
2025-05-04,053,ESCONDIDO,PERAVIA,MINISTERIO DE AGRICULTURA,EMCV,33.0,24.0,0.0,https://indomet.gob.do/wp-content/uploads/2025/05/temperaturas-extremas-y-precipitaciones-2025x05x04-a.pdf
2025-05-04,054,LAS CANAS (EMA),MONTE CRISTI,PROGRAMA MUNDIAL DE ALIMENTO,EMAP,29.2,20.8,0.0,https://indomet.gob.do/wp-content/uploads/2025/05/temperaturas-extremas-y-precipitaciones-2025x05x04-a.pdf
2025-05-04,055,LAS MATAS DE SANTA CRUZ (EMA,MONTE CRISTI,PROGRAMA MUNDIAL DE ALIMENTO,EMAP,,,0.0,https://indomet.gob.do/wp-content/uploads/2025/05/temperaturas-extremas-y-precipitaciones-2025x05x04-a.pdf
2025-05-04,056,MAO,VALVERDE,INDRHI / MINISTERIO DE AGRICULTURA,EMCV,,,0.0,https://indomet.gob.do/wp-content/uploads/2025/05/temperaturas-extremas-y-precipitaciones-2025x05x04-a.pdf
2025-05-04,057,MONCIÓN (EMA),SANTIAGO RODRÍGUEZ,PROGRAMA MUNDIAL DE ALIMENTO,EMAP,31.1,19.4,0.0,https://indomet.gob.do/wp-content/uploads/2025/05/temperaturas-extremas-y-precipitaciones-2025x05x04-a.pdf
2025-05-04,058,MONTE CRISTI,MONTE CRISTI,ONAMET,EMCO,33.5,21.7,0.0,https://indomet.gob.do/wp-content/uploads/2025/05/temperaturas-extremas-y-precipitaciones-2025x05x04-a.pdf
2025-05-04,059,OLIVARES,PEDERNALES,INDRHI,EMCO,,,0.0,https://indomet.gob.do/wp-content/uploads/2025/05/temperaturas-extremas-y-precipitaciones-2025x05x04-a.pdf
2025-05-04,060,PADRE LAS CASAS,AZUA,HOSP. NTRA. SRA. DEL CARMEN,EMCO,32.4,20.5,0.0,https://indomet.gob.do/wp-content/uploads/2025/05/temperaturas-extremas-y-precipitaciones-2025x05x04-a.pdf
2025-05-04,061,PALO ÍNDIO,PUERTO PLATA,MINISTERIO DE AGRICULTURA,EMCO,,,0.0,https://indomet.gob.do/wp-content/uploads/2025/05/temperaturas-extremas-y-precipitaciones-2025x05x04-a.pdf
2025-05-04,062,PEDERNALES,PEDERNALES,INDRHI,EMCO,,,0.0,https://indomet.gob.do/wp-content/uploads/2025/05/temperaturas-extremas-y-precipitaciones-2025x05x04-a.pdf
2025-05-04,063,PERALTA,AZUA,HOSP. MPAL. DE PERALTA,EMCO,31.8,19.4,0.0,https://indomet.gob.do/wp-content/uploads/2025/05/temperaturas-extremas-y-precipitaciones-2025x05x04-a.pdf
2025-05-04,064,PESCADERIA (EMA),BARAHONA,MINISTERIO DE AGRICULTURA,EMAP,33.5,26.6,0.0,https://indomet.gob.do/wp-content/uploads/2025/05/temperaturas-extremas-y-precipitaciones-2025x05x04-a.pdf
2025-05-04,065,PONTÓN ABAJO (EMA),LA VEGA,MINISTERIO DE AGRICULTURA,EMAP,32.9,22.3,0.0,https://indomet.gob.do/wp-content/uploads/2025/05/temperaturas-extremas-y-precipitaciones-2025x05x04-a.pdf
2025-05-04,066,PRESA DE TAVERAS (EMA),LA VEGA,PROGRAMA MUNDIAL DE ALIMENTO,EMAP,29.3,21.1,0.0,https://indomet.gob.do/wp-content/uploads/2025/05/temperaturas-extremas-y-precipitaciones-2025x05x04-a.pdf
2025-05-04,067,SAMANÁ,SAMANÁ,COMANDANCIA DE PUERTO DE SAMANÁ,EMCO,31.3,22.0,0.0,https://indomet.gob.do/wp-content/uploads/2025/05/temperaturas-extremas-y-precipitaciones-2025x05x04-a.pdf
2025-05-04,068,SAN CRISTÓBAL,SAN CRISTÓBAL,INSTITUTO POLITÉCNICO LOYOLA,EMCO,32.0,21.2,0.0,https://indomet.gob.do/wp-content/uploads/2025/05/temperaturas-extremas-y-precipitaciones-2025x05x04-a.pdf
2025-05-04,069,SAN RAFAEL DEL YUMA,LA ALTAGRACIA,MINISTERIO DE AGRICULTURA,EMCO,31.7,22.7,0.0,https://indomet.gob.do/wp-content/uploads/2025/05/temperaturas-extremas-y-precipitaciones-2025x05x04-a.pdf
2025-05-04,070,SANTIAGO RODRÍGUEZ,SANTIAGO RODRÍGUEZ,ONAMET,EMCO,34.2,22.5,0.0,https://indomet.gob.do/wp-content/uploads/2025/05/temperaturas-extremas-y-precipitaciones-2025x05x04-a.pdf
2025-05-04,071,TÁBARA ABAJO,AZUA,INDRHI,EMCO,35.9,20.5,0.0,https://indomet.gob.do/wp-content/uploads/2025/05/temperaturas-extremas-y-precipitaciones-2025x05x04-a.pdf
2025-05-04,072,VILLA ISABELA,PUERTO PLATA,MINISTERIO DE AGRICULTURA,EMCV,,,0.0,https://indomet.gob.do/wp-content/uploads/2025/05/temperaturas-extremas-y-precipitaciones-2025x05x04-a.pdf
2025-05-05,001,SAN FELIPE,PUERTO PLATA,PRIVADA,EMAP,,,101.2,https://indomet.gob.do/wp-content/uploads/2025/05/temperaturas-extremas-y-precipitaciones-2025x05x05-a.pdf
2025-05-05,002,PERALTA,AZUA,HOSP. MPAL. DE PERALTA,EMCO,30.3,17.0,72.4,https://indomet.gob.do/wp-content/uploads/2025/05/temperaturas-extremas-y-precipitaciones-2025x05x05-a.pdf
2025-05-05,003,BAYAGUANA,MONTE PLATA,ONAMET,EMCO,32.2,22.4,63.1,https://indomet.gob.do/wp-content/uploads/2025/05/temperaturas-extremas-y-precipitaciones-2025x05x05-a.pdf
2025-05-05,004,LA VEGA,LA VEGA,IATESA,EMCO,31.6,22.0,48.5,https://indomet.gob.do/wp-content/uploads/2025/05/temperaturas-extremas-y-precipitaciones-2025x05x05-a.pdf
2025-05-05,005,SAN JOSÉ DE OCOA,SAN JOSÉ DE OCOA,HOSP. SAN JOSÉ DE OCOA,EMCO,30.2,,47.8,https://indomet.gob.do/wp-content/uploads/2025/05/temperaturas-extremas-y-precipitaciones-2025x05x05-a.pdf
2025-05-05,006,JUMA BEJUCAL,MONSEÑOR NOUEL,IDIAF,EMCV,31.6,20.4,40.4,https://indomet.gob.do/wp-content/uploads/2025/05/temperaturas-extremas-y-precipitaciones-2025x05x05-a.pdf
2025-05-05,007,BONAO,MONSEÑOR NOUEL,MINISTERIO DE AGRICULTURA,EMCV,,,39.9,https://indomet.gob.do/wp-content/uploads/2025/05/temperaturas-extremas-y-precipitaciones-2025x05x05-a.pdf
2025-05-05,008,MONCIÓN (EMA),SANTIAGO RODRÍGUEZ,PROGRAMA MUNDIAL DE ALIMENTO,EMAP,30.3,19.8,33.8,https://indomet.gob.do/wp-content/uploads/2025/05/temperaturas-extremas-y-precipitaciones-2025x05x05-a.pdf
2025-05-05,009,MOCA,ESPAILLAT,MINISTERIO DE AGRICULTURA,EMCV,,,31.2,https://indomet.gob.do/wp-content/uploads/2025/05/temperaturas-extremas-y-precipitaciones-2025x05x05-a.pdf
2025-05-05,010,SALCEDO,HERMANAS MIRABAL,PROPIEDAD DEL EMPLEADO,EMCO,,,30.9,https://indomet.gob.do/wp-content/uploads/2025/05/temperaturas-extremas-y-precipitaciones-2025x05x05-a.pdf
2025-05-05,011,LAS MATAS DE SANTA CRUZ (EMA,MONTE CRISTI,PROGRAMA MUNDIAL DE ALIMENTO,EMAP,24.6,22.5,30.5,https://indomet.gob.do/wp-content/uploads/2025/05/temperaturas-extremas-y-precipitaciones-2025x05x05-a.pdf
2025-05-05,012,ARPT. DE LA ROMANA,LA ROMANA,ONAMET,EMCO,30.8,22.4,28.2,https://indomet.gob.do/wp-content/uploads/2025/05/temperaturas-extremas-y-precipitaciones-2025x05x05-a.pdf
2025-05-05,013,GURABO,SANTIAGO,MINISTERIO DE AGRICULTURA,EMCV,,,27.9,https://indomet.gob.do/wp-content/uploads/2025/05/temperaturas-extremas-y-precipitaciones-2025x05x05-a.pdf
2025-05-05,014,POLO,BARAHONA,INDOCAFE,EMCO,28.5,19.0,26.8,https://indomet.gob.do/wp-content/uploads/2025/05/temperaturas-extremas-y-precipitaciones-2025x05x05-a.pdf
2025-05-05,015,GASPAR HERNÁNDEZ,ESPAILLAT,PROPIEDAD DEL EMPLEADO,EMCO,,,26.7,https://indomet.gob.do/wp-content/uploads/2025/05/temperaturas-extremas-y-precipitaciones-2025x05x05-a.pdf
2025-05-05,016,RESTAURACIÓN,DAJABÓN,MINISTERIO DE AGRICULTURA,EMCO,20.3,17.2,25.7,https://indomet.gob.do/wp-content/uploads/2025/05/temperaturas-extremas-y-precipitaciones-2025x05x05-a.pdf
2025-05-05,017,HATO MAYOR,HATO MAYOR,MINISTERIO DE AGRICULTURA,EMCV,,,24.9,https://indomet.gob.do/wp-content/uploads/2025/05/temperaturas-extremas-y-precipitaciones-2025x05x05-a.pdf
2025-05-05,018,SANTIAGO RODRÍGUEZ,SANTIAGO RODRÍGUEZ,ONAMET,EMCO,34.0,22.0,21.2,https://indomet.gob.do/wp-content/uploads/2025/05/temperaturas-extremas-y-precipitaciones-2025x05x05-a.pdf
2025-05-05,019,ENRIQUILLO,BARAHONA,MINISTERIO DE AGRICULTURA,EMCV,31.5,23.8,19.0,https://indomet.gob.do/wp-content/uploads/2025/05/temperaturas-extremas-y-precipitaciones-2025x05x05-a.pdf
2025-05-05,020,ALTAMIRA,PUERTO PLATA,HOSP. MPAL. DE ALTAMIRA,EMCO,31.3,20.6,17.8,https://indomet.gob.do/wp-content/uploads/2025/05/temperaturas-extremas-y-precipitaciones-2025x05x05-a.pdf
2025-05-05,021,SABANA DE LA MAR,HATO MAYOR,ONAMET,EMCO,30.0,23.5,17.2,https://indomet.gob.do/wp-content/uploads/2025/05/temperaturas-extremas-y-precipitaciones-2025x05x05-a.pdf
2025-05-05,022,ALTO BANDERA (EMA),LA VEGA,INTEC,EMAP,15.4,7.9,15.7,https://indomet.gob.do/wp-content/uploads/2025/05/temperaturas-extremas-y-precipitaciones-2025x05x05-a.pdf
2025-05-05,023,DAJABÓN,DAJABÓN,INSTITUTO POLITÉCNICO LOYOLA,EMCO,34.0,19.7,15.3,https://indomet.gob.do/wp-content/uploads/2025/05/temperaturas-extremas-y-precipitaciones-2025x05x05-a.pdf
2025-05-05,024,RANCHO ARRIBA,SAN JOSÉ DE OCOA,CENTRO TECNOLÓGICO COMUNITARIO,EMCO,29.4,19.1,15.3,https://indomet.gob.do/wp-content/uploads/2025/05/temperaturas-extremas-y-precipitaciones-2025x05x05-a.pdf
2025-05-05,025,EL CERCADO,SAN JUAN,MINISTERIO DE AGRICULTURA,EMCV,,,14.1,https://indomet.gob.do/wp-content/uploads/2025/05/temperaturas-extremas-y-precipitaciones-2025x05x05-a.pdf
2025-05-05,026,TÁBARA ABAJO,AZUA,INDRHI,EMCO,35.5,20.3,14.1,https://indomet.gob.do/wp-content/uploads/2025/05/temperaturas-extremas-y-precipitaciones-2025x05x05-a.pdf
2025-05-05,027,CONSTANZA,LA VEGA,MINISTERIO DE AGRICULTURA,EMCO,27.0,16.5,13.1,https://indomet.gob.do/wp-content/uploads/2025/05/temperaturas-extremas-y-precipitaciones-2025x05x05-a.pdf
2025-05-05,028,CONSTANZA (EMA),LA VEGA,PROGRAMA MUNDIAL DE ALIMENTO,EMAP,26.0,16.5,12.2,https://indomet.gob.do/wp-content/uploads/2025/05/temperaturas-extremas-y-precipitaciones-2025x05x05-a.pdf
2025-05-05,029,OLIVARES,PEDERNALES,INDRHI,EMCO,,,11.8,https://indomet.gob.do/wp-content/uploads/2025/05/temperaturas-extremas-y-precipitaciones-2025x05x05-a.pdf
2025-05-05,030,TAMBORIL,SANTIAGO,MINISTERIO DE AGRICULTURA,EMCV,,,11.4,https://indomet.gob.do/wp-content/uploads/2025/05/temperaturas-extremas-y-precipitaciones-2025x05x05-a.pdf
2025-05-05,031,JARABACOA (EMA),LA VEGA,PROGRAMA MUNDIAL DE ALIMENTO,EMAP,29.0,19.7,10.2,https://indomet.gob.do/wp-content/uploads/2025/05/temperaturas-extremas-y-precipitaciones-2025x05x05-a.pdf
2025-05-05,032,SAN CRISTÓBAL,SAN CRISTÓBAL,INSTITUTO POLITÉCNICO LOYOLA,EMCO,31.2,20.2,10.1,https://indomet.gob.do/wp-content/uploads/2025/05/temperaturas-extremas-y-precipitaciones-2025x05x05-a.pdf
2025-05-05,033,ARPT. LA ISABELA,SANTO DOMINGO,ONAMET,EMCO,31.8,19.5,9.8,https://indomet.gob.do/wp-content/uploads/2025/05/temperaturas-extremas-y-precipitaciones-2025x05x05-a.pdf
2025-05-05,034,JARABACOA,LA VEGA,INDRHI / MARENA,EMCO,29.8,19.0,9.0,https://indomet.gob.do/wp-content/uploads/2025/05/temperaturas-extremas-y-precipitaciones-2025x05x05-a.pdf
2025-05-05,035,ARROYO LORO,SAN JUAN,IDIAF,EMCO,35.5,20.7,8.8,https://indomet.gob.do/wp-content/uploads/2025/05/temperaturas-extremas-y-precipitaciones-2025x05x05-a.pdf
2025-05-05,036,VILLA GONZALES,SANTIAGO,MINISTERIO DE AGRICULTURA,EMCO,,,8.1,https://indomet.gob.do/wp-content/uploads/2025/05/temperaturas-extremas-y-precipitaciones-2025x05x05-a.pdf
2025-05-05,037,LOS LLANOS,SAN PEDRO DE MACORÍS,MINISTERIO DE AGRICULTURA,EMCO,31.7,23.0,7.0,https://indomet.gob.do/wp-content/uploads/2025/05/temperaturas-extremas-y-precipitaciones-2025x05x05-a.pdf
2025-05-05,038,ARPT. DEL CIBAO,SANTIAGO,ONAMET,EMCO,33.0,21.0,5.9,https://indomet.gob.do/wp-content/uploads/2025/05/temperaturas-extremas-y-precipitaciones-2025x05x05-a.pdf
2025-05-05,039,MAO,VALVERDE,INDRHI / MINISTERIO DE AGRICULTURA,EMCV,,,5.9,https://indomet.gob.do/wp-content/uploads/2025/05/temperaturas-extremas-y-precipitaciones-2025x05x05-a.pdf
2025-05-05,040,ELÍAS PIÑA,ELÍAS PIÑA,MINISTERIO DE AGRICULTURA,EMCV,,,5.1,https://indomet.gob.do/wp-content/uploads/2025/05/temperaturas-extremas-y-precipitaciones-2025x05x05-a.pdf
2025-05-05,041,NAVARRETE,SANTIAGO,MINISTERIO DE AGRICULTURA,EMCV,,,3.8,https://indomet.gob.do/wp-content/uploads/2025/05/temperaturas-extremas-y-precipitaciones-2025x05x05-a.pdf
2025-05-05,042,PALO ÍNDIO,PUERTO PLATA,MINISTERIO DE AGRICULTURA,EMCO,,,3.6,https://indomet.gob.do/wp-content/uploads/2025/05/temperaturas-extremas-y-precipitaciones-2025x05x05-a.pdf
2025-05-05,043,VILLA ALTAGRACIA,SAN CRISTÓBAL,ESCUELA JAVIER ANGULO GURIDI,EMCO,,,3.4,https://indomet.gob.do/wp-content/uploads/2025/05/temperaturas-extremas-y-precipitaciones-2025x05x05-a.pdf
2025-05-05,044,CABRERA,MARÍA TRINIDAD SÁNCHEZ,ESCUELA ARÍSTIDES FIALLO CABRAL,EMCO,31.5,24.5,3.1,https://indomet.gob.do/wp-content/uploads/2025/05/temperaturas-extremas-y-precipitaciones-2025x05x05-a.pdf
2025-05-05,045,JIMANÍ,INDEPENDENCIA,MINISTERIO DE AGRICULTURA,EMCO,34.2,22.8,3.1,https://indomet.gob.do/wp-content/uploads/2025/05/temperaturas-extremas-y-precipitaciones-2025x05x05-a.pdf
2025-05-05,046,LA VICTORIA,SANTO DOMINGO,CUERPO DE BOMBEROS,EMCO,32.3,23.5,3.1,https://indomet.gob.do/wp-content/uploads/2025/05/temperaturas-extremas-y-precipitaciones-2025x05x05-a.pdf
2025-05-05,047,SAN FRANCISCO DE MACORÍS,DUARTE,San Francisco de Macorís (UASD),EMCO,32.5,22.4,2.8,https://indomet.gob.do/wp-content/uploads/2025/05/temperaturas-extremas-y-precipitaciones-2025x05x05-a.pdf
2025-05-05,048,ARPT. EL CATEY,SAMANÁ,ONAMET,EMCO,28.8,21.0,2.7,https://indomet.gob.do/wp-content/uploads/2025/05/temperaturas-extremas-y-precipitaciones-2025x05x05-a.pdf
2025-05-05,049,PESCADERIA (EMA),BARAHONA,MINISTERIO DE AGRICULTURA,EMAP,33.4,24.1,2.6,https://indomet.gob.do/wp-content/uploads/2025/05/temperaturas-extremas-y-precipitaciones-2025x05x05-a.pdf
2025-05-05,050,EL FACTOR (EMA),MARÍA TRINIDAD SÁNCHEZ,INTEC,EMAP,31.3,23.2,2.5,https://indomet.gob.do/wp-content/uploads/2025/05/temperaturas-extremas-y-precipitaciones-2025x05x05-a.pdf
2025-05-05,051,HONDO VALLE,ELÍAS PIÑA,MINISTERIO DE AGRICULTURA,EMCO,25.7,17.3,2.2,https://indomet.gob.do/wp-content/uploads/2025/05/temperaturas-extremas-y-precipitaciones-2025x05x05-a.pdf
2025-05-05,052,MONTE CRISTI,MONTE CRISTI,ONAMET,EMCO,33.0,22.5,2.2,https://indomet.gob.do/wp-content/uploads/2025/05/temperaturas-extremas-y-precipitaciones-2025x05x05-a.pdf
2025-05-05,053,VILLA RIVA,DUARTE,HOSP. MPAL. ALICIA DE LEGENDRE,EMCO,30.4,22.0,2.0,https://indomet.gob.do/wp-content/uploads/2025/05/temperaturas-extremas-y-precipitaciones-2025x05x05-a.pdf
2025-05-05,054,PADRE LAS CASAS,AZUA,HOSP. NTRA. SRA. DEL CARMEN,EMCO,33.0,20.6,1.9,https://indomet.gob.do/wp-content/uploads/2025/05/temperaturas-extremas-y-precipitaciones-2025x05x05-a.pdf
2025-05-05,055,PEDERNALES,PEDERNALES,INDRHI,EMCO,,,1.9,https://indomet.gob.do/wp-content/uploads/2025/05/temperaturas-extremas-y-precipitaciones-2025x05x05-a.pdf
2025-05-05,056,SANTO DOMINGO ESTE,SANTO DOMINGO,ONAMET,EMCO,31.5,24.0,1.9,https://indomet.gob.do/wp-content/uploads/2025/05/temperaturas-extremas-y-precipitaciones-2025x05x05-a.pdf
2025-05-05,057,BANI (EMA),PERAVIA,MINISTERIO DE AGRICULTURA,EMAP,31.6,24.6,1.6,https://indomet.gob.do/wp-content/uploads/2025/05/temperaturas-extremas-y-precipitaciones-2025x05x05-a.pdf
2025-05-05,058,BOCA DE MAO (EMA),VALVERDE,MINISTERIO DE AGRICULTURA,EMAP,34.1,22.3,1.2,https://indomet.gob.do/wp-content/uploads/2025/05/temperaturas-extremas-y-precipitaciones-2025x05x05-a.pdf
2025-05-05,059,SAMANÁ,SAMANÁ,COMANDANCIA DE PUERTO DE SAMANÁ,EMCO,32.0,22.2,1.0,https://indomet.gob.do/wp-content/uploads/2025/05/temperaturas-extremas-y-precipitaciones-2025x05x05-a.pdf
2025-05-05,060,ARPT. MARÍA MONTEZ,BARAHONA,ONAMET,EMCO,33.1,23.6,0.8,https://indomet.gob.do/wp-content/uploads/2025/05/temperaturas-extremas-y-precipitaciones-2025x05x05-a.pdf
2025-05-05,061,CENTRO DE LOS HEROES (EMA),DISTRITO NACIONAL,MINISTERIO DE ENERGIA Y MINA,EMAP,30.4,25.0,0.8,https://indomet.gob.do/wp-content/uploads/2025/05/temperaturas-extremas-y-precipitaciones-2025x05x05-a.pdf
2025-05-05,062,RÍO SAN JUAN,MARÍA TRINIDAD SÁNCHEZ,HOSP. MPAL. DR. DESIDERIO ACOSTA,EMCV,32.4,23.5,0.8,https://indomet.gob.do/wp-content/uploads/2025/05/temperaturas-extremas-y-precipitaciones-2025x05x05-a.pdf
2025-05-05,063,ARPT. GREGORIO LUPERÓN,PUERTO PLATA,ONAMET,EMCO,30.7,21.3,0.6,https://indomet.gob.do/wp-content/uploads/2025/05/temperaturas-extremas-y-precipitaciones-2025x05x05-a.pdf
2025-05-05,064,ARPT. DE PUNTA CANA,LA ALTAGRACIA,ONAMET,EMCO,30.8,24.6,0.4,https://indomet.gob.do/wp-content/uploads/2025/05/temperaturas-extremas-y-precipitaciones-2025x05x05-a.pdf
2025-05-05,065,OVIEDO,PEDERNALES,CLÍNICA RURAL OVIEDO,EMCO,32.5,23.6,0.4,https://indomet.gob.do/wp-content/uploads/2025/05/temperaturas-extremas-y-precipitaciones-2025x05x05-a.pdf
2025-05-05,066,JARDÍN BOTÁNICO NACIONAL,DISTRITO NACIONAL,JARDÍN BOTÁNICO NACIONAL,EMCV,31.7,20.0,0.1,https://indomet.gob.do/wp-content/uploads/2025/05/temperaturas-extremas-y-precipitaciones-2025x05x05-a.pdf
2025-05-05,067,VILLA ISABELA,PUERTO PLATA,MINISTERIO DE AGRICULTURA,EMCV,,,0.1,https://indomet.gob.do/wp-content/uploads/2025/05/temperaturas-extremas-y-precipitaciones-2025x05x05-a.pdf
2025-05-05,068,ANAMUYA (EMA),LA ALTAGRACIA,MINISTERIO DE AGRICULTURA,EMAP,31.2,24.3,0.0,https://indomet.gob.do/wp-content/uploads/2025/05/temperaturas-extremas-y-precipitaciones-2025x05x05-a.pdf
2025-05-05,069,ARPT. ARROYO BARRIL,SAMANÁ,ONAMET,EMCO,31.0,21.4,0.0,https://indomet.gob.do/wp-content/uploads/2025/05/temperaturas-extremas-y-precipitaciones-2025x05x05-a.pdf
2025-05-05,070,ARPT. DE LAS AMÉRICAS,SANTO DOMINGO,ONAMET,EMCO,31.0,22.1,0.0,https://indomet.gob.do/wp-content/uploads/2025/05/temperaturas-extremas-y-precipitaciones-2025x05x05-a.pdf
2025-05-05,071,CABRAL,BARAHONA,MINISTERIO DE AGRICULTURA,EMCV,34.0,24.5,0.0,https://indomet.gob.do/wp-content/uploads/2025/05/temperaturas-extremas-y-precipitaciones-2025x05x05-a.pdf
2025-05-05,072,LAS CANAS (EMA),MONTE CRISTI,PROGRAMA MUNDIAL DE ALIMENTO,EMAP,27.9,21.6,0.0,https://indomet.gob.do/wp-content/uploads/2025/05/temperaturas-extremas-y-precipitaciones-2025x05x05-a.pdf
2025-05-05,073,PONTÓN ABAJO (EMA),LA VEGA,MINISTERIO DE AGRICULTURA,EMAP,32.8,22.8,0.0,https://indomet.gob.do/wp-content/uploads/2025/05/temperaturas-extremas-y-precipitaciones-2025x05x05-a.pdf
2025-05-05,074,PRESA DE TAVERAS (EMA),LA VEGA,PROGRAMA MUNDIAL DE ALIMENTO,EMAP,30.0,21.2,0.0,https://indomet.gob.do/wp-content/uploads/2025/05/temperaturas-extremas-y-precipitaciones-2025x05x05-a.pdf
2025-05-05,075,SABANETA (EMA),SANTIAGO RODRÍGUEZ,PROGRAMA MUNDIAL DE ALIMENTO,EMAP,34.6,21.7,0.0,https://indomet.gob.do/wp-content/uploads/2025/05/temperaturas-extremas-y-precipitaciones-2025x05x05-a.pdf
2025-05-05,076,SAN RAFAEL DEL YUMA,LA ALTAGRACIA,MINISTERIO DE AGRICULTURA,EMCO,32.4,23.5,0.0,https://indomet.gob.do/wp-content/uploads/2025/05/temperaturas-extremas-y-precipitaciones-2025x05x05-a.pdf
2025-05-05,077,SÁNCHEZ,SAMANÁ,MINISTERIO DE AGRICULTURA,EMCO,31.3,22.5,0.0,https://indomet.gob.do/wp-content/uploads/2025/05/temperaturas-extremas-y-precipitaciones-2025x05x05-a.pdf
2025-05-06,001,GASPAR HERNÁNDEZ,ESPAILLAT,PROPIEDAD DEL EMPLEADO,EMCO,,,63.5,https://indomet.gob.do/wp-content/uploads/2025/05/temperaturas-extremas-y-precipitaciones-2025x05x06-a.pdf
2025-05-06,002,JUMA BEJUCAL,MONSEÑOR NOUEL,IDIAF,EMCV,29.6,19.6,58.8,https://indomet.gob.do/wp-content/uploads/2025/05/temperaturas-extremas-y-precipitaciones-2025x05x06-a.pdf
2025-05-06,003,LA VICTORIA,SANTO DOMINGO,CUERPO DE BOMBEROS,EMCO,32.7,22.0,50.8,https://indomet.gob.do/wp-content/uploads/2025/05/temperaturas-extremas-y-precipitaciones-2025x05x06-a.pdf
2025-05-06,004,PERALTA,AZUA,HOSP. MPAL. DE PERALTA,EMCO,29.1,17.0,44.4,https://indomet.gob.do/wp-content/uploads/2025/05/temperaturas-extremas-y-precipitaciones-2025x05x06-a.pdf
2025-05-06,005,BONAO,MONSEÑOR NOUEL,MINISTERIO DE AGRICULTURA,EMCV,,,33.5,https://indomet.gob.do/wp-content/uploads/2025/05/temperaturas-extremas-y-precipitaciones-2025x05x06-a.pdf
2025-05-06,006,RESTAURACIÓN,DAJABÓN,MINISTERIO DE AGRICULTURA,EMCO,19.4,16.5,33.4,https://indomet.gob.do/wp-content/uploads/2025/05/temperaturas-extremas-y-precipitaciones-2025x05x06-a.pdf
2025-05-06,007,ALTO BANDERA (EMA),LA VEGA,INTEC,EMAP,14.4,7.1,23.1,https://indomet.gob.do/wp-content/uploads/2025/05/temperaturas-extremas-y-precipitaciones-2025x05x06-a.pdf
2025-05-06,008,LOS LLANOS,SAN PEDRO DE MACORÍS,MINISTERIO DE AGRICULTURA,EMCO,31.3,21.5,23.0,https://indomet.gob.do/wp-content/uploads/2025/05/temperaturas-extremas-y-precipitaciones-2025x05x06-a.pdf
2025-05-06,009,ARPT. EL CATEY,SAMANÁ,ONAMET,EMCO,27.5,22.5,19.8,https://indomet.gob.do/wp-content/uploads/2025/05/temperaturas-extremas-y-precipitaciones-2025x05x06-a.pdf
2025-05-06,010,EL CERCADO,SAN JUAN,MINISTERIO DE AGRICULTURA,EMCV,,,18.5,https://indomet.gob.do/wp-content/uploads/2025/05/temperaturas-extremas-y-precipitaciones-2025x05x06-a.pdf
2025-05-06,011,BAYAGUANA,MONTE PLATA,ONAMET,EMCO,30.0,22.4,18.2,https://indomet.gob.do/wp-content/uploads/2025/05/temperaturas-extremas-y-precipitaciones-2025x05x06-a.pdf
2025-05-06,012,RANCHO ARRIBA,SAN JOSÉ DE OCOA,CENTRO TECNOLÓGICO COMUNITARIO,EMCO,28.1,16.9,17.5,https://indomet.gob.do/wp-content/uploads/2025/05/temperaturas-extremas-y-precipitaciones-2025x05x06-a.pdf
2025-05-06,013,SÁNCHEZ,SAMANÁ,MINISTERIO DE AGRICULTURA,EMCO,29.7,21.5,15.6,https://indomet.gob.do/wp-content/uploads/2025/05/temperaturas-extremas-y-precipitaciones-2025x05x06-a.pdf
2025-05-06,014,ARROYO LORO,SAN JUAN,IDIAF,EMCO,31.6,19.5,15.4,https://indomet.gob.do/wp-content/uploads/2025/05/temperaturas-extremas-y-precipitaciones-2025x05x06-a.pdf
2025-05-06,015,CONSTANZA,LA VEGA,MINISTERIO DE AGRICULTURA,EMCO,24.8,14.2,15.3,https://indomet.gob.do/wp-content/uploads/2025/05/temperaturas-extremas-y-precipitaciones-2025x05x06-a.pdf
2025-05-06,016,CONSTANZA (EMA),LA VEGA,PROGRAMA MUNDIAL DE ALIMENTO,EMAP,23.9,14.3,14.2,https://indomet.gob.do/wp-content/uploads/2025/05/temperaturas-extremas-y-precipitaciones-2025x05x06-a.pdf
2025-05-06,017,MONCIÓN (EMA),SANTIAGO RODRÍGUEZ,PROGRAMA MUNDIAL DE ALIMENTO,EMAP,30.9,18.4,13.2,https://indomet.gob.do/wp-content/uploads/2025/05/temperaturas-extremas-y-precipitaciones-2025x05x06-a.pdf
2025-05-06,018,JARABACOA (EMA),LA VEGA,PROGRAMA MUNDIAL DE ALIMENTO,EMAP,28.9,17.9,12.6,https://indomet.gob.do/wp-content/uploads/2025/05/temperaturas-extremas-y-precipitaciones-2025x05x06-a.pdf
2025-05-06,019,ARPT. DEL CIBAO,SANTIAGO,ONAMET,EMCO,31.0,21.5,12.0,https://indomet.gob.do/wp-content/uploads/2025/05/temperaturas-extremas-y-precipitaciones-2025x05x06-a.pdf
2025-05-06,020,TÁBARA ABAJO,AZUA,INDRHI,EMCO,34.9,22.1,12.0,https://indomet.gob.do/wp-content/uploads/2025/05/temperaturas-extremas-y-precipitaciones-2025x05x06-a.pdf
2025-05-06,021,PALO ÍNDIO,PUERTO PLATA,MINISTERIO DE AGRICULTURA,EMCO,,,11.9,https://indomet.gob.do/wp-content/uploads/2025/05/temperaturas-extremas-y-precipitaciones-2025x05x06-a.pdf
2025-05-06,022,JARABACOA,LA VEGA,INDRHI / MARENA,EMCO,29.4,17.6,11.1,https://indomet.gob.do/wp-content/uploads/2025/05/temperaturas-extremas-y-precipitaciones-2025x05x06-a.pdf
2025-05-06,023,NAVARRETE,SANTIAGO,MINISTERIO DE AGRICULTURA,EMCV,,,10.7,https://indomet.gob.do/wp-content/uploads/2025/05/temperaturas-extremas-y-precipitaciones-2025x05x06-a.pdf
2025-05-06,024,LA VEGA,LA VEGA,IATESA,EMCO,31.5,20.7,10.1,https://indomet.gob.do/wp-content/uploads/2025/05/temperaturas-extremas-y-precipitaciones-2025x05x06-a.pdf
2025-05-06,025,PEDERNALES,PEDERNALES,INDRHI,EMCO,,,8.2,https://indomet.gob.do/wp-content/uploads/2025/05/temperaturas-extremas-y-precipitaciones-2025x05x06-a.pdf
2025-05-06,026,BOHECHÍO,SAN JUAN,MINISTERIO DE AGRICULTURA,EMCV,,,7.8,https://indomet.gob.do/wp-content/uploads/2025/05/temperaturas-extremas-y-precipitaciones-2025x05x06-a.pdf
2025-05-06,027,GURABO,SANTIAGO,MINISTERIO DE AGRICULTURA,EMCV,,,7.6,https://indomet.gob.do/wp-content/uploads/2025/05/temperaturas-extremas-y-precipitaciones-2025x05x06-a.pdf
2025-05-06,028,SABANA GRANDE DE BOYÁ,MONTE PLATA,MINISTERIO DE AGRICULTURA,EMCV,,,7.6,https://indomet.gob.do/wp-content/uploads/2025/05/temperaturas-extremas-y-precipitaciones-2025x05x06-a.pdf
2025-05-06,029,ELÍAS PIÑA,ELÍAS PIÑA,MINISTERIO DE AGRICULTURA,EMCV,,,6.0,https://indomet.gob.do/wp-content/uploads/2025/05/temperaturas-extremas-y-precipitaciones-2025x05x06-a.pdf
2025-05-06,030,PADRE LAS CASAS,AZUA,HOSP. NTRA. SRA. DEL CARMEN,EMCO,31.6,17.2,5.2,https://indomet.gob.do/wp-content/uploads/2025/05/temperaturas-extremas-y-precipitaciones-2025x05x06-a.pdf
2025-05-06,031,VILLA ALTAGRACIA,SAN CRISTÓBAL,ESCUELA JAVIER ANGULO GURIDI,EMCO,,,4.9,https://indomet.gob.do/wp-content/uploads/2025/05/temperaturas-extremas-y-precipitaciones-2025x05x06-a.pdf
2025-05-06,032,EL FACTOR (EMA),MARÍA TRINIDAD SÁNCHEZ,INTEC,EMAP,30.1,22.6,4.8,https://indomet.gob.do/wp-content/uploads/2025/05/temperaturas-extremas-y-precipitaciones-2025x05x06-a.pdf
2025-05-06,033,SAN JOSÉ DE OCOA,SAN JOSÉ DE OCOA,HOSP. SAN JOSÉ DE OCOA,EMCO,28.6,,4.0,https://indomet.gob.do/wp-content/uploads/2025/05/temperaturas-extremas-y-precipitaciones-2025x05x06-a.pdf
2025-05-06,034,BOCA DE MAO (EMA),VALVERDE,MINISTERIO DE AGRICULTURA,EMAP,32.3,21.2,3.8,https://indomet.gob.do/wp-content/uploads/2025/05/temperaturas-extremas-y-precipitaciones-2025x05x06-a.pdf
2025-05-06,035,ARPT. LA ISABELA,SANTO DOMINGO,ONAMET,EMCO,33.0,21.0,3.7,https://indomet.gob.do/wp-content/uploads/2025/05/temperaturas-extremas-y-precipitaciones-2025x05x06-a.pdf
2025-05-06,036,HONDO VALLE,ELÍAS PIÑA,MINISTERIO DE AGRICULTURA,EMCO,25.8,16.4,3.5,https://indomet.gob.do/wp-content/uploads/2025/05/temperaturas-extremas-y-precipitaciones-2025x05x06-a.pdf
2025-05-06,037,VILLA ISABELA,PUERTO PLATA,MINISTERIO DE AGRICULTURA,EMCV,,,3.3,https://indomet.gob.do/wp-content/uploads/2025/05/temperaturas-extremas-y-precipitaciones-2025x05x06-a.pdf
2025-05-06,038,OLIVARES,PEDERNALES,INDRHI,EMCO,,,2.8,https://indomet.gob.do/wp-content/uploads/2025/05/temperaturas-extremas-y-precipitaciones-2025x05x06-a.pdf
2025-05-06,039,VILLA RIVA,DUARTE,HOSP. MPAL. ALICIA DE LEGENDRE,EMCO,28.9,21.7,2.5,https://indomet.gob.do/wp-content/uploads/2025/05/temperaturas-extremas-y-precipitaciones-2025x05x06-a.pdf
2025-05-06,040,BASE AÉREA DE SAN ISIDRO,SANTO DOMINGO,FUERZA AÉREA DOMINICANA,EMCV,31.0,22.0,2.0,https://indomet.gob.do/wp-content/uploads/2025/05/temperaturas-extremas-y-precipitaciones-2025x05x06-a.pdf
2025-05-06,041,SAN FRANCISCO DE MACORÍS,DUARTE,San Francisco de Macorís (UASD),EMCO,23.0,21.9,2.0,https://indomet.gob.do/wp-content/uploads/2025/05/temperaturas-extremas-y-precipitaciones-2025x05x06-a.pdf
2025-05-06,042,CENTRO DE LOS HEROES (EMA),DISTRITO NACIONAL,MINISTERIO DE ENERGIA Y MINA,EMAP,32.1,24.8,1.8,https://indomet.gob.do/wp-content/uploads/2025/05/temperaturas-extremas-y-precipitaciones-2025x05x06-a.pdf
2025-05-06,043,POLO,BARAHONA,INDOCAFE,EMCO,28.0,16.7,1.4,https://indomet.gob.do/wp-content/uploads/2025/05/temperaturas-extremas-y-precipitaciones-2025x05x06-a.pdf
2025-05-06,044,TAMBORIL,SANTIAGO,MINISTERIO DE AGRICULTURA,EMCV,,,1.3,https://indomet.gob.do/wp-content/uploads/2025/05/temperaturas-extremas-y-precipitaciones-2025x05x06-a.pdf
2025-05-06,045,ARPT. GREGORIO LUPERÓN,PUERTO PLATA,ONAMET,EMCO,30.7,22.0,1.0,https://indomet.gob.do/wp-content/uploads/2025/05/temperaturas-extremas-y-precipitaciones-2025x05x06-a.pdf
2025-05-06,046,ESCONDIDO,PERAVIA,MINISTERIO DE AGRICULTURA,EMCV,33.0,25.0,1.0,https://indomet.gob.do/wp-content/uploads/2025/05/temperaturas-extremas-y-precipitaciones-2025x05x06-a.pdf
2025-05-06,047,MONTE CRISTI,MONTE CRISTI,ONAMET,EMCO,30.7,22.0,1.0,https://indomet.gob.do/wp-content/uploads/2025/05/temperaturas-extremas-y-precipitaciones-2025x05x06-a.pdf
2025-05-06,048,SANTO DOMINGO ESTE,SANTO DOMINGO,ONAMET,EMCO,31.5,24.4,0.7,https://indomet.gob.do/wp-content/uploads/2025/05/temperaturas-extremas-y-precipitaciones-2025x05x06-a.pdf
2025-05-06,049,RÍO SAN JUAN,MARÍA TRINIDAD SÁNCHEZ,HOSP. MPAL. DR. DESIDERIO ACOSTA,EMCV,31.5,22.9,0.5,https://indomet.gob.do/wp-content/uploads/2025/05/temperaturas-extremas-y-precipitaciones-2025x05x06-a.pdf
2025-05-06,050,ALTAMIRA,PUERTO PLATA,HOSP. MPAL. DE ALTAMIRA,EMCO,30.2,20.5,0.4,https://indomet.gob.do/wp-content/uploads/2025/05/temperaturas-extremas-y-precipitaciones-2025x05x06-a.pdf
2025-05-06,051,ARPT. DE LAS AMÉRICAS,SANTO DOMINGO,ONAMET,EMCO,30.5,23.0,0.4,https://indomet.gob.do/wp-content/uploads/2025/05/temperaturas-extremas-y-precipitaciones-2025x05x06-a.pdf
2025-05-06,052,ARPT. MARÍA MONTEZ,BARAHONA,ONAMET,EMCO,32.8,24.3,0.3,https://indomet.gob.do/wp-content/uploads/2025/05/temperaturas-extremas-y-precipitaciones-2025x05x06-a.pdf
2025-05-06,053,HATO MAYOR,HATO MAYOR,MINISTERIO DE AGRICULTURA,EMCV,,,0.3,https://indomet.gob.do/wp-content/uploads/2025/05/temperaturas-extremas-y-precipitaciones-2025x05x06-a.pdf
2025-05-06,054,CABRAL,BARAHONA,MINISTERIO DE AGRICULTURA,EMCV,34.0,21.9,0.2,https://indomet.gob.do/wp-content/uploads/2025/05/temperaturas-extremas-y-precipitaciones-2025x05x06-a.pdf
2025-05-06,055,SABANETA (EMA),SANTIAGO RODRÍGUEZ,PROGRAMA MUNDIAL DE ALIMENTO,EMAP,33.4,20.6,0.2,https://indomet.gob.do/wp-content/uploads/2025/05/temperaturas-extremas-y-precipitaciones-2025x05x06-a.pdf
2025-05-06,056,ENRIQUILLO,BARAHONA,MINISTERIO DE AGRICULTURA,EMCV,30.5,23.3,0.1,https://indomet.gob.do/wp-content/uploads/2025/05/temperaturas-extremas-y-precipitaciones-2025x05x06-a.pdf
2025-05-06,057,JARDÍN BOTÁNICO NACIONAL,DISTRITO NACIONAL,JARDÍN BOTÁNICO NACIONAL,EMCV,32.0,21.2,0.1,https://indomet.gob.do/wp-content/uploads/2025/05/temperaturas-extremas-y-precipitaciones-2025x05x06-a.pdf
2025-05-06,058,SALCEDO,HERMANAS MIRABAL,PROPIEDAD DEL EMPLEADO,EMCO,,,0.1,https://indomet.gob.do/wp-content/uploads/2025/05/temperaturas-extremas-y-precipitaciones-2025x05x06-a.pdf
2025-05-06,059,SANTIAGO RODRÍGUEZ,SANTIAGO RODRÍGUEZ,ONAMET,EMCO,32.7,21.0,0.1,https://indomet.gob.do/wp-content/uploads/2025/05/temperaturas-extremas-y-precipitaciones-2025x05x06-a.pdf
2025-05-06,060,SAN RAFAEL DEL YUMA,LA ALTAGRACIA,MINISTERIO DE AGRICULTURA,EMCO,32.5,21.5,0.1,https://indomet.gob.do/wp-content/uploads/2025/05/temperaturas-extremas-y-precipitaciones-2025x05x06-a.pdf
2025-05-06,061,ANAMUYA (EMA),LA ALTAGRACIA,MINISTERIO DE AGRICULTURA,EMAP,30.4,22.6,0.0,https://indomet.gob.do/wp-content/uploads/2025/05/temperaturas-extremas-y-precipitaciones-2025x05x06-a.pdf
2025-05-06,062,ARPT. ARROYO BARRIL,SAMANÁ,ONAMET,EMCO,30.5,22.0,0.0,https://indomet.gob.do/wp-content/uploads/2025/05/temperaturas-extremas-y-precipitaciones-2025x05x06-a.pdf
2025-05-06,063,ARPT. DE LA ROMANA,LA ROMANA,ONAMET,EMCO,31.0,23.0,0.0,https://indomet.gob.do/wp-content/uploads/2025/05/temperaturas-extremas-y-precipitaciones-2025x05x06-a.pdf
2025-05-06,064,ARPT. DE PUNTA CANA,LA ALTAGRACIA,ONAMET,EMCO,30.3,23.4,0.0,https://indomet.gob.do/wp-content/uploads/2025/05/temperaturas-extremas-y-precipitaciones-2025x05x06-a.pdf
2025-05-06,065,DAJABÓN,DAJABÓN,INSTITUTO POLITÉCNICO LOYOLA,EMCO,33.7,20.0,0.0,https://indomet.gob.do/wp-content/uploads/2025/05/temperaturas-extremas-y-precipitaciones-2025x05x06-a.pdf
2025-05-06,066,LAS CANAS (EMA),MONTE CRISTI,PROGRAMA MUNDIAL DE ALIMENTO,EMAP,27.8,21.9,0.0,https://indomet.gob.do/wp-content/uploads/2025/05/temperaturas-extremas-y-precipitaciones-2025x05x06-a.pdf
2025-05-06,067,LAS MATAS DE SANTA CRUZ (EMA,MONTE CRISTI,PROGRAMA MUNDIAL DE ALIMENTO,EMAP,,,0.0,https://indomet.gob.do/wp-content/uploads/2025/05/temperaturas-extremas-y-precipitaciones-2025x05x06-a.pdf
2025-05-06,068,MAO,VALVERDE,INDRHI / MINISTERIO DE AGRICULTURA,EMCV,,,0.0,https://indomet.gob.do/wp-content/uploads/2025/05/temperaturas-extremas-y-precipitaciones-2025x05x06-a.pdf
2025-05-06,069,OVIEDO,PEDERNALES,CLÍNICA RURAL OVIEDO,EMCO,32.4,23.3,0.0,https://indomet.gob.do/wp-content/uploads/2025/05/temperaturas-extremas-y-precipitaciones-2025x05x06-a.pdf
2025-05-06,070,PESCADERIA (EMA),BARAHONA,MINISTERIO DE AGRICULTURA,EMAP,32.9,21.9,0.0,https://indomet.gob.do/wp-content/uploads/2025/05/temperaturas-extremas-y-precipitaciones-2025x05x06-a.pdf
2025-05-06,071,PONTÓN ABAJO (EMA),LA VEGA,MINISTERIO DE AGRICULTURA,EMAP,32.4,21.1,0.0,https://indomet.gob.do/wp-content/uploads/2025/05/temperaturas-extremas-y-precipitaciones-2025x05x06-a.pdf
2025-05-06,072,PRESA DE TAVERAS (EMA),LA VEGA,PROGRAMA MUNDIAL DE ALIMENTO,EMAP,29.8,20.0,0.0,https://indomet.gob.do/wp-content/uploads/2025/05/temperaturas-extremas-y-precipitaciones-2025x05x06-a.pdf
2025-05-06,073,SABANA DE LA MAR,HATO MAYOR,ONAMET,EMCO,30.0,22.5,0.0,https://indomet.gob.do/wp-content/uploads/2025/05/temperaturas-extremas-y-precipitaciones-2025x05x06-a.pdf
2025-05-06,074,SAMANÁ,SAMANÁ,COMANDANCIA DE PUERTO DE SAMANÁ,EMCO,31.0,20.5,0.0,https://indomet.gob.do/wp-content/uploads/2025/05/temperaturas-extremas-y-precipitaciones-2025x05x06-a.pdf
2025-05-06,075,SAN CRISTÓBAL,SAN CRISTÓBAL,INSTITUTO POLITÉCNICO LOYOLA,EMCO,32.0,21.0,0.0,https://indomet.gob.do/wp-content/uploads/2025/05/temperaturas-extremas-y-precipitaciones-2025x05x06-a.pdf
2025-05-06,076,VILLA GONZALES,SANTIAGO,MINISTERIO DE AGRICULTURA,EMCO,,,0.0,https://indomet.gob.do/wp-content/uploads/2025/05/temperaturas-extremas-y-precipitaciones-2025x05x06-a.pdf
2025-05-07,001,SAN CRISTÓBAL,SAN CRISTÓBAL,INSTITUTO POLITÉCNICO LOYOLA,EMCO,31.2,20.0,27.2,https://indomet.gob.do/wp-content/uploads/2025/05/temperaturas-extremas-y-precipitaciones-2025x05x07-a.pdf
2025-05-07,002,ENRIQUILLO,BARAHONA,MINISTERIO DE AGRICULTURA,EMCV,33.0,22.5,25.4,https://indomet.gob.do/wp-content/uploads/2025/05/temperaturas-extremas-y-precipitaciones-2025x05x07-a.pdf
2025-05-07,003,BONAO,MONSEÑOR NOUEL,MINISTERIO DE AGRICULTURA,EMCV,,,23.4,https://indomet.gob.do/wp-content/uploads/2025/05/temperaturas-extremas-y-precipitaciones-2025x05x07-a.pdf
2025-05-07,004,ARPT. ARROYO BARRIL,SAMANÁ,ONAMET,EMCO,28.0,20.0,23.0,https://indomet.gob.do/wp-content/uploads/2025/05/temperaturas-extremas-y-precipitaciones-2025x05x07-a.pdf
2025-05-07,005,SAMANÁ,SAMANÁ,COMANDANCIA DE PUERTO DE SAMANÁ,EMCO,30.0,18.4,22.0,https://indomet.gob.do/wp-content/uploads/2025/05/temperaturas-extremas-y-precipitaciones-2025x05x07-a.pdf
2025-05-07,006,ARPT. DE LA ROMANA,LA ROMANA,ONAMET,EMCO,32.0,21.8,14.0,https://indomet.gob.do/wp-content/uploads/2025/05/temperaturas-extremas-y-precipitaciones-2025x05x07-a.pdf
2025-05-07,007,SAN JOSÉ DE OCOA,SAN JOSÉ DE OCOA,HOSP. SAN JOSÉ DE OCOA,EMCO,29.4,,9.2,https://indomet.gob.do/wp-content/uploads/2025/05/temperaturas-extremas-y-precipitaciones-2025x05x07-a.pdf
2025-05-07,008,ARPT. MARÍA MONTEZ,BARAHONA,ONAMET,EMCO,32.0,22.5,6.5,https://indomet.gob.do/wp-content/uploads/2025/05/temperaturas-extremas-y-precipitaciones-2025x05x07-a.pdf
2025-05-07,009,BOHECHÍO,SAN JUAN,MINISTERIO DE AGRICULTURA,EMCV,,,6.4,https://indomet.gob.do/wp-content/uploads/2025/05/temperaturas-extremas-y-precipitaciones-2025x05x07-a.pdf
2025-05-07,010,SÁNCHEZ,SAMANÁ,MINISTERIO DE AGRICULTURA,EMCO,29.4,19.6,6.2,https://indomet.gob.do/wp-content/uploads/2025/05/temperaturas-extremas-y-precipitaciones-2025x05x07-a.pdf
2025-05-07,011,CENTRO DE LOS HEROES (EMA),DISTRITO NACIONAL,MINISTERIO DE ENERGIA Y MINA,EMAP,30.8,24.4,6.0,https://indomet.gob.do/wp-content/uploads/2025/05/temperaturas-extremas-y-precipitaciones-2025x05x07-a.pdf
2025-05-07,012,ALTO BANDERA (EMA),LA VEGA,INTEC,EMAP,14.1,7.3,4.6,https://indomet.gob.do/wp-content/uploads/2025/05/temperaturas-extremas-y-precipitaciones-2025x05x07-a.pdf
2025-05-07,013,CONSTANZA,LA VEGA,MINISTERIO DE AGRICULTURA,EMCO,25.7,16.9,4.3,https://indomet.gob.do/wp-content/uploads/2025/05/temperaturas-extremas-y-precipitaciones-2025x05x07-a.pdf
2025-05-07,014,SABANA DE LA MAR,HATO MAYOR,ONAMET,EMCO,29.0,20.5,4.3,https://indomet.gob.do/wp-content/uploads/2025/05/temperaturas-extremas-y-precipitaciones-2025x05x07-a.pdf
2025-05-07,015,CONSTANZA (EMA),LA VEGA,PROGRAMA MUNDIAL DE ALIMENTO,EMAP,24.9,16.9,3.6,https://indomet.gob.do/wp-content/uploads/2025/05/temperaturas-extremas-y-precipitaciones-2025x05x07-a.pdf
2025-05-07,016,JUMA BEJUCAL,MONSEÑOR NOUEL,IDIAF,EMCV,30.4,21.2,3.0,https://indomet.gob.do/wp-content/uploads/2025/05/temperaturas-extremas-y-precipitaciones-2025x05x07-a.pdf
2025-05-07,017,POLO,BARAHONA,INDOCAFE,EMCO,29.2,17.0,2.3,https://indomet.gob.do/wp-content/uploads/2025/05/temperaturas-extremas-y-precipitaciones-2025x05x07-a.pdf
2025-05-07,018,PESCADERIA (EMA),BARAHONA,MINISTERIO DE AGRICULTURA,EMAP,33.0,22.4,1.8,https://indomet.gob.do/wp-content/uploads/2025/05/temperaturas-extremas-y-precipitaciones-2025x05x07-a.pdf
2025-05-07,019,RANCHO ARRIBA,SAN JOSÉ DE OCOA,CENTRO TECNOLÓGICO COMUNITARIO,EMCO,29.0,18.8,1.7,https://indomet.gob.do/wp-content/uploads/2025/05/temperaturas-extremas-y-precipitaciones-2025x05x07-a.pdf
2025-05-07,020,VILLA ALTAGRACIA,SAN CRISTÓBAL,ESCUELA JAVIER ANGULO GURIDI,EMCO,,,1.5,https://indomet.gob.do/wp-content/uploads/2025/05/temperaturas-extremas-y-precipitaciones-2025x05x07-a.pdf
2025-05-07,021,LOS LLANOS,SAN PEDRO DE MACORÍS,MINISTERIO DE AGRICULTURA,EMCO,32.5,20.5,1.4,https://indomet.gob.do/wp-content/uploads/2025/05/temperaturas-extremas-y-precipitaciones-2025x05x07-a.pdf
2025-05-07,022,PADRE LAS CASAS,AZUA,HOSP. NTRA. SRA. DEL CARMEN,EMCO,33.4,18.9,1.4,https://indomet.gob.do/wp-content/uploads/2025/05/temperaturas-extremas-y-precipitaciones-2025x05x07-a.pdf
2025-05-07,023,SAN FRANCISCO DE MACORÍS,DUARTE,San Francisco de Macorís (UASD),EMCO,31.4,20.8,1.4,https://indomet.gob.do/wp-content/uploads/2025/05/temperaturas-extremas-y-precipitaciones-2025x05x07-a.pdf
2025-05-07,024,ARPT. EL CATEY,SAMANÁ,ONAMET,EMCO,28.0,22.5,0.8,https://indomet.gob.do/wp-content/uploads/2025/05/temperaturas-extremas-y-precipitaciones-2025x05x07-a.pdf
2025-05-07,025,ARROYO LORO,SAN JUAN,IDIAF,EMCO,32.0,19.6,0.8,https://indomet.gob.do/wp-content/uploads/2025/05/temperaturas-extremas-y-precipitaciones-2025x05x07-a.pdf
2025-05-07,026,BOCA DE MAO (EMA),VALVERDE,MINISTERIO DE AGRICULTURA,EMAP,32.5,20.6,0.8,https://indomet.gob.do/wp-content/uploads/2025/05/temperaturas-extremas-y-precipitaciones-2025x05x07-a.pdf
2025-05-07,027,EL FACTOR (EMA),MARÍA TRINIDAD SÁNCHEZ,INTEC,EMAP,29.5,20.3,0.8,https://indomet.gob.do/wp-content/uploads/2025/05/temperaturas-extremas-y-precipitaciones-2025x05x07-a.pdf
2025-05-07,028,PERALTA,AZUA,HOSP. MPAL. DE PERALTA,EMCO,29.5,16.9,0.4,https://indomet.gob.do/wp-content/uploads/2025/05/temperaturas-extremas-y-precipitaciones-2025x05x07-a.pdf
2025-05-07,029,JARABACOA,LA VEGA,INDRHI / MARENA,EMCO,29.2,17.4,0.3,https://indomet.gob.do/wp-content/uploads/2025/05/temperaturas-extremas-y-precipitaciones-2025x05x07-a.pdf
2025-05-07,030,JARABACOA (EMA),LA VEGA,PROGRAMA MUNDIAL DE ALIMENTO,EMAP,28.3,18.9,0.2,https://indomet.gob.do/wp-content/uploads/2025/05/temperaturas-extremas-y-precipitaciones-2025x05x07-a.pdf
2025-05-07,031,CABRAL,BARAHONA,MINISTERIO DE AGRICULTURA,EMCV,34.3,23.7,0.1,https://indomet.gob.do/wp-content/uploads/2025/05/temperaturas-extremas-y-precipitaciones-2025x05x07-a.pdf
2025-05-07,032,ALTAMIRA,PUERTO PLATA,HOSP. MPAL. DE ALTAMIRA,EMCO,30.6,18.2,0.0,https://indomet.gob.do/wp-content/uploads/2025/05/temperaturas-extremas-y-precipitaciones-2025x05x07-a.pdf
2025-05-07,033,ANAMUYA (EMA),LA ALTAGRACIA,MINISTERIO DE AGRICULTURA,EMAP,30.9,21.3,0.0,https://indomet.gob.do/wp-content/uploads/2025/05/temperaturas-extremas-y-precipitaciones-2025x05x07-a.pdf
2025-05-07,034,ARPT. DE LAS AMÉRICAS,SANTO DOMINGO,ONAMET,EMCO,30.8,22.0,0.0,https://indomet.gob.do/wp-content/uploads/2025/05/temperaturas-extremas-y-precipitaciones-2025x05x07-a.pdf
2025-05-07,035,ARPT. DE PUNTA CANA,LA ALTAGRACIA,ONAMET,EMCO,30.5,22.9,0.0,https://indomet.gob.do/wp-content/uploads/2025/05/temperaturas-extremas-y-precipitaciones-2025x05x07-a.pdf
2025-05-07,036,ARPT. DEL CIBAO,SANTIAGO,ONAMET,EMCO,30.8,20.0,0.0,https://indomet.gob.do/wp-content/uploads/2025/05/temperaturas-extremas-y-precipitaciones-2025x05x07-a.pdf
2025-05-07,037,ARPT. GREGORIO LUPERÓN,PUERTO PLATA,ONAMET,EMCO,29.2,20.0,0.0,https://indomet.gob.do/wp-content/uploads/2025/05/temperaturas-extremas-y-precipitaciones-2025x05x07-a.pdf
2025-05-07,038,ARPT. LA ISABELA,SANTO DOMINGO,ONAMET,EMCO,32.0,19.0,0.0,https://indomet.gob.do/wp-content/uploads/2025/05/temperaturas-extremas-y-precipitaciones-2025x05x07-a.pdf
2025-05-07,039,BANI (EMA),PERAVIA,MINISTERIO DE AGRICULTURA,EMAP,32.1,23.6,0.0,https://indomet.gob.do/wp-content/uploads/2025/05/temperaturas-extremas-y-precipitaciones-2025x05x07-a.pdf
2025-05-07,040,BASE AÉREA DE SAN ISIDRO,SANTO DOMINGO,FUERZA AÉREA DOMINICANA,EMCV,32.3,21.2,0.0,https://indomet.gob.do/wp-content/uploads/2025/05/temperaturas-extremas-y-precipitaciones-2025x05x07-a.pdf
2025-05-07,041,BAYAGUANA,MONTE PLATA,ONAMET,EMCO,31.2,21.5,0.0,https://indomet.gob.do/wp-content/uploads/2025/05/temperaturas-extremas-y-precipitaciones-2025x05x07-a.pdf
2025-05-07,042,CABRERA,MARÍA TRINIDAD SÁNCHEZ,ESCUELA ARÍSTIDES FIALLO CABRAL,EMCO,31.3,24.0,0.0,https://indomet.gob.do/wp-content/uploads/2025/05/temperaturas-extremas-y-precipitaciones-2025x05x07-a.pdf
2025-05-07,043,DAJABÓN,DAJABÓN,INSTITUTO POLITÉCNICO LOYOLA,EMCO,34.2,21.7,0.0,https://indomet.gob.do/wp-content/uploads/2025/05/temperaturas-extremas-y-precipitaciones-2025x05x07-a.pdf
2025-05-07,044,ELÍAS PIÑA,ELÍAS PIÑA,MINISTERIO DE AGRICULTURA,EMCV,,,0.0,https://indomet.gob.do/wp-content/uploads/2025/05/temperaturas-extremas-y-precipitaciones-2025x05x07-a.pdf
2025-05-07,045,GASPAR HERNÁNDEZ,ESPAILLAT,PROPIEDAD DEL EMPLEADO,EMCO,,,0.0,https://indomet.gob.do/wp-content/uploads/2025/05/temperaturas-extremas-y-precipitaciones-2025x05x07-a.pdf
2025-05-07,046,GURABO,SANTIAGO,MINISTERIO DE AGRICULTURA,EMCV,,,0.0,https://indomet.gob.do/wp-content/uploads/2025/05/temperaturas-extremas-y-precipitaciones-2025x05x07-a.pdf
2025-05-07,047,HATO MAYOR,HATO MAYOR,MINISTERIO DE AGRICULTURA,EMCV,,,0.0,https://indomet.gob.do/wp-content/uploads/2025/05/temperaturas-extremas-y-precipitaciones-2025x05x07-a.pdf
2025-05-07,048,HONDO VALLE,ELÍAS PIÑA,MINISTERIO DE AGRICULTURA,EMCO,26.4,17.1,0.0,https://indomet.gob.do/wp-content/uploads/2025/05/temperaturas-extremas-y-precipitaciones-2025x05x07-a.pdf
2025-05-07,049,LA VEGA,LA VEGA,IATESA,EMCO,31.0,21.5,0.0,https://indomet.gob.do/wp-content/uploads/2025/05/temperaturas-extremas-y-precipitaciones-2025x05x07-a.pdf
2025-05-07,050,LA VICTORIA,SANTO DOMINGO,CUERPO DE BOMBEROS,EMCO,33.0,22.5,0.0,https://indomet.gob.do/wp-content/uploads/2025/05/temperaturas-extremas-y-precipitaciones-2025x05x07-a.pdf
2025-05-07,051,LAS CANAS (EMA),MONTE CRISTI,PROGRAMA MUNDIAL DE ALIMENTO,EMAP,27.0,19.3,0.0,https://indomet.gob.do/wp-content/uploads/2025/05/temperaturas-extremas-y-precipitaciones-2025x05x07-a.pdf
2025-05-07,052,LAS MATAS DE SANTA CRUZ (EMA),MONTE CRISTI,PROGRAMA MUNDIAL DE ALIMENTO,EMAP,,,0.0,https://indomet.gob.do/wp-content/uploads/2025/05/temperaturas-extremas-y-precipitaciones-2025x05x07-a.pdf
2025-05-07,053,MAO,VALVERDE,INDRHI / MINISTERIO DE AGRICULTURA,EMCV,,,0.0,https://indomet.gob.do/wp-content/uploads/2025/05/temperaturas-extremas-y-precipitaciones-2025x05x07-a.pdf
2025-05-07,054,MONCIÓN (EMA),SANTIAGO RODRÍGUEZ,PROGRAMA MUNDIAL DE ALIMENTO,EMAP,30.4,20.1,0.0,https://indomet.gob.do/wp-content/uploads/2025/05/temperaturas-extremas-y-precipitaciones-2025x05x07-a.pdf
2025-05-07,055,MONTE CRISTI,MONTE CRISTI,ONAMET,EMCO,31.8,22.7,0.0,https://indomet.gob.do/wp-content/uploads/2025/05/temperaturas-extremas-y-precipitaciones-2025x05x07-a.pdf
2025-05-07,056,NAVARRETE,SANTIAGO,MINISTERIO DE AGRICULTURA,EMCV,,,0.0,https://indomet.gob.do/wp-content/uploads/2025/05/temperaturas-extremas-y-precipitaciones-2025x05x07-a.pdf
2025-05-07,057,OLIVARES,PEDERNALES,INDRHI,EMCO,,,0.0,https://indomet.gob.do/wp-content/uploads/2025/05/temperaturas-extremas-y-precipitaciones-2025x05x07-a.pdf
2025-05-07,058,OVIEDO,PEDERNALES,CLÍNICA RURAL OVIEDO,EMCO,32.4,22.0,0.0,https://indomet.gob.do/wp-content/uploads/2025/05/temperaturas-extremas-y-precipitaciones-2025x05x07-a.pdf
2025-05-07,059,PALO ÍNDIO,PUERTO PLATA,MINISTERIO DE AGRICULTURA,EMCO,,,0.0,https://indomet.gob.do/wp-content/uploads/2025/05/temperaturas-extremas-y-precipitaciones-2025x05x07-a.pdf
2025-05-07,060,PEDERNALES,PEDERNALES,INDRHI,EMCO,,,0.0,https://indomet.gob.do/wp-content/uploads/2025/05/temperaturas-extremas-y-precipitaciones-2025x05x07-a.pdf
2025-05-07,061,PONTÓN ABAJO (EMA),LA VEGA,MINISTERIO DE AGRICULTURA,EMAP,32.4,21.6,0.0,https://indomet.gob.do/wp-content/uploads/2025/05/temperaturas-extremas-y-precipitaciones-2025x05x07-a.pdf
2025-05-07,062,PRESA DE TAVERAS (EMA),LA VEGA,PROGRAMA MUNDIAL DE ALIMENTO,EMAP,29.4,20.6,0.0,https://indomet.gob.do/wp-content/uploads/2025/05/temperaturas-extremas-y-precipitaciones-2025x05x07-a.pdf
2025-05-07,063,RESTAURACIÓN,DAJABÓN,MINISTERIO DE AGRICULTURA,EMCO,21.2,16.0,0.0,https://indomet.gob.do/wp-content/uploads/2025/05/temperaturas-extremas-y-precipitaciones-2025x05x07-a.pdf
2025-05-07,064,RÍO SAN JUAN,MARÍA TRINIDAD SÁNCHEZ,HOSP. MPAL. DR. DESIDERIO ACOSTA,EMCV,30.0,20.5,0.0,https://indomet.gob.do/wp-content/uploads/2025/05/temperaturas-extremas-y-precipitaciones-2025x05x07-a.pdf
2025-05-07,065,SABANETA (EMA),SANTIAGO RODRÍGUEZ,PROGRAMA MUNDIAL DE ALIMENTO,EMAP,32.8,21.9,0.0,https://indomet.gob.do/wp-content/uploads/2025/05/temperaturas-extremas-y-precipitaciones-2025x05x07-a.pdf
2025-05-07,066,SALCEDO,HERMANAS MIRABAL,PROPIEDAD DEL EMPLEADO,EMCO,,,0.0,https://indomet.gob.do/wp-content/uploads/2025/05/temperaturas-extremas-y-precipitaciones-2025x05x07-a.pdf
2025-05-07,067,SAN RAFAEL DEL YUMA,LA ALTAGRACIA,MINISTERIO DE AGRICULTURA,EMCO,33.0,20.8,0.0,https://indomet.gob.do/wp-content/uploads/2025/05/temperaturas-extremas-y-precipitaciones-2025x05x07-a.pdf
2025-05-07,068,SANTIAGO RODRÍGUEZ,SANTIAGO RODRÍGUEZ,ONAMET,EMCO,32.5,22.2,0.0,https://indomet.gob.do/wp-content/uploads/2025/05/temperaturas-extremas-y-precipitaciones-2025x05x07-a.pdf
2025-05-07,069,SANTO DOMINGO ESTE,SANTO DOMINGO,ONAMET,EMCO,31.6,23.6,0.0,https://indomet.gob.do/wp-content/uploads/2025/05/temperaturas-extremas-y-precipitaciones-2025x05x07-a.pdf
2025-05-07,070,TÁBARA ABAJO,AZUA,INDRHI,EMCO,35.9,20.5,0.0,https://indomet.gob.do/wp-content/uploads/2025/05/temperaturas-extremas-y-precipitaciones-2025x05x07-a.pdf
2025-05-07,071,TAMBORIL,SANTIAGO,MINISTERIO DE AGRICULTURA,EMCV,,,0.0,https://indomet.gob.do/wp-content/uploads/2025/05/temperaturas-extremas-y-precipitaciones-2025x05x07-a.pdf
2025-05-07,072,VILLA GONZALES,SANTIAGO,MINISTERIO DE AGRICULTURA,EMCO,,,0.0,https://indomet.gob.do/wp-content/uploads/2025/05/temperaturas-extremas-y-precipitaciones-2025x05x07-a.pdf
2025-05-07,073,VILLA ISABELA,PUERTO PLATA,MINISTERIO DE AGRICULTURA,EMCV,,,0.0,https://indomet.gob.do/wp-content/uploads/2025/05/temperaturas-extremas-y-precipitaciones-2025x05x07-a.pdf
2025-05-07,074,VILLA RIVA,DUARTE,HOSP. MPAL. ALICIA DE LEGENDRE,EMCO,30.5,20.5,0.0,https://indomet.gob.do/wp-content/uploads/2025/05/temperaturas-extremas-y-precipitaciones-2025x05x07-a.pdf
2025-05-08,001,PESCADERIA (EMA),BARAHONA,MINISTERIO DE AGRICULTURA,EMAP,32.3,23.1,12.0,https://indomet.gob.do/wp-content/uploads/2025/05/temperaturas-extremas-y-precipitaciones-2025x05x08-a.pdf
2025-05-08,002,POLO,BARAHONA,INDOCAFE,EMCO,28.5,20.5,11.4,https://indomet.gob.do/wp-content/uploads/2025/05/temperaturas-extremas-y-precipitaciones-2025x05x08-a.pdf
2025-05-08,003,ARPT. MARÍA MONTEZ,BARAHONA,ONAMET,EMCO,31.4,23.2,7.1,https://indomet.gob.do/wp-content/uploads/2025/05/temperaturas-extremas-y-precipitaciones-2025x05x08-a.pdf
2025-05-08,004,PADRE LAS CASAS,AZUA,HOSP. NTRA. SRA. DEL CARMEN,EMCO,32.5,19.5,1.8,https://indomet.gob.do/wp-content/uploads/2025/05/temperaturas-extremas-y-precipitaciones-2025x05x08-a.pdf
2025-05-08,005,VILLA RIVA,DUARTE,HOSP. MPAL. ALICIA DE LEGENDRE,EMCO,31.6,20.0,1.8,https://indomet.gob.do/wp-content/uploads/2025/05/temperaturas-extremas-y-precipitaciones-2025x05x08-a.pdf
2025-05-08,006,SAN FRANCISCO DE MACORÍS,DUARTE,San Francisco de Macorís (UASD),EMCO,30.3,20.6,0.8,https://indomet.gob.do/wp-content/uploads/2025/05/temperaturas-extremas-y-precipitaciones-2025x05x08-a.pdf
2025-05-08,007,BONAO,MONSEÑOR NOUEL,MINISTERIO DE AGRICULTURA,EMCV,,,0.8,https://indomet.gob.do/wp-content/uploads/2025/05/temperaturas-extremas-y-precipitaciones-2025x05x08-a.pdf
2025-05-08,008,ARPT. EL CATEY,SAMANÁ,ONAMET,EMCO,28.5,21.5,0.6,https://indomet.gob.do/wp-content/uploads/2025/05/temperaturas-extremas-y-precipitaciones-2025x05x08-a.pdf
2025-05-08,009,BOHECHÍO,SAN JUAN,MINISTERIO DE AGRICULTURA,EMCV,,,0.6,https://indomet.gob.do/wp-content/uploads/2025/05/temperaturas-extremas-y-precipitaciones-2025x05x08-a.pdf
2025-05-08,010,PALO ÍNDIO,PUERTO PLATA,MINISTERIO DE AGRICULTURA,EMCO,,,0.6,https://indomet.gob.do/wp-content/uploads/2025/05/temperaturas-extremas-y-precipitaciones-2025x05x08-a.pdf
2025-05-08,011,PEDERNALES,PEDERNALES,INDRHI,EMCO,,,0.5,https://indomet.gob.do/wp-content/uploads/2025/05/temperaturas-extremas-y-precipitaciones-2025x05x08-a.pdf
2025-05-08,012,ARPT. DE LAS AMÉRICAS,SANTO DOMINGO,ONAMET,EMCO,31.5,22.3,0.1,https://indomet.gob.do/wp-content/uploads/2025/05/temperaturas-extremas-y-precipitaciones-2025x05x08-a.pdf
2025-05-08,013,OLIVARES,PEDERNALES,INDRHI,EMCO,,,0.1,https://indomet.gob.do/wp-content/uploads/2025/05/temperaturas-extremas-y-precipitaciones-2025x05x08-a.pdf
2025-05-08,014,PERALTA,AZUA,HOSP. MPAL. DE PERALTA,EMCO,30.0,18.5,0.1,https://indomet.gob.do/wp-content/uploads/2025/05/temperaturas-extremas-y-precipitaciones-2025x05x08-a.pdf
2025-05-08,015,ALTAMIRA,PUERTO PLATA,HOSP. MPAL. DE ALTAMIRA,EMCO,30.8,18.4,0.0,https://indomet.gob.do/wp-content/uploads/2025/05/temperaturas-extremas-y-precipitaciones-2025x05x08-a.pdf
2025-05-08,016,ALTO BANDERA (EMA),LA VEGA,INTEC,EMAP,15.1,7.2,0.0,https://indomet.gob.do/wp-content/uploads/2025/05/temperaturas-extremas-y-precipitaciones-2025x05x08-a.pdf
2025-05-08,017,ANAMUYA (EMA),LA ALTAGRACIA,MINISTERIO DE AGRICULTURA,EMAP,30.4,21.5,0.0,https://indomet.gob.do/wp-content/uploads/2025/05/temperaturas-extremas-y-precipitaciones-2025x05x08-a.pdf
2025-05-08,018,ARPT. ARROYO BARRIL,SAMANÁ,ONAMET,EMCO,28.5,20.5,0.0,https://indomet.gob.do/wp-content/uploads/2025/05/temperaturas-extremas-y-precipitaciones-2025x05x08-a.pdf
2025-05-08,019,ARPT. DE LA ROMANA,LA ROMANA,ONAMET,EMCO,31.5,21.0,0.0,https://indomet.gob.do/wp-content/uploads/2025/05/temperaturas-extremas-y-precipitaciones-2025x05x08-a.pdf
2025-05-08,020,ARPT. DE PUNTA CANA,LA ALTAGRACIA,ONAMET,EMCO,30.4,23.0,0.0,https://indomet.gob.do/wp-content/uploads/2025/05/temperaturas-extremas-y-precipitaciones-2025x05x08-a.pdf
2025-05-08,021,ARPT. DEL CIBAO,SANTIAGO,ONAMET,EMCO,32.4,21.3,0.0,https://indomet.gob.do/wp-content/uploads/2025/05/temperaturas-extremas-y-precipitaciones-2025x05x08-a.pdf
2025-05-08,022,ARPT. GREGORIO LUPERÓN,PUERTO PLATA,ONAMET,EMCO,29.7,22.2,0.0,https://indomet.gob.do/wp-content/uploads/2025/05/temperaturas-extremas-y-precipitaciones-2025x05x08-a.pdf
2025-05-08,023,ARPT. LA ISABELA,SANTO DOMINGO,ONAMET,EMCO,33.0,19.5,0.0,https://indomet.gob.do/wp-content/uploads/2025/05/temperaturas-extremas-y-precipitaciones-2025x05x08-a.pdf
2025-05-08,024,ARROYO LORO,SAN JUAN,IDIAF,EMCO,32.9,21.0,0.0,https://indomet.gob.do/wp-content/uploads/2025/05/temperaturas-extremas-y-precipitaciones-2025x05x08-a.pdf
2025-05-08,025,BAYAGUANA,MONTE PLATA,ONAMET,EMCO,31.6,20.2,0.0,https://indomet.gob.do/wp-content/uploads/2025/05/temperaturas-extremas-y-precipitaciones-2025x05x08-a.pdf
2025-05-08,026,BOCA DE MAO (EMA),VALVERDE,MINISTERIO DE AGRICULTURA,EMAP,32.6,20.1,0.0,https://indomet.gob.do/wp-content/uploads/2025/05/temperaturas-extremas-y-precipitaciones-2025x05x08-a.pdf
2025-05-08,027,CABRAL,BARAHONA,MINISTERIO DE AGRICULTURA,EMCV,34.2,24.3,0.0,https://indomet.gob.do/wp-content/uploads/2025/05/temperaturas-extremas-y-precipitaciones-2025x05x08-a.pdf
2025-05-08,028,CABRERA,MARÍA TRINIDAD SÁNCHEZ,ESCUELA ARÍSTIDES FIALLO CABRAL,EMCO,31.6,22.5,0.0,https://indomet.gob.do/wp-content/uploads/2025/05/temperaturas-extremas-y-precipitaciones-2025x05x08-a.pdf
2025-05-08,029,CENTRO DE LOS HEROES (EMA),DISTRITO NACIONAL,MINISTERIO DE ENERGIA Y MINA,EMAP,31.7,24.6,0.0,https://indomet.gob.do/wp-content/uploads/2025/05/temperaturas-extremas-y-precipitaciones-2025x05x08-a.pdf
2025-05-08,030,CONSTANZA,LA VEGA,MINISTERIO DE AGRICULTURA,EMCO,25.6,13.6,0.0,https://indomet.gob.do/wp-content/uploads/2025/05/temperaturas-extremas-y-precipitaciones-2025x05x08-a.pdf
2025-05-08,031,CONSTANZA (EMA),LA VEGA,PROGRAMA MUNDIAL DE ALIMENTO,EMAP,24.6,14.0,0.0,https://indomet.gob.do/wp-content/uploads/2025/05/temperaturas-extremas-y-precipitaciones-2025x05x08-a.pdf
2025-05-08,032,DAJABÓN,DAJABÓN,INSTITUTO POLITÉCNICO LOYOLA,EMCO,33.8,19.0,0.0,https://indomet.gob.do/wp-content/uploads/2025/05/temperaturas-extremas-y-precipitaciones-2025x05x08-a.pdf
2025-05-08,033,EL CERCADO,SAN JUAN,MINISTERIO DE AGRICULTURA,EMCV,,,0.0,https://indomet.gob.do/wp-content/uploads/2025/05/temperaturas-extremas-y-precipitaciones-2025x05x08-a.pdf
2025-05-08,034,EL FACTOR (EMA),MARÍA TRINIDAD SÁNCHEZ,INTEC,EMAP,30.9,21.7,0.0,https://indomet.gob.do/wp-content/uploads/2025/05/temperaturas-extremas-y-precipitaciones-2025x05x08-a.pdf
2025-05-08,035,ENRIQUILLO,BARAHONA,MINISTERIO DE AGRICULTURA,EMCV,30.5,24.0,0.0,https://indomet.gob.do/wp-content/uploads/2025/05/temperaturas-extremas-y-precipitaciones-2025x05x08-a.pdf
2025-05-08,036,ESCONDIDO,PERAVIA,MINISTERIO DE AGRICULTURA,EMCV,33.0,24.0,0.0,https://indomet.gob.do/wp-content/uploads/2025/05/temperaturas-extremas-y-precipitaciones-2025x05x08-a.pdf
2025-05-08,037,GASPAR HERNÁNDEZ,ESPAILLAT,PROPIEDAD DEL EMPLEADO,EMCO,,,0.0,https://indomet.gob.do/wp-content/uploads/2025/05/temperaturas-extremas-y-precipitaciones-2025x05x08-a.pdf
2025-05-08,038,HATO MAYOR,HATO MAYOR,MINISTERIO DE AGRICULTURA,EMCV,,,0.0,https://indomet.gob.do/wp-content/uploads/2025/05/temperaturas-extremas-y-precipitaciones-2025x05x08-a.pdf
2025-05-08,039,HONDO VALLE,ELÍAS PIÑA,MINISTERIO DE AGRICULTURA,EMCO,26.2,16.7,0.0,https://indomet.gob.do/wp-content/uploads/2025/05/temperaturas-extremas-y-precipitaciones-2025x05x08-a.pdf
2025-05-08,040,JARABACOA,LA VEGA,INDRHI / MARENA,EMCO,30.4,16.6,0.0,https://indomet.gob.do/wp-content/uploads/2025/05/temperaturas-extremas-y-precipitaciones-2025x05x08-a.pdf
2025-05-08,041,JARABACOA (EMA),LA VEGA,PROGRAMA MUNDIAL DE ALIMENTO,EMAP,29.7,17.3,0.0,https://indomet.gob.do/wp-content/uploads/2025/05/temperaturas-extremas-y-precipitaciones-2025x05x08-a.pdf
2025-05-08,042,JIMANÍ,INDEPENDENCIA,MINISTERIO DE AGRICULTURA,EMCO,34.8,23.2,0.0,https://indomet.gob.do/wp-content/uploads/2025/05/temperaturas-extremas-y-precipitaciones-2025x05x08-a.pdf
2025-05-08,043,JUMA BEJUCAL,MONSEÑOR NOUEL,IDIAF,EMCV,31.0,21.4,0.0,https://indomet.gob.do/wp-content/uploads/2025/05/temperaturas-extremas-y-precipitaciones-2025x05x08-a.pdf
2025-05-08,044,LA VEGA,LA VEGA,IATESA,EMCO,32.0,21.0,0.0,https://indomet.gob.do/wp-content/uploads/2025/05/temperaturas-extremas-y-precipitaciones-2025x05x08-a.pdf
2025-05-08,045,LA VICTORIA,SANTO DOMINGO,CUERPO DE BOMBEROS,EMCO,33.7,20.5,0.0,https://indomet.gob.do/wp-content/uploads/2025/05/temperaturas-extremas-y-precipitaciones-2025x05x08-a.pdf
2025-05-08,046,LAS CANAS (EMA),MONTE CRISTI,PROGRAMA MUNDIAL DE ALIMENTO,EMAP,27.2,21.8,0.0,https://indomet.gob.do/wp-content/uploads/2025/05/temperaturas-extremas-y-precipitaciones-2025x05x08-a.pdf
2025-05-08,047,LAS MATAS DE SANTA CRUZ (EMA,MONTE CRISTI,PROGRAMA MUNDIAL DE ALIMENTO,EMAP,,,0.0,https://indomet.gob.do/wp-content/uploads/2025/05/temperaturas-extremas-y-precipitaciones-2025x05x08-a.pdf
2025-05-08,048,LOS LLANOS,SAN PEDRO DE MACORÍS,MINISTERIO DE AGRICULTURA,EMCO,32.2,20.0,0.0,https://indomet.gob.do/wp-content/uploads/2025/05/temperaturas-extremas-y-precipitaciones-2025x05x08-a.pdf
2025-05-08,049,MAO,VALVERDE,INDRHI / MINISTERIO DE AGRICULTURA,EMCV,,,0.0,https://indomet.gob.do/wp-content/uploads/2025/05/temperaturas-extremas-y-precipitaciones-2025x05x08-a.pdf
2025-05-08,050,MONCIÓN (EMA),SANTIAGO RODRÍGUEZ,PROGRAMA MUNDIAL DE ALIMENTO,EMAP,30.4,18.8,0.0,https://indomet.gob.do/wp-content/uploads/2025/05/temperaturas-extremas-y-precipitaciones-2025x05x08-a.pdf
2025-05-08,051,MONTE CRISTI,MONTE CRISTI,ONAMET,EMCO,32.5,21.8,0.0,https://indomet.gob.do/wp-content/uploads/2025/05/temperaturas-extremas-y-precipitaciones-2025x05x08-a.pdf
2025-05-08,052,NAVARRETE,SANTIAGO,MINISTERIO DE AGRICULTURA,EMCV,,,0.0,https://indomet.gob.do/wp-content/uploads/2025/05/temperaturas-extremas-y-precipitaciones-2025x05x08-a.pdf
2025-05-08,053,OVIEDO,PEDERNALES,CLÍNICA RURAL OVIEDO,EMCO,32.0,23.0,0.0,https://indomet.gob.do/wp-content/uploads/2025/05/temperaturas-extremas-y-precipitaciones-2025x05x08-a.pdf
2025-05-08,054,PONTÓN ABAJO (EMA),LA VEGA,MINISTERIO DE AGRICULTURA,EMAP,33.1,21.3,0.0,https://indomet.gob.do/wp-content/uploads/2025/05/temperaturas-extremas-y-precipitaciones-2025x05x08-a.pdf
2025-05-08,055,PRESA DE TAVERAS (EMA),LA VEGA,PROGRAMA MUNDIAL DE ALIMENTO,EMAP,30.7,19.7,0.0,https://indomet.gob.do/wp-content/uploads/2025/05/temperaturas-extremas-y-precipitaciones-2025x05x08-a.pdf
2025-05-08,056,RANCHO ARRIBA,SAN JOSÉ DE OCOA,CENTRO TECNOLÓGICO COMUNITARIO,EMCO,27.6,16.4,0.0,https://indomet.gob.do/wp-content/uploads/2025/05/temperaturas-extremas-y-precipitaciones-2025x05x08-a.pdf
2025-05-08,057,RESTAURACIÓN,DAJABÓN,MINISTERIO DE AGRICULTURA,EMCO,19.9,16.8,0.0,https://indomet.gob.do/wp-content/uploads/2025/05/temperaturas-extremas-y-precipitaciones-2025x05x08-a.pdf
2025-05-08,058,RÍO SAN JUAN,MARÍA TRINIDAD SÁNCHEZ,HOSP. MPAL. DR. DESIDERIO ACOSTA,EMCV,30.4,21.1,0.0,https://indomet.gob.do/wp-content/uploads/2025/05/temperaturas-extremas-y-precipitaciones-2025x05x08-a.pdf
2025-05-08,059,SABANA DE LA MAR,HATO MAYOR,ONAMET,EMCO,29.5,20.5,0.0,https://indomet.gob.do/wp-content/uploads/2025/05/temperaturas-extremas-y-precipitaciones-2025x05x08-a.pdf
2025-05-08,060,SABANETA (EMA),SANTIAGO RODRÍGUEZ,PROGRAMA MUNDIAL DE ALIMENTO,EMAP,33.5,20.7,0.0,https://indomet.gob.do/wp-content/uploads/2025/05/temperaturas-extremas-y-precipitaciones-2025x05x08-a.pdf
2025-05-08,061,SALCEDO,HERMANAS MIRABAL,PROPIEDAD DEL EMPLEADO,EMCO,,,0.0,https://indomet.gob.do/wp-content/uploads/2025/05/temperaturas-extremas-y-precipitaciones-2025x05x08-a.pdf
2025-05-08,062,SAMANÁ,SAMANÁ,COMANDANCIA DE PUERTO DE SAMANÁ,EMCO,31.0,19.5,0.0,https://indomet.gob.do/wp-content/uploads/2025/05/temperaturas-extremas-y-precipitaciones-2025x05x08-a.pdf
2025-05-08,063,SAN CRISTÓBAL,SAN CRISTÓBAL,INSTITUTO POLITÉCNICO LOYOLA,EMCO,32.2,21.2,0.0,https://indomet.gob.do/wp-content/uploads/2025/05/temperaturas-extremas-y-precipitaciones-2025x05x08-a.pdf
2025-05-08,064,SAN JOSÉ DE OCOA,SAN JOSÉ DE OCOA,HOSP. SAN JOSÉ DE OCOA,EMCO,28.3,,0.0,https://indomet.gob.do/wp-content/uploads/2025/05/temperaturas-extremas-y-precipitaciones-2025x05x08-a.pdf
2025-05-08,065,SAN RAFAEL DEL YUMA,LA ALTAGRACIA,MINISTERIO DE AGRICULTURA,EMCO,33.6,20.5,0.0,https://indomet.gob.do/wp-content/uploads/2025/05/temperaturas-extremas-y-precipitaciones-2025x05x08-a.pdf
2025-05-08,066,SÁNCHEZ,SAMANÁ,MINISTERIO DE AGRICULTURA,EMCO,29.8,19.3,0.0,https://indomet.gob.do/wp-content/uploads/2025/05/temperaturas-extremas-y-precipitaciones-2025x05x08-a.pdf
2025-05-08,067,SANTIAGO RODRÍGUEZ,SANTIAGO RODRÍGUEZ,ONAMET,EMCO,33.5,21.0,0.0,https://indomet.gob.do/wp-content/uploads/2025/05/temperaturas-extremas-y-precipitaciones-2025x05x08-a.pdf
2025-05-08,068,SANTO DOMINGO ESTE,SANTO DOMINGO,ONAMET,EMCO,32.4,23.6,0.0,https://indomet.gob.do/wp-content/uploads/2025/05/temperaturas-extremas-y-precipitaciones-2025x05x08-a.pdf
2025-05-08,069,TÁBARA ABAJO,AZUA,INDRHI,EMCO,35.9,23.4,0.0,https://indomet.gob.do/wp-content/uploads/2025/05/temperaturas-extremas-y-precipitaciones-2025x05x08-a.pdf
2025-05-08,070,VILLA ALTAGRACIA,SAN CRISTÓBAL,ESCUELA JAVIER ANGULO GURIDI,EMCO,,,0.0,https://indomet.gob.do/wp-content/uploads/2025/05/temperaturas-extremas-y-precipitaciones-2025x05x08-a.pdf
2025-05-08,071,VILLA GONZALES,SANTIAGO,MINISTERIO DE AGRICULTURA,EMCO,,,0.0,https://indomet.gob.do/wp-content/uploads/2025/05/temperaturas-extremas-y-precipitaciones-2025x05x08-a.pdf
2025-05-08,072,VILLA ISABELA,PUERTO PLATA,MINISTERIO DE AGRICULTURA,EMCV,,,0.0,https://indomet.gob.do/wp-content/uploads/2025/05/temperaturas-extremas-y-precipitaciones-2025x05x08-a.pdf
2025-05-09,001,SABANA DE LA MAR,HATO MAYOR,ONAMET,EMCO,30.5,22.5,1.2,https://indomet.gob.do/wp-content/uploads/2025/05/temperaturas-extremas-y-precipitaciones-2025x05x09-a.pdf
2025-05-09,002,SÁNCHEZ,SAMANÁ,MINISTERIO DE AGRICULTURA,EMCO,30.5,19.1,1.2,https://indomet.gob.do/wp-content/uploads/2025/05/temperaturas-extremas-y-precipitaciones-2025x05x09-a.pdf
2025-05-09,003,SAMANÁ,SAMANÁ,COMANDANCIA DE PUERTO DE SAMANÁ,EMCO,31.5,21.8,0.6,https://indomet.gob.do/wp-content/uploads/2025/05/temperaturas-extremas-y-precipitaciones-2025x05x09-a.pdf
2025-05-09,004,ARROYO LORO,SAN JUAN,IDIAF,EMCO,33.5,20.0,0.1,https://indomet.gob.do/wp-content/uploads/2025/05/temperaturas-extremas-y-precipitaciones-2025x05x09-a.pdf
2025-05-09,005,SAN RAFAEL DEL YUMA,LA ALTAGRACIA,MINISTERIO DE AGRICULTURA,EMCO,33.5,22.4,0.1,https://indomet.gob.do/wp-content/uploads/2025/05/temperaturas-extremas-y-precipitaciones-2025x05x09-a.pdf
2025-05-09,006,ALTAMIRA,PUERTO PLATA,HOSP. MPAL. DE ALTAMIRA,EMCO,31.9,18.5,0.0,https://indomet.gob.do/wp-content/uploads/2025/05/temperaturas-extremas-y-precipitaciones-2025x05x09-a.pdf
2025-05-09,007,ANAMUYA (EMA),LA ALTAGRACIA,MINISTERIO DE AGRICULTURA,EMAP,30.8,24.5,0.0,https://indomet.gob.do/wp-content/uploads/2025/05/temperaturas-extremas-y-precipitaciones-2025x05x09-a.pdf
2025-05-09,008,ARPT. ARROYO BARRIL,SAMANÁ,ONAMET,EMCO,30.5,20.5,0.0,https://indomet.gob.do/wp-content/uploads/2025/05/temperaturas-extremas-y-precipitaciones-2025x05x09-a.pdf
2025-05-09,009,ARPT. DE LA ROMANA,LA ROMANA,ONAMET,EMCO,31.5,19.5,0.0,https://indomet.gob.do/wp-content/uploads/2025/05/temperaturas-extremas-y-precipitaciones-2025x05x09-a.pdf
2025-05-09,010,ARPT. DE LAS AMÉRICAS,SANTO DOMINGO,ONAMET,EMCO,31.2,21.0,0.0,https://indomet.gob.do/wp-content/uploads/2025/05/temperaturas-extremas-y-precipitaciones-2025x05x09-a.pdf
2025-05-09,011,ARPT. DE PUNTA CANA,LA ALTAGRACIA,ONAMET,EMCO,30.5,23.4,0.0,https://indomet.gob.do/wp-content/uploads/2025/05/temperaturas-extremas-y-precipitaciones-2025x05x09-a.pdf
2025-05-09,012,ARPT. DEL CIBAO,SANTIAGO,ONAMET,EMCO,32.4,21.3,0.0,https://indomet.gob.do/wp-content/uploads/2025/05/temperaturas-extremas-y-precipitaciones-2025x05x09-a.pdf
2025-05-09,013,ARPT. EL CATEY,SAMANÁ,ONAMET,EMCO,29.6,21.2,0.0,https://indomet.gob.do/wp-content/uploads/2025/05/temperaturas-extremas-y-precipitaciones-2025x05x09-a.pdf
2025-05-09,014,ARPT. GREGORIO LUPERÓN,PUERTO PLATA,ONAMET,EMCO,30.4,21.4,0.0,https://indomet.gob.do/wp-content/uploads/2025/05/temperaturas-extremas-y-precipitaciones-2025x05x09-a.pdf
2025-05-09,015,ARPT. LA ISABELA,SANTO DOMINGO,ONAMET,EMCO,34.0,19.5,0.0,https://indomet.gob.do/wp-content/uploads/2025/05/temperaturas-extremas-y-precipitaciones-2025x05x09-a.pdf
2025-05-09,016,ARPT. MARÍA MONTEZ,BARAHONA,ONAMET,EMCO,31.2,24.0,0.0,https://indomet.gob.do/wp-content/uploads/2025/05/temperaturas-extremas-y-precipitaciones-2025x05x09-a.pdf
2025-05-09,017,BANI (EMA),PERAVIA,MINISTERIO DE AGRICULTURA,EMAP,,,0.0,https://indomet.gob.do/wp-content/uploads/2025/05/temperaturas-extremas-y-precipitaciones-2025x05x09-a.pdf
2025-05-09,018,BASE AÉREA DE SAN ISIDRO,SANTO DOMINGO,FUERZA AÉREA DOMINICANA,EMCV,32.2,23.0,0.0,https://indomet.gob.do/wp-content/uploads/2025/05/temperaturas-extremas-y-precipitaciones-2025x05x09-a.pdf
2025-05-09,019,BAYAGUANA,MONTE PLATA,ONAMET,EMCO,32.0,19.2,0.0,https://indomet.gob.do/wp-content/uploads/2025/05/temperaturas-extremas-y-precipitaciones-2025x05x09-a.pdf
2025-05-09,020,BOCA DE MAO (EMA),VALVERDE,MINISTERIO DE AGRICULTURA,EMAP,34.2,21.8,0.0,https://indomet.gob.do/wp-content/uploads/2025/05/temperaturas-extremas-y-precipitaciones-2025x05x09-a.pdf
2025-05-09,021,BONAO,MONSEÑOR NOUEL,MINISTERIO DE AGRICULTURA,EMCV,,,0.0,https://indomet.gob.do/wp-content/uploads/2025/05/temperaturas-extremas-y-precipitaciones-2025x05x09-a.pdf
2025-05-09,022,CABRAL,BARAHONA,MINISTERIO DE AGRICULTURA,EMCV,34.3,25.0,0.0,https://indomet.gob.do/wp-content/uploads/2025/05/temperaturas-extremas-y-precipitaciones-2025x05x09-a.pdf
2025-05-09,023,CABRERA,MARÍA TRINIDAD SÁNCHEZ,ESCUELA ARÍSTIDES FIALLO CABRAL,EMCO,31.4,25.0,0.0,https://indomet.gob.do/wp-content/uploads/2025/05/temperaturas-extremas-y-precipitaciones-2025x05x09-a.pdf
2025-05-09,024,CENTRO DE LOS HEROES (EMA),DISTRITO NACIONAL,MINISTERIO DE ENERGIA Y MINA,EMAP,32.2,25.7,0.0,https://indomet.gob.do/wp-content/uploads/2025/05/temperaturas-extremas-y-precipitaciones-2025x05x09-a.pdf
2025-05-09,025,CONSTANZA,LA VEGA,MINISTERIO DE AGRICULTURA,EMCO,26.8,15.9,0.0,https://indomet.gob.do/wp-content/uploads/2025/05/temperaturas-extremas-y-precipitaciones-2025x05x09-a.pdf
2025-05-09,026,DAJABÓN,DAJABÓN,INSTITUTO POLITÉCNICO LOYOLA,EMCO,34.0,20.4,0.0,https://indomet.gob.do/wp-content/uploads/2025/05/temperaturas-extremas-y-precipitaciones-2025x05x09-a.pdf
2025-05-09,027,EL FACTOR (EMA),MARÍA TRINIDAD SÁNCHEZ,INTEC,EMAP,30.8,21.6,0.0,https://indomet.gob.do/wp-content/uploads/2025/05/temperaturas-extremas-y-precipitaciones-2025x05x09-a.pdf
2025-05-09,028,ELÍAS PIÑA,ELÍAS PIÑA,MINISTERIO DE AGRICULTURA,EMCV,,,0.0,https://indomet.gob.do/wp-content/uploads/2025/05/temperaturas-extremas-y-precipitaciones-2025x05x09-a.pdf
2025-05-09,029,ENRIQUILLO,BARAHONA,MINISTERIO DE AGRICULTURA,EMCV,31.0,25.0,0.0,https://indomet.gob.do/wp-content/uploads/2025/05/temperaturas-extremas-y-precipitaciones-2025x05x09-a.pdf
2025-05-09,030,GASPAR HERNÁNDEZ,ESPAILLAT,PROPIEDAD DEL EMPLEADO,EMCO,,,0.0,https://indomet.gob.do/wp-content/uploads/2025/05/temperaturas-extremas-y-precipitaciones-2025x05x09-a.pdf
2025-05-09,031,GURABO,SANTIAGO,MINISTERIO DE AGRICULTURA,EMCV,,,0.0,https://indomet.gob.do/wp-content/uploads/2025/05/temperaturas-extremas-y-precipitaciones-2025x05x09-a.pdf
2025-05-09,032,HATO MAYOR,HATO MAYOR,MINISTERIO DE AGRICULTURA,EMCV,,,0.0,https://indomet.gob.do/wp-content/uploads/2025/05/temperaturas-extremas-y-precipitaciones-2025x05x09-a.pdf
2025-05-09,033,HONDO VALLE,ELÍAS PIÑA,MINISTERIO DE AGRICULTURA,EMCO,26.8,17.3,0.0,https://indomet.gob.do/wp-content/uploads/2025/05/temperaturas-extremas-y-precipitaciones-2025x05x09-a.pdf
2025-05-09,034,JARABACOA,LA VEGA,INDRHI / MARENA,EMCO,30.2,17.0,0.0,https://indomet.gob.do/wp-content/uploads/2025/05/temperaturas-extremas-y-precipitaciones-2025x05x09-a.pdf
2025-05-09,035,JARABACOA (EMA),LA VEGA,PROGRAMA MUNDIAL DE ALIMENTO,EMAP,29.7,18.1,0.0,https://indomet.gob.do/wp-content/uploads/2025/05/temperaturas-extremas-y-precipitaciones-2025x05x09-a.pdf
2025-05-09,036,JIMANÍ,INDEPENDENCIA,MINISTERIO DE AGRICULTURA,EMCO,35.2,23.4,0.0,https://indomet.gob.do/wp-content/uploads/2025/05/temperaturas-extremas-y-precipitaciones-2025x05x09-a.pdf
2025-05-09,037,JUMA BEJUCAL,MONSEÑOR NOUEL,IDIAF,EMCV,31.4,22.6,0.0,https://indomet.gob.do/wp-content/uploads/2025/05/temperaturas-extremas-y-precipitaciones-2025x05x09-a.pdf
2025-05-09,038,LA VEGA,LA VEGA,IATESA,EMCO,32.0,20.5,0.0,https://indomet.gob.do/wp-content/uploads/2025/05/temperaturas-extremas-y-precipitaciones-2025x05x09-a.pdf
2025-05-09,039,LA VICTORIA,SANTO DOMINGO,CUERPO DE BOMBEROS,EMCO,34.5,22.5,0.0,https://indomet.gob.do/wp-content/uploads/2025/05/temperaturas-extremas-y-precipitaciones-2025x05x09-a.pdf
2025-05-09,040,LAS CANAS (EMA),MONTE CRISTI,PROGRAMA MUNDIAL DE ALIMENTO,EMAP,27.8,20.7,0.0,https://indomet.gob.do/wp-content/uploads/2025/05/temperaturas-extremas-y-precipitaciones-2025x05x09-a.pdf
2025-05-09,041,LAS MATAS DE SANTA CRUZ (EMA,MONTE CRISTI,PROGRAMA MUNDIAL DE ALIMENTO,EMAP,,,0.0,https://indomet.gob.do/wp-content/uploads/2025/05/temperaturas-extremas-y-precipitaciones-2025x05x09-a.pdf
2025-05-09,042,LOS LLANOS,SAN PEDRO DE MACORÍS,MINISTERIO DE AGRICULTURA,EMCO,33.0,22.0,0.0,https://indomet.gob.do/wp-content/uploads/2025/05/temperaturas-extremas-y-precipitaciones-2025x05x09-a.pdf
2025-05-09,043,MAO,VALVERDE,INDRHI / MINISTERIO DE AGRICULTURA,EMCV,,,0.0,https://indomet.gob.do/wp-content/uploads/2025/05/temperaturas-extremas-y-precipitaciones-2025x05x09-a.pdf
2025-05-09,044,MONCIÓN (EMA),SANTIAGO RODRÍGUEZ,PROGRAMA MUNDIAL DE ALIMENTO,EMAP,32.2,19.5,0.0,https://indomet.gob.do/wp-content/uploads/2025/05/temperaturas-extremas-y-precipitaciones-2025x05x09-a.pdf
2025-05-09,045,MONTE CRISTI,MONTE CRISTI,ONAMET,EMCO,33.0,23.0,0.0,https://indomet.gob.do/wp-content/uploads/2025/05/temperaturas-extremas-y-precipitaciones-2025x05x09-a.pdf
2025-05-09,046,NAVARRETE,SANTIAGO,MINISTERIO DE AGRICULTURA,EMCV,,,0.0,https://indomet.gob.do/wp-content/uploads/2025/05/temperaturas-extremas-y-precipitaciones-2025x05x09-a.pdf
2025-05-09,047,OLIVARES,PEDERNALES,INDRHI,EMCO,,,0.0,https://indomet.gob.do/wp-content/uploads/2025/05/temperaturas-extremas-y-precipitaciones-2025x05x09-a.pdf
2025-05-09,048,OVIEDO,PEDERNALES,CLÍNICA RURAL OVIEDO,EMCO,31.7,23.9,0.0,https://indomet.gob.do/wp-content/uploads/2025/05/temperaturas-extremas-y-precipitaciones-2025x05x09-a.pdf
2025-05-09,049,PADRE LAS CASAS,AZUA,HOSP. NTRA. SRA. DEL CARMEN,EMCO,32.5,19.0,0.0,https://indomet.gob.do/wp-content/uploads/2025/05/temperaturas-extremas-y-precipitaciones-2025x05x09-a.pdf
2025-05-09,050,PALO ÍNDIO,PUERTO PLATA,MINISTERIO DE AGRICULTURA,EMCO,,,0.0,https://indomet.gob.do/wp-content/uploads/2025/05/temperaturas-extremas-y-precipitaciones-2025x05x09-a.pdf
2025-05-09,051,PEDERNALES,PEDERNALES,INDRHI,EMCO,,,0.0,https://indomet.gob.do/wp-content/uploads/2025/05/temperaturas-extremas-y-precipitaciones-2025x05x09-a.pdf
2025-05-09,052,PERALTA,AZUA,HOSP. MPAL. DE PERALTA,EMCO,30.5,17.5,0.0,https://indomet.gob.do/wp-content/uploads/2025/05/temperaturas-extremas-y-precipitaciones-2025x05x09-a.pdf
2025-05-09,053,PESCADERIA (EMA),BARAHONA,MINISTERIO DE AGRICULTURA,EMAP,31.8,23.9,0.0,https://indomet.gob.do/wp-content/uploads/2025/05/temperaturas-extremas-y-precipitaciones-2025x05x09-a.pdf
2025-05-09,054,POLO,BARAHONA,INDOCAFE,EMCO,26.6,18.2,0.0,https://indomet.gob.do/wp-content/uploads/2025/05/temperaturas-extremas-y-precipitaciones-2025x05x09-a.pdf
2025-05-09,055,PONTÓN ABAJO (EMA),LA VEGA,MINISTERIO DE AGRICULTURA,EMAP,33.6,23.1,0.0,https://indomet.gob.do/wp-content/uploads/2025/05/temperaturas-extremas-y-precipitaciones-2025x05x09-a.pdf
2025-05-09,056,PRESA DE TAVERAS (EMA),LA VEGA,PROGRAMA MUNDIAL DE ALIMENTO,EMAP,24.7,21.1,0.0,https://indomet.gob.do/wp-content/uploads/2025/05/temperaturas-extremas-y-precipitaciones-2025x05x09-a.pdf
2025-05-09,057,RESTAURACIÓN,DAJABÓN,MINISTERIO DE AGRICULTURA,EMCO,21.0,17.7,0.0,https://indomet.gob.do/wp-content/uploads/2025/05/temperaturas-extremas-y-precipitaciones-2025x05x09-a.pdf
2025-05-09,058,RÍO SAN JUAN,MARÍA TRINIDAD SÁNCHEZ,HOSP. MPAL. DR. DESIDERIO ACOSTA,EMCV,31.5,21.5,0.0,https://indomet.gob.do/wp-content/uploads/2025/05/temperaturas-extremas-y-precipitaciones-2025x05x09-a.pdf
2025-05-09,059,SABANA GRANDE DE BOYÁ,MONTE PLATA,MINISTERIO DE AGRICULTURA,EMCV,,,0.0,https://indomet.gob.do/wp-content/uploads/2025/05/temperaturas-extremas-y-precipitaciones-2025x05x09-a.pdf
2025-05-09,060,SABANETA (EMA),SANTIAGO RODRÍGUEZ,PROGRAMA MUNDIAL DE ALIMENTO,EMAP,35.6,22.2,0.0,https://indomet.gob.do/wp-content/uploads/2025/05/temperaturas-extremas-y-precipitaciones-2025x05x09-a.pdf
2025-05-09,061,SALCEDO,HERMANAS MIRABAL,PROPIEDAD DEL EMPLEADO,EMCO,,,0.0,https://indomet.gob.do/wp-content/uploads/2025/05/temperaturas-extremas-y-precipitaciones-2025x05x09-a.pdf
2025-05-09,062,SAN CRISTÓBAL,SAN CRISTÓBAL,INSTITUTO POLITÉCNICO LOYOLA,EMCO,31.2,20.0,0.0,https://indomet.gob.do/wp-content/uploads/2025/05/temperaturas-extremas-y-precipitaciones-2025x05x09-a.pdf
2025-05-09,063,SAN JOSÉ DE OCOA,SAN JOSÉ DE OCOA,HOSP. SAN JOSÉ DE OCOA,EMCO,31.3,,0.0,https://indomet.gob.do/wp-content/uploads/2025/05/temperaturas-extremas-y-precipitaciones-2025x05x09-a.pdf
2025-05-09,064,SANTIAGO RODRÍGUEZ,SANTIAGO RODRÍGUEZ,ONAMET,EMCO,34.6,23.5,0.0,https://indomet.gob.do/wp-content/uploads/2025/05/temperaturas-extremas-y-precipitaciones-2025x05x09-a.pdf
2025-05-09,065,SANTO DOMINGO ESTE,SANTO DOMINGO,ONAMET,EMCO,33.0,23.4,0.0,https://indomet.gob.do/wp-content/uploads/2025/05/temperaturas-extremas-y-precipitaciones-2025x05x09-a.pdf
2025-05-09,066,TÁBARA ABAJO,AZUA,INDRHI,EMCO,34.9,23.0,0.0,https://indomet.gob.do/wp-content/uploads/2025/05/temperaturas-extremas-y-precipitaciones-2025x05x09-a.pdf
2025-05-09,067,TAMBORIL,SANTIAGO,MINISTERIO DE AGRICULTURA,EMCV,,,0.0,https://indomet.gob.do/wp-content/uploads/2025/05/temperaturas-extremas-y-precipitaciones-2025x05x09-a.pdf
2025-05-09,068,VILLA ALTAGRACIA,SAN CRISTÓBAL,ESCUELA JAVIER ANGULO GURIDI,EMCO,,,0.0,https://indomet.gob.do/wp-content/uploads/2025/05/temperaturas-extremas-y-precipitaciones-2025x05x09-a.pdf
2025-05-09,069,VILLA GONZALES,SANTIAGO,MINISTERIO DE AGRICULTURA,EMCO,,,0.0,https://indomet.gob.do/wp-content/uploads/2025/05/temperaturas-extremas-y-precipitaciones-2025x05x09-a.pdf
2025-05-09,070,VILLA ISABELA,PUERTO PLATA,MINISTERIO DE AGRICULTURA,EMCV,,,0.0,https://indomet.gob.do/wp-content/uploads/2025/05/temperaturas-extremas-y-precipitaciones-2025x05x09-a.pdf
2025-05-09,071,VILLA RIVA,DUARTE,HOSP. MPAL. ALICIA DE LEGENDRE,EMCO,32.8,22.0,0.0,https://indomet.gob.do/wp-content/uploads/2025/05/temperaturas-extremas-y-precipitaciones-2025x05x09-a.pdf
2025-05-09,072,ALTO BANDERA (EMA),LA VEGA,INTEC,EMAP,17.5,5.9,0.0,https://indomet.gob.do/wp-content/uploads/2025/05/temperaturas-extremas-y-precipitaciones-2025x05x09-a.pdf
2025-05-10,001,ELÍAS PIÑA,ELÍAS PIÑA,MINISTERIO DE AGRICULTURA,EMCV,,,22.0,https://indomet.gob.do/wp-content/uploads/2025/05/temperaturas-extremas-y-precipitaciones-2025x05x10-a.pdf
2025-05-10,002,CABRERA,MARÍA TRINIDAD SÁNCHEZ,ESCUELA ARÍSTIDES FIALLO CABRAL,EMCO,32.0,25.5,20.7,https://indomet.gob.do/wp-content/uploads/2025/05/temperaturas-extremas-y-precipitaciones-2025x05x10-a.pdf
2025-05-10,003,ARPT. ARROYO BARRIL,SAMANÁ,ONAMET,EMCO,31.9,23.4,14.4,https://indomet.gob.do/wp-content/uploads/2025/05/temperaturas-extremas-y-precipitaciones-2025x05x10-a.pdf
2025-05-10,004,RÍO SAN JUAN,MARÍA TRINIDAD SÁNCHEZ,HOSP. MPAL. DR. DESIDERIO ACOSTA,EMCV,33.6,23.9,12.2,https://indomet.gob.do/wp-content/uploads/2025/05/temperaturas-extremas-y-precipitaciones-2025x05x10-a.pdf
2025-05-10,005,GASPAR HERNÁNDEZ,ESPAILLAT,PROPIEDAD DEL EMPLEADO,EMCO,,,9.7,https://indomet.gob.do/wp-content/uploads/2025/05/temperaturas-extremas-y-precipitaciones-2025x05x10-a.pdf
2025-05-10,006,HATO MAYOR,HATO MAYOR,MINISTERIO DE AGRICULTURA,EMCV,,,9.7,https://indomet.gob.do/wp-content/uploads/2025/05/temperaturas-extremas-y-precipitaciones-2025x05x10-a.pdf
2025-05-10,007,RESTAURACIÓN,DAJABÓN,MINISTERIO DE AGRICULTURA,EMCO,23.4,18.5,8.6,https://indomet.gob.do/wp-content/uploads/2025/05/temperaturas-extremas-y-precipitaciones-2025x05x10-a.pdf
2025-05-10,008,CONSTANZA,LA VEGA,MINISTERIO DE AGRICULTURA,EMCO,27.2,12.9,8.4,https://indomet.gob.do/wp-content/uploads/2025/05/temperaturas-extremas-y-precipitaciones-2025x05x10-a.pdf
2025-05-10,009,JARABACOA (EMA),LA VEGA,PROGRAMA MUNDIAL DE ALIMENTO,EMAP,30.6,19.4,5.2,https://indomet.gob.do/wp-content/uploads/2025/05/temperaturas-extremas-y-precipitaciones-2025x05x10-a.pdf
2025-05-10,010,JARABACOA,LA VEGA,INDRHI / MARENA,EMCO,31.4,18.0,5.0,https://indomet.gob.do/wp-content/uploads/2025/05/temperaturas-extremas-y-precipitaciones-2025x05x10-a.pdf
2025-05-10,011,SAMANÁ,SAMANÁ,COMANDANCIA DE PUERTO DE SAMANÁ,EMCO,32.3,22.9,5.0,https://indomet.gob.do/wp-content/uploads/2025/05/temperaturas-extremas-y-precipitaciones-2025x05x10-a.pdf
2025-05-10,012,EL FACTOR (EMA),MARÍA TRINIDAD SÁNCHEZ,INTEC,EMAP,31.9,23.7,4.8,https://indomet.gob.do/wp-content/uploads/2025/05/temperaturas-extremas-y-precipitaciones-2025x05x10-a.pdf
2025-05-10,013,ARPT. EL CATEY,SAMANÁ,ONAMET,EMCO,31.0,21.8,3.1,https://indomet.gob.do/wp-content/uploads/2025/05/temperaturas-extremas-y-precipitaciones-2025x05x10-a.pdf
2025-05-10,014,SALCEDO,HERMANAS MIRABAL,PROPIEDAD DEL EMPLEADO,EMCO,,,2.9,https://indomet.gob.do/wp-content/uploads/2025/05/temperaturas-extremas-y-precipitaciones-2025x05x10-a.pdf
2025-05-10,015,POLO,BARAHONA,INDOCAFE,EMCO,28.3,16.0,2.4,https://indomet.gob.do/wp-content/uploads/2025/05/temperaturas-extremas-y-precipitaciones-2025x05x10-a.pdf
2025-05-10,016,SÁNCHEZ,SAMANÁ,MINISTERIO DE AGRICULTURA,EMCO,32.2,20.5,2.4,https://indomet.gob.do/wp-content/uploads/2025/05/temperaturas-extremas-y-precipitaciones-2025x05x10-a.pdf
2025-05-10,017,RANCHO ARRIBA,SAN JOSÉ DE OCOA,CENTRO TECNOLÓGICO COMUNITARIO,EMCO,31.2,20.4,1.6,https://indomet.gob.do/wp-content/uploads/2025/05/temperaturas-extremas-y-precipitaciones-2025x05x10-a.pdf
2025-05-10,018,ARPT. DEL CIBAO,SANTIAGO,ONAMET,EMCO,33.9,20.8,0.5,https://indomet.gob.do/wp-content/uploads/2025/05/temperaturas-extremas-y-precipitaciones-2025x05x10-a.pdf
2025-05-10,019,ALTO BANDERA (EMA),LA VEGA,INTEC,EMAP,17.7,8.6,0.3,https://indomet.gob.do/wp-content/uploads/2025/05/temperaturas-extremas-y-precipitaciones-2025x05x10-a.pdf
2025-05-10,020,CABRAL,BARAHONA,MINISTERIO DE AGRICULTURA,EMCV,34.8,26.7,0.1,https://indomet.gob.do/wp-content/uploads/2025/05/temperaturas-extremas-y-precipitaciones-2025x05x10-a.pdf
2025-05-10,021,HONDO VALLE,ELÍAS PIÑA,MINISTERIO DE AGRICULTURA,EMCO,26.6,17.0,0.1,https://indomet.gob.do/wp-content/uploads/2025/05/temperaturas-extremas-y-precipitaciones-2025x05x10-a.pdf
2025-05-10,022,ALTAMIRA,PUERTO PLATA,HOSP. MPAL. DE ALTAMIRA,EMCO,32.6,21.5,0.0,https://indomet.gob.do/wp-content/uploads/2025/05/temperaturas-extremas-y-precipitaciones-2025x05x10-a.pdf
2025-05-10,023,ANAMUYA (EMA),LA ALTAGRACIA,MINISTERIO DE AGRICULTURA,EMAP,32.4,24.8,0.0,https://indomet.gob.do/wp-content/uploads/2025/05/temperaturas-extremas-y-precipitaciones-2025x05x10-a.pdf
2025-05-10,024,ARPT. DE LA ROMANA,LA ROMANA,ONAMET,EMCO,32.8,22.5,0.0,https://indomet.gob.do/wp-content/uploads/2025/05/temperaturas-extremas-y-precipitaciones-2025x05x10-a.pdf
2025-05-10,025,ARPT. DE LAS AMÉRICAS,SANTO DOMINGO,ONAMET,EMCO,33.0,22.8,0.0,https://indomet.gob.do/wp-content/uploads/2025/05/temperaturas-extremas-y-precipitaciones-2025x05x10-a.pdf
2025-05-10,026,ARPT. DE PUNTA CANA,LA ALTAGRACIA,ONAMET,EMCO,31.3,25.0,0.0,https://indomet.gob.do/wp-content/uploads/2025/05/temperaturas-extremas-y-precipitaciones-2025x05x10-a.pdf
2025-05-10,027,ARPT. GREGORIO LUPERÓN,PUERTO PLATA,ONAMET,EMCO,30.6,22.0,0.0,https://indomet.gob.do/wp-content/uploads/2025/05/temperaturas-extremas-y-precipitaciones-2025x05x10-a.pdf
2025-05-10,028,ARPT. LA ISABELA,SANTO DOMINGO,ONAMET,EMCO,33.4,20.5,0.0,https://indomet.gob.do/wp-content/uploads/2025/05/temperaturas-extremas-y-precipitaciones-2025x05x10-a.pdf
2025-05-10,029,ARPT. MARÍA MONTEZ,BARAHONA,ONAMET,EMCO,32.5,24.0,0.0,https://indomet.gob.do/wp-content/uploads/2025/05/temperaturas-extremas-y-precipitaciones-2025x05x10-a.pdf
2025-05-10,030,ARROYO LORO,SAN JUAN,IDIAF,EMCO,33.0,20.6,0.0,https://indomet.gob.do/wp-content/uploads/2025/05/temperaturas-extremas-y-precipitaciones-2025x05x10-a.pdf
2025-05-10,031,BAYAGUANA,MONTE PLATA,ONAMET,EMCO,33.4,21.8,0.0,https://indomet.gob.do/wp-content/uploads/2025/05/temperaturas-extremas-y-precipitaciones-2025x05x10-a.pdf
2025-05-10,032,BOCA DE MAO (EMA),VALVERDE,MINISTERIO DE AGRICULTURA,EMAP,35.1,24.4,0.0,https://indomet.gob.do/wp-content/uploads/2025/05/temperaturas-extremas-y-precipitaciones-2025x05x10-a.pdf
2025-05-10,033,BONAO,MONSEÑOR NOUEL,MINISTERIO DE AGRICULTURA,EMCV,,,0.0,https://indomet.gob.do/wp-content/uploads/2025/05/temperaturas-extremas-y-precipitaciones-2025x05x10-a.pdf
2025-05-10,034,CENTRO DE LOS HEROES (EMA),DISTRITO NACIONAL,MINISTERIO DE ENERGIA Y MINA,EMAP,31.2,26.8,0.0,https://indomet.gob.do/wp-content/uploads/2025/05/temperaturas-extremas-y-precipitaciones-2025x05x10-a.pdf
2025-05-10,035,DAJABÓN,DAJABÓN,INSTITUTO POLITÉCNICO LOYOLA,EMCO,32.8,19.2,0.0,https://indomet.gob.do/wp-content/uploads/2025/05/temperaturas-extremas-y-precipitaciones-2025x05x10-a.pdf
2025-05-10,036,ENRIQUILLO,BARAHONA,MINISTERIO DE AGRICULTURA,EMCV,32.0,,0.0,https://indomet.gob.do/wp-content/uploads/2025/05/temperaturas-extremas-y-precipitaciones-2025x05x10-a.pdf
2025-05-10,037,GURABO,SANTIAGO,MINISTERIO DE AGRICULTURA,EMCV,,,0.0,https://indomet.gob.do/wp-content/uploads/2025/05/temperaturas-extremas-y-precipitaciones-2025x05x10-a.pdf
2025-05-10,038,JIMANÍ,INDEPENDENCIA,MINISTERIO DE AGRICULTURA,EMCO,34.8,23.6,0.0,https://indomet.gob.do/wp-content/uploads/2025/05/temperaturas-extremas-y-precipitaciones-2025x05x10-a.pdf
2025-05-10,039,JUMA BEJUCAL,MONSEÑOR NOUEL,IDIAF,EMCV,33.4,23.8,0.0,https://indomet.gob.do/wp-content/uploads/2025/05/temperaturas-extremas-y-precipitaciones-2025x05x10-a.pdf
2025-05-10,040,LA VEGA,LA VEGA,IATESA,EMCO,32.5,23.0,0.0,https://indomet.gob.do/wp-content/uploads/2025/05/temperaturas-extremas-y-precipitaciones-2025x05x10-a.pdf
2025-05-10,041,LA VICTORIA,SANTO DOMINGO,CUERPO DE BOMBEROS,EMCO,34.2,23.0,0.0,https://indomet.gob.do/wp-content/uploads/2025/05/temperaturas-extremas-y-precipitaciones-2025x05x10-a.pdf
2025-05-10,042,LAS CANAS (EMA),MONTE CRISTI,PROGRAMA MUNDIAL DE ALIMENTO,EMAP,28.6,22.7,0.0,https://indomet.gob.do/wp-content/uploads/2025/05/temperaturas-extremas-y-precipitaciones-2025x05x10-a.pdf
2025-05-10,043,LAS MATAS DE SANTA CRUZ (EMA,MONTE CRISTI,PROGRAMA MUNDIAL DE ALIMENTO,EMAP,,,0.0,https://indomet.gob.do/wp-content/uploads/2025/05/temperaturas-extremas-y-precipitaciones-2025x05x10-a.pdf
2025-05-10,044,LOS LLANOS,SAN PEDRO DE MACORÍS,MINISTERIO DE AGRICULTURA,EMCO,33.3,23.2,0.0,https://indomet.gob.do/wp-content/uploads/2025/05/temperaturas-extremas-y-precipitaciones-2025x05x10-a.pdf
2025-05-10,045,MONCIÓN (EMA),SANTIAGO RODRÍGUEZ,PROGRAMA MUNDIAL DE ALIMENTO,EMAP,31.7,20.8,0.0,https://indomet.gob.do/wp-content/uploads/2025/05/temperaturas-extremas-y-precipitaciones-2025x05x10-a.pdf
2025-05-10,046,MONTE CRISTI,MONTE CRISTI,ONAMET,EMCO,33.8,22.5,0.0,https://indomet.gob.do/wp-content/uploads/2025/05/temperaturas-extremas-y-precipitaciones-2025x05x10-a.pdf
2025-05-10,047,NAVARRETE,SANTIAGO,MINISTERIO DE AGRICULTURA,EMCV,,,0.0,https://indomet.gob.do/wp-content/uploads/2025/05/temperaturas-extremas-y-precipitaciones-2025x05x10-a.pdf
2025-05-10,048,OLIVARES,PEDERNALES,INDRHI,EMCO,,,0.0,https://indomet.gob.do/wp-content/uploads/2025/05/temperaturas-extremas-y-precipitaciones-2025x05x10-a.pdf
2025-05-10,049,OVIEDO,PEDERNALES,CLÍNICA RURAL OVIEDO,EMCO,32.5,26.3,0.0,https://indomet.gob.do/wp-content/uploads/2025/05/temperaturas-extremas-y-precipitaciones-2025x05x10-a.pdf
2025-05-10,050,PADRE LAS CASAS,AZUA,HOSP. NTRA. SRA. DEL CARMEN,EMCO,33.8,20.8,0.0,https://indomet.gob.do/wp-content/uploads/2025/05/temperaturas-extremas-y-precipitaciones-2025x05x10-a.pdf
2025-05-10,051,PALO ÍNDIO,PUERTO PLATA,MINISTERIO DE AGRICULTURA,EMCO,,,0.0,https://indomet.gob.do/wp-content/uploads/2025/05/temperaturas-extremas-y-precipitaciones-2025x05x10-a.pdf
2025-05-10,052,PEDERNALES,PEDERNALES,INDRHI,EMCO,,,0.0,https://indomet.gob.do/wp-content/uploads/2025/05/temperaturas-extremas-y-precipitaciones-2025x05x10-a.pdf
2025-05-10,053,PERALTA,AZUA,HOSP. MPAL. DE PERALTA,EMCO,31.7,18.5,0.0,https://indomet.gob.do/wp-content/uploads/2025/05/temperaturas-extremas-y-precipitaciones-2025x05x10-a.pdf
2025-05-10,054,PESCADERIA (EMA),BARAHONA,MINISTERIO DE AGRICULTURA,EMAP,33.4,27.3,0.0,https://indomet.gob.do/wp-content/uploads/2025/05/temperaturas-extremas-y-precipitaciones-2025x05x10-a.pdf
2025-05-10,055,PONTÓN ABAJO (EMA),LA VEGA,MINISTERIO DE AGRICULTURA,EMAP,,,0.0,https://indomet.gob.do/wp-content/uploads/2025/05/temperaturas-extremas-y-precipitaciones-2025x05x10-a.pdf
2025-05-10,056,PRESA DE TAVERAS (EMA),LA VEGA,PROGRAMA MUNDIAL DE ALIMENTO,EMAP,,,0.0,https://indomet.gob.do/wp-content/uploads/2025/05/temperaturas-extremas-y-precipitaciones-2025x05x10-a.pdf
2025-05-10,057,SABANA DE LA MAR,HATO MAYOR,ONAMET,EMCO,31.0,23.5,0.0,https://indomet.gob.do/wp-content/uploads/2025/05/temperaturas-extremas-y-precipitaciones-2025x05x10-a.pdf
2025-05-10,058,SABANETA (EMA),SANTIAGO RODRÍGUEZ,PROGRAMA MUNDIAL DE ALIMENTO,EMAP,,,0.0,https://indomet.gob.do/wp-content/uploads/2025/05/temperaturas-extremas-y-precipitaciones-2025x05x10-a.pdf
2025-05-10,059,SAN CRISTÓBAL,SAN CRISTÓBAL,INSTITUTO POLITÉCNICO LOYOLA,EMCO,32.0,22.1,0.0,https://indomet.gob.do/wp-content/uploads/2025/05/temperaturas-extremas-y-precipitaciones-2025x05x10-a.pdf
2025-05-10,060,SAN JOSÉ DE OCOA,SAN JOSÉ DE OCOA,HOSP. SAN JOSÉ DE OCOA,EMCO,32.4,,0.0,https://indomet.gob.do/wp-content/uploads/2025/05/temperaturas-extremas-y-precipitaciones-2025x05x10-a.pdf
2025-05-10,061,SAN RAFAEL DEL YUMA,LA ALTAGRACIA,MINISTERIO DE AGRICULTURA,EMCO,34.3,23.4,0.0,https://indomet.gob.do/wp-content/uploads/2025/05/temperaturas-extremas-y-precipitaciones-2025x05x10-a.pdf
2025-05-10,062,SANTIAGO RODRÍGUEZ,SANTIAGO RODRÍGUEZ,ONAMET,EMCO,35.0,23.3,0.0,https://indomet.gob.do/wp-content/uploads/2025/05/temperaturas-extremas-y-precipitaciones-2025x05x10-a.pdf
2025-05-10,063,SANTO DOMINGO ESTE,SANTO DOMINGO,ONAMET,EMCO,32.6,24.8,0.0,https://indomet.gob.do/wp-content/uploads/2025/05/temperaturas-extremas-y-precipitaciones-2025x05x10-a.pdf
2025-05-10,064,TÁBARA ABAJO,AZUA,INDRHI,EMCO,34.5,20.0,0.0,https://indomet.gob.do/wp-content/uploads/2025/05/temperaturas-extremas-y-precipitaciones-2025x05x10-a.pdf
2025-05-10,065,VILLA ALTAGRACIA,SAN CRISTÓBAL,ESCUELA JAVIER ANGULO GURIDI,EMCO,,,0.0,https://indomet.gob.do/wp-content/uploads/2025/05/temperaturas-extremas-y-precipitaciones-2025x05x10-a.pdf
2025-05-10,066,VILLA GONZALES,SANTIAGO,MINISTERIO DE AGRICULTURA,EMCO,,,0.0,https://indomet.gob.do/wp-content/uploads/2025/05/temperaturas-extremas-y-precipitaciones-2025x05x10-a.pdf
2025-05-10,067,VILLA ISABELA,PUERTO PLATA,MINISTERIO DE AGRICULTURA,EMCV,,,0.0,https://indomet.gob.do/wp-content/uploads/2025/05/temperaturas-extremas-y-precipitaciones-2025x05x10-a.pdf
2025-05-10,068,VILLA RIVA,DUARTE,HOSP. MPAL. ALICIA DE LEGENDRE,EMCO,32.5,22.7,0.0,https://indomet.gob.do/wp-content/uploads/2025/05/temperaturas-extremas-y-precipitaciones-2025x05x10-a.pdf
2025-05-11,001,LOS JENGIBRES,NAGUA,INDRHI,EMCO,,,29.2,https://indomet.gob.do/wp-content/uploads/2025/05/temperaturas-extremas-y-precipitaciones-2025x05x11-a.pdf
2025-05-11,002,BAYAGUANA,MONTE PLATA,ONAMET,EMCO,34.0,23.1,28.4,https://indomet.gob.do/wp-content/uploads/2025/05/temperaturas-extremas-y-precipitaciones-2025x05x11-a.pdf
2025-05-11,003,HATO MAYOR,HATO MAYOR,MINISTERIO DE AGRICULTURA,EMCV,,,24.4,https://indomet.gob.do/wp-content/uploads/2025/05/temperaturas-extremas-y-precipitaciones-2025x05x11-a.pdf
2025-05-11,004,PASO AL MEDIO,SAN PEDRO DE MACORÍS,INDRHI,EMCO,,,24.0,https://indomet.gob.do/wp-content/uploads/2025/05/temperaturas-extremas-y-precipitaciones-2025x05x11-a.pdf
2025-05-11,005,JARABACOA (EMA),LA VEGA,PROGRAMA MUNDIAL DE ALIMENTO,EMAP,31.3,20.3,20.6,https://indomet.gob.do/wp-content/uploads/2025/05/temperaturas-extremas-y-precipitaciones-2025x05x11-a.pdf
2025-05-11,006,BOHECHÍO,SAN JUAN,MINISTERIO DE AGRICULTURA,EMCV,,,20.2,https://indomet.gob.do/wp-content/uploads/2025/05/temperaturas-extremas-y-precipitaciones-2025x05x11-a.pdf
2025-05-11,007,JARABACOA,LA VEGA,INDRHI / MARENA,EMCO,31.6,20.0,18.4,https://indomet.gob.do/wp-content/uploads/2025/05/temperaturas-extremas-y-precipitaciones-2025x05x11-a.pdf
2025-05-11,008,CONSTANZA,LA VEGA,MINISTERIO DE AGRICULTURA,EMCO,26.7,16.5,15.5,https://indomet.gob.do/wp-content/uploads/2025/05/temperaturas-extremas-y-precipitaciones-2025x05x11-a.pdf
2025-05-11,009,SABANA DE LA MAR,HATO MAYOR,ONAMET,EMCO,31.0,23.0,15.5,https://indomet.gob.do/wp-content/uploads/2025/05/temperaturas-extremas-y-precipitaciones-2025x05x11-a.pdf
2025-05-11,010,GASPAR HERNÁNDEZ,ESPAILLAT,PROPIEDAD DEL EMPLEADO,EMCO,,,11.4,https://indomet.gob.do/wp-content/uploads/2025/05/temperaturas-extremas-y-precipitaciones-2025x05x11-a.pdf
2025-05-11,011,TAVERA,SANTIAGO,INDRHI,EMCO,,,11.4,https://indomet.gob.do/wp-content/uploads/2025/05/temperaturas-extremas-y-precipitaciones-2025x05x11-a.pdf
2025-05-11,012,JUMA BEJUCAL,MONSEÑOR NOUEL,IDIAF,EMCV,33.0,22.8,10.7,https://indomet.gob.do/wp-content/uploads/2025/05/temperaturas-extremas-y-precipitaciones-2025x05x11-a.pdf
2025-05-11,013,SAMANÁ,SAMANÁ,COMANDANCIA DE PUERTO DE SAMANÁ,EMCO,32.9,23.0,9.0,https://indomet.gob.do/wp-content/uploads/2025/05/temperaturas-extremas-y-precipitaciones-2025x05x11-a.pdf
2025-05-11,014,VILLA RIVA,DUARTE,HOSP. MPAL. ALICIA DE LEGENDRE,EMCO,32.0,23.0,8.6,https://indomet.gob.do/wp-content/uploads/2025/05/temperaturas-extremas-y-precipitaciones-2025x05x11-a.pdf
2025-05-11,015,RANCHO ARRIBA,SAN JOSÉ DE OCOA,CENTRO TECNOLÓGICO COMUNITARIO,EMCO,33.6,19.9,7.6,https://indomet.gob.do/wp-content/uploads/2025/05/temperaturas-extremas-y-precipitaciones-2025x05x11-a.pdf
2025-05-11,016,RESTAURACIÓN,DAJABÓN,MINISTERIO DE AGRICULTURA,EMCO,22.3,17.8,6.9,https://indomet.gob.do/wp-content/uploads/2025/05/temperaturas-extremas-y-precipitaciones-2025x05x11-a.pdf
2025-05-11,017,BONAO,MONSEÑOR NOUEL,MINISTERIO DE AGRICULTURA,EMCV,,,6.6,https://indomet.gob.do/wp-content/uploads/2025/05/temperaturas-extremas-y-precipitaciones-2025x05x11-a.pdf
2025-05-11,018,PADRE LAS CASAS,AZUA,HOSP. NTRA. SRA. DEL CARMEN,EMCO,33.0,22.0,5.4,https://indomet.gob.do/wp-content/uploads/2025/05/temperaturas-extremas-y-precipitaciones-2025x05x11-a.pdf
2025-05-11,019,SABANA GRANDE DE BOYÁ,MONTE PLATA,MINISTERIO DE AGRICULTURA,EMCV,,,4.8,https://indomet.gob.do/wp-content/uploads/2025/05/temperaturas-extremas-y-precipitaciones-2025x05x11-a.pdf
2025-05-11,020,DAJABÓN,DAJABÓN,INSTITUTO POLITÉCNICO LOYOLA,EMCO,34.1,19.7,4.2,https://indomet.gob.do/wp-content/uploads/2025/05/temperaturas-extremas-y-precipitaciones-2025x05x11-a.pdf
2025-05-11,021,EL FACTOR (EMA),MARÍA TRINIDAD SÁNCHEZ,INTEC,EMAP,32.3,23.9,4.1,https://indomet.gob.do/wp-content/uploads/2025/05/temperaturas-extremas-y-precipitaciones-2025x05x11-a.pdf
2025-05-11,022,POLO,BARAHONA,INDOCAFE,EMCO,29.6,18.4,4.0,https://indomet.gob.do/wp-content/uploads/2025/05/temperaturas-extremas-y-precipitaciones-2025x05x11-a.pdf
2025-05-11,023,COTUÍ,SÁNCHEZ RAMÍREZ,HOSP. INMACULADA CONCEPCIÓN,EMCV,,,3.7,https://indomet.gob.do/wp-content/uploads/2025/05/temperaturas-extremas-y-precipitaciones-2025x05x11-a.pdf
2025-05-11,024,SAN RAFAEL DEL YUMA,LA ALTAGRACIA,MINISTERIO DE AGRICULTURA,EMCO,34.2,23.8,3.5,https://indomet.gob.do/wp-content/uploads/2025/05/temperaturas-extremas-y-precipitaciones-2025x05x11-a.pdf
2025-05-11,025,ARPT. ARROYO BARRIL,SAMANÁ,ONAMET,EMCO,31.3,22.6,2.9,https://indomet.gob.do/wp-content/uploads/2025/05/temperaturas-extremas-y-precipitaciones-2025x05x11-a.pdf
2025-05-11,026,ARPT. LA ISABELA,SANTO DOMINGO,ONAMET,EMCO,33.0,20.5,2.9,https://indomet.gob.do/wp-content/uploads/2025/05/temperaturas-extremas-y-precipitaciones-2025x05x11-a.pdf
2025-05-11,027,LA VEGA,LA VEGA,IATESA,EMCO,33.5,24.4,2.1,https://indomet.gob.do/wp-content/uploads/2025/05/temperaturas-extremas-y-precipitaciones-2025x05x11-a.pdf
2025-05-11,028,RÍO SAN JUAN,MARÍA TRINIDAD SÁNCHEZ,HOSP. MPAL. DR. DESIDERIO ACOSTA,EMCV,33.4,24.5,1.5,https://indomet.gob.do/wp-content/uploads/2025/05/temperaturas-extremas-y-precipitaciones-2025x05x11-a.pdf
2025-05-11,029,TAMBORIL,SANTIAGO,MINISTERIO DE AGRICULTURA,EMCV,,,1.3,https://indomet.gob.do/wp-content/uploads/2025/05/temperaturas-extremas-y-precipitaciones-2025x05x11-a.pdf
2025-05-11,030,ARPT. DE LA ROMANA,LA ROMANA,ONAMET,EMCO,33.0,23.4,1.1,https://indomet.gob.do/wp-content/uploads/2025/05/temperaturas-extremas-y-precipitaciones-2025x05x11-a.pdf
2025-05-11,031,ANAMUYA (EMA),LA ALTAGRACIA,MINISTERIO DE AGRICULTURA,EMAP,32.9,24.2,1.0,https://indomet.gob.do/wp-content/uploads/2025/05/temperaturas-extremas-y-precipitaciones-2025x05x11-a.pdf
2025-05-11,032,ALTO BANDERA (EMA),LA VEGA,INTEC,EMAP,17.7,8.4,1.0,https://indomet.gob.do/wp-content/uploads/2025/05/temperaturas-extremas-y-precipitaciones-2025x05x11-a.pdf
2025-05-11,033,ARPT. DEL CIBAO,SANTIAGO,ONAMET,EMCO,34.0,23.3,0.8,https://indomet.gob.do/wp-content/uploads/2025/05/temperaturas-extremas-y-precipitaciones-2025x05x11-a.pdf
2025-05-11,034,MOCA,ESPAILLAT,MINISTERIO DE AGRICULTURA,EMCV,,,0.5,https://indomet.gob.do/wp-content/uploads/2025/05/temperaturas-extremas-y-precipitaciones-2025x05x11-a.pdf
2025-05-11,035,LOS LLANOS,SAN PEDRO DE MACORÍS,MINISTERIO DE AGRICULTURA,EMCO,33.5,23.3,0.4,https://indomet.gob.do/wp-content/uploads/2025/05/temperaturas-extremas-y-precipitaciones-2025x05x11-a.pdf
2025-05-11,036,SAN FRANCISCO DE MACORÍS,DUARTE,San Francisco de Macorís (UASD),EMCO,35.1,21.3,0.4,https://indomet.gob.do/wp-content/uploads/2025/05/temperaturas-extremas-y-precipitaciones-2025x05x11-a.pdf
2025-05-11,037,CABRAL,BARAHONA,MINISTERIO DE AGRICULTURA,EMCV,35.2,26.7,0.1,https://indomet.gob.do/wp-content/uploads/2025/05/temperaturas-extremas-y-precipitaciones-2025x05x11-a.pdf
2025-05-11,038,SAN JOSÉ DE OCOA,SAN JOSÉ DE OCOA,HOSP. SAN JOSÉ DE OCOA,EMCO,32.2,,0.1,https://indomet.gob.do/wp-content/uploads/2025/05/temperaturas-extremas-y-precipitaciones-2025x05x11-a.pdf
2025-05-11,039,ARPT. DE LAS AMÉRICAS,SANTO DOMINGO,ONAMET,EMCO,32.0,23.7,0.0,https://indomet.gob.do/wp-content/uploads/2025/05/temperaturas-extremas-y-precipitaciones-2025x05x11-a.pdf
2025-05-11,040,ARPT. DE PUNTA CANA,LA ALTAGRACIA,ONAMET,EMCO,31.6,25.3,0.0,https://indomet.gob.do/wp-content/uploads/2025/05/temperaturas-extremas-y-precipitaciones-2025x05x11-a.pdf
2025-05-11,041,ARPT. EL CATEY,SAMANÁ,ONAMET,EMCO,31.6,21.0,0.0,https://indomet.gob.do/wp-content/uploads/2025/05/temperaturas-extremas-y-precipitaciones-2025x05x11-a.pdf
2025-05-11,042,ARPT. GREGORIO LUPERÓN,PUERTO PLATA,ONAMET,EMCO,31.4,23.2,0.0,https://indomet.gob.do/wp-content/uploads/2025/05/temperaturas-extremas-y-precipitaciones-2025x05x11-a.pdf
2025-05-11,043,ARPT. MARÍA MONTEZ,BARAHONA,ONAMET,EMCO,32.8,25.5,0.0,https://indomet.gob.do/wp-content/uploads/2025/05/temperaturas-extremas-y-precipitaciones-2025x05x11-a.pdf
2025-05-11,044,ARROYO LORO,SAN JUAN,IDIAF,EMCO,33.9,22.5,0.0,https://indomet.gob.do/wp-content/uploads/2025/05/temperaturas-extremas-y-precipitaciones-2025x05x11-a.pdf
2025-05-11,045,BANI (EMA),PERAVIA,MINISTERIO DE AGRICULTURA,EMAP,32.4,25.8,0.0,https://indomet.gob.do/wp-content/uploads/2025/05/temperaturas-extremas-y-precipitaciones-2025x05x11-a.pdf
2025-05-11,046,BOCA DE MAO (EMA),VALVERDE,MINISTERIO DE AGRICULTURA,EMAP,35.8,24.2,0.0,https://indomet.gob.do/wp-content/uploads/2025/05/temperaturas-extremas-y-precipitaciones-2025x05x11-a.pdf
2025-05-11,047,CABRERA,MARÍA TRINIDAD SÁNCHEZ,ESCUELA ARÍSTIDES FIALLO CABRAL,EMCO,32.2,24.5,0.0,https://indomet.gob.do/wp-content/uploads/2025/05/temperaturas-extremas-y-precipitaciones-2025x05x11-a.pdf
2025-05-11,048,CENTRO DE LOS HEROES (EMA),DISTRITO NACIONAL,MINISTERIO DE ENERGIA Y MINA,EMAP,31.7,26.4,0.0,https://indomet.gob.do/wp-content/uploads/2025/05/temperaturas-extremas-y-precipitaciones-2025x05x11-a.pdf
2025-05-11,049,EL CERCADO,SAN JUAN,MINISTERIO DE AGRICULTURA,EMCV,,,0.0,https://indomet.gob.do/wp-content/uploads/2025/05/temperaturas-extremas-y-precipitaciones-2025x05x11-a.pdf
2025-05-11,050,ELÍAS PIÑA,ELÍAS PIÑA,MINISTERIO DE AGRICULTURA,EMCV,,,0.0,https://indomet.gob.do/wp-content/uploads/2025/05/temperaturas-extremas-y-precipitaciones-2025x05x11-a.pdf
2025-05-11,051,ENRIQUILLO,BARAHONA,MINISTERIO DE AGRICULTURA,EMCV,32.3,26.5,0.0,https://indomet.gob.do/wp-content/uploads/2025/05/temperaturas-extremas-y-precipitaciones-2025x05x11-a.pdf
2025-05-11,052,GURABO,SANTIAGO,MINISTERIO DE AGRICULTURA,EMCV,,,0.0,https://indomet.gob.do/wp-content/uploads/2025/05/temperaturas-extremas-y-precipitaciones-2025x05x11-a.pdf
2025-05-11,053,HONDO VALLE,ELÍAS PIÑA,MINISTERIO DE AGRICULTURA,EMCO,26.8,17.4,0.0,https://indomet.gob.do/wp-content/uploads/2025/05/temperaturas-extremas-y-precipitaciones-2025x05x11-a.pdf
2025-05-11,054,JARDÍN BOTÁNICO NACIONAL,DISTRITO NACIONAL,JARDÍN BOTÁNICO NACIONAL,EMCV,33.3,19.5,0.0,https://indomet.gob.do/wp-content/uploads/2025/05/temperaturas-extremas-y-precipitaciones-2025x05x11-a.pdf
2025-05-11,055,JIMANÍ,INDEPENDENCIA,MINISTERIO DE AGRICULTURA,EMCO,35.2,25.5,0.0,https://indomet.gob.do/wp-content/uploads/2025/05/temperaturas-extremas-y-precipitaciones-2025x05x11-a.pdf
2025-05-11,056,LA VICTORIA,SANTO DOMINGO,CUERPO DE BOMBEROS,EMCO,35.0,24.5,0.0,https://indomet.gob.do/wp-content/uploads/2025/05/temperaturas-extremas-y-precipitaciones-2025x05x11-a.pdf
2025-05-11,057,LAS CANAS (EMA),MONTE CRISTI,PROGRAMA MUNDIAL DE ALIMENTO,EMAP,30.7,23.4,0.0,https://indomet.gob.do/wp-content/uploads/2025/05/temperaturas-extremas-y-precipitaciones-2025x05x11-a.pdf
2025-05-11,058,LAS MATAS DE SANTA CRUZ (EMA,MONTE CRISTI,PROGRAMA MUNDIAL DE ALIMENTO,EMAP,,,0.0,https://indomet.gob.do/wp-content/uploads/2025/05/temperaturas-extremas-y-precipitaciones-2025x05x11-a.pdf
2025-05-11,059,MAO,VALVERDE,INDRHI / MINISTERIO DE AGRICULTURA,EMCV,,,0.0,https://indomet.gob.do/wp-content/uploads/2025/05/temperaturas-extremas-y-precipitaciones-2025x05x11-a.pdf
2025-05-11,060,MONCIÓN (EMA),SANTIAGO RODRÍGUEZ,PROGRAMA MUNDIAL DE ALIMENTO,EMAP,32.8,22.1,0.0,https://indomet.gob.do/wp-content/uploads/2025/05/temperaturas-extremas-y-precipitaciones-2025x05x11-a.pdf
2025-05-11,061,MONTE CRISTI,MONTE CRISTI,ONAMET,EMCO,34.7,24.0,0.0,https://indomet.gob.do/wp-content/uploads/2025/05/temperaturas-extremas-y-precipitaciones-2025x05x11-a.pdf
2025-05-11,062,NAVARRETE,SANTIAGO,MINISTERIO DE AGRICULTURA,EMCV,,,0.0,https://indomet.gob.do/wp-content/uploads/2025/05/temperaturas-extremas-y-precipitaciones-2025x05x11-a.pdf
2025-05-11,063,OLIVARES,PEDERNALES,INDRHI,EMCO,,,0.0,https://indomet.gob.do/wp-content/uploads/2025/05/temperaturas-extremas-y-precipitaciones-2025x05x11-a.pdf
2025-05-11,064,OVIEDO,PEDERNALES,CLÍNICA RURAL OVIEDO,EMCO,32.3,26.5,0.0,https://indomet.gob.do/wp-content/uploads/2025/05/temperaturas-extremas-y-precipitaciones-2025x05x11-a.pdf
2025-05-11,065,PALO ÍNDIO,PUERTO PLATA,MINISTERIO DE AGRICULTURA,EMCO,,,0.0,https://indomet.gob.do/wp-content/uploads/2025/05/temperaturas-extremas-y-precipitaciones-2025x05x11-a.pdf
2025-05-11,066,PEDERNALES,PEDERNALES,INDRHI,EMCO,,,0.0,https://indomet.gob.do/wp-content/uploads/2025/05/temperaturas-extremas-y-precipitaciones-2025x05x11-a.pdf
2025-05-11,067,PERALTA,AZUA,HOSP. MPAL. DE PERALTA,EMCO,32.2,19.7,0.0,https://indomet.gob.do/wp-content/uploads/2025/05/temperaturas-extremas-y-precipitaciones-2025x05x11-a.pdf
2025-05-11,068,PESCADERIA (EMA),BARAHONA,MINISTERIO DE AGRICULTURA,EMAP,33.4,27.2,0.0,https://indomet.gob.do/wp-content/uploads/2025/05/temperaturas-extremas-y-precipitaciones-2025x05x11-a.pdf
2025-05-11,069,PONTÓN ABAJO (EMA),LA VEGA,MINISTERIO DE AGRICULTURA,EMAP,32.5,24.6,0.0,https://indomet.gob.do/wp-content/uploads/2025/05/temperaturas-extremas-y-precipitaciones-2025x05x11-a.pdf
2025-05-11,070,PRESA DE TAVERAS (EMA),LA VEGA,PROGRAMA MUNDIAL DE ALIMENTO,EMAP,30.9,22.7,0.0,https://indomet.gob.do/wp-content/uploads/2025/05/temperaturas-extremas-y-precipitaciones-2025x05x11-a.pdf
2025-05-11,071,SABANETA (EMA),SANTIAGO RODRÍGUEZ,PROGRAMA MUNDIAL DE ALIMENTO,EMAP,36.2,23.1,0.0,https://indomet.gob.do/wp-content/uploads/2025/05/temperaturas-extremas-y-precipitaciones-2025x05x11-a.pdf
2025-05-11,072,SALCEDO,HERMANAS MIRABAL,PROPIEDAD DEL EMPLEADO,EMCO,,,0.0,https://indomet.gob.do/wp-content/uploads/2025/05/temperaturas-extremas-y-precipitaciones-2025x05x11-a.pdf
2025-05-11,073,SAN CRISTÓBAL,SAN CRISTÓBAL,INSTITUTO POLITÉCNICO LOYOLA,EMCO,31.0,22.2,0.0,https://indomet.gob.do/wp-content/uploads/2025/05/temperaturas-extremas-y-precipitaciones-2025x05x11-a.pdf
2025-05-11,074,SÁNCHEZ,SAMANÁ,MINISTERIO DE AGRICULTURA,EMCO,32.5,20.3,0.0,https://indomet.gob.do/wp-content/uploads/2025/05/temperaturas-extremas-y-precipitaciones-2025x05x11-a.pdf
2025-05-11,075,SANTIAGO RODRÍGUEZ,SANTIAGO RODRÍGUEZ,ONAMET,EMCO,35.8,23.6,0.0,https://indomet.gob.do/wp-content/uploads/2025/05/temperaturas-extremas-y-precipitaciones-2025x05x11-a.pdf
2025-05-11,076,SANTO DOMINGO ESTE,SANTO DOMINGO,ONAMET,EMCO,33.0,26.0,0.0,https://indomet.gob.do/wp-content/uploads/2025/05/temperaturas-extremas-y-precipitaciones-2025x05x11-a.pdf
2025-05-11,077,TÁBARA ABAJO,AZUA,INDRHI,EMCO,34.9,20.5,0.0,https://indomet.gob.do/wp-content/uploads/2025/05/temperaturas-extremas-y-precipitaciones-2025x05x11-a.pdf
2025-05-11,078,VILLA ALTAGRACIA,SAN CRISTÓBAL,ESCUELA JAVIER ANGULO GURIDI,EMCO,,,0.0,https://indomet.gob.do/wp-content/uploads/2025/05/temperaturas-extremas-y-precipitaciones-2025x05x11-a.pdf
2025-05-11,079,VILLA GONZALES,SANTIAGO,MINISTERIO DE AGRICULTURA,EMCO,,,0.0,https://indomet.gob.do/wp-content/uploads/2025/05/temperaturas-extremas-y-precipitaciones-2025x05x11-a.pdf
2025-05-11,080,VILLA ISABELA,PUERTO PLATA,MINISTERIO DE AGRICULTURA,EMCV,,,0.0,https://indomet.gob.do/wp-content/uploads/2025/05/temperaturas-extremas-y-precipitaciones-2025x05x11-a.pdf
2025-05-12,001,RÍO SAN JUAN,MARÍA TRINIDAD SÁNCHEZ,HOSP. MPAL. DR. DESIDERIO ACOSTA,EMCV,33.2,24.0,16.5,https://indomet.gob.do/wp-content/uploads/2025/05/temperaturas-extremas-y-precipitaciones-2025x05x12-a.pdf
2025-05-12,002,HONDO VALLE,ELÍAS PIÑA,MINISTERIO DE AGRICULTURA,EMCO,26.2,16.7,14.8,https://indomet.gob.do/wp-content/uploads/2025/05/temperaturas-extremas-y-precipitaciones-2025x05x12-a.pdf
2025-05-12,003,CABRERA,MARÍA TRINIDAD SÁNCHEZ,ESCUELA ARÍSTIDES FIALLO CABRAL,EMCO,32.2,26.0,11.3,https://indomet.gob.do/wp-content/uploads/2025/05/temperaturas-extremas-y-precipitaciones-2025x05x12-a.pdf
2025-05-12,004,POLO,BARAHONA,INDOCAFE,EMCO,28.5,18.8,10.9,https://indomet.gob.do/wp-content/uploads/2025/05/temperaturas-extremas-y-precipitaciones-2025x05x12-a.pdf
2025-05-12,005,BONAO,MONSEÑOR NOUEL,MINISTERIO DE AGRICULTURA,EMCV,,,8.4,https://indomet.gob.do/wp-content/uploads/2025/05/temperaturas-extremas-y-precipitaciones-2025x05x12-a.pdf
2025-05-12,006,VILLA ALTAGRACIA,SAN CRISTÓBAL,ESCUELA JAVIER ANGULO GURIDI,EMCO,,,6.8,https://indomet.gob.do/wp-content/uploads/2025/05/temperaturas-extremas-y-precipitaciones-2025x05x12-a.pdf
2025-05-12,007,ARPT. LA ISABELA,SANTO DOMINGO,ONAMET,EMCO,33.2,20.5,6.6,https://indomet.gob.do/wp-content/uploads/2025/05/temperaturas-extremas-y-precipitaciones-2025x05x12-a.pdf
2025-05-12,008,ELÍAS PIÑA,ELÍAS PIÑA,MINISTERIO DE AGRICULTURA,EMCV,,,6.0,https://indomet.gob.do/wp-content/uploads/2025/05/temperaturas-extremas-y-precipitaciones-2025x05x12-a.pdf
2025-05-12,009,JUMA BEJUCAL,MONSEÑOR NOUEL,IDIAF,EMCV,32.6,20.6,5.9,https://indomet.gob.do/wp-content/uploads/2025/05/temperaturas-extremas-y-precipitaciones-2025x05x12-a.pdf
2025-05-12,010,SALCEDO,HERMANAS MIRABAL,PROPIEDAD DEL EMPLEADO,EMCO,,,5.0,https://indomet.gob.do/wp-content/uploads/2025/05/temperaturas-extremas-y-precipitaciones-2025x05x12-a.pdf
2025-05-12,011,EL FACTOR (EMA),MARÍA TRINIDAD SÁNCHEZ,INTEC,EMAP,16.7,6.3,4.8,https://indomet.gob.do/wp-content/uploads/2025/05/temperaturas-extremas-y-precipitaciones-2025x05x12-a.pdf
2025-05-12,012,ARPT. ARROYO BARRIL,SAMANÁ,ONAMET,EMCO,31.8,22.8,4.7,https://indomet.gob.do/wp-content/uploads/2025/05/temperaturas-extremas-y-precipitaciones-2025x05x12-a.pdf
2025-05-12,013,LA VICTORIA,SANTO DOMINGO,CUERPO DE BOMBEROS,EMCO,34.0,23.0,3.9,https://indomet.gob.do/wp-content/uploads/2025/05/temperaturas-extremas-y-precipitaciones-2025x05x12-a.pdf
2025-05-12,014,VILLA RIVA,DUARTE,HOSP. MPAL. ALICIA DE LEGENDRE,EMCO,33.0,22.0,3.1,https://indomet.gob.do/wp-content/uploads/2025/05/temperaturas-extremas-y-precipitaciones-2025x05x12-a.pdf
2025-05-12,015,MOCA,ESPAILLAT,MINISTERIO DE AGRICULTURA,EMCV,,,3.0,https://indomet.gob.do/wp-content/uploads/2025/05/temperaturas-extremas-y-precipitaciones-2025x05x12-a.pdf
2025-05-12,016,SAN RAFAEL DEL YUMA,LA ALTAGRACIA,MINISTERIO DE AGRICULTURA,EMCO,33.7,21.8,2.7,https://indomet.gob.do/wp-content/uploads/2025/05/temperaturas-extremas-y-precipitaciones-2025x05x12-a.pdf
2025-05-12,017,ARROYO LORO,SAN JUAN,IDIAF,EMCO,32.5,21.0,2.0,https://indomet.gob.do/wp-content/uploads/2025/05/temperaturas-extremas-y-precipitaciones-2025x05x12-a.pdf
2025-05-12,018,SAMANÁ,SAMANÁ,COMANDANCIA DE PUERTO DE SAMANÁ,EMCO,32.0,23.0,1.8,https://indomet.gob.do/wp-content/uploads/2025/05/temperaturas-extremas-y-precipitaciones-2025x05x12-a.pdf
2025-05-12,019,SAN FRANCISCO DE MACORÍS,DUARTE,San Francisco de Macorís (UASD),EMCO,33.4,23.5,1.4,https://indomet.gob.do/wp-content/uploads/2025/05/temperaturas-extremas-y-precipitaciones-2025x05x12-a.pdf
2025-05-12,020,ARPT. DEL CIBAO,SANTIAGO,ONAMET,EMCO,33.0,22.4,1.3,https://indomet.gob.do/wp-content/uploads/2025/05/temperaturas-extremas-y-precipitaciones-2025x05x12-a.pdf
2025-05-12,021,ARPT. DE LA ROMANA,LA ROMANA,ONAMET,EMCO,32.2,23.2,1.0,https://indomet.gob.do/wp-content/uploads/2025/05/temperaturas-extremas-y-precipitaciones-2025x05x12-a.pdf
2025-05-12,022,SAN JOSÉ DE OCOA,SAN JOSÉ DE OCOA,HOSP. SAN JOSÉ DE OCOA,EMCO,31.8,,1.0,https://indomet.gob.do/wp-content/uploads/2025/05/temperaturas-extremas-y-precipitaciones-2025x05x12-a.pdf
2025-05-12,023,TAMBORIL,SANTIAGO,MINISTERIO DE AGRICULTURA,EMCV,,,0.8,https://indomet.gob.do/wp-content/uploads/2025/05/temperaturas-extremas-y-precipitaciones-2025x05x12-a.pdf
2025-05-12,024,CABRAL,BARAHONA,MINISTERIO DE AGRICULTURA,EMCV,34.0,24.0,0.7,https://indomet.gob.do/wp-content/uploads/2025/05/temperaturas-extremas-y-precipitaciones-2025x05x12-a.pdf
2025-05-12,025,RANCHO ARRIBA,SAN JOSÉ DE OCOA,CENTRO TECNOLÓGICO COMUNITARIO,EMCO,31.1,18.5,0.7,https://indomet.gob.do/wp-content/uploads/2025/05/temperaturas-extremas-y-precipitaciones-2025x05x12-a.pdf
2025-05-12,026,LA VEGA,LA VEGA,IATESA,EMCO,32.5,22.0,0.6,https://indomet.gob.do/wp-content/uploads/2025/05/temperaturas-extremas-y-precipitaciones-2025x05x12-a.pdf
2025-05-12,027,SABANA DE LA MAR,HATO MAYOR,ONAMET,EMCO,30.5,22.5,0.6,https://indomet.gob.do/wp-content/uploads/2025/05/temperaturas-extremas-y-precipitaciones-2025x05x12-a.pdf
2025-05-12,028,ALTO BANDERA (EMA),LA VEGA,INTEC,EMAP,,,0.5,https://indomet.gob.do/wp-content/uploads/2025/05/temperaturas-extremas-y-precipitaciones-2025x05x12-a.pdf
2025-05-12,029,ESCONDIDO,PERAVIA,MINISTERIO DE AGRICULTURA,EMCV,32.0,26.0,0.3,https://indomet.gob.do/wp-content/uploads/2025/05/temperaturas-extremas-y-precipitaciones-2025x05x12-a.pdf
2025-05-12,030,PEDERNALES,PEDERNALES,INDRHI,EMCO,,,0.3,https://indomet.gob.do/wp-content/uploads/2025/05/temperaturas-extremas-y-precipitaciones-2025x05x12-a.pdf
2025-05-12,031,HATO MAYOR,HATO MAYOR,MINISTERIO DE AGRICULTURA,EMCV,,,0.3,https://indomet.gob.do/wp-content/uploads/2025/05/temperaturas-extremas-y-precipitaciones-2025x05x12-a.pdf
2025-05-12,032,ARPT. DE PUNTA CANA,LA ALTAGRACIA,ONAMET,EMCO,31.7,26.0,0.1,https://indomet.gob.do/wp-content/uploads/2025/05/temperaturas-extremas-y-precipitaciones-2025x05x12-a.pdf
2025-05-12,033,JARABACOA,LA VEGA,INDRHI / MARENA,EMCO,30.6,17.4,0.1,https://indomet.gob.do/wp-content/uploads/2025/05/temperaturas-extremas-y-precipitaciones-2025x05x12-a.pdf
2025-05-12,034,OVIEDO,PEDERNALES,CLÍNICA RURAL OVIEDO,EMCO,32.8,26.4,0.1,https://indomet.gob.do/wp-content/uploads/2025/05/temperaturas-extremas-y-precipitaciones-2025x05x12-a.pdf
2025-05-12,035,ALTAMIRA,PUERTO PLATA,HOSP. MPAL. DE ALTAMIRA,EMCO,34.5,20.2,0.0,https://indomet.gob.do/wp-content/uploads/2025/05/temperaturas-extremas-y-precipitaciones-2025x05x12-a.pdf
2025-05-12,036,ANAMUYA (EMA),LA ALTAGRACIA,MINISTERIO DE AGRICULTURA,EMAP,31.7,23.7,0.0,https://indomet.gob.do/wp-content/uploads/2025/05/temperaturas-extremas-y-precipitaciones-2025x05x12-a.pdf
2025-05-12,037,ARPT. DE LAS AMÉRICAS,SANTO DOMINGO,ONAMET,EMCO,32.0,23.6,0.0,https://indomet.gob.do/wp-content/uploads/2025/05/temperaturas-extremas-y-precipitaciones-2025x05x12-a.pdf
2025-05-12,038,ARPT. EL CATEY,SAMANÁ,ONAMET,EMCO,30.4,21.0,0.0,https://indomet.gob.do/wp-content/uploads/2025/05/temperaturas-extremas-y-precipitaciones-2025x05x12-a.pdf
2025-05-12,039,ARPT. GREGORIO LUPERÓN,PUERTO PLATA,ONAMET,EMCO,31.7,23.4,0.0,https://indomet.gob.do/wp-content/uploads/2025/05/temperaturas-extremas-y-precipitaciones-2025x05x12-a.pdf
2025-05-12,040,ARPT. MARÍA MONTEZ,BARAHONA,ONAMET,EMCO,32.4,27.5,0.0,https://indomet.gob.do/wp-content/uploads/2025/05/temperaturas-extremas-y-precipitaciones-2025x05x12-a.pdf
2025-05-12,041,BASE AÉREA DE SAN ISIDRO,SANTO DOMINGO,FUERZA AÉREA DOMINICANA,EMCV,33.0,23.4,0.0,https://indomet.gob.do/wp-content/uploads/2025/05/temperaturas-extremas-y-precipitaciones-2025x05x12-a.pdf
2025-05-12,042,BAYAGUANA,MONTE PLATA,ONAMET,EMCO,32.9,23.2,0.0,https://indomet.gob.do/wp-content/uploads/2025/05/temperaturas-extremas-y-precipitaciones-2025x05x12-a.pdf
2025-05-12,043,BOCA DE MAO (EMA),VALVERDE,MINISTERIO DE AGRICULTURA,EMAP,35.1,23.1,0.0,https://indomet.gob.do/wp-content/uploads/2025/05/temperaturas-extremas-y-precipitaciones-2025x05x12-a.pdf
2025-05-12,044,CENTRO DE LOS HEROES (EMA),DISTRITO NACIONAL,MINISTERIO DE ENERGIA Y MINA,EMAP,31.8,26.1,0.0,https://indomet.gob.do/wp-content/uploads/2025/05/temperaturas-extremas-y-precipitaciones-2025x05x12-a.pdf
2025-05-12,045,CONSTANZA,LA VEGA,MINISTERIO DE AGRICULTURA,EMCO,26.2,13.5,0.0,https://indomet.gob.do/wp-content/uploads/2025/05/temperaturas-extremas-y-precipitaciones-2025x05x12-a.pdf
2025-05-12,046,DAJABÓN,DAJABÓN,INSTITUTO POLITÉCNICO LOYOLA,EMCO,34.4,20.0,0.0,https://indomet.gob.do/wp-content/uploads/2025/05/temperaturas-extremas-y-precipitaciones-2025x05x12-a.pdf
2025-05-12,047,ENRIQUILLO,BARAHONA,MINISTERIO DE AGRICULTURA,EMCV,32.0,26.0,0.0,https://indomet.gob.do/wp-content/uploads/2025/05/temperaturas-extremas-y-precipitaciones-2025x05x12-a.pdf
2025-05-12,048,GASPAR HERNÁNDEZ,ESPAILLAT,PROPIEDAD DEL EMPLEADO,EMCO,,,0.0,https://indomet.gob.do/wp-content/uploads/2025/05/temperaturas-extremas-y-precipitaciones-2025x05x12-a.pdf
2025-05-12,049,GURABO,SANTIAGO,MINISTERIO DE AGRICULTURA,EMCV,,,0.0,https://indomet.gob.do/wp-content/uploads/2025/05/temperaturas-extremas-y-precipitaciones-2025x05x12-a.pdf
2025-05-12,050,JARABACOA (EMA),LA VEGA,PROGRAMA MUNDIAL DE ALIMENTO,EMAP,30.4,18.0,0.0,https://indomet.gob.do/wp-content/uploads/2025/05/temperaturas-extremas-y-precipitaciones-2025x05x12-a.pdf
2025-05-12,051,JIMANÍ,INDEPENDENCIA,MINISTERIO DE AGRICULTURA,EMCO,34.2,25.4,0.0,https://indomet.gob.do/wp-content/uploads/2025/05/temperaturas-extremas-y-precipitaciones-2025x05x12-a.pdf
2025-05-12,052,LAS CANAS (EMA),MONTE CRISTI,PROGRAMA MUNDIAL DE ALIMENTO,EMAP,29.4,23.2,0.0,https://indomet.gob.do/wp-content/uploads/2025/05/temperaturas-extremas-y-precipitaciones-2025x05x12-a.pdf
2025-05-12,053,LAS MATAS DE FARFÁN,SAN JUAN,MINISTERIO DE AGRICULTURA,EMCV,,,0.0,https://indomet.gob.do/wp-content/uploads/2025/05/temperaturas-extremas-y-precipitaciones-2025x05x12-a.pdf
2025-05-12,054,LAS MATAS DE SANTA CRUZ (EMA),MONTE CRISTI,PROGRAMA MUNDIAL DE ALIMENTO,EMAP,,,0.0,https://indomet.gob.do/wp-content/uploads/2025/05/temperaturas-extremas-y-precipitaciones-2025x05x12-a.pdf
2025-05-12,055,LOS LLANOS,SAN PEDRO DE MACORÍS,MINISTERIO DE AGRICULTURA,EMCO,33.7,23.0,0.0,https://indomet.gob.do/wp-content/uploads/2025/05/temperaturas-extremas-y-precipitaciones-2025x05x12-a.pdf
2025-05-12,056,MAO,VALVERDE,INDRHI / MINISTERIO DE AGRICULTURA,EMCV,,,0.0,https://indomet.gob.do/wp-content/uploads/2025/05/temperaturas-extremas-y-precipitaciones-2025x05x12-a.pdf
2025-05-12,057,MONCIÓN (EMA),SANTIAGO RODRÍGUEZ,PROGRAMA MUNDIAL DE ALIMENTO,EMAP,32.1,19.7,0.0,https://indomet.gob.do/wp-content/uploads/2025/05/temperaturas-extremas-y-precipitaciones-2025x05x12-a.pdf
2025-05-12,058,MONTE CRISTI,MONTE CRISTI,ONAMET,EMCO,34.5,24.2,0.0,https://indomet.gob.do/wp-content/uploads/2025/05/temperaturas-extremas-y-precipitaciones-2025x05x12-a.pdf
2025-05-12,059,NAVARRETE,SANTIAGO,MINISTERIO DE AGRICULTURA,EMCV,,,0.0,https://indomet.gob.do/wp-content/uploads/2025/05/temperaturas-extremas-y-precipitaciones-2025x05x12-a.pdf
2025-05-12,060,OLIVARES,PEDERNALES,INDRHI,EMCO,,,0.0,https://indomet.gob.do/wp-content/uploads/2025/05/temperaturas-extremas-y-precipitaciones-2025x05x12-a.pdf
2025-05-12,061,PADRE LAS CASAS,AZUA,HOSP. NTRA. SRA. DEL CARMEN,EMCO,31.5,20.0,0.0,https://indomet.gob.do/wp-content/uploads/2025/05/temperaturas-extremas-y-precipitaciones-2025x05x12-a.pdf
2025-05-12,062,PALO ÍNDIO,PUERTO PLATA,MINISTERIO DE AGRICULTURA,EMCO,,,0.0,https://indomet.gob.do/wp-content/uploads/2025/05/temperaturas-extremas-y-precipitaciones-2025x05x12-a.pdf
2025-05-12,063,PERALTA,AZUA,HOSP. MPAL. DE PERALTA,EMCO,32.0,18.1,0.0,https://indomet.gob.do/wp-content/uploads/2025/05/temperaturas-extremas-y-precipitaciones-2025x05x12-a.pdf
2025-05-12,064,PESCADERIA (EMA),BARAHONA,MINISTERIO DE AGRICULTURA,EMAP,33.1,25.6,0.0,https://indomet.gob.do/wp-content/uploads/2025/05/temperaturas-extremas-y-precipitaciones-2025x05x12-a.pdf
2025-05-12,065,PONTÓN ABAJO (EMA),LA VEGA,MINISTERIO DE AGRICULTURA,EMAP,34.6,23.3,0.0,https://indomet.gob.do/wp-content/uploads/2025/05/temperaturas-extremas-y-precipitaciones-2025x05x12-a.pdf
2025-05-12,066,PRESA DE TAVERAS (EMA),LA VEGA,PROGRAMA MUNDIAL DE ALIMENTO,EMAP,28.4,21.2,0.0,https://indomet.gob.do/wp-content/uploads/2025/05/temperaturas-extremas-y-precipitaciones-2025x05x12-a.pdf
2025-05-12,067,SABANA GRANDE DE BOYÁ,MONTE PLATA,MINISTERIO DE AGRICULTURA,EMCV,,,0.0,https://indomet.gob.do/wp-content/uploads/2025/05/temperaturas-extremas-y-precipitaciones-2025x05x12-a.pdf
2025-05-12,068,SABANETA (EMA),SANTIAGO RODRÍGUEZ,PROGRAMA MUNDIAL DE ALIMENTO,EMAP,36.0,21.9,0.0,https://indomet.gob.do/wp-content/uploads/2025/05/temperaturas-extremas-y-precipitaciones-2025x05x12-a.pdf
2025-05-12,069,SAN CRISTÓBAL,SAN CRISTÓBAL,INSTITUTO POLITÉCNICO LOYOLA,EMCO,31.2,24.0,0.0,https://indomet.gob.do/wp-content/uploads/2025/05/temperaturas-extremas-y-precipitaciones-2025x05x12-a.pdf
2025-05-12,070,SÁNCHEZ,SAMANÁ,MINISTERIO DE AGRICULTURA,EMCO,32.8,23.5,0.0,https://indomet.gob.do/wp-content/uploads/2025/05/temperaturas-extremas-y-precipitaciones-2025x05x12-a.pdf
2025-05-12,071,SANTIAGO RODRÍGUEZ,SANTIAGO RODRÍGUEZ,ONAMET,EMCO,36.0,22.5,0.0,https://indomet.gob.do/wp-content/uploads/2025/05/temperaturas-extremas-y-precipitaciones-2025x05x12-a.pdf
2025-05-12,072,SANTO DOMINGO ESTE,SANTO DOMINGO,ONAMET,EMCO,32.9,25.5,0.0,https://indomet.gob.do/wp-content/uploads/2025/05/temperaturas-extremas-y-precipitaciones-2025x05x12-a.pdf
2025-05-12,073,TÁBARA ABAJO,AZUA,INDRHI,EMCO,34.5,20.0,0.0,https://indomet.gob.do/wp-content/uploads/2025/05/temperaturas-extremas-y-precipitaciones-2025x05x12-a.pdf
2025-05-12,074,VILLA GONZALES,SANTIAGO,MINISTERIO DE AGRICULTURA,EMCO,,,0.0,https://indomet.gob.do/wp-content/uploads/2025/05/temperaturas-extremas-y-precipitaciones-2025x05x12-a.pdf
2025-05-12,075,VILLA ISABELA,PUERTO PLATA,MINISTERIO DE AGRICULTURA,EMCV,,,0.0,https://indomet.gob.do/wp-content/uploads/2025/05/temperaturas-extremas-y-precipitaciones-2025x05x12-a.pdf
2025-05-13,001,CONSTANZA (EMA),LA VEGA,PROGRAMA MUNDIAL DE ALIMENTO,EMAP,25.2,16.2,8.6,https://indomet.gob.do/wp-content/uploads/2025/05/temperaturas-extremas-y-precipitaciones-2025x05x13-a.pdf
2025-05-13,002,ARPT. DE PUNTA CANA,LA ALTAGRACIA,ONAMET,EMCO,31.4,23.6,6.9,https://indomet.gob.do/wp-content/uploads/2025/05/temperaturas-extremas-y-precipitaciones-2025x05x13-a.pdf
2025-05-13,003,ANAMUYA (EMA),LA ALTAGRACIA,MINISTERIO DE AGRICULTURA,EMAP,31.4,23.2,6.4,https://indomet.gob.do/wp-content/uploads/2025/05/temperaturas-extremas-y-precipitaciones-2025x05x13-a.pdf
2025-05-13,004,RÍO SAN JUAN,MARÍA TRINIDAD SÁNCHEZ,HOSP. MPAL. DR. DESIDERIO ACOSTA,EMCV,32.3,23.5,4.6,https://indomet.gob.do/wp-content/uploads/2025/05/temperaturas-extremas-y-precipitaciones-2025x05x13-a.pdf
2025-05-13,005,GURABO,SANTIAGO,MINISTERIO DE AGRICULTURA,EMCV,,,2.5,https://indomet.gob.do/wp-content/uploads/2025/05/temperaturas-extremas-y-precipitaciones-2025x05x13-a.pdf
2025-05-13,006,SAN FRANCISCO DE MACORÍS,DUARTE,San Francisco de Macorís (UASD),EMCO,32.8,22.9,1.6,https://indomet.gob.do/wp-content/uploads/2025/05/temperaturas-extremas-y-precipitaciones-2025x05x13-a.pdf
2025-05-13,007,SAN RAFAEL DEL YUMA,LA ALTAGRACIA,MINISTERIO DE AGRICULTURA,EMCO,33.1,22.3,1.4,https://indomet.gob.do/wp-content/uploads/2025/05/temperaturas-extremas-y-precipitaciones-2025x05x13-a.pdf
2025-05-13,008,ARPT. DEL CIBAO,SANTIAGO,ONAMET,EMCO,32.8,22.0,1.2,https://indomet.gob.do/wp-content/uploads/2025/05/temperaturas-extremas-y-precipitaciones-2025x05x13-a.pdf
2025-05-13,009,SAMANÁ,SAMANÁ,COMANDANCIA DE PUERTO DE SAMANÁ,EMCO,31.0,22.5,1.0,https://indomet.gob.do/wp-content/uploads/2025/05/temperaturas-extremas-y-precipitaciones-2025x05x13-a.pdf
2025-05-13,010,POLO,BARAHONA,INDOCAFE,EMCO,28.0,18.3,0.9,https://indomet.gob.do/wp-content/uploads/2025/05/temperaturas-extremas-y-precipitaciones-2025x05x13-a.pdf
2025-05-13,011,EL FACTOR (EMA),MARÍA TRINIDAD SÁNCHEZ,INTEC,EMAP,30.8,22.9,0.5,https://indomet.gob.do/wp-content/uploads/2025/05/temperaturas-extremas-y-precipitaciones-2025x05x13-a.pdf
2025-05-13,012,SÁNCHEZ,SAMANÁ,MINISTERIO DE AGRICULTURA,EMCO,31.1,23.5,0.2,https://indomet.gob.do/wp-content/uploads/2025/05/temperaturas-extremas-y-precipitaciones-2025x05x13-a.pdf
2025-05-13,013,ARPT. EL CATEY,SAMANÁ,ONAMET,EMCO,29.0,23.0,0.1,https://indomet.gob.do/wp-content/uploads/2025/05/temperaturas-extremas-y-precipitaciones-2025x05x13-a.pdf
2025-05-13,014,CABRAL,BARAHONA,MINISTERIO DE AGRICULTURA,EMCV,33.9,24.7,0.1,https://indomet.gob.do/wp-content/uploads/2025/05/temperaturas-extremas-y-precipitaciones-2025x05x13-a.pdf
2025-05-13,015,HONDO VALLE,ELÍAS PIÑA,MINISTERIO DE AGRICULTURA,EMCO,26.7,17.2,0.1,https://indomet.gob.do/wp-content/uploads/2025/05/temperaturas-extremas-y-precipitaciones-2025x05x13-a.pdf
2025-05-13,016,ALTAMIRA,PUERTO PLATA,HOSP. MPAL. DE ALTAMIRA,EMCO,33.1,20.4,0.0,https://indomet.gob.do/wp-content/uploads/2025/05/temperaturas-extremas-y-precipitaciones-2025x05x13-a.pdf
2025-05-13,017,ALTO BANDERA (EMA),LA VEGA,INTEC,EMAP,18.4,8.3,0.0,https://indomet.gob.do/wp-content/uploads/2025/05/temperaturas-extremas-y-precipitaciones-2025x05x13-a.pdf
2025-05-13,018,ARPT. ARROYO BARRIL,SAMANÁ,ONAMET,EMCO,30.5,23.5,0.0,https://indomet.gob.do/wp-content/uploads/2025/05/temperaturas-extremas-y-precipitaciones-2025x05x13-a.pdf
2025-05-13,019,ARPT. DE LA ROMANA,LA ROMANA,ONAMET,EMCO,31.8,22.5,0.0,https://indomet.gob.do/wp-content/uploads/2025/05/temperaturas-extremas-y-precipitaciones-2025x05x13-a.pdf
2025-05-13,020,ARPT. DE LAS AMÉRICAS,SANTO DOMINGO,ONAMET,EMCO,33.0,23.0,0.0,https://indomet.gob.do/wp-content/uploads/2025/05/temperaturas-extremas-y-precipitaciones-2025x05x13-a.pdf
2025-05-13,021,ARPT. GREGORIO LUPERÓN,PUERTO PLATA,ONAMET,EMCO,26.0,22.0,0.0,https://indomet.gob.do/wp-content/uploads/2025/05/temperaturas-extremas-y-precipitaciones-2025x05x13-a.pdf
2025-05-13,022,ARPT. LA ISABELA,SANTO DOMINGO,ONAMET,EMCO,32.5,21.0,0.0,https://indomet.gob.do/wp-content/uploads/2025/05/temperaturas-extremas-y-precipitaciones-2025x05x13-a.pdf
2025-05-13,023,ARPT. MARÍA MONTEZ,BARAHONA,ONAMET,EMCO,32.2,26.3,0.0,https://indomet.gob.do/wp-content/uploads/2025/05/temperaturas-extremas-y-precipitaciones-2025x05x13-a.pdf
2025-05-13,024,ARROYO LORO,SAN JUAN,IDIAF,EMCO,32.5,21.0,0.0,https://indomet.gob.do/wp-content/uploads/2025/05/temperaturas-extremas-y-precipitaciones-2025x05x13-a.pdf
2025-05-13,025,BANI (EMA),PERAVIA,MINISTERIO DE AGRICULTURA,EMAP,32.0,25.2,0.0,https://indomet.gob.do/wp-content/uploads/2025/05/temperaturas-extremas-y-precipitaciones-2025x05x13-a.pdf
2025-05-13,026,BAYAGUANA,MONTE PLATA,ONAMET,EMCO,32.8,21.5,0.0,https://indomet.gob.do/wp-content/uploads/2025/05/temperaturas-extremas-y-precipitaciones-2025x05x13-a.pdf
2025-05-13,027,BOCA DE MAO (EMA),VALVERDE,MINISTERIO DE AGRICULTURA,EMAP,33.7,22.5,0.0,https://indomet.gob.do/wp-content/uploads/2025/05/temperaturas-extremas-y-precipitaciones-2025x05x13-a.pdf
2025-05-13,028,BOHECHÍO,SAN JUAN,MINISTERIO DE AGRICULTURA,EMCV,,,0.0,https://indomet.gob.do/wp-content/uploads/2025/05/temperaturas-extremas-y-precipitaciones-2025x05x13-a.pdf
2025-05-13,029,BONAO,MONSEÑOR NOUEL,MINISTERIO DE AGRICULTURA,EMCV,,,0.0,https://indomet.gob.do/wp-content/uploads/2025/05/temperaturas-extremas-y-precipitaciones-2025x05x13-a.pdf
2025-05-13,030,CABRERA,MARÍA TRINIDAD SÁNCHEZ,ESCUELA ARÍSTIDES FIALLO CABRAL,EMCO,32.2,27.0,0.0,https://indomet.gob.do/wp-content/uploads/2025/05/temperaturas-extremas-y-precipitaciones-2025x05x13-a.pdf
2025-05-13,031,CENTRO DE LOS HEROES (EMA),DISTRITO NACIONAL,MINISTERIO DE ENERGIA Y MINA,EMAP,31.7,25.8,0.0,https://indomet.gob.do/wp-content/uploads/2025/05/temperaturas-extremas-y-precipitaciones-2025x05x13-a.pdf
2025-05-13,032,CONSTANZA,LA VEGA,MINISTERIO DE AGRICULTURA,EMCO,26.0,12.5,0.0,https://indomet.gob.do/wp-content/uploads/2025/05/temperaturas-extremas-y-precipitaciones-2025x05x13-a.pdf
2025-05-13,033,DAJABÓN,DAJABÓN,INSTITUTO POLITÉCNICO LOYOLA,EMCO,33.8,19.6,0.0,https://indomet.gob.do/wp-content/uploads/2025/05/temperaturas-extremas-y-precipitaciones-2025x05x13-a.pdf
2025-05-13,034,ELÍAS PIÑA,ELÍAS PIÑA,MINISTERIO DE AGRICULTURA,EMCV,,,0.0,https://indomet.gob.do/wp-content/uploads/2025/05/temperaturas-extremas-y-precipitaciones-2025x05x13-a.pdf
2025-05-13,035,ENRIQUILLO,BARAHONA,MINISTERIO DE AGRICULTURA,EMCV,31.5,25.5,0.0,https://indomet.gob.do/wp-content/uploads/2025/05/temperaturas-extremas-y-precipitaciones-2025x05x13-a.pdf
2025-05-13,036,GASPAR HERNÁNDEZ,ESPAILLAT,PROPIEDAD DEL EMPLEADO,EMCO,,,0.0,https://indomet.gob.do/wp-content/uploads/2025/05/temperaturas-extremas-y-precipitaciones-2025x05x13-a.pdf
2025-05-13,037,HATO MAYOR,HATO MAYOR,MINISTERIO DE AGRICULTURA,EMCV,,,0.0,https://indomet.gob.do/wp-content/uploads/2025/05/temperaturas-extremas-y-precipitaciones-2025x05x13-a.pdf
2025-05-13,038,JARABACOA,LA VEGA,INDRHI / MARENA,EMCO,30.0,16.6,0.0,https://indomet.gob.do/wp-content/uploads/2025/05/temperaturas-extremas-y-precipitaciones-2025x05x13-a.pdf
2025-05-13,039,JARABACOA (EMA),LA VEGA,PROGRAMA MUNDIAL DE ALIMENTO,EMAP,29.9,17.2,0.0,https://indomet.gob.do/wp-content/uploads/2025/05/temperaturas-extremas-y-precipitaciones-2025x05x13-a.pdf
2025-05-13,040,JARDÍN BOTÁNICO NACIONAL,DISTRITO NACIONAL,JARDÍN BOTÁNICO NACIONAL,EMCV,30.8,23.0,0.0,https://indomet.gob.do/wp-content/uploads/2025/05/temperaturas-extremas-y-precipitaciones-2025x05x13-a.pdf
2025-05-13,041,JIMANÍ,INDEPENDENCIA,MINISTERIO DE AGRICULTURA,EMCO,34.5,24.5,0.0,https://indomet.gob.do/wp-content/uploads/2025/05/temperaturas-extremas-y-precipitaciones-2025x05x13-a.pdf
2025-05-13,042,JUMA BEJUCAL,MONSEÑOR NOUEL,IDIAF,EMCV,32.2,22.0,0.0,https://indomet.gob.do/wp-content/uploads/2025/05/temperaturas-extremas-y-precipitaciones-2025x05x13-a.pdf
2025-05-13,043,LA VEGA,LA VEGA,IATESA,EMCO,31.5,22.0,0.0,https://indomet.gob.do/wp-content/uploads/2025/05/temperaturas-extremas-y-precipitaciones-2025x05x13-a.pdf
2025-05-13,044,LA VICTORIA,SANTO DOMINGO,CUERPO DE BOMBEROS,EMCO,35.0,22.8,0.0,https://indomet.gob.do/wp-content/uploads/2025/05/temperaturas-extremas-y-precipitaciones-2025x05x13-a.pdf
2025-05-13,045,LAS CANAS (EMA),MONTE CRISTI,PROGRAMA MUNDIAL DE ALIMENTO,EMAP,30.3,22.0,0.0,https://indomet.gob.do/wp-content/uploads/2025/05/temperaturas-extremas-y-precipitaciones-2025x05x13-a.pdf
2025-05-13,046,LAS MATAS DE SANTA CRUZ (EMA,MONTE CRISTI,PROGRAMA MUNDIAL DE ALIMENTO,EMAP,,,0.0,https://indomet.gob.do/wp-content/uploads/2025/05/temperaturas-extremas-y-precipitaciones-2025x05x13-a.pdf
2025-05-13,047,LOS JENGIBRES,NAGUA,INDRHI,EMCO,,,0.0,https://indomet.gob.do/wp-content/uploads/2025/05/temperaturas-extremas-y-precipitaciones-2025x05x13-a.pdf
2025-05-13,048,LOS LLANOS,SAN PEDRO DE MACORÍS,MINISTERIO DE AGRICULTURA,EMCO,33.0,22.5,0.0,https://indomet.gob.do/wp-content/uploads/2025/05/temperaturas-extremas-y-precipitaciones-2025x05x13-a.pdf
2025-05-13,049,MAO,VALVERDE,INDRHI / MINISTERIO DE AGRICULTURA,EMCV,,,0.0,https://indomet.gob.do/wp-content/uploads/2025/05/temperaturas-extremas-y-precipitaciones-2025x05x13-a.pdf
2025-05-13,050,MONCIÓN (EMA),SANTIAGO RODRÍGUEZ,PROGRAMA MUNDIAL DE ALIMENTO,EMAP,31.1,19.3,0.0,https://indomet.gob.do/wp-content/uploads/2025/05/temperaturas-extremas-y-precipitaciones-2025x05x13-a.pdf
2025-05-13,051,MONTE CRISTI,MONTE CRISTI,ONAMET,EMCO,34.6,22.7,0.0,https://indomet.gob.do/wp-content/uploads/2025/05/temperaturas-extremas-y-precipitaciones-2025x05x13-a.pdf
2025-05-13,052,NAVARRETE,SANTIAGO,MINISTERIO DE AGRICULTURA,EMCV,,,0.0,https://indomet.gob.do/wp-content/uploads/2025/05/temperaturas-extremas-y-precipitaciones-2025x05x13-a.pdf
2025-05-13,053,OLIVARES,PEDERNALES,INDRHI,EMCO,,,0.0,https://indomet.gob.do/wp-content/uploads/2025/05/temperaturas-extremas-y-precipitaciones-2025x05x13-a.pdf
2025-05-13,054,OVIEDO,PEDERNALES,CLÍNICA RURAL OVIEDO,EMCO,32.5,25.0,0.0,https://indomet.gob.do/wp-content/uploads/2025/05/temperaturas-extremas-y-precipitaciones-2025x05x13-a.pdf
2025-05-13,055,PADRE LAS CASAS,AZUA,HOSP. NTRA. SRA. DEL CARMEN,EMCO,32.6,19.4,0.0,https://indomet.gob.do/wp-content/uploads/2025/05/temperaturas-extremas-y-precipitaciones-2025x05x13-a.pdf
2025-05-13,056,PALO ÍNDIO,PUERTO PLATA,MINISTERIO DE AGRICULTURA,EMCO,,,0.0,https://indomet.gob.do/wp-content/uploads/2025/05/temperaturas-extremas-y-precipitaciones-2025x05x13-a.pdf
2025-05-13,057,PASO AL MEDIO,SAN PEDRO DE MACORÍS,INDRHI,EMCO,,,0.0,https://indomet.gob.do/wp-content/uploads/2025/05/temperaturas-extremas-y-precipitaciones-2025x05x13-a.pdf
2025-05-13,058,PEDERNALES,PEDERNALES,INDRHI,EMCO,,,0.0,https://indomet.gob.do/wp-content/uploads/2025/05/temperaturas-extremas-y-precipitaciones-2025x05x13-a.pdf
2025-05-13,059,PERALTA,AZUA,HOSP. MPAL. DE PERALTA,EMCO,30.6,16.8,0.0,https://indomet.gob.do/wp-content/uploads/2025/05/temperaturas-extremas-y-precipitaciones-2025x05x13-a.pdf
2025-05-13,060,PESCADERIA (EMA),BARAHONA,MINISTERIO DE AGRICULTURA,EMAP,32.8,24.1,0.0,https://indomet.gob.do/wp-content/uploads/2025/05/temperaturas-extremas-y-precipitaciones-2025x05x13-a.pdf
2025-05-13,061,PONTÓN ABAJO (EMA),LA VEGA,MINISTERIO DE AGRICULTURA,EMAP,33.7,22.1,0.0,https://indomet.gob.do/wp-content/uploads/2025/05/temperaturas-extremas-y-precipitaciones-2025x05x13-a.pdf
2025-05-13,062,PRESA DE TAVERAS (EMA),LA VEGA,PROGRAMA MUNDIAL DE ALIMENTO,EMAP,29.1,20.6,0.0,https://indomet.gob.do/wp-content/uploads/2025/05/temperaturas-extremas-y-precipitaciones-2025x05x13-a.pdf
2025-05-13,063,RANCHO ARRIBA,SAN JOSÉ DE OCOA,CENTRO TECNOLÓGICO COMUNITARIO,EMCO,30.0,17.7,0.0,https://indomet.gob.do/wp-content/uploads/2025/05/temperaturas-extremas-y-precipitaciones-2025x05x13-a.pdf
2025-05-13,064,RESTAURACIÓN,DAJABÓN,MINISTERIO DE AGRICULTURA,EMCO,,11.9,0.0,https://indomet.gob.do/wp-content/uploads/2025/05/temperaturas-extremas-y-precipitaciones-2025x05x13-a.pdf
2025-05-13,065,SABANA DE LA MAR,HATO MAYOR,ONAMET,EMCO,30.0,22.5,0.0,https://indomet.gob.do/wp-content/uploads/2025/05/temperaturas-extremas-y-precipitaciones-2025x05x13-a.pdf
2025-05-13,066,SABANA GRANDE DE BOYÁ,MONTE PLATA,MINISTERIO DE AGRICULTURA,EMCV,,,0.0,https://indomet.gob.do/wp-content/uploads/2025/05/temperaturas-extremas-y-precipitaciones-2025x05x13-a.pdf
2025-05-13,067,SABANETA (EMA),SANTIAGO RODRÍGUEZ,PROGRAMA MUNDIAL DE ALIMENTO,EMAP,35.1,21.5,0.0,https://indomet.gob.do/wp-content/uploads/2025/05/temperaturas-extremas-y-precipitaciones-2025x05x13-a.pdf
2025-05-13,068,SALCEDO,HERMANAS MIRABAL,PROPIEDAD DEL EMPLEADO,EMCO,,,0.0,https://indomet.gob.do/wp-content/uploads/2025/05/temperaturas-extremas-y-precipitaciones-2025x05x13-a.pdf
2025-05-13,069,SAN CRISTÓBAL,SAN CRISTÓBAL,INSTITUTO POLITÉCNICO LOYOLA,EMCO,31.2,25.2,0.0,https://indomet.gob.do/wp-content/uploads/2025/05/temperaturas-extremas-y-precipitaciones-2025x05x13-a.pdf
2025-05-13,070,SAN JOSÉ DE OCOA,SAN JOSÉ DE OCOA,HOSP. SAN JOSÉ DE OCOA,EMCO,31.2,,0.0,https://indomet.gob.do/wp-content/uploads/2025/05/temperaturas-extremas-y-precipitaciones-2025x05x13-a.pdf
2025-05-13,071,SANTIAGO RODRÍGUEZ,SANTIAGO RODRÍGUEZ,ONAMET,EMCO,35.0,22.0,0.0,https://indomet.gob.do/wp-content/uploads/2025/05/temperaturas-extremas-y-precipitaciones-2025x05x13-a.pdf
2025-05-13,072,SANTO DOMINGO ESTE,SANTO DOMINGO,ONAMET,EMCO,33.8,25.4,0.0,https://indomet.gob.do/wp-content/uploads/2025/05/temperaturas-extremas-y-precipitaciones-2025x05x13-a.pdf
2025-05-13,073,TÁBARA ABAJO,AZUA,INDRHI,EMCO,35.9,22.0,0.0,https://indomet.gob.do/wp-content/uploads/2025/05/temperaturas-extremas-y-precipitaciones-2025x05x13-a.pdf
2025-05-13,074,VILLA ALTAGRACIA,SAN CRISTÓBAL,ESCUELA JAVIER ANGULO GURIDI,EMCO,,,0.0,https://indomet.gob.do/wp-content/uploads/2025/05/temperaturas-extremas-y-precipitaciones-2025x05x13-a.pdf
2025-05-13,075,VILLA GONZALES,SANTIAGO,MINISTERIO DE AGRICULTURA,EMCO,,,0.0,https://indomet.gob.do/wp-content/uploads/2025/05/temperaturas-extremas-y-precipitaciones-2025x05x13-a.pdf
2025-05-13,076,VILLA ISABELA,PUERTO PLATA,MINISTERIO DE AGRICULTURA,EMCV,,,0.0,https://indomet.gob.do/wp-content/uploads/2025/05/temperaturas-extremas-y-precipitaciones-2025x05x13-a.pdf
2025-05-13,077,VILLA RIVA,DUARTE,HOSP. MPAL. ALICIA DE LEGENDRE,EMCO,32.0,21.8,0.0,https://indomet.gob.do/wp-content/uploads/2025/05/temperaturas-extremas-y-precipitaciones-2025x05x13-a.pdf
2025-05-14,001,SABANA GRANDE DE BOYÁ,MONTE PLATA,MINISTERIO DE AGRICULTURA,EMCV,,,166.4,https://indomet.gob.do/wp-content/uploads/2025/05/temperaturas-extremas-y-precipitaciones-2025x05x14-a.pdf
2025-05-14,002,VILLA RIVA,DUARTE,HOSP. MPAL. ALICIA DE LEGENDRE,EMCO,30.0,21.0,57.4,https://indomet.gob.do/wp-content/uploads/2025/05/temperaturas-extremas-y-precipitaciones-2025x05x14-a.pdf
2025-05-14,003,POLO,BARAHONA,INDOCAFE,EMCO,24.5,20.0,43.9,https://indomet.gob.do/wp-content/uploads/2025/05/temperaturas-extremas-y-precipitaciones-2025x05x14-a.pdf
2025-05-14,004,ENRIQUILLO,BARAHONA,MINISTERIO DE AGRICULTURA,EMCV,29.5,23.5,40.2,https://indomet.gob.do/wp-content/uploads/2025/05/temperaturas-extremas-y-precipitaciones-2025x05x14-a.pdf
2025-05-14,005,GASPAR HERNÁNDEZ,ESPAILLAT,PROPIEDAD DEL EMPLEADO,EMCO,,,38.4,https://indomet.gob.do/wp-content/uploads/2025/05/temperaturas-extremas-y-precipitaciones-2025x05x14-a.pdf
2025-05-14,006,MAO,VALVERDE,INDRHI / MINISTERIO DE AGRICULTURA,EMCV,,,38.0,https://indomet.gob.do/wp-content/uploads/2025/05/temperaturas-extremas-y-precipitaciones-2025x05x14-a.pdf
2025-05-14,007,ANAMUYA (EMA),LA ALTAGRACIA,MINISTERIO DE AGRICULTURA,EMAP,31.2,23.0,36.2,https://indomet.gob.do/wp-content/uploads/2025/05/temperaturas-extremas-y-precipitaciones-2025x05x14-a.pdf
2025-05-14,008,JUMA BEJUCAL,MONSEÑOR NOUEL,IDIAF,EMCV,31.0,21.6,27.5,https://indomet.gob.do/wp-content/uploads/2025/05/temperaturas-extremas-y-precipitaciones-2025x05x14-a.pdf
2025-05-14,009,SAN RAFAEL DEL YUMA,LA ALTAGRACIA,MINISTERIO DE AGRICULTURA,EMCO,33.9,23.0,27.5,https://indomet.gob.do/wp-content/uploads/2025/05/temperaturas-extremas-y-precipitaciones-2025x05x14-a.pdf
2025-05-14,010,BONAO,MONSEÑOR NOUEL,MINISTERIO DE AGRICULTURA,EMCV,,,22.9,https://indomet.gob.do/wp-content/uploads/2025/05/temperaturas-extremas-y-precipitaciones-2025x05x14-a.pdf
2025-05-14,011,ARPT. DE PUNTA CANA,LA ALTAGRACIA,ONAMET,EMCO,31.5,22.6,19.8,https://indomet.gob.do/wp-content/uploads/2025/05/temperaturas-extremas-y-precipitaciones-2025x05x14-a.pdf
2025-05-14,012,SÁNCHEZ,SAMANÁ,MINISTERIO DE AGRICULTURA,EMCO,32.1,23.3,16.6,https://indomet.gob.do/wp-content/uploads/2025/05/temperaturas-extremas-y-precipitaciones-2025x05x14-a.pdf
2025-05-14,013,VILLA ALTAGRACIA,SAN CRISTÓBAL,ESCUELA JAVIER ANGULO GURIDI,EMCO,,,16.3,https://indomet.gob.do/wp-content/uploads/2025/05/temperaturas-extremas-y-precipitaciones-2025x05x14-a.pdf
2025-05-14,014,JARABACOA (EMA),LA VEGA,PROGRAMA MUNDIAL DE ALIMENTO,EMAP,30.0,20.4,16.0,https://indomet.gob.do/wp-content/uploads/2025/05/temperaturas-extremas-y-precipitaciones-2025x05x14-a.pdf
2025-05-14,015,JARABACOA,LA VEGA,INDRHI / MARENA,EMCO,31.0,17.2,15.1,https://indomet.gob.do/wp-content/uploads/2025/05/temperaturas-extremas-y-precipitaciones-2025x05x14-a.pdf
2025-05-14,016,EL FACTOR (EMA),MARÍA TRINIDAD SÁNCHEZ,INTEC,EMAP,31.2,23.6,13.5,https://indomet.gob.do/wp-content/uploads/2025/05/temperaturas-extremas-y-precipitaciones-2025x05x14-a.pdf
2025-05-14,017,RÍO SAN JUAN,MARÍA TRINIDAD SÁNCHEZ,HOSP. MPAL. DR. DESIDERIO ACOSTA,EMCV,32.5,23.8,13.0,https://indomet.gob.do/wp-content/uploads/2025/05/temperaturas-extremas-y-precipitaciones-2025x05x14-a.pdf
2025-05-14,018,GURABO,SANTIAGO,MINISTERIO DE AGRICULTURA,EMCV,,,12.7,https://indomet.gob.do/wp-content/uploads/2025/05/temperaturas-extremas-y-precipitaciones-2025x05x14-a.pdf
2025-05-14,019,RESTAURACIÓN,DAJABÓN,MINISTERIO DE AGRICULTURA,EMCO,,18.2,12.2,https://indomet.gob.do/wp-content/uploads/2025/05/temperaturas-extremas-y-precipitaciones-2025x05x14-a.pdf
2025-05-14,020,LA VEGA,LA VEGA,IATESA,EMCO,32.5,23.0,11.6,https://indomet.gob.do/wp-content/uploads/2025/05/temperaturas-extremas-y-precipitaciones-2025x05x14-a.pdf
2025-05-14,021,SALCEDO,HERMANAS MIRABAL,PROPIEDAD DEL EMPLEADO,EMCO,,,10.5,https://indomet.gob.do/wp-content/uploads/2025/05/temperaturas-extremas-y-precipitaciones-2025x05x14-a.pdf
2025-05-14,022,ARPT. EL CATEY,SAMANÁ,ONAMET,EMCO,31.0,22.5,10.2,https://indomet.gob.do/wp-content/uploads/2025/05/temperaturas-extremas-y-precipitaciones-2025x05x14-a.pdf
2025-05-14,023,ESCONDIDO,PERAVIA,MINISTERIO DE AGRICULTURA,EMCV,32.0,23.0,9.6,https://indomet.gob.do/wp-content/uploads/2025/05/temperaturas-extremas-y-precipitaciones-2025x05x14-a.pdf
2025-05-14,024,ELÍAS PIÑA,ELÍAS PIÑA,MINISTERIO DE AGRICULTURA,EMCV,,,9.0,https://indomet.gob.do/wp-content/uploads/2025/05/temperaturas-extremas-y-precipitaciones-2025x05x14-a.pdf
2025-05-14,025,ARPT. LA ISABELA,SANTO DOMINGO,ONAMET,EMCO,30.0,22.0,8.4,https://indomet.gob.do/wp-content/uploads/2025/05/temperaturas-extremas-y-precipitaciones-2025x05x14-a.pdf
2025-05-14,026,ARPT. DE LA ROMANA,LA ROMANA,ONAMET,EMCO,31.5,22.5,8.2,https://indomet.gob.do/wp-content/uploads/2025/05/temperaturas-extremas-y-precipitaciones-2025x05x14-a.pdf
2025-05-14,027,ARPT. DEL CIBAO,SANTIAGO,ONAMET,EMCO,33.5,22.5,7.7,https://indomet.gob.do/wp-content/uploads/2025/05/temperaturas-extremas-y-precipitaciones-2025x05x14-a.pdf
2025-05-14,028,TAMBORIL,SANTIAGO,MINISTERIO DE AGRICULTURA,EMCV,,,7.6,https://indomet.gob.do/wp-content/uploads/2025/05/temperaturas-extremas-y-precipitaciones-2025x05x14-a.pdf
2025-05-14,029,RANCHO ARRIBA,SAN JOSÉ DE OCOA,CENTRO TECNOLÓGICO COMUNITARIO,EMCO,27.4,19.2,7.0,https://indomet.gob.do/wp-content/uploads/2025/05/temperaturas-extremas-y-precipitaciones-2025x05x14-a.pdf
2025-05-14,030,SAMANÁ,SAMANÁ,COMANDANCIA DE PUERTO DE SAMANÁ,EMCO,31.8,22.5,6.6,https://indomet.gob.do/wp-content/uploads/2025/05/temperaturas-extremas-y-precipitaciones-2025x05x14-a.pdf
2025-05-14,031,OVIEDO,PEDERNALES,CLÍNICA RURAL OVIEDO,EMCO,32.5,24.0,6.4,https://indomet.gob.do/wp-content/uploads/2025/05/temperaturas-extremas-y-precipitaciones-2025x05x14-a.pdf
2025-05-14,032,SANTIAGO RODRÍGUEZ,SANTIAGO RODRÍGUEZ,ONAMET,EMCO,36.2,23.5,5.8,https://indomet.gob.do/wp-content/uploads/2025/05/temperaturas-extremas-y-precipitaciones-2025x05x14-a.pdf
2025-05-14,033,CABRERA,MARÍA TRINIDAD SÁNCHEZ,ESCUELA ARÍSTIDES FIALLO CABRAL,EMCO,30.2,26.1,5.6,https://indomet.gob.do/wp-content/uploads/2025/05/temperaturas-extremas-y-precipitaciones-2025x05x14-a.pdf
2025-05-14,034,SABANA DE LA MAR,HATO MAYOR,ONAMET,EMCO,30.5,23.5,5.0,https://indomet.gob.do/wp-content/uploads/2025/05/temperaturas-extremas-y-precipitaciones-2025x05x14-a.pdf
2025-05-14,035,SANTO DOMINGO ESTE,SANTO DOMINGO,ONAMET,EMCO,33.5,25.0,5.0,https://indomet.gob.do/wp-content/uploads/2025/05/temperaturas-extremas-y-precipitaciones-2025x05x14-a.pdf
2025-05-14,036,MOCA,ESPAILLAT,MINISTERIO DE AGRICULTURA,EMCV,,,4.8,https://indomet.gob.do/wp-content/uploads/2025/05/temperaturas-extremas-y-precipitaciones-2025x05x14-a.pdf
2025-05-14,037,BOCA DE MAO (EMA),VALVERDE,MINISTERIO DE AGRICULTURA,EMAP,35.7,23.2,4.6,https://indomet.gob.do/wp-content/uploads/2025/05/temperaturas-extremas-y-precipitaciones-2025x05x14-a.pdf
2025-05-14,038,HATO MAYOR,HATO MAYOR,MINISTERIO DE AGRICULTURA,EMCV,,,4.6,https://indomet.gob.do/wp-content/uploads/2025/05/temperaturas-extremas-y-precipitaciones-2025x05x14-a.pdf
2025-05-14,039,ARPT. GREGORIO LUPERÓN,PUERTO PLATA,ONAMET,EMCO,31.0,22.0,4.3,https://indomet.gob.do/wp-content/uploads/2025/05/temperaturas-extremas-y-precipitaciones-2025x05x14-a.pdf
2025-05-14,040,VILLA GONZALES,SANTIAGO,MINISTERIO DE AGRICULTURA,EMCO,,,3.8,https://indomet.gob.do/wp-content/uploads/2025/05/temperaturas-extremas-y-precipitaciones-2025x05x14-a.pdf
2025-05-14,041,ARPT. ARROYO BARRIL,SAMANÁ,ONAMET,EMCO,30.2,23.5,3.6,https://indomet.gob.do/wp-content/uploads/2025/05/temperaturas-extremas-y-precipitaciones-2025x05x14-a.pdf
2025-05-14,042,CONSTANZA,LA VEGA,MINISTERIO DE AGRICULTURA,EMCO,28.5,17.0,3.5,https://indomet.gob.do/wp-content/uploads/2025/05/temperaturas-extremas-y-precipitaciones-2025x05x14-a.pdf
2025-05-14,043,SAN JOSÉ DE OCOA,SAN JOSÉ DE OCOA,HOSP. SAN JOSÉ DE OCOA,EMCO,29.1,,3.4,https://indomet.gob.do/wp-content/uploads/2025/05/temperaturas-extremas-y-precipitaciones-2025x05x14-a.pdf
2025-05-14,044,ARPT. DE LAS AMÉRICAS,SANTO DOMINGO,ONAMET,EMCO,31.6,22.6,2.8,https://indomet.gob.do/wp-content/uploads/2025/05/temperaturas-extremas-y-precipitaciones-2025x05x14-a.pdf
2025-05-14,045,CONSTANZA (EMA),LA VEGA,PROGRAMA MUNDIAL DE ALIMENTO,EMAP,25.7,17.2,2.8,https://indomet.gob.do/wp-content/uploads/2025/05/temperaturas-extremas-y-precipitaciones-2025x05x14-a.pdf
2025-05-14,046,ALTAMIRA,PUERTO PLATA,HOSP. MPAL. DE ALTAMIRA,EMCO,32.4,22.4,2.7,https://indomet.gob.do/wp-content/uploads/2025/05/temperaturas-extremas-y-precipitaciones-2025x05x14-a.pdf
2025-05-14,047,BAYAGUANA,MONTE PLATA,ONAMET,EMCO,32.2,22.2,2.6,https://indomet.gob.do/wp-content/uploads/2025/05/temperaturas-extremas-y-precipitaciones-2025x05x14-a.pdf
2025-05-14,048,ALTO BANDERA (EMA),LA VEGA,INTEC,EMAP,17.4,8.4,2.5,https://indomet.gob.do/wp-content/uploads/2025/05/temperaturas-extremas-y-precipitaciones-2025x05x14-a.pdf
2025-05-14,049,JARDÍN BOTÁNICO NACIONAL,DISTRITO NACIONAL,JARDÍN BOTÁNICO NACIONAL,EMCV,33.5,21.7,2.1,https://indomet.gob.do/wp-content/uploads/2025/05/temperaturas-extremas-y-precipitaciones-2025x05x14-a.pdf
2025-05-14,050,CENTRO DE LOS HEROES (EMA),DISTRITO NACIONAL,MINISTERIO DE ENERGIA Y MINA,EMAP,30.3,25.1,2.0,https://indomet.gob.do/wp-content/uploads/2025/05/temperaturas-extremas-y-precipitaciones-2025x05x14-a.pdf
2025-05-14,051,VILLA ISABELA,PUERTO PLATA,MINISTERIO DE AGRICULTURA,EMCV,,,1.5,https://indomet.gob.do/wp-content/uploads/2025/05/temperaturas-extremas-y-precipitaciones-2025x05x14-a.pdf
2025-05-14,052,MONCIÓN (EMA),SANTIAGO RODRÍGUEZ,PROGRAMA MUNDIAL DE ALIMENTO,EMAP,31.3,21.4,1.2,https://indomet.gob.do/wp-content/uploads/2025/05/temperaturas-extremas-y-precipitaciones-2025x05x14-a.pdf
2025-05-14,053,JIMANÍ,INDEPENDENCIA,MINISTERIO DE AGRICULTURA,EMCO,34.6,24.4,1.0,https://indomet.gob.do/wp-content/uploads/2025/05/temperaturas-extremas-y-precipitaciones-2025x05x14-a.pdf
2025-05-14,054,CABRAL,BARAHONA,MINISTERIO DE AGRICULTURA,EMCV,34.0,24.9,0.6,https://indomet.gob.do/wp-content/uploads/2025/05/temperaturas-extremas-y-precipitaciones-2025x05x14-a.pdf
2025-05-14,055,PERALTA,AZUA,HOSP. MPAL. DE PERALTA,EMCO,29.0,19.2,0.6,https://indomet.gob.do/wp-content/uploads/2025/05/temperaturas-extremas-y-precipitaciones-2025x05x14-a.pdf
2025-05-14,056,ARROYO LORO,SAN JUAN,IDIAF,EMCO,32.5,21.9,0.1,https://indomet.gob.do/wp-content/uploads/2025/05/temperaturas-extremas-y-precipitaciones-2025x05x14-a.pdf
2025-05-14,057,LA VICTORIA,SANTO DOMINGO,CUERPO DE BOMBEROS,EMCO,32.0,24.4,0.1,https://indomet.gob.do/wp-content/uploads/2025/05/temperaturas-extremas-y-precipitaciones-2025x05x14-a.pdf
2025-05-14,058,ARPT. MARÍA MONTEZ,BARAHONA,ONAMET,EMCO,31.5,24.0,0.0,https://indomet.gob.do/wp-content/uploads/2025/05/temperaturas-extremas-y-precipitaciones-2025x05x14-a.pdf
2025-05-14,059,BASE AÉREA DE SAN ISIDRO,SANTO DOMINGO,FUERZA AÉREA DOMINICANA,EMCV,32.1,23.4,0.0,https://indomet.gob.do/wp-content/uploads/2025/05/temperaturas-extremas-y-precipitaciones-2025x05x14-a.pdf
2025-05-14,060,BOHECHÍO,SAN JUAN,MINISTERIO DE AGRICULTURA,EMCV,,,0.0,https://indomet.gob.do/wp-content/uploads/2025/05/temperaturas-extremas-y-precipitaciones-2025x05x14-a.pdf
2025-05-14,061,DAJABÓN,DAJABÓN,INSTITUTO POLITÉCNICO LOYOLA,EMCO,34.5,20.1,0.0,https://indomet.gob.do/wp-content/uploads/2025/05/temperaturas-extremas-y-precipitaciones-2025x05x14-a.pdf
2025-05-14,062,HONDO VALLE,ELÍAS PIÑA,MINISTERIO DE AGRICULTURA,EMCO,26.9,17.6,0.0,https://indomet.gob.do/wp-content/uploads/2025/05/temperaturas-extremas-y-precipitaciones-2025x05x14-a.pdf
2025-05-14,063,LAS CANAS (EMA),MONTE CRISTI,PROGRAMA MUNDIAL DE ALIMENTO,EMAP,29.3,23.1,0.0,https://indomet.gob.do/wp-content/uploads/2025/05/temperaturas-extremas-y-precipitaciones-2025x05x14-a.pdf
2025-05-14,064,LOS LLANOS,SAN PEDRO DE MACORÍS,MINISTERIO DE AGRICULTURA,EMCO,32.0,22.5,0.0,https://indomet.gob.do/wp-content/uploads/2025/05/temperaturas-extremas-y-precipitaciones-2025x05x14-a.pdf
2025-05-14,065,MONTE CRISTI,MONTE CRISTI,ONAMET,EMCO,34.8,23.8,0.0,https://indomet.gob.do/wp-content/uploads/2025/05/temperaturas-extremas-y-precipitaciones-2025x05x14-a.pdf
2025-05-14,066,OLIVARES,PEDERNALES,INDRHI,EMCO,,,0.0,https://indomet.gob.do/wp-content/uploads/2025/05/temperaturas-extremas-y-precipitaciones-2025x05x14-a.pdf
2025-05-14,067,PADRE LAS CASAS,AZUA,HOSP. NTRA. SRA. DEL CARMEN,EMCO,31.7,21.0,0.0,https://indomet.gob.do/wp-content/uploads/2025/05/temperaturas-extremas-y-precipitaciones-2025x05x14-a.pdf
2025-05-14,068,PALO ÍNDIO,PUERTO PLATA,MINISTERIO DE AGRICULTURA,EMCO,,,0.0,https://indomet.gob.do/wp-content/uploads/2025/05/temperaturas-extremas-y-precipitaciones-2025x05x14-a.pdf
2025-05-14,069,PEDERNALES,PEDERNALES,INDRHI,EMCO,,,0.0,https://indomet.gob.do/wp-content/uploads/2025/05/temperaturas-extremas-y-precipitaciones-2025x05x14-a.pdf
2025-05-14,070,PESCADERIA (EMA),BARAHONA,MINISTERIO DE AGRICULTURA,EMAP,31.6,25.1,0.0,https://indomet.gob.do/wp-content/uploads/2025/05/temperaturas-extremas-y-precipitaciones-2025x05x14-a.pdf
2025-05-14,071,PONTÓN ABAJO (EMA),LA VEGA,MINISTERIO DE AGRICULTURA,EMAP,29.4,19.8,0.0,https://indomet.gob.do/wp-content/uploads/2025/05/temperaturas-extremas-y-precipitaciones-2025x05x14-a.pdf
2025-05-14,072,PRESA DE TAVERAS (EMA),LA VEGA,PROGRAMA MUNDIAL DE ALIMENTO,EMAP,29.9,21.8,0.0,https://indomet.gob.do/wp-content/uploads/2025/05/temperaturas-extremas-y-precipitaciones-2025x05x14-a.pdf
2025-05-14,073,SABANETA (EMA),SANTIAGO RODRÍGUEZ,PROGRAMA MUNDIAL DE ALIMENTO,EMAP,36.3,23.2,0.0,https://indomet.gob.do/wp-content/uploads/2025/05/temperaturas-extremas-y-precipitaciones-2025x05x14-a.pdf
2025-05-14,074,TÁBARA ABAJO,AZUA,INDRHI,EMCO,35.5,23.5,0.0,https://indomet.gob.do/wp-content/uploads/2025/05/temperaturas-extremas-y-precipitaciones-2025x05x14-a.pdf
2025-05-15,001,BONAO,MONSEÑOR NOUEL,MINISTERIO DE AGRICULTURA,EMCV,,,118.0,https://indomet.gob.do/wp-content/uploads/2025/05/temperaturas-extremas-y-precipitaciones-2025x05x15-a.pdf
2025-05-15,002,SAN CRISTÓBAL (EMA),SAN CRISTÓBAL,PRIVADA,EMAP,,,106.4,https://indomet.gob.do/wp-content/uploads/2025/05/temperaturas-extremas-y-precipitaciones-2025x05x15-a.pdf
2025-05-15,003,HATO MAYOR,HATO MAYOR,MINISTERIO DE AGRICULTURA,EMCV,,,97.8,https://indomet.gob.do/wp-content/uploads/2025/05/temperaturas-extremas-y-precipitaciones-2025x05x15-a.pdf
2025-05-15,004,VILLA ALTAGRACIA,SAN CRISTÓBAL,ESCUELA JAVIER ANGULO GURIDI,EMCO,,,91.6,https://indomet.gob.do/wp-content/uploads/2025/05/temperaturas-extremas-y-precipitaciones-2025x05x15-a.pdf
2025-05-15,005,LA VICTORIA,SANTO DOMINGO,CUERPO DE BOMBEROS,EMCO,30.0,23.5,86.9,https://indomet.gob.do/wp-content/uploads/2025/05/temperaturas-extremas-y-precipitaciones-2025x05x15-a.pdf
2025-05-15,006,ARPT. LA ISABELA,SANTO DOMINGO,ONAMET,EMCO,29.0,21.5,72.7,https://indomet.gob.do/wp-content/uploads/2025/05/temperaturas-extremas-y-precipitaciones-2025x05x15-a.pdf
2025-05-15,007,RANCHO ARRIBA,SAN JOSÉ DE OCOA,CENTRO TECNOLÓGICO COMUNITARIO,EMCO,26.1,18.3,68.6,https://indomet.gob.do/wp-content/uploads/2025/05/temperaturas-extremas-y-precipitaciones-2025x05x15-a.pdf
2025-05-15,008,SAN JOSÉ DE OCOA,SAN JOSÉ DE OCOA,HOSP. SAN JOSÉ DE OCOA,EMCO,27.8,,68.2,https://indomet.gob.do/wp-content/uploads/2025/05/temperaturas-extremas-y-precipitaciones-2025x05x15-a.pdf
2025-05-15,009,BAYAGUANA,MONTE PLATA,ONAMET,EMCO,30.0,23.4,67.1,https://indomet.gob.do/wp-content/uploads/2025/05/temperaturas-extremas-y-precipitaciones-2025x05x15-a.pdf
2025-05-15,010,SAMANÁ,SAMANÁ,COMANDANCIA DE PUERTO DE SAMANÁ,EMCO,30.0,21.5,62.0,https://indomet.gob.do/wp-content/uploads/2025/05/temperaturas-extremas-y-precipitaciones-2025x05x15-a.pdf
2025-05-15,011,PASO AL MEDIO,SAN PEDRO DE MACORÍS,INDRHI,EMCO,,,60.3,https://indomet.gob.do/wp-content/uploads/2025/05/temperaturas-extremas-y-precipitaciones-2025x05x15-a.pdf
2025-05-15,012,ELÍAS PIÑA,ELÍAS PIÑA,MINISTERIO DE AGRICULTURA,EMCV,,,60.1,https://indomet.gob.do/wp-content/uploads/2025/05/temperaturas-extremas-y-precipitaciones-2025x05x15-a.pdf
2025-05-15,013,SABANA GRANDE DE BOYÁ,MONTE PLATA,MINISTERIO DE AGRICULTURA,EMCV,,,55.9,https://indomet.gob.do/wp-content/uploads/2025/05/temperaturas-extremas-y-precipitaciones-2025x05x15-a.pdf
2025-05-15,014,ARPT. ARROYO BARRIL,SAMANÁ,ONAMET,EMCO,30.0,23.0,53.9,https://indomet.gob.do/wp-content/uploads/2025/05/temperaturas-extremas-y-precipitaciones-2025x05x15-a.pdf
2025-05-15,015,BANI (EMA),PERAVIA,MINISTERIO DE AGRICULTURA,EMAP,28.6,23.3,51.6,https://indomet.gob.do/wp-content/uploads/2025/05/temperaturas-extremas-y-precipitaciones-2025x05x15-a.pdf
2025-05-15,016,ARPT. DE LA ROMANA,LA ROMANA,ONAMET,EMCO,30.0,23.0,50.1,https://indomet.gob.do/wp-content/uploads/2025/05/temperaturas-extremas-y-precipitaciones-2025x05x15-a.pdf
2025-05-15,017,CENTRO DE LOS HEROES (EMA),DISTRITO NACIONAL,MINISTERIO DE ENERGIA Y MINA,EMAP,28.4,24.2,50.0,https://indomet.gob.do/wp-content/uploads/2025/05/temperaturas-extremas-y-precipitaciones-2025x05x15-a.pdf
2025-05-15,018,JARDÍN BOTÁNICO NACIONAL,DISTRITO NACIONAL,JARDÍN BOTÁNICO NACIONAL,EMCV,32.2,21.8,47.6,https://indomet.gob.do/wp-content/uploads/2025/05/temperaturas-extremas-y-precipitaciones-2025x05x15-a.pdf
2025-05-15,019,EL FACTOR (EMA),MARÍA TRINIDAD SÁNCHEZ,INTEC,EMAP,29.7,22.7,44.2,https://indomet.gob.do/wp-content/uploads/2025/05/temperaturas-extremas-y-precipitaciones-2025x05x15-a.pdf
2025-05-15,020,SABANA DE LA MAR,HATO MAYOR,ONAMET,EMCO,29.5,23.0,41.1,https://indomet.gob.do/wp-content/uploads/2025/05/temperaturas-extremas-y-precipitaciones-2025x05x15-a.pdf
2025-05-15,021,DAJABÓN,DAJABÓN,INSTITUTO POLITÉCNICO LOYOLA,EMCO,33.0,19.3,39.1,https://indomet.gob.do/wp-content/uploads/2025/05/temperaturas-extremas-y-precipitaciones-2025x05x15-a.pdf
2025-05-15,022,LOS JENGIBRES,NAGUA,INDRHI,EMCO,,,36.4,https://indomet.gob.do/wp-content/uploads/2025/05/temperaturas-extremas-y-precipitaciones-2025x05x15-a.pdf
2025-05-15,023,ARPT. DE LAS AMÉRICAS,SANTO DOMINGO,ONAMET,EMCO,28.6,22.4,33.8,https://indomet.gob.do/wp-content/uploads/2025/05/temperaturas-extremas-y-precipitaciones-2025x05x15-a.pdf
2025-05-15,024,MONCIÓN (EMA),SANTIAGO RODRÍGUEZ,PROGRAMA MUNDIAL DE ALIMENTO,EMAP,30.8,20.4,33.2,https://indomet.gob.do/wp-content/uploads/2025/05/temperaturas-extremas-y-precipitaciones-2025x05x15-a.pdf
2025-05-15,025,VILLA RIVA,DUARTE,HOSP. MPAL. ALICIA DE LEGENDRE,EMCO,28.5,21.7,32.0,https://indomet.gob.do/wp-content/uploads/2025/05/temperaturas-extremas-y-precipitaciones-2025x05x15-a.pdf
2025-05-15,026,JIMANÍ,INDEPENDENCIA,MINISTERIO DE AGRICULTURA,EMCO,32.8,23.5,30.8,https://indomet.gob.do/wp-content/uploads/2025/05/temperaturas-extremas-y-precipitaciones-2025x05x15-a.pdf
2025-05-15,027,CONSTANZA,LA VEGA,MINISTERIO DE AGRICULTURA,EMCO,26.7,15.0,27.8,https://indomet.gob.do/wp-content/uploads/2025/05/temperaturas-extremas-y-precipitaciones-2025x05x15-a.pdf
2025-05-15,028,CONSTANZA (EMA),LA VEGA,PROGRAMA MUNDIAL DE ALIMENTO,EMAP,25.2,15.2,25.0,https://indomet.gob.do/wp-content/uploads/2025/05/temperaturas-extremas-y-precipitaciones-2025x05x15-a.pdf
2025-05-15,029,ARPT. DE PUNTA CANA,LA ALTAGRACIA,ONAMET,EMCO,31.5,22.6,23.6,https://indomet.gob.do/wp-content/uploads/2025/05/temperaturas-extremas-y-precipitaciones-2025x05x15-a.pdf
2025-05-15,030,PERALTA,AZUA,HOSP. MPAL. DE PERALTA,EMCO,27.7,18.6,21.4,https://indomet.gob.do/wp-content/uploads/2025/05/temperaturas-extremas-y-precipitaciones-2025x05x15-a.pdf
2025-05-15,031,COTUÍ,SÁNCHEZ RAMÍREZ,HOSP. INMACULADA CONCEPCIÓN,EMCV,,,20.7,https://indomet.gob.do/wp-content/uploads/2025/05/temperaturas-extremas-y-precipitaciones-2025x05x15-a.pdf
2025-05-15,032,SANTIAGO RODRÍGUEZ,SANTIAGO RODRÍGUEZ,ONAMET,EMCO,33.6,23.4,19.9,https://indomet.gob.do/wp-content/uploads/2025/05/temperaturas-extremas-y-precipitaciones-2025x05x15-a.pdf
2025-05-15,033,RESTAURACIÓN,DAJABÓN,MINISTERIO DE AGRICULTURA,EMCO,,18.6,18.9,https://indomet.gob.do/wp-content/uploads/2025/05/temperaturas-extremas-y-precipitaciones-2025x05x15-a.pdf
2025-05-15,034,SANTO DOMINGO ESTE,SANTO DOMINGO,ONAMET,EMCO,29.0,23.8,18.7,https://indomet.gob.do/wp-content/uploads/2025/05/temperaturas-extremas-y-precipitaciones-2025x05x15-a.pdf
2025-05-15,035,LOS LLANOS,SAN PEDRO DE MACORÍS,MINISTERIO DE AGRICULTURA,EMCO,29.0,20.2,18.4,https://indomet.gob.do/wp-content/uploads/2025/05/temperaturas-extremas-y-precipitaciones-2025x05x15-a.pdf
2025-05-15,036,ALTO BANDERA (EMA),LA VEGA,INTEC,EMAP,14.9,7.4,17.5,https://indomet.gob.do/wp-content/uploads/2025/05/temperaturas-extremas-y-precipitaciones-2025x05x15-a.pdf
2025-05-15,037,SAN RAFAEL DEL YUMA,LA ALTAGRACIA,MINISTERIO DE AGRICULTURA,EMCO,30.4,22.0,17.5,https://indomet.gob.do/wp-content/uploads/2025/05/temperaturas-extremas-y-precipitaciones-2025x05x15-a.pdf
2025-05-15,038,HONDO VALLE,ELÍAS PIÑA,MINISTERIO DE AGRICULTURA,EMCO,26.1,16.7,17.3,https://indomet.gob.do/wp-content/uploads/2025/05/temperaturas-extremas-y-precipitaciones-2025x05x15-a.pdf
2025-05-15,039,ANAMUYA (EMA),LA ALTAGRACIA,MINISTERIO DE AGRICULTURA,EMAP,30.1,23.6,16.8,https://indomet.gob.do/wp-content/uploads/2025/05/temperaturas-extremas-y-precipitaciones-2025x05x15-a.pdf
2025-05-15,040,ARPT. EL CATEY,SAMANÁ,ONAMET,EMCO,29.5,22.5,15.4,https://indomet.gob.do/wp-content/uploads/2025/05/temperaturas-extremas-y-precipitaciones-2025x05x15-a.pdf
2025-05-15,041,LAS MATAS DE SANTA CRUZ,MONTE CRISTI,INDRHI,EMCV,,,14.2,https://indomet.gob.do/wp-content/uploads/2025/05/temperaturas-extremas-y-precipitaciones-2025x05x15-a.pdf
2025-05-15,042,LAS MATAS DE SANTA CRUZ (EMA,MONTE CRISTI,PROGRAMA MUNDIAL DE ALIMENTO,EMAP,,,14.0,https://indomet.gob.do/wp-content/uploads/2025/05/temperaturas-extremas-y-precipitaciones-2025x05x15-a.pdf
2025-05-15,043,SALCEDO,HERMANAS MIRABAL,PROPIEDAD DEL EMPLEADO,EMCO,,,13.0,https://indomet.gob.do/wp-content/uploads/2025/05/temperaturas-extremas-y-precipitaciones-2025x05x15-a.pdf
2025-05-15,044,SÁNCHEZ,SAMANÁ,MINISTERIO DE AGRICULTURA,EMCO,30.7,22.8,11.8,https://indomet.gob.do/wp-content/uploads/2025/05/temperaturas-extremas-y-precipitaciones-2025x05x15-a.pdf
2025-05-15,045,GASPAR HERNÁNDEZ,ESPAILLAT,PROPIEDAD DEL EMPLEADO,EMCO,,,10.7,https://indomet.gob.do/wp-content/uploads/2025/05/temperaturas-extremas-y-precipitaciones-2025x05x15-a.pdf
2025-05-15,046,BOHECHÍO,SAN JUAN,MINISTERIO DE AGRICULTURA,EMCV,,,9.8,https://indomet.gob.do/wp-content/uploads/2025/05/temperaturas-extremas-y-precipitaciones-2025x05x15-a.pdf
2025-05-15,047,VILLA ISABELA,PUERTO PLATA,MINISTERIO DE AGRICULTURA,EMCV,,,8.6,https://indomet.gob.do/wp-content/uploads/2025/05/temperaturas-extremas-y-precipitaciones-2025x05x15-a.pdf
2025-05-15,048,ALTAMIRA,PUERTO PLATA,HOSP. MPAL. DE ALTAMIRA,EMCO,32.9,20.5,8.3,https://indomet.gob.do/wp-content/uploads/2025/05/temperaturas-extremas-y-precipitaciones-2025x05x15-a.pdf
2025-05-15,049,LA VEGA,LA VEGA,IATESA,EMCO,32.5,22.5,7.8,https://indomet.gob.do/wp-content/uploads/2025/05/temperaturas-extremas-y-precipitaciones-2025x05x15-a.pdf
2025-05-15,050,RÍO SAN JUAN,MARÍA TRINIDAD SÁNCHEZ,HOSP. MPAL. DR. DESIDERIO ACOSTA,EMCV,31.6,23.5,7.1,https://indomet.gob.do/wp-content/uploads/2025/05/temperaturas-extremas-y-precipitaciones-2025x05x15-a.pdf
2025-05-15,051,PESCADERIA (EMA),BARAHONA,MINISTERIO DE AGRICULTURA,EMAP,31.6,23.7,6.8,https://indomet.gob.do/wp-content/uploads/2025/05/temperaturas-extremas-y-precipitaciones-2025x05x15-a.pdf
2025-05-15,052,MOCA,ESPAILLAT,MINISTERIO DE AGRICULTURA,EMCV,,,6.2,https://indomet.gob.do/wp-content/uploads/2025/05/temperaturas-extremas-y-precipitaciones-2025x05x15-a.pdf
2025-05-15,053,ARROYO LORO,SAN JUAN,IDIAF,EMCO,31.5,21.0,6.0,https://indomet.gob.do/wp-content/uploads/2025/05/temperaturas-extremas-y-precipitaciones-2025x05x15-a.pdf
2025-05-15,054,JARABACOA (EMA),LA VEGA,PROGRAMA MUNDIAL DE ALIMENTO,EMAP,29.1,18.5,6.0,https://indomet.gob.do/wp-content/uploads/2025/05/temperaturas-extremas-y-precipitaciones-2025x05x15-a.pdf
2025-05-15,055,JARABACOA,LA VEGA,INDRHI / MARENA,EMCO,29.2,18.4,5.6,https://indomet.gob.do/wp-content/uploads/2025/05/temperaturas-extremas-y-precipitaciones-2025x05x15-a.pdf
2025-05-15,056,PADRE LAS CASAS,AZUA,HOSP. NTRA. SRA. DEL CARMEN,EMCO,30.0,20.0,5.6,https://indomet.gob.do/wp-content/uploads/2025/05/temperaturas-extremas-y-precipitaciones-2025x05x15-a.pdf
2025-05-15,057,CABRAL,BARAHONA,MINISTERIO DE AGRICULTURA,EMCV,32.2,24.2,4.4,https://indomet.gob.do/wp-content/uploads/2025/05/temperaturas-extremas-y-precipitaciones-2025x05x15-a.pdf
2025-05-15,058,ARPT. DEL CIBAO,SANTIAGO,ONAMET,EMCO,30.6,22.3,4.0,https://indomet.gob.do/wp-content/uploads/2025/05/temperaturas-extremas-y-precipitaciones-2025x05x15-a.pdf
2025-05-15,059,TAMBORIL,SANTIAGO,MINISTERIO DE AGRICULTURA,EMCV,,,3.8,https://indomet.gob.do/wp-content/uploads/2025/05/temperaturas-extremas-y-precipitaciones-2025x05x15-a.pdf
2025-05-15,060,CABRERA,MARÍA TRINIDAD SÁNCHEZ,ESCUELA ARÍSTIDES FIALLO CABRAL,EMCO,31.0,25.0,3.6,https://indomet.gob.do/wp-content/uploads/2025/05/temperaturas-extremas-y-precipitaciones-2025x05x15-a.pdf
2025-05-15,061,ARPT. MARÍA MONTEZ,BARAHONA,ONAMET,EMCO,31.0,25.2,2.7,https://indomet.gob.do/wp-content/uploads/2025/05/temperaturas-extremas-y-precipitaciones-2025x05x15-a.pdf
2025-05-15,062,GURABO,SANTIAGO,MINISTERIO DE AGRICULTURA,EMCV,,,2.5,https://indomet.gob.do/wp-content/uploads/2025/05/temperaturas-extremas-y-precipitaciones-2025x05x15-a.pdf
2025-05-15,063,MONTE CRISTI,MONTE CRISTI,ONAMET,EMCO,32.6,25.4,2.4,https://indomet.gob.do/wp-content/uploads/2025/05/temperaturas-extremas-y-precipitaciones-2025x05x15-a.pdf
2025-05-15,064,BOCA DE MAO (EMA),VALVERDE,MINISTERIO DE AGRICULTURA,EMAP,32.8,22.1,1.0,https://indomet.gob.do/wp-content/uploads/2025/05/temperaturas-extremas-y-precipitaciones-2025x05x15-a.pdf
2025-05-15,065,POLO,BARAHONA,INDOCAFE,EMCO,28.5,19.0,0.9,https://indomet.gob.do/wp-content/uploads/2025/05/temperaturas-extremas-y-precipitaciones-2025x05x15-a.pdf
2025-05-15,066,TÁBARA ABAJO,AZUA,INDRHI,EMCO,35.9,20.2,0.9,https://indomet.gob.do/wp-content/uploads/2025/05/temperaturas-extremas-y-precipitaciones-2025x05x15-a.pdf
2025-05-15,067,VILLA GONZALES,SANTIAGO,MINISTERIO DE AGRICULTURA,EMCO,,,0.8,https://indomet.gob.do/wp-content/uploads/2025/05/temperaturas-extremas-y-precipitaciones-2025x05x15-a.pdf
2025-05-15,068,OVIEDO,PEDERNALES,CLÍNICA RURAL OVIEDO,EMCO,32.0,23.0,0.6,https://indomet.gob.do/wp-content/uploads/2025/05/temperaturas-extremas-y-precipitaciones-2025x05x15-a.pdf
2025-05-15,069,ENRIQUILLO,BARAHONA,MINISTERIO DE AGRICULTURA,EMCV,30.0,25.2,0.4,https://indomet.gob.do/wp-content/uploads/2025/05/temperaturas-extremas-y-precipitaciones-2025x05x15-a.pdf
2025-05-15,070,ARPT. GREGORIO LUPERÓN,PUERTO PLATA,ONAMET,EMCO,30.4,22.5,0.1,https://indomet.gob.do/wp-content/uploads/2025/05/temperaturas-extremas-y-precipitaciones-2025x05x15-a.pdf
2025-05-15,071,LAS CANAS (EMA),MONTE CRISTI,PROGRAMA MUNDIAL DE ALIMENTO,EMAP,29.5,21.6,0.0,https://indomet.gob.do/wp-content/uploads/2025/05/temperaturas-extremas-y-precipitaciones-2025x05x15-a.pdf
2025-05-15,072,MAO,VALVERDE,INDRHI / MINISTERIO DE AGRICULTURA,EMCV,,,0.0,https://indomet.gob.do/wp-content/uploads/2025/05/temperaturas-extremas-y-precipitaciones-2025x05x15-a.pdf
2025-05-15,073,OLIVARES,PEDERNALES,INDRHI,EMCO,,,0.0,https://indomet.gob.do/wp-content/uploads/2025/05/temperaturas-extremas-y-precipitaciones-2025x05x15-a.pdf
2025-05-15,074,PALO ÍNDIO,PUERTO PLATA,MINISTERIO DE AGRICULTURA,EMCO,,,0.0,https://indomet.gob.do/wp-content/uploads/2025/05/temperaturas-extremas-y-precipitaciones-2025x05x15-a.pdf
2025-05-15,075,PEDERNALES,PEDERNALES,INDRHI,EMCO,,,0.0,https://indomet.gob.do/wp-content/uploads/2025/05/temperaturas-extremas-y-precipitaciones-2025x05x15-a.pdf
2025-05-15,076,PONTÓN ABAJO (EMA),LA VEGA,MINISTERIO DE AGRICULTURA,EMAP,31.5,22.2,0.0,https://indomet.gob.do/wp-content/uploads/2025/05/temperaturas-extremas-y-precipitaciones-2025x05x15-a.pdf
2025-05-15,077,PRESA DE TAVERAS (EMA),LA VEGA,PROGRAMA MUNDIAL DE ALIMENTO,EMAP,33.8,20.3,0.0,https://indomet.gob.do/wp-content/uploads/2025/05/temperaturas-extremas-y-precipitaciones-2025x05x15-a.pdf
2025-05-15,078,SABANETA (EMA),SANTIAGO RODRÍGUEZ,PROGRAMA MUNDIAL DE ALIMENTO,EMAP,33.3,22.8,0.0,https://indomet.gob.do/wp-content/uploads/2025/05/temperaturas-extremas-y-precipitaciones-2025x05x15-a.pdf
2025-05-16,001,CENTRO DE LOS HEROES (EMA),DISTRITO NACIONAL,MINISTERIO DE ENERGIA Y MINA,EMAP,28.1,24.1,52.4,https://indomet.gob.do/wp-content/uploads/2025/05/temperaturas-extremas-y-precipitaciones-2025x05x16-a-1.pdf
2025-05-16,002,SABANA GRANDE DE BOYÁ,MONTE PLATA,MINISTERIO DE AGRICULTURA,EMCV,,,51.3,https://indomet.gob.do/wp-content/uploads/2025/05/temperaturas-extremas-y-precipitaciones-2025x05x16-a-1.pdf
2025-05-16,003,POLO,BARAHONA,INDOCAFE,EMCO,29.0,19.8,46.6,https://indomet.gob.do/wp-content/uploads/2025/05/temperaturas-extremas-y-precipitaciones-2025x05x16-a-1.pdf
2025-05-16,004,CONSTANZA (EMA),LA VEGA,PROGRAMA MUNDIAL DE ALIMENTO,EMAP,25.9,14.2,38.8,https://indomet.gob.do/wp-content/uploads/2025/05/temperaturas-extremas-y-precipitaciones-2025x05x16-a-1.pdf
2025-05-16,005,SANTO DOMINGO ESTE,SANTO DOMINGO,ONAMET,EMCO,28.3,24.0,34.9,https://indomet.gob.do/wp-content/uploads/2025/05/temperaturas-extremas-y-precipitaciones-2025x05x16-a-1.pdf
2025-05-16,006,CONSTANZA,LA VEGA,MINISTERIO DE AGRICULTURA,EMCO,27.0,14.3,33.9,https://indomet.gob.do/wp-content/uploads/2025/05/temperaturas-extremas-y-precipitaciones-2025x05x16-a-1.pdf
2025-05-16,007,ALTO BANDERA (EMA),LA VEGA,INTEC,EMAP,15.0,7.3,28.7,https://indomet.gob.do/wp-content/uploads/2025/05/temperaturas-extremas-y-precipitaciones-2025x05x16-a-1.pdf
2025-05-16,008,ARPT. DE PUNTA CANA,LA ALTAGRACIA,ONAMET,EMCO,28.6,22.9,23.5,https://indomet.gob.do/wp-content/uploads/2025/05/temperaturas-extremas-y-precipitaciones-2025x05x16-a-1.pdf
2025-05-16,009,GURABO,SANTIAGO,MINISTERIO DE AGRICULTURA,EMCV,,,22.9,https://indomet.gob.do/wp-content/uploads/2025/05/temperaturas-extremas-y-precipitaciones-2025x05x16-a-1.pdf
2025-05-16,010,PESCADERIA (EMA),BARAHONA,MINISTERIO DE AGRICULTURA,EMAP,31.8,21.9,21.0,https://indomet.gob.do/wp-content/uploads/2025/05/temperaturas-extremas-y-precipitaciones-2025x05x16-a-1.pdf
2025-05-16,011,MONCIÓN (EMA),SANTIAGO RODRÍGUEZ,PROGRAMA MUNDIAL DE ALIMENTO,EMAP,30.9,18.9,18.2,https://indomet.gob.do/wp-content/uploads/2025/05/temperaturas-extremas-y-precipitaciones-2025x05x16-a-1.pdf
2025-05-16,012,ELÍAS PIÑA,ELÍAS PIÑA,MINISTERIO DE AGRICULTURA,EMCV,,,18.0,https://indomet.gob.do/wp-content/uploads/2025/05/temperaturas-extremas-y-precipitaciones-2025x05x16-a-1.pdf
2025-05-16,013,RANCHO ARRIBA,SAN JOSÉ DE OCOA,CENTRO TECNOLÓGICO COMUNITARIO,EMCO,28.9,17.7,17.8,https://indomet.gob.do/wp-content/uploads/2025/05/temperaturas-extremas-y-precipitaciones-2025x05x16-a-1.pdf
2025-05-16,014,BONAO,MONSEÑOR NOUEL,MINISTERIO DE AGRICULTURA,EMCV,29.4,21.4,17.7,https://indomet.gob.do/wp-content/uploads/2025/05/temperaturas-extremas-y-precipitaciones-2025x05x16-a-1.pdf
2025-05-16,015,JUMA BEJUCAL,MONSEÑOR NOUEL,IDIAF,EMCV,29.4,21.4,17.7,https://indomet.gob.do/wp-content/uploads/2025/05/temperaturas-extremas-y-precipitaciones-2025x05x16-a-1.pdf
2025-05-16,016,LOS LLANOS,SAN PEDRO DE MACORÍS,MINISTERIO DE AGRICULTURA,EMCO,30.0,21.4,17.4,https://indomet.gob.do/wp-content/uploads/2025/05/temperaturas-extremas-y-precipitaciones-2025x05x16-a-1.pdf
2025-05-16,017,NAVARRETE,SANTIAGO,MINISTERIO DE AGRICULTURA,EMCV,,,17.3,https://indomet.gob.do/wp-content/uploads/2025/05/temperaturas-extremas-y-precipitaciones-2025x05x16-a-1.pdf
2025-05-16,018,RESTAURACIÓN,DAJABÓN,MINISTERIO DE AGRICULTURA,EMCO,,16.9,17.2,https://indomet.gob.do/wp-content/uploads/2025/05/temperaturas-extremas-y-precipitaciones-2025x05x16-a-1.pdf
2025-05-16,019,LA VICTORIA,SANTO DOMINGO,CUERPO DE BOMBEROS,EMCO,28.0,21.5,16.8,https://indomet.gob.do/wp-content/uploads/2025/05/temperaturas-extremas-y-precipitaciones-2025x05x16-a-1.pdf
2025-05-16,020,ARROYO LORO,SAN JUAN,IDIAF,EMCO,31.5,18.5,14.0,https://indomet.gob.do/wp-content/uploads/2025/05/temperaturas-extremas-y-precipitaciones-2025x05x16-a-1.pdf
2025-05-16,021,ARPT. MARÍA MONTEZ,BARAHONA,ONAMET,EMCO,32.2,23.2,11.1,https://indomet.gob.do/wp-content/uploads/2025/05/temperaturas-extremas-y-precipitaciones-2025x05x16-a-1.pdf
2025-05-16,022,CABRAL,BARAHONA,MINISTERIO DE AGRICULTURA,EMCV,33.8,22.0,10.9,https://indomet.gob.do/wp-content/uploads/2025/05/temperaturas-extremas-y-precipitaciones-2025x05x16-a-1.pdf
2025-05-16,023,PEDERNALES,PEDERNALES,INDRHI,EMCO,,,10.5,https://indomet.gob.do/wp-content/uploads/2025/05/temperaturas-extremas-y-precipitaciones-2025x05x16-a-1.pdf
2025-05-16,024,HONDO VALLE,ELÍAS PIÑA,MINISTERIO DE AGRICULTURA,EMCO,26.0,16.2,9.6,https://indomet.gob.do/wp-content/uploads/2025/05/temperaturas-extremas-y-precipitaciones-2025x05x16-a-1.pdf
2025-05-16,025,ARPT. DE LAS AMÉRICAS,SANTO DOMINGO,ONAMET,EMCO,27.5,22.2,9.4,https://indomet.gob.do/wp-content/uploads/2025/05/temperaturas-extremas-y-precipitaciones-2025x05x16-a-1.pdf
2025-05-16,026,ANAMUYA (EMA),LA ALTAGRACIA,MINISTERIO DE AGRICULTURA,EMAP,27.0,22.4,8.8,https://indomet.gob.do/wp-content/uploads/2025/05/temperaturas-extremas-y-precipitaciones-2025x05x16-a-1.pdf
2025-05-16,027,VILLA RIVA,DUARTE,HOSP. MPAL. ALICIA DE LEGENDRE,EMCO,28.0,21.0,8.3,https://indomet.gob.do/wp-content/uploads/2025/05/temperaturas-extremas-y-precipitaciones-2025x05x16-a-1.pdf
2025-05-16,028,BASE AÉREA DE SAN ISIDRO,SANTO DOMINGO,FUERZA AÉREA DOMINICANA,EMCV,28.9,20.6,8.1,https://indomet.gob.do/wp-content/uploads/2025/05/temperaturas-extremas-y-precipitaciones-2025x05x16-a-1.pdf
2025-05-16,029,ALTAMIRA,PUERTO PLATA,HOSP. MPAL. DE ALTAMIRA,EMCO,29.7,18.7,7.0,https://indomet.gob.do/wp-content/uploads/2025/05/temperaturas-extremas-y-precipitaciones-2025x05x16-a-1.pdf
2025-05-16,030,ARPT. LA ISABELA,SANTO DOMINGO,ONAMET,EMCO,29.8,20.0,5.0,https://indomet.gob.do/wp-content/uploads/2025/05/temperaturas-extremas-y-precipitaciones-2025x05x16-a-1.pdf
2025-05-16,031,EL FACTOR (EMA),MARÍA TRINIDAD SÁNCHEZ,INTEC,EMAP,30.7,4.3,4.3,https://indomet.gob.do/wp-content/uploads/2025/05/temperaturas-extremas-y-precipitaciones-2025x05x16-a-1.pdf
2025-05-16,032,ARPT. DE LA ROMANA,LA ROMANA,ONAMET,EMCO,29.0,22.0,3.5,https://indomet.gob.do/wp-content/uploads/2025/05/temperaturas-extremas-y-precipitaciones-2025x05x16-a-1.pdf
2025-05-16,033,CABRERA,MARÍA TRINIDAD SÁNCHEZ,ESCUELA ARÍSTIDES FIALLO CABRAL,EMCO,30.5,23.5,3.5,https://indomet.gob.do/wp-content/uploads/2025/05/temperaturas-extremas-y-precipitaciones-2025x05x16-a-1.pdf
2025-05-16,034,BOCA DE MAO (EMA),VALVERDE,MINISTERIO DE AGRICULTURA,EMAP,32.9,21.2,3.4,https://indomet.gob.do/wp-content/uploads/2025/05/temperaturas-extremas-y-precipitaciones-2025x05x16-a-1.pdf
2025-05-16,035,JIMANÍ,INDEPENDENCIA,MINISTERIO DE AGRICULTURA,EMCO,33.8,22.5,3.2,https://indomet.gob.do/wp-content/uploads/2025/05/temperaturas-extremas-y-precipitaciones-2025x05x16-a-1.pdf
2025-05-16,036,ENRIQUILLO,BARAHONA,MINISTERIO DE AGRICULTURA,EMCV,31.5,23.0,3.0,https://indomet.gob.do/wp-content/uploads/2025/05/temperaturas-extremas-y-precipitaciones-2025x05x16-a-1.pdf
2025-05-16,037,VILLA GONZALES,SANTIAGO,MINISTERIO DE AGRICULTURA,EMCO,,,2.5,https://indomet.gob.do/wp-content/uploads/2025/05/temperaturas-extremas-y-precipitaciones-2025x05x16-a-1.pdf
2025-05-16,038,VILLA ISABELA,PUERTO PLATA,MINISTERIO DE AGRICULTURA,EMCV,,,2.5,https://indomet.gob.do/wp-content/uploads/2025/05/temperaturas-extremas-y-precipitaciones-2025x05x16-a-1.pdf
2025-05-16,039,OLIVARES,PEDERNALES,INDRHI,EMCO,,,2.5,https://indomet.gob.do/wp-content/uploads/2025/05/temperaturas-extremas-y-precipitaciones-2025x05x16-a-1.pdf
2025-05-16,040,JARABACOA,LA VEGA,INDRHI / MARENA,EMCO,29.0,16.6,2.0,https://indomet.gob.do/wp-content/uploads/2025/05/temperaturas-extremas-y-precipitaciones-2025x05x16-a-1.pdf
2025-05-16,041,JARABACOA (EMA),LA VEGA,PROGRAMA MUNDIAL DE ALIMENTO,EMAP,28.9,17.2,2.0,https://indomet.gob.do/wp-content/uploads/2025/05/temperaturas-extremas-y-precipitaciones-2025x05x16-a-1.pdf
2025-05-16,042,SAN JOSÉ DE OCOA,SAN JOSÉ DE OCOA,HOSP. SAN JOSÉ DE OCOA,EMCO,28.9,,2.0,https://indomet.gob.do/wp-content/uploads/2025/05/temperaturas-extremas-y-precipitaciones-2025x05x16-a-1.pdf
2025-05-16,043,TAMBORIL,SANTIAGO,MINISTERIO DE AGRICULTURA,EMCV,,,1.3,https://indomet.gob.do/wp-content/uploads/2025/05/temperaturas-extremas-y-precipitaciones-2025x05x16-a-1.pdf
2025-05-16,044,OVIEDO,PEDERNALES,CLÍNICA RURAL OVIEDO,EMCO,33.0,21.5,1.0,https://indomet.gob.do/wp-content/uploads/2025/05/temperaturas-extremas-y-precipitaciones-2025x05x16-a-1.pdf
2025-05-16,045,SAN CRISTÓBAL,SAN CRISTÓBAL,INSTITUTO POLITÉCNICO LOYOLA,EMCO,30.0,20.2,1.0,https://indomet.gob.do/wp-content/uploads/2025/05/temperaturas-extremas-y-precipitaciones-2025x05x16-a-1.pdf
2025-05-16,046,LA VEGA,LA VEGA,IATESA,EMCO,31.0,20.9,0.9,https://indomet.gob.do/wp-content/uploads/2025/05/temperaturas-extremas-y-precipitaciones-2025x05x16-a-1.pdf
2025-05-16,047,DAJABÓN,DAJABÓN,INSTITUTO POLITÉCNICO LOYOLA,EMCO,32.8,18.1,0.6,https://indomet.gob.do/wp-content/uploads/2025/05/temperaturas-extremas-y-precipitaciones-2025x05x16-a-1.pdf
2025-05-16,048,PADRE LAS CASAS,AZUA,HOSP. NTRA. SRA. DEL CARMEN,EMCO,31.0,18.5,0.6,https://indomet.gob.do/wp-content/uploads/2025/05/temperaturas-extremas-y-precipitaciones-2025x05x16-a-1.pdf
2025-05-16,049,SAMANÁ,SAMANÁ,COMANDANCIA DE PUERTO DE SAMANÁ,EMCO,29.9,20.9,0.6,https://indomet.gob.do/wp-content/uploads/2025/05/temperaturas-extremas-y-precipitaciones-2025x05x16-a-1.pdf
2025-05-16,050,SAN RAFAEL DEL YUMA,LA ALTAGRACIA,MINISTERIO DE AGRICULTURA,EMCO,30.1,22.0,0.6,https://indomet.gob.do/wp-content/uploads/2025/05/temperaturas-extremas-y-precipitaciones-2025x05x16-a-1.pdf
2025-05-16,051,BAYAGUANA,MONTE PLATA,ONAMET,EMCO,30.2,22.7,0.5,https://indomet.gob.do/wp-content/uploads/2025/05/temperaturas-extremas-y-precipitaciones-2025x05x16-a-1.pdf
2025-05-16,052,ESCONDIDO,PERAVIA,MINISTERIO DE AGRICULTURA,EMCV,30.0,23.0,0.3,https://indomet.gob.do/wp-content/uploads/2025/05/temperaturas-extremas-y-precipitaciones-2025x05x16-a-1.pdf
2025-05-16,053,HATO MAYOR,HATO MAYOR,MINISTERIO DE AGRICULTURA,EMCV,,,0.3,https://indomet.gob.do/wp-content/uploads/2025/05/temperaturas-extremas-y-precipitaciones-2025x05x16-a-1.pdf
2025-05-16,054,ARPT. DEL CIBAO,SANTIAGO,ONAMET,EMCO,32.4,21.2,0.2,https://indomet.gob.do/wp-content/uploads/2025/05/temperaturas-extremas-y-precipitaciones-2025x05x16-a-1.pdf
2025-05-16,055,PERALTA,AZUA,HOSP. MPAL. DE PERALTA,EMCO,25.0,17.7,0.1,https://indomet.gob.do/wp-content/uploads/2025/05/temperaturas-extremas-y-precipitaciones-2025x05x16-a-1.pdf
2025-05-16,056,SALCEDO,HERMANAS MIRABAL,PROPIEDAD DEL EMPLEADO,EMCO,,,0.1,https://indomet.gob.do/wp-content/uploads/2025/05/temperaturas-extremas-y-precipitaciones-2025x05x16-a-1.pdf
2025-05-16,057,SÁNCHEZ,SAMANÁ,MINISTERIO DE AGRICULTURA,EMCO,30.2,22.5,0.1,https://indomet.gob.do/wp-content/uploads/2025/05/temperaturas-extremas-y-precipitaciones-2025x05x16-a-1.pdf
2025-05-16,058,ARPT. ARROYO BARRIL,SAMANÁ,ONAMET,EMCO,30.5,22.2,0.0,https://indomet.gob.do/wp-content/uploads/2025/05/temperaturas-extremas-y-precipitaciones-2025x05x16-a-1.pdf
2025-05-16,059,ARPT. EL CATEY,SAMANÁ,ONAMET,EMCO,28.5,22.6,0.0,https://indomet.gob.do/wp-content/uploads/2025/05/temperaturas-extremas-y-precipitaciones-2025x05x16-a-1.pdf
2025-05-16,060,ARPT. GREGORIO LUPERÓN,PUERTO PLATA,ONAMET,EMCO,31.0,22.6,0.0,https://indomet.gob.do/wp-content/uploads/2025/05/temperaturas-extremas-y-precipitaciones-2025x05x16-a-1.pdf
2025-05-16,061,GASPAR HERNÁNDEZ,ESPAILLAT,PROPIEDAD DEL EMPLEADO,EMCO,,,0.0,https://indomet.gob.do/wp-content/uploads/2025/05/temperaturas-extremas-y-precipitaciones-2025x05x16-a-1.pdf
2025-05-16,062,LAS CANAS (EMA),MONTE CRISTI,PROGRAMA MUNDIAL DE ALIMENTO,EMAP,29.0,20.8,0.0,https://indomet.gob.do/wp-content/uploads/2025/05/temperaturas-extremas-y-precipitaciones-2025x05x16-a-1.pdf
2025-05-16,063,LAS MATAS DE SANTA CRUZ (EMA,MONTE CRISTI,PROGRAMA MUNDIAL DE ALIMENTO,EMAP,,,0.0,https://indomet.gob.do/wp-content/uploads/2025/05/temperaturas-extremas-y-precipitaciones-2025x05x16-a-1.pdf
2025-05-16,064,MAO,VALVERDE,INDRHI / MINISTERIO DE AGRICULTURA,EMCV,,,0.0,https://indomet.gob.do/wp-content/uploads/2025/05/temperaturas-extremas-y-precipitaciones-2025x05x16-a-1.pdf
2025-05-16,065,MONTE CRISTI,MONTE CRISTI,ONAMET,EMCO,33.5,22.4,0.0,https://indomet.gob.do/wp-content/uploads/2025/05/temperaturas-extremas-y-precipitaciones-2025x05x16-a-1.pdf
2025-05-16,066,PALO ÍNDIO,PUERTO PLATA,MINISTERIO DE AGRICULTURA,EMCO,,,0.0,https://indomet.gob.do/wp-content/uploads/2025/05/temperaturas-extremas-y-precipitaciones-2025x05x16-a-1.pdf
2025-05-16,067,PONTÓN ABAJO (EMA),LA VEGA,MINISTERIO DE AGRICULTURA,EMAP,31.6,21.1,0.0,https://indomet.gob.do/wp-content/uploads/2025/05/temperaturas-extremas-y-precipitaciones-2025x05x16-a-1.pdf
2025-05-16,068,PRESA DE TAVERAS (EMA),LA VEGA,PROGRAMA MUNDIAL DE ALIMENTO,EMAP,28.5,19.7,0.0,https://indomet.gob.do/wp-content/uploads/2025/05/temperaturas-extremas-y-precipitaciones-2025x05x16-a-1.pdf
2025-05-16,069,RÍO SAN JUAN,MARÍA TRINIDAD SÁNCHEZ,HOSP. MPAL. DR. DESIDERIO ACOSTA,EMCV,33.3,22.3,0.0,https://indomet.gob.do/wp-content/uploads/2025/05/temperaturas-extremas-y-precipitaciones-2025x05x16-a-1.pdf
2025-05-16,070,SABANA DE LA MAR,HATO MAYOR,ONAMET,EMCO,26.0,22.0,0.0,https://indomet.gob.do/wp-content/uploads/2025/05/temperaturas-extremas-y-precipitaciones-2025x05x16-a-1.pdf
2025-05-16,071,SABANETA (EMA),SANTIAGO RODRÍGUEZ,PROGRAMA MUNDIAL DE ALIMENTO,EMAP,33.6,21.2,0.0,https://indomet.gob.do/wp-content/uploads/2025/05/temperaturas-extremas-y-precipitaciones-2025x05x16-a-1.pdf
2025-05-16,072,SANTIAGO RODRÍGUEZ,SANTIAGO RODRÍGUEZ,ONAMET,EMCO,34.0,21.6,0.0,https://indomet.gob.do/wp-content/uploads/2025/05/temperaturas-extremas-y-precipitaciones-2025x05x16-a-1.pdf
2025-05-16,073,TÁBARA ABAJO,AZUA,INDRHI,EMCO,34.5,20.0,0.0,https://indomet.gob.do/wp-content/uploads/2025/05/temperaturas-extremas-y-precipitaciones-2025x05x16-a-1.pdf
2025-05-17,001,JUMA BEJUCAL,MONSEÑOR NOUEL,IDIAF,EMCV,30.6,19.4,76.5,https://indomet.gob.do/wp-content/uploads/2025/05/temperaturas-extremas-y-precipitaciones-2025x05x17-a.pdf
2025-05-17,002,BONAO,MONSEÑOR NOUEL,MINISTERIO DE AGRICULTURA,EMCV,,,57.4,https://indomet.gob.do/wp-content/uploads/2025/05/temperaturas-extremas-y-precipitaciones-2025x05x17-a.pdf
2025-05-17,003,ARPT. DE LA ROMANA,LA ROMANA,ONAMET,EMCO,31.5,21.0,55.0,https://indomet.gob.do/wp-content/uploads/2025/05/temperaturas-extremas-y-precipitaciones-2025x05x17-a.pdf
2025-05-17,004,ARPT. DE LAS AMÉRICAS,SANTO DOMINGO,ONAMET,EMCO,30.8,21.0,45.0,https://indomet.gob.do/wp-content/uploads/2025/05/temperaturas-extremas-y-precipitaciones-2025x05x17-a.pdf
2025-05-17,005,ARPT. LA ISABELA,SANTO DOMINGO,ONAMET,EMCO,31.8,20.0,43.9,https://indomet.gob.do/wp-content/uploads/2025/05/temperaturas-extremas-y-precipitaciones-2025x05x17-a.pdf
2025-05-17,006,ELÍAS PIÑA,ELÍAS PIÑA,MINISTERIO DE AGRICULTURA,EMCV,,,43.0,https://indomet.gob.do/wp-content/uploads/2025/05/temperaturas-extremas-y-precipitaciones-2025x05x17-a.pdf
2025-05-17,007,SÁNCHEZ,SAMANÁ,MINISTERIO DE AGRICULTURA,EMCO,30.3,21.0,41.6,https://indomet.gob.do/wp-content/uploads/2025/05/temperaturas-extremas-y-precipitaciones-2025x05x17-a.pdf
2025-05-17,008,SAN CRISTÓBAL,SAN CRISTÓBAL,INSTITUTO POLITÉCNICO LOYOLA,EMCO,32.2,20.2,40.1,https://indomet.gob.do/wp-content/uploads/2025/05/temperaturas-extremas-y-precipitaciones-2025x05x17-a.pdf
2025-05-17,009,BANI (EMA),PERAVIA,MINISTERIO DE AGRICULTURA,EMAP,,,26.2,https://indomet.gob.do/wp-content/uploads/2025/05/temperaturas-extremas-y-precipitaciones-2025x05x17-a.pdf
2025-05-17,010,RESTAURACIÓN,DAJABÓN,MINISTERIO DE AGRICULTURA,EMCO,,16.4,20.7,https://indomet.gob.do/wp-content/uploads/2025/05/temperaturas-extremas-y-precipitaciones-2025x05x17-a.pdf
2025-05-17,011,LOS LLANOS,SAN PEDRO DE MACORÍS,MINISTERIO DE AGRICULTURA,EMCO,33.2,21.8,18.0,https://indomet.gob.do/wp-content/uploads/2025/05/temperaturas-extremas-y-precipitaciones-2025x05x17-a.pdf
2025-05-17,012,CENTRO DE LOS HEROES (EMA),DISTRITO NACIONAL,MINISTERIO DE ENERGIA Y MINA,EMAP,32.8,24.2,15.8,https://indomet.gob.do/wp-content/uploads/2025/05/temperaturas-extremas-y-precipitaciones-2025x05x17-a.pdf
2025-05-17,013,ALTO BANDERA (EMA),LA VEGA,INTEC,EMAP,13.9,6.5,14.7,https://indomet.gob.do/wp-content/uploads/2025/05/temperaturas-extremas-y-precipitaciones-2025x05x17-a.pdf
2025-05-17,014,LA VICTORIA,SANTO DOMINGO,CUERPO DE BOMBEROS,EMCO,34.0,22.0,13.8,https://indomet.gob.do/wp-content/uploads/2025/05/temperaturas-extremas-y-precipitaciones-2025x05x17-a.pdf
2025-05-17,015,LA VEGA,LA VEGA,IATESA,EMCO,31.5,20.5,9.6,https://indomet.gob.do/wp-content/uploads/2025/05/temperaturas-extremas-y-precipitaciones-2025x05x17-a.pdf
2025-05-17,016,SANTO DOMINGO ESTE,SANTO DOMINGO,ONAMET,EMCO,33.4,23.0,8.8,https://indomet.gob.do/wp-content/uploads/2025/05/temperaturas-extremas-y-precipitaciones-2025x05x17-a.pdf
2025-05-17,017,RANCHO ARRIBA,SAN JOSÉ DE OCOA,CENTRO TECNOLÓGICO COMUNITARIO,EMCO,29.4,18.0,8.7,https://indomet.gob.do/wp-content/uploads/2025/05/temperaturas-extremas-y-precipitaciones-2025x05x17-a.pdf
2025-05-17,018,VILLA ALTAGRACIA,SAN CRISTÓBAL,ESCUELA JAVIER ANGULO GURIDI,EMCO,,,7.8,https://indomet.gob.do/wp-content/uploads/2025/05/temperaturas-extremas-y-precipitaciones-2025x05x17-a.pdf
2025-05-17,019,SABANA DE LA MAR,HATO MAYOR,ONAMET,EMCO,30.0,22.0,7.5,https://indomet.gob.do/wp-content/uploads/2025/05/temperaturas-extremas-y-precipitaciones-2025x05x17-a.pdf
2025-05-17,020,JIMANÍ,INDEPENDENCIA,MINISTERIO DE AGRICULTURA,EMCO,34.5,22.6,7.1,https://indomet.gob.do/wp-content/uploads/2025/05/temperaturas-extremas-y-precipitaciones-2025x05x17-a.pdf
2025-05-17,021,CONSTANZA,LA VEGA,MINISTERIO DE AGRICULTURA,EMCO,26.0,13.5,6.8,https://indomet.gob.do/wp-content/uploads/2025/05/temperaturas-extremas-y-precipitaciones-2025x05x17-a.pdf
2025-05-17,022,SAMANÁ,SAMANÁ,COMANDANCIA DE PUERTO DE SAMANÁ,EMCO,31.5,20.8,6.4,https://indomet.gob.do/wp-content/uploads/2025/05/temperaturas-extremas-y-precipitaciones-2025x05x17-a.pdf
2025-05-17,023,RÍO SAN JUAN,MARÍA TRINIDAD SÁNCHEZ,HOSP. MPAL. DR. DESIDERIO ACOSTA,EMCV,31.2,22.4,5.8,https://indomet.gob.do/wp-content/uploads/2025/05/temperaturas-extremas-y-precipitaciones-2025x05x17-a.pdf
2025-05-17,024,CONSTANZA (EMA),LA VEGA,PROGRAMA MUNDIAL DE ALIMENTO,EMAP,24.9,13.8,5.2,https://indomet.gob.do/wp-content/uploads/2025/05/temperaturas-extremas-y-precipitaciones-2025x05x17-a.pdf
2025-05-17,025,PALO ÍNDIO,PUERTO PLATA,MINISTERIO DE AGRICULTURA,EMCO,,,4.1,https://indomet.gob.do/wp-content/uploads/2025/05/temperaturas-extremas-y-precipitaciones-2025x05x17-a.pdf
2025-05-17,026,ALTAMIRA,PUERTO PLATA,HOSP. MPAL. DE ALTAMIRA,EMCO,31.0,19.1,4.0,https://indomet.gob.do/wp-content/uploads/2025/05/temperaturas-extremas-y-precipitaciones-2025x05x17-a.pdf
2025-05-17,027,SAN JOSÉ DE OCOA,SAN JOSÉ DE OCOA,HOSP. SAN JOSÉ DE OCOA,EMCO,30.7,,3.8,https://indomet.gob.do/wp-content/uploads/2025/05/temperaturas-extremas-y-precipitaciones-2025x05x17-a.pdf
2025-05-17,028,HONDO VALLE,ELÍAS PIÑA,MINISTERIO DE AGRICULTURA,EMCO,26.1,16.5,3.7,https://indomet.gob.do/wp-content/uploads/2025/05/temperaturas-extremas-y-precipitaciones-2025x05x17-a.pdf
2025-05-17,029,JARABACOA,LA VEGA,INDRHI / MARENA,EMCO,30.2,17.0,3.3,https://indomet.gob.do/wp-content/uploads/2025/05/temperaturas-extremas-y-precipitaciones-2025x05x17-a.pdf
2025-05-17,030,JARABACOA (EMA),LA VEGA,PROGRAMA MUNDIAL DE ALIMENTO,EMAP,30.0,17.6,3.2,https://indomet.gob.do/wp-content/uploads/2025/05/temperaturas-extremas-y-precipitaciones-2025x05x17-a.pdf
2025-05-17,031,TÁBARA ABAJO,AZUA,INDRHI,EMCO,35.9,23.0,2.8,https://indomet.gob.do/wp-content/uploads/2025/05/temperaturas-extremas-y-precipitaciones-2025x05x17-a.pdf
2025-05-17,032,PADRE LAS CASAS,AZUA,HOSP. NTRA. SRA. DEL CARMEN,EMCO,32.2,18.4,2.4,https://indomet.gob.do/wp-content/uploads/2025/05/temperaturas-extremas-y-precipitaciones-2025x05x17-a.pdf
2025-05-17,033,PERALTA,AZUA,HOSP. MPAL. DE PERALTA,EMCO,30.0,17.4,1.8,https://indomet.gob.do/wp-content/uploads/2025/05/temperaturas-extremas-y-precipitaciones-2025x05x17-a.pdf
2025-05-17,034,HATO MAYOR,HATO MAYOR,MINISTERIO DE AGRICULTURA,EMCV,,,1.0,https://indomet.gob.do/wp-content/uploads/2025/05/temperaturas-extremas-y-precipitaciones-2025x05x17-a.pdf
2025-05-17,035,ARPT. DE PUNTA CANA,LA ALTAGRACIA,ONAMET,EMCO,30.6,22.0,1.0,https://indomet.gob.do/wp-content/uploads/2025/05/temperaturas-extremas-y-precipitaciones-2025x05x17-a.pdf
2025-05-17,036,MONTE CRISTI,MONTE CRISTI,ONAMET,EMCO,33.8,22.8,0.8,https://indomet.gob.do/wp-content/uploads/2025/05/temperaturas-extremas-y-precipitaciones-2025x05x17-a.pdf
2025-05-17,037,ENRIQUILLO,BARAHONA,MINISTERIO DE AGRICULTURA,EMCV,32.0,24.3,0.6,https://indomet.gob.do/wp-content/uploads/2025/05/temperaturas-extremas-y-precipitaciones-2025x05x17-a.pdf
2025-05-17,038,SAN RAFAEL DEL YUMA,LA ALTAGRACIA,MINISTERIO DE AGRICULTURA,EMCO,32.9,21.5,0.6,https://indomet.gob.do/wp-content/uploads/2025/05/temperaturas-extremas-y-precipitaciones-2025x05x17-a.pdf
2025-05-17,039,ANAMUYA (EMA),LA ALTAGRACIA,MINISTERIO DE AGRICULTURA,EMAP,30.9,23.4,0.4,https://indomet.gob.do/wp-content/uploads/2025/05/temperaturas-extremas-y-precipitaciones-2025x05x17-a.pdf
2025-05-17,040,BOCA DE MAO (EMA),VALVERDE,MINISTERIO DE AGRICULTURA,EMAP,33.4,21.1,0.4,https://indomet.gob.do/wp-content/uploads/2025/05/temperaturas-extremas-y-precipitaciones-2025x05x17-a.pdf
2025-05-17,041,POLO,BARAHONA,INDOCAFE,EMCO,29.5,18.6,0.3,https://indomet.gob.do/wp-content/uploads/2025/05/temperaturas-extremas-y-precipitaciones-2025x05x17-a.pdf
2025-05-17,042,ARPT. DEL CIBAO,SANTIAGO,ONAMET,EMCO,32.5,21.4,0.1,https://indomet.gob.do/wp-content/uploads/2025/05/temperaturas-extremas-y-precipitaciones-2025x05x17-a.pdf
2025-05-17,043,ARROYO LORO,SAN JUAN,IDIAF,EMCO,32.2,19.5,0.1,https://indomet.gob.do/wp-content/uploads/2025/05/temperaturas-extremas-y-precipitaciones-2025x05x17-a.pdf
2025-05-17,044,CABRAL,BARAHONA,MINISTERIO DE AGRICULTURA,EMCV,33.0,22.8,0.1,https://indomet.gob.do/wp-content/uploads/2025/05/temperaturas-extremas-y-precipitaciones-2025x05x17-a.pdf
2025-05-17,045,OLIVARES,PEDERNALES,INDRHI,EMCO,,,0.1,https://indomet.gob.do/wp-content/uploads/2025/05/temperaturas-extremas-y-precipitaciones-2025x05x17-a.pdf
2025-05-17,046,PEDERNALES,PEDERNALES,INDRHI,EMCO,,,0.1,https://indomet.gob.do/wp-content/uploads/2025/05/temperaturas-extremas-y-precipitaciones-2025x05x17-a.pdf
2025-05-17,047,SABANA GRANDE DE BOYÁ,MONTE PLATA,MINISTERIO DE AGRICULTURA,EMCV,,,0.1,https://indomet.gob.do/wp-content/uploads/2025/05/temperaturas-extremas-y-precipitaciones-2025x05x17-a.pdf
2025-05-17,048,ARPT. ARROYO BARRIL,SAMANÁ,ONAMET,EMCO,29.5,22.2,0.0,https://indomet.gob.do/wp-content/uploads/2025/05/temperaturas-extremas-y-precipitaciones-2025x05x17-a.pdf
2025-05-17,049,ARPT. EL CATEY,SAMANÁ,ONAMET,EMCO,29.5,22.2,0.0,https://indomet.gob.do/wp-content/uploads/2025/05/temperaturas-extremas-y-precipitaciones-2025x05x17-a.pdf
2025-05-17,050,ARPT. GREGORIO LUPERÓN,PUERTO PLATA,ONAMET,EMCO,30.5,22.0,0.0,https://indomet.gob.do/wp-content/uploads/2025/05/temperaturas-extremas-y-precipitaciones-2025x05x17-a.pdf
2025-05-17,051,ARPT. MARÍA MONTEZ,BARAHONA,ONAMET,EMCO,32.2,22.0,0.0,https://indomet.gob.do/wp-content/uploads/2025/05/temperaturas-extremas-y-precipitaciones-2025x05x17-a.pdf
2025-05-17,052,BAYAGUANA,MONTE PLATA,ONAMET,EMCO,32.6,21.2,0.0,https://indomet.gob.do/wp-content/uploads/2025/05/temperaturas-extremas-y-precipitaciones-2025x05x17-a.pdf
2025-05-17,053,CABRERA,MARÍA TRINIDAD SÁNCHEZ,ESCUELA ARÍSTIDES FIALLO CABRAL,EMCO,31.5,23.5,0.0,https://indomet.gob.do/wp-content/uploads/2025/05/temperaturas-extremas-y-precipitaciones-2025x05x17-a.pdf
2025-05-17,054,DAJABÓN,DAJABÓN,INSTITUTO POLITÉCNICO LOYOLA,EMCO,34.3,20.1,0.0,https://indomet.gob.do/wp-content/uploads/2025/05/temperaturas-extremas-y-precipitaciones-2025x05x17-a.pdf
2025-05-17,055,EL FACTOR (EMA),MARÍA TRINIDAD SÁNCHEZ,INTEC,EMAP,31.3,22.1,0.0,https://indomet.gob.do/wp-content/uploads/2025/05/temperaturas-extremas-y-precipitaciones-2025x05x17-a.pdf
2025-05-17,056,GASPAR HERNÁNDEZ,ESPAILLAT,PROPIEDAD DEL EMPLEADO,EMCO,,,0.0,https://indomet.gob.do/wp-content/uploads/2025/05/temperaturas-extremas-y-precipitaciones-2025x05x17-a.pdf
2025-05-17,057,GURABO,SANTIAGO,MINISTERIO DE AGRICULTURA,EMCV,,,0.0,https://indomet.gob.do/wp-content/uploads/2025/05/temperaturas-extremas-y-precipitaciones-2025x05x17-a.pdf
2025-05-17,058,LAS CANAS (EMA),MONTE CRISTI,PROGRAMA MUNDIAL DE ALIMENTO,EMAP,28.5,20.4,0.0,https://indomet.gob.do/wp-content/uploads/2025/05/temperaturas-extremas-y-precipitaciones-2025x05x17-a.pdf
2025-05-17,059,LAS MATAS DE SANTA CRUZ (EMA,MONTE CRISTI,PROGRAMA MUNDIAL DE ALIMENTO,EMAP,,,0.0,https://indomet.gob.do/wp-content/uploads/2025/05/temperaturas-extremas-y-precipitaciones-2025x05x17-a.pdf
2025-05-17,060,MONCIÓN (EMA),SANTIAGO RODRÍGUEZ,PROGRAMA MUNDIAL DE ALIMENTO,EMAP,31.4,19.6,0.0,https://indomet.gob.do/wp-content/uploads/2025/05/temperaturas-extremas-y-precipitaciones-2025x05x17-a.pdf
2025-05-17,061,NAVARRETE,SANTIAGO,MINISTERIO DE AGRICULTURA,EMCV,,,0.0,https://indomet.gob.do/wp-content/uploads/2025/05/temperaturas-extremas-y-precipitaciones-2025x05x17-a.pdf
2025-05-17,062,OVIEDO,PEDERNALES,CLÍNICA RURAL OVIEDO,EMCO,33.0,25.0,0.0,https://indomet.gob.do/wp-content/uploads/2025/05/temperaturas-extremas-y-precipitaciones-2025x05x17-a.pdf
2025-05-17,063,PESCADERIA (EMA),BARAHONA,MINISTERIO DE AGRICULTURA,EMAP,32.9,22.9,0.0,https://indomet.gob.do/wp-content/uploads/2025/05/temperaturas-extremas-y-precipitaciones-2025x05x17-a.pdf
2025-05-17,064,PONTÓN ABAJO (EMA),LA VEGA,MINISTERIO DE AGRICULTURA,EMAP,33.6,21.2,0.0,https://indomet.gob.do/wp-content/uploads/2025/05/temperaturas-extremas-y-precipitaciones-2025x05x17-a.pdf
2025-05-17,065,PRESA DE TAVERAS (EMA),LA VEGA,PROGRAMA MUNDIAL DE ALIMENTO,EMAP,29.8,19.5,0.0,https://indomet.gob.do/wp-content/uploads/2025/05/temperaturas-extremas-y-precipitaciones-2025x05x17-a.pdf
2025-05-17,066,SABANETA (EMA),SANTIAGO RODRÍGUEZ,PROGRAMA MUNDIAL DE ALIMENTO,EMAP,34.8,21.3,0.0,https://indomet.gob.do/wp-content/uploads/2025/05/temperaturas-extremas-y-precipitaciones-2025x05x17-a.pdf
2025-05-17,067,SALCEDO,HERMANAS MIRABAL,PROPIEDAD DEL EMPLEADO,EMCO,,,0.0,https://indomet.gob.do/wp-content/uploads/2025/05/temperaturas-extremas-y-precipitaciones-2025x05x17-a.pdf
2025-05-17,068,SANTIAGO RODRÍGUEZ,SANTIAGO RODRÍGUEZ,ONAMET,EMCO,35.0,22.0,0.0,https://indomet.gob.do/wp-content/uploads/2025/05/temperaturas-extremas-y-precipitaciones-2025x05x17-a.pdf
2025-05-17,069,VILLA GONZALES,SANTIAGO,MINISTERIO DE AGRICULTURA,EMCO,,,0.0,https://indomet.gob.do/wp-content/uploads/2025/05/temperaturas-extremas-y-precipitaciones-2025x05x17-a.pdf
2025-05-17,070,VILLA ISABELA,PUERTO PLATA,MINISTERIO DE AGRICULTURA,EMCV,,,0.0,https://indomet.gob.do/wp-content/uploads/2025/05/temperaturas-extremas-y-precipitaciones-2025x05x17-a.pdf
2025-05-17,071,VILLA RIVA,DUARTE,HOSP. MPAL. ALICIA DE LEGENDRE,EMCO,31.0,21.2,0.0,https://indomet.gob.do/wp-content/uploads/2025/05/temperaturas-extremas-y-precipitaciones-2025x05x17-a.pdf
2025-05-18,001,ARROYO LORO,SAN JUAN,IDIAF,EMCO,31.6,20.0,39.7,https://indomet.gob.do/wp-content/uploads/2025/05/temperaturas-extremas-y-precipitaciones-2025x05x18-a.pdf
2025-05-18,002,EL CERCADO,SAN JUAN,MINISTERIO DE AGRICULTURA,EMCV,,,19.0,https://indomet.gob.do/wp-content/uploads/2025/05/temperaturas-extremas-y-precipitaciones-2025x05x18-a.pdf
2025-05-18,003,SAN JOSÉ DE OCOA,SAN JOSÉ DE OCOA,HOSP. SAN JOSÉ DE OCOA,EMCO,30.6,,19.0,https://indomet.gob.do/wp-content/uploads/2025/05/temperaturas-extremas-y-precipitaciones-2025x05x18-a.pdf
2025-05-18,004,POLO,BARAHONA,INDOCAFE,EMCO,29.0,18.0,12.0,https://indomet.gob.do/wp-content/uploads/2025/05/temperaturas-extremas-y-precipitaciones-2025x05x18-a.pdf
2025-05-18,005,BAYAGUANA,MONTE PLATA,ONAMET,EMCO,32.6,21.6,11.1,https://indomet.gob.do/wp-content/uploads/2025/05/temperaturas-extremas-y-precipitaciones-2025x05x18-a.pdf
2025-05-18,006,HATO MAYOR,HATO MAYOR,MINISTERIO DE AGRICULTURA,EMCV,,,10.9,https://indomet.gob.do/wp-content/uploads/2025/05/temperaturas-extremas-y-precipitaciones-2025x05x18-a.pdf
2025-05-18,007,JARABACOA (EMA),LA VEGA,PROGRAMA MUNDIAL DE ALIMENTO,EMAP,30.2,17.8,8.0,https://indomet.gob.do/wp-content/uploads/2025/05/temperaturas-extremas-y-precipitaciones-2025x05x18-a.pdf
2025-05-18,008,CENTRO DE LOS HEROES (EMA),DISTRITO NACIONAL,MINISTERIO DE ENERGIA Y MINA,EMAP,30.9,25.1,7.2,https://indomet.gob.do/wp-content/uploads/2025/05/temperaturas-extremas-y-precipitaciones-2025x05x18-a.pdf
2025-05-18,009,ALTO BANDERA (EMA),LA VEGA,INTEC,EMAP,13.9,8.3,6.9,https://indomet.gob.do/wp-content/uploads/2025/05/temperaturas-extremas-y-precipitaciones-2025x05x18-a.pdf
2025-05-18,010,JARABACOA,LA VEGA,INDRHI / MARENA,EMCO,30.4,17.4,6.9,https://indomet.gob.do/wp-content/uploads/2025/05/temperaturas-extremas-y-precipitaciones-2025x05x18-a.pdf
2025-05-18,011,HONDO VALLE,ELÍAS PIÑA,MINISTERIO DE AGRICULTURA,EMCO,26.9,17.8,6.2,https://indomet.gob.do/wp-content/uploads/2025/05/temperaturas-extremas-y-precipitaciones-2025x05x18-a.pdf
2025-05-18,012,BOHECHÍO,SAN JUAN,MINISTERIO DE AGRICULTURA,EMCV,,,6.0,https://indomet.gob.do/wp-content/uploads/2025/05/temperaturas-extremas-y-precipitaciones-2025x05x18-a.pdf
2025-05-18,013,ELÍAS PIÑA,ELÍAS PIÑA,MINISTERIO DE AGRICULTURA,EMCV,,,5.0,https://indomet.gob.do/wp-content/uploads/2025/05/temperaturas-extremas-y-precipitaciones-2025x05x18-a.pdf
2025-05-18,014,OLIVARES,PEDERNALES,INDRHI,EMCO,,,4.5,https://indomet.gob.do/wp-content/uploads/2025/05/temperaturas-extremas-y-precipitaciones-2025x05x18-a.pdf
2025-05-18,015,BONAO,MONSEÑOR NOUEL,MINISTERIO DE AGRICULTURA,EMCV,,,4.3,https://indomet.gob.do/wp-content/uploads/2025/05/temperaturas-extremas-y-precipitaciones-2025x05x18-a.pdf
2025-05-18,016,LOS LLANOS,SAN PEDRO DE MACORÍS,MINISTERIO DE AGRICULTURA,EMCO,33.3,21.9,4.2,https://indomet.gob.do/wp-content/uploads/2025/05/temperaturas-extremas-y-precipitaciones-2025x05x18-a.pdf
2025-05-18,017,RANCHO ARRIBA,SAN JOSÉ DE OCOA,CENTRO TECNOLÓGICO COMUNITARIO,EMCO,28.8,18.4,3.6,https://indomet.gob.do/wp-content/uploads/2025/05/temperaturas-extremas-y-precipitaciones-2025x05x18-a.pdf
2025-05-18,018,CABRAL,BARAHONA,MINISTERIO DE AGRICULTURA,EMCV,34.5,24.5,2.0,https://indomet.gob.do/wp-content/uploads/2025/05/temperaturas-extremas-y-precipitaciones-2025x05x18-a.pdf
2025-05-18,019,CONSTANZA,LA VEGA,MINISTERIO DE AGRICULTURA,EMCO,27.0,14.8,2.0,https://indomet.gob.do/wp-content/uploads/2025/05/temperaturas-extremas-y-precipitaciones-2025x05x18-a.pdf
2025-05-18,020,ARPT. MARÍA MONTEZ,BARAHONA,ONAMET,EMCO,31.5,22.5,1.8,https://indomet.gob.do/wp-content/uploads/2025/05/temperaturas-extremas-y-precipitaciones-2025x05x18-a.pdf
2025-05-18,021,CONSTANZA (EMA),LA VEGA,PROGRAMA MUNDIAL DE ALIMENTO,EMAP,25.7,15.4,1.6,https://indomet.gob.do/wp-content/uploads/2025/05/temperaturas-extremas-y-precipitaciones-2025x05x18-a.pdf
2025-05-18,022,JUMA BEJUCAL,MONSEÑOR NOUEL,IDIAF,EMCV,30.2,21.8,1.6,https://indomet.gob.do/wp-content/uploads/2025/05/temperaturas-extremas-y-precipitaciones-2025x05x18-a.pdf
2025-05-18,023,PERALTA,AZUA,HOSP. MPAL. DE PERALTA,EMCO,29.0,18.8,1.2,https://indomet.gob.do/wp-content/uploads/2025/05/temperaturas-extremas-y-precipitaciones-2025x05x18-a.pdf
2025-05-18,024,ARPT. DE LA ROMANA,LA ROMANA,ONAMET,EMCO,31.4,21.0,1.0,https://indomet.gob.do/wp-content/uploads/2025/05/temperaturas-extremas-y-precipitaciones-2025x05x18-a.pdf
2025-05-18,025,VILLA ALTAGRACIA,SAN CRISTÓBAL,ESCUELA JAVIER ANGULO GURIDI,EMCO,,,0.8,https://indomet.gob.do/wp-content/uploads/2025/05/temperaturas-extremas-y-precipitaciones-2025x05x18-a.pdf
2025-05-18,026,BOCA DE MAO (EMA),VALVERDE,MINISTERIO DE AGRICULTURA,EMAP,33.7,21.8,0.4,https://indomet.gob.do/wp-content/uploads/2025/05/temperaturas-extremas-y-precipitaciones-2025x05x18-a.pdf
2025-05-18,027,PADRE LAS CASAS,AZUA,HOSP. NTRA. SRA. DEL CARMEN,EMCO,32.0,20.5,0.4,https://indomet.gob.do/wp-content/uploads/2025/05/temperaturas-extremas-y-precipitaciones-2025x05x18-a.pdf
2025-05-18,028,PESCADERIA (EMA),BARAHONA,MINISTERIO DE AGRICULTURA,EMAP,32.4,24.8,0.4,https://indomet.gob.do/wp-content/uploads/2025/05/temperaturas-extremas-y-precipitaciones-2025x05x18-a.pdf
2025-05-18,029,PEDERNALES,PEDERNALES,INDRHI,EMCO,,,0.1,https://indomet.gob.do/wp-content/uploads/2025/05/temperaturas-extremas-y-precipitaciones-2025x05x18-a.pdf
2025-05-18,030,SABANA GRANDE DE BOYÁ,MONTE PLATA,MINISTERIO DE AGRICULTURA,EMCV,,,0.1,https://indomet.gob.do/wp-content/uploads/2025/05/temperaturas-extremas-y-precipitaciones-2025x05x18-a.pdf
2025-05-18,031,ALTAMIRA,PUERTO PLATA,HOSP. MPAL. DE ALTAMIRA,EMCO,31.4,18.9,0.0,https://indomet.gob.do/wp-content/uploads/2025/05/temperaturas-extremas-y-precipitaciones-2025x05x18-a.pdf
2025-05-18,032,ANAMUYA (EMA),LA ALTAGRACIA,MINISTERIO DE AGRICULTURA,EMAP,30.8,23.1,0.0,https://indomet.gob.do/wp-content/uploads/2025/05/temperaturas-extremas-y-precipitaciones-2025x05x18-a.pdf
2025-05-18,033,ARPT. ARROYO BARRIL,SAMANÁ,ONAMET,EMCO,30.8,22.8,0.0,https://indomet.gob.do/wp-content/uploads/2025/05/temperaturas-extremas-y-precipitaciones-2025x05x18-a.pdf
2025-05-18,034,ARPT. DE LAS AMÉRICAS,SANTO DOMINGO,ONAMET,EMCO,31.0,22.0,0.0,https://indomet.gob.do/wp-content/uploads/2025/05/temperaturas-extremas-y-precipitaciones-2025x05x18-a.pdf
2025-05-18,035,ARPT. DE PUNTA CANA,LA ALTAGRACIA,ONAMET,EMCO,30.5,24.2,0.0,https://indomet.gob.do/wp-content/uploads/2025/05/temperaturas-extremas-y-precipitaciones-2025x05x18-a.pdf
2025-05-18,036,ARPT. DEL CIBAO,SANTIAGO,ONAMET,EMCO,32.5,19.5,0.0,https://indomet.gob.do/wp-content/uploads/2025/05/temperaturas-extremas-y-precipitaciones-2025x05x18-a.pdf
2025-05-18,037,ARPT. EL CATEY,SAMANÁ,ONAMET,EMCO,31.2,22.2,0.0,https://indomet.gob.do/wp-content/uploads/2025/05/temperaturas-extremas-y-precipitaciones-2025x05x18-a.pdf
2025-05-18,038,ARPT. GREGORIO LUPERÓN,PUERTO PLATA,ONAMET,EMCO,31.2,22.2,0.0,https://indomet.gob.do/wp-content/uploads/2025/05/temperaturas-extremas-y-precipitaciones-2025x05x18-a.pdf
2025-05-18,039,ARPT. LA ISABELA,SANTO DOMINGO,ONAMET,EMCO,32.5,20.0,0.0,https://indomet.gob.do/wp-content/uploads/2025/05/temperaturas-extremas-y-precipitaciones-2025x05x18-a.pdf
2025-05-18,040,BASE AÉREA DE SAN ISIDRO,SANTO DOMINGO,FUERZA AÉREA DOMINICANA,EMCV,33.1,22.3,0.0,https://indomet.gob.do/wp-content/uploads/2025/05/temperaturas-extremas-y-precipitaciones-2025x05x18-a.pdf
2025-05-18,041,CABRERA,MARÍA TRINIDAD SÁNCHEZ,ESCUELA ARÍSTIDES FIALLO CABRAL,EMCO,32.0,25.0,0.0,https://indomet.gob.do/wp-content/uploads/2025/05/temperaturas-extremas-y-precipitaciones-2025x05x18-a.pdf
2025-05-18,042,DAJABÓN,DAJABÓN,INSTITUTO POLITÉCNICO LOYOLA,EMCO,34.3,19.6,0.0,https://indomet.gob.do/wp-content/uploads/2025/05/temperaturas-extremas-y-precipitaciones-2025x05x18-a.pdf
2025-05-18,043,EL FACTOR (EMA),MARÍA TRINIDAD SÁNCHEZ,INTEC,EMAP,31.3,21.6,0.0,https://indomet.gob.do/wp-content/uploads/2025/05/temperaturas-extremas-y-precipitaciones-2025x05x18-a.pdf
2025-05-18,044,EL SEIBO,EL SEIBO,MINISTERIO DE AGRICULTURA,EMCV,,,0.0,https://indomet.gob.do/wp-content/uploads/2025/05/temperaturas-extremas-y-precipitaciones-2025x05x18-a.pdf
2025-05-18,045,ENRIQUILLO,BARAHONA,MINISTERIO DE AGRICULTURA,EMCV,31.5,25.5,0.0,https://indomet.gob.do/wp-content/uploads/2025/05/temperaturas-extremas-y-precipitaciones-2025x05x18-a.pdf
2025-05-18,046,ESCONDIDO,PERAVIA,MINISTERIO DE AGRICULTURA,EMCV,31.0,24.0,0.0,https://indomet.gob.do/wp-content/uploads/2025/05/temperaturas-extremas-y-precipitaciones-2025x05x18-a.pdf
2025-05-18,047,GASPAR HERNÁNDEZ,ESPAILLAT,PROPIEDAD DEL EMPLEADO,EMCO,,,0.0,https://indomet.gob.do/wp-content/uploads/2025/05/temperaturas-extremas-y-precipitaciones-2025x05x18-a.pdf
2025-05-18,048,GURABO,SANTIAGO,MINISTERIO DE AGRICULTURA,EMCV,,,0.0,https://indomet.gob.do/wp-content/uploads/2025/05/temperaturas-extremas-y-precipitaciones-2025x05x18-a.pdf
2025-05-18,049,JARDÍN BOTÁNICO NACIONAL,DISTRITO NACIONAL,JARDÍN BOTÁNICO NACIONAL,EMCV,31.6,20.5,0.0,https://indomet.gob.do/wp-content/uploads/2025/05/temperaturas-extremas-y-precipitaciones-2025x05x18-a.pdf
2025-05-18,050,JIMANÍ,INDEPENDENCIA,MINISTERIO DE AGRICULTURA,EMCO,34.0,23.0,0.0,https://indomet.gob.do/wp-content/uploads/2025/05/temperaturas-extremas-y-precipitaciones-2025x05x18-a.pdf
2025-05-18,051,LA VEGA,LA VEGA,IATESA,EMCO,32.5,21.5,0.0,https://indomet.gob.do/wp-content/uploads/2025/05/temperaturas-extremas-y-precipitaciones-2025x05x18-a.pdf
2025-05-18,052,LA VICTORIA,SANTO DOMINGO,CUERPO DE BOMBEROS,EMCO,33.5,22.7,0.0,https://indomet.gob.do/wp-content/uploads/2025/05/temperaturas-extremas-y-precipitaciones-2025x05x18-a.pdf
2025-05-18,053,LAS CANAS (EMA),MONTE CRISTI,PROGRAMA MUNDIAL DE ALIMENTO,EMAP,28.6,21.1,0.0,https://indomet.gob.do/wp-content/uploads/2025/05/temperaturas-extremas-y-precipitaciones-2025x05x18-a.pdf
2025-05-18,054,LAS MATAS DE SANTA CRUZ,MONTE CRISTI,INDRHI,EMCV,,,0.0,https://indomet.gob.do/wp-content/uploads/2025/05/temperaturas-extremas-y-precipitaciones-2025x05x18-a.pdf
2025-05-18,055,LAS MATAS DE SANTA CRUZ (EMA),MONTE CRISTI,PROGRAMA MUNDIAL DE ALIMENTO,EMAP,31.6,22.2,0.0,https://indomet.gob.do/wp-content/uploads/2025/05/temperaturas-extremas-y-precipitaciones-2025x05x18-a.pdf
2025-05-18,056,MAO,VALVERDE,INDRHI / MINISTERIO DE AGRICULTURA,EMCV,,,0.0,https://indomet.gob.do/wp-content/uploads/2025/05/temperaturas-extremas-y-precipitaciones-2025x05x18-a.pdf
2025-05-18,057,MONCIÓN (EMA),SANTIAGO RODRÍGUEZ,PROGRAMA MUNDIAL DE ALIMENTO,EMAP,31.9,19.8,0.0,https://indomet.gob.do/wp-content/uploads/2025/05/temperaturas-extremas-y-precipitaciones-2025x05x18-a.pdf
2025-05-18,058,MONTE CRISTI,MONTE CRISTI,ONAMET,EMCO,34.3,22.7,0.0,https://indomet.gob.do/wp-content/uploads/2025/05/temperaturas-extremas-y-precipitaciones-2025x05x18-a.pdf
2025-05-18,059,NAVARRETE,SANTIAGO,MINISTERIO DE AGRICULTURA,EMCV,,,0.0,https://indomet.gob.do/wp-content/uploads/2025/05/temperaturas-extremas-y-precipitaciones-2025x05x18-a.pdf
2025-05-18,060,OVIEDO,PEDERNALES,CLÍNICA RURAL OVIEDO,EMCO,32.7,26.0,0.0,https://indomet.gob.do/wp-content/uploads/2025/05/temperaturas-extremas-y-precipitaciones-2025x05x18-a.pdf
2025-05-18,061,PALO ÍNDIO,PUERTO PLATA,MINISTERIO DE AGRICULTURA,EMCO,,,0.0,https://indomet.gob.do/wp-content/uploads/2025/05/temperaturas-extremas-y-precipitaciones-2025x05x18-a.pdf
2025-05-18,062,PONTÓN ABAJO (EMA),LA VEGA,MINISTERIO DE AGRICULTURA,EMAP,33.3,22.5,0.0,https://indomet.gob.do/wp-content/uploads/2025/05/temperaturas-extremas-y-precipitaciones-2025x05x18-a.pdf
2025-05-18,063,PRESA DE TAVERAS (EMA),LA VEGA,PROGRAMA MUNDIAL DE ALIMENTO,EMAP,30.4,21.7,0.0,https://indomet.gob.do/wp-content/uploads/2025/05/temperaturas-extremas-y-precipitaciones-2025x05x18-a.pdf
2025-05-18,064,RESTAURACIÓN,DAJABÓN,MINISTERIO DE AGRICULTURA,EMCO,,17.6,0.0,https://indomet.gob.do/wp-content/uploads/2025/05/temperaturas-extremas-y-precipitaciones-2025x05x18-a.pdf
2025-05-18,065,RÍO SAN JUAN,MARÍA TRINIDAD SÁNCHEZ,HOSP. MPAL. DR. DESIDERIO ACOSTA,EMCV,33.0,22.0,0.0,https://indomet.gob.do/wp-content/uploads/2025/05/temperaturas-extremas-y-precipitaciones-2025x05x18-a.pdf
2025-05-18,066,SABANA DE LA MAR,HATO MAYOR,ONAMET,EMCO,30.0,21.5,0.0,https://indomet.gob.do/wp-content/uploads/2025/05/temperaturas-extremas-y-precipitaciones-2025x05x18-a.pdf
2025-05-18,067,SABANETA (EMA),SANTIAGO RODRÍGUEZ,PROGRAMA MUNDIAL DE ALIMENTO,EMAP,35.3,23.3,0.0,https://indomet.gob.do/wp-content/uploads/2025/05/temperaturas-extremas-y-precipitaciones-2025x05x18-a.pdf
2025-05-18,068,SALCEDO,HERMANAS MIRABAL,PROPIEDAD DEL EMPLEADO,EMCO,,,0.0,https://indomet.gob.do/wp-content/uploads/2025/05/temperaturas-extremas-y-precipitaciones-2025x05x18-a.pdf
2025-05-18,069,SAMANÁ,SAMANÁ,COMANDANCIA DE PUERTO DE SAMANÁ,EMCO,32.2,20.9,0.0,https://indomet.gob.do/wp-content/uploads/2025/05/temperaturas-extremas-y-precipitaciones-2025x05x18-a.pdf
2025-05-18,070,SAN CRISTÓBAL,SAN CRISTÓBAL,INSTITUTO POLITÉCNICO LOYOLA,EMCO,32.4,21.0,0.0,https://indomet.gob.do/wp-content/uploads/2025/05/temperaturas-extremas-y-precipitaciones-2025x05x18-a.pdf
2025-05-18,071,SAN FRANCISCO DE MACORÍS,DUARTE,San Francisco de Macorís (UASD),EMCO,32.9,20.8,0.0,https://indomet.gob.do/wp-content/uploads/2025/05/temperaturas-extremas-y-precipitaciones-2025x05x18-a.pdf
2025-05-18,072,SAN RAFAEL DEL YUMA,LA ALTAGRACIA,MINISTERIO DE AGRICULTURA,EMCO,33.0,22.0,0.0,https://indomet.gob.do/wp-content/uploads/2025/05/temperaturas-extremas-y-precipitaciones-2025x05x18-a.pdf
2025-05-18,073,SÁNCHEZ,SAMANÁ,MINISTERIO DE AGRICULTURA,EMCO,31.5,21.0,0.0,https://indomet.gob.do/wp-content/uploads/2025/05/temperaturas-extremas-y-precipitaciones-2025x05x18-a.pdf
2025-05-18,074,SANTIAGO RODRÍGUEZ,SANTIAGO RODRÍGUEZ,ONAMET,EMCO,35.5,24.0,0.0,https://indomet.gob.do/wp-content/uploads/2025/05/temperaturas-extremas-y-precipitaciones-2025x05x18-a.pdf
2025-05-18,075,SANTO DOMINGO ESTE,SANTO DOMINGO,ONAMET,EMCO,32.0,23.0,0.0,https://indomet.gob.do/wp-content/uploads/2025/05/temperaturas-extremas-y-precipitaciones-2025x05x18-a.pdf
2025-05-18,076,TÁBARA ABAJO,AZUA,INDRHI,EMCO,34.9,23.3,0.0,https://indomet.gob.do/wp-content/uploads/2025/05/temperaturas-extremas-y-precipitaciones-2025x05x18-a.pdf
2025-05-18,077,TAMBORIL,SANTIAGO,MINISTERIO DE AGRICULTURA,EMCV,,,0.0,https://indomet.gob.do/wp-content/uploads/2025/05/temperaturas-extremas-y-precipitaciones-2025x05x18-a.pdf
2025-05-18,078,VILLA GONZALES,SANTIAGO,MINISTERIO DE AGRICULTURA,EMCO,,,0.0,https://indomet.gob.do/wp-content/uploads/2025/05/temperaturas-extremas-y-precipitaciones-2025x05x18-a.pdf
2025-05-18,079,VILLA ISABELA,PUERTO PLATA,MINISTERIO DE AGRICULTURA,EMCV,,,0.0,https://indomet.gob.do/wp-content/uploads/2025/05/temperaturas-extremas-y-precipitaciones-2025x05x18-a.pdf
2025-05-18,080,VILLA RIVA,DUARTE,HOSP. MPAL. ALICIA DE LEGENDRE,EMCO,32.0,22.0,0.0,https://indomet.gob.do/wp-content/uploads/2025/05/temperaturas-extremas-y-precipitaciones-2025x05x18-a.pdf
2025-05-18,081,VALLE NUEVO,LA VEGA,MARENA,EMAP,19.8,12.7,24.6,https://indomet.gob.do/wp-content/uploads/2025/05/temperaturas-extremas-y-precipitaciones-2025x05x18-a.pdf
2025-05-19,001,EL SEIBO,EL SEIBO,MINISTERIO DE AGRICULTURA,EMCV,,,71.9,https://indomet.gob.do/wp-content/uploads/2025/05/temperaturas-extremas-y-precipitaciones-2025x05x19-a-1.pdf
2025-05-19,002,HATO MAYOR,HATO MAYOR,MINISTERIO DE AGRICULTURA,EMCV,,,20.6,https://indomet.gob.do/wp-content/uploads/2025/05/temperaturas-extremas-y-precipitaciones-2025x05x19-a-1.pdf
2025-05-19,003,CONSTANZA,LA VEGA,MINISTERIO DE AGRICULTURA,EMCO,28.0,15.2,20.3,https://indomet.gob.do/wp-content/uploads/2025/05/temperaturas-extremas-y-precipitaciones-2025x05x19-a-1.pdf
2025-05-19,004,POLO,BARAHONA,INDOCAFE,EMCO,29.2,19.5,17.4,https://indomet.gob.do/wp-content/uploads/2025/05/temperaturas-extremas-y-precipitaciones-2025x05x19-a-1.pdf
2025-05-19,005,JARABACOA (EMA),LA VEGA,PROGRAMA MUNDIAL DE ALIMENTO,EMAP,30.3,18.8,16.4,https://indomet.gob.do/wp-content/uploads/2025/05/temperaturas-extremas-y-precipitaciones-2025x05x19-a-1.pdf
2025-05-19,006,TAVERA,SANTIAGO,INDRHI,EMCO,,,14.7,https://indomet.gob.do/wp-content/uploads/2025/05/temperaturas-extremas-y-precipitaciones-2025x05x19-a-1.pdf
2025-05-19,007,JARABACOA,LA VEGA,INDRHI / MARENA,EMCO,30.2,17.6,14.6,https://indomet.gob.do/wp-content/uploads/2025/05/temperaturas-extremas-y-precipitaciones-2025x05x19-a-1.pdf
2025-05-19,008,CONSTANZA (EMA),LA VEGA,PROGRAMA MUNDIAL DE ALIMENTO,EMAP,26.7,15.7,14.4,https://indomet.gob.do/wp-content/uploads/2025/05/temperaturas-extremas-y-precipitaciones-2025x05x19-a-1.pdf
2025-05-19,009,JARDÍN BOTÁNICO NACIONAL,DISTRITO NACIONAL,JARDÍN BOTÁNICO NACIONAL,EMCV,32.4,21.6,13.2,https://indomet.gob.do/wp-content/uploads/2025/05/temperaturas-extremas-y-precipitaciones-2025x05x19-a-1.pdf
2025-05-19,010,BANI (EMA),PERAVIA,MINISTERIO DE AGRICULTURA,EMAP,31.7,24.4,11.8,https://indomet.gob.do/wp-content/uploads/2025/05/temperaturas-extremas-y-precipitaciones-2025x05x19-a-1.pdf
2025-05-19,011,HONDO VALLE,ELÍAS PIÑA,MINISTERIO DE AGRICULTURA,EMCO,26.4,16.8,9.4,https://indomet.gob.do/wp-content/uploads/2025/05/temperaturas-extremas-y-precipitaciones-2025x05x19-a-1.pdf
2025-05-19,012,OVIEDO,PEDERNALES,CLÍNICA RURAL OVIEDO,EMCO,33.0,24.5,6.8,https://indomet.gob.do/wp-content/uploads/2025/05/temperaturas-extremas-y-precipitaciones-2025x05x19-a-1.pdf
2025-05-19,013,SAMANÁ,SAMANÁ,COMANDANCIA DE PUERTO DE SAMANÁ,EMCO,32.8,23.0,6.6,https://indomet.gob.do/wp-content/uploads/2025/05/temperaturas-extremas-y-precipitaciones-2025x05x19-a-1.pdf
2025-05-19,014,PASO AL MEDIO,SAN PEDRO DE MACORÍS,INDRHI,EMCO,,,5.7,https://indomet.gob.do/wp-content/uploads/2025/05/temperaturas-extremas-y-precipitaciones-2025x05x19-a-1.pdf
2025-05-19,015,RESTAURACIÓN,DAJABÓN,MINISTERIO DE AGRICULTURA,EMCO,,18.7,4.6,https://indomet.gob.do/wp-content/uploads/2025/05/temperaturas-extremas-y-precipitaciones-2025x05x19-a-1.pdf
2025-05-19,016,CENTRO DE LOS HEROES (EMA),DISTRITO NACIONAL,MINISTERIO DE ENERGIA Y MINA,EMAP,30.8,25.7,3.4,https://indomet.gob.do/wp-content/uploads/2025/05/temperaturas-extremas-y-precipitaciones-2025x05x19-a-1.pdf
2025-05-19,017,VILLA ALTAGRACIA,SAN CRISTÓBAL,ESCUELA JAVIER ANGULO GURIDI,EMCO,,,2.6,https://indomet.gob.do/wp-content/uploads/2025/05/temperaturas-extremas-y-precipitaciones-2025x05x19-a-1.pdf
2025-05-19,018,PERALTA,AZUA,HOSP. MPAL. DE PERALTA,EMCO,30.3,18.0,2.4,https://indomet.gob.do/wp-content/uploads/2025/05/temperaturas-extremas-y-precipitaciones-2025x05x19-a-1.pdf
2025-05-19,019,OLIVARES,PEDERNALES,INDRHI,EMCO,,,2.3,https://indomet.gob.do/wp-content/uploads/2025/05/temperaturas-extremas-y-precipitaciones-2025x05x19-a-1.pdf
2025-05-19,020,ARPT. LA ISABELA,SANTO DOMINGO,ONAMET,EMCO,32.6,22.0,2.0,https://indomet.gob.do/wp-content/uploads/2025/05/temperaturas-extremas-y-precipitaciones-2025x05x19-a-1.pdf
2025-05-19,021,ALTO BANDERA (EMA),LA VEGA,INTEC,EMAP,14.8,7.3,1.8,https://indomet.gob.do/wp-content/uploads/2025/05/temperaturas-extremas-y-precipitaciones-2025x05x19-a-1.pdf
2025-05-19,022,CABRAL,BARAHONA,MINISTERIO DE AGRICULTURA,EMCV,32.9,23.8,1.3,https://indomet.gob.do/wp-content/uploads/2025/05/temperaturas-extremas-y-precipitaciones-2025x05x19-a-1.pdf
2025-05-19,023,LA VEGA,LA VEGA,IATESA,EMCO,33.6,23.5,1.3,https://indomet.gob.do/wp-content/uploads/2025/05/temperaturas-extremas-y-precipitaciones-2025x05x19-a-1.pdf
2025-05-19,024,PEDERNALES,PEDERNALES,INDRHI,EMCO,,,1.3,https://indomet.gob.do/wp-content/uploads/2025/05/temperaturas-extremas-y-precipitaciones-2025x05x19-a-1.pdf
2025-05-19,025,SAN JOSÉ DE OCOA,SAN JOSÉ DE OCOA,HOSP. SAN JOSÉ DE OCOA,EMCO,31.2,,0.8,https://indomet.gob.do/wp-content/uploads/2025/05/temperaturas-extremas-y-precipitaciones-2025x05x19-a-1.pdf
2025-05-19,026,ALTAMIRA,PUERTO PLATA,HOSP. MPAL. DE ALTAMIRA,EMCO,32.4,19.9,0.4,https://indomet.gob.do/wp-content/uploads/2025/05/temperaturas-extremas-y-precipitaciones-2025x05x19-a-1.pdf
2025-05-19,027,ENRIQUILLO,BARAHONA,MINISTERIO DE AGRICULTURA,EMCV,32.3,24.5,0.4,https://indomet.gob.do/wp-content/uploads/2025/05/temperaturas-extremas-y-precipitaciones-2025x05x19-a-1.pdf
2025-05-19,028,PADRE LAS CASAS,AZUA,HOSP. NTRA. SRA. DEL CARMEN,EMCO,33.4,19.7,0.4,https://indomet.gob.do/wp-content/uploads/2025/05/temperaturas-extremas-y-precipitaciones-2025x05x19-a-1.pdf
2025-05-19,029,ARPT. MARÍA MONTEZ,BARAHONA,ONAMET,EMCO,32.0,25.0,0.2,https://indomet.gob.do/wp-content/uploads/2025/05/temperaturas-extremas-y-precipitaciones-2025x05x19-a-1.pdf
2025-05-19,030,BOCA DE MAO (EMA),VALVERDE,MINISTERIO DE AGRICULTURA,EMAP,34.4,22.7,0.2,https://indomet.gob.do/wp-content/uploads/2025/05/temperaturas-extremas-y-precipitaciones-2025x05x19-a-1.pdf
2025-05-19,031,JUMA BEJUCAL,MONSEÑOR NOUEL,IDIAF,EMCV,30.8,22.6,0.2,https://indomet.gob.do/wp-content/uploads/2025/05/temperaturas-extremas-y-precipitaciones-2025x05x19-a-1.pdf
2025-05-19,032,BAYAGUANA,MONTE PLATA,ONAMET,EMCO,32.5,21.6,0.1,https://indomet.gob.do/wp-content/uploads/2025/05/temperaturas-extremas-y-precipitaciones-2025x05x19-a-1.pdf
2025-05-19,033,BOHECHÍO,SAN JUAN,MINISTERIO DE AGRICULTURA,EMCV,,,0.1,https://indomet.gob.do/wp-content/uploads/2025/05/temperaturas-extremas-y-precipitaciones-2025x05x19-a-1.pdf
2025-05-19,034,ELÍAS PIÑA,ELÍAS PIÑA,MINISTERIO DE AGRICULTURA,EMCV,,,0.1,https://indomet.gob.do/wp-content/uploads/2025/05/temperaturas-extremas-y-precipitaciones-2025x05x19-a-1.pdf
2025-05-19,035,JIMANÍ,INDEPENDENCIA,MINISTERIO DE AGRICULTURA,EMCO,34.8,24.4,0.1,https://indomet.gob.do/wp-content/uploads/2025/05/temperaturas-extremas-y-precipitaciones-2025x05x19-a-1.pdf
2025-05-19,036,SABANA GRANDE DE BOYÁ,MONTE PLATA,MINISTERIO DE AGRICULTURA,EMCV,,,0.1,https://indomet.gob.do/wp-content/uploads/2025/05/temperaturas-extremas-y-precipitaciones-2025x05x19-a-1.pdf
2025-05-19,037,ANAMUYA (EMA),LA ALTAGRACIA,MINISTERIO DE AGRICULTURA,EMAP,32.6,23.8,0.0,https://indomet.gob.do/wp-content/uploads/2025/05/temperaturas-extremas-y-precipitaciones-2025x05x19-a-1.pdf
2025-05-19,038,ARPT. ARROYO BARRIL,SAMANÁ,ONAMET,EMCO,31.3,22.9,0.0,https://indomet.gob.do/wp-content/uploads/2025/05/temperaturas-extremas-y-precipitaciones-2025x05x19-a-1.pdf
2025-05-19,039,ARPT. DE LA ROMANA,LA ROMANA,ONAMET,EMCO,31.1,21.0,0.0,https://indomet.gob.do/wp-content/uploads/2025/05/temperaturas-extremas-y-precipitaciones-2025x05x19-a-1.pdf
2025-05-19,040,ARPT. DE LAS AMÉRICAS,SANTO DOMINGO,ONAMET,EMCO,31.5,23.0,0.0,https://indomet.gob.do/wp-content/uploads/2025/05/temperaturas-extremas-y-precipitaciones-2025x05x19-a-1.pdf
2025-05-19,041,ARPT. DE PUNTA CANA,LA ALTAGRACIA,ONAMET,EMCO,30.8,24.5,0.0,https://indomet.gob.do/wp-content/uploads/2025/05/temperaturas-extremas-y-precipitaciones-2025x05x19-a-1.pdf
2025-05-19,042,ARPT. DEL CIBAO,SANTIAGO,ONAMET,EMCO,33.5,21.1,0.0,https://indomet.gob.do/wp-content/uploads/2025/05/temperaturas-extremas-y-precipitaciones-2025x05x19-a-1.pdf
2025-05-19,043,ARPT. EL CATEY,SAMANÁ,ONAMET,EMCO,31.7,22.0,0.0,https://indomet.gob.do/wp-content/uploads/2025/05/temperaturas-extremas-y-precipitaciones-2025x05x19-a-1.pdf
2025-05-19,044,ARPT. GREGORIO LUPERÓN,PUERTO PLATA,ONAMET,EMCO,31.5,22.0,0.0,https://indomet.gob.do/wp-content/uploads/2025/05/temperaturas-extremas-y-precipitaciones-2025x05x19-a-1.pdf
2025-05-19,045,ARROYO LORO,SAN JUAN,IDIAF,EMCO,31.7,22.0,0.0,https://indomet.gob.do/wp-content/uploads/2025/05/temperaturas-extremas-y-precipitaciones-2025x05x19-a-1.pdf
2025-05-19,046,BASE AÉREA DE SAN ISIDRO,SANTO DOMINGO,FUERZA AÉREA DOMINICANA,EMCV,31.5,24.0,0.0,https://indomet.gob.do/wp-content/uploads/2025/05/temperaturas-extremas-y-precipitaciones-2025x05x19-a-1.pdf
2025-05-19,047,BONAO,MONSEÑOR NOUEL,MINISTERIO DE AGRICULTURA,EMCV,,,0.0,https://indomet.gob.do/wp-content/uploads/2025/05/temperaturas-extremas-y-precipitaciones-2025x05x19-a-1.pdf
2025-05-19,048,CABRERA,MARÍA TRINIDAD SÁNCHEZ,ESCUELA ARÍSTIDES FIALLO CABRAL,EMCO,32.2,24.5,0.0,https://indomet.gob.do/wp-content/uploads/2025/05/temperaturas-extremas-y-precipitaciones-2025x05x19-a-1.pdf
2025-05-19,049,COTUÍ,SÁNCHEZ RAMÍREZ,HOSP. INMACULADA CONCEPCIÓN,EMCV,,,0.0,https://indomet.gob.do/wp-content/uploads/2025/05/temperaturas-extremas-y-precipitaciones-2025x05x19-a-1.pdf
2025-05-19,050,DAJABÓN,DAJABÓN,INSTITUTO POLITÉCNICO LOYOLA,EMCO,33.5,19.4,0.0,https://indomet.gob.do/wp-content/uploads/2025/05/temperaturas-extremas-y-precipitaciones-2025x05x19-a-1.pdf
2025-05-19,051,EL FACTOR (EMA),MARÍA TRINIDAD SÁNCHEZ,INTEC,EMAP,32.0,23.2,0.0,https://indomet.gob.do/wp-content/uploads/2025/05/temperaturas-extremas-y-precipitaciones-2025x05x19-a-1.pdf
2025-05-19,052,ESCONDIDO,PERAVIA,MINISTERIO DE AGRICULTURA,EMCV,32.0,24.0,0.0,https://indomet.gob.do/wp-content/uploads/2025/05/temperaturas-extremas-y-precipitaciones-2025x05x19-a-1.pdf
2025-05-19,053,GASPAR HERNÁNDEZ,ESPAILLAT,PROPIEDAD DEL EMPLEADO,EMCO,,,0.0,https://indomet.gob.do/wp-content/uploads/2025/05/temperaturas-extremas-y-precipitaciones-2025x05x19-a-1.pdf
2025-05-19,054,GURABO,SANTIAGO,MINISTERIO DE AGRICULTURA,EMCV,,,0.0,https://indomet.gob.do/wp-content/uploads/2025/05/temperaturas-extremas-y-precipitaciones-2025x05x19-a-1.pdf
2025-05-19,055,LA VICTORIA,SANTO DOMINGO,CUERPO DE BOMBEROS,EMCO,34.0,23.0,0.0,https://indomet.gob.do/wp-content/uploads/2025/05/temperaturas-extremas-y-precipitaciones-2025x05x19-a-1.pdf
2025-05-19,056,LAS CANAS (EMA),MONTE CRISTI,PROGRAMA MUNDIAL DE ALIMENTO,EMAP,28.4,21.9,0.0,https://indomet.gob.do/wp-content/uploads/2025/05/temperaturas-extremas-y-precipitaciones-2025x05x19-a-1.pdf
2025-05-19,057,LAS MATAS DE SANTA CRUZ,MONTE CRISTI,INDRHI,EMCV,,,0.0,https://indomet.gob.do/wp-content/uploads/2025/05/temperaturas-extremas-y-precipitaciones-2025x05x19-a-1.pdf
2025-05-19,058,LAS MATAS DE SANTA CRUZ (EMA,MONTE CRISTI,PROGRAMA MUNDIAL DE ALIMENTO,EMAP,,,0.0,https://indomet.gob.do/wp-content/uploads/2025/05/temperaturas-extremas-y-precipitaciones-2025x05x19-a-1.pdf
2025-05-19,059,LOS JENGIBRES,NAGUA,INDRHI,EMCO,,,0.0,https://indomet.gob.do/wp-content/uploads/2025/05/temperaturas-extremas-y-precipitaciones-2025x05x19-a-1.pdf
2025-05-19,060,LOS LLANOS,SAN PEDRO DE MACORÍS,MINISTERIO DE AGRICULTURA,EMCO,32.8,22.5,0.0,https://indomet.gob.do/wp-content/uploads/2025/05/temperaturas-extremas-y-precipitaciones-2025x05x19-a-1.pdf
2025-05-19,061,LOS TRES CHARCOS (EMA),PEDERNALES,PROPIEDAD DEL VOLUNTARIO,EMAP,,24.3,0.0,https://indomet.gob.do/wp-content/uploads/2025/05/temperaturas-extremas-y-precipitaciones-2025x05x19-a-1.pdf
2025-05-19,062,MAO,VALVERDE,INDRHI / MINISTERIO DE AGRICULTURA,EMCV,,,0.0,https://indomet.gob.do/wp-content/uploads/2025/05/temperaturas-extremas-y-precipitaciones-2025x05x19-a-1.pdf
2025-05-19,063,MOCA,ESPAILLAT,MINISTERIO DE AGRICULTURA,EMCV,,,0.0,https://indomet.gob.do/wp-content/uploads/2025/05/temperaturas-extremas-y-precipitaciones-2025x05x19-a-1.pdf
2025-05-19,064,MONCIÓN (EMA),SANTIAGO RODRÍGUEZ,PROGRAMA MUNDIAL DE ALIMENTO,EMAP,32.5,20.7,0.0,https://indomet.gob.do/wp-content/uploads/2025/05/temperaturas-extremas-y-precipitaciones-2025x05x19-a-1.pdf
2025-05-19,065,MONTE CRISTI,MONTE CRISTI,ONAMET,EMCO,34.0,23.0,0.0,https://indomet.gob.do/wp-content/uploads/2025/05/temperaturas-extremas-y-precipitaciones-2025x05x19-a-1.pdf
2025-05-19,066,NAVARRETE,SANTIAGO,MINISTERIO DE AGRICULTURA,EMCV,,,0.0,https://indomet.gob.do/wp-content/uploads/2025/05/temperaturas-extremas-y-precipitaciones-2025x05x19-a-1.pdf
2025-05-19,067,PALO ÍNDIO,PUERTO PLATA,MINISTERIO DE AGRICULTURA,EMCO,,,0.0,https://indomet.gob.do/wp-content/uploads/2025/05/temperaturas-extremas-y-precipitaciones-2025x05x19-a-1.pdf
2025-05-19,068,PESCADERIA (EMA),BARAHONA,MINISTERIO DE AGRICULTURA,EMAP,32.4,24.8,0.0,https://indomet.gob.do/wp-content/uploads/2025/05/temperaturas-extremas-y-precipitaciones-2025x05x19-a-1.pdf
2025-05-19,069,PONTÓN ABAJO (EMA),LA VEGA,MINISTERIO DE AGRICULTURA,EMAP,34.4,23.6,0.0,https://indomet.gob.do/wp-content/uploads/2025/05/temperaturas-extremas-y-precipitaciones-2025x05x19-a-1.pdf
2025-05-19,070,PRESA DE TAVERAS (EMA),LA VEGA,PROGRAMA MUNDIAL DE ALIMENTO,EMAP,29.9,21.2,0.0,https://indomet.gob.do/wp-content/uploads/2025/05/temperaturas-extremas-y-precipitaciones-2025x05x19-a-1.pdf
2025-05-19,071,RANCHO ARRIBA,SAN JOSÉ DE OCOA,CENTRO TECNOLÓGICO COMUNITARIO,EMCO,30.0,18.3,0.0,https://indomet.gob.do/wp-content/uploads/2025/05/temperaturas-extremas-y-precipitaciones-2025x05x19-a-1.pdf
2025-05-19,072,RÍO SAN JUAN,MARÍA TRINIDAD SÁNCHEZ,HOSP. MPAL. DR. DESIDERIO ACOSTA,EMCV,33.9,23.5,0.0,https://indomet.gob.do/wp-content/uploads/2025/05/temperaturas-extremas-y-precipitaciones-2025x05x19-a-1.pdf
2025-05-19,073,SABANA DE LA MAR,HATO MAYOR,ONAMET,EMCO,30.5,22.0,0.0,https://indomet.gob.do/wp-content/uploads/2025/05/temperaturas-extremas-y-precipitaciones-2025x05x19-a-1.pdf
2025-05-19,074,SABANETA (EMA),SANTIAGO RODRÍGUEZ,PROGRAMA MUNDIAL DE ALIMENTO,EMAP,35.6,23.1,0.0,https://indomet.gob.do/wp-content/uploads/2025/05/temperaturas-extremas-y-precipitaciones-2025x05x19-a-1.pdf
2025-05-19,075,SALCEDO,HERMANAS MIRABAL,PROPIEDAD DEL EMPLEADO,EMCO,,,0.0,https://indomet.gob.do/wp-content/uploads/2025/05/temperaturas-extremas-y-precipitaciones-2025x05x19-a-1.pdf
2025-05-19,076,SAN CRISTÓBAL,SAN CRISTÓBAL,INSTITUTO POLITÉCNICO LOYOLA,EMCO,31.0,21.2,0.0,https://indomet.gob.do/wp-content/uploads/2025/05/temperaturas-extremas-y-precipitaciones-2025x05x19-a-1.pdf
2025-05-19,077,SAN FRANCISCO DE MACORÍS,DUARTE,San Francisco de Macorís (UASD),EMCO,33.6,21.1,0.0,https://indomet.gob.do/wp-content/uploads/2025/05/temperaturas-extremas-y-precipitaciones-2025x05x19-a-1.pdf
2025-05-19,078,SÁNCHEZ,SAMANÁ,MINISTERIO DE AGRICULTURA,EMCO,32.4,23.1,0.0,https://indomet.gob.do/wp-content/uploads/2025/05/temperaturas-extremas-y-precipitaciones-2025x05x19-a-1.pdf
2025-05-19,079,SANTIAGO RODRÍGUEZ,SANTIAGO RODRÍGUEZ,ONAMET,EMCO,35.6,24.2,0.0,https://indomet.gob.do/wp-content/uploads/2025/05/temperaturas-extremas-y-precipitaciones-2025x05x19-a-1.pdf
2025-05-19,080,SANTO DOMINGO ESTE,SANTO DOMINGO,ONAMET,EMCO,32.6,24.5,0.0,https://indomet.gob.do/wp-content/uploads/2025/05/temperaturas-extremas-y-precipitaciones-2025x05x19-a-1.pdf
2025-05-19,081,TÁBARA ABAJO,AZUA,INDRHI,EMCO,35.8,22.0,0.0,https://indomet.gob.do/wp-content/uploads/2025/05/temperaturas-extremas-y-precipitaciones-2025x05x19-a-1.pdf
2025-05-19,082,TAMBORIL,SANTIAGO,MINISTERIO DE AGRICULTURA,EMCV,,,0.0,https://indomet.gob.do/wp-content/uploads/2025/05/temperaturas-extremas-y-precipitaciones-2025x05x19-a-1.pdf
2025-05-19,083,VILLA GONZALES,SANTIAGO,MINISTERIO DE AGRICULTURA,EMCO,,,0.0,https://indomet.gob.do/wp-content/uploads/2025/05/temperaturas-extremas-y-precipitaciones-2025x05x19-a-1.pdf
2025-05-19,084,VILLA RIVA,DUARTE,HOSP. MPAL. ALICIA DE LEGENDRE,EMCO,32.8,22.5,0.0,https://indomet.gob.do/wp-content/uploads/2025/05/temperaturas-extremas-y-precipitaciones-2025x05x19-a-1.pdf
2025-05-20,001,SANTIAGO RODRÍGUEZ,SANTIAGO RODRÍGUEZ,ONAMET,EMCO,36.3,24.5,19.7,https://indomet.gob.do/wp-content/uploads/2025/05/temperaturas-extremas-y-precipitaciones-2025x05x20-a.pdf
2025-05-20,002,JARDÍN BOTÁNICO NACIONAL,DISTRITO NACIONAL,JARDÍN BOTÁNICO NACIONAL,EMCV,33.8,19.0,17.6,https://indomet.gob.do/wp-content/uploads/2025/05/temperaturas-extremas-y-precipitaciones-2025x05x20-a.pdf
2025-05-20,003,MONCIÓN (EMA),SANTIAGO RODRÍGUEZ,PROGRAMA MUNDIAL DE ALIMENTO,EMAP,32.9,20.4,14.8,https://indomet.gob.do/wp-content/uploads/2025/05/temperaturas-extremas-y-precipitaciones-2025x05x20-a.pdf
2025-05-20,004,ESCONDIDO,PERAVIA,MINISTERIO DE AGRICULTURA,EMCV,32.0,24.0,13.4,https://indomet.gob.do/wp-content/uploads/2025/05/temperaturas-extremas-y-precipitaciones-2025x05x20-a.pdf
2025-05-20,005,MAO,VALVERDE,INDRHI / MINISTERIO DE AGRICULTURA,EMCV,,,9.9,https://indomet.gob.do/wp-content/uploads/2025/05/temperaturas-extremas-y-precipitaciones-2025x05x20-a.pdf
2025-05-20,006,CONSTANZA,LA VEGA,MINISTERIO DE AGRICULTURA,EMCO,28.6,15.6,8.3,https://indomet.gob.do/wp-content/uploads/2025/05/temperaturas-extremas-y-precipitaciones-2025x05x20-a.pdf
2025-05-20,007,SABANA DE LA MAR,HATO MAYOR,ONAMET,EMCO,31.0,23.0,6.5,https://indomet.gob.do/wp-content/uploads/2025/05/temperaturas-extremas-y-precipitaciones-2025x05x20-a.pdf
2025-05-20,008,CONSTANZA (EMA),LA VEGA,PROGRAMA MUNDIAL DE ALIMENTO,EMAP,27.6,16.3,6.4,https://indomet.gob.do/wp-content/uploads/2025/05/temperaturas-extremas-y-precipitaciones-2025x05x20-a.pdf
2025-05-20,009,PADRE LAS CASAS,AZUA,HOSP. NTRA. SRA. DEL CARMEN,EMCO,32.7,21.0,5.4,https://indomet.gob.do/wp-content/uploads/2025/05/temperaturas-extremas-y-precipitaciones-2025x05x20-a.pdf
2025-05-20,010,POLO,BARAHONA,INDOCAFE,EMCO,28.7,17.5,4.6,https://indomet.gob.do/wp-content/uploads/2025/05/temperaturas-extremas-y-precipitaciones-2025x05x20-a.pdf
2025-05-20,011,RESTAURACIÓN,DAJABÓN,MINISTERIO DE AGRICULTURA,EMCO,,17.2,4.1,https://indomet.gob.do/wp-content/uploads/2025/05/temperaturas-extremas-y-precipitaciones-2025x05x20-a.pdf
2025-05-20,012,HATO MAYOR,HATO MAYOR,MINISTERIO DE AGRICULTURA,EMCV,,,3.8,https://indomet.gob.do/wp-content/uploads/2025/05/temperaturas-extremas-y-precipitaciones-2025x05x20-a.pdf
2025-05-20,013,BOHECHÍO,SAN JUAN,MINISTERIO DE AGRICULTURA,EMCV,,,2.6,https://indomet.gob.do/wp-content/uploads/2025/05/temperaturas-extremas-y-precipitaciones-2025x05x20-a.pdf
2025-05-20,014,CENTRO DE LOS HEROES (EMA),DISTRITO NACIONAL,MINISTERIO DE ENERGIA Y MINA,EMAP,31.1,25.5,2.6,https://indomet.gob.do/wp-content/uploads/2025/05/temperaturas-extremas-y-precipitaciones-2025x05x20-a.pdf
2025-05-20,015,LOS TRES CHARCOS (EMA),PEDERNALES,PROPIEDAD DEL VOLUNTARIO,EMAP,33.4,24.4,2.6,https://indomet.gob.do/wp-content/uploads/2025/05/temperaturas-extremas-y-precipitaciones-2025x05x20-a.pdf
2025-05-20,016,HONDO VALLE,ELÍAS PIÑA,MINISTERIO DE AGRICULTURA,EMCO,29.0,16.3,2.5,https://indomet.gob.do/wp-content/uploads/2025/05/temperaturas-extremas-y-precipitaciones-2025x05x20-a.pdf
2025-05-20,017,ARPT. ARROYO BARRIL,SAMANÁ,ONAMET,EMCO,32.5,23.0,2.4,https://indomet.gob.do/wp-content/uploads/2025/05/temperaturas-extremas-y-precipitaciones-2025x05x20-a.pdf
2025-05-20,018,SAMANÁ,SAMANÁ,COMANDANCIA DE PUERTO DE SAMANÁ,EMCO,33.0,23.9,1.0,https://indomet.gob.do/wp-content/uploads/2025/05/temperaturas-extremas-y-precipitaciones-2025x05x20-a.pdf
2025-05-20,019,BONAO,MONSEÑOR NOUEL,MINISTERIO DE AGRICULTURA,EMCV,,,0.5,https://indomet.gob.do/wp-content/uploads/2025/05/temperaturas-extremas-y-precipitaciones-2025x05x20-a.pdf
2025-05-20,020,ALTAMIRA,PUERTO PLATA,HOSP. MPAL. DE ALTAMIRA,EMCO,34.6,20.7,0.4,https://indomet.gob.do/wp-content/uploads/2025/05/temperaturas-extremas-y-precipitaciones-2025x05x20-a.pdf
2025-05-20,021,ALTO BANDERA (EMA),LA VEGA,INTEC,EMAP,16.8,8.3,0.3,https://indomet.gob.do/wp-content/uploads/2025/05/temperaturas-extremas-y-precipitaciones-2025x05x20-a.pdf
2025-05-20,022,ARPT. MARÍA MONTEZ,BARAHONA,ONAMET,EMCO,32.6,25.0,0.2,https://indomet.gob.do/wp-content/uploads/2025/05/temperaturas-extremas-y-precipitaciones-2025x05x20-a.pdf
2025-05-20,023,BOCA DE MAO (EMA),VALVERDE,MINISTERIO DE AGRICULTURA,EMAP,35.9,22.4,0.2,https://indomet.gob.do/wp-content/uploads/2025/05/temperaturas-extremas-y-precipitaciones-2025x05x20-a.pdf
2025-05-20,024,CABRAL,BARAHONA,MINISTERIO DE AGRICULTURA,EMCV,33.5,23.9,0.2,https://indomet.gob.do/wp-content/uploads/2025/05/temperaturas-extremas-y-precipitaciones-2025x05x20-a.pdf
2025-05-20,025,JARABACOA,LA VEGA,INDRHI / MARENA,EMCO,32.0,18.6,0.1,https://indomet.gob.do/wp-content/uploads/2025/05/temperaturas-extremas-y-precipitaciones-2025x05x20-a.pdf
2025-05-20,026,JIMANÍ,INDEPENDENCIA,MINISTERIO DE AGRICULTURA,EMCO,34.5,25.0,0.1,https://indomet.gob.do/wp-content/uploads/2025/05/temperaturas-extremas-y-precipitaciones-2025x05x20-a.pdf
2025-05-20,027,VILLA GONZALES,SANTIAGO,MINISTERIO DE AGRICULTURA,EMCO,,,0.1,https://indomet.gob.do/wp-content/uploads/2025/05/temperaturas-extremas-y-precipitaciones-2025x05x20-a.pdf
2025-05-20,028,ANAMUYA (EMA),LA ALTAGRACIA,MINISTERIO DE AGRICULTURA,EMAP,33.2,23.8,0.0,https://indomet.gob.do/wp-content/uploads/2025/05/temperaturas-extremas-y-precipitaciones-2025x05x20-a.pdf
2025-05-20,029,ARPT. DE LA ROMANA,LA ROMANA,ONAMET,EMCO,32.0,22.5,0.0,https://indomet.gob.do/wp-content/uploads/2025/05/temperaturas-extremas-y-precipitaciones-2025x05x20-a.pdf
2025-05-20,030,ARPT. DE LAS AMÉRICAS,SANTO DOMINGO,ONAMET,EMCO,31.2,23.0,0.0,https://indomet.gob.do/wp-content/uploads/2025/05/temperaturas-extremas-y-precipitaciones-2025x05x20-a.pdf
2025-05-20,031,ARPT. DE PUNTA CANA,LA ALTAGRACIA,ONAMET,EMCO,31.0,24.4,0.0,https://indomet.gob.do/wp-content/uploads/2025/05/temperaturas-extremas-y-precipitaciones-2025x05x20-a.pdf
2025-05-20,032,ARPT. DEL CIBAO,SANTIAGO,ONAMET,EMCO,34.2,22.7,0.0,https://indomet.gob.do/wp-content/uploads/2025/05/temperaturas-extremas-y-precipitaciones-2025x05x20-a.pdf
2025-05-20,033,ARPT. GREGORIO LUPERÓN,PUERTO PLATA,ONAMET,EMCO,32.5,22.5,0.0,https://indomet.gob.do/wp-content/uploads/2025/05/temperaturas-extremas-y-precipitaciones-2025x05x20-a.pdf
2025-05-20,034,ARPT. LA ISABELA,SANTO DOMINGO,ONAMET,EMCO,33.0,23.0,0.0,https://indomet.gob.do/wp-content/uploads/2025/05/temperaturas-extremas-y-precipitaciones-2025x05x20-a.pdf
2025-05-20,035,ARROYO LORO,SAN JUAN,IDIAF,EMCO,31.9,21.2,0.0,https://indomet.gob.do/wp-content/uploads/2025/05/temperaturas-extremas-y-precipitaciones-2025x05x20-a.pdf
2025-05-20,036,BASE AÉREA DE SAN ISIDRO,SANTO DOMINGO,FUERZA AÉREA DOMINICANA,EMCV,31.7,23.5,0.0,https://indomet.gob.do/wp-content/uploads/2025/05/temperaturas-extremas-y-precipitaciones-2025x05x20-a.pdf
2025-05-20,037,BAYAGUANA,MONTE PLATA,ONAMET,EMCO,33.2,21.7,0.0,https://indomet.gob.do/wp-content/uploads/2025/05/temperaturas-extremas-y-precipitaciones-2025x05x20-a.pdf
2025-05-20,038,CABRERA,MARÍA TRINIDAD SÁNCHEZ,ESCUELA ARÍSTIDES FIALLO CABRAL,EMCO,32.5,22.5,0.0,https://indomet.gob.do/wp-content/uploads/2025/05/temperaturas-extremas-y-precipitaciones-2025x05x20-a.pdf
2025-05-20,039,DAJABÓN,DAJABÓN,INSTITUTO POLITÉCNICO LOYOLA,EMCO,34.3,19.6,0.0,https://indomet.gob.do/wp-content/uploads/2025/05/temperaturas-extremas-y-precipitaciones-2025x05x20-a.pdf
2025-05-20,040,EL CERCADO,SAN JUAN,MINISTERIO DE AGRICULTURA,EMCV,,,0.0,https://indomet.gob.do/wp-content/uploads/2025/05/temperaturas-extremas-y-precipitaciones-2025x05x20-a.pdf
2025-05-20,041,EL FACTOR (EMA),MARÍA TRINIDAD SÁNCHEZ,INTEC,EMAP,32.7,23.6,0.0,https://indomet.gob.do/wp-content/uploads/2025/05/temperaturas-extremas-y-precipitaciones-2025x05x20-a.pdf
2025-05-20,042,ELÍAS PIÑA,ELÍAS PIÑA,MINISTERIO DE AGRICULTURA,EMCV,,,0.0,https://indomet.gob.do/wp-content/uploads/2025/05/temperaturas-extremas-y-precipitaciones-2025x05x20-a.pdf
2025-05-20,043,ENRIQUILLO,BARAHONA,MINISTERIO DE AGRICULTURA,EMCV,32.8,25.5,0.0,https://indomet.gob.do/wp-content/uploads/2025/05/temperaturas-extremas-y-precipitaciones-2025x05x20-a.pdf
2025-05-20,044,GASPAR HERNÁNDEZ,ESPAILLAT,PROPIEDAD DEL EMPLEADO,EMCO,,,0.0,https://indomet.gob.do/wp-content/uploads/2025/05/temperaturas-extremas-y-precipitaciones-2025x05x20-a.pdf
2025-05-20,045,GURABO,SANTIAGO,MINISTERIO DE AGRICULTURA,EMCV,,,0.0,https://indomet.gob.do/wp-content/uploads/2025/05/temperaturas-extremas-y-precipitaciones-2025x05x20-a.pdf
2025-05-20,046,JARABACOA (EMA),LA VEGA,PROGRAMA MUNDIAL DE ALIMENTO,EMAP,32.3,19.1,0.0,https://indomet.gob.do/wp-content/uploads/2025/05/temperaturas-extremas-y-precipitaciones-2025x05x20-a.pdf
2025-05-20,047,JUMA BEJUCAL,MONSEÑOR NOUEL,IDIAF,EMCV,32.2,22.0,0.0,https://indomet.gob.do/wp-content/uploads/2025/05/temperaturas-extremas-y-precipitaciones-2025x05x20-a.pdf
2025-05-20,048,LA GUAYIGA (EMA),SAN CRISTÓBAL,PRIVADA,EMAP,,,0.0,https://indomet.gob.do/wp-content/uploads/2025/05/temperaturas-extremas-y-precipitaciones-2025x05x20-a.pdf
2025-05-20,049,LA VEGA,LA VEGA,IATESA,EMCO,34.0,23.5,0.0,https://indomet.gob.do/wp-content/uploads/2025/05/temperaturas-extremas-y-precipitaciones-2025x05x20-a.pdf
2025-05-20,050,LA VICTORIA,SANTO DOMINGO,CUERPO DE BOMBEROS,EMCO,34.0,23.7,0.0,https://indomet.gob.do/wp-content/uploads/2025/05/temperaturas-extremas-y-precipitaciones-2025x05x20-a.pdf
2025-05-20,051,LAS CANAS (EMA),MONTE CRISTI,PROGRAMA MUNDIAL DE ALIMENTO,EMAP,29.6,21.9,0.0,https://indomet.gob.do/wp-content/uploads/2025/05/temperaturas-extremas-y-precipitaciones-2025x05x20-a.pdf
2025-05-20,052,LAS MATAS DE SANTA CRUZ,MONTE CRISTI,INDRHI,EMCV,,,0.0,https://indomet.gob.do/wp-content/uploads/2025/05/temperaturas-extremas-y-precipitaciones-2025x05x20-a.pdf
2025-05-20,053,LAS MATAS DE SANTA CRUZ (EMA,MONTE CRISTI,PROGRAMA MUNDIAL DE ALIMENTO,EMAP,,,0.0,https://indomet.gob.do/wp-content/uploads/2025/05/temperaturas-extremas-y-precipitaciones-2025x05x20-a.pdf
2025-05-20,054,LOS LLANOS,SAN PEDRO DE MACORÍS,MINISTERIO DE AGRICULTURA,EMCO,33.0,23.0,0.0,https://indomet.gob.do/wp-content/uploads/2025/05/temperaturas-extremas-y-precipitaciones-2025x05x20-a.pdf
2025-05-20,055,MONTE CRISTI,MONTE CRISTI,ONAMET,EMCO,33.5,23.5,0.0,https://indomet.gob.do/wp-content/uploads/2025/05/temperaturas-extremas-y-precipitaciones-2025x05x20-a.pdf
2025-05-20,056,NAVARRETE,SANTIAGO,MINISTERIO DE AGRICULTURA,EMCV,,,0.0,https://indomet.gob.do/wp-content/uploads/2025/05/temperaturas-extremas-y-precipitaciones-2025x05x20-a.pdf
2025-05-20,057,OLIVARES,PEDERNALES,INDRHI,EMCO,,,0.0,https://indomet.gob.do/wp-content/uploads/2025/05/temperaturas-extremas-y-precipitaciones-2025x05x20-a.pdf
2025-05-20,058,OVIEDO,PEDERNALES,CLÍNICA RURAL OVIEDO,EMCO,33.2,24.8,0.0,https://indomet.gob.do/wp-content/uploads/2025/05/temperaturas-extremas-y-precipitaciones-2025x05x20-a.pdf
2025-05-20,059,PALO ÍNDIO,PUERTO PLATA,MINISTERIO DE AGRICULTURA,EMCO,,,0.0,https://indomet.gob.do/wp-content/uploads/2025/05/temperaturas-extremas-y-precipitaciones-2025x05x20-a.pdf
2025-05-20,060,PEDERNALES,PEDERNALES,INDRHI,EMCO,,,0.0,https://indomet.gob.do/wp-content/uploads/2025/05/temperaturas-extremas-y-precipitaciones-2025x05x20-a.pdf
2025-05-20,061,PERALTA,AZUA,HOSP. MPAL. DE PERALTA,EMCO,29.6,17.3,0.0,https://indomet.gob.do/wp-content/uploads/2025/05/temperaturas-extremas-y-precipitaciones-2025x05x20-a.pdf
2025-05-20,062,PESCADERIA (EMA),BARAHONA,MINISTERIO DE AGRICULTURA,EMAP,32.5,24.9,0.0,https://indomet.gob.do/wp-content/uploads/2025/05/temperaturas-extremas-y-precipitaciones-2025x05x20-a.pdf
2025-05-20,063,PONTÓN ABAJO (EMA),LA VEGA,MINISTERIO DE AGRICULTURA,EMAP,35.2,23.3,0.0,https://indomet.gob.do/wp-content/uploads/2025/05/temperaturas-extremas-y-precipitaciones-2025x05x20-a.pdf
2025-05-20,064,PRESA DE TAVERAS (EMA),LA VEGA,PROGRAMA MUNDIAL DE ALIMENTO,EMAP,30.8,21.7,0.0,https://indomet.gob.do/wp-content/uploads/2025/05/temperaturas-extremas-y-precipitaciones-2025x05x20-a.pdf
2025-05-20,065,RANCHO ARRIBA,SAN JOSÉ DE OCOA,CENTRO TECNOLÓGICO COMUNITARIO,EMCO,29.9,18.3,0.0,https://indomet.gob.do/wp-content/uploads/2025/05/temperaturas-extremas-y-precipitaciones-2025x05x20-a.pdf
2025-05-20,066,RÍO SAN JUAN,MARÍA TRINIDAD SÁNCHEZ,HOSP. MPAL. DR. DESIDERIO ACOSTA,EMCV,34.5,24.2,0.0,https://indomet.gob.do/wp-content/uploads/2025/05/temperaturas-extremas-y-precipitaciones-2025x05x20-a.pdf
2025-05-20,067,SABANA GRANDE DE BOYÁ,MONTE PLATA,MINISTERIO DE AGRICULTURA,EMCV,,,0.0,https://indomet.gob.do/wp-content/uploads/2025/05/temperaturas-extremas-y-precipitaciones-2025x05x20-a.pdf
2025-05-20,068,SABANETA (EMA),SANTIAGO RODRÍGUEZ,PROGRAMA MUNDIAL DE ALIMENTO,EMAP,36.7,22.5,0.0,https://indomet.gob.do/wp-content/uploads/2025/05/temperaturas-extremas-y-precipitaciones-2025x05x20-a.pdf
2025-05-20,069,SALCEDO,HERMANAS MIRABAL,PROPIEDAD DEL EMPLEADO,EMCO,,,0.0,https://indomet.gob.do/wp-content/uploads/2025/05/temperaturas-extremas-y-precipitaciones-2025x05x20-a.pdf
2025-05-20,070,SAN CRISTÓBAL,SAN CRISTÓBAL,INSTITUTO POLITÉCNICO LOYOLA,EMCO,32.0,22.4,0.0,https://indomet.gob.do/wp-content/uploads/2025/05/temperaturas-extremas-y-precipitaciones-2025x05x20-a.pdf
2025-05-20,071,SAN FRANCISCO DE MACORÍS,DUARTE,San Francisco de Macorís (UASD),EMCO,33.3,22.8,0.0,https://indomet.gob.do/wp-content/uploads/2025/05/temperaturas-extremas-y-precipitaciones-2025x05x20-a.pdf
2025-05-20,072,SAN JOSÉ DE OCOA,SAN JOSÉ DE OCOA,HOSP. SAN JOSÉ DE OCOA,EMCO,30.6,,0.0,https://indomet.gob.do/wp-content/uploads/2025/05/temperaturas-extremas-y-precipitaciones-2025x05x20-a.pdf
2025-05-20,073,SÁNCHEZ,SAMANÁ,MINISTERIO DE AGRICULTURA,EMCO,32.2,23.0,0.0,https://indomet.gob.do/wp-content/uploads/2025/05/temperaturas-extremas-y-precipitaciones-2025x05x20-a.pdf
2025-05-20,074,SANTO DOMINGO ESTE,SANTO DOMINGO,ONAMET,EMCO,32.0,25.4,0.0,https://indomet.gob.do/wp-content/uploads/2025/05/temperaturas-extremas-y-precipitaciones-2025x05x20-a.pdf
2025-05-20,075,TÁBARA ABAJO,AZUA,INDRHI,EMCO,35.9,23.5,0.0,https://indomet.gob.do/wp-content/uploads/2025/05/temperaturas-extremas-y-precipitaciones-2025x05x20-a.pdf
2025-05-20,076,TAMBORIL,SANTIAGO,MINISTERIO DE AGRICULTURA,EMCV,,,0.0,https://indomet.gob.do/wp-content/uploads/2025/05/temperaturas-extremas-y-precipitaciones-2025x05x20-a.pdf
2025-05-20,077,VALLE NUEVO,LA VEGA,MARENA,EMAP,21.3,13.8,0.0,https://indomet.gob.do/wp-content/uploads/2025/05/temperaturas-extremas-y-precipitaciones-2025x05x20-a.pdf
2025-05-20,078,VILLA ALTAGRACIA,SAN CRISTÓBAL,ESCUELA JAVIER ANGULO GURIDI,EMCO,,,0.0,https://indomet.gob.do/wp-content/uploads/2025/05/temperaturas-extremas-y-precipitaciones-2025x05x20-a.pdf
2025-05-20,079,VILLA ISABELA,PUERTO PLATA,MINISTERIO DE AGRICULTURA,EMCV,,,0.0,https://indomet.gob.do/wp-content/uploads/2025/05/temperaturas-extremas-y-precipitaciones-2025x05x20-a.pdf
2025-05-20,080,VILLA RIVA,DUARTE,HOSP. MPAL. ALICIA DE LEGENDRE,EMCO,33.0,22.7,0.0,https://indomet.gob.do/wp-content/uploads/2025/05/temperaturas-extremas-y-precipitaciones-2025x05x20-a.pdf
2025-05-21,001,JUMA BEJUCAL,MONSEÑOR NOUEL,IDIAF,EMCV,34.6,22.2,17.8,https://indomet.gob.do/wp-content/uploads/2025/05/temperaturas-extremas-y-precipitaciones-2025x05x21-a.pdf
2025-05-21,002,HATO MAYOR,HATO MAYOR,MINISTERIO DE AGRICULTURA,EMCV,,,8.1,https://indomet.gob.do/wp-content/uploads/2025/05/temperaturas-extremas-y-precipitaciones-2025x05x21-a.pdf
2025-05-21,003,BAYAGUANA,MONTE PLATA,ONAMET,EMCO,34.2,22.5,7.0,https://indomet.gob.do/wp-content/uploads/2025/05/temperaturas-extremas-y-precipitaciones-2025x05x21-a.pdf
2025-05-21,004,BOCA DE MAO (EMA),VALVERDE,MINISTERIO DE AGRICULTURA,EMAP,35.1,23.3,6.4,https://indomet.gob.do/wp-content/uploads/2025/05/temperaturas-extremas-y-precipitaciones-2025x05x21-a.pdf
2025-05-21,005,ALTO BANDERA (EMA),LA VEGA,INTEC,EMAP,18.4,7.4,4.6,https://indomet.gob.do/wp-content/uploads/2025/05/temperaturas-extremas-y-precipitaciones-2025x05x21-a.pdf
2025-05-21,006,RANCHO ARRIBA,SAN JOSÉ DE OCOA,CENTRO TECNOLÓGICO COMUNITARIO,EMCO,32.0,18.8,4.0,https://indomet.gob.do/wp-content/uploads/2025/05/temperaturas-extremas-y-precipitaciones-2025x05x21-a.pdf
2025-05-21,007,JARABACOA (EMA),LA VEGA,PROGRAMA MUNDIAL DE ALIMENTO,EMAP,32.1,18.6,3.2,https://indomet.gob.do/wp-content/uploads/2025/05/temperaturas-extremas-y-precipitaciones-2025x05x21-a.pdf
2025-05-21,008,HONDO VALLE,ELÍAS PIÑA,MINISTERIO DE AGRICULTURA,EMCO,27.1,18.7,3.1,https://indomet.gob.do/wp-content/uploads/2025/05/temperaturas-extremas-y-precipitaciones-2025x05x21-a.pdf
2025-05-21,009,JARABACOA,LA VEGA,INDRHI / MARENA,EMCO,32.6,18.0,2.9,https://indomet.gob.do/wp-content/uploads/2025/05/temperaturas-extremas-y-precipitaciones-2025x05x21-a.pdf
2025-05-21,010,PADRE LAS CASAS,AZUA,HOSP. NTRA. SRA. DEL CARMEN,EMCO,33.5,21.0,2.8,https://indomet.gob.do/wp-content/uploads/2025/05/temperaturas-extremas-y-precipitaciones-2025x05x21-a.pdf
2025-05-21,011,ENRIQUILLO,BARAHONA,MINISTERIO DE AGRICULTURA,EMCV,32.5,25.2,1.6,https://indomet.gob.do/wp-content/uploads/2025/05/temperaturas-extremas-y-precipitaciones-2025x05x21-a.pdf
2025-05-21,012,VILLA ALTAGRACIA,SAN CRISTÓBAL,ESCUELA JAVIER ANGULO GURIDI,EMCO,,,1.5,https://indomet.gob.do/wp-content/uploads/2025/05/temperaturas-extremas-y-precipitaciones-2025x05x21-a.pdf
2025-05-21,013,BOHECHÍO,SAN JUAN,MINISTERIO DE AGRICULTURA,EMCV,,,1.4,https://indomet.gob.do/wp-content/uploads/2025/05/temperaturas-extremas-y-precipitaciones-2025x05x21-a.pdf
2025-05-21,014,EL FACTOR (EMA),MARÍA TRINIDAD SÁNCHEZ,INTEC,EMAP,33.3,24.3,1.3,https://indomet.gob.do/wp-content/uploads/2025/05/temperaturas-extremas-y-precipitaciones-2025x05x21-a.pdf
2025-05-21,015,OLIVARES,PEDERNALES,INDRHI,EMCO,,,1.0,https://indomet.gob.do/wp-content/uploads/2025/05/temperaturas-extremas-y-precipitaciones-2025x05x21-a.pdf
2025-05-21,016,LOS LLANOS,SAN PEDRO DE MACORÍS,MINISTERIO DE AGRICULTURA,EMCO,34.4,22.5,0.8,https://indomet.gob.do/wp-content/uploads/2025/05/temperaturas-extremas-y-precipitaciones-2025x05x21-a.pdf
2025-05-21,017,ARPT. MARÍA MONTEZ,BARAHONA,ONAMET,EMCO,33.2,24.8,0.5,https://indomet.gob.do/wp-content/uploads/2025/05/temperaturas-extremas-y-precipitaciones-2025x05x21-a.pdf
2025-05-21,018,PERALTA,AZUA,HOSP. MPAL. DE PERALTA,EMCO,30.0,18.5,0.2,https://indomet.gob.do/wp-content/uploads/2025/05/temperaturas-extremas-y-precipitaciones-2025x05x21-a.pdf
2025-05-21,019,PESCADERIA (EMA),BARAHONA,MINISTERIO DE AGRICULTURA,EMAP,33.6,25.0,0.2,https://indomet.gob.do/wp-content/uploads/2025/05/temperaturas-extremas-y-precipitaciones-2025x05x21-a.pdf
2025-05-21,020,PEDERNALES,PEDERNALES,INDRHI,EMCO,,,0.1,https://indomet.gob.do/wp-content/uploads/2025/05/temperaturas-extremas-y-precipitaciones-2025x05x21-a.pdf
2025-05-21,021,SÁNCHEZ,SAMANÁ,MINISTERIO DE AGRICULTURA,EMCO,33.8,23.6,0.1,https://indomet.gob.do/wp-content/uploads/2025/05/temperaturas-extremas-y-precipitaciones-2025x05x21-a.pdf
2025-05-21,022,ALTAMIRA,PUERTO PLATA,HOSP. MPAL. DE ALTAMIRA,EMCO,34.4,20.7,0.0,https://indomet.gob.do/wp-content/uploads/2025/05/temperaturas-extremas-y-precipitaciones-2025x05x21-a.pdf
2025-05-21,023,ANAMUYA (EMA),LA ALTAGRACIA,MINISTERIO DE AGRICULTURA,EMAP,33.4,24.8,0.0,https://indomet.gob.do/wp-content/uploads/2025/05/temperaturas-extremas-y-precipitaciones-2025x05x21-a.pdf
2025-05-21,024,ARPT. ARROYO BARRIL,SAMANÁ,ONAMET,EMCO,33.0,24.0,0.0,https://indomet.gob.do/wp-content/uploads/2025/05/temperaturas-extremas-y-precipitaciones-2025x05x21-a.pdf
2025-05-21,025,ARPT. DE LA ROMANA,LA ROMANA,ONAMET,EMCO,32.5,22.2,0.0,https://indomet.gob.do/wp-content/uploads/2025/05/temperaturas-extremas-y-precipitaciones-2025x05x21-a.pdf
2025-05-21,026,ARPT. DE LAS AMÉRICAS,SANTO DOMINGO,ONAMET,EMCO,32.0,23.2,0.0,https://indomet.gob.do/wp-content/uploads/2025/05/temperaturas-extremas-y-precipitaciones-2025x05x21-a.pdf
2025-05-21,027,ARPT. DE PUNTA CANA,LA ALTAGRACIA,ONAMET,EMCO,31.4,24.5,0.0,https://indomet.gob.do/wp-content/uploads/2025/05/temperaturas-extremas-y-precipitaciones-2025x05x21-a.pdf
2025-05-21,028,ARPT. DEL CIBAO,SANTIAGO,ONAMET,EMCO,34.4,22.5,0.0,https://indomet.gob.do/wp-content/uploads/2025/05/temperaturas-extremas-y-precipitaciones-2025x05x21-a.pdf
2025-05-21,029,ARPT. EL CATEY,SAMANÁ,ONAMET,EMCO,31.4,23.0,0.0,https://indomet.gob.do/wp-content/uploads/2025/05/temperaturas-extremas-y-precipitaciones-2025x05x21-a.pdf
2025-05-21,030,ARPT. GREGORIO LUPERÓN,PUERTO PLATA,ONAMET,EMCO,32.2,23.0,0.0,https://indomet.gob.do/wp-content/uploads/2025/05/temperaturas-extremas-y-precipitaciones-2025x05x21-a.pdf
2025-05-21,031,ARPT. LA ISABELA,SANTO DOMINGO,ONAMET,EMCO,33.5,21.5,0.0,https://indomet.gob.do/wp-content/uploads/2025/05/temperaturas-extremas-y-precipitaciones-2025x05x21-a.pdf
2025-05-21,032,ARROYO LORO,SAN JUAN,IDIAF,EMCO,33.0,21.9,0.0,https://indomet.gob.do/wp-content/uploads/2025/05/temperaturas-extremas-y-precipitaciones-2025x05x21-a.pdf
2025-05-21,033,BANI (EMA),PERAVIA,MINISTERIO DE AGRICULTURA,EMAP,32.2,25.2,0.0,https://indomet.gob.do/wp-content/uploads/2025/05/temperaturas-extremas-y-precipitaciones-2025x05x21-a.pdf
2025-05-21,034,BASE AÉREA DE SAN ISIDRO,SANTO DOMINGO,FUERZA AÉREA DOMINICANA,EMCV,32.3,23.0,0.0,https://indomet.gob.do/wp-content/uploads/2025/05/temperaturas-extremas-y-precipitaciones-2025x05x21-a.pdf
2025-05-21,035,BONAO,MONSEÑOR NOUEL,MINISTERIO DE AGRICULTURA,EMCV,,,0.0,https://indomet.gob.do/wp-content/uploads/2025/05/temperaturas-extremas-y-precipitaciones-2025x05x21-a.pdf
2025-05-21,036,CABRAL,BARAHONA,MINISTERIO DE AGRICULTURA,EMCV,35.2,25.5,0.0,https://indomet.gob.do/wp-content/uploads/2025/05/temperaturas-extremas-y-precipitaciones-2025x05x21-a.pdf
2025-05-21,037,CABRERA,MARÍA TRINIDAD SÁNCHEZ,ESCUELA ARÍSTIDES FIALLO CABRAL,EMCO,33.2,25.9,0.0,https://indomet.gob.do/wp-content/uploads/2025/05/temperaturas-extremas-y-precipitaciones-2025x05x21-a.pdf
2025-05-21,038,CENTRO DE LOS HEROES (EMA),DISTRITO NACIONAL,MINISTERIO DE ENERGIA Y MINA,EMAP,31.4,26.7,0.0,https://indomet.gob.do/wp-content/uploads/2025/05/temperaturas-extremas-y-precipitaciones-2025x05x21-a.pdf
2025-05-21,039,CONSTANZA,LA VEGA,MINISTERIO DE AGRICULTURA,EMCO,28.4,13.5,0.0,https://indomet.gob.do/wp-content/uploads/2025/05/temperaturas-extremas-y-precipitaciones-2025x05x21-a.pdf
2025-05-21,040,CONSTANZA (EMA),LA VEGA,PROGRAMA MUNDIAL DE ALIMENTO,EMAP,27.6,13.8,0.0,https://indomet.gob.do/wp-content/uploads/2025/05/temperaturas-extremas-y-precipitaciones-2025x05x21-a.pdf
2025-05-21,041,COTUÍ,SÁNCHEZ RAMÍREZ,HOSP. INMACULADA CONCEPCIÓN,EMCV,,,0.0,https://indomet.gob.do/wp-content/uploads/2025/05/temperaturas-extremas-y-precipitaciones-2025x05x21-a.pdf
2025-05-21,042,DAJABÓN,DAJABÓN,INSTITUTO POLITÉCNICO LOYOLA,EMCO,34.5,21.2,0.0,https://indomet.gob.do/wp-content/uploads/2025/05/temperaturas-extremas-y-precipitaciones-2025x05x21-a.pdf
2025-05-21,043,ELÍAS PIÑA,ELÍAS PIÑA,MINISTERIO DE AGRICULTURA,EMCV,,,0.0,https://indomet.gob.do/wp-content/uploads/2025/05/temperaturas-extremas-y-precipitaciones-2025x05x21-a.pdf
2025-05-21,044,ESCONDIDO,PERAVIA,MINISTERIO DE AGRICULTURA,EMCV,32.0,25.0,0.0,https://indomet.gob.do/wp-content/uploads/2025/05/temperaturas-extremas-y-precipitaciones-2025x05x21-a.pdf
2025-05-21,045,GASPAR HERNÁNDEZ,ESPAILLAT,PROPIEDAD DEL EMPLEADO,EMCO,,,0.0,https://indomet.gob.do/wp-content/uploads/2025/05/temperaturas-extremas-y-precipitaciones-2025x05x21-a.pdf
2025-05-21,046,JARDÍN BOTÁNICO NACIONAL,DISTRITO NACIONAL,JARDÍN BOTÁNICO NACIONAL,EMCV,33.3,22.1,0.0,https://indomet.gob.do/wp-content/uploads/2025/05/temperaturas-extremas-y-precipitaciones-2025x05x21-a.pdf
2025-05-21,047,JIMANÍ,INDEPENDENCIA,MINISTERIO DE AGRICULTURA,EMCO,36.2,25.0,0.0,https://indomet.gob.do/wp-content/uploads/2025/05/temperaturas-extremas-y-precipitaciones-2025x05x21-a.pdf
2025-05-21,048,LA VEGA,LA VEGA,IATESA,EMCO,34.0,22.5,0.0,https://indomet.gob.do/wp-content/uploads/2025/05/temperaturas-extremas-y-precipitaciones-2025x05x21-a.pdf
2025-05-21,049,LA VICTORIA,SANTO DOMINGO,CUERPO DE BOMBEROS,EMCO,34.5,23.0,0.0,https://indomet.gob.do/wp-content/uploads/2025/05/temperaturas-extremas-y-precipitaciones-2025x05x21-a.pdf
2025-05-21,050,LAS CANAS (EMA),MONTE CRISTI,PROGRAMA MUNDIAL DE ALIMENTO,EMAP,31.8,23.6,0.0,https://indomet.gob.do/wp-content/uploads/2025/05/temperaturas-extremas-y-precipitaciones-2025x05x21-a.pdf
2025-05-21,051,LAS MATAS DE SANTA CRUZ (EMA,MONTE CRISTI,PROGRAMA MUNDIAL DE ALIMENTO,EMAP,,,0.0,https://indomet.gob.do/wp-content/uploads/2025/05/temperaturas-extremas-y-precipitaciones-2025x05x21-a.pdf
2025-05-21,052,LOS JENGIBRES,NAGUA,INDRHI,EMCO,,,0.0,https://indomet.gob.do/wp-content/uploads/2025/05/temperaturas-extremas-y-precipitaciones-2025x05x21-a.pdf
2025-05-21,053,LOS TRES CHARCOS (EMA),PEDERNALES,PROPIEDAD DEL VOLUNTARIO,EMAP,33.7,25.1,0.0,https://indomet.gob.do/wp-content/uploads/2025/05/temperaturas-extremas-y-precipitaciones-2025x05x21-a.pdf
2025-05-21,054,MAO,VALVERDE,INDRHI / MINISTERIO DE AGRICULTURA,EMCV,,,0.0,https://indomet.gob.do/wp-content/uploads/2025/05/temperaturas-extremas-y-precipitaciones-2025x05x21-a.pdf
2025-05-21,055,MONCIÓN (EMA),SANTIAGO RODRÍGUEZ,PROGRAMA MUNDIAL DE ALIMENTO,EMAP,33.6,22.2,0.0,https://indomet.gob.do/wp-content/uploads/2025/05/temperaturas-extremas-y-precipitaciones-2025x05x21-a.pdf
2025-05-21,056,MONTE CRISTI,MONTE CRISTI,ONAMET,EMCO,34.0,24.2,0.0,https://indomet.gob.do/wp-content/uploads/2025/05/temperaturas-extremas-y-precipitaciones-2025x05x21-a.pdf
2025-05-21,057,NAVARRETE,SANTIAGO,MINISTERIO DE AGRICULTURA,EMCV,,,0.0,https://indomet.gob.do/wp-content/uploads/2025/05/temperaturas-extremas-y-precipitaciones-2025x05x21-a.pdf
2025-05-21,058,PALO ÍNDIO,PUERTO PLATA,MINISTERIO DE AGRICULTURA,EMCO,,,0.0,https://indomet.gob.do/wp-content/uploads/2025/05/temperaturas-extremas-y-precipitaciones-2025x05x21-a.pdf
2025-05-21,059,PASO AL MEDIO,SAN PEDRO DE MACORÍS,INDRHI,EMCO,,,0.0,https://indomet.gob.do/wp-content/uploads/2025/05/temperaturas-extremas-y-precipitaciones-2025x05x21-a.pdf
2025-05-21,060,POLO,BARAHONA,INDOCAFE,EMCO,30.0,17.3,0.0,https://indomet.gob.do/wp-content/uploads/2025/05/temperaturas-extremas-y-precipitaciones-2025x05x21-a.pdf
2025-05-21,061,PONTÓN ABAJO (EMA),LA VEGA,MINISTERIO DE AGRICULTURA,EMAP,35.7,22.4,0.0,https://indomet.gob.do/wp-content/uploads/2025/05/temperaturas-extremas-y-precipitaciones-2025x05x21-a.pdf
2025-05-21,062,PRESA DE TAVERAS (EMA),LA VEGA,PROGRAMA MUNDIAL DE ALIMENTO,EMAP,31.6,21.2,0.0,https://indomet.gob.do/wp-content/uploads/2025/05/temperaturas-extremas-y-precipitaciones-2025x05x21-a.pdf
2025-05-21,063,RESTAURACIÓN,DAJABÓN,MINISTERIO DE AGRICULTURA,EMCO,,19.3,0.0,https://indomet.gob.do/wp-content/uploads/2025/05/temperaturas-extremas-y-precipitaciones-2025x05x21-a.pdf
2025-05-21,064,RÍO SAN JUAN,MARÍA TRINIDAD SÁNCHEZ,HOSP. MPAL. DR. DESIDERIO ACOSTA,EMCV,34.8,24.8,0.0,https://indomet.gob.do/wp-content/uploads/2025/05/temperaturas-extremas-y-precipitaciones-2025x05x21-a.pdf
2025-05-21,065,SABANA DE LA MAR,HATO MAYOR,ONAMET,EMCO,31.5,22.5,0.0,https://indomet.gob.do/wp-content/uploads/2025/05/temperaturas-extremas-y-precipitaciones-2025x05x21-a.pdf
2025-05-21,066,SABANA GRANDE DE BOYÁ,MONTE PLATA,MINISTERIO DE AGRICULTURA,EMCV,,,0.0,https://indomet.gob.do/wp-content/uploads/2025/05/temperaturas-extremas-y-precipitaciones-2025x05x21-a.pdf
2025-05-21,067,SABANETA (EMA),SANTIAGO RODRÍGUEZ,PROGRAMA MUNDIAL DE ALIMENTO,EMAP,36.7,24.5,0.0,https://indomet.gob.do/wp-content/uploads/2025/05/temperaturas-extremas-y-precipitaciones-2025x05x21-a.pdf
2025-05-21,068,SALCEDO,HERMANAS MIRABAL,PROPIEDAD DEL EMPLEADO,EMCO,,,0.0,https://indomet.gob.do/wp-content/uploads/2025/05/temperaturas-extremas-y-precipitaciones-2025x05x21-a.pdf
2025-05-21,069,SAMANÁ,SAMANÁ,COMANDANCIA DE PUERTO DE SAMANÁ,EMCO,34.0,24.0,0.0,https://indomet.gob.do/wp-content/uploads/2025/05/temperaturas-extremas-y-precipitaciones-2025x05x21-a.pdf
2025-05-21,070,SAN CRISTÓBAL,SAN CRISTÓBAL,INSTITUTO POLITÉCNICO LOYOLA,EMCO,32.0,21.2,0.0,https://indomet.gob.do/wp-content/uploads/2025/05/temperaturas-extremas-y-precipitaciones-2025x05x21-a.pdf
2025-05-21,071,SAN FRANCISCO DE MACORÍS,DUARTE,San Francisco de Macorís (UASD),EMCO,34.7,23.1,0.0,https://indomet.gob.do/wp-content/uploads/2025/05/temperaturas-extremas-y-precipitaciones-2025x05x21-a.pdf
2025-05-21,072,SAN JOSÉ DE OCOA,SAN JOSÉ DE OCOA,HOSP. SAN JOSÉ DE OCOA,EMCO,33.0,,0.0,https://indomet.gob.do/wp-content/uploads/2025/05/temperaturas-extremas-y-precipitaciones-2025x05x21-a.pdf
2025-05-21,073,SAN RAFAEL DEL YUMA,LA ALTAGRACIA,MINISTERIO DE AGRICULTURA,EMCO,33.4,23.3,0.0,https://indomet.gob.do/wp-content/uploads/2025/05/temperaturas-extremas-y-precipitaciones-2025x05x21-a.pdf
2025-05-21,074,SANTIAGO RODRÍGUEZ,SANTIAGO RODRÍGUEZ,ONAMET,EMCO,36.0,25.0,0.0,https://indomet.gob.do/wp-content/uploads/2025/05/temperaturas-extremas-y-precipitaciones-2025x05x21-a.pdf
2025-05-21,075,SANTO DOMINGO ESTE,SANTO DOMINGO,ONAMET,EMCO,33.3,25.4,0.0,https://indomet.gob.do/wp-content/uploads/2025/05/temperaturas-extremas-y-precipitaciones-2025x05x21-a.pdf
2025-05-21,076,TÁBARA ABAJO,AZUA,INDRHI,EMCO,35.9,20.5,0.0,https://indomet.gob.do/wp-content/uploads/2025/05/temperaturas-extremas-y-precipitaciones-2025x05x21-a.pdf
2025-05-21,077,TAMBORIL,SANTIAGO,MINISTERIO DE AGRICULTURA,EMCV,,,0.0,https://indomet.gob.do/wp-content/uploads/2025/05/temperaturas-extremas-y-precipitaciones-2025x05x21-a.pdf
2025-05-21,078,TAVERA,SANTIAGO,INDRHI,EMCO,,,0.0,https://indomet.gob.do/wp-content/uploads/2025/05/temperaturas-extremas-y-precipitaciones-2025x05x21-a.pdf
2025-05-21,079,VILLA GONZALES,SANTIAGO,MINISTERIO DE AGRICULTURA,EMCO,,,0.0,https://indomet.gob.do/wp-content/uploads/2025/05/temperaturas-extremas-y-precipitaciones-2025x05x21-a.pdf
2025-05-21,080,VILLA ISABELA,PUERTO PLATA,MINISTERIO DE AGRICULTURA,EMCV,,,0.0,https://indomet.gob.do/wp-content/uploads/2025/05/temperaturas-extremas-y-precipitaciones-2025x05x21-a.pdf
2025-05-21,081,VILLA RIVA,DUARTE,HOSP. MPAL. ALICIA DE LEGENDRE,EMCO,33.5,23.0,0.0,https://indomet.gob.do/wp-content/uploads/2025/05/temperaturas-extremas-y-precipitaciones-2025x05x21-a.pdf
2025-05-22,001,ARPT. ARROYO BARRIL,SAMANÁ,ONAMET,EMCO,32.5,24.0,6.0,https://indomet.gob.do/wp-content/uploads/2025/05/temperaturas-extremas-y-precipitaciones-2025x05x22-a.pdf
2025-05-22,002,SAMANÁ,SAMANÁ,COMANDANCIA DE PUERTO DE SAMANÁ,EMCO,33.2,24.5,3.0,https://indomet.gob.do/wp-content/uploads/2025/05/temperaturas-extremas-y-precipitaciones-2025x05x22-a.pdf
2025-05-22,003,BAYAGUANA,MONTE PLATA,ONAMET,EMCO,33.6,22.0,0.9,https://indomet.gob.do/wp-content/uploads/2025/05/temperaturas-extremas-y-precipitaciones-2025x05x22-a.pdf
2025-05-22,004,ELÍAS PIÑA,ELÍAS PIÑA,MINISTERIO DE AGRICULTURA,EMCV,,,0.1,https://indomet.gob.do/wp-content/uploads/2025/05/temperaturas-extremas-y-precipitaciones-2025x05x22-a.pdf
2025-05-22,005,HATO MAYOR,HATO MAYOR,MINISTERIO DE AGRICULTURA,EMCV,,,0.1,https://indomet.gob.do/wp-content/uploads/2025/05/temperaturas-extremas-y-precipitaciones-2025x05x22-a.pdf
2025-05-22,006,HONDO VALLE,ELÍAS PIÑA,MINISTERIO DE AGRICULTURA,EMCO,27.5,18.6,0.1,https://indomet.gob.do/wp-content/uploads/2025/05/temperaturas-extremas-y-precipitaciones-2025x05x22-a.pdf
2025-05-22,007,ALTAMIRA,PUERTO PLATA,HOSP. MPAL. DE ALTAMIRA,EMCO,34.5,21.0,0.0,https://indomet.gob.do/wp-content/uploads/2025/05/temperaturas-extremas-y-precipitaciones-2025x05x22-a.pdf
2025-05-22,008,ALTO BANDERA (EMA),LA VEGA,INTEC,EMAP,18.7,7.3,0.0,https://indomet.gob.do/wp-content/uploads/2025/05/temperaturas-extremas-y-precipitaciones-2025x05x22-a.pdf
2025-05-22,009,ANAMUYA (EMA),LA ALTAGRACIA,MINISTERIO DE AGRICULTURA,EMAP,32.6,24.8,0.0,https://indomet.gob.do/wp-content/uploads/2025/05/temperaturas-extremas-y-precipitaciones-2025x05x22-a.pdf
2025-05-22,010,ARPT. DE LA ROMANA,LA ROMANA,ONAMET,EMCO,32.8,22.5,0.0,https://indomet.gob.do/wp-content/uploads/2025/05/temperaturas-extremas-y-precipitaciones-2025x05x22-a.pdf
2025-05-22,011,ARPT. DE LAS AMÉRICAS,SANTO DOMINGO,ONAMET,EMCO,32.0,23.0,0.0,https://indomet.gob.do/wp-content/uploads/2025/05/temperaturas-extremas-y-precipitaciones-2025x05x22-a.pdf
2025-05-22,012,ARPT. DE PUNTA CANA,LA ALTAGRACIA,ONAMET,EMCO,31.6,25.2,0.0,https://indomet.gob.do/wp-content/uploads/2025/05/temperaturas-extremas-y-precipitaciones-2025x05x22-a.pdf
2025-05-22,013,ARPT. DEL CIBAO,SANTIAGO,ONAMET,EMCO,34.0,22.4,0.0,https://indomet.gob.do/wp-content/uploads/2025/05/temperaturas-extremas-y-precipitaciones-2025x05x22-a.pdf
2025-05-22,014,ARPT. EL CATEY,SAMANÁ,ONAMET,EMCO,31.0,23.0,0.0,https://indomet.gob.do/wp-content/uploads/2025/05/temperaturas-extremas-y-precipitaciones-2025x05x22-a.pdf
2025-05-22,015,ARPT. GREGORIO LUPERÓN,PUERTO PLATA,ONAMET,EMCO,32.7,23.2,0.0,https://indomet.gob.do/wp-content/uploads/2025/05/temperaturas-extremas-y-precipitaciones-2025x05x22-a.pdf
2025-05-22,016,ARPT. LA ISABELA,SANTO DOMINGO,ONAMET,EMCO,32.8,20.5,0.0,https://indomet.gob.do/wp-content/uploads/2025/05/temperaturas-extremas-y-precipitaciones-2025x05x22-a.pdf
2025-05-22,017,ARPT. MARÍA MONTEZ,BARAHONA,ONAMET,EMCO,33.0,25.0,0.0,https://indomet.gob.do/wp-content/uploads/2025/05/temperaturas-extremas-y-precipitaciones-2025x05x22-a.pdf
2025-05-22,018,ARROYO LORO,SAN JUAN,IDIAF,EMCO,32.9,22.0,0.0,https://indomet.gob.do/wp-content/uploads/2025/05/temperaturas-extremas-y-precipitaciones-2025x05x22-a.pdf
2025-05-22,019,BOCA DE MAO (EMA),VALVERDE,MINISTERIO DE AGRICULTURA,EMAP,35.3,23.9,0.0,https://indomet.gob.do/wp-content/uploads/2025/05/temperaturas-extremas-y-precipitaciones-2025x05x22-a.pdf
2025-05-22,020,CABRAL,BARAHONA,MINISTERIO DE AGRICULTURA,EMCV,34.7,24.9,0.0,https://indomet.gob.do/wp-content/uploads/2025/05/temperaturas-extremas-y-precipitaciones-2025x05x22-a.pdf
2025-05-22,021,CABRERA,MARÍA TRINIDAD SÁNCHEZ,ESCUELA ARÍSTIDES FIALLO CABRAL,EMCO,33.5,25.6,0.0,https://indomet.gob.do/wp-content/uploads/2025/05/temperaturas-extremas-y-precipitaciones-2025x05x22-a.pdf
2025-05-22,022,CENTRO DE LOS HEROES (EMA),DISTRITO NACIONAL,MINISTERIO DE ENERGIA Y MINA,EMAP,31.4,26.8,0.0,https://indomet.gob.do/wp-content/uploads/2025/05/temperaturas-extremas-y-precipitaciones-2025x05x22-a.pdf
2025-05-22,023,CONSTANZA,LA VEGA,MINISTERIO DE AGRICULTURA,EMCO,28.6,14.7,0.0,https://indomet.gob.do/wp-content/uploads/2025/05/temperaturas-extremas-y-precipitaciones-2025x05x22-a.pdf
2025-05-22,024,CONSTANZA (EMA),LA VEGA,PROGRAMA MUNDIAL DE ALIMENTO,EMAP,27.7,15.1,0.0,https://indomet.gob.do/wp-content/uploads/2025/05/temperaturas-extremas-y-precipitaciones-2025x05x22-a.pdf
2025-05-22,025,DAJABÓN,DAJABÓN,INSTITUTO POLITÉCNICO LOYOLA,EMCO,35.2,20.7,0.0,https://indomet.gob.do/wp-content/uploads/2025/05/temperaturas-extremas-y-precipitaciones-2025x05x22-a.pdf
2025-05-22,026,EL CERCADO,SAN JUAN,MINISTERIO DE AGRICULTURA,EMCV,,,0.0,https://indomet.gob.do/wp-content/uploads/2025/05/temperaturas-extremas-y-precipitaciones-2025x05x22-a.pdf
2025-05-22,027,EL FACTOR (EMA),MARÍA TRINIDAD SÁNCHEZ,INTEC,EMAP,32.4,23.2,0.0,https://indomet.gob.do/wp-content/uploads/2025/05/temperaturas-extremas-y-precipitaciones-2025x05x22-a.pdf
2025-05-22,028,ENRIQUILLO,BARAHONA,MINISTERIO DE AGRICULTURA,EMCV,32.8,26.3,0.0,https://indomet.gob.do/wp-content/uploads/2025/05/temperaturas-extremas-y-precipitaciones-2025x05x22-a.pdf
2025-05-22,029,ESCONDIDO,PERAVIA,MINISTERIO DE AGRICULTURA,EMCV,32.0,25.0,0.0,https://indomet.gob.do/wp-content/uploads/2025/05/temperaturas-extremas-y-precipitaciones-2025x05x22-a.pdf
2025-05-22,030,GASPAR HERNÁNDEZ,ESPAILLAT,PROPIEDAD DEL EMPLEADO,EMCO,,,0.0,https://indomet.gob.do/wp-content/uploads/2025/05/temperaturas-extremas-y-precipitaciones-2025x05x22-a.pdf
2025-05-22,031,GURABO,SANTIAGO,MINISTERIO DE AGRICULTURA,EMCV,,,0.0,https://indomet.gob.do/wp-content/uploads/2025/05/temperaturas-extremas-y-precipitaciones-2025x05x22-a.pdf
2025-05-22,032,JARABACOA,LA VEGA,INDRHI / MARENA,EMCO,32.2,18.4,0.0,https://indomet.gob.do/wp-content/uploads/2025/05/temperaturas-extremas-y-precipitaciones-2025x05x22-a.pdf
2025-05-22,033,JARABACOA (EMA),LA VEGA,PROGRAMA MUNDIAL DE ALIMENTO,EMAP,31.6,19.2,0.0,https://indomet.gob.do/wp-content/uploads/2025/05/temperaturas-extremas-y-precipitaciones-2025x05x22-a.pdf
2025-05-22,034,JARDÍN BOTÁNICO NACIONAL,DISTRITO NACIONAL,JARDÍN BOTÁNICO NACIONAL,EMCV,33.1,20.4,0.0,https://indomet.gob.do/wp-content/uploads/2025/05/temperaturas-extremas-y-precipitaciones-2025x05x22-a.pdf
2025-05-22,035,JIMANÍ,INDEPENDENCIA,MINISTERIO DE AGRICULTURA,EMCO,35.5,25.6,0.0,https://indomet.gob.do/wp-content/uploads/2025/05/temperaturas-extremas-y-precipitaciones-2025x05x22-a.pdf
2025-05-22,036,JUMA BEJUCAL,MONSEÑOR NOUEL,IDIAF,EMCV,33.0,22.6,0.0,https://indomet.gob.do/wp-content/uploads/2025/05/temperaturas-extremas-y-precipitaciones-2025x05x22-a.pdf
2025-05-22,037,LA VEGA,LA VEGA,IATESA,EMCO,34.0,23.0,0.0,https://indomet.gob.do/wp-content/uploads/2025/05/temperaturas-extremas-y-precipitaciones-2025x05x22-a.pdf
2025-05-22,038,LA VICTORIA,SANTO DOMINGO,CUERPO DE BOMBEROS,EMCO,34.8,23.2,0.0,https://indomet.gob.do/wp-content/uploads/2025/05/temperaturas-extremas-y-precipitaciones-2025x05x22-a.pdf
2025-05-22,039,LAS CANAS (EMA),MONTE CRISTI,PROGRAMA MUNDIAL DE ALIMENTO,EMAP,30.6,24.2,0.0,https://indomet.gob.do/wp-content/uploads/2025/05/temperaturas-extremas-y-precipitaciones-2025x05x22-a.pdf
2025-05-22,040,LAS MATAS DE SANTA CRUZ (EMA,MONTE CRISTI,PROGRAMA MUNDIAL DE ALIMENTO,EMAP,30.4,24.2,0.0,https://indomet.gob.do/wp-content/uploads/2025/05/temperaturas-extremas-y-precipitaciones-2025x05x22-a.pdf
2025-05-22,041,LOS LLANOS,SAN PEDRO DE MACORÍS,MINISTERIO DE AGRICULTURA,EMCO,33.8,22.5,0.0,https://indomet.gob.do/wp-content/uploads/2025/05/temperaturas-extremas-y-precipitaciones-2025x05x22-a.pdf
2025-05-22,042,LOS TRES CHARCOS (EMA),PEDERNALES,PROPIEDAD DEL VOLUNTARIO,EMAP,33.8,25.5,0.0,https://indomet.gob.do/wp-content/uploads/2025/05/temperaturas-extremas-y-precipitaciones-2025x05x22-a.pdf
2025-05-22,043,MAO,VALVERDE,INDRHI / MINISTERIO DE AGRICULTURA,EMCV,,,0.0,https://indomet.gob.do/wp-content/uploads/2025/05/temperaturas-extremas-y-precipitaciones-2025x05x22-a.pdf
2025-05-22,044,MONCIÓN (EMA),SANTIAGO RODRÍGUEZ,PROGRAMA MUNDIAL DE ALIMENTO,EMAP,33.1,21.6,0.0,https://indomet.gob.do/wp-content/uploads/2025/05/temperaturas-extremas-y-precipitaciones-2025x05x22-a.pdf
2025-05-22,045,MONTE CRISTI,MONTE CRISTI,ONAMET,EMCO,35.5,24.5,0.0,https://indomet.gob.do/wp-content/uploads/2025/05/temperaturas-extremas-y-precipitaciones-2025x05x22-a.pdf
2025-05-22,046,NAVARRETE,SANTIAGO,MINISTERIO DE AGRICULTURA,EMCV,,,0.0,https://indomet.gob.do/wp-content/uploads/2025/05/temperaturas-extremas-y-precipitaciones-2025x05x22-a.pdf
2025-05-22,047,OLIVARES,PEDERNALES,INDRHI,EMCO,,,0.0,https://indomet.gob.do/wp-content/uploads/2025/05/temperaturas-extremas-y-precipitaciones-2025x05x22-a.pdf
2025-05-22,048,PADRE LAS CASAS,AZUA,HOSP. NTRA. SRA. DEL CARMEN,EMCO,33.5,22.3,0.0,https://indomet.gob.do/wp-content/uploads/2025/05/temperaturas-extremas-y-precipitaciones-2025x05x22-a.pdf
2025-05-22,049,PALO ÍNDIO,PUERTO PLATA,MINISTERIO DE AGRICULTURA,EMCO,,,0.0,https://indomet.gob.do/wp-content/uploads/2025/05/temperaturas-extremas-y-precipitaciones-2025x05x22-a.pdf
2025-05-22,050,PEDERNALES,PEDERNALES,INDRHI,EMCO,,,0.0,https://indomet.gob.do/wp-content/uploads/2025/05/temperaturas-extremas-y-precipitaciones-2025x05x22-a.pdf
2025-05-22,051,PERALTA,AZUA,HOSP. MPAL. DE PERALTA,EMCO,30.5,18.0,0.0,https://indomet.gob.do/wp-content/uploads/2025/05/temperaturas-extremas-y-precipitaciones-2025x05x22-a.pdf
2025-05-22,052,PESCADERIA (EMA),BARAHONA,MINISTERIO DE AGRICULTURA,EMAP,33.4,26.1,0.0,https://indomet.gob.do/wp-content/uploads/2025/05/temperaturas-extremas-y-precipitaciones-2025x05x22-a.pdf
2025-05-22,053,POLO,BARAHONA,INDOCAFE,EMCO,29.9,18.0,0.0,https://indomet.gob.do/wp-content/uploads/2025/05/temperaturas-extremas-y-precipitaciones-2025x05x22-a.pdf
2025-05-22,054,PONTÓN ABAJO (EMA),LA VEGA,MINISTERIO DE AGRICULTURA,EMAP,35.4,23.4,0.0,https://indomet.gob.do/wp-content/uploads/2025/05/temperaturas-extremas-y-precipitaciones-2025x05x22-a.pdf
2025-05-22,055,PRESA DE TAVERAS (EMA),LA VEGA,PROGRAMA MUNDIAL DE ALIMENTO,EMAP,31.0,21.8,0.0,https://indomet.gob.do/wp-content/uploads/2025/05/temperaturas-extremas-y-precipitaciones-2025x05x22-a.pdf
2025-05-22,056,RANCHO ARRIBA,SAN JOSÉ DE OCOA,CENTRO TECNOLÓGICO COMUNITARIO,EMCO,31.0,17.5,0.0,https://indomet.gob.do/wp-content/uploads/2025/05/temperaturas-extremas-y-precipitaciones-2025x05x22-a.pdf
2025-05-22,057,RESTAURACIÓN,DAJABÓN,MINISTERIO DE AGRICULTURA,EMCO,,18.5,0.0,https://indomet.gob.do/wp-content/uploads/2025/05/temperaturas-extremas-y-precipitaciones-2025x05x22-a.pdf
2025-05-22,058,RÍO SAN JUAN,MARÍA TRINIDAD SÁNCHEZ,HOSP. MPAL. DR. DESIDERIO ACOSTA,EMCV,34.0,24.8,0.0,https://indomet.gob.do/wp-content/uploads/2025/05/temperaturas-extremas-y-precipitaciones-2025x05x22-a.pdf
2025-05-22,059,SABANA DE LA MAR,HATO MAYOR,ONAMET,EMCO,31.5,22.5,0.0,https://indomet.gob.do/wp-content/uploads/2025/05/temperaturas-extremas-y-precipitaciones-2025x05x22-a.pdf
2025-05-22,060,SABANETA (EMA),SANTIAGO RODRÍGUEZ,PROGRAMA MUNDIAL DE ALIMENTO,EMAP,36.1,24.3,0.0,https://indomet.gob.do/wp-content/uploads/2025/05/temperaturas-extremas-y-precipitaciones-2025x05x22-a.pdf
2025-05-22,061,SALCEDO,HERMANAS MIRABAL,PROPIEDAD DEL EMPLEADO,EMCO,,,0.0,https://indomet.gob.do/wp-content/uploads/2025/05/temperaturas-extremas-y-precipitaciones-2025x05x22-a.pdf
2025-05-22,062,SAN CRISTÓBAL,SAN CRISTÓBAL,INSTITUTO POLITÉCNICO LOYOLA,EMCO,32.4,22.0,0.0,https://indomet.gob.do/wp-content/uploads/2025/05/temperaturas-extremas-y-precipitaciones-2025x05x22-a.pdf
2025-05-22,063,SAN FRANCISCO DE MACORÍS,DUARTE,San Francisco de Macorís (UASD),EMCO,34.5,23.2,0.0,https://indomet.gob.do/wp-content/uploads/2025/05/temperaturas-extremas-y-precipitaciones-2025x05x22-a.pdf
2025-05-22,064,SAN JOSÉ DE OCOA,SAN JOSÉ DE OCOA,HOSP. SAN JOSÉ DE OCOA,EMCO,32.8,,0.0,https://indomet.gob.do/wp-content/uploads/2025/05/temperaturas-extremas-y-precipitaciones-2025x05x22-a.pdf
2025-05-22,065,SAN RAFAEL DEL YUMA,LA ALTAGRACIA,MINISTERIO DE AGRICULTURA,EMCO,33.9,24.0,0.0,https://indomet.gob.do/wp-content/uploads/2025/05/temperaturas-extremas-y-precipitaciones-2025x05x22-a.pdf
2025-05-22,066,SÁNCHEZ,SAMANÁ,MINISTERIO DE AGRICULTURA,EMCO,33.2,23.8,0.0,https://indomet.gob.do/wp-content/uploads/2025/05/temperaturas-extremas-y-precipitaciones-2025x05x22-a.pdf
2025-05-22,067,SANTIAGO RODRÍGUEZ,SANTIAGO RODRÍGUEZ,ONAMET,EMCO,35.5,25.2,0.0,https://indomet.gob.do/wp-content/uploads/2025/05/temperaturas-extremas-y-precipitaciones-2025x05x22-a.pdf
2025-05-22,068,SANTO DOMINGO ESTE,SANTO DOMINGO,ONAMET,EMCO,32.6,26.8,0.0,https://indomet.gob.do/wp-content/uploads/2025/05/temperaturas-extremas-y-precipitaciones-2025x05x22-a.pdf
2025-05-22,069,TÁBARA ABAJO,AZUA,INDRHI,EMCO,35.5,23.4,0.0,https://indomet.gob.do/wp-content/uploads/2025/05/temperaturas-extremas-y-precipitaciones-2025x05x22-a.pdf
2025-05-22,070,VILLA ALTAGRACIA,SAN CRISTÓBAL,ESCUELA JAVIER ANGULO GURIDI,EMCO,,,0.0,https://indomet.gob.do/wp-content/uploads/2025/05/temperaturas-extremas-y-precipitaciones-2025x05x22-a.pdf
2025-05-22,071,VILLA GONZALES,SANTIAGO,MINISTERIO DE AGRICULTURA,EMCO,,,0.0,https://indomet.gob.do/wp-content/uploads/2025/05/temperaturas-extremas-y-precipitaciones-2025x05x22-a.pdf
2025-05-22,072,VILLA ISABELA,PUERTO PLATA,MINISTERIO DE AGRICULTURA,EMCV,,,0.0,https://indomet.gob.do/wp-content/uploads/2025/05/temperaturas-extremas-y-precipitaciones-2025x05x22-a.pdf
2025-05-22,073,VILLA RIVA,DUARTE,HOSP. MPAL. ALICIA DE LEGENDRE,EMCO,34.0,24.0,0.0,https://indomet.gob.do/wp-content/uploads/2025/05/temperaturas-extremas-y-precipitaciones-2025x05x22-a.pdf
2025-05-23,001,ARPT. DE PUNTA CANA,LA ALTAGRACIA,ONAMET,EMCO,31.2,24.3,27.4,https://indomet.gob.do/wp-content/uploads/2025/05/temperaturas-extremas-y-precipitaciones-2025x05x23-a.pdf
2025-05-23,002,SABANA GRANDE DE BOYÁ,MONTE PLATA,MINISTERIO DE AGRICULTURA,EMCV,,,20.1,https://indomet.gob.do/wp-content/uploads/2025/05/temperaturas-extremas-y-precipitaciones-2025x05x23-a.pdf
2025-05-23,003,BAYAGUANA,MONTE PLATA,ONAMET,EMCO,33.4,22.2,10.9,https://indomet.gob.do/wp-content/uploads/2025/05/temperaturas-extremas-y-precipitaciones-2025x05x23-a.pdf
2025-05-23,004,SÁNCHEZ,SAMANÁ,MINISTERIO DE AGRICULTURA,EMCO,33.3,24.5,9.8,https://indomet.gob.do/wp-content/uploads/2025/05/temperaturas-extremas-y-precipitaciones-2025x05x23-a.pdf
2025-05-23,005,SAN CRISTÓBAL,SAN CRISTÓBAL,INSTITUTO POLITÉCNICO LOYOLA,EMCO,32.0,22.2,9.5,https://indomet.gob.do/wp-content/uploads/2025/05/temperaturas-extremas-y-precipitaciones-2025x05x23-a.pdf
2025-05-23,006,ANAMUYA (EMA),LA ALTAGRACIA,MINISTERIO DE AGRICULTURA,EMAP,32.8,24.1,8.8,https://indomet.gob.do/wp-content/uploads/2025/05/temperaturas-extremas-y-precipitaciones-2025x05x23-a.pdf
2025-05-23,007,SALCEDO,HERMANAS MIRABAL,PROPIEDAD DEL EMPLEADO,EMCO,,,8.0,https://indomet.gob.do/wp-content/uploads/2025/05/temperaturas-extremas-y-precipitaciones-2025x05x23-a.pdf
2025-05-23,008,ARPT. EL CATEY,SAMANÁ,ONAMET,EMCO,32.4,23.2,6.8,https://indomet.gob.do/wp-content/uploads/2025/05/temperaturas-extremas-y-precipitaciones-2025x05x23-a.pdf
2025-05-23,009,SAN RAFAEL DEL YUMA,LA ALTAGRACIA,MINISTERIO DE AGRICULTURA,EMCO,33.5,23.2,6.8,https://indomet.gob.do/wp-content/uploads/2025/05/temperaturas-extremas-y-precipitaciones-2025x05x23-a.pdf
2025-05-23,010,ENRIQUILLO,BARAHONA,MINISTERIO DE AGRICULTURA,EMCV,32.8,25.0,6.4,https://indomet.gob.do/wp-content/uploads/2025/05/temperaturas-extremas-y-precipitaciones-2025x05x23-a.pdf
2025-05-23,011,POLO,BARAHONA,INDOCAFE,EMCO,27.0,14.2,6.4,https://indomet.gob.do/wp-content/uploads/2025/05/temperaturas-extremas-y-precipitaciones-2025x05x23-a.pdf
2025-05-23,012,ARPT. DE LA ROMANA,LA ROMANA,ONAMET,EMCO,32.8,23.5,4.4,https://indomet.gob.do/wp-content/uploads/2025/05/temperaturas-extremas-y-precipitaciones-2025x05x23-a.pdf
2025-05-23,013,HATO MAYOR,HATO MAYOR,MINISTERIO DE AGRICULTURA,EMCV,,,4.1,https://indomet.gob.do/wp-content/uploads/2025/05/temperaturas-extremas-y-precipitaciones-2025x05x23-a.pdf
2025-05-23,014,ARPT. ARROYO BARRIL,SAMANÁ,ONAMET,EMCO,31.5,24.0,3.6,https://indomet.gob.do/wp-content/uploads/2025/05/temperaturas-extremas-y-precipitaciones-2025x05x23-a.pdf
2025-05-23,015,EL FACTOR (EMA),MARÍA TRINIDAD SÁNCHEZ,INTEC,EMAP,32.9,24.8,3.6,https://indomet.gob.do/wp-content/uploads/2025/05/temperaturas-extremas-y-precipitaciones-2025x05x23-a.pdf
2025-05-23,016,ARPT. DEL CIBAO,SANTIAGO,ONAMET,EMCO,34.0,23.0,3.5,https://indomet.gob.do/wp-content/uploads/2025/05/temperaturas-extremas-y-precipitaciones-2025x05x23-a.pdf
2025-05-23,017,SAMANÁ,SAMANÁ,COMANDANCIA DE PUERTO DE SAMANÁ,EMCO,33.0,25.0,3.4,https://indomet.gob.do/wp-content/uploads/2025/05/temperaturas-extremas-y-precipitaciones-2025x05x23-a.pdf
2025-05-23,018,LA VEGA,LA VEGA,IATESA,EMCO,34.0,24.0,3.0,https://indomet.gob.do/wp-content/uploads/2025/05/temperaturas-extremas-y-precipitaciones-2025x05x23-a.pdf
2025-05-23,019,SANTO DOMINGO ESTE,SANTO DOMINGO,ONAMET,EMCO,33.0,26.0,2.3,https://indomet.gob.do/wp-content/uploads/2025/05/temperaturas-extremas-y-precipitaciones-2025x05x23-a.pdf
2025-05-23,020,VILLA RIVA,DUARTE,HOSP. MPAL. ALICIA DE LEGENDRE,EMCO,32.8,23.0,1.5,https://indomet.gob.do/wp-content/uploads/2025/05/temperaturas-extremas-y-precipitaciones-2025x05x23-a.pdf
2025-05-23,021,RÍO SAN JUAN,MARÍA TRINIDAD SÁNCHEZ,HOSP. MPAL. DR. DESIDERIO ACOSTA,EMCV,34.2,25.5,0.8,https://indomet.gob.do/wp-content/uploads/2025/05/temperaturas-extremas-y-precipitaciones-2025x05x23-a.pdf
2025-05-23,022,LOS TRES CHARCOS (EMA),PEDERNALES,PROPIEDAD DEL VOLUNTARIO,EMAP,33.1,25.0,0.6,https://indomet.gob.do/wp-content/uploads/2025/05/temperaturas-extremas-y-precipitaciones-2025x05x23-a.pdf
2025-05-23,023,JUMA BEJUCAL,MONSEÑOR NOUEL,IDIAF,EMCV,32.6,21.8,0.5,https://indomet.gob.do/wp-content/uploads/2025/05/temperaturas-extremas-y-precipitaciones-2025x05x23-a.pdf
2025-05-23,024,RANCHO ARRIBA,SAN JOSÉ DE OCOA,CENTRO TECNOLÓGICO COMUNITARIO,EMCO,30.6,20.5,0.5,https://indomet.gob.do/wp-content/uploads/2025/05/temperaturas-extremas-y-precipitaciones-2025x05x23-a.pdf
2025-05-23,025,SABANA DE LA MAR,HATO MAYOR,ONAMET,EMCO,31.5,23.5,0.5,https://indomet.gob.do/wp-content/uploads/2025/05/temperaturas-extremas-y-precipitaciones-2025x05x23-a.pdf
2025-05-23,026,VILLA ALTAGRACIA,SAN CRISTÓBAL,ESCUELA JAVIER ANGULO GURIDI,EMCO,,,0.4,https://indomet.gob.do/wp-content/uploads/2025/05/temperaturas-extremas-y-precipitaciones-2025x05x23-a.pdf
2025-05-23,027,LA VICTORIA,SANTO DOMINGO,CUERPO DE BOMBEROS,EMCO,35.0,24.5,0.3,https://indomet.gob.do/wp-content/uploads/2025/05/temperaturas-extremas-y-precipitaciones-2025x05x23-a.pdf
2025-05-23,028,CABRAL,BARAHONA,MINISTERIO DE AGRICULTURA,EMCV,34.5,25.7,0.2,https://indomet.gob.do/wp-content/uploads/2025/05/temperaturas-extremas-y-precipitaciones-2025x05x23-a.pdf
2025-05-23,029,JARABACOA,LA VEGA,INDRHI / MARENA,EMCO,32.8,18.0,0.2,https://indomet.gob.do/wp-content/uploads/2025/05/temperaturas-extremas-y-precipitaciones-2025x05x23-a.pdf
2025-05-23,030,JARABACOA (EMA),LA VEGA,PROGRAMA MUNDIAL DE ALIMENTO,EMAP,31.8,19.7,0.2,https://indomet.gob.do/wp-content/uploads/2025/05/temperaturas-extremas-y-precipitaciones-2025x05x23-a.pdf
2025-05-23,031,PADRE LAS CASAS,AZUA,HOSP. NTRA. SRA. DEL CARMEN,EMCO,32.7,21.0,0.2,https://indomet.gob.do/wp-content/uploads/2025/05/temperaturas-extremas-y-precipitaciones-2025x05x23-a.pdf
2025-05-23,032,ARPT. DE LAS AMÉRICAS,SANTO DOMINGO,ONAMET,EMCO,31.8,23.0,0.1,https://indomet.gob.do/wp-content/uploads/2025/05/temperaturas-extremas-y-precipitaciones-2025x05x23-a.pdf
2025-05-23,033,HONDO VALLE,ELÍAS PIÑA,MINISTERIO DE AGRICULTURA,EMCO,27.7,18.7,0.1,https://indomet.gob.do/wp-content/uploads/2025/05/temperaturas-extremas-y-precipitaciones-2025x05x23-a.pdf
2025-05-23,034,SAN JOSÉ DE OCOA,SAN JOSÉ DE OCOA,HOSP. SAN JOSÉ DE OCOA,EMCO,33.0,,0.1,https://indomet.gob.do/wp-content/uploads/2025/05/temperaturas-extremas-y-precipitaciones-2025x05x23-a.pdf
2025-05-23,035,ALTAMIRA,PUERTO PLATA,HOSP. MPAL. DE ALTAMIRA,EMCO,35.0,21.9,0.0,https://indomet.gob.do/wp-content/uploads/2025/05/temperaturas-extremas-y-precipitaciones-2025x05x23-a.pdf
2025-05-23,036,ARPT. GREGORIO LUPERÓN,PUERTO PLATA,ONAMET,EMCO,32.6,23.4,0.0,https://indomet.gob.do/wp-content/uploads/2025/05/temperaturas-extremas-y-precipitaciones-2025x05x23-a.pdf
2025-05-23,037,ARPT. LA ISABELA,SANTO DOMINGO,ONAMET,EMCO,33.0,20.5,0.0,https://indomet.gob.do/wp-content/uploads/2025/05/temperaturas-extremas-y-precipitaciones-2025x05x23-a.pdf
2025-05-23,038,ARPT. MARÍA MONTEZ,BARAHONA,ONAMET,EMCO,33.2,25.0,0.0,https://indomet.gob.do/wp-content/uploads/2025/05/temperaturas-extremas-y-precipitaciones-2025x05x23-a.pdf
2025-05-23,039,ARROYO LORO,SAN JUAN,IDIAF,EMCO,32.2,21.8,0.0,https://indomet.gob.do/wp-content/uploads/2025/05/temperaturas-extremas-y-precipitaciones-2025x05x23-a.pdf
2025-05-23,040,BANI (EMA),PERAVIA,MINISTERIO DE AGRICULTURA,EMAP,32.0,25.4,0.0,https://indomet.gob.do/wp-content/uploads/2025/05/temperaturas-extremas-y-precipitaciones-2025x05x23-a.pdf
2025-05-23,041,BASE AÉREA DE SAN ISIDRO,SANTO DOMINGO,FUERZA AÉREA DOMINICANA,EMCV,33.1,23.7,0.0,https://indomet.gob.do/wp-content/uploads/2025/05/temperaturas-extremas-y-precipitaciones-2025x05x23-a.pdf
2025-05-23,042,BOCA DE MAO (EMA),VALVERDE,MINISTERIO DE AGRICULTURA,EMAP,36.6,24.6,0.0,https://indomet.gob.do/wp-content/uploads/2025/05/temperaturas-extremas-y-precipitaciones-2025x05x23-a.pdf
2025-05-23,043,BONAO,MONSEÑOR NOUEL,MINISTERIO DE AGRICULTURA,EMCV,,,0.0,https://indomet.gob.do/wp-content/uploads/2025/05/temperaturas-extremas-y-precipitaciones-2025x05x23-a.pdf
2025-05-23,044,CABRERA,MARÍA TRINIDAD SÁNCHEZ,ESCUELA ARÍSTIDES FIALLO CABRAL,EMCO,33.0,26.0,0.0,https://indomet.gob.do/wp-content/uploads/2025/05/temperaturas-extremas-y-precipitaciones-2025x05x23-a.pdf
2025-05-23,045,CENTRO DE LOS HEROES (EMA),DISTRITO NACIONAL,MINISTERIO DE ENERGIA Y MINA,EMAP,31.4,26.4,0.0,https://indomet.gob.do/wp-content/uploads/2025/05/temperaturas-extremas-y-precipitaciones-2025x05x23-a.pdf
2025-05-23,046,CONSTANZA,LA VEGA,MINISTERIO DE AGRICULTURA,EMCO,27.6,16.0,0.0,https://indomet.gob.do/wp-content/uploads/2025/05/temperaturas-extremas-y-precipitaciones-2025x05x23-a.pdf
2025-05-23,047,CONSTANZA (EMA),LA VEGA,PROGRAMA MUNDIAL DE ALIMENTO,EMAP,26.9,16.3,0.0,https://indomet.gob.do/wp-content/uploads/2025/05/temperaturas-extremas-y-precipitaciones-2025x05x23-a.pdf
2025-05-23,048,DAJABÓN,DAJABÓN,INSTITUTO POLITÉCNICO LOYOLA,EMCO,33.8,19.2,0.0,https://indomet.gob.do/wp-content/uploads/2025/05/temperaturas-extremas-y-precipitaciones-2025x05x23-a.pdf
2025-05-23,049,ELÍAS PIÑA,ELÍAS PIÑA,MINISTERIO DE AGRICULTURA,EMCV,,,0.0,https://indomet.gob.do/wp-content/uploads/2025/05/temperaturas-extremas-y-precipitaciones-2025x05x23-a.pdf
2025-05-23,050,ESCONDIDO,PERAVIA,MINISTERIO DE AGRICULTURA,EMCV,32.0,25.0,0.0,https://indomet.gob.do/wp-content/uploads/2025/05/temperaturas-extremas-y-precipitaciones-2025x05x23-a.pdf
2025-05-23,051,GASPAR HERNÁNDEZ,ESPAILLAT,PROPIEDAD DEL EMPLEADO,EMCO,,,0.0,https://indomet.gob.do/wp-content/uploads/2025/05/temperaturas-extremas-y-precipitaciones-2025x05x23-a.pdf
2025-05-23,052,GURABO,SANTIAGO,MINISTERIO DE AGRICULTURA,EMCV,,,0.0,https://indomet.gob.do/wp-content/uploads/2025/05/temperaturas-extremas-y-precipitaciones-2025x05x23-a.pdf
2025-05-23,053,JIMANÍ,INDEPENDENCIA,MINISTERIO DE AGRICULTURA,EMCO,35.4,25.8,0.0,https://indomet.gob.do/wp-content/uploads/2025/05/temperaturas-extremas-y-precipitaciones-2025x05x23-a.pdf
2025-05-23,054,LAS CANAS (EMA),MONTE CRISTI,PROGRAMA MUNDIAL DE ALIMENTO,EMAP,30.4,24.5,0.0,https://indomet.gob.do/wp-content/uploads/2025/05/temperaturas-extremas-y-precipitaciones-2025x05x23-a.pdf
2025-05-23,055,LAS MATAS DE SANTA CRUZ (EMA,MONTE CRISTI,PROGRAMA MUNDIAL DE ALIMENTO,EMAP,35.7,24.7,0.0,https://indomet.gob.do/wp-content/uploads/2025/05/temperaturas-extremas-y-precipitaciones-2025x05x23-a.pdf
2025-05-23,056,LOS LLANOS,SAN PEDRO DE MACORÍS,MINISTERIO DE AGRICULTURA,EMCO,33.2,23.4,0.0,https://indomet.gob.do/wp-content/uploads/2025/05/temperaturas-extremas-y-precipitaciones-2025x05x23-a.pdf
2025-05-23,057,MAO,VALVERDE,INDRHI / MINISTERIO DE AGRICULTURA,EMCV,,,0.0,https://indomet.gob.do/wp-content/uploads/2025/05/temperaturas-extremas-y-precipitaciones-2025x05x23-a.pdf
2025-05-23,058,MONCIÓN (EMA),SANTIAGO RODRÍGUEZ,PROGRAMA MUNDIAL DE ALIMENTO,EMAP,33.3,21.3,0.0,https://indomet.gob.do/wp-content/uploads/2025/05/temperaturas-extremas-y-precipitaciones-2025x05x23-a.pdf
2025-05-23,059,MONTE CRISTI,MONTE CRISTI,ONAMET,EMCO,35.4,25.0,0.0,https://indomet.gob.do/wp-content/uploads/2025/05/temperaturas-extremas-y-precipitaciones-2025x05x23-a.pdf
2025-05-23,060,NAVARRETE,SANTIAGO,MINISTERIO DE AGRICULTURA,EMCV,,,0.0,https://indomet.gob.do/wp-content/uploads/2025/05/temperaturas-extremas-y-precipitaciones-2025x05x23-a.pdf
2025-05-23,061,OLIVARES,PEDERNALES,INDRHI,EMCO,,,0.0,https://indomet.gob.do/wp-content/uploads/2025/05/temperaturas-extremas-y-precipitaciones-2025x05x23-a.pdf
2025-05-23,062,PALO ÍNDIO,PUERTO PLATA,MINISTERIO DE AGRICULTURA,EMCO,,,0.0,https://indomet.gob.do/wp-content/uploads/2025/05/temperaturas-extremas-y-precipitaciones-2025x05x23-a.pdf
2025-05-23,063,PEDERNALES,PEDERNALES,INDRHI,EMCO,,,0.0,https://indomet.gob.do/wp-content/uploads/2025/05/temperaturas-extremas-y-precipitaciones-2025x05x23-a.pdf
2025-05-23,064,PERALTA,AZUA,HOSP. MPAL. DE PERALTA,EMCO,31.0,19.0,0.0,https://indomet.gob.do/wp-content/uploads/2025/05/temperaturas-extremas-y-precipitaciones-2025x05x23-a.pdf
2025-05-23,065,PESCADERIA (EMA),BARAHONA,MINISTERIO DE AGRICULTURA,EMAP,33.4,26.8,0.0,https://indomet.gob.do/wp-content/uploads/2025/05/temperaturas-extremas-y-precipitaciones-2025x05x23-a.pdf
2025-05-23,066,PONTÓN ABAJO (EMA),LA VEGA,MINISTERIO DE AGRICULTURA,EMAP,35.7,24.5,0.0,https://indomet.gob.do/wp-content/uploads/2025/05/temperaturas-extremas-y-precipitaciones-2025x05x23-a.pdf
2025-05-23,067,PRESA DE TAVERAS (EMA),LA VEGA,PROGRAMA MUNDIAL DE ALIMENTO,EMAP,31.3,22.7,0.0,https://indomet.gob.do/wp-content/uploads/2025/05/temperaturas-extremas-y-precipitaciones-2025x05x23-a.pdf
2025-05-23,068,RESTAURACIÓN,DAJABÓN,MINISTERIO DE AGRICULTURA,EMCO,,19.4,0.0,https://indomet.gob.do/wp-content/uploads/2025/05/temperaturas-extremas-y-precipitaciones-2025x05x23-a.pdf
2025-05-23,069,SABANETA (EMA),SANTIAGO RODRÍGUEZ,PROGRAMA MUNDIAL DE ALIMENTO,EMAP,36.9,24.4,0.0,https://indomet.gob.do/wp-content/uploads/2025/05/temperaturas-extremas-y-precipitaciones-2025x05x23-a.pdf
2025-05-23,070,SANTIAGO RODRÍGUEZ,SANTIAGO RODRÍGUEZ,ONAMET,EMCO,36.0,25.0,0.0,https://indomet.gob.do/wp-content/uploads/2025/05/temperaturas-extremas-y-precipitaciones-2025x05x23-a.pdf
2025-05-23,071,TÁBARA ABAJO,AZUA,INDRHI,EMCO,34.9,20.0,0.0,https://indomet.gob.do/wp-content/uploads/2025/05/temperaturas-extremas-y-precipitaciones-2025x05x23-a.pdf
2025-05-23,072,VILLA GONZALES,SANTIAGO,MINISTERIO DE AGRICULTURA,EMCO,,,0.0,https://indomet.gob.do/wp-content/uploads/2025/05/temperaturas-extremas-y-precipitaciones-2025x05x23-a.pdf
2025-05-23,073,VILLA ISABELA,PUERTO PLATA,MINISTERIO DE AGRICULTURA,EMCV,,,0.0,https://indomet.gob.do/wp-content/uploads/2025/05/temperaturas-extremas-y-precipitaciones-2025x05x23-a.pdf
2025-05-23,074,ALTO BANDERA (EMA),LA VEGA,INTEC,EMAP,19.1,6.7,0.0,https://indomet.gob.do/wp-content/uploads/2025/05/temperaturas-extremas-y-precipitaciones-2025x05x23-a.pdf
2025-05-24,001,POLO,BARAHONA,INDOCAFE,EMCO,29.2,19.5,13.6,https://indomet.gob.do/wp-content/uploads/2025/05/temperaturas-extremas-y-precipitaciones-2025x05x24-a.pdf
2025-05-24,002,SAN RAFAEL DEL YUMA,LA ALTAGRACIA,MINISTERIO DE AGRICULTURA,EMCO,33.0,22.7,9.5,https://indomet.gob.do/wp-content/uploads/2025/05/temperaturas-extremas-y-precipitaciones-2025x05x24-a.pdf
2025-05-24,003,SAMANÁ,SAMANÁ,COMANDANCIA DE PUERTO DE SAMANÁ,EMCO,32.5,25.0,6.0,https://indomet.gob.do/wp-content/uploads/2025/05/temperaturas-extremas-y-precipitaciones-2025x05x24-a.pdf
2025-05-24,004,ARPT. DE LA ROMANA,LA ROMANA,ONAMET,EMCO,32.2,23.2,5.2,https://indomet.gob.do/wp-content/uploads/2025/05/temperaturas-extremas-y-precipitaciones-2025x05x24-a.pdf
2025-05-24,005,JARABACOA,LA VEGA,INDRHI / MARENA,EMCO,32.4,18.2,1.4,https://indomet.gob.do/wp-content/uploads/2025/05/temperaturas-extremas-y-precipitaciones-2025x05x24-a.pdf
2025-05-24,006,JARABACOA (EMA),LA VEGA,PROGRAMA MUNDIAL DE ALIMENTO,EMAP,31.4,18.6,1.4,https://indomet.gob.do/wp-content/uploads/2025/05/temperaturas-extremas-y-precipitaciones-2025x05x24-a.pdf
2025-05-24,007,JUMA BEJUCAL,MONSEÑOR NOUEL,IDIAF,EMCV,33.4,23.6,1.4,https://indomet.gob.do/wp-content/uploads/2025/05/temperaturas-extremas-y-precipitaciones-2025x05x24-a.pdf
2025-05-24,008,BONAO,MONSEÑOR NOUEL,MINISTERIO DE AGRICULTURA,EMCV,,,1.0,https://indomet.gob.do/wp-content/uploads/2025/05/temperaturas-extremas-y-precipitaciones-2025x05x24-a.pdf
2025-05-24,009,ARPT. ARROYO BARRIL,SAMANÁ,ONAMET,EMCO,31.5,24.2,0.6,https://indomet.gob.do/wp-content/uploads/2025/05/temperaturas-extremas-y-precipitaciones-2025x05x24-a.pdf
2025-05-24,010,VILLA ALTAGRACIA,SAN CRISTÓBAL,ESCUELA JAVIER ANGULO GURIDI,EMCO,,,0.5,https://indomet.gob.do/wp-content/uploads/2025/05/temperaturas-extremas-y-precipitaciones-2025x05x24-a.pdf
2025-05-24,011,CABRERA,MARÍA TRINIDAD SÁNCHEZ,ESCUELA ARÍSTIDES FIALLO CABRAL,EMCO,32.5,26.5,0.4,https://indomet.gob.do/wp-content/uploads/2025/05/temperaturas-extremas-y-precipitaciones-2025x05x24-a.pdf
2025-05-24,012,RANCHO ARRIBA,SAN JOSÉ DE OCOA,CENTRO TECNOLÓGICO COMUNITARIO,EMCO,31.0,19.8,0.4,https://indomet.gob.do/wp-content/uploads/2025/05/temperaturas-extremas-y-precipitaciones-2025x05x24-a.pdf
2025-05-24,013,ALTO BANDERA (EMA),LA VEGA,INTEC,EMAP,19.9,5.7,0.3,https://indomet.gob.do/wp-content/uploads/2025/05/temperaturas-extremas-y-precipitaciones-2025x05x24-a.pdf
2025-05-24,014,CONSTANZA,LA VEGA,MINISTERIO DE AGRICULTURA,EMCO,27.7,13.6,0.2,https://indomet.gob.do/wp-content/uploads/2025/05/temperaturas-extremas-y-precipitaciones-2025x05x24-a.pdf
2025-05-24,015,ENRIQUILLO,BARAHONA,MINISTERIO DE AGRICULTURA,EMCV,31.3,25.0,0.1,https://indomet.gob.do/wp-content/uploads/2025/05/temperaturas-extremas-y-precipitaciones-2025x05x24-a.pdf
2025-05-24,016,ALTAMIRA,PUERTO PLATA,HOSP. MPAL. DE ALTAMIRA,EMCO,34.3,21.4,0.0,https://indomet.gob.do/wp-content/uploads/2025/05/temperaturas-extremas-y-precipitaciones-2025x05x24-a.pdf
2025-05-24,017,ANAMUYA (EMA),LA ALTAGRACIA,MINISTERIO DE AGRICULTURA,EMAP,31.2,24.3,0.0,https://indomet.gob.do/wp-content/uploads/2025/05/temperaturas-extremas-y-precipitaciones-2025x05x24-a.pdf
2025-05-24,018,ARPT. DE LAS AMÉRICAS,SANTO DOMINGO,ONAMET,EMCO,32.1,23.5,0.0,https://indomet.gob.do/wp-content/uploads/2025/05/temperaturas-extremas-y-precipitaciones-2025x05x24-a.pdf
2025-05-24,019,ARPT. DE PUNTA CANA,LA ALTAGRACIA,ONAMET,EMCO,31.0,23.0,0.0,https://indomet.gob.do/wp-content/uploads/2025/05/temperaturas-extremas-y-precipitaciones-2025x05x24-a.pdf
2025-05-24,020,ARPT. DEL CIBAO,SANTIAGO,ONAMET,EMCO,33.5,23.4,0.0,https://indomet.gob.do/wp-content/uploads/2025/05/temperaturas-extremas-y-precipitaciones-2025x05x24-a.pdf
2025-05-24,021,ARPT. EL CATEY,SAMANÁ,ONAMET,EMCO,32.0,22.8,0.0,https://indomet.gob.do/wp-content/uploads/2025/05/temperaturas-extremas-y-precipitaciones-2025x05x24-a.pdf
2025-05-24,022,ARPT. GREGORIO LUPERÓN,PUERTO PLATA,ONAMET,EMCO,32.5,23.8,0.0,https://indomet.gob.do/wp-content/uploads/2025/05/temperaturas-extremas-y-precipitaciones-2025x05x24-a.pdf
2025-05-24,023,ARPT. LA ISABELA,SANTO DOMINGO,ONAMET,EMCO,33.5,21.0,0.0,https://indomet.gob.do/wp-content/uploads/2025/05/temperaturas-extremas-y-precipitaciones-2025x05x24-a.pdf
2025-05-24,024,ARPT. MARÍA MONTEZ,BARAHONA,ONAMET,EMCO,33.5,26.5,0.0,https://indomet.gob.do/wp-content/uploads/2025/05/temperaturas-extremas-y-precipitaciones-2025x05x24-a.pdf
2025-05-24,025,ARROYO LORO,SAN JUAN,IDIAF,EMCO,32.5,19.2,0.0,https://indomet.gob.do/wp-content/uploads/2025/05/temperaturas-extremas-y-precipitaciones-2025x05x24-a.pdf
2025-05-24,026,BASE AÉREA DE SAN ISIDRO,SANTO DOMINGO,FUERZA AÉREA DOMINICANA,EMCV,31.0,24.0,0.0,https://indomet.gob.do/wp-content/uploads/2025/05/temperaturas-extremas-y-precipitaciones-2025x05x24-a.pdf
2025-05-24,027,BAYAGUANA,MONTE PLATA,ONAMET,EMCO,33.2,23.6,0.0,https://indomet.gob.do/wp-content/uploads/2025/05/temperaturas-extremas-y-precipitaciones-2025x05x24-a.pdf
2025-05-24,028,BOCA DE MAO (EMA),VALVERDE,MINISTERIO DE AGRICULTURA,EMAP,35.4,23.6,0.0,https://indomet.gob.do/wp-content/uploads/2025/05/temperaturas-extremas-y-precipitaciones-2025x05x24-a.pdf
2025-05-24,029,CABRAL,BARAHONA,MINISTERIO DE AGRICULTURA,EMCV,35.3,26.9,0.0,https://indomet.gob.do/wp-content/uploads/2025/05/temperaturas-extremas-y-precipitaciones-2025x05x24-a.pdf
2025-05-24,030,CENTRO DE LOS HEROES (EMA),DISTRITO NACIONAL,MINISTERIO DE ENERGIA Y MINA,EMAP,31.6,25.9,0.0,https://indomet.gob.do/wp-content/uploads/2025/05/temperaturas-extremas-y-precipitaciones-2025x05x24-a.pdf
2025-05-24,031,CONSTANZA (EMA),LA VEGA,PROGRAMA MUNDIAL DE ALIMENTO,EMAP,25.8,14.1,0.0,https://indomet.gob.do/wp-content/uploads/2025/05/temperaturas-extremas-y-precipitaciones-2025x05x24-a.pdf
2025-05-24,032,DAJABÓN,DAJABÓN,INSTITUTO POLITÉCNICO LOYOLA,EMCO,34.1,22.0,0.0,https://indomet.gob.do/wp-content/uploads/2025/05/temperaturas-extremas-y-precipitaciones-2025x05x24-a.pdf
2025-05-24,033,EL FACTOR (EMA),MARÍA TRINIDAD SÁNCHEZ,INTEC,EMAP,30.8,23.9,0.0,https://indomet.gob.do/wp-content/uploads/2025/05/temperaturas-extremas-y-precipitaciones-2025x05x24-a.pdf
2025-05-24,034,ELÍAS PIÑA,ELÍAS PIÑA,MINISTERIO DE AGRICULTURA,EMCV,,,0.0,https://indomet.gob.do/wp-content/uploads/2025/05/temperaturas-extremas-y-precipitaciones-2025x05x24-a.pdf
2025-05-24,035,ESCONDIDO,PERAVIA,MINISTERIO DE AGRICULTURA,EMCV,32.0,25.0,0.0,https://indomet.gob.do/wp-content/uploads/2025/05/temperaturas-extremas-y-precipitaciones-2025x05x24-a.pdf
2025-05-24,036,GASPAR HERNÁNDEZ,ESPAILLAT,PROPIEDAD DEL EMPLEADO,EMCO,,,0.0,https://indomet.gob.do/wp-content/uploads/2025/05/temperaturas-extremas-y-precipitaciones-2025x05x24-a.pdf
2025-05-24,037,GURABO,SANTIAGO,MINISTERIO DE AGRICULTURA,EMCV,,,0.0,https://indomet.gob.do/wp-content/uploads/2025/05/temperaturas-extremas-y-precipitaciones-2025x05x24-a.pdf
2025-05-24,038,HATO MAYOR,HATO MAYOR,MINISTERIO DE AGRICULTURA,EMCV,,,0.0,https://indomet.gob.do/wp-content/uploads/2025/05/temperaturas-extremas-y-precipitaciones-2025x05x24-a.pdf
2025-05-24,039,HONDO VALLE,ELÍAS PIÑA,MINISTERIO DE AGRICULTURA,EMCO,27.9,19.0,0.0,https://indomet.gob.do/wp-content/uploads/2025/05/temperaturas-extremas-y-precipitaciones-2025x05x24-a.pdf
2025-05-24,040,JIMANÍ,INDEPENDENCIA,MINISTERIO DE AGRICULTURA,EMCO,35.5,25.8,0.0,https://indomet.gob.do/wp-content/uploads/2025/05/temperaturas-extremas-y-precipitaciones-2025x05x24-a.pdf
2025-05-24,041,LA VEGA,LA VEGA,IATESA,EMCO,33.0,23.0,0.0,https://indomet.gob.do/wp-content/uploads/2025/05/temperaturas-extremas-y-precipitaciones-2025x05x24-a.pdf
2025-05-24,042,LA VICTORIA,SANTO DOMINGO,CUERPO DE BOMBEROS,EMCO,34.6,23.5,0.0,https://indomet.gob.do/wp-content/uploads/2025/05/temperaturas-extremas-y-precipitaciones-2025x05x24-a.pdf
2025-05-24,043,LAS CANAS (EMA),MONTE CRISTI,PROGRAMA MUNDIAL DE ALIMENTO,EMAP,30.8,23.9,0.0,https://indomet.gob.do/wp-content/uploads/2025/05/temperaturas-extremas-y-precipitaciones-2025x05x24-a.pdf
2025-05-24,044,LAS MATAS DE SANTA CRUZ (EMA,MONTE CRISTI,PROGRAMA MUNDIAL DE ALIMENTO,EMAP,35.4,23.4,0.0,https://indomet.gob.do/wp-content/uploads/2025/05/temperaturas-extremas-y-precipitaciones-2025x05x24-a.pdf
2025-05-24,045,LOS LLANOS,SAN PEDRO DE MACORÍS,MINISTERIO DE AGRICULTURA,EMCO,34.6,22.2,0.0,https://indomet.gob.do/wp-content/uploads/2025/05/temperaturas-extremas-y-precipitaciones-2025x05x24-a.pdf
2025-05-24,046,LOS TRES CHARCOS (EMA),PEDERNALES,PROPIEDAD DEL VOLUNTARIO,EMAP,31.9,24.7,0.0,https://indomet.gob.do/wp-content/uploads/2025/05/temperaturas-extremas-y-precipitaciones-2025x05x24-a.pdf
2025-05-24,047,MAO,VALVERDE,INDRHI / MINISTERIO DE AGRICULTURA,EMCV,,,0.0,https://indomet.gob.do/wp-content/uploads/2025/05/temperaturas-extremas-y-precipitaciones-2025x05x24-a.pdf
2025-05-24,048,MONCIÓN (EMA),SANTIAGO RODRÍGUEZ,PROGRAMA MUNDIAL DE ALIMENTO,EMAP,32.6,19.9,0.0,https://indomet.gob.do/wp-content/uploads/2025/05/temperaturas-extremas-y-precipitaciones-2025x05x24-a.pdf
2025-05-24,049,MONTE CRISTI,MONTE CRISTI,ONAMET,EMCO,35.5,25.5,0.0,https://indomet.gob.do/wp-content/uploads/2025/05/temperaturas-extremas-y-precipitaciones-2025x05x24-a.pdf
2025-05-24,050,NAVARRETE,SANTIAGO,MINISTERIO DE AGRICULTURA,EMCV,,,0.0,https://indomet.gob.do/wp-content/uploads/2025/05/temperaturas-extremas-y-precipitaciones-2025x05x24-a.pdf
2025-05-24,051,OLIVARES,PEDERNALES,INDRHI,EMCO,,,0.0,https://indomet.gob.do/wp-content/uploads/2025/05/temperaturas-extremas-y-precipitaciones-2025x05x24-a.pdf
2025-05-24,052,PADRE LAS CASAS,AZUA,HOSP. NTRA. SRA. DEL CARMEN,EMCO,33.5,19.7,0.0,https://indomet.gob.do/wp-content/uploads/2025/05/temperaturas-extremas-y-precipitaciones-2025x05x24-a.pdf
2025-05-24,053,PALO ÍNDIO,PUERTO PLATA,MINISTERIO DE AGRICULTURA,EMCO,,,0.0,https://indomet.gob.do/wp-content/uploads/2025/05/temperaturas-extremas-y-precipitaciones-2025x05x24-a.pdf
2025-05-24,054,PEDERNALES,PEDERNALES,INDRHI,EMCO,,,0.0,https://indomet.gob.do/wp-content/uploads/2025/05/temperaturas-extremas-y-precipitaciones-2025x05x24-a.pdf
2025-05-24,055,PERALTA,AZUA,HOSP. MPAL. DE PERALTA,EMCO,32.0,20.3,0.0,https://indomet.gob.do/wp-content/uploads/2025/05/temperaturas-extremas-y-precipitaciones-2025x05x24-a.pdf
2025-05-24,056,PESCADERIA (EMA),BARAHONA,MINISTERIO DE AGRICULTURA,EMAP,33.4,26.5,0.0,https://indomet.gob.do/wp-content/uploads/2025/05/temperaturas-extremas-y-precipitaciones-2025x05x24-a.pdf
2025-05-24,057,PONTÓN ABAJO (EMA),LA VEGA,MINISTERIO DE AGRICULTURA,EMAP,34.6,23.8,0.0,https://indomet.gob.do/wp-content/uploads/2025/05/temperaturas-extremas-y-precipitaciones-2025x05x24-a.pdf
2025-05-24,058,PRESA DE TAVERAS (EMA),LA VEGA,PROGRAMA MUNDIAL DE ALIMENTO,EMAP,30.8,22.1,0.0,https://indomet.gob.do/wp-content/uploads/2025/05/temperaturas-extremas-y-precipitaciones-2025x05x24-a.pdf
2025-05-24,059,RESTAURACIÓN,DAJABÓN,MINISTERIO DE AGRICULTURA,EMCO,,19.1,0.0,https://indomet.gob.do/wp-content/uploads/2025/05/temperaturas-extremas-y-precipitaciones-2025x05x24-a.pdf
2025-05-24,060,RÍO SAN JUAN,MARÍA TRINIDAD SÁNCHEZ,HOSP. MPAL. DR. DESIDERIO ACOSTA,EMCV,33.8,24.0,0.0,https://indomet.gob.do/wp-content/uploads/2025/05/temperaturas-extremas-y-precipitaciones-2025x05x24-a.pdf
2025-05-24,061,SABANA DE LA MAR,HATO MAYOR,ONAMET,EMCO,31.0,23.0,0.0,https://indomet.gob.do/wp-content/uploads/2025/05/temperaturas-extremas-y-precipitaciones-2025x05x24-a.pdf
2025-05-24,062,SABANETA (EMA),SANTIAGO RODRÍGUEZ,PROGRAMA MUNDIAL DE ALIMENTO,EMAP,36.4,22.8,0.0,https://indomet.gob.do/wp-content/uploads/2025/05/temperaturas-extremas-y-precipitaciones-2025x05x24-a.pdf
2025-05-24,063,SALCEDO,HERMANAS MIRABAL,PROPIEDAD DEL EMPLEADO,EMCO,,,0.0,https://indomet.gob.do/wp-content/uploads/2025/05/temperaturas-extremas-y-precipitaciones-2025x05x24-a.pdf
2025-05-24,064,SAN CRISTÓBAL,SAN CRISTÓBAL,INSTITUTO POLITÉCNICO LOYOLA,EMCO,32.2,24.0,0.0,https://indomet.gob.do/wp-content/uploads/2025/05/temperaturas-extremas-y-precipitaciones-2025x05x24-a.pdf
2025-05-24,065,SAN JOSÉ DE OCOA,SAN JOSÉ DE OCOA,HOSP. SAN JOSÉ DE OCOA,EMCO,32.8,,0.0,https://indomet.gob.do/wp-content/uploads/2025/05/temperaturas-extremas-y-precipitaciones-2025x05x24-a.pdf
2025-05-24,066,SÁNCHEZ,SAMANÁ,MINISTERIO DE AGRICULTURA,EMCO,33.6,24.3,0.0,https://indomet.gob.do/wp-content/uploads/2025/05/temperaturas-extremas-y-precipitaciones-2025x05x24-a.pdf
2025-05-24,067,SANTIAGO RODRÍGUEZ,SANTIAGO RODRÍGUEZ,ONAMET,EMCO,36.2,24.0,0.0,https://indomet.gob.do/wp-content/uploads/2025/05/temperaturas-extremas-y-precipitaciones-2025x05x24-a.pdf
2025-05-24,068,SANTO DOMINGO ESTE,SANTO DOMINGO,ONAMET,EMCO,33.0,25.6,0.0,https://indomet.gob.do/wp-content/uploads/2025/05/temperaturas-extremas-y-precipitaciones-2025x05x24-a.pdf
2025-05-24,069,TÁBARA ABAJO,AZUA,INDRHI,EMCO,34.8,22.0,0.0,https://indomet.gob.do/wp-content/uploads/2025/05/temperaturas-extremas-y-precipitaciones-2025x05x24-a.pdf
2025-05-24,070,TAMBORIL,SANTIAGO,MINISTERIO DE AGRICULTURA,EMCV,,,0.0,https://indomet.gob.do/wp-content/uploads/2025/05/temperaturas-extremas-y-precipitaciones-2025x05x24-a.pdf
2025-05-24,071,VILLA GONZALES,SANTIAGO,MINISTERIO DE AGRICULTURA,EMCO,,,0.0,https://indomet.gob.do/wp-content/uploads/2025/05/temperaturas-extremas-y-precipitaciones-2025x05x24-a.pdf
2025-05-24,072,VILLA ISABELA,PUERTO PLATA,MINISTERIO DE AGRICULTURA,EMCV,,,0.0,https://indomet.gob.do/wp-content/uploads/2025/05/temperaturas-extremas-y-precipitaciones-2025x05x24-a.pdf
2025-05-24,073,VILLA RIVA,DUARTE,HOSP. MPAL. ALICIA DE LEGENDRE,EMCO,33.0,22.5,0.0,https://indomet.gob.do/wp-content/uploads/2025/05/temperaturas-extremas-y-precipitaciones-2025x05x24-a.pdf
2025-05-25,001,EL FACTOR (EMA),MARÍA TRINIDAD SÁNCHEZ,INTEC,EMAP,30.8,23.1,7.6,https://indomet.gob.do/wp-content/uploads/2025/05/temperaturas-extremas-y-precipitaciones-2025x05x25-a.pdf
2025-05-25,002,SAN RAFAEL DEL YUMA,LA ALTAGRACIA,MINISTERIO DE AGRICULTURA,EMCO,32.7,23.0,6.8,https://indomet.gob.do/wp-content/uploads/2025/05/temperaturas-extremas-y-precipitaciones-2025x05x25-a.pdf
2025-05-25,003,LA VEGA,LA VEGA,IATESA,EMCO,33.5,23.0,5.8,https://indomet.gob.do/wp-content/uploads/2025/05/temperaturas-extremas-y-precipitaciones-2025x05x25-a.pdf
2025-05-25,004,ANAMUYA (EMA),LA ALTAGRACIA,MINISTERIO DE AGRICULTURA,EMAP,31.3,23.5,5.2,https://indomet.gob.do/wp-content/uploads/2025/05/temperaturas-extremas-y-precipitaciones-2025x05x25-a.pdf
2025-05-25,005,SAMANÁ,SAMANÁ,COMANDANCIA DE PUERTO DE SAMANÁ,EMCO,32.4,23.4,5.0,https://indomet.gob.do/wp-content/uploads/2025/05/temperaturas-extremas-y-precipitaciones-2025x05x25-a.pdf
2025-05-25,006,ARPT. LA ISABELA,SANTO DOMINGO,ONAMET,EMCO,33.5,22.0,4.5,https://indomet.gob.do/wp-content/uploads/2025/05/temperaturas-extremas-y-precipitaciones-2025x05x25-a.pdf
2025-05-25,007,ARPT. DE LA ROMANA,LA ROMANA,ONAMET,EMCO,32.0,22.6,4.2,https://indomet.gob.do/wp-content/uploads/2025/05/temperaturas-extremas-y-precipitaciones-2025x05x25-a.pdf
2025-05-25,008,ARPT. DE PUNTA CANA,LA ALTAGRACIA,ONAMET,EMCO,31.8,25.5,4.2,https://indomet.gob.do/wp-content/uploads/2025/05/temperaturas-extremas-y-precipitaciones-2025x05x25-a.pdf
2025-05-25,009,PARQUE MIRADOR SUR,DISTRITO NACIONAL,AYUNTAMIENTO,EMCV,32.0,21.5,4.0,https://indomet.gob.do/wp-content/uploads/2025/05/temperaturas-extremas-y-precipitaciones-2025x05x25-a.pdf
2025-05-25,010,POLO,BARAHONA,INDOCAFE,EMCO,28.5,18.6,2.9,https://indomet.gob.do/wp-content/uploads/2025/05/temperaturas-extremas-y-precipitaciones-2025x05x25-a.pdf
2025-05-25,011,SAN JOSÉ DE OCOA,SAN JOSÉ DE OCOA,HOSP. SAN JOSÉ DE OCOA,EMCO,33.1,,2.4,https://indomet.gob.do/wp-content/uploads/2025/05/temperaturas-extremas-y-precipitaciones-2025x05x25-a.pdf
2025-05-25,012,RÍO SAN JUAN,MARÍA TRINIDAD SÁNCHEZ,HOSP. MPAL. DR. DESIDERIO ACOSTA,EMCV,33.8,23.7,2.3,https://indomet.gob.do/wp-content/uploads/2025/05/temperaturas-extremas-y-precipitaciones-2025x05x25-a.pdf
2025-05-25,013,ARPT. ARROYO BARRIL,SAMANÁ,ONAMET,EMCO,31.5,23.2,1.6,https://indomet.gob.do/wp-content/uploads/2025/05/temperaturas-extremas-y-precipitaciones-2025x05x25-a.pdf
2025-05-25,014,SÁNCHEZ,SAMANÁ,MINISTERIO DE AGRICULTURA,EMCO,32.3,23.2,1.6,https://indomet.gob.do/wp-content/uploads/2025/05/temperaturas-extremas-y-precipitaciones-2025x05x25-a.pdf
2025-05-25,015,ESCONDIDO,PERAVIA,MINISTERIO DE AGRICULTURA,EMCV,33.0,25.0,1.5,https://indomet.gob.do/wp-content/uploads/2025/05/temperaturas-extremas-y-precipitaciones-2025x05x25-a.pdf
2025-05-25,016,BANI (EMA),PERAVIA,MINISTERIO DE AGRICULTURA,EMAP,32.9,25.4,1.4,https://indomet.gob.do/wp-content/uploads/2025/05/temperaturas-extremas-y-precipitaciones-2025x05x25-a.pdf
2025-05-25,017,JARDÍN BOTÁNICO NACIONAL,DISTRITO NACIONAL,JARDÍN BOTÁNICO NACIONAL,EMCV,32.6,19.2,1.2,https://indomet.gob.do/wp-content/uploads/2025/05/temperaturas-extremas-y-precipitaciones-2025x05x25-a.pdf
2025-05-25,018,LA VICTORIA,SANTO DOMINGO,CUERPO DE BOMBEROS,EMCO,35.0,23.3,1.2,https://indomet.gob.do/wp-content/uploads/2025/05/temperaturas-extremas-y-precipitaciones-2025x05x25-a.pdf
2025-05-25,019,CABRERA,MARÍA TRINIDAD SÁNCHEZ,ESCUELA ARÍSTIDES FIALLO CABRAL,EMCO,33.0,26.4,1.0,https://indomet.gob.do/wp-content/uploads/2025/05/temperaturas-extremas-y-precipitaciones-2025x05x25-a.pdf
2025-05-25,020,TAMBORIL,SANTIAGO,MINISTERIO DE AGRICULTURA,EMCV,,,0.8,https://indomet.gob.do/wp-content/uploads/2025/05/temperaturas-extremas-y-precipitaciones-2025x05x25-a.pdf
2025-05-25,021,VILLA ALTAGRACIA,SAN CRISTÓBAL,ESCUELA JAVIER ANGULO GURIDI,EMCO,,,0.7,https://indomet.gob.do/wp-content/uploads/2025/05/temperaturas-extremas-y-precipitaciones-2025x05x25-a.pdf
2025-05-25,022,ARPT. DE LAS AMÉRICAS,SANTO DOMINGO,ONAMET,EMCO,32.6,23.4,0.5,https://indomet.gob.do/wp-content/uploads/2025/05/temperaturas-extremas-y-precipitaciones-2025x05x25-a.pdf
2025-05-25,023,ARPT. DEL CIBAO,SANTIAGO,ONAMET,EMCO,32.5,22.5,0.5,https://indomet.gob.do/wp-content/uploads/2025/05/temperaturas-extremas-y-precipitaciones-2025x05x25-a.pdf
2025-05-25,024,ARPT. EL CATEY,SAMANÁ,ONAMET,EMCO,30.6,23.0,0.4,https://indomet.gob.do/wp-content/uploads/2025/05/temperaturas-extremas-y-precipitaciones-2025x05x25-a.pdf
2025-05-25,025,BAYAGUANA,MONTE PLATA,ONAMET,EMCO,33.4,22.2,0.4,https://indomet.gob.do/wp-content/uploads/2025/05/temperaturas-extremas-y-precipitaciones-2025x05x25-a.pdf
2025-05-25,026,BONAO,MONSEÑOR NOUEL,MINISTERIO DE AGRICULTURA,EMCV,,,0.3,https://indomet.gob.do/wp-content/uploads/2025/05/temperaturas-extremas-y-precipitaciones-2025x05x25-a.pdf
2025-05-25,027,HATO MAYOR,HATO MAYOR,MINISTERIO DE AGRICULTURA,EMCV,,,0.3,https://indomet.gob.do/wp-content/uploads/2025/05/temperaturas-extremas-y-precipitaciones-2025x05x25-a.pdf
2025-05-25,028,CENTRO DE LOS HEROES (EMA),DISTRITO NACIONAL,MINISTERIO DE ENERGIA Y MINA,EMAP,31.4,24.8,0.2,https://indomet.gob.do/wp-content/uploads/2025/05/temperaturas-extremas-y-precipitaciones-2025x05x25-a.pdf
2025-05-25,029,RANCHO ARRIBA,SAN JOSÉ DE OCOA,CENTRO TECNOLÓGICO COMUNITARIO,EMCO,31.3,19.0,0.2,https://indomet.gob.do/wp-content/uploads/2025/05/temperaturas-extremas-y-precipitaciones-2025x05x25-a.pdf
2025-05-25,030,CABRAL,BARAHONA,MINISTERIO DE AGRICULTURA,EMCV,34.7,25.0,0.1,https://indomet.gob.do/wp-content/uploads/2025/05/temperaturas-extremas-y-precipitaciones-2025x05x25-a.pdf
2025-05-25,031,JARABACOA,LA VEGA,INDRHI / MARENA,EMCO,32.0,17.6,0.1,https://indomet.gob.do/wp-content/uploads/2025/05/temperaturas-extremas-y-precipitaciones-2025x05x25-a.pdf
2025-05-25,032,JUMA BEJUCAL,MONSEÑOR NOUEL,IDIAF,EMCV,32.8,22.0,0.1,https://indomet.gob.do/wp-content/uploads/2025/05/temperaturas-extremas-y-precipitaciones-2025x05x25-a.pdf
2025-05-25,033,SANTO DOMINGO ESTE,SANTO DOMINGO,ONAMET,EMCO,32.8,25.8,0.1,https://indomet.gob.do/wp-content/uploads/2025/05/temperaturas-extremas-y-precipitaciones-2025x05x25-a.pdf
2025-05-25,034,ALTAMIRA,PUERTO PLATA,HOSP. MPAL. DE ALTAMIRA,EMCO,32.3,20.4,0.0,https://indomet.gob.do/wp-content/uploads/2025/05/temperaturas-extremas-y-precipitaciones-2025x05x25-a.pdf
2025-05-25,035,ARPT. GREGORIO LUPERÓN,PUERTO PLATA,ONAMET,EMCO,31.2,22.3,0.0,https://indomet.gob.do/wp-content/uploads/2025/05/temperaturas-extremas-y-precipitaciones-2025x05x25-a.pdf
2025-05-25,036,ARPT. MARÍA MONTEZ,BARAHONA,ONAMET,EMCO,33.6,27.0,0.0,https://indomet.gob.do/wp-content/uploads/2025/05/temperaturas-extremas-y-precipitaciones-2025x05x25-a.pdf
2025-05-25,037,ARROYO LORO,SAN JUAN,IDIAF,EMCO,32.5,21.0,0.0,https://indomet.gob.do/wp-content/uploads/2025/05/temperaturas-extremas-y-precipitaciones-2025x05x25-a.pdf
2025-05-25,038,BOCA DE MAO (EMA),VALVERDE,MINISTERIO DE AGRICULTURA,EMAP,35.7,23.7,0.0,https://indomet.gob.do/wp-content/uploads/2025/05/temperaturas-extremas-y-precipitaciones-2025x05x25-a.pdf
2025-05-25,039,BOHECHÍO,SAN JUAN,MINISTERIO DE AGRICULTURA,EMCV,,,0.0,https://indomet.gob.do/wp-content/uploads/2025/05/temperaturas-extremas-y-precipitaciones-2025x05x25-a.pdf
2025-05-25,040,CONSTANZA,LA VEGA,MINISTERIO DE AGRICULTURA,EMCO,26.7,13.2,0.0,https://indomet.gob.do/wp-content/uploads/2025/05/temperaturas-extremas-y-precipitaciones-2025x05x25-a.pdf
2025-05-25,041,CONSTANZA (EMA),LA VEGA,PROGRAMA MUNDIAL DE ALIMENTO,EMAP,26.5,13.6,0.0,https://indomet.gob.do/wp-content/uploads/2025/05/temperaturas-extremas-y-precipitaciones-2025x05x25-a.pdf
2025-05-25,042,DAJABÓN,DAJABÓN,INSTITUTO POLITÉCNICO LOYOLA,EMCO,33.8,19.6,0.0,https://indomet.gob.do/wp-content/uploads/2025/05/temperaturas-extremas-y-precipitaciones-2025x05x25-a.pdf
2025-05-25,043,EL CERCADO,SAN JUAN,MINISTERIO DE AGRICULTURA,EMCV,,,0.0,https://indomet.gob.do/wp-content/uploads/2025/05/temperaturas-extremas-y-precipitaciones-2025x05x25-a.pdf
2025-05-25,044,ELÍAS PIÑA,ELÍAS PIÑA,MINISTERIO DE AGRICULTURA,EMCV,,,0.0,https://indomet.gob.do/wp-content/uploads/2025/05/temperaturas-extremas-y-precipitaciones-2025x05x25-a.pdf
2025-05-25,045,ENRIQUILLO,BARAHONA,MINISTERIO DE AGRICULTURA,EMCV,32.0,25.0,0.0,https://indomet.gob.do/wp-content/uploads/2025/05/temperaturas-extremas-y-precipitaciones-2025x05x25-a.pdf
2025-05-25,046,GASPAR HERNÁNDEZ,ESPAILLAT,PROPIEDAD DEL EMPLEADO,EMCO,,,0.0,https://indomet.gob.do/wp-content/uploads/2025/05/temperaturas-extremas-y-precipitaciones-2025x05x25-a.pdf
2025-05-25,047,GURABO,SANTIAGO,MINISTERIO DE AGRICULTURA,EMCV,,,0.0,https://indomet.gob.do/wp-content/uploads/2025/05/temperaturas-extremas-y-precipitaciones-2025x05x25-a.pdf
2025-05-25,048,HONDO VALLE,ELÍAS PIÑA,MINISTERIO DE AGRICULTURA,EMCO,27.7,18.6,0.0,https://indomet.gob.do/wp-content/uploads/2025/05/temperaturas-extremas-y-precipitaciones-2025x05x25-a.pdf
2025-05-25,049,JARABACOA (EMA),LA VEGA,PROGRAMA MUNDIAL DE ALIMENTO,EMAP,31.2,18.4,0.0,https://indomet.gob.do/wp-content/uploads/2025/05/temperaturas-extremas-y-precipitaciones-2025x05x25-a.pdf
2025-05-25,050,JIMANÍ,INDEPENDENCIA,MINISTERIO DE AGRICULTURA,EMCO,35.5,25.0,0.0,https://indomet.gob.do/wp-content/uploads/2025/05/temperaturas-extremas-y-precipitaciones-2025x05x25-a.pdf
2025-05-25,051,LAS CANAS (EMA),MONTE CRISTI,PROGRAMA MUNDIAL DE ALIMENTO,EMAP,29.9,22.6,0.0,https://indomet.gob.do/wp-content/uploads/2025/05/temperaturas-extremas-y-precipitaciones-2025x05x25-a.pdf
2025-05-25,052,LAS MATAS DE SANTA CRUZ (EMA,MONTE CRISTI,PROGRAMA MUNDIAL DE ALIMENTO,EMAP,34.3,23.4,0.0,https://indomet.gob.do/wp-content/uploads/2025/05/temperaturas-extremas-y-precipitaciones-2025x05x25-a.pdf
2025-05-25,053,LOS LLANOS,SAN PEDRO DE MACORÍS,MINISTERIO DE AGRICULTURA,EMCO,34.0,23.0,0.0,https://indomet.gob.do/wp-content/uploads/2025/05/temperaturas-extremas-y-precipitaciones-2025x05x25-a.pdf
2025-05-25,054,LOS TRES CHARCOS (EMA),PEDERNALES,PROPIEDAD DEL VOLUNTARIO,EMAP,32.6,25.8,0.0,https://indomet.gob.do/wp-content/uploads/2025/05/temperaturas-extremas-y-precipitaciones-2025x05x25-a.pdf
2025-05-25,055,MAO,VALVERDE,INDRHI / MINISTERIO DE AGRICULTURA,EMCV,,,0.0,https://indomet.gob.do/wp-content/uploads/2025/05/temperaturas-extremas-y-precipitaciones-2025x05x25-a.pdf
2025-05-25,056,MOCA,ESPAILLAT,MINISTERIO DE AGRICULTURA,EMCV,,,0.0,https://indomet.gob.do/wp-content/uploads/2025/05/temperaturas-extremas-y-precipitaciones-2025x05x25-a.pdf
2025-05-25,057,MONCIÓN (EMA),SANTIAGO RODRÍGUEZ,PROGRAMA MUNDIAL DE ALIMENTO,EMAP,32.5,20.8,0.0,https://indomet.gob.do/wp-content/uploads/2025/05/temperaturas-extremas-y-precipitaciones-2025x05x25-a.pdf
2025-05-25,058,MONTE CRISTI,MONTE CRISTI,ONAMET,EMCO,34.8,23.2,0.0,https://indomet.gob.do/wp-content/uploads/2025/05/temperaturas-extremas-y-precipitaciones-2025x05x25-a.pdf
2025-05-25,059,NAVARRETE,SANTIAGO,MINISTERIO DE AGRICULTURA,EMCV,,,0.0,https://indomet.gob.do/wp-content/uploads/2025/05/temperaturas-extremas-y-precipitaciones-2025x05x25-a.pdf
2025-05-25,060,OLIVARES,PEDERNALES,INDRHI,EMCO,,,0.0,https://indomet.gob.do/wp-content/uploads/2025/05/temperaturas-extremas-y-precipitaciones-2025x05x25-a.pdf
2025-05-25,061,PADRE LAS CASAS,AZUA,HOSP. NTRA. SRA. DEL CARMEN,EMCO,34.2,19.3,0.0,https://indomet.gob.do/wp-content/uploads/2025/05/temperaturas-extremas-y-precipitaciones-2025x05x25-a.pdf
2025-05-25,062,PEDERNALES,PEDERNALES,INDRHI,EMCO,,,0.0,https://indomet.gob.do/wp-content/uploads/2025/05/temperaturas-extremas-y-precipitaciones-2025x05x25-a.pdf
2025-05-25,063,PERALTA,AZUA,HOSP. MPAL. DE PERALTA,EMCO,32.5,19.8,0.0,https://indomet.gob.do/wp-content/uploads/2025/05/temperaturas-extremas-y-precipitaciones-2025x05x25-a.pdf
2025-05-25,064,PESCADERIA (EMA),BARAHONA,MINISTERIO DE AGRICULTURA,EMAP,33.5,24.5,0.0,https://indomet.gob.do/wp-content/uploads/2025/05/temperaturas-extremas-y-precipitaciones-2025x05x25-a.pdf
2025-05-25,065,PONTÓN ABAJO (EMA),LA VEGA,MINISTERIO DE AGRICULTURA,EMAP,34.3,23.7,0.0,https://indomet.gob.do/wp-content/uploads/2025/05/temperaturas-extremas-y-precipitaciones-2025x05x25-a.pdf
2025-05-25,066,PRESA DE TAVERAS (EMA),LA VEGA,PROGRAMA MUNDIAL DE ALIMENTO,EMAP,31.2,21.8,0.0,https://indomet.gob.do/wp-content/uploads/2025/05/temperaturas-extremas-y-precipitaciones-2025x05x25-a.pdf
2025-05-25,067,RESTAURACIÓN,DAJABÓN,MINISTERIO DE AGRICULTURA,EMCO,,19.7,0.0,https://indomet.gob.do/wp-content/uploads/2025/05/temperaturas-extremas-y-precipitaciones-2025x05x25-a.pdf
2025-05-25,068,SABANA DE LA MAR,HATO MAYOR,ONAMET,EMCO,31.0,22.5,0.0,https://indomet.gob.do/wp-content/uploads/2025/05/temperaturas-extremas-y-precipitaciones-2025x05x25-a.pdf
2025-05-25,069,SABANA GRANDE DE BOYÁ,MONTE PLATA,MINISTERIO DE AGRICULTURA,EMCV,,,0.0,https://indomet.gob.do/wp-content/uploads/2025/05/temperaturas-extremas-y-precipitaciones-2025x05x25-a.pdf
2025-05-25,070,SABANETA (EMA),SANTIAGO RODRÍGUEZ,PROGRAMA MUNDIAL DE ALIMENTO,EMAP,36.2,22.2,0.0,https://indomet.gob.do/wp-content/uploads/2025/05/temperaturas-extremas-y-precipitaciones-2025x05x25-a.pdf
2025-05-25,071,SALCEDO,HERMANAS MIRABAL,PROPIEDAD DEL EMPLEADO,EMCO,,,0.0,https://indomet.gob.do/wp-content/uploads/2025/05/temperaturas-extremas-y-precipitaciones-2025x05x25-a.pdf
2025-05-25,072,SAN CRISTÓBAL,SAN CRISTÓBAL,INSTITUTO POLITÉCNICO LOYOLA,EMCO,33.0,24.2,0.0,https://indomet.gob.do/wp-content/uploads/2025/05/temperaturas-extremas-y-precipitaciones-2025x05x25-a.pdf
2025-05-25,073,SAN FRANCISCO DE MACORÍS,DUARTE,San Francisco de Macorís (UASD),EMCO,32.3,22.2,0.0,https://indomet.gob.do/wp-content/uploads/2025/05/temperaturas-extremas-y-precipitaciones-2025x05x25-a.pdf
2025-05-25,074,SANTIAGO RODRÍGUEZ,SANTIAGO RODRÍGUEZ,ONAMET,EMCO,35.7,23.0,0.0,https://indomet.gob.do/wp-content/uploads/2025/05/temperaturas-extremas-y-precipitaciones-2025x05x25-a.pdf
2025-05-25,075,TÁBARA ABAJO,AZUA,INDRHI,EMCO,35.5,23.1,0.0,https://indomet.gob.do/wp-content/uploads/2025/05/temperaturas-extremas-y-precipitaciones-2025x05x25-a.pdf
2025-05-25,076,VILLA GONZALES,SANTIAGO,MINISTERIO DE AGRICULTURA,EMCO,,,0.0,https://indomet.gob.do/wp-content/uploads/2025/05/temperaturas-extremas-y-precipitaciones-2025x05x25-a.pdf
2025-05-25,077,VILLA ISABELA,PUERTO PLATA,MINISTERIO DE AGRICULTURA,EMCV,,,0.0,https://indomet.gob.do/wp-content/uploads/2025/05/temperaturas-extremas-y-precipitaciones-2025x05x25-a.pdf
2025-05-25,078,VILLA RIVA,DUARTE,HOSP. MPAL. ALICIA DE LEGENDRE,EMCO,32.0,22.2,0.0,https://indomet.gob.do/wp-content/uploads/2025/05/temperaturas-extremas-y-precipitaciones-2025x05x25-a.pdf
2025-05-25,079,ALTO BANDERA (EMA),LA VEGA,INTEC,EMAP,17.4,5.9,0.0,https://indomet.gob.do/wp-content/uploads/2025/05/temperaturas-extremas-y-precipitaciones-2025x05x25-a.pdf
2025-05-26,001,LA VEGA,LA VEGA,IATESA,EMCO,33.2,22.5,53.7,https://indomet.gob.do/wp-content/uploads/2025/05/temperaturas-extremas-y-precipitaciones-2025x05x26-a.pdf
2025-05-26,002,ELÍAS PIÑA,ELÍAS PIÑA,MINISTERIO DE AGRICULTURA,EMCV,,,33.1,https://indomet.gob.do/wp-content/uploads/2025/05/temperaturas-extremas-y-precipitaciones-2025x05x26-a.pdf
2025-05-26,003,JUMA BEJUCAL,MONSEÑOR NOUEL,IDIAF,EMCV,33.2,23.4,20.8,https://indomet.gob.do/wp-content/uploads/2025/05/temperaturas-extremas-y-precipitaciones-2025x05x26-a.pdf
2025-05-26,004,CONSTANZA,LA VEGA,MINISTERIO DE AGRICULTURA,EMCO,27.9,15.4,11.5,https://indomet.gob.do/wp-content/uploads/2025/05/temperaturas-extremas-y-precipitaciones-2025x05x26-a.pdf
2025-05-26,005,BONAO,MONSEÑOR NOUEL,MINISTERIO DE AGRICULTURA,EMCV,,,9.9,https://indomet.gob.do/wp-content/uploads/2025/05/temperaturas-extremas-y-precipitaciones-2025x05x26-a.pdf
2025-05-26,006,CONSTANZA (EMA),LA VEGA,PROGRAMA MUNDIAL DE ALIMENTO,EMAP,26.8,15.6,9.4,https://indomet.gob.do/wp-content/uploads/2025/05/temperaturas-extremas-y-precipitaciones-2025x05x26-a.pdf
2025-05-26,007,ARPT. EL CATEY,SAMANÁ,ONAMET,EMCO,32.0,22.6,5.6,https://indomet.gob.do/wp-content/uploads/2025/05/temperaturas-extremas-y-precipitaciones-2025x05x26-a.pdf
2025-05-26,008,ARPT. LA ISABELA,SANTO DOMINGO,ONAMET,EMCO,32.0,22.6,5.6,https://indomet.gob.do/wp-content/uploads/2025/05/temperaturas-extremas-y-precipitaciones-2025x05x26-a.pdf
2025-05-26,009,SABANA DE LA MAR,HATO MAYOR,ONAMET,EMCO,31.5,23.0,5.4,https://indomet.gob.do/wp-content/uploads/2025/05/temperaturas-extremas-y-precipitaciones-2025x05x26-a.pdf
2025-05-26,010,POLO,BARAHONA,INDOCAFE,EMCO,29.5,18.5,5.0,https://indomet.gob.do/wp-content/uploads/2025/05/temperaturas-extremas-y-precipitaciones-2025x05x26-a.pdf
2025-05-26,011,RÍO SAN JUAN,MARÍA TRINIDAD SÁNCHEZ,HOSP. MPAL. DR. DESIDERIO ACOSTA,EMCV,33.2,24.5,3.8,https://indomet.gob.do/wp-content/uploads/2025/05/temperaturas-extremas-y-precipitaciones-2025x05x26-a.pdf
2025-05-26,012,PADRE LAS CASAS,AZUA,HOSP. NTRA. SRA. DEL CARMEN,EMCO,33.8,21.5,3.8,https://indomet.gob.do/wp-content/uploads/2025/05/temperaturas-extremas-y-precipitaciones-2025x05x26-a.pdf
2025-05-26,013,JARABACOA,LA VEGA,INDRHI / MARENA,EMCO,32.2,18.5,3.0,https://indomet.gob.do/wp-content/uploads/2025/05/temperaturas-extremas-y-precipitaciones-2025x05x26-a.pdf
2025-05-26,014,JARABACOA (EMA),LA VEGA,PROGRAMA MUNDIAL DE ALIMENTO,EMAP,31.2,19.3,3.0,https://indomet.gob.do/wp-content/uploads/2025/05/temperaturas-extremas-y-precipitaciones-2025x05x26-a.pdf
2025-05-26,015,LOS TRES CHARCOS (EMA),PEDERNALES,PROPIEDAD DEL VOLUNTARIO,EMAP,33.3,23.6,2.8,https://indomet.gob.do/wp-content/uploads/2025/05/temperaturas-extremas-y-precipitaciones-2025x05x26-a.pdf
2025-05-26,016,LOS LLANOS,SAN PEDRO DE MACORÍS,MINISTERIO DE AGRICULTURA,EMCO,34.0,23.2,2.6,https://indomet.gob.do/wp-content/uploads/2025/05/temperaturas-extremas-y-precipitaciones-2025x05x26-a.pdf
2025-05-26,017,SÁNCHEZ,SAMANÁ,MINISTERIO DE AGRICULTURA,EMCO,32.3,24.5,1.8,https://indomet.gob.do/wp-content/uploads/2025/05/temperaturas-extremas-y-precipitaciones-2025x05x26-a.pdf
2025-05-26,018,SAN FRANCISCO DE MACORÍS,DUARTE,San Francisco de Macorís (UASD),EMCO,33.5,23.1,1.6,https://indomet.gob.do/wp-content/uploads/2025/05/temperaturas-extremas-y-precipitaciones-2025x05x26-a.pdf
2025-05-26,019,ARPT. DE PUNTA CANA,LA ALTAGRACIA,ONAMET,EMCO,30.8,22.7,1.5,https://indomet.gob.do/wp-content/uploads/2025/05/temperaturas-extremas-y-precipitaciones-2025x05x26-a.pdf
2025-05-26,020,SAMANÁ,SAMANÁ,COMANDANCIA DE PUERTO DE SAMANÁ,EMCO,32.3,24.9,1.4,https://indomet.gob.do/wp-content/uploads/2025/05/temperaturas-extremas-y-precipitaciones-2025x05x26-a.pdf
2025-05-26,021,EL FACTOR (EMA),MARÍA TRINIDAD SÁNCHEZ,INTEC,EMAP,32.3,24.8,1.3,https://indomet.gob.do/wp-content/uploads/2025/05/temperaturas-extremas-y-precipitaciones-2025x05x26-a.pdf
2025-05-26,022,VILLA ALTAGRACIA,SAN CRISTÓBAL,ESCUELA JAVIER ANGULO GURIDI,EMCO,,,1.3,https://indomet.gob.do/wp-content/uploads/2025/05/temperaturas-extremas-y-precipitaciones-2025x05x26-a.pdf
2025-05-26,023,BAYAGUANA,MONTE PLATA,ONAMET,EMCO,33.6,25.0,0.6,https://indomet.gob.do/wp-content/uploads/2025/05/temperaturas-extremas-y-precipitaciones-2025x05x26-a.pdf
2025-05-26,024,CABRERA,MARÍA TRINIDAD SÁNCHEZ,ESCUELA ARÍSTIDES FIALLO CABRAL,EMCO,33.5,26.0,0.5,https://indomet.gob.do/wp-content/uploads/2025/05/temperaturas-extremas-y-precipitaciones-2025x05x26-a.pdf
2025-05-26,025,ARPT. DEL CIBAO,SANTIAGO,ONAMET,EMCO,33.7,22.3,0.4,https://indomet.gob.do/wp-content/uploads/2025/05/temperaturas-extremas-y-precipitaciones-2025x05x26-a.pdf
2025-05-26,026,ENRIQUILLO,BARAHONA,MINISTERIO DE AGRICULTURA,EMCV,32.5,26.0,0.4,https://indomet.gob.do/wp-content/uploads/2025/05/temperaturas-extremas-y-precipitaciones-2025x05x26-a.pdf
2025-05-26,027,PESCADERIA (EMA),BARAHONA,MINISTERIO DE AGRICULTURA,EMAP,33.5,26.4,0.4,https://indomet.gob.do/wp-content/uploads/2025/05/temperaturas-extremas-y-precipitaciones-2025x05x26-a.pdf
2025-05-26,028,ANAMUYA (EMA),LA ALTAGRACIA,MINISTERIO DE AGRICULTURA,EMAP,31.7,23.7,0.2,https://indomet.gob.do/wp-content/uploads/2025/05/temperaturas-extremas-y-precipitaciones-2025x05x26-a.pdf
2025-05-26,029,CABRAL,BARAHONA,MINISTERIO DE AGRICULTURA,EMCV,34.5,26.0,0.1,https://indomet.gob.do/wp-content/uploads/2025/05/temperaturas-extremas-y-precipitaciones-2025x05x26-a.pdf
2025-05-26,030,SABANA GRANDE DE BOYÁ,MONTE PLATA,MINISTERIO DE AGRICULTURA,EMCV,,,0.1,https://indomet.gob.do/wp-content/uploads/2025/05/temperaturas-extremas-y-precipitaciones-2025x05x26-a.pdf
2025-05-26,031,ALTAMIRA,PUERTO PLATA,HOSP. MPAL. DE ALTAMIRA,EMCO,33.7,21.6,0.0,https://indomet.gob.do/wp-content/uploads/2025/05/temperaturas-extremas-y-precipitaciones-2025x05x26-a.pdf
2025-05-26,032,ALTO BANDERA (EMA),LA VEGA,INTEC,EMAP,18.1,8.6,0.0,https://indomet.gob.do/wp-content/uploads/2025/05/temperaturas-extremas-y-precipitaciones-2025x05x26-a.pdf
2025-05-26,033,ARPT. ARROYO BARRIL,SAMANÁ,ONAMET,EMCO,30.9,23.2,0.0,https://indomet.gob.do/wp-content/uploads/2025/05/temperaturas-extremas-y-precipitaciones-2025x05x26-a.pdf
2025-05-26,034,ARPT. DE LA ROMANA,LA ROMANA,ONAMET,EMCO,31.8,22.6,0.0,https://indomet.gob.do/wp-content/uploads/2025/05/temperaturas-extremas-y-precipitaciones-2025x05x26-a.pdf
2025-05-26,035,ARPT. DE LAS AMÉRICAS,SANTO DOMINGO,ONAMET,EMCO,32.5,22.8,0.0,https://indomet.gob.do/wp-content/uploads/2025/05/temperaturas-extremas-y-precipitaciones-2025x05x26-a.pdf
2025-05-26,036,ARPT. GREGORIO LUPERÓN,PUERTO PLATA,ONAMET,EMCO,32.4,22.3,0.0,https://indomet.gob.do/wp-content/uploads/2025/05/temperaturas-extremas-y-precipitaciones-2025x05x26-a.pdf
2025-05-26,037,ARPT. MARÍA MONTEZ,BARAHONA,ONAMET,EMCO,33.4,25.4,0.0,https://indomet.gob.do/wp-content/uploads/2025/05/temperaturas-extremas-y-precipitaciones-2025x05x26-a.pdf
2025-05-26,038,ARROYO LORO,SAN JUAN,IDIAF,EMCO,33.0,21.6,0.0,https://indomet.gob.do/wp-content/uploads/2025/05/temperaturas-extremas-y-precipitaciones-2025x05x26-a.pdf
2025-05-26,039,BASE AÉREA DE SAN ISIDRO,SANTO DOMINGO,FUERZA AÉREA DOMINICANA,EMCV,32.2,23.0,0.0,https://indomet.gob.do/wp-content/uploads/2025/05/temperaturas-extremas-y-precipitaciones-2025x05x26-a.pdf
2025-05-26,040,BOCA DE MAO (EMA),VALVERDE,MINISTERIO DE AGRICULTURA,EMAP,36.0,24.1,0.0,https://indomet.gob.do/wp-content/uploads/2025/05/temperaturas-extremas-y-precipitaciones-2025x05x26-a.pdf
2025-05-26,041,BOHECHÍO,SAN JUAN,MINISTERIO DE AGRICULTURA,EMCV,,,0.0,https://indomet.gob.do/wp-content/uploads/2025/05/temperaturas-extremas-y-precipitaciones-2025x05x26-a.pdf
2025-05-26,042,CENTRO DE LOS HEROES (EMA),DISTRITO NACIONAL,MINISTERIO DE ENERGIA Y MINA,EMAP,32.0,26.9,0.0,https://indomet.gob.do/wp-content/uploads/2025/05/temperaturas-extremas-y-precipitaciones-2025x05x26-a.pdf
2025-05-26,043,DAJABÓN,DAJABÓN,INSTITUTO POLITÉCNICO LOYOLA,EMCO,34.3,19.5,0.0,https://indomet.gob.do/wp-content/uploads/2025/05/temperaturas-extremas-y-precipitaciones-2025x05x26-a.pdf
2025-05-26,044,ESCONDIDO,PERAVIA,MINISTERIO DE AGRICULTURA,EMCV,32.0,25.0,0.0,https://indomet.gob.do/wp-content/uploads/2025/05/temperaturas-extremas-y-precipitaciones-2025x05x26-a.pdf
2025-05-26,045,GASPAR HERNÁNDEZ,ESPAILLAT,PROPIEDAD DEL EMPLEADO,EMCO,,,0.0,https://indomet.gob.do/wp-content/uploads/2025/05/temperaturas-extremas-y-precipitaciones-2025x05x26-a.pdf
2025-05-26,046,GURABO,SANTIAGO,MINISTERIO DE AGRICULTURA,EMCV,,,0.0,https://indomet.gob.do/wp-content/uploads/2025/05/temperaturas-extremas-y-precipitaciones-2025x05x26-a.pdf
2025-05-26,047,HATO MAYOR,HATO MAYOR,MINISTERIO DE AGRICULTURA,EMCV,,,0.0,https://indomet.gob.do/wp-content/uploads/2025/05/temperaturas-extremas-y-precipitaciones-2025x05x26-a.pdf
2025-05-26,048,HONDO VALLE,ELÍAS PIÑA,MINISTERIO DE AGRICULTURA,EMCO,28.4,19.3,0.0,https://indomet.gob.do/wp-content/uploads/2025/05/temperaturas-extremas-y-precipitaciones-2025x05x26-a.pdf
2025-05-26,049,JARDÍN BOTÁNICO NACIONAL,DISTRITO NACIONAL,JARDÍN BOTÁNICO NACIONAL,EMCV,33.7,20.9,0.0,https://indomet.gob.do/wp-content/uploads/2025/05/temperaturas-extremas-y-precipitaciones-2025x05x26-a.pdf
2025-05-26,050,JIMANÍ,INDEPENDENCIA,MINISTERIO DE AGRICULTURA,EMCO,35.5,24.6,0.0,https://indomet.gob.do/wp-content/uploads/2025/05/temperaturas-extremas-y-precipitaciones-2025x05x26-a.pdf
2025-05-26,051,LA VICTORIA,SANTO DOMINGO,CUERPO DE BOMBEROS,EMCO,34.5,24.5,0.0,https://indomet.gob.do/wp-content/uploads/2025/05/temperaturas-extremas-y-precipitaciones-2025x05x26-a.pdf
2025-05-26,052,LAS CANAS (EMA),MONTE CRISTI,PROGRAMA MUNDIAL DE ALIMENTO,EMAP,30.8,23.3,0.0,https://indomet.gob.do/wp-content/uploads/2025/05/temperaturas-extremas-y-precipitaciones-2025x05x26-a.pdf
2025-05-26,053,LAS MATAS DE SANTA CRUZ (EMA,MONTE CRISTI,PROGRAMA MUNDIAL DE ALIMENTO,EMAP,34.5,24.3,0.0,https://indomet.gob.do/wp-content/uploads/2025/05/temperaturas-extremas-y-precipitaciones-2025x05x26-a.pdf
2025-05-26,054,MAO,VALVERDE,INDRHI / MINISTERIO DE AGRICULTURA,EMCV,,,0.0,https://indomet.gob.do/wp-content/uploads/2025/05/temperaturas-extremas-y-precipitaciones-2025x05x26-a.pdf
2025-05-26,055,MONCIÓN (EMA),SANTIAGO RODRÍGUEZ,PROGRAMA MUNDIAL DE ALIMENTO,EMAP,31.9,21.0,0.0,https://indomet.gob.do/wp-content/uploads/2025/05/temperaturas-extremas-y-precipitaciones-2025x05x26-a.pdf
2025-05-26,056,MONTE CRISTI,MONTE CRISTI,ONAMET,EMCO,34.3,23.5,0.0,https://indomet.gob.do/wp-content/uploads/2025/05/temperaturas-extremas-y-precipitaciones-2025x05x26-a.pdf
2025-05-26,057,NAVARRETE,SANTIAGO,MINISTERIO DE AGRICULTURA,EMCV,,,0.0,https://indomet.gob.do/wp-content/uploads/2025/05/temperaturas-extremas-y-precipitaciones-2025x05x26-a.pdf
2025-05-26,058,OLIVARES,PEDERNALES,INDRHI,EMCO,,,0.0,https://indomet.gob.do/wp-content/uploads/2025/05/temperaturas-extremas-y-precipitaciones-2025x05x26-a.pdf
2025-05-26,059,PALO ÍNDIO,PUERTO PLATA,MINISTERIO DE AGRICULTURA,EMCO,,,0.0,https://indomet.gob.do/wp-content/uploads/2025/05/temperaturas-extremas-y-precipitaciones-2025x05x26-a.pdf
2025-05-26,060,PEDERNALES,PEDERNALES,INDRHI,EMCO,,,0.0,https://indomet.gob.do/wp-content/uploads/2025/05/temperaturas-extremas-y-precipitaciones-2025x05x26-a.pdf
2025-05-26,061,PERALTA,AZUA,HOSP. MPAL. DE PERALTA,EMCO,32.9,20.0,0.0,https://indomet.gob.do/wp-content/uploads/2025/05/temperaturas-extremas-y-precipitaciones-2025x05x26-a.pdf
2025-05-26,062,PONTÓN ABAJO (EMA),LA VEGA,MINISTERIO DE AGRICULTURA,EMAP,34.7,23.7,0.0,https://indomet.gob.do/wp-content/uploads/2025/05/temperaturas-extremas-y-precipitaciones-2025x05x26-a.pdf
2025-05-26,063,PRESA DE TAVERAS (EMA),LA VEGA,PROGRAMA MUNDIAL DE ALIMENTO,EMAP,30.0,21.7,0.0,https://indomet.gob.do/wp-content/uploads/2025/05/temperaturas-extremas-y-precipitaciones-2025x05x26-a.pdf
2025-05-26,064,RANCHO ARRIBA,SAN JOSÉ DE OCOA,CENTRO TECNOLÓGICO COMUNITARIO,EMCO,31.1,20.2,0.0,https://indomet.gob.do/wp-content/uploads/2025/05/temperaturas-extremas-y-precipitaciones-2025x05x26-a.pdf
2025-05-26,065,RESTAURACIÓN,DAJABÓN,MINISTERIO DE AGRICULTURA,EMCO,,18.9,0.0,https://indomet.gob.do/wp-content/uploads/2025/05/temperaturas-extremas-y-precipitaciones-2025x05x26-a.pdf
2025-05-26,066,SABANETA (EMA),SANTIAGO RODRÍGUEZ,PROGRAMA MUNDIAL DE ALIMENTO,EMAP,36.9,23.2,0.0,https://indomet.gob.do/wp-content/uploads/2025/05/temperaturas-extremas-y-precipitaciones-2025x05x26-a.pdf
2025-05-26,067,SALCEDO,HERMANAS MIRABAL,PROPIEDAD DEL EMPLEADO,EMCO,,,0.0,https://indomet.gob.do/wp-content/uploads/2025/05/temperaturas-extremas-y-precipitaciones-2025x05x26-a.pdf
2025-05-26,068,SAN CRISTÓBAL,SAN CRISTÓBAL,INSTITUTO POLITÉCNICO LOYOLA,EMCO,32.2,23.2,0.0,https://indomet.gob.do/wp-content/uploads/2025/05/temperaturas-extremas-y-precipitaciones-2025x05x26-a.pdf
2025-05-26,069,SAN JOSÉ DE OCOA,SAN JOSÉ DE OCOA,HOSP. SAN JOSÉ DE OCOA,EMCO,32.8,,0.0,https://indomet.gob.do/wp-content/uploads/2025/05/temperaturas-extremas-y-precipitaciones-2025x05x26-a.pdf
2025-05-26,070,SAN RAFAEL DEL YUMA,LA ALTAGRACIA,MINISTERIO DE AGRICULTURA,EMCO,32.7,23.2,0.0,https://indomet.gob.do/wp-content/uploads/2025/05/temperaturas-extremas-y-precipitaciones-2025x05x26-a.pdf
2025-05-26,071,SANTIAGO RODRÍGUEZ,SANTIAGO RODRÍGUEZ,ONAMET,EMCO,36.6,23.5,0.0,https://indomet.gob.do/wp-content/uploads/2025/05/temperaturas-extremas-y-precipitaciones-2025x05x26-a.pdf
2025-05-26,072,SANTO DOMINGO ESTE,SANTO DOMINGO,ONAMET,EMCO,35.5,24.2,0.0,https://indomet.gob.do/wp-content/uploads/2025/05/temperaturas-extremas-y-precipitaciones-2025x05x26-a.pdf
2025-05-26,073,TÁBARA ABAJO,AZUA,INDRHI,EMCO,35.5,20.5,0.0,https://indomet.gob.do/wp-content/uploads/2025/05/temperaturas-extremas-y-precipitaciones-2025x05x26-a.pdf
2025-05-26,074,VILLA GONZALES,SANTIAGO,MINISTERIO DE AGRICULTURA,EMCO,,,0.0,https://indomet.gob.do/wp-content/uploads/2025/05/temperaturas-extremas-y-precipitaciones-2025x05x26-a.pdf
2025-05-26,075,VILLA ISABELA,PUERTO PLATA,MINISTERIO DE AGRICULTURA,EMCV,,,0.0,https://indomet.gob.do/wp-content/uploads/2025/05/temperaturas-extremas-y-precipitaciones-2025x05x26-a.pdf
2025-05-26,076,VILLA RIVA,DUARTE,HOSP. MPAL. ALICIA DE LEGENDRE,EMCO,32.5,23.0,0.0,https://indomet.gob.do/wp-content/uploads/2025/05/temperaturas-extremas-y-precipitaciones-2025x05x26-a.pdf
2025-05-27,001,DAJABÓN,DAJABÓN,INSTITUTO POLITÉCNICO LOYOLA,EMCO,33.7,19.4,38.5,https://indomet.gob.do/wp-content/uploads/2025/05/temperaturas-extremas-y-precipitaciones-2025x05x27-a.pdf
2025-05-27,002,PERALTA,AZUA,HOSP. MPAL. DE PERALTA,EMCO,30.0,17.5,31.0,https://indomet.gob.do/wp-content/uploads/2025/05/temperaturas-extremas-y-precipitaciones-2025x05x27-a.pdf
2025-05-27,003,HATO MAYOR,HATO MAYOR,MINISTERIO DE AGRICULTURA,EMCV,,,23.9,https://indomet.gob.do/wp-content/uploads/2025/05/temperaturas-extremas-y-precipitaciones-2025x05x27-a.pdf
2025-05-27,004,ELÍAS PIÑA,ELÍAS PIÑA,MINISTERIO DE AGRICULTURA,EMCV,,,22.0,https://indomet.gob.do/wp-content/uploads/2025/05/temperaturas-extremas-y-precipitaciones-2025x05x27-a.pdf
2025-05-27,005,SABANA DE LA MAR,HATO MAYOR,ONAMET,EMCO,31.0,23.5,15.7,https://indomet.gob.do/wp-content/uploads/2025/05/temperaturas-extremas-y-precipitaciones-2025x05x27-a.pdf
2025-05-27,006,PASO AL MEDIO,SAN PEDRO DE MACORÍS,INDRHI,EMCO,,,15.5,https://indomet.gob.do/wp-content/uploads/2025/05/temperaturas-extremas-y-precipitaciones-2025x05x27-a.pdf
2025-05-27,007,RESTAURACIÓN,DAJABÓN,MINISTERIO DE AGRICULTURA,EMCO,,18.3,9.4,https://indomet.gob.do/wp-content/uploads/2025/05/temperaturas-extremas-y-precipitaciones-2025x05x27-a.pdf
2025-05-27,008,JIMANÍ,INDEPENDENCIA,MINISTERIO DE AGRICULTURA,EMCO,35.2,25.6,9.3,https://indomet.gob.do/wp-content/uploads/2025/05/temperaturas-extremas-y-precipitaciones-2025x05x27-a.pdf
2025-05-27,009,VILLA RIVA,DUARTE,HOSP. MPAL. ALICIA DE LEGENDRE,EMCO,30.4,22.0,9.1,https://indomet.gob.do/wp-content/uploads/2025/05/temperaturas-extremas-y-precipitaciones-2025x05x27-a.pdf
2025-05-27,010,BAYAGUANA,MONTE PLATA,ONAMET,EMCO,32.0,23.1,6.8,https://indomet.gob.do/wp-content/uploads/2025/05/temperaturas-extremas-y-precipitaciones-2025x05x27-a.pdf
2025-05-27,011,LA VEGA,LA VEGA,IATESA,EMCO,33.0,24.0,6.7,https://indomet.gob.do/wp-content/uploads/2025/05/temperaturas-extremas-y-precipitaciones-2025x05x27-a.pdf
2025-05-27,012,ALTO BANDERA (EMA),LA VEGA,INTEC,EMAP,18.3,7.1,6.6,https://indomet.gob.do/wp-content/uploads/2025/05/temperaturas-extremas-y-precipitaciones-2025x05x27-a.pdf
2025-05-27,013,TAVERA,SANTIAGO,INDRHI,EMCO,,,6.2,https://indomet.gob.do/wp-content/uploads/2025/05/temperaturas-extremas-y-precipitaciones-2025x05x27-a.pdf
2025-05-27,014,JARABACOA,LA VEGA,INDRHI / MARENA,EMCO,31.2,18.4,6.0,https://indomet.gob.do/wp-content/uploads/2025/05/temperaturas-extremas-y-precipitaciones-2025x05x27-a.pdf
2025-05-27,015,JUMA BEJUCAL,MONSEÑOR NOUEL,IDIAF,EMCV,32.0,21.8,4.9,https://indomet.gob.do/wp-content/uploads/2025/05/temperaturas-extremas-y-precipitaciones-2025x05x27-a.pdf
2025-05-27,016,ARPT. DE LA ROMANA,LA ROMANA,ONAMET,EMCO,32.0,23.1,3.5,https://indomet.gob.do/wp-content/uploads/2025/05/temperaturas-extremas-y-precipitaciones-2025x05x27-a.pdf
2025-05-27,017,GASPAR HERNÁNDEZ,ESPAILLAT,PROPIEDAD DEL EMPLEADO,EMCO,,,3.3,https://indomet.gob.do/wp-content/uploads/2025/05/temperaturas-extremas-y-precipitaciones-2025x05x27-a.pdf
2025-05-27,018,OLIVARES,PEDERNALES,INDRHI,EMCO,,,3.1,https://indomet.gob.do/wp-content/uploads/2025/05/temperaturas-extremas-y-precipitaciones-2025x05x27-a.pdf
2025-05-27,019,LAS MATAS DE SANTA CRUZ (EMA,MONTE CRISTI,PROGRAMA MUNDIAL DE ALIMENTO,EMAP,33.7,22.9,2.8,https://indomet.gob.do/wp-content/uploads/2025/05/temperaturas-extremas-y-precipitaciones-2025x05x27-a.pdf
2025-05-27,020,PADRE LAS CASAS,AZUA,HOSP. NTRA. SRA. DEL CARMEN,EMCO,32.0,18.0,2.6,https://indomet.gob.do/wp-content/uploads/2025/05/temperaturas-extremas-y-precipitaciones-2025x05x27-a.pdf
2025-05-27,021,LOS JENGIBRES,NAGUA,INDRHI,EMCO,,,2.5,https://indomet.gob.do/wp-content/uploads/2025/05/temperaturas-extremas-y-precipitaciones-2025x05x27-a.pdf
2025-05-27,022,BOHECHÍO,SAN JUAN,MINISTERIO DE AGRICULTURA,EMCV,,,2.0,https://indomet.gob.do/wp-content/uploads/2025/05/temperaturas-extremas-y-precipitaciones-2025x05x27-a.pdf
2025-05-27,023,ARROYO LORO,SAN JUAN,IDIAF,EMCO,33.2,18.2,1.9,https://indomet.gob.do/wp-content/uploads/2025/05/temperaturas-extremas-y-precipitaciones-2025x05x27-a.pdf
2025-05-27,024,SABANETA (EMA),SANTIAGO RODRÍGUEZ,PROGRAMA MUNDIAL DE ALIMENTO,EMAP,35.9,21.7,1.8,https://indomet.gob.do/wp-content/uploads/2025/05/temperaturas-extremas-y-precipitaciones-2025x05x27-a.pdf
2025-05-27,025,COTUÍ,SÁNCHEZ RAMÍREZ,HOSP. INMACULADA CONCEPCIÓN,EMCV,,,1.7,https://indomet.gob.do/wp-content/uploads/2025/05/temperaturas-extremas-y-precipitaciones-2025x05x27-a.pdf
2025-05-27,026,JARABACOA (EMA),LA VEGA,PROGRAMA MUNDIAL DE ALIMENTO,EMAP,30.3,18.8,1.4,https://indomet.gob.do/wp-content/uploads/2025/05/temperaturas-extremas-y-precipitaciones-2025x05x27-a.pdf
2025-05-27,027,LOS LLANOS,SAN PEDRO DE MACORÍS,MINISTERIO DE AGRICULTURA,EMCO,33.2,22.9,0.8,https://indomet.gob.do/wp-content/uploads/2025/05/temperaturas-extremas-y-precipitaciones-2025x05x27-a.pdf
2025-05-27,028,BONAO,MONSEÑOR NOUEL,MINISTERIO DE AGRICULTURA,EMCV,,,0.8,https://indomet.gob.do/wp-content/uploads/2025/05/temperaturas-extremas-y-precipitaciones-2025x05x27-a.pdf
2025-05-27,029,ENRIQUILLO,BARAHONA,MINISTERIO DE AGRICULTURA,EMCV,33.0,26.0,0.6,https://indomet.gob.do/wp-content/uploads/2025/05/temperaturas-extremas-y-precipitaciones-2025x05x27-a.pdf
2025-05-27,030,MONTE CRISTI,MONTE CRISTI,ONAMET,EMCO,34.6,24.6,0.5,https://indomet.gob.do/wp-content/uploads/2025/05/temperaturas-extremas-y-precipitaciones-2025x05x27-a.pdf
2025-05-27,031,CONSTANZA,LA VEGA,MINISTERIO DE AGRICULTURA,EMCO,27.6,14.4,0.4,https://indomet.gob.do/wp-content/uploads/2025/05/temperaturas-extremas-y-precipitaciones-2025x05x27-a.pdf
2025-05-27,032,CONSTANZA (EMA),LA VEGA,PROGRAMA MUNDIAL DE ALIMENTO,EMAP,26.7,14.6,0.4,https://indomet.gob.do/wp-content/uploads/2025/05/temperaturas-extremas-y-precipitaciones-2025x05x27-a.pdf
2025-05-27,033,PEDERNALES,PEDERNALES,INDRHI,EMCO,,,0.4,https://indomet.gob.do/wp-content/uploads/2025/05/temperaturas-extremas-y-precipitaciones-2025x05x27-a.pdf
2025-05-27,034,SAN FRANCISCO DE MACORÍS,DUARTE,San Francisco de Macorís (UASD),EMCO,32.9,24.1,0.4,https://indomet.gob.do/wp-content/uploads/2025/05/temperaturas-extremas-y-precipitaciones-2025x05x27-a.pdf
2025-05-27,035,LA VICTORIA,SANTO DOMINGO,CUERPO DE BOMBEROS,EMCO,31.5,24.0,0.3,https://indomet.gob.do/wp-content/uploads/2025/05/temperaturas-extremas-y-precipitaciones-2025x05x27-a.pdf
2025-05-27,036,SANTO DOMINGO ESTE,SANTO DOMINGO,ONAMET,EMCO,32.8,26.0,0.3,https://indomet.gob.do/wp-content/uploads/2025/05/temperaturas-extremas-y-precipitaciones-2025x05x27-a.pdf
2025-05-27,037,LOS TRES CHARCOS (EMA),PEDERNALES,PROPIEDAD DEL VOLUNTARIO,EMAP,32.7,25.9,0.2,https://indomet.gob.do/wp-content/uploads/2025/05/temperaturas-extremas-y-precipitaciones-2025x05x27-a.pdf
2025-05-27,038,JARDÍN BOTÁNICO NACIONAL,DISTRITO NACIONAL,JARDÍN BOTÁNICO NACIONAL,EMCV,32.5,23.1,0.1,https://indomet.gob.do/wp-content/uploads/2025/05/temperaturas-extremas-y-precipitaciones-2025x05x27-a.pdf
2025-05-27,039,RÍO SAN JUAN,MARÍA TRINIDAD SÁNCHEZ,HOSP. MPAL. DR. DESIDERIO ACOSTA,EMCV,33.0,23.8,0.1,https://indomet.gob.do/wp-content/uploads/2025/05/temperaturas-extremas-y-precipitaciones-2025x05x27-a.pdf
2025-05-27,040,SÁNCHEZ,SAMANÁ,MINISTERIO DE AGRICULTURA,EMCO,32.1,23.0,0.1,https://indomet.gob.do/wp-content/uploads/2025/05/temperaturas-extremas-y-precipitaciones-2025x05x27-a.pdf
2025-05-27,041,SANTIAGO RODRÍGUEZ,SANTIAGO RODRÍGUEZ,ONAMET,EMCO,36.2,22.0,0.1,https://indomet.gob.do/wp-content/uploads/2025/05/temperaturas-extremas-y-precipitaciones-2025x05x27-a.pdf
2025-05-27,042,ALTAMIRA,PUERTO PLATA,HOSP. MPAL. DE ALTAMIRA,EMCO,33.9,21.3,0.0,https://indomet.gob.do/wp-content/uploads/2025/05/temperaturas-extremas-y-precipitaciones-2025x05x27-a.pdf
2025-05-27,043,ANAMUYA (EMA),LA ALTAGRACIA,MINISTERIO DE AGRICULTURA,EMAP,31.6,24.6,0.0,https://indomet.gob.do/wp-content/uploads/2025/05/temperaturas-extremas-y-precipitaciones-2025x05x27-a.pdf
2025-05-27,044,ARPT. ARROYO BARRIL,SAMANÁ,ONAMET,EMCO,31.0,22.9,0.0,https://indomet.gob.do/wp-content/uploads/2025/05/temperaturas-extremas-y-precipitaciones-2025x05x27-a.pdf
2025-05-27,045,ARPT. DE LAS AMÉRICAS,SANTO DOMINGO,ONAMET,EMCO,32.8,23.8,0.0,https://indomet.gob.do/wp-content/uploads/2025/05/temperaturas-extremas-y-precipitaciones-2025x05x27-a.pdf
2025-05-27,046,ARPT. DE PUNTA CANA,LA ALTAGRACIA,ONAMET,EMCO,31.4,23.1,0.0,https://indomet.gob.do/wp-content/uploads/2025/05/temperaturas-extremas-y-precipitaciones-2025x05x27-a.pdf
2025-05-27,047,ARPT. DEL CIBAO,SANTIAGO,ONAMET,EMCO,34.0,23.7,0.0,https://indomet.gob.do/wp-content/uploads/2025/05/temperaturas-extremas-y-precipitaciones-2025x05x27-a.pdf
2025-05-27,048,ARPT. EL CATEY,SAMANÁ,ONAMET,EMCO,30.0,21.0,0.0,https://indomet.gob.do/wp-content/uploads/2025/05/temperaturas-extremas-y-precipitaciones-2025x05x27-a.pdf
2025-05-27,049,ARPT. GREGORIO LUPERÓN,PUERTO PLATA,ONAMET,EMCO,32.3,24.0,0.0,https://indomet.gob.do/wp-content/uploads/2025/05/temperaturas-extremas-y-precipitaciones-2025x05x27-a.pdf
2025-05-27,050,ARPT. LA ISABELA,SANTO DOMINGO,ONAMET,EMCO,32.8,24.0,0.0,https://indomet.gob.do/wp-content/uploads/2025/05/temperaturas-extremas-y-precipitaciones-2025x05x27-a.pdf
2025-05-27,051,ARPT. MARÍA MONTEZ,BARAHONA,ONAMET,EMCO,33.0,25.5,0.0,https://indomet.gob.do/wp-content/uploads/2025/05/temperaturas-extremas-y-precipitaciones-2025x05x27-a.pdf
2025-05-27,052,BANI (EMA),PERAVIA,MINISTERIO DE AGRICULTURA,EMAP,31.5,26.0,0.0,https://indomet.gob.do/wp-content/uploads/2025/05/temperaturas-extremas-y-precipitaciones-2025x05x27-a.pdf
2025-05-27,053,BOCA DE MAO (EMA),VALVERDE,MINISTERIO DE AGRICULTURA,EMAP,37.2,24.4,0.0,https://indomet.gob.do/wp-content/uploads/2025/05/temperaturas-extremas-y-precipitaciones-2025x05x27-a.pdf
2025-05-27,054,CABRAL,BARAHONA,MINISTERIO DE AGRICULTURA,EMCV,34.7,24.4,0.0,https://indomet.gob.do/wp-content/uploads/2025/05/temperaturas-extremas-y-precipitaciones-2025x05x27-a.pdf
2025-05-27,055,CABRERA,MARÍA TRINIDAD SÁNCHEZ,ESCUELA ARÍSTIDES FIALLO CABRAL,EMCO,33.5,26.2,0.0,https://indomet.gob.do/wp-content/uploads/2025/05/temperaturas-extremas-y-precipitaciones-2025x05x27-a.pdf
2025-05-27,056,CENTRO DE LOS HEROES (EMA),DISTRITO NACIONAL,MINISTERIO DE ENERGIA Y MINA,EMAP,31.6,26.4,0.0,https://indomet.gob.do/wp-content/uploads/2025/05/temperaturas-extremas-y-precipitaciones-2025x05x27-a.pdf
2025-05-27,057,EL FACTOR (EMA),MARÍA TRINIDAD SÁNCHEZ,INTEC,EMAP,31.8,23.6,0.0,https://indomet.gob.do/wp-content/uploads/2025/05/temperaturas-extremas-y-precipitaciones-2025x05x27-a.pdf
2025-05-27,058,GURABO,SANTIAGO,MINISTERIO DE AGRICULTURA,EMCV,,,0.0,https://indomet.gob.do/wp-content/uploads/2025/05/temperaturas-extremas-y-precipitaciones-2025x05x27-a.pdf
2025-05-27,059,HONDO VALLE,ELÍAS PIÑA,MINISTERIO DE AGRICULTURA,EMCO,28.1,18.6,0.0,https://indomet.gob.do/wp-content/uploads/2025/05/temperaturas-extremas-y-precipitaciones-2025x05x27-a.pdf
2025-05-27,060,LAS CANAS (EMA),MONTE CRISTI,PROGRAMA MUNDIAL DE ALIMENTO,EMAP,30.4,23.9,0.0,https://indomet.gob.do/wp-content/uploads/2025/05/temperaturas-extremas-y-precipitaciones-2025x05x27-a.pdf
2025-05-27,061,MAO,VALVERDE,INDRHI / MINISTERIO DE AGRICULTURA,EMCV,,,0.0,https://indomet.gob.do/wp-content/uploads/2025/05/temperaturas-extremas-y-precipitaciones-2025x05x27-a.pdf
2025-05-27,062,MOCA,ESPAILLAT,MINISTERIO DE AGRICULTURA,EMCV,,,0.0,https://indomet.gob.do/wp-content/uploads/2025/05/temperaturas-extremas-y-precipitaciones-2025x05x27-a.pdf
2025-05-27,063,MONCIÓN (EMA),SANTIAGO RODRÍGUEZ,PROGRAMA MUNDIAL DE ALIMENTO,EMAP,32.0,19.8,0.0,https://indomet.gob.do/wp-content/uploads/2025/05/temperaturas-extremas-y-precipitaciones-2025x05x27-a.pdf
2025-05-27,064,NAVARRETE,SANTIAGO,MINISTERIO DE AGRICULTURA,EMCV,,,0.0,https://indomet.gob.do/wp-content/uploads/2025/05/temperaturas-extremas-y-precipitaciones-2025x05x27-a.pdf
2025-05-27,065,PALO ÍNDIO,PUERTO PLATA,MINISTERIO DE AGRICULTURA,EMCO,,,0.0,https://indomet.gob.do/wp-content/uploads/2025/05/temperaturas-extremas-y-precipitaciones-2025x05x27-a.pdf
2025-05-27,066,PESCADERIA (EMA),BARAHONA,MINISTERIO DE AGRICULTURA,EMAP,33.3,24.1,0.0,https://indomet.gob.do/wp-content/uploads/2025/05/temperaturas-extremas-y-precipitaciones-2025x05x27-a.pdf
2025-05-27,067,POLO,BARAHONA,INDOCAFE,EMCO,29.2,19.0,0.0,https://indomet.gob.do/wp-content/uploads/2025/05/temperaturas-extremas-y-precipitaciones-2025x05x27-a.pdf
2025-05-27,068,PONTÓN ABAJO (EMA),LA VEGA,MINISTERIO DE AGRICULTURA,EMAP,34.4,24.1,0.0,https://indomet.gob.do/wp-content/uploads/2025/05/temperaturas-extremas-y-precipitaciones-2025x05x27-a.pdf
2025-05-27,069,PRESA DE TAVERAS (EMA),LA VEGA,PROGRAMA MUNDIAL DE ALIMENTO,EMAP,29.3,22.2,0.0,https://indomet.gob.do/wp-content/uploads/2025/05/temperaturas-extremas-y-precipitaciones-2025x05x27-a.pdf
2025-05-27,070,RANCHO ARRIBA,SAN JOSÉ DE OCOA,CENTRO TECNOLÓGICO COMUNITARIO,EMCO,30.4,19.9,0.0,https://indomet.gob.do/wp-content/uploads/2025/05/temperaturas-extremas-y-precipitaciones-2025x05x27-a.pdf
2025-05-27,071,SABANA GRANDE DE BOYÁ,MONTE PLATA,MINISTERIO DE AGRICULTURA,EMCV,,,0.0,https://indomet.gob.do/wp-content/uploads/2025/05/temperaturas-extremas-y-precipitaciones-2025x05x27-a.pdf
2025-05-27,072,SALCEDO,HERMANAS MIRABAL,PROPIEDAD DEL EMPLEADO,EMCO,,,0.0,https://indomet.gob.do/wp-content/uploads/2025/05/temperaturas-extremas-y-precipitaciones-2025x05x27-a.pdf
2025-05-27,073,SAMANÁ,SAMANÁ,COMANDANCIA DE PUERTO DE SAMANÁ,EMCO,33.0,24.5,0.0,https://indomet.gob.do/wp-content/uploads/2025/05/temperaturas-extremas-y-precipitaciones-2025x05x27-a.pdf
2025-05-27,074,SAN CRISTÓBAL,SAN CRISTÓBAL,INSTITUTO POLITÉCNICO LOYOLA,EMCO,33.0,23.4,0.0,https://indomet.gob.do/wp-content/uploads/2025/05/temperaturas-extremas-y-precipitaciones-2025x05x27-a.pdf
2025-05-27,075,SAN JOSÉ DE OCOA,SAN JOSÉ DE OCOA,HOSP. SAN JOSÉ DE OCOA,EMCO,32.2,,0.0,https://indomet.gob.do/wp-content/uploads/2025/05/temperaturas-extremas-y-precipitaciones-2025x05x27-a.pdf
2025-05-27,076,SAN RAFAEL DEL YUMA,LA ALTAGRACIA,MINISTERIO DE AGRICULTURA,EMCO,33.2,23.4,0.0,https://indomet.gob.do/wp-content/uploads/2025/05/temperaturas-extremas-y-precipitaciones-2025x05x27-a.pdf
2025-05-27,077,TÁBARA ABAJO,AZUA,INDRHI,EMCO,35.9,23.0,0.0,https://indomet.gob.do/wp-content/uploads/2025/05/temperaturas-extremas-y-precipitaciones-2025x05x27-a.pdf
2025-05-27,078,TAMBORIL,SANTIAGO,MINISTERIO DE AGRICULTURA,EMCV,,,0.0,https://indomet.gob.do/wp-content/uploads/2025/05/temperaturas-extremas-y-precipitaciones-2025x05x27-a.pdf
2025-05-27,079,VILLA ALTAGRACIA,SAN CRISTÓBAL,ESCUELA JAVIER ANGULO GURIDI,EMCO,,,0.0,https://indomet.gob.do/wp-content/uploads/2025/05/temperaturas-extremas-y-precipitaciones-2025x05x27-a.pdf
2025-05-27,080,VILLA GONZALES,SANTIAGO,MINISTERIO DE AGRICULTURA,EMCO,,,0.0,https://indomet.gob.do/wp-content/uploads/2025/05/temperaturas-extremas-y-precipitaciones-2025x05x27-a.pdf
2025-05-27,081,VILLA ISABELA,PUERTO PLATA,MINISTERIO DE AGRICULTURA,EMCV,,,0.0,https://indomet.gob.do/wp-content/uploads/2025/05/temperaturas-extremas-y-precipitaciones-2025x05x27-a.pdf
2025-05-28,001,ARPT. EL CATEY,SAMANÁ,ONAMET,EMCO,29.4,21.0,21.5,https://indomet.gob.do/wp-content/uploads/2025/05/temperaturas-extremas-y-precipitaciones-2025x05x28-.pdf
2025-05-28,002,EL CERCADO,SAN JUAN,MINISTERIO DE AGRICULTURA,EMCV,,,20.4,https://indomet.gob.do/wp-content/uploads/2025/05/temperaturas-extremas-y-precipitaciones-2025x05x28-.pdf
2025-05-28,003,HONDO VALLE,ELÍAS PIÑA,MINISTERIO DE AGRICULTURA,EMCO,27.8,18.1,6.8,https://indomet.gob.do/wp-content/uploads/2025/05/temperaturas-extremas-y-precipitaciones-2025x05x28-.pdf
2025-05-28,004,JARDÍN BOTÁNICO NACIONAL,DISTRITO NACIONAL,JARDÍN BOTÁNICO NACIONAL,EMCV,32.8,19.7,6.0,https://indomet.gob.do/wp-content/uploads/2025/05/temperaturas-extremas-y-precipitaciones-2025x05x28-.pdf
2025-05-28,005,POLO,BARAHONA,INDOCAFE,EMCO,28.6,19.5,4.2,https://indomet.gob.do/wp-content/uploads/2025/05/temperaturas-extremas-y-precipitaciones-2025x05x28-.pdf
2025-05-28,006,SAN CRISTÓBAL,SAN CRISTÓBAL,INSTITUTO POLITÉCNICO LOYOLA,EMCO,31.0,23.2,4.0,https://indomet.gob.do/wp-content/uploads/2025/05/temperaturas-extremas-y-precipitaciones-2025x05x28-.pdf
2025-05-28,007,ARPT. DE LAS AMÉRICAS,SANTO DOMINGO,ONAMET,EMCO,32.0,23.6,3.9,https://indomet.gob.do/wp-content/uploads/2025/05/temperaturas-extremas-y-precipitaciones-2025x05x28-.pdf
2025-05-28,008,SAN RAFAEL DEL YUMA,LA ALTAGRACIA,MINISTERIO DE AGRICULTURA,EMCO,33.3,23.4,3.8,https://indomet.gob.do/wp-content/uploads/2025/05/temperaturas-extremas-y-precipitaciones-2025x05x28-.pdf
2025-05-28,009,SAMANÁ,SAMANÁ,COMANDANCIA DE PUERTO DE SAMANÁ,EMCO,32.5,23.8,3.2,https://indomet.gob.do/wp-content/uploads/2025/05/temperaturas-extremas-y-precipitaciones-2025x05x28-.pdf
2025-05-28,010,BONAO,MONSEÑOR NOUEL,MINISTERIO DE AGRICULTURA,EMCV,,,2.3,https://indomet.gob.do/wp-content/uploads/2025/05/temperaturas-extremas-y-precipitaciones-2025x05x28-.pdf
2025-05-28,011,JUMA BEJUCAL,MONSEÑOR NOUEL,IDIAF,EMCV,32.8,23.6,1.6,https://indomet.gob.do/wp-content/uploads/2025/05/temperaturas-extremas-y-precipitaciones-2025x05x28-.pdf
2025-05-28,012,ARPT. DE LA ROMANA,LA ROMANA,ONAMET,EMCO,32.0,23.7,1.2,https://indomet.gob.do/wp-content/uploads/2025/05/temperaturas-extremas-y-precipitaciones-2025x05x28-.pdf
2025-05-28,013,JARABACOA,LA VEGA,INDRHI / MARENA,EMCO,31.0,18.2,1.1,https://indomet.gob.do/wp-content/uploads/2025/05/temperaturas-extremas-y-precipitaciones-2025x05x28-.pdf
2025-05-28,014,VILLA ALTAGRACIA,SAN CRISTÓBAL,ESCUELA JAVIER ANGULO GURIDI,EMCO,,,1.1,https://indomet.gob.do/wp-content/uploads/2025/05/temperaturas-extremas-y-precipitaciones-2025x05x28-.pdf
2025-05-28,015,JARABACOA (EMA),LA VEGA,PROGRAMA MUNDIAL DE ALIMENTO,EMAP,30.8,19.8,1.0,https://indomet.gob.do/wp-content/uploads/2025/05/temperaturas-extremas-y-precipitaciones-2025x05x28-.pdf
2025-05-28,016,ANAMUYA (EMA),LA ALTAGRACIA,MINISTERIO DE AGRICULTURA,EMAP,31.6,24.4,0.8,https://indomet.gob.do/wp-content/uploads/2025/05/temperaturas-extremas-y-precipitaciones-2025x05x28-.pdf
2025-05-28,017,PONTÓN ABAJO (EMA),LA VEGA,MINISTERIO DE AGRICULTURA,EMAP,34.3,24.3,0.8,https://indomet.gob.do/wp-content/uploads/2025/05/temperaturas-extremas-y-precipitaciones-2025x05x28-.pdf
2025-05-28,018,RANCHO ARRIBA,SAN JOSÉ DE OCOA,CENTRO TECNOLÓGICO COMUNITARIO,EMCO,31.5,20.1,0.8,https://indomet.gob.do/wp-content/uploads/2025/05/temperaturas-extremas-y-precipitaciones-2025x05x28-.pdf
2025-05-28,019,SANTO DOMINGO ESTE,SANTO DOMINGO,ONAMET,EMCO,32.5,25.9,0.7,https://indomet.gob.do/wp-content/uploads/2025/05/temperaturas-extremas-y-precipitaciones-2025x05x28-.pdf
2025-05-28,020,LA VEGA,LA VEGA,IATESA,EMCO,32.7,23.5,0.3,https://indomet.gob.do/wp-content/uploads/2025/05/temperaturas-extremas-y-precipitaciones-2025x05x28-.pdf
2025-05-28,021,HATO MAYOR,HATO MAYOR,MINISTERIO DE AGRICULTURA,EMCV,,,0.3,https://indomet.gob.do/wp-content/uploads/2025/05/temperaturas-extremas-y-precipitaciones-2025x05x28-.pdf
2025-05-28,022,JIMANÍ,INDEPENDENCIA,MINISTERIO DE AGRICULTURA,EMCO,35.0,24.2,0.1,https://indomet.gob.do/wp-content/uploads/2025/05/temperaturas-extremas-y-precipitaciones-2025x05x28-.pdf
2025-05-28,023,LA VICTORIA,SANTO DOMINGO,CUERPO DE BOMBEROS,EMCO,33.5,24.0,0.1,https://indomet.gob.do/wp-content/uploads/2025/05/temperaturas-extremas-y-precipitaciones-2025x05x28-.pdf
2025-05-28,024,RESTAURACIÓN,DAJABÓN,MINISTERIO DE AGRICULTURA,EMCO,,18.7,0.1,https://indomet.gob.do/wp-content/uploads/2025/05/temperaturas-extremas-y-precipitaciones-2025x05x28-.pdf
2025-05-28,025,SABANA DE LA MAR,HATO MAYOR,ONAMET,EMCO,31.2,24.0,0.1,https://indomet.gob.do/wp-content/uploads/2025/05/temperaturas-extremas-y-precipitaciones-2025x05x28-.pdf
2025-05-28,026,ALTAMIRA,PUERTO PLATA,HOSP. MPAL. DE ALTAMIRA,EMCO,34.2,20.9,0.0,https://indomet.gob.do/wp-content/uploads/2025/05/temperaturas-extremas-y-precipitaciones-2025x05x28-.pdf
2025-05-28,027,ARPT. ARROYO BARRIL,SAMANÁ,ONAMET,EMCO,31.4,23.0,0.0,https://indomet.gob.do/wp-content/uploads/2025/05/temperaturas-extremas-y-precipitaciones-2025x05x28-.pdf
2025-05-28,028,ARPT. DE PUNTA CANA,LA ALTAGRACIA,ONAMET,EMCO,31.0,24.2,0.0,https://indomet.gob.do/wp-content/uploads/2025/05/temperaturas-extremas-y-precipitaciones-2025x05x28-.pdf
2025-05-28,029,ARPT. DEL CIBAO,SANTIAGO,ONAMET,EMCO,34.5,23.5,0.0,https://indomet.gob.do/wp-content/uploads/2025/05/temperaturas-extremas-y-precipitaciones-2025x05x28-.pdf
2025-05-28,030,ARPT. GREGORIO LUPERÓN,PUERTO PLATA,ONAMET,EMCO,32.5,24.0,0.0,https://indomet.gob.do/wp-content/uploads/2025/05/temperaturas-extremas-y-precipitaciones-2025x05x28-.pdf
2025-05-28,031,ARPT. LA ISABELA,SANTO DOMINGO,ONAMET,EMCO,34.5,24.0,0.0,https://indomet.gob.do/wp-content/uploads/2025/05/temperaturas-extremas-y-precipitaciones-2025x05x28-.pdf
2025-05-28,032,ARPT. MARÍA MONTEZ,BARAHONA,ONAMET,EMCO,32.8,24.4,0.0,https://indomet.gob.do/wp-content/uploads/2025/05/temperaturas-extremas-y-precipitaciones-2025x05x28-.pdf
2025-05-28,033,ARROYO LORO,SAN JUAN,IDIAF,EMCO,33.4,21.2,0.0,https://indomet.gob.do/wp-content/uploads/2025/05/temperaturas-extremas-y-precipitaciones-2025x05x28-.pdf
2025-05-28,034,BASE AÉREA DE SAN ISIDRO,SANTO DOMINGO,FUERZA AÉREA DOMINICANA,EMCV,33.2,24.1,0.0,https://indomet.gob.do/wp-content/uploads/2025/05/temperaturas-extremas-y-precipitaciones-2025x05x28-.pdf
2025-05-28,035,BAYAGUANA,MONTE PLATA,ONAMET,EMCO,32.5,23.1,0.0,https://indomet.gob.do/wp-content/uploads/2025/05/temperaturas-extremas-y-precipitaciones-2025x05x28-.pdf
2025-05-28,036,BOCA DE MAO (EMA),VALVERDE,MINISTERIO DE AGRICULTURA,EMAP,36.6,24.1,0.0,https://indomet.gob.do/wp-content/uploads/2025/05/temperaturas-extremas-y-precipitaciones-2025x05x28-.pdf
2025-05-28,037,CABRAL,BARAHONA,MINISTERIO DE AGRICULTURA,EMCV,34.2,27.0,0.0,https://indomet.gob.do/wp-content/uploads/2025/05/temperaturas-extremas-y-precipitaciones-2025x05x28-.pdf
2025-05-28,038,CABRERA,MARÍA TRINIDAD SÁNCHEZ,ESCUELA ARÍSTIDES FIALLO CABRAL,EMCO,33.0,26.0,0.0,https://indomet.gob.do/wp-content/uploads/2025/05/temperaturas-extremas-y-precipitaciones-2025x05x28-.pdf
2025-05-28,039,CENTRO DE LOS HEROES (EMA),DISTRITO NACIONAL,MINISTERIO DE ENERGIA Y MINA,EMAP,31.2,25.6,0.0,https://indomet.gob.do/wp-content/uploads/2025/05/temperaturas-extremas-y-precipitaciones-2025x05x28-.pdf
2025-05-28,040,CONSTANZA,LA VEGA,MINISTERIO DE AGRICULTURA,EMCO,27.3,17.4,0.0,https://indomet.gob.do/wp-content/uploads/2025/05/temperaturas-extremas-y-precipitaciones-2025x05x28-.pdf
2025-05-28,041,CONSTANZA (EMA),LA VEGA,PROGRAMA MUNDIAL DE ALIMENTO,EMAP,26.6,17.6,0.0,https://indomet.gob.do/wp-content/uploads/2025/05/temperaturas-extremas-y-precipitaciones-2025x05x28-.pdf
2025-05-28,042,DAJABÓN,DAJABÓN,INSTITUTO POLITÉCNICO LOYOLA,EMCO,34.2,21.1,0.0,https://indomet.gob.do/wp-content/uploads/2025/05/temperaturas-extremas-y-precipitaciones-2025x05x28-.pdf
2025-05-28,043,EL FACTOR (EMA),MARÍA TRINIDAD SÁNCHEZ,INTEC,EMAP,32.1,23.6,0.0,https://indomet.gob.do/wp-content/uploads/2025/05/temperaturas-extremas-y-precipitaciones-2025x05x28-.pdf
2025-05-28,044,EL SEIBO,EL SEIBO,MINISTERIO DE AGRICULTURA,EMCV,,,0.0,https://indomet.gob.do/wp-content/uploads/2025/05/temperaturas-extremas-y-precipitaciones-2025x05x28-.pdf
2025-05-28,045,ELÍAS PIÑA,ELÍAS PIÑA,MINISTERIO DE AGRICULTURA,EMCV,,,0.0,https://indomet.gob.do/wp-content/uploads/2025/05/temperaturas-extremas-y-precipitaciones-2025x05x28-.pdf
2025-05-28,046,ENRIQUILLO,BARAHONA,MINISTERIO DE AGRICULTURA,EMCV,32.5,26.0,0.0,https://indomet.gob.do/wp-content/uploads/2025/05/temperaturas-extremas-y-precipitaciones-2025x05x28-.pdf
2025-05-28,047,ESCONDIDO,PERAVIA,MINISTERIO DE AGRICULTURA,EMCV,33.0,24.0,0.0,https://indomet.gob.do/wp-content/uploads/2025/05/temperaturas-extremas-y-precipitaciones-2025x05x28-.pdf
2025-05-28,048,GASPAR HERNÁNDEZ,ESPAILLAT,PROPIEDAD DEL EMPLEADO,EMCO,,,0.0,https://indomet.gob.do/wp-content/uploads/2025/05/temperaturas-extremas-y-precipitaciones-2025x05x28-.pdf
2025-05-28,049,GURABO,SANTIAGO,MINISTERIO DE AGRICULTURA,EMCV,,,0.0,https://indomet.gob.do/wp-content/uploads/2025/05/temperaturas-extremas-y-precipitaciones-2025x05x28-.pdf
2025-05-28,050,LAS CANAS (EMA),MONTE CRISTI,PROGRAMA MUNDIAL DE ALIMENTO,EMAP,30.4,23.4,0.0,https://indomet.gob.do/wp-content/uploads/2025/05/temperaturas-extremas-y-precipitaciones-2025x05x28-.pdf
2025-05-28,051,LAS MATAS DE SANTA CRUZ (EMA,MONTE CRISTI,PROGRAMA MUNDIAL DE ALIMENTO,EMAP,33.9,24.5,0.0,https://indomet.gob.do/wp-content/uploads/2025/05/temperaturas-extremas-y-precipitaciones-2025x05x28-.pdf
2025-05-28,052,LOS LLANOS,SAN PEDRO DE MACORÍS,MINISTERIO DE AGRICULTURA,EMCO,33.7,23.4,0.0,https://indomet.gob.do/wp-content/uploads/2025/05/temperaturas-extremas-y-precipitaciones-2025x05x28-.pdf
2025-05-28,053,LOS TRES CHARCOS (EMA),PEDERNALES,PROPIEDAD DEL VOLUNTARIO,EMAP,32.8,25.8,0.0,https://indomet.gob.do/wp-content/uploads/2025/05/temperaturas-extremas-y-precipitaciones-2025x05x28-.pdf
2025-05-28,054,MAO,VALVERDE,INDRHI / MINISTERIO DE AGRICULTURA,EMCV,,,0.0,https://indomet.gob.do/wp-content/uploads/2025/05/temperaturas-extremas-y-precipitaciones-2025x05x28-.pdf
2025-05-28,055,MONCIÓN (EMA),SANTIAGO RODRÍGUEZ,PROGRAMA MUNDIAL DE ALIMENTO,EMAP,32.7,22.1,0.0,https://indomet.gob.do/wp-content/uploads/2025/05/temperaturas-extremas-y-precipitaciones-2025x05x28-.pdf
2025-05-28,056,MONTE CRISTI,MONTE CRISTI,ONAMET,EMCO,34.2,23.6,0.0,https://indomet.gob.do/wp-content/uploads/2025/05/temperaturas-extremas-y-precipitaciones-2025x05x28-.pdf
2025-05-28,057,NAVARRETE,SANTIAGO,MINISTERIO DE AGRICULTURA,EMCV,,,0.0,https://indomet.gob.do/wp-content/uploads/2025/05/temperaturas-extremas-y-precipitaciones-2025x05x28-.pdf
2025-05-28,058,OLIVARES,PEDERNALES,INDRHI,EMCO,,,0.0,https://indomet.gob.do/wp-content/uploads/2025/05/temperaturas-extremas-y-precipitaciones-2025x05x28-.pdf
2025-05-28,059,PADRE LAS CASAS,AZUA,HOSP. NTRA. SRA. DEL CARMEN,EMCO,33.0,21.0,0.0,https://indomet.gob.do/wp-content/uploads/2025/05/temperaturas-extremas-y-precipitaciones-2025x05x28-.pdf
2025-05-28,060,PALO ÍNDIO,PUERTO PLATA,MINISTERIO DE AGRICULTURA,EMCO,,,0.0,https://indomet.gob.do/wp-content/uploads/2025/05/temperaturas-extremas-y-precipitaciones-2025x05x28-.pdf
2025-05-28,061,PEDERNALES,PEDERNALES,INDRHI,EMCO,,,0.0,https://indomet.gob.do/wp-content/uploads/2025/05/temperaturas-extremas-y-precipitaciones-2025x05x28-.pdf
2025-05-28,062,PERALTA,AZUA,HOSP. MPAL. DE PERALTA,EMCO,29.0,17.9,0.0,https://indomet.gob.do/wp-content/uploads/2025/05/temperaturas-extremas-y-precipitaciones-2025x05x28-.pdf
2025-05-28,063,PESCADERIA (EMA),BARAHONA,MINISTERIO DE AGRICULTURA,EMAP,33.3,27.3,0.0,https://indomet.gob.do/wp-content/uploads/2025/05/temperaturas-extremas-y-precipitaciones-2025x05x28-.pdf
2025-05-28,064,PRESA DE TAVERAS (EMA),LA VEGA,PROGRAMA MUNDIAL DE ALIMENTO,EMAP,30.4,22.3,0.0,https://indomet.gob.do/wp-content/uploads/2025/05/temperaturas-extremas-y-precipitaciones-2025x05x28-.pdf
2025-05-28,065,RÍO SAN JUAN,MARÍA TRINIDAD SÁNCHEZ,HOSP. MPAL. DR. DESIDERIO ACOSTA,EMCV,33.5,24.0,0.0,https://indomet.gob.do/wp-content/uploads/2025/05/temperaturas-extremas-y-precipitaciones-2025x05x28-.pdf
2025-05-28,066,SABANA GRANDE DE BOYÁ,MONTE PLATA,MINISTERIO DE AGRICULTURA,EMCV,,,0.0,https://indomet.gob.do/wp-content/uploads/2025/05/temperaturas-extremas-y-precipitaciones-2025x05x28-.pdf
2025-05-28,067,SABANETA (EMA),SANTIAGO RODRÍGUEZ,PROGRAMA MUNDIAL DE ALIMENTO,EMAP,36.7,23.0,0.0,https://indomet.gob.do/wp-content/uploads/2025/05/temperaturas-extremas-y-precipitaciones-2025x05x28-.pdf
2025-05-28,068,SALCEDO,HERMANAS MIRABAL,PROPIEDAD DEL EMPLEADO,EMCO,,,0.0,https://indomet.gob.do/wp-content/uploads/2025/05/temperaturas-extremas-y-precipitaciones-2025x05x28-.pdf
2025-05-28,069,SAN FRANCISCO DE MACORÍS,DUARTE,San Francisco de Macorís (UASD),EMCO,32.8,22.8,0.0,https://indomet.gob.do/wp-content/uploads/2025/05/temperaturas-extremas-y-precipitaciones-2025x05x28-.pdf
2025-05-28,070,SAN JOSÉ DE OCOA,SAN JOSÉ DE OCOA,HOSP. SAN JOSÉ DE OCOA,EMCO,33.4,,0.0,https://indomet.gob.do/wp-content/uploads/2025/05/temperaturas-extremas-y-precipitaciones-2025x05x28-.pdf
2025-05-28,071,SÁNCHEZ,SAMANÁ,MINISTERIO DE AGRICULTURA,EMCO,31.9,24.3,0.0,https://indomet.gob.do/wp-content/uploads/2025/05/temperaturas-extremas-y-precipitaciones-2025x05x28-.pdf
2025-05-28,072,SANTIAGO RODRÍGUEZ,SANTIAGO RODRÍGUEZ,ONAMET,EMCO,36.5,23.2,0.0,https://indomet.gob.do/wp-content/uploads/2025/05/temperaturas-extremas-y-precipitaciones-2025x05x28-.pdf
2025-05-28,073,TÁBARA ABAJO,AZUA,INDRHI,EMCO,35.7,20.5,0.0,https://indomet.gob.do/wp-content/uploads/2025/05/temperaturas-extremas-y-precipitaciones-2025x05x28-.pdf
2025-05-28,074,VILLA GONZALES,SANTIAGO,MINISTERIO DE AGRICULTURA,EMCO,,,0.0,https://indomet.gob.do/wp-content/uploads/2025/05/temperaturas-extremas-y-precipitaciones-2025x05x28-.pdf
2025-05-28,075,VILLA ISABELA,PUERTO PLATA,MINISTERIO DE AGRICULTURA,EMCV,,,0.0,https://indomet.gob.do/wp-content/uploads/2025/05/temperaturas-extremas-y-precipitaciones-2025x05x28-.pdf
2025-05-28,076,VILLA RIVA,DUARTE,HOSP. MPAL. ALICIA DE LEGENDRE,EMCO,32.7,23.3,0.0,https://indomet.gob.do/wp-content/uploads/2025/05/temperaturas-extremas-y-precipitaciones-2025x05x28-.pdf
2025-05-28,077,ALTO BANDERA (EMA),LA VEGA,INTEC,EMAP,15.9,4.8,0.0,https://indomet.gob.do/wp-content/uploads/2025/05/temperaturas-extremas-y-precipitaciones-2025x05x28-.pdf
2025-05-29,001,ARPT. DE PUNTA CANA,LA ALTAGRACIA,ONAMET,EMCO,30.6,26.4,10.3,https://indomet.gob.do/wp-content/uploads/2025/05/temperaturas-extremas-y-precipitaciones-2025x05x29-a.pdf
2025-05-29,002,ARPT. ARROYO BARRIL,SAMANÁ,ONAMET,EMCO,32.5,22.4,6.2,https://indomet.gob.do/wp-content/uploads/2025/05/temperaturas-extremas-y-precipitaciones-2025x05x29-a.pdf
2025-05-29,003,ANAMUYA (EMA),LA ALTAGRACIA,MINISTERIO DE AGRICULTURA,EMAP,29.9,24.0,5.6,https://indomet.gob.do/wp-content/uploads/2025/05/temperaturas-extremas-y-precipitaciones-2025x05x29-a.pdf
2025-05-29,004,SÁNCHEZ,SAMANÁ,MINISTERIO DE AGRICULTURA,EMCO,32.2,23.1,5.2,https://indomet.gob.do/wp-content/uploads/2025/05/temperaturas-extremas-y-precipitaciones-2025x05x29-a.pdf
2025-05-29,005,SAMANÁ,SAMANÁ,COMANDANCIA DE PUERTO DE SAMANÁ,EMCO,32.3,23.7,4.6,https://indomet.gob.do/wp-content/uploads/2025/05/temperaturas-extremas-y-precipitaciones-2025x05x29-a.pdf
2025-05-29,006,BASE AÉREA DE SAN ISIDRO,SANTO DOMINGO,FUERZA AÉREA DOMINICANA,EMCV,31.5,23.0,3.1,https://indomet.gob.do/wp-content/uploads/2025/05/temperaturas-extremas-y-precipitaciones-2025x05x29-a.pdf
2025-05-29,007,EL FACTOR (EMA),MARÍA TRINIDAD SÁNCHEZ,INTEC,EMAP,30.7,23.0,2.3,https://indomet.gob.do/wp-content/uploads/2025/05/temperaturas-extremas-y-precipitaciones-2025x05x29-a.pdf
2025-05-29,008,HATO MAYOR,HATO MAYOR,MINISTERIO DE AGRICULTURA,EMCV,,,2.0,https://indomet.gob.do/wp-content/uploads/2025/05/temperaturas-extremas-y-precipitaciones-2025x05x29-a.pdf
2025-05-29,009,SAN RAFAEL DEL YUMA,LA ALTAGRACIA,MINISTERIO DE AGRICULTURA,EMCO,31.2,23.9,1.7,https://indomet.gob.do/wp-content/uploads/2025/05/temperaturas-extremas-y-precipitaciones-2025x05x29-a.pdf
2025-05-29,010,ARPT. LA ISABELA,SANTO DOMINGO,ONAMET,EMCO,32.0,22.5,1.6,https://indomet.gob.do/wp-content/uploads/2025/05/temperaturas-extremas-y-precipitaciones-2025x05x29-a.pdf
2025-05-29,011,SABANA DE LA MAR,HATO MAYOR,ONAMET,EMCO,30.5,23.5,1.3,https://indomet.gob.do/wp-content/uploads/2025/05/temperaturas-extremas-y-precipitaciones-2025x05x29-a.pdf
2025-05-29,012,RÍO SAN JUAN,MARÍA TRINIDAD SÁNCHEZ,HOSP. MPAL. DR. DESIDERIO ACOSTA,EMCV,32.8,23.9,1.3,https://indomet.gob.do/wp-content/uploads/2025/05/temperaturas-extremas-y-precipitaciones-2025x05x29-a.pdf
2025-05-29,013,CENTRO DE LOS HEROES (EMA),DISTRITO NACIONAL,MINISTERIO DE ENERGIA Y MINA,EMAP,31.4,25.2,1.2,https://indomet.gob.do/wp-content/uploads/2025/05/temperaturas-extremas-y-precipitaciones-2025x05x29-a.pdf
2025-05-29,014,JARDÍN BOTÁNICO NACIONAL,DISTRITO NACIONAL,JARDÍN BOTÁNICO NACIONAL,EMCV,31.9,22.2,1.2,https://indomet.gob.do/wp-content/uploads/2025/05/temperaturas-extremas-y-precipitaciones-2025x05x29-a.pdf
2025-05-29,015,LOS LLANOS,SAN PEDRO DE MACORÍS,MINISTERIO DE AGRICULTURA,EMCO,32.3,23.5,1.0,https://indomet.gob.do/wp-content/uploads/2025/05/temperaturas-extremas-y-precipitaciones-2025x05x29-a.pdf
2025-05-29,016,SANTO DOMINGO ESTE,SANTO DOMINGO,ONAMET,EMCO,31.8,24.8,1.0,https://indomet.gob.do/wp-content/uploads/2025/05/temperaturas-extremas-y-precipitaciones-2025x05x29-a.pdf
2025-05-29,017,VILLA RIVA,DUARTE,HOSP. MPAL. ALICIA DE LEGENDRE,EMCO,32.0,22.0,1.0,https://indomet.gob.do/wp-content/uploads/2025/05/temperaturas-extremas-y-precipitaciones-2025x05x29-a.pdf
2025-05-29,018,LOS TRES CHARCOS (EMA),PEDERNALES,PROPIEDAD DEL VOLUNTARIO,EMAP,32.3,25.8,0.8,https://indomet.gob.do/wp-content/uploads/2025/05/temperaturas-extremas-y-precipitaciones-2025x05x29-a.pdf
2025-05-29,019,CABRERA,MARÍA TRINIDAD SÁNCHEZ,ESCUELA ARÍSTIDES FIALLO CABRAL,EMCO,33.0,26.5,0.6,https://indomet.gob.do/wp-content/uploads/2025/05/temperaturas-extremas-y-precipitaciones-2025x05x29-a.pdf
2025-05-29,020,POLO,BARAHONA,INDOCAFE,EMCO,27.5,17.2,0.5,https://indomet.gob.do/wp-content/uploads/2025/05/temperaturas-extremas-y-precipitaciones-2025x05x29-a.pdf
2025-05-29,021,VILLA ALTAGRACIA,SAN CRISTÓBAL,ESCUELA JAVIER ANGULO GURIDI,EMCO,,,0.5,https://indomet.gob.do/wp-content/uploads/2025/05/temperaturas-extremas-y-precipitaciones-2025x05x29-a.pdf
2025-05-29,022,ARPT. DE LAS AMÉRICAS,SANTO DOMINGO,ONAMET,EMCO,31.4,23.6,0.4,https://indomet.gob.do/wp-content/uploads/2025/05/temperaturas-extremas-y-precipitaciones-2025x05x29-a.pdf
2025-05-29,023,BAYAGUANA,MONTE PLATA,ONAMET,EMCO,32.2,22.6,0.3,https://indomet.gob.do/wp-content/uploads/2025/05/temperaturas-extremas-y-precipitaciones-2025x05x29-a.pdf
2025-05-29,024,JARABACOA,LA VEGA,INDRHI / MARENA,EMCO,29.8,18.0,0.3,https://indomet.gob.do/wp-content/uploads/2025/05/temperaturas-extremas-y-precipitaciones-2025x05x29-a.pdf
2025-05-29,025,BONAO,MONSEÑOR NOUEL,MINISTERIO DE AGRICULTURA,EMCV,,,0.3,https://indomet.gob.do/wp-content/uploads/2025/05/temperaturas-extremas-y-precipitaciones-2025x05x29-a.pdf
2025-05-29,026,JARABACOA (EMA),LA VEGA,PROGRAMA MUNDIAL DE ALIMENTO,EMAP,28.8,18.4,0.2,https://indomet.gob.do/wp-content/uploads/2025/05/temperaturas-extremas-y-precipitaciones-2025x05x29-a.pdf
2025-05-29,027,SAN FRANCISCO DE MACORÍS,DUARTE,San Francisco de Macorís (UASD),EMCO,31.6,22.8,0.2,https://indomet.gob.do/wp-content/uploads/2025/05/temperaturas-extremas-y-precipitaciones-2025x05x29-a.pdf
2025-05-29,028,ARPT. DEL CIBAO,SANTIAGO,ONAMET,EMCO,32.5,22.5,0.1,https://indomet.gob.do/wp-content/uploads/2025/05/temperaturas-extremas-y-precipitaciones-2025x05x29-a.pdf
2025-05-29,029,ARROYO LORO,SAN JUAN,IDIAF,EMCO,32.0,19.5,0.1,https://indomet.gob.do/wp-content/uploads/2025/05/temperaturas-extremas-y-precipitaciones-2025x05x29-a.pdf
2025-05-29,030,CABRAL,BARAHONA,MINISTERIO DE AGRICULTURA,EMCV,33.8,25.0,0.1,https://indomet.gob.do/wp-content/uploads/2025/05/temperaturas-extremas-y-precipitaciones-2025x05x29-a.pdf
2025-05-29,031,LA VICTORIA,SANTO DOMINGO,CUERPO DE BOMBEROS,EMCO,30.5,23.5,0.1,https://indomet.gob.do/wp-content/uploads/2025/05/temperaturas-extremas-y-precipitaciones-2025x05x29-a.pdf
2025-05-29,032,SABANA GRANDE DE BOYÁ,MONTE PLATA,MINISTERIO DE AGRICULTURA,EMCV,,,0.1,https://indomet.gob.do/wp-content/uploads/2025/05/temperaturas-extremas-y-precipitaciones-2025x05x29-a.pdf
2025-05-29,033,ALTAMIRA,PUERTO PLATA,HOSP. MPAL. DE ALTAMIRA,EMCO,32.4,20.5,0.0,https://indomet.gob.do/wp-content/uploads/2025/05/temperaturas-extremas-y-precipitaciones-2025x05x29-a.pdf
2025-05-29,034,ARPT. DE LA ROMANA,LA ROMANA,ONAMET,EMCO,30.0,23.0,0.0,https://indomet.gob.do/wp-content/uploads/2025/05/temperaturas-extremas-y-precipitaciones-2025x05x29-a.pdf
2025-05-29,035,ARPT. EL CATEY,SAMANÁ,ONAMET,EMCO,30.0,22.5,0.0,https://indomet.gob.do/wp-content/uploads/2025/05/temperaturas-extremas-y-precipitaciones-2025x05x29-a.pdf
2025-05-29,036,ARPT. GREGORIO LUPERÓN,PUERTO PLATA,ONAMET,EMCO,31.2,23.0,0.0,https://indomet.gob.do/wp-content/uploads/2025/05/temperaturas-extremas-y-precipitaciones-2025x05x29-a.pdf
2025-05-29,037,ARPT. MARÍA MONTEZ,BARAHONA,ONAMET,EMCO,33.0,27.4,0.0,https://indomet.gob.do/wp-content/uploads/2025/05/temperaturas-extremas-y-precipitaciones-2025x05x29-a.pdf
2025-05-29,038,BANI (EMA),PERAVIA,MINISTERIO DE AGRICULTURA,EMAP,31.8,25.9,0.0,https://indomet.gob.do/wp-content/uploads/2025/05/temperaturas-extremas-y-precipitaciones-2025x05x29-a.pdf
2025-05-29,039,BOCA DE MAO (EMA),VALVERDE,MINISTERIO DE AGRICULTURA,EMAP,35.3,23.2,0.0,https://indomet.gob.do/wp-content/uploads/2025/05/temperaturas-extremas-y-precipitaciones-2025x05x29-a.pdf
2025-05-29,040,BOHECHÍO,SAN JUAN,MINISTERIO DE AGRICULTURA,EMCV,,,0.0,https://indomet.gob.do/wp-content/uploads/2025/05/temperaturas-extremas-y-precipitaciones-2025x05x29-a.pdf
2025-05-29,041,CONSTANZA,LA VEGA,MINISTERIO DE AGRICULTURA,EMCO,25.9,14.5,0.0,https://indomet.gob.do/wp-content/uploads/2025/05/temperaturas-extremas-y-precipitaciones-2025x05x29-a.pdf
2025-05-29,042,CONSTANZA (EMA),LA VEGA,PROGRAMA MUNDIAL DE ALIMENTO,EMAP,25.0,14.7,0.0,https://indomet.gob.do/wp-content/uploads/2025/05/temperaturas-extremas-y-precipitaciones-2025x05x29-a.pdf
2025-05-29,043,DAJABÓN,DAJABÓN,INSTITUTO POLITÉCNICO LOYOLA,EMCO,35.2,20.6,0.0,https://indomet.gob.do/wp-content/uploads/2025/05/temperaturas-extremas-y-precipitaciones-2025x05x29-a.pdf
2025-05-29,044,EL CERCADO,SAN JUAN,MINISTERIO DE AGRICULTURA,EMCV,,,0.0,https://indomet.gob.do/wp-content/uploads/2025/05/temperaturas-extremas-y-precipitaciones-2025x05x29-a.pdf
2025-05-29,045,ELÍAS PIÑA,ELÍAS PIÑA,MINISTERIO DE AGRICULTURA,EMCV,,,0.0,https://indomet.gob.do/wp-content/uploads/2025/05/temperaturas-extremas-y-precipitaciones-2025x05x29-a.pdf
2025-05-29,046,ENRIQUILLO,BARAHONA,MINISTERIO DE AGRICULTURA,EMCV,32.5,26.5,0.0,https://indomet.gob.do/wp-content/uploads/2025/05/temperaturas-extremas-y-precipitaciones-2025x05x29-a.pdf
2025-05-29,047,ESCONDIDO,PERAVIA,MINISTERIO DE AGRICULTURA,EMCV,32.0,24.0,0.0,https://indomet.gob.do/wp-content/uploads/2025/05/temperaturas-extremas-y-precipitaciones-2025x05x29-a.pdf
2025-05-29,048,GASPAR HERNÁNDEZ,ESPAILLAT,PROPIEDAD DEL EMPLEADO,EMCO,,,0.0,https://indomet.gob.do/wp-content/uploads/2025/05/temperaturas-extremas-y-precipitaciones-2025x05x29-a.pdf
2025-05-29,049,GURABO,SANTIAGO,MINISTERIO DE AGRICULTURA,EMCV,,,0.0,https://indomet.gob.do/wp-content/uploads/2025/05/temperaturas-extremas-y-precipitaciones-2025x05x29-a.pdf
2025-05-29,050,HONDO VALLE,ELÍAS PIÑA,MINISTERIO DE AGRICULTURA,EMCO,25.9,14.5,0.0,https://indomet.gob.do/wp-content/uploads/2025/05/temperaturas-extremas-y-precipitaciones-2025x05x29-a.pdf
2025-05-29,051,JIMANÍ,INDEPENDENCIA,MINISTERIO DE AGRICULTURA,EMCO,34.6,26.0,0.0,https://indomet.gob.do/wp-content/uploads/2025/05/temperaturas-extremas-y-precipitaciones-2025x05x29-a.pdf
2025-05-29,052,LA VEGA,LA VEGA,IATESA,EMCO,32.0,23.0,0.0,https://indomet.gob.do/wp-content/uploads/2025/05/temperaturas-extremas-y-precipitaciones-2025x05x29-a.pdf
2025-05-29,053,LAS CANAS (EMA),MONTE CRISTI,PROGRAMA MUNDIAL DE ALIMENTO,EMAP,30.2,23.7,0.0,https://indomet.gob.do/wp-content/uploads/2025/05/temperaturas-extremas-y-precipitaciones-2025x05x29-a.pdf
2025-05-29,054,LAS MATAS DE FARFÁN,SAN JUAN,MINISTERIO DE AGRICULTURA,EMCV,,,0.0,https://indomet.gob.do/wp-content/uploads/2025/05/temperaturas-extremas-y-precipitaciones-2025x05x29-a.pdf
2025-05-29,055,LAS MATAS DE SANTA CRUZ (EMA,MONTE CRISTI,PROGRAMA MUNDIAL DE ALIMENTO,EMAP,32.6,24.6,0.0,https://indomet.gob.do/wp-content/uploads/2025/05/temperaturas-extremas-y-precipitaciones-2025x05x29-a.pdf
2025-05-29,056,MAO,VALVERDE,INDRHI / MINISTERIO DE AGRICULTURA,EMCV,,,0.0,https://indomet.gob.do/wp-content/uploads/2025/05/temperaturas-extremas-y-precipitaciones-2025x05x29-a.pdf
2025-05-29,057,MONCIÓN (EMA),SANTIAGO RODRÍGUEZ,PROGRAMA MUNDIAL DE ALIMENTO,EMAP,32.3,21.0,0.0,https://indomet.gob.do/wp-content/uploads/2025/05/temperaturas-extremas-y-precipitaciones-2025x05x29-a.pdf
2025-05-29,058,MONTE CRISTI,MONTE CRISTI,ONAMET,EMCO,34.8,24.5,0.0,https://indomet.gob.do/wp-content/uploads/2025/05/temperaturas-extremas-y-precipitaciones-2025x05x29-a.pdf
2025-05-29,059,NAVARRETE,SANTIAGO,MINISTERIO DE AGRICULTURA,EMCV,,,0.0,https://indomet.gob.do/wp-content/uploads/2025/05/temperaturas-extremas-y-precipitaciones-2025x05x29-a.pdf
2025-05-29,060,PADRE LAS CASAS,AZUA,HOSP. NTRA. SRA. DEL CARMEN,EMCO,32.8,20.3,0.0,https://indomet.gob.do/wp-content/uploads/2025/05/temperaturas-extremas-y-precipitaciones-2025x05x29-a.pdf
2025-05-29,061,PALO ÍNDIO,PUERTO PLATA,MINISTERIO DE AGRICULTURA,EMCO,,,0.0,https://indomet.gob.do/wp-content/uploads/2025/05/temperaturas-extremas-y-precipitaciones-2025x05x29-a.pdf
2025-05-29,062,PERALTA,AZUA,HOSP. MPAL. DE PERALTA,EMCO,30.5,18.4,0.0,https://indomet.gob.do/wp-content/uploads/2025/05/temperaturas-extremas-y-precipitaciones-2025x05x29-a.pdf
2025-05-29,063,PESCADERIA (EMA),BARAHONA,MINISTERIO DE AGRICULTURA,EMAP,32.9,24.7,0.0,https://indomet.gob.do/wp-content/uploads/2025/05/temperaturas-extremas-y-precipitaciones-2025x05x29-a.pdf
2025-05-29,064,PONTÓN ABAJO (EMA),LA VEGA,MINISTERIO DE AGRICULTURA,EMAP,33.3,22.9,0.0,https://indomet.gob.do/wp-content/uploads/2025/05/temperaturas-extremas-y-precipitaciones-2025x05x29-a.pdf
2025-05-29,065,PRESA DE TAVERAS (EMA),LA VEGA,PROGRAMA MUNDIAL DE ALIMENTO,EMAP,29.3,21.9,0.0,https://indomet.gob.do/wp-content/uploads/2025/05/temperaturas-extremas-y-precipitaciones-2025x05x29-a.pdf
2025-05-29,066,RANCHO ARRIBA,SAN JOSÉ DE OCOA,CENTRO TECNOLÓGICO COMUNITARIO,EMCO,29.2,17.8,0.0,https://indomet.gob.do/wp-content/uploads/2025/05/temperaturas-extremas-y-precipitaciones-2025x05x29-a.pdf
2025-05-29,067,RESTAURACIÓN,DAJABÓN,MINISTERIO DE AGRICULTURA,EMCO,,19.2,0.0,https://indomet.gob.do/wp-content/uploads/2025/05/temperaturas-extremas-y-precipitaciones-2025x05x29-a.pdf
2025-05-29,068,SABANETA (EMA),SANTIAGO RODRÍGUEZ,PROGRAMA MUNDIAL DE ALIMENTO,EMAP,36.1,23.8,0.0,https://indomet.gob.do/wp-content/uploads/2025/05/temperaturas-extremas-y-precipitaciones-2025x05x29-a.pdf
2025-05-29,069,SALCEDO,HERMANAS MIRABAL,PROPIEDAD DEL EMPLEADO,EMCO,,,0.0,https://indomet.gob.do/wp-content/uploads/2025/05/temperaturas-extremas-y-precipitaciones-2025x05x29-a.pdf
2025-05-29,070,SAN CRISTÓBAL,SAN CRISTÓBAL,INSTITUTO POLITÉCNICO LOYOLA,EMCO,31.2,23.2,0.0,https://indomet.gob.do/wp-content/uploads/2025/05/temperaturas-extremas-y-precipitaciones-2025x05x29-a.pdf
2025-05-29,071,SAN JOSÉ DE OCOA,SAN JOSÉ DE OCOA,HOSP. SAN JOSÉ DE OCOA,EMCO,31.6,,0.0,https://indomet.gob.do/wp-content/uploads/2025/05/temperaturas-extremas-y-precipitaciones-2025x05x29-a.pdf
2025-05-29,072,SANTIAGO RODRÍGUEZ,SANTIAGO RODRÍGUEZ,ONAMET,EMCO,36.0,24.3,0.0,https://indomet.gob.do/wp-content/uploads/2025/05/temperaturas-extremas-y-precipitaciones-2025x05x29-a.pdf
2025-05-29,073,TÁBARA ABAJO,AZUA,INDRHI,EMCO,35.5,23.0,0.0,https://indomet.gob.do/wp-content/uploads/2025/05/temperaturas-extremas-y-precipitaciones-2025x05x29-a.pdf
2025-05-29,074,TAMBORIL,SANTIAGO,MINISTERIO DE AGRICULTURA,EMCV,,,0.0,https://indomet.gob.do/wp-content/uploads/2025/05/temperaturas-extremas-y-precipitaciones-2025x05x29-a.pdf
2025-05-29,075,VILLA GONZALES,SANTIAGO,MINISTERIO DE AGRICULTURA,EMCO,,,0.0,https://indomet.gob.do/wp-content/uploads/2025/05/temperaturas-extremas-y-precipitaciones-2025x05x29-a.pdf
2025-05-29,076,VILLA ISABELA,PUERTO PLATA,MINISTERIO DE AGRICULTURA,EMCV,,,0.0,https://indomet.gob.do/wp-content/uploads/2025/05/temperaturas-extremas-y-precipitaciones-2025x05x29-a.pdf
2025-05-29,077,ALTO BANDERA (EMA),LA VEGA,INTEC,EMAP,18.7,9.8,0.0,https://indomet.gob.do/wp-content/uploads/2025/05/temperaturas-extremas-y-precipitaciones-2025x05x29-a.pdf
2025-05-30,001,SAN CRISTÓBAL,SAN CRISTÓBAL,INSTITUTO POLITÉCNICO LOYOLA,EMCO,31.0,23.0,10.2,https://indomet.gob.do/wp-content/uploads/2025/06/temperaturas-extremas-y-precipitaciones-2025x05x30-a.pdf
2025-05-30,002,OVIEDO,PEDERNALES,CLÍNICA RURAL OVIEDO,EMCO,30.0,24.0,5.4,https://indomet.gob.do/wp-content/uploads/2025/06/temperaturas-extremas-y-precipitaciones-2025x05x30-a.pdf
2025-05-30,003,SABANA DE LA MAR,HATO MAYOR,ONAMET,EMCO,31.0,23.0,5.0,https://indomet.gob.do/wp-content/uploads/2025/06/temperaturas-extremas-y-precipitaciones-2025x05x30-a.pdf
2025-05-30,004,ENRIQUILLO,BARAHONA,MINISTERIO DE AGRICULTURA,EMCV,33.0,25.0,3.2,https://indomet.gob.do/wp-content/uploads/2025/06/temperaturas-extremas-y-precipitaciones-2025x05x30-a.pdf
2025-05-30,005,BASE AÉREA DE SAN ISIDRO,SANTO DOMINGO,FUERZA AÉREA DOMINICANA,EMCV,32.2,23.8,3.1,https://indomet.gob.do/wp-content/uploads/2025/06/temperaturas-extremas-y-precipitaciones-2025x05x30-a.pdf
2025-05-30,006,ARPT. DE PUNTA CANA,LA ALTAGRACIA,ONAMET,EMCO,31.0,25.4,2.2,https://indomet.gob.do/wp-content/uploads/2025/06/temperaturas-extremas-y-precipitaciones-2025x05x30-a.pdf
2025-05-30,007,LOS TRES CHARCOS (EMA),PEDERNALES,PROPIEDAD DEL VOLUNTARIO,EMAP,32.7,24.3,1.8,https://indomet.gob.do/wp-content/uploads/2025/06/temperaturas-extremas-y-precipitaciones-2025x05x30-a.pdf
2025-05-30,008,POLO,BARAHONA,INDOCAFE,EMCO,31.0,20.0,1.8,https://indomet.gob.do/wp-content/uploads/2025/06/temperaturas-extremas-y-precipitaciones-2025x05x30-a.pdf
2025-05-30,009,ARPT. LA ISABELA,SANTO DOMINGO,ONAMET,EMCO,31.4,21.0,1.0,https://indomet.gob.do/wp-content/uploads/2025/06/temperaturas-extremas-y-precipitaciones-2025x05x30-a.pdf
2025-05-30,010,VILLA ALTAGRACIA,SAN CRISTÓBAL,ESCUELA JAVIER ANGULO GURIDI,EMCO,,,0.8,https://indomet.gob.do/wp-content/uploads/2025/06/temperaturas-extremas-y-precipitaciones-2025x05x30-a.pdf
2025-05-30,011,SANTO DOMINGO ESTE,SANTO DOMINGO,ONAMET,EMCO,34.8,24.5,0.6,https://indomet.gob.do/wp-content/uploads/2025/06/temperaturas-extremas-y-precipitaciones-2025x05x30-a.pdf
2025-05-30,012,RANCHO ARRIBA,SAN JOSÉ DE OCOA,CENTRO TECNOLÓGICO COMUNITARIO,EMCO,30.6,19.6,0.5,https://indomet.gob.do/wp-content/uploads/2025/06/temperaturas-extremas-y-precipitaciones-2025x05x30-a.pdf
2025-05-30,013,ALTO BANDERA (EMA),LA VEGA,INTEC,EMAP,19.1,9.7,0.3,https://indomet.gob.do/wp-content/uploads/2025/06/temperaturas-extremas-y-precipitaciones-2025x05x30-a.pdf
2025-05-30,014,SAN RAFAEL DEL YUMA,LA ALTAGRACIA,MINISTERIO DE AGRICULTURA,EMCO,31.9,23.9,0.3,https://indomet.gob.do/wp-content/uploads/2025/06/temperaturas-extremas-y-precipitaciones-2025x05x30-a.pdf
2025-05-30,015,BAYAGUANA,MONTE PLATA,ONAMET,EMCO,33.0,22.4,0.2,https://indomet.gob.do/wp-content/uploads/2025/06/temperaturas-extremas-y-precipitaciones-2025x05x30-a.pdf
2025-05-30,016,CENTRO DE LOS HEROES (EMA),DISTRITO NACIONAL,MINISTERIO DE ENERGIA Y MINA,EMAP,30.7,26.5,0.2,https://indomet.gob.do/wp-content/uploads/2025/06/temperaturas-extremas-y-precipitaciones-2025x05x30-a.pdf
2025-05-30,017,CABRAL,BARAHONA,MINISTERIO DE AGRICULTURA,EMCV,34.0,25.0,0.1,https://indomet.gob.do/wp-content/uploads/2025/06/temperaturas-extremas-y-precipitaciones-2025x05x30-a.pdf
2025-05-30,018,ALTAMIRA,PUERTO PLATA,HOSP. MPAL. DE ALTAMIRA,EMCO,34.2,22.8,0.0,https://indomet.gob.do/wp-content/uploads/2025/06/temperaturas-extremas-y-precipitaciones-2025x05x30-a.pdf
2025-05-30,019,ANAMUYA (EMA),LA ALTAGRACIA,MINISTERIO DE AGRICULTURA,EMAP,31.9,24.4,0.0,https://indomet.gob.do/wp-content/uploads/2025/06/temperaturas-extremas-y-precipitaciones-2025x05x30-a.pdf
2025-05-30,020,ARPT. ARROYO BARRIL,SAMANÁ,ONAMET,EMCO,32.5,20.4,0.0,https://indomet.gob.do/wp-content/uploads/2025/06/temperaturas-extremas-y-precipitaciones-2025x05x30-a.pdf
2025-05-30,021,ARPT. DE LA ROMANA,LA ROMANA,ONAMET,EMCO,31.3,23.5,0.0,https://indomet.gob.do/wp-content/uploads/2025/06/temperaturas-extremas-y-precipitaciones-2025x05x30-a.pdf
2025-05-30,022,ARPT. DE LAS AMÉRICAS,SANTO DOMINGO,ONAMET,EMCO,31.2,23.5,0.0,https://indomet.gob.do/wp-content/uploads/2025/06/temperaturas-extremas-y-precipitaciones-2025x05x30-a.pdf
2025-05-30,023,ARPT. DEL CIBAO,SANTIAGO,ONAMET,EMCO,34.0,23.6,0.0,https://indomet.gob.do/wp-content/uploads/2025/06/temperaturas-extremas-y-precipitaciones-2025x05x30-a.pdf
2025-05-30,024,ARPT. EL CATEY,SAMANÁ,ONAMET,EMCO,31.0,22.0,0.0,https://indomet.gob.do/wp-content/uploads/2025/06/temperaturas-extremas-y-precipitaciones-2025x05x30-a.pdf
2025-05-30,025,ARPT. GREGORIO LUPERÓN,PUERTO PLATA,ONAMET,EMCO,33.2,22.8,0.0,https://indomet.gob.do/wp-content/uploads/2025/06/temperaturas-extremas-y-precipitaciones-2025x05x30-a.pdf
2025-05-30,026,ARPT. MARÍA MONTEZ,BARAHONA,ONAMET,EMCO,33.0,25.0,0.0,https://indomet.gob.do/wp-content/uploads/2025/06/temperaturas-extremas-y-precipitaciones-2025x05x30-a.pdf
2025-05-30,027,ARROYO LORO,SAN JUAN,IDIAF,EMCO,34.0,21.0,0.0,https://indomet.gob.do/wp-content/uploads/2025/06/temperaturas-extremas-y-precipitaciones-2025x05x30-a.pdf
2025-05-30,028,BOCA DE MAO (EMA),VALVERDE,MINISTERIO DE AGRICULTURA,EMAP,36.1,24.5,0.0,https://indomet.gob.do/wp-content/uploads/2025/06/temperaturas-extremas-y-precipitaciones-2025x05x30-a.pdf
2025-05-30,029,BONAO,MONSEÑOR NOUEL,MINISTERIO DE AGRICULTURA,EMCV,,,0.0,https://indomet.gob.do/wp-content/uploads/2025/06/temperaturas-extremas-y-precipitaciones-2025x05x30-a.pdf
2025-05-30,030,CABRERA,MARÍA TRINIDAD SÁNCHEZ,ESCUELA ARÍSTIDES FIALLO CABRAL,EMCO,33.5,25.0,0.0,https://indomet.gob.do/wp-content/uploads/2025/06/temperaturas-extremas-y-precipitaciones-2025x05x30-a.pdf
2025-05-30,031,CONSTANZA,LA VEGA,MINISTERIO DE AGRICULTURA,EMCO,29.3,16.6,0.0,https://indomet.gob.do/wp-content/uploads/2025/06/temperaturas-extremas-y-precipitaciones-2025x05x30-a.pdf
2025-05-30,032,CONSTANZA (EMA),LA VEGA,PROGRAMA MUNDIAL DE ALIMENTO,EMAP,27.9,15.9,0.0,https://indomet.gob.do/wp-content/uploads/2025/06/temperaturas-extremas-y-precipitaciones-2025x05x30-a.pdf
2025-05-30,033,DAJABÓN,DAJABÓN,INSTITUTO POLITÉCNICO LOYOLA,EMCO,36.1,21.7,0.0,https://indomet.gob.do/wp-content/uploads/2025/06/temperaturas-extremas-y-precipitaciones-2025x05x30-a.pdf
2025-05-30,034,EL FACTOR (EMA),MARÍA TRINIDAD SÁNCHEZ,INTEC,EMAP,32.6,23.7,0.0,https://indomet.gob.do/wp-content/uploads/2025/06/temperaturas-extremas-y-precipitaciones-2025x05x30-a.pdf
2025-05-30,035,ESCONDIDO,PERAVIA,MINISTERIO DE AGRICULTURA,EMCV,32.0,26.0,0.0,https://indomet.gob.do/wp-content/uploads/2025/06/temperaturas-extremas-y-precipitaciones-2025x05x30-a.pdf
2025-05-30,036,GASPAR HERNÁNDEZ,ESPAILLAT,PROPIEDAD DEL EMPLEADO,EMCO,,,0.0,https://indomet.gob.do/wp-content/uploads/2025/06/temperaturas-extremas-y-precipitaciones-2025x05x30-a.pdf
2025-05-30,037,GURABO,SANTIAGO,MINISTERIO DE AGRICULTURA,EMCV,,,0.0,https://indomet.gob.do/wp-content/uploads/2025/06/temperaturas-extremas-y-precipitaciones-2025x05x30-a.pdf
2025-05-30,038,HATO MAYOR,HATO MAYOR,MINISTERIO DE AGRICULTURA,EMCV,,,0.0,https://indomet.gob.do/wp-content/uploads/2025/06/temperaturas-extremas-y-precipitaciones-2025x05x30-a.pdf
2025-05-30,039,HONDO VALLE,ELÍAS PIÑA,MINISTERIO DE AGRICULTURA,EMCO,27.4,17.9,0.0,https://indomet.gob.do/wp-content/uploads/2025/06/temperaturas-extremas-y-precipitaciones-2025x05x30-a.pdf
2025-05-30,040,JARABACOA,LA VEGA,INDRHI / MARENA,EMCO,32.2,19.0,0.0,https://indomet.gob.do/wp-content/uploads/2025/06/temperaturas-extremas-y-precipitaciones-2025x05x30-a.pdf
2025-05-30,041,JARABACOA (EMA),LA VEGA,PROGRAMA MUNDIAL DE ALIMENTO,EMAP,31.2,19.6,0.0,https://indomet.gob.do/wp-content/uploads/2025/06/temperaturas-extremas-y-precipitaciones-2025x05x30-a.pdf
2025-05-30,042,JIMANÍ,INDEPENDENCIA,MINISTERIO DE AGRICULTURA,EMCO,35.5,25.5,0.0,https://indomet.gob.do/wp-content/uploads/2025/06/temperaturas-extremas-y-precipitaciones-2025x05x30-a.pdf
2025-05-30,043,JUMA BEJUCAL,MONSEÑOR NOUEL,IDIAF,EMCV,32.2,22.6,0.0,https://indomet.gob.do/wp-content/uploads/2025/06/temperaturas-extremas-y-precipitaciones-2025x05x30-a.pdf
2025-05-30,044,LA VEGA,LA VEGA,IATESA,EMCO,33.2,23.0,0.0,https://indomet.gob.do/wp-content/uploads/2025/06/temperaturas-extremas-y-precipitaciones-2025x05x30-a.pdf
2025-05-30,045,LA VICTORIA,SANTO DOMINGO,CUERPO DE BOMBEROS,EMCO,33.0,24.0,0.0,https://indomet.gob.do/wp-content/uploads/2025/06/temperaturas-extremas-y-precipitaciones-2025x05x30-a.pdf
2025-05-30,046,LAS CANAS (EMA),MONTE CRISTI,PROGRAMA MUNDIAL DE ALIMENTO,EMAP,30.4,24.4,0.0,https://indomet.gob.do/wp-content/uploads/2025/06/temperaturas-extremas-y-precipitaciones-2025x05x30-a.pdf
2025-05-30,047,LAS MATAS DE SANTA CRUZ (EMA,MONTE CRISTI,PROGRAMA MUNDIAL DE ALIMENTO,EMAP,33.7,23.6,0.0,https://indomet.gob.do/wp-content/uploads/2025/06/temperaturas-extremas-y-precipitaciones-2025x05x30-a.pdf
2025-05-30,048,LOS LLANOS,SAN PEDRO DE MACORÍS,MINISTERIO DE AGRICULTURA,EMCO,32.4,23.6,0.0,https://indomet.gob.do/wp-content/uploads/2025/06/temperaturas-extremas-y-precipitaciones-2025x05x30-a.pdf
2025-05-30,049,MAO,VALVERDE,INDRHI / MINISTERIO DE AGRICULTURA,EMCV,,,0.0,https://indomet.gob.do/wp-content/uploads/2025/06/temperaturas-extremas-y-precipitaciones-2025x05x30-a.pdf
2025-05-30,050,MONCIÓN (EMA),SANTIAGO RODRÍGUEZ,PROGRAMA MUNDIAL DE ALIMENTO,EMAP,32.8,21.4,0.0,https://indomet.gob.do/wp-content/uploads/2025/06/temperaturas-extremas-y-precipitaciones-2025x05x30-a.pdf
2025-05-30,051,MONTE CRISTI,MONTE CRISTI,ONAMET,EMCO,35.0,24.7,0.0,https://indomet.gob.do/wp-content/uploads/2025/06/temperaturas-extremas-y-precipitaciones-2025x05x30-a.pdf
2025-05-30,052,NAVARRETE,SANTIAGO,MINISTERIO DE AGRICULTURA,EMCV,,,0.0,https://indomet.gob.do/wp-content/uploads/2025/06/temperaturas-extremas-y-precipitaciones-2025x05x30-a.pdf
2025-05-30,053,OLIVARES,PEDERNALES,INDRHI,EMCO,,,0.0,https://indomet.gob.do/wp-content/uploads/2025/06/temperaturas-extremas-y-precipitaciones-2025x05x30-a.pdf
2025-05-30,054,PADRE LAS CASAS,AZUA,HOSP. NTRA. SRA. DEL CARMEN,EMCO,33.0,20.7,0.0,https://indomet.gob.do/wp-content/uploads/2025/06/temperaturas-extremas-y-precipitaciones-2025x05x30-a.pdf
2025-05-30,055,PALO ÍNDIO,PUERTO PLATA,MINISTERIO DE AGRICULTURA,EMCO,,,0.0,https://indomet.gob.do/wp-content/uploads/2025/06/temperaturas-extremas-y-precipitaciones-2025x05x30-a.pdf
2025-05-30,056,PEDERNALES,PEDERNALES,INDRHI,EMCO,,,0.0,https://indomet.gob.do/wp-content/uploads/2025/06/temperaturas-extremas-y-precipitaciones-2025x05x30-a.pdf
2025-05-30,057,PERALTA,AZUA,HOSP. MPAL. DE PERALTA,EMCO,31.6,18.9,0.0,https://indomet.gob.do/wp-content/uploads/2025/06/temperaturas-extremas-y-precipitaciones-2025x05x30-a.pdf
2025-05-30,058,PESCADERIA (EMA),BARAHONA,MINISTERIO DE AGRICULTURA,EMAP,33.7,24.9,0.0,https://indomet.gob.do/wp-content/uploads/2025/06/temperaturas-extremas-y-precipitaciones-2025x05x30-a.pdf
2025-05-30,059,PONTÓN ABAJO (EMA),LA VEGA,MINISTERIO DE AGRICULTURA,EMAP,35.7,23.7,0.0,https://indomet.gob.do/wp-content/uploads/2025/06/temperaturas-extremas-y-precipitaciones-2025x05x30-a.pdf
2025-05-30,060,PRESA DE TAVERAS (EMA),LA VEGA,PROGRAMA MUNDIAL DE ALIMENTO,EMAP,31.6,22.1,0.0,https://indomet.gob.do/wp-content/uploads/2025/06/temperaturas-extremas-y-precipitaciones-2025x05x30-a.pdf
2025-05-30,061,RESTAURACIÓN,DAJABÓN,MINISTERIO DE AGRICULTURA,EMCO,,18.9,0.0,https://indomet.gob.do/wp-content/uploads/2025/06/temperaturas-extremas-y-precipitaciones-2025x05x30-a.pdf
2025-05-30,062,RÍO SAN JUAN,MARÍA TRINIDAD SÁNCHEZ,HOSP. MPAL. DR. DESIDERIO ACOSTA,EMCV,34.0,25.4,0.0,https://indomet.gob.do/wp-content/uploads/2025/06/temperaturas-extremas-y-precipitaciones-2025x05x30-a.pdf
2025-05-30,063,SABANA GRANDE DE BOYÁ,MONTE PLATA,MINISTERIO DE AGRICULTURA,EMCV,,,0.0,https://indomet.gob.do/wp-content/uploads/2025/06/temperaturas-extremas-y-precipitaciones-2025x05x30-a.pdf
2025-05-30,064,SABANETA (EMA),SANTIAGO RODRÍGUEZ,PROGRAMA MUNDIAL DE ALIMENTO,EMAP,36.9,24.1,0.0,https://indomet.gob.do/wp-content/uploads/2025/06/temperaturas-extremas-y-precipitaciones-2025x05x30-a.pdf
2025-05-30,065,SALCEDO,HERMANAS MIRABAL,PROPIEDAD DEL EMPLEADO,EMCO,,,0.0,https://indomet.gob.do/wp-content/uploads/2025/06/temperaturas-extremas-y-precipitaciones-2025x05x30-a.pdf
2025-05-30,066,SAMANÁ,SAMANÁ,COMANDANCIA DE PUERTO DE SAMANÁ,EMCO,32.4,24.9,0.0,https://indomet.gob.do/wp-content/uploads/2025/06/temperaturas-extremas-y-precipitaciones-2025x05x30-a.pdf
2025-05-30,067,SAN JOSÉ DE OCOA,SAN JOSÉ DE OCOA,HOSP. SAN JOSÉ DE OCOA,EMCO,32.5,,0.0,https://indomet.gob.do/wp-content/uploads/2025/06/temperaturas-extremas-y-precipitaciones-2025x05x30-a.pdf
2025-05-30,068,SÁNCHEZ,SAMANÁ,MINISTERIO DE AGRICULTURA,EMCO,33.5,23.4,0.0,https://indomet.gob.do/wp-content/uploads/2025/06/temperaturas-extremas-y-precipitaciones-2025x05x30-a.pdf
2025-05-30,069,SANTIAGO RODRÍGUEZ,SANTIAGO RODRÍGUEZ,ONAMET,EMCO,36.8,24.5,0.0,https://indomet.gob.do/wp-content/uploads/2025/06/temperaturas-extremas-y-precipitaciones-2025x05x30-a.pdf
2025-05-30,070,TÁBARA ABAJO,AZUA,INDRHI,EMCO,35.9,20.5,0.0,https://indomet.gob.do/wp-content/uploads/2025/06/temperaturas-extremas-y-precipitaciones-2025x05x30-a.pdf
2025-05-30,071,TAMBORIL,SANTIAGO,MINISTERIO DE AGRICULTURA,EMCV,,,0.0,https://indomet.gob.do/wp-content/uploads/2025/06/temperaturas-extremas-y-precipitaciones-2025x05x30-a.pdf
2025-05-30,072,VILLA GONZALES,SANTIAGO,MINISTERIO DE AGRICULTURA,EMCO,,,0.0,https://indomet.gob.do/wp-content/uploads/2025/06/temperaturas-extremas-y-precipitaciones-2025x05x30-a.pdf
2025-05-30,073,VILLA ISABELA,PUERTO PLATA,MINISTERIO DE AGRICULTURA,EMCV,,,0.0,https://indomet.gob.do/wp-content/uploads/2025/06/temperaturas-extremas-y-precipitaciones-2025x05x30-a.pdf
2025-05-30,074,VILLA RIVA,DUARTE,HOSP. MPAL. ALICIA DE LEGENDRE,EMCO,32.2,22.7,0.0,https://indomet.gob.do/wp-content/uploads/2025/06/temperaturas-extremas-y-precipitaciones-2025x05x30-a.pdf
2025-05-31,001,DAJABÓN,DAJABÓN,INSTITUTO POLITÉCNICO LOYOLA,EMCO,34.5,19.4,44.3,https://indomet.gob.do/wp-content/uploads/2025/06/temperaturas-extremas-y-precipitaciones-2025x05x31-a.pdf
2025-05-31,002,LAS MATAS DE SANTA CRUZ (EMA,MONTE CRISTI,PROGRAMA MUNDIAL DE ALIMENTO,EMAP,34.6,23.3,29.2,https://indomet.gob.do/wp-content/uploads/2025/06/temperaturas-extremas-y-precipitaciones-2025x05x31-a.pdf
2025-05-31,003,MONCIÓN (EMA),SANTIAGO RODRÍGUEZ,PROGRAMA MUNDIAL DE ALIMENTO,EMAP,33.3,20.8,14.2,https://indomet.gob.do/wp-content/uploads/2025/06/temperaturas-extremas-y-precipitaciones-2025x05x31-a.pdf
2025-05-31,004,OVIEDO,PEDERNALES,CLÍNICA RURAL OVIEDO,EMCO,32.5,25.0,9.3,https://indomet.gob.do/wp-content/uploads/2025/06/temperaturas-extremas-y-precipitaciones-2025x05x31-a.pdf
2025-05-31,005,LOS TRES CHARCOS (EMA),PEDERNALES,PROPIEDAD DEL VOLUNTARIO,EMAP,32.8,24.9,5.4,https://indomet.gob.do/wp-content/uploads/2025/06/temperaturas-extremas-y-precipitaciones-2025x05x31-a.pdf
2025-05-31,006,CONSTANZA,LA VEGA,MINISTERIO DE AGRICULTURA,EMCO,28.6,12.7,4.5,https://indomet.gob.do/wp-content/uploads/2025/06/temperaturas-extremas-y-precipitaciones-2025x05x31-a.pdf
2025-05-31,007,CONSTANZA (EMA),LA VEGA,PROGRAMA MUNDIAL DE ALIMENTO,EMAP,27.6,13.1,3.8,https://indomet.gob.do/wp-content/uploads/2025/06/temperaturas-extremas-y-precipitaciones-2025x05x31-a.pdf
2025-05-31,008,ENRIQUILLO,BARAHONA,MINISTERIO DE AGRICULTURA,EMCV,32.5,26.0,1.2,https://indomet.gob.do/wp-content/uploads/2025/06/temperaturas-extremas-y-precipitaciones-2025x05x31-a.pdf
2025-05-31,009,SANTIAGO RODRÍGUEZ,SANTIAGO RODRÍGUEZ,ONAMET,EMCO,37.6,24.0,1.1,https://indomet.gob.do/wp-content/uploads/2025/06/temperaturas-extremas-y-precipitaciones-2025x05x31-a.pdf
2025-05-31,010,ESCONDIDO,PERAVIA,MINISTERIO DE AGRICULTURA,EMCV,32.0,25.0,0.8,https://indomet.gob.do/wp-content/uploads/2025/06/temperaturas-extremas-y-precipitaciones-2025x05x31-a.pdf
2025-05-31,011,SABANETA (EMA),SANTIAGO RODRÍGUEZ,PROGRAMA MUNDIAL DE ALIMENTO,EMAP,37.7,22.8,0.8,https://indomet.gob.do/wp-content/uploads/2025/06/temperaturas-extremas-y-precipitaciones-2025x05x31-a.pdf
2025-05-31,012,PESCADERIA (EMA),BARAHONA,MINISTERIO DE AGRICULTURA,EMAP,31.7,27.3,0.6,https://indomet.gob.do/wp-content/uploads/2025/06/temperaturas-extremas-y-precipitaciones-2025x05x31-a.pdf
2025-05-31,013,SANTO DOMINGO ESTE,SANTO DOMINGO,ONAMET,EMCO,34.6,26.0,0.6,https://indomet.gob.do/wp-content/uploads/2025/06/temperaturas-extremas-y-precipitaciones-2025x05x31-a.pdf
2025-05-31,014,POLO,BARAHONA,INDOCAFE,EMCO,29.2,17.6,0.5,https://indomet.gob.do/wp-content/uploads/2025/06/temperaturas-extremas-y-precipitaciones-2025x05x31-a.pdf
2025-05-31,015,CABRAL,BARAHONA,MINISTERIO DE AGRICULTURA,EMCV,34.8,,0.3,https://indomet.gob.do/wp-content/uploads/2025/06/temperaturas-extremas-y-precipitaciones-2025x05x31-a.pdf
2025-05-31,016,BANI (EMA),PERAVIA,MINISTERIO DE AGRICULTURA,EMAP,31.8,25.9,0.2,https://indomet.gob.do/wp-content/uploads/2025/06/temperaturas-extremas-y-precipitaciones-2025x05x31-a.pdf
2025-05-31,017,ARPT. DE LAS AMÉRICAS,SANTO DOMINGO,ONAMET,EMCO,31.3,23.0,0.1,https://indomet.gob.do/wp-content/uploads/2025/06/temperaturas-extremas-y-precipitaciones-2025x05x31-a.pdf
2025-05-31,018,SAN RAFAEL DEL YUMA,LA ALTAGRACIA,MINISTERIO DE AGRICULTURA,EMCO,33.3,24.5,0.1,https://indomet.gob.do/wp-content/uploads/2025/06/temperaturas-extremas-y-precipitaciones-2025x05x31-a.pdf
2025-05-31,019,ALTAMIRA,PUERTO PLATA,HOSP. MPAL. DE ALTAMIRA,EMCO,35.8,22.4,0.0,https://indomet.gob.do/wp-content/uploads/2025/06/temperaturas-extremas-y-precipitaciones-2025x05x31-a.pdf
2025-05-31,020,ANAMUYA (EMA),LA ALTAGRACIA,MINISTERIO DE AGRICULTURA,EMAP,32.7,25.2,0.0,https://indomet.gob.do/wp-content/uploads/2025/06/temperaturas-extremas-y-precipitaciones-2025x05x31-a.pdf
2025-05-31,021,ARPT. ARROYO BARRIL,SAMANÁ,ONAMET,EMCO,33.0,24.5,0.0,https://indomet.gob.do/wp-content/uploads/2025/06/temperaturas-extremas-y-precipitaciones-2025x05x31-a.pdf
2025-05-31,022,ARPT. DE LA ROMANA,LA ROMANA,ONAMET,EMCO,32.6,23.5,0.0,https://indomet.gob.do/wp-content/uploads/2025/06/temperaturas-extremas-y-precipitaciones-2025x05x31-a.pdf
2025-05-31,023,ARPT. DE PUNTA CANA,LA ALTAGRACIA,ONAMET,EMCO,31.5,25.2,0.0,https://indomet.gob.do/wp-content/uploads/2025/06/temperaturas-extremas-y-precipitaciones-2025x05x31-a.pdf
2025-05-31,024,ARPT. DEL CIBAO,SANTIAGO,ONAMET,EMCO,35.8,23.6,0.0,https://indomet.gob.do/wp-content/uploads/2025/06/temperaturas-extremas-y-precipitaciones-2025x05x31-a.pdf
2025-05-31,025,ARPT. EL CATEY,SAMANÁ,ONAMET,EMCO,32.6,23.0,0.0,https://indomet.gob.do/wp-content/uploads/2025/06/temperaturas-extremas-y-precipitaciones-2025x05x31-a.pdf
2025-05-31,026,ARPT. GREGORIO LUPERÓN,PUERTO PLATA,ONAMET,EMCO,35.2,23.4,0.0,https://indomet.gob.do/wp-content/uploads/2025/06/temperaturas-extremas-y-precipitaciones-2025x05x31-a.pdf
2025-05-31,027,ARPT. LA ISABELA,SANTO DOMINGO,ONAMET,EMCO,33.0,22.5,0.0,https://indomet.gob.do/wp-content/uploads/2025/06/temperaturas-extremas-y-precipitaciones-2025x05x31-a.pdf
2025-05-31,028,ARPT. MARÍA MONTEZ,BARAHONA,ONAMET,EMCO,32.5,25.2,0.0,https://indomet.gob.do/wp-content/uploads/2025/06/temperaturas-extremas-y-precipitaciones-2025x05x31-a.pdf
2025-05-31,029,ARROYO LORO,SAN JUAN,IDIAF,EMCO,32.9,21.6,0.0,https://indomet.gob.do/wp-content/uploads/2025/06/temperaturas-extremas-y-precipitaciones-2025x05x31-a.pdf
2025-05-31,030,BAYAGUANA,MONTE PLATA,ONAMET,EMCO,33.6,22.8,0.0,https://indomet.gob.do/wp-content/uploads/2025/06/temperaturas-extremas-y-precipitaciones-2025x05x31-a.pdf
2025-05-31,031,BOCA DE MAO (EMA),VALVERDE,MINISTERIO DE AGRICULTURA,EMAP,38.2,22.2,0.0,https://indomet.gob.do/wp-content/uploads/2025/06/temperaturas-extremas-y-precipitaciones-2025x05x31-a.pdf
2025-05-31,032,BONAO,MONSEÑOR NOUEL,MINISTERIO DE AGRICULTURA,EMCV,,,0.0,https://indomet.gob.do/wp-content/uploads/2025/06/temperaturas-extremas-y-precipitaciones-2025x05x31-a.pdf
2025-05-31,033,CABRERA,MARÍA TRINIDAD SÁNCHEZ,ESCUELA ARÍSTIDES FIALLO CABRAL,EMCO,33.6,25.6,0.0,https://indomet.gob.do/wp-content/uploads/2025/06/temperaturas-extremas-y-precipitaciones-2025x05x31-a.pdf
2025-05-31,034,CENTRO DE LOS HEROES (EMA),DISTRITO NACIONAL,MINISTERIO DE ENERGIA Y MINA,EMAP,31.7,27.3,0.0,https://indomet.gob.do/wp-content/uploads/2025/06/temperaturas-extremas-y-precipitaciones-2025x05x31-a.pdf
2025-05-31,035,EL FACTOR (EMA),MARÍA TRINIDAD SÁNCHEZ,INTEC,EMAP,34.9,24.1,0.0,https://indomet.gob.do/wp-content/uploads/2025/06/temperaturas-extremas-y-precipitaciones-2025x05x31-a.pdf
2025-05-31,036,ELÍAS PIÑA,ELÍAS PIÑA,MINISTERIO DE AGRICULTURA,EMCV,,,0.0,https://indomet.gob.do/wp-content/uploads/2025/06/temperaturas-extremas-y-precipitaciones-2025x05x31-a.pdf
2025-05-31,037,GASPAR HERNÁNDEZ,ESPAILLAT,PROPIEDAD DEL EMPLEADO,EMCO,,,0.0,https://indomet.gob.do/wp-content/uploads/2025/06/temperaturas-extremas-y-precipitaciones-2025x05x31-a.pdf
2025-05-31,038,GURABO,SANTIAGO,MINISTERIO DE AGRICULTURA,EMCV,,,0.0,https://indomet.gob.do/wp-content/uploads/2025/06/temperaturas-extremas-y-precipitaciones-2025x05x31-a.pdf
2025-05-31,039,HATO MAYOR,HATO MAYOR,MINISTERIO DE AGRICULTURA,EMCV,,,0.0,https://indomet.gob.do/wp-content/uploads/2025/06/temperaturas-extremas-y-precipitaciones-2025x05x31-a.pdf
2025-05-31,040,JARABACOA,LA VEGA,INDRHI / MARENA,EMCO,34.0,17.0,0.0,https://indomet.gob.do/wp-content/uploads/2025/06/temperaturas-extremas-y-precipitaciones-2025x05x31-a.pdf
2025-05-31,041,JARABACOA (EMA),LA VEGA,PROGRAMA MUNDIAL DE ALIMENTO,EMAP,32.8,18.1,0.0,https://indomet.gob.do/wp-content/uploads/2025/06/temperaturas-extremas-y-precipitaciones-2025x05x31-a.pdf
2025-05-31,042,JIMANÍ,INDEPENDENCIA,MINISTERIO DE AGRICULTURA,EMCO,35.4,25.4,0.0,https://indomet.gob.do/wp-content/uploads/2025/06/temperaturas-extremas-y-precipitaciones-2025x05x31-a.pdf
2025-05-31,043,JUMA BEJUCAL,MONSEÑOR NOUEL,IDIAF,EMCV,31.8,22.2,0.0,https://indomet.gob.do/wp-content/uploads/2025/06/temperaturas-extremas-y-precipitaciones-2025x05x31-a.pdf
2025-05-31,044,LA VEGA,LA VEGA,IATESA,EMCO,34.0,21.5,0.0,https://indomet.gob.do/wp-content/uploads/2025/06/temperaturas-extremas-y-precipitaciones-2025x05x31-a.pdf
2025-05-31,045,LA VICTORIA,SANTO DOMINGO,CUERPO DE BOMBEROS,EMCO,34.5,25.0,0.0,https://indomet.gob.do/wp-content/uploads/2025/06/temperaturas-extremas-y-precipitaciones-2025x05x31-a.pdf
2025-05-31,046,LAS CANAS (EMA),MONTE CRISTI,PROGRAMA MUNDIAL DE ALIMENTO,EMAP,32.1,22.6,0.0,https://indomet.gob.do/wp-content/uploads/2025/06/temperaturas-extremas-y-precipitaciones-2025x05x31-a.pdf
2025-05-31,047,LOS LLANOS,SAN PEDRO DE MACORÍS,MINISTERIO DE AGRICULTURA,EMCO,34.2,24.5,0.0,https://indomet.gob.do/wp-content/uploads/2025/06/temperaturas-extremas-y-precipitaciones-2025x05x31-a.pdf
2025-05-31,048,MAO,VALVERDE,INDRHI / MINISTERIO DE AGRICULTURA,EMCV,,,0.0,https://indomet.gob.do/wp-content/uploads/2025/06/temperaturas-extremas-y-precipitaciones-2025x05x31-a.pdf
2025-05-31,049,MONTE CRISTI,MONTE CRISTI,ONAMET,EMCO,36.5,26.0,0.0,https://indomet.gob.do/wp-content/uploads/2025/06/temperaturas-extremas-y-precipitaciones-2025x05x31-a.pdf
2025-05-31,050,OLIVARES,PEDERNALES,INDRHI,EMCO,,,0.0,https://indomet.gob.do/wp-content/uploads/2025/06/temperaturas-extremas-y-precipitaciones-2025x05x31-a.pdf
2025-05-31,051,PADRE LAS CASAS,AZUA,HOSP. NTRA. SRA. DEL CARMEN,EMCO,32.7,20.0,0.0,https://indomet.gob.do/wp-content/uploads/2025/06/temperaturas-extremas-y-precipitaciones-2025x05x31-a.pdf
2025-05-31,052,PALO ÍNDIO,PUERTO PLATA,MINISTERIO DE AGRICULTURA,EMCO,,,0.0,https://indomet.gob.do/wp-content/uploads/2025/06/temperaturas-extremas-y-precipitaciones-2025x05x31-a.pdf
2025-05-31,053,PEDERNALES,PEDERNALES,INDRHI,EMCO,,,0.0,https://indomet.gob.do/wp-content/uploads/2025/06/temperaturas-extremas-y-precipitaciones-2025x05x31-a.pdf
2025-05-31,054,PERALTA,AZUA,HOSP. MPAL. DE PERALTA,EMCO,31.0,17.7,0.0,https://indomet.gob.do/wp-content/uploads/2025/06/temperaturas-extremas-y-precipitaciones-2025x05x31-a.pdf
2025-05-31,055,PONTÓN ABAJO (EMA),LA VEGA,MINISTERIO DE AGRICULTURA,EMAP,36.6,22.1,0.0,https://indomet.gob.do/wp-content/uploads/2025/06/temperaturas-extremas-y-precipitaciones-2025x05x31-a.pdf
2025-05-31,056,PRESA DE TAVERAS (EMA),LA VEGA,PROGRAMA MUNDIAL DE ALIMENTO,EMAP,31.6,20.3,0.0,https://indomet.gob.do/wp-content/uploads/2025/06/temperaturas-extremas-y-precipitaciones-2025x05x31-a.pdf
2025-05-31,057,RANCHO ARRIBA,SAN JOSÉ DE OCOA,CENTRO TECNOLÓGICO COMUNITARIO,EMCO,31.0,16.4,0.0,https://indomet.gob.do/wp-content/uploads/2025/06/temperaturas-extremas-y-precipitaciones-2025x05x31-a.pdf
2025-05-31,058,RÍO SAN JUAN,MARÍA TRINIDAD SÁNCHEZ,HOSP. MPAL. DR. DESIDERIO ACOSTA,EMCV,35.5,25.8,0.0,https://indomet.gob.do/wp-content/uploads/2025/06/temperaturas-extremas-y-precipitaciones-2025x05x31-a.pdf
2025-05-31,059,SABANA DE LA MAR,HATO MAYOR,ONAMET,EMCO,34.0,24.0,0.0,https://indomet.gob.do/wp-content/uploads/2025/06/temperaturas-extremas-y-precipitaciones-2025x05x31-a.pdf
2025-05-31,060,SABANA GRANDE DE BOYÁ,MONTE PLATA,MINISTERIO DE AGRICULTURA,EMCV,,,0.0,https://indomet.gob.do/wp-content/uploads/2025/06/temperaturas-extremas-y-precipitaciones-2025x05x31-a.pdf
2025-05-31,061,SALCEDO,HERMANAS MIRABAL,PROPIEDAD DEL EMPLEADO,EMCO,,,0.0,https://indomet.gob.do/wp-content/uploads/2025/06/temperaturas-extremas-y-precipitaciones-2025x05x31-a.pdf
2025-05-31,062,SAMANÁ,SAMANÁ,COMANDANCIA DE PUERTO DE SAMANÁ,EMCO,34.4,25.0,0.0,https://indomet.gob.do/wp-content/uploads/2025/06/temperaturas-extremas-y-precipitaciones-2025x05x31-a.pdf
2025-05-31,063,SAN CRISTÓBAL,SAN CRISTÓBAL,INSTITUTO POLITÉCNICO LOYOLA,EMCO,32.2,24.2,0.0,https://indomet.gob.do/wp-content/uploads/2025/06/temperaturas-extremas-y-precipitaciones-2025x05x31-a.pdf
2025-05-31,064,SAN JOSÉ DE OCOA,SAN JOSÉ DE OCOA,HOSP. SAN JOSÉ DE OCOA,EMCO,33.4,,0.0,https://indomet.gob.do/wp-content/uploads/2025/06/temperaturas-extremas-y-precipitaciones-2025x05x31-a.pdf
2025-05-31,065,SÁNCHEZ,SAMANÁ,MINISTERIO DE AGRICULTURA,EMCO,34.2,24.0,0.0,https://indomet.gob.do/wp-content/uploads/2025/06/temperaturas-extremas-y-precipitaciones-2025x05x31-a.pdf
2025-05-31,066,TÁBARA ABAJO,AZUA,INDRHI,EMCO,34.9,20.0,0.0,https://indomet.gob.do/wp-content/uploads/2025/06/temperaturas-extremas-y-precipitaciones-2025x05x31-a.pdf
2025-05-31,067,TAMBORIL,SANTIAGO,MINISTERIO DE AGRICULTURA,EMCV,,,0.0,https://indomet.gob.do/wp-content/uploads/2025/06/temperaturas-extremas-y-precipitaciones-2025x05x31-a.pdf
2025-05-31,068,VILLA ALTAGRACIA,SAN CRISTÓBAL,ESCUELA JAVIER ANGULO GURIDI,EMCO,,,0.0,https://indomet.gob.do/wp-content/uploads/2025/06/temperaturas-extremas-y-precipitaciones-2025x05x31-a.pdf
2025-05-31,069,VILLA GONZALES,SANTIAGO,MINISTERIO DE AGRICULTURA,EMCO,,,0.0,https://indomet.gob.do/wp-content/uploads/2025/06/temperaturas-extremas-y-precipitaciones-2025x05x31-a.pdf
2025-05-31,070,VILLA ISABELA,PUERTO PLATA,MINISTERIO DE AGRICULTURA,EMCV,,,0.0,https://indomet.gob.do/wp-content/uploads/2025/06/temperaturas-extremas-y-precipitaciones-2025x05x31-a.pdf
2025-05-31,071,VILLA RIVA,DUARTE,HOSP. MPAL. ALICIA DE LEGENDRE,EMCO,35.0,24.0,0.0,https://indomet.gob.do/wp-content/uploads/2025/06/temperaturas-extremas-y-precipitaciones-2025x05x31-a.pdf
2025-05-31,072,ALTO BANDERA (EMA),LA VEGA,INTEC,EMAP,18.9,10.9,0.0,https://indomet.gob.do/wp-content/uploads/2025/06/temperaturas-extremas-y-precipitaciones-2025x05x31-a.pdf
2025-06-01,001,CABRAL,BARAHONA,MINISTERIO DE AGRICULTURA,EMCV,33.5,,29.2,https://indomet.gob.do/wp-content/uploads/2025/06/temperaturas-extremas-y-precipitaciones-2025x06x01-a.pdf
2025-06-01,002,POLO,BARAHONA,INDOCAFE,EMCO,29.3,18.5,17.6,https://indomet.gob.do/wp-content/uploads/2025/06/temperaturas-extremas-y-precipitaciones-2025x06x01-a.pdf
2025-06-01,003,LOS TRES CHARCOS (EMA),PEDERNALES,PROPIEDAD DEL VOLUNTARIO,EMAP,31.8,26.1,13.4,https://indomet.gob.do/wp-content/uploads/2025/06/temperaturas-extremas-y-precipitaciones-2025x06x01-a.pdf
2025-06-01,004,PESCADERIA (EMA),BARAHONA,MINISTERIO DE AGRICULTURA,EMAP,32.9,25.6,9.8,https://indomet.gob.do/wp-content/uploads/2025/06/temperaturas-extremas-y-precipitaciones-2025x06x01-a.pdf
2025-06-01,005,ARPT. MARÍA MONTEZ,BARAHONA,ONAMET,EMCO,33.0,25.0,7.4,https://indomet.gob.do/wp-content/uploads/2025/06/temperaturas-extremas-y-precipitaciones-2025x06x01-a.pdf
2025-06-01,006,ENRIQUILLO,BARAHONA,MINISTERIO DE AGRICULTURA,EMCV,32.8,25.5,5.8,https://indomet.gob.do/wp-content/uploads/2025/06/temperaturas-extremas-y-precipitaciones-2025x06x01-a.pdf
2025-06-01,007,JARDÍN BOTÁNICO NACIONAL,DISTRITO NACIONAL,JARDÍN BOTÁNICO NACIONAL,EMCV,32.8,20.0,3.8,https://indomet.gob.do/wp-content/uploads/2025/06/temperaturas-extremas-y-precipitaciones-2025x06x01-a.pdf
2025-06-01,008,OVIEDO,PEDERNALES,CLÍNICA RURAL OVIEDO,EMCO,32.5,25.5,3.0,https://indomet.gob.do/wp-content/uploads/2025/06/temperaturas-extremas-y-precipitaciones-2025x06x01-a.pdf
2025-06-01,009,SABANETA (EMA),SANTIAGO RODRÍGUEZ,PROGRAMA MUNDIAL DE ALIMENTO,EMAP,37.4,23.8,1.8,https://indomet.gob.do/wp-content/uploads/2025/06/temperaturas-extremas-y-precipitaciones-2025x06x01-a.pdf
2025-06-01,010,SANTIAGO RODRÍGUEZ,SANTIAGO RODRÍGUEZ,ONAMET,EMCO,34.4,25.6,1.5,https://indomet.gob.do/wp-content/uploads/2025/06/temperaturas-extremas-y-precipitaciones-2025x06x01-a.pdf
2025-06-01,011,SANTO DOMINGO ESTE,SANTO DOMINGO,ONAMET,EMCO,34.4,25.6,1.5,https://indomet.gob.do/wp-content/uploads/2025/06/temperaturas-extremas-y-precipitaciones-2025x06x01-a.pdf
2025-06-01,012,VILLA ALTAGRACIA,SAN CRISTÓBAL,ESCUELA JAVIER ANGULO GURIDI,EMCO,,,1.5,https://indomet.gob.do/wp-content/uploads/2025/06/temperaturas-extremas-y-precipitaciones-2025x06x01-a.pdf
2025-06-01,013,ESCONDIDO,PERAVIA,MINISTERIO DE AGRICULTURA,EMCV,33.0,24.0,0.5,https://indomet.gob.do/wp-content/uploads/2025/06/temperaturas-extremas-y-precipitaciones-2025x06x01-a.pdf
2025-06-01,014,LA VICTORIA,SANTO DOMINGO,CUERPO DE BOMBEROS,EMCO,34.0,24.5,0.1,https://indomet.gob.do/wp-content/uploads/2025/06/temperaturas-extremas-y-precipitaciones-2025x06x01-a.pdf
2025-06-01,015,ALTAMIRA,PUERTO PLATA,HOSP. MPAL. DE ALTAMIRA,EMCO,36.2,22.5,0.0,https://indomet.gob.do/wp-content/uploads/2025/06/temperaturas-extremas-y-precipitaciones-2025x06x01-a.pdf
2025-06-01,016,ALTO BANDERA (EMA),LA VEGA,INTEC,EMAP,17.7,8.2,0.0,https://indomet.gob.do/wp-content/uploads/2025/06/temperaturas-extremas-y-precipitaciones-2025x06x01-a.pdf
2025-06-01,017,ANAMUYA (EMA),LA ALTAGRACIA,MINISTERIO DE AGRICULTURA,EMAP,32.4,24.7,0.0,https://indomet.gob.do/wp-content/uploads/2025/06/temperaturas-extremas-y-precipitaciones-2025x06x01-a.pdf
2025-06-01,018,ARPT. ARROYO BARRIL,SAMANÁ,ONAMET,EMCO,33.5,24.5,0.0,https://indomet.gob.do/wp-content/uploads/2025/06/temperaturas-extremas-y-precipitaciones-2025x06x01-a.pdf
2025-06-01,019,ARPT. DE LA ROMANA,LA ROMANA,ONAMET,EMCO,32.1,23.5,0.0,https://indomet.gob.do/wp-content/uploads/2025/06/temperaturas-extremas-y-precipitaciones-2025x06x01-a.pdf
2025-06-01,020,ARPT. DE LAS AMÉRICAS,SANTO DOMINGO,ONAMET,EMCO,32.4,24.1,0.0,https://indomet.gob.do/wp-content/uploads/2025/06/temperaturas-extremas-y-precipitaciones-2025x06x01-a.pdf
2025-06-01,021,ARPT. DE PUNTA CANA,LA ALTAGRACIA,ONAMET,EMCO,32.0,25.5,0.0,https://indomet.gob.do/wp-content/uploads/2025/06/temperaturas-extremas-y-precipitaciones-2025x06x01-a.pdf
2025-06-01,022,ARPT. DEL CIBAO,SANTIAGO,ONAMET,EMCO,34.9,23.6,0.0,https://indomet.gob.do/wp-content/uploads/2025/06/temperaturas-extremas-y-precipitaciones-2025x06x01-a.pdf
2025-06-01,023,ARPT. EL CATEY,SAMANÁ,ONAMET,EMCO,33.0,23.5,0.0,https://indomet.gob.do/wp-content/uploads/2025/06/temperaturas-extremas-y-precipitaciones-2025x06x01-a.pdf
2025-06-01,024,ARPT. GREGORIO LUPERÓN,PUERTO PLATA,ONAMET,EMCO,36.0,24.0,0.0,https://indomet.gob.do/wp-content/uploads/2025/06/temperaturas-extremas-y-precipitaciones-2025x06x01-a.pdf
2025-06-01,025,ARPT. LA ISABELA,SANTO DOMINGO,ONAMET,EMCO,33.5,23.0,0.0,https://indomet.gob.do/wp-content/uploads/2025/06/temperaturas-extremas-y-precipitaciones-2025x06x01-a.pdf
2025-06-01,026,ARROYO LORO,SAN JUAN,IDIAF,EMCO,33.6,20.5,0.0,https://indomet.gob.do/wp-content/uploads/2025/06/temperaturas-extremas-y-precipitaciones-2025x06x01-a.pdf
2025-06-01,027,BASE AÉREA DE SAN ISIDRO,SANTO DOMINGO,FUERZA AÉREA DOMINICANA,EMCV,30.6,23.2,0.0,https://indomet.gob.do/wp-content/uploads/2025/06/temperaturas-extremas-y-precipitaciones-2025x06x01-a.pdf
2025-06-01,028,BAYAGUANA,MONTE PLATA,ONAMET,EMCO,33.5,23.4,0.0,https://indomet.gob.do/wp-content/uploads/2025/06/temperaturas-extremas-y-precipitaciones-2025x06x01-a.pdf
2025-06-01,029,BOCA DE MAO (EMA),VALVERDE,MINISTERIO DE AGRICULTURA,EMAP,37.7,24.2,0.0,https://indomet.gob.do/wp-content/uploads/2025/06/temperaturas-extremas-y-precipitaciones-2025x06x01-a.pdf
2025-06-01,030,BOHECHÍO,SAN JUAN,MINISTERIO DE AGRICULTURA,EMCV,,,0.0,https://indomet.gob.do/wp-content/uploads/2025/06/temperaturas-extremas-y-precipitaciones-2025x06x01-a.pdf
2025-06-01,031,BONAO,MONSEÑOR NOUEL,MINISTERIO DE AGRICULTURA,EMCV,,,0.0,https://indomet.gob.do/wp-content/uploads/2025/06/temperaturas-extremas-y-precipitaciones-2025x06x01-a.pdf
2025-06-01,032,CABRERA,MARÍA TRINIDAD SÁNCHEZ,ESCUELA ARÍSTIDES FIALLO CABRAL,EMCO,34.0,26.2,0.0,https://indomet.gob.do/wp-content/uploads/2025/06/temperaturas-extremas-y-precipitaciones-2025x06x01-a.pdf
2025-06-01,033,CENTRO DE LOS HEROES (EMA),DISTRITO NACIONAL,MINISTERIO DE ENERGIA Y MINA,EMAP,31.0,27.2,0.0,https://indomet.gob.do/wp-content/uploads/2025/06/temperaturas-extremas-y-precipitaciones-2025x06x01-a.pdf
2025-06-01,034,CONSTANZA,LA VEGA,MINISTERIO DE AGRICULTURA,EMCO,29.8,15.2,0.0,https://indomet.gob.do/wp-content/uploads/2025/06/temperaturas-extremas-y-precipitaciones-2025x06x01-a.pdf
2025-06-01,035,CONSTANZA (EMA),LA VEGA,PROGRAMA MUNDIAL DE ALIMENTO,EMAP,28.2,15.6,0.0,https://indomet.gob.do/wp-content/uploads/2025/06/temperaturas-extremas-y-precipitaciones-2025x06x01-a.pdf
2025-06-01,036,DAJABÓN,DAJABÓN,INSTITUTO POLITÉCNICO LOYOLA,EMCO,35.0,20.0,0.0,https://indomet.gob.do/wp-content/uploads/2025/06/temperaturas-extremas-y-precipitaciones-2025x06x01-a.pdf
2025-06-01,037,EL FACTOR (EMA),MARÍA TRINIDAD SÁNCHEZ,INTEC,EMAP,34.7,23.8,0.0,https://indomet.gob.do/wp-content/uploads/2025/06/temperaturas-extremas-y-precipitaciones-2025x06x01-a.pdf
2025-06-01,038,ELÍAS PIÑA,ELÍAS PIÑA,MINISTERIO DE AGRICULTURA,EMCV,,,0.0,https://indomet.gob.do/wp-content/uploads/2025/06/temperaturas-extremas-y-precipitaciones-2025x06x01-a.pdf
2025-06-01,039,GASPAR HERNÁNDEZ,ESPAILLAT,PROPIEDAD DEL EMPLEADO,EMCO,,,0.0,https://indomet.gob.do/wp-content/uploads/2025/06/temperaturas-extremas-y-precipitaciones-2025x06x01-a.pdf
2025-06-01,040,GURABO,SANTIAGO,MINISTERIO DE AGRICULTURA,EMCV,,,0.0,https://indomet.gob.do/wp-content/uploads/2025/06/temperaturas-extremas-y-precipitaciones-2025x06x01-a.pdf
2025-06-01,041,HATO MAYOR,HATO MAYOR,MINISTERIO DE AGRICULTURA,EMCV,,,0.0,https://indomet.gob.do/wp-content/uploads/2025/06/temperaturas-extremas-y-precipitaciones-2025x06x01-a.pdf
2025-06-01,042,HONDO VALLE,ELÍAS PIÑA,MINISTERIO DE AGRICULTURA,EMCO,27.3,15.5,0.0,https://indomet.gob.do/wp-content/uploads/2025/06/temperaturas-extremas-y-precipitaciones-2025x06x01-a.pdf
2025-06-01,043,JARABACOA,LA VEGA,INDRHI / MARENA,EMCO,33.4,18.6,0.0,https://indomet.gob.do/wp-content/uploads/2025/06/temperaturas-extremas-y-precipitaciones-2025x06x01-a.pdf
2025-06-01,044,JARABACOA (EMA),LA VEGA,PROGRAMA MUNDIAL DE ALIMENTO,EMAP,32.4,18.9,0.0,https://indomet.gob.do/wp-content/uploads/2025/06/temperaturas-extremas-y-precipitaciones-2025x06x01-a.pdf
2025-06-01,045,JIMANÍ,INDEPENDENCIA,MINISTERIO DE AGRICULTURA,EMCO,30.5,26.0,0.0,https://indomet.gob.do/wp-content/uploads/2025/06/temperaturas-extremas-y-precipitaciones-2025x06x01-a.pdf
2025-06-01,046,JUMA BEJUCAL,MONSEÑOR NOUEL,IDIAF,EMCV,32.4,22.8,0.0,https://indomet.gob.do/wp-content/uploads/2025/06/temperaturas-extremas-y-precipitaciones-2025x06x01-a.pdf
2025-06-01,047,LA VEGA,LA VEGA,IATESA,EMCO,34.0,23.5,0.0,https://indomet.gob.do/wp-content/uploads/2025/06/temperaturas-extremas-y-precipitaciones-2025x06x01-a.pdf
2025-06-01,048,LAS CANAS (EMA),MONTE CRISTI,PROGRAMA MUNDIAL DE ALIMENTO,EMAP,32.1,24.5,0.0,https://indomet.gob.do/wp-content/uploads/2025/06/temperaturas-extremas-y-precipitaciones-2025x06x01-a.pdf
2025-06-01,049,LAS MATAS DE SANTA CRUZ (EMA,MONTE CRISTI,PROGRAMA MUNDIAL DE ALIMENTO,EMAP,36.5,24.2,0.0,https://indomet.gob.do/wp-content/uploads/2025/06/temperaturas-extremas-y-precipitaciones-2025x06x01-a.pdf
2025-06-01,050,LOS LLANOS,SAN PEDRO DE MACORÍS,MINISTERIO DE AGRICULTURA,EMCO,33.2,24.5,0.0,https://indomet.gob.do/wp-content/uploads/2025/06/temperaturas-extremas-y-precipitaciones-2025x06x01-a.pdf
2025-06-01,051,MAO,VALVERDE,INDRHI / MINISTERIO DE AGRICULTURA,EMCV,,,0.0,https://indomet.gob.do/wp-content/uploads/2025/06/temperaturas-extremas-y-precipitaciones-2025x06x01-a.pdf
2025-06-01,052,MONCIÓN (EMA),SANTIAGO RODRÍGUEZ,PROGRAMA MUNDIAL DE ALIMENTO,EMAP,34.3,21.5,0.0,https://indomet.gob.do/wp-content/uploads/2025/06/temperaturas-extremas-y-precipitaciones-2025x06x01-a.pdf
2025-06-01,053,MONTE CRISTI,MONTE CRISTI,ONAMET,EMCO,36.0,24.0,0.0,https://indomet.gob.do/wp-content/uploads/2025/06/temperaturas-extremas-y-precipitaciones-2025x06x01-a.pdf
2025-06-01,054,NAVARRETE,SANTIAGO,MINISTERIO DE AGRICULTURA,EMCV,,,0.0,https://indomet.gob.do/wp-content/uploads/2025/06/temperaturas-extremas-y-precipitaciones-2025x06x01-a.pdf
2025-06-01,055,OLIVARES,PEDERNALES,INDRHI,EMCO,,,0.0,https://indomet.gob.do/wp-content/uploads/2025/06/temperaturas-extremas-y-precipitaciones-2025x06x01-a.pdf
2025-06-01,056,PADRE LAS CASAS,AZUA,HOSP. NTRA. SRA. DEL CARMEN,EMCO,32.8,20.7,0.0,https://indomet.gob.do/wp-content/uploads/2025/06/temperaturas-extremas-y-precipitaciones-2025x06x01-a.pdf
2025-06-01,057,PALO ÍNDIO,PUERTO PLATA,MINISTERIO DE AGRICULTURA,EMCO,,,0.0,https://indomet.gob.do/wp-content/uploads/2025/06/temperaturas-extremas-y-precipitaciones-2025x06x01-a.pdf
2025-06-01,058,PEDERNALES,PEDERNALES,INDRHI,EMCO,,,0.0,https://indomet.gob.do/wp-content/uploads/2025/06/temperaturas-extremas-y-precipitaciones-2025x06x01-a.pdf
2025-06-01,059,PERALTA,AZUA,HOSP. MPAL. DE PERALTA,EMCO,32.4,19.0,0.0,https://indomet.gob.do/wp-content/uploads/2025/06/temperaturas-extremas-y-precipitaciones-2025x06x01-a.pdf
2025-06-01,060,PONTÓN ABAJO (EMA),LA VEGA,MINISTERIO DE AGRICULTURA,EMAP,35.8,24.8,0.0,https://indomet.gob.do/wp-content/uploads/2025/06/temperaturas-extremas-y-precipitaciones-2025x06x01-a.pdf
2025-06-01,061,PRESA DE TAVERAS (EMA),LA VEGA,PROGRAMA MUNDIAL DE ALIMENTO,EMAP,31.6,25.7,0.0,https://indomet.gob.do/wp-content/uploads/2025/06/temperaturas-extremas-y-precipitaciones-2025x06x01-a.pdf
2025-06-01,062,RANCHO ARRIBA,SAN JOSÉ DE OCOA,CENTRO TECNOLÓGICO COMUNITARIO,EMCO,31.1,18.7,0.0,https://indomet.gob.do/wp-content/uploads/2025/06/temperaturas-extremas-y-precipitaciones-2025x06x01-a.pdf
2025-06-01,063,RESTAURACIÓN,DAJABÓN,MINISTERIO DE AGRICULTURA,EMCO,,17.5,0.0,https://indomet.gob.do/wp-content/uploads/2025/06/temperaturas-extremas-y-precipitaciones-2025x06x01-a.pdf
2025-06-01,064,RÍO SAN JUAN,MARÍA TRINIDAD SÁNCHEZ,HOSP. MPAL. DR. DESIDERIO ACOSTA,EMCV,35.4,25.5,0.0,https://indomet.gob.do/wp-content/uploads/2025/06/temperaturas-extremas-y-precipitaciones-2025x06x01-a.pdf
2025-06-01,065,SABANA DE LA MAR,HATO MAYOR,ONAMET,EMCO,34.5,23.5,0.0,https://indomet.gob.do/wp-content/uploads/2025/06/temperaturas-extremas-y-precipitaciones-2025x06x01-a.pdf
2025-06-01,066,SALCEDO,HERMANAS MIRABAL,PROPIEDAD DEL EMPLEADO,EMCO,,,0.0,https://indomet.gob.do/wp-content/uploads/2025/06/temperaturas-extremas-y-precipitaciones-2025x06x01-a.pdf
2025-06-01,067,SAMANÁ,SAMANÁ,COMANDANCIA DE PUERTO DE SAMANÁ,EMCO,34.8,25.5,0.0,https://indomet.gob.do/wp-content/uploads/2025/06/temperaturas-extremas-y-precipitaciones-2025x06x01-a.pdf
2025-06-01,068,SAN CRISTÓBAL,SAN CRISTÓBAL,INSTITUTO POLITÉCNICO LOYOLA,EMCO,33.2,25.0,0.0,https://indomet.gob.do/wp-content/uploads/2025/06/temperaturas-extremas-y-precipitaciones-2025x06x01-a.pdf
2025-06-01,069,SAN FRANCISCO DE MACORÍS,DUARTE,San Francisco de Macorís (UASD),EMCO,28.1,24.5,0.0,https://indomet.gob.do/wp-content/uploads/2025/06/temperaturas-extremas-y-precipitaciones-2025x06x01-a.pdf
2025-06-01,070,SAN JOSÉ DE OCOA,SAN JOSÉ DE OCOA,HOSP. SAN JOSÉ DE OCOA,EMCO,33.7,,0.0,https://indomet.gob.do/wp-content/uploads/2025/06/temperaturas-extremas-y-precipitaciones-2025x06x01-a.pdf
2025-06-01,071,SAN RAFAEL DEL YUMA,LA ALTAGRACIA,MINISTERIO DE AGRICULTURA,EMCO,33.0,25.1,0.0,https://indomet.gob.do/wp-content/uploads/2025/06/temperaturas-extremas-y-precipitaciones-2025x06x01-a.pdf
2025-06-01,072,SÁNCHEZ,SAMANÁ,MINISTERIO DE AGRICULTURA,EMCO,34.6,23.7,0.0,https://indomet.gob.do/wp-content/uploads/2025/06/temperaturas-extremas-y-precipitaciones-2025x06x01-a.pdf
2025-06-01,073,TÁBARA ABAJO,AZUA,INDRHI,EMCO,35.9,20.5,0.0,https://indomet.gob.do/wp-content/uploads/2025/06/temperaturas-extremas-y-precipitaciones-2025x06x01-a.pdf
2025-06-01,074,TAMBORIL,SANTIAGO,MINISTERIO DE AGRICULTURA,EMCV,,,0.0,https://indomet.gob.do/wp-content/uploads/2025/06/temperaturas-extremas-y-precipitaciones-2025x06x01-a.pdf
2025-06-01,075,VILLA ISABELA,PUERTO PLATA,MINISTERIO DE AGRICULTURA,EMCV,,,0.0,https://indomet.gob.do/wp-content/uploads/2025/06/temperaturas-extremas-y-precipitaciones-2025x06x01-a.pdf
2025-06-01,076,VILLA RIVA,DUARTE,HOSP. MPAL. ALICIA DE LEGENDRE,EMCO,35.3,23.3,0.0,https://indomet.gob.do/wp-content/uploads/2025/06/temperaturas-extremas-y-precipitaciones-2025x06x01-a.pdf
2025-06-02,001,LAS MATAS DE SANTA CRUZ (EMA,MONTE CRISTI,PROGRAMA MUNDIAL DE ALIMENTO,EMAP,36.0,23.3,8.6,https://indomet.gob.do/wp-content/uploads/2025/06/temperaturas-extremas-y-precipitaciones-2025x06x02-a.pdf
2025-06-02,002,ENRIQUILLO,BARAHONA,MINISTERIO DE AGRICULTURA,EMCV,31.8,25.7,7.6,https://indomet.gob.do/wp-content/uploads/2025/06/temperaturas-extremas-y-precipitaciones-2025x06x02-a.pdf
2025-06-02,003,CABRAL,BARAHONA,MINISTERIO DE AGRICULTURA,EMCV,31.8,,4.2,https://indomet.gob.do/wp-content/uploads/2025/06/temperaturas-extremas-y-precipitaciones-2025x06x02-a.pdf
2025-06-02,004,LOS TRES CHARCOS (EMA),PEDERNALES,PROPIEDAD DEL VOLUNTARIO,EMAP,31.6,25.8,2.4,https://indomet.gob.do/wp-content/uploads/2025/06/temperaturas-extremas-y-precipitaciones-2025x06x02-a.pdf
2025-06-02,005,POLO,BARAHONA,INDOCAFE,EMCO,29.0,20.0,1.3,https://indomet.gob.do/wp-content/uploads/2025/06/temperaturas-extremas-y-precipitaciones-2025x06x02-a.pdf
2025-06-02,006,OVIEDO,PEDERNALES,CLÍNICA RURAL OVIEDO,EMCO,32.0,26.2,1.2,https://indomet.gob.do/wp-content/uploads/2025/06/temperaturas-extremas-y-precipitaciones-2025x06x02-a.pdf
2025-06-02,007,ESCONDIDO,PERAVIA,MINISTERIO DE AGRICULTURA,EMCV,32.0,26.0,0.3,https://indomet.gob.do/wp-content/uploads/2025/06/temperaturas-extremas-y-precipitaciones-2025x06x02-a.pdf
2025-06-02,008,CABRERA,MARÍA TRINIDAD SÁNCHEZ,ESCUELA ARÍSTIDES FIALLO CABRAL,EMCO,33.8,26.5,0.2,https://indomet.gob.do/wp-content/uploads/2025/06/temperaturas-extremas-y-precipitaciones-2025x06x02-a.pdf
2025-06-02,009,SAMANÁ,SAMANÁ,COMANDANCIA DE PUERTO DE SAMANÁ,EMCO,33.7,26.2,0.2,https://indomet.gob.do/wp-content/uploads/2025/06/temperaturas-extremas-y-precipitaciones-2025x06x02-a.pdf
2025-06-02,010,MONTE CRISTI,MONTE CRISTI,ONAMET,EMCO,36.2,25.7,0.1,https://indomet.gob.do/wp-content/uploads/2025/06/temperaturas-extremas-y-precipitaciones-2025x06x02-a.pdf
2025-06-02,011,SANTIAGO RODRÍGUEZ,SANTIAGO RODRÍGUEZ,ONAMET,EMCO,37.5,23.2,0.1,https://indomet.gob.do/wp-content/uploads/2025/06/temperaturas-extremas-y-precipitaciones-2025x06x02-a.pdf
2025-06-02,012,ALTAMIRA,PUERTO PLATA,HOSP. MPAL. DE ALTAMIRA,EMCO,36.7,23.0,0.0,https://indomet.gob.do/wp-content/uploads/2025/06/temperaturas-extremas-y-precipitaciones-2025x06x02-a.pdf
2025-06-02,013,ANAMUYA (EMA),LA ALTAGRACIA,MINISTERIO DE AGRICULTURA,EMAP,32.9,25.2,0.0,https://indomet.gob.do/wp-content/uploads/2025/06/temperaturas-extremas-y-precipitaciones-2025x06x02-a.pdf
2025-06-02,014,ARPT. ARROYO BARRIL,SAMANÁ,ONAMET,EMCO,33.4,24.5,0.0,https://indomet.gob.do/wp-content/uploads/2025/06/temperaturas-extremas-y-precipitaciones-2025x06x02-a.pdf
2025-06-02,015,ARPT. DE LA ROMANA,LA ROMANA,ONAMET,EMCO,33.0,23.7,0.0,https://indomet.gob.do/wp-content/uploads/2025/06/temperaturas-extremas-y-precipitaciones-2025x06x02-a.pdf
2025-06-02,016,ARPT. DE LAS AMÉRICAS,SANTO DOMINGO,ONAMET,EMCO,32.5,24.5,0.0,https://indomet.gob.do/wp-content/uploads/2025/06/temperaturas-extremas-y-precipitaciones-2025x06x02-a.pdf
2025-06-02,017,ARPT. DE PUNTA CANA,LA ALTAGRACIA,ONAMET,EMCO,31.8,25.2,0.0,https://indomet.gob.do/wp-content/uploads/2025/06/temperaturas-extremas-y-precipitaciones-2025x06x02-a.pdf
2025-06-02,018,ARPT. DEL CIBAO,SANTIAGO,ONAMET,EMCO,35.0,24.4,0.0,https://indomet.gob.do/wp-content/uploads/2025/06/temperaturas-extremas-y-precipitaciones-2025x06x02-a.pdf
2025-06-02,019,ARPT. EL CATEY,SAMANÁ,ONAMET,EMCO,33.0,24.0,0.0,https://indomet.gob.do/wp-content/uploads/2025/06/temperaturas-extremas-y-precipitaciones-2025x06x02-a.pdf
2025-06-02,020,ARPT. GREGORIO LUPERÓN,PUERTO PLATA,ONAMET,EMCO,35.5,24.0,0.0,https://indomet.gob.do/wp-content/uploads/2025/06/temperaturas-extremas-y-precipitaciones-2025x06x02-a.pdf
2025-06-02,021,ARPT. LA ISABELA,SANTO DOMINGO,ONAMET,EMCO,33.0,24.0,0.0,https://indomet.gob.do/wp-content/uploads/2025/06/temperaturas-extremas-y-precipitaciones-2025x06x02-a.pdf
2025-06-02,022,ARPT. MARÍA MONTEZ,BARAHONA,ONAMET,EMCO,32.6,26.0,0.0,https://indomet.gob.do/wp-content/uploads/2025/06/temperaturas-extremas-y-precipitaciones-2025x06x02-a.pdf
2025-06-02,023,ARROYO LORO,SAN JUAN,IDIAF,EMCO,33.9,19.2,0.0,https://indomet.gob.do/wp-content/uploads/2025/06/temperaturas-extremas-y-precipitaciones-2025x06x02-a.pdf
2025-06-02,024,BANI (EMA),PERAVIA,MINISTERIO DE AGRICULTURA,EMAP,31.6,25.9,0.0,https://indomet.gob.do/wp-content/uploads/2025/06/temperaturas-extremas-y-precipitaciones-2025x06x02-a.pdf
2025-06-02,025,BASE AÉREA DE SAN ISIDRO,SANTO DOMINGO,FUERZA AÉREA DOMINICANA,EMCV,33.5,24.0,0.0,https://indomet.gob.do/wp-content/uploads/2025/06/temperaturas-extremas-y-precipitaciones-2025x06x02-a.pdf
2025-06-02,026,BAYAGUANA,MONTE PLATA,ONAMET,EMCO,34.4,23.6,0.0,https://indomet.gob.do/wp-content/uploads/2025/06/temperaturas-extremas-y-precipitaciones-2025x06x02-a.pdf
2025-06-02,027,BOCA DE MAO (EMA),VALVERDE,MINISTERIO DE AGRICULTURA,EMAP,37.0,23.9,0.0,https://indomet.gob.do/wp-content/uploads/2025/06/temperaturas-extremas-y-precipitaciones-2025x06x02-a.pdf
2025-06-02,028,BOHECHÍO,SAN JUAN,MINISTERIO DE AGRICULTURA,EMCV,,,0.0,https://indomet.gob.do/wp-content/uploads/2025/06/temperaturas-extremas-y-precipitaciones-2025x06x02-a.pdf
2025-06-02,029,BONAO,MONSEÑOR NOUEL,MINISTERIO DE AGRICULTURA,EMCV,,,0.0,https://indomet.gob.do/wp-content/uploads/2025/06/temperaturas-extremas-y-precipitaciones-2025x06x02-a.pdf
2025-06-02,030,CENTRO DE LOS HEROES (EMA),DISTRITO NACIONAL,MINISTERIO DE ENERGIA Y MINA,EMAP,31.4,27.2,0.0,https://indomet.gob.do/wp-content/uploads/2025/06/temperaturas-extremas-y-precipitaciones-2025x06x02-a.pdf
2025-06-02,031,CONSTANZA,LA VEGA,MINISTERIO DE AGRICULTURA,EMCO,31.0,12.5,0.0,https://indomet.gob.do/wp-content/uploads/2025/06/temperaturas-extremas-y-precipitaciones-2025x06x02-a.pdf
2025-06-02,032,CONSTANZA (EMA),LA VEGA,PROGRAMA MUNDIAL DE ALIMENTO,EMAP,30.2,12.9,0.0,https://indomet.gob.do/wp-content/uploads/2025/06/temperaturas-extremas-y-precipitaciones-2025x06x02-a.pdf
2025-06-02,033,COTUÍ,SÁNCHEZ RAMÍREZ,HOSP. INMACULADA CONCEPCIÓN,EMCV,,,0.0,https://indomet.gob.do/wp-content/uploads/2025/06/temperaturas-extremas-y-precipitaciones-2025x06x02-a.pdf
2025-06-02,034,DAJABÓN,DAJABÓN,INSTITUTO POLITÉCNICO LOYOLA,EMCO,34.7,19.2,0.0,https://indomet.gob.do/wp-content/uploads/2025/06/temperaturas-extremas-y-precipitaciones-2025x06x02-a.pdf
2025-06-02,035,EL FACTOR (EMA),MARÍA TRINIDAD SÁNCHEZ,INTEC,EMAP,33.7,24.1,0.0,https://indomet.gob.do/wp-content/uploads/2025/06/temperaturas-extremas-y-precipitaciones-2025x06x02-a.pdf
2025-06-02,036,LA GUAYIGA (EMA),SAN CRISTÓBAL,PRIVADA,EMAP,,,0.0,https://indomet.gob.do/wp-content/uploads/2025/06/temperaturas-extremas-y-precipitaciones-2025x06x02-a.pdf
2025-06-02,037,ELÍAS PIÑA,ELÍAS PIÑA,MINISTERIO DE AGRICULTURA,EMCV,,,0.0,https://indomet.gob.do/wp-content/uploads/2025/06/temperaturas-extremas-y-precipitaciones-2025x06x02-a.pdf
2025-06-02,038,GASPAR HERNÁNDEZ,ESPAILLAT,PROPIEDAD DEL EMPLEADO,EMCO,,,0.0,https://indomet.gob.do/wp-content/uploads/2025/06/temperaturas-extremas-y-precipitaciones-2025x06x02-a.pdf
2025-06-02,039,GURABO,SANTIAGO,MINISTERIO DE AGRICULTURA,EMCV,,,0.0,https://indomet.gob.do/wp-content/uploads/2025/06/temperaturas-extremas-y-precipitaciones-2025x06x02-a.pdf
2025-06-02,040,HATO MAYOR,HATO MAYOR,MINISTERIO DE AGRICULTURA,EMCV,,,0.0,https://indomet.gob.do/wp-content/uploads/2025/06/temperaturas-extremas-y-precipitaciones-2025x06x02-a.pdf
2025-06-02,041,HONDO VALLE,ELÍAS PIÑA,MINISTERIO DE AGRICULTURA,EMCO,27.0,17.1,0.0,https://indomet.gob.do/wp-content/uploads/2025/06/temperaturas-extremas-y-precipitaciones-2025x06x02-a.pdf
2025-06-02,042,JARABACOA,LA VEGA,INDRHI / MARENA,EMCO,33.2,18.0,0.0,https://indomet.gob.do/wp-content/uploads/2025/06/temperaturas-extremas-y-precipitaciones-2025x06x02-a.pdf
2025-06-02,043,JARABACOA (EMA),LA VEGA,PROGRAMA MUNDIAL DE ALIMENTO,EMAP,32.1,19.6,0.0,https://indomet.gob.do/wp-content/uploads/2025/06/temperaturas-extremas-y-precipitaciones-2025x06x02-a.pdf
2025-06-02,044,JARDÍN BOTÁNICO NACIONAL,DISTRITO NACIONAL,JARDÍN BOTÁNICO NACIONAL,EMCV,34.0,21.6,0.0,https://indomet.gob.do/wp-content/uploads/2025/06/temperaturas-extremas-y-precipitaciones-2025x06x02-a.pdf
2025-06-02,045,JIMANÍ,INDEPENDENCIA,MINISTERIO DE AGRICULTURA,EMCO,34.8,25.2,0.0,https://indomet.gob.do/wp-content/uploads/2025/06/temperaturas-extremas-y-precipitaciones-2025x06x02-a.pdf
2025-06-02,046,JUMA BEJUCAL,MONSEÑOR NOUEL,IDIAF,EMCV,32.0,22.4,0.0,https://indomet.gob.do/wp-content/uploads/2025/06/temperaturas-extremas-y-precipitaciones-2025x06x02-a.pdf
2025-06-02,047,LA VEGA,LA VEGA,IATESA,EMCO,33.8,22.0,0.0,https://indomet.gob.do/wp-content/uploads/2025/06/temperaturas-extremas-y-precipitaciones-2025x06x02-a.pdf
2025-06-02,048,LA VICTORIA,SANTO DOMINGO,CUERPO DE BOMBEROS,EMCO,31.5,24.5,0.0,https://indomet.gob.do/wp-content/uploads/2025/06/temperaturas-extremas-y-precipitaciones-2025x06x02-a.pdf
2025-06-02,049,LAS CANAS (EMA),MONTE CRISTI,PROGRAMA MUNDIAL DE ALIMENTO,EMAP,32.3,24.3,0.0,https://indomet.gob.do/wp-content/uploads/2025/06/temperaturas-extremas-y-precipitaciones-2025x06x02-a.pdf
2025-06-02,050,LOS LLANOS,SAN PEDRO DE MACORÍS,MINISTERIO DE AGRICULTURA,EMCO,34.5,23.5,0.0,https://indomet.gob.do/wp-content/uploads/2025/06/temperaturas-extremas-y-precipitaciones-2025x06x02-a.pdf
2025-06-02,051,MAO,VALVERDE,INDRHI / MINISTERIO DE AGRICULTURA,EMCV,,,0.0,https://indomet.gob.do/wp-content/uploads/2025/06/temperaturas-extremas-y-precipitaciones-2025x06x02-a.pdf
2025-06-02,052,MONCIÓN (EMA),SANTIAGO RODRÍGUEZ,PROGRAMA MUNDIAL DE ALIMENTO,EMAP,34.1,20.7,0.0,https://indomet.gob.do/wp-content/uploads/2025/06/temperaturas-extremas-y-precipitaciones-2025x06x02-a.pdf
2025-06-02,053,NAVARRETE,SANTIAGO,MINISTERIO DE AGRICULTURA,EMCV,,,0.0,https://indomet.gob.do/wp-content/uploads/2025/06/temperaturas-extremas-y-precipitaciones-2025x06x02-a.pdf
2025-06-02,054,OLIVARES,PEDERNALES,INDRHI,EMCO,,,0.0,https://indomet.gob.do/wp-content/uploads/2025/06/temperaturas-extremas-y-precipitaciones-2025x06x02-a.pdf
2025-06-02,055,PADRE LAS CASAS,AZUA,HOSP. NTRA. SRA. DEL CARMEN,EMCO,33.0,19.2,0.0,https://indomet.gob.do/wp-content/uploads/2025/06/temperaturas-extremas-y-precipitaciones-2025x06x02-a.pdf
2025-06-02,056,PALO ÍNDIO,PUERTO PLATA,MINISTERIO DE AGRICULTURA,EMCO,,,0.0,https://indomet.gob.do/wp-content/uploads/2025/06/temperaturas-extremas-y-precipitaciones-2025x06x02-a.pdf
2025-06-02,057,PASO AL MEDIO,SAN PEDRO DE MACORÍS,INDRHI,EMCO,,,0.0,https://indomet.gob.do/wp-content/uploads/2025/06/temperaturas-extremas-y-precipitaciones-2025x06x02-a.pdf
2025-06-02,058,PEDERNALES,PEDERNALES,INDRHI,EMCO,,,0.0,https://indomet.gob.do/wp-content/uploads/2025/06/temperaturas-extremas-y-precipitaciones-2025x06x02-a.pdf
2025-06-02,059,PERALTA,AZUA,HOSP. MPAL. DE PERALTA,EMCO,33.2,20.8,0.0,https://indomet.gob.do/wp-content/uploads/2025/06/temperaturas-extremas-y-precipitaciones-2025x06x02-a.pdf
2025-06-02,060,PESCADERIA (EMA),BARAHONA,MINISTERIO DE AGRICULTURA,EMAP,32.2,26.9,0.0,https://indomet.gob.do/wp-content/uploads/2025/06/temperaturas-extremas-y-precipitaciones-2025x06x02-a.pdf
2025-06-02,061,PONTÓN ABAJO (EMA),LA VEGA,MINISTERIO DE AGRICULTURA,EMAP,36.0,22.8,0.0,https://indomet.gob.do/wp-content/uploads/2025/06/temperaturas-extremas-y-precipitaciones-2025x06x02-a.pdf
2025-06-02,062,PRESA DE TAVERAS (EMA),LA VEGA,PROGRAMA MUNDIAL DE ALIMENTO,EMAP,30.9,22.0,0.0,https://indomet.gob.do/wp-content/uploads/2025/06/temperaturas-extremas-y-precipitaciones-2025x06x02-a.pdf
2025-06-02,063,RANCHO ARRIBA,SAN JOSÉ DE OCOA,CENTRO TECNOLÓGICO COMUNITARIO,EMCO,31.3,18.0,0.0,https://indomet.gob.do/wp-content/uploads/2025/06/temperaturas-extremas-y-precipitaciones-2025x06x02-a.pdf
2025-06-02,064,RESTAURACIÓN,DAJABÓN,MINISTERIO DE AGRICULTURA,EMCO,,16.4,0.0,https://indomet.gob.do/wp-content/uploads/2025/06/temperaturas-extremas-y-precipitaciones-2025x06x02-a.pdf
2025-06-02,065,RÍO SAN JUAN,MARÍA TRINIDAD SÁNCHEZ,HOSP. MPAL. DR. DESIDERIO ACOSTA,EMCV,34.8,25.5,0.0,https://indomet.gob.do/wp-content/uploads/2025/06/temperaturas-extremas-y-precipitaciones-2025x06x02-a.pdf
2025-06-02,066,SABANA DE LA MAR,HATO MAYOR,ONAMET,EMCO,32.0,23.5,0.0,https://indomet.gob.do/wp-content/uploads/2025/06/temperaturas-extremas-y-precipitaciones-2025x06x02-a.pdf
2025-06-02,067,SABANA GRANDE DE BOYÁ,MONTE PLATA,MINISTERIO DE AGRICULTURA,EMCV,,,0.0,https://indomet.gob.do/wp-content/uploads/2025/06/temperaturas-extremas-y-precipitaciones-2025x06x02-a.pdf
2025-06-02,068,SABANETA (EMA),SANTIAGO RODRÍGUEZ,PROGRAMA MUNDIAL DE ALIMENTO,EMAP,37.6,23.3,0.0,https://indomet.gob.do/wp-content/uploads/2025/06/temperaturas-extremas-y-precipitaciones-2025x06x02-a.pdf
2025-06-02,069,SALCEDO,HERMANAS MIRABAL,PROPIEDAD DEL EMPLEADO,EMCO,,,0.0,https://indomet.gob.do/wp-content/uploads/2025/06/temperaturas-extremas-y-precipitaciones-2025x06x02-a.pdf
2025-06-02,070,SAN CRISTÓBAL,SAN CRISTÓBAL,INSTITUTO POLITÉCNICO LOYOLA,EMCO,31.2,24.2,0.0,https://indomet.gob.do/wp-content/uploads/2025/06/temperaturas-extremas-y-precipitaciones-2025x06x02-a.pdf
2025-06-02,071,SAN FRANCISCO DE MACORÍS,DUARTE,San Francisco de Macorís (UASD),EMCO,34.7,24.6,0.0,https://indomet.gob.do/wp-content/uploads/2025/06/temperaturas-extremas-y-precipitaciones-2025x06x02-a.pdf
2025-06-02,072,SAN JOSÉ DE OCOA,SAN JOSÉ DE OCOA,HOSP. SAN JOSÉ DE OCOA,EMCO,33.8,,0.0,https://indomet.gob.do/wp-content/uploads/2025/06/temperaturas-extremas-y-precipitaciones-2025x06x02-a.pdf
2025-06-02,073,SAN RAFAEL DEL YUMA,LA ALTAGRACIA,MINISTERIO DE AGRICULTURA,EMCO,33.8,24.2,0.0,https://indomet.gob.do/wp-content/uploads/2025/06/temperaturas-extremas-y-precipitaciones-2025x06x02-a.pdf
2025-06-02,074,SÁNCHEZ,SAMANÁ,MINISTERIO DE AGRICULTURA,EMCO,34.2,24.5,0.0,https://indomet.gob.do/wp-content/uploads/2025/06/temperaturas-extremas-y-precipitaciones-2025x06x02-a.pdf
2025-06-02,075,SANTO DOMINGO ESTE,SANTO DOMINGO,ONAMET,EMCO,36.1,26.2,0.0,https://indomet.gob.do/wp-content/uploads/2025/06/temperaturas-extremas-y-precipitaciones-2025x06x02-a.pdf
2025-06-02,076,TÁBARA ABAJO,AZUA,INDRHI,EMCO,33.5,23.0,0.0,https://indomet.gob.do/wp-content/uploads/2025/06/temperaturas-extremas-y-precipitaciones-2025x06x02-a.pdf
2025-06-02,077,TAVERA,SANTIAGO,INDRHI,EMCO,,,0.0,https://indomet.gob.do/wp-content/uploads/2025/06/temperaturas-extremas-y-precipitaciones-2025x06x02-a.pdf
2025-06-02,078,VILLA GONZALES,SANTIAGO,MINISTERIO DE AGRICULTURA,EMCO,,,0.0,https://indomet.gob.do/wp-content/uploads/2025/06/temperaturas-extremas-y-precipitaciones-2025x06x02-a.pdf
2025-06-02,079,VILLA ISABELA,PUERTO PLATA,MINISTERIO DE AGRICULTURA,EMCV,,,0.0,https://indomet.gob.do/wp-content/uploads/2025/06/temperaturas-extremas-y-precipitaciones-2025x06x02-a.pdf
2025-06-02,080,VILLA RIVA,DUARTE,HOSP. MPAL. ALICIA DE LEGENDRE,EMCO,34.4,23.5,0.0,https://indomet.gob.do/wp-content/uploads/2025/06/temperaturas-extremas-y-precipitaciones-2025x06x02-a.pdf
2025-06-02,081,ALTO BANDERA (EMA),LA VEGA,INTEC,EMAP,16.5,8.9,0.0,https://indomet.gob.do/wp-content/uploads/2025/06/temperaturas-extremas-y-precipitaciones-2025x06x02-a.pdf
2025-06-03,001,ESCONDIDO,PERAVIA,MINISTERIO DE AGRICULTURA,EMCV,33.0,24.0,9.9,https://indomet.gob.do/wp-content/uploads/2025/06/temperaturas-extremas-y-precipitaciones-2025x06x03-a.pdf
2025-06-03,002,ALTO BANDERA (EMA),LA VEGA,INTEC,EMAP,16.2,4.5,7.4,https://indomet.gob.do/wp-content/uploads/2025/06/temperaturas-extremas-y-precipitaciones-2025x06x03-a.pdf
2025-06-03,003,CONSTANZA,LA VEGA,MINISTERIO DE AGRICULTURA,EMCO,27.5,16.2,3.4,https://indomet.gob.do/wp-content/uploads/2025/06/temperaturas-extremas-y-precipitaciones-2025x06x03-a.pdf
2025-06-03,004,JARDÍN BOTÁNICO NACIONAL,DISTRITO NACIONAL,JARDÍN BOTÁNICO NACIONAL,EMCV,33.4,21.2,2.2,https://indomet.gob.do/wp-content/uploads/2025/06/temperaturas-extremas-y-precipitaciones-2025x06x03-a.pdf
2025-06-03,005,RANCHO ARRIBA,SAN JOSÉ DE OCOA,CENTRO TECNOLÓGICO COMUNITARIO,EMCO,32.5,18.5,1.5,https://indomet.gob.do/wp-content/uploads/2025/06/temperaturas-extremas-y-precipitaciones-2025x06x03-a.pdf
2025-06-03,006,POLO,BARAHONA,INDOCAFE,EMCO,30.0,17.5,1.4,https://indomet.gob.do/wp-content/uploads/2025/06/temperaturas-extremas-y-precipitaciones-2025x06x03-a.pdf
2025-06-03,007,RÍO SAN JUAN,MARÍA TRINIDAD SÁNCHEZ,HOSP. MPAL. DR. DESIDERIO ACOSTA,EMCV,34.0,23.2,1.3,https://indomet.gob.do/wp-content/uploads/2025/06/temperaturas-extremas-y-precipitaciones-2025x06x03-a.pdf
2025-06-03,008,VILLA ALTAGRACIA,SAN CRISTÓBAL,ESCUELA JAVIER ANGULO GURIDI,EMCO,,,0.6,https://indomet.gob.do/wp-content/uploads/2025/06/temperaturas-extremas-y-precipitaciones-2025x06x03-a.pdf
2025-06-03,009,JARABACOA,LA VEGA,INDRHI / MARENA,EMCO,33.4,17.6,0.2,https://indomet.gob.do/wp-content/uploads/2025/06/temperaturas-extremas-y-precipitaciones-2025x06x03-a.pdf
2025-06-03,010,ENRIQUILLO,BARAHONA,MINISTERIO DE AGRICULTURA,EMCV,32.0,26.5,0.1,https://indomet.gob.do/wp-content/uploads/2025/06/temperaturas-extremas-y-precipitaciones-2025x06x03-a.pdf
2025-06-03,011,JUMA BEJUCAL,MONSEÑOR NOUEL,IDIAF,EMCV,33.6,22.6,0.1,https://indomet.gob.do/wp-content/uploads/2025/06/temperaturas-extremas-y-precipitaciones-2025x06x03-a.pdf
2025-06-03,012,ALTAMIRA,PUERTO PLATA,HOSP. MPAL. DE ALTAMIRA,EMCO,35.1,20.5,0.0,https://indomet.gob.do/wp-content/uploads/2025/06/temperaturas-extremas-y-precipitaciones-2025x06x03-a.pdf
2025-06-03,013,ANAMUYA (EMA),LA ALTAGRACIA,MINISTERIO DE AGRICULTURA,EMAP,32.6,24.0,0.0,https://indomet.gob.do/wp-content/uploads/2025/06/temperaturas-extremas-y-precipitaciones-2025x06x03-a.pdf
2025-06-03,014,ARPT. ARROYO BARRIL,SAMANÁ,ONAMET,EMCO,32.7,24.7,0.0,https://indomet.gob.do/wp-content/uploads/2025/06/temperaturas-extremas-y-precipitaciones-2025x06x03-a.pdf
2025-06-03,015,ARPT. DE LA ROMANA,LA ROMANA,ONAMET,EMCO,33.7,23.7,0.0,https://indomet.gob.do/wp-content/uploads/2025/06/temperaturas-extremas-y-precipitaciones-2025x06x03-a.pdf
2025-06-03,016,ARPT. DE LAS AMÉRICAS,SANTO DOMINGO,ONAMET,EMCO,33.5,24.2,0.0,https://indomet.gob.do/wp-content/uploads/2025/06/temperaturas-extremas-y-precipitaciones-2025x06x03-a.pdf
2025-06-03,017,ARPT. DE PUNTA CANA,LA ALTAGRACIA,ONAMET,EMCO,32.2,24.8,0.0,https://indomet.gob.do/wp-content/uploads/2025/06/temperaturas-extremas-y-precipitaciones-2025x06x03-a.pdf
2025-06-03,018,ARPT. DEL CIBAO,SANTIAGO,ONAMET,EMCO,35.5,23.9,0.0,https://indomet.gob.do/wp-content/uploads/2025/06/temperaturas-extremas-y-precipitaciones-2025x06x03-a.pdf
2025-06-03,019,ARPT. EL CATEY,SAMANÁ,ONAMET,EMCO,32.0,23.2,0.0,https://indomet.gob.do/wp-content/uploads/2025/06/temperaturas-extremas-y-precipitaciones-2025x06x03-a.pdf
2025-06-03,020,ARPT. GREGORIO LUPERÓN,PUERTO PLATA,ONAMET,EMCO,34.0,24.6,0.0,https://indomet.gob.do/wp-content/uploads/2025/06/temperaturas-extremas-y-precipitaciones-2025x06x03-a.pdf
2025-06-03,021,ARPT. LA ISABELA,SANTO DOMINGO,ONAMET,EMCO,33.5,25.0,0.0,https://indomet.gob.do/wp-content/uploads/2025/06/temperaturas-extremas-y-precipitaciones-2025x06x03-a.pdf
2025-06-03,022,ARPT. MARÍA MONTEZ,BARAHONA,ONAMET,EMCO,33.6,25.5,0.0,https://indomet.gob.do/wp-content/uploads/2025/06/temperaturas-extremas-y-precipitaciones-2025x06x03-a.pdf
2025-06-03,023,ARROYO LORO,SAN JUAN,IDIAF,EMCO,34.0,17.0,0.0,https://indomet.gob.do/wp-content/uploads/2025/06/temperaturas-extremas-y-precipitaciones-2025x06x03-a.pdf
2025-06-03,024,BASE AÉREA DE SAN ISIDRO,SANTO DOMINGO,FUERZA AÉREA DOMINICANA,EMCV,33.0,22.5,0.0,https://indomet.gob.do/wp-content/uploads/2025/06/temperaturas-extremas-y-precipitaciones-2025x06x03-a.pdf
2025-06-03,025,BAYAGUANA,MONTE PLATA,ONAMET,EMCO,33.8,23.4,0.0,https://indomet.gob.do/wp-content/uploads/2025/06/temperaturas-extremas-y-precipitaciones-2025x06x03-a.pdf
2025-06-03,026,BOCA DE MAO (EMA),VALVERDE,MINISTERIO DE AGRICULTURA,EMAP,36.8,23.6,0.0,https://indomet.gob.do/wp-content/uploads/2025/06/temperaturas-extremas-y-precipitaciones-2025x06x03-a.pdf
2025-06-03,027,BOHECHÍO,SAN JUAN,MINISTERIO DE AGRICULTURA,EMCV,,,0.0,https://indomet.gob.do/wp-content/uploads/2025/06/temperaturas-extremas-y-precipitaciones-2025x06x03-a.pdf
2025-06-03,028,BONAO,MONSEÑOR NOUEL,MINISTERIO DE AGRICULTURA,EMCV,,,0.0,https://indomet.gob.do/wp-content/uploads/2025/06/temperaturas-extremas-y-precipitaciones-2025x06x03-a.pdf
2025-06-03,029,CABRAL,BARAHONA,MINISTERIO DE AGRICULTURA,EMCV,34.0,,0.0,https://indomet.gob.do/wp-content/uploads/2025/06/temperaturas-extremas-y-precipitaciones-2025x06x03-a.pdf
2025-06-03,030,CABRERA,MARÍA TRINIDAD SÁNCHEZ,ESCUELA ARÍSTIDES FIALLO CABRAL,EMCO,34.0,25.8,0.0,https://indomet.gob.do/wp-content/uploads/2025/06/temperaturas-extremas-y-precipitaciones-2025x06x03-a.pdf
2025-06-03,031,CENTRO DE LOS HEROES (EMA),DISTRITO NACIONAL,MINISTERIO DE ENERGIA Y MINA,EMAP,31.9,25.8,0.0,https://indomet.gob.do/wp-content/uploads/2025/06/temperaturas-extremas-y-precipitaciones-2025x06x03-a.pdf
2025-06-03,032,CONSTANZA (EMA),LA VEGA,PROGRAMA MUNDIAL DE ALIMENTO,EMAP,26.7,16.6,0.0,https://indomet.gob.do/wp-content/uploads/2025/06/temperaturas-extremas-y-precipitaciones-2025x06x03-a.pdf
2025-06-03,033,DAJABÓN,DAJABÓN,INSTITUTO POLITÉCNICO LOYOLA,EMCO,35.0,20.0,0.0,https://indomet.gob.do/wp-content/uploads/2025/06/temperaturas-extremas-y-precipitaciones-2025x06x03-a.pdf
2025-06-03,034,EL FACTOR (EMA),MARÍA TRINIDAD SÁNCHEZ,INTEC,EMAP,32.7,22.6,0.0,https://indomet.gob.do/wp-content/uploads/2025/06/temperaturas-extremas-y-precipitaciones-2025x06x03-a.pdf
2025-06-03,035,ELÍAS PIÑA,ELÍAS PIÑA,MINISTERIO DE AGRICULTURA,EMCV,,,0.0,https://indomet.gob.do/wp-content/uploads/2025/06/temperaturas-extremas-y-precipitaciones-2025x06x03-a.pdf
2025-06-03,036,GASPAR HERNÁNDEZ,ESPAILLAT,PROPIEDAD DEL EMPLEADO,EMCO,,,0.0,https://indomet.gob.do/wp-content/uploads/2025/06/temperaturas-extremas-y-precipitaciones-2025x06x03-a.pdf
2025-06-03,037,GURABO,SANTIAGO,MINISTERIO DE AGRICULTURA,EMCV,,,0.0,https://indomet.gob.do/wp-content/uploads/2025/06/temperaturas-extremas-y-precipitaciones-2025x06x03-a.pdf
2025-06-03,038,HATO MAYOR,HATO MAYOR,MINISTERIO DE AGRICULTURA,EMCV,,,0.0,https://indomet.gob.do/wp-content/uploads/2025/06/temperaturas-extremas-y-precipitaciones-2025x06x03-a.pdf
2025-06-03,039,HONDO VALLE,ELÍAS PIÑA,MINISTERIO DE AGRICULTURA,EMCO,26.8,17.6,0.0,https://indomet.gob.do/wp-content/uploads/2025/06/temperaturas-extremas-y-precipitaciones-2025x06x03-a.pdf
2025-06-03,040,JARABACOA (EMA),LA VEGA,PROGRAMA MUNDIAL DE ALIMENTO,EMAP,32.4,18.4,0.0,https://indomet.gob.do/wp-content/uploads/2025/06/temperaturas-extremas-y-precipitaciones-2025x06x03-a.pdf
2025-06-03,041,JIMANÍ,INDEPENDENCIA,MINISTERIO DE AGRICULTURA,EMCO,36.4,25.5,0.0,https://indomet.gob.do/wp-content/uploads/2025/06/temperaturas-extremas-y-precipitaciones-2025x06x03-a.pdf
2025-06-03,042,LA VEGA,LA VEGA,IATESA,EMCO,34.5,23.5,0.0,https://indomet.gob.do/wp-content/uploads/2025/06/temperaturas-extremas-y-precipitaciones-2025x06x03-a.pdf
2025-06-03,043,LA VICTORIA,SANTO DOMINGO,CUERPO DE BOMBEROS,EMCO,34.8,22.5,0.0,https://indomet.gob.do/wp-content/uploads/2025/06/temperaturas-extremas-y-precipitaciones-2025x06x03-a.pdf
2025-06-03,044,LAS CANAS (EMA),MONTE CRISTI,PROGRAMA MUNDIAL DE ALIMENTO,EMAP,32.4,22.9,0.0,https://indomet.gob.do/wp-content/uploads/2025/06/temperaturas-extremas-y-precipitaciones-2025x06x03-a.pdf
2025-06-03,045,LAS MATAS DE SANTA CRUZ,MONTE CRISTI,INDRHI,EMCV,,,0.0,https://indomet.gob.do/wp-content/uploads/2025/06/temperaturas-extremas-y-precipitaciones-2025x06x03-a.pdf
2025-06-03,046,LAS MATAS DE SANTA CRUZ (EMA,MONTE CRISTI,PROGRAMA MUNDIAL DE ALIMENTO,EMAP,34.9,23.9,0.0,https://indomet.gob.do/wp-content/uploads/2025/06/temperaturas-extremas-y-precipitaciones-2025x06x03-a.pdf
2025-06-03,047,LOS LLANOS,SAN PEDRO DE MACORÍS,MINISTERIO DE AGRICULTURA,EMCO,34.6,22.0,0.0,https://indomet.gob.do/wp-content/uploads/2025/06/temperaturas-extremas-y-precipitaciones-2025x06x03-a.pdf
2025-06-03,048,LOS TRES CHARCOS (EMA),PEDERNALES,PROPIEDAD DEL VOLUNTARIO,EMAP,32.5,25.9,0.0,https://indomet.gob.do/wp-content/uploads/2025/06/temperaturas-extremas-y-precipitaciones-2025x06x03-a.pdf
2025-06-03,049,MAO,VALVERDE,INDRHI / MINISTERIO DE AGRICULTURA,EMCV,,,0.0,https://indomet.gob.do/wp-content/uploads/2025/06/temperaturas-extremas-y-precipitaciones-2025x06x03-a.pdf
2025-06-03,050,MONCIÓN (EMA),SANTIAGO RODRÍGUEZ,PROGRAMA MUNDIAL DE ALIMENTO,EMAP,33.7,21.2,0.0,https://indomet.gob.do/wp-content/uploads/2025/06/temperaturas-extremas-y-precipitaciones-2025x06x03-a.pdf
2025-06-03,051,MONTE CRISTI,MONTE CRISTI,ONAMET,EMCO,36.0,25.6,0.0,https://indomet.gob.do/wp-content/uploads/2025/06/temperaturas-extremas-y-precipitaciones-2025x06x03-a.pdf
2025-06-03,052,NAVARRETE,SANTIAGO,MINISTERIO DE AGRICULTURA,EMCV,,,0.0,https://indomet.gob.do/wp-content/uploads/2025/06/temperaturas-extremas-y-precipitaciones-2025x06x03-a.pdf
2025-06-03,053,OLIVARES,PEDERNALES,INDRHI,EMCO,,,0.0,https://indomet.gob.do/wp-content/uploads/2025/06/temperaturas-extremas-y-precipitaciones-2025x06x03-a.pdf
2025-06-03,054,OVIEDO,PEDERNALES,CLÍNICA RURAL OVIEDO,EMCO,32.5,26.5,0.0,https://indomet.gob.do/wp-content/uploads/2025/06/temperaturas-extremas-y-precipitaciones-2025x06x03-a.pdf
2025-06-03,055,PADRE LAS CASAS,AZUA,HOSP. NTRA. SRA. DEL CARMEN,EMCO,34.0,18.5,0.0,https://indomet.gob.do/wp-content/uploads/2025/06/temperaturas-extremas-y-precipitaciones-2025x06x03-a.pdf
2025-06-03,056,PALO ÍNDIO,PUERTO PLATA,MINISTERIO DE AGRICULTURA,EMCO,,,0.0,https://indomet.gob.do/wp-content/uploads/2025/06/temperaturas-extremas-y-precipitaciones-2025x06x03-a.pdf
2025-06-03,057,PEDERNALES,PEDERNALES,INDRHI,EMCO,,,0.0,https://indomet.gob.do/wp-content/uploads/2025/06/temperaturas-extremas-y-precipitaciones-2025x06x03-a.pdf
2025-06-03,058,PERALTA,AZUA,HOSP. MPAL. DE PERALTA,EMCO,32.0,19.7,0.0,https://indomet.gob.do/wp-content/uploads/2025/06/temperaturas-extremas-y-precipitaciones-2025x06x03-a.pdf
2025-06-03,059,PESCADERIA (EMA),BARAHONA,MINISTERIO DE AGRICULTURA,EMAP,33.8,26.6,0.0,https://indomet.gob.do/wp-content/uploads/2025/06/temperaturas-extremas-y-precipitaciones-2025x06x03-a.pdf
2025-06-03,060,PONTÓN ABAJO (EMA),LA VEGA,MINISTERIO DE AGRICULTURA,EMAP,36.6,24.4,0.0,https://indomet.gob.do/wp-content/uploads/2025/06/temperaturas-extremas-y-precipitaciones-2025x06x03-a.pdf
2025-06-03,061,PRESA DE TAVERAS (EMA),LA VEGA,PROGRAMA MUNDIAL DE ALIMENTO,EMAP,31.8,22.4,0.0,https://indomet.gob.do/wp-content/uploads/2025/06/temperaturas-extremas-y-precipitaciones-2025x06x03-a.pdf
2025-06-03,062,RESTAURACIÓN,DAJABÓN,MINISTERIO DE AGRICULTURA,EMCO,,18.0,0.0,https://indomet.gob.do/wp-content/uploads/2025/06/temperaturas-extremas-y-precipitaciones-2025x06x03-a.pdf
2025-06-03,063,SABANA DE LA MAR,HATO MAYOR,ONAMET,EMCO,31.5,24.0,0.0,https://indomet.gob.do/wp-content/uploads/2025/06/temperaturas-extremas-y-precipitaciones-2025x06x03-a.pdf
2025-06-03,064,SABANA GRANDE DE BOYÁ,MONTE PLATA,MINISTERIO DE AGRICULTURA,EMCV,,,0.0,https://indomet.gob.do/wp-content/uploads/2025/06/temperaturas-extremas-y-precipitaciones-2025x06x03-a.pdf
2025-06-03,065,SABANETA (EMA),SANTIAGO RODRÍGUEZ,PROGRAMA MUNDIAL DE ALIMENTO,EMAP,37.1,23.9,0.0,https://indomet.gob.do/wp-content/uploads/2025/06/temperaturas-extremas-y-precipitaciones-2025x06x03-a.pdf
2025-06-03,066,SALCEDO,HERMANAS MIRABAL,PROPIEDAD DEL EMPLEADO,EMCO,,,0.0,https://indomet.gob.do/wp-content/uploads/2025/06/temperaturas-extremas-y-precipitaciones-2025x06x03-a.pdf
2025-06-03,067,SAMANÁ,SAMANÁ,COMANDANCIA DE PUERTO DE SAMANÁ,EMCO,33.4,25.2,0.0,https://indomet.gob.do/wp-content/uploads/2025/06/temperaturas-extremas-y-precipitaciones-2025x06x03-a.pdf
2025-06-03,068,SAN CRISTÓBAL,SAN CRISTÓBAL,INSTITUTO POLITÉCNICO LOYOLA,EMCO,32.0,24.6,0.0,https://indomet.gob.do/wp-content/uploads/2025/06/temperaturas-extremas-y-precipitaciones-2025x06x03-a.pdf
2025-06-03,069,SAN FRANCISCO DE MACORÍS,DUARTE,San Francisco de Macorís (UASD),EMCO,33.0,21.7,0.0,https://indomet.gob.do/wp-content/uploads/2025/06/temperaturas-extremas-y-precipitaciones-2025x06x03-a.pdf
2025-06-03,070,SAN JOSÉ DE OCOA,SAN JOSÉ DE OCOA,HOSP. SAN JOSÉ DE OCOA,EMCO,33.4,,0.0,https://indomet.gob.do/wp-content/uploads/2025/06/temperaturas-extremas-y-precipitaciones-2025x06x03-a.pdf
2025-06-03,071,SAN RAFAEL DEL YUMA,LA ALTAGRACIA,MINISTERIO DE AGRICULTURA,EMCO,34.6,23.3,0.0,https://indomet.gob.do/wp-content/uploads/2025/06/temperaturas-extremas-y-precipitaciones-2025x06x03-a.pdf
2025-06-03,072,SÁNCHEZ,SAMANÁ,MINISTERIO DE AGRICULTURA,EMCO,34.6,24.1,0.0,https://indomet.gob.do/wp-content/uploads/2025/06/temperaturas-extremas-y-precipitaciones-2025x06x03-a.pdf
2025-06-03,073,SANTIAGO RODRÍGUEZ,SANTIAGO RODRÍGUEZ,ONAMET,EMCO,37.0,24.3,0.0,https://indomet.gob.do/wp-content/uploads/2025/06/temperaturas-extremas-y-precipitaciones-2025x06x03-a.pdf
2025-06-03,074,SANTO DOMINGO ESTE,SANTO DOMINGO,ONAMET,EMCO,34.6,27.5,0.0,https://indomet.gob.do/wp-content/uploads/2025/06/temperaturas-extremas-y-precipitaciones-2025x06x03-a.pdf
2025-06-03,075,TÁBARA ABAJO,AZUA,INDRHI,EMCO,31.4,21.3,0.0,https://indomet.gob.do/wp-content/uploads/2025/06/temperaturas-extremas-y-precipitaciones-2025x06x03-a.pdf
2025-06-03,076,TAMBORIL,SANTIAGO,MINISTERIO DE AGRICULTURA,EMCV,,,0.0,https://indomet.gob.do/wp-content/uploads/2025/06/temperaturas-extremas-y-precipitaciones-2025x06x03-a.pdf
2025-06-03,077,VILLA GONZALES,SANTIAGO,MINISTERIO DE AGRICULTURA,EMCO,,,0.0,https://indomet.gob.do/wp-content/uploads/2025/06/temperaturas-extremas-y-precipitaciones-2025x06x03-a.pdf
2025-06-03,078,VILLA ISABELA,PUERTO PLATA,MINISTERIO DE AGRICULTURA,EMCV,,,0.0,https://indomet.gob.do/wp-content/uploads/2025/06/temperaturas-extremas-y-precipitaciones-2025x06x03-a.pdf
2025-06-03,079,VILLA RIVA,DUARTE,HOSP. MPAL. ALICIA DE LEGENDRE,EMCO,33.5,23.0,0.0,https://indomet.gob.do/wp-content/uploads/2025/06/temperaturas-extremas-y-precipitaciones-2025x06x03-a.pdf
2025-06-04,001,ARPT. LA ISABELA,SANTO DOMINGO,ONAMET,EMCO,32.5,22.7,27.6,https://indomet.gob.do/wp-content/uploads/2025/06/temperaturas-extremas-y-precipitaciones-2025x06x04-a-1.pdf
2025-06-04,002,JARDÍN BOTÁNICO NACIONAL,DISTRITO NACIONAL,JARDÍN BOTÁNICO NACIONAL,EMCV,31.5,21.0,23.2,https://indomet.gob.do/wp-content/uploads/2025/06/temperaturas-extremas-y-precipitaciones-2025x06x04-a-1.pdf
2025-06-04,003,BASE AÉREA DE SAN ISIDRO,SANTO DOMINGO,FUERZA AÉREA DOMINICANA,EMCV,33.0,22.0,18.0,https://indomet.gob.do/wp-content/uploads/2025/06/temperaturas-extremas-y-precipitaciones-2025x06x04-a-1.pdf
2025-06-04,004,JUMA BEJUCAL,MONSEÑOR NOUEL,IDIAF,EMCV,30.8,21.2,15.1,https://indomet.gob.do/wp-content/uploads/2025/06/temperaturas-extremas-y-precipitaciones-2025x06x04-a-1.pdf
2025-06-04,005,LA VICTORIA,SANTO DOMINGO,CUERPO DE BOMBEROS,EMCO,32.0,22.0,14.0,https://indomet.gob.do/wp-content/uploads/2025/06/temperaturas-extremas-y-precipitaciones-2025x06x04-a-1.pdf
2025-06-04,006,BONAO,MONSEÑOR NOUEL,MINISTERIO DE AGRICULTURA,EMCV,,,13.0,https://indomet.gob.do/wp-content/uploads/2025/06/temperaturas-extremas-y-precipitaciones-2025x06x04-a-1.pdf
2025-06-04,007,SABANA GRANDE DE BOYÁ,MONTE PLATA,MINISTERIO DE AGRICULTURA,EMCV,,,11.9,https://indomet.gob.do/wp-content/uploads/2025/06/temperaturas-extremas-y-precipitaciones-2025x06x04-a-1.pdf
2025-06-04,008,VILLA ALTAGRACIA,SAN CRISTÓBAL,ESCUELA JAVIER ANGULO GURIDI,EMCO,,,11.9,https://indomet.gob.do/wp-content/uploads/2025/06/temperaturas-extremas-y-precipitaciones-2025x06x04-a-1.pdf
2025-06-04,009,LA GUAYIGA (EMA),SAN CRISTÓBAL,PRIVADA,EMAP,,,11.2,https://indomet.gob.do/wp-content/uploads/2025/06/temperaturas-extremas-y-precipitaciones-2025x06x04-a-1.pdf
2025-06-04,010,SANTO DOMINGO ESTE,SANTO DOMINGO,ONAMET,EMCO,34.5,25.0,10.7,https://indomet.gob.do/wp-content/uploads/2025/06/temperaturas-extremas-y-precipitaciones-2025x06x04-a-1.pdf
2025-06-04,011,ARPT. DE PUNTA CANA,LA ALTAGRACIA,ONAMET,EMCO,31.6,21.1,9.5,https://indomet.gob.do/wp-content/uploads/2025/06/temperaturas-extremas-y-precipitaciones-2025x06x04-a-1.pdf
2025-06-04,012,SAN CRISTÓBAL,SAN CRISTÓBAL,INSTITUTO POLITÉCNICO LOYOLA,EMCO,32.2,25.2,9.5,https://indomet.gob.do/wp-content/uploads/2025/06/temperaturas-extremas-y-precipitaciones-2025x06x04-a-1.pdf
2025-06-04,013,CENTRO DE LOS HEROES (EMA),DISTRITO NACIONAL,MINISTERIO DE ENERGIA Y MINA,EMAP,31.0,25.1,9.4,https://indomet.gob.do/wp-content/uploads/2025/06/temperaturas-extremas-y-precipitaciones-2025x06x04-a-1.pdf
2025-06-04,014,RANCHO ARRIBA,SAN JOSÉ DE OCOA,CENTRO TECNOLÓGICO COMUNITARIO,EMCO,29.5,18.3,9.0,https://indomet.gob.do/wp-content/uploads/2025/06/temperaturas-extremas-y-precipitaciones-2025x06x04-a-1.pdf
2025-06-04,015,ALTO BANDERA (EMA),LA VEGA,INTEC,EMAP,10.5,4.4,8.9,https://indomet.gob.do/wp-content/uploads/2025/06/temperaturas-extremas-y-precipitaciones-2025x06x04-a-1.pdf
2025-06-04,016,ANAMUYA (EMA),LA ALTAGRACIA,MINISTERIO DE AGRICULTURA,EMAP,32.9,21.9,6.4,https://indomet.gob.do/wp-content/uploads/2025/06/temperaturas-extremas-y-precipitaciones-2025x06x04-a-1.pdf
2025-06-04,017,JARABACOA (EMA),LA VEGA,PROGRAMA MUNDIAL DE ALIMENTO,EMAP,29.4,17.8,6.0,https://indomet.gob.do/wp-content/uploads/2025/06/temperaturas-extremas-y-precipitaciones-2025x06x04-a-1.pdf
2025-06-04,018,JARABACOA,LA VEGA,INDRHI / MARENA,EMCO,30.4,17.2,5.4,https://indomet.gob.do/wp-content/uploads/2025/06/temperaturas-extremas-y-precipitaciones-2025x06x04-a-1.pdf
2025-06-04,019,NAVARRETE,SANTIAGO,MINISTERIO DE AGRICULTURA,EMCV,,,4.1,https://indomet.gob.do/wp-content/uploads/2025/06/temperaturas-extremas-y-precipitaciones-2025x06x04-a-1.pdf
2025-06-04,020,ARPT. ARROYO BARRIL,SAMANÁ,ONAMET,EMCO,32.5,24.2,4.0,https://indomet.gob.do/wp-content/uploads/2025/06/temperaturas-extremas-y-precipitaciones-2025x06x04-a-1.pdf
2025-06-04,021,SAMANÁ,SAMANÁ,COMANDANCIA DE PUERTO DE SAMANÁ,EMCO,32.0,23.0,4.0,https://indomet.gob.do/wp-content/uploads/2025/06/temperaturas-extremas-y-precipitaciones-2025x06x04-a-1.pdf
2025-06-04,022,SAN JOSÉ DE OCOA,SAN JOSÉ DE OCOA,HOSP. SAN JOSÉ DE OCOA,EMCO,31.5,,4.0,https://indomet.gob.do/wp-content/uploads/2025/06/temperaturas-extremas-y-precipitaciones-2025x06x04-a-1.pdf
2025-06-04,023,SAN RAFAEL DEL YUMA,LA ALTAGRACIA,MINISTERIO DE AGRICULTURA,EMCO,34.5,21.8,3.8,https://indomet.gob.do/wp-content/uploads/2025/06/temperaturas-extremas-y-precipitaciones-2025x06x04-a-1.pdf
2025-06-04,024,ARPT. DE LA ROMANA,LA ROMANA,ONAMET,EMCO,32.7,23.5,3.6,https://indomet.gob.do/wp-content/uploads/2025/06/temperaturas-extremas-y-precipitaciones-2025x06x04-a-1.pdf
2025-06-04,025,RÍO SAN JUAN,MARÍA TRINIDAD SÁNCHEZ,HOSP. MPAL. DR. DESIDERIO ACOSTA,EMCV,33.1,23.4,3.0,https://indomet.gob.do/wp-content/uploads/2025/06/temperaturas-extremas-y-precipitaciones-2025x06x04-a-1.pdf
2025-06-04,026,SALCEDO,HERMANAS MIRABAL,PROPIEDAD DEL EMPLEADO,EMCO,,,3.0,https://indomet.gob.do/wp-content/uploads/2025/06/temperaturas-extremas-y-precipitaciones-2025x06x04-a-1.pdf
2025-06-04,027,POLO,BARAHONA,INDOCAFE,EMCO,28.6,19.0,2.6,https://indomet.gob.do/wp-content/uploads/2025/06/temperaturas-extremas-y-precipitaciones-2025x06x04-a-1.pdf
2025-06-04,028,ARPT. DE LAS AMÉRICAS,SANTO DOMINGO,ONAMET,EMCO,32.4,22.4,2.5,https://indomet.gob.do/wp-content/uploads/2025/06/temperaturas-extremas-y-precipitaciones-2025x06x04-a-1.pdf
2025-06-04,029,CONSTANZA,LA VEGA,MINISTERIO DE AGRICULTURA,EMCO,24.3,15.3,2.5,https://indomet.gob.do/wp-content/uploads/2025/06/temperaturas-extremas-y-precipitaciones-2025x06x04-a-1.pdf
2025-06-04,030,BANI (EMA),PERAVIA,MINISTERIO DE AGRICULTURA,EMAP,32.2,24.9,2.4,https://indomet.gob.do/wp-content/uploads/2025/06/temperaturas-extremas-y-precipitaciones-2025x06x04-a-1.pdf
2025-06-04,031,ARPT. EL CATEY,SAMANÁ,ONAMET,EMCO,31.0,23.0,2.3,https://indomet.gob.do/wp-content/uploads/2025/06/temperaturas-extremas-y-precipitaciones-2025x06x04-a-1.pdf
2025-06-04,032,ESCONDIDO,PERAVIA,MINISTERIO DE AGRICULTURA,EMCV,32.0,24.0,2.3,https://indomet.gob.do/wp-content/uploads/2025/06/temperaturas-extremas-y-precipitaciones-2025x06x04-a-1.pdf
2025-06-04,033,CONSTANZA (EMA),LA VEGA,PROGRAMA MUNDIAL DE ALIMENTO,EMAP,23.6,15.3,2.2,https://indomet.gob.do/wp-content/uploads/2025/06/temperaturas-extremas-y-precipitaciones-2025x06x04-a-1.pdf
2025-06-04,034,HATO MAYOR,HATO MAYOR,MINISTERIO DE AGRICULTURA,EMCV,,,1.8,https://indomet.gob.do/wp-content/uploads/2025/06/temperaturas-extremas-y-precipitaciones-2025x06x04-a-1.pdf
2025-06-04,035,LOS LLANOS,SAN PEDRO DE MACORÍS,MINISTERIO DE AGRICULTURA,EMCO,32.5,21.3,1.0,https://indomet.gob.do/wp-content/uploads/2025/06/temperaturas-extremas-y-precipitaciones-2025x06x04-a-1.pdf
2025-06-04,036,LOS TRES CHARCOS (EMA),PEDERNALES,PROPIEDAD DEL VOLUNTARIO,EMAP,32.0,25.3,0.8,https://indomet.gob.do/wp-content/uploads/2025/06/temperaturas-extremas-y-precipitaciones-2025x06x04-a-1.pdf
2025-06-04,037,VILLA RIVA,DUARTE,HOSP. MPAL. ALICIA DE LEGENDRE,EMCO,32.6,22.3,0.8,https://indomet.gob.do/wp-content/uploads/2025/06/temperaturas-extremas-y-precipitaciones-2025x06x04-a-1.pdf
2025-06-04,038,ALTAMIRA,PUERTO PLATA,HOSP. MPAL. DE ALTAMIRA,EMCO,32.4,20.0,0.6,https://indomet.gob.do/wp-content/uploads/2025/06/temperaturas-extremas-y-precipitaciones-2025x06x04-a-1.pdf
2025-06-04,039,CABRERA,MARÍA TRINIDAD SÁNCHEZ,ESCUELA ARÍSTIDES FIALLO CABRAL,EMCO,34.0,25.4,0.6,https://indomet.gob.do/wp-content/uploads/2025/06/temperaturas-extremas-y-precipitaciones-2025x06x04-a-1.pdf
2025-06-04,040,LA VEGA,LA VEGA,IATESA,EMCO,32.5,22.5,0.6,https://indomet.gob.do/wp-content/uploads/2025/06/temperaturas-extremas-y-precipitaciones-2025x06x04-a-1.pdf
2025-06-04,041,PESCADERIA (EMA),BARAHONA,MINISTERIO DE AGRICULTURA,EMAP,33.0,22.8,0.4,https://indomet.gob.do/wp-content/uploads/2025/06/temperaturas-extremas-y-precipitaciones-2025x06x04-a-1.pdf
2025-06-04,042,SAN FRANCISCO DE MACORÍS,DUARTE,San Francisco de Macorís (UASD),EMCO,31.6,22.5,0.4,https://indomet.gob.do/wp-content/uploads/2025/06/temperaturas-extremas-y-precipitaciones-2025x06x04-a-1.pdf
2025-06-04,043,ARPT. DEL CIBAO,SANTIAGO,ONAMET,EMCO,33.2,22.3,0.2,https://indomet.gob.do/wp-content/uploads/2025/06/temperaturas-extremas-y-precipitaciones-2025x06x04-a-1.pdf
2025-06-04,044,BOCA DE MAO (EMA),VALVERDE,MINISTERIO DE AGRICULTURA,EMAP,36.4,23.5,0.2,https://indomet.gob.do/wp-content/uploads/2025/06/temperaturas-extremas-y-precipitaciones-2025x06x04-a-1.pdf
2025-06-04,045,MONCIÓN (EMA),SANTIAGO RODRÍGUEZ,PROGRAMA MUNDIAL DE ALIMENTO,EMAP,31.8,21.2,0.2,https://indomet.gob.do/wp-content/uploads/2025/06/temperaturas-extremas-y-precipitaciones-2025x06x04-a-1.pdf
2025-06-04,046,CABRAL,BARAHONA,MINISTERIO DE AGRICULTURA,EMCV,33.8,22.7,0.1,https://indomet.gob.do/wp-content/uploads/2025/06/temperaturas-extremas-y-precipitaciones-2025x06x04-a-1.pdf
2025-06-04,047,SABANA DE LA MAR,HATO MAYOR,ONAMET,EMCO,31.0,22.0,0.1,https://indomet.gob.do/wp-content/uploads/2025/06/temperaturas-extremas-y-precipitaciones-2025x06x04-a-1.pdf
2025-06-04,048,ARPT. GREGORIO LUPERÓN,PUERTO PLATA,ONAMET,EMCO,32.4,24.4,0.0,https://indomet.gob.do/wp-content/uploads/2025/06/temperaturas-extremas-y-precipitaciones-2025x06x04-a-1.pdf
2025-06-04,049,ARPT. MARÍA MONTEZ,BARAHONA,ONAMET,EMCO,33.2,27.0,0.0,https://indomet.gob.do/wp-content/uploads/2025/06/temperaturas-extremas-y-precipitaciones-2025x06x04-a-1.pdf
2025-06-04,050,ARROYO LORO,SAN JUAN,IDIAF,EMCO,33.6,17.4,0.0,https://indomet.gob.do/wp-content/uploads/2025/06/temperaturas-extremas-y-precipitaciones-2025x06x04-a-1.pdf
2025-06-04,051,BAYAGUANA,MONTE PLATA,ONAMET,EMCO,33.0,22.5,0.0,https://indomet.gob.do/wp-content/uploads/2025/06/temperaturas-extremas-y-precipitaciones-2025x06x04-a-1.pdf
2025-06-04,052,BOHECHÍO,SAN JUAN,MINISTERIO DE AGRICULTURA,EMCV,,,0.0,https://indomet.gob.do/wp-content/uploads/2025/06/temperaturas-extremas-y-precipitaciones-2025x06x04-a-1.pdf
2025-06-04,053,DAJABÓN,DAJABÓN,INSTITUTO POLITÉCNICO LOYOLA,EMCO,34.6,21.1,0.0,https://indomet.gob.do/wp-content/uploads/2025/06/temperaturas-extremas-y-precipitaciones-2025x06x04-a-1.pdf
2025-06-04,054,EL FACTOR (EMA),MARÍA TRINIDAD SÁNCHEZ,INTEC,EMAP,31.8,23.4,0.0,https://indomet.gob.do/wp-content/uploads/2025/06/temperaturas-extremas-y-precipitaciones-2025x06x04-a-1.pdf
2025-06-04,055,ELÍAS PIÑA,ELÍAS PIÑA,MINISTERIO DE AGRICULTURA,EMCV,,,0.0,https://indomet.gob.do/wp-content/uploads/2025/06/temperaturas-extremas-y-precipitaciones-2025x06x04-a-1.pdf
2025-06-04,056,ENRIQUILLO,BARAHONA,MINISTERIO DE AGRICULTURA,EMCV,31.5,26.0,0.0,https://indomet.gob.do/wp-content/uploads/2025/06/temperaturas-extremas-y-precipitaciones-2025x06x04-a-1.pdf
2025-06-04,057,GASPAR HERNÁNDEZ,ESPAILLAT,PROPIEDAD DEL EMPLEADO,EMCO,,,0.0,https://indomet.gob.do/wp-content/uploads/2025/06/temperaturas-extremas-y-precipitaciones-2025x06x04-a-1.pdf
2025-06-04,058,GURABO,SANTIAGO,MINISTERIO DE AGRICULTURA,EMCV,,,0.0,https://indomet.gob.do/wp-content/uploads/2025/06/temperaturas-extremas-y-precipitaciones-2025x06x04-a-1.pdf
2025-06-04,059,HONDO VALLE,ELÍAS PIÑA,MINISTERIO DE AGRICULTURA,EMCO,26.5,17.2,0.0,https://indomet.gob.do/wp-content/uploads/2025/06/temperaturas-extremas-y-precipitaciones-2025x06x04-a-1.pdf
2025-06-04,060,JIMANÍ,INDEPENDENCIA,MINISTERIO DE AGRICULTURA,EMCO,35.4,25.4,0.0,https://indomet.gob.do/wp-content/uploads/2025/06/temperaturas-extremas-y-precipitaciones-2025x06x04-a-1.pdf
2025-06-04,061,LAS CANAS (EMA),MONTE CRISTI,PROGRAMA MUNDIAL DE ALIMENTO,EMAP,31.0,23.4,0.0,https://indomet.gob.do/wp-content/uploads/2025/06/temperaturas-extremas-y-precipitaciones-2025x06x04-a-1.pdf
2025-06-04,062,LAS MATAS DE SANTA CRUZ,MONTE CRISTI,INDRHI,EMCV,,,0.0,https://indomet.gob.do/wp-content/uploads/2025/06/temperaturas-extremas-y-precipitaciones-2025x06x04-a-1.pdf
2025-06-04,063,LAS MATAS DE SANTA CRUZ (EMA,MONTE CRISTI,PROGRAMA MUNDIAL DE ALIMENTO,EMAP,,,0.0,https://indomet.gob.do/wp-content/uploads/2025/06/temperaturas-extremas-y-precipitaciones-2025x06x04-a-1.pdf
2025-06-04,064,MAO,VALVERDE,INDRHI / MINISTERIO DE AGRICULTURA,EMCV,,,0.0,https://indomet.gob.do/wp-content/uploads/2025/06/temperaturas-extremas-y-precipitaciones-2025x06x04-a-1.pdf
2025-06-04,065,MONTE CRISTI,MONTE CRISTI,ONAMET,EMCO,34.5,24.0,0.0,https://indomet.gob.do/wp-content/uploads/2025/06/temperaturas-extremas-y-precipitaciones-2025x06x04-a-1.pdf
2025-06-04,066,OLIVARES,PEDERNALES,INDRHI,EMCO,,,0.0,https://indomet.gob.do/wp-content/uploads/2025/06/temperaturas-extremas-y-precipitaciones-2025x06x04-a-1.pdf
2025-06-04,067,OVIEDO,PEDERNALES,CLÍNICA RURAL OVIEDO,EMCO,32.3,26.4,0.0,https://indomet.gob.do/wp-content/uploads/2025/06/temperaturas-extremas-y-precipitaciones-2025x06x04-a-1.pdf
2025-06-04,068,PADRE LAS CASAS,AZUA,HOSP. NTRA. SRA. DEL CARMEN,EMCO,34.6,18.4,0.0,https://indomet.gob.do/wp-content/uploads/2025/06/temperaturas-extremas-y-precipitaciones-2025x06x04-a-1.pdf
2025-06-04,069,PALO ÍNDIO,PUERTO PLATA,MINISTERIO DE AGRICULTURA,EMCO,,,0.0,https://indomet.gob.do/wp-content/uploads/2025/06/temperaturas-extremas-y-precipitaciones-2025x06x04-a-1.pdf
2025-06-04,070,PEDERNALES,PEDERNALES,INDRHI,EMCO,,,0.0,https://indomet.gob.do/wp-content/uploads/2025/06/temperaturas-extremas-y-precipitaciones-2025x06x04-a-1.pdf
2025-06-04,071,PERALTA,AZUA,HOSP. MPAL. DE PERALTA,EMCO,33.3,18.0,0.0,https://indomet.gob.do/wp-content/uploads/2025/06/temperaturas-extremas-y-precipitaciones-2025x06x04-a-1.pdf
2025-06-04,072,PONTÓN ABAJO (EMA),LA VEGA,MINISTERIO DE AGRICULTURA,EMAP,33.9,23.1,0.0,https://indomet.gob.do/wp-content/uploads/2025/06/temperaturas-extremas-y-precipitaciones-2025x06x04-a-1.pdf
2025-06-04,073,PRESA DE TAVERAS (EMA),LA VEGA,PROGRAMA MUNDIAL DE ALIMENTO,EMAP,29.4,17.8,0.0,https://indomet.gob.do/wp-content/uploads/2025/06/temperaturas-extremas-y-precipitaciones-2025x06x04-a-1.pdf
2025-06-04,074,RESTAURACIÓN,DAJABÓN,MINISTERIO DE AGRICULTURA,EMCO,,18.7,0.0,https://indomet.gob.do/wp-content/uploads/2025/06/temperaturas-extremas-y-precipitaciones-2025x06x04-a-1.pdf
2025-06-04,075,SABANETA (EMA),SANTIAGO RODRÍGUEZ,PROGRAMA MUNDIAL DE ALIMENTO,EMAP,35.3,21.5,0.0,https://indomet.gob.do/wp-content/uploads/2025/06/temperaturas-extremas-y-precipitaciones-2025x06x04-a-1.pdf
2025-06-04,076,SÁNCHEZ,SAMANÁ,MINISTERIO DE AGRICULTURA,EMCO,34.7,23.6,0.0,https://indomet.gob.do/wp-content/uploads/2025/06/temperaturas-extremas-y-precipitaciones-2025x06x04-a-1.pdf
2025-06-04,077,SANTIAGO RODRÍGUEZ,SANTIAGO RODRÍGUEZ,ONAMET,EMCO,31.5,26.0,0.0,https://indomet.gob.do/wp-content/uploads/2025/06/temperaturas-extremas-y-precipitaciones-2025x06x04-a-1.pdf
2025-06-04,078,TÁBARA ABAJO,AZUA,INDRHI,EMCO,,22.1,0.0,https://indomet.gob.do/wp-content/uploads/2025/06/temperaturas-extremas-y-precipitaciones-2025x06x04-a-1.pdf
2025-06-04,079,VILLA GONZALES,SANTIAGO,MINISTERIO DE AGRICULTURA,EMCO,,,0.0,https://indomet.gob.do/wp-content/uploads/2025/06/temperaturas-extremas-y-precipitaciones-2025x06x04-a-1.pdf
2025-06-04,080,VILLA ISABELA,PUERTO PLATA,MINISTERIO DE AGRICULTURA,EMCV,,,0.0,https://indomet.gob.do/wp-content/uploads/2025/06/temperaturas-extremas-y-precipitaciones-2025x06x04-a-1.pdf
2025-06-05,001,BASE AÉREA DE SAN ISIDRO,SANTO DOMINGO,FUERZA AÉREA DOMINICANA,EMCV,31.0,22.0,51.8,https://indomet.gob.do/wp-content/uploads/2025/06/temperaturas-extremas-y-precipitaciones-2025x06x05-aB.pdf
2025-06-05,002,CENTRO DE LOS HEROES (EMA),DISTRITO NACIONAL,MINISTERIO DE ENERGIA Y MINA,EMAP,32.0,24.7,45.0,https://indomet.gob.do/wp-content/uploads/2025/06/temperaturas-extremas-y-precipitaciones-2025x06x05-aB.pdf
2025-06-05,003,SANTO DOMINGO ESTE,SANTO DOMINGO,ONAMET,EMCO,33.6,24.4,42.5,https://indomet.gob.do/wp-content/uploads/2025/06/temperaturas-extremas-y-precipitaciones-2025x06x05-aB.pdf
2025-06-05,004,VILLA ALTAGRACIA,SAN CRISTÓBAL,ESCUELA JAVIER ANGULO GURIDI,EMCO,,,40.0,https://indomet.gob.do/wp-content/uploads/2025/06/temperaturas-extremas-y-precipitaciones-2025x06x05-aB.pdf
2025-06-05,005,ARPT. LA ISABELA,SANTO DOMINGO,ONAMET,EMCO,32.0,21.0,24.0,https://indomet.gob.do/wp-content/uploads/2025/06/temperaturas-extremas-y-precipitaciones-2025x06x05-aB.pdf
2025-06-05,006,JARDÍN BOTÁNICO NACIONAL,DISTRITO NACIONAL,JARDÍN BOTÁNICO NACIONAL,EMCV,32.0,20.5,20.2,https://indomet.gob.do/wp-content/uploads/2025/06/temperaturas-extremas-y-precipitaciones-2025x06x05-aB.pdf
2025-06-05,007,JUMA BEJUCAL,MONSEÑOR NOUEL,IDIAF,EMCV,30.0,21.6,15.0,https://indomet.gob.do/wp-content/uploads/2025/06/temperaturas-extremas-y-precipitaciones-2025x06x05-aB.pdf
2025-06-05,008,ARPT. EL CATEY,SAMANÁ,ONAMET,EMCO,26.4,22.0,13.7,https://indomet.gob.do/wp-content/uploads/2025/06/temperaturas-extremas-y-precipitaciones-2025x06x05-aB.pdf
2025-06-05,009,LA VICTORIA,SANTO DOMINGO,CUERPO DE BOMBEROS,EMCO,31.5,22.0,11.3,https://indomet.gob.do/wp-content/uploads/2025/06/temperaturas-extremas-y-precipitaciones-2025x06x05-aB.pdf
2025-06-05,010,SAN CRISTÓBAL,SAN CRISTÓBAL,INSTITUTO POLITÉCNICO LOYOLA,EMCO,32.0,21.0,9.8,https://indomet.gob.do/wp-content/uploads/2025/06/temperaturas-extremas-y-precipitaciones-2025x06x05-aB.pdf
2025-06-05,011,ARPT. DE LAS AMÉRICAS,SANTO DOMINGO,ONAMET,EMCO,30.5,22.2,9.4,https://indomet.gob.do/wp-content/uploads/2025/06/temperaturas-extremas-y-precipitaciones-2025x06x05-aB.pdf
2025-06-05,012,RANCHO ARRIBA,SAN JOSÉ DE OCOA,CENTRO TECNOLÓGICO COMUNITARIO,EMCO,29.4,16.4,2.3,https://indomet.gob.do/wp-content/uploads/2025/06/temperaturas-extremas-y-precipitaciones-2025x06x05-aB.pdf
2025-06-05,013,SAN RAFAEL DEL YUMA,LA ALTAGRACIA,MINISTERIO DE AGRICULTURA,EMCO,33.4,22.9,2.1,https://indomet.gob.do/wp-content/uploads/2025/06/temperaturas-extremas-y-precipitaciones-2025x06x05-aB.pdf
2025-06-05,014,ELÍAS PIÑA,ELÍAS PIÑA,MINISTERIO DE AGRICULTURA,EMCV,,,2.1,https://indomet.gob.do/wp-content/uploads/2025/06/temperaturas-extremas-y-precipitaciones-2025x06x05-aB.pdf
2025-06-05,015,ALTO BANDERA (EMA),LA VEGA,INTEC,EMAP,12.9,5.9,1.5,https://indomet.gob.do/wp-content/uploads/2025/06/temperaturas-extremas-y-precipitaciones-2025x06x05-aB.pdf
2025-06-05,016,SABANA DE LA MAR,HATO MAYOR,ONAMET,EMCO,31.0,22.0,1.2,https://indomet.gob.do/wp-content/uploads/2025/06/temperaturas-extremas-y-precipitaciones-2025x06x05-aB.pdf
2025-06-05,017,ANAMUYA (EMA),LA ALTAGRACIA,MINISTERIO DE AGRICULTURA,EMAP,31.1,23.5,1.0,https://indomet.gob.do/wp-content/uploads/2025/06/temperaturas-extremas-y-precipitaciones-2025x06x05-aB.pdf
2025-06-05,018,SAN JOSÉ DE OCOA,SAN JOSÉ DE OCOA,HOSP. SAN JOSÉ DE OCOA,EMCO,31.1,,0.8,https://indomet.gob.do/wp-content/uploads/2025/06/temperaturas-extremas-y-precipitaciones-2025x06x05-aB.pdf
2025-06-05,019,ARPT. DE PUNTA CANA,LA ALTAGRACIA,ONAMET,EMCO,31.4,21.8,0.6,https://indomet.gob.do/wp-content/uploads/2025/06/temperaturas-extremas-y-precipitaciones-2025x06x05-aB.pdf
2025-06-05,020,VILLA RIVA,DUARTE,HOSP. MPAL. ALICIA DE LEGENDRE,EMCO,32.0,21.7,0.5,https://indomet.gob.do/wp-content/uploads/2025/06/temperaturas-extremas-y-precipitaciones-2025x06x05-aB.pdf
2025-06-05,021,POLO,BARAHONA,INDOCAFE,EMCO,29.0,18.0,0.4,https://indomet.gob.do/wp-content/uploads/2025/06/temperaturas-extremas-y-precipitaciones-2025x06x05-aB.pdf
2025-06-05,022,CABRERA,MARÍA TRINIDAD SÁNCHEZ,ESCUELA ARÍSTIDES FIALLO CABRAL,EMCO,33.8,25.8,0.2,https://indomet.gob.do/wp-content/uploads/2025/06/temperaturas-extremas-y-precipitaciones-2025x06x05-aB.pdf
2025-06-05,023,JARABACOA,LA VEGA,INDRHI / MARENA,EMCO,30.2,16.5,0.2,https://indomet.gob.do/wp-content/uploads/2025/06/temperaturas-extremas-y-precipitaciones-2025x06x05-aB.pdf
2025-06-05,024,SÁNCHEZ,SAMANÁ,MINISTERIO DE AGRICULTURA,EMCO,32.1,21.6,0.2,https://indomet.gob.do/wp-content/uploads/2025/06/temperaturas-extremas-y-precipitaciones-2025x06x05-aB.pdf
2025-06-05,025,BAYAGUANA,MONTE PLATA,ONAMET,EMCO,32.6,21.2,0.1,https://indomet.gob.do/wp-content/uploads/2025/06/temperaturas-extremas-y-precipitaciones-2025x06x05-aB.pdf
2025-06-05,026,HONDO VALLE,ELÍAS PIÑA,MINISTERIO DE AGRICULTURA,EMCO,26.3,17.1,0.1,https://indomet.gob.do/wp-content/uploads/2025/06/temperaturas-extremas-y-precipitaciones-2025x06x05-aB.pdf
2025-06-05,027,SALCEDO,HERMANAS MIRABAL,PROPIEDAD DEL EMPLEADO,EMCO,,,0.1,https://indomet.gob.do/wp-content/uploads/2025/06/temperaturas-extremas-y-precipitaciones-2025x06x05-aB.pdf
2025-06-05,028,ALTAMIRA,PUERTO PLATA,HOSP. MPAL. DE ALTAMIRA,EMCO,32.8,19.9,0.0,https://indomet.gob.do/wp-content/uploads/2025/06/temperaturas-extremas-y-precipitaciones-2025x06x05-aB.pdf
2025-06-05,029,ARPT. ARROYO BARRIL,SAMANÁ,ONAMET,EMCO,31.5,22.6,0.0,https://indomet.gob.do/wp-content/uploads/2025/06/temperaturas-extremas-y-precipitaciones-2025x06x05-aB.pdf
2025-06-05,030,ARPT. DE LA ROMANA,LA ROMANA,ONAMET,EMCO,32.2,21.0,0.0,https://indomet.gob.do/wp-content/uploads/2025/06/temperaturas-extremas-y-precipitaciones-2025x06x05-aB.pdf
2025-06-05,031,ARPT. DEL CIBAO,SANTIAGO,ONAMET,EMCO,33.0,22.0,0.0,https://indomet.gob.do/wp-content/uploads/2025/06/temperaturas-extremas-y-precipitaciones-2025x06x05-aB.pdf
2025-06-05,032,ARPT. GREGORIO LUPERÓN,PUERTO PLATA,ONAMET,EMCO,32.5,24.0,0.0,https://indomet.gob.do/wp-content/uploads/2025/06/temperaturas-extremas-y-precipitaciones-2025x06x05-aB.pdf
2025-06-05,033,ARPT. MARÍA MONTEZ,BARAHONA,ONAMET,EMCO,33.0,24.5,0.0,https://indomet.gob.do/wp-content/uploads/2025/06/temperaturas-extremas-y-precipitaciones-2025x06x05-aB.pdf
2025-06-05,034,ARROYO LORO,SAN JUAN,IDIAF,EMCO,34.0,18.4,0.0,https://indomet.gob.do/wp-content/uploads/2025/06/temperaturas-extremas-y-precipitaciones-2025x06x05-aB.pdf
2025-06-05,035,BARRIO RESTAURACIÓN (EMA),SAN PEDRO DE MACORÍS,PRIVADA,EMAP,,,0.0,https://indomet.gob.do/wp-content/uploads/2025/06/temperaturas-extremas-y-precipitaciones-2025x06x05-aB.pdf
2025-06-05,036,BOCA DE MAO (EMA),VALVERDE,MINISTERIO DE AGRICULTURA,EMAP,36.3,22.7,0.0,https://indomet.gob.do/wp-content/uploads/2025/06/temperaturas-extremas-y-precipitaciones-2025x06x05-aB.pdf
2025-06-05,037,CABRAL,BARAHONA,MINISTERIO DE AGRICULTURA,EMCV,34.5,24.8,0.0,https://indomet.gob.do/wp-content/uploads/2025/06/temperaturas-extremas-y-precipitaciones-2025x06x05-aB.pdf
2025-06-05,039,CONSTANZA (EMA),LA VEGA,PROGRAMA MUNDIAL DE ALIMENTO,EMAP,24.4,12.7,0.0,https://indomet.gob.do/wp-content/uploads/2025/06/temperaturas-extremas-y-precipitaciones-2025x06x05-aB.pdf
2025-06-05,040,DAJABÓN,DAJABÓN,INSTITUTO POLITÉCNICO LOYOLA,EMCO,35.5,20.0,0.0,https://indomet.gob.do/wp-content/uploads/2025/06/temperaturas-extremas-y-precipitaciones-2025x06x05-aB.pdf
2025-06-05,041,EL CERCADO,SAN JUAN,MINISTERIO DE AGRICULTURA,EMCV,,,0.0,https://indomet.gob.do/wp-content/uploads/2025/06/temperaturas-extremas-y-precipitaciones-2025x06x05-aB.pdf
2025-06-05,042,EL FACTOR (EMA),MARÍA TRINIDAD SÁNCHEZ,INTEC,EMAP,34.7,21.7,0.0,https://indomet.gob.do/wp-content/uploads/2025/06/temperaturas-extremas-y-precipitaciones-2025x06x05-aB.pdf
2025-06-05,043,ENRIQUILLO,BARAHONA,MINISTERIO DE AGRICULTURA,EMCV,32.5,25.5,0.0,https://indomet.gob.do/wp-content/uploads/2025/06/temperaturas-extremas-y-precipitaciones-2025x06x05-aB.pdf
2025-06-05,044,ESCONDIDO,PERAVIA,MINISTERIO DE AGRICULTURA,EMCV,32.0,25.0,0.0,https://indomet.gob.do/wp-content/uploads/2025/06/temperaturas-extremas-y-precipitaciones-2025x06x05-aB.pdf
2025-06-05,045,GASPAR HERNÁNDEZ,ESPAILLAT,PROPIEDAD DEL EMPLEADO,EMCO,,,0.0,https://indomet.gob.do/wp-content/uploads/2025/06/temperaturas-extremas-y-precipitaciones-2025x06x05-aB.pdf
2025-06-05,046,GURABO,SANTIAGO,MINISTERIO DE AGRICULTURA,EMCV,,,0.0,https://indomet.gob.do/wp-content/uploads/2025/06/temperaturas-extremas-y-precipitaciones-2025x06x05-aB.pdf
2025-06-05,047,HATO MAYOR,HATO MAYOR,MINISTERIO DE AGRICULTURA,EMCV,,,0.0,https://indomet.gob.do/wp-content/uploads/2025/06/temperaturas-extremas-y-precipitaciones-2025x06x05-aB.pdf
2025-06-05,048,JARABACOA (EMA),LA VEGA,PROGRAMA MUNDIAL DE ALIMENTO,EMAP,29.6,17.4,0.0,https://indomet.gob.do/wp-content/uploads/2025/06/temperaturas-extremas-y-precipitaciones-2025x06x05-aB.pdf
2025-06-05,049,JIMANÍ,INDEPENDENCIA,MINISTERIO DE AGRICULTURA,EMCO,36.2,24.6,0.0,https://indomet.gob.do/wp-content/uploads/2025/06/temperaturas-extremas-y-precipitaciones-2025x06x05-aB.pdf
2025-06-05,050,LA VEGA,LA VEGA,IATESA,EMCO,32.5,21.5,0.0,https://indomet.gob.do/wp-content/uploads/2025/06/temperaturas-extremas-y-precipitaciones-2025x06x05-aB.pdf
2025-06-05,051,LAS CANAS (EMA),MONTE CRISTI,PROGRAMA MUNDIAL DE ALIMENTO,EMAP,30.2,22.9,0.0,https://indomet.gob.do/wp-content/uploads/2025/06/temperaturas-extremas-y-precipitaciones-2025x06x05-aB.pdf
2025-06-05,052,LAS MATAS DE SANTA CRUZ,MONTE CRISTI,INDRHI,EMCV,,,0.0,https://indomet.gob.do/wp-content/uploads/2025/06/temperaturas-extremas-y-precipitaciones-2025x06x05-aB.pdf
2025-06-05,053,LAS MATAS DE SANTA CRUZ (EMA,MONTE CRISTI,PROGRAMA MUNDIAL DE ALIMENTO,EMAP,,,0.0,https://indomet.gob.do/wp-content/uploads/2025/06/temperaturas-extremas-y-precipitaciones-2025x06x05-aB.pdf
2025-06-05,054,LOS LLANOS,SAN PEDRO DE MACORÍS,MINISTERIO DE AGRICULTURA,EMCO,34.0,21.9,0.0,https://indomet.gob.do/wp-content/uploads/2025/06/temperaturas-extremas-y-precipitaciones-2025x06x05-aB.pdf
2025-06-05,055,LOS TRES CHARCOS (EMA),PEDERNALES,PROPIEDAD DEL VOLUNTARIO,EMAP,32.9,25.6,0.0,https://indomet.gob.do/wp-content/uploads/2025/06/temperaturas-extremas-y-precipitaciones-2025x06x05-aB.pdf
2025-06-05,056,MONCIÓN (EMA),SANTIAGO RODRÍGUEZ,PROGRAMA MUNDIAL DE ALIMENTO,EMAP,32.6,18.8,0.0,https://indomet.gob.do/wp-content/uploads/2025/06/temperaturas-extremas-y-precipitaciones-2025x06x05-aB.pdf
2025-06-05,057,MONTE CRISTI,MONTE CRISTI,ONAMET,EMCO,34.4,25.5,0.0,https://indomet.gob.do/wp-content/uploads/2025/06/temperaturas-extremas-y-precipitaciones-2025x06x05-aB.pdf
2025-06-05,058,NAVARRETE,SANTIAGO,MINISTERIO DE AGRICULTURA,EMCV,,,0.0,https://indomet.gob.do/wp-content/uploads/2025/06/temperaturas-extremas-y-precipitaciones-2025x06x05-aB.pdf
2025-06-05,059,OLIVARES,PEDERNALES,INDRHI,EMCO,,,0.0,https://indomet.gob.do/wp-content/uploads/2025/06/temperaturas-extremas-y-precipitaciones-2025x06x05-aB.pdf
2025-06-05,060,OVIEDO,PEDERNALES,CLÍNICA RURAL OVIEDO,EMCO,33.5,26.0,0.0,https://indomet.gob.do/wp-content/uploads/2025/06/temperaturas-extremas-y-precipitaciones-2025x06x05-aB.pdf
2025-06-05,061,PADRE LAS CASAS,AZUA,HOSP. NTRA. SRA. DEL CARMEN,EMCO,33.0,19.5,0.0,https://indomet.gob.do/wp-content/uploads/2025/06/temperaturas-extremas-y-precipitaciones-2025x06x05-aB.pdf
2025-06-05,062,PALO ÍNDIO,PUERTO PLATA,MINISTERIO DE AGRICULTURA,EMCO,,,0.0,https://indomet.gob.do/wp-content/uploads/2025/06/temperaturas-extremas-y-precipitaciones-2025x06x05-aB.pdf
2025-06-05,063,PEDERNALES,PEDERNALES,INDRHI,EMCO,,,0.0,https://indomet.gob.do/wp-content/uploads/2025/06/temperaturas-extremas-y-precipitaciones-2025x06x05-aB.pdf
2025-06-05,064,PERALTA,AZUA,HOSP. MPAL. DE PERALTA,EMCO,33.0,17.0,0.0,https://indomet.gob.do/wp-content/uploads/2025/06/temperaturas-extremas-y-precipitaciones-2025x06x05-aB.pdf
2025-06-05,065,PESCADERIA (EMA),BARAHONA,MINISTERIO DE AGRICULTURA,EMAP,33.8,24.5,0.0,https://indomet.gob.do/wp-content/uploads/2025/06/temperaturas-extremas-y-precipitaciones-2025x06x05-aB.pdf
2025-06-05,066,PONTÓN ABAJO (EMA),LA VEGA,MINISTERIO DE AGRICULTURA,EMAP,34.2,21.7,0.0,https://indomet.gob.do/wp-content/uploads/2025/06/temperaturas-extremas-y-precipitaciones-2025x06x05-aB.pdf
2025-06-05,067,PRESA DE TAVERAS (EMA),LA VEGA,PROGRAMA MUNDIAL DE ALIMENTO,EMAP,30.7,20.4,0.0,https://indomet.gob.do/wp-content/uploads/2025/06/temperaturas-extremas-y-precipitaciones-2025x06x05-aB.pdf
2025-06-05,068,RESTAURACIÓN,DAJABÓN,MINISTERIO DE AGRICULTURA,EMCO,,18.4,0.0,https://indomet.gob.do/wp-content/uploads/2025/06/temperaturas-extremas-y-precipitaciones-2025x06x05-aB.pdf
2025-06-05,069,RÍO SAN JUAN,MARÍA TRINIDAD SÁNCHEZ,HOSP. MPAL. DR. DESIDERIO ACOSTA,EMCV,32.9,22.8,0.0,https://indomet.gob.do/wp-content/uploads/2025/06/temperaturas-extremas-y-precipitaciones-2025x06x05-aB.pdf
2025-06-05,070,SABANA GRANDE DE BOYÁ,MONTE PLATA,MINISTERIO DE AGRICULTURA,EMCV,,,0.0,https://indomet.gob.do/wp-content/uploads/2025/06/temperaturas-extremas-y-precipitaciones-2025x06x05-aB.pdf
2025-06-05,071,SABANETA (EMA),SANTIAGO RODRÍGUEZ,PROGRAMA MUNDIAL DE ALIMENTO,EMAP,36.4,20.6,0.0,https://indomet.gob.do/wp-content/uploads/2025/06/temperaturas-extremas-y-precipitaciones-2025x06x05-aB.pdf
2025-06-05,072,SAMANÁ,SAMANÁ,COMANDANCIA DE PUERTO DE SAMANÁ,EMCO,32.7,23.5,0.0,https://indomet.gob.do/wp-content/uploads/2025/06/temperaturas-extremas-y-precipitaciones-2025x06x05-aB.pdf
2025-06-05,073,SAN FRANCISCO DE MACORÍS,DUARTE,San Francisco de Macorís (UASD),EMCO,32.4,21.8,0.0,https://indomet.gob.do/wp-content/uploads/2025/06/temperaturas-extremas-y-precipitaciones-2025x06x05-aB.pdf
2025-06-05,074,SANTIAGO RODRÍGUEZ,SANTIAGO RODRÍGUEZ,ONAMET,EMCO,36.3,22.4,0.0,https://indomet.gob.do/wp-content/uploads/2025/06/temperaturas-extremas-y-precipitaciones-2025x06x05-aB.pdf
2025-06-05,075,TÁBARA ABAJO,AZUA,INDRHI,EMCO,,23.0,0.0,https://indomet.gob.do/wp-content/uploads/2025/06/temperaturas-extremas-y-precipitaciones-2025x06x05-aB.pdf
2025-06-05,076,TAMBORIL,SANTIAGO,MINISTERIO DE AGRICULTURA,EMCV,,,0.0,https://indomet.gob.do/wp-content/uploads/2025/06/temperaturas-extremas-y-precipitaciones-2025x06x05-aB.pdf
2025-06-05,077,VILLA GONZALES,SANTIAGO,MINISTERIO DE AGRICULTURA,EMCO,,,0.0,https://indomet.gob.do/wp-content/uploads/2025/06/temperaturas-extremas-y-precipitaciones-2025x06x05-aB.pdf
2025-06-06,001,ELÍAS PIÑA,ELÍAS PIÑA,MINISTERIO DE AGRICULTURA,EMCV,,,16.0,https://indomet.gob.do/wp-content/uploads/2025/06/temperaturas-extremas-y-precipitaciones-2025x06x06-a.pdf
2025-06-06,002,LOS LLANOS,SAN PEDRO DE MACORÍS,MINISTERIO DE AGRICULTURA,EMCO,33.2,21.0,14.0,https://indomet.gob.do/wp-content/uploads/2025/06/temperaturas-extremas-y-precipitaciones-2025x06x06-a.pdf
2025-06-06,003,BAYAGUANA,MONTE PLATA,ONAMET,EMCO,33.4,21.0,12.5,https://indomet.gob.do/wp-content/uploads/2025/06/temperaturas-extremas-y-precipitaciones-2025x06x06-a.pdf
2025-06-06,004,PADRE LAS CASAS,AZUA,HOSP. NTRA. SRA. DEL CARMEN,EMCO,33.3,20.0,11.6,https://indomet.gob.do/wp-content/uploads/2025/06/temperaturas-extremas-y-precipitaciones-2025x06x06-a.pdf
2025-06-06,005,SABANA GRANDE DE BOYÁ,MONTE PLATA,MINISTERIO DE AGRICULTURA,EMCV,,,7.4,https://indomet.gob.do/wp-content/uploads/2025/06/temperaturas-extremas-y-precipitaciones-2025x06x06-a.pdf
2025-06-06,006,VILLA RIVA,DUARTE,HOSP. MPAL. ALICIA DE LEGENDRE,EMCO,31.6,21.0,5.3,https://indomet.gob.do/wp-content/uploads/2025/06/temperaturas-extremas-y-precipitaciones-2025x06x06-a.pdf
2025-06-06,007,CABRAL,BARAHONA,MINISTERIO DE AGRICULTURA,EMCV,34.0,25.0,1.8,https://indomet.gob.do/wp-content/uploads/2025/06/temperaturas-extremas-y-precipitaciones-2025x06x06-a.pdf
2025-06-06,008,VILLA ALTAGRACIA,SAN CRISTÓBAL,ESCUELA JAVIER ANGULO GURIDI,EMCO,,,1.2,https://indomet.gob.do/wp-content/uploads/2025/06/temperaturas-extremas-y-precipitaciones-2025x06x06-a.pdf
2025-06-06,009,ARPT. MARÍA MONTEZ,BARAHONA,ONAMET,EMCO,32.6,25.5,1.0,https://indomet.gob.do/wp-content/uploads/2025/06/temperaturas-extremas-y-precipitaciones-2025x06x06-a.pdf
2025-06-06,010,DAJABÓN,DAJABÓN,INSTITUTO POLITÉCNICO LOYOLA,EMCO,32.5,25.2,1.0,https://indomet.gob.do/wp-content/uploads/2025/06/temperaturas-extremas-y-precipitaciones-2025x06x06-a.pdf
2025-06-06,011,OVIEDO,PEDERNALES,CLÍNICA RURAL OVIEDO,EMCO,32.5,25.2,1.0,https://indomet.gob.do/wp-content/uploads/2025/06/temperaturas-extremas-y-precipitaciones-2025x06x06-a.pdf
2025-06-06,012,SAMANÁ,SAMANÁ,COMANDANCIA DE PUERTO DE SAMANÁ,EMCO,32.5,23.5,1.0,https://indomet.gob.do/wp-content/uploads/2025/06/temperaturas-extremas-y-precipitaciones-2025x06x06-a.pdf
2025-06-06,013,BONAO,MONSEÑOR NOUEL,MINISTERIO DE AGRICULTURA,EMCV,,,0.6,https://indomet.gob.do/wp-content/uploads/2025/06/temperaturas-extremas-y-precipitaciones-2025x06x06-a.pdf
2025-06-06,014,HATO MAYOR,HATO MAYOR,MINISTERIO DE AGRICULTURA,EMCV,,,0.6,https://indomet.gob.do/wp-content/uploads/2025/06/temperaturas-extremas-y-precipitaciones-2025x06x06-a.pdf
2025-06-06,015,SABANA DE LA MAR,HATO MAYOR,ONAMET,EMCO,31.0,21.5,0.5,https://indomet.gob.do/wp-content/uploads/2025/06/temperaturas-extremas-y-precipitaciones-2025x06x06-a.pdf
2025-06-06,016,LA VICTORIA,SANTO DOMINGO,CUERPO DE BOMBEROS,EMCO,33.5,22.0,0.4,https://indomet.gob.do/wp-content/uploads/2025/06/temperaturas-extremas-y-precipitaciones-2025x06x06-a.pdf
2025-06-06,017,RANCHO ARRIBA,SAN JOSÉ DE OCOA,CENTRO TECNOLÓGICO COMUNITARIO,EMCO,31.1,19.0,0.3,https://indomet.gob.do/wp-content/uploads/2025/06/temperaturas-extremas-y-precipitaciones-2025x06x06-a.pdf
2025-06-06,018,ALTO BANDERA (EMA),LA VEGA,INTEC,EMAP,16.3,6.3,0.3,https://indomet.gob.do/wp-content/uploads/2025/06/temperaturas-extremas-y-precipitaciones-2025x06x06-a.pdf
2025-06-06,019,CABRERA,MARÍA TRINIDAD SÁNCHEZ,ESCUELA ARÍSTIDES FIALLO CABRAL,EMCO,34.0,25.6,0.2,https://indomet.gob.do/wp-content/uploads/2025/06/temperaturas-extremas-y-precipitaciones-2025x06x06-a.pdf
2025-06-06,020,JUMA BEJUCAL,MONSEÑOR NOUEL,IDIAF,EMCV,33.4,22.2,0.2,https://indomet.gob.do/wp-content/uploads/2025/06/temperaturas-extremas-y-precipitaciones-2025x06x06-a.pdf
2025-06-06,021,PESCADERIA (EMA),BARAHONA,MINISTERIO DE AGRICULTURA,EMAP,33.3,26.1,0.2,https://indomet.gob.do/wp-content/uploads/2025/06/temperaturas-extremas-y-precipitaciones-2025x06x06-a.pdf
2025-06-06,022,HONDO VALLE,ELÍAS PIÑA,MINISTERIO DE AGRICULTURA,EMCO,26.4,17.5,0.1,https://indomet.gob.do/wp-content/uploads/2025/06/temperaturas-extremas-y-precipitaciones-2025x06x06-a.pdf
2025-06-06,023,PERALTA,AZUA,HOSP. MPAL. DE PERALTA,EMCO,32.5,18.0,0.1,https://indomet.gob.do/wp-content/uploads/2025/06/temperaturas-extremas-y-precipitaciones-2025x06x06-a.pdf
2025-06-06,024,RESTAURACIÓN,DAJABÓN,MINISTERIO DE AGRICULTURA,EMCO,,19.1,0.1,https://indomet.gob.do/wp-content/uploads/2025/06/temperaturas-extremas-y-precipitaciones-2025x06x06-a.pdf
2025-06-06,025,SÁNCHEZ,SAMANÁ,MINISTERIO DE AGRICULTURA,EMCO,32.8,22.0,0.1,https://indomet.gob.do/wp-content/uploads/2025/06/temperaturas-extremas-y-precipitaciones-2025x06x06-a.pdf
2025-06-06,026,ALTAMIRA,PUERTO PLATA,HOSP. MPAL. DE ALTAMIRA,EMCO,33.5,20.4,0.0,https://indomet.gob.do/wp-content/uploads/2025/06/temperaturas-extremas-y-precipitaciones-2025x06x06-a.pdf
2025-06-06,027,ANAMUYA (EMA),LA ALTAGRACIA,MINISTERIO DE AGRICULTURA,EMAP,31.9,23.3,0.0,https://indomet.gob.do/wp-content/uploads/2025/06/temperaturas-extremas-y-precipitaciones-2025x06x06-a.pdf
2025-06-06,028,ARPT. ARROYO BARRIL,SAMANÁ,ONAMET,EMCO,31.5,23.4,0.0,https://indomet.gob.do/wp-content/uploads/2025/06/temperaturas-extremas-y-precipitaciones-2025x06x06-a.pdf
2025-06-06,029,ARPT. DE LA ROMANA,LA ROMANA,ONAMET,EMCO,33.0,21.5,0.0,https://indomet.gob.do/wp-content/uploads/2025/06/temperaturas-extremas-y-precipitaciones-2025x06x06-a.pdf
2025-06-06,030,ARPT. DE LAS AMÉRICAS,SANTO DOMINGO,ONAMET,EMCO,31.3,21.8,0.0,https://indomet.gob.do/wp-content/uploads/2025/06/temperaturas-extremas-y-precipitaciones-2025x06x06-a.pdf
2025-06-06,031,ARPT. DE PUNTA CANA,LA ALTAGRACIA,ONAMET,EMCO,31.4,23.0,0.0,https://indomet.gob.do/wp-content/uploads/2025/06/temperaturas-extremas-y-precipitaciones-2025x06x06-a.pdf
2025-06-06,032,ARPT. DEL CIBAO,SANTIAGO,ONAMET,EMCO,34.8,20.6,0.0,https://indomet.gob.do/wp-content/uploads/2025/06/temperaturas-extremas-y-precipitaciones-2025x06x06-a.pdf
2025-06-06,033,ARPT. EL CATEY,SAMANÁ,ONAMET,EMCO,29.0,21.0,0.0,https://indomet.gob.do/wp-content/uploads/2025/06/temperaturas-extremas-y-precipitaciones-2025x06x06-a.pdf
2025-06-06,034,ARPT. GREGORIO LUPERÓN,PUERTO PLATA,ONAMET,EMCO,32.2,23.0,0.0,https://indomet.gob.do/wp-content/uploads/2025/06/temperaturas-extremas-y-precipitaciones-2025x06x06-a.pdf
2025-06-06,035,ARPT. LA ISABELA,SANTO DOMINGO,ONAMET,EMCO,32.7,22.0,0.0,https://indomet.gob.do/wp-content/uploads/2025/06/temperaturas-extremas-y-precipitaciones-2025x06x06-a.pdf
2025-06-06,036,ARROYO LORO,SAN JUAN,IDIAF,EMCO,33.0,21.0,0.0,https://indomet.gob.do/wp-content/uploads/2025/06/temperaturas-extremas-y-precipitaciones-2025x06x06-a.pdf
2025-06-06,037,BOCA DE MAO (EMA),VALVERDE,MINISTERIO DE AGRICULTURA,EMAP,36.4,23.6,0.0,https://indomet.gob.do/wp-content/uploads/2025/06/temperaturas-extremas-y-precipitaciones-2025x06x06-a.pdf
2025-06-06,038,CENTRO DE LOS HEROES (EMA),DISTRITO NACIONAL,MINISTERIO DE ENERGIA Y MINA,EMAP,31.2,25.1,0.0,https://indomet.gob.do/wp-content/uploads/2025/06/temperaturas-extremas-y-precipitaciones-2025x06x06-a.pdf
2025-06-06,039,CONSTANZA,LA VEGA,MINISTERIO DE AGRICULTURA,EMCO,26.7,15.4,0.0,https://indomet.gob.do/wp-content/uploads/2025/06/temperaturas-extremas-y-precipitaciones-2025x06x06-a.pdf
2025-06-06,040,CONSTANZA (EMA),LA VEGA,PROGRAMA MUNDIAL DE ALIMENTO,EMAP,25.8,15.6,0.0,https://indomet.gob.do/wp-content/uploads/2025/06/temperaturas-extremas-y-precipitaciones-2025x06x06-a.pdf
2025-06-06,041,EL FACTOR (EMA),MARÍA TRINIDAD SÁNCHEZ,INTEC,EMAP,32.9,22.2,0.0,https://indomet.gob.do/wp-content/uploads/2025/06/temperaturas-extremas-y-precipitaciones-2025x06x06-a.pdf
2025-06-06,042,LA GUAYIGA (EMA),SAN CRISTÓBAL,PRIVADA,EMAP,,,0.0,https://indomet.gob.do/wp-content/uploads/2025/06/temperaturas-extremas-y-precipitaciones-2025x06x06-a.pdf
2025-06-06,043,ENRIQUILLO,BARAHONA,MINISTERIO DE AGRICULTURA,EMCV,32.6,26.0,0.0,https://indomet.gob.do/wp-content/uploads/2025/06/temperaturas-extremas-y-precipitaciones-2025x06x06-a.pdf
2025-06-06,044,ESCONDIDO,PERAVIA,MINISTERIO DE AGRICULTURA,EMCV,33.0,24.0,0.0,https://indomet.gob.do/wp-content/uploads/2025/06/temperaturas-extremas-y-precipitaciones-2025x06x06-a.pdf
2025-06-06,045,GASPAR HERNÁNDEZ,ESPAILLAT,PROPIEDAD DEL EMPLEADO,EMCO,,,0.0,https://indomet.gob.do/wp-content/uploads/2025/06/temperaturas-extremas-y-precipitaciones-2025x06x06-a.pdf
2025-06-06,046,GURABO,SANTIAGO,MINISTERIO DE AGRICULTURA,EMCV,,,0.0,https://indomet.gob.do/wp-content/uploads/2025/06/temperaturas-extremas-y-precipitaciones-2025x06x06-a.pdf
2025-06-06,047,JARABACOA,LA VEGA,INDRHI / MARENA,EMCO,31.2,18.6,0.0,https://indomet.gob.do/wp-content/uploads/2025/06/temperaturas-extremas-y-precipitaciones-2025x06x06-a.pdf
2025-06-06,048,JARABACOA (EMA),LA VEGA,PROGRAMA MUNDIAL DE ALIMENTO,EMAP,30.7,19.2,0.0,https://indomet.gob.do/wp-content/uploads/2025/06/temperaturas-extremas-y-precipitaciones-2025x06x06-a.pdf
2025-06-06,049,JIMANÍ,INDEPENDENCIA,MINISTERIO DE AGRICULTURA,EMCO,35.6,25.5,0.0,https://indomet.gob.do/wp-content/uploads/2025/06/temperaturas-extremas-y-precipitaciones-2025x06x06-a.pdf
2025-06-06,050,LA VEGA,LA VEGA,IATESA,EMCO,33.0,22.0,0.0,https://indomet.gob.do/wp-content/uploads/2025/06/temperaturas-extremas-y-precipitaciones-2025x06x06-a.pdf
2025-06-06,051,LAS CANAS (EMA),MONTE CRISTI,PROGRAMA MUNDIAL DE ALIMENTO,EMAP,30.1,23.4,0.0,https://indomet.gob.do/wp-content/uploads/2025/06/temperaturas-extremas-y-precipitaciones-2025x06x06-a.pdf
2025-06-06,052,LAS MATAS DE SANTA CRUZ (EMA,MONTE CRISTI,PROGRAMA MUNDIAL DE ALIMENTO,EMAP,,,0.0,https://indomet.gob.do/wp-content/uploads/2025/06/temperaturas-extremas-y-precipitaciones-2025x06x06-a.pdf
2025-06-06,053,LOS TRES CHARCOS (EMA),PEDERNALES,PROPIEDAD DEL VOLUNTARIO,EMAP,32.3,25.3,0.0,https://indomet.gob.do/wp-content/uploads/2025/06/temperaturas-extremas-y-precipitaciones-2025x06x06-a.pdf
2025-06-06,054,MONCIÓN (EMA),SANTIAGO RODRÍGUEZ,PROGRAMA MUNDIAL DE ALIMENTO,EMAP,32.8,20.4,0.0,https://indomet.gob.do/wp-content/uploads/2025/06/temperaturas-extremas-y-precipitaciones-2025x06x06-a.pdf
2025-06-06,055,MONTE CRISTI,MONTE CRISTI,ONAMET,EMCO,35.0,22.6,0.0,https://indomet.gob.do/wp-content/uploads/2025/06/temperaturas-extremas-y-precipitaciones-2025x06x06-a.pdf
2025-06-06,056,NAVARRETE,SANTIAGO,MINISTERIO DE AGRICULTURA,EMCV,,,0.0,https://indomet.gob.do/wp-content/uploads/2025/06/temperaturas-extremas-y-precipitaciones-2025x06x06-a.pdf
2025-06-06,057,OLIVARES,PEDERNALES,INDRHI,EMCO,,,0.0,https://indomet.gob.do/wp-content/uploads/2025/06/temperaturas-extremas-y-precipitaciones-2025x06x06-a.pdf
2025-06-06,058,PALO ÍNDIO,PUERTO PLATA,MINISTERIO DE AGRICULTURA,EMCO,,,0.0,https://indomet.gob.do/wp-content/uploads/2025/06/temperaturas-extremas-y-precipitaciones-2025x06x06-a.pdf
2025-06-06,059,PEDERNALES,PEDERNALES,INDRHI,EMCO,,,0.0,https://indomet.gob.do/wp-content/uploads/2025/06/temperaturas-extremas-y-precipitaciones-2025x06x06-a.pdf
2025-06-06,060,POLO,BARAHONA,INDOCAFE,EMCO,27.0,19.0,0.0,https://indomet.gob.do/wp-content/uploads/2025/06/temperaturas-extremas-y-precipitaciones-2025x06x06-a.pdf
2025-06-06,061,PONTÓN ABAJO (EMA),LA VEGA,MINISTERIO DE AGRICULTURA,EMAP,35.0,23.7,0.0,https://indomet.gob.do/wp-content/uploads/2025/06/temperaturas-extremas-y-precipitaciones-2025x06x06-a.pdf
2025-06-06,062,PRESA DE TAVERAS (EMA),LA VEGA,PROGRAMA MUNDIAL DE ALIMENTO,EMAP,30.8,22.0,0.0,https://indomet.gob.do/wp-content/uploads/2025/06/temperaturas-extremas-y-precipitaciones-2025x06x06-a.pdf
2025-06-06,063,RÍO SAN JUAN,MARÍA TRINIDAD SÁNCHEZ,HOSP. MPAL. DR. DESIDERIO ACOSTA,EMCV,33.6,23.4,0.0,https://indomet.gob.do/wp-content/uploads/2025/06/temperaturas-extremas-y-precipitaciones-2025x06x06-a.pdf
2025-06-06,064,SABANETA (EMA),SANTIAGO RODRÍGUEZ,PROGRAMA MUNDIAL DE ALIMENTO,EMAP,35.8,22.7,0.0,https://indomet.gob.do/wp-content/uploads/2025/06/temperaturas-extremas-y-precipitaciones-2025x06x06-a.pdf
2025-06-06,065,SALCEDO,HERMANAS MIRABAL,PROPIEDAD DEL EMPLEADO,EMCO,,,0.0,https://indomet.gob.do/wp-content/uploads/2025/06/temperaturas-extremas-y-precipitaciones-2025x06x06-a.pdf
2025-06-06,066,SAN CRISTÓBAL,SAN CRISTÓBAL,INSTITUTO POLITÉCNICO LOYOLA,EMCO,32.2,22.2,0.0,https://indomet.gob.do/wp-content/uploads/2025/06/temperaturas-extremas-y-precipitaciones-2025x06x06-a.pdf
2025-06-06,067,SAN JOSÉ DE OCOA,SAN JOSÉ DE OCOA,HOSP. SAN JOSÉ DE OCOA,EMCO,32.8,,0.0,https://indomet.gob.do/wp-content/uploads/2025/06/temperaturas-extremas-y-precipitaciones-2025x06x06-a.pdf
2025-06-06,068,SAN RAFAEL DEL YUMA,LA ALTAGRACIA,MINISTERIO DE AGRICULTURA,EMCO,33.9,22.4,0.0,https://indomet.gob.do/wp-content/uploads/2025/06/temperaturas-extremas-y-precipitaciones-2025x06x06-a.pdf
2025-06-06,069,SANTIAGO RODRÍGUEZ,SANTIAGO RODRÍGUEZ,ONAMET,EMCO,35.5,23.6,0.0,https://indomet.gob.do/wp-content/uploads/2025/06/temperaturas-extremas-y-precipitaciones-2025x06x06-a.pdf
2025-06-06,070,SANTO DOMINGO ESTE,SANTO DOMINGO,ONAMET,EMCO,33.5,23.8,0.0,https://indomet.gob.do/wp-content/uploads/2025/06/temperaturas-extremas-y-precipitaciones-2025x06x06-a.pdf
2025-06-06,071,TÁBARA ABAJO,AZUA,INDRHI,EMCO,33.6,24.0,0.0,https://indomet.gob.do/wp-content/uploads/2025/06/temperaturas-extremas-y-precipitaciones-2025x06x06-a.pdf
2025-06-06,072,TAMBORIL,SANTIAGO,MINISTERIO DE AGRICULTURA,EMCV,,,0.0,https://indomet.gob.do/wp-content/uploads/2025/06/temperaturas-extremas-y-precipitaciones-2025x06x06-a.pdf
2025-06-06,073,VILLA GONZALES,SANTIAGO,MINISTERIO DE AGRICULTURA,EMCO,,,0.0,https://indomet.gob.do/wp-content/uploads/2025/06/temperaturas-extremas-y-precipitaciones-2025x06x06-a.pdf
2025-06-06,074,VILLA ISABELA,PUERTO PLATA,MINISTERIO DE AGRICULTURA,EMCV,,,0.0,https://indomet.gob.do/wp-content/uploads/2025/06/temperaturas-extremas-y-precipitaciones-2025x06x06-a.pdf
2025-06-07,001,ARPT. DE PUNTA CANA,LA ALTAGRACIA,ONAMET,EMCO,31.6,25.4,2.6,https://indomet.gob.do/wp-content/uploads/2025/06/temperaturas-extremas-y-precipitaciones-2025x06x07-a.pdf
2025-06-07,002,HONDO VALLE,ELÍAS PIÑA,MINISTERIO DE AGRICULTURA,EMCO,26.2,17.0,2.4,https://indomet.gob.do/wp-content/uploads/2025/06/temperaturas-extremas-y-precipitaciones-2025x06x07-a.pdf
2025-06-07,003,ENRIQUILLO,BARAHONA,MINISTERIO DE AGRICULTURA,EMCV,32.4,24.7,0.8,https://indomet.gob.do/wp-content/uploads/2025/06/temperaturas-extremas-y-precipitaciones-2025x06x07-a.pdf
2025-06-07,004,SABANA GRANDE DE BOYÁ,MONTE PLATA,MINISTERIO DE AGRICULTURA,EMCV,,,0.1,https://indomet.gob.do/wp-content/uploads/2025/06/temperaturas-extremas-y-precipitaciones-2025x06x07-a.pdf
2025-06-07,005,ALTAMIRA,PUERTO PLATA,HOSP. MPAL. DE ALTAMIRA,EMCO,34.1,20.4,0.0,https://indomet.gob.do/wp-content/uploads/2025/06/temperaturas-extremas-y-precipitaciones-2025x06x07-a.pdf
2025-06-07,006,ALTO BANDERA (EMA),LA VEGA,INTEC,EMAP,19.8,6.8,0.0,https://indomet.gob.do/wp-content/uploads/2025/06/temperaturas-extremas-y-precipitaciones-2025x06x07-a.pdf
2025-06-07,007,ANAMUYA (EMA),LA ALTAGRACIA,MINISTERIO DE AGRICULTURA,EMAP,32.1,23.7,0.0,https://indomet.gob.do/wp-content/uploads/2025/06/temperaturas-extremas-y-precipitaciones-2025x06x07-a.pdf
2025-06-07,008,ARPT. ARROYO BARRIL,SAMANÁ,ONAMET,EMCO,32.0,23.2,0.0,https://indomet.gob.do/wp-content/uploads/2025/06/temperaturas-extremas-y-precipitaciones-2025x06x07-a.pdf
2025-06-07,009,ARPT. DE LA ROMANA,LA ROMANA,ONAMET,EMCO,33.0,22.0,0.0,https://indomet.gob.do/wp-content/uploads/2025/06/temperaturas-extremas-y-precipitaciones-2025x06x07-a.pdf
2025-06-07,010,ARPT. DE LAS AMÉRICAS,SANTO DOMINGO,ONAMET,EMCO,31.8,22.0,0.0,https://indomet.gob.do/wp-content/uploads/2025/06/temperaturas-extremas-y-precipitaciones-2025x06x07-a.pdf
2025-06-07,011,ARPT. DEL CIBAO,SANTIAGO,ONAMET,EMCO,35.2,22.5,0.0,https://indomet.gob.do/wp-content/uploads/2025/06/temperaturas-extremas-y-precipitaciones-2025x06x07-a.pdf
2025-06-07,012,ARPT. EL CATEY,SAMANÁ,ONAMET,EMCO,30.4,21.5,0.0,https://indomet.gob.do/wp-content/uploads/2025/06/temperaturas-extremas-y-precipitaciones-2025x06x07-a.pdf
2025-06-07,013,ARPT. GREGORIO LUPERÓN,PUERTO PLATA,ONAMET,EMCO,32.6,23.2,0.0,https://indomet.gob.do/wp-content/uploads/2025/06/temperaturas-extremas-y-precipitaciones-2025x06x07-a.pdf
2025-06-07,014,ARPT. LA ISABELA,SANTO DOMINGO,ONAMET,EMCO,32.6,22.5,0.0,https://indomet.gob.do/wp-content/uploads/2025/06/temperaturas-extremas-y-precipitaciones-2025x06x07-a.pdf
2025-06-07,015,ARPT. MARÍA MONTEZ,BARAHONA,ONAMET,EMCO,32.6,25.8,0.0,https://indomet.gob.do/wp-content/uploads/2025/06/temperaturas-extremas-y-precipitaciones-2025x06x07-a.pdf
2025-06-07,016,ARROYO LORO,SAN JUAN,IDIAF,EMCO,33.9,21.9,0.0,https://indomet.gob.do/wp-content/uploads/2025/06/temperaturas-extremas-y-precipitaciones-2025x06x07-a.pdf
2025-06-07,017,BAYAGUANA,MONTE PLATA,ONAMET,EMCO,33.6,20.8,0.0,https://indomet.gob.do/wp-content/uploads/2025/06/temperaturas-extremas-y-precipitaciones-2025x06x07-a.pdf
2025-06-07,018,BOCA DE MAO (EMA),VALVERDE,MINISTERIO DE AGRICULTURA,EMAP,36.2,24.3,0.0,https://indomet.gob.do/wp-content/uploads/2025/06/temperaturas-extremas-y-precipitaciones-2025x06x07-a.pdf
2025-06-07,019,BONAO,MONSEÑOR NOUEL,MINISTERIO DE AGRICULTURA,EMCV,,,0.0,https://indomet.gob.do/wp-content/uploads/2025/06/temperaturas-extremas-y-precipitaciones-2025x06x07-a.pdf
2025-06-07,020,CABRAL,BARAHONA,MINISTERIO DE AGRICULTURA,EMCV,33.9,23.8,0.0,https://indomet.gob.do/wp-content/uploads/2025/06/temperaturas-extremas-y-precipitaciones-2025x06x07-a.pdf
2025-06-07,021,CENTRO DE LOS HEROES (EMA),DISTRITO NACIONAL,MINISTERIO DE ENERGIA Y MINA,EMAP,30.9,25.6,0.0,https://indomet.gob.do/wp-content/uploads/2025/06/temperaturas-extremas-y-precipitaciones-2025x06x07-a.pdf
2025-06-07,022,CONSTANZA,LA VEGA,MINISTERIO DE AGRICULTURA,EMCO,26.7,14.5,0.0,https://indomet.gob.do/wp-content/uploads/2025/06/temperaturas-extremas-y-precipitaciones-2025x06x07-a.pdf
2025-06-07,023,CONSTANZA (EMA),LA VEGA,PROGRAMA MUNDIAL DE ALIMENTO,EMAP,25.9,14.7,0.0,https://indomet.gob.do/wp-content/uploads/2025/06/temperaturas-extremas-y-precipitaciones-2025x06x07-a.pdf
2025-06-07,024,DAJABÓN,DAJABÓN,INSTITUTO POLITÉCNICO LOYOLA,EMCO,33.2,20.7,0.0,https://indomet.gob.do/wp-content/uploads/2025/06/temperaturas-extremas-y-precipitaciones-2025x06x07-a.pdf
2025-06-07,025,EL FACTOR (EMA),MARÍA TRINIDAD SÁNCHEZ,INTEC,EMAP,32.8,22.3,0.0,https://indomet.gob.do/wp-content/uploads/2025/06/temperaturas-extremas-y-precipitaciones-2025x06x07-a.pdf
2025-06-07,026,ELÍAS PIÑA,ELÍAS PIÑA,MINISTERIO DE AGRICULTURA,EMCV,,,0.0,https://indomet.gob.do/wp-content/uploads/2025/06/temperaturas-extremas-y-precipitaciones-2025x06x07-a.pdf
2025-06-07,027,ESCONDIDO,PERAVIA,MINISTERIO DE AGRICULTURA,EMCV,32.0,25.0,0.0,https://indomet.gob.do/wp-content/uploads/2025/06/temperaturas-extremas-y-precipitaciones-2025x06x07-a.pdf
2025-06-07,028,GASPAR HERNÁNDEZ,ESPAILLAT,PROPIEDAD DEL EMPLEADO,EMCO,,,0.0,https://indomet.gob.do/wp-content/uploads/2025/06/temperaturas-extremas-y-precipitaciones-2025x06x07-a.pdf
2025-06-07,029,GURABO,SANTIAGO,MINISTERIO DE AGRICULTURA,EMCV,,,0.0,https://indomet.gob.do/wp-content/uploads/2025/06/temperaturas-extremas-y-precipitaciones-2025x06x07-a.pdf
2025-06-07,030,HATO MAYOR,HATO MAYOR,MINISTERIO DE AGRICULTURA,EMCV,,,0.0,https://indomet.gob.do/wp-content/uploads/2025/06/temperaturas-extremas-y-precipitaciones-2025x06x07-a.pdf
2025-06-07,031,JARABACOA,LA VEGA,INDRHI / MARENA,EMCO,32.0,17.6,0.0,https://indomet.gob.do/wp-content/uploads/2025/06/temperaturas-extremas-y-precipitaciones-2025x06x07-a.pdf
2025-06-07,032,JARABACOA (EMA),LA VEGA,PROGRAMA MUNDIAL DE ALIMENTO,EMAP,30.9,18.4,0.0,https://indomet.gob.do/wp-content/uploads/2025/06/temperaturas-extremas-y-precipitaciones-2025x06x07-a.pdf
2025-06-07,033,JIMANÍ,INDEPENDENCIA,MINISTERIO DE AGRICULTURA,EMCO,35.8,25.3,0.0,https://indomet.gob.do/wp-content/uploads/2025/06/temperaturas-extremas-y-precipitaciones-2025x06x07-a.pdf
2025-06-07,034,JUMA BEJUCAL,MONSEÑOR NOUEL,IDIAF,EMCV,,,0.0,https://indomet.gob.do/wp-content/uploads/2025/06/temperaturas-extremas-y-precipitaciones-2025x06x07-a.pdf
2025-06-07,035,LA VEGA,LA VEGA,IATESA,EMCO,34.0,23.0,0.0,https://indomet.gob.do/wp-content/uploads/2025/06/temperaturas-extremas-y-precipitaciones-2025x06x07-a.pdf
2025-06-07,036,LA VICTORIA,SANTO DOMINGO,CUERPO DE BOMBEROS,EMCO,33.4,22.5,0.0,https://indomet.gob.do/wp-content/uploads/2025/06/temperaturas-extremas-y-precipitaciones-2025x06x07-a.pdf
2025-06-07,037,LAS CANAS (EMA),MONTE CRISTI,PROGRAMA MUNDIAL DE ALIMENTO,EMAP,31.1,25.4,0.0,https://indomet.gob.do/wp-content/uploads/2025/06/temperaturas-extremas-y-precipitaciones-2025x06x07-a.pdf
2025-06-07,038,LAS MATAS DE SANTA CRUZ (EMA),MONTE CRISTI,PROGRAMA MUNDIAL DE ALIMENTO,EMAP,,,0.0,https://indomet.gob.do/wp-content/uploads/2025/06/temperaturas-extremas-y-precipitaciones-2025x06x07-a.pdf
2025-06-07,039,LOS LLANOS,SAN PEDRO DE MACORÍS,MINISTERIO DE AGRICULTURA,EMCO,33.4,22.8,0.0,https://indomet.gob.do/wp-content/uploads/2025/06/temperaturas-extremas-y-precipitaciones-2025x06x07-a.pdf
2025-06-07,040,LOS TRES CHARCOS (EMA),PEDERNALES,PROPIEDAD DEL VOLUNTARIO,EMAP,31.1,25.4,0.0,https://indomet.gob.do/wp-content/uploads/2025/06/temperaturas-extremas-y-precipitaciones-2025x06x07-a.pdf
2025-06-07,041,MONCIÓN (EMA),SANTIAGO RODRÍGUEZ,PROGRAMA MUNDIAL DE ALIMENTO,EMAP,32.7,21.5,0.0,https://indomet.gob.do/wp-content/uploads/2025/06/temperaturas-extremas-y-precipitaciones-2025x06x07-a.pdf
2025-06-07,042,MONTE CRISTI,MONTE CRISTI,ONAMET,EMCO,35.5,24.7,0.0,https://indomet.gob.do/wp-content/uploads/2025/06/temperaturas-extremas-y-precipitaciones-2025x06x07-a.pdf
2025-06-07,043,NAVARRETE,SANTIAGO,MINISTERIO DE AGRICULTURA,EMCV,,,0.0,https://indomet.gob.do/wp-content/uploads/2025/06/temperaturas-extremas-y-precipitaciones-2025x06x07-a.pdf
2025-06-07,044,OLIVARES,PEDERNALES,INDRHI,EMCO,,,0.0,https://indomet.gob.do/wp-content/uploads/2025/06/temperaturas-extremas-y-precipitaciones-2025x06x07-a.pdf
2025-06-07,045,OVIEDO,PEDERNALES,CLÍNICA RURAL OVIEDO,EMCO,32.2,26.2,0.0,https://indomet.gob.do/wp-content/uploads/2025/06/temperaturas-extremas-y-precipitaciones-2025x06x07-a.pdf
2025-06-07,046,PADRE LAS CASAS,AZUA,HOSP. NTRA. SRA. DEL CARMEN,EMCO,32.0,20.6,0.0,https://indomet.gob.do/wp-content/uploads/2025/06/temperaturas-extremas-y-precipitaciones-2025x06x07-a.pdf
2025-06-07,047,PALO ÍNDIO,PUERTO PLATA,MINISTERIO DE AGRICULTURA,EMCO,,,0.0,https://indomet.gob.do/wp-content/uploads/2025/06/temperaturas-extremas-y-precipitaciones-2025x06x07-a.pdf
2025-06-07,048,PEDERNALES,PEDERNALES,INDRHI,EMCO,,,0.0,https://indomet.gob.do/wp-content/uploads/2025/06/temperaturas-extremas-y-precipitaciones-2025x06x07-a.pdf
2025-06-07,049,PERALTA,AZUA,HOSP. MPAL. DE PERALTA,EMCO,33.0,20.2,0.0,https://indomet.gob.do/wp-content/uploads/2025/06/temperaturas-extremas-y-precipitaciones-2025x06x07-a.pdf
2025-06-07,050,PESCADERIA (EMA),BARAHONA,MINISTERIO DE AGRICULTURA,EMAP,33.2,26.4,0.0,https://indomet.gob.do/wp-content/uploads/2025/06/temperaturas-extremas-y-precipitaciones-2025x06x07-a.pdf
2025-06-07,051,POLO,BARAHONA,INDOCAFE,EMCO,28.4,16.2,0.0,https://indomet.gob.do/wp-content/uploads/2025/06/temperaturas-extremas-y-precipitaciones-2025x06x07-a.pdf
2025-06-07,052,PONTÓN ABAJO (EMA),LA VEGA,MINISTERIO DE AGRICULTURA,EMAP,35.8,23.5,0.0,https://indomet.gob.do/wp-content/uploads/2025/06/temperaturas-extremas-y-precipitaciones-2025x06x07-a.pdf
2025-06-07,053,PRESA DE TAVERAS (EMA),LA VEGA,PROGRAMA MUNDIAL DE ALIMENTO,EMAP,31.7,22.1,0.0,https://indomet.gob.do/wp-content/uploads/2025/06/temperaturas-extremas-y-precipitaciones-2025x06x07-a.pdf
2025-06-07,054,RANCHO ARRIBA,SAN JOSÉ DE OCOA,CENTRO TECNOLÓGICO COMUNITARIO,EMCO,31.3,17.8,0.0,https://indomet.gob.do/wp-content/uploads/2025/06/temperaturas-extremas-y-precipitaciones-2025x06x07-a.pdf
2025-06-07,055,RESTAURACIÓN,DAJABÓN,MINISTERIO DE AGRICULTURA,EMCO,,19.4,0.0,https://indomet.gob.do/wp-content/uploads/2025/06/temperaturas-extremas-y-precipitaciones-2025x06x07-a.pdf
2025-06-07,056,RÍO SAN JUAN,MARÍA TRINIDAD SÁNCHEZ,HOSP. MPAL. DR. DESIDERIO ACOSTA,EMCV,34.0,23.3,0.0,https://indomet.gob.do/wp-content/uploads/2025/06/temperaturas-extremas-y-precipitaciones-2025x06x07-a.pdf
2025-06-07,057,SABANA DE LA MAR,HATO MAYOR,ONAMET,EMCO,31.0,22.5,0.0,https://indomet.gob.do/wp-content/uploads/2025/06/temperaturas-extremas-y-precipitaciones-2025x06x07-a.pdf
2025-06-07,058,SABANETA (EMA),SANTIAGO RODRÍGUEZ,PROGRAMA MUNDIAL DE ALIMENTO,EMAP,36.6,23.8,0.0,https://indomet.gob.do/wp-content/uploads/2025/06/temperaturas-extremas-y-precipitaciones-2025x06x07-a.pdf
2025-06-07,059,SALCEDO,HERMANAS MIRABAL,PROPIEDAD DEL EMPLEADO,EMCO,,,0.0,https://indomet.gob.do/wp-content/uploads/2025/06/temperaturas-extremas-y-precipitaciones-2025x06x07-a.pdf
2025-06-07,060,SAMANÁ,SAMANÁ,COMANDANCIA DE PUERTO DE SAMANÁ,EMCO,32.7,24.0,0.0,https://indomet.gob.do/wp-content/uploads/2025/06/temperaturas-extremas-y-precipitaciones-2025x06x07-a.pdf
2025-06-07,061,SAN CRISTÓBAL,SAN CRISTÓBAL,INSTITUTO POLITÉCNICO LOYOLA,EMCO,32.4,23.0,0.0,https://indomet.gob.do/wp-content/uploads/2025/06/temperaturas-extremas-y-precipitaciones-2025x06x07-a.pdf
2025-06-07,062,SAN JOSÉ DE OCOA,SAN JOSÉ DE OCOA,HOSP. SAN JOSÉ DE OCOA,EMCO,32.7,,0.0,https://indomet.gob.do/wp-content/uploads/2025/06/temperaturas-extremas-y-precipitaciones-2025x06x07-a.pdf
2025-06-07,063,SAN RAFAEL DEL YUMA,LA ALTAGRACIA,MINISTERIO DE AGRICULTURA,EMCO,34.2,24.0,0.0,https://indomet.gob.do/wp-content/uploads/2025/06/temperaturas-extremas-y-precipitaciones-2025x06x07-a.pdf
2025-06-07,064,SÁNCHEZ,SAMANÁ,MINISTERIO DE AGRICULTURA,EMCO,32.3,21.5,0.0,https://indomet.gob.do/wp-content/uploads/2025/06/temperaturas-extremas-y-precipitaciones-2025x06x07-a.pdf
2025-06-07,065,SANTIAGO RODRÍGUEZ,SANTIAGO RODRÍGUEZ,ONAMET,EMCO,36.5,24.0,0.0,https://indomet.gob.do/wp-content/uploads/2025/06/temperaturas-extremas-y-precipitaciones-2025x06x07-a.pdf
2025-06-07,066,SANTO DOMINGO ESTE,SANTO DOMINGO,ONAMET,EMCO,32.0,24.2,0.0,https://indomet.gob.do/wp-content/uploads/2025/06/temperaturas-extremas-y-precipitaciones-2025x06x07-a.pdf
2025-06-07,067,TÁBARA ABAJO,AZUA,INDRHI,EMCO,33.5,23.3,0.0,https://indomet.gob.do/wp-content/uploads/2025/06/temperaturas-extremas-y-precipitaciones-2025x06x07-a.pdf
2025-06-07,068,VILLA ALTAGRACIA,SAN CRISTÓBAL,ESCUELA JAVIER ANGULO GURIDI,EMCO,,,0.0,https://indomet.gob.do/wp-content/uploads/2025/06/temperaturas-extremas-y-precipitaciones-2025x06x07-a.pdf
2025-06-07,069,VILLA GONZALES,SANTIAGO,MINISTERIO DE AGRICULTURA,EMCO,,,0.0,https://indomet.gob.do/wp-content/uploads/2025/06/temperaturas-extremas-y-precipitaciones-2025x06x07-a.pdf
2025-06-07,070,VILLA ISABELA,PUERTO PLATA,MINISTERIO DE AGRICULTURA,EMCV,,,0.0,https://indomet.gob.do/wp-content/uploads/2025/06/temperaturas-extremas-y-precipitaciones-2025x06x07-a.pdf
2025-06-07,071,VILLA RIVA,DUARTE,HOSP. MPAL. ALICIA DE LEGENDRE,EMCO,32.7,22.4,0.0,https://indomet.gob.do/wp-content/uploads/2025/06/temperaturas-extremas-y-precipitaciones-2025x06x07-a.pdf
2025-06-08,001,SABANA GRANDE DE BOYÁ,MONTE PLATA,MINISTERIO DE AGRICULTURA,EMCV,,,30.5,https://indomet.gob.do/wp-content/uploads/2025/06/temperaturas-extremas-y-precipitaciones-2025x06x08-a.pdf
2025-06-08,002,VILLA RIVA,DUARTE,HOSP. MPAL. ALICIA DE LEGENDRE,EMCO,32.0,23.0,19.8,https://indomet.gob.do/wp-content/uploads/2025/06/temperaturas-extremas-y-precipitaciones-2025x06x08-a.pdf
2025-06-08,003,BANI (EMA),PERAVIA,MINISTERIO DE AGRICULTURA,EMAP,,,17.4,https://indomet.gob.do/wp-content/uploads/2025/06/temperaturas-extremas-y-precipitaciones-2025x06x08-a.pdf
2025-06-08,004,SAN CRISTÓBAL,SAN CRISTÓBAL,INSTITUTO POLITÉCNICO LOYOLA,EMCO,31.2,21.0,9.7,https://indomet.gob.do/wp-content/uploads/2025/06/temperaturas-extremas-y-precipitaciones-2025x06x08-a.pdf
2025-06-08,005,POLO,BARAHONA,INDOCAFE,EMCO,29.3,17.5,9.1,https://indomet.gob.do/wp-content/uploads/2025/06/temperaturas-extremas-y-precipitaciones-2025x06x08-a.pdf
2025-06-08,006,LA VICTORIA,SANTO DOMINGO,CUERPO DE BOMBEROS,EMCO,33.0,23.0,7.0,https://indomet.gob.do/wp-content/uploads/2025/06/temperaturas-extremas-y-precipitaciones-2025x06x08-a.pdf
2025-06-08,007,SALCEDO,HERMANAS MIRABAL,PROPIEDAD DEL EMPLEADO,EMCO,,,4.2,https://indomet.gob.do/wp-content/uploads/2025/06/temperaturas-extremas-y-precipitaciones-2025x06x08-a.pdf
2025-06-08,008,SAMANÁ,SAMANÁ,COMANDANCIA DE PUERTO DE SAMANÁ,EMCO,33.2,23.9,4.2,https://indomet.gob.do/wp-content/uploads/2025/06/temperaturas-extremas-y-precipitaciones-2025x06x08-a.pdf
2025-06-08,009,SAN RAFAEL DEL YUMA,LA ALTAGRACIA,MINISTERIO DE AGRICULTURA,EMCO,32.6,23.4,2.6,https://indomet.gob.do/wp-content/uploads/2025/06/temperaturas-extremas-y-precipitaciones-2025x06x08-a.pdf
2025-06-08,010,ENRIQUILLO,BARAHONA,MINISTERIO DE AGRICULTURA,EMCV,32.4,24.5,2.4,https://indomet.gob.do/wp-content/uploads/2025/06/temperaturas-extremas-y-precipitaciones-2025x06x08-a.pdf
2025-06-08,011,LOS JENGIBRES,NAGUA,INDRHI,EMCO,,,2.2,https://indomet.gob.do/wp-content/uploads/2025/06/temperaturas-extremas-y-precipitaciones-2025x06x08-a.pdf
2025-06-08,012,SÁNCHEZ,SAMANÁ,MINISTERIO DE AGRICULTURA,EMCO,33.3,22.6,2.0,https://indomet.gob.do/wp-content/uploads/2025/06/temperaturas-extremas-y-precipitaciones-2025x06x08-a.pdf
2025-06-08,013,SAN FRANCISCO DE MACORÍS,DUARTE,San Francisco de Macorís (UASD),EMCO,33.1,23.3,1.6,https://indomet.gob.do/wp-content/uploads/2025/06/temperaturas-extremas-y-precipitaciones-2025x06x08-a.pdf
2025-06-08,014,CABRAL,BARAHONA,MINISTERIO DE AGRICULTURA,EMCV,34.6,24.6,1.0,https://indomet.gob.do/wp-content/uploads/2025/06/temperaturas-extremas-y-precipitaciones-2025x06x08-a.pdf
2025-06-08,015,CABRERA,MARÍA TRINIDAD SÁNCHEZ,ESCUELA ARÍSTIDES FIALLO CABRAL,EMCO,33.5,25.8,0.8,https://indomet.gob.do/wp-content/uploads/2025/06/temperaturas-extremas-y-precipitaciones-2025x06x08-a.pdf
2025-06-08,016,HATO MAYOR,HATO MAYOR,MINISTERIO DE AGRICULTURA,EMCV,,,0.8,https://indomet.gob.do/wp-content/uploads/2025/06/temperaturas-extremas-y-precipitaciones-2025x06x08-a.pdf
2025-06-08,017,LOS TRES CHARCOS (EMA),PEDERNALES,PROPIEDAD DEL VOLUNTARIO,EMAP,32.7,24.8,0.8,https://indomet.gob.do/wp-content/uploads/2025/06/temperaturas-extremas-y-precipitaciones-2025x06x08-a.pdf
2025-06-08,018,ARPT. ARROYO BARRIL,SAMANÁ,ONAMET,EMCO,32.0,24.0,0.6,https://indomet.gob.do/wp-content/uploads/2025/06/temperaturas-extremas-y-precipitaciones-2025x06x08-a.pdf
2025-06-08,019,RÍO SAN JUAN,MARÍA TRINIDAD SÁNCHEZ,HOSP. MPAL. DR. DESIDERIO ACOSTA,EMCV,34.0,24.4,0.6,https://indomet.gob.do/wp-content/uploads/2025/06/temperaturas-extremas-y-precipitaciones-2025x06x08-a.pdf
2025-06-08,020,SABANA DE LA MAR,HATO MAYOR,ONAMET,EMCO,31.5,24.0,0.5,https://indomet.gob.do/wp-content/uploads/2025/06/temperaturas-extremas-y-precipitaciones-2025x06x08-a.pdf
2025-06-08,021,VILLA ALTAGRACIA,SAN CRISTÓBAL,ESCUELA JAVIER ANGULO GURIDI,EMCO,,,0.2,https://indomet.gob.do/wp-content/uploads/2025/06/temperaturas-extremas-y-precipitaciones-2025x06x08-a.pdf
2025-06-08,022,ARPT. GREGORIO LUPERÓN,PUERTO PLATA,ONAMET,EMCO,32.5,23.5,0.1,https://indomet.gob.do/wp-content/uploads/2025/06/temperaturas-extremas-y-precipitaciones-2025x06x08-a.pdf
2025-06-08,023,OVIEDO,PEDERNALES,CLÍNICA RURAL OVIEDO,EMCO,33.0,25.5,0.1,https://indomet.gob.do/wp-content/uploads/2025/06/temperaturas-extremas-y-precipitaciones-2025x06x08-a.pdf
2025-06-08,024,ALTAMIRA,PUERTO PLATA,HOSP. MPAL. DE ALTAMIRA,EMCO,34.4,22.3,0.0,https://indomet.gob.do/wp-content/uploads/2025/06/temperaturas-extremas-y-precipitaciones-2025x06x08-a.pdf
2025-06-08,025,ANAMUYA (EMA),LA ALTAGRACIA,MINISTERIO DE AGRICULTURA,EMAP,32.3,24.9,0.0,https://indomet.gob.do/wp-content/uploads/2025/06/temperaturas-extremas-y-precipitaciones-2025x06x08-a.pdf
2025-06-08,026,ARPT. DE LA ROMANA,LA ROMANA,ONAMET,EMCO,32.5,23.0,0.0,https://indomet.gob.do/wp-content/uploads/2025/06/temperaturas-extremas-y-precipitaciones-2025x06x08-a.pdf
2025-06-08,027,ARPT. DE LAS AMÉRICAS,SANTO DOMINGO,ONAMET,EMCO,32.0,22.8,0.0,https://indomet.gob.do/wp-content/uploads/2025/06/temperaturas-extremas-y-precipitaciones-2025x06x08-a.pdf
2025-06-08,028,ARPT. DE PUNTA CANA,LA ALTAGRACIA,ONAMET,EMCO,31.6,23.0,0.0,https://indomet.gob.do/wp-content/uploads/2025/06/temperaturas-extremas-y-precipitaciones-2025x06x08-a.pdf
2025-06-08,029,ARPT. DEL CIBAO,SANTIAGO,ONAMET,EMCO,34.8,22.0,0.0,https://indomet.gob.do/wp-content/uploads/2025/06/temperaturas-extremas-y-precipitaciones-2025x06x08-a.pdf
2025-06-08,030,ARPT. EL CATEY,SAMANÁ,ONAMET,EMCO,32.2,22.2,0.0,https://indomet.gob.do/wp-content/uploads/2025/06/temperaturas-extremas-y-precipitaciones-2025x06x08-a.pdf
2025-06-08,031,ARPT. LA ISABELA,SANTO DOMINGO,ONAMET,EMCO,33.0,23.0,0.0,https://indomet.gob.do/wp-content/uploads/2025/06/temperaturas-extremas-y-precipitaciones-2025x06x08-a.pdf
2025-06-08,032,ARPT. MARÍA MONTEZ,BARAHONA,ONAMET,EMCO,33.0,26.6,0.0,https://indomet.gob.do/wp-content/uploads/2025/06/temperaturas-extremas-y-precipitaciones-2025x06x08-a.pdf
2025-06-08,033,ARROYO LORO,SAN JUAN,IDIAF,EMCO,33.0,21.0,0.0,https://indomet.gob.do/wp-content/uploads/2025/06/temperaturas-extremas-y-precipitaciones-2025x06x08-a.pdf
2025-06-08,034,BASE AÉREA DE SAN ISIDRO,SANTO DOMINGO,FUERZA AÉREA DOMINICANA,EMCV,36.0,26.3,0.0,https://indomet.gob.do/wp-content/uploads/2025/06/temperaturas-extremas-y-precipitaciones-2025x06x08-a.pdf
2025-06-08,035,BAYAGUANA,MONTE PLATA,ONAMET,EMCO,33.0,21.8,0.0,https://indomet.gob.do/wp-content/uploads/2025/06/temperaturas-extremas-y-precipitaciones-2025x06x08-a.pdf
2025-06-08,036,BOCA DE MAO (EMA),VALVERDE,MINISTERIO DE AGRICULTURA,EMAP,36.6,24.6,0.0,https://indomet.gob.do/wp-content/uploads/2025/06/temperaturas-extremas-y-precipitaciones-2025x06x08-a.pdf
2025-06-08,037,BOHECHÍO,SAN JUAN,MINISTERIO DE AGRICULTURA,EMCV,,,0.0,https://indomet.gob.do/wp-content/uploads/2025/06/temperaturas-extremas-y-precipitaciones-2025x06x08-a.pdf
2025-06-08,038,CENTRO DE LOS HEROES (EMA),DISTRITO NACIONAL,MINISTERIO DE ENERGIA Y MINA,EMAP,30.6,26.7,0.0,https://indomet.gob.do/wp-content/uploads/2025/06/temperaturas-extremas-y-precipitaciones-2025x06x08-a.pdf
2025-06-08,039,CONSTANZA,LA VEGA,MINISTERIO DE AGRICULTURA,EMCO,27.6,15.6,0.0,https://indomet.gob.do/wp-content/uploads/2025/06/temperaturas-extremas-y-precipitaciones-2025x06x08-a.pdf
2025-06-08,040,CONSTANZA (EMA),LA VEGA,PROGRAMA MUNDIAL DE ALIMENTO,EMAP,26.7,15.9,0.0,https://indomet.gob.do/wp-content/uploads/2025/06/temperaturas-extremas-y-precipitaciones-2025x06x08-a.pdf
2025-06-08,041,DAJABÓN,DAJABÓN,INSTITUTO POLITÉCNICO LOYOLA,EMCO,34.8,19.4,0.0,https://indomet.gob.do/wp-content/uploads/2025/06/temperaturas-extremas-y-precipitaciones-2025x06x08-a.pdf
2025-06-08,042,EL FACTOR (EMA),MARÍA TRINIDAD SÁNCHEZ,INTEC,EMAP,33.4,24.2,0.0,https://indomet.gob.do/wp-content/uploads/2025/06/temperaturas-extremas-y-precipitaciones-2025x06x08-a.pdf
2025-06-08,043,LA GUAYIGA (EMA),SAN CRISTÓBAL,PRIVADA,EMAP,,,0.0,https://indomet.gob.do/wp-content/uploads/2025/06/temperaturas-extremas-y-precipitaciones-2025x06x08-a.pdf
2025-06-08,044,ELÍAS PIÑA,ELÍAS PIÑA,MINISTERIO DE AGRICULTURA,EMCV,,,0.0,https://indomet.gob.do/wp-content/uploads/2025/06/temperaturas-extremas-y-precipitaciones-2025x06x08-a.pdf
2025-06-08,045,ESCONDIDO,PERAVIA,MINISTERIO DE AGRICULTURA,EMCV,32.0,25.0,0.0,https://indomet.gob.do/wp-content/uploads/2025/06/temperaturas-extremas-y-precipitaciones-2025x06x08-a.pdf
2025-06-08,046,GASPAR HERNÁNDEZ,ESPAILLAT,PROPIEDAD DEL EMPLEADO,EMCO,,,0.0,https://indomet.gob.do/wp-content/uploads/2025/06/temperaturas-extremas-y-precipitaciones-2025x06x08-a.pdf
2025-06-08,047,GURABO,SANTIAGO,MINISTERIO DE AGRICULTURA,EMCV,,,0.0,https://indomet.gob.do/wp-content/uploads/2025/06/temperaturas-extremas-y-precipitaciones-2025x06x08-a.pdf
2025-06-08,048,HONDO VALLE,ELÍAS PIÑA,MINISTERIO DE AGRICULTURA,EMCO,26.0,16.8,0.0,https://indomet.gob.do/wp-content/uploads/2025/06/temperaturas-extremas-y-precipitaciones-2025x06x08-a.pdf
2025-06-08,049,JARABACOA,LA VEGA,INDRHI / MARENA,EMCO,32.4,18.4,0.0,https://indomet.gob.do/wp-content/uploads/2025/06/temperaturas-extremas-y-precipitaciones-2025x06x08-a.pdf
2025-06-08,050,JARABACOA (EMA),LA VEGA,PROGRAMA MUNDIAL DE ALIMENTO,EMAP,26.7,15.9,0.0,https://indomet.gob.do/wp-content/uploads/2025/06/temperaturas-extremas-y-precipitaciones-2025x06x08-a.pdf
2025-06-08,051,JARDÍN BOTÁNICO NACIONAL,DISTRITO NACIONAL,JARDÍN BOTÁNICO NACIONAL,EMCV,33.1,21.4,0.0,https://indomet.gob.do/wp-content/uploads/2025/06/temperaturas-extremas-y-precipitaciones-2025x06x08-a.pdf
2025-06-08,052,JIMANÍ,INDEPENDENCIA,MINISTERIO DE AGRICULTURA,EMCO,36.0,25.6,0.0,https://indomet.gob.do/wp-content/uploads/2025/06/temperaturas-extremas-y-precipitaciones-2025x06x08-a.pdf
2025-06-08,053,JUMA BEJUCAL,MONSEÑOR NOUEL,IDIAF,EMCV,31.6,22.8,0.0,https://indomet.gob.do/wp-content/uploads/2025/06/temperaturas-extremas-y-precipitaciones-2025x06x08-a.pdf
2025-06-08,054,LA VEGA,LA VEGA,IATESA,EMCO,33.0,23.0,0.0,https://indomet.gob.do/wp-content/uploads/2025/06/temperaturas-extremas-y-precipitaciones-2025x06x08-a.pdf
2025-06-08,055,LAS CANAS (EMA),MONTE CRISTI,PROGRAMA MUNDIAL DE ALIMENTO,EMAP,30.6,23.9,0.0,https://indomet.gob.do/wp-content/uploads/2025/06/temperaturas-extremas-y-precipitaciones-2025x06x08-a.pdf
2025-06-08,056,LAS MATAS DE SANTA CRUZ (EMA,MONTE CRISTI,PROGRAMA MUNDIAL DE ALIMENTO,EMAP,,,0.0,https://indomet.gob.do/wp-content/uploads/2025/06/temperaturas-extremas-y-precipitaciones-2025x06x08-a.pdf
2025-06-08,057,LOS LLANOS,SAN PEDRO DE MACORÍS,MINISTERIO DE AGRICULTURA,EMCO,32.7,23.8,0.0,https://indomet.gob.do/wp-content/uploads/2025/06/temperaturas-extremas-y-precipitaciones-2025x06x08-a.pdf
2025-06-08,058,MONCIÓN (EMA),SANTIAGO RODRÍGUEZ,PROGRAMA MUNDIAL DE ALIMENTO,EMAP,33.2,21.7,0.0,https://indomet.gob.do/wp-content/uploads/2025/06/temperaturas-extremas-y-precipitaciones-2025x06x08-a.pdf
2025-06-08,059,MONTE CRISTI,MONTE CRISTI,ONAMET,EMCO,34.7,24.8,0.0,https://indomet.gob.do/wp-content/uploads/2025/06/temperaturas-extremas-y-precipitaciones-2025x06x08-a.pdf
2025-06-08,060,NAVARRETE,SANTIAGO,MINISTERIO DE AGRICULTURA,EMCV,,,0.0,https://indomet.gob.do/wp-content/uploads/2025/06/temperaturas-extremas-y-precipitaciones-2025x06x08-a.pdf
2025-06-08,061,OLIVARES,PEDERNALES,INDRHI,EMCO,,,0.0,https://indomet.gob.do/wp-content/uploads/2025/06/temperaturas-extremas-y-precipitaciones-2025x06x08-a.pdf
2025-06-08,062,PADRE LAS CASAS,AZUA,HOSP. NTRA. SRA. DEL CARMEN,EMCO,32.5,21.5,0.0,https://indomet.gob.do/wp-content/uploads/2025/06/temperaturas-extremas-y-precipitaciones-2025x06x08-a.pdf
2025-06-08,063,PALO ÍNDIO,PUERTO PLATA,MINISTERIO DE AGRICULTURA,EMCO,,,0.0,https://indomet.gob.do/wp-content/uploads/2025/06/temperaturas-extremas-y-precipitaciones-2025x06x08-a.pdf
2025-06-08,064,PASO AL MEDIO,SAN PEDRO DE MACORÍS,INDRHI,EMCO,,,0.0,https://indomet.gob.do/wp-content/uploads/2025/06/temperaturas-extremas-y-precipitaciones-2025x06x08-a.pdf
2025-06-08,065,PEDERNALES,PEDERNALES,INDRHI,EMCO,,,0.0,https://indomet.gob.do/wp-content/uploads/2025/06/temperaturas-extremas-y-precipitaciones-2025x06x08-a.pdf
2025-06-08,066,PERALTA,AZUA,HOSP. MPAL. DE PERALTA,EMCO,32.0,19.6,0.0,https://indomet.gob.do/wp-content/uploads/2025/06/temperaturas-extremas-y-precipitaciones-2025x06x08-a.pdf
2025-06-08,067,PESCADERIA (EMA),BARAHONA,MINISTERIO DE AGRICULTURA,EMAP,33.5,25.6,0.0,https://indomet.gob.do/wp-content/uploads/2025/06/temperaturas-extremas-y-precipitaciones-2025x06x08-a.pdf
2025-06-08,068,PONTÓN ABAJO (EMA),LA VEGA,MINISTERIO DE AGRICULTURA,EMAP,35.4,24.2,0.0,https://indomet.gob.do/wp-content/uploads/2025/06/temperaturas-extremas-y-precipitaciones-2025x06x08-a.pdf
2025-06-08,069,PRESA DE TAVERAS (EMA),LA VEGA,PROGRAMA MUNDIAL DE ALIMENTO,EMAP,31.3,22.6,0.0,https://indomet.gob.do/wp-content/uploads/2025/06/temperaturas-extremas-y-precipitaciones-2025x06x08-a.pdf
2025-06-08,070,RANCHO ARRIBA,SAN JOSÉ DE OCOA,CENTRO TECNOLÓGICO COMUNITARIO,EMCO,28.9,19.5,0.0,https://indomet.gob.do/wp-content/uploads/2025/06/temperaturas-extremas-y-precipitaciones-2025x06x08-a.pdf
2025-06-08,071,SABANETA (EMA),SANTIAGO RODRÍGUEZ,PROGRAMA MUNDIAL DE ALIMENTO,EMAP,37.3,24.7,0.0,https://indomet.gob.do/wp-content/uploads/2025/06/temperaturas-extremas-y-precipitaciones-2025x06x08-a.pdf
2025-06-08,072,SAN JOSÉ DE OCOA,SAN JOSÉ DE OCOA,HOSP. SAN JOSÉ DE OCOA,EMCO,30.6,,0.0,https://indomet.gob.do/wp-content/uploads/2025/06/temperaturas-extremas-y-precipitaciones-2025x06x08-a.pdf
2025-06-08,073,SANTIAGO RODRÍGUEZ,SANTIAGO RODRÍGUEZ,ONAMET,EMCO,37.0,25.0,0.0,https://indomet.gob.do/wp-content/uploads/2025/06/temperaturas-extremas-y-precipitaciones-2025x06x08-a.pdf
2025-06-08,074,SANTO DOMINGO ESTE,SANTO DOMINGO,ONAMET,EMCO,33.3,25.0,0.0,https://indomet.gob.do/wp-content/uploads/2025/06/temperaturas-extremas-y-precipitaciones-2025x06x08-a.pdf
2025-06-08,075,TÁBARA ABAJO,AZUA,INDRHI,EMCO,33.4,24.0,0.0,https://indomet.gob.do/wp-content/uploads/2025/06/temperaturas-extremas-y-precipitaciones-2025x06x08-a.pdf
2025-06-08,076,TAMBORIL,SANTIAGO,MINISTERIO DE AGRICULTURA,EMCV,,,0.0,https://indomet.gob.do/wp-content/uploads/2025/06/temperaturas-extremas-y-precipitaciones-2025x06x08-a.pdf
2025-06-08,077,TAVERA,SANTIAGO,INDRHI,EMCO,,,0.0,https://indomet.gob.do/wp-content/uploads/2025/06/temperaturas-extremas-y-precipitaciones-2025x06x08-a.pdf
2025-06-08,078,VILLA GONZALES,SANTIAGO,MINISTERIO DE AGRICULTURA,EMCO,,,0.0,https://indomet.gob.do/wp-content/uploads/2025/06/temperaturas-extremas-y-precipitaciones-2025x06x08-a.pdf
2025-06-08,079,VILLA ISABELA,PUERTO PLATA,MINISTERIO DE AGRICULTURA,EMCV,,,0.0,https://indomet.gob.do/wp-content/uploads/2025/06/temperaturas-extremas-y-precipitaciones-2025x06x08-a.pdf
2025-06-08,080,ALTO BANDERA (EMA),LA VEGA,INTEC,EMAP,16.9,8.6,0.0,https://indomet.gob.do/wp-content/uploads/2025/06/temperaturas-extremas-y-precipitaciones-2025x06x08-a.pdf
2025-06-09,001,SAMANÁ,SAMANÁ,COMANDANCIA DE PUERTO DE SAMANÁ,EMCO,31.8,22.6,53.2,https://indomet.gob.do/wp-content/uploads/2025/06/temperaturas-extremas-y-precipitaciones-2025x06x09-a.pdf
2025-06-09,002,POLO,BARAHONA,INDOCAFE,EMCO,23.5,20.0,46.6,https://indomet.gob.do/wp-content/uploads/2025/06/temperaturas-extremas-y-precipitaciones-2025x06x09-a.pdf
2025-06-09,003,MONTE CRISTI,MONTE CRISTI,ONAMET,EMCO,35.6,23.5,39.3,https://indomet.gob.do/wp-content/uploads/2025/06/temperaturas-extremas-y-precipitaciones-2025x06x09-a.pdf
2025-06-09,004,ARPT. ARROYO BARRIL,SAMANÁ,ONAMET,EMCO,31.5,24.0,35.4,https://indomet.gob.do/wp-content/uploads/2025/06/temperaturas-extremas-y-precipitaciones-2025x06x09-a.pdf
2025-06-09,005,ESCONDIDO,PERAVIA,MINISTERIO DE AGRICULTURA,EMCV,29.0,24.0,29.0,https://indomet.gob.do/wp-content/uploads/2025/06/temperaturas-extremas-y-precipitaciones-2025x06x09-a.pdf
2025-06-09,006,VILLA RIVA,DUARTE,HOSP. MPAL. ALICIA DE LEGENDRE,EMCO,30.0,23.0,22.6,https://indomet.gob.do/wp-content/uploads/2025/06/temperaturas-extremas-y-precipitaciones-2025x06x09-a.pdf
2025-06-09,007,RESTAURACIÓN,DAJABÓN,MINISTERIO DE AGRICULTURA,EMCO,,19.7,20.1,https://indomet.gob.do/wp-content/uploads/2025/06/temperaturas-extremas-y-precipitaciones-2025x06x09-a.pdf
2025-06-09,008,SABANA DE LA MAR,HATO MAYOR,ONAMET,EMCO,31.5,22.5,18.4,https://indomet.gob.do/wp-content/uploads/2025/06/temperaturas-extremas-y-precipitaciones-2025x06x09-a.pdf
2025-06-09,009,SÁNCHEZ,SAMANÁ,MINISTERIO DE AGRICULTURA,EMCO,31.5,21.9,18.2,https://indomet.gob.do/wp-content/uploads/2025/06/temperaturas-extremas-y-precipitaciones-2025x06x09-a.pdf
2025-06-09,010,SABANA GRANDE DE BOYÁ,MONTE PLATA,MINISTERIO DE AGRICULTURA,EMCV,,,17.8,https://indomet.gob.do/wp-content/uploads/2025/06/temperaturas-extremas-y-precipitaciones-2025x06x09-a.pdf
2025-06-09,011,GASPAR HERNÁNDEZ,ESPAILLAT,PROPIEDAD DEL EMPLEADO,EMCO,,,17.0,https://indomet.gob.do/wp-content/uploads/2025/06/temperaturas-extremas-y-precipitaciones-2025x06x09-a.pdf
2025-06-09,012,VILLA ALTAGRACIA,SAN CRISTÓBAL,ESCUELA JAVIER ANGULO GURIDI,EMCO,,,14.5,https://indomet.gob.do/wp-content/uploads/2025/06/temperaturas-extremas-y-precipitaciones-2025x06x09-a.pdf
2025-06-09,013,RÍO SAN JUAN,MARÍA TRINIDAD SÁNCHEZ,HOSP. MPAL. DR. DESIDERIO ACOSTA,EMCV,32.7,23.3,14.0,https://indomet.gob.do/wp-content/uploads/2025/06/temperaturas-extremas-y-precipitaciones-2025x06x09-a.pdf
2025-06-09,014,OVIEDO,PEDERNALES,CLÍNICA RURAL OVIEDO,EMCO,32.5,24.0,13.4,https://indomet.gob.do/wp-content/uploads/2025/06/temperaturas-extremas-y-precipitaciones-2025x06x09-a.pdf
2025-06-09,015,ENRIQUILLO,BARAHONA,MINISTERIO DE AGRICULTURA,EMCV,31.2,23.3,12.2,https://indomet.gob.do/wp-content/uploads/2025/06/temperaturas-extremas-y-precipitaciones-2025x06x09-a.pdf
2025-06-09,016,LOS LLANOS,SAN PEDRO DE MACORÍS,MINISTERIO DE AGRICULTURA,EMCO,31.5,23.0,11.2,https://indomet.gob.do/wp-content/uploads/2025/06/temperaturas-extremas-y-precipitaciones-2025x06x09-a.pdf
2025-06-09,017,EL FACTOR (EMA),MARÍA TRINIDAD SÁNCHEZ,INTEC,EMAP,32.3,23.2,10.9,https://indomet.gob.do/wp-content/uploads/2025/06/temperaturas-extremas-y-precipitaciones-2025x06x09-a.pdf
2025-06-09,018,ARPT. DE PUNTA CANA,LA ALTAGRACIA,ONAMET,EMCO,31.7,22.0,10.5,https://indomet.gob.do/wp-content/uploads/2025/06/temperaturas-extremas-y-precipitaciones-2025x06x09-a.pdf
2025-06-09,019,BAYAGUANA,MONTE PLATA,ONAMET,EMCO,32.0,23.0,10.2,https://indomet.gob.do/wp-content/uploads/2025/06/temperaturas-extremas-y-precipitaciones-2025x06x09-a.pdf
2025-06-09,020,LA VEGA,LA VEGA,IATESA,EMCO,31.6,22.0,9.9,https://indomet.gob.do/wp-content/uploads/2025/06/temperaturas-extremas-y-precipitaciones-2025x06x09-a.pdf
2025-06-09,021,ARPT. EL CATEY,SAMANÁ,ONAMET,EMCO,32.4,22.0,9.8,https://indomet.gob.do/wp-content/uploads/2025/06/temperaturas-extremas-y-precipitaciones-2025x06x09-a.pdf
2025-06-09,022,JARDÍN BOTÁNICO NACIONAL,DISTRITO NACIONAL,JARDÍN BOTÁNICO NACIONAL,EMCV,31.3,22.1,7.4,https://indomet.gob.do/wp-content/uploads/2025/06/temperaturas-extremas-y-precipitaciones-2025x06x09-a.pdf
2025-06-09,023,SAN FRANCISCO DE MACORÍS,DUARTE,San Francisco de Macorís (UASD),EMCO,30.3,22.1,4.6,https://indomet.gob.do/wp-content/uploads/2025/06/temperaturas-extremas-y-precipitaciones-2025x06x09-a.pdf
2025-06-09,024,CENTRO DE LOS HEROES (EMA),DISTRITO NACIONAL,MINISTERIO DE ENERGIA Y MINA,EMAP,30.3,26.0,4.4,https://indomet.gob.do/wp-content/uploads/2025/06/temperaturas-extremas-y-precipitaciones-2025x06x09-a.pdf
2025-06-09,025,SANTO DOMINGO ESTE,SANTO DOMINGO,ONAMET,EMCO,31.0,26.0,4.2,https://indomet.gob.do/wp-content/uploads/2025/06/temperaturas-extremas-y-precipitaciones-2025x06x09-a.pdf
2025-06-09,026,CABRERA,MARÍA TRINIDAD SÁNCHEZ,ESCUELA ARÍSTIDES FIALLO CABRAL,EMCO,31.6,25.8,2.5,https://indomet.gob.do/wp-content/uploads/2025/06/temperaturas-extremas-y-precipitaciones-2025x06x09-a.pdf
2025-06-09,027,ARPT. DE LAS AMÉRICAS,SANTO DOMINGO,ONAMET,EMCO,29.8,22.6,2.2,https://indomet.gob.do/wp-content/uploads/2025/06/temperaturas-extremas-y-precipitaciones-2025x06x09-a.pdf
2025-06-09,028,PADRE LAS CASAS,AZUA,HOSP. NTRA. SRA. DEL CARMEN,EMCO,30.5,20.5,2.2,https://indomet.gob.do/wp-content/uploads/2025/06/temperaturas-extremas-y-precipitaciones-2025x06x09-a.pdf
2025-06-09,029,SAN RAFAEL DEL YUMA,LA ALTAGRACIA,MINISTERIO DE AGRICULTURA,EMCO,32.0,23.7,2.1,https://indomet.gob.do/wp-content/uploads/2025/06/temperaturas-extremas-y-precipitaciones-2025x06x09-a.pdf
2025-06-09,030,JUMA BEJUCAL,MONSEÑOR NOUEL,IDIAF,EMCV,30.4,22.4,2.0,https://indomet.gob.do/wp-content/uploads/2025/06/temperaturas-extremas-y-precipitaciones-2025x06x09-a.pdf
2025-06-09,031,JARABACOA (EMA),LA VEGA,PROGRAMA MUNDIAL DE ALIMENTO,EMAP,29.2,20.3,1.8,https://indomet.gob.do/wp-content/uploads/2025/06/temperaturas-extremas-y-precipitaciones-2025x06x09-a.pdf
2025-06-09,032,JARABACOA,LA VEGA,INDRHI / MARENA,EMCO,30.2,20.0,1.6,https://indomet.gob.do/wp-content/uploads/2025/06/temperaturas-extremas-y-precipitaciones-2025x06x09-a.pdf
2025-06-09,033,TAMBORIL,SANTIAGO,MINISTERIO DE AGRICULTURA,EMCV,,,1.3,https://indomet.gob.do/wp-content/uploads/2025/06/temperaturas-extremas-y-precipitaciones-2025x06x09-a.pdf
2025-06-09,034,RANCHO ARRIBA,SAN JOSÉ DE OCOA,CENTRO TECNOLÓGICO COMUNITARIO,EMCO,28.0,19.0,1.1,https://indomet.gob.do/wp-content/uploads/2025/06/temperaturas-extremas-y-precipitaciones-2025x06x09-a.pdf
2025-06-09,035,SAN CRISTÓBAL,SAN CRISTÓBAL,INSTITUTO POLITÉCNICO LOYOLA,EMCO,31.4,22.0,1.0,https://indomet.gob.do/wp-content/uploads/2025/06/temperaturas-extremas-y-precipitaciones-2025x06x09-a.pdf
2025-06-09,036,ALTO BANDERA (EMA),LA VEGA,INTEC,EMAP,14.6,7.2,0.8,https://indomet.gob.do/wp-content/uploads/2025/06/temperaturas-extremas-y-precipitaciones-2025x06x09-a.pdf
2025-06-09,037,BASE AÉREA DE SAN ISIDRO,SANTO DOMINGO,FUERZA AÉREA DOMINICANA,EMCV,31.0,23.5,0.8,https://indomet.gob.do/wp-content/uploads/2025/06/temperaturas-extremas-y-precipitaciones-2025x06x09-a.pdf
2025-06-09,038,PONTÓN ABAJO (EMA),LA VEGA,MINISTERIO DE AGRICULTURA,EMAP,32.1,23.7,0.8,https://indomet.gob.do/wp-content/uploads/2025/06/temperaturas-extremas-y-precipitaciones-2025x06x09-a.pdf
2025-06-09,039,SAN JOSÉ DE OCOA,SAN JOSÉ DE OCOA,HOSP. SAN JOSÉ DE OCOA,EMCO,28.7,,0.8,https://indomet.gob.do/wp-content/uploads/2025/06/temperaturas-extremas-y-precipitaciones-2025x06x09-a.pdf
2025-06-09,040,CABRAL,BARAHONA,MINISTERIO DE AGRICULTURA,EMCV,31.5,25.5,0.7,https://indomet.gob.do/wp-content/uploads/2025/06/temperaturas-extremas-y-precipitaciones-2025x06x09-a.pdf
2025-06-09,041,CONSTANZA,LA VEGA,MINISTERIO DE AGRICULTURA,EMCO,26.0,15.7,0.7,https://indomet.gob.do/wp-content/uploads/2025/06/temperaturas-extremas-y-precipitaciones-2025x06x09-a.pdf
2025-06-09,042,BONAO,MONSEÑOR NOUEL,MINISTERIO DE AGRICULTURA,EMCV,,,0.5,https://indomet.gob.do/wp-content/uploads/2025/06/temperaturas-extremas-y-precipitaciones-2025x06x09-a.pdf
2025-06-09,043,CONSTANZA (EMA),LA VEGA,PROGRAMA MUNDIAL DE ALIMENTO,EMAP,25.3,16.1,0.4,https://indomet.gob.do/wp-content/uploads/2025/06/temperaturas-extremas-y-precipitaciones-2025x06x09-a.pdf
2025-06-09,044,ANAMUYA (EMA),LA ALTAGRACIA,MINISTERIO DE AGRICULTURA,EMAP,30.9,24.8,0.2,https://indomet.gob.do/wp-content/uploads/2025/06/temperaturas-extremas-y-precipitaciones-2025x06x09-a.pdf
2025-06-09,045,ARPT. DEL CIBAO,SANTIAGO,ONAMET,EMCO,32.5,23.5,0.1,https://indomet.gob.do/wp-content/uploads/2025/06/temperaturas-extremas-y-precipitaciones-2025x06x09-a.pdf
2025-06-09,046,ARROYO LORO,SAN JUAN,IDIAF,EMCO,32.2,21.0,0.1,https://indomet.gob.do/wp-content/uploads/2025/06/temperaturas-extremas-y-precipitaciones-2025x06x09-a.pdf
2025-06-09,047,SANTIAGO RODRÍGUEZ,SANTIAGO RODRÍGUEZ,ONAMET,EMCO,33.5,24.0,0.1,https://indomet.gob.do/wp-content/uploads/2025/06/temperaturas-extremas-y-precipitaciones-2025x06x09-a.pdf
2025-06-09,048,ALTAMIRA,PUERTO PLATA,HOSP. MPAL. DE ALTAMIRA,EMCO,34.0,22.9,0.0,https://indomet.gob.do/wp-content/uploads/2025/06/temperaturas-extremas-y-precipitaciones-2025x06x09-a.pdf
2025-06-09,049,ARPT. DE LA ROMANA,LA ROMANA,ONAMET,EMCO,30.2,23.5,0.0,https://indomet.gob.do/wp-content/uploads/2025/06/temperaturas-extremas-y-precipitaciones-2025x06x09-a.pdf
2025-06-09,050,ARPT. GREGORIO LUPERÓN,PUERTO PLATA,ONAMET,EMCO,31.5,23.8,0.0,https://indomet.gob.do/wp-content/uploads/2025/06/temperaturas-extremas-y-precipitaciones-2025x06x09-a.pdf
2025-06-09,051,ARPT. LA ISABELA,SANTO DOMINGO,ONAMET,EMCO,32.0,21.5,0.0,https://indomet.gob.do/wp-content/uploads/2025/06/temperaturas-extremas-y-precipitaciones-2025x06x09-a.pdf
2025-06-09,052,ARPT. MARÍA MONTEZ,BARAHONA,ONAMET,EMCO,31.6,25.5,0.0,https://indomet.gob.do/wp-content/uploads/2025/06/temperaturas-extremas-y-precipitaciones-2025x06x09-a.pdf
2025-06-09,053,BOCA DE MAO (EMA),VALVERDE,MINISTERIO DE AGRICULTURA,EMAP,35.9,24.8,0.0,https://indomet.gob.do/wp-content/uploads/2025/06/temperaturas-extremas-y-precipitaciones-2025x06x09-a.pdf
2025-06-09,054,DAJABÓN,DAJABÓN,INSTITUTO POLITÉCNICO LOYOLA,EMCO,34.0,19.2,0.0,https://indomet.gob.do/wp-content/uploads/2025/06/temperaturas-extremas-y-precipitaciones-2025x06x09-a.pdf
2025-06-09,055,EL CERCADO,SAN JUAN,MINISTERIO DE AGRICULTURA,EMCV,,,0.0,https://indomet.gob.do/wp-content/uploads/2025/06/temperaturas-extremas-y-precipitaciones-2025x06x09-a.pdf
2025-06-09,056,ELÍAS PIÑA,ELÍAS PIÑA,MINISTERIO DE AGRICULTURA,EMCV,,,0.0,https://indomet.gob.do/wp-content/uploads/2025/06/temperaturas-extremas-y-precipitaciones-2025x06x09-a.pdf
2025-06-09,057,GURABO,SANTIAGO,MINISTERIO DE AGRICULTURA,EMCV,,,0.0,https://indomet.gob.do/wp-content/uploads/2025/06/temperaturas-extremas-y-precipitaciones-2025x06x09-a.pdf
2025-06-09,058,HONDO VALLE,ELÍAS PIÑA,MINISTERIO DE AGRICULTURA,EMCO,26.1,17.6,0.0,https://indomet.gob.do/wp-content/uploads/2025/06/temperaturas-extremas-y-precipitaciones-2025x06x09-a.pdf
2025-06-09,059,JIMANÍ,INDEPENDENCIA,MINISTERIO DE AGRICULTURA,EMCO,33.6,26.0,0.0,https://indomet.gob.do/wp-content/uploads/2025/06/temperaturas-extremas-y-precipitaciones-2025x06x09-a.pdf
2025-06-09,060,LA GUAYIGA (EMA),SAN CRISTÓBAL,PRIVADA,EMAP,,,0.0,https://indomet.gob.do/wp-content/uploads/2025/06/temperaturas-extremas-y-precipitaciones-2025x06x09-a.pdf
2025-06-09,061,LA VICTORIA,SANTO DOMINGO,CUERPO DE BOMBEROS,EMCO,32.4,23.5,0.0,https://indomet.gob.do/wp-content/uploads/2025/06/temperaturas-extremas-y-precipitaciones-2025x06x09-a.pdf
2025-06-09,062,LAS CANAS (EMA),MONTE CRISTI,PROGRAMA MUNDIAL DE ALIMENTO,EMAP,30.9,23.9,0.0,https://indomet.gob.do/wp-content/uploads/2025/06/temperaturas-extremas-y-precipitaciones-2025x06x09-a.pdf
2025-06-09,063,LAS MATAS DE SANTA CRUZ (EMA,MONTE CRISTI,PROGRAMA MUNDIAL DE ALIMENTO,EMAP,29.1,24.6,0.0,https://indomet.gob.do/wp-content/uploads/2025/06/temperaturas-extremas-y-precipitaciones-2025x06x09-a.pdf
2025-06-09,064,MAO,VALVERDE,INDRHI / MINISTERIO DE AGRICULTURA,EMCV,,,0.0,https://indomet.gob.do/wp-content/uploads/2025/06/temperaturas-extremas-y-precipitaciones-2025x06x09-a.pdf
2025-06-09,065,MONCIÓN (EMA),SANTIAGO RODRÍGUEZ,PROGRAMA MUNDIAL DE ALIMENTO,EMAP,32.6,22.3,0.0,https://indomet.gob.do/wp-content/uploads/2025/06/temperaturas-extremas-y-precipitaciones-2025x06x09-a.pdf
2025-06-09,066,NAVARRETE,SANTIAGO,MINISTERIO DE AGRICULTURA,EMCV,,,0.0,https://indomet.gob.do/wp-content/uploads/2025/06/temperaturas-extremas-y-precipitaciones-2025x06x09-a.pdf
2025-06-09,067,OLIVARES,PEDERNALES,INDRHI,EMCO,,,0.0,https://indomet.gob.do/wp-content/uploads/2025/06/temperaturas-extremas-y-precipitaciones-2025x06x09-a.pdf
2025-06-09,068,PALO ÍNDIO,PUERTO PLATA,MINISTERIO DE AGRICULTURA,EMCO,,,0.0,https://indomet.gob.do/wp-content/uploads/2025/06/temperaturas-extremas-y-precipitaciones-2025x06x09-a.pdf
2025-06-09,069,PEDERNALES,PEDERNALES,INDRHI,EMCO,,,0.0,https://indomet.gob.do/wp-content/uploads/2025/06/temperaturas-extremas-y-precipitaciones-2025x06x09-a.pdf
2025-06-09,070,PERALTA,AZUA,HOSP. MPAL. DE PERALTA,EMCO,30.0,18.5,0.0,https://indomet.gob.do/wp-content/uploads/2025/06/temperaturas-extremas-y-precipitaciones-2025x06x09-a.pdf
2025-06-09,071,PESCADERIA (EMA),BARAHONA,MINISTERIO DE AGRICULTURA,EMAP,31.5,27.6,0.0,https://indomet.gob.do/wp-content/uploads/2025/06/temperaturas-extremas-y-precipitaciones-2025x06x09-a.pdf
2025-06-09,072,PRESA DE TAVERAS (EMA),LA VEGA,PROGRAMA MUNDIAL DE ALIMENTO,EMAP,29.2,22.3,0.0,https://indomet.gob.do/wp-content/uploads/2025/06/temperaturas-extremas-y-precipitaciones-2025x06x09-a.pdf
2025-06-09,073,SABANETA (EMA),SANTIAGO RODRÍGUEZ,PROGRAMA MUNDIAL DE ALIMENTO,EMAP,35.1,24.1,0.0,https://indomet.gob.do/wp-content/uploads/2025/06/temperaturas-extremas-y-precipitaciones-2025x06x09-a.pdf
2025-06-09,074,SALCEDO,HERMANAS MIRABAL,PROPIEDAD DEL EMPLEADO,EMCO,,,0.0,https://indomet.gob.do/wp-content/uploads/2025/06/temperaturas-extremas-y-precipitaciones-2025x06x09-a.pdf
2025-06-09,075,TÁBARA ABAJO,AZUA,INDRHI,EMCO,32.4,23.1,0.0,https://indomet.gob.do/wp-content/uploads/2025/06/temperaturas-extremas-y-precipitaciones-2025x06x09-a.pdf
2025-06-09,076,VILLA GONZALES,SANTIAGO,MINISTERIO DE AGRICULTURA,EMCO,,,0.0,https://indomet.gob.do/wp-content/uploads/2025/06/temperaturas-extremas-y-precipitaciones-2025x06x09-a.pdf
2025-06-09,077,VILLA ISABELA,PUERTO PLATA,MINISTERIO DE AGRICULTURA,EMCV,,,0.0,https://indomet.gob.do/wp-content/uploads/2025/06/temperaturas-extremas-y-precipitaciones-2025x06x09-a.pdf
2025-06-10,001,ARPT. DE LA ROMANA,LA ROMANA,ONAMET,EMCO,33.7,23.6,25.4,https://indomet.gob.do/wp-content/uploads/2025/06/temperaturas-extremas-y-precipitaciones-2025x06x10-a.pdf
2025-06-10,002,RÍO SAN JUAN,MARÍA TRINIDAD SÁNCHEZ,HOSP. MPAL. DR. DESIDERIO ACOSTA,EMCV,32.7,23.6,24.9,https://indomet.gob.do/wp-content/uploads/2025/06/temperaturas-extremas-y-precipitaciones-2025x06x10-a.pdf
2025-06-10,003,VILLA RIVA,DUARTE,HOSP. MPAL. ALICIA DE LEGENDRE,EMCO,31.0,22.3,18.7,https://indomet.gob.do/wp-content/uploads/2025/06/temperaturas-extremas-y-precipitaciones-2025x06x10-a.pdf
2025-06-10,004,SABANA GRANDE DE BOYÁ,MONTE PLATA,MINISTERIO DE AGRICULTURA,EMCV,,,18.5,https://indomet.gob.do/wp-content/uploads/2025/06/temperaturas-extremas-y-precipitaciones-2025x06x10-a.pdf
2025-06-10,005,ARPT. EL CATEY,SAMANÁ,ONAMET,EMCO,31.6,22.0,18.0,https://indomet.gob.do/wp-content/uploads/2025/06/temperaturas-extremas-y-precipitaciones-2025x06x10-a.pdf
2025-06-10,006,ARPT. GREGORIO LUPERÓN,PUERTO PLATA,ONAMET,EMCO,32.5,23.7,16.0,https://indomet.gob.do/wp-content/uploads/2025/06/temperaturas-extremas-y-precipitaciones-2025x06x10-a.pdf
2025-06-10,007,SAN RAFAEL DEL YUMA,LA ALTAGRACIA,MINISTERIO DE AGRICULTURA,EMCO,34.1,22.9,15.2,https://indomet.gob.do/wp-content/uploads/2025/06/temperaturas-extremas-y-precipitaciones-2025x06x10-a.pdf
2025-06-10,008,JARABACOA (EMA),LA VEGA,PROGRAMA MUNDIAL DE ALIMENTO,EMAP,30.1,19.2,14.0,https://indomet.gob.do/wp-content/uploads/2025/06/temperaturas-extremas-y-precipitaciones-2025x06x10-a.pdf
2025-06-10,009,GASPAR HERNÁNDEZ,ESPAILLAT,PROPIEDAD DEL EMPLEADO,EMCO,,,13.2,https://indomet.gob.do/wp-content/uploads/2025/06/temperaturas-extremas-y-precipitaciones-2025x06x10-a.pdf
2025-06-10,010,JARABACOA,LA VEGA,INDRHI / MARENA,EMCO,30.8,19.2,12.7,https://indomet.gob.do/wp-content/uploads/2025/06/temperaturas-extremas-y-precipitaciones-2025x06x10-a.pdf
2025-06-10,011,SABANA DE LA MAR,HATO MAYOR,ONAMET,EMCO,31.5,22.5,12.2,https://indomet.gob.do/wp-content/uploads/2025/06/temperaturas-extremas-y-precipitaciones-2025x06x10-a.pdf
2025-06-10,012,LOS LLANOS,SAN PEDRO DE MACORÍS,MINISTERIO DE AGRICULTURA,EMCO,33.0,23.0,12.0,https://indomet.gob.do/wp-content/uploads/2025/06/temperaturas-extremas-y-precipitaciones-2025x06x10-a.pdf
2025-06-10,013,RANCHO ARRIBA,SAN JOSÉ DE OCOA,CENTRO TECNOLÓGICO COMUNITARIO,EMCO,30.4,19.3,12.0,https://indomet.gob.do/wp-content/uploads/2025/06/temperaturas-extremas-y-precipitaciones-2025x06x10-a.pdf
2025-06-10,014,BANI (EMA),PERAVIA,MINISTERIO DE AGRICULTURA,EMAP,,,10.0,https://indomet.gob.do/wp-content/uploads/2025/06/temperaturas-extremas-y-precipitaciones-2025x06x10-a.pdf
2025-06-10,015,BAYAGUANA,MONTE PLATA,ONAMET,EMCO,33.0,22.5,9.9,https://indomet.gob.do/wp-content/uploads/2025/06/temperaturas-extremas-y-precipitaciones-2025x06x10-a.pdf
2025-06-10,016,ARPT. LA ISABELA,SANTO DOMINGO,ONAMET,EMCO,32.0,21.0,9.4,https://indomet.gob.do/wp-content/uploads/2025/06/temperaturas-extremas-y-precipitaciones-2025x06x10-a.pdf
2025-06-10,017,BASE AÉREA DE SAN ISIDRO,SANTO DOMINGO,FUERZA AÉREA DOMINICANA,EMCV,33.0,22.5,9.2,https://indomet.gob.do/wp-content/uploads/2025/06/temperaturas-extremas-y-precipitaciones-2025x06x10-a.pdf
2025-06-10,018,ARROYO LORO,SAN JUAN,IDIAF,EMCO,34.2,18.6,9.1,https://indomet.gob.do/wp-content/uploads/2025/06/temperaturas-extremas-y-precipitaciones-2025x06x10-a.pdf
2025-06-10,019,LUPERÓN,PUERTO PLATA,MINISTERIO DE AGRICULTURA,EMCV,,,8.6,https://indomet.gob.do/wp-content/uploads/2025/06/temperaturas-extremas-y-precipitaciones-2025x06x10-a.pdf
2025-06-10,020,DAJABÓN,DAJABÓN,INSTITUTO POLITÉCNICO LOYOLA,EMCO,34.6,19.7,8.3,https://indomet.gob.do/wp-content/uploads/2025/06/temperaturas-extremas-y-precipitaciones-2025x06x10-a.pdf
2025-06-10,021,SÁNCHEZ,SAMANÁ,MINISTERIO DE AGRICULTURA,EMCO,31.8,22.3,8.2,https://indomet.gob.do/wp-content/uploads/2025/06/temperaturas-extremas-y-precipitaciones-2025x06x10-a.pdf
2025-06-10,022,SAMANÁ,SAMANÁ,COMANDANCIA DE PUERTO DE SAMANÁ,EMCO,32.0,24.5,8.0,https://indomet.gob.do/wp-content/uploads/2025/06/temperaturas-extremas-y-precipitaciones-2025x06x10-a.pdf
2025-06-10,023,VILLA ALTAGRACIA,SAN CRISTÓBAL,ESCUELA JAVIER ANGULO GURIDI,EMCO,,,7.8,https://indomet.gob.do/wp-content/uploads/2025/06/temperaturas-extremas-y-precipitaciones-2025x06x10-a.pdf
2025-06-10,024,LA VEGA,LA VEGA,IATESA,EMCO,32.5,23.0,7.4,https://indomet.gob.do/wp-content/uploads/2025/06/temperaturas-extremas-y-precipitaciones-2025x06x10-a.pdf
2025-06-10,025,LA VICTORIA,SANTO DOMINGO,CUERPO DE BOMBEROS,EMCO,30.8,23.2,7.0,https://indomet.gob.do/wp-content/uploads/2025/06/temperaturas-extremas-y-precipitaciones-2025x06x10-a.pdf
2025-06-10,026,PRESA DE TAVERAS (EMA),LA VEGA,PROGRAMA MUNDIAL DE ALIMENTO,EMAP,30.7,21.9,6.4,https://indomet.gob.do/wp-content/uploads/2025/06/temperaturas-extremas-y-precipitaciones-2025x06x10-a.pdf
2025-06-10,027,BONAO,MONSEÑOR NOUEL,MINISTERIO DE AGRICULTURA,EMCV,,,6.4,https://indomet.gob.do/wp-content/uploads/2025/06/temperaturas-extremas-y-precipitaciones-2025x06x10-a.pdf
2025-06-10,028,JUMA BEJUCAL,MONSEÑOR NOUEL,IDIAF,EMCV,32.0,21.6,6.3,https://indomet.gob.do/wp-content/uploads/2025/06/temperaturas-extremas-y-precipitaciones-2025x06x10-a.pdf
2025-06-10,029,EL FACTOR (EMA),MARÍA TRINIDAD SÁNCHEZ,INTEC,EMAP,31.7,22.9,6.1,https://indomet.gob.do/wp-content/uploads/2025/06/temperaturas-extremas-y-precipitaciones-2025x06x10-a.pdf
2025-06-10,030,ARPT. ARROYO BARRIL,SAMANÁ,ONAMET,EMCO,31.0,22.7,5.5,https://indomet.gob.do/wp-content/uploads/2025/06/temperaturas-extremas-y-precipitaciones-2025x06x10-a.pdf
2025-06-10,031,SAN FRANCISCO DE MACORÍS,DUARTE,San Francisco de Macorís (UASD),EMCO,31.6,22.4,5.4,https://indomet.gob.do/wp-content/uploads/2025/06/temperaturas-extremas-y-precipitaciones-2025x06x10-a.pdf
2025-06-10,032,SALCEDO,HERMANAS MIRABAL,PROPIEDAD DEL EMPLEADO,EMCO,,,5.0,https://indomet.gob.do/wp-content/uploads/2025/06/temperaturas-extremas-y-precipitaciones-2025x06x10-a.pdf
2025-06-10,033,BOHECHÍO,SAN JUAN,MINISTERIO DE AGRICULTURA,EMCV,,,4.8,https://indomet.gob.do/wp-content/uploads/2025/06/temperaturas-extremas-y-precipitaciones-2025x06x10-a.pdf
2025-06-10,034,CABRERA,MARÍA TRINIDAD SÁNCHEZ,ESCUELA ARÍSTIDES FIALLO CABRAL,EMCO,32.0,25.0,4.6,https://indomet.gob.do/wp-content/uploads/2025/06/temperaturas-extremas-y-precipitaciones-2025x06x10-a.pdf
2025-06-10,035,ALTO BANDERA (EMA),LA VEGA,INTEC,EMAP,15.8,7.1,4.3,https://indomet.gob.do/wp-content/uploads/2025/06/temperaturas-extremas-y-precipitaciones-2025x06x10-a.pdf
2025-06-10,036,POLO,BARAHONA,INDOCAFE,EMCO,,20.0,3.8,https://indomet.gob.do/wp-content/uploads/2025/06/temperaturas-extremas-y-precipitaciones-2025x06x10-a.pdf
2025-06-10,037,LA GUAYIGA (EMA),SAN CRISTÓBAL,PRIVADA,EMAP,,,3.5,https://indomet.gob.do/wp-content/uploads/2025/06/temperaturas-extremas-y-precipitaciones-2025x06x10-a.pdf
2025-06-10,038,LOS TRES CHARCOS (EMA),PEDERNALES,PROPIEDAD DEL VOLUNTARIO,EMAP,27.9,25.3,2.8,https://indomet.gob.do/wp-content/uploads/2025/06/temperaturas-extremas-y-precipitaciones-2025x06x10-a.pdf
2025-06-10,039,SANTO DOMINGO ESTE,SANTO DOMINGO,ONAMET,EMCO,32.0,25.2,2.7,https://indomet.gob.do/wp-content/uploads/2025/06/temperaturas-extremas-y-precipitaciones-2025x06x10-a.pdf
2025-06-10,040,GURABO,SANTIAGO,MINISTERIO DE AGRICULTURA,EMCV,,,1.8,https://indomet.gob.do/wp-content/uploads/2025/06/temperaturas-extremas-y-precipitaciones-2025x06x10-a.pdf
2025-06-10,041,ESCONDIDO,PERAVIA,MINISTERIO DE AGRICULTURA,EMCV,31.0,24.0,1.5,https://indomet.gob.do/wp-content/uploads/2025/06/temperaturas-extremas-y-precipitaciones-2025x06x10-a.pdf
2025-06-10,042,ANAMUYA (EMA),LA ALTAGRACIA,MINISTERIO DE AGRICULTURA,EMAP,32.8,24.3,1.2,https://indomet.gob.do/wp-content/uploads/2025/06/temperaturas-extremas-y-precipitaciones-2025x06x10-a.pdf
2025-06-10,043,ENRIQUILLO,BARAHONA,MINISTERIO DE AGRICULTURA,EMCV,32.0,25.4,1.2,https://indomet.gob.do/wp-content/uploads/2025/06/temperaturas-extremas-y-precipitaciones-2025x06x10-a.pdf
2025-06-10,044,JARDÍN BOTÁNICO NACIONAL,DISTRITO NACIONAL,JARDÍN BOTÁNICO NACIONAL,EMCV,32.5,22.3,1.2,https://indomet.gob.do/wp-content/uploads/2025/06/temperaturas-extremas-y-precipitaciones-2025x06x10-a.pdf
2025-06-10,045,HATO MAYOR,HATO MAYOR,MINISTERIO DE AGRICULTURA,EMCV,,,1.0,https://indomet.gob.do/wp-content/uploads/2025/06/temperaturas-extremas-y-precipitaciones-2025x06x10-a.pdf
2025-06-10,046,SAN JOSÉ DE OCOA,SAN JOSÉ DE OCOA,HOSP. SAN JOSÉ DE OCOA,EMCO,31.6,,1.0,https://indomet.gob.do/wp-content/uploads/2025/06/temperaturas-extremas-y-precipitaciones-2025x06x10-a.pdf
2025-06-10,047,ARPT. DEL CIBAO,SANTIAGO,ONAMET,EMCO,34.0,22.8,0.9,https://indomet.gob.do/wp-content/uploads/2025/06/temperaturas-extremas-y-precipitaciones-2025x06x10-a.pdf
2025-06-10,048,PALO ÍNDIO,PUERTO PLATA,MINISTERIO DE AGRICULTURA,EMCO,,,0.6,https://indomet.gob.do/wp-content/uploads/2025/06/temperaturas-extremas-y-precipitaciones-2025x06x10-a.pdf
2025-06-10,049,PARQUE MIRADOR SUR,DISTRITO NACIONAL,AYUNTAMIENTO,EMCV,33.5,23.0,0.6,https://indomet.gob.do/wp-content/uploads/2025/06/temperaturas-extremas-y-precipitaciones-2025x06x10-a.pdf
2025-06-10,050,CONSTANZA,LA VEGA,MINISTERIO DE AGRICULTURA,EMCO,26.6,15.8,0.5,https://indomet.gob.do/wp-content/uploads/2025/06/temperaturas-extremas-y-precipitaciones-2025x06x10-a.pdf
2025-06-10,051,CENTRO DE LOS HEROES (EMA),DISTRITO NACIONAL,MINISTERIO DE ENERGIA Y MINA,EMAP,31.8,25.2,0.4,https://indomet.gob.do/wp-content/uploads/2025/06/temperaturas-extremas-y-precipitaciones-2025x06x10-a.pdf
2025-06-10,052,CONSTANZA (EMA),LA VEGA,PROGRAMA MUNDIAL DE ALIMENTO,EMAP,26.1,16.0,0.4,https://indomet.gob.do/wp-content/uploads/2025/06/temperaturas-extremas-y-precipitaciones-2025x06x10-a.pdf
2025-06-10,053,SABANETA (EMA),SANTIAGO RODRÍGUEZ,PROGRAMA MUNDIAL DE ALIMENTO,EMAP,37.2,22.6,0.4,https://indomet.gob.do/wp-content/uploads/2025/06/temperaturas-extremas-y-precipitaciones-2025x06x10-a.pdf
2025-06-10,054,TÁBARA ABAJO,AZUA,INDRHI,EMCO,33.9,23.0,0.4,https://indomet.gob.do/wp-content/uploads/2025/06/temperaturas-extremas-y-precipitaciones-2025x06x10-a.pdf
2025-06-10,055,ALTAMIRA,PUERTO PLATA,HOSP. MPAL. DE ALTAMIRA,EMCO,34.6,22.2,0.1,https://indomet.gob.do/wp-content/uploads/2025/06/temperaturas-extremas-y-precipitaciones-2025x06x10-a.pdf
2025-06-10,056,CABRAL,BARAHONA,MINISTERIO DE AGRICULTURA,EMCV,33.4,23.9,0.1,https://indomet.gob.do/wp-content/uploads/2025/06/temperaturas-extremas-y-precipitaciones-2025x06x10-a.pdf
2025-06-10,057,SANTIAGO RODRÍGUEZ,SANTIAGO RODRÍGUEZ,ONAMET,EMCO,36.6,23.5,0.1,https://indomet.gob.do/wp-content/uploads/2025/06/temperaturas-extremas-y-precipitaciones-2025x06x10-a.pdf
2025-06-10,058,ARPT. DE LAS AMÉRICAS,SANTO DOMINGO,ONAMET,EMCO,32.4,23.6,0.0,https://indomet.gob.do/wp-content/uploads/2025/06/temperaturas-extremas-y-precipitaciones-2025x06x10-a.pdf
2025-06-10,059,ARPT. DE PUNTA CANA,LA ALTAGRACIA,ONAMET,EMCO,31.5,22.3,0.0,https://indomet.gob.do/wp-content/uploads/2025/06/temperaturas-extremas-y-precipitaciones-2025x06x10-a.pdf
2025-06-10,060,ARPT. MARÍA MONTEZ,BARAHONA,ONAMET,EMCO,33.4,26.0,0.0,https://indomet.gob.do/wp-content/uploads/2025/06/temperaturas-extremas-y-precipitaciones-2025x06x10-a.pdf
2025-06-10,061,BOCA DE MAO (EMA),VALVERDE,MINISTERIO DE AGRICULTURA,EMAP,36.9,24.1,0.0,https://indomet.gob.do/wp-content/uploads/2025/06/temperaturas-extremas-y-precipitaciones-2025x06x10-a.pdf
2025-06-10,062,ELÍAS PIÑA,ELÍAS PIÑA,MINISTERIO DE AGRICULTURA,EMCV,,,0.0,https://indomet.gob.do/wp-content/uploads/2025/06/temperaturas-extremas-y-precipitaciones-2025x06x10-a.pdf
2025-06-10,063,HONDO VALLE,ELÍAS PIÑA,MINISTERIO DE AGRICULTURA,EMCO,26.0,17.4,0.0,https://indomet.gob.do/wp-content/uploads/2025/06/temperaturas-extremas-y-precipitaciones-2025x06x10-a.pdf
2025-06-10,064,JIMANÍ,INDEPENDENCIA,MINISTERIO DE AGRICULTURA,EMCO,35.2,24.6,0.0,https://indomet.gob.do/wp-content/uploads/2025/06/temperaturas-extremas-y-precipitaciones-2025x06x10-a.pdf
2025-06-10,065,LAS CANAS (EMA),MONTE CRISTI,PROGRAMA MUNDIAL DE ALIMENTO,EMAP,30.8,23.5,0.0,https://indomet.gob.do/wp-content/uploads/2025/06/temperaturas-extremas-y-precipitaciones-2025x06x10-a.pdf
2025-06-10,066,LAS MATAS DE FARFÁN,SAN JUAN,MINISTERIO DE AGRICULTURA,EMCV,,,0.0,https://indomet.gob.do/wp-content/uploads/2025/06/temperaturas-extremas-y-precipitaciones-2025x06x10-a.pdf
2025-06-10,067,LAS MATAS DE SANTA CRUZ (EMA,MONTE CRISTI,PROGRAMA MUNDIAL DE ALIMENTO,EMAP,35.0,23.8,0.0,https://indomet.gob.do/wp-content/uploads/2025/06/temperaturas-extremas-y-precipitaciones-2025x06x10-a.pdf
2025-06-10,068,MAO,VALVERDE,INDRHI / MINISTERIO DE AGRICULTURA,EMCV,,,0.0,https://indomet.gob.do/wp-content/uploads/2025/06/temperaturas-extremas-y-precipitaciones-2025x06x10-a.pdf
2025-06-10,069,MOCA,ESPAILLAT,MINISTERIO DE AGRICULTURA,EMCV,,,0.0,https://indomet.gob.do/wp-content/uploads/2025/06/temperaturas-extremas-y-precipitaciones-2025x06x10-a.pdf
2025-06-10,070,MONCIÓN (EMA),SANTIAGO RODRÍGUEZ,PROGRAMA MUNDIAL DE ALIMENTO,EMAP,33.9,21.1,0.0,https://indomet.gob.do/wp-content/uploads/2025/06/temperaturas-extremas-y-precipitaciones-2025x06x10-a.pdf
2025-06-10,071,NAVARRETE,SANTIAGO,MINISTERIO DE AGRICULTURA,EMCV,,,0.0,https://indomet.gob.do/wp-content/uploads/2025/06/temperaturas-extremas-y-precipitaciones-2025x06x10-a.pdf
2025-06-10,072,OLIVARES,PEDERNALES,INDRHI,EMCO,,,0.0,https://indomet.gob.do/wp-content/uploads/2025/06/temperaturas-extremas-y-precipitaciones-2025x06x10-a.pdf
2025-06-10,073,OVIEDO,PEDERNALES,CLÍNICA RURAL OVIEDO,EMCO,32.5,26.0,0.0,https://indomet.gob.do/wp-content/uploads/2025/06/temperaturas-extremas-y-precipitaciones-2025x06x10-a.pdf
2025-06-10,074,PADRE LAS CASAS,AZUA,HOSP. NTRA. SRA. DEL CARMEN,EMCO,32.8,19.3,0.0,https://indomet.gob.do/wp-content/uploads/2025/06/temperaturas-extremas-y-precipitaciones-2025x06x10-a.pdf
2025-06-10,075,PEDERNALES,PEDERNALES,INDRHI,EMCO,,,0.0,https://indomet.gob.do/wp-content/uploads/2025/06/temperaturas-extremas-y-precipitaciones-2025x06x10-a.pdf
2025-06-10,076,PERALTA,AZUA,HOSP. MPAL. DE PERALTA,EMCO,34.0,19.5,0.0,https://indomet.gob.do/wp-content/uploads/2025/06/temperaturas-extremas-y-precipitaciones-2025x06x10-a.pdf
2025-06-10,077,PESCADERIA (EMA),BARAHONA,MINISTERIO DE AGRICULTURA,EMAP,33.2,24.3,0.0,https://indomet.gob.do/wp-content/uploads/2025/06/temperaturas-extremas-y-precipitaciones-2025x06x10-a.pdf
2025-06-10,078,PONTÓN ABAJO (EMA),LA VEGA,MINISTERIO DE AGRICULTURA,EMAP,34.7,23.4,0.0,https://indomet.gob.do/wp-content/uploads/2025/06/temperaturas-extremas-y-precipitaciones-2025x06x10-a.pdf
2025-06-10,079,RESTAURACIÓN,DAJABÓN,MINISTERIO DE AGRICULTURA,EMCO,,18.1,0.0,https://indomet.gob.do/wp-content/uploads/2025/06/temperaturas-extremas-y-precipitaciones-2025x06x10-a.pdf
2025-06-10,080,SAN CRISTÓBAL,SAN CRISTÓBAL,INSTITUTO POLITÉCNICO LOYOLA,EMCO,32.0,22.4,0.0,https://indomet.gob.do/wp-content/uploads/2025/06/temperaturas-extremas-y-precipitaciones-2025x06x10-a.pdf
2025-06-10,081,VILLA GONZALES,SANTIAGO,MINISTERIO DE AGRICULTURA,EMCO,,,0.0,https://indomet.gob.do/wp-content/uploads/2025/06/temperaturas-extremas-y-precipitaciones-2025x06x10-a.pdf
2025-06-10,082,VILLA ISABELA,PUERTO PLATA,MINISTERIO DE AGRICULTURA,EMCV,,,0.0,https://indomet.gob.do/wp-content/uploads/2025/06/temperaturas-extremas-y-precipitaciones-2025x06x10-a.pdf
2025-06-11,001,JARABACOA (EMA),LA VEGA,PROGRAMA MUNDIAL DE ALIMENTO,EMAP,30.1,19.3,73.2,https://indomet.gob.do/wp-content/uploads/2025/06/temperaturas-extremas-y-precipitaciones-2025x06x11-a.pdf
2025-06-11,002,JARABACOA,LA VEGA,INDRHI / MARENA,EMCO,30.6,19.0,64.2,https://indomet.gob.do/wp-content/uploads/2025/06/temperaturas-extremas-y-precipitaciones-2025x06x11-a.pdf
2025-06-11,003,SAN RAFAEL DEL YUMA,LA ALTAGRACIA,MINISTERIO DE AGRICULTURA,EMCO,33.0,22.2,49.2,https://indomet.gob.do/wp-content/uploads/2025/06/temperaturas-extremas-y-precipitaciones-2025x06x11-a.pdf
2025-06-11,004,DAJABÓN,DAJABÓN,INSTITUTO POLITÉCNICO LOYOLA,EMCO,34.5,,37.2,https://indomet.gob.do/wp-content/uploads/2025/06/temperaturas-extremas-y-precipitaciones-2025x06x11-a.pdf
2025-06-11,005,ARPT. DE LA ROMANA,LA ROMANA,ONAMET,EMCO,32.2,22.0,35.6,https://indomet.gob.do/wp-content/uploads/2025/06/temperaturas-extremas-y-precipitaciones-2025x06x11-a.pdf
2025-06-11,006,RANCHO ARRIBA,SAN JOSÉ DE OCOA,CENTRO TECNOLÓGICO COMUNITARIO,EMCO,29.0,19.8,27.5,https://indomet.gob.do/wp-content/uploads/2025/06/temperaturas-extremas-y-precipitaciones-2025x06x11-a.pdf
2025-06-11,007,ARPT. LA ISABELA,SANTO DOMINGO,ONAMET,EMCO,31.5,24.0,23.0,https://indomet.gob.do/wp-content/uploads/2025/06/temperaturas-extremas-y-precipitaciones-2025x06x11-a.pdf
2025-06-11,008,LA GUAYIGA (EMA),SAN CRISTÓBAL,PRIVADA,EMAP,,,22.6,https://indomet.gob.do/wp-content/uploads/2025/06/temperaturas-extremas-y-precipitaciones-2025x06x11-a.pdf
2025-06-11,009,JUMA BEJUCAL,MONSEÑOR NOUEL,IDIAF,EMCV,29.8,22.0,18.4,https://indomet.gob.do/wp-content/uploads/2025/06/temperaturas-extremas-y-precipitaciones-2025x06x11-a.pdf
2025-06-11,010,ARPT. DE LAS AMÉRICAS,SANTO DOMINGO,ONAMET,EMCO,32.0,23.0,18.3,https://indomet.gob.do/wp-content/uploads/2025/06/temperaturas-extremas-y-precipitaciones-2025x06x11-a.pdf
2025-06-11,011,BONAO,MONSEÑOR NOUEL,MINISTERIO DE AGRICULTURA,EMCV,,,18.3,https://indomet.gob.do/wp-content/uploads/2025/06/temperaturas-extremas-y-precipitaciones-2025x06x11-a.pdf
2025-06-11,012,VILLA RIVA,DUARTE,HOSP. MPAL. ALICIA DE LEGENDRE,EMCO,31.4,22.0,17.0,https://indomet.gob.do/wp-content/uploads/2025/06/temperaturas-extremas-y-precipitaciones-2025x06x11-a.pdf
2025-06-11,013,HATO MAYOR,HATO MAYOR,MINISTERIO DE AGRICULTURA,EMCV,,,14.0,https://indomet.gob.do/wp-content/uploads/2025/06/temperaturas-extremas-y-precipitaciones-2025x06x11-a.pdf
2025-06-11,014,SALCEDO,HERMANAS MIRABAL,PROPIEDAD DEL EMPLEADO,EMCO,,,12.4,https://indomet.gob.do/wp-content/uploads/2025/06/temperaturas-extremas-y-precipitaciones-2025x06x11-a.pdf
2025-06-11,015,ESCONDIDO,PERAVIA,MINISTERIO DE AGRICULTURA,EMCV,32.0,24.0,12.2,https://indomet.gob.do/wp-content/uploads/2025/06/temperaturas-extremas-y-precipitaciones-2025x06x11-a.pdf
2025-06-11,016,ELÍAS PIÑA,ELÍAS PIÑA,MINISTERIO DE AGRICULTURA,EMCV,,,12.1,https://indomet.gob.do/wp-content/uploads/2025/06/temperaturas-extremas-y-precipitaciones-2025x06x11-a.pdf
2025-06-11,017,SAN FRANCISCO DE MACORÍS,DUARTE,San Francisco de Macorís (UASD),EMCO,32.5,22.3,11.0,https://indomet.gob.do/wp-content/uploads/2025/06/temperaturas-extremas-y-precipitaciones-2025x06x11-a.pdf
2025-06-11,018,SABANA DE LA MAR,HATO MAYOR,ONAMET,EMCO,31.0,23.5,10.8,https://indomet.gob.do/wp-content/uploads/2025/06/temperaturas-extremas-y-precipitaciones-2025x06x11-a.pdf
2025-06-11,019,MOCA,ESPAILLAT,MINISTERIO DE AGRICULTURA,EMCV,,,10.5,https://indomet.gob.do/wp-content/uploads/2025/06/temperaturas-extremas-y-precipitaciones-2025x06x11-a.pdf
2025-06-11,020,RÍO SAN JUAN,MARÍA TRINIDAD SÁNCHEZ,HOSP. MPAL. DR. DESIDERIO ACOSTA,EMCV,32.3,24.2,10.2,https://indomet.gob.do/wp-content/uploads/2025/06/temperaturas-extremas-y-precipitaciones-2025x06x11-a.pdf
2025-06-11,021,CENTRO DE LOS HEROES (EMA),DISTRITO NACIONAL,MINISTERIO DE ENERGIA Y MINA,EMAP,28.3,24.4,9.8,https://indomet.gob.do/wp-content/uploads/2025/06/temperaturas-extremas-y-precipitaciones-2025x06x11-a.pdf
2025-06-11,022,ALTO BANDERA (EMA),LA VEGA,INTEC,EMAP,13.4,7.9,9.4,https://indomet.gob.do/wp-content/uploads/2025/06/temperaturas-extremas-y-precipitaciones-2025x06x11-a.pdf
2025-06-11,023,LOS LLANOS,SAN PEDRO DE MACORÍS,MINISTERIO DE AGRICULTURA,EMCO,31.5,21.7,8.4,https://indomet.gob.do/wp-content/uploads/2025/06/temperaturas-extremas-y-precipitaciones-2025x06x11-a.pdf
2025-06-11,024,SABANA GRANDE DE BOYÁ,MONTE PLATA,MINISTERIO DE AGRICULTURA,EMCV,,,8.4,https://indomet.gob.do/wp-content/uploads/2025/06/temperaturas-extremas-y-precipitaciones-2025x06x11-a.pdf
2025-06-11,025,JARDÍN BOTÁNICO NACIONAL,DISTRITO NACIONAL,JARDÍN BOTÁNICO NACIONAL,EMCV,31.9,22.0,8.0,https://indomet.gob.do/wp-content/uploads/2025/06/temperaturas-extremas-y-precipitaciones-2025x06x11-a.pdf
2025-06-11,026,SANTO DOMINGO ESTE,SANTO DOMINGO,ONAMET,EMCO,32.5,24.5,5.8,https://indomet.gob.do/wp-content/uploads/2025/06/temperaturas-extremas-y-precipitaciones-2025x06x11-a.pdf
2025-06-11,027,VILLA ALTAGRACIA,SAN CRISTÓBAL,ESCUELA JAVIER ANGULO GURIDI,EMCO,,,5.4,https://indomet.gob.do/wp-content/uploads/2025/06/temperaturas-extremas-y-precipitaciones-2025x06x11-a.pdf
2025-06-11,028,SAN JOSÉ DE OCOA,SAN JOSÉ DE OCOA,HOSP. SAN JOSÉ DE OCOA,EMCO,31.4,,4.6,https://indomet.gob.do/wp-content/uploads/2025/06/temperaturas-extremas-y-precipitaciones-2025x06x11-a.pdf
2025-06-11,029,ARPT. DEL CIBAO,SANTIAGO,ONAMET,EMCO,31.8,22.3,4.2,https://indomet.gob.do/wp-content/uploads/2025/06/temperaturas-extremas-y-precipitaciones-2025x06x11-a.pdf
2025-06-11,030,LA VEGA,LA VEGA,IATESA,EMCO,31.5,23.5,4.2,https://indomet.gob.do/wp-content/uploads/2025/06/temperaturas-extremas-y-precipitaciones-2025x06x11-a.pdf
2025-06-11,031,LA VICTORIA,SANTO DOMINGO,CUERPO DE BOMBEROS,EMCO,30.2,23.5,4.2,https://indomet.gob.do/wp-content/uploads/2025/06/temperaturas-extremas-y-precipitaciones-2025x06x11-a.pdf
2025-06-11,032,CONSTANZA,LA VEGA,MINISTERIO DE AGRICULTURA,EMCO,25.7,17.5,4.0,https://indomet.gob.do/wp-content/uploads/2025/06/temperaturas-extremas-y-precipitaciones-2025x06x11-a.pdf
2025-06-11,033,CONSTANZA (EMA),LA VEGA,PROGRAMA MUNDIAL DE ALIMENTO,EMAP,25.1,17.7,3.4,https://indomet.gob.do/wp-content/uploads/2025/06/temperaturas-extremas-y-precipitaciones-2025x06x11-a.pdf
2025-06-11,034,GASPAR HERNÁNDEZ,ESPAILLAT,PROPIEDAD DEL EMPLEADO,EMCO,,,3.3,https://indomet.gob.do/wp-content/uploads/2025/06/temperaturas-extremas-y-precipitaciones-2025x06x11-a.pdf
2025-06-11,035,SAN CRISTÓBAL,SAN CRISTÓBAL,INSTITUTO POLITÉCNICO LOYOLA,EMCO,31.2,22.2,3.1,https://indomet.gob.do/wp-content/uploads/2025/06/temperaturas-extremas-y-precipitaciones-2025x06x11-a.pdf
2025-06-11,036,ANAMUYA (EMA),LA ALTAGRACIA,MINISTERIO DE AGRICULTURA,EMAP,31.6,24.5,2.6,https://indomet.gob.do/wp-content/uploads/2025/06/temperaturas-extremas-y-precipitaciones-2025x06x11-a.pdf
2025-06-11,037,PRESA DE TAVERAS (EMA),LA VEGA,PROGRAMA MUNDIAL DE ALIMENTO,EMAP,28.8,20.4,2.4,https://indomet.gob.do/wp-content/uploads/2025/06/temperaturas-extremas-y-precipitaciones-2025x06x11-a.pdf
2025-06-11,038,BOHECHÍO,SAN JUAN,MINISTERIO DE AGRICULTURA,EMCV,,,2.2,https://indomet.gob.do/wp-content/uploads/2025/06/temperaturas-extremas-y-precipitaciones-2025x06x11-a.pdf
2025-06-11,039,GURABO,SANTIAGO,MINISTERIO DE AGRICULTURA,EMCV,,,1.5,https://indomet.gob.do/wp-content/uploads/2025/06/temperaturas-extremas-y-precipitaciones-2025x06x11-a.pdf
2025-06-11,040,TAMBORIL,SANTIAGO,MINISTERIO DE AGRICULTURA,EMCV,,,1.0,https://indomet.gob.do/wp-content/uploads/2025/06/temperaturas-extremas-y-precipitaciones-2025x06x11-a.pdf
2025-06-11,041,ARPT. DE PUNTA CANA,LA ALTAGRACIA,ONAMET,EMCO,31.7,24.2,1.0,https://indomet.gob.do/wp-content/uploads/2025/06/temperaturas-extremas-y-precipitaciones-2025x06x11-a.pdf
2025-06-11,042,BASE AÉREA DE SAN ISIDRO,SANTO DOMINGO,FUERZA AÉREA DOMINICANA,EMCV,32.0,22.3,1.0,https://indomet.gob.do/wp-content/uploads/2025/06/temperaturas-extremas-y-precipitaciones-2025x06x11-a.pdf
2025-06-11,043,BAYAGUANA,MONTE PLATA,ONAMET,EMCO,32.4,23.0,0.7,https://indomet.gob.do/wp-content/uploads/2025/06/temperaturas-extremas-y-precipitaciones-2025x06x11-a.pdf
2025-06-11,044,ALTAMIRA,PUERTO PLATA,HOSP. MPAL. DE ALTAMIRA,EMCO,32.1,21.4,0.6,https://indomet.gob.do/wp-content/uploads/2025/06/temperaturas-extremas-y-precipitaciones-2025x06x11-a.pdf
2025-06-11,045,ARROYO LORO,SAN JUAN,IDIAF,EMCO,33.2,20.0,0.6,https://indomet.gob.do/wp-content/uploads/2025/06/temperaturas-extremas-y-precipitaciones-2025x06x11-a.pdf
2025-06-11,046,CABRERA,MARÍA TRINIDAD SÁNCHEZ,ESCUELA ARÍSTIDES FIALLO CABRAL,EMCO,33.0,26.0,0.1,https://indomet.gob.do/wp-content/uploads/2025/06/temperaturas-extremas-y-precipitaciones-2025x06x11-a.pdf
2025-06-11,047,ENRIQUILLO,BARAHONA,MINISTERIO DE AGRICULTURA,EMCV,32.0,25.0,0.1,https://indomet.gob.do/wp-content/uploads/2025/06/temperaturas-extremas-y-precipitaciones-2025x06x11-a.pdf
2025-06-11,048,HONDO VALLE,ELÍAS PIÑA,MINISTERIO DE AGRICULTURA,EMCO,26.1,17.2,0.1,https://indomet.gob.do/wp-content/uploads/2025/06/temperaturas-extremas-y-precipitaciones-2025x06x11-a.pdf
2025-06-11,049,OVIEDO,PEDERNALES,CLÍNICA RURAL OVIEDO,EMCO,31.5,26.0,0.1,https://indomet.gob.do/wp-content/uploads/2025/06/temperaturas-extremas-y-precipitaciones-2025x06x11-a.pdf
2025-06-11,050,ARPT. ARROYO BARRIL,SAMANÁ,ONAMET,EMCO,31.4,22.7,0.0,https://indomet.gob.do/wp-content/uploads/2025/06/temperaturas-extremas-y-precipitaciones-2025x06x11-a.pdf
2025-06-11,051,ARPT. EL CATEY,SAMANÁ,ONAMET,EMCO,30.0,22.5,0.0,https://indomet.gob.do/wp-content/uploads/2025/06/temperaturas-extremas-y-precipitaciones-2025x06x11-a.pdf
2025-06-11,052,ARPT. GREGORIO LUPERÓN,PUERTO PLATA,ONAMET,EMCO,33.5,25.0,0.0,https://indomet.gob.do/wp-content/uploads/2025/06/temperaturas-extremas-y-precipitaciones-2025x06x11-a.pdf
2025-06-11,053,ARPT. MARÍA MONTEZ,BARAHONA,ONAMET,EMCO,33.5,25.0,0.0,https://indomet.gob.do/wp-content/uploads/2025/06/temperaturas-extremas-y-precipitaciones-2025x06x11-a.pdf
2025-06-11,054,BOCA DE MAO (EMA),VALVERDE,MINISTERIO DE AGRICULTURA,EMAP,36.2,24.2,0.0,https://indomet.gob.do/wp-content/uploads/2025/06/temperaturas-extremas-y-precipitaciones-2025x06x11-a.pdf
2025-06-11,055,CABRAL,BARAHONA,MINISTERIO DE AGRICULTURA,EMCV,34.0,26.7,0.0,https://indomet.gob.do/wp-content/uploads/2025/06/temperaturas-extremas-y-precipitaciones-2025x06x11-a.pdf
2025-06-11,056,EL CERCADO,SAN JUAN,MINISTERIO DE AGRICULTURA,EMCV,,,0.0,https://indomet.gob.do/wp-content/uploads/2025/06/temperaturas-extremas-y-precipitaciones-2025x06x11-a.pdf
2025-06-11,057,EL FACTOR (EMA),MARÍA TRINIDAD SÁNCHEZ,INTEC,EMAP,32.3,24.2,0.0,https://indomet.gob.do/wp-content/uploads/2025/06/temperaturas-extremas-y-precipitaciones-2025x06x11-a.pdf
2025-06-11,058,EL SEIBO,EL SEIBO,MINISTERIO DE AGRICULTURA,EMCV,,,0.0,https://indomet.gob.do/wp-content/uploads/2025/06/temperaturas-extremas-y-precipitaciones-2025x06x11-a.pdf
2025-06-11,059,JIMANÍ,INDEPENDENCIA,MINISTERIO DE AGRICULTURA,EMCO,35.4,25.8,0.0,https://indomet.gob.do/wp-content/uploads/2025/06/temperaturas-extremas-y-precipitaciones-2025x06x11-a.pdf
2025-06-11,060,LAS CANAS (EMA),MONTE CRISTI,PROGRAMA MUNDIAL DE ALIMENTO,EMAP,31.2,23.7,0.0,https://indomet.gob.do/wp-content/uploads/2025/06/temperaturas-extremas-y-precipitaciones-2025x06x11-a.pdf
2025-06-11,061,LAS MATAS DE SANTA CRUZ,MONTE CRISTI,INDRHI,EMCV,35.7,24.3,0.0,https://indomet.gob.do/wp-content/uploads/2025/06/temperaturas-extremas-y-precipitaciones-2025x06x11-a.pdf
2025-06-11,062,LAS MATAS DE SANTA CRUZ (EMA,MONTE CRISTI,PROGRAMA MUNDIAL DE ALIMENTO,EMAP,35.7,24.3,0.0,https://indomet.gob.do/wp-content/uploads/2025/06/temperaturas-extremas-y-precipitaciones-2025x06x11-a.pdf
2025-06-11,063,MAO,VALVERDE,INDRHI / MINISTERIO DE AGRICULTURA,EMCV,,,0.0,https://indomet.gob.do/wp-content/uploads/2025/06/temperaturas-extremas-y-precipitaciones-2025x06x11-a.pdf
2025-06-11,064,MONCIÓN,SANTIAGO RODRÍGUEZ,HOSP. MPAL. MONCIÓN,EMCV,32.6,22.4,0.0,https://indomet.gob.do/wp-content/uploads/2025/06/temperaturas-extremas-y-precipitaciones-2025x06x11-a.pdf
2025-06-11,065,MONCIÓN (EMA),SANTIAGO RODRÍGUEZ,PROGRAMA MUNDIAL DE ALIMENTO,EMAP,32.6,22.4,0.0,https://indomet.gob.do/wp-content/uploads/2025/06/temperaturas-extremas-y-precipitaciones-2025x06x11-a.pdf
2025-06-11,066,MONTE CRISTI,MONTE CRISTI,ONAMET,EMCO,34.0,24.6,0.0,https://indomet.gob.do/wp-content/uploads/2025/06/temperaturas-extremas-y-precipitaciones-2025x06x11-a.pdf
2025-06-11,067,NAVARRETE,SANTIAGO,MINISTERIO DE AGRICULTURA,EMCV,,,0.0,https://indomet.gob.do/wp-content/uploads/2025/06/temperaturas-extremas-y-precipitaciones-2025x06x11-a.pdf
2025-06-11,068,OLIVARES,PEDERNALES,INDRHI,EMCO,,,0.0,https://indomet.gob.do/wp-content/uploads/2025/06/temperaturas-extremas-y-precipitaciones-2025x06x11-a.pdf
2025-06-11,069,PADRE LAS CASAS,AZUA,HOSP. NTRA. SRA. DEL CARMEN,EMCO,32.5,20.0,0.0,https://indomet.gob.do/wp-content/uploads/2025/06/temperaturas-extremas-y-precipitaciones-2025x06x11-a.pdf
2025-06-11,070,PALO ÍNDIO,PUERTO PLATA,MINISTERIO DE AGRICULTURA,EMCO,,,0.0,https://indomet.gob.do/wp-content/uploads/2025/06/temperaturas-extremas-y-precipitaciones-2025x06x11-a.pdf
2025-06-11,071,PEDERNALES,PEDERNALES,INDRHI,EMCO,,,0.0,https://indomet.gob.do/wp-content/uploads/2025/06/temperaturas-extremas-y-precipitaciones-2025x06x11-a.pdf
2025-06-11,072,PERALTA,AZUA,HOSP. MPAL. DE PERALTA,EMCO,33.1,21.0,0.0,https://indomet.gob.do/wp-content/uploads/2025/06/temperaturas-extremas-y-precipitaciones-2025x06x11-a.pdf
2025-06-11,073,PESCADERIA (EMA),BARAHONA,MINISTERIO DE AGRICULTURA,EMAP,34.1,27.2,0.0,https://indomet.gob.do/wp-content/uploads/2025/06/temperaturas-extremas-y-precipitaciones-2025x06x11-a.pdf
2025-06-11,074,PONTÓN ABAJO (EMA),LA VEGA,MINISTERIO DE AGRICULTURA,EMAP,32.4,23.8,0.0,https://indomet.gob.do/wp-content/uploads/2025/06/temperaturas-extremas-y-precipitaciones-2025x06x11-a.pdf
2025-06-11,075,RESTAURACIÓN,DAJABÓN,MINISTERIO DE AGRICULTURA,EMCO,,18.9,0.0,https://indomet.gob.do/wp-content/uploads/2025/06/temperaturas-extremas-y-precipitaciones-2025x06x11-a.pdf
2025-06-11,076,SABANETA (EMA),SANTIAGO RODRÍGUEZ,PROGRAMA MUNDIAL DE ALIMENTO,EMAP,35.8,22.4,0.0,https://indomet.gob.do/wp-content/uploads/2025/06/temperaturas-extremas-y-precipitaciones-2025x06x11-a.pdf
2025-06-11,077,SAMANÁ,SAMANÁ,COMANDANCIA DE PUERTO DE SAMANÁ,EMCO,32.0,26.0,0.0,https://indomet.gob.do/wp-content/uploads/2025/06/temperaturas-extremas-y-precipitaciones-2025x06x11-a.pdf
2025-06-11,078,SÁNCHEZ,SAMANÁ,MINISTERIO DE AGRICULTURA,EMCO,32.5,22.3,0.0,https://indomet.gob.do/wp-content/uploads/2025/06/temperaturas-extremas-y-precipitaciones-2025x06x11-a.pdf
2025-06-11,079,SANTIAGO RODRÍGUEZ,SANTIAGO RODRÍGUEZ,ONAMET,EMCO,36.0,24.0,0.0,https://indomet.gob.do/wp-content/uploads/2025/06/temperaturas-extremas-y-precipitaciones-2025x06x11-a.pdf
2025-06-11,080,TÁBARA ABAJO,AZUA,INDRHI,EMCO,34.0,24.5,0.0,https://indomet.gob.do/wp-content/uploads/2025/06/temperaturas-extremas-y-precipitaciones-2025x06x11-a.pdf
2025-06-11,081,VILLA GONZALES,SANTIAGO,MINISTERIO DE AGRICULTURA,EMCO,,,0.0,https://indomet.gob.do/wp-content/uploads/2025/06/temperaturas-extremas-y-precipitaciones-2025x06x11-a.pdf
2025-06-11,082,VILLA ISABELA,PUERTO PLATA,MINISTERIO DE AGRICULTURA,EMCV,,,0.0,https://indomet.gob.do/wp-content/uploads/2025/06/temperaturas-extremas-y-precipitaciones-2025x06x11-a.pdf
2025-06-12,001,ARPT. LA ISABELA,SANTO DOMINGO,ONAMET,EMCO,32.5,22.5,18.6,https://indomet.gob.do/wp-content/uploads/2025/06/temperaturas-extremas-y-precipitaciones-2025x06x12-a.pdf
2025-06-12,002,ENRIQUILLO,BARAHONA,MINISTERIO DE AGRICULTURA,EMCV,31.7,23.0,17.0,https://indomet.gob.do/wp-content/uploads/2025/06/temperaturas-extremas-y-precipitaciones-2025x06x12-a.pdf
2025-06-12,003,LA VICTORIA,SANTO DOMINGO,CUERPO DE BOMBEROS,EMCO,35.0,22.5,14.5,https://indomet.gob.do/wp-content/uploads/2025/06/temperaturas-extremas-y-precipitaciones-2025x06x12-a.pdf
2025-06-12,004,PADRE LAS CASAS,AZUA,HOSP. NTRA. SRA. DEL CARMEN,EMCO,33.5,18.0,12.7,https://indomet.gob.do/wp-content/uploads/2025/06/temperaturas-extremas-y-precipitaciones-2025x06x12-a.pdf
2025-06-12,005,LA GUAYIGA (EMA),SAN CRISTÓBAL,PRIVADA,EMAP,,,9.2,https://indomet.gob.do/wp-content/uploads/2025/06/temperaturas-extremas-y-precipitaciones-2025x06x12-a.pdf
2025-06-12,006,VILLA ALTAGRACIA,SAN CRISTÓBAL,ESCUELA JAVIER ANGULO GURIDI,EMCO,,,9.2,https://indomet.gob.do/wp-content/uploads/2025/06/temperaturas-extremas-y-precipitaciones-2025x06x12-a.pdf
2025-06-12,007,VILLA RIVA,DUARTE,HOSP. MPAL. ALICIA DE LEGENDRE,EMCO,32.2,22.3,8.3,https://indomet.gob.do/wp-content/uploads/2025/06/temperaturas-extremas-y-precipitaciones-2025x06x12-a.pdf
2025-06-12,008,CABRERA,MARÍA TRINIDAD SÁNCHEZ,ESCUELA ARÍSTIDES FIALLO CABRAL,EMCO,33.2,26.0,4.0,https://indomet.gob.do/wp-content/uploads/2025/06/temperaturas-extremas-y-precipitaciones-2025x06x12-a.pdf
2025-06-12,009,ELÍAS PIÑA,ELÍAS PIÑA,MINISTERIO DE AGRICULTURA,EMCV,,,4.0,https://indomet.gob.do/wp-content/uploads/2025/06/temperaturas-extremas-y-precipitaciones-2025x06x12-a.pdf
2025-06-12,010,PARQUE MIRADOR SUR,DISTRITO NACIONAL,AYUNTAMIENTO,EMCV,34.0,22.5,3.2,https://indomet.gob.do/wp-content/uploads/2025/06/temperaturas-extremas-y-precipitaciones-2025x06x12-a.pdf
2025-06-12,011,SABANA DE LA MAR,HATO MAYOR,ONAMET,EMCO,31.0,23.0,1.7,https://indomet.gob.do/wp-content/uploads/2025/06/temperaturas-extremas-y-precipitaciones-2025x06x12-a.pdf
2025-06-12,012,RANCHO ARRIBA,SAN JOSÉ DE OCOA,CENTRO TECNOLÓGICO COMUNITARIO,EMCO,30.0,18.3,1.2,https://indomet.gob.do/wp-content/uploads/2025/06/temperaturas-extremas-y-precipitaciones-2025x06x12-a.pdf
2025-06-12,013,POLO,BARAHONA,INDOCAFE,EMCO,,,0.9,https://indomet.gob.do/wp-content/uploads/2025/06/temperaturas-extremas-y-precipitaciones-2025x06x12-a.pdf
2025-06-12,014,SAMANÁ,SAMANÁ,COMANDANCIA DE PUERTO DE SAMANÁ,EMCO,32.4,24.7,0.8,https://indomet.gob.do/wp-content/uploads/2025/06/temperaturas-extremas-y-precipitaciones-2025x06x12-a.pdf
2025-06-12,015,PRESA DE TAVERAS (EMA),LA VEGA,PROGRAMA MUNDIAL DE ALIMENTO,EMAP,29.7,22.1,0.6,https://indomet.gob.do/wp-content/uploads/2025/06/temperaturas-extremas-y-precipitaciones-2025x06x12-a.pdf
2025-06-12,016,RÍO SAN JUAN,MARÍA TRINIDAD SÁNCHEZ,HOSP. MPAL. DR. DESIDERIO ACOSTA,EMCV,32.8,23.9,0.6,https://indomet.gob.do/wp-content/uploads/2025/06/temperaturas-extremas-y-precipitaciones-2025x06x12-a.pdf
2025-06-12,017,ESCONDIDO,PERAVIA,MINISTERIO DE AGRICULTURA,EMCV,32.0,24.0,0.3,https://indomet.gob.do/wp-content/uploads/2025/06/temperaturas-extremas-y-precipitaciones-2025x06x12-a.pdf
2025-06-12,018,JUMA BEJUCAL,MONSEÑOR NOUEL,IDIAF,EMCV,32.2,22.6,0.3,https://indomet.gob.do/wp-content/uploads/2025/06/temperaturas-extremas-y-precipitaciones-2025x06x12-a.pdf
2025-06-12,019,ARPT. GREGORIO LUPERÓN,PUERTO PLATA,ONAMET,EMCO,31.8,24.0,0.2,https://indomet.gob.do/wp-content/uploads/2025/06/temperaturas-extremas-y-precipitaciones-2025x06x12-a.pdf
2025-06-12,020,ARPT. DE LAS AMÉRICAS,SANTO DOMINGO,ONAMET,EMCO,32.0,22.8,0.1,https://indomet.gob.do/wp-content/uploads/2025/06/temperaturas-extremas-y-precipitaciones-2025x06x12-a.pdf
2025-06-12,021,ARROYO LORO,SAN JUAN,IDIAF,EMCO,34.0,17.2,0.1,https://indomet.gob.do/wp-content/uploads/2025/06/temperaturas-extremas-y-precipitaciones-2025x06x12-a.pdf
2025-06-12,022,JARABACOA,LA VEGA,INDRHI / MARENA,EMCO,30.8,16.6,0.1,https://indomet.gob.do/wp-content/uploads/2025/06/temperaturas-extremas-y-precipitaciones-2025x06x12-a.pdf
2025-06-12,023,SAN JOSÉ DE OCOA,SAN JOSÉ DE OCOA,HOSP. SAN JOSÉ DE OCOA,EMCO,31.9,,0.1,https://indomet.gob.do/wp-content/uploads/2025/06/temperaturas-extremas-y-precipitaciones-2025x06x12-a.pdf
2025-06-12,024,ALTAMIRA,PUERTO PLATA,HOSP. MPAL. DE ALTAMIRA,EMCO,33.4,20.4,0.0,https://indomet.gob.do/wp-content/uploads/2025/06/temperaturas-extremas-y-precipitaciones-2025x06x12-a.pdf
2025-06-12,025,ANAMUYA (EMA),LA ALTAGRACIA,MINISTERIO DE AGRICULTURA,EMAP,31.7,24.2,0.0,https://indomet.gob.do/wp-content/uploads/2025/06/temperaturas-extremas-y-precipitaciones-2025x06x12-a.pdf
2025-06-12,026,ARPT. ARROYO BARRIL,SAMANÁ,ONAMET,EMCO,31.5,23.4,0.0,https://indomet.gob.do/wp-content/uploads/2025/06/temperaturas-extremas-y-precipitaciones-2025x06x12-a.pdf
2025-06-12,027,ARPT. DE LA ROMANA,LA ROMANA,ONAMET,EMCO,32.2,21.6,0.0,https://indomet.gob.do/wp-content/uploads/2025/06/temperaturas-extremas-y-precipitaciones-2025x06x12-a.pdf
2025-06-12,028,ARPT. DE PUNTA CANA,LA ALTAGRACIA,ONAMET,EMCO,32.4,25.5,0.0,https://indomet.gob.do/wp-content/uploads/2025/06/temperaturas-extremas-y-precipitaciones-2025x06x12-a.pdf
2025-06-12,029,ARPT. DEL CIBAO,SANTIAGO,ONAMET,EMCO,33.5,22.8,0.0,https://indomet.gob.do/wp-content/uploads/2025/06/temperaturas-extremas-y-precipitaciones-2025x06x12-a.pdf
2025-06-12,030,ARPT. EL CATEY,SAMANÁ,ONAMET,EMCO,30.0,23.0,0.0,https://indomet.gob.do/wp-content/uploads/2025/06/temperaturas-extremas-y-precipitaciones-2025x06x12-a.pdf
2025-06-12,031,ARPT. MARÍA MONTEZ,BARAHONA,ONAMET,EMCO,33.2,26.2,0.0,https://indomet.gob.do/wp-content/uploads/2025/06/temperaturas-extremas-y-precipitaciones-2025x06x12-a.pdf
2025-06-12,032,BANI (EMA),PERAVIA,MINISTERIO DE AGRICULTURA,EMAP,32.1,24.8,0.0,https://indomet.gob.do/wp-content/uploads/2025/06/temperaturas-extremas-y-precipitaciones-2025x06x12-a.pdf
2025-06-12,033,BASE AÉREA DE SAN ISIDRO,SANTO DOMINGO,FUERZA AÉREA DOMINICANA,EMCV,33.0,24.0,0.0,https://indomet.gob.do/wp-content/uploads/2025/06/temperaturas-extremas-y-precipitaciones-2025x06x12-a.pdf
2025-06-12,034,BAYAGUANA,MONTE PLATA,ONAMET,EMCO,33.2,22.0,0.0,https://indomet.gob.do/wp-content/uploads/2025/06/temperaturas-extremas-y-precipitaciones-2025x06x12-a.pdf
2025-06-12,035,BOCA DE MAO (EMA),VALVERDE,MINISTERIO DE AGRICULTURA,EMAP,36.0,23.8,0.0,https://indomet.gob.do/wp-content/uploads/2025/06/temperaturas-extremas-y-precipitaciones-2025x06x12-a.pdf
2025-06-12,036,CABRAL,BARAHONA,MINISTERIO DE AGRICULTURA,EMCV,34.0,24.5,0.0,https://indomet.gob.do/wp-content/uploads/2025/06/temperaturas-extremas-y-precipitaciones-2025x06x12-a.pdf
2025-06-12,037,CENTRO DE LOS HEROES (EMA),DISTRITO NACIONAL,MINISTERIO DE ENERGIA Y MINA,EMAP,31.2,25.8,0.0,https://indomet.gob.do/wp-content/uploads/2025/06/temperaturas-extremas-y-precipitaciones-2025x06x12-a.pdf
2025-06-12,038,CONSTANZA,LA VEGA,MINISTERIO DE AGRICULTURA,EMCO,29.7,13.0,0.0,https://indomet.gob.do/wp-content/uploads/2025/06/temperaturas-extremas-y-precipitaciones-2025x06x12-a.pdf
2025-06-12,039,CONSTANZA (EMA),LA VEGA,PROGRAMA MUNDIAL DE ALIMENTO,EMAP,,13.4,0.0,https://indomet.gob.do/wp-content/uploads/2025/06/temperaturas-extremas-y-precipitaciones-2025x06x12-a.pdf
2025-06-12,040,DAJABÓN,DAJABÓN,INSTITUTO POLITÉCNICO LOYOLA,EMCO,35.1,22.4,0.0,https://indomet.gob.do/wp-content/uploads/2025/06/temperaturas-extremas-y-precipitaciones-2025x06x12-a.pdf
2025-06-12,041,EL CERCADO,SAN JUAN,MINISTERIO DE AGRICULTURA,EMCV,,,0.0,https://indomet.gob.do/wp-content/uploads/2025/06/temperaturas-extremas-y-precipitaciones-2025x06x12-a.pdf
2025-06-12,042,EL FACTOR (EMA),MARÍA TRINIDAD SÁNCHEZ,INTEC,EMAP,32.7,22.8,0.0,https://indomet.gob.do/wp-content/uploads/2025/06/temperaturas-extremas-y-precipitaciones-2025x06x12-a.pdf
2025-06-12,043,GASPAR HERNÁNDEZ,ESPAILLAT,PROPIEDAD DEL EMPLEADO,EMCO,,,0.0,https://indomet.gob.do/wp-content/uploads/2025/06/temperaturas-extremas-y-precipitaciones-2025x06x12-a.pdf
2025-06-12,044,GURABO,SANTIAGO,MINISTERIO DE AGRICULTURA,EMCV,,,0.0,https://indomet.gob.do/wp-content/uploads/2025/06/temperaturas-extremas-y-precipitaciones-2025x06x12-a.pdf
2025-06-12,045,HONDO VALLE,ELÍAS PIÑA,MINISTERIO DE AGRICULTURA,EMCO,25.9,17.0,0.0,https://indomet.gob.do/wp-content/uploads/2025/06/temperaturas-extremas-y-precipitaciones-2025x06x12-a.pdf
2025-06-12,046,JARABACOA (EMA),LA VEGA,PROGRAMA MUNDIAL DE ALIMENTO,EMAP,30.4,17.4,0.0,https://indomet.gob.do/wp-content/uploads/2025/06/temperaturas-extremas-y-precipitaciones-2025x06x12-a.pdf
2025-06-12,047,JARDÍN BOTÁNICO NACIONAL,DISTRITO NACIONAL,JARDÍN BOTÁNICO NACIONAL,EMCV,31.0,23.0,0.0,https://indomet.gob.do/wp-content/uploads/2025/06/temperaturas-extremas-y-precipitaciones-2025x06x12-a.pdf
2025-06-12,048,JIMANÍ,INDEPENDENCIA,MINISTERIO DE AGRICULTURA,EMCO,36.0,26.6,0.0,https://indomet.gob.do/wp-content/uploads/2025/06/temperaturas-extremas-y-precipitaciones-2025x06x12-a.pdf
2025-06-12,049,LA VEGA,LA VEGA,IATESA,EMCO,32.5,22.0,0.0,https://indomet.gob.do/wp-content/uploads/2025/06/temperaturas-extremas-y-precipitaciones-2025x06x12-a.pdf
2025-06-12,050,LAS CANAS (EMA),MONTE CRISTI,PROGRAMA MUNDIAL DE ALIMENTO,EMAP,30.2,24.2,0.0,https://indomet.gob.do/wp-content/uploads/2025/06/temperaturas-extremas-y-precipitaciones-2025x06x12-a.pdf
2025-06-12,051,LAS MATAS DE SANTA CRUZ (EMA),MONTE CRISTI,PROGRAMA MUNDIAL DE ALIMENTO,EMAP,35.4,23.5,0.0,https://indomet.gob.do/wp-content/uploads/2025/06/temperaturas-extremas-y-precipitaciones-2025x06x12-a.pdf
2025-06-12,052,LOS LLANOS,SAN PEDRO DE MACORÍS,MINISTERIO DE AGRICULTURA,EMCO,33.2,22.0,0.0,https://indomet.gob.do/wp-content/uploads/2025/06/temperaturas-extremas-y-precipitaciones-2025x06x12-a.pdf
2025-06-12,053,MAO,VALVERDE,INDRHI / MINISTERIO DE AGRICULTURA,EMCV,,,0.0,https://indomet.gob.do/wp-content/uploads/2025/06/temperaturas-extremas-y-precipitaciones-2025x06x12-a.pdf
2025-06-12,054,MONCIÓN (EMA),SANTIAGO RODRÍGUEZ,PROGRAMA MUNDIAL DE ALIMENTO,EMAP,32.7,20.0,0.0,https://indomet.gob.do/wp-content/uploads/2025/06/temperaturas-extremas-y-precipitaciones-2025x06x12-a.pdf
2025-06-12,055,MONTE CRISTI,MONTE CRISTI,ONAMET,EMCO,29.0,24.8,0.0,https://indomet.gob.do/wp-content/uploads/2025/06/temperaturas-extremas-y-precipitaciones-2025x06x12-a.pdf
2025-06-12,056,OLIVARES,PEDERNALES,INDRHI,EMCO,,,0.0,https://indomet.gob.do/wp-content/uploads/2025/06/temperaturas-extremas-y-precipitaciones-2025x06x12-a.pdf
2025-06-12,057,OVIEDO,PEDERNALES,CLÍNICA RURAL OVIEDO,EMCO,32.5,25.8,0.0,https://indomet.gob.do/wp-content/uploads/2025/06/temperaturas-extremas-y-precipitaciones-2025x06x12-a.pdf
2025-06-12,058,PALO ÍNDIO,PUERTO PLATA,MINISTERIO DE AGRICULTURA,EMCO,,,0.0,https://indomet.gob.do/wp-content/uploads/2025/06/temperaturas-extremas-y-precipitaciones-2025x06x12-a.pdf
2025-06-12,059,PEDERNALES,PEDERNALES,INDRHI,EMCO,,,0.0,https://indomet.gob.do/wp-content/uploads/2025/06/temperaturas-extremas-y-precipitaciones-2025x06x12-a.pdf
2025-06-12,060,PERALTA,AZUA,HOSP. MPAL. DE PERALTA,EMCO,35.0,17.5,0.0,https://indomet.gob.do/wp-content/uploads/2025/06/temperaturas-extremas-y-precipitaciones-2025x06x12-a.pdf
2025-06-12,061,PESCADERIA (EMA),BARAHONA,MINISTERIO DE AGRICULTURA,EMAP,33.6,24.7,0.0,https://indomet.gob.do/wp-content/uploads/2025/06/temperaturas-extremas-y-precipitaciones-2025x06x12-a.pdf
2025-06-12,062,PONTÓN ABAJO (EMA),LA VEGA,MINISTERIO DE AGRICULTURA,EMAP,33.7,22.7,0.0,https://indomet.gob.do/wp-content/uploads/2025/06/temperaturas-extremas-y-precipitaciones-2025x06x12-a.pdf
2025-06-12,063,RESTAURACIÓN,DAJABÓN,MINISTERIO DE AGRICULTURA,EMCO,31.9,18.4,0.0,https://indomet.gob.do/wp-content/uploads/2025/06/temperaturas-extremas-y-precipitaciones-2025x06x12-a.pdf
2025-06-12,064,SABANA GRANDE DE BOYÁ,MONTE PLATA,MINISTERIO DE AGRICULTURA,EMCV,,,0.0,https://indomet.gob.do/wp-content/uploads/2025/06/temperaturas-extremas-y-precipitaciones-2025x06x12-a.pdf
2025-06-12,065,SABANETA (EMA),SANTIAGO RODRÍGUEZ,PROGRAMA MUNDIAL DE ALIMENTO,EMAP,36.3,21.9,0.0,https://indomet.gob.do/wp-content/uploads/2025/06/temperaturas-extremas-y-precipitaciones-2025x06x12-a.pdf
2025-06-12,066,SALCEDO,HERMANAS MIRABAL,PROPIEDAD DEL EMPLEADO,EMCO,,,0.0,https://indomet.gob.do/wp-content/uploads/2025/06/temperaturas-extremas-y-precipitaciones-2025x06x12-a.pdf
2025-06-12,067,SAN CRISTÓBAL,SAN CRISTÓBAL,INSTITUTO POLITÉCNICO LOYOLA,EMCO,32.0,22.4,0.0,https://indomet.gob.do/wp-content/uploads/2025/06/temperaturas-extremas-y-precipitaciones-2025x06x12-a.pdf
2025-06-12,068,SAN RAFAEL DEL YUMA,LA ALTAGRACIA,MINISTERIO DE AGRICULTURA,EMCO,32.2,22.6,0.0,https://indomet.gob.do/wp-content/uploads/2025/06/temperaturas-extremas-y-precipitaciones-2025x06x12-a.pdf
2025-06-12,069,SÁNCHEZ,SAMANÁ,MINISTERIO DE AGRICULTURA,EMCO,32.2,22.9,0.0,https://indomet.gob.do/wp-content/uploads/2025/06/temperaturas-extremas-y-precipitaciones-2025x06x12-a.pdf
2025-06-12,070,SANTIAGO RODRÍGUEZ,SANTIAGO RODRÍGUEZ,ONAMET,EMCO,36.2,22.5,0.0,https://indomet.gob.do/wp-content/uploads/2025/06/temperaturas-extremas-y-precipitaciones-2025x06x12-a.pdf
2025-06-12,071,SANTO DOMINGO ESTE,SANTO DOMINGO,ONAMET,EMCO,32.4,24.0,0.0,https://indomet.gob.do/wp-content/uploads/2025/06/temperaturas-extremas-y-precipitaciones-2025x06x12-a.pdf
2025-06-12,072,TÁBARA ABAJO,AZUA,INDRHI,EMCO,34.4,22.6,0.0,https://indomet.gob.do/wp-content/uploads/2025/06/temperaturas-extremas-y-precipitaciones-2025x06x12-a.pdf
2025-06-12,073,TAMBORIL,SANTIAGO,MINISTERIO DE AGRICULTURA,EMCV,,,0.0,https://indomet.gob.do/wp-content/uploads/2025/06/temperaturas-extremas-y-precipitaciones-2025x06x12-a.pdf
2025-06-12,074,VILLA GONZALES,SANTIAGO,MINISTERIO DE AGRICULTURA,EMCO,,,0.0,https://indomet.gob.do/wp-content/uploads/2025/06/temperaturas-extremas-y-precipitaciones-2025x06x12-a.pdf
2025-06-12,075,VILLA ISABELA,PUERTO PLATA,MINISTERIO DE AGRICULTURA,EMCV,,,0.0,https://indomet.gob.do/wp-content/uploads/2025/06/temperaturas-extremas-y-precipitaciones-2025x06x12-a.pdf
2025-06-12,076,ALTO BANDERA (EMA),LA VEGA,INTEC,EMAP,14.5,8.1,0.0,https://indomet.gob.do/wp-content/uploads/2025/06/temperaturas-extremas-y-precipitaciones-2025x06x12-a.pdf
2025-06-13,001,JARABACOA (EMA),LA VEGA,PROGRAMA MUNDIAL DE ALIMENTO,EMAP,30.3,18.2,50.6,https://indomet.gob.do/wp-content/uploads/2025/06/temperaturas-extremas-y-precipitaciones-2025x06x13-a.pdf
2025-06-13,002,JARABACOA,LA VEGA,INDRHI / MARENA,EMCO,31.2,17.0,45.7,https://indomet.gob.do/wp-content/uploads/2025/06/temperaturas-extremas-y-precipitaciones-2025x06x13-a.pdf
2025-06-13,003,ARROYO LORO,SAN JUAN,IDIAF,EMCO,33.9,18.0,39.2,https://indomet.gob.do/wp-content/uploads/2025/06/temperaturas-extremas-y-precipitaciones-2025x06x13-a.pdf
2025-06-13,004,ARPT. EL CATEY,SAMANÁ,ONAMET,EMCO,28.4,22.0,28.1,https://indomet.gob.do/wp-content/uploads/2025/06/temperaturas-extremas-y-precipitaciones-2025x06x13-a.pdf
2025-06-13,005,PADRE LAS CASAS,AZUA,HOSP. NTRA. SRA. DEL CARMEN,EMCO,33.5,19.3,23.9,https://indomet.gob.do/wp-content/uploads/2025/06/temperaturas-extremas-y-precipitaciones-2025x06x13-a.pdf
2025-06-13,006,LA VICTORIA,SANTO DOMINGO,CUERPO DE BOMBEROS,EMCO,34.5,21.8,23.0,https://indomet.gob.do/wp-content/uploads/2025/06/temperaturas-extremas-y-precipitaciones-2025x06x13-a.pdf
2025-06-13,007,POLO,BARAHONA,INDOCAFE,EMCO,,,22.3,https://indomet.gob.do/wp-content/uploads/2025/06/temperaturas-extremas-y-precipitaciones-2025x06x13-a.pdf
2025-06-13,008,ARPT. LA ISABELA,SANTO DOMINGO,ONAMET,EMCO,32.2,22.0,20.1,https://indomet.gob.do/wp-content/uploads/2025/06/temperaturas-extremas-y-precipitaciones-2025x06x13-a.pdf
2025-06-13,009,ELÍAS PIÑA,ELÍAS PIÑA,MINISTERIO DE AGRICULTURA,EMCV,,,18.0,https://indomet.gob.do/wp-content/uploads/2025/06/temperaturas-extremas-y-precipitaciones-2025x06x13-a.pdf
2025-06-13,010,EL CERCADO,SAN JUAN,MINISTERIO DE AGRICULTURA,EMCV,,,15.0,https://indomet.gob.do/wp-content/uploads/2025/06/temperaturas-extremas-y-precipitaciones-2025x06x13-a.pdf
2025-06-13,011,ALTO BANDERA (EMA),LA VEGA,INTEC,EMAP,16.9,5.7,13.7,https://indomet.gob.do/wp-content/uploads/2025/06/temperaturas-extremas-y-precipitaciones-2025x06x13-a.pdf
2025-06-13,012,SAN CRISTÓBAL,SAN CRISTÓBAL,INSTITUTO POLITÉCNICO LOYOLA,EMCO,32.0,21.0,10.1,https://indomet.gob.do/wp-content/uploads/2025/06/temperaturas-extremas-y-precipitaciones-2025x06x13-a.pdf
2025-06-13,013,ESCONDIDO,PERAVIA,MINISTERIO DE AGRICULTURA,EMCV,32.0,24.0,8.8,https://indomet.gob.do/wp-content/uploads/2025/06/temperaturas-extremas-y-precipitaciones-2025x06x13-a.pdf
2025-06-13,014,CENTRO DE LOS HEROES (EMA),DISTRITO NACIONAL,MINISTERIO DE ENERGIA Y MINA,EMAP,31.0,25.2,8.6,https://indomet.gob.do/wp-content/uploads/2025/06/temperaturas-extremas-y-precipitaciones-2025x06x13-a.pdf
2025-06-13,015,SALCEDO,HERMANAS MIRABAL,PROPIEDAD DEL EMPLEADO,EMCO,,,6.3,https://indomet.gob.do/wp-content/uploads/2025/06/temperaturas-extremas-y-precipitaciones-2025x06x13-a.pdf
2025-06-13,016,OVIEDO,PEDERNALES,CLÍNICA RURAL OVIEDO,EMCO,33.0,25.0,5.0,https://indomet.gob.do/wp-content/uploads/2025/06/temperaturas-extremas-y-precipitaciones-2025x06x13-a.pdf
2025-06-13,017,VILLA RIVA,DUARTE,HOSP. MPAL. ALICIA DE LEGENDRE,EMCO,30.5,21.8,4.8,https://indomet.gob.do/wp-content/uploads/2025/06/temperaturas-extremas-y-precipitaciones-2025x06x13-a.pdf
2025-06-13,018,CONSTANZA,LA VEGA,MINISTERIO DE AGRICULTURA,EMCO,26.6,13.6,4.4,https://indomet.gob.do/wp-content/uploads/2025/06/temperaturas-extremas-y-precipitaciones-2025x06x13-a.pdf
2025-06-13,019,CONSTANZA (EMA),LA VEGA,PROGRAMA MUNDIAL DE ALIMENTO,EMAP,25.7,14.1,4.0,https://indomet.gob.do/wp-content/uploads/2025/06/temperaturas-extremas-y-precipitaciones-2025x06x13-a.pdf
2025-06-13,020,RANCHO ARRIBA,SAN JOSÉ DE OCOA,CENTRO TECNOLÓGICO COMUNITARIO,EMCO,30.6,17.8,3.2,https://indomet.gob.do/wp-content/uploads/2025/06/temperaturas-extremas-y-precipitaciones-2025x06x13-a.pdf
2025-06-13,021,SÁNCHEZ,SAMANÁ,MINISTERIO DE AGRICULTURA,EMCO,32.5,23.1,1.4,https://indomet.gob.do/wp-content/uploads/2025/06/temperaturas-extremas-y-precipitaciones-2025x06x13-a.pdf
2025-06-13,022,SANTO DOMINGO ESTE,SANTO DOMINGO,ONAMET,EMCO,32.5,24.7,1.2,https://indomet.gob.do/wp-content/uploads/2025/06/temperaturas-extremas-y-precipitaciones-2025x06x13-a.pdf
2025-06-13,023,ENRIQUILLO,BARAHONA,MINISTERIO DE AGRICULTURA,EMCV,31.7,25.4,0.6,https://indomet.gob.do/wp-content/uploads/2025/06/temperaturas-extremas-y-precipitaciones-2025x06x13-a.pdf
2025-06-13,024,BONAO,MONSEÑOR NOUEL,MINISTERIO DE AGRICULTURA,EMCV,,,0.5,https://indomet.gob.do/wp-content/uploads/2025/06/temperaturas-extremas-y-precipitaciones-2025x06x13-a.pdf
2025-06-13,025,CABRERA,MARÍA TRINIDAD SÁNCHEZ,ESCUELA ARÍSTIDES FIALLO CABRAL,EMCO,33.5,24.5,0.2,https://indomet.gob.do/wp-content/uploads/2025/06/temperaturas-extremas-y-precipitaciones-2025x06x13-a.pdf
2025-06-13,026,HONDO VALLE,ELÍAS PIÑA,MINISTERIO DE AGRICULTURA,EMCO,26.3,17.4,0.1,https://indomet.gob.do/wp-content/uploads/2025/06/temperaturas-extremas-y-precipitaciones-2025x06x13-a.pdf
2025-06-13,027,PERALTA,AZUA,HOSP. MPAL. DE PERALTA,EMCO,33.4,18.5,0.1,https://indomet.gob.do/wp-content/uploads/2025/06/temperaturas-extremas-y-precipitaciones-2025x06x13-a.pdf
2025-06-13,028,RÍO SAN JUAN,MARÍA TRINIDAD SÁNCHEZ,HOSP. MPAL. DR. DESIDERIO ACOSTA,EMCV,32.8,23.5,0.1,https://indomet.gob.do/wp-content/uploads/2025/06/temperaturas-extremas-y-precipitaciones-2025x06x13-a.pdf
2025-06-13,029,ALTAMIRA,PUERTO PLATA,HOSP. MPAL. DE ALTAMIRA,EMCO,33.8,20.3,0.0,https://indomet.gob.do/wp-content/uploads/2025/06/temperaturas-extremas-y-precipitaciones-2025x06x13-a.pdf
2025-06-13,030,ANAMUYA (EMA),LA ALTAGRACIA,MINISTERIO DE AGRICULTURA,EMAP,31.9,24.1,0.0,https://indomet.gob.do/wp-content/uploads/2025/06/temperaturas-extremas-y-precipitaciones-2025x06x13-a.pdf
2025-06-13,031,ARPT. ARROYO BARRIL,SAMANÁ,ONAMET,EMCO,31.5,24.0,0.0,https://indomet.gob.do/wp-content/uploads/2025/06/temperaturas-extremas-y-precipitaciones-2025x06x13-a.pdf
2025-06-13,032,ARPT. DE LA ROMANA,LA ROMANA,ONAMET,EMCO,32.0,21.0,0.0,https://indomet.gob.do/wp-content/uploads/2025/06/temperaturas-extremas-y-precipitaciones-2025x06x13-a.pdf
2025-06-13,033,ARPT. DE LAS AMÉRICAS,SANTO DOMINGO,ONAMET,EMCO,32.3,23.3,0.0,https://indomet.gob.do/wp-content/uploads/2025/06/temperaturas-extremas-y-precipitaciones-2025x06x13-a.pdf
2025-06-13,034,ARPT. DE PUNTA CANA,LA ALTAGRACIA,ONAMET,EMCO,33.2,25.0,0.0,https://indomet.gob.do/wp-content/uploads/2025/06/temperaturas-extremas-y-precipitaciones-2025x06x13-a.pdf
2025-06-13,035,ARPT. DEL CIBAO,SANTIAGO,ONAMET,EMCO,33.2,21.5,0.0,https://indomet.gob.do/wp-content/uploads/2025/06/temperaturas-extremas-y-precipitaciones-2025x06x13-a.pdf
2025-06-13,036,ARPT. GREGORIO LUPERÓN,PUERTO PLATA,ONAMET,EMCO,31.8,23.2,0.0,https://indomet.gob.do/wp-content/uploads/2025/06/temperaturas-extremas-y-precipitaciones-2025x06x13-a.pdf
2025-06-13,037,ARPT. MARÍA MONTEZ,BARAHONA,ONAMET,EMCO,33.5,25.0,0.0,https://indomet.gob.do/wp-content/uploads/2025/06/temperaturas-extremas-y-precipitaciones-2025x06x13-a.pdf
2025-06-13,038,BAYAGUANA,MONTE PLATA,ONAMET,EMCO,33.4,22.2,0.0,https://indomet.gob.do/wp-content/uploads/2025/06/temperaturas-extremas-y-precipitaciones-2025x06x13-a.pdf
2025-06-13,039,BOCA DE MAO (EMA),VALVERDE,MINISTERIO DE AGRICULTURA,EMAP,36.1,23.8,0.0,https://indomet.gob.do/wp-content/uploads/2025/06/temperaturas-extremas-y-precipitaciones-2025x06x13-a.pdf
2025-06-13,040,CABRAL,BARAHONA,MINISTERIO DE AGRICULTURA,EMCV,33.8,23.7,0.0,https://indomet.gob.do/wp-content/uploads/2025/06/temperaturas-extremas-y-precipitaciones-2025x06x13-a.pdf
2025-06-13,041,DAJABÓN,DAJABÓN,INSTITUTO POLITÉCNICO LOYOLA,EMCO,34.9,20.8,0.0,https://indomet.gob.do/wp-content/uploads/2025/06/temperaturas-extremas-y-precipitaciones-2025x06x13-a.pdf
2025-06-13,042,EL FACTOR (EMA),MARÍA TRINIDAD SÁNCHEZ,INTEC,EMAP,32.4,22.8,0.0,https://indomet.gob.do/wp-content/uploads/2025/06/temperaturas-extremas-y-precipitaciones-2025x06x13-a.pdf
2025-06-13,043,GASPAR HERNÁNDEZ,ESPAILLAT,PROPIEDAD DEL EMPLEADO,EMCO,,,0.0,https://indomet.gob.do/wp-content/uploads/2025/06/temperaturas-extremas-y-precipitaciones-2025x06x13-a.pdf
2025-06-13,044,GURABO,SANTIAGO,MINISTERIO DE AGRICULTURA,EMCV,,,0.0,https://indomet.gob.do/wp-content/uploads/2025/06/temperaturas-extremas-y-precipitaciones-2025x06x13-a.pdf
2025-06-13,045,HATO MAYOR,HATO MAYOR,MINISTERIO DE AGRICULTURA,EMCV,,,0.0,https://indomet.gob.do/wp-content/uploads/2025/06/temperaturas-extremas-y-precipitaciones-2025x06x13-a.pdf
2025-06-13,046,JIMANÍ,INDEPENDENCIA,MINISTERIO DE AGRICULTURA,EMCO,37.4,25.0,0.0,https://indomet.gob.do/wp-content/uploads/2025/06/temperaturas-extremas-y-precipitaciones-2025x06x13-a.pdf
2025-06-13,047,LAS CANAS (EMA),MONTE CRISTI,PROGRAMA MUNDIAL DE ALIMENTO,EMAP,30.6,23.1,0.0,https://indomet.gob.do/wp-content/uploads/2025/06/temperaturas-extremas-y-precipitaciones-2025x06x13-a.pdf
2025-06-13,048,LAS MATAS DE SANTA CRUZ (EMA,MONTE CRISTI,PROGRAMA MUNDIAL DE ALIMENTO,EMAP,35.6,23.9,0.0,https://indomet.gob.do/wp-content/uploads/2025/06/temperaturas-extremas-y-precipitaciones-2025x06x13-a.pdf
2025-06-13,049,LOS LLANOS,SAN PEDRO DE MACORÍS,MINISTERIO DE AGRICULTURA,EMCO,34.0,22.5,0.0,https://indomet.gob.do/wp-content/uploads/2025/06/temperaturas-extremas-y-precipitaciones-2025x06x13-a.pdf
2025-06-13,050,MAO,VALVERDE,INDRHI / MINISTERIO DE AGRICULTURA,EMCV,,,0.0,https://indomet.gob.do/wp-content/uploads/2025/06/temperaturas-extremas-y-precipitaciones-2025x06x13-a.pdf
2025-06-13,051,MATA LARGA (EMA),DUARTE,MINISTERIO DE AGRICULTURA,EMAP,,,0.0,https://indomet.gob.do/wp-content/uploads/2025/06/temperaturas-extremas-y-precipitaciones-2025x06x13-a.pdf
2025-06-13,052,MONCIÓN (EMA),SANTIAGO RODRÍGUEZ,PROGRAMA MUNDIAL DE ALIMENTO,EMAP,33.1,19.7,0.0,https://indomet.gob.do/wp-content/uploads/2025/06/temperaturas-extremas-y-precipitaciones-2025x06x13-a.pdf
2025-06-13,053,MONTE CRISTI,MONTE CRISTI,ONAMET,EMCO,34.5,24.8,0.0,https://indomet.gob.do/wp-content/uploads/2025/06/temperaturas-extremas-y-precipitaciones-2025x06x13-a.pdf
2025-06-13,054,NAVARRETE,SANTIAGO,MINISTERIO DE AGRICULTURA,EMCV,,,0.0,https://indomet.gob.do/wp-content/uploads/2025/06/temperaturas-extremas-y-precipitaciones-2025x06x13-a.pdf
2025-06-13,055,OLIVARES,PEDERNALES,INDRHI,EMCO,,,0.0,https://indomet.gob.do/wp-content/uploads/2025/06/temperaturas-extremas-y-precipitaciones-2025x06x13-a.pdf
2025-06-13,056,PALO ÍNDIO,PUERTO PLATA,MINISTERIO DE AGRICULTURA,EMCO,,,0.0,https://indomet.gob.do/wp-content/uploads/2025/06/temperaturas-extremas-y-precipitaciones-2025x06x13-a.pdf
2025-06-13,057,PEDERNALES,PEDERNALES,INDRHI,EMCO,,,0.0,https://indomet.gob.do/wp-content/uploads/2025/06/temperaturas-extremas-y-precipitaciones-2025x06x13-a.pdf
2025-06-13,058,PESCADERIA (EMA),BARAHONA,MINISTERIO DE AGRICULTURA,EMAP,34.2,23.7,0.0,https://indomet.gob.do/wp-content/uploads/2025/06/temperaturas-extremas-y-precipitaciones-2025x06x13-a.pdf
2025-06-13,059,PONTÓN ABAJO (EMA),LA VEGA,MINISTERIO DE AGRICULTURA,EMAP,33.8,22.6,0.0,https://indomet.gob.do/wp-content/uploads/2025/06/temperaturas-extremas-y-precipitaciones-2025x06x13-a.pdf
2025-06-13,060,PRESA DE TAVERAS (EMA),LA VEGA,PROGRAMA MUNDIAL DE ALIMENTO,EMAP,30.2,21.4,0.0,https://indomet.gob.do/wp-content/uploads/2025/06/temperaturas-extremas-y-precipitaciones-2025x06x13-a.pdf
2025-06-13,061,RESTAURACIÓN,DAJABÓN,MINISTERIO DE AGRICULTURA,EMCO,32.7,19.2,0.0,https://indomet.gob.do/wp-content/uploads/2025/06/temperaturas-extremas-y-precipitaciones-2025x06x13-a.pdf
2025-06-13,062,SABANA DE LA MAR,HATO MAYOR,ONAMET,EMCO,31.5,22.5,0.0,https://indomet.gob.do/wp-content/uploads/2025/06/temperaturas-extremas-y-precipitaciones-2025x06x13-a.pdf
2025-06-13,063,SABANETA (EMA),SANTIAGO RODRÍGUEZ,PROGRAMA MUNDIAL DE ALIMENTO,EMAP,36.6,22.1,0.0,https://indomet.gob.do/wp-content/uploads/2025/06/temperaturas-extremas-y-precipitaciones-2025x06x13-a.pdf
2025-06-13,064,SAMANÁ,SAMANÁ,COMANDANCIA DE PUERTO DE SAMANÁ,EMCO,32.7,24.0,0.0,https://indomet.gob.do/wp-content/uploads/2025/06/temperaturas-extremas-y-precipitaciones-2025x06x13-a.pdf
2025-06-13,065,SAN JOSÉ DE OCOA,SAN JOSÉ DE OCOA,HOSP. SAN JOSÉ DE OCOA,EMCO,32.7,,0.0,https://indomet.gob.do/wp-content/uploads/2025/06/temperaturas-extremas-y-precipitaciones-2025x06x13-a.pdf
2025-06-13,066,SAN RAFAEL DEL YUMA,LA ALTAGRACIA,MINISTERIO DE AGRICULTURA,EMCO,32.6,22.4,0.0,https://indomet.gob.do/wp-content/uploads/2025/06/temperaturas-extremas-y-precipitaciones-2025x06x13-a.pdf
2025-06-13,067,SANTIAGO RODRÍGUEZ,SANTIAGO RODRÍGUEZ,ONAMET,EMCO,36.4,23.0,0.0,https://indomet.gob.do/wp-content/uploads/2025/06/temperaturas-extremas-y-precipitaciones-2025x06x13-a.pdf
2025-06-13,068,TÁBARA ABAJO,AZUA,INDRHI,EMCO,32.5,22.0,0.0,https://indomet.gob.do/wp-content/uploads/2025/06/temperaturas-extremas-y-precipitaciones-2025x06x13-a.pdf
2025-06-13,069,VILLA GONZALES,SANTIAGO,MINISTERIO DE AGRICULTURA,EMCO,,,0.0,https://indomet.gob.do/wp-content/uploads/2025/06/temperaturas-extremas-y-precipitaciones-2025x06x13-a.pdf
2025-06-13,070,VILLA ISABELA,PUERTO PLATA,MINISTERIO DE AGRICULTURA,EMCV,,,0.0,https://indomet.gob.do/wp-content/uploads/2025/06/temperaturas-extremas-y-precipitaciones-2025x06x13-a.pdf
2025-06-14,001,ARPT. EL CATEY,SAMANÁ,ONAMET,EMCO,28.0,22.6,23.0,https://indomet.gob.do/wp-content/uploads/2025/06/temperaturas-extremas-y-precipitaciones-2025x06x14-a.pdf
2025-06-14,002,ELÍAS PIÑA,ELÍAS PIÑA,MINISTERIO DE AGRICULTURA,EMCV,,,19.6,https://indomet.gob.do/wp-content/uploads/2025/06/temperaturas-extremas-y-precipitaciones-2025x06x14-a.pdf
2025-06-14,003,LOS LLANOS,SAN PEDRO DE MACORÍS,MINISTERIO DE AGRICULTURA,EMCO,32.9,21.3,17.2,https://indomet.gob.do/wp-content/uploads/2025/06/temperaturas-extremas-y-precipitaciones-2025x06x14-a.pdf
2025-06-14,004,ALTO BANDERA (EMA),LA VEGA,INTEC,EMAP,15.3,6.2,11.9,https://indomet.gob.do/wp-content/uploads/2025/06/temperaturas-extremas-y-precipitaciones-2025x06x14-a.pdf
2025-06-14,005,EL FACTOR (EMA),MARÍA TRINIDAD SÁNCHEZ,INTEC,EMAP,31.4,21.9,11.7,https://indomet.gob.do/wp-content/uploads/2025/06/temperaturas-extremas-y-precipitaciones-2025x06x14-a.pdf
2025-06-14,006,CABRERA,MARÍA TRINIDAD SÁNCHEZ,ESCUELA ARÍSTIDES FIALLO CABRAL,EMCO,33.5,26.2,8.7,https://indomet.gob.do/wp-content/uploads/2025/06/temperaturas-extremas-y-precipitaciones-2025x06x14-a.pdf
2025-06-14,007,RÍO SAN JUAN,MARÍA TRINIDAD SÁNCHEZ,HOSP. MPAL. DR. DESIDERIO ACOSTA,EMCV,32.8,22.8,7.4,https://indomet.gob.do/wp-content/uploads/2025/06/temperaturas-extremas-y-precipitaciones-2025x06x14-a.pdf
2025-06-14,008,LOS TRES CHARCOS (EMA),PEDERNALES,PROPIEDAD DEL VOLUNTARIO,EMAP,26.3,25.4,5.0,https://indomet.gob.do/wp-content/uploads/2025/06/temperaturas-extremas-y-precipitaciones-2025x06x14-a.pdf
2025-06-14,009,VILLA ALTAGRACIA,SAN CRISTÓBAL,ESCUELA JAVIER ANGULO GURIDI,EMCO,,,4.3,https://indomet.gob.do/wp-content/uploads/2025/06/temperaturas-extremas-y-precipitaciones-2025x06x14-a.pdf
2025-06-14,010,HONDO VALLE,ELÍAS PIÑA,MINISTERIO DE AGRICULTURA,EMCO,26.0,17.2,2.4,https://indomet.gob.do/wp-content/uploads/2025/06/temperaturas-extremas-y-precipitaciones-2025x06x14-a.pdf
2025-06-14,011,SAMANÁ,SAMANÁ,COMANDANCIA DE PUERTO DE SAMANÁ,EMCO,32.0,24.0,2.4,https://indomet.gob.do/wp-content/uploads/2025/06/temperaturas-extremas-y-precipitaciones-2025x06x14-a.pdf
2025-06-14,012,SAN RAFAEL DEL YUMA,LA ALTAGRACIA,MINISTERIO DE AGRICULTURA,EMCO,32.2,22.2,1.8,https://indomet.gob.do/wp-content/uploads/2025/06/temperaturas-extremas-y-precipitaciones-2025x06x14-a.pdf
2025-06-14,013,LA VICTORIA,SANTO DOMINGO,CUERPO DE BOMBEROS,EMCO,33.6,22.0,1.6,https://indomet.gob.do/wp-content/uploads/2025/06/temperaturas-extremas-y-precipitaciones-2025x06x14-a.pdf
2025-06-14,014,PADRE LAS CASAS,AZUA,HOSP. NTRA. SRA. DEL CARMEN,EMCO,32.0,19.0,1.5,https://indomet.gob.do/wp-content/uploads/2025/06/temperaturas-extremas-y-precipitaciones-2025x06x14-a.pdf
2025-06-14,015,BONAO,MONSEÑOR NOUEL,MINISTERIO DE AGRICULTURA,EMCV,,,0.8,https://indomet.gob.do/wp-content/uploads/2025/06/temperaturas-extremas-y-precipitaciones-2025x06x14-a.pdf
2025-06-14,016,POLO,BARAHONA,INDOCAFE,EMCO,,,0.4,https://indomet.gob.do/wp-content/uploads/2025/06/temperaturas-extremas-y-precipitaciones-2025x06x14-a.pdf
2025-06-14,017,RANCHO ARRIBA,SAN JOSÉ DE OCOA,CENTRO TECNOLÓGICO COMUNITARIO,EMCO,29.8,16.0,0.3,https://indomet.gob.do/wp-content/uploads/2025/06/temperaturas-extremas-y-precipitaciones-2025x06x14-a.pdf
2025-06-14,018,ARPT. LA ISABELA,SANTO DOMINGO,ONAMET,EMCO,33.5,22.0,0.1,https://indomet.gob.do/wp-content/uploads/2025/06/temperaturas-extremas-y-precipitaciones-2025x06x14-a.pdf
2025-06-14,019,JARABACOA,LA VEGA,INDRHI / MARENA,EMCO,30.2,17.2,0.1,https://indomet.gob.do/wp-content/uploads/2025/06/temperaturas-extremas-y-precipitaciones-2025x06x14-a.pdf
2025-06-14,020,PERALTA,AZUA,HOSP. MPAL. DE PERALTA,EMCO,32.5,17.5,0.1,https://indomet.gob.do/wp-content/uploads/2025/06/temperaturas-extremas-y-precipitaciones-2025x06x14-a.pdf
2025-06-14,021,SABANA GRANDE DE BOYÁ,MONTE PLATA,MINISTERIO DE AGRICULTURA,EMCV,,,0.1,https://indomet.gob.do/wp-content/uploads/2025/06/temperaturas-extremas-y-precipitaciones-2025x06x14-a.pdf
2025-06-14,022,ALTAMIRA,PUERTO PLATA,HOSP. MPAL. DE ALTAMIRA,EMCO,33.7,20.0,0.0,https://indomet.gob.do/wp-content/uploads/2025/06/temperaturas-extremas-y-precipitaciones-2025x06x14-a.pdf
2025-06-14,023,ANAMUYA (EMA),LA ALTAGRACIA,MINISTERIO DE AGRICULTURA,EMAP,31.2,24.2,0.0,https://indomet.gob.do/wp-content/uploads/2025/06/temperaturas-extremas-y-precipitaciones-2025x06x14-a.pdf
2025-06-14,024,ARPT. ARROYO BARRIL,SAMANÁ,ONAMET,EMCO,31.0,23.6,0.0,https://indomet.gob.do/wp-content/uploads/2025/06/temperaturas-extremas-y-precipitaciones-2025x06x14-a.pdf
2025-06-14,025,ARPT. DE LA ROMANA,LA ROMANA,ONAMET,EMCO,31.7,22.5,0.0,https://indomet.gob.do/wp-content/uploads/2025/06/temperaturas-extremas-y-precipitaciones-2025x06x14-a.pdf
2025-06-14,026,ARPT. DE LAS AMÉRICAS,SANTO DOMINGO,ONAMET,EMCO,31.4,22.5,0.0,https://indomet.gob.do/wp-content/uploads/2025/06/temperaturas-extremas-y-precipitaciones-2025x06x14-a.pdf
2025-06-14,027,ARPT. DE PUNTA CANA,LA ALTAGRACIA,ONAMET,EMCO,31.5,25.6,0.0,https://indomet.gob.do/wp-content/uploads/2025/06/temperaturas-extremas-y-precipitaciones-2025x06x14-a.pdf
2025-06-14,028,ARPT. DEL CIBAO,SANTIAGO,ONAMET,EMCO,32.8,22.8,0.0,https://indomet.gob.do/wp-content/uploads/2025/06/temperaturas-extremas-y-precipitaciones-2025x06x14-a.pdf
2025-06-14,029,ARPT. GREGORIO LUPERÓN,PUERTO PLATA,ONAMET,EMCO,31.9,22.0,0.0,https://indomet.gob.do/wp-content/uploads/2025/06/temperaturas-extremas-y-precipitaciones-2025x06x14-a.pdf
2025-06-14,030,ARPT. MARÍA MONTEZ,BARAHONA,ONAMET,EMCO,33.5,23.5,0.0,https://indomet.gob.do/wp-content/uploads/2025/06/temperaturas-extremas-y-precipitaciones-2025x06x14-a.pdf
2025-06-14,031,ARROYO LORO,SAN JUAN,IDIAF,EMCO,31.4,19.0,0.0,https://indomet.gob.do/wp-content/uploads/2025/06/temperaturas-extremas-y-precipitaciones-2025x06x14-a.pdf
2025-06-14,032,BANI (EMA),PERAVIA,MINISTERIO DE AGRICULTURA,EMAP,31.3,25.5,0.0,https://indomet.gob.do/wp-content/uploads/2025/06/temperaturas-extremas-y-precipitaciones-2025x06x14-a.pdf
2025-06-14,033,BAYAGUANA,MONTE PLATA,ONAMET,EMCO,31.7,22.5,0.0,https://indomet.gob.do/wp-content/uploads/2025/06/temperaturas-extremas-y-precipitaciones-2025x06x14-a.pdf
2025-06-14,034,BOCA DE MAO (EMA),VALVERDE,MINISTERIO DE AGRICULTURA,EMAP,36.6,22.9,0.0,https://indomet.gob.do/wp-content/uploads/2025/06/temperaturas-extremas-y-precipitaciones-2025x06x14-a.pdf
2025-06-14,035,CABRAL,BARAHONA,MINISTERIO DE AGRICULTURA,EMCV,34.0,23.7,0.0,https://indomet.gob.do/wp-content/uploads/2025/06/temperaturas-extremas-y-precipitaciones-2025x06x14-a.pdf
2025-06-14,036,CENTRO DE LOS HEROES (EMA),DISTRITO NACIONAL,MINISTERIO DE ENERGIA Y MINA,EMAP,31.2,25.3,0.0,https://indomet.gob.do/wp-content/uploads/2025/06/temperaturas-extremas-y-precipitaciones-2025x06x14-a.pdf
2025-06-14,037,CONSTANZA,LA VEGA,MINISTERIO DE AGRICULTURA,EMCO,25.5,13.4,0.0,https://indomet.gob.do/wp-content/uploads/2025/06/temperaturas-extremas-y-precipitaciones-2025x06x14-a.pdf
2025-06-14,038,CONSTANZA (EMA),LA VEGA,PROGRAMA MUNDIAL DE ALIMENTO,EMAP,24.4,14.1,0.0,https://indomet.gob.do/wp-content/uploads/2025/06/temperaturas-extremas-y-precipitaciones-2025x06x14-a.pdf
2025-06-14,039,DAJABÓN,DAJABÓN,INSTITUTO POLITÉCNICO LOYOLA,EMCO,35.4,19.3,0.0,https://indomet.gob.do/wp-content/uploads/2025/06/temperaturas-extremas-y-precipitaciones-2025x06x14-a.pdf
2025-06-14,040,ENRIQUILLO,BARAHONA,MINISTERIO DE AGRICULTURA,EMCV,31.4,26.0,0.0,https://indomet.gob.do/wp-content/uploads/2025/06/temperaturas-extremas-y-precipitaciones-2025x06x14-a.pdf
2025-06-14,041,ESCONDIDO,PERAVIA,MINISTERIO DE AGRICULTURA,EMCV,31.0,25.0,0.0,https://indomet.gob.do/wp-content/uploads/2025/06/temperaturas-extremas-y-precipitaciones-2025x06x14-a.pdf
2025-06-14,042,GASPAR HERNÁNDEZ,ESPAILLAT,PROPIEDAD DEL EMPLEADO,EMCO,,,0.0,https://indomet.gob.do/wp-content/uploads/2025/06/temperaturas-extremas-y-precipitaciones-2025x06x14-a.pdf
2025-06-14,043,GURABO,SANTIAGO,MINISTERIO DE AGRICULTURA,EMCV,,,0.0,https://indomet.gob.do/wp-content/uploads/2025/06/temperaturas-extremas-y-precipitaciones-2025x06x14-a.pdf
2025-06-14,044,HATO MAYOR,HATO MAYOR,MINISTERIO DE AGRICULTURA,EMCV,,,0.0,https://indomet.gob.do/wp-content/uploads/2025/06/temperaturas-extremas-y-precipitaciones-2025x06x14-a.pdf
2025-06-14,045,JARABACOA (EMA),LA VEGA,PROGRAMA MUNDIAL DE ALIMENTO,EMAP,29.9,17.8,0.0,https://indomet.gob.do/wp-content/uploads/2025/06/temperaturas-extremas-y-precipitaciones-2025x06x14-a.pdf
2025-06-14,046,JIMANÍ,INDEPENDENCIA,MINISTERIO DE AGRICULTURA,EMCO,35.2,25.2,0.0,https://indomet.gob.do/wp-content/uploads/2025/06/temperaturas-extremas-y-precipitaciones-2025x06x14-a.pdf
2025-06-14,047,LA VEGA,LA VEGA,IATESA,EMCO,32.0,22.0,0.0,https://indomet.gob.do/wp-content/uploads/2025/06/temperaturas-extremas-y-precipitaciones-2025x06x14-a.pdf
2025-06-14,048,LAS CANAS (EMA),MONTE CRISTI,PROGRAMA MUNDIAL DE ALIMENTO,EMAP,30.2,23.3,0.0,https://indomet.gob.do/wp-content/uploads/2025/06/temperaturas-extremas-y-precipitaciones-2025x06x14-a.pdf
2025-06-14,049,LAS MATAS DE SANTA CRUZ (EMA,MONTE CRISTI,PROGRAMA MUNDIAL DE ALIMENTO,EMAP,34.9,23.4,0.0,https://indomet.gob.do/wp-content/uploads/2025/06/temperaturas-extremas-y-precipitaciones-2025x06x14-a.pdf
2025-06-14,050,MAO,VALVERDE,INDRHI / MINISTERIO DE AGRICULTURA,EMCV,,,0.0,https://indomet.gob.do/wp-content/uploads/2025/06/temperaturas-extremas-y-precipitaciones-2025x06x14-a.pdf
2025-06-14,051,MONCIÓN (EMA),SANTIAGO RODRÍGUEZ,PROGRAMA MUNDIAL DE ALIMENTO,EMAP,32.4,19.1,0.0,https://indomet.gob.do/wp-content/uploads/2025/06/temperaturas-extremas-y-precipitaciones-2025x06x14-a.pdf
2025-06-14,052,MONTE CRISTI,MONTE CRISTI,ONAMET,EMCO,33.6,23.6,0.0,https://indomet.gob.do/wp-content/uploads/2025/06/temperaturas-extremas-y-precipitaciones-2025x06x14-a.pdf
2025-06-14,053,NAVARRETE,SANTIAGO,MINISTERIO DE AGRICULTURA,EMCV,,,0.0,https://indomet.gob.do/wp-content/uploads/2025/06/temperaturas-extremas-y-precipitaciones-2025x06x14-a.pdf
2025-06-14,054,OLIVARES,PEDERNALES,INDRHI,EMCO,,,0.0,https://indomet.gob.do/wp-content/uploads/2025/06/temperaturas-extremas-y-precipitaciones-2025x06x14-a.pdf
2025-06-14,055,OVIEDO,PEDERNALES,CLÍNICA RURAL OVIEDO,EMCO,31.5,26.5,0.0,https://indomet.gob.do/wp-content/uploads/2025/06/temperaturas-extremas-y-precipitaciones-2025x06x14-a.pdf
2025-06-14,056,PALO ÍNDIO,PUERTO PLATA,MINISTERIO DE AGRICULTURA,EMCO,,,0.0,https://indomet.gob.do/wp-content/uploads/2025/06/temperaturas-extremas-y-precipitaciones-2025x06x14-a.pdf
2025-06-14,057,PEDERNALES,PEDERNALES,INDRHI,EMCO,,,0.0,https://indomet.gob.do/wp-content/uploads/2025/06/temperaturas-extremas-y-precipitaciones-2025x06x14-a.pdf
2025-06-14,058,PESCADERIA (EMA),BARAHONA,MINISTERIO DE AGRICULTURA,EMAP,33.3,23.8,0.0,https://indomet.gob.do/wp-content/uploads/2025/06/temperaturas-extremas-y-precipitaciones-2025x06x14-a.pdf
2025-06-14,059,PONTÓN ABAJO (EMA),LA VEGA,MINISTERIO DE AGRICULTURA,EMAP,33.7,21.9,0.0,https://indomet.gob.do/wp-content/uploads/2025/06/temperaturas-extremas-y-precipitaciones-2025x06x14-a.pdf
2025-06-14,060,PRESA DE TAVERAS (EMA),LA VEGA,PROGRAMA MUNDIAL DE ALIMENTO,EMAP,29.6,21.3,0.0,https://indomet.gob.do/wp-content/uploads/2025/06/temperaturas-extremas-y-precipitaciones-2025x06x14-a.pdf
2025-06-14,061,RESTAURACIÓN,DAJABÓN,MINISTERIO DE AGRICULTURA,EMCO,32.4,18.7,0.0,https://indomet.gob.do/wp-content/uploads/2025/06/temperaturas-extremas-y-precipitaciones-2025x06x14-a.pdf
2025-06-14,062,SABANA DE LA MAR,HATO MAYOR,ONAMET,EMCO,31.0,21.5,0.0,https://indomet.gob.do/wp-content/uploads/2025/06/temperaturas-extremas-y-precipitaciones-2025x06x14-a.pdf
2025-06-14,063,SABANETA (EMA),SANTIAGO RODRÍGUEZ,PROGRAMA MUNDIAL DE ALIMENTO,EMAP,36.6,21.9,0.0,https://indomet.gob.do/wp-content/uploads/2025/06/temperaturas-extremas-y-precipitaciones-2025x06x14-a.pdf
2025-06-14,064,SALCEDO,HERMANAS MIRABAL,PROPIEDAD DEL EMPLEADO,EMCO,,,0.0,https://indomet.gob.do/wp-content/uploads/2025/06/temperaturas-extremas-y-precipitaciones-2025x06x14-a.pdf
2025-06-14,065,SAN CRISTÓBAL,SAN CRISTÓBAL,INSTITUTO POLITÉCNICO LOYOLA,EMCO,32.2,22.2,0.0,https://indomet.gob.do/wp-content/uploads/2025/06/temperaturas-extremas-y-precipitaciones-2025x06x14-a.pdf
2025-06-14,066,SAN JOSÉ DE OCOA,SAN JOSÉ DE OCOA,HOSP. SAN JOSÉ DE OCOA,EMCO,31.9,,0.0,https://indomet.gob.do/wp-content/uploads/2025/06/temperaturas-extremas-y-precipitaciones-2025x06x14-a.pdf
2025-06-14,067,SÁNCHEZ,SAMANÁ,MINISTERIO DE AGRICULTURA,EMCO,33.2,22.8,0.0,https://indomet.gob.do/wp-content/uploads/2025/06/temperaturas-extremas-y-precipitaciones-2025x06x14-a.pdf
2025-06-14,068,SANTIAGO RODRÍGUEZ,SANTIAGO RODRÍGUEZ,ONAMET,EMCO,36.5,22.2,0.0,https://indomet.gob.do/wp-content/uploads/2025/06/temperaturas-extremas-y-precipitaciones-2025x06x14-a.pdf
2025-06-14,069,SANTO DOMINGO ESTE,SANTO DOMINGO,ONAMET,EMCO,32.2,24.5,0.0,https://indomet.gob.do/wp-content/uploads/2025/06/temperaturas-extremas-y-precipitaciones-2025x06x14-a.pdf
2025-06-14,070,TÁBARA ABAJO,AZUA,INDRHI,EMCO,34.4,23.0,0.0,https://indomet.gob.do/wp-content/uploads/2025/06/temperaturas-extremas-y-precipitaciones-2025x06x14-a.pdf
2025-06-14,071,VILLA GONZALES,SANTIAGO,MINISTERIO DE AGRICULTURA,EMCO,,,0.0,https://indomet.gob.do/wp-content/uploads/2025/06/temperaturas-extremas-y-precipitaciones-2025x06x14-a.pdf
2025-06-14,072,VILLA ISABELA,PUERTO PLATA,MINISTERIO DE AGRICULTURA,EMCV,,,0.0,https://indomet.gob.do/wp-content/uploads/2025/06/temperaturas-extremas-y-precipitaciones-2025x06x14-a.pdf
2025-06-14,073,VILLA RIVA,DUARTE,HOSP. MPAL. ALICIA DE LEGENDRE,EMCO,32.0,23.0,0.0,https://indomet.gob.do/wp-content/uploads/2025/06/temperaturas-extremas-y-precipitaciones-2025x06x14-a.pdf
2025-06-15,001,BAYAGUANA,MONTE PLATA,ONAMET,EMCO,32.4,21.2,26.2,https://indomet.gob.do/wp-content/uploads/2025/06/temperaturas-extremas-y-precipitaciones-2025x06x15-a.pdf
2025-06-15,002,PARQUE MIRADOR SUR,DISTRITO NACIONAL,AYUNTAMIENTO,EMCV,34.0,23.0,14.8,https://indomet.gob.do/wp-content/uploads/2025/06/temperaturas-extremas-y-precipitaciones-2025x06x15-a.pdf
2025-06-15,003,SABANA GRANDE DE BOYÁ,MONTE PLATA,MINISTERIO DE AGRICULTURA,EMCV,,,14.0,https://indomet.gob.do/wp-content/uploads/2025/06/temperaturas-extremas-y-precipitaciones-2025x06x15-a.pdf
2025-06-15,004,ANAMUYA (EMA),LA ALTAGRACIA,MINISTERIO DE AGRICULTURA,EMAP,32.2,25.3,10.0,https://indomet.gob.do/wp-content/uploads/2025/06/temperaturas-extremas-y-precipitaciones-2025x06x15-a.pdf
2025-06-15,005,RÍO SAN JUAN,MARÍA TRINIDAD SÁNCHEZ,HOSP. MPAL. DR. DESIDERIO ACOSTA,EMCV,32.7,24.5,9.4,https://indomet.gob.do/wp-content/uploads/2025/06/temperaturas-extremas-y-precipitaciones-2025x06x15-a.pdf
2025-06-15,006,RESTAURACIÓN,DAJABÓN,MINISTERIO DE AGRICULTURA,EMCO,30.9,17.1,9.2,https://indomet.gob.do/wp-content/uploads/2025/06/temperaturas-extremas-y-precipitaciones-2025x06x15-a.pdf
2025-06-15,007,JARDÍN BOTÁNICO NACIONAL,DISTRITO NACIONAL,JARDÍN BOTÁNICO NACIONAL,EMCV,31.2,20.7,8.3,https://indomet.gob.do/wp-content/uploads/2025/06/temperaturas-extremas-y-precipitaciones-2025x06x15-a.pdf
2025-06-15,008,OVIEDO,PEDERNALES,CLÍNICA RURAL OVIEDO,EMCO,,25.0,6.2,https://indomet.gob.do/wp-content/uploads/2025/06/temperaturas-extremas-y-precipitaciones-2025x06x15-a.pdf
2025-06-15,009,VILLA RIVA,DUARTE,HOSP. MPAL. ALICIA DE LEGENDRE,EMCO,31.6,23.4,6.0,https://indomet.gob.do/wp-content/uploads/2025/06/temperaturas-extremas-y-precipitaciones-2025x06x15-a.pdf
2025-06-15,010,SAMANÁ,SAMANÁ,COMANDANCIA DE PUERTO DE SAMANÁ,EMCO,32.2,24.5,5.4,https://indomet.gob.do/wp-content/uploads/2025/06/temperaturas-extremas-y-precipitaciones-2025x06x15-a.pdf
2025-06-15,011,JUMA BEJUCAL,MONSEÑOR NOUEL,IDIAF,EMCV,31.6,19.4,5.3,https://indomet.gob.do/wp-content/uploads/2025/06/temperaturas-extremas-y-precipitaciones-2025x06x15-a.pdf
2025-06-15,012,SAN RAFAEL DEL YUMA,LA ALTAGRACIA,MINISTERIO DE AGRICULTURA,EMCO,30.3,24.2,3.8,https://indomet.gob.do/wp-content/uploads/2025/06/temperaturas-extremas-y-precipitaciones-2025x06x15-a.pdf
2025-06-15,013,SÁNCHEZ,SAMANÁ,MINISTERIO DE AGRICULTURA,EMCO,31.8,22.3,3.2,https://indomet.gob.do/wp-content/uploads/2025/06/temperaturas-extremas-y-precipitaciones-2025x06x15-a.pdf
2025-06-15,014,LA VEGA,LA VEGA,IATESA,EMCO,32.8,21.5,2.6,https://indomet.gob.do/wp-content/uploads/2025/06/temperaturas-extremas-y-precipitaciones-2025x06x15-a.pdf
2025-06-15,015,LOS TRES CHARCOS (EMA),PEDERNALES,PROPIEDAD DEL VOLUNTARIO,EMAP,28.4,24.8,2.6,https://indomet.gob.do/wp-content/uploads/2025/06/temperaturas-extremas-y-precipitaciones-2025x06x15-a.pdf
2025-06-15,016,LOS LLANOS,SAN PEDRO DE MACORÍS,MINISTERIO DE AGRICULTURA,EMCO,31.7,23.5,2.4,https://indomet.gob.do/wp-content/uploads/2025/06/temperaturas-extremas-y-precipitaciones-2025x06x15-a.pdf
2025-06-15,017,HATO MAYOR,HATO MAYOR,MINISTERIO DE AGRICULTURA,EMCV,,,2.3,https://indomet.gob.do/wp-content/uploads/2025/06/temperaturas-extremas-y-precipitaciones-2025x06x15-a.pdf
2025-06-15,018,SABANA DE LA MAR,HATO MAYOR,ONAMET,EMCO,31.5,23.5,2.2,https://indomet.gob.do/wp-content/uploads/2025/06/temperaturas-extremas-y-precipitaciones-2025x06x15-a.pdf
2025-06-15,019,LA GUAYIGA (EMA),SAN CRISTÓBAL,PRIVADA,EMAP,,,1.8,https://indomet.gob.do/wp-content/uploads/2025/06/temperaturas-extremas-y-precipitaciones-2025x06x15-a.pdf
2025-06-15,020,ARPT. LA ISABELA,SANTO DOMINGO,ONAMET,EMCO,31.0,22.0,1.6,https://indomet.gob.do/wp-content/uploads/2025/06/temperaturas-extremas-y-precipitaciones-2025x06x15-a.pdf
2025-06-15,021,ARPT. EL CATEY,SAMANÁ,ONAMET,EMCO,31.5,22.4,1.3,https://indomet.gob.do/wp-content/uploads/2025/06/temperaturas-extremas-y-precipitaciones-2025x06x15-a.pdf
2025-06-15,022,VILLA ALTAGRACIA,SAN CRISTÓBAL,ESCUELA JAVIER ANGULO GURIDI,EMCO,,,1.2,https://indomet.gob.do/wp-content/uploads/2025/06/temperaturas-extremas-y-precipitaciones-2025x06x15-a.pdf
2025-06-15,023,LA VICTORIA,SANTO DOMINGO,CUERPO DE BOMBEROS,EMCO,31.5,24.0,1.1,https://indomet.gob.do/wp-content/uploads/2025/06/temperaturas-extremas-y-precipitaciones-2025x06x15-a.pdf
2025-06-15,024,POLO,BARAHONA,INDOCAFE,EMCO,,,1.1,https://indomet.gob.do/wp-content/uploads/2025/06/temperaturas-extremas-y-precipitaciones-2025x06x15-a.pdf
2025-06-15,025,BASE AÉREA DE SAN ISIDRO,SANTO DOMINGO,FUERZA AÉREA DOMINICANA,EMCV,34.1,24.3,1.1,https://indomet.gob.do/wp-content/uploads/2025/06/temperaturas-extremas-y-precipitaciones-2025x06x15-a.pdf
2025-06-15,026,ARPT. ARROYO BARRIL,SAMANÁ,ONAMET,EMCO,31.5,24.0,1.0,https://indomet.gob.do/wp-content/uploads/2025/06/temperaturas-extremas-y-precipitaciones-2025x06x15-a.pdf
2025-06-15,027,ENRIQUILLO,BARAHONA,MINISTERIO DE AGRICULTURA,EMCV,,25.5,0.8,https://indomet.gob.do/wp-content/uploads/2025/06/temperaturas-extremas-y-precipitaciones-2025x06x15-a.pdf
2025-06-15,028,GASPAR HERNÁNDEZ,ESPAILLAT,PROPIEDAD DEL EMPLEADO,EMCO,,,0.8,https://indomet.gob.do/wp-content/uploads/2025/06/temperaturas-extremas-y-precipitaciones-2025x06x15-a.pdf
2025-06-15,029,CONSTANZA,LA VEGA,MINISTERIO DE AGRICULTURA,EMCO,25.6,15.5,0.6,https://indomet.gob.do/wp-content/uploads/2025/06/temperaturas-extremas-y-precipitaciones-2025x06x15-a.pdf
2025-06-15,030,EL FACTOR (EMA),MARÍA TRINIDAD SÁNCHEZ,INTEC,EMAP,32.3,24.2,0.5,https://indomet.gob.do/wp-content/uploads/2025/06/temperaturas-extremas-y-precipitaciones-2025x06x15-a.pdf
2025-06-15,031,CONSTANZA (EMA),LA VEGA,PROGRAMA MUNDIAL DE ALIMENTO,EMAP,34.5,15.7,0.4,https://indomet.gob.do/wp-content/uploads/2025/06/temperaturas-extremas-y-precipitaciones-2025x06x15-a.pdf
2025-06-15,032,ALTO BANDERA (EMA),LA VEGA,INTEC,EMAP,14.2,8.6,0.3,https://indomet.gob.do/wp-content/uploads/2025/06/temperaturas-extremas-y-precipitaciones-2025x06x15-a.pdf
2025-06-15,033,ARPT. DE LAS AMÉRICAS,SANTO DOMINGO,ONAMET,EMCO,31.5,22.0,0.2,https://indomet.gob.do/wp-content/uploads/2025/06/temperaturas-extremas-y-precipitaciones-2025x06x15-a.pdf
2025-06-15,034,SANTO DOMINGO ESTE,SANTO DOMINGO,ONAMET,EMCO,31.4,24.6,0.2,https://indomet.gob.do/wp-content/uploads/2025/06/temperaturas-extremas-y-precipitaciones-2025x06x15-a.pdf
2025-06-15,035,ARPT. GREGORIO LUPERÓN,PUERTO PLATA,ONAMET,EMCO,32.5,23.5,0.1,https://indomet.gob.do/wp-content/uploads/2025/06/temperaturas-extremas-y-precipitaciones-2025x06x15-a.pdf
2025-06-15,036,CABRAL,BARAHONA,MINISTERIO DE AGRICULTURA,EMCV,33.3,25.2,0.1,https://indomet.gob.do/wp-content/uploads/2025/06/temperaturas-extremas-y-precipitaciones-2025x06x15-a.pdf
2025-06-15,037,CABRERA,MARÍA TRINIDAD SÁNCHEZ,ESCUELA ARÍSTIDES FIALLO CABRAL,EMCO,32.5,24.0,0.1,https://indomet.gob.do/wp-content/uploads/2025/06/temperaturas-extremas-y-precipitaciones-2025x06x15-a.pdf
2025-06-15,038,HONDO VALLE,ELÍAS PIÑA,MINISTERIO DE AGRICULTURA,EMCO,26.4,17.6,0.1,https://indomet.gob.do/wp-content/uploads/2025/06/temperaturas-extremas-y-precipitaciones-2025x06x15-a.pdf
2025-06-15,039,PERALTA,AZUA,HOSP. MPAL. DE PERALTA,EMCO,33.0,19.5,0.1,https://indomet.gob.do/wp-content/uploads/2025/06/temperaturas-extremas-y-precipitaciones-2025x06x15-a.pdf
2025-06-15,040,ALTAMIRA,PUERTO PLATA,HOSP. MPAL. DE ALTAMIRA,EMCO,32.0,22.1,0.0,https://indomet.gob.do/wp-content/uploads/2025/06/temperaturas-extremas-y-precipitaciones-2025x06x15-a.pdf
2025-06-15,041,ARPT. DE LA ROMANA,LA ROMANA,ONAMET,EMCO,30.3,22.0,0.0,https://indomet.gob.do/wp-content/uploads/2025/06/temperaturas-extremas-y-precipitaciones-2025x06x15-a.pdf
2025-06-15,042,ARPT. DE PUNTA CANA,LA ALTAGRACIA,ONAMET,EMCO,31.4,24.8,0.0,https://indomet.gob.do/wp-content/uploads/2025/06/temperaturas-extremas-y-precipitaciones-2025x06x15-a.pdf
2025-06-15,043,ARPT. DEL CIBAO,SANTIAGO,ONAMET,EMCO,34.0,20.8,0.0,https://indomet.gob.do/wp-content/uploads/2025/06/temperaturas-extremas-y-precipitaciones-2025x06x15-a.pdf
2025-06-15,044,ARPT. MARÍA MONTEZ,BARAHONA,ONAMET,EMCO,32.5,24.0,0.0,https://indomet.gob.do/wp-content/uploads/2025/06/temperaturas-extremas-y-precipitaciones-2025x06x15-a.pdf
2025-06-15,045,ARROYO LORO,SAN JUAN,IDIAF,EMCO,31.9,20.0,0.0,https://indomet.gob.do/wp-content/uploads/2025/06/temperaturas-extremas-y-precipitaciones-2025x06x15-a.pdf
2025-06-15,046,BOCA DE MAO (EMA),VALVERDE,MINISTERIO DE AGRICULTURA,EMAP,35.7,24.8,0.0,https://indomet.gob.do/wp-content/uploads/2025/06/temperaturas-extremas-y-precipitaciones-2025x06x15-a.pdf
2025-06-15,047,BOHECHÍO,SAN JUAN,MINISTERIO DE AGRICULTURA,EMCV,,,0.0,https://indomet.gob.do/wp-content/uploads/2025/06/temperaturas-extremas-y-precipitaciones-2025x06x15-a.pdf
2025-06-15,048,BONAO,MONSEÑOR NOUEL,MINISTERIO DE AGRICULTURA,EMCV,,,0.0,https://indomet.gob.do/wp-content/uploads/2025/06/temperaturas-extremas-y-precipitaciones-2025x06x15-a.pdf
2025-06-15,049,CENTRO DE LOS HEROES (EMA),DISTRITO NACIONAL,MINISTERIO DE ENERGIA Y MINA,EMAP,30.4,25.5,0.0,https://indomet.gob.do/wp-content/uploads/2025/06/temperaturas-extremas-y-precipitaciones-2025x06x15-a.pdf
2025-06-15,050,DAJABÓN,DAJABÓN,INSTITUTO POLITÉCNICO LOYOLA,EMCO,34.4,19.2,0.0,https://indomet.gob.do/wp-content/uploads/2025/06/temperaturas-extremas-y-precipitaciones-2025x06x15-a.pdf
2025-06-15,051,EL CERCADO,SAN JUAN,MINISTERIO DE AGRICULTURA,EMCV,,,0.0,https://indomet.gob.do/wp-content/uploads/2025/06/temperaturas-extremas-y-precipitaciones-2025x06x15-a.pdf
2025-06-15,052,ELÍAS PIÑA,ELÍAS PIÑA,MINISTERIO DE AGRICULTURA,EMCV,,,0.0,https://indomet.gob.do/wp-content/uploads/2025/06/temperaturas-extremas-y-precipitaciones-2025x06x15-a.pdf
2025-06-15,053,ESCONDIDO,PERAVIA,MINISTERIO DE AGRICULTURA,EMCV,30.0,26.0,0.0,https://indomet.gob.do/wp-content/uploads/2025/06/temperaturas-extremas-y-precipitaciones-2025x06x15-a.pdf
2025-06-15,054,GURABO,SANTIAGO,MINISTERIO DE AGRICULTURA,EMCV,,,0.0,https://indomet.gob.do/wp-content/uploads/2025/06/temperaturas-extremas-y-precipitaciones-2025x06x15-a.pdf
2025-06-15,055,JARABACOA,LA VEGA,INDRHI / MARENA,EMCO,31.4,18.0,0.0,https://indomet.gob.do/wp-content/uploads/2025/06/temperaturas-extremas-y-precipitaciones-2025x06x15-a.pdf
2025-06-15,056,JIMANÍ,INDEPENDENCIA,MINISTERIO DE AGRICULTURA,EMCO,34.6,25.0,0.0,https://indomet.gob.do/wp-content/uploads/2025/06/temperaturas-extremas-y-precipitaciones-2025x06x15-a.pdf
2025-06-15,057,LAS MATAS DE SANTA CRUZ (EMA,MONTE CRISTI,PROGRAMA MUNDIAL DE ALIMENTO,EMAP,33.3,23.6,0.0,https://indomet.gob.do/wp-content/uploads/2025/06/temperaturas-extremas-y-precipitaciones-2025x06x15-a.pdf
2025-06-15,058,MAO,VALVERDE,INDRHI / MINISTERIO DE AGRICULTURA,EMCV,,,0.0,https://indomet.gob.do/wp-content/uploads/2025/06/temperaturas-extremas-y-precipitaciones-2025x06x15-a.pdf
2025-06-15,059,MONCIÓN (EMA),SANTIAGO RODRÍGUEZ,PROGRAMA MUNDIAL DE ALIMENTO,EMAP,32.0,20.9,0.0,https://indomet.gob.do/wp-content/uploads/2025/06/temperaturas-extremas-y-precipitaciones-2025x06x15-a.pdf
2025-06-15,060,MONTE CRISTI,MONTE CRISTI,ONAMET,EMCO,28.5,23.4,0.0,https://indomet.gob.do/wp-content/uploads/2025/06/temperaturas-extremas-y-precipitaciones-2025x06x15-a.pdf
2025-06-15,061,OLIVARES,PEDERNALES,INDRHI,EMCO,,,0.0,https://indomet.gob.do/wp-content/uploads/2025/06/temperaturas-extremas-y-precipitaciones-2025x06x15-a.pdf
2025-06-15,062,PADRE LAS CASAS,AZUA,HOSP. NTRA. SRA. DEL CARMEN,EMCO,32.4,20.0,0.0,https://indomet.gob.do/wp-content/uploads/2025/06/temperaturas-extremas-y-precipitaciones-2025x06x15-a.pdf
2025-06-15,063,PALO ÍNDIO,PUERTO PLATA,MINISTERIO DE AGRICULTURA,EMCO,,,0.0,https://indomet.gob.do/wp-content/uploads/2025/06/temperaturas-extremas-y-precipitaciones-2025x06x15-a.pdf
2025-06-15,064,PEDERNALES,PEDERNALES,INDRHI,EMCO,,,0.0,https://indomet.gob.do/wp-content/uploads/2025/06/temperaturas-extremas-y-precipitaciones-2025x06x15-a.pdf
2025-06-15,065,PESCADERIA (EMA),BARAHONA,MINISTERIO DE AGRICULTURA,EMAP,32.2,25.3,0.0,https://indomet.gob.do/wp-content/uploads/2025/06/temperaturas-extremas-y-precipitaciones-2025x06x15-a.pdf
2025-06-15,066,PONTÓN ABAJO (EMA),LA VEGA,MINISTERIO DE AGRICULTURA,EMAP,34.1,23.7,0.0,https://indomet.gob.do/wp-content/uploads/2025/06/temperaturas-extremas-y-precipitaciones-2025x06x15-a.pdf
2025-06-15,067,PRESA DE TAVERAS (EMA),LA VEGA,PROGRAMA MUNDIAL DE ALIMENTO,EMAP,30.2,22.2,0.0,https://indomet.gob.do/wp-content/uploads/2025/06/temperaturas-extremas-y-precipitaciones-2025x06x15-a.pdf
2025-06-15,068,RANCHO ARRIBA,SAN JOSÉ DE OCOA,CENTRO TECNOLÓGICO COMUNITARIO,EMCO,28.9,18.8,0.0,https://indomet.gob.do/wp-content/uploads/2025/06/temperaturas-extremas-y-precipitaciones-2025x06x15-a.pdf
2025-06-15,069,SABANETA (EMA),SANTIAGO RODRÍGUEZ,PROGRAMA MUNDIAL DE ALIMENTO,EMAP,35.0,22.7,0.0,https://indomet.gob.do/wp-content/uploads/2025/06/temperaturas-extremas-y-precipitaciones-2025x06x15-a.pdf
2025-06-15,070,SALCEDO,HERMANAS MIRABAL,PROPIEDAD DEL EMPLEADO,EMCO,,,0.0,https://indomet.gob.do/wp-content/uploads/2025/06/temperaturas-extremas-y-precipitaciones-2025x06x15-a.pdf
2025-06-15,071,SAN CRISTÓBAL,SAN CRISTÓBAL,INSTITUTO POLITÉCNICO LOYOLA,EMCO,32.0,22.0,0.0,https://indomet.gob.do/wp-content/uploads/2025/06/temperaturas-extremas-y-precipitaciones-2025x06x15-a.pdf
2025-06-15,072,SAN FRANCISCO DE MACORÍS,DUARTE,San Francisco de Macorís (UASD),EMCO,31.3,23.9,0.0,https://indomet.gob.do/wp-content/uploads/2025/06/temperaturas-extremas-y-precipitaciones-2025x06x15-a.pdf
2025-06-15,073,SAN JOSÉ DE OCOA,SAN JOSÉ DE OCOA,HOSP. SAN JOSÉ DE OCOA,EMCO,31.5,,0.0,https://indomet.gob.do/wp-content/uploads/2025/06/temperaturas-extremas-y-precipitaciones-2025x06x15-a.pdf
2025-06-15,074,SANTIAGO RODRÍGUEZ,SANTIAGO RODRÍGUEZ,ONAMET,EMCO,35.4,23.3,0.0,https://indomet.gob.do/wp-content/uploads/2025/06/temperaturas-extremas-y-precipitaciones-2025x06x15-a.pdf
2025-06-15,075,TÁBARA ABAJO,AZUA,INDRHI,EMCO,34.0,22.5,0.0,https://indomet.gob.do/wp-content/uploads/2025/06/temperaturas-extremas-y-precipitaciones-2025x06x15-a.pdf
2025-06-15,076,TAMBORIL,SANTIAGO,MINISTERIO DE AGRICULTURA,EMCV,,,0.0,https://indomet.gob.do/wp-content/uploads/2025/06/temperaturas-extremas-y-precipitaciones-2025x06x15-a.pdf
2025-06-15,077,VILLA GONZALES,SANTIAGO,MINISTERIO DE AGRICULTURA,EMCO,,,0.0,https://indomet.gob.do/wp-content/uploads/2025/06/temperaturas-extremas-y-precipitaciones-2025x06x15-a.pdf
2025-06-15,078,JARABACOA (EMA),LA VEGA,PROGRAMA MUNDIAL DE ALIMENTO,EMAP,30.5,19.7,,https://indomet.gob.do/wp-content/uploads/2025/06/temperaturas-extremas-y-precipitaciones-2025x06x15-a.pdf
2025-06-15,079,LAS CANAS (EMA),MONTE CRISTI,PROGRAMA MUNDIAL DE ALIMENTO,EMAP,29.5,24.0,,https://indomet.gob.do/wp-content/uploads/2025/06/temperaturas-extremas-y-precipitaciones-2025x06x15-a.pdf
2025-06-16,001,BASE AÉREA DE SAN ISIDRO,SANTO DOMINGO,FUERZA AÉREA DOMINICANA,EMCV,29.5,22.5,40.4,https://indomet.gob.do/wp-content/uploads/2025/06/temperaturas-extremas-y-precipitaciones-2025x06x16-a.pdf
2025-06-16,002,BONAO,MONSEÑOR NOUEL,MINISTERIO DE AGRICULTURA,EMCV,,,17.5,https://indomet.gob.do/wp-content/uploads/2025/06/temperaturas-extremas-y-precipitaciones-2025x06x16-a.pdf
2025-06-16,003,CENTRO DE LOS HEROES (EMA),DISTRITO NACIONAL,MINISTERIO DE ENERGIA Y MINA,EMAP,29.3,26.1,15.0,https://indomet.gob.do/wp-content/uploads/2025/06/temperaturas-extremas-y-precipitaciones-2025x06x16-a.pdf
2025-06-16,004,SANTO DOMINGO ESTE,SANTO DOMINGO,ONAMET,EMCO,32.4,24.0,11.9,https://indomet.gob.do/wp-content/uploads/2025/06/temperaturas-extremas-y-precipitaciones-2025x06x16-a.pdf
2025-06-16,005,SALCEDO,HERMANAS MIRABAL,PROPIEDAD DEL EMPLEADO,EMCO,,,10.0,https://indomet.gob.do/wp-content/uploads/2025/06/temperaturas-extremas-y-precipitaciones-2025x06x16-a.pdf
2025-06-16,006,LA GUAYIGA (EMA),SAN CRISTÓBAL,PRIVADA,EMAP,,,9.7,https://indomet.gob.do/wp-content/uploads/2025/06/temperaturas-extremas-y-precipitaciones-2025x06x16-a.pdf
2025-06-16,007,GASPAR HERNÁNDEZ,ESPAILLAT,PROPIEDAD DEL EMPLEADO,EMCO,,,8.6,https://indomet.gob.do/wp-content/uploads/2025/06/temperaturas-extremas-y-precipitaciones-2025x06x16-a.pdf
2025-06-16,008,EL FACTOR (EMA),MARÍA TRINIDAD SÁNCHEZ,INTEC,EMAP,30.9,23.9,8.1,https://indomet.gob.do/wp-content/uploads/2025/06/temperaturas-extremas-y-precipitaciones-2025x06x16-a.pdf
2025-06-16,009,JUMA BEJUCAL,MONSEÑOR NOUEL,IDIAF,EMCV,31.4,21.6,7.7,https://indomet.gob.do/wp-content/uploads/2025/06/temperaturas-extremas-y-precipitaciones-2025x06x16-a.pdf
2025-06-16,010,SABANA DE LA MAR,HATO MAYOR,ONAMET,EMCO,30.5,24.5,7.5,https://indomet.gob.do/wp-content/uploads/2025/06/temperaturas-extremas-y-precipitaciones-2025x06x16-a.pdf
2025-06-16,011,LOS LLANOS,SAN PEDRO DE MACORÍS,MINISTERIO DE AGRICULTURA,EMCO,30.6,23.4,7.4,https://indomet.gob.do/wp-content/uploads/2025/06/temperaturas-extremas-y-precipitaciones-2025x06x16-a.pdf
2025-06-16,012,ARPT. ARROYO BARRIL,SAMANÁ,ONAMET,EMCO,30.5,24.0,6.1,https://indomet.gob.do/wp-content/uploads/2025/06/temperaturas-extremas-y-precipitaciones-2025x06x16-a.pdf
2025-06-16,013,BAYAGUANA,MONTE PLATA,ONAMET,EMCO,30.8,23.6,6.1,https://indomet.gob.do/wp-content/uploads/2025/06/temperaturas-extremas-y-precipitaciones-2025x06x16-a.pdf
2025-06-16,014,SAN CRISTÓBAL,SAN CRISTÓBAL,INSTITUTO POLITÉCNICO LOYOLA,EMCO,31.2,22.2,5.9,https://indomet.gob.do/wp-content/uploads/2025/06/temperaturas-extremas-y-precipitaciones-2025x06x16-a.pdf
2025-06-16,015,JARDÍN BOTÁNICO NACIONAL,DISTRITO NACIONAL,JARDÍN BOTÁNICO NACIONAL,EMCV,30.0,23.3,4.0,https://indomet.gob.do/wp-content/uploads/2025/06/temperaturas-extremas-y-precipitaciones-2025x06x16-a.pdf
2025-06-16,016,DAJABÓN,DAJABÓN,INSTITUTO POLITÉCNICO LOYOLA,EMCO,33.7,19.1,3.2,https://indomet.gob.do/wp-content/uploads/2025/06/temperaturas-extremas-y-precipitaciones-2025x06x16-a.pdf
2025-06-16,017,SAN FRANCISCO DE MACORÍS,DUARTE,San Francisco de Macorís (UASD),EMCO,29.9,23.2,3.2,https://indomet.gob.do/wp-content/uploads/2025/06/temperaturas-extremas-y-precipitaciones-2025x06x16-a.pdf
2025-06-16,018,PASO AL MEDIO,SAN PEDRO DE MACORÍS,INDRHI,EMCO,,,2.7,https://indomet.gob.do/wp-content/uploads/2025/06/temperaturas-extremas-y-precipitaciones-2025x06x16-a.pdf
2025-06-16,019,ARPT. DEL CIBAO,SANTIAGO,ONAMET,EMCO,30.0,22.7,2.6,https://indomet.gob.do/wp-content/uploads/2025/06/temperaturas-extremas-y-precipitaciones-2025x06x16-a.pdf
2025-06-16,020,MOCA,ESPAILLAT,MINISTERIO DE AGRICULTURA,EMCV,,,2.2,https://indomet.gob.do/wp-content/uploads/2025/06/temperaturas-extremas-y-precipitaciones-2025x06x16-a.pdf
2025-06-16,021,TAVERA,SANTIAGO,INDRHI,EMCO,,,2.2,https://indomet.gob.do/wp-content/uploads/2025/06/temperaturas-extremas-y-precipitaciones-2025x06x16-a.pdf
2025-06-16,022,VILLA ALTAGRACIA,SAN CRISTÓBAL,ESCUELA JAVIER ANGULO GURIDI,EMCO,,,2.0,https://indomet.gob.do/wp-content/uploads/2025/06/temperaturas-extremas-y-precipitaciones-2025x06x16-a.pdf
2025-06-16,023,CABRERA,MARÍA TRINIDAD SÁNCHEZ,ESCUELA ARÍSTIDES FIALLO CABRAL,EMCO,30.8,25.5,1.6,https://indomet.gob.do/wp-content/uploads/2025/06/temperaturas-extremas-y-precipitaciones-2025x06x16-a.pdf
2025-06-16,024,RESTAURACIÓN,DAJABÓN,MINISTERIO DE AGRICULTURA,EMCO,31.2,18.3,1.6,https://indomet.gob.do/wp-content/uploads/2025/06/temperaturas-extremas-y-precipitaciones-2025x06x16-a.pdf
2025-06-16,025,RÍO SAN JUAN,MARÍA TRINIDAD SÁNCHEZ,HOSP. MPAL. DR. DESIDERIO ACOSTA,EMCV,30.0,25.4,1.0,https://indomet.gob.do/wp-content/uploads/2025/06/temperaturas-extremas-y-precipitaciones-2025x06x16-a.pdf
2025-06-16,026,ARPT. EL CATEY,SAMANÁ,ONAMET,EMCO,29.4,22.2,1.0,https://indomet.gob.do/wp-content/uploads/2025/06/temperaturas-extremas-y-precipitaciones-2025x06x16-a.pdf
2025-06-16,027,SAMANÁ,SAMANÁ,COMANDANCIA DE PUERTO DE SAMANÁ,EMCO,31.0,25.6,1.0,https://indomet.gob.do/wp-content/uploads/2025/06/temperaturas-extremas-y-precipitaciones-2025x06x16-a.pdf
2025-06-16,028,MONCIÓN (EMA),SANTIAGO RODRÍGUEZ,PROGRAMA MUNDIAL DE ALIMENTO,EMAP,29.2,20.9,0.8,https://indomet.gob.do/wp-content/uploads/2025/06/temperaturas-extremas-y-precipitaciones-2025x06x16-a.pdf
2025-06-16,029,VILLA GONZALES,SANTIAGO,MINISTERIO DE AGRICULTURA,EMCO,,,0.8,https://indomet.gob.do/wp-content/uploads/2025/06/temperaturas-extremas-y-precipitaciones-2025x06x16-a.pdf
2025-06-16,030,VILLA RIVA,DUARTE,HOSP. MPAL. ALICIA DE LEGENDRE,EMCO,30.0,22.8,0.8,https://indomet.gob.do/wp-content/uploads/2025/06/temperaturas-extremas-y-precipitaciones-2025x06x16-a.pdf
2025-06-16,031,ALTO BANDERA (EMA),LA VEGA,INTEC,EMAP,13.2,8.4,0.8,https://indomet.gob.do/wp-content/uploads/2025/06/temperaturas-extremas-y-precipitaciones-2025x06x16-a.pdf
2025-06-16,032,POLO,BARAHONA,INDOCAFE,EMCO,,,0.6,https://indomet.gob.do/wp-content/uploads/2025/06/temperaturas-extremas-y-precipitaciones-2025x06x16-a.pdf
2025-06-16,033,RANCHO ARRIBA,SAN JOSÉ DE OCOA,CENTRO TECNOLÓGICO COMUNITARIO,EMCO,27.4,20.1,0.6,https://indomet.gob.do/wp-content/uploads/2025/06/temperaturas-extremas-y-precipitaciones-2025x06x16-a.pdf
2025-06-16,034,JARABACOA,LA VEGA,INDRHI / MARENA,EMCO,28.2,19.0,0.5,https://indomet.gob.do/wp-content/uploads/2025/06/temperaturas-extremas-y-precipitaciones-2025x06x16-a.pdf
2025-06-16,035,ARPT. DE LAS AMÉRICAS,SANTO DOMINGO,ONAMET,EMCO,30.5,23.0,0.2,https://indomet.gob.do/wp-content/uploads/2025/06/temperaturas-extremas-y-precipitaciones-2025x06x16-a.pdf
2025-06-16,036,ARPT. LA ISABELA,SANTO DOMINGO,ONAMET,EMCO,30.5,23.0,0.2,https://indomet.gob.do/wp-content/uploads/2025/06/temperaturas-extremas-y-precipitaciones-2025x06x16-a.pdf
2025-06-16,037,CONSTANZA,LA VEGA,MINISTERIO DE AGRICULTURA,EMCO,23.4,18.0,0.2,https://indomet.gob.do/wp-content/uploads/2025/06/temperaturas-extremas-y-precipitaciones-2025x06x16-a.pdf
2025-06-16,038,JARABACOA (EMA),LA VEGA,PROGRAMA MUNDIAL DE ALIMENTO,EMAP,27.5,19.4,0.2,https://indomet.gob.do/wp-content/uploads/2025/06/temperaturas-extremas-y-precipitaciones-2025x06x16-a.pdf
2025-06-16,039,ARROYO LORO,SAN JUAN,IDIAF,EMCO,30.5,21.5,0.1,https://indomet.gob.do/wp-content/uploads/2025/06/temperaturas-extremas-y-precipitaciones-2025x06x16-a.pdf
2025-06-16,040,HATO MAYOR,HATO MAYOR,MINISTERIO DE AGRICULTURA,EMCV,,,0.1,https://indomet.gob.do/wp-content/uploads/2025/06/temperaturas-extremas-y-precipitaciones-2025x06x16-a.pdf
2025-06-16,041,HONDO VALLE,ELÍAS PIÑA,MINISTERIO DE AGRICULTURA,EMCO,26.1,17.9,0.1,https://indomet.gob.do/wp-content/uploads/2025/06/temperaturas-extremas-y-precipitaciones-2025x06x16-a.pdf
2025-06-16,042,LA VICTORIA,SANTO DOMINGO,CUERPO DE BOMBEROS,EMCO,30.0,24.0,0.1,https://indomet.gob.do/wp-content/uploads/2025/06/temperaturas-extremas-y-precipitaciones-2025x06x16-a.pdf
2025-06-16,043,SABANA GRANDE DE BOYÁ,MONTE PLATA,MINISTERIO DE AGRICULTURA,EMCV,,,0.1,https://indomet.gob.do/wp-content/uploads/2025/06/temperaturas-extremas-y-precipitaciones-2025x06x16-a.pdf
2025-06-16,044,SAN RAFAEL DEL YUMA,LA ALTAGRACIA,MINISTERIO DE AGRICULTURA,EMCO,32.6,24.5,0.1,https://indomet.gob.do/wp-content/uploads/2025/06/temperaturas-extremas-y-precipitaciones-2025x06x16-a.pdf
2025-06-16,045,SANTIAGO RODRÍGUEZ,SANTIAGO RODRÍGUEZ,ONAMET,EMCO,31.5,24.0,0.1,https://indomet.gob.do/wp-content/uploads/2025/06/temperaturas-extremas-y-precipitaciones-2025x06x16-a.pdf
2025-06-16,046,ALTAMIRA,PUERTO PLATA,HOSP. MPAL. DE ALTAMIRA,EMCO,30.5,22.0,0.0,https://indomet.gob.do/wp-content/uploads/2025/06/temperaturas-extremas-y-precipitaciones-2025x06x16-a.pdf
2025-06-16,047,ANAMUYA (EMA),LA ALTAGRACIA,MINISTERIO DE AGRICULTURA,EMAP,31.1,25.2,0.0,https://indomet.gob.do/wp-content/uploads/2025/06/temperaturas-extremas-y-precipitaciones-2025x06x16-a.pdf
2025-06-16,048,ARPT. DE LA ROMANA,LA ROMANA,ONAMET,EMCO,31.6,24.4,0.0,https://indomet.gob.do/wp-content/uploads/2025/06/temperaturas-extremas-y-precipitaciones-2025x06x16-a.pdf
2025-06-16,049,ARPT. DE PUNTA CANA,LA ALTAGRACIA,ONAMET,EMCO,32.0,24.0,0.0,https://indomet.gob.do/wp-content/uploads/2025/06/temperaturas-extremas-y-precipitaciones-2025x06x16-a.pdf
2025-06-16,050,ARPT. GREGORIO LUPERÓN,PUERTO PLATA,ONAMET,EMCO,30.5,23.5,0.0,https://indomet.gob.do/wp-content/uploads/2025/06/temperaturas-extremas-y-precipitaciones-2025x06x16-a.pdf
2025-06-16,051,ARPT. MARÍA MONTEZ,BARAHONA,ONAMET,EMCO,33.2,25.5,0.0,https://indomet.gob.do/wp-content/uploads/2025/06/temperaturas-extremas-y-precipitaciones-2025x06x16-a.pdf
2025-06-16,052,BANI (EMA),PERAVIA,MINISTERIO DE AGRICULTURA,EMAP,31.4,27.2,0.0,https://indomet.gob.do/wp-content/uploads/2025/06/temperaturas-extremas-y-precipitaciones-2025x06x16-a.pdf
2025-06-16,053,BOCA DE MAO (EMA),VALVERDE,MINISTERIO DE AGRICULTURA,EMAP,31.8,25.1,0.0,https://indomet.gob.do/wp-content/uploads/2025/06/temperaturas-extremas-y-precipitaciones-2025x06x16-a.pdf
2025-06-16,054,BOHECHÍO,SAN JUAN,MINISTERIO DE AGRICULTURA,EMCV,,,0.0,https://indomet.gob.do/wp-content/uploads/2025/06/temperaturas-extremas-y-precipitaciones-2025x06x16-a.pdf
2025-06-16,055,CABRAL,BARAHONA,MINISTERIO DE AGRICULTURA,EMCV,34.2,26.3,0.0,https://indomet.gob.do/wp-content/uploads/2025/06/temperaturas-extremas-y-precipitaciones-2025x06x16-a.pdf
2025-06-16,056,CONSTANZA (EMA),LA VEGA,PROGRAMA MUNDIAL DE ALIMENTO,EMAP,22.7,18.8,0.0,https://indomet.gob.do/wp-content/uploads/2025/06/temperaturas-extremas-y-precipitaciones-2025x06x16-a.pdf
2025-06-16,057,ELÍAS PIÑA,ELÍAS PIÑA,MINISTERIO DE AGRICULTURA,EMCV,,,0.0,https://indomet.gob.do/wp-content/uploads/2025/06/temperaturas-extremas-y-precipitaciones-2025x06x16-a.pdf
2025-06-16,058,ENRIQUILLO,BARAHONA,MINISTERIO DE AGRICULTURA,EMCV,31.5,26.5,0.0,https://indomet.gob.do/wp-content/uploads/2025/06/temperaturas-extremas-y-precipitaciones-2025x06x16-a.pdf
2025-06-16,059,ESCONDIDO,PERAVIA,MINISTERIO DE AGRICULTURA,EMCV,31.0,26.0,0.0,https://indomet.gob.do/wp-content/uploads/2025/06/temperaturas-extremas-y-precipitaciones-2025x06x16-a.pdf
2025-06-16,060,GURABO,SANTIAGO,MINISTERIO DE AGRICULTURA,EMCV,,,0.0,https://indomet.gob.do/wp-content/uploads/2025/06/temperaturas-extremas-y-precipitaciones-2025x06x16-a.pdf
2025-06-16,061,JIMANÍ,INDEPENDENCIA,MINISTERIO DE AGRICULTURA,EMCO,34.8,25.8,0.0,https://indomet.gob.do/wp-content/uploads/2025/06/temperaturas-extremas-y-precipitaciones-2025x06x16-a.pdf
2025-06-16,062,LA VEGA,LA VEGA,IATESA,EMCO,30.0,23.0,0.0,https://indomet.gob.do/wp-content/uploads/2025/06/temperaturas-extremas-y-precipitaciones-2025x06x16-a.pdf
2025-06-16,063,LAS CANAS (EMA),MONTE CRISTI,PROGRAMA MUNDIAL DE ALIMENTO,EMAP,30.7,24.6,0.0,https://indomet.gob.do/wp-content/uploads/2025/06/temperaturas-extremas-y-precipitaciones-2025x06x16-a.pdf
2025-06-16,064,LAS MATAS DE SANTA CRUZ (EMA,MONTE CRISTI,PROGRAMA MUNDIAL DE ALIMENTO,EMAP,31.3,25.1,0.0,https://indomet.gob.do/wp-content/uploads/2025/06/temperaturas-extremas-y-precipitaciones-2025x06x16-a.pdf
2025-06-16,065,LOS JENGIBRES,NAGUA,INDRHI,EMCO,,,0.0,https://indomet.gob.do/wp-content/uploads/2025/06/temperaturas-extremas-y-precipitaciones-2025x06x16-a.pdf
2025-06-16,066,LOS TRES CHARCOS (EMA),PEDERNALES,PROPIEDAD DEL VOLUNTARIO,EMAP,30.4,26.4,0.0,https://indomet.gob.do/wp-content/uploads/2025/06/temperaturas-extremas-y-precipitaciones-2025x06x16-a.pdf
2025-06-16,067,MAO,VALVERDE,INDRHI / MINISTERIO DE AGRICULTURA,EMCV,,,0.0,https://indomet.gob.do/wp-content/uploads/2025/06/temperaturas-extremas-y-precipitaciones-2025x06x16-a.pdf
2025-06-16,068,MONTE CRISTI,MONTE CRISTI,ONAMET,EMCO,32.5,23.4,0.0,https://indomet.gob.do/wp-content/uploads/2025/06/temperaturas-extremas-y-precipitaciones-2025x06x16-a.pdf
2025-06-16,069,NAVARRETE,SANTIAGO,MINISTERIO DE AGRICULTURA,EMCV,,,0.0,https://indomet.gob.do/wp-content/uploads/2025/06/temperaturas-extremas-y-precipitaciones-2025x06x16-a.pdf
2025-06-16,070,OLIVARES,PEDERNALES,INDRHI,EMCO,,,0.0,https://indomet.gob.do/wp-content/uploads/2025/06/temperaturas-extremas-y-precipitaciones-2025x06x16-a.pdf
2025-06-16,071,OVIEDO,PEDERNALES,CLÍNICA RURAL OVIEDO,EMCO,,27.0,0.0,https://indomet.gob.do/wp-content/uploads/2025/06/temperaturas-extremas-y-precipitaciones-2025x06x16-a.pdf
2025-06-16,072,PADRE LAS CASAS,AZUA,HOSP. NTRA. SRA. DEL CARMEN,EMCO,32.0,21.0,0.0,https://indomet.gob.do/wp-content/uploads/2025/06/temperaturas-extremas-y-precipitaciones-2025x06x16-a.pdf
2025-06-16,073,PALO ÍNDIO,PUERTO PLATA,MINISTERIO DE AGRICULTURA,EMCO,,,0.0,https://indomet.gob.do/wp-content/uploads/2025/06/temperaturas-extremas-y-precipitaciones-2025x06x16-a.pdf
2025-06-16,074,PEDERNALES,PEDERNALES,INDRHI,EMCO,,,0.0,https://indomet.gob.do/wp-content/uploads/2025/06/temperaturas-extremas-y-precipitaciones-2025x06x16-a.pdf
2025-06-16,075,PERALTA,AZUA,HOSP. MPAL. DE PERALTA,EMCO,32.7,19.0,0.0,https://indomet.gob.do/wp-content/uploads/2025/06/temperaturas-extremas-y-precipitaciones-2025x06x16-a.pdf
2025-06-16,076,PESCADERIA (EMA),BARAHONA,MINISTERIO DE AGRICULTURA,EMAP,33.3,26.9,0.0,https://indomet.gob.do/wp-content/uploads/2025/06/temperaturas-extremas-y-precipitaciones-2025x06x16-a.pdf
2025-06-16,077,PONTÓN ABAJO (EMA),LA VEGA,MINISTERIO DE AGRICULTURA,EMAP,30.4,24.1,0.0,https://indomet.gob.do/wp-content/uploads/2025/06/temperaturas-extremas-y-precipitaciones-2025x06x16-a.pdf
2025-06-16,078,PRESA DE TAVERAS (EMA),LA VEGA,PROGRAMA MUNDIAL DE ALIMENTO,EMAP,26.9,23.4,0.0,https://indomet.gob.do/wp-content/uploads/2025/06/temperaturas-extremas-y-precipitaciones-2025x06x16-a.pdf
2025-06-16,079,SABANETA (EMA),SANTIAGO RODRÍGUEZ,PROGRAMA MUNDIAL DE ALIMENTO,EMAP,31.2,23.2,0.0,https://indomet.gob.do/wp-content/uploads/2025/06/temperaturas-extremas-y-precipitaciones-2025x06x16-a.pdf
2025-06-16,080,SAN JOSÉ DE OCOA,SAN JOSÉ DE OCOA,HOSP. SAN JOSÉ DE OCOA,EMCO,30.7,,0.0,https://indomet.gob.do/wp-content/uploads/2025/06/temperaturas-extremas-y-precipitaciones-2025x06x16-a.pdf
2025-06-16,081,SÁNCHEZ,SAMANÁ,MINISTERIO DE AGRICULTURA,EMCO,31.4,24.6,0.0,https://indomet.gob.do/wp-content/uploads/2025/06/temperaturas-extremas-y-precipitaciones-2025x06x16-a.pdf
2025-06-16,082,TÁBARA ABAJO,AZUA,INDRHI,EMCO,33.4,22.6,0.0,https://indomet.gob.do/wp-content/uploads/2025/06/temperaturas-extremas-y-precipitaciones-2025x06x16-a.pdf
2025-06-16,083,VILLA ISABELA,PUERTO PLATA,MINISTERIO DE AGRICULTURA,EMCV,,,0.0,https://indomet.gob.do/wp-content/uploads/2025/06/temperaturas-extremas-y-precipitaciones-2025x06x16-a.pdf
2025-06-17,001,BASE AÉREA DE SAN ISIDRO,SANTO DOMINGO,FUERZA AÉREA DOMINICANA,EMCV,32.0,23.6,6.0,https://indomet.gob.do/wp-content/uploads/2025/06/temperaturas-extremas-y-precipitaciones-2025x06x17-a.pdf
2025-06-17,002,CABRERA,MARÍA TRINIDAD SÁNCHEZ,ESCUELA ARÍSTIDES FIALLO CABRAL,EMCO,31.7,26.7,2.9,https://indomet.gob.do/wp-content/uploads/2025/06/temperaturas-extremas-y-precipitaciones-2025x06x17-a.pdf
2025-06-17,003,VILLA RIVA,DUARTE,HOSP. MPAL. ALICIA DE LEGENDRE,EMCO,31.5,23.0,2.0,https://indomet.gob.do/wp-content/uploads/2025/06/temperaturas-extremas-y-precipitaciones-2025x06x17-a.pdf
2025-06-17,004,SAMANÁ,SAMANÁ,COMANDANCIA DE PUERTO DE SAMANÁ,EMCO,33.1,25.6,1.2,https://indomet.gob.do/wp-content/uploads/2025/06/temperaturas-extremas-y-precipitaciones-2025x06x17-a.pdf
2025-06-17,005,ARPT. EL CATEY,SAMANÁ,ONAMET,EMCO,30.0,23.0,1.0,https://indomet.gob.do/wp-content/uploads/2025/06/temperaturas-extremas-y-precipitaciones-2025x06x17-a.pdf
2025-06-17,006,RÍO SAN JUAN,MARÍA TRINIDAD SÁNCHEZ,HOSP. MPAL. DR. DESIDERIO ACOSTA,EMCV,31.6,25.5,0.5,https://indomet.gob.do/wp-content/uploads/2025/06/temperaturas-extremas-y-precipitaciones-2025x06x17-a.pdf
2025-06-17,007,EL FACTOR (EMA),MARÍA TRINIDAD SÁNCHEZ,INTEC,EMAP,32.1,25.1,0.5,https://indomet.gob.do/wp-content/uploads/2025/06/temperaturas-extremas-y-precipitaciones-2025x06x17-a.pdf
2025-06-17,008,SAN RAFAEL DEL YUMA,LA ALTAGRACIA,MINISTERIO DE AGRICULTURA,EMCO,32.8,24.5,0.5,https://indomet.gob.do/wp-content/uploads/2025/06/temperaturas-extremas-y-precipitaciones-2025x06x17-a.pdf
2025-06-17,009,JUMA BEJUCAL,MONSEÑOR NOUEL,IDIAF,EMCV,31.4,21.8,0.3,https://indomet.gob.do/wp-content/uploads/2025/06/temperaturas-extremas-y-precipitaciones-2025x06x17-a.pdf
2025-06-17,010,SÁNCHEZ,SAMANÁ,MINISTERIO DE AGRICULTURA,EMCO,33.0,24.7,0.2,https://indomet.gob.do/wp-content/uploads/2025/06/temperaturas-extremas-y-precipitaciones-2025x06x17-a.pdf
2025-06-17,011,ARPT. GREGORIO LUPERÓN,PUERTO PLATA,ONAMET,EMCO,32.6,23.4,0.1,https://indomet.gob.do/wp-content/uploads/2025/06/temperaturas-extremas-y-precipitaciones-2025x06x17-a.pdf
2025-06-17,012,HONDO VALLE,ELÍAS PIÑA,MINISTERIO DE AGRICULTURA,EMCO,26.0,17.7,0.1,https://indomet.gob.do/wp-content/uploads/2025/06/temperaturas-extremas-y-precipitaciones-2025x06x17-a.pdf
2025-06-17,013,ALTAMIRA,PUERTO PLATA,HOSP. MPAL. DE ALTAMIRA,EMCO,32.3,22.1,0.0,https://indomet.gob.do/wp-content/uploads/2025/06/temperaturas-extremas-y-precipitaciones-2025x06x17-a.pdf
2025-06-17,014,ANAMUYA (EMA),LA ALTAGRACIA,MINISTERIO DE AGRICULTURA,EMAP,33.1,25.1,0.0,https://indomet.gob.do/wp-content/uploads/2025/06/temperaturas-extremas-y-precipitaciones-2025x06x17-a.pdf
2025-06-17,015,ARPT. ARROYO BARRIL,SAMANÁ,ONAMET,EMCO,30.3,24.0,0.0,https://indomet.gob.do/wp-content/uploads/2025/06/temperaturas-extremas-y-precipitaciones-2025x06x17-a.pdf
2025-06-17,016,ARPT. DE LA ROMANA,LA ROMANA,ONAMET,EMCO,31.7,24.5,0.0,https://indomet.gob.do/wp-content/uploads/2025/06/temperaturas-extremas-y-precipitaciones-2025x06x17-a.pdf
2025-06-17,017,ARPT. DE LAS AMÉRICAS,SANTO DOMINGO,ONAMET,EMCO,32.0,24.0,0.0,https://indomet.gob.do/wp-content/uploads/2025/06/temperaturas-extremas-y-precipitaciones-2025x06x17-a.pdf
2025-06-17,018,ARPT. DE PUNTA CANA,LA ALTAGRACIA,ONAMET,EMCO,32.2,24.5,0.0,https://indomet.gob.do/wp-content/uploads/2025/06/temperaturas-extremas-y-precipitaciones-2025x06x17-a.pdf
2025-06-17,019,ARPT. DEL CIBAO,SANTIAGO,ONAMET,EMCO,33.0,23.5,0.0,https://indomet.gob.do/wp-content/uploads/2025/06/temperaturas-extremas-y-precipitaciones-2025x06x17-a.pdf
2025-06-17,020,ARPT. LA ISABELA,SANTO DOMINGO,ONAMET,EMCO,33.0,24.0,0.0,https://indomet.gob.do/wp-content/uploads/2025/06/temperaturas-extremas-y-precipitaciones-2025x06x17-a.pdf
2025-06-17,021,ARPT. MARÍA MONTEZ,BARAHONA,ONAMET,EMCO,33.5,25.0,0.0,https://indomet.gob.do/wp-content/uploads/2025/06/temperaturas-extremas-y-precipitaciones-2025x06x17-a.pdf
2025-06-17,022,ARROYO LORO,SAN JUAN,IDIAF,EMCO,31.9,21.4,0.0,https://indomet.gob.do/wp-content/uploads/2025/06/temperaturas-extremas-y-precipitaciones-2025x06x17-a.pdf
2025-06-17,023,BAYAGUANA,MONTE PLATA,ONAMET,EMCO,33.5,23.0,0.0,https://indomet.gob.do/wp-content/uploads/2025/06/temperaturas-extremas-y-precipitaciones-2025x06x17-a.pdf
2025-06-17,024,BOCA DE MAO (EMA),VALVERDE,MINISTERIO DE AGRICULTURA,EMAP,33.6,24.8,0.0,https://indomet.gob.do/wp-content/uploads/2025/06/temperaturas-extremas-y-precipitaciones-2025x06x17-a.pdf
2025-06-17,025,BOHECHÍO,SAN JUAN,MINISTERIO DE AGRICULTURA,EMCV,,,0.0,https://indomet.gob.do/wp-content/uploads/2025/06/temperaturas-extremas-y-precipitaciones-2025x06x17-a.pdf
2025-06-17,026,CABRAL,BARAHONA,MINISTERIO DE AGRICULTURA,EMCV,33.8,26.7,0.0,https://indomet.gob.do/wp-content/uploads/2025/06/temperaturas-extremas-y-precipitaciones-2025x06x17-a.pdf
2025-06-17,027,CENTRO DE LOS HEROES (EMA),DISTRITO NACIONAL,MINISTERIO DE ENERGIA Y MINA,EMAP,31.4,26.5,0.0,https://indomet.gob.do/wp-content/uploads/2025/06/temperaturas-extremas-y-precipitaciones-2025x06x17-a.pdf
2025-06-17,028,CONSTANZA,LA VEGA,MINISTERIO DE AGRICULTURA,EMCO,24.5,15.5,0.0,https://indomet.gob.do/wp-content/uploads/2025/06/temperaturas-extremas-y-precipitaciones-2025x06x17-a.pdf
2025-06-17,029,CONSTANZA (EMA),LA VEGA,PROGRAMA MUNDIAL DE ALIMENTO,EMAP,23.9,15.5,0.0,https://indomet.gob.do/wp-content/uploads/2025/06/temperaturas-extremas-y-precipitaciones-2025x06x17-a.pdf
2025-06-17,030,DAJABÓN,DAJABÓN,INSTITUTO POLITÉCNICO LOYOLA,EMCO,34.6,19.5,0.0,https://indomet.gob.do/wp-content/uploads/2025/06/temperaturas-extremas-y-precipitaciones-2025x06x17-a.pdf
2025-06-17,031,LA GUAYIGA (EMA),SAN CRISTÓBAL,PRIVADA,EMAP,,,0.0,https://indomet.gob.do/wp-content/uploads/2025/06/temperaturas-extremas-y-precipitaciones-2025x06x17-a.pdf
2025-06-17,032,ELÍAS PIÑA,ELÍAS PIÑA,MINISTERIO DE AGRICULTURA,EMCV,,,0.0,https://indomet.gob.do/wp-content/uploads/2025/06/temperaturas-extremas-y-precipitaciones-2025x06x17-a.pdf
2025-06-17,033,ENRIQUILLO,BARAHONA,MINISTERIO DE AGRICULTURA,EMCV,30.5,,0.0,https://indomet.gob.do/wp-content/uploads/2025/06/temperaturas-extremas-y-precipitaciones-2025x06x17-a.pdf
2025-06-17,034,ESCONDIDO,PERAVIA,MINISTERIO DE AGRICULTURA,EMCV,31.0,24.0,0.0,https://indomet.gob.do/wp-content/uploads/2025/06/temperaturas-extremas-y-precipitaciones-2025x06x17-a.pdf
2025-06-17,035,GASPAR HERNÁNDEZ,ESPAILLAT,PROPIEDAD DEL EMPLEADO,EMCO,,,0.0,https://indomet.gob.do/wp-content/uploads/2025/06/temperaturas-extremas-y-precipitaciones-2025x06x17-a.pdf
2025-06-17,036,GURABO,SANTIAGO,MINISTERIO DE AGRICULTURA,EMCV,,,0.0,https://indomet.gob.do/wp-content/uploads/2025/06/temperaturas-extremas-y-precipitaciones-2025x06x17-a.pdf
2025-06-17,037,HATO MAYOR,HATO MAYOR,MINISTERIO DE AGRICULTURA,EMCV,,,0.0,https://indomet.gob.do/wp-content/uploads/2025/06/temperaturas-extremas-y-precipitaciones-2025x06x17-a.pdf
2025-06-17,038,JARABACOA,LA VEGA,INDRHI / MARENA,EMCO,32.6,18.4,0.0,https://indomet.gob.do/wp-content/uploads/2025/06/temperaturas-extremas-y-precipitaciones-2025x06x17-a.pdf
2025-06-17,039,JARABACOA (EMA),LA VEGA,PROGRAMA MUNDIAL DE ALIMENTO,EMAP,31.5,18.8,0.0,https://indomet.gob.do/wp-content/uploads/2025/06/temperaturas-extremas-y-precipitaciones-2025x06x17-a.pdf
2025-06-17,040,JARDÍN BOTÁNICO NACIONAL,DISTRITO NACIONAL,JARDÍN BOTÁNICO NACIONAL,EMCV,32.4,22.2,0.0,https://indomet.gob.do/wp-content/uploads/2025/06/temperaturas-extremas-y-precipitaciones-2025x06x17-a.pdf
2025-06-17,041,JIMANÍ,INDEPENDENCIA,MINISTERIO DE AGRICULTURA,EMCO,33.0,26.5,0.0,https://indomet.gob.do/wp-content/uploads/2025/06/temperaturas-extremas-y-precipitaciones-2025x06x17-a.pdf
2025-06-17,042,LA VEGA,LA VEGA,IATESA,EMCO,33.0,22.5,0.0,https://indomet.gob.do/wp-content/uploads/2025/06/temperaturas-extremas-y-precipitaciones-2025x06x17-a.pdf
2025-06-17,043,LA VICTORIA,SANTO DOMINGO,CUERPO DE BOMBEROS,EMCO,34.0,24.0,0.0,https://indomet.gob.do/wp-content/uploads/2025/06/temperaturas-extremas-y-precipitaciones-2025x06x17-a.pdf
2025-06-17,044,LAS CANAS (EMA),MONTE CRISTI,PROGRAMA MUNDIAL DE ALIMENTO,EMAP,30.8,24.4,0.0,https://indomet.gob.do/wp-content/uploads/2025/06/temperaturas-extremas-y-precipitaciones-2025x06x17-a.pdf
2025-06-17,045,LAS MATAS DE SANTA CRUZ (EMA,MONTE CRISTI,PROGRAMA MUNDIAL DE ALIMENTO,EMAP,34.9,25.8,0.0,https://indomet.gob.do/wp-content/uploads/2025/06/temperaturas-extremas-y-precipitaciones-2025x06x17-a.pdf
2025-06-17,046,LOS LLANOS,SAN PEDRO DE MACORÍS,MINISTERIO DE AGRICULTURA,EMCO,32.4,23.6,0.0,https://indomet.gob.do/wp-content/uploads/2025/06/temperaturas-extremas-y-precipitaciones-2025x06x17-a.pdf
2025-06-17,047,LOS TRES CHARCOS (EMA),PEDERNALES,PROPIEDAD DEL VOLUNTARIO,EMAP,30.7,27.0,0.0,https://indomet.gob.do/wp-content/uploads/2025/06/temperaturas-extremas-y-precipitaciones-2025x06x17-a.pdf
2025-06-17,048,MAO,VALVERDE,INDRHI / MINISTERIO DE AGRICULTURA,EMCV,,,0.0,https://indomet.gob.do/wp-content/uploads/2025/06/temperaturas-extremas-y-precipitaciones-2025x06x17-a.pdf
2025-06-17,049,MONCIÓN (EMA),SANTIAGO RODRÍGUEZ,PROGRAMA MUNDIAL DE ALIMENTO,EMAP,31.3,20.8,0.0,https://indomet.gob.do/wp-content/uploads/2025/06/temperaturas-extremas-y-precipitaciones-2025x06x17-a.pdf
2025-06-17,050,MONTE CRISTI,MONTE CRISTI,ONAMET,EMCO,37.5,25.5,0.0,https://indomet.gob.do/wp-content/uploads/2025/06/temperaturas-extremas-y-precipitaciones-2025x06x17-a.pdf
2025-06-17,051,NAVARRETE,SANTIAGO,MINISTERIO DE AGRICULTURA,EMCV,,,0.0,https://indomet.gob.do/wp-content/uploads/2025/06/temperaturas-extremas-y-precipitaciones-2025x06x17-a.pdf
2025-06-17,052,OLIVARES,PEDERNALES,INDRHI,EMCO,,,0.0,https://indomet.gob.do/wp-content/uploads/2025/06/temperaturas-extremas-y-precipitaciones-2025x06x17-a.pdf
2025-06-17,053,OVIEDO,PEDERNALES,CLÍNICA RURAL OVIEDO,EMCO,31.5,,0.0,https://indomet.gob.do/wp-content/uploads/2025/06/temperaturas-extremas-y-precipitaciones-2025x06x17-a.pdf
2025-06-17,054,PADRE LAS CASAS,AZUA,HOSP. NTRA. SRA. DEL CARMEN,EMCO,32.0,20.0,0.0,https://indomet.gob.do/wp-content/uploads/2025/06/temperaturas-extremas-y-precipitaciones-2025x06x17-a.pdf
2025-06-17,055,PALO ÍNDIO,PUERTO PLATA,MINISTERIO DE AGRICULTURA,EMCO,,,0.0,https://indomet.gob.do/wp-content/uploads/2025/06/temperaturas-extremas-y-precipitaciones-2025x06x17-a.pdf
2025-06-17,056,PEDERNALES,PEDERNALES,INDRHI,EMCO,,,0.0,https://indomet.gob.do/wp-content/uploads/2025/06/temperaturas-extremas-y-precipitaciones-2025x06x17-a.pdf
2025-06-17,057,PERALTA,AZUA,HOSP. MPAL. DE PERALTA,EMCO,34.5,20.7,0.0,https://indomet.gob.do/wp-content/uploads/2025/06/temperaturas-extremas-y-precipitaciones-2025x06x17-a.pdf
2025-06-17,058,PESCADERIA (EMA),BARAHONA,MINISTERIO DE AGRICULTURA,EMAP,33.4,28.1,0.0,https://indomet.gob.do/wp-content/uploads/2025/06/temperaturas-extremas-y-precipitaciones-2025x06x17-a.pdf
2025-06-17,059,POLO,BARAHONA,INDOCAFE,EMCO,,,0.0,https://indomet.gob.do/wp-content/uploads/2025/06/temperaturas-extremas-y-precipitaciones-2025x06x17-a.pdf
2025-06-17,060,PONTÓN ABAJO (EMA),LA VEGA,MINISTERIO DE AGRICULTURA,EMAP,34.2,22.7,0.0,https://indomet.gob.do/wp-content/uploads/2025/06/temperaturas-extremas-y-precipitaciones-2025x06x17-a.pdf
2025-06-17,061,PRESA DE TAVERAS (EMA),LA VEGA,PROGRAMA MUNDIAL DE ALIMENTO,EMAP,30.2,23.1,0.0,https://indomet.gob.do/wp-content/uploads/2025/06/temperaturas-extremas-y-precipitaciones-2025x06x17-a.pdf
2025-06-17,062,RANCHO ARRIBA,SAN JOSÉ DE OCOA,CENTRO TECNOLÓGICO COMUNITARIO,EMCO,29.3,19.5,0.0,https://indomet.gob.do/wp-content/uploads/2025/06/temperaturas-extremas-y-precipitaciones-2025x06x17-a.pdf
2025-06-17,063,RESTAURACIÓN,DAJABÓN,MINISTERIO DE AGRICULTURA,EMCO,30.4,19.3,0.0,https://indomet.gob.do/wp-content/uploads/2025/06/temperaturas-extremas-y-precipitaciones-2025x06x17-a.pdf
2025-06-17,064,SABANA DE LA MAR,HATO MAYOR,ONAMET,EMCO,31.5,25.0,0.0,https://indomet.gob.do/wp-content/uploads/2025/06/temperaturas-extremas-y-precipitaciones-2025x06x17-a.pdf
2025-06-17,065,SABANA GRANDE DE BOYÁ,MONTE PLATA,MINISTERIO DE AGRICULTURA,EMCV,,,0.0,https://indomet.gob.do/wp-content/uploads/2025/06/temperaturas-extremas-y-precipitaciones-2025x06x17-a.pdf
2025-06-17,066,SABANETA (EMA),SANTIAGO RODRÍGUEZ,PROGRAMA MUNDIAL DE ALIMENTO,EMAP,34.6,24.3,0.0,https://indomet.gob.do/wp-content/uploads/2025/06/temperaturas-extremas-y-precipitaciones-2025x06x17-a.pdf
2025-06-17,067,SALCEDO,HERMANAS MIRABAL,PROPIEDAD DEL EMPLEADO,EMCO,,,0.0,https://indomet.gob.do/wp-content/uploads/2025/06/temperaturas-extremas-y-precipitaciones-2025x06x17-a.pdf
2025-06-17,068,SAN CRISTÓBAL,SAN CRISTÓBAL,INSTITUTO POLITÉCNICO LOYOLA,EMCO,32.4,23.0,0.0,https://indomet.gob.do/wp-content/uploads/2025/06/temperaturas-extremas-y-precipitaciones-2025x06x17-a.pdf
2025-06-17,069,SAN JOSÉ DE OCOA,SAN JOSÉ DE OCOA,HOSP. SAN JOSÉ DE OCOA,EMCO,31.4,,0.0,https://indomet.gob.do/wp-content/uploads/2025/06/temperaturas-extremas-y-precipitaciones-2025x06x17-a.pdf
2025-06-17,070,SANTIAGO RODRÍGUEZ,SANTIAGO RODRÍGUEZ,ONAMET,EMCO,34.3,24.5,0.0,https://indomet.gob.do/wp-content/uploads/2025/06/temperaturas-extremas-y-precipitaciones-2025x06x17-a.pdf
2025-06-17,071,SANTO DOMINGO ESTE,SANTO DOMINGO,ONAMET,EMCO,32.0,24.2,0.0,https://indomet.gob.do/wp-content/uploads/2025/06/temperaturas-extremas-y-precipitaciones-2025x06x17-a.pdf
2025-06-17,072,TÁBARA ABAJO,AZUA,INDRHI,EMCO,33.5,24.4,0.0,https://indomet.gob.do/wp-content/uploads/2025/06/temperaturas-extremas-y-precipitaciones-2025x06x17-a.pdf
2025-06-17,073,TAMBORIL,SANTIAGO,MINISTERIO DE AGRICULTURA,EMCV,,,0.0,https://indomet.gob.do/wp-content/uploads/2025/06/temperaturas-extremas-y-precipitaciones-2025x06x17-a.pdf
2025-06-17,074,VILLA ALTAGRACIA,SAN CRISTÓBAL,ESCUELA JAVIER ANGULO GURIDI,EMCO,,,0.0,https://indomet.gob.do/wp-content/uploads/2025/06/temperaturas-extremas-y-precipitaciones-2025x06x17-a.pdf
2025-06-17,075,VILLA GONZALES,SANTIAGO,MINISTERIO DE AGRICULTURA,EMCO,,,0.0,https://indomet.gob.do/wp-content/uploads/2025/06/temperaturas-extremas-y-precipitaciones-2025x06x17-a.pdf
2025-06-17,076,VILLA ISABELA,PUERTO PLATA,MINISTERIO DE AGRICULTURA,EMCV,,,0.0,https://indomet.gob.do/wp-content/uploads/2025/06/temperaturas-extremas-y-precipitaciones-2025x06x17-a.pdf
2025-06-17,077,ALTO BANDERA (EMA),LA VEGA,INTEC,EMAP,14.6,9.0,0.0,https://indomet.gob.do/wp-content/uploads/2025/06/temperaturas-extremas-y-precipitaciones-2025x06x17-a.pdf
2025-06-18,001,EL FACTOR (EMA),MARÍA TRINIDAD SÁNCHEZ,INTEC,EMAP,31.3,24.4,3.8,https://indomet.gob.do/wp-content/uploads/2025/06/temperaturas-extremas-y-precipitaciones-2025x06x18-a.pdf
2025-06-18,002,VILLA ALTAGRACIA,SAN CRISTÓBAL,ESCUELA JAVIER ANGULO GURIDI,EMCO,,,3.5,https://indomet.gob.do/wp-content/uploads/2025/06/temperaturas-extremas-y-precipitaciones-2025x06x18-a.pdf
2025-06-18,003,SAMANÁ,SAMANÁ,COMANDANCIA DE PUERTO DE SAMANÁ,EMCO,32.5,24.9,3.2,https://indomet.gob.do/wp-content/uploads/2025/06/temperaturas-extremas-y-precipitaciones-2025x06x18-a.pdf
2025-06-18,004,VILLA RIVA,DUARTE,HOSP. MPAL. ALICIA DE LEGENDRE,EMCO,32.0,23.5,2.8,https://indomet.gob.do/wp-content/uploads/2025/06/temperaturas-extremas-y-precipitaciones-2025x06x18-a.pdf
2025-06-18,005,ARPT. EL CATEY,SAMANÁ,ONAMET,EMCO,29.0,23.5,1.5,https://indomet.gob.do/wp-content/uploads/2025/06/temperaturas-extremas-y-precipitaciones-2025x06x18-a.pdf
2025-06-18,006,ARPT. GREGORIO LUPERÓN,PUERTO PLATA,ONAMET,EMCO,32.2,23.6,1.0,https://indomet.gob.do/wp-content/uploads/2025/06/temperaturas-extremas-y-precipitaciones-2025x06x18-a.pdf
2025-06-18,007,CABRERA,MARÍA TRINIDAD SÁNCHEZ,ESCUELA ARÍSTIDES FIALLO CABRAL,EMCO,31.4,26.7,1.0,https://indomet.gob.do/wp-content/uploads/2025/06/temperaturas-extremas-y-precipitaciones-2025x06x18-a.pdf
2025-06-18,008,ALTAMIRA,PUERTO PLATA,HOSP. MPAL. DE ALTAMIRA,EMCO,33.9,21.0,0.4,https://indomet.gob.do/wp-content/uploads/2025/06/temperaturas-extremas-y-precipitaciones-2025x06x18-a.pdf
2025-06-18,009,BONAO,MONSEÑOR NOUEL,MINISTERIO DE AGRICULTURA,EMCV,,,0.3,https://indomet.gob.do/wp-content/uploads/2025/06/temperaturas-extremas-y-precipitaciones-2025x06x18-a.pdf
2025-06-18,010,POLO,BARAHONA,INDOCAFE,EMCO,,,0.1,https://indomet.gob.do/wp-content/uploads/2025/06/temperaturas-extremas-y-precipitaciones-2025x06x18-a.pdf
2025-06-18,011,RANCHO ARRIBA,SAN JOSÉ DE OCOA,CENTRO TECNOLÓGICO COMUNITARIO,EMCO,28.6,20.0,0.1,https://indomet.gob.do/wp-content/uploads/2025/06/temperaturas-extremas-y-precipitaciones-2025x06x18-a.pdf
2025-06-18,012,ANAMUYA (EMA),LA ALTAGRACIA,MINISTERIO DE AGRICULTURA,EMAP,32.4,24.7,0.0,https://indomet.gob.do/wp-content/uploads/2025/06/temperaturas-extremas-y-precipitaciones-2025x06x18-a.pdf
2025-06-18,013,ARPT. ARROYO BARRIL,SAMANÁ,ONAMET,EMCO,30.7,24.3,0.0,https://indomet.gob.do/wp-content/uploads/2025/06/temperaturas-extremas-y-precipitaciones-2025x06x18-a.pdf
2025-06-18,014,ARPT. DE LA ROMANA,LA ROMANA,ONAMET,EMCO,32.0,24.0,0.0,https://indomet.gob.do/wp-content/uploads/2025/06/temperaturas-extremas-y-precipitaciones-2025x06x18-a.pdf
2025-06-18,015,ARPT. DE LAS AMÉRICAS,SANTO DOMINGO,ONAMET,EMCO,31.1,24.0,0.0,https://indomet.gob.do/wp-content/uploads/2025/06/temperaturas-extremas-y-precipitaciones-2025x06x18-a.pdf
2025-06-18,016,ARPT. DE PUNTA CANA,LA ALTAGRACIA,ONAMET,EMCO,31.8,25.5,0.0,https://indomet.gob.do/wp-content/uploads/2025/06/temperaturas-extremas-y-precipitaciones-2025x06x18-a.pdf
2025-06-18,017,ARPT. DEL CIBAO,SANTIAGO,ONAMET,EMCO,32.7,22.4,0.0,https://indomet.gob.do/wp-content/uploads/2025/06/temperaturas-extremas-y-precipitaciones-2025x06x18-a.pdf
2025-06-18,018,ARPT. LA ISABELA,SANTO DOMINGO,ONAMET,EMCO,32.5,24.0,0.0,https://indomet.gob.do/wp-content/uploads/2025/06/temperaturas-extremas-y-precipitaciones-2025x06x18-a.pdf
2025-06-18,019,ARPT. MARÍA MONTEZ,BARAHONA,ONAMET,EMCO,33.0,28.2,0.0,https://indomet.gob.do/wp-content/uploads/2025/06/temperaturas-extremas-y-precipitaciones-2025x06x18-a.pdf
2025-06-18,020,ARROYO LORO,SAN JUAN,IDIAF,EMCO,32.4,19.0,0.0,https://indomet.gob.do/wp-content/uploads/2025/06/temperaturas-extremas-y-precipitaciones-2025x06x18-a.pdf
2025-06-18,021,BANI (EMA),PERAVIA,MINISTERIO DE AGRICULTURA,EMAP,30.8,26.1,0.0,https://indomet.gob.do/wp-content/uploads/2025/06/temperaturas-extremas-y-precipitaciones-2025x06x18-a.pdf
2025-06-18,022,BAYAGUANA,MONTE PLATA,ONAMET,EMCO,32.5,23.9,0.0,https://indomet.gob.do/wp-content/uploads/2025/06/temperaturas-extremas-y-precipitaciones-2025x06x18-a.pdf
2025-06-18,023,BOCA DE MAO (EMA),VALVERDE,MINISTERIO DE AGRICULTURA,EMAP,34.3,24.8,0.0,https://indomet.gob.do/wp-content/uploads/2025/06/temperaturas-extremas-y-precipitaciones-2025x06x18-a.pdf
2025-06-18,024,CABRAL,BARAHONA,MINISTERIO DE AGRICULTURA,EMCV,33.9,25.0,0.0,https://indomet.gob.do/wp-content/uploads/2025/06/temperaturas-extremas-y-precipitaciones-2025x06x18-a.pdf
2025-06-18,025,CENTRO DE LOS HEROES (EMA),DISTRITO NACIONAL,MINISTERIO DE ENERGIA Y MINA,EMAP,31.0,25.9,0.0,https://indomet.gob.do/wp-content/uploads/2025/06/temperaturas-extremas-y-precipitaciones-2025x06x18-a.pdf
2025-06-18,026,CONSTANZA,LA VEGA,MINISTERIO DE AGRICULTURA,EMCO,25.6,15.2,0.0,https://indomet.gob.do/wp-content/uploads/2025/06/temperaturas-extremas-y-precipitaciones-2025x06x18-a.pdf
2025-06-18,027,CONSTANZA (EMA),LA VEGA,PROGRAMA MUNDIAL DE ALIMENTO,EMAP,24.8,15.6,0.0,https://indomet.gob.do/wp-content/uploads/2025/06/temperaturas-extremas-y-precipitaciones-2025x06x18-a.pdf
2025-06-18,028,DAJABÓN,DAJABÓN,INSTITUTO POLITÉCNICO LOYOLA,EMCO,35.0,25.1,0.0,https://indomet.gob.do/wp-content/uploads/2025/06/temperaturas-extremas-y-precipitaciones-2025x06x18-a.pdf
2025-06-18,029,LA GUAYIGA (EMA),SAN CRISTÓBAL,PRIVADA,EMAP,,,0.0,https://indomet.gob.do/wp-content/uploads/2025/06/temperaturas-extremas-y-precipitaciones-2025x06x18-a.pdf
2025-06-18,030,ENRIQUILLO,BARAHONA,MINISTERIO DE AGRICULTURA,EMCV,31.5,,0.0,https://indomet.gob.do/wp-content/uploads/2025/06/temperaturas-extremas-y-precipitaciones-2025x06x18-a.pdf
2025-06-18,031,ESCONDIDO,PERAVIA,MINISTERIO DE AGRICULTURA,EMCV,31.0,24.0,0.0,https://indomet.gob.do/wp-content/uploads/2025/06/temperaturas-extremas-y-precipitaciones-2025x06x18-a.pdf
2025-06-18,032,GASPAR HERNÁNDEZ,ESPAILLAT,PROPIEDAD DEL EMPLEADO,EMCO,,,0.0,https://indomet.gob.do/wp-content/uploads/2025/06/temperaturas-extremas-y-precipitaciones-2025x06x18-a.pdf
2025-06-18,033,GURABO,SANTIAGO,MINISTERIO DE AGRICULTURA,EMCV,,,0.0,https://indomet.gob.do/wp-content/uploads/2025/06/temperaturas-extremas-y-precipitaciones-2025x06x18-a.pdf
2025-06-18,034,HATO MAYOR,HATO MAYOR,MINISTERIO DE AGRICULTURA,EMCV,,,0.0,https://indomet.gob.do/wp-content/uploads/2025/06/temperaturas-extremas-y-precipitaciones-2025x06x18-a.pdf
2025-06-18,035,HONDO VALLE,ELÍAS PIÑA,MINISTERIO DE AGRICULTURA,EMCO,26.3,18.0,0.0,https://indomet.gob.do/wp-content/uploads/2025/06/temperaturas-extremas-y-precipitaciones-2025x06x18-a.pdf
2025-06-18,036,JARABACOA,LA VEGA,INDRHI / MARENA,EMCO,31.2,19.8,0.0,https://indomet.gob.do/wp-content/uploads/2025/06/temperaturas-extremas-y-precipitaciones-2025x06x18-a.pdf
2025-06-18,037,JARABACOA (EMA),LA VEGA,PROGRAMA MUNDIAL DE ALIMENTO,EMAP,30.6,20.3,0.0,https://indomet.gob.do/wp-content/uploads/2025/06/temperaturas-extremas-y-precipitaciones-2025x06x18-a.pdf
2025-06-18,038,JIMANÍ,INDEPENDENCIA,MINISTERIO DE AGRICULTURA,EMCO,35.4,26.4,0.0,https://indomet.gob.do/wp-content/uploads/2025/06/temperaturas-extremas-y-precipitaciones-2025x06x18-a.pdf
2025-06-18,039,JUMA BEJUCAL,MONSEÑOR NOUEL,IDIAF,EMCV,31.8,22.0,0.0,https://indomet.gob.do/wp-content/uploads/2025/06/temperaturas-extremas-y-precipitaciones-2025x06x18-a.pdf
2025-06-18,040,LA VEGA,LA VEGA,IATESA,EMCO,30.5,23.5,0.0,https://indomet.gob.do/wp-content/uploads/2025/06/temperaturas-extremas-y-precipitaciones-2025x06x18-a.pdf
2025-06-18,041,LA VICTORIA,SANTO DOMINGO,CUERPO DE BOMBEROS,EMCO,33.0,23.5,0.0,https://indomet.gob.do/wp-content/uploads/2025/06/temperaturas-extremas-y-precipitaciones-2025x06x18-a.pdf
2025-06-18,042,LAS CANAS (EMA),MONTE CRISTI,PROGRAMA MUNDIAL DE ALIMENTO,EMAP,30.9,24.1,0.0,https://indomet.gob.do/wp-content/uploads/2025/06/temperaturas-extremas-y-precipitaciones-2025x06x18-a.pdf
2025-06-18,043,LAS MATAS DE SANTA CRUZ (EMA,MONTE CRISTI,PROGRAMA MUNDIAL DE ALIMENTO,EMAP,35.1,24.7,0.0,https://indomet.gob.do/wp-content/uploads/2025/06/temperaturas-extremas-y-precipitaciones-2025x06x18-a.pdf
2025-06-18,044,LOS LLANOS,SAN PEDRO DE MACORÍS,MINISTERIO DE AGRICULTURA,EMCO,32.4,22.5,0.0,https://indomet.gob.do/wp-content/uploads/2025/06/temperaturas-extremas-y-precipitaciones-2025x06x18-a.pdf
2025-06-18,045,LOS TRES CHARCOS (EMA),PEDERNALES,PROPIEDAD DEL VOLUNTARIO,EMAP,31.4,26.1,0.0,https://indomet.gob.do/wp-content/uploads/2025/06/temperaturas-extremas-y-precipitaciones-2025x06x18-a.pdf
2025-06-18,046,MONCIÓN (EMA),SANTIAGO RODRÍGUEZ,PROGRAMA MUNDIAL DE ALIMENTO,EMAP,31.2,21.6,0.0,https://indomet.gob.do/wp-content/uploads/2025/06/temperaturas-extremas-y-precipitaciones-2025x06x18-a.pdf
2025-06-18,047,MONTE CRISTI,MONTE CRISTI,ONAMET,EMCO,37.5,25.5,0.0,https://indomet.gob.do/wp-content/uploads/2025/06/temperaturas-extremas-y-precipitaciones-2025x06x18-a.pdf
2025-06-18,048,NAVARRETE,SANTIAGO,MINISTERIO DE AGRICULTURA,EMCV,,,0.0,https://indomet.gob.do/wp-content/uploads/2025/06/temperaturas-extremas-y-precipitaciones-2025x06x18-a.pdf
2025-06-18,049,OVIEDO,PEDERNALES,CLÍNICA RURAL OVIEDO,EMCO,32.2,,0.0,https://indomet.gob.do/wp-content/uploads/2025/06/temperaturas-extremas-y-precipitaciones-2025x06x18-a.pdf
2025-06-18,050,PADRE LAS CASAS,AZUA,HOSP. NTRA. SRA. DEL CARMEN,EMCO,33.0,20.0,0.0,https://indomet.gob.do/wp-content/uploads/2025/06/temperaturas-extremas-y-precipitaciones-2025x06x18-a.pdf
2025-06-18,051,PALO ÍNDIO,PUERTO PLATA,MINISTERIO DE AGRICULTURA,EMCO,,,0.0,https://indomet.gob.do/wp-content/uploads/2025/06/temperaturas-extremas-y-precipitaciones-2025x06x18-a.pdf
2025-06-18,052,PERALTA,AZUA,HOSP. MPAL. DE PERALTA,EMCO,33.3,19.0,0.0,https://indomet.gob.do/wp-content/uploads/2025/06/temperaturas-extremas-y-precipitaciones-2025x06x18-a.pdf
2025-06-18,053,PESCADERIA (EMA),BARAHONA,MINISTERIO DE AGRICULTURA,EMAP,32.9,24.1,0.0,https://indomet.gob.do/wp-content/uploads/2025/06/temperaturas-extremas-y-precipitaciones-2025x06x18-a.pdf
2025-06-18,054,PONTÓN ABAJO (EMA),LA VEGA,MINISTERIO DE AGRICULTURA,EMAP,33.8,24.6,0.0,https://indomet.gob.do/wp-content/uploads/2025/06/temperaturas-extremas-y-precipitaciones-2025x06x18-a.pdf
2025-06-18,055,PRESA DE TAVERAS (EMA),LA VEGA,PROGRAMA MUNDIAL DE ALIMENTO,EMAP,30.1,23.2,0.0,https://indomet.gob.do/wp-content/uploads/2025/06/temperaturas-extremas-y-precipitaciones-2025x06x18-a.pdf
2025-06-18,056,RESTAURACIÓN,DAJABÓN,MINISTERIO DE AGRICULTURA,EMCO,31.8,18.6,0.0,https://indomet.gob.do/wp-content/uploads/2025/06/temperaturas-extremas-y-precipitaciones-2025x06x18-a.pdf
2025-06-18,057,RÍO SAN JUAN,MARÍA TRINIDAD SÁNCHEZ,HOSP. MPAL. DR. DESIDERIO ACOSTA,EMCV,30.8,24.5,0.0,https://indomet.gob.do/wp-content/uploads/2025/06/temperaturas-extremas-y-precipitaciones-2025x06x18-a.pdf
2025-06-18,058,SABANA DE LA MAR,HATO MAYOR,ONAMET,EMCO,31.5,24.5,0.0,https://indomet.gob.do/wp-content/uploads/2025/06/temperaturas-extremas-y-precipitaciones-2025x06x18-a.pdf
2025-06-18,059,SABANA GRANDE DE BOYÁ,MONTE PLATA,MINISTERIO DE AGRICULTURA,EMCV,,,0.0,https://indomet.gob.do/wp-content/uploads/2025/06/temperaturas-extremas-y-precipitaciones-2025x06x18-a.pdf
2025-06-18,060,SABANETA (EMA),SANTIAGO RODRÍGUEZ,PROGRAMA MUNDIAL DE ALIMENTO,EMAP,35.2,22.8,0.0,https://indomet.gob.do/wp-content/uploads/2025/06/temperaturas-extremas-y-precipitaciones-2025x06x18-a.pdf
2025-06-18,061,SALCEDO,HERMANAS MIRABAL,PROPIEDAD DEL EMPLEADO,EMCO,,,0.0,https://indomet.gob.do/wp-content/uploads/2025/06/temperaturas-extremas-y-precipitaciones-2025x06x18-a.pdf
2025-06-18,062,SAN CRISTÓBAL,SAN CRISTÓBAL,INSTITUTO POLITÉCNICO LOYOLA,EMCO,32.0,23.0,0.0,https://indomet.gob.do/wp-content/uploads/2025/06/temperaturas-extremas-y-precipitaciones-2025x06x18-a.pdf
2025-06-18,063,SAN JOSÉ DE OCOA,SAN JOSÉ DE OCOA,HOSP. SAN JOSÉ DE OCOA,EMCO,31.2,,0.0,https://indomet.gob.do/wp-content/uploads/2025/06/temperaturas-extremas-y-precipitaciones-2025x06x18-a.pdf
2025-06-18,064,SAN RAFAEL DEL YUMA,LA ALTAGRACIA,MINISTERIO DE AGRICULTURA,EMCO,33.2,23.8,0.0,https://indomet.gob.do/wp-content/uploads/2025/06/temperaturas-extremas-y-precipitaciones-2025x06x18-a.pdf
2025-06-18,065,SÁNCHEZ,SAMANÁ,MINISTERIO DE AGRICULTURA,EMCO,33.6,24.9,0.0,https://indomet.gob.do/wp-content/uploads/2025/06/temperaturas-extremas-y-precipitaciones-2025x06x18-a.pdf
2025-06-18,066,SANTIAGO RODRÍGUEZ,SANTIAGO RODRÍGUEZ,ONAMET,EMCO,35.0,23.5,0.0,https://indomet.gob.do/wp-content/uploads/2025/06/temperaturas-extremas-y-precipitaciones-2025x06x18-a.pdf
2025-06-18,067,SANTO DOMINGO ESTE,SANTO DOMINGO,ONAMET,EMCO,31.1,25.4,0.0,https://indomet.gob.do/wp-content/uploads/2025/06/temperaturas-extremas-y-precipitaciones-2025x06x18-a.pdf
2025-06-18,068,TÁBARA ABAJO,AZUA,INDRHI,EMCO,34.0,21.3,0.0,https://indomet.gob.do/wp-content/uploads/2025/06/temperaturas-extremas-y-precipitaciones-2025x06x18-a.pdf
2025-06-18,069,TAMBORIL,SANTIAGO,MINISTERIO DE AGRICULTURA,EMCV,,,0.0,https://indomet.gob.do/wp-content/uploads/2025/06/temperaturas-extremas-y-precipitaciones-2025x06x18-a.pdf
2025-06-18,070,VILLA GONZALES,SANTIAGO,MINISTERIO DE AGRICULTURA,EMCO,,,0.0,https://indomet.gob.do/wp-content/uploads/2025/06/temperaturas-extremas-y-precipitaciones-2025x06x18-a.pdf
2025-06-18,071,VILLA ISABELA,PUERTO PLATA,MINISTERIO DE AGRICULTURA,EMCV,,,0.0,https://indomet.gob.do/wp-content/uploads/2025/06/temperaturas-extremas-y-precipitaciones-2025x06x18-a.pdf
2025-06-18,072,ALTO BANDERA (EMA),LA VEGA,INTEC,EMAP,17.8,9.6,0.0,https://indomet.gob.do/wp-content/uploads/2025/06/temperaturas-extremas-y-precipitaciones-2025x06x18-a.pdf
2025-06-19,001,ARPT. EL CATEY,SAMANÁ,ONAMET,EMCO,28.0,24.0,42.7,https://indomet.gob.do/wp-content/uploads/2025/06/temperaturas-extremas-y-precipitaciones-2025x06x19-a.pdf
2025-06-19,002,VILLA ALTAGRACIA,SAN CRISTÓBAL,ESCUELA JAVIER ANGULO GURIDI,EMCO,,,37.3,https://indomet.gob.do/wp-content/uploads/2025/06/temperaturas-extremas-y-precipitaciones-2025x06x19-a.pdf
2025-06-19,003,PERALTA,AZUA,HOSP. MPAL. DE PERALTA,EMCO,33.0,19.9,27.8,https://indomet.gob.do/wp-content/uploads/2025/06/temperaturas-extremas-y-precipitaciones-2025x06x19-a.pdf
2025-06-19,004,LOS LLANOS,SAN PEDRO DE MACORÍS,MINISTERIO DE AGRICULTURA,EMCO,33.8,23.0,16.2,https://indomet.gob.do/wp-content/uploads/2025/06/temperaturas-extremas-y-precipitaciones-2025x06x19-a.pdf
2025-06-19,005,BAYAGUANA,MONTE PLATA,ONAMET,EMCO,32.6,21.9,8.6,https://indomet.gob.do/wp-content/uploads/2025/06/temperaturas-extremas-y-precipitaciones-2025x06x19-a.pdf
2025-06-19,006,JUMA BEJUCAL,MONSEÑOR NOUEL,IDIAF,EMCV,32.4,22.6,5.2,https://indomet.gob.do/wp-content/uploads/2025/06/temperaturas-extremas-y-precipitaciones-2025x06x19-a.pdf
2025-06-19,007,SALCEDO,HERMANAS MIRABAL,PROPIEDAD DEL EMPLEADO,EMCO,,,4.3,https://indomet.gob.do/wp-content/uploads/2025/06/temperaturas-extremas-y-precipitaciones-2025x06x19-a.pdf
2025-06-19,008,BONAO,MONSEÑOR NOUEL,MINISTERIO DE AGRICULTURA,EMCV,,,3.6,https://indomet.gob.do/wp-content/uploads/2025/06/temperaturas-extremas-y-precipitaciones-2025x06x19-a.pdf
2025-06-19,009,BASE AÉREA DE SAN ISIDRO,SANTO DOMINGO,FUERZA AÉREA DOMINICANA,EMCV,32.0,25.0,3.0,https://indomet.gob.do/wp-content/uploads/2025/06/temperaturas-extremas-y-precipitaciones-2025x06x19-a.pdf
2025-06-19,010,JARABACOA,LA VEGA,INDRHI / MARENA,EMCO,32.0,19.2,2.7,https://indomet.gob.do/wp-content/uploads/2025/06/temperaturas-extremas-y-precipitaciones-2025x06x19-a.pdf
2025-06-19,011,HONDO VALLE,ELÍAS PIÑA,MINISTERIO DE AGRICULTURA,EMCO,26.8,18.2,2.6,https://indomet.gob.do/wp-content/uploads/2025/06/temperaturas-extremas-y-precipitaciones-2025x06x19-a.pdf
2025-06-19,012,RANCHO ARRIBA,SAN JOSÉ DE OCOA,CENTRO TECNOLÓGICO COMUNITARIO,EMCO,31.2,19.4,2.6,https://indomet.gob.do/wp-content/uploads/2025/06/temperaturas-extremas-y-precipitaciones-2025x06x19-a.pdf
2025-06-19,013,ANAMUYA (EMA),LA ALTAGRACIA,MINISTERIO DE AGRICULTURA,EMAP,32.3,24.4,1.4,https://indomet.gob.do/wp-content/uploads/2025/06/temperaturas-extremas-y-precipitaciones-2025x06x19-a.pdf
2025-06-19,014,VILLA RIVA,DUARTE,HOSP. MPAL. ALICIA DE LEGENDRE,EMCO,31.5,23.0,1.3,https://indomet.gob.do/wp-content/uploads/2025/06/temperaturas-extremas-y-precipitaciones-2025x06x19-a.pdf
2025-06-19,015,PALO ÍNDIO,PUERTO PLATA,MINISTERIO DE AGRICULTURA,EMCO,,,1.3,https://indomet.gob.do/wp-content/uploads/2025/06/temperaturas-extremas-y-precipitaciones-2025x06x19-a.pdf
2025-06-19,016,POLO,BARAHONA,INDOCAFE,EMCO,,,1.2,https://indomet.gob.do/wp-content/uploads/2025/06/temperaturas-extremas-y-precipitaciones-2025x06x19-a.pdf
2025-06-19,017,SAN JOSÉ DE OCOA,SAN JOSÉ DE OCOA,HOSP. SAN JOSÉ DE OCOA,EMCO,33.8,,0.8,https://indomet.gob.do/wp-content/uploads/2025/06/temperaturas-extremas-y-precipitaciones-2025x06x19-a.pdf
2025-06-19,018,SAN RAFAEL DEL YUMA,LA ALTAGRACIA,MINISTERIO DE AGRICULTURA,EMCO,33.4,24.3,0.8,https://indomet.gob.do/wp-content/uploads/2025/06/temperaturas-extremas-y-precipitaciones-2025x06x19-a.pdf
2025-06-19,019,RÍO SAN JUAN,MARÍA TRINIDAD SÁNCHEZ,HOSP. MPAL. DR. DESIDERIO ACOSTA,EMCV,33.1,24.4,0.8,https://indomet.gob.do/wp-content/uploads/2025/06/temperaturas-extremas-y-precipitaciones-2025x06x19-a.pdf
2025-06-19,020,SABANA DE LA MAR,HATO MAYOR,ONAMET,EMCO,31.0,23.5,0.5,https://indomet.gob.do/wp-content/uploads/2025/06/temperaturas-extremas-y-precipitaciones-2025x06x19-a.pdf
2025-06-19,021,LA VICTORIA,SANTO DOMINGO,CUERPO DE BOMBEROS,EMCO,34.0,23.8,0.3,https://indomet.gob.do/wp-content/uploads/2025/06/temperaturas-extremas-y-precipitaciones-2025x06x19-a.pdf
2025-06-19,022,ARPT. DEL CIBAO,SANTIAGO,ONAMET,EMCO,33.2,23.5,0.2,https://indomet.gob.do/wp-content/uploads/2025/06/temperaturas-extremas-y-precipitaciones-2025x06x19-a.pdf
2025-06-19,023,CONSTANZA,LA VEGA,MINISTERIO DE AGRICULTURA,EMCO,26.4,17.8,0.2,https://indomet.gob.do/wp-content/uploads/2025/06/temperaturas-extremas-y-precipitaciones-2025x06x19-a.pdf
2025-06-19,024,SAMANÁ,SAMANÁ,COMANDANCIA DE PUERTO DE SAMANÁ,EMCO,32.8,25.6,0.2,https://indomet.gob.do/wp-content/uploads/2025/06/temperaturas-extremas-y-precipitaciones-2025x06x19-a.pdf
2025-06-19,025,ARPT. DE PUNTA CANA,LA ALTAGRACIA,ONAMET,EMCO,32.0,25.3,0.1,https://indomet.gob.do/wp-content/uploads/2025/06/temperaturas-extremas-y-precipitaciones-2025x06x19-a.pdf
2025-06-19,026,ARPT. GREGORIO LUPERÓN,PUERTO PLATA,ONAMET,EMCO,32.0,23.0,0.1,https://indomet.gob.do/wp-content/uploads/2025/06/temperaturas-extremas-y-precipitaciones-2025x06x19-a.pdf
2025-06-19,027,ALTAMIRA,PUERTO PLATA,HOSP. MPAL. DE ALTAMIRA,EMCO,32.8,21.2,0.0,https://indomet.gob.do/wp-content/uploads/2025/06/temperaturas-extremas-y-precipitaciones-2025x06x19-a.pdf
2025-06-19,028,ALTO BANDERA (EMA),LA VEGA,INTEC,EMAP,19.9,7.4,0.0,https://indomet.gob.do/wp-content/uploads/2025/06/temperaturas-extremas-y-precipitaciones-2025x06x19-a.pdf
2025-06-19,029,ARPT. ARROYO BARRIL,SAMANÁ,ONAMET,EMCO,32.0,24.5,0.0,https://indomet.gob.do/wp-content/uploads/2025/06/temperaturas-extremas-y-precipitaciones-2025x06x19-a.pdf
2025-06-19,030,ARPT. DE LA ROMANA,LA ROMANA,ONAMET,EMCO,32.3,23.7,0.0,https://indomet.gob.do/wp-content/uploads/2025/06/temperaturas-extremas-y-precipitaciones-2025x06x19-a.pdf
2025-06-19,031,ARPT. DE LAS AMÉRICAS,SANTO DOMINGO,ONAMET,EMCO,32.3,23.4,0.0,https://indomet.gob.do/wp-content/uploads/2025/06/temperaturas-extremas-y-precipitaciones-2025x06x19-a.pdf
2025-06-19,032,ARPT. LA ISABELA,SANTO DOMINGO,ONAMET,EMCO,33.4,23.0,0.0,https://indomet.gob.do/wp-content/uploads/2025/06/temperaturas-extremas-y-precipitaciones-2025x06x19-a.pdf
2025-06-19,033,ARPT. MARÍA MONTEZ,BARAHONA,ONAMET,EMCO,33.2,24.7,0.0,https://indomet.gob.do/wp-content/uploads/2025/06/temperaturas-extremas-y-precipitaciones-2025x06x19-a.pdf
2025-06-19,034,ARROYO LORO,SAN JUAN,IDIAF,EMCO,33.0,20.5,0.0,https://indomet.gob.do/wp-content/uploads/2025/06/temperaturas-extremas-y-precipitaciones-2025x06x19-a.pdf
2025-06-19,035,BOCA DE MAO (EMA),VALVERDE,MINISTERIO DE AGRICULTURA,EMAP,35.9,24.4,0.0,https://indomet.gob.do/wp-content/uploads/2025/06/temperaturas-extremas-y-precipitaciones-2025x06x19-a.pdf
2025-06-19,036,CABRAL,BARAHONA,MINISTERIO DE AGRICULTURA,EMCV,34.3,26.5,0.0,https://indomet.gob.do/wp-content/uploads/2025/06/temperaturas-extremas-y-precipitaciones-2025x06x19-a.pdf
2025-06-19,037,CABRERA,MARÍA TRINIDAD SÁNCHEZ,ESCUELA ARÍSTIDES FIALLO CABRAL,EMCO,31.8,25.8,0.0,https://indomet.gob.do/wp-content/uploads/2025/06/temperaturas-extremas-y-precipitaciones-2025x06x19-a.pdf
2025-06-19,038,CENTRO DE LOS HEROES (EMA),DISTRITO NACIONAL,MINISTERIO DE ENERGIA Y MINA,EMAP,31.9,26.1,0.0,https://indomet.gob.do/wp-content/uploads/2025/06/temperaturas-extremas-y-precipitaciones-2025x06x19-a.pdf
2025-06-19,039,CONSTANZA (EMA),LA VEGA,PROGRAMA MUNDIAL DE ALIMENTO,EMAP,25.4,17.9,0.0,https://indomet.gob.do/wp-content/uploads/2025/06/temperaturas-extremas-y-precipitaciones-2025x06x19-a.pdf
2025-06-19,040,DAJABÓN,DAJABÓN,INSTITUTO POLITÉCNICO LOYOLA,EMCO,34.0,24.2,0.0,https://indomet.gob.do/wp-content/uploads/2025/06/temperaturas-extremas-y-precipitaciones-2025x06x19-a.pdf
2025-06-19,041,EL CERCADO,SAN JUAN,MINISTERIO DE AGRICULTURA,EMCV,,,0.0,https://indomet.gob.do/wp-content/uploads/2025/06/temperaturas-extremas-y-precipitaciones-2025x06x19-a.pdf
2025-06-19,042,EL FACTOR (EMA),MARÍA TRINIDAD SÁNCHEZ,INTEC,EMAP,31.8,23.3,0.0,https://indomet.gob.do/wp-content/uploads/2025/06/temperaturas-extremas-y-precipitaciones-2025x06x19-a.pdf
2025-06-19,043,ELÍAS PIÑA,ELÍAS PIÑA,MINISTERIO DE AGRICULTURA,EMCV,,,0.0,https://indomet.gob.do/wp-content/uploads/2025/06/temperaturas-extremas-y-precipitaciones-2025x06x19-a.pdf
2025-06-19,044,ENRIQUILLO,BARAHONA,MINISTERIO DE AGRICULTURA,EMCV,32.0,26.0,0.0,https://indomet.gob.do/wp-content/uploads/2025/06/temperaturas-extremas-y-precipitaciones-2025x06x19-a.pdf
2025-06-19,045,ESCONDIDO,PERAVIA,MINISTERIO DE AGRICULTURA,EMCV,33.0,24.0,0.0,https://indomet.gob.do/wp-content/uploads/2025/06/temperaturas-extremas-y-precipitaciones-2025x06x19-a.pdf
2025-06-19,046,GASPAR HERNÁNDEZ,ESPAILLAT,PROPIEDAD DEL EMPLEADO,EMCO,,,0.0,https://indomet.gob.do/wp-content/uploads/2025/06/temperaturas-extremas-y-precipitaciones-2025x06x19-a.pdf
2025-06-19,047,GURABO,SANTIAGO,MINISTERIO DE AGRICULTURA,EMCV,,,0.0,https://indomet.gob.do/wp-content/uploads/2025/06/temperaturas-extremas-y-precipitaciones-2025x06x19-a.pdf
2025-06-19,048,HATO MAYOR,HATO MAYOR,MINISTERIO DE AGRICULTURA,EMCV,,,0.0,https://indomet.gob.do/wp-content/uploads/2025/06/temperaturas-extremas-y-precipitaciones-2025x06x19-a.pdf
2025-06-19,049,JARABACOA (EMA),LA VEGA,PROGRAMA MUNDIAL DE ALIMENTO,EMAP,31.4,19.4,0.0,https://indomet.gob.do/wp-content/uploads/2025/06/temperaturas-extremas-y-precipitaciones-2025x06x19-a.pdf
2025-06-19,050,JARDÍN BOTÁNICO NACIONAL,DISTRITO NACIONAL,JARDÍN BOTÁNICO NACIONAL,EMCV,32.3,22.5,0.0,https://indomet.gob.do/wp-content/uploads/2025/06/temperaturas-extremas-y-precipitaciones-2025x06x19-a.pdf
2025-06-19,051,JIMANÍ,INDEPENDENCIA,MINISTERIO DE AGRICULTURA,EMCO,26.4,25.5,0.0,https://indomet.gob.do/wp-content/uploads/2025/06/temperaturas-extremas-y-precipitaciones-2025x06x19-a.pdf
2025-06-19,052,LA GUAYIGA (EMA),SAN CRISTÓBAL,PRIVADA,EMAP,,,0.0,https://indomet.gob.do/wp-content/uploads/2025/06/temperaturas-extremas-y-precipitaciones-2025x06x19-a.pdf
2025-06-19,053,LA VEGA,LA VEGA,IATESA,EMCO,31.0,23.5,0.0,https://indomet.gob.do/wp-content/uploads/2025/06/temperaturas-extremas-y-precipitaciones-2025x06x19-a.pdf
2025-06-19,054,LAS CANAS (EMA),MONTE CRISTI,PROGRAMA MUNDIAL DE ALIMENTO,EMAP,30.4,23.6,0.0,https://indomet.gob.do/wp-content/uploads/2025/06/temperaturas-extremas-y-precipitaciones-2025x06x19-a.pdf
2025-06-19,055,LAS MATAS DE SANTA CRUZ (EMA,MONTE CRISTI,PROGRAMA MUNDIAL DE ALIMENTO,EMAP,34.4,24.8,0.0,https://indomet.gob.do/wp-content/uploads/2025/06/temperaturas-extremas-y-precipitaciones-2025x06x19-a.pdf
2025-06-19,056,MAO,VALVERDE,INDRHI / MINISTERIO DE AGRICULTURA,EMCV,,,0.0,https://indomet.gob.do/wp-content/uploads/2025/06/temperaturas-extremas-y-precipitaciones-2025x06x19-a.pdf
2025-06-19,057,MONCIÓN (EMA),SANTIAGO RODRÍGUEZ,PROGRAMA MUNDIAL DE ALIMENTO,EMAP,32.3,20.6,0.0,https://indomet.gob.do/wp-content/uploads/2025/06/temperaturas-extremas-y-precipitaciones-2025x06x19-a.pdf
2025-06-19,058,MONTE CRISTI,MONTE CRISTI,ONAMET,EMCO,34.5,25.4,0.0,https://indomet.gob.do/wp-content/uploads/2025/06/temperaturas-extremas-y-precipitaciones-2025x06x19-a.pdf
2025-06-19,059,NAVARRETE,SANTIAGO,MINISTERIO DE AGRICULTURA,EMCV,,,0.0,https://indomet.gob.do/wp-content/uploads/2025/06/temperaturas-extremas-y-precipitaciones-2025x06x19-a.pdf
2025-06-19,060,OLIVARES,PEDERNALES,INDRHI,EMCO,,,0.0,https://indomet.gob.do/wp-content/uploads/2025/06/temperaturas-extremas-y-precipitaciones-2025x06x19-a.pdf
2025-06-19,061,OVIEDO,PEDERNALES,CLÍNICA RURAL OVIEDO,EMCO,33.0,26.3,0.0,https://indomet.gob.do/wp-content/uploads/2025/06/temperaturas-extremas-y-precipitaciones-2025x06x19-a.pdf
2025-06-19,062,PADRE LAS CASAS,AZUA,HOSP. NTRA. SRA. DEL CARMEN,EMCO,32.9,20.3,0.0,https://indomet.gob.do/wp-content/uploads/2025/06/temperaturas-extremas-y-precipitaciones-2025x06x19-a.pdf
2025-06-19,063,PEDERNALES,PEDERNALES,INDRHI,EMCO,,,0.0,https://indomet.gob.do/wp-content/uploads/2025/06/temperaturas-extremas-y-precipitaciones-2025x06x19-a.pdf
2025-06-19,064,PESCADERIA (EMA),BARAHONA,MINISTERIO DE AGRICULTURA,EMAP,33.7,26.7,0.0,https://indomet.gob.do/wp-content/uploads/2025/06/temperaturas-extremas-y-precipitaciones-2025x06x19-a.pdf
2025-06-19,065,PONTÓN ABAJO (EMA),LA VEGA,MINISTERIO DE AGRICULTURA,EMAP,33.8,24.0,0.0,https://indomet.gob.do/wp-content/uploads/2025/06/temperaturas-extremas-y-precipitaciones-2025x06x19-a.pdf
2025-06-19,066,PRESA DE TAVERAS (EMA),LA VEGA,PROGRAMA MUNDIAL DE ALIMENTO,EMAP,31.4,22.3,0.0,https://indomet.gob.do/wp-content/uploads/2025/06/temperaturas-extremas-y-precipitaciones-2025x06x19-a.pdf
2025-06-19,067,RESTAURACIÓN,DAJABÓN,MINISTERIO DE AGRICULTURA,EMCO,33.9,23.6,0.0,https://indomet.gob.do/wp-content/uploads/2025/06/temperaturas-extremas-y-precipitaciones-2025x06x19-a.pdf
2025-06-19,068,SABANETA (EMA),SANTIAGO RODRÍGUEZ,PROGRAMA MUNDIAL DE ALIMENTO,EMAP,36.2,23.4,0.0,https://indomet.gob.do/wp-content/uploads/2025/06/temperaturas-extremas-y-precipitaciones-2025x06x19-a.pdf
2025-06-19,069,SAN CRISTÓBAL,SAN CRISTÓBAL,INSTITUTO POLITÉCNICO LOYOLA,EMCO,32.4,22.8,0.0,https://indomet.gob.do/wp-content/uploads/2025/06/temperaturas-extremas-y-precipitaciones-2025x06x19-a.pdf
2025-06-19,070,SAN FRANCISCO DE MACORÍS,DUARTE,San Francisco de Macorís (UASD),EMCO,31.9,21.8,0.0,https://indomet.gob.do/wp-content/uploads/2025/06/temperaturas-extremas-y-precipitaciones-2025x06x19-a.pdf
2025-06-19,071,SÁNCHEZ,SAMANÁ,MINISTERIO DE AGRICULTURA,EMCO,33.8,24.7,0.0,https://indomet.gob.do/wp-content/uploads/2025/06/temperaturas-extremas-y-precipitaciones-2025x06x19-a.pdf
2025-06-19,072,SANTIAGO RODRÍGUEZ,SANTIAGO RODRÍGUEZ,ONAMET,EMCO,36.2,24.0,0.0,https://indomet.gob.do/wp-content/uploads/2025/06/temperaturas-extremas-y-precipitaciones-2025x06x19-a.pdf
2025-06-19,073,SANTO DOMINGO ESTE,SANTO DOMINGO,ONAMET,EMCO,32.2,25.4,0.0,https://indomet.gob.do/wp-content/uploads/2025/06/temperaturas-extremas-y-precipitaciones-2025x06x19-a.pdf
2025-06-19,074,TÁBARA ABAJO,AZUA,INDRHI,EMCO,33.9,23.6,0.0,https://indomet.gob.do/wp-content/uploads/2025/06/temperaturas-extremas-y-precipitaciones-2025x06x19-a.pdf
2025-06-19,075,VILLA GONZALES,SANTIAGO,MINISTERIO DE AGRICULTURA,EMCO,,,0.0,https://indomet.gob.do/wp-content/uploads/2025/06/temperaturas-extremas-y-precipitaciones-2025x06x19-a.pdf
2025-06-19,076,VILLA ISABELA,PUERTO PLATA,MINISTERIO DE AGRICULTURA,EMCV,,,0.0,https://indomet.gob.do/wp-content/uploads/2025/06/temperaturas-extremas-y-precipitaciones-2025x06x19-a.pdf
2025-06-19,077,LOS TRES CHARCOS (EMA),PEDERNALES,PROPIEDAD DEL VOLUNTARIO,EMAP,31.9,25.7,,https://indomet.gob.do/wp-content/uploads/2025/06/temperaturas-extremas-y-precipitaciones-2025x06x19-a.pdf
2025-06-20,001,ARPT. ARROYO BARRIL,SAMANÁ,ONAMET,EMCO,32.0,24.0,25.2,https://indomet.gob.do/wp-content/uploads/2025/06/temperaturas-extremas-y-precipitaciones-2025x06x20-a.pdf
2025-06-20,002,VILLA ALTAGRACIA,SAN CRISTÓBAL,ESCUELA JAVIER ANGULO GURIDI,EMCO,,,17.2,https://indomet.gob.do/wp-content/uploads/2025/06/temperaturas-extremas-y-precipitaciones-2025x06x20-a.pdf
2025-06-20,003,SÁNCHEZ,SAMANÁ,MINISTERIO DE AGRICULTURA,EMCO,32.7,23.3,16.0,https://indomet.gob.do/wp-content/uploads/2025/06/temperaturas-extremas-y-precipitaciones-2025x06x20-a.pdf
2025-06-20,004,ARPT. LA ISABELA,SANTO DOMINGO,ONAMET,EMCO,32.3,22.5,13.1,https://indomet.gob.do/wp-content/uploads/2025/06/temperaturas-extremas-y-precipitaciones-2025x06x20-a.pdf
2025-06-20,005,SABANA GRANDE DE BOYÁ,MONTE PLATA,MINISTERIO DE AGRICULTURA,EMCV,,,8.9,https://indomet.gob.do/wp-content/uploads/2025/06/temperaturas-extremas-y-precipitaciones-2025x06x20-a.pdf
2025-06-20,006,POLO,BARAHONA,INDOCAFE,EMCO,29.5,16.0,8.6,https://indomet.gob.do/wp-content/uploads/2025/06/temperaturas-extremas-y-precipitaciones-2025x06x20-a.pdf
2025-06-20,007,SALCEDO,HERMANAS MIRABAL,PROPIEDAD DEL EMPLEADO,EMCO,,,8.0,https://indomet.gob.do/wp-content/uploads/2025/06/temperaturas-extremas-y-precipitaciones-2025x06x20-a.pdf
2025-06-20,008,ELÍAS PIÑA,ELÍAS PIÑA,MINISTERIO DE AGRICULTURA,EMCV,,,7.0,https://indomet.gob.do/wp-content/uploads/2025/06/temperaturas-extremas-y-precipitaciones-2025x06x20-a.pdf
2025-06-20,009,PADRE LAS CASAS,AZUA,HOSP. NTRA. SRA. DEL CARMEN,EMCO,33.5,22.0,6.6,https://indomet.gob.do/wp-content/uploads/2025/06/temperaturas-extremas-y-precipitaciones-2025x06x20-a.pdf
2025-06-20,010,ENRIQUILLO,BARAHONA,MINISTERIO DE AGRICULTURA,EMCV,33.0,,5.8,https://indomet.gob.do/wp-content/uploads/2025/06/temperaturas-extremas-y-precipitaciones-2025x06x20-a.pdf
2025-06-20,011,SAMANÁ,SAMANÁ,COMANDANCIA DE PUERTO DE SAMANÁ,EMCO,32.5,24.5,5.6,https://indomet.gob.do/wp-content/uploads/2025/06/temperaturas-extremas-y-precipitaciones-2025x06x20-a.pdf
2025-06-20,012,ARPT. EL CATEY,SAMANÁ,ONAMET,EMCO,31.4,23.2,4.1,https://indomet.gob.do/wp-content/uploads/2025/06/temperaturas-extremas-y-precipitaciones-2025x06x20-a.pdf
2025-06-20,013,HATO MAYOR,HATO MAYOR,MINISTERIO DE AGRICULTURA,EMCV,,,4.1,https://indomet.gob.do/wp-content/uploads/2025/06/temperaturas-extremas-y-precipitaciones-2025x06x20-a.pdf
2025-06-20,014,ARPT. DE PUNTA CANA,LA ALTAGRACIA,ONAMET,EMCO,30.2,25.0,2.2,https://indomet.gob.do/wp-content/uploads/2025/06/temperaturas-extremas-y-precipitaciones-2025x06x20-a.pdf
2025-06-20,015,OVIEDO,PEDERNALES,CLÍNICA RURAL OVIEDO,EMCO,33.0,,1.6,https://indomet.gob.do/wp-content/uploads/2025/06/temperaturas-extremas-y-precipitaciones-2025x06x20-a.pdf
2025-06-20,016,EL FACTOR (EMA),MARÍA TRINIDAD SÁNCHEZ,INTEC,EMAP,32.6,24.1,1.3,https://indomet.gob.do/wp-content/uploads/2025/06/temperaturas-extremas-y-precipitaciones-2025x06x20-a.pdf
2025-06-20,017,VILLA RIVA,DUARTE,HOSP. MPAL. ALICIA DE LEGENDRE,EMCO,32.7,23.8,1.0,https://indomet.gob.do/wp-content/uploads/2025/06/temperaturas-extremas-y-precipitaciones-2025x06x20-a.pdf
2025-06-20,018,BANI (EMA),PERAVIA,MINISTERIO DE AGRICULTURA,EMAP,30.8,25.3,0.8,https://indomet.gob.do/wp-content/uploads/2025/06/temperaturas-extremas-y-precipitaciones-2025x06x20-a.pdf
2025-06-20,019,ESCONDIDO,PERAVIA,MINISTERIO DE AGRICULTURA,EMCV,31.0,24.0,0.8,https://indomet.gob.do/wp-content/uploads/2025/06/temperaturas-extremas-y-precipitaciones-2025x06x20-a.pdf
2025-06-20,020,ARPT. DEL CIBAO,SANTIAGO,ONAMET,EMCO,33.6,23.1,0.4,https://indomet.gob.do/wp-content/uploads/2025/06/temperaturas-extremas-y-precipitaciones-2025x06x20-a.pdf
2025-06-20,021,CABRERA,MARÍA TRINIDAD SÁNCHEZ,ESCUELA ARÍSTIDES FIALLO CABRAL,EMCO,33.3,27.0,0.4,https://indomet.gob.do/wp-content/uploads/2025/06/temperaturas-extremas-y-precipitaciones-2025x06x20-a.pdf
2025-06-20,022,SAN RAFAEL DEL YUMA,LA ALTAGRACIA,MINISTERIO DE AGRICULTURA,EMCO,33.3,24.0,0.4,https://indomet.gob.do/wp-content/uploads/2025/06/temperaturas-extremas-y-precipitaciones-2025x06x20-a.pdf
2025-06-20,023,LA VICTORIA,SANTO DOMINGO,CUERPO DE BOMBEROS,EMCO,34.0,23.9,0.3,https://indomet.gob.do/wp-content/uploads/2025/06/temperaturas-extremas-y-precipitaciones-2025x06x20-a.pdf
2025-06-20,024,ARROYO LORO,SAN JUAN,IDIAF,EMCO,33.5,22.6,0.1,https://indomet.gob.do/wp-content/uploads/2025/06/temperaturas-extremas-y-precipitaciones-2025x06x20-a.pdf
2025-06-20,025,BAYAGUANA,MONTE PLATA,ONAMET,EMCO,32.4,22.6,0.1,https://indomet.gob.do/wp-content/uploads/2025/06/temperaturas-extremas-y-precipitaciones-2025x06x20-a.pdf
2025-06-20,026,CABRAL,BARAHONA,MINISTERIO DE AGRICULTURA,EMCV,35.4,27.0,0.1,https://indomet.gob.do/wp-content/uploads/2025/06/temperaturas-extremas-y-precipitaciones-2025x06x20-a.pdf
2025-06-20,027,RANCHO ARRIBA,SAN JOSÉ DE OCOA,CENTRO TECNOLÓGICO COMUNITARIO,EMCO,30.3,20.3,0.1,https://indomet.gob.do/wp-content/uploads/2025/06/temperaturas-extremas-y-precipitaciones-2025x06x20-a.pdf
2025-06-20,028,SANTO DOMINGO ESTE,SANTO DOMINGO,ONAMET,EMCO,31.4,25.5,0.1,https://indomet.gob.do/wp-content/uploads/2025/06/temperaturas-extremas-y-precipitaciones-2025x06x20-a.pdf
2025-06-20,029,ALTAMIRA,PUERTO PLATA,HOSP. MPAL. DE ALTAMIRA,EMCO,35.6,22.2,0.0,https://indomet.gob.do/wp-content/uploads/2025/06/temperaturas-extremas-y-precipitaciones-2025x06x20-a.pdf
2025-06-20,030,ANAMUYA (EMA),LA ALTAGRACIA,MINISTERIO DE AGRICULTURA,EMAP,31.9,24.4,0.0,https://indomet.gob.do/wp-content/uploads/2025/06/temperaturas-extremas-y-precipitaciones-2025x06x20-a.pdf
2025-06-20,031,ARPT. DE LA ROMANA,LA ROMANA,ONAMET,EMCO,31.8,24.4,0.0,https://indomet.gob.do/wp-content/uploads/2025/06/temperaturas-extremas-y-precipitaciones-2025x06x20-a.pdf
2025-06-20,032,ARPT. DE LAS AMÉRICAS,SANTO DOMINGO,ONAMET,EMCO,32.5,23.4,0.0,https://indomet.gob.do/wp-content/uploads/2025/06/temperaturas-extremas-y-precipitaciones-2025x06x20-a.pdf
2025-06-20,033,ARPT. GREGORIO LUPERÓN,PUERTO PLATA,ONAMET,EMCO,32.8,23.0,0.0,https://indomet.gob.do/wp-content/uploads/2025/06/temperaturas-extremas-y-precipitaciones-2025x06x20-a.pdf
2025-06-20,034,ARPT. MARÍA MONTEZ,BARAHONA,ONAMET,EMCO,33.5,26.0,0.0,https://indomet.gob.do/wp-content/uploads/2025/06/temperaturas-extremas-y-precipitaciones-2025x06x20-a.pdf
2025-06-20,035,BOCA DE MAO (EMA),VALVERDE,MINISTERIO DE AGRICULTURA,EMAP,36.6,24.9,0.0,https://indomet.gob.do/wp-content/uploads/2025/06/temperaturas-extremas-y-precipitaciones-2025x06x20-a.pdf
2025-06-20,036,BONAO,MONSEÑOR NOUEL,MINISTERIO DE AGRICULTURA,EMCV,,,0.0,https://indomet.gob.do/wp-content/uploads/2025/06/temperaturas-extremas-y-precipitaciones-2025x06x20-a.pdf
2025-06-20,037,CENTRO DE LOS HEROES (EMA),DISTRITO NACIONAL,MINISTERIO DE ENERGIA Y MINA,EMAP,31.2,26.6,0.0,https://indomet.gob.do/wp-content/uploads/2025/06/temperaturas-extremas-y-precipitaciones-2025x06x20-a.pdf
2025-06-20,038,CONSTANZA,LA VEGA,MINISTERIO DE AGRICULTURA,EMCO,27.2,16.8,0.0,https://indomet.gob.do/wp-content/uploads/2025/06/temperaturas-extremas-y-precipitaciones-2025x06x20-a.pdf
2025-06-20,039,CONSTANZA (EMA),LA VEGA,PROGRAMA MUNDIAL DE ALIMENTO,EMAP,26.3,16.8,0.0,https://indomet.gob.do/wp-content/uploads/2025/06/temperaturas-extremas-y-precipitaciones-2025x06x20-a.pdf
2025-06-20,040,DAJABÓN,DAJABÓN,INSTITUTO POLITÉCNICO LOYOLA,EMCO,36.7,23.0,0.0,https://indomet.gob.do/wp-content/uploads/2025/06/temperaturas-extremas-y-precipitaciones-2025x06x20-a.pdf
2025-06-20,041,GASPAR HERNÁNDEZ,ESPAILLAT,PROPIEDAD DEL EMPLEADO,EMCO,,,0.0,https://indomet.gob.do/wp-content/uploads/2025/06/temperaturas-extremas-y-precipitaciones-2025x06x20-a.pdf
2025-06-20,042,GURABO,SANTIAGO,MINISTERIO DE AGRICULTURA,EMCV,,,0.0,https://indomet.gob.do/wp-content/uploads/2025/06/temperaturas-extremas-y-precipitaciones-2025x06x20-a.pdf
2025-06-20,043,HONDO VALLE,ELÍAS PIÑA,MINISTERIO DE AGRICULTURA,EMCO,26.5,17.7,0.0,https://indomet.gob.do/wp-content/uploads/2025/06/temperaturas-extremas-y-precipitaciones-2025x06x20-a.pdf
2025-06-20,044,JARABACOA,LA VEGA,INDRHI / MARENA,EMCO,30.2,19.6,0.0,https://indomet.gob.do/wp-content/uploads/2025/06/temperaturas-extremas-y-precipitaciones-2025x06x20-a.pdf
2025-06-20,045,JARABACOA (EMA),LA VEGA,PROGRAMA MUNDIAL DE ALIMENTO,EMAP,30.3,20.3,0.0,https://indomet.gob.do/wp-content/uploads/2025/06/temperaturas-extremas-y-precipitaciones-2025x06x20-a.pdf
2025-06-20,046,JIMANÍ,INDEPENDENCIA,MINISTERIO DE AGRICULTURA,EMCO,37.0,26.6,0.0,https://indomet.gob.do/wp-content/uploads/2025/06/temperaturas-extremas-y-precipitaciones-2025x06x20-a.pdf
2025-06-20,047,JUMA BEJUCAL,MONSEÑOR NOUEL,IDIAF,EMCV,32.2,21.6,0.0,https://indomet.gob.do/wp-content/uploads/2025/06/temperaturas-extremas-y-precipitaciones-2025x06x20-a.pdf
2025-06-20,048,LA VEGA,LA VEGA,IATESA,EMCO,33.2,23.8,0.0,https://indomet.gob.do/wp-content/uploads/2025/06/temperaturas-extremas-y-precipitaciones-2025x06x20-a.pdf
2025-06-20,049,LAS CANAS (EMA),MONTE CRISTI,PROGRAMA MUNDIAL DE ALIMENTO,EMAP,32.0,24.8,0.0,https://indomet.gob.do/wp-content/uploads/2025/06/temperaturas-extremas-y-precipitaciones-2025x06x20-a.pdf
2025-06-20,050,LAS MATAS DE FARFÁN,SAN JUAN,MINISTERIO DE AGRICULTURA,EMCV,,,0.0,https://indomet.gob.do/wp-content/uploads/2025/06/temperaturas-extremas-y-precipitaciones-2025x06x20-a.pdf
2025-06-20,051,LAS MATAS DE SANTA CRUZ (EMA,MONTE CRISTI,PROGRAMA MUNDIAL DE ALIMENTO,EMAP,35.9,25.9,0.0,https://indomet.gob.do/wp-content/uploads/2025/06/temperaturas-extremas-y-precipitaciones-2025x06x20-a.pdf
2025-06-20,052,LOS LLANOS,SAN PEDRO DE MACORÍS,MINISTERIO DE AGRICULTURA,EMCO,32.2,23.5,0.0,https://indomet.gob.do/wp-content/uploads/2025/06/temperaturas-extremas-y-precipitaciones-2025x06x20-a.pdf
2025-06-20,053,LOS TRES CHARCOS (EMA),PEDERNALES,PROPIEDAD DEL VOLUNTARIO,EMAP,29.7,25.9,0.0,https://indomet.gob.do/wp-content/uploads/2025/06/temperaturas-extremas-y-precipitaciones-2025x06x20-a.pdf
2025-06-20,054,MAO,VALVERDE,INDRHI / MINISTERIO DE AGRICULTURA,EMCV,,,0.0,https://indomet.gob.do/wp-content/uploads/2025/06/temperaturas-extremas-y-precipitaciones-2025x06x20-a.pdf
2025-06-20,055,MONCIÓN (EMA),SANTIAGO RODRÍGUEZ,PROGRAMA MUNDIAL DE ALIMENTO,EMAP,33.3,22.4,0.0,https://indomet.gob.do/wp-content/uploads/2025/06/temperaturas-extremas-y-precipitaciones-2025x06x20-a.pdf
2025-06-20,056,MONTE CRISTI,MONTE CRISTI,ONAMET,EMCO,34.4,25.5,0.0,https://indomet.gob.do/wp-content/uploads/2025/06/temperaturas-extremas-y-precipitaciones-2025x06x20-a.pdf
2025-06-20,057,OLIVARES,PEDERNALES,INDRHI,EMCO,,,0.0,https://indomet.gob.do/wp-content/uploads/2025/06/temperaturas-extremas-y-precipitaciones-2025x06x20-a.pdf
2025-06-20,058,PEDERNALES,PEDERNALES,INDRHI,EMCO,,,0.0,https://indomet.gob.do/wp-content/uploads/2025/06/temperaturas-extremas-y-precipitaciones-2025x06x20-a.pdf
2025-06-20,059,PERALTA,AZUA,HOSP. MPAL. DE PERALTA,EMCO,31.6,18.8,0.0,https://indomet.gob.do/wp-content/uploads/2025/06/temperaturas-extremas-y-precipitaciones-2025x06x20-a.pdf
2025-06-20,060,PESCADERIA (EMA),BARAHONA,MINISTERIO DE AGRICULTURA,EMAP,34.3,27.1,0.0,https://indomet.gob.do/wp-content/uploads/2025/06/temperaturas-extremas-y-precipitaciones-2025x06x20-a.pdf
2025-06-20,061,PONTÓN ABAJO (EMA),LA VEGA,MINISTERIO DE AGRICULTURA,EMAP,33.8,24.3,0.0,https://indomet.gob.do/wp-content/uploads/2025/06/temperaturas-extremas-y-precipitaciones-2025x06x20-a.pdf
2025-06-20,062,PRESA DE TAVERAS (EMA),LA VEGA,PROGRAMA MUNDIAL DE ALIMENTO,EMAP,31.3,22.6,0.0,https://indomet.gob.do/wp-content/uploads/2025/06/temperaturas-extremas-y-precipitaciones-2025x06x20-a.pdf
2025-06-20,063,RESTAURACIÓN,DAJABÓN,MINISTERIO DE AGRICULTURA,EMCO,31.4,19.3,0.0,https://indomet.gob.do/wp-content/uploads/2025/06/temperaturas-extremas-y-precipitaciones-2025x06x20-a.pdf
2025-06-20,064,RÍO SAN JUAN,MARÍA TRINIDAD SÁNCHEZ,HOSP. MPAL. DR. DESIDERIO ACOSTA,EMCV,33.3,25.0,0.0,https://indomet.gob.do/wp-content/uploads/2025/06/temperaturas-extremas-y-precipitaciones-2025x06x20-a.pdf
2025-06-20,065,SABANA DE LA MAR,HATO MAYOR,ONAMET,EMCO,31.0,23.5,0.0,https://indomet.gob.do/wp-content/uploads/2025/06/temperaturas-extremas-y-precipitaciones-2025x06x20-a.pdf
2025-06-20,066,SABANETA (EMA),SANTIAGO RODRÍGUEZ,PROGRAMA MUNDIAL DE ALIMENTO,EMAP,37.2,25.1,0.0,https://indomet.gob.do/wp-content/uploads/2025/06/temperaturas-extremas-y-precipitaciones-2025x06x20-a.pdf
2025-06-20,067,SAN CRISTÓBAL,SAN CRISTÓBAL,INSTITUTO POLITÉCNICO LOYOLA,EMCO,32.2,22.0,0.0,https://indomet.gob.do/wp-content/uploads/2025/06/temperaturas-extremas-y-precipitaciones-2025x06x20-a.pdf
2025-06-20,068,SAN JOSÉ DE OCOA,SAN JOSÉ DE OCOA,HOSP. SAN JOSÉ DE OCOA,EMCO,32.2,,0.0,https://indomet.gob.do/wp-content/uploads/2025/06/temperaturas-extremas-y-precipitaciones-2025x06x20-a.pdf
2025-06-20,069,SANTIAGO RODRÍGUEZ,SANTIAGO RODRÍGUEZ,ONAMET,EMCO,36.5,25.0,0.0,https://indomet.gob.do/wp-content/uploads/2025/06/temperaturas-extremas-y-precipitaciones-2025x06x20-a.pdf
2025-06-20,070,TÁBARA ABAJO,AZUA,INDRHI,EMCO,33.9,24.4,0.0,https://indomet.gob.do/wp-content/uploads/2025/06/temperaturas-extremas-y-precipitaciones-2025x06x20-a.pdf
2025-06-20,071,VILLA GONZALES,SANTIAGO,MINISTERIO DE AGRICULTURA,EMCO,,,0.0,https://indomet.gob.do/wp-content/uploads/2025/06/temperaturas-extremas-y-precipitaciones-2025x06x20-a.pdf
2025-06-20,072,VILLA ISABELA,PUERTO PLATA,MINISTERIO DE AGRICULTURA,EMCV,,,0.0,https://indomet.gob.do/wp-content/uploads/2025/06/temperaturas-extremas-y-precipitaciones-2025x06x20-a.pdf
2025-06-20,073,ALTO BANDERA (EMA),LA VEGA,INTEC,EMAP,18.3,9.2,0.0,https://indomet.gob.do/wp-content/uploads/2025/06/temperaturas-extremas-y-precipitaciones-2025x06x20-a.pdf
2025-06-21,001,ENRIQUILLO,BARAHONA,MINISTERIO DE AGRICULTURA,EMCV,32.0,,15.6,https://indomet.gob.do/wp-content/uploads/2025/06/temperaturas-extremas-y-precipitaciones-2025x06x21-a.pdf
2025-06-21,002,BAYAGUANA,MONTE PLATA,ONAMET,EMCO,33.2,22.9,12.0,https://indomet.gob.do/wp-content/uploads/2025/06/temperaturas-extremas-y-precipitaciones-2025x06x21-a.pdf
2025-06-21,003,VILLA ALTAGRACIA,SAN CRISTÓBAL,ESCUELA JAVIER ANGULO GURIDI,EMCO,,,6.2,https://indomet.gob.do/wp-content/uploads/2025/06/temperaturas-extremas-y-precipitaciones-2025x06x21-a.pdf
2025-06-21,004,LA VICTORIA,SANTO DOMINGO,CUERPO DE BOMBEROS,EMCO,31.8,22.5,5.6,https://indomet.gob.do/wp-content/uploads/2025/06/temperaturas-extremas-y-precipitaciones-2025x06x21-a.pdf
2025-06-21,005,JUMA BEJUCAL,MONSEÑOR NOUEL,IDIAF,EMCV,31.6,21.4,5.2,https://indomet.gob.do/wp-content/uploads/2025/06/temperaturas-extremas-y-precipitaciones-2025x06x21-a.pdf
2025-06-21,006,LOS TRES CHARCOS (EMA),PEDERNALES,PROPIEDAD DEL VOLUNTARIO,EMAP,32.3,23.5,4.4,https://indomet.gob.do/wp-content/uploads/2025/06/temperaturas-extremas-y-precipitaciones-2025x06x21-a.pdf
2025-06-21,007,BONAO,MONSEÑOR NOUEL,MINISTERIO DE AGRICULTURA,EMCV,,,4.3,https://indomet.gob.do/wp-content/uploads/2025/06/temperaturas-extremas-y-precipitaciones-2025x06x21-a.pdf
2025-06-21,008,PESCADERIA (EMA),BARAHONA,MINISTERIO DE AGRICULTURA,EMAP,33.7,23.9,3.4,https://indomet.gob.do/wp-content/uploads/2025/06/temperaturas-extremas-y-precipitaciones-2025x06x21-a.pdf
2025-06-21,009,POLO,BARAHONA,INDOCAFE,EMCO,28.0,18.6,3.0,https://indomet.gob.do/wp-content/uploads/2025/06/temperaturas-extremas-y-precipitaciones-2025x06x21-a.pdf
2025-06-21,010,ARPT. DEL CIBAO,SANTIAGO,ONAMET,EMCO,33.6,23.8,1.7,https://indomet.gob.do/wp-content/uploads/2025/06/temperaturas-extremas-y-precipitaciones-2025x06x21-a.pdf
2025-06-21,011,SAN CRISTÓBAL,SAN CRISTÓBAL,INSTITUTO POLITÉCNICO LOYOLA,EMCO,31.2,22.2,1.7,https://indomet.gob.do/wp-content/uploads/2025/06/temperaturas-extremas-y-precipitaciones-2025x06x21-a.pdf
2025-06-21,012,LA VEGA,LA VEGA,IATESA,EMCO,34.0,22.5,1.2,https://indomet.gob.do/wp-content/uploads/2025/06/temperaturas-extremas-y-precipitaciones-2025x06x21-a.pdf
2025-06-21,013,LOS LLANOS,SAN PEDRO DE MACORÍS,MINISTERIO DE AGRICULTURA,EMCO,33.5,22.3,1.2,https://indomet.gob.do/wp-content/uploads/2025/06/temperaturas-extremas-y-precipitaciones-2025x06x21-a.pdf
2025-06-21,014,OVIEDO,PEDERNALES,CLÍNICA RURAL OVIEDO,EMCO,33.0,,1.2,https://indomet.gob.do/wp-content/uploads/2025/06/temperaturas-extremas-y-precipitaciones-2025x06x21-a.pdf
2025-06-21,015,RANCHO ARRIBA,SAN JOSÉ DE OCOA,CENTRO TECNOLÓGICO COMUNITARIO,EMCO,31.4,18.3,1.0,https://indomet.gob.do/wp-content/uploads/2025/06/temperaturas-extremas-y-precipitaciones-2025x06x21-a.pdf
2025-06-21,016,CABRAL,BARAHONA,MINISTERIO DE AGRICULTURA,EMCV,33.9,25.0,0.8,https://indomet.gob.do/wp-content/uploads/2025/06/temperaturas-extremas-y-precipitaciones-2025x06x21-a.pdf
2025-06-21,017,PERALTA,AZUA,HOSP. MPAL. DE PERALTA,EMCO,31.0,19.2,0.8,https://indomet.gob.do/wp-content/uploads/2025/06/temperaturas-extremas-y-precipitaciones-2025x06x21-a.pdf
2025-06-21,018,SAMANÁ,SAMANÁ,COMANDANCIA DE PUERTO DE SAMANÁ,EMCO,32.0,23.9,0.8,https://indomet.gob.do/wp-content/uploads/2025/06/temperaturas-extremas-y-precipitaciones-2025x06x21-a.pdf
2025-06-21,019,ARPT. MARÍA MONTEZ,BARAHONA,ONAMET,EMCO,32.8,26.8,0.5,https://indomet.gob.do/wp-content/uploads/2025/06/temperaturas-extremas-y-precipitaciones-2025x06x21-a.pdf
2025-06-21,020,SAN JOSÉ DE OCOA,SAN JOSÉ DE OCOA,HOSP. SAN JOSÉ DE OCOA,EMCO,32.8,,0.4,https://indomet.gob.do/wp-content/uploads/2025/06/temperaturas-extremas-y-precipitaciones-2025x06x21-a.pdf
2025-06-21,021,ALTAMIRA,PUERTO PLATA,HOSP. MPAL. DE ALTAMIRA,EMCO,33.3,20.3,0.3,https://indomet.gob.do/wp-content/uploads/2025/06/temperaturas-extremas-y-precipitaciones-2025x06x21-a.pdf
2025-06-21,022,ALTO BANDERA (EMA),LA VEGA,INTEC,EMAP,16.3,5.5,0.3,https://indomet.gob.do/wp-content/uploads/2025/06/temperaturas-extremas-y-precipitaciones-2025x06x21-a.pdf
2025-06-21,023,EL FACTOR (EMA),MARÍA TRINIDAD SÁNCHEZ,INTEC,EMAP,32.3,22.7,0.3,https://indomet.gob.do/wp-content/uploads/2025/06/temperaturas-extremas-y-precipitaciones-2025x06x21-a.pdf
2025-06-21,024,SANTO DOMINGO ESTE,SANTO DOMINGO,ONAMET,EMCO,32.0,26.0,0.3,https://indomet.gob.do/wp-content/uploads/2025/06/temperaturas-extremas-y-precipitaciones-2025x06x21-a.pdf
2025-06-21,025,RÍO SAN JUAN,MARÍA TRINIDAD SÁNCHEZ,HOSP. MPAL. DR. DESIDERIO ACOSTA,EMCV,33.5,23.9,0.3,https://indomet.gob.do/wp-content/uploads/2025/06/temperaturas-extremas-y-precipitaciones-2025x06x21-a.pdf
2025-06-21,026,ARPT. DE LAS AMÉRICAS,SANTO DOMINGO,ONAMET,EMCO,32.6,23.5,0.2,https://indomet.gob.do/wp-content/uploads/2025/06/temperaturas-extremas-y-precipitaciones-2025x06x21-a.pdf
2025-06-21,027,CENTRO DE LOS HEROES (EMA),DISTRITO NACIONAL,MINISTERIO DE ENERGIA Y MINA,EMAP,31.1,25.4,0.2,https://indomet.gob.do/wp-content/uploads/2025/06/temperaturas-extremas-y-precipitaciones-2025x06x21-a.pdf
2025-06-21,028,MONTE CRISTI,MONTE CRISTI,ONAMET,EMCO,33.0,23.4,0.2,https://indomet.gob.do/wp-content/uploads/2025/06/temperaturas-extremas-y-precipitaciones-2025x06x21-a.pdf
2025-06-21,029,ARPT. DE PUNTA CANA,LA ALTAGRACIA,ONAMET,EMCO,31.8,24.0,0.1,https://indomet.gob.do/wp-content/uploads/2025/06/temperaturas-extremas-y-precipitaciones-2025x06x21-a.pdf
2025-06-21,030,ANAMUYA (EMA),LA ALTAGRACIA,MINISTERIO DE AGRICULTURA,EMAP,33.5,23.8,0.0,https://indomet.gob.do/wp-content/uploads/2025/06/temperaturas-extremas-y-precipitaciones-2025x06x21-a.pdf
2025-06-21,031,ARPT. ARROYO BARRIL,SAMANÁ,ONAMET,EMCO,32.5,24.0,0.0,https://indomet.gob.do/wp-content/uploads/2025/06/temperaturas-extremas-y-precipitaciones-2025x06x21-a.pdf
2025-06-21,032,ARPT. DE LA ROMANA,LA ROMANA,ONAMET,EMCO,32.5,23.0,0.0,https://indomet.gob.do/wp-content/uploads/2025/06/temperaturas-extremas-y-precipitaciones-2025x06x21-a.pdf
2025-06-21,033,ARPT. EL CATEY,SAMANÁ,ONAMET,EMCO,30.5,24.0,0.0,https://indomet.gob.do/wp-content/uploads/2025/06/temperaturas-extremas-y-precipitaciones-2025x06x21-a.pdf
2025-06-21,034,ARPT. GREGORIO LUPERÓN,PUERTO PLATA,ONAMET,EMCO,33.0,25.0,0.0,https://indomet.gob.do/wp-content/uploads/2025/06/temperaturas-extremas-y-precipitaciones-2025x06x21-a.pdf
2025-06-21,035,ARPT. LA ISABELA,SANTO DOMINGO,ONAMET,EMCO,32.5,21.5,0.0,https://indomet.gob.do/wp-content/uploads/2025/06/temperaturas-extremas-y-precipitaciones-2025x06x21-a.pdf
2025-06-21,036,ARROYO LORO,SAN JUAN,IDIAF,EMCO,31.5,20.7,0.0,https://indomet.gob.do/wp-content/uploads/2025/06/temperaturas-extremas-y-precipitaciones-2025x06x21-a.pdf
2025-06-21,037,BOCA DE MAO (EMA),VALVERDE,MINISTERIO DE AGRICULTURA,EMAP,35.0,24.2,0.0,https://indomet.gob.do/wp-content/uploads/2025/06/temperaturas-extremas-y-precipitaciones-2025x06x21-a.pdf
2025-06-21,038,CABRERA,MARÍA TRINIDAD SÁNCHEZ,ESCUELA ARÍSTIDES FIALLO CABRAL,EMCO,33.5,26.0,0.0,https://indomet.gob.do/wp-content/uploads/2025/06/temperaturas-extremas-y-precipitaciones-2025x06x21-a.pdf
2025-06-21,039,CONSTANZA,LA VEGA,MINISTERIO DE AGRICULTURA,EMCO,26.4,14.5,0.0,https://indomet.gob.do/wp-content/uploads/2025/06/temperaturas-extremas-y-precipitaciones-2025x06x21-a.pdf
2025-06-21,040,CONSTANZA (EMA),LA VEGA,PROGRAMA MUNDIAL DE ALIMENTO,EMAP,25.2,14.7,0.0,https://indomet.gob.do/wp-content/uploads/2025/06/temperaturas-extremas-y-precipitaciones-2025x06x21-a.pdf
2025-06-21,041,DAJABÓN,DAJABÓN,INSTITUTO POLITÉCNICO LOYOLA,EMCO,35.2,24.6,0.0,https://indomet.gob.do/wp-content/uploads/2025/06/temperaturas-extremas-y-precipitaciones-2025x06x21-a.pdf
2025-06-21,042,ELÍAS PIÑA,ELÍAS PIÑA,MINISTERIO DE AGRICULTURA,EMCV,,,0.0,https://indomet.gob.do/wp-content/uploads/2025/06/temperaturas-extremas-y-precipitaciones-2025x06x21-a.pdf
2025-06-21,043,ESCONDIDO,PERAVIA,MINISTERIO DE AGRICULTURA,EMCV,31.0,25.0,0.0,https://indomet.gob.do/wp-content/uploads/2025/06/temperaturas-extremas-y-precipitaciones-2025x06x21-a.pdf
2025-06-21,044,GASPAR HERNÁNDEZ,ESPAILLAT,PROPIEDAD DEL EMPLEADO,EMCO,,,0.0,https://indomet.gob.do/wp-content/uploads/2025/06/temperaturas-extremas-y-precipitaciones-2025x06x21-a.pdf
2025-06-21,045,GURABO,SANTIAGO,MINISTERIO DE AGRICULTURA,EMCV,,,0.0,https://indomet.gob.do/wp-content/uploads/2025/06/temperaturas-extremas-y-precipitaciones-2025x06x21-a.pdf
2025-06-21,046,HATO MAYOR,HATO MAYOR,MINISTERIO DE AGRICULTURA,EMCV,,,0.0,https://indomet.gob.do/wp-content/uploads/2025/06/temperaturas-extremas-y-precipitaciones-2025x06x21-a.pdf
2025-06-21,047,HONDO VALLE,ELÍAS PIÑA,MINISTERIO DE AGRICULTURA,EMCO,26.7,18.0,0.0,https://indomet.gob.do/wp-content/uploads/2025/06/temperaturas-extremas-y-precipitaciones-2025x06x21-a.pdf
2025-06-21,048,JARABACOA,LA VEGA,INDRHI / MARENA,EMCO,31.6,18.4,0.0,https://indomet.gob.do/wp-content/uploads/2025/06/temperaturas-extremas-y-precipitaciones-2025x06x21-a.pdf
2025-06-21,049,JARABACOA (EMA),LA VEGA,PROGRAMA MUNDIAL DE ALIMENTO,EMAP,30.9,19.1,0.0,https://indomet.gob.do/wp-content/uploads/2025/06/temperaturas-extremas-y-precipitaciones-2025x06x21-a.pdf
2025-06-21,050,JIMANÍ,INDEPENDENCIA,MINISTERIO DE AGRICULTURA,EMCO,33.6,26.5,0.0,https://indomet.gob.do/wp-content/uploads/2025/06/temperaturas-extremas-y-precipitaciones-2025x06x21-a.pdf
2025-06-21,051,LAS CANAS (EMA),MONTE CRISTI,PROGRAMA MUNDIAL DE ALIMENTO,EMAP,31.3,23.6,0.0,https://indomet.gob.do/wp-content/uploads/2025/06/temperaturas-extremas-y-precipitaciones-2025x06x21-a.pdf
2025-06-21,052,LAS MATAS DE SANTA CRUZ (EMA,MONTE CRISTI,PROGRAMA MUNDIAL DE ALIMENTO,EMAP,34.6,24.1,0.0,https://indomet.gob.do/wp-content/uploads/2025/06/temperaturas-extremas-y-precipitaciones-2025x06x21-a.pdf
2025-06-21,053,MAO,VALVERDE,INDRHI / MINISTERIO DE AGRICULTURA,EMCV,,,0.0,https://indomet.gob.do/wp-content/uploads/2025/06/temperaturas-extremas-y-precipitaciones-2025x06x21-a.pdf
2025-06-21,054,MONCIÓN (EMA),SANTIAGO RODRÍGUEZ,PROGRAMA MUNDIAL DE ALIMENTO,EMAP,32.6,20.3,0.0,https://indomet.gob.do/wp-content/uploads/2025/06/temperaturas-extremas-y-precipitaciones-2025x06x21-a.pdf
2025-06-21,055,NAVARRETE,SANTIAGO,MINISTERIO DE AGRICULTURA,EMCV,,,0.0,https://indomet.gob.do/wp-content/uploads/2025/06/temperaturas-extremas-y-precipitaciones-2025x06x21-a.pdf
2025-06-21,056,OLIVARES,PEDERNALES,INDRHI,EMCO,,,0.0,https://indomet.gob.do/wp-content/uploads/2025/06/temperaturas-extremas-y-precipitaciones-2025x06x21-a.pdf
2025-06-21,057,PADRE LAS CASAS,AZUA,HOSP. NTRA. SRA. DEL CARMEN,EMCO,31.5,20.7,0.0,https://indomet.gob.do/wp-content/uploads/2025/06/temperaturas-extremas-y-precipitaciones-2025x06x21-a.pdf
2025-06-21,058,PALO ÍNDIO,PUERTO PLATA,MINISTERIO DE AGRICULTURA,EMCO,,,0.0,https://indomet.gob.do/wp-content/uploads/2025/06/temperaturas-extremas-y-precipitaciones-2025x06x21-a.pdf
2025-06-21,059,PEDERNALES,PEDERNALES,INDRHI,EMCO,,,0.0,https://indomet.gob.do/wp-content/uploads/2025/06/temperaturas-extremas-y-precipitaciones-2025x06x21-a.pdf
2025-06-21,060,PONTÓN ABAJO (EMA),LA VEGA,MINISTERIO DE AGRICULTURA,EMAP,34.1,22.8,0.0,https://indomet.gob.do/wp-content/uploads/2025/06/temperaturas-extremas-y-precipitaciones-2025x06x21-a.pdf
2025-06-21,061,PRESA DE TAVERAS (EMA),LA VEGA,PROGRAMA MUNDIAL DE ALIMENTO,EMAP,31.0,21.8,0.0,https://indomet.gob.do/wp-content/uploads/2025/06/temperaturas-extremas-y-precipitaciones-2025x06x21-a.pdf
2025-06-21,062,RESTAURACIÓN,DAJABÓN,MINISTERIO DE AGRICULTURA,EMCO,31.7,19.5,0.0,https://indomet.gob.do/wp-content/uploads/2025/06/temperaturas-extremas-y-precipitaciones-2025x06x21-a.pdf
2025-06-21,063,SABANA DE LA MAR,HATO MAYOR,ONAMET,EMCO,31.5,23.0,0.0,https://indomet.gob.do/wp-content/uploads/2025/06/temperaturas-extremas-y-precipitaciones-2025x06x21-a.pdf
2025-06-21,064,SABANETA (EMA),SANTIAGO RODRÍGUEZ,PROGRAMA MUNDIAL DE ALIMENTO,EMAP,36.7,22.4,0.0,https://indomet.gob.do/wp-content/uploads/2025/06/temperaturas-extremas-y-precipitaciones-2025x06x21-a.pdf
2025-06-21,065,SALCEDO,HERMANAS MIRABAL,PROPIEDAD DEL EMPLEADO,EMCO,,,0.0,https://indomet.gob.do/wp-content/uploads/2025/06/temperaturas-extremas-y-precipitaciones-2025x06x21-a.pdf
2025-06-21,066,SAN RAFAEL DEL YUMA,LA ALTAGRACIA,MINISTERIO DE AGRICULTURA,EMCO,33.0,22.8,0.0,https://indomet.gob.do/wp-content/uploads/2025/06/temperaturas-extremas-y-precipitaciones-2025x06x21-a.pdf
2025-06-21,067,SÁNCHEZ,SAMANÁ,MINISTERIO DE AGRICULTURA,EMCO,33.4,23.5,0.0,https://indomet.gob.do/wp-content/uploads/2025/06/temperaturas-extremas-y-precipitaciones-2025x06x21-a.pdf
2025-06-21,068,SANTIAGO RODRÍGUEZ,SANTIAGO RODRÍGUEZ,ONAMET,EMCO,37.0,23.3,0.0,https://indomet.gob.do/wp-content/uploads/2025/06/temperaturas-extremas-y-precipitaciones-2025x06x21-a.pdf
2025-06-21,069,TÁBARA ABAJO,AZUA,INDRHI,EMCO,32.5,23.0,0.0,https://indomet.gob.do/wp-content/uploads/2025/06/temperaturas-extremas-y-precipitaciones-2025x06x21-a.pdf
2025-06-21,070,VILLA GONZALES,SANTIAGO,MINISTERIO DE AGRICULTURA,EMCO,,,0.0,https://indomet.gob.do/wp-content/uploads/2025/06/temperaturas-extremas-y-precipitaciones-2025x06x21-a.pdf
2025-06-21,071,VILLA ISABELA,PUERTO PLATA,MINISTERIO DE AGRICULTURA,EMCV,,,0.0,https://indomet.gob.do/wp-content/uploads/2025/06/temperaturas-extremas-y-precipitaciones-2025x06x21-a.pdf
2025-06-21,072,VILLA RIVA,DUARTE,HOSP. MPAL. ALICIA DE LEGENDRE,EMCO,33.4,24.0,0.0,https://indomet.gob.do/wp-content/uploads/2025/06/temperaturas-extremas-y-precipitaciones-2025x06x21-a.pdf
2025-06-22,001,ARPT. EL CATEY,SAMANÁ,ONAMET,EMCO,28.0,22.5,109.0,https://indomet.gob.do/wp-content/uploads/2025/06/temperaturas-extremas-y-precipitaciones-2025x06x22-a.pdf
2025-06-22,002,JARDÍN BOTÁNICO NACIONAL,DISTRITO NACIONAL,JARDÍN BOTÁNICO NACIONAL,EMCV,32.2,20.6,50.8,https://indomet.gob.do/wp-content/uploads/2025/06/temperaturas-extremas-y-precipitaciones-2025x06x22-a.pdf
2025-06-22,003,SÁNCHEZ,SAMANÁ,MINISTERIO DE AGRICULTURA,EMCO,32.3,21.5,46.4,https://indomet.gob.do/wp-content/uploads/2025/06/temperaturas-extremas-y-precipitaciones-2025x06x22-a.pdf
2025-06-22,004,LOS LLANOS,SAN PEDRO DE MACORÍS,MINISTERIO DE AGRICULTURA,EMCO,32.7,21.7,23.4,https://indomet.gob.do/wp-content/uploads/2025/06/temperaturas-extremas-y-precipitaciones-2025x06x22-a.pdf
2025-06-22,005,LA VICTORIA,SANTO DOMINGO,CUERPO DE BOMBEROS,EMCO,34.0,22.5,23.0,https://indomet.gob.do/wp-content/uploads/2025/06/temperaturas-extremas-y-precipitaciones-2025x06x22-a.pdf
2025-06-22,006,EL FACTOR (EMA),MARÍA TRINIDAD SÁNCHEZ,INTEC,EMAP,30.4,22.0,22.1,https://indomet.gob.do/wp-content/uploads/2025/06/temperaturas-extremas-y-precipitaciones-2025x06x22-a.pdf
2025-06-22,007,ARPT. LA ISABELA,SANTO DOMINGO,ONAMET,EMCO,31.4,21.0,21.0,https://indomet.gob.do/wp-content/uploads/2025/06/temperaturas-extremas-y-precipitaciones-2025x06x22-a.pdf
2025-06-22,008,BOHECHÍO,SAN JUAN,MINISTERIO DE AGRICULTURA,EMCV,,,16.6,https://indomet.gob.do/wp-content/uploads/2025/06/temperaturas-extremas-y-precipitaciones-2025x06x22-a.pdf
2025-06-22,009,SALCEDO,HERMANAS MIRABAL,PROPIEDAD DEL EMPLEADO,EMCO,,,14.5,https://indomet.gob.do/wp-content/uploads/2025/06/temperaturas-extremas-y-precipitaciones-2025x06x22-a.pdf
2025-06-22,010,SANTO DOMINGO ESTE,SANTO DOMINGO,ONAMET,EMCO,32.0,24.6,13.6,https://indomet.gob.do/wp-content/uploads/2025/06/temperaturas-extremas-y-precipitaciones-2025x06x22-a.pdf
2025-06-22,011,TAMBORIL,SANTIAGO,MINISTERIO DE AGRICULTURA,EMCV,,,12.7,https://indomet.gob.do/wp-content/uploads/2025/06/temperaturas-extremas-y-precipitaciones-2025x06x22-a.pdf
2025-06-22,012,GASPAR HERNÁNDEZ,ESPAILLAT,PROPIEDAD DEL EMPLEADO,EMCO,,,12.2,https://indomet.gob.do/wp-content/uploads/2025/06/temperaturas-extremas-y-precipitaciones-2025x06x22-a.pdf
2025-06-22,013,BONAO,MONSEÑOR NOUEL,MINISTERIO DE AGRICULTURA,EMCV,,,10.9,https://indomet.gob.do/wp-content/uploads/2025/06/temperaturas-extremas-y-precipitaciones-2025x06x22-a.pdf
2025-06-22,014,EL SEIBO,EL SEIBO,MINISTERIO DE AGRICULTURA,EMCV,,,7.9,https://indomet.gob.do/wp-content/uploads/2025/06/temperaturas-extremas-y-precipitaciones-2025x06x22-a.pdf
2025-06-22,015,SAN FRANCISCO DE MACORÍS,DUARTE,San Francisco de Macorís (UASD),EMCO,28.0,21.6,7.6,https://indomet.gob.do/wp-content/uploads/2025/06/temperaturas-extremas-y-precipitaciones-2025x06x22-a.pdf
2025-06-22,016,JARABACOA (EMA),LA VEGA,PROGRAMA MUNDIAL DE ALIMENTO,EMAP,30.2,19.2,6.4,https://indomet.gob.do/wp-content/uploads/2025/06/temperaturas-extremas-y-precipitaciones-2025x06x22-a.pdf
2025-06-22,017,ALTO BANDERA (EMA),LA VEGA,INTEC,EMAP,18.0,6.3,6.1,https://indomet.gob.do/wp-content/uploads/2025/06/temperaturas-extremas-y-precipitaciones-2025x06x22-a.pdf
2025-06-22,018,JARABACOA,LA VEGA,INDRHI / MARENA,EMCO,30.6,18.2,5.6,https://indomet.gob.do/wp-content/uploads/2025/06/temperaturas-extremas-y-precipitaciones-2025x06x22-a.pdf
2025-06-22,019,GURABO,SANTIAGO,MINISTERIO DE AGRICULTURA,EMCV,,,5.6,https://indomet.gob.do/wp-content/uploads/2025/06/temperaturas-extremas-y-precipitaciones-2025x06x22-a.pdf
2025-06-22,020,BAYAGUANA,MONTE PLATA,ONAMET,EMCO,32.0,21.6,5.4,https://indomet.gob.do/wp-content/uploads/2025/06/temperaturas-extremas-y-precipitaciones-2025x06x22-a.pdf
2025-06-22,021,VILLA ISABELA,PUERTO PLATA,MINISTERIO DE AGRICULTURA,EMCV,,,5.1,https://indomet.gob.do/wp-content/uploads/2025/06/temperaturas-extremas-y-precipitaciones-2025x06x22-a.pdf
2025-06-22,022,MONCIÓN (EMA),SANTIAGO RODRÍGUEZ,PROGRAMA MUNDIAL DE ALIMENTO,EMAP,31.2,19.9,5.0,https://indomet.gob.do/wp-content/uploads/2025/06/temperaturas-extremas-y-precipitaciones-2025x06x22-a.pdf
2025-06-22,023,JUMA BEJUCAL,MONSEÑOR NOUEL,IDIAF,EMCV,31.0,22.2,4.8,https://indomet.gob.do/wp-content/uploads/2025/06/temperaturas-extremas-y-precipitaciones-2025x06x22-a.pdf
2025-06-22,024,SABANA DE LA MAR,HATO MAYOR,ONAMET,EMCO,31.0,22.5,4.5,https://indomet.gob.do/wp-content/uploads/2025/06/temperaturas-extremas-y-precipitaciones-2025x06x22-a.pdf
2025-06-22,025,CENTRO DE LOS HEROES (EMA),DISTRITO NACIONAL,MINISTERIO DE ENERGIA Y MINA,EMAP,30.9,25.2,4.2,https://indomet.gob.do/wp-content/uploads/2025/06/temperaturas-extremas-y-precipitaciones-2025x06x22-a.pdf
2025-06-22,026,PARQUE MIRADOR SUR,DISTRITO NACIONAL,AYUNTAMIENTO,EMCV,34.0,23.0,4.0,https://indomet.gob.do/wp-content/uploads/2025/06/temperaturas-extremas-y-precipitaciones-2025x06x22-a.pdf
2025-06-22,027,ARPT. GREGORIO LUPERÓN,PUERTO PLATA,ONAMET,EMCO,32.0,23.0,3.8,https://indomet.gob.do/wp-content/uploads/2025/06/temperaturas-extremas-y-precipitaciones-2025x06x22-a.pdf
2025-06-22,028,HONDO VALLE,ELÍAS PIÑA,MINISTERIO DE AGRICULTURA,EMCO,26.1,18.2,3.8,https://indomet.gob.do/wp-content/uploads/2025/06/temperaturas-extremas-y-precipitaciones-2025x06x22-a.pdf
2025-06-22,029,ARPT. DE LAS AMÉRICAS,SANTO DOMINGO,ONAMET,EMCO,32.2,23.3,3.0,https://indomet.gob.do/wp-content/uploads/2025/06/temperaturas-extremas-y-precipitaciones-2025x06x22-a.pdf
2025-06-22,030,SAN RAFAEL DEL YUMA,LA ALTAGRACIA,MINISTERIO DE AGRICULTURA,EMCO,34.8,23.0,2.7,https://indomet.gob.do/wp-content/uploads/2025/06/temperaturas-extremas-y-precipitaciones-2025x06x22-a.pdf
2025-06-22,031,ANAMUYA (EMA),LA ALTAGRACIA,MINISTERIO DE AGRICULTURA,EMAP,31.6,24.1,2.4,https://indomet.gob.do/wp-content/uploads/2025/06/temperaturas-extremas-y-precipitaciones-2025x06x22-a.pdf
2025-06-22,032,CONSTANZA,LA VEGA,MINISTERIO DE AGRICULTURA,EMCO,26.5,16.6,2.4,https://indomet.gob.do/wp-content/uploads/2025/06/temperaturas-extremas-y-precipitaciones-2025x06x22-a.pdf
2025-06-22,033,SAN CRISTÓBAL,SAN CRISTÓBAL,INSTITUTO POLITÉCNICO LOYOLA,EMCO,31.0,22.0,2.4,https://indomet.gob.do/wp-content/uploads/2025/06/temperaturas-extremas-y-precipitaciones-2025x06x22-a.pdf
2025-06-22,034,VILLA RIVA,DUARTE,HOSP. MPAL. ALICIA DE LEGENDRE,EMCO,30.0,22.0,2.3,https://indomet.gob.do/wp-content/uploads/2025/06/temperaturas-extremas-y-precipitaciones-2025x06x22-a.pdf
2025-06-22,035,HATO MAYOR,HATO MAYOR,MINISTERIO DE AGRICULTURA,EMCV,,,2.0,https://indomet.gob.do/wp-content/uploads/2025/06/temperaturas-extremas-y-precipitaciones-2025x06x22-a.pdf
2025-06-22,036,CONSTANZA (EMA),LA VEGA,PROGRAMA MUNDIAL DE ALIMENTO,EMAP,25.5,16.9,2.0,https://indomet.gob.do/wp-content/uploads/2025/06/temperaturas-extremas-y-precipitaciones-2025x06x22-a.pdf
2025-06-22,037,PALO ÍNDIO,PUERTO PLATA,MINISTERIO DE AGRICULTURA,EMCO,,,2.0,https://indomet.gob.do/wp-content/uploads/2025/06/temperaturas-extremas-y-precipitaciones-2025x06x22-a.pdf
2025-06-22,038,RANCHO ARRIBA,SAN JOSÉ DE OCOA,CENTRO TECNOLÓGICO COMUNITARIO,EMCO,30.0,19.6,2.0,https://indomet.gob.do/wp-content/uploads/2025/06/temperaturas-extremas-y-precipitaciones-2025x06x22-a.pdf
2025-06-22,039,ARPT. DEL CIBAO,SANTIAGO,ONAMET,EMCO,31.5,22.3,1.8,https://indomet.gob.do/wp-content/uploads/2025/06/temperaturas-extremas-y-precipitaciones-2025x06x22-a.pdf
2025-06-22,040,VILLA GONZALES,SANTIAGO,MINISTERIO DE AGRICULTURA,EMCO,,,1.5,https://indomet.gob.do/wp-content/uploads/2025/06/temperaturas-extremas-y-precipitaciones-2025x06x22-a.pdf
2025-06-22,041,ALTAMIRA,PUERTO PLATA,HOSP. MPAL. DE ALTAMIRA,EMCO,30.6,19.1,1.2,https://indomet.gob.do/wp-content/uploads/2025/06/temperaturas-extremas-y-precipitaciones-2025x06x22-a.pdf
2025-06-22,042,EL CERCADO,SAN JUAN,MINISTERIO DE AGRICULTURA,EMCV,,,1.2,https://indomet.gob.do/wp-content/uploads/2025/06/temperaturas-extremas-y-precipitaciones-2025x06x22-a.pdf
2025-06-22,043,SAMANÁ,SAMANÁ,COMANDANCIA DE PUERTO DE SAMANÁ,EMCO,32.4,22.9,1.2,https://indomet.gob.do/wp-content/uploads/2025/06/temperaturas-extremas-y-precipitaciones-2025x06x22-a.pdf
2025-06-22,044,NAVARRETE,SANTIAGO,MINISTERIO DE AGRICULTURA,EMCV,,,1.0,https://indomet.gob.do/wp-content/uploads/2025/06/temperaturas-extremas-y-precipitaciones-2025x06x22-a.pdf
2025-06-22,045,RÍO SAN JUAN,MARÍA TRINIDAD SÁNCHEZ,HOSP. MPAL. DR. DESIDERIO ACOSTA,EMCV,31.4,22.3,0.8,https://indomet.gob.do/wp-content/uploads/2025/06/temperaturas-extremas-y-precipitaciones-2025x06x22-a.pdf
2025-06-22,046,LA VEGA,LA VEGA,IATESA,EMCO,31.5,21.5,0.7,https://indomet.gob.do/wp-content/uploads/2025/06/temperaturas-extremas-y-precipitaciones-2025x06x22-a.pdf
2025-06-22,047,POLO,BARAHONA,INDOCAFE,EMCO,29.4,19.5,0.7,https://indomet.gob.do/wp-content/uploads/2025/06/temperaturas-extremas-y-precipitaciones-2025x06x22-a.pdf
2025-06-22,048,PRESA DE TAVERAS (EMA),LA VEGA,PROGRAMA MUNDIAL DE ALIMENTO,EMAP,29.7,20.8,0.6,https://indomet.gob.do/wp-content/uploads/2025/06/temperaturas-extremas-y-precipitaciones-2025x06x22-a.pdf
2025-06-22,049,ARROYO LORO,SAN JUAN,IDIAF,EMCO,34.0,19.9,0.5,https://indomet.gob.do/wp-content/uploads/2025/06/temperaturas-extremas-y-precipitaciones-2025x06x22-a.pdf
2025-06-22,050,ESCONDIDO,PERAVIA,MINISTERIO DE AGRICULTURA,EMCV,32.0,24.0,0.5,https://indomet.gob.do/wp-content/uploads/2025/06/temperaturas-extremas-y-precipitaciones-2025x06x22-a.pdf
2025-06-22,051,LUPERÓN,PUERTO PLATA,MINISTERIO DE AGRICULTURA,EMCV,,,0.5,https://indomet.gob.do/wp-content/uploads/2025/06/temperaturas-extremas-y-precipitaciones-2025x06x22-a.pdf
2025-06-22,052,PERALTA,AZUA,HOSP. MPAL. DE PERALTA,EMCO,31.5,19.5,0.1,https://indomet.gob.do/wp-content/uploads/2025/06/temperaturas-extremas-y-precipitaciones-2025x06x22-a.pdf
2025-06-22,053,VILLA ALTAGRACIA,SAN CRISTÓBAL,ESCUELA JAVIER ANGULO GURIDI,EMCO,,,0.1,https://indomet.gob.do/wp-content/uploads/2025/06/temperaturas-extremas-y-precipitaciones-2025x06x22-a.pdf
2025-06-22,054,ARPT. ARROYO BARRIL,SAMANÁ,ONAMET,EMCO,31.0,23.0,0.0,https://indomet.gob.do/wp-content/uploads/2025/06/temperaturas-extremas-y-precipitaciones-2025x06x22-a.pdf
2025-06-22,055,ARPT. DE LA ROMANA,LA ROMANA,ONAMET,EMCO,33.0,22.7,0.0,https://indomet.gob.do/wp-content/uploads/2025/06/temperaturas-extremas-y-precipitaciones-2025x06x22-a.pdf
2025-06-22,056,ARPT. DE PUNTA CANA,LA ALTAGRACIA,ONAMET,EMCO,31.6,22.0,0.0,https://indomet.gob.do/wp-content/uploads/2025/06/temperaturas-extremas-y-precipitaciones-2025x06x22-a.pdf
2025-06-22,057,ARPT. MARÍA MONTEZ,BARAHONA,ONAMET,EMCO,34.0,24.5,0.0,https://indomet.gob.do/wp-content/uploads/2025/06/temperaturas-extremas-y-precipitaciones-2025x06x22-a.pdf
2025-06-22,058,BANI (EMA),PERAVIA,MINISTERIO DE AGRICULTURA,EMAP,30.6,23.8,0.0,https://indomet.gob.do/wp-content/uploads/2025/06/temperaturas-extremas-y-precipitaciones-2025x06x22-a.pdf
2025-06-22,059,BOCA DE MAO (EMA),VALVERDE,MINISTERIO DE AGRICULTURA,EMAP,33.6,22.2,0.0,https://indomet.gob.do/wp-content/uploads/2025/06/temperaturas-extremas-y-precipitaciones-2025x06x22-a.pdf
2025-06-22,060,CABRAL,BARAHONA,MINISTERIO DE AGRICULTURA,EMCV,34.9,26.3,0.0,https://indomet.gob.do/wp-content/uploads/2025/06/temperaturas-extremas-y-precipitaciones-2025x06x22-a.pdf
2025-06-22,061,CABRERA,MARÍA TRINIDAD SÁNCHEZ,ESCUELA ARÍSTIDES FIALLO CABRAL,EMCO,32.0,26.0,0.0,https://indomet.gob.do/wp-content/uploads/2025/06/temperaturas-extremas-y-precipitaciones-2025x06x22-a.pdf
2025-06-22,062,DAJABÓN,DAJABÓN,INSTITUTO POLITÉCNICO LOYOLA,EMCO,33.1,22.0,0.0,https://indomet.gob.do/wp-content/uploads/2025/06/temperaturas-extremas-y-precipitaciones-2025x06x22-a.pdf
2025-06-22,063,ELÍAS PIÑA,ELÍAS PIÑA,MINISTERIO DE AGRICULTURA,EMCV,,,0.0,https://indomet.gob.do/wp-content/uploads/2025/06/temperaturas-extremas-y-precipitaciones-2025x06x22-a.pdf
2025-06-22,064,ENRIQUILLO,BARAHONA,MINISTERIO DE AGRICULTURA,EMCV,31.7,,0.0,https://indomet.gob.do/wp-content/uploads/2025/06/temperaturas-extremas-y-precipitaciones-2025x06x22-a.pdf
2025-06-22,065,JIMANÍ,INDEPENDENCIA,MINISTERIO DE AGRICULTURA,EMCO,37.0,25.5,0.0,https://indomet.gob.do/wp-content/uploads/2025/06/temperaturas-extremas-y-precipitaciones-2025x06x22-a.pdf
2025-06-22,066,LAS CANAS (EMA),MONTE CRISTI,PROGRAMA MUNDIAL DE ALIMENTO,EMAP,30.6,22.3,0.0,https://indomet.gob.do/wp-content/uploads/2025/06/temperaturas-extremas-y-precipitaciones-2025x06x22-a.pdf
2025-06-22,067,LAS MATAS DE SANTA CRUZ (EMA,MONTE CRISTI,PROGRAMA MUNDIAL DE ALIMENTO,EMAP,34.8,22.4,0.0,https://indomet.gob.do/wp-content/uploads/2025/06/temperaturas-extremas-y-precipitaciones-2025x06x22-a.pdf
2025-06-22,068,LOS TRES CHARCOS (EMA),PEDERNALES,PROPIEDAD DEL VOLUNTARIO,EMAP,32.2,26.0,0.0,https://indomet.gob.do/wp-content/uploads/2025/06/temperaturas-extremas-y-precipitaciones-2025x06x22-a.pdf
2025-06-22,069,MAO,VALVERDE,INDRHI / MINISTERIO DE AGRICULTURA,EMCV,,,0.0,https://indomet.gob.do/wp-content/uploads/2025/06/temperaturas-extremas-y-precipitaciones-2025x06x22-a.pdf
2025-06-22,070,MONTE CRISTI,MONTE CRISTI,ONAMET,EMCO,34.4,24.7,0.0,https://indomet.gob.do/wp-content/uploads/2025/06/temperaturas-extremas-y-precipitaciones-2025x06x22-a.pdf
2025-06-22,071,OLIVARES,PEDERNALES,INDRHI,EMCO,,,0.0,https://indomet.gob.do/wp-content/uploads/2025/06/temperaturas-extremas-y-precipitaciones-2025x06x22-a.pdf
2025-06-22,072,OVIEDO,PEDERNALES,CLÍNICA RURAL OVIEDO,EMCO,33.0,,0.0,https://indomet.gob.do/wp-content/uploads/2025/06/temperaturas-extremas-y-precipitaciones-2025x06x22-a.pdf
2025-06-22,073,PADRE LAS CASAS,AZUA,HOSP. NTRA. SRA. DEL CARMEN,EMCO,33.2,21.2,0.0,https://indomet.gob.do/wp-content/uploads/2025/06/temperaturas-extremas-y-precipitaciones-2025x06x22-a.pdf
2025-06-22,074,PEDERNALES,PEDERNALES,INDRHI,EMCO,,,0.0,https://indomet.gob.do/wp-content/uploads/2025/06/temperaturas-extremas-y-precipitaciones-2025x06x22-a.pdf
2025-06-22,075,PESCADERIA (EMA),BARAHONA,MINISTERIO DE AGRICULTURA,EMAP,34.0,25.8,0.0,https://indomet.gob.do/wp-content/uploads/2025/06/temperaturas-extremas-y-precipitaciones-2025x06x22-a.pdf
2025-06-22,076,PONTÓN ABAJO (EMA),LA VEGA,MINISTERIO DE AGRICULTURA,EMAP,32.1,22.3,0.0,https://indomet.gob.do/wp-content/uploads/2025/06/temperaturas-extremas-y-precipitaciones-2025x06x22-a.pdf
2025-06-22,077,RESTAURACIÓN,DAJABÓN,MINISTERIO DE AGRICULTURA,EMCO,32.1,18.7,0.0,https://indomet.gob.do/wp-content/uploads/2025/06/temperaturas-extremas-y-precipitaciones-2025x06x22-a.pdf
2025-06-22,078,SABANETA (EMA),SANTIAGO RODRÍGUEZ,PROGRAMA MUNDIAL DE ALIMENTO,EMAP,34.4,21.9,0.0,https://indomet.gob.do/wp-content/uploads/2025/06/temperaturas-extremas-y-precipitaciones-2025x06x22-a.pdf
2025-06-22,079,SAN JOSÉ DE OCOA,SAN JOSÉ DE OCOA,HOSP. SAN JOSÉ DE OCOA,EMCO,31.6,,0.0,https://indomet.gob.do/wp-content/uploads/2025/06/temperaturas-extremas-y-precipitaciones-2025x06x22-a.pdf
2025-06-22,080,SANTIAGO RODRÍGUEZ,SANTIAGO RODRÍGUEZ,ONAMET,EMCO,34.6,23.0,0.0,https://indomet.gob.do/wp-content/uploads/2025/06/temperaturas-extremas-y-precipitaciones-2025x06x22-a.pdf
2025-06-22,081,TÁBARA ABAJO,AZUA,INDRHI,EMCO,33.5,24.0,0.0,https://indomet.gob.do/wp-content/uploads/2025/06/temperaturas-extremas-y-precipitaciones-2025x06x22-a.pdf
2025-06-23,001,ARPT. DE PUNTA CANA,LA ALTAGRACIA,ONAMET,EMCO,31.8,23.5,47.8,https://indomet.gob.do/wp-content/uploads/2025/06/temperaturas-extremas-y-precipitaciones-2025x06x23-a.pdf
2025-06-23,002,BAYAGUANA,MONTE PLATA,ONAMET,EMCO,32.8,21.6,42.8,https://indomet.gob.do/wp-content/uploads/2025/06/temperaturas-extremas-y-precipitaciones-2025x06x23-a.pdf
2025-06-23,003,VILLA RIVA,DUARTE,HOSP. MPAL. ALICIA DE LEGENDRE,EMCO,32.6,22.7,25.9,https://indomet.gob.do/wp-content/uploads/2025/06/temperaturas-extremas-y-precipitaciones-2025x06x23-a.pdf
2025-06-23,004,SAMANÁ,SAMANÁ,COMANDANCIA DE PUERTO DE SAMANÁ,EMCO,33.0,21.8,24.2,https://indomet.gob.do/wp-content/uploads/2025/06/temperaturas-extremas-y-precipitaciones-2025x06x23-a.pdf
2025-06-23,005,LA VEGA,LA VEGA,IATESA,EMCO,33.0,22.5,23.6,https://indomet.gob.do/wp-content/uploads/2025/06/temperaturas-extremas-y-precipitaciones-2025x06x23-a.pdf
2025-06-23,006,ARPT. EL CATEY,SAMANÁ,ONAMET,EMCO,30.5,22.0,17.7,https://indomet.gob.do/wp-content/uploads/2025/06/temperaturas-extremas-y-precipitaciones-2025x06x23-a.pdf
2025-06-23,007,ELÍAS PIÑA,ELÍAS PIÑA,MINISTERIO DE AGRICULTURA,EMCV,,,17.0,https://indomet.gob.do/wp-content/uploads/2025/06/temperaturas-extremas-y-precipitaciones-2025x06x23-a.pdf
2025-06-23,008,SABANA GRANDE DE BOYÁ,MONTE PLATA,MINISTERIO DE AGRICULTURA,EMCV,,,16.5,https://indomet.gob.do/wp-content/uploads/2025/06/temperaturas-extremas-y-precipitaciones-2025x06x23-a.pdf
2025-06-23,009,EL FACTOR (EMA),MARÍA TRINIDAD SÁNCHEZ,INTEC,EMAP,32.1,23.4,13.5,https://indomet.gob.do/wp-content/uploads/2025/06/temperaturas-extremas-y-precipitaciones-2025x06x23-a.pdf
2025-06-23,010,ARPT. GREGORIO LUPERÓN,PUERTO PLATA,ONAMET,EMCO,31.5,21.5,12.7,https://indomet.gob.do/wp-content/uploads/2025/06/temperaturas-extremas-y-precipitaciones-2025x06x23-a.pdf
2025-06-23,011,SANTIAGO RODRÍGUEZ,SANTIAGO RODRÍGUEZ,ONAMET,EMCO,35.5,22.6,12.3,https://indomet.gob.do/wp-content/uploads/2025/06/temperaturas-extremas-y-precipitaciones-2025x06x23-a.pdf
2025-06-23,012,RANCHO ARRIBA,SAN JOSÉ DE OCOA,CENTRO TECNOLÓGICO COMUNITARIO,EMCO,30.9,19.0,11.3,https://indomet.gob.do/wp-content/uploads/2025/06/temperaturas-extremas-y-precipitaciones-2025x06x23-a.pdf
2025-06-23,013,SABANETA (EMA),SANTIAGO RODRÍGUEZ,PROGRAMA MUNDIAL DE ALIMENTO,EMAP,35.3,21.7,11.2,https://indomet.gob.do/wp-content/uploads/2025/06/temperaturas-extremas-y-precipitaciones-2025x06x23-a.pdf
2025-06-23,014,DAJABÓN,DAJABÓN,INSTITUTO POLITÉCNICO LOYOLA,EMCO,33.7,21.5,8.6,https://indomet.gob.do/wp-content/uploads/2025/06/temperaturas-extremas-y-precipitaciones-2025x06x23-a.pdf
2025-06-23,015,ARPT. ARROYO BARRIL,SAMANÁ,ONAMET,EMCO,32.5,22.0,8.1,https://indomet.gob.do/wp-content/uploads/2025/06/temperaturas-extremas-y-precipitaciones-2025x06x23-a.pdf
2025-06-23,016,ANAMUYA (EMA),LA ALTAGRACIA,MINISTERIO DE AGRICULTURA,EMAP,,,7.0,https://indomet.gob.do/wp-content/uploads/2025/06/temperaturas-extremas-y-precipitaciones-2025x06x23-a.pdf
2025-06-23,017,MOCA,ESPAILLAT,MINISTERIO DE AGRICULTURA,EMCV,,,6.6,https://indomet.gob.do/wp-content/uploads/2025/06/temperaturas-extremas-y-precipitaciones-2025x06x23-a.pdf
2025-06-23,018,CABRERA,MARÍA TRINIDAD SÁNCHEZ,ESCUELA ARÍSTIDES FIALLO CABRAL,EMCO,33.8,25.0,5.8,https://indomet.gob.do/wp-content/uploads/2025/06/temperaturas-extremas-y-precipitaciones-2025x06x23-a.pdf
2025-06-23,019,JARABACOA (EMA),LA VEGA,PROGRAMA MUNDIAL DE ALIMENTO,EMAP,30.2,19.6,5.8,https://indomet.gob.do/wp-content/uploads/2025/06/temperaturas-extremas-y-precipitaciones-2025x06x23-a.pdf
2025-06-23,020,JARABACOA,LA VEGA,INDRHI / MARENA,EMCO,30.2,19.0,5.5,https://indomet.gob.do/wp-content/uploads/2025/06/temperaturas-extremas-y-precipitaciones-2025x06x23-a.pdf
2025-06-23,021,JUMA BEJUCAL,MONSEÑOR NOUEL,IDIAF,EMCV,32.4,22.6,4.5,https://indomet.gob.do/wp-content/uploads/2025/06/temperaturas-extremas-y-precipitaciones-2025x06x23-a.pdf
2025-06-23,022,SAN JOSÉ DE OCOA,SAN JOSÉ DE OCOA,HOSP. SAN JOSÉ DE OCOA,EMCO,33.1,,4.4,https://indomet.gob.do/wp-content/uploads/2025/06/temperaturas-extremas-y-precipitaciones-2025x06x23-a.pdf
2025-06-23,023,PALO ÍNDIO,PUERTO PLATA,MINISTERIO DE AGRICULTURA,EMCO,,,4.3,https://indomet.gob.do/wp-content/uploads/2025/06/temperaturas-extremas-y-precipitaciones-2025x06x23-a.pdf
2025-06-23,024,SAN CRISTÓBAL,SAN CRISTÓBAL,INSTITUTO POLITÉCNICO LOYOLA,EMCO,32.2,22.0,3.5,https://indomet.gob.do/wp-content/uploads/2025/06/temperaturas-extremas-y-precipitaciones-2025x06x23-a.pdf
2025-06-23,025,RÍO SAN JUAN,MARÍA TRINIDAD SÁNCHEZ,HOSP. MPAL. DR. DESIDERIO ACOSTA,EMCV,33.4,23.8,3.3,https://indomet.gob.do/wp-content/uploads/2025/06/temperaturas-extremas-y-precipitaciones-2025x06x23-a.pdf
2025-06-23,026,SAN RAFAEL DEL YUMA,LA ALTAGRACIA,MINISTERIO DE AGRICULTURA,EMCO,33.6,23.4,3.1,https://indomet.gob.do/wp-content/uploads/2025/06/temperaturas-extremas-y-precipitaciones-2025x06x23-a.pdf
2025-06-23,027,ARPT. DE LAS AMÉRICAS,SANTO DOMINGO,ONAMET,EMCO,32.5,22.6,2.3,https://indomet.gob.do/wp-content/uploads/2025/06/temperaturas-extremas-y-precipitaciones-2025x06x23-a.pdf
2025-06-23,028,CENTRO DE LOS HEROES (EMA),DISTRITO NACIONAL,MINISTERIO DE ENERGIA Y MINA,EMAP,31.2,26.0,1.6,https://indomet.gob.do/wp-content/uploads/2025/06/temperaturas-extremas-y-precipitaciones-2025x06x23-a.pdf
2025-06-23,029,SÁNCHEZ,SAMANÁ,MINISTERIO DE AGRICULTURA,EMCO,32.6,22.3,1.6,https://indomet.gob.do/wp-content/uploads/2025/06/temperaturas-extremas-y-precipitaciones-2025x06x23-a.pdf
2025-06-23,030,VILLA ISABELA,PUERTO PLATA,MINISTERIO DE AGRICULTURA,EMCV,,,1.3,https://indomet.gob.do/wp-content/uploads/2025/06/temperaturas-extremas-y-precipitaciones-2025x06x23-a.pdf
2025-06-23,031,MONCIÓN (EMA),SANTIAGO RODRÍGUEZ,PROGRAMA MUNDIAL DE ALIMENTO,EMAP,31.9,19.8,1.2,https://indomet.gob.do/wp-content/uploads/2025/06/temperaturas-extremas-y-precipitaciones-2025x06x23-a.pdf
2025-06-23,032,SANTO DOMINGO ESTE,SANTO DOMINGO,ONAMET,EMCO,32.4,24.0,1.1,https://indomet.gob.do/wp-content/uploads/2025/06/temperaturas-extremas-y-precipitaciones-2025x06x23-a.pdf
2025-06-23,033,LUPERÓN,PUERTO PLATA,MINISTERIO DE AGRICULTURA,EMCV,,,1.0,https://indomet.gob.do/wp-content/uploads/2025/06/temperaturas-extremas-y-precipitaciones-2025x06x23-a.pdf
2025-06-23,034,BASE AÉREA DE SAN ISIDRO,SANTO DOMINGO,FUERZA AÉREA DOMINICANA,EMCV,31.9,23.0,1.0,https://indomet.gob.do/wp-content/uploads/2025/06/temperaturas-extremas-y-precipitaciones-2025x06x23-a.pdf
2025-06-23,035,SAN FRANCISCO DE MACORÍS,DUARTE,San Francisco de Macorís (UASD),EMCO,32.0,22.8,1.0,https://indomet.gob.do/wp-content/uploads/2025/06/temperaturas-extremas-y-precipitaciones-2025x06x23-a.pdf
2025-06-23,036,ALTAMIRA,PUERTO PLATA,HOSP. MPAL. DE ALTAMIRA,EMCO,33.0,21.5,0.9,https://indomet.gob.do/wp-content/uploads/2025/06/temperaturas-extremas-y-precipitaciones-2025x06x23-a.pdf
2025-06-23,037,HATO MAYOR,HATO MAYOR,MINISTERIO DE AGRICULTURA,EMCV,,,0.5,https://indomet.gob.do/wp-content/uploads/2025/06/temperaturas-extremas-y-precipitaciones-2025x06x23-a.pdf
2025-06-23,038,PESCADERIA (EMA),BARAHONA,MINISTERIO DE AGRICULTURA,EMAP,33.8,27.3,0.4,https://indomet.gob.do/wp-content/uploads/2025/06/temperaturas-extremas-y-precipitaciones-2025x06x23-a.pdf
2025-06-23,039,POLO,BARAHONA,INDOCAFE,EMCO,30.0,18.2,0.4,https://indomet.gob.do/wp-content/uploads/2025/06/temperaturas-extremas-y-precipitaciones-2025x06x23-a.pdf
2025-06-23,040,PRESA DE TAVERAS (EMA),LA VEGA,PROGRAMA MUNDIAL DE ALIMENTO,EMAP,29.9,21.3,0.4,https://indomet.gob.do/wp-content/uploads/2025/06/temperaturas-extremas-y-precipitaciones-2025x06x23-a.pdf
2025-06-23,041,ARPT. DEL CIBAO,SANTIAGO,ONAMET,EMCO,33.0,21.5,0.3,https://indomet.gob.do/wp-content/uploads/2025/06/temperaturas-extremas-y-precipitaciones-2025x06x23-a.pdf
2025-06-23,042,SABANA DE LA MAR,HATO MAYOR,ONAMET,EMCO,31.5,22.5,0.3,https://indomet.gob.do/wp-content/uploads/2025/06/temperaturas-extremas-y-precipitaciones-2025x06x23-a.pdf
2025-06-23,043,HONDO VALLE,ELÍAS PIÑA,MINISTERIO DE AGRICULTURA,EMCO,26.5,18.6,0.1,https://indomet.gob.do/wp-content/uploads/2025/06/temperaturas-extremas-y-precipitaciones-2025x06x23-a.pdf
2025-06-23,044,LA VICTORIA,SANTO DOMINGO,CUERPO DE BOMBEROS,EMCO,33.0,23.5,0.1,https://indomet.gob.do/wp-content/uploads/2025/06/temperaturas-extremas-y-precipitaciones-2025x06x23-a.pdf
2025-06-23,045,VILLA ALTAGRACIA,SAN CRISTÓBAL,ESCUELA JAVIER ANGULO GURIDI,EMCO,,,0.1,https://indomet.gob.do/wp-content/uploads/2025/06/temperaturas-extremas-y-precipitaciones-2025x06x23-a.pdf
2025-06-23,046,ALTO BANDERA (EMA),LA VEGA,INTEC,EMAP,16.6,7.6,0.0,https://indomet.gob.do/wp-content/uploads/2025/06/temperaturas-extremas-y-precipitaciones-2025x06x23-a.pdf
2025-06-23,047,ARPT. DE LA ROMANA,LA ROMANA,ONAMET,EMCO,32.5,22.0,0.0,https://indomet.gob.do/wp-content/uploads/2025/06/temperaturas-extremas-y-precipitaciones-2025x06x23-a.pdf
2025-06-23,048,ARPT. LA ISABELA,SANTO DOMINGO,ONAMET,EMCO,32.0,21.5,0.0,https://indomet.gob.do/wp-content/uploads/2025/06/temperaturas-extremas-y-precipitaciones-2025x06x23-a.pdf
2025-06-23,049,ARPT. MARÍA MONTEZ,BARAHONA,ONAMET,EMCO,33.2,26.5,0.0,https://indomet.gob.do/wp-content/uploads/2025/06/temperaturas-extremas-y-precipitaciones-2025x06x23-a.pdf
2025-06-23,050,ARROYO LORO,SAN JUAN,IDIAF,EMCO,33.5,19.8,0.0,https://indomet.gob.do/wp-content/uploads/2025/06/temperaturas-extremas-y-precipitaciones-2025x06x23-a.pdf
2025-06-23,051,BOCA DE MAO (EMA),VALVERDE,MINISTERIO DE AGRICULTURA,EMAP,36.1,23.7,0.0,https://indomet.gob.do/wp-content/uploads/2025/06/temperaturas-extremas-y-precipitaciones-2025x06x23-a.pdf
2025-06-23,052,BOHECHÍO,SAN JUAN,MINISTERIO DE AGRICULTURA,EMCV,,,0.0,https://indomet.gob.do/wp-content/uploads/2025/06/temperaturas-extremas-y-precipitaciones-2025x06x23-a.pdf
2025-06-23,053,CABRAL,BARAHONA,MINISTERIO DE AGRICULTURA,EMCV,34.7,26.8,0.0,https://indomet.gob.do/wp-content/uploads/2025/06/temperaturas-extremas-y-precipitaciones-2025x06x23-a.pdf
2025-06-23,054,CONSTANZA,LA VEGA,MINISTERIO DE AGRICULTURA,EMCO,25.5,14.2,0.0,https://indomet.gob.do/wp-content/uploads/2025/06/temperaturas-extremas-y-precipitaciones-2025x06x23-a.pdf
2025-06-23,055,CONSTANZA (EMA),LA VEGA,PROGRAMA MUNDIAL DE ALIMENTO,EMAP,24.8,14.3,0.0,https://indomet.gob.do/wp-content/uploads/2025/06/temperaturas-extremas-y-precipitaciones-2025x06x23-a.pdf
2025-06-23,056,ENRIQUILLO,BARAHONA,MINISTERIO DE AGRICULTURA,EMCV,32.0,26.4,0.0,https://indomet.gob.do/wp-content/uploads/2025/06/temperaturas-extremas-y-precipitaciones-2025x06x23-a.pdf
2025-06-23,057,ESCONDIDO,PERAVIA,MINISTERIO DE AGRICULTURA,EMCV,32.0,24.0,0.0,https://indomet.gob.do/wp-content/uploads/2025/06/temperaturas-extremas-y-precipitaciones-2025x06x23-a.pdf
2025-06-23,058,GASPAR HERNÁNDEZ,ESPAILLAT,PROPIEDAD DEL EMPLEADO,EMCO,,,0.0,https://indomet.gob.do/wp-content/uploads/2025/06/temperaturas-extremas-y-precipitaciones-2025x06x23-a.pdf
2025-06-23,059,GURABO,SANTIAGO,MINISTERIO DE AGRICULTURA,EMCV,,,0.0,https://indomet.gob.do/wp-content/uploads/2025/06/temperaturas-extremas-y-precipitaciones-2025x06x23-a.pdf
2025-06-23,060,JIMANÍ,INDEPENDENCIA,MINISTERIO DE AGRICULTURA,EMCO,37.0,26.5,0.0,https://indomet.gob.do/wp-content/uploads/2025/06/temperaturas-extremas-y-precipitaciones-2025x06x23-a.pdf
2025-06-23,061,LA GUAYIGA (EMA),SAN CRISTÓBAL,PRIVADA,EMAP,,,0.0,https://indomet.gob.do/wp-content/uploads/2025/06/temperaturas-extremas-y-precipitaciones-2025x06x23-a.pdf
2025-06-23,062,LAS CANAS (EMA),MONTE CRISTI,PROGRAMA MUNDIAL DE ALIMENTO,EMAP,29.3,23.6,0.0,https://indomet.gob.do/wp-content/uploads/2025/06/temperaturas-extremas-y-precipitaciones-2025x06x23-a.pdf
2025-06-23,063,LAS MATAS DE SANTA CRUZ (EMA,MONTE CRISTI,PROGRAMA MUNDIAL DE ALIMENTO,EMAP,35.1,23.3,0.0,https://indomet.gob.do/wp-content/uploads/2025/06/temperaturas-extremas-y-precipitaciones-2025x06x23-a.pdf
2025-06-23,064,LOS LLANOS,SAN PEDRO DE MACORÍS,MINISTERIO DE AGRICULTURA,EMCO,33.2,22.4,0.0,https://indomet.gob.do/wp-content/uploads/2025/06/temperaturas-extremas-y-precipitaciones-2025x06x23-a.pdf
2025-06-23,065,MAO,VALVERDE,INDRHI / MINISTERIO DE AGRICULTURA,EMCV,,,0.0,https://indomet.gob.do/wp-content/uploads/2025/06/temperaturas-extremas-y-precipitaciones-2025x06x23-a.pdf
2025-06-23,066,MONTE CRISTI,MONTE CRISTI,ONAMET,EMCO,33.5,24.0,0.0,https://indomet.gob.do/wp-content/uploads/2025/06/temperaturas-extremas-y-precipitaciones-2025x06x23-a.pdf
2025-06-23,067,NAVARRETE,SANTIAGO,MINISTERIO DE AGRICULTURA,EMCV,,,0.0,https://indomet.gob.do/wp-content/uploads/2025/06/temperaturas-extremas-y-precipitaciones-2025x06x23-a.pdf
2025-06-23,068,OLIVARES,PEDERNALES,INDRHI,EMCO,,,0.0,https://indomet.gob.do/wp-content/uploads/2025/06/temperaturas-extremas-y-precipitaciones-2025x06x23-a.pdf
2025-06-23,069,OVIEDO,PEDERNALES,CLÍNICA RURAL OVIEDO,EMCO,33.4,26.5,0.0,https://indomet.gob.do/wp-content/uploads/2025/06/temperaturas-extremas-y-precipitaciones-2025x06x23-a.pdf
2025-06-23,070,PADRE LAS CASAS,AZUA,HOSP. NTRA. SRA. DEL CARMEN,EMCO,32.6,20.2,0.0,https://indomet.gob.do/wp-content/uploads/2025/06/temperaturas-extremas-y-precipitaciones-2025x06x23-a.pdf
2025-06-23,071,PEDERNALES,PEDERNALES,INDRHI,EMCO,,,0.0,https://indomet.gob.do/wp-content/uploads/2025/06/temperaturas-extremas-y-precipitaciones-2025x06x23-a.pdf
2025-06-23,072,PERALTA,AZUA,HOSP. MPAL. DE PERALTA,EMCO,32.0,18.9,0.0,https://indomet.gob.do/wp-content/uploads/2025/06/temperaturas-extremas-y-precipitaciones-2025x06x23-a.pdf
2025-06-23,073,PONTÓN ABAJO (EMA),LA VEGA,MINISTERIO DE AGRICULTURA,EMAP,33.7,22.8,0.0,https://indomet.gob.do/wp-content/uploads/2025/06/temperaturas-extremas-y-precipitaciones-2025x06x23-a.pdf
2025-06-23,074,RESTAURACIÓN,DAJABÓN,MINISTERIO DE AGRICULTURA,EMCO,31.5,19.1,0.0,https://indomet.gob.do/wp-content/uploads/2025/06/temperaturas-extremas-y-precipitaciones-2025x06x23-a.pdf
2025-06-23,075,SALCEDO,HERMANAS MIRABAL,PROPIEDAD DEL EMPLEADO,EMCO,,,0.0,https://indomet.gob.do/wp-content/uploads/2025/06/temperaturas-extremas-y-precipitaciones-2025x06x23-a.pdf
2025-06-23,076,TÁBARA ABAJO,AZUA,INDRHI,EMCO,32.5,20.3,0.0,https://indomet.gob.do/wp-content/uploads/2025/06/temperaturas-extremas-y-precipitaciones-2025x06x23-a.pdf
2025-06-23,077,VILLA GONZALES,SANTIAGO,MINISTERIO DE AGRICULTURA,EMCO,,,0.0,https://indomet.gob.do/wp-content/uploads/2025/06/temperaturas-extremas-y-precipitaciones-2025x06x23-a.pdf
2025-06-24,001,POLO,BARAHONA,INDOCAFE,EMCO,27.4,19.0,90.0,https://indomet.gob.do/wp-content/uploads/2025/06/temperaturas-extremas-y-precipitaciones-2025x06x24-a.pdf
2025-06-24,002,RESTAURACIÓN,DAJABÓN,MINISTERIO DE AGRICULTURA,EMCO,31.8,19.5,44.7,https://indomet.gob.do/wp-content/uploads/2025/06/temperaturas-extremas-y-precipitaciones-2025x06x24-a.pdf
2025-06-24,003,CABRERA,MARÍA TRINIDAD SÁNCHEZ,ESCUELA ARÍSTIDES FIALLO CABRAL,EMCO,33.2,23.7,42.7,https://indomet.gob.do/wp-content/uploads/2025/06/temperaturas-extremas-y-precipitaciones-2025x06x24-a.pdf
2025-06-24,004,ARPT. ARROYO BARRIL,SAMANÁ,ONAMET,EMCO,32.5,22.0,41.7,https://indomet.gob.do/wp-content/uploads/2025/06/temperaturas-extremas-y-precipitaciones-2025x06x24-a.pdf
2025-06-24,005,MONCIÓN (EMA),SANTIAGO RODRÍGUEZ,PROGRAMA MUNDIAL DE ALIMENTO,EMAP,32.3,18.8,31.8,https://indomet.gob.do/wp-content/uploads/2025/06/temperaturas-extremas-y-precipitaciones-2025x06x24-a.pdf
2025-06-24,006,LAS MATAS DE SANTA CRUZ (EMA,MONTE CRISTI,PROGRAMA MUNDIAL DE ALIMENTO,EMAP,34.6,22.3,29.5,https://indomet.gob.do/wp-content/uploads/2025/06/temperaturas-extremas-y-precipitaciones-2025x06x24-a.pdf
2025-06-24,007,ARPT. EL CATEY,SAMANÁ,ONAMET,EMCO,31.6,23.5,25.5,https://indomet.gob.do/wp-content/uploads/2025/06/temperaturas-extremas-y-precipitaciones-2025x06x24-a.pdf
2025-06-24,008,SAN JOSÉ DE OCOA,SAN JOSÉ DE OCOA,HOSP. SAN JOSÉ DE OCOA,EMCO,30.9,,22.2,https://indomet.gob.do/wp-content/uploads/2025/06/temperaturas-extremas-y-precipitaciones-2025x06x24-a.pdf
2025-06-24,009,VILLA ALTAGRACIA,SAN CRISTÓBAL,ESCUELA JAVIER ANGULO GURIDI,EMCO,,,19.3,https://indomet.gob.do/wp-content/uploads/2025/06/temperaturas-extremas-y-precipitaciones-2025x06x24-a.pdf
2025-06-24,010,EL FACTOR (EMA),MARÍA TRINIDAD SÁNCHEZ,INTEC,EMAP,33.2,24.7,18.8,https://indomet.gob.do/wp-content/uploads/2025/06/temperaturas-extremas-y-precipitaciones-2025x06x24-a.pdf
2025-06-24,011,VILLA RIVA,DUARTE,HOSP. MPAL. ALICIA DE LEGENDRE,EMCO,31.0,22.0,18.7,https://indomet.gob.do/wp-content/uploads/2025/06/temperaturas-extremas-y-precipitaciones-2025x06x24-a.pdf
2025-06-24,012,DAJABÓN,DAJABÓN,INSTITUTO POLITÉCNICO LOYOLA,EMCO,34.2,20.3,17.2,https://indomet.gob.do/wp-content/uploads/2025/06/temperaturas-extremas-y-precipitaciones-2025x06x24-a.pdf
2025-06-24,013,MONTE CRISTI,MONTE CRISTI,ONAMET,EMCO,35.2,24.2,16.1,https://indomet.gob.do/wp-content/uploads/2025/06/temperaturas-extremas-y-precipitaciones-2025x06x24-a.pdf
2025-06-24,014,BAYAGUANA,MONTE PLATA,ONAMET,EMCO,31.5,21.9,15.8,https://indomet.gob.do/wp-content/uploads/2025/06/temperaturas-extremas-y-precipitaciones-2025x06x24-a.pdf
2025-06-24,015,ARROYO LORO,SAN JUAN,IDIAF,EMCO,33.2,19.5,15.1,https://indomet.gob.do/wp-content/uploads/2025/06/temperaturas-extremas-y-precipitaciones-2025x06x24-a.pdf
2025-06-24,016,RANCHO ARRIBA,SAN JOSÉ DE OCOA,CENTRO TECNOLÓGICO COMUNITARIO,EMCO,29.6,19.2,14.4,https://indomet.gob.do/wp-content/uploads/2025/06/temperaturas-extremas-y-precipitaciones-2025x06x24-a.pdf
2025-06-24,017,EL CERCADO,SAN JUAN,MINISTERIO DE AGRICULTURA,EMCV,,,14.0,https://indomet.gob.do/wp-content/uploads/2025/06/temperaturas-extremas-y-precipitaciones-2025x06x24-a.pdf
2025-06-24,018,SÁNCHEZ,SAMANÁ,MINISTERIO DE AGRICULTURA,EMCO,32.7,23.2,12.6,https://indomet.gob.do/wp-content/uploads/2025/06/temperaturas-extremas-y-precipitaciones-2025x06x24-a.pdf
2025-06-24,019,ALTO BANDERA (EMA),LA VEGA,INTEC,EMAP,13.4,8.4,12.2,https://indomet.gob.do/wp-content/uploads/2025/06/temperaturas-extremas-y-precipitaciones-2025x06x24-a.pdf
2025-06-24,020,ELÍAS PIÑA,ELÍAS PIÑA,MINISTERIO DE AGRICULTURA,EMCV,,,12.0,https://indomet.gob.do/wp-content/uploads/2025/06/temperaturas-extremas-y-precipitaciones-2025x06x24-a.pdf
2025-06-24,021,SALCEDO,HERMANAS MIRABAL,PROPIEDAD DEL EMPLEADO,EMCO,,,12.0,https://indomet.gob.do/wp-content/uploads/2025/06/temperaturas-extremas-y-precipitaciones-2025x06x24-a.pdf
2025-06-24,022,VILLA ISABELA,PUERTO PLATA,MINISTERIO DE AGRICULTURA,EMCV,,,10.4,https://indomet.gob.do/wp-content/uploads/2025/06/temperaturas-extremas-y-precipitaciones-2025x06x24-a.pdf
2025-06-24,023,JIMANÍ,INDEPENDENCIA,MINISTERIO DE AGRICULTURA,EMCO,36.5,26.2,10.2,https://indomet.gob.do/wp-content/uploads/2025/06/temperaturas-extremas-y-precipitaciones-2025x06x24-a.pdf
2025-06-24,024,RÍO SAN JUAN,MARÍA TRINIDAD SÁNCHEZ,HOSP. MPAL. DR. DESIDERIO ACOSTA,EMCV,33.4,24.5,9.9,https://indomet.gob.do/wp-content/uploads/2025/06/temperaturas-extremas-y-precipitaciones-2025x06x24-a.pdf
2025-06-24,025,CABRAL,BARAHONA,MINISTERIO DE AGRICULTURA,EMCV,34.0,24.5,9.2,https://indomet.gob.do/wp-content/uploads/2025/06/temperaturas-extremas-y-precipitaciones-2025x06x24-a.pdf
2025-06-24,026,MOCA,ESPAILLAT,MINISTERIO DE AGRICULTURA,EMCV,,,7.2,https://indomet.gob.do/wp-content/uploads/2025/06/temperaturas-extremas-y-precipitaciones-2025x06x24-a.pdf
2025-06-24,027,GASPAR HERNÁNDEZ,ESPAILLAT,PROPIEDAD DEL EMPLEADO,EMCO,,,7.1,https://indomet.gob.do/wp-content/uploads/2025/06/temperaturas-extremas-y-precipitaciones-2025x06x24-a.pdf
2025-06-24,028,PASO AL MEDIO,SAN PEDRO DE MACORÍS,INDRHI,EMCO,,,7.1,https://indomet.gob.do/wp-content/uploads/2025/06/temperaturas-extremas-y-precipitaciones-2025x06x24-a.pdf
2025-06-24,029,SAN FRANCISCO DE MACORÍS,DUARTE,San Francisco de Macorís (UASD),EMCO,29.7,22.2,6.6,https://indomet.gob.do/wp-content/uploads/2025/06/temperaturas-extremas-y-precipitaciones-2025x06x24-a.pdf
2025-06-24,030,LA VEGA,LA VEGA,IATESA,EMCO,33.2,22.0,6.3,https://indomet.gob.do/wp-content/uploads/2025/06/temperaturas-extremas-y-precipitaciones-2025x06x24-a.pdf
2025-06-24,031,SANTIAGO RODRÍGUEZ,SANTIAGO RODRÍGUEZ,ONAMET,EMCO,36.7,22.0,6.2,https://indomet.gob.do/wp-content/uploads/2025/06/temperaturas-extremas-y-precipitaciones-2025x06x24-a.pdf
2025-06-24,032,ARPT. GREGORIO LUPERÓN,PUERTO PLATA,ONAMET,EMCO,32.2,23.0,6.0,https://indomet.gob.do/wp-content/uploads/2025/06/temperaturas-extremas-y-precipitaciones-2025x06x24-a.pdf
2025-06-24,033,PADRE LAS CASAS,AZUA,HOSP. NTRA. SRA. DEL CARMEN,EMCO,33.5,19.0,5.9,https://indomet.gob.do/wp-content/uploads/2025/06/temperaturas-extremas-y-precipitaciones-2025x06x24-a.pdf
2025-06-24,034,ARPT. DEL CIBAO,SANTIAGO,ONAMET,EMCO,34.0,22.1,5.3,https://indomet.gob.do/wp-content/uploads/2025/06/temperaturas-extremas-y-precipitaciones-2025x06x24-a.pdf
2025-06-24,035,SABANETA (EMA),SANTIAGO RODRÍGUEZ,PROGRAMA MUNDIAL DE ALIMENTO,EMAP,36.4,21.2,5.2,https://indomet.gob.do/wp-content/uploads/2025/06/temperaturas-extremas-y-precipitaciones-2025x06x24-a.pdf
2025-06-24,036,HONDO VALLE,ELÍAS PIÑA,MINISTERIO DE AGRICULTURA,EMCO,26.0,17.9,4.9,https://indomet.gob.do/wp-content/uploads/2025/06/temperaturas-extremas-y-precipitaciones-2025x06x24-a.pdf
2025-06-24,037,JUMA BEJUCAL,MONSEÑOR NOUEL,IDIAF,EMCV,31.8,21.2,4.9,https://indomet.gob.do/wp-content/uploads/2025/06/temperaturas-extremas-y-precipitaciones-2025x06x24-a.pdf
2025-06-24,038,GURABO,SANTIAGO,MINISTERIO DE AGRICULTURA,EMCV,,,4.6,https://indomet.gob.do/wp-content/uploads/2025/06/temperaturas-extremas-y-precipitaciones-2025x06x24-a.pdf
2025-06-24,039,PERALTA,AZUA,HOSP. MPAL. DE PERALTA,EMCO,33.7,19.5,4.4,https://indomet.gob.do/wp-content/uploads/2025/06/temperaturas-extremas-y-precipitaciones-2025x06x24-a.pdf
2025-06-24,040,SABANA GRANDE DE BOYÁ,MONTE PLATA,MINISTERIO DE AGRICULTURA,EMCV,,,3.8,https://indomet.gob.do/wp-content/uploads/2025/06/temperaturas-extremas-y-precipitaciones-2025x06x24-a.pdf
2025-06-24,041,BANI (EMA),PERAVIA,MINISTERIO DE AGRICULTURA,EMAP,31.6,26.1,3.8,https://indomet.gob.do/wp-content/uploads/2025/06/temperaturas-extremas-y-precipitaciones-2025x06x24-a.pdf
2025-06-24,042,ESCONDIDO,PERAVIA,MINISTERIO DE AGRICULTURA,EMCV,32.0,,3.8,https://indomet.gob.do/wp-content/uploads/2025/06/temperaturas-extremas-y-precipitaciones-2025x06x24-a.pdf
2025-06-24,043,BOHECHÍO,SAN JUAN,MINISTERIO DE AGRICULTURA,EMCV,,,3.6,https://indomet.gob.do/wp-content/uploads/2025/06/temperaturas-extremas-y-precipitaciones-2025x06x24-a.pdf
2025-06-24,044,BONAO,MONSEÑOR NOUEL,MINISTERIO DE AGRICULTURA,EMCV,,,2.8,https://indomet.gob.do/wp-content/uploads/2025/06/temperaturas-extremas-y-precipitaciones-2025x06x24-a.pdf
2025-06-24,045,ENRIQUILLO,BARAHONA,MINISTERIO DE AGRICULTURA,EMCV,32.3,,2.6,https://indomet.gob.do/wp-content/uploads/2025/06/temperaturas-extremas-y-precipitaciones-2025x06x24-a.pdf
2025-06-24,046,NAVARRETE,SANTIAGO,MINISTERIO DE AGRICULTURA,EMCV,,,2.5,https://indomet.gob.do/wp-content/uploads/2025/06/temperaturas-extremas-y-precipitaciones-2025x06x24-a.pdf
2025-06-24,047,VILLA GONZALES,SANTIAGO,MINISTERIO DE AGRICULTURA,EMCO,,,2.5,https://indomet.gob.do/wp-content/uploads/2025/06/temperaturas-extremas-y-precipitaciones-2025x06x24-a.pdf
2025-06-24,048,ALTAMIRA,PUERTO PLATA,HOSP. MPAL. DE ALTAMIRA,EMCO,34.1,22.4,2.4,https://indomet.gob.do/wp-content/uploads/2025/06/temperaturas-extremas-y-precipitaciones-2025x06x24-a.pdf
2025-06-24,049,JARDÍN BOTÁNICO NACIONAL,DISTRITO NACIONAL,JARDÍN BOTÁNICO NACIONAL,EMCV,32.7,22.6,2.4,https://indomet.gob.do/wp-content/uploads/2025/06/temperaturas-extremas-y-precipitaciones-2025x06x24-a.pdf
2025-06-24,050,LOS JENGIBRES,NAGUA,INDRHI,EMCO,,,2.4,https://indomet.gob.do/wp-content/uploads/2025/06/temperaturas-extremas-y-precipitaciones-2025x06x24-a.pdf
2025-06-24,051,MAO,VALVERDE,INDRHI / MINISTERIO DE AGRICULTURA,EMCV,,,1.9,https://indomet.gob.do/wp-content/uploads/2025/06/temperaturas-extremas-y-precipitaciones-2025x06x24-a.pdf
2025-06-24,052,LA VICTORIA,SANTO DOMINGO,CUERPO DE BOMBEROS,EMCO,34.0,23.5,1.8,https://indomet.gob.do/wp-content/uploads/2025/06/temperaturas-extremas-y-precipitaciones-2025x06x24-a.pdf
2025-06-24,053,PARQUE MIRADOR SUR,DISTRITO NACIONAL,AYUNTAMIENTO,EMCV,33.0,22.3,1.6,https://indomet.gob.do/wp-content/uploads/2025/06/temperaturas-extremas-y-precipitaciones-2025x06x24-a.pdf
2025-06-24,054,JARABACOA,LA VEGA,INDRHI / MARENA,EMCO,31.0,18.4,1.5,https://indomet.gob.do/wp-content/uploads/2025/06/temperaturas-extremas-y-precipitaciones-2025x06x24-a.pdf
2025-06-24,055,CONSTANZA,LA VEGA,MINISTERIO DE AGRICULTURA,EMCO,27.2,15.0,1.4,https://indomet.gob.do/wp-content/uploads/2025/06/temperaturas-extremas-y-precipitaciones-2025x06x24-a.pdf
2025-06-24,056,JARABACOA (EMA),LA VEGA,PROGRAMA MUNDIAL DE ALIMENTO,EMAP,30.9,19.2,1.4,https://indomet.gob.do/wp-content/uploads/2025/06/temperaturas-extremas-y-precipitaciones-2025x06x24-a.pdf
2025-06-24,057,SAMANÁ,SAMANÁ,COMANDANCIA DE PUERTO DE SAMANÁ,EMCO,33.4,26.0,1.4,https://indomet.gob.do/wp-content/uploads/2025/06/temperaturas-extremas-y-precipitaciones-2025x06x24-a.pdf
2025-06-24,058,CONSTANZA (EMA),LA VEGA,PROGRAMA MUNDIAL DE ALIMENTO,EMAP,26.3,15.1,1.2,https://indomet.gob.do/wp-content/uploads/2025/06/temperaturas-extremas-y-precipitaciones-2025x06x24-a.pdf
2025-06-24,059,OVIEDO,PEDERNALES,CLÍNICA RURAL OVIEDO,EMCO,33.0,,1.0,https://indomet.gob.do/wp-content/uploads/2025/06/temperaturas-extremas-y-precipitaciones-2025x06x24-a.pdf
2025-06-24,060,PALO ÍNDIO,PUERTO PLATA,MINISTERIO DE AGRICULTURA,EMCO,,,1.0,https://indomet.gob.do/wp-content/uploads/2025/06/temperaturas-extremas-y-precipitaciones-2025x06x24-a.pdf
2025-06-24,061,TÁBARA ABAJO,AZUA,INDRHI,EMCO,34.5,23.4,0.9,https://indomet.gob.do/wp-content/uploads/2025/06/temperaturas-extremas-y-precipitaciones-2025x06x24-a.pdf
2025-06-24,062,LOS LLANOS,SAN PEDRO DE MACORÍS,MINISTERIO DE AGRICULTURA,EMCO,31.8,23.5,0.8,https://indomet.gob.do/wp-content/uploads/2025/06/temperaturas-extremas-y-precipitaciones-2025x06x24-a.pdf
2025-06-24,063,ARPT. MARÍA MONTEZ,BARAHONA,ONAMET,EMCO,33.6,25.5,0.7,https://indomet.gob.do/wp-content/uploads/2025/06/temperaturas-extremas-y-precipitaciones-2025x06x24-a.pdf
2025-06-24,064,HATO MAYOR,HATO MAYOR,MINISTERIO DE AGRICULTURA,EMCV,,,0.6,https://indomet.gob.do/wp-content/uploads/2025/06/temperaturas-extremas-y-precipitaciones-2025x06x24-a.pdf
2025-06-24,065,TAMBORIL,SANTIAGO,MINISTERIO DE AGRICULTURA,EMCV,,,0.6,https://indomet.gob.do/wp-content/uploads/2025/06/temperaturas-extremas-y-precipitaciones-2025x06x24-a.pdf
2025-06-24,066,LUPERÓN,PUERTO PLATA,MINISTERIO DE AGRICULTURA,EMCV,,,0.5,https://indomet.gob.do/wp-content/uploads/2025/06/temperaturas-extremas-y-precipitaciones-2025x06x24-a.pdf
2025-06-24,067,SABANA DE LA MAR,HATO MAYOR,ONAMET,EMCO,30.5,23.0,0.5,https://indomet.gob.do/wp-content/uploads/2025/06/temperaturas-extremas-y-precipitaciones-2025x06x24-a.pdf
2025-06-24,068,BOCA DE MAO (EMA),VALVERDE,MINISTERIO DE AGRICULTURA,EMAP,36.9,23.1,0.4,https://indomet.gob.do/wp-content/uploads/2025/06/temperaturas-extremas-y-precipitaciones-2025x06x24-a.pdf
2025-06-24,069,PESCADERIA (EMA),BARAHONA,MINISTERIO DE AGRICULTURA,EMAP,33.1,24.3,0.4,https://indomet.gob.do/wp-content/uploads/2025/06/temperaturas-extremas-y-precipitaciones-2025x06x24-a.pdf
2025-06-24,070,SAN RAFAEL DEL YUMA,LA ALTAGRACIA,MINISTERIO DE AGRICULTURA,EMCO,31.7,24.3,0.4,https://indomet.gob.do/wp-content/uploads/2025/06/temperaturas-extremas-y-precipitaciones-2025x06x24-a.pdf
2025-06-24,071,ARPT. DE LA ROMANA,LA ROMANA,ONAMET,EMCO,31.6,22.7,0.2,https://indomet.gob.do/wp-content/uploads/2025/06/temperaturas-extremas-y-precipitaciones-2025x06x24-a.pdf
2025-06-24,072,ARPT. LA ISABELA,SANTO DOMINGO,ONAMET,EMCO,33.0,23.0,0.1,https://indomet.gob.do/wp-content/uploads/2025/06/temperaturas-extremas-y-precipitaciones-2025x06x24-a.pdf
2025-06-24,073,SANTO DOMINGO ESTE,SANTO DOMINGO,ONAMET,EMCO,32.6,23.9,0.1,https://indomet.gob.do/wp-content/uploads/2025/06/temperaturas-extremas-y-precipitaciones-2025x06x24-a.pdf
2025-06-24,074,ANAMUYA (EMA),LA ALTAGRACIA,MINISTERIO DE AGRICULTURA,EMAP,31.7,24.7,0.0,https://indomet.gob.do/wp-content/uploads/2025/06/temperaturas-extremas-y-precipitaciones-2025x06x24-a.pdf
2025-06-24,075,ARPT. DE LAS AMÉRICAS,SANTO DOMINGO,ONAMET,EMCO,32.2,22.8,0.0,https://indomet.gob.do/wp-content/uploads/2025/06/temperaturas-extremas-y-precipitaciones-2025x06x24-a.pdf
2025-06-24,076,ARPT. DE PUNTA CANA,LA ALTAGRACIA,ONAMET,EMCO,31.5,22.3,0.0,https://indomet.gob.do/wp-content/uploads/2025/06/temperaturas-extremas-y-precipitaciones-2025x06x24-a.pdf
2025-06-24,077,BASE AÉREA DE SAN ISIDRO,SANTO DOMINGO,FUERZA AÉREA DOMINICANA,EMCV,32.5,23.8,0.0,https://indomet.gob.do/wp-content/uploads/2025/06/temperaturas-extremas-y-precipitaciones-2025x06x24-a.pdf
2025-06-24,078,CENTRO DE LOS HEROES (EMA),DISTRITO NACIONAL,MINISTERIO DE ENERGIA Y MINA,EMAP,31.1,26.7,0.0,https://indomet.gob.do/wp-content/uploads/2025/06/temperaturas-extremas-y-precipitaciones-2025x06x24-a.pdf
2025-06-24,079,LA GUAYIGA (EMA),SAN CRISTÓBAL,PRIVADA,EMAP,,,0.0,https://indomet.gob.do/wp-content/uploads/2025/06/temperaturas-extremas-y-precipitaciones-2025x06x24-a.pdf
2025-06-24,080,LAS CANAS (EMA),MONTE CRISTI,PROGRAMA MUNDIAL DE ALIMENTO,EMAP,31.5,22.9,0.0,https://indomet.gob.do/wp-content/uploads/2025/06/temperaturas-extremas-y-precipitaciones-2025x06x24-a.pdf
2025-06-24,081,OLIVARES,PEDERNALES,INDRHI,EMCO,,,0.0,https://indomet.gob.do/wp-content/uploads/2025/06/temperaturas-extremas-y-precipitaciones-2025x06x24-a.pdf
2025-06-24,082,PEDERNALES,PEDERNALES,INDRHI,EMCO,,,0.0,https://indomet.gob.do/wp-content/uploads/2025/06/temperaturas-extremas-y-precipitaciones-2025x06x24-a.pdf
2025-06-24,083,PONTÓN ABAJO (EMA),LA VEGA,MINISTERIO DE AGRICULTURA,EMAP,34.2,22.2,0.0,https://indomet.gob.do/wp-content/uploads/2025/06/temperaturas-extremas-y-precipitaciones-2025x06x24-a.pdf
2025-06-24,084,PRESA DE TAVERAS (EMA),LA VEGA,PROGRAMA MUNDIAL DE ALIMENTO,EMAP,30.3,21.4,0.0,https://indomet.gob.do/wp-content/uploads/2025/06/temperaturas-extremas-y-precipitaciones-2025x06x24-a.pdf
2025-06-24,085,SAN CRISTÓBAL,SAN CRISTÓBAL,INSTITUTO POLITÉCNICO LOYOLA,EMCO,32.4,22.2,0.0,https://indomet.gob.do/wp-content/uploads/2025/06/temperaturas-extremas-y-precipitaciones-2025x06x24-a.pdf
2025-06-25,001,SÁNCHEZ,SAMANÁ,MINISTERIO DE AGRICULTURA,EMCO,33.2,23.6,6.4,https://indomet.gob.do/wp-content/uploads/2025/06/temperaturas-extremas-y-precipitaciones-2025x06x25-a.pdf
2025-06-25,002,SAMANÁ,SAMANÁ,COMANDANCIA DE PUERTO DE SAMANÁ,EMCO,32.9,26.4,1.8,https://indomet.gob.do/wp-content/uploads/2025/06/temperaturas-extremas-y-precipitaciones-2025x06x25-a.pdf
2025-06-25,003,ARPT. ARROYO BARRIL,SAMANÁ,ONAMET,EMCO,32.3,23.7,1.3,https://indomet.gob.do/wp-content/uploads/2025/06/temperaturas-extremas-y-precipitaciones-2025x06x25-a.pdf
2025-06-25,004,PESCADERIA (EMA),BARAHONA,MINISTERIO DE AGRICULTURA,EMAP,35.0,25.2,1.2,https://indomet.gob.do/wp-content/uploads/2025/06/temperaturas-extremas-y-precipitaciones-2025x06x25-a.pdf
2025-06-25,005,RANCHO ARRIBA,SAN JOSÉ DE OCOA,CENTRO TECNOLÓGICO COMUNITARIO,EMCO,30.9,19.0,0.3,https://indomet.gob.do/wp-content/uploads/2025/06/temperaturas-extremas-y-precipitaciones-2025x06x25-a.pdf
2025-06-25,006,CABRAL,BARAHONA,MINISTERIO DE AGRICULTURA,EMCV,34.0,26.6,0.1,https://indomet.gob.do/wp-content/uploads/2025/06/temperaturas-extremas-y-precipitaciones-2025x06x25-a.pdf
2025-06-25,007,POLO,BARAHONA,INDOCAFE,EMCO,28.0,14.2,0.1,https://indomet.gob.do/wp-content/uploads/2025/06/temperaturas-extremas-y-precipitaciones-2025x06x25-a.pdf
2025-06-25,008,VILLA ALTAGRACIA,SAN CRISTÓBAL,ESCUELA JAVIER ANGULO GURIDI,EMCO,,,0.1,https://indomet.gob.do/wp-content/uploads/2025/06/temperaturas-extremas-y-precipitaciones-2025x06x25-a.pdf
2025-06-25,009,ALTAMIRA,PUERTO PLATA,HOSP. MPAL. DE ALTAMIRA,EMCO,34.3,21.5,0.0,https://indomet.gob.do/wp-content/uploads/2025/06/temperaturas-extremas-y-precipitaciones-2025x06x25-a.pdf
2025-06-25,010,ALTO BANDERA (EMA),LA VEGA,INTEC,EMAP,16.7,9.9,0.0,https://indomet.gob.do/wp-content/uploads/2025/06/temperaturas-extremas-y-precipitaciones-2025x06x25-a.pdf
2025-06-25,011,ANAMUYA (EMA),LA ALTAGRACIA,MINISTERIO DE AGRICULTURA,EMAP,33.3,24.7,0.0,https://indomet.gob.do/wp-content/uploads/2025/06/temperaturas-extremas-y-precipitaciones-2025x06x25-a.pdf
2025-06-25,012,ARPT. DE LA ROMANA,LA ROMANA,ONAMET,EMCO,33.2,23.9,0.0,https://indomet.gob.do/wp-content/uploads/2025/06/temperaturas-extremas-y-precipitaciones-2025x06x25-a.pdf
2025-06-25,013,ARPT. DE LAS AMÉRICAS,SANTO DOMINGO,ONAMET,EMCO,34.0,23.8,0.0,https://indomet.gob.do/wp-content/uploads/2025/06/temperaturas-extremas-y-precipitaciones-2025x06x25-a.pdf
2025-06-25,014,ARPT. DE PUNTA CANA,LA ALTAGRACIA,ONAMET,EMCO,32.0,24.8,0.0,https://indomet.gob.do/wp-content/uploads/2025/06/temperaturas-extremas-y-precipitaciones-2025x06x25-a.pdf
2025-06-25,015,ARPT. DEL CIBAO,SANTIAGO,ONAMET,EMCO,33.4,22.0,0.0,https://indomet.gob.do/wp-content/uploads/2025/06/temperaturas-extremas-y-precipitaciones-2025x06x25-a.pdf
2025-06-25,016,ARPT. EL CATEY,SAMANÁ,ONAMET,EMCO,32.4,23.0,0.0,https://indomet.gob.do/wp-content/uploads/2025/06/temperaturas-extremas-y-precipitaciones-2025x06x25-a.pdf
2025-06-25,017,ARPT. GREGORIO LUPERÓN,PUERTO PLATA,ONAMET,EMCO,32.4,23.6,0.0,https://indomet.gob.do/wp-content/uploads/2025/06/temperaturas-extremas-y-precipitaciones-2025x06x25-a.pdf
2025-06-25,018,ARPT. LA ISABELA,SANTO DOMINGO,ONAMET,EMCO,33.4,22.5,0.0,https://indomet.gob.do/wp-content/uploads/2025/06/temperaturas-extremas-y-precipitaciones-2025x06x25-a.pdf
2025-06-25,019,ARPT. MARÍA MONTEZ,BARAHONA,ONAMET,EMCO,33.0,24.8,0.0,https://indomet.gob.do/wp-content/uploads/2025/06/temperaturas-extremas-y-precipitaciones-2025x06x25-a.pdf
2025-06-25,020,ARROYO LORO,SAN JUAN,IDIAF,EMCO,32.0,20.5,0.0,https://indomet.gob.do/wp-content/uploads/2025/06/temperaturas-extremas-y-precipitaciones-2025x06x25-a.pdf
2025-06-25,021,BASE AÉREA DE SAN ISIDRO,SANTO DOMINGO,FUERZA AÉREA DOMINICANA,EMCV,34.2,24.1,0.0,https://indomet.gob.do/wp-content/uploads/2025/06/temperaturas-extremas-y-precipitaciones-2025x06x25-a.pdf
2025-06-25,022,BAYAGUANA,MONTE PLATA,ONAMET,EMCO,33.6,22.8,0.0,https://indomet.gob.do/wp-content/uploads/2025/06/temperaturas-extremas-y-precipitaciones-2025x06x25-a.pdf
2025-06-25,023,BOCA DE MAO (EMA),VALVERDE,MINISTERIO DE AGRICULTURA,EMAP,35.8,24.4,0.0,https://indomet.gob.do/wp-content/uploads/2025/06/temperaturas-extremas-y-precipitaciones-2025x06x25-a.pdf
2025-06-25,024,BONAO,MONSEÑOR NOUEL,MINISTERIO DE AGRICULTURA,EMCV,,,0.0,https://indomet.gob.do/wp-content/uploads/2025/06/temperaturas-extremas-y-precipitaciones-2025x06x25-a.pdf
2025-06-25,025,CABRERA,MARÍA TRINIDAD SÁNCHEZ,ESCUELA ARÍSTIDES FIALLO CABRAL,EMCO,32.4,25.2,0.0,https://indomet.gob.do/wp-content/uploads/2025/06/temperaturas-extremas-y-precipitaciones-2025x06x25-a.pdf
2025-06-25,026,CENTRO DE LOS HEROES (EMA),DISTRITO NACIONAL,MINISTERIO DE ENERGIA Y MINA,EMAP,31.7,26.9,0.0,https://indomet.gob.do/wp-content/uploads/2025/06/temperaturas-extremas-y-precipitaciones-2025x06x25-a.pdf
2025-06-25,027,CONSTANZA,LA VEGA,MINISTERIO DE AGRICULTURA,EMCO,27.0,12.8,0.0,https://indomet.gob.do/wp-content/uploads/2025/06/temperaturas-extremas-y-precipitaciones-2025x06x25-a.pdf
2025-06-25,028,CONSTANZA (EMA),LA VEGA,PROGRAMA MUNDIAL DE ALIMENTO,EMAP,34.5,14.2,0.0,https://indomet.gob.do/wp-content/uploads/2025/06/temperaturas-extremas-y-precipitaciones-2025x06x25-a.pdf
2025-06-25,029,DAJABÓN,DAJABÓN,INSTITUTO POLITÉCNICO LOYOLA,EMCO,34.7,22.1,0.0,https://indomet.gob.do/wp-content/uploads/2025/06/temperaturas-extremas-y-precipitaciones-2025x06x25-a.pdf
2025-06-25,030,EL FACTOR (EMA),MARÍA TRINIDAD SÁNCHEZ,INTEC,EMAP,32.2,24.0,0.0,https://indomet.gob.do/wp-content/uploads/2025/06/temperaturas-extremas-y-precipitaciones-2025x06x25-a.pdf
2025-06-25,031,ELÍAS PIÑA,ELÍAS PIÑA,MINISTERIO DE AGRICULTURA,EMCV,,,0.0,https://indomet.gob.do/wp-content/uploads/2025/06/temperaturas-extremas-y-precipitaciones-2025x06x25-a.pdf
2025-06-25,032,ENRIQUILLO,BARAHONA,MINISTERIO DE AGRICULTURA,EMCV,32.0,26.5,0.0,https://indomet.gob.do/wp-content/uploads/2025/06/temperaturas-extremas-y-precipitaciones-2025x06x25-a.pdf
2025-06-25,033,ESCONDIDO,PERAVIA,MINISTERIO DE AGRICULTURA,EMCV,33.0,24.0,0.0,https://indomet.gob.do/wp-content/uploads/2025/06/temperaturas-extremas-y-precipitaciones-2025x06x25-a.pdf
2025-06-25,034,GASPAR HERNÁNDEZ,ESPAILLAT,PROPIEDAD DEL EMPLEADO,EMCO,,,0.0,https://indomet.gob.do/wp-content/uploads/2025/06/temperaturas-extremas-y-precipitaciones-2025x06x25-a.pdf
2025-06-25,035,GURABO,SANTIAGO,MINISTERIO DE AGRICULTURA,EMCV,,,0.0,https://indomet.gob.do/wp-content/uploads/2025/06/temperaturas-extremas-y-precipitaciones-2025x06x25-a.pdf
2025-06-25,036,HATO MAYOR,HATO MAYOR,MINISTERIO DE AGRICULTURA,EMCV,,,0.0,https://indomet.gob.do/wp-content/uploads/2025/06/temperaturas-extremas-y-precipitaciones-2025x06x25-a.pdf
2025-06-25,037,HONDO VALLE,ELÍAS PIÑA,MINISTERIO DE AGRICULTURA,EMCO,26.9,18.2,0.0,https://indomet.gob.do/wp-content/uploads/2025/06/temperaturas-extremas-y-precipitaciones-2025x06x25-a.pdf
2025-06-25,038,JARABACOA,LA VEGA,INDRHI / MARENA,EMCO,31.2,18.2,0.0,https://indomet.gob.do/wp-content/uploads/2025/06/temperaturas-extremas-y-precipitaciones-2025x06x25-a.pdf
2025-06-25,039,JARABACOA (EMA),LA VEGA,PROGRAMA MUNDIAL DE ALIMENTO,EMAP,31.3,19.0,0.0,https://indomet.gob.do/wp-content/uploads/2025/06/temperaturas-extremas-y-precipitaciones-2025x06x25-a.pdf
2025-06-25,040,JARDÍN BOTÁNICO NACIONAL,DISTRITO NACIONAL,JARDÍN BOTÁNICO NACIONAL,EMCV,31.1,21.8,0.0,https://indomet.gob.do/wp-content/uploads/2025/06/temperaturas-extremas-y-precipitaciones-2025x06x25-a.pdf
2025-06-25,041,JIMANÍ,INDEPENDENCIA,MINISTERIO DE AGRICULTURA,EMCO,35.2,22.0,0.0,https://indomet.gob.do/wp-content/uploads/2025/06/temperaturas-extremas-y-precipitaciones-2025x06x25-a.pdf
2025-06-25,042,JUMA BEJUCAL,MONSEÑOR NOUEL,IDIAF,EMCV,32.8,22.8,0.0,https://indomet.gob.do/wp-content/uploads/2025/06/temperaturas-extremas-y-precipitaciones-2025x06x25-a.pdf
2025-06-25,043,LA VEGA,LA VEGA,IATESA,EMCO,33.0,22.5,0.0,https://indomet.gob.do/wp-content/uploads/2025/06/temperaturas-extremas-y-precipitaciones-2025x06x25-a.pdf
2025-06-25,044,LA VICTORIA,SANTO DOMINGO,CUERPO DE BOMBEROS,EMCO,35.0,24.5,0.0,https://indomet.gob.do/wp-content/uploads/2025/06/temperaturas-extremas-y-precipitaciones-2025x06x25-a.pdf
2025-06-25,045,LAS CANAS (EMA),MONTE CRISTI,PROGRAMA MUNDIAL DE ALIMENTO,EMAP,30.3,24.5,0.0,https://indomet.gob.do/wp-content/uploads/2025/06/temperaturas-extremas-y-precipitaciones-2025x06x25-a.pdf
2025-06-25,046,LAS MATAS DE SANTA CRUZ (EMA,MONTE CRISTI,PROGRAMA MUNDIAL DE ALIMENTO,EMAP,34.9,24.4,0.0,https://indomet.gob.do/wp-content/uploads/2025/06/temperaturas-extremas-y-precipitaciones-2025x06x25-a.pdf
2025-06-25,047,LOS LLANOS,SAN PEDRO DE MACORÍS,MINISTERIO DE AGRICULTURA,EMCO,34.0,23.5,0.0,https://indomet.gob.do/wp-content/uploads/2025/06/temperaturas-extremas-y-precipitaciones-2025x06x25-a.pdf
2025-06-25,048,MAO,VALVERDE,INDRHI / MINISTERIO DE AGRICULTURA,EMCV,,,0.0,https://indomet.gob.do/wp-content/uploads/2025/06/temperaturas-extremas-y-precipitaciones-2025x06x25-a.pdf
2025-06-25,049,MONCIÓN (EMA),SANTIAGO RODRÍGUEZ,PROGRAMA MUNDIAL DE ALIMENTO,EMAP,32.6,20.3,0.0,https://indomet.gob.do/wp-content/uploads/2025/06/temperaturas-extremas-y-precipitaciones-2025x06x25-a.pdf
2025-06-25,050,MONTE CRISTI,MONTE CRISTI,ONAMET,EMCO,36.5,23.5,0.0,https://indomet.gob.do/wp-content/uploads/2025/06/temperaturas-extremas-y-precipitaciones-2025x06x25-a.pdf
2025-06-25,051,NAVARRETE,SANTIAGO,MINISTERIO DE AGRICULTURA,EMCV,,,0.0,https://indomet.gob.do/wp-content/uploads/2025/06/temperaturas-extremas-y-precipitaciones-2025x06x25-a.pdf
2025-06-25,052,OLIVARES,PEDERNALES,INDRHI,EMCO,,,0.0,https://indomet.gob.do/wp-content/uploads/2025/06/temperaturas-extremas-y-precipitaciones-2025x06x25-a.pdf
2025-06-25,053,OVIEDO,PEDERNALES,CLÍNICA RURAL OVIEDO,EMCO,32.7,26.5,0.0,https://indomet.gob.do/wp-content/uploads/2025/06/temperaturas-extremas-y-precipitaciones-2025x06x25-a.pdf
2025-06-25,054,PADRE LAS CASAS,AZUA,HOSP. NTRA. SRA. DEL CARMEN,EMCO,33.0,19.0,0.0,https://indomet.gob.do/wp-content/uploads/2025/06/temperaturas-extremas-y-precipitaciones-2025x06x25-a.pdf
2025-06-25,055,PALO ÍNDIO,PUERTO PLATA,MINISTERIO DE AGRICULTURA,EMCO,,,0.0,https://indomet.gob.do/wp-content/uploads/2025/06/temperaturas-extremas-y-precipitaciones-2025x06x25-a.pdf
2025-06-25,056,PEDERNALES,PEDERNALES,INDRHI,EMCO,,,0.0,https://indomet.gob.do/wp-content/uploads/2025/06/temperaturas-extremas-y-precipitaciones-2025x06x25-a.pdf
2025-06-25,057,PERALTA,AZUA,HOSP. MPAL. DE PERALTA,EMCO,35.0,17.6,0.0,https://indomet.gob.do/wp-content/uploads/2025/06/temperaturas-extremas-y-precipitaciones-2025x06x25-a.pdf
2025-06-25,058,PONTÓN ABAJO (EMA),LA VEGA,MINISTERIO DE AGRICULTURA,EMAP,34.3,24.2,0.0,https://indomet.gob.do/wp-content/uploads/2025/06/temperaturas-extremas-y-precipitaciones-2025x06x25-a.pdf
2025-06-25,059,PRESA DE TAVERAS (EMA),LA VEGA,PROGRAMA MUNDIAL DE ALIMENTO,EMAP,30.1,22.9,0.0,https://indomet.gob.do/wp-content/uploads/2025/06/temperaturas-extremas-y-precipitaciones-2025x06x25-a.pdf
2025-06-25,060,RESTAURACIÓN,DAJABÓN,MINISTERIO DE AGRICULTURA,EMCO,31.4,18.2,0.0,https://indomet.gob.do/wp-content/uploads/2025/06/temperaturas-extremas-y-precipitaciones-2025x06x25-a.pdf
2025-06-25,061,RÍO SAN JUAN,MARÍA TRINIDAD SÁNCHEZ,HOSP. MPAL. DR. DESIDERIO ACOSTA,EMCV,33.0,25.0,0.0,https://indomet.gob.do/wp-content/uploads/2025/06/temperaturas-extremas-y-precipitaciones-2025x06x25-a.pdf
2025-06-25,062,SABANA DE LA MAR,HATO MAYOR,ONAMET,EMCO,32.0,23.5,0.0,https://indomet.gob.do/wp-content/uploads/2025/06/temperaturas-extremas-y-precipitaciones-2025x06x25-a.pdf
2025-06-25,063,SABANA GRANDE DE BOYÁ,MONTE PLATA,MINISTERIO DE AGRICULTURA,EMCV,,,0.0,https://indomet.gob.do/wp-content/uploads/2025/06/temperaturas-extremas-y-precipitaciones-2025x06x25-a.pdf
2025-06-25,064,SABANETA (EMA),SANTIAGO RODRÍGUEZ,PROGRAMA MUNDIAL DE ALIMENTO,EMAP,36.0,23.2,0.0,https://indomet.gob.do/wp-content/uploads/2025/06/temperaturas-extremas-y-precipitaciones-2025x06x25-a.pdf
2025-06-25,065,SALCEDO,HERMANAS MIRABAL,PROPIEDAD DEL EMPLEADO,EMCO,,,0.0,https://indomet.gob.do/wp-content/uploads/2025/06/temperaturas-extremas-y-precipitaciones-2025x06x25-a.pdf
2025-06-25,066,SAN CRISTÓBAL,SAN CRISTÓBAL,INSTITUTO POLITÉCNICO LOYOLA,EMCO,33.0,22.2,0.0,https://indomet.gob.do/wp-content/uploads/2025/06/temperaturas-extremas-y-precipitaciones-2025x06x25-a.pdf
2025-06-25,067,SAN JOSÉ DE OCOA,SAN JOSÉ DE OCOA,HOSP. SAN JOSÉ DE OCOA,EMCO,30.7,,0.0,https://indomet.gob.do/wp-content/uploads/2025/06/temperaturas-extremas-y-precipitaciones-2025x06x25-a.pdf
2025-06-25,068,SAN RAFAEL DEL YUMA,LA ALTAGRACIA,MINISTERIO DE AGRICULTURA,EMCO,34.4,23.8,0.0,https://indomet.gob.do/wp-content/uploads/2025/06/temperaturas-extremas-y-precipitaciones-2025x06x25-a.pdf
2025-06-25,069,SANTIAGO RODRÍGUEZ,SANTIAGO RODRÍGUEZ,ONAMET,EMCO,36.0,24.0,0.0,https://indomet.gob.do/wp-content/uploads/2025/06/temperaturas-extremas-y-precipitaciones-2025x06x25-a.pdf
2025-06-25,070,SANTO DOMINGO ESTE,SANTO DOMINGO,ONAMET,EMCO,33.2,25.5,0.0,https://indomet.gob.do/wp-content/uploads/2025/06/temperaturas-extremas-y-precipitaciones-2025x06x25-a.pdf
2025-06-25,071,TÁBARA ABAJO,AZUA,INDRHI,EMCO,32.5,22.3,0.0,https://indomet.gob.do/wp-content/uploads/2025/06/temperaturas-extremas-y-precipitaciones-2025x06x25-a.pdf
2025-06-25,072,TAMBORIL,SANTIAGO,MINISTERIO DE AGRICULTURA,EMCV,,,0.0,https://indomet.gob.do/wp-content/uploads/2025/06/temperaturas-extremas-y-precipitaciones-2025x06x25-a.pdf
2025-06-25,073,VILLA GONZALES,SANTIAGO,MINISTERIO DE AGRICULTURA,EMCO,,,0.0,https://indomet.gob.do/wp-content/uploads/2025/06/temperaturas-extremas-y-precipitaciones-2025x06x25-a.pdf
2025-06-25,074,VILLA ISABELA,PUERTO PLATA,MINISTERIO DE AGRICULTURA,EMCV,,,0.0,https://indomet.gob.do/wp-content/uploads/2025/06/temperaturas-extremas-y-precipitaciones-2025x06x25-a.pdf
2025-06-25,075,VILLA RIVA,DUARTE,HOSP. MPAL. ALICIA DE LEGENDRE,EMCO,33.0,23.0,0.0,https://indomet.gob.do/wp-content/uploads/2025/06/temperaturas-extremas-y-precipitaciones-2025x06x25-a.pdf
2025-06-26,001,ARPT. EL CATEY,SAMANÁ,ONAMET,EMCO,32.0,23.8,2.0,https://indomet.gob.do/wp-content/uploads/2025/06/temperaturas-extremas-y-precipitaciones-2025x06x26-a.pdf
2025-06-26,002,SÁNCHEZ,SAMANÁ,MINISTERIO DE AGRICULTURA,EMCO,31.1,23.3,1.4,https://indomet.gob.do/wp-content/uploads/2025/06/temperaturas-extremas-y-precipitaciones-2025x06x26-a.pdf
2025-06-26,003,SAMANÁ,SAMANÁ,COMANDANCIA DE PUERTO DE SAMANÁ,EMCO,32.4,25.6,0.8,https://indomet.gob.do/wp-content/uploads/2025/06/temperaturas-extremas-y-precipitaciones-2025x06x26-a.pdf
2025-06-26,004,PARQUE MIRADOR SUR,DISTRITO NACIONAL,AYUNTAMIENTO,EMCV,33.0,23.0,0.2,https://indomet.gob.do/wp-content/uploads/2025/06/temperaturas-extremas-y-precipitaciones-2025x06x26-a.pdf
2025-06-26,005,SABANA DE LA MAR,HATO MAYOR,ONAMET,EMCO,31.5,25.5,0.2,https://indomet.gob.do/wp-content/uploads/2025/06/temperaturas-extremas-y-precipitaciones-2025x06x26-a.pdf
2025-06-26,006,BAYAGUANA,MONTE PLATA,ONAMET,EMCO,34.1,23.0,0.1,https://indomet.gob.do/wp-content/uploads/2025/06/temperaturas-extremas-y-precipitaciones-2025x06x26-a.pdf
2025-06-26,007,POLO,BARAHONA,INDOCAFE,EMCO,29.0,18.5,0.1,https://indomet.gob.do/wp-content/uploads/2025/06/temperaturas-extremas-y-precipitaciones-2025x06x26-a.pdf
2025-06-26,008,ALTAMIRA,PUERTO PLATA,HOSP. MPAL. DE ALTAMIRA,EMCO,34.9,21.0,0.0,https://indomet.gob.do/wp-content/uploads/2025/06/temperaturas-extremas-y-precipitaciones-2025x06x26-a.pdf
2025-06-26,009,ANAMUYA (EMA),LA ALTAGRACIA,MINISTERIO DE AGRICULTURA,EMAP,32.3,24.8,0.0,https://indomet.gob.do/wp-content/uploads/2025/06/temperaturas-extremas-y-precipitaciones-2025x06x26-a.pdf
2025-06-26,010,ARPT. ARROYO BARRIL,SAMANÁ,ONAMET,EMCO,33.0,23.7,0.0,https://indomet.gob.do/wp-content/uploads/2025/06/temperaturas-extremas-y-precipitaciones-2025x06x26-a.pdf
2025-06-26,011,ARPT. DE LA ROMANA,LA ROMANA,ONAMET,EMCO,33.0,22.8,0.0,https://indomet.gob.do/wp-content/uploads/2025/06/temperaturas-extremas-y-precipitaciones-2025x06x26-a.pdf
2025-06-26,012,ARPT. DE LAS AMÉRICAS,SANTO DOMINGO,ONAMET,EMCO,32.9,24.1,0.0,https://indomet.gob.do/wp-content/uploads/2025/06/temperaturas-extremas-y-precipitaciones-2025x06x26-a.pdf
2025-06-26,013,ARPT. DE PUNTA CANA,LA ALTAGRACIA,ONAMET,EMCO,31.6,25.8,0.0,https://indomet.gob.do/wp-content/uploads/2025/06/temperaturas-extremas-y-precipitaciones-2025x06x26-a.pdf
2025-06-26,014,ARPT. DEL CIBAO,SANTIAGO,ONAMET,EMCO,34.2,23.2,0.0,https://indomet.gob.do/wp-content/uploads/2025/06/temperaturas-extremas-y-precipitaciones-2025x06x26-a.pdf
2025-06-26,015,ARPT. GREGORIO LUPERÓN,PUERTO PLATA,ONAMET,EMCO,32.5,23.8,0.0,https://indomet.gob.do/wp-content/uploads/2025/06/temperaturas-extremas-y-precipitaciones-2025x06x26-a.pdf
2025-06-26,016,ARPT. LA ISABELA,SANTO DOMINGO,ONAMET,EMCO,33.0,22.0,0.0,https://indomet.gob.do/wp-content/uploads/2025/06/temperaturas-extremas-y-precipitaciones-2025x06x26-a.pdf
2025-06-26,017,ARPT. MARÍA MONTEZ,BARAHONA,ONAMET,EMCO,33.0,27.8,0.0,https://indomet.gob.do/wp-content/uploads/2025/06/temperaturas-extremas-y-precipitaciones-2025x06x26-a.pdf
2025-06-26,018,ARROYO LORO,SAN JUAN,IDIAF,EMCO,33.0,17.7,0.0,https://indomet.gob.do/wp-content/uploads/2025/06/temperaturas-extremas-y-precipitaciones-2025x06x26-a.pdf
2025-06-26,019,BANI (EMA),PERAVIA,MINISTERIO DE AGRICULTURA,EMAP,32.7,,0.0,https://indomet.gob.do/wp-content/uploads/2025/06/temperaturas-extremas-y-precipitaciones-2025x06x26-a.pdf
2025-06-26,020,BASE AÉREA DE SAN ISIDRO,SANTO DOMINGO,FUERZA AÉREA DOMINICANA,EMCV,33.0,23.5,0.0,https://indomet.gob.do/wp-content/uploads/2025/06/temperaturas-extremas-y-precipitaciones-2025x06x26-a.pdf
2025-06-26,021,BOCA DE MAO (EMA),VALVERDE,MINISTERIO DE AGRICULTURA,EMAP,35.9,24.6,0.0,https://indomet.gob.do/wp-content/uploads/2025/06/temperaturas-extremas-y-precipitaciones-2025x06x26-a.pdf
2025-06-26,022,BONAO,MONSEÑOR NOUEL,MINISTERIO DE AGRICULTURA,EMCV,,,0.0,https://indomet.gob.do/wp-content/uploads/2025/06/temperaturas-extremas-y-precipitaciones-2025x06x26-a.pdf
2025-06-26,023,CABRAL,BARAHONA,MINISTERIO DE AGRICULTURA,EMCV,34.4,23.4,0.0,https://indomet.gob.do/wp-content/uploads/2025/06/temperaturas-extremas-y-precipitaciones-2025x06x26-a.pdf
2025-06-26,024,CABRERA,MARÍA TRINIDAD SÁNCHEZ,ESCUELA ARÍSTIDES FIALLO CABRAL,EMCO,32.8,25.2,0.0,https://indomet.gob.do/wp-content/uploads/2025/06/temperaturas-extremas-y-precipitaciones-2025x06x26-a.pdf
2025-06-26,025,CENTRO DE LOS HEROES (EMA),DISTRITO NACIONAL,MINISTERIO DE ENERGIA Y MINA,EMAP,31.8,26.4,0.0,https://indomet.gob.do/wp-content/uploads/2025/06/temperaturas-extremas-y-precipitaciones-2025x06x26-a.pdf
2025-06-26,026,CONSTANZA,LA VEGA,MINISTERIO DE AGRICULTURA,EMCO,26.3,11.7,0.0,https://indomet.gob.do/wp-content/uploads/2025/06/temperaturas-extremas-y-precipitaciones-2025x06x26-a.pdf
2025-06-26,027,CONSTANZA (EMA),LA VEGA,PROGRAMA MUNDIAL DE ALIMENTO,EMAP,25.4,13.9,0.0,https://indomet.gob.do/wp-content/uploads/2025/06/temperaturas-extremas-y-precipitaciones-2025x06x26-a.pdf
2025-06-26,028,DAJABÓN,DAJABÓN,INSTITUTO POLITÉCNICO LOYOLA,EMCO,35.8,23.7,0.0,https://indomet.gob.do/wp-content/uploads/2025/06/temperaturas-extremas-y-precipitaciones-2025x06x26-a.pdf
2025-06-26,029,EL FACTOR (EMA),MARÍA TRINIDAD SÁNCHEZ,INTEC,EMAP,32.5,24.2,0.0,https://indomet.gob.do/wp-content/uploads/2025/06/temperaturas-extremas-y-precipitaciones-2025x06x26-a.pdf
2025-06-26,030,ELÍAS PIÑA,ELÍAS PIÑA,MINISTERIO DE AGRICULTURA,EMCV,,,0.0,https://indomet.gob.do/wp-content/uploads/2025/06/temperaturas-extremas-y-precipitaciones-2025x06x26-a.pdf
2025-06-26,031,ENRIQUILLO,BARAHONA,MINISTERIO DE AGRICULTURA,EMCV,32.0,,0.0,https://indomet.gob.do/wp-content/uploads/2025/06/temperaturas-extremas-y-precipitaciones-2025x06x26-a.pdf
2025-06-26,032,ESCONDIDO,PERAVIA,MINISTERIO DE AGRICULTURA,EMCV,,,0.0,https://indomet.gob.do/wp-content/uploads/2025/06/temperaturas-extremas-y-precipitaciones-2025x06x26-a.pdf
2025-06-26,033,GASPAR HERNÁNDEZ,ESPAILLAT,PROPIEDAD DEL EMPLEADO,EMCO,,,0.0,https://indomet.gob.do/wp-content/uploads/2025/06/temperaturas-extremas-y-precipitaciones-2025x06x26-a.pdf
2025-06-26,034,GURABO,SANTIAGO,MINISTERIO DE AGRICULTURA,EMCV,,,0.0,https://indomet.gob.do/wp-content/uploads/2025/06/temperaturas-extremas-y-precipitaciones-2025x06x26-a.pdf
2025-06-26,035,HATO MAYOR,HATO MAYOR,MINISTERIO DE AGRICULTURA,EMCV,,,0.0,https://indomet.gob.do/wp-content/uploads/2025/06/temperaturas-extremas-y-precipitaciones-2025x06x26-a.pdf
2025-06-26,036,HONDO VALLE,ELÍAS PIÑA,MINISTERIO DE AGRICULTURA,EMCO,26.6,18.1,0.0,https://indomet.gob.do/wp-content/uploads/2025/06/temperaturas-extremas-y-precipitaciones-2025x06x26-a.pdf
2025-06-26,037,JARABACOA,LA VEGA,INDRHI / MARENA,EMCO,32.0,18.0,0.0,https://indomet.gob.do/wp-content/uploads/2025/06/temperaturas-extremas-y-precipitaciones-2025x06x26-a.pdf
2025-06-26,038,JARABACOA (EMA),LA VEGA,PROGRAMA MUNDIAL DE ALIMENTO,EMAP,31.7,18.7,0.0,https://indomet.gob.do/wp-content/uploads/2025/06/temperaturas-extremas-y-precipitaciones-2025x06x26-a.pdf
2025-06-26,039,JARDÍN BOTÁNICO NACIONAL,DISTRITO NACIONAL,JARDÍN BOTÁNICO NACIONAL,EMCV,32.4,23.1,0.0,https://indomet.gob.do/wp-content/uploads/2025/06/temperaturas-extremas-y-precipitaciones-2025x06x26-a.pdf
2025-06-26,040,JIMANÍ,INDEPENDENCIA,MINISTERIO DE AGRICULTURA,EMCO,35.6,25.8,0.0,https://indomet.gob.do/wp-content/uploads/2025/06/temperaturas-extremas-y-precipitaciones-2025x06x26-a.pdf
2025-06-26,041,JUMA BEJUCAL,MONSEÑOR NOUEL,IDIAF,EMCV,33.0,23.6,0.0,https://indomet.gob.do/wp-content/uploads/2025/06/temperaturas-extremas-y-precipitaciones-2025x06x26-a.pdf
2025-06-26,042,LA VEGA,LA VEGA,IATESA,EMCO,33.7,23.5,0.0,https://indomet.gob.do/wp-content/uploads/2025/06/temperaturas-extremas-y-precipitaciones-2025x06x26-a.pdf
2025-06-26,043,LA VICTORIA,SANTO DOMINGO,CUERPO DE BOMBEROS,EMCO,35.0,24.0,0.0,https://indomet.gob.do/wp-content/uploads/2025/06/temperaturas-extremas-y-precipitaciones-2025x06x26-a.pdf
2025-06-26,044,LAS CANAS (EMA),MONTE CRISTI,PROGRAMA MUNDIAL DE ALIMENTO,EMAP,33.3,23.9,0.0,https://indomet.gob.do/wp-content/uploads/2025/06/temperaturas-extremas-y-precipitaciones-2025x06x26-a.pdf
2025-06-26,045,LAS MATAS DE SANTA CRUZ,MONTE CRISTI,INDRHI,EMCV,,,0.0,https://indomet.gob.do/wp-content/uploads/2025/06/temperaturas-extremas-y-precipitaciones-2025x06x26-a.pdf
2025-06-26,046,LAS MATAS DE SANTA CRUZ (EMA,MONTE CRISTI,PROGRAMA MUNDIAL DE ALIMENTO,EMAP,35.7,24.7,0.0,https://indomet.gob.do/wp-content/uploads/2025/06/temperaturas-extremas-y-precipitaciones-2025x06x26-a.pdf
2025-06-26,047,LOS LLANOS,SAN PEDRO DE MACORÍS,MINISTERIO DE AGRICULTURA,EMCO,35.2,23.0,0.0,https://indomet.gob.do/wp-content/uploads/2025/06/temperaturas-extremas-y-precipitaciones-2025x06x26-a.pdf
2025-06-26,048,MAO,VALVERDE,INDRHI / MINISTERIO DE AGRICULTURA,EMCV,,,0.0,https://indomet.gob.do/wp-content/uploads/2025/06/temperaturas-extremas-y-precipitaciones-2025x06x26-a.pdf
2025-06-26,049,MONCIÓN (EMA),SANTIAGO RODRÍGUEZ,PROGRAMA MUNDIAL DE ALIMENTO,EMAP,33.2,22.0,0.0,https://indomet.gob.do/wp-content/uploads/2025/06/temperaturas-extremas-y-precipitaciones-2025x06x26-a.pdf
2025-06-26,050,MONTE CRISTI,MONTE CRISTI,ONAMET,EMCO,37.0,25.1,0.0,https://indomet.gob.do/wp-content/uploads/2025/06/temperaturas-extremas-y-precipitaciones-2025x06x26-a.pdf
2025-06-26,051,NAVARRETE,SANTIAGO,MINISTERIO DE AGRICULTURA,EMCV,,,0.0,https://indomet.gob.do/wp-content/uploads/2025/06/temperaturas-extremas-y-precipitaciones-2025x06x26-a.pdf
2025-06-26,052,OLIVARES,PEDERNALES,INDRHI,EMCO,,,0.0,https://indomet.gob.do/wp-content/uploads/2025/06/temperaturas-extremas-y-precipitaciones-2025x06x26-a.pdf
2025-06-26,053,OVIEDO,PEDERNALES,CLÍNICA RURAL OVIEDO,EMCO,33.5,,0.0,https://indomet.gob.do/wp-content/uploads/2025/06/temperaturas-extremas-y-precipitaciones-2025x06x26-a.pdf
2025-06-26,054,PADRE LAS CASAS,AZUA,HOSP. NTRA. SRA. DEL CARMEN,EMCO,32.1,18.5,0.0,https://indomet.gob.do/wp-content/uploads/2025/06/temperaturas-extremas-y-precipitaciones-2025x06x26-a.pdf
2025-06-26,055,PALO ÍNDIO,PUERTO PLATA,MINISTERIO DE AGRICULTURA,EMCO,,,0.0,https://indomet.gob.do/wp-content/uploads/2025/06/temperaturas-extremas-y-precipitaciones-2025x06x26-a.pdf
2025-06-26,056,PEDERNALES,PEDERNALES,INDRHI,EMCO,,,0.0,https://indomet.gob.do/wp-content/uploads/2025/06/temperaturas-extremas-y-precipitaciones-2025x06x26-a.pdf
2025-06-26,057,PERALTA,AZUA,HOSP. MPAL. DE PERALTA,EMCO,34.9,17.2,0.0,https://indomet.gob.do/wp-content/uploads/2025/06/temperaturas-extremas-y-precipitaciones-2025x06x26-a.pdf
2025-06-26,058,PESCADERIA (EMA),BARAHONA,MINISTERIO DE AGRICULTURA,EMAP,33.7,23.8,0.0,https://indomet.gob.do/wp-content/uploads/2025/06/temperaturas-extremas-y-precipitaciones-2025x06x26-a.pdf
2025-06-26,059,PONTÓN ABAJO (EMA),LA VEGA,MINISTERIO DE AGRICULTURA,EMAP,35.3,25.1,0.0,https://indomet.gob.do/wp-content/uploads/2025/06/temperaturas-extremas-y-precipitaciones-2025x06x26-a.pdf
2025-06-26,060,PRESA DE TAVERAS (EMA),LA VEGA,PROGRAMA MUNDIAL DE ALIMENTO,EMAP,31.3,22.9,0.0,https://indomet.gob.do/wp-content/uploads/2025/06/temperaturas-extremas-y-precipitaciones-2025x06x26-a.pdf
2025-06-26,061,RANCHO ARRIBA,SAN JOSÉ DE OCOA,CENTRO TECNOLÓGICO COMUNITARIO,EMCO,30.5,19.1,0.0,https://indomet.gob.do/wp-content/uploads/2025/06/temperaturas-extremas-y-precipitaciones-2025x06x26-a.pdf
2025-06-26,062,RESTAURACIÓN,DAJABÓN,MINISTERIO DE AGRICULTURA,EMCO,31.1,19.2,0.0,https://indomet.gob.do/wp-content/uploads/2025/06/temperaturas-extremas-y-precipitaciones-2025x06x26-a.pdf
2025-06-26,063,RÍO SAN JUAN,MARÍA TRINIDAD SÁNCHEZ,HOSP. MPAL. DR. DESIDERIO ACOSTA,EMCV,33.2,24.3,0.0,https://indomet.gob.do/wp-content/uploads/2025/06/temperaturas-extremas-y-precipitaciones-2025x06x26-a.pdf
2025-06-26,064,SABANA GRANDE DE BOYÁ,MONTE PLATA,MINISTERIO DE AGRICULTURA,EMCV,,,0.0,https://indomet.gob.do/wp-content/uploads/2025/06/temperaturas-extremas-y-precipitaciones-2025x06x26-a.pdf
2025-06-26,065,SABANETA (EMA),SANTIAGO RODRÍGUEZ,PROGRAMA MUNDIAL DE ALIMENTO,EMAP,37.0,23.9,0.0,https://indomet.gob.do/wp-content/uploads/2025/06/temperaturas-extremas-y-precipitaciones-2025x06x26-a.pdf
2025-06-26,066,SALCEDO,HERMANAS MIRABAL,PROPIEDAD DEL EMPLEADO,EMCO,,,0.0,https://indomet.gob.do/wp-content/uploads/2025/06/temperaturas-extremas-y-precipitaciones-2025x06x26-a.pdf
2025-06-26,067,SAN FRANCISCO DE MACORÍS,DUARTE,San Francisco de Macorís (UASD),EMCO,32.5,23.3,0.0,https://indomet.gob.do/wp-content/uploads/2025/06/temperaturas-extremas-y-precipitaciones-2025x06x26-a.pdf
2025-06-26,068,SAN JOSÉ DE OCOA,SAN JOSÉ DE OCOA,HOSP. SAN JOSÉ DE OCOA,EMCO,31.5,,0.0,https://indomet.gob.do/wp-content/uploads/2025/06/temperaturas-extremas-y-precipitaciones-2025x06x26-a.pdf
2025-06-26,069,SAN RAFAEL DEL YUMA,LA ALTAGRACIA,MINISTERIO DE AGRICULTURA,EMCO,34.9,23.7,0.0,https://indomet.gob.do/wp-content/uploads/2025/06/temperaturas-extremas-y-precipitaciones-2025x06x26-a.pdf
2025-06-26,070,SANTIAGO RODRÍGUEZ,SANTIAGO RODRÍGUEZ,ONAMET,EMCO,37.0,24.2,0.0,https://indomet.gob.do/wp-content/uploads/2025/06/temperaturas-extremas-y-precipitaciones-2025x06x26-a.pdf
2025-06-26,071,SANTO DOMINGO ESTE,SANTO DOMINGO,ONAMET,EMCO,33.0,26.0,0.0,https://indomet.gob.do/wp-content/uploads/2025/06/temperaturas-extremas-y-precipitaciones-2025x06x26-a.pdf
2025-06-26,072,TÁBARA ABAJO,AZUA,INDRHI,EMCO,34.5,23.1,0.0,https://indomet.gob.do/wp-content/uploads/2025/06/temperaturas-extremas-y-precipitaciones-2025x06x26-a.pdf
2025-06-26,073,VILLA ALTAGRACIA,SAN CRISTÓBAL,ESCUELA JAVIER ANGULO GURIDI,EMCO,,,0.0,https://indomet.gob.do/wp-content/uploads/2025/06/temperaturas-extremas-y-precipitaciones-2025x06x26-a.pdf
2025-06-26,074,VILLA GONZALES,SANTIAGO,MINISTERIO DE AGRICULTURA,EMCO,,,0.0,https://indomet.gob.do/wp-content/uploads/2025/06/temperaturas-extremas-y-precipitaciones-2025x06x26-a.pdf
2025-06-26,075,VILLA ISABELA,PUERTO PLATA,MINISTERIO DE AGRICULTURA,EMCV,,,0.0,https://indomet.gob.do/wp-content/uploads/2025/06/temperaturas-extremas-y-precipitaciones-2025x06x26-a.pdf
2025-06-26,076,VILLA RIVA,DUARTE,HOSP. MPAL. ALICIA DE LEGENDRE,EMCO,33.4,23.5,0.0,https://indomet.gob.do/wp-content/uploads/2025/06/temperaturas-extremas-y-precipitaciones-2025x06x26-a.pdf
2025-06-26,077,ALTO BANDERA (EMA),LA VEGA,INTEC,EMAP,16.8,8.7,0.0,https://indomet.gob.do/wp-content/uploads/2025/06/temperaturas-extremas-y-precipitaciones-2025x06x26-a.pdf
2025-06-27,001,SANTO DOMINGO ESTE,SANTO DOMINGO,ONAMET,EMCO,33.0,25.8,34.0,https://indomet.gob.do/wp-content/uploads/2025/06/temperaturas-extremas-y-precipitaciones-2025x06x27-a.pdf
2025-06-27,002,ARPT. LA ISABELA,SANTO DOMINGO,ONAMET,EMCO,33.2,22.5,15.6,https://indomet.gob.do/wp-content/uploads/2025/06/temperaturas-extremas-y-precipitaciones-2025x06x27-a.pdf
2025-06-27,003,ARPT. MARÍA MONTEZ,BARAHONA,ONAMET,EMCO,33.2,22.5,15.6,https://indomet.gob.do/wp-content/uploads/2025/06/temperaturas-extremas-y-precipitaciones-2025x06x27-a.pdf
2025-06-27,004,CENTRO DE LOS HEROES (EMA),DISTRITO NACIONAL,MINISTERIO DE ENERGIA Y MINA,EMAP,33.1,25.6,13.0,https://indomet.gob.do/wp-content/uploads/2025/06/temperaturas-extremas-y-precipitaciones-2025x06x27-a.pdf
2025-06-27,005,ANAMUYA (EMA),LA ALTAGRACIA,MINISTERIO DE AGRICULTURA,EMAP,32.2,23.9,7.4,https://indomet.gob.do/wp-content/uploads/2025/06/temperaturas-extremas-y-precipitaciones-2025x06x27-a.pdf
2025-06-27,006,VILLA RIVA,DUARTE,HOSP. MPAL. ALICIA DE LEGENDRE,EMCO,32.0,22.5,4.6,https://indomet.gob.do/wp-content/uploads/2025/06/temperaturas-extremas-y-precipitaciones-2025x06x27-a.pdf
2025-06-27,007,SABANA GRANDE DE BOYÁ,MONTE PLATA,MINISTERIO DE AGRICULTURA,EMCV,,,4.6,https://indomet.gob.do/wp-content/uploads/2025/06/temperaturas-extremas-y-precipitaciones-2025x06x27-a.pdf
2025-06-27,008,CABRERA,MARÍA TRINIDAD SÁNCHEZ,ESCUELA ARÍSTIDES FIALLO CABRAL,EMCO,33.3,27.3,2.0,https://indomet.gob.do/wp-content/uploads/2025/06/temperaturas-extremas-y-precipitaciones-2025x06x27-a.pdf
2025-06-27,009,RÍO SAN JUAN,MARÍA TRINIDAD SÁNCHEZ,HOSP. MPAL. DR. DESIDERIO ACOSTA,EMCV,33.8,23.3,1.8,https://indomet.gob.do/wp-content/uploads/2025/06/temperaturas-extremas-y-precipitaciones-2025x06x27-a.pdf
2025-06-27,010,ARPT. EL CATEY,SAMANÁ,ONAMET,EMCO,30.0,23.6,1.6,https://indomet.gob.do/wp-content/uploads/2025/06/temperaturas-extremas-y-precipitaciones-2025x06x27-a.pdf
2025-06-27,011,ESCONDIDO,PERAVIA,MINISTERIO DE AGRICULTURA,EMCV,33.0,24.0,1.3,https://indomet.gob.do/wp-content/uploads/2025/06/temperaturas-extremas-y-precipitaciones-2025x06x27-a.pdf
2025-06-27,012,SAN CRISTÓBAL,SAN CRISTÓBAL,INSTITUTO POLITÉCNICO LOYOLA,EMCO,33.0,21.2,1.0,https://indomet.gob.do/wp-content/uploads/2025/06/temperaturas-extremas-y-precipitaciones-2025x06x27-a.pdf
2025-06-27,013,RANCHO ARRIBA,SAN JOSÉ DE OCOA,CENTRO TECNOLÓGICO COMUNITARIO,EMCO,30.6,20.2,0.9,https://indomet.gob.do/wp-content/uploads/2025/06/temperaturas-extremas-y-precipitaciones-2025x06x27-a.pdf
2025-06-27,014,ARPT. DE PUNTA CANA,LA ALTAGRACIA,ONAMET,EMCO,31.4,26.2,0.8,https://indomet.gob.do/wp-content/uploads/2025/06/temperaturas-extremas-y-precipitaciones-2025x06x27-a.pdf
2025-06-27,015,SÁNCHEZ,SAMANÁ,MINISTERIO DE AGRICULTURA,EMCO,32.3,23.1,0.6,https://indomet.gob.do/wp-content/uploads/2025/06/temperaturas-extremas-y-precipitaciones-2025x06x27-a.pdf
2025-06-27,016,VILLA ALTAGRACIA,SAN CRISTÓBAL,ESCUELA JAVIER ANGULO GURIDI,EMCO,,,0.2,https://indomet.gob.do/wp-content/uploads/2025/06/temperaturas-extremas-y-precipitaciones-2025x06x27-a.pdf
2025-06-27,017,ARPT. DEL CIBAO,SANTIAGO,ONAMET,EMCO,34.2,22.5,0.1,https://indomet.gob.do/wp-content/uploads/2025/06/temperaturas-extremas-y-precipitaciones-2025x06x27-a.pdf
2025-06-27,018,BAYAGUANA,MONTE PLATA,ONAMET,EMCO,33.4,23.2,0.1,https://indomet.gob.do/wp-content/uploads/2025/06/temperaturas-extremas-y-precipitaciones-2025x06x27-a.pdf
2025-06-27,019,SABANA DE LA MAR,HATO MAYOR,ONAMET,EMCO,31.5,25.0,0.1,https://indomet.gob.do/wp-content/uploads/2025/06/temperaturas-extremas-y-precipitaciones-2025x06x27-a.pdf
2025-06-27,020,SALCEDO,HERMANAS MIRABAL,PROPIEDAD DEL EMPLEADO,EMCO,,,0.1,https://indomet.gob.do/wp-content/uploads/2025/06/temperaturas-extremas-y-precipitaciones-2025x06x27-a.pdf
2025-06-27,021,ALTAMIRA,PUERTO PLATA,HOSP. MPAL. DE ALTAMIRA,EMCO,33.6,20.6,0.0,https://indomet.gob.do/wp-content/uploads/2025/06/temperaturas-extremas-y-precipitaciones-2025x06x27-a.pdf
2025-06-27,022,ARPT. ARROYO BARRIL,SAMANÁ,ONAMET,EMCO,32.5,24.2,0.0,https://indomet.gob.do/wp-content/uploads/2025/06/temperaturas-extremas-y-precipitaciones-2025x06x27-a.pdf
2025-06-27,023,ARPT. DE LA ROMANA,LA ROMANA,ONAMET,EMCO,33.2,23.5,0.0,https://indomet.gob.do/wp-content/uploads/2025/06/temperaturas-extremas-y-precipitaciones-2025x06x27-a.pdf
2025-06-27,024,ARPT. DE LAS AMÉRICAS,SANTO DOMINGO,ONAMET,EMCO,33.0,23.4,0.0,https://indomet.gob.do/wp-content/uploads/2025/06/temperaturas-extremas-y-precipitaciones-2025x06x27-a.pdf
2025-06-27,025,ARPT. GREGORIO LUPERÓN,PUERTO PLATA,ONAMET,EMCO,32.6,24.2,0.0,https://indomet.gob.do/wp-content/uploads/2025/06/temperaturas-extremas-y-precipitaciones-2025x06x27-a.pdf
2025-06-27,026,ARROYO LORO,SAN JUAN,IDIAF,EMCO,34.0,17.5,0.0,https://indomet.gob.do/wp-content/uploads/2025/06/temperaturas-extremas-y-precipitaciones-2025x06x27-a.pdf
2025-06-27,027,BOCA DE MAO (EMA),VALVERDE,MINISTERIO DE AGRICULTURA,EMAP,36.4,23.9,0.0,https://indomet.gob.do/wp-content/uploads/2025/06/temperaturas-extremas-y-precipitaciones-2025x06x27-a.pdf
2025-06-27,028,BONAO,MONSEÑOR NOUEL,MINISTERIO DE AGRICULTURA,EMCV,,,0.0,https://indomet.gob.do/wp-content/uploads/2025/06/temperaturas-extremas-y-precipitaciones-2025x06x27-a.pdf
2025-06-27,029,CABRAL,BARAHONA,MINISTERIO DE AGRICULTURA,EMCV,34.8,23.5,0.0,https://indomet.gob.do/wp-content/uploads/2025/06/temperaturas-extremas-y-precipitaciones-2025x06x27-a.pdf
2025-06-27,030,CONSTANZA,LA VEGA,MINISTERIO DE AGRICULTURA,EMCO,26.5,17.5,0.0,https://indomet.gob.do/wp-content/uploads/2025/06/temperaturas-extremas-y-precipitaciones-2025x06x27-a.pdf
2025-06-27,031,CONSTANZA (EMA),LA VEGA,PROGRAMA MUNDIAL DE ALIMENTO,EMAP,25.6,17.6,0.0,https://indomet.gob.do/wp-content/uploads/2025/06/temperaturas-extremas-y-precipitaciones-2025x06x27-a.pdf
2025-06-27,032,DAJABÓN,DAJABÓN,INSTITUTO POLITÉCNICO LOYOLA,EMCO,34.0,24.2,0.0,https://indomet.gob.do/wp-content/uploads/2025/06/temperaturas-extremas-y-precipitaciones-2025x06x27-a.pdf
2025-06-27,033,ELÍAS PIÑA,ELÍAS PIÑA,MINISTERIO DE AGRICULTURA,EMCV,,,0.0,https://indomet.gob.do/wp-content/uploads/2025/06/temperaturas-extremas-y-precipitaciones-2025x06x27-a.pdf
2025-06-27,034,ENRIQUILLO,BARAHONA,MINISTERIO DE AGRICULTURA,EMCV,32.5,26.3,0.0,https://indomet.gob.do/wp-content/uploads/2025/06/temperaturas-extremas-y-precipitaciones-2025x06x27-a.pdf
2025-06-27,035,GASPAR HERNÁNDEZ,ESPAILLAT,PROPIEDAD DEL EMPLEADO,EMCO,,,0.0,https://indomet.gob.do/wp-content/uploads/2025/06/temperaturas-extremas-y-precipitaciones-2025x06x27-a.pdf
2025-06-27,036,GURABO,SANTIAGO,MINISTERIO DE AGRICULTURA,EMCV,,,0.0,https://indomet.gob.do/wp-content/uploads/2025/06/temperaturas-extremas-y-precipitaciones-2025x06x27-a.pdf
2025-06-27,037,HONDO VALLE,ELÍAS PIÑA,MINISTERIO DE AGRICULTURA,EMCO,26.2,17.8,0.0,https://indomet.gob.do/wp-content/uploads/2025/06/temperaturas-extremas-y-precipitaciones-2025x06x27-a.pdf
2025-06-27,038,JARABACOA,LA VEGA,INDRHI / MARENA,EMCO,31.4,18.2,0.0,https://indomet.gob.do/wp-content/uploads/2025/06/temperaturas-extremas-y-precipitaciones-2025x06x27-a.pdf
2025-06-27,039,JARABACOA (EMA),LA VEGA,PROGRAMA MUNDIAL DE ALIMENTO,EMAP,31.0,19.0,0.0,https://indomet.gob.do/wp-content/uploads/2025/06/temperaturas-extremas-y-precipitaciones-2025x06x27-a.pdf
2025-06-27,040,JIMANÍ,INDEPENDENCIA,MINISTERIO DE AGRICULTURA,EMCO,36.5,25.4,0.0,https://indomet.gob.do/wp-content/uploads/2025/06/temperaturas-extremas-y-precipitaciones-2025x06x27-a.pdf
2025-06-27,041,JUMA BEJUCAL,MONSEÑOR NOUEL,IDIAF,EMCV,32.6,22.4,0.0,https://indomet.gob.do/wp-content/uploads/2025/06/temperaturas-extremas-y-precipitaciones-2025x06x27-a.pdf
2025-06-27,042,LA VEGA,LA VEGA,IATESA,EMCO,33.8,23.0,0.0,https://indomet.gob.do/wp-content/uploads/2025/06/temperaturas-extremas-y-precipitaciones-2025x06x27-a.pdf
2025-06-27,043,LA VICTORIA,SANTO DOMINGO,CUERPO DE BOMBEROS,EMCO,35.5,23.5,0.0,https://indomet.gob.do/wp-content/uploads/2025/06/temperaturas-extremas-y-precipitaciones-2025x06x27-a.pdf
2025-06-27,044,LAS CANAS (EMA),MONTE CRISTI,PROGRAMA MUNDIAL DE ALIMENTO,EMAP,30.2,23.3,0.0,https://indomet.gob.do/wp-content/uploads/2025/06/temperaturas-extremas-y-precipitaciones-2025x06x27-a.pdf
2025-06-27,045,LAS MATAS DE SANTA CRUZ (EMA,MONTE CRISTI,PROGRAMA MUNDIAL DE ALIMENTO,EMAP,35.4,24.2,0.0,https://indomet.gob.do/wp-content/uploads/2025/06/temperaturas-extremas-y-precipitaciones-2025x06x27-a.pdf
2025-06-27,046,LOS LLANOS,SAN PEDRO DE MACORÍS,MINISTERIO DE AGRICULTURA,EMCO,34.4,23.5,0.0,https://indomet.gob.do/wp-content/uploads/2025/06/temperaturas-extremas-y-precipitaciones-2025x06x27-a.pdf
2025-06-27,047,MONCIÓN (EMA),SANTIAGO RODRÍGUEZ,PROGRAMA MUNDIAL DE ALIMENTO,EMAP,32.9,21.3,0.0,https://indomet.gob.do/wp-content/uploads/2025/06/temperaturas-extremas-y-precipitaciones-2025x06x27-a.pdf
2025-06-27,048,MONTE CRISTI,MONTE CRISTI,ONAMET,EMCO,34.5,24.6,0.0,https://indomet.gob.do/wp-content/uploads/2025/06/temperaturas-extremas-y-precipitaciones-2025x06x27-a.pdf
2025-06-27,049,NAVARRETE,SANTIAGO,MINISTERIO DE AGRICULTURA,EMCV,,,0.0,https://indomet.gob.do/wp-content/uploads/2025/06/temperaturas-extremas-y-precipitaciones-2025x06x27-a.pdf
2025-06-27,050,OLIVARES,PEDERNALES,INDRHI,EMCO,,,0.0,https://indomet.gob.do/wp-content/uploads/2025/06/temperaturas-extremas-y-precipitaciones-2025x06x27-a.pdf
2025-06-27,051,OVIEDO,PEDERNALES,CLÍNICA RURAL OVIEDO,EMCO,33.3,26.6,0.0,https://indomet.gob.do/wp-content/uploads/2025/06/temperaturas-extremas-y-precipitaciones-2025x06x27-a.pdf
2025-06-27,052,PADRE LAS CASAS,AZUA,HOSP. NTRA. SRA. DEL CARMEN,EMCO,34.5,19.4,0.0,https://indomet.gob.do/wp-content/uploads/2025/06/temperaturas-extremas-y-precipitaciones-2025x06x27-a.pdf
2025-06-27,053,PALO ÍNDIO,PUERTO PLATA,MINISTERIO DE AGRICULTURA,EMCO,,,0.0,https://indomet.gob.do/wp-content/uploads/2025/06/temperaturas-extremas-y-precipitaciones-2025x06x27-a.pdf
2025-06-27,054,PEDERNALES,PEDERNALES,INDRHI,EMCO,,,0.0,https://indomet.gob.do/wp-content/uploads/2025/06/temperaturas-extremas-y-precipitaciones-2025x06x27-a.pdf
2025-06-27,055,PERALTA,AZUA,HOSP. MPAL. DE PERALTA,EMCO,32.5,18.5,0.0,https://indomet.gob.do/wp-content/uploads/2025/06/temperaturas-extremas-y-precipitaciones-2025x06x27-a.pdf
2025-06-27,056,PESCADERIA (EMA),BARAHONA,MINISTERIO DE AGRICULTURA,EMAP,33.9,24.0,0.0,https://indomet.gob.do/wp-content/uploads/2025/06/temperaturas-extremas-y-precipitaciones-2025x06x27-a.pdf
2025-06-27,057,POLO,BARAHONA,INDOCAFE,EMCO,28.3,17.0,0.0,https://indomet.gob.do/wp-content/uploads/2025/06/temperaturas-extremas-y-precipitaciones-2025x06x27-a.pdf
2025-06-27,058,PONTÓN ABAJO (EMA),LA VEGA,MINISTERIO DE AGRICULTURA,EMAP,34.4,23.4,0.0,https://indomet.gob.do/wp-content/uploads/2025/06/temperaturas-extremas-y-precipitaciones-2025x06x27-a.pdf
2025-06-27,059,PRESA DE TAVERAS (EMA),LA VEGA,PROGRAMA MUNDIAL DE ALIMENTO,EMAP,31.4,22.3,0.0,https://indomet.gob.do/wp-content/uploads/2025/06/temperaturas-extremas-y-precipitaciones-2025x06x27-a.pdf
2025-06-27,060,RESTAURACIÓN,DAJABÓN,MINISTERIO DE AGRICULTURA,EMCO,32.4,19.6,0.0,https://indomet.gob.do/wp-content/uploads/2025/06/temperaturas-extremas-y-precipitaciones-2025x06x27-a.pdf
2025-06-27,061,SABANETA (EMA),SANTIAGO RODRÍGUEZ,PROGRAMA MUNDIAL DE ALIMENTO,EMAP,36.4,22.1,0.0,https://indomet.gob.do/wp-content/uploads/2025/06/temperaturas-extremas-y-precipitaciones-2025x06x27-a.pdf
2025-06-27,062,SAMANÁ,SAMANÁ,COMANDANCIA DE PUERTO DE SAMANÁ,EMCO,32.4,19.6,0.0,https://indomet.gob.do/wp-content/uploads/2025/06/temperaturas-extremas-y-precipitaciones-2025x06x27-a.pdf
2025-06-27,063,SAN JOSÉ DE OCOA,SAN JOSÉ DE OCOA,HOSP. SAN JOSÉ DE OCOA,EMCO,31.9,,0.0,https://indomet.gob.do/wp-content/uploads/2025/06/temperaturas-extremas-y-precipitaciones-2025x06x27-a.pdf
2025-06-27,064,SAN RAFAEL DEL YUMA,LA ALTAGRACIA,MINISTERIO DE AGRICULTURA,EMCO,34.3,23.2,0.0,https://indomet.gob.do/wp-content/uploads/2025/06/temperaturas-extremas-y-precipitaciones-2025x06x27-a.pdf
2025-06-27,065,SANTIAGO RODRÍGUEZ,SANTIAGO RODRÍGUEZ,ONAMET,EMCO,36.5,23.0,0.0,https://indomet.gob.do/wp-content/uploads/2025/06/temperaturas-extremas-y-precipitaciones-2025x06x27-a.pdf
2025-06-27,066,TÁBARA ABAJO,AZUA,INDRHI,EMCO,32.4,21.0,0.0,https://indomet.gob.do/wp-content/uploads/2025/06/temperaturas-extremas-y-precipitaciones-2025x06x27-a.pdf
2025-06-27,067,VILLA GONZALES,SANTIAGO,MINISTERIO DE AGRICULTURA,EMCO,,,0.0,https://indomet.gob.do/wp-content/uploads/2025/06/temperaturas-extremas-y-precipitaciones-2025x06x27-a.pdf
2025-06-27,068,VILLA ISABELA,PUERTO PLATA,MINISTERIO DE AGRICULTURA,EMCV,,,0.0,https://indomet.gob.do/wp-content/uploads/2025/06/temperaturas-extremas-y-precipitaciones-2025x06x27-a.pdf
2025-06-28,001,SAMANÁ,SAMANÁ,COMANDANCIA DE PUERTO DE SAMANÁ,EMCO,31.8,22.5,55.6,https://indomet.gob.do/wp-content/uploads/2025/06/temperaturas-extremas-y-precipitaciones-2025x06x28-a-1.pdf
2025-06-28,002,ARPT. DE LAS AMÉRICAS,SANTO DOMINGO,ONAMET,EMCO,31.2,22.5,49.0,https://indomet.gob.do/wp-content/uploads/2025/06/temperaturas-extremas-y-precipitaciones-2025x06x28-a-1.pdf
2025-06-28,003,SAN CRISTÓBAL,SAN CRISTÓBAL,INSTITUTO POLITÉCNICO LOYOLA,EMCO,33.2,20.2,45.3,https://indomet.gob.do/wp-content/uploads/2025/06/temperaturas-extremas-y-precipitaciones-2025x06x28-a-1.pdf
2025-06-28,004,CABRERA,MARÍA TRINIDAD SÁNCHEZ,ESCUELA ARÍSTIDES FIALLO CABRAL,EMCO,32.5,25.4,37.2,https://indomet.gob.do/wp-content/uploads/2025/06/temperaturas-extremas-y-precipitaciones-2025x06x28-a-1.pdf
2025-06-28,005,ARPT. LA ISABELA,SANTO DOMINGO,ONAMET,EMCO,31.6,22.0,29.7,https://indomet.gob.do/wp-content/uploads/2025/06/temperaturas-extremas-y-precipitaciones-2025x06x28-a-1.pdf
2025-06-28,006,GASPAR HERNÁNDEZ,ESPAILLAT,PROPIEDAD DEL EMPLEADO,EMCO,,,28.4,https://indomet.gob.do/wp-content/uploads/2025/06/temperaturas-extremas-y-precipitaciones-2025x06x28-a-1.pdf
2025-06-28,007,ARPT. ARROYO BARRIL,SAMANÁ,ONAMET,EMCO,26.0,23.0,28.0,https://indomet.gob.do/wp-content/uploads/2025/06/temperaturas-extremas-y-precipitaciones-2025x06x28-a-1.pdf
2025-06-28,008,CENTRO DE LOS HEROES (EMA),DISTRITO NACIONAL,MINISTERIO DE ENERGIA Y MINA,EMAP,31.9,24.7,27.8,https://indomet.gob.do/wp-content/uploads/2025/06/temperaturas-extremas-y-precipitaciones-2025x06x28-a-1.pdf
2025-06-28,009,SANTO DOMINGO ESTE,SANTO DOMINGO,ONAMET,EMCO,31.5,24.2,22.7,https://indomet.gob.do/wp-content/uploads/2025/06/temperaturas-extremas-y-precipitaciones-2025x06x28-a-1.pdf
2025-06-28,010,BONAO,MONSEÑOR NOUEL,MINISTERIO DE AGRICULTURA,EMCV,,,20.1,https://indomet.gob.do/wp-content/uploads/2025/06/temperaturas-extremas-y-precipitaciones-2025x06x28-a-1.pdf
2025-06-28,011,VILLA RIVA,DUARTE,HOSP. MPAL. ALICIA DE LEGENDRE,EMCO,30.0,21.0,19.0,https://indomet.gob.do/wp-content/uploads/2025/06/temperaturas-extremas-y-precipitaciones-2025x06x28-a-1.pdf
2025-06-28,012,JUMA BEJUCAL,MONSEÑOR NOUEL,IDIAF,EMCV,29.4,20.2,15.1,https://indomet.gob.do/wp-content/uploads/2025/06/temperaturas-extremas-y-precipitaciones-2025x06x28-a-1.pdf
2025-06-28,013,ARPT. EL CATEY,SAMANÁ,ONAMET,EMCO,30.0,22.5,15.0,https://indomet.gob.do/wp-content/uploads/2025/06/temperaturas-extremas-y-precipitaciones-2025x06x28-a-1.pdf
2025-06-28,014,LA VICTORIA,SANTO DOMINGO,CUERPO DE BOMBEROS,EMCO,31.0,22.0,13.7,https://indomet.gob.do/wp-content/uploads/2025/06/temperaturas-extremas-y-precipitaciones-2025x06x28-a-1.pdf
2025-06-28,015,LA VEGA,LA VEGA,IATESA,EMCO,30.3,22.5,11.9,https://indomet.gob.do/wp-content/uploads/2025/06/temperaturas-extremas-y-precipitaciones-2025x06x28-a-1.pdf
2025-06-28,016,RÍO SAN JUAN,MARÍA TRINIDAD SÁNCHEZ,HOSP. MPAL. DR. DESIDERIO ACOSTA,EMCV,29.2,23.0,11.6,https://indomet.gob.do/wp-content/uploads/2025/06/temperaturas-extremas-y-precipitaciones-2025x06x28-a-1.pdf
2025-06-28,017,ELÍAS PIÑA,ELÍAS PIÑA,MINISTERIO DE AGRICULTURA,EMCV,,,10.0,https://indomet.gob.do/wp-content/uploads/2025/06/temperaturas-extremas-y-precipitaciones-2025x06x28-a-1.pdf
2025-06-28,018,HONDO VALLE,ELÍAS PIÑA,MINISTERIO DE AGRICULTURA,EMCO,26.0,17.5,9.7,https://indomet.gob.do/wp-content/uploads/2025/06/temperaturas-extremas-y-precipitaciones-2025x06x28-a-1.pdf
2025-06-28,019,RANCHO ARRIBA,SAN JOSÉ DE OCOA,CENTRO TECNOLÓGICO COMUNITARIO,EMCO,27.0,17.8,9.5,https://indomet.gob.do/wp-content/uploads/2025/06/temperaturas-extremas-y-precipitaciones-2025x06x28-a-1.pdf
2025-06-28,020,SALCEDO,HERMANAS MIRABAL,PROPIEDAD DEL EMPLEADO,EMCO,,,9.2,https://indomet.gob.do/wp-content/uploads/2025/06/temperaturas-extremas-y-precipitaciones-2025x06x28-a-1.pdf
2025-06-28,021,ANAMUYA (EMA),LA ALTAGRACIA,MINISTERIO DE AGRICULTURA,EMAP,30.8,24.7,8.6,https://indomet.gob.do/wp-content/uploads/2025/06/temperaturas-extremas-y-precipitaciones-2025x06x28-a-1.pdf
2025-06-28,022,VILLA ALTAGRACIA,SAN CRISTÓBAL,ESCUELA JAVIER ANGULO GURIDI,EMCO,,,7.8,https://indomet.gob.do/wp-content/uploads/2025/06/temperaturas-extremas-y-precipitaciones-2025x06x28-a-1.pdf
2025-06-28,023,LA GUAYIGA (EMA),SAN CRISTÓBAL,PRIVADA,EMAP,,,7.7,https://indomet.gob.do/wp-content/uploads/2025/06/temperaturas-extremas-y-precipitaciones-2025x06x28-a-1.pdf
2025-06-28,024,BAYAGUANA,MONTE PLATA,ONAMET,EMCO,31.0,22.2,6.8,https://indomet.gob.do/wp-content/uploads/2025/06/temperaturas-extremas-y-precipitaciones-2025x06x28-a-1.pdf
2025-06-28,025,GURABO,SANTIAGO,MINISTERIO DE AGRICULTURA,EMCV,,,6.6,https://indomet.gob.do/wp-content/uploads/2025/06/temperaturas-extremas-y-precipitaciones-2025x06x28-a-1.pdf
2025-06-28,026,LOS LLANOS,SAN PEDRO DE MACORÍS,MINISTERIO DE AGRICULTURA,EMCO,30.9,21.0,5.0,https://indomet.gob.do/wp-content/uploads/2025/06/temperaturas-extremas-y-precipitaciones-2025x06x28-a-1.pdf
2025-06-28,027,SÁNCHEZ,SAMANÁ,MINISTERIO DE AGRICULTURA,EMCO,31.8,22.5,4.6,https://indomet.gob.do/wp-content/uploads/2025/06/temperaturas-extremas-y-precipitaciones-2025x06x28-a-1.pdf
2025-06-28,028,VILLA GONZALES,SANTIAGO,MINISTERIO DE AGRICULTURA,EMCO,,,4.3,https://indomet.gob.do/wp-content/uploads/2025/06/temperaturas-extremas-y-precipitaciones-2025x06x28-a-1.pdf
2025-06-28,029,ALTO BANDERA (EMA),LA VEGA,INTEC,EMAP,,,3.8,https://indomet.gob.do/wp-content/uploads/2025/06/temperaturas-extremas-y-precipitaciones-2025x06x28-a-1.pdf
2025-06-28,030,SAN RAFAEL DEL YUMA,LA ALTAGRACIA,MINISTERIO DE AGRICULTURA,EMCO,34.7,23.3,3.6,https://indomet.gob.do/wp-content/uploads/2025/06/temperaturas-extremas-y-precipitaciones-2025x06x28-a-1.pdf
2025-06-28,031,POLO,BARAHONA,INDOCAFE,EMCO,29.5,19.5,3.4,https://indomet.gob.do/wp-content/uploads/2025/06/temperaturas-extremas-y-precipitaciones-2025x06x28-a-1.pdf
2025-06-28,032,BASE AÉREA DE SAN ISIDRO,SANTO DOMINGO,FUERZA AÉREA DOMINICANA,EMCV,30.0,23.0,3.2,https://indomet.gob.do/wp-content/uploads/2025/06/temperaturas-extremas-y-precipitaciones-2025x06x28-a-1.pdf
2025-06-28,033,ARPT. DEL CIBAO,SANTIAGO,ONAMET,EMCO,30.2,23.0,3.1,https://indomet.gob.do/wp-content/uploads/2025/06/temperaturas-extremas-y-precipitaciones-2025x06x28-a-1.pdf
2025-06-28,034,SABANA DE LA MAR,HATO MAYOR,ONAMET,EMCO,31.0,22.5,2.3,https://indomet.gob.do/wp-content/uploads/2025/06/temperaturas-extremas-y-precipitaciones-2025x06x28-a-1.pdf
2025-06-28,035,HATO MAYOR,HATO MAYOR,MINISTERIO DE AGRICULTURA,EMCV,,,2.3,https://indomet.gob.do/wp-content/uploads/2025/06/temperaturas-extremas-y-precipitaciones-2025x06x28-a-1.pdf
2025-06-28,036,ARPT. DE LA ROMANA,LA ROMANA,ONAMET,EMCO,30.7,23.0,2.2,https://indomet.gob.do/wp-content/uploads/2025/06/temperaturas-extremas-y-precipitaciones-2025x06x28-a-1.pdf
2025-06-28,037,ALTAMIRA,PUERTO PLATA,HOSP. MPAL. DE ALTAMIRA,EMCO,31.3,20.2,2.0,https://indomet.gob.do/wp-content/uploads/2025/06/temperaturas-extremas-y-precipitaciones-2025x06x28-a-1.pdf
2025-06-28,038,BANI (EMA),PERAVIA,MINISTERIO DE AGRICULTURA,EMAP,32.4,25.8,2.0,https://indomet.gob.do/wp-content/uploads/2025/06/temperaturas-extremas-y-precipitaciones-2025x06x28-a-1.pdf
2025-06-28,039,ESCONDIDO,PERAVIA,MINISTERIO DE AGRICULTURA,EMCV,32.0,25.0,2.0,https://indomet.gob.do/wp-content/uploads/2025/06/temperaturas-extremas-y-precipitaciones-2025x06x28-a-1.pdf
2025-06-28,040,CONSTANZA (EMA),LA VEGA,PROGRAMA MUNDIAL DE ALIMENTO,EMAP,24.1,12.8,1.6,https://indomet.gob.do/wp-content/uploads/2025/06/temperaturas-extremas-y-precipitaciones-2025x06x28-a-1.pdf
2025-06-28,041,ARROYO LORO,SAN JUAN,IDIAF,EMCO,33.0,18.5,1.3,https://indomet.gob.do/wp-content/uploads/2025/06/temperaturas-extremas-y-precipitaciones-2025x06x28-a-1.pdf
2025-06-28,042,CONSTANZA,LA VEGA,MINISTERIO DE AGRICULTURA,EMCO,25.6,12.5,1.3,https://indomet.gob.do/wp-content/uploads/2025/06/temperaturas-extremas-y-precipitaciones-2025x06x28-a-1.pdf
2025-06-28,043,TAMBORIL,SANTIAGO,MINISTERIO DE AGRICULTURA,EMCV,,,1.3,https://indomet.gob.do/wp-content/uploads/2025/06/temperaturas-extremas-y-precipitaciones-2025x06x28-a-1.pdf
2025-06-28,044,PALO ÍNDIO,PUERTO PLATA,MINISTERIO DE AGRICULTURA,EMCO,,,1.2,https://indomet.gob.do/wp-content/uploads/2025/06/temperaturas-extremas-y-precipitaciones-2025x06x28-a-1.pdf
2025-06-28,045,JARABACOA (EMA),LA VEGA,PROGRAMA MUNDIAL DE ALIMENTO,EMAP,26.3,18.0,1.2,https://indomet.gob.do/wp-content/uploads/2025/06/temperaturas-extremas-y-precipitaciones-2025x06x28-a-1.pdf
2025-06-28,046,JARABACOA,LA VEGA,INDRHI / MARENA,EMCO,26.6,17.2,1.1,https://indomet.gob.do/wp-content/uploads/2025/06/temperaturas-extremas-y-precipitaciones-2025x06x28-a-1.pdf
2025-06-28,047,VALLE NUEVO (EMA),LA VEGA,MARENA,EMAO,18.7,14.3,0.4,https://indomet.gob.do/wp-content/uploads/2025/06/temperaturas-extremas-y-precipitaciones-2025x06x28-a-1.pdf
2025-06-28,048,ARPT. GREGORIO LUPERÓN,PUERTO PLATA,ONAMET,EMCO,31.0,24.0,0.1,https://indomet.gob.do/wp-content/uploads/2025/06/temperaturas-extremas-y-precipitaciones-2025x06x28-a-1.pdf
2025-06-28,049,SAN JOSÉ DE OCOA,SAN JOSÉ DE OCOA,HOSP. SAN JOSÉ DE OCOA,EMCO,30.7,,0.1,https://indomet.gob.do/wp-content/uploads/2025/06/temperaturas-extremas-y-precipitaciones-2025x06x28-a-1.pdf
2025-06-28,050,ARPT. DE PUNTA CANA,LA ALTAGRACIA,ONAMET,EMCO,31.0,23.5,0.0,https://indomet.gob.do/wp-content/uploads/2025/06/temperaturas-extremas-y-precipitaciones-2025x06x28-a-1.pdf
2025-06-28,051,ARPT. MARÍA MONTEZ,BARAHONA,ONAMET,EMCO,33.6,24.5,0.0,https://indomet.gob.do/wp-content/uploads/2025/06/temperaturas-extremas-y-precipitaciones-2025x06x28-a-1.pdf
2025-06-28,052,BOCA DE MAO (EMA),VALVERDE,MINISTERIO DE AGRICULTURA,EMAP,34.5,22.6,0.0,https://indomet.gob.do/wp-content/uploads/2025/06/temperaturas-extremas-y-precipitaciones-2025x06x28-a-1.pdf
2025-06-28,053,CABRAL,BARAHONA,MINISTERIO DE AGRICULTURA,EMCV,35.0,23.7,0.0,https://indomet.gob.do/wp-content/uploads/2025/06/temperaturas-extremas-y-precipitaciones-2025x06x28-a-1.pdf
2025-06-28,054,DAJABÓN,DAJABÓN,INSTITUTO POLITÉCNICO LOYOLA,EMCO,33.5,21.3,0.0,https://indomet.gob.do/wp-content/uploads/2025/06/temperaturas-extremas-y-precipitaciones-2025x06x28-a-1.pdf
2025-06-28,055,ENRIQUILLO,BARAHONA,MINISTERIO DE AGRICULTURA,EMCV,33.0,,0.0,https://indomet.gob.do/wp-content/uploads/2025/06/temperaturas-extremas-y-precipitaciones-2025x06x28-a-1.pdf
2025-06-28,056,JIMANÍ,INDEPENDENCIA,MINISTERIO DE AGRICULTURA,EMCO,36.8,24.5,0.0,https://indomet.gob.do/wp-content/uploads/2025/06/temperaturas-extremas-y-precipitaciones-2025x06x28-a-1.pdf
2025-06-28,057,LAS CANAS (EMA),MONTE CRISTI,PROGRAMA MUNDIAL DE ALIMENTO,EMAP,29.5,23.4,0.0,https://indomet.gob.do/wp-content/uploads/2025/06/temperaturas-extremas-y-precipitaciones-2025x06x28-a-1.pdf
2025-06-28,058,LAS MATAS DE SANTA CRUZ (EMA,MONTE CRISTI,PROGRAMA MUNDIAL DE ALIMENTO,EMAP,33.5,23.3,0.0,https://indomet.gob.do/wp-content/uploads/2025/06/temperaturas-extremas-y-precipitaciones-2025x06x28-a-1.pdf
2025-06-28,059,MONCIÓN (EMA),SANTIAGO RODRÍGUEZ,PROGRAMA MUNDIAL DE ALIMENTO,EMAP,30.9,19.7,0.0,https://indomet.gob.do/wp-content/uploads/2025/06/temperaturas-extremas-y-precipitaciones-2025x06x28-a-1.pdf
2025-06-28,060,MONTE CRISTI,MONTE CRISTI,ONAMET,EMCO,33.4,24.4,0.0,https://indomet.gob.do/wp-content/uploads/2025/06/temperaturas-extremas-y-precipitaciones-2025x06x28-a-1.pdf
2025-06-28,061,NAVARRETE,SANTIAGO,MINISTERIO DE AGRICULTURA,EMCV,,,0.0,https://indomet.gob.do/wp-content/uploads/2025/06/temperaturas-extremas-y-precipitaciones-2025x06x28-a-1.pdf
2025-06-28,062,OLIVARES,PEDERNALES,INDRHI,EMCO,,,0.0,https://indomet.gob.do/wp-content/uploads/2025/06/temperaturas-extremas-y-precipitaciones-2025x06x28-a-1.pdf
2025-06-28,063,OVIEDO,PEDERNALES,CLÍNICA RURAL OVIEDO,EMCO,34.0,,0.0,https://indomet.gob.do/wp-content/uploads/2025/06/temperaturas-extremas-y-precipitaciones-2025x06x28-a-1.pdf
2025-06-28,064,PADRE LAS CASAS,AZUA,HOSP. NTRA. SRA. DEL CARMEN,EMCO,34.0,18.5,0.0,https://indomet.gob.do/wp-content/uploads/2025/06/temperaturas-extremas-y-precipitaciones-2025x06x28-a-1.pdf
2025-06-28,065,PEDERNALES,PEDERNALES,INDRHI,EMCO,,,0.0,https://indomet.gob.do/wp-content/uploads/2025/06/temperaturas-extremas-y-precipitaciones-2025x06x28-a-1.pdf
2025-06-28,066,PERALTA,AZUA,HOSP. MPAL. DE PERALTA,EMCO,33.0,16.7,0.0,https://indomet.gob.do/wp-content/uploads/2025/06/temperaturas-extremas-y-precipitaciones-2025x06x28-a-1.pdf
2025-06-28,067,PESCADERIA (EMA),BARAHONA,MINISTERIO DE AGRICULTURA,EMAP,34.6,23.4,0.0,https://indomet.gob.do/wp-content/uploads/2025/06/temperaturas-extremas-y-precipitaciones-2025x06x28-a-1.pdf
2025-06-28,068,PONTÓN ABAJO (EMA),LA VEGA,MINISTERIO DE AGRICULTURA,EMAP,31.9,22.8,0.0,https://indomet.gob.do/wp-content/uploads/2025/06/temperaturas-extremas-y-precipitaciones-2025x06x28-a-1.pdf
2025-06-28,069,PRESA DE TAVERAS (EMA),LA VEGA,PROGRAMA MUNDIAL DE ALIMENTO,EMAP,29.9,21.4,0.0,https://indomet.gob.do/wp-content/uploads/2025/06/temperaturas-extremas-y-precipitaciones-2025x06x28-a-1.pdf
2025-06-28,070,RESTAURACIÓN,DAJABÓN,MINISTERIO DE AGRICULTURA,EMCO,31.2,19.4,0.0,https://indomet.gob.do/wp-content/uploads/2025/06/temperaturas-extremas-y-precipitaciones-2025x06x28-a-1.pdf
2025-06-28,071,SABANETA (EMA),SANTIAGO RODRÍGUEZ,PROGRAMA MUNDIAL DE ALIMENTO,EMAP,35.0,21.9,0.0,https://indomet.gob.do/wp-content/uploads/2025/06/temperaturas-extremas-y-precipitaciones-2025x06x28-a-1.pdf
2025-06-28,072,SANTIAGO RODRÍGUEZ,SANTIAGO RODRÍGUEZ,ONAMET,EMCO,35.4,22.5,0.0,https://indomet.gob.do/wp-content/uploads/2025/06/temperaturas-extremas-y-precipitaciones-2025x06x28-a-1.pdf
2025-06-28,073,TÁBARA ABAJO,AZUA,INDRHI,EMCO,33.5,23.3,0.0,https://indomet.gob.do/wp-content/uploads/2025/06/temperaturas-extremas-y-precipitaciones-2025x06x28-a-1.pdf
2025-06-28,074,VILLA ISABELA,PUERTO PLATA,MINISTERIO DE AGRICULTURA,EMCV,,,0.0,https://indomet.gob.do/wp-content/uploads/2025/06/temperaturas-extremas-y-precipitaciones-2025x06x28-a-1.pdf
2025-06-28,098,MAO,VALVERDE,INDRHI / MINISTERIO DE AGRICULTURA,EMCV,,,0.0,https://indomet.gob.do/wp-content/uploads/2025/06/temperaturas-extremas-y-precipitaciones-2025x06x28-a-1.pdf
2025-06-29,001,LOS LLANOS,SAN PEDRO DE MACORÍS,MINISTERIO DE AGRICULTURA,EMCO,32.5,23.0,59.8,https://indomet.gob.do/wp-content/uploads/2025/07/temperaturas-extremas-y-precipitaciones-2025x06x29-a.pdf
2025-06-29,002,JARDÍN BOTÁNICO NACIONAL,DISTRITO NACIONAL,JARDÍN BOTÁNICO NACIONAL,EMCV,30.6,21.0,48.4,https://indomet.gob.do/wp-content/uploads/2025/07/temperaturas-extremas-y-precipitaciones-2025x06x29-a.pdf
2025-06-29,003,LA VICTORIA,SANTO DOMINGO,CUERPO DE BOMBEROS,EMCO,30.2,23.0,37.8,https://indomet.gob.do/wp-content/uploads/2025/07/temperaturas-extremas-y-precipitaciones-2025x06x29-a.pdf
2025-06-29,004,ARPT. EL CATEY,SAMANÁ,ONAMET,EMCO,28.0,22.0,33.8,https://indomet.gob.do/wp-content/uploads/2025/07/temperaturas-extremas-y-precipitaciones-2025x06x29-a.pdf
2025-06-29,005,ARPT. LA ISABELA,SANTO DOMINGO,ONAMET,EMCO,33.0,20.5,30.8,https://indomet.gob.do/wp-content/uploads/2025/07/temperaturas-extremas-y-precipitaciones-2025x06x29-a.pdf
2025-06-29,006,BASE AÉREA DE SAN ISIDRO,SANTO DOMINGO,FUERZA AÉREA DOMINICANA,EMCV,33.9,24.1,25.1,https://indomet.gob.do/wp-content/uploads/2025/07/temperaturas-extremas-y-precipitaciones-2025x06x29-a.pdf
2025-06-29,007,SÁNCHEZ,SAMANÁ,MINISTERIO DE AGRICULTURA,EMCO,31.5,21.0,24.6,https://indomet.gob.do/wp-content/uploads/2025/07/temperaturas-extremas-y-precipitaciones-2025x06x29-a.pdf
2025-06-29,008,SANTO DOMINGO ESTE,SANTO DOMINGO,ONAMET,EMCO,33.5,25.0,23.1,https://indomet.gob.do/wp-content/uploads/2025/07/temperaturas-extremas-y-precipitaciones-2025x06x29-a.pdf
2025-06-29,009,LAS MATAS DE SANTA CRUZ (EMA,MONTE CRISTI,PROGRAMA MUNDIAL DE ALIMENTO,EMAP,33.5,23.3,22.4,https://indomet.gob.do/wp-content/uploads/2025/07/temperaturas-extremas-y-precipitaciones-2025x06x29-a.pdf
2025-06-29,010,BAYAGUANA,MONTE PLATA,ONAMET,EMCO,32.2,21.5,16.8,https://indomet.gob.do/wp-content/uploads/2025/07/temperaturas-extremas-y-precipitaciones-2025x06x29-a.pdf
2025-06-29,011,GASPAR HERNÁNDEZ,ESPAILLAT,PROPIEDAD DEL EMPLEADO,EMCO,,,15.2,https://indomet.gob.do/wp-content/uploads/2025/07/temperaturas-extremas-y-precipitaciones-2025x06x29-a.pdf
2025-06-29,012,BOHECHÍO,SAN JUAN,MINISTERIO DE AGRICULTURA,EMCV,,,11.2,https://indomet.gob.do/wp-content/uploads/2025/07/temperaturas-extremas-y-precipitaciones-2025x06x29-a.pdf
2025-06-29,013,RANCHO ARRIBA,SAN JOSÉ DE OCOA,CENTRO TECNOLÓGICO COMUNITARIO,EMCO,31.4,20.0,10.8,https://indomet.gob.do/wp-content/uploads/2025/07/temperaturas-extremas-y-precipitaciones-2025x06x29-a.pdf
2025-06-29,014,RESTAURACIÓN,DAJABÓN,MINISTERIO DE AGRICULTURA,EMCO,31.4,20.0,10.8,https://indomet.gob.do/wp-content/uploads/2025/07/temperaturas-extremas-y-precipitaciones-2025x06x29-a.pdf
2025-06-29,015,JUMA BEJUCAL,MONSEÑOR NOUEL,IDIAF,EMCV,32.2,22.6,8.6,https://indomet.gob.do/wp-content/uploads/2025/07/temperaturas-extremas-y-precipitaciones-2025x06x29-a.pdf
2025-06-29,016,ARPT. ARROYO BARRIL,SAMANÁ,ONAMET,EMCO,30.5,25.0,8.0,https://indomet.gob.do/wp-content/uploads/2025/07/temperaturas-extremas-y-precipitaciones-2025x06x29-a.pdf
2025-06-29,017,JARABACOA (EMA),LA VEGA,PROGRAMA MUNDIAL DE ALIMENTO,EMAP,26.3,18.0,6.6,https://indomet.gob.do/wp-content/uploads/2025/07/temperaturas-extremas-y-precipitaciones-2025x06x29-a.pdf
2025-06-29,018,JARABACOA,LA VEGA,INDRHI / MARENA,EMCO,31.4,17.6,5.7,https://indomet.gob.do/wp-content/uploads/2025/07/temperaturas-extremas-y-precipitaciones-2025x06x29-a.pdf
2025-06-29,019,VALLE NUEVO (EMA),LA VEGA,MARENA,EMAO,18.7,14.3,5.2,https://indomet.gob.do/wp-content/uploads/2025/07/temperaturas-extremas-y-precipitaciones-2025x06x29-a.pdf
2025-06-29,020,MOCA,ESPAILLAT,MINISTERIO DE AGRICULTURA,EMCV,,,5.0,https://indomet.gob.do/wp-content/uploads/2025/07/temperaturas-extremas-y-precipitaciones-2025x06x29-a.pdf
2025-06-29,021,VILLA RIVA,DUARTE,HOSP. MPAL. ALICIA DE LEGENDRE,EMCO,31.0,22.7,4.8,https://indomet.gob.do/wp-content/uploads/2025/07/temperaturas-extremas-y-precipitaciones-2025x06x29-a.pdf
2025-06-29,022,LOS TRES CHARCOS (EMA),PEDERNALES,PROPIEDAD DEL VOLUNTARIO,EMAP,,,4.4,https://indomet.gob.do/wp-content/uploads/2025/07/temperaturas-extremas-y-precipitaciones-2025x06x29-a.pdf
2025-06-29,023,SAMANÁ,SAMANÁ,COMANDANCIA DE PUERTO DE SAMANÁ,EMCO,32.0,26.8,4.4,https://indomet.gob.do/wp-content/uploads/2025/07/temperaturas-extremas-y-precipitaciones-2025x06x29-a.pdf
2025-06-29,024,ARPT. DE LAS AMÉRICAS,SANTO DOMINGO,ONAMET,EMCO,31.6,22.3,4.2,https://indomet.gob.do/wp-content/uploads/2025/07/temperaturas-extremas-y-precipitaciones-2025x06x29-a.pdf
2025-06-29,025,CENTRO DE LOS HEROES (EMA),DISTRITO NACIONAL,MINISTERIO DE ENERGIA Y MINA,EMAP,31.9,24.7,3.6,https://indomet.gob.do/wp-content/uploads/2025/07/temperaturas-extremas-y-precipitaciones-2025x06x29-a.pdf
2025-06-29,026,POLO,BARAHONA,INDOCAFE,EMCO,31.0,16.2,3.2,https://indomet.gob.do/wp-content/uploads/2025/07/temperaturas-extremas-y-precipitaciones-2025x06x29-a.pdf
2025-06-29,027,ENRIQUILLO,BARAHONA,MINISTERIO DE AGRICULTURA,EMCV,33.5,25.5,3.0,https://indomet.gob.do/wp-content/uploads/2025/07/temperaturas-extremas-y-precipitaciones-2025x06x29-a.pdf
2025-06-29,028,SABANA DE LA MAR,HATO MAYOR,ONAMET,EMCO,31.0,23.0,3.0,https://indomet.gob.do/wp-content/uploads/2025/07/temperaturas-extremas-y-precipitaciones-2025x06x29-a.pdf
2025-06-29,029,LA VEGA,LA VEGA,IATESA,EMCO,33.5,23.5,2.4,https://indomet.gob.do/wp-content/uploads/2025/07/temperaturas-extremas-y-precipitaciones-2025x06x29-a.pdf
2025-06-29,030,RÍO SAN JUAN,MARÍA TRINIDAD SÁNCHEZ,HOSP. MPAL. DR. DESIDERIO ACOSTA,EMCV,32.8,25.4,2.2,https://indomet.gob.do/wp-content/uploads/2025/07/temperaturas-extremas-y-precipitaciones-2025x06x29-a.pdf
2025-06-29,031,SAN FRANCISCO DE MACORÍS,DUARTE,San Francisco de Macorís (UASD),EMCO,32.1,23.4,2.2,https://indomet.gob.do/wp-content/uploads/2025/07/temperaturas-extremas-y-precipitaciones-2025x06x29-a.pdf
2025-06-29,032,HATO MAYOR,HATO MAYOR,MINISTERIO DE AGRICULTURA,EMCV,,,1.5,https://indomet.gob.do/wp-content/uploads/2025/07/temperaturas-extremas-y-precipitaciones-2025x06x29-a.pdf
2025-06-29,033,MONCIÓN (EMA),SANTIAGO RODRÍGUEZ,PROGRAMA MUNDIAL DE ALIMENTO,EMAP,30.9,19.7,1.4,https://indomet.gob.do/wp-content/uploads/2025/07/temperaturas-extremas-y-precipitaciones-2025x06x29-a.pdf
2025-06-29,034,ARPT. DE LA ROMANA,LA ROMANA,ONAMET,EMCO,30.8,23.0,1.3,https://indomet.gob.do/wp-content/uploads/2025/07/temperaturas-extremas-y-precipitaciones-2025x06x29-a.pdf
2025-06-29,035,OVIEDO,PEDERNALES,CLÍNICA RURAL OVIEDO,EMCO,34.8,26.2,1.0,https://indomet.gob.do/wp-content/uploads/2025/07/temperaturas-extremas-y-precipitaciones-2025x06x29-a.pdf
2025-06-29,036,PERALTA,AZUA,HOSP. MPAL. DE PERALTA,EMCO,34.5,17.7,1.0,https://indomet.gob.do/wp-content/uploads/2025/07/temperaturas-extremas-y-precipitaciones-2025x06x29-a.pdf
2025-06-29,037,ANAMUYA (EMA),LA ALTAGRACIA,MINISTERIO DE AGRICULTURA,EMAP,30.8,24.7,0.8,https://indomet.gob.do/wp-content/uploads/2025/07/temperaturas-extremas-y-precipitaciones-2025x06x29-a.pdf
2025-06-29,038,VILLA GONZALES,SANTIAGO,MINISTERIO DE AGRICULTURA,EMCO,,,0.8,https://indomet.gob.do/wp-content/uploads/2025/07/temperaturas-extremas-y-precipitaciones-2025x06x29-a.pdf
2025-06-29,039,CABRERA,MARÍA TRINIDAD SÁNCHEZ,ESCUELA ARÍSTIDES FIALLO CABRAL,EMCO,32.5,24.5,0.5,https://indomet.gob.do/wp-content/uploads/2025/07/temperaturas-extremas-y-precipitaciones-2025x06x29-a.pdf
2025-06-29,040,CONSTANZA (EMA),LA VEGA,PROGRAMA MUNDIAL DE ALIMENTO,EMAP,24.1,12.8,0.4,https://indomet.gob.do/wp-content/uploads/2025/07/temperaturas-extremas-y-precipitaciones-2025x06x29-a.pdf
2025-06-29,041,ALTO BANDERA (EMA),LA VEGA,INTEC,EMAP,,,0.3,https://indomet.gob.do/wp-content/uploads/2025/07/temperaturas-extremas-y-precipitaciones-2025x06x29-a.pdf
2025-06-29,042,ARPT. DEL CIBAO,SANTIAGO,ONAMET,EMCO,34.0,21.8,0.1,https://indomet.gob.do/wp-content/uploads/2025/07/temperaturas-extremas-y-precipitaciones-2025x06x29-a.pdf
2025-06-29,043,ARROYO LORO,SAN JUAN,IDIAF,EMCO,34.5,19.6,0.1,https://indomet.gob.do/wp-content/uploads/2025/07/temperaturas-extremas-y-precipitaciones-2025x06x29-a.pdf
2025-06-29,044,CABRAL,BARAHONA,MINISTERIO DE AGRICULTURA,EMCV,35.9,26.6,0.1,https://indomet.gob.do/wp-content/uploads/2025/07/temperaturas-extremas-y-precipitaciones-2025x06x29-a.pdf
2025-06-29,045,HONDO VALLE,ELÍAS PIÑA,MINISTERIO DE AGRICULTURA,EMCO,26.9,18.3,0.1,https://indomet.gob.do/wp-content/uploads/2025/07/temperaturas-extremas-y-precipitaciones-2025x06x29-a.pdf
2025-06-29,046,MONTE CRISTI,MONTE CRISTI,ONAMET,EMCO,34.5,24.0,0.1,https://indomet.gob.do/wp-content/uploads/2025/07/temperaturas-extremas-y-precipitaciones-2025x06x29-a.pdf
2025-06-29,047,SABANA GRANDE DE BOYÁ,MONTE PLATA,MINISTERIO DE AGRICULTURA,EMCV,,,0.1,https://indomet.gob.do/wp-content/uploads/2025/07/temperaturas-extremas-y-precipitaciones-2025x06x29-a.pdf
2025-06-29,048,SALCEDO,HERMANAS MIRABAL,PROPIEDAD DEL EMPLEADO,EMCO,,,0.1,https://indomet.gob.do/wp-content/uploads/2025/07/temperaturas-extremas-y-precipitaciones-2025x06x29-a.pdf
2025-06-29,049,SAN RAFAEL DEL YUMA,LA ALTAGRACIA,MINISTERIO DE AGRICULTURA,EMCO,34.9,24.9,0.1,https://indomet.gob.do/wp-content/uploads/2025/07/temperaturas-extremas-y-precipitaciones-2025x06x29-a.pdf
2025-06-29,050,ALTAMIRA,PUERTO PLATA,HOSP. MPAL. DE ALTAMIRA,EMCO,33.5,21.5,0.0,https://indomet.gob.do/wp-content/uploads/2025/07/temperaturas-extremas-y-precipitaciones-2025x06x29-a.pdf
2025-06-29,051,ARPT. DE PUNTA CANA,LA ALTAGRACIA,ONAMET,EMCO,32.4,24.1,0.0,https://indomet.gob.do/wp-content/uploads/2025/07/temperaturas-extremas-y-precipitaciones-2025x06x29-a.pdf
2025-06-29,052,ARPT. GREGORIO LUPERÓN,PUERTO PLATA,ONAMET,EMCO,32.5,23.6,0.0,https://indomet.gob.do/wp-content/uploads/2025/07/temperaturas-extremas-y-precipitaciones-2025x06x29-a.pdf
2025-06-29,053,ARPT. MARÍA MONTEZ,BARAHONA,ONAMET,EMCO,35.0,24.0,0.0,https://indomet.gob.do/wp-content/uploads/2025/07/temperaturas-extremas-y-precipitaciones-2025x06x29-a.pdf
2025-06-29,054,BOCA DE MAO (EMA),VALVERDE,MINISTERIO DE AGRICULTURA,EMAP,34.5,22.6,0.0,https://indomet.gob.do/wp-content/uploads/2025/07/temperaturas-extremas-y-precipitaciones-2025x06x29-a.pdf
2025-06-29,055,CONSTANZA,LA VEGA,MINISTERIO DE AGRICULTURA,EMCO,26.0,13.4,0.0,https://indomet.gob.do/wp-content/uploads/2025/07/temperaturas-extremas-y-precipitaciones-2025x06x29-a.pdf
2025-06-29,056,DAJABÓN,DAJABÓN,INSTITUTO POLITÉCNICO LOYOLA,EMCO,34.6,20.0,0.0,https://indomet.gob.do/wp-content/uploads/2025/07/temperaturas-extremas-y-precipitaciones-2025x06x29-a.pdf
2025-06-29,057,EL CERCADO,SAN JUAN,MINISTERIO DE AGRICULTURA,EMCV,,,0.0,https://indomet.gob.do/wp-content/uploads/2025/07/temperaturas-extremas-y-precipitaciones-2025x06x29-a.pdf
2025-06-29,058,EL SEIBO,EL SEIBO,MINISTERIO DE AGRICULTURA,EMCV,,,0.0,https://indomet.gob.do/wp-content/uploads/2025/07/temperaturas-extremas-y-precipitaciones-2025x06x29-a.pdf
2025-06-29,059,ELÍAS PIÑA,ELÍAS PIÑA,MINISTERIO DE AGRICULTURA,EMCV,,,0.0,https://indomet.gob.do/wp-content/uploads/2025/07/temperaturas-extremas-y-precipitaciones-2025x06x29-a.pdf
2025-06-29,060,ESCONDIDO,PERAVIA,MINISTERIO DE AGRICULTURA,EMCV,32.0,25.0,0.0,https://indomet.gob.do/wp-content/uploads/2025/07/temperaturas-extremas-y-precipitaciones-2025x06x29-a.pdf
2025-06-29,061,GURABO,SANTIAGO,MINISTERIO DE AGRICULTURA,EMCV,,,0.0,https://indomet.gob.do/wp-content/uploads/2025/07/temperaturas-extremas-y-precipitaciones-2025x06x29-a.pdf
2025-06-29,062,JIMANÍ,INDEPENDENCIA,MINISTERIO DE AGRICULTURA,EMCO,37.8,25.0,0.0,https://indomet.gob.do/wp-content/uploads/2025/07/temperaturas-extremas-y-precipitaciones-2025x06x29-a.pdf
2025-06-29,063,LAS CANAS (EMA),MONTE CRISTI,PROGRAMA MUNDIAL DE ALIMENTO,EMAP,29.5,23.4,0.0,https://indomet.gob.do/wp-content/uploads/2025/07/temperaturas-extremas-y-precipitaciones-2025x06x29-a.pdf
2025-06-29,064,LAS MATAS DE FARFÁN,SAN JUAN,MINISTERIO DE AGRICULTURA,EMCV,,,0.0,https://indomet.gob.do/wp-content/uploads/2025/07/temperaturas-extremas-y-precipitaciones-2025x06x29-a.pdf
2025-06-29,065,LUPERÓN,PUERTO PLATA,MINISTERIO DE AGRICULTURA,EMCV,,,0.0,https://indomet.gob.do/wp-content/uploads/2025/07/temperaturas-extremas-y-precipitaciones-2025x06x29-a.pdf
2025-06-29,066,MAO,VALVERDE,INDRHI / MINISTERIO DE AGRICULTURA,EMCV,,,0.0,https://indomet.gob.do/wp-content/uploads/2025/07/temperaturas-extremas-y-precipitaciones-2025x06x29-a.pdf
2025-06-29,067,NAVARRETE,SANTIAGO,MINISTERIO DE AGRICULTURA,EMCV,,,0.0,https://indomet.gob.do/wp-content/uploads/2025/07/temperaturas-extremas-y-precipitaciones-2025x06x29-a.pdf
2025-06-29,068,OLIVARES,PEDERNALES,INDRHI,EMCO,,,0.0,https://indomet.gob.do/wp-content/uploads/2025/07/temperaturas-extremas-y-precipitaciones-2025x06x29-a.pdf
2025-06-29,069,PADRE LAS CASAS,AZUA,HOSP. NTRA. SRA. DEL CARMEN,EMCO,35.0,20.0,0.0,https://indomet.gob.do/wp-content/uploads/2025/07/temperaturas-extremas-y-precipitaciones-2025x06x29-a.pdf
2025-06-29,070,PEDERNALES,PEDERNALES,INDRHI,EMCO,,,0.0,https://indomet.gob.do/wp-content/uploads/2025/07/temperaturas-extremas-y-precipitaciones-2025x06x29-a.pdf
2025-06-29,071,PESCADERIA (EMA),BARAHONA,MINISTERIO DE AGRICULTURA,EMAP,34.6,23.4,0.0,https://indomet.gob.do/wp-content/uploads/2025/07/temperaturas-extremas-y-precipitaciones-2025x06x29-a.pdf
2025-06-29,072,PONTÓN ABAJO (EMA),LA VEGA,MINISTERIO DE AGRICULTURA,EMAP,31.9,22.8,0.0,https://indomet.gob.do/wp-content/uploads/2025/07/temperaturas-extremas-y-precipitaciones-2025x06x29-a.pdf
2025-06-29,073,PRESA DE TAVERAS (EMA),LA VEGA,PROGRAMA MUNDIAL DE ALIMENTO,EMAP,29.9,21.4,0.0,https://indomet.gob.do/wp-content/uploads/2025/07/temperaturas-extremas-y-precipitaciones-2025x06x29-a.pdf
2025-06-29,074,SABANETA (EMA),SANTIAGO RODRÍGUEZ,PROGRAMA MUNDIAL DE ALIMENTO,EMAP,35.0,21.9,0.0,https://indomet.gob.do/wp-content/uploads/2025/07/temperaturas-extremas-y-precipitaciones-2025x06x29-a.pdf
2025-06-29,075,SAN CRISTÓBAL,SAN CRISTÓBAL,INSTITUTO POLITÉCNICO LOYOLA,EMCO,32.2,21.2,0.0,https://indomet.gob.do/wp-content/uploads/2025/07/temperaturas-extremas-y-precipitaciones-2025x06x29-a.pdf
2025-06-29,076,SAN JOSÉ DE OCOA,SAN JOSÉ DE OCOA,HOSP. SAN JOSÉ DE OCOA,EMCO,34.0,,0.0,https://indomet.gob.do/wp-content/uploads/2025/07/temperaturas-extremas-y-precipitaciones-2025x06x29-a.pdf
2025-06-29,077,SANTIAGO RODRÍGUEZ,SANTIAGO RODRÍGUEZ,ONAMET,EMCO,36.7,23.0,0.0,https://indomet.gob.do/wp-content/uploads/2025/07/temperaturas-extremas-y-precipitaciones-2025x06x29-a.pdf
2025-06-29,078,TÁBARA ABAJO,AZUA,INDRHI,EMCO,33.5,23.0,0.0,https://indomet.gob.do/wp-content/uploads/2025/07/temperaturas-extremas-y-precipitaciones-2025x06x29-a.pdf
2025-06-29,079,TAMBORIL,SANTIAGO,MINISTERIO DE AGRICULTURA,EMCV,,,0.0,https://indomet.gob.do/wp-content/uploads/2025/07/temperaturas-extremas-y-precipitaciones-2025x06x29-a.pdf
2025-06-29,080,VILLA ISABELA,PUERTO PLATA,MINISTERIO DE AGRICULTURA,EMCV,,,0.0,https://indomet.gob.do/wp-content/uploads/2025/07/temperaturas-extremas-y-precipitaciones-2025x06x29-a.pdf
2025-06-30,001,DAJABÓN,DAJABÓN,INSTITUTO POLITÉCNICO LOYOLA,EMCO,34.0,19.8,11.2,https://indomet.gob.do/wp-content/uploads/2025/07/temperaturas-extremas-y-precipitaciones-2025x06x30-a.pdf
2025-06-30,002,JARABACOA (EMA),LA VEGA,PROGRAMA MUNDIAL DE ALIMENTO,EMAP,30.8,18.2,3.2,https://indomet.gob.do/wp-content/uploads/2025/07/temperaturas-extremas-y-precipitaciones-2025x06x30-a.pdf
2025-06-30,003,JARABACOA,LA VEGA,INDRHI / MARENA,EMCO,31.0,17.2,3.0,https://indomet.gob.do/wp-content/uploads/2025/07/temperaturas-extremas-y-precipitaciones-2025x06x30-a.pdf
2025-06-30,004,POLO,BARAHONA,INDOCAFE,EMCO,26.9,18.0,2.8,https://indomet.gob.do/wp-content/uploads/2025/07/temperaturas-extremas-y-precipitaciones-2025x06x30-a.pdf
2025-06-30,005,PARQUE MIRADOR SUR,DISTRITO NACIONAL,AYUNTAMIENTO,EMCV,32.5,21.5,2.0,https://indomet.gob.do/wp-content/uploads/2025/07/temperaturas-extremas-y-precipitaciones-2025x06x30-a.pdf
2025-06-30,006,ENRIQUILLO,BARAHONA,MINISTERIO DE AGRICULTURA,EMCV,31.8,,1.0,https://indomet.gob.do/wp-content/uploads/2025/07/temperaturas-extremas-y-precipitaciones-2025x06x30-a.pdf
2025-06-30,007,BASE AÉREA DE SAN ISIDRO,SANTO DOMINGO,FUERZA AÉREA DOMINICANA,EMCV,32.6,23.4,0.2,https://indomet.gob.do/wp-content/uploads/2025/07/temperaturas-extremas-y-precipitaciones-2025x06x30-a.pdf
2025-06-30,008,SAMANÁ,SAMANÁ,COMANDANCIA DE PUERTO DE SAMANÁ,EMCO,32.9,24.4,0.2,https://indomet.gob.do/wp-content/uploads/2025/07/temperaturas-extremas-y-precipitaciones-2025x06x30-a.pdf
2025-06-30,009,RANCHO ARRIBA,SAN JOSÉ DE OCOA,CENTRO TECNOLÓGICO COMUNITARIO,EMCO,31.6,18.0,0.1,https://indomet.gob.do/wp-content/uploads/2025/07/temperaturas-extremas-y-precipitaciones-2025x06x30-a.pdf
2025-06-30,010,SAN RAFAEL DEL YUMA,LA ALTAGRACIA,MINISTERIO DE AGRICULTURA,EMCO,34.9,24.9,0.1,https://indomet.gob.do/wp-content/uploads/2025/07/temperaturas-extremas-y-precipitaciones-2025x06x30-a.pdf
2025-06-30,011,VILLA ALTAGRACIA,SAN CRISTÓBAL,ESCUELA JAVIER ANGULO GURIDI,EMCO,,,0.1,https://indomet.gob.do/wp-content/uploads/2025/07/temperaturas-extremas-y-precipitaciones-2025x06x30-a.pdf
2025-06-30,012,ALTAMIRA,PUERTO PLATA,HOSP. MPAL. DE ALTAMIRA,EMCO,35.3,20.3,0.0,https://indomet.gob.do/wp-content/uploads/2025/07/temperaturas-extremas-y-precipitaciones-2025x06x30-a.pdf
2025-06-30,013,ANAMUYA (EMA),LA ALTAGRACIA,MINISTERIO DE AGRICULTURA,EMAP,32.0,24.7,0.0,https://indomet.gob.do/wp-content/uploads/2025/07/temperaturas-extremas-y-precipitaciones-2025x06x30-a.pdf
2025-06-30,014,ARPT. ARROYO BARRIL,SAMANÁ,ONAMET,EMCO,32.0,23.6,0.0,https://indomet.gob.do/wp-content/uploads/2025/07/temperaturas-extremas-y-precipitaciones-2025x06x30-a.pdf
2025-06-30,015,ARPT. DE LA ROMANA,LA ROMANA,ONAMET,EMCO,33.3,24.5,0.0,https://indomet.gob.do/wp-content/uploads/2025/07/temperaturas-extremas-y-precipitaciones-2025x06x30-a.pdf
2025-06-30,016,ARPT. DE LAS AMÉRICAS,SANTO DOMINGO,ONAMET,EMCO,32.5,23.8,0.0,https://indomet.gob.do/wp-content/uploads/2025/07/temperaturas-extremas-y-precipitaciones-2025x06x30-a.pdf
2025-06-30,017,ARPT. DEL CIBAO,SANTIAGO,ONAMET,EMCO,34.0,22.0,0.0,https://indomet.gob.do/wp-content/uploads/2025/07/temperaturas-extremas-y-precipitaciones-2025x06x30-a.pdf
2025-06-30,018,ARPT. EL CATEY,SAMANÁ,ONAMET,EMCO,30.0,23.5,0.0,https://indomet.gob.do/wp-content/uploads/2025/07/temperaturas-extremas-y-precipitaciones-2025x06x30-a.pdf
2025-06-30,019,ARPT. GREGORIO LUPERÓN,PUERTO PLATA,ONAMET,EMCO,33.0,23.8,0.0,https://indomet.gob.do/wp-content/uploads/2025/07/temperaturas-extremas-y-precipitaciones-2025x06x30-a.pdf
2025-06-30,020,ARPT. MARÍA MONTEZ,BARAHONA,ONAMET,EMCO,32.8,25.5,0.0,https://indomet.gob.do/wp-content/uploads/2025/07/temperaturas-extremas-y-precipitaciones-2025x06x30-a.pdf
2025-06-30,021,ARROYO LORO,SAN JUAN,IDIAF,EMCO,33.8,18.4,0.0,https://indomet.gob.do/wp-content/uploads/2025/07/temperaturas-extremas-y-precipitaciones-2025x06x30-a.pdf
2025-06-30,022,BANI (EMA),PERAVIA,MINISTERIO DE AGRICULTURA,EMAP,,,0.0,https://indomet.gob.do/wp-content/uploads/2025/07/temperaturas-extremas-y-precipitaciones-2025x06x30-a.pdf
2025-06-30,023,BAYAGUANA,MONTE PLATA,ONAMET,EMCO,33.8,23.6,0.0,https://indomet.gob.do/wp-content/uploads/2025/07/temperaturas-extremas-y-precipitaciones-2025x06x30-a.pdf
2025-06-30,024,BOCA DE MAO (EMA),VALVERDE,MINISTERIO DE AGRICULTURA,EMAP,37.1,24.6,0.0,https://indomet.gob.do/wp-content/uploads/2025/07/temperaturas-extremas-y-precipitaciones-2025x06x30-a.pdf
2025-06-30,025,BOHECHÍO,SAN JUAN,MINISTERIO DE AGRICULTURA,EMCV,,,0.0,https://indomet.gob.do/wp-content/uploads/2025/07/temperaturas-extremas-y-precipitaciones-2025x06x30-a.pdf
2025-06-30,026,CABRAL,BARAHONA,MINISTERIO DE AGRICULTURA,EMCV,34.0,24.9,0.0,https://indomet.gob.do/wp-content/uploads/2025/07/temperaturas-extremas-y-precipitaciones-2025x06x30-a.pdf
2025-06-30,027,CABRERA,MARÍA TRINIDAD SÁNCHEZ,ESCUELA ARÍSTIDES FIALLO CABRAL,EMCO,32.0,26.8,0.0,https://indomet.gob.do/wp-content/uploads/2025/07/temperaturas-extremas-y-precipitaciones-2025x06x30-a.pdf
2025-06-30,028,CENTRO DE LOS HEROES (EMA),DISTRITO NACIONAL,MINISTERIO DE ENERGIA Y MINA,EMAP,31.5,26.0,0.0,https://indomet.gob.do/wp-content/uploads/2025/07/temperaturas-extremas-y-precipitaciones-2025x06x30-a.pdf
2025-06-30,029,CONSTANZA,LA VEGA,MINISTERIO DE AGRICULTURA,EMCO,27.2,12.5,0.0,https://indomet.gob.do/wp-content/uploads/2025/07/temperaturas-extremas-y-precipitaciones-2025x06x30-a.pdf
2025-06-30,030,CONSTANZA (EMA),LA VEGA,PROGRAMA MUNDIAL DE ALIMENTO,EMAP,25.2,12.8,0.0,https://indomet.gob.do/wp-content/uploads/2025/07/temperaturas-extremas-y-precipitaciones-2025x06x30-a.pdf
2025-06-30,031,EL FACTOR (EMA),MARÍA TRINIDAD SÁNCHEZ,INTEC,EMAP,,,0.0,https://indomet.gob.do/wp-content/uploads/2025/07/temperaturas-extremas-y-precipitaciones-2025x06x30-a.pdf
2025-06-30,032,ELÍAS PIÑA,ELÍAS PIÑA,MINISTERIO DE AGRICULTURA,EMCV,,,0.0,https://indomet.gob.do/wp-content/uploads/2025/07/temperaturas-extremas-y-precipitaciones-2025x06x30-a.pdf
2025-06-30,033,ESCONDIDO,PERAVIA,MINISTERIO DE AGRICULTURA,EMCV,32.0,25.0,0.0,https://indomet.gob.do/wp-content/uploads/2025/07/temperaturas-extremas-y-precipitaciones-2025x06x30-a.pdf
2025-06-30,034,GASPAR HERNÁNDEZ,ESPAILLAT,PROPIEDAD DEL EMPLEADO,EMCO,,,0.0,https://indomet.gob.do/wp-content/uploads/2025/07/temperaturas-extremas-y-precipitaciones-2025x06x30-a.pdf
2025-06-30,035,GURABO,SANTIAGO,MINISTERIO DE AGRICULTURA,EMCV,,,0.0,https://indomet.gob.do/wp-content/uploads/2025/07/temperaturas-extremas-y-precipitaciones-2025x06x30-a.pdf
2025-06-30,036,HATO MAYOR,HATO MAYOR,MINISTERIO DE AGRICULTURA,EMCV,,,0.0,https://indomet.gob.do/wp-content/uploads/2025/07/temperaturas-extremas-y-precipitaciones-2025x06x30-a.pdf
2025-06-30,037,HONDO VALLE,ELÍAS PIÑA,MINISTERIO DE AGRICULTURA,EMCO,26.4,17.5,0.0,https://indomet.gob.do/wp-content/uploads/2025/07/temperaturas-extremas-y-precipitaciones-2025x06x30-a.pdf
2025-06-30,038,JARDÍN BOTÁNICO NACIONAL,DISTRITO NACIONAL,JARDÍN BOTÁNICO NACIONAL,EMCV,32.0,22.9,0.0,https://indomet.gob.do/wp-content/uploads/2025/07/temperaturas-extremas-y-precipitaciones-2025x06x30-a.pdf
2025-06-30,039,JIMANÍ,INDEPENDENCIA,MINISTERIO DE AGRICULTURA,EMCO,35.8,26.0,0.0,https://indomet.gob.do/wp-content/uploads/2025/07/temperaturas-extremas-y-precipitaciones-2025x06x30-a.pdf
2025-06-30,040,JUMA BEJUCAL,MONSEÑOR NOUEL,IDIAF,EMCV,33.0,22.2,0.0,https://indomet.gob.do/wp-content/uploads/2025/07/temperaturas-extremas-y-precipitaciones-2025x06x30-a.pdf
2025-06-30,041,LA VEGA,LA VEGA,IATESA,EMCO,33.0,23.0,0.0,https://indomet.gob.do/wp-content/uploads/2025/07/temperaturas-extremas-y-precipitaciones-2025x06x30-a.pdf
2025-06-30,042,LA VICTORIA,SANTO DOMINGO,CUERPO DE BOMBEROS,EMCO,33.8,23.5,0.0,https://indomet.gob.do/wp-content/uploads/2025/07/temperaturas-extremas-y-precipitaciones-2025x06x30-a.pdf
2025-06-30,043,LAS CANAS (EMA),MONTE CRISTI,PROGRAMA MUNDIAL DE ALIMENTO,EMAP,31.3,23.3,0.0,https://indomet.gob.do/wp-content/uploads/2025/07/temperaturas-extremas-y-precipitaciones-2025x06x30-a.pdf
2025-06-30,044,LAS MATAS DE SANTA CRUZ (EMA,MONTE CRISTI,PROGRAMA MUNDIAL DE ALIMENTO,EMAP,35.0,24.3,0.0,https://indomet.gob.do/wp-content/uploads/2025/07/temperaturas-extremas-y-precipitaciones-2025x06x30-a.pdf
2025-06-30,045,LOS LLANOS,SAN PEDRO DE MACORÍS,MINISTERIO DE AGRICULTURA,EMCO,33.0,22.5,0.0,https://indomet.gob.do/wp-content/uploads/2025/07/temperaturas-extremas-y-precipitaciones-2025x06x30-a.pdf
2025-06-30,046,LUPERÓN,PUERTO PLATA,MINISTERIO DE AGRICULTURA,EMCV,,,0.0,https://indomet.gob.do/wp-content/uploads/2025/07/temperaturas-extremas-y-precipitaciones-2025x06x30-a.pdf
2025-06-30,047,MAO,VALVERDE,INDRHI / MINISTERIO DE AGRICULTURA,EMCV,,,0.0,https://indomet.gob.do/wp-content/uploads/2025/07/temperaturas-extremas-y-precipitaciones-2025x06x30-a.pdf
2025-06-30,048,MOCA,ESPAILLAT,MINISTERIO DE AGRICULTURA,EMCV,,,0.0,https://indomet.gob.do/wp-content/uploads/2025/07/temperaturas-extremas-y-precipitaciones-2025x06x30-a.pdf
2025-06-30,049,MONCIÓN (EMA),SANTIAGO RODRÍGUEZ,PROGRAMA MUNDIAL DE ALIMENTO,EMAP,33.1,19.5,0.0,https://indomet.gob.do/wp-content/uploads/2025/07/temperaturas-extremas-y-precipitaciones-2025x06x30-a.pdf
2025-06-30,050,MONTE CRISTI,MONTE CRISTI,ONAMET,EMCO,34.5,24.2,0.0,https://indomet.gob.do/wp-content/uploads/2025/07/temperaturas-extremas-y-precipitaciones-2025x06x30-a.pdf
2025-06-30,051,NAVARRETE,SANTIAGO,MINISTERIO DE AGRICULTURA,EMCV,,,0.0,https://indomet.gob.do/wp-content/uploads/2025/07/temperaturas-extremas-y-precipitaciones-2025x06x30-a.pdf
2025-06-30,052,OLIVARES,PEDERNALES,INDRHI,EMCO,,,0.0,https://indomet.gob.do/wp-content/uploads/2025/07/temperaturas-extremas-y-precipitaciones-2025x06x30-a.pdf
2025-06-30,053,OVIEDO,PEDERNALES,CLÍNICA RURAL OVIEDO,EMCO,33.0,,0.0,https://indomet.gob.do/wp-content/uploads/2025/07/temperaturas-extremas-y-precipitaciones-2025x06x30-a.pdf
2025-06-30,054,PADRE LAS CASAS,AZUA,HOSP. NTRA. SRA. DEL CARMEN,EMCO,33.0,18.8,0.0,https://indomet.gob.do/wp-content/uploads/2025/07/temperaturas-extremas-y-precipitaciones-2025x06x30-a.pdf
2025-06-30,055,PALO ÍNDIO,PUERTO PLATA,MINISTERIO DE AGRICULTURA,EMCO,,,0.0,https://indomet.gob.do/wp-content/uploads/2025/07/temperaturas-extremas-y-precipitaciones-2025x06x30-a.pdf
2025-06-30,056,PEDERNALES,PEDERNALES,INDRHI,EMCO,,,0.0,https://indomet.gob.do/wp-content/uploads/2025/07/temperaturas-extremas-y-precipitaciones-2025x06x30-a.pdf
2025-06-30,057,PERALTA,AZUA,HOSP. MPAL. DE PERALTA,EMCO,34.0,18.2,0.0,https://indomet.gob.do/wp-content/uploads/2025/07/temperaturas-extremas-y-precipitaciones-2025x06x30-a.pdf
2025-06-30,058,PESCADERIA (EMA),BARAHONA,MINISTERIO DE AGRICULTURA,EMAP,33.1,25.4,0.0,https://indomet.gob.do/wp-content/uploads/2025/07/temperaturas-extremas-y-precipitaciones-2025x06x30-a.pdf
2025-06-30,059,PONTÓN ABAJO (EMA),LA VEGA,MINISTERIO DE AGRICULTURA,EMAP,35.2,23.6,0.0,https://indomet.gob.do/wp-content/uploads/2025/07/temperaturas-extremas-y-precipitaciones-2025x06x30-a.pdf
2025-06-30,060,PRESA DE TAVERAS (EMA),LA VEGA,PROGRAMA MUNDIAL DE ALIMENTO,EMAP,31.2,21.9,0.0,https://indomet.gob.do/wp-content/uploads/2025/07/temperaturas-extremas-y-precipitaciones-2025x06x30-a.pdf
2025-06-30,061,RESTAURACIÓN,DAJABÓN,MINISTERIO DE AGRICULTURA,EMCO,32.3,18.9,0.0,https://indomet.gob.do/wp-content/uploads/2025/07/temperaturas-extremas-y-precipitaciones-2025x06x30-a.pdf
2025-06-30,062,RÍO SAN JUAN,MARÍA TRINIDAD SÁNCHEZ,HOSP. MPAL. DR. DESIDERIO ACOSTA,EMCV,33.5,23.9,0.0,https://indomet.gob.do/wp-content/uploads/2025/07/temperaturas-extremas-y-precipitaciones-2025x06x30-a.pdf
2025-06-30,063,SABANA DE LA MAR,HATO MAYOR,ONAMET,EMCO,31.5,24.5,0.0,https://indomet.gob.do/wp-content/uploads/2025/07/temperaturas-extremas-y-precipitaciones-2025x06x30-a.pdf
2025-06-30,064,SABANA GRANDE DE BOYÁ,MONTE PLATA,MINISTERIO DE AGRICULTURA,EMCV,,,0.0,https://indomet.gob.do/wp-content/uploads/2025/07/temperaturas-extremas-y-precipitaciones-2025x06x30-a.pdf
2025-06-30,065,SABANETA (EMA),SANTIAGO RODRÍGUEZ,PROGRAMA MUNDIAL DE ALIMENTO,EMAP,37.4,22.3,0.0,https://indomet.gob.do/wp-content/uploads/2025/07/temperaturas-extremas-y-precipitaciones-2025x06x30-a.pdf
2025-06-30,066,SALCEDO,HERMANAS MIRABAL,PROPIEDAD DEL EMPLEADO,EMCO,,,0.0,https://indomet.gob.do/wp-content/uploads/2025/07/temperaturas-extremas-y-precipitaciones-2025x06x30-a.pdf
2025-06-30,067,SAN CRISTÓBAL,SAN CRISTÓBAL,INSTITUTO POLITÉCNICO LOYOLA,EMCO,33.2,22.0,0.0,https://indomet.gob.do/wp-content/uploads/2025/07/temperaturas-extremas-y-precipitaciones-2025x06x30-a.pdf
2025-06-30,068,SAN FRANCISCO DE MACORÍS,DUARTE,San Francisco de Macorís (UASD),EMCO,32.4,22.2,0.0,https://indomet.gob.do/wp-content/uploads/2025/07/temperaturas-extremas-y-precipitaciones-2025x06x30-a.pdf
2025-06-30,069,SAN JOSÉ DE OCOA,SAN JOSÉ DE OCOA,HOSP. SAN JOSÉ DE OCOA,EMCO,32.7,,0.0,https://indomet.gob.do/wp-content/uploads/2025/07/temperaturas-extremas-y-precipitaciones-2025x06x30-a.pdf
2025-06-30,070,SÁNCHEZ,SAMANÁ,MINISTERIO DE AGRICULTURA,EMCO,32.4,22.3,0.0,https://indomet.gob.do/wp-content/uploads/2025/07/temperaturas-extremas-y-precipitaciones-2025x06x30-a.pdf
2025-06-30,071,SANTIAGO RODRÍGUEZ,SANTIAGO RODRÍGUEZ,ONAMET,EMCO,37.0,23.0,0.0,https://indomet.gob.do/wp-content/uploads/2025/07/temperaturas-extremas-y-precipitaciones-2025x06x30-a.pdf
2025-06-30,072,SANTO DOMINGO ESTE,SANTO DOMINGO,ONAMET,EMCO,32.8,25.0,0.0,https://indomet.gob.do/wp-content/uploads/2025/07/temperaturas-extremas-y-precipitaciones-2025x06x30-a.pdf
2025-06-30,073,TÁBARA ABAJO,AZUA,INDRHI,EMCO,34.5,20.5,0.0,https://indomet.gob.do/wp-content/uploads/2025/07/temperaturas-extremas-y-precipitaciones-2025x06x30-a.pdf
2025-06-30,074,TAMBORIL,SANTIAGO,MINISTERIO DE AGRICULTURA,EMCV,,,0.0,https://indomet.gob.do/wp-content/uploads/2025/07/temperaturas-extremas-y-precipitaciones-2025x06x30-a.pdf
2025-06-30,075,VILLA GONZALES,SANTIAGO,MINISTERIO DE AGRICULTURA,EMCO,,,0.0,https://indomet.gob.do/wp-content/uploads/2025/07/temperaturas-extremas-y-precipitaciones-2025x06x30-a.pdf
2025-06-30,076,VILLA ISABELA,PUERTO PLATA,MINISTERIO DE AGRICULTURA,EMCV,,,0.0,https://indomet.gob.do/wp-content/uploads/2025/07/temperaturas-extremas-y-precipitaciones-2025x06x30-a.pdf
2025-06-30,077,VILLA RIVA,DUARTE,HOSP. MPAL. ALICIA DE LEGENDRE,EMCO,32.0,23.0,0.0,https://indomet.gob.do/wp-content/uploads/2025/07/temperaturas-extremas-y-precipitaciones-2025x06x30-a.pdf
2025-07-01,001,LA VICTORIA,SANTO DOMINGO,CUERPO DE BOMBEROS,EMCO,35.0,22.8,22.4,https://indomet.gob.do/wp-content/uploads/2025/07/temperaturas-extremas-y-precipitaciones-2025x07x01-a.pdf
2025-07-01,002,ARPT. LA ISABELA,SANTO DOMINGO,ONAMET,EMCO,32.6,21.5,18.0,https://indomet.gob.do/wp-content/uploads/2025/07/temperaturas-extremas-y-precipitaciones-2025x07x01-a.pdf
2025-07-01,003,ARPT. EL CATEY,SAMANÁ,ONAMET,EMCO,29.0,22.0,12.5,https://indomet.gob.do/wp-content/uploads/2025/07/temperaturas-extremas-y-precipitaciones-2025x07x01-a.pdf
2025-07-01,004,ARPT. ARROYO BARRIL,SAMANÁ,ONAMET,EMCO,32.5,23.6,5.6,https://indomet.gob.do/wp-content/uploads/2025/07/temperaturas-extremas-y-precipitaciones-2025x07x01-a.pdf
2025-07-01,005,VALLE NUEVO (EMA),LA VEGA,MARENA,EMAO,20.9,12.7,4.8,https://indomet.gob.do/wp-content/uploads/2025/07/temperaturas-extremas-y-precipitaciones-2025x07x01-a.pdf
2025-07-01,006,ARPT. DE PUNTA CANA,LA ALTAGRACIA,ONAMET,EMCO,31.2,21.9,4.6,https://indomet.gob.do/wp-content/uploads/2025/07/temperaturas-extremas-y-precipitaciones-2025x07x01-a.pdf
2025-07-01,007,SÁNCHEZ,SAMANÁ,MINISTERIO DE AGRICULTURA,EMCO,31.7,22.3,4.2,https://indomet.gob.do/wp-content/uploads/2025/07/temperaturas-extremas-y-precipitaciones-2025x07x01-a.pdf
2025-07-01,008,SAN RAFAEL DEL YUMA,LA ALTAGRACIA,MINISTERIO DE AGRICULTURA,EMCO,35.0,23.8,3.3,https://indomet.gob.do/wp-content/uploads/2025/07/temperaturas-extremas-y-precipitaciones-2025x07x01-a.pdf
2025-07-01,009,ARPT. DE LA ROMANA,LA ROMANA,ONAMET,EMCO,33.4,23.3,2.7,https://indomet.gob.do/wp-content/uploads/2025/07/temperaturas-extremas-y-precipitaciones-2025x07x01-a.pdf
2025-07-01,010,PARQUE MIRADOR SUR,DISTRITO NACIONAL,AYUNTAMIENTO,EMCV,33.0,22.5,1.8,https://indomet.gob.do/wp-content/uploads/2025/07/temperaturas-extremas-y-precipitaciones-2025x07x01-a.pdf
2025-07-01,011,RANCHO ARRIBA,SAN JOSÉ DE OCOA,CENTRO TECNOLÓGICO COMUNITARIO,EMCO,30.1,17.6,1.6,https://indomet.gob.do/wp-content/uploads/2025/07/temperaturas-extremas-y-precipitaciones-2025x07x01-a.pdf
2025-07-01,012,PRESA DE TAVERAS (EMA),LA VEGA,PROGRAMA MUNDIAL DE ALIMENTO,EMAP,,,1.4,https://indomet.gob.do/wp-content/uploads/2025/07/temperaturas-extremas-y-precipitaciones-2025x07x01-a.pdf
2025-07-01,013,JUMA BEJUCAL,MONSEÑOR NOUEL,IDIAF,EMCV,32.4,21.6,1.1,https://indomet.gob.do/wp-content/uploads/2025/07/temperaturas-extremas-y-precipitaciones-2025x07x01-a.pdf
2025-07-01,014,LUPERÓN,PUERTO PLATA,MINISTERIO DE AGRICULTURA,EMCV,,,1.0,https://indomet.gob.do/wp-content/uploads/2025/07/temperaturas-extremas-y-precipitaciones-2025x07x01-a.pdf
2025-07-01,015,HATO MAYOR,HATO MAYOR,MINISTERIO DE AGRICULTURA,EMCV,,,1.0,https://indomet.gob.do/wp-content/uploads/2025/07/temperaturas-extremas-y-precipitaciones-2025x07x01-a.pdf
2025-07-01,016,RÍO SAN JUAN,MARÍA TRINIDAD SÁNCHEZ,HOSP. MPAL. DR. DESIDERIO ACOSTA,EMCV,33.8,23.5,1.0,https://indomet.gob.do/wp-content/uploads/2025/07/temperaturas-extremas-y-precipitaciones-2025x07x01-a.pdf
2025-07-01,017,SABANA DE LA MAR,HATO MAYOR,ONAMET,EMCO,31.5,23.0,0.8,https://indomet.gob.do/wp-content/uploads/2025/07/temperaturas-extremas-y-precipitaciones-2025x07x01-a.pdf
2025-07-01,018,PALO ÍNDIO,PUERTO PLATA,MINISTERIO DE AGRICULTURA,EMCO,,,0.8,https://indomet.gob.do/wp-content/uploads/2025/07/temperaturas-extremas-y-precipitaciones-2025x07x01-a.pdf
2025-07-01,019,ANAMUYA (EMA),LA ALTAGRACIA,MINISTERIO DE AGRICULTURA,EMAP,33.5,23.2,0.6,https://indomet.gob.do/wp-content/uploads/2025/07/temperaturas-extremas-y-precipitaciones-2025x07x01-a.pdf
2025-07-01,020,SAMANÁ,SAMANÁ,COMANDANCIA DE PUERTO DE SAMANÁ,EMCO,32.7,24.2,0.6,https://indomet.gob.do/wp-content/uploads/2025/07/temperaturas-extremas-y-precipitaciones-2025x07x01-a.pdf
2025-07-01,021,SAN FRANCISCO DE MACORÍS,DUARTE,San Francisco de Macorís (UASD),EMCO,32.0,22.0,0.6,https://indomet.gob.do/wp-content/uploads/2025/07/temperaturas-extremas-y-precipitaciones-2025x07x01-a.pdf
2025-07-01,022,BONAO,MONSEÑOR NOUEL,MINISTERIO DE AGRICULTURA,EMCV,,,0.5,https://indomet.gob.do/wp-content/uploads/2025/07/temperaturas-extremas-y-precipitaciones-2025x07x01-a.pdf
2025-07-01,023,ARPT. DE LAS AMÉRICAS,SANTO DOMINGO,ONAMET,EMCO,32.2,23.3,0.3,https://indomet.gob.do/wp-content/uploads/2025/07/temperaturas-extremas-y-precipitaciones-2025x07x01-a.pdf
2025-07-01,024,ESCONDIDO,PERAVIA,MINISTERIO DE AGRICULTURA,EMCV,33.0,24.0,0.3,https://indomet.gob.do/wp-content/uploads/2025/07/temperaturas-extremas-y-precipitaciones-2025x07x01-a.pdf
2025-07-01,025,POLO,BARAHONA,INDOCAFE,EMCO,29.0,16.5,0.2,https://indomet.gob.do/wp-content/uploads/2025/07/temperaturas-extremas-y-precipitaciones-2025x07x01-a.pdf
2025-07-01,026,SAN JOSÉ DE OCOA,SAN JOSÉ DE OCOA,HOSP. SAN JOSÉ DE OCOA,EMCO,32.6,,0.2,https://indomet.gob.do/wp-content/uploads/2025/07/temperaturas-extremas-y-precipitaciones-2025x07x01-a.pdf
2025-07-01,027,HONDO VALLE,ELÍAS PIÑA,MINISTERIO DE AGRICULTURA,EMCO,27.3,18.2,0.1,https://indomet.gob.do/wp-content/uploads/2025/07/temperaturas-extremas-y-precipitaciones-2025x07x01-a.pdf
2025-07-01,028,JARABACOA,LA VEGA,INDRHI / MARENA,EMCO,31.8,17.6,0.1,https://indomet.gob.do/wp-content/uploads/2025/07/temperaturas-extremas-y-precipitaciones-2025x07x01-a.pdf
2025-07-01,029,ALTAMIRA,PUERTO PLATA,HOSP. MPAL. DE ALTAMIRA,EMCO,33.9,23.4,0.0,https://indomet.gob.do/wp-content/uploads/2025/07/temperaturas-extremas-y-precipitaciones-2025x07x01-a.pdf
2025-07-01,030,ARPT. DEL CIBAO,SANTIAGO,ONAMET,EMCO,33.0,22.9,0.0,https://indomet.gob.do/wp-content/uploads/2025/07/temperaturas-extremas-y-precipitaciones-2025x07x01-a.pdf
2025-07-01,031,ARPT. GREGORIO LUPERÓN,PUERTO PLATA,ONAMET,EMCO,32.2,23.5,0.0,https://indomet.gob.do/wp-content/uploads/2025/07/temperaturas-extremas-y-precipitaciones-2025x07x01-a.pdf
2025-07-01,032,ARPT. MARÍA MONTEZ,BARAHONA,ONAMET,EMCO,33.5,25.0,0.0,https://indomet.gob.do/wp-content/uploads/2025/07/temperaturas-extremas-y-precipitaciones-2025x07x01-a.pdf
2025-07-01,033,ARROYO LORO,SAN JUAN,IDIAF,EMCO,34.0,18.7,0.0,https://indomet.gob.do/wp-content/uploads/2025/07/temperaturas-extremas-y-precipitaciones-2025x07x01-a.pdf
2025-07-01,034,BASE AÉREA DE SAN ISIDRO,SANTO DOMINGO,FUERZA AÉREA DOMINICANA,EMCV,33.4,23.0,0.0,https://indomet.gob.do/wp-content/uploads/2025/07/temperaturas-extremas-y-precipitaciones-2025x07x01-a.pdf
2025-07-01,035,BAYAGUANA,MONTE PLATA,ONAMET,EMCO,32.6,22.6,0.0,https://indomet.gob.do/wp-content/uploads/2025/07/temperaturas-extremas-y-precipitaciones-2025x07x01-a.pdf
2025-07-01,036,BOCA DE MAO (EMA),VALVERDE,MINISTERIO DE AGRICULTURA,EMAP,,,0.0,https://indomet.gob.do/wp-content/uploads/2025/07/temperaturas-extremas-y-precipitaciones-2025x07x01-a.pdf
2025-07-01,037,BOHECHÍO,SAN JUAN,MINISTERIO DE AGRICULTURA,EMCV,,,0.0,https://indomet.gob.do/wp-content/uploads/2025/07/temperaturas-extremas-y-precipitaciones-2025x07x01-a.pdf
2025-07-01,038,CABRAL,BARAHONA,MINISTERIO DE AGRICULTURA,EMCV,33.8,23.7,0.0,https://indomet.gob.do/wp-content/uploads/2025/07/temperaturas-extremas-y-precipitaciones-2025x07x01-a.pdf
2025-07-01,039,CABRERA,MARÍA TRINIDAD SÁNCHEZ,ESCUELA ARÍSTIDES FIALLO CABRAL,EMCO,33.2,26.8,0.0,https://indomet.gob.do/wp-content/uploads/2025/07/temperaturas-extremas-y-precipitaciones-2025x07x01-a.pdf
2025-07-01,040,CENTRO DE LOS HEROES (EMA),DISTRITO NACIONAL,MINISTERIO DE ENERGIA Y MINA,EMAP,31.6,25.7,0.0,https://indomet.gob.do/wp-content/uploads/2025/07/temperaturas-extremas-y-precipitaciones-2025x07x01-a.pdf
2025-07-01,041,CONSTANZA,LA VEGA,MINISTERIO DE AGRICULTURA,EMCO,27.0,13.7,0.0,https://indomet.gob.do/wp-content/uploads/2025/07/temperaturas-extremas-y-precipitaciones-2025x07x01-a.pdf
2025-07-01,042,CONSTANZA (EMA),LA VEGA,PROGRAMA MUNDIAL DE ALIMENTO,EMAP,26.4,13.9,0.0,https://indomet.gob.do/wp-content/uploads/2025/07/temperaturas-extremas-y-precipitaciones-2025x07x01-a.pdf
2025-07-01,043,DAJABÓN,DAJABÓN,INSTITUTO POLITÉCNICO LOYOLA,EMCO,35.0,19.4,0.0,https://indomet.gob.do/wp-content/uploads/2025/07/temperaturas-extremas-y-precipitaciones-2025x07x01-a.pdf
2025-07-01,044,ELÍAS PIÑA,ELÍAS PIÑA,MINISTERIO DE AGRICULTURA,EMCV,,,0.0,https://indomet.gob.do/wp-content/uploads/2025/07/temperaturas-extremas-y-precipitaciones-2025x07x01-a.pdf
2025-07-01,045,ENRIQUILLO,BARAHONA,MINISTERIO DE AGRICULTURA,EMCV,33.0,26.2,0.0,https://indomet.gob.do/wp-content/uploads/2025/07/temperaturas-extremas-y-precipitaciones-2025x07x01-a.pdf
2025-07-01,046,GASPAR HERNÁNDEZ,ESPAILLAT,PROPIEDAD DEL EMPLEADO,EMCO,,,0.0,https://indomet.gob.do/wp-content/uploads/2025/07/temperaturas-extremas-y-precipitaciones-2025x07x01-a.pdf
2025-07-01,047,GURABO,SANTIAGO,MINISTERIO DE AGRICULTURA,EMCV,,,0.0,https://indomet.gob.do/wp-content/uploads/2025/07/temperaturas-extremas-y-precipitaciones-2025x07x01-a.pdf
2025-07-01,048,JARABACOA (EMA),LA VEGA,PROGRAMA MUNDIAL DE ALIMENTO,EMAP,31.3,18.3,0.0,https://indomet.gob.do/wp-content/uploads/2025/07/temperaturas-extremas-y-precipitaciones-2025x07x01-a.pdf
2025-07-01,049,JIMANÍ,INDEPENDENCIA,MINISTERIO DE AGRICULTURA,EMCO,36.6,25.5,0.0,https://indomet.gob.do/wp-content/uploads/2025/07/temperaturas-extremas-y-precipitaciones-2025x07x01-a.pdf
2025-07-01,050,LA VEGA,LA VEGA,IATESA,EMCO,33.0,22.8,0.0,https://indomet.gob.do/wp-content/uploads/2025/07/temperaturas-extremas-y-precipitaciones-2025x07x01-a.pdf
2025-07-01,051,LAS CANAS (EMA),MONTE CRISTI,PROGRAMA MUNDIAL DE ALIMENTO,EMAP,,,0.0,https://indomet.gob.do/wp-content/uploads/2025/07/temperaturas-extremas-y-precipitaciones-2025x07x01-a.pdf
2025-07-01,052,LAS MATAS DE SANTA CRUZ (EMA,MONTE CRISTI,PROGRAMA MUNDIAL DE ALIMENTO,EMAP,34.9,24.1,0.0,https://indomet.gob.do/wp-content/uploads/2025/07/temperaturas-extremas-y-precipitaciones-2025x07x01-a.pdf
2025-07-01,053,LOS LLANOS,SAN PEDRO DE MACORÍS,MINISTERIO DE AGRICULTURA,EMCO,34.0,22.0,0.0,https://indomet.gob.do/wp-content/uploads/2025/07/temperaturas-extremas-y-precipitaciones-2025x07x01-a.pdf
2025-07-01,054,MAO,VALVERDE,INDRHI / MINISTERIO DE AGRICULTURA,EMCV,,,0.0,https://indomet.gob.do/wp-content/uploads/2025/07/temperaturas-extremas-y-precipitaciones-2025x07x01-a.pdf
2025-07-01,055,MOCA,ESPAILLAT,MINISTERIO DE AGRICULTURA,EMCV,,,0.0,https://indomet.gob.do/wp-content/uploads/2025/07/temperaturas-extremas-y-precipitaciones-2025x07x01-a.pdf
2025-07-01,056,MONCIÓN (EMA),SANTIAGO RODRÍGUEZ,PROGRAMA MUNDIAL DE ALIMENTO,EMAP,33.6,19.8,0.0,https://indomet.gob.do/wp-content/uploads/2025/07/temperaturas-extremas-y-precipitaciones-2025x07x01-a.pdf
2025-07-01,057,MONTE CRISTI,MONTE CRISTI,ONAMET,EMCO,34.5,25.0,0.0,https://indomet.gob.do/wp-content/uploads/2025/07/temperaturas-extremas-y-precipitaciones-2025x07x01-a.pdf
2025-07-01,058,NAVARRETE,SANTIAGO,MINISTERIO DE AGRICULTURA,EMCV,,,0.0,https://indomet.gob.do/wp-content/uploads/2025/07/temperaturas-extremas-y-precipitaciones-2025x07x01-a.pdf
2025-07-01,059,OLIVARES,PEDERNALES,INDRHI,EMCO,,,0.0,https://indomet.gob.do/wp-content/uploads/2025/07/temperaturas-extremas-y-precipitaciones-2025x07x01-a.pdf
2025-07-01,060,OVIEDO,PEDERNALES,CLÍNICA RURAL OVIEDO,EMCO,34.0,26.5,0.0,https://indomet.gob.do/wp-content/uploads/2025/07/temperaturas-extremas-y-precipitaciones-2025x07x01-a.pdf
2025-07-01,061,PADRE LAS CASAS,AZUA,HOSP. NTRA. SRA. DEL CARMEN,EMCO,33.7,18.5,0.0,https://indomet.gob.do/wp-content/uploads/2025/07/temperaturas-extremas-y-precipitaciones-2025x07x01-a.pdf
2025-07-01,062,PEDERNALES,PEDERNALES,INDRHI,EMCO,,,0.0,https://indomet.gob.do/wp-content/uploads/2025/07/temperaturas-extremas-y-precipitaciones-2025x07x01-a.pdf
2025-07-01,063,PERALTA,AZUA,HOSP. MPAL. DE PERALTA,EMCO,33.5,17.5,0.0,https://indomet.gob.do/wp-content/uploads/2025/07/temperaturas-extremas-y-precipitaciones-2025x07x01-a.pdf
2025-07-01,064,PESCADERIA (EMA),BARAHONA,MINISTERIO DE AGRICULTURA,EMAP,31.4,23.2,0.0,https://indomet.gob.do/wp-content/uploads/2025/07/temperaturas-extremas-y-precipitaciones-2025x07x01-a.pdf
2025-07-01,065,PONTÓN ABAJO (EMA),LA VEGA,MINISTERIO DE AGRICULTURA,EMAP,35.4,23.2,0.0,https://indomet.gob.do/wp-content/uploads/2025/07/temperaturas-extremas-y-precipitaciones-2025x07x01-a.pdf
2025-07-01,066,RESTAURACIÓN,DAJABÓN,MINISTERIO DE AGRICULTURA,EMCO,32.5,18.4,0.0,https://indomet.gob.do/wp-content/uploads/2025/07/temperaturas-extremas-y-precipitaciones-2025x07x01-a.pdf
2025-07-01,067,SABANA GRANDE DE BOYÁ,MONTE PLATA,MINISTERIO DE AGRICULTURA,EMCV,,,0.0,https://indomet.gob.do/wp-content/uploads/2025/07/temperaturas-extremas-y-precipitaciones-2025x07x01-a.pdf
2025-07-01,068,SABANETA (EMA),SANTIAGO RODRÍGUEZ,PROGRAMA MUNDIAL DE ALIMENTO,EMAP,,,0.0,https://indomet.gob.do/wp-content/uploads/2025/07/temperaturas-extremas-y-precipitaciones-2025x07x01-a.pdf
2025-07-01,069,SALCEDO,HERMANAS MIRABAL,PROPIEDAD DEL EMPLEADO,EMCO,,,0.0,https://indomet.gob.do/wp-content/uploads/2025/07/temperaturas-extremas-y-precipitaciones-2025x07x01-a.pdf
2025-07-01,070,SAN CRISTÓBAL,SAN CRISTÓBAL,INSTITUTO POLITÉCNICO LOYOLA,EMCO,32.2,21.2,0.0,https://indomet.gob.do/wp-content/uploads/2025/07/temperaturas-extremas-y-precipitaciones-2025x07x01-a.pdf
2025-07-01,071,SANTIAGO RODRÍGUEZ,SANTIAGO RODRÍGUEZ,ONAMET,EMCO,37.0,23.4,0.0,https://indomet.gob.do/wp-content/uploads/2025/07/temperaturas-extremas-y-precipitaciones-2025x07x01-a.pdf
2025-07-01,072,SANTO DOMINGO ESTE,SANTO DOMINGO,ONAMET,EMCO,32.0,25.0,0.0,https://indomet.gob.do/wp-content/uploads/2025/07/temperaturas-extremas-y-precipitaciones-2025x07x01-a.pdf
2025-07-01,073,TÁBARA ABAJO,AZUA,INDRHI,EMCO,31.5,24.0,0.0,https://indomet.gob.do/wp-content/uploads/2025/07/temperaturas-extremas-y-precipitaciones-2025x07x01-a.pdf
2025-07-01,074,VILLA ALTAGRACIA,SAN CRISTÓBAL,ESCUELA JAVIER ANGULO GURIDI,EMCO,,,0.0,https://indomet.gob.do/wp-content/uploads/2025/07/temperaturas-extremas-y-precipitaciones-2025x07x01-a.pdf
2025-07-01,075,VILLA GONZALES,SANTIAGO,MINISTERIO DE AGRICULTURA,EMCO,,,0.0,https://indomet.gob.do/wp-content/uploads/2025/07/temperaturas-extremas-y-precipitaciones-2025x07x01-a.pdf
2025-07-01,076,VILLA ISABELA,PUERTO PLATA,MINISTERIO DE AGRICULTURA,EMCV,,,0.0,https://indomet.gob.do/wp-content/uploads/2025/07/temperaturas-extremas-y-precipitaciones-2025x07x01-a.pdf
2025-07-01,077,VILLA RIVA,DUARTE,HOSP. MPAL. ALICIA DE LEGENDRE,EMCO,32.4,22.2,0.0,https://indomet.gob.do/wp-content/uploads/2025/07/temperaturas-extremas-y-precipitaciones-2025x07x01-a.pdf
2025-07-02,001,ANAMUYA (EMA),LA ALTAGRACIA,MINISTERIO DE AGRICULTURA,EMAP,32.3,23.8,38.2,https://indomet.gob.do/wp-content/uploads/2025/07/temperaturas-extremas-y-precipitaciones-2025x07x02-a.pdf
2025-07-02,002,ARPT. EL CATEY,SAMANÁ,ONAMET,EMCO,30.6,22.5,14.1,https://indomet.gob.do/wp-content/uploads/2025/07/temperaturas-extremas-y-precipitaciones-2025x07x02-a.pdf
2025-07-02,003,VILLA RIVA,DUARTE,HOSP. MPAL. ALICIA DE LEGENDRE,EMCO,33.0,23.0,12.4,https://indomet.gob.do/wp-content/uploads/2025/07/temperaturas-extremas-y-precipitaciones-2025x07x02-a.pdf
2025-07-02,004,PASO AL MEDIO,SAN PEDRO DE MACORÍS,INDRHI,EMCO,,,11.5,https://indomet.gob.do/wp-content/uploads/2025/07/temperaturas-extremas-y-precipitaciones-2025x07x02-a.pdf
2025-07-02,005,SABANA DE LA MAR,HATO MAYOR,ONAMET,EMCO,31.0,22.5,10.9,https://indomet.gob.do/wp-content/uploads/2025/07/temperaturas-extremas-y-precipitaciones-2025x07x02-a.pdf
2025-07-02,006,SABANA GRANDE DE BOYÁ,MONTE PLATA,MINISTERIO DE AGRICULTURA,EMCV,,,10.2,https://indomet.gob.do/wp-content/uploads/2025/07/temperaturas-extremas-y-precipitaciones-2025x07x02-a.pdf
2025-07-02,007,CABRERA,MARÍA TRINIDAD SÁNCHEZ,ESCUELA ARÍSTIDES FIALLO CABRAL,EMCO,32.4,26.5,9.6,https://indomet.gob.do/wp-content/uploads/2025/07/temperaturas-extremas-y-precipitaciones-2025x07x02-a.pdf
2025-07-02,008,ARPT. DE LA ROMANA,LA ROMANA,ONAMET,EMCO,32.5,22.8,8.8,https://indomet.gob.do/wp-content/uploads/2025/07/temperaturas-extremas-y-precipitaciones-2025x07x02-a.pdf
2025-07-02,009,RÍO SAN JUAN,MARÍA TRINIDAD SÁNCHEZ,HOSP. MPAL. DR. DESIDERIO ACOSTA,EMCV,33.4,23.4,8.2,https://indomet.gob.do/wp-content/uploads/2025/07/temperaturas-extremas-y-precipitaciones-2025x07x02-a.pdf
2025-07-02,010,ARPT. ARROYO BARRIL,SAMANÁ,ONAMET,EMCO,31.0,23.7,7.0,https://indomet.gob.do/wp-content/uploads/2025/07/temperaturas-extremas-y-precipitaciones-2025x07x02-a.pdf
2025-07-02,011,HATO MAYOR,HATO MAYOR,MINISTERIO DE AGRICULTURA,EMCV,,,6.9,https://indomet.gob.do/wp-content/uploads/2025/07/temperaturas-extremas-y-precipitaciones-2025x07x02-a.pdf
2025-07-02,012,SAMANÁ,SAMANÁ,COMANDANCIA DE PUERTO DE SAMANÁ,EMCO,32.6,23.6,6.8,https://indomet.gob.do/wp-content/uploads/2025/07/temperaturas-extremas-y-precipitaciones-2025x07x02-a.pdf
2025-07-02,013,SÁNCHEZ,SAMANÁ,MINISTERIO DE AGRICULTURA,EMCO,32.7,22.8,6.3,https://indomet.gob.do/wp-content/uploads/2025/07/temperaturas-extremas-y-precipitaciones-2025x07x02-a.pdf
2025-07-02,014,LOS LLANOS,SAN PEDRO DE MACORÍS,MINISTERIO DE AGRICULTURA,EMCO,31.7,23.0,6.2,https://indomet.gob.do/wp-content/uploads/2025/07/temperaturas-extremas-y-precipitaciones-2025x07x02-a.pdf
2025-07-02,015,ARPT. LA ISABELA,SANTO DOMINGO,ONAMET,EMCO,30.6,20.5,6.0,https://indomet.gob.do/wp-content/uploads/2025/07/temperaturas-extremas-y-precipitaciones-2025x07x02-a.pdf
2025-07-02,016,SALCEDO,HERMANAS MIRABAL,PROPIEDAD DEL EMPLEADO,EMCO,,,6.0,https://indomet.gob.do/wp-content/uploads/2025/07/temperaturas-extremas-y-precipitaciones-2025x07x02-a.pdf
2025-07-02,017,SAN FRANCISCO DE MACORÍS,DUARTE,San Francisco de Macorís (UASD),EMCO,29.2,23.0,6.0,https://indomet.gob.do/wp-content/uploads/2025/07/temperaturas-extremas-y-precipitaciones-2025x07x02-a.pdf
2025-07-02,018,BASE AÉREA DE SAN ISIDRO,SANTO DOMINGO,FUERZA AÉREA DOMINICANA,EMCV,31.5,23.5,5.0,https://indomet.gob.do/wp-content/uploads/2025/07/temperaturas-extremas-y-precipitaciones-2025x07x02-a.pdf
2025-07-02,019,GASPAR HERNÁNDEZ,ESPAILLAT,PROPIEDAD DEL EMPLEADO,EMCO,,,4.4,https://indomet.gob.do/wp-content/uploads/2025/07/temperaturas-extremas-y-precipitaciones-2025x07x02-a.pdf
2025-07-02,020,POLO,BARAHONA,INDOCAFE,EMCO,28.5,19.0,3.7,https://indomet.gob.do/wp-content/uploads/2025/07/temperaturas-extremas-y-precipitaciones-2025x07x02-a.pdf
2025-07-02,021,PALO ÍNDIO,PUERTO PLATA,MINISTERIO DE AGRICULTURA,EMCO,,,3.0,https://indomet.gob.do/wp-content/uploads/2025/07/temperaturas-extremas-y-precipitaciones-2025x07x02-a.pdf
2025-07-02,022,JARDÍN BOTÁNICO NACIONAL,DISTRITO NACIONAL,JARDÍN BOTÁNICO NACIONAL,EMCV,31.5,23.8,3.0,https://indomet.gob.do/wp-content/uploads/2025/07/temperaturas-extremas-y-precipitaciones-2025x07x02-a.pdf
2025-07-02,023,LOS JENGIBRES,NAGUA,INDRHI,EMCO,,,2.9,https://indomet.gob.do/wp-content/uploads/2025/07/temperaturas-extremas-y-precipitaciones-2025x07x02-a.pdf
2025-07-02,024,SANTO DOMINGO ESTE,SANTO DOMINGO,ONAMET,EMCO,31.5,25.0,2.9,https://indomet.gob.do/wp-content/uploads/2025/07/temperaturas-extremas-y-precipitaciones-2025x07x02-a.pdf
2025-07-02,025,BAYAGUANA,MONTE PLATA,ONAMET,EMCO,32.5,21.8,2.4,https://indomet.gob.do/wp-content/uploads/2025/07/temperaturas-extremas-y-precipitaciones-2025x07x02-a.pdf
2025-07-02,026,VILLA ALTAGRACIA,SAN CRISTÓBAL,ESCUELA JAVIER ANGULO GURIDI,EMCO,,,2.3,https://indomet.gob.do/wp-content/uploads/2025/07/temperaturas-extremas-y-precipitaciones-2025x07x02-a.pdf
2025-07-02,027,ELÍAS PIÑA,ELÍAS PIÑA,MINISTERIO DE AGRICULTURA,EMCV,,,2.0,https://indomet.gob.do/wp-content/uploads/2025/07/temperaturas-extremas-y-precipitaciones-2025x07x02-a.pdf
2025-07-02,028,RESTAURACIÓN,DAJABÓN,MINISTERIO DE AGRICULTURA,EMCO,31.7,19.5,2.0,https://indomet.gob.do/wp-content/uploads/2025/07/temperaturas-extremas-y-precipitaciones-2025x07x02-a.pdf
2025-07-02,029,LA VEGA,LA VEGA,IATESA,EMCO,33.0,23.0,1.8,https://indomet.gob.do/wp-content/uploads/2025/07/temperaturas-extremas-y-precipitaciones-2025x07x02-a.pdf
2025-07-02,030,JUMA BEJUCAL,MONSEÑOR NOUEL,IDIAF,EMCV,32.6,21.4,0.9,https://indomet.gob.do/wp-content/uploads/2025/07/temperaturas-extremas-y-precipitaciones-2025x07x02-a.pdf
2025-07-02,031,ARPT. DEL CIBAO,SANTIAGO,ONAMET,EMCO,32.4,21.5,0.3,https://indomet.gob.do/wp-content/uploads/2025/07/temperaturas-extremas-y-precipitaciones-2025x07x02-a.pdf
2025-07-02,032,RANCHO ARRIBA,SAN JOSÉ DE OCOA,CENTRO TECNOLÓGICO COMUNITARIO,EMCO,27.8,18.6,0.3,https://indomet.gob.do/wp-content/uploads/2025/07/temperaturas-extremas-y-precipitaciones-2025x07x02-a.pdf
2025-07-02,033,OVIEDO,PEDERNALES,CLÍNICA RURAL OVIEDO,EMCO,33.0,,0.2,https://indomet.gob.do/wp-content/uploads/2025/07/temperaturas-extremas-y-precipitaciones-2025x07x02-a.pdf
2025-07-02,034,CABRAL,BARAHONA,MINISTERIO DE AGRICULTURA,EMCV,34.0,24.3,0.1,https://indomet.gob.do/wp-content/uploads/2025/07/temperaturas-extremas-y-precipitaciones-2025x07x02-a.pdf
2025-07-02,035,LA VICTORIA,SANTO DOMINGO,CUERPO DE BOMBEROS,EMCO,33.5,24.5,0.1,https://indomet.gob.do/wp-content/uploads/2025/07/temperaturas-extremas-y-precipitaciones-2025x07x02-a.pdf
2025-07-02,036,ALTAMIRA,PUERTO PLATA,HOSP. MPAL. DE ALTAMIRA,EMCO,33.3,21.5,0.0,https://indomet.gob.do/wp-content/uploads/2025/07/temperaturas-extremas-y-precipitaciones-2025x07x02-a.pdf
2025-07-02,037,ARPT. DE LAS AMÉRICAS,SANTO DOMINGO,ONAMET,EMCO,31.5,23.0,0.0,https://indomet.gob.do/wp-content/uploads/2025/07/temperaturas-extremas-y-precipitaciones-2025x07x02-a.pdf
2025-07-02,038,ARPT. DE PUNTA CANA,LA ALTAGRACIA,ONAMET,EMCO,30.7,23.3,0.0,https://indomet.gob.do/wp-content/uploads/2025/07/temperaturas-extremas-y-precipitaciones-2025x07x02-a.pdf
2025-07-02,039,ARPT. GREGORIO LUPERÓN,PUERTO PLATA,ONAMET,EMCO,32.0,23.4,0.0,https://indomet.gob.do/wp-content/uploads/2025/07/temperaturas-extremas-y-precipitaciones-2025x07x02-a.pdf
2025-07-02,040,ARPT. MARÍA MONTEZ,BARAHONA,ONAMET,EMCO,32.8,23.9,0.0,https://indomet.gob.do/wp-content/uploads/2025/07/temperaturas-extremas-y-precipitaciones-2025x07x02-a.pdf
2025-07-02,041,ARROYO LORO,SAN JUAN,IDIAF,EMCO,33.0,20.0,0.0,https://indomet.gob.do/wp-content/uploads/2025/07/temperaturas-extremas-y-precipitaciones-2025x07x02-a.pdf
2025-07-02,042,BANI (EMA),PERAVIA,MINISTERIO DE AGRICULTURA,EMAP,31.8,25.9,0.0,https://indomet.gob.do/wp-content/uploads/2025/07/temperaturas-extremas-y-precipitaciones-2025x07x02-a.pdf
2025-07-02,043,BOCA DE MAO (EMA),VALVERDE,MINISTERIO DE AGRICULTURA,EMAP,36.4,23.6,0.0,https://indomet.gob.do/wp-content/uploads/2025/07/temperaturas-extremas-y-precipitaciones-2025x07x02-a.pdf
2025-07-02,044,BOHECHÍO,SAN JUAN,MINISTERIO DE AGRICULTURA,EMCV,,,0.0,https://indomet.gob.do/wp-content/uploads/2025/07/temperaturas-extremas-y-precipitaciones-2025x07x02-a.pdf
2025-07-02,045,CENTRO DE LOS HEROES (EMA),DISTRITO NACIONAL,MINISTERIO DE ENERGIA Y MINA,EMAP,31.2,26.1,0.0,https://indomet.gob.do/wp-content/uploads/2025/07/temperaturas-extremas-y-precipitaciones-2025x07x02-a.pdf
2025-07-02,046,CONSTANZA,LA VEGA,MINISTERIO DE AGRICULTURA,EMCO,25.5,14.9,0.0,https://indomet.gob.do/wp-content/uploads/2025/07/temperaturas-extremas-y-precipitaciones-2025x07x02-a.pdf
2025-07-02,047,CONSTANZA (EMA),LA VEGA,PROGRAMA MUNDIAL DE ALIMENTO,EMAP,24.8,15.1,0.0,https://indomet.gob.do/wp-content/uploads/2025/07/temperaturas-extremas-y-precipitaciones-2025x07x02-a.pdf
2025-07-02,048,DAJABÓN,DAJABÓN,INSTITUTO POLITÉCNICO LOYOLA,EMCO,34.5,22.3,0.0,https://indomet.gob.do/wp-content/uploads/2025/07/temperaturas-extremas-y-precipitaciones-2025x07x02-a.pdf
2025-07-02,049,ENRIQUILLO,BARAHONA,MINISTERIO DE AGRICULTURA,EMCV,32.5,,0.0,https://indomet.gob.do/wp-content/uploads/2025/07/temperaturas-extremas-y-precipitaciones-2025x07x02-a.pdf
2025-07-02,050,ESCONDIDO,PERAVIA,MINISTERIO DE AGRICULTURA,EMCV,32.0,24.0,0.0,https://indomet.gob.do/wp-content/uploads/2025/07/temperaturas-extremas-y-precipitaciones-2025x07x02-a.pdf
2025-07-02,051,GURABO,SANTIAGO,MINISTERIO DE AGRICULTURA,EMCV,,,0.0,https://indomet.gob.do/wp-content/uploads/2025/07/temperaturas-extremas-y-precipitaciones-2025x07x02-a.pdf
2025-07-02,052,HONDO VALLE,ELÍAS PIÑA,MINISTERIO DE AGRICULTURA,EMCO,27.7,18.6,0.0,https://indomet.gob.do/wp-content/uploads/2025/07/temperaturas-extremas-y-precipitaciones-2025x07x02-a.pdf
2025-07-02,053,JARABACOA,LA VEGA,INDRHI / MARENA,EMCO,31.0,17.8,0.0,https://indomet.gob.do/wp-content/uploads/2025/07/temperaturas-extremas-y-precipitaciones-2025x07x02-a.pdf
2025-07-02,054,JARABACOA (EMA),LA VEGA,PROGRAMA MUNDIAL DE ALIMENTO,EMAP,30.3,20.2,0.0,https://indomet.gob.do/wp-content/uploads/2025/07/temperaturas-extremas-y-precipitaciones-2025x07x02-a.pdf
2025-07-02,055,JIMANÍ,INDEPENDENCIA,MINISTERIO DE AGRICULTURA,EMCO,36.2,25.5,0.0,https://indomet.gob.do/wp-content/uploads/2025/07/temperaturas-extremas-y-precipitaciones-2025x07x02-a.pdf
2025-07-02,056,LAS CANAS (EMA),MONTE CRISTI,PROGRAMA MUNDIAL DE ALIMENTO,EMAP,30.2,22.7,0.0,https://indomet.gob.do/wp-content/uploads/2025/07/temperaturas-extremas-y-precipitaciones-2025x07x02-a.pdf
2025-07-02,057,LAS MATAS DE SANTA CRUZ (EMA,MONTE CRISTI,PROGRAMA MUNDIAL DE ALIMENTO,EMAP,34.4,23.8,0.0,https://indomet.gob.do/wp-content/uploads/2025/07/temperaturas-extremas-y-precipitaciones-2025x07x02-a.pdf
2025-07-02,058,MAO,VALVERDE,INDRHI / MINISTERIO DE AGRICULTURA,EMCV,,,0.0,https://indomet.gob.do/wp-content/uploads/2025/07/temperaturas-extremas-y-precipitaciones-2025x07x02-a.pdf
2025-07-02,059,MONCIÓN (EMA),SANTIAGO RODRÍGUEZ,PROGRAMA MUNDIAL DE ALIMENTO,EMAP,33.3,20.9,0.0,https://indomet.gob.do/wp-content/uploads/2025/07/temperaturas-extremas-y-precipitaciones-2025x07x02-a.pdf
2025-07-02,060,MONTE CRISTI,MONTE CRISTI,ONAMET,EMCO,33.8,24.5,0.0,https://indomet.gob.do/wp-content/uploads/2025/07/temperaturas-extremas-y-precipitaciones-2025x07x02-a.pdf
2025-07-02,061,OLIVARES,PEDERNALES,INDRHI,EMCO,,,0.0,https://indomet.gob.do/wp-content/uploads/2025/07/temperaturas-extremas-y-precipitaciones-2025x07x02-a.pdf
2025-07-02,062,PADRE LAS CASAS,AZUA,HOSP. NTRA. SRA. DEL CARMEN,EMCO,33.0,20.0,0.0,https://indomet.gob.do/wp-content/uploads/2025/07/temperaturas-extremas-y-precipitaciones-2025x07x02-a.pdf
2025-07-02,063,PEDERNALES,PEDERNALES,INDRHI,EMCO,,,0.0,https://indomet.gob.do/wp-content/uploads/2025/07/temperaturas-extremas-y-precipitaciones-2025x07x02-a.pdf
2025-07-02,064,PERALTA,AZUA,HOSP. MPAL. DE PERALTA,EMCO,32.5,18.0,0.0,https://indomet.gob.do/wp-content/uploads/2025/07/temperaturas-extremas-y-precipitaciones-2025x07x02-a.pdf
2025-07-02,065,PESCADERIA (EMA),BARAHONA,MINISTERIO DE AGRICULTURA,EMAP,32.9,25.2,0.0,https://indomet.gob.do/wp-content/uploads/2025/07/temperaturas-extremas-y-precipitaciones-2025x07x02-a.pdf
2025-07-02,066,PONTÓN ABAJO (EMA),LA VEGA,MINISTERIO DE AGRICULTURA,EMAP,33.6,23.7,0.0,https://indomet.gob.do/wp-content/uploads/2025/07/temperaturas-extremas-y-precipitaciones-2025x07x02-a.pdf
2025-07-02,067,PRESA DE TAVERAS (EMA),LA VEGA,PROGRAMA MUNDIAL DE ALIMENTO,EMAP,30.2,22.1,0.0,https://indomet.gob.do/wp-content/uploads/2025/07/temperaturas-extremas-y-precipitaciones-2025x07x02-a.pdf
2025-07-02,068,SABANETA (EMA),SANTIAGO RODRÍGUEZ,PROGRAMA MUNDIAL DE ALIMENTO,EMAP,35.7,24.1,0.0,https://indomet.gob.do/wp-content/uploads/2025/07/temperaturas-extremas-y-precipitaciones-2025x07x02-a.pdf
2025-07-02,069,SAN JOSÉ DE OCOA,SAN JOSÉ DE OCOA,HOSP. SAN JOSÉ DE OCOA,EMCO,30.2,,0.0,https://indomet.gob.do/wp-content/uploads/2025/07/temperaturas-extremas-y-precipitaciones-2025x07x02-a.pdf
2025-07-02,070,SANTIAGO RODRÍGUEZ,SANTIAGO RODRÍGUEZ,ONAMET,EMCO,36.0,24.5,0.0,https://indomet.gob.do/wp-content/uploads/2025/07/temperaturas-extremas-y-precipitaciones-2025x07x02-a.pdf
2025-07-02,071,TÁBARA ABAJO,AZUA,INDRHI,EMCO,33.0,24.0,0.0,https://indomet.gob.do/wp-content/uploads/2025/07/temperaturas-extremas-y-precipitaciones-2025x07x02-a.pdf
2025-07-02,072,TAVERA,SANTIAGO,INDRHI,EMCO,,,0.0,https://indomet.gob.do/wp-content/uploads/2025/07/temperaturas-extremas-y-precipitaciones-2025x07x02-a.pdf
2025-07-02,073,VALLE NUEVO (EMA),LA VEGA,MARENA,EMAO,20.9,14.8,0.0,https://indomet.gob.do/wp-content/uploads/2025/07/temperaturas-extremas-y-precipitaciones-2025x07x02-a.pdf
2025-07-02,074,VILLA GONZALES,SANTIAGO,MINISTERIO DE AGRICULTURA,EMCO,,,0.0,https://indomet.gob.do/wp-content/uploads/2025/07/temperaturas-extremas-y-precipitaciones-2025x07x02-a.pdf
2025-07-02,075,VILLA ISABELA,PUERTO PLATA,MINISTERIO DE AGRICULTURA,EMCV,,,0.0,https://indomet.gob.do/wp-content/uploads/2025/07/temperaturas-extremas-y-precipitaciones-2025x07x02-a.pdf
2025-07-03,001,LAS MATAS DE SANTA CRUZ (EMA,MONTE CRISTI,PROGRAMA MUNDIAL DE ALIMENTO,EMAP,34.6,24.1,38.4,https://indomet.gob.do/wp-content/uploads/2025/07/temperaturas-extremas-y-precipitaciones-2025x07x03-a.pdf
2025-07-03,002,SABANA GRANDE DE BOYÁ,MONTE PLATA,MINISTERIO DE AGRICULTURA,EMCV,,,22.9,https://indomet.gob.do/wp-content/uploads/2025/07/temperaturas-extremas-y-precipitaciones-2025x07x03-a.pdf
2025-07-03,003,MONCIÓN (EMA),SANTIAGO RODRÍGUEZ,PROGRAMA MUNDIAL DE ALIMENTO,EMAP,32.4,20.8,14.4,https://indomet.gob.do/wp-content/uploads/2025/07/temperaturas-extremas-y-precipitaciones-2025x07x03-a.pdf
2025-07-03,004,PERALTA,AZUA,HOSP. MPAL. DE PERALTA,EMCO,33.1,18.5,11.2,https://indomet.gob.do/wp-content/uploads/2025/07/temperaturas-extremas-y-precipitaciones-2025x07x03-a.pdf
2025-07-03,005,SANTIAGO RODRÍGUEZ,SANTIAGO RODRÍGUEZ,ONAMET,EMCO,36.5,25.0,1.1,https://indomet.gob.do/wp-content/uploads/2025/07/temperaturas-extremas-y-precipitaciones-2025x07x03-a.pdf
2025-07-03,006,LOS TRES CHARCOS (EMA),PEDERNALES,PROPIEDAD DEL VOLUNTARIO,EMAP,,,0.8,https://indomet.gob.do/wp-content/uploads/2025/07/temperaturas-extremas-y-precipitaciones-2025x07x03-a.pdf
2025-07-03,007,SABANETA (EMA),SANTIAGO RODRÍGUEZ,PROGRAMA MUNDIAL DE ALIMENTO,EMAP,36.3,24.2,0.8,https://indomet.gob.do/wp-content/uploads/2025/07/temperaturas-extremas-y-precipitaciones-2025x07x03-a.pdf
2025-07-03,008,SAMANÁ,SAMANÁ,COMANDANCIA DE PUERTO DE SAMANÁ,EMCO,33.2,24.1,0.8,https://indomet.gob.do/wp-content/uploads/2025/07/temperaturas-extremas-y-precipitaciones-2025x07x03-a.pdf
2025-07-03,009,HIGÜEY,LA ALTAGRACIA,MINISTERIO DE AGRICULTURA,EMCV,,,0.5,https://indomet.gob.do/wp-content/uploads/2025/07/temperaturas-extremas-y-precipitaciones-2025x07x03-a.pdf
2025-07-03,010,SAN FRANCISCO DE MACORÍS,DUARTE,San Francisco de Macorís (UASD),EMCO,33.2,23.2,0.4,https://indomet.gob.do/wp-content/uploads/2025/07/temperaturas-extremas-y-precipitaciones-2025x07x03-a.pdf
2025-07-03,011,HATO MAYOR,HATO MAYOR,MINISTERIO DE AGRICULTURA,EMCV,,,0.3,https://indomet.gob.do/wp-content/uploads/2025/07/temperaturas-extremas-y-precipitaciones-2025x07x03-a.pdf
2025-07-03,012,BAYAGUANA,MONTE PLATA,ONAMET,EMCO,33.5,23.0,0.2,https://indomet.gob.do/wp-content/uploads/2025/07/temperaturas-extremas-y-precipitaciones-2025x07x03-a.pdf
2025-07-03,013,ARPT. LA ISABELA,SANTO DOMINGO,ONAMET,EMCO,32.8,23.0,0.1,https://indomet.gob.do/wp-content/uploads/2025/07/temperaturas-extremas-y-precipitaciones-2025x07x03-a.pdf
2025-07-03,014,LA VICTORIA,SANTO DOMINGO,CUERPO DE BOMBEROS,EMCO,33.4,23.0,0.1,https://indomet.gob.do/wp-content/uploads/2025/07/temperaturas-extremas-y-precipitaciones-2025x07x03-a.pdf
2025-07-03,015,POLO,BARAHONA,INDOCAFE,EMCO,30.0,17.0,0.1,https://indomet.gob.do/wp-content/uploads/2025/07/temperaturas-extremas-y-precipitaciones-2025x07x03-a.pdf
2025-07-03,016,SAN RAFAEL DEL YUMA,LA ALTAGRACIA,MINISTERIO DE AGRICULTURA,EMCO,33.3,22.5,0.1,https://indomet.gob.do/wp-content/uploads/2025/07/temperaturas-extremas-y-precipitaciones-2025x07x03-a.pdf
2025-07-03,017,ALTAMIRA,PUERTO PLATA,HOSP. MPAL. DE ALTAMIRA,EMCO,35.6,21.7,0.0,https://indomet.gob.do/wp-content/uploads/2025/07/temperaturas-extremas-y-precipitaciones-2025x07x03-a.pdf
2025-07-03,018,ANAMUYA (EMA),LA ALTAGRACIA,MINISTERIO DE AGRICULTURA,EMAP,32.2,23.8,0.0,https://indomet.gob.do/wp-content/uploads/2025/07/temperaturas-extremas-y-precipitaciones-2025x07x03-a.pdf
2025-07-03,019,ARPT. ARROYO BARRIL,SAMANÁ,ONAMET,EMCO,31.8,23.9,0.0,https://indomet.gob.do/wp-content/uploads/2025/07/temperaturas-extremas-y-precipitaciones-2025x07x03-a.pdf
2025-07-03,020,ARPT. DE LA ROMANA,LA ROMANA,ONAMET,EMCO,32.7,24.0,0.0,https://indomet.gob.do/wp-content/uploads/2025/07/temperaturas-extremas-y-precipitaciones-2025x07x03-a.pdf
2025-07-03,021,ARPT. DE LAS AMÉRICAS,SANTO DOMINGO,ONAMET,EMCO,31.6,24.0,0.0,https://indomet.gob.do/wp-content/uploads/2025/07/temperaturas-extremas-y-precipitaciones-2025x07x03-a.pdf
2025-07-03,022,ARPT. DE PUNTA CANA,LA ALTAGRACIA,ONAMET,EMCO,31.5,24.2,0.0,https://indomet.gob.do/wp-content/uploads/2025/07/temperaturas-extremas-y-precipitaciones-2025x07x03-a.pdf
2025-07-03,023,ARPT. DEL CIBAO,SANTIAGO,ONAMET,EMCO,33.5,22.5,0.0,https://indomet.gob.do/wp-content/uploads/2025/07/temperaturas-extremas-y-precipitaciones-2025x07x03-a.pdf
2025-07-03,024,ARPT. EL CATEY,SAMANÁ,ONAMET,EMCO,31.4,23.4,0.0,https://indomet.gob.do/wp-content/uploads/2025/07/temperaturas-extremas-y-precipitaciones-2025x07x03-a.pdf
2025-07-03,025,ARPT. GREGORIO LUPERÓN,PUERTO PLATA,ONAMET,EMCO,32.8,24.5,0.0,https://indomet.gob.do/wp-content/uploads/2025/07/temperaturas-extremas-y-precipitaciones-2025x07x03-a.pdf
2025-07-03,026,ARPT. MARÍA MONTEZ,BARAHONA,ONAMET,EMCO,32.5,25.5,0.0,https://indomet.gob.do/wp-content/uploads/2025/07/temperaturas-extremas-y-precipitaciones-2025x07x03-a.pdf
2025-07-03,027,ARROYO LORO,SAN JUAN,IDIAF,EMCO,34.0,20.9,0.0,https://indomet.gob.do/wp-content/uploads/2025/07/temperaturas-extremas-y-precipitaciones-2025x07x03-a.pdf
2025-07-03,028,BASE AÉREA DE SAN ISIDRO,SANTO DOMINGO,FUERZA AÉREA DOMINICANA,EMCV,32.0,,0.0,https://indomet.gob.do/wp-content/uploads/2025/07/temperaturas-extremas-y-precipitaciones-2025x07x03-a.pdf
2025-07-03,029,BOCA DE MAO (EMA),VALVERDE,MINISTERIO DE AGRICULTURA,EMAP,36.9,25.1,0.0,https://indomet.gob.do/wp-content/uploads/2025/07/temperaturas-extremas-y-precipitaciones-2025x07x03-a.pdf
2025-07-03,030,BONAO,MONSEÑOR NOUEL,MINISTERIO DE AGRICULTURA,EMCV,,,0.0,https://indomet.gob.do/wp-content/uploads/2025/07/temperaturas-extremas-y-precipitaciones-2025x07x03-a.pdf
2025-07-03,031,CABRAL,BARAHONA,MINISTERIO DE AGRICULTURA,EMCV,34.3,23.4,0.0,https://indomet.gob.do/wp-content/uploads/2025/07/temperaturas-extremas-y-precipitaciones-2025x07x03-a.pdf
2025-07-03,032,CABRERA,MARÍA TRINIDAD SÁNCHEZ,ESCUELA ARÍSTIDES FIALLO CABRAL,EMCO,32.5,24.0,0.0,https://indomet.gob.do/wp-content/uploads/2025/07/temperaturas-extremas-y-precipitaciones-2025x07x03-a.pdf
2025-07-03,033,CENTRO DE LOS HEROES (EMA),DISTRITO NACIONAL,MINISTERIO DE ENERGIA Y MINA,EMAP,31.1,26.4,0.0,https://indomet.gob.do/wp-content/uploads/2025/07/temperaturas-extremas-y-precipitaciones-2025x07x03-a.pdf
2025-07-03,034,CONSTANZA,LA VEGA,MINISTERIO DE AGRICULTURA,EMCO,28.4,13.5,0.0,https://indomet.gob.do/wp-content/uploads/2025/07/temperaturas-extremas-y-precipitaciones-2025x07x03-a.pdf
2025-07-03,035,CONSTANZA (EMA),LA VEGA,PROGRAMA MUNDIAL DE ALIMENTO,EMAP,27.4,13.8,0.0,https://indomet.gob.do/wp-content/uploads/2025/07/temperaturas-extremas-y-precipitaciones-2025x07x03-a.pdf
2025-07-03,036,DAJABÓN,DAJABÓN,INSTITUTO POLITÉCNICO LOYOLA,EMCO,36.1,23.5,0.0,https://indomet.gob.do/wp-content/uploads/2025/07/temperaturas-extremas-y-precipitaciones-2025x07x03-a.pdf
2025-07-03,037,ELÍAS PIÑA,ELÍAS PIÑA,MINISTERIO DE AGRICULTURA,EMCV,,,0.0,https://indomet.gob.do/wp-content/uploads/2025/07/temperaturas-extremas-y-precipitaciones-2025x07x03-a.pdf
2025-07-03,038,ENRIQUILLO,BARAHONA,MINISTERIO DE AGRICULTURA,EMCV,33.0,25.5,0.0,https://indomet.gob.do/wp-content/uploads/2025/07/temperaturas-extremas-y-precipitaciones-2025x07x03-a.pdf
2025-07-03,039,ESCONDIDO,PERAVIA,MINISTERIO DE AGRICULTURA,EMCV,32.0,26.0,0.0,https://indomet.gob.do/wp-content/uploads/2025/07/temperaturas-extremas-y-precipitaciones-2025x07x03-a.pdf
2025-07-03,040,GASPAR HERNÁNDEZ,ESPAILLAT,PROPIEDAD DEL EMPLEADO,EMCO,,,0.0,https://indomet.gob.do/wp-content/uploads/2025/07/temperaturas-extremas-y-precipitaciones-2025x07x03-a.pdf
2025-07-03,041,GURABO,SANTIAGO,MINISTERIO DE AGRICULTURA,EMCV,,,0.0,https://indomet.gob.do/wp-content/uploads/2025/07/temperaturas-extremas-y-precipitaciones-2025x07x03-a.pdf
2025-07-03,042,HONDO VALLE,ELÍAS PIÑA,MINISTERIO DE AGRICULTURA,EMCO,28.4,18.9,0.0,https://indomet.gob.do/wp-content/uploads/2025/07/temperaturas-extremas-y-precipitaciones-2025x07x03-a.pdf
2025-07-03,043,JARABACOA,LA VEGA,INDRHI / MARENA,EMCO,32.0,18.6,0.0,https://indomet.gob.do/wp-content/uploads/2025/07/temperaturas-extremas-y-precipitaciones-2025x07x03-a.pdf
2025-07-03,044,JARABACOA (EMA),LA VEGA,PROGRAMA MUNDIAL DE ALIMENTO,EMAP,31.4,19.5,0.0,https://indomet.gob.do/wp-content/uploads/2025/07/temperaturas-extremas-y-precipitaciones-2025x07x03-a.pdf
2025-07-03,045,JIMANÍ,INDEPENDENCIA,MINISTERIO DE AGRICULTURA,EMCO,36.0,26.0,0.0,https://indomet.gob.do/wp-content/uploads/2025/07/temperaturas-extremas-y-precipitaciones-2025x07x03-a.pdf
2025-07-03,046,JUMA BEJUCAL,MONSEÑOR NOUEL,IDIAF,EMCV,31.2,22.4,0.0,https://indomet.gob.do/wp-content/uploads/2025/07/temperaturas-extremas-y-precipitaciones-2025x07x03-a.pdf
2025-07-03,047,LA VEGA,LA VEGA,IATESA,EMCO,33.5,23.5,0.0,https://indomet.gob.do/wp-content/uploads/2025/07/temperaturas-extremas-y-precipitaciones-2025x07x03-a.pdf
2025-07-03,048,LAS CANAS (EMA),MONTE CRISTI,PROGRAMA MUNDIAL DE ALIMENTO,EMAP,31.3,24.3,0.0,https://indomet.gob.do/wp-content/uploads/2025/07/temperaturas-extremas-y-precipitaciones-2025x07x03-a.pdf
2025-07-03,049,LOS LLANOS,SAN PEDRO DE MACORÍS,MINISTERIO DE AGRICULTURA,EMCO,32.6,22.2,0.0,https://indomet.gob.do/wp-content/uploads/2025/07/temperaturas-extremas-y-precipitaciones-2025x07x03-a.pdf
2025-07-03,050,MAO,VALVERDE,INDRHI / MINISTERIO DE AGRICULTURA,EMCV,,,0.0,https://indomet.gob.do/wp-content/uploads/2025/07/temperaturas-extremas-y-precipitaciones-2025x07x03-a.pdf
2025-07-03,051,MONTE CRISTI,MONTE CRISTI,ONAMET,EMCO,35.0,25.0,0.0,https://indomet.gob.do/wp-content/uploads/2025/07/temperaturas-extremas-y-precipitaciones-2025x07x03-a.pdf
2025-07-03,052,NAVARRETE,SANTIAGO,MINISTERIO DE AGRICULTURA,EMCV,,,0.0,https://indomet.gob.do/wp-content/uploads/2025/07/temperaturas-extremas-y-precipitaciones-2025x07x03-a.pdf
2025-07-03,053,OLIVARES,PEDERNALES,INDRHI,EMCO,,,0.0,https://indomet.gob.do/wp-content/uploads/2025/07/temperaturas-extremas-y-precipitaciones-2025x07x03-a.pdf
2025-07-03,054,OVIEDO,PEDERNALES,CLÍNICA RURAL OVIEDO,EMCO,33.2,25.0,0.0,https://indomet.gob.do/wp-content/uploads/2025/07/temperaturas-extremas-y-precipitaciones-2025x07x03-a.pdf
2025-07-03,055,PADRE LAS CASAS,AZUA,HOSP. NTRA. SRA. DEL CARMEN,EMCO,31.8,20.5,0.0,https://indomet.gob.do/wp-content/uploads/2025/07/temperaturas-extremas-y-precipitaciones-2025x07x03-a.pdf
2025-07-03,056,PEDERNALES,PEDERNALES,INDRHI,EMCO,,,0.0,https://indomet.gob.do/wp-content/uploads/2025/07/temperaturas-extremas-y-precipitaciones-2025x07x03-a.pdf
2025-07-03,057,PESCADERIA (EMA),BARAHONA,MINISTERIO DE AGRICULTURA,EMAP,33.3,24.9,0.0,https://indomet.gob.do/wp-content/uploads/2025/07/temperaturas-extremas-y-precipitaciones-2025x07x03-a.pdf
2025-07-03,058,PONTÓN ABAJO (EMA),LA VEGA,MINISTERIO DE AGRICULTURA,EMAP,34.7,23.1,0.0,https://indomet.gob.do/wp-content/uploads/2025/07/temperaturas-extremas-y-precipitaciones-2025x07x03-a.pdf
2025-07-03,059,PRESA DE TAVERAS (EMA),LA VEGA,PROGRAMA MUNDIAL DE ALIMENTO,EMAP,31.2,23.8,0.0,https://indomet.gob.do/wp-content/uploads/2025/07/temperaturas-extremas-y-precipitaciones-2025x07x03-a.pdf
2025-07-03,060,RANCHO ARRIBA,SAN JOSÉ DE OCOA,CENTRO TECNOLÓGICO COMUNITARIO,EMCO,30.5,18.0,0.0,https://indomet.gob.do/wp-content/uploads/2025/07/temperaturas-extremas-y-precipitaciones-2025x07x03-a.pdf
2025-07-03,061,RESTAURACIÓN,DAJABÓN,MINISTERIO DE AGRICULTURA,EMCO,33.0,20.8,0.0,https://indomet.gob.do/wp-content/uploads/2025/07/temperaturas-extremas-y-precipitaciones-2025x07x03-a.pdf
2025-07-03,062,RÍO SAN JUAN,MARÍA TRINIDAD SÁNCHEZ,HOSP. MPAL. DR. DESIDERIO ACOSTA,EMCV,33.6,24.5,0.0,https://indomet.gob.do/wp-content/uploads/2025/07/temperaturas-extremas-y-precipitaciones-2025x07x03-a.pdf
2025-07-03,063,SABANA DE LA MAR,HATO MAYOR,ONAMET,EMCO,31.5,22.5,0.0,https://indomet.gob.do/wp-content/uploads/2025/07/temperaturas-extremas-y-precipitaciones-2025x07x03-a.pdf
2025-07-03,064,SALCEDO,HERMANAS MIRABAL,PROPIEDAD DEL EMPLEADO,EMCO,,,0.0,https://indomet.gob.do/wp-content/uploads/2025/07/temperaturas-extremas-y-precipitaciones-2025x07x03-a.pdf
2025-07-03,065,SAN CRISTÓBAL,SAN CRISTÓBAL,INSTITUTO POLITÉCNICO LOYOLA,EMCO,32.0,22.2,0.0,https://indomet.gob.do/wp-content/uploads/2025/07/temperaturas-extremas-y-precipitaciones-2025x07x03-a.pdf
2025-07-03,066,SAN JOSÉ DE OCOA,SAN JOSÉ DE OCOA,HOSP. SAN JOSÉ DE OCOA,EMCO,32.4,,0.0,https://indomet.gob.do/wp-content/uploads/2025/07/temperaturas-extremas-y-precipitaciones-2025x07x03-a.pdf
2025-07-03,067,SÁNCHEZ,SAMANÁ,MINISTERIO DE AGRICULTURA,EMCO,32.5,22.6,0.0,https://indomet.gob.do/wp-content/uploads/2025/07/temperaturas-extremas-y-precipitaciones-2025x07x03-a.pdf
2025-07-03,068,SANTO DOMINGO ESTE,SANTO DOMINGO,ONAMET,EMCO,34.5,25.2,0.0,https://indomet.gob.do/wp-content/uploads/2025/07/temperaturas-extremas-y-precipitaciones-2025x07x03-a.pdf
2025-07-03,069,TÁBARA ABAJO,AZUA,INDRHI,EMCO,32.5,22.3,0.0,https://indomet.gob.do/wp-content/uploads/2025/07/temperaturas-extremas-y-precipitaciones-2025x07x03-a.pdf
2025-07-03,070,TAMBORIL,SANTIAGO,MINISTERIO DE AGRICULTURA,EMCV,,,0.0,https://indomet.gob.do/wp-content/uploads/2025/07/temperaturas-extremas-y-precipitaciones-2025x07x03-a.pdf
2025-07-03,071,VILLA ALTAGRACIA,SAN CRISTÓBAL,ESCUELA JAVIER ANGULO GURIDI,EMCO,,,0.0,https://indomet.gob.do/wp-content/uploads/2025/07/temperaturas-extremas-y-precipitaciones-2025x07x03-a.pdf
2025-07-03,072,VILLA GONZALES,SANTIAGO,MINISTERIO DE AGRICULTURA,EMCO,,,0.0,https://indomet.gob.do/wp-content/uploads/2025/07/temperaturas-extremas-y-precipitaciones-2025x07x03-a.pdf
2025-07-03,073,VILLA ISABELA,PUERTO PLATA,MINISTERIO DE AGRICULTURA,EMCV,,,0.0,https://indomet.gob.do/wp-content/uploads/2025/07/temperaturas-extremas-y-precipitaciones-2025x07x03-a.pdf
2025-07-03,074,VILLA RIVA,DUARTE,HOSP. MPAL. ALICIA DE LEGENDRE,EMCO,32.5,22.5,0.0,https://indomet.gob.do/wp-content/uploads/2025/07/temperaturas-extremas-y-precipitaciones-2025x07x03-a.pdf
2025-07-04,001,SABANETA (EMA),SANTIAGO RODRÍGUEZ,PROGRAMA MUNDIAL DE ALIMENTO,EMAP,38.0,21.8,33.0,https://indomet.gob.do/wp-content/uploads/2025/07/temperaturas-extremas-y-precipitaciones-2025x07x04-a.pdf
2025-07-04,002,SANTIAGO RODRÍGUEZ,SANTIAGO RODRÍGUEZ,ONAMET,EMCO,37.9,22.5,31.5,https://indomet.gob.do/wp-content/uploads/2025/07/temperaturas-extremas-y-precipitaciones-2025x07x04-a.pdf
2025-07-04,003,CONSTANZA,LA VEGA,MINISTERIO DE AGRICULTURA,EMCO,29.7,12.7,17.9,https://indomet.gob.do/wp-content/uploads/2025/07/temperaturas-extremas-y-precipitaciones-2025x07x04-a.pdf
2025-07-04,004,HONDO VALLE,ELÍAS PIÑA,MINISTERIO DE AGRICULTURA,EMCO,27.3,17.7,12.3,https://indomet.gob.do/wp-content/uploads/2025/07/temperaturas-extremas-y-precipitaciones-2025x07x04-a.pdf
2025-07-04,005,CONSTANZA (EMA),LA VEGA,PROGRAMA MUNDIAL DE ALIMENTO,EMAP,27.4,12.4,6.6,https://indomet.gob.do/wp-content/uploads/2025/07/temperaturas-extremas-y-precipitaciones-2025x07x04-a.pdf
2025-07-04,006,SAN JOSÉ DE OCOA,SAN JOSÉ DE OCOA,HOSP. SAN JOSÉ DE OCOA,EMCO,33.6,,4.4,https://indomet.gob.do/wp-content/uploads/2025/07/temperaturas-extremas-y-precipitaciones-2025x07x04-a.pdf
2025-07-04,007,MONCIÓN (EMA),SANTIAGO RODRÍGUEZ,PROGRAMA MUNDIAL DE ALIMENTO,EMAP,34.3,20.3,2.4,https://indomet.gob.do/wp-content/uploads/2025/07/temperaturas-extremas-y-precipitaciones-2025x07x04-a.pdf
2025-07-04,008,PERALTA,AZUA,HOSP. MPAL. DE PERALTA,EMCO,30.6,17.0,0.2,https://indomet.gob.do/wp-content/uploads/2025/07/temperaturas-extremas-y-precipitaciones-2025x07x04-a.pdf
2025-07-04,009,BAYAGUANA,MONTE PLATA,ONAMET,EMCO,34.2,21.6,0.1,https://indomet.gob.do/wp-content/uploads/2025/07/temperaturas-extremas-y-precipitaciones-2025x07x04-a.pdf
2025-07-04,010,ELÍAS PIÑA,ELÍAS PIÑA,MINISTERIO DE AGRICULTURA,EMCV,,,0.1,https://indomet.gob.do/wp-content/uploads/2025/07/temperaturas-extremas-y-precipitaciones-2025x07x04-a.pdf
2025-07-04,011,ALTAMIRA,PUERTO PLATA,HOSP. MPAL. DE ALTAMIRA,EMCO,35.7,21.8,0.0,https://indomet.gob.do/wp-content/uploads/2025/07/temperaturas-extremas-y-precipitaciones-2025x07x04-a.pdf
2025-07-04,012,ANAMUYA (EMA),LA ALTAGRACIA,MINISTERIO DE AGRICULTURA,EMAP,33.4,24.7,0.0,https://indomet.gob.do/wp-content/uploads/2025/07/temperaturas-extremas-y-precipitaciones-2025x07x04-a.pdf
2025-07-04,013,ARPT. ARROYO BARRIL,SAMANÁ,ONAMET,EMCO,32.5,23.0,0.0,https://indomet.gob.do/wp-content/uploads/2025/07/temperaturas-extremas-y-precipitaciones-2025x07x04-a.pdf
2025-07-04,014,ARPT. DE LA ROMANA,LA ROMANA,ONAMET,EMCO,33.8,22.0,0.0,https://indomet.gob.do/wp-content/uploads/2025/07/temperaturas-extremas-y-precipitaciones-2025x07x04-a.pdf
2025-07-04,015,ARPT. DE LAS AMÉRICAS,SANTO DOMINGO,ONAMET,EMCO,32.6,23.2,0.0,https://indomet.gob.do/wp-content/uploads/2025/07/temperaturas-extremas-y-precipitaciones-2025x07x04-a.pdf
2025-07-04,016,ARPT. DE PUNTA CANA,LA ALTAGRACIA,ONAMET,EMCO,31.8,25.2,0.0,https://indomet.gob.do/wp-content/uploads/2025/07/temperaturas-extremas-y-precipitaciones-2025x07x04-a.pdf
2025-07-04,017,ARPT. DEL CIBAO,SANTIAGO,ONAMET,EMCO,34.2,22.6,0.0,https://indomet.gob.do/wp-content/uploads/2025/07/temperaturas-extremas-y-precipitaciones-2025x07x04-a.pdf
2025-07-04,018,ARPT. EL CATEY,SAMANÁ,ONAMET,EMCO,30.2,23.0,0.0,https://indomet.gob.do/wp-content/uploads/2025/07/temperaturas-extremas-y-precipitaciones-2025x07x04-a.pdf
2025-07-04,019,ARPT. GREGORIO LUPERÓN,PUERTO PLATA,ONAMET,EMCO,32.7,24.2,0.0,https://indomet.gob.do/wp-content/uploads/2025/07/temperaturas-extremas-y-precipitaciones-2025x07x04-a.pdf
2025-07-04,020,ARPT. LA ISABELA,SANTO DOMINGO,ONAMET,EMCO,33.0,23.5,0.0,https://indomet.gob.do/wp-content/uploads/2025/07/temperaturas-extremas-y-precipitaciones-2025x07x04-a.pdf
2025-07-04,021,ARPT. MARÍA MONTEZ,BARAHONA,ONAMET,EMCO,33.2,25.0,0.0,https://indomet.gob.do/wp-content/uploads/2025/07/temperaturas-extremas-y-precipitaciones-2025x07x04-a.pdf
2025-07-04,022,ARROYO LORO,SAN JUAN,IDIAF,EMCO,34.5,21.0,0.0,https://indomet.gob.do/wp-content/uploads/2025/07/temperaturas-extremas-y-precipitaciones-2025x07x04-a.pdf
2025-07-04,023,BANI (EMA),PERAVIA,MINISTERIO DE AGRICULTURA,EMAP,32.7,25.9,0.0,https://indomet.gob.do/wp-content/uploads/2025/07/temperaturas-extremas-y-precipitaciones-2025x07x04-a.pdf
2025-07-04,024,BOCA DE MAO (EMA),VALVERDE,MINISTERIO DE AGRICULTURA,EMAP,38.8,23.8,0.0,https://indomet.gob.do/wp-content/uploads/2025/07/temperaturas-extremas-y-precipitaciones-2025x07x04-a.pdf
2025-07-04,025,BONAO,MONSEÑOR NOUEL,MINISTERIO DE AGRICULTURA,EMCV,,,0.0,https://indomet.gob.do/wp-content/uploads/2025/07/temperaturas-extremas-y-precipitaciones-2025x07x04-a.pdf
2025-07-04,026,CABRAL,BARAHONA,MINISTERIO DE AGRICULTURA,EMCV,34.0,23.4,0.0,https://indomet.gob.do/wp-content/uploads/2025/07/temperaturas-extremas-y-precipitaciones-2025x07x04-a.pdf
2025-07-04,027,CABRERA,MARÍA TRINIDAD SÁNCHEZ,ESCUELA ARÍSTIDES FIALLO CABRAL,EMCO,33.1,26.3,0.0,https://indomet.gob.do/wp-content/uploads/2025/07/temperaturas-extremas-y-precipitaciones-2025x07x04-a.pdf
2025-07-04,028,CENTRO DE LOS HEROES (EMA),DISTRITO NACIONAL,MINISTERIO DE ENERGIA Y MINA,EMAP,31.2,26.6,0.0,https://indomet.gob.do/wp-content/uploads/2025/07/temperaturas-extremas-y-precipitaciones-2025x07x04-a.pdf
2025-07-04,029,DAJABÓN,DAJABÓN,INSTITUTO POLITÉCNICO LOYOLA,EMCO,34.8,22.7,0.0,https://indomet.gob.do/wp-content/uploads/2025/07/temperaturas-extremas-y-precipitaciones-2025x07x04-a.pdf
2025-07-04,030,ENRIQUILLO,BARAHONA,MINISTERIO DE AGRICULTURA,EMCV,33.5,,0.0,https://indomet.gob.do/wp-content/uploads/2025/07/temperaturas-extremas-y-precipitaciones-2025x07x04-a.pdf
2025-07-04,031,ESCONDIDO,PERAVIA,MINISTERIO DE AGRICULTURA,EMCV,33.0,,0.0,https://indomet.gob.do/wp-content/uploads/2025/07/temperaturas-extremas-y-precipitaciones-2025x07x04-a.pdf
2025-07-04,032,GASPAR HERNÁNDEZ,ESPAILLAT,PROPIEDAD DEL EMPLEADO,EMCO,,,0.0,https://indomet.gob.do/wp-content/uploads/2025/07/temperaturas-extremas-y-precipitaciones-2025x07x04-a.pdf
2025-07-04,033,GURABO,SANTIAGO,MINISTERIO DE AGRICULTURA,EMCV,,,0.0,https://indomet.gob.do/wp-content/uploads/2025/07/temperaturas-extremas-y-precipitaciones-2025x07x04-a.pdf
2025-07-04,034,HATO MAYOR,HATO MAYOR,MINISTERIO DE AGRICULTURA,EMCV,,,0.0,https://indomet.gob.do/wp-content/uploads/2025/07/temperaturas-extremas-y-precipitaciones-2025x07x04-a.pdf
2025-07-04,035,HIGÜEY,LA ALTAGRACIA,MINISTERIO DE AGRICULTURA,EMCV,,,0.0,https://indomet.gob.do/wp-content/uploads/2025/07/temperaturas-extremas-y-precipitaciones-2025x07x04-a.pdf
2025-07-04,036,JARABACOA,LA VEGA,INDRHI / MARENA,EMCO,32.4,18.2,0.0,https://indomet.gob.do/wp-content/uploads/2025/07/temperaturas-extremas-y-precipitaciones-2025x07x04-a.pdf
2025-07-04,037,JARABACOA (EMA),LA VEGA,PROGRAMA MUNDIAL DE ALIMENTO,EMAP,31.6,19.3,0.0,https://indomet.gob.do/wp-content/uploads/2025/07/temperaturas-extremas-y-precipitaciones-2025x07x04-a.pdf
2025-07-04,038,JIMANÍ,INDEPENDENCIA,MINISTERIO DE AGRICULTURA,EMCO,37.2,25.4,0.0,https://indomet.gob.do/wp-content/uploads/2025/07/temperaturas-extremas-y-precipitaciones-2025x07x04-a.pdf
2025-07-04,039,JUMA BEJUCAL,MONSEÑOR NOUEL,IDIAF,EMCV,33.2,21.6,0.0,https://indomet.gob.do/wp-content/uploads/2025/07/temperaturas-extremas-y-precipitaciones-2025x07x04-a.pdf
2025-07-04,040,LA VEGA,LA VEGA,IATESA,EMCO,33.5,21.5,0.0,https://indomet.gob.do/wp-content/uploads/2025/07/temperaturas-extremas-y-precipitaciones-2025x07x04-a.pdf
2025-07-04,041,LA VICTORIA,SANTO DOMINGO,CUERPO DE BOMBEROS,EMCO,35.0,23.8,0.0,https://indomet.gob.do/wp-content/uploads/2025/07/temperaturas-extremas-y-precipitaciones-2025x07x04-a.pdf
2025-07-04,042,LAS CANAS (EMA),MONTE CRISTI,PROGRAMA MUNDIAL DE ALIMENTO,EMAP,31.4,22.8,0.0,https://indomet.gob.do/wp-content/uploads/2025/07/temperaturas-extremas-y-precipitaciones-2025x07x04-a.pdf
2025-07-04,043,LAS MATAS DE SANTA CRUZ (EMA,MONTE CRISTI,PROGRAMA MUNDIAL DE ALIMENTO,EMAP,34.2,23.2,0.0,https://indomet.gob.do/wp-content/uploads/2025/07/temperaturas-extremas-y-precipitaciones-2025x07x04-a.pdf
2025-07-04,044,LOS LLANOS,SAN PEDRO DE MACORÍS,MINISTERIO DE AGRICULTURA,EMCO,34.2,22.9,0.0,https://indomet.gob.do/wp-content/uploads/2025/07/temperaturas-extremas-y-precipitaciones-2025x07x04-a.pdf
2025-07-04,045,MAO,VALVERDE,INDRHI / MINISTERIO DE AGRICULTURA,EMCV,,,0.0,https://indomet.gob.do/wp-content/uploads/2025/07/temperaturas-extremas-y-precipitaciones-2025x07x04-a.pdf
2025-07-04,046,MONTE CRISTI,MONTE CRISTI,ONAMET,EMCO,35.6,25.5,0.0,https://indomet.gob.do/wp-content/uploads/2025/07/temperaturas-extremas-y-precipitaciones-2025x07x04-a.pdf
2025-07-04,047,NAVARRETE,SANTIAGO,MINISTERIO DE AGRICULTURA,EMCV,,,0.0,https://indomet.gob.do/wp-content/uploads/2025/07/temperaturas-extremas-y-precipitaciones-2025x07x04-a.pdf
2025-07-04,048,OLIVARES,PEDERNALES,INDRHI,EMCO,,,0.0,https://indomet.gob.do/wp-content/uploads/2025/07/temperaturas-extremas-y-precipitaciones-2025x07x04-a.pdf
2025-07-04,049,OVIEDO,PEDERNALES,CLÍNICA RURAL OVIEDO,EMCO,34.0,24.8,0.0,https://indomet.gob.do/wp-content/uploads/2025/07/temperaturas-extremas-y-precipitaciones-2025x07x04-a.pdf
2025-07-04,050,PADRE LAS CASAS,AZUA,HOSP. NTRA. SRA. DEL CARMEN,EMCO,33.7,19.6,0.0,https://indomet.gob.do/wp-content/uploads/2025/07/temperaturas-extremas-y-precipitaciones-2025x07x04-a.pdf
2025-07-04,051,PALO ÍNDIO,PUERTO PLATA,MINISTERIO DE AGRICULTURA,EMCO,,,0.0,https://indomet.gob.do/wp-content/uploads/2025/07/temperaturas-extremas-y-precipitaciones-2025x07x04-a.pdf
2025-07-04,052,PEDERNALES,PEDERNALES,INDRHI,EMCO,,,0.0,https://indomet.gob.do/wp-content/uploads/2025/07/temperaturas-extremas-y-precipitaciones-2025x07x04-a.pdf
2025-07-04,053,PESCADERIA (EMA),BARAHONA,MINISTERIO DE AGRICULTURA,EMAP,33.7,24.1,0.0,https://indomet.gob.do/wp-content/uploads/2025/07/temperaturas-extremas-y-precipitaciones-2025x07x04-a.pdf
2025-07-04,054,POLO,BARAHONA,INDOCAFE,EMCO,30.3,15.5,0.0,https://indomet.gob.do/wp-content/uploads/2025/07/temperaturas-extremas-y-precipitaciones-2025x07x04-a.pdf
2025-07-04,055,PONTÓN ABAJO (EMA),LA VEGA,MINISTERIO DE AGRICULTURA,EMAP,35.6,21.7,0.0,https://indomet.gob.do/wp-content/uploads/2025/07/temperaturas-extremas-y-precipitaciones-2025x07x04-a.pdf
2025-07-04,056,PRESA DE TAVERAS (EMA),LA VEGA,PROGRAMA MUNDIAL DE ALIMENTO,EMAP,30.3,20.8,0.0,https://indomet.gob.do/wp-content/uploads/2025/07/temperaturas-extremas-y-precipitaciones-2025x07x04-a.pdf
2025-07-04,057,RANCHO ARRIBA,SAN JOSÉ DE OCOA,CENTRO TECNOLÓGICO COMUNITARIO,EMCO,31.4,15.1,0.0,https://indomet.gob.do/wp-content/uploads/2025/07/temperaturas-extremas-y-precipitaciones-2025x07x04-a.pdf
2025-07-04,058,RESTAURACIÓN,DAJABÓN,MINISTERIO DE AGRICULTURA,EMCO,33.2,20.4,0.0,https://indomet.gob.do/wp-content/uploads/2025/07/temperaturas-extremas-y-precipitaciones-2025x07x04-a.pdf
2025-07-04,059,RÍO SAN JUAN,MARÍA TRINIDAD SÁNCHEZ,HOSP. MPAL. DR. DESIDERIO ACOSTA,EMCV,35.5,24.9,0.0,https://indomet.gob.do/wp-content/uploads/2025/07/temperaturas-extremas-y-precipitaciones-2025x07x04-a.pdf
2025-07-04,060,SABANA DE LA MAR,HATO MAYOR,ONAMET,EMCO,33.0,22.0,0.0,https://indomet.gob.do/wp-content/uploads/2025/07/temperaturas-extremas-y-precipitaciones-2025x07x04-a.pdf
2025-07-04,061,SALCEDO,HERMANAS MIRABAL,PROPIEDAD DEL EMPLEADO,EMCO,,,0.0,https://indomet.gob.do/wp-content/uploads/2025/07/temperaturas-extremas-y-precipitaciones-2025x07x04-a.pdf
2025-07-04,062,SAMANÁ,SAMANÁ,COMANDANCIA DE PUERTO DE SAMANÁ,EMCO,34.0,24.4,0.0,https://indomet.gob.do/wp-content/uploads/2025/07/temperaturas-extremas-y-precipitaciones-2025x07x04-a.pdf
2025-07-04,063,SAN CRISTÓBAL,SAN CRISTÓBAL,INSTITUTO POLITÉCNICO LOYOLA,EMCO,32.0,21.0,0.0,https://indomet.gob.do/wp-content/uploads/2025/07/temperaturas-extremas-y-precipitaciones-2025x07x04-a.pdf
2025-07-04,064,SAN RAFAEL DEL YUMA,LA ALTAGRACIA,MINISTERIO DE AGRICULTURA,EMCO,34.9,24.5,0.0,https://indomet.gob.do/wp-content/uploads/2025/07/temperaturas-extremas-y-precipitaciones-2025x07x04-a.pdf
2025-07-04,065,SÁNCHEZ,SAMANÁ,MINISTERIO DE AGRICULTURA,EMCO,33.0,22.8,0.0,https://indomet.gob.do/wp-content/uploads/2025/07/temperaturas-extremas-y-precipitaciones-2025x07x04-a.pdf
2025-07-04,066,SANTO DOMINGO ESTE,SANTO DOMINGO,ONAMET,EMCO,35.0,25.5,0.0,https://indomet.gob.do/wp-content/uploads/2025/07/temperaturas-extremas-y-precipitaciones-2025x07x04-a.pdf
2025-07-04,067,TÁBARA ABAJO,AZUA,INDRHI,EMCO,35.5,20.0,0.0,https://indomet.gob.do/wp-content/uploads/2025/07/temperaturas-extremas-y-precipitaciones-2025x07x04-a.pdf
2025-07-04,068,VILLA ALTAGRACIA,SAN CRISTÓBAL,ESCUELA JAVIER ANGULO GURIDI,EMCO,,,0.0,https://indomet.gob.do/wp-content/uploads/2025/07/temperaturas-extremas-y-precipitaciones-2025x07x04-a.pdf
2025-07-04,069,VILLA GONZALES,SANTIAGO,MINISTERIO DE AGRICULTURA,EMCO,,,0.0,https://indomet.gob.do/wp-content/uploads/2025/07/temperaturas-extremas-y-precipitaciones-2025x07x04-a.pdf
2025-07-04,070,VILLA RIVA,DUARTE,HOSP. MPAL. ALICIA DE LEGENDRE,EMCO,34.0,23.8,0.0,https://indomet.gob.do/wp-content/uploads/2025/07/temperaturas-extremas-y-precipitaciones-2025x07x04-a.pdf
2025-07-05,001,ANAMUYA (EMA),LA ALTAGRACIA,MINISTERIO DE AGRICULTURA,EMAP,33.1,24.8,1.4,https://indomet.gob.do/wp-content/uploads/2025/07/temperaturas-extremas-y-precipitaciones-2025x07x05-a.pdf
2025-07-05,002,HATO MAYOR,HATO MAYOR,MINISTERIO DE AGRICULTURA,EMCV,,,1.0,https://indomet.gob.do/wp-content/uploads/2025/07/temperaturas-extremas-y-precipitaciones-2025x07x05-a.pdf
2025-07-05,003,MONCIÓN (EMA),SANTIAGO RODRÍGUEZ,PROGRAMA MUNDIAL DE ALIMENTO,EMAP,34.3,20.9,0.8,https://indomet.gob.do/wp-content/uploads/2025/07/temperaturas-extremas-y-precipitaciones-2025x07x05-a.pdf
2025-07-05,004,ENRIQUILLO,BARAHONA,MINISTERIO DE AGRICULTURA,EMCV,33.5,25.4,0.6,https://indomet.gob.do/wp-content/uploads/2025/07/temperaturas-extremas-y-precipitaciones-2025x07x05-a.pdf
2025-07-05,005,ARPT. DE PUNTA CANA,LA ALTAGRACIA,ONAMET,EMCO,32.2,24.0,0.4,https://indomet.gob.do/wp-content/uploads/2025/07/temperaturas-extremas-y-precipitaciones-2025x07x05-a.pdf
2025-07-05,006,CABRAL,BARAHONA,MINISTERIO DE AGRICULTURA,EMCV,35.0,24.3,0.1,https://indomet.gob.do/wp-content/uploads/2025/07/temperaturas-extremas-y-precipitaciones-2025x07x05-a.pdf
2025-07-05,007,SANTIAGO RODRÍGUEZ,SANTIAGO RODRÍGUEZ,ONAMET,EMCO,36.3,24.4,0.1,https://indomet.gob.do/wp-content/uploads/2025/07/temperaturas-extremas-y-precipitaciones-2025x07x05-a.pdf
2025-07-05,008,VILLA RIVA,DUARTE,HOSP. MPAL. ALICIA DE LEGENDRE,EMCO,33.8,23.3,0.1,https://indomet.gob.do/wp-content/uploads/2025/07/temperaturas-extremas-y-precipitaciones-2025x07x05-a.pdf
2025-07-05,009,ALTAMIRA,PUERTO PLATA,HOSP. MPAL. DE ALTAMIRA,EMCO,36.1,21.4,0.0,https://indomet.gob.do/wp-content/uploads/2025/07/temperaturas-extremas-y-precipitaciones-2025x07x05-a.pdf
2025-07-05,010,ARPT. ARROYO BARRIL,SAMANÁ,ONAMET,EMCO,32.7,24.0,0.0,https://indomet.gob.do/wp-content/uploads/2025/07/temperaturas-extremas-y-precipitaciones-2025x07x05-a.pdf
2025-07-05,011,ARPT. DE LA ROMANA,LA ROMANA,ONAMET,EMCO,33.7,23.8,0.0,https://indomet.gob.do/wp-content/uploads/2025/07/temperaturas-extremas-y-precipitaciones-2025x07x05-a.pdf
2025-07-05,012,ARPT. DE LAS AMÉRICAS,SANTO DOMINGO,ONAMET,EMCO,32.6,26.0,0.0,https://indomet.gob.do/wp-content/uploads/2025/07/temperaturas-extremas-y-precipitaciones-2025x07x05-a.pdf
2025-07-05,013,ARPT. DEL CIBAO,SANTIAGO,ONAMET,EMCO,35.2,22.4,0.0,https://indomet.gob.do/wp-content/uploads/2025/07/temperaturas-extremas-y-precipitaciones-2025x07x05-a.pdf
2025-07-05,014,ARPT. EL CATEY,SAMANÁ,ONAMET,EMCO,31.4,22.8,0.0,https://indomet.gob.do/wp-content/uploads/2025/07/temperaturas-extremas-y-precipitaciones-2025x07x05-a.pdf
2025-07-05,015,ARPT. GREGORIO LUPERÓN,PUERTO PLATA,ONAMET,EMCO,33.0,24.0,0.0,https://indomet.gob.do/wp-content/uploads/2025/07/temperaturas-extremas-y-precipitaciones-2025x07x05-a.pdf
2025-07-05,016,ARPT. LA ISABELA,SANTO DOMINGO,ONAMET,EMCO,33.0,22.5,0.0,https://indomet.gob.do/wp-content/uploads/2025/07/temperaturas-extremas-y-precipitaciones-2025x07x05-a.pdf
2025-07-05,017,ARPT. MARÍA MONTEZ,BARAHONA,ONAMET,EMCO,33.2,25.0,0.0,https://indomet.gob.do/wp-content/uploads/2025/07/temperaturas-extremas-y-precipitaciones-2025x07x05-a.pdf
2025-07-05,018,ARROYO LORO,SAN JUAN,IDIAF,EMCO,34.0,18.5,0.0,https://indomet.gob.do/wp-content/uploads/2025/07/temperaturas-extremas-y-precipitaciones-2025x07x05-a.pdf
2025-07-05,019,BAYAGUANA,MONTE PLATA,ONAMET,EMCO,34.8,22.2,0.0,https://indomet.gob.do/wp-content/uploads/2025/07/temperaturas-extremas-y-precipitaciones-2025x07x05-a.pdf
2025-07-05,020,BOCA DE MAO (EMA),VALVERDE,MINISTERIO DE AGRICULTURA,EMAP,37.3,22.4,0.0,https://indomet.gob.do/wp-content/uploads/2025/07/temperaturas-extremas-y-precipitaciones-2025x07x05-a.pdf
2025-07-05,021,BONAO,MONSEÑOR NOUEL,MINISTERIO DE AGRICULTURA,EMCV,,,0.0,https://indomet.gob.do/wp-content/uploads/2025/07/temperaturas-extremas-y-precipitaciones-2025x07x05-a.pdf
2025-07-05,022,CABRERA,MARÍA TRINIDAD SÁNCHEZ,ESCUELA ARÍSTIDES FIALLO CABRAL,EMCO,33.0,26.0,0.0,https://indomet.gob.do/wp-content/uploads/2025/07/temperaturas-extremas-y-precipitaciones-2025x07x05-a.pdf
2025-07-05,023,CENTRO DE LOS HEROES (EMA),DISTRITO NACIONAL,MINISTERIO DE ENERGIA Y MINA,EMAP,31.3,27.4,0.0,https://indomet.gob.do/wp-content/uploads/2025/07/temperaturas-extremas-y-precipitaciones-2025x07x05-a.pdf
2025-07-05,024,CONSTANZA,LA VEGA,MINISTERIO DE AGRICULTURA,EMCO,28.5,12.8,0.0,https://indomet.gob.do/wp-content/uploads/2025/07/temperaturas-extremas-y-precipitaciones-2025x07x05-a.pdf
2025-07-05,025,CONSTANZA (EMA),LA VEGA,PROGRAMA MUNDIAL DE ALIMENTO,EMAP,27.5,12.7,0.0,https://indomet.gob.do/wp-content/uploads/2025/07/temperaturas-extremas-y-precipitaciones-2025x07x05-a.pdf
2025-07-05,026,DAJABÓN,DAJABÓN,INSTITUTO POLITÉCNICO LOYOLA,EMCO,35.5,19.2,0.0,https://indomet.gob.do/wp-content/uploads/2025/07/temperaturas-extremas-y-precipitaciones-2025x07x05-a.pdf
2025-07-05,027,ELÍAS PIÑA,ELÍAS PIÑA,MINISTERIO DE AGRICULTURA,EMCV,,,0.0,https://indomet.gob.do/wp-content/uploads/2025/07/temperaturas-extremas-y-precipitaciones-2025x07x05-a.pdf
2025-07-05,028,ESCONDIDO,PERAVIA,MINISTERIO DE AGRICULTURA,EMCV,33.0,26.0,0.0,https://indomet.gob.do/wp-content/uploads/2025/07/temperaturas-extremas-y-precipitaciones-2025x07x05-a.pdf
2025-07-05,029,GASPAR HERNÁNDEZ,ESPAILLAT,PROPIEDAD DEL EMPLEADO,EMCO,,,0.0,https://indomet.gob.do/wp-content/uploads/2025/07/temperaturas-extremas-y-precipitaciones-2025x07x05-a.pdf
2025-07-05,030,GURABO,SANTIAGO,MINISTERIO DE AGRICULTURA,EMCV,,,0.0,https://indomet.gob.do/wp-content/uploads/2025/07/temperaturas-extremas-y-precipitaciones-2025x07x05-a.pdf
2025-07-05,031,HONDO VALLE,ELÍAS PIÑA,MINISTERIO DE AGRICULTURA,EMCO,27.5,18.2,0.0,https://indomet.gob.do/wp-content/uploads/2025/07/temperaturas-extremas-y-precipitaciones-2025x07x05-a.pdf
2025-07-05,032,JARABACOA,LA VEGA,INDRHI / MARENA,EMCO,32.8,16.6,0.0,https://indomet.gob.do/wp-content/uploads/2025/07/temperaturas-extremas-y-precipitaciones-2025x07x05-a.pdf
2025-07-05,033,JARABACOA (EMA),LA VEGA,PROGRAMA MUNDIAL DE ALIMENTO,EMAP,32.4,18.9,0.0,https://indomet.gob.do/wp-content/uploads/2025/07/temperaturas-extremas-y-precipitaciones-2025x07x05-a.pdf
2025-07-05,034,JIMANÍ,INDEPENDENCIA,MINISTERIO DE AGRICULTURA,EMCO,36.6,25.2,0.0,https://indomet.gob.do/wp-content/uploads/2025/07/temperaturas-extremas-y-precipitaciones-2025x07x05-a.pdf
2025-07-05,035,LA VEGA,LA VEGA,IATESA,EMCO,34.6,21.6,0.0,https://indomet.gob.do/wp-content/uploads/2025/07/temperaturas-extremas-y-precipitaciones-2025x07x05-a.pdf
2025-07-05,036,LA VICTORIA,SANTO DOMINGO,CUERPO DE BOMBEROS,EMCO,35.2,25.0,0.0,https://indomet.gob.do/wp-content/uploads/2025/07/temperaturas-extremas-y-precipitaciones-2025x07x05-a.pdf
2025-07-05,037,LAS CANAS (EMA),MONTE CRISTI,PROGRAMA MUNDIAL DE ALIMENTO,EMAP,31.3,24.1,0.0,https://indomet.gob.do/wp-content/uploads/2025/07/temperaturas-extremas-y-precipitaciones-2025x07x05-a.pdf
2025-07-05,038,LAS MATAS DE SANTA CRUZ (EMA,MONTE CRISTI,PROGRAMA MUNDIAL DE ALIMENTO,EMAP,35.4,24.8,0.0,https://indomet.gob.do/wp-content/uploads/2025/07/temperaturas-extremas-y-precipitaciones-2025x07x05-a.pdf
2025-07-05,039,LOS LLANOS,SAN PEDRO DE MACORÍS,MINISTERIO DE AGRICULTURA,EMCO,34.4,24.6,0.0,https://indomet.gob.do/wp-content/uploads/2025/07/temperaturas-extremas-y-precipitaciones-2025x07x05-a.pdf
2025-07-05,040,MAO,VALVERDE,INDRHI / MINISTERIO DE AGRICULTURA,EMCV,,,0.0,https://indomet.gob.do/wp-content/uploads/2025/07/temperaturas-extremas-y-precipitaciones-2025x07x05-a.pdf
2025-07-05,041,MONTE CRISTI,MONTE CRISTI,ONAMET,EMCO,35.0,24.0,0.0,https://indomet.gob.do/wp-content/uploads/2025/07/temperaturas-extremas-y-precipitaciones-2025x07x05-a.pdf
2025-07-05,042,NAVARRETE,SANTIAGO,MINISTERIO DE AGRICULTURA,EMCV,,,0.0,https://indomet.gob.do/wp-content/uploads/2025/07/temperaturas-extremas-y-precipitaciones-2025x07x05-a.pdf
2025-07-05,043,OLIVARES,PEDERNALES,INDRHI,EMCO,,,0.0,https://indomet.gob.do/wp-content/uploads/2025/07/temperaturas-extremas-y-precipitaciones-2025x07x05-a.pdf
2025-07-05,044,OVIEDO,PEDERNALES,CLÍNICA RURAL OVIEDO,EMCO,33.5,26.5,0.0,https://indomet.gob.do/wp-content/uploads/2025/07/temperaturas-extremas-y-precipitaciones-2025x07x05-a.pdf
2025-07-05,045,PADRE LAS CASAS,AZUA,HOSP. NTRA. SRA. DEL CARMEN,EMCO,33.5,19.6,0.0,https://indomet.gob.do/wp-content/uploads/2025/07/temperaturas-extremas-y-precipitaciones-2025x07x05-a.pdf
2025-07-05,046,PALO ÍNDIO,PUERTO PLATA,MINISTERIO DE AGRICULTURA,EMCO,,,0.0,https://indomet.gob.do/wp-content/uploads/2025/07/temperaturas-extremas-y-precipitaciones-2025x07x05-a.pdf
2025-07-05,047,PEDERNALES,PEDERNALES,INDRHI,EMCO,,,0.0,https://indomet.gob.do/wp-content/uploads/2025/07/temperaturas-extremas-y-precipitaciones-2025x07x05-a.pdf
2025-07-05,048,PERALTA,AZUA,HOSP. MPAL. DE PERALTA,EMCO,32.8,19.0,0.0,https://indomet.gob.do/wp-content/uploads/2025/07/temperaturas-extremas-y-precipitaciones-2025x07x05-a.pdf
2025-07-05,049,PESCADERIA (EMA),BARAHONA,MINISTERIO DE AGRICULTURA,EMAP,34.7,24.8,0.0,https://indomet.gob.do/wp-content/uploads/2025/07/temperaturas-extremas-y-precipitaciones-2025x07x05-a.pdf
2025-07-05,050,POLO,BARAHONA,INDOCAFE,EMCO,29.6,18.4,0.0,https://indomet.gob.do/wp-content/uploads/2025/07/temperaturas-extremas-y-precipitaciones-2025x07x05-a.pdf
2025-07-05,051,PONTÓN ABAJO (EMA),LA VEGA,MINISTERIO DE AGRICULTURA,EMAP,35.8,22.2,0.0,https://indomet.gob.do/wp-content/uploads/2025/07/temperaturas-extremas-y-precipitaciones-2025x07x05-a.pdf
2025-07-05,052,PRESA DE TAVERAS (EMA),LA VEGA,PROGRAMA MUNDIAL DE ALIMENTO,EMAP,31.2,20.3,0.0,https://indomet.gob.do/wp-content/uploads/2025/07/temperaturas-extremas-y-precipitaciones-2025x07x05-a.pdf
2025-07-05,053,RANCHO ARRIBA,SAN JOSÉ DE OCOA,CENTRO TECNOLÓGICO COMUNITARIO,EMCO,31.7,17.0,0.0,https://indomet.gob.do/wp-content/uploads/2025/07/temperaturas-extremas-y-precipitaciones-2025x07x05-a.pdf
2025-07-05,054,RESTAURACIÓN,DAJABÓN,MINISTERIO DE AGRICULTURA,EMCO,33.4,19.7,0.0,https://indomet.gob.do/wp-content/uploads/2025/07/temperaturas-extremas-y-precipitaciones-2025x07x05-a.pdf
2025-07-05,055,RÍO SAN JUAN,MARÍA TRINIDAD SÁNCHEZ,HOSP. MPAL. DR. DESIDERIO ACOSTA,EMCV,35.0,25.0,0.0,https://indomet.gob.do/wp-content/uploads/2025/07/temperaturas-extremas-y-precipitaciones-2025x07x05-a.pdf
2025-07-05,056,SABANA DE LA MAR,HATO MAYOR,ONAMET,EMCO,32.0,23.0,0.0,https://indomet.gob.do/wp-content/uploads/2025/07/temperaturas-extremas-y-precipitaciones-2025x07x05-a.pdf
2025-07-05,057,SABANA GRANDE DE BOYÁ,MONTE PLATA,MINISTERIO DE AGRICULTURA,EMCV,,,0.0,https://indomet.gob.do/wp-content/uploads/2025/07/temperaturas-extremas-y-precipitaciones-2025x07x05-a.pdf
2025-07-05,058,SABANETA (EMA),SANTIAGO RODRÍGUEZ,PROGRAMA MUNDIAL DE ALIMENTO,EMAP,36.6,23.6,0.0,https://indomet.gob.do/wp-content/uploads/2025/07/temperaturas-extremas-y-precipitaciones-2025x07x05-a.pdf
2025-07-05,059,SALCEDO,HERMANAS MIRABAL,PROPIEDAD DEL EMPLEADO,EMCO,,,0.0,https://indomet.gob.do/wp-content/uploads/2025/07/temperaturas-extremas-y-precipitaciones-2025x07x05-a.pdf
2025-07-05,060,SAMANÁ,SAMANÁ,COMANDANCIA DE PUERTO DE SAMANÁ,EMCO,33.6,25.4,0.0,https://indomet.gob.do/wp-content/uploads/2025/07/temperaturas-extremas-y-precipitaciones-2025x07x05-a.pdf
2025-07-05,061,SAN CRISTÓBAL,SAN CRISTÓBAL,INSTITUTO POLITÉCNICO LOYOLA,EMCO,31.2,20.2,0.0,https://indomet.gob.do/wp-content/uploads/2025/07/temperaturas-extremas-y-precipitaciones-2025x07x05-a.pdf
2025-07-05,062,SAN JOSÉ DE OCOA,SAN JOSÉ DE OCOA,HOSP. SAN JOSÉ DE OCOA,EMCO,33.2,,0.0,https://indomet.gob.do/wp-content/uploads/2025/07/temperaturas-extremas-y-precipitaciones-2025x07x05-a.pdf
2025-07-05,063,SAN RAFAEL DEL YUMA,LA ALTAGRACIA,MINISTERIO DE AGRICULTURA,EMCO,34.9,24.5,0.0,https://indomet.gob.do/wp-content/uploads/2025/07/temperaturas-extremas-y-precipitaciones-2025x07x05-a.pdf
2025-07-05,064,SÁNCHEZ,SAMANÁ,MINISTERIO DE AGRICULTURA,EMCO,33.8,22.6,0.0,https://indomet.gob.do/wp-content/uploads/2025/07/temperaturas-extremas-y-precipitaciones-2025x07x05-a.pdf
2025-07-05,065,SANTO DOMINGO ESTE,SANTO DOMINGO,ONAMET,EMCO,32.6,26.0,0.0,https://indomet.gob.do/wp-content/uploads/2025/07/temperaturas-extremas-y-precipitaciones-2025x07x05-a.pdf
2025-07-05,066,TÁBARA ABAJO,AZUA,INDRHI,EMCO,,,0.0,https://indomet.gob.do/wp-content/uploads/2025/07/temperaturas-extremas-y-precipitaciones-2025x07x05-a.pdf
2025-07-05,067,VILLA ALTAGRACIA,SAN CRISTÓBAL,ESCUELA JAVIER ANGULO GURIDI,EMCO,,,0.0,https://indomet.gob.do/wp-content/uploads/2025/07/temperaturas-extremas-y-precipitaciones-2025x07x05-a.pdf
2025-07-05,068,VILLA GONZALES,SANTIAGO,MINISTERIO DE AGRICULTURA,EMCO,,,0.0,https://indomet.gob.do/wp-content/uploads/2025/07/temperaturas-extremas-y-precipitaciones-2025x07x05-a.pdf
2025-07-05,069,VILLA ISABELA,PUERTO PLATA,MINISTERIO DE AGRICULTURA,EMCV,,,0.0,https://indomet.gob.do/wp-content/uploads/2025/07/temperaturas-extremas-y-precipitaciones-2025x07x05-a.pdf
2025-07-05,070,VALLE NUEVO (EMA),LA VEGA,MARENA,EMAO,20.7,14.3,,https://indomet.gob.do/wp-content/uploads/2025/07/temperaturas-extremas-y-precipitaciones-2025x07x05-a.pdf
2025-07-06,001,EL CERCADO,SAN JUAN,MINISTERIO DE AGRICULTURA,EMCV,,,25.4,https://indomet.gob.do/wp-content/uploads/2025/07/temperaturas-extremas-y-precipitaciones-2025x07x06-a.pdf
2025-07-06,002,HONDO VALLE,ELÍAS PIÑA,MINISTERIO DE AGRICULTURA,EMCO,27.1,17.8,8.4,https://indomet.gob.do/wp-content/uploads/2025/07/temperaturas-extremas-y-precipitaciones-2025x07x06-a.pdf
2025-07-06,003,ARPT. DE LAS AMÉRICAS,SANTO DOMINGO,ONAMET,EMCO,32.0,24.2,1.5,https://indomet.gob.do/wp-content/uploads/2025/07/temperaturas-extremas-y-precipitaciones-2025x07x06-a.pdf
2025-07-06,004,ANAMUYA (EMA),LA ALTAGRACIA,MINISTERIO DE AGRICULTURA,EMAP,32.1,24.6,0.6,https://indomet.gob.do/wp-content/uploads/2025/07/temperaturas-extremas-y-precipitaciones-2025x07x06-a.pdf
2025-07-06,005,PERALTA,AZUA,HOSP. MPAL. DE PERALTA,EMCO,33.0,18.1,0.6,https://indomet.gob.do/wp-content/uploads/2025/07/temperaturas-extremas-y-precipitaciones-2025x07x06-a.pdf
2025-07-06,006,SAMANÁ,SAMANÁ,COMANDANCIA DE PUERTO DE SAMANÁ,EMCO,33.4,23.7,0.4,https://indomet.gob.do/wp-content/uploads/2025/07/temperaturas-extremas-y-precipitaciones-2025x07x06-a.pdf
2025-07-06,007,ARPT. EL CATEY,SAMANÁ,ONAMET,EMCO,30.5,24.2,0.3,https://indomet.gob.do/wp-content/uploads/2025/07/temperaturas-extremas-y-precipitaciones-2025x07x06-a.pdf
2025-07-06,008,POLO,BARAHONA,INDOCAFE,EMCO,31.0,19.5,0.3,https://indomet.gob.do/wp-content/uploads/2025/07/temperaturas-extremas-y-precipitaciones-2025x07x06-a.pdf
2025-07-06,009,ARPT. DE PUNTA CANA,LA ALTAGRACIA,ONAMET,EMCO,32.0,24.1,0.2,https://indomet.gob.do/wp-content/uploads/2025/07/temperaturas-extremas-y-precipitaciones-2025x07x06-a.pdf
2025-07-06,010,ARROYO LORO,SAN JUAN,IDIAF,EMCO,34.9,20.0,0.1,https://indomet.gob.do/wp-content/uploads/2025/07/temperaturas-extremas-y-precipitaciones-2025x07x06-a.pdf
2025-07-06,011,BAYAGUANA,MONTE PLATA,ONAMET,EMCO,34.6,23.8,0.1,https://indomet.gob.do/wp-content/uploads/2025/07/temperaturas-extremas-y-precipitaciones-2025x07x06-a.pdf
2025-07-06,012,CABRAL,BARAHONA,MINISTERIO DE AGRICULTURA,EMCV,35.8,26.0,0.1,https://indomet.gob.do/wp-content/uploads/2025/07/temperaturas-extremas-y-precipitaciones-2025x07x06-a.pdf
2025-07-06,013,ALTAMIRA,PUERTO PLATA,HOSP. MPAL. DE ALTAMIRA,EMCO,34.6,21.0,0.0,https://indomet.gob.do/wp-content/uploads/2025/07/temperaturas-extremas-y-precipitaciones-2025x07x06-a.pdf
2025-07-06,014,ARPT. ARROYO BARRIL,SAMANÁ,ONAMET,EMCO,32.0,24.5,0.0,https://indomet.gob.do/wp-content/uploads/2025/07/temperaturas-extremas-y-precipitaciones-2025x07x06-a.pdf
2025-07-06,015,ARPT. DE LA ROMANA,LA ROMANA,ONAMET,EMCO,33.4,24.3,0.0,https://indomet.gob.do/wp-content/uploads/2025/07/temperaturas-extremas-y-precipitaciones-2025x07x06-a.pdf
2025-07-06,016,ARPT. DEL CIBAO,SANTIAGO,ONAMET,EMCO,35.8,22.8,0.0,https://indomet.gob.do/wp-content/uploads/2025/07/temperaturas-extremas-y-precipitaciones-2025x07x06-a.pdf
2025-07-06,017,ARPT. GREGORIO LUPERÓN,PUERTO PLATA,ONAMET,EMCO,33.0,24.0,0.0,https://indomet.gob.do/wp-content/uploads/2025/07/temperaturas-extremas-y-precipitaciones-2025x07x06-a.pdf
2025-07-06,018,ARPT. LA ISABELA,SANTO DOMINGO,ONAMET,EMCO,33.5,24.2,0.0,https://indomet.gob.do/wp-content/uploads/2025/07/temperaturas-extremas-y-precipitaciones-2025x07x06-a.pdf
2025-07-06,019,ARPT. MARÍA MONTEZ,BARAHONA,ONAMET,EMCO,34.5,25.0,0.0,https://indomet.gob.do/wp-content/uploads/2025/07/temperaturas-extremas-y-precipitaciones-2025x07x06-a.pdf
2025-07-06,020,BANI (EMA),PERAVIA,MINISTERIO DE AGRICULTURA,EMAP,32.6,26.2,0.0,https://indomet.gob.do/wp-content/uploads/2025/07/temperaturas-extremas-y-precipitaciones-2025x07x06-a.pdf
2025-07-06,021,BOCA DE MAO (EMA),VALVERDE,MINISTERIO DE AGRICULTURA,EMAP,38.6,24.6,0.0,https://indomet.gob.do/wp-content/uploads/2025/07/temperaturas-extremas-y-precipitaciones-2025x07x06-a.pdf
2025-07-06,022,BOHECHÍO,SAN JUAN,MINISTERIO DE AGRICULTURA,EMCV,,,0.0,https://indomet.gob.do/wp-content/uploads/2025/07/temperaturas-extremas-y-precipitaciones-2025x07x06-a.pdf
2025-07-06,023,BONAO,MONSEÑOR NOUEL,MINISTERIO DE AGRICULTURA,EMCV,,,0.0,https://indomet.gob.do/wp-content/uploads/2025/07/temperaturas-extremas-y-precipitaciones-2025x07x06-a.pdf
2025-07-06,024,CABRERA,MARÍA TRINIDAD SÁNCHEZ,ESCUELA ARÍSTIDES FIALLO CABRAL,EMCO,33.5,27.5,0.0,https://indomet.gob.do/wp-content/uploads/2025/07/temperaturas-extremas-y-precipitaciones-2025x07x06-a.pdf
2025-07-06,025,CENTRO DE LOS HEROES (EMA),DISTRITO NACIONAL,MINISTERIO DE ENERGIA Y MINA,EMAP,31.2,26.6,0.0,https://indomet.gob.do/wp-content/uploads/2025/07/temperaturas-extremas-y-precipitaciones-2025x07x06-a.pdf
2025-07-06,026,CONSTANZA,LA VEGA,MINISTERIO DE AGRICULTURA,EMCO,27.8,13.2,0.0,https://indomet.gob.do/wp-content/uploads/2025/07/temperaturas-extremas-y-precipitaciones-2025x07x06-a.pdf
2025-07-06,027,CONSTANZA (EMA),LA VEGA,PROGRAMA MUNDIAL DE ALIMENTO,EMAP,27.3,13.6,0.0,https://indomet.gob.do/wp-content/uploads/2025/07/temperaturas-extremas-y-precipitaciones-2025x07x06-a.pdf
2025-07-06,028,COTUÍ,SÁNCHEZ RAMÍREZ,HOSP. INMACULADA CONCEPCIÓN,EMCV,,,0.0,https://indomet.gob.do/wp-content/uploads/2025/07/temperaturas-extremas-y-precipitaciones-2025x07x06-a.pdf
2025-07-06,029,DAJABÓN,DAJABÓN,INSTITUTO POLITÉCNICO LOYOLA,EMCO,36.6,21.0,0.0,https://indomet.gob.do/wp-content/uploads/2025/07/temperaturas-extremas-y-precipitaciones-2025x07x06-a.pdf
2025-07-06,030,ELÍAS PIÑA,ELÍAS PIÑA,MINISTERIO DE AGRICULTURA,EMCV,,,0.0,https://indomet.gob.do/wp-content/uploads/2025/07/temperaturas-extremas-y-precipitaciones-2025x07x06-a.pdf
2025-07-06,031,ENRIQUILLO,BARAHONA,MINISTERIO DE AGRICULTURA,EMCV,34.0,,0.0,https://indomet.gob.do/wp-content/uploads/2025/07/temperaturas-extremas-y-precipitaciones-2025x07x06-a.pdf
2025-07-06,032,ESCONDIDO,PERAVIA,MINISTERIO DE AGRICULTURA,EMCV,33.0,,0.0,https://indomet.gob.do/wp-content/uploads/2025/07/temperaturas-extremas-y-precipitaciones-2025x07x06-a.pdf
2025-07-06,033,GASPAR HERNÁNDEZ,ESPAILLAT,PROPIEDAD DEL EMPLEADO,EMCO,,,0.0,https://indomet.gob.do/wp-content/uploads/2025/07/temperaturas-extremas-y-precipitaciones-2025x07x06-a.pdf
2025-07-06,034,GURABO,SANTIAGO,MINISTERIO DE AGRICULTURA,EMCV,,,0.0,https://indomet.gob.do/wp-content/uploads/2025/07/temperaturas-extremas-y-precipitaciones-2025x07x06-a.pdf
2025-07-06,035,HATO MAYOR,HATO MAYOR,MINISTERIO DE AGRICULTURA,EMCV,,,0.0,https://indomet.gob.do/wp-content/uploads/2025/07/temperaturas-extremas-y-precipitaciones-2025x07x06-a.pdf
2025-07-06,036,JARABACOA,LA VEGA,INDRHI / MARENA,EMCO,33.0,18.4,0.0,https://indomet.gob.do/wp-content/uploads/2025/07/temperaturas-extremas-y-precipitaciones-2025x07x06-a.pdf
2025-07-06,037,JARABACOA (EMA),LA VEGA,PROGRAMA MUNDIAL DE ALIMENTO,EMAP,32.2,19.2,0.0,https://indomet.gob.do/wp-content/uploads/2025/07/temperaturas-extremas-y-precipitaciones-2025x07x06-a.pdf
2025-07-06,038,JARDÍN BOTÁNICO NACIONAL,DISTRITO NACIONAL,JARDÍN BOTÁNICO NACIONAL,EMCV,33.4,22.5,0.0,https://indomet.gob.do/wp-content/uploads/2025/07/temperaturas-extremas-y-precipitaciones-2025x07x06-a.pdf
2025-07-06,039,JIMANÍ,INDEPENDENCIA,MINISTERIO DE AGRICULTURA,EMCO,38.0,25.5,0.0,https://indomet.gob.do/wp-content/uploads/2025/07/temperaturas-extremas-y-precipitaciones-2025x07x06-a.pdf
2025-07-06,040,JUMA BEJUCAL,MONSEÑOR NOUEL,IDIAF,EMCV,33.4,22.8,0.0,https://indomet.gob.do/wp-content/uploads/2025/07/temperaturas-extremas-y-precipitaciones-2025x07x06-a.pdf
2025-07-06,041,LA VEGA,LA VEGA,IATESA,EMCO,35.0,22.5,0.0,https://indomet.gob.do/wp-content/uploads/2025/07/temperaturas-extremas-y-precipitaciones-2025x07x06-a.pdf
2025-07-06,042,LA VICTORIA,SANTO DOMINGO,CUERPO DE BOMBEROS,EMCO,34.5,23.5,0.0,https://indomet.gob.do/wp-content/uploads/2025/07/temperaturas-extremas-y-precipitaciones-2025x07x06-a.pdf
2025-07-06,043,LAS CANAS (EMA),MONTE CRISTI,PROGRAMA MUNDIAL DE ALIMENTO,EMAP,32.2,24.1,0.0,https://indomet.gob.do/wp-content/uploads/2025/07/temperaturas-extremas-y-precipitaciones-2025x07x06-a.pdf
2025-07-06,044,LAS MATAS DE SANTA CRUZ (EMA,MONTE CRISTI,PROGRAMA MUNDIAL DE ALIMENTO,EMAP,34.8,24.2,0.0,https://indomet.gob.do/wp-content/uploads/2025/07/temperaturas-extremas-y-precipitaciones-2025x07x06-a.pdf
2025-07-06,045,LOS JENGIBRES,NAGUA,INDRHI,EMCO,,,0.0,https://indomet.gob.do/wp-content/uploads/2025/07/temperaturas-extremas-y-precipitaciones-2025x07x06-a.pdf
2025-07-06,046,MAO,VALVERDE,INDRHI / MINISTERIO DE AGRICULTURA,EMCV,,,0.0,https://indomet.gob.do/wp-content/uploads/2025/07/temperaturas-extremas-y-precipitaciones-2025x07x06-a.pdf
2025-07-06,047,MONCIÓN (EMA),SANTIAGO RODRÍGUEZ,PROGRAMA MUNDIAL DE ALIMENTO,EMAP,35.2,20.3,0.0,https://indomet.gob.do/wp-content/uploads/2025/07/temperaturas-extremas-y-precipitaciones-2025x07x06-a.pdf
2025-07-06,048,MONTE CRISTI,MONTE CRISTI,ONAMET,EMCO,35.1,25.0,0.0,https://indomet.gob.do/wp-content/uploads/2025/07/temperaturas-extremas-y-precipitaciones-2025x07x06-a.pdf
2025-07-06,049,NAVARRETE,SANTIAGO,MINISTERIO DE AGRICULTURA,EMCV,,,0.0,https://indomet.gob.do/wp-content/uploads/2025/07/temperaturas-extremas-y-precipitaciones-2025x07x06-a.pdf
2025-07-06,050,OLIVARES,PEDERNALES,INDRHI,EMCO,,,0.0,https://indomet.gob.do/wp-content/uploads/2025/07/temperaturas-extremas-y-precipitaciones-2025x07x06-a.pdf
2025-07-06,051,OVIEDO,PEDERNALES,CLÍNICA RURAL OVIEDO,EMCO,35.0,,0.0,https://indomet.gob.do/wp-content/uploads/2025/07/temperaturas-extremas-y-precipitaciones-2025x07x06-a.pdf
2025-07-06,052,PADRE LAS CASAS,AZUA,HOSP. NTRA. SRA. DEL CARMEN,EMCO,34.6,21.5,0.0,https://indomet.gob.do/wp-content/uploads/2025/07/temperaturas-extremas-y-precipitaciones-2025x07x06-a.pdf
2025-07-06,053,PASO AL MEDIO,SAN PEDRO DE MACORÍS,INDRHI,EMCO,,,0.0,https://indomet.gob.do/wp-content/uploads/2025/07/temperaturas-extremas-y-precipitaciones-2025x07x06-a.pdf
2025-07-06,054,PEDERNALES,PEDERNALES,INDRHI,EMCO,,,0.0,https://indomet.gob.do/wp-content/uploads/2025/07/temperaturas-extremas-y-precipitaciones-2025x07x06-a.pdf
2025-07-06,055,PESCADERIA (EMA),BARAHONA,MINISTERIO DE AGRICULTURA,EMAP,34.6,27.3,0.0,https://indomet.gob.do/wp-content/uploads/2025/07/temperaturas-extremas-y-precipitaciones-2025x07x06-a.pdf
2025-07-06,056,PONTÓN ABAJO (EMA),LA VEGA,MINISTERIO DE AGRICULTURA,EMAP,36.0,23.4,0.0,https://indomet.gob.do/wp-content/uploads/2025/07/temperaturas-extremas-y-precipitaciones-2025x07x06-a.pdf
2025-07-06,057,PRESA DE TAVERAS (EMA),LA VEGA,PROGRAMA MUNDIAL DE ALIMENTO,EMAP,33.6,22.3,0.0,https://indomet.gob.do/wp-content/uploads/2025/07/temperaturas-extremas-y-precipitaciones-2025x07x06-a.pdf
2025-07-06,058,RANCHO ARRIBA,SAN JOSÉ DE OCOA,CENTRO TECNOLÓGICO COMUNITARIO,EMCO,32.9,18.5,0.0,https://indomet.gob.do/wp-content/uploads/2025/07/temperaturas-extremas-y-precipitaciones-2025x07x06-a.pdf
2025-07-06,059,RESTAURACIÓN,DAJABÓN,MINISTERIO DE AGRICULTURA,EMCO,33.7,20.5,0.0,https://indomet.gob.do/wp-content/uploads/2025/07/temperaturas-extremas-y-precipitaciones-2025x07x06-a.pdf
2025-07-06,060,RÍO SAN JUAN,MARÍA TRINIDAD SÁNCHEZ,HOSP. MPAL. DR. DESIDERIO ACOSTA,EMCV,34.7,24.0,0.0,https://indomet.gob.do/wp-content/uploads/2025/07/temperaturas-extremas-y-precipitaciones-2025x07x06-a.pdf
2025-07-06,061,SABANA DE LA MAR,HATO MAYOR,ONAMET,EMCO,32.0,23.0,0.0,https://indomet.gob.do/wp-content/uploads/2025/07/temperaturas-extremas-y-precipitaciones-2025x07x06-a.pdf
2025-07-06,062,SABANA GRANDE DE BOYÁ,MONTE PLATA,MINISTERIO DE AGRICULTURA,EMCV,,,0.0,https://indomet.gob.do/wp-content/uploads/2025/07/temperaturas-extremas-y-precipitaciones-2025x07x06-a.pdf
2025-07-06,063,SABANETA (EMA),SANTIAGO RODRÍGUEZ,PROGRAMA MUNDIAL DE ALIMENTO,EMAP,38.5,23.1,0.0,https://indomet.gob.do/wp-content/uploads/2025/07/temperaturas-extremas-y-precipitaciones-2025x07x06-a.pdf
2025-07-06,064,SALCEDO,HERMANAS MIRABAL,PROPIEDAD DEL EMPLEADO,EMCO,,,0.0,https://indomet.gob.do/wp-content/uploads/2025/07/temperaturas-extremas-y-precipitaciones-2025x07x06-a.pdf
2025-07-06,065,SAN CRISTÓBAL,SAN CRISTÓBAL,INSTITUTO POLITÉCNICO LOYOLA,EMCO,32.2,22.0,0.0,https://indomet.gob.do/wp-content/uploads/2025/07/temperaturas-extremas-y-precipitaciones-2025x07x06-a.pdf
2025-07-06,066,SAN FRANCISCO DE MACORÍS,DUARTE,San Francisco de Macorís (UASD),EMCO,33.6,23.0,0.0,https://indomet.gob.do/wp-content/uploads/2025/07/temperaturas-extremas-y-precipitaciones-2025x07x06-a.pdf
2025-07-06,067,SAN JOSÉ DE OCOA,SAN JOSÉ DE OCOA,HOSP. SAN JOSÉ DE OCOA,EMCO,33.5,,0.0,https://indomet.gob.do/wp-content/uploads/2025/07/temperaturas-extremas-y-precipitaciones-2025x07x06-a.pdf
2025-07-06,068,SAN RAFAEL DEL YUMA,LA ALTAGRACIA,MINISTERIO DE AGRICULTURA,EMCO,35.0,23.6,0.0,https://indomet.gob.do/wp-content/uploads/2025/07/temperaturas-extremas-y-precipitaciones-2025x07x06-a.pdf
2025-07-06,069,SÁNCHEZ,SAMANÁ,MINISTERIO DE AGRICULTURA,EMCO,33.6,22.4,0.0,https://indomet.gob.do/wp-content/uploads/2025/07/temperaturas-extremas-y-precipitaciones-2025x07x06-a.pdf
2025-07-06,070,SANTIAGO RODRÍGUEZ,SANTIAGO RODRÍGUEZ,ONAMET,EMCO,38.2,23.3,0.0,https://indomet.gob.do/wp-content/uploads/2025/07/temperaturas-extremas-y-precipitaciones-2025x07x06-a.pdf
2025-07-06,071,SANTO DOMINGO ESTE,SANTO DOMINGO,ONAMET,EMCO,32.4,26.6,0.0,https://indomet.gob.do/wp-content/uploads/2025/07/temperaturas-extremas-y-precipitaciones-2025x07x06-a.pdf
2025-07-06,072,TÁBARA ABAJO,AZUA,INDRHI,EMCO,35.5,24.0,0.0,https://indomet.gob.do/wp-content/uploads/2025/07/temperaturas-extremas-y-precipitaciones-2025x07x06-a.pdf
2025-07-06,073,TAVERA,SANTIAGO,INDRHI,EMCO,,,0.0,https://indomet.gob.do/wp-content/uploads/2025/07/temperaturas-extremas-y-precipitaciones-2025x07x06-a.pdf
2025-07-06,074,VILLA ALTAGRACIA,SAN CRISTÓBAL,ESCUELA JAVIER ANGULO GURIDI,EMCO,,,0.0,https://indomet.gob.do/wp-content/uploads/2025/07/temperaturas-extremas-y-precipitaciones-2025x07x06-a.pdf
2025-07-06,075,VILLA GONZALES,SANTIAGO,MINISTERIO DE AGRICULTURA,EMCO,,,0.0,https://indomet.gob.do/wp-content/uploads/2025/07/temperaturas-extremas-y-precipitaciones-2025x07x06-a.pdf
2025-07-06,076,VILLA ISABELA,PUERTO PLATA,MINISTERIO DE AGRICULTURA,EMCV,,,0.0,https://indomet.gob.do/wp-content/uploads/2025/07/temperaturas-extremas-y-precipitaciones-2025x07x06-a.pdf
2025-07-07,001,ARPT. EL CATEY,SAMANÁ,ONAMET,EMCO,29.0,23.0,76.0,https://indomet.gob.do/wp-content/uploads/2025/07/temperaturas-extremas-y-precipitaciones-2025x07x07-a.pdf
2025-07-07,002,EL CERCADO,SAN JUAN,MINISTERIO DE AGRICULTURA,EMCV,,,27.4,https://indomet.gob.do/wp-content/uploads/2025/07/temperaturas-extremas-y-precipitaciones-2025x07x07-a.pdf
2025-07-07,003,SANTO DOMINGO ESTE,SANTO DOMINGO,ONAMET,EMCO,32.5,25.0,20.0,https://indomet.gob.do/wp-content/uploads/2025/07/temperaturas-extremas-y-precipitaciones-2025x07x07-a.pdf
2025-07-07,004,TÁBARA ABAJO,AZUA,INDRHI,EMCO,34.5,23.0,14.0,https://indomet.gob.do/wp-content/uploads/2025/07/temperaturas-extremas-y-precipitaciones-2025x07x07-a.pdf
2025-07-07,005,ARROYO LORO,SAN JUAN,IDIAF,EMCO,34.5,17.5,13.8,https://indomet.gob.do/wp-content/uploads/2025/07/temperaturas-extremas-y-precipitaciones-2025x07x07-a.pdf
2025-07-07,006,JARDÍN BOTÁNICO NACIONAL,DISTRITO NACIONAL,JARDÍN BOTÁNICO NACIONAL,EMCV,32.5,23.0,13.0,https://indomet.gob.do/wp-content/uploads/2025/07/temperaturas-extremas-y-precipitaciones-2025x07x07-a.pdf
2025-07-07,007,VILLA GONZALES,SANTIAGO,MINISTERIO DE AGRICULTURA,EMCO,,,13.0,https://indomet.gob.do/wp-content/uploads/2025/07/temperaturas-extremas-y-precipitaciones-2025x07x07-a.pdf
2025-07-07,008,SAN CRISTÓBAL,SAN CRISTÓBAL,INSTITUTO POLITÉCNICO LOYOLA,EMCO,31.2,21.2,12.0,https://indomet.gob.do/wp-content/uploads/2025/07/temperaturas-extremas-y-precipitaciones-2025x07x07-a.pdf
2025-07-07,009,HIGÜEY,LA ALTAGRACIA,MINISTERIO DE AGRICULTURA,EMCV,,,11.4,https://indomet.gob.do/wp-content/uploads/2025/07/temperaturas-extremas-y-precipitaciones-2025x07x07-a.pdf
2025-07-07,010,CABRERA,MARÍA TRINIDAD SÁNCHEZ,ESCUELA ARÍSTIDES FIALLO CABRAL,EMCO,33.2,27.0,10.2,https://indomet.gob.do/wp-content/uploads/2025/07/temperaturas-extremas-y-precipitaciones-2025x07x07-a.pdf
2025-07-07,011,SALCEDO,HERMANAS MIRABAL,PROPIEDAD DEL EMPLEADO,EMCO,,,10.0,https://indomet.gob.do/wp-content/uploads/2025/07/temperaturas-extremas-y-precipitaciones-2025x07x07-a.pdf
2025-07-07,012,SAMANÁ,SAMANÁ,COMANDANCIA DE PUERTO DE SAMANÁ,EMCO,32.6,24.1,9.4,https://indomet.gob.do/wp-content/uploads/2025/07/temperaturas-extremas-y-precipitaciones-2025x07x07-a.pdf
2025-07-07,013,RÍO SAN JUAN,MARÍA TRINIDAD SÁNCHEZ,HOSP. MPAL. DR. DESIDERIO ACOSTA,EMCV,34.5,24.5,8.6,https://indomet.gob.do/wp-content/uploads/2025/07/temperaturas-extremas-y-precipitaciones-2025x07x07-a.pdf
2025-07-07,014,LOS LLANOS,SAN PEDRO DE MACORÍS,MINISTERIO DE AGRICULTURA,EMCO,32.1,22.8,8.4,https://indomet.gob.do/wp-content/uploads/2025/07/temperaturas-extremas-y-precipitaciones-2025x07x07-a.pdf
2025-07-07,015,SÁNCHEZ,SAMANÁ,MINISTERIO DE AGRICULTURA,EMCO,32.5,22.1,8.2,https://indomet.gob.do/wp-content/uploads/2025/07/temperaturas-extremas-y-precipitaciones-2025x07x07-a.pdf
2025-07-07,016,ANAMUYA (EMA),LA ALTAGRACIA,MINISTERIO DE AGRICULTURA,EMAP,34.2,25.2,7.6,https://indomet.gob.do/wp-content/uploads/2025/07/temperaturas-extremas-y-precipitaciones-2025x07x07-a.pdf
2025-07-07,017,CENTRO DE LOS HEROES (EMA),DISTRITO NACIONAL,MINISTERIO DE ENERGIA Y MINA,EMAP,31.5,26.3,7.2,https://indomet.gob.do/wp-content/uploads/2025/07/temperaturas-extremas-y-precipitaciones-2025x07x07-a.pdf
2025-07-07,018,HATO MAYOR,HATO MAYOR,MINISTERIO DE AGRICULTURA,EMCV,,,6.9,https://indomet.gob.do/wp-content/uploads/2025/07/temperaturas-extremas-y-precipitaciones-2025x07x07-a.pdf
2025-07-07,019,ARPT. DE LAS AMÉRICAS,SANTO DOMINGO,ONAMET,EMCO,32.5,23.0,6.2,https://indomet.gob.do/wp-content/uploads/2025/07/temperaturas-extremas-y-precipitaciones-2025x07x07-a.pdf
2025-07-07,020,ARPT. DE PUNTA CANA,LA ALTAGRACIA,ONAMET,EMCO,31.6,23.6,6.0,https://indomet.gob.do/wp-content/uploads/2025/07/temperaturas-extremas-y-precipitaciones-2025x07x07-a.pdf
2025-07-07,021,PERALTA,AZUA,HOSP. MPAL. DE PERALTA,EMCO,33.6,17.0,5.0,https://indomet.gob.do/wp-content/uploads/2025/07/temperaturas-extremas-y-precipitaciones-2025x07x07-a.pdf
2025-07-07,022,RANCHO ARRIBA,SAN JOSÉ DE OCOA,CENTRO TECNOLÓGICO COMUNITARIO,EMCO,32.3,19.5,4.6,https://indomet.gob.do/wp-content/uploads/2025/07/temperaturas-extremas-y-precipitaciones-2025x07x07-a.pdf
2025-07-07,023,PADRE LAS CASAS,AZUA,HOSP. NTRA. SRA. DEL CARMEN,EMCO,35.0,19.0,3.6,https://indomet.gob.do/wp-content/uploads/2025/07/temperaturas-extremas-y-precipitaciones-2025x07x07-a.pdf
2025-07-07,024,LA VEGA,LA VEGA,IATESA,EMCO,34.0,23.8,3.5,https://indomet.gob.do/wp-content/uploads/2025/07/temperaturas-extremas-y-precipitaciones-2025x07x07-a.pdf
2025-07-07,025,PARQUE MIRADOR SUR,DISTRITO NACIONAL,AYUNTAMIENTO,EMCV,33.0,22.5,3.0,https://indomet.gob.do/wp-content/uploads/2025/07/temperaturas-extremas-y-precipitaciones-2025x07x07-a.pdf
2025-07-07,026,HONDO VALLE,ELÍAS PIÑA,MINISTERIO DE AGRICULTURA,EMCO,26.8,17.5,2.9,https://indomet.gob.do/wp-content/uploads/2025/07/temperaturas-extremas-y-precipitaciones-2025x07x07-a.pdf
2025-07-07,027,GURABO,SANTIAGO,MINISTERIO DE AGRICULTURA,EMCV,,,2.0,https://indomet.gob.do/wp-content/uploads/2025/07/temperaturas-extremas-y-precipitaciones-2025x07x07-a.pdf
2025-07-07,028,ARPT. ARROYO BARRIL,SAMANÁ,ONAMET,EMCO,31.5,24.0,2.0,https://indomet.gob.do/wp-content/uploads/2025/07/temperaturas-extremas-y-precipitaciones-2025x07x07-a.pdf
2025-07-07,029,SABANA DE LA MAR,HATO MAYOR,ONAMET,EMCO,31.5,23.0,2.0,https://indomet.gob.do/wp-content/uploads/2025/07/temperaturas-extremas-y-precipitaciones-2025x07x07-a.pdf
2025-07-07,030,BOHECHÍO,SAN JUAN,MINISTERIO DE AGRICULTURA,EMCV,,,1.6,https://indomet.gob.do/wp-content/uploads/2025/07/temperaturas-extremas-y-precipitaciones-2025x07x07-a.pdf
2025-07-07,031,BAYAGUANA,MONTE PLATA,ONAMET,EMCO,32.6,21.6,1.4,https://indomet.gob.do/wp-content/uploads/2025/07/temperaturas-extremas-y-precipitaciones-2025x07x07-a.pdf
2025-07-07,032,JUMA BEJUCAL,MONSEÑOR NOUEL,IDIAF,EMCV,32.6,21.8,1.3,https://indomet.gob.do/wp-content/uploads/2025/07/temperaturas-extremas-y-precipitaciones-2025x07x07-a.pdf
2025-07-07,033,POLO,BARAHONA,INDOCAFE,EMCO,29.5,18.0,1.2,https://indomet.gob.do/wp-content/uploads/2025/07/temperaturas-extremas-y-precipitaciones-2025x07x07-a.pdf
2025-07-07,034,TAMBORIL,SANTIAGO,MINISTERIO DE AGRICULTURA,EMCV,,,0.8,https://indomet.gob.do/wp-content/uploads/2025/07/temperaturas-extremas-y-precipitaciones-2025x07x07-a.pdf
2025-07-07,035,ESCONDIDO,PERAVIA,MINISTERIO DE AGRICULTURA,EMCV,33.0,26.0,0.8,https://indomet.gob.do/wp-content/uploads/2025/07/temperaturas-extremas-y-precipitaciones-2025x07x07-a.pdf
2025-07-07,036,JARABACOA,LA VEGA,INDRHI / MARENA,EMCO,32.8,18.0,0.7,https://indomet.gob.do/wp-content/uploads/2025/07/temperaturas-extremas-y-precipitaciones-2025x07x07-a.pdf
2025-07-07,037,JARABACOA (EMA),LA VEGA,PROGRAMA MUNDIAL DE ALIMENTO,EMAP,32.3,18.6,0.6,https://indomet.gob.do/wp-content/uploads/2025/07/temperaturas-extremas-y-precipitaciones-2025x07x07-a.pdf
2025-07-07,038,BONAO,MONSEÑOR NOUEL,MINISTERIO DE AGRICULTURA,EMCV,,,0.5,https://indomet.gob.do/wp-content/uploads/2025/07/temperaturas-extremas-y-precipitaciones-2025x07x07-a.pdf
2025-07-07,039,SAN FRANCISCO DE MACORÍS,DUARTE,San Francisco de Macorís (UASD),EMCO,33.4,23.3,0.5,https://indomet.gob.do/wp-content/uploads/2025/07/temperaturas-extremas-y-precipitaciones-2025x07x07-a.pdf
2025-07-07,040,SAN JOSÉ DE OCOA,SAN JOSÉ DE OCOA,HOSP. SAN JOSÉ DE OCOA,EMCO,33.4,,0.4,https://indomet.gob.do/wp-content/uploads/2025/07/temperaturas-extremas-y-precipitaciones-2025x07x07-a.pdf
2025-07-07,041,ARPT. DE LA ROMANA,LA ROMANA,ONAMET,EMCO,33.8,23.0,0.3,https://indomet.gob.do/wp-content/uploads/2025/07/temperaturas-extremas-y-precipitaciones-2025x07x07-a.pdf
2025-07-07,042,ARPT. DEL CIBAO,SANTIAGO,ONAMET,EMCO,34.0,22.5,0.2,https://indomet.gob.do/wp-content/uploads/2025/07/temperaturas-extremas-y-precipitaciones-2025x07x07-a.pdf
2025-07-07,043,CONSTANZA,LA VEGA,MINISTERIO DE AGRICULTURA,EMCO,27.5,14.7,0.2,https://indomet.gob.do/wp-content/uploads/2025/07/temperaturas-extremas-y-precipitaciones-2025x07x07-a.pdf
2025-07-07,044,CONSTANZA (EMA),LA VEGA,PROGRAMA MUNDIAL DE ALIMENTO,EMAP,26.6,15.2,0.2,https://indomet.gob.do/wp-content/uploads/2025/07/temperaturas-extremas-y-precipitaciones-2025x07x07-a.pdf
2025-07-07,045,LA VICTORIA,SANTO DOMINGO,CUERPO DE BOMBEROS,EMCO,32.2,24.0,0.1,https://indomet.gob.do/wp-content/uploads/2025/07/temperaturas-extremas-y-precipitaciones-2025x07x07-a.pdf
2025-07-07,046,SABANA GRANDE DE BOYÁ,MONTE PLATA,MINISTERIO DE AGRICULTURA,EMCV,,,0.1,https://indomet.gob.do/wp-content/uploads/2025/07/temperaturas-extremas-y-precipitaciones-2025x07x07-a.pdf
2025-07-07,047,VILLA ALTAGRACIA,SAN CRISTÓBAL,ESCUELA JAVIER ANGULO GURIDI,EMCO,,,0.1,https://indomet.gob.do/wp-content/uploads/2025/07/temperaturas-extremas-y-precipitaciones-2025x07x07-a.pdf
2025-07-07,048,ALTAMIRA,PUERTO PLATA,HOSP. MPAL. DE ALTAMIRA,EMCO,33.6,20.5,0.0,https://indomet.gob.do/wp-content/uploads/2025/07/temperaturas-extremas-y-precipitaciones-2025x07x07-a.pdf
2025-07-07,049,ARPT. GREGORIO LUPERÓN,PUERTO PLATA,ONAMET,EMCO,32.6,24.2,0.0,https://indomet.gob.do/wp-content/uploads/2025/07/temperaturas-extremas-y-precipitaciones-2025x07x07-a.pdf
2025-07-07,050,ARPT. LA ISABELA,SANTO DOMINGO,ONAMET,EMCO,32.0,22.5,0.0,https://indomet.gob.do/wp-content/uploads/2025/07/temperaturas-extremas-y-precipitaciones-2025x07x07-a.pdf
2025-07-07,051,ARPT. MARÍA MONTEZ,BARAHONA,ONAMET,EMCO,34.0,27.0,0.0,https://indomet.gob.do/wp-content/uploads/2025/07/temperaturas-extremas-y-precipitaciones-2025x07x07-a.pdf
2025-07-07,052,BOCA DE MAO (EMA),VALVERDE,MINISTERIO DE AGRICULTURA,EMAP,37.2,24.1,0.0,https://indomet.gob.do/wp-content/uploads/2025/07/temperaturas-extremas-y-precipitaciones-2025x07x07-a.pdf
2025-07-07,053,CABRAL,BARAHONA,MINISTERIO DE AGRICULTURA,EMCV,35.2,24.7,0.0,https://indomet.gob.do/wp-content/uploads/2025/07/temperaturas-extremas-y-precipitaciones-2025x07x07-a.pdf
2025-07-07,054,DAJABÓN,DAJABÓN,INSTITUTO POLITÉCNICO LOYOLA,EMCO,35.1,20.7,0.0,https://indomet.gob.do/wp-content/uploads/2025/07/temperaturas-extremas-y-precipitaciones-2025x07x07-a.pdf
2025-07-07,055,ELÍAS PIÑA,ELÍAS PIÑA,MINISTERIO DE AGRICULTURA,EMCV,,,0.0,https://indomet.gob.do/wp-content/uploads/2025/07/temperaturas-extremas-y-precipitaciones-2025x07x07-a.pdf
2025-07-07,056,ENRIQUILLO,BARAHONA,MINISTERIO DE AGRICULTURA,EMCV,33.5,26.0,0.0,https://indomet.gob.do/wp-content/uploads/2025/07/temperaturas-extremas-y-precipitaciones-2025x07x07-a.pdf
2025-07-07,057,GASPAR HERNÁNDEZ,ESPAILLAT,PROPIEDAD DEL EMPLEADO,EMCO,,,0.0,https://indomet.gob.do/wp-content/uploads/2025/07/temperaturas-extremas-y-precipitaciones-2025x07x07-a.pdf
2025-07-07,058,JIMANÍ,INDEPENDENCIA,MINISTERIO DE AGRICULTURA,EMCO,37.8,26.2,0.0,https://indomet.gob.do/wp-content/uploads/2025/07/temperaturas-extremas-y-precipitaciones-2025x07x07-a.pdf
2025-07-07,059,LAS CANAS (EMA),MONTE CRISTI,PROGRAMA MUNDIAL DE ALIMENTO,EMAP,30.7,24.6,0.0,https://indomet.gob.do/wp-content/uploads/2025/07/temperaturas-extremas-y-precipitaciones-2025x07x07-a.pdf
2025-07-07,060,LAS MATAS DE SANTA CRUZ (EMA),MONTE CRISTI,PROGRAMA MUNDIAL DE ALIMENTO,EMAP,35.1,24.2,0.0,https://indomet.gob.do/wp-content/uploads/2025/07/temperaturas-extremas-y-precipitaciones-2025x07x07-a.pdf
2025-07-07,061,MAO,VALVERDE,INDRHI / MINISTERIO DE AGRICULTURA,EMCV,,,0.0,https://indomet.gob.do/wp-content/uploads/2025/07/temperaturas-extremas-y-precipitaciones-2025x07x07-a.pdf
2025-07-07,062,MONCIÓN (EMA),SANTIAGO RODRÍGUEZ,PROGRAMA MUNDIAL DE ALIMENTO,EMAP,33.4,19.7,0.0,https://indomet.gob.do/wp-content/uploads/2025/07/temperaturas-extremas-y-precipitaciones-2025x07x07-a.pdf
2025-07-07,063,MONTE CRISTI,MONTE CRISTI,ONAMET,EMCO,34.5,23.9,0.0,https://indomet.gob.do/wp-content/uploads/2025/07/temperaturas-extremas-y-precipitaciones-2025x07x07-a.pdf
2025-07-07,064,NAVARRETE,SANTIAGO,MINISTERIO DE AGRICULTURA,EMCV,,,0.0,https://indomet.gob.do/wp-content/uploads/2025/07/temperaturas-extremas-y-precipitaciones-2025x07x07-a.pdf
2025-07-07,065,OLIVARES,PEDERNALES,INDRHI,EMCO,,,0.0,https://indomet.gob.do/wp-content/uploads/2025/07/temperaturas-extremas-y-precipitaciones-2025x07x07-a.pdf
2025-07-07,066,OVIEDO,PEDERNALES,CLÍNICA RURAL OVIEDO,EMCO,34.5,26.8,0.0,https://indomet.gob.do/wp-content/uploads/2025/07/temperaturas-extremas-y-precipitaciones-2025x07x07-a.pdf
2025-07-07,067,PALO ÍNDIO,PUERTO PLATA,MINISTERIO DE AGRICULTURA,EMCO,,,0.0,https://indomet.gob.do/wp-content/uploads/2025/07/temperaturas-extremas-y-precipitaciones-2025x07x07-a.pdf
2025-07-07,068,PEDERNALES,PEDERNALES,INDRHI,EMCO,,,0.0,https://indomet.gob.do/wp-content/uploads/2025/07/temperaturas-extremas-y-precipitaciones-2025x07x07-a.pdf
2025-07-07,069,PESCADERIA (EMA),BARAHONA,MINISTERIO DE AGRICULTURA,EMAP,34.2,25.2,0.0,https://indomet.gob.do/wp-content/uploads/2025/07/temperaturas-extremas-y-precipitaciones-2025x07x07-a.pdf
2025-07-07,070,PONTÓN ABAJO (EMA),LA VEGA,MINISTERIO DE AGRICULTURA,EMAP,35.1,24.3,0.0,https://indomet.gob.do/wp-content/uploads/2025/07/temperaturas-extremas-y-precipitaciones-2025x07x07-a.pdf
2025-07-07,071,PRESA DE TAVERAS (EMA),LA VEGA,PROGRAMA MUNDIAL DE ALIMENTO,EMAP,32.0,22.1,0.0,https://indomet.gob.do/wp-content/uploads/2025/07/temperaturas-extremas-y-precipitaciones-2025x07x07-a.pdf
2025-07-07,072,RESTAURACIÓN,DAJABÓN,MINISTERIO DE AGRICULTURA,EMCO,33.1,19.9,0.0,https://indomet.gob.do/wp-content/uploads/2025/07/temperaturas-extremas-y-precipitaciones-2025x07x07-a.pdf
2025-07-07,073,SABANETA (EMA),SANTIAGO RODRÍGUEZ,PROGRAMA MUNDIAL DE ALIMENTO,EMAP,37.2,22.4,0.0,https://indomet.gob.do/wp-content/uploads/2025/07/temperaturas-extremas-y-precipitaciones-2025x07x07-a.pdf
2025-07-07,074,SAN RAFAEL DEL YUMA,LA ALTAGRACIA,MINISTERIO DE AGRICULTURA,EMCO,35.4,23.1,0.0,https://indomet.gob.do/wp-content/uploads/2025/07/temperaturas-extremas-y-precipitaciones-2025x07x07-a.pdf
2025-07-07,075,SANTIAGO RODRÍGUEZ,SANTIAGO RODRÍGUEZ,ONAMET,EMCO,37.0,22.8,0.0,https://indomet.gob.do/wp-content/uploads/2025/07/temperaturas-extremas-y-precipitaciones-2025x07x07-a.pdf
2025-07-07,076,VILLA ISABELA,PUERTO PLATA,MINISTERIO DE AGRICULTURA,EMCV,,,0.0,https://indomet.gob.do/wp-content/uploads/2025/07/temperaturas-extremas-y-precipitaciones-2025x07x07-a.pdf
2025-07-07,077,VILLA RIVA,DUARTE,HOSP. MPAL. ALICIA DE LEGENDRE,EMCO,32.0,22.7,0.0,https://indomet.gob.do/wp-content/uploads/2025/07/temperaturas-extremas-y-precipitaciones-2025x07x07-a.pdf
2025-07-08,001,SABANA GRANDE DE BOYÁ,MONTE PLATA,MINISTERIO DE AGRICULTURA,EMCV,,,25.4,https://indomet.gob.do/wp-content/uploads/2025/07/temperaturas-extremas-y-precipitaciones-2025x07x08-a.pdf
2025-07-08,002,JUMA BEJUCAL,MONSEÑOR NOUEL,IDIAF,EMCV,33.8,23.6,24.4,https://indomet.gob.do/wp-content/uploads/2025/07/temperaturas-extremas-y-precipitaciones-2025x07x08-a.pdf
2025-07-08,003,BONAO,MONSEÑOR NOUEL,MINISTERIO DE AGRICULTURA,EMCV,,,19.8,https://indomet.gob.do/wp-content/uploads/2025/07/temperaturas-extremas-y-precipitaciones-2025x07x08-a.pdf
2025-07-08,004,JARABACOA (EMA),LA VEGA,PROGRAMA MUNDIAL DE ALIMENTO,EMAP,29.4,19.8,16.8,https://indomet.gob.do/wp-content/uploads/2025/07/temperaturas-extremas-y-precipitaciones-2025x07x08-a.pdf
2025-07-08,005,LOS JENGIBRES,NAGUA,INDRHI,EMCO,,,16.1,https://indomet.gob.do/wp-content/uploads/2025/07/temperaturas-extremas-y-precipitaciones-2025x07x08-a.pdf
2025-07-08,006,JARABACOA,LA VEGA,INDRHI / MARENA,EMCO,30.0,18.2,14.3,https://indomet.gob.do/wp-content/uploads/2025/07/temperaturas-extremas-y-precipitaciones-2025x07x08-a.pdf
2025-07-08,007,SALCEDO,HERMANAS MIRABAL,PROPIEDAD DEL EMPLEADO,EMCO,,,12.4,https://indomet.gob.do/wp-content/uploads/2025/07/temperaturas-extremas-y-precipitaciones-2025x07x08-a.pdf
2025-07-08,008,LA VEGA,LA VEGA,IATESA,EMCO,31.5,23.0,10.0,https://indomet.gob.do/wp-content/uploads/2025/07/temperaturas-extremas-y-precipitaciones-2025x07x08-a.pdf
2025-07-08,009,LOS LLANOS,SAN PEDRO DE MACORÍS,MINISTERIO DE AGRICULTURA,EMCO,33.6,22.6,9.6,https://indomet.gob.do/wp-content/uploads/2025/07/temperaturas-extremas-y-precipitaciones-2025x07x08-a.pdf
2025-07-08,010,COTUÍ,SÁNCHEZ RAMÍREZ,HOSP. INMACULADA CONCEPCIÓN,EMCV,,,9.4,https://indomet.gob.do/wp-content/uploads/2025/07/temperaturas-extremas-y-precipitaciones-2025x07x08-a.pdf
2025-07-08,011,SÁNCHEZ,SAMANÁ,MINISTERIO DE AGRICULTURA,EMCO,32.3,22.7,9.4,https://indomet.gob.do/wp-content/uploads/2025/07/temperaturas-extremas-y-precipitaciones-2025x07x08-a.pdf
2025-07-08,012,SAMANÁ,SAMANÁ,COMANDANCIA DE PUERTO DE SAMANÁ,EMCO,32.4,22.7,8.7,https://indomet.gob.do/wp-content/uploads/2025/07/temperaturas-extremas-y-precipitaciones-2025x07x08-a.pdf
2025-07-08,013,ARPT. ARROYO BARRIL,SAMANÁ,ONAMET,EMCO,31.0,23.4,8.4,https://indomet.gob.do/wp-content/uploads/2025/07/temperaturas-extremas-y-precipitaciones-2025x07x08-a.pdf
2025-07-08,014,RÍO SAN JUAN,MARÍA TRINIDAD SÁNCHEZ,HOSP. MPAL. DR. DESIDERIO ACOSTA,EMCV,33.2,23.8,7.7,https://indomet.gob.do/wp-content/uploads/2025/07/temperaturas-extremas-y-precipitaciones-2025x07x08-a.pdf
2025-07-08,015,VILLA RIVA,DUARTE,HOSP. MPAL. ALICIA DE LEGENDRE,EMCO,32.0,23.0,7.6,https://indomet.gob.do/wp-content/uploads/2025/07/temperaturas-extremas-y-precipitaciones-2025x07x08-a.pdf
2025-07-08,016,ARPT. EL CATEY,SAMANÁ,ONAMET,EMCO,30.4,23.0,7.5,https://indomet.gob.do/wp-content/uploads/2025/07/temperaturas-extremas-y-precipitaciones-2025x07x08-a.pdf
2025-07-08,017,TAVERA,SANTIAGO,INDRHI,EMCO,,,6.0,https://indomet.gob.do/wp-content/uploads/2025/07/temperaturas-extremas-y-precipitaciones-2025x07x08-a.pdf
2025-07-08,018,PRESA DE TAVERAS (EMA),LA VEGA,PROGRAMA MUNDIAL DE ALIMENTO,EMAP,30.0,21.8,5.8,https://indomet.gob.do/wp-content/uploads/2025/07/temperaturas-extremas-y-precipitaciones-2025x07x08-a.pdf
2025-07-08,019,ARPT. DE LA ROMANA,LA ROMANA,ONAMET,EMCO,32.9,23.0,5.5,https://indomet.gob.do/wp-content/uploads/2025/07/temperaturas-extremas-y-precipitaciones-2025x07x08-a.pdf
2025-07-08,020,ARPT. DEL CIBAO,SANTIAGO,ONAMET,EMCO,31.0,23.0,5.3,https://indomet.gob.do/wp-content/uploads/2025/07/temperaturas-extremas-y-precipitaciones-2025x07x08-a.pdf
2025-07-08,021,ARPT. DE PUNTA CANA,LA ALTAGRACIA,ONAMET,EMCO,31.4,23.0,5.0,https://indomet.gob.do/wp-content/uploads/2025/07/temperaturas-extremas-y-precipitaciones-2025x07x08-a.pdf
2025-07-08,022,HATO MAYOR,HATO MAYOR,MINISTERIO DE AGRICULTURA,EMCV,,,4.8,https://indomet.gob.do/wp-content/uploads/2025/07/temperaturas-extremas-y-precipitaciones-2025x07x08-a.pdf
2025-07-08,023,GURABO,SANTIAGO,MINISTERIO DE AGRICULTURA,EMCV,,,4.6,https://indomet.gob.do/wp-content/uploads/2025/07/temperaturas-extremas-y-precipitaciones-2025x07x08-a.pdf
2025-07-08,024,SABANA DE LA MAR,HATO MAYOR,ONAMET,EMCO,31.0,22.5,4.1,https://indomet.gob.do/wp-content/uploads/2025/07/temperaturas-extremas-y-precipitaciones-2025x07x08-a.pdf
2025-07-08,025,BANI (EMA),PERAVIA,MINISTERIO DE AGRICULTURA,EMAP,32.4,24.6,4.0,https://indomet.gob.do/wp-content/uploads/2025/07/temperaturas-extremas-y-precipitaciones-2025x07x08-a.pdf
2025-07-08,026,TAMBORIL,SANTIAGO,MINISTERIO DE AGRICULTURA,EMCV,,,3.8,https://indomet.gob.do/wp-content/uploads/2025/07/temperaturas-extremas-y-precipitaciones-2025x07x08-a.pdf
2025-07-08,027,BAYAGUANA,MONTE PLATA,ONAMET,EMCO,34.1,22.0,3.4,https://indomet.gob.do/wp-content/uploads/2025/07/temperaturas-extremas-y-precipitaciones-2025x07x08-a.pdf
2025-07-08,028,POLO,BARAHONA,INDOCAFE,EMCO,27.5,18.6,2.9,https://indomet.gob.do/wp-content/uploads/2025/07/temperaturas-extremas-y-precipitaciones-2025x07x08-a.pdf
2025-07-08,029,ARPT. GREGORIO LUPERÓN,PUERTO PLATA,ONAMET,EMCO,30.6,23.6,1.8,https://indomet.gob.do/wp-content/uploads/2025/07/temperaturas-extremas-y-precipitaciones-2025x07x08-a.pdf
2025-07-08,030,ALTAMIRA,PUERTO PLATA,HOSP. MPAL. DE ALTAMIRA,EMCO,32.0,21.5,1.6,https://indomet.gob.do/wp-content/uploads/2025/07/temperaturas-extremas-y-precipitaciones-2025x07x08-a.pdf
2025-07-08,031,HIGÜEY,LA ALTAGRACIA,MINISTERIO DE AGRICULTURA,EMCV,,,0.9,https://indomet.gob.do/wp-content/uploads/2025/07/temperaturas-extremas-y-precipitaciones-2025x07x08-a.pdf
2025-07-08,032,ANAMUYA (EMA),LA ALTAGRACIA,MINISTERIO DE AGRICULTURA,EMAP,32.2,23.7,0.8,https://indomet.gob.do/wp-content/uploads/2025/07/temperaturas-extremas-y-precipitaciones-2025x07x08-a.pdf
2025-07-08,033,VILLA ALTAGRACIA,SAN CRISTÓBAL,ESCUELA JAVIER ANGULO GURIDI,EMCO,,,0.8,https://indomet.gob.do/wp-content/uploads/2025/07/temperaturas-extremas-y-precipitaciones-2025x07x08-a.pdf
2025-07-08,034,OVIEDO,PEDERNALES,CLÍNICA RURAL OVIEDO,EMCO,33.5,,0.6,https://indomet.gob.do/wp-content/uploads/2025/07/temperaturas-extremas-y-precipitaciones-2025x07x08-a.pdf
2025-07-08,035,RANCHO ARRIBA,SAN JOSÉ DE OCOA,CENTRO TECNOLÓGICO COMUNITARIO,EMCO,29.1,20.5,0.6,https://indomet.gob.do/wp-content/uploads/2025/07/temperaturas-extremas-y-precipitaciones-2025x07x08-a.pdf
2025-07-08,036,NAVARRETE,SANTIAGO,MINISTERIO DE AGRICULTURA,EMCV,,,0.6,https://indomet.gob.do/wp-content/uploads/2025/07/temperaturas-extremas-y-precipitaciones-2025x07x08-a.pdf
2025-07-08,037,GASPAR HERNÁNDEZ,ESPAILLAT,PROPIEDAD DEL EMPLEADO,EMCO,,,0.4,https://indomet.gob.do/wp-content/uploads/2025/07/temperaturas-extremas-y-precipitaciones-2025x07x08-a.pdf
2025-07-08,038,CABRERA,MARÍA TRINIDAD SÁNCHEZ,ESCUELA ARÍSTIDES FIALLO CABRAL,EMCO,32.2,25.5,0.3,https://indomet.gob.do/wp-content/uploads/2025/07/temperaturas-extremas-y-precipitaciones-2025x07x08-a.pdf
2025-07-08,039,SAN FRANCISCO DE MACORÍS,DUARTE,San Francisco de Macorís (UASD),EMCO,31.0,23.0,0.2,https://indomet.gob.do/wp-content/uploads/2025/07/temperaturas-extremas-y-precipitaciones-2025x07x08-a.pdf
2025-07-08,040,HONDO VALLE,ELÍAS PIÑA,MINISTERIO DE AGRICULTURA,EMCO,27.4,18.0,0.1,https://indomet.gob.do/wp-content/uploads/2025/07/temperaturas-extremas-y-precipitaciones-2025x07x08-a.pdf
2025-07-08,041,PERALTA,AZUA,HOSP. MPAL. DE PERALTA,EMCO,33.0,18.5,0.1,https://indomet.gob.do/wp-content/uploads/2025/07/temperaturas-extremas-y-precipitaciones-2025x07x08-a.pdf
2025-07-08,042,ARPT. DE LAS AMÉRICAS,SANTO DOMINGO,ONAMET,EMCO,32.4,23.4,0.0,https://indomet.gob.do/wp-content/uploads/2025/07/temperaturas-extremas-y-precipitaciones-2025x07x08-a.pdf
2025-07-08,043,ARPT. LA ISABELA,SANTO DOMINGO,ONAMET,EMCO,33.0,22.6,0.0,https://indomet.gob.do/wp-content/uploads/2025/07/temperaturas-extremas-y-precipitaciones-2025x07x08-a.pdf
2025-07-08,044,ARPT. MARÍA MONTEZ,BARAHONA,ONAMET,EMCO,33.5,25.5,0.0,https://indomet.gob.do/wp-content/uploads/2025/07/temperaturas-extremas-y-precipitaciones-2025x07x08-a.pdf
2025-07-08,045,ARROYO LORO,SAN JUAN,IDIAF,EMCO,33.5,20.6,0.0,https://indomet.gob.do/wp-content/uploads/2025/07/temperaturas-extremas-y-precipitaciones-2025x07x08-a.pdf
2025-07-08,046,BOCA DE MAO (EMA),VALVERDE,MINISTERIO DE AGRICULTURA,EMAP,35.2,24.6,0.0,https://indomet.gob.do/wp-content/uploads/2025/07/temperaturas-extremas-y-precipitaciones-2025x07x08-a.pdf
2025-07-08,047,BOHECHÍO,SAN JUAN,MINISTERIO DE AGRICULTURA,EMCV,,,0.0,https://indomet.gob.do/wp-content/uploads/2025/07/temperaturas-extremas-y-precipitaciones-2025x07x08-a.pdf
2025-07-08,048,CABRAL,BARAHONA,MINISTERIO DE AGRICULTURA,EMCV,34.5,24.8,0.0,https://indomet.gob.do/wp-content/uploads/2025/07/temperaturas-extremas-y-precipitaciones-2025x07x08-a.pdf
2025-07-08,049,CENTRO DE LOS HEROES (EMA),DISTRITO NACIONAL,MINISTERIO DE ENERGIA Y MINA,EMAP,31.4,26.5,0.0,https://indomet.gob.do/wp-content/uploads/2025/07/temperaturas-extremas-y-precipitaciones-2025x07x08-a.pdf
2025-07-08,050,CONSTANZA,LA VEGA,MINISTERIO DE AGRICULTURA,EMCO,27.0,17.7,0.0,https://indomet.gob.do/wp-content/uploads/2025/07/temperaturas-extremas-y-precipitaciones-2025x07x08-a.pdf
2025-07-08,051,CONSTANZA (EMA),LA VEGA,PROGRAMA MUNDIAL DE ALIMENTO,EMAP,25.9,17.7,0.0,https://indomet.gob.do/wp-content/uploads/2025/07/temperaturas-extremas-y-precipitaciones-2025x07x08-a.pdf
2025-07-08,052,DAJABÓN,DAJABÓN,INSTITUTO POLITÉCNICO LOYOLA,EMCO,34.7,21.0,0.0,https://indomet.gob.do/wp-content/uploads/2025/07/temperaturas-extremas-y-precipitaciones-2025x07x08-a.pdf
2025-07-08,053,EL CERCADO,SAN JUAN,MINISTERIO DE AGRICULTURA,EMCV,,,0.0,https://indomet.gob.do/wp-content/uploads/2025/07/temperaturas-extremas-y-precipitaciones-2025x07x08-a.pdf
2025-07-08,054,ELÍAS PIÑA,ELÍAS PIÑA,MINISTERIO DE AGRICULTURA,EMCV,,,0.0,https://indomet.gob.do/wp-content/uploads/2025/07/temperaturas-extremas-y-precipitaciones-2025x07x08-a.pdf
2025-07-08,055,ENRIQUILLO,BARAHONA,MINISTERIO DE AGRICULTURA,EMCV,32.5,,0.0,https://indomet.gob.do/wp-content/uploads/2025/07/temperaturas-extremas-y-precipitaciones-2025x07x08-a.pdf
2025-07-08,056,ESCONDIDO,PERAVIA,MINISTERIO DE AGRICULTURA,EMCV,33.0,26.0,0.0,https://indomet.gob.do/wp-content/uploads/2025/07/temperaturas-extremas-y-precipitaciones-2025x07x08-a.pdf
2025-07-08,057,JARDÍN BOTÁNICO NACIONAL,DISTRITO NACIONAL,JARDÍN BOTÁNICO NACIONAL,EMCV,32.3,22.8,0.0,https://indomet.gob.do/wp-content/uploads/2025/07/temperaturas-extremas-y-precipitaciones-2025x07x08-a.pdf
2025-07-08,058,JIMANÍ,INDEPENDENCIA,MINISTERIO DE AGRICULTURA,EMCO,36.5,26.4,0.0,https://indomet.gob.do/wp-content/uploads/2025/07/temperaturas-extremas-y-precipitaciones-2025x07x08-a.pdf
2025-07-08,059,LA VICTORIA,SANTO DOMINGO,CUERPO DE BOMBEROS,EMCO,34.0,24.2,0.0,https://indomet.gob.do/wp-content/uploads/2025/07/temperaturas-extremas-y-precipitaciones-2025x07x08-a.pdf
2025-07-08,060,LAS CANAS (EMA),MONTE CRISTI,PROGRAMA MUNDIAL DE ALIMENTO,EMAP,31.3,24.6,0.0,https://indomet.gob.do/wp-content/uploads/2025/07/temperaturas-extremas-y-precipitaciones-2025x07x08-a.pdf
2025-07-08,061,LAS MATAS DE SANTA CRUZ (EMA,MONTE CRISTI,PROGRAMA MUNDIAL DE ALIMENTO,EMAP,34.8,24.8,0.0,https://indomet.gob.do/wp-content/uploads/2025/07/temperaturas-extremas-y-precipitaciones-2025x07x08-a.pdf
2025-07-08,062,MONCIÓN (EMA),SANTIAGO RODRÍGUEZ,PROGRAMA MUNDIAL DE ALIMENTO,EMAP,32.4,22.2,0.0,https://indomet.gob.do/wp-content/uploads/2025/07/temperaturas-extremas-y-precipitaciones-2025x07x08-a.pdf
2025-07-08,063,MONTE CRISTI,MONTE CRISTI,ONAMET,EMCO,35.2,24.7,0.0,https://indomet.gob.do/wp-content/uploads/2025/07/temperaturas-extremas-y-precipitaciones-2025x07x08-a.pdf
2025-07-08,064,OLIVARES,PEDERNALES,INDRHI,EMCO,,,0.0,https://indomet.gob.do/wp-content/uploads/2025/07/temperaturas-extremas-y-precipitaciones-2025x07x08-a.pdf
2025-07-08,065,PADRE LAS CASAS,AZUA,HOSP. NTRA. SRA. DEL CARMEN,EMCO,32.8,22.0,0.0,https://indomet.gob.do/wp-content/uploads/2025/07/temperaturas-extremas-y-precipitaciones-2025x07x08-a.pdf
2025-07-08,066,PALO ÍNDIO,PUERTO PLATA,MINISTERIO DE AGRICULTURA,EMCO,,,0.0,https://indomet.gob.do/wp-content/uploads/2025/07/temperaturas-extremas-y-precipitaciones-2025x07x08-a.pdf
2025-07-08,067,PASO AL MEDIO,SAN PEDRO DE MACORÍS,INDRHI,EMCO,,,0.0,https://indomet.gob.do/wp-content/uploads/2025/07/temperaturas-extremas-y-precipitaciones-2025x07x08-a.pdf
2025-07-08,068,PEDERNALES,PEDERNALES,INDRHI,EMCO,,,0.0,https://indomet.gob.do/wp-content/uploads/2025/07/temperaturas-extremas-y-precipitaciones-2025x07x08-a.pdf
2025-07-08,069,PESCADERIA (EMA),BARAHONA,MINISTERIO DE AGRICULTURA,EMAP,34.2,26.2,0.0,https://indomet.gob.do/wp-content/uploads/2025/07/temperaturas-extremas-y-precipitaciones-2025x07x08-a.pdf
2025-07-08,070,PONTÓN ABAJO (EMA),LA VEGA,MINISTERIO DE AGRICULTURA,EMAP,31.4,23.5,0.0,https://indomet.gob.do/wp-content/uploads/2025/07/temperaturas-extremas-y-precipitaciones-2025x07x08-a.pdf
2025-07-08,071,RESTAURACIÓN,DAJABÓN,MINISTERIO DE AGRICULTURA,EMCO,31.6,19.2,0.0,https://indomet.gob.do/wp-content/uploads/2025/07/temperaturas-extremas-y-precipitaciones-2025x07x08-a.pdf
2025-07-08,072,SABANETA (EMA),SANTIAGO RODRÍGUEZ,PROGRAMA MUNDIAL DE ALIMENTO,EMAP,36.3,23.4,0.0,https://indomet.gob.do/wp-content/uploads/2025/07/temperaturas-extremas-y-precipitaciones-2025x07x08-a.pdf
2025-07-08,073,SAN CRISTÓBAL,SAN CRISTÓBAL,INSTITUTO POLITÉCNICO LOYOLA,EMCO,31.0,22.0,0.0,https://indomet.gob.do/wp-content/uploads/2025/07/temperaturas-extremas-y-precipitaciones-2025x07x08-a.pdf
2025-07-08,074,SAN JOSÉ DE OCOA,SAN JOSÉ DE OCOA,HOSP. SAN JOSÉ DE OCOA,EMCO,32.2,,0.0,https://indomet.gob.do/wp-content/uploads/2025/07/temperaturas-extremas-y-precipitaciones-2025x07x08-a.pdf
2025-07-08,075,SAN RAFAEL DEL YUMA,LA ALTAGRACIA,MINISTERIO DE AGRICULTURA,EMCO,35.2,23.1,0.0,https://indomet.gob.do/wp-content/uploads/2025/07/temperaturas-extremas-y-precipitaciones-2025x07x08-a.pdf
2025-07-08,076,SANTIAGO RODRÍGUEZ,SANTIAGO RODRÍGUEZ,ONAMET,EMCO,36.5,23.6,0.0,https://indomet.gob.do/wp-content/uploads/2025/07/temperaturas-extremas-y-precipitaciones-2025x07x08-a.pdf
2025-07-08,077,SANTO DOMINGO ESTE,SANTO DOMINGO,ONAMET,EMCO,32.5,25.5,0.0,https://indomet.gob.do/wp-content/uploads/2025/07/temperaturas-extremas-y-precipitaciones-2025x07x08-a.pdf
2025-07-08,078,TÁBARA ABAJO,AZUA,INDRHI,EMCO,34.4,23.2,0.0,https://indomet.gob.do/wp-content/uploads/2025/07/temperaturas-extremas-y-precipitaciones-2025x07x08-a.pdf
2025-07-08,079,VILLA GONZALES,SANTIAGO,MINISTERIO DE AGRICULTURA,EMCO,,,0.0,https://indomet.gob.do/wp-content/uploads/2025/07/temperaturas-extremas-y-precipitaciones-2025x07x08-a.pdf
2025-07-08,080,VILLA ISABELA,PUERTO PLATA,MINISTERIO DE AGRICULTURA,EMCV,,,0.0,https://indomet.gob.do/wp-content/uploads/2025/07/temperaturas-extremas-y-precipitaciones-2025x07x08-a.pdf
2025-07-09,001,CENTRO DE LOS HEROES (EMA),DISTRITO NACIONAL,MINISTERIO DE ENERGIA Y MINA,EMAP,31.7,25.6,55.2,https://indomet.gob.do/wp-content/uploads/2025/07/temperaturas-extremas-y-precipitaciones-2025x07x09-a.pdf
2025-07-09,002,SANTO DOMINGO ESTE,SANTO DOMINGO,ONAMET,EMCO,32.5,24.0,41.0,https://indomet.gob.do/wp-content/uploads/2025/07/temperaturas-extremas-y-precipitaciones-2025x07x09-a.pdf
2025-07-09,003,ESCONDIDO,PERAVIA,MINISTERIO DE AGRICULTURA,EMCV,33.0,25.0,33.7,https://indomet.gob.do/wp-content/uploads/2025/07/temperaturas-extremas-y-precipitaciones-2025x07x09-a.pdf
2025-07-09,004,SAN CRISTÓBAL,SAN CRISTÓBAL,INSTITUTO POLITÉCNICO LOYOLA,EMCO,32.0,22.2,26.4,https://indomet.gob.do/wp-content/uploads/2025/07/temperaturas-extremas-y-precipitaciones-2025x07x09-a.pdf
2025-07-09,005,ARPT. LA ISABELA,SANTO DOMINGO,ONAMET,EMCO,32.5,23.5,21.7,https://indomet.gob.do/wp-content/uploads/2025/07/temperaturas-extremas-y-precipitaciones-2025x07x09-a.pdf
2025-07-09,006,JARDÍN BOTÁNICO NACIONAL,DISTRITO NACIONAL,JARDÍN BOTÁNICO NACIONAL,EMCV,31.8,22.4,21.0,https://indomet.gob.do/wp-content/uploads/2025/07/temperaturas-extremas-y-precipitaciones-2025x07x09-a.pdf
2025-07-09,007,ARPT. DEL CIBAO,SANTIAGO,ONAMET,EMCO,33.0,22.6,18.9,https://indomet.gob.do/wp-content/uploads/2025/07/temperaturas-extremas-y-precipitaciones-2025x07x09-a.pdf
2025-07-09,008,LA VEGA,LA VEGA,IATESA,EMCO,33.0,23.0,18.3,https://indomet.gob.do/wp-content/uploads/2025/07/temperaturas-extremas-y-precipitaciones-2025x07x09-a.pdf
2025-07-09,009,MOCA,ESPAILLAT,MINISTERIO DE AGRICULTURA,EMCV,,,17.6,https://indomet.gob.do/wp-content/uploads/2025/07/temperaturas-extremas-y-precipitaciones-2025x07x09-a.pdf
2025-07-09,010,ARPT. DE LA ROMANA,LA ROMANA,ONAMET,EMCO,33.0,22.7,15.3,https://indomet.gob.do/wp-content/uploads/2025/07/temperaturas-extremas-y-precipitaciones-2025x07x09-a.pdf
2025-07-09,011,SABANA GRANDE DE BOYÁ,MONTE PLATA,MINISTERIO DE AGRICULTURA,EMCV,,,15.2,https://indomet.gob.do/wp-content/uploads/2025/07/temperaturas-extremas-y-precipitaciones-2025x07x09-a.pdf
2025-07-09,012,SALCEDO,HERMANAS MIRABAL,PROPIEDAD DEL EMPLEADO,EMCO,,,15.2,https://indomet.gob.do/wp-content/uploads/2025/07/temperaturas-extremas-y-precipitaciones-2025x07x09-a.pdf
2025-07-09,013,SAN RAFAEL DEL YUMA,LA ALTAGRACIA,MINISTERIO DE AGRICULTURA,EMCO,35.7,24.5,15.1,https://indomet.gob.do/wp-content/uploads/2025/07/temperaturas-extremas-y-precipitaciones-2025x07x09-a.pdf
2025-07-09,014,VILLA ALTAGRACIA,SAN CRISTÓBAL,ESCUELA JAVIER ANGULO GURIDI,EMCO,,,14.6,https://indomet.gob.do/wp-content/uploads/2025/07/temperaturas-extremas-y-precipitaciones-2025x07x09-a.pdf
2025-07-09,015,LA VICTORIA,SANTO DOMINGO,CUERPO DE BOMBEROS,EMCO,33.4,23.5,13.1,https://indomet.gob.do/wp-content/uploads/2025/07/temperaturas-extremas-y-precipitaciones-2025x07x09-a.pdf
2025-07-09,016,HIGÜEY,LA ALTAGRACIA,MINISTERIO DE AGRICULTURA,EMCV,,,12.0,https://indomet.gob.do/wp-content/uploads/2025/07/temperaturas-extremas-y-precipitaciones-2025x07x09-a.pdf
2025-07-09,017,RANCHO ARRIBA,SAN JOSÉ DE OCOA,CENTRO TECNOLÓGICO COMUNITARIO,EMCO,28.8,20.3,11.9,https://indomet.gob.do/wp-content/uploads/2025/07/temperaturas-extremas-y-precipitaciones-2025x07x09-a.pdf
2025-07-09,018,JUMA BEJUCAL,MONSEÑOR NOUEL,IDIAF,EMCV,32.8,23.8,11.6,https://indomet.gob.do/wp-content/uploads/2025/07/temperaturas-extremas-y-precipitaciones-2025x07x09-a.pdf
2025-07-09,019,ARPT. DE LAS AMÉRICAS,SANTO DOMINGO,ONAMET,EMCO,32.0,23.3,11.4,https://indomet.gob.do/wp-content/uploads/2025/07/temperaturas-extremas-y-precipitaciones-2025x07x09-a.pdf
2025-07-09,020,SABANA DE LA MAR,HATO MAYOR,ONAMET,EMCO,31.5,24.0,9.5,https://indomet.gob.do/wp-content/uploads/2025/07/temperaturas-extremas-y-precipitaciones-2025x07x09-a.pdf
2025-07-09,021,VILLA RIVA,DUARTE,HOSP. MPAL. ALICIA DE LEGENDRE,EMCO,31.5,23.3,9.3,https://indomet.gob.do/wp-content/uploads/2025/07/temperaturas-extremas-y-precipitaciones-2025x07x09-a.pdf
2025-07-09,022,JARABACOA (EMA),LA VEGA,PROGRAMA MUNDIAL DE ALIMENTO,EMAP,30.1,20.1,9.0,https://indomet.gob.do/wp-content/uploads/2025/07/temperaturas-extremas-y-precipitaciones-2025x07x09-a.pdf
2025-07-09,023,TAMBORIL,SANTIAGO,MINISTERIO DE AGRICULTURA,EMCV,,,8.9,https://indomet.gob.do/wp-content/uploads/2025/07/temperaturas-extremas-y-precipitaciones-2025x07x09-a.pdf
2025-07-09,024,PRESA DE TAVERAS (EMA),LA VEGA,PROGRAMA MUNDIAL DE ALIMENTO,EMAP,30.4,21.8,8.6,https://indomet.gob.do/wp-content/uploads/2025/07/temperaturas-extremas-y-precipitaciones-2025x07x09-a.pdf
2025-07-09,025,RÍO SAN JUAN,MARÍA TRINIDAD SÁNCHEZ,HOSP. MPAL. DR. DESIDERIO ACOSTA,EMCV,32.7,24.7,8.6,https://indomet.gob.do/wp-content/uploads/2025/07/temperaturas-extremas-y-precipitaciones-2025x07x09-a.pdf
2025-07-09,026,JARABACOA,LA VEGA,INDRHI / MARENA,EMCO,30.4,19.6,8.2,https://indomet.gob.do/wp-content/uploads/2025/07/temperaturas-extremas-y-precipitaciones-2025x07x09-a.pdf
2025-07-09,027,BONAO,MONSEÑOR NOUEL,MINISTERIO DE AGRICULTURA,EMCV,,,6.9,https://indomet.gob.do/wp-content/uploads/2025/07/temperaturas-extremas-y-precipitaciones-2025x07x09-a.pdf
2025-07-09,028,GURABO,SANTIAGO,MINISTERIO DE AGRICULTURA,EMCV,,,6.6,https://indomet.gob.do/wp-content/uploads/2025/07/temperaturas-extremas-y-precipitaciones-2025x07x09-a.pdf
2025-07-09,029,BAYAGUANA,MONTE PLATA,ONAMET,EMCO,33.8,21.9,6.6,https://indomet.gob.do/wp-content/uploads/2025/07/temperaturas-extremas-y-precipitaciones-2025x07x09-a.pdf
2025-07-09,030,PARQUE MIRADOR SUR,DISTRITO NACIONAL,AYUNTAMIENTO,EMCV,32.0,22.4,6.0,https://indomet.gob.do/wp-content/uploads/2025/07/temperaturas-extremas-y-precipitaciones-2025x07x09-a.pdf
2025-07-09,031,CABRERA,MARÍA TRINIDAD SÁNCHEZ,ESCUELA ARÍSTIDES FIALLO CABRAL,EMCO,32.1,25.2,5.8,https://indomet.gob.do/wp-content/uploads/2025/07/temperaturas-extremas-y-precipitaciones-2025x07x09-a.pdf
2025-07-09,032,LOS JENGIBRES,NAGUA,INDRHI,EMCO,,,5.4,https://indomet.gob.do/wp-content/uploads/2025/07/temperaturas-extremas-y-precipitaciones-2025x07x09-a.pdf
2025-07-09,033,ENRIQUILLO,BARAHONA,MINISTERIO DE AGRICULTURA,EMCV,33.5,24.3,5.2,https://indomet.gob.do/wp-content/uploads/2025/07/temperaturas-extremas-y-precipitaciones-2025x07x09-a.pdf
2025-07-09,034,SAN FRANCISCO DE MACORÍS,DUARTE,San Francisco de Macorís (UASD),EMCO,32.7,22.9,4.8,https://indomet.gob.do/wp-content/uploads/2025/07/temperaturas-extremas-y-precipitaciones-2025x07x09-a.pdf
2025-07-09,035,SAN JOSÉ DE OCOA,SAN JOSÉ DE OCOA,HOSP. SAN JOSÉ DE OCOA,EMCO,31.7,,4.2,https://indomet.gob.do/wp-content/uploads/2025/07/temperaturas-extremas-y-precipitaciones-2025x07x09-a.pdf
2025-07-09,036,POLO,BARAHONA,INDOCAFE,EMCO,29.0,18.3,3.8,https://indomet.gob.do/wp-content/uploads/2025/07/temperaturas-extremas-y-precipitaciones-2025x07x09-a.pdf
2025-07-09,037,SAMANÁ,SAMANÁ,COMANDANCIA DE PUERTO DE SAMANÁ,EMCO,32.5,25.3,3.8,https://indomet.gob.do/wp-content/uploads/2025/07/temperaturas-extremas-y-precipitaciones-2025x07x09-a.pdf
2025-07-09,038,ALTAMIRA,PUERTO PLATA,HOSP. MPAL. DE ALTAMIRA,EMCO,34.4,22.1,3.2,https://indomet.gob.do/wp-content/uploads/2025/07/temperaturas-extremas-y-precipitaciones-2025x07x09-a.pdf
2025-07-09,039,CABRAL,BARAHONA,MINISTERIO DE AGRICULTURA,EMCV,34.9,24.4,3.0,https://indomet.gob.do/wp-content/uploads/2025/07/temperaturas-extremas-y-precipitaciones-2025x07x09-a.pdf
2025-07-09,040,ANAMUYA (EMA),LA ALTAGRACIA,MINISTERIO DE AGRICULTURA,EMAP,32.2,24.9,2.4,https://indomet.gob.do/wp-content/uploads/2025/07/temperaturas-extremas-y-precipitaciones-2025x07x09-a.pdf
2025-07-09,041,CONSTANZA,LA VEGA,MINISTERIO DE AGRICULTURA,EMCO,27.5,17.0,2.1,https://indomet.gob.do/wp-content/uploads/2025/07/temperaturas-extremas-y-precipitaciones-2025x07x09-a.pdf
2025-07-09,042,CONSTANZA (EMA),LA VEGA,PROGRAMA MUNDIAL DE ALIMENTO,EMAP,26.6,17.1,1.8,https://indomet.gob.do/wp-content/uploads/2025/07/temperaturas-extremas-y-precipitaciones-2025x07x09-a.pdf
2025-07-09,043,NAVARRETE,SANTIAGO,MINISTERIO DE AGRICULTURA,EMCV,,,1.0,https://indomet.gob.do/wp-content/uploads/2025/07/temperaturas-extremas-y-precipitaciones-2025x07x09-a.pdf
2025-07-09,044,OVIEDO,PEDERNALES,CLÍNICA RURAL OVIEDO,EMCO,34.0,25.5,1.0,https://indomet.gob.do/wp-content/uploads/2025/07/temperaturas-extremas-y-precipitaciones-2025x07x09-a.pdf
2025-07-09,045,ARROYO LORO,SAN JUAN,IDIAF,EMCO,34.0,20.6,0.8,https://indomet.gob.do/wp-content/uploads/2025/07/temperaturas-extremas-y-precipitaciones-2025x07x09-a.pdf
2025-07-09,046,ARPT. DE PUNTA CANA,LA ALTAGRACIA,ONAMET,EMCO,31.5,21.7,0.6,https://indomet.gob.do/wp-content/uploads/2025/07/temperaturas-extremas-y-precipitaciones-2025x07x09-a.pdf
2025-07-09,047,VILLA ISABELA,PUERTO PLATA,MINISTERIO DE AGRICULTURA,EMCV,,,0.5,https://indomet.gob.do/wp-content/uploads/2025/07/temperaturas-extremas-y-precipitaciones-2025x07x09-a.pdf
2025-07-09,048,ARPT. GREGORIO LUPERÓN,PUERTO PLATA,ONAMET,EMCO,33.2,23.5,0.5,https://indomet.gob.do/wp-content/uploads/2025/07/temperaturas-extremas-y-precipitaciones-2025x07x09-a.pdf
2025-07-09,049,PERALTA,AZUA,HOSP. MPAL. DE PERALTA,EMCO,34.1,18.3,0.4,https://indomet.gob.do/wp-content/uploads/2025/07/temperaturas-extremas-y-precipitaciones-2025x07x09-a.pdf
2025-07-09,050,LOS LLANOS,SAN PEDRO DE MACORÍS,MINISTERIO DE AGRICULTURA,EMCO,33.0,23.2,0.2,https://indomet.gob.do/wp-content/uploads/2025/07/temperaturas-extremas-y-precipitaciones-2025x07x09-a.pdf
2025-07-09,051,GASPAR HERNÁNDEZ,ESPAILLAT,PROPIEDAD DEL EMPLEADO,EMCO,,,0.1,https://indomet.gob.do/wp-content/uploads/2025/07/temperaturas-extremas-y-precipitaciones-2025x07x09-a.pdf
2025-07-09,052,ARPT. ARROYO BARRIL,SAMANÁ,ONAMET,EMCO,31.0,23.4,0.0,https://indomet.gob.do/wp-content/uploads/2025/07/temperaturas-extremas-y-precipitaciones-2025x07x09-a.pdf
2025-07-09,053,ARPT. EL CATEY,SAMANÁ,ONAMET,EMCO,30.5,23.4,0.0,https://indomet.gob.do/wp-content/uploads/2025/07/temperaturas-extremas-y-precipitaciones-2025x07x09-a.pdf
2025-07-09,054,ARPT. MARÍA MONTEZ,BARAHONA,ONAMET,EMCO,33.5,26.1,0.0,https://indomet.gob.do/wp-content/uploads/2025/07/temperaturas-extremas-y-precipitaciones-2025x07x09-a.pdf
2025-07-09,055,BOCA DE MAO (EMA),VALVERDE,MINISTERIO DE AGRICULTURA,EMAP,36.2,25.6,0.0,https://indomet.gob.do/wp-content/uploads/2025/07/temperaturas-extremas-y-precipitaciones-2025x07x09-a.pdf
2025-07-09,056,BOHECHÍO,SAN JUAN,MINISTERIO DE AGRICULTURA,EMCV,,,0.0,https://indomet.gob.do/wp-content/uploads/2025/07/temperaturas-extremas-y-precipitaciones-2025x07x09-a.pdf
2025-07-09,057,DAJABÓN,DAJABÓN,INSTITUTO POLITÉCNICO LOYOLA,EMCO,35.0,21.6,0.0,https://indomet.gob.do/wp-content/uploads/2025/07/temperaturas-extremas-y-precipitaciones-2025x07x09-a.pdf
2025-07-09,058,ELÍAS PIÑA,ELÍAS PIÑA,MINISTERIO DE AGRICULTURA,EMCV,,,0.0,https://indomet.gob.do/wp-content/uploads/2025/07/temperaturas-extremas-y-precipitaciones-2025x07x09-a.pdf
2025-07-09,059,HATO MAYOR,HATO MAYOR,MINISTERIO DE AGRICULTURA,EMCV,,,0.0,https://indomet.gob.do/wp-content/uploads/2025/07/temperaturas-extremas-y-precipitaciones-2025x07x09-a.pdf
2025-07-09,060,HONDO VALLE,ELÍAS PIÑA,MINISTERIO DE AGRICULTURA,EMCO,27.9,18.4,0.0,https://indomet.gob.do/wp-content/uploads/2025/07/temperaturas-extremas-y-precipitaciones-2025x07x09-a.pdf
2025-07-09,061,JIMANÍ,INDEPENDENCIA,MINISTERIO DE AGRICULTURA,EMCO,36.4,25.0,0.0,https://indomet.gob.do/wp-content/uploads/2025/07/temperaturas-extremas-y-precipitaciones-2025x07x09-a.pdf
2025-07-09,062,LAS CANAS (EMA),MONTE CRISTI,PROGRAMA MUNDIAL DE ALIMENTO,EMAP,33.9,24.3,0.0,https://indomet.gob.do/wp-content/uploads/2025/07/temperaturas-extremas-y-precipitaciones-2025x07x09-a.pdf
2025-07-09,063,LAS MATAS DE SANTA CRUZ (EMA,MONTE CRISTI,PROGRAMA MUNDIAL DE ALIMENTO,EMAP,35.7,25.1,0.0,https://indomet.gob.do/wp-content/uploads/2025/07/temperaturas-extremas-y-precipitaciones-2025x07x09-a.pdf
2025-07-09,064,LOS TRES CHARCOS (EMA),PEDERNALES,PROPIEDAD DEL VOLUNTARIO,EMAP,,,0.0,https://indomet.gob.do/wp-content/uploads/2025/07/temperaturas-extremas-y-precipitaciones-2025x07x09-a.pdf
2025-07-09,065,MAO,VALVERDE,INDRHI / MINISTERIO DE AGRICULTURA,EMCV,,,0.0,https://indomet.gob.do/wp-content/uploads/2025/07/temperaturas-extremas-y-precipitaciones-2025x07x09-a.pdf
2025-07-09,066,MONCIÓN (EMA),SANTIAGO RODRÍGUEZ,PROGRAMA MUNDIAL DE ALIMENTO,EMAP,33.9,23.1,0.0,https://indomet.gob.do/wp-content/uploads/2025/07/temperaturas-extremas-y-precipitaciones-2025x07x09-a.pdf
2025-07-09,067,MONTE CRISTI,MONTE CRISTI,ONAMET,EMCO,36.6,24.0,0.0,https://indomet.gob.do/wp-content/uploads/2025/07/temperaturas-extremas-y-precipitaciones-2025x07x09-a.pdf
2025-07-09,068,OLIVARES,PEDERNALES,INDRHI,EMCO,,,0.0,https://indomet.gob.do/wp-content/uploads/2025/07/temperaturas-extremas-y-precipitaciones-2025x07x09-a.pdf
2025-07-09,069,PADRE LAS CASAS,AZUA,HOSP. NTRA. SRA. DEL CARMEN,EMCO,33.8,20.5,0.0,https://indomet.gob.do/wp-content/uploads/2025/07/temperaturas-extremas-y-precipitaciones-2025x07x09-a.pdf
2025-07-09,070,PALO ÍNDIO,PUERTO PLATA,MINISTERIO DE AGRICULTURA,EMCO,,,0.0,https://indomet.gob.do/wp-content/uploads/2025/07/temperaturas-extremas-y-precipitaciones-2025x07x09-a.pdf
2025-07-09,071,PASO AL MEDIO,SAN PEDRO DE MACORÍS,INDRHI,EMCO,,,0.0,https://indomet.gob.do/wp-content/uploads/2025/07/temperaturas-extremas-y-precipitaciones-2025x07x09-a.pdf
2025-07-09,072,PEDERNALES,PEDERNALES,INDRHI,EMCO,,,0.0,https://indomet.gob.do/wp-content/uploads/2025/07/temperaturas-extremas-y-precipitaciones-2025x07x09-a.pdf
2025-07-09,073,PESCADERIA (EMA),BARAHONA,MINISTERIO DE AGRICULTURA,EMAP,34.2,23.8,0.0,https://indomet.gob.do/wp-content/uploads/2025/07/temperaturas-extremas-y-precipitaciones-2025x07x09-a.pdf
2025-07-09,074,PONTÓN ABAJO (EMA),LA VEGA,MINISTERIO DE AGRICULTURA,EMAP,34.2,23.5,0.0,https://indomet.gob.do/wp-content/uploads/2025/07/temperaturas-extremas-y-precipitaciones-2025x07x09-a.pdf
2025-07-09,075,RESTAURACIÓN,DAJABÓN,MINISTERIO DE AGRICULTURA,EMCO,32.0,20.1,0.0,https://indomet.gob.do/wp-content/uploads/2025/07/temperaturas-extremas-y-precipitaciones-2025x07x09-a.pdf
2025-07-09,076,SABANETA (EMA),SANTIAGO RODRÍGUEZ,PROGRAMA MUNDIAL DE ALIMENTO,EMAP,37.3,24.4,0.0,https://indomet.gob.do/wp-content/uploads/2025/07/temperaturas-extremas-y-precipitaciones-2025x07x09-a.pdf
2025-07-09,077,SÁNCHEZ,SAMANÁ,MINISTERIO DE AGRICULTURA,EMCO,32.7,21.6,0.0,https://indomet.gob.do/wp-content/uploads/2025/07/temperaturas-extremas-y-precipitaciones-2025x07x09-a.pdf
2025-07-09,078,SANTIAGO RODRÍGUEZ,SANTIAGO RODRÍGUEZ,ONAMET,EMCO,36.8,24.5,0.0,https://indomet.gob.do/wp-content/uploads/2025/07/temperaturas-extremas-y-precipitaciones-2025x07x09-a.pdf
2025-07-09,079,TÁBARA ABAJO,AZUA,INDRHI,EMCO,35.5,24.4,0.0,https://indomet.gob.do/wp-content/uploads/2025/07/temperaturas-extremas-y-precipitaciones-2025x07x09-a.pdf
2025-07-09,080,TAVERA,SANTIAGO,INDRHI,EMCO,,,0.0,https://indomet.gob.do/wp-content/uploads/2025/07/temperaturas-extremas-y-precipitaciones-2025x07x09-a.pdf
2025-07-10,001,COTUÍ,SÁNCHEZ RAMÍREZ,HOSP. INMACULADA CONCEPCIÓN,EMCV,,,51.0,https://indomet.gob.do/wp-content/uploads/2025/07/temperaturas-extremas-y-precipitaciones-2025x07x10-a.pdf
2025-07-10,002,LA VICTORIA,SANTO DOMINGO,CUERPO DE BOMBEROS,EMCO,34.0,24.2,24.8,https://indomet.gob.do/wp-content/uploads/2025/07/temperaturas-extremas-y-precipitaciones-2025x07x10-a.pdf
2025-07-10,003,SANTIAGO RODRÍGUEZ,SANTIAGO RODRÍGUEZ,ONAMET,EMCO,36.7,23.0,18.2,https://indomet.gob.do/wp-content/uploads/2025/07/temperaturas-extremas-y-precipitaciones-2025x07x10-a.pdf
2025-07-10,004,BONAO,MONSEÑOR NOUEL,MINISTERIO DE AGRICULTURA,EMCV,,,18.0,https://indomet.gob.do/wp-content/uploads/2025/07/temperaturas-extremas-y-precipitaciones-2025x07x10-a.pdf
2025-07-10,005,SABANETA (EMA),SANTIAGO RODRÍGUEZ,PROGRAMA MUNDIAL DE ALIMENTO,EMAP,36.5,22.9,17.6,https://indomet.gob.do/wp-content/uploads/2025/07/temperaturas-extremas-y-precipitaciones-2025x07x10-a.pdf
2025-07-10,006,SABANA GRANDE DE BOYÁ,MONTE PLATA,MINISTERIO DE AGRICULTURA,EMCV,,,14.7,https://indomet.gob.do/wp-content/uploads/2025/07/temperaturas-extremas-y-precipitaciones-2025x07x10-a.pdf
2025-07-10,007,JUMA BEJUCAL,MONSEÑOR NOUEL,IDIAF,EMCV,31.4,25.0,14.1,https://indomet.gob.do/wp-content/uploads/2025/07/temperaturas-extremas-y-precipitaciones-2025x07x10-a.pdf
2025-07-10,008,DAJABÓN,DAJABÓN,INSTITUTO POLITÉCNICO LOYOLA,EMCO,33.9,21.5,11.2,https://indomet.gob.do/wp-content/uploads/2025/07/temperaturas-extremas-y-precipitaciones-2025x07x10-a.pdf
2025-07-10,009,JARABACOA (EMA),LA VEGA,PROGRAMA MUNDIAL DE ALIMENTO,EMAP,30.3,20.1,9.0,https://indomet.gob.do/wp-content/uploads/2025/07/temperaturas-extremas-y-precipitaciones-2025x07x10-a.pdf
2025-07-10,010,TAMBORIL,SANTIAGO,MINISTERIO DE AGRICULTURA,EMCV,,,8.9,https://indomet.gob.do/wp-content/uploads/2025/07/temperaturas-extremas-y-precipitaciones-2025x07x10-a.pdf
2025-07-10,011,PRESA DE TAVERAS (EMA),LA VEGA,PROGRAMA MUNDIAL DE ALIMENTO,EMAP,29.5,23.3,6.8,https://indomet.gob.do/wp-content/uploads/2025/07/temperaturas-extremas-y-precipitaciones-2025x07x10-a.pdf
2025-07-10,012,ARPT. DEL CIBAO,SANTIAGO,ONAMET,EMCO,32.0,22.7,6.6,https://indomet.gob.do/wp-content/uploads/2025/07/temperaturas-extremas-y-precipitaciones-2025x07x10-a.pdf
2025-07-10,013,JARABACOA,LA VEGA,INDRHI / MARENA,EMCO,31.0,19.4,6.4,https://indomet.gob.do/wp-content/uploads/2025/07/temperaturas-extremas-y-precipitaciones-2025x07x10-a.pdf
2025-07-10,014,LA VEGA,LA VEGA,IATESA,EMCO,31.0,24.0,5.5,https://indomet.gob.do/wp-content/uploads/2025/07/temperaturas-extremas-y-precipitaciones-2025x07x10-a.pdf
2025-07-10,015,VILLA RIVA,DUARTE,HOSP. MPAL. ALICIA DE LEGENDRE,EMCO,30.0,22.0,5.1,https://indomet.gob.do/wp-content/uploads/2025/07/temperaturas-extremas-y-precipitaciones-2025x07x10-a.pdf
2025-07-10,016,SABANA DE LA MAR,HATO MAYOR,ONAMET,EMCO,31.0,24.5,5.0,https://indomet.gob.do/wp-content/uploads/2025/07/temperaturas-extremas-y-precipitaciones-2025x07x10-a.pdf
2025-07-10,017,ARPT. LA ISABELA,SANTO DOMINGO,ONAMET,EMCO,33.0,23.0,4.7,https://indomet.gob.do/wp-content/uploads/2025/07/temperaturas-extremas-y-precipitaciones-2025x07x10-a.pdf
2025-07-10,018,SAN FRANCISCO DE MACORÍS,DUARTE,San Francisco de Macorís (UASD),EMCO,33.4,23.5,4.5,https://indomet.gob.do/wp-content/uploads/2025/07/temperaturas-extremas-y-precipitaciones-2025x07x10-a.pdf
2025-07-10,019,LOS JENGIBRES,NAGUA,INDRHI,EMCO,,,4.3,https://indomet.gob.do/wp-content/uploads/2025/07/temperaturas-extremas-y-precipitaciones-2025x07x10-a.pdf
2025-07-10,020,RANCHO ARRIBA,SAN JOSÉ DE OCOA,CENTRO TECNOLÓGICO COMUNITARIO,EMCO,29.9,20.4,3.8,https://indomet.gob.do/wp-content/uploads/2025/07/temperaturas-extremas-y-precipitaciones-2025x07x10-a.pdf
2025-07-10,021,VILLA ALTAGRACIA,SAN CRISTÓBAL,ESCUELA JAVIER ANGULO GURIDI,EMCO,,,3.3,https://indomet.gob.do/wp-content/uploads/2025/07/temperaturas-extremas-y-precipitaciones-2025x07x10-a.pdf
2025-07-10,022,POLO,BARAHONA,INDOCAFE,EMCO,30.0,17.3,3.0,https://indomet.gob.do/wp-content/uploads/2025/07/temperaturas-extremas-y-precipitaciones-2025x07x10-a.pdf
2025-07-10,023,LOS LLANOS,SAN PEDRO DE MACORÍS,MINISTERIO DE AGRICULTURA,EMCO,32.5,23.5,2.8,https://indomet.gob.do/wp-content/uploads/2025/07/temperaturas-extremas-y-precipitaciones-2025x07x10-a.pdf
2025-07-10,024,ARPT. ARROYO BARRIL,SAMANÁ,ONAMET,EMCO,31.3,24.0,2.5,https://indomet.gob.do/wp-content/uploads/2025/07/temperaturas-extremas-y-precipitaciones-2025x07x10-a.pdf
2025-07-10,025,VILLA GONZALES,SANTIAGO,MINISTERIO DE AGRICULTURA,EMCO,,,2.0,https://indomet.gob.do/wp-content/uploads/2025/07/temperaturas-extremas-y-precipitaciones-2025x07x10-a.pdf
2025-07-10,026,TAVERA,SANTIAGO,INDRHI,EMCO,,,2.0,https://indomet.gob.do/wp-content/uploads/2025/07/temperaturas-extremas-y-precipitaciones-2025x07x10-a.pdf
2025-07-10,027,NAVARRETE,SANTIAGO,MINISTERIO DE AGRICULTURA,EMCV,,,1.8,https://indomet.gob.do/wp-content/uploads/2025/07/temperaturas-extremas-y-precipitaciones-2025x07x10-a.pdf
2025-07-10,028,RÍO SAN JUAN,MARÍA TRINIDAD SÁNCHEZ,HOSP. MPAL. DR. DESIDERIO ACOSTA,EMCV,32.5,26.3,1.7,https://indomet.gob.do/wp-content/uploads/2025/07/temperaturas-extremas-y-precipitaciones-2025x07x10-a.pdf
2025-07-10,029,SAMANÁ,SAMANÁ,COMANDANCIA DE PUERTO DE SAMANÁ,EMCO,32.5,26.0,1.4,https://indomet.gob.do/wp-content/uploads/2025/07/temperaturas-extremas-y-precipitaciones-2025x07x10-a.pdf
2025-07-10,030,SAN JOSÉ DE OCOA,SAN JOSÉ DE OCOA,HOSP. SAN JOSÉ DE OCOA,EMCO,31.6,,1.2,https://indomet.gob.do/wp-content/uploads/2025/07/temperaturas-extremas-y-precipitaciones-2025x07x10-a.pdf
2025-07-10,031,ALTAMIRA,PUERTO PLATA,HOSP. MPAL. DE ALTAMIRA,EMCO,31.5,22.1,0.8,https://indomet.gob.do/wp-content/uploads/2025/07/temperaturas-extremas-y-precipitaciones-2025x07x10-a.pdf
2025-07-10,032,ANAMUYA (EMA),LA ALTAGRACIA,MINISTERIO DE AGRICULTURA,EMAP,31.6,25.3,0.8,https://indomet.gob.do/wp-content/uploads/2025/07/temperaturas-extremas-y-precipitaciones-2025x07x10-a.pdf
2025-07-10,033,BAYAGUANA,MONTE PLATA,ONAMET,EMCO,33.2,23.0,0.6,https://indomet.gob.do/wp-content/uploads/2025/07/temperaturas-extremas-y-precipitaciones-2025x07x10-a.pdf
2025-07-10,034,PALO ÍNDIO,PUERTO PLATA,MINISTERIO DE AGRICULTURA,EMCO,,,0.6,https://indomet.gob.do/wp-content/uploads/2025/07/temperaturas-extremas-y-precipitaciones-2025x07x10-a.pdf
2025-07-10,035,ARPT. GREGORIO LUPERÓN,PUERTO PLATA,ONAMET,EMCO,31.2,24.0,0.5,https://indomet.gob.do/wp-content/uploads/2025/07/temperaturas-extremas-y-precipitaciones-2025x07x10-a.pdf
2025-07-10,036,CONSTANZA,LA VEGA,MINISTERIO DE AGRICULTURA,EMCO,27.4,19.0,0.5,https://indomet.gob.do/wp-content/uploads/2025/07/temperaturas-extremas-y-precipitaciones-2025x07x10-a.pdf
2025-07-10,037,SAN RAFAEL DEL YUMA,LA ALTAGRACIA,MINISTERIO DE AGRICULTURA,EMCO,33.0,24.7,0.5,https://indomet.gob.do/wp-content/uploads/2025/07/temperaturas-extremas-y-precipitaciones-2025x07x10-a.pdf
2025-07-10,038,CABRERA,MARÍA TRINIDAD SÁNCHEZ,ESCUELA ARÍSTIDES FIALLO CABRAL,EMCO,31.5,26.0,0.4,https://indomet.gob.do/wp-content/uploads/2025/07/temperaturas-extremas-y-precipitaciones-2025x07x10-a.pdf
2025-07-10,039,CONSTANZA (EMA),LA VEGA,PROGRAMA MUNDIAL DE ALIMENTO,EMAP,26.9,19.3,0.2,https://indomet.gob.do/wp-content/uploads/2025/07/temperaturas-extremas-y-precipitaciones-2025x07x10-a.pdf
2025-07-10,040,ARPT. DE LA ROMANA,LA ROMANA,ONAMET,EMCO,32.0,24.5,0.1,https://indomet.gob.do/wp-content/uploads/2025/07/temperaturas-extremas-y-precipitaciones-2025x07x10-a.pdf
2025-07-10,041,ARPT. DE LAS AMÉRICAS,SANTO DOMINGO,ONAMET,EMCO,32.0,23.2,0.1,https://indomet.gob.do/wp-content/uploads/2025/07/temperaturas-extremas-y-precipitaciones-2025x07x10-a.pdf
2025-07-10,042,CABRAL,BARAHONA,MINISTERIO DE AGRICULTURA,EMCV,34.3,26.7,0.1,https://indomet.gob.do/wp-content/uploads/2025/07/temperaturas-extremas-y-precipitaciones-2025x07x10-a.pdf
2025-07-10,043,GASPAR HERNÁNDEZ,ESPAILLAT,PROPIEDAD DEL EMPLEADO,EMCO,,,0.1,https://indomet.gob.do/wp-content/uploads/2025/07/temperaturas-extremas-y-precipitaciones-2025x07x10-a.pdf
2025-07-10,044,ARPT. DE PUNTA CANA,LA ALTAGRACIA,ONAMET,EMCO,31.5,22.0,0.0,https://indomet.gob.do/wp-content/uploads/2025/07/temperaturas-extremas-y-precipitaciones-2025x07x10-a.pdf
2025-07-10,045,ARPT. MARÍA MONTEZ,BARAHONA,ONAMET,EMCO,33.9,23.5,0.0,https://indomet.gob.do/wp-content/uploads/2025/07/temperaturas-extremas-y-precipitaciones-2025x07x10-a.pdf
2025-07-10,046,ARROYO LORO,SAN JUAN,IDIAF,EMCO,34.5,20.2,0.0,https://indomet.gob.do/wp-content/uploads/2025/07/temperaturas-extremas-y-precipitaciones-2025x07x10-a.pdf
2025-07-10,047,CENTRO DE LOS HEROES (EMA),DISTRITO NACIONAL,MINISTERIO DE ENERGIA Y MINA,EMAP,31.9,26.8,0.0,https://indomet.gob.do/wp-content/uploads/2025/07/temperaturas-extremas-y-precipitaciones-2025x07x10-a.pdf
2025-07-10,048,EL CERCADO,SAN JUAN,MINISTERIO DE AGRICULTURA,EMCV,,,0.0,https://indomet.gob.do/wp-content/uploads/2025/07/temperaturas-extremas-y-precipitaciones-2025x07x10-a.pdf
2025-07-10,049,EL SEIBO,EL SEIBO,MINISTERIO DE AGRICULTURA,EMCV,,,0.0,https://indomet.gob.do/wp-content/uploads/2025/07/temperaturas-extremas-y-precipitaciones-2025x07x10-a.pdf
2025-07-10,050,ELÍAS PIÑA,ELÍAS PIÑA,MINISTERIO DE AGRICULTURA,EMCV,,,0.0,https://indomet.gob.do/wp-content/uploads/2025/07/temperaturas-extremas-y-precipitaciones-2025x07x10-a.pdf
2025-07-10,051,ENRIQUILLO,BARAHONA,MINISTERIO DE AGRICULTURA,EMCV,33.0,,0.0,https://indomet.gob.do/wp-content/uploads/2025/07/temperaturas-extremas-y-precipitaciones-2025x07x10-a.pdf
2025-07-10,052,ESCONDIDO,PERAVIA,MINISTERIO DE AGRICULTURA,EMCV,33.0,25.0,0.0,https://indomet.gob.do/wp-content/uploads/2025/07/temperaturas-extremas-y-precipitaciones-2025x07x10-a.pdf
2025-07-10,053,GURABO,SANTIAGO,MINISTERIO DE AGRICULTURA,EMCV,,,0.0,https://indomet.gob.do/wp-content/uploads/2025/07/temperaturas-extremas-y-precipitaciones-2025x07x10-a.pdf
2025-07-10,054,HONDO VALLE,ELÍAS PIÑA,MINISTERIO DE AGRICULTURA,EMCO,28.3,18.8,0.0,https://indomet.gob.do/wp-content/uploads/2025/07/temperaturas-extremas-y-precipitaciones-2025x07x10-a.pdf
2025-07-10,055,JARDÍN BOTÁNICO NACIONAL,DISTRITO NACIONAL,JARDÍN BOTÁNICO NACIONAL,EMCV,30.8,23.5,0.0,https://indomet.gob.do/wp-content/uploads/2025/07/temperaturas-extremas-y-precipitaciones-2025x07x10-a.pdf
2025-07-10,056,JIMANÍ,INDEPENDENCIA,MINISTERIO DE AGRICULTURA,EMCO,37.0,25.6,0.0,https://indomet.gob.do/wp-content/uploads/2025/07/temperaturas-extremas-y-precipitaciones-2025x07x10-a.pdf
2025-07-10,057,LAS CANAS (EMA),MONTE CRISTI,PROGRAMA MUNDIAL DE ALIMENTO,EMAP,30.4,24.8,0.0,https://indomet.gob.do/wp-content/uploads/2025/07/temperaturas-extremas-y-precipitaciones-2025x07x10-a.pdf
2025-07-10,058,LAS MATAS DE SANTA CRUZ (EMA,MONTE CRISTI,PROGRAMA MUNDIAL DE ALIMENTO,EMAP,34.9,25.1,0.0,https://indomet.gob.do/wp-content/uploads/2025/07/temperaturas-extremas-y-precipitaciones-2025x07x10-a.pdf
2025-07-10,059,MAO,VALVERDE,INDRHI / MINISTERIO DE AGRICULTURA,EMCV,,,0.0,https://indomet.gob.do/wp-content/uploads/2025/07/temperaturas-extremas-y-precipitaciones-2025x07x10-a.pdf
2025-07-10,060,MONCIÓN (EMA),SANTIAGO RODRÍGUEZ,PROGRAMA MUNDIAL DE ALIMENTO,EMAP,33.2,22.7,0.0,https://indomet.gob.do/wp-content/uploads/2025/07/temperaturas-extremas-y-precipitaciones-2025x07x10-a.pdf
2025-07-10,061,MONTE CRISTI,MONTE CRISTI,ONAMET,EMCO,34.5,25.1,0.0,https://indomet.gob.do/wp-content/uploads/2025/07/temperaturas-extremas-y-precipitaciones-2025x07x10-a.pdf
2025-07-10,062,OLIVARES,PEDERNALES,INDRHI,EMCO,,,0.0,https://indomet.gob.do/wp-content/uploads/2025/07/temperaturas-extremas-y-precipitaciones-2025x07x10-a.pdf
2025-07-10,063,OVIEDO,PEDERNALES,CLÍNICA RURAL OVIEDO,EMCO,34.0,,0.0,https://indomet.gob.do/wp-content/uploads/2025/07/temperaturas-extremas-y-precipitaciones-2025x07x10-a.pdf
2025-07-10,064,PADRE LAS CASAS,AZUA,HOSP. NTRA. SRA. DEL CARMEN,EMCO,34.3,21.2,0.0,https://indomet.gob.do/wp-content/uploads/2025/07/temperaturas-extremas-y-precipitaciones-2025x07x10-a.pdf
2025-07-10,065,PASO AL MEDIO,SAN PEDRO DE MACORÍS,INDRHI,EMCO,,,0.0,https://indomet.gob.do/wp-content/uploads/2025/07/temperaturas-extremas-y-precipitaciones-2025x07x10-a.pdf
2025-07-10,066,PEDERNALES,PEDERNALES,INDRHI,EMCO,,,0.0,https://indomet.gob.do/wp-content/uploads/2025/07/temperaturas-extremas-y-precipitaciones-2025x07x10-a.pdf
2025-07-10,067,PERALTA,AZUA,HOSP. MPAL. DE PERALTA,EMCO,35.6,19.0,0.0,https://indomet.gob.do/wp-content/uploads/2025/07/temperaturas-extremas-y-precipitaciones-2025x07x10-a.pdf
2025-07-10,068,PESCADERIA (EMA),BARAHONA,MINISTERIO DE AGRICULTURA,EMAP,34.1,26.6,0.0,https://indomet.gob.do/wp-content/uploads/2025/07/temperaturas-extremas-y-precipitaciones-2025x07x10-a.pdf
2025-07-10,069,PONTÓN ABAJO (EMA),LA VEGA,MINISTERIO DE AGRICULTURA,EMAP,32.9,24.6,0.0,https://indomet.gob.do/wp-content/uploads/2025/07/temperaturas-extremas-y-precipitaciones-2025x07x10-a.pdf
2025-07-10,070,RESTAURACIÓN,DAJABÓN,MINISTERIO DE AGRICULTURA,EMCO,33.1,20.5,0.0,https://indomet.gob.do/wp-content/uploads/2025/07/temperaturas-extremas-y-precipitaciones-2025x07x10-a.pdf
2025-07-10,071,SALCEDO,HERMANAS MIRABAL,PROPIEDAD DEL EMPLEADO,EMCO,,,0.0,https://indomet.gob.do/wp-content/uploads/2025/07/temperaturas-extremas-y-precipitaciones-2025x07x10-a.pdf
2025-07-10,072,SAN CRISTÓBAL,SAN CRISTÓBAL,INSTITUTO POLITÉCNICO LOYOLA,EMCO,32.2,23.2,0.0,https://indomet.gob.do/wp-content/uploads/2025/07/temperaturas-extremas-y-precipitaciones-2025x07x10-a.pdf
2025-07-10,073,SÁNCHEZ,SAMANÁ,MINISTERIO DE AGRICULTURA,EMCO,32.3,22.5,0.0,https://indomet.gob.do/wp-content/uploads/2025/07/temperaturas-extremas-y-precipitaciones-2025x07x10-a.pdf
2025-07-10,074,SANTO DOMINGO ESTE,SANTO DOMINGO,ONAMET,EMCO,33.1,24.0,0.0,https://indomet.gob.do/wp-content/uploads/2025/07/temperaturas-extremas-y-precipitaciones-2025x07x10-a.pdf
2025-07-10,075,TÁBARA ABAJO,AZUA,INDRHI,EMCO,32.4,22.0,0.0,https://indomet.gob.do/wp-content/uploads/2025/07/temperaturas-extremas-y-precipitaciones-2025x07x10-a.pdf
2025-07-11,001,SABANA GRANDE DE BOYÁ,MONTE PLATA,MINISTERIO DE AGRICULTURA,EMCV,,,0.1,https://indomet.gob.do/wp-content/uploads/2025/07/temperaturas-extremas-y-precipitaciones-2025x07x11-a.pdf
2025-07-11,002,ALTAMIRA,PUERTO PLATA,HOSP. MPAL. DE ALTAMIRA,EMCO,35.2,21.3,0.0,https://indomet.gob.do/wp-content/uploads/2025/07/temperaturas-extremas-y-precipitaciones-2025x07x11-a.pdf
2025-07-11,003,ANAMUYA (EMA),LA ALTAGRACIA,MINISTERIO DE AGRICULTURA,EMAP,32.1,25.8,0.0,https://indomet.gob.do/wp-content/uploads/2025/07/temperaturas-extremas-y-precipitaciones-2025x07x11-a.pdf
2025-07-11,004,ARPT. ARROYO BARRIL,SAMANÁ,ONAMET,EMCO,33.0,24.2,0.0,https://indomet.gob.do/wp-content/uploads/2025/07/temperaturas-extremas-y-precipitaciones-2025x07x11-a.pdf
2025-07-11,005,ARPT. DE LA ROMANA,LA ROMANA,ONAMET,EMCO,33.5,24.0,0.0,https://indomet.gob.do/wp-content/uploads/2025/07/temperaturas-extremas-y-precipitaciones-2025x07x11-a.pdf
2025-07-11,006,ARPT. DE LAS AMÉRICAS,SANTO DOMINGO,ONAMET,EMCO,33.0,23.5,0.0,https://indomet.gob.do/wp-content/uploads/2025/07/temperaturas-extremas-y-precipitaciones-2025x07x11-a.pdf
2025-07-11,007,ARPT. DE PUNTA CANA,LA ALTAGRACIA,ONAMET,EMCO,32.5,25.0,0.0,https://indomet.gob.do/wp-content/uploads/2025/07/temperaturas-extremas-y-precipitaciones-2025x07x11-a.pdf
2025-07-11,008,ARPT. DEL CIBAO,SANTIAGO,ONAMET,EMCO,34.2,22.6,0.0,https://indomet.gob.do/wp-content/uploads/2025/07/temperaturas-extremas-y-precipitaciones-2025x07x11-a.pdf
2025-07-11,009,ARPT. EL CATEY,SAMANÁ,ONAMET,EMCO,30.4,23.5,0.0,https://indomet.gob.do/wp-content/uploads/2025/07/temperaturas-extremas-y-precipitaciones-2025x07x11-a.pdf
2025-07-11,010,ARPT. GREGORIO LUPERÓN,PUERTO PLATA,ONAMET,EMCO,33.0,24.2,0.0,https://indomet.gob.do/wp-content/uploads/2025/07/temperaturas-extremas-y-precipitaciones-2025x07x11-a.pdf
2025-07-11,011,ARPT. LA ISABELA,SANTO DOMINGO,ONAMET,EMCO,35.0,24.0,0.0,https://indomet.gob.do/wp-content/uploads/2025/07/temperaturas-extremas-y-precipitaciones-2025x07x11-a.pdf
2025-07-11,012,ARPT. MARÍA MONTEZ,BARAHONA,ONAMET,EMCO,34.1,26.0,0.0,https://indomet.gob.do/wp-content/uploads/2025/07/temperaturas-extremas-y-precipitaciones-2025x07x11-a.pdf
2025-07-11,013,ARROYO LORO,SAN JUAN,IDIAF,EMCO,34.4,18.4,0.0,https://indomet.gob.do/wp-content/uploads/2025/07/temperaturas-extremas-y-precipitaciones-2025x07x11-a.pdf
2025-07-11,014,BAYAGUANA,MONTE PLATA,ONAMET,EMCO,33.8,23.0,0.0,https://indomet.gob.do/wp-content/uploads/2025/07/temperaturas-extremas-y-precipitaciones-2025x07x11-a.pdf
2025-07-11,015,BOCA DE MAO (EMA),VALVERDE,MINISTERIO DE AGRICULTURA,EMAP,37.0,24.9,0.0,https://indomet.gob.do/wp-content/uploads/2025/07/temperaturas-extremas-y-precipitaciones-2025x07x11-a.pdf
2025-07-11,016,CABRAL,BARAHONA,MINISTERIO DE AGRICULTURA,EMCV,35.5,25.5,0.0,https://indomet.gob.do/wp-content/uploads/2025/07/temperaturas-extremas-y-precipitaciones-2025x07x11-a.pdf
2025-07-11,017,CABRERA,MARÍA TRINIDAD SÁNCHEZ,ESCUELA ARÍSTIDES FIALLO CABRAL,EMCO,33.2,27.6,0.0,https://indomet.gob.do/wp-content/uploads/2025/07/temperaturas-extremas-y-precipitaciones-2025x07x11-a.pdf
2025-07-11,018,CENTRO DE LOS HEROES (EMA),DISTRITO NACIONAL,MINISTERIO DE ENERGIA Y MINA,EMAP,32.3,26.9,0.0,https://indomet.gob.do/wp-content/uploads/2025/07/temperaturas-extremas-y-precipitaciones-2025x07x11-a.pdf
2025-07-11,019,CONSTANZA,LA VEGA,MINISTERIO DE AGRICULTURA,EMCO,27.6,12.3,0.0,https://indomet.gob.do/wp-content/uploads/2025/07/temperaturas-extremas-y-precipitaciones-2025x07x11-a.pdf
2025-07-11,020,DAJABÓN,DAJABÓN,INSTITUTO POLITÉCNICO LOYOLA,EMCO,36.4,20.6,0.0,https://indomet.gob.do/wp-content/uploads/2025/07/temperaturas-extremas-y-precipitaciones-2025x07x11-a.pdf
2025-07-11,021,ELÍAS PIÑA,ELÍAS PIÑA,MINISTERIO DE AGRICULTURA,EMCV,,,0.0,https://indomet.gob.do/wp-content/uploads/2025/07/temperaturas-extremas-y-precipitaciones-2025x07x11-a.pdf
2025-07-11,022,ENRIQUILLO,BARAHONA,MINISTERIO DE AGRICULTURA,EMCV,33.0,26.5,0.0,https://indomet.gob.do/wp-content/uploads/2025/07/temperaturas-extremas-y-precipitaciones-2025x07x11-a.pdf
2025-07-11,023,ESCONDIDO,PERAVIA,MINISTERIO DE AGRICULTURA,EMCV,34.0,27.0,0.0,https://indomet.gob.do/wp-content/uploads/2025/07/temperaturas-extremas-y-precipitaciones-2025x07x11-a.pdf
2025-07-11,024,GASPAR HERNÁNDEZ,ESPAILLAT,PROPIEDAD DEL EMPLEADO,EMCO,,,0.0,https://indomet.gob.do/wp-content/uploads/2025/07/temperaturas-extremas-y-precipitaciones-2025x07x11-a.pdf
2025-07-11,025,GURABO,SANTIAGO,MINISTERIO DE AGRICULTURA,EMCV,,,0.0,https://indomet.gob.do/wp-content/uploads/2025/07/temperaturas-extremas-y-precipitaciones-2025x07x11-a.pdf
2025-07-11,026,HATO MAYOR,HATO MAYOR,MINISTERIO DE AGRICULTURA,EMCV,,,0.0,https://indomet.gob.do/wp-content/uploads/2025/07/temperaturas-extremas-y-precipitaciones-2025x07x11-a.pdf
2025-07-11,027,HONDO VALLE,ELÍAS PIÑA,MINISTERIO DE AGRICULTURA,EMCO,28.6,19.0,0.0,https://indomet.gob.do/wp-content/uploads/2025/07/temperaturas-extremas-y-precipitaciones-2025x07x11-a.pdf
2025-07-11,028,JARABACOA,LA VEGA,INDRHI / MARENA,EMCO,32.0,17.2,0.0,https://indomet.gob.do/wp-content/uploads/2025/07/temperaturas-extremas-y-precipitaciones-2025x07x11-a.pdf
2025-07-11,029,JARABACOA (EMA),LA VEGA,PROGRAMA MUNDIAL DE ALIMENTO,EMAP,31.4,17.9,0.0,https://indomet.gob.do/wp-content/uploads/2025/07/temperaturas-extremas-y-precipitaciones-2025x07x11-a.pdf
2025-07-11,030,JIMANÍ,INDEPENDENCIA,MINISTERIO DE AGRICULTURA,EMCO,37.2,26.2,0.0,https://indomet.gob.do/wp-content/uploads/2025/07/temperaturas-extremas-y-precipitaciones-2025x07x11-a.pdf
2025-07-11,031,JUMA BEJUCAL,MONSEÑOR NOUEL,IDIAF,EMCV,33.6,24.4,0.0,https://indomet.gob.do/wp-content/uploads/2025/07/temperaturas-extremas-y-precipitaciones-2025x07x11-a.pdf
2025-07-11,032,LA VEGA,LA VEGA,IATESA,EMCO,33.0,24.5,0.0,https://indomet.gob.do/wp-content/uploads/2025/07/temperaturas-extremas-y-precipitaciones-2025x07x11-a.pdf
2025-07-11,033,LA VICTORIA,SANTO DOMINGO,CUERPO DE BOMBEROS,EMCO,35.0,24.5,0.0,https://indomet.gob.do/wp-content/uploads/2025/07/temperaturas-extremas-y-precipitaciones-2025x07x11-a.pdf
2025-07-11,034,LAS CANAS (EMA),MONTE CRISTI,PROGRAMA MUNDIAL DE ALIMENTO,EMAP,31.2,24.4,0.0,https://indomet.gob.do/wp-content/uploads/2025/07/temperaturas-extremas-y-precipitaciones-2025x07x11-a.pdf
2025-07-11,035,LAS MATAS DE SANTA CRUZ (EMA,MONTE CRISTI,PROGRAMA MUNDIAL DE ALIMENTO,EMAP,36.7,24.8,0.0,https://indomet.gob.do/wp-content/uploads/2025/07/temperaturas-extremas-y-precipitaciones-2025x07x11-a.pdf
2025-07-11,036,LOS LLANOS,SAN PEDRO DE MACORÍS,MINISTERIO DE AGRICULTURA,EMCO,34.9,24.0,0.0,https://indomet.gob.do/wp-content/uploads/2025/07/temperaturas-extremas-y-precipitaciones-2025x07x11-a.pdf
2025-07-11,037,MAO,VALVERDE,INDRHI / MINISTERIO DE AGRICULTURA,EMCV,,,0.0,https://indomet.gob.do/wp-content/uploads/2025/07/temperaturas-extremas-y-precipitaciones-2025x07x11-a.pdf
2025-07-11,038,MONCIÓN (EMA),SANTIAGO RODRÍGUEZ,PROGRAMA MUNDIAL DE ALIMENTO,EMAP,34.2,20.9,0.0,https://indomet.gob.do/wp-content/uploads/2025/07/temperaturas-extremas-y-precipitaciones-2025x07x11-a.pdf
2025-07-11,039,MONTE CRISTI,MONTE CRISTI,ONAMET,EMCO,35.5,25.3,0.0,https://indomet.gob.do/wp-content/uploads/2025/07/temperaturas-extremas-y-precipitaciones-2025x07x11-a.pdf
2025-07-11,040,NAVARRETE,SANTIAGO,MINISTERIO DE AGRICULTURA,EMCV,,,0.0,https://indomet.gob.do/wp-content/uploads/2025/07/temperaturas-extremas-y-precipitaciones-2025x07x11-a.pdf
2025-07-11,041,OLIVARES,PEDERNALES,INDRHI,EMCO,,,0.0,https://indomet.gob.do/wp-content/uploads/2025/07/temperaturas-extremas-y-precipitaciones-2025x07x11-a.pdf
2025-07-11,042,OVIEDO,PEDERNALES,CLÍNICA RURAL OVIEDO,EMCO,33.8,27.0,0.0,https://indomet.gob.do/wp-content/uploads/2025/07/temperaturas-extremas-y-precipitaciones-2025x07x11-a.pdf
2025-07-11,043,PADRE LAS CASAS,AZUA,HOSP. NTRA. SRA. DEL CARMEN,EMCO,34.1,19.5,0.0,https://indomet.gob.do/wp-content/uploads/2025/07/temperaturas-extremas-y-precipitaciones-2025x07x11-a.pdf
2025-07-11,044,PALO ÍNDIO,PUERTO PLATA,MINISTERIO DE AGRICULTURA,EMCO,,,0.0,https://indomet.gob.do/wp-content/uploads/2025/07/temperaturas-extremas-y-precipitaciones-2025x07x11-a.pdf
2025-07-11,045,PEDERNALES,PEDERNALES,INDRHI,EMCO,,,0.0,https://indomet.gob.do/wp-content/uploads/2025/07/temperaturas-extremas-y-precipitaciones-2025x07x11-a.pdf
2025-07-11,046,PERALTA,AZUA,HOSP. MPAL. DE PERALTA,EMCO,34.4,17.5,0.0,https://indomet.gob.do/wp-content/uploads/2025/07/temperaturas-extremas-y-precipitaciones-2025x07x11-a.pdf
2025-07-11,047,PESCADERIA (EMA),BARAHONA,MINISTERIO DE AGRICULTURA,EMAP,34.7,26.2,0.0,https://indomet.gob.do/wp-content/uploads/2025/07/temperaturas-extremas-y-precipitaciones-2025x07x11-a.pdf
2025-07-11,048,POLO,BARAHONA,INDOCAFE,EMCO,28.0,19.2,0.0,https://indomet.gob.do/wp-content/uploads/2025/07/temperaturas-extremas-y-precipitaciones-2025x07x11-a.pdf
2025-07-11,049,PONTÓN ABAJO (EMA),LA VEGA,MINISTERIO DE AGRICULTURA,EMAP,34.1,24.9,0.0,https://indomet.gob.do/wp-content/uploads/2025/07/temperaturas-extremas-y-precipitaciones-2025x07x11-a.pdf
2025-07-11,050,PRESA DE TAVERAS (EMA),LA VEGA,PROGRAMA MUNDIAL DE ALIMENTO,EMAP,30.4,22.7,0.0,https://indomet.gob.do/wp-content/uploads/2025/07/temperaturas-extremas-y-precipitaciones-2025x07x11-a.pdf
2025-07-11,051,RANCHO ARRIBA,SAN JOSÉ DE OCOA,CENTRO TECNOLÓGICO COMUNITARIO,EMCO,33.8,17.0,0.0,https://indomet.gob.do/wp-content/uploads/2025/07/temperaturas-extremas-y-precipitaciones-2025x07x11-a.pdf
2025-07-11,052,RESTAURACIÓN,DAJABÓN,MINISTERIO DE AGRICULTURA,EMCO,33.6,20.3,0.0,https://indomet.gob.do/wp-content/uploads/2025/07/temperaturas-extremas-y-precipitaciones-2025x07x11-a.pdf
2025-07-11,053,RÍO SAN JUAN,MARÍA TRINIDAD SÁNCHEZ,HOSP. MPAL. DR. DESIDERIO ACOSTA,EMCV,34.3,25.0,0.0,https://indomet.gob.do/wp-content/uploads/2025/07/temperaturas-extremas-y-precipitaciones-2025x07x11-a.pdf
2025-07-11,054,SABANA DE LA MAR,HATO MAYOR,ONAMET,EMCO,32.0,24.5,0.0,https://indomet.gob.do/wp-content/uploads/2025/07/temperaturas-extremas-y-precipitaciones-2025x07x11-a.pdf
2025-07-11,055,SABANETA (EMA),SANTIAGO RODRÍGUEZ,PROGRAMA MUNDIAL DE ALIMENTO,EMAP,36.9,24.8,0.0,https://indomet.gob.do/wp-content/uploads/2025/07/temperaturas-extremas-y-precipitaciones-2025x07x11-a.pdf
2025-07-11,056,SALCEDO,HERMANAS MIRABAL,PROPIEDAD DEL EMPLEADO,EMCO,,,0.0,https://indomet.gob.do/wp-content/uploads/2025/07/temperaturas-extremas-y-precipitaciones-2025x07x11-a.pdf
2025-07-11,057,SAMANÁ,SAMANÁ,COMANDANCIA DE PUERTO DE SAMANÁ,EMCO,33.5,24.8,0.0,https://indomet.gob.do/wp-content/uploads/2025/07/temperaturas-extremas-y-precipitaciones-2025x07x11-a.pdf
2025-07-11,058,SAN CRISTÓBAL,SAN CRISTÓBAL,INSTITUTO POLITÉCNICO LOYOLA,EMCO,33.2,23.2,0.0,https://indomet.gob.do/wp-content/uploads/2025/07/temperaturas-extremas-y-precipitaciones-2025x07x11-a.pdf
2025-07-11,059,SAN JOSÉ DE OCOA,SAN JOSÉ DE OCOA,HOSP. SAN JOSÉ DE OCOA,EMCO,32.9,22.7,0.0,https://indomet.gob.do/wp-content/uploads/2025/07/temperaturas-extremas-y-precipitaciones-2025x07x11-a.pdf
2025-07-11,060,SAN RAFAEL DEL YUMA,LA ALTAGRACIA,MINISTERIO DE AGRICULTURA,EMCO,34.8,24.9,0.0,https://indomet.gob.do/wp-content/uploads/2025/07/temperaturas-extremas-y-precipitaciones-2025x07x11-a.pdf
2025-07-11,061,SÁNCHEZ,SAMANÁ,MINISTERIO DE AGRICULTURA,EMCO,32.8,23.0,0.0,https://indomet.gob.do/wp-content/uploads/2025/07/temperaturas-extremas-y-precipitaciones-2025x07x11-a.pdf
2025-07-11,062,SANTIAGO RODRÍGUEZ,SANTIAGO RODRÍGUEZ,ONAMET,EMCO,37.0,26.0,0.0,https://indomet.gob.do/wp-content/uploads/2025/07/temperaturas-extremas-y-precipitaciones-2025x07x11-a.pdf
2025-07-11,063,SANTO DOMINGO ESTE,SANTO DOMINGO,ONAMET,EMCO,33.3,26.0,0.0,https://indomet.gob.do/wp-content/uploads/2025/07/temperaturas-extremas-y-precipitaciones-2025x07x11-a.pdf
2025-07-11,064,TÁBARA ABAJO,AZUA,INDRHI,EMCO,33.5,20.3,0.0,https://indomet.gob.do/wp-content/uploads/2025/07/temperaturas-extremas-y-precipitaciones-2025x07x11-a.pdf
2025-07-11,065,VILLA GONZALES,SANTIAGO,MINISTERIO DE AGRICULTURA,EMCO,,,0.0,https://indomet.gob.do/wp-content/uploads/2025/07/temperaturas-extremas-y-precipitaciones-2025x07x11-a.pdf
2025-07-11,066,VILLA ISABELA,PUERTO PLATA,MINISTERIO DE AGRICULTURA,EMCV,,,0.0,https://indomet.gob.do/wp-content/uploads/2025/07/temperaturas-extremas-y-precipitaciones-2025x07x11-a.pdf
2025-07-11,067,VILLA RIVA,DUARTE,HOSP. MPAL. ALICIA DE LEGENDRE,EMCO,34.5,24.0,0.0,https://indomet.gob.do/wp-content/uploads/2025/07/temperaturas-extremas-y-precipitaciones-2025x07x11-a.pdf
2025-07-12,001,HONDO VALLE,ELÍAS PIÑA,MINISTERIO DE AGRICULTURA,EMCO,28.1,18.3,13.2,https://indomet.gob.do/wp-content/uploads/2025/07/temperaturas-extremas-y-precipitaciones-2025x07x12-b.pdf
2025-07-12,002,ELÍAS PIÑA,ELÍAS PIÑA,MINISTERIO DE AGRICULTURA,EMCV,,,2.0,https://indomet.gob.do/wp-content/uploads/2025/07/temperaturas-extremas-y-precipitaciones-2025x07x12-b.pdf
2025-07-12,003,JIMANÍ,INDEPENDENCIA,MINISTERIO DE AGRICULTURA,EMCO,38.5,26.0,0.4,https://indomet.gob.do/wp-content/uploads/2025/07/temperaturas-extremas-y-precipitaciones-2025x07x12-b.pdf
2025-07-12,004,ARROYO LORO,SAN JUAN,IDIAF,EMCO,35.1,21.5,0.1,https://indomet.gob.do/wp-content/uploads/2025/07/temperaturas-extremas-y-precipitaciones-2025x07x12-b.pdf
2025-07-12,005,BAYAGUANA,MONTE PLATA,ONAMET,EMCO,34.4,23.4,0.1,https://indomet.gob.do/wp-content/uploads/2025/07/temperaturas-extremas-y-precipitaciones-2025x07x12-b.pdf
2025-07-12,006,ALTAMIRA,PUERTO PLATA,HOSP. MPAL. DE ALTAMIRA,EMCO,35.3,21.4,0.0,https://indomet.gob.do/wp-content/uploads/2025/07/temperaturas-extremas-y-precipitaciones-2025x07x12-b.pdf
2025-07-12,007,ANAMUYA (EMA),LA ALTAGRACIA,MINISTERIO DE AGRICULTURA,EMAP,32.4,24.7,0.0,https://indomet.gob.do/wp-content/uploads/2025/07/temperaturas-extremas-y-precipitaciones-2025x07x12-b.pdf
2025-07-12,008,ARPT. ARROYO BARRIL,SAMANÁ,ONAMET,EMCO,32.5,24.0,0.0,https://indomet.gob.do/wp-content/uploads/2025/07/temperaturas-extremas-y-precipitaciones-2025x07x12-b.pdf
2025-07-12,009,ARPT. DE LA ROMANA,LA ROMANA,ONAMET,EMCO,33.8,24.0,0.0,https://indomet.gob.do/wp-content/uploads/2025/07/temperaturas-extremas-y-precipitaciones-2025x07x12-b.pdf
2025-07-12,010,ARPT. DE LAS AMÉRICAS,SANTO DOMINGO,ONAMET,EMCO,32.0,23.5,0.0,https://indomet.gob.do/wp-content/uploads/2025/07/temperaturas-extremas-y-precipitaciones-2025x07x12-b.pdf
2025-07-12,011,ARPT. DE PUNTA CANA,LA ALTAGRACIA,ONAMET,EMCO,31.8,24.5,0.0,https://indomet.gob.do/wp-content/uploads/2025/07/temperaturas-extremas-y-precipitaciones-2025x07x12-b.pdf
2025-07-12,012,ARPT. DEL CIBAO,SANTIAGO,ONAMET,EMCO,34.6,24.0,0.0,https://indomet.gob.do/wp-content/uploads/2025/07/temperaturas-extremas-y-precipitaciones-2025x07x12-b.pdf
2025-07-12,013,ARPT. EL CATEY,SAMANÁ,ONAMET,EMCO,31.6,23.0,0.0,https://indomet.gob.do/wp-content/uploads/2025/07/temperaturas-extremas-y-precipitaciones-2025x07x12-b.pdf
2025-07-12,014,ARPT. GREGORIO LUPERÓN,PUERTO PLATA,ONAMET,EMCO,32.4,25.0,0.0,https://indomet.gob.do/wp-content/uploads/2025/07/temperaturas-extremas-y-precipitaciones-2025x07x12-b.pdf
2025-07-12,015,ARPT. LA ISABELA,SANTO DOMINGO,ONAMET,EMCO,34.2,23.5,0.0,https://indomet.gob.do/wp-content/uploads/2025/07/temperaturas-extremas-y-precipitaciones-2025x07x12-b.pdf
2025-07-12,016,ARPT. MARÍA MONTEZ,BARAHONA,ONAMET,EMCO,33.8,26.0,0.0,https://indomet.gob.do/wp-content/uploads/2025/07/temperaturas-extremas-y-precipitaciones-2025x07x12-b.pdf
2025-07-12,017,BANI (EMA),PERAVIA,MINISTERIO DE AGRICULTURA,EMAP,32.3,25.7,0.0,https://indomet.gob.do/wp-content/uploads/2025/07/temperaturas-extremas-y-precipitaciones-2025x07x12-b.pdf
2025-07-12,018,BOCA DE MAO (EMA),VALVERDE,MINISTERIO DE AGRICULTURA,EMAP,37.7,25.4,0.0,https://indomet.gob.do/wp-content/uploads/2025/07/temperaturas-extremas-y-precipitaciones-2025x07x12-b.pdf
2025-07-12,019,BONAO,MONSEÑOR NOUEL,MINISTERIO DE AGRICULTURA,EMCV,,,0.0,https://indomet.gob.do/wp-content/uploads/2025/07/temperaturas-extremas-y-precipitaciones-2025x07x12-b.pdf
2025-07-12,020,CABRAL,BARAHONA,MINISTERIO DE AGRICULTURA,EMCV,35.3,26.0,0.0,https://indomet.gob.do/wp-content/uploads/2025/07/temperaturas-extremas-y-precipitaciones-2025x07x12-b.pdf
2025-07-12,021,CABRERA,MARÍA TRINIDAD SÁNCHEZ,ESCUELA ARÍSTIDES FIALLO CABRAL,EMCO,33.2,26.0,0.0,https://indomet.gob.do/wp-content/uploads/2025/07/temperaturas-extremas-y-precipitaciones-2025x07x12-b.pdf
2025-07-12,022,CENTRO DE LOS HEROES (EMA),DISTRITO NACIONAL,MINISTERIO DE ENERGIA Y MINA,EMAP,31.7,26.4,0.0,https://indomet.gob.do/wp-content/uploads/2025/07/temperaturas-extremas-y-precipitaciones-2025x07x12-b.pdf
2025-07-12,023,CONSTANZA,LA VEGA,MINISTERIO DE AGRICULTURA,EMCO,28.6,13.2,0.0,https://indomet.gob.do/wp-content/uploads/2025/07/temperaturas-extremas-y-precipitaciones-2025x07x12-b.pdf
2025-07-12,024,CONSTANZA (EMA),LA VEGA,PROGRAMA MUNDIAL DE ALIMENTO,EMAP,27.9,13.6,0.0,https://indomet.gob.do/wp-content/uploads/2025/07/temperaturas-extremas-y-precipitaciones-2025x07x12-b.pdf
2025-07-12,025,DAJABÓN,DAJABÓN,INSTITUTO POLITÉCNICO LOYOLA,EMCO,35.7,20.3,0.0,https://indomet.gob.do/wp-content/uploads/2025/07/temperaturas-extremas-y-precipitaciones-2025x07x12-b.pdf
2025-07-12,026,ENRIQUILLO,BARAHONA,MINISTERIO DE AGRICULTURA,EMCV,33.2,26.5,0.0,https://indomet.gob.do/wp-content/uploads/2025/07/temperaturas-extremas-y-precipitaciones-2025x07x12-b.pdf
2025-07-12,027,ESCONDIDO,PERAVIA,MINISTERIO DE AGRICULTURA,EMCV,32.0,24.0,0.0,https://indomet.gob.do/wp-content/uploads/2025/07/temperaturas-extremas-y-precipitaciones-2025x07x12-b.pdf
2025-07-12,028,GASPAR HERNÁNDEZ,ESPAILLAT,PROPIEDAD DEL EMPLEADO,EMCO,,,0.0,https://indomet.gob.do/wp-content/uploads/2025/07/temperaturas-extremas-y-precipitaciones-2025x07x12-b.pdf
2025-07-12,029,GURABO,SANTIAGO,MINISTERIO DE AGRICULTURA,EMCV,,,0.0,https://indomet.gob.do/wp-content/uploads/2025/07/temperaturas-extremas-y-precipitaciones-2025x07x12-b.pdf
2025-07-12,030,HATO MAYOR,HATO MAYOR,MINISTERIO DE AGRICULTURA,EMCV,,,0.0,https://indomet.gob.do/wp-content/uploads/2025/07/temperaturas-extremas-y-precipitaciones-2025x07x12-b.pdf
2025-07-12,031,HIGÜEY,LA ALTAGRACIA,MINISTERIO DE AGRICULTURA,EMCV,,,0.0,https://indomet.gob.do/wp-content/uploads/2025/07/temperaturas-extremas-y-precipitaciones-2025x07x12-b.pdf
2025-07-12,032,JARABACOA,LA VEGA,INDRHI / MARENA,EMCO,32.2,18.6,0.0,https://indomet.gob.do/wp-content/uploads/2025/07/temperaturas-extremas-y-precipitaciones-2025x07x12-b.pdf
2025-07-12,033,JARABACOA (EMA),LA VEGA,PROGRAMA MUNDIAL DE ALIMENTO,EMAP,31.7,19.4,0.0,https://indomet.gob.do/wp-content/uploads/2025/07/temperaturas-extremas-y-precipitaciones-2025x07x12-b.pdf
2025-07-12,034,JUMA BEJUCAL,MONSEÑOR NOUEL,IDIAF,EMCV,33.6,24.4,0.0,https://indomet.gob.do/wp-content/uploads/2025/07/temperaturas-extremas-y-precipitaciones-2025x07x12-b.pdf
2025-07-12,035,LA VEGA,LA VEGA,IATESA,EMCO,33.7,24.0,0.0,https://indomet.gob.do/wp-content/uploads/2025/07/temperaturas-extremas-y-precipitaciones-2025x07x12-b.pdf
2025-07-12,036,LA VICTORIA,SANTO DOMINGO,CUERPO DE BOMBEROS,EMCO,35.2,24.4,0.0,https://indomet.gob.do/wp-content/uploads/2025/07/temperaturas-extremas-y-precipitaciones-2025x07x12-b.pdf
2025-07-12,037,LAS CANAS (EMA),MONTE CRISTI,PROGRAMA MUNDIAL DE ALIMENTO,EMAP,30.8,24.4,0.0,https://indomet.gob.do/wp-content/uploads/2025/07/temperaturas-extremas-y-precipitaciones-2025x07x12-b.pdf
2025-07-12,038,LAS MATAS DE SANTA CRUZ (EMA),MONTE CRISTI,PROGRAMA MUNDIAL DE ALIMENTO,EMAP,36.6,25.2,0.0,https://indomet.gob.do/wp-content/uploads/2025/07/temperaturas-extremas-y-precipitaciones-2025x07x12-b.pdf
2025-07-12,039,LOS LLANOS,SAN PEDRO DE MACORÍS,MINISTERIO DE AGRICULTURA,EMCO,35.5,22.9,0.0,https://indomet.gob.do/wp-content/uploads/2025/07/temperaturas-extremas-y-precipitaciones-2025x07x12-b.pdf
2025-07-12,040,MAO,VALVERDE,INDRHI / MINISTERIO DE AGRICULTURA,EMCV,,,0.0,https://indomet.gob.do/wp-content/uploads/2025/07/temperaturas-extremas-y-precipitaciones-2025x07x12-b.pdf
2025-07-12,041,MONCIÓN (EMA),SANTIAGO RODRÍGUEZ,PROGRAMA MUNDIAL DE ALIMENTO,EMAP,35.3,21.6,0.0,https://indomet.gob.do/wp-content/uploads/2025/07/temperaturas-extremas-y-precipitaciones-2025x07x12-b.pdf
2025-07-12,042,MONTE CRISTI,MONTE CRISTI,ONAMET,EMCO,36.0,25.7,0.0,https://indomet.gob.do/wp-content/uploads/2025/07/temperaturas-extremas-y-precipitaciones-2025x07x12-b.pdf
2025-07-12,043,NAVARRETE,SANTIAGO,MINISTERIO DE AGRICULTURA,EMCV,,,0.0,https://indomet.gob.do/wp-content/uploads/2025/07/temperaturas-extremas-y-precipitaciones-2025x07x12-b.pdf
2025-07-12,044,OLIVARES,PEDERNALES,INDRHI,EMCO,,,0.0,https://indomet.gob.do/wp-content/uploads/2025/07/temperaturas-extremas-y-precipitaciones-2025x07x12-b.pdf
2025-07-12,045,OVIEDO,PEDERNALES,CLÍNICA RURAL OVIEDO,EMCO,34.0,,0.0,https://indomet.gob.do/wp-content/uploads/2025/07/temperaturas-extremas-y-precipitaciones-2025x07x12-b.pdf
2025-07-12,046,PADRE LAS CASAS,AZUA,HOSP. NTRA. SRA. DEL CARMEN,EMCO,34.5,21.0,0.0,https://indomet.gob.do/wp-content/uploads/2025/07/temperaturas-extremas-y-precipitaciones-2025x07x12-b.pdf
2025-07-12,047,PALO ÍNDIO,PUERTO PLATA,MINISTERIO DE AGRICULTURA,EMCO,,,0.0,https://indomet.gob.do/wp-content/uploads/2025/07/temperaturas-extremas-y-precipitaciones-2025x07x12-b.pdf
2025-07-12,048,PEDERNALES,PEDERNALES,INDRHI,EMCO,,,0.0,https://indomet.gob.do/wp-content/uploads/2025/07/temperaturas-extremas-y-precipitaciones-2025x07x12-b.pdf
2025-07-12,049,PERALTA,AZUA,HOSP. MPAL. DE PERALTA,EMCO,35.3,19.9,0.0,https://indomet.gob.do/wp-content/uploads/2025/07/temperaturas-extremas-y-precipitaciones-2025x07x12-b.pdf
2025-07-12,050,PESCADERIA (EMA),BARAHONA,MINISTERIO DE AGRICULTURA,EMAP,34.7,27.4,0.0,https://indomet.gob.do/wp-content/uploads/2025/07/temperaturas-extremas-y-precipitaciones-2025x07x12-b.pdf
2025-07-12,051,POLO,BARAHONA,INDOCAFE,EMCO,31.2,18.6,0.0,https://indomet.gob.do/wp-content/uploads/2025/07/temperaturas-extremas-y-precipitaciones-2025x07x12-b.pdf
2025-07-12,052,PONTÓN ABAJO (EMA),LA VEGA,MINISTERIO DE AGRICULTURA,EMAP,35.9,24.8,0.0,https://indomet.gob.do/wp-content/uploads/2025/07/temperaturas-extremas-y-precipitaciones-2025x07x12-b.pdf
2025-07-12,053,PRESA DE TAVERAS (EMA),LA VEGA,PROGRAMA MUNDIAL DE ALIMENTO,EMAP,32.7,22.7,0.0,https://indomet.gob.do/wp-content/uploads/2025/07/temperaturas-extremas-y-precipitaciones-2025x07x12-b.pdf
2025-07-12,054,RANCHO ARRIBA,SAN JOSÉ DE OCOA,CENTRO TECNOLÓGICO COMUNITARIO,EMCO,32.0,17.9,0.0,https://indomet.gob.do/wp-content/uploads/2025/07/temperaturas-extremas-y-precipitaciones-2025x07x12-b.pdf
2025-07-12,055,RESTAURACIÓN,DAJABÓN,MINISTERIO DE AGRICULTURA,EMCO,32.4,19.9,0.0,https://indomet.gob.do/wp-content/uploads/2025/07/temperaturas-extremas-y-precipitaciones-2025x07x12-b.pdf
2025-07-12,056,RÍO SAN JUAN,MARÍA TRINIDAD SÁNCHEZ,HOSP. MPAL. DR. DESIDERIO ACOSTA,EMCV,34.6,24.0,0.0,https://indomet.gob.do/wp-content/uploads/2025/07/temperaturas-extremas-y-precipitaciones-2025x07x12-b.pdf
2025-07-12,057,SABANA DE LA MAR,HATO MAYOR,ONAMET,EMCO,32.0,23.0,0.0,https://indomet.gob.do/wp-content/uploads/2025/07/temperaturas-extremas-y-precipitaciones-2025x07x12-b.pdf
2025-07-12,058,SABANA GRANDE DE BOYÁ,MONTE PLATA,MINISTERIO DE AGRICULTURA,EMCV,,,0.0,https://indomet.gob.do/wp-content/uploads/2025/07/temperaturas-extremas-y-precipitaciones-2025x07x12-b.pdf
2025-07-12,059,SABANETA (EMA),SANTIAGO RODRÍGUEZ,PROGRAMA MUNDIAL DE ALIMENTO,EMAP,38.1,24.9,0.0,https://indomet.gob.do/wp-content/uploads/2025/07/temperaturas-extremas-y-precipitaciones-2025x07x12-b.pdf
2025-07-12,060,SALCEDO,HERMANAS MIRABAL,PROPIEDAD DEL EMPLEADO,EMCO,,,0.0,https://indomet.gob.do/wp-content/uploads/2025/07/temperaturas-extremas-y-precipitaciones-2025x07x12-b.pdf
2025-07-12,061,SAMANÁ,SAMANÁ,COMANDANCIA DE PUERTO DE SAMANÁ,EMCO,33.6,23.5,0.0,https://indomet.gob.do/wp-content/uploads/2025/07/temperaturas-extremas-y-precipitaciones-2025x07x12-b.pdf
2025-07-12,062,SAN CRISTÓBAL,SAN CRISTÓBAL,INSTITUTO POLITÉCNICO LOYOLA,EMCO,32.0,22.0,0.0,https://indomet.gob.do/wp-content/uploads/2025/07/temperaturas-extremas-y-precipitaciones-2025x07x12-b.pdf
2025-07-12,063,SAN JOSÉ DE OCOA,SAN JOSÉ DE OCOA,HOSP. SAN JOSÉ DE OCOA,EMCO,33.9,23.0,0.0,https://indomet.gob.do/wp-content/uploads/2025/07/temperaturas-extremas-y-precipitaciones-2025x07x12-b.pdf
2025-07-12,064,SAN RAFAEL DEL YUMA,LA ALTAGRACIA,MINISTERIO DE AGRICULTURA,EMCO,34.9,23.4,0.0,https://indomet.gob.do/wp-content/uploads/2025/07/temperaturas-extremas-y-precipitaciones-2025x07x12-b.pdf
2025-07-12,065,SÁNCHEZ,SAMANÁ,MINISTERIO DE AGRICULTURA,EMCO,33.1,22.9,0.0,https://indomet.gob.do/wp-content/uploads/2025/07/temperaturas-extremas-y-precipitaciones-2025x07x12-b.pdf
2025-07-12,066,SANTIAGO RODRÍGUEZ,SANTIAGO RODRÍGUEZ,ONAMET,EMCO,38.0,25.0,0.0,https://indomet.gob.do/wp-content/uploads/2025/07/temperaturas-extremas-y-precipitaciones-2025x07x12-b.pdf
2025-07-12,067,SANTO DOMINGO ESTE,SANTO DOMINGO,ONAMET,EMCO,33.2,26.3,0.0,https://indomet.gob.do/wp-content/uploads/2025/07/temperaturas-extremas-y-precipitaciones-2025x07x12-b.pdf
2025-07-12,068,TÁBARA ABAJO,AZUA,INDRHI,EMCO,32.5,20.0,0.0,https://indomet.gob.do/wp-content/uploads/2025/07/temperaturas-extremas-y-precipitaciones-2025x07x12-b.pdf
2025-07-12,069,TAMBORIL,SANTIAGO,MINISTERIO DE AGRICULTURA,EMCV,,,0.0,https://indomet.gob.do/wp-content/uploads/2025/07/temperaturas-extremas-y-precipitaciones-2025x07x12-b.pdf
2025-07-12,070,VILLA ALTAGRACIA,SAN CRISTÓBAL,ESCUELA JAVIER ANGULO GURIDI,EMCO,,,0.0,https://indomet.gob.do/wp-content/uploads/2025/07/temperaturas-extremas-y-precipitaciones-2025x07x12-b.pdf
2025-07-12,071,VILLA GONZALES,SANTIAGO,MINISTERIO DE AGRICULTURA,EMCO,,,0.0,https://indomet.gob.do/wp-content/uploads/2025/07/temperaturas-extremas-y-precipitaciones-2025x07x12-b.pdf
2025-07-12,072,VILLA ISABELA,PUERTO PLATA,MINISTERIO DE AGRICULTURA,EMCV,,,0.0,https://indomet.gob.do/wp-content/uploads/2025/07/temperaturas-extremas-y-precipitaciones-2025x07x12-b.pdf
2025-07-12,073,VILLA RIVA,DUARTE,HOSP. MPAL. ALICIA DE LEGENDRE,EMCO,33.0,23.0,0.0,https://indomet.gob.do/wp-content/uploads/2025/07/temperaturas-extremas-y-precipitaciones-2025x07x12-b.pdf
2025-07-13,001,HATO MAYOR,HATO MAYOR,MINISTERIO DE AGRICULTURA,EMCV,,,23.6,https://indomet.gob.do/wp-content/uploads/2025/07/temperaturas-extremas-y-precipitaciones-2025x07x13-a.pdf
2025-07-13,002,PERALTA,AZUA,HOSP. MPAL. DE PERALTA,EMCO,34.5,17.5,22.0,https://indomet.gob.do/wp-content/uploads/2025/07/temperaturas-extremas-y-precipitaciones-2025x07x13-a.pdf
2025-07-13,003,SAN CRISTÓBAL,SAN CRISTÓBAL,INSTITUTO POLITÉCNICO LOYOLA,EMCO,32.2,21.0,18.4,https://indomet.gob.do/wp-content/uploads/2025/07/temperaturas-extremas-y-precipitaciones-2025x07x13-a.pdf
2025-07-13,004,BAYAGUANA,MONTE PLATA,ONAMET,EMCO,34.6,22.2,13.5,https://indomet.gob.do/wp-content/uploads/2025/07/temperaturas-extremas-y-precipitaciones-2025x07x13-a.pdf
2025-07-13,005,TÁBARA ABAJO,AZUA,INDRHI,EMCO,33.5,23.0,10.4,https://indomet.gob.do/wp-content/uploads/2025/07/temperaturas-extremas-y-precipitaciones-2025x07x13-a.pdf
2025-07-13,006,LAS MATAS DE FARFÁN,SAN JUAN,MINISTERIO DE AGRICULTURA,EMCV,,,10.2,https://indomet.gob.do/wp-content/uploads/2025/07/temperaturas-extremas-y-precipitaciones-2025x07x13-a.pdf
2025-07-13,007,SAMANÁ,SAMANÁ,COMANDANCIA DE PUERTO DE SAMANÁ,EMCO,33.8,22.5,8.0,https://indomet.gob.do/wp-content/uploads/2025/07/temperaturas-extremas-y-precipitaciones-2025x07x13-a.pdf
2025-07-13,008,SAN JOSÉ DE OCOA,SAN JOSÉ DE OCOA,HOSP. SAN JOSÉ DE OCOA,EMCO,34.2,20.6,7.2,https://indomet.gob.do/wp-content/uploads/2025/07/temperaturas-extremas-y-precipitaciones-2025x07x13-a.pdf
2025-07-13,009,JARDÍN BOTÁNICO NACIONAL,DISTRITO NACIONAL,JARDÍN BOTÁNICO NACIONAL,EMCV,32.9,21.5,5.2,https://indomet.gob.do/wp-content/uploads/2025/07/temperaturas-extremas-y-precipitaciones-2025x07x13-a.pdf
2025-07-13,010,CABRERA,MARÍA TRINIDAD SÁNCHEZ,ESCUELA ARÍSTIDES FIALLO CABRAL,EMCO,33.2,26.5,4.0,https://indomet.gob.do/wp-content/uploads/2025/07/temperaturas-extremas-y-precipitaciones-2025x07x13-a.pdf
2025-07-13,011,PADRE LAS CASAS,AZUA,HOSP. NTRA. SRA. DEL CARMEN,EMCO,33.7,18.3,3.6,https://indomet.gob.do/wp-content/uploads/2025/07/temperaturas-extremas-y-precipitaciones-2025x07x13-a.pdf
2025-07-13,012,RÍO SAN JUAN,MARÍA TRINIDAD SÁNCHEZ,HOSP. MPAL. DR. DESIDERIO ACOSTA,EMCV,35.0,23.5,3.0,https://indomet.gob.do/wp-content/uploads/2025/07/temperaturas-extremas-y-precipitaciones-2025x07x13-a.pdf
2025-07-13,013,EL CERCADO,SAN JUAN,MINISTERIO DE AGRICULTURA,EMCV,,,2.8,https://indomet.gob.do/wp-content/uploads/2025/07/temperaturas-extremas-y-precipitaciones-2025x07x13-a.pdf
2025-07-13,014,ARPT. DE LAS AMÉRICAS,SANTO DOMINGO,ONAMET,EMCO,33.0,22.8,2.7,https://indomet.gob.do/wp-content/uploads/2025/07/temperaturas-extremas-y-precipitaciones-2025x07x13-a.pdf
2025-07-13,015,HONDO VALLE,ELÍAS PIÑA,MINISTERIO DE AGRICULTURA,EMCO,27.9,18.2,2.6,https://indomet.gob.do/wp-content/uploads/2025/07/temperaturas-extremas-y-precipitaciones-2025x07x13-a.pdf
2025-07-13,016,BOHECHÍO,SAN JUAN,MINISTERIO DE AGRICULTURA,EMCV,,,2.0,https://indomet.gob.do/wp-content/uploads/2025/07/temperaturas-extremas-y-precipitaciones-2025x07x13-a.pdf
2025-07-13,017,OLIVARES,PEDERNALES,INDRHI,EMCO,,,2.0,https://indomet.gob.do/wp-content/uploads/2025/07/temperaturas-extremas-y-precipitaciones-2025x07x13-a.pdf
2025-07-13,018,SANTO DOMINGO ESTE,SANTO DOMINGO,ONAMET,EMCO,32.5,25.0,1.6,https://indomet.gob.do/wp-content/uploads/2025/07/temperaturas-extremas-y-precipitaciones-2025x07x13-a.pdf
2025-07-13,019,JUMA BEJUCAL,MONSEÑOR NOUEL,IDIAF,EMCV,33.4,23.2,1.5,https://indomet.gob.do/wp-content/uploads/2025/07/temperaturas-extremas-y-precipitaciones-2025x07x13-a.pdf
2025-07-13,020,PEDERNALES,PEDERNALES,INDRHI,EMCO,,,1.1,https://indomet.gob.do/wp-content/uploads/2025/07/temperaturas-extremas-y-precipitaciones-2025x07x13-a.pdf
2025-07-13,021,ARPT. EL CATEY,SAMANÁ,ONAMET,EMCO,32.0,23.0,0.7,https://indomet.gob.do/wp-content/uploads/2025/07/temperaturas-extremas-y-precipitaciones-2025x07x13-a.pdf
2025-07-13,022,ARPT. ARROYO BARRIL,SAMANÁ,ONAMET,EMCO,32.0,24.0,0.6,https://indomet.gob.do/wp-content/uploads/2025/07/temperaturas-extremas-y-precipitaciones-2025x07x13-a.pdf
2025-07-13,023,VILLA RIVA,DUARTE,HOSP. MPAL. ALICIA DE LEGENDRE,EMCO,33.4,22.7,0.3,https://indomet.gob.do/wp-content/uploads/2025/07/temperaturas-extremas-y-precipitaciones-2025x07x13-a.pdf
2025-07-13,024,CENTRO DE LOS HEROES (EMA),DISTRITO NACIONAL,MINISTERIO DE ENERGIA Y MINA,EMAP,31.7,25.8,0.2,https://indomet.gob.do/wp-content/uploads/2025/07/temperaturas-extremas-y-precipitaciones-2025x07x13-a.pdf
2025-07-13,025,ARROYO LORO,SAN JUAN,IDIAF,EMCO,34.5,17.2,0.1,https://indomet.gob.do/wp-content/uploads/2025/07/temperaturas-extremas-y-precipitaciones-2025x07x13-a.pdf
2025-07-13,026,ALTAMIRA,PUERTO PLATA,HOSP. MPAL. DE ALTAMIRA,EMCO,35.6,20.9,0.0,https://indomet.gob.do/wp-content/uploads/2025/07/temperaturas-extremas-y-precipitaciones-2025x07x13-a.pdf
2025-07-13,027,ANAMUYA (EMA),LA ALTAGRACIA,MINISTERIO DE AGRICULTURA,EMAP,,,0.0,https://indomet.gob.do/wp-content/uploads/2025/07/temperaturas-extremas-y-precipitaciones-2025x07x13-a.pdf
2025-07-13,028,ARPT. DE LA ROMANA,LA ROMANA,ONAMET,EMCO,33.0,23.4,0.0,https://indomet.gob.do/wp-content/uploads/2025/07/temperaturas-extremas-y-precipitaciones-2025x07x13-a.pdf
2025-07-13,029,ARPT. DE PUNTA CANA,LA ALTAGRACIA,ONAMET,EMCO,31.6,23.6,0.0,https://indomet.gob.do/wp-content/uploads/2025/07/temperaturas-extremas-y-precipitaciones-2025x07x13-a.pdf
2025-07-13,030,ARPT. DEL CIBAO,SANTIAGO,ONAMET,EMCO,33.8,24.2,0.0,https://indomet.gob.do/wp-content/uploads/2025/07/temperaturas-extremas-y-precipitaciones-2025x07x13-a.pdf
2025-07-13,031,ARPT. GREGORIO LUPERÓN,PUERTO PLATA,ONAMET,EMCO,32.8,24.6,0.0,https://indomet.gob.do/wp-content/uploads/2025/07/temperaturas-extremas-y-precipitaciones-2025x07x13-a.pdf
2025-07-13,032,ARPT. LA ISABELA,SANTO DOMINGO,ONAMET,EMCO,33.6,21.5,0.0,https://indomet.gob.do/wp-content/uploads/2025/07/temperaturas-extremas-y-precipitaciones-2025x07x13-a.pdf
2025-07-13,033,ARPT. MARÍA MONTEZ,BARAHONA,ONAMET,EMCO,33.5,27.0,0.0,https://indomet.gob.do/wp-content/uploads/2025/07/temperaturas-extremas-y-precipitaciones-2025x07x13-a.pdf
2025-07-13,034,BOCA DE MAO (EMA),VALVERDE,MINISTERIO DE AGRICULTURA,EMAP,37.9,23.7,0.0,https://indomet.gob.do/wp-content/uploads/2025/07/temperaturas-extremas-y-precipitaciones-2025x07x13-a.pdf
2025-07-13,035,CABRAL,BARAHONA,MINISTERIO DE AGRICULTURA,EMCV,35.5,22.8,0.0,https://indomet.gob.do/wp-content/uploads/2025/07/temperaturas-extremas-y-precipitaciones-2025x07x13-a.pdf
2025-07-13,036,CONSTANZA,LA VEGA,MINISTERIO DE AGRICULTURA,EMCO,29.0,12.2,0.0,https://indomet.gob.do/wp-content/uploads/2025/07/temperaturas-extremas-y-precipitaciones-2025x07x13-a.pdf
2025-07-13,037,CONSTANZA (EMA),LA VEGA,PROGRAMA MUNDIAL DE ALIMENTO,EMAP,27.9,12.6,0.0,https://indomet.gob.do/wp-content/uploads/2025/07/temperaturas-extremas-y-precipitaciones-2025x07x13-a.pdf
2025-07-13,038,ELÍAS PIÑA,ELÍAS PIÑA,MINISTERIO DE AGRICULTURA,EMCV,,,0.0,https://indomet.gob.do/wp-content/uploads/2025/07/temperaturas-extremas-y-precipitaciones-2025x07x13-a.pdf
2025-07-13,039,ENRIQUILLO,BARAHONA,MINISTERIO DE AGRICULTURA,EMCV,33.3,25.0,0.0,https://indomet.gob.do/wp-content/uploads/2025/07/temperaturas-extremas-y-precipitaciones-2025x07x13-a.pdf
2025-07-13,040,ESCONDIDO,PERAVIA,MINISTERIO DE AGRICULTURA,EMCV,32.0,26.0,0.0,https://indomet.gob.do/wp-content/uploads/2025/07/temperaturas-extremas-y-precipitaciones-2025x07x13-a.pdf
2025-07-13,041,GASPAR HERNÁNDEZ,ESPAILLAT,PROPIEDAD DEL EMPLEADO,EMCO,,,0.0,https://indomet.gob.do/wp-content/uploads/2025/07/temperaturas-extremas-y-precipitaciones-2025x07x13-a.pdf
2025-07-13,042,GURABO,SANTIAGO,MINISTERIO DE AGRICULTURA,EMCV,,,0.0,https://indomet.gob.do/wp-content/uploads/2025/07/temperaturas-extremas-y-precipitaciones-2025x07x13-a.pdf
2025-07-13,043,HIGÜEY,LA ALTAGRACIA,MINISTERIO DE AGRICULTURA,EMCV,,,0.0,https://indomet.gob.do/wp-content/uploads/2025/07/temperaturas-extremas-y-precipitaciones-2025x07x13-a.pdf
2025-07-13,044,JARABACOA,LA VEGA,INDRHI / MARENA,EMCO,31.8,17.4,0.0,https://indomet.gob.do/wp-content/uploads/2025/07/temperaturas-extremas-y-precipitaciones-2025x07x13-a.pdf
2025-07-13,045,JARABACOA (EMA),LA VEGA,PROGRAMA MUNDIAL DE ALIMENTO,EMAP,31.1,18.3,0.0,https://indomet.gob.do/wp-content/uploads/2025/07/temperaturas-extremas-y-precipitaciones-2025x07x13-a.pdf
2025-07-13,046,JIMANÍ,INDEPENDENCIA,MINISTERIO DE AGRICULTURA,EMCO,37.5,25.2,0.0,https://indomet.gob.do/wp-content/uploads/2025/07/temperaturas-extremas-y-precipitaciones-2025x07x13-a.pdf
2025-07-13,047,LA VEGA,LA VEGA,IATESA,EMCO,33.0,21.5,0.0,https://indomet.gob.do/wp-content/uploads/2025/07/temperaturas-extremas-y-precipitaciones-2025x07x13-a.pdf
2025-07-13,048,LA VICTORIA,SANTO DOMINGO,CUERPO DE BOMBEROS,EMCO,35.5,22.5,0.0,https://indomet.gob.do/wp-content/uploads/2025/07/temperaturas-extremas-y-precipitaciones-2025x07x13-a.pdf
2025-07-13,049,LAS CANAS (EMA),MONTE CRISTI,PROGRAMA MUNDIAL DE ALIMENTO,EMAP,30.7,23.7,0.0,https://indomet.gob.do/wp-content/uploads/2025/07/temperaturas-extremas-y-precipitaciones-2025x07x13-a.pdf
2025-07-13,050,LAS MATAS DE SANTA CRUZ (EMA,MONTE CRISTI,PROGRAMA MUNDIAL DE ALIMENTO,EMAP,36.4,23.7,0.0,https://indomet.gob.do/wp-content/uploads/2025/07/temperaturas-extremas-y-precipitaciones-2025x07x13-a.pdf
2025-07-13,051,LOS LLANOS,SAN PEDRO DE MACORÍS,MINISTERIO DE AGRICULTURA,EMCO,34.5,22.0,0.0,https://indomet.gob.do/wp-content/uploads/2025/07/temperaturas-extremas-y-precipitaciones-2025x07x13-a.pdf
2025-07-13,052,MAO,VALVERDE,INDRHI / MINISTERIO DE AGRICULTURA,EMCV,,,0.0,https://indomet.gob.do/wp-content/uploads/2025/07/temperaturas-extremas-y-precipitaciones-2025x07x13-a.pdf
2025-07-13,053,MONCIÓN (EMA),SANTIAGO RODRÍGUEZ,PROGRAMA MUNDIAL DE ALIMENTO,EMAP,34.9,20.5,0.0,https://indomet.gob.do/wp-content/uploads/2025/07/temperaturas-extremas-y-precipitaciones-2025x07x13-a.pdf
2025-07-13,054,MONTE CRISTI,MONTE CRISTI,ONAMET,EMCO,34.4,24.8,0.0,https://indomet.gob.do/wp-content/uploads/2025/07/temperaturas-extremas-y-precipitaciones-2025x07x13-a.pdf
2025-07-13,055,NAVARRETE,SANTIAGO,MINISTERIO DE AGRICULTURA,EMCV,,,0.0,https://indomet.gob.do/wp-content/uploads/2025/07/temperaturas-extremas-y-precipitaciones-2025x07x13-a.pdf
2025-07-13,056,OVIEDO,PEDERNALES,CLÍNICA RURAL OVIEDO,EMCO,33.5,22.5,0.0,https://indomet.gob.do/wp-content/uploads/2025/07/temperaturas-extremas-y-precipitaciones-2025x07x13-a.pdf
2025-07-13,057,PALO ÍNDIO,PUERTO PLATA,MINISTERIO DE AGRICULTURA,EMCO,,,0.0,https://indomet.gob.do/wp-content/uploads/2025/07/temperaturas-extremas-y-precipitaciones-2025x07x13-a.pdf
2025-07-13,058,PARQUE MIRADOR SUR,DISTRITO NACIONAL,AYUNTAMIENTO,EMCV,33.3,22.4,0.0,https://indomet.gob.do/wp-content/uploads/2025/07/temperaturas-extremas-y-precipitaciones-2025x07x13-a.pdf
2025-07-13,059,PESCADERIA (EMA),BARAHONA,MINISTERIO DE AGRICULTURA,EMAP,34.6,23.1,0.0,https://indomet.gob.do/wp-content/uploads/2025/07/temperaturas-extremas-y-precipitaciones-2025x07x13-a.pdf
2025-07-13,060,POLO,BARAHONA,INDOCAFE,EMCO,30.6,16.7,0.0,https://indomet.gob.do/wp-content/uploads/2025/07/temperaturas-extremas-y-precipitaciones-2025x07x13-a.pdf
2025-07-13,061,PONTÓN ABAJO (EMA),LA VEGA,MINISTERIO DE AGRICULTURA,EMAP,35.8,23.1,0.0,https://indomet.gob.do/wp-content/uploads/2025/07/temperaturas-extremas-y-precipitaciones-2025x07x13-a.pdf
2025-07-13,062,PRESA DE TAVERAS (EMA),LA VEGA,PROGRAMA MUNDIAL DE ALIMENTO,EMAP,31.4,21.3,0.0,https://indomet.gob.do/wp-content/uploads/2025/07/temperaturas-extremas-y-precipitaciones-2025x07x13-a.pdf
2025-07-13,063,RANCHO ARRIBA,SAN JOSÉ DE OCOA,CENTRO TECNOLÓGICO COMUNITARIO,EMCO,32.1,17.0,0.0,https://indomet.gob.do/wp-content/uploads/2025/07/temperaturas-extremas-y-precipitaciones-2025x07x13-a.pdf
2025-07-13,064,RESTAURACIÓN,DAJABÓN,MINISTERIO DE AGRICULTURA,EMCO,33.7,20.4,0.0,https://indomet.gob.do/wp-content/uploads/2025/07/temperaturas-extremas-y-precipitaciones-2025x07x13-a.pdf
2025-07-13,065,SABANA DE LA MAR,HATO MAYOR,ONAMET,EMCO,32.0,22.5,0.0,https://indomet.gob.do/wp-content/uploads/2025/07/temperaturas-extremas-y-precipitaciones-2025x07x13-a.pdf
2025-07-13,066,SABANA GRANDE DE BOYÁ,MONTE PLATA,MINISTERIO DE AGRICULTURA,EMCV,,,0.0,https://indomet.gob.do/wp-content/uploads/2025/07/temperaturas-extremas-y-precipitaciones-2025x07x13-a.pdf
2025-07-13,067,SABANETA (EMA),SANTIAGO RODRÍGUEZ,PROGRAMA MUNDIAL DE ALIMENTO,EMAP,38.7,22.7,0.0,https://indomet.gob.do/wp-content/uploads/2025/07/temperaturas-extremas-y-precipitaciones-2025x07x13-a.pdf
2025-07-13,068,SALCEDO,HERMANAS MIRABAL,PROPIEDAD DEL EMPLEADO,EMCO,,,0.0,https://indomet.gob.do/wp-content/uploads/2025/07/temperaturas-extremas-y-precipitaciones-2025x07x13-a.pdf
2025-07-13,069,SAN FRANCISCO DE MACORÍS,DUARTE,San Francisco de Macorís (UASD),EMCO,34.4,23.1,0.0,https://indomet.gob.do/wp-content/uploads/2025/07/temperaturas-extremas-y-precipitaciones-2025x07x13-a.pdf
2025-07-13,070,SAN RAFAEL DEL YUMA,LA ALTAGRACIA,MINISTERIO DE AGRICULTURA,EMCO,34.6,23.9,0.0,https://indomet.gob.do/wp-content/uploads/2025/07/temperaturas-extremas-y-precipitaciones-2025x07x13-a.pdf
2025-07-13,071,SÁNCHEZ,SAMANÁ,MINISTERIO DE AGRICULTURA,EMCO,32.7,22.6,0.0,https://indomet.gob.do/wp-content/uploads/2025/07/temperaturas-extremas-y-precipitaciones-2025x07x13-a.pdf
2025-07-13,072,SANTIAGO RODRÍGUEZ,SANTIAGO RODRÍGUEZ,ONAMET,EMCO,38.0,25.0,0.0,https://indomet.gob.do/wp-content/uploads/2025/07/temperaturas-extremas-y-precipitaciones-2025x07x13-a.pdf
2025-07-13,073,VILLA ALTAGRACIA,SAN CRISTÓBAL,ESCUELA JAVIER ANGULO GURIDI,EMCO,,,0.0,https://indomet.gob.do/wp-content/uploads/2025/07/temperaturas-extremas-y-precipitaciones-2025x07x13-a.pdf
2025-07-13,074,VILLA GONZALES,SANTIAGO,MINISTERIO DE AGRICULTURA,EMCO,,,0.0,https://indomet.gob.do/wp-content/uploads/2025/07/temperaturas-extremas-y-precipitaciones-2025x07x13-a.pdf
2025-07-13,075,VILLA ISABELA,PUERTO PLATA,MINISTERIO DE AGRICULTURA,EMCV,,,0.0,https://indomet.gob.do/wp-content/uploads/2025/07/temperaturas-extremas-y-precipitaciones-2025x07x13-a.pdf
2025-07-14,001,ARPT. LA ISABELA,SANTO DOMINGO,ONAMET,EMCO,31.5,21.0,12.2,https://indomet.gob.do/wp-content/uploads/2025/07/temperaturas-extremas-y-precipitaciones-2025x07x14-a.pdf
2025-07-14,002,BANI (EMA),PERAVIA,MINISTERIO DE AGRICULTURA,EMAP,31.9,23.0,10.6,https://indomet.gob.do/wp-content/uploads/2025/07/temperaturas-extremas-y-precipitaciones-2025x07x14-a.pdf
2025-07-14,003,SAN FRANCISCO DE MACORÍS,DUARTE,San Francisco de Macorís (UASD),EMCO,33.4,23.5,9.6,https://indomet.gob.do/wp-content/uploads/2025/07/temperaturas-extremas-y-precipitaciones-2025x07x14-a.pdf
2025-07-14,004,DAJABÓN,DAJABÓN,INSTITUTO POLITÉCNICO LOYOLA,EMCO,34.8,21.0,8.5,https://indomet.gob.do/wp-content/uploads/2025/07/temperaturas-extremas-y-precipitaciones-2025x07x14-a.pdf
2025-07-14,005,SABANA GRANDE DE BOYÁ,MONTE PLATA,MINISTERIO DE AGRICULTURA,EMCV,,,7.9,https://indomet.gob.do/wp-content/uploads/2025/07/temperaturas-extremas-y-precipitaciones-2025x07x14-a.pdf
2025-07-14,006,BAYAGUANA,MONTE PLATA,ONAMET,EMCO,31.6,21.6,7.2,https://indomet.gob.do/wp-content/uploads/2025/07/temperaturas-extremas-y-precipitaciones-2025x07x14-a.pdf
2025-07-14,007,LOS JENGIBRES,NAGUA,INDRHI,EMCO,,,6.5,https://indomet.gob.do/wp-content/uploads/2025/07/temperaturas-extremas-y-precipitaciones-2025x07x14-a.pdf
2025-07-14,008,RESTAURACIÓN,DAJABÓN,MINISTERIO DE AGRICULTURA,EMCO,32.0,19.3,5.2,https://indomet.gob.do/wp-content/uploads/2025/07/temperaturas-extremas-y-precipitaciones-2025x07x14-a.pdf
2025-07-14,009,SALCEDO,HERMANAS MIRABAL,PROPIEDAD DEL EMPLEADO,EMCO,,,5.0,https://indomet.gob.do/wp-content/uploads/2025/07/temperaturas-extremas-y-precipitaciones-2025x07x14-a.pdf
2025-07-14,010,JARDÍN BOTÁNICO NACIONAL,DISTRITO NACIONAL,JARDÍN BOTÁNICO NACIONAL,EMCV,30.5,22.9,4.4,https://indomet.gob.do/wp-content/uploads/2025/07/temperaturas-extremas-y-precipitaciones-2025x07x14-a.pdf
2025-07-14,011,SÁNCHEZ,SAMANÁ,MINISTERIO DE AGRICULTURA,EMCO,33.3,22.1,4.2,https://indomet.gob.do/wp-content/uploads/2025/07/temperaturas-extremas-y-precipitaciones-2025x07x14-a.pdf
2025-07-14,012,MONTE CRISTI,MONTE CRISTI,ONAMET,EMCO,33.1,24.8,3.8,https://indomet.gob.do/wp-content/uploads/2025/07/temperaturas-extremas-y-precipitaciones-2025x07x14-a.pdf
2025-07-14,013,ARPT. ARROYO BARRIL,SAMANÁ,ONAMET,EMCO,32.0,23.5,3.7,https://indomet.gob.do/wp-content/uploads/2025/07/temperaturas-extremas-y-precipitaciones-2025x07x14-a.pdf
2025-07-14,014,VILLA RIVA,DUARTE,HOSP. MPAL. ALICIA DE LEGENDRE,EMCO,32.0,23.0,2.8,https://indomet.gob.do/wp-content/uploads/2025/07/temperaturas-extremas-y-precipitaciones-2025x07x14-a.pdf
2025-07-14,015,PASO AL MEDIO,SAN PEDRO DE MACORÍS,INDRHI,EMCO,,,2.6,https://indomet.gob.do/wp-content/uploads/2025/07/temperaturas-extremas-y-precipitaciones-2025x07x14-a.pdf
2025-07-14,016,HATO MAYOR,HATO MAYOR,MINISTERIO DE AGRICULTURA,EMCV,,,2.0,https://indomet.gob.do/wp-content/uploads/2025/07/temperaturas-extremas-y-precipitaciones-2025x07x14-a.pdf
2025-07-14,017,PARQUE MIRADOR SUR,DISTRITO NACIONAL,AYUNTAMIENTO,EMCV,32.9,23.0,1.8,https://indomet.gob.do/wp-content/uploads/2025/07/temperaturas-extremas-y-precipitaciones-2025x07x14-a.pdf
2025-07-14,018,CENTRO DE LOS HEROES (EMA),DISTRITO NACIONAL,MINISTERIO DE ENERGIA Y MINA,EMAP,32.3,25.9,1.4,https://indomet.gob.do/wp-content/uploads/2025/07/temperaturas-extremas-y-precipitaciones-2025x07x14-a.pdf
2025-07-14,019,OVIEDO,PEDERNALES,CLÍNICA RURAL OVIEDO,EMCO,33.5,,1.4,https://indomet.gob.do/wp-content/uploads/2025/07/temperaturas-extremas-y-precipitaciones-2025x07x14-a.pdf
2025-07-14,020,CABRAL,BARAHONA,MINISTERIO DE AGRICULTURA,EMCV,34.6,25.5,1.2,https://indomet.gob.do/wp-content/uploads/2025/07/temperaturas-extremas-y-precipitaciones-2025x07x14-a.pdf
2025-07-14,021,SAN CRISTÓBAL,SAN CRISTÓBAL,INSTITUTO POLITÉCNICO LOYOLA,EMCO,32.0,20.2,1.1,https://indomet.gob.do/wp-content/uploads/2025/07/temperaturas-extremas-y-precipitaciones-2025x07x14-a.pdf
2025-07-14,022,BOHECHÍO,SAN JUAN,MINISTERIO DE AGRICULTURA,EMCV,,,1.0,https://indomet.gob.do/wp-content/uploads/2025/07/temperaturas-extremas-y-precipitaciones-2025x07x14-a.pdf
2025-07-14,023,RANCHO ARRIBA,SAN JOSÉ DE OCOA,CENTRO TECNOLÓGICO COMUNITARIO,EMCO,29.6,19.7,1.0,https://indomet.gob.do/wp-content/uploads/2025/07/temperaturas-extremas-y-precipitaciones-2025x07x14-a.pdf
2025-07-14,024,SAMANÁ,SAMANÁ,COMANDANCIA DE PUERTO DE SAMANÁ,EMCO,31.0,23.7,0.6,https://indomet.gob.do/wp-content/uploads/2025/07/temperaturas-extremas-y-precipitaciones-2025x07x14-a.pdf
2025-07-14,025,NAVARRETE,SANTIAGO,MINISTERIO DE AGRICULTURA,EMCV,,,0.6,https://indomet.gob.do/wp-content/uploads/2025/07/temperaturas-extremas-y-precipitaciones-2025x07x14-a.pdf
2025-07-14,026,CABRERA,MARÍA TRINIDAD SÁNCHEZ,ESCUELA ARÍSTIDES FIALLO CABRAL,EMCO,32.5,25.0,0.5,https://indomet.gob.do/wp-content/uploads/2025/07/temperaturas-extremas-y-precipitaciones-2025x07x14-a.pdf
2025-07-14,027,RÍO SAN JUAN,MARÍA TRINIDAD SÁNCHEZ,HOSP. MPAL. DR. DESIDERIO ACOSTA,EMCV,33.3,24.8,0.4,https://indomet.gob.do/wp-content/uploads/2025/07/temperaturas-extremas-y-precipitaciones-2025x07x14-a.pdf
2025-07-14,028,ARPT. GREGORIO LUPERÓN,PUERTO PLATA,ONAMET,EMCO,32.4,24.2,0.3,https://indomet.gob.do/wp-content/uploads/2025/07/temperaturas-extremas-y-precipitaciones-2025x07x14-a.pdf
2025-07-14,029,SAN JOSÉ DE OCOA,SAN JOSÉ DE OCOA,HOSP. SAN JOSÉ DE OCOA,EMCO,31.2,22.5,0.2,https://indomet.gob.do/wp-content/uploads/2025/07/temperaturas-extremas-y-precipitaciones-2025x07x14-a.pdf
2025-07-14,030,HONDO VALLE,ELÍAS PIÑA,MINISTERIO DE AGRICULTURA,EMCO,27.7,17.8,0.1,https://indomet.gob.do/wp-content/uploads/2025/07/temperaturas-extremas-y-precipitaciones-2025x07x14-a.pdf
2025-07-14,031,PADRE LAS CASAS,AZUA,HOSP. NTRA. SRA. DEL CARMEN,EMCO,32.3,21.5,0.1,https://indomet.gob.do/wp-content/uploads/2025/07/temperaturas-extremas-y-precipitaciones-2025x07x14-a.pdf
2025-07-14,032,PERALTA,AZUA,HOSP. MPAL. DE PERALTA,EMCO,30.0,20.1,0.1,https://indomet.gob.do/wp-content/uploads/2025/07/temperaturas-extremas-y-precipitaciones-2025x07x14-a.pdf
2025-07-14,033,SANTO DOMINGO ESTE,SANTO DOMINGO,ONAMET,EMCO,31.0,25.0,0.1,https://indomet.gob.do/wp-content/uploads/2025/07/temperaturas-extremas-y-precipitaciones-2025x07x14-a.pdf
2025-07-14,034,ALTAMIRA,PUERTO PLATA,HOSP. MPAL. DE ALTAMIRA,EMCO,35.4,21.5,0.0,https://indomet.gob.do/wp-content/uploads/2025/07/temperaturas-extremas-y-precipitaciones-2025x07x14-a.pdf
2025-07-14,035,ANAMUYA (EMA),LA ALTAGRACIA,MINISTERIO DE AGRICULTURA,EMAP,31.9,24.5,0.0,https://indomet.gob.do/wp-content/uploads/2025/07/temperaturas-extremas-y-precipitaciones-2025x07x14-a.pdf
2025-07-14,036,ARPT. DE LA ROMANA,LA ROMANA,ONAMET,EMCO,32.4,22.3,0.0,https://indomet.gob.do/wp-content/uploads/2025/07/temperaturas-extremas-y-precipitaciones-2025x07x14-a.pdf
2025-07-14,037,ARPT. DE LAS AMÉRICAS,SANTO DOMINGO,ONAMET,EMCO,33.0,22.3,0.0,https://indomet.gob.do/wp-content/uploads/2025/07/temperaturas-extremas-y-precipitaciones-2025x07x14-a.pdf
2025-07-14,038,ARPT. DE PUNTA CANA,LA ALTAGRACIA,ONAMET,EMCO,32.0,24.5,0.0,https://indomet.gob.do/wp-content/uploads/2025/07/temperaturas-extremas-y-precipitaciones-2025x07x14-a.pdf
2025-07-14,039,ARPT. DEL CIBAO,SANTIAGO,ONAMET,EMCO,34.0,21.0,0.0,https://indomet.gob.do/wp-content/uploads/2025/07/temperaturas-extremas-y-precipitaciones-2025x07x14-a.pdf
2025-07-14,040,ARPT. EL CATEY,SAMANÁ,ONAMET,EMCO,31.4,22.6,0.0,https://indomet.gob.do/wp-content/uploads/2025/07/temperaturas-extremas-y-precipitaciones-2025x07x14-a.pdf
2025-07-14,041,ARPT. MARÍA MONTEZ,BARAHONA,ONAMET,EMCO,33.2,23.0,0.0,https://indomet.gob.do/wp-content/uploads/2025/07/temperaturas-extremas-y-precipitaciones-2025x07x14-a.pdf
2025-07-14,042,ARROYO LORO,SAN JUAN,IDIAF,EMCO,33.5,22.4,0.0,https://indomet.gob.do/wp-content/uploads/2025/07/temperaturas-extremas-y-precipitaciones-2025x07x14-a.pdf
2025-07-14,043,BOCA DE MAO (EMA),VALVERDE,MINISTERIO DE AGRICULTURA,EMAP,36.4,24.2,0.0,https://indomet.gob.do/wp-content/uploads/2025/07/temperaturas-extremas-y-precipitaciones-2025x07x14-a.pdf
2025-07-14,044,BONAO,MONSEÑOR NOUEL,MINISTERIO DE AGRICULTURA,EMCV,,,0.0,https://indomet.gob.do/wp-content/uploads/2025/07/temperaturas-extremas-y-precipitaciones-2025x07x14-a.pdf
2025-07-14,045,CONSTANZA,LA VEGA,MINISTERIO DE AGRICULTURA,EMCO,26.7,15.2,0.0,https://indomet.gob.do/wp-content/uploads/2025/07/temperaturas-extremas-y-precipitaciones-2025x07x14-a.pdf
2025-07-14,046,CONSTANZA (EMA),LA VEGA,PROGRAMA MUNDIAL DE ALIMENTO,EMAP,25.7,15.6,0.0,https://indomet.gob.do/wp-content/uploads/2025/07/temperaturas-extremas-y-precipitaciones-2025x07x14-a.pdf
2025-07-14,047,COTUÍ,SÁNCHEZ RAMÍREZ,HOSP. INMACULADA CONCEPCIÓN,EMCV,,,0.0,https://indomet.gob.do/wp-content/uploads/2025/07/temperaturas-extremas-y-precipitaciones-2025x07x14-a.pdf
2025-07-14,048,EL CERCADO,SAN JUAN,MINISTERIO DE AGRICULTURA,EMCV,,,0.0,https://indomet.gob.do/wp-content/uploads/2025/07/temperaturas-extremas-y-precipitaciones-2025x07x14-a.pdf
2025-07-14,049,ELÍAS PIÑA,ELÍAS PIÑA,MINISTERIO DE AGRICULTURA,EMCV,,,0.0,https://indomet.gob.do/wp-content/uploads/2025/07/temperaturas-extremas-y-precipitaciones-2025x07x14-a.pdf
2025-07-14,050,ENRIQUILLO,BARAHONA,MINISTERIO DE AGRICULTURA,EMCV,33.7,,0.0,https://indomet.gob.do/wp-content/uploads/2025/07/temperaturas-extremas-y-precipitaciones-2025x07x14-a.pdf
2025-07-14,051,ESCONDIDO,PERAVIA,MINISTERIO DE AGRICULTURA,EMCV,32.0,24.0,0.0,https://indomet.gob.do/wp-content/uploads/2025/07/temperaturas-extremas-y-precipitaciones-2025x07x14-a.pdf
2025-07-14,052,GASPAR HERNÁNDEZ,ESPAILLAT,PROPIEDAD DEL EMPLEADO,EMCO,,,0.0,https://indomet.gob.do/wp-content/uploads/2025/07/temperaturas-extremas-y-precipitaciones-2025x07x14-a.pdf
2025-07-14,053,GURABO,SANTIAGO,MINISTERIO DE AGRICULTURA,EMCV,,,0.0,https://indomet.gob.do/wp-content/uploads/2025/07/temperaturas-extremas-y-precipitaciones-2025x07x14-a.pdf
2025-07-14,054,HIGÜEY,LA ALTAGRACIA,MINISTERIO DE AGRICULTURA,EMCV,,,0.0,https://indomet.gob.do/wp-content/uploads/2025/07/temperaturas-extremas-y-precipitaciones-2025x07x14-a.pdf
2025-07-14,055,JARABACOA,LA VEGA,INDRHI / MARENA,EMCO,31.0,19.0,0.0,https://indomet.gob.do/wp-content/uploads/2025/07/temperaturas-extremas-y-precipitaciones-2025x07x14-a.pdf
2025-07-14,056,JARABACOA (EMA),LA VEGA,PROGRAMA MUNDIAL DE ALIMENTO,EMAP,30.3,19.9,0.0,https://indomet.gob.do/wp-content/uploads/2025/07/temperaturas-extremas-y-precipitaciones-2025x07x14-a.pdf
2025-07-14,057,JIMANÍ,INDEPENDENCIA,MINISTERIO DE AGRICULTURA,EMCO,36.6,23.5,0.0,https://indomet.gob.do/wp-content/uploads/2025/07/temperaturas-extremas-y-precipitaciones-2025x07x14-a.pdf
2025-07-14,058,JUMA BEJUCAL,MONSEÑOR NOUEL,IDIAF,EMCV,31.8,24.4,0.0,https://indomet.gob.do/wp-content/uploads/2025/07/temperaturas-extremas-y-precipitaciones-2025x07x14-a.pdf
2025-07-14,059,LA VEGA,LA VEGA,IATESA,EMCO,32.0,22.5,0.0,https://indomet.gob.do/wp-content/uploads/2025/07/temperaturas-extremas-y-precipitaciones-2025x07x14-a.pdf
2025-07-14,060,LA VICTORIA,SANTO DOMINGO,CUERPO DE BOMBEROS,EMCO,32.5,22.0,0.0,https://indomet.gob.do/wp-content/uploads/2025/07/temperaturas-extremas-y-precipitaciones-2025x07x14-a.pdf
2025-07-14,061,LAS CANAS (EMA),MONTE CRISTI,PROGRAMA MUNDIAL DE ALIMENTO,EMAP,31.2,23.8,0.0,https://indomet.gob.do/wp-content/uploads/2025/07/temperaturas-extremas-y-precipitaciones-2025x07x14-a.pdf
2025-07-14,062,LAS MATAS DE SANTA CRUZ (EMA,MONTE CRISTI,PROGRAMA MUNDIAL DE ALIMENTO,EMAP,35.6,24.2,0.0,https://indomet.gob.do/wp-content/uploads/2025/07/temperaturas-extremas-y-precipitaciones-2025x07x14-a.pdf
2025-07-14,063,LOS LLANOS,SAN PEDRO DE MACORÍS,MINISTERIO DE AGRICULTURA,EMCO,33.3,23.8,0.0,https://indomet.gob.do/wp-content/uploads/2025/07/temperaturas-extremas-y-precipitaciones-2025x07x14-a.pdf
2025-07-14,064,MAO,VALVERDE,INDRHI / MINISTERIO DE AGRICULTURA,EMCV,,,0.0,https://indomet.gob.do/wp-content/uploads/2025/07/temperaturas-extremas-y-precipitaciones-2025x07x14-a.pdf
2025-07-14,065,MONCIÓN (EMA),SANTIAGO RODRÍGUEZ,PROGRAMA MUNDIAL DE ALIMENTO,EMAP,35.3,21.2,0.0,https://indomet.gob.do/wp-content/uploads/2025/07/temperaturas-extremas-y-precipitaciones-2025x07x14-a.pdf
2025-07-14,066,OLIVARES,PEDERNALES,INDRHI,EMCO,,,0.0,https://indomet.gob.do/wp-content/uploads/2025/07/temperaturas-extremas-y-precipitaciones-2025x07x14-a.pdf
2025-07-14,067,PALO ÍNDIO,PUERTO PLATA,MINISTERIO DE AGRICULTURA,EMCO,,,0.0,https://indomet.gob.do/wp-content/uploads/2025/07/temperaturas-extremas-y-precipitaciones-2025x07x14-a.pdf
2025-07-14,068,PEDERNALES,PEDERNALES,INDRHI,EMCO,,,0.0,https://indomet.gob.do/wp-content/uploads/2025/07/temperaturas-extremas-y-precipitaciones-2025x07x14-a.pdf
2025-07-14,069,PESCADERIA (EMA),BARAHONA,MINISTERIO DE AGRICULTURA,EMAP,35.4,26.8,0.0,https://indomet.gob.do/wp-content/uploads/2025/07/temperaturas-extremas-y-precipitaciones-2025x07x14-a.pdf
2025-07-14,070,PONTÓN ABAJO (EMA),LA VEGA,MINISTERIO DE AGRICULTURA,EMAP,33.2,23.0,0.0,https://indomet.gob.do/wp-content/uploads/2025/07/temperaturas-extremas-y-precipitaciones-2025x07x14-a.pdf
2025-07-14,071,PRESA DE TAVERAS (EMA),LA VEGA,PROGRAMA MUNDIAL DE ALIMENTO,EMAP,30.3,21.7,0.0,https://indomet.gob.do/wp-content/uploads/2025/07/temperaturas-extremas-y-precipitaciones-2025x07x14-a.pdf
2025-07-14,072,SABANA DE LA MAR,HATO MAYOR,ONAMET,EMCO,31.5,23.0,0.0,https://indomet.gob.do/wp-content/uploads/2025/07/temperaturas-extremas-y-precipitaciones-2025x07x14-a.pdf
2025-07-14,073,SABANETA (EMA),SANTIAGO RODRÍGUEZ,PROGRAMA MUNDIAL DE ALIMENTO,EMAP,36.2,23.7,0.0,https://indomet.gob.do/wp-content/uploads/2025/07/temperaturas-extremas-y-precipitaciones-2025x07x14-a.pdf
2025-07-14,074,SAN RAFAEL DEL YUMA,LA ALTAGRACIA,MINISTERIO DE AGRICULTURA,EMCO,34.0,23.9,0.0,https://indomet.gob.do/wp-content/uploads/2025/07/temperaturas-extremas-y-precipitaciones-2025x07x14-a.pdf
2025-07-14,075,SANTIAGO RODRÍGUEZ,SANTIAGO RODRÍGUEZ,ONAMET,EMCO,36.5,24.0,0.0,https://indomet.gob.do/wp-content/uploads/2025/07/temperaturas-extremas-y-precipitaciones-2025x07x14-a.pdf
2025-07-14,076,TÁBARA ABAJO,AZUA,INDRHI,EMCO,34.5,20.0,0.0,https://indomet.gob.do/wp-content/uploads/2025/07/temperaturas-extremas-y-precipitaciones-2025x07x14-a.pdf
2025-07-14,077,TAMBORIL,SANTIAGO,MINISTERIO DE AGRICULTURA,EMCV,,,0.0,https://indomet.gob.do/wp-content/uploads/2025/07/temperaturas-extremas-y-precipitaciones-2025x07x14-a.pdf
2025-07-14,078,TAVERA,SANTIAGO,INDRHI,EMCO,,,0.0,https://indomet.gob.do/wp-content/uploads/2025/07/temperaturas-extremas-y-precipitaciones-2025x07x14-a.pdf
2025-07-14,079,VALLE NUEVO (EMA),LA VEGA,MARENA,EMAO,19.2,12.3,0.0,https://indomet.gob.do/wp-content/uploads/2025/07/temperaturas-extremas-y-precipitaciones-2025x07x14-a.pdf
2025-07-14,080,VILLA ALTAGRACIA,SAN CRISTÓBAL,ESCUELA JAVIER ANGULO GURIDI,EMCO,,,0.0,https://indomet.gob.do/wp-content/uploads/2025/07/temperaturas-extremas-y-precipitaciones-2025x07x14-a.pdf
2025-07-14,081,VILLA GONZALES,SANTIAGO,MINISTERIO DE AGRICULTURA,EMCO,,,0.0,https://indomet.gob.do/wp-content/uploads/2025/07/temperaturas-extremas-y-precipitaciones-2025x07x14-a.pdf
2025-07-14,082,VILLA ISABELA,PUERTO PLATA,MINISTERIO DE AGRICULTURA,EMCV,,,0.0,https://indomet.gob.do/wp-content/uploads/2025/07/temperaturas-extremas-y-precipitaciones-2025x07x14-a.pdf
2025-07-15,001,ESCONDIDO,PERAVIA,MINISTERIO DE AGRICULTURA,EMCV,32.0,23.0,10.7,https://indomet.gob.do/wp-content/uploads/2025/07/temperaturas-extremas-y-precipitaciones-2025x07x15-a.pdf
2025-07-15,002,SABANA GRANDE DE BOYÁ,MONTE PLATA,MINISTERIO DE AGRICULTURA,EMCV,,,6.4,https://indomet.gob.do/wp-content/uploads/2025/07/temperaturas-extremas-y-precipitaciones-2025x07x15-a.pdf
2025-07-15,003,RANCHO ARRIBA,SAN JOSÉ DE OCOA,CENTRO TECNOLÓGICO COMUNITARIO,EMCO,30.7,17.8,4.8,https://indomet.gob.do/wp-content/uploads/2025/07/temperaturas-extremas-y-precipitaciones-2025x07x15-a.pdf
2025-07-15,004,ARPT. MARÍA MONTEZ,BARAHONA,ONAMET,EMCO,33.0,24.0,4.6,https://indomet.gob.do/wp-content/uploads/2025/07/temperaturas-extremas-y-precipitaciones-2025x07x15-a.pdf
2025-07-15,005,ARPT. LA ISABELA,SANTO DOMINGO,ONAMET,EMCO,33.1,22.7,3.7,https://indomet.gob.do/wp-content/uploads/2025/07/temperaturas-extremas-y-precipitaciones-2025x07x15-a.pdf
2025-07-15,006,CABRAL,BARAHONA,MINISTERIO DE AGRICULTURA,EMCV,34.3,24.7,3.4,https://indomet.gob.do/wp-content/uploads/2025/07/temperaturas-extremas-y-precipitaciones-2025x07x15-a.pdf
2025-07-15,007,SAN JOSÉ DE OCOA,SAN JOSÉ DE OCOA,HOSP. SAN JOSÉ DE OCOA,EMCO,32.5,21.1,3.4,https://indomet.gob.do/wp-content/uploads/2025/07/temperaturas-extremas-y-precipitaciones-2025x07x15-a.pdf
2025-07-15,008,BONAO,MONSEÑOR NOUEL,MINISTERIO DE AGRICULTURA,EMCV,,,2.8,https://indomet.gob.do/wp-content/uploads/2025/07/temperaturas-extremas-y-precipitaciones-2025x07x15-a.pdf
2025-07-15,009,JUMA BEJUCAL,MONSEÑOR NOUEL,IDIAF,EMCV,33.2,23.6,2.1,https://indomet.gob.do/wp-content/uploads/2025/07/temperaturas-extremas-y-precipitaciones-2025x07x15-a.pdf
2025-07-15,010,POLO,BARAHONA,INDOCAFE,EMCO,29.0,18.0,1.3,https://indomet.gob.do/wp-content/uploads/2025/07/temperaturas-extremas-y-precipitaciones-2025x07x15-a.pdf
2025-07-15,011,VILLA ALTAGRACIA,SAN CRISTÓBAL,ESCUELA JAVIER ANGULO GURIDI,EMCO,,,1.2,https://indomet.gob.do/wp-content/uploads/2025/07/temperaturas-extremas-y-precipitaciones-2025x07x15-a.pdf
2025-07-15,012,LA VICTORIA,SANTO DOMINGO,CUERPO DE BOMBEROS,EMCO,32.3,23.0,1.0,https://indomet.gob.do/wp-content/uploads/2025/07/temperaturas-extremas-y-precipitaciones-2025x07x15-a.pdf
2025-07-15,013,PADRE LAS CASAS,AZUA,HOSP. NTRA. SRA. DEL CARMEN,EMCO,32.8,18.5,0.3,https://indomet.gob.do/wp-content/uploads/2025/07/temperaturas-extremas-y-precipitaciones-2025x07x15-a.pdf
2025-07-15,014,CONSTANZA,LA VEGA,MINISTERIO DE AGRICULTURA,EMCO,26.7,13.0,0.2,https://indomet.gob.do/wp-content/uploads/2025/07/temperaturas-extremas-y-precipitaciones-2025x07x15-a.pdf
2025-07-15,015,CONSTANZA (EMA),LA VEGA,PROGRAMA MUNDIAL DE ALIMENTO,EMAP,25.8,13.3,0.2,https://indomet.gob.do/wp-content/uploads/2025/07/temperaturas-extremas-y-precipitaciones-2025x07x15-a.pdf
2025-07-15,016,ALTAMIRA,PUERTO PLATA,HOSP. MPAL. DE ALTAMIRA,EMCO,35.0,22.1,0.0,https://indomet.gob.do/wp-content/uploads/2025/07/temperaturas-extremas-y-precipitaciones-2025x07x15-a.pdf
2025-07-15,017,ANAMUYA (EMA),LA ALTAGRACIA,MINISTERIO DE AGRICULTURA,EMAP,32.6,23.9,0.0,https://indomet.gob.do/wp-content/uploads/2025/07/temperaturas-extremas-y-precipitaciones-2025x07x15-a.pdf
2025-07-15,018,ARPT. ARROYO BARRIL,SAMANÁ,ONAMET,EMCO,32.2,24.0,0.0,https://indomet.gob.do/wp-content/uploads/2025/07/temperaturas-extremas-y-precipitaciones-2025x07x15-a.pdf
2025-07-15,019,ARPT. DE LA ROMANA,LA ROMANA,ONAMET,EMCO,33.8,23.6,0.0,https://indomet.gob.do/wp-content/uploads/2025/07/temperaturas-extremas-y-precipitaciones-2025x07x15-a.pdf
2025-07-15,020,ARPT. DE LAS AMÉRICAS,SANTO DOMINGO,ONAMET,EMCO,33.0,23.6,0.0,https://indomet.gob.do/wp-content/uploads/2025/07/temperaturas-extremas-y-precipitaciones-2025x07x15-a.pdf
2025-07-15,021,ARPT. DE PUNTA CANA,LA ALTAGRACIA,ONAMET,EMCO,32.2,24.2,0.0,https://indomet.gob.do/wp-content/uploads/2025/07/temperaturas-extremas-y-precipitaciones-2025x07x15-a.pdf
2025-07-15,022,ARPT. DEL CIBAO,SANTIAGO,ONAMET,EMCO,33.5,22.0,0.0,https://indomet.gob.do/wp-content/uploads/2025/07/temperaturas-extremas-y-precipitaciones-2025x07x15-a.pdf
2025-07-15,023,ARPT. EL CATEY,SAMANÁ,ONAMET,EMCO,31.6,23.0,0.0,https://indomet.gob.do/wp-content/uploads/2025/07/temperaturas-extremas-y-precipitaciones-2025x07x15-a.pdf
2025-07-15,024,ARPT. GREGORIO LUPERÓN,PUERTO PLATA,ONAMET,EMCO,33.2,24.5,0.0,https://indomet.gob.do/wp-content/uploads/2025/07/temperaturas-extremas-y-precipitaciones-2025x07x15-a.pdf
2025-07-15,025,ARROYO LORO,SAN JUAN,IDIAF,EMCO,34.0,21.4,0.0,https://indomet.gob.do/wp-content/uploads/2025/07/temperaturas-extremas-y-precipitaciones-2025x07x15-a.pdf
2025-07-15,026,BAYAGUANA,MONTE PLATA,ONAMET,EMCO,33.5,23.0,0.0,https://indomet.gob.do/wp-content/uploads/2025/07/temperaturas-extremas-y-precipitaciones-2025x07x15-a.pdf
2025-07-15,027,BOCA DE MAO (EMA),VALVERDE,MINISTERIO DE AGRICULTURA,EMAP,36.2,25.6,0.0,https://indomet.gob.do/wp-content/uploads/2025/07/temperaturas-extremas-y-precipitaciones-2025x07x15-a.pdf
2025-07-15,028,BOHECHÍO,SAN JUAN,MINISTERIO DE AGRICULTURA,EMCV,,,0.0,https://indomet.gob.do/wp-content/uploads/2025/07/temperaturas-extremas-y-precipitaciones-2025x07x15-a.pdf
2025-07-15,029,CABRERA,MARÍA TRINIDAD SÁNCHEZ,ESCUELA ARÍSTIDES FIALLO CABRAL,EMCO,33.0,26.0,0.0,https://indomet.gob.do/wp-content/uploads/2025/07/temperaturas-extremas-y-precipitaciones-2025x07x15-a.pdf
2025-07-15,030,CENTRO DE LOS HEROES (EMA),DISTRITO NACIONAL,MINISTERIO DE ENERGIA Y MINA,EMAP,32.0,26.3,0.0,https://indomet.gob.do/wp-content/uploads/2025/07/temperaturas-extremas-y-precipitaciones-2025x07x15-a.pdf
2025-07-15,031,DAJABÓN,DAJABÓN,INSTITUTO POLITÉCNICO LOYOLA,EMCO,35.0,20.5,0.0,https://indomet.gob.do/wp-content/uploads/2025/07/temperaturas-extremas-y-precipitaciones-2025x07x15-a.pdf
2025-07-15,032,EL CERCADO,SAN JUAN,MINISTERIO DE AGRICULTURA,EMCV,,,0.0,https://indomet.gob.do/wp-content/uploads/2025/07/temperaturas-extremas-y-precipitaciones-2025x07x15-a.pdf
2025-07-15,033,ELÍAS PIÑA,ELÍAS PIÑA,MINISTERIO DE AGRICULTURA,EMCV,,,0.0,https://indomet.gob.do/wp-content/uploads/2025/07/temperaturas-extremas-y-precipitaciones-2025x07x15-a.pdf
2025-07-15,034,ENRIQUILLO,BARAHONA,MINISTERIO DE AGRICULTURA,EMCV,33.0,25.5,0.0,https://indomet.gob.do/wp-content/uploads/2025/07/temperaturas-extremas-y-precipitaciones-2025x07x15-a.pdf
2025-07-15,035,GASPAR HERNÁNDEZ,ESPAILLAT,PROPIEDAD DEL EMPLEADO,EMCO,,,0.0,https://indomet.gob.do/wp-content/uploads/2025/07/temperaturas-extremas-y-precipitaciones-2025x07x15-a.pdf
2025-07-15,036,GURABO,SANTIAGO,MINISTERIO DE AGRICULTURA,EMCV,,,0.0,https://indomet.gob.do/wp-content/uploads/2025/07/temperaturas-extremas-y-precipitaciones-2025x07x15-a.pdf
2025-07-15,037,HATO MAYOR,HATO MAYOR,MINISTERIO DE AGRICULTURA,EMCV,,,0.0,https://indomet.gob.do/wp-content/uploads/2025/07/temperaturas-extremas-y-precipitaciones-2025x07x15-a.pdf
2025-07-15,038,HONDO VALLE,ELÍAS PIÑA,MINISTERIO DE AGRICULTURA,EMCO,28.0,18.1,0.0,https://indomet.gob.do/wp-content/uploads/2025/07/temperaturas-extremas-y-precipitaciones-2025x07x15-a.pdf
2025-07-15,039,JARABACOA,LA VEGA,INDRHI / MARENA,EMCO,32.0,18.6,0.0,https://indomet.gob.do/wp-content/uploads/2025/07/temperaturas-extremas-y-precipitaciones-2025x07x15-a.pdf
2025-07-15,040,JARABACOA (EMA),LA VEGA,PROGRAMA MUNDIAL DE ALIMENTO,EMAP,31.3,19.2,0.0,https://indomet.gob.do/wp-content/uploads/2025/07/temperaturas-extremas-y-precipitaciones-2025x07x15-a.pdf
2025-07-15,041,JARDÍN BOTÁNICO NACIONAL,DISTRITO NACIONAL,JARDÍN BOTÁNICO NACIONAL,EMCV,33.1,22.2,0.0,https://indomet.gob.do/wp-content/uploads/2025/07/temperaturas-extremas-y-precipitaciones-2025x07x15-a.pdf
2025-07-15,042,JIMANÍ,INDEPENDENCIA,MINISTERIO DE AGRICULTURA,EMCO,36.4,25.0,0.0,https://indomet.gob.do/wp-content/uploads/2025/07/temperaturas-extremas-y-precipitaciones-2025x07x15-a.pdf
2025-07-15,043,LA VEGA,LA VEGA,IATESA,EMCO,33.0,23.0,0.0,https://indomet.gob.do/wp-content/uploads/2025/07/temperaturas-extremas-y-precipitaciones-2025x07x15-a.pdf
2025-07-15,044,LAS CANAS (EMA),MONTE CRISTI,PROGRAMA MUNDIAL DE ALIMENTO,EMAP,32.3,25.0,0.0,https://indomet.gob.do/wp-content/uploads/2025/07/temperaturas-extremas-y-precipitaciones-2025x07x15-a.pdf
2025-07-15,045,LAS MATAS DE SANTA CRUZ (EMA,MONTE CRISTI,PROGRAMA MUNDIAL DE ALIMENTO,EMAP,36.6,24.9,0.0,https://indomet.gob.do/wp-content/uploads/2025/07/temperaturas-extremas-y-precipitaciones-2025x07x15-a.pdf
2025-07-15,046,LOS JENGIBRES,NAGUA,INDRHI,EMCO,,,0.0,https://indomet.gob.do/wp-content/uploads/2025/07/temperaturas-extremas-y-precipitaciones-2025x07x15-a.pdf
2025-07-15,047,LOS LLANOS,SAN PEDRO DE MACORÍS,MINISTERIO DE AGRICULTURA,EMCO,34.6,23.0,0.0,https://indomet.gob.do/wp-content/uploads/2025/07/temperaturas-extremas-y-precipitaciones-2025x07x15-a.pdf
2025-07-15,048,MAO,VALVERDE,INDRHI / MINISTERIO DE AGRICULTURA,EMCV,,,0.0,https://indomet.gob.do/wp-content/uploads/2025/07/temperaturas-extremas-y-precipitaciones-2025x07x15-a.pdf
2025-07-15,049,MONCIÓN (EMA),SANTIAGO RODRÍGUEZ,PROGRAMA MUNDIAL DE ALIMENTO,EMAP,33.8,21.1,0.0,https://indomet.gob.do/wp-content/uploads/2025/07/temperaturas-extremas-y-precipitaciones-2025x07x15-a.pdf
2025-07-15,050,MONTE CRISTI,MONTE CRISTI,ONAMET,EMCO,34.5,25.6,0.0,https://indomet.gob.do/wp-content/uploads/2025/07/temperaturas-extremas-y-precipitaciones-2025x07x15-a.pdf
2025-07-15,051,NAVARRETE,SANTIAGO,MINISTERIO DE AGRICULTURA,EMCV,,,0.0,https://indomet.gob.do/wp-content/uploads/2025/07/temperaturas-extremas-y-precipitaciones-2025x07x15-a.pdf
2025-07-15,052,OLIVARES,PEDERNALES,INDRHI,EMCO,,,0.0,https://indomet.gob.do/wp-content/uploads/2025/07/temperaturas-extremas-y-precipitaciones-2025x07x15-a.pdf
2025-07-15,053,OVIEDO,PEDERNALES,CLÍNICA RURAL OVIEDO,EMCO,34.0,26.7,0.0,https://indomet.gob.do/wp-content/uploads/2025/07/temperaturas-extremas-y-precipitaciones-2025x07x15-a.pdf
2025-07-15,054,PALO ÍNDIO,PUERTO PLATA,MINISTERIO DE AGRICULTURA,EMCO,,,0.0,https://indomet.gob.do/wp-content/uploads/2025/07/temperaturas-extremas-y-precipitaciones-2025x07x15-a.pdf
2025-07-15,055,PARQUE MIRADOR SUR,DISTRITO NACIONAL,AYUNTAMIENTO,EMCV,32.7,22.4,0.0,https://indomet.gob.do/wp-content/uploads/2025/07/temperaturas-extremas-y-precipitaciones-2025x07x15-a.pdf
2025-07-15,056,PASO AL MEDIO,SAN PEDRO DE MACORÍS,INDRHI,EMCO,,,0.0,https://indomet.gob.do/wp-content/uploads/2025/07/temperaturas-extremas-y-precipitaciones-2025x07x15-a.pdf
2025-07-15,057,PEDERNALES,PEDERNALES,INDRHI,EMCO,,,0.0,https://indomet.gob.do/wp-content/uploads/2025/07/temperaturas-extremas-y-precipitaciones-2025x07x15-a.pdf
2025-07-15,058,PERALTA,AZUA,HOSP. MPAL. DE PERALTA,EMCO,33.0,17.0,0.0,https://indomet.gob.do/wp-content/uploads/2025/07/temperaturas-extremas-y-precipitaciones-2025x07x15-a.pdf
2025-07-15,059,PESCADERIA (EMA),BARAHONA,MINISTERIO DE AGRICULTURA,EMAP,33.3,25.1,0.0,https://indomet.gob.do/wp-content/uploads/2025/07/temperaturas-extremas-y-precipitaciones-2025x07x15-a.pdf
2025-07-15,060,PONTÓN ABAJO (EMA),LA VEGA,MINISTERIO DE AGRICULTURA,EMAP,35.0,23.8,0.0,https://indomet.gob.do/wp-content/uploads/2025/07/temperaturas-extremas-y-precipitaciones-2025x07x15-a.pdf
2025-07-15,061,PRESA DE TAVERAS (EMA),LA VEGA,PROGRAMA MUNDIAL DE ALIMENTO,EMAP,30.9,22.7,0.0,https://indomet.gob.do/wp-content/uploads/2025/07/temperaturas-extremas-y-precipitaciones-2025x07x15-a.pdf
2025-07-15,062,RESTAURACIÓN,DAJABÓN,MINISTERIO DE AGRICULTURA,EMCO,31.5,19.7,0.0,https://indomet.gob.do/wp-content/uploads/2025/07/temperaturas-extremas-y-precipitaciones-2025x07x15-a.pdf
2025-07-15,063,RÍO SAN JUAN,MARÍA TRINIDAD SÁNCHEZ,HOSP. MPAL. DR. DESIDERIO ACOSTA,EMCV,34.2,24.5,0.0,https://indomet.gob.do/wp-content/uploads/2025/07/temperaturas-extremas-y-precipitaciones-2025x07x15-a.pdf
2025-07-15,064,SABANA DE LA MAR,HATO MAYOR,ONAMET,EMCO,32.0,23.0,0.0,https://indomet.gob.do/wp-content/uploads/2025/07/temperaturas-extremas-y-precipitaciones-2025x07x15-a.pdf
2025-07-15,065,SABANETA (EMA),SANTIAGO RODRÍGUEZ,PROGRAMA MUNDIAL DE ALIMENTO,EMAP,36.6,24.1,0.0,https://indomet.gob.do/wp-content/uploads/2025/07/temperaturas-extremas-y-precipitaciones-2025x07x15-a.pdf
2025-07-15,066,SALCEDO,HERMANAS MIRABAL,PROPIEDAD DEL EMPLEADO,EMCO,,,0.0,https://indomet.gob.do/wp-content/uploads/2025/07/temperaturas-extremas-y-precipitaciones-2025x07x15-a.pdf
2025-07-15,067,SAMANÁ,SAMANÁ,COMANDANCIA DE PUERTO DE SAMANÁ,EMCO,32.7,23.0,0.0,https://indomet.gob.do/wp-content/uploads/2025/07/temperaturas-extremas-y-precipitaciones-2025x07x15-a.pdf
2025-07-15,068,SAN CRISTÓBAL,SAN CRISTÓBAL,INSTITUTO POLITÉCNICO LOYOLA,EMCO,32.0,21.0,0.0,https://indomet.gob.do/wp-content/uploads/2025/07/temperaturas-extremas-y-precipitaciones-2025x07x15-a.pdf
2025-07-15,069,SAN FRANCISCO DE MACORÍS,DUARTE,San Francisco de Macorís (UASD),EMCO,33.2,23.0,0.0,https://indomet.gob.do/wp-content/uploads/2025/07/temperaturas-extremas-y-precipitaciones-2025x07x15-a.pdf
2025-07-15,070,SAN RAFAEL DEL YUMA,LA ALTAGRACIA,MINISTERIO DE AGRICULTURA,EMCO,35.7,23.7,0.0,https://indomet.gob.do/wp-content/uploads/2025/07/temperaturas-extremas-y-precipitaciones-2025x07x15-a.pdf
2025-07-15,071,SÁNCHEZ,SAMANÁ,MINISTERIO DE AGRICULTURA,EMCO,32.8,23.1,0.0,https://indomet.gob.do/wp-content/uploads/2025/07/temperaturas-extremas-y-precipitaciones-2025x07x15-a.pdf
2025-07-15,072,SANTIAGO RODRÍGUEZ,SANTIAGO RODRÍGUEZ,ONAMET,EMCO,36.7,24.5,0.0,https://indomet.gob.do/wp-content/uploads/2025/07/temperaturas-extremas-y-precipitaciones-2025x07x15-a.pdf
2025-07-15,073,SANTO DOMINGO ESTE,SANTO DOMINGO,ONAMET,EMCO,32.5,25.6,0.0,https://indomet.gob.do/wp-content/uploads/2025/07/temperaturas-extremas-y-precipitaciones-2025x07x15-a.pdf
2025-07-15,074,TÁBARA ABAJO,AZUA,INDRHI,EMCO,32.5,22.1,0.0,https://indomet.gob.do/wp-content/uploads/2025/07/temperaturas-extremas-y-precipitaciones-2025x07x15-a.pdf
2025-07-15,075,TAMBORIL,SANTIAGO,MINISTERIO DE AGRICULTURA,EMCV,,,0.0,https://indomet.gob.do/wp-content/uploads/2025/07/temperaturas-extremas-y-precipitaciones-2025x07x15-a.pdf
2025-07-15,076,TAVERA,SANTIAGO,INDRHI,EMCO,,,0.0,https://indomet.gob.do/wp-content/uploads/2025/07/temperaturas-extremas-y-precipitaciones-2025x07x15-a.pdf
2025-07-15,077,VILLA GONZALES,SANTIAGO,MINISTERIO DE AGRICULTURA,EMCO,,,0.0,https://indomet.gob.do/wp-content/uploads/2025/07/temperaturas-extremas-y-precipitaciones-2025x07x15-a.pdf
2025-07-15,078,VILLA ISABELA,PUERTO PLATA,MINISTERIO DE AGRICULTURA,EMCV,,,0.0,https://indomet.gob.do/wp-content/uploads/2025/07/temperaturas-extremas-y-precipitaciones-2025x07x15-a.pdf
2025-07-15,079,VILLA RIVA,DUARTE,HOSP. MPAL. ALICIA DE LEGENDRE,EMCO,34.0,23.5,0.0,https://indomet.gob.do/wp-content/uploads/2025/07/temperaturas-extremas-y-precipitaciones-2025x07x15-a.pdf
2025-07-16,001,SAMANÁ,SAMANÁ,COMANDANCIA DE PUERTO DE SAMANÁ,EMCO,33.4,24.4,33.0,https://indomet.gob.do/wp-content/uploads/2025/07/temperaturas-extremas-y-precipitaciones-2025x07x16-a.pdf
2025-07-16,002,ARPT. ARROYO BARRIL,SAMANÁ,ONAMET,EMCO,32.5,24.0,24.2,https://indomet.gob.do/wp-content/uploads/2025/07/temperaturas-extremas-y-precipitaciones-2025x07x16-a.pdf
2025-07-16,003,LA VICTORIA,SANTO DOMINGO,CUERPO DE BOMBEROS,EMCO,31.5,24.5,23.5,https://indomet.gob.do/wp-content/uploads/2025/07/temperaturas-extremas-y-precipitaciones-2025x07x16-a.pdf
2025-07-16,004,VILLA ALTAGRACIA,SAN CRISTÓBAL,ESCUELA JAVIER ANGULO GURIDI,EMCO,,,22.3,https://indomet.gob.do/wp-content/uploads/2025/07/temperaturas-extremas-y-precipitaciones-2025x07x16-a.pdf
2025-07-16,005,RÍO SAN JUAN,MARÍA TRINIDAD SÁNCHEZ,HOSP. MPAL. DR. DESIDERIO ACOSTA,EMCV,34.7,25.5,19.8,https://indomet.gob.do/wp-content/uploads/2025/07/temperaturas-extremas-y-precipitaciones-2025x07x16-a.pdf
2025-07-16,006,ELÍAS PIÑA,ELÍAS PIÑA,MINISTERIO DE AGRICULTURA,EMCV,,,19.0,https://indomet.gob.do/wp-content/uploads/2025/07/temperaturas-extremas-y-precipitaciones-2025x07x16-a.pdf
2025-07-16,007,ARPT. LA ISABELA,SANTO DOMINGO,ONAMET,EMCO,34.0,23.0,15.7,https://indomet.gob.do/wp-content/uploads/2025/07/temperaturas-extremas-y-precipitaciones-2025x07x16-a.pdf
2025-07-16,008,PALO ÍNDIO,PUERTO PLATA,MINISTERIO DE AGRICULTURA,EMCO,,,14.5,https://indomet.gob.do/wp-content/uploads/2025/07/temperaturas-extremas-y-precipitaciones-2025x07x16-a.pdf
2025-07-16,009,SABANA DE LA MAR,HATO MAYOR,ONAMET,EMCO,32.5,23.0,13.0,https://indomet.gob.do/wp-content/uploads/2025/07/temperaturas-extremas-y-precipitaciones-2025x07x16-a.pdf
2025-07-16,010,ARPT. GREGORIO LUPERÓN,PUERTO PLATA,ONAMET,EMCO,33.7,24.5,11.7,https://indomet.gob.do/wp-content/uploads/2025/07/temperaturas-extremas-y-precipitaciones-2025x07x16-a.pdf
2025-07-16,011,CENTRO DE LOS HEROES (EMA),DISTRITO NACIONAL,MINISTERIO DE ENERGIA Y MINA,EMAP,31.6,26.7,10.6,https://indomet.gob.do/wp-content/uploads/2025/07/temperaturas-extremas-y-precipitaciones-2025x07x16-a.pdf
2025-07-16,012,LUPERÓN,PUERTO PLATA,MINISTERIO DE AGRICULTURA,EMCV,,,9.9,https://indomet.gob.do/wp-content/uploads/2025/07/temperaturas-extremas-y-precipitaciones-2025x07x16-a.pdf
2025-07-16,013,JUMA BEJUCAL,MONSEÑOR NOUEL,IDIAF,EMCV,33.0,24.6,8.9,https://indomet.gob.do/wp-content/uploads/2025/07/temperaturas-extremas-y-precipitaciones-2025x07x16-a.pdf
2025-07-16,014,JARDÍN BOTÁNICO NACIONAL,DISTRITO NACIONAL,JARDÍN BOTÁNICO NACIONAL,EMCV,32.6,21.8,8.4,https://indomet.gob.do/wp-content/uploads/2025/07/temperaturas-extremas-y-precipitaciones-2025x07x16-a.pdf
2025-07-16,015,LA VEGA,LA VEGA,IATESA,EMCO,33.5,23.8,8.0,https://indomet.gob.do/wp-content/uploads/2025/07/temperaturas-extremas-y-precipitaciones-2025x07x16-a.pdf
2025-07-16,016,ARPT. DE LAS AMÉRICAS,SANTO DOMINGO,ONAMET,EMCO,33.0,23.5,7.8,https://indomet.gob.do/wp-content/uploads/2025/07/temperaturas-extremas-y-precipitaciones-2025x07x16-a.pdf
2025-07-16,017,ARPT. EL CATEY,SAMANÁ,ONAMET,EMCO,29.4,23.2,6.9,https://indomet.gob.do/wp-content/uploads/2025/07/temperaturas-extremas-y-precipitaciones-2025x07x16-a.pdf
2025-07-16,018,JARABACOA (EMA),LA VEGA,PROGRAMA MUNDIAL DE ALIMENTO,EMAP,31.9,20.7,6.6,https://indomet.gob.do/wp-content/uploads/2025/07/temperaturas-extremas-y-precipitaciones-2025x07x16-a.pdf
2025-07-16,019,JARABACOA,LA VEGA,INDRHI / MARENA,EMCO,33.0,18.4,5.9,https://indomet.gob.do/wp-content/uploads/2025/07/temperaturas-extremas-y-precipitaciones-2025x07x16-a.pdf
2025-07-16,020,GASPAR HERNÁNDEZ,ESPAILLAT,PROPIEDAD DEL EMPLEADO,EMCO,,,5.8,https://indomet.gob.do/wp-content/uploads/2025/07/temperaturas-extremas-y-precipitaciones-2025x07x16-a.pdf
2025-07-16,021,LOS JENGIBRES,NAGUA,INDRHI,EMCO,,,5.4,https://indomet.gob.do/wp-content/uploads/2025/07/temperaturas-extremas-y-precipitaciones-2025x07x16-a.pdf
2025-07-16,022,BAYAGUANA,MONTE PLATA,ONAMET,EMCO,34.5,22.4,4.8,https://indomet.gob.do/wp-content/uploads/2025/07/temperaturas-extremas-y-precipitaciones-2025x07x16-a.pdf
2025-07-16,023,PARQUE MIRADOR SUR,DISTRITO NACIONAL,AYUNTAMIENTO,EMCV,33.3,22.0,4.8,https://indomet.gob.do/wp-content/uploads/2025/07/temperaturas-extremas-y-precipitaciones-2025x07x16-a.pdf
2025-07-16,024,SÁNCHEZ,SAMANÁ,MINISTERIO DE AGRICULTURA,EMCO,32.6,23.4,3.8,https://indomet.gob.do/wp-content/uploads/2025/07/temperaturas-extremas-y-precipitaciones-2025x07x16-a.pdf
2025-07-16,025,POLO,BARAHONA,INDOCAFE,EMCO,28.5,16.4,3.6,https://indomet.gob.do/wp-content/uploads/2025/07/temperaturas-extremas-y-precipitaciones-2025x07x16-a.pdf
2025-07-16,026,SANTO DOMINGO ESTE,SANTO DOMINGO,ONAMET,EMCO,32.0,25.5,3.6,https://indomet.gob.do/wp-content/uploads/2025/07/temperaturas-extremas-y-precipitaciones-2025x07x16-a.pdf
2025-07-16,027,SAN RAFAEL DEL YUMA,LA ALTAGRACIA,MINISTERIO DE AGRICULTURA,EMCO,36.4,24.2,3.3,https://indomet.gob.do/wp-content/uploads/2025/07/temperaturas-extremas-y-precipitaciones-2025x07x16-a.pdf
2025-07-16,028,RANCHO ARRIBA,SAN JOSÉ DE OCOA,CENTRO TECNOLÓGICO COMUNITARIO,EMCO,32.0,19.9,3.2,https://indomet.gob.do/wp-content/uploads/2025/07/temperaturas-extremas-y-precipitaciones-2025x07x16-a.pdf
2025-07-16,029,CONSTANZA,LA VEGA,MINISTERIO DE AGRICULTURA,EMCO,27.5,18.2,2.9,https://indomet.gob.do/wp-content/uploads/2025/07/temperaturas-extremas-y-precipitaciones-2025x07x16-a.pdf
2025-07-16,030,PRESA DE TAVERAS (EMA),LA VEGA,PROGRAMA MUNDIAL DE ALIMENTO,EMAP,32.4,22.6,2.8,https://indomet.gob.do/wp-content/uploads/2025/07/temperaturas-extremas-y-precipitaciones-2025x07x16-a.pdf
2025-07-16,031,ARPT. DE LA ROMANA,LA ROMANA,ONAMET,EMCO,33.5,22.4,2.6,https://indomet.gob.do/wp-content/uploads/2025/07/temperaturas-extremas-y-precipitaciones-2025x07x16-a.pdf
2025-07-16,032,CONSTANZA (EMA),LA VEGA,PROGRAMA MUNDIAL DE ALIMENTO,EMAP,26.7,18.3,2.4,https://indomet.gob.do/wp-content/uploads/2025/07/temperaturas-extremas-y-precipitaciones-2025x07x16-a.pdf
2025-07-16,033,VILLA RIVA,DUARTE,HOSP. MPAL. ALICIA DE LEGENDRE,EMCO,33.0,23.8,1.8,https://indomet.gob.do/wp-content/uploads/2025/07/temperaturas-extremas-y-precipitaciones-2025x07x16-a.pdf
2025-07-16,034,GURABO,SANTIAGO,MINISTERIO DE AGRICULTURA,EMCV,,,1.5,https://indomet.gob.do/wp-content/uploads/2025/07/temperaturas-extremas-y-precipitaciones-2025x07x16-a.pdf
2025-07-16,035,VILLA ISABELA,PUERTO PLATA,MINISTERIO DE AGRICULTURA,EMCV,,,1.5,https://indomet.gob.do/wp-content/uploads/2025/07/temperaturas-extremas-y-precipitaciones-2025x07x16-a.pdf
2025-07-16,036,TAMBORIL,SANTIAGO,MINISTERIO DE AGRICULTURA,EMCV,,,1.3,https://indomet.gob.do/wp-content/uploads/2025/07/temperaturas-extremas-y-precipitaciones-2025x07x16-a.pdf
2025-07-16,037,ARPT. DEL CIBAO,SANTIAGO,ONAMET,EMCO,34.5,22.5,0.7,https://indomet.gob.do/wp-content/uploads/2025/07/temperaturas-extremas-y-precipitaciones-2025x07x16-a.pdf
2025-07-16,038,ANAMUYA (EMA),LA ALTAGRACIA,MINISTERIO DE AGRICULTURA,EMAP,37.9,27.0,0.4,https://indomet.gob.do/wp-content/uploads/2025/07/temperaturas-extremas-y-precipitaciones-2025x07x16-a.pdf
2025-07-16,039,PADRE LAS CASAS,AZUA,HOSP. NTRA. SRA. DEL CARMEN,EMCO,35.8,20.5,0.4,https://indomet.gob.do/wp-content/uploads/2025/07/temperaturas-extremas-y-precipitaciones-2025x07x16-a.pdf
2025-07-16,040,SALCEDO,HERMANAS MIRABAL,PROPIEDAD DEL EMPLEADO,EMCO,,,0.1,https://indomet.gob.do/wp-content/uploads/2025/07/temperaturas-extremas-y-precipitaciones-2025x07x16-a.pdf
2025-07-16,041,ALTAMIRA,PUERTO PLATA,HOSP. MPAL. DE ALTAMIRA,EMCO,36.0,22.6,0.0,https://indomet.gob.do/wp-content/uploads/2025/07/temperaturas-extremas-y-precipitaciones-2025x07x16-a.pdf
2025-07-16,042,ARPT. DE PUNTA CANA,LA ALTAGRACIA,ONAMET,EMCO,32.6,24.0,0.0,https://indomet.gob.do/wp-content/uploads/2025/07/temperaturas-extremas-y-precipitaciones-2025x07x16-a.pdf
2025-07-16,043,ARPT. MARÍA MONTEZ,BARAHONA,ONAMET,EMCO,34.4,25.0,0.0,https://indomet.gob.do/wp-content/uploads/2025/07/temperaturas-extremas-y-precipitaciones-2025x07x16-a.pdf
2025-07-16,044,ARROYO LORO,SAN JUAN,IDIAF,EMCO,35.0,19.7,0.0,https://indomet.gob.do/wp-content/uploads/2025/07/temperaturas-extremas-y-precipitaciones-2025x07x16-a.pdf
2025-07-16,045,BANI (EMA),PERAVIA,MINISTERIO DE AGRICULTURA,EMAP,33.6,,0.0,https://indomet.gob.do/wp-content/uploads/2025/07/temperaturas-extremas-y-precipitaciones-2025x07x16-a.pdf
2025-07-16,046,BOCA DE MAO (EMA),VALVERDE,MINISTERIO DE AGRICULTURA,EMAP,37.2,24.8,0.0,https://indomet.gob.do/wp-content/uploads/2025/07/temperaturas-extremas-y-precipitaciones-2025x07x16-a.pdf
2025-07-16,047,BOHECHÍO,SAN JUAN,MINISTERIO DE AGRICULTURA,EMCV,,,0.0,https://indomet.gob.do/wp-content/uploads/2025/07/temperaturas-extremas-y-precipitaciones-2025x07x16-a.pdf
2025-07-16,048,CABRAL,BARAHONA,MINISTERIO DE AGRICULTURA,EMCV,35.3,26.2,0.0,https://indomet.gob.do/wp-content/uploads/2025/07/temperaturas-extremas-y-precipitaciones-2025x07x16-a.pdf
2025-07-16,049,COTUÍ,SÁNCHEZ RAMÍREZ,HOSP. INMACULADA CONCEPCIÓN,EMCV,,,0.0,https://indomet.gob.do/wp-content/uploads/2025/07/temperaturas-extremas-y-precipitaciones-2025x07x16-a.pdf
2025-07-16,050,DAJABÓN,DAJABÓN,INSTITUTO POLITÉCNICO LOYOLA,EMCO,35.6,22.2,0.0,https://indomet.gob.do/wp-content/uploads/2025/07/temperaturas-extremas-y-precipitaciones-2025x07x16-a.pdf
2025-07-16,051,ENRIQUILLO,BARAHONA,MINISTERIO DE AGRICULTURA,EMCV,33.5,27.0,0.0,https://indomet.gob.do/wp-content/uploads/2025/07/temperaturas-extremas-y-precipitaciones-2025x07x16-a.pdf
2025-07-16,052,ESCONDIDO,PERAVIA,MINISTERIO DE AGRICULTURA,EMCV,34.0,25.0,0.0,https://indomet.gob.do/wp-content/uploads/2025/07/temperaturas-extremas-y-precipitaciones-2025x07x16-a.pdf
2025-07-16,053,HATO MAYOR,HATO MAYOR,MINISTERIO DE AGRICULTURA,EMCV,,,0.0,https://indomet.gob.do/wp-content/uploads/2025/07/temperaturas-extremas-y-precipitaciones-2025x07x16-a.pdf
2025-07-16,054,HONDO VALLE,ELÍAS PIÑA,MINISTERIO DE AGRICULTURA,EMCO,28.4,18.5,0.0,https://indomet.gob.do/wp-content/uploads/2025/07/temperaturas-extremas-y-precipitaciones-2025x07x16-a.pdf
2025-07-16,055,JIMANÍ,INDEPENDENCIA,MINISTERIO DE AGRICULTURA,EMCO,37.2,25.6,0.0,https://indomet.gob.do/wp-content/uploads/2025/07/temperaturas-extremas-y-precipitaciones-2025x07x16-a.pdf
2025-07-16,056,LAS CANAS (EMA),MONTE CRISTI,PROGRAMA MUNDIAL DE ALIMENTO,EMAP,33.4,24.7,0.0,https://indomet.gob.do/wp-content/uploads/2025/07/temperaturas-extremas-y-precipitaciones-2025x07x16-a.pdf
2025-07-16,057,LAS MATAS DE SANTA CRUZ (EMA,MONTE CRISTI,PROGRAMA MUNDIAL DE ALIMENTO,EMAP,37.1,27.8,0.0,https://indomet.gob.do/wp-content/uploads/2025/07/temperaturas-extremas-y-precipitaciones-2025x07x16-a.pdf
2025-07-16,058,LOS LLANOS,SAN PEDRO DE MACORÍS,MINISTERIO DE AGRICULTURA,EMCO,35.0,24.0,0.0,https://indomet.gob.do/wp-content/uploads/2025/07/temperaturas-extremas-y-precipitaciones-2025x07x16-a.pdf
2025-07-16,059,MAO,VALVERDE,INDRHI / MINISTERIO DE AGRICULTURA,EMCV,,,0.0,https://indomet.gob.do/wp-content/uploads/2025/07/temperaturas-extremas-y-precipitaciones-2025x07x16-a.pdf
2025-07-16,060,MONCIÓN (EMA),SANTIAGO RODRÍGUEZ,PROGRAMA MUNDIAL DE ALIMENTO,EMAP,34.1,22.8,0.0,https://indomet.gob.do/wp-content/uploads/2025/07/temperaturas-extremas-y-precipitaciones-2025x07x16-a.pdf
2025-07-16,061,MONTE CRISTI,MONTE CRISTI,ONAMET,EMCO,35.7,25.0,0.0,https://indomet.gob.do/wp-content/uploads/2025/07/temperaturas-extremas-y-precipitaciones-2025x07x16-a.pdf
2025-07-16,062,NAVARRETE,SANTIAGO,MINISTERIO DE AGRICULTURA,EMCV,,,0.0,https://indomet.gob.do/wp-content/uploads/2025/07/temperaturas-extremas-y-precipitaciones-2025x07x16-a.pdf
2025-07-16,063,OLIVARES,PEDERNALES,INDRHI,EMCO,,,0.0,https://indomet.gob.do/wp-content/uploads/2025/07/temperaturas-extremas-y-precipitaciones-2025x07x16-a.pdf
2025-07-16,064,OVIEDO,PEDERNALES,CLÍNICA RURAL OVIEDO,EMCO,34.5,27.5,0.0,https://indomet.gob.do/wp-content/uploads/2025/07/temperaturas-extremas-y-precipitaciones-2025x07x16-a.pdf
2025-07-16,065,PASO AL MEDIO,SAN PEDRO DE MACORÍS,INDRHI,EMCO,,,0.0,https://indomet.gob.do/wp-content/uploads/2025/07/temperaturas-extremas-y-precipitaciones-2025x07x16-a.pdf
2025-07-16,066,PEDERNALES,PEDERNALES,INDRHI,EMCO,,,0.0,https://indomet.gob.do/wp-content/uploads/2025/07/temperaturas-extremas-y-precipitaciones-2025x07x16-a.pdf
2025-07-16,067,PERALTA,AZUA,HOSP. MPAL. DE PERALTA,EMCO,36.8,17.3,0.0,https://indomet.gob.do/wp-content/uploads/2025/07/temperaturas-extremas-y-precipitaciones-2025x07x16-a.pdf
2025-07-16,068,PESCADERIA (EMA),BARAHONA,MINISTERIO DE AGRICULTURA,EMAP,34.4,26.7,0.0,https://indomet.gob.do/wp-content/uploads/2025/07/temperaturas-extremas-y-precipitaciones-2025x07x16-a.pdf
2025-07-16,069,PONTÓN ABAJO (EMA),LA VEGA,MINISTERIO DE AGRICULTURA,EMAP,35.9,24.8,0.0,https://indomet.gob.do/wp-content/uploads/2025/07/temperaturas-extremas-y-precipitaciones-2025x07x16-a.pdf
2025-07-16,070,RESTAURACIÓN,DAJABÓN,MINISTERIO DE AGRICULTURA,EMCO,33.4,20.0,0.0,https://indomet.gob.do/wp-content/uploads/2025/07/temperaturas-extremas-y-precipitaciones-2025x07x16-a.pdf
2025-07-16,071,SABANETA (EMA),SANTIAGO RODRÍGUEZ,PROGRAMA MUNDIAL DE ALIMENTO,EMAP,37.3,24.1,0.0,https://indomet.gob.do/wp-content/uploads/2025/07/temperaturas-extremas-y-precipitaciones-2025x07x16-a.pdf
2025-07-16,072,SAN CRISTÓBAL,SAN CRISTÓBAL,INSTITUTO POLITÉCNICO LOYOLA,EMCO,33.2,23.0,0.0,https://indomet.gob.do/wp-content/uploads/2025/07/temperaturas-extremas-y-precipitaciones-2025x07x16-a.pdf
2025-07-16,073,SAN FRANCISCO DE MACORÍS,DUARTE,San Francisco de Macorís (UASD),EMCO,33.1,23.4,0.0,https://indomet.gob.do/wp-content/uploads/2025/07/temperaturas-extremas-y-precipitaciones-2025x07x16-a.pdf
2025-07-16,074,SANTIAGO RODRÍGUEZ,SANTIAGO RODRÍGUEZ,ONAMET,EMCO,37.4,24.2,0.0,https://indomet.gob.do/wp-content/uploads/2025/07/temperaturas-extremas-y-precipitaciones-2025x07x16-a.pdf
2025-07-16,075,TÁBARA ABAJO,AZUA,INDRHI,EMCO,33.0,19.0,0.0,https://indomet.gob.do/wp-content/uploads/2025/07/temperaturas-extremas-y-precipitaciones-2025x07x16-a.pdf
2025-07-16,076,TAVERA,SANTIAGO,INDRHI,EMCO,,,0.0,https://indomet.gob.do/wp-content/uploads/2025/07/temperaturas-extremas-y-precipitaciones-2025x07x16-a.pdf
2025-07-16,077,VILLA GONZALES,SANTIAGO,MINISTERIO DE AGRICULTURA,EMCO,,,0.0,https://indomet.gob.do/wp-content/uploads/2025/07/temperaturas-extremas-y-precipitaciones-2025x07x16-a.pdf
2025-07-16,109,SAN JOSÉ DE OCOA,SAN JOSÉ DE OCOA,HOSP. SAN JOSÉ DE OCOA,EMCO,32.7,23.8,0.0,https://indomet.gob.do/wp-content/uploads/2025/07/temperaturas-extremas-y-precipitaciones-2025x07x16-a.pdf
2025-07-17,001,RÍO SAN JUAN,MARÍA TRINIDAD SÁNCHEZ,HOSP. MPAL. DR. DESIDERIO ACOSTA,EMCV,33.6,25.5,9.8,https://indomet.gob.do/wp-content/uploads/2025/07/temperaturas-extremas-y-precipitaciones-2025x07x17-a.pdf
2025-07-17,002,POLO,BARAHONA,INDOCAFE,EMCO,29.0,18.2,5.6,https://indomet.gob.do/wp-content/uploads/2025/07/temperaturas-extremas-y-precipitaciones-2025x07x17-a.pdf
2025-07-17,003,SALCEDO,HERMANAS MIRABAL,PROPIEDAD DEL EMPLEADO,EMCO,,,3.9,https://indomet.gob.do/wp-content/uploads/2025/07/temperaturas-extremas-y-precipitaciones-2025x07x17-a.pdf
2025-07-17,004,ARPT. EL CATEY,SAMANÁ,ONAMET,EMCO,30.6,23.0,3.4,https://indomet.gob.do/wp-content/uploads/2025/07/temperaturas-extremas-y-precipitaciones-2025x07x17-a.pdf
2025-07-17,005,BAYAGUANA,MONTE PLATA,ONAMET,EMCO,34.6,23.4,3.2,https://indomet.gob.do/wp-content/uploads/2025/07/temperaturas-extremas-y-precipitaciones-2025x07x17-a.pdf
2025-07-17,006,HIGÜEY,LA ALTAGRACIA,MINISTERIO DE AGRICULTURA,EMCV,,,3.0,https://indomet.gob.do/wp-content/uploads/2025/07/temperaturas-extremas-y-precipitaciones-2025x07x17-a.pdf
2025-07-17,007,CABRERA,MARÍA TRINIDAD SÁNCHEZ,ESCUELA ARÍSTIDES FIALLO CABRAL,EMCO,33.4,26.4,2.7,https://indomet.gob.do/wp-content/uploads/2025/07/temperaturas-extremas-y-precipitaciones-2025x07x17-a.pdf
2025-07-17,008,LA VEGA,LA VEGA,IATESA,EMCO,33.0,24.5,2.2,https://indomet.gob.do/wp-content/uploads/2025/07/temperaturas-extremas-y-precipitaciones-2025x07x17-a.pdf
2025-07-17,009,ARPT. ARROYO BARRIL,SAMANÁ,ONAMET,EMCO,33.0,23.5,2.0,https://indomet.gob.do/wp-content/uploads/2025/07/temperaturas-extremas-y-precipitaciones-2025x07x17-a.pdf
2025-07-17,010,SAMANÁ,SAMANÁ,COMANDANCIA DE PUERTO DE SAMANÁ,EMCO,33.5,24.6,2.0,https://indomet.gob.do/wp-content/uploads/2025/07/temperaturas-extremas-y-precipitaciones-2025x07x17-a.pdf
2025-07-17,011,LOS JENGIBRES,NAGUA,INDRHI,EMCO,,,1.6,https://indomet.gob.do/wp-content/uploads/2025/07/temperaturas-extremas-y-precipitaciones-2025x07x17-a.pdf
2025-07-17,012,RANCHO ARRIBA,SAN JOSÉ DE OCOA,CENTRO TECNOLÓGICO COMUNITARIO,EMCO,31.6,21.7,1.0,https://indomet.gob.do/wp-content/uploads/2025/07/temperaturas-extremas-y-precipitaciones-2025x07x17-a.pdf
2025-07-17,013,JARABACOA (EMA),LA VEGA,PROGRAMA MUNDIAL DE ALIMENTO,EMAP,32.3,22.1,0.8,https://indomet.gob.do/wp-content/uploads/2025/07/temperaturas-extremas-y-precipitaciones-2025x07x17-a.pdf
2025-07-17,014,JARABACOA,LA VEGA,INDRHI / MARENA,EMCO,33.2,21.4,0.7,https://indomet.gob.do/wp-content/uploads/2025/07/temperaturas-extremas-y-precipitaciones-2025x07x17-a.pdf
2025-07-17,015,VILLA ALTAGRACIA,SAN CRISTÓBAL,ESCUELA JAVIER ANGULO GURIDI,EMCO,,,0.3,https://indomet.gob.do/wp-content/uploads/2025/07/temperaturas-extremas-y-precipitaciones-2025x07x17-a.pdf
2025-07-17,016,BONAO,MONSEÑOR NOUEL,MINISTERIO DE AGRICULTURA,EMCV,,,0.3,https://indomet.gob.do/wp-content/uploads/2025/07/temperaturas-extremas-y-precipitaciones-2025x07x17-a.pdf
2025-07-17,017,ARPT. DEL CIBAO,SANTIAGO,ONAMET,EMCO,34.5,23.0,0.1,https://indomet.gob.do/wp-content/uploads/2025/07/temperaturas-extremas-y-precipitaciones-2025x07x17-a.pdf
2025-07-17,018,ARROYO LORO,SAN JUAN,IDIAF,EMCO,35.0,21.0,0.1,https://indomet.gob.do/wp-content/uploads/2025/07/temperaturas-extremas-y-precipitaciones-2025x07x17-a.pdf
2025-07-17,019,GASPAR HERNÁNDEZ,ESPAILLAT,PROPIEDAD DEL EMPLEADO,EMCO,,,0.1,https://indomet.gob.do/wp-content/uploads/2025/07/temperaturas-extremas-y-precipitaciones-2025x07x17-a.pdf
2025-07-17,020,SAN RAFAEL DEL YUMA,LA ALTAGRACIA,MINISTERIO DE AGRICULTURA,EMCO,36.3,25.2,0.1,https://indomet.gob.do/wp-content/uploads/2025/07/temperaturas-extremas-y-precipitaciones-2025x07x17-a.pdf
2025-07-17,021,ALTAMIRA,PUERTO PLATA,HOSP. MPAL. DE ALTAMIRA,EMCO,36.4,23.5,0.0,https://indomet.gob.do/wp-content/uploads/2025/07/temperaturas-extremas-y-precipitaciones-2025x07x17-a.pdf
2025-07-17,022,ANAMUYA (EMA),LA ALTAGRACIA,MINISTERIO DE AGRICULTURA,EMAP,33.1,25.8,0.0,https://indomet.gob.do/wp-content/uploads/2025/07/temperaturas-extremas-y-precipitaciones-2025x07x17-a.pdf
2025-07-17,023,ARPT. DE LA ROMANA,LA ROMANA,ONAMET,EMCO,34.6,24.0,0.0,https://indomet.gob.do/wp-content/uploads/2025/07/temperaturas-extremas-y-precipitaciones-2025x07x17-a.pdf
2025-07-17,024,ARPT. DE LAS AMÉRICAS,SANTO DOMINGO,ONAMET,EMCO,33.5,24.0,0.0,https://indomet.gob.do/wp-content/uploads/2025/07/temperaturas-extremas-y-precipitaciones-2025x07x17-a.pdf
2025-07-17,025,ARPT. DE PUNTA CANA,LA ALTAGRACIA,ONAMET,EMCO,32.5,27.0,0.0,https://indomet.gob.do/wp-content/uploads/2025/07/temperaturas-extremas-y-precipitaciones-2025x07x17-a.pdf
2025-07-17,026,ARPT. GREGORIO LUPERÓN,PUERTO PLATA,ONAMET,EMCO,28.5,24.0,0.0,https://indomet.gob.do/wp-content/uploads/2025/07/temperaturas-extremas-y-precipitaciones-2025x07x17-a.pdf
2025-07-17,027,ARPT. LA ISABELA,SANTO DOMINGO,ONAMET,EMCO,34.5,24.0,0.0,https://indomet.gob.do/wp-content/uploads/2025/07/temperaturas-extremas-y-precipitaciones-2025x07x17-a.pdf
2025-07-17,028,ARPT. MARÍA MONTEZ,BARAHONA,ONAMET,EMCO,34.3,26.6,0.0,https://indomet.gob.do/wp-content/uploads/2025/07/temperaturas-extremas-y-precipitaciones-2025x07x17-a.pdf
2025-07-17,029,BASE AÉREA DE SAN ISIDRO,SANTO DOMINGO,FUERZA AÉREA DOMINICANA,EMCV,33.5,25.0,0.0,https://indomet.gob.do/wp-content/uploads/2025/07/temperaturas-extremas-y-precipitaciones-2025x07x17-a.pdf
2025-07-17,030,BOCA DE MAO (EMA),VALVERDE,MINISTERIO DE AGRICULTURA,EMAP,37.5,26.3,0.0,https://indomet.gob.do/wp-content/uploads/2025/07/temperaturas-extremas-y-precipitaciones-2025x07x17-a.pdf
2025-07-17,031,CABRAL,BARAHONA,MINISTERIO DE AGRICULTURA,EMCV,35.8,27.0,0.0,https://indomet.gob.do/wp-content/uploads/2025/07/temperaturas-extremas-y-precipitaciones-2025x07x17-a.pdf
2025-07-17,032,CENTRO DE LOS HEROES (EMA),DISTRITO NACIONAL,MINISTERIO DE ENERGIA Y MINA,EMAP,32.7,27.8,0.0,https://indomet.gob.do/wp-content/uploads/2025/07/temperaturas-extremas-y-precipitaciones-2025x07x17-a.pdf
2025-07-17,033,CONSTANZA,LA VEGA,MINISTERIO DE AGRICULTURA,EMCO,27.6,19.2,0.0,https://indomet.gob.do/wp-content/uploads/2025/07/temperaturas-extremas-y-precipitaciones-2025x07x17-a.pdf
2025-07-17,034,CONSTANZA (EMA),LA VEGA,PROGRAMA MUNDIAL DE ALIMENTO,EMAP,26.9,19.6,0.0,https://indomet.gob.do/wp-content/uploads/2025/07/temperaturas-extremas-y-precipitaciones-2025x07x17-a.pdf
2025-07-17,035,DAJABÓN,DAJABÓN,INSTITUTO POLITÉCNICO LOYOLA,EMCO,34.9,21.3,0.0,https://indomet.gob.do/wp-content/uploads/2025/07/temperaturas-extremas-y-precipitaciones-2025x07x17-a.pdf
2025-07-17,036,ELÍAS PIÑA,ELÍAS PIÑA,MINISTERIO DE AGRICULTURA,EMCV,,,0.0,https://indomet.gob.do/wp-content/uploads/2025/07/temperaturas-extremas-y-precipitaciones-2025x07x17-a.pdf
2025-07-17,037,ENRIQUILLO,BARAHONA,MINISTERIO DE AGRICULTURA,EMCV,33.4,27.0,0.0,https://indomet.gob.do/wp-content/uploads/2025/07/temperaturas-extremas-y-precipitaciones-2025x07x17-a.pdf
2025-07-17,038,ESCONDIDO,PERAVIA,MINISTERIO DE AGRICULTURA,EMCV,33.0,25.0,0.0,https://indomet.gob.do/wp-content/uploads/2025/07/temperaturas-extremas-y-precipitaciones-2025x07x17-a.pdf
2025-07-17,039,GURABO,SANTIAGO,MINISTERIO DE AGRICULTURA,EMCV,,,0.0,https://indomet.gob.do/wp-content/uploads/2025/07/temperaturas-extremas-y-precipitaciones-2025x07x17-a.pdf
2025-07-17,040,HATO MAYOR,HATO MAYOR,MINISTERIO DE AGRICULTURA,EMCV,,,0.0,https://indomet.gob.do/wp-content/uploads/2025/07/temperaturas-extremas-y-precipitaciones-2025x07x17-a.pdf
2025-07-17,041,HONDO VALLE,ELÍAS PIÑA,MINISTERIO DE AGRICULTURA,EMCO,28.9,18.8,0.0,https://indomet.gob.do/wp-content/uploads/2025/07/temperaturas-extremas-y-precipitaciones-2025x07x17-a.pdf
2025-07-17,042,JARDÍN BOTÁNICO NACIONAL,DISTRITO NACIONAL,JARDÍN BOTÁNICO NACIONAL,EMCV,33.3,21.6,0.0,https://indomet.gob.do/wp-content/uploads/2025/07/temperaturas-extremas-y-precipitaciones-2025x07x17-a.pdf
2025-07-17,043,JIMANÍ,INDEPENDENCIA,MINISTERIO DE AGRICULTURA,EMCO,34.5,27.0,0.0,https://indomet.gob.do/wp-content/uploads/2025/07/temperaturas-extremas-y-precipitaciones-2025x07x17-a.pdf
2025-07-17,044,JUMA BEJUCAL,MONSEÑOR NOUEL,IDIAF,EMCV,33.8,25.4,0.0,https://indomet.gob.do/wp-content/uploads/2025/07/temperaturas-extremas-y-precipitaciones-2025x07x17-a.pdf
2025-07-17,045,LA VICTORIA,SANTO DOMINGO,CUERPO DE BOMBEROS,EMCO,33.4,25.0,0.0,https://indomet.gob.do/wp-content/uploads/2025/07/temperaturas-extremas-y-precipitaciones-2025x07x17-a.pdf
2025-07-17,046,LAS CANAS (EMA),MONTE CRISTI,PROGRAMA MUNDIAL DE ALIMENTO,EMAP,31.5,25.3,0.0,https://indomet.gob.do/wp-content/uploads/2025/07/temperaturas-extremas-y-precipitaciones-2025x07x17-a.pdf
2025-07-17,047,LAS MATAS DE SANTA CRUZ (EMA,MONTE CRISTI,PROGRAMA MUNDIAL DE ALIMENTO,EMAP,37.4,26.6,0.0,https://indomet.gob.do/wp-content/uploads/2025/07/temperaturas-extremas-y-precipitaciones-2025x07x17-a.pdf
2025-07-17,048,LOS LLANOS,SAN PEDRO DE MACORÍS,MINISTERIO DE AGRICULTURA,EMCO,35.5,24.5,0.0,https://indomet.gob.do/wp-content/uploads/2025/07/temperaturas-extremas-y-precipitaciones-2025x07x17-a.pdf
2025-07-17,049,MAO,VALVERDE,INDRHI / MINISTERIO DE AGRICULTURA,EMCV,,,0.0,https://indomet.gob.do/wp-content/uploads/2025/07/temperaturas-extremas-y-precipitaciones-2025x07x17-a.pdf
2025-07-17,050,MONCIÓN (EMA),SANTIAGO RODRÍGUEZ,PROGRAMA MUNDIAL DE ALIMENTO,EMAP,35.2,23.1,0.0,https://indomet.gob.do/wp-content/uploads/2025/07/temperaturas-extremas-y-precipitaciones-2025x07x17-a.pdf
2025-07-17,051,MONTE CRISTI,MONTE CRISTI,ONAMET,EMCO,34.5,26.0,0.0,https://indomet.gob.do/wp-content/uploads/2025/07/temperaturas-extremas-y-precipitaciones-2025x07x17-a.pdf
2025-07-17,052,NAVARRETE,SANTIAGO,MINISTERIO DE AGRICULTURA,EMCV,,,0.0,https://indomet.gob.do/wp-content/uploads/2025/07/temperaturas-extremas-y-precipitaciones-2025x07x17-a.pdf
2025-07-17,053,OLIVARES,PEDERNALES,INDRHI,EMCO,,,0.0,https://indomet.gob.do/wp-content/uploads/2025/07/temperaturas-extremas-y-precipitaciones-2025x07x17-a.pdf
2025-07-17,054,OVIEDO,PEDERNALES,CLÍNICA RURAL OVIEDO,EMCO,34.0,27.5,0.0,https://indomet.gob.do/wp-content/uploads/2025/07/temperaturas-extremas-y-precipitaciones-2025x07x17-a.pdf
2025-07-17,055,PADRE LAS CASAS,AZUA,HOSP. NTRA. SRA. DEL CARMEN,EMCO,34.5,21.5,0.0,https://indomet.gob.do/wp-content/uploads/2025/07/temperaturas-extremas-y-precipitaciones-2025x07x17-a.pdf
2025-07-17,056,PALO ÍNDIO,PUERTO PLATA,MINISTERIO DE AGRICULTURA,EMCO,,,0.0,https://indomet.gob.do/wp-content/uploads/2025/07/temperaturas-extremas-y-precipitaciones-2025x07x17-a.pdf
2025-07-17,057,PASO AL MEDIO,SAN PEDRO DE MACORÍS,INDRHI,EMCO,,,0.0,https://indomet.gob.do/wp-content/uploads/2025/07/temperaturas-extremas-y-precipitaciones-2025x07x17-a.pdf
2025-07-17,058,PEDERNALES,PEDERNALES,INDRHI,EMCO,,,0.0,https://indomet.gob.do/wp-content/uploads/2025/07/temperaturas-extremas-y-precipitaciones-2025x07x17-a.pdf
2025-07-17,059,PERALTA,AZUA,HOSP. MPAL. DE PERALTA,EMCO,35.3,19.8,0.0,https://indomet.gob.do/wp-content/uploads/2025/07/temperaturas-extremas-y-precipitaciones-2025x07x17-a.pdf
2025-07-17,060,PESCADERIA (EMA),BARAHONA,MINISTERIO DE AGRICULTURA,EMAP,34.9,27.2,0.0,https://indomet.gob.do/wp-content/uploads/2025/07/temperaturas-extremas-y-precipitaciones-2025x07x17-a.pdf
2025-07-17,061,PONTÓN ABAJO (EMA),LA VEGA,MINISTERIO DE AGRICULTURA,EMAP,36.2,26.6,0.0,https://indomet.gob.do/wp-content/uploads/2025/07/temperaturas-extremas-y-precipitaciones-2025x07x17-a.pdf
2025-07-17,062,PRESA DE TAVERAS (EMA),LA VEGA,PROGRAMA MUNDIAL DE ALIMENTO,EMAP,33.4,23.9,0.0,https://indomet.gob.do/wp-content/uploads/2025/07/temperaturas-extremas-y-precipitaciones-2025x07x17-a.pdf
2025-07-17,063,RESTAURACIÓN,DAJABÓN,MINISTERIO DE AGRICULTURA,EMCO,34.1,21.9,0.0,https://indomet.gob.do/wp-content/uploads/2025/07/temperaturas-extremas-y-precipitaciones-2025x07x17-a.pdf
2025-07-17,064,SABANA DE LA MAR,HATO MAYOR,ONAMET,EMCO,32.5,24.0,0.0,https://indomet.gob.do/wp-content/uploads/2025/07/temperaturas-extremas-y-precipitaciones-2025x07x17-a.pdf
2025-07-17,065,SABANA GRANDE DE BOYÁ,MONTE PLATA,MINISTERIO DE AGRICULTURA,EMCV,,,0.0,https://indomet.gob.do/wp-content/uploads/2025/07/temperaturas-extremas-y-precipitaciones-2025x07x17-a.pdf
2025-07-17,066,SABANETA (EMA),SANTIAGO RODRÍGUEZ,PROGRAMA MUNDIAL DE ALIMENTO,EMAP,38.4,25.0,0.0,https://indomet.gob.do/wp-content/uploads/2025/07/temperaturas-extremas-y-precipitaciones-2025x07x17-a.pdf
2025-07-17,067,SAN CRISTÓBAL,SAN CRISTÓBAL,INSTITUTO POLITÉCNICO LOYOLA,EMCO,32.2,23.0,0.0,https://indomet.gob.do/wp-content/uploads/2025/07/temperaturas-extremas-y-precipitaciones-2025x07x17-a.pdf
2025-07-17,068,SAN FRANCISCO DE MACORÍS,DUARTE,San Francisco de Macorís (UASD),EMCO,33.6,24.5,0.0,https://indomet.gob.do/wp-content/uploads/2025/07/temperaturas-extremas-y-precipitaciones-2025x07x17-a.pdf
2025-07-17,069,SAN JOSÉ DE OCOA,SAN JOSÉ DE OCOA,HOSP. SAN JOSÉ DE OCOA,EMCO,34.0,24.5,0.0,https://indomet.gob.do/wp-content/uploads/2025/07/temperaturas-extremas-y-precipitaciones-2025x07x17-a.pdf
2025-07-17,070,SÁNCHEZ,SAMANÁ,MINISTERIO DE AGRICULTURA,EMCO,33.2,23.1,0.0,https://indomet.gob.do/wp-content/uploads/2025/07/temperaturas-extremas-y-precipitaciones-2025x07x17-a.pdf
2025-07-17,071,SANTIAGO RODRÍGUEZ,SANTIAGO RODRÍGUEZ,ONAMET,EMCO,38.2,25.0,0.0,https://indomet.gob.do/wp-content/uploads/2025/07/temperaturas-extremas-y-precipitaciones-2025x07x17-a.pdf
2025-07-17,072,SANTO DOMINGO ESTE,SANTO DOMINGO,ONAMET,EMCO,33.4,25.9,0.0,https://indomet.gob.do/wp-content/uploads/2025/07/temperaturas-extremas-y-precipitaciones-2025x07x17-a.pdf
2025-07-17,073,TÁBARA ABAJO,AZUA,INDRHI,EMCO,32.5,23.0,0.0,https://indomet.gob.do/wp-content/uploads/2025/07/temperaturas-extremas-y-precipitaciones-2025x07x17-a.pdf
2025-07-17,074,TAMBORIL,SANTIAGO,MINISTERIO DE AGRICULTURA,EMCV,,,0.0,https://indomet.gob.do/wp-content/uploads/2025/07/temperaturas-extremas-y-precipitaciones-2025x07x17-a.pdf
2025-07-17,075,TAVERA,SANTIAGO,INDRHI,EMCO,,,0.0,https://indomet.gob.do/wp-content/uploads/2025/07/temperaturas-extremas-y-precipitaciones-2025x07x17-a.pdf
2025-07-17,076,VILLA GONZALES,SANTIAGO,MINISTERIO DE AGRICULTURA,EMCO,,,0.0,https://indomet.gob.do/wp-content/uploads/2025/07/temperaturas-extremas-y-precipitaciones-2025x07x17-a.pdf
2025-07-17,077,VILLA ISABELA,PUERTO PLATA,MINISTERIO DE AGRICULTURA,EMCV,,,0.0,https://indomet.gob.do/wp-content/uploads/2025/07/temperaturas-extremas-y-precipitaciones-2025x07x17-a.pdf
2025-07-17,078,VILLA RIVA,DUARTE,HOSP. MPAL. ALICIA DE LEGENDRE,EMCO,33.4,25.0,0.0,https://indomet.gob.do/wp-content/uploads/2025/07/temperaturas-extremas-y-precipitaciones-2025x07x17-a.pdf
2025-07-18,001,ELÍAS PIÑA,ELÍAS PIÑA,MINISTERIO DE AGRICULTURA,EMCV,,,20.0,https://indomet.gob.do/wp-content/uploads/2025/07/temperaturas-extremas-y-precipitaciones-2025x07x18-a.pdf
2025-07-18,002,VILLA RIVA,DUARTE,HOSP. MPAL. ALICIA DE LEGENDRE,EMCO,32.0,22.7,20.0,https://indomet.gob.do/wp-content/uploads/2025/07/temperaturas-extremas-y-precipitaciones-2025x07x18-a.pdf
2025-07-18,003,BONAO,MONSEÑOR NOUEL,MINISTERIO DE AGRICULTURA,EMCV,,,18.0,https://indomet.gob.do/wp-content/uploads/2025/07/temperaturas-extremas-y-precipitaciones-2025x07x18-a.pdf
2025-07-18,004,ARPT. EL CATEY,SAMANÁ,ONAMET,EMCO,30.5,24.0,8.0,https://indomet.gob.do/wp-content/uploads/2025/07/temperaturas-extremas-y-precipitaciones-2025x07x18-a.pdf
2025-07-18,005,PERALTA,AZUA,HOSP. MPAL. DE PERALTA,EMCO,33.2,18.6,7.4,https://indomet.gob.do/wp-content/uploads/2025/07/temperaturas-extremas-y-precipitaciones-2025x07x18-a.pdf
2025-07-18,006,SABANA DE LA MAR,HATO MAYOR,ONAMET,EMCO,32.0,23.0,5.9,https://indomet.gob.do/wp-content/uploads/2025/07/temperaturas-extremas-y-precipitaciones-2025x07x18-a.pdf
2025-07-18,007,CABRERA,MARÍA TRINIDAD SÁNCHEZ,ESCUELA ARÍSTIDES FIALLO CABRAL,EMCO,33.7,26.1,5.2,https://indomet.gob.do/wp-content/uploads/2025/07/temperaturas-extremas-y-precipitaciones-2025x07x18-a.pdf
2025-07-18,008,JUMA BEJUCAL,MONSEÑOR NOUEL,IDIAF,EMCV,32.8,24.0,5.2,https://indomet.gob.do/wp-content/uploads/2025/07/temperaturas-extremas-y-precipitaciones-2025x07x18-a.pdf
2025-07-18,009,CENTRO DE LOS HEROES (EMA),DISTRITO NACIONAL,MINISTERIO DE ENERGIA Y MINA,EMAP,31.9,26.1,5.0,https://indomet.gob.do/wp-content/uploads/2025/07/temperaturas-extremas-y-precipitaciones-2025x07x18-a.pdf
2025-07-18,010,SANTO DOMINGO ESTE,SANTO DOMINGO,ONAMET,EMCO,33.1,27.0,4.6,https://indomet.gob.do/wp-content/uploads/2025/07/temperaturas-extremas-y-precipitaciones-2025x07x18-a.pdf
2025-07-18,011,JIMANÍ,INDEPENDENCIA,MINISTERIO DE AGRICULTURA,EMCO,37.6,27.0,2.6,https://indomet.gob.do/wp-content/uploads/2025/07/temperaturas-extremas-y-precipitaciones-2025x07x18-a.pdf
2025-07-18,012,ARROYO LORO,SAN JUAN,IDIAF,EMCO,35.5,18.0,2.3,https://indomet.gob.do/wp-content/uploads/2025/07/temperaturas-extremas-y-precipitaciones-2025x07x18-a.pdf
2025-07-18,013,HONDO VALLE,ELÍAS PIÑA,MINISTERIO DE AGRICULTURA,EMCO,28.4,18.5,2.3,https://indomet.gob.do/wp-content/uploads/2025/07/temperaturas-extremas-y-precipitaciones-2025x07x18-a.pdf
2025-07-18,014,ARPT. DE PUNTA CANA,LA ALTAGRACIA,ONAMET,EMCO,32.5,25.0,1.4,https://indomet.gob.do/wp-content/uploads/2025/07/temperaturas-extremas-y-precipitaciones-2025x07x18-a.pdf
2025-07-18,015,POLO,BARAHONA,INDOCAFE,EMCO,30.0,18.5,1.4,https://indomet.gob.do/wp-content/uploads/2025/07/temperaturas-extremas-y-precipitaciones-2025x07x18-a.pdf
2025-07-18,016,ARPT. DE LAS AMÉRICAS,SANTO DOMINGO,ONAMET,EMCO,31.6,24.2,1.3,https://indomet.gob.do/wp-content/uploads/2025/07/temperaturas-extremas-y-precipitaciones-2025x07x18-a.pdf
2025-07-18,017,BAYAGUANA,MONTE PLATA,ONAMET,EMCO,33.0,24.0,1.3,https://indomet.gob.do/wp-content/uploads/2025/07/temperaturas-extremas-y-precipitaciones-2025x07x18-a.pdf
2025-07-18,018,BASE AÉREA DE SAN ISIDRO,SANTO DOMINGO,FUERZA AÉREA DOMINICANA,EMCV,33.5,25.0,1.0,https://indomet.gob.do/wp-content/uploads/2025/07/temperaturas-extremas-y-precipitaciones-2025x07x18-a.pdf
2025-07-18,019,RANCHO ARRIBA,SAN JOSÉ DE OCOA,CENTRO TECNOLÓGICO COMUNITARIO,EMCO,31.7,17.9,1.0,https://indomet.gob.do/wp-content/uploads/2025/07/temperaturas-extremas-y-precipitaciones-2025x07x18-a.pdf
2025-07-18,020,RÍO SAN JUAN,MARÍA TRINIDAD SÁNCHEZ,HOSP. MPAL. DR. DESIDERIO ACOSTA,EMCV,33.3,23.4,1.0,https://indomet.gob.do/wp-content/uploads/2025/07/temperaturas-extremas-y-precipitaciones-2025x07x18-a.pdf
2025-07-18,021,SAMANÁ,SAMANÁ,COMANDANCIA DE PUERTO DE SAMANÁ,EMCO,33.3,22.8,1.0,https://indomet.gob.do/wp-content/uploads/2025/07/temperaturas-extremas-y-precipitaciones-2025x07x18-a.pdf
2025-07-18,022,ARPT. ARROYO BARRIL,SAMANÁ,ONAMET,EMCO,32.5,23.5,0.6,https://indomet.gob.do/wp-content/uploads/2025/07/temperaturas-extremas-y-precipitaciones-2025x07x18-a.pdf
2025-07-18,023,ARPT. LA ISABELA,SANTO DOMINGO,ONAMET,EMCO,34.0,25.0,0.4,https://indomet.gob.do/wp-content/uploads/2025/07/temperaturas-extremas-y-precipitaciones-2025x07x18-a.pdf
2025-07-18,024,LOS LLANOS,SAN PEDRO DE MACORÍS,MINISTERIO DE AGRICULTURA,EMCO,34.9,22.9,0.4,https://indomet.gob.do/wp-content/uploads/2025/07/temperaturas-extremas-y-precipitaciones-2025x07x18-a.pdf
2025-07-18,025,SAN RAFAEL DEL YUMA,LA ALTAGRACIA,MINISTERIO DE AGRICULTURA,EMCO,35.6,23.2,0.3,https://indomet.gob.do/wp-content/uploads/2025/07/temperaturas-extremas-y-precipitaciones-2025x07x18-a.pdf
2025-07-18,026,TÁBARA ABAJO,AZUA,INDRHI,EMCO,33.5,22.1,0.2,https://indomet.gob.do/wp-content/uploads/2025/07/temperaturas-extremas-y-precipitaciones-2025x07x18-a.pdf
2025-07-18,027,JARABACOA,LA VEGA,INDRHI / MARENA,EMCO,31.8,17.6,0.1,https://indomet.gob.do/wp-content/uploads/2025/07/temperaturas-extremas-y-precipitaciones-2025x07x18-a.pdf
2025-07-18,028,SALCEDO,HERMANAS MIRABAL,PROPIEDAD DEL EMPLEADO,EMCO,,,0.1,https://indomet.gob.do/wp-content/uploads/2025/07/temperaturas-extremas-y-precipitaciones-2025x07x18-a.pdf
2025-07-18,029,ALTAMIRA,PUERTO PLATA,HOSP. MPAL. DE ALTAMIRA,EMCO,34.4,20.9,0.0,https://indomet.gob.do/wp-content/uploads/2025/07/temperaturas-extremas-y-precipitaciones-2025x07x18-a.pdf
2025-07-18,030,ANAMUYA (EMA),LA ALTAGRACIA,MINISTERIO DE AGRICULTURA,EMAP,33.1,24.4,0.0,https://indomet.gob.do/wp-content/uploads/2025/07/temperaturas-extremas-y-precipitaciones-2025x07x18-a.pdf
2025-07-18,031,ARPT. DE LA ROMANA,LA ROMANA,ONAMET,EMCO,33.5,25.2,0.0,https://indomet.gob.do/wp-content/uploads/2025/07/temperaturas-extremas-y-precipitaciones-2025x07x18-a.pdf
2025-07-18,032,ARPT. DEL CIBAO,SANTIAGO,ONAMET,EMCO,34.0,23.2,0.0,https://indomet.gob.do/wp-content/uploads/2025/07/temperaturas-extremas-y-precipitaciones-2025x07x18-a.pdf
2025-07-18,033,ARPT. GREGORIO LUPERÓN,PUERTO PLATA,ONAMET,EMCO,32.5,24.2,0.0,https://indomet.gob.do/wp-content/uploads/2025/07/temperaturas-extremas-y-precipitaciones-2025x07x18-a.pdf
2025-07-18,034,ARPT. MARÍA MONTEZ,BARAHONA,ONAMET,EMCO,33.8,26.2,0.0,https://indomet.gob.do/wp-content/uploads/2025/07/temperaturas-extremas-y-precipitaciones-2025x07x18-a.pdf
2025-07-18,035,BANI (EMA),PERAVIA,MINISTERIO DE AGRICULTURA,EMAP,33.2,,0.0,https://indomet.gob.do/wp-content/uploads/2025/07/temperaturas-extremas-y-precipitaciones-2025x07x18-a.pdf
2025-07-18,036,BOCA DE MAO (EMA),VALVERDE,MINISTERIO DE AGRICULTURA,EMAP,36.8,24.4,0.0,https://indomet.gob.do/wp-content/uploads/2025/07/temperaturas-extremas-y-precipitaciones-2025x07x18-a.pdf
2025-07-18,037,CABRAL,BARAHONA,MINISTERIO DE AGRICULTURA,EMCV,35.8,27.0,0.0,https://indomet.gob.do/wp-content/uploads/2025/07/temperaturas-extremas-y-precipitaciones-2025x07x18-a.pdf
2025-07-18,038,CONSTANZA,LA VEGA,MINISTERIO DE AGRICULTURA,EMCO,28.5,14.2,0.0,https://indomet.gob.do/wp-content/uploads/2025/07/temperaturas-extremas-y-precipitaciones-2025x07x18-a.pdf
2025-07-18,039,CONSTANZA (EMA),LA VEGA,PROGRAMA MUNDIAL DE ALIMENTO,EMAP,27.2,14.4,0.0,https://indomet.gob.do/wp-content/uploads/2025/07/temperaturas-extremas-y-precipitaciones-2025x07x18-a.pdf
2025-07-18,040,DAJABÓN,DAJABÓN,INSTITUTO POLITÉCNICO LOYOLA,EMCO,35.8,22.5,0.0,https://indomet.gob.do/wp-content/uploads/2025/07/temperaturas-extremas-y-precipitaciones-2025x07x18-a.pdf
2025-07-18,041,ENRIQUILLO,BARAHONA,MINISTERIO DE AGRICULTURA,EMCV,33.8,26.3,0.0,https://indomet.gob.do/wp-content/uploads/2025/07/temperaturas-extremas-y-precipitaciones-2025x07x18-a.pdf
2025-07-18,042,GASPAR HERNÁNDEZ,ESPAILLAT,PROPIEDAD DEL EMPLEADO,EMCO,,,0.0,https://indomet.gob.do/wp-content/uploads/2025/07/temperaturas-extremas-y-precipitaciones-2025x07x18-a.pdf
2025-07-18,043,GURABO,SANTIAGO,MINISTERIO DE AGRICULTURA,EMCV,,,0.0,https://indomet.gob.do/wp-content/uploads/2025/07/temperaturas-extremas-y-precipitaciones-2025x07x18-a.pdf
2025-07-18,044,HATO MAYOR,HATO MAYOR,MINISTERIO DE AGRICULTURA,EMCV,,,0.0,https://indomet.gob.do/wp-content/uploads/2025/07/temperaturas-extremas-y-precipitaciones-2025x07x18-a.pdf
2025-07-18,045,JARABACOA (EMA),LA VEGA,PROGRAMA MUNDIAL DE ALIMENTO,EMAP,31.0,23.8,0.0,https://indomet.gob.do/wp-content/uploads/2025/07/temperaturas-extremas-y-precipitaciones-2025x07x18-a.pdf
2025-07-18,046,LA VEGA,LA VEGA,IATESA,EMCO,33.2,23.0,0.0,https://indomet.gob.do/wp-content/uploads/2025/07/temperaturas-extremas-y-precipitaciones-2025x07x18-a.pdf
2025-07-18,047,LA VICTORIA,SANTO DOMINGO,CUERPO DE BOMBEROS,EMCO,34.0,24.5,0.0,https://indomet.gob.do/wp-content/uploads/2025/07/temperaturas-extremas-y-precipitaciones-2025x07x18-a.pdf
2025-07-18,048,LAS CANAS (EMA),MONTE CRISTI,PROGRAMA MUNDIAL DE ALIMENTO,EMAP,,,0.0,https://indomet.gob.do/wp-content/uploads/2025/07/temperaturas-extremas-y-precipitaciones-2025x07x18-a.pdf
2025-07-18,049,LAS MATAS DE SANTA CRUZ (EMA,MONTE CRISTI,PROGRAMA MUNDIAL DE ALIMENTO,EMAP,,,0.0,https://indomet.gob.do/wp-content/uploads/2025/07/temperaturas-extremas-y-precipitaciones-2025x07x18-a.pdf
2025-07-18,050,LOS TRES CHARCOS (EMA),PEDERNALES,PROPIEDAD DEL VOLUNTARIO,EMAP,,26.0,0.0,https://indomet.gob.do/wp-content/uploads/2025/07/temperaturas-extremas-y-precipitaciones-2025x07x18-a.pdf
2025-07-18,051,MAO,VALVERDE,INDRHI / MINISTERIO DE AGRICULTURA,EMCV,,,0.0,https://indomet.gob.do/wp-content/uploads/2025/07/temperaturas-extremas-y-precipitaciones-2025x07x18-a.pdf
2025-07-18,052,MONCIÓN (EMA),SANTIAGO RODRÍGUEZ,PROGRAMA MUNDIAL DE ALIMENTO,EMAP,34.4,21.1,0.0,https://indomet.gob.do/wp-content/uploads/2025/07/temperaturas-extremas-y-precipitaciones-2025x07x18-a.pdf
2025-07-18,053,MONTE CRISTI,MONTE CRISTI,ONAMET,EMCO,35.3,26.2,0.0,https://indomet.gob.do/wp-content/uploads/2025/07/temperaturas-extremas-y-precipitaciones-2025x07x18-a.pdf
2025-07-18,054,NAVARRETE,SANTIAGO,MINISTERIO DE AGRICULTURA,EMCV,,,0.0,https://indomet.gob.do/wp-content/uploads/2025/07/temperaturas-extremas-y-precipitaciones-2025x07x18-a.pdf
2025-07-18,055,OLIVARES,PEDERNALES,INDRHI,EMCO,,,0.0,https://indomet.gob.do/wp-content/uploads/2025/07/temperaturas-extremas-y-precipitaciones-2025x07x18-a.pdf
2025-07-18,056,OVIEDO,PEDERNALES,CLÍNICA RURAL OVIEDO,EMCO,34.5,26.8,0.0,https://indomet.gob.do/wp-content/uploads/2025/07/temperaturas-extremas-y-precipitaciones-2025x07x18-a.pdf
2025-07-18,057,PADRE LAS CASAS,AZUA,HOSP. NTRA. SRA. DEL CARMEN,EMCO,35.4,19.5,0.0,https://indomet.gob.do/wp-content/uploads/2025/07/temperaturas-extremas-y-precipitaciones-2025x07x18-a.pdf
2025-07-18,058,PALO ÍNDIO,PUERTO PLATA,MINISTERIO DE AGRICULTURA,EMCO,,,0.0,https://indomet.gob.do/wp-content/uploads/2025/07/temperaturas-extremas-y-precipitaciones-2025x07x18-a.pdf
2025-07-18,059,PEDERNALES,PEDERNALES,INDRHI,EMCO,,,0.0,https://indomet.gob.do/wp-content/uploads/2025/07/temperaturas-extremas-y-precipitaciones-2025x07x18-a.pdf
2025-07-18,060,PESCADERIA (EMA),BARAHONA,MINISTERIO DE AGRICULTURA,EMAP,34.9,25.8,0.0,https://indomet.gob.do/wp-content/uploads/2025/07/temperaturas-extremas-y-precipitaciones-2025x07x18-a.pdf
2025-07-18,061,PONTÓN ABAJO (EMA),LA VEGA,MINISTERIO DE AGRICULTURA,EMAP,34.8,22.9,0.0,https://indomet.gob.do/wp-content/uploads/2025/07/temperaturas-extremas-y-precipitaciones-2025x07x18-a.pdf
2025-07-18,062,PRESA DE TAVERAS (EMA),LA VEGA,PROGRAMA MUNDIAL DE ALIMENTO,EMAP,31.9,22.2,0.0,https://indomet.gob.do/wp-content/uploads/2025/07/temperaturas-extremas-y-precipitaciones-2025x07x18-a.pdf
2025-07-18,063,RESTAURACIÓN,DAJABÓN,MINISTERIO DE AGRICULTURA,EMCO,34.5,22.3,0.0,https://indomet.gob.do/wp-content/uploads/2025/07/temperaturas-extremas-y-precipitaciones-2025x07x18-a.pdf
2025-07-18,064,SABANETA (EMA),SANTIAGO RODRÍGUEZ,PROGRAMA MUNDIAL DE ALIMENTO,EMAP,37.9,23.1,0.0,https://indomet.gob.do/wp-content/uploads/2025/07/temperaturas-extremas-y-precipitaciones-2025x07x18-a.pdf
2025-07-18,065,SAN CRISTÓBAL,SAN CRISTÓBAL,INSTITUTO POLITÉCNICO LOYOLA,EMCO,32.2,23.0,0.0,https://indomet.gob.do/wp-content/uploads/2025/07/temperaturas-extremas-y-precipitaciones-2025x07x18-a.pdf
2025-07-18,066,SAN JOSÉ DE OCOA,SAN JOSÉ DE OCOA,HOSP. SAN JOSÉ DE OCOA,EMCO,33.6,22.7,0.0,https://indomet.gob.do/wp-content/uploads/2025/07/temperaturas-extremas-y-precipitaciones-2025x07x18-a.pdf
2025-07-18,067,SÁNCHEZ,SAMANÁ,MINISTERIO DE AGRICULTURA,EMCO,33.5,23.3,0.0,https://indomet.gob.do/wp-content/uploads/2025/07/temperaturas-extremas-y-precipitaciones-2025x07x18-a.pdf
2025-07-18,068,SANTIAGO RODRÍGUEZ,SANTIAGO RODRÍGUEZ,ONAMET,EMCO,38.0,23.5,0.0,https://indomet.gob.do/wp-content/uploads/2025/07/temperaturas-extremas-y-precipitaciones-2025x07x18-a.pdf
2025-07-18,069,TAMBORIL,SANTIAGO,MINISTERIO DE AGRICULTURA,EMCV,,,0.0,https://indomet.gob.do/wp-content/uploads/2025/07/temperaturas-extremas-y-precipitaciones-2025x07x18-a.pdf
2025-07-18,070,VALLE NUEVO (EMA),LA VEGA,MARENA,EMAO,,,0.0,https://indomet.gob.do/wp-content/uploads/2025/07/temperaturas-extremas-y-precipitaciones-2025x07x18-a.pdf
2025-07-18,071,VILLA ALTAGRACIA,SAN CRISTÓBAL,ESCUELA JAVIER ANGULO GURIDI,EMCO,,,0.0,https://indomet.gob.do/wp-content/uploads/2025/07/temperaturas-extremas-y-precipitaciones-2025x07x18-a.pdf
2025-07-18,072,VILLA GONZALES,SANTIAGO,MINISTERIO DE AGRICULTURA,EMCO,,,0.0,https://indomet.gob.do/wp-content/uploads/2025/07/temperaturas-extremas-y-precipitaciones-2025x07x18-a.pdf
2025-07-18,073,VILLA ISABELA,PUERTO PLATA,MINISTERIO DE AGRICULTURA,EMCV,,,0.0,https://indomet.gob.do/wp-content/uploads/2025/07/temperaturas-extremas-y-precipitaciones-2025x07x18-a.pdf
2025-07-19,001,LOS LLANOS,SAN PEDRO DE MACORÍS,MINISTERIO DE AGRICULTURA,EMCO,33.5,21.9,36.0,https://indomet.gob.do/wp-content/uploads/2025/07/temperaturas-extremas-y-precipitaciones-2025x07x19-a.pdf
2025-07-19,002,BASE AÉREA DE SAN ISIDRO,SANTO DOMINGO,FUERZA AÉREA DOMINICANA,EMCV,30.0,24.0,25.0,https://indomet.gob.do/wp-content/uploads/2025/07/temperaturas-extremas-y-precipitaciones-2025x07x19-a.pdf
2025-07-19,003,ARPT. EL CATEY,SAMANÁ,ONAMET,EMCO,30.0,22.8,23.0,https://indomet.gob.do/wp-content/uploads/2025/07/temperaturas-extremas-y-precipitaciones-2025x07x19-a.pdf
2025-07-19,004,PERALTA,AZUA,HOSP. MPAL. DE PERALTA,EMCO,32.0,17.0,20.2,https://indomet.gob.do/wp-content/uploads/2025/07/temperaturas-extremas-y-precipitaciones-2025x07x19-a.pdf
2025-07-19,005,CABRERA,MARÍA TRINIDAD SÁNCHEZ,ESCUELA ARÍSTIDES FIALLO CABRAL,EMCO,33.4,25.0,16.5,https://indomet.gob.do/wp-content/uploads/2025/07/temperaturas-extremas-y-precipitaciones-2025x07x19-a.pdf
2025-07-19,006,HATO MAYOR,HATO MAYOR,MINISTERIO DE AGRICULTURA,EMCV,,,14.2,https://indomet.gob.do/wp-content/uploads/2025/07/temperaturas-extremas-y-precipitaciones-2025x07x19-a.pdf
2025-07-19,007,VILLA GONZALES,SANTIAGO,MINISTERIO DE AGRICULTURA,EMCO,,,14.0,https://indomet.gob.do/wp-content/uploads/2025/07/temperaturas-extremas-y-precipitaciones-2025x07x19-a.pdf
2025-07-19,008,SANTO DOMINGO ESTE,SANTO DOMINGO,ONAMET,EMCO,33.0,24.5,11.5,https://indomet.gob.do/wp-content/uploads/2025/07/temperaturas-extremas-y-precipitaciones-2025x07x19-a.pdf
2025-07-19,009,GURABO,SANTIAGO,MINISTERIO DE AGRICULTURA,EMCV,,,9.4,https://indomet.gob.do/wp-content/uploads/2025/07/temperaturas-extremas-y-precipitaciones-2025x07x19-a.pdf
2025-07-19,010,ARPT. DE LAS AMÉRICAS,SANTO DOMINGO,ONAMET,EMCO,30.8,23.0,8.4,https://indomet.gob.do/wp-content/uploads/2025/07/temperaturas-extremas-y-precipitaciones-2025x07x19-a.pdf
2025-07-19,011,ARPT. DE LA ROMANA,LA ROMANA,ONAMET,EMCO,32.8,22.3,7.9,https://indomet.gob.do/wp-content/uploads/2025/07/temperaturas-extremas-y-precipitaciones-2025x07x19-a.pdf
2025-07-19,012,SÁNCHEZ,SAMANÁ,MINISTERIO DE AGRICULTURA,EMCO,32.1,22.3,6.4,https://indomet.gob.do/wp-content/uploads/2025/07/temperaturas-extremas-y-precipitaciones-2025x07x19-a.pdf
2025-07-19,013,CENTRO DE LOS HEROES (EMA),DISTRITO NACIONAL,MINISTERIO DE ENERGIA Y MINA,EMAP,32.9,25.4,6.0,https://indomet.gob.do/wp-content/uploads/2025/07/temperaturas-extremas-y-precipitaciones-2025x07x19-a.pdf
2025-07-19,014,RANCHO ARRIBA,SAN JOSÉ DE OCOA,CENTRO TECNOLÓGICO COMUNITARIO,EMCO,30.5,16.8,5.6,https://indomet.gob.do/wp-content/uploads/2025/07/temperaturas-extremas-y-precipitaciones-2025x07x19-a.pdf
2025-07-19,015,RÍO SAN JUAN,MARÍA TRINIDAD SÁNCHEZ,HOSP. MPAL. DR. DESIDERIO ACOSTA,EMCV,32.6,23.0,5.6,https://indomet.gob.do/wp-content/uploads/2025/07/temperaturas-extremas-y-precipitaciones-2025x07x19-a.pdf
2025-07-19,016,SAMANÁ,SAMANÁ,COMANDANCIA DE PUERTO DE SAMANÁ,EMCO,33.5,22.9,5.4,https://indomet.gob.do/wp-content/uploads/2025/07/temperaturas-extremas-y-precipitaciones-2025x07x19-a.pdf
2025-07-19,017,ARPT. DE PUNTA CANA,LA ALTAGRACIA,ONAMET,EMCO,30.8,24.2,5.2,https://indomet.gob.do/wp-content/uploads/2025/07/temperaturas-extremas-y-precipitaciones-2025x07x19-a.pdf
2025-07-19,018,BAYAGUANA,MONTE PLATA,ONAMET,EMCO,32.8,21.8,4.3,https://indomet.gob.do/wp-content/uploads/2025/07/temperaturas-extremas-y-precipitaciones-2025x07x19-a.pdf
2025-07-19,019,SALCEDO,HERMANAS MIRABAL,PROPIEDAD DEL EMPLEADO,EMCO,,,4.0,https://indomet.gob.do/wp-content/uploads/2025/07/temperaturas-extremas-y-precipitaciones-2025x07x19-a.pdf
2025-07-19,020,VILLA ALTAGRACIA,SAN CRISTÓBAL,ESCUELA JAVIER ANGULO GURIDI,EMCO,,,2.5,https://indomet.gob.do/wp-content/uploads/2025/07/temperaturas-extremas-y-precipitaciones-2025x07x19-a.pdf
2025-07-19,021,SAN RAFAEL DEL YUMA,LA ALTAGRACIA,MINISTERIO DE AGRICULTURA,EMCO,33.6,23.0,2.4,https://indomet.gob.do/wp-content/uploads/2025/07/temperaturas-extremas-y-precipitaciones-2025x07x19-a.pdf
2025-07-19,022,NAVARRETE,SANTIAGO,MINISTERIO DE AGRICULTURA,EMCV,,,2.3,https://indomet.gob.do/wp-content/uploads/2025/07/temperaturas-extremas-y-precipitaciones-2025x07x19-a.pdf
2025-07-19,023,HONDO VALLE,ELÍAS PIÑA,MINISTERIO DE AGRICULTURA,EMCO,27.9,18.0,2.1,https://indomet.gob.do/wp-content/uploads/2025/07/temperaturas-extremas-y-precipitaciones-2025x07x19-a.pdf
2025-07-19,024,VILLA RIVA,DUARTE,HOSP. MPAL. ALICIA DE LEGENDRE,EMCO,32.4,22.5,2.0,https://indomet.gob.do/wp-content/uploads/2025/07/temperaturas-extremas-y-precipitaciones-2025x07x19-a.pdf
2025-07-19,025,LA VICTORIA,SANTO DOMINGO,CUERPO DE BOMBEROS,EMCO,33.0,23.0,1.9,https://indomet.gob.do/wp-content/uploads/2025/07/temperaturas-extremas-y-precipitaciones-2025x07x19-a.pdf
2025-07-19,026,ARPT. MARÍA MONTEZ,BARAHONA,ONAMET,EMCO,34.0,26.3,1.6,https://indomet.gob.do/wp-content/uploads/2025/07/temperaturas-extremas-y-precipitaciones-2025x07x19-a.pdf
2025-07-19,027,ARPT. ARROYO BARRIL,SAMANÁ,ONAMET,EMCO,31.0,23.5,1.0,https://indomet.gob.do/wp-content/uploads/2025/07/temperaturas-extremas-y-precipitaciones-2025x07x19-a.pdf
2025-07-19,028,SAN JOSÉ DE OCOA,SAN JOSÉ DE OCOA,HOSP. SAN JOSÉ DE OCOA,EMCO,33.7,21.2,0.8,https://indomet.gob.do/wp-content/uploads/2025/07/temperaturas-extremas-y-precipitaciones-2025x07x19-a.pdf
2025-07-19,029,ARROYO LORO,SAN JUAN,IDIAF,EMCO,35.0,17.7,0.7,https://indomet.gob.do/wp-content/uploads/2025/07/temperaturas-extremas-y-precipitaciones-2025x07x19-a.pdf
2025-07-19,030,OVIEDO,PEDERNALES,CLÍNICA RURAL OVIEDO,EMCO,34.5,26.5,0.7,https://indomet.gob.do/wp-content/uploads/2025/07/temperaturas-extremas-y-precipitaciones-2025x07x19-a.pdf
2025-07-19,031,ALTAMIRA,PUERTO PLATA,HOSP. MPAL. DE ALTAMIRA,EMCO,32.7,20.2,0.4,https://indomet.gob.do/wp-content/uploads/2025/07/temperaturas-extremas-y-precipitaciones-2025x07x19-a.pdf
2025-07-19,032,PESCADERIA (EMA),BARAHONA,MINISTERIO DE AGRICULTURA,EMAP,34.9,24.3,0.4,https://indomet.gob.do/wp-content/uploads/2025/07/temperaturas-extremas-y-precipitaciones-2025x07x19-a.pdf
2025-07-19,033,CABRAL,BARAHONA,MINISTERIO DE AGRICULTURA,EMCV,35.9,24.3,0.1,https://indomet.gob.do/wp-content/uploads/2025/07/temperaturas-extremas-y-precipitaciones-2025x07x19-a.pdf
2025-07-19,034,POLO,BARAHONA,INDOCAFE,EMCO,32.4,19.6,0.1,https://indomet.gob.do/wp-content/uploads/2025/07/temperaturas-extremas-y-precipitaciones-2025x07x19-a.pdf
2025-07-19,035,ANAMUYA (EMA),LA ALTAGRACIA,MINISTERIO DE AGRICULTURA,EMAP,32.3,25.0,0.0,https://indomet.gob.do/wp-content/uploads/2025/07/temperaturas-extremas-y-precipitaciones-2025x07x19-a.pdf
2025-07-19,036,ARPT. DEL CIBAO,SANTIAGO,ONAMET,EMCO,34.2,21.9,0.0,https://indomet.gob.do/wp-content/uploads/2025/07/temperaturas-extremas-y-precipitaciones-2025x07x19-a.pdf
2025-07-19,037,ARPT. GREGORIO LUPERÓN,PUERTO PLATA,ONAMET,EMCO,32.6,23.7,0.0,https://indomet.gob.do/wp-content/uploads/2025/07/temperaturas-extremas-y-precipitaciones-2025x07x19-a.pdf
2025-07-19,038,ARPT. LA ISABELA,SANTO DOMINGO,ONAMET,EMCO,32.5,21.5,0.0,https://indomet.gob.do/wp-content/uploads/2025/07/temperaturas-extremas-y-precipitaciones-2025x07x19-a.pdf
2025-07-19,039,BOCA DE MAO (EMA),VALVERDE,MINISTERIO DE AGRICULTURA,EMAP,35.8,23.3,0.0,https://indomet.gob.do/wp-content/uploads/2025/07/temperaturas-extremas-y-precipitaciones-2025x07x19-a.pdf
2025-07-19,040,BONAO,MONSEÑOR NOUEL,MINISTERIO DE AGRICULTURA,EMCV,,,0.0,https://indomet.gob.do/wp-content/uploads/2025/07/temperaturas-extremas-y-precipitaciones-2025x07x19-a.pdf
2025-07-19,041,CONSTANZA,LA VEGA,MINISTERIO DE AGRICULTURA,EMCO,28.9,12.3,0.0,https://indomet.gob.do/wp-content/uploads/2025/07/temperaturas-extremas-y-precipitaciones-2025x07x19-a.pdf
2025-07-19,042,CONSTANZA (EMA),LA VEGA,PROGRAMA MUNDIAL DE ALIMENTO,EMAP,26.2,12.6,0.0,https://indomet.gob.do/wp-content/uploads/2025/07/temperaturas-extremas-y-precipitaciones-2025x07x19-a.pdf
2025-07-19,043,DAJABÓN,DAJABÓN,INSTITUTO POLITÉCNICO LOYOLA,EMCO,36.1,20.5,0.0,https://indomet.gob.do/wp-content/uploads/2025/07/temperaturas-extremas-y-precipitaciones-2025x07x19-a.pdf
2025-07-19,044,ELÍAS PIÑA,ELÍAS PIÑA,MINISTERIO DE AGRICULTURA,EMCV,,,0.0,https://indomet.gob.do/wp-content/uploads/2025/07/temperaturas-extremas-y-precipitaciones-2025x07x19-a.pdf
2025-07-19,045,ESCONDIDO,PERAVIA,MINISTERIO DE AGRICULTURA,EMCV,33.0,28.0,0.0,https://indomet.gob.do/wp-content/uploads/2025/07/temperaturas-extremas-y-precipitaciones-2025x07x19-a.pdf
2025-07-19,046,GASPAR HERNÁNDEZ,ESPAILLAT,PROPIEDAD DEL EMPLEADO,EMCO,,,0.0,https://indomet.gob.do/wp-content/uploads/2025/07/temperaturas-extremas-y-precipitaciones-2025x07x19-a.pdf
2025-07-19,047,JARABACOA,LA VEGA,INDRHI / MARENA,EMCO,31.4,16.8,0.0,https://indomet.gob.do/wp-content/uploads/2025/07/temperaturas-extremas-y-precipitaciones-2025x07x19-a.pdf
2025-07-19,048,JARABACOA (EMA),LA VEGA,PROGRAMA MUNDIAL DE ALIMENTO,EMAP,30.7,18.1,0.0,https://indomet.gob.do/wp-content/uploads/2025/07/temperaturas-extremas-y-precipitaciones-2025x07x19-a.pdf
2025-07-19,049,JIMANÍ,INDEPENDENCIA,MINISTERIO DE AGRICULTURA,EMCO,37.5,25.4,0.0,https://indomet.gob.do/wp-content/uploads/2025/07/temperaturas-extremas-y-precipitaciones-2025x07x19-a.pdf
2025-07-19,050,JUMA BEJUCAL,MONSEÑOR NOUEL,IDIAF,EMCV,32.4,24.8,0.0,https://indomet.gob.do/wp-content/uploads/2025/07/temperaturas-extremas-y-precipitaciones-2025x07x19-a.pdf
2025-07-19,051,LA VEGA,LA VEGA,IATESA,EMCO,33.0,21.0,0.0,https://indomet.gob.do/wp-content/uploads/2025/07/temperaturas-extremas-y-precipitaciones-2025x07x19-a.pdf
2025-07-19,052,LAS CANAS (EMA),MONTE CRISTI,PROGRAMA MUNDIAL DE ALIMENTO,EMAP,30.2,23.4,0.0,https://indomet.gob.do/wp-content/uploads/2025/07/temperaturas-extremas-y-precipitaciones-2025x07x19-a.pdf
2025-07-19,053,LAS MATAS DE SANTA CRUZ (EMA,MONTE CRISTI,PROGRAMA MUNDIAL DE ALIMENTO,EMAP,33.8,23.7,0.0,https://indomet.gob.do/wp-content/uploads/2025/07/temperaturas-extremas-y-precipitaciones-2025x07x19-a.pdf
2025-07-19,054,LOS TRES CHARCOS (EMA),PEDERNALES,PROPIEDAD DEL VOLUNTARIO,EMAP,,,0.0,https://indomet.gob.do/wp-content/uploads/2025/07/temperaturas-extremas-y-precipitaciones-2025x07x19-a.pdf
2025-07-19,055,MAO,VALVERDE,INDRHI / MINISTERIO DE AGRICULTURA,EMCV,,,0.0,https://indomet.gob.do/wp-content/uploads/2025/07/temperaturas-extremas-y-precipitaciones-2025x07x19-a.pdf
2025-07-19,056,MONCIÓN (EMA),SANTIAGO RODRÍGUEZ,PROGRAMA MUNDIAL DE ALIMENTO,EMAP,33.1,19.3,0.0,https://indomet.gob.do/wp-content/uploads/2025/07/temperaturas-extremas-y-precipitaciones-2025x07x19-a.pdf
2025-07-19,057,MONTE CRISTI,MONTE CRISTI,ONAMET,EMCO,33.5,24.7,0.0,https://indomet.gob.do/wp-content/uploads/2025/07/temperaturas-extremas-y-precipitaciones-2025x07x19-a.pdf
2025-07-19,058,OLIVARES,PEDERNALES,INDRHI,EMCO,,,0.0,https://indomet.gob.do/wp-content/uploads/2025/07/temperaturas-extremas-y-precipitaciones-2025x07x19-a.pdf
2025-07-19,059,PADRE LAS CASAS,AZUA,HOSP. NTRA. SRA. DEL CARMEN,EMCO,34.0,19.0,0.0,https://indomet.gob.do/wp-content/uploads/2025/07/temperaturas-extremas-y-precipitaciones-2025x07x19-a.pdf
2025-07-19,060,PALO ÍNDIO,PUERTO PLATA,MINISTERIO DE AGRICULTURA,EMCO,,,0.0,https://indomet.gob.do/wp-content/uploads/2025/07/temperaturas-extremas-y-precipitaciones-2025x07x19-a.pdf
2025-07-19,061,PEDERNALES,PEDERNALES,INDRHI,EMCO,,,0.0,https://indomet.gob.do/wp-content/uploads/2025/07/temperaturas-extremas-y-precipitaciones-2025x07x19-a.pdf
2025-07-19,062,PONTÓN ABAJO (EMA),LA VEGA,MINISTERIO DE AGRICULTURA,EMAP,35.3,21.9,0.0,https://indomet.gob.do/wp-content/uploads/2025/07/temperaturas-extremas-y-precipitaciones-2025x07x19-a.pdf
2025-07-19,063,PRESA DE TAVERAS (EMA),LA VEGA,PROGRAMA MUNDIAL DE ALIMENTO,EMAP,31.7,20.9,0.0,https://indomet.gob.do/wp-content/uploads/2025/07/temperaturas-extremas-y-precipitaciones-2025x07x19-a.pdf
2025-07-19,064,RESTAURACIÓN,DAJABÓN,MINISTERIO DE AGRICULTURA,EMCO,33.9,21.6,0.0,https://indomet.gob.do/wp-content/uploads/2025/07/temperaturas-extremas-y-precipitaciones-2025x07x19-a.pdf
2025-07-19,065,SABANA DE LA MAR,HATO MAYOR,ONAMET,EMCO,31.5,22.5,0.0,https://indomet.gob.do/wp-content/uploads/2025/07/temperaturas-extremas-y-precipitaciones-2025x07x19-a.pdf
2025-07-19,066,SABANA GRANDE DE BOYÁ,MONTE PLATA,MINISTERIO DE AGRICULTURA,EMCV,,,0.0,https://indomet.gob.do/wp-content/uploads/2025/07/temperaturas-extremas-y-precipitaciones-2025x07x19-a.pdf
2025-07-19,067,SABANETA (EMA),SANTIAGO RODRÍGUEZ,PROGRAMA MUNDIAL DE ALIMENTO,EMAP,36.3,21.7,0.0,https://indomet.gob.do/wp-content/uploads/2025/07/temperaturas-extremas-y-precipitaciones-2025x07x19-a.pdf
2025-07-19,068,SAN CRISTÓBAL,SAN CRISTÓBAL,INSTITUTO POLITÉCNICO LOYOLA,EMCO,33.0,21.2,0.0,https://indomet.gob.do/wp-content/uploads/2025/07/temperaturas-extremas-y-precipitaciones-2025x07x19-a.pdf
2025-07-19,069,SANTIAGO RODRÍGUEZ,SANTIAGO RODRÍGUEZ,ONAMET,EMCO,36.8,22.5,0.0,https://indomet.gob.do/wp-content/uploads/2025/07/temperaturas-extremas-y-precipitaciones-2025x07x19-a.pdf
2025-07-19,070,TÁBARA ABAJO,AZUA,INDRHI,EMCO,32.5,23.0,0.0,https://indomet.gob.do/wp-content/uploads/2025/07/temperaturas-extremas-y-precipitaciones-2025x07x19-a.pdf
2025-07-19,071,VALLE NUEVO (EMA),LA VEGA,MARENA,EMAO,,,0.0,https://indomet.gob.do/wp-content/uploads/2025/07/temperaturas-extremas-y-precipitaciones-2025x07x19-a.pdf
2025-07-19,072,VILLA ISABELA,PUERTO PLATA,MINISTERIO DE AGRICULTURA,EMCV,,,0.0,https://indomet.gob.do/wp-content/uploads/2025/07/temperaturas-extremas-y-precipitaciones-2025x07x19-a.pdf
2025-07-20,001,HATO MAYOR,HATO MAYOR,MINISTERIO DE AGRICULTURA,EMCV,,,99.3,https://indomet.gob.do/wp-content/uploads/2025/07/temperaturas-extremas-y-precipitaciones-2025x07x20-a.pdf
2025-07-20,002,SABANA DE LA MAR,HATO MAYOR,ONAMET,EMCO,32.0,22.0,74.9,https://indomet.gob.do/wp-content/uploads/2025/07/temperaturas-extremas-y-precipitaciones-2025x07x20-a.pdf
2025-07-20,003,ARPT. ARROYO BARRIL,SAMANÁ,ONAMET,EMCO,30.0,23.0,36.4,https://indomet.gob.do/wp-content/uploads/2025/07/temperaturas-extremas-y-precipitaciones-2025x07x20-a.pdf
2025-07-20,004,BASE AÉREA DE SAN ISIDRO,SANTO DOMINGO,FUERZA AÉREA DOMINICANA,EMCV,34.6,24.5,25.0,https://indomet.gob.do/wp-content/uploads/2025/07/temperaturas-extremas-y-precipitaciones-2025x07x20-a.pdf
2025-07-20,005,BAYAGUANA,MONTE PLATA,ONAMET,EMCO,33.4,21.6,24.9,https://indomet.gob.do/wp-content/uploads/2025/07/temperaturas-extremas-y-precipitaciones-2025x07x20-a.pdf
2025-07-20,006,ARPT. LA ISABELA,SANTO DOMINGO,ONAMET,EMCO,31.0,22.5,23.2,https://indomet.gob.do/wp-content/uploads/2025/07/temperaturas-extremas-y-precipitaciones-2025x07x20-a.pdf
2025-07-20,007,SAMANÁ,SAMANÁ,COMANDANCIA DE PUERTO DE SAMANÁ,EMCO,33.3,24.4,15.8,https://indomet.gob.do/wp-content/uploads/2025/07/temperaturas-extremas-y-precipitaciones-2025x07x20-a.pdf
2025-07-20,008,SABANA GRANDE DE BOYÁ,MONTE PLATA,MINISTERIO DE AGRICULTURA,EMCV,,,8.9,https://indomet.gob.do/wp-content/uploads/2025/07/temperaturas-extremas-y-precipitaciones-2025x07x20-a.pdf
2025-07-20,009,LA VICTORIA,SANTO DOMINGO,CUERPO DE BOMBEROS,EMCO,30.0,22.5,4.3,https://indomet.gob.do/wp-content/uploads/2025/07/temperaturas-extremas-y-precipitaciones-2025x07x20-a.pdf
2025-07-20,010,SÁNCHEZ,SAMANÁ,MINISTERIO DE AGRICULTURA,EMCO,33.2,21.1,3.6,https://indomet.gob.do/wp-content/uploads/2025/07/temperaturas-extremas-y-precipitaciones-2025x07x20-a.pdf
2025-07-20,011,POLO,BARAHONA,INDOCAFE,EMCO,30.0,17.5,3.1,https://indomet.gob.do/wp-content/uploads/2025/07/temperaturas-extremas-y-precipitaciones-2025x07x20-a.pdf
2025-07-20,012,CABRERA,MARÍA TRINIDAD SÁNCHEZ,ESCUELA ARÍSTIDES FIALLO CABRAL,EMCO,32.4,24.0,2.7,https://indomet.gob.do/wp-content/uploads/2025/07/temperaturas-extremas-y-precipitaciones-2025x07x20-a.pdf
2025-07-20,013,ARPT. DE LA ROMANA,LA ROMANA,ONAMET,EMCO,33.2,21.8,2.2,https://indomet.gob.do/wp-content/uploads/2025/07/temperaturas-extremas-y-precipitaciones-2025x07x20-a.pdf
2025-07-20,014,HONDO VALLE,ELÍAS PIÑA,MINISTERIO DE AGRICULTURA,EMCO,27.7,18.3,2.2,https://indomet.gob.do/wp-content/uploads/2025/07/temperaturas-extremas-y-precipitaciones-2025x07x20-a.pdf
2025-07-20,015,LOS LLANOS,SAN PEDRO DE MACORÍS,MINISTERIO DE AGRICULTURA,EMCO,32.9,23.0,2.0,https://indomet.gob.do/wp-content/uploads/2025/07/temperaturas-extremas-y-precipitaciones-2025x07x20-a.pdf
2025-07-20,016,VILLA ALTAGRACIA,SAN CRISTÓBAL,ESCUELA JAVIER ANGULO GURIDI,EMCO,,,1.7,https://indomet.gob.do/wp-content/uploads/2025/07/temperaturas-extremas-y-precipitaciones-2025x07x20-a.pdf
2025-07-20,017,RANCHO ARRIBA,SAN JOSÉ DE OCOA,CENTRO TECNOLÓGICO COMUNITARIO,EMCO,30.4,17.9,1.1,https://indomet.gob.do/wp-content/uploads/2025/07/temperaturas-extremas-y-precipitaciones-2025x07x20-a.pdf
2025-07-20,018,ENRIQUILLO,BARAHONA,MINISTERIO DE AGRICULTURA,EMCV,33.4,25.5,1.0,https://indomet.gob.do/wp-content/uploads/2025/07/temperaturas-extremas-y-precipitaciones-2025x07x20-a.pdf
2025-07-20,019,PERALTA,AZUA,HOSP. MPAL. DE PERALTA,EMCO,31.5,17.5,0.4,https://indomet.gob.do/wp-content/uploads/2025/07/temperaturas-extremas-y-precipitaciones-2025x07x20-a.pdf
2025-07-20,020,VALLE NUEVO (EMA),LA VEGA,MARENA,EMAO,19.2,14.2,0.3,https://indomet.gob.do/wp-content/uploads/2025/07/temperaturas-extremas-y-precipitaciones-2025x07x20-a.pdf
2025-07-20,021,ALTAMIRA,PUERTO PLATA,HOSP. MPAL. DE ALTAMIRA,EMCO,34.7,21.1,0.2,https://indomet.gob.do/wp-content/uploads/2025/07/temperaturas-extremas-y-precipitaciones-2025x07x20-a.pdf
2025-07-20,022,ARROYO LORO,SAN JUAN,IDIAF,EMCO,33.7,19.5,0.1,https://indomet.gob.do/wp-content/uploads/2025/07/temperaturas-extremas-y-precipitaciones-2025x07x20-a.pdf
2025-07-20,023,ELÍAS PIÑA,ELÍAS PIÑA,MINISTERIO DE AGRICULTURA,EMCV,,,0.1,https://indomet.gob.do/wp-content/uploads/2025/07/temperaturas-extremas-y-precipitaciones-2025x07x20-a.pdf
2025-07-20,024,SANTO DOMINGO ESTE,SANTO DOMINGO,ONAMET,EMCO,31.8,24.5,0.1,https://indomet.gob.do/wp-content/uploads/2025/07/temperaturas-extremas-y-precipitaciones-2025x07x20-a.pdf
2025-07-20,025,ANAMUYA (EMA),LA ALTAGRACIA,MINISTERIO DE AGRICULTURA,EMAP,33.7,24.5,0.0,https://indomet.gob.do/wp-content/uploads/2025/07/temperaturas-extremas-y-precipitaciones-2025x07x20-a.pdf
2025-07-20,026,ARPT. DE LAS AMÉRICAS,SANTO DOMINGO,ONAMET,EMCO,33.2,22.5,0.0,https://indomet.gob.do/wp-content/uploads/2025/07/temperaturas-extremas-y-precipitaciones-2025x07x20-a.pdf
2025-07-20,027,ARPT. DE PUNTA CANA,LA ALTAGRACIA,ONAMET,EMCO,32.2,23.7,0.0,https://indomet.gob.do/wp-content/uploads/2025/07/temperaturas-extremas-y-precipitaciones-2025x07x20-a.pdf
2025-07-20,028,ARPT. DEL CIBAO,SANTIAGO,ONAMET,EMCO,33.4,20.8,0.0,https://indomet.gob.do/wp-content/uploads/2025/07/temperaturas-extremas-y-precipitaciones-2025x07x20-a.pdf
2025-07-20,029,ARPT. EL CATEY,SAMANÁ,ONAMET,EMCO,29.5,22.5,0.0,https://indomet.gob.do/wp-content/uploads/2025/07/temperaturas-extremas-y-precipitaciones-2025x07x20-a.pdf
2025-07-20,030,ARPT. GREGORIO LUPERÓN,PUERTO PLATA,ONAMET,EMCO,32.7,23.0,0.0,https://indomet.gob.do/wp-content/uploads/2025/07/temperaturas-extremas-y-precipitaciones-2025x07x20-a.pdf
2025-07-20,031,ARPT. MARÍA MONTEZ,BARAHONA,ONAMET,EMCO,33.2,24.3,0.0,https://indomet.gob.do/wp-content/uploads/2025/07/temperaturas-extremas-y-precipitaciones-2025x07x20-a.pdf
2025-07-20,032,BANI (EMA),PERAVIA,MINISTERIO DE AGRICULTURA,EMAP,32.1,25.6,0.0,https://indomet.gob.do/wp-content/uploads/2025/07/temperaturas-extremas-y-precipitaciones-2025x07x20-a.pdf
2025-07-20,033,BOCA DE MAO (EMA),VALVERDE,MINISTERIO DE AGRICULTURA,EMAP,36.6,23.6,0.0,https://indomet.gob.do/wp-content/uploads/2025/07/temperaturas-extremas-y-precipitaciones-2025x07x20-a.pdf
2025-07-20,034,BOHECHÍO,SAN JUAN,MINISTERIO DE AGRICULTURA,EMCV,,,0.0,https://indomet.gob.do/wp-content/uploads/2025/07/temperaturas-extremas-y-precipitaciones-2025x07x20-a.pdf
2025-07-20,035,CABRAL,BARAHONA,MINISTERIO DE AGRICULTURA,EMCV,34.4,24.0,0.0,https://indomet.gob.do/wp-content/uploads/2025/07/temperaturas-extremas-y-precipitaciones-2025x07x20-a.pdf
2025-07-20,036,CENTRO DE LOS HEROES (EMA),DISTRITO NACIONAL,MINISTERIO DE ENERGIA Y MINA,EMAP,31.0,25.9,0.0,https://indomet.gob.do/wp-content/uploads/2025/07/temperaturas-extremas-y-precipitaciones-2025x07x20-a.pdf
2025-07-20,037,CONSTANZA,LA VEGA,MINISTERIO DE AGRICULTURA,EMCO,27.8,12.7,0.0,https://indomet.gob.do/wp-content/uploads/2025/07/temperaturas-extremas-y-precipitaciones-2025x07x20-a.pdf
2025-07-20,038,CONSTANZA (EMA),LA VEGA,PROGRAMA MUNDIAL DE ALIMENTO,EMAP,26.6,14.1,0.0,https://indomet.gob.do/wp-content/uploads/2025/07/temperaturas-extremas-y-precipitaciones-2025x07x20-a.pdf
2025-07-20,039,DAJABÓN,DAJABÓN,INSTITUTO POLITÉCNICO LOYOLA,EMCO,34.9,21.0,0.0,https://indomet.gob.do/wp-content/uploads/2025/07/temperaturas-extremas-y-precipitaciones-2025x07x20-a.pdf
2025-07-20,040,EL CERCADO,SAN JUAN,MINISTERIO DE AGRICULTURA,EMCV,,,0.0,https://indomet.gob.do/wp-content/uploads/2025/07/temperaturas-extremas-y-precipitaciones-2025x07x20-a.pdf
2025-07-20,041,ESCONDIDO,PERAVIA,MINISTERIO DE AGRICULTURA,EMCV,32.0,26.0,0.0,https://indomet.gob.do/wp-content/uploads/2025/07/temperaturas-extremas-y-precipitaciones-2025x07x20-a.pdf
2025-07-20,042,GASPAR HERNÁNDEZ,ESPAILLAT,PROPIEDAD DEL EMPLEADO,EMCO,,,0.0,https://indomet.gob.do/wp-content/uploads/2025/07/temperaturas-extremas-y-precipitaciones-2025x07x20-a.pdf
2025-07-20,043,GURABO,SANTIAGO,MINISTERIO DE AGRICULTURA,EMCV,,,0.0,https://indomet.gob.do/wp-content/uploads/2025/07/temperaturas-extremas-y-precipitaciones-2025x07x20-a.pdf
2025-07-20,044,HIGÜEY,LA ALTAGRACIA,MINISTERIO DE AGRICULTURA,EMCV,,,0.0,https://indomet.gob.do/wp-content/uploads/2025/07/temperaturas-extremas-y-precipitaciones-2025x07x20-a.pdf
2025-07-20,045,JARABACOA,LA VEGA,INDRHI / MARENA,EMCO,32.0,17.4,0.0,https://indomet.gob.do/wp-content/uploads/2025/07/temperaturas-extremas-y-precipitaciones-2025x07x20-a.pdf
2025-07-20,046,JARABACOA (EMA),LA VEGA,PROGRAMA MUNDIAL DE ALIMENTO,EMAP,31.1,18.4,0.0,https://indomet.gob.do/wp-content/uploads/2025/07/temperaturas-extremas-y-precipitaciones-2025x07x20-a.pdf
2025-07-20,047,JARDÍN BOTÁNICO NACIONAL,DISTRITO NACIONAL,JARDÍN BOTÁNICO NACIONAL,EMCV,33.2,21.4,0.0,https://indomet.gob.do/wp-content/uploads/2025/07/temperaturas-extremas-y-precipitaciones-2025x07x20-a.pdf
2025-07-20,048,JIMANÍ,INDEPENDENCIA,MINISTERIO DE AGRICULTURA,EMCO,36.6,25.0,0.0,https://indomet.gob.do/wp-content/uploads/2025/07/temperaturas-extremas-y-precipitaciones-2025x07x20-a.pdf
2025-07-20,049,JUMA BEJUCAL,MONSEÑOR NOUEL,IDIAF,EMCV,32.0,23.4,0.0,https://indomet.gob.do/wp-content/uploads/2025/07/temperaturas-extremas-y-precipitaciones-2025x07x20-a.pdf
2025-07-20,050,LA VEGA,LA VEGA,IATESA,EMCO,32.0,22.0,0.0,https://indomet.gob.do/wp-content/uploads/2025/07/temperaturas-extremas-y-precipitaciones-2025x07x20-a.pdf
2025-07-20,051,LAS CANAS (EMA),MONTE CRISTI,PROGRAMA MUNDIAL DE ALIMENTO,EMAP,30.8,23.9,0.0,https://indomet.gob.do/wp-content/uploads/2025/07/temperaturas-extremas-y-precipitaciones-2025x07x20-a.pdf
2025-07-20,052,LAS MATAS DE FARFÁN,SAN JUAN,MINISTERIO DE AGRICULTURA,EMCV,,,0.0,https://indomet.gob.do/wp-content/uploads/2025/07/temperaturas-extremas-y-precipitaciones-2025x07x20-a.pdf
2025-07-20,053,LAS MATAS DE SANTA CRUZ (EMA,MONTE CRISTI,PROGRAMA MUNDIAL DE ALIMENTO,EMAP,35.6,24.0,0.0,https://indomet.gob.do/wp-content/uploads/2025/07/temperaturas-extremas-y-precipitaciones-2025x07x20-a.pdf
2025-07-20,054,MAO,VALVERDE,INDRHI / MINISTERIO DE AGRICULTURA,EMCV,,,0.0,https://indomet.gob.do/wp-content/uploads/2025/07/temperaturas-extremas-y-precipitaciones-2025x07x20-a.pdf
2025-07-20,055,MONCIÓN (EMA),SANTIAGO RODRÍGUEZ,PROGRAMA MUNDIAL DE ALIMENTO,EMAP,33.2,21.0,0.0,https://indomet.gob.do/wp-content/uploads/2025/07/temperaturas-extremas-y-precipitaciones-2025x07x20-a.pdf
2025-07-20,056,MONTE CRISTI,MONTE CRISTI,ONAMET,EMCO,34.0,23.3,0.0,https://indomet.gob.do/wp-content/uploads/2025/07/temperaturas-extremas-y-precipitaciones-2025x07x20-a.pdf
2025-07-20,057,NAVARRETE,SANTIAGO,MINISTERIO DE AGRICULTURA,EMCV,,,0.0,https://indomet.gob.do/wp-content/uploads/2025/07/temperaturas-extremas-y-precipitaciones-2025x07x20-a.pdf
2025-07-20,058,OLIVARES,PEDERNALES,INDRHI,EMCO,,,0.0,https://indomet.gob.do/wp-content/uploads/2025/07/temperaturas-extremas-y-precipitaciones-2025x07x20-a.pdf
2025-07-20,059,OVIEDO,PEDERNALES,CLÍNICA RURAL OVIEDO,EMCO,34.5,26.0,0.0,https://indomet.gob.do/wp-content/uploads/2025/07/temperaturas-extremas-y-precipitaciones-2025x07x20-a.pdf
2025-07-20,060,PADRE LAS CASAS,AZUA,HOSP. NTRA. SRA. DEL CARMEN,EMCO,33.5,20.5,0.0,https://indomet.gob.do/wp-content/uploads/2025/07/temperaturas-extremas-y-precipitaciones-2025x07x20-a.pdf
2025-07-20,061,PALO ÍNDIO,PUERTO PLATA,MINISTERIO DE AGRICULTURA,EMCO,,,0.0,https://indomet.gob.do/wp-content/uploads/2025/07/temperaturas-extremas-y-precipitaciones-2025x07x20-a.pdf
2025-07-20,062,PEDERNALES,PEDERNALES,INDRHI,EMCO,,,0.0,https://indomet.gob.do/wp-content/uploads/2025/07/temperaturas-extremas-y-precipitaciones-2025x07x20-a.pdf
2025-07-20,063,PESCADERIA (EMA),BARAHONA,MINISTERIO DE AGRICULTURA,EMAP,33.9,24.2,0.0,https://indomet.gob.do/wp-content/uploads/2025/07/temperaturas-extremas-y-precipitaciones-2025x07x20-a.pdf
2025-07-20,064,PONTÓN ABAJO (EMA),LA VEGA,MINISTERIO DE AGRICULTURA,EMAP,34.4,22.7,0.0,https://indomet.gob.do/wp-content/uploads/2025/07/temperaturas-extremas-y-precipitaciones-2025x07x20-a.pdf
2025-07-20,065,PRESA DE TAVERAS (EMA),LA VEGA,PROGRAMA MUNDIAL DE ALIMENTO,EMAP,30.8,21.3,0.0,https://indomet.gob.do/wp-content/uploads/2025/07/temperaturas-extremas-y-precipitaciones-2025x07x20-a.pdf
2025-07-20,066,RÍO SAN JUAN,MARÍA TRINIDAD SÁNCHEZ,HOSP. MPAL. DR. DESIDERIO ACOSTA,EMCV,33.1,23.9,0.0,https://indomet.gob.do/wp-content/uploads/2025/07/temperaturas-extremas-y-precipitaciones-2025x07x20-a.pdf
2025-07-20,067,SABANETA (EMA),SANTIAGO RODRÍGUEZ,PROGRAMA MUNDIAL DE ALIMENTO,EMAP,36.4,23.6,0.0,https://indomet.gob.do/wp-content/uploads/2025/07/temperaturas-extremas-y-precipitaciones-2025x07x20-a.pdf
2025-07-20,068,SALCEDO,HERMANAS MIRABAL,PROPIEDAD DEL EMPLEADO,EMCO,,,0.0,https://indomet.gob.do/wp-content/uploads/2025/07/temperaturas-extremas-y-precipitaciones-2025x07x20-a.pdf
2025-07-20,069,SAN CRISTÓBAL,SAN CRISTÓBAL,INSTITUTO POLITÉCNICO LOYOLA,EMCO,33.2,23.0,0.0,https://indomet.gob.do/wp-content/uploads/2025/07/temperaturas-extremas-y-precipitaciones-2025x07x20-a.pdf
2025-07-20,070,SAN FRANCISCO DE MACORÍS,DUARTE,San Francisco de Macorís (UASD),EMCO,28.5,22.4,0.0,https://indomet.gob.do/wp-content/uploads/2025/07/temperaturas-extremas-y-precipitaciones-2025x07x20-a.pdf
2025-07-20,071,SAN JOSÉ DE OCOA,SAN JOSÉ DE OCOA,HOSP. SAN JOSÉ DE OCOA,EMCO,32.4,22.1,0.0,https://indomet.gob.do/wp-content/uploads/2025/07/temperaturas-extremas-y-precipitaciones-2025x07x20-a.pdf
2025-07-20,072,SAN RAFAEL DEL YUMA,LA ALTAGRACIA,MINISTERIO DE AGRICULTURA,EMCO,34.3,23.0,0.0,https://indomet.gob.do/wp-content/uploads/2025/07/temperaturas-extremas-y-precipitaciones-2025x07x20-a.pdf
2025-07-20,073,SANTIAGO RODRÍGUEZ,SANTIAGO RODRÍGUEZ,ONAMET,EMCO,36.7,24.5,0.0,https://indomet.gob.do/wp-content/uploads/2025/07/temperaturas-extremas-y-precipitaciones-2025x07x20-a.pdf
2025-07-20,074,TÁBARA ABAJO,AZUA,INDRHI,EMCO,32.4,23.3,0.0,https://indomet.gob.do/wp-content/uploads/2025/07/temperaturas-extremas-y-precipitaciones-2025x07x20-a.pdf
2025-07-20,075,VILLA GONZALES,SANTIAGO,MINISTERIO DE AGRICULTURA,EMCO,,,0.0,https://indomet.gob.do/wp-content/uploads/2025/07/temperaturas-extremas-y-precipitaciones-2025x07x20-a.pdf
2025-07-20,076,VILLA ISABELA,PUERTO PLATA,MINISTERIO DE AGRICULTURA,EMCV,,,0.0,https://indomet.gob.do/wp-content/uploads/2025/07/temperaturas-extremas-y-precipitaciones-2025x07x20-a.pdf
2025-07-20,077,VILLA RIVA,DUARTE,HOSP. MPAL. ALICIA DE LEGENDRE,EMCO,33.0,22.0,0.0,https://indomet.gob.do/wp-content/uploads/2025/07/temperaturas-extremas-y-precipitaciones-2025x07x20-a.pdf
2025-07-21,001,CABRERA,MARÍA TRINIDAD SÁNCHEZ,ESCUELA ARÍSTIDES FIALLO CABRAL,EMCO,32.5,25.2,3.3,https://indomet.gob.do/wp-content/uploads/2025/07/temperaturas-extremas-y-precipitaciones-2025x07x21-a.pdf
2025-07-21,002,ENRIQUILLO,BARAHONA,MINISTERIO DE AGRICULTURA,EMCV,33.0,24.8,2.6,https://indomet.gob.do/wp-content/uploads/2025/07/temperaturas-extremas-y-precipitaciones-2025x07x21-a.pdf
2025-07-21,003,BONAO,MONSEÑOR NOUEL,MINISTERIO DE AGRICULTURA,EMCV,,,0.3,https://indomet.gob.do/wp-content/uploads/2025/07/temperaturas-extremas-y-precipitaciones-2025x07x21-a.pdf
2025-07-21,004,HATO MAYOR,HATO MAYOR,MINISTERIO DE AGRICULTURA,EMCV,,,0.3,https://indomet.gob.do/wp-content/uploads/2025/07/temperaturas-extremas-y-precipitaciones-2025x07x21-a.pdf
2025-07-21,005,JUMA BEJUCAL,MONSEÑOR NOUEL,IDIAF,EMCV,32.6,22.4,0.2,https://indomet.gob.do/wp-content/uploads/2025/07/temperaturas-extremas-y-precipitaciones-2025x07x21-a.pdf
2025-07-21,006,SAMANÁ,SAMANÁ,COMANDANCIA DE PUERTO DE SAMANÁ,EMCO,33.1,23.6,0.2,https://indomet.gob.do/wp-content/uploads/2025/07/temperaturas-extremas-y-precipitaciones-2025x07x21-a.pdf
2025-07-21,007,ARPT. LA ISABELA,SANTO DOMINGO,ONAMET,EMCO,33.0,21.0,0.1,https://indomet.gob.do/wp-content/uploads/2025/07/temperaturas-extremas-y-precipitaciones-2025x07x21-a.pdf
2025-07-21,008,BAYAGUANA,MONTE PLATA,ONAMET,EMCO,33.4,21.6,0.1,https://indomet.gob.do/wp-content/uploads/2025/07/temperaturas-extremas-y-precipitaciones-2025x07x21-a.pdf
2025-07-21,009,LA VICTORIA,SANTO DOMINGO,CUERPO DE BOMBEROS,EMCO,35.0,22.5,0.1,https://indomet.gob.do/wp-content/uploads/2025/07/temperaturas-extremas-y-precipitaciones-2025x07x21-a.pdf
2025-07-21,010,ALTAMIRA,PUERTO PLATA,HOSP. MPAL. DE ALTAMIRA,EMCO,35.0,19.4,0.0,https://indomet.gob.do/wp-content/uploads/2025/07/temperaturas-extremas-y-precipitaciones-2025x07x21-a.pdf
2025-07-21,011,ANAMUYA (EMA),LA ALTAGRACIA,MINISTERIO DE AGRICULTURA,EMAP,33.8,25.5,0.0,https://indomet.gob.do/wp-content/uploads/2025/07/temperaturas-extremas-y-precipitaciones-2025x07x21-a.pdf
2025-07-21,012,ARPT. ARROYO BARRIL,SAMANÁ,ONAMET,EMCO,31.4,23.0,0.0,https://indomet.gob.do/wp-content/uploads/2025/07/temperaturas-extremas-y-precipitaciones-2025x07x21-a.pdf
2025-07-21,013,ARPT. DE LA ROMANA,LA ROMANA,ONAMET,EMCO,33.9,22.7,0.0,https://indomet.gob.do/wp-content/uploads/2025/07/temperaturas-extremas-y-precipitaciones-2025x07x21-a.pdf
2025-07-21,014,ARPT. DE LAS AMÉRICAS,SANTO DOMINGO,ONAMET,EMCO,32.4,23.0,0.0,https://indomet.gob.do/wp-content/uploads/2025/07/temperaturas-extremas-y-precipitaciones-2025x07x21-a.pdf
2025-07-21,015,ARPT. DE PUNTA CANA,LA ALTAGRACIA,ONAMET,EMCO,32.2,22.8,0.0,https://indomet.gob.do/wp-content/uploads/2025/07/temperaturas-extremas-y-precipitaciones-2025x07x21-a.pdf
2025-07-21,016,ARPT. DEL CIBAO,SANTIAGO,ONAMET,EMCO,34.8,21.5,0.0,https://indomet.gob.do/wp-content/uploads/2025/07/temperaturas-extremas-y-precipitaciones-2025x07x21-a.pdf
2025-07-21,017,ARPT. EL CATEY,SAMANÁ,ONAMET,EMCO,31.5,22.2,0.0,https://indomet.gob.do/wp-content/uploads/2025/07/temperaturas-extremas-y-precipitaciones-2025x07x21-a.pdf
2025-07-21,018,ARPT. GREGORIO LUPERÓN,PUERTO PLATA,ONAMET,EMCO,33.2,23.4,0.0,https://indomet.gob.do/wp-content/uploads/2025/07/temperaturas-extremas-y-precipitaciones-2025x07x21-a.pdf
2025-07-21,019,ARPT. MARÍA MONTEZ,BARAHONA,ONAMET,EMCO,33.2,24.5,0.0,https://indomet.gob.do/wp-content/uploads/2025/07/temperaturas-extremas-y-precipitaciones-2025x07x21-a.pdf
2025-07-21,020,ARROYO LORO,SAN JUAN,IDIAF,EMCO,34.5,21.0,0.0,https://indomet.gob.do/wp-content/uploads/2025/07/temperaturas-extremas-y-precipitaciones-2025x07x21-a.pdf
2025-07-21,021,BASE AÉREA DE SAN ISIDRO,SANTO DOMINGO,FUERZA AÉREA DOMINICANA,EMCV,32.4,23.0,0.0,https://indomet.gob.do/wp-content/uploads/2025/07/temperaturas-extremas-y-precipitaciones-2025x07x21-a.pdf
2025-07-21,022,BOCA DE MAO (EMA),VALVERDE,MINISTERIO DE AGRICULTURA,EMAP,37.0,23.2,0.0,https://indomet.gob.do/wp-content/uploads/2025/07/temperaturas-extremas-y-precipitaciones-2025x07x21-a.pdf
2025-07-21,023,BOHECHÍO,SAN JUAN,MINISTERIO DE AGRICULTURA,EMCV,,,0.0,https://indomet.gob.do/wp-content/uploads/2025/07/temperaturas-extremas-y-precipitaciones-2025x07x21-a.pdf
2025-07-21,024,CABRAL,BARAHONA,MINISTERIO DE AGRICULTURA,EMCV,34.8,25.2,0.0,https://indomet.gob.do/wp-content/uploads/2025/07/temperaturas-extremas-y-precipitaciones-2025x07x21-a.pdf
2025-07-21,025,CENTRO DE LOS HEROES (EMA),DISTRITO NACIONAL,MINISTERIO DE ENERGIA Y MINA,EMAP,31.6,26.2,0.0,https://indomet.gob.do/wp-content/uploads/2025/07/temperaturas-extremas-y-precipitaciones-2025x07x21-a.pdf
2025-07-21,026,CONSTANZA,LA VEGA,MINISTERIO DE AGRICULTURA,EMCO,27.5,12.0,0.0,https://indomet.gob.do/wp-content/uploads/2025/07/temperaturas-extremas-y-precipitaciones-2025x07x21-a.pdf
2025-07-21,027,CONSTANZA (EMA),LA VEGA,PROGRAMA MUNDIAL DE ALIMENTO,EMAP,26.7,12.6,0.0,https://indomet.gob.do/wp-content/uploads/2025/07/temperaturas-extremas-y-precipitaciones-2025x07x21-a.pdf
2025-07-21,028,DAJABÓN,DAJABÓN,INSTITUTO POLITÉCNICO LOYOLA,EMCO,35.0,19.7,0.0,https://indomet.gob.do/wp-content/uploads/2025/07/temperaturas-extremas-y-precipitaciones-2025x07x21-a.pdf
2025-07-21,029,EL CERCADO,SAN JUAN,MINISTERIO DE AGRICULTURA,EMCV,,,0.0,https://indomet.gob.do/wp-content/uploads/2025/07/temperaturas-extremas-y-precipitaciones-2025x07x21-a.pdf
2025-07-21,030,ELÍAS PIÑA,ELÍAS PIÑA,MINISTERIO DE AGRICULTURA,EMCV,,,0.0,https://indomet.gob.do/wp-content/uploads/2025/07/temperaturas-extremas-y-precipitaciones-2025x07x21-a.pdf
2025-07-21,031,ESCONDIDO,PERAVIA,MINISTERIO DE AGRICULTURA,EMCV,33.0,26.0,0.0,https://indomet.gob.do/wp-content/uploads/2025/07/temperaturas-extremas-y-precipitaciones-2025x07x21-a.pdf
2025-07-21,032,GASPAR HERNÁNDEZ,ESPAILLAT,PROPIEDAD DEL EMPLEADO,EMCO,,,0.0,https://indomet.gob.do/wp-content/uploads/2025/07/temperaturas-extremas-y-precipitaciones-2025x07x21-a.pdf
2025-07-21,033,GURABO,SANTIAGO,MINISTERIO DE AGRICULTURA,EMCV,,,0.0,https://indomet.gob.do/wp-content/uploads/2025/07/temperaturas-extremas-y-precipitaciones-2025x07x21-a.pdf
2025-07-21,034,HIGÜEY,LA ALTAGRACIA,MINISTERIO DE AGRICULTURA,EMCV,,,0.0,https://indomet.gob.do/wp-content/uploads/2025/07/temperaturas-extremas-y-precipitaciones-2025x07x21-a.pdf
2025-07-21,035,HONDO VALLE,ELÍAS PIÑA,MINISTERIO DE AGRICULTURA,EMCO,27.9,18.7,0.0,https://indomet.gob.do/wp-content/uploads/2025/07/temperaturas-extremas-y-precipitaciones-2025x07x21-a.pdf
2025-07-21,036,JARABACOA,LA VEGA,INDRHI / MARENA,EMCO,32.4,17.0,0.0,https://indomet.gob.do/wp-content/uploads/2025/07/temperaturas-extremas-y-precipitaciones-2025x07x21-a.pdf
2025-07-21,037,JARABACOA (EMA),LA VEGA,PROGRAMA MUNDIAL DE ALIMENTO,EMAP,31.9,18.1,0.0,https://indomet.gob.do/wp-content/uploads/2025/07/temperaturas-extremas-y-precipitaciones-2025x07x21-a.pdf
2025-07-21,038,JARDÍN BOTÁNICO NACIONAL,DISTRITO NACIONAL,JARDÍN BOTÁNICO NACIONAL,EMCV,33.0,21.2,0.0,https://indomet.gob.do/wp-content/uploads/2025/07/temperaturas-extremas-y-precipitaciones-2025x07x21-a.pdf
2025-07-21,039,JIMANÍ,INDEPENDENCIA,MINISTERIO DE AGRICULTURA,EMCO,36.8,25.6,0.0,https://indomet.gob.do/wp-content/uploads/2025/07/temperaturas-extremas-y-precipitaciones-2025x07x21-a.pdf
2025-07-21,040,LA VEGA,LA VEGA,IATESA,EMCO,34.4,22.5,0.0,https://indomet.gob.do/wp-content/uploads/2025/07/temperaturas-extremas-y-precipitaciones-2025x07x21-a.pdf
2025-07-21,041,LAS CANAS (EMA),MONTE CRISTI,PROGRAMA MUNDIAL DE ALIMENTO,EMAP,31.8,23.0,0.0,https://indomet.gob.do/wp-content/uploads/2025/07/temperaturas-extremas-y-precipitaciones-2025x07x21-a.pdf
2025-07-21,042,LAS MATAS DE SANTA CRUZ (EMA,MONTE CRISTI,PROGRAMA MUNDIAL DE ALIMENTO,EMAP,36.8,24.1,0.0,https://indomet.gob.do/wp-content/uploads/2025/07/temperaturas-extremas-y-precipitaciones-2025x07x21-a.pdf
2025-07-21,043,LOS LLANOS,SAN PEDRO DE MACORÍS,MINISTERIO DE AGRICULTURA,EMCO,33.9,22.3,0.0,https://indomet.gob.do/wp-content/uploads/2025/07/temperaturas-extremas-y-precipitaciones-2025x07x21-a.pdf
2025-07-21,044,MONCIÓN (EMA),SANTIAGO RODRÍGUEZ,PROGRAMA MUNDIAL DE ALIMENTO,EMAP,34.4,20.8,0.0,https://indomet.gob.do/wp-content/uploads/2025/07/temperaturas-extremas-y-precipitaciones-2025x07x21-a.pdf
2025-07-21,045,MONTE CRISTI,MONTE CRISTI,ONAMET,EMCO,34.8,23.9,0.0,https://indomet.gob.do/wp-content/uploads/2025/07/temperaturas-extremas-y-precipitaciones-2025x07x21-a.pdf
2025-07-21,046,NAVARRETE,SANTIAGO,MINISTERIO DE AGRICULTURA,EMCV,,,0.0,https://indomet.gob.do/wp-content/uploads/2025/07/temperaturas-extremas-y-precipitaciones-2025x07x21-a.pdf
2025-07-21,047,OLIVARES,PEDERNALES,INDRHI,EMCO,,,0.0,https://indomet.gob.do/wp-content/uploads/2025/07/temperaturas-extremas-y-precipitaciones-2025x07x21-a.pdf
2025-07-21,048,OVIEDO,PEDERNALES,CLÍNICA RURAL OVIEDO,EMCO,34.0,26.2,0.0,https://indomet.gob.do/wp-content/uploads/2025/07/temperaturas-extremas-y-precipitaciones-2025x07x21-a.pdf
2025-07-21,049,PADRE LAS CASAS,AZUA,HOSP. NTRA. SRA. DEL CARMEN,EMCO,33.8,20.5,0.0,https://indomet.gob.do/wp-content/uploads/2025/07/temperaturas-extremas-y-precipitaciones-2025x07x21-a.pdf
2025-07-21,050,PALO ÍNDIO,PUERTO PLATA,MINISTERIO DE AGRICULTURA,EMCO,,,0.0,https://indomet.gob.do/wp-content/uploads/2025/07/temperaturas-extremas-y-precipitaciones-2025x07x21-a.pdf
2025-07-21,051,PEDERNALES,PEDERNALES,INDRHI,EMCO,,,0.0,https://indomet.gob.do/wp-content/uploads/2025/07/temperaturas-extremas-y-precipitaciones-2025x07x21-a.pdf
2025-07-21,052,PERALTA,AZUA,HOSP. MPAL. DE PERALTA,EMCO,31.7,17.0,0.0,https://indomet.gob.do/wp-content/uploads/2025/07/temperaturas-extremas-y-precipitaciones-2025x07x21-a.pdf
2025-07-21,053,PESCADERIA (EMA),BARAHONA,MINISTERIO DE AGRICULTURA,EMAP,34.1,24.7,0.0,https://indomet.gob.do/wp-content/uploads/2025/07/temperaturas-extremas-y-precipitaciones-2025x07x21-a.pdf
2025-07-21,054,POLO,BARAHONA,INDOCAFE,EMCO,29.0,17.0,0.0,https://indomet.gob.do/wp-content/uploads/2025/07/temperaturas-extremas-y-precipitaciones-2025x07x21-a.pdf
2025-07-21,055,PONTÓN ABAJO (EMA),LA VEGA,MINISTERIO DE AGRICULTURA,EMAP,36.4,23.4,0.0,https://indomet.gob.do/wp-content/uploads/2025/07/temperaturas-extremas-y-precipitaciones-2025x07x21-a.pdf
2025-07-21,056,PRESA DE TAVERAS (EMA),LA VEGA,PROGRAMA MUNDIAL DE ALIMENTO,EMAP,32.1,21.9,0.0,https://indomet.gob.do/wp-content/uploads/2025/07/temperaturas-extremas-y-precipitaciones-2025x07x21-a.pdf
2025-07-21,057,RANCHO ARRIBA,SAN JOSÉ DE OCOA,CENTRO TECNOLÓGICO COMUNITARIO,EMCO,30.0,16.6,0.0,https://indomet.gob.do/wp-content/uploads/2025/07/temperaturas-extremas-y-precipitaciones-2025x07x21-a.pdf
2025-07-21,058,RESTAURACIÓN,DAJABÓN,MINISTERIO DE AGRICULTURA,EMCO,34.5,19.6,0.0,https://indomet.gob.do/wp-content/uploads/2025/07/temperaturas-extremas-y-precipitaciones-2025x07x21-a.pdf
2025-07-21,059,RÍO SAN JUAN,MARÍA TRINIDAD SÁNCHEZ,HOSP. MPAL. DR. DESIDERIO ACOSTA,EMCV,34.0,22.5,0.0,https://indomet.gob.do/wp-content/uploads/2025/07/temperaturas-extremas-y-precipitaciones-2025x07x21-a.pdf
2025-07-21,060,SABANA DE LA MAR,HATO MAYOR,ONAMET,EMCO,31.0,21.0,0.0,https://indomet.gob.do/wp-content/uploads/2025/07/temperaturas-extremas-y-precipitaciones-2025x07x21-a.pdf
2025-07-21,061,SABANA GRANDE DE BOYÁ,MONTE PLATA,MINISTERIO DE AGRICULTURA,EMCV,,,0.0,https://indomet.gob.do/wp-content/uploads/2025/07/temperaturas-extremas-y-precipitaciones-2025x07x21-a.pdf
2025-07-21,062,SABANETA (EMA),SANTIAGO RODRÍGUEZ,PROGRAMA MUNDIAL DE ALIMENTO,EMAP,38.1,22.9,0.0,https://indomet.gob.do/wp-content/uploads/2025/07/temperaturas-extremas-y-precipitaciones-2025x07x21-a.pdf
2025-07-21,063,SALCEDO,HERMANAS MIRABAL,PROPIEDAD DEL EMPLEADO,EMCO,,,0.0,https://indomet.gob.do/wp-content/uploads/2025/07/temperaturas-extremas-y-precipitaciones-2025x07x21-a.pdf
2025-07-21,064,SAN CRISTÓBAL,SAN CRISTÓBAL,INSTITUTO POLITÉCNICO LOYOLA,EMCO,32.0,21.0,0.0,https://indomet.gob.do/wp-content/uploads/2025/07/temperaturas-extremas-y-precipitaciones-2025x07x21-a.pdf
2025-07-21,065,SAN FRANCISCO DE MACORÍS,DUARTE,San Francisco de Macorís (UASD),EMCO,27.8,22.2,0.0,https://indomet.gob.do/wp-content/uploads/2025/07/temperaturas-extremas-y-precipitaciones-2025x07x21-a.pdf
2025-07-21,066,SAN JOSÉ DE OCOA,SAN JOSÉ DE OCOA,HOSP. SAN JOSÉ DE OCOA,EMCO,33.0,21.6,0.0,https://indomet.gob.do/wp-content/uploads/2025/07/temperaturas-extremas-y-precipitaciones-2025x07x21-a.pdf
2025-07-21,067,SAN RAFAEL DEL YUMA,LA ALTAGRACIA,MINISTERIO DE AGRICULTURA,EMCO,36.0,24.0,0.0,https://indomet.gob.do/wp-content/uploads/2025/07/temperaturas-extremas-y-precipitaciones-2025x07x21-a.pdf
2025-07-21,068,SÁNCHEZ,SAMANÁ,MINISTERIO DE AGRICULTURA,EMCO,32.7,21.8,0.0,https://indomet.gob.do/wp-content/uploads/2025/07/temperaturas-extremas-y-precipitaciones-2025x07x21-a.pdf
2025-07-21,069,SANTIAGO RODRÍGUEZ,SANTIAGO RODRÍGUEZ,ONAMET,EMCO,37.5,24.0,0.0,https://indomet.gob.do/wp-content/uploads/2025/07/temperaturas-extremas-y-precipitaciones-2025x07x21-a.pdf
2025-07-21,070,SANTO DOMINGO ESTE,SANTO DOMINGO,ONAMET,EMCO,33.5,24.5,0.0,https://indomet.gob.do/wp-content/uploads/2025/07/temperaturas-extremas-y-precipitaciones-2025x07x21-a.pdf
2025-07-21,071,TÁBARA ABAJO,AZUA,INDRHI,EMCO,34.5,24.0,0.0,https://indomet.gob.do/wp-content/uploads/2025/07/temperaturas-extremas-y-precipitaciones-2025x07x21-a.pdf
2025-07-21,072,TAMBORIL,SANTIAGO,MINISTERIO DE AGRICULTURA,EMCV,,,0.0,https://indomet.gob.do/wp-content/uploads/2025/07/temperaturas-extremas-y-precipitaciones-2025x07x21-a.pdf
2025-07-21,073,VALLE NUEVO (EMA),LA VEGA,MARENA,EMAO,20.7,12.7,0.0,https://indomet.gob.do/wp-content/uploads/2025/07/temperaturas-extremas-y-precipitaciones-2025x07x21-a.pdf
2025-07-21,074,VILLA GONZALES,SANTIAGO,MINISTERIO DE AGRICULTURA,EMCO,,,0.0,https://indomet.gob.do/wp-content/uploads/2025/07/temperaturas-extremas-y-precipitaciones-2025x07x21-a.pdf
2025-07-21,075,VILLA ISABELA,PUERTO PLATA,MINISTERIO DE AGRICULTURA,EMCV,,,0.0,https://indomet.gob.do/wp-content/uploads/2025/07/temperaturas-extremas-y-precipitaciones-2025x07x21-a.pdf
2025-07-21,076,VILLA RIVA,DUARTE,HOSP. MPAL. ALICIA DE LEGENDRE,EMCO,33.0,23.0,0.0,https://indomet.gob.do/wp-content/uploads/2025/07/temperaturas-extremas-y-precipitaciones-2025x07x21-a.pdf
2025-07-22,001,RESTAURACIÓN,DAJABÓN,MINISTERIO DE AGRICULTURA,EMCO,33.9,20.0,52.1,https://indomet.gob.do/wp-content/uploads/2025/07/temperaturas-extremas-y-precipitaciones-2025x07x22-a.pdf
2025-07-22,002,DAJABÓN,DAJABÓN,INSTITUTO POLITÉCNICO LOYOLA,EMCO,34.6,19.5,32.4,https://indomet.gob.do/wp-content/uploads/2025/07/temperaturas-extremas-y-precipitaciones-2025x07x22-a.pdf
2025-07-22,003,LOS LLANOS,SAN PEDRO DE MACORÍS,MINISTERIO DE AGRICULTURA,EMCO,32.5,23.0,29.6,https://indomet.gob.do/wp-content/uploads/2025/07/temperaturas-extremas-y-precipitaciones-2025x07x22-a.pdf
2025-07-22,004,SAN FRANCISCO DE MACORÍS,DUARTE,San Francisco de Macorís (UASD),EMCO,33.4,21.9,18.8,https://indomet.gob.do/wp-content/uploads/2025/07/temperaturas-extremas-y-precipitaciones-2025x07x22-a.pdf
2025-07-22,005,ELÍAS PIÑA,ELÍAS PIÑA,MINISTERIO DE AGRICULTURA,EMCV,,,15.0,https://indomet.gob.do/wp-content/uploads/2025/07/temperaturas-extremas-y-precipitaciones-2025x07x22-a.pdf
2025-07-22,006,ARPT. DE LAS AMÉRICAS,SANTO DOMINGO,ONAMET,EMCO,32.5,23.0,15.0,https://indomet.gob.do/wp-content/uploads/2025/07/temperaturas-extremas-y-precipitaciones-2025x07x22-a.pdf
2025-07-22,007,PADRE LAS CASAS,AZUA,HOSP. NTRA. SRA. DEL CARMEN,EMCO,35.0,20.0,13.4,https://indomet.gob.do/wp-content/uploads/2025/07/temperaturas-extremas-y-precipitaciones-2025x07x22-a.pdf
2025-07-22,008,ARPT. LA ISABELA,SANTO DOMINGO,ONAMET,EMCO,33.3,21.5,11.8,https://indomet.gob.do/wp-content/uploads/2025/07/temperaturas-extremas-y-precipitaciones-2025x07x22-a.pdf
2025-07-22,009,LA VICTORIA,SANTO DOMINGO,CUERPO DE BOMBEROS,EMCO,31.3,24.0,11.8,https://indomet.gob.do/wp-content/uploads/2025/07/temperaturas-extremas-y-precipitaciones-2025x07x22-a.pdf
2025-07-22,010,BAYAGUANA,MONTE PLATA,ONAMET,EMCO,32.9,21.5,9.9,https://indomet.gob.do/wp-content/uploads/2025/07/temperaturas-extremas-y-precipitaciones-2025x07x22-a.pdf
2025-07-22,011,VILLA RIVA,DUARTE,HOSP. MPAL. ALICIA DE LEGENDRE,EMCO,33.4,23.5,8.6,https://indomet.gob.do/wp-content/uploads/2025/07/temperaturas-extremas-y-precipitaciones-2025x07x22-a.pdf
2025-07-22,012,ARPT. ARROYO BARRIL,SAMANÁ,ONAMET,EMCO,29.0,23.7,5.9,https://indomet.gob.do/wp-content/uploads/2025/07/temperaturas-extremas-y-precipitaciones-2025x07x22-a.pdf
2025-07-22,013,ARPT. DE PUNTA CANA,LA ALTAGRACIA,ONAMET,EMCO,32.0,24.8,5.6,https://indomet.gob.do/wp-content/uploads/2025/07/temperaturas-extremas-y-precipitaciones-2025x07x22-a.pdf
2025-07-22,014,SALCEDO,HERMANAS MIRABAL,PROPIEDAD DEL EMPLEADO,EMCO,,,4.8,https://indomet.gob.do/wp-content/uploads/2025/07/temperaturas-extremas-y-precipitaciones-2025x07x22-a.pdf
2025-07-22,015,HATO MAYOR,HATO MAYOR,MINISTERIO DE AGRICULTURA,EMCV,,,4.1,https://indomet.gob.do/wp-content/uploads/2025/07/temperaturas-extremas-y-precipitaciones-2025x07x22-a.pdf
2025-07-22,016,BOHECHÍO,SAN JUAN,MINISTERIO DE AGRICULTURA,EMCV,,,4.0,https://indomet.gob.do/wp-content/uploads/2025/07/temperaturas-extremas-y-precipitaciones-2025x07x22-a.pdf
2025-07-22,017,VILLA ALTAGRACIA,SAN CRISTÓBAL,ESCUELA JAVIER ANGULO GURIDI,EMCO,,,3.9,https://indomet.gob.do/wp-content/uploads/2025/07/temperaturas-extremas-y-precipitaciones-2025x07x22-a.pdf
2025-07-22,018,CABRERA,MARÍA TRINIDAD SÁNCHEZ,ESCUELA ARÍSTIDES FIALLO CABRAL,EMCO,33.4,27.4,3.5,https://indomet.gob.do/wp-content/uploads/2025/07/temperaturas-extremas-y-precipitaciones-2025x07x22-a.pdf
2025-07-22,019,POLO,BARAHONA,INDOCAFE,EMCO,28.7,17.4,3.2,https://indomet.gob.do/wp-content/uploads/2025/07/temperaturas-extremas-y-precipitaciones-2025x07x22-a.pdf
2025-07-22,020,SANTIAGO RODRÍGUEZ,SANTIAGO RODRÍGUEZ,ONAMET,EMCO,38.0,23.2,3.2,https://indomet.gob.do/wp-content/uploads/2025/07/temperaturas-extremas-y-precipitaciones-2025x07x22-a.pdf
2025-07-22,021,JARDÍN BOTÁNICO NACIONAL,DISTRITO NACIONAL,JARDÍN BOTÁNICO NACIONAL,EMCV,32.4,21.7,3.0,https://indomet.gob.do/wp-content/uploads/2025/07/temperaturas-extremas-y-precipitaciones-2025x07x22-a.pdf
2025-07-22,022,SABANETA (EMA),SANTIAGO RODRÍGUEZ,PROGRAMA MUNDIAL DE ALIMENTO,EMAP,38.2,22.3,3.0,https://indomet.gob.do/wp-content/uploads/2025/07/temperaturas-extremas-y-precipitaciones-2025x07x22-a.pdf
2025-07-22,023,SAN CRISTÓBAL,SAN CRISTÓBAL,INSTITUTO POLITÉCNICO LOYOLA,EMCO,33.2,22.2,3.0,https://indomet.gob.do/wp-content/uploads/2025/07/temperaturas-extremas-y-precipitaciones-2025x07x22-a.pdf
2025-07-22,024,RÍO SAN JUAN,MARÍA TRINIDAD SÁNCHEZ,HOSP. MPAL. DR. DESIDERIO ACOSTA,EMCV,34.1,24.5,2.7,https://indomet.gob.do/wp-content/uploads/2025/07/temperaturas-extremas-y-precipitaciones-2025x07x22-a.pdf
2025-07-22,025,CENTRO DE LOS HEROES (EMA),DISTRITO NACIONAL,MINISTERIO DE ENERGIA Y MINA,EMAP,32.6,26.7,2.2,https://indomet.gob.do/wp-content/uploads/2025/07/temperaturas-extremas-y-precipitaciones-2025x07x22-a.pdf
2025-07-22,026,JUMA BEJUCAL,MONSEÑOR NOUEL,IDIAF,EMCV,33.0,23.8,1.8,https://indomet.gob.do/wp-content/uploads/2025/07/temperaturas-extremas-y-precipitaciones-2025x07x22-a.pdf
2025-07-22,027,SABANA DE LA MAR,HATO MAYOR,ONAMET,EMCO,31.5,22.5,1.7,https://indomet.gob.do/wp-content/uploads/2025/07/temperaturas-extremas-y-precipitaciones-2025x07x22-a.pdf
2025-07-22,028,ARPT. EL CATEY,SAMANÁ,ONAMET,EMCO,29.8,22.2,1.6,https://indomet.gob.do/wp-content/uploads/2025/07/temperaturas-extremas-y-precipitaciones-2025x07x22-a.pdf
2025-07-22,029,HIGÜEY,LA ALTAGRACIA,MINISTERIO DE AGRICULTURA,EMCV,,,1.5,https://indomet.gob.do/wp-content/uploads/2025/07/temperaturas-extremas-y-precipitaciones-2025x07x22-a.pdf
2025-07-22,030,SAN RAFAEL DEL YUMA,LA ALTAGRACIA,MINISTERIO DE AGRICULTURA,EMCO,34.8,24.5,1.1,https://indomet.gob.do/wp-content/uploads/2025/07/temperaturas-extremas-y-precipitaciones-2025x07x22-a.pdf
2025-07-22,031,PONTÓN ABAJO (EMA),LA VEGA,MINISTERIO DE AGRICULTURA,EMAP,35.5,24.7,1.0,https://indomet.gob.do/wp-content/uploads/2025/07/temperaturas-extremas-y-precipitaciones-2025x07x22-a.pdf
2025-07-22,032,SAMANÁ,SAMANÁ,COMANDANCIA DE PUERTO DE SAMANÁ,EMCO,33.2,24.1,0.8,https://indomet.gob.do/wp-content/uploads/2025/07/temperaturas-extremas-y-precipitaciones-2025x07x22-a.pdf
2025-07-22,033,LA VEGA,LA VEGA,IATESA,EMCO,34.5,24.0,0.7,https://indomet.gob.do/wp-content/uploads/2025/07/temperaturas-extremas-y-precipitaciones-2025x07x22-a.pdf
2025-07-22,034,ANAMUYA (EMA),LA ALTAGRACIA,MINISTERIO DE AGRICULTURA,EMAP,33.6,25.1,0.6,https://indomet.gob.do/wp-content/uploads/2025/07/temperaturas-extremas-y-precipitaciones-2025x07x22-a.pdf
2025-07-22,035,RANCHO ARRIBA,SAN JOSÉ DE OCOA,CENTRO TECNOLÓGICO COMUNITARIO,EMCO,30.4,18.2,0.5,https://indomet.gob.do/wp-content/uploads/2025/07/temperaturas-extremas-y-precipitaciones-2025x07x22-a.pdf
2025-07-22,036,TAMBORIL,SANTIAGO,MINISTERIO DE AGRICULTURA,EMCV,,,0.5,https://indomet.gob.do/wp-content/uploads/2025/07/temperaturas-extremas-y-precipitaciones-2025x07x22-a.pdf
2025-07-22,037,ALTAMIRA,PUERTO PLATA,HOSP. MPAL. DE ALTAMIRA,EMCO,35.1,21.6,0.4,https://indomet.gob.do/wp-content/uploads/2025/07/temperaturas-extremas-y-precipitaciones-2025x07x22-a.pdf
2025-07-22,038,OVIEDO,PEDERNALES,CLÍNICA RURAL OVIEDO,EMCO,35.0,27.0,0.4,https://indomet.gob.do/wp-content/uploads/2025/07/temperaturas-extremas-y-precipitaciones-2025x07x22-a.pdf
2025-07-22,039,ARPT. GREGORIO LUPERÓN,PUERTO PLATA,ONAMET,EMCO,33.0,23.0,0.2,https://indomet.gob.do/wp-content/uploads/2025/07/temperaturas-extremas-y-precipitaciones-2025x07x22-a.pdf
2025-07-22,040,ARROYO LORO,SAN JUAN,IDIAF,EMCO,34.6,19.4,0.1,https://indomet.gob.do/wp-content/uploads/2025/07/temperaturas-extremas-y-precipitaciones-2025x07x22-a.pdf
2025-07-22,041,SABANA GRANDE DE BOYÁ,MONTE PLATA,MINISTERIO DE AGRICULTURA,EMCV,,,0.1,https://indomet.gob.do/wp-content/uploads/2025/07/temperaturas-extremas-y-precipitaciones-2025x07x22-a.pdf
2025-07-22,042,SANTO DOMINGO ESTE,SANTO DOMINGO,ONAMET,EMCO,33.0,25.3,0.1,https://indomet.gob.do/wp-content/uploads/2025/07/temperaturas-extremas-y-precipitaciones-2025x07x22-a.pdf
2025-07-22,043,ARPT. DE LA ROMANA,LA ROMANA,ONAMET,EMCO,34.0,23.5,0.0,https://indomet.gob.do/wp-content/uploads/2025/07/temperaturas-extremas-y-precipitaciones-2025x07x22-a.pdf
2025-07-22,044,ARPT. DEL CIBAO,SANTIAGO,ONAMET,EMCO,34.0,21.0,0.0,https://indomet.gob.do/wp-content/uploads/2025/07/temperaturas-extremas-y-precipitaciones-2025x07x22-a.pdf
2025-07-22,045,ARPT. MARÍA MONTEZ,BARAHONA,ONAMET,EMCO,34.0,25.2,0.0,https://indomet.gob.do/wp-content/uploads/2025/07/temperaturas-extremas-y-precipitaciones-2025x07x22-a.pdf
2025-07-22,046,BANI (EMA),PERAVIA,MINISTERIO DE AGRICULTURA,EMAP,33.2,26.6,0.0,https://indomet.gob.do/wp-content/uploads/2025/07/temperaturas-extremas-y-precipitaciones-2025x07x22-a.pdf
2025-07-22,047,BASE AÉREA DE SAN ISIDRO,SANTO DOMINGO,FUERZA AÉREA DOMINICANA,EMCV,33.5,24.0,0.0,https://indomet.gob.do/wp-content/uploads/2025/07/temperaturas-extremas-y-precipitaciones-2025x07x22-a.pdf
2025-07-22,048,BOCA DE MAO (EMA),VALVERDE,MINISTERIO DE AGRICULTURA,EMAP,38.0,25.1,0.0,https://indomet.gob.do/wp-content/uploads/2025/07/temperaturas-extremas-y-precipitaciones-2025x07x22-a.pdf
2025-07-22,049,CABRAL,BARAHONA,MINISTERIO DE AGRICULTURA,EMCV,35.2,26.0,0.0,https://indomet.gob.do/wp-content/uploads/2025/07/temperaturas-extremas-y-precipitaciones-2025x07x22-a.pdf
2025-07-22,050,CONSTANZA,LA VEGA,MINISTERIO DE AGRICULTURA,EMCO,28.5,21.5,0.0,https://indomet.gob.do/wp-content/uploads/2025/07/temperaturas-extremas-y-precipitaciones-2025x07x22-a.pdf
2025-07-22,051,CONSTANZA (EMA),LA VEGA,PROGRAMA MUNDIAL DE ALIMENTO,EMAP,27.8,19.4,0.0,https://indomet.gob.do/wp-content/uploads/2025/07/temperaturas-extremas-y-precipitaciones-2025x07x22-a.pdf
2025-07-22,052,COTUÍ,SÁNCHEZ RAMÍREZ,HOSP. INMACULADA CONCEPCIÓN,EMCV,,,0.0,https://indomet.gob.do/wp-content/uploads/2025/07/temperaturas-extremas-y-precipitaciones-2025x07x22-a.pdf
2025-07-22,053,EL CERCADO,SAN JUAN,MINISTERIO DE AGRICULTURA,EMCV,,,0.0,https://indomet.gob.do/wp-content/uploads/2025/07/temperaturas-extremas-y-precipitaciones-2025x07x22-a.pdf
2025-07-22,054,ENRIQUILLO,BARAHONA,MINISTERIO DE AGRICULTURA,EMCV,33.8,26.0,0.0,https://indomet.gob.do/wp-content/uploads/2025/07/temperaturas-extremas-y-precipitaciones-2025x07x22-a.pdf
2025-07-22,055,ESCONDIDO,PERAVIA,MINISTERIO DE AGRICULTURA,EMCV,32.0,26.0,0.0,https://indomet.gob.do/wp-content/uploads/2025/07/temperaturas-extremas-y-precipitaciones-2025x07x22-a.pdf
2025-07-22,056,GASPAR HERNÁNDEZ,ESPAILLAT,PROPIEDAD DEL EMPLEADO,EMCO,,,0.0,https://indomet.gob.do/wp-content/uploads/2025/07/temperaturas-extremas-y-precipitaciones-2025x07x22-a.pdf
2025-07-22,057,GURABO,SANTIAGO,MINISTERIO DE AGRICULTURA,EMCV,,,0.0,https://indomet.gob.do/wp-content/uploads/2025/07/temperaturas-extremas-y-precipitaciones-2025x07x22-a.pdf
2025-07-22,058,HONDO VALLE,ELÍAS PIÑA,MINISTERIO DE AGRICULTURA,EMCO,28.4,19.5,0.0,https://indomet.gob.do/wp-content/uploads/2025/07/temperaturas-extremas-y-precipitaciones-2025x07x22-a.pdf
2025-07-22,059,JARABACOA,LA VEGA,INDRHI / MARENA,EMCO,33.2,18.0,0.0,https://indomet.gob.do/wp-content/uploads/2025/07/temperaturas-extremas-y-precipitaciones-2025x07x22-a.pdf
2025-07-22,060,JARABACOA (EMA),LA VEGA,PROGRAMA MUNDIAL DE ALIMENTO,EMAP,32.3,19.4,0.0,https://indomet.gob.do/wp-content/uploads/2025/07/temperaturas-extremas-y-precipitaciones-2025x07x22-a.pdf
2025-07-22,061,LAS CANAS (EMA),MONTE CRISTI,PROGRAMA MUNDIAL DE ALIMENTO,EMAP,31.3,24.2,0.0,https://indomet.gob.do/wp-content/uploads/2025/07/temperaturas-extremas-y-precipitaciones-2025x07x22-a.pdf
2025-07-22,062,LAS MATAS DE SANTA CRUZ (EMA,MONTE CRISTI,PROGRAMA MUNDIAL DE ALIMENTO,EMAP,36.3,23.8,0.0,https://indomet.gob.do/wp-content/uploads/2025/07/temperaturas-extremas-y-precipitaciones-2025x07x22-a.pdf
2025-07-22,063,LOS JENGIBRES,NAGUA,INDRHI,EMCO,,,0.0,https://indomet.gob.do/wp-content/uploads/2025/07/temperaturas-extremas-y-precipitaciones-2025x07x22-a.pdf
2025-07-22,064,LOS TRES CHARCOS (EMA),PEDERNALES,PROPIEDAD DEL VOLUNTARIO,EMAP,34.1,25.7,0.0,https://indomet.gob.do/wp-content/uploads/2025/07/temperaturas-extremas-y-precipitaciones-2025x07x22-a.pdf
2025-07-22,065,MAO,VALVERDE,INDRHI / MINISTERIO DE AGRICULTURA,EMCV,,,0.0,https://indomet.gob.do/wp-content/uploads/2025/07/temperaturas-extremas-y-precipitaciones-2025x07x22-a.pdf
2025-07-22,066,MONCIÓN (EMA),SANTIAGO RODRÍGUEZ,PROGRAMA MUNDIAL DE ALIMENTO,EMAP,35.1,20.5,0.0,https://indomet.gob.do/wp-content/uploads/2025/07/temperaturas-extremas-y-precipitaciones-2025x07x22-a.pdf
2025-07-22,067,MONTE CRISTI,MONTE CRISTI,ONAMET,EMCO,34.4,25.5,0.0,https://indomet.gob.do/wp-content/uploads/2025/07/temperaturas-extremas-y-precipitaciones-2025x07x22-a.pdf
2025-07-22,068,NAVARRETE,SANTIAGO,MINISTERIO DE AGRICULTURA,EMCV,,,0.0,https://indomet.gob.do/wp-content/uploads/2025/07/temperaturas-extremas-y-precipitaciones-2025x07x22-a.pdf
2025-07-22,069,OLIVARES,PEDERNALES,INDRHI,EMCO,,,0.0,https://indomet.gob.do/wp-content/uploads/2025/07/temperaturas-extremas-y-precipitaciones-2025x07x22-a.pdf
2025-07-22,070,PALO ÍNDIO,PUERTO PLATA,MINISTERIO DE AGRICULTURA,EMCO,,,0.0,https://indomet.gob.do/wp-content/uploads/2025/07/temperaturas-extremas-y-precipitaciones-2025x07x22-a.pdf
2025-07-22,071,PASO AL MEDIO,SAN PEDRO DE MACORÍS,INDRHI,EMCO,,,0.0,https://indomet.gob.do/wp-content/uploads/2025/07/temperaturas-extremas-y-precipitaciones-2025x07x22-a.pdf
2025-07-22,072,PEDERNALES,PEDERNALES,INDRHI,EMCO,,,0.0,https://indomet.gob.do/wp-content/uploads/2025/07/temperaturas-extremas-y-precipitaciones-2025x07x22-a.pdf
2025-07-22,073,PERALTA,AZUA,HOSP. MPAL. DE PERALTA,EMCO,34.3,18.5,0.0,https://indomet.gob.do/wp-content/uploads/2025/07/temperaturas-extremas-y-precipitaciones-2025x07x22-a.pdf
2025-07-22,074,PESCADERIA (EMA),BARAHONA,MINISTERIO DE AGRICULTURA,EMAP,34.6,26.7,0.0,https://indomet.gob.do/wp-content/uploads/2025/07/temperaturas-extremas-y-precipitaciones-2025x07x22-a.pdf
2025-07-22,075,PRESA DE TAVERAS (EMA),LA VEGA,PROGRAMA MUNDIAL DE ALIMENTO,EMAP,32.8,23.1,0.0,https://indomet.gob.do/wp-content/uploads/2025/07/temperaturas-extremas-y-precipitaciones-2025x07x22-a.pdf
2025-07-22,076,SAN JOSÉ DE OCOA,SAN JOSÉ DE OCOA,HOSP. SAN JOSÉ DE OCOA,EMCO,33.6,23.5,0.0,https://indomet.gob.do/wp-content/uploads/2025/07/temperaturas-extremas-y-precipitaciones-2025x07x22-a.pdf
2025-07-22,077,SÁNCHEZ,SAMANÁ,MINISTERIO DE AGRICULTURA,EMCO,33.4,22.6,0.0,https://indomet.gob.do/wp-content/uploads/2025/07/temperaturas-extremas-y-precipitaciones-2025x07x22-a.pdf
2025-07-22,078,TÁBARA ABAJO,AZUA,INDRHI,EMCO,33.5,20.5,0.0,https://indomet.gob.do/wp-content/uploads/2025/07/temperaturas-extremas-y-precipitaciones-2025x07x22-a.pdf
2025-07-22,079,TAVERA,SANTIAGO,INDRHI,EMCO,,,0.0,https://indomet.gob.do/wp-content/uploads/2025/07/temperaturas-extremas-y-precipitaciones-2025x07x22-a.pdf
2025-07-22,080,VILLA GONZALES,SANTIAGO,MINISTERIO DE AGRICULTURA,EMCO,,,0.0,https://indomet.gob.do/wp-content/uploads/2025/07/temperaturas-extremas-y-precipitaciones-2025x07x22-a.pdf
2025-07-22,081,VILLA ISABELA,PUERTO PLATA,MINISTERIO DE AGRICULTURA,EMCV,,,0.0,https://indomet.gob.do/wp-content/uploads/2025/07/temperaturas-extremas-y-precipitaciones-2025x07x22-a.pdf
2025-07-23,001,BOHECHÍO,SAN JUAN,MINISTERIO DE AGRICULTURA,EMCV,,,52.1,https://indomet.gob.do/wp-content/uploads/2025/07/temperaturas-extremas-y-precipitaciones-2025x07x23-a.pdf
2025-07-23,002,DAJABÓN,DAJABÓN,INSTITUTO POLITÉCNICO LOYOLA,EMCO,35.0,21.5,34.9,https://indomet.gob.do/wp-content/uploads/2025/07/temperaturas-extremas-y-precipitaciones-2025x07x23-a.pdf
2025-07-23,003,LA VICTORIA,SANTO DOMINGO,CUERPO DE BOMBEROS,EMCO,30.0,22.0,33.5,https://indomet.gob.do/wp-content/uploads/2025/07/temperaturas-extremas-y-precipitaciones-2025x07x23-a.pdf
2025-07-23,004,BASE AÉREA DE SAN ISIDRO,SANTO DOMINGO,FUERZA AÉREA DOMINICANA,EMCV,31.1,23.9,22.4,https://indomet.gob.do/wp-content/uploads/2025/07/temperaturas-extremas-y-precipitaciones-2025x07x23-a.pdf
2025-07-23,005,ARPT. LA ISABELA,SANTO DOMINGO,ONAMET,EMCO,33.0,23.6,16.8,https://indomet.gob.do/wp-content/uploads/2025/07/temperaturas-extremas-y-precipitaciones-2025x07x23-a.pdf
2025-07-23,006,JUMA BEJUCAL,MONSEÑOR NOUEL,IDIAF,EMCV,32.2,24.4,11.1,https://indomet.gob.do/wp-content/uploads/2025/07/temperaturas-extremas-y-precipitaciones-2025x07x23-a.pdf
2025-07-23,007,SANTO DOMINGO ESTE,SANTO DOMINGO,ONAMET,EMCO,32.5,25.4,8.6,https://indomet.gob.do/wp-content/uploads/2025/07/temperaturas-extremas-y-precipitaciones-2025x07x23-a.pdf
2025-07-23,008,ELÍAS PIÑA,ELÍAS PIÑA,MINISTERIO DE AGRICULTURA,EMCV,,,8.0,https://indomet.gob.do/wp-content/uploads/2025/07/temperaturas-extremas-y-precipitaciones-2025x07x23-a.pdf
2025-07-23,009,JARDÍN BOTÁNICO NACIONAL,DISTRITO NACIONAL,JARDÍN BOTÁNICO NACIONAL,EMCV,32.7,21.9,6.8,https://indomet.gob.do/wp-content/uploads/2025/07/temperaturas-extremas-y-precipitaciones-2025x07x23-a.pdf
2025-07-23,010,BONAO,MONSEÑOR NOUEL,MINISTERIO DE AGRICULTURA,EMCV,,,6.1,https://indomet.gob.do/wp-content/uploads/2025/07/temperaturas-extremas-y-precipitaciones-2025x07x23-a.pdf
2025-07-23,011,ARROYO LORO,SAN JUAN,IDIAF,EMCO,35.5,18.5,5.9,https://indomet.gob.do/wp-content/uploads/2025/07/temperaturas-extremas-y-precipitaciones-2025x07x23-a.pdf
2025-07-23,012,VALLE NUEVO (EMA),LA VEGA,MARENA,EMAO,20.8,14.0,5.8,https://indomet.gob.do/wp-content/uploads/2025/07/temperaturas-extremas-y-precipitaciones-2025x07x23-a.pdf
2025-07-23,013,LAS MATAS DE SANTA CRUZ (EMA,MONTE CRISTI,PROGRAMA MUNDIAL DE ALIMENTO,EMAP,37.1,26.3,5.1,https://indomet.gob.do/wp-content/uploads/2025/07/temperaturas-extremas-y-precipitaciones-2025x07x23-a.pdf
2025-07-23,014,CONSTANZA (EMA),LA VEGA,PROGRAMA MUNDIAL DE ALIMENTO,EMAP,26.7,19.2,3.4,https://indomet.gob.do/wp-content/uploads/2025/07/temperaturas-extremas-y-precipitaciones-2025x07x23-a.pdf
2025-07-23,015,CONSTANZA,LA VEGA,MINISTERIO DE AGRICULTURA,EMCO,27.5,18.0,3.0,https://indomet.gob.do/wp-content/uploads/2025/07/temperaturas-extremas-y-precipitaciones-2025x07x23-a.pdf
2025-07-23,016,JARABACOA (EMA),LA VEGA,PROGRAMA MUNDIAL DE ALIMENTO,EMAP,31.3,20.6,1.8,https://indomet.gob.do/wp-content/uploads/2025/07/temperaturas-extremas-y-precipitaciones-2025x07x23-a.pdf
2025-07-23,017,JARABACOA,LA VEGA,INDRHI / MARENA,EMCO,32.2,19.0,1.5,https://indomet.gob.do/wp-content/uploads/2025/07/temperaturas-extremas-y-precipitaciones-2025x07x23-a.pdf
2025-07-23,018,SAN RAFAEL DEL YUMA,LA ALTAGRACIA,MINISTERIO DE AGRICULTURA,EMCO,34.0,26.0,1.5,https://indomet.gob.do/wp-content/uploads/2025/07/temperaturas-extremas-y-precipitaciones-2025x07x23-a.pdf
2025-07-23,019,TAVERA,SANTIAGO,INDRHI,EMCO,,,1.4,https://indomet.gob.do/wp-content/uploads/2025/07/temperaturas-extremas-y-precipitaciones-2025x07x23-a.pdf
2025-07-23,020,VILLA ALTAGRACIA,SAN CRISTÓBAL,ESCUELA JAVIER ANGULO GURIDI,EMCO,,,1.2,https://indomet.gob.do/wp-content/uploads/2025/07/temperaturas-extremas-y-precipitaciones-2025x07x23-a.pdf
2025-07-23,021,PRESA DE TAVERAS (EMA),LA VEGA,PROGRAMA MUNDIAL DE ALIMENTO,EMAP,32.2,23.7,1.0,https://indomet.gob.do/wp-content/uploads/2025/07/temperaturas-extremas-y-precipitaciones-2025x07x23-a.pdf
2025-07-23,022,SAN FRANCISCO DE MACORÍS,DUARTE,San Francisco de Macorís (UASD),EMCO,32.9,23.5,0.8,https://indomet.gob.do/wp-content/uploads/2025/07/temperaturas-extremas-y-precipitaciones-2025x07x23-a.pdf
2025-07-23,023,ARPT. DE LA ROMANA,LA ROMANA,ONAMET,EMCO,33.3,23.7,0.7,https://indomet.gob.do/wp-content/uploads/2025/07/temperaturas-extremas-y-precipitaciones-2025x07x23-a.pdf
2025-07-23,024,LOS LLANOS,SAN PEDRO DE MACORÍS,MINISTERIO DE AGRICULTURA,EMCO,33.2,23.6,0.6,https://indomet.gob.do/wp-content/uploads/2025/07/temperaturas-extremas-y-precipitaciones-2025x07x23-a.pdf
2025-07-23,025,PALO ÍNDIO,PUERTO PLATA,MINISTERIO DE AGRICULTURA,EMCO,,,0.5,https://indomet.gob.do/wp-content/uploads/2025/07/temperaturas-extremas-y-precipitaciones-2025x07x23-a.pdf
2025-07-23,026,SÁNCHEZ,SAMANÁ,MINISTERIO DE AGRICULTURA,EMCO,33.6,22.4,0.4,https://indomet.gob.do/wp-content/uploads/2025/07/temperaturas-extremas-y-precipitaciones-2025x07x23-a.pdf
2025-07-23,027,POLO,BARAHONA,INDOCAFE,EMCO,28.6,19.3,0.3,https://indomet.gob.do/wp-content/uploads/2025/07/temperaturas-extremas-y-precipitaciones-2025x07x23-a.pdf
2025-07-23,028,HATO MAYOR,HATO MAYOR,MINISTERIO DE AGRICULTURA,EMCV,,,0.3,https://indomet.gob.do/wp-content/uploads/2025/07/temperaturas-extremas-y-precipitaciones-2025x07x23-a.pdf
2025-07-23,029,ARPT. DE PUNTA CANA,LA ALTAGRACIA,ONAMET,EMCO,32.0,23.5,0.2,https://indomet.gob.do/wp-content/uploads/2025/07/temperaturas-extremas-y-precipitaciones-2025x07x23-a.pdf
2025-07-23,030,PONTÓN ABAJO (EMA),LA VEGA,MINISTERIO DE AGRICULTURA,EMAP,34.8,24.9,0.2,https://indomet.gob.do/wp-content/uploads/2025/07/temperaturas-extremas-y-precipitaciones-2025x07x23-a.pdf
2025-07-23,031,RANCHO ARRIBA,SAN JOSÉ DE OCOA,CENTRO TECNOLÓGICO COMUNITARIO,EMCO,31.5,21.0,0.2,https://indomet.gob.do/wp-content/uploads/2025/07/temperaturas-extremas-y-precipitaciones-2025x07x23-a.pdf
2025-07-23,032,ARPT. DEL CIBAO,SANTIAGO,ONAMET,EMCO,34.4,23.2,0.1,https://indomet.gob.do/wp-content/uploads/2025/07/temperaturas-extremas-y-precipitaciones-2025x07x23-a.pdf
2025-07-23,033,HONDO VALLE,ELÍAS PIÑA,MINISTERIO DE AGRICULTURA,EMCO,28.5,19.7,0.1,https://indomet.gob.do/wp-content/uploads/2025/07/temperaturas-extremas-y-precipitaciones-2025x07x23-a.pdf
2025-07-23,034,LA VEGA,LA VEGA,IATESA,EMCO,34.5,24.5,0.1,https://indomet.gob.do/wp-content/uploads/2025/07/temperaturas-extremas-y-precipitaciones-2025x07x23-a.pdf
2025-07-23,035,ALTAMIRA,PUERTO PLATA,HOSP. MPAL. DE ALTAMIRA,EMCO,35.4,23.8,0.0,https://indomet.gob.do/wp-content/uploads/2025/07/temperaturas-extremas-y-precipitaciones-2025x07x23-a.pdf
2025-07-23,036,ANAMUYA (EMA),LA ALTAGRACIA,MINISTERIO DE AGRICULTURA,EMAP,32.1,27.3,0.0,https://indomet.gob.do/wp-content/uploads/2025/07/temperaturas-extremas-y-precipitaciones-2025x07x23-a.pdf
2025-07-23,037,ARPT. ARROYO BARRIL,SAMANÁ,ONAMET,EMCO,32.2,24.5,0.0,https://indomet.gob.do/wp-content/uploads/2025/07/temperaturas-extremas-y-precipitaciones-2025x07x23-a.pdf
2025-07-23,038,ARPT. DE LAS AMÉRICAS,SANTO DOMINGO,ONAMET,EMCO,33.0,23.4,0.0,https://indomet.gob.do/wp-content/uploads/2025/07/temperaturas-extremas-y-precipitaciones-2025x07x23-a.pdf
2025-07-23,039,ARPT. EL CATEY,SAMANÁ,ONAMET,EMCO,30.4,23.5,0.0,https://indomet.gob.do/wp-content/uploads/2025/07/temperaturas-extremas-y-precipitaciones-2025x07x23-a.pdf
2025-07-23,040,ARPT. GREGORIO LUPERÓN,PUERTO PLATA,ONAMET,EMCO,33.5,24.0,0.0,https://indomet.gob.do/wp-content/uploads/2025/07/temperaturas-extremas-y-precipitaciones-2025x07x23-a.pdf
2025-07-23,041,ARPT. MARÍA MONTEZ,BARAHONA,ONAMET,EMCO,34.0,25.0,0.0,https://indomet.gob.do/wp-content/uploads/2025/07/temperaturas-extremas-y-precipitaciones-2025x07x23-a.pdf
2025-07-23,042,BAYAGUANA,MONTE PLATA,ONAMET,EMCO,33.4,22.9,0.0,https://indomet.gob.do/wp-content/uploads/2025/07/temperaturas-extremas-y-precipitaciones-2025x07x23-a.pdf
2025-07-23,043,BOCA DE MAO (EMA),VALVERDE,MINISTERIO DE AGRICULTURA,EMAP,31.5,26.9,0.0,https://indomet.gob.do/wp-content/uploads/2025/07/temperaturas-extremas-y-precipitaciones-2025x07x23-a.pdf
2025-07-23,044,CABRAL,BARAHONA,MINISTERIO DE AGRICULTURA,EMCV,36.0,26.5,0.0,https://indomet.gob.do/wp-content/uploads/2025/07/temperaturas-extremas-y-precipitaciones-2025x07x23-a.pdf
2025-07-23,045,CABRERA,MARÍA TRINIDAD SÁNCHEZ,ESCUELA ARÍSTIDES FIALLO CABRAL,EMCO,33.6,26.4,0.0,https://indomet.gob.do/wp-content/uploads/2025/07/temperaturas-extremas-y-precipitaciones-2025x07x23-a.pdf
2025-07-23,046,CENTRO DE LOS HEROES (EMA),DISTRITO NACIONAL,MINISTERIO DE ENERGIA Y MINA,EMAP,32.1,26.7,0.0,https://indomet.gob.do/wp-content/uploads/2025/07/temperaturas-extremas-y-precipitaciones-2025x07x23-a.pdf
2025-07-23,047,EL CERCADO,SAN JUAN,MINISTERIO DE AGRICULTURA,EMCV,,,0.0,https://indomet.gob.do/wp-content/uploads/2025/07/temperaturas-extremas-y-precipitaciones-2025x07x23-a.pdf
2025-07-23,048,ENRIQUILLO,BARAHONA,MINISTERIO DE AGRICULTURA,EMCV,33.5,27.0,0.0,https://indomet.gob.do/wp-content/uploads/2025/07/temperaturas-extremas-y-precipitaciones-2025x07x23-a.pdf
2025-07-23,049,ESCONDIDO,PERAVIA,MINISTERIO DE AGRICULTURA,EMCV,33.0,27.0,0.0,https://indomet.gob.do/wp-content/uploads/2025/07/temperaturas-extremas-y-precipitaciones-2025x07x23-a.pdf
2025-07-23,050,GASPAR HERNÁNDEZ,ESPAILLAT,PROPIEDAD DEL EMPLEADO,EMCO,,,0.0,https://indomet.gob.do/wp-content/uploads/2025/07/temperaturas-extremas-y-precipitaciones-2025x07x23-a.pdf
2025-07-23,051,JIMANÍ,INDEPENDENCIA,MINISTERIO DE AGRICULTURA,EMCO,37.6,26.6,0.0,https://indomet.gob.do/wp-content/uploads/2025/07/temperaturas-extremas-y-precipitaciones-2025x07x23-a.pdf
2025-07-23,052,LAS CANAS (EMA),MONTE CRISTI,PROGRAMA MUNDIAL DE ALIMENTO,EMAP,31.3,26.3,0.0,https://indomet.gob.do/wp-content/uploads/2025/07/temperaturas-extremas-y-precipitaciones-2025x07x23-a.pdf
2025-07-23,053,LOS JENGIBRES,NAGUA,INDRHI,EMCO,,,0.0,https://indomet.gob.do/wp-content/uploads/2025/07/temperaturas-extremas-y-precipitaciones-2025x07x23-a.pdf
2025-07-23,054,MAO,VALVERDE,INDRHI / MINISTERIO DE AGRICULTURA,EMCV,,,0.0,https://indomet.gob.do/wp-content/uploads/2025/07/temperaturas-extremas-y-precipitaciones-2025x07x23-a.pdf
2025-07-23,055,MONCIÓN (EMA),SANTIAGO RODRÍGUEZ,PROGRAMA MUNDIAL DE ALIMENTO,EMAP,33.7,25.6,0.0,https://indomet.gob.do/wp-content/uploads/2025/07/temperaturas-extremas-y-precipitaciones-2025x07x23-a.pdf
2025-07-23,056,MONTE CRISTI,MONTE CRISTI,ONAMET,EMCO,34.8,24.5,0.0,https://indomet.gob.do/wp-content/uploads/2025/07/temperaturas-extremas-y-precipitaciones-2025x07x23-a.pdf
2025-07-23,057,NAVARRETE,SANTIAGO,MINISTERIO DE AGRICULTURA,EMCV,,,0.0,https://indomet.gob.do/wp-content/uploads/2025/07/temperaturas-extremas-y-precipitaciones-2025x07x23-a.pdf
2025-07-23,058,OLIVARES,PEDERNALES,INDRHI,EMCO,,,0.0,https://indomet.gob.do/wp-content/uploads/2025/07/temperaturas-extremas-y-precipitaciones-2025x07x23-a.pdf
2025-07-23,059,OVIEDO,PEDERNALES,CLÍNICA RURAL OVIEDO,EMCO,34.0,28.0,0.0,https://indomet.gob.do/wp-content/uploads/2025/07/temperaturas-extremas-y-precipitaciones-2025x07x23-a.pdf
2025-07-23,060,PADRE LAS CASAS,AZUA,HOSP. NTRA. SRA. DEL CARMEN,EMCO,33.4,23.0,0.0,https://indomet.gob.do/wp-content/uploads/2025/07/temperaturas-extremas-y-precipitaciones-2025x07x23-a.pdf
2025-07-23,061,PASO AL MEDIO,SAN PEDRO DE MACORÍS,INDRHI,EMCO,,,0.0,https://indomet.gob.do/wp-content/uploads/2025/07/temperaturas-extremas-y-precipitaciones-2025x07x23-a.pdf
2025-07-23,062,PEDERNALES,PEDERNALES,INDRHI,EMCO,,,0.0,https://indomet.gob.do/wp-content/uploads/2025/07/temperaturas-extremas-y-precipitaciones-2025x07x23-a.pdf
2025-07-23,063,PERALTA,AZUA,HOSP. MPAL. DE PERALTA,EMCO,36.4,19.0,0.0,https://indomet.gob.do/wp-content/uploads/2025/07/temperaturas-extremas-y-precipitaciones-2025x07x23-a.pdf
2025-07-23,064,PESCADERIA (EMA),BARAHONA,MINISTERIO DE AGRICULTURA,EMAP,35.0,28.3,0.0,https://indomet.gob.do/wp-content/uploads/2025/07/temperaturas-extremas-y-precipitaciones-2025x07x23-a.pdf
2025-07-23,065,RESTAURACIÓN,DAJABÓN,MINISTERIO DE AGRICULTURA,EMCO,34.2,20.3,0.0,https://indomet.gob.do/wp-content/uploads/2025/07/temperaturas-extremas-y-precipitaciones-2025x07x23-a.pdf
2025-07-23,066,RÍO SAN JUAN,MARÍA TRINIDAD SÁNCHEZ,HOSP. MPAL. DR. DESIDERIO ACOSTA,EMCV,34.2,26.0,0.0,https://indomet.gob.do/wp-content/uploads/2025/07/temperaturas-extremas-y-precipitaciones-2025x07x23-a.pdf
2025-07-23,067,SABANA DE LA MAR,HATO MAYOR,ONAMET,EMCO,32.5,24.5,0.0,https://indomet.gob.do/wp-content/uploads/2025/07/temperaturas-extremas-y-precipitaciones-2025x07x23-a.pdf
2025-07-23,068,SABANETA (EMA),SANTIAGO RODRÍGUEZ,PROGRAMA MUNDIAL DE ALIMENTO,EMAP,37.1,24.0,0.0,https://indomet.gob.do/wp-content/uploads/2025/07/temperaturas-extremas-y-precipitaciones-2025x07x23-a.pdf
2025-07-23,069,SALCEDO,HERMANAS MIRABAL,PROPIEDAD DEL EMPLEADO,EMCO,,,0.0,https://indomet.gob.do/wp-content/uploads/2025/07/temperaturas-extremas-y-precipitaciones-2025x07x23-a.pdf
2025-07-23,070,SAMANÁ,SAMANÁ,COMANDANCIA DE PUERTO DE SAMANÁ,EMCO,33.1,25.6,0.0,https://indomet.gob.do/wp-content/uploads/2025/07/temperaturas-extremas-y-precipitaciones-2025x07x23-a.pdf
2025-07-23,071,SAN CRISTÓBAL,SAN CRISTÓBAL,INSTITUTO POLITÉCNICO LOYOLA,EMCO,33.4,23.0,0.0,https://indomet.gob.do/wp-content/uploads/2025/07/temperaturas-extremas-y-precipitaciones-2025x07x23-a.pdf
2025-07-23,072,SAN JOSÉ DE OCOA,SAN JOSÉ DE OCOA,HOSP. SAN JOSÉ DE OCOA,EMCO,33.8,25.4,0.0,https://indomet.gob.do/wp-content/uploads/2025/07/temperaturas-extremas-y-precipitaciones-2025x07x23-a.pdf
2025-07-23,073,SANTIAGO RODRÍGUEZ,SANTIAGO RODRÍGUEZ,ONAMET,EMCO,37.5,25.0,0.0,https://indomet.gob.do/wp-content/uploads/2025/07/temperaturas-extremas-y-precipitaciones-2025x07x23-a.pdf
2025-07-23,074,TÁBARA ABAJO,AZUA,INDRHI,EMCO,35.5,24.0,0.0,https://indomet.gob.do/wp-content/uploads/2025/07/temperaturas-extremas-y-precipitaciones-2025x07x23-a.pdf
2025-07-23,075,VILLA GONZALES,SANTIAGO,MINISTERIO DE AGRICULTURA,EMCO,,,0.0,https://indomet.gob.do/wp-content/uploads/2025/07/temperaturas-extremas-y-precipitaciones-2025x07x23-a.pdf
2025-07-23,076,VILLA ISABELA,PUERTO PLATA,MINISTERIO DE AGRICULTURA,EMCV,,,0.0,https://indomet.gob.do/wp-content/uploads/2025/07/temperaturas-extremas-y-precipitaciones-2025x07x23-a.pdf
2025-07-23,077,VILLA RIVA,DUARTE,HOSP. MPAL. ALICIA DE LEGENDRE,EMCO,32.5,23.8,0.0,https://indomet.gob.do/wp-content/uploads/2025/07/temperaturas-extremas-y-precipitaciones-2025x07x23-a.pdf
2025-07-24,001,JARDÍN BOTÁNICO NACIONAL,DISTRITO NACIONAL,JARDÍN BOTÁNICO NACIONAL,EMCV,33.5,22.1,29.2,https://indomet.gob.do/wp-content/uploads/2025/07/temperaturas-extremas-y-precipitaciones-2025x07x24-b.pdf
2025-07-24,002,VALLE NUEVO (EMA),LA VEGA,MARENA,EMAO,,,5.8,https://indomet.gob.do/wp-content/uploads/2025/07/temperaturas-extremas-y-precipitaciones-2025x07x24-b.pdf
2025-07-24,003,RESTAURACIÓN,DAJABÓN,MINISTERIO DE AGRICULTURA,EMCO,32.5,19.6,4.7,https://indomet.gob.do/wp-content/uploads/2025/07/temperaturas-extremas-y-precipitaciones-2025x07x24-b.pdf
2025-07-24,004,SAN CRISTÓBAL,SAN CRISTÓBAL,INSTITUTO POLITÉCNICO LOYOLA,EMCO,34.0,22.2,3.0,https://indomet.gob.do/wp-content/uploads/2025/07/temperaturas-extremas-y-precipitaciones-2025x07x24-b.pdf
2025-07-24,005,RÍO SAN JUAN,MARÍA TRINIDAD SÁNCHEZ,HOSP. MPAL. DR. DESIDERIO ACOSTA,EMCV,34.5,24.3,2.0,https://indomet.gob.do/wp-content/uploads/2025/07/temperaturas-extremas-y-precipitaciones-2025x07x24-b.pdf
2025-07-24,006,PADRE LAS CASAS,AZUA,HOSP. NTRA. SRA. DEL CARMEN,EMCO,36.6,18.0,1.6,https://indomet.gob.do/wp-content/uploads/2025/07/temperaturas-extremas-y-precipitaciones-2025x07x24-b.pdf
2025-07-24,007,SANTO DOMINGO ESTE,SANTO DOMINGO,ONAMET,EMCO,34.0,25.4,1.3,https://indomet.gob.do/wp-content/uploads/2025/07/temperaturas-extremas-y-precipitaciones-2025x07x24-b.pdf
2025-07-24,008,CENTRO DE LOS HEROES (EMA),DISTRITO NACIONAL,MINISTERIO DE ENERGIA Y MINA,EMAP,34.0,26.0,0.8,https://indomet.gob.do/wp-content/uploads/2025/07/temperaturas-extremas-y-precipitaciones-2025x07x24-b.pdf
2025-07-24,009,RANCHO ARRIBA,SAN JOSÉ DE OCOA,CENTRO TECNOLÓGICO COMUNITARIO,EMCO,31.5,17.3,0.7,https://indomet.gob.do/wp-content/uploads/2025/07/temperaturas-extremas-y-precipitaciones-2025x07x24-b.pdf
2025-07-24,010,SAMANÁ,SAMANÁ,COMANDANCIA DE PUERTO DE SAMANÁ,EMCO,33.0,24.4,0.6,https://indomet.gob.do/wp-content/uploads/2025/07/temperaturas-extremas-y-precipitaciones-2025x07x24-b.pdf
2025-07-24,011,VILLA ALTAGRACIA,SAN CRISTÓBAL,ESCUELA JAVIER ANGULO GURIDI,EMCO,,,0.6,https://indomet.gob.do/wp-content/uploads/2025/07/temperaturas-extremas-y-precipitaciones-2025x07x24-b.pdf
2025-07-24,012,ALTAMIRA,PUERTO PLATA,HOSP. MPAL. DE ALTAMIRA,EMCO,35.4,21.0,0.0,https://indomet.gob.do/wp-content/uploads/2025/07/temperaturas-extremas-y-precipitaciones-2025x07x24-b.pdf
2025-07-24,013,ANAMUYA (EMA),LA ALTAGRACIA,MINISTERIO DE AGRICULTURA,EMAP,32.4,25.4,0.0,https://indomet.gob.do/wp-content/uploads/2025/07/temperaturas-extremas-y-precipitaciones-2025x07x24-b.pdf
2025-07-24,014,ARPT. ARROYO BARRIL,SAMANÁ,ONAMET,EMCO,32.5,24.0,0.0,https://indomet.gob.do/wp-content/uploads/2025/07/temperaturas-extremas-y-precipitaciones-2025x07x24-b.pdf
2025-07-24,015,ARPT. DE LA ROMANA,LA ROMANA,ONAMET,EMCO,34.0,25.3,0.0,https://indomet.gob.do/wp-content/uploads/2025/07/temperaturas-extremas-y-precipitaciones-2025x07x24-b.pdf
2025-07-24,016,ARPT. DE LAS AMÉRICAS,SANTO DOMINGO,ONAMET,EMCO,34.0,,0.0,https://indomet.gob.do/wp-content/uploads/2025/07/temperaturas-extremas-y-precipitaciones-2025x07x24-b.pdf
2025-07-24,017,ARPT. DE PUNTA CANA,LA ALTAGRACIA,ONAMET,EMCO,32.5,25.0,0.0,https://indomet.gob.do/wp-content/uploads/2025/07/temperaturas-extremas-y-precipitaciones-2025x07x24-b.pdf
2025-07-24,018,ARPT. DEL CIBAO,SANTIAGO,ONAMET,EMCO,35.0,23.2,0.0,https://indomet.gob.do/wp-content/uploads/2025/07/temperaturas-extremas-y-precipitaciones-2025x07x24-b.pdf
2025-07-24,019,ARPT. EL CATEY,SAMANÁ,ONAMET,EMCO,30.0,24.0,0.0,https://indomet.gob.do/wp-content/uploads/2025/07/temperaturas-extremas-y-precipitaciones-2025x07x24-b.pdf
2025-07-24,020,ARPT. GREGORIO LUPERÓN,PUERTO PLATA,ONAMET,EMCO,33.2,24.3,0.0,https://indomet.gob.do/wp-content/uploads/2025/07/temperaturas-extremas-y-precipitaciones-2025x07x24-b.pdf
2025-07-24,021,ARPT. LA ISABELA,SANTO DOMINGO,ONAMET,EMCO,34.2,24.0,0.0,https://indomet.gob.do/wp-content/uploads/2025/07/temperaturas-extremas-y-precipitaciones-2025x07x24-b.pdf
2025-07-24,022,ARPT. MARÍA MONTEZ,BARAHONA,ONAMET,EMCO,35.4,26.5,0.0,https://indomet.gob.do/wp-content/uploads/2025/07/temperaturas-extremas-y-precipitaciones-2025x07x24-b.pdf
2025-07-24,023,ARROYO LORO,SAN JUAN,IDIAF,EMCO,35.6,18.2,0.0,https://indomet.gob.do/wp-content/uploads/2025/07/temperaturas-extremas-y-precipitaciones-2025x07x24-b.pdf
2025-07-24,024,BANI (EMA),PERAVIA,MINISTERIO DE AGRICULTURA,EMAP,34.3,27.1,0.0,https://indomet.gob.do/wp-content/uploads/2025/07/temperaturas-extremas-y-precipitaciones-2025x07x24-b.pdf
2025-07-24,025,BASE AÉREA DE SAN ISIDRO,SANTO DOMINGO,FUERZA AÉREA DOMINICANA,EMCV,33.6,23.0,0.0,https://indomet.gob.do/wp-content/uploads/2025/07/temperaturas-extremas-y-precipitaciones-2025x07x24-b.pdf
2025-07-24,026,BAYAGUANA,MONTE PLATA,ONAMET,EMCO,33.6,23.4,0.0,https://indomet.gob.do/wp-content/uploads/2025/07/temperaturas-extremas-y-precipitaciones-2025x07x24-b.pdf
2025-07-24,027,BOCA DE MAO (EMA),VALVERDE,MINISTERIO DE AGRICULTURA,EMAP,37.8,24.6,0.0,https://indomet.gob.do/wp-content/uploads/2025/07/temperaturas-extremas-y-precipitaciones-2025x07x24-b.pdf
2025-07-24,028,CABRAL,BARAHONA,MINISTERIO DE AGRICULTURA,EMCV,35.8,24.7,0.0,https://indomet.gob.do/wp-content/uploads/2025/07/temperaturas-extremas-y-precipitaciones-2025x07x24-b.pdf
2025-07-24,029,CABRERA,MARÍA TRINIDAD SÁNCHEZ,ESCUELA ARÍSTIDES FIALLO CABRAL,EMCO,34.4,27.7,0.0,https://indomet.gob.do/wp-content/uploads/2025/07/temperaturas-extremas-y-precipitaciones-2025x07x24-b.pdf
2025-07-24,030,CONSTANZA,LA VEGA,MINISTERIO DE AGRICULTURA,EMCO,26.4,15.0,0.0,https://indomet.gob.do/wp-content/uploads/2025/07/temperaturas-extremas-y-precipitaciones-2025x07x24-b.pdf
2025-07-24,031,CONSTANZA (EMA),LA VEGA,PROGRAMA MUNDIAL DE ALIMENTO,EMAP,25.8,15.8,0.0,https://indomet.gob.do/wp-content/uploads/2025/07/temperaturas-extremas-y-precipitaciones-2025x07x24-b.pdf
2025-07-24,032,COTUÍ,SÁNCHEZ RAMÍREZ,HOSP. INMACULADA CONCEPCIÓN,EMCV,,,0.0,https://indomet.gob.do/wp-content/uploads/2025/07/temperaturas-extremas-y-precipitaciones-2025x07x24-b.pdf
2025-07-24,033,DAJABÓN,DAJABÓN,INSTITUTO POLITÉCNICO LOYOLA,EMCO,34.1,22.5,0.0,https://indomet.gob.do/wp-content/uploads/2025/07/temperaturas-extremas-y-precipitaciones-2025x07x24-b.pdf
2025-07-24,034,ELÍAS PIÑA,ELÍAS PIÑA,MINISTERIO DE AGRICULTURA,EMCV,,,0.0,https://indomet.gob.do/wp-content/uploads/2025/07/temperaturas-extremas-y-precipitaciones-2025x07x24-b.pdf
2025-07-24,035,ENRIQUILLO,BARAHONA,MINISTERIO DE AGRICULTURA,EMCV,33.3,26.7,0.0,https://indomet.gob.do/wp-content/uploads/2025/07/temperaturas-extremas-y-precipitaciones-2025x07x24-b.pdf
2025-07-24,036,ESCONDIDO,PERAVIA,MINISTERIO DE AGRICULTURA,EMCV,34.0,28.0,0.0,https://indomet.gob.do/wp-content/uploads/2025/07/temperaturas-extremas-y-precipitaciones-2025x07x24-b.pdf
2025-07-24,037,GASPAR HERNÁNDEZ,ESPAILLAT,PROPIEDAD DEL EMPLEADO,EMCO,,,0.0,https://indomet.gob.do/wp-content/uploads/2025/07/temperaturas-extremas-y-precipitaciones-2025x07x24-b.pdf
2025-07-24,038,GURABO,SANTIAGO,MINISTERIO DE AGRICULTURA,EMCV,,,0.0,https://indomet.gob.do/wp-content/uploads/2025/07/temperaturas-extremas-y-precipitaciones-2025x07x24-b.pdf
2025-07-24,039,HATO MAYOR,HATO MAYOR,MINISTERIO DE AGRICULTURA,EMCV,,,0.0,https://indomet.gob.do/wp-content/uploads/2025/07/temperaturas-extremas-y-precipitaciones-2025x07x24-b.pdf
2025-07-24,040,HONDO VALLE,ELÍAS PIÑA,MINISTERIO DE AGRICULTURA,EMCO,28.7,19.6,0.0,https://indomet.gob.do/wp-content/uploads/2025/07/temperaturas-extremas-y-precipitaciones-2025x07x24-b.pdf
2025-07-24,041,JARABACOA,LA VEGA,INDRHI / MARENA,EMCO,32.0,17.0,0.0,https://indomet.gob.do/wp-content/uploads/2025/07/temperaturas-extremas-y-precipitaciones-2025x07x24-b.pdf
2025-07-24,042,JARABACOA (EMA),LA VEGA,PROGRAMA MUNDIAL DE ALIMENTO,EMAP,31.2,18.1,0.0,https://indomet.gob.do/wp-content/uploads/2025/07/temperaturas-extremas-y-precipitaciones-2025x07x24-b.pdf
2025-07-24,043,JIMANÍ,INDEPENDENCIA,MINISTERIO DE AGRICULTURA,EMCO,38.2,27.0,0.0,https://indomet.gob.do/wp-content/uploads/2025/07/temperaturas-extremas-y-precipitaciones-2025x07x24-b.pdf
2025-07-24,044,JUMA BEJUCAL,MONSEÑOR NOUEL,IDIAF,EMCV,32.6,23.2,0.0,https://indomet.gob.do/wp-content/uploads/2025/07/temperaturas-extremas-y-precipitaciones-2025x07x24-b.pdf
2025-07-24,045,LA VEGA,LA VEGA,IATESA,EMCO,35.0,22.5,0.0,https://indomet.gob.do/wp-content/uploads/2025/07/temperaturas-extremas-y-precipitaciones-2025x07x24-b.pdf
2025-07-24,046,LA VICTORIA,SANTO DOMINGO,CUERPO DE BOMBEROS,EMCO,35.0,23.5,0.0,https://indomet.gob.do/wp-content/uploads/2025/07/temperaturas-extremas-y-precipitaciones-2025x07x24-b.pdf
2025-07-24,047,LAS CANAS (EMA),MONTE CRISTI,PROGRAMA MUNDIAL DE ALIMENTO,EMAP,31.0,24.4,0.0,https://indomet.gob.do/wp-content/uploads/2025/07/temperaturas-extremas-y-precipitaciones-2025x07x24-b.pdf
2025-07-24,048,LAS MATAS DE FARFÁN,SAN JUAN,MINISTERIO DE AGRICULTURA,EMCV,,,0.0,https://indomet.gob.do/wp-content/uploads/2025/07/temperaturas-extremas-y-precipitaciones-2025x07x24-b.pdf
2025-07-24,049,LAS MATAS DE SANTA CRUZ (EMA,MONTE CRISTI,PROGRAMA MUNDIAL DE ALIMENTO,EMAP,37.4,23.9,0.0,https://indomet.gob.do/wp-content/uploads/2025/07/temperaturas-extremas-y-precipitaciones-2025x07x24-b.pdf
2025-07-24,050,LOS JENGIBRES,NAGUA,INDRHI,EMCO,,,0.0,https://indomet.gob.do/wp-content/uploads/2025/07/temperaturas-extremas-y-precipitaciones-2025x07x24-b.pdf
2025-07-24,051,LOS LLANOS,SAN PEDRO DE MACORÍS,MINISTERIO DE AGRICULTURA,EMCO,34.6,23.5,0.0,https://indomet.gob.do/wp-content/uploads/2025/07/temperaturas-extremas-y-precipitaciones-2025x07x24-b.pdf
2025-07-24,052,LOS TRES CHARCOS (EMA),PEDERNALES,PROPIEDAD DEL VOLUNTARIO,EMAP,,,0.0,https://indomet.gob.do/wp-content/uploads/2025/07/temperaturas-extremas-y-precipitaciones-2025x07x24-b.pdf
2025-07-24,053,MAO,VALVERDE,INDRHI / MINISTERIO DE AGRICULTURA,EMCV,,,0.0,https://indomet.gob.do/wp-content/uploads/2025/07/temperaturas-extremas-y-precipitaciones-2025x07x24-b.pdf
2025-07-24,054,MONCIÓN (EMA),SANTIAGO RODRÍGUEZ,PROGRAMA MUNDIAL DE ALIMENTO,EMAP,33.8,19.4,0.0,https://indomet.gob.do/wp-content/uploads/2025/07/temperaturas-extremas-y-precipitaciones-2025x07x24-b.pdf
2025-07-24,055,MONTE CRISTI,MONTE CRISTI,ONAMET,EMCO,34.7,26.5,0.0,https://indomet.gob.do/wp-content/uploads/2025/07/temperaturas-extremas-y-precipitaciones-2025x07x24-b.pdf
2025-07-24,056,NAVARRETE,SANTIAGO,MINISTERIO DE AGRICULTURA,EMCV,,,0.0,https://indomet.gob.do/wp-content/uploads/2025/07/temperaturas-extremas-y-precipitaciones-2025x07x24-b.pdf
2025-07-24,057,OLIVARES,PEDERNALES,INDRHI,EMCO,,,0.0,https://indomet.gob.do/wp-content/uploads/2025/07/temperaturas-extremas-y-precipitaciones-2025x07x24-b.pdf
2025-07-24,058,OVIEDO,PEDERNALES,CLÍNICA RURAL OVIEDO,EMCO,34.5,27.5,0.0,https://indomet.gob.do/wp-content/uploads/2025/07/temperaturas-extremas-y-precipitaciones-2025x07x24-b.pdf
2025-07-24,059,PALO ÍNDIO,PUERTO PLATA,MINISTERIO DE AGRICULTURA,EMCO,,,0.0,https://indomet.gob.do/wp-content/uploads/2025/07/temperaturas-extremas-y-precipitaciones-2025x07x24-b.pdf
2025-07-24,060,PASO AL MEDIO,SAN PEDRO DE MACORÍS,INDRHI,EMCO,,,0.0,https://indomet.gob.do/wp-content/uploads/2025/07/temperaturas-extremas-y-precipitaciones-2025x07x24-b.pdf
2025-07-24,061,PEDERNALES,PEDERNALES,INDRHI,EMCO,,,0.0,https://indomet.gob.do/wp-content/uploads/2025/07/temperaturas-extremas-y-precipitaciones-2025x07x24-b.pdf
2025-07-24,062,PERALTA,AZUA,HOSP. MPAL. DE PERALTA,EMCO,36.2,17.0,0.0,https://indomet.gob.do/wp-content/uploads/2025/07/temperaturas-extremas-y-precipitaciones-2025x07x24-b.pdf
2025-07-24,063,PESCADERIA (EMA),BARAHONA,MINISTERIO DE AGRICULTURA,EMAP,35.6,25.2,0.0,https://indomet.gob.do/wp-content/uploads/2025/07/temperaturas-extremas-y-precipitaciones-2025x07x24-b.pdf
2025-07-24,064,POLO,BARAHONA,INDOCAFE,EMCO,29.0,19.0,0.0,https://indomet.gob.do/wp-content/uploads/2025/07/temperaturas-extremas-y-precipitaciones-2025x07x24-b.pdf
2025-07-24,065,PONTÓN ABAJO (EMA),LA VEGA,MINISTERIO DE AGRICULTURA,EMAP,34.9,23.3,0.0,https://indomet.gob.do/wp-content/uploads/2025/07/temperaturas-extremas-y-precipitaciones-2025x07x24-b.pdf
2025-07-24,066,PRESA DE TAVERAS (EMA),LA VEGA,PROGRAMA MUNDIAL DE ALIMENTO,EMAP,,,0.0,https://indomet.gob.do/wp-content/uploads/2025/07/temperaturas-extremas-y-precipitaciones-2025x07x24-b.pdf
2025-07-24,067,SABANA DE LA MAR,HATO MAYOR,ONAMET,EMCO,32.0,24.0,0.0,https://indomet.gob.do/wp-content/uploads/2025/07/temperaturas-extremas-y-precipitaciones-2025x07x24-b.pdf
2025-07-24,068,SABANA GRANDE DE BOYÁ,MONTE PLATA,MINISTERIO DE AGRICULTURA,EMCV,,,0.0,https://indomet.gob.do/wp-content/uploads/2025/07/temperaturas-extremas-y-precipitaciones-2025x07x24-b.pdf
2025-07-24,069,SABANETA (EMA),SANTIAGO RODRÍGUEZ,PROGRAMA MUNDIAL DE ALIMENTO,EMAP,37.4,21.9,0.0,https://indomet.gob.do/wp-content/uploads/2025/07/temperaturas-extremas-y-precipitaciones-2025x07x24-b.pdf
2025-07-24,070,SALCEDO,HERMANAS MIRABAL,PROPIEDAD DEL EMPLEADO,EMCO,,,0.0,https://indomet.gob.do/wp-content/uploads/2025/07/temperaturas-extremas-y-precipitaciones-2025x07x24-b.pdf
2025-07-24,071,SAN FRANCISCO DE MACORÍS,DUARTE,San Francisco de Macorís (UASD),EMCO,32.7,23.7,0.0,https://indomet.gob.do/wp-content/uploads/2025/07/temperaturas-extremas-y-precipitaciones-2025x07x24-b.pdf
2025-07-24,072,SAN JOSÉ DE OCOA,SAN JOSÉ DE OCOA,HOSP. SAN JOSÉ DE OCOA,EMCO,33.7,23.2,0.0,https://indomet.gob.do/wp-content/uploads/2025/07/temperaturas-extremas-y-precipitaciones-2025x07x24-b.pdf
2025-07-24,073,SAN RAFAEL DEL YUMA,LA ALTAGRACIA,MINISTERIO DE AGRICULTURA,EMCO,36.3,24.3,0.0,https://indomet.gob.do/wp-content/uploads/2025/07/temperaturas-extremas-y-precipitaciones-2025x07x24-b.pdf
2025-07-24,074,SÁNCHEZ,SAMANÁ,MINISTERIO DE AGRICULTURA,EMCO,32.3,22.8,0.0,https://indomet.gob.do/wp-content/uploads/2025/07/temperaturas-extremas-y-precipitaciones-2025x07x24-b.pdf
2025-07-24,075,SANTIAGO RODRÍGUEZ,SANTIAGO RODRÍGUEZ,ONAMET,EMCO,37.0,22.2,0.0,https://indomet.gob.do/wp-content/uploads/2025/07/temperaturas-extremas-y-precipitaciones-2025x07x24-b.pdf
2025-07-24,076,TÁBARA ABAJO,AZUA,INDRHI,EMCO,35.8,23.5,0.0,https://indomet.gob.do/wp-content/uploads/2025/07/temperaturas-extremas-y-precipitaciones-2025x07x24-b.pdf
2025-07-24,077,TAMBORIL,SANTIAGO,MINISTERIO DE AGRICULTURA,EMCV,,,0.0,https://indomet.gob.do/wp-content/uploads/2025/07/temperaturas-extremas-y-precipitaciones-2025x07x24-b.pdf
2025-07-24,078,TAVERA,SANTIAGO,INDRHI,EMCO,,,0.0,https://indomet.gob.do/wp-content/uploads/2025/07/temperaturas-extremas-y-precipitaciones-2025x07x24-b.pdf
2025-07-24,079,VILLA GONZALES,SANTIAGO,MINISTERIO DE AGRICULTURA,EMCO,,,0.0,https://indomet.gob.do/wp-content/uploads/2025/07/temperaturas-extremas-y-precipitaciones-2025x07x24-b.pdf
2025-07-24,080,VILLA ISABELA,PUERTO PLATA,MINISTERIO DE AGRICULTURA,EMCV,,,0.0,https://indomet.gob.do/wp-content/uploads/2025/07/temperaturas-extremas-y-precipitaciones-2025x07x24-b.pdf
2025-07-24,081,VILLA RIVA,DUARTE,HOSP. MPAL. ALICIA DE LEGENDRE,EMCO,33.0,22.7,0.0,https://indomet.gob.do/wp-content/uploads/2025/07/temperaturas-extremas-y-precipitaciones-2025x07x24-b.pdf
2025-07-25,001,SAMANÁ,SAMANÁ,COMANDANCIA DE PUERTO DE SAMANÁ,EMCO,33.0,22.2,19.6,https://indomet.gob.do/wp-content/uploads/2025/07/temperaturas-extremas-y-precipitaciones-2025x07x25-a.pdf
2025-07-25,002,SABANA GRANDE DE BOYÁ,MONTE PLATA,MINISTERIO DE AGRICULTURA,EMCV,,,18.5,https://indomet.gob.do/wp-content/uploads/2025/07/temperaturas-extremas-y-precipitaciones-2025x07x25-a.pdf
2025-07-25,003,ANAMUYA (EMA),LA ALTAGRACIA,MINISTERIO DE AGRICULTURA,EMAP,31.8,23.6,17.8,https://indomet.gob.do/wp-content/uploads/2025/07/temperaturas-extremas-y-precipitaciones-2025x07x25-a.pdf
2025-07-25,004,SABANA DE LA MAR,HATO MAYOR,ONAMET,EMCO,32.0,23.5,16.1,https://indomet.gob.do/wp-content/uploads/2025/07/temperaturas-extremas-y-precipitaciones-2025x07x25-a.pdf
2025-07-25,005,CENTRO DE LOS HEROES (EMA),DISTRITO NACIONAL,MINISTERIO DE ENERGIA Y MINA,EMAP,34.2,24.6,15.8,https://indomet.gob.do/wp-content/uploads/2025/07/temperaturas-extremas-y-precipitaciones-2025x07x25-a.pdf
2025-07-25,006,SANTO DOMINGO ESTE,SANTO DOMINGO,ONAMET,EMCO,34.5,25.2,14.0,https://indomet.gob.do/wp-content/uploads/2025/07/temperaturas-extremas-y-precipitaciones-2025x07x25-a.pdf
2025-07-25,007,ARPT. DE LA ROMANA,LA ROMANA,ONAMET,EMCO,33.0,23.5,11.9,https://indomet.gob.do/wp-content/uploads/2025/07/temperaturas-extremas-y-precipitaciones-2025x07x25-a.pdf
2025-07-25,008,ARPT. ARROYO BARRIL,SAMANÁ,ONAMET,EMCO,33.5,24.0,11.0,https://indomet.gob.do/wp-content/uploads/2025/07/temperaturas-extremas-y-precipitaciones-2025x07x25-a.pdf
2025-07-25,009,ARPT. EL CATEY,SAMANÁ,ONAMET,EMCO,31.0,22.6,11.0,https://indomet.gob.do/wp-content/uploads/2025/07/temperaturas-extremas-y-precipitaciones-2025x07x25-a.pdf
2025-07-25,010,BASE AÉREA DE SAN ISIDRO,SANTO DOMINGO,FUERZA AÉREA DOMINICANA,EMCV,33.1,23.2,10.3,https://indomet.gob.do/wp-content/uploads/2025/07/temperaturas-extremas-y-precipitaciones-2025x07x25-a.pdf
2025-07-25,011,SALCEDO,HERMANAS MIRABAL,PROPIEDAD DEL EMPLEADO,EMCO,,,10.3,https://indomet.gob.do/wp-content/uploads/2025/07/temperaturas-extremas-y-precipitaciones-2025x07x25-a.pdf
2025-07-25,012,ARPT. DE LAS AMÉRICAS,SANTO DOMINGO,ONAMET,EMCO,34.0,24.5,10.0,https://indomet.gob.do/wp-content/uploads/2025/07/temperaturas-extremas-y-precipitaciones-2025x07x25-a.pdf
2025-07-25,013,JUMA BEJUCAL,MONSEÑOR NOUEL,IDIAF,EMCV,32.2,23.6,8.9,https://indomet.gob.do/wp-content/uploads/2025/07/temperaturas-extremas-y-precipitaciones-2025x07x25-a.pdf
2025-07-25,014,VILLA RIVA,DUARTE,HOSP. MPAL. ALICIA DE LEGENDRE,EMCO,32.8,22.8,8.1,https://indomet.gob.do/wp-content/uploads/2025/07/temperaturas-extremas-y-precipitaciones-2025x07x25-a.pdf
2025-07-25,015,BAYAGUANA,MONTE PLATA,ONAMET,EMCO,33.0,22.8,7.9,https://indomet.gob.do/wp-content/uploads/2025/07/temperaturas-extremas-y-precipitaciones-2025x07x25-a.pdf
2025-07-25,016,ARPT. DEL CIBAO,SANTIAGO,ONAMET,EMCO,34.5,23.3,7.0,https://indomet.gob.do/wp-content/uploads/2025/07/temperaturas-extremas-y-precipitaciones-2025x07x25-a.pdf
2025-07-25,017,RANCHO ARRIBA,SAN JOSÉ DE OCOA,CENTRO TECNOLÓGICO COMUNITARIO,EMCO,30.8,19.5,6.9,https://indomet.gob.do/wp-content/uploads/2025/07/temperaturas-extremas-y-precipitaciones-2025x07x25-a.pdf
2025-07-25,018,ARPT. DE PUNTA CANA,LA ALTAGRACIA,ONAMET,EMCO,32.2,25.2,6.6,https://indomet.gob.do/wp-content/uploads/2025/07/temperaturas-extremas-y-precipitaciones-2025x07x25-a.pdf
2025-07-25,019,LA VEGA,LA VEGA,IATESA,EMCO,35.0,22.5,5.9,https://indomet.gob.do/wp-content/uploads/2025/07/temperaturas-extremas-y-precipitaciones-2025x07x25-a.pdf
2025-07-25,020,SAN CRISTÓBAL,SAN CRISTÓBAL,INSTITUTO POLITÉCNICO LOYOLA,EMCO,34.2,23.0,5.5,https://indomet.gob.do/wp-content/uploads/2025/07/temperaturas-extremas-y-precipitaciones-2025x07x25-a.pdf
2025-07-25,021,HATO MAYOR,HATO MAYOR,MINISTERIO DE AGRICULTURA,EMCV,,,4.8,https://indomet.gob.do/wp-content/uploads/2025/07/temperaturas-extremas-y-precipitaciones-2025x07x25-a.pdf
2025-07-25,022,MOCA,ESPAILLAT,MINISTERIO DE AGRICULTURA,EMCV,,,4.8,https://indomet.gob.do/wp-content/uploads/2025/07/temperaturas-extremas-y-precipitaciones-2025x07x25-a.pdf
2025-07-25,023,LA VICTORIA,SANTO DOMINGO,CUERPO DE BOMBEROS,EMCO,34.0,23.0,4.7,https://indomet.gob.do/wp-content/uploads/2025/07/temperaturas-extremas-y-precipitaciones-2025x07x25-a.pdf
2025-07-25,024,SAN RAFAEL DEL YUMA,LA ALTAGRACIA,MINISTERIO DE AGRICULTURA,EMCO,34.7,22.9,4.5,https://indomet.gob.do/wp-content/uploads/2025/07/temperaturas-extremas-y-precipitaciones-2025x07x25-a.pdf
2025-07-25,025,ALTAMIRA,PUERTO PLATA,HOSP. MPAL. DE ALTAMIRA,EMCO,34.3,20.6,4.2,https://indomet.gob.do/wp-content/uploads/2025/07/temperaturas-extremas-y-precipitaciones-2025x07x25-a.pdf
2025-07-25,026,SÁNCHEZ,SAMANÁ,MINISTERIO DE AGRICULTURA,EMCO,33.1,21.4,3.8,https://indomet.gob.do/wp-content/uploads/2025/07/temperaturas-extremas-y-precipitaciones-2025x07x25-a.pdf
2025-07-25,027,ARPT. LA ISABELA,SANTO DOMINGO,ONAMET,EMCO,33.0,22.0,3.4,https://indomet.gob.do/wp-content/uploads/2025/07/temperaturas-extremas-y-precipitaciones-2025x07x25-a.pdf
2025-07-25,028,LOS LLANOS,SAN PEDRO DE MACORÍS,MINISTERIO DE AGRICULTURA,EMCO,34.5,22.6,2.6,https://indomet.gob.do/wp-content/uploads/2025/07/temperaturas-extremas-y-precipitaciones-2025x07x25-a.pdf
2025-07-25,029,PRESA DE TAVERAS (EMA),LA VEGA,PROGRAMA MUNDIAL DE ALIMENTO,EMAP,33.2,21.9,2.4,https://indomet.gob.do/wp-content/uploads/2025/07/temperaturas-extremas-y-precipitaciones-2025x07x25-a.pdf
2025-07-25,030,CABRERA,MARÍA TRINIDAD SÁNCHEZ,ESCUELA ARÍSTIDES FIALLO CABRAL,EMCO,33.8,27.8,2.3,https://indomet.gob.do/wp-content/uploads/2025/07/temperaturas-extremas-y-precipitaciones-2025x07x25-a.pdf
2025-07-25,031,BONAO,MONSEÑOR NOUEL,MINISTERIO DE AGRICULTURA,EMCV,,,2.3,https://indomet.gob.do/wp-content/uploads/2025/07/temperaturas-extremas-y-precipitaciones-2025x07x25-a.pdf
2025-07-25,032,ESCONDIDO,PERAVIA,MINISTERIO DE AGRICULTURA,EMCV,35.0,25.0,2.0,https://indomet.gob.do/wp-content/uploads/2025/07/temperaturas-extremas-y-precipitaciones-2025x07x25-a.pdf
2025-07-25,033,RÍO SAN JUAN,MARÍA TRINIDAD SÁNCHEZ,HOSP. MPAL. DR. DESIDERIO ACOSTA,EMCV,34.3,23.7,1.4,https://indomet.gob.do/wp-content/uploads/2025/07/temperaturas-extremas-y-precipitaciones-2025x07x25-a.pdf
2025-07-25,034,NAVARRETE,SANTIAGO,MINISTERIO DE AGRICULTURA,EMCV,,,1.3,https://indomet.gob.do/wp-content/uploads/2025/07/temperaturas-extremas-y-precipitaciones-2025x07x25-a.pdf
2025-07-25,035,TAMBORIL,SANTIAGO,MINISTERIO DE AGRICULTURA,EMCV,,,1.3,https://indomet.gob.do/wp-content/uploads/2025/07/temperaturas-extremas-y-precipitaciones-2025x07x25-a.pdf
2025-07-25,036,ARPT. GREGORIO LUPERÓN,PUERTO PLATA,ONAMET,EMCO,33.2,24.0,1.2,https://indomet.gob.do/wp-content/uploads/2025/07/temperaturas-extremas-y-precipitaciones-2025x07x25-a.pdf
2025-07-25,037,PONTÓN ABAJO (EMA),LA VEGA,MINISTERIO DE AGRICULTURA,EMAP,35.9,23.4,1.2,https://indomet.gob.do/wp-content/uploads/2025/07/temperaturas-extremas-y-precipitaciones-2025x07x25-a.pdf
2025-07-25,038,JARABACOA,LA VEGA,INDRHI / MARENA,EMCO,32.4,17.2,0.6,https://indomet.gob.do/wp-content/uploads/2025/07/temperaturas-extremas-y-precipitaciones-2025x07x25-a.pdf
2025-07-25,039,JARABACOA (EMA),LA VEGA,PROGRAMA MUNDIAL DE ALIMENTO,EMAP,32.0,19.1,0.5,https://indomet.gob.do/wp-content/uploads/2025/07/temperaturas-extremas-y-precipitaciones-2025x07x25-a.pdf
2025-07-25,040,SAN JOSÉ DE OCOA,SAN JOSÉ DE OCOA,HOSP. SAN JOSÉ DE OCOA,EMCO,32.8,22.3,0.1,https://indomet.gob.do/wp-content/uploads/2025/07/temperaturas-extremas-y-precipitaciones-2025x07x25-a.pdf
2025-07-25,041,ARPT. MARÍA MONTEZ,BARAHONA,ONAMET,EMCO,36.0,24.0,0.0,https://indomet.gob.do/wp-content/uploads/2025/07/temperaturas-extremas-y-precipitaciones-2025x07x25-a.pdf
2025-07-25,042,ARROYO LORO,SAN JUAN,IDIAF,EMCO,36.0,16.6,0.0,https://indomet.gob.do/wp-content/uploads/2025/07/temperaturas-extremas-y-precipitaciones-2025x07x25-a.pdf
2025-07-25,043,BOCA DE MAO (EMA),VALVERDE,MINISTERIO DE AGRICULTURA,EMAP,37.7,22.6,0.0,https://indomet.gob.do/wp-content/uploads/2025/07/temperaturas-extremas-y-precipitaciones-2025x07x25-a.pdf
2025-07-25,044,CABRAL,BARAHONA,MINISTERIO DE AGRICULTURA,EMCV,36.8,26.3,0.0,https://indomet.gob.do/wp-content/uploads/2025/07/temperaturas-extremas-y-precipitaciones-2025x07x25-a.pdf
2025-07-25,045,CONSTANZA,LA VEGA,MINISTERIO DE AGRICULTURA,EMCO,26.2,12.0,0.0,https://indomet.gob.do/wp-content/uploads/2025/07/temperaturas-extremas-y-precipitaciones-2025x07x25-a.pdf
2025-07-25,046,CONSTANZA (EMA),LA VEGA,PROGRAMA MUNDIAL DE ALIMENTO,EMAP,25.9,17.1,0.0,https://indomet.gob.do/wp-content/uploads/2025/07/temperaturas-extremas-y-precipitaciones-2025x07x25-a.pdf
2025-07-25,047,DAJABÓN,DAJABÓN,INSTITUTO POLITÉCNICO LOYOLA,EMCO,35.2,20.0,0.0,https://indomet.gob.do/wp-content/uploads/2025/07/temperaturas-extremas-y-precipitaciones-2025x07x25-a.pdf
2025-07-25,048,ELÍAS PIÑA,ELÍAS PIÑA,MINISTERIO DE AGRICULTURA,EMCV,,,0.0,https://indomet.gob.do/wp-content/uploads/2025/07/temperaturas-extremas-y-precipitaciones-2025x07x25-a.pdf
2025-07-25,049,ENRIQUILLO,BARAHONA,MINISTERIO DE AGRICULTURA,EMCV,35.0,26.5,0.0,https://indomet.gob.do/wp-content/uploads/2025/07/temperaturas-extremas-y-precipitaciones-2025x07x25-a.pdf
2025-07-25,050,GASPAR HERNÁNDEZ,ESPAILLAT,PROPIEDAD DEL EMPLEADO,EMCO,,,0.0,https://indomet.gob.do/wp-content/uploads/2025/07/temperaturas-extremas-y-precipitaciones-2025x07x25-a.pdf
2025-07-25,051,GURABO,SANTIAGO,MINISTERIO DE AGRICULTURA,EMCV,,,0.0,https://indomet.gob.do/wp-content/uploads/2025/07/temperaturas-extremas-y-precipitaciones-2025x07x25-a.pdf
2025-07-25,052,HONDO VALLE,ELÍAS PIÑA,MINISTERIO DE AGRICULTURA,EMCO,28.4,18.3,0.0,https://indomet.gob.do/wp-content/uploads/2025/07/temperaturas-extremas-y-precipitaciones-2025x07x25-a.pdf
2025-07-25,053,JIMANÍ,INDEPENDENCIA,MINISTERIO DE AGRICULTURA,EMCO,38.5,26.5,0.0,https://indomet.gob.do/wp-content/uploads/2025/07/temperaturas-extremas-y-precipitaciones-2025x07x25-a.pdf
2025-07-25,054,LAS CANAS (EMA),MONTE CRISTI,PROGRAMA MUNDIAL DE ALIMENTO,EMAP,30.5,23.7,0.0,https://indomet.gob.do/wp-content/uploads/2025/07/temperaturas-extremas-y-precipitaciones-2025x07x25-a.pdf
2025-07-25,055,LAS MATAS DE SANTA CRUZ (EMA,MONTE CRISTI,PROGRAMA MUNDIAL DE ALIMENTO,EMAP,36.0,23.2,0.0,https://indomet.gob.do/wp-content/uploads/2025/07/temperaturas-extremas-y-precipitaciones-2025x07x25-a.pdf
2025-07-25,056,LOS TRES CHARCOS (EMA),PEDERNALES,PROPIEDAD DEL VOLUNTARIO,EMAP,35.1,26.5,0.0,https://indomet.gob.do/wp-content/uploads/2025/07/temperaturas-extremas-y-precipitaciones-2025x07x25-a.pdf
2025-07-25,057,MONCIÓN (EMA),SANTIAGO RODRÍGUEZ,PROGRAMA MUNDIAL DE ALIMENTO,EMAP,34.4,19.1,0.0,https://indomet.gob.do/wp-content/uploads/2025/07/temperaturas-extremas-y-precipitaciones-2025x07x25-a.pdf
2025-07-25,058,MONTE CRISTI,MONTE CRISTI,ONAMET,EMCO,34.0,24.5,0.0,https://indomet.gob.do/wp-content/uploads/2025/07/temperaturas-extremas-y-precipitaciones-2025x07x25-a.pdf
2025-07-25,059,OLIVARES,PEDERNALES,INDRHI,EMCO,,,0.0,https://indomet.gob.do/wp-content/uploads/2025/07/temperaturas-extremas-y-precipitaciones-2025x07x25-a.pdf
2025-07-25,060,OVIEDO,PEDERNALES,CLÍNICA RURAL OVIEDO,EMCO,35.0,27.0,0.0,https://indomet.gob.do/wp-content/uploads/2025/07/temperaturas-extremas-y-precipitaciones-2025x07x25-a.pdf
2025-07-25,061,PADRE LAS CASAS,AZUA,HOSP. NTRA. SRA. DEL CARMEN,EMCO,35.5,18.0,0.0,https://indomet.gob.do/wp-content/uploads/2025/07/temperaturas-extremas-y-precipitaciones-2025x07x25-a.pdf
2025-07-25,062,PALO ÍNDIO,PUERTO PLATA,MINISTERIO DE AGRICULTURA,EMCO,,,0.0,https://indomet.gob.do/wp-content/uploads/2025/07/temperaturas-extremas-y-precipitaciones-2025x07x25-a.pdf
2025-07-25,063,PEDERNALES,PEDERNALES,INDRHI,EMCO,,,0.0,https://indomet.gob.do/wp-content/uploads/2025/07/temperaturas-extremas-y-precipitaciones-2025x07x25-a.pdf
2025-07-25,064,PERALTA,AZUA,HOSP. MPAL. DE PERALTA,EMCO,36.7,19.0,0.0,https://indomet.gob.do/wp-content/uploads/2025/07/temperaturas-extremas-y-precipitaciones-2025x07x25-a.pdf
2025-07-25,065,PESCADERIA (EMA),BARAHONA,MINISTERIO DE AGRICULTURA,EMAP,36.5,26.8,0.0,https://indomet.gob.do/wp-content/uploads/2025/07/temperaturas-extremas-y-precipitaciones-2025x07x25-a.pdf
2025-07-25,066,POLO,BARAHONA,INDOCAFE,EMCO,27.6,14.0,0.0,https://indomet.gob.do/wp-content/uploads/2025/07/temperaturas-extremas-y-precipitaciones-2025x07x25-a.pdf
2025-07-25,067,RESTAURACIÓN,DAJABÓN,MINISTERIO DE AGRICULTURA,EMCO,32.7,20.1,0.0,https://indomet.gob.do/wp-content/uploads/2025/07/temperaturas-extremas-y-precipitaciones-2025x07x25-a.pdf
2025-07-25,068,SABANETA (EMA),SANTIAGO RODRÍGUEZ,PROGRAMA MUNDIAL DE ALIMENTO,EMAP,37.6,21.9,0.0,https://indomet.gob.do/wp-content/uploads/2025/07/temperaturas-extremas-y-precipitaciones-2025x07x25-a.pdf
2025-07-25,069,SANTIAGO RODRÍGUEZ,SANTIAGO RODRÍGUEZ,ONAMET,EMCO,37.2,22.5,0.0,https://indomet.gob.do/wp-content/uploads/2025/07/temperaturas-extremas-y-precipitaciones-2025x07x25-a.pdf
2025-07-25,070,TÁBARA ABAJO,AZUA,INDRHI,EMCO,33.5,20.5,0.0,https://indomet.gob.do/wp-content/uploads/2025/07/temperaturas-extremas-y-precipitaciones-2025x07x25-a.pdf
2025-07-25,071,VILLA ALTAGRACIA,SAN CRISTÓBAL,ESCUELA JAVIER ANGULO GURIDI,EMCO,,,0.0,https://indomet.gob.do/wp-content/uploads/2025/07/temperaturas-extremas-y-precipitaciones-2025x07x25-a.pdf
2025-07-25,072,VILLA GONZALES,SANTIAGO,MINISTERIO DE AGRICULTURA,EMCO,,,0.0,https://indomet.gob.do/wp-content/uploads/2025/07/temperaturas-extremas-y-precipitaciones-2025x07x25-a.pdf
2025-07-25,073,VILLA ISABELA,PUERTO PLATA,MINISTERIO DE AGRICULTURA,EMCV,,,0.0,https://indomet.gob.do/wp-content/uploads/2025/07/temperaturas-extremas-y-precipitaciones-2025x07x25-a.pdf
2025-07-26,001,VILLA ALTAGRACIA,SAN CRISTÓBAL,ESCUELA JAVIER ANGULO GURIDI,EMCO,,,33.5,https://indomet.gob.do/wp-content/uploads/2025/07/temperaturas-extremas-y-precipitaciones-2025x07x26-a-1.pdf
2025-07-26,002,ARPT. EL CATEY,SAMANÁ,ONAMET,EMCO,29.5,22.5,17.2,https://indomet.gob.do/wp-content/uploads/2025/07/temperaturas-extremas-y-precipitaciones-2025x07x26-a-1.pdf
2025-07-26,003,SALCEDO,HERMANAS MIRABAL,PROPIEDAD DEL EMPLEADO,EMCO,,,12.7,https://indomet.gob.do/wp-content/uploads/2025/07/temperaturas-extremas-y-precipitaciones-2025x07x26-a-1.pdf
2025-07-26,004,ALTAMIRA,PUERTO PLATA,HOSP. MPAL. DE ALTAMIRA,EMCO,30.4,19.6,12.2,https://indomet.gob.do/wp-content/uploads/2025/07/temperaturas-extremas-y-precipitaciones-2025x07x26-a-1.pdf
2025-07-26,005,GASPAR HERNÁNDEZ,ESPAILLAT,PROPIEDAD DEL EMPLEADO,EMCO,,,10.6,https://indomet.gob.do/wp-content/uploads/2025/07/temperaturas-extremas-y-precipitaciones-2025x07x26-a-1.pdf
2025-07-26,006,VILLA RIVA,DUARTE,HOSP. MPAL. ALICIA DE LEGENDRE,EMCO,31.6,22.2,10.4,https://indomet.gob.do/wp-content/uploads/2025/07/temperaturas-extremas-y-precipitaciones-2025x07x26-a-1.pdf
2025-07-26,007,PALO ÍNDIO,PUERTO PLATA,MINISTERIO DE AGRICULTURA,EMCO,,,9.9,https://indomet.gob.do/wp-content/uploads/2025/07/temperaturas-extremas-y-precipitaciones-2025x07x26-a-1.pdf
2025-07-26,008,JUMA BEJUCAL,MONSEÑOR NOUEL,IDIAF,EMCV,31.4,21.8,6.4,https://indomet.gob.do/wp-content/uploads/2025/07/temperaturas-extremas-y-precipitaciones-2025x07x26-a-1.pdf
2025-07-26,009,VILLA ISABELA,PUERTO PLATA,MINISTERIO DE AGRICULTURA,EMCV,,,5.6,https://indomet.gob.do/wp-content/uploads/2025/07/temperaturas-extremas-y-precipitaciones-2025x07x26-a-1.pdf
2025-07-26,010,GURABO,SANTIAGO,MINISTERIO DE AGRICULTURA,EMCV,,,4.8,https://indomet.gob.do/wp-content/uploads/2025/07/temperaturas-extremas-y-precipitaciones-2025x07x26-a-1.pdf
2025-07-26,011,ARPT. GREGORIO LUPERÓN,PUERTO PLATA,ONAMET,EMCO,30.8,23.4,3.2,https://indomet.gob.do/wp-content/uploads/2025/07/temperaturas-extremas-y-precipitaciones-2025x07x26-a-1.pdf
2025-07-26,012,HONDO VALLE,ELÍAS PIÑA,MINISTERIO DE AGRICULTURA,EMCO,28.6,18.5,2.2,https://indomet.gob.do/wp-content/uploads/2025/07/temperaturas-extremas-y-precipitaciones-2025x07x26-a-1.pdf
2025-07-26,013,RANCHO ARRIBA,SAN JOSÉ DE OCOA,CENTRO TECNOLÓGICO COMUNITARIO,EMCO,30.3,15.4,1.8,https://indomet.gob.do/wp-content/uploads/2025/07/temperaturas-extremas-y-precipitaciones-2025x07x26-a-1.pdf
2025-07-26,014,SAMANÁ,SAMANÁ,COMANDANCIA DE PUERTO DE SAMANÁ,EMCO,33.1,22.6,1.8,https://indomet.gob.do/wp-content/uploads/2025/07/temperaturas-extremas-y-precipitaciones-2025x07x26-a-1.pdf
2025-07-26,015,LA VEGA,LA VEGA,IATESA,EMCO,32.5,21.5,1.4,https://indomet.gob.do/wp-content/uploads/2025/07/temperaturas-extremas-y-precipitaciones-2025x07x26-a-1.pdf
2025-07-26,016,BAYAGUANA,MONTE PLATA,ONAMET,EMCO,33.0,22.2,1.3,https://indomet.gob.do/wp-content/uploads/2025/07/temperaturas-extremas-y-precipitaciones-2025x07x26-a-1.pdf
2025-07-26,017,PADRE LAS CASAS,AZUA,HOSP. NTRA. SRA. DEL CARMEN,EMCO,34.1,17.5,1.2,https://indomet.gob.do/wp-content/uploads/2025/07/temperaturas-extremas-y-precipitaciones-2025x07x26-a-1.pdf
2025-07-26,018,PONTÓN ABAJO (EMA),LA VEGA,MINISTERIO DE AGRICULTURA,EMAP,33.6,21.8,1.2,https://indomet.gob.do/wp-content/uploads/2025/07/temperaturas-extremas-y-precipitaciones-2025x07x26-a-1.pdf
2025-07-26,019,ARPT. DEL CIBAO,SANTIAGO,ONAMET,EMCO,32.5,21.5,0.3,https://indomet.gob.do/wp-content/uploads/2025/07/temperaturas-extremas-y-precipitaciones-2025x07x26-a-1.pdf
2025-07-26,020,JARABACOA,LA VEGA,INDRHI / MARENA,EMCO,31.2,16.0,0.2,https://indomet.gob.do/wp-content/uploads/2025/07/temperaturas-extremas-y-precipitaciones-2025x07x26-a-1.pdf
2025-07-26,021,PRESA DE TAVERAS (EMA),LA VEGA,PROGRAMA MUNDIAL DE ALIMENTO,EMAP,30.7,21.3,0.2,https://indomet.gob.do/wp-content/uploads/2025/07/temperaturas-extremas-y-precipitaciones-2025x07x26-a-1.pdf
2025-07-26,022,ARPT. DE PUNTA CANA,LA ALTAGRACIA,ONAMET,EMCO,32.5,23.8,0.1,https://indomet.gob.do/wp-content/uploads/2025/07/temperaturas-extremas-y-precipitaciones-2025x07x26-a-1.pdf
2025-07-26,023,ANAMUYA (EMA),LA ALTAGRACIA,MINISTERIO DE AGRICULTURA,EMAP,32.0,25.5,0.0,https://indomet.gob.do/wp-content/uploads/2025/07/temperaturas-extremas-y-precipitaciones-2025x07x26-a-1.pdf
2025-07-26,024,ARPT. ARROYO BARRIL,SAMANÁ,ONAMET,EMCO,31.5,22.5,0.0,https://indomet.gob.do/wp-content/uploads/2025/07/temperaturas-extremas-y-precipitaciones-2025x07x26-a-1.pdf
2025-07-26,025,ARPT. DE LA ROMANA,LA ROMANA,ONAMET,EMCO,33.4,21.6,0.0,https://indomet.gob.do/wp-content/uploads/2025/07/temperaturas-extremas-y-precipitaciones-2025x07x26-a-1.pdf
2025-07-26,026,ARPT. DE LAS AMÉRICAS,SANTO DOMINGO,ONAMET,EMCO,32.5,22.6,0.0,https://indomet.gob.do/wp-content/uploads/2025/07/temperaturas-extremas-y-precipitaciones-2025x07x26-a-1.pdf
2025-07-26,027,ARPT. LA ISABELA,SANTO DOMINGO,ONAMET,EMCO,33.0,22.0,0.0,https://indomet.gob.do/wp-content/uploads/2025/07/temperaturas-extremas-y-precipitaciones-2025x07x26-a-1.pdf
2025-07-26,028,ARPT. MARÍA MONTEZ,BARAHONA,ONAMET,EMCO,33.9,25.0,0.0,https://indomet.gob.do/wp-content/uploads/2025/07/temperaturas-extremas-y-precipitaciones-2025x07x26-a-1.pdf
2025-07-26,029,ARROYO LORO,SAN JUAN,IDIAF,EMCO,36.0,17.9,0.0,https://indomet.gob.do/wp-content/uploads/2025/07/temperaturas-extremas-y-precipitaciones-2025x07x26-a-1.pdf
2025-07-26,030,BANI (EMA),PERAVIA,MINISTERIO DE AGRICULTURA,EMAP,32.7,26.3,0.0,https://indomet.gob.do/wp-content/uploads/2025/07/temperaturas-extremas-y-precipitaciones-2025x07x26-a-1.pdf
2025-07-26,031,BASE AÉREA DE SAN ISIDRO,SANTO DOMINGO,FUERZA AÉREA DOMINICANA,EMCV,33.1,22.4,0.0,https://indomet.gob.do/wp-content/uploads/2025/07/temperaturas-extremas-y-precipitaciones-2025x07x26-a-1.pdf
2025-07-26,032,BOCA DE MAO (EMA),VALVERDE,MINISTERIO DE AGRICULTURA,EMAP,35.8,23.8,0.0,https://indomet.gob.do/wp-content/uploads/2025/07/temperaturas-extremas-y-precipitaciones-2025x07x26-a-1.pdf
2025-07-26,033,CABRAL,BARAHONA,MINISTERIO DE AGRICULTURA,EMCV,35.6,22.7,0.0,https://indomet.gob.do/wp-content/uploads/2025/07/temperaturas-extremas-y-precipitaciones-2025x07x26-a-1.pdf
2025-07-26,034,CABRERA,MARÍA TRINIDAD SÁNCHEZ,ESCUELA ARÍSTIDES FIALLO CABRAL,EMCO,33.6,25.2,0.0,https://indomet.gob.do/wp-content/uploads/2025/07/temperaturas-extremas-y-precipitaciones-2025x07x26-a-1.pdf
2025-07-26,035,CENTRO DE LOS HEROES (EMA),DISTRITO NACIONAL,MINISTERIO DE ENERGIA Y MINA,EMAP,32.2,26.3,0.0,https://indomet.gob.do/wp-content/uploads/2025/07/temperaturas-extremas-y-precipitaciones-2025x07x26-a-1.pdf
2025-07-26,036,CONSTANZA,LA VEGA,MINISTERIO DE AGRICULTURA,EMCO,26.5,11.2,0.0,https://indomet.gob.do/wp-content/uploads/2025/07/temperaturas-extremas-y-precipitaciones-2025x07x26-a-1.pdf
2025-07-26,037,CONSTANZA (EMA),LA VEGA,PROGRAMA MUNDIAL DE ALIMENTO,EMAP,25.9,11.7,0.0,https://indomet.gob.do/wp-content/uploads/2025/07/temperaturas-extremas-y-precipitaciones-2025x07x26-a-1.pdf
2025-07-26,038,DAJABÓN,DAJABÓN,INSTITUTO POLITÉCNICO LOYOLA,EMCO,36.2,21.0,0.0,https://indomet.gob.do/wp-content/uploads/2025/07/temperaturas-extremas-y-precipitaciones-2025x07x26-a-1.pdf
2025-07-26,039,ELÍAS PIÑA,ELÍAS PIÑA,MINISTERIO DE AGRICULTURA,EMCV,,,0.0,https://indomet.gob.do/wp-content/uploads/2025/07/temperaturas-extremas-y-precipitaciones-2025x07x26-a-1.pdf
2025-07-26,040,ENRIQUILLO,BARAHONA,MINISTERIO DE AGRICULTURA,EMCV,34.0,25.5,0.0,https://indomet.gob.do/wp-content/uploads/2025/07/temperaturas-extremas-y-precipitaciones-2025x07x26-a-1.pdf
2025-07-26,041,HATO MAYOR,HATO MAYOR,MINISTERIO DE AGRICULTURA,EMCV,,,0.0,https://indomet.gob.do/wp-content/uploads/2025/07/temperaturas-extremas-y-precipitaciones-2025x07x26-a-1.pdf
2025-07-26,042,JARABACOA (EMA),LA VEGA,PROGRAMA MUNDIAL DE ALIMENTO,EMAP,30.7,,0.0,https://indomet.gob.do/wp-content/uploads/2025/07/temperaturas-extremas-y-precipitaciones-2025x07x26-a-1.pdf
2025-07-26,043,JIMANÍ,INDEPENDENCIA,MINISTERIO DE AGRICULTURA,EMCO,28.6,26.2,0.0,https://indomet.gob.do/wp-content/uploads/2025/07/temperaturas-extremas-y-precipitaciones-2025x07x26-a-1.pdf
2025-07-26,044,LA VICTORIA,SANTO DOMINGO,CUERPO DE BOMBEROS,EMCO,35.0,23.0,0.0,https://indomet.gob.do/wp-content/uploads/2025/07/temperaturas-extremas-y-precipitaciones-2025x07x26-a-1.pdf
2025-07-26,045,LAS CANAS (EMA),MONTE CRISTI,PROGRAMA MUNDIAL DE ALIMENTO,EMAP,29.7,23.2,0.0,https://indomet.gob.do/wp-content/uploads/2025/07/temperaturas-extremas-y-precipitaciones-2025x07x26-a-1.pdf
2025-07-26,046,LAS MATAS DE SANTA CRUZ (EMA,MONTE CRISTI,PROGRAMA MUNDIAL DE ALIMENTO,EMAP,33.9,23.3,0.0,https://indomet.gob.do/wp-content/uploads/2025/07/temperaturas-extremas-y-precipitaciones-2025x07x26-a-1.pdf
2025-07-26,047,LOS LLANOS,SAN PEDRO DE MACORÍS,MINISTERIO DE AGRICULTURA,EMCO,35.0,22.5,0.0,https://indomet.gob.do/wp-content/uploads/2025/07/temperaturas-extremas-y-precipitaciones-2025x07x26-a-1.pdf
2025-07-26,048,LOS TRES CHARCOS (EMA),PEDERNALES,PROPIEDAD DEL VOLUNTARIO,EMAP,33.9,22.0,0.0,https://indomet.gob.do/wp-content/uploads/2025/07/temperaturas-extremas-y-precipitaciones-2025x07x26-a-1.pdf
2025-07-26,049,MONCIÓN (EMA),SANTIAGO RODRÍGUEZ,PROGRAMA MUNDIAL DE ALIMENTO,EMAP,33.7,18.8,0.0,https://indomet.gob.do/wp-content/uploads/2025/07/temperaturas-extremas-y-precipitaciones-2025x07x26-a-1.pdf
2025-07-26,050,MONTE CRISTI,MONTE CRISTI,ONAMET,EMCO,33.7,24.6,0.0,https://indomet.gob.do/wp-content/uploads/2025/07/temperaturas-extremas-y-precipitaciones-2025x07x26-a-1.pdf
2025-07-26,051,NAVARRETE,SANTIAGO,MINISTERIO DE AGRICULTURA,EMCV,,,0.0,https://indomet.gob.do/wp-content/uploads/2025/07/temperaturas-extremas-y-precipitaciones-2025x07x26-a-1.pdf
2025-07-26,052,OLIVARES,PEDERNALES,INDRHI,EMCO,,,0.0,https://indomet.gob.do/wp-content/uploads/2025/07/temperaturas-extremas-y-precipitaciones-2025x07x26-a-1.pdf
2025-07-26,053,OVIEDO,PEDERNALES,CLÍNICA RURAL OVIEDO,EMCO,35.0,26.0,0.0,https://indomet.gob.do/wp-content/uploads/2025/07/temperaturas-extremas-y-precipitaciones-2025x07x26-a-1.pdf
2025-07-26,054,PEDERNALES,PEDERNALES,INDRHI,EMCO,,,0.0,https://indomet.gob.do/wp-content/uploads/2025/07/temperaturas-extremas-y-precipitaciones-2025x07x26-a-1.pdf
2025-07-26,055,PERALTA,AZUA,HOSP. MPAL. DE PERALTA,EMCO,35.0,20.6,0.0,https://indomet.gob.do/wp-content/uploads/2025/07/temperaturas-extremas-y-precipitaciones-2025x07x26-a-1.pdf
2025-07-26,056,PESCADERIA (EMA),BARAHONA,MINISTERIO DE AGRICULTURA,EMAP,34.5,22.8,0.0,https://indomet.gob.do/wp-content/uploads/2025/07/temperaturas-extremas-y-precipitaciones-2025x07x26-a-1.pdf
2025-07-26,057,POLO,BARAHONA,INDOCAFE,EMCO,31.5,15.5,0.0,https://indomet.gob.do/wp-content/uploads/2025/07/temperaturas-extremas-y-precipitaciones-2025x07x26-a-1.pdf
2025-07-26,058,RESTAURACIÓN,DAJABÓN,MINISTERIO DE AGRICULTURA,EMCO,32.9,20.4,0.0,https://indomet.gob.do/wp-content/uploads/2025/07/temperaturas-extremas-y-precipitaciones-2025x07x26-a-1.pdf
2025-07-26,059,RÍO SAN JUAN,MARÍA TRINIDAD SÁNCHEZ,HOSP. MPAL. DR. DESIDERIO ACOSTA,EMCV,33.7,23.0,0.0,https://indomet.gob.do/wp-content/uploads/2025/07/temperaturas-extremas-y-precipitaciones-2025x07x26-a-1.pdf
2025-07-26,060,SABANA DE LA MAR,HATO MAYOR,ONAMET,EMCO,31.0,24.5,0.0,https://indomet.gob.do/wp-content/uploads/2025/07/temperaturas-extremas-y-precipitaciones-2025x07x26-a-1.pdf
2025-07-26,061,SABANETA (EMA),SANTIAGO RODRÍGUEZ,PROGRAMA MUNDIAL DE ALIMENTO,EMAP,35.1,21.2,0.0,https://indomet.gob.do/wp-content/uploads/2025/07/temperaturas-extremas-y-precipitaciones-2025x07x26-a-1.pdf
2025-07-26,062,SAN CRISTÓBAL,SAN CRISTÓBAL,INSTITUTO POLITÉCNICO LOYOLA,EMCO,34.4,23.2,0.0,https://indomet.gob.do/wp-content/uploads/2025/07/temperaturas-extremas-y-precipitaciones-2025x07x26-a-1.pdf
2025-07-26,063,SAN JOSÉ DE OCOA,SAN JOSÉ DE OCOA,HOSP. SAN JOSÉ DE OCOA,EMCO,33.0,21.9,0.0,https://indomet.gob.do/wp-content/uploads/2025/07/temperaturas-extremas-y-precipitaciones-2025x07x26-a-1.pdf
2025-07-26,064,SAN RAFAEL DEL YUMA,LA ALTAGRACIA,MINISTERIO DE AGRICULTURA,EMCO,35.1,24.0,0.0,https://indomet.gob.do/wp-content/uploads/2025/07/temperaturas-extremas-y-precipitaciones-2025x07x26-a-1.pdf
2025-07-26,065,SÁNCHEZ,SAMANÁ,MINISTERIO DE AGRICULTURA,EMCO,33.3,21.8,0.0,https://indomet.gob.do/wp-content/uploads/2025/07/temperaturas-extremas-y-precipitaciones-2025x07x26-a-1.pdf
2025-07-26,066,SANTIAGO RODRÍGUEZ,SANTIAGO RODRÍGUEZ,ONAMET,EMCO,36.0,22.0,0.0,https://indomet.gob.do/wp-content/uploads/2025/07/temperaturas-extremas-y-precipitaciones-2025x07x26-a-1.pdf
2025-07-26,067,SANTO DOMINGO ESTE,SANTO DOMINGO,ONAMET,EMCO,32.8,24.6,0.0,https://indomet.gob.do/wp-content/uploads/2025/07/temperaturas-extremas-y-precipitaciones-2025x07x26-a-1.pdf
2025-07-26,068,TÁBARA ABAJO,AZUA,INDRHI,EMCO,32.4,22.0,0.0,https://indomet.gob.do/wp-content/uploads/2025/07/temperaturas-extremas-y-precipitaciones-2025x07x26-a-1.pdf
2025-07-26,069,VALLE NUEVO (EMA),LA VEGA,MARENA,EMAO,20.3,15.4,0.0,https://indomet.gob.do/wp-content/uploads/2025/07/temperaturas-extremas-y-precipitaciones-2025x07x26-a-1.pdf
2025-07-26,070,VILLA GONZALES,SANTIAGO,MINISTERIO DE AGRICULTURA,EMCO,,,0.0,https://indomet.gob.do/wp-content/uploads/2025/07/temperaturas-extremas-y-precipitaciones-2025x07x26-a-1.pdf
2025-07-27,001,LA VICTORIA,SANTO DOMINGO,CUERPO DE BOMBEROS,EMCO,31.0,23.5,38.1,https://indomet.gob.do/wp-content/uploads/2025/07/temperaturas-extremas-y-precipitaciones-2025x07x27-a-2.pdf
2025-07-27,002,PARQUE MIRADOR SUR,DISTRITO NACIONAL,AYUNTAMIENTO,EMCV,35.5,23.0,30.0,https://indomet.gob.do/wp-content/uploads/2025/07/temperaturas-extremas-y-precipitaciones-2025x07x27-a-2.pdf
2025-07-27,003,ARPT. LA ISABELA,SANTO DOMINGO,ONAMET,EMCO,33.8,23.0,26.3,https://indomet.gob.do/wp-content/uploads/2025/07/temperaturas-extremas-y-precipitaciones-2025x07x27-a-2.pdf
2025-07-27,004,HIGÜEY,LA ALTAGRACIA,MINISTERIO DE AGRICULTURA,EMCV,,,20.3,https://indomet.gob.do/wp-content/uploads/2025/07/temperaturas-extremas-y-precipitaciones-2025x07x27-a-2.pdf
2025-07-27,005,CENTRO DE LOS HEROES (EMA),DISTRITO NACIONAL,MINISTERIO DE ENERGIA Y MINA,EMAP,33.7,26.2,19.0,https://indomet.gob.do/wp-content/uploads/2025/07/temperaturas-extremas-y-precipitaciones-2025x07x27-a-2.pdf
2025-07-27,006,SANTO DOMINGO ESTE,SANTO DOMINGO,ONAMET,EMCO,33.5,25.5,18.5,https://indomet.gob.do/wp-content/uploads/2025/07/temperaturas-extremas-y-precipitaciones-2025x07x27-a-2.pdf
2025-07-27,007,ARPT. DE LAS AMÉRICAS,SANTO DOMINGO,ONAMET,EMCO,32.2,23.5,17.4,https://indomet.gob.do/wp-content/uploads/2025/07/temperaturas-extremas-y-precipitaciones-2025x07x27-a-2.pdf
2025-07-27,008,JARDÍN BOTÁNICO NACIONAL,DISTRITO NACIONAL,JARDÍN BOTÁNICO NACIONAL,EMCV,31.7,21.1,17.4,https://indomet.gob.do/wp-content/uploads/2025/07/temperaturas-extremas-y-precipitaciones-2025x07x27-a-2.pdf
2025-07-27,009,LAS MATAS DE FARFÁN,SAN JUAN,MINISTERIO DE AGRICULTURA,EMCV,,,16.5,https://indomet.gob.do/wp-content/uploads/2025/07/temperaturas-extremas-y-precipitaciones-2025x07x27-a-2.pdf
2025-07-27,010,LOS LLANOS,SAN PEDRO DE MACORÍS,MINISTERIO DE AGRICULTURA,EMCO,33.2,23.4,14.6,https://indomet.gob.do/wp-content/uploads/2025/07/temperaturas-extremas-y-precipitaciones-2025x07x27-a-2.pdf
2025-07-27,011,SAN CRISTÓBAL,SAN CRISTÓBAL,INSTITUTO POLITÉCNICO LOYOLA,EMCO,33.5,21.5,14.1,https://indomet.gob.do/wp-content/uploads/2025/07/temperaturas-extremas-y-precipitaciones-2025x07x27-a-2.pdf
2025-07-27,012,BAYAGUANA,MONTE PLATA,ONAMET,EMCO,32.5,19.1,12.8,https://indomet.gob.do/wp-content/uploads/2025/07/temperaturas-extremas-y-precipitaciones-2025x07x27-a-2.pdf
2025-07-27,013,RANCHO ARRIBA,SAN JOSÉ DE OCOA,CENTRO TECNOLÓGICO COMUNITARIO,EMCO,32.5,19.9,8.1,https://indomet.gob.do/wp-content/uploads/2025/07/temperaturas-extremas-y-precipitaciones-2025x07x27-a-2.pdf
2025-07-27,014,RESTAURACIÓN,DAJABÓN,MINISTERIO DE AGRICULTURA,EMCO,32.5,19.9,8.1,https://indomet.gob.do/wp-content/uploads/2025/07/temperaturas-extremas-y-precipitaciones-2025x07x27-a-2.pdf
2025-07-27,015,VILLA RIVA,DUARTE,HOSP. MPAL. ALICIA DE LEGENDRE,EMCO,32.0,23.0,7.6,https://indomet.gob.do/wp-content/uploads/2025/07/temperaturas-extremas-y-precipitaciones-2025x07x27-a-2.pdf
2025-07-27,016,SAMANÁ,SAMANÁ,COMANDANCIA DE PUERTO DE SAMANÁ,EMCO,31.6,24.1,7.2,https://indomet.gob.do/wp-content/uploads/2025/07/temperaturas-extremas-y-precipitaciones-2025x07x27-a-2.pdf
2025-07-27,017,CABRERA,MARÍA TRINIDAD SÁNCHEZ,ESCUELA ARÍSTIDES FIALLO CABRAL,EMCO,34.2,27.5,6.3,https://indomet.gob.do/wp-content/uploads/2025/07/temperaturas-extremas-y-precipitaciones-2025x07x27-a-2.pdf
2025-07-27,018,SABANA DE LA MAR,HATO MAYOR,ONAMET,EMCO,31.5,24.0,6.3,https://indomet.gob.do/wp-content/uploads/2025/07/temperaturas-extremas-y-precipitaciones-2025x07x27-a-2.pdf
2025-07-27,019,VILLA ALTAGRACIA,SAN CRISTÓBAL,ESCUELA JAVIER ANGULO GURIDI,EMCO,,,4.6,https://indomet.gob.do/wp-content/uploads/2025/07/temperaturas-extremas-y-precipitaciones-2025x07x27-a-2.pdf
2025-07-27,020,ANAMUYA (EMA),LA ALTAGRACIA,MINISTERIO DE AGRICULTURA,EMAP,32.9,25.4,3.6,https://indomet.gob.do/wp-content/uploads/2025/07/temperaturas-extremas-y-precipitaciones-2025x07x27-a-2.pdf
2025-07-27,021,HATO MAYOR,HATO MAYOR,MINISTERIO DE AGRICULTURA,EMCV,,,2.3,https://indomet.gob.do/wp-content/uploads/2025/07/temperaturas-extremas-y-precipitaciones-2025x07x27-a-2.pdf
2025-07-27,022,ARPT. ARROYO BARRIL,SAMANÁ,ONAMET,EMCO,32.0,24.0,2.2,https://indomet.gob.do/wp-content/uploads/2025/07/temperaturas-extremas-y-precipitaciones-2025x07x27-a-2.pdf
2025-07-27,023,SÁNCHEZ,SAMANÁ,MINISTERIO DE AGRICULTURA,EMCO,31.7,21.1,1.6,https://indomet.gob.do/wp-content/uploads/2025/07/temperaturas-extremas-y-precipitaciones-2025x07x27-a-2.pdf
2025-07-27,024,BOHECHÍO,SAN JUAN,MINISTERIO DE AGRICULTURA,EMCV,,,1.6,https://indomet.gob.do/wp-content/uploads/2025/07/temperaturas-extremas-y-precipitaciones-2025x07x27-a-2.pdf
2025-07-27,025,ARPT. DE LA ROMANA,LA ROMANA,ONAMET,EMCO,34.2,23.0,1.2,https://indomet.gob.do/wp-content/uploads/2025/07/temperaturas-extremas-y-precipitaciones-2025x07x27-a-2.pdf
2025-07-27,026,ARPT. DE PUNTA CANA,LA ALTAGRACIA,ONAMET,EMCO,32.5,22.0,0.9,https://indomet.gob.do/wp-content/uploads/2025/07/temperaturas-extremas-y-precipitaciones-2025x07x27-a-2.pdf
2025-07-27,027,ARPT. DEL CIBAO,SANTIAGO,ONAMET,EMCO,33.6,21.0,0.6,https://indomet.gob.do/wp-content/uploads/2025/07/temperaturas-extremas-y-precipitaciones-2025x07x27-a-2.pdf
2025-07-27,028,JUMA BEJUCAL,MONSEÑOR NOUEL,IDIAF,EMCV,32.8,23.4,0.5,https://indomet.gob.do/wp-content/uploads/2025/07/temperaturas-extremas-y-precipitaciones-2025x07x27-a-2.pdf
2025-07-27,029,ARPT. EL CATEY,SAMANÁ,ONAMET,EMCO,30.0,24.0,0.4,https://indomet.gob.do/wp-content/uploads/2025/07/temperaturas-extremas-y-precipitaciones-2025x07x27-a-2.pdf
2025-07-27,030,RÍO SAN JUAN,MARÍA TRINIDAD SÁNCHEZ,HOSP. MPAL. DR. DESIDERIO ACOSTA,EMCV,34.5,25.0,0.4,https://indomet.gob.do/wp-content/uploads/2025/07/temperaturas-extremas-y-precipitaciones-2025x07x27-a-2.pdf
2025-07-27,031,SAN RAFAEL DEL YUMA,LA ALTAGRACIA,MINISTERIO DE AGRICULTURA,EMCO,35.8,24.5,0.4,https://indomet.gob.do/wp-content/uploads/2025/07/temperaturas-extremas-y-precipitaciones-2025x07x27-a-2.pdf
2025-07-27,032,POLO,BARAHONA,INDOCAFE,EMCO,31.6,16.3,0.3,https://indomet.gob.do/wp-content/uploads/2025/07/temperaturas-extremas-y-precipitaciones-2025x07x27-a-2.pdf
2025-07-27,033,HONDO VALLE,ELÍAS PIÑA,MINISTERIO DE AGRICULTURA,EMCO,27.8,18.0,0.1,https://indomet.gob.do/wp-content/uploads/2025/07/temperaturas-extremas-y-precipitaciones-2025x07x27-a-2.pdf
2025-07-27,034,SABANA GRANDE DE BOYÁ,MONTE PLATA,MINISTERIO DE AGRICULTURA,EMCV,,,0.1,https://indomet.gob.do/wp-content/uploads/2025/07/temperaturas-extremas-y-precipitaciones-2025x07x27-a-2.pdf
2025-07-27,035,ALTAMIRA,PUERTO PLATA,HOSP. MPAL. DE ALTAMIRA,EMCO,32.6,21.6,0.0,https://indomet.gob.do/wp-content/uploads/2025/07/temperaturas-extremas-y-precipitaciones-2025x07x27-a-2.pdf
2025-07-27,036,ARPT. GREGORIO LUPERÓN,PUERTO PLATA,ONAMET,EMCO,32.5,23.0,0.0,https://indomet.gob.do/wp-content/uploads/2025/07/temperaturas-extremas-y-precipitaciones-2025x07x27-a-2.pdf
2025-07-27,037,ARPT. MARÍA MONTEZ,BARAHONA,ONAMET,EMCO,35.0,23.2,0.0,https://indomet.gob.do/wp-content/uploads/2025/07/temperaturas-extremas-y-precipitaciones-2025x07x27-a-2.pdf
2025-07-27,038,ARROYO LORO,SAN JUAN,IDIAF,EMCO,36.0,19.6,0.0,https://indomet.gob.do/wp-content/uploads/2025/07/temperaturas-extremas-y-precipitaciones-2025x07x27-a-2.pdf
2025-07-27,039,BOCA DE MAO (EMA),VALVERDE,MINISTERIO DE AGRICULTURA,EMAP,37.4,25.6,0.0,https://indomet.gob.do/wp-content/uploads/2025/07/temperaturas-extremas-y-precipitaciones-2025x07x27-a-2.pdf
2025-07-27,040,CABRAL,BARAHONA,MINISTERIO DE AGRICULTURA,EMCV,35.2,26.3,0.0,https://indomet.gob.do/wp-content/uploads/2025/07/temperaturas-extremas-y-precipitaciones-2025x07x27-a-2.pdf
2025-07-27,041,CONSTANZA,LA VEGA,MINISTERIO DE AGRICULTURA,EMCO,27.5,22.0,0.0,https://indomet.gob.do/wp-content/uploads/2025/07/temperaturas-extremas-y-precipitaciones-2025x07x27-a-2.pdf
2025-07-27,042,CONSTANZA (EMA),LA VEGA,PROGRAMA MUNDIAL DE ALIMENTO,EMAP,26.8,16.5,0.0,https://indomet.gob.do/wp-content/uploads/2025/07/temperaturas-extremas-y-precipitaciones-2025x07x27-a-2.pdf
2025-07-27,043,DAJABÓN,DAJABÓN,INSTITUTO POLITÉCNICO LOYOLA,EMCO,35.2,20.0,0.0,https://indomet.gob.do/wp-content/uploads/2025/07/temperaturas-extremas-y-precipitaciones-2025x07x27-a-2.pdf
2025-07-27,044,EL CERCADO,SAN JUAN,MINISTERIO DE AGRICULTURA,EMCV,,,0.0,https://indomet.gob.do/wp-content/uploads/2025/07/temperaturas-extremas-y-precipitaciones-2025x07x27-a-2.pdf
2025-07-27,045,ELÍAS PIÑA,ELÍAS PIÑA,MINISTERIO DE AGRICULTURA,EMCV,,,0.0,https://indomet.gob.do/wp-content/uploads/2025/07/temperaturas-extremas-y-precipitaciones-2025x07x27-a-2.pdf
2025-07-27,046,ENRIQUILLO,BARAHONA,MINISTERIO DE AGRICULTURA,EMCV,34.5,27.0,0.0,https://indomet.gob.do/wp-content/uploads/2025/07/temperaturas-extremas-y-precipitaciones-2025x07x27-a-2.pdf
2025-07-27,047,ESCONDIDO,PERAVIA,MINISTERIO DE AGRICULTURA,EMCV,34.0,26.0,0.0,https://indomet.gob.do/wp-content/uploads/2025/07/temperaturas-extremas-y-precipitaciones-2025x07x27-a-2.pdf
2025-07-27,048,GASPAR HERNÁNDEZ,ESPAILLAT,PROPIEDAD DEL EMPLEADO,EMCO,,,0.0,https://indomet.gob.do/wp-content/uploads/2025/07/temperaturas-extremas-y-precipitaciones-2025x07x27-a-2.pdf
2025-07-27,049,GURABO,SANTIAGO,MINISTERIO DE AGRICULTURA,EMCV,,,0.0,https://indomet.gob.do/wp-content/uploads/2025/07/temperaturas-extremas-y-precipitaciones-2025x07x27-a-2.pdf
2025-07-27,050,JARABACOA,LA VEGA,INDRHI / MARENA,EMCO,33.0,16.4,0.0,https://indomet.gob.do/wp-content/uploads/2025/07/temperaturas-extremas-y-precipitaciones-2025x07x27-a-2.pdf
2025-07-27,051,JARABACOA (EMA),LA VEGA,PROGRAMA MUNDIAL DE ALIMENTO,EMAP,32.2,20.4,0.0,https://indomet.gob.do/wp-content/uploads/2025/07/temperaturas-extremas-y-precipitaciones-2025x07x27-a-2.pdf
2025-07-27,052,JIMANÍ,INDEPENDENCIA,MINISTERIO DE AGRICULTURA,EMCO,38.8,25.6,0.0,https://indomet.gob.do/wp-content/uploads/2025/07/temperaturas-extremas-y-precipitaciones-2025x07x27-a-2.pdf
2025-07-27,053,LA VEGA,LA VEGA,IATESA,EMCO,34.5,23.0,0.0,https://indomet.gob.do/wp-content/uploads/2025/07/temperaturas-extremas-y-precipitaciones-2025x07x27-a-2.pdf
2025-07-27,054,LAS CANAS (EMA),MONTE CRISTI,PROGRAMA MUNDIAL DE ALIMENTO,EMAP,30.8,23.8,0.0,https://indomet.gob.do/wp-content/uploads/2025/07/temperaturas-extremas-y-precipitaciones-2025x07x27-a-2.pdf
2025-07-27,055,LAS MATAS DE SANTA CRUZ (EMA,MONTE CRISTI,PROGRAMA MUNDIAL DE ALIMENTO,EMAP,35.8,25.4,0.0,https://indomet.gob.do/wp-content/uploads/2025/07/temperaturas-extremas-y-precipitaciones-2025x07x27-a-2.pdf
2025-07-27,056,LOS TRES CHARCOS (EMA),PEDERNALES,PROPIEDAD DEL VOLUNTARIO,EMAP,35.1,20.6,0.0,https://indomet.gob.do/wp-content/uploads/2025/07/temperaturas-extremas-y-precipitaciones-2025x07x27-a-2.pdf
2025-07-27,057,MAO,VALVERDE,INDRHI / MINISTERIO DE AGRICULTURA,EMCV,,,0.0,https://indomet.gob.do/wp-content/uploads/2025/07/temperaturas-extremas-y-precipitaciones-2025x07x27-a-2.pdf
2025-07-27,058,MONCIÓN (EMA),SANTIAGO RODRÍGUEZ,PROGRAMA MUNDIAL DE ALIMENTO,EMAP,34.6,21.1,0.0,https://indomet.gob.do/wp-content/uploads/2025/07/temperaturas-extremas-y-precipitaciones-2025x07x27-a-2.pdf
2025-07-27,059,MONTE CRISTI,MONTE CRISTI,ONAMET,EMCO,33.8,23.8,0.0,https://indomet.gob.do/wp-content/uploads/2025/07/temperaturas-extremas-y-precipitaciones-2025x07x27-a-2.pdf
2025-07-27,060,NAVARRETE,SANTIAGO,MINISTERIO DE AGRICULTURA,EMCV,,,0.0,https://indomet.gob.do/wp-content/uploads/2025/07/temperaturas-extremas-y-precipitaciones-2025x07x27-a-2.pdf
2025-07-27,061,OLIVARES,PEDERNALES,INDRHI,EMCO,,,0.0,https://indomet.gob.do/wp-content/uploads/2025/07/temperaturas-extremas-y-precipitaciones-2025x07x27-a-2.pdf
2025-07-27,062,OVIEDO,PEDERNALES,CLÍNICA RURAL OVIEDO,EMCO,35.2,23.5,0.0,https://indomet.gob.do/wp-content/uploads/2025/07/temperaturas-extremas-y-precipitaciones-2025x07x27-a-2.pdf
2025-07-27,063,PADRE LAS CASAS,AZUA,HOSP. NTRA. SRA. DEL CARMEN,EMCO,34.5,18.5,0.0,https://indomet.gob.do/wp-content/uploads/2025/07/temperaturas-extremas-y-precipitaciones-2025x07x27-a-2.pdf
2025-07-27,064,PALO ÍNDIO,PUERTO PLATA,MINISTERIO DE AGRICULTURA,EMCO,,,0.0,https://indomet.gob.do/wp-content/uploads/2025/07/temperaturas-extremas-y-precipitaciones-2025x07x27-a-2.pdf
2025-07-27,065,PEDERNALES,PEDERNALES,INDRHI,EMCO,,,0.0,https://indomet.gob.do/wp-content/uploads/2025/07/temperaturas-extremas-y-precipitaciones-2025x07x27-a-2.pdf
2025-07-27,066,PERALTA,AZUA,HOSP. MPAL. DE PERALTA,EMCO,36.0,21.4,0.0,https://indomet.gob.do/wp-content/uploads/2025/07/temperaturas-extremas-y-precipitaciones-2025x07x27-a-2.pdf
2025-07-27,067,PESCADERIA (EMA),BARAHONA,MINISTERIO DE AGRICULTURA,EMAP,35.7,26.4,0.0,https://indomet.gob.do/wp-content/uploads/2025/07/temperaturas-extremas-y-precipitaciones-2025x07x27-a-2.pdf
2025-07-27,068,PONTÓN ABAJO (EMA),LA VEGA,MINISTERIO DE AGRICULTURA,EMAP,35.4,24.2,0.0,https://indomet.gob.do/wp-content/uploads/2025/07/temperaturas-extremas-y-precipitaciones-2025x07x27-a-2.pdf
2025-07-27,069,PRESA DE TAVERAS (EMA),LA VEGA,PROGRAMA MUNDIAL DE ALIMENTO,EMAP,32.7,23.3,0.0,https://indomet.gob.do/wp-content/uploads/2025/07/temperaturas-extremas-y-precipitaciones-2025x07x27-a-2.pdf
2025-07-27,070,SABANETA (EMA),SANTIAGO RODRÍGUEZ,PROGRAMA MUNDIAL DE ALIMENTO,EMAP,37.9,23.7,0.0,https://indomet.gob.do/wp-content/uploads/2025/07/temperaturas-extremas-y-precipitaciones-2025x07x27-a-2.pdf
2025-07-27,071,SALCEDO,HERMANAS MIRABAL,PROPIEDAD DEL EMPLEADO,EMCO,,,0.0,https://indomet.gob.do/wp-content/uploads/2025/07/temperaturas-extremas-y-precipitaciones-2025x07x27-a-2.pdf
2025-07-27,072,SAN FRANCISCO DE MACORÍS,DUARTE,San Francisco de Macorís (UASD),EMCO,32.9,22.5,0.0,https://indomet.gob.do/wp-content/uploads/2025/07/temperaturas-extremas-y-precipitaciones-2025x07x27-a-2.pdf
2025-07-27,073,SAN JOSÉ DE OCOA,SAN JOSÉ DE OCOA,HOSP. SAN JOSÉ DE OCOA,EMCO,34.4,23.6,0.0,https://indomet.gob.do/wp-content/uploads/2025/07/temperaturas-extremas-y-precipitaciones-2025x07x27-a-2.pdf
2025-07-27,074,SANTIAGO RODRÍGUEZ,SANTIAGO RODRÍGUEZ,ONAMET,EMCO,37.2,24.0,0.0,https://indomet.gob.do/wp-content/uploads/2025/07/temperaturas-extremas-y-precipitaciones-2025x07x27-a-2.pdf
2025-07-27,075,TÁBARA ABAJO,AZUA,INDRHI,EMCO,35.5,24.0,0.0,https://indomet.gob.do/wp-content/uploads/2025/07/temperaturas-extremas-y-precipitaciones-2025x07x27-a-2.pdf
2025-07-27,076,TAMBORIL,SANTIAGO,MINISTERIO DE AGRICULTURA,EMCV,,,0.0,https://indomet.gob.do/wp-content/uploads/2025/07/temperaturas-extremas-y-precipitaciones-2025x07x27-a-2.pdf
2025-07-27,077,VALLE NUEVO (EMA),LA VEGA,MARENA,EMAO,,,0.0,https://indomet.gob.do/wp-content/uploads/2025/07/temperaturas-extremas-y-precipitaciones-2025x07x27-a-2.pdf
2025-07-27,078,VILLA GONZALES,SANTIAGO,MINISTERIO DE AGRICULTURA,EMCO,,,0.0,https://indomet.gob.do/wp-content/uploads/2025/07/temperaturas-extremas-y-precipitaciones-2025x07x27-a-2.pdf
2025-07-27,079,VILLA ISABELA,PUERTO PLATA,MINISTERIO DE AGRICULTURA,EMCV,,,0.0,https://indomet.gob.do/wp-content/uploads/2025/07/temperaturas-extremas-y-precipitaciones-2025x07x27-a-2.pdf
2025-07-28,001,PADRE LAS CASAS,AZUA,HOSP. NTRA. SRA. DEL CARMEN,EMCO,32.6,19.7,81.8,https://indomet.gob.do/wp-content/uploads/2025/07/temperaturas-extremas-y-precipitaciones-2025x07x28-a-1.pdf
2025-07-28,002,LOS LLANOS,SAN PEDRO DE MACORÍS,MINISTERIO DE AGRICULTURA,EMCO,33.1,23.0,70.2,https://indomet.gob.do/wp-content/uploads/2025/07/temperaturas-extremas-y-precipitaciones-2025x07x28-a-1.pdf
2025-07-28,003,BAYAGUANA,MONTE PLATA,ONAMET,EMCO,33.0,23.0,57.0,https://indomet.gob.do/wp-content/uploads/2025/07/temperaturas-extremas-y-precipitaciones-2025x07x28-a-1.pdf
2025-07-28,004,ELÍAS PIÑA,ELÍAS PIÑA,MINISTERIO DE AGRICULTURA,EMCV,,,37.0,https://indomet.gob.do/wp-content/uploads/2025/07/temperaturas-extremas-y-precipitaciones-2025x07x28-a-1.pdf
2025-07-28,005,ARROYO LORO,SAN JUAN,IDIAF,EMCO,36.0,19.4,26.6,https://indomet.gob.do/wp-content/uploads/2025/07/temperaturas-extremas-y-precipitaciones-2025x07x28-a-1.pdf
2025-07-28,006,PASO AL MEDIO,SAN PEDRO DE MACORÍS,INDRHI,EMCO,,,25.3,https://indomet.gob.do/wp-content/uploads/2025/07/temperaturas-extremas-y-precipitaciones-2025x07x28-a-1.pdf
2025-07-28,007,SABANA GRANDE DE BOYÁ,MONTE PLATA,MINISTERIO DE AGRICULTURA,EMCV,,,24.1,https://indomet.gob.do/wp-content/uploads/2025/07/temperaturas-extremas-y-precipitaciones-2025x07x28-a-1.pdf
2025-07-28,008,ARPT. EL CATEY,SAMANÁ,ONAMET,EMCO,28.8,23.5,23.9,https://indomet.gob.do/wp-content/uploads/2025/07/temperaturas-extremas-y-precipitaciones-2025x07x28-a-1.pdf
2025-07-28,009,LAS MATAS DE FARFÁN,SAN JUAN,MINISTERIO DE AGRICULTURA,EMCV,,,17.5,https://indomet.gob.do/wp-content/uploads/2025/07/temperaturas-extremas-y-precipitaciones-2025x07x28-a-1.pdf
2025-07-28,010,SALCEDO,HERMANAS MIRABAL,PROPIEDAD DEL EMPLEADO,EMCO,,,15.0,https://indomet.gob.do/wp-content/uploads/2025/07/temperaturas-extremas-y-precipitaciones-2025x07x28-a-1.pdf
2025-07-28,011,HATO MAYOR,HATO MAYOR,MINISTERIO DE AGRICULTURA,EMCV,,,12.4,https://indomet.gob.do/wp-content/uploads/2025/07/temperaturas-extremas-y-precipitaciones-2025x07x28-a-1.pdf
2025-07-28,012,JARDÍN BOTÁNICO NACIONAL,DISTRITO NACIONAL,JARDÍN BOTÁNICO NACIONAL,EMCV,32.6,23.5,10.8,https://indomet.gob.do/wp-content/uploads/2025/07/temperaturas-extremas-y-precipitaciones-2025x07x28-a-1.pdf
2025-07-28,013,VILLA ALTAGRACIA,SAN CRISTÓBAL,ESCUELA JAVIER ANGULO GURIDI,EMCO,,,10.0,https://indomet.gob.do/wp-content/uploads/2025/07/temperaturas-extremas-y-precipitaciones-2025x07x28-a-1.pdf
2025-07-28,014,LA VICTORIA,SANTO DOMINGO,CUERPO DE BOMBEROS,EMCO,31.0,23.5,8.2,https://indomet.gob.do/wp-content/uploads/2025/07/temperaturas-extremas-y-precipitaciones-2025x07x28-a-1.pdf
2025-07-28,015,JUMA BEJUCAL,MONSEÑOR NOUEL,IDIAF,EMCV,33.0,25.2,7.6,https://indomet.gob.do/wp-content/uploads/2025/07/temperaturas-extremas-y-precipitaciones-2025x07x28-a-1.pdf
2025-07-28,016,HONDO VALLE,ELÍAS PIÑA,MINISTERIO DE AGRICULTURA,EMCO,27.4,17.9,6.8,https://indomet.gob.do/wp-content/uploads/2025/07/temperaturas-extremas-y-precipitaciones-2025x07x28-a-1.pdf
2025-07-28,017,VILLA RIVA,DUARTE,HOSP. MPAL. ALICIA DE LEGENDRE,EMCO,30.0,23.3,4.8,https://indomet.gob.do/wp-content/uploads/2025/07/temperaturas-extremas-y-precipitaciones-2025x07x28-a-1.pdf
2025-07-28,018,SAN FRANCISCO DE MACORÍS,DUARTE,San Francisco de Macorís (UASD),EMCO,31.7,23.7,4.4,https://indomet.gob.do/wp-content/uploads/2025/07/temperaturas-extremas-y-precipitaciones-2025x07x28-a-1.pdf
2025-07-28,019,SÁNCHEZ,SAMANÁ,MINISTERIO DE AGRICULTURA,EMCO,32.1,21.3,2.8,https://indomet.gob.do/wp-content/uploads/2025/07/temperaturas-extremas-y-precipitaciones-2025x07x28-a-1.pdf
2025-07-28,020,RESTAURACIÓN,DAJABÓN,MINISTERIO DE AGRICULTURA,EMCO,32.8,19.5,2.3,https://indomet.gob.do/wp-content/uploads/2025/07/temperaturas-extremas-y-precipitaciones-2025x07x28-a-1.pdf
2025-07-28,021,DAJABÓN,DAJABÓN,INSTITUTO POLITÉCNICO LOYOLA,EMCO,34.7,19.6,2.0,https://indomet.gob.do/wp-content/uploads/2025/07/temperaturas-extremas-y-precipitaciones-2025x07x28-a-1.pdf
2025-07-28,022,PONTÓN ABAJO (EMA),LA VEGA,MINISTERIO DE AGRICULTURA,EMAP,34.4,25.6,1.4,https://indomet.gob.do/wp-content/uploads/2025/07/temperaturas-extremas-y-precipitaciones-2025x07x28-a-1.pdf
2025-07-28,023,SAMANÁ,SAMANÁ,COMANDANCIA DE PUERTO DE SAMANÁ,EMCO,33.4,23.5,1.4,https://indomet.gob.do/wp-content/uploads/2025/07/temperaturas-extremas-y-precipitaciones-2025x07x28-a-1.pdf
2025-07-28,024,ARPT. ARROYO BARRIL,SAMANÁ,ONAMET,EMCO,32.5,24.5,1.2,https://indomet.gob.do/wp-content/uploads/2025/07/temperaturas-extremas-y-precipitaciones-2025x07x28-a-1.pdf
2025-07-28,025,ARPT. DE PUNTA CANA,LA ALTAGRACIA,ONAMET,EMCO,31.9,21.8,1.0,https://indomet.gob.do/wp-content/uploads/2025/07/temperaturas-extremas-y-precipitaciones-2025x07x28-a-1.pdf
2025-07-28,026,SABANA DE LA MAR,HATO MAYOR,ONAMET,EMCO,31.5,24.5,0.8,https://indomet.gob.do/wp-content/uploads/2025/07/temperaturas-extremas-y-precipitaciones-2025x07x28-a-1.pdf
2025-07-28,027,ARPT. DEL CIBAO,SANTIAGO,ONAMET,EMCO,34.5,22.4,0.6,https://indomet.gob.do/wp-content/uploads/2025/07/temperaturas-extremas-y-precipitaciones-2025x07x28-a-1.pdf
2025-07-28,028,RANCHO ARRIBA,SAN JOSÉ DE OCOA,CENTRO TECNOLÓGICO COMUNITARIO,EMCO,31.1,20.4,0.6,https://indomet.gob.do/wp-content/uploads/2025/07/temperaturas-extremas-y-precipitaciones-2025x07x28-a-1.pdf
2025-07-28,029,RÍO SAN JUAN,MARÍA TRINIDAD SÁNCHEZ,HOSP. MPAL. DR. DESIDERIO ACOSTA,EMCV,33.6,24.9,0.4,https://indomet.gob.do/wp-content/uploads/2025/07/temperaturas-extremas-y-precipitaciones-2025x07x28-a-1.pdf
2025-07-28,030,BASE AÉREA DE SAN ISIDRO,SANTO DOMINGO,FUERZA AÉREA DOMINICANA,EMCV,32.5,24.2,0.2,https://indomet.gob.do/wp-content/uploads/2025/07/temperaturas-extremas-y-precipitaciones-2025x07x28-a-1.pdf
2025-07-28,031,PERALTA,AZUA,HOSP. MPAL. DE PERALTA,EMCO,34.5,17.5,0.1,https://indomet.gob.do/wp-content/uploads/2025/07/temperaturas-extremas-y-precipitaciones-2025x07x28-a-1.pdf
2025-07-28,032,SANTIAGO RODRÍGUEZ,SANTIAGO RODRÍGUEZ,ONAMET,EMCO,35.8,23.5,0.1,https://indomet.gob.do/wp-content/uploads/2025/07/temperaturas-extremas-y-precipitaciones-2025x07x28-a-1.pdf
2025-07-28,033,SANTO DOMINGO ESTE,SANTO DOMINGO,ONAMET,EMCO,32.6,25.0,0.1,https://indomet.gob.do/wp-content/uploads/2025/07/temperaturas-extremas-y-precipitaciones-2025x07x28-a-1.pdf
2025-07-28,034,ALTAMIRA,PUERTO PLATA,HOSP. MPAL. DE ALTAMIRA,EMCO,34.3,21.5,0.0,https://indomet.gob.do/wp-content/uploads/2025/07/temperaturas-extremas-y-precipitaciones-2025x07x28-a-1.pdf
2025-07-28,035,ANAMUYA (EMA),LA ALTAGRACIA,MINISTERIO DE AGRICULTURA,EMAP,33.3,25.1,0.0,https://indomet.gob.do/wp-content/uploads/2025/07/temperaturas-extremas-y-precipitaciones-2025x07x28-a-1.pdf
2025-07-28,036,ARPT. DE LA ROMANA,LA ROMANA,ONAMET,EMCO,34.5,24.0,0.0,https://indomet.gob.do/wp-content/uploads/2025/07/temperaturas-extremas-y-precipitaciones-2025x07x28-a-1.pdf
2025-07-28,037,ARPT. DE LAS AMÉRICAS,SANTO DOMINGO,ONAMET,EMCO,32.0,23.3,0.0,https://indomet.gob.do/wp-content/uploads/2025/07/temperaturas-extremas-y-precipitaciones-2025x07x28-a-1.pdf
2025-07-28,038,ARPT. GREGORIO LUPERÓN,PUERTO PLATA,ONAMET,EMCO,33.0,23.4,0.0,https://indomet.gob.do/wp-content/uploads/2025/07/temperaturas-extremas-y-precipitaciones-2025x07x28-a-1.pdf
2025-07-28,039,ARPT. LA ISABELA,SANTO DOMINGO,ONAMET,EMCO,33.5,22.0,0.0,https://indomet.gob.do/wp-content/uploads/2025/07/temperaturas-extremas-y-precipitaciones-2025x07x28-a-1.pdf
2025-07-28,040,ARPT. MARÍA MONTEZ,BARAHONA,ONAMET,EMCO,34.0,26.0,0.0,https://indomet.gob.do/wp-content/uploads/2025/07/temperaturas-extremas-y-precipitaciones-2025x07x28-a-1.pdf
2025-07-28,041,BANI (EMA),PERAVIA,MINISTERIO DE AGRICULTURA,EMAP,33.2,26.3,0.0,https://indomet.gob.do/wp-content/uploads/2025/07/temperaturas-extremas-y-precipitaciones-2025x07x28-a-1.pdf
2025-07-28,042,BOCA DE MAO (EMA),VALVERDE,MINISTERIO DE AGRICULTURA,EMAP,37.8,25.4,0.0,https://indomet.gob.do/wp-content/uploads/2025/07/temperaturas-extremas-y-precipitaciones-2025x07x28-a-1.pdf
2025-07-28,043,CABRAL,BARAHONA,MINISTERIO DE AGRICULTURA,EMCV,35.5,25.7,0.0,https://indomet.gob.do/wp-content/uploads/2025/07/temperaturas-extremas-y-precipitaciones-2025x07x28-a-1.pdf
2025-07-28,044,CENTRO DE LOS HEROES (EMA),DISTRITO NACIONAL,MINISTERIO DE ENERGIA Y MINA,EMAP,32.1,26.8,0.0,https://indomet.gob.do/wp-content/uploads/2025/07/temperaturas-extremas-y-precipitaciones-2025x07x28-a-1.pdf
2025-07-28,045,CONSTANZA,LA VEGA,MINISTERIO DE AGRICULTURA,EMCO,28.0,17.2,0.0,https://indomet.gob.do/wp-content/uploads/2025/07/temperaturas-extremas-y-precipitaciones-2025x07x28-a-1.pdf
2025-07-28,046,CONSTANZA (EMA),LA VEGA,PROGRAMA MUNDIAL DE ALIMENTO,EMAP,27.2,17.9,0.0,https://indomet.gob.do/wp-content/uploads/2025/07/temperaturas-extremas-y-precipitaciones-2025x07x28-a-1.pdf
2025-07-28,047,ENRIQUILLO,BARAHONA,MINISTERIO DE AGRICULTURA,EMCV,33.3,26.5,0.0,https://indomet.gob.do/wp-content/uploads/2025/07/temperaturas-extremas-y-precipitaciones-2025x07x28-a-1.pdf
2025-07-28,048,ESCONDIDO,PERAVIA,MINISTERIO DE AGRICULTURA,EMCV,33.0,27.0,0.0,https://indomet.gob.do/wp-content/uploads/2025/07/temperaturas-extremas-y-precipitaciones-2025x07x28-a-1.pdf
2025-07-28,049,GASPAR HERNÁNDEZ,ESPAILLAT,PROPIEDAD DEL EMPLEADO,EMCO,,,0.0,https://indomet.gob.do/wp-content/uploads/2025/07/temperaturas-extremas-y-precipitaciones-2025x07x28-a-1.pdf
2025-07-28,050,GURABO,SANTIAGO,MINISTERIO DE AGRICULTURA,EMCV,,,0.0,https://indomet.gob.do/wp-content/uploads/2025/07/temperaturas-extremas-y-precipitaciones-2025x07x28-a-1.pdf
2025-07-28,051,HIGÜEY,LA ALTAGRACIA,MINISTERIO DE AGRICULTURA,EMCV,,,0.0,https://indomet.gob.do/wp-content/uploads/2025/07/temperaturas-extremas-y-precipitaciones-2025x07x28-a-1.pdf
2025-07-28,052,JARABACOA,LA VEGA,INDRHI / MARENA,EMCO,32.6,20.0,0.0,https://indomet.gob.do/wp-content/uploads/2025/07/temperaturas-extremas-y-precipitaciones-2025x07x28-a-1.pdf
2025-07-28,053,JARABACOA (EMA),LA VEGA,PROGRAMA MUNDIAL DE ALIMENTO,EMAP,31.6,20.8,0.0,https://indomet.gob.do/wp-content/uploads/2025/07/temperaturas-extremas-y-precipitaciones-2025x07x28-a-1.pdf
2025-07-28,054,JIMANÍ,INDEPENDENCIA,MINISTERIO DE AGRICULTURA,EMCO,36.8,26.8,0.0,https://indomet.gob.do/wp-content/uploads/2025/07/temperaturas-extremas-y-precipitaciones-2025x07x28-a-1.pdf
2025-07-28,055,LA VEGA,LA VEGA,IATESA,EMCO,32.0,25.0,0.0,https://indomet.gob.do/wp-content/uploads/2025/07/temperaturas-extremas-y-precipitaciones-2025x07x28-a-1.pdf
2025-07-28,056,LAS CANAS (EMA),MONTE CRISTI,PROGRAMA MUNDIAL DE ALIMENTO,EMAP,31.5,24.2,0.0,https://indomet.gob.do/wp-content/uploads/2025/07/temperaturas-extremas-y-precipitaciones-2025x07x28-a-1.pdf
2025-07-28,057,LAS MATAS DE SANTA CRUZ (EMA,MONTE CRISTI,PROGRAMA MUNDIAL DE ALIMENTO,EMAP,36.9,24.6,0.0,https://indomet.gob.do/wp-content/uploads/2025/07/temperaturas-extremas-y-precipitaciones-2025x07x28-a-1.pdf
2025-07-28,058,LOS TRES CHARCOS (EMA),PEDERNALES,PROPIEDAD DEL VOLUNTARIO,EMAP,33.9,26.7,0.0,https://indomet.gob.do/wp-content/uploads/2025/07/temperaturas-extremas-y-precipitaciones-2025x07x28-a-1.pdf
2025-07-28,059,MAO,VALVERDE,INDRHI / MINISTERIO DE AGRICULTURA,EMCV,,,0.0,https://indomet.gob.do/wp-content/uploads/2025/07/temperaturas-extremas-y-precipitaciones-2025x07x28-a-1.pdf
2025-07-28,060,MONCIÓN (EMA),SANTIAGO RODRÍGUEZ,PROGRAMA MUNDIAL DE ALIMENTO,EMAP,33.2,20.9,0.0,https://indomet.gob.do/wp-content/uploads/2025/07/temperaturas-extremas-y-precipitaciones-2025x07x28-a-1.pdf
2025-07-28,061,MONTE CRISTI,MONTE CRISTI,ONAMET,EMCO,35.2,25.0,0.0,https://indomet.gob.do/wp-content/uploads/2025/07/temperaturas-extremas-y-precipitaciones-2025x07x28-a-1.pdf
2025-07-28,062,NAVARRETE,SANTIAGO,MINISTERIO DE AGRICULTURA,EMCV,,,0.0,https://indomet.gob.do/wp-content/uploads/2025/07/temperaturas-extremas-y-precipitaciones-2025x07x28-a-1.pdf
2025-07-28,063,OLIVARES,PEDERNALES,INDRHI,EMCO,,,0.0,https://indomet.gob.do/wp-content/uploads/2025/07/temperaturas-extremas-y-precipitaciones-2025x07x28-a-1.pdf
2025-07-28,064,OVIEDO,PEDERNALES,CLÍNICA RURAL OVIEDO,EMCO,34.0,27.0,0.0,https://indomet.gob.do/wp-content/uploads/2025/07/temperaturas-extremas-y-precipitaciones-2025x07x28-a-1.pdf
2025-07-28,065,PALO ÍNDIO,PUERTO PLATA,MINISTERIO DE AGRICULTURA,EMCO,,,0.0,https://indomet.gob.do/wp-content/uploads/2025/07/temperaturas-extremas-y-precipitaciones-2025x07x28-a-1.pdf
2025-07-28,066,PEDERNALES,PEDERNALES,INDRHI,EMCO,,,0.0,https://indomet.gob.do/wp-content/uploads/2025/07/temperaturas-extremas-y-precipitaciones-2025x07x28-a-1.pdf
2025-07-28,067,PESCADERIA (EMA),BARAHONA,MINISTERIO DE AGRICULTURA,EMAP,34.6,27.3,0.0,https://indomet.gob.do/wp-content/uploads/2025/07/temperaturas-extremas-y-precipitaciones-2025x07x28-a-1.pdf
2025-07-28,068,POLO,BARAHONA,INDOCAFE,EMCO,29.6,19.0,0.0,https://indomet.gob.do/wp-content/uploads/2025/07/temperaturas-extremas-y-precipitaciones-2025x07x28-a-1.pdf
2025-07-28,069,PRESA DE TAVERAS (EMA),LA VEGA,PROGRAMA MUNDIAL DE ALIMENTO,EMAP,32.7,23.8,0.0,https://indomet.gob.do/wp-content/uploads/2025/07/temperaturas-extremas-y-precipitaciones-2025x07x28-a-1.pdf
2025-07-28,070,SABANETA (EMA),SANTIAGO RODRÍGUEZ,PROGRAMA MUNDIAL DE ALIMENTO,EMAP,36.3,22.7,0.0,https://indomet.gob.do/wp-content/uploads/2025/07/temperaturas-extremas-y-precipitaciones-2025x07x28-a-1.pdf
2025-07-28,071,SAN CRISTÓBAL,SAN CRISTÓBAL,INSTITUTO POLITÉCNICO LOYOLA,EMCO,34.0,22.2,0.0,https://indomet.gob.do/wp-content/uploads/2025/07/temperaturas-extremas-y-precipitaciones-2025x07x28-a-1.pdf
2025-07-28,072,SAN JOSÉ DE OCOA,SAN JOSÉ DE OCOA,HOSP. SAN JOSÉ DE OCOA,EMCO,33.7,23.9,0.0,https://indomet.gob.do/wp-content/uploads/2025/07/temperaturas-extremas-y-precipitaciones-2025x07x28-a-1.pdf
2025-07-28,073,SAN RAFAEL DEL YUMA,LA ALTAGRACIA,MINISTERIO DE AGRICULTURA,EMCO,36.0,24.5,0.0,https://indomet.gob.do/wp-content/uploads/2025/07/temperaturas-extremas-y-precipitaciones-2025x07x28-a-1.pdf
2025-07-28,074,TÁBARA ABAJO,AZUA,INDRHI,EMCO,34.5,24.5,0.0,https://indomet.gob.do/wp-content/uploads/2025/07/temperaturas-extremas-y-precipitaciones-2025x07x28-a-1.pdf
2025-07-28,075,TAMBORIL,SANTIAGO,MINISTERIO DE AGRICULTURA,EMCV,,,0.0,https://indomet.gob.do/wp-content/uploads/2025/07/temperaturas-extremas-y-precipitaciones-2025x07x28-a-1.pdf
2025-07-28,076,TAVERA,SANTIAGO,INDRHI,EMCO,,,0.0,https://indomet.gob.do/wp-content/uploads/2025/07/temperaturas-extremas-y-precipitaciones-2025x07x28-a-1.pdf
2025-07-28,077,VALLE NUEVO (EMA),LA VEGA,MARENA,EMAO,19.9,16.6,0.0,https://indomet.gob.do/wp-content/uploads/2025/07/temperaturas-extremas-y-precipitaciones-2025x07x28-a-1.pdf
2025-07-28,078,VILLA GONZALES,SANTIAGO,MINISTERIO DE AGRICULTURA,EMCO,,,0.0,https://indomet.gob.do/wp-content/uploads/2025/07/temperaturas-extremas-y-precipitaciones-2025x07x28-a-1.pdf
2025-07-28,079,VILLA ISABELA,PUERTO PLATA,MINISTERIO DE AGRICULTURA,EMCV,,,0.0,https://indomet.gob.do/wp-content/uploads/2025/07/temperaturas-extremas-y-precipitaciones-2025x07x28-a-1.pdf
2025-07-29,001,LA VEGA,LA VEGA,IATESA,EMCO,36.0,22.5,78.4,https://indomet.gob.do/wp-content/uploads/2025/07/temperaturas-extremas-y-precipitaciones-2025x07x29-b.pdf
2025-07-29,002,JUMA BEJUCAL,MONSEÑOR NOUEL,IDIAF,EMCV,34.2,23.8,58.2,https://indomet.gob.do/wp-content/uploads/2025/07/temperaturas-extremas-y-precipitaciones-2025x07x29-b.pdf
2025-07-29,003,ELÍAS PIÑA,ELÍAS PIÑA,MINISTERIO DE AGRICULTURA,EMCV,,,53.4,https://indomet.gob.do/wp-content/uploads/2025/07/temperaturas-extremas-y-precipitaciones-2025x07x29-b.pdf
2025-07-29,004,SABANETA (EMA),SANTIAGO RODRÍGUEZ,PROGRAMA MUNDIAL DE ALIMENTO,EMAP,39.1,22.2,27.0,https://indomet.gob.do/wp-content/uploads/2025/07/temperaturas-extremas-y-precipitaciones-2025x07x29-b.pdf
2025-07-29,005,HATO MAYOR,HATO MAYOR,MINISTERIO DE AGRICULTURA,EMCV,,,26.0,https://indomet.gob.do/wp-content/uploads/2025/07/temperaturas-extremas-y-precipitaciones-2025x07x29-b.pdf
2025-07-29,006,TÁBARA ABAJO,AZUA,INDRHI,EMCO,34.0,22.2,26.0,https://indomet.gob.do/wp-content/uploads/2025/07/temperaturas-extremas-y-precipitaciones-2025x07x29-b.pdf
2025-07-29,007,MONCIÓN (EMA),SANTIAGO RODRÍGUEZ,PROGRAMA MUNDIAL DE ALIMENTO,EMAP,34.1,20.2,21.6,https://indomet.gob.do/wp-content/uploads/2025/07/temperaturas-extremas-y-precipitaciones-2025x07x29-b.pdf
2025-07-29,008,SAN CRISTÓBAL,SAN CRISTÓBAL,INSTITUTO POLITÉCNICO LOYOLA,EMCO,33.2,22.2,19.9,https://indomet.gob.do/wp-content/uploads/2025/07/temperaturas-extremas-y-precipitaciones-2025x07x29-b.pdf
2025-07-29,009,PADRE LAS CASAS,AZUA,HOSP. NTRA. SRA. DEL CARMEN,EMCO,32.3,20.0,15.5,https://indomet.gob.do/wp-content/uploads/2025/07/temperaturas-extremas-y-precipitaciones-2025x07x29-b.pdf
2025-07-29,010,BONAO,MONSEÑOR NOUEL,MINISTERIO DE AGRICULTURA,EMCV,,,15.5,https://indomet.gob.do/wp-content/uploads/2025/07/temperaturas-extremas-y-precipitaciones-2025x07x29-b.pdf
2025-07-29,011,SÁNCHEZ,SAMANÁ,MINISTERIO DE AGRICULTURA,EMCO,33.3,23.1,15.2,https://indomet.gob.do/wp-content/uploads/2025/07/temperaturas-extremas-y-precipitaciones-2025x07x29-b.pdf
2025-07-29,012,PRESA DE TAVERAS (EMA),LA VEGA,PROGRAMA MUNDIAL DE ALIMENTO,EMAP,34.4,21.5,12.2,https://indomet.gob.do/wp-content/uploads/2025/07/temperaturas-extremas-y-precipitaciones-2025x07x29-b.pdf
2025-07-29,013,TAVERA,SANTIAGO,INDRHI,EMCO,,,11.0,https://indomet.gob.do/wp-content/uploads/2025/07/temperaturas-extremas-y-precipitaciones-2025x07x29-b.pdf
2025-07-29,014,VILLA ALTAGRACIA,SAN CRISTÓBAL,ESCUELA JAVIER ANGULO GURIDI,EMCO,,,4.9,https://indomet.gob.do/wp-content/uploads/2025/07/temperaturas-extremas-y-precipitaciones-2025x07x29-b.pdf
2025-07-29,015,BAYAGUANA,MONTE PLATA,ONAMET,EMCO,34.5,23.0,4.2,https://indomet.gob.do/wp-content/uploads/2025/07/temperaturas-extremas-y-precipitaciones-2025x07x29-b.pdf
2025-07-29,016,PONTÓN ABAJO (EMA),LA VEGA,MINISTERIO DE AGRICULTURA,EMAP,36.9,24.1,4.0,https://indomet.gob.do/wp-content/uploads/2025/07/temperaturas-extremas-y-precipitaciones-2025x07x29-b.pdf
2025-07-29,017,DAJABÓN,DAJABÓN,INSTITUTO POLITÉCNICO LOYOLA,EMCO,34.5,19.3,3.2,https://indomet.gob.do/wp-content/uploads/2025/07/temperaturas-extremas-y-precipitaciones-2025x07x29-b.pdf
2025-07-29,018,PERALTA,AZUA,HOSP. MPAL. DE PERALTA,EMCO,33.1,19.0,1.8,https://indomet.gob.do/wp-content/uploads/2025/07/temperaturas-extremas-y-precipitaciones-2025x07x29-b.pdf
2025-07-29,019,HONDO VALLE,ELÍAS PIÑA,MINISTERIO DE AGRICULTURA,EMCO,29.9,18.6,1.6,https://indomet.gob.do/wp-content/uploads/2025/07/temperaturas-extremas-y-precipitaciones-2025x07x29-b.pdf
2025-07-29,020,RESTAURACIÓN,DAJABÓN,MINISTERIO DE AGRICULTURA,EMCO,31.4,18.1,1.4,https://indomet.gob.do/wp-content/uploads/2025/07/temperaturas-extremas-y-precipitaciones-2025x07x29-b.pdf
2025-07-29,021,CONSTANZA (EMA),LA VEGA,PROGRAMA MUNDIAL DE ALIMENTO,EMAP,28.2,14.2,0.6,https://indomet.gob.do/wp-content/uploads/2025/07/temperaturas-extremas-y-precipitaciones-2025x07x29-b.pdf
2025-07-29,022,CONSTANZA,LA VEGA,MINISTERIO DE AGRICULTURA,EMCO,29.0,17.0,0.5,https://indomet.gob.do/wp-content/uploads/2025/07/temperaturas-extremas-y-precipitaciones-2025x07x29-b.pdf
2025-07-29,023,SABANA DE LA MAR,HATO MAYOR,ONAMET,EMCO,32.0,23.0,0.3,https://indomet.gob.do/wp-content/uploads/2025/07/temperaturas-extremas-y-precipitaciones-2025x07x29-b.pdf
2025-07-29,024,RANCHO ARRIBA,SAN JOSÉ DE OCOA,CENTRO TECNOLÓGICO COMUNITARIO,EMCO,33.5,18.8,0.1,https://indomet.gob.do/wp-content/uploads/2025/07/temperaturas-extremas-y-precipitaciones-2025x07x29-b.pdf
2025-07-29,025,SAN JOSÉ DE OCOA,SAN JOSÉ DE OCOA,HOSP. SAN JOSÉ DE OCOA,EMCO,30.4,21.7,0.1,https://indomet.gob.do/wp-content/uploads/2025/07/temperaturas-extremas-y-precipitaciones-2025x07x29-b.pdf
2025-07-29,026,ALTAMIRA,PUERTO PLATA,HOSP. MPAL. DE ALTAMIRA,EMCO,35.4,22.4,0.0,https://indomet.gob.do/wp-content/uploads/2025/07/temperaturas-extremas-y-precipitaciones-2025x07x29-b.pdf
2025-07-29,027,ANAMUYA (EMA),LA ALTAGRACIA,MINISTERIO DE AGRICULTURA,EMAP,33.7,25.2,0.0,https://indomet.gob.do/wp-content/uploads/2025/07/temperaturas-extremas-y-precipitaciones-2025x07x29-b.pdf
2025-07-29,028,ARPT. ARROYO BARRIL,SAMANÁ,ONAMET,EMCO,33.5,24.5,0.0,https://indomet.gob.do/wp-content/uploads/2025/07/temperaturas-extremas-y-precipitaciones-2025x07x29-b.pdf
2025-07-29,029,ARPT. DE LA ROMANA,LA ROMANA,ONAMET,EMCO,34.0,23.0,0.0,https://indomet.gob.do/wp-content/uploads/2025/07/temperaturas-extremas-y-precipitaciones-2025x07x29-b.pdf
2025-07-29,030,ARPT. DE LAS AMÉRICAS,SANTO DOMINGO,ONAMET,EMCO,32.2,22.9,0.0,https://indomet.gob.do/wp-content/uploads/2025/07/temperaturas-extremas-y-precipitaciones-2025x07x29-b.pdf
2025-07-29,031,ARPT. DE PUNTA CANA,LA ALTAGRACIA,ONAMET,EMCO,32.4,22.7,0.0,https://indomet.gob.do/wp-content/uploads/2025/07/temperaturas-extremas-y-precipitaciones-2025x07x29-b.pdf
2025-07-29,032,ARPT. DEL CIBAO,SANTIAGO,ONAMET,EMCO,35.8,22.7,0.0,https://indomet.gob.do/wp-content/uploads/2025/07/temperaturas-extremas-y-precipitaciones-2025x07x29-b.pdf
2025-07-29,033,ARPT. EL CATEY,SAMANÁ,ONAMET,EMCO,31.0,23.5,0.0,https://indomet.gob.do/wp-content/uploads/2025/07/temperaturas-extremas-y-precipitaciones-2025x07x29-b.pdf
2025-07-29,034,ARPT. GREGORIO LUPERÓN,PUERTO PLATA,ONAMET,EMCO,33.5,23.5,0.0,https://indomet.gob.do/wp-content/uploads/2025/07/temperaturas-extremas-y-precipitaciones-2025x07x29-b.pdf
2025-07-29,035,ARPT. LA ISABELA,SANTO DOMINGO,ONAMET,EMCO,34.5,23.0,0.0,https://indomet.gob.do/wp-content/uploads/2025/07/temperaturas-extremas-y-precipitaciones-2025x07x29-b.pdf
2025-07-29,036,ARPT. MARÍA MONTEZ,BARAHONA,ONAMET,EMCO,34.4,26.9,0.0,https://indomet.gob.do/wp-content/uploads/2025/07/temperaturas-extremas-y-precipitaciones-2025x07x29-b.pdf
2025-07-29,037,BOCA DE MAO (EMA),VALVERDE,MINISTERIO DE AGRICULTURA,EMAP,38.9,23.3,0.0,https://indomet.gob.do/wp-content/uploads/2025/07/temperaturas-extremas-y-precipitaciones-2025x07x29-b.pdf
2025-07-29,038,BOHECHÍO,SAN JUAN,MINISTERIO DE AGRICULTURA,EMCV,,,0.0,https://indomet.gob.do/wp-content/uploads/2025/07/temperaturas-extremas-y-precipitaciones-2025x07x29-b.pdf
2025-07-29,039,CABRAL,BARAHONA,MINISTERIO DE AGRICULTURA,EMCV,36.4,25.0,0.0,https://indomet.gob.do/wp-content/uploads/2025/07/temperaturas-extremas-y-precipitaciones-2025x07x29-b.pdf
2025-07-29,040,CABRERA,MARÍA TRINIDAD SÁNCHEZ,ESCUELA ARÍSTIDES FIALLO CABRAL,EMCO,34.2,26.0,0.0,https://indomet.gob.do/wp-content/uploads/2025/07/temperaturas-extremas-y-precipitaciones-2025x07x29-b.pdf
2025-07-29,041,CENTRO DE LOS HEROES (EMA),DISTRITO NACIONAL,MINISTERIO DE ENERGIA Y MINA,EMAP,32.3,26.9,0.0,https://indomet.gob.do/wp-content/uploads/2025/07/temperaturas-extremas-y-precipitaciones-2025x07x29-b.pdf
2025-07-29,042,EL CERCADO,SAN JUAN,MINISTERIO DE AGRICULTURA,EMCV,,,0.0,https://indomet.gob.do/wp-content/uploads/2025/07/temperaturas-extremas-y-precipitaciones-2025x07x29-b.pdf
2025-07-29,043,LA GUAYIGA (EMA),SAN CRISTÓBAL,PRIVADA,EMAP,,,0.0,https://indomet.gob.do/wp-content/uploads/2025/07/temperaturas-extremas-y-precipitaciones-2025x07x29-b.pdf
2025-07-29,044,ENRIQUILLO,BARAHONA,MINISTERIO DE AGRICULTURA,EMCV,34.0,25.5,0.0,https://indomet.gob.do/wp-content/uploads/2025/07/temperaturas-extremas-y-precipitaciones-2025x07x29-b.pdf
2025-07-29,045,ESCONDIDO,PERAVIA,MINISTERIO DE AGRICULTURA,EMCV,34.0,26.0,0.0,https://indomet.gob.do/wp-content/uploads/2025/07/temperaturas-extremas-y-precipitaciones-2025x07x29-b.pdf
2025-07-29,046,GASPAR HERNÁNDEZ,ESPAILLAT,PROPIEDAD DEL EMPLEADO,EMCO,,,0.0,https://indomet.gob.do/wp-content/uploads/2025/07/temperaturas-extremas-y-precipitaciones-2025x07x29-b.pdf
2025-07-29,047,GURABO,SANTIAGO,MINISTERIO DE AGRICULTURA,EMCV,,,0.0,https://indomet.gob.do/wp-content/uploads/2025/07/temperaturas-extremas-y-precipitaciones-2025x07x29-b.pdf
2025-07-29,048,JARABACOA,LA VEGA,INDRHI / MARENA,EMCO,33.6,18.4,0.0,https://indomet.gob.do/wp-content/uploads/2025/07/temperaturas-extremas-y-precipitaciones-2025x07x29-b.pdf
2025-07-29,049,JARABACOA (EMA),LA VEGA,PROGRAMA MUNDIAL DE ALIMENTO,EMAP,33.0,19.6,0.0,https://indomet.gob.do/wp-content/uploads/2025/07/temperaturas-extremas-y-precipitaciones-2025x07x29-b.pdf
2025-07-29,050,JIMANÍ,INDEPENDENCIA,MINISTERIO DE AGRICULTURA,EMCO,38.8,27.0,0.0,https://indomet.gob.do/wp-content/uploads/2025/07/temperaturas-extremas-y-precipitaciones-2025x07x29-b.pdf
2025-07-29,051,LA VICTORIA,SANTO DOMINGO,CUERPO DE BOMBEROS,EMCO,35.0,24.0,0.0,https://indomet.gob.do/wp-content/uploads/2025/07/temperaturas-extremas-y-precipitaciones-2025x07x29-b.pdf
2025-07-29,052,LAS CANAS (EMA),MONTE CRISTI,PROGRAMA MUNDIAL DE ALIMENTO,EMAP,31.9,22.8,0.0,https://indomet.gob.do/wp-content/uploads/2025/07/temperaturas-extremas-y-precipitaciones-2025x07x29-b.pdf
2025-07-29,053,LAS MATAS DE SANTA CRUZ (EMA,MONTE CRISTI,PROGRAMA MUNDIAL DE ALIMENTO,EMAP,37.4,22.9,0.0,https://indomet.gob.do/wp-content/uploads/2025/07/temperaturas-extremas-y-precipitaciones-2025x07x29-b.pdf
2025-07-29,054,LOS JENGIBRES,NAGUA,INDRHI,EMCO,,,0.0,https://indomet.gob.do/wp-content/uploads/2025/07/temperaturas-extremas-y-precipitaciones-2025x07x29-b.pdf
2025-07-29,055,LOS LLANOS,SAN PEDRO DE MACORÍS,MINISTERIO DE AGRICULTURA,EMCO,33.7,23.2,0.0,https://indomet.gob.do/wp-content/uploads/2025/07/temperaturas-extremas-y-precipitaciones-2025x07x29-b.pdf
2025-07-29,056,LOS TRES CHARCOS (EMA),PEDERNALES,PROPIEDAD DEL VOLUNTARIO,EMAP,35.3,23.6,0.0,https://indomet.gob.do/wp-content/uploads/2025/07/temperaturas-extremas-y-precipitaciones-2025x07x29-b.pdf
2025-07-29,057,MAO,VALVERDE,INDRHI / MINISTERIO DE AGRICULTURA,EMCV,,,0.0,https://indomet.gob.do/wp-content/uploads/2025/07/temperaturas-extremas-y-precipitaciones-2025x07x29-b.pdf
2025-07-29,058,MONTE CRISTI,MONTE CRISTI,ONAMET,EMCO,35.0,26.0,0.0,https://indomet.gob.do/wp-content/uploads/2025/07/temperaturas-extremas-y-precipitaciones-2025x07x29-b.pdf
2025-07-29,059,NAVARRETE,SANTIAGO,MINISTERIO DE AGRICULTURA,EMCV,,,0.0,https://indomet.gob.do/wp-content/uploads/2025/07/temperaturas-extremas-y-precipitaciones-2025x07x29-b.pdf
2025-07-29,060,OLIVARES,PEDERNALES,INDRHI,EMCO,,,0.0,https://indomet.gob.do/wp-content/uploads/2025/07/temperaturas-extremas-y-precipitaciones-2025x07x29-b.pdf
2025-07-29,061,OVIEDO,PEDERNALES,CLÍNICA RURAL OVIEDO,EMCO,35.0,25.0,0.0,https://indomet.gob.do/wp-content/uploads/2025/07/temperaturas-extremas-y-precipitaciones-2025x07x29-b.pdf
2025-07-29,062,PALO ÍNDIO,PUERTO PLATA,MINISTERIO DE AGRICULTURA,EMCO,,,0.0,https://indomet.gob.do/wp-content/uploads/2025/07/temperaturas-extremas-y-precipitaciones-2025x07x29-b.pdf
2025-07-29,063,PASO AL MEDIO,SAN PEDRO DE MACORÍS,INDRHI,EMCO,,,0.0,https://indomet.gob.do/wp-content/uploads/2025/07/temperaturas-extremas-y-precipitaciones-2025x07x29-b.pdf
2025-07-29,064,PEDERNALES,PEDERNALES,INDRHI,EMCO,,,0.0,https://indomet.gob.do/wp-content/uploads/2025/07/temperaturas-extremas-y-precipitaciones-2025x07x29-b.pdf
2025-07-29,065,PESCADERIA (EMA),BARAHONA,MINISTERIO DE AGRICULTURA,EMAP,35.8,25.1,0.0,https://indomet.gob.do/wp-content/uploads/2025/07/temperaturas-extremas-y-precipitaciones-2025x07x29-b.pdf
2025-07-29,066,POLO,BARAHONA,INDOCAFE,EMCO,32.0,17.6,0.0,https://indomet.gob.do/wp-content/uploads/2025/07/temperaturas-extremas-y-precipitaciones-2025x07x29-b.pdf
2025-07-29,067,SALCEDO,HERMANAS MIRABAL,PROPIEDAD DEL EMPLEADO,EMCO,,,0.0,https://indomet.gob.do/wp-content/uploads/2025/07/temperaturas-extremas-y-precipitaciones-2025x07x29-b.pdf
2025-07-29,068,SAMANÁ,SAMANÁ,COMANDANCIA DE PUERTO DE SAMANÁ,EMCO,34.2,23.7,0.0,https://indomet.gob.do/wp-content/uploads/2025/07/temperaturas-extremas-y-precipitaciones-2025x07x29-b.pdf
2025-07-29,069,SAN FRANCISCO DE MACORÍS,DUARTE,San Francisco de Macorís (UASD),EMCO,34.2,23.7,0.0,https://indomet.gob.do/wp-content/uploads/2025/07/temperaturas-extremas-y-precipitaciones-2025x07x29-b.pdf
2025-07-29,070,TAMBORIL,SANTIAGO,MINISTERIO DE AGRICULTURA,EMCV,,,0.0,https://indomet.gob.do/wp-content/uploads/2025/07/temperaturas-extremas-y-precipitaciones-2025x07x29-b.pdf
2025-07-29,071,VALLE NUEVO (EMA),LA VEGA,MARENA,EMAO,22.8,13.6,0.0,https://indomet.gob.do/wp-content/uploads/2025/07/temperaturas-extremas-y-precipitaciones-2025x07x29-b.pdf
2025-07-29,072,VILLA GONZALES,SANTIAGO,MINISTERIO DE AGRICULTURA,EMCO,,,0.0,https://indomet.gob.do/wp-content/uploads/2025/07/temperaturas-extremas-y-precipitaciones-2025x07x29-b.pdf
2025-07-29,073,VILLA ISABELA,PUERTO PLATA,MINISTERIO DE AGRICULTURA,EMCV,,,0.0,https://indomet.gob.do/wp-content/uploads/2025/07/temperaturas-extremas-y-precipitaciones-2025x07x29-b.pdf
2025-07-29,074,VILLA RIVA,DUARTE,HOSP. MPAL. ALICIA DE LEGENDRE,EMCO,32.7,23.5,0.0,https://indomet.gob.do/wp-content/uploads/2025/07/temperaturas-extremas-y-precipitaciones-2025x07x29-b.pdf
2025-07-30,001,ELÍAS PIÑA,ELÍAS PIÑA,MINISTERIO DE AGRICULTURA,EMCV,,,52.8,https://indomet.gob.do/wp-content/uploads/2025/07/temperaturas-extremas-y-precipitaciones-2025x07x30-a.pdf
2025-07-30,002,EL CERCADO,SAN JUAN,MINISTERIO DE AGRICULTURA,EMCV,,,50.1,https://indomet.gob.do/wp-content/uploads/2025/07/temperaturas-extremas-y-precipitaciones-2025x07x30-a.pdf
2025-07-30,003,ARROYO LORO,SAN JUAN,IDIAF,EMCO,35.0,20.6,29.5,https://indomet.gob.do/wp-content/uploads/2025/07/temperaturas-extremas-y-precipitaciones-2025x07x30-a.pdf
2025-07-30,004,LOS LLANOS,SAN PEDRO DE MACORÍS,MINISTERIO DE AGRICULTURA,EMCO,33.4,22.5,27.4,https://indomet.gob.do/wp-content/uploads/2025/07/temperaturas-extremas-y-precipitaciones-2025x07x30-a.pdf
2025-07-30,005,LA VICTORIA,SANTO DOMINGO,CUERPO DE BOMBEROS,EMCO,31.0,23.2,17.2,https://indomet.gob.do/wp-content/uploads/2025/07/temperaturas-extremas-y-precipitaciones-2025x07x30-a.pdf
2025-07-30,006,ARPT. ARROYO BARRIL,SAMANÁ,ONAMET,EMCO,33.0,24.5,14.5,https://indomet.gob.do/wp-content/uploads/2025/07/temperaturas-extremas-y-precipitaciones-2025x07x30-a.pdf
2025-07-30,007,BAYAGUANA,MONTE PLATA,ONAMET,EMCO,33.8,22.5,9.6,https://indomet.gob.do/wp-content/uploads/2025/07/temperaturas-extremas-y-precipitaciones-2025x07x30-a.pdf
2025-07-30,008,HONDO VALLE,ELÍAS PIÑA,MINISTERIO DE AGRICULTURA,EMCO,27.5,18.0,9.6,https://indomet.gob.do/wp-content/uploads/2025/07/temperaturas-extremas-y-precipitaciones-2025x07x30-a.pdf
2025-07-30,009,GURABO,SANTIAGO,MINISTERIO DE AGRICULTURA,EMCV,,,5.6,https://indomet.gob.do/wp-content/uploads/2025/07/temperaturas-extremas-y-precipitaciones-2025x07x30-a.pdf
2025-07-30,010,OLIVARES,PEDERNALES,INDRHI,EMCO,,,4.5,https://indomet.gob.do/wp-content/uploads/2025/07/temperaturas-extremas-y-precipitaciones-2025x07x30-a.pdf
2025-07-30,011,MAO,VALVERDE,INDRHI / MINISTERIO DE AGRICULTURA,EMCV,,,4.3,https://indomet.gob.do/wp-content/uploads/2025/07/temperaturas-extremas-y-precipitaciones-2025x07x30-a.pdf
2025-07-30,012,VILLA ALTAGRACIA,SAN CRISTÓBAL,ESCUELA JAVIER ANGULO GURIDI,EMCO,,,3.7,https://indomet.gob.do/wp-content/uploads/2025/07/temperaturas-extremas-y-precipitaciones-2025x07x30-a.pdf
2025-07-30,013,BOCA DE MAO (EMA),VALVERDE,MINISTERIO DE AGRICULTURA,EMAP,37.6,23.8,3.6,https://indomet.gob.do/wp-content/uploads/2025/07/temperaturas-extremas-y-precipitaciones-2025x07x30-a.pdf
2025-07-30,014,RESTAURACIÓN,DAJABÓN,MINISTERIO DE AGRICULTURA,EMCO,31.9,18.7,3.6,https://indomet.gob.do/wp-content/uploads/2025/07/temperaturas-extremas-y-precipitaciones-2025x07x30-a.pdf
2025-07-30,015,SAMANÁ,SAMANÁ,COMANDANCIA DE PUERTO DE SAMANÁ,EMCO,34.4,23.4,2.6,https://indomet.gob.do/wp-content/uploads/2025/07/temperaturas-extremas-y-precipitaciones-2025x07x30-a.pdf
2025-07-30,016,ARPT. LA ISABELA,SANTO DOMINGO,ONAMET,EMCO,34.5,23.5,2.5,https://indomet.gob.do/wp-content/uploads/2025/07/temperaturas-extremas-y-precipitaciones-2025x07x30-a.pdf
2025-07-30,017,SÁNCHEZ,SAMANÁ,MINISTERIO DE AGRICULTURA,EMCO,33.1,22.5,2.2,https://indomet.gob.do/wp-content/uploads/2025/07/temperaturas-extremas-y-precipitaciones-2025x07x30-a.pdf
2025-07-30,018,PONTÓN ABAJO (EMA),LA VEGA,MINISTERIO DE AGRICULTURA,EMAP,35.8,23.2,1.4,https://indomet.gob.do/wp-content/uploads/2025/07/temperaturas-extremas-y-precipitaciones-2025x07x30-a.pdf
2025-07-30,019,ARPT. DE LAS AMÉRICAS,SANTO DOMINGO,ONAMET,EMCO,32.0,23.0,1.0,https://indomet.gob.do/wp-content/uploads/2025/07/temperaturas-extremas-y-precipitaciones-2025x07x30-a.pdf
2025-07-30,020,PEDERNALES,PEDERNALES,INDRHI,EMCO,,,0.5,https://indomet.gob.do/wp-content/uploads/2025/07/temperaturas-extremas-y-precipitaciones-2025x07x30-a.pdf
2025-07-30,021,BONAO,MONSEÑOR NOUEL,MINISTERIO DE AGRICULTURA,EMCV,,,0.3,https://indomet.gob.do/wp-content/uploads/2025/07/temperaturas-extremas-y-precipitaciones-2025x07x30-a.pdf
2025-07-30,022,LOS TRES CHARCOS (EMA),PEDERNALES,PROPIEDAD DEL VOLUNTARIO,EMAP,35.2,25.3,0.2,https://indomet.gob.do/wp-content/uploads/2025/07/temperaturas-extremas-y-precipitaciones-2025x07x30-a.pdf
2025-07-30,023,JARDÍN BOTÁNICO NACIONAL,DISTRITO NACIONAL,JARDÍN BOTÁNICO NACIONAL,EMCV,30.4,22.2,0.1,https://indomet.gob.do/wp-content/uploads/2025/07/temperaturas-extremas-y-precipitaciones-2025x07x30-a.pdf
2025-07-30,024,SANTO DOMINGO ESTE,SANTO DOMINGO,ONAMET,EMCO,32.6,26.2,0.1,https://indomet.gob.do/wp-content/uploads/2025/07/temperaturas-extremas-y-precipitaciones-2025x07x30-a.pdf
2025-07-30,025,ALTAMIRA,PUERTO PLATA,HOSP. MPAL. DE ALTAMIRA,EMCO,35.0,20.7,0.0,https://indomet.gob.do/wp-content/uploads/2025/07/temperaturas-extremas-y-precipitaciones-2025x07x30-a.pdf
2025-07-30,026,ANAMUYA (EMA),LA ALTAGRACIA,MINISTERIO DE AGRICULTURA,EMAP,33.9,24.9,0.0,https://indomet.gob.do/wp-content/uploads/2025/07/temperaturas-extremas-y-precipitaciones-2025x07x30-a.pdf
2025-07-30,027,ARPT. DE LA ROMANA,LA ROMANA,ONAMET,EMCO,35.2,22.7,0.0,https://indomet.gob.do/wp-content/uploads/2025/07/temperaturas-extremas-y-precipitaciones-2025x07x30-a.pdf
2025-07-30,028,ARPT. DE PUNTA CANA,LA ALTAGRACIA,ONAMET,EMCO,32.0,23.6,0.0,https://indomet.gob.do/wp-content/uploads/2025/07/temperaturas-extremas-y-precipitaciones-2025x07x30-a.pdf
2025-07-30,029,ARPT. DEL CIBAO,SANTIAGO,ONAMET,EMCO,35.8,20.9,0.0,https://indomet.gob.do/wp-content/uploads/2025/07/temperaturas-extremas-y-precipitaciones-2025x07x30-a.pdf
2025-07-30,030,ARPT. GREGORIO LUPERÓN,PUERTO PLATA,ONAMET,EMCO,33.6,24.4,0.0,https://indomet.gob.do/wp-content/uploads/2025/07/temperaturas-extremas-y-precipitaciones-2025x07x30-a.pdf
2025-07-30,031,ARPT. MARÍA MONTEZ,BARAHONA,ONAMET,EMCO,34.4,25.5,0.0,https://indomet.gob.do/wp-content/uploads/2025/07/temperaturas-extremas-y-precipitaciones-2025x07x30-a.pdf
2025-07-30,032,BANI (EMA),PERAVIA,MINISTERIO DE AGRICULTURA,EMAP,35.2,26.3,0.0,https://indomet.gob.do/wp-content/uploads/2025/07/temperaturas-extremas-y-precipitaciones-2025x07x30-a.pdf
2025-07-30,033,BASE AÉREA DE SAN ISIDRO,SANTO DOMINGO,FUERZA AÉREA DOMINICANA,EMCV,31.9,23.4,0.0,https://indomet.gob.do/wp-content/uploads/2025/07/temperaturas-extremas-y-precipitaciones-2025x07x30-a.pdf
2025-07-30,034,CABRAL,BARAHONA,MINISTERIO DE AGRICULTURA,EMCV,36.5,24.8,0.0,https://indomet.gob.do/wp-content/uploads/2025/07/temperaturas-extremas-y-precipitaciones-2025x07x30-a.pdf
2025-07-30,035,CABRERA,MARÍA TRINIDAD SÁNCHEZ,ESCUELA ARÍSTIDES FIALLO CABRAL,EMCO,33.8,26.5,0.0,https://indomet.gob.do/wp-content/uploads/2025/07/temperaturas-extremas-y-precipitaciones-2025x07x30-a.pdf
2025-07-30,036,CENTRO DE LOS HEROES (EMA),DISTRITO NACIONAL,MINISTERIO DE ENERGIA Y MINA,EMAP,31.8,26.7,0.0,https://indomet.gob.do/wp-content/uploads/2025/07/temperaturas-extremas-y-precipitaciones-2025x07x30-a.pdf
2025-07-30,037,CONSTANZA,LA VEGA,MINISTERIO DE AGRICULTURA,EMCO,28.6,12.2,0.0,https://indomet.gob.do/wp-content/uploads/2025/07/temperaturas-extremas-y-precipitaciones-2025x07x30-a.pdf
2025-07-30,038,CONSTANZA (EMA),LA VEGA,PROGRAMA MUNDIAL DE ALIMENTO,EMAP,27.6,13.1,0.0,https://indomet.gob.do/wp-content/uploads/2025/07/temperaturas-extremas-y-precipitaciones-2025x07x30-a.pdf
2025-07-30,039,COTUÍ,SÁNCHEZ RAMÍREZ,HOSP. INMACULADA CONCEPCIÓN,EMCV,,,0.0,https://indomet.gob.do/wp-content/uploads/2025/07/temperaturas-extremas-y-precipitaciones-2025x07x30-a.pdf
2025-07-30,040,DAJABÓN,DAJABÓN,INSTITUTO POLITÉCNICO LOYOLA,EMCO,35.0,20.0,0.0,https://indomet.gob.do/wp-content/uploads/2025/07/temperaturas-extremas-y-precipitaciones-2025x07x30-a.pdf
2025-07-30,041,LA GUAYIGA (EMA),SAN CRISTÓBAL,PRIVADA,EMAP,,,0.0,https://indomet.gob.do/wp-content/uploads/2025/07/temperaturas-extremas-y-precipitaciones-2025x07x30-a.pdf
2025-07-30,042,ENRIQUILLO,BARAHONA,MINISTERIO DE AGRICULTURA,EMCV,34.5,26.8,0.0,https://indomet.gob.do/wp-content/uploads/2025/07/temperaturas-extremas-y-precipitaciones-2025x07x30-a.pdf
2025-07-30,043,ESCONDIDO,PERAVIA,MINISTERIO DE AGRICULTURA,EMCV,34.0,25.0,0.0,https://indomet.gob.do/wp-content/uploads/2025/07/temperaturas-extremas-y-precipitaciones-2025x07x30-a.pdf
2025-07-30,044,GASPAR HERNÁNDEZ,ESPAILLAT,PROPIEDAD DEL EMPLEADO,EMCO,,,0.0,https://indomet.gob.do/wp-content/uploads/2025/07/temperaturas-extremas-y-precipitaciones-2025x07x30-a.pdf
2025-07-30,045,HIGÜEY,LA ALTAGRACIA,MINISTERIO DE AGRICULTURA,EMCV,,,0.0,https://indomet.gob.do/wp-content/uploads/2025/07/temperaturas-extremas-y-precipitaciones-2025x07x30-a.pdf
2025-07-30,046,JARABACOA,LA VEGA,INDRHI / MARENA,EMCO,34.0,16.8,0.0,https://indomet.gob.do/wp-content/uploads/2025/07/temperaturas-extremas-y-precipitaciones-2025x07x30-a.pdf
2025-07-30,047,JARABACOA (EMA),LA VEGA,PROGRAMA MUNDIAL DE ALIMENTO,EMAP,32.9,18.1,0.0,https://indomet.gob.do/wp-content/uploads/2025/07/temperaturas-extremas-y-precipitaciones-2025x07x30-a.pdf
2025-07-30,048,JIMANÍ,INDEPENDENCIA,MINISTERIO DE AGRICULTURA,EMCO,38.8,26.6,0.0,https://indomet.gob.do/wp-content/uploads/2025/07/temperaturas-extremas-y-precipitaciones-2025x07x30-a.pdf
2025-07-30,049,LA VEGA,LA VEGA,IATESA,EMCO,34.5,23.5,0.0,https://indomet.gob.do/wp-content/uploads/2025/07/temperaturas-extremas-y-precipitaciones-2025x07x30-a.pdf
2025-07-30,050,LAS CANAS (EMA),MONTE CRISTI,PROGRAMA MUNDIAL DE ALIMENTO,EMAP,31.9,23.9,0.0,https://indomet.gob.do/wp-content/uploads/2025/07/temperaturas-extremas-y-precipitaciones-2025x07x30-a.pdf
2025-07-30,051,LAS MATAS DE SANTA CRUZ (EMA,MONTE CRISTI,PROGRAMA MUNDIAL DE ALIMENTO,EMAP,36.3,24.7,0.0,https://indomet.gob.do/wp-content/uploads/2025/07/temperaturas-extremas-y-precipitaciones-2025x07x30-a.pdf
2025-07-30,052,LOS JENGIBRES,NAGUA,INDRHI,EMCO,,,0.0,https://indomet.gob.do/wp-content/uploads/2025/07/temperaturas-extremas-y-precipitaciones-2025x07x30-a.pdf
2025-07-30,053,MONCIÓN (EMA),SANTIAGO RODRÍGUEZ,PROGRAMA MUNDIAL DE ALIMENTO,EMAP,34.8,20.0,0.0,https://indomet.gob.do/wp-content/uploads/2025/07/temperaturas-extremas-y-precipitaciones-2025x07x30-a.pdf
2025-07-30,054,MONTE CRISTI,MONTE CRISTI,ONAMET,EMCO,34.7,24.7,0.0,https://indomet.gob.do/wp-content/uploads/2025/07/temperaturas-extremas-y-precipitaciones-2025x07x30-a.pdf
2025-07-30,055,NAVARRETE,SANTIAGO,MINISTERIO DE AGRICULTURA,EMCV,,,0.0,https://indomet.gob.do/wp-content/uploads/2025/07/temperaturas-extremas-y-precipitaciones-2025x07x30-a.pdf
2025-07-30,056,OVIEDO,PEDERNALES,CLÍNICA RURAL OVIEDO,EMCO,35.0,27.0,0.0,https://indomet.gob.do/wp-content/uploads/2025/07/temperaturas-extremas-y-precipitaciones-2025x07x30-a.pdf
2025-07-30,057,PADRE LAS CASAS,AZUA,HOSP. NTRA. SRA. DEL CARMEN,EMCO,32.5,20.2,0.0,https://indomet.gob.do/wp-content/uploads/2025/07/temperaturas-extremas-y-precipitaciones-2025x07x30-a.pdf
2025-07-30,058,PALO ÍNDIO,PUERTO PLATA,MINISTERIO DE AGRICULTURA,EMCO,,,0.0,https://indomet.gob.do/wp-content/uploads/2025/07/temperaturas-extremas-y-precipitaciones-2025x07x30-a.pdf
2025-07-30,059,PARQUE MIRADOR SUR,DISTRITO NACIONAL,AYUNTAMIENTO,EMCV,34.0,23.0,0.0,https://indomet.gob.do/wp-content/uploads/2025/07/temperaturas-extremas-y-precipitaciones-2025x07x30-a.pdf
2025-07-30,060,PASO AL MEDIO,SAN PEDRO DE MACORÍS,INDRHI,EMCO,,,0.0,https://indomet.gob.do/wp-content/uploads/2025/07/temperaturas-extremas-y-precipitaciones-2025x07x30-a.pdf
2025-07-30,061,PERALTA,AZUA,HOSP. MPAL. DE PERALTA,EMCO,31.5,18.5,0.0,https://indomet.gob.do/wp-content/uploads/2025/07/temperaturas-extremas-y-precipitaciones-2025x07x30-a.pdf
2025-07-30,062,PESCADERIA (EMA),BARAHONA,MINISTERIO DE AGRICULTURA,EMAP,35.2,27.4,0.0,https://indomet.gob.do/wp-content/uploads/2025/07/temperaturas-extremas-y-precipitaciones-2025x07x30-a.pdf
2025-07-30,063,POLO,BARAHONA,INDOCAFE,EMCO,32.5,18.0,0.0,https://indomet.gob.do/wp-content/uploads/2025/07/temperaturas-extremas-y-precipitaciones-2025x07x30-a.pdf
2025-07-30,064,PRESA DE TAVERAS (EMA),LA VEGA,PROGRAMA MUNDIAL DE ALIMENTO,EMAP,32.7,21.8,0.0,https://indomet.gob.do/wp-content/uploads/2025/07/temperaturas-extremas-y-precipitaciones-2025x07x30-a.pdf
2025-07-30,065,RANCHO ARRIBA,SAN JOSÉ DE OCOA,CENTRO TECNOLÓGICO COMUNITARIO,EMCO,32.8,16.9,0.0,https://indomet.gob.do/wp-content/uploads/2025/07/temperaturas-extremas-y-precipitaciones-2025x07x30-a.pdf
2025-07-30,066,RÍO SAN JUAN,MARÍA TRINIDAD SÁNCHEZ,HOSP. MPAL. DR. DESIDERIO ACOSTA,EMCV,35.8,24.0,0.0,https://indomet.gob.do/wp-content/uploads/2025/07/temperaturas-extremas-y-precipitaciones-2025x07x30-a.pdf
2025-07-30,067,SABANA DE LA MAR,HATO MAYOR,ONAMET,EMCO,32.5,22.5,0.0,https://indomet.gob.do/wp-content/uploads/2025/07/temperaturas-extremas-y-precipitaciones-2025x07x30-a.pdf
2025-07-30,068,SABANA GRANDE DE BOYÁ,MONTE PLATA,MINISTERIO DE AGRICULTURA,EMCV,,,0.0,https://indomet.gob.do/wp-content/uploads/2025/07/temperaturas-extremas-y-precipitaciones-2025x07x30-a.pdf
2025-07-30,069,SABANETA (EMA),SANTIAGO RODRÍGUEZ,PROGRAMA MUNDIAL DE ALIMENTO,EMAP,39.1,23.0,0.0,https://indomet.gob.do/wp-content/uploads/2025/07/temperaturas-extremas-y-precipitaciones-2025x07x30-a.pdf
2025-07-30,070,SALCEDO,HERMANAS MIRABAL,PROPIEDAD DEL EMPLEADO,EMCO,,,0.0,https://indomet.gob.do/wp-content/uploads/2025/07/temperaturas-extremas-y-precipitaciones-2025x07x30-a.pdf
2025-07-30,071,SAN CRISTÓBAL,SAN CRISTÓBAL,INSTITUTO POLITÉCNICO LOYOLA,EMCO,33.6,23.4,0.0,https://indomet.gob.do/wp-content/uploads/2025/07/temperaturas-extremas-y-precipitaciones-2025x07x30-a.pdf
2025-07-30,072,SAN FRANCISCO DE MACORÍS,DUARTE,San Francisco de Macorís (UASD),EMCO,34.2,24.3,0.0,https://indomet.gob.do/wp-content/uploads/2025/07/temperaturas-extremas-y-precipitaciones-2025x07x30-a.pdf
2025-07-30,073,SAN JOSÉ DE OCOA,SAN JOSÉ DE OCOA,HOSP. SAN JOSÉ DE OCOA,EMCO,34.3,21.5,0.0,https://indomet.gob.do/wp-content/uploads/2025/07/temperaturas-extremas-y-precipitaciones-2025x07x30-a.pdf
2025-07-30,074,SAN RAFAEL DEL YUMA,LA ALTAGRACIA,MINISTERIO DE AGRICULTURA,EMCO,36.5,24.9,0.0,https://indomet.gob.do/wp-content/uploads/2025/07/temperaturas-extremas-y-precipitaciones-2025x07x30-a.pdf
2025-07-30,075,SANTIAGO RODRÍGUEZ,SANTIAGO RODRÍGUEZ,ONAMET,EMCO,36.5,23.0,0.0,https://indomet.gob.do/wp-content/uploads/2025/07/temperaturas-extremas-y-precipitaciones-2025x07x30-a.pdf
2025-07-30,076,TÁBARA ABAJO,AZUA,INDRHI,EMCO,32.8,23.5,0.0,https://indomet.gob.do/wp-content/uploads/2025/07/temperaturas-extremas-y-precipitaciones-2025x07x30-a.pdf
2025-07-30,077,TAMBORIL,SANTIAGO,MINISTERIO DE AGRICULTURA,EMCV,,,0.0,https://indomet.gob.do/wp-content/uploads/2025/07/temperaturas-extremas-y-precipitaciones-2025x07x30-a.pdf
2025-07-30,078,TAVERA,SANTIAGO,INDRHI,EMCO,,,0.0,https://indomet.gob.do/wp-content/uploads/2025/07/temperaturas-extremas-y-precipitaciones-2025x07x30-a.pdf
2025-07-30,079,VALLE NUEVO (EMA),LA VEGA,MARENA,EMAO,22.4,15.3,0.0,https://indomet.gob.do/wp-content/uploads/2025/07/temperaturas-extremas-y-precipitaciones-2025x07x30-a.pdf
2025-07-30,080,VILLA GONZALES,SANTIAGO,MINISTERIO DE AGRICULTURA,EMCO,,,0.0,https://indomet.gob.do/wp-content/uploads/2025/07/temperaturas-extremas-y-precipitaciones-2025x07x30-a.pdf
2025-07-30,081,VILLA ISABELA,PUERTO PLATA,MINISTERIO DE AGRICULTURA,EMCV,,,0.0,https://indomet.gob.do/wp-content/uploads/2025/07/temperaturas-extremas-y-precipitaciones-2025x07x30-a.pdf
2025-07-30,082,VILLA RIVA,DUARTE,HOSP. MPAL. ALICIA DE LEGENDRE,EMCO,33.4,23.7,0.0,https://indomet.gob.do/wp-content/uploads/2025/07/temperaturas-extremas-y-precipitaciones-2025x07x30-a.pdf
2025-07-31,001,ARPT. LA ISABELA,,,,34.0,23.0,44.5,https://indomet.gob.do/wp-content/uploads/2025/08/temperaturas-extremas-y-precipitaciones-2025x07x31-a-1.pdf
2025-07-31,002,LA VICTORIA,,,,35.0,23.5,29.6,https://indomet.gob.do/wp-content/uploads/2025/08/temperaturas-extremas-y-precipitaciones-2025x07x31-a-1.pdf
2025-07-31,003,POLO,,,,31.0,19.5,10.0,https://indomet.gob.do/wp-content/uploads/2025/08/temperaturas-extremas-y-precipitaciones-2025x07x31-a-1.pdf
2025-07-31,004,SABANA DE LA MAR,,,,32.0,23.0,5.0,https://indomet.gob.do/wp-content/uploads/2025/08/temperaturas-extremas-y-precipitaciones-2025x07x31-a-1.pdf
2025-07-31,005,SÁNCHEZ,,,,33.0,22.6,5.0,https://indomet.gob.do/wp-content/uploads/2025/08/temperaturas-extremas-y-precipitaciones-2025x07x31-a-1.pdf
2025-07-31,006,JARDÍN BOTÁNICO NACIONAL,,,,30.6,23.7,4.0,https://indomet.gob.do/wp-content/uploads/2025/08/temperaturas-extremas-y-precipitaciones-2025x07x31-a-1.pdf
2025-07-31,007,OVIEDO,,,,35.0,24.0,4.0,https://indomet.gob.do/wp-content/uploads/2025/08/temperaturas-extremas-y-precipitaciones-2025x07x31-a-1.pdf
2025-07-31,008,SAMANÁ,,,,33.5,23.6,3.6,https://indomet.gob.do/wp-content/uploads/2025/08/temperaturas-extremas-y-precipitaciones-2025x07x31-a-1.pdf
2025-07-31,009,ELÍAS PIÑA,,,,,,2.8,https://indomet.gob.do/wp-content/uploads/2025/08/temperaturas-extremas-y-precipitaciones-2025x07x31-a-1.pdf
2025-07-31,010,LOS TRES CHARCOS (EMA),,,,33.8,24.0,2.2,https://indomet.gob.do/wp-content/uploads/2025/08/temperaturas-extremas-y-precipitaciones-2025x07x31-a-1.pdf
2025-07-31,011,ARPT. EL CATEY,,,,31.5,23.5,2.0,https://indomet.gob.do/wp-content/uploads/2025/08/temperaturas-extremas-y-precipitaciones-2025x07x31-a-1.pdf
2025-07-31,012,RÍO SAN JUAN,,,,35.8,24.4,1.4,https://indomet.gob.do/wp-content/uploads/2025/08/temperaturas-extremas-y-precipitaciones-2025x07x31-a-1.pdf
2025-07-31,013,ARPT. GREGORIO LUPERÓN,,,,33.0,23.0,0.8,https://indomet.gob.do/wp-content/uploads/2025/08/temperaturas-extremas-y-precipitaciones-2025x07x31-a-1.pdf
2025-07-31,014,LOS LLANOS,,,,34.2,23.0,0.8,https://indomet.gob.do/wp-content/uploads/2025/08/temperaturas-extremas-y-precipitaciones-2025x07x31-a-1.pdf
2025-07-31,015,ARPT. ARROYO BARRIL,,,,32.5,24.5,0.6,https://indomet.gob.do/wp-content/uploads/2025/08/temperaturas-extremas-y-precipitaciones-2025x07x31-a-1.pdf
2025-07-31,016,ARPT. DE PUNTA CANA,,,,32.2,24.0,0.6,https://indomet.gob.do/wp-content/uploads/2025/08/temperaturas-extremas-y-precipitaciones-2025x07x31-a-1.pdf
2025-07-31,017,HATO MAYOR,,,,,,0.5,https://indomet.gob.do/wp-content/uploads/2025/08/temperaturas-extremas-y-precipitaciones-2025x07x31-a-1.pdf
2025-07-31,018,JARABACOA,,,,33.2,18.0,0.5,https://indomet.gob.do/wp-content/uploads/2025/08/temperaturas-extremas-y-precipitaciones-2025x07x31-a-1.pdf
2025-07-31,019,JARABACOA (EMA),,,,32.3,19.9,0.4,https://indomet.gob.do/wp-content/uploads/2025/08/temperaturas-extremas-y-precipitaciones-2025x07x31-a-1.pdf
2025-07-31,020,SANTO DOMINGO ESTE,,,,32.6,25.5,0.4,https://indomet.gob.do/wp-content/uploads/2025/08/temperaturas-extremas-y-precipitaciones-2025x07x31-a-1.pdf
2025-07-31,021,RANCHO ARRIBA,,,,32.4,19.6,0.3,https://indomet.gob.do/wp-content/uploads/2025/08/temperaturas-extremas-y-precipitaciones-2025x07x31-a-1.pdf
2025-07-31,022,ANAMUYA (EMA),,,,33.5,24.1,0.2,https://indomet.gob.do/wp-content/uploads/2025/08/temperaturas-extremas-y-precipitaciones-2025x07x31-a-1.pdf
2025-07-31,023,PONTÓN ABAJO (EMA),,,,36.2,24.9,0.2,https://indomet.gob.do/wp-content/uploads/2025/08/temperaturas-extremas-y-precipitaciones-2025x07x31-a-1.pdf
2025-07-31,024,ARPT. DEL CIBAO,,,,35.5,22.8,0.1,https://indomet.gob.do/wp-content/uploads/2025/08/temperaturas-extremas-y-precipitaciones-2025x07x31-a-1.pdf
2025-07-31,025,CONSTANZA,,,,27.4,15.2,0.1,https://indomet.gob.do/wp-content/uploads/2025/08/temperaturas-extremas-y-precipitaciones-2025x07x31-a-1.pdf
2025-07-31,026,ALTAMIRA,,,,35.3,21.6,0.0,https://indomet.gob.do/wp-content/uploads/2025/08/temperaturas-extremas-y-precipitaciones-2025x07x31-a-1.pdf
2025-07-31,027,ARPT. DE LA ROMANA,,,,35.0,22.4,0.0,https://indomet.gob.do/wp-content/uploads/2025/08/temperaturas-extremas-y-precipitaciones-2025x07x31-a-1.pdf
2025-07-31,028,ARPT. DE LAS AMÉRICAS,,,,33.0,23.0,0.0,https://indomet.gob.do/wp-content/uploads/2025/08/temperaturas-extremas-y-precipitaciones-2025x07x31-a-1.pdf
2025-07-31,029,ARPT. MARÍA MONTEZ,,,,34.2,27.5,0.0,https://indomet.gob.do/wp-content/uploads/2025/08/temperaturas-extremas-y-precipitaciones-2025x07x31-a-1.pdf
2025-07-31,030,ARROYO LORO,,,,34.0,19.0,0.0,https://indomet.gob.do/wp-content/uploads/2025/08/temperaturas-extremas-y-precipitaciones-2025x07x31-a-1.pdf
2025-07-31,031,BASE AÉREA DE SAN ISIDRO,,,,32.5,23.5,0.0,https://indomet.gob.do/wp-content/uploads/2025/08/temperaturas-extremas-y-precipitaciones-2025x07x31-a-1.pdf
2025-07-31,032,BAYAGUANA,,,,34.0,22.2,0.0,https://indomet.gob.do/wp-content/uploads/2025/08/temperaturas-extremas-y-precipitaciones-2025x07x31-a-1.pdf
2025-07-31,033,BOCA DE MAO (EMA),,,,37.8,25.1,0.0,https://indomet.gob.do/wp-content/uploads/2025/08/temperaturas-extremas-y-precipitaciones-2025x07x31-a-1.pdf
2025-07-31,034,BONAO,,,,,,0.0,https://indomet.gob.do/wp-content/uploads/2025/08/temperaturas-extremas-y-precipitaciones-2025x07x31-a-1.pdf
2025-07-31,035,CABRAL,,,,35.5,26.0,0.0,https://indomet.gob.do/wp-content/uploads/2025/08/temperaturas-extremas-y-precipitaciones-2025x07x31-a-1.pdf
2025-07-31,036,CABRERA,,,,34.0,26.5,0.0,https://indomet.gob.do/wp-content/uploads/2025/08/temperaturas-extremas-y-precipitaciones-2025x07x31-a-1.pdf
2025-07-31,037,CENTRO DE LOS HEROES (EMA),,,,32.3,26.6,0.0,https://indomet.gob.do/wp-content/uploads/2025/08/temperaturas-extremas-y-precipitaciones-2025x07x31-a-1.pdf
2025-07-31,038,DAJABÓN,,,,34.3,22.1,0.0,https://indomet.gob.do/wp-content/uploads/2025/08/temperaturas-extremas-y-precipitaciones-2025x07x31-a-1.pdf
2025-07-31,039,ENRIQUILLO,,,,34.5,25.3,0.0,https://indomet.gob.do/wp-content/uploads/2025/08/temperaturas-extremas-y-precipitaciones-2025x07x31-a-1.pdf
2025-07-31,040,ESCONDIDO,,,,34.0,26.0,0.0,https://indomet.gob.do/wp-content/uploads/2025/08/temperaturas-extremas-y-precipitaciones-2025x07x31-a-1.pdf
2025-07-31,041,GURABO,,,,,,0.0,https://indomet.gob.do/wp-content/uploads/2025/08/temperaturas-extremas-y-precipitaciones-2025x07x31-a-1.pdf
2025-07-31,042,HIGÜEY,,,,,,0.0,https://indomet.gob.do/wp-content/uploads/2025/08/temperaturas-extremas-y-precipitaciones-2025x07x31-a-1.pdf
2025-07-31,043,HONDO VALLE,,,,27.4,18.1,0.0,https://indomet.gob.do/wp-content/uploads/2025/08/temperaturas-extremas-y-precipitaciones-2025x07x31-a-1.pdf
2025-07-31,044,JIMANÍ,,,,38.6,26.5,0.0,https://indomet.gob.do/wp-content/uploads/2025/08/temperaturas-extremas-y-precipitaciones-2025x07x31-a-1.pdf
2025-07-31,045,JUMA BEJUCAL,,,,33.8,25.4,0.0,https://indomet.gob.do/wp-content/uploads/2025/08/temperaturas-extremas-y-precipitaciones-2025x07x31-a-1.pdf
2025-07-31,046,LA VEGA,,,,34.5,22.0,0.0,https://indomet.gob.do/wp-content/uploads/2025/08/temperaturas-extremas-y-precipitaciones-2025x07x31-a-1.pdf
2025-07-31,047,LAS CANAS (EMA),,,,31.2,24.6,0.0,https://indomet.gob.do/wp-content/uploads/2025/08/temperaturas-extremas-y-precipitaciones-2025x07x31-a-1.pdf
2025-07-31,048,LAS MATAS DE SANTA CRUZ (EMA,,,,36.7,25.3,0.0,https://indomet.gob.do/wp-content/uploads/2025/08/temperaturas-extremas-y-precipitaciones-2025x07x31-a-1.pdf
2025-07-31,049,MAO,,,,,,0.0,https://indomet.gob.do/wp-content/uploads/2025/08/temperaturas-extremas-y-precipitaciones-2025x07x31-a-1.pdf
2025-07-31,050,MONCIÓN (EMA),,,,34.3,21.1,0.0,https://indomet.gob.do/wp-content/uploads/2025/08/temperaturas-extremas-y-precipitaciones-2025x07x31-a-1.pdf
2025-07-31,051,MONTE CRISTI,,,,35.0,25.7,0.0,https://indomet.gob.do/wp-content/uploads/2025/08/temperaturas-extremas-y-precipitaciones-2025x07x31-a-1.pdf
2025-07-31,052,NAVARRETE,,,,,,0.0,https://indomet.gob.do/wp-content/uploads/2025/08/temperaturas-extremas-y-precipitaciones-2025x07x31-a-1.pdf
2025-07-31,053,PADRE LAS CASAS,,,,33.4,20.0,0.0,https://indomet.gob.do/wp-content/uploads/2025/08/temperaturas-extremas-y-precipitaciones-2025x07x31-a-1.pdf
2025-07-31,054,PALO ÍNDIO,,,,,,0.0,https://indomet.gob.do/wp-content/uploads/2025/08/temperaturas-extremas-y-precipitaciones-2025x07x31-a-1.pdf
2025-07-31,055,PERALTA,,,,31.5,18.5,0.0,https://indomet.gob.do/wp-content/uploads/2025/08/temperaturas-extremas-y-precipitaciones-2025x07x31-a-1.pdf
2025-07-31,056,PESCADERIA (EMA),,,,35.3,26.2,0.0,https://indomet.gob.do/wp-content/uploads/2025/08/temperaturas-extremas-y-precipitaciones-2025x07x31-a-1.pdf
2025-07-31,057,PRESA DE TAVERAS (EMA),,,,32.6,22.6,0.0,https://indomet.gob.do/wp-content/uploads/2025/08/temperaturas-extremas-y-precipitaciones-2025x07x31-a-1.pdf
2025-07-31,058,RESTAURACIÓN,,,,32.3,19.2,0.0,https://indomet.gob.do/wp-content/uploads/2025/08/temperaturas-extremas-y-precipitaciones-2025x07x31-a-1.pdf
2025-07-31,059,SABANA GRANDE DE BOYÁ,,,,,,0.0,https://indomet.gob.do/wp-content/uploads/2025/08/temperaturas-extremas-y-precipitaciones-2025x07x31-a-1.pdf
2025-07-31,060,SABANETA (EMA),,,,37.7,23.1,0.0,https://indomet.gob.do/wp-content/uploads/2025/08/temperaturas-extremas-y-precipitaciones-2025x07x31-a-1.pdf
2025-07-31,061,SALCEDO,,,,,,0.0,https://indomet.gob.do/wp-content/uploads/2025/08/temperaturas-extremas-y-precipitaciones-2025x07x31-a-1.pdf
2025-07-31,062,SAN FRANCISCO DE MACORÍS,,,,34.6,22.8,0.0,https://indomet.gob.do/wp-content/uploads/2025/08/temperaturas-extremas-y-precipitaciones-2025x07x31-a-1.pdf
2025-07-31,063,SAN JOSÉ DE OCOA,,,,34.2,21.9,0.0,https://indomet.gob.do/wp-content/uploads/2025/08/temperaturas-extremas-y-precipitaciones-2025x07x31-a-1.pdf
2025-07-31,064,SAN RAFAEL DEL YUMA,,,,37.1,23.4,0.0,https://indomet.gob.do/wp-content/uploads/2025/08/temperaturas-extremas-y-precipitaciones-2025x07x31-a-1.pdf
2025-07-31,065,SANTIAGO RODRÍGUEZ,,,,37.3,23.4,0.0,https://indomet.gob.do/wp-content/uploads/2025/08/temperaturas-extremas-y-precipitaciones-2025x07x31-a-1.pdf
2025-07-31,066,TÁBARA ABAJO,,,,33.5,23.0,0.0,https://indomet.gob.do/wp-content/uploads/2025/08/temperaturas-extremas-y-precipitaciones-2025x07x31-a-1.pdf
2025-07-31,067,TAMBORIL,,,,,,0.0,https://indomet.gob.do/wp-content/uploads/2025/08/temperaturas-extremas-y-precipitaciones-2025x07x31-a-1.pdf
2025-07-31,068,VALLE NUEVO (EMA),,,,21.9,12.2,0.0,https://indomet.gob.do/wp-content/uploads/2025/08/temperaturas-extremas-y-precipitaciones-2025x07x31-a-1.pdf
2025-07-31,069,VILLA ALTAGRACIA,,,,,,0.0,https://indomet.gob.do/wp-content/uploads/2025/08/temperaturas-extremas-y-precipitaciones-2025x07x31-a-1.pdf
2025-07-31,070,VILLA GONZALES,,,,,,0.0,https://indomet.gob.do/wp-content/uploads/2025/08/temperaturas-extremas-y-precipitaciones-2025x07x31-a-1.pdf
2025-07-31,071,VILLA ISABELA,,,,,,0.0,https://indomet.gob.do/wp-content/uploads/2025/08/temperaturas-extremas-y-precipitaciones-2025x07x31-a-1.pdf
2025-07-31,072,VILLA RIVA,,,,33.0,24.0,0.0,https://indomet.gob.do/wp-content/uploads/2025/08/temperaturas-extremas-y-precipitaciones-2025x07x31-a-1.pdf
2025-07-31,073,EL SEIBO,,,,,,0.0,https://indomet.gob.do/wp-content/uploads/2025/08/temperaturas-extremas-y-precipitaciones-2025x07x31-a-1.pdf
2025-07-31,074,LUPERÓN,,,,,,0.0,https://indomet.gob.do/wp-content/uploads/2025/08/temperaturas-extremas-y-precipitaciones-2025x07x31-a-1.pdf
2025-08-01,001,SÁNCHEZ,SAMANÁ,MINISTERIO DE AGRICULTURA,EMCI,33.7,23.9,3.0,https://indomet.gob.do/wp-content/uploads/2025/08/temperaturas-extremas-y-precipitaciones-2025x08x01-a.pdf
2025-08-01,002,LOS LLANOS,SAN PEDRO DE MACORÍS,MINISTERIO DE AGRICULTURA,EMCI,33.8,24.2,1.0,https://indomet.gob.do/wp-content/uploads/2025/08/temperaturas-extremas-y-precipitaciones-2025x08x01-a.pdf
2025-08-01,003,ARPT. ARROYO BARRIL,SAMANÁ,ONAMET,EMCI,33.0,25.0,0.8,https://indomet.gob.do/wp-content/uploads/2025/08/temperaturas-extremas-y-precipitaciones-2025x08x01-a.pdf
2025-08-01,004,SAMANÁ,SAMANÁ,COMANDANCIA DE PUERTO DE SAMANÁ,EMCI,34.0,25.0,0.6,https://indomet.gob.do/wp-content/uploads/2025/08/temperaturas-extremas-y-precipitaciones-2025x08x01-a.pdf
2025-08-01,005,JUMA BEJUCAL,MONSEÑOR NOUEL,IDIAF,EMCV,33.4,24.6,0.4,https://indomet.gob.do/wp-content/uploads/2025/08/temperaturas-extremas-y-precipitaciones-2025x08x01-a.pdf
2025-08-01,006,SABANA DE LA MAR,HATO MAYOR,ONAMET,EMCI,32.0,25.0,0.3,https://indomet.gob.do/wp-content/uploads/2025/08/temperaturas-extremas-y-precipitaciones-2025x08x01-a.pdf
2025-08-01,007,VILLA RIVA,DUARTE,HOSP. MPAL. ALICIA DE LEGENDRE,EMCI,32.8,23.5,0.3,https://indomet.gob.do/wp-content/uploads/2025/08/temperaturas-extremas-y-precipitaciones-2025x08x01-a.pdf
2025-08-01,008,BAYAGUANA,MONTE PLATA,ONAMET,EMCI,33.6,22.7,0.2,https://indomet.gob.do/wp-content/uploads/2025/08/temperaturas-extremas-y-precipitaciones-2025x08x01-a.pdf
2025-08-01,009,LA VICTORIA,SANTO DOMINGO,CUERPO DE BOMBEROS,EMCI,35.0,24.0,0.1,https://indomet.gob.do/wp-content/uploads/2025/08/temperaturas-extremas-y-precipitaciones-2025x08x01-a.pdf
2025-08-01,010,ALTAMIRA,PUERTO PLATA,HOSP. MPAL. DE ALTAMIRA,EMCI,35.7,22.3,0.0,https://indomet.gob.do/wp-content/uploads/2025/08/temperaturas-extremas-y-precipitaciones-2025x08x01-a.pdf
2025-08-01,011,ANAMUYA (EMA),LA ALTAGRACIA,MINISTERIO DE AGRICULTURA,EMAP,,,0.0,https://indomet.gob.do/wp-content/uploads/2025/08/temperaturas-extremas-y-precipitaciones-2025x08x01-a.pdf
2025-08-01,012,ARPT. DE LA ROMANA,LA ROMANA,ONAMET,EMCI,35.0,22.5,0.0,https://indomet.gob.do/wp-content/uploads/2025/08/temperaturas-extremas-y-precipitaciones-2025x08x01-a.pdf
2025-08-01,013,ARPT. DE LAS AMÉRICAS,SANTO DOMINGO,ONAMET,EMCI,32.6,23.5,0.0,https://indomet.gob.do/wp-content/uploads/2025/08/temperaturas-extremas-y-precipitaciones-2025x08x01-a.pdf
2025-08-01,014,ARPT. DE PUNTA CANA,LA ALTAGRACIA,ONAMET,EMCI,32.5,23.6,0.0,https://indomet.gob.do/wp-content/uploads/2025/08/temperaturas-extremas-y-precipitaciones-2025x08x01-a.pdf
2025-08-01,015,ARPT. DEL CIBAO,SANTIAGO,ONAMET,EMCI,35.2,23.2,0.0,https://indomet.gob.do/wp-content/uploads/2025/08/temperaturas-extremas-y-precipitaciones-2025x08x01-a.pdf
2025-08-01,016,ARPT. EL CATEY,SAMANÁ,ONAMET,EMCI,32.0,23.6,0.0,https://indomet.gob.do/wp-content/uploads/2025/08/temperaturas-extremas-y-precipitaciones-2025x08x01-a.pdf
2025-08-01,017,ARPT. GREGORIO LUPERÓN,PUERTO PLATA,ONAMET,EMCI,33.8,23.4,0.0,https://indomet.gob.do/wp-content/uploads/2025/08/temperaturas-extremas-y-precipitaciones-2025x08x01-a.pdf
2025-08-01,018,ARPT. LA ISABELA,SANTO DOMINGO,ONAMET,EMCI,34.0,22.5,0.0,https://indomet.gob.do/wp-content/uploads/2025/08/temperaturas-extremas-y-precipitaciones-2025x08x01-a.pdf
2025-08-01,019,ARPT. MARÍA MONTEZ,BARAHONA,ONAMET,EMCI,33.5,26.4,0.0,https://indomet.gob.do/wp-content/uploads/2025/08/temperaturas-extremas-y-precipitaciones-2025x08x01-a.pdf
2025-08-01,020,ARROYO LORO,SAN JUAN,IDIAF,EMCI,33.0,19.5,0.0,https://indomet.gob.do/wp-content/uploads/2025/08/temperaturas-extremas-y-precipitaciones-2025x08x01-a.pdf
2025-08-01,021,BANI (EMA),PERAVIA,MINISTERIO DE AGRICULTURA,EMAP,,,0.0,https://indomet.gob.do/wp-content/uploads/2025/08/temperaturas-extremas-y-precipitaciones-2025x08x01-a.pdf
2025-08-01,022,BASE AÉREA DE SAN ISIDRO,SANTO DOMINGO,FUERZA AÉREA DOMINICANA,EMCV,32.0,24.9,0.0,https://indomet.gob.do/wp-content/uploads/2025/08/temperaturas-extremas-y-precipitaciones-2025x08x01-a.pdf
2025-08-01,023,BOCA DE MAO (EMA),VALVERDE,MINISTERIO DE AGRICULTURA,EMAP,,,0.0,https://indomet.gob.do/wp-content/uploads/2025/08/temperaturas-extremas-y-precipitaciones-2025x08x01-a.pdf
2025-08-01,024,BONAO,MONSEÑOR NOUEL,MINISTERIO DE AGRICULTURA,EMCV,,,0.0,https://indomet.gob.do/wp-content/uploads/2025/08/temperaturas-extremas-y-precipitaciones-2025x08x01-a.pdf
2025-08-01,025,CABRAL,BARAHONA,MINISTERIO DE AGRICULTURA,EMCV,35.2,24.5,0.0,https://indomet.gob.do/wp-content/uploads/2025/08/temperaturas-extremas-y-precipitaciones-2025x08x01-a.pdf
2025-08-01,026,CABRERA,MARÍA TRINIDAD SÁNCHEZ,ESCUELA ARÍSTIDES FIALLO CABRAL,EMCI,33.8,26.7,0.0,https://indomet.gob.do/wp-content/uploads/2025/08/temperaturas-extremas-y-precipitaciones-2025x08x01-a.pdf
2025-08-01,027,CENTRO DE LOS HEROES (EMA),DISTRITO NACIONAL,MINISTERIO DE ENERGIA Y MINA,EMAP,,,0.0,https://indomet.gob.do/wp-content/uploads/2025/08/temperaturas-extremas-y-precipitaciones-2025x08x01-a.pdf
2025-08-01,028,CONSTANZA,LA VEGA,MINISTERIO DE AGRICULTURA,EMCI,28.5,12.0,0.0,https://indomet.gob.do/wp-content/uploads/2025/08/temperaturas-extremas-y-precipitaciones-2025x08x01-a.pdf
2025-08-01,029,CONSTANZA (EMA),LA VEGA,PROGRAMA MUNDIAL DE ALIMENTO,EMAP,,,0.0,https://indomet.gob.do/wp-content/uploads/2025/08/temperaturas-extremas-y-precipitaciones-2025x08x01-a.pdf
2025-08-01,030,DAJABÓN,DAJABÓN,INSTITUTO POLITÉCNICO LOYOLA,EMCI,36.5,23.2,0.0,https://indomet.gob.do/wp-content/uploads/2025/08/temperaturas-extremas-y-precipitaciones-2025x08x01-a.pdf
2025-08-01,031,ENRIQUILLO,BARAHONA,MINISTERIO DE AGRICULTURA,EMCV,34.0,26.8,0.0,https://indomet.gob.do/wp-content/uploads/2025/08/temperaturas-extremas-y-precipitaciones-2025x08x01-a.pdf
2025-08-01,032,ESCONDIDO,PERAVIA,MINISTERIO DE AGRICULTURA,EMCV,34.0,25.0,0.0,https://indomet.gob.do/wp-content/uploads/2025/08/temperaturas-extremas-y-precipitaciones-2025x08x01-a.pdf
2025-08-01,033,GASPAR HERNÁNDEZ,ESPAILLAT,PROPIEDAD DEL EMPLEADO,EMCI,,,0.0,https://indomet.gob.do/wp-content/uploads/2025/08/temperaturas-extremas-y-precipitaciones-2025x08x01-a.pdf
2025-08-01,034,GURABO,SANTIAGO,MINISTERIO DE AGRICULTURA,EMCV,,,0.0,https://indomet.gob.do/wp-content/uploads/2025/08/temperaturas-extremas-y-precipitaciones-2025x08x01-a.pdf
2025-08-01,035,HATO MAYOR,HATO MAYOR,MINISTERIO DE AGRICULTURA,EMCV,,,0.0,https://indomet.gob.do/wp-content/uploads/2025/08/temperaturas-extremas-y-precipitaciones-2025x08x01-a.pdf
2025-08-01,036,HIGÜEY,LA ALTAGRACIA,MINISTERIO DE AGRICULTURA,EMCV,,,0.0,https://indomet.gob.do/wp-content/uploads/2025/08/temperaturas-extremas-y-precipitaciones-2025x08x01-a.pdf
2025-08-01,037,HONDO VALLE,ELÍAS PIÑA,MINISTERIO DE AGRICULTURA,EMCI,27.9,18.6,0.0,https://indomet.gob.do/wp-content/uploads/2025/08/temperaturas-extremas-y-precipitaciones-2025x08x01-a.pdf
2025-08-01,038,JARABACOA,LA VEGA,INDRHI / MARENA,EMCI,33.8,19.4,0.0,https://indomet.gob.do/wp-content/uploads/2025/08/temperaturas-extremas-y-precipitaciones-2025x08x01-a.pdf
2025-08-01,039,JARABACOA (EMA),LA VEGA,PROGRAMA MUNDIAL DE ALIMENTO,EMAP,,,0.0,https://indomet.gob.do/wp-content/uploads/2025/08/temperaturas-extremas-y-precipitaciones-2025x08x01-a.pdf
2025-08-01,040,JIMANÍ,INDEPENDENCIA,MINISTERIO DE AGRICULTURA,EMCI,38.5,26.5,0.0,https://indomet.gob.do/wp-content/uploads/2025/08/temperaturas-extremas-y-precipitaciones-2025x08x01-a.pdf
2025-08-01,041,LA VEGA,LA VEGA,IATESA,EMCI,34.5,25.0,0.0,https://indomet.gob.do/wp-content/uploads/2025/08/temperaturas-extremas-y-precipitaciones-2025x08x01-a.pdf
2025-08-01,042,LAS CANAS (EMA),MONTE CRISTI,PROGRAMA MUNDIAL DE ALIMENTO,EMAP,,,0.0,https://indomet.gob.do/wp-content/uploads/2025/08/temperaturas-extremas-y-precipitaciones-2025x08x01-a.pdf
2025-08-01,043,LAS MATAS DE SANTA CRUZ (EMA,MONTE CRISTI,PROGRAMA MUNDIAL DE ALIMENTO,EMAP,,,0.0,https://indomet.gob.do/wp-content/uploads/2025/08/temperaturas-extremas-y-precipitaciones-2025x08x01-a.pdf
2025-08-01,044,LOS TRES CHARCOS (EMA),PEDERNALES,PROPIEDAD DEL VOLUNTARIO,EMAP,,,0.0,https://indomet.gob.do/wp-content/uploads/2025/08/temperaturas-extremas-y-precipitaciones-2025x08x01-a.pdf
2025-08-01,045,MAO,VALVERDE,INDRHI / MINISTERIO DE AGRICULTURA,EMCV,,,0.0,https://indomet.gob.do/wp-content/uploads/2025/08/temperaturas-extremas-y-precipitaciones-2025x08x01-a.pdf
2025-08-01,046,MONCIÓN (EMA),SANTIAGO RODRÍGUEZ,PROGRAMA MUNDIAL DE ALIMENTO,EMAP,,,0.0,https://indomet.gob.do/wp-content/uploads/2025/08/temperaturas-extremas-y-precipitaciones-2025x08x01-a.pdf
2025-08-01,047,MONTE CRISTI,MONTE CRISTI,ONAMET,EMCI,35.0,25.7,0.0,https://indomet.gob.do/wp-content/uploads/2025/08/temperaturas-extremas-y-precipitaciones-2025x08x01-a.pdf
2025-08-01,048,NAVARRETE,SANTIAGO,MINISTERIO DE AGRICULTURA,EMCV,,,0.0,https://indomet.gob.do/wp-content/uploads/2025/08/temperaturas-extremas-y-precipitaciones-2025x08x01-a.pdf
2025-08-01,049,OLIVARES,PEDERNALES,INDRHI,EMCI,,,0.0,https://indomet.gob.do/wp-content/uploads/2025/08/temperaturas-extremas-y-precipitaciones-2025x08x01-a.pdf
2025-08-01,050,OVIEDO,PEDERNALES,CLÍNICA RURAL OVIEDO,EMCI,34.0,26.5,0.0,https://indomet.gob.do/wp-content/uploads/2025/08/temperaturas-extremas-y-precipitaciones-2025x08x01-a.pdf
2025-08-01,051,PADRE LAS CASAS,AZUA,HOSP. NTRA. SRA. DEL CARMEN,EMCI,33.0,20.0,0.0,https://indomet.gob.do/wp-content/uploads/2025/08/temperaturas-extremas-y-precipitaciones-2025x08x01-a.pdf
2025-08-01,052,PALO ÍNDIO,PUERTO PLATA,MINISTERIO DE AGRICULTURA,EMCI,,,0.0,https://indomet.gob.do/wp-content/uploads/2025/08/temperaturas-extremas-y-precipitaciones-2025x08x01-a.pdf
2025-08-01,053,PEDERNALES,PEDERNALES,INDRHI,EMCI,,,0.0,https://indomet.gob.do/wp-content/uploads/2025/08/temperaturas-extremas-y-precipitaciones-2025x08x01-a.pdf
2025-08-01,054,PERALTA,AZUA,HOSP. MPAL. DE PERALTA,EMCI,34.4,18.1,0.0,https://indomet.gob.do/wp-content/uploads/2025/08/temperaturas-extremas-y-precipitaciones-2025x08x01-a.pdf
2025-08-01,055,PESCADERIA (EMA),BARAHONA,MINISTERIO DE AGRICULTURA,EMAP,,,0.0,https://indomet.gob.do/wp-content/uploads/2025/08/temperaturas-extremas-y-precipitaciones-2025x08x01-a.pdf
2025-08-01,056,POLO,BARAHONA,INDOCAFE,EMCI,30.5,19.0,0.0,https://indomet.gob.do/wp-content/uploads/2025/08/temperaturas-extremas-y-precipitaciones-2025x08x01-a.pdf
2025-08-01,057,PONTÓN ABAJO (EMA),LA VEGA,MINISTERIO DE AGRICULTURA,EMAP,,,0.0,https://indomet.gob.do/wp-content/uploads/2025/08/temperaturas-extremas-y-precipitaciones-2025x08x01-a.pdf
2025-08-01,058,PRESA DE TAVERAS (EMA),LA VEGA,PROGRAMA MUNDIAL DE ALIMENTO,EMAP,,,0.0,https://indomet.gob.do/wp-content/uploads/2025/08/temperaturas-extremas-y-precipitaciones-2025x08x01-a.pdf
2025-08-01,059,RANCHO ARRIBA,SAN JOSÉ DE OCOA,CENTRO TECNOLÓGICO COMUNITARIO,EMCI,31.9,20.3,0.0,https://indomet.gob.do/wp-content/uploads/2025/08/temperaturas-extremas-y-precipitaciones-2025x08x01-a.pdf
2025-08-01,060,RESTAURACIÓN,DAJABÓN,MINISTERIO DE AGRICULTURA,EMCI,32.6,19.4,0.0,https://indomet.gob.do/wp-content/uploads/2025/08/temperaturas-extremas-y-precipitaciones-2025x08x01-a.pdf
2025-08-01,061,RÍO SAN JUAN,MARÍA TRINIDAD SÁNCHEZ,HOSP. MPAL. DR. DESIDERIO ACOSTA,EMCV,35.6,25.0,0.0,https://indomet.gob.do/wp-content/uploads/2025/08/temperaturas-extremas-y-precipitaciones-2025x08x01-a.pdf
2025-08-01,062,SABANETA (EMA),SANTIAGO RODRÍGUEZ,PROGRAMA MUNDIAL DE ALIMENTO,EMAP,,,0.0,https://indomet.gob.do/wp-content/uploads/2025/08/temperaturas-extremas-y-precipitaciones-2025x08x01-a.pdf
2025-08-01,063,SALCEDO,HERMANAS MIRABAL,PROPIEDAD DEL EMPLEADO,EMCI,,,0.0,https://indomet.gob.do/wp-content/uploads/2025/08/temperaturas-extremas-y-precipitaciones-2025x08x01-a.pdf
2025-08-01,064,SAN CRISTÓBAL,SAN CRISTÓBAL,INSTITUTO POLITÉCNICO LOYOLA,EMCI,34.2,23.0,0.0,https://indomet.gob.do/wp-content/uploads/2025/08/temperaturas-extremas-y-precipitaciones-2025x08x01-a.pdf
2025-08-01,065,SAN JOSÉ DE OCOA,SAN JOSÉ DE OCOA,HOSP. SAN JOSÉ DE OCOA,EMCI,34.2,22.1,0.0,https://indomet.gob.do/wp-content/uploads/2025/08/temperaturas-extremas-y-precipitaciones-2025x08x01-a.pdf
2025-08-01,066,SAN RAFAEL DEL YUMA,LA ALTAGRACIA,MINISTERIO DE AGRICULTURA,EMCI,36.4,25.5,0.0,https://indomet.gob.do/wp-content/uploads/2025/08/temperaturas-extremas-y-precipitaciones-2025x08x01-a.pdf
2025-08-01,067,SANTIAGO RODRÍGUEZ,SANTIAGO RODRÍGUEZ,ONAMET,EMCI,38.0,24.5,0.0,https://indomet.gob.do/wp-content/uploads/2025/08/temperaturas-extremas-y-precipitaciones-2025x08x01-a.pdf
2025-08-01,068,SANTO DOMINGO ESTE,SANTO DOMINGO,ONAMET,EMCI,33.3,26.0,0.0,https://indomet.gob.do/wp-content/uploads/2025/08/temperaturas-extremas-y-precipitaciones-2025x08x01-a.pdf
2025-08-01,069,TÁBARA ABAJO,AZUA,INDRHI,EMCI,34.9,23.5,0.0,https://indomet.gob.do/wp-content/uploads/2025/08/temperaturas-extremas-y-precipitaciones-2025x08x01-a.pdf
2025-08-01,070,VALLE NUEVO (EMA),LA VEGA,MARENA,EMAI,,,0.0,https://indomet.gob.do/wp-content/uploads/2025/08/temperaturas-extremas-y-precipitaciones-2025x08x01-a.pdf
2025-08-01,071,VILLA ALTAGRACIA,SAN CRISTÓBAL,ESCUELA JAVIER ANGULO GURIDI,EMCI,,,0.0,https://indomet.gob.do/wp-content/uploads/2025/08/temperaturas-extremas-y-precipitaciones-2025x08x01-a.pdf
2025-08-01,072,VILLA GONZALES,SANTIAGO,MINISTERIO DE AGRICULTURA,EMCI,,,0.0,https://indomet.gob.do/wp-content/uploads/2025/08/temperaturas-extremas-y-precipitaciones-2025x08x01-a.pdf
2025-08-01,073,VILLA ISABELA,PUERTO PLATA,MINISTERIO DE AGRICULTURA,EMCV,,,0.0,https://indomet.gob.do/wp-content/uploads/2025/08/temperaturas-extremas-y-precipitaciones-2025x08x01-a.pdf
2025-08-02,001,CENTRO DE LOS HEROES (EMA),DISTRITO NACIONAL,MINISTERIO DE ENERGIA Y MINA,EMAP,33.7,26.1,45.8,https://indomet.gob.do/wp-content/uploads/2025/08/temperaturas-extremas-y-precipitaciones-2025x08x02-a.pdf
2025-08-02,002,JUMA BEJUCAL,MONSEÑOR NOUEL,IDIAF,EMCV,34.0,25.6,45.6,https://indomet.gob.do/wp-content/uploads/2025/08/temperaturas-extremas-y-precipitaciones-2025x08x02-a.pdf
2025-08-02,003,VILLA ALTAGRACIA,SAN CRISTÓBAL,ESCUELA JAVIER ANGULO GURIDI,EMCI,,,45.3,https://indomet.gob.do/wp-content/uploads/2025/08/temperaturas-extremas-y-precipitaciones-2025x08x02-a.pdf
2025-08-02,004,JIMANÍ,INDEPENDENCIA,MINISTERIO DE AGRICULTURA,EMCI,38.8,25.8,43.9,https://indomet.gob.do/wp-content/uploads/2025/08/temperaturas-extremas-y-precipitaciones-2025x08x02-a.pdf
2025-08-02,005,OLIVARES,PEDERNALES,INDRHI,EMCI,,,35.2,https://indomet.gob.do/wp-content/uploads/2025/08/temperaturas-extremas-y-precipitaciones-2025x08x02-a.pdf
2025-08-02,006,POLO,BARAHONA,INDOCAFE,EMCI,31.2,19.9,34.0,https://indomet.gob.do/wp-content/uploads/2025/08/temperaturas-extremas-y-precipitaciones-2025x08x02-a.pdf
2025-08-02,007,SAN CRISTÓBAL,SAN CRISTÓBAL,INSTITUTO POLITÉCNICO LOYOLA,EMCI,34.2,22.2,33.0,https://indomet.gob.do/wp-content/uploads/2025/08/temperaturas-extremas-y-precipitaciones-2025x08x02-a.pdf
2025-08-02,008,PEDERNALES,PEDERNALES,INDRHI,EMCI,,,30.1,https://indomet.gob.do/wp-content/uploads/2025/08/temperaturas-extremas-y-precipitaciones-2025x08x02-a.pdf
2025-08-02,009,SANTO DOMINGO ESTE,SANTO DOMINGO,ONAMET,EMCI,34.8,26.0,26.5,https://indomet.gob.do/wp-content/uploads/2025/08/temperaturas-extremas-y-precipitaciones-2025x08x02-a.pdf
2025-08-02,010,ARPT. DE LAS AMÉRICAS,SANTO DOMINGO,ONAMET,EMCI,33.5,,25.5,https://indomet.gob.do/wp-content/uploads/2025/08/temperaturas-extremas-y-precipitaciones-2025x08x02-a.pdf
2025-08-02,011,PERALTA,AZUA,HOSP. MPAL. DE PERALTA,EMCI,33.5,19.5,24.8,https://indomet.gob.do/wp-content/uploads/2025/08/temperaturas-extremas-y-precipitaciones-2025x08x02-a.pdf
2025-08-02,012,ENRIQUILLO,BARAHONA,MINISTERIO DE AGRICULTURA,EMCV,31.8,23.3,23.3,https://indomet.gob.do/wp-content/uploads/2025/08/temperaturas-extremas-y-precipitaciones-2025x08x02-a.pdf
2025-08-02,013,BASE AÉREA DE SAN ISIDRO,SANTO DOMINGO,FUERZA AÉREA DOMINICANA,EMCV,33.5,23.8,22.1,https://indomet.gob.do/wp-content/uploads/2025/08/temperaturas-extremas-y-precipitaciones-2025x08x02-a.pdf
2025-08-02,014,BAYAGUANA,MONTE PLATA,ONAMET,EMCI,33.8,24.2,17.9,https://indomet.gob.do/wp-content/uploads/2025/08/temperaturas-extremas-y-precipitaciones-2025x08x02-a.pdf
2025-08-02,015,ARPT. DE PUNTA CANA,LA ALTAGRACIA,ONAMET,EMCI,31.6,25.6,16.4,https://indomet.gob.do/wp-content/uploads/2025/08/temperaturas-extremas-y-precipitaciones-2025x08x02-a.pdf
2025-08-02,016,LOS LLANOS,SAN PEDRO DE MACORÍS,MINISTERIO DE AGRICULTURA,EMCI,33.7,24.0,14.4,https://indomet.gob.do/wp-content/uploads/2025/08/temperaturas-extremas-y-precipitaciones-2025x08x02-a.pdf
2025-08-02,017,CONSTANZA,LA VEGA,MINISTERIO DE AGRICULTURA,EMCI,29.0,12.4,11.1,https://indomet.gob.do/wp-content/uploads/2025/08/temperaturas-extremas-y-precipitaciones-2025x08x02-a.pdf
2025-08-02,018,LA VICTORIA,SANTO DOMINGO,CUERPO DE BOMBEROS,EMCI,28.2,24.5,10.7,https://indomet.gob.do/wp-content/uploads/2025/08/temperaturas-extremas-y-precipitaciones-2025x08x02-a.pdf
2025-08-02,019,ARPT. EL CATEY,SAMANÁ,ONAMET,EMCI,31.0,24.0,10.3,https://indomet.gob.do/wp-content/uploads/2025/08/temperaturas-extremas-y-precipitaciones-2025x08x02-a.pdf
2025-08-02,020,ARPT. LA ISABELA,SANTO DOMINGO,ONAMET,EMCI,34.0,25.0,9.3,https://indomet.gob.do/wp-content/uploads/2025/08/temperaturas-extremas-y-precipitaciones-2025x08x02-a.pdf
2025-08-02,021,HATO MAYOR,HATO MAYOR,MINISTERIO DE AGRICULTURA,EMCV,,,8.9,https://indomet.gob.do/wp-content/uploads/2025/08/temperaturas-extremas-y-precipitaciones-2025x08x02-a.pdf
2025-08-02,022,RANCHO ARRIBA,SAN JOSÉ DE OCOA,CENTRO TECNOLÓGICO COMUNITARIO,EMCI,32.0,20.7,8.8,https://indomet.gob.do/wp-content/uploads/2025/08/temperaturas-extremas-y-precipitaciones-2025x08x02-a.pdf
2025-08-02,023,ANAMUYA (EMA),LA ALTAGRACIA,MINISTERIO DE AGRICULTURA,EMAP,32.1,24.4,8.4,https://indomet.gob.do/wp-content/uploads/2025/08/temperaturas-extremas-y-precipitaciones-2025x08x02-a.pdf
2025-08-02,024,OVIEDO,PEDERNALES,CLÍNICA RURAL OVIEDO,EMCI,35.0,24.9,8.0,https://indomet.gob.do/wp-content/uploads/2025/08/temperaturas-extremas-y-precipitaciones-2025x08x02-a.pdf
2025-08-02,025,CABRAL,BARAHONA,MINISTERIO DE AGRICULTURA,EMCV,36.3,24.5,7.9,https://indomet.gob.do/wp-content/uploads/2025/08/temperaturas-extremas-y-precipitaciones-2025x08x02-a.pdf
2025-08-02,026,ARPT. DE LA ROMANA,LA ROMANA,ONAMET,EMCI,33.8,23.6,7.6,https://indomet.gob.do/wp-content/uploads/2025/08/temperaturas-extremas-y-precipitaciones-2025x08x02-a.pdf
2025-08-02,027,SALCEDO,HERMANAS MIRABAL,PROPIEDAD DEL EMPLEADO,EMCI,,,6.3,https://indomet.gob.do/wp-content/uploads/2025/08/temperaturas-extremas-y-precipitaciones-2025x08x02-a.pdf
2025-08-02,028,VILLA RIVA,DUARTE,HOSP. MPAL. ALICIA DE LEGENDRE,EMCI,33.0,24.0,5.3,https://indomet.gob.do/wp-content/uploads/2025/08/temperaturas-extremas-y-precipitaciones-2025x08x02-a.pdf
2025-08-02,029,SAMANÁ,SAMANÁ,COMANDANCIA DE PUERTO DE SAMANÁ,EMCI,32.4,24.1,4.8,https://indomet.gob.do/wp-content/uploads/2025/08/temperaturas-extremas-y-precipitaciones-2025x08x02-a.pdf
2025-08-02,030,JARABACOA (EMA),LA VEGA,PROGRAMA MUNDIAL DE ALIMENTO,EMAP,32.6,20.9,4.6,https://indomet.gob.do/wp-content/uploads/2025/08/temperaturas-extremas-y-precipitaciones-2025x08x02-a.pdf
2025-08-02,031,SÁNCHEZ,SAMANÁ,MINISTERIO DE AGRICULTURA,EMCI,34.3,25.7,4.2,https://indomet.gob.do/wp-content/uploads/2025/08/temperaturas-extremas-y-precipitaciones-2025x08x02-a.pdf
2025-08-02,032,HONDO VALLE,ELÍAS PIÑA,MINISTERIO DE AGRICULTURA,EMCI,27.4,18.5,4.1,https://indomet.gob.do/wp-content/uploads/2025/08/temperaturas-extremas-y-precipitaciones-2025x08x02-a.pdf
2025-08-02,033,JARABACOA,LA VEGA,INDRHI / MARENA,EMCI,34.2,20.2,4.0,https://indomet.gob.do/wp-content/uploads/2025/08/temperaturas-extremas-y-precipitaciones-2025x08x02-a.pdf
2025-08-02,034,ARPT. GREGORIO LUPERÓN,PUERTO PLATA,ONAMET,EMCI,33.4,24.6,2.8,https://indomet.gob.do/wp-content/uploads/2025/08/temperaturas-extremas-y-precipitaciones-2025x08x02-a.pdf
2025-08-02,035,ARROYO LORO,SAN JUAN,IDIAF,EMCI,35.5,22.5,2.1,https://indomet.gob.do/wp-content/uploads/2025/08/temperaturas-extremas-y-precipitaciones-2025x08x02-a.pdf
2025-08-02,036,SABANA DE LA MAR,HATO MAYOR,ONAMET,EMCI,32.5,24.0,2.1,https://indomet.gob.do/wp-content/uploads/2025/08/temperaturas-extremas-y-precipitaciones-2025x08x02-a.pdf
2025-08-02,037,CONSTANZA (EMA),LA VEGA,PROGRAMA MUNDIAL DE ALIMENTO,EMAP,28.2,17.6,2.0,https://indomet.gob.do/wp-content/uploads/2025/08/temperaturas-extremas-y-precipitaciones-2025x08x02-a.pdf
2025-08-02,038,ARPT. DEL CIBAO,SANTIAGO,ONAMET,EMCI,35.5,23.5,1.8,https://indomet.gob.do/wp-content/uploads/2025/08/temperaturas-extremas-y-precipitaciones-2025x08x02-a.pdf
2025-08-02,039,BONAO,MONSEÑOR NOUEL,MINISTERIO DE AGRICULTURA,EMCV,,,1.8,https://indomet.gob.do/wp-content/uploads/2025/08/temperaturas-extremas-y-precipitaciones-2025x08x02-a.pdf
2025-08-02,040,ARPT. MARÍA MONTEZ,BARAHONA,ONAMET,EMCI,35.6,24.5,1.5,https://indomet.gob.do/wp-content/uploads/2025/08/temperaturas-extremas-y-precipitaciones-2025x08x02-a.pdf
2025-08-02,041,ARPT. ARROYO BARRIL,SAMANÁ,ONAMET,EMCI,33.2,24.5,1.1,https://indomet.gob.do/wp-content/uploads/2025/08/temperaturas-extremas-y-precipitaciones-2025x08x02-a.pdf
2025-08-02,042,PADRE LAS CASAS,AZUA,HOSP. NTRA. SRA. DEL CARMEN,EMCI,35.0,20.0,0.8,https://indomet.gob.do/wp-content/uploads/2025/08/temperaturas-extremas-y-precipitaciones-2025x08x02-a.pdf
2025-08-02,043,SAN RAFAEL DEL YUMA,LA ALTAGRACIA,MINISTERIO DE AGRICULTURA,EMCI,35.5,24.8,0.8,https://indomet.gob.do/wp-content/uploads/2025/08/temperaturas-extremas-y-precipitaciones-2025x08x02-a.pdf
2025-08-02,044,PESCADERIA (EMA),BARAHONA,MINISTERIO DE AGRICULTURA,EMAP,35.4,26.2,0.6,https://indomet.gob.do/wp-content/uploads/2025/08/temperaturas-extremas-y-precipitaciones-2025x08x02-a.pdf
2025-08-02,045,CABRERA,MARÍA TRINIDAD SÁNCHEZ,ESCUELA ARÍSTIDES FIALLO CABRAL,EMCI,35.0,27.0,0.4,https://indomet.gob.do/wp-content/uploads/2025/08/temperaturas-extremas-y-precipitaciones-2025x08x02-a.pdf
2025-08-02,046,BANI (EMA),PERAVIA,MINISTERIO DE AGRICULTURA,EMAP,34.9,25.3,0.2,https://indomet.gob.do/wp-content/uploads/2025/08/temperaturas-extremas-y-precipitaciones-2025x08x02-a.pdf
2025-08-02,047,SAN JOSÉ DE OCOA,SAN JOSÉ DE OCOA,HOSP. SAN JOSÉ DE OCOA,EMCI,36.1,22.6,0.2,https://indomet.gob.do/wp-content/uploads/2025/08/temperaturas-extremas-y-precipitaciones-2025x08x02-a.pdf
2025-08-02,048,ALTAMIRA,PUERTO PLATA,HOSP. MPAL. DE ALTAMIRA,EMCI,35.5,23.3,0.0,https://indomet.gob.do/wp-content/uploads/2025/08/temperaturas-extremas-y-precipitaciones-2025x08x02-a.pdf
2025-08-02,049,BOCA DE MAO (EMA),VALVERDE,MINISTERIO DE AGRICULTURA,EMAP,37.7,25.8,0.0,https://indomet.gob.do/wp-content/uploads/2025/08/temperaturas-extremas-y-precipitaciones-2025x08x02-a.pdf
2025-08-02,050,DAJABÓN,DAJABÓN,INSTITUTO POLITÉCNICO LOYOLA,EMCI,35.1,21.3,0.0,https://indomet.gob.do/wp-content/uploads/2025/08/temperaturas-extremas-y-precipitaciones-2025x08x02-a.pdf
2025-08-02,051,ELÍAS PIÑA,ELÍAS PIÑA,MINISTERIO DE AGRICULTURA,EMCV,,,0.0,https://indomet.gob.do/wp-content/uploads/2025/08/temperaturas-extremas-y-precipitaciones-2025x08x02-a.pdf
2025-08-02,052,GASPAR HERNÁNDEZ,ESPAILLAT,PROPIEDAD DEL EMPLEADO,EMCI,,,0.0,https://indomet.gob.do/wp-content/uploads/2025/08/temperaturas-extremas-y-precipitaciones-2025x08x02-a.pdf
2025-08-02,053,GURABO,SANTIAGO,MINISTERIO DE AGRICULTURA,EMCV,,,0.0,https://indomet.gob.do/wp-content/uploads/2025/08/temperaturas-extremas-y-precipitaciones-2025x08x02-a.pdf
2025-08-02,054,LA VEGA,LA VEGA,IATESA,EMCI,34.5,24.5,0.0,https://indomet.gob.do/wp-content/uploads/2025/08/temperaturas-extremas-y-precipitaciones-2025x08x02-a.pdf
2025-08-02,055,LAS CANAS (EMA),MONTE CRISTI,PROGRAMA MUNDIAL DE ALIMENTO,EMAP,31.6,25.1,0.0,https://indomet.gob.do/wp-content/uploads/2025/08/temperaturas-extremas-y-precipitaciones-2025x08x02-a.pdf
2025-08-02,056,LAS MATAS DE SANTA CRUZ (EMA,MONTE CRISTI,PROGRAMA MUNDIAL DE ALIMENTO,EMAP,36.3,26.4,0.0,https://indomet.gob.do/wp-content/uploads/2025/08/temperaturas-extremas-y-precipitaciones-2025x08x02-a.pdf
2025-08-02,057,MAO,VALVERDE,INDRHI / MINISTERIO DE AGRICULTURA,EMCV,,,0.0,https://indomet.gob.do/wp-content/uploads/2025/08/temperaturas-extremas-y-precipitaciones-2025x08x02-a.pdf
2025-08-02,058,MONCIÓN (EMA),SANTIAGO RODRÍGUEZ,PROGRAMA MUNDIAL DE ALIMENTO,EMAP,34.8,22.9,0.0,https://indomet.gob.do/wp-content/uploads/2025/08/temperaturas-extremas-y-precipitaciones-2025x08x02-a.pdf
2025-08-02,059,MONTE CRISTI,MONTE CRISTI,ONAMET,EMCI,34.7,25.6,0.0,https://indomet.gob.do/wp-content/uploads/2025/08/temperaturas-extremas-y-precipitaciones-2025x08x02-a.pdf
2025-08-02,060,NAVARRETE,SANTIAGO,MINISTERIO DE AGRICULTURA,EMCV,,,0.0,https://indomet.gob.do/wp-content/uploads/2025/08/temperaturas-extremas-y-precipitaciones-2025x08x02-a.pdf
2025-08-02,061,PALO ÍNDIO,PUERTO PLATA,MINISTERIO DE AGRICULTURA,EMCI,,,0.0,https://indomet.gob.do/wp-content/uploads/2025/08/temperaturas-extremas-y-precipitaciones-2025x08x02-a.pdf
2025-08-02,062,PONTÓN ABAJO (EMA),LA VEGA,MINISTERIO DE AGRICULTURA,EMAP,36.4,25.3,0.0,https://indomet.gob.do/wp-content/uploads/2025/08/temperaturas-extremas-y-precipitaciones-2025x08x02-a.pdf
2025-08-02,063,PRESA DE TAVERAS (EMA),LA VEGA,PROGRAMA MUNDIAL DE ALIMENTO,EMAP,33.9,23.1,0.0,https://indomet.gob.do/wp-content/uploads/2025/08/temperaturas-extremas-y-precipitaciones-2025x08x02-a.pdf
2025-08-02,064,RESTAURACIÓN,DAJABÓN,MINISTERIO DE AGRICULTURA,EMCI,33.1,20.2,0.0,https://indomet.gob.do/wp-content/uploads/2025/08/temperaturas-extremas-y-precipitaciones-2025x08x02-a.pdf
2025-08-02,065,RÍO SAN JUAN,MARÍA TRINIDAD SÁNCHEZ,HOSP. MPAL. DR. DESIDERIO ACOSTA,EMCV,35.4,26.0,0.0,https://indomet.gob.do/wp-content/uploads/2025/08/temperaturas-extremas-y-precipitaciones-2025x08x02-a.pdf
2025-08-02,066,SABANETA (EMA),SANTIAGO RODRÍGUEZ,PROGRAMA MUNDIAL DE ALIMENTO,EMAP,38.5,25.6,0.0,https://indomet.gob.do/wp-content/uploads/2025/08/temperaturas-extremas-y-precipitaciones-2025x08x02-a.pdf
2025-08-02,067,SANTIAGO RODRÍGUEZ,SANTIAGO RODRÍGUEZ,ONAMET,EMCI,37.7,25.2,0.0,https://indomet.gob.do/wp-content/uploads/2025/08/temperaturas-extremas-y-precipitaciones-2025x08x02-a.pdf
2025-08-02,068,TÁBARA ABAJO,AZUA,INDRHI,EMCI,32.5,20.0,0.0,https://indomet.gob.do/wp-content/uploads/2025/08/temperaturas-extremas-y-precipitaciones-2025x08x02-a.pdf
2025-08-02,069,VALLE NUEVO (EMA),LA VEGA,MARENA,EMAI,22.0,15.1,0.0,https://indomet.gob.do/wp-content/uploads/2025/08/temperaturas-extremas-y-precipitaciones-2025x08x02-a.pdf
2025-08-02,070,VILLA GONZALES,SANTIAGO,MINISTERIO DE AGRICULTURA,EMCI,,,0.0,https://indomet.gob.do/wp-content/uploads/2025/08/temperaturas-extremas-y-precipitaciones-2025x08x02-a.pdf
2025-08-02,071,VILLA ISABELA,PUERTO PLATA,MINISTERIO DE AGRICULTURA,EMCV,,,0.0,https://indomet.gob.do/wp-content/uploads/2025/08/temperaturas-extremas-y-precipitaciones-2025x08x02-a.pdf
2025-08-03,001,SABANETA (EMA),SANTIAGO RODRÍGUEZ,PROGRAMA MUNDIAL DE ALIMENTO,EMAP,36.6,22.3,68.2,https://indomet.gob.do/wp-content/uploads/2025/08/temperaturas-extremas-y-precipitaciones-2025x08x03-a.pdf
2025-08-03,002,SANTIAGO RODRÍGUEZ,SANTIAGO RODRÍGUEZ,ONAMET,EMCI,37.2,22.5,67.8,https://indomet.gob.do/wp-content/uploads/2025/08/temperaturas-extremas-y-precipitaciones-2025x08x03-a.pdf
2025-08-03,003,MONCIÓN (EMA),SANTIAGO RODRÍGUEZ,PROGRAMA MUNDIAL DE ALIMENTO,EMAP,32.2,19.2,36.0,https://indomet.gob.do/wp-content/uploads/2025/08/temperaturas-extremas-y-precipitaciones-2025x08x03-a.pdf
2025-08-03,004,MAO,VALVERDE,INDRHI / MINISTERIO DE AGRICULTURA,EMCV,,,35.2,https://indomet.gob.do/wp-content/uploads/2025/08/temperaturas-extremas-y-precipitaciones-2025x08x03-a.pdf
2025-08-03,005,VILLA ISABELA,PUERTO PLATA,MINISTERIO DE AGRICULTURA,EMCV,,,33.0,https://indomet.gob.do/wp-content/uploads/2025/08/temperaturas-extremas-y-precipitaciones-2025x08x03-a.pdf
2025-08-03,006,SABANA GRANDE DE BOYÁ,MONTE PLATA,MINISTERIO DE AGRICULTURA,EMCV,,,24.9,https://indomet.gob.do/wp-content/uploads/2025/08/temperaturas-extremas-y-precipitaciones-2025x08x03-a.pdf
2025-08-03,007,LAS MATAS DE SANTA CRUZ (EMA,MONTE CRISTI,PROGRAMA MUNDIAL DE ALIMENTO,EMAP,36.3,22.6,22.4,https://indomet.gob.do/wp-content/uploads/2025/08/temperaturas-extremas-y-precipitaciones-2025x08x03-a.pdf
2025-08-03,008,LUPERÓN,PUERTO PLATA,MINISTERIO DE AGRICULTURA,EMCV,,,21.6,https://indomet.gob.do/wp-content/uploads/2025/08/temperaturas-extremas-y-precipitaciones-2025x08x03-a.pdf
2025-08-03,009,CONSTANZA,LA VEGA,MINISTERIO DE AGRICULTURA,EMCI,28.6,13.5,17.6,https://indomet.gob.do/wp-content/uploads/2025/08/temperaturas-extremas-y-precipitaciones-2025x08x03-a.pdf
2025-08-03,010,ALTAMIRA,PUERTO PLATA,HOSP. MPAL. DE ALTAMIRA,EMCI,36.4,20.6,16.4,https://indomet.gob.do/wp-content/uploads/2025/08/temperaturas-extremas-y-precipitaciones-2025x08x03-a.pdf
2025-08-03,011,CONSTANZA (EMA),LA VEGA,PROGRAMA MUNDIAL DE ALIMENTO,EMAP,27.3,14.0,14.6,https://indomet.gob.do/wp-content/uploads/2025/08/temperaturas-extremas-y-precipitaciones-2025x08x03-a.pdf
2025-08-03,012,ELÍAS PIÑA,ELÍAS PIÑA,MINISTERIO DE AGRICULTURA,EMCV,,,14.1,https://indomet.gob.do/wp-content/uploads/2025/08/temperaturas-extremas-y-precipitaciones-2025x08x03-a.pdf
2025-08-03,013,NAVARRETE,SANTIAGO,MINISTERIO DE AGRICULTURA,EMCV,,,11.2,https://indomet.gob.do/wp-content/uploads/2025/08/temperaturas-extremas-y-precipitaciones-2025x08x03-a.pdf
2025-08-03,014,BOCA DE MAO (EMA),VALVERDE,MINISTERIO DE AGRICULTURA,EMAP,38.4,21.7,6.8,https://indomet.gob.do/wp-content/uploads/2025/08/temperaturas-extremas-y-precipitaciones-2025x08x03-a.pdf
2025-08-03,015,GURABO,SANTIAGO,MINISTERIO DE AGRICULTURA,EMCV,,,6.6,https://indomet.gob.do/wp-content/uploads/2025/08/temperaturas-extremas-y-precipitaciones-2025x08x03-a.pdf
2025-08-03,016,ARPT. EL CATEY,SAMANÁ,ONAMET,EMCI,31.4,24.0,5.6,https://indomet.gob.do/wp-content/uploads/2025/08/temperaturas-extremas-y-precipitaciones-2025x08x03-a.pdf
2025-08-03,017,CABRAL,BARAHONA,MINISTERIO DE AGRICULTURA,EMCV,33.4,24.3,5.2,https://indomet.gob.do/wp-content/uploads/2025/08/temperaturas-extremas-y-precipitaciones-2025x08x03-a.pdf
2025-08-03,018,PERALTA,AZUA,HOSP. MPAL. DE PERALTA,EMCI,30.8,18.5,5.2,https://indomet.gob.do/wp-content/uploads/2025/08/temperaturas-extremas-y-precipitaciones-2025x08x03-a.pdf
2025-08-03,019,POLO,BARAHONA,INDOCAFE,EMCI,30.0,19.0,5.0,https://indomet.gob.do/wp-content/uploads/2025/08/temperaturas-extremas-y-precipitaciones-2025x08x03-a.pdf
2025-08-03,020,RÍO SAN JUAN,MARÍA TRINIDAD SÁNCHEZ,HOSP. MPAL. DR. DESIDERIO ACOSTA,EMCV,35.5,25.9,4.5,https://indomet.gob.do/wp-content/uploads/2025/08/temperaturas-extremas-y-precipitaciones-2025x08x03-a.pdf
2025-08-03,021,PRESA DE TAVERAS (EMA),LA VEGA,PROGRAMA MUNDIAL DE ALIMENTO,EMAP,34.7,20.6,4.4,https://indomet.gob.do/wp-content/uploads/2025/08/temperaturas-extremas-y-precipitaciones-2025x08x03-a.pdf
2025-08-03,022,DAJABÓN,DAJABÓN,INSTITUTO POLITÉCNICO LOYOLA,EMCI,33.8,20.6,4.3,https://indomet.gob.do/wp-content/uploads/2025/08/temperaturas-extremas-y-precipitaciones-2025x08x03-a.pdf
2025-08-03,023,BASE AÉREA DE SAN ISIDRO,SANTO DOMINGO,FUERZA AÉREA DOMINICANA,EMCV,33.2,24.0,4.0,https://indomet.gob.do/wp-content/uploads/2025/08/temperaturas-extremas-y-precipitaciones-2025x08x03-a.pdf
2025-08-03,024,VILLA RIVA,DUARTE,HOSP. MPAL. ALICIA DE LEGENDRE,EMCI,32.0,23.3,3.8,https://indomet.gob.do/wp-content/uploads/2025/08/temperaturas-extremas-y-precipitaciones-2025x08x03-a.pdf
2025-08-03,025,VILLA ALTAGRACIA,SAN CRISTÓBAL,ESCUELA JAVIER ANGULO GURIDI,EMCI,,,3.0,https://indomet.gob.do/wp-content/uploads/2025/08/temperaturas-extremas-y-precipitaciones-2025x08x03-a.pdf
2025-08-03,026,MONTE CRISTI,MONTE CRISTI,ONAMET,EMCI,34.5,23.0,2.8,https://indomet.gob.do/wp-content/uploads/2025/08/temperaturas-extremas-y-precipitaciones-2025x08x03-a.pdf
2025-08-03,027,HONDO VALLE,ELÍAS PIÑA,MINISTERIO DE AGRICULTURA,EMCI,27.2,18.1,2.5,https://indomet.gob.do/wp-content/uploads/2025/08/temperaturas-extremas-y-precipitaciones-2025x08x03-a.pdf
2025-08-03,028,ARPT. DE LAS AMÉRICAS,SANTO DOMINGO,ONAMET,EMCI,31.5,,2.3,https://indomet.gob.do/wp-content/uploads/2025/08/temperaturas-extremas-y-precipitaciones-2025x08x03-a.pdf
2025-08-03,029,LA VICTORIA,SANTO DOMINGO,CUERPO DE BOMBEROS,EMCI,33.0,24.5,2.3,https://indomet.gob.do/wp-content/uploads/2025/08/temperaturas-extremas-y-precipitaciones-2025x08x03-a.pdf
2025-08-03,030,ARPT. DE PUNTA CANA,LA ALTAGRACIA,ONAMET,EMCI,30.5,24.6,1.6,https://indomet.gob.do/wp-content/uploads/2025/08/temperaturas-extremas-y-precipitaciones-2025x08x03-a.pdf
2025-08-03,031,ARPT. LA ISABELA,SANTO DOMINGO,ONAMET,EMCI,33.0,24.2,1.3,https://indomet.gob.do/wp-content/uploads/2025/08/temperaturas-extremas-y-precipitaciones-2025x08x03-a.pdf
2025-08-03,032,ANAMUYA (EMA),LA ALTAGRACIA,MINISTERIO DE AGRICULTURA,EMAP,33.3,24.9,1.2,https://indomet.gob.do/wp-content/uploads/2025/08/temperaturas-extremas-y-precipitaciones-2025x08x03-a.pdf
2025-08-03,033,JIMANÍ,INDEPENDENCIA,MINISTERIO DE AGRICULTURA,EMCI,34.2,22.0,1.1,https://indomet.gob.do/wp-content/uploads/2025/08/temperaturas-extremas-y-precipitaciones-2025x08x03-a.pdf
2025-08-03,034,RESTAURACIÓN,DAJABÓN,MINISTERIO DE AGRICULTURA,EMCI,34.9,22.3,1.1,https://indomet.gob.do/wp-content/uploads/2025/08/temperaturas-extremas-y-precipitaciones-2025x08x03-a.pdf
2025-08-03,035,CABRERA,MARÍA TRINIDAD SÁNCHEZ,ESCUELA ARÍSTIDES FIALLO CABRAL,EMCI,34.5,26.2,1.0,https://indomet.gob.do/wp-content/uploads/2025/08/temperaturas-extremas-y-precipitaciones-2025x08x03-a.pdf
2025-08-03,036,SAMANÁ,SAMANÁ,COMANDANCIA DE PUERTO DE SAMANÁ,EMCI,34.2,23.5,0.8,https://indomet.gob.do/wp-content/uploads/2025/08/temperaturas-extremas-y-precipitaciones-2025x08x03-a.pdf
2025-08-03,037,VILLA GONZALES,SANTIAGO,MINISTERIO DE AGRICULTURA,EMCI,,,0.8,https://indomet.gob.do/wp-content/uploads/2025/08/temperaturas-extremas-y-precipitaciones-2025x08x03-a.pdf
2025-08-03,038,HATO MAYOR,HATO MAYOR,MINISTERIO DE AGRICULTURA,EMCV,,,0.8,https://indomet.gob.do/wp-content/uploads/2025/08/temperaturas-extremas-y-precipitaciones-2025x08x03-a.pdf
2025-08-03,039,JARABACOA,LA VEGA,INDRHI / MARENA,EMCI,32.2,17.4,0.5,https://indomet.gob.do/wp-content/uploads/2025/08/temperaturas-extremas-y-precipitaciones-2025x08x03-a.pdf
2025-08-03,040,SABANA DE LA MAR,HATO MAYOR,ONAMET,EMCI,34.0,24.0,0.5,https://indomet.gob.do/wp-content/uploads/2025/08/temperaturas-extremas-y-precipitaciones-2025x08x03-a.pdf
2025-08-03,041,SANTO DOMINGO ESTE,SANTO DOMINGO,ONAMET,EMCI,32.7,25.2,0.5,https://indomet.gob.do/wp-content/uploads/2025/08/temperaturas-extremas-y-precipitaciones-2025x08x03-a.pdf
2025-08-03,042,JARABACOA (EMA),LA VEGA,PROGRAMA MUNDIAL DE ALIMENTO,EMAP,30.9,18.6,0.4,https://indomet.gob.do/wp-content/uploads/2025/08/temperaturas-extremas-y-precipitaciones-2025x08x03-a.pdf
2025-08-03,043,ESCONDIDO,PERAVIA,MINISTERIO DE AGRICULTURA,EMCV,32.0,25.0,0.3,https://indomet.gob.do/wp-content/uploads/2025/08/temperaturas-extremas-y-precipitaciones-2025x08x03-a.pdf
2025-08-03,044,BANI (EMA),PERAVIA,MINISTERIO DE AGRICULTURA,EMAP,34.9,25.7,0.2,https://indomet.gob.do/wp-content/uploads/2025/08/temperaturas-extremas-y-precipitaciones-2025x08x03-a.pdf
2025-08-03,045,VALLE NUEVO (EMA),LA VEGA,MARENA,EMAI,21.1,15.3,0.2,https://indomet.gob.do/wp-content/uploads/2025/08/temperaturas-extremas-y-precipitaciones-2025x08x03-a.pdf
2025-08-03,046,ARPT. DEL CIBAO,SANTIAGO,ONAMET,EMCI,36.0,23.0,0.1,https://indomet.gob.do/wp-content/uploads/2025/08/temperaturas-extremas-y-precipitaciones-2025x08x03-a.pdf
2025-08-03,047,ARPT. ARROYO BARRIL,SAMANÁ,ONAMET,EMCI,31.4,24.5,0.0,https://indomet.gob.do/wp-content/uploads/2025/08/temperaturas-extremas-y-precipitaciones-2025x08x03-a.pdf
2025-08-03,048,ARPT. DE LA ROMANA,LA ROMANA,ONAMET,EMCI,33.0,23.0,0.0,https://indomet.gob.do/wp-content/uploads/2025/08/temperaturas-extremas-y-precipitaciones-2025x08x03-a.pdf
2025-08-03,049,ARPT. GREGORIO LUPERÓN,PUERTO PLATA,ONAMET,EMCI,33.0,24.8,0.0,https://indomet.gob.do/wp-content/uploads/2025/08/temperaturas-extremas-y-precipitaciones-2025x08x03-a.pdf
2025-08-03,050,ARPT. MARÍA MONTEZ,BARAHONA,ONAMET,EMCI,32.6,26.5,0.0,https://indomet.gob.do/wp-content/uploads/2025/08/temperaturas-extremas-y-precipitaciones-2025x08x03-a.pdf
2025-08-03,051,ARROYO LORO,SAN JUAN,IDIAF,EMCI,32.5,20.0,0.0,https://indomet.gob.do/wp-content/uploads/2025/08/temperaturas-extremas-y-precipitaciones-2025x08x03-a.pdf
2025-08-03,052,BAYAGUANA,MONTE PLATA,ONAMET,EMCI,33.4,23.2,0.0,https://indomet.gob.do/wp-content/uploads/2025/08/temperaturas-extremas-y-precipitaciones-2025x08x03-a.pdf
2025-08-03,053,BOHECHÍO,SAN JUAN,MINISTERIO DE AGRICULTURA,EMCV,,,0.0,https://indomet.gob.do/wp-content/uploads/2025/08/temperaturas-extremas-y-precipitaciones-2025x08x03-a.pdf
2025-08-03,054,CENTRO DE LOS HEROES (EMA),DISTRITO NACIONAL,MINISTERIO DE ENERGIA Y MINA,EMAP,31.7,27.1,0.0,https://indomet.gob.do/wp-content/uploads/2025/08/temperaturas-extremas-y-precipitaciones-2025x08x03-a.pdf
2025-08-03,055,EL CERCADO,SAN JUAN,MINISTERIO DE AGRICULTURA,EMCV,,,0.0,https://indomet.gob.do/wp-content/uploads/2025/08/temperaturas-extremas-y-precipitaciones-2025x08x03-a.pdf
2025-08-03,056,ENRIQUILLO,BARAHONA,MINISTERIO DE AGRICULTURA,EMCV,33.0,25.0,0.0,https://indomet.gob.do/wp-content/uploads/2025/08/temperaturas-extremas-y-precipitaciones-2025x08x03-a.pdf
2025-08-03,057,GASPAR HERNÁNDEZ,ESPAILLAT,PROPIEDAD DEL EMPLEADO,EMCI,,,0.0,https://indomet.gob.do/wp-content/uploads/2025/08/temperaturas-extremas-y-precipitaciones-2025x08x03-a.pdf
2025-08-03,058,HIGÜEY,LA ALTAGRACIA,MINISTERIO DE AGRICULTURA,EMCV,,,0.0,https://indomet.gob.do/wp-content/uploads/2025/08/temperaturas-extremas-y-precipitaciones-2025x08x03-a.pdf
2025-08-03,059,JARDÍN BOTÁNICO NACIONAL,DISTRITO NACIONAL,JARDÍN BOTÁNICO NACIONAL,EMCV,33.8,22.1,0.0,https://indomet.gob.do/wp-content/uploads/2025/08/temperaturas-extremas-y-precipitaciones-2025x08x03-a.pdf
2025-08-03,060,JUMA BEJUCAL,MONSEÑOR NOUEL,IDIAF,EMCV,32.0,23.8,0.0,https://indomet.gob.do/wp-content/uploads/2025/08/temperaturas-extremas-y-precipitaciones-2025x08x03-a.pdf
2025-08-03,061,LA VEGA,LA VEGA,IATESA,EMCI,35.0,22.0,0.0,https://indomet.gob.do/wp-content/uploads/2025/08/temperaturas-extremas-y-precipitaciones-2025x08x03-a.pdf
2025-08-03,062,LAS CANAS (EMA),MONTE CRISTI,PROGRAMA MUNDIAL DE ALIMENTO,EMAP,31.3,22.1,0.0,https://indomet.gob.do/wp-content/uploads/2025/08/temperaturas-extremas-y-precipitaciones-2025x08x03-a.pdf
2025-08-03,063,LOS LLANOS,SAN PEDRO DE MACORÍS,MINISTERIO DE AGRICULTURA,EMCI,32.8,24.0,0.0,https://indomet.gob.do/wp-content/uploads/2025/08/temperaturas-extremas-y-precipitaciones-2025x08x03-a.pdf
2025-08-03,064,LOS TRES CHARCOS (EMA),PEDERNALES,PROPIEDAD DEL VOLUNTARIO,EMAP,33.7,25.9,0.0,https://indomet.gob.do/wp-content/uploads/2025/08/temperaturas-extremas-y-precipitaciones-2025x08x03-a.pdf
2025-08-03,065,OLIVARES,PEDERNALES,INDRHI,EMCI,,,0.0,https://indomet.gob.do/wp-content/uploads/2025/08/temperaturas-extremas-y-precipitaciones-2025x08x03-a.pdf
2025-08-03,066,OVIEDO,PEDERNALES,CLÍNICA RURAL OVIEDO,EMCI,34.5,27.0,0.0,https://indomet.gob.do/wp-content/uploads/2025/08/temperaturas-extremas-y-precipitaciones-2025x08x03-a.pdf
2025-08-03,067,PADRE LAS CASAS,AZUA,HOSP. NTRA. SRA. DEL CARMEN,EMCI,32.3,19.6,0.0,https://indomet.gob.do/wp-content/uploads/2025/08/temperaturas-extremas-y-precipitaciones-2025x08x03-a.pdf
2025-08-03,068,PARQUE MIRADOR SUR,DISTRITO NACIONAL,AYUNTAMIENTO,EMCV,,,0.0,https://indomet.gob.do/wp-content/uploads/2025/08/temperaturas-extremas-y-precipitaciones-2025x08x03-a.pdf
2025-08-03,069,PEDERNALES,PEDERNALES,INDRHI,EMCI,,,0.0,https://indomet.gob.do/wp-content/uploads/2025/08/temperaturas-extremas-y-precipitaciones-2025x08x03-a.pdf
2025-08-03,070,PESCADERIA (EMA),BARAHONA,MINISTERIO DE AGRICULTURA,EMAP,33.9,24.8,0.0,https://indomet.gob.do/wp-content/uploads/2025/08/temperaturas-extremas-y-precipitaciones-2025x08x03-a.pdf
2025-08-03,071,PONTÓN ABAJO (EMA),LA VEGA,MINISTERIO DE AGRICULTURA,EMAP,37.0,22.9,0.0,https://indomet.gob.do/wp-content/uploads/2025/08/temperaturas-extremas-y-precipitaciones-2025x08x03-a.pdf
2025-08-03,072,RANCHO ARRIBA,SAN JOSÉ DE OCOA,CENTRO TECNOLÓGICO COMUNITARIO,EMCI,30.4,17.8,0.0,https://indomet.gob.do/wp-content/uploads/2025/08/temperaturas-extremas-y-precipitaciones-2025x08x03-a.pdf
2025-08-03,073,SALCEDO,HERMANAS MIRABAL,PROPIEDAD DEL EMPLEADO,EMCI,,,0.0,https://indomet.gob.do/wp-content/uploads/2025/08/temperaturas-extremas-y-precipitaciones-2025x08x03-a.pdf
2025-08-03,074,SAN CRISTÓBAL,SAN CRISTÓBAL,INSTITUTO POLITÉCNICO LOYOLA,EMCI,34.0,22.0,0.0,https://indomet.gob.do/wp-content/uploads/2025/08/temperaturas-extremas-y-precipitaciones-2025x08x03-a.pdf
2025-08-03,075,SAN FRANCISCO DE MACORÍS,DUARTE,San Francisco de Macorís (UASD),EMCI,27.8,24.7,0.0,https://indomet.gob.do/wp-content/uploads/2025/08/temperaturas-extremas-y-precipitaciones-2025x08x03-a.pdf
2025-08-03,076,SAN JOSÉ DE OCOA,SAN JOSÉ DE OCOA,HOSP. SAN JOSÉ DE OCOA,EMCI,32.2,21.1,0.0,https://indomet.gob.do/wp-content/uploads/2025/08/temperaturas-extremas-y-precipitaciones-2025x08x03-a.pdf
2025-08-03,077,SAN RAFAEL DEL YUMA,LA ALTAGRACIA,MINISTERIO DE AGRICULTURA,EMCI,25.4,24.4,0.0,https://indomet.gob.do/wp-content/uploads/2025/08/temperaturas-extremas-y-precipitaciones-2025x08x03-a.pdf
2025-08-03,078,SÁNCHEZ,SAMANÁ,MINISTERIO DE AGRICULTURA,EMCI,32.8,24.0,0.0,https://indomet.gob.do/wp-content/uploads/2025/08/temperaturas-extremas-y-precipitaciones-2025x08x03-a.pdf
2025-08-03,079,TÁBARA ABAJO,AZUA,INDRHI,EMCI,33.5,23.0,0.0,https://indomet.gob.do/wp-content/uploads/2025/08/temperaturas-extremas-y-precipitaciones-2025x08x03-a.pdf
2025-08-04,001,ALTAMIRA,PUERTO PLATA,HOSP. MPAL. DE ALTAMIRA,EMCI,35.5,21.0,30.6,https://indomet.gob.do/wp-content/uploads/2025/08/temperaturas-extremas-y-precipitaciones-2025x08x04-a.pdf
2025-08-04,002,NAVARRETE,SANTIAGO,MINISTERIO DE AGRICULTURA,EMCV,,,21.8,https://indomet.gob.do/wp-content/uploads/2025/08/temperaturas-extremas-y-precipitaciones-2025x08x04-a.pdf
2025-08-04,003,ARROYO LORO,SAN JUAN,IDIAF,EMCI,33.5,18.0,17.8,https://indomet.gob.do/wp-content/uploads/2025/08/temperaturas-extremas-y-precipitaciones-2025x08x04-a.pdf
2025-08-04,004,SABANETA (EMA),SANTIAGO RODRÍGUEZ,PROGRAMA MUNDIAL DE ALIMENTO,EMAP,,,17.6,https://indomet.gob.do/wp-content/uploads/2025/08/temperaturas-extremas-y-precipitaciones-2025x08x04-a.pdf
2025-08-04,005,SANTIAGO RODRÍGUEZ,SANTIAGO RODRÍGUEZ,ONAMET,EMCI,36.5,21.4,16.5,https://indomet.gob.do/wp-content/uploads/2025/08/temperaturas-extremas-y-precipitaciones-2025x08x04-a.pdf
2025-08-04,006,PALO ÍNDIO,PUERTO PLATA,MINISTERIO DE AGRICULTURA,EMCI,,,13.2,https://indomet.gob.do/wp-content/uploads/2025/08/temperaturas-extremas-y-precipitaciones-2025x08x04-a.pdf
2025-08-04,007,LAS MATAS DE SANTA CRUZ (EMA,MONTE CRISTI,PROGRAMA MUNDIAL DE ALIMENTO,EMAP,35.8,22.2,13.0,https://indomet.gob.do/wp-content/uploads/2025/08/temperaturas-extremas-y-precipitaciones-2025x08x04-a.pdf
2025-08-04,008,MONCIÓN (EMA),SANTIAGO RODRÍGUEZ,PROGRAMA MUNDIAL DE ALIMENTO,EMAP,33.7,19.1,12.6,https://indomet.gob.do/wp-content/uploads/2025/08/temperaturas-extremas-y-precipitaciones-2025x08x04-a.pdf
2025-08-04,009,PERALTA,AZUA,HOSP. MPAL. DE PERALTA,EMCI,32.0,18.6,9.6,https://indomet.gob.do/wp-content/uploads/2025/08/temperaturas-extremas-y-precipitaciones-2025x08x04-a.pdf
2025-08-04,010,MAO,VALVERDE,INDRHI / MINISTERIO DE AGRICULTURA,EMCV,,,6.7,https://indomet.gob.do/wp-content/uploads/2025/08/temperaturas-extremas-y-precipitaciones-2025x08x04-a.pdf
2025-08-04,011,RESTAURACIÓN,DAJABÓN,MINISTERIO DE AGRICULTURA,EMCI,32.5,21.6,5.2,https://indomet.gob.do/wp-content/uploads/2025/08/temperaturas-extremas-y-precipitaciones-2025x08x04-a.pdf
2025-08-04,012,HIGÜEY,LA ALTAGRACIA,MINISTERIO DE AGRICULTURA,EMCV,,,5.1,https://indomet.gob.do/wp-content/uploads/2025/08/temperaturas-extremas-y-precipitaciones-2025x08x04-a.pdf
2025-08-04,013,DAJABÓN,DAJABÓN,INSTITUTO POLITÉCNICO LOYOLA,EMCI,34.3,19.5,5.0,https://indomet.gob.do/wp-content/uploads/2025/08/temperaturas-extremas-y-precipitaciones-2025x08x04-a.pdf
2025-08-04,014,ARPT. ARROYO BARRIL,SAMANÁ,ONAMET,EMCI,33.0,24.7,4.3,https://indomet.gob.do/wp-content/uploads/2025/08/temperaturas-extremas-y-precipitaciones-2025x08x04-a.pdf
2025-08-04,015,VILLA ISABELA,PUERTO PLATA,MINISTERIO DE AGRICULTURA,EMCV,,,3.8,https://indomet.gob.do/wp-content/uploads/2025/08/temperaturas-extremas-y-precipitaciones-2025x08x04-a.pdf
2025-08-04,016,GURABO,SANTIAGO,MINISTERIO DE AGRICULTURA,EMCV,,,3.0,https://indomet.gob.do/wp-content/uploads/2025/08/temperaturas-extremas-y-precipitaciones-2025x08x04-a.pdf
2025-08-04,017,HONDO VALLE,ELÍAS PIÑA,MINISTERIO DE AGRICULTURA,EMCI,27.5,18.6,2.8,https://indomet.gob.do/wp-content/uploads/2025/08/temperaturas-extremas-y-precipitaciones-2025x08x04-a.pdf
2025-08-04,018,ANAMUYA (EMA),LA ALTAGRACIA,MINISTERIO DE AGRICULTURA,EMAP,34.7,25.1,2.6,https://indomet.gob.do/wp-content/uploads/2025/08/temperaturas-extremas-y-precipitaciones-2025x08x04-a.pdf
2025-08-04,019,ELÍAS PIÑA,ELÍAS PIÑA,MINISTERIO DE AGRICULTURA,EMCV,,,2.6,https://indomet.gob.do/wp-content/uploads/2025/08/temperaturas-extremas-y-precipitaciones-2025x08x04-a.pdf
2025-08-04,020,VILLA GONZALES,SANTIAGO,MINISTERIO DE AGRICULTURA,EMCI,,,2.3,https://indomet.gob.do/wp-content/uploads/2025/08/temperaturas-extremas-y-precipitaciones-2025x08x04-a.pdf
2025-08-04,021,VILLA RIVA,DUARTE,HOSP. MPAL. ALICIA DE LEGENDRE,EMCI,33.0,23.0,2.0,https://indomet.gob.do/wp-content/uploads/2025/08/temperaturas-extremas-y-precipitaciones-2025x08x04-a.pdf
2025-08-04,022,BOCA DE MAO (EMA),VALVERDE,MINISTERIO DE AGRICULTURA,EMAP,37.0,21.4,1.6,https://indomet.gob.do/wp-content/uploads/2025/08/temperaturas-extremas-y-precipitaciones-2025x08x04-a.pdf
2025-08-04,023,ARPT. DE PUNTA CANA,LA ALTAGRACIA,ONAMET,EMCI,32.6,24.5,1.4,https://indomet.gob.do/wp-content/uploads/2025/08/temperaturas-extremas-y-precipitaciones-2025x08x04-a.pdf
2025-08-04,024,POLO,BARAHONA,INDOCAFE,EMCI,29.9,18.0,1.3,https://indomet.gob.do/wp-content/uploads/2025/08/temperaturas-extremas-y-precipitaciones-2025x08x04-a.pdf
2025-08-04,025,BOHECHÍO,SAN JUAN,MINISTERIO DE AGRICULTURA,EMCV,,,1.0,https://indomet.gob.do/wp-content/uploads/2025/08/temperaturas-extremas-y-precipitaciones-2025x08x04-a.pdf
2025-08-04,026,PADRE LAS CASAS,AZUA,HOSP. NTRA. SRA. DEL CARMEN,EMCI,33.0,18.5,1.0,https://indomet.gob.do/wp-content/uploads/2025/08/temperaturas-extremas-y-precipitaciones-2025x08x04-a.pdf
2025-08-04,027,CONSTANZA,LA VEGA,MINISTERIO DE AGRICULTURA,EMCI,29.4,12.9,0.4,https://indomet.gob.do/wp-content/uploads/2025/08/temperaturas-extremas-y-precipitaciones-2025x08x04-a.pdf
2025-08-04,028,CONSTANZA (EMA),LA VEGA,PROGRAMA MUNDIAL DE ALIMENTO,EMAP,28.4,13.6,0.2,https://indomet.gob.do/wp-content/uploads/2025/08/temperaturas-extremas-y-precipitaciones-2025x08x04-a.pdf
2025-08-04,029,VALLE NUEVO (EMA),LA VEGA,MARENA,EMAI,,,0.2,https://indomet.gob.do/wp-content/uploads/2025/08/temperaturas-extremas-y-precipitaciones-2025x08x04-a.pdf
2025-08-04,030,SALCEDO,HERMANAS MIRABAL,PROPIEDAD DEL EMPLEADO,EMCI,,,0.1,https://indomet.gob.do/wp-content/uploads/2025/08/temperaturas-extremas-y-precipitaciones-2025x08x04-a.pdf
2025-08-04,031,ARPT. DE LA ROMANA,LA ROMANA,ONAMET,EMCI,34.8,22.8,0.0,https://indomet.gob.do/wp-content/uploads/2025/08/temperaturas-extremas-y-precipitaciones-2025x08x04-a.pdf
2025-08-04,032,ARPT. DE LAS AMÉRICAS,SANTO DOMINGO,ONAMET,EMCI,32.2,24.4,0.0,https://indomet.gob.do/wp-content/uploads/2025/08/temperaturas-extremas-y-precipitaciones-2025x08x04-a.pdf
2025-08-04,033,ARPT. DEL CIBAO,SANTIAGO,ONAMET,EMCI,35.8,22.5,0.0,https://indomet.gob.do/wp-content/uploads/2025/08/temperaturas-extremas-y-precipitaciones-2025x08x04-a.pdf
2025-08-04,034,ARPT. EL CATEY,SAMANÁ,ONAMET,EMCI,33.0,23.0,0.0,https://indomet.gob.do/wp-content/uploads/2025/08/temperaturas-extremas-y-precipitaciones-2025x08x04-a.pdf
2025-08-04,035,ARPT. GREGORIO LUPERÓN,PUERTO PLATA,ONAMET,EMCI,34.0,24.6,0.0,https://indomet.gob.do/wp-content/uploads/2025/08/temperaturas-extremas-y-precipitaciones-2025x08x04-a.pdf
2025-08-04,036,ARPT. LA ISABELA,SANTO DOMINGO,ONAMET,EMCI,34.0,24.0,0.0,https://indomet.gob.do/wp-content/uploads/2025/08/temperaturas-extremas-y-precipitaciones-2025x08x04-a.pdf
2025-08-04,037,ARPT. MARÍA MONTEZ,BARAHONA,ONAMET,EMCI,34.2,24.0,0.0,https://indomet.gob.do/wp-content/uploads/2025/08/temperaturas-extremas-y-precipitaciones-2025x08x04-a.pdf
2025-08-04,038,BANI (EMA),PERAVIA,MINISTERIO DE AGRICULTURA,EMAP,,,0.0,https://indomet.gob.do/wp-content/uploads/2025/08/temperaturas-extremas-y-precipitaciones-2025x08x04-a.pdf
2025-08-04,039,BASE AÉREA DE SAN ISIDRO,SANTO DOMINGO,FUERZA AÉREA DOMINICANA,EMCV,33.9,24.5,0.0,https://indomet.gob.do/wp-content/uploads/2025/08/temperaturas-extremas-y-precipitaciones-2025x08x04-a.pdf
2025-08-04,040,BAYAGUANA,MONTE PLATA,ONAMET,EMCI,34.4,23.2,0.0,https://indomet.gob.do/wp-content/uploads/2025/08/temperaturas-extremas-y-precipitaciones-2025x08x04-a.pdf
2025-08-04,041,CABRAL,BARAHONA,MINISTERIO DE AGRICULTURA,EMCV,35.3,24.2,0.0,https://indomet.gob.do/wp-content/uploads/2025/08/temperaturas-extremas-y-precipitaciones-2025x08x04-a.pdf
2025-08-04,042,CABRERA,MARÍA TRINIDAD SÁNCHEZ,ESCUELA ARÍSTIDES FIALLO CABRAL,EMCI,34.5,26.2,0.0,https://indomet.gob.do/wp-content/uploads/2025/08/temperaturas-extremas-y-precipitaciones-2025x08x04-a.pdf
2025-08-04,043,CENTRO DE LOS HEROES (EMA),DISTRITO NACIONAL,MINISTERIO DE ENERGIA Y MINA,EMAP,32.3,27.2,0.0,https://indomet.gob.do/wp-content/uploads/2025/08/temperaturas-extremas-y-precipitaciones-2025x08x04-a.pdf
2025-08-04,044,ENRIQUILLO,BARAHONA,MINISTERIO DE AGRICULTURA,EMCV,33.5,26.0,0.0,https://indomet.gob.do/wp-content/uploads/2025/08/temperaturas-extremas-y-precipitaciones-2025x08x04-a.pdf
2025-08-04,045,ESCONDIDO,PERAVIA,MINISTERIO DE AGRICULTURA,EMCV,33.0,26.0,0.0,https://indomet.gob.do/wp-content/uploads/2025/08/temperaturas-extremas-y-precipitaciones-2025x08x04-a.pdf
2025-08-04,046,GASPAR HERNÁNDEZ,ESPAILLAT,PROPIEDAD DEL EMPLEADO,EMCI,,,0.0,https://indomet.gob.do/wp-content/uploads/2025/08/temperaturas-extremas-y-precipitaciones-2025x08x04-a.pdf
2025-08-04,047,HATO MAYOR,HATO MAYOR,MINISTERIO DE AGRICULTURA,EMCV,,,0.0,https://indomet.gob.do/wp-content/uploads/2025/08/temperaturas-extremas-y-precipitaciones-2025x08x04-a.pdf
2025-08-04,048,JARABACOA,LA VEGA,INDRHI / MARENA,EMCI,34.0,18.2,0.0,https://indomet.gob.do/wp-content/uploads/2025/08/temperaturas-extremas-y-precipitaciones-2025x08x04-a.pdf
2025-08-04,049,JARABACOA (EMA),LA VEGA,PROGRAMA MUNDIAL DE ALIMENTO,EMAP,33.0,19.3,0.0,https://indomet.gob.do/wp-content/uploads/2025/08/temperaturas-extremas-y-precipitaciones-2025x08x04-a.pdf
2025-08-04,050,JARDÍN BOTÁNICO NACIONAL,DISTRITO NACIONAL,JARDÍN BOTÁNICO NACIONAL,EMCV,33.3,23.1,0.0,https://indomet.gob.do/wp-content/uploads/2025/08/temperaturas-extremas-y-precipitaciones-2025x08x04-a.pdf
2025-08-04,051,JIMANÍ,INDEPENDENCIA,MINISTERIO DE AGRICULTURA,EMCI,36.2,25.5,0.0,https://indomet.gob.do/wp-content/uploads/2025/08/temperaturas-extremas-y-precipitaciones-2025x08x04-a.pdf
2025-08-04,052,JUMA BEJUCAL,MONSEÑOR NOUEL,IDIAF,EMCV,32.8,23.6,0.0,https://indomet.gob.do/wp-content/uploads/2025/08/temperaturas-extremas-y-precipitaciones-2025x08x04-a.pdf
2025-08-04,053,LA VEGA,LA VEGA,IATESA,EMCI,35.0,22.5,0.0,https://indomet.gob.do/wp-content/uploads/2025/08/temperaturas-extremas-y-precipitaciones-2025x08x04-a.pdf
2025-08-04,054,LA VICTORIA,SANTO DOMINGO,CUERPO DE BOMBEROS,EMCI,34.5,24.5,0.0,https://indomet.gob.do/wp-content/uploads/2025/08/temperaturas-extremas-y-precipitaciones-2025x08x04-a.pdf
2025-08-04,055,LAS CANAS (EMA),MONTE CRISTI,PROGRAMA MUNDIAL DE ALIMENTO,EMAP,31.7,22.2,0.0,https://indomet.gob.do/wp-content/uploads/2025/08/temperaturas-extremas-y-precipitaciones-2025x08x04-a.pdf
2025-08-04,056,LOS LLANOS,SAN PEDRO DE MACORÍS,MINISTERIO DE AGRICULTURA,EMCI,33.5,24.3,0.0,https://indomet.gob.do/wp-content/uploads/2025/08/temperaturas-extremas-y-precipitaciones-2025x08x04-a.pdf
2025-08-04,057,LOS TRES CHARCOS (EMA),PEDERNALES,PROPIEDAD DEL VOLUNTARIO,EMAP,34.0,25.8,0.0,https://indomet.gob.do/wp-content/uploads/2025/08/temperaturas-extremas-y-precipitaciones-2025x08x04-a.pdf
2025-08-04,058,MONTE CRISTI,MONTE CRISTI,ONAMET,EMCI,35.8,23.0,0.0,https://indomet.gob.do/wp-content/uploads/2025/08/temperaturas-extremas-y-precipitaciones-2025x08x04-a.pdf
2025-08-04,059,OLIVARES,PEDERNALES,INDRHI,EMCI,,,0.0,https://indomet.gob.do/wp-content/uploads/2025/08/temperaturas-extremas-y-precipitaciones-2025x08x04-a.pdf
2025-08-04,060,OVIEDO,PEDERNALES,CLÍNICA RURAL OVIEDO,EMCI,34.3,25.0,0.0,https://indomet.gob.do/wp-content/uploads/2025/08/temperaturas-extremas-y-precipitaciones-2025x08x04-a.pdf
2025-08-04,061,PEDERNALES,PEDERNALES,INDRHI,EMCI,,,0.0,https://indomet.gob.do/wp-content/uploads/2025/08/temperaturas-extremas-y-precipitaciones-2025x08x04-a.pdf
2025-08-04,062,PESCADERIA (EMA),BARAHONA,MINISTERIO DE AGRICULTURA,EMAP,,,0.0,https://indomet.gob.do/wp-content/uploads/2025/08/temperaturas-extremas-y-precipitaciones-2025x08x04-a.pdf
2025-08-04,063,PONTÓN ABAJO (EMA),LA VEGA,MINISTERIO DE AGRICULTURA,EMAP,36.9,23.6,0.0,https://indomet.gob.do/wp-content/uploads/2025/08/temperaturas-extremas-y-precipitaciones-2025x08x04-a.pdf
2025-08-04,064,PRESA DE TAVERAS (EMA),LA VEGA,PROGRAMA MUNDIAL DE ALIMENTO,EMAP,,,0.0,https://indomet.gob.do/wp-content/uploads/2025/08/temperaturas-extremas-y-precipitaciones-2025x08x04-a.pdf
2025-08-04,065,RANCHO ARRIBA,SAN JOSÉ DE OCOA,CENTRO TECNOLÓGICO COMUNITARIO,EMCI,31.9,17.1,0.0,https://indomet.gob.do/wp-content/uploads/2025/08/temperaturas-extremas-y-precipitaciones-2025x08x04-a.pdf
2025-08-04,066,RÍO SAN JUAN,MARÍA TRINIDAD SÁNCHEZ,HOSP. MPAL. DR. DESIDERIO ACOSTA,EMCV,35.7,25.9,0.0,https://indomet.gob.do/wp-content/uploads/2025/08/temperaturas-extremas-y-precipitaciones-2025x08x04-a.pdf
2025-08-04,067,SABANA DE LA MAR,HATO MAYOR,ONAMET,EMCI,32.5,23.5,0.0,https://indomet.gob.do/wp-content/uploads/2025/08/temperaturas-extremas-y-precipitaciones-2025x08x04-a.pdf
2025-08-04,068,SABANA GRANDE DE BOYÁ,MONTE PLATA,MINISTERIO DE AGRICULTURA,EMCV,,,0.0,https://indomet.gob.do/wp-content/uploads/2025/08/temperaturas-extremas-y-precipitaciones-2025x08x04-a.pdf
2025-08-04,069,SAMANÁ,SAMANÁ,COMANDANCIA DE PUERTO DE SAMANÁ,EMCI,34.3,24.6,0.0,https://indomet.gob.do/wp-content/uploads/2025/08/temperaturas-extremas-y-precipitaciones-2025x08x04-a.pdf
2025-08-04,070,SAN CRISTÓBAL,SAN CRISTÓBAL,INSTITUTO POLITÉCNICO LOYOLA,EMCI,32.2,21.2,0.0,https://indomet.gob.do/wp-content/uploads/2025/08/temperaturas-extremas-y-precipitaciones-2025x08x04-a.pdf
2025-08-04,071,SAN FRANCISCO DE MACORÍS,DUARTE,San Francisco de Macorís (UASD),EMCI,33.2,24.3,0.0,https://indomet.gob.do/wp-content/uploads/2025/08/temperaturas-extremas-y-precipitaciones-2025x08x04-a.pdf
2025-08-04,072,SAN JOSÉ DE OCOA,SAN JOSÉ DE OCOA,HOSP. SAN JOSÉ DE OCOA,EMCI,35.1,22.3,0.0,https://indomet.gob.do/wp-content/uploads/2025/08/temperaturas-extremas-y-precipitaciones-2025x08x04-a.pdf
2025-08-04,073,SAN RAFAEL DEL YUMA,LA ALTAGRACIA,MINISTERIO DE AGRICULTURA,EMCI,36.1,25.5,0.0,https://indomet.gob.do/wp-content/uploads/2025/08/temperaturas-extremas-y-precipitaciones-2025x08x04-a.pdf
2025-08-04,074,SÁNCHEZ,SAMANÁ,MINISTERIO DE AGRICULTURA,EMCI,32.7,23.5,0.0,https://indomet.gob.do/wp-content/uploads/2025/08/temperaturas-extremas-y-precipitaciones-2025x08x04-a.pdf
2025-08-04,075,SANTO DOMINGO ESTE,SANTO DOMINGO,ONAMET,EMCI,33.2,26.3,0.0,https://indomet.gob.do/wp-content/uploads/2025/08/temperaturas-extremas-y-precipitaciones-2025x08x04-a.pdf
2025-08-04,076,TÁBARA ABAJO,AZUA,INDRHI,EMCI,34.0,24.2,0.0,https://indomet.gob.do/wp-content/uploads/2025/08/temperaturas-extremas-y-precipitaciones-2025x08x04-a.pdf
2025-08-04,077,VILLA ALTAGRACIA,SAN CRISTÓBAL,ESCUELA JAVIER ANGULO GURIDI,EMCI,,,0.0,https://indomet.gob.do/wp-content/uploads/2025/08/temperaturas-extremas-y-precipitaciones-2025x08x04-a.pdf
2025-08-05,001,MAO,VALVERDE,INDRHI / MINISTERIO DE AGRICULTURA,EMCV,,,28.8,https://indomet.gob.do/wp-content/uploads/2025/08/temperaturas-extremas-y-precipitaciones-2025x08x05-a.pdf
2025-08-05,002,EL CERCADO,SAN JUAN,MINISTERIO DE AGRICULTURA,EMCV,,,25.4,https://indomet.gob.do/wp-content/uploads/2025/08/temperaturas-extremas-y-precipitaciones-2025x08x05-a.pdf
2025-08-05,003,ARROYO LORO,SAN JUAN,IDIAF,EMCI,34.2,17.0,21.6,https://indomet.gob.do/wp-content/uploads/2025/08/temperaturas-extremas-y-precipitaciones-2025x08x05-a.pdf
2025-08-05,004,TÁBARA ABAJO,AZUA,INDRHI,EMCI,34.4,23.0,14.4,https://indomet.gob.do/wp-content/uploads/2025/08/temperaturas-extremas-y-precipitaciones-2025x08x05-a.pdf
2025-08-05,005,HONDO VALLE,ELÍAS PIÑA,MINISTERIO DE AGRICULTURA,EMCI,27.1,17.9,7.7,https://indomet.gob.do/wp-content/uploads/2025/08/temperaturas-extremas-y-precipitaciones-2025x08x05-a.pdf
2025-08-05,006,LOS LLANOS,SAN PEDRO DE MACORÍS,MINISTERIO DE AGRICULTURA,EMCI,35.4,23.5,7.4,https://indomet.gob.do/wp-content/uploads/2025/08/temperaturas-extremas-y-precipitaciones-2025x08x05-a.pdf
2025-08-05,007,ARPT. LA ISABELA,SANTO DOMINGO,ONAMET,EMCI,36.2,23.0,6.6,https://indomet.gob.do/wp-content/uploads/2025/08/temperaturas-extremas-y-precipitaciones-2025x08x05-a.pdf
2025-08-05,008,LA VICTORIA,SANTO DOMINGO,CUERPO DE BOMBEROS,EMCI,35.6,24.3,4.7,https://indomet.gob.do/wp-content/uploads/2025/08/temperaturas-extremas-y-precipitaciones-2025x08x05-a.pdf
2025-08-05,009,LOS TRES CHARCOS (EMA),PEDERNALES,PROPIEDAD DEL VOLUNTARIO,EMAP,32.9,22.8,4.4,https://indomet.gob.do/wp-content/uploads/2025/08/temperaturas-extremas-y-precipitaciones-2025x08x05-a.pdf
2025-08-05,010,ARPT. DE PUNTA CANA,LA ALTAGRACIA,ONAMET,EMCI,32.5,23.8,4.2,https://indomet.gob.do/wp-content/uploads/2025/08/temperaturas-extremas-y-precipitaciones-2025x08x05-a.pdf
2025-08-05,011,HIGÜEY,LA ALTAGRACIA,MINISTERIO DE AGRICULTURA,EMCV,,,3.8,https://indomet.gob.do/wp-content/uploads/2025/08/temperaturas-extremas-y-precipitaciones-2025x08x05-a.pdf
2025-08-05,012,ENRIQUILLO,BARAHONA,MINISTERIO DE AGRICULTURA,EMCV,33.5,23.8,3.2,https://indomet.gob.do/wp-content/uploads/2025/08/temperaturas-extremas-y-precipitaciones-2025x08x05-a.pdf
2025-08-05,013,ANAMUYA (EMA),LA ALTAGRACIA,MINISTERIO DE AGRICULTURA,EMAP,33.7,24.4,3.0,https://indomet.gob.do/wp-content/uploads/2025/08/temperaturas-extremas-y-precipitaciones-2025x08x05-a.pdf
2025-08-05,014,ARPT. EL CATEY,SAMANÁ,ONAMET,EMCI,31.0,24.0,2.3,https://indomet.gob.do/wp-content/uploads/2025/08/temperaturas-extremas-y-precipitaciones-2025x08x05-a.pdf
2025-08-05,015,ARPT. DE LA ROMANA,LA ROMANA,ONAMET,EMCI,35.2,23.5,2.2,https://indomet.gob.do/wp-content/uploads/2025/08/temperaturas-extremas-y-precipitaciones-2025x08x05-a.pdf
2025-08-05,016,SAMANÁ,SAMANÁ,COMANDANCIA DE PUERTO DE SAMANÁ,EMCI,34.1,24.1,1.8,https://indomet.gob.do/wp-content/uploads/2025/08/temperaturas-extremas-y-precipitaciones-2025x08x05-a.pdf
2025-08-05,017,ARPT. ARROYO BARRIL,SAMANÁ,ONAMET,EMCI,32.8,24.0,1.5,https://indomet.gob.do/wp-content/uploads/2025/08/temperaturas-extremas-y-precipitaciones-2025x08x05-a.pdf
2025-08-05,018,SANTIAGO RODRÍGUEZ,SANTIAGO RODRÍGUEZ,ONAMET,EMCI,36.8,22.0,1.4,https://indomet.gob.do/wp-content/uploads/2025/08/temperaturas-extremas-y-precipitaciones-2025x08x05-a.pdf
2025-08-05,019,BOCA DE MAO (EMA),VALVERDE,MINISTERIO DE AGRICULTURA,EMAP,36.8,23.3,1.2,https://indomet.gob.do/wp-content/uploads/2025/08/temperaturas-extremas-y-precipitaciones-2025x08x05-a.pdf
2025-08-05,020,SABANETA (EMA),SANTIAGO RODRÍGUEZ,PROGRAMA MUNDIAL DE ALIMENTO,EMAP,37.6,21.2,1.2,https://indomet.gob.do/wp-content/uploads/2025/08/temperaturas-extremas-y-precipitaciones-2025x08x05-a.pdf
2025-08-05,021,SAN RAFAEL DEL YUMA,LA ALTAGRACIA,MINISTERIO DE AGRICULTURA,EMCI,37.2,24.5,1.1,https://indomet.gob.do/wp-content/uploads/2025/08/temperaturas-extremas-y-precipitaciones-2025x08x05-a.pdf
2025-08-05,022,RANCHO ARRIBA,SAN JOSÉ DE OCOA,CENTRO TECNOLÓGICO COMUNITARIO,EMCI,32.8,16.5,0.8,https://indomet.gob.do/wp-content/uploads/2025/08/temperaturas-extremas-y-precipitaciones-2025x08x05-a.pdf
2025-08-05,023,SÁNCHEZ,SAMANÁ,MINISTERIO DE AGRICULTURA,EMCI,33.8,22.4,0.8,https://indomet.gob.do/wp-content/uploads/2025/08/temperaturas-extremas-y-precipitaciones-2025x08x05-a.pdf
2025-08-05,024,SABANA DE LA MAR,HATO MAYOR,ONAMET,EMCI,32.5,25.5,0.7,https://indomet.gob.do/wp-content/uploads/2025/08/temperaturas-extremas-y-precipitaciones-2025x08x05-a.pdf
2025-08-05,025,PERALTA,AZUA,HOSP. MPAL. DE PERALTA,EMCI,30.6,17.8,0.4,https://indomet.gob.do/wp-content/uploads/2025/08/temperaturas-extremas-y-precipitaciones-2025x08x05-a.pdf
2025-08-05,026,RÍO SAN JUAN,MARÍA TRINIDAD SÁNCHEZ,HOSP. MPAL. DR. DESIDERIO ACOSTA,EMCV,35.1,23.9,0.4,https://indomet.gob.do/wp-content/uploads/2025/08/temperaturas-extremas-y-precipitaciones-2025x08x05-a.pdf
2025-08-05,027,VALLE NUEVO (EMA),LA VEGA,MARENA,EMAI,21.8,15.6,0.2,https://indomet.gob.do/wp-content/uploads/2025/08/temperaturas-extremas-y-precipitaciones-2025x08x05-a.pdf
2025-08-05,028,SABANA GRANDE DE BOYÁ,MONTE PLATA,MINISTERIO DE AGRICULTURA,EMCV,,,0.1,https://indomet.gob.do/wp-content/uploads/2025/08/temperaturas-extremas-y-precipitaciones-2025x08x05-a.pdf
2025-08-05,029,ALTAMIRA,PUERTO PLATA,HOSP. MPAL. DE ALTAMIRA,EMCI,33.9,20.0,0.0,https://indomet.gob.do/wp-content/uploads/2025/08/temperaturas-extremas-y-precipitaciones-2025x08x05-a.pdf
2025-08-05,030,ARPT. DE LAS AMÉRICAS,SANTO DOMINGO,ONAMET,EMCI,34.0,24.3,0.0,https://indomet.gob.do/wp-content/uploads/2025/08/temperaturas-extremas-y-precipitaciones-2025x08x05-a.pdf
2025-08-05,031,ARPT. DEL CIBAO,SANTIAGO,ONAMET,EMCI,35.6,22.0,0.0,https://indomet.gob.do/wp-content/uploads/2025/08/temperaturas-extremas-y-precipitaciones-2025x08x05-a.pdf
2025-08-05,032,ARPT. GREGORIO LUPERÓN,PUERTO PLATA,ONAMET,EMCI,34.5,24.4,0.0,https://indomet.gob.do/wp-content/uploads/2025/08/temperaturas-extremas-y-precipitaciones-2025x08x05-a.pdf
2025-08-05,033,ARPT. MARÍA MONTEZ,BARAHONA,ONAMET,EMCI,34.0,25.0,0.0,https://indomet.gob.do/wp-content/uploads/2025/08/temperaturas-extremas-y-precipitaciones-2025x08x05-a.pdf
2025-08-05,034,BANI (EMA),PERAVIA,MINISTERIO DE AGRICULTURA,EMAP,33.6,26.8,0.0,https://indomet.gob.do/wp-content/uploads/2025/08/temperaturas-extremas-y-precipitaciones-2025x08x05-a.pdf
2025-08-05,035,BAYAGUANA,MONTE PLATA,ONAMET,EMCI,34.2,23.4,0.0,https://indomet.gob.do/wp-content/uploads/2025/08/temperaturas-extremas-y-precipitaciones-2025x08x05-a.pdf
2025-08-05,036,BOHECHÍO,SAN JUAN,MINISTERIO DE AGRICULTURA,EMCV,,,0.0,https://indomet.gob.do/wp-content/uploads/2025/08/temperaturas-extremas-y-precipitaciones-2025x08x05-a.pdf
2025-08-05,037,CABRAL,BARAHONA,MINISTERIO DE AGRICULTURA,EMCV,36.2,23.0,0.0,https://indomet.gob.do/wp-content/uploads/2025/08/temperaturas-extremas-y-precipitaciones-2025x08x05-a.pdf
2025-08-05,038,CABRERA,MARÍA TRINIDAD SÁNCHEZ,ESCUELA ARÍSTIDES FIALLO CABRAL,EMCI,35.0,28.1,0.0,https://indomet.gob.do/wp-content/uploads/2025/08/temperaturas-extremas-y-precipitaciones-2025x08x05-a.pdf
2025-08-05,039,CENTRO DE LOS HEROES (EMA),DISTRITO NACIONAL,MINISTERIO DE ENERGIA Y MINA,EMAP,32.8,26.9,0.0,https://indomet.gob.do/wp-content/uploads/2025/08/temperaturas-extremas-y-precipitaciones-2025x08x05-a.pdf
2025-08-05,040,CONSTANZA,LA VEGA,MINISTERIO DE AGRICULTURA,EMCI,28.9,12.5,0.0,https://indomet.gob.do/wp-content/uploads/2025/08/temperaturas-extremas-y-precipitaciones-2025x08x05-a.pdf
2025-08-05,041,CONSTANZA (EMA),LA VEGA,PROGRAMA MUNDIAL DE ALIMENTO,EMAP,28.3,13.3,0.0,https://indomet.gob.do/wp-content/uploads/2025/08/temperaturas-extremas-y-precipitaciones-2025x08x05-a.pdf
2025-08-05,042,COTUÍ,SÁNCHEZ RAMÍREZ,HOSP. INMACULADA CONCEPCIÓN,EMCV,,,0.0,https://indomet.gob.do/wp-content/uploads/2025/08/temperaturas-extremas-y-precipitaciones-2025x08x05-a.pdf
2025-08-05,043,DAJABÓN,DAJABÓN,INSTITUTO POLITÉCNICO LOYOLA,EMCI,35.0,20.1,0.0,https://indomet.gob.do/wp-content/uploads/2025/08/temperaturas-extremas-y-precipitaciones-2025x08x05-a.pdf
2025-08-05,044,ELÍAS PIÑA,ELÍAS PIÑA,MINISTERIO DE AGRICULTURA,EMCV,,,0.0,https://indomet.gob.do/wp-content/uploads/2025/08/temperaturas-extremas-y-precipitaciones-2025x08x05-a.pdf
2025-08-05,045,GASPAR HERNÁNDEZ,ESPAILLAT,PROPIEDAD DEL EMPLEADO,EMCI,,,0.0,https://indomet.gob.do/wp-content/uploads/2025/08/temperaturas-extremas-y-precipitaciones-2025x08x05-a.pdf
2025-08-05,046,GURABO,SANTIAGO,MINISTERIO DE AGRICULTURA,EMCV,,,0.0,https://indomet.gob.do/wp-content/uploads/2025/08/temperaturas-extremas-y-precipitaciones-2025x08x05-a.pdf
2025-08-05,047,HATO MAYOR,HATO MAYOR,MINISTERIO DE AGRICULTURA,EMCV,,,0.0,https://indomet.gob.do/wp-content/uploads/2025/08/temperaturas-extremas-y-precipitaciones-2025x08x05-a.pdf
2025-08-05,048,JARABACOA,LA VEGA,INDRHI / MARENA,EMCI,33.8,18.0,0.0,https://indomet.gob.do/wp-content/uploads/2025/08/temperaturas-extremas-y-precipitaciones-2025x08x05-a.pdf
2025-08-05,049,JARABACOA (EMA),LA VEGA,PROGRAMA MUNDIAL DE ALIMENTO,EMAP,32.6,19.1,0.0,https://indomet.gob.do/wp-content/uploads/2025/08/temperaturas-extremas-y-precipitaciones-2025x08x05-a.pdf
2025-08-05,050,JARDÍN BOTÁNICO NACIONAL,DISTRITO NACIONAL,JARDÍN BOTÁNICO NACIONAL,EMCV,31.7,22.5,0.0,https://indomet.gob.do/wp-content/uploads/2025/08/temperaturas-extremas-y-precipitaciones-2025x08x05-a.pdf
2025-08-05,051,JIMANÍ,INDEPENDENCIA,MINISTERIO DE AGRICULTURA,EMCI,38.0,25.8,0.0,https://indomet.gob.do/wp-content/uploads/2025/08/temperaturas-extremas-y-precipitaciones-2025x08x05-a.pdf
2025-08-05,052,JUMA BEJUCAL,MONSEÑOR NOUEL,IDIAF,EMCV,34.2,23.4,0.0,https://indomet.gob.do/wp-content/uploads/2025/08/temperaturas-extremas-y-precipitaciones-2025x08x05-a.pdf
2025-08-05,053,LA VEGA,LA VEGA,IATESA,EMCI,35.0,22.5,0.0,https://indomet.gob.do/wp-content/uploads/2025/08/temperaturas-extremas-y-precipitaciones-2025x08x05-a.pdf
2025-08-05,054,LAS CANAS (EMA),MONTE CRISTI,PROGRAMA MUNDIAL DE ALIMENTO,EMAP,32.2,23.9,0.0,https://indomet.gob.do/wp-content/uploads/2025/08/temperaturas-extremas-y-precipitaciones-2025x08x05-a.pdf
2025-08-05,055,LAS MATAS DE SANTA CRUZ (EMA,MONTE CRISTI,PROGRAMA MUNDIAL DE ALIMENTO,EMAP,35.6,23.8,0.0,https://indomet.gob.do/wp-content/uploads/2025/08/temperaturas-extremas-y-precipitaciones-2025x08x05-a.pdf
2025-08-05,056,LOS JENGIBRES,NAGUA,INDRHI,EMCI,,,0.0,https://indomet.gob.do/wp-content/uploads/2025/08/temperaturas-extremas-y-precipitaciones-2025x08x05-a.pdf
2025-08-05,057,MONCIÓN (EMA),SANTIAGO RODRÍGUEZ,PROGRAMA MUNDIAL DE ALIMENTO,EMAP,34.6,19.1,0.0,https://indomet.gob.do/wp-content/uploads/2025/08/temperaturas-extremas-y-precipitaciones-2025x08x05-a.pdf
2025-08-05,058,MONTE CRISTI,MONTE CRISTI,ONAMET,EMCI,35.4,23.4,0.0,https://indomet.gob.do/wp-content/uploads/2025/08/temperaturas-extremas-y-precipitaciones-2025x08x05-a.pdf
2025-08-05,059,NAVARRETE,SANTIAGO,MINISTERIO DE AGRICULTURA,EMCV,,,0.0,https://indomet.gob.do/wp-content/uploads/2025/08/temperaturas-extremas-y-precipitaciones-2025x08x05-a.pdf
2025-08-05,060,OLIVARES,PEDERNALES,INDRHI,EMCI,,,0.0,https://indomet.gob.do/wp-content/uploads/2025/08/temperaturas-extremas-y-precipitaciones-2025x08x05-a.pdf
2025-08-05,061,OVIEDO,PEDERNALES,CLÍNICA RURAL OVIEDO,EMCI,24.5,23.5,0.0,https://indomet.gob.do/wp-content/uploads/2025/08/temperaturas-extremas-y-precipitaciones-2025x08x05-a.pdf
2025-08-05,062,PADRE LAS CASAS,AZUA,HOSP. NTRA. SRA. DEL CARMEN,EMCI,34.0,18.4,0.0,https://indomet.gob.do/wp-content/uploads/2025/08/temperaturas-extremas-y-precipitaciones-2025x08x05-a.pdf
2025-08-05,063,PALO ÍNDIO,PUERTO PLATA,MINISTERIO DE AGRICULTURA,EMCI,,,0.0,https://indomet.gob.do/wp-content/uploads/2025/08/temperaturas-extremas-y-precipitaciones-2025x08x05-a.pdf
2025-08-05,064,PASO AL MEDIO,SAN PEDRO DE MACORÍS,INDRHI,EMCI,,,0.0,https://indomet.gob.do/wp-content/uploads/2025/08/temperaturas-extremas-y-precipitaciones-2025x08x05-a.pdf
2025-08-05,065,PEDERNALES,PEDERNALES,INDRHI,EMCI,,,0.0,https://indomet.gob.do/wp-content/uploads/2025/08/temperaturas-extremas-y-precipitaciones-2025x08x05-a.pdf
2025-08-05,066,PESCADERIA (EMA),BARAHONA,MINISTERIO DE AGRICULTURA,EMAP,35.4,23.1,0.0,https://indomet.gob.do/wp-content/uploads/2025/08/temperaturas-extremas-y-precipitaciones-2025x08x05-a.pdf
2025-08-05,067,POLO,BARAHONA,INDOCAFE,EMCI,31.0,18.0,0.0,https://indomet.gob.do/wp-content/uploads/2025/08/temperaturas-extremas-y-precipitaciones-2025x08x05-a.pdf
2025-08-05,068,PONTÓN ABAJO (EMA),LA VEGA,MINISTERIO DE AGRICULTURA,EMAP,36.8,23.4,0.0,https://indomet.gob.do/wp-content/uploads/2025/08/temperaturas-extremas-y-precipitaciones-2025x08x05-a.pdf
2025-08-05,069,PRESA DE TAVERAS (EMA),LA VEGA,PROGRAMA MUNDIAL DE ALIMENTO,EMAP,32.6,22.2,0.0,https://indomet.gob.do/wp-content/uploads/2025/08/temperaturas-extremas-y-precipitaciones-2025x08x05-a.pdf
2025-08-05,070,RESTAURACIÓN,DAJABÓN,MINISTERIO DE AGRICULTURA,EMCI,33.0,21.9,0.0,https://indomet.gob.do/wp-content/uploads/2025/08/temperaturas-extremas-y-precipitaciones-2025x08x05-a.pdf
2025-08-05,071,SALCEDO,HERMANAS MIRABAL,PROPIEDAD DEL EMPLEADO,EMCI,,,0.0,https://indomet.gob.do/wp-content/uploads/2025/08/temperaturas-extremas-y-precipitaciones-2025x08x05-a.pdf
2025-08-05,072,SAN CRISTÓBAL,SAN CRISTÓBAL,INSTITUTO POLITÉCNICO LOYOLA,EMCI,33.0,22.0,0.0,https://indomet.gob.do/wp-content/uploads/2025/08/temperaturas-extremas-y-precipitaciones-2025x08x05-a.pdf
2025-08-05,073,SAN FRANCISCO DE MACORÍS,DUARTE,San Francisco de Macorís (UASD),EMCI,34.5,24.5,0.0,https://indomet.gob.do/wp-content/uploads/2025/08/temperaturas-extremas-y-precipitaciones-2025x08x05-a.pdf
2025-08-05,074,SAN JOSÉ DE OCOA,SAN JOSÉ DE OCOA,HOSP. SAN JOSÉ DE OCOA,EMCI,35.4,22.7,0.0,https://indomet.gob.do/wp-content/uploads/2025/08/temperaturas-extremas-y-precipitaciones-2025x08x05-a.pdf
2025-08-05,075,SANTO DOMINGO ESTE,SANTO DOMINGO,ONAMET,EMCI,33.4,26.2,0.0,https://indomet.gob.do/wp-content/uploads/2025/08/temperaturas-extremas-y-precipitaciones-2025x08x05-a.pdf
2025-08-05,076,TAVERA,SANTIAGO,INDRHI,EMCI,,,0.0,https://indomet.gob.do/wp-content/uploads/2025/08/temperaturas-extremas-y-precipitaciones-2025x08x05-a.pdf
2025-08-05,077,VILLA ALTAGRACIA,SAN CRISTÓBAL,ESCUELA JAVIER ANGULO GURIDI,EMCI,,,0.0,https://indomet.gob.do/wp-content/uploads/2025/08/temperaturas-extremas-y-precipitaciones-2025x08x05-a.pdf
2025-08-05,078,VILLA GONZALES,SANTIAGO,MINISTERIO DE AGRICULTURA,EMCI,,,0.0,https://indomet.gob.do/wp-content/uploads/2025/08/temperaturas-extremas-y-precipitaciones-2025x08x05-a.pdf
2025-08-05,079,VILLA ISABELA,PUERTO PLATA,MINISTERIO DE AGRICULTURA,EMCV,,,0.0,https://indomet.gob.do/wp-content/uploads/2025/08/temperaturas-extremas-y-precipitaciones-2025x08x05-a.pdf
2025-08-05,080,VILLA RIVA,DUARTE,HOSP. MPAL. ALICIA DE LEGENDRE,EMCI,33.8,24.0,0.0,https://indomet.gob.do/wp-content/uploads/2025/08/temperaturas-extremas-y-precipitaciones-2025x08x05-a.pdf
2025-08-06,001,ARROYO LORO,SAN JUAN,IDIAF,EMCI,33.5,21.4,44.2,https://indomet.gob.do/wp-content/uploads/2025/08/temperaturas-extremas-y-precipitaciones-2025x08x06-a-1.pdf
2025-08-06,002,EL FACTOR (EMA),MARÍA TRINIDAD SÁNCHEZ,INTEC,EMAP,31.4,23.5,39.6,https://indomet.gob.do/wp-content/uploads/2025/08/temperaturas-extremas-y-precipitaciones-2025x08x06-a-1.pdf
2025-08-06,003,LOS JENGIBRES,NAGUA,INDRHI,EMCI,,,39.6,https://indomet.gob.do/wp-content/uploads/2025/08/temperaturas-extremas-y-precipitaciones-2025x08x06-a-1.pdf
2025-08-06,004,ARPT. EL CATEY,SAMANÁ,ONAMET,EMCI,31.0,23.0,38.8,https://indomet.gob.do/wp-content/uploads/2025/08/temperaturas-extremas-y-precipitaciones-2025x08x06-a-1.pdf
2025-08-06,005,JUMA BEJUCAL,MONSEÑOR NOUEL,IDIAF,EMCV,32.6,24.2,38.8,https://indomet.gob.do/wp-content/uploads/2025/08/temperaturas-extremas-y-precipitaciones-2025x08x06-a-1.pdf
2025-08-06,006,HATO MAYOR,HATO MAYOR,MINISTERIO DE AGRICULTURA,EMCV,,,35.6,https://indomet.gob.do/wp-content/uploads/2025/08/temperaturas-extremas-y-precipitaciones-2025x08x06-a-1.pdf
2025-08-06,007,PASO AL MEDIO,SAN PEDRO DE MACORÍS,INDRHI,EMCI,,,28.8,https://indomet.gob.do/wp-content/uploads/2025/08/temperaturas-extremas-y-precipitaciones-2025x08x06-a-1.pdf
2025-08-06,008,SÁNCHEZ,SAMANÁ,MINISTERIO DE AGRICULTURA,EMCI,30.1,22.3,25.4,https://indomet.gob.do/wp-content/uploads/2025/08/temperaturas-extremas-y-precipitaciones-2025x08x06-a-1.pdf
2025-08-06,009,GASPAR HERNÁNDEZ,ESPAILLAT,PROPIEDAD DEL EMPLEADO,EMCI,,,25.2,https://indomet.gob.do/wp-content/uploads/2025/08/temperaturas-extremas-y-precipitaciones-2025x08x06-a-1.pdf
2025-08-06,010,LA VICTORIA,SANTO DOMINGO,CUERPO DE BOMBEROS,EMCI,33.0,23.0,24.4,https://indomet.gob.do/wp-content/uploads/2025/08/temperaturas-extremas-y-precipitaciones-2025x08x06-a-1.pdf
2025-08-06,011,BONAO,MONSEÑOR NOUEL,MINISTERIO DE AGRICULTURA,EMCV,,,22.9,https://indomet.gob.do/wp-content/uploads/2025/08/temperaturas-extremas-y-precipitaciones-2025x08x06-a-1.pdf
2025-08-06,012,BASE AÉREA DE SAN ISIDRO,SANTO DOMINGO,FUERZA AÉREA DOMINICANA,EMCV,33.2,23.5,21.3,https://indomet.gob.do/wp-content/uploads/2025/08/temperaturas-extremas-y-precipitaciones-2025x08x06-a-1.pdf
2025-08-06,013,ARPT. LA ISABELA,SANTO DOMINGO,ONAMET,EMCI,33.3,23.0,19.1,https://indomet.gob.do/wp-content/uploads/2025/08/temperaturas-extremas-y-precipitaciones-2025x08x06-a-1.pdf
2025-08-06,014,RÍO SAN JUAN,MARÍA TRINIDAD SÁNCHEZ,HOSP. MPAL. DR. DESIDERIO ACOSTA,EMCV,30.2,24.0,19.0,https://indomet.gob.do/wp-content/uploads/2025/08/temperaturas-extremas-y-precipitaciones-2025x08x06-a-1.pdf
2025-08-06,015,BAYAGUANA,MONTE PLATA,ONAMET,EMCI,30.6,23.9,17.8,https://indomet.gob.do/wp-content/uploads/2025/08/temperaturas-extremas-y-precipitaciones-2025x08x06-a-1.pdf
2025-08-06,016,LOS LLANOS,SAN PEDRO DE MACORÍS,MINISTERIO DE AGRICULTURA,EMCI,32.2,22.9,17.8,https://indomet.gob.do/wp-content/uploads/2025/08/temperaturas-extremas-y-precipitaciones-2025x08x06-a-1.pdf
2025-08-06,017,VILLA ALTAGRACIA,SAN CRISTÓBAL,ESCUELA JAVIER ANGULO GURIDI,EMCI,,,17.8,https://indomet.gob.do/wp-content/uploads/2025/08/temperaturas-extremas-y-precipitaciones-2025x08x06-a-1.pdf
2025-08-06,018,RESTAURACIÓN,DAJABÓN,MINISTERIO DE AGRICULTURA,EMCI,31.8,20.4,13.7,https://indomet.gob.do/wp-content/uploads/2025/08/temperaturas-extremas-y-precipitaciones-2025x08x06-a-1.pdf
2025-08-06,019,SALCEDO,HERMANAS MIRABAL,PROPIEDAD DEL EMPLEADO,EMCI,,,12.8,https://indomet.gob.do/wp-content/uploads/2025/08/temperaturas-extremas-y-precipitaciones-2025x08x06-a-1.pdf
2025-08-06,020,RANCHO ARRIBA,SAN JOSÉ DE OCOA,CENTRO TECNOLÓGICO COMUNITARIO,EMCI,31.2,20.4,11.8,https://indomet.gob.do/wp-content/uploads/2025/08/temperaturas-extremas-y-precipitaciones-2025x08x06-a-1.pdf
2025-08-06,021,SAMANÁ,SAMANÁ,COMANDANCIA DE PUERTO DE SAMANÁ,EMCI,35.4,23.6,11.0,https://indomet.gob.do/wp-content/uploads/2025/08/temperaturas-extremas-y-precipitaciones-2025x08x06-a-1.pdf
2025-08-06,022,CENTRO DE LOS HEROES (EMA),DISTRITO NACIONAL,MINISTERIO DE ENERGIA Y MINA,EMAP,33.7,26.4,10.8,https://indomet.gob.do/wp-content/uploads/2025/08/temperaturas-extremas-y-precipitaciones-2025x08x06-a-1.pdf
2025-08-06,023,SABANA DE LA MAR,HATO MAYOR,ONAMET,EMCI,31.0,23.0,10.4,https://indomet.gob.do/wp-content/uploads/2025/08/temperaturas-extremas-y-precipitaciones-2025x08x06-a-1.pdf
2025-08-06,024,ARPT. DEL CIBAO,SANTIAGO,ONAMET,EMCI,32.5,21.9,9.2,https://indomet.gob.do/wp-content/uploads/2025/08/temperaturas-extremas-y-precipitaciones-2025x08x06-a-1.pdf
2025-08-06,025,ALTAMIRA,PUERTO PLATA,HOSP. MPAL. DE ALTAMIRA,EMCI,30.6,20.9,9.1,https://indomet.gob.do/wp-content/uploads/2025/08/temperaturas-extremas-y-precipitaciones-2025x08x06-a-1.pdf
2025-08-06,026,LA VEGA,LA VEGA,IATESA,EMCI,32.5,24.0,8.8,https://indomet.gob.do/wp-content/uploads/2025/08/temperaturas-extremas-y-precipitaciones-2025x08x06-a-1.pdf
2025-08-06,027,VILLA ISABELA,PUERTO PLATA,MINISTERIO DE AGRICULTURA,EMCV,,,8.6,https://indomet.gob.do/wp-content/uploads/2025/08/temperaturas-extremas-y-precipitaciones-2025x08x06-a-1.pdf
2025-08-06,028,ALTO BANDERA (EMA),LA VEGA,INTEC,EMAP,17.0,6.0,8.1,https://indomet.gob.do/wp-content/uploads/2025/08/temperaturas-extremas-y-precipitaciones-2025x08x06-a-1.pdf
2025-08-06,029,SANTO DOMINGO ESTE,SANTO DOMINGO,ONAMET,EMCI,33.7,26.0,7.7,https://indomet.gob.do/wp-content/uploads/2025/08/temperaturas-extremas-y-precipitaciones-2025x08x06-a-1.pdf
2025-08-06,030,VILLA GONZALES,SANTIAGO,MINISTERIO DE AGRICULTURA,EMCI,,,7.6,https://indomet.gob.do/wp-content/uploads/2025/08/temperaturas-extremas-y-precipitaciones-2025x08x06-a-1.pdf
2025-08-06,031,ARPT. GREGORIO LUPERÓN,PUERTO PLATA,ONAMET,EMCI,32.0,23.5,7.6,https://indomet.gob.do/wp-content/uploads/2025/08/temperaturas-extremas-y-precipitaciones-2025x08x06-a-1.pdf
2025-08-06,032,ARPT. MARÍA MONTEZ,BARAHONA,ONAMET,EMCI,35.1,23.7,7.6,https://indomet.gob.do/wp-content/uploads/2025/08/temperaturas-extremas-y-precipitaciones-2025x08x06-a-1.pdf
2025-08-06,033,CABRERA,MARÍA TRINIDAD SÁNCHEZ,ESCUELA ARÍSTIDES FIALLO CABRAL,EMCI,33.8,27.3,7.3,https://indomet.gob.do/wp-content/uploads/2025/08/temperaturas-extremas-y-precipitaciones-2025x08x06-a-1.pdf
2025-08-06,034,LOS TRES CHARCOS (EMA),PEDERNALES,PROPIEDAD DEL VOLUNTARIO,EMAP,34.7,24.8,6.8,https://indomet.gob.do/wp-content/uploads/2025/08/temperaturas-extremas-y-precipitaciones-2025x08x06-a-1.pdf
2025-08-06,035,JARDÍN BOTÁNICO NACIONAL,DISTRITO NACIONAL,JARDÍN BOTÁNICO NACIONAL,EMCV,33.5,23.0,6.0,https://indomet.gob.do/wp-content/uploads/2025/08/temperaturas-extremas-y-precipitaciones-2025x08x06-a-1.pdf
2025-08-06,036,TAVERA,SANTIAGO,INDRHI,EMCI,,,5.5,https://indomet.gob.do/wp-content/uploads/2025/08/temperaturas-extremas-y-precipitaciones-2025x08x06-a-1.pdf
2025-08-06,037,PALO ÍNDIO,PUERTO PLATA,MINISTERIO DE AGRICULTURA,EMCI,,,5.3,https://indomet.gob.do/wp-content/uploads/2025/08/temperaturas-extremas-y-precipitaciones-2025x08x06-a-1.pdf
2025-08-06,038,MOCA,ESPAILLAT,MINISTERIO DE AGRICULTURA,EMCV,,,5.0,https://indomet.gob.do/wp-content/uploads/2025/08/temperaturas-extremas-y-precipitaciones-2025x08x06-a-1.pdf
2025-08-06,039,PERALTA,AZUA,HOSP. MPAL. DE PERALTA,EMCI,31.5,18.3,4.8,https://indomet.gob.do/wp-content/uploads/2025/08/temperaturas-extremas-y-precipitaciones-2025x08x06-a-1.pdf
2025-08-06,040,PESCADERIA (EMA),BARAHONA,MINISTERIO DE AGRICULTURA,EMAP,,,4.8,https://indomet.gob.do/wp-content/uploads/2025/08/temperaturas-extremas-y-precipitaciones-2025x08x06-a-1.pdf
2025-08-06,041,ARPT. DE PUNTA CANA,LA ALTAGRACIA,ONAMET,EMCI,33.0,22.0,4.0,https://indomet.gob.do/wp-content/uploads/2025/08/temperaturas-extremas-y-precipitaciones-2025x08x06-a-1.pdf
2025-08-06,042,ARPT. ARROYO BARRIL,SAMANÁ,ONAMET,EMCI,32.5,24.0,3.6,https://indomet.gob.do/wp-content/uploads/2025/08/temperaturas-extremas-y-precipitaciones-2025x08x06-a-1.pdf
2025-08-06,043,OVIEDO,PEDERNALES,CLÍNICA RURAL OVIEDO,EMCI,35.0,25.0,3.4,https://indomet.gob.do/wp-content/uploads/2025/08/temperaturas-extremas-y-precipitaciones-2025x08x06-a-1.pdf
2025-08-06,044,CONSTANZA,LA VEGA,MINISTERIO DE AGRICULTURA,EMCI,26.7,15.6,3.2,https://indomet.gob.do/wp-content/uploads/2025/08/temperaturas-extremas-y-precipitaciones-2025x08x06-a-1.pdf
2025-08-06,045,JIMANÍ,INDEPENDENCIA,MINISTERIO DE AGRICULTURA,EMCI,37.5,24.8,3.2,https://indomet.gob.do/wp-content/uploads/2025/08/temperaturas-extremas-y-precipitaciones-2025x08x06-a-1.pdf
2025-08-06,046,PARQUE MIRADOR SUR,DISTRITO NACIONAL,AYUNTAMIENTO,EMCV,33.5,22.4,3.0,https://indomet.gob.do/wp-content/uploads/2025/08/temperaturas-extremas-y-precipitaciones-2025x08x06-a-1.pdf
2025-08-06,047,CONSTANZA (EMA),LA VEGA,PROGRAMA MUNDIAL DE ALIMENTO,EMAP,25.9,16.3,2.8,https://indomet.gob.do/wp-content/uploads/2025/08/temperaturas-extremas-y-precipitaciones-2025x08x06-a-1.pdf
2025-08-06,048,NAVARRETE,SANTIAGO,MINISTERIO DE AGRICULTURA,EMCV,,,2.8,https://indomet.gob.do/wp-content/uploads/2025/08/temperaturas-extremas-y-precipitaciones-2025x08x06-a-1.pdf
2025-08-06,049,HIGÜEY,LA ALTAGRACIA,MINISTERIO DE AGRICULTURA,EMCV,,,2.5,https://indomet.gob.do/wp-content/uploads/2025/08/temperaturas-extremas-y-precipitaciones-2025x08x06-a-1.pdf
2025-08-06,050,ARPT. DE LA ROMANA,LA ROMANA,ONAMET,EMCI,31.9,23.0,2.5,https://indomet.gob.do/wp-content/uploads/2025/08/temperaturas-extremas-y-precipitaciones-2025x08x06-a-1.pdf
2025-08-06,051,LUPERÓN,PUERTO PLATA,MINISTERIO DE AGRICULTURA,EMCV,,,2.3,https://indomet.gob.do/wp-content/uploads/2025/08/temperaturas-extremas-y-precipitaciones-2025x08x06-a-1.pdf
2025-08-06,052,ENRIQUILLO,BARAHONA,MINISTERIO DE AGRICULTURA,EMCV,34.0,25.3,2.0,https://indomet.gob.do/wp-content/uploads/2025/08/temperaturas-extremas-y-precipitaciones-2025x08x06-a-1.pdf
2025-08-06,053,POLO,BARAHONA,INDOCAFE,EMCI,32.5,18.5,1.9,https://indomet.gob.do/wp-content/uploads/2025/08/temperaturas-extremas-y-precipitaciones-2025x08x06-a-1.pdf
2025-08-06,054,GURABO,SANTIAGO,MINISTERIO DE AGRICULTURA,EMCV,,,1.8,https://indomet.gob.do/wp-content/uploads/2025/08/temperaturas-extremas-y-precipitaciones-2025x08x06-a-1.pdf
2025-08-06,055,PONTÓN ABAJO (EMA),LA VEGA,MINISTERIO DE AGRICULTURA,EMAP,32.9,24.6,1.6,https://indomet.gob.do/wp-content/uploads/2025/08/temperaturas-extremas-y-precipitaciones-2025x08x06-a-1.pdf
2025-08-06,056,BOHECHÍO,SAN JUAN,MINISTERIO DE AGRICULTURA,EMCV,,,1.4,https://indomet.gob.do/wp-content/uploads/2025/08/temperaturas-extremas-y-precipitaciones-2025x08x06-a-1.pdf
2025-08-06,057,ANAMUYA (EMA),LA ALTAGRACIA,MINISTERIO DE AGRICULTURA,EMAP,33.8,24.6,1.0,https://indomet.gob.do/wp-content/uploads/2025/08/temperaturas-extremas-y-precipitaciones-2025x08x06-a-1.pdf
2025-08-06,058,BOCA DE MAO (EMA),VALVERDE,MINISTERIO DE AGRICULTURA,EMAP,33.7,24.3,1.0,https://indomet.gob.do/wp-content/uploads/2025/08/temperaturas-extremas-y-precipitaciones-2025x08x06-a-1.pdf
2025-08-06,059,JARABACOA (EMA),LA VEGA,PROGRAMA MUNDIAL DE ALIMENTO,EMAP,,,0.6,https://indomet.gob.do/wp-content/uploads/2025/08/temperaturas-extremas-y-precipitaciones-2025x08x06-a-1.pdf
2025-08-06,060,TAMBORIL,SANTIAGO,MINISTERIO DE AGRICULTURA,EMCV,,,0.5,https://indomet.gob.do/wp-content/uploads/2025/08/temperaturas-extremas-y-precipitaciones-2025x08x06-a-1.pdf
2025-08-06,061,JARABACOA,LA VEGA,INDRHI / MARENA,EMCI,31.6,19.2,0.5,https://indomet.gob.do/wp-content/uploads/2025/08/temperaturas-extremas-y-precipitaciones-2025x08x06-a-1.pdf
2025-08-06,062,SAN RAFAEL DEL YUMA,LA ALTAGRACIA,MINISTERIO DE AGRICULTURA,EMCI,35.3,23.1,0.5,https://indomet.gob.do/wp-content/uploads/2025/08/temperaturas-extremas-y-precipitaciones-2025x08x06-a-1.pdf
2025-08-06,063,LAS MATAS DE SANTA CRUZ (EMA,MONTE CRISTI,PROGRAMA MUNDIAL DE ALIMENTO,EMAP,33.8,24.3,0.3,https://indomet.gob.do/wp-content/uploads/2025/08/temperaturas-extremas-y-precipitaciones-2025x08x06-a-1.pdf
2025-08-06,064,ARPT. DE LAS AMÉRICAS,SANTO DOMINGO,ONAMET,EMCI,32.5,24.0,0.2,https://indomet.gob.do/wp-content/uploads/2025/08/temperaturas-extremas-y-precipitaciones-2025x08x06-a-1.pdf
2025-08-06,065,CABRAL,BARAHONA,MINISTERIO DE AGRICULTURA,EMCV,36.4,26.5,0.2,https://indomet.gob.do/wp-content/uploads/2025/08/temperaturas-extremas-y-precipitaciones-2025x08x06-a-1.pdf
2025-08-06,066,VALLE NUEVO (EMA),LA VEGA,MARENA,EMAI,20.7,13.4,0.2,https://indomet.gob.do/wp-content/uploads/2025/08/temperaturas-extremas-y-precipitaciones-2025x08x06-a-1.pdf
2025-08-06,067,SABANA GRANDE DE BOYÁ,MONTE PLATA,MINISTERIO DE AGRICULTURA,EMCV,,,0.1,https://indomet.gob.do/wp-content/uploads/2025/08/temperaturas-extremas-y-precipitaciones-2025x08x06-a-1.pdf
2025-08-06,068,BANI (EMA),PERAVIA,MINISTERIO DE AGRICULTURA,EMAP,,,0.0,https://indomet.gob.do/wp-content/uploads/2025/08/temperaturas-extremas-y-precipitaciones-2025x08x06-a-1.pdf
2025-08-06,069,DAJABÓN,DAJABÓN,INSTITUTO POLITÉCNICO LOYOLA,EMCI,34.8,21.4,0.0,https://indomet.gob.do/wp-content/uploads/2025/08/temperaturas-extremas-y-precipitaciones-2025x08x06-a-1.pdf
2025-08-06,070,ELÍAS PIÑA,ELÍAS PIÑA,MINISTERIO DE AGRICULTURA,EMCV,,,0.0,https://indomet.gob.do/wp-content/uploads/2025/08/temperaturas-extremas-y-precipitaciones-2025x08x06-a-1.pdf
2025-08-06,071,HONDO VALLE,ELÍAS PIÑA,MINISTERIO DE AGRICULTURA,EMCI,27.5,17.6,0.0,https://indomet.gob.do/wp-content/uploads/2025/08/temperaturas-extremas-y-precipitaciones-2025x08x06-a-1.pdf
2025-08-06,072,LAS CANAS (EMA),MONTE CRISTI,PROGRAMA MUNDIAL DE ALIMENTO,EMAP,31.1,23.6,0.0,https://indomet.gob.do/wp-content/uploads/2025/08/temperaturas-extremas-y-precipitaciones-2025x08x06-a-1.pdf
2025-08-06,073,MAO,VALVERDE,INDRHI / MINISTERIO DE AGRICULTURA,EMCV,,,0.0,https://indomet.gob.do/wp-content/uploads/2025/08/temperaturas-extremas-y-precipitaciones-2025x08x06-a-1.pdf
2025-08-06,074,MONCIÓN (EMA),SANTIAGO RODRÍGUEZ,PROGRAMA MUNDIAL DE ALIMENTO,EMAP,32.6,21.3,0.0,https://indomet.gob.do/wp-content/uploads/2025/08/temperaturas-extremas-y-precipitaciones-2025x08x06-a-1.pdf
2025-08-06,075,MONTE CRISTI,MONTE CRISTI,ONAMET,EMCI,34.7,23.7,0.0,https://indomet.gob.do/wp-content/uploads/2025/08/temperaturas-extremas-y-precipitaciones-2025x08x06-a-1.pdf
2025-08-06,076,OLIVARES,PEDERNALES,INDRHI,EMCI,,,0.0,https://indomet.gob.do/wp-content/uploads/2025/08/temperaturas-extremas-y-precipitaciones-2025x08x06-a-1.pdf
2025-08-06,077,PADRE LAS CASAS,AZUA,HOSP. NTRA. SRA. DEL CARMEN,EMCI,35.0,20.0,0.0,https://indomet.gob.do/wp-content/uploads/2025/08/temperaturas-extremas-y-precipitaciones-2025x08x06-a-1.pdf
2025-08-06,078,PEDERNALES,PEDERNALES,INDRHI,EMCI,,,0.0,https://indomet.gob.do/wp-content/uploads/2025/08/temperaturas-extremas-y-precipitaciones-2025x08x06-a-1.pdf
2025-08-06,079,SABANETA (EMA),SANTIAGO RODRÍGUEZ,PROGRAMA MUNDIAL DE ALIMENTO,EMAP,35.4,23.4,0.0,https://indomet.gob.do/wp-content/uploads/2025/08/temperaturas-extremas-y-precipitaciones-2025x08x06-a-1.pdf
2025-08-06,080,SAN CRISTÓBAL,SAN CRISTÓBAL,INSTITUTO POLITÉCNICO LOYOLA,EMCI,33.2,21.2,0.0,https://indomet.gob.do/wp-content/uploads/2025/08/temperaturas-extremas-y-precipitaciones-2025x08x06-a-1.pdf
2025-08-06,081,SAN FRANCISCO DE MACORÍS,DUARTE,San Francisco de Macorís (UASD),EMCI,30.3,23.6,0.0,https://indomet.gob.do/wp-content/uploads/2025/08/temperaturas-extremas-y-precipitaciones-2025x08x06-a-1.pdf
2025-08-06,082,SAN JOSÉ DE OCOA,SAN JOSÉ DE OCOA,HOSP. SAN JOSÉ DE OCOA,EMCI,34.2,22.5,0.0,https://indomet.gob.do/wp-content/uploads/2025/08/temperaturas-extremas-y-precipitaciones-2025x08x06-a-1.pdf
2025-08-06,083,SANTIAGO RODRÍGUEZ,SANTIAGO RODRÍGUEZ,ONAMET,EMCI,35.5,24.0,0.0,https://indomet.gob.do/wp-content/uploads/2025/08/temperaturas-extremas-y-precipitaciones-2025x08x06-a-1.pdf
2025-08-06,084,TÁBARA ABAJO,AZUA,INDRHI,EMCI,33.5,24.0,0.0,https://indomet.gob.do/wp-content/uploads/2025/08/temperaturas-extremas-y-precipitaciones-2025x08x06-a-1.pdf
2025-08-06,085,VILLA RIVA,DUARTE,HOSP. MPAL. ALICIA DE LEGENDRE,EMCI,32.0,23.0,0.0,https://indomet.gob.do/wp-content/uploads/2025/08/temperaturas-extremas-y-precipitaciones-2025x08x06-a-1.pdf
2025-08-07,001,SABANA GRANDE DE BOYÁ,MONTE PLATA,MINISTERIO DE AGRICULTURA,EMCV,,,12.4,https://indomet.gob.do/wp-content/uploads/2025/08/temperaturas-extremas-y-precipitaciones-2025x08x07-a.pdf
2025-08-07,002,HATO MAYOR,HATO MAYOR,MINISTERIO DE AGRICULTURA,EMCV,,,6.6,https://indomet.gob.do/wp-content/uploads/2025/08/temperaturas-extremas-y-precipitaciones-2025x08x07-a.pdf
2025-08-07,003,EL FACTOR (EMA),MARÍA TRINIDAD SÁNCHEZ,INTEC,EMAP,32.4,23.4,6.1,https://indomet.gob.do/wp-content/uploads/2025/08/temperaturas-extremas-y-precipitaciones-2025x08x07-a.pdf
2025-08-07,004,HONDO VALLE,ELÍAS PIÑA,MINISTERIO DE AGRICULTURA,EMCI,27.7,17.4,4.8,https://indomet.gob.do/wp-content/uploads/2025/08/temperaturas-extremas-y-precipitaciones-2025x08x07-a.pdf
2025-08-07,005,LOS JENGIBRES,NAGUA,INDRHI,EMCI,,,2.3,https://indomet.gob.do/wp-content/uploads/2025/08/temperaturas-extremas-y-precipitaciones-2025x08x07-a.pdf
2025-08-07,006,ARPT. EL CATEY,SAMANÁ,ONAMET,EMCI,31.0,22.5,1.1,https://indomet.gob.do/wp-content/uploads/2025/08/temperaturas-extremas-y-precipitaciones-2025x08x07-a.pdf
2025-08-07,007,BOCA DE MAO (EMA),VALVERDE,MINISTERIO DE AGRICULTURA,EMAP,38.4,24.4,0.4,https://indomet.gob.do/wp-content/uploads/2025/08/temperaturas-extremas-y-precipitaciones-2025x08x07-a.pdf
2025-08-07,008,LOS TRES CHARCOS (EMA),PEDERNALES,PROPIEDAD DEL VOLUNTARIO,EMAP,33.3,24.9,0.4,https://indomet.gob.do/wp-content/uploads/2025/08/temperaturas-extremas-y-precipitaciones-2025x08x07-a.pdf
2025-08-07,009,POLO,BARAHONA,INDOCAFE,EMCI,30.2,17.5,0.3,https://indomet.gob.do/wp-content/uploads/2025/08/temperaturas-extremas-y-precipitaciones-2025x08x07-a.pdf
2025-08-07,010,SABANA DE LA MAR,HATO MAYOR,ONAMET,EMCI,32.0,23.0,0.3,https://indomet.gob.do/wp-content/uploads/2025/08/temperaturas-extremas-y-precipitaciones-2025x08x07-a.pdf
2025-08-07,011,CONSTANZA (EMA),LA VEGA,PROGRAMA MUNDIAL DE ALIMENTO,EMAP,25.2,13.4,0.2,https://indomet.gob.do/wp-content/uploads/2025/08/temperaturas-extremas-y-precipitaciones-2025x08x07-a.pdf
2025-08-07,012,PERALTA,AZUA,HOSP. MPAL. DE PERALTA,EMCI,30.7,17.9,0.1,https://indomet.gob.do/wp-content/uploads/2025/08/temperaturas-extremas-y-precipitaciones-2025x08x07-a.pdf
2025-08-07,013,ALTAMIRA,PUERTO PLATA,HOSP. MPAL. DE ALTAMIRA,EMCI,33.0,21.2,0.0,https://indomet.gob.do/wp-content/uploads/2025/08/temperaturas-extremas-y-precipitaciones-2025x08x07-a.pdf
2025-08-07,014,ALTO BANDERA (EMA),LA VEGA,INTEC,EMAP,16.2,9.6,0.0,https://indomet.gob.do/wp-content/uploads/2025/08/temperaturas-extremas-y-precipitaciones-2025x08x07-a.pdf
2025-08-07,015,ANAMUYA (EMA),LA ALTAGRACIA,MINISTERIO DE AGRICULTURA,EMAP,33.8,25.2,0.0,https://indomet.gob.do/wp-content/uploads/2025/08/temperaturas-extremas-y-precipitaciones-2025x08x07-a.pdf
2025-08-07,016,ARPT. ARROYO BARRIL,SAMANÁ,ONAMET,EMCI,32.4,24.0,0.0,https://indomet.gob.do/wp-content/uploads/2025/08/temperaturas-extremas-y-precipitaciones-2025x08x07-a.pdf
2025-08-07,017,ARPT. DE LA ROMANA,LA ROMANA,ONAMET,EMCI,34.8,22.2,0.0,https://indomet.gob.do/wp-content/uploads/2025/08/temperaturas-extremas-y-precipitaciones-2025x08x07-a.pdf
2025-08-07,018,ARPT. DE LAS AMÉRICAS,SANTO DOMINGO,ONAMET,EMCI,32.5,23.6,0.0,https://indomet.gob.do/wp-content/uploads/2025/08/temperaturas-extremas-y-precipitaciones-2025x08x07-a.pdf
2025-08-07,019,ARPT. DEL CIBAO,SANTIAGO,ONAMET,EMCI,34.5,21.0,0.0,https://indomet.gob.do/wp-content/uploads/2025/08/temperaturas-extremas-y-precipitaciones-2025x08x07-a.pdf
2025-08-07,020,ARPT. GREGORIO LUPERÓN,PUERTO PLATA,ONAMET,EMCI,33.0,23.0,0.0,https://indomet.gob.do/wp-content/uploads/2025/08/temperaturas-extremas-y-precipitaciones-2025x08x07-a.pdf
2025-08-07,021,ARPT. LA ISABELA,SANTO DOMINGO,ONAMET,EMCI,34.5,23.0,0.0,https://indomet.gob.do/wp-content/uploads/2025/08/temperaturas-extremas-y-precipitaciones-2025x08x07-a.pdf
2025-08-07,022,ARPT. MARÍA MONTEZ,BARAHONA,ONAMET,EMCI,33.6,23.7,0.0,https://indomet.gob.do/wp-content/uploads/2025/08/temperaturas-extremas-y-precipitaciones-2025x08x07-a.pdf
2025-08-07,023,ARROYO LORO,SAN JUAN,IDIAF,EMCI,32.6,20.5,0.0,https://indomet.gob.do/wp-content/uploads/2025/08/temperaturas-extremas-y-precipitaciones-2025x08x07-a.pdf
2025-08-07,024,BANI (EMA),PERAVIA,MINISTERIO DE AGRICULTURA,EMAP,33.7,26.2,0.0,https://indomet.gob.do/wp-content/uploads/2025/08/temperaturas-extremas-y-precipitaciones-2025x08x07-a.pdf
2025-08-07,025,BASE AÉREA DE SAN ISIDRO,SANTO DOMINGO,FUERZA AÉREA DOMINICANA,EMCV,33.0,24.1,0.0,https://indomet.gob.do/wp-content/uploads/2025/08/temperaturas-extremas-y-precipitaciones-2025x08x07-a.pdf
2025-08-07,026,BAYAGUANA,MONTE PLATA,ONAMET,EMCI,33.7,22.4,0.0,https://indomet.gob.do/wp-content/uploads/2025/08/temperaturas-extremas-y-precipitaciones-2025x08x07-a.pdf
2025-08-07,027,BONAO,MONSEÑOR NOUEL,MINISTERIO DE AGRICULTURA,EMCV,,,0.0,https://indomet.gob.do/wp-content/uploads/2025/08/temperaturas-extremas-y-precipitaciones-2025x08x07-a.pdf
2025-08-07,028,CABRAL,BARAHONA,MINISTERIO DE AGRICULTURA,EMCV,35.6,23.9,0.0,https://indomet.gob.do/wp-content/uploads/2025/08/temperaturas-extremas-y-precipitaciones-2025x08x07-a.pdf
2025-08-07,029,CABRERA,MARÍA TRINIDAD SÁNCHEZ,ESCUELA ARÍSTIDES FIALLO CABRAL,EMCI,34.5,26.4,0.0,https://indomet.gob.do/wp-content/uploads/2025/08/temperaturas-extremas-y-precipitaciones-2025x08x07-a.pdf
2025-08-07,030,CENTRO DE LOS HEROES (EMA),DISTRITO NACIONAL,MINISTERIO DE ENERGIA Y MINA,EMAP,32.0,26.9,0.0,https://indomet.gob.do/wp-content/uploads/2025/08/temperaturas-extremas-y-precipitaciones-2025x08x07-a.pdf
2025-08-07,031,CONSTANZA,LA VEGA,MINISTERIO DE AGRICULTURA,EMCI,27.4,25.0,0.0,https://indomet.gob.do/wp-content/uploads/2025/08/temperaturas-extremas-y-precipitaciones-2025x08x07-a.pdf
2025-08-07,032,COTUÍ,SÁNCHEZ RAMÍREZ,HOSP. INMACULADA CONCEPCIÓN,EMCV,,,0.0,https://indomet.gob.do/wp-content/uploads/2025/08/temperaturas-extremas-y-precipitaciones-2025x08x07-a.pdf
2025-08-07,033,DAJABÓN,DAJABÓN,INSTITUTO POLITÉCNICO LOYOLA,EMCI,36.3,21.5,0.0,https://indomet.gob.do/wp-content/uploads/2025/08/temperaturas-extremas-y-precipitaciones-2025x08x07-a.pdf
2025-08-07,034,ELÍAS PIÑA,ELÍAS PIÑA,MINISTERIO DE AGRICULTURA,EMCV,,,0.0,https://indomet.gob.do/wp-content/uploads/2025/08/temperaturas-extremas-y-precipitaciones-2025x08x07-a.pdf
2025-08-07,035,ENRIQUILLO,BARAHONA,MINISTERIO DE AGRICULTURA,EMCV,33.5,25.8,0.0,https://indomet.gob.do/wp-content/uploads/2025/08/temperaturas-extremas-y-precipitaciones-2025x08x07-a.pdf
2025-08-07,036,ESCONDIDO,PERAVIA,MINISTERIO DE AGRICULTURA,EMCV,34.0,26.0,0.0,https://indomet.gob.do/wp-content/uploads/2025/08/temperaturas-extremas-y-precipitaciones-2025x08x07-a.pdf
2025-08-07,037,GASPAR HERNÁNDEZ,ESPAILLAT,PROPIEDAD DEL EMPLEADO,EMCI,,,0.0,https://indomet.gob.do/wp-content/uploads/2025/08/temperaturas-extremas-y-precipitaciones-2025x08x07-a.pdf
2025-08-07,038,GURABO,SANTIAGO,MINISTERIO DE AGRICULTURA,EMCV,,,0.0,https://indomet.gob.do/wp-content/uploads/2025/08/temperaturas-extremas-y-precipitaciones-2025x08x07-a.pdf
2025-08-07,039,HIGÜEY,LA ALTAGRACIA,MINISTERIO DE AGRICULTURA,EMCV,,,0.0,https://indomet.gob.do/wp-content/uploads/2025/08/temperaturas-extremas-y-precipitaciones-2025x08x07-a.pdf
2025-08-07,040,JARABACOA,LA VEGA,INDRHI / MARENA,EMCI,34.4,17.2,0.0,https://indomet.gob.do/wp-content/uploads/2025/08/temperaturas-extremas-y-precipitaciones-2025x08x07-a.pdf
2025-08-07,041,JARABACOA (EMA),LA VEGA,PROGRAMA MUNDIAL DE ALIMENTO,EMAP,33.3,18.5,0.0,https://indomet.gob.do/wp-content/uploads/2025/08/temperaturas-extremas-y-precipitaciones-2025x08x07-a.pdf
2025-08-07,042,JARDÍN BOTÁNICO NACIONAL,DISTRITO NACIONAL,JARDÍN BOTÁNICO NACIONAL,EMCV,33.2,22.7,0.0,https://indomet.gob.do/wp-content/uploads/2025/08/temperaturas-extremas-y-precipitaciones-2025x08x07-a.pdf
2025-08-07,043,JIMANÍ,INDEPENDENCIA,MINISTERIO DE AGRICULTURA,EMCI,36.2,24.0,0.0,https://indomet.gob.do/wp-content/uploads/2025/08/temperaturas-extremas-y-precipitaciones-2025x08x07-a.pdf
2025-08-07,044,JUMA BEJUCAL,MONSEÑOR NOUEL,IDIAF,EMCV,33.8,24.0,0.0,https://indomet.gob.do/wp-content/uploads/2025/08/temperaturas-extremas-y-precipitaciones-2025x08x07-a.pdf
2025-08-07,045,LA VEGA,LA VEGA,IATESA,EMCI,34.0,22.5,0.0,https://indomet.gob.do/wp-content/uploads/2025/08/temperaturas-extremas-y-precipitaciones-2025x08x07-a.pdf
2025-08-07,046,LA VICTORIA,SANTO DOMINGO,CUERPO DE BOMBEROS,EMCI,34.8,24.2,0.0,https://indomet.gob.do/wp-content/uploads/2025/08/temperaturas-extremas-y-precipitaciones-2025x08x07-a.pdf
2025-08-07,047,LAS CANAS (EMA),MONTE CRISTI,PROGRAMA MUNDIAL DE ALIMENTO,EMAP,33.2,24.2,0.0,https://indomet.gob.do/wp-content/uploads/2025/08/temperaturas-extremas-y-precipitaciones-2025x08x07-a.pdf
2025-08-07,048,LAS MATAS DE SANTA CRUZ (EMA),MONTE CRISTI,PROGRAMA MUNDIAL DE ALIMENTO,EMAP,36.1,24.2,0.0,https://indomet.gob.do/wp-content/uploads/2025/08/temperaturas-extremas-y-precipitaciones-2025x08x07-a.pdf
2025-08-07,049,LOS LLANOS,SAN PEDRO DE MACORÍS,MINISTERIO DE AGRICULTURA,EMCI,33.0,23.2,0.0,https://indomet.gob.do/wp-content/uploads/2025/08/temperaturas-extremas-y-precipitaciones-2025x08x07-a.pdf
2025-08-07,050,MAO,VALVERDE,INDRHI / MINISTERIO DE AGRICULTURA,EMCV,,,0.0,https://indomet.gob.do/wp-content/uploads/2025/08/temperaturas-extremas-y-precipitaciones-2025x08x07-a.pdf
2025-08-07,051,MONCIÓN (EMA),SANTIAGO RODRÍGUEZ,PROGRAMA MUNDIAL DE ALIMENTO,EMAP,34.3,21.2,0.0,https://indomet.gob.do/wp-content/uploads/2025/08/temperaturas-extremas-y-precipitaciones-2025x08x07-a.pdf
2025-08-07,052,MONTE CRISTI,MONTE CRISTI,ONAMET,EMCI,35.8,25.3,0.0,https://indomet.gob.do/wp-content/uploads/2025/08/temperaturas-extremas-y-precipitaciones-2025x08x07-a.pdf
2025-08-07,053,NAVARRETE,SANTIAGO,MINISTERIO DE AGRICULTURA,EMCV,,,0.0,https://indomet.gob.do/wp-content/uploads/2025/08/temperaturas-extremas-y-precipitaciones-2025x08x07-a.pdf
2025-08-07,054,OLIVARES,PEDERNALES,INDRHI,EMCI,,,0.0,https://indomet.gob.do/wp-content/uploads/2025/08/temperaturas-extremas-y-precipitaciones-2025x08x07-a.pdf
2025-08-07,055,OVIEDO,PEDERNALES,CLÍNICA RURAL OVIEDO,EMCI,34.6,26.0,0.0,https://indomet.gob.do/wp-content/uploads/2025/08/temperaturas-extremas-y-precipitaciones-2025x08x07-a.pdf
2025-08-07,056,PADRE LAS CASAS,AZUA,HOSP. NTRA. SRA. DEL CARMEN,EMCI,33.0,19.8,0.0,https://indomet.gob.do/wp-content/uploads/2025/08/temperaturas-extremas-y-precipitaciones-2025x08x07-a.pdf
2025-08-07,057,PALO ÍNDIO,PUERTO PLATA,MINISTERIO DE AGRICULTURA,EMCI,,,0.0,https://indomet.gob.do/wp-content/uploads/2025/08/temperaturas-extremas-y-precipitaciones-2025x08x07-a.pdf
2025-08-07,058,PASO AL MEDIO,SAN PEDRO DE MACORÍS,INDRHI,EMCI,,,0.0,https://indomet.gob.do/wp-content/uploads/2025/08/temperaturas-extremas-y-precipitaciones-2025x08x07-a.pdf
2025-08-07,059,PEDERNALES,PEDERNALES,INDRHI,EMCI,,,0.0,https://indomet.gob.do/wp-content/uploads/2025/08/temperaturas-extremas-y-precipitaciones-2025x08x07-a.pdf
2025-08-07,060,PESCADERIA (EMA),BARAHONA,MINISTERIO DE AGRICULTURA,EMAP,34.9,24.6,0.0,https://indomet.gob.do/wp-content/uploads/2025/08/temperaturas-extremas-y-precipitaciones-2025x08x07-a.pdf
2025-08-07,061,PONTÓN ABAJO (EMA),LA VEGA,MINISTERIO DE AGRICULTURA,EMAP,36.2,24.2,0.0,https://indomet.gob.do/wp-content/uploads/2025/08/temperaturas-extremas-y-precipitaciones-2025x08x07-a.pdf
2025-08-07,062,PRESA DE TAVERAS (EMA),LA VEGA,PROGRAMA MUNDIAL DE ALIMENTO,EMAP,31.8,22.1,0.0,https://indomet.gob.do/wp-content/uploads/2025/08/temperaturas-extremas-y-precipitaciones-2025x08x07-a.pdf
2025-08-07,063,RANCHO ARRIBA,SAN JOSÉ DE OCOA,CENTRO TECNOLÓGICO COMUNITARIO,EMCI,32.1,18.0,0.0,https://indomet.gob.do/wp-content/uploads/2025/08/temperaturas-extremas-y-precipitaciones-2025x08x07-a.pdf
2025-08-07,064,RESTAURACIÓN,DAJABÓN,MINISTERIO DE AGRICULTURA,EMCI,31.5,19.3,0.0,https://indomet.gob.do/wp-content/uploads/2025/08/temperaturas-extremas-y-precipitaciones-2025x08x07-a.pdf
2025-08-07,065,RÍO SAN JUAN,MARÍA TRINIDAD SÁNCHEZ,HOSP. MPAL. DR. DESIDERIO ACOSTA,EMCV,34.3,24.0,0.0,https://indomet.gob.do/wp-content/uploads/2025/08/temperaturas-extremas-y-precipitaciones-2025x08x07-a.pdf
2025-08-07,066,SABANETA (EMA),SANTIAGO RODRÍGUEZ,PROGRAMA MUNDIAL DE ALIMENTO,EMAP,37.7,23.2,0.0,https://indomet.gob.do/wp-content/uploads/2025/08/temperaturas-extremas-y-precipitaciones-2025x08x07-a.pdf
2025-08-07,067,SALCEDO,HERMANAS MIRABAL,PROPIEDAD DEL EMPLEADO,EMCI,,,0.0,https://indomet.gob.do/wp-content/uploads/2025/08/temperaturas-extremas-y-precipitaciones-2025x08x07-a.pdf
2025-08-07,068,SAMANÁ,SAMANÁ,COMANDANCIA DE PUERTO DE SAMANÁ,EMCI,35.0,23.8,0.0,https://indomet.gob.do/wp-content/uploads/2025/08/temperaturas-extremas-y-precipitaciones-2025x08x07-a.pdf
2025-08-07,069,SAN CRISTÓBAL,SAN CRISTÓBAL,INSTITUTO POLITÉCNICO LOYOLA,EMCI,33.0,22.0,0.0,https://indomet.gob.do/wp-content/uploads/2025/08/temperaturas-extremas-y-precipitaciones-2025x08x07-a.pdf
2025-08-07,070,SAN JOSÉ DE OCOA,SAN JOSÉ DE OCOA,HOSP. SAN JOSÉ DE OCOA,EMCI,34.3,22.1,0.0,https://indomet.gob.do/wp-content/uploads/2025/08/temperaturas-extremas-y-precipitaciones-2025x08x07-a.pdf
2025-08-07,071,SAN RAFAEL DEL YUMA,LA ALTAGRACIA,MINISTERIO DE AGRICULTURA,EMCI,36.3,24.2,0.0,https://indomet.gob.do/wp-content/uploads/2025/08/temperaturas-extremas-y-precipitaciones-2025x08x07-a.pdf
2025-08-07,072,SÁNCHEZ,SAMANÁ,MINISTERIO DE AGRICULTURA,EMCI,32.7,22.8,0.0,https://indomet.gob.do/wp-content/uploads/2025/08/temperaturas-extremas-y-precipitaciones-2025x08x07-a.pdf
2025-08-07,073,SANTIAGO RODRÍGUEZ,SANTIAGO RODRÍGUEZ,ONAMET,EMCI,37.2,23.5,0.0,https://indomet.gob.do/wp-content/uploads/2025/08/temperaturas-extremas-y-precipitaciones-2025x08x07-a.pdf
2025-08-07,074,SANTO DOMINGO ESTE,SANTO DOMINGO,ONAMET,EMCI,33.2,25.5,0.0,https://indomet.gob.do/wp-content/uploads/2025/08/temperaturas-extremas-y-precipitaciones-2025x08x07-a.pdf
2025-08-07,075,TÁBARA ABAJO,AZUA,INDRHI,EMCI,32.5,22.0,0.0,https://indomet.gob.do/wp-content/uploads/2025/08/temperaturas-extremas-y-precipitaciones-2025x08x07-a.pdf
2025-08-07,076,TAVERA,SANTIAGO,INDRHI,EMCI,,,0.0,https://indomet.gob.do/wp-content/uploads/2025/08/temperaturas-extremas-y-precipitaciones-2025x08x07-a.pdf
2025-08-07,077,VALLE NUEVO (EMA),LA VEGA,MARENA,EMAI,21.1,10.4,0.0,https://indomet.gob.do/wp-content/uploads/2025/08/temperaturas-extremas-y-precipitaciones-2025x08x07-a.pdf
2025-08-07,078,VILLA ALTAGRACIA,SAN CRISTÓBAL,ESCUELA JAVIER ANGULO GURIDI,EMCI,,,0.0,https://indomet.gob.do/wp-content/uploads/2025/08/temperaturas-extremas-y-precipitaciones-2025x08x07-a.pdf
2025-08-07,079,VILLA GONZALES,SANTIAGO,MINISTERIO DE AGRICULTURA,EMCI,,,0.0,https://indomet.gob.do/wp-content/uploads/2025/08/temperaturas-extremas-y-precipitaciones-2025x08x07-a.pdf
2025-08-07,080,VILLA ISABELA,PUERTO PLATA,MINISTERIO DE AGRICULTURA,EMCV,,,0.0,https://indomet.gob.do/wp-content/uploads/2025/08/temperaturas-extremas-y-precipitaciones-2025x08x07-a.pdf
2025-08-07,081,VILLA RIVA,DUARTE,HOSP. MPAL. ALICIA DE LEGENDRE,EMCI,33.2,23.8,0.0,https://indomet.gob.do/wp-content/uploads/2025/08/temperaturas-extremas-y-precipitaciones-2025x08x07-a.pdf
2025-08-08,001,SABANA GRANDE DE BOYÁ,MONTE PLATA,MINISTERIO DE AGRICULTURA,EMCV,,,15.2,https://indomet.gob.do/wp-content/uploads/2025/08/temperaturas-extremas-y-precipitaciones-2025x08x08-b.pdf
2025-08-08,002,BAYAGUANA,MONTE PLATA,ONAMET,EMCI,34.4,22.6,7.2,https://indomet.gob.do/wp-content/uploads/2025/08/temperaturas-extremas-y-precipitaciones-2025x08x08-b.pdf
2025-08-08,003,HONDO VALLE,ELÍAS PIÑA,MINISTERIO DE AGRICULTURA,EMCI,27.3,17.9,4.9,https://indomet.gob.do/wp-content/uploads/2025/08/temperaturas-extremas-y-precipitaciones-2025x08x08-b.pdf
2025-08-08,004,ARPT. DE PUNTA CANA,LA ALTAGRACIA,ONAMET,EMCI,32.6,24.3,3.3,https://indomet.gob.do/wp-content/uploads/2025/08/temperaturas-extremas-y-precipitaciones-2025x08x08-b.pdf
2025-08-08,005,DAJABÓN,DAJABÓN,INSTITUTO POLITÉCNICO LOYOLA,EMCI,35.4,20.0,3.2,https://indomet.gob.do/wp-content/uploads/2025/08/temperaturas-extremas-y-precipitaciones-2025x08x08-b.pdf
2025-08-08,006,ARPT. EL CATEY,SAMANÁ,ONAMET,EMCI,31.0,22.8,1.3,https://indomet.gob.do/wp-content/uploads/2025/08/temperaturas-extremas-y-precipitaciones-2025x08x08-b.pdf
2025-08-08,007,EL FACTOR (EMA),MARÍA TRINIDAD SÁNCHEZ,INTEC,EMAP,32.5,23.7,0.5,https://indomet.gob.do/wp-content/uploads/2025/08/temperaturas-extremas-y-precipitaciones-2025x08x08-b.pdf
2025-08-08,008,JUMA BEJUCAL,MONSEÑOR NOUEL,IDIAF,EMCV,33.4,25.2,0.5,https://indomet.gob.do/wp-content/uploads/2025/08/temperaturas-extremas-y-precipitaciones-2025x08x08-b.pdf
2025-08-08,009,HATO MAYOR,HATO MAYOR,MINISTERIO DE AGRICULTURA,EMCV,,,0.2,https://indomet.gob.do/wp-content/uploads/2025/08/temperaturas-extremas-y-precipitaciones-2025x08x08-b.pdf
2025-08-08,010,ANAMUYA (EMA),LA ALTAGRACIA,MINISTERIO DE AGRICULTURA,EMAP,33.2,24.5,0.2,https://indomet.gob.do/wp-content/uploads/2025/08/temperaturas-extremas-y-precipitaciones-2025x08x08-b.pdf
2025-08-08,011,BOCA DE MAO (EMA),VALVERDE,MINISTERIO DE AGRICULTURA,EMAP,36.7,24.3,0.2,https://indomet.gob.do/wp-content/uploads/2025/08/temperaturas-extremas-y-precipitaciones-2025x08x08-b.pdf
2025-08-08,012,ARROYO LORO,SAN JUAN,IDIAF,EMCI,33.5,21.0,0.1,https://indomet.gob.do/wp-content/uploads/2025/08/temperaturas-extremas-y-precipitaciones-2025x08x08-b.pdf
2025-08-08,013,ALTAMIRA,PUERTO PLATA,HOSP. MPAL. DE ALTAMIRA,EMCI,34.3,22.7,0.0,https://indomet.gob.do/wp-content/uploads/2025/08/temperaturas-extremas-y-precipitaciones-2025x08x08-b.pdf
2025-08-08,014,ALTO BANDERA (EMA),LA VEGA,INTEC,EMAP,19.1,8.6,0.0,https://indomet.gob.do/wp-content/uploads/2025/08/temperaturas-extremas-y-precipitaciones-2025x08x08-b.pdf
2025-08-08,015,ARPT. ARROYO BARRIL,SAMANÁ,ONAMET,EMCI,32.6,24.0,0.0,https://indomet.gob.do/wp-content/uploads/2025/08/temperaturas-extremas-y-precipitaciones-2025x08x08-b.pdf
2025-08-08,016,ARPT. DE LA ROMANA,LA ROMANA,ONAMET,EMCI,35.0,23.0,0.0,https://indomet.gob.do/wp-content/uploads/2025/08/temperaturas-extremas-y-precipitaciones-2025x08x08-b.pdf
2025-08-08,017,ARPT. DE LAS AMÉRICAS,SANTO DOMINGO,ONAMET,EMCI,32.5,23.8,0.0,https://indomet.gob.do/wp-content/uploads/2025/08/temperaturas-extremas-y-precipitaciones-2025x08x08-b.pdf
2025-08-08,018,ARPT. DEL CIBAO,SANTIAGO,ONAMET,EMCI,35.0,23.0,0.0,https://indomet.gob.do/wp-content/uploads/2025/08/temperaturas-extremas-y-precipitaciones-2025x08x08-b.pdf
2025-08-08,019,ARPT. GREGORIO LUPERÓN,PUERTO PLATA,ONAMET,EMCI,33.6,24.0,0.0,https://indomet.gob.do/wp-content/uploads/2025/08/temperaturas-extremas-y-precipitaciones-2025x08x08-b.pdf
2025-08-08,020,ARPT. LA ISABELA,SANTO DOMINGO,ONAMET,EMCI,34.5,23.2,0.0,https://indomet.gob.do/wp-content/uploads/2025/08/temperaturas-extremas-y-precipitaciones-2025x08x08-b.pdf
2025-08-08,021,ARPT. MARÍA MONTEZ,BARAHONA,ONAMET,EMCI,34.0,25.2,0.0,https://indomet.gob.do/wp-content/uploads/2025/08/temperaturas-extremas-y-precipitaciones-2025x08x08-b.pdf
2025-08-08,022,BANI (EMA),PERAVIA,MINISTERIO DE AGRICULTURA,EMAP,33.9,25.7,0.0,https://indomet.gob.do/wp-content/uploads/2025/08/temperaturas-extremas-y-precipitaciones-2025x08x08-b.pdf
2025-08-08,023,BASE AÉREA DE SAN ISIDRO,SANTO DOMINGO,FUERZA AÉREA DOMINICANA,EMCV,33.2,23.4,0.0,https://indomet.gob.do/wp-content/uploads/2025/08/temperaturas-extremas-y-precipitaciones-2025x08x08-b.pdf
2025-08-08,024,CABRAL,BARAHONA,MINISTERIO DE AGRICULTURA,EMCV,35.6,25.4,0.0,https://indomet.gob.do/wp-content/uploads/2025/08/temperaturas-extremas-y-precipitaciones-2025x08x08-b.pdf
2025-08-08,025,CABRERA,MARÍA TRINIDAD SÁNCHEZ,ESCUELA ARÍSTIDES FIALLO CABRAL,EMCI,34.7,27.5,0.0,https://indomet.gob.do/wp-content/uploads/2025/08/temperaturas-extremas-y-precipitaciones-2025x08x08-b.pdf
2025-08-08,026,CENTRO DE LOS HEROES (EMA),DISTRITO NACIONAL,MINISTERIO DE ENERGIA Y MINA,EMAP,32.4,26.8,0.0,https://indomet.gob.do/wp-content/uploads/2025/08/temperaturas-extremas-y-precipitaciones-2025x08x08-b.pdf
2025-08-08,027,CONSTANZA,LA VEGA,MINISTERIO DE AGRICULTURA,EMCI,28.2,14.4,0.0,https://indomet.gob.do/wp-content/uploads/2025/08/temperaturas-extremas-y-precipitaciones-2025x08x08-b.pdf
2025-08-08,028,CONSTANZA (EMA),LA VEGA,PROGRAMA MUNDIAL DE ALIMENTO,EMAP,27.6,15.1,0.0,https://indomet.gob.do/wp-content/uploads/2025/08/temperaturas-extremas-y-precipitaciones-2025x08x08-b.pdf
2025-08-08,029,ELÍAS PIÑA,ELÍAS PIÑA,MINISTERIO DE AGRICULTURA,EMCV,,,0.0,https://indomet.gob.do/wp-content/uploads/2025/08/temperaturas-extremas-y-precipitaciones-2025x08x08-b.pdf
2025-08-08,030,ENRIQUILLO,BARAHONA,MINISTERIO DE AGRICULTURA,EMCV,34.0,26.2,0.0,https://indomet.gob.do/wp-content/uploads/2025/08/temperaturas-extremas-y-precipitaciones-2025x08x08-b.pdf
2025-08-08,031,GASPAR HERNÁNDEZ,ESPAILLAT,PROPIEDAD DEL EMPLEADO,EMCI,,,0.0,https://indomet.gob.do/wp-content/uploads/2025/08/temperaturas-extremas-y-precipitaciones-2025x08x08-b.pdf
2025-08-08,032,GURABO,SANTIAGO,MINISTERIO DE AGRICULTURA,EMCV,,,0.0,https://indomet.gob.do/wp-content/uploads/2025/08/temperaturas-extremas-y-precipitaciones-2025x08x08-b.pdf
2025-08-08,033,HIGÜEY,LA ALTAGRACIA,MINISTERIO DE AGRICULTURA,EMCV,,,0.0,https://indomet.gob.do/wp-content/uploads/2025/08/temperaturas-extremas-y-precipitaciones-2025x08x08-b.pdf
2025-08-08,034,JARABACOA,LA VEGA,INDRHI / MARENA,EMCI,34.0,18.6,0.0,https://indomet.gob.do/wp-content/uploads/2025/08/temperaturas-extremas-y-precipitaciones-2025x08x08-b.pdf
2025-08-08,035,JARABACOA (EMA),LA VEGA,PROGRAMA MUNDIAL DE ALIMENTO,EMAP,32.9,19.4,0.0,https://indomet.gob.do/wp-content/uploads/2025/08/temperaturas-extremas-y-precipitaciones-2025x08x08-b.pdf
2025-08-08,036,JIMANÍ,INDEPENDENCIA,MINISTERIO DE AGRICULTURA,EMCI,36.8,25.0,0.0,https://indomet.gob.do/wp-content/uploads/2025/08/temperaturas-extremas-y-precipitaciones-2025x08x08-b.pdf
2025-08-08,037,LA VEGA,LA VEGA,IATESA,EMCI,34.5,23.0,0.0,https://indomet.gob.do/wp-content/uploads/2025/08/temperaturas-extremas-y-precipitaciones-2025x08x08-b.pdf
2025-08-08,038,LA VICTORIA,SANTO DOMINGO,CUERPO DE BOMBEROS,EMCI,35.0,24.0,0.0,https://indomet.gob.do/wp-content/uploads/2025/08/temperaturas-extremas-y-precipitaciones-2025x08x08-b.pdf
2025-08-08,039,LAS CANAS (EMA),MONTE CRISTI,PROGRAMA MUNDIAL DE ALIMENTO,EMAP,33.7,24.4,0.0,https://indomet.gob.do/wp-content/uploads/2025/08/temperaturas-extremas-y-precipitaciones-2025x08x08-b.pdf
2025-08-08,040,LAS MATAS DE SANTA CRUZ (EMA,MONTE CRISTI,PROGRAMA MUNDIAL DE ALIMENTO,EMAP,35.2,23.8,0.0,https://indomet.gob.do/wp-content/uploads/2025/08/temperaturas-extremas-y-precipitaciones-2025x08x08-b.pdf
2025-08-08,041,LOS LLANOS,SAN PEDRO DE MACORÍS,MINISTERIO DE AGRICULTURA,EMCI,33.8,23.5,0.0,https://indomet.gob.do/wp-content/uploads/2025/08/temperaturas-extremas-y-precipitaciones-2025x08x08-b.pdf
2025-08-08,042,LOS TRES CHARCOS (EMA),PEDERNALES,PROPIEDAD DEL VOLUNTARIO,EMAP,34.3,25.5,0.0,https://indomet.gob.do/wp-content/uploads/2025/08/temperaturas-extremas-y-precipitaciones-2025x08x08-b.pdf
2025-08-08,043,MAO,VALVERDE,INDRHI / MINISTERIO DE AGRICULTURA,EMCV,,,0.0,https://indomet.gob.do/wp-content/uploads/2025/08/temperaturas-extremas-y-precipitaciones-2025x08x08-b.pdf
2025-08-08,044,MONCIÓN (EMA),SANTIAGO RODRÍGUEZ,PROGRAMA MUNDIAL DE ALIMENTO,EMAP,34.1,21.1,0.0,https://indomet.gob.do/wp-content/uploads/2025/08/temperaturas-extremas-y-precipitaciones-2025x08x08-b.pdf
2025-08-08,045,MONTE CRISTI,MONTE CRISTI,ONAMET,EMCI,36.0,25.0,0.0,https://indomet.gob.do/wp-content/uploads/2025/08/temperaturas-extremas-y-precipitaciones-2025x08x08-b.pdf
2025-08-08,046,NAVARRETE,SANTIAGO,MINISTERIO DE AGRICULTURA,EMCV,,,0.0,https://indomet.gob.do/wp-content/uploads/2025/08/temperaturas-extremas-y-precipitaciones-2025x08x08-b.pdf
2025-08-08,047,OVIEDO,PEDERNALES,CLÍNICA RURAL OVIEDO,EMCI,35.0,25.7,0.0,https://indomet.gob.do/wp-content/uploads/2025/08/temperaturas-extremas-y-precipitaciones-2025x08x08-b.pdf
2025-08-08,048,PADRE LAS CASAS,AZUA,HOSP. NTRA. SRA. DEL CARMEN,EMCI,33.3,20.6,0.0,https://indomet.gob.do/wp-content/uploads/2025/08/temperaturas-extremas-y-precipitaciones-2025x08x08-b.pdf
2025-08-08,049,PALO ÍNDIO,PUERTO PLATA,MINISTERIO DE AGRICULTURA,EMCI,,,0.0,https://indomet.gob.do/wp-content/uploads/2025/08/temperaturas-extremas-y-precipitaciones-2025x08x08-b.pdf
2025-08-08,050,PEDERNALES,PEDERNALES,INDRHI,EMCI,,,0.0,https://indomet.gob.do/wp-content/uploads/2025/08/temperaturas-extremas-y-precipitaciones-2025x08x08-b.pdf
2025-08-08,051,PERALTA,AZUA,HOSP. MPAL. DE PERALTA,EMCI,31.1,18.0,0.0,https://indomet.gob.do/wp-content/uploads/2025/08/temperaturas-extremas-y-precipitaciones-2025x08x08-b.pdf
2025-08-08,052,PESCADERIA (EMA),BARAHONA,MINISTERIO DE AGRICULTURA,EMAP,34.9,25.5,0.0,https://indomet.gob.do/wp-content/uploads/2025/08/temperaturas-extremas-y-precipitaciones-2025x08x08-b.pdf
2025-08-08,053,POLO,BARAHONA,INDOCAFE,EMCI,30.5,18.5,0.0,https://indomet.gob.do/wp-content/uploads/2025/08/temperaturas-extremas-y-precipitaciones-2025x08x08-b.pdf
2025-08-08,054,PONTÓN ABAJO (EMA),LA VEGA,MINISTERIO DE AGRICULTURA,EMAP,36.7,25.4,0.0,https://indomet.gob.do/wp-content/uploads/2025/08/temperaturas-extremas-y-precipitaciones-2025x08x08-b.pdf
2025-08-08,055,PRESA DE TAVERAS (EMA),LA VEGA,PROGRAMA MUNDIAL DE ALIMENTO,EMAP,32.4,23.4,0.0,https://indomet.gob.do/wp-content/uploads/2025/08/temperaturas-extremas-y-precipitaciones-2025x08x08-b.pdf
2025-08-08,056,RANCHO ARRIBA,SAN JOSÉ DE OCOA,CENTRO TECNOLÓGICO COMUNITARIO,EMCI,32.1,18.5,0.0,https://indomet.gob.do/wp-content/uploads/2025/08/temperaturas-extremas-y-precipitaciones-2025x08x08-b.pdf
2025-08-08,057,RESTAURACIÓN,DAJABÓN,MINISTERIO DE AGRICULTURA,EMCI,31.8,19.7,0.0,https://indomet.gob.do/wp-content/uploads/2025/08/temperaturas-extremas-y-precipitaciones-2025x08x08-b.pdf
2025-08-08,058,RÍO SAN JUAN,MARÍA TRINIDAD SÁNCHEZ,HOSP. MPAL. DR. DESIDERIO ACOSTA,EMCV,34.6,24.5,0.0,https://indomet.gob.do/wp-content/uploads/2025/08/temperaturas-extremas-y-precipitaciones-2025x08x08-b.pdf
2025-08-08,059,SABANA DE LA MAR,HATO MAYOR,ONAMET,EMCI,32.0,23.0,0.0,https://indomet.gob.do/wp-content/uploads/2025/08/temperaturas-extremas-y-precipitaciones-2025x08x08-b.pdf
2025-08-08,060,SABANETA (EMA),SANTIAGO RODRÍGUEZ,PROGRAMA MUNDIAL DE ALIMENTO,EMAP,37.2,23.5,0.0,https://indomet.gob.do/wp-content/uploads/2025/08/temperaturas-extremas-y-precipitaciones-2025x08x08-b.pdf
2025-08-08,061,SALCEDO,HERMANAS MIRABAL,PROPIEDAD DEL EMPLEADO,EMCI,,,0.0,https://indomet.gob.do/wp-content/uploads/2025/08/temperaturas-extremas-y-precipitaciones-2025x08x08-b.pdf
2025-08-08,062,SAMANÁ,SAMANÁ,COMANDANCIA DE PUERTO DE SAMANÁ,EMCI,34.3,23.3,0.0,https://indomet.gob.do/wp-content/uploads/2025/08/temperaturas-extremas-y-precipitaciones-2025x08x08-b.pdf
2025-08-08,063,SAN CRISTÓBAL,SAN CRISTÓBAL,INSTITUTO POLITÉCNICO LOYOLA,EMCI,33.2,21.2,0.0,https://indomet.gob.do/wp-content/uploads/2025/08/temperaturas-extremas-y-precipitaciones-2025x08x08-b.pdf
2025-08-08,064,SAN JOSÉ DE OCOA,SAN JOSÉ DE OCOA,HOSP. SAN JOSÉ DE OCOA,EMCI,34.6,22.3,0.0,https://indomet.gob.do/wp-content/uploads/2025/08/temperaturas-extremas-y-precipitaciones-2025x08x08-b.pdf
2025-08-08,065,SAN RAFAEL DEL YUMA,LA ALTAGRACIA,MINISTERIO DE AGRICULTURA,EMCI,36.0,24.4,0.0,https://indomet.gob.do/wp-content/uploads/2025/08/temperaturas-extremas-y-precipitaciones-2025x08x08-b.pdf
2025-08-08,066,SÁNCHEZ,SAMANÁ,MINISTERIO DE AGRICULTURA,EMCI,32.3,23.1,0.0,https://indomet.gob.do/wp-content/uploads/2025/08/temperaturas-extremas-y-precipitaciones-2025x08x08-b.pdf
2025-08-08,067,SANTIAGO RODRÍGUEZ,SANTIAGO RODRÍGUEZ,ONAMET,EMCI,37.5,24.0,0.0,https://indomet.gob.do/wp-content/uploads/2025/08/temperaturas-extremas-y-precipitaciones-2025x08x08-b.pdf
2025-08-08,068,SANTO DOMINGO ESTE,SANTO DOMINGO,ONAMET,EMCI,33.2,26.0,0.0,https://indomet.gob.do/wp-content/uploads/2025/08/temperaturas-extremas-y-precipitaciones-2025x08x08-b.pdf
2025-08-08,069,TÁBARA ABAJO,AZUA,INDRHI,EMCI,34.5,24.5,0.0,https://indomet.gob.do/wp-content/uploads/2025/08/temperaturas-extremas-y-precipitaciones-2025x08x08-b.pdf
2025-08-08,070,TAMBORIL,SANTIAGO,MINISTERIO DE AGRICULTURA,EMCV,,,0.0,https://indomet.gob.do/wp-content/uploads/2025/08/temperaturas-extremas-y-precipitaciones-2025x08x08-b.pdf
2025-08-08,071,VALLE NUEVO (EMA),LA VEGA,MARENA,EMAI,22.5,8.3,0.0,https://indomet.gob.do/wp-content/uploads/2025/08/temperaturas-extremas-y-precipitaciones-2025x08x08-b.pdf
2025-08-08,072,VILLA ALTAGRACIA,SAN CRISTÓBAL,ESCUELA JAVIER ANGULO GURIDI,EMCI,,,0.0,https://indomet.gob.do/wp-content/uploads/2025/08/temperaturas-extremas-y-precipitaciones-2025x08x08-b.pdf
2025-08-08,073,VILLA GONZALES,SANTIAGO,MINISTERIO DE AGRICULTURA,EMCI,,,0.0,https://indomet.gob.do/wp-content/uploads/2025/08/temperaturas-extremas-y-precipitaciones-2025x08x08-b.pdf
2025-08-08,074,VILLA ISABELA,PUERTO PLATA,MINISTERIO DE AGRICULTURA,EMCV,,,0.0,https://indomet.gob.do/wp-content/uploads/2025/08/temperaturas-extremas-y-precipitaciones-2025x08x08-b.pdf
2025-08-08,075,VILLA RIVA,DUARTE,HOSP. MPAL. ALICIA DE LEGENDRE,EMCI,33.7,24.0,0.0,https://indomet.gob.do/wp-content/uploads/2025/08/temperaturas-extremas-y-precipitaciones-2025x08x08-b.pdf
2025-08-09,001,ARROYO LORO,SAN JUAN,IDIAF,EMCI,33.0,19.0,43.3,https://indomet.gob.do/wp-content/uploads/2025/08/temperaturas-extremas-y-precipitaciones-2025x08x09-a.pdf
2025-08-09,002,RESTAURACIÓN,DAJABÓN,MINISTERIO DE AGRICULTURA,EMCI,32.5,20.1,33.3,https://indomet.gob.do/wp-content/uploads/2025/08/temperaturas-extremas-y-precipitaciones-2025x08x09-a.pdf
2025-08-09,003,HATO MAYOR,HATO MAYOR,MINISTERIO DE AGRICULTURA,EMCV,,,23.1,https://indomet.gob.do/wp-content/uploads/2025/08/temperaturas-extremas-y-precipitaciones-2025x08x09-a.pdf
2025-08-09,004,ENRIQUILLO,BARAHONA,MINISTERIO DE AGRICULTURA,EMCV,34.5,23.0,21.4,https://indomet.gob.do/wp-content/uploads/2025/08/temperaturas-extremas-y-precipitaciones-2025x08x09-a.pdf
2025-08-09,005,LOS LLANOS,SAN PEDRO DE MACORÍS,MINISTERIO DE AGRICULTURA,EMCI,33.6,21.4,18.0,https://indomet.gob.do/wp-content/uploads/2025/08/temperaturas-extremas-y-precipitaciones-2025x08x09-a.pdf
2025-08-09,006,PADRE LAS CASAS,AZUA,HOSP. NTRA. SRA. DEL CARMEN,EMCI,32.8,19.7,17.2,https://indomet.gob.do/wp-content/uploads/2025/08/temperaturas-extremas-y-precipitaciones-2025x08x09-a.pdf
2025-08-09,007,POLO,BARAHONA,INDOCAFE,EMCI,30.0,19.0,14.0,https://indomet.gob.do/wp-content/uploads/2025/08/temperaturas-extremas-y-precipitaciones-2025x08x09-a.pdf
2025-08-09,008,HONDO VALLE,ELÍAS PIÑA,MINISTERIO DE AGRICULTURA,EMCI,27.2,17.7,13.4,https://indomet.gob.do/wp-content/uploads/2025/08/temperaturas-extremas-y-precipitaciones-2025x08x09-a.pdf
2025-08-09,009,MAO,VALVERDE,INDRHI / MINISTERIO DE AGRICULTURA,EMCV,,,8.4,https://indomet.gob.do/wp-content/uploads/2025/08/temperaturas-extremas-y-precipitaciones-2025x08x09-a.pdf
2025-08-09,010,GURABO,SANTIAGO,MINISTERIO DE AGRICULTURA,EMCV,,,6.1,https://indomet.gob.do/wp-content/uploads/2025/08/temperaturas-extremas-y-precipitaciones-2025x08x09-a.pdf
2025-08-09,011,SAMANÁ,SAMANÁ,COMANDANCIA DE PUERTO DE SAMANÁ,EMCI,33.2,22.3,5.8,https://indomet.gob.do/wp-content/uploads/2025/08/temperaturas-extremas-y-precipitaciones-2025x08x09-a.pdf
2025-08-09,012,SABANA DE LA MAR,HATO MAYOR,ONAMET,EMCI,32.0,23.0,5.3,https://indomet.gob.do/wp-content/uploads/2025/08/temperaturas-extremas-y-precipitaciones-2025x08x09-a.pdf
2025-08-09,013,ELÍAS PIÑA,ELÍAS PIÑA,MINISTERIO DE AGRICULTURA,EMCV,,,5.0,https://indomet.gob.do/wp-content/uploads/2025/08/temperaturas-extremas-y-precipitaciones-2025x08x09-a.pdf
2025-08-09,014,RÍO SAN JUAN,MARÍA TRINIDAD SÁNCHEZ,HOSP. MPAL. DR. DESIDERIO ACOSTA,EMCV,35.2,23.5,4.0,https://indomet.gob.do/wp-content/uploads/2025/08/temperaturas-extremas-y-precipitaciones-2025x08x09-a.pdf
2025-08-09,015,PERALTA,AZUA,HOSP. MPAL. DE PERALTA,EMCI,30.0,19.0,3.4,https://indomet.gob.do/wp-content/uploads/2025/08/temperaturas-extremas-y-precipitaciones-2025x08x09-a.pdf
2025-08-09,016,ESCONDIDO,PERAVIA,MINISTERIO DE AGRICULTURA,EMCV,34.0,26.0,3.3,https://indomet.gob.do/wp-content/uploads/2025/08/temperaturas-extremas-y-precipitaciones-2025x08x09-a.pdf
2025-08-09,017,VILLA ALTAGRACIA,SAN CRISTÓBAL,ESCUELA JAVIER ANGULO GURIDI,EMCI,,,3.2,https://indomet.gob.do/wp-content/uploads/2025/08/temperaturas-extremas-y-precipitaciones-2025x08x09-a.pdf
2025-08-09,018,ALTO BANDERA (EMA),LA VEGA,INTEC,EMAP,17.7,7.5,3.0,https://indomet.gob.do/wp-content/uploads/2025/08/temperaturas-extremas-y-precipitaciones-2025x08x09-a.pdf
2025-08-09,019,ARPT. ARROYO BARRIL,SAMANÁ,ONAMET,EMCI,32.0,23.6,3.0,https://indomet.gob.do/wp-content/uploads/2025/08/temperaturas-extremas-y-precipitaciones-2025x08x09-a.pdf
2025-08-09,020,DAJABÓN,DAJABÓN,INSTITUTO POLITÉCNICO LOYOLA,EMCI,34.2,19.4,2.7,https://indomet.gob.do/wp-content/uploads/2025/08/temperaturas-extremas-y-precipitaciones-2025x08x09-a.pdf
2025-08-09,021,ARPT. DE LA ROMANA,LA ROMANA,ONAMET,EMCI,34.0,22.5,2.2,https://indomet.gob.do/wp-content/uploads/2025/08/temperaturas-extremas-y-precipitaciones-2025x08x09-a.pdf
2025-08-09,022,MONTE CRISTI,MONTE CRISTI,ONAMET,EMCI,35.0,25.4,1.3,https://indomet.gob.do/wp-content/uploads/2025/08/temperaturas-extremas-y-precipitaciones-2025x08x09-a.pdf
2025-08-09,023,JARABACOA (EMA),LA VEGA,PROGRAMA MUNDIAL DE ALIMENTO,EMAP,27.6,15.6,1.0,https://indomet.gob.do/wp-content/uploads/2025/08/temperaturas-extremas-y-precipitaciones-2025x08x09-a.pdf
2025-08-09,024,LA VICTORIA,SANTO DOMINGO,CUERPO DE BOMBEROS,EMCI,34.9,24.5,1.0,https://indomet.gob.do/wp-content/uploads/2025/08/temperaturas-extremas-y-precipitaciones-2025x08x09-a.pdf
2025-08-09,025,JARABACOA,LA VEGA,INDRHI / MARENA,EMCI,34.2,18.2,0.9,https://indomet.gob.do/wp-content/uploads/2025/08/temperaturas-extremas-y-precipitaciones-2025x08x09-a.pdf
2025-08-09,026,BANI (EMA),PERAVIA,MINISTERIO DE AGRICULTURA,EMAP,34.1,25.0,0.8,https://indomet.gob.do/wp-content/uploads/2025/08/temperaturas-extremas-y-precipitaciones-2025x08x09-a.pdf
2025-08-09,027,LOS TRES CHARCOS (EMA),PEDERNALES,PROPIEDAD DEL VOLUNTARIO,EMAP,34.4,23.8,0.6,https://indomet.gob.do/wp-content/uploads/2025/08/temperaturas-extremas-y-precipitaciones-2025x08x09-a.pdf
2025-08-09,028,RANCHO ARRIBA,SAN JOSÉ DE OCOA,CENTRO TECNOLÓGICO COMUNITARIO,EMCI,32.5,18.4,0.6,https://indomet.gob.do/wp-content/uploads/2025/08/temperaturas-extremas-y-precipitaciones-2025x08x09-a.pdf
2025-08-09,029,BAYAGUANA,MONTE PLATA,ONAMET,EMCI,34.1,22.6,0.4,https://indomet.gob.do/wp-content/uploads/2025/08/temperaturas-extremas-y-precipitaciones-2025x08x09-a.pdf
2025-08-09,030,PRESA DE TAVERAS (EMA),LA VEGA,PROGRAMA MUNDIAL DE ALIMENTO,EMAP,32.7,22.1,0.4,https://indomet.gob.do/wp-content/uploads/2025/08/temperaturas-extremas-y-precipitaciones-2025x08x09-a.pdf
2025-08-09,031,CABRERA,MARÍA TRINIDAD SÁNCHEZ,ESCUELA ARÍSTIDES FIALLO CABRAL,EMCI,35.0,27.5,0.3,https://indomet.gob.do/wp-content/uploads/2025/08/temperaturas-extremas-y-precipitaciones-2025x08x09-a.pdf
2025-08-09,032,TÁBARA ABAJO,AZUA,INDRHI,EMCI,32.5,20.0,0.3,https://indomet.gob.do/wp-content/uploads/2025/08/temperaturas-extremas-y-precipitaciones-2025x08x09-a.pdf
2025-08-09,033,BOCA DE MAO (EMA),VALVERDE,MINISTERIO DE AGRICULTURA,EMAP,37.4,24.3,0.2,https://indomet.gob.do/wp-content/uploads/2025/08/temperaturas-extremas-y-precipitaciones-2025x08x09-a.pdf
2025-08-09,034,PONTÓN ABAJO (EMA),LA VEGA,MINISTERIO DE AGRICULTURA,EMAP,36.9,24.2,0.2,https://indomet.gob.do/wp-content/uploads/2025/08/temperaturas-extremas-y-precipitaciones-2025x08x09-a.pdf
2025-08-09,035,SABANETA (EMA),SANTIAGO RODRÍGUEZ,PROGRAMA MUNDIAL DE ALIMENTO,EMAP,37.6,22.1,0.2,https://indomet.gob.do/wp-content/uploads/2025/08/temperaturas-extremas-y-precipitaciones-2025x08x09-a.pdf
2025-08-09,036,OLIVARES,PEDERNALES,INDRHI,EMCI,,,0.1,https://indomet.gob.do/wp-content/uploads/2025/08/temperaturas-extremas-y-precipitaciones-2025x08x09-a.pdf
2025-08-09,037,PEDERNALES,PEDERNALES,INDRHI,EMCI,,,0.1,https://indomet.gob.do/wp-content/uploads/2025/08/temperaturas-extremas-y-precipitaciones-2025x08x09-a.pdf
2025-08-09,038,SANTIAGO RODRÍGUEZ,SANTIAGO RODRÍGUEZ,ONAMET,EMCI,36.8,22.5,0.1,https://indomet.gob.do/wp-content/uploads/2025/08/temperaturas-extremas-y-precipitaciones-2025x08x09-a.pdf
2025-08-09,039,VILLA GONZALES,SANTIAGO,MINISTERIO DE AGRICULTURA,EMCI,,,0.1,https://indomet.gob.do/wp-content/uploads/2025/08/temperaturas-extremas-y-precipitaciones-2025x08x09-a.pdf
2025-08-09,040,ALTAMIRA,PUERTO PLATA,HOSP. MPAL. DE ALTAMIRA,EMCI,34.4,21.4,0.0,https://indomet.gob.do/wp-content/uploads/2025/08/temperaturas-extremas-y-precipitaciones-2025x08x09-a.pdf
2025-08-09,041,ANAMUYA (EMA),LA ALTAGRACIA,MINISTERIO DE AGRICULTURA,EMAP,34.7,23.8,0.0,https://indomet.gob.do/wp-content/uploads/2025/08/temperaturas-extremas-y-precipitaciones-2025x08x09-a.pdf
2025-08-09,042,ARPT. DE LAS AMÉRICAS,SANTO DOMINGO,ONAMET,EMCI,32.0,23.8,0.0,https://indomet.gob.do/wp-content/uploads/2025/08/temperaturas-extremas-y-precipitaciones-2025x08x09-a.pdf
2025-08-09,043,ARPT. DE PUNTA CANA,LA ALTAGRACIA,ONAMET,EMCI,32.4,24.1,0.0,https://indomet.gob.do/wp-content/uploads/2025/08/temperaturas-extremas-y-precipitaciones-2025x08x09-a.pdf
2025-08-09,044,ARPT. DEL CIBAO,SANTIAGO,ONAMET,EMCI,36.0,23.4,0.0,https://indomet.gob.do/wp-content/uploads/2025/08/temperaturas-extremas-y-precipitaciones-2025x08x09-a.pdf
2025-08-09,045,ARPT. EL CATEY,SAMANÁ,ONAMET,EMCI,31.0,23.0,0.0,https://indomet.gob.do/wp-content/uploads/2025/08/temperaturas-extremas-y-precipitaciones-2025x08x09-a.pdf
2025-08-09,046,ARPT. GREGORIO LUPERÓN,PUERTO PLATA,ONAMET,EMCI,34.0,23.8,0.0,https://indomet.gob.do/wp-content/uploads/2025/08/temperaturas-extremas-y-precipitaciones-2025x08x09-a.pdf
2025-08-09,047,ARPT. LA ISABELA,SANTO DOMINGO,ONAMET,EMCI,33.0,23.0,0.0,https://indomet.gob.do/wp-content/uploads/2025/08/temperaturas-extremas-y-precipitaciones-2025x08x09-a.pdf
2025-08-09,048,ARPT. MARÍA MONTEZ,BARAHONA,ONAMET,EMCI,34.0,25.8,0.0,https://indomet.gob.do/wp-content/uploads/2025/08/temperaturas-extremas-y-precipitaciones-2025x08x09-a.pdf
2025-08-09,049,BONAO,MONSEÑOR NOUEL,MINISTERIO DE AGRICULTURA,EMCV,,,0.0,https://indomet.gob.do/wp-content/uploads/2025/08/temperaturas-extremas-y-precipitaciones-2025x08x09-a.pdf
2025-08-09,050,CABRAL,BARAHONA,MINISTERIO DE AGRICULTURA,EMCV,35.7,24.3,0.0,https://indomet.gob.do/wp-content/uploads/2025/08/temperaturas-extremas-y-precipitaciones-2025x08x09-a.pdf
2025-08-09,051,CENTRO DE LOS HEROES (EMA),DISTRITO NACIONAL,MINISTERIO DE ENERGIA Y MINA,EMAP,31.7,26.8,0.0,https://indomet.gob.do/wp-content/uploads/2025/08/temperaturas-extremas-y-precipitaciones-2025x08x09-a.pdf
2025-08-09,052,CONSTANZA,LA VEGA,MINISTERIO DE AGRICULTURA,EMCI,28.9,15.0,0.0,https://indomet.gob.do/wp-content/uploads/2025/08/temperaturas-extremas-y-precipitaciones-2025x08x09-a.pdf
2025-08-09,053,CONSTANZA (EMA),LA VEGA,PROGRAMA MUNDIAL DE ALIMENTO,EMAP,27.6,15.6,0.0,https://indomet.gob.do/wp-content/uploads/2025/08/temperaturas-extremas-y-precipitaciones-2025x08x09-a.pdf
2025-08-09,054,EL FACTOR (EMA),MARÍA TRINIDAD SÁNCHEZ,INTEC,EMAP,33.1,22.9,0.0,https://indomet.gob.do/wp-content/uploads/2025/08/temperaturas-extremas-y-precipitaciones-2025x08x09-a.pdf
2025-08-09,055,GASPAR HERNÁNDEZ,ESPAILLAT,PROPIEDAD DEL EMPLEADO,EMCI,,,0.0,https://indomet.gob.do/wp-content/uploads/2025/08/temperaturas-extremas-y-precipitaciones-2025x08x09-a.pdf
2025-08-09,056,JIMANÍ,INDEPENDENCIA,MINISTERIO DE AGRICULTURA,EMCI,36.2,26.2,0.0,https://indomet.gob.do/wp-content/uploads/2025/08/temperaturas-extremas-y-precipitaciones-2025x08x09-a.pdf
2025-08-09,057,JUMA BEJUCAL,MONSEÑOR NOUEL,IDIAF,EMCV,34.0,24.8,0.0,https://indomet.gob.do/wp-content/uploads/2025/08/temperaturas-extremas-y-precipitaciones-2025x08x09-a.pdf
2025-08-09,058,LA VEGA,LA VEGA,IATESA,EMCI,34.5,24.0,0.0,https://indomet.gob.do/wp-content/uploads/2025/08/temperaturas-extremas-y-precipitaciones-2025x08x09-a.pdf
2025-08-09,059,LAS CANAS (EMA),MONTE CRISTI,PROGRAMA MUNDIAL DE ALIMENTO,EMAP,31.7,23.9,0.0,https://indomet.gob.do/wp-content/uploads/2025/08/temperaturas-extremas-y-precipitaciones-2025x08x09-a.pdf
2025-08-09,060,LAS MATAS DE SANTA CRUZ (EMA,MONTE CRISTI,PROGRAMA MUNDIAL DE ALIMENTO,EMAP,35.4,23.0,0.0,https://indomet.gob.do/wp-content/uploads/2025/08/temperaturas-extremas-y-precipitaciones-2025x08x09-a.pdf
2025-08-09,061,MONCIÓN (EMA),SANTIAGO RODRÍGUEZ,PROGRAMA MUNDIAL DE ALIMENTO,EMAP,34.3,20.6,0.0,https://indomet.gob.do/wp-content/uploads/2025/08/temperaturas-extremas-y-precipitaciones-2025x08x09-a.pdf
2025-08-09,062,NAVARRETE,SANTIAGO,MINISTERIO DE AGRICULTURA,EMCV,,,0.0,https://indomet.gob.do/wp-content/uploads/2025/08/temperaturas-extremas-y-precipitaciones-2025x08x09-a.pdf
2025-08-09,063,OVIEDO,PEDERNALES,CLÍNICA RURAL OVIEDO,EMCI,34.5,25.5,0.0,https://indomet.gob.do/wp-content/uploads/2025/08/temperaturas-extremas-y-precipitaciones-2025x08x09-a.pdf
2025-08-09,064,PALO ÍNDIO,PUERTO PLATA,MINISTERIO DE AGRICULTURA,EMCI,,,0.0,https://indomet.gob.do/wp-content/uploads/2025/08/temperaturas-extremas-y-precipitaciones-2025x08x09-a.pdf
2025-08-09,065,PESCADERIA (EMA),BARAHONA,MINISTERIO DE AGRICULTURA,EMAP,34.4,23.8,0.0,https://indomet.gob.do/wp-content/uploads/2025/08/temperaturas-extremas-y-precipitaciones-2025x08x09-a.pdf
2025-08-09,066,SABANA GRANDE DE BOYÁ,MONTE PLATA,MINISTERIO DE AGRICULTURA,EMCV,,,0.0,https://indomet.gob.do/wp-content/uploads/2025/08/temperaturas-extremas-y-precipitaciones-2025x08x09-a.pdf
2025-08-09,067,SALCEDO,HERMANAS MIRABAL,PROPIEDAD DEL EMPLEADO,EMCI,,,0.0,https://indomet.gob.do/wp-content/uploads/2025/08/temperaturas-extremas-y-precipitaciones-2025x08x09-a.pdf
2025-08-09,068,SAN CRISTÓBAL,SAN CRISTÓBAL,INSTITUTO POLITÉCNICO LOYOLA,EMCI,33.0,22.0,0.0,https://indomet.gob.do/wp-content/uploads/2025/08/temperaturas-extremas-y-precipitaciones-2025x08x09-a.pdf
2025-08-09,069,SAN JOSÉ DE OCOA,SAN JOSÉ DE OCOA,HOSP. SAN JOSÉ DE OCOA,EMCI,34.1,21.9,0.0,https://indomet.gob.do/wp-content/uploads/2025/08/temperaturas-extremas-y-precipitaciones-2025x08x09-a.pdf
2025-08-09,070,SAN RAFAEL DEL YUMA,LA ALTAGRACIA,MINISTERIO DE AGRICULTURA,EMCI,35.9,23.7,0.0,https://indomet.gob.do/wp-content/uploads/2025/08/temperaturas-extremas-y-precipitaciones-2025x08x09-a.pdf
2025-08-09,071,SÁNCHEZ,SAMANÁ,MINISTERIO DE AGRICULTURA,EMCI,32.1,22.6,0.0,https://indomet.gob.do/wp-content/uploads/2025/08/temperaturas-extremas-y-precipitaciones-2025x08x09-a.pdf
2025-08-09,072,SANTO DOMINGO ESTE,SANTO DOMINGO,ONAMET,EMCI,33.5,26.0,0.0,https://indomet.gob.do/wp-content/uploads/2025/08/temperaturas-extremas-y-precipitaciones-2025x08x09-a.pdf
2025-08-09,073,VALLE NUEVO (EMA),LA VEGA,MARENA,EMAI,20.4,11.7,0.0,https://indomet.gob.do/wp-content/uploads/2025/08/temperaturas-extremas-y-precipitaciones-2025x08x09-a.pdf
2025-08-09,074,VILLA ISABELA,PUERTO PLATA,MINISTERIO DE AGRICULTURA,EMCV,,,0.0,https://indomet.gob.do/wp-content/uploads/2025/08/temperaturas-extremas-y-precipitaciones-2025x08x09-a.pdf
2025-08-09,075,VILLA RIVA,DUARTE,HOSP. MPAL. ALICIA DE LEGENDRE,EMCI,33.0,22.5,0.0,https://indomet.gob.do/wp-content/uploads/2025/08/temperaturas-extremas-y-precipitaciones-2025x08x09-a.pdf
2025-08-10,001,LOS LLANOS,SAN PEDRO DE MACORÍS,MINISTERIO DE AGRICULTURA,EMCI,32.6,22.5,40.2,https://indomet.gob.do/wp-content/uploads/2025/08/temperaturas-extremas-y-precipitaciones-2025x08x10-a.pdf
2025-08-10,002,LA VICTORIA,SANTO DOMINGO,CUERPO DE BOMBEROS,EMCI,28.0,22.0,23.6,https://indomet.gob.do/wp-content/uploads/2025/08/temperaturas-extremas-y-precipitaciones-2025x08x10-a.pdf
2025-08-10,003,SABANA GRANDE DE BOYÁ,MONTE PLATA,MINISTERIO DE AGRICULTURA,EMCV,,,15.2,https://indomet.gob.do/wp-content/uploads/2025/08/temperaturas-extremas-y-precipitaciones-2025x08x10-a.pdf
2025-08-10,004,BAYAGUANA,MONTE PLATA,ONAMET,EMCI,33.5,22.3,12.4,https://indomet.gob.do/wp-content/uploads/2025/08/temperaturas-extremas-y-precipitaciones-2025x08x10-a.pdf
2025-08-10,005,EL FACTOR (EMA),MARÍA TRINIDAD SÁNCHEZ,INTEC,EMAP,32.7,22.9,11.7,https://indomet.gob.do/wp-content/uploads/2025/08/temperaturas-extremas-y-precipitaciones-2025x08x10-a.pdf
2025-08-10,006,BASE AÉREA DE SAN ISIDRO,SANTO DOMINGO,FUERZA AÉREA DOMINICANA,EMCV,33.0,22.6,11.0,https://indomet.gob.do/wp-content/uploads/2025/08/temperaturas-extremas-y-precipitaciones-2025x08x10-a.pdf
2025-08-10,007,ALTAMIRA,PUERTO PLATA,HOSP. MPAL. DE ALTAMIRA,EMCI,33.4,21.0,10.0,https://indomet.gob.do/wp-content/uploads/2025/08/temperaturas-extremas-y-precipitaciones-2025x08x10-a.pdf
2025-08-10,008,ARPT. LA ISABELA,SANTO DOMINGO,ONAMET,EMCI,33.5,22.8,9.5,https://indomet.gob.do/wp-content/uploads/2025/08/temperaturas-extremas-y-precipitaciones-2025x08x10-a.pdf
2025-08-10,009,SAMANÁ,SAMANÁ,COMANDANCIA DE PUERTO DE SAMANÁ,EMCI,33.3,22.0,9.4,https://indomet.gob.do/wp-content/uploads/2025/08/temperaturas-extremas-y-precipitaciones-2025x08x10-a.pdf
2025-08-10,010,SÁNCHEZ,SAMANÁ,MINISTERIO DE AGRICULTURA,EMCI,33.4,21.6,6.8,https://indomet.gob.do/wp-content/uploads/2025/08/temperaturas-extremas-y-precipitaciones-2025x08x10-a.pdf
2025-08-10,011,SALCEDO,HERMANAS MIRABAL,PROPIEDAD DEL EMPLEADO,EMCI,,,6.0,https://indomet.gob.do/wp-content/uploads/2025/08/temperaturas-extremas-y-precipitaciones-2025x08x10-a.pdf
2025-08-10,012,ARPT. ARROYO BARRIL,SAMANÁ,ONAMET,EMCI,32.8,23.5,5.8,https://indomet.gob.do/wp-content/uploads/2025/08/temperaturas-extremas-y-precipitaciones-2025x08x10-a.pdf
2025-08-10,013,HATO MAYOR,HATO MAYOR,MINISTERIO DE AGRICULTURA,EMCV,,,5.3,https://indomet.gob.do/wp-content/uploads/2025/08/temperaturas-extremas-y-precipitaciones-2025x08x10-a.pdf
2025-08-10,014,ARPT. EL CATEY,SAMANÁ,ONAMET,EMCI,30.5,22.5,4.1,https://indomet.gob.do/wp-content/uploads/2025/08/temperaturas-extremas-y-precipitaciones-2025x08x10-a.pdf
2025-08-10,015,ARPT. DE LAS AMÉRICAS,SANTO DOMINGO,ONAMET,EMCI,33.0,23.6,3.2,https://indomet.gob.do/wp-content/uploads/2025/08/temperaturas-extremas-y-precipitaciones-2025x08x10-a.pdf
2025-08-10,016,ENRIQUILLO,BARAHONA,MINISTERIO DE AGRICULTURA,EMCV,32.4,22.7,3.2,https://indomet.gob.do/wp-content/uploads/2025/08/temperaturas-extremas-y-precipitaciones-2025x08x10-a.pdf
2025-08-10,017,RANCHO ARRIBA,SAN JOSÉ DE OCOA,CENTRO TECNOLÓGICO COMUNITARIO,EMCI,31.4,19.7,3.2,https://indomet.gob.do/wp-content/uploads/2025/08/temperaturas-extremas-y-precipitaciones-2025x08x10-a.pdf
2025-08-10,018,RESTAURACIÓN,DAJABÓN,MINISTERIO DE AGRICULTURA,EMCI,31.4,19.7,3.2,https://indomet.gob.do/wp-content/uploads/2025/08/temperaturas-extremas-y-precipitaciones-2025x08x10-a.pdf
2025-08-10,019,PADRE LAS CASAS,AZUA,HOSP. NTRA. SRA. DEL CARMEN,EMCI,30.7,20.0,3.0,https://indomet.gob.do/wp-content/uploads/2025/08/temperaturas-extremas-y-precipitaciones-2025x08x10-a.pdf
2025-08-10,020,HONDO VALLE,ELÍAS PIÑA,MINISTERIO DE AGRICULTURA,EMCI,27.5,18.1,2.6,https://indomet.gob.do/wp-content/uploads/2025/08/temperaturas-extremas-y-precipitaciones-2025x08x10-a.pdf
2025-08-10,021,BOHECHÍO,SAN JUAN,MINISTERIO DE AGRICULTURA,EMCV,,,2.2,https://indomet.gob.do/wp-content/uploads/2025/08/temperaturas-extremas-y-precipitaciones-2025x08x10-a.pdf
2025-08-10,022,DAJABÓN,DAJABÓN,INSTITUTO POLITÉCNICO LOYOLA,EMCI,34.5,20.0,2.2,https://indomet.gob.do/wp-content/uploads/2025/08/temperaturas-extremas-y-precipitaciones-2025x08x10-a.pdf
2025-08-10,023,OVIEDO,PEDERNALES,CLÍNICA RURAL OVIEDO,EMCI,34.0,24.0,2.0,https://indomet.gob.do/wp-content/uploads/2025/08/temperaturas-extremas-y-precipitaciones-2025x08x10-a.pdf
2025-08-10,024,POLO,BARAHONA,INDOCAFE,EMCI,29.0,19.5,2.0,https://indomet.gob.do/wp-content/uploads/2025/08/temperaturas-extremas-y-precipitaciones-2025x08x10-a.pdf
2025-08-10,025,SANTO DOMINGO ESTE,SANTO DOMINGO,ONAMET,EMCI,34.0,26.5,1.6,https://indomet.gob.do/wp-content/uploads/2025/08/temperaturas-extremas-y-precipitaciones-2025x08x10-a.pdf
2025-08-10,026,MONTE CRISTI,MONTE CRISTI,ONAMET,EMCI,34.5,23.6,1.3,https://indomet.gob.do/wp-content/uploads/2025/08/temperaturas-extremas-y-precipitaciones-2025x08x10-a.pdf
2025-08-10,027,LOS TRES CHARCOS (EMA),PEDERNALES,PROPIEDAD DEL VOLUNTARIO,EMAP,33.5,24.4,1.0,https://indomet.gob.do/wp-content/uploads/2025/08/temperaturas-extremas-y-precipitaciones-2025x08x10-a.pdf
2025-08-10,028,TÁBARA ABAJO,AZUA,INDRHI,EMCI,33.0,23.0,0.9,https://indomet.gob.do/wp-content/uploads/2025/08/temperaturas-extremas-y-precipitaciones-2025x08x10-a.pdf
2025-08-10,029,CABRERA,MARÍA TRINIDAD SÁNCHEZ,ESCUELA ARÍSTIDES FIALLO CABRAL,EMCI,34.5,25.5,0.8,https://indomet.gob.do/wp-content/uploads/2025/08/temperaturas-extremas-y-precipitaciones-2025x08x10-a.pdf
2025-08-10,030,ARPT. DEL CIBAO,SANTIAGO,ONAMET,EMCI,34.5,23.4,0.5,https://indomet.gob.do/wp-content/uploads/2025/08/temperaturas-extremas-y-precipitaciones-2025x08x10-a.pdf
2025-08-10,031,BONAO,MONSEÑOR NOUEL,MINISTERIO DE AGRICULTURA,EMCV,,,0.3,https://indomet.gob.do/wp-content/uploads/2025/08/temperaturas-extremas-y-precipitaciones-2025x08x10-a.pdf
2025-08-10,032,BOCA DE MAO (EMA),VALVERDE,MINISTERIO DE AGRICULTURA,EMAP,35.8,23.1,0.2,https://indomet.gob.do/wp-content/uploads/2025/08/temperaturas-extremas-y-precipitaciones-2025x08x10-a.pdf
2025-08-10,033,ARROYO LORO,SAN JUAN,IDIAF,EMCI,32.0,21.3,0.1,https://indomet.gob.do/wp-content/uploads/2025/08/temperaturas-extremas-y-precipitaciones-2025x08x10-a.pdf
2025-08-10,034,JARDÍN BOTÁNICO NACIONAL,DISTRITO NACIONAL,JARDÍN BOTÁNICO NACIONAL,EMCV,32.7,22.6,0.1,https://indomet.gob.do/wp-content/uploads/2025/08/temperaturas-extremas-y-precipitaciones-2025x08x10-a.pdf
2025-08-10,035,PERALTA,AZUA,HOSP. MPAL. DE PERALTA,EMCI,29.1,18.5,0.1,https://indomet.gob.do/wp-content/uploads/2025/08/temperaturas-extremas-y-precipitaciones-2025x08x10-a.pdf
2025-08-10,036,ALTO BANDERA (EMA),LA VEGA,INTEC,EMAP,16.3,7.7,0.0,https://indomet.gob.do/wp-content/uploads/2025/08/temperaturas-extremas-y-precipitaciones-2025x08x10-a.pdf
2025-08-10,037,ANAMUYA (EMA),LA ALTAGRACIA,MINISTERIO DE AGRICULTURA,EMAP,33.1,24.8,0.0,https://indomet.gob.do/wp-content/uploads/2025/08/temperaturas-extremas-y-precipitaciones-2025x08x10-a.pdf
2025-08-10,038,ARPT. DE LA ROMANA,LA ROMANA,ONAMET,EMCI,34.4,21.8,0.0,https://indomet.gob.do/wp-content/uploads/2025/08/temperaturas-extremas-y-precipitaciones-2025x08x10-a.pdf
2025-08-10,039,ARPT. DE PUNTA CANA,LA ALTAGRACIA,ONAMET,EMCI,32.0,24.1,0.0,https://indomet.gob.do/wp-content/uploads/2025/08/temperaturas-extremas-y-precipitaciones-2025x08x10-a.pdf
2025-08-10,040,ARPT. GREGORIO LUPERÓN,PUERTO PLATA,ONAMET,EMCI,32.7,23.7,0.0,https://indomet.gob.do/wp-content/uploads/2025/08/temperaturas-extremas-y-precipitaciones-2025x08x10-a.pdf
2025-08-10,041,ARPT. MARÍA MONTEZ,BARAHONA,ONAMET,EMCI,33.6,25.4,0.0,https://indomet.gob.do/wp-content/uploads/2025/08/temperaturas-extremas-y-precipitaciones-2025x08x10-a.pdf
2025-08-10,042,BANI (EMA),PERAVIA,MINISTERIO DE AGRICULTURA,EMAP,33.2,26.3,0.0,https://indomet.gob.do/wp-content/uploads/2025/08/temperaturas-extremas-y-precipitaciones-2025x08x10-a.pdf
2025-08-10,043,CABRAL,BARAHONA,MINISTERIO DE AGRICULTURA,EMCV,35.0,25.4,0.0,https://indomet.gob.do/wp-content/uploads/2025/08/temperaturas-extremas-y-precipitaciones-2025x08x10-a.pdf
2025-08-10,044,CENTRO DE LOS HEROES (EMA),DISTRITO NACIONAL,MINISTERIO DE ENERGIA Y MINA,EMAP,31.9,26.9,0.0,https://indomet.gob.do/wp-content/uploads/2025/08/temperaturas-extremas-y-precipitaciones-2025x08x10-a.pdf
2025-08-10,045,CONSTANZA,LA VEGA,MINISTERIO DE AGRICULTURA,EMCI,27.5,14.0,0.0,https://indomet.gob.do/wp-content/uploads/2025/08/temperaturas-extremas-y-precipitaciones-2025x08x10-a.pdf
2025-08-10,046,CONSTANZA (EMA),LA VEGA,PROGRAMA MUNDIAL DE ALIMENTO,EMAP,26.9,14.8,0.0,https://indomet.gob.do/wp-content/uploads/2025/08/temperaturas-extremas-y-precipitaciones-2025x08x10-a.pdf
2025-08-10,047,COTUÍ,SÁNCHEZ RAMÍREZ,HOSP. INMACULADA CONCEPCIÓN,EMCV,,,0.0,https://indomet.gob.do/wp-content/uploads/2025/08/temperaturas-extremas-y-precipitaciones-2025x08x10-a.pdf
2025-08-10,048,EL CERCADO,SAN JUAN,MINISTERIO DE AGRICULTURA,EMCV,,,0.0,https://indomet.gob.do/wp-content/uploads/2025/08/temperaturas-extremas-y-precipitaciones-2025x08x10-a.pdf
2025-08-10,049,ELÍAS PIÑA,ELÍAS PIÑA,MINISTERIO DE AGRICULTURA,EMCV,,,0.0,https://indomet.gob.do/wp-content/uploads/2025/08/temperaturas-extremas-y-precipitaciones-2025x08x10-a.pdf
2025-08-10,050,GASPAR HERNÁNDEZ,ESPAILLAT,PROPIEDAD DEL EMPLEADO,EMCI,,,0.0,https://indomet.gob.do/wp-content/uploads/2025/08/temperaturas-extremas-y-precipitaciones-2025x08x10-a.pdf
2025-08-10,051,GURABO,SANTIAGO,MINISTERIO DE AGRICULTURA,EMCV,,,0.0,https://indomet.gob.do/wp-content/uploads/2025/08/temperaturas-extremas-y-precipitaciones-2025x08x10-a.pdf
2025-08-10,052,HIGÜEY,LA ALTAGRACIA,MINISTERIO DE AGRICULTURA,EMCV,,,0.0,https://indomet.gob.do/wp-content/uploads/2025/08/temperaturas-extremas-y-precipitaciones-2025x08x10-a.pdf
2025-08-10,053,JARABACOA,LA VEGA,INDRHI / MARENA,EMCI,34.0,18.0,0.0,https://indomet.gob.do/wp-content/uploads/2025/08/temperaturas-extremas-y-precipitaciones-2025x08x10-a.pdf
2025-08-10,054,JARABACOA (EMA),LA VEGA,PROGRAMA MUNDIAL DE ALIMENTO,EMAP,32.6,19.0,0.0,https://indomet.gob.do/wp-content/uploads/2025/08/temperaturas-extremas-y-precipitaciones-2025x08x10-a.pdf
2025-08-10,055,JIMANÍ,INDEPENDENCIA,MINISTERIO DE AGRICULTURA,EMCI,36.2,25.6,0.0,https://indomet.gob.do/wp-content/uploads/2025/08/temperaturas-extremas-y-precipitaciones-2025x08x10-a.pdf
2025-08-10,056,JUMA BEJUCAL,MONSEÑOR NOUEL,IDIAF,EMCV,34.4,25.0,0.0,https://indomet.gob.do/wp-content/uploads/2025/08/temperaturas-extremas-y-precipitaciones-2025x08x10-a.pdf
2025-08-10,057,LA VEGA,LA VEGA,IATESA,EMCI,34.0,22.5,0.0,https://indomet.gob.do/wp-content/uploads/2025/08/temperaturas-extremas-y-precipitaciones-2025x08x10-a.pdf
2025-08-10,058,LAS CANAS (EMA),MONTE CRISTI,PROGRAMA MUNDIAL DE ALIMENTO,EMAP,31.4,23.2,0.0,https://indomet.gob.do/wp-content/uploads/2025/08/temperaturas-extremas-y-precipitaciones-2025x08x10-a.pdf
2025-08-10,059,LAS MATAS DE FARFÁN,SAN JUAN,MINISTERIO DE AGRICULTURA,EMCV,,,0.0,https://indomet.gob.do/wp-content/uploads/2025/08/temperaturas-extremas-y-precipitaciones-2025x08x10-a.pdf
2025-08-10,060,LAS MATAS DE SANTA CRUZ (EMA,MONTE CRISTI,PROGRAMA MUNDIAL DE ALIMENTO,EMAP,,,0.0,https://indomet.gob.do/wp-content/uploads/2025/08/temperaturas-extremas-y-precipitaciones-2025x08x10-a.pdf
2025-08-10,061,LOS JENGIBRES,NAGUA,INDRHI,EMCI,,,0.0,https://indomet.gob.do/wp-content/uploads/2025/08/temperaturas-extremas-y-precipitaciones-2025x08x10-a.pdf
2025-08-10,062,MAO,VALVERDE,INDRHI / MINISTERIO DE AGRICULTURA,EMCV,,,0.0,https://indomet.gob.do/wp-content/uploads/2025/08/temperaturas-extremas-y-precipitaciones-2025x08x10-a.pdf
2025-08-10,063,MONCIÓN (EMA),SANTIAGO RODRÍGUEZ,PROGRAMA MUNDIAL DE ALIMENTO,EMAP,34.5,20.9,0.0,https://indomet.gob.do/wp-content/uploads/2025/08/temperaturas-extremas-y-precipitaciones-2025x08x10-a.pdf
2025-08-10,064,NAVARRETE,SANTIAGO,MINISTERIO DE AGRICULTURA,EMCV,,,0.0,https://indomet.gob.do/wp-content/uploads/2025/08/temperaturas-extremas-y-precipitaciones-2025x08x10-a.pdf
2025-08-10,065,PALO ÍNDIO,PUERTO PLATA,MINISTERIO DE AGRICULTURA,EMCI,,,0.0,https://indomet.gob.do/wp-content/uploads/2025/08/temperaturas-extremas-y-precipitaciones-2025x08x10-a.pdf
2025-08-10,066,PASO AL MEDIO,SAN PEDRO DE MACORÍS,INDRHI,EMCI,,,0.0,https://indomet.gob.do/wp-content/uploads/2025/08/temperaturas-extremas-y-precipitaciones-2025x08x10-a.pdf
2025-08-10,067,PEDERNALES,PEDERNALES,INDRHI,EMCI,,,0.0,https://indomet.gob.do/wp-content/uploads/2025/08/temperaturas-extremas-y-precipitaciones-2025x08x10-a.pdf
2025-08-10,068,PESCADERIA (EMA),BARAHONA,MINISTERIO DE AGRICULTURA,EMAP,34.6,27.7,0.0,https://indomet.gob.do/wp-content/uploads/2025/08/temperaturas-extremas-y-precipitaciones-2025x08x10-a.pdf
2025-08-10,069,PONTÓN ABAJO (EMA),LA VEGA,MINISTERIO DE AGRICULTURA,EMAP,36.4,23.9,0.0,https://indomet.gob.do/wp-content/uploads/2025/08/temperaturas-extremas-y-precipitaciones-2025x08x10-a.pdf
2025-08-10,070,PRESA DE TAVERAS (EMA),LA VEGA,PROGRAMA MUNDIAL DE ALIMENTO,EMAP,33.0,22.3,0.0,https://indomet.gob.do/wp-content/uploads/2025/08/temperaturas-extremas-y-precipitaciones-2025x08x10-a.pdf
2025-08-10,071,RÍO SAN JUAN,MARÍA TRINIDAD SÁNCHEZ,HOSP. MPAL. DR. DESIDERIO ACOSTA,EMCV,34.6,24.0,0.0,https://indomet.gob.do/wp-content/uploads/2025/08/temperaturas-extremas-y-precipitaciones-2025x08x10-a.pdf
2025-08-10,072,SABANA DE LA MAR,HATO MAYOR,ONAMET,EMCI,31.5,22.5,0.0,https://indomet.gob.do/wp-content/uploads/2025/08/temperaturas-extremas-y-precipitaciones-2025x08x10-a.pdf
2025-08-10,073,SABANETA (EMA),SANTIAGO RODRÍGUEZ,PROGRAMA MUNDIAL DE ALIMENTO,EMAP,37.6,22.9,0.0,https://indomet.gob.do/wp-content/uploads/2025/08/temperaturas-extremas-y-precipitaciones-2025x08x10-a.pdf
2025-08-10,074,SAN CRISTÓBAL,SAN CRISTÓBAL,INSTITUTO POLITÉCNICO LOYOLA,EMCI,33.2,22.0,0.0,https://indomet.gob.do/wp-content/uploads/2025/08/temperaturas-extremas-y-precipitaciones-2025x08x10-a.pdf
2025-08-10,075,SAN FRANCISCO DE MACORÍS,DUARTE,San Francisco de Macorís (UASD),EMCI,27.9,22.8,0.0,https://indomet.gob.do/wp-content/uploads/2025/08/temperaturas-extremas-y-precipitaciones-2025x08x10-a.pdf
2025-08-10,076,SAN JOSÉ DE OCOA,SAN JOSÉ DE OCOA,HOSP. SAN JOSÉ DE OCOA,EMCI,34.7,21.8,0.0,https://indomet.gob.do/wp-content/uploads/2025/08/temperaturas-extremas-y-precipitaciones-2025x08x10-a.pdf
2025-08-10,077,SAN RAFAEL DEL YUMA,LA ALTAGRACIA,MINISTERIO DE AGRICULTURA,EMCI,36.5,24.0,0.0,https://indomet.gob.do/wp-content/uploads/2025/08/temperaturas-extremas-y-precipitaciones-2025x08x10-a.pdf
2025-08-10,078,SANTIAGO RODRÍGUEZ,SANTIAGO RODRÍGUEZ,ONAMET,EMCI,37.0,23.5,0.0,https://indomet.gob.do/wp-content/uploads/2025/08/temperaturas-extremas-y-precipitaciones-2025x08x10-a.pdf
2025-08-10,079,TAVERA,SANTIAGO,INDRHI,EMCI,,,0.0,https://indomet.gob.do/wp-content/uploads/2025/08/temperaturas-extremas-y-precipitaciones-2025x08x10-a.pdf
2025-08-10,080,VILLA ALTAGRACIA,SAN CRISTÓBAL,ESCUELA JAVIER ANGULO GURIDI,EMCI,,,0.0,https://indomet.gob.do/wp-content/uploads/2025/08/temperaturas-extremas-y-precipitaciones-2025x08x10-a.pdf
2025-08-10,081,VILLA GONZALES,SANTIAGO,MINISTERIO DE AGRICULTURA,EMCI,,,0.0,https://indomet.gob.do/wp-content/uploads/2025/08/temperaturas-extremas-y-precipitaciones-2025x08x10-a.pdf
2025-08-10,082,VILLA RIVA,DUARTE,HOSP. MPAL. ALICIA DE LEGENDRE,EMCI,32.0,22.0,0.0,https://indomet.gob.do/wp-content/uploads/2025/08/temperaturas-extremas-y-precipitaciones-2025x08x10-a.pdf
2025-08-11,001,SABANA GRANDE DE BOYÁ,MONTE PLATA,MINISTERIO DE AGRICULTURA,EMCV,,,14.5,https://indomet.gob.do/wp-content/uploads/2025/08/temperaturas-extremas-y-precipitaciones-2025x08x11-a.pdf
2025-08-11,002,RANCHO ARRIBA,SAN JOSÉ DE OCOA,CENTRO TECNOLÓGICO COMUNITARIO,EMCI,32.5,19.3,12.6,https://indomet.gob.do/wp-content/uploads/2025/08/temperaturas-extremas-y-precipitaciones-2025x08x11-a.pdf
2025-08-11,003,ARPT. ARROYO BARRIL,SAMANÁ,ONAMET,EMCI,33.4,24.8,11.8,https://indomet.gob.do/wp-content/uploads/2025/08/temperaturas-extremas-y-precipitaciones-2025x08x11-a.pdf
2025-08-11,004,SALCEDO,HERMANAS MIRABAL,PROPIEDAD DEL EMPLEADO,EMCI,,,4.9,https://indomet.gob.do/wp-content/uploads/2025/08/temperaturas-extremas-y-precipitaciones-2025x08x11-a.pdf
2025-08-11,005,CABRERA,MARÍA TRINIDAD SÁNCHEZ,ESCUELA ARÍSTIDES FIALLO CABRAL,EMCI,34.5,26.8,2.9,https://indomet.gob.do/wp-content/uploads/2025/08/temperaturas-extremas-y-precipitaciones-2025x08x11-a.pdf
2025-08-11,006,TAMBORIL,SANTIAGO,MINISTERIO DE AGRICULTURA,EMCV,,,2.5,https://indomet.gob.do/wp-content/uploads/2025/08/temperaturas-extremas-y-precipitaciones-2025x08x11-a.pdf
2025-08-11,007,SÁNCHEZ,SAMANÁ,MINISTERIO DE AGRICULTURA,EMCI,33.6,22.1,2.2,https://indomet.gob.do/wp-content/uploads/2025/08/temperaturas-extremas-y-precipitaciones-2025x08x11-a.pdf
2025-08-11,008,GURABO,SANTIAGO,MINISTERIO DE AGRICULTURA,EMCV,,,1.8,https://indomet.gob.do/wp-content/uploads/2025/08/temperaturas-extremas-y-precipitaciones-2025x08x11-a.pdf
2025-08-11,009,SAMANÁ,SAMANÁ,COMANDANCIA DE PUERTO DE SAMANÁ,EMCI,33.4,24.0,1.2,https://indomet.gob.do/wp-content/uploads/2025/08/temperaturas-extremas-y-precipitaciones-2025x08x11-a.pdf
2025-08-11,010,BANI (EMA),PERAVIA,MINISTERIO DE AGRICULTURA,EMAP,33.8,26.9,1.0,https://indomet.gob.do/wp-content/uploads/2025/08/temperaturas-extremas-y-precipitaciones-2025x08x11-a.pdf
2025-08-11,011,ESCONDIDO,PERAVIA,MINISTERIO DE AGRICULTURA,EMCV,34.0,25.0,1.0,https://indomet.gob.do/wp-content/uploads/2025/08/temperaturas-extremas-y-precipitaciones-2025x08x11-a.pdf
2025-08-11,012,POLO,BARAHONA,INDOCAFE,EMCI,29.0,19.0,1.0,https://indomet.gob.do/wp-content/uploads/2025/08/temperaturas-extremas-y-precipitaciones-2025x08x11-a.pdf
2025-08-11,013,SAN CRISTÓBAL,SAN CRISTÓBAL,INSTITUTO POLITÉCNICO LOYOLA,EMCI,33.0,21.2,1.0,https://indomet.gob.do/wp-content/uploads/2025/08/temperaturas-extremas-y-precipitaciones-2025x08x11-a.pdf
2025-08-11,014,BAYAGUANA,MONTE PLATA,ONAMET,EMCI,34.0,22.2,0.5,https://indomet.gob.do/wp-content/uploads/2025/08/temperaturas-extremas-y-precipitaciones-2025x08x11-a.pdf
2025-08-11,015,VALLE NUEVO (EMA),LA VEGA,MARENA,EMAI,20.8,13.6,0.4,https://indomet.gob.do/wp-content/uploads/2025/08/temperaturas-extremas-y-precipitaciones-2025x08x11-a.pdf
2025-08-11,016,ARPT. EL CATEY,SAMANÁ,ONAMET,EMCI,31.0,22.5,0.3,https://indomet.gob.do/wp-content/uploads/2025/08/temperaturas-extremas-y-precipitaciones-2025x08x11-a.pdf
2025-08-11,017,SABANA DE LA MAR,HATO MAYOR,ONAMET,EMCI,32.0,23.5,0.3,https://indomet.gob.do/wp-content/uploads/2025/08/temperaturas-extremas-y-precipitaciones-2025x08x11-a.pdf
2025-08-11,018,HATO MAYOR,HATO MAYOR,MINISTERIO DE AGRICULTURA,EMCV,,,0.3,https://indomet.gob.do/wp-content/uploads/2025/08/temperaturas-extremas-y-precipitaciones-2025x08x11-a.pdf
2025-08-11,019,BOCA DE MAO (EMA),VALVERDE,MINISTERIO DE AGRICULTURA,EMAP,36.5,24.4,0.2,https://indomet.gob.do/wp-content/uploads/2025/08/temperaturas-extremas-y-precipitaciones-2025x08x11-a.pdf
2025-08-11,020,RÍO SAN JUAN,MARÍA TRINIDAD SÁNCHEZ,HOSP. MPAL. DR. DESIDERIO ACOSTA,EMCV,35.0,25.4,0.2,https://indomet.gob.do/wp-content/uploads/2025/08/temperaturas-extremas-y-precipitaciones-2025x08x11-a.pdf
2025-08-11,021,SAN FRANCISCO DE MACORÍS,DUARTE,San Francisco de Macorís (UASD),EMCI,33.5,22.8,0.2,https://indomet.gob.do/wp-content/uploads/2025/08/temperaturas-extremas-y-precipitaciones-2025x08x11-a.pdf
2025-08-11,022,ALTAMIRA,PUERTO PLATA,HOSP. MPAL. DE ALTAMIRA,EMCI,33.0,26.0,0.0,https://indomet.gob.do/wp-content/uploads/2025/08/temperaturas-extremas-y-precipitaciones-2025x08x11-a.pdf
2025-08-11,023,ALTO BANDERA (EMA),LA VEGA,INTEC,EMAP,16.4,8.4,0.0,https://indomet.gob.do/wp-content/uploads/2025/08/temperaturas-extremas-y-precipitaciones-2025x08x11-a.pdf
2025-08-11,024,ANAMUYA (EMA),LA ALTAGRACIA,MINISTERIO DE AGRICULTURA,EMAP,32.6,25.3,0.0,https://indomet.gob.do/wp-content/uploads/2025/08/temperaturas-extremas-y-precipitaciones-2025x08x11-a.pdf
2025-08-11,025,ARPT. DE LA ROMANA,LA ROMANA,ONAMET,EMCI,35.3,22.2,0.0,https://indomet.gob.do/wp-content/uploads/2025/08/temperaturas-extremas-y-precipitaciones-2025x08x11-a.pdf
2025-08-11,026,ARPT. DE LAS AMÉRICAS,SANTO DOMINGO,ONAMET,EMCI,32.5,23.3,0.0,https://indomet.gob.do/wp-content/uploads/2025/08/temperaturas-extremas-y-precipitaciones-2025x08x11-a.pdf
2025-08-11,027,ARPT. DE PUNTA CANA,LA ALTAGRACIA,ONAMET,EMCI,32.7,24.0,0.0,https://indomet.gob.do/wp-content/uploads/2025/08/temperaturas-extremas-y-precipitaciones-2025x08x11-a.pdf
2025-08-11,028,ARPT. DEL CIBAO,SANTIAGO,ONAMET,EMCI,35.0,22.5,0.0,https://indomet.gob.do/wp-content/uploads/2025/08/temperaturas-extremas-y-precipitaciones-2025x08x11-a.pdf
2025-08-11,029,ARPT. GREGORIO LUPERÓN,PUERTO PLATA,ONAMET,EMCI,33.4,23.8,0.0,https://indomet.gob.do/wp-content/uploads/2025/08/temperaturas-extremas-y-precipitaciones-2025x08x11-a.pdf
2025-08-11,030,ARPT. LA ISABELA,SANTO DOMINGO,ONAMET,EMCI,34.5,23.0,0.0,https://indomet.gob.do/wp-content/uploads/2025/08/temperaturas-extremas-y-precipitaciones-2025x08x11-a.pdf
2025-08-11,031,ARPT. MARÍA MONTEZ,BARAHONA,ONAMET,EMCI,33.8,27.5,0.0,https://indomet.gob.do/wp-content/uploads/2025/08/temperaturas-extremas-y-precipitaciones-2025x08x11-a.pdf
2025-08-11,032,ARROYO LORO,SAN JUAN,IDIAF,EMCI,33.0,19.8,0.0,https://indomet.gob.do/wp-content/uploads/2025/08/temperaturas-extremas-y-precipitaciones-2025x08x11-a.pdf
2025-08-11,033,BASE AÉREA DE SAN ISIDRO,SANTO DOMINGO,FUERZA AÉREA DOMINICANA,EMCV,33.5,23.9,0.0,https://indomet.gob.do/wp-content/uploads/2025/08/temperaturas-extremas-y-precipitaciones-2025x08x11-a.pdf
2025-08-11,034,BOHECHÍO,SAN JUAN,MINISTERIO DE AGRICULTURA,EMCV,,,0.0,https://indomet.gob.do/wp-content/uploads/2025/08/temperaturas-extremas-y-precipitaciones-2025x08x11-a.pdf
2025-08-11,035,BONAO,MONSEÑOR NOUEL,MINISTERIO DE AGRICULTURA,EMCV,,,0.0,https://indomet.gob.do/wp-content/uploads/2025/08/temperaturas-extremas-y-precipitaciones-2025x08x11-a.pdf
2025-08-11,036,CABRAL,BARAHONA,MINISTERIO DE AGRICULTURA,EMCV,35.8,25.2,0.0,https://indomet.gob.do/wp-content/uploads/2025/08/temperaturas-extremas-y-precipitaciones-2025x08x11-a.pdf
2025-08-11,037,CENTRO DE LOS HEROES (EMA),DISTRITO NACIONAL,MINISTERIO DE ENERGIA Y MINA,EMAP,32.8,27.5,0.0,https://indomet.gob.do/wp-content/uploads/2025/08/temperaturas-extremas-y-precipitaciones-2025x08x11-a.pdf
2025-08-11,038,CONSTANZA,LA VEGA,MINISTERIO DE AGRICULTURA,EMCI,28.0,14.5,0.0,https://indomet.gob.do/wp-content/uploads/2025/08/temperaturas-extremas-y-precipitaciones-2025x08x11-a.pdf
2025-08-11,039,CONSTANZA (EMA),LA VEGA,PROGRAMA MUNDIAL DE ALIMENTO,EMAP,27.3,15.2,0.0,https://indomet.gob.do/wp-content/uploads/2025/08/temperaturas-extremas-y-precipitaciones-2025x08x11-a.pdf
2025-08-11,040,DAJABÓN,DAJABÓN,INSTITUTO POLITÉCNICO LOYOLA,EMCI,35.0,21.1,0.0,https://indomet.gob.do/wp-content/uploads/2025/08/temperaturas-extremas-y-precipitaciones-2025x08x11-a.pdf
2025-08-11,041,EL CERCADO,SAN JUAN,MINISTERIO DE AGRICULTURA,EMCV,,,0.0,https://indomet.gob.do/wp-content/uploads/2025/08/temperaturas-extremas-y-precipitaciones-2025x08x11-a.pdf
2025-08-11,042,EL FACTOR (EMA),MARÍA TRINIDAD SÁNCHEZ,INTEC,EMAP,32.4,24.2,0.0,https://indomet.gob.do/wp-content/uploads/2025/08/temperaturas-extremas-y-precipitaciones-2025x08x11-a.pdf
2025-08-11,043,EL SEIBO,EL SEIBO,MINISTERIO DE AGRICULTURA,EMCV,,,0.0,https://indomet.gob.do/wp-content/uploads/2025/08/temperaturas-extremas-y-precipitaciones-2025x08x11-a.pdf
2025-08-11,044,ELÍAS PIÑA,ELÍAS PIÑA,MINISTERIO DE AGRICULTURA,EMCV,,,0.0,https://indomet.gob.do/wp-content/uploads/2025/08/temperaturas-extremas-y-precipitaciones-2025x08x11-a.pdf
2025-08-11,045,ENRIQUILLO,BARAHONA,MINISTERIO DE AGRICULTURA,EMCV,33.0,26.0,0.0,https://indomet.gob.do/wp-content/uploads/2025/08/temperaturas-extremas-y-precipitaciones-2025x08x11-a.pdf
2025-08-11,046,GASPAR HERNÁNDEZ,ESPAILLAT,PROPIEDAD DEL EMPLEADO,EMCI,,,0.0,https://indomet.gob.do/wp-content/uploads/2025/08/temperaturas-extremas-y-precipitaciones-2025x08x11-a.pdf
2025-08-11,047,HONDO VALLE,ELÍAS PIÑA,MINISTERIO DE AGRICULTURA,EMCI,27.9,18.3,0.0,https://indomet.gob.do/wp-content/uploads/2025/08/temperaturas-extremas-y-precipitaciones-2025x08x11-a.pdf
2025-08-11,048,JARABACOA,LA VEGA,INDRHI / MARENA,EMCI,34.2,17.8,0.0,https://indomet.gob.do/wp-content/uploads/2025/08/temperaturas-extremas-y-precipitaciones-2025x08x11-a.pdf
2025-08-11,049,JARABACOA (EMA),LA VEGA,PROGRAMA MUNDIAL DE ALIMENTO,EMAP,32.8,19.7,0.0,https://indomet.gob.do/wp-content/uploads/2025/08/temperaturas-extremas-y-precipitaciones-2025x08x11-a.pdf
2025-08-11,050,JARDÍN BOTÁNICO NACIONAL,DISTRITO NACIONAL,JARDÍN BOTÁNICO NACIONAL,EMCV,34.0,23.5,0.0,https://indomet.gob.do/wp-content/uploads/2025/08/temperaturas-extremas-y-precipitaciones-2025x08x11-a.pdf
2025-08-11,051,JIMANÍ,INDEPENDENCIA,MINISTERIO DE AGRICULTURA,EMCI,36.8,25.6,0.0,https://indomet.gob.do/wp-content/uploads/2025/08/temperaturas-extremas-y-precipitaciones-2025x08x11-a.pdf
2025-08-11,052,JUMA BEJUCAL,MONSEÑOR NOUEL,IDIAF,EMCV,34.0,25.0,0.0,https://indomet.gob.do/wp-content/uploads/2025/08/temperaturas-extremas-y-precipitaciones-2025x08x11-a.pdf
2025-08-11,053,LA VEGA,LA VEGA,IATESA,EMCI,34.5,23.5,0.0,https://indomet.gob.do/wp-content/uploads/2025/08/temperaturas-extremas-y-precipitaciones-2025x08x11-a.pdf
2025-08-11,054,LA VICTORIA,SANTO DOMINGO,CUERPO DE BOMBEROS,EMCI,35.0,24.0,0.0,https://indomet.gob.do/wp-content/uploads/2025/08/temperaturas-extremas-y-precipitaciones-2025x08x11-a.pdf
2025-08-11,055,LAS CANAS (EMA),MONTE CRISTI,PROGRAMA MUNDIAL DE ALIMENTO,EMAP,31.9,24.7,0.0,https://indomet.gob.do/wp-content/uploads/2025/08/temperaturas-extremas-y-precipitaciones-2025x08x11-a.pdf
2025-08-11,056,LAS MATAS DE SANTA CRUZ,MONTE CRISTI,INDRHI,EMCV,,,0.0,https://indomet.gob.do/wp-content/uploads/2025/08/temperaturas-extremas-y-precipitaciones-2025x08x11-a.pdf
2025-08-11,057,LAS MATAS DE SANTA CRUZ (EMA,MONTE CRISTI,PROGRAMA MUNDIAL DE ALIMENTO,EMAP,,,0.0,https://indomet.gob.do/wp-content/uploads/2025/08/temperaturas-extremas-y-precipitaciones-2025x08x11-a.pdf
2025-08-11,058,LOS LLANOS,SAN PEDRO DE MACORÍS,MINISTERIO DE AGRICULTURA,EMCI,33.4,22.6,0.0,https://indomet.gob.do/wp-content/uploads/2025/08/temperaturas-extremas-y-precipitaciones-2025x08x11-a.pdf
2025-08-11,059,LOS TRES CHARCOS (EMA),PEDERNALES,PROPIEDAD DEL VOLUNTARIO,EMAP,33.8,26.2,0.0,https://indomet.gob.do/wp-content/uploads/2025/08/temperaturas-extremas-y-precipitaciones-2025x08x11-a.pdf
2025-08-11,060,LUPERÓN,PUERTO PLATA,MINISTERIO DE AGRICULTURA,EMCV,,,0.0,https://indomet.gob.do/wp-content/uploads/2025/08/temperaturas-extremas-y-precipitaciones-2025x08x11-a.pdf
2025-08-11,061,MAO,VALVERDE,INDRHI / MINISTERIO DE AGRICULTURA,EMCV,,,0.0,https://indomet.gob.do/wp-content/uploads/2025/08/temperaturas-extremas-y-precipitaciones-2025x08x11-a.pdf
2025-08-11,062,MONCIÓN (EMA),SANTIAGO RODRÍGUEZ,PROGRAMA MUNDIAL DE ALIMENTO,EMAP,34.2,21.2,0.0,https://indomet.gob.do/wp-content/uploads/2025/08/temperaturas-extremas-y-precipitaciones-2025x08x11-a.pdf
2025-08-11,063,MONTE CRISTI,MONTE CRISTI,ONAMET,EMCI,35.0,25.4,0.0,https://indomet.gob.do/wp-content/uploads/2025/08/temperaturas-extremas-y-precipitaciones-2025x08x11-a.pdf
2025-08-11,064,NAVARRETE,SANTIAGO,MINISTERIO DE AGRICULTURA,EMCV,,,0.0,https://indomet.gob.do/wp-content/uploads/2025/08/temperaturas-extremas-y-precipitaciones-2025x08x11-a.pdf
2025-08-11,065,OLIVARES,PEDERNALES,INDRHI,EMCI,,,0.0,https://indomet.gob.do/wp-content/uploads/2025/08/temperaturas-extremas-y-precipitaciones-2025x08x11-a.pdf
2025-08-11,066,PADRE LAS CASAS,AZUA,HOSP. NTRA. SRA. DEL CARMEN,EMCI,32.5,20.0,0.0,https://indomet.gob.do/wp-content/uploads/2025/08/temperaturas-extremas-y-precipitaciones-2025x08x11-a.pdf
2025-08-11,067,PALO ÍNDIO,PUERTO PLATA,MINISTERIO DE AGRICULTURA,EMCI,,,0.0,https://indomet.gob.do/wp-content/uploads/2025/08/temperaturas-extremas-y-precipitaciones-2025x08x11-a.pdf
2025-08-11,068,PEDERNALES,PEDERNALES,INDRHI,EMCI,,,0.0,https://indomet.gob.do/wp-content/uploads/2025/08/temperaturas-extremas-y-precipitaciones-2025x08x11-a.pdf
2025-08-11,069,PERALTA,AZUA,HOSP. MPAL. DE PERALTA,EMCI,31.5,18.5,0.0,https://indomet.gob.do/wp-content/uploads/2025/08/temperaturas-extremas-y-precipitaciones-2025x08x11-a.pdf
2025-08-11,070,PESCADERIA (EMA),BARAHONA,MINISTERIO DE AGRICULTURA,EMAP,34.4,25.4,0.0,https://indomet.gob.do/wp-content/uploads/2025/08/temperaturas-extremas-y-precipitaciones-2025x08x11-a.pdf
2025-08-11,071,PONTÓN ABAJO (EMA),LA VEGA,MINISTERIO DE AGRICULTURA,EMAP,36.9,24.4,0.0,https://indomet.gob.do/wp-content/uploads/2025/08/temperaturas-extremas-y-precipitaciones-2025x08x11-a.pdf
2025-08-11,072,PRESA DE TAVERAS (EMA),LA VEGA,PROGRAMA MUNDIAL DE ALIMENTO,EMAP,32.6,22.8,0.0,https://indomet.gob.do/wp-content/uploads/2025/08/temperaturas-extremas-y-precipitaciones-2025x08x11-a.pdf
2025-08-11,073,RESTAURACIÓN,DAJABÓN,MINISTERIO DE AGRICULTURA,EMCI,31.1,20.0,0.0,https://indomet.gob.do/wp-content/uploads/2025/08/temperaturas-extremas-y-precipitaciones-2025x08x11-a.pdf
2025-08-11,074,SABANETA (EMA),SANTIAGO RODRÍGUEZ,PROGRAMA MUNDIAL DE ALIMENTO,EMAP,37.7,23.1,0.0,https://indomet.gob.do/wp-content/uploads/2025/08/temperaturas-extremas-y-precipitaciones-2025x08x11-a.pdf
2025-08-11,075,SAN JOSÉ DE OCOA,SAN JOSÉ DE OCOA,HOSP. SAN JOSÉ DE OCOA,EMCI,34.2,22.8,0.0,https://indomet.gob.do/wp-content/uploads/2025/08/temperaturas-extremas-y-precipitaciones-2025x08x11-a.pdf
2025-08-11,076,SAN RAFAEL DEL YUMA,LA ALTAGRACIA,MINISTERIO DE AGRICULTURA,EMCI,37.0,24.0,0.0,https://indomet.gob.do/wp-content/uploads/2025/08/temperaturas-extremas-y-precipitaciones-2025x08x11-a.pdf
2025-08-11,077,SANTIAGO RODRÍGUEZ,SANTIAGO RODRÍGUEZ,ONAMET,EMCI,36.7,24.0,0.0,https://indomet.gob.do/wp-content/uploads/2025/08/temperaturas-extremas-y-precipitaciones-2025x08x11-a.pdf
2025-08-11,078,SANTO DOMINGO ESTE,SANTO DOMINGO,ONAMET,EMCI,33.0,25.6,0.0,https://indomet.gob.do/wp-content/uploads/2025/08/temperaturas-extremas-y-precipitaciones-2025x08x11-a.pdf
2025-08-11,079,TÁBARA ABAJO,AZUA,INDRHI,EMCI,32.4,20.5,0.0,https://indomet.gob.do/wp-content/uploads/2025/08/temperaturas-extremas-y-precipitaciones-2025x08x11-a.pdf
2025-08-11,080,VILLA ALTAGRACIA,SAN CRISTÓBAL,ESCUELA JAVIER ANGULO GURIDI,EMCI,,,0.0,https://indomet.gob.do/wp-content/uploads/2025/08/temperaturas-extremas-y-precipitaciones-2025x08x11-a.pdf
2025-08-11,081,VILLA GONZALES,SANTIAGO,MINISTERIO DE AGRICULTURA,EMCI,,,0.0,https://indomet.gob.do/wp-content/uploads/2025/08/temperaturas-extremas-y-precipitaciones-2025x08x11-a.pdf
2025-08-11,082,VILLA ISABELA,PUERTO PLATA,MINISTERIO DE AGRICULTURA,EMCV,,,0.0,https://indomet.gob.do/wp-content/uploads/2025/08/temperaturas-extremas-y-precipitaciones-2025x08x11-a.pdf
2025-08-11,083,VILLA RIVA,DUARTE,HOSP. MPAL. ALICIA DE LEGENDRE,EMCI,33.5,23.5,0.0,https://indomet.gob.do/wp-content/uploads/2025/08/temperaturas-extremas-y-precipitaciones-2025x08x11-a.pdf
2025-08-12,001,HATO MAYOR,HATO MAYOR,MINISTERIO DE AGRICULTURA,EMCV,,,9.7,https://indomet.gob.do/wp-content/uploads/2025/08/temperaturas-extremas-y-precipitaciones-2025x08x12-a.pdf
2025-08-12,002,VILLA ALTAGRACIA,SAN CRISTÓBAL,ESCUELA JAVIER ANGULO GURIDI,EMCI,,,5.4,https://indomet.gob.do/wp-content/uploads/2025/08/temperaturas-extremas-y-precipitaciones-2025x08x12-a.pdf
2025-08-12,003,POLO,BARAHONA,INDOCAFE,EMCI,31.5,20.5,3.7,https://indomet.gob.do/wp-content/uploads/2025/08/temperaturas-extremas-y-precipitaciones-2025x08x12-a.pdf
2025-08-12,004,BANI (EMA),PERAVIA,MINISTERIO DE AGRICULTURA,EMAP,34.6,26.2,3.6,https://indomet.gob.do/wp-content/uploads/2025/08/temperaturas-extremas-y-precipitaciones-2025x08x12-a.pdf
2025-08-12,005,LOS LLANOS,SAN PEDRO DE MACORÍS,MINISTERIO DE AGRICULTURA,EMCI,35.2,23.9,1.2,https://indomet.gob.do/wp-content/uploads/2025/08/temperaturas-extremas-y-precipitaciones-2025x08x12-a.pdf
2025-08-12,006,ARPT. MARÍA MONTEZ,BARAHONA,ONAMET,EMCI,34.6,25.5,0.4,https://indomet.gob.do/wp-content/uploads/2025/08/temperaturas-extremas-y-precipitaciones-2025x08x12-a.pdf
2025-08-12,007,VALLE NUEVO (EMA),LA VEGA,MARENA,EMAI,23.1,10.2,0.4,https://indomet.gob.do/wp-content/uploads/2025/08/temperaturas-extremas-y-precipitaciones-2025x08x12-a.pdf
2025-08-12,008,CABRAL,BARAHONA,MINISTERIO DE AGRICULTURA,EMCV,36.4,26.6,0.2,https://indomet.gob.do/wp-content/uploads/2025/08/temperaturas-extremas-y-precipitaciones-2025x08x12-a.pdf
2025-08-12,009,ALTAMIRA,PUERTO PLATA,HOSP. MPAL. DE ALTAMIRA,EMCI,33.6,21.7,0.0,https://indomet.gob.do/wp-content/uploads/2025/08/temperaturas-extremas-y-precipitaciones-2025x08x12-a.pdf
2025-08-12,010,ALTO BANDERA (EMA),LA VEGA,INTEC,EMAP,19.5,9.8,0.0,https://indomet.gob.do/wp-content/uploads/2025/08/temperaturas-extremas-y-precipitaciones-2025x08x12-a.pdf
2025-08-12,011,ANAMUYA (EMA),LA ALTAGRACIA,MINISTERIO DE AGRICULTURA,EMAP,32.6,26.1,0.0,https://indomet.gob.do/wp-content/uploads/2025/08/temperaturas-extremas-y-precipitaciones-2025x08x12-a.pdf
2025-08-12,012,ARPT. ARROYO BARRIL,SAMANÁ,ONAMET,EMCI,32.6,24.8,0.0,https://indomet.gob.do/wp-content/uploads/2025/08/temperaturas-extremas-y-precipitaciones-2025x08x12-a.pdf
2025-08-12,013,ARPT. DE LA ROMANA,LA ROMANA,ONAMET,EMCI,34.8,23.0,0.0,https://indomet.gob.do/wp-content/uploads/2025/08/temperaturas-extremas-y-precipitaciones-2025x08x12-a.pdf
2025-08-12,014,ARPT. DE LAS AMÉRICAS,SANTO DOMINGO,ONAMET,EMCI,33.4,24.2,0.0,https://indomet.gob.do/wp-content/uploads/2025/08/temperaturas-extremas-y-precipitaciones-2025x08x12-a.pdf
2025-08-12,015,ARPT. DE PUNTA CANA,LA ALTAGRACIA,ONAMET,EMCI,33.3,24.4,0.0,https://indomet.gob.do/wp-content/uploads/2025/08/temperaturas-extremas-y-precipitaciones-2025x08x12-a.pdf
2025-08-12,016,ARPT. DEL CIBAO,SANTIAGO,ONAMET,EMCI,35.4,23.4,0.0,https://indomet.gob.do/wp-content/uploads/2025/08/temperaturas-extremas-y-precipitaciones-2025x08x12-a.pdf
2025-08-12,017,ARPT. EL CATEY,SAMANÁ,ONAMET,EMCI,32.0,23.0,0.0,https://indomet.gob.do/wp-content/uploads/2025/08/temperaturas-extremas-y-precipitaciones-2025x08x12-a.pdf
2025-08-12,018,ARPT. GREGORIO LUPERÓN,PUERTO PLATA,ONAMET,EMCI,34.0,24.0,0.0,https://indomet.gob.do/wp-content/uploads/2025/08/temperaturas-extremas-y-precipitaciones-2025x08x12-a.pdf
2025-08-12,019,ARPT. LA ISABELA,SANTO DOMINGO,ONAMET,EMCI,36.0,24.0,0.0,https://indomet.gob.do/wp-content/uploads/2025/08/temperaturas-extremas-y-precipitaciones-2025x08x12-a.pdf
2025-08-12,020,ARROYO LORO,SAN JUAN,IDIAF,EMCI,33.9,22.0,0.0,https://indomet.gob.do/wp-content/uploads/2025/08/temperaturas-extremas-y-precipitaciones-2025x08x12-a.pdf
2025-08-12,021,BASE AÉREA DE SAN ISIDRO,SANTO DOMINGO,FUERZA AÉREA DOMINICANA,EMCV,34.0,25.0,0.0,https://indomet.gob.do/wp-content/uploads/2025/08/temperaturas-extremas-y-precipitaciones-2025x08x12-a.pdf
2025-08-12,022,BAYAGUANA,MONTE PLATA,ONAMET,EMCI,34.8,22.5,0.0,https://indomet.gob.do/wp-content/uploads/2025/08/temperaturas-extremas-y-precipitaciones-2025x08x12-a.pdf
2025-08-12,023,BOCA DE MAO (EMA),VALVERDE,MINISTERIO DE AGRICULTURA,EMAP,37.2,25.7,0.0,https://indomet.gob.do/wp-content/uploads/2025/08/temperaturas-extremas-y-precipitaciones-2025x08x12-a.pdf
2025-08-12,024,BONAO,MONSEÑOR NOUEL,MINISTERIO DE AGRICULTURA,EMCV,,,0.0,https://indomet.gob.do/wp-content/uploads/2025/08/temperaturas-extremas-y-precipitaciones-2025x08x12-a.pdf
2025-08-12,025,CABRERA,MARÍA TRINIDAD SÁNCHEZ,ESCUELA ARÍSTIDES FIALLO CABRAL,EMCI,35.2,26.0,0.0,https://indomet.gob.do/wp-content/uploads/2025/08/temperaturas-extremas-y-precipitaciones-2025x08x12-a.pdf
2025-08-12,026,CENTRO DE LOS HEROES (EMA),DISTRITO NACIONAL,MINISTERIO DE ENERGIA Y MINA,EMAP,33.3,27.8,0.0,https://indomet.gob.do/wp-content/uploads/2025/08/temperaturas-extremas-y-precipitaciones-2025x08x12-a.pdf
2025-08-12,027,CONSTANZA,LA VEGA,MINISTERIO DE AGRICULTURA,EMCI,28.0,14.3,0.0,https://indomet.gob.do/wp-content/uploads/2025/08/temperaturas-extremas-y-precipitaciones-2025x08x12-a.pdf
2025-08-12,028,CONSTANZA (EMA),LA VEGA,PROGRAMA MUNDIAL DE ALIMENTO,EMAP,27.3,15.1,0.0,https://indomet.gob.do/wp-content/uploads/2025/08/temperaturas-extremas-y-precipitaciones-2025x08x12-a.pdf
2025-08-12,029,DAJABÓN,DAJABÓN,INSTITUTO POLITÉCNICO LOYOLA,EMCI,35.4,20.7,0.0,https://indomet.gob.do/wp-content/uploads/2025/08/temperaturas-extremas-y-precipitaciones-2025x08x12-a.pdf
2025-08-12,030,EL FACTOR (EMA),MARÍA TRINIDAD SÁNCHEZ,INTEC,EMAP,32.9,24.9,0.0,https://indomet.gob.do/wp-content/uploads/2025/08/temperaturas-extremas-y-precipitaciones-2025x08x12-a.pdf
2025-08-12,031,ELÍAS PIÑA,ELÍAS PIÑA,MINISTERIO DE AGRICULTURA,EMCV,,,0.0,https://indomet.gob.do/wp-content/uploads/2025/08/temperaturas-extremas-y-precipitaciones-2025x08x12-a.pdf
2025-08-12,032,ENRIQUILLO,BARAHONA,MINISTERIO DE AGRICULTURA,EMCV,33.8,26.3,0.0,https://indomet.gob.do/wp-content/uploads/2025/08/temperaturas-extremas-y-precipitaciones-2025x08x12-a.pdf
2025-08-12,033,GASPAR HERNÁNDEZ,ESPAILLAT,PROPIEDAD DEL EMPLEADO,EMCI,,,0.0,https://indomet.gob.do/wp-content/uploads/2025/08/temperaturas-extremas-y-precipitaciones-2025x08x12-a.pdf
2025-08-12,034,GURABO,SANTIAGO,MINISTERIO DE AGRICULTURA,EMCV,,,0.0,https://indomet.gob.do/wp-content/uploads/2025/08/temperaturas-extremas-y-precipitaciones-2025x08x12-a.pdf
2025-08-12,035,HIGÜEY,LA ALTAGRACIA,MINISTERIO DE AGRICULTURA,EMCV,,,0.0,https://indomet.gob.do/wp-content/uploads/2025/08/temperaturas-extremas-y-precipitaciones-2025x08x12-a.pdf
2025-08-12,036,HONDO VALLE,ELÍAS PIÑA,MINISTERIO DE AGRICULTURA,EMCI,28.0,18.5,0.0,https://indomet.gob.do/wp-content/uploads/2025/08/temperaturas-extremas-y-precipitaciones-2025x08x12-a.pdf
2025-08-12,037,JARABACOA,LA VEGA,INDRHI / MARENA,EMCI,34.4,18.6,0.0,https://indomet.gob.do/wp-content/uploads/2025/08/temperaturas-extremas-y-precipitaciones-2025x08x12-a.pdf
2025-08-12,038,JARABACOA (EMA),LA VEGA,PROGRAMA MUNDIAL DE ALIMENTO,EMAP,33.2,20.5,0.0,https://indomet.gob.do/wp-content/uploads/2025/08/temperaturas-extremas-y-precipitaciones-2025x08x12-a.pdf
2025-08-12,039,JARDÍN BOTÁNICO NACIONAL,DISTRITO NACIONAL,JARDÍN BOTÁNICO NACIONAL,EMCV,33.7,24.0,0.0,https://indomet.gob.do/wp-content/uploads/2025/08/temperaturas-extremas-y-precipitaciones-2025x08x12-a.pdf
2025-08-12,040,JIMANÍ,INDEPENDENCIA,MINISTERIO DE AGRICULTURA,EMCI,37.6,25.6,0.0,https://indomet.gob.do/wp-content/uploads/2025/08/temperaturas-extremas-y-precipitaciones-2025x08x12-a.pdf
2025-08-12,041,JUMA BEJUCAL,MONSEÑOR NOUEL,IDIAF,EMCV,34.2,25.6,0.0,https://indomet.gob.do/wp-content/uploads/2025/08/temperaturas-extremas-y-precipitaciones-2025x08x12-a.pdf
2025-08-12,042,LA VEGA,LA VEGA,IATESA,EMCI,35.0,24.5,0.0,https://indomet.gob.do/wp-content/uploads/2025/08/temperaturas-extremas-y-precipitaciones-2025x08x12-a.pdf
2025-08-12,043,LAS CANAS (EMA),MONTE CRISTI,PROGRAMA MUNDIAL DE ALIMENTO,EMAP,32.9,25.4,0.0,https://indomet.gob.do/wp-content/uploads/2025/08/temperaturas-extremas-y-precipitaciones-2025x08x12-a.pdf
2025-08-12,044,LAS MATAS DE SANTA CRUZ (EMA),MONTE CRISTI,PROGRAMA MUNDIAL DE ALIMENTO,EMAP,35.2,26.3,0.0,https://indomet.gob.do/wp-content/uploads/2025/08/temperaturas-extremas-y-precipitaciones-2025x08x12-a.pdf
2025-08-12,045,LOS TRES CHARCOS (EMA),PEDERNALES,PROPIEDAD DEL VOLUNTARIO,EMAP,35.3,26.6,0.0,https://indomet.gob.do/wp-content/uploads/2025/08/temperaturas-extremas-y-precipitaciones-2025x08x12-a.pdf
2025-08-12,046,MONCIÓN (EMA),SANTIAGO RODRÍGUEZ,PROGRAMA MUNDIAL DE ALIMENTO,EMAP,34.8,22.9,0.0,https://indomet.gob.do/wp-content/uploads/2025/08/temperaturas-extremas-y-precipitaciones-2025x08x12-a.pdf
2025-08-12,047,MONTE CRISTI,MONTE CRISTI,ONAMET,EMCI,35.5,25.1,0.0,https://indomet.gob.do/wp-content/uploads/2025/08/temperaturas-extremas-y-precipitaciones-2025x08x12-a.pdf
2025-08-12,048,NAVARRETE,SANTIAGO,MINISTERIO DE AGRICULTURA,EMCV,,,0.0,https://indomet.gob.do/wp-content/uploads/2025/08/temperaturas-extremas-y-precipitaciones-2025x08x12-a.pdf
2025-08-12,049,OLIVARES,PEDERNALES,INDRHI,EMCI,,,0.0,https://indomet.gob.do/wp-content/uploads/2025/08/temperaturas-extremas-y-precipitaciones-2025x08x12-a.pdf
2025-08-12,050,OVIEDO,PEDERNALES,CLÍNICA RURAL OVIEDO,EMCI,35.5,26.0,0.0,https://indomet.gob.do/wp-content/uploads/2025/08/temperaturas-extremas-y-precipitaciones-2025x08x12-a.pdf
2025-08-12,051,PADRE LAS CASAS,AZUA,HOSP. NTRA. SRA. DEL CARMEN,EMCI,33.7,21.0,0.0,https://indomet.gob.do/wp-content/uploads/2025/08/temperaturas-extremas-y-precipitaciones-2025x08x12-a.pdf
2025-08-12,052,PALO ÍNDIO,PUERTO PLATA,MINISTERIO DE AGRICULTURA,EMCI,,,0.0,https://indomet.gob.do/wp-content/uploads/2025/08/temperaturas-extremas-y-precipitaciones-2025x08x12-a.pdf
2025-08-12,053,PEDERNALES,PEDERNALES,INDRHI,EMCI,,,0.0,https://indomet.gob.do/wp-content/uploads/2025/08/temperaturas-extremas-y-precipitaciones-2025x08x12-a.pdf
2025-08-12,054,PERALTA,AZUA,HOSP. MPAL. DE PERALTA,EMCI,31.4,20.0,0.0,https://indomet.gob.do/wp-content/uploads/2025/08/temperaturas-extremas-y-precipitaciones-2025x08x12-a.pdf
2025-08-12,055,PESCADERIA (EMA),BARAHONA,MINISTERIO DE AGRICULTURA,EMAP,35.8,27.6,0.0,https://indomet.gob.do/wp-content/uploads/2025/08/temperaturas-extremas-y-precipitaciones-2025x08x12-a.pdf
2025-08-12,056,RANCHO ARRIBA,SAN JOSÉ DE OCOA,CENTRO TECNOLÓGICO COMUNITARIO,EMCI,32.6,19.8,0.0,https://indomet.gob.do/wp-content/uploads/2025/08/temperaturas-extremas-y-precipitaciones-2025x08x12-a.pdf
2025-08-12,057,RESTAURACIÓN,DAJABÓN,MINISTERIO DE AGRICULTURA,EMCI,32.3,20.6,0.0,https://indomet.gob.do/wp-content/uploads/2025/08/temperaturas-extremas-y-precipitaciones-2025x08x12-a.pdf
2025-08-12,058,RÍO SAN JUAN,MARÍA TRINIDAD SÁNCHEZ,HOSP. MPAL. DR. DESIDERIO ACOSTA,EMCV,35.3,26.1,0.0,https://indomet.gob.do/wp-content/uploads/2025/08/temperaturas-extremas-y-precipitaciones-2025x08x12-a.pdf
2025-08-12,059,SABANA DE LA MAR,HATO MAYOR,ONAMET,EMCI,32.5,24.0,0.0,https://indomet.gob.do/wp-content/uploads/2025/08/temperaturas-extremas-y-precipitaciones-2025x08x12-a.pdf
2025-08-12,060,SABANA GRANDE DE BOYÁ,MONTE PLATA,MINISTERIO DE AGRICULTURA,EMCV,,,0.0,https://indomet.gob.do/wp-content/uploads/2025/08/temperaturas-extremas-y-precipitaciones-2025x08x12-a.pdf
2025-08-12,061,SABANETA (EMA),SANTIAGO RODRÍGUEZ,PROGRAMA MUNDIAL DE ALIMENTO,EMAP,38.4,25.8,0.0,https://indomet.gob.do/wp-content/uploads/2025/08/temperaturas-extremas-y-precipitaciones-2025x08x12-a.pdf
2025-08-12,062,SALCEDO,HERMANAS MIRABAL,PROPIEDAD DEL EMPLEADO,EMCI,,,0.0,https://indomet.gob.do/wp-content/uploads/2025/08/temperaturas-extremas-y-precipitaciones-2025x08x12-a.pdf
2025-08-12,063,SAMANÁ,SAMANÁ,COMANDANCIA DE PUERTO DE SAMANÁ,EMCI,34.2,23.5,0.0,https://indomet.gob.do/wp-content/uploads/2025/08/temperaturas-extremas-y-precipitaciones-2025x08x12-a.pdf
2025-08-12,064,SAN CRISTÓBAL,SAN CRISTÓBAL,INSTITUTO POLITÉCNICO LOYOLA,EMCI,33.2,22.2,0.0,https://indomet.gob.do/wp-content/uploads/2025/08/temperaturas-extremas-y-precipitaciones-2025x08x12-a.pdf
2025-08-12,065,SAN FRANCISCO DE MACORÍS,DUARTE,San Francisco de Macorís (UASD),EMCI,34.5,24.7,0.0,https://indomet.gob.do/wp-content/uploads/2025/08/temperaturas-extremas-y-precipitaciones-2025x08x12-a.pdf
2025-08-12,066,SAN JOSÉ DE OCOA,SAN JOSÉ DE OCOA,HOSP. SAN JOSÉ DE OCOA,EMCI,35.4,23.1,0.0,https://indomet.gob.do/wp-content/uploads/2025/08/temperaturas-extremas-y-precipitaciones-2025x08x12-a.pdf
2025-08-12,067,SAN RAFAEL DEL YUMA,LA ALTAGRACIA,MINISTERIO DE AGRICULTURA,EMCI,36.5,24.5,0.0,https://indomet.gob.do/wp-content/uploads/2025/08/temperaturas-extremas-y-precipitaciones-2025x08x12-a.pdf
2025-08-12,068,SÁNCHEZ,SAMANÁ,MINISTERIO DE AGRICULTURA,EMCI,33.8,23.2,0.0,https://indomet.gob.do/wp-content/uploads/2025/08/temperaturas-extremas-y-precipitaciones-2025x08x12-a.pdf
2025-08-12,069,SANTIAGO RODRÍGUEZ,SANTIAGO RODRÍGUEZ,ONAMET,EMCI,37.5,25.0,0.0,https://indomet.gob.do/wp-content/uploads/2025/08/temperaturas-extremas-y-precipitaciones-2025x08x12-a.pdf
2025-08-12,070,SANTO DOMINGO ESTE,SANTO DOMINGO,ONAMET,EMCI,35.0,25.0,0.0,https://indomet.gob.do/wp-content/uploads/2025/08/temperaturas-extremas-y-precipitaciones-2025x08x12-a.pdf
2025-08-12,071,TÁBARA ABAJO,AZUA,INDRHI,EMCI,34.5,23.3,0.0,https://indomet.gob.do/wp-content/uploads/2025/08/temperaturas-extremas-y-precipitaciones-2025x08x12-a.pdf
2025-08-12,072,TAMBORIL,SANTIAGO,MINISTERIO DE AGRICULTURA,EMCV,,,0.0,https://indomet.gob.do/wp-content/uploads/2025/08/temperaturas-extremas-y-precipitaciones-2025x08x12-a.pdf
2025-08-12,073,VILLA GONZALES,SANTIAGO,MINISTERIO DE AGRICULTURA,EMCI,,,0.0,https://indomet.gob.do/wp-content/uploads/2025/08/temperaturas-extremas-y-precipitaciones-2025x08x12-a.pdf
2025-08-12,074,VILLA ISABELA,PUERTO PLATA,MINISTERIO DE AGRICULTURA,EMCV,,,0.0,https://indomet.gob.do/wp-content/uploads/2025/08/temperaturas-extremas-y-precipitaciones-2025x08x12-a.pdf
2025-08-12,075,VILLA RIVA,DUARTE,HOSP. MPAL. ALICIA DE LEGENDRE,EMCI,34.0,24.5,0.0,https://indomet.gob.do/wp-content/uploads/2025/08/temperaturas-extremas-y-precipitaciones-2025x08x12-a.pdf
2025-08-13,001,BOHECHÍO,SAN JUAN,MINISTERIO DE AGRICULTURA,EMCV,,,23.2,https://indomet.gob.do/wp-content/uploads/2025/08/temperaturas-extremas-y-precipitaciones-2025x08x13-a.pdf
2025-08-13,002,RESTAURACIÓN,DAJABÓN,MINISTERIO DE AGRICULTURA,EMCI,32.7,21.2,23.1,https://indomet.gob.do/wp-content/uploads/2025/08/temperaturas-extremas-y-precipitaciones-2025x08x13-a.pdf
2025-08-13,003,TÁBARA ABAJO,AZUA,INDRHI,EMCI,32.5,21.5,15.6,https://indomet.gob.do/wp-content/uploads/2025/08/temperaturas-extremas-y-precipitaciones-2025x08x13-a.pdf
2025-08-13,004,PERALTA,AZUA,HOSP. MPAL. DE PERALTA,EMCI,30.5,19.1,14.0,https://indomet.gob.do/wp-content/uploads/2025/08/temperaturas-extremas-y-precipitaciones-2025x08x13-a.pdf
2025-08-13,005,ESCONDIDO,PERAVIA,MINISTERIO DE AGRICULTURA,EMCV,35.0,25.0,11.9,https://indomet.gob.do/wp-content/uploads/2025/08/temperaturas-extremas-y-precipitaciones-2025x08x13-a.pdf
2025-08-13,006,ARPT. ARROYO BARRIL,SAMANÁ,ONAMET,EMCI,32.5,25.0,9.1,https://indomet.gob.do/wp-content/uploads/2025/08/temperaturas-extremas-y-precipitaciones-2025x08x13-a.pdf
2025-08-13,007,BANI (EMA),PERAVIA,MINISTERIO DE AGRICULTURA,EMAP,35.2,,9.0,https://indomet.gob.do/wp-content/uploads/2025/08/temperaturas-extremas-y-precipitaciones-2025x08x13-a.pdf
2025-08-13,008,SAMANÁ,SAMANÁ,COMANDANCIA DE PUERTO DE SAMANÁ,EMCI,34.1,23.5,7.2,https://indomet.gob.do/wp-content/uploads/2025/08/temperaturas-extremas-y-precipitaciones-2025x08x13-a.pdf
2025-08-13,009,DAJABÓN,DAJABÓN,INSTITUTO POLITÉCNICO LOYOLA,EMCI,35.2,22.1,6.3,https://indomet.gob.do/wp-content/uploads/2025/08/temperaturas-extremas-y-precipitaciones-2025x08x13-a.pdf
2025-08-13,010,EL FACTOR (EMA),MARÍA TRINIDAD SÁNCHEZ,INTEC,EMAP,33.4,24.3,5.8,https://indomet.gob.do/wp-content/uploads/2025/08/temperaturas-extremas-y-precipitaciones-2025x08x13-a.pdf
2025-08-13,011,ENRIQUILLO,BARAHONA,MINISTERIO DE AGRICULTURA,EMCV,34.0,22.5,3.6,https://indomet.gob.do/wp-content/uploads/2025/08/temperaturas-extremas-y-precipitaciones-2025x08x13-a.pdf
2025-08-13,012,RANCHO ARRIBA,SAN JOSÉ DE OCOA,CENTRO TECNOLÓGICO COMUNITARIO,EMCI,31.8,18.3,3.6,https://indomet.gob.do/wp-content/uploads/2025/08/temperaturas-extremas-y-precipitaciones-2025x08x13-a.pdf
2025-08-13,013,ARROYO LORO,SAN JUAN,IDIAF,EMCI,34.0,21.4,3.1,https://indomet.gob.do/wp-content/uploads/2025/08/temperaturas-extremas-y-precipitaciones-2025x08x13-a.pdf
2025-08-13,014,VILLA ALTAGRACIA,SAN CRISTÓBAL,ESCUELA JAVIER ANGULO GURIDI,EMCI,,,2.1,https://indomet.gob.do/wp-content/uploads/2025/08/temperaturas-extremas-y-precipitaciones-2025x08x13-a.pdf
2025-08-13,015,EL CERCADO,SAN JUAN,MINISTERIO DE AGRICULTURA,EMCV,,,2.0,https://indomet.gob.do/wp-content/uploads/2025/08/temperaturas-extremas-y-precipitaciones-2025x08x13-a.pdf
2025-08-13,016,SABANA DE LA MAR,HATO MAYOR,ONAMET,EMCI,33.0,24.0,2.0,https://indomet.gob.do/wp-content/uploads/2025/08/temperaturas-extremas-y-precipitaciones-2025x08x13-a.pdf
2025-08-13,017,ALTO BANDERA (EMA),LA VEGA,INTEC,EMAP,21.2,6.9,1.5,https://indomet.gob.do/wp-content/uploads/2025/08/temperaturas-extremas-y-precipitaciones-2025x08x13-a.pdf
2025-08-13,018,LOS JENGIBRES,NAGUA,INDRHI,EMCI,,,1.5,https://indomet.gob.do/wp-content/uploads/2025/08/temperaturas-extremas-y-precipitaciones-2025x08x13-a.pdf
2025-08-13,019,PEDERNALES,PEDERNALES,INDRHI,EMCI,,,1.2,https://indomet.gob.do/wp-content/uploads/2025/08/temperaturas-extremas-y-precipitaciones-2025x08x13-a.pdf
2025-08-13,020,OLIVARES,PEDERNALES,INDRHI,EMCI,,,1.0,https://indomet.gob.do/wp-content/uploads/2025/08/temperaturas-extremas-y-precipitaciones-2025x08x13-a.pdf
2025-08-13,021,ARPT. DE PUNTA CANA,LA ALTAGRACIA,ONAMET,EMCI,33.5,24.8,0.8,https://indomet.gob.do/wp-content/uploads/2025/08/temperaturas-extremas-y-precipitaciones-2025x08x13-a.pdf
2025-08-13,022,ANAMUYA (EMA),LA ALTAGRACIA,MINISTERIO DE AGRICULTURA,EMAP,34.2,24.9,0.6,https://indomet.gob.do/wp-content/uploads/2025/08/temperaturas-extremas-y-precipitaciones-2025x08x13-a.pdf
2025-08-13,023,CABRERA,MARÍA TRINIDAD SÁNCHEZ,ESCUELA ARÍSTIDES FIALLO CABRAL,EMCI,35.7,28.0,0.6,https://indomet.gob.do/wp-content/uploads/2025/08/temperaturas-extremas-y-precipitaciones-2025x08x13-a.pdf
2025-08-13,024,HIGÜEY,LA ALTAGRACIA,MINISTERIO DE AGRICULTURA,EMCV,,,0.5,https://indomet.gob.do/wp-content/uploads/2025/08/temperaturas-extremas-y-precipitaciones-2025x08x13-a.pdf
2025-08-13,025,JIMANÍ,INDEPENDENCIA,MINISTERIO DE AGRICULTURA,EMCI,38.8,27.2,0.5,https://indomet.gob.do/wp-content/uploads/2025/08/temperaturas-extremas-y-precipitaciones-2025x08x13-a.pdf
2025-08-13,026,SAN JOSÉ DE OCOA,SAN JOSÉ DE OCOA,HOSP. SAN JOSÉ DE OCOA,EMCI,35.4,21.3,0.4,https://indomet.gob.do/wp-content/uploads/2025/08/temperaturas-extremas-y-precipitaciones-2025x08x13-a.pdf
2025-08-13,027,ARPT. MARÍA MONTEZ,BARAHONA,ONAMET,EMCI,35.2,27.5,0.2,https://indomet.gob.do/wp-content/uploads/2025/08/temperaturas-extremas-y-precipitaciones-2025x08x13-a.pdf
2025-08-13,028,PADRE LAS CASAS,AZUA,HOSP. NTRA. SRA. DEL CARMEN,EMCI,34.5,19.5,0.2,https://indomet.gob.do/wp-content/uploads/2025/08/temperaturas-extremas-y-precipitaciones-2025x08x13-a.pdf
2025-08-13,029,CABRAL,BARAHONA,MINISTERIO DE AGRICULTURA,EMCV,36.7,23.8,0.1,https://indomet.gob.do/wp-content/uploads/2025/08/temperaturas-extremas-y-precipitaciones-2025x08x13-a.pdf
2025-08-13,030,HONDO VALLE,ELÍAS PIÑA,MINISTERIO DE AGRICULTURA,EMCI,28.1,18.3,0.1,https://indomet.gob.do/wp-content/uploads/2025/08/temperaturas-extremas-y-precipitaciones-2025x08x13-a.pdf
2025-08-13,031,POLO,BARAHONA,INDOCAFE,EMCI,31.5,17.5,0.1,https://indomet.gob.do/wp-content/uploads/2025/08/temperaturas-extremas-y-precipitaciones-2025x08x13-a.pdf
2025-08-13,032,ALTAMIRA,PUERTO PLATA,HOSP. MPAL. DE ALTAMIRA,EMCI,33.7,21.1,0.0,https://indomet.gob.do/wp-content/uploads/2025/08/temperaturas-extremas-y-precipitaciones-2025x08x13-a.pdf
2025-08-13,033,ARPT. DE LA ROMANA,LA ROMANA,ONAMET,EMCI,36.0,23.4,0.0,https://indomet.gob.do/wp-content/uploads/2025/08/temperaturas-extremas-y-precipitaciones-2025x08x13-a.pdf
2025-08-13,034,ARPT. DE LAS AMÉRICAS,SANTO DOMINGO,ONAMET,EMCI,33.8,24.4,0.0,https://indomet.gob.do/wp-content/uploads/2025/08/temperaturas-extremas-y-precipitaciones-2025x08x13-a.pdf
2025-08-13,035,ARPT. DEL CIBAO,SANTIAGO,ONAMET,EMCI,36.0,24.0,0.0,https://indomet.gob.do/wp-content/uploads/2025/08/temperaturas-extremas-y-precipitaciones-2025x08x13-a.pdf
2025-08-13,036,ARPT. EL CATEY,SAMANÁ,ONAMET,EMCI,31.4,23.4,0.0,https://indomet.gob.do/wp-content/uploads/2025/08/temperaturas-extremas-y-precipitaciones-2025x08x13-a.pdf
2025-08-13,037,ARPT. GREGORIO LUPERÓN,PUERTO PLATA,ONAMET,EMCI,33.5,25.0,0.0,https://indomet.gob.do/wp-content/uploads/2025/08/temperaturas-extremas-y-precipitaciones-2025x08x13-a.pdf
2025-08-13,038,ARPT. LA ISABELA,SANTO DOMINGO,ONAMET,EMCI,36.0,24.5,0.0,https://indomet.gob.do/wp-content/uploads/2025/08/temperaturas-extremas-y-precipitaciones-2025x08x13-a.pdf
2025-08-13,039,BASE AÉREA DE SAN ISIDRO,SANTO DOMINGO,FUERZA AÉREA DOMINICANA,EMCV,34.5,24.3,0.0,https://indomet.gob.do/wp-content/uploads/2025/08/temperaturas-extremas-y-precipitaciones-2025x08x13-a.pdf
2025-08-13,040,BAYAGUANA,MONTE PLATA,ONAMET,EMCI,34.6,23.2,0.0,https://indomet.gob.do/wp-content/uploads/2025/08/temperaturas-extremas-y-precipitaciones-2025x08x13-a.pdf
2025-08-13,041,BOCA DE MAO (EMA),VALVERDE,MINISTERIO DE AGRICULTURA,EMAP,36.9,24.8,0.0,https://indomet.gob.do/wp-content/uploads/2025/08/temperaturas-extremas-y-precipitaciones-2025x08x13-a.pdf
2025-08-13,042,BONAO,MONSEÑOR NOUEL,MINISTERIO DE AGRICULTURA,EMCV,,,0.0,https://indomet.gob.do/wp-content/uploads/2025/08/temperaturas-extremas-y-precipitaciones-2025x08x13-a.pdf
2025-08-13,043,CENTRO DE LOS HEROES (EMA),DISTRITO NACIONAL,MINISTERIO DE ENERGIA Y MINA,EMAP,35.6,27.5,0.0,https://indomet.gob.do/wp-content/uploads/2025/08/temperaturas-extremas-y-precipitaciones-2025x08x13-a.pdf
2025-08-13,044,CONSTANZA,LA VEGA,MINISTERIO DE AGRICULTURA,EMCI,29.0,13.4,0.0,https://indomet.gob.do/wp-content/uploads/2025/08/temperaturas-extremas-y-precipitaciones-2025x08x13-a.pdf
2025-08-13,045,CONSTANZA (EMA),LA VEGA,PROGRAMA MUNDIAL DE ALIMENTO,EMAP,28.1,14.3,0.0,https://indomet.gob.do/wp-content/uploads/2025/08/temperaturas-extremas-y-precipitaciones-2025x08x13-a.pdf
2025-08-13,046,COTUÍ,SÁNCHEZ RAMÍREZ,HOSP. INMACULADA CONCEPCIÓN,EMCV,,,0.0,https://indomet.gob.do/wp-content/uploads/2025/08/temperaturas-extremas-y-precipitaciones-2025x08x13-a.pdf
2025-08-13,047,ELÍAS PIÑA,ELÍAS PIÑA,MINISTERIO DE AGRICULTURA,EMCV,,,0.0,https://indomet.gob.do/wp-content/uploads/2025/08/temperaturas-extremas-y-precipitaciones-2025x08x13-a.pdf
2025-08-13,048,GASPAR HERNÁNDEZ,ESPAILLAT,PROPIEDAD DEL EMPLEADO,EMCI,,,0.0,https://indomet.gob.do/wp-content/uploads/2025/08/temperaturas-extremas-y-precipitaciones-2025x08x13-a.pdf
2025-08-13,049,GURABO,SANTIAGO,MINISTERIO DE AGRICULTURA,EMCV,,,0.0,https://indomet.gob.do/wp-content/uploads/2025/08/temperaturas-extremas-y-precipitaciones-2025x08x13-a.pdf
2025-08-13,050,HATO MAYOR,HATO MAYOR,MINISTERIO DE AGRICULTURA,EMCV,,,0.0,https://indomet.gob.do/wp-content/uploads/2025/08/temperaturas-extremas-y-precipitaciones-2025x08x13-a.pdf
2025-08-13,051,JARABACOA,LA VEGA,INDRHI / MARENA,EMCI,35.0,19.0,0.0,https://indomet.gob.do/wp-content/uploads/2025/08/temperaturas-extremas-y-precipitaciones-2025x08x13-a.pdf
2025-08-13,052,JARABACOA (EMA),LA VEGA,PROGRAMA MUNDIAL DE ALIMENTO,EMAP,33.5,19.9,0.0,https://indomet.gob.do/wp-content/uploads/2025/08/temperaturas-extremas-y-precipitaciones-2025x08x13-a.pdf
2025-08-13,053,JARDÍN BOTÁNICO NACIONAL,DISTRITO NACIONAL,JARDÍN BOTÁNICO NACIONAL,EMCV,32.9,23.7,0.0,https://indomet.gob.do/wp-content/uploads/2025/08/temperaturas-extremas-y-precipitaciones-2025x08x13-a.pdf
2025-08-13,054,JUMA BEJUCAL,MONSEÑOR NOUEL,IDIAF,EMCV,34.8,23.8,0.0,https://indomet.gob.do/wp-content/uploads/2025/08/temperaturas-extremas-y-precipitaciones-2025x08x13-a.pdf
2025-08-13,055,LA VEGA,LA VEGA,IATESA,EMCI,35.5,24.0,0.0,https://indomet.gob.do/wp-content/uploads/2025/08/temperaturas-extremas-y-precipitaciones-2025x08x13-a.pdf
2025-08-13,056,LA VICTORIA,SANTO DOMINGO,CUERPO DE BOMBEROS,EMCI,35.2,25.2,0.0,https://indomet.gob.do/wp-content/uploads/2025/08/temperaturas-extremas-y-precipitaciones-2025x08x13-a.pdf
2025-08-13,057,LAS CANAS (EMA),MONTE CRISTI,PROGRAMA MUNDIAL DE ALIMENTO,EMAP,32.5,24.7,0.0,https://indomet.gob.do/wp-content/uploads/2025/08/temperaturas-extremas-y-precipitaciones-2025x08x13-a.pdf
2025-08-13,058,LAS MATAS DE SANTA CRUZ (EMA,MONTE CRISTI,PROGRAMA MUNDIAL DE ALIMENTO,EMAP,,,0.0,https://indomet.gob.do/wp-content/uploads/2025/08/temperaturas-extremas-y-precipitaciones-2025x08x13-a.pdf
2025-08-13,059,LOS LLANOS,SAN PEDRO DE MACORÍS,MINISTERIO DE AGRICULTURA,EMCI,35.3,23.5,0.0,https://indomet.gob.do/wp-content/uploads/2025/08/temperaturas-extremas-y-precipitaciones-2025x08x13-a.pdf
2025-08-13,060,LOS TRES CHARCOS (EMA),PEDERNALES,PROPIEDAD DEL VOLUNTARIO,EMAP,35.2,23.6,0.0,https://indomet.gob.do/wp-content/uploads/2025/08/temperaturas-extremas-y-precipitaciones-2025x08x13-a.pdf
2025-08-13,061,MAO,VALVERDE,INDRHI / MINISTERIO DE AGRICULTURA,EMCV,,,0.0,https://indomet.gob.do/wp-content/uploads/2025/08/temperaturas-extremas-y-precipitaciones-2025x08x13-a.pdf
2025-08-13,062,MONCIÓN (EMA),SANTIAGO RODRÍGUEZ,PROGRAMA MUNDIAL DE ALIMENTO,EMAP,35.3,21.2,0.0,https://indomet.gob.do/wp-content/uploads/2025/08/temperaturas-extremas-y-precipitaciones-2025x08x13-a.pdf
2025-08-13,063,MONTE CRISTI,MONTE CRISTI,ONAMET,EMCI,36.8,25.4,0.0,https://indomet.gob.do/wp-content/uploads/2025/08/temperaturas-extremas-y-precipitaciones-2025x08x13-a.pdf
2025-08-13,064,NAVARRETE,SANTIAGO,MINISTERIO DE AGRICULTURA,EMCV,,,0.0,https://indomet.gob.do/wp-content/uploads/2025/08/temperaturas-extremas-y-precipitaciones-2025x08x13-a.pdf
2025-08-13,065,OVIEDO,PEDERNALES,CLÍNICA RURAL OVIEDO,EMCI,35.5,24.0,0.0,https://indomet.gob.do/wp-content/uploads/2025/08/temperaturas-extremas-y-precipitaciones-2025x08x13-a.pdf
2025-08-13,066,PALO ÍNDIO,PUERTO PLATA,MINISTERIO DE AGRICULTURA,EMCI,,,0.0,https://indomet.gob.do/wp-content/uploads/2025/08/temperaturas-extremas-y-precipitaciones-2025x08x13-a.pdf
2025-08-13,067,PASO AL MEDIO,SAN PEDRO DE MACORÍS,INDRHI,EMCI,,,0.0,https://indomet.gob.do/wp-content/uploads/2025/08/temperaturas-extremas-y-precipitaciones-2025x08x13-a.pdf
2025-08-13,068,PESCADERIA (EMA),BARAHONA,MINISTERIO DE AGRICULTURA,EMAP,35.8,23.6,0.0,https://indomet.gob.do/wp-content/uploads/2025/08/temperaturas-extremas-y-precipitaciones-2025x08x13-a.pdf
2025-08-13,069,PONTÓN ABAJO (EMA),LA VEGA,MINISTERIO DE AGRICULTURA,EMAP,37.3,24.5,0.0,https://indomet.gob.do/wp-content/uploads/2025/08/temperaturas-extremas-y-precipitaciones-2025x08x13-a.pdf
2025-08-13,070,PRESA DE TAVERAS (EMA),LA VEGA,PROGRAMA MUNDIAL DE ALIMENTO,EMAP,35.1,22.9,0.0,https://indomet.gob.do/wp-content/uploads/2025/08/temperaturas-extremas-y-precipitaciones-2025x08x13-a.pdf
2025-08-13,071,RÍO SAN JUAN,MARÍA TRINIDAD SÁNCHEZ,HOSP. MPAL. DR. DESIDERIO ACOSTA,EMCV,35.1,24.4,0.0,https://indomet.gob.do/wp-content/uploads/2025/08/temperaturas-extremas-y-precipitaciones-2025x08x13-a.pdf
2025-08-13,072,SABANA GRANDE DE BOYÁ,MONTE PLATA,MINISTERIO DE AGRICULTURA,EMCV,,,0.0,https://indomet.gob.do/wp-content/uploads/2025/08/temperaturas-extremas-y-precipitaciones-2025x08x13-a.pdf
2025-08-13,073,SABANETA (EMA),SANTIAGO RODRÍGUEZ,PROGRAMA MUNDIAL DE ALIMENTO,EMAP,38.3,23.3,0.0,https://indomet.gob.do/wp-content/uploads/2025/08/temperaturas-extremas-y-precipitaciones-2025x08x13-a.pdf
2025-08-13,074,SALCEDO,HERMANAS MIRABAL,PROPIEDAD DEL EMPLEADO,EMCI,,,0.0,https://indomet.gob.do/wp-content/uploads/2025/08/temperaturas-extremas-y-precipitaciones-2025x08x13-a.pdf
2025-08-13,075,SAN CRISTÓBAL,SAN CRISTÓBAL,INSTITUTO POLITÉCNICO LOYOLA,EMCI,34.2,23.0,0.0,https://indomet.gob.do/wp-content/uploads/2025/08/temperaturas-extremas-y-precipitaciones-2025x08x13-a.pdf
2025-08-13,076,SAN FRANCISCO DE MACORÍS,DUARTE,San Francisco de Macorís (UASD),EMCI,35.5,24.9,0.0,https://indomet.gob.do/wp-content/uploads/2025/08/temperaturas-extremas-y-precipitaciones-2025x08x13-a.pdf
2025-08-13,077,SAN RAFAEL DEL YUMA,LA ALTAGRACIA,MINISTERIO DE AGRICULTURA,EMCI,37.4,24.6,0.0,https://indomet.gob.do/wp-content/uploads/2025/08/temperaturas-extremas-y-precipitaciones-2025x08x13-a.pdf
2025-08-13,078,SÁNCHEZ,SAMANÁ,MINISTERIO DE AGRICULTURA,EMCI,33.3,22.1,0.0,https://indomet.gob.do/wp-content/uploads/2025/08/temperaturas-extremas-y-precipitaciones-2025x08x13-a.pdf
2025-08-13,079,SANTIAGO RODRÍGUEZ,SANTIAGO RODRÍGUEZ,ONAMET,EMCI,37.7,24.0,0.0,https://indomet.gob.do/wp-content/uploads/2025/08/temperaturas-extremas-y-precipitaciones-2025x08x13-a.pdf
2025-08-13,080,SANTO DOMINGO ESTE,SANTO DOMINGO,ONAMET,EMCI,36.0,27.0,0.0,https://indomet.gob.do/wp-content/uploads/2025/08/temperaturas-extremas-y-precipitaciones-2025x08x13-a.pdf
2025-08-13,081,TAVERA,SANTIAGO,INDRHI,EMCI,,,0.0,https://indomet.gob.do/wp-content/uploads/2025/08/temperaturas-extremas-y-precipitaciones-2025x08x13-a.pdf
2025-08-13,082,VALLE NUEVO (EMA),LA VEGA,MARENA,EMAI,22.0,13.3,0.0,https://indomet.gob.do/wp-content/uploads/2025/08/temperaturas-extremas-y-precipitaciones-2025x08x13-a.pdf
2025-08-13,083,VILLA GONZALES,SANTIAGO,MINISTERIO DE AGRICULTURA,EMCI,,,0.0,https://indomet.gob.do/wp-content/uploads/2025/08/temperaturas-extremas-y-precipitaciones-2025x08x13-a.pdf
2025-08-13,084,VILLA ISABELA,PUERTO PLATA,MINISTERIO DE AGRICULTURA,EMCV,,,0.0,https://indomet.gob.do/wp-content/uploads/2025/08/temperaturas-extremas-y-precipitaciones-2025x08x13-a.pdf
2025-08-13,085,VILLA RIVA,DUARTE,HOSP. MPAL. ALICIA DE LEGENDRE,EMCI,34.8,23.8,0.0,https://indomet.gob.do/wp-content/uploads/2025/08/temperaturas-extremas-y-precipitaciones-2025x08x13-a.pdf
2025-08-13,086,LAS MATAS DE FARFÁN,SAN JUAN,MINISTERIO DE AGRICULTURA,EMCV,,,0.0,https://indomet.gob.do/wp-content/uploads/2025/08/temperaturas-extremas-y-precipitaciones-2025x08x13-a.pdf
2025-08-14,001,DAJABÓN,DAJABÓN,INSTITUTO POLITÉCNICO LOYOLA,EMCI,34.1,20.5,65.1,https://indomet.gob.do/wp-content/uploads/2025/08/temperaturas-extremas-y-precipitaciones-2025x08x14-a.pdf
2025-08-14,002,LOS LLANOS,SAN PEDRO DE MACORÍS,MINISTERIO DE AGRICULTURA,EMCI,34.7,22.3,59.0,https://indomet.gob.do/wp-content/uploads/2025/08/temperaturas-extremas-y-precipitaciones-2025x08x14-a.pdf
2025-08-14,003,SÁNCHEZ,SAMANÁ,MINISTERIO DE AGRICULTURA,EMCI,33.1,21.8,34.6,https://indomet.gob.do/wp-content/uploads/2025/08/temperaturas-extremas-y-precipitaciones-2025x08x14-a.pdf
2025-08-14,004,RESTAURACIÓN,DAJABÓN,MINISTERIO DE AGRICULTURA,EMCI,31.9,19.8,23.7,https://indomet.gob.do/wp-content/uploads/2025/08/temperaturas-extremas-y-precipitaciones-2025x08x14-a.pdf
2025-08-14,005,ANAMUYA (EMA),LA ALTAGRACIA,MINISTERIO DE AGRICULTURA,EMAP,34.0,24.9,22.0,https://indomet.gob.do/wp-content/uploads/2025/08/temperaturas-extremas-y-precipitaciones-2025x08x14-a.pdf
2025-08-14,006,TÁBARA ABAJO,AZUA,INDRHI,EMCI,33.5,23.0,13.2,https://indomet.gob.do/wp-content/uploads/2025/08/temperaturas-extremas-y-precipitaciones-2025x08x14-a.pdf
2025-08-14,007,JUMA BEJUCAL,MONSEÑOR NOUEL,IDIAF,EMCV,34.4,23.4,12.2,https://indomet.gob.do/wp-content/uploads/2025/08/temperaturas-extremas-y-precipitaciones-2025x08x14-a.pdf
2025-08-14,008,ARROYO LORO,SAN JUAN,IDIAF,EMCI,34.5,19.0,10.7,https://indomet.gob.do/wp-content/uploads/2025/08/temperaturas-extremas-y-precipitaciones-2025x08x14-a.pdf
2025-08-14,009,PERALTA,AZUA,HOSP. MPAL. DE PERALTA,EMCI,31.4,18.9,8.0,https://indomet.gob.do/wp-content/uploads/2025/08/temperaturas-extremas-y-precipitaciones-2025x08x14-a.pdf
2025-08-14,010,JARABACOA (EMA),LA VEGA,PROGRAMA MUNDIAL DE ALIMENTO,EMAP,33.3,18.7,7.6,https://indomet.gob.do/wp-content/uploads/2025/08/temperaturas-extremas-y-precipitaciones-2025x08x14-a.pdf
2025-08-14,011,HONDO VALLE,ELÍAS PIÑA,MINISTERIO DE AGRICULTURA,EMCI,28.0,17.9,6.8,https://indomet.gob.do/wp-content/uploads/2025/08/temperaturas-extremas-y-precipitaciones-2025x08x14-a.pdf
2025-08-14,012,JARABACOA,LA VEGA,INDRHI / MARENA,EMCI,34.6,17.4,6.5,https://indomet.gob.do/wp-content/uploads/2025/08/temperaturas-extremas-y-precipitaciones-2025x08x14-a.pdf
2025-08-14,013,ARPT. LA ISABELA,SANTO DOMINGO,ONAMET,EMCI,35.0,24.0,6.1,https://indomet.gob.do/wp-content/uploads/2025/08/temperaturas-extremas-y-precipitaciones-2025x08x14-a.pdf
2025-08-14,014,ARPT. DE LAS AMÉRICAS,SANTO DOMINGO,ONAMET,EMCI,32.0,24.0,6.0,https://indomet.gob.do/wp-content/uploads/2025/08/temperaturas-extremas-y-precipitaciones-2025x08x14-a.pdf
2025-08-14,015,ARPT. EL CATEY,SAMANÁ,ONAMET,EMCI,30.6,23.5,5.9,https://indomet.gob.do/wp-content/uploads/2025/08/temperaturas-extremas-y-precipitaciones-2025x08x14-a.pdf
2025-08-14,016,SAMANÁ,SAMANÁ,COMANDANCIA DE PUERTO DE SAMANÁ,EMCI,34.0,22.6,5.6,https://indomet.gob.do/wp-content/uploads/2025/08/temperaturas-extremas-y-precipitaciones-2025x08x14-a.pdf
2025-08-14,017,ARPT. DE PUNTA CANA,LA ALTAGRACIA,ONAMET,EMCI,33.2,25.8,5.2,https://indomet.gob.do/wp-content/uploads/2025/08/temperaturas-extremas-y-precipitaciones-2025x08x14-a.pdf
2025-08-14,018,SALCEDO,HERMANAS MIRABAL,PROPIEDAD DEL EMPLEADO,EMCI,,,5.2,https://indomet.gob.do/wp-content/uploads/2025/08/temperaturas-extremas-y-precipitaciones-2025x08x14-a.pdf
2025-08-14,019,ARPT. DEL CIBAO,SANTIAGO,ONAMET,EMCI,35.2,23.2,4.2,https://indomet.gob.do/wp-content/uploads/2025/08/temperaturas-extremas-y-precipitaciones-2025x08x14-a.pdf
2025-08-14,020,ALTAMIRA,PUERTO PLATA,HOSP. MPAL. DE ALTAMIRA,EMCI,33.4,21.5,3.7,https://indomet.gob.do/wp-content/uploads/2025/08/temperaturas-extremas-y-precipitaciones-2025x08x14-a.pdf
2025-08-14,021,HIGÜEY,LA ALTAGRACIA,MINISTERIO DE AGRICULTURA,EMCV,,,3.7,https://indomet.gob.do/wp-content/uploads/2025/08/temperaturas-extremas-y-precipitaciones-2025x08x14-a.pdf
2025-08-14,022,BONAO,MONSEÑOR NOUEL,MINISTERIO DE AGRICULTURA,EMCV,,,3.3,https://indomet.gob.do/wp-content/uploads/2025/08/temperaturas-extremas-y-precipitaciones-2025x08x14-a.pdf
2025-08-14,023,PRESA DE TAVERAS (EMA),LA VEGA,PROGRAMA MUNDIAL DE ALIMENTO,EMAP,34.0,22.9,3.0,https://indomet.gob.do/wp-content/uploads/2025/08/temperaturas-extremas-y-precipitaciones-2025x08x14-a.pdf
2025-08-14,024,CABRERA,MARÍA TRINIDAD SÁNCHEZ,ESCUELA ARÍSTIDES FIALLO CABRAL,EMCI,34.5,27.7,2.2,https://indomet.gob.do/wp-content/uploads/2025/08/temperaturas-extremas-y-precipitaciones-2025x08x14-a.pdf
2025-08-14,025,PADRE LAS CASAS,AZUA,HOSP. NTRA. SRA. DEL CARMEN,EMCI,34.0,18.6,2.2,https://indomet.gob.do/wp-content/uploads/2025/08/temperaturas-extremas-y-precipitaciones-2025x08x14-a.pdf
2025-08-14,026,ARPT. DE LA ROMANA,LA ROMANA,ONAMET,EMCI,35.7,23.0,1.5,https://indomet.gob.do/wp-content/uploads/2025/08/temperaturas-extremas-y-precipitaciones-2025x08x14-a.pdf
2025-08-14,027,RANCHO ARRIBA,SAN JOSÉ DE OCOA,CENTRO TECNOLÓGICO COMUNITARIO,EMCI,33.0,18.4,1.4,https://indomet.gob.do/wp-content/uploads/2025/08/temperaturas-extremas-y-precipitaciones-2025x08x14-a.pdf
2025-08-14,028,LOS TRES CHARCOS (EMA),PEDERNALES,PROPIEDAD DEL VOLUNTARIO,EMAP,35.3,24.6,1.2,https://indomet.gob.do/wp-content/uploads/2025/08/temperaturas-extremas-y-precipitaciones-2025x08x14-a.pdf
2025-08-14,029,LUPERÓN,PUERTO PLATA,MINISTERIO DE AGRICULTURA,EMCV,,,1.0,https://indomet.gob.do/wp-content/uploads/2025/08/temperaturas-extremas-y-precipitaciones-2025x08x14-a.pdf
2025-08-14,030,BASE AÉREA DE SAN ISIDRO,SANTO DOMINGO,FUERZA AÉREA DOMINICANA,EMCV,33.0,23.8,1.0,https://indomet.gob.do/wp-content/uploads/2025/08/temperaturas-extremas-y-precipitaciones-2025x08x14-a.pdf
2025-08-14,031,VILLA RIVA,DUARTE,HOSP. MPAL. ALICIA DE LEGENDRE,EMCI,33.5,23.0,0.8,https://indomet.gob.do/wp-content/uploads/2025/08/temperaturas-extremas-y-precipitaciones-2025x08x14-a.pdf
2025-08-14,032,SAN RAFAEL DEL YUMA,LA ALTAGRACIA,MINISTERIO DE AGRICULTURA,EMCI,36.9,25.1,0.6,https://indomet.gob.do/wp-content/uploads/2025/08/temperaturas-extremas-y-precipitaciones-2025x08x14-a.pdf
2025-08-14,033,NAVARRETE,SANTIAGO,MINISTERIO DE AGRICULTURA,EMCV,,,0.5,https://indomet.gob.do/wp-content/uploads/2025/08/temperaturas-extremas-y-precipitaciones-2025x08x14-a.pdf
2025-08-14,034,ALTO BANDERA (EMA),LA VEGA,INTEC,EMAP,16.4,4.3,0.5,https://indomet.gob.do/wp-content/uploads/2025/08/temperaturas-extremas-y-precipitaciones-2025x08x14-a.pdf
2025-08-14,035,SANTO DOMINGO ESTE,SANTO DOMINGO,ONAMET,EMCI,34.5,26.6,0.5,https://indomet.gob.do/wp-content/uploads/2025/08/temperaturas-extremas-y-precipitaciones-2025x08x14-a.pdf
2025-08-14,036,BAYAGUANA,MONTE PLATA,ONAMET,EMCI,33.4,22.8,0.4,https://indomet.gob.do/wp-content/uploads/2025/08/temperaturas-extremas-y-precipitaciones-2025x08x14-a.pdf
2025-08-14,037,CENTRO DE LOS HEROES (EMA),DISTRITO NACIONAL,MINISTERIO DE ENERGIA Y MINA,EMAP,32.9,26.9,0.4,https://indomet.gob.do/wp-content/uploads/2025/08/temperaturas-extremas-y-precipitaciones-2025x08x14-a.pdf
2025-08-14,038,JIMANÍ,INDEPENDENCIA,MINISTERIO DE AGRICULTURA,EMCI,38.8,25.5,0.3,https://indomet.gob.do/wp-content/uploads/2025/08/temperaturas-extremas-y-precipitaciones-2025x08x14-a.pdf
2025-08-14,039,ARPT. ARROYO BARRIL,SAMANÁ,ONAMET,EMCI,32.5,24.5,0.0,https://indomet.gob.do/wp-content/uploads/2025/08/temperaturas-extremas-y-precipitaciones-2025x08x14-a.pdf
2025-08-14,040,ARPT. GREGORIO LUPERÓN,PUERTO PLATA,ONAMET,EMCI,33.4,24.4,0.0,https://indomet.gob.do/wp-content/uploads/2025/08/temperaturas-extremas-y-precipitaciones-2025x08x14-a.pdf
2025-08-14,041,ARPT. MARÍA MONTEZ,BARAHONA,ONAMET,EMCI,35.5,23.5,0.0,https://indomet.gob.do/wp-content/uploads/2025/08/temperaturas-extremas-y-precipitaciones-2025x08x14-a.pdf
2025-08-14,042,BANI (EMA),PERAVIA,MINISTERIO DE AGRICULTURA,EMAP,34.3,26.9,0.0,https://indomet.gob.do/wp-content/uploads/2025/08/temperaturas-extremas-y-precipitaciones-2025x08x14-a.pdf
2025-08-14,043,BOCA DE MAO (EMA),VALVERDE,MINISTERIO DE AGRICULTURA,EMAP,36.7,24.3,0.0,https://indomet.gob.do/wp-content/uploads/2025/08/temperaturas-extremas-y-precipitaciones-2025x08x14-a.pdf
2025-08-14,044,CABRAL,BARAHONA,MINISTERIO DE AGRICULTURA,EMCV,36.8,23.9,0.0,https://indomet.gob.do/wp-content/uploads/2025/08/temperaturas-extremas-y-precipitaciones-2025x08x14-a.pdf
2025-08-14,045,CONSTANZA,LA VEGA,MINISTERIO DE AGRICULTURA,EMCI,28.7,16.0,0.0,https://indomet.gob.do/wp-content/uploads/2025/08/temperaturas-extremas-y-precipitaciones-2025x08x14-a.pdf
2025-08-14,046,CONSTANZA (EMA),LA VEGA,PROGRAMA MUNDIAL DE ALIMENTO,EMAP,28.1,17.0,0.0,https://indomet.gob.do/wp-content/uploads/2025/08/temperaturas-extremas-y-precipitaciones-2025x08x14-a.pdf
2025-08-14,047,EL FACTOR (EMA),MARÍA TRINIDAD SÁNCHEZ,INTEC,EMAP,32.3,23.4,0.0,https://indomet.gob.do/wp-content/uploads/2025/08/temperaturas-extremas-y-precipitaciones-2025x08x14-a.pdf
2025-08-14,048,ELÍAS PIÑA,ELÍAS PIÑA,MINISTERIO DE AGRICULTURA,EMCV,,,0.0,https://indomet.gob.do/wp-content/uploads/2025/08/temperaturas-extremas-y-precipitaciones-2025x08x14-a.pdf
2025-08-14,049,ENRIQUILLO,BARAHONA,MINISTERIO DE AGRICULTURA,EMCV,34.0,25.5,0.0,https://indomet.gob.do/wp-content/uploads/2025/08/temperaturas-extremas-y-precipitaciones-2025x08x14-a.pdf
2025-08-14,050,GASPAR HERNÁNDEZ,ESPAILLAT,PROPIEDAD DEL EMPLEADO,EMCI,,,0.0,https://indomet.gob.do/wp-content/uploads/2025/08/temperaturas-extremas-y-precipitaciones-2025x08x14-a.pdf
2025-08-14,051,GURABO,SANTIAGO,MINISTERIO DE AGRICULTURA,EMCV,,,0.0,https://indomet.gob.do/wp-content/uploads/2025/08/temperaturas-extremas-y-precipitaciones-2025x08x14-a.pdf
2025-08-14,052,HATO MAYOR,HATO MAYOR,MINISTERIO DE AGRICULTURA,EMCV,,,0.0,https://indomet.gob.do/wp-content/uploads/2025/08/temperaturas-extremas-y-precipitaciones-2025x08x14-a.pdf
2025-08-14,053,LA VEGA,LA VEGA,IATESA,EMCI,35.0,23.0,0.0,https://indomet.gob.do/wp-content/uploads/2025/08/temperaturas-extremas-y-precipitaciones-2025x08x14-a.pdf
2025-08-14,054,LAS CANAS (EMA),MONTE CRISTI,PROGRAMA MUNDIAL DE ALIMENTO,EMAP,31.2,25.1,0.0,https://indomet.gob.do/wp-content/uploads/2025/08/temperaturas-extremas-y-precipitaciones-2025x08x14-a.pdf
2025-08-14,055,LAS MATAS DE SANTA CRUZ (EMA,MONTE CRISTI,PROGRAMA MUNDIAL DE ALIMENTO,EMAP,,23.9,0.0,https://indomet.gob.do/wp-content/uploads/2025/08/temperaturas-extremas-y-precipitaciones-2025x08x14-a.pdf
2025-08-14,056,MAO,VALVERDE,INDRHI / MINISTERIO DE AGRICULTURA,EMCV,,,0.0,https://indomet.gob.do/wp-content/uploads/2025/08/temperaturas-extremas-y-precipitaciones-2025x08x14-a.pdf
2025-08-14,057,MONCIÓN (EMA),SANTIAGO RODRÍGUEZ,PROGRAMA MUNDIAL DE ALIMENTO,EMAP,34.8,23.2,0.0,https://indomet.gob.do/wp-content/uploads/2025/08/temperaturas-extremas-y-precipitaciones-2025x08x14-a.pdf
2025-08-14,058,MONTE CRISTI,MONTE CRISTI,ONAMET,EMCI,34.0,25.6,0.0,https://indomet.gob.do/wp-content/uploads/2025/08/temperaturas-extremas-y-precipitaciones-2025x08x14-a.pdf
2025-08-14,059,OLIVARES,PEDERNALES,INDRHI,EMCI,,,0.0,https://indomet.gob.do/wp-content/uploads/2025/08/temperaturas-extremas-y-precipitaciones-2025x08x14-a.pdf
2025-08-14,060,OVIEDO,PEDERNALES,CLÍNICA RURAL OVIEDO,EMCI,33.5,24.5,0.0,https://indomet.gob.do/wp-content/uploads/2025/08/temperaturas-extremas-y-precipitaciones-2025x08x14-a.pdf
2025-08-14,061,PALO ÍNDIO,PUERTO PLATA,MINISTERIO DE AGRICULTURA,EMCI,,,0.0,https://indomet.gob.do/wp-content/uploads/2025/08/temperaturas-extremas-y-precipitaciones-2025x08x14-a.pdf
2025-08-14,062,PEDERNALES,PEDERNALES,INDRHI,EMCI,,,0.0,https://indomet.gob.do/wp-content/uploads/2025/08/temperaturas-extremas-y-precipitaciones-2025x08x14-a.pdf
2025-08-14,063,PESCADERIA (EMA),BARAHONA,MINISTERIO DE AGRICULTURA,EMAP,36.1,24.3,0.0,https://indomet.gob.do/wp-content/uploads/2025/08/temperaturas-extremas-y-precipitaciones-2025x08x14-a.pdf
2025-08-14,064,POLO,BARAHONA,INDOCAFE,EMCI,31.5,16.5,0.0,https://indomet.gob.do/wp-content/uploads/2025/08/temperaturas-extremas-y-precipitaciones-2025x08x14-a.pdf
2025-08-14,065,PONTÓN ABAJO (EMA),LA VEGA,MINISTERIO DE AGRICULTURA,EMAP,36.6,24.3,0.0,https://indomet.gob.do/wp-content/uploads/2025/08/temperaturas-extremas-y-precipitaciones-2025x08x14-a.pdf
2025-08-14,066,RÍO SAN JUAN,MARÍA TRINIDAD SÁNCHEZ,HOSP. MPAL. DR. DESIDERIO ACOSTA,EMCV,35.3,23.5,0.0,https://indomet.gob.do/wp-content/uploads/2025/08/temperaturas-extremas-y-precipitaciones-2025x08x14-a.pdf
2025-08-14,067,SABANA DE LA MAR,HATO MAYOR,ONAMET,EMCI,33.0,23.5,0.0,https://indomet.gob.do/wp-content/uploads/2025/08/temperaturas-extremas-y-precipitaciones-2025x08x14-a.pdf
2025-08-14,068,SABANA GRANDE DE BOYÁ,MONTE PLATA,MINISTERIO DE AGRICULTURA,EMCV,,,0.0,https://indomet.gob.do/wp-content/uploads/2025/08/temperaturas-extremas-y-precipitaciones-2025x08x14-a.pdf
2025-08-14,069,SABANETA (EMA),SANTIAGO RODRÍGUEZ,PROGRAMA MUNDIAL DE ALIMENTO,EMAP,37.2,22.4,0.0,https://indomet.gob.do/wp-content/uploads/2025/08/temperaturas-extremas-y-precipitaciones-2025x08x14-a.pdf
2025-08-14,070,SAN CRISTÓBAL,SAN CRISTÓBAL,INSTITUTO POLITÉCNICO LOYOLA,EMCI,34.6,25.2,0.0,https://indomet.gob.do/wp-content/uploads/2025/08/temperaturas-extremas-y-precipitaciones-2025x08x14-a.pdf
2025-08-14,071,SAN FRANCISCO DE MACORÍS,DUARTE,San Francisco de Macorís (UASD),EMCI,35.1,23.8,0.0,https://indomet.gob.do/wp-content/uploads/2025/08/temperaturas-extremas-y-precipitaciones-2025x08x14-a.pdf
2025-08-14,072,SAN JOSÉ DE OCOA,SAN JOSÉ DE OCOA,HOSP. SAN JOSÉ DE OCOA,EMCI,34.8,22.3,0.0,https://indomet.gob.do/wp-content/uploads/2025/08/temperaturas-extremas-y-precipitaciones-2025x08x14-a.pdf
2025-08-14,073,SANTIAGO RODRÍGUEZ,SANTIAGO RODRÍGUEZ,ONAMET,EMCI,37.2,22.5,0.0,https://indomet.gob.do/wp-content/uploads/2025/08/temperaturas-extremas-y-precipitaciones-2025x08x14-a.pdf
2025-08-14,074,VALLE NUEVO (EMA),LA VEGA,MARENA,EMAI,21.7,13.1,0.0,https://indomet.gob.do/wp-content/uploads/2025/08/temperaturas-extremas-y-precipitaciones-2025x08x14-a.pdf
2025-08-14,075,VILLA ALTAGRACIA,SAN CRISTÓBAL,ESCUELA JAVIER ANGULO GURIDI,EMCI,,,0.0,https://indomet.gob.do/wp-content/uploads/2025/08/temperaturas-extremas-y-precipitaciones-2025x08x14-a.pdf
2025-08-14,076,VILLA GONZALES,SANTIAGO,MINISTERIO DE AGRICULTURA,EMCI,,,0.0,https://indomet.gob.do/wp-content/uploads/2025/08/temperaturas-extremas-y-precipitaciones-2025x08x14-a.pdf
2025-08-14,077,VILLA ISABELA,PUERTO PLATA,MINISTERIO DE AGRICULTURA,EMCV,,,0.0,https://indomet.gob.do/wp-content/uploads/2025/08/temperaturas-extremas-y-precipitaciones-2025x08x14-a.pdf
2025-08-15,001,RESTAURACIÓN,DAJABÓN,MINISTERIO DE AGRICULTURA,EMCI,31.0,17.5,44.1,https://indomet.gob.do/wp-content/uploads/2025/08/temperaturas-extremas-y-precipitaciones-2025x08x15-a.pdf
2025-08-15,002,SÁNCHEZ,SAMANÁ,MINISTERIO DE AGRICULTURA,EMCI,32.5,21.8,22.8,https://indomet.gob.do/wp-content/uploads/2025/08/temperaturas-extremas-y-precipitaciones-2025x08x15-a.pdf
2025-08-15,003,ELÍAS PIÑA,ELÍAS PIÑA,MINISTERIO DE AGRICULTURA,EMCV,,,19.4,https://indomet.gob.do/wp-content/uploads/2025/08/temperaturas-extremas-y-precipitaciones-2025x08x15-a.pdf
2025-08-15,004,SANTO DOMINGO ESTE,SANTO DOMINGO,ONAMET,EMCI,35.6,26.0,16.9,https://indomet.gob.do/wp-content/uploads/2025/08/temperaturas-extremas-y-precipitaciones-2025x08x15-a.pdf
2025-08-15,005,JIMANÍ,INDEPENDENCIA,MINISTERIO DE AGRICULTURA,EMCI,38.4,25.2,16.0,https://indomet.gob.do/wp-content/uploads/2025/08/temperaturas-extremas-y-precipitaciones-2025x08x15-a.pdf
2025-08-15,006,VILLA ALTAGRACIA,SAN CRISTÓBAL,ESCUELA JAVIER ANGULO GURIDI,EMCI,,,13.5,https://indomet.gob.do/wp-content/uploads/2025/08/temperaturas-extremas-y-precipitaciones-2025x08x15-a.pdf
2025-08-15,007,LOS LLANOS,SAN PEDRO DE MACORÍS,MINISTERIO DE AGRICULTURA,EMCI,33.5,23.0,10.8,https://indomet.gob.do/wp-content/uploads/2025/08/temperaturas-extremas-y-precipitaciones-2025x08x15-a.pdf
2025-08-15,008,TÁBARA ABAJO,AZUA,INDRHI,EMCI,33.5,22.5,10.4,https://indomet.gob.do/wp-content/uploads/2025/08/temperaturas-extremas-y-precipitaciones-2025x08x15-a.pdf
2025-08-15,009,BASE AÉREA DE SAN ISIDRO,SANTO DOMINGO,FUERZA AÉREA DOMINICANA,EMCV,30.5,25.5,8.2,https://indomet.gob.do/wp-content/uploads/2025/08/temperaturas-extremas-y-precipitaciones-2025x08x15-a.pdf
2025-08-15,010,ARPT. DEL CIBAO,SANTIAGO,ONAMET,EMCI,35.5,22.0,6.1,https://indomet.gob.do/wp-content/uploads/2025/08/temperaturas-extremas-y-precipitaciones-2025x08x15-a.pdf
2025-08-15,011,SAN CRISTÓBAL,SAN CRISTÓBAL,INSTITUTO POLITÉCNICO LOYOLA,EMCI,35.2,25.0,6.0,https://indomet.gob.do/wp-content/uploads/2025/08/temperaturas-extremas-y-precipitaciones-2025x08x15-a.pdf
2025-08-15,012,OVIEDO,PEDERNALES,CLÍNICA RURAL OVIEDO,EMCI,34.0,23.5,5.4,https://indomet.gob.do/wp-content/uploads/2025/08/temperaturas-extremas-y-precipitaciones-2025x08x15-a.pdf
2025-08-15,013,ARPT. DE LAS AMÉRICAS,SANTO DOMINGO,ONAMET,EMCI,33.5,24.0,5.3,https://indomet.gob.do/wp-content/uploads/2025/08/temperaturas-extremas-y-precipitaciones-2025x08x15-a.pdf
2025-08-15,014,ARPT. EL CATEY,SAMANÁ,ONAMET,EMCI,30.5,23.8,5.2,https://indomet.gob.do/wp-content/uploads/2025/08/temperaturas-extremas-y-precipitaciones-2025x08x15-a.pdf
2025-08-15,015,EL FACTOR (EMA),MARÍA TRINIDAD SÁNCHEZ,INTEC,EMAP,33.3,24.4,3.8,https://indomet.gob.do/wp-content/uploads/2025/08/temperaturas-extremas-y-precipitaciones-2025x08x15-a.pdf
2025-08-15,016,JUMA BEJUCAL,MONSEÑOR NOUEL,IDIAF,EMCV,33.8,24.2,3.4,https://indomet.gob.do/wp-content/uploads/2025/08/temperaturas-extremas-y-precipitaciones-2025x08x15-a.pdf
2025-08-15,017,ALTAMIRA,PUERTO PLATA,HOSP. MPAL. DE ALTAMIRA,EMCI,33.0,22.0,3.0,https://indomet.gob.do/wp-content/uploads/2025/08/temperaturas-extremas-y-precipitaciones-2025x08x15-a.pdf
2025-08-15,018,ARPT. LA ISABELA,SANTO DOMINGO,ONAMET,EMCI,34.0,24.0,3.0,https://indomet.gob.do/wp-content/uploads/2025/08/temperaturas-extremas-y-precipitaciones-2025x08x15-a.pdf
2025-08-15,019,CABRERA,MARÍA TRINIDAD SÁNCHEZ,ESCUELA ARÍSTIDES FIALLO CABRAL,EMCI,34.4,28.2,2.8,https://indomet.gob.do/wp-content/uploads/2025/08/temperaturas-extremas-y-precipitaciones-2025x08x15-a.pdf
2025-08-15,020,PALO ÍNDIO,PUERTO PLATA,MINISTERIO DE AGRICULTURA,EMCI,,,2.8,https://indomet.gob.do/wp-content/uploads/2025/08/temperaturas-extremas-y-precipitaciones-2025x08x15-a.pdf
2025-08-15,021,CONSTANZA,LA VEGA,MINISTERIO DE AGRICULTURA,EMCI,28.5,17.5,2.5,https://indomet.gob.do/wp-content/uploads/2025/08/temperaturas-extremas-y-precipitaciones-2025x08x15-a.pdf
2025-08-15,022,ARPT. GREGORIO LUPERÓN,PUERTO PLATA,ONAMET,EMCI,34.0,23.9,2.4,https://indomet.gob.do/wp-content/uploads/2025/08/temperaturas-extremas-y-precipitaciones-2025x08x15-a.pdf
2025-08-15,023,CENTRO DE LOS HEROES (EMA),DISTRITO NACIONAL,MINISTERIO DE ENERGIA Y MINA,EMAP,34.2,26.6,2.4,https://indomet.gob.do/wp-content/uploads/2025/08/temperaturas-extremas-y-precipitaciones-2025x08x15-a.pdf
2025-08-15,024,CONSTANZA (EMA),LA VEGA,PROGRAMA MUNDIAL DE ALIMENTO,EMAP,27.6,17.9,2.2,https://indomet.gob.do/wp-content/uploads/2025/08/temperaturas-extremas-y-precipitaciones-2025x08x15-a.pdf
2025-08-15,025,SAMANÁ,SAMANÁ,COMANDANCIA DE PUERTO DE SAMANÁ,EMCI,33.9,23.5,2.2,https://indomet.gob.do/wp-content/uploads/2025/08/temperaturas-extremas-y-precipitaciones-2025x08x15-a.pdf
2025-08-15,026,ARPT. ARROYO BARRIL,SAMANÁ,ONAMET,EMCI,31.7,25.2,2.0,https://indomet.gob.do/wp-content/uploads/2025/08/temperaturas-extremas-y-precipitaciones-2025x08x15-a.pdf
2025-08-15,027,ENRIQUILLO,BARAHONA,MINISTERIO DE AGRICULTURA,EMCV,35.0,24.3,1.6,https://indomet.gob.do/wp-content/uploads/2025/08/temperaturas-extremas-y-precipitaciones-2025x08x15-a.pdf
2025-08-15,028,LA VICTORIA,SANTO DOMINGO,CUERPO DE BOMBEROS,EMCI,35.0,24.0,1.4,https://indomet.gob.do/wp-content/uploads/2025/08/temperaturas-extremas-y-precipitaciones-2025x08x15-a.pdf
2025-08-15,029,LOS TRES CHARCOS (EMA),PEDERNALES,PROPIEDAD DEL VOLUNTARIO,EMAP,35.9,23.8,1.2,https://indomet.gob.do/wp-content/uploads/2025/08/temperaturas-extremas-y-precipitaciones-2025x08x15-a.pdf
2025-08-15,030,MONTE CRISTI,MONTE CRISTI,ONAMET,EMCI,35.0,24.5,1.2,https://indomet.gob.do/wp-content/uploads/2025/08/temperaturas-extremas-y-precipitaciones-2025x08x15-a.pdf
2025-08-15,031,PERALTA,AZUA,HOSP. MPAL. DE PERALTA,EMCI,31.9,19.6,1.2,https://indomet.gob.do/wp-content/uploads/2025/08/temperaturas-extremas-y-precipitaciones-2025x08x15-a.pdf
2025-08-15,032,JARABACOA,LA VEGA,INDRHI / MARENA,EMCI,33.2,18.6,1.0,https://indomet.gob.do/wp-content/uploads/2025/08/temperaturas-extremas-y-precipitaciones-2025x08x15-a.pdf
2025-08-15,033,JARABACOA (EMA),LA VEGA,PROGRAMA MUNDIAL DE ALIMENTO,EMAP,32.2,21.1,1.0,https://indomet.gob.do/wp-content/uploads/2025/08/temperaturas-extremas-y-precipitaciones-2025x08x15-a.pdf
2025-08-15,034,ALTO BANDERA (EMA),LA VEGA,INTEC,EMAP,19.4,4.9,0.8,https://indomet.gob.do/wp-content/uploads/2025/08/temperaturas-extremas-y-precipitaciones-2025x08x15-a.pdf
2025-08-15,035,PADRE LAS CASAS,AZUA,HOSP. NTRA. SRA. DEL CARMEN,EMCI,34.5,19.6,0.6,https://indomet.gob.do/wp-content/uploads/2025/08/temperaturas-extremas-y-precipitaciones-2025x08x15-a.pdf
2025-08-15,036,VILLA RIVA,DUARTE,HOSP. MPAL. ALICIA DE LEGENDRE,EMCI,33.0,23.5,0.5,https://indomet.gob.do/wp-content/uploads/2025/08/temperaturas-extremas-y-precipitaciones-2025x08x15-a.pdf
2025-08-15,037,RÍO SAN JUAN,MARÍA TRINIDAD SÁNCHEZ,HOSP. MPAL. DR. DESIDERIO ACOSTA,EMCV,35.4,24.2,0.4,https://indomet.gob.do/wp-content/uploads/2025/08/temperaturas-extremas-y-precipitaciones-2025x08x15-a.pdf
2025-08-15,038,VILLA ISABELA,PUERTO PLATA,MINISTERIO DE AGRICULTURA,EMCV,,,0.3,https://indomet.gob.do/wp-content/uploads/2025/08/temperaturas-extremas-y-precipitaciones-2025x08x15-a.pdf
2025-08-15,039,ANAMUYA (EMA),LA ALTAGRACIA,MINISTERIO DE AGRICULTURA,EMAP,33.4,24.9,0.2,https://indomet.gob.do/wp-content/uploads/2025/08/temperaturas-extremas-y-precipitaciones-2025x08x15-a.pdf
2025-08-15,040,ARPT. DE PUNTA CANA,LA ALTAGRACIA,ONAMET,EMCI,33.4,22.4,0.2,https://indomet.gob.do/wp-content/uploads/2025/08/temperaturas-extremas-y-precipitaciones-2025x08x15-a.pdf
2025-08-15,041,CABRAL,BARAHONA,MINISTERIO DE AGRICULTURA,EMCV,36.8,26.6,0.1,https://indomet.gob.do/wp-content/uploads/2025/08/temperaturas-extremas-y-precipitaciones-2025x08x15-a.pdf
2025-08-15,042,RANCHO ARRIBA,SAN JOSÉ DE OCOA,CENTRO TECNOLÓGICO COMUNITARIO,EMCI,30.4,20.1,0.1,https://indomet.gob.do/wp-content/uploads/2025/08/temperaturas-extremas-y-precipitaciones-2025x08x15-a.pdf
2025-08-15,043,SABANA GRANDE DE BOYÁ,MONTE PLATA,MINISTERIO DE AGRICULTURA,EMCV,,,0.1,https://indomet.gob.do/wp-content/uploads/2025/08/temperaturas-extremas-y-precipitaciones-2025x08x15-a.pdf
2025-08-15,044,ARPT. DE LA ROMANA,LA ROMANA,ONAMET,EMCI,34.6,22.3,0.0,https://indomet.gob.do/wp-content/uploads/2025/08/temperaturas-extremas-y-precipitaciones-2025x08x15-a.pdf
2025-08-15,045,ARPT. MARÍA MONTEZ,BARAHONA,ONAMET,EMCI,35.8,24.8,0.0,https://indomet.gob.do/wp-content/uploads/2025/08/temperaturas-extremas-y-precipitaciones-2025x08x15-a.pdf
2025-08-15,046,ARROYO LORO,SAN JUAN,IDIAF,EMCI,34.4,20.6,0.0,https://indomet.gob.do/wp-content/uploads/2025/08/temperaturas-extremas-y-precipitaciones-2025x08x15-a.pdf
2025-08-15,047,BANI (EMA),PERAVIA,MINISTERIO DE AGRICULTURA,EMAP,34.4,26.3,0.0,https://indomet.gob.do/wp-content/uploads/2025/08/temperaturas-extremas-y-precipitaciones-2025x08x15-a.pdf
2025-08-15,048,BAYAGUANA,MONTE PLATA,ONAMET,EMCI,33.6,21.6,0.0,https://indomet.gob.do/wp-content/uploads/2025/08/temperaturas-extremas-y-precipitaciones-2025x08x15-a.pdf
2025-08-15,049,BOCA DE MAO (EMA),VALVERDE,MINISTERIO DE AGRICULTURA,EMAP,36.9,24.4,0.0,https://indomet.gob.do/wp-content/uploads/2025/08/temperaturas-extremas-y-precipitaciones-2025x08x15-a.pdf
2025-08-15,050,DAJABÓN,DAJABÓN,INSTITUTO POLITÉCNICO LOYOLA,EMCI,35.6,22.0,0.0,https://indomet.gob.do/wp-content/uploads/2025/08/temperaturas-extremas-y-precipitaciones-2025x08x15-a.pdf
2025-08-15,051,ESCONDIDO,PERAVIA,MINISTERIO DE AGRICULTURA,EMCV,34.0,27.0,0.0,https://indomet.gob.do/wp-content/uploads/2025/08/temperaturas-extremas-y-precipitaciones-2025x08x15-a.pdf
2025-08-15,052,GASPAR HERNÁNDEZ,ESPAILLAT,PROPIEDAD DEL EMPLEADO,EMCI,,,0.0,https://indomet.gob.do/wp-content/uploads/2025/08/temperaturas-extremas-y-precipitaciones-2025x08x15-a.pdf
2025-08-15,053,GURABO,SANTIAGO,MINISTERIO DE AGRICULTURA,EMCV,,,0.0,https://indomet.gob.do/wp-content/uploads/2025/08/temperaturas-extremas-y-precipitaciones-2025x08x15-a.pdf
2025-08-15,054,HATO MAYOR,HATO MAYOR,MINISTERIO DE AGRICULTURA,EMCV,,,0.0,https://indomet.gob.do/wp-content/uploads/2025/08/temperaturas-extremas-y-precipitaciones-2025x08x15-a.pdf
2025-08-15,055,HONDO VALLE,ELÍAS PIÑA,MINISTERIO DE AGRICULTURA,EMCI,28.1,18.5,0.0,https://indomet.gob.do/wp-content/uploads/2025/08/temperaturas-extremas-y-precipitaciones-2025x08x15-a.pdf
2025-08-15,056,LA VEGA,LA VEGA,IATESA,EMCI,35.0,24.5,0.0,https://indomet.gob.do/wp-content/uploads/2025/08/temperaturas-extremas-y-precipitaciones-2025x08x15-a.pdf
2025-08-15,057,LAS CANAS (EMA),MONTE CRISTI,PROGRAMA MUNDIAL DE ALIMENTO,EMAP,31.3,24.7,0.0,https://indomet.gob.do/wp-content/uploads/2025/08/temperaturas-extremas-y-precipitaciones-2025x08x15-a.pdf
2025-08-15,058,LAS MATAS DE SANTA CRUZ (EMA,MONTE CRISTI,PROGRAMA MUNDIAL DE ALIMENTO,EMAP,33.3,25.7,0.0,https://indomet.gob.do/wp-content/uploads/2025/08/temperaturas-extremas-y-precipitaciones-2025x08x15-a.pdf
2025-08-15,059,MAO,VALVERDE,INDRHI / MINISTERIO DE AGRICULTURA,EMCV,,,0.0,https://indomet.gob.do/wp-content/uploads/2025/08/temperaturas-extremas-y-precipitaciones-2025x08x15-a.pdf
2025-08-15,060,MONCIÓN (EMA),SANTIAGO RODRÍGUEZ,PROGRAMA MUNDIAL DE ALIMENTO,EMAP,34.2,22.5,0.0,https://indomet.gob.do/wp-content/uploads/2025/08/temperaturas-extremas-y-precipitaciones-2025x08x15-a.pdf
2025-08-15,061,NAVARRETE,SANTIAGO,MINISTERIO DE AGRICULTURA,EMCV,,,0.0,https://indomet.gob.do/wp-content/uploads/2025/08/temperaturas-extremas-y-precipitaciones-2025x08x15-a.pdf
2025-08-15,062,OLIVARES,PEDERNALES,INDRHI,EMCI,,,0.0,https://indomet.gob.do/wp-content/uploads/2025/08/temperaturas-extremas-y-precipitaciones-2025x08x15-a.pdf
2025-08-15,063,PEDERNALES,PEDERNALES,INDRHI,EMCI,,,0.0,https://indomet.gob.do/wp-content/uploads/2025/08/temperaturas-extremas-y-precipitaciones-2025x08x15-a.pdf
2025-08-15,064,PESCADERIA (EMA),BARAHONA,MINISTERIO DE AGRICULTURA,EMAP,36.2,25.8,0.0,https://indomet.gob.do/wp-content/uploads/2025/08/temperaturas-extremas-y-precipitaciones-2025x08x15-a.pdf
2025-08-15,065,PONTÓN ABAJO (EMA),LA VEGA,MINISTERIO DE AGRICULTURA,EMAP,36.4,26.1,0.0,https://indomet.gob.do/wp-content/uploads/2025/08/temperaturas-extremas-y-precipitaciones-2025x08x15-a.pdf
2025-08-15,066,PRESA DE TAVERAS (EMA),LA VEGA,PROGRAMA MUNDIAL DE ALIMENTO,EMAP,33.6,22.9,0.0,https://indomet.gob.do/wp-content/uploads/2025/08/temperaturas-extremas-y-precipitaciones-2025x08x15-a.pdf
2025-08-15,067,SABANA DE LA MAR,HATO MAYOR,ONAMET,EMCI,32.0,24.5,0.0,https://indomet.gob.do/wp-content/uploads/2025/08/temperaturas-extremas-y-precipitaciones-2025x08x15-a.pdf
2025-08-15,068,SABANETA (EMA),SANTIAGO RODRÍGUEZ,PROGRAMA MUNDIAL DE ALIMENTO,EMAP,37.9,24.1,0.0,https://indomet.gob.do/wp-content/uploads/2025/08/temperaturas-extremas-y-precipitaciones-2025x08x15-a.pdf
2025-08-15,069,SALCEDO,HERMANAS MIRABAL,PROPIEDAD DEL EMPLEADO,EMCI,,,0.0,https://indomet.gob.do/wp-content/uploads/2025/08/temperaturas-extremas-y-precipitaciones-2025x08x15-a.pdf
2025-08-15,070,SAN JOSÉ DE OCOA,SAN JOSÉ DE OCOA,HOSP. SAN JOSÉ DE OCOA,EMCI,33.8,23.0,0.0,https://indomet.gob.do/wp-content/uploads/2025/08/temperaturas-extremas-y-precipitaciones-2025x08x15-a.pdf
2025-08-15,071,SAN RAFAEL DEL YUMA,LA ALTAGRACIA,MINISTERIO DE AGRICULTURA,EMCI,36.7,24.0,0.0,https://indomet.gob.do/wp-content/uploads/2025/08/temperaturas-extremas-y-precipitaciones-2025x08x15-a.pdf
2025-08-15,072,SANTIAGO RODRÍGUEZ,SANTIAGO RODRÍGUEZ,ONAMET,EMCI,38.0,24.5,0.0,https://indomet.gob.do/wp-content/uploads/2025/08/temperaturas-extremas-y-precipitaciones-2025x08x15-a.pdf
2025-08-15,073,VALLE NUEVO (EMA),LA VEGA,MARENA,EMAI,22.3,11.4,0.0,https://indomet.gob.do/wp-content/uploads/2025/08/temperaturas-extremas-y-precipitaciones-2025x08x15-a.pdf
2025-08-15,074,VILLA GONZALES,SANTIAGO,MINISTERIO DE AGRICULTURA,EMCI,,,0.0,https://indomet.gob.do/wp-content/uploads/2025/08/temperaturas-extremas-y-precipitaciones-2025x08x15-a.pdf
2025-08-16,001,SAMANÁ,SAMANÁ,COMANDANCIA DE PUERTO DE SAMANÁ,EMCI,31.9,25.2,50.8,https://indomet.gob.do/wp-content/uploads/2025/08/temperaturas-extremas-y-precipitaciones-2025x08x16-a.pdf
2025-08-16,002,PEDERNALES,PEDERNALES,INDRHI,EMCI,,,38.3,https://indomet.gob.do/wp-content/uploads/2025/08/temperaturas-extremas-y-precipitaciones-2025x08x16-a.pdf
2025-08-16,003,SABANA DE LA MAR,HATO MAYOR,ONAMET,EMCI,33.0,24.0,33.6,https://indomet.gob.do/wp-content/uploads/2025/08/temperaturas-extremas-y-precipitaciones-2025x08x16-a.pdf
2025-08-16,004,PADRE LAS CASAS,AZUA,HOSP. NTRA. SRA. DEL CARMEN,EMCI,36.5,19.5,31.8,https://indomet.gob.do/wp-content/uploads/2025/08/temperaturas-extremas-y-precipitaciones-2025x08x16-a.pdf
2025-08-16,005,ARPT. DE PUNTA CANA,LA ALTAGRACIA,ONAMET,EMCI,31.2,23.0,31.2,https://indomet.gob.do/wp-content/uploads/2025/08/temperaturas-extremas-y-precipitaciones-2025x08x16-a.pdf
2025-08-16,006,ARPT. ARROYO BARRIL,SAMANÁ,ONAMET,EMCI,30.0,23.6,30.2,https://indomet.gob.do/wp-content/uploads/2025/08/temperaturas-extremas-y-precipitaciones-2025x08x16-a.pdf
2025-08-16,007,MONTE CRISTI,MONTE CRISTI,ONAMET,EMCI,34.0,25.0,27.0,https://indomet.gob.do/wp-content/uploads/2025/08/temperaturas-extremas-y-precipitaciones-2025x08x16-a.pdf
2025-08-16,008,CABRERA,MARÍA TRINIDAD SÁNCHEZ,ESCUELA ARÍSTIDES FIALLO CABRAL,EMCI,34.5,27.5,18.5,https://indomet.gob.do/wp-content/uploads/2025/08/temperaturas-extremas-y-precipitaciones-2025x08x16-a.pdf
2025-08-16,009,OLIVARES,PEDERNALES,INDRHI,EMCI,,,14.8,https://indomet.gob.do/wp-content/uploads/2025/08/temperaturas-extremas-y-precipitaciones-2025x08x16-a.pdf
2025-08-16,010,ARPT. MARÍA MONTEZ,BARAHONA,ONAMET,EMCI,37.7,26.0,14.2,https://indomet.gob.do/wp-content/uploads/2025/08/temperaturas-extremas-y-precipitaciones-2025x08x16-a.pdf
2025-08-16,011,PERALTA,AZUA,HOSP. MPAL. DE PERALTA,EMCI,33.8,19.3,13.8,https://indomet.gob.do/wp-content/uploads/2025/08/temperaturas-extremas-y-precipitaciones-2025x08x16-a.pdf
2025-08-16,012,LA VEGA,LA VEGA,IATESA,EMCI,,,13.0,https://indomet.gob.do/wp-content/uploads/2025/08/temperaturas-extremas-y-precipitaciones-2025x08x16-a.pdf
2025-08-16,013,NAVARRETE,SANTIAGO,MINISTERIO DE AGRICULTURA,EMCV,,,12.5,https://indomet.gob.do/wp-content/uploads/2025/08/temperaturas-extremas-y-precipitaciones-2025x08x16-a.pdf
2025-08-16,014,PESCADERIA (EMA),BARAHONA,MINISTERIO DE AGRICULTURA,EMAP,38.6,24.3,10.8,https://indomet.gob.do/wp-content/uploads/2025/08/temperaturas-extremas-y-precipitaciones-2025x08x16-a.pdf
2025-08-16,015,VILLA GONZALES,SANTIAGO,MINISTERIO DE AGRICULTURA,EMCI,,,9.4,https://indomet.gob.do/wp-content/uploads/2025/08/temperaturas-extremas-y-precipitaciones-2025x08x16-a.pdf
2025-08-16,016,VILLA ISABELA,PUERTO PLATA,MINISTERIO DE AGRICULTURA,EMCV,,,8.9,https://indomet.gob.do/wp-content/uploads/2025/08/temperaturas-extremas-y-precipitaciones-2025x08x16-a.pdf
2025-08-16,017,ALTAMIRA,PUERTO PLATA,HOSP. MPAL. DE ALTAMIRA,EMCI,32.9,23.4,8.8,https://indomet.gob.do/wp-content/uploads/2025/08/temperaturas-extremas-y-precipitaciones-2025x08x16-a.pdf
2025-08-16,018,HATO MAYOR,HATO MAYOR,MINISTERIO DE AGRICULTURA,EMCV,,,8.6,https://indomet.gob.do/wp-content/uploads/2025/08/temperaturas-extremas-y-precipitaciones-2025x08x16-a.pdf
2025-08-16,019,SALCEDO,HERMANAS MIRABAL,PROPIEDAD DEL EMPLEADO,EMCI,,,8.5,https://indomet.gob.do/wp-content/uploads/2025/08/temperaturas-extremas-y-precipitaciones-2025x08x16-a.pdf
2025-08-16,020,ARPT. DE LA ROMANA,LA ROMANA,ONAMET,EMCI,35.0,21.8,8.3,https://indomet.gob.do/wp-content/uploads/2025/08/temperaturas-extremas-y-precipitaciones-2025x08x16-a.pdf
2025-08-16,021,DAJABÓN,DAJABÓN,INSTITUTO POLITÉCNICO LOYOLA,EMCI,34.7,20.3,8.3,https://indomet.gob.do/wp-content/uploads/2025/08/temperaturas-extremas-y-precipitaciones-2025x08x16-a.pdf
2025-08-16,022,RÍO SAN JUAN,MARÍA TRINIDAD SÁNCHEZ,HOSP. MPAL. DR. DESIDERIO ACOSTA,EMCV,33.0,25.9,7.8,https://indomet.gob.do/wp-content/uploads/2025/08/temperaturas-extremas-y-precipitaciones-2025x08x16-a.pdf
2025-08-16,023,LOS TRES CHARCOS (EMA),PEDERNALES,PROPIEDAD DEL VOLUNTARIO,EMAP,33.8,24.0,6.4,https://indomet.gob.do/wp-content/uploads/2025/08/temperaturas-extremas-y-precipitaciones-2025x08x16-a.pdf
2025-08-16,024,POLO,BARAHONA,INDOCAFE,EMCI,32.5,19.3,5.4,https://indomet.gob.do/wp-content/uploads/2025/08/temperaturas-extremas-y-precipitaciones-2025x08x16-a.pdf
2025-08-16,025,OVIEDO,PEDERNALES,CLÍNICA RURAL OVIEDO,EMCI,36.0,24.5,4.0,https://indomet.gob.do/wp-content/uploads/2025/08/temperaturas-extremas-y-precipitaciones-2025x08x16-a.pdf
2025-08-16,026,TAMBORIL,SANTIAGO,MINISTERIO DE AGRICULTURA,EMCV,,,3.7,https://indomet.gob.do/wp-content/uploads/2025/08/temperaturas-extremas-y-precipitaciones-2025x08x16-a.pdf
2025-08-16,027,ANAMUYA (EMA),LA ALTAGRACIA,MINISTERIO DE AGRICULTURA,EMAP,34.7,24.7,3.4,https://indomet.gob.do/wp-content/uploads/2025/08/temperaturas-extremas-y-precipitaciones-2025x08x16-a.pdf
2025-08-16,028,ARPT. EL CATEY,SAMANÁ,ONAMET,EMCI,31.5,23.8,3.4,https://indomet.gob.do/wp-content/uploads/2025/08/temperaturas-extremas-y-precipitaciones-2025x08x16-a.pdf
2025-08-16,029,PALO ÍNDIO,PUERTO PLATA,MINISTERIO DE AGRICULTURA,EMCI,,,3.3,https://indomet.gob.do/wp-content/uploads/2025/08/temperaturas-extremas-y-precipitaciones-2025x08x16-a.pdf
2025-08-16,030,SAN RAFAEL DEL YUMA,LA ALTAGRACIA,MINISTERIO DE AGRICULTURA,EMCI,36.2,24.5,3.1,https://indomet.gob.do/wp-content/uploads/2025/08/temperaturas-extremas-y-precipitaciones-2025x08x16-a.pdf
2025-08-16,031,GURABO,SANTIAGO,MINISTERIO DE AGRICULTURA,EMCV,,,3.0,https://indomet.gob.do/wp-content/uploads/2025/08/temperaturas-extremas-y-precipitaciones-2025x08x16-a.pdf
2025-08-16,032,BANI (EMA),PERAVIA,MINISTERIO DE AGRICULTURA,EMAP,35.9,23.7,2.8,https://indomet.gob.do/wp-content/uploads/2025/08/temperaturas-extremas-y-precipitaciones-2025x08x16-a.pdf
2025-08-16,033,SÁNCHEZ,SAMANÁ,MINISTERIO DE AGRICULTURA,EMCI,31.4,21.3,2.6,https://indomet.gob.do/wp-content/uploads/2025/08/temperaturas-extremas-y-precipitaciones-2025x08x16-a.pdf
2025-08-16,034,SABANETA (EMA),SANTIAGO RODRÍGUEZ,PROGRAMA MUNDIAL DE ALIMENTO,EMAP,36.5,25.2,2.4,https://indomet.gob.do/wp-content/uploads/2025/08/temperaturas-extremas-y-precipitaciones-2025x08x16-a.pdf
2025-08-16,035,ALTO BANDERA (EMA),LA VEGA,INTEC,EMAP,19.8,8.4,2.3,https://indomet.gob.do/wp-content/uploads/2025/08/temperaturas-extremas-y-precipitaciones-2025x08x16-a.pdf
2025-08-16,036,ARPT. GREGORIO LUPERÓN,PUERTO PLATA,ONAMET,EMCI,31.8,23.7,2.0,https://indomet.gob.do/wp-content/uploads/2025/08/temperaturas-extremas-y-precipitaciones-2025x08x16-a.pdf
2025-08-16,037,ARPT. DEL CIBAO,SANTIAGO,ONAMET,EMCI,34.2,22.8,1.7,https://indomet.gob.do/wp-content/uploads/2025/08/temperaturas-extremas-y-precipitaciones-2025x08x16-a.pdf
2025-08-16,038,LOS LLANOS,SAN PEDRO DE MACORÍS,MINISTERIO DE AGRICULTURA,EMCI,32.9,24.5,1.0,https://indomet.gob.do/wp-content/uploads/2025/08/temperaturas-extremas-y-precipitaciones-2025x08x16-a.pdf
2025-08-16,039,BOCA DE MAO (EMA),VALVERDE,MINISTERIO DE AGRICULTURA,EMAP,35.9,24.7,0.8,https://indomet.gob.do/wp-content/uploads/2025/08/temperaturas-extremas-y-precipitaciones-2025x08x16-a.pdf
2025-08-16,040,EL FACTOR (EMA),MARÍA TRINIDAD SÁNCHEZ,INTEC,EMAP,35.2,26.7,0.8,https://indomet.gob.do/wp-content/uploads/2025/08/temperaturas-extremas-y-precipitaciones-2025x08x16-a.pdf
2025-08-16,041,MONCIÓN,SANTIAGO RODRÍGUEZ,HOSP. MPAL. MONCIÓN,EMCV,,,0.8,https://indomet.gob.do/wp-content/uploads/2025/08/temperaturas-extremas-y-precipitaciones-2025x08x16-a.pdf
2025-08-16,042,BAYAGUANA,MONTE PLATA,ONAMET,EMCI,33.5,22.9,0.2,https://indomet.gob.do/wp-content/uploads/2025/08/temperaturas-extremas-y-precipitaciones-2025x08x16-a.pdf
2025-08-16,043,CABRAL,BARAHONA,MINISTERIO DE AGRICULTURA,EMCV,38.5,25.2,0.1,https://indomet.gob.do/wp-content/uploads/2025/08/temperaturas-extremas-y-precipitaciones-2025x08x16-a.pdf
2025-08-16,044,GASPAR HERNÁNDEZ,ESPAILLAT,PROPIEDAD DEL EMPLEADO,EMCI,,,0.1,https://indomet.gob.do/wp-content/uploads/2025/08/temperaturas-extremas-y-precipitaciones-2025x08x16-a.pdf
2025-08-16,045,RANCHO ARRIBA,SAN JOSÉ DE OCOA,CENTRO TECNOLÓGICO COMUNITARIO,EMCI,31.2,19.1,0.1,https://indomet.gob.do/wp-content/uploads/2025/08/temperaturas-extremas-y-precipitaciones-2025x08x16-a.pdf
2025-08-16,046,RESTAURACIÓN,DAJABÓN,MINISTERIO DE AGRICULTURA,EMCI,30.4,18.3,0.1,https://indomet.gob.do/wp-content/uploads/2025/08/temperaturas-extremas-y-precipitaciones-2025x08x16-a.pdf
2025-08-16,047,SABANA GRANDE DE BOYÁ,MONTE PLATA,MINISTERIO DE AGRICULTURA,EMCV,,,0.1,https://indomet.gob.do/wp-content/uploads/2025/08/temperaturas-extremas-y-precipitaciones-2025x08x16-a.pdf
2025-08-16,048,ARPT. DE LAS AMÉRICAS,SANTO DOMINGO,ONAMET,EMCI,34.0,24.5,0.0,https://indomet.gob.do/wp-content/uploads/2025/08/temperaturas-extremas-y-precipitaciones-2025x08x16-a.pdf
2025-08-16,049,ARPT. LA ISABELA,SANTO DOMINGO,ONAMET,EMCI,35.4,24.0,0.0,https://indomet.gob.do/wp-content/uploads/2025/08/temperaturas-extremas-y-precipitaciones-2025x08x16-a.pdf
2025-08-16,050,ARROYO LORO,SAN JUAN,IDIAF,EMCI,33.5,22.4,0.0,https://indomet.gob.do/wp-content/uploads/2025/08/temperaturas-extremas-y-precipitaciones-2025x08x16-a.pdf
2025-08-16,051,BONAO,MONSEÑOR NOUEL,MINISTERIO DE AGRICULTURA,EMCV,,,0.0,https://indomet.gob.do/wp-content/uploads/2025/08/temperaturas-extremas-y-precipitaciones-2025x08x16-a.pdf
2025-08-16,052,CENTRO DE LOS HEROES (EMA),DISTRITO NACIONAL,MINISTERIO DE ENERGIA Y MINA,EMAP,34.6,28.4,0.0,https://indomet.gob.do/wp-content/uploads/2025/08/temperaturas-extremas-y-precipitaciones-2025x08x16-a.pdf
2025-08-16,053,CONSTANZA,LA VEGA,MINISTERIO DE AGRICULTURA,EMCI,28.9,16.5,0.0,https://indomet.gob.do/wp-content/uploads/2025/08/temperaturas-extremas-y-precipitaciones-2025x08x16-a.pdf
2025-08-16,054,CONSTANZA (EMA),LA VEGA,PROGRAMA MUNDIAL DE ALIMENTO,EMAP,28.1,17.4,0.0,https://indomet.gob.do/wp-content/uploads/2025/08/temperaturas-extremas-y-precipitaciones-2025x08x16-a.pdf
2025-08-16,055,ELÍAS PIÑA,ELÍAS PIÑA,MINISTERIO DE AGRICULTURA,EMCV,,,0.0,https://indomet.gob.do/wp-content/uploads/2025/08/temperaturas-extremas-y-precipitaciones-2025x08x16-a.pdf
2025-08-16,056,ENRIQUILLO,BARAHONA,MINISTERIO DE AGRICULTURA,EMCV,34.4,23.3,0.0,https://indomet.gob.do/wp-content/uploads/2025/08/temperaturas-extremas-y-precipitaciones-2025x08x16-a.pdf
2025-08-16,057,JARABACOA,LA VEGA,INDRHI / MARENA,EMCI,33.8,20.0,0.0,https://indomet.gob.do/wp-content/uploads/2025/08/temperaturas-extremas-y-precipitaciones-2025x08x16-a.pdf
2025-08-16,058,JARABACOA (EMA),LA VEGA,PROGRAMA MUNDIAL DE ALIMENTO,EMAP,32.4,21.4,0.0,https://indomet.gob.do/wp-content/uploads/2025/08/temperaturas-extremas-y-precipitaciones-2025x08x16-a.pdf
2025-08-16,059,JIMANÍ,INDEPENDENCIA,MINISTERIO DE AGRICULTURA,EMCI,36.5,24.5,0.0,https://indomet.gob.do/wp-content/uploads/2025/08/temperaturas-extremas-y-precipitaciones-2025x08x16-a.pdf
2025-08-16,060,JUMA BEJUCAL,MONSEÑOR NOUEL,IDIAF,EMCV,34.2,22.8,0.0,https://indomet.gob.do/wp-content/uploads/2025/08/temperaturas-extremas-y-precipitaciones-2025x08x16-a.pdf
2025-08-16,061,LA VICTORIA,SANTO DOMINGO,CUERPO DE BOMBEROS,EMCI,35.0,25.0,0.0,https://indomet.gob.do/wp-content/uploads/2025/08/temperaturas-extremas-y-precipitaciones-2025x08x16-a.pdf
2025-08-16,062,LAS CANAS (EMA),MONTE CRISTI,PROGRAMA MUNDIAL DE ALIMENTO,EMAP,33.7,23.7,0.0,https://indomet.gob.do/wp-content/uploads/2025/08/temperaturas-extremas-y-precipitaciones-2025x08x16-a.pdf
2025-08-16,063,LAS MATAS DE SANTA CRUZ (EMA,MONTE CRISTI,PROGRAMA MUNDIAL DE ALIMENTO,EMAP,34.2,,0.0,https://indomet.gob.do/wp-content/uploads/2025/08/temperaturas-extremas-y-precipitaciones-2025x08x16-a.pdf
2025-08-16,064,MAO,VALVERDE,INDRHI / MINISTERIO DE AGRICULTURA,EMCV,,,0.0,https://indomet.gob.do/wp-content/uploads/2025/08/temperaturas-extremas-y-precipitaciones-2025x08x16-a.pdf
2025-08-16,065,PONTÓN ABAJO (EMA),LA VEGA,MINISTERIO DE AGRICULTURA,EMAP,36.4,27.1,0.0,https://indomet.gob.do/wp-content/uploads/2025/08/temperaturas-extremas-y-precipitaciones-2025x08x16-a.pdf
2025-08-16,066,PRESA DE TAVERAS (EMA),LA VEGA,PROGRAMA MUNDIAL DE ALIMENTO,EMAP,33.9,23.8,0.0,https://indomet.gob.do/wp-content/uploads/2025/08/temperaturas-extremas-y-precipitaciones-2025x08x16-a.pdf
2025-08-16,067,SAN CRISTÓBAL,SAN CRISTÓBAL,INSTITUTO POLITÉCNICO LOYOLA,EMCI,36.0,25.2,0.0,https://indomet.gob.do/wp-content/uploads/2025/08/temperaturas-extremas-y-precipitaciones-2025x08x16-a.pdf
2025-08-16,068,SAN JOSÉ DE OCOA,SAN JOSÉ DE OCOA,HOSP. SAN JOSÉ DE OCOA,EMCI,34.6,21.2,0.0,https://indomet.gob.do/wp-content/uploads/2025/08/temperaturas-extremas-y-precipitaciones-2025x08x16-a.pdf
2025-08-16,069,SANTIAGO RODRÍGUEZ,SANTIAGO RODRÍGUEZ,ONAMET,EMCI,37.0,25.2,0.0,https://indomet.gob.do/wp-content/uploads/2025/08/temperaturas-extremas-y-precipitaciones-2025x08x16-a.pdf
2025-08-16,070,SANTO DOMINGO ESTE,SANTO DOMINGO,ONAMET,EMCI,35.8,26.0,0.0,https://indomet.gob.do/wp-content/uploads/2025/08/temperaturas-extremas-y-precipitaciones-2025x08x16-a.pdf
2025-08-16,071,TÁBARA ABAJO,AZUA,INDRHI,EMCI,34.4,23.2,0.0,https://indomet.gob.do/wp-content/uploads/2025/08/temperaturas-extremas-y-precipitaciones-2025x08x16-a.pdf
2025-08-16,072,VILLA RIVA,DUARTE,HOSP. MPAL. ALICIA DE LEGENDRE,EMCI,32.0,22.0,0.0,https://indomet.gob.do/wp-content/uploads/2025/08/temperaturas-extremas-y-precipitaciones-2025x08x16-a.pdf
2025-08-17,001,OVIEDO,PEDERNALES,CLÍNICA RURAL OVIEDO,EMCI,33.0,24.0,128.4,https://indomet.gob.do/wp-content/uploads/2025/08/temperaturas-extremas-y-precipitaciones-2025x08x17-a.pdf
2025-08-17,002,CABRERA,MARÍA TRINIDAD SÁNCHEZ,ESCUELA ARÍSTIDES FIALLO CABRAL,EMCI,27.0,25.0,84.6,https://indomet.gob.do/wp-content/uploads/2025/08/temperaturas-extremas-y-precipitaciones-2025x08x17-a.pdf
2025-08-17,003,RÍO SAN JUAN,MARÍA TRINIDAD SÁNCHEZ,HOSP. MPAL. DR. DESIDERIO ACOSTA,EMCV,27.7,24.4,44.8,https://indomet.gob.do/wp-content/uploads/2025/08/temperaturas-extremas-y-precipitaciones-2025x08x17-a.pdf
2025-08-17,004,ENRIQUILLO,BARAHONA,MINISTERIO DE AGRICULTURA,EMCV,34.3,22.0,42.8,https://indomet.gob.do/wp-content/uploads/2025/08/temperaturas-extremas-y-precipitaciones-2025x08x17-a.pdf
2025-08-17,005,PALO ÍNDIO,PUERTO PLATA,MINISTERIO DE AGRICULTURA,EMCI,,,41.4,https://indomet.gob.do/wp-content/uploads/2025/08/temperaturas-extremas-y-precipitaciones-2025x08x17-a.pdf
2025-08-17,006,LUPERÓN,PUERTO PLATA,MINISTERIO DE AGRICULTURA,EMCV,,,33.0,https://indomet.gob.do/wp-content/uploads/2025/08/temperaturas-extremas-y-precipitaciones-2025x08x17-a.pdf
2025-08-17,007,MAO,VALVERDE,INDRHI / MINISTERIO DE AGRICULTURA,EMCV,,,32.4,https://indomet.gob.do/wp-content/uploads/2025/08/temperaturas-extremas-y-precipitaciones-2025x08x17-a.pdf
2025-08-17,008,LOS JENGIBRES,NAGUA,INDRHI,EMCI,,,23.6,https://indomet.gob.do/wp-content/uploads/2025/08/temperaturas-extremas-y-precipitaciones-2025x08x17-a.pdf
2025-08-17,009,ARPT. GREGORIO LUPERÓN,PUERTO PLATA,ONAMET,EMCI,30.2,24.2,22.8,https://indomet.gob.do/wp-content/uploads/2025/08/temperaturas-extremas-y-precipitaciones-2025x08x17-a.pdf
2025-08-17,010,GURABO,SANTIAGO,MINISTERIO DE AGRICULTURA,EMCV,,,19.8,https://indomet.gob.do/wp-content/uploads/2025/08/temperaturas-extremas-y-precipitaciones-2025x08x17-a.pdf
2025-08-17,011,SÁNCHEZ,SAMANÁ,MINISTERIO DE AGRICULTURA,EMCI,32.4,21.6,18.2,https://indomet.gob.do/wp-content/uploads/2025/08/temperaturas-extremas-y-precipitaciones-2025x08x17-a.pdf
2025-08-17,012,NAVARRETE,SANTIAGO,MINISTERIO DE AGRICULTURA,EMCV,,,17.5,https://indomet.gob.do/wp-content/uploads/2025/08/temperaturas-extremas-y-precipitaciones-2025x08x17-a.pdf
2025-08-17,013,SANTIAGO RODRÍGUEZ,SANTIAGO RODRÍGUEZ,ONAMET,EMCI,31.5,25.5,17.2,https://indomet.gob.do/wp-content/uploads/2025/08/temperaturas-extremas-y-precipitaciones-2025x08x17-a.pdf
2025-08-17,014,GASPAR HERNÁNDEZ,ESPAILLAT,PROPIEDAD DEL EMPLEADO,EMCI,,,16.4,https://indomet.gob.do/wp-content/uploads/2025/08/temperaturas-extremas-y-precipitaciones-2025x08x17-a.pdf
2025-08-17,015,EL FACTOR (EMA),MARÍA TRINIDAD SÁNCHEZ,INTEC,EMAP,35.2,24.4,16.0,https://indomet.gob.do/wp-content/uploads/2025/08/temperaturas-extremas-y-precipitaciones-2025x08x17-a.pdf
2025-08-17,016,TAMBORIL,SANTIAGO,MINISTERIO DE AGRICULTURA,EMCV,,,14.0,https://indomet.gob.do/wp-content/uploads/2025/08/temperaturas-extremas-y-precipitaciones-2025x08x17-a.pdf
2025-08-17,017,VILLA GONZALES,SANTIAGO,MINISTERIO DE AGRICULTURA,EMCI,,,13.2,https://indomet.gob.do/wp-content/uploads/2025/08/temperaturas-extremas-y-precipitaciones-2025x08x17-a.pdf
2025-08-17,018,DAJABÓN,DAJABÓN,INSTITUTO POLITÉCNICO LOYOLA,EMCI,32.8,19.3,13.2,https://indomet.gob.do/wp-content/uploads/2025/08/temperaturas-extremas-y-precipitaciones-2025x08x17-a.pdf
2025-08-17,019,VILLA ISABELA,PUERTO PLATA,MINISTERIO DE AGRICULTURA,EMCV,,,12.2,https://indomet.gob.do/wp-content/uploads/2025/08/temperaturas-extremas-y-precipitaciones-2025x08x17-a.pdf
2025-08-17,020,SALCEDO,HERMANAS MIRABAL,PROPIEDAD DEL EMPLEADO,EMCI,,,12.0,https://indomet.gob.do/wp-content/uploads/2025/08/temperaturas-extremas-y-precipitaciones-2025x08x17-a.pdf
2025-08-17,021,ARPT. EL CATEY,SAMANÁ,ONAMET,EMCI,28.0,24.0,11.0,https://indomet.gob.do/wp-content/uploads/2025/08/temperaturas-extremas-y-precipitaciones-2025x08x17-a.pdf
2025-08-17,022,HIGÜEY,LA ALTAGRACIA,MINISTERIO DE AGRICULTURA,EMCV,,,10.2,https://indomet.gob.do/wp-content/uploads/2025/08/temperaturas-extremas-y-precipitaciones-2025x08x17-a.pdf
2025-08-17,023,OLIVARES,PEDERNALES,INDRHI,EMCI,,,10.0,https://indomet.gob.do/wp-content/uploads/2025/08/temperaturas-extremas-y-precipitaciones-2025x08x17-a.pdf
2025-08-17,024,SAMANÁ,SAMANÁ,COMANDANCIA DE PUERTO DE SAMANÁ,EMCI,29.3,23.4,9.0,https://indomet.gob.do/wp-content/uploads/2025/08/temperaturas-extremas-y-precipitaciones-2025x08x17-a.pdf
2025-08-17,025,ARPT. ARROYO BARRIL,SAMANÁ,ONAMET,EMCI,27.0,25.0,8.4,https://indomet.gob.do/wp-content/uploads/2025/08/temperaturas-extremas-y-precipitaciones-2025x08x17-a.pdf
2025-08-17,026,SABANETA (EMA),SANTIAGO RODRÍGUEZ,PROGRAMA MUNDIAL DE ALIMENTO,EMAP,30.3,27.0,8.4,https://indomet.gob.do/wp-content/uploads/2025/08/temperaturas-extremas-y-precipitaciones-2025x08x17-a.pdf
2025-08-17,027,PEDERNALES,PEDERNALES,INDRHI,EMCI,,,8.2,https://indomet.gob.do/wp-content/uploads/2025/08/temperaturas-extremas-y-precipitaciones-2025x08x17-a.pdf
2025-08-17,028,ARPT. DE LAS AMÉRICAS,SANTO DOMINGO,ONAMET,EMCI,30.6,25.9,7.7,https://indomet.gob.do/wp-content/uploads/2025/08/temperaturas-extremas-y-precipitaciones-2025x08x17-a.pdf
2025-08-17,029,ALTAMIRA,PUERTO PLATA,HOSP. MPAL. DE ALTAMIRA,EMCI,28.1,24.0,6.9,https://indomet.gob.do/wp-content/uploads/2025/08/temperaturas-extremas-y-precipitaciones-2025x08x17-a.pdf
2025-08-17,030,SABANA DE LA MAR,HATO MAYOR,ONAMET,EMCI,28.0,24.0,6.8,https://indomet.gob.do/wp-content/uploads/2025/08/temperaturas-extremas-y-precipitaciones-2025x08x17-a.pdf
2025-08-17,031,RESTAURACIÓN,DAJABÓN,MINISTERIO DE AGRICULTURA,EMCI,29.5,18.1,6.1,https://indomet.gob.do/wp-content/uploads/2025/08/temperaturas-extremas-y-precipitaciones-2025x08x17-a.pdf
2025-08-17,032,BOCA DE MAO (EMA),VALVERDE,MINISTERIO DE AGRICULTURA,EMAP,38.4,24.3,5.8,https://indomet.gob.do/wp-content/uploads/2025/08/temperaturas-extremas-y-precipitaciones-2025x08x17-a.pdf
2025-08-17,033,ARPT. DEL CIBAO,SANTIAGO,ONAMET,EMCI,30.0,24.2,5.4,https://indomet.gob.do/wp-content/uploads/2025/08/temperaturas-extremas-y-precipitaciones-2025x08x17-a.pdf
2025-08-17,034,POLO,BARAHONA,INDOCAFE,EMCI,31.5,20.5,5.0,https://indomet.gob.do/wp-content/uploads/2025/08/temperaturas-extremas-y-precipitaciones-2025x08x17-a.pdf
2025-08-17,035,MONTE CRISTI,MONTE CRISTI,ONAMET,EMCI,32.8,23.6,4.1,https://indomet.gob.do/wp-content/uploads/2025/08/temperaturas-extremas-y-precipitaciones-2025x08x17-a.pdf
2025-08-17,036,MONCIÓN (EMA),SANTIAGO RODRÍGUEZ,PROGRAMA MUNDIAL DE ALIMENTO,EMAP,35.2,25.8,2.6,https://indomet.gob.do/wp-content/uploads/2025/08/temperaturas-extremas-y-precipitaciones-2025x08x17-a.pdf
2025-08-17,037,SAN CRISTÓBAL,SAN CRISTÓBAL,INSTITUTO POLITÉCNICO LOYOLA,EMCI,36.2,23.0,2.5,https://indomet.gob.do/wp-content/uploads/2025/08/temperaturas-extremas-y-precipitaciones-2025x08x17-a.pdf
2025-08-17,038,SANTO DOMINGO ESTE,SANTO DOMINGO,ONAMET,EMCI,32.6,26.6,2.4,https://indomet.gob.do/wp-content/uploads/2025/08/temperaturas-extremas-y-precipitaciones-2025x08x17-a.pdf
2025-08-17,039,ALTO BANDERA (EMA),LA VEGA,INTEC,EMAP,14.4,9.1,2.3,https://indomet.gob.do/wp-content/uploads/2025/08/temperaturas-extremas-y-precipitaciones-2025x08x17-a.pdf
2025-08-17,040,ELÍAS PIÑA,ELÍAS PIÑA,MINISTERIO DE AGRICULTURA,EMCV,,,2.0,https://indomet.gob.do/wp-content/uploads/2025/08/temperaturas-extremas-y-precipitaciones-2025x08x17-a.pdf
2025-08-17,041,VILLA RIVA,DUARTE,HOSP. MPAL. ALICIA DE LEGENDRE,EMCI,29.4,22.5,1.5,https://indomet.gob.do/wp-content/uploads/2025/08/temperaturas-extremas-y-precipitaciones-2025x08x17-a.pdf
2025-08-17,042,ARPT. DE PUNTA CANA,LA ALTAGRACIA,ONAMET,EMCI,29.0,22.0,1.4,https://indomet.gob.do/wp-content/uploads/2025/08/temperaturas-extremas-y-precipitaciones-2025x08x17-a.pdf
2025-08-17,043,SAN FRANCISCO DE MACORÍS,DUARTE,San Francisco de Macorís (UASD),EMCI,28.7,24.9,1.4,https://indomet.gob.do/wp-content/uploads/2025/08/temperaturas-extremas-y-precipitaciones-2025x08x17-a.pdf
2025-08-17,044,LOS LLANOS,SAN PEDRO DE MACORÍS,MINISTERIO DE AGRICULTURA,EMCI,29.8,25.5,1.2,https://indomet.gob.do/wp-content/uploads/2025/08/temperaturas-extremas-y-precipitaciones-2025x08x17-a.pdf
2025-08-17,045,LA VEGA,LA VEGA,IATESA,EMCI,30.5,24.0,1.0,https://indomet.gob.do/wp-content/uploads/2025/08/temperaturas-extremas-y-precipitaciones-2025x08x17-a.pdf
2025-08-17,046,PRESA DE TAVERAS (EMA),LA VEGA,PROGRAMA MUNDIAL DE ALIMENTO,EMAP,29.0,22.6,1.0,https://indomet.gob.do/wp-content/uploads/2025/08/temperaturas-extremas-y-precipitaciones-2025x08x17-a.pdf
2025-08-17,047,TAVERA,SANTIAGO,INDRHI,EMCI,,,1.0,https://indomet.gob.do/wp-content/uploads/2025/08/temperaturas-extremas-y-precipitaciones-2025x08x17-a.pdf
2025-08-17,048,CENTRO DE LOS HEROES (EMA),DISTRITO NACIONAL,MINISTERIO DE ENERGIA Y MINA,EMAP,32.2,26.9,0.6,https://indomet.gob.do/wp-content/uploads/2025/08/temperaturas-extremas-y-precipitaciones-2025x08x17-a.pdf
2025-08-17,049,JARABACOA,LA VEGA,INDRHI / MARENA,EMCI,28.8,20.6,0.3,https://indomet.gob.do/wp-content/uploads/2025/08/temperaturas-extremas-y-precipitaciones-2025x08x17-a.pdf
2025-08-17,050,JARDÍN BOTÁNICO NACIONAL,DISTRITO NACIONAL,JARDÍN BOTÁNICO NACIONAL,EMCV,34.3,23.8,0.3,https://indomet.gob.do/wp-content/uploads/2025/08/temperaturas-extremas-y-precipitaciones-2025x08x17-a.pdf
2025-08-17,051,LA VICTORIA,SANTO DOMINGO,CUERPO DE BOMBEROS,EMCI,33.0,25.5,0.3,https://indomet.gob.do/wp-content/uploads/2025/08/temperaturas-extremas-y-precipitaciones-2025x08x17-a.pdf
2025-08-17,052,HATO MAYOR,HATO MAYOR,MINISTERIO DE AGRICULTURA,EMCV,,,0.3,https://indomet.gob.do/wp-content/uploads/2025/08/temperaturas-extremas-y-precipitaciones-2025x08x17-a.pdf
2025-08-17,053,JARABACOA (EMA),LA VEGA,PROGRAMA MUNDIAL DE ALIMENTO,EMAP,28.0,21.8,0.2,https://indomet.gob.do/wp-content/uploads/2025/08/temperaturas-extremas-y-precipitaciones-2025x08x17-a.pdf
2025-08-17,054,CABRAL,BARAHONA,MINISTERIO DE AGRICULTURA,EMCV,35.7,25.6,0.1,https://indomet.gob.do/wp-content/uploads/2025/08/temperaturas-extremas-y-precipitaciones-2025x08x17-a.pdf
2025-08-17,055,SAN RAFAEL DEL YUMA,LA ALTAGRACIA,MINISTERIO DE AGRICULTURA,EMCI,30.5,23.9,0.1,https://indomet.gob.do/wp-content/uploads/2025/08/temperaturas-extremas-y-precipitaciones-2025x08x17-a.pdf
2025-08-17,056,ARROYO LORO,SAN JUAN,IDIAF,EMCI,29.9,22.4,0.1,https://indomet.gob.do/wp-content/uploads/2025/08/temperaturas-extremas-y-precipitaciones-2025x08x17-a.pdf
2025-08-17,057,HONDO VALLE,ELÍAS PIÑA,MINISTERIO DE AGRICULTURA,EMCI,28.4,18.6,0.1,https://indomet.gob.do/wp-content/uploads/2025/08/temperaturas-extremas-y-precipitaciones-2025x08x17-a.pdf
2025-08-17,058,SAN JOSÉ DE OCOA,SAN JOSÉ DE OCOA,HOSP. SAN JOSÉ DE OCOA,EMCI,30.9,20.3,0.1,https://indomet.gob.do/wp-content/uploads/2025/08/temperaturas-extremas-y-precipitaciones-2025x08x17-a.pdf
2025-08-17,059,ARPT. DE LA ROMANA,LA ROMANA,ONAMET,EMCI,29.7,23.5,0.0,https://indomet.gob.do/wp-content/uploads/2025/08/temperaturas-extremas-y-precipitaciones-2025x08x17-a.pdf
2025-08-17,060,ARPT. LA ISABELA,SANTO DOMINGO,ONAMET,EMCI,33.4,23.6,0.0,https://indomet.gob.do/wp-content/uploads/2025/08/temperaturas-extremas-y-precipitaciones-2025x08x17-a.pdf
2025-08-17,061,ARPT. MARÍA MONTEZ,BARAHONA,ONAMET,EMCI,33.5,23.5,0.0,https://indomet.gob.do/wp-content/uploads/2025/08/temperaturas-extremas-y-precipitaciones-2025x08x17-a.pdf
2025-08-17,062,BAYAGUANA,MONTE PLATA,ONAMET,EMCI,31.4,24.2,0.0,https://indomet.gob.do/wp-content/uploads/2025/08/temperaturas-extremas-y-precipitaciones-2025x08x17-a.pdf
2025-08-17,063,BOHECHÍO,SAN JUAN,MINISTERIO DE AGRICULTURA,EMCV,,,0.0,https://indomet.gob.do/wp-content/uploads/2025/08/temperaturas-extremas-y-precipitaciones-2025x08x17-a.pdf
2025-08-17,064,CONSTANZA,LA VEGA,MINISTERIO DE AGRICULTURA,EMCI,27.4,19.5,0.0,https://indomet.gob.do/wp-content/uploads/2025/08/temperaturas-extremas-y-precipitaciones-2025x08x17-a.pdf
2025-08-17,065,EL CERCADO,SAN JUAN,MINISTERIO DE AGRICULTURA,EMCV,,,0.0,https://indomet.gob.do/wp-content/uploads/2025/08/temperaturas-extremas-y-precipitaciones-2025x08x17-a.pdf
2025-08-17,066,ESCONDIDO,PERAVIA,MINISTERIO DE AGRICULTURA,EMCV,33.0,24.0,0.0,https://indomet.gob.do/wp-content/uploads/2025/08/temperaturas-extremas-y-precipitaciones-2025x08x17-a.pdf
2025-08-17,067,JIMANÍ,INDEPENDENCIA,MINISTERIO DE AGRICULTURA,EMCI,36.5,28.0,0.0,https://indomet.gob.do/wp-content/uploads/2025/08/temperaturas-extremas-y-precipitaciones-2025x08x17-a.pdf
2025-08-17,068,JUMA BEJUCAL,MONSEÑOR NOUEL,IDIAF,EMCV,32.0,23.6,0.0,https://indomet.gob.do/wp-content/uploads/2025/08/temperaturas-extremas-y-precipitaciones-2025x08x17-a.pdf
2025-08-17,069,PADRE LAS CASAS,AZUA,HOSP. NTRA. SRA. DEL CARMEN,EMCI,29.0,20.5,0.0,https://indomet.gob.do/wp-content/uploads/2025/08/temperaturas-extremas-y-precipitaciones-2025x08x17-a.pdf
2025-08-17,070,PERALTA,AZUA,HOSP. MPAL. DE PERALTA,EMCI,29.8,19.7,0.0,https://indomet.gob.do/wp-content/uploads/2025/08/temperaturas-extremas-y-precipitaciones-2025x08x17-a.pdf
2025-08-17,071,RANCHO ARRIBA,SAN JOSÉ DE OCOA,CENTRO TECNOLÓGICO COMUNITARIO,EMCI,30.9,21.2,0.0,https://indomet.gob.do/wp-content/uploads/2025/08/temperaturas-extremas-y-precipitaciones-2025x08x17-a.pdf
2025-08-17,072,TÁBARA ABAJO,AZUA,INDRHI,EMCI,32.5,20.5,0.0,https://indomet.gob.do/wp-content/uploads/2025/08/temperaturas-extremas-y-precipitaciones-2025x08x17-a.pdf
2025-08-17,073,ANAMUYA (EMA),LA ALTAGRACIA,MINISTERIO DE AGRICULTURA,EMAP,34.7,27.3,0.0,https://indomet.gob.do/wp-content/uploads/2025/08/temperaturas-extremas-y-precipitaciones-2025x08x17-a.pdf
2025-08-17,074,BANI (EMA),PERAVIA,MINISTERIO DE AGRICULTURA,EMAP,32.6,26.6,0.0,https://indomet.gob.do/wp-content/uploads/2025/08/temperaturas-extremas-y-precipitaciones-2025x08x17-a.pdf
2025-08-17,075,BASE AÉREA DE SAN ISIDRO,SANTO DOMINGO,FUERZA AÉREA DOMINICANA,EMCV,33.0,27.1,0.0,https://indomet.gob.do/wp-content/uploads/2025/08/temperaturas-extremas-y-precipitaciones-2025x08x17-a.pdf
2025-08-17,076,CONSTANZA (EMA),LA VEGA,PROGRAMA MUNDIAL DE ALIMENTO,EMAP,28.4,20.3,0.0,https://indomet.gob.do/wp-content/uploads/2025/08/temperaturas-extremas-y-precipitaciones-2025x08x17-a.pdf
2025-08-17,077,COTUÍ,SÁNCHEZ RAMÍREZ,HOSP. INMACULADA CONCEPCIÓN,EMCV,,,0.0,https://indomet.gob.do/wp-content/uploads/2025/08/temperaturas-extremas-y-precipitaciones-2025x08x17-a.pdf
2025-08-17,078,LAS CANAS (EMA),MONTE CRISTI,PROGRAMA MUNDIAL DE ALIMENTO,EMAP,,,0.0,https://indomet.gob.do/wp-content/uploads/2025/08/temperaturas-extremas-y-precipitaciones-2025x08x17-a.pdf
2025-08-17,079,LAS MATAS DE FARFÁN,SAN JUAN,MINISTERIO DE AGRICULTURA,EMCV,,,0.0,https://indomet.gob.do/wp-content/uploads/2025/08/temperaturas-extremas-y-precipitaciones-2025x08x17-a.pdf
2025-08-17,080,LAS MATAS DE SANTA CRUZ (EMA,MONTE CRISTI,PROGRAMA MUNDIAL DE ALIMENTO,EMAP,30.1,26.1,0.0,https://indomet.gob.do/wp-content/uploads/2025/08/temperaturas-extremas-y-precipitaciones-2025x08x17-a.pdf
2025-08-17,081,PASO AL MEDIO,SAN PEDRO DE MACORÍS,INDRHI,EMCI,,,0.0,https://indomet.gob.do/wp-content/uploads/2025/08/temperaturas-extremas-y-precipitaciones-2025x08x17-a.pdf
2025-08-17,082,PESCADERIA (EMA),BARAHONA,MINISTERIO DE AGRICULTURA,EMAP,,,0.0,https://indomet.gob.do/wp-content/uploads/2025/08/temperaturas-extremas-y-precipitaciones-2025x08x17-a.pdf
2025-08-17,083,PONTÓN ABAJO (EMA),LA VEGA,MINISTERIO DE AGRICULTURA,EMAP,31.6,25.1,0.0,https://indomet.gob.do/wp-content/uploads/2025/08/temperaturas-extremas-y-precipitaciones-2025x08x17-a.pdf
2025-08-17,084,SABANA GRANDE DE BOYÁ,MONTE PLATA,MINISTERIO DE AGRICULTURA,EMCV,,,0.0,https://indomet.gob.do/wp-content/uploads/2025/08/temperaturas-extremas-y-precipitaciones-2025x08x17-a.pdf
2025-08-17,085,VILLA ALTAGRACIA,SAN CRISTÓBAL,ESCUELA JAVIER ANGULO GURIDI,EMCI,,,0.0,https://indomet.gob.do/wp-content/uploads/2025/08/temperaturas-extremas-y-precipitaciones-2025x08x17-a.pdf
2025-08-18,001,BOCA DE MAO (EMA),VALVERDE,MINISTERIO DE AGRICULTURA,EMAP,29.8,24.3,11.8,https://indomet.gob.do/wp-content/uploads/2025/08/temperaturas-extremas-y-precipitaciones-2025x08x18-a.pdf
2025-08-18,002,SAN JOSÉ DE OCOA,SAN JOSÉ DE OCOA,HOSP. SAN JOSÉ DE OCOA,EMCI,32.6,21.9,11.6,https://indomet.gob.do/wp-content/uploads/2025/08/temperaturas-extremas-y-precipitaciones-2025x08x18-a.pdf
2025-08-18,003,LOS TRES CHARCOS (EMA),PEDERNALES,PROPIEDAD DEL VOLUNTARIO,EMAP,25.7,24.4,10.8,https://indomet.gob.do/wp-content/uploads/2025/08/temperaturas-extremas-y-precipitaciones-2025x08x18-a.pdf
2025-08-18,004,SAN RAFAEL DEL YUMA,LA ALTAGRACIA,MINISTERIO DE AGRICULTURA,EMCI,31.6,25.4,10.4,https://indomet.gob.do/wp-content/uploads/2025/08/temperaturas-extremas-y-precipitaciones-2025x08x18-a.pdf
2025-08-18,005,OVIEDO,PEDERNALES,CLÍNICA RURAL OVIEDO,EMCI,32.0,24.0,7.0,https://indomet.gob.do/wp-content/uploads/2025/08/temperaturas-extremas-y-precipitaciones-2025x08x18-a.pdf
2025-08-18,006,OLIVARES,PEDERNALES,INDRHI,EMCI,,,6.1,https://indomet.gob.do/wp-content/uploads/2025/08/temperaturas-extremas-y-precipitaciones-2025x08x18-a.pdf
2025-08-18,007,ENRIQUILLO,BARAHONA,MINISTERIO DE AGRICULTURA,EMCV,30.8,23.0,5.8,https://indomet.gob.do/wp-content/uploads/2025/08/temperaturas-extremas-y-precipitaciones-2025x08x18-a.pdf
2025-08-18,008,SANTO DOMINGO ESTE,SANTO DOMINGO,ONAMET,EMCI,30.7,26.0,4.7,https://indomet.gob.do/wp-content/uploads/2025/08/temperaturas-extremas-y-precipitaciones-2025x08x18-a.pdf
2025-08-18,009,ALTO BANDERA (EMA),LA VEGA,INTEC,EMAP,,,4.6,https://indomet.gob.do/wp-content/uploads/2025/08/temperaturas-extremas-y-precipitaciones-2025x08x18-a.pdf
2025-08-18,010,RANCHO ARRIBA,SAN JOSÉ DE OCOA,CENTRO TECNOLÓGICO COMUNITARIO,EMCI,27.4,22.5,2.8,https://indomet.gob.do/wp-content/uploads/2025/08/temperaturas-extremas-y-precipitaciones-2025x08x18-a.pdf
2025-08-18,011,VALLE NUEVO (EMA),LA VEGA,MARENA,EMAI,,,2.8,https://indomet.gob.do/wp-content/uploads/2025/08/temperaturas-extremas-y-precipitaciones-2025x08x18-a.pdf
2025-08-18,012,CENTRO DE LOS HEROES (EMA),DISTRITO NACIONAL,MINISTERIO DE ENERGIA Y MINA,EMAP,30.9,28.4,2.6,https://indomet.gob.do/wp-content/uploads/2025/08/temperaturas-extremas-y-precipitaciones-2025x08x18-a.pdf
2025-08-18,013,HIGÜEY,LA ALTAGRACIA,MINISTERIO DE AGRICULTURA,EMCV,,,2.5,https://indomet.gob.do/wp-content/uploads/2025/08/temperaturas-extremas-y-precipitaciones-2025x08x18-a.pdf
2025-08-18,014,ANAMUYA (EMA),LA ALTAGRACIA,MINISTERIO DE AGRICULTURA,EMAP,31.4,25.6,2.4,https://indomet.gob.do/wp-content/uploads/2025/08/temperaturas-extremas-y-precipitaciones-2025x08x18-a.pdf
2025-08-18,015,PEDERNALES,PEDERNALES,INDRHI,EMCI,,,2.3,https://indomet.gob.do/wp-content/uploads/2025/08/temperaturas-extremas-y-precipitaciones-2025x08x18-a.pdf
2025-08-18,016,PRESA DE TAVERAS (EMA),LA VEGA,PROGRAMA MUNDIAL DE ALIMENTO,EMAP,29.7,22.6,2.3,https://indomet.gob.do/wp-content/uploads/2025/08/temperaturas-extremas-y-precipitaciones-2025x08x18-a.pdf
2025-08-18,017,ARPT. DE LA ROMANA,LA ROMANA,ONAMET,EMCI,31.7,25.7,2.0,https://indomet.gob.do/wp-content/uploads/2025/08/temperaturas-extremas-y-precipitaciones-2025x08x18-a.pdf
2025-08-18,018,LA VICTORIA,SANTO DOMINGO,CUERPO DE BOMBEROS,EMCI,33.5,27.5,1.5,https://indomet.gob.do/wp-content/uploads/2025/08/temperaturas-extremas-y-precipitaciones-2025x08x18-a.pdf
2025-08-18,019,ARPT. GREGORIO LUPERÓN,PUERTO PLATA,ONAMET,EMCI,30.7,23.0,0.9,https://indomet.gob.do/wp-content/uploads/2025/08/temperaturas-extremas-y-precipitaciones-2025x08x18-a.pdf
2025-08-18,020,ARROYO LORO,SAN JUAN,IDIAF,EMCI,29.0,22.3,0.6,https://indomet.gob.do/wp-content/uploads/2025/08/temperaturas-extremas-y-precipitaciones-2025x08x18-a.pdf
2025-08-18,021,HATO MAYOR,HATO MAYOR,MINISTERIO DE AGRICULTURA,EMCV,,,0.5,https://indomet.gob.do/wp-content/uploads/2025/08/temperaturas-extremas-y-precipitaciones-2025x08x18-a.pdf
2025-08-18,022,PALO ÍNDIO,PUERTO PLATA,MINISTERIO DE AGRICULTURA,EMCI,,,0.5,https://indomet.gob.do/wp-content/uploads/2025/08/temperaturas-extremas-y-precipitaciones-2025x08x18-a.pdf
2025-08-18,023,BANI (EMA),PERAVIA,MINISTERIO DE AGRICULTURA,EMAP,32.1,26.6,0.4,https://indomet.gob.do/wp-content/uploads/2025/08/temperaturas-extremas-y-precipitaciones-2025x08x18-a.pdf
2025-08-18,024,NAVARRETE,SANTIAGO,MINISTERIO DE AGRICULTURA,EMCV,,,0.3,https://indomet.gob.do/wp-content/uploads/2025/08/temperaturas-extremas-y-precipitaciones-2025x08x18-a.pdf
2025-08-18,025,ARPT. DE PUNTA CANA,LA ALTAGRACIA,ONAMET,EMCI,32.5,26.5,0.2,https://indomet.gob.do/wp-content/uploads/2025/08/temperaturas-extremas-y-precipitaciones-2025x08x18-a.pdf
2025-08-18,026,ARPT. DEL CIBAO,SANTIAGO,ONAMET,EMCI,30.6,23.5,0.1,https://indomet.gob.do/wp-content/uploads/2025/08/temperaturas-extremas-y-precipitaciones-2025x08x18-a.pdf
2025-08-18,027,BAYAGUANA,MONTE PLATA,ONAMET,EMCI,32.0,22.8,0.1,https://indomet.gob.do/wp-content/uploads/2025/08/temperaturas-extremas-y-precipitaciones-2025x08x18-a.pdf
2025-08-18,028,CABRAL,BARAHONA,MINISTERIO DE AGRICULTURA,EMCV,33.9,25.3,0.1,https://indomet.gob.do/wp-content/uploads/2025/08/temperaturas-extremas-y-precipitaciones-2025x08x18-a.pdf
2025-08-18,029,HONDO VALLE,ELÍAS PIÑA,MINISTERIO DE AGRICULTURA,EMCI,28.3,18.8,0.1,https://indomet.gob.do/wp-content/uploads/2025/08/temperaturas-extremas-y-precipitaciones-2025x08x18-a.pdf
2025-08-18,030,ALTAMIRA,PUERTO PLATA,HOSP. MPAL. DE ALTAMIRA,EMCI,29.5,22.0,0.0,https://indomet.gob.do/wp-content/uploads/2025/08/temperaturas-extremas-y-precipitaciones-2025x08x18-a.pdf
2025-08-18,031,ARPT. ARROYO BARRIL,SAMANÁ,ONAMET,EMCI,30.8,25.8,0.0,https://indomet.gob.do/wp-content/uploads/2025/08/temperaturas-extremas-y-precipitaciones-2025x08x18-a.pdf
2025-08-18,032,ARPT. DE LAS AMÉRICAS,SANTO DOMINGO,ONAMET,EMCI,31.0,27.0,0.0,https://indomet.gob.do/wp-content/uploads/2025/08/temperaturas-extremas-y-precipitaciones-2025x08x18-a.pdf
2025-08-18,033,ARPT. EL CATEY,SAMANÁ,ONAMET,EMCI,30.0,23.4,0.0,https://indomet.gob.do/wp-content/uploads/2025/08/temperaturas-extremas-y-precipitaciones-2025x08x18-a.pdf
2025-08-18,034,ARPT. MARÍA MONTEZ,BARAHONA,ONAMET,EMCI,34.0,26.0,0.0,https://indomet.gob.do/wp-content/uploads/2025/08/temperaturas-extremas-y-precipitaciones-2025x08x18-a.pdf
2025-08-18,035,BASE AÉREA DE SAN ISIDRO,SANTO DOMINGO,FUERZA AÉREA DOMINICANA,EMCV,32.6,26.4,0.0,https://indomet.gob.do/wp-content/uploads/2025/08/temperaturas-extremas-y-precipitaciones-2025x08x18-a.pdf
2025-08-18,036,BONAO,MONSEÑOR NOUEL,MINISTERIO DE AGRICULTURA,EMCV,,,0.0,https://indomet.gob.do/wp-content/uploads/2025/08/temperaturas-extremas-y-precipitaciones-2025x08x18-a.pdf
2025-08-18,037,CABRERA,MARÍA TRINIDAD SÁNCHEZ,ESCUELA ARÍSTIDES FIALLO CABRAL,EMCI,30.5,25.0,0.0,https://indomet.gob.do/wp-content/uploads/2025/08/temperaturas-extremas-y-precipitaciones-2025x08x18-a.pdf
2025-08-18,038,CONSTANZA,LA VEGA,MINISTERIO DE AGRICULTURA,EMCI,25.0,19.3,0.0,https://indomet.gob.do/wp-content/uploads/2025/08/temperaturas-extremas-y-precipitaciones-2025x08x18-a.pdf
2025-08-18,039,CONSTANZA (EMA),LA VEGA,PROGRAMA MUNDIAL DE ALIMENTO,EMAP,24.3,20.2,0.0,https://indomet.gob.do/wp-content/uploads/2025/08/temperaturas-extremas-y-precipitaciones-2025x08x18-a.pdf
2025-08-18,040,COTUÍ,SÁNCHEZ RAMÍREZ,HOSP. INMACULADA CONCEPCIÓN,EMCV,,,0.0,https://indomet.gob.do/wp-content/uploads/2025/08/temperaturas-extremas-y-precipitaciones-2025x08x18-a.pdf
2025-08-18,041,DAJABÓN,DAJABÓN,INSTITUTO POLITÉCNICO LOYOLA,EMCI,34.0,19.1,0.0,https://indomet.gob.do/wp-content/uploads/2025/08/temperaturas-extremas-y-precipitaciones-2025x08x18-a.pdf
2025-08-18,042,EL FACTOR (EMA),MARÍA TRINIDAD SÁNCHEZ,INTEC,EMAP,30.5,26.5,0.0,https://indomet.gob.do/wp-content/uploads/2025/08/temperaturas-extremas-y-precipitaciones-2025x08x18-a.pdf
2025-08-18,043,ELÍAS PIÑA,ELÍAS PIÑA,MINISTERIO DE AGRICULTURA,EMCV,,,0.0,https://indomet.gob.do/wp-content/uploads/2025/08/temperaturas-extremas-y-precipitaciones-2025x08x18-a.pdf
2025-08-18,044,GASPAR HERNÁNDEZ,ESPAILLAT,PROPIEDAD DEL EMPLEADO,EMCI,,,0.0,https://indomet.gob.do/wp-content/uploads/2025/08/temperaturas-extremas-y-precipitaciones-2025x08x18-a.pdf
2025-08-18,045,GURABO,SANTIAGO,MINISTERIO DE AGRICULTURA,EMCV,,,0.0,https://indomet.gob.do/wp-content/uploads/2025/08/temperaturas-extremas-y-precipitaciones-2025x08x18-a.pdf
2025-08-18,046,JARABACOA,LA VEGA,INDRHI / MARENA,EMCI,30.6,20.0,0.0,https://indomet.gob.do/wp-content/uploads/2025/08/temperaturas-extremas-y-precipitaciones-2025x08x18-a.pdf
2025-08-18,047,JARABACOA (EMA),LA VEGA,PROGRAMA MUNDIAL DE ALIMENTO,EMAP,29.7,21.3,0.0,https://indomet.gob.do/wp-content/uploads/2025/08/temperaturas-extremas-y-precipitaciones-2025x08x18-a.pdf
2025-08-18,048,JARDÍN BOTÁNICO NACIONAL,DISTRITO NACIONAL,JARDÍN BOTÁNICO NACIONAL,EMCV,31.5,26.3,0.0,https://indomet.gob.do/wp-content/uploads/2025/08/temperaturas-extremas-y-precipitaciones-2025x08x18-a.pdf
2025-08-18,049,JIMANÍ,INDEPENDENCIA,MINISTERIO DE AGRICULTURA,EMCI,33.2,26.5,0.0,https://indomet.gob.do/wp-content/uploads/2025/08/temperaturas-extremas-y-precipitaciones-2025x08x18-a.pdf
2025-08-18,050,JUMA BEJUCAL,MONSEÑOR NOUEL,IDIAF,EMCV,30.6,24.0,0.0,https://indomet.gob.do/wp-content/uploads/2025/08/temperaturas-extremas-y-precipitaciones-2025x08x18-a.pdf
2025-08-18,051,LA VEGA,LA VEGA,IATESA,EMCI,31.2,23.0,0.0,https://indomet.gob.do/wp-content/uploads/2025/08/temperaturas-extremas-y-precipitaciones-2025x08x18-a.pdf
2025-08-18,052,LAS MATAS DE SANTA CRUZ (EMA,MONTE CRISTI,PROGRAMA MUNDIAL DE ALIMENTO,EMAP,31.3,25.0,0.0,https://indomet.gob.do/wp-content/uploads/2025/08/temperaturas-extremas-y-precipitaciones-2025x08x18-a.pdf
2025-08-18,053,LOS JENGIBRES,NAGUA,INDRHI,EMCI,,,0.0,https://indomet.gob.do/wp-content/uploads/2025/08/temperaturas-extremas-y-precipitaciones-2025x08x18-a.pdf
2025-08-18,054,LOS LLANOS,SAN PEDRO DE MACORÍS,MINISTERIO DE AGRICULTURA,EMCI,32.0,26.0,0.0,https://indomet.gob.do/wp-content/uploads/2025/08/temperaturas-extremas-y-precipitaciones-2025x08x18-a.pdf
2025-08-18,055,MAO,VALVERDE,INDRHI / MINISTERIO DE AGRICULTURA,EMCV,,,0.0,https://indomet.gob.do/wp-content/uploads/2025/08/temperaturas-extremas-y-precipitaciones-2025x08x18-a.pdf
2025-08-18,056,MOCA,ESPAILLAT,MINISTERIO DE AGRICULTURA,EMCV,,,0.0,https://indomet.gob.do/wp-content/uploads/2025/08/temperaturas-extremas-y-precipitaciones-2025x08x18-a.pdf
2025-08-18,057,MONCIÓN (EMA),SANTIAGO RODRÍGUEZ,PROGRAMA MUNDIAL DE ALIMENTO,EMAP,29.6,21.8,0.0,https://indomet.gob.do/wp-content/uploads/2025/08/temperaturas-extremas-y-precipitaciones-2025x08x18-a.pdf
2025-08-18,058,MONTE CRISTI,MONTE CRISTI,ONAMET,EMCI,31.7,26.5,0.0,https://indomet.gob.do/wp-content/uploads/2025/08/temperaturas-extremas-y-precipitaciones-2025x08x18-a.pdf
2025-08-18,059,PADRE LAS CASAS,AZUA,HOSP. NTRA. SRA. DEL CARMEN,EMCI,29.0,20.5,0.0,https://indomet.gob.do/wp-content/uploads/2025/08/temperaturas-extremas-y-precipitaciones-2025x08x18-a.pdf
2025-08-18,060,PASO AL MEDIO,SAN PEDRO DE MACORÍS,INDRHI,EMCI,,,0.0,https://indomet.gob.do/wp-content/uploads/2025/08/temperaturas-extremas-y-precipitaciones-2025x08x18-a.pdf
2025-08-18,061,PERALTA,AZUA,HOSP. MPAL. DE PERALTA,EMCI,27.5,21.3,0.0,https://indomet.gob.do/wp-content/uploads/2025/08/temperaturas-extremas-y-precipitaciones-2025x08x18-a.pdf
2025-08-18,062,PESCADERIA (EMA),BARAHONA,MINISTERIO DE AGRICULTURA,EMAP,34.1,25.8,0.0,https://indomet.gob.do/wp-content/uploads/2025/08/temperaturas-extremas-y-precipitaciones-2025x08x18-a.pdf
2025-08-18,063,POLO,BARAHONA,INDOCAFE,EMCI,31.5,20.5,0.0,https://indomet.gob.do/wp-content/uploads/2025/08/temperaturas-extremas-y-precipitaciones-2025x08x18-a.pdf
2025-08-18,064,PONTÓN ABAJO (EMA),LA VEGA,MINISTERIO DE AGRICULTURA,EMAP,31.9,23.8,0.0,https://indomet.gob.do/wp-content/uploads/2025/08/temperaturas-extremas-y-precipitaciones-2025x08x18-a.pdf
2025-08-18,065,RESTAURACIÓN,DAJABÓN,MINISTERIO DE AGRICULTURA,EMCI,30.8,20.7,0.0,https://indomet.gob.do/wp-content/uploads/2025/08/temperaturas-extremas-y-precipitaciones-2025x08x18-a.pdf
2025-08-18,066,RÍO SAN JUAN,MARÍA TRINIDAD SÁNCHEZ,HOSP. MPAL. DR. DESIDERIO ACOSTA,EMCV,30.8,24.3,0.0,https://indomet.gob.do/wp-content/uploads/2025/08/temperaturas-extremas-y-precipitaciones-2025x08x18-a.pdf
2025-08-18,067,SABANA DE LA MAR,HATO MAYOR,ONAMET,EMCI,32.0,24.5,0.0,https://indomet.gob.do/wp-content/uploads/2025/08/temperaturas-extremas-y-precipitaciones-2025x08x18-a.pdf
2025-08-18,068,SABANETA (EMA),SANTIAGO RODRÍGUEZ,PROGRAMA MUNDIAL DE ALIMENTO,EMAP,32.2,23.8,0.0,https://indomet.gob.do/wp-content/uploads/2025/08/temperaturas-extremas-y-precipitaciones-2025x08x18-a.pdf
2025-08-18,069,SALCEDO,HERMANAS MIRABAL,PROPIEDAD DEL EMPLEADO,EMCI,,,0.0,https://indomet.gob.do/wp-content/uploads/2025/08/temperaturas-extremas-y-precipitaciones-2025x08x18-a.pdf
2025-08-18,070,SAMANÁ,SAMANÁ,COMANDANCIA DE PUERTO DE SAMANÁ,EMCI,31.5,26.0,0.0,https://indomet.gob.do/wp-content/uploads/2025/08/temperaturas-extremas-y-precipitaciones-2025x08x18-a.pdf
2025-08-18,071,SAN CRISTÓBAL,SAN CRISTÓBAL,INSTITUTO POLITÉCNICO LOYOLA,EMCI,36.2,24.2,0.0,https://indomet.gob.do/wp-content/uploads/2025/08/temperaturas-extremas-y-precipitaciones-2025x08x18-a.pdf
2025-08-18,072,SAN FRANCISCO DE MACORÍS,DUARTE,San Francisco de Macorís (UASD),EMCI,27.8,24.6,0.0,https://indomet.gob.do/wp-content/uploads/2025/08/temperaturas-extremas-y-precipitaciones-2025x08x18-a.pdf
2025-08-18,073,SÁNCHEZ,SAMANÁ,MINISTERIO DE AGRICULTURA,EMCI,32.1,21.3,0.0,https://indomet.gob.do/wp-content/uploads/2025/08/temperaturas-extremas-y-precipitaciones-2025x08x18-a.pdf
2025-08-18,074,SANTIAGO RODRÍGUEZ,SANTIAGO RODRÍGUEZ,ONAMET,EMCI,32.7,24.0,0.0,https://indomet.gob.do/wp-content/uploads/2025/08/temperaturas-extremas-y-precipitaciones-2025x08x18-a.pdf
2025-08-18,075,TÁBARA ABAJO,AZUA,INDRHI,EMCI,34.0,20.0,0.0,https://indomet.gob.do/wp-content/uploads/2025/08/temperaturas-extremas-y-precipitaciones-2025x08x18-a.pdf
2025-08-18,076,TAMBORIL,SANTIAGO,MINISTERIO DE AGRICULTURA,EMCV,,,0.0,https://indomet.gob.do/wp-content/uploads/2025/08/temperaturas-extremas-y-precipitaciones-2025x08x18-a.pdf
2025-08-18,077,TAVERA,SANTIAGO,INDRHI,EMCI,,,0.0,https://indomet.gob.do/wp-content/uploads/2025/08/temperaturas-extremas-y-precipitaciones-2025x08x18-a.pdf
2025-08-18,078,VILLA ALTAGRACIA,SAN CRISTÓBAL,ESCUELA JAVIER ANGULO GURIDI,EMCI,,,0.0,https://indomet.gob.do/wp-content/uploads/2025/08/temperaturas-extremas-y-precipitaciones-2025x08x18-a.pdf
2025-08-18,079,VILLA GONZALES,SANTIAGO,MINISTERIO DE AGRICULTURA,EMCI,,,0.0,https://indomet.gob.do/wp-content/uploads/2025/08/temperaturas-extremas-y-precipitaciones-2025x08x18-a.pdf
2025-08-18,080,VILLA ISABELA,PUERTO PLATA,MINISTERIO DE AGRICULTURA,EMCV,,,0.0,https://indomet.gob.do/wp-content/uploads/2025/08/temperaturas-extremas-y-precipitaciones-2025x08x18-a.pdf
2025-08-18,081,VILLA RIVA,DUARTE,HOSP. MPAL. ALICIA DE LEGENDRE,EMCI,31.4,26.0,0.0,https://indomet.gob.do/wp-content/uploads/2025/08/temperaturas-extremas-y-precipitaciones-2025x08x18-a.pdf
2025-08-19,001,NAVARRETE,SANTIAGO,MINISTERIO DE AGRICULTURA,EMCV,,,15.0,https://indomet.gob.do/wp-content/uploads/2025/08/temperaturas-extremas-y-precipitaciones-2025x08x19-a.pdf
2025-08-19,002,LOS TRES CHARCOS (EMA),PEDERNALES,PROPIEDAD DEL VOLUNTARIO,EMAP,33.0,22.6,9.8,https://indomet.gob.do/wp-content/uploads/2025/08/temperaturas-extremas-y-precipitaciones-2025x08x19-a.pdf
2025-08-19,003,ARPT. DE LAS AMÉRICAS,SANTO DOMINGO,ONAMET,EMCI,33.0,26.8,2.9,https://indomet.gob.do/wp-content/uploads/2025/08/temperaturas-extremas-y-precipitaciones-2025x08x19-a.pdf
2025-08-19,004,VALLE NUEVO (EMA),LA VEGA,MARENA,EMAI,17.8,7.7,2.3,https://indomet.gob.do/wp-content/uploads/2025/08/temperaturas-extremas-y-precipitaciones-2025x08x19-a.pdf
2025-08-19,005,LOS LLANOS,SAN PEDRO DE MACORÍS,MINISTERIO DE AGRICULTURA,EMCI,33.0,24.5,2.2,https://indomet.gob.do/wp-content/uploads/2025/08/temperaturas-extremas-y-precipitaciones-2025x08x19-a.pdf
2025-08-19,006,SAN JOSÉ DE OCOA,SAN JOSÉ DE OCOA,HOSP. SAN JOSÉ DE OCOA,EMCI,31.1,19.2,2.0,https://indomet.gob.do/wp-content/uploads/2025/08/temperaturas-extremas-y-precipitaciones-2025x08x19-a.pdf
2025-08-19,007,BAYAGUANA,MONTE PLATA,ONAMET,EMCI,33.0,22.0,1.6,https://indomet.gob.do/wp-content/uploads/2025/08/temperaturas-extremas-y-precipitaciones-2025x08x19-a.pdf
2025-08-19,008,ARPT. LA ISABELA,SANTO DOMINGO,ONAMET,EMCI,34.5,27.0,1.3,https://indomet.gob.do/wp-content/uploads/2025/08/temperaturas-extremas-y-precipitaciones-2025x08x19-a.pdf
2025-08-19,009,ALTAMIRA,PUERTO PLATA,HOSP. MPAL. DE ALTAMIRA,EMCI,35.4,21.9,1.0,https://indomet.gob.do/wp-content/uploads/2025/08/temperaturas-extremas-y-precipitaciones-2025x08x19-a.pdf
2025-08-19,010,JARDÍN BOTÁNICO NACIONAL,DISTRITO NACIONAL,JARDÍN BOTÁNICO NACIONAL,EMCV,32.6,23.8,1.0,https://indomet.gob.do/wp-content/uploads/2025/08/temperaturas-extremas-y-precipitaciones-2025x08x19-a.pdf
2025-08-19,011,POLO,BARAHONA,INDOCAFE,EMCI,32.0,17.5,0.9,https://indomet.gob.do/wp-content/uploads/2025/08/temperaturas-extremas-y-precipitaciones-2025x08x19-a.pdf
2025-08-19,012,BOCA DE MAO (EMA),VALVERDE,MINISTERIO DE AGRICULTURA,EMAP,36.6,24.2,0.8,https://indomet.gob.do/wp-content/uploads/2025/08/temperaturas-extremas-y-precipitaciones-2025x08x19-a.pdf
2025-08-19,013,CENTRO DE LOS HEROES (EMA),DISTRITO NACIONAL,MINISTERIO DE ENERGIA Y MINA,EMAP,32.2,28.4,0.6,https://indomet.gob.do/wp-content/uploads/2025/08/temperaturas-extremas-y-precipitaciones-2025x08x19-a.pdf
2025-08-19,014,HATO MAYOR,HATO MAYOR,MINISTERIO DE AGRICULTURA,EMCV,,,0.6,https://indomet.gob.do/wp-content/uploads/2025/08/temperaturas-extremas-y-precipitaciones-2025x08x19-a.pdf
2025-08-19,015,ALTO BANDERA (EMA),LA VEGA,INTEC,EMAP,21.6,10.8,0.3,https://indomet.gob.do/wp-content/uploads/2025/08/temperaturas-extremas-y-precipitaciones-2025x08x19-a.pdf
2025-08-19,016,ARPT. DE PUNTA CANA,LA ALTAGRACIA,ONAMET,EMCI,32.2,25.7,0.2,https://indomet.gob.do/wp-content/uploads/2025/08/temperaturas-extremas-y-precipitaciones-2025x08x19-a.pdf
2025-08-19,017,BANI (EMA),PERAVIA,MINISTERIO DE AGRICULTURA,EMAP,34.3,24.6,0.2,https://indomet.gob.do/wp-content/uploads/2025/08/temperaturas-extremas-y-precipitaciones-2025x08x19-a.pdf
2025-08-19,018,MONCIÓN (EMA),SANTIAGO RODRÍGUEZ,PROGRAMA MUNDIAL DE ALIMENTO,EMAP,35.3,22.1,0.2,https://indomet.gob.do/wp-content/uploads/2025/08/temperaturas-extremas-y-precipitaciones-2025x08x19-a.pdf
2025-08-19,019,PERALTA,AZUA,HOSP. MPAL. DE PERALTA,EMCI,31.0,18.5,0.1,https://indomet.gob.do/wp-content/uploads/2025/08/temperaturas-extremas-y-precipitaciones-2025x08x19-a.pdf
2025-08-19,020,ANAMUYA (EMA),LA ALTAGRACIA,MINISTERIO DE AGRICULTURA,EMAP,33.6,23.8,0.0,https://indomet.gob.do/wp-content/uploads/2025/08/temperaturas-extremas-y-precipitaciones-2025x08x19-a.pdf
2025-08-19,021,ARPT. ARROYO BARRIL,SAMANÁ,ONAMET,EMCI,33.0,25.0,0.0,https://indomet.gob.do/wp-content/uploads/2025/08/temperaturas-extremas-y-precipitaciones-2025x08x19-a.pdf
2025-08-19,022,ARPT. DE LA ROMANA,LA ROMANA,ONAMET,EMCI,32.9,25.4,0.0,https://indomet.gob.do/wp-content/uploads/2025/08/temperaturas-extremas-y-precipitaciones-2025x08x19-a.pdf
2025-08-19,023,ARPT. DEL CIBAO,SANTIAGO,ONAMET,EMCI,37.6,23.8,0.0,https://indomet.gob.do/wp-content/uploads/2025/08/temperaturas-extremas-y-precipitaciones-2025x08x19-a.pdf
2025-08-19,024,ARPT. EL CATEY,SAMANÁ,ONAMET,EMCI,34.0,24.4,0.0,https://indomet.gob.do/wp-content/uploads/2025/08/temperaturas-extremas-y-precipitaciones-2025x08x19-a.pdf
2025-08-19,025,ARPT. GREGORIO LUPERÓN,PUERTO PLATA,ONAMET,EMCI,34.0,24.0,0.0,https://indomet.gob.do/wp-content/uploads/2025/08/temperaturas-extremas-y-precipitaciones-2025x08x19-a.pdf
2025-08-19,026,ARPT. MARÍA MONTEZ,BARAHONA,ONAMET,EMCI,32.9,26.0,0.0,https://indomet.gob.do/wp-content/uploads/2025/08/temperaturas-extremas-y-precipitaciones-2025x08x19-a.pdf
2025-08-19,027,ARROYO LORO,SAN JUAN,IDIAF,EMCI,32.5,20.7,0.0,https://indomet.gob.do/wp-content/uploads/2025/08/temperaturas-extremas-y-precipitaciones-2025x08x19-a.pdf
2025-08-19,028,BOHECHÍO,SAN JUAN,MINISTERIO DE AGRICULTURA,EMCV,,,0.0,https://indomet.gob.do/wp-content/uploads/2025/08/temperaturas-extremas-y-precipitaciones-2025x08x19-a.pdf
2025-08-19,029,BONAO,MONSEÑOR NOUEL,MINISTERIO DE AGRICULTURA,EMCV,,,0.0,https://indomet.gob.do/wp-content/uploads/2025/08/temperaturas-extremas-y-precipitaciones-2025x08x19-a.pdf
2025-08-19,030,CABRAL,BARAHONA,MINISTERIO DE AGRICULTURA,EMCV,36.2,24.3,0.0,https://indomet.gob.do/wp-content/uploads/2025/08/temperaturas-extremas-y-precipitaciones-2025x08x19-a.pdf
2025-08-19,031,CABRERA,MARÍA TRINIDAD SÁNCHEZ,ESCUELA ARÍSTIDES FIALLO CABRAL,EMCI,35.0,25.4,0.0,https://indomet.gob.do/wp-content/uploads/2025/08/temperaturas-extremas-y-precipitaciones-2025x08x19-a.pdf
2025-08-19,032,CONSTANZA,LA VEGA,MINISTERIO DE AGRICULTURA,EMCI,28.7,13.0,0.0,https://indomet.gob.do/wp-content/uploads/2025/08/temperaturas-extremas-y-precipitaciones-2025x08x19-a.pdf
2025-08-19,033,CONSTANZA (EMA),LA VEGA,PROGRAMA MUNDIAL DE ALIMENTO,EMAP,27.7,14.1,0.0,https://indomet.gob.do/wp-content/uploads/2025/08/temperaturas-extremas-y-precipitaciones-2025x08x19-a.pdf
2025-08-19,034,COTUÍ,SÁNCHEZ RAMÍREZ,HOSP. INMACULADA CONCEPCIÓN,EMCV,,,0.0,https://indomet.gob.do/wp-content/uploads/2025/08/temperaturas-extremas-y-precipitaciones-2025x08x19-a.pdf
2025-08-19,035,DAJABÓN,DAJABÓN,INSTITUTO POLITÉCNICO LOYOLA,EMCI,34.8,20.0,0.0,https://indomet.gob.do/wp-content/uploads/2025/08/temperaturas-extremas-y-precipitaciones-2025x08x19-a.pdf
2025-08-19,036,EL CERCADO,SAN JUAN,MINISTERIO DE AGRICULTURA,EMCV,,,0.0,https://indomet.gob.do/wp-content/uploads/2025/08/temperaturas-extremas-y-precipitaciones-2025x08x19-a.pdf
2025-08-19,037,EL FACTOR (EMA),MARÍA TRINIDAD SÁNCHEZ,INTEC,EMAP,35.1,25.5,0.0,https://indomet.gob.do/wp-content/uploads/2025/08/temperaturas-extremas-y-precipitaciones-2025x08x19-a.pdf
2025-08-19,038,ELÍAS PIÑA,ELÍAS PIÑA,MINISTERIO DE AGRICULTURA,EMCV,,,0.0,https://indomet.gob.do/wp-content/uploads/2025/08/temperaturas-extremas-y-precipitaciones-2025x08x19-a.pdf
2025-08-19,039,ENRIQUILLO,BARAHONA,MINISTERIO DE AGRICULTURA,EMCV,33.8,24.3,0.0,https://indomet.gob.do/wp-content/uploads/2025/08/temperaturas-extremas-y-precipitaciones-2025x08x19-a.pdf
2025-08-19,040,ESCONDIDO,PERAVIA,MINISTERIO DE AGRICULTURA,EMCV,34.0,27.0,0.0,https://indomet.gob.do/wp-content/uploads/2025/08/temperaturas-extremas-y-precipitaciones-2025x08x19-a.pdf
2025-08-19,041,GASPAR HERNÁNDEZ,ESPAILLAT,PROPIEDAD DEL EMPLEADO,EMCI,,,0.0,https://indomet.gob.do/wp-content/uploads/2025/08/temperaturas-extremas-y-precipitaciones-2025x08x19-a.pdf
2025-08-19,042,GURABO,SANTIAGO,MINISTERIO DE AGRICULTURA,EMCV,,,0.0,https://indomet.gob.do/wp-content/uploads/2025/08/temperaturas-extremas-y-precipitaciones-2025x08x19-a.pdf
2025-08-19,043,HIGÜEY,LA ALTAGRACIA,MINISTERIO DE AGRICULTURA,EMCV,,,0.0,https://indomet.gob.do/wp-content/uploads/2025/08/temperaturas-extremas-y-precipitaciones-2025x08x19-a.pdf
2025-08-19,044,HONDO VALLE,ELÍAS PIÑA,MINISTERIO DE AGRICULTURA,EMCI,28.6,18.4,0.0,https://indomet.gob.do/wp-content/uploads/2025/08/temperaturas-extremas-y-precipitaciones-2025x08x19-a.pdf
2025-08-19,045,JARABACOA,LA VEGA,INDRHI / MARENA,EMCI,35.8,19.6,0.0,https://indomet.gob.do/wp-content/uploads/2025/08/temperaturas-extremas-y-precipitaciones-2025x08x19-a.pdf
2025-08-19,046,JARABACOA (EMA),LA VEGA,PROGRAMA MUNDIAL DE ALIMENTO,EMAP,34.6,20.9,0.0,https://indomet.gob.do/wp-content/uploads/2025/08/temperaturas-extremas-y-precipitaciones-2025x08x19-a.pdf
2025-08-19,047,JIMANÍ,INDEPENDENCIA,MINISTERIO DE AGRICULTURA,EMCI,37.5,26.0,0.0,https://indomet.gob.do/wp-content/uploads/2025/08/temperaturas-extremas-y-precipitaciones-2025x08x19-a.pdf
2025-08-19,048,JUMA BEJUCAL,MONSEÑOR NOUEL,IDIAF,EMCV,34.4,24.6,0.0,https://indomet.gob.do/wp-content/uploads/2025/08/temperaturas-extremas-y-precipitaciones-2025x08x19-a.pdf
2025-08-19,049,LA VEGA,LA VEGA,IATESA,EMCI,38.0,22.5,0.0,https://indomet.gob.do/wp-content/uploads/2025/08/temperaturas-extremas-y-precipitaciones-2025x08x19-a.pdf
2025-08-19,050,LA VICTORIA,SANTO DOMINGO,CUERPO DE BOMBEROS,EMCI,34.0,23.0,0.0,https://indomet.gob.do/wp-content/uploads/2025/08/temperaturas-extremas-y-precipitaciones-2025x08x19-a.pdf
2025-08-19,051,LAS CANAS (EMA),MONTE CRISTI,PROGRAMA MUNDIAL DE ALIMENTO,EMAP,29.7,24.2,0.0,https://indomet.gob.do/wp-content/uploads/2025/08/temperaturas-extremas-y-precipitaciones-2025x08x19-a.pdf
2025-08-19,052,LAS MATAS DE SANTA CRUZ (EMA,MONTE CRISTI,PROGRAMA MUNDIAL DE ALIMENTO,EMAP,34.2,24.3,0.0,https://indomet.gob.do/wp-content/uploads/2025/08/temperaturas-extremas-y-precipitaciones-2025x08x19-a.pdf
2025-08-19,053,LOS JENGIBRES,NAGUA,INDRHI,EMCI,,,0.0,https://indomet.gob.do/wp-content/uploads/2025/08/temperaturas-extremas-y-precipitaciones-2025x08x19-a.pdf
2025-08-19,054,MAO,VALVERDE,INDRHI / MINISTERIO DE AGRICULTURA,EMCV,,,0.0,https://indomet.gob.do/wp-content/uploads/2025/08/temperaturas-extremas-y-precipitaciones-2025x08x19-a.pdf
2025-08-19,055,MONTE CRISTI,MONTE CRISTI,ONAMET,EMCI,34.5,26.1,0.0,https://indomet.gob.do/wp-content/uploads/2025/08/temperaturas-extremas-y-precipitaciones-2025x08x19-a.pdf
2025-08-19,056,OLIVARES,PEDERNALES,INDRHI,EMCI,,,0.0,https://indomet.gob.do/wp-content/uploads/2025/08/temperaturas-extremas-y-precipitaciones-2025x08x19-a.pdf
2025-08-19,057,OVIEDO,PEDERNALES,CLÍNICA RURAL OVIEDO,EMCI,34.5,23.0,0.0,https://indomet.gob.do/wp-content/uploads/2025/08/temperaturas-extremas-y-precipitaciones-2025x08x19-a.pdf
2025-08-19,058,PADRE LAS CASAS,AZUA,HOSP. NTRA. SRA. DEL CARMEN,EMCI,33.4,19.5,0.0,https://indomet.gob.do/wp-content/uploads/2025/08/temperaturas-extremas-y-precipitaciones-2025x08x19-a.pdf
2025-08-19,059,PALO ÍNDIO,PUERTO PLATA,MINISTERIO DE AGRICULTURA,EMCI,,,0.0,https://indomet.gob.do/wp-content/uploads/2025/08/temperaturas-extremas-y-precipitaciones-2025x08x19-a.pdf
2025-08-19,060,PASO AL MEDIO,SAN PEDRO DE MACORÍS,INDRHI,EMCI,,,0.0,https://indomet.gob.do/wp-content/uploads/2025/08/temperaturas-extremas-y-precipitaciones-2025x08x19-a.pdf
2025-08-19,061,PEDERNALES,PEDERNALES,INDRHI,EMCI,,,0.0,https://indomet.gob.do/wp-content/uploads/2025/08/temperaturas-extremas-y-precipitaciones-2025x08x19-a.pdf
2025-08-19,062,PESCADERIA (EMA),BARAHONA,MINISTERIO DE AGRICULTURA,EMAP,33.8,25.0,0.0,https://indomet.gob.do/wp-content/uploads/2025/08/temperaturas-extremas-y-precipitaciones-2025x08x19-a.pdf
2025-08-19,063,PONTÓN ABAJO (EMA),LA VEGA,MINISTERIO DE AGRICULTURA,EMAP,39.5,24.1,0.0,https://indomet.gob.do/wp-content/uploads/2025/08/temperaturas-extremas-y-precipitaciones-2025x08x19-a.pdf
2025-08-19,064,PRESA DE TAVERAS (EMA),LA VEGA,PROGRAMA MUNDIAL DE ALIMENTO,EMAP,37.4,22.4,0.0,https://indomet.gob.do/wp-content/uploads/2025/08/temperaturas-extremas-y-precipitaciones-2025x08x19-a.pdf
2025-08-19,065,RANCHO ARRIBA,SAN JOSÉ DE OCOA,CENTRO TECNOLÓGICO COMUNITARIO,EMCI,31.5,17.6,0.0,https://indomet.gob.do/wp-content/uploads/2025/08/temperaturas-extremas-y-precipitaciones-2025x08x19-a.pdf
2025-08-19,066,RESTAURACIÓN,DAJABÓN,MINISTERIO DE AGRICULTURA,EMCI,33.6,21.0,0.0,https://indomet.gob.do/wp-content/uploads/2025/08/temperaturas-extremas-y-precipitaciones-2025x08x19-a.pdf
2025-08-19,067,RÍO SAN JUAN,MARÍA TRINIDAD SÁNCHEZ,HOSP. MPAL. DR. DESIDERIO ACOSTA,EMCV,35.6,26.5,0.0,https://indomet.gob.do/wp-content/uploads/2025/08/temperaturas-extremas-y-precipitaciones-2025x08x19-a.pdf
2025-08-19,068,SABANA DE LA MAR,HATO MAYOR,ONAMET,EMCI,32.5,24.0,0.0,https://indomet.gob.do/wp-content/uploads/2025/08/temperaturas-extremas-y-precipitaciones-2025x08x19-a.pdf
2025-08-19,069,SABANA GRANDE DE BOYÁ,MONTE PLATA,MINISTERIO DE AGRICULTURA,EMCV,,,0.0,https://indomet.gob.do/wp-content/uploads/2025/08/temperaturas-extremas-y-precipitaciones-2025x08x19-a.pdf
2025-08-19,070,SABANETA (EMA),SANTIAGO RODRÍGUEZ,PROGRAMA MUNDIAL DE ALIMENTO,EMAP,39.1,23.9,0.0,https://indomet.gob.do/wp-content/uploads/2025/08/temperaturas-extremas-y-precipitaciones-2025x08x19-a.pdf
2025-08-19,071,SALCEDO,HERMANAS MIRABAL,PROPIEDAD DEL EMPLEADO,EMCI,,,0.0,https://indomet.gob.do/wp-content/uploads/2025/08/temperaturas-extremas-y-precipitaciones-2025x08x19-a.pdf
2025-08-19,072,SAMANÁ,SAMANÁ,COMANDANCIA DE PUERTO DE SAMANÁ,EMCI,34.1,24.1,0.0,https://indomet.gob.do/wp-content/uploads/2025/08/temperaturas-extremas-y-precipitaciones-2025x08x19-a.pdf
2025-08-19,073,SAN CRISTÓBAL,SAN CRISTÓBAL,INSTITUTO POLITÉCNICO LOYOLA,EMCI,33.0,23.2,0.0,https://indomet.gob.do/wp-content/uploads/2025/08/temperaturas-extremas-y-precipitaciones-2025x08x19-a.pdf
2025-08-19,074,SAN FRANCISCO DE MACORÍS,DUARTE,San Francisco de Macorís (UASD),EMCI,35.9,25.7,0.0,https://indomet.gob.do/wp-content/uploads/2025/08/temperaturas-extremas-y-precipitaciones-2025x08x19-a.pdf
2025-08-19,075,SAN RAFAEL DEL YUMA,LA ALTAGRACIA,MINISTERIO DE AGRICULTURA,EMCI,33.0,23.5,0.0,https://indomet.gob.do/wp-content/uploads/2025/08/temperaturas-extremas-y-precipitaciones-2025x08x19-a.pdf
2025-08-19,076,SÁNCHEZ,SAMANÁ,MINISTERIO DE AGRICULTURA,EMCI,33.5,22.9,0.0,https://indomet.gob.do/wp-content/uploads/2025/08/temperaturas-extremas-y-precipitaciones-2025x08x19-a.pdf
2025-08-19,077,SANTIAGO RODRÍGUEZ,SANTIAGO RODRÍGUEZ,ONAMET,EMCI,37.4,24.3,0.0,https://indomet.gob.do/wp-content/uploads/2025/08/temperaturas-extremas-y-precipitaciones-2025x08x19-a.pdf
2025-08-19,078,SANTO DOMINGO ESTE,SANTO DOMINGO,ONAMET,EMCI,32.5,25.9,0.0,https://indomet.gob.do/wp-content/uploads/2025/08/temperaturas-extremas-y-precipitaciones-2025x08x19-a.pdf
2025-08-19,079,TÁBARA ABAJO,AZUA,INDRHI,EMCI,32.5,23.2,0.0,https://indomet.gob.do/wp-content/uploads/2025/08/temperaturas-extremas-y-precipitaciones-2025x08x19-a.pdf
2025-08-19,080,TAVERA,SANTIAGO,INDRHI,EMCI,,,0.0,https://indomet.gob.do/wp-content/uploads/2025/08/temperaturas-extremas-y-precipitaciones-2025x08x19-a.pdf
2025-08-19,081,VILLA GONZALES,SANTIAGO,MINISTERIO DE AGRICULTURA,EMCI,,,0.0,https://indomet.gob.do/wp-content/uploads/2025/08/temperaturas-extremas-y-precipitaciones-2025x08x19-a.pdf
2025-08-19,082,VILLA ISABELA,PUERTO PLATA,MINISTERIO DE AGRICULTURA,EMCV,,,0.0,https://indomet.gob.do/wp-content/uploads/2025/08/temperaturas-extremas-y-precipitaciones-2025x08x19-a.pdf
2025-08-19,083,VILLA RIVA,DUARTE,HOSP. MPAL. ALICIA DE LEGENDRE,EMCI,34.5,25.0,0.0,https://indomet.gob.do/wp-content/uploads/2025/08/temperaturas-extremas-y-precipitaciones-2025x08x19-a.pdf
2025-08-20,001,MONCIÓN (EMA),SANTIAGO RODRÍGUEZ,PROGRAMA MUNDIAL DE ALIMENTO,EMAP,34.2,20.5,27.2,https://indomet.gob.do/wp-content/uploads/2025/08/temperaturas-extremas-y-precipitaciones-2025x08x20-a.pdf
2025-08-20,002,SABANETA (EMA),SANTIAGO RODRÍGUEZ,PROGRAMA MUNDIAL DE ALIMENTO,EMAP,39.9,22.8,25.0,https://indomet.gob.do/wp-content/uploads/2025/08/temperaturas-extremas-y-precipitaciones-2025x08x20-a.pdf
2025-08-20,003,SANTIAGO RODRÍGUEZ,SANTIAGO RODRÍGUEZ,ONAMET,EMCI,37.9,23.3,24.2,https://indomet.gob.do/wp-content/uploads/2025/08/temperaturas-extremas-y-precipitaciones-2025x08x20-a.pdf
2025-08-20,004,DAJABÓN,DAJABÓN,INSTITUTO POLITÉCNICO LOYOLA,EMCI,34.0,21.5,10.3,https://indomet.gob.do/wp-content/uploads/2025/08/temperaturas-extremas-y-precipitaciones-2025x08x20-a.pdf
2025-08-20,005,LOS TRES CHARCOS (EMA),PEDERNALES,PROPIEDAD DEL VOLUNTARIO,EMAP,33.7,26.4,6.4,https://indomet.gob.do/wp-content/uploads/2025/08/temperaturas-extremas-y-precipitaciones-2025x08x20-a.pdf
2025-08-20,006,BAYAGUANA,MONTE PLATA,ONAMET,EMCI,35.1,23.5,3.7,https://indomet.gob.do/wp-content/uploads/2025/08/temperaturas-extremas-y-precipitaciones-2025x08x20-a.pdf
2025-08-20,007,SÁNCHEZ,SAMANÁ,MINISTERIO DE AGRICULTURA,EMCI,33.6,23.5,1.4,https://indomet.gob.do/wp-content/uploads/2025/08/temperaturas-extremas-y-precipitaciones-2025x08x20-a.pdf
2025-08-20,008,ARPT. EL CATEY,SAMANÁ,ONAMET,EMCI,33.4,25.0,0.5,https://indomet.gob.do/wp-content/uploads/2025/08/temperaturas-extremas-y-precipitaciones-2025x08x20-a.pdf
2025-08-20,009,ALTAMIRA,PUERTO PLATA,HOSP. MPAL. DE ALTAMIRA,EMCI,35.5,21.5,0.4,https://indomet.gob.do/wp-content/uploads/2025/08/temperaturas-extremas-y-precipitaciones-2025x08x20-a.pdf
2025-08-20,010,ESCONDIDO,PERAVIA,MINISTERIO DE AGRICULTURA,EMCV,33.0,25.0,0.3,https://indomet.gob.do/wp-content/uploads/2025/08/temperaturas-extremas-y-precipitaciones-2025x08x20-a.pdf
2025-08-20,011,ANAMUYA (EMA),LA ALTAGRACIA,MINISTERIO DE AGRICULTURA,EMAP,34.2,25.9,0.2,https://indomet.gob.do/wp-content/uploads/2025/08/temperaturas-extremas-y-precipitaciones-2025x08x20-a.pdf
2025-08-20,012,BOCA DE MAO (EMA),VALVERDE,MINISTERIO DE AGRICULTURA,EMAP,37.0,22.8,0.2,https://indomet.gob.do/wp-content/uploads/2025/08/temperaturas-extremas-y-precipitaciones-2025x08x20-a.pdf
2025-08-20,013,ARPT. DE PUNTA CANA,LA ALTAGRACIA,ONAMET,EMCI,32.5,25.5,0.1,https://indomet.gob.do/wp-content/uploads/2025/08/temperaturas-extremas-y-precipitaciones-2025x08x20-a.pdf
2025-08-20,014,CABRAL,BARAHONA,MINISTERIO DE AGRICULTURA,EMCV,35.3,25.5,0.1,https://indomet.gob.do/wp-content/uploads/2025/08/temperaturas-extremas-y-precipitaciones-2025x08x20-a.pdf
2025-08-20,015,ALTO BANDERA (EMA),LA VEGA,INTEC,EMAP,22.4,10.2,0.0,https://indomet.gob.do/wp-content/uploads/2025/08/temperaturas-extremas-y-precipitaciones-2025x08x20-a.pdf
2025-08-20,016,ARPT. ARROYO BARRIL,SAMANÁ,ONAMET,EMCI,34.0,25.0,0.0,https://indomet.gob.do/wp-content/uploads/2025/08/temperaturas-extremas-y-precipitaciones-2025x08x20-a.pdf
2025-08-20,017,ARPT. DE LA ROMANA,LA ROMANA,ONAMET,EMCI,33.8,22.5,0.0,https://indomet.gob.do/wp-content/uploads/2025/08/temperaturas-extremas-y-precipitaciones-2025x08x20-a.pdf
2025-08-20,018,ARPT. DE LAS AMÉRICAS,SANTO DOMINGO,ONAMET,EMCI,32.5,25.4,0.0,https://indomet.gob.do/wp-content/uploads/2025/08/temperaturas-extremas-y-precipitaciones-2025x08x20-a.pdf
2025-08-20,019,ARPT. DEL CIBAO,SANTIAGO,ONAMET,EMCI,36.0,23.3,0.0,https://indomet.gob.do/wp-content/uploads/2025/08/temperaturas-extremas-y-precipitaciones-2025x08x20-a.pdf
2025-08-20,020,ARPT. GREGORIO LUPERÓN,PUERTO PLATA,ONAMET,EMCI,37.0,25.0,0.0,https://indomet.gob.do/wp-content/uploads/2025/08/temperaturas-extremas-y-precipitaciones-2025x08x20-a.pdf
2025-08-20,021,ARPT. LA ISABELA,SANTO DOMINGO,ONAMET,EMCI,34.5,25.0,0.0,https://indomet.gob.do/wp-content/uploads/2025/08/temperaturas-extremas-y-precipitaciones-2025x08x20-a.pdf
2025-08-20,022,ARPT. MARÍA MONTEZ,BARAHONA,ONAMET,EMCI,33.4,25.7,0.0,https://indomet.gob.do/wp-content/uploads/2025/08/temperaturas-extremas-y-precipitaciones-2025x08x20-a.pdf
2025-08-20,023,ARROYO LORO,SAN JUAN,IDIAF,EMCI,33.9,21.3,0.0,https://indomet.gob.do/wp-content/uploads/2025/08/temperaturas-extremas-y-precipitaciones-2025x08x20-a.pdf
2025-08-20,024,BANI (EMA),PERAVIA,MINISTERIO DE AGRICULTURA,EMAP,33.4,26.5,0.0,https://indomet.gob.do/wp-content/uploads/2025/08/temperaturas-extremas-y-precipitaciones-2025x08x20-a.pdf
2025-08-20,025,BOHECHÍO,SAN JUAN,MINISTERIO DE AGRICULTURA,EMCV,,,0.0,https://indomet.gob.do/wp-content/uploads/2025/08/temperaturas-extremas-y-precipitaciones-2025x08x20-a.pdf
2025-08-20,026,BONAO,MONSEÑOR NOUEL,MINISTERIO DE AGRICULTURA,EMCV,,,0.0,https://indomet.gob.do/wp-content/uploads/2025/08/temperaturas-extremas-y-precipitaciones-2025x08x20-a.pdf
2025-08-20,027,CABRERA,MARÍA TRINIDAD SÁNCHEZ,ESCUELA ARÍSTIDES FIALLO CABRAL,EMCI,34.2,26.8,0.0,https://indomet.gob.do/wp-content/uploads/2025/08/temperaturas-extremas-y-precipitaciones-2025x08x20-a.pdf
2025-08-20,028,CENTRO DE LOS HEROES (EMA),DISTRITO NACIONAL,MINISTERIO DE ENERGIA Y MINA,EMAP,32.4,28.2,0.0,https://indomet.gob.do/wp-content/uploads/2025/08/temperaturas-extremas-y-precipitaciones-2025x08x20-a.pdf
2025-08-20,029,CONSTANZA,LA VEGA,MINISTERIO DE AGRICULTURA,EMCI,30.3,12.2,0.0,https://indomet.gob.do/wp-content/uploads/2025/08/temperaturas-extremas-y-precipitaciones-2025x08x20-a.pdf
2025-08-20,030,CONSTANZA (EMA),LA VEGA,PROGRAMA MUNDIAL DE ALIMENTO,EMAP,28.9,13.1,0.0,https://indomet.gob.do/wp-content/uploads/2025/08/temperaturas-extremas-y-precipitaciones-2025x08x20-a.pdf
2025-08-20,031,EL CERCADO,SAN JUAN,MINISTERIO DE AGRICULTURA,EMCV,,,0.0,https://indomet.gob.do/wp-content/uploads/2025/08/temperaturas-extremas-y-precipitaciones-2025x08x20-a.pdf
2025-08-20,032,EL FACTOR (EMA),MARÍA TRINIDAD SÁNCHEZ,INTEC,EMAP,36.6,25.0,0.0,https://indomet.gob.do/wp-content/uploads/2025/08/temperaturas-extremas-y-precipitaciones-2025x08x20-a.pdf
2025-08-20,033,EL SEIBO,EL SEIBO,MINISTERIO DE AGRICULTURA,EMCV,,,0.0,https://indomet.gob.do/wp-content/uploads/2025/08/temperaturas-extremas-y-precipitaciones-2025x08x20-a.pdf
2025-08-20,034,ELÍAS PIÑA,ELÍAS PIÑA,MINISTERIO DE AGRICULTURA,EMCV,,,0.0,https://indomet.gob.do/wp-content/uploads/2025/08/temperaturas-extremas-y-precipitaciones-2025x08x20-a.pdf
2025-08-20,035,ENRIQUILLO,BARAHONA,MINISTERIO DE AGRICULTURA,EMCV,33.2,26.0,0.0,https://indomet.gob.do/wp-content/uploads/2025/08/temperaturas-extremas-y-precipitaciones-2025x08x20-a.pdf
2025-08-20,036,GASPAR HERNÁNDEZ,ESPAILLAT,PROPIEDAD DEL EMPLEADO,EMCI,,,0.0,https://indomet.gob.do/wp-content/uploads/2025/08/temperaturas-extremas-y-precipitaciones-2025x08x20-a.pdf
2025-08-20,037,GURABO,SANTIAGO,MINISTERIO DE AGRICULTURA,EMCV,,,0.0,https://indomet.gob.do/wp-content/uploads/2025/08/temperaturas-extremas-y-precipitaciones-2025x08x20-a.pdf
2025-08-20,038,HATO MAYOR,HATO MAYOR,MINISTERIO DE AGRICULTURA,EMCV,,,0.0,https://indomet.gob.do/wp-content/uploads/2025/08/temperaturas-extremas-y-precipitaciones-2025x08x20-a.pdf
2025-08-20,039,HONDO VALLE,ELÍAS PIÑA,MINISTERIO DE AGRICULTURA,EMCI,28.8,18.9,0.0,https://indomet.gob.do/wp-content/uploads/2025/08/temperaturas-extremas-y-precipitaciones-2025x08x20-a.pdf
2025-08-20,040,JARABACOA,LA VEGA,INDRHI / MARENA,EMCI,36.0,18.2,0.0,https://indomet.gob.do/wp-content/uploads/2025/08/temperaturas-extremas-y-precipitaciones-2025x08x20-a.pdf
2025-08-20,041,JARABACOA (EMA),LA VEGA,PROGRAMA MUNDIAL DE ALIMENTO,EMAP,34.6,19.4,0.0,https://indomet.gob.do/wp-content/uploads/2025/08/temperaturas-extremas-y-precipitaciones-2025x08x20-a.pdf
2025-08-20,042,JARDÍN BOTÁNICO NACIONAL,DISTRITO NACIONAL,JARDÍN BOTÁNICO NACIONAL,EMCV,34.1,24.4,0.0,https://indomet.gob.do/wp-content/uploads/2025/08/temperaturas-extremas-y-precipitaciones-2025x08x20-a.pdf
2025-08-20,043,JIMANÍ,INDEPENDENCIA,MINISTERIO DE AGRICULTURA,EMCI,36.6,26.2,0.0,https://indomet.gob.do/wp-content/uploads/2025/08/temperaturas-extremas-y-precipitaciones-2025x08x20-a.pdf
2025-08-20,044,JUMA BEJUCAL,MONSEÑOR NOUEL,IDIAF,EMCV,33.0,23.2,0.0,https://indomet.gob.do/wp-content/uploads/2025/08/temperaturas-extremas-y-precipitaciones-2025x08x20-a.pdf
2025-08-20,045,LA VEGA,LA VEGA,IATESA,EMCI,35.0,23.0,0.0,https://indomet.gob.do/wp-content/uploads/2025/08/temperaturas-extremas-y-precipitaciones-2025x08x20-a.pdf
2025-08-20,046,LA VICTORIA,SANTO DOMINGO,CUERPO DE BOMBEROS,EMCI,35.0,24.0,0.0,https://indomet.gob.do/wp-content/uploads/2025/08/temperaturas-extremas-y-precipitaciones-2025x08x20-a.pdf
2025-08-20,047,LAS CANAS (EMA),MONTE CRISTI,PROGRAMA MUNDIAL DE ALIMENTO,EMAP,31.7,23.8,0.0,https://indomet.gob.do/wp-content/uploads/2025/08/temperaturas-extremas-y-precipitaciones-2025x08x20-a.pdf
2025-08-20,048,LAS MATAS DE SANTA CRUZ (EMA,MONTE CRISTI,PROGRAMA MUNDIAL DE ALIMENTO,EMAP,35.0,23.8,0.0,https://indomet.gob.do/wp-content/uploads/2025/08/temperaturas-extremas-y-precipitaciones-2025x08x20-a.pdf
2025-08-20,049,LOS LLANOS,SAN PEDRO DE MACORÍS,MINISTERIO DE AGRICULTURA,EMCI,33.8,24.2,0.0,https://indomet.gob.do/wp-content/uploads/2025/08/temperaturas-extremas-y-precipitaciones-2025x08x20-a.pdf
2025-08-20,050,MAO,VALVERDE,INDRHI / MINISTERIO DE AGRICULTURA,EMCV,,,0.0,https://indomet.gob.do/wp-content/uploads/2025/08/temperaturas-extremas-y-precipitaciones-2025x08x20-a.pdf
2025-08-20,051,MONTE CRISTI,MONTE CRISTI,ONAMET,EMCI,34.2,25.6,0.0,https://indomet.gob.do/wp-content/uploads/2025/08/temperaturas-extremas-y-precipitaciones-2025x08x20-a.pdf
2025-08-20,052,NAVARRETE,SANTIAGO,MINISTERIO DE AGRICULTURA,EMCV,,,0.0,https://indomet.gob.do/wp-content/uploads/2025/08/temperaturas-extremas-y-precipitaciones-2025x08x20-a.pdf
2025-08-20,053,OLIVARES,PEDERNALES,INDRHI,EMCI,,,0.0,https://indomet.gob.do/wp-content/uploads/2025/08/temperaturas-extremas-y-precipitaciones-2025x08x20-a.pdf
2025-08-20,054,OVIEDO,PEDERNALES,CLÍNICA RURAL OVIEDO,EMCI,34.4,27.5,0.0,https://indomet.gob.do/wp-content/uploads/2025/08/temperaturas-extremas-y-precipitaciones-2025x08x20-a.pdf
2025-08-20,055,PADRE LAS CASAS,AZUA,HOSP. NTRA. SRA. DEL CARMEN,EMCI,32.5,19.5,0.0,https://indomet.gob.do/wp-content/uploads/2025/08/temperaturas-extremas-y-precipitaciones-2025x08x20-a.pdf
2025-08-20,056,PALO ÍNDIO,PUERTO PLATA,MINISTERIO DE AGRICULTURA,EMCI,,,0.0,https://indomet.gob.do/wp-content/uploads/2025/08/temperaturas-extremas-y-precipitaciones-2025x08x20-a.pdf
2025-08-20,057,PEDERNALES,PEDERNALES,INDRHI,EMCI,,,0.0,https://indomet.gob.do/wp-content/uploads/2025/08/temperaturas-extremas-y-precipitaciones-2025x08x20-a.pdf
2025-08-20,058,PERALTA,AZUA,HOSP. MPAL. DE PERALTA,EMCI,32.0,18.4,0.0,https://indomet.gob.do/wp-content/uploads/2025/08/temperaturas-extremas-y-precipitaciones-2025x08x20-a.pdf
2025-08-20,059,PESCADERIA (EMA),BARAHONA,MINISTERIO DE AGRICULTURA,EMAP,34.1,25.7,0.0,https://indomet.gob.do/wp-content/uploads/2025/08/temperaturas-extremas-y-precipitaciones-2025x08x20-a.pdf
2025-08-20,060,POLO,BARAHONA,INDOCAFE,EMCI,31.5,17.5,0.0,https://indomet.gob.do/wp-content/uploads/2025/08/temperaturas-extremas-y-precipitaciones-2025x08x20-a.pdf
2025-08-20,061,PRESA DE TAVERAS (EMA),LA VEGA,PROGRAMA MUNDIAL DE ALIMENTO,EMAP,35.1,21.4,0.0,https://indomet.gob.do/wp-content/uploads/2025/08/temperaturas-extremas-y-precipitaciones-2025x08x20-a.pdf
2025-08-20,062,RANCHO ARRIBA,SAN JOSÉ DE OCOA,CENTRO TECNOLÓGICO COMUNITARIO,EMCI,32.3,17.1,0.0,https://indomet.gob.do/wp-content/uploads/2025/08/temperaturas-extremas-y-precipitaciones-2025x08x20-a.pdf
2025-08-20,063,RESTAURACIÓN,DAJABÓN,MINISTERIO DE AGRICULTURA,EMCI,33.9,20.4,0.0,https://indomet.gob.do/wp-content/uploads/2025/08/temperaturas-extremas-y-precipitaciones-2025x08x20-a.pdf
2025-08-20,064,RÍO SAN JUAN,MARÍA TRINIDAD SÁNCHEZ,HOSP. MPAL. DR. DESIDERIO ACOSTA,EMCV,35.8,26.0,0.0,https://indomet.gob.do/wp-content/uploads/2025/08/temperaturas-extremas-y-precipitaciones-2025x08x20-a.pdf
2025-08-20,065,SABANA DE LA MAR,HATO MAYOR,ONAMET,EMCI,33.5,23.0,0.0,https://indomet.gob.do/wp-content/uploads/2025/08/temperaturas-extremas-y-precipitaciones-2025x08x20-a.pdf
2025-08-20,066,SABANA GRANDE DE BOYÁ,MONTE PLATA,MINISTERIO DE AGRICULTURA,EMCV,,,0.0,https://indomet.gob.do/wp-content/uploads/2025/08/temperaturas-extremas-y-precipitaciones-2025x08x20-a.pdf
2025-08-20,067,SALCEDO,HERMANAS MIRABAL,PROPIEDAD DEL EMPLEADO,EMCI,,,0.0,https://indomet.gob.do/wp-content/uploads/2025/08/temperaturas-extremas-y-precipitaciones-2025x08x20-a.pdf
2025-08-20,068,SAMANÁ,SAMANÁ,COMANDANCIA DE PUERTO DE SAMANÁ,EMCI,34.7,25.9,0.0,https://indomet.gob.do/wp-content/uploads/2025/08/temperaturas-extremas-y-precipitaciones-2025x08x20-a.pdf
2025-08-20,069,SAN CRISTÓBAL,SAN CRISTÓBAL,INSTITUTO POLITÉCNICO LOYOLA,EMCI,33.2,23.2,0.0,https://indomet.gob.do/wp-content/uploads/2025/08/temperaturas-extremas-y-precipitaciones-2025x08x20-a.pdf
2025-08-20,070,SAN FRANCISCO DE MACORÍS,DUARTE,San Francisco de Macorís (UASD),EMCI,36.0,24.0,0.0,https://indomet.gob.do/wp-content/uploads/2025/08/temperaturas-extremas-y-precipitaciones-2025x08x20-a.pdf
2025-08-20,071,SAN JOSÉ DE OCOA,SAN JOSÉ DE OCOA,HOSP. SAN JOSÉ DE OCOA,EMCI,32.6,20.8,0.0,https://indomet.gob.do/wp-content/uploads/2025/08/temperaturas-extremas-y-precipitaciones-2025x08x20-a.pdf
2025-08-20,072,SAN RAFAEL DEL YUMA,LA ALTAGRACIA,MINISTERIO DE AGRICULTURA,EMCI,34.8,,0.0,https://indomet.gob.do/wp-content/uploads/2025/08/temperaturas-extremas-y-precipitaciones-2025x08x20-a.pdf
2025-08-20,073,SANTO DOMINGO ESTE,SANTO DOMINGO,ONAMET,EMCI,33.5,28.5,0.0,https://indomet.gob.do/wp-content/uploads/2025/08/temperaturas-extremas-y-precipitaciones-2025x08x20-a.pdf
2025-08-20,074,TÁBARA ABAJO,AZUA,INDRHI,EMCI,32.5,24.0,0.0,https://indomet.gob.do/wp-content/uploads/2025/08/temperaturas-extremas-y-precipitaciones-2025x08x20-a.pdf
2025-08-20,075,TAMBORIL,SANTIAGO,MINISTERIO DE AGRICULTURA,EMCV,,,0.0,https://indomet.gob.do/wp-content/uploads/2025/08/temperaturas-extremas-y-precipitaciones-2025x08x20-a.pdf
2025-08-20,076,VALLE NUEVO (EMA),LA VEGA,MARENA,EMAI,21.2,12.2,0.0,https://indomet.gob.do/wp-content/uploads/2025/08/temperaturas-extremas-y-precipitaciones-2025x08x20-a.pdf
2025-08-20,077,VILLA ALTAGRACIA,SAN CRISTÓBAL,ESCUELA JAVIER ANGULO GURIDI,EMCI,,,0.0,https://indomet.gob.do/wp-content/uploads/2025/08/temperaturas-extremas-y-precipitaciones-2025x08x20-a.pdf
2025-08-20,078,VILLA GONZALES,SANTIAGO,MINISTERIO DE AGRICULTURA,EMCI,,,0.0,https://indomet.gob.do/wp-content/uploads/2025/08/temperaturas-extremas-y-precipitaciones-2025x08x20-a.pdf
2025-08-20,079,VILLA ISABELA,PUERTO PLATA,MINISTERIO DE AGRICULTURA,EMCV,,,0.0,https://indomet.gob.do/wp-content/uploads/2025/08/temperaturas-extremas-y-precipitaciones-2025x08x20-a.pdf
2025-08-20,080,VILLA RIVA,DUARTE,HOSP. MPAL. ALICIA DE LEGENDRE,EMCI,35.4,24.4,0.0,https://indomet.gob.do/wp-content/uploads/2025/08/temperaturas-extremas-y-precipitaciones-2025x08x20-a.pdf
2025-08-21,001,LAS MATAS DE SANTA CRUZ (EMA,MONTE CRISTI,PROGRAMA MUNDIAL DE ALIMENTO,EMAP,33.3,22.4,17.3,https://indomet.gob.do/wp-content/uploads/2025/08/temperaturas-extremas-y-precipitaciones-2025x08x21-a.pdf
2025-08-21,002,SANTIAGO RODRÍGUEZ,SANTIAGO RODRÍGUEZ,ONAMET,EMCI,36.6,21.0,1.2,https://indomet.gob.do/wp-content/uploads/2025/08/temperaturas-extremas-y-precipitaciones-2025x08x21-a.pdf
2025-08-21,003,SABANETA (EMA),SANTIAGO RODRÍGUEZ,PROGRAMA MUNDIAL DE ALIMENTO,EMAP,37.2,20.7,0.8,https://indomet.gob.do/wp-content/uploads/2025/08/temperaturas-extremas-y-precipitaciones-2025x08x21-a.pdf
2025-08-21,004,BOCA DE MAO (EMA),VALVERDE,MINISTERIO DE AGRICULTURA,EMAP,37.3,22.6,0.2,https://indomet.gob.do/wp-content/uploads/2025/08/temperaturas-extremas-y-precipitaciones-2025x08x21-a.pdf
2025-08-21,005,HONDO VALLE,ELÍAS PIÑA,MINISTERIO DE AGRICULTURA,EMCI,28.7,18.5,0.1,https://indomet.gob.do/wp-content/uploads/2025/08/temperaturas-extremas-y-precipitaciones-2025x08x21-a.pdf
2025-08-21,006,ALTAMIRA,PUERTO PLATA,HOSP. MPAL. DE ALTAMIRA,EMCI,34.9,20.0,0.0,https://indomet.gob.do/wp-content/uploads/2025/08/temperaturas-extremas-y-precipitaciones-2025x08x21-a.pdf
2025-08-21,007,ALTO BANDERA (EMA),LA VEGA,INTEC,EMAP,19.0,9.3,0.0,https://indomet.gob.do/wp-content/uploads/2025/08/temperaturas-extremas-y-precipitaciones-2025x08x21-a.pdf
2025-08-21,008,ANAMUYA (EMA),LA ALTAGRACIA,MINISTERIO DE AGRICULTURA,EMAP,33.9,26.1,0.0,https://indomet.gob.do/wp-content/uploads/2025/08/temperaturas-extremas-y-precipitaciones-2025x08x21-a.pdf
2025-08-21,009,ARPT. ARROYO BARRIL,SAMANÁ,ONAMET,EMCI,32.9,25.5,0.0,https://indomet.gob.do/wp-content/uploads/2025/08/temperaturas-extremas-y-precipitaciones-2025x08x21-a.pdf
2025-08-21,010,ARPT. DE LA ROMANA,LA ROMANA,ONAMET,EMCI,35.1,24.0,0.0,https://indomet.gob.do/wp-content/uploads/2025/08/temperaturas-extremas-y-precipitaciones-2025x08x21-a.pdf
2025-08-21,011,ARPT. DE LAS AMÉRICAS,SANTO DOMINGO,ONAMET,EMCI,33.5,24.2,0.0,https://indomet.gob.do/wp-content/uploads/2025/08/temperaturas-extremas-y-precipitaciones-2025x08x21-a.pdf
2025-08-21,012,ARPT. DE PUNTA CANA,LA ALTAGRACIA,ONAMET,EMCI,32.4,25.8,0.0,https://indomet.gob.do/wp-content/uploads/2025/08/temperaturas-extremas-y-precipitaciones-2025x08x21-a.pdf
2025-08-21,013,ARPT. DEL CIBAO,SANTIAGO,ONAMET,EMCI,37.0,23.5,0.0,https://indomet.gob.do/wp-content/uploads/2025/08/temperaturas-extremas-y-precipitaciones-2025x08x21-a.pdf
2025-08-21,014,ARPT. EL CATEY,SAMANÁ,ONAMET,EMCI,31.5,22.6,0.0,https://indomet.gob.do/wp-content/uploads/2025/08/temperaturas-extremas-y-precipitaciones-2025x08x21-a.pdf
2025-08-21,015,ARPT. GREGORIO LUPERÓN,PUERTO PLATA,ONAMET,EMCI,33.8,24.5,0.0,https://indomet.gob.do/wp-content/uploads/2025/08/temperaturas-extremas-y-precipitaciones-2025x08x21-a.pdf
2025-08-21,016,ARPT. LA ISABELA,SANTO DOMINGO,ONAMET,EMCI,35.5,24.5,0.0,https://indomet.gob.do/wp-content/uploads/2025/08/temperaturas-extremas-y-precipitaciones-2025x08x21-a.pdf
2025-08-21,017,ARPT. MARÍA MONTEZ,BARAHONA,ONAMET,EMCI,35.2,25.2,0.0,https://indomet.gob.do/wp-content/uploads/2025/08/temperaturas-extremas-y-precipitaciones-2025x08x21-a.pdf
2025-08-21,018,ARROYO LORO,SAN JUAN,IDIAF,EMCI,35.5,18.4,0.0,https://indomet.gob.do/wp-content/uploads/2025/08/temperaturas-extremas-y-precipitaciones-2025x08x21-a.pdf
2025-08-21,019,BANI (EMA),PERAVIA,MINISTERIO DE AGRICULTURA,EMAP,33.6,26.6,0.0,https://indomet.gob.do/wp-content/uploads/2025/08/temperaturas-extremas-y-precipitaciones-2025x08x21-a.pdf
2025-08-21,020,BASE AÉREA DE SAN ISIDRO,SANTO DOMINGO,FUERZA AÉREA DOMINICANA,EMCV,33.0,24.0,0.0,https://indomet.gob.do/wp-content/uploads/2025/08/temperaturas-extremas-y-precipitaciones-2025x08x21-a.pdf
2025-08-21,021,BAYAGUANA,MONTE PLATA,ONAMET,EMCI,35.6,23.6,0.0,https://indomet.gob.do/wp-content/uploads/2025/08/temperaturas-extremas-y-precipitaciones-2025x08x21-a.pdf
2025-08-21,022,BONAO,MONSEÑOR NOUEL,MINISTERIO DE AGRICULTURA,EMCV,,,0.0,https://indomet.gob.do/wp-content/uploads/2025/08/temperaturas-extremas-y-precipitaciones-2025x08x21-a.pdf
2025-08-21,023,CABRAL,BARAHONA,MINISTERIO DE AGRICULTURA,EMCV,37.2,24.4,0.0,https://indomet.gob.do/wp-content/uploads/2025/08/temperaturas-extremas-y-precipitaciones-2025x08x21-a.pdf
2025-08-21,024,CABRERA,MARÍA TRINIDAD SÁNCHEZ,ESCUELA ARÍSTIDES FIALLO CABRAL,EMCI,34.8,27.0,0.0,https://indomet.gob.do/wp-content/uploads/2025/08/temperaturas-extremas-y-precipitaciones-2025x08x21-a.pdf
2025-08-21,025,CENTRO DE LOS HEROES (EMA),DISTRITO NACIONAL,MINISTERIO DE ENERGIA Y MINA,EMAP,32.8,26.6,0.0,https://indomet.gob.do/wp-content/uploads/2025/08/temperaturas-extremas-y-precipitaciones-2025x08x21-a.pdf
2025-08-21,026,CONSTANZA,LA VEGA,MINISTERIO DE AGRICULTURA,EMCI,30.2,11.0,0.0,https://indomet.gob.do/wp-content/uploads/2025/08/temperaturas-extremas-y-precipitaciones-2025x08x21-a.pdf
2025-08-21,027,CONSTANZA (EMA),LA VEGA,PROGRAMA MUNDIAL DE ALIMENTO,EMAP,29.7,12.1,0.0,https://indomet.gob.do/wp-content/uploads/2025/08/temperaturas-extremas-y-precipitaciones-2025x08x21-a.pdf
2025-08-21,028,COTUÍ,SÁNCHEZ RAMÍREZ,HOSP. INMACULADA CONCEPCIÓN,EMCV,,,0.0,https://indomet.gob.do/wp-content/uploads/2025/08/temperaturas-extremas-y-precipitaciones-2025x08x21-a.pdf
2025-08-21,029,DAJABÓN,DAJABÓN,INSTITUTO POLITÉCNICO LOYOLA,EMCI,36.0,20.8,0.0,https://indomet.gob.do/wp-content/uploads/2025/08/temperaturas-extremas-y-precipitaciones-2025x08x21-a.pdf
2025-08-21,030,EL FACTOR (EMA),MARÍA TRINIDAD SÁNCHEZ,INTEC,EMAP,33.9,23.1,0.0,https://indomet.gob.do/wp-content/uploads/2025/08/temperaturas-extremas-y-precipitaciones-2025x08x21-a.pdf
2025-08-21,031,ELÍAS PIÑA,ELÍAS PIÑA,MINISTERIO DE AGRICULTURA,EMCV,,,0.0,https://indomet.gob.do/wp-content/uploads/2025/08/temperaturas-extremas-y-precipitaciones-2025x08x21-a.pdf
2025-08-21,032,ENRIQUILLO,BARAHONA,MINISTERIO DE AGRICULTURA,EMCV,33.5,25.5,0.0,https://indomet.gob.do/wp-content/uploads/2025/08/temperaturas-extremas-y-precipitaciones-2025x08x21-a.pdf
2025-08-21,033,ESCONDIDO,PERAVIA,MINISTERIO DE AGRICULTURA,EMCV,34.0,26.0,0.0,https://indomet.gob.do/wp-content/uploads/2025/08/temperaturas-extremas-y-precipitaciones-2025x08x21-a.pdf
2025-08-21,034,GASPAR HERNÁNDEZ,ESPAILLAT,PROPIEDAD DEL EMPLEADO,EMCI,,,0.0,https://indomet.gob.do/wp-content/uploads/2025/08/temperaturas-extremas-y-precipitaciones-2025x08x21-a.pdf
2025-08-21,035,GURABO,SANTIAGO,MINISTERIO DE AGRICULTURA,EMCV,,,0.0,https://indomet.gob.do/wp-content/uploads/2025/08/temperaturas-extremas-y-precipitaciones-2025x08x21-a.pdf
2025-08-21,036,HATO MAYOR,HATO MAYOR,MINISTERIO DE AGRICULTURA,EMCV,,,0.0,https://indomet.gob.do/wp-content/uploads/2025/08/temperaturas-extremas-y-precipitaciones-2025x08x21-a.pdf
2025-08-21,037,HIGÜEY,LA ALTAGRACIA,MINISTERIO DE AGRICULTURA,EMCV,,,0.0,https://indomet.gob.do/wp-content/uploads/2025/08/temperaturas-extremas-y-precipitaciones-2025x08x21-a.pdf
2025-08-21,038,JARABACOA,LA VEGA,INDRHI / MARENA,EMCI,35.8,16.4,0.0,https://indomet.gob.do/wp-content/uploads/2025/08/temperaturas-extremas-y-precipitaciones-2025x08x21-a.pdf
2025-08-21,039,JARABACOA (EMA),LA VEGA,PROGRAMA MUNDIAL DE ALIMENTO,EMAP,33.8,18.2,0.0,https://indomet.gob.do/wp-content/uploads/2025/08/temperaturas-extremas-y-precipitaciones-2025x08x21-a.pdf
2025-08-21,040,JARDÍN BOTÁNICO NACIONAL,DISTRITO NACIONAL,JARDÍN BOTÁNICO NACIONAL,EMCV,33.0,24.1,0.0,https://indomet.gob.do/wp-content/uploads/2025/08/temperaturas-extremas-y-precipitaciones-2025x08x21-a.pdf
2025-08-21,041,JIMANÍ,INDEPENDENCIA,MINISTERIO DE AGRICULTURA,EMCI,39.2,27.0,0.0,https://indomet.gob.do/wp-content/uploads/2025/08/temperaturas-extremas-y-precipitaciones-2025x08x21-a.pdf
2025-08-21,042,JUMA BEJUCAL,MONSEÑOR NOUEL,IDIAF,EMCV,36.2,23.4,0.0,https://indomet.gob.do/wp-content/uploads/2025/08/temperaturas-extremas-y-precipitaciones-2025x08x21-a.pdf
2025-08-21,043,LA VEGA,LA VEGA,IATESA,EMCI,36.5,22.0,0.0,https://indomet.gob.do/wp-content/uploads/2025/08/temperaturas-extremas-y-precipitaciones-2025x08x21-a.pdf
2025-08-21,044,LA VICTORIA,SANTO DOMINGO,CUERPO DE BOMBEROS,EMCI,34.6,24.0,0.0,https://indomet.gob.do/wp-content/uploads/2025/08/temperaturas-extremas-y-precipitaciones-2025x08x21-a.pdf
2025-08-21,045,LAS CANAS (EMA),MONTE CRISTI,PROGRAMA MUNDIAL DE ALIMENTO,EMAP,32.7,22.7,0.0,https://indomet.gob.do/wp-content/uploads/2025/08/temperaturas-extremas-y-precipitaciones-2025x08x21-a.pdf
2025-08-21,046,LOS JENGIBRES,NAGUA,INDRHI,EMCI,,,0.0,https://indomet.gob.do/wp-content/uploads/2025/08/temperaturas-extremas-y-precipitaciones-2025x08x21-a.pdf
2025-08-21,047,LOS LLANOS,SAN PEDRO DE MACORÍS,MINISTERIO DE AGRICULTURA,EMCI,35.5,23.5,0.0,https://indomet.gob.do/wp-content/uploads/2025/08/temperaturas-extremas-y-precipitaciones-2025x08x21-a.pdf
2025-08-21,048,LOS TRES CHARCOS (EMA),PEDERNALES,PROPIEDAD DEL VOLUNTARIO,EMAP,,,0.0,https://indomet.gob.do/wp-content/uploads/2025/08/temperaturas-extremas-y-precipitaciones-2025x08x21-a.pdf
2025-08-21,049,MAO,VALVERDE,INDRHI / MINISTERIO DE AGRICULTURA,EMCV,,,0.0,https://indomet.gob.do/wp-content/uploads/2025/08/temperaturas-extremas-y-precipitaciones-2025x08x21-a.pdf
2025-08-21,050,MONCIÓN (EMA),SANTIAGO RODRÍGUEZ,PROGRAMA MUNDIAL DE ALIMENTO,EMAP,33.9,18.3,0.0,https://indomet.gob.do/wp-content/uploads/2025/08/temperaturas-extremas-y-precipitaciones-2025x08x21-a.pdf
2025-08-21,051,MONTE CRISTI,MONTE CRISTI,ONAMET,EMCI,34.7,25.0,0.0,https://indomet.gob.do/wp-content/uploads/2025/08/temperaturas-extremas-y-precipitaciones-2025x08x21-a.pdf
2025-08-21,052,NAVARRETE,SANTIAGO,MINISTERIO DE AGRICULTURA,EMCV,,,0.0,https://indomet.gob.do/wp-content/uploads/2025/08/temperaturas-extremas-y-precipitaciones-2025x08x21-a.pdf
2025-08-21,053,OLIVARES,PEDERNALES,INDRHI,EMCI,,,0.0,https://indomet.gob.do/wp-content/uploads/2025/08/temperaturas-extremas-y-precipitaciones-2025x08x21-a.pdf
2025-08-21,054,OVIEDO,PEDERNALES,CLÍNICA RURAL OVIEDO,EMCI,35.0,25.5,0.0,https://indomet.gob.do/wp-content/uploads/2025/08/temperaturas-extremas-y-precipitaciones-2025x08x21-a.pdf
2025-08-21,055,PADRE LAS CASAS,AZUA,HOSP. NTRA. SRA. DEL CARMEN,EMCI,35.0,18.5,0.0,https://indomet.gob.do/wp-content/uploads/2025/08/temperaturas-extremas-y-precipitaciones-2025x08x21-a.pdf
2025-08-21,056,PALO ÍNDIO,PUERTO PLATA,MINISTERIO DE AGRICULTURA,EMCI,,,0.0,https://indomet.gob.do/wp-content/uploads/2025/08/temperaturas-extremas-y-precipitaciones-2025x08x21-a.pdf
2025-08-21,057,PASO AL MEDIO,SAN PEDRO DE MACORÍS,INDRHI,EMCI,,,0.0,https://indomet.gob.do/wp-content/uploads/2025/08/temperaturas-extremas-y-precipitaciones-2025x08x21-a.pdf
2025-08-21,058,PEDERNALES,PEDERNALES,INDRHI,EMCI,,,0.0,https://indomet.gob.do/wp-content/uploads/2025/08/temperaturas-extremas-y-precipitaciones-2025x08x21-a.pdf
2025-08-21,059,PERALTA,AZUA,HOSP. MPAL. DE PERALTA,EMCI,32.2,17.3,0.0,https://indomet.gob.do/wp-content/uploads/2025/08/temperaturas-extremas-y-precipitaciones-2025x08x21-a.pdf
2025-08-21,060,PESCADERIA (EMA),BARAHONA,MINISTERIO DE AGRICULTURA,EMAP,35.4,24.7,0.0,https://indomet.gob.do/wp-content/uploads/2025/08/temperaturas-extremas-y-precipitaciones-2025x08x21-a.pdf
2025-08-21,061,POLO,BARAHONA,INDOCAFE,EMCI,32.0,17.5,0.0,https://indomet.gob.do/wp-content/uploads/2025/08/temperaturas-extremas-y-precipitaciones-2025x08x21-a.pdf
2025-08-21,062,PONTÓN ABAJO (EMA),LA VEGA,MINISTERIO DE AGRICULTURA,EMAP,37.7,23.4,0.0,https://indomet.gob.do/wp-content/uploads/2025/08/temperaturas-extremas-y-precipitaciones-2025x08x21-a.pdf
2025-08-21,063,PRESA DE TAVERAS (EMA),LA VEGA,PROGRAMA MUNDIAL DE ALIMENTO,EMAP,34.3,21.5,0.0,https://indomet.gob.do/wp-content/uploads/2025/08/temperaturas-extremas-y-precipitaciones-2025x08x21-a.pdf
2025-08-21,064,RANCHO ARRIBA,SAN JOSÉ DE OCOA,CENTRO TECNOLÓGICO COMUNITARIO,EMCI,34.2,16.1,0.0,https://indomet.gob.do/wp-content/uploads/2025/08/temperaturas-extremas-y-precipitaciones-2025x08x21-a.pdf
2025-08-21,065,RESTAURACIÓN,DAJABÓN,MINISTERIO DE AGRICULTURA,EMCI,32.5,19.7,0.0,https://indomet.gob.do/wp-content/uploads/2025/08/temperaturas-extremas-y-precipitaciones-2025x08x21-a.pdf
2025-08-21,066,RÍO SAN JUAN,MARÍA TRINIDAD SÁNCHEZ,HOSP. MPAL. DR. DESIDERIO ACOSTA,EMCV,35.3,23.5,0.0,https://indomet.gob.do/wp-content/uploads/2025/08/temperaturas-extremas-y-precipitaciones-2025x08x21-a.pdf
2025-08-21,067,SABANA DE LA MAR,HATO MAYOR,ONAMET,EMCI,32.0,24.0,0.0,https://indomet.gob.do/wp-content/uploads/2025/08/temperaturas-extremas-y-precipitaciones-2025x08x21-a.pdf
2025-08-21,068,SABANA GRANDE DE BOYÁ,MONTE PLATA,MINISTERIO DE AGRICULTURA,EMCV,,,0.0,https://indomet.gob.do/wp-content/uploads/2025/08/temperaturas-extremas-y-precipitaciones-2025x08x21-a.pdf
2025-08-21,069,SALCEDO,HERMANAS MIRABAL,PROPIEDAD DEL EMPLEADO,EMCI,,,0.0,https://indomet.gob.do/wp-content/uploads/2025/08/temperaturas-extremas-y-precipitaciones-2025x08x21-a.pdf
2025-08-21,070,SAMANÁ,SAMANÁ,COMANDANCIA DE PUERTO DE SAMANÁ,EMCI,34.2,23.1,0.0,https://indomet.gob.do/wp-content/uploads/2025/08/temperaturas-extremas-y-precipitaciones-2025x08x21-a.pdf
2025-08-21,071,SAN CRISTÓBAL,SAN CRISTÓBAL,INSTITUTO POLITÉCNICO LOYOLA,EMCI,33.4,24.0,0.0,https://indomet.gob.do/wp-content/uploads/2025/08/temperaturas-extremas-y-precipitaciones-2025x08x21-a.pdf
2025-08-21,072,SAN FRANCISCO DE MACORÍS,DUARTE,San Francisco de Macorís (UASD),EMCI,36.2,23.9,0.0,https://indomet.gob.do/wp-content/uploads/2025/08/temperaturas-extremas-y-precipitaciones-2025x08x21-a.pdf
2025-08-21,073,SAN JOSÉ DE OCOA,SAN JOSÉ DE OCOA,HOSP. SAN JOSÉ DE OCOA,EMCI,30.9,22.1,0.0,https://indomet.gob.do/wp-content/uploads/2025/08/temperaturas-extremas-y-precipitaciones-2025x08x21-a.pdf
2025-08-21,074,SAN RAFAEL DEL YUMA,LA ALTAGRACIA,MINISTERIO DE AGRICULTURA,EMCI,36.4,24.6,0.0,https://indomet.gob.do/wp-content/uploads/2025/08/temperaturas-extremas-y-precipitaciones-2025x08x21-a.pdf
2025-08-21,075,SÁNCHEZ,SAMANÁ,MINISTERIO DE AGRICULTURA,EMCI,33.3,23.2,0.0,https://indomet.gob.do/wp-content/uploads/2025/08/temperaturas-extremas-y-precipitaciones-2025x08x21-a.pdf
2025-08-21,076,SANTO DOMINGO ESTE,SANTO DOMINGO,ONAMET,EMCI,33.0,27.0,0.0,https://indomet.gob.do/wp-content/uploads/2025/08/temperaturas-extremas-y-precipitaciones-2025x08x21-a.pdf
2025-08-21,077,TÁBARA ABAJO,AZUA,INDRHI,EMCI,34.5,22.5,0.0,https://indomet.gob.do/wp-content/uploads/2025/08/temperaturas-extremas-y-precipitaciones-2025x08x21-a.pdf
2025-08-21,078,TAMBORIL,SANTIAGO,MINISTERIO DE AGRICULTURA,EMCV,,,0.0,https://indomet.gob.do/wp-content/uploads/2025/08/temperaturas-extremas-y-precipitaciones-2025x08x21-a.pdf
2025-08-21,079,TAVERA,SANTIAGO,INDRHI,EMCI,,,0.0,https://indomet.gob.do/wp-content/uploads/2025/08/temperaturas-extremas-y-precipitaciones-2025x08x21-a.pdf
2025-08-21,080,VALLE NUEVO (EMA),LA VEGA,MARENA,EMAI,23.2,16.0,0.0,https://indomet.gob.do/wp-content/uploads/2025/08/temperaturas-extremas-y-precipitaciones-2025x08x21-a.pdf
2025-08-21,081,VILLA ALTAGRACIA,SAN CRISTÓBAL,ESCUELA JAVIER ANGULO GURIDI,EMCI,,,0.0,https://indomet.gob.do/wp-content/uploads/2025/08/temperaturas-extremas-y-precipitaciones-2025x08x21-a.pdf
2025-08-21,082,VILLA GONZALES,SANTIAGO,MINISTERIO DE AGRICULTURA,EMCI,,,0.0,https://indomet.gob.do/wp-content/uploads/2025/08/temperaturas-extremas-y-precipitaciones-2025x08x21-a.pdf
2025-08-21,083,VILLA ISABELA,PUERTO PLATA,MINISTERIO DE AGRICULTURA,EMCV,,,0.0,https://indomet.gob.do/wp-content/uploads/2025/08/temperaturas-extremas-y-precipitaciones-2025x08x21-a.pdf
2025-08-21,084,VILLA RIVA,DUARTE,HOSP. MPAL. ALICIA DE LEGENDRE,EMCI,35.2,23.0,0.0,https://indomet.gob.do/wp-content/uploads/2025/08/temperaturas-extremas-y-precipitaciones-2025x08x21-a.pdf
2025-08-22,001,GASPAR HERNÁNDEZ,ESPAILLAT,PROPIEDAD DEL EMPLEADO,EMCI,,,10.4,https://indomet.gob.do/wp-content/uploads/2025/08/temperaturas-extremas-y-precipitaciones-2025x08x22-a.pdf
2025-08-22,002,CABRERA,MARÍA TRINIDAD SÁNCHEZ,ESCUELA ARÍSTIDES FIALLO CABRAL,EMCI,34.6,26.0,5.8,https://indomet.gob.do/wp-content/uploads/2025/08/temperaturas-extremas-y-precipitaciones-2025x08x22-a.pdf
2025-08-22,003,ARPT. GREGORIO LUPERÓN,PUERTO PLATA,ONAMET,EMCI,33.2,23.6,3.0,https://indomet.gob.do/wp-content/uploads/2025/08/temperaturas-extremas-y-precipitaciones-2025x08x22-a.pdf
2025-08-22,004,ANAMUYA (EMA),LA ALTAGRACIA,MINISTERIO DE AGRICULTURA,EMAP,32.7,24.6,2.2,https://indomet.gob.do/wp-content/uploads/2025/08/temperaturas-extremas-y-precipitaciones-2025x08x22-a.pdf
2025-08-22,005,RÍO SAN JUAN,MARÍA TRINIDAD SÁNCHEZ,HOSP. MPAL. DR. DESIDERIO ACOSTA,EMCV,33.1,24.5,2.0,https://indomet.gob.do/wp-content/uploads/2025/08/temperaturas-extremas-y-precipitaciones-2025x08x22-a.pdf
2025-08-22,006,PALO ÍNDIO,PUERTO PLATA,MINISTERIO DE AGRICULTURA,EMCI,,,1.8,https://indomet.gob.do/wp-content/uploads/2025/08/temperaturas-extremas-y-precipitaciones-2025x08x22-a.pdf
2025-08-22,007,PONTÓN ABAJO (EMA),LA VEGA,MINISTERIO DE AGRICULTURA,EMAP,39.5,23.6,0.8,https://indomet.gob.do/wp-content/uploads/2025/08/temperaturas-extremas-y-precipitaciones-2025x08x22-a.pdf
2025-08-22,008,VILLA RIVA,DUARTE,HOSP. MPAL. ALICIA DE LEGENDRE,EMCI,33.8,24.0,0.8,https://indomet.gob.do/wp-content/uploads/2025/08/temperaturas-extremas-y-precipitaciones-2025x08x22-a.pdf
2025-08-22,009,LA VEGA,LA VEGA,IATESA,EMCI,36.4,22.2,0.7,https://indomet.gob.do/wp-content/uploads/2025/08/temperaturas-extremas-y-precipitaciones-2025x08x22-a.pdf
2025-08-22,010,RANCHO ARRIBA,SAN JOSÉ DE OCOA,CENTRO TECNOLÓGICO COMUNITARIO,EMCI,33.5,17.3,0.6,https://indomet.gob.do/wp-content/uploads/2025/08/temperaturas-extremas-y-precipitaciones-2025x08x22-a.pdf
2025-08-22,011,ENRIQUILLO,BARAHONA,MINISTERIO DE AGRICULTURA,EMCV,34.5,26.0,0.4,https://indomet.gob.do/wp-content/uploads/2025/08/temperaturas-extremas-y-precipitaciones-2025x08x22-a.pdf
2025-08-22,012,JUMA BEJUCAL,MONSEÑOR NOUEL,IDIAF,EMCV,35.0,25.2,0.3,https://indomet.gob.do/wp-content/uploads/2025/08/temperaturas-extremas-y-precipitaciones-2025x08x22-a.pdf
2025-08-22,013,BAYAGUANA,MONTE PLATA,ONAMET,EMCI,34.2,22.6,0.2,https://indomet.gob.do/wp-content/uploads/2025/08/temperaturas-extremas-y-precipitaciones-2025x08x22-a.pdf
2025-08-22,014,ARPT. DE PUNTA CANA,LA ALTAGRACIA,ONAMET,EMCI,32.5,26.0,0.1,https://indomet.gob.do/wp-content/uploads/2025/08/temperaturas-extremas-y-precipitaciones-2025x08x22-a.pdf
2025-08-22,015,ARROYO LORO,SAN JUAN,IDIAF,EMCI,35.4,22.0,0.1,https://indomet.gob.do/wp-content/uploads/2025/08/temperaturas-extremas-y-precipitaciones-2025x08x22-a.pdf
2025-08-22,016,POLO,BARAHONA,INDOCAFE,EMCI,31.0,19.0,0.1,https://indomet.gob.do/wp-content/uploads/2025/08/temperaturas-extremas-y-precipitaciones-2025x08x22-a.pdf
2025-08-22,017,SAN RAFAEL DEL YUMA,LA ALTAGRACIA,MINISTERIO DE AGRICULTURA,EMCI,35.1,24.0,0.1,https://indomet.gob.do/wp-content/uploads/2025/08/temperaturas-extremas-y-precipitaciones-2025x08x22-a.pdf
2025-08-22,018,ALTAMIRA,PUERTO PLATA,HOSP. MPAL. DE ALTAMIRA,EMCI,33.3,21.9,0.0,https://indomet.gob.do/wp-content/uploads/2025/08/temperaturas-extremas-y-precipitaciones-2025x08x22-a.pdf
2025-08-22,019,ALTO BANDERA (EMA),LA VEGA,INTEC,EMAP,19.9,9.2,0.0,https://indomet.gob.do/wp-content/uploads/2025/08/temperaturas-extremas-y-precipitaciones-2025x08x22-a.pdf
2025-08-22,020,ARPT. ARROYO BARRIL,SAMANÁ,ONAMET,EMCI,32.0,24.0,0.0,https://indomet.gob.do/wp-content/uploads/2025/08/temperaturas-extremas-y-precipitaciones-2025x08x22-a.pdf
2025-08-22,021,ARPT. DE LA ROMANA,LA ROMANA,ONAMET,EMCI,34.0,21.5,0.0,https://indomet.gob.do/wp-content/uploads/2025/08/temperaturas-extremas-y-precipitaciones-2025x08x22-a.pdf
2025-08-22,022,ARPT. DE LAS AMÉRICAS,SANTO DOMINGO,ONAMET,EMCI,34.6,24.8,0.0,https://indomet.gob.do/wp-content/uploads/2025/08/temperaturas-extremas-y-precipitaciones-2025x08x22-a.pdf
2025-08-22,023,ARPT. DEL CIBAO,SANTIAGO,ONAMET,EMCI,35.8,21.6,0.0,https://indomet.gob.do/wp-content/uploads/2025/08/temperaturas-extremas-y-precipitaciones-2025x08x22-a.pdf
2025-08-22,024,ARPT. EL CATEY,SAMANÁ,ONAMET,EMCI,31.6,22.6,0.0,https://indomet.gob.do/wp-content/uploads/2025/08/temperaturas-extremas-y-precipitaciones-2025x08x22-a.pdf
2025-08-22,025,ARPT. LA ISABELA,SANTO DOMINGO,ONAMET,EMCI,35.6,23.5,0.0,https://indomet.gob.do/wp-content/uploads/2025/08/temperaturas-extremas-y-precipitaciones-2025x08x22-a.pdf
2025-08-22,026,ARPT. MARÍA MONTEZ,BARAHONA,ONAMET,EMCI,35.2,24.5,0.0,https://indomet.gob.do/wp-content/uploads/2025/08/temperaturas-extremas-y-precipitaciones-2025x08x22-a.pdf
2025-08-22,027,BANI (EMA),PERAVIA,MINISTERIO DE AGRICULTURA,EMAP,,,0.0,https://indomet.gob.do/wp-content/uploads/2025/08/temperaturas-extremas-y-precipitaciones-2025x08x22-a.pdf
2025-08-22,028,BOCA DE MAO (EMA),VALVERDE,MINISTERIO DE AGRICULTURA,EMAP,36.1,22.7,0.0,https://indomet.gob.do/wp-content/uploads/2025/08/temperaturas-extremas-y-precipitaciones-2025x08x22-a.pdf
2025-08-22,029,CABRAL,BARAHONA,MINISTERIO DE AGRICULTURA,EMCV,37.3,26.4,0.0,https://indomet.gob.do/wp-content/uploads/2025/08/temperaturas-extremas-y-precipitaciones-2025x08x22-a.pdf
2025-08-22,030,CENTRO DE LOS HEROES (EMA),DISTRITO NACIONAL,MINISTERIO DE ENERGIA Y MINA,EMAP,35.6,27.0,0.0,https://indomet.gob.do/wp-content/uploads/2025/08/temperaturas-extremas-y-precipitaciones-2025x08x22-a.pdf
2025-08-22,031,CONSTANZA,LA VEGA,MINISTERIO DE AGRICULTURA,EMCI,29.8,17.2,0.0,https://indomet.gob.do/wp-content/uploads/2025/08/temperaturas-extremas-y-precipitaciones-2025x08x22-a.pdf
2025-08-22,032,CONSTANZA (EMA),LA VEGA,PROGRAMA MUNDIAL DE ALIMENTO,EMAP,29.2,13.5,0.0,https://indomet.gob.do/wp-content/uploads/2025/08/temperaturas-extremas-y-precipitaciones-2025x08x22-a.pdf
2025-08-22,033,DAJABÓN,DAJABÓN,INSTITUTO POLITÉCNICO LOYOLA,EMCI,35.9,20.0,0.0,https://indomet.gob.do/wp-content/uploads/2025/08/temperaturas-extremas-y-precipitaciones-2025x08x22-a.pdf
2025-08-22,034,EL FACTOR (EMA),MARÍA TRINIDAD SÁNCHEZ,INTEC,EMAP,32.8,23.8,0.0,https://indomet.gob.do/wp-content/uploads/2025/08/temperaturas-extremas-y-precipitaciones-2025x08x22-a.pdf
2025-08-22,035,ELÍAS PIÑA,ELÍAS PIÑA,MINISTERIO DE AGRICULTURA,EMCV,,,0.0,https://indomet.gob.do/wp-content/uploads/2025/08/temperaturas-extremas-y-precipitaciones-2025x08x22-a.pdf
2025-08-22,036,ESCONDIDO,PERAVIA,MINISTERIO DE AGRICULTURA,EMCV,34.0,25.0,0.0,https://indomet.gob.do/wp-content/uploads/2025/08/temperaturas-extremas-y-precipitaciones-2025x08x22-a.pdf
2025-08-22,037,GURABO,SANTIAGO,MINISTERIO DE AGRICULTURA,EMCV,,,0.0,https://indomet.gob.do/wp-content/uploads/2025/08/temperaturas-extremas-y-precipitaciones-2025x08x22-a.pdf
2025-08-22,038,HATO MAYOR,HATO MAYOR,MINISTERIO DE AGRICULTURA,EMCV,,,0.0,https://indomet.gob.do/wp-content/uploads/2025/08/temperaturas-extremas-y-precipitaciones-2025x08x22-a.pdf
2025-08-22,039,HONDO VALLE,ELÍAS PIÑA,MINISTERIO DE AGRICULTURA,EMCI,28.9,18.9,0.0,https://indomet.gob.do/wp-content/uploads/2025/08/temperaturas-extremas-y-precipitaciones-2025x08x22-a.pdf
2025-08-22,040,JARABACOA,LA VEGA,INDRHI / MARENA,EMCI,34.2,18.2,0.0,https://indomet.gob.do/wp-content/uploads/2025/08/temperaturas-extremas-y-precipitaciones-2025x08x22-a.pdf
2025-08-22,041,JARABACOA (EMA),LA VEGA,PROGRAMA MUNDIAL DE ALIMENTO,EMAP,32.9,20.1,0.0,https://indomet.gob.do/wp-content/uploads/2025/08/temperaturas-extremas-y-precipitaciones-2025x08x22-a.pdf
2025-08-22,042,JIMANÍ,INDEPENDENCIA,MINISTERIO DE AGRICULTURA,EMCI,39.5,25.5,0.0,https://indomet.gob.do/wp-content/uploads/2025/08/temperaturas-extremas-y-precipitaciones-2025x08x22-a.pdf
2025-08-22,043,LA VICTORIA,SANTO DOMINGO,CUERPO DE BOMBEROS,EMCI,35.1,26.0,0.0,https://indomet.gob.do/wp-content/uploads/2025/08/temperaturas-extremas-y-precipitaciones-2025x08x22-a.pdf
2025-08-22,044,LAS CANAS (EMA),MONTE CRISTI,PROGRAMA MUNDIAL DE ALIMENTO,EMAP,30.4,24.2,0.0,https://indomet.gob.do/wp-content/uploads/2025/08/temperaturas-extremas-y-precipitaciones-2025x08x22-a.pdf
2025-08-22,045,LAS MATAS DE SANTA CRUZ (EMA,MONTE CRISTI,PROGRAMA MUNDIAL DE ALIMENTO,EMAP,31.4,23.0,0.0,https://indomet.gob.do/wp-content/uploads/2025/08/temperaturas-extremas-y-precipitaciones-2025x08x22-a.pdf
2025-08-22,046,LOS LLANOS,SAN PEDRO DE MACORÍS,MINISTERIO DE AGRICULTURA,EMCI,34.6,23.5,0.0,https://indomet.gob.do/wp-content/uploads/2025/08/temperaturas-extremas-y-precipitaciones-2025x08x22-a.pdf
2025-08-22,047,MAO,VALVERDE,INDRHI / MINISTERIO DE AGRICULTURA,EMCV,,,0.0,https://indomet.gob.do/wp-content/uploads/2025/08/temperaturas-extremas-y-precipitaciones-2025x08x22-a.pdf
2025-08-22,048,MONCIÓN (EMA),SANTIAGO RODRÍGUEZ,PROGRAMA MUNDIAL DE ALIMENTO,EMAP,34.9,20.1,0.0,https://indomet.gob.do/wp-content/uploads/2025/08/temperaturas-extremas-y-precipitaciones-2025x08x22-a.pdf
2025-08-22,049,MONTE CRISTI,MONTE CRISTI,ONAMET,EMCI,33.7,23.5,0.0,https://indomet.gob.do/wp-content/uploads/2025/08/temperaturas-extremas-y-precipitaciones-2025x08x22-a.pdf
2025-08-22,050,NAVARRETE,SANTIAGO,MINISTERIO DE AGRICULTURA,EMCV,,,0.0,https://indomet.gob.do/wp-content/uploads/2025/08/temperaturas-extremas-y-precipitaciones-2025x08x22-a.pdf
2025-08-22,051,OLIVARES,PEDERNALES,INDRHI,EMCI,,,0.0,https://indomet.gob.do/wp-content/uploads/2025/08/temperaturas-extremas-y-precipitaciones-2025x08x22-a.pdf
2025-08-22,052,OVIEDO,PEDERNALES,CLÍNICA RURAL OVIEDO,EMCI,35.6,23.5,0.0,https://indomet.gob.do/wp-content/uploads/2025/08/temperaturas-extremas-y-precipitaciones-2025x08x22-a.pdf
2025-08-22,053,PADRE LAS CASAS,AZUA,HOSP. NTRA. SRA. DEL CARMEN,EMCI,35.6,20.7,0.0,https://indomet.gob.do/wp-content/uploads/2025/08/temperaturas-extremas-y-precipitaciones-2025x08x22-a.pdf
2025-08-22,054,PEDERNALES,PEDERNALES,INDRHI,EMCI,,,0.0,https://indomet.gob.do/wp-content/uploads/2025/08/temperaturas-extremas-y-precipitaciones-2025x08x22-a.pdf
2025-08-22,055,PERALTA,AZUA,HOSP. MPAL. DE PERALTA,EMCI,33.5,19.0,0.0,https://indomet.gob.do/wp-content/uploads/2025/08/temperaturas-extremas-y-precipitaciones-2025x08x22-a.pdf
2025-08-22,056,PESCADERIA (EMA),BARAHONA,MINISTERIO DE AGRICULTURA,EMAP,36.2,26.3,0.0,https://indomet.gob.do/wp-content/uploads/2025/08/temperaturas-extremas-y-precipitaciones-2025x08x22-a.pdf
2025-08-22,057,PRESA DE TAVERAS (EMA),LA VEGA,PROGRAMA MUNDIAL DE ALIMENTO,EMAP,37.4,22.2,0.0,https://indomet.gob.do/wp-content/uploads/2025/08/temperaturas-extremas-y-precipitaciones-2025x08x22-a.pdf
2025-08-22,058,RESTAURACIÓN,DAJABÓN,MINISTERIO DE AGRICULTURA,EMCI,32.0,18.9,0.0,https://indomet.gob.do/wp-content/uploads/2025/08/temperaturas-extremas-y-precipitaciones-2025x08x22-a.pdf
2025-08-22,059,SABANA DE LA MAR,HATO MAYOR,ONAMET,EMCI,32.5,23.5,0.0,https://indomet.gob.do/wp-content/uploads/2025/08/temperaturas-extremas-y-precipitaciones-2025x08x22-a.pdf
2025-08-22,060,SABANA GRANDE DE BOYÁ,MONTE PLATA,MINISTERIO DE AGRICULTURA,EMCV,,,0.0,https://indomet.gob.do/wp-content/uploads/2025/08/temperaturas-extremas-y-precipitaciones-2025x08x22-a.pdf
2025-08-22,061,SABANETA (EMA),SANTIAGO RODRÍGUEZ,PROGRAMA MUNDIAL DE ALIMENTO,EMAP,37.1,22.2,0.0,https://indomet.gob.do/wp-content/uploads/2025/08/temperaturas-extremas-y-precipitaciones-2025x08x22-a.pdf
2025-08-22,062,SALCEDO,HERMANAS MIRABAL,PROPIEDAD DEL EMPLEADO,EMCI,,,0.0,https://indomet.gob.do/wp-content/uploads/2025/08/temperaturas-extremas-y-precipitaciones-2025x08x22-a.pdf
2025-08-22,063,SAMANÁ,SAMANÁ,COMANDANCIA DE PUERTO DE SAMANÁ,EMCI,33.6,22.6,0.0,https://indomet.gob.do/wp-content/uploads/2025/08/temperaturas-extremas-y-precipitaciones-2025x08x22-a.pdf
2025-08-22,064,SAN CRISTÓBAL,SAN CRISTÓBAL,INSTITUTO POLITÉCNICO LOYOLA,EMCI,36.0,23.2,0.0,https://indomet.gob.do/wp-content/uploads/2025/08/temperaturas-extremas-y-precipitaciones-2025x08x22-a.pdf
2025-08-22,065,SAN JOSÉ DE OCOA,SAN JOSÉ DE OCOA,HOSP. SAN JOSÉ DE OCOA,EMCI,34.5,22.1,0.0,https://indomet.gob.do/wp-content/uploads/2025/08/temperaturas-extremas-y-precipitaciones-2025x08x22-a.pdf
2025-08-22,066,SÁNCHEZ,SAMANÁ,MINISTERIO DE AGRICULTURA,EMCI,33.1,22.8,0.0,https://indomet.gob.do/wp-content/uploads/2025/08/temperaturas-extremas-y-precipitaciones-2025x08x22-a.pdf
2025-08-22,067,SANTIAGO RODRÍGUEZ,SANTIAGO RODRÍGUEZ,ONAMET,EMCI,37.0,23.0,0.0,https://indomet.gob.do/wp-content/uploads/2025/08/temperaturas-extremas-y-precipitaciones-2025x08x22-a.pdf
2025-08-22,068,SANTO DOMINGO ESTE,SANTO DOMINGO,ONAMET,EMCI,35.8,26.5,0.0,https://indomet.gob.do/wp-content/uploads/2025/08/temperaturas-extremas-y-precipitaciones-2025x08x22-a.pdf
2025-08-22,069,TÁBARA ABAJO,AZUA,INDRHI,EMCI,32.5,20.5,0.0,https://indomet.gob.do/wp-content/uploads/2025/08/temperaturas-extremas-y-precipitaciones-2025x08x22-a.pdf
2025-08-22,070,TAMBORIL,SANTIAGO,MINISTERIO DE AGRICULTURA,EMCV,,,0.0,https://indomet.gob.do/wp-content/uploads/2025/08/temperaturas-extremas-y-precipitaciones-2025x08x22-a.pdf
2025-08-22,071,VALLE NUEVO (EMA),LA VEGA,MARENA,EMAI,21.9,12.2,0.0,https://indomet.gob.do/wp-content/uploads/2025/08/temperaturas-extremas-y-precipitaciones-2025x08x22-a.pdf
2025-08-22,072,VILLA GONZALES,SANTIAGO,MINISTERIO DE AGRICULTURA,EMCI,,,0.0,https://indomet.gob.do/wp-content/uploads/2025/08/temperaturas-extremas-y-precipitaciones-2025x08x22-a.pdf
2025-08-22,073,VILLA ISABELA,PUERTO PLATA,MINISTERIO DE AGRICULTURA,EMCV,,,0.0,https://indomet.gob.do/wp-content/uploads/2025/08/temperaturas-extremas-y-precipitaciones-2025x08x22-a.pdf
2025-08-23,001,PADRE LAS CASAS,AZUA,HOSP. NTRA. SRA. DEL CARMEN,EMCI,33.5,19.4,34.6,https://indomet.gob.do/wp-content/uploads/2025/08/temperaturas-extremas-y-precipitaciones-2025x08x23-a.pdf
2025-08-23,002,LOS LLANOS,SAN PEDRO DE MACORÍS,MINISTERIO DE AGRICULTURA,EMCI,34.2,23.2,24.2,https://indomet.gob.do/wp-content/uploads/2025/08/temperaturas-extremas-y-precipitaciones-2025x08x23-a.pdf
2025-08-23,003,TÁBARA ABAJO,AZUA,INDRHI,EMCI,33.4,22.0,21.0,https://indomet.gob.do/wp-content/uploads/2025/08/temperaturas-extremas-y-precipitaciones-2025x08x23-a.pdf
2025-08-23,004,RESTAURACIÓN,DAJABÓN,MINISTERIO DE AGRICULTURA,EMCI,31.4,17.1,18.3,https://indomet.gob.do/wp-content/uploads/2025/08/temperaturas-extremas-y-precipitaciones-2025x08x23-a.pdf
2025-08-23,005,ARPT. DE LA ROMANA,LA ROMANA,ONAMET,EMCI,30.3,21.5,17.0,https://indomet.gob.do/wp-content/uploads/2025/08/temperaturas-extremas-y-precipitaciones-2025x08x23-a.pdf
2025-08-23,006,PERALTA,AZUA,HOSP. MPAL. DE PERALTA,EMCI,32.5,18.9,16.8,https://indomet.gob.do/wp-content/uploads/2025/08/temperaturas-extremas-y-precipitaciones-2025x08x23-a.pdf
2025-08-23,007,POLO,BARAHONA,INDOCAFE,EMCI,31.0,20.0,16.0,https://indomet.gob.do/wp-content/uploads/2025/08/temperaturas-extremas-y-precipitaciones-2025x08x23-a.pdf
2025-08-23,008,CABRERA,MARÍA TRINIDAD SÁNCHEZ,ESCUELA ARÍSTIDES FIALLO CABRAL,EMCI,34.0,26.4,15.5,https://indomet.gob.do/wp-content/uploads/2025/08/temperaturas-extremas-y-precipitaciones-2025x08x23-a.pdf
2025-08-23,009,ARPT. DE LAS AMÉRICAS,SANTO DOMINGO,ONAMET,EMCI,32.4,23.0,11.8,https://indomet.gob.do/wp-content/uploads/2025/08/temperaturas-extremas-y-precipitaciones-2025x08x23-a.pdf
2025-08-23,010,DAJABÓN,DAJABÓN,INSTITUTO POLITÉCNICO LOYOLA,EMCI,34.0,19.6,10.2,https://indomet.gob.do/wp-content/uploads/2025/08/temperaturas-extremas-y-precipitaciones-2025x08x23-a.pdf
2025-08-23,011,LA VICTORIA,SANTO DOMINGO,CUERPO DE BOMBEROS,EMCI,35.5,24.0,9.1,https://indomet.gob.do/wp-content/uploads/2025/08/temperaturas-extremas-y-precipitaciones-2025x08x23-a.pdf
2025-08-23,012,SAN RAFAEL DEL YUMA,LA ALTAGRACIA,MINISTERIO DE AGRICULTURA,EMCI,32.0,24.3,8.6,https://indomet.gob.do/wp-content/uploads/2025/08/temperaturas-extremas-y-precipitaciones-2025x08x23-a.pdf
2025-08-23,013,SABANA DE LA MAR,HATO MAYOR,ONAMET,EMCI,32.5,23.5,8.1,https://indomet.gob.do/wp-content/uploads/2025/08/temperaturas-extremas-y-precipitaciones-2025x08x23-a.pdf
2025-08-23,014,OLIVARES,PEDERNALES,INDRHI,EMCI,,,7.7,https://indomet.gob.do/wp-content/uploads/2025/08/temperaturas-extremas-y-precipitaciones-2025x08x23-a.pdf
2025-08-23,015,JARABACOA (EMA),LA VEGA,PROGRAMA MUNDIAL DE ALIMENTO,EMAP,34.6,18.8,7.0,https://indomet.gob.do/wp-content/uploads/2025/08/temperaturas-extremas-y-precipitaciones-2025x08x23-a.pdf
2025-08-23,016,LA VEGA,LA VEGA,IATESA,EMCI,35.5,23.0,6.6,https://indomet.gob.do/wp-content/uploads/2025/08/temperaturas-extremas-y-precipitaciones-2025x08x23-a.pdf
2025-08-23,017,SALCEDO,HERMANAS MIRABAL,PROPIEDAD DEL EMPLEADO,EMCI,,,6.5,https://indomet.gob.do/wp-content/uploads/2025/08/temperaturas-extremas-y-precipitaciones-2025x08x23-a.pdf
2025-08-23,018,JARABACOA,LA VEGA,INDRHI / MARENA,EMCI,34.4,18.0,6.0,https://indomet.gob.do/wp-content/uploads/2025/08/temperaturas-extremas-y-precipitaciones-2025x08x23-a.pdf
2025-08-23,019,HATO MAYOR,HATO MAYOR,MINISTERIO DE AGRICULTURA,EMCV,,,4.8,https://indomet.gob.do/wp-content/uploads/2025/08/temperaturas-extremas-y-precipitaciones-2025x08x23-a.pdf
2025-08-23,020,VILLA ALTAGRACIA,SAN CRISTÓBAL,ESCUELA JAVIER ANGULO GURIDI,EMCI,,,4.2,https://indomet.gob.do/wp-content/uploads/2025/08/temperaturas-extremas-y-precipitaciones-2025x08x23-a.pdf
2025-08-23,021,ARPT. ARROYO BARRIL,SAMANÁ,ONAMET,EMCI,31.4,25.0,4.1,https://indomet.gob.do/wp-content/uploads/2025/08/temperaturas-extremas-y-precipitaciones-2025x08x23-a.pdf
2025-08-23,022,ELÍAS PIÑA,ELÍAS PIÑA,MINISTERIO DE AGRICULTURA,EMCV,,,4.0,https://indomet.gob.do/wp-content/uploads/2025/08/temperaturas-extremas-y-precipitaciones-2025x08x23-a.pdf
2025-08-23,023,ARPT. DEL CIBAO,SANTIAGO,ONAMET,EMCI,35.6,22.5,3.0,https://indomet.gob.do/wp-content/uploads/2025/08/temperaturas-extremas-y-precipitaciones-2025x08x23-a.pdf
2025-08-23,024,ARROYO LORO,SAN JUAN,IDIAF,EMCI,35.5,20.0,2.6,https://indomet.gob.do/wp-content/uploads/2025/08/temperaturas-extremas-y-precipitaciones-2025x08x23-a.pdf
2025-08-23,025,SAMANÁ,SAMANÁ,COMANDANCIA DE PUERTO DE SAMANÁ,EMCI,33.8,23.5,2.2,https://indomet.gob.do/wp-content/uploads/2025/08/temperaturas-extremas-y-precipitaciones-2025x08x23-a.pdf
2025-08-23,026,VILLA RIVA,DUARTE,HOSP. MPAL. ALICIA DE LEGENDRE,EMCI,34.0,23.5,1.5,https://indomet.gob.do/wp-content/uploads/2025/08/temperaturas-extremas-y-precipitaciones-2025x08x23-a.pdf
2025-08-23,027,LOS TRES CHARCOS (EMA),PEDERNALES,PROPIEDAD DEL VOLUNTARIO,EMAP,34.0,26.2,1.4,https://indomet.gob.do/wp-content/uploads/2025/08/temperaturas-extremas-y-precipitaciones-2025x08x23-a.pdf
2025-08-23,028,ARPT. DE PUNTA CANA,LA ALTAGRACIA,ONAMET,EMCI,31.6,25.3,1.3,https://indomet.gob.do/wp-content/uploads/2025/08/temperaturas-extremas-y-precipitaciones-2025x08x23-a.pdf
2025-08-23,029,HONDO VALLE,ELÍAS PIÑA,MINISTERIO DE AGRICULTURA,EMCI,28.3,18.4,1.2,https://indomet.gob.do/wp-content/uploads/2025/08/temperaturas-extremas-y-precipitaciones-2025x08x23-a.pdf
2025-08-23,030,MONTE CRISTI,MONTE CRISTI,ONAMET,EMCI,34.4,24.6,1.1,https://indomet.gob.do/wp-content/uploads/2025/08/temperaturas-extremas-y-precipitaciones-2025x08x23-a.pdf
2025-08-23,031,ARPT. LA ISABELA,SANTO DOMINGO,ONAMET,EMCI,35.0,23.7,1.0,https://indomet.gob.do/wp-content/uploads/2025/08/temperaturas-extremas-y-precipitaciones-2025x08x23-a.pdf
2025-08-23,032,BAYAGUANA,MONTE PLATA,ONAMET,EMCI,33.6,23.2,0.9,https://indomet.gob.do/wp-content/uploads/2025/08/temperaturas-extremas-y-precipitaciones-2025x08x23-a.pdf
2025-08-23,033,PEDERNALES,PEDERNALES,INDRHI,EMCI,,,0.7,https://indomet.gob.do/wp-content/uploads/2025/08/temperaturas-extremas-y-precipitaciones-2025x08x23-a.pdf
2025-08-23,034,SANTO DOMINGO ESTE,SANTO DOMINGO,ONAMET,EMCI,33.5,26.5,0.5,https://indomet.gob.do/wp-content/uploads/2025/08/temperaturas-extremas-y-precipitaciones-2025x08x23-a.pdf
2025-08-23,035,ANAMUYA (EMA),LA ALTAGRACIA,MINISTERIO DE AGRICULTURA,EMAP,31.7,24.8,0.2,https://indomet.gob.do/wp-content/uploads/2025/08/temperaturas-extremas-y-precipitaciones-2025x08x23-a.pdf
2025-08-23,036,PONTÓN ABAJO (EMA),LA VEGA,MINISTERIO DE AGRICULTURA,EMAP,36.6,23.7,0.2,https://indomet.gob.do/wp-content/uploads/2025/08/temperaturas-extremas-y-precipitaciones-2025x08x23-a.pdf
2025-08-23,037,SÁNCHEZ,SAMANÁ,MINISTERIO DE AGRICULTURA,EMCI,33.2,22.6,0.2,https://indomet.gob.do/wp-content/uploads/2025/08/temperaturas-extremas-y-precipitaciones-2025x08x23-a.pdf
2025-08-23,038,SAN JOSÉ DE OCOA,SAN JOSÉ DE OCOA,HOSP. SAN JOSÉ DE OCOA,EMCI,35.3,21.7,0.1,https://indomet.gob.do/wp-content/uploads/2025/08/temperaturas-extremas-y-precipitaciones-2025x08x23-a.pdf
2025-08-23,039,SABANA GRANDE DE BOYÁ,MONTE PLATA,MINISTERIO DE AGRICULTURA,EMCV,,,0.1,https://indomet.gob.do/wp-content/uploads/2025/08/temperaturas-extremas-y-precipitaciones-2025x08x23-a.pdf
2025-08-23,040,ALTAMIRA,PUERTO PLATA,HOSP. MPAL. DE ALTAMIRA,EMCI,33.6,22.2,0.0,https://indomet.gob.do/wp-content/uploads/2025/08/temperaturas-extremas-y-precipitaciones-2025x08x23-a.pdf
2025-08-23,041,ALTO BANDERA (EMA),LA VEGA,INTEC,EMAP,22.4,10.2,0.0,https://indomet.gob.do/wp-content/uploads/2025/08/temperaturas-extremas-y-precipitaciones-2025x08x23-a.pdf
2025-08-23,042,ARPT. EL CATEY,SAMANÁ,ONAMET,EMCI,31.5,23.5,0.0,https://indomet.gob.do/wp-content/uploads/2025/08/temperaturas-extremas-y-precipitaciones-2025x08x23-a.pdf
2025-08-23,043,ARPT. GREGORIO LUPERÓN,PUERTO PLATA,ONAMET,EMCI,32.8,24.4,0.0,https://indomet.gob.do/wp-content/uploads/2025/08/temperaturas-extremas-y-precipitaciones-2025x08x23-a.pdf
2025-08-23,044,ARPT. MARÍA MONTEZ,BARAHONA,ONAMET,EMCI,35.0,26.0,0.0,https://indomet.gob.do/wp-content/uploads/2025/08/temperaturas-extremas-y-precipitaciones-2025x08x23-a.pdf
2025-08-23,045,BANI (EMA),PERAVIA,MINISTERIO DE AGRICULTURA,EMAP,34.7,26.7,0.0,https://indomet.gob.do/wp-content/uploads/2025/08/temperaturas-extremas-y-precipitaciones-2025x08x23-a.pdf
2025-08-23,046,BOCA DE MAO (EMA),VALVERDE,MINISTERIO DE AGRICULTURA,EMAP,36.4,24.8,0.0,https://indomet.gob.do/wp-content/uploads/2025/08/temperaturas-extremas-y-precipitaciones-2025x08x23-a.pdf
2025-08-24,001,DAJABÓN,DAJABÓN,INSTITUTO POLITÉCNICO LOYOLA,EMCI,34.4,20.0,57.5,https://indomet.gob.do/wp-content/uploads/2025/08/temperaturas-extremas-y-precipitaciones-2025x08x24-a.pdf
2025-08-24,002,PADRE LAS CASAS,AZUA,HOSP. NTRA. SRA. DEL CARMEN,EMCI,32.5,17.6,37.8,https://indomet.gob.do/wp-content/uploads/2025/08/temperaturas-extremas-y-precipitaciones-2025x08x24-a.pdf
2025-08-24,003,SANTIAGO RODRÍGUEZ,SANTIAGO RODRÍGUEZ,ONAMET,EMCI,37.7,21.0,26.2,https://indomet.gob.do/wp-content/uploads/2025/08/temperaturas-extremas-y-precipitaciones-2025x08x24-a.pdf
2025-08-24,004,SABANETA (EMA),SANTIAGO RODRÍGUEZ,PROGRAMA MUNDIAL DE ALIMENTO,EMAP,37.6,20.6,26.0,https://indomet.gob.do/wp-content/uploads/2025/08/temperaturas-extremas-y-precipitaciones-2025x08x24-a.pdf
2025-08-24,005,BOHECHÍO,SAN JUAN,MINISTERIO DE AGRICULTURA,EMCV,,,21.0,https://indomet.gob.do/wp-content/uploads/2025/08/temperaturas-extremas-y-precipitaciones-2025x08x24-a.pdf
2025-08-24,006,ARROYO LORO,SAN JUAN,IDIAF,EMCI,34.5,17.9,19.3,https://indomet.gob.do/wp-content/uploads/2025/08/temperaturas-extremas-y-precipitaciones-2025x08x24-a.pdf
2025-08-24,007,MONCIÓN (EMA),SANTIAGO RODRÍGUEZ,PROGRAMA MUNDIAL DE ALIMENTO,EMAP,33.7,18.8,16.0,https://indomet.gob.do/wp-content/uploads/2025/08/temperaturas-extremas-y-precipitaciones-2025x08x24-a.pdf
2025-08-24,008,VILLA ALTAGRACIA,SAN CRISTÓBAL,ESCUELA JAVIER ANGULO GURIDI,EMCI,,,11.2,https://indomet.gob.do/wp-content/uploads/2025/08/temperaturas-extremas-y-precipitaciones-2025x08x24-a.pdf
2025-08-24,009,ALTO BANDERA (EMA),LA VEGA,INTEC,EMAP,20.1,8.7,10.2,https://indomet.gob.do/wp-content/uploads/2025/08/temperaturas-extremas-y-precipitaciones-2025x08x24-a.pdf
2025-08-24,010,SALCEDO,HERMANAS MIRABAL,PROPIEDAD DEL EMPLEADO,EMCI,,,9.0,https://indomet.gob.do/wp-content/uploads/2025/08/temperaturas-extremas-y-precipitaciones-2025x08x24-a.pdf
2025-08-24,011,ALTAMIRA,PUERTO PLATA,HOSP. MPAL. DE ALTAMIRA,EMCI,36.0,21.5,7.4,https://indomet.gob.do/wp-content/uploads/2025/08/temperaturas-extremas-y-precipitaciones-2025x08x24-a.pdf
2025-08-24,012,BAYAGUANA,MONTE PLATA,ONAMET,EMCI,35.8,22.8,6.6,https://indomet.gob.do/wp-content/uploads/2025/08/temperaturas-extremas-y-precipitaciones-2025x08x24-a.pdf
2025-08-24,013,BONAO,MONSEÑOR NOUEL,MINISTERIO DE AGRICULTURA,EMCV,,,4.7,https://indomet.gob.do/wp-content/uploads/2025/08/temperaturas-extremas-y-precipitaciones-2025x08x24-a.pdf
2025-08-24,014,TAVERA,SANTIAGO,INDRHI,EMCI,,,4.2,https://indomet.gob.do/wp-content/uploads/2025/08/temperaturas-extremas-y-precipitaciones-2025x08x24-a.pdf
2025-08-24,015,PRESA DE TAVERAS (EMA),LA VEGA,PROGRAMA MUNDIAL DE ALIMENTO,EMAP,34.3,22.8,4.0,https://indomet.gob.do/wp-content/uploads/2025/08/temperaturas-extremas-y-precipitaciones-2025x08x24-a.pdf
2025-08-24,016,PEDERNALES,PEDERNALES,INDRHI,EMCI,,,2.8,https://indomet.gob.do/wp-content/uploads/2025/08/temperaturas-extremas-y-precipitaciones-2025x08x24-a.pdf
2025-08-24,017,VALLE NUEVO (EMA),LA VEGA,MARENA,EMAI,22.9,13.9,2.6,https://indomet.gob.do/wp-content/uploads/2025/08/temperaturas-extremas-y-precipitaciones-2025x08x24-a.pdf
2025-08-24,018,TAMBORIL,SANTIAGO,MINISTERIO DE AGRICULTURA,EMCV,,,2.5,https://indomet.gob.do/wp-content/uploads/2025/08/temperaturas-extremas-y-precipitaciones-2025x08x24-a.pdf
2025-08-24,019,JARABACOA (EMA),LA VEGA,PROGRAMA MUNDIAL DE ALIMENTO,EMAP,32.7,18.4,2.4,https://indomet.gob.do/wp-content/uploads/2025/08/temperaturas-extremas-y-precipitaciones-2025x08x24-a.pdf
2025-08-24,020,CONSTANZA,LA VEGA,MINISTERIO DE AGRICULTURA,EMCI,27.4,12.0,2.2,https://indomet.gob.do/wp-content/uploads/2025/08/temperaturas-extremas-y-precipitaciones-2025x08x24-a.pdf
2025-08-24,021,JARABACOA,LA VEGA,INDRHI / MARENA,EMCI,34.0,17.2,2.2,https://indomet.gob.do/wp-content/uploads/2025/08/temperaturas-extremas-y-precipitaciones-2025x08x24-a.pdf
2025-08-24,022,CONSTANZA (EMA),LA VEGA,PROGRAMA MUNDIAL DE ALIMENTO,EMAP,28.7,12.9,2.0,https://indomet.gob.do/wp-content/uploads/2025/08/temperaturas-extremas-y-precipitaciones-2025x08x24-a.pdf
2025-08-24,023,LAS MATAS DE SANTA CRUZ (EMA,MONTE CRISTI,PROGRAMA MUNDIAL DE ALIMENTO,EMAP,35.4,22.2,2.0,https://indomet.gob.do/wp-content/uploads/2025/08/temperaturas-extremas-y-precipitaciones-2025x08x24-a.pdf
2025-08-24,024,GURABO,SANTIAGO,MINISTERIO DE AGRICULTURA,EMCV,,,1.7,https://indomet.gob.do/wp-content/uploads/2025/08/temperaturas-extremas-y-precipitaciones-2025x08x24-a.pdf
2025-08-24,025,PERALTA,AZUA,HOSP. MPAL. DE PERALTA,EMCI,32.0,18.0,1.6,https://indomet.gob.do/wp-content/uploads/2025/08/temperaturas-extremas-y-precipitaciones-2025x08x24-a.pdf
2025-08-24,026,LA VEGA,LA VEGA,IATESA,EMCI,36.0,22.5,1.1,https://indomet.gob.do/wp-content/uploads/2025/08/temperaturas-extremas-y-precipitaciones-2025x08x24-a.pdf
2025-08-24,027,JUMA BEJUCAL,MONSEÑOR NOUEL,IDIAF,EMCV,34.0,23.2,0.8,https://indomet.gob.do/wp-content/uploads/2025/08/temperaturas-extremas-y-precipitaciones-2025x08x24-a.pdf
2025-08-24,028,RANCHO ARRIBA,SAN JOSÉ DE OCOA,CENTRO TECNOLÓGICO COMUNITARIO,EMCI,34.3,17.6,0.8,https://indomet.gob.do/wp-content/uploads/2025/08/temperaturas-extremas-y-precipitaciones-2025x08x24-a.pdf
2025-08-24,029,ENRIQUILLO,BARAHONA,MINISTERIO DE AGRICULTURA,EMCV,34.0,26.4,0.6,https://indomet.gob.do/wp-content/uploads/2025/08/temperaturas-extremas-y-precipitaciones-2025x08x24-a.pdf
2025-08-24,030,ARPT. DEL CIBAO,SANTIAGO,ONAMET,EMCI,36.0,21.0,0.5,https://indomet.gob.do/wp-content/uploads/2025/08/temperaturas-extremas-y-precipitaciones-2025x08x24-a.pdf
2025-08-24,031,LOS TRES CHARCOS (EMA),PEDERNALES,PROPIEDAD DEL VOLUNTARIO,EMAP,33.4,25.9,0.4,https://indomet.gob.do/wp-content/uploads/2025/08/temperaturas-extremas-y-precipitaciones-2025x08x24-a.pdf
2025-08-24,032,HATO MAYOR,HATO MAYOR,MINISTERIO DE AGRICULTURA,EMCV,,,0.3,https://indomet.gob.do/wp-content/uploads/2025/08/temperaturas-extremas-y-precipitaciones-2025x08x24-a.pdf
2025-08-24,033,PONTÓN ABAJO (EMA),LA VEGA,MINISTERIO DE AGRICULTURA,EMAP,37.5,23.7,0.2,https://indomet.gob.do/wp-content/uploads/2025/08/temperaturas-extremas-y-precipitaciones-2025x08x24-a.pdf
2025-08-24,034,MONTE CRISTI,MONTE CRISTI,ONAMET,EMCI,34.5,24.4,0.1,https://indomet.gob.do/wp-content/uploads/2025/08/temperaturas-extremas-y-precipitaciones-2025x08x24-a.pdf
2025-08-24,035,SABANA GRANDE DE BOYÁ,MONTE PLATA,MINISTERIO DE AGRICULTURA,EMCV,,,0.1,https://indomet.gob.do/wp-content/uploads/2025/08/temperaturas-extremas-y-precipitaciones-2025x08x24-a.pdf
2025-08-24,036,SAN JOSÉ DE OCOA,SAN JOSÉ DE OCOA,HOSP. SAN JOSÉ DE OCOA,EMCI,34.4,22.7,0.1,https://indomet.gob.do/wp-content/uploads/2025/08/temperaturas-extremas-y-precipitaciones-2025x08x24-a.pdf
2025-08-24,037,ANAMUYA (EMA),LA ALTAGRACIA,MINISTERIO DE AGRICULTURA,EMAP,34.3,26.6,0.0,https://indomet.gob.do/wp-content/uploads/2025/08/temperaturas-extremas-y-precipitaciones-2025x08x24-a.pdf
2025-08-24,038,ARPT. ARROYO BARRIL,SAMANÁ,ONAMET,EMCI,33.5,25.2,0.0,https://indomet.gob.do/wp-content/uploads/2025/08/temperaturas-extremas-y-precipitaciones-2025x08x24-a.pdf
2025-08-24,039,ARPT. DE LA ROMANA,LA ROMANA,ONAMET,EMCI,34.6,21.7,0.0,https://indomet.gob.do/wp-content/uploads/2025/08/temperaturas-extremas-y-precipitaciones-2025x08x24-a.pdf
2025-08-24,040,ARPT. DE LAS AMÉRICAS,SANTO DOMINGO,ONAMET,EMCI,34.2,24.0,0.0,https://indomet.gob.do/wp-content/uploads/2025/08/temperaturas-extremas-y-precipitaciones-2025x08x24-a.pdf
2025-08-24,041,ARPT. DE PUNTA CANA,LA ALTAGRACIA,ONAMET,EMCI,33.5,26.0,0.0,https://indomet.gob.do/wp-content/uploads/2025/08/temperaturas-extremas-y-precipitaciones-2025x08x24-a.pdf
2025-08-24,042,ARPT. EL CATEY,SAMANÁ,ONAMET,EMCI,32.0,23.5,0.0,https://indomet.gob.do/wp-content/uploads/2025/08/temperaturas-extremas-y-precipitaciones-2025x08x24-a.pdf
2025-08-24,043,ARPT. GREGORIO LUPERÓN,PUERTO PLATA,ONAMET,EMCI,33.0,24.6,0.0,https://indomet.gob.do/wp-content/uploads/2025/08/temperaturas-extremas-y-precipitaciones-2025x08x24-a.pdf
2025-08-24,044,ARPT. LA ISABELA,SANTO DOMINGO,ONAMET,EMCI,36.5,23.0,0.0,https://indomet.gob.do/wp-content/uploads/2025/08/temperaturas-extremas-y-precipitaciones-2025x08x24-a.pdf
2025-08-24,045,ARPT. MARÍA MONTEZ,BARAHONA,ONAMET,EMCI,35.0,24.0,0.0,https://indomet.gob.do/wp-content/uploads/2025/08/temperaturas-extremas-y-precipitaciones-2025x08x24-a.pdf
2025-08-24,046,BANI (EMA),PERAVIA,MINISTERIO DE AGRICULTURA,EMAP,34.9,28.1,0.0,https://indomet.gob.do/wp-content/uploads/2025/08/temperaturas-extremas-y-precipitaciones-2025x08x24-a.pdf
2025-08-24,047,BASE AÉREA DE SAN ISIDRO,SANTO DOMINGO,FUERZA AÉREA DOMINICANA,EMCV,34.0,23.5,0.0,https://indomet.gob.do/wp-content/uploads/2025/08/temperaturas-extremas-y-precipitaciones-2025x08x24-a.pdf
2025-08-24,048,BOCA DE MAO (EMA),VALVERDE,MINISTERIO DE AGRICULTURA,EMAP,37.6,24.8,0.0,https://indomet.gob.do/wp-content/uploads/2025/08/temperaturas-extremas-y-precipitaciones-2025x08x24-a.pdf
2025-08-24,049,CABRAL,BARAHONA,MINISTERIO DE AGRICULTURA,EMCV,36.5,24.2,0.0,https://indomet.gob.do/wp-content/uploads/2025/08/temperaturas-extremas-y-precipitaciones-2025x08x24-a.pdf
2025-08-24,050,CABRERA,MARÍA TRINIDAD SÁNCHEZ,ESCUELA ARÍSTIDES FIALLO CABRAL,EMCI,34.0,26.0,0.0,https://indomet.gob.do/wp-content/uploads/2025/08/temperaturas-extremas-y-precipitaciones-2025x08x24-a.pdf
2025-08-24,051,CENTRO DE LOS HEROES (EMA),DISTRITO NACIONAL,MINISTERIO DE ENERGIA Y MINA,EMAP,32.8,27.4,0.0,https://indomet.gob.do/wp-content/uploads/2025/08/temperaturas-extremas-y-precipitaciones-2025x08x24-a.pdf
2025-08-24,052,COTUÍ,SÁNCHEZ RAMÍREZ,HOSP. INMACULADA CONCEPCIÓN,EMCV,,,0.0,https://indomet.gob.do/wp-content/uploads/2025/08/temperaturas-extremas-y-precipitaciones-2025x08x24-a.pdf
2025-08-24,053,EL FACTOR (EMA),MARÍA TRINIDAD SÁNCHEZ,INTEC,EMAP,33.9,24.1,0.0,https://indomet.gob.do/wp-content/uploads/2025/08/temperaturas-extremas-y-precipitaciones-2025x08x24-a.pdf
2025-08-24,054,GASPAR HERNÁNDEZ,ESPAILLAT,PROPIEDAD DEL EMPLEADO,EMCI,,,0.0,https://indomet.gob.do/wp-content/uploads/2025/08/temperaturas-extremas-y-precipitaciones-2025x08x24-a.pdf
2025-08-24,055,HONDO VALLE,ELÍAS PIÑA,MINISTERIO DE AGRICULTURA,EMCI,28.7,18.6,0.0,https://indomet.gob.do/wp-content/uploads/2025/08/temperaturas-extremas-y-precipitaciones-2025x08x24-a.pdf
2025-08-24,056,JIMANÍ,INDEPENDENCIA,MINISTERIO DE AGRICULTURA,EMCI,38.5,26.0,0.0,https://indomet.gob.do/wp-content/uploads/2025/08/temperaturas-extremas-y-precipitaciones-2025x08x24-a.pdf
2025-08-24,057,LA VICTORIA,SANTO DOMINGO,CUERPO DE BOMBEROS,EMCI,33.0,24.0,0.0,https://indomet.gob.do/wp-content/uploads/2025/08/temperaturas-extremas-y-precipitaciones-2025x08x24-a.pdf
2025-08-24,058,LAS CANAS (EMA),MONTE CRISTI,PROGRAMA MUNDIAL DE ALIMENTO,EMAP,31.3,25.5,0.0,https://indomet.gob.do/wp-content/uploads/2025/08/temperaturas-extremas-y-precipitaciones-2025x08x24-a.pdf
2025-08-24,059,LAS MATAS DE FARFÁN,SAN JUAN,MINISTERIO DE AGRICULTURA,EMCV,,,0.0,https://indomet.gob.do/wp-content/uploads/2025/08/temperaturas-extremas-y-precipitaciones-2025x08x24-a.pdf
2025-08-24,060,LOS JENGIBRES,NAGUA,INDRHI,EMCI,,,0.0,https://indomet.gob.do/wp-content/uploads/2025/08/temperaturas-extremas-y-precipitaciones-2025x08x24-a.pdf
2025-08-24,061,LOS LLANOS,SAN PEDRO DE MACORÍS,MINISTERIO DE AGRICULTURA,EMCI,35.2,23.6,0.0,https://indomet.gob.do/wp-content/uploads/2025/08/temperaturas-extremas-y-precipitaciones-2025x08x24-a.pdf
2025-08-24,062,MAO,VALVERDE,INDRHI / MINISTERIO DE AGRICULTURA,EMCV,,,0.0,https://indomet.gob.do/wp-content/uploads/2025/08/temperaturas-extremas-y-precipitaciones-2025x08x24-a.pdf
2025-08-24,063,NAVARRETE,SANTIAGO,MINISTERIO DE AGRICULTURA,EMCV,,,0.0,https://indomet.gob.do/wp-content/uploads/2025/08/temperaturas-extremas-y-precipitaciones-2025x08x24-a.pdf
2025-08-24,064,OLIVARES,PEDERNALES,INDRHI,EMCI,,,0.0,https://indomet.gob.do/wp-content/uploads/2025/08/temperaturas-extremas-y-precipitaciones-2025x08x24-a.pdf
2025-08-24,065,OVIEDO,PEDERNALES,CLÍNICA RURAL OVIEDO,EMCI,35.0,27.0,0.0,https://indomet.gob.do/wp-content/uploads/2025/08/temperaturas-extremas-y-precipitaciones-2025x08x24-a.pdf
2025-08-24,066,PALO ÍNDIO,PUERTO PLATA,MINISTERIO DE AGRICULTURA,EMCI,,,0.0,https://indomet.gob.do/wp-content/uploads/2025/08/temperaturas-extremas-y-precipitaciones-2025x08x24-a.pdf
2025-08-24,067,PARQUE MIRADOR SUR,DISTRITO NACIONAL,AYUNTAMIENTO,EMCV,33.6,24.0,0.0,https://indomet.gob.do/wp-content/uploads/2025/08/temperaturas-extremas-y-precipitaciones-2025x08x24-a.pdf
2025-08-24,068,PASO AL MEDIO,SAN PEDRO DE MACORÍS,INDRHI,EMCI,,,0.0,https://indomet.gob.do/wp-content/uploads/2025/08/temperaturas-extremas-y-precipitaciones-2025x08x24-a.pdf
2025-08-24,069,PESCADERIA (EMA),BARAHONA,MINISTERIO DE AGRICULTURA,EMAP,35.8,24.6,0.0,https://indomet.gob.do/wp-content/uploads/2025/08/temperaturas-extremas-y-precipitaciones-2025x08x24-a.pdf
2025-08-24,070,POLO,BARAHONA,INDOCAFE,EMCI,31.5,18.0,0.0,https://indomet.gob.do/wp-content/uploads/2025/08/temperaturas-extremas-y-precipitaciones-2025x08x24-a.pdf
2025-08-24,071,RESTAURACIÓN,DAJABÓN,MINISTERIO DE AGRICULTURA,EMCI,31.7,17.5,0.0,https://indomet.gob.do/wp-content/uploads/2025/08/temperaturas-extremas-y-precipitaciones-2025x08x24-a.pdf
2025-08-24,072,RÍO SAN JUAN,MARÍA TRINIDAD SÁNCHEZ,HOSP. MPAL. DR. DESIDERIO ACOSTA,EMCV,35.7,25.2,0.0,https://indomet.gob.do/wp-content/uploads/2025/08/temperaturas-extremas-y-precipitaciones-2025x08x24-a.pdf
2025-08-24,073,SABANA DE LA MAR,HATO MAYOR,ONAMET,EMCI,32.0,25.0,0.0,https://indomet.gob.do/wp-content/uploads/2025/08/temperaturas-extremas-y-precipitaciones-2025x08x24-a.pdf
2025-08-24,074,SAMANÁ,SAMANÁ,COMANDANCIA DE PUERTO DE SAMANÁ,EMCI,34.6,24.2,0.0,https://indomet.gob.do/wp-content/uploads/2025/08/temperaturas-extremas-y-precipitaciones-2025x08x24-a.pdf
2025-08-24,075,SAN CRISTÓBAL,SAN CRISTÓBAL,INSTITUTO POLITÉCNICO LOYOLA,EMCI,35.2,23.2,0.0,https://indomet.gob.do/wp-content/uploads/2025/08/temperaturas-extremas-y-precipitaciones-2025x08x24-a.pdf
2025-08-24,076,SAN FRANCISCO DE MACORÍS,DUARTE,San Francisco de Macorís (UASD),EMCI,35.6,23.7,0.0,https://indomet.gob.do/wp-content/uploads/2025/08/temperaturas-extremas-y-precipitaciones-2025x08x24-a.pdf
2025-08-24,077,SAN RAFAEL DEL YUMA,LA ALTAGRACIA,MINISTERIO DE AGRICULTURA,EMCI,36.3,25.0,0.0,https://indomet.gob.do/wp-content/uploads/2025/08/temperaturas-extremas-y-precipitaciones-2025x08x24-a.pdf
2025-08-24,078,SÁNCHEZ,SAMANÁ,MINISTERIO DE AGRICULTURA,EMCI,33.8,23.1,0.0,https://indomet.gob.do/wp-content/uploads/2025/08/temperaturas-extremas-y-precipitaciones-2025x08x24-a.pdf
2025-08-24,079,SANTO DOMINGO ESTE,SANTO DOMINGO,ONAMET,EMCI,35.6,26.5,0.0,https://indomet.gob.do/wp-content/uploads/2025/08/temperaturas-extremas-y-precipitaciones-2025x08x24-a.pdf
2025-08-24,080,TÁBARA ABAJO,AZUA,INDRHI,EMCI,33.5,20.3,0.0,https://indomet.gob.do/wp-content/uploads/2025/08/temperaturas-extremas-y-precipitaciones-2025x08x24-a.pdf
2025-08-24,081,VILLA GONZALES,SANTIAGO,MINISTERIO DE AGRICULTURA,EMCI,,,0.0,https://indomet.gob.do/wp-content/uploads/2025/08/temperaturas-extremas-y-precipitaciones-2025x08x24-a.pdf
2025-08-24,082,VILLA ISABELA,PUERTO PLATA,MINISTERIO DE AGRICULTURA,EMCV,,,0.0,https://indomet.gob.do/wp-content/uploads/2025/08/temperaturas-extremas-y-precipitaciones-2025x08x24-a.pdf
2025-08-24,083,VILLA RIVA,DUARTE,HOSP. MPAL. ALICIA DE LEGENDRE,EMCI,34.5,24.0,0.0,https://indomet.gob.do/wp-content/uploads/2025/08/temperaturas-extremas-y-precipitaciones-2025x08x24-a.pdf
2025-08-25,001,VALLE NUEVO (EMA),LA VEGA,MARENA,EMAI,19.9,14.2,2.6,https://indomet.gob.do/wp-content/uploads/2025/08/temperaturas-extremas-y-precipitaciones-2025x08x25-a.pdf
2025-08-25,002,BANI (EMA),PERAVIA,MINISTERIO DE AGRICULTURA,EMAP,36.3,27.6,0.4,https://indomet.gob.do/wp-content/uploads/2025/08/temperaturas-extremas-y-precipitaciones-2025x08x25-a.pdf
2025-08-25,003,BONAO,MONSEÑOR NOUEL,MINISTERIO DE AGRICULTURA,EMCV,,,0.3,https://indomet.gob.do/wp-content/uploads/2025/08/temperaturas-extremas-y-precipitaciones-2025x08x25-a.pdf
2025-08-25,004,HIGÜEY,LA ALTAGRACIA,MINISTERIO DE AGRICULTURA,EMCV,,,0.1,https://indomet.gob.do/wp-content/uploads/2025/08/temperaturas-extremas-y-precipitaciones-2025x08x25-a.pdf
2025-08-25,005,POLO,BARAHONA,INDOCAFE,EMCI,31.5,19.0,0.1,https://indomet.gob.do/wp-content/uploads/2025/08/temperaturas-extremas-y-precipitaciones-2025x08x25-a.pdf
2025-08-25,006,SAN RAFAEL DEL YUMA,LA ALTAGRACIA,MINISTERIO DE AGRICULTURA,EMCI,35.9,24.8,0.1,https://indomet.gob.do/wp-content/uploads/2025/08/temperaturas-extremas-y-precipitaciones-2025x08x25-a.pdf
2025-08-25,007,ALTAMIRA,PUERTO PLATA,HOSP. MPAL. DE ALTAMIRA,EMCI,33.6,21.0,0.0,https://indomet.gob.do/wp-content/uploads/2025/08/temperaturas-extremas-y-precipitaciones-2025x08x25-a.pdf
2025-08-25,008,ALTO BANDERA (EMA),LA VEGA,INTEC,EMAP,16.3,8.1,0.0,https://indomet.gob.do/wp-content/uploads/2025/08/temperaturas-extremas-y-precipitaciones-2025x08x25-a.pdf
2025-08-25,009,ANAMUYA (EMA),LA ALTAGRACIA,MINISTERIO DE AGRICULTURA,EMAP,33.6,26.3,0.0,https://indomet.gob.do/wp-content/uploads/2025/08/temperaturas-extremas-y-precipitaciones-2025x08x25-a.pdf
2025-08-25,010,ARPT. ARROYO BARRIL,SAMANÁ,ONAMET,EMCI,33.0,25.2,0.0,https://indomet.gob.do/wp-content/uploads/2025/08/temperaturas-extremas-y-precipitaciones-2025x08x25-a.pdf
2025-08-25,011,ARPT. DE LA ROMANA,LA ROMANA,ONAMET,EMCI,34.5,23.8,0.0,https://indomet.gob.do/wp-content/uploads/2025/08/temperaturas-extremas-y-precipitaciones-2025x08x25-a.pdf
2025-08-25,012,ARPT. DE LAS AMÉRICAS,SANTO DOMINGO,ONAMET,EMCI,34.5,24.3,0.0,https://indomet.gob.do/wp-content/uploads/2025/08/temperaturas-extremas-y-precipitaciones-2025x08x25-a.pdf
2025-08-25,013,ARPT. DE PUNTA CANA,LA ALTAGRACIA,ONAMET,EMCI,32.6,27.5,0.0,https://indomet.gob.do/wp-content/uploads/2025/08/temperaturas-extremas-y-precipitaciones-2025x08x25-a.pdf
2025-08-25,014,ARPT. DEL CIBAO,SANTIAGO,ONAMET,EMCI,36.2,22.5,0.0,https://indomet.gob.do/wp-content/uploads/2025/08/temperaturas-extremas-y-precipitaciones-2025x08x25-a.pdf
2025-08-25,015,ARPT. EL CATEY,SAMANÁ,ONAMET,EMCI,32.4,23.5,0.0,https://indomet.gob.do/wp-content/uploads/2025/08/temperaturas-extremas-y-precipitaciones-2025x08x25-a.pdf
2025-08-25,016,ARPT. GREGORIO LUPERÓN,PUERTO PLATA,ONAMET,EMCI,34.0,24.6,0.0,https://indomet.gob.do/wp-content/uploads/2025/08/temperaturas-extremas-y-precipitaciones-2025x08x25-a.pdf
2025-08-25,017,ARPT. LA ISABELA,SANTO DOMINGO,ONAMET,EMCI,36.0,24.0,0.0,https://indomet.gob.do/wp-content/uploads/2025/08/temperaturas-extremas-y-precipitaciones-2025x08x25-a.pdf
2025-08-25,018,ARPT. MARÍA MONTEZ,BARAHONA,ONAMET,EMCI,35.5,25.0,0.0,https://indomet.gob.do/wp-content/uploads/2025/08/temperaturas-extremas-y-precipitaciones-2025x08x25-a.pdf
2025-08-25,019,ARROYO LORO,SAN JUAN,IDIAF,EMCI,35.2,17.8,0.0,https://indomet.gob.do/wp-content/uploads/2025/08/temperaturas-extremas-y-precipitaciones-2025x08x25-a.pdf
2025-08-25,020,BASE AÉREA DE SAN ISIDRO,SANTO DOMINGO,FUERZA AÉREA DOMINICANA,EMCV,34.5,28.0,0.0,https://indomet.gob.do/wp-content/uploads/2025/08/temperaturas-extremas-y-precipitaciones-2025x08x25-a.pdf
2025-08-25,021,BAYAGUANA,MONTE PLATA,ONAMET,EMCI,34.8,22.6,0.0,https://indomet.gob.do/wp-content/uploads/2025/08/temperaturas-extremas-y-precipitaciones-2025x08x25-a.pdf
2025-08-25,022,BOCA DE MAO (EMA),VALVERDE,MINISTERIO DE AGRICULTURA,EMAP,37.6,25.3,0.0,https://indomet.gob.do/wp-content/uploads/2025/08/temperaturas-extremas-y-precipitaciones-2025x08x25-a.pdf
2025-08-25,023,BOHECHÍO,SAN JUAN,MINISTERIO DE AGRICULTURA,EMCV,,,0.0,https://indomet.gob.do/wp-content/uploads/2025/08/temperaturas-extremas-y-precipitaciones-2025x08x25-a.pdf
2025-08-25,024,CABRAL,BARAHONA,MINISTERIO DE AGRICULTURA,EMCV,37.3,24.1,0.0,https://indomet.gob.do/wp-content/uploads/2025/08/temperaturas-extremas-y-precipitaciones-2025x08x25-a.pdf
2025-08-25,025,CABRERA,MARÍA TRINIDAD SÁNCHEZ,ESCUELA ARÍSTIDES FIALLO CABRAL,EMCI,34.5,27.0,0.0,https://indomet.gob.do/wp-content/uploads/2025/08/temperaturas-extremas-y-precipitaciones-2025x08x25-a.pdf
2025-08-25,026,CENTRO DE LOS HEROES (EMA),DISTRITO NACIONAL,MINISTERIO DE ENERGIA Y MINA,EMAP,35.5,27.7,0.0,https://indomet.gob.do/wp-content/uploads/2025/08/temperaturas-extremas-y-precipitaciones-2025x08x25-a.pdf
2025-08-25,027,CONSTANZA,LA VEGA,MINISTERIO DE AGRICULTURA,EMCI,28.0,15.8,0.0,https://indomet.gob.do/wp-content/uploads/2025/08/temperaturas-extremas-y-precipitaciones-2025x08x25-a.pdf
2025-08-25,028,CONSTANZA (EMA),LA VEGA,PROGRAMA MUNDIAL DE ALIMENTO,EMAP,27.6,17.4,0.0,https://indomet.gob.do/wp-content/uploads/2025/08/temperaturas-extremas-y-precipitaciones-2025x08x25-a.pdf
2025-08-25,029,DAJABÓN,DAJABÓN,INSTITUTO POLITÉCNICO LOYOLA,EMCI,35.0,21.1,0.0,https://indomet.gob.do/wp-content/uploads/2025/08/temperaturas-extremas-y-precipitaciones-2025x08x25-a.pdf
2025-08-25,030,EL FACTOR (EMA),MARÍA TRINIDAD SÁNCHEZ,INTEC,EMAP,33.5,25.9,0.0,https://indomet.gob.do/wp-content/uploads/2025/08/temperaturas-extremas-y-precipitaciones-2025x08x25-a.pdf
2025-08-25,031,ELÍAS PIÑA,ELÍAS PIÑA,MINISTERIO DE AGRICULTURA,EMCV,,,0.0,https://indomet.gob.do/wp-content/uploads/2025/08/temperaturas-extremas-y-precipitaciones-2025x08x25-a.pdf
2025-08-25,032,ENRIQUILLO,BARAHONA,MINISTERIO DE AGRICULTURA,EMCV,35.0,26.0,0.0,https://indomet.gob.do/wp-content/uploads/2025/08/temperaturas-extremas-y-precipitaciones-2025x08x25-a.pdf
2025-08-25,033,ESCONDIDO,PERAVIA,MINISTERIO DE AGRICULTURA,EMCV,34.6,24.4,0.0,https://indomet.gob.do/wp-content/uploads/2025/08/temperaturas-extremas-y-precipitaciones-2025x08x25-a.pdf
2025-08-25,034,GASPAR HERNÁNDEZ,ESPAILLAT,PROPIEDAD DEL EMPLEADO,EMCI,,,0.0,https://indomet.gob.do/wp-content/uploads/2025/08/temperaturas-extremas-y-precipitaciones-2025x08x25-a.pdf
2025-08-25,035,GURABO,SANTIAGO,MINISTERIO DE AGRICULTURA,EMCV,,,0.0,https://indomet.gob.do/wp-content/uploads/2025/08/temperaturas-extremas-y-precipitaciones-2025x08x25-a.pdf
2025-08-25,036,HATO MAYOR,HATO MAYOR,MINISTERIO DE AGRICULTURA,EMCV,,,0.0,https://indomet.gob.do/wp-content/uploads/2025/08/temperaturas-extremas-y-precipitaciones-2025x08x25-a.pdf
2025-08-25,037,HONDO VALLE,ELÍAS PIÑA,MINISTERIO DE AGRICULTURA,EMCI,28.4,18.3,0.0,https://indomet.gob.do/wp-content/uploads/2025/08/temperaturas-extremas-y-precipitaciones-2025x08x25-a.pdf
2025-08-25,038,JARABACOA,LA VEGA,INDRHI / MARENA,EMCI,33.8,17.6,0.0,https://indomet.gob.do/wp-content/uploads/2025/08/temperaturas-extremas-y-precipitaciones-2025x08x25-a.pdf
2025-08-25,039,JARABACOA (EMA),LA VEGA,PROGRAMA MUNDIAL DE ALIMENTO,EMAP,32.8,19.4,0.0,https://indomet.gob.do/wp-content/uploads/2025/08/temperaturas-extremas-y-precipitaciones-2025x08x25-a.pdf
2025-08-25,040,JARDÍN BOTÁNICO NACIONAL,DISTRITO NACIONAL,JARDÍN BOTÁNICO NACIONAL,EMCV,35.5,22.4,0.0,https://indomet.gob.do/wp-content/uploads/2025/08/temperaturas-extremas-y-precipitaciones-2025x08x25-a.pdf
2025-08-25,041,JIMANÍ,INDEPENDENCIA,MINISTERIO DE AGRICULTURA,EMCI,39.4,28.6,0.0,https://indomet.gob.do/wp-content/uploads/2025/08/temperaturas-extremas-y-precipitaciones-2025x08x25-a.pdf
2025-08-25,042,JUMA BEJUCAL,MONSEÑOR NOUEL,IDIAF,EMCV,34.6,24.4,0.0,https://indomet.gob.do/wp-content/uploads/2025/08/temperaturas-extremas-y-precipitaciones-2025x08x25-a.pdf
2025-08-25,043,LA VEGA,LA VEGA,IATESA,EMCI,36.5,24.0,0.0,https://indomet.gob.do/wp-content/uploads/2025/08/temperaturas-extremas-y-precipitaciones-2025x08x25-a.pdf
2025-08-25,044,LA VICTORIA,SANTO DOMINGO,CUERPO DE BOMBEROS,EMCI,35.2,25.0,0.0,https://indomet.gob.do/wp-content/uploads/2025/08/temperaturas-extremas-y-precipitaciones-2025x08x25-a.pdf
2025-08-25,045,LAS CANAS (EMA),MONTE CRISTI,PROGRAMA MUNDIAL DE ALIMENTO,EMAP,32.1,25.1,0.0,https://indomet.gob.do/wp-content/uploads/2025/08/temperaturas-extremas-y-precipitaciones-2025x08x25-a.pdf
2025-08-25,046,LAS MATAS DE SANTA CRUZ (EMA,MONTE CRISTI,PROGRAMA MUNDIAL DE ALIMENTO,EMAP,36.3,24.6,0.0,https://indomet.gob.do/wp-content/uploads/2025/08/temperaturas-extremas-y-precipitaciones-2025x08x25-a.pdf
2025-08-25,047,LOS JENGIBRES,NAGUA,INDRHI,EMCI,,,0.0,https://indomet.gob.do/wp-content/uploads/2025/08/temperaturas-extremas-y-precipitaciones-2025x08x25-a.pdf
2025-08-25,048,MAO,VALVERDE,INDRHI / MINISTERIO DE AGRICULTURA,EMCV,,,0.0,https://indomet.gob.do/wp-content/uploads/2025/08/temperaturas-extremas-y-precipitaciones-2025x08x25-a.pdf
2025-08-25,049,MONCIÓN (EMA),SANTIAGO RODRÍGUEZ,PROGRAMA MUNDIAL DE ALIMENTO,EMAP,34.7,22.5,0.0,https://indomet.gob.do/wp-content/uploads/2025/08/temperaturas-extremas-y-precipitaciones-2025x08x25-a.pdf
2025-08-25,050,MONTE CRISTI,MONTE CRISTI,ONAMET,EMCI,35.5,24.2,0.0,https://indomet.gob.do/wp-content/uploads/2025/08/temperaturas-extremas-y-precipitaciones-2025x08x25-a.pdf
2025-08-25,051,NAVARRETE,SANTIAGO,MINISTERIO DE AGRICULTURA,EMCV,,,0.0,https://indomet.gob.do/wp-content/uploads/2025/08/temperaturas-extremas-y-precipitaciones-2025x08x25-a.pdf
2025-08-25,052,OLIVARES,PEDERNALES,INDRHI,EMCI,,,0.0,https://indomet.gob.do/wp-content/uploads/2025/08/temperaturas-extremas-y-precipitaciones-2025x08x25-a.pdf
2025-08-25,053,OVIEDO,PEDERNALES,CLÍNICA RURAL OVIEDO,EMCI,35.0,27.2,0.0,https://indomet.gob.do/wp-content/uploads/2025/08/temperaturas-extremas-y-precipitaciones-2025x08x25-a.pdf
2025-08-25,054,PADRE LAS CASAS,AZUA,HOSP. NTRA. SRA. DEL CARMEN,EMCI,34.5,18.5,0.0,https://indomet.gob.do/wp-content/uploads/2025/08/temperaturas-extremas-y-precipitaciones-2025x08x25-a.pdf
2025-08-25,055,PASO AL MEDIO,SAN PEDRO DE MACORÍS,INDRHI,EMCI,,,0.0,https://indomet.gob.do/wp-content/uploads/2025/08/temperaturas-extremas-y-precipitaciones-2025x08x25-a.pdf
2025-08-25,056,PEDERNALES,PEDERNALES,INDRHI,EMCI,,,0.0,https://indomet.gob.do/wp-content/uploads/2025/08/temperaturas-extremas-y-precipitaciones-2025x08x25-a.pdf
2025-08-25,057,PERALTA,AZUA,HOSP. MPAL. DE PERALTA,EMCI,33.5,17.5,0.0,https://indomet.gob.do/wp-content/uploads/2025/08/temperaturas-extremas-y-precipitaciones-2025x08x25-a.pdf
2025-08-25,058,PESCADERIA (EMA),BARAHONA,MINISTERIO DE AGRICULTURA,EMAP,36.7,24.3,0.0,https://indomet.gob.do/wp-content/uploads/2025/08/temperaturas-extremas-y-precipitaciones-2025x08x25-a.pdf
2025-08-25,059,PONTÓN ABAJO (EMA),LA VEGA,MINISTERIO DE AGRICULTURA,EMAP,37.4,24.9,0.0,https://indomet.gob.do/wp-content/uploads/2025/08/temperaturas-extremas-y-precipitaciones-2025x08x25-a.pdf
2025-08-25,060,PRESA DE TAVERAS (EMA),LA VEGA,PROGRAMA MUNDIAL DE ALIMENTO,EMAP,34.0,23.7,0.0,https://indomet.gob.do/wp-content/uploads/2025/08/temperaturas-extremas-y-precipitaciones-2025x08x25-a.pdf
2025-08-25,061,RANCHO ARRIBA,SAN JOSÉ DE OCOA,CENTRO TECNOLÓGICO COMUNITARIO,EMCI,33.1,18.0,0.0,https://indomet.gob.do/wp-content/uploads/2025/08/temperaturas-extremas-y-precipitaciones-2025x08x25-a.pdf
2025-08-25,062,RESTAURACIÓN,DAJABÓN,MINISTERIO DE AGRICULTURA,EMCI,32.1,19.2,0.0,https://indomet.gob.do/wp-content/uploads/2025/08/temperaturas-extremas-y-precipitaciones-2025x08x25-a.pdf
2025-08-25,063,RÍO SAN JUAN,MARÍA TRINIDAD SÁNCHEZ,HOSP. MPAL. DR. DESIDERIO ACOSTA,EMCV,34.8,25.0,0.0,https://indomet.gob.do/wp-content/uploads/2025/08/temperaturas-extremas-y-precipitaciones-2025x08x25-a.pdf
2025-08-25,064,SABANA DE LA MAR,HATO MAYOR,ONAMET,EMCI,33.0,24.0,0.0,https://indomet.gob.do/wp-content/uploads/2025/08/temperaturas-extremas-y-precipitaciones-2025x08x25-a.pdf
2025-08-25,065,SABANETA (EMA),SANTIAGO RODRÍGUEZ,PROGRAMA MUNDIAL DE ALIMENTO,EMAP,37.2,21.9,0.0,https://indomet.gob.do/wp-content/uploads/2025/08/temperaturas-extremas-y-precipitaciones-2025x08x25-a.pdf
2025-08-25,066,SALCEDO,HERMANAS MIRABAL,PROPIEDAD DEL EMPLEADO,EMCI,,,0.0,https://indomet.gob.do/wp-content/uploads/2025/08/temperaturas-extremas-y-precipitaciones-2025x08x25-a.pdf
2025-08-25,067,SAMANÁ,SAMANÁ,COMANDANCIA DE PUERTO DE SAMANÁ,EMCI,34.3,24.4,0.0,https://indomet.gob.do/wp-content/uploads/2025/08/temperaturas-extremas-y-precipitaciones-2025x08x25-a.pdf
2025-08-25,068,SAN CRISTÓBAL,SAN CRISTÓBAL,INSTITUTO POLITÉCNICO LOYOLA,EMCI,35.2,23.2,0.0,https://indomet.gob.do/wp-content/uploads/2025/08/temperaturas-extremas-y-precipitaciones-2025x08x25-a.pdf
2025-08-25,069,SAN JOSÉ DE OCOA,SAN JOSÉ DE OCOA,HOSP. SAN JOSÉ DE OCOA,EMCI,34.1,23.7,0.0,https://indomet.gob.do/wp-content/uploads/2025/08/temperaturas-extremas-y-precipitaciones-2025x08x25-a.pdf
2025-08-25,070,SÁNCHEZ,SAMANÁ,MINISTERIO DE AGRICULTURA,EMCI,34.2,23.6,0.0,https://indomet.gob.do/wp-content/uploads/2025/08/temperaturas-extremas-y-precipitaciones-2025x08x25-a.pdf
2025-08-25,071,SANTIAGO RODRÍGUEZ,SANTIAGO RODRÍGUEZ,ONAMET,EMCI,37.0,22.3,0.0,https://indomet.gob.do/wp-content/uploads/2025/08/temperaturas-extremas-y-precipitaciones-2025x08x25-a.pdf
2025-08-25,072,SANTO DOMINGO ESTE,SANTO DOMINGO,ONAMET,EMCI,36.0,27.2,0.0,https://indomet.gob.do/wp-content/uploads/2025/08/temperaturas-extremas-y-precipitaciones-2025x08x25-a.pdf
2025-08-25,073,TÁBARA ABAJO,AZUA,INDRHI,EMCI,32.5,23.0,0.0,https://indomet.gob.do/wp-content/uploads/2025/08/temperaturas-extremas-y-precipitaciones-2025x08x25-a.pdf
2025-08-25,074,TAMBORIL,SANTIAGO,MINISTERIO DE AGRICULTURA,EMCV,,,0.0,https://indomet.gob.do/wp-content/uploads/2025/08/temperaturas-extremas-y-precipitaciones-2025x08x25-a.pdf
2025-08-25,075,TAVERA,SANTIAGO,INDRHI,EMCI,,,0.0,https://indomet.gob.do/wp-content/uploads/2025/08/temperaturas-extremas-y-precipitaciones-2025x08x25-a.pdf
2025-08-25,076,VILLA ALTAGRACIA,SAN CRISTÓBAL,ESCUELA JAVIER ANGULO GURIDI,EMCI,,,0.0,https://indomet.gob.do/wp-content/uploads/2025/08/temperaturas-extremas-y-precipitaciones-2025x08x25-a.pdf
2025-08-25,077,VILLA GONZALES,SANTIAGO,MINISTERIO DE AGRICULTURA,EMCI,,,0.0,https://indomet.gob.do/wp-content/uploads/2025/08/temperaturas-extremas-y-precipitaciones-2025x08x25-a.pdf
2025-08-25,078,VILLA ISABELA,PUERTO PLATA,MINISTERIO DE AGRICULTURA,EMCV,,,0.0,https://indomet.gob.do/wp-content/uploads/2025/08/temperaturas-extremas-y-precipitaciones-2025x08x25-a.pdf
2025-08-25,079,VILLA RIVA,DUARTE,HOSP. MPAL. ALICIA DE LEGENDRE,EMCI,35.3,24.4,0.0,https://indomet.gob.do/wp-content/uploads/2025/08/temperaturas-extremas-y-precipitaciones-2025x08x25-a.pdf
2025-08-26,001,ARPT. LA ISABELA,SANTO DOMINGO,ONAMET,EMCI,35.5,26.0,38.5,https://indomet.gob.do/wp-content/uploads/2025/08/temperaturas-extremas-y-precipitaciones-2025x08x26-a.pdf
2025-08-26,002,JARDÍN BOTÁNICO NACIONAL,DISTRITO NACIONAL,JARDÍN BOTÁNICO NACIONAL,EMCV,35.6,24.8,32.0,https://indomet.gob.do/wp-content/uploads/2025/08/temperaturas-extremas-y-precipitaciones-2025x08x26-a.pdf
2025-08-26,003,ARPT. EL CATEY,SAMANÁ,ONAMET,EMCI,31.5,23.2,28.9,https://indomet.gob.do/wp-content/uploads/2025/08/temperaturas-extremas-y-precipitaciones-2025x08x26-a.pdf
2025-08-26,004,BAYAGUANA,MONTE PLATA,ONAMET,EMCI,34.6,23.0,28.8,https://indomet.gob.do/wp-content/uploads/2025/08/temperaturas-extremas-y-precipitaciones-2025x08x26-a.pdf
2025-08-26,005,ELÍAS PIÑA,ELÍAS PIÑA,MINISTERIO DE AGRICULTURA,EMCV,,,27.4,https://indomet.gob.do/wp-content/uploads/2025/08/temperaturas-extremas-y-precipitaciones-2025x08x26-a.pdf
2025-08-26,006,TÁBARA ABAJO,AZUA,INDRHI,EMCI,31.5,21.5,24.0,https://indomet.gob.do/wp-content/uploads/2025/08/temperaturas-extremas-y-precipitaciones-2025x08x26-a.pdf
2025-08-26,007,ESCONDIDO,PERAVIA,MINISTERIO DE AGRICULTURA,EMCV,34.0,27.0,21.5,https://indomet.gob.do/wp-content/uploads/2025/08/temperaturas-extremas-y-precipitaciones-2025x08x26-a.pdf
2025-08-26,008,RESTAURACIÓN,DAJABÓN,MINISTERIO DE AGRICULTURA,EMCI,32.9,19.7,20.0,https://indomet.gob.do/wp-content/uploads/2025/08/temperaturas-extremas-y-precipitaciones-2025x08x26-a.pdf
2025-08-26,009,JARABACOA (EMA),LA VEGA,PROGRAMA MUNDIAL DE ALIMENTO,EMAP,31.6,19.1,19.6,https://indomet.gob.do/wp-content/uploads/2025/08/temperaturas-extremas-y-precipitaciones-2025x08x26-a.pdf
2025-08-26,010,LA VICTORIA,SANTO DOMINGO,CUERPO DE BOMBEROS,EMCI,31.0,23.5,19.2,https://indomet.gob.do/wp-content/uploads/2025/08/temperaturas-extremas-y-precipitaciones-2025x08x26-a.pdf
2025-08-26,011,JUMA BEJUCAL,MONSEÑOR NOUEL,IDIAF,EMCV,33.2,22.8,18.1,https://indomet.gob.do/wp-content/uploads/2025/08/temperaturas-extremas-y-precipitaciones-2025x08x26-a.pdf
2025-08-26,012,SAN JOSÉ DE OCOA,SAN JOSÉ DE OCOA,HOSP. SAN JOSÉ DE OCOA,EMCI,33.6,20.7,18.0,https://indomet.gob.do/wp-content/uploads/2025/08/temperaturas-extremas-y-precipitaciones-2025x08x26-a.pdf
2025-08-26,013,JARABACOA,LA VEGA,INDRHI / MARENA,EMCI,33.0,18.2,17.4,https://indomet.gob.do/wp-content/uploads/2025/08/temperaturas-extremas-y-precipitaciones-2025x08x26-a.pdf
2025-08-26,014,LOS LLANOS,SAN PEDRO DE MACORÍS,MINISTERIO DE AGRICULTURA,EMCI,35.8,23.0,15.0,https://indomet.gob.do/wp-content/uploads/2025/08/temperaturas-extremas-y-precipitaciones-2025x08x26-a.pdf
2025-08-26,015,TAVERA,SANTIAGO,INDRHI,EMCI,,,14.4,https://indomet.gob.do/wp-content/uploads/2025/08/temperaturas-extremas-y-precipitaciones-2025x08x26-a.pdf
2025-08-26,016,VILLA ALTAGRACIA,SAN CRISTÓBAL,ESCUELA JAVIER ANGULO GURIDI,EMCI,,,14.4,https://indomet.gob.do/wp-content/uploads/2025/08/temperaturas-extremas-y-precipitaciones-2025x08x26-a.pdf
2025-08-26,017,SAMANÁ,SAMANÁ,COMANDANCIA DE PUERTO DE SAMANÁ,EMCI,33.7,23.1,12.6,https://indomet.gob.do/wp-content/uploads/2025/08/temperaturas-extremas-y-precipitaciones-2025x08x26-a.pdf
2025-08-26,018,BONAO,MONSEÑOR NOUEL,MINISTERIO DE AGRICULTURA,EMCV,,,10.5,https://indomet.gob.do/wp-content/uploads/2025/08/temperaturas-extremas-y-precipitaciones-2025x08x26-a.pdf
2025-08-26,019,CABRAL,BARAHONA,MINISTERIO DE AGRICULTURA,EMCV,35.3,24.2,9.5,https://indomet.gob.do/wp-content/uploads/2025/08/temperaturas-extremas-y-precipitaciones-2025x08x26-a.pdf
2025-08-26,020,HONDO VALLE,ELÍAS PIÑA,MINISTERIO DE AGRICULTURA,EMCI,28.1,18.2,8.6,https://indomet.gob.do/wp-content/uploads/2025/08/temperaturas-extremas-y-precipitaciones-2025x08x26-a.pdf
2025-08-26,021,ARPT. MARÍA MONTEZ,BARAHONA,ONAMET,EMCI,34.1,24.5,8.0,https://indomet.gob.do/wp-content/uploads/2025/08/temperaturas-extremas-y-precipitaciones-2025x08x26-a.pdf
2025-08-26,022,PERALTA,AZUA,HOSP. MPAL. DE PERALTA,EMCI,34.0,19.1,7.8,https://indomet.gob.do/wp-content/uploads/2025/08/temperaturas-extremas-y-precipitaciones-2025x08x26-a.pdf
2025-08-26,023,LAS MATAS DE SANTA CRUZ,MONTE CRISTI,INDRHI,EMCV,,,7.4,https://indomet.gob.do/wp-content/uploads/2025/08/temperaturas-extremas-y-precipitaciones-2025x08x26-a.pdf
2025-08-26,024,ARPT. ARROYO BARRIL,SAMANÁ,ONAMET,EMCI,33.5,27.0,6.5,https://indomet.gob.do/wp-content/uploads/2025/08/temperaturas-extremas-y-precipitaciones-2025x08x26-a.pdf
2025-08-26,025,LA VEGA,LA VEGA,IATESA,EMCI,34.7,23.5,6.4,https://indomet.gob.do/wp-content/uploads/2025/08/temperaturas-extremas-y-precipitaciones-2025x08x26-a.pdf
2025-08-26,026,CENTRO DE LOS HEROES (EMA),DISTRITO NACIONAL,MINISTERIO DE ENERGIA Y MINA,EMAP,33.8,26.5,5.8,https://indomet.gob.do/wp-content/uploads/2025/08/temperaturas-extremas-y-precipitaciones-2025x08x26-a.pdf
2025-08-26,027,CABRERA,MARÍA TRINIDAD SÁNCHEZ,ESCUELA ARÍSTIDES FIALLO CABRAL,EMCI,35.0,27.4,5.5,https://indomet.gob.do/wp-content/uploads/2025/08/temperaturas-extremas-y-precipitaciones-2025x08x26-a.pdf
2025-08-26,028,HATO MAYOR,HATO MAYOR,MINISTERIO DE AGRICULTURA,EMCV,,,4.8,https://indomet.gob.do/wp-content/uploads/2025/08/temperaturas-extremas-y-precipitaciones-2025x08x26-a.pdf
2025-08-26,029,GASPAR HERNÁNDEZ,ESPAILLAT,PROPIEDAD DEL EMPLEADO,EMCI,,,4.6,https://indomet.gob.do/wp-content/uploads/2025/08/temperaturas-extremas-y-precipitaciones-2025x08x26-a.pdf
2025-08-26,030,SÁNCHEZ,SAMANÁ,MINISTERIO DE AGRICULTURA,EMCI,33.6,21.5,4.6,https://indomet.gob.do/wp-content/uploads/2025/08/temperaturas-extremas-y-precipitaciones-2025x08x26-a.pdf
2025-08-26,031,PESCADERIA (EMA),BARAHONA,MINISTERIO DE AGRICULTURA,EMAP,34.5,23.4,4.2,https://indomet.gob.do/wp-content/uploads/2025/08/temperaturas-extremas-y-precipitaciones-2025x08x26-a.pdf
2025-08-26,032,COTUÍ,SÁNCHEZ RAMÍREZ,HOSP. INMACULADA CONCEPCIÓN,EMCV,,,4.0,https://indomet.gob.do/wp-content/uploads/2025/08/temperaturas-extremas-y-precipitaciones-2025x08x26-a.pdf
2025-08-26,033,RANCHO ARRIBA,SAN JOSÉ DE OCOA,CENTRO TECNOLÓGICO COMUNITARIO,EMCI,31.5,18.4,4.0,https://indomet.gob.do/wp-content/uploads/2025/08/temperaturas-extremas-y-precipitaciones-2025x08x26-a.pdf
2025-08-26,034,ARPT. DE LAS AMÉRICAS,SANTO DOMINGO,ONAMET,EMCI,32.0,24.5,3.5,https://indomet.gob.do/wp-content/uploads/2025/08/temperaturas-extremas-y-precipitaciones-2025x08x26-a.pdf
2025-08-26,035,SAN CRISTÓBAL,SAN CRISTÓBAL,INSTITUTO POLITÉCNICO LOYOLA,EMCI,35.0,22.5,3.4,https://indomet.gob.do/wp-content/uploads/2025/08/temperaturas-extremas-y-precipitaciones-2025x08x26-a.pdf
2025-08-26,036,EL CERCADO,SAN JUAN,MINISTERIO DE AGRICULTURA,EMCV,,,3.2,https://indomet.gob.do/wp-content/uploads/2025/08/temperaturas-extremas-y-precipitaciones-2025x08x26-a.pdf
2025-08-26,037,BASE AÉREA DE SAN ISIDRO,SANTO DOMINGO,FUERZA AÉREA DOMINICANA,EMCV,34.0,23.5,3.0,https://indomet.gob.do/wp-content/uploads/2025/08/temperaturas-extremas-y-precipitaciones-2025x08x26-a.pdf
2025-08-26,038,CONSTANZA,LA VEGA,MINISTERIO DE AGRICULTURA,EMCI,28.4,13.4,2.8,https://indomet.gob.do/wp-content/uploads/2025/08/temperaturas-extremas-y-precipitaciones-2025x08x26-a.pdf
2025-08-26,039,CONSTANZA (EMA),LA VEGA,PROGRAMA MUNDIAL DE ALIMENTO,EMAP,27.5,14.5,2.8,https://indomet.gob.do/wp-content/uploads/2025/08/temperaturas-extremas-y-precipitaciones-2025x08x26-a.pdf
2025-08-26,040,SABANA GRANDE DE BOYÁ,MONTE PLATA,MINISTERIO DE AGRICULTURA,EMCV,,,2.5,https://indomet.gob.do/wp-content/uploads/2025/08/temperaturas-extremas-y-precipitaciones-2025x08x26-a.pdf
2025-08-26,041,PONTÓN ABAJO (EMA),LA VEGA,MINISTERIO DE AGRICULTURA,EMAP,35.7,24.5,2.4,https://indomet.gob.do/wp-content/uploads/2025/08/temperaturas-extremas-y-precipitaciones-2025x08x26-a.pdf
2025-08-26,042,LOS TRES CHARCOS (EMA),PEDERNALES,PROPIEDAD DEL VOLUNTARIO,EMAP,30.9,26.3,2.2,https://indomet.gob.do/wp-content/uploads/2025/08/temperaturas-extremas-y-precipitaciones-2025x08x26-a.pdf
2025-08-26,043,ARPT. DEL CIBAO,SANTIAGO,ONAMET,EMCI,35.6,23.6,1.6,https://indomet.gob.do/wp-content/uploads/2025/08/temperaturas-extremas-y-precipitaciones-2025x08x26-a.pdf
2025-08-26,044,SANTO DOMINGO ESTE,SANTO DOMINGO,ONAMET,EMCI,35.2,26.0,1.5,https://indomet.gob.do/wp-content/uploads/2025/08/temperaturas-extremas-y-precipitaciones-2025x08x26-a.pdf
2025-08-26,045,SABANA DE LA MAR,HATO MAYOR,ONAMET,EMCI,32.5,24.0,1.4,https://indomet.gob.do/wp-content/uploads/2025/08/temperaturas-extremas-y-precipitaciones-2025x08x26-a.pdf
2025-08-26,046,LOS JENGIBRES,NAGUA,INDRHI,EMCI,,,1.3,https://indomet.gob.do/wp-content/uploads/2025/08/temperaturas-extremas-y-precipitaciones-2025x08x26-a.pdf
2025-08-26,047,ARPT. DE LA ROMANA,LA ROMANA,ONAMET,EMCI,34.9,23.5,1.2,https://indomet.gob.do/wp-content/uploads/2025/08/temperaturas-extremas-y-precipitaciones-2025x08x26-a.pdf
2025-08-26,048,BOHECHÍO,SAN JUAN,MINISTERIO DE AGRICULTURA,EMCV,,,1.0,https://indomet.gob.do/wp-content/uploads/2025/08/temperaturas-extremas-y-precipitaciones-2025x08x26-a.pdf
2025-08-26,049,OVIEDO,PEDERNALES,CLÍNICA RURAL OVIEDO,EMCI,31.5,26.4,1.0,https://indomet.gob.do/wp-content/uploads/2025/08/temperaturas-extremas-y-precipitaciones-2025x08x26-a.pdf
2025-08-26,050,ARROYO LORO,SAN JUAN,IDIAF,EMCI,34.5,20.5,0.5,https://indomet.gob.do/wp-content/uploads/2025/08/temperaturas-extremas-y-precipitaciones-2025x08x26-a.pdf
2025-08-26,051,POLO,BARAHONA,INDOCAFE,EMCI,30.0,19.0,0.5,https://indomet.gob.do/wp-content/uploads/2025/08/temperaturas-extremas-y-precipitaciones-2025x08x26-a.pdf
2025-08-26,052,VILLA RIVA,DUARTE,HOSP. MPAL. ALICIA DE LEGENDRE,EMCI,33.0,23.5,0.5,https://indomet.gob.do/wp-content/uploads/2025/08/temperaturas-extremas-y-precipitaciones-2025x08x26-a.pdf
2025-08-26,053,ALTAMIRA,PUERTO PLATA,HOSP. MPAL. DE ALTAMIRA,EMCI,32.3,21.5,0.4,https://indomet.gob.do/wp-content/uploads/2025/08/temperaturas-extremas-y-precipitaciones-2025x08x26-a.pdf
2025-08-26,054,BOCA DE MAO (EMA),VALVERDE,MINISTERIO DE AGRICULTURA,EMAP,33.5,24.0,0.4,https://indomet.gob.do/wp-content/uploads/2025/08/temperaturas-extremas-y-precipitaciones-2025x08x26-a.pdf
2025-08-26,055,PADRE LAS CASAS,AZUA,HOSP. NTRA. SRA. DEL CARMEN,EMCI,33.8,18.6,0.4,https://indomet.gob.do/wp-content/uploads/2025/08/temperaturas-extremas-y-precipitaciones-2025x08x26-a.pdf
2025-08-26,056,RÍO SAN JUAN,MARÍA TRINIDAD SÁNCHEZ,HOSP. MPAL. DR. DESIDERIO ACOSTA,EMCV,34.2,25.3,0.4,https://indomet.gob.do/wp-content/uploads/2025/08/temperaturas-extremas-y-precipitaciones-2025x08x26-a.pdf
2025-08-26,057,SANTIAGO RODRÍGUEZ,SANTIAGO RODRÍGUEZ,ONAMET,EMCI,37.2,23.5,0.1,https://indomet.gob.do/wp-content/uploads/2025/08/temperaturas-extremas-y-precipitaciones-2025x08x26-a.pdf
2025-08-26,058,ALTO BANDERA (EMA),LA VEGA,INTEC,EMAP,14.8,8.6,0.0,https://indomet.gob.do/wp-content/uploads/2025/08/temperaturas-extremas-y-precipitaciones-2025x08x26-a.pdf
2025-08-26,059,ANAMUYA (EMA),LA ALTAGRACIA,MINISTERIO DE AGRICULTURA,EMAP,33.7,25.7,0.0,https://indomet.gob.do/wp-content/uploads/2025/08/temperaturas-extremas-y-precipitaciones-2025x08x26-a.pdf
2025-08-26,060,ARPT. DE PUNTA CANA,LA ALTAGRACIA,ONAMET,EMCI,33.4,26.4,0.0,https://indomet.gob.do/wp-content/uploads/2025/08/temperaturas-extremas-y-precipitaciones-2025x08x26-a.pdf
2025-08-26,061,ARPT. GREGORIO LUPERÓN,PUERTO PLATA,ONAMET,EMCI,33.7,24.6,0.0,https://indomet.gob.do/wp-content/uploads/2025/08/temperaturas-extremas-y-precipitaciones-2025x08x26-a.pdf
2025-08-26,062,BANI (EMA),PERAVIA,MINISTERIO DE AGRICULTURA,EMAP,34.4,25.7,0.0,https://indomet.gob.do/wp-content/uploads/2025/08/temperaturas-extremas-y-precipitaciones-2025x08x26-a.pdf
2025-08-26,063,DAJABÓN,DAJABÓN,INSTITUTO POLITÉCNICO LOYOLA,EMCI,34.7,19.5,0.0,https://indomet.gob.do/wp-content/uploads/2025/08/temperaturas-extremas-y-precipitaciones-2025x08x26-a.pdf
2025-08-26,064,EL FACTOR (EMA),MARÍA TRINIDAD SÁNCHEZ,INTEC,EMAP,33.4,24.1,0.0,https://indomet.gob.do/wp-content/uploads/2025/08/temperaturas-extremas-y-precipitaciones-2025x08x26-a.pdf
2025-08-26,065,ENRIQUILLO,BARAHONA,MINISTERIO DE AGRICULTURA,EMCV,32.0,26.0,0.0,https://indomet.gob.do/wp-content/uploads/2025/08/temperaturas-extremas-y-precipitaciones-2025x08x26-a.pdf
2025-08-26,066,GURABO,SANTIAGO,MINISTERIO DE AGRICULTURA,EMCV,,,0.0,https://indomet.gob.do/wp-content/uploads/2025/08/temperaturas-extremas-y-precipitaciones-2025x08x26-a.pdf
2025-08-26,067,JIMANÍ,INDEPENDENCIA,MINISTERIO DE AGRICULTURA,EMCI,37.5,26.0,0.0,https://indomet.gob.do/wp-content/uploads/2025/08/temperaturas-extremas-y-precipitaciones-2025x08x26-a.pdf
2025-08-26,068,LAS CANAS (EMA),MONTE CRISTI,PROGRAMA MUNDIAL DE ALIMENTO,EMAP,31.3,27.4,0.0,https://indomet.gob.do/wp-content/uploads/2025/08/temperaturas-extremas-y-precipitaciones-2025x08x26-a.pdf
2025-08-26,069,LAS MATAS DE SANTA CRUZ (EMA,MONTE CRISTI,PROGRAMA MUNDIAL DE ALIMENTO,EMAP,37.0,24.7,0.0,https://indomet.gob.do/wp-content/uploads/2025/08/temperaturas-extremas-y-precipitaciones-2025x08x26-a.pdf
2025-08-26,070,MAO,VALVERDE,INDRHI / MINISTERIO DE AGRICULTURA,EMCV,,,0.0,https://indomet.gob.do/wp-content/uploads/2025/08/temperaturas-extremas-y-precipitaciones-2025x08x26-a.pdf
2025-08-26,071,MONCIÓN (EMA),SANTIAGO RODRÍGUEZ,PROGRAMA MUNDIAL DE ALIMENTO,EMAP,33.8,21.0,0.0,https://indomet.gob.do/wp-content/uploads/2025/08/temperaturas-extremas-y-precipitaciones-2025x08x26-a.pdf
2025-08-26,072,MONTE CRISTI,MONTE CRISTI,ONAMET,EMCI,34.5,25.3,0.0,https://indomet.gob.do/wp-content/uploads/2025/08/temperaturas-extremas-y-precipitaciones-2025x08x26-a.pdf
2025-08-26,073,OLIVARES,PEDERNALES,INDRHI,EMCI,,,0.0,https://indomet.gob.do/wp-content/uploads/2025/08/temperaturas-extremas-y-precipitaciones-2025x08x26-a.pdf
2025-08-26,074,PALO ÍNDIO,PUERTO PLATA,MINISTERIO DE AGRICULTURA,EMCI,,,0.0,https://indomet.gob.do/wp-content/uploads/2025/08/temperaturas-extremas-y-precipitaciones-2025x08x26-a.pdf
2025-08-26,075,PASO AL MEDIO,SAN PEDRO DE MACORÍS,INDRHI,EMCI,,,0.0,https://indomet.gob.do/wp-content/uploads/2025/08/temperaturas-extremas-y-precipitaciones-2025x08x26-a.pdf
2025-08-26,076,PEDERNALES,PEDERNALES,INDRHI,EMCI,,,0.0,https://indomet.gob.do/wp-content/uploads/2025/08/temperaturas-extremas-y-precipitaciones-2025x08x26-a.pdf
2025-08-26,077,SABANETA (EMA),SANTIAGO RODRÍGUEZ,PROGRAMA MUNDIAL DE ALIMENTO,EMAP,36.7,23.1,0.0,https://indomet.gob.do/wp-content/uploads/2025/08/temperaturas-extremas-y-precipitaciones-2025x08x26-a.pdf
2025-08-26,078,SALCEDO,HERMANAS MIRABAL,PROPIEDAD DEL EMPLEADO,EMCI,,,0.0,https://indomet.gob.do/wp-content/uploads/2025/08/temperaturas-extremas-y-precipitaciones-2025x08x26-a.pdf
2025-08-26,079,SAN FRANCISCO DE MACORÍS,DUARTE,San Francisco de Macorís (UASD),EMCI,34.7,23.5,0.0,https://indomet.gob.do/wp-content/uploads/2025/08/temperaturas-extremas-y-precipitaciones-2025x08x26-a.pdf
2025-08-26,080,SAN RAFAEL DEL YUMA,LA ALTAGRACIA,MINISTERIO DE AGRICULTURA,EMCI,36.0,23.9,0.0,https://indomet.gob.do/wp-content/uploads/2025/08/temperaturas-extremas-y-precipitaciones-2025x08x26-a.pdf
2025-08-26,081,TAMBORIL,SANTIAGO,MINISTERIO DE AGRICULTURA,EMCV,,,0.0,https://indomet.gob.do/wp-content/uploads/2025/08/temperaturas-extremas-y-precipitaciones-2025x08x26-a.pdf
2025-08-26,082,VALLE NUEVO (EMA),LA VEGA,MARENA,EMAI,19.2,11.7,0.0,https://indomet.gob.do/wp-content/uploads/2025/08/temperaturas-extremas-y-precipitaciones-2025x08x26-a.pdf
2025-08-26,083,VILLA GONZALES,SANTIAGO,MINISTERIO DE AGRICULTURA,EMCI,,,0.0,https://indomet.gob.do/wp-content/uploads/2025/08/temperaturas-extremas-y-precipitaciones-2025x08x26-a.pdf
2025-08-26,084,VILLA ISABELA,PUERTO PLATA,MINISTERIO DE AGRICULTURA,EMCV,,,0.0,https://indomet.gob.do/wp-content/uploads/2025/08/temperaturas-extremas-y-precipitaciones-2025x08x26-a.pdf
2025-08-27,001,DAJABÓN,DAJABÓN,INSTITUTO POLITÉCNICO LOYOLA,EMCI,34.4,20.1,47.0,https://indomet.gob.do/wp-content/uploads/2025/08/temperaturas-extremas-y-precipitaciones-2025x08x27-a.pdf
2025-08-27,002,ARPT. ARROYO BARRIL,SAMANÁ,ONAMET,EMCI,33.5,24.5,31.7,https://indomet.gob.do/wp-content/uploads/2025/08/temperaturas-extremas-y-precipitaciones-2025x08x27-a.pdf
2025-08-27,003,ARROYO LORO,SAN JUAN,IDIAF,EMCI,33.2,22.4,28.9,https://indomet.gob.do/wp-content/uploads/2025/08/temperaturas-extremas-y-precipitaciones-2025x08x27-a.pdf
2025-08-27,004,HATO MAYOR,HATO MAYOR,MINISTERIO DE AGRICULTURA,EMCV,,,28.2,https://indomet.gob.do/wp-content/uploads/2025/08/temperaturas-extremas-y-precipitaciones-2025x08x27-a.pdf
2025-08-27,005,SAMANÁ,SAMANÁ,COMANDANCIA DE PUERTO DE SAMANÁ,EMCI,33.7,22.6,20.4,https://indomet.gob.do/wp-content/uploads/2025/08/temperaturas-extremas-y-precipitaciones-2025x08x27-a.pdf
2025-08-27,006,LOS JENGIBRES,NAGUA,INDRHI,EMCI,,,13.3,https://indomet.gob.do/wp-content/uploads/2025/08/temperaturas-extremas-y-precipitaciones-2025x08x27-a.pdf
2025-08-27,007,BAYAGUANA,MONTE PLATA,ONAMET,EMCI,34.5,22.6,13.2,https://indomet.gob.do/wp-content/uploads/2025/08/temperaturas-extremas-y-precipitaciones-2025x08x27-a.pdf
2025-08-27,008,SABANA DE LA MAR,HATO MAYOR,ONAMET,EMCI,32.0,23.5,12.8,https://indomet.gob.do/wp-content/uploads/2025/08/temperaturas-extremas-y-precipitaciones-2025x08x27-a.pdf
2025-08-27,009,VALLE NUEVO (EMA),LA VEGA,MARENA,EMAI,20.5,12.8,10.0,https://indomet.gob.do/wp-content/uploads/2025/08/temperaturas-extremas-y-precipitaciones-2025x08x27-a.pdf
2025-08-27,010,LAS MATAS DE SANTA CRUZ (EMA,MONTE CRISTI,PROGRAMA MUNDIAL DE ALIMENTO,EMAP,33.0,24.4,7.9,https://indomet.gob.do/wp-content/uploads/2025/08/temperaturas-extremas-y-precipitaciones-2025x08x27-a.pdf
2025-08-27,011,VILLA ALTAGRACIA,SAN CRISTÓBAL,ESCUELA JAVIER ANGULO GURIDI,EMCI,,,5.6,https://indomet.gob.do/wp-content/uploads/2025/08/temperaturas-extremas-y-precipitaciones-2025x08x27-a.pdf
2025-08-27,012,VILLA RIVA,DUARTE,HOSP. MPAL. ALICIA DE LEGENDRE,EMCI,33.7,23.0,5.3,https://indomet.gob.do/wp-content/uploads/2025/08/temperaturas-extremas-y-precipitaciones-2025x08x27-a.pdf
2025-08-27,013,SALCEDO,HERMANAS MIRABAL,PROPIEDAD DEL EMPLEADO,EMCI,,,4.9,https://indomet.gob.do/wp-content/uploads/2025/08/temperaturas-extremas-y-precipitaciones-2025x08x27-a.pdf
2025-08-27,014,SAN JOSÉ DE OCOA,SAN JOSÉ DE OCOA,HOSP. SAN JOSÉ DE OCOA,EMCI,33.1,21.4,4.4,https://indomet.gob.do/wp-content/uploads/2025/08/temperaturas-extremas-y-precipitaciones-2025x08x27-a.pdf
2025-08-27,015,CABRERA,MARÍA TRINIDAD SÁNCHEZ,ESCUELA ARÍSTIDES FIALLO CABRAL,EMCI,33.5,27.0,4.0,https://indomet.gob.do/wp-content/uploads/2025/08/temperaturas-extremas-y-precipitaciones-2025x08x27-a.pdf
2025-08-27,016,SAN CRISTÓBAL,SAN CRISTÓBAL,INSTITUTO POLITÉCNICO LOYOLA,EMCI,33.2,22.2,3.8,https://indomet.gob.do/wp-content/uploads/2025/08/temperaturas-extremas-y-precipitaciones-2025x08x27-a.pdf
2025-08-27,017,ARPT. EL CATEY,SAMANÁ,ONAMET,EMCI,31.5,23.2,3.0,https://indomet.gob.do/wp-content/uploads/2025/08/temperaturas-extremas-y-precipitaciones-2025x08x27-a.pdf
2025-08-27,018,SABANA GRANDE DE BOYÁ,MONTE PLATA,MINISTERIO DE AGRICULTURA,EMCV,,,2.5,https://indomet.gob.do/wp-content/uploads/2025/08/temperaturas-extremas-y-precipitaciones-2025x08x27-a.pdf
2025-08-27,019,RÍO SAN JUAN,MARÍA TRINIDAD SÁNCHEZ,HOSP. MPAL. DR. DESIDERIO ACOSTA,EMCV,35.2,25.3,2.4,https://indomet.gob.do/wp-content/uploads/2025/08/temperaturas-extremas-y-precipitaciones-2025x08x27-a.pdf
2025-08-27,020,SÁNCHEZ,SAMANÁ,MINISTERIO DE AGRICULTURA,EMCI,33.3,21.8,2.4,https://indomet.gob.do/wp-content/uploads/2025/08/temperaturas-extremas-y-precipitaciones-2025x08x27-a.pdf
2025-08-27,021,PARQUE MIRADOR SUR,DISTRITO NACIONAL,AYUNTAMIENTO,EMCV,33.3,22.4,2.0,https://indomet.gob.do/wp-content/uploads/2025/08/temperaturas-extremas-y-precipitaciones-2025x08x27-a.pdf
2025-08-27,022,ELÍAS PIÑA,ELÍAS PIÑA,MINISTERIO DE AGRICULTURA,EMCV,,,1.6,https://indomet.gob.do/wp-content/uploads/2025/08/temperaturas-extremas-y-precipitaciones-2025x08x27-a.pdf
2025-08-27,023,RANCHO ARRIBA,SAN JOSÉ DE OCOA,CENTRO TECNOLÓGICO COMUNITARIO,EMCI,32.0,19.0,1.4,https://indomet.gob.do/wp-content/uploads/2025/08/temperaturas-extremas-y-precipitaciones-2025x08x27-a.pdf
2025-08-27,024,JARABACOA,LA VEGA,INDRHI / MARENA,EMCI,34.0,18.4,1.2,https://indomet.gob.do/wp-content/uploads/2025/08/temperaturas-extremas-y-precipitaciones-2025x08x27-a.pdf
2025-08-27,025,JARABACOA (EMA),LA VEGA,PROGRAMA MUNDIAL DE ALIMENTO,EMAP,32.9,20.1,1.2,https://indomet.gob.do/wp-content/uploads/2025/08/temperaturas-extremas-y-precipitaciones-2025x08x27-a.pdf
2025-08-27,026,BANI (EMA),PERAVIA,MINISTERIO DE AGRICULTURA,EMAP,33.6,25.6,0.6,https://indomet.gob.do/wp-content/uploads/2025/08/temperaturas-extremas-y-precipitaciones-2025x08x27-a.pdf
2025-08-27,027,GASPAR HERNÁNDEZ,ESPAILLAT,PROPIEDAD DEL EMPLEADO,EMCI,,,0.5,https://indomet.gob.do/wp-content/uploads/2025/08/temperaturas-extremas-y-precipitaciones-2025x08x27-a.pdf
2025-08-27,028,POLO,BARAHONA,INDOCAFE,EMCI,30.0,18.5,0.4,https://indomet.gob.do/wp-content/uploads/2025/08/temperaturas-extremas-y-precipitaciones-2025x08x27-a.pdf
2025-08-27,029,PONTÓN ABAJO (EMA),LA VEGA,MINISTERIO DE AGRICULTURA,EMAP,35.4,24.8,0.4,https://indomet.gob.do/wp-content/uploads/2025/08/temperaturas-extremas-y-precipitaciones-2025x08x27-a.pdf
2025-08-27,030,RESTAURACIÓN,DAJABÓN,MINISTERIO DE AGRICULTURA,EMCI,31.3,19.0,0.4,https://indomet.gob.do/wp-content/uploads/2025/08/temperaturas-extremas-y-precipitaciones-2025x08x27-a.pdf
2025-08-27,031,ESCONDIDO,PERAVIA,MINISTERIO DE AGRICULTURA,EMCV,34.0,27.0,0.3,https://indomet.gob.do/wp-content/uploads/2025/08/temperaturas-extremas-y-precipitaciones-2025x08x27-a.pdf
2025-08-27,032,BONAO,MONSEÑOR NOUEL,MINISTERIO DE AGRICULTURA,EMCV,,,0.3,https://indomet.gob.do/wp-content/uploads/2025/08/temperaturas-extremas-y-precipitaciones-2025x08x27-a.pdf
2025-08-27,033,ARPT. DE LAS AMÉRICAS,SANTO DOMINGO,ONAMET,EMCI,32.7,23.6,0.2,https://indomet.gob.do/wp-content/uploads/2025/08/temperaturas-extremas-y-precipitaciones-2025x08x27-a.pdf
2025-08-27,034,LA VICTORIA,SANTO DOMINGO,CUERPO DE BOMBEROS,EMCI,34.0,24.3,0.2,https://indomet.gob.do/wp-content/uploads/2025/08/temperaturas-extremas-y-precipitaciones-2025x08x27-a.pdf
2025-08-27,035,MONTE CRISTI,MONTE CRISTI,ONAMET,EMCI,35.4,25.3,0.2,https://indomet.gob.do/wp-content/uploads/2025/08/temperaturas-extremas-y-precipitaciones-2025x08x27-a.pdf
2025-08-27,036,PADRE LAS CASAS,AZUA,HOSP. NTRA. SRA. DEL CARMEN,EMCI,32.0,21.0,0.2,https://indomet.gob.do/wp-content/uploads/2025/08/temperaturas-extremas-y-precipitaciones-2025x08x27-a.pdf
2025-08-27,037,HONDO VALLE,ELÍAS PIÑA,MINISTERIO DE AGRICULTURA,EMCI,28.6,18.3,0.1,https://indomet.gob.do/wp-content/uploads/2025/08/temperaturas-extremas-y-precipitaciones-2025x08x27-a.pdf
2025-08-27,038,SAN RAFAEL DEL YUMA,LA ALTAGRACIA,MINISTERIO DE AGRICULTURA,EMCI,35.7,23.4,0.1,https://indomet.gob.do/wp-content/uploads/2025/08/temperaturas-extremas-y-precipitaciones-2025x08x27-a.pdf
2025-08-27,039,ALTAMIRA,PUERTO PLATA,HOSP. MPAL. DE ALTAMIRA,EMCI,33.5,22.5,0.0,https://indomet.gob.do/wp-content/uploads/2025/08/temperaturas-extremas-y-precipitaciones-2025x08x27-a.pdf
2025-08-27,040,ALTO BANDERA (EMA),LA VEGA,INTEC,EMAP,17.7,9.2,0.0,https://indomet.gob.do/wp-content/uploads/2025/08/temperaturas-extremas-y-precipitaciones-2025x08x27-a.pdf
2025-08-27,041,ANAMUYA (EMA),LA ALTAGRACIA,MINISTERIO DE AGRICULTURA,EMAP,35.6,24.3,0.0,https://indomet.gob.do/wp-content/uploads/2025/08/temperaturas-extremas-y-precipitaciones-2025x08x27-a.pdf
2025-08-27,042,ARPT. DE LA ROMANA,LA ROMANA,ONAMET,EMCI,34.7,21.5,0.0,https://indomet.gob.do/wp-content/uploads/2025/08/temperaturas-extremas-y-precipitaciones-2025x08x27-a.pdf
2025-08-27,043,ARPT. DE PUNTA CANA,LA ALTAGRACIA,ONAMET,EMCI,33.0,25.6,0.0,https://indomet.gob.do/wp-content/uploads/2025/08/temperaturas-extremas-y-precipitaciones-2025x08x27-a.pdf
2025-08-27,044,ARPT. DEL CIBAO,SANTIAGO,ONAMET,EMCI,35.0,22.0,0.0,https://indomet.gob.do/wp-content/uploads/2025/08/temperaturas-extremas-y-precipitaciones-2025x08x27-a.pdf
2025-08-27,045,ARPT. GREGORIO LUPERÓN,PUERTO PLATA,ONAMET,EMCI,34.0,24.4,0.0,https://indomet.gob.do/wp-content/uploads/2025/08/temperaturas-extremas-y-precipitaciones-2025x08x27-a.pdf
2025-08-27,046,ARPT. LA ISABELA,SANTO DOMINGO,ONAMET,EMCI,35.4,23.5,0.0,https://indomet.gob.do/wp-content/uploads/2025/08/temperaturas-extremas-y-precipitaciones-2025x08x27-a.pdf
2025-08-27,047,ARPT. MARÍA MONTEZ,BARAHONA,ONAMET,EMCI,33.4,23.5,0.0,https://indomet.gob.do/wp-content/uploads/2025/08/temperaturas-extremas-y-precipitaciones-2025x08x27-a.pdf
2025-08-27,048,BASE AÉREA DE SAN ISIDRO,SANTO DOMINGO,FUERZA AÉREA DOMINICANA,EMCV,32.6,24.2,0.0,https://indomet.gob.do/wp-content/uploads/2025/08/temperaturas-extremas-y-precipitaciones-2025x08x27-a.pdf
2025-08-27,049,BOCA DE MAO (EMA),VALVERDE,MINISTERIO DE AGRICULTURA,EMAP,37.0,25.1,0.0,https://indomet.gob.do/wp-content/uploads/2025/08/temperaturas-extremas-y-precipitaciones-2025x08x27-a.pdf
2025-08-27,050,BOHECHÍO,SAN JUAN,MINISTERIO DE AGRICULTURA,EMCV,,,0.0,https://indomet.gob.do/wp-content/uploads/2025/08/temperaturas-extremas-y-precipitaciones-2025x08x27-a.pdf
2025-08-27,051,CABRAL,BARAHONA,MINISTERIO DE AGRICULTURA,EMCV,35.3,25.6,0.0,https://indomet.gob.do/wp-content/uploads/2025/08/temperaturas-extremas-y-precipitaciones-2025x08x27-a.pdf
2025-08-27,052,CENTRO DE LOS HEROES (EMA),DISTRITO NACIONAL,MINISTERIO DE ENERGIA Y MINA,EMAP,32.4,27.3,0.0,https://indomet.gob.do/wp-content/uploads/2025/08/temperaturas-extremas-y-precipitaciones-2025x08x27-a.pdf
2025-08-27,053,CONSTANZA,LA VEGA,MINISTERIO DE AGRICULTURA,EMCI,28.0,14.5,0.0,https://indomet.gob.do/wp-content/uploads/2025/08/temperaturas-extremas-y-precipitaciones-2025x08x27-a.pdf
2025-08-27,054,CONSTANZA (EMA),LA VEGA,PROGRAMA MUNDIAL DE ALIMENTO,EMAP,27.3,15.6,0.0,https://indomet.gob.do/wp-content/uploads/2025/08/temperaturas-extremas-y-precipitaciones-2025x08x27-a.pdf
2025-08-27,055,COTUÍ,SÁNCHEZ RAMÍREZ,HOSP. INMACULADA CONCEPCIÓN,EMCV,,,0.0,https://indomet.gob.do/wp-content/uploads/2025/08/temperaturas-extremas-y-precipitaciones-2025x08x27-a.pdf
2025-08-27,056,EL FACTOR (EMA),MARÍA TRINIDAD SÁNCHEZ,INTEC,EMAP,33.8,24.2,0.0,https://indomet.gob.do/wp-content/uploads/2025/08/temperaturas-extremas-y-precipitaciones-2025x08x27-a.pdf
2025-08-27,057,ENRIQUILLO,BARAHONA,MINISTERIO DE AGRICULTURA,EMCV,34.0,25.8,0.0,https://indomet.gob.do/wp-content/uploads/2025/08/temperaturas-extremas-y-precipitaciones-2025x08x27-a.pdf
2025-08-27,058,GURABO,SANTIAGO,MINISTERIO DE AGRICULTURA,EMCV,,,0.0,https://indomet.gob.do/wp-content/uploads/2025/08/temperaturas-extremas-y-precipitaciones-2025x08x27-a.pdf
2025-08-27,059,HIGÜEY,LA ALTAGRACIA,MINISTERIO DE AGRICULTURA,EMCV,,,0.0,https://indomet.gob.do/wp-content/uploads/2025/08/temperaturas-extremas-y-precipitaciones-2025x08x27-a.pdf
2025-08-27,060,JARDÍN BOTÁNICO NACIONAL,DISTRITO NACIONAL,JARDÍN BOTÁNICO NACIONAL,EMCV,35.8,25.0,0.0,https://indomet.gob.do/wp-content/uploads/2025/08/temperaturas-extremas-y-precipitaciones-2025x08x27-a.pdf
2025-08-27,061,JIMANÍ,INDEPENDENCIA,MINISTERIO DE AGRICULTURA,EMCI,37.2,26.0,0.0,https://indomet.gob.do/wp-content/uploads/2025/08/temperaturas-extremas-y-precipitaciones-2025x08x27-a.pdf
2025-08-27,062,JUMA BEJUCAL,MONSEÑOR NOUEL,IDIAF,EMCV,33.6,24.0,0.0,https://indomet.gob.do/wp-content/uploads/2025/08/temperaturas-extremas-y-precipitaciones-2025x08x27-a.pdf
2025-08-27,063,LA VEGA,LA VEGA,IATESA,EMCI,34.5,24.5,0.0,https://indomet.gob.do/wp-content/uploads/2025/08/temperaturas-extremas-y-precipitaciones-2025x08x27-a.pdf
2025-08-27,064,LOS LLANOS,SAN PEDRO DE MACORÍS,MINISTERIO DE AGRICULTURA,EMCI,33.7,23.7,0.0,https://indomet.gob.do/wp-content/uploads/2025/08/temperaturas-extremas-y-precipitaciones-2025x08x27-a.pdf
2025-08-27,065,LOS TRES CHARCOS (EMA),PEDERNALES,PROPIEDAD DEL VOLUNTARIO,EMAP,33.4,27.4,0.0,https://indomet.gob.do/wp-content/uploads/2025/08/temperaturas-extremas-y-precipitaciones-2025x08x27-a.pdf
2025-08-27,066,MAO,VALVERDE,INDRHI / MINISTERIO DE AGRICULTURA,EMCV,,,0.0,https://indomet.gob.do/wp-content/uploads/2025/08/temperaturas-extremas-y-precipitaciones-2025x08x27-a.pdf
2025-08-27,067,MONCIÓN (EMA),SANTIAGO RODRÍGUEZ,PROGRAMA MUNDIAL DE ALIMENTO,EMAP,34.2,21.5,0.0,https://indomet.gob.do/wp-content/uploads/2025/08/temperaturas-extremas-y-precipitaciones-2025x08x27-a.pdf
2025-08-27,068,NAVARRETE,SANTIAGO,MINISTERIO DE AGRICULTURA,EMCV,,,0.0,https://indomet.gob.do/wp-content/uploads/2025/08/temperaturas-extremas-y-precipitaciones-2025x08x27-a.pdf
2025-08-27,069,OLIVARES,PEDERNALES,INDRHI,EMCI,,,0.0,https://indomet.gob.do/wp-content/uploads/2025/08/temperaturas-extremas-y-precipitaciones-2025x08x27-a.pdf
2025-08-27,070,OVIEDO,PEDERNALES,CLÍNICA RURAL OVIEDO,EMCI,35.7,26.5,0.0,https://indomet.gob.do/wp-content/uploads/2025/08/temperaturas-extremas-y-precipitaciones-2025x08x27-a.pdf
2025-08-27,071,PALO ÍNDIO,PUERTO PLATA,MINISTERIO DE AGRICULTURA,EMCI,,,0.0,https://indomet.gob.do/wp-content/uploads/2025/08/temperaturas-extremas-y-precipitaciones-2025x08x27-a.pdf
2025-08-27,072,PASO AL MEDIO,SAN PEDRO DE MACORÍS,INDRHI,EMCI,,,0.0,https://indomet.gob.do/wp-content/uploads/2025/08/temperaturas-extremas-y-precipitaciones-2025x08x27-a.pdf
2025-08-27,073,PEDERNALES,PEDERNALES,INDRHI,EMCI,,,0.0,https://indomet.gob.do/wp-content/uploads/2025/08/temperaturas-extremas-y-precipitaciones-2025x08x27-a.pdf
2025-08-27,074,PERALTA,AZUA,HOSP. MPAL. DE PERALTA,EMCI,31.0,19.4,0.0,https://indomet.gob.do/wp-content/uploads/2025/08/temperaturas-extremas-y-precipitaciones-2025x08x27-a.pdf
2025-08-27,075,PESCADERIA (EMA),BARAHONA,MINISTERIO DE AGRICULTURA,EMAP,34.3,27.6,0.0,https://indomet.gob.do/wp-content/uploads/2025/08/temperaturas-extremas-y-precipitaciones-2025x08x27-a.pdf
2025-08-27,076,PRESA DE TAVERAS (EMA),LA VEGA,PROGRAMA MUNDIAL DE ALIMENTO,EMAP,31.9,23.2,0.0,https://indomet.gob.do/wp-content/uploads/2025/08/temperaturas-extremas-y-precipitaciones-2025x08x27-a.pdf
2025-08-27,077,SABANETA (EMA),SANTIAGO RODRÍGUEZ,PROGRAMA MUNDIAL DE ALIMENTO,EMAP,37.6,23.9,0.0,https://indomet.gob.do/wp-content/uploads/2025/08/temperaturas-extremas-y-precipitaciones-2025x08x27-a.pdf
2025-08-27,078,SAN FRANCISCO DE MACORÍS,DUARTE,San Francisco de Macorís (UASD),EMCI,34.5,23.3,0.0,https://indomet.gob.do/wp-content/uploads/2025/08/temperaturas-extremas-y-precipitaciones-2025x08x27-a.pdf
2025-08-27,079,SANTIAGO,SANTIAGO,HUACALITO,EMCI,,,0.0,https://indomet.gob.do/wp-content/uploads/2025/08/temperaturas-extremas-y-precipitaciones-2025x08x27-a.pdf
2025-08-27,080,SANTIAGO RODRÍGUEZ,SANTIAGO RODRÍGUEZ,ONAMET,EMCI,37.0,25.0,0.0,https://indomet.gob.do/wp-content/uploads/2025/08/temperaturas-extremas-y-precipitaciones-2025x08x27-a.pdf
2025-08-27,081,SANTO DOMINGO ESTE,SANTO DOMINGO,ONAMET,EMCI,34.5,25.6,0.0,https://indomet.gob.do/wp-content/uploads/2025/08/temperaturas-extremas-y-precipitaciones-2025x08x27-a.pdf
2025-08-27,082,TÁBARA ABAJO,AZUA,INDRHI,EMCI,33.5,23.5,0.0,https://indomet.gob.do/wp-content/uploads/2025/08/temperaturas-extremas-y-precipitaciones-2025x08x27-a.pdf
2025-08-27,083,TAVERA,SANTIAGO,INDRHI,EMCI,,,0.0,https://indomet.gob.do/wp-content/uploads/2025/08/temperaturas-extremas-y-precipitaciones-2025x08x27-a.pdf
2025-08-27,084,VILLA GONZALES,SANTIAGO,MINISTERIO DE AGRICULTURA,EMCI,,,0.0,https://indomet.gob.do/wp-content/uploads/2025/08/temperaturas-extremas-y-precipitaciones-2025x08x27-a.pdf
2025-08-27,085,VILLA ISABELA,PUERTO PLATA,MINISTERIO DE AGRICULTURA,EMCV,,,0.0,https://indomet.gob.do/wp-content/uploads/2025/08/temperaturas-extremas-y-precipitaciones-2025x08x27-a.pdf
2025-08-28,001,MONCIÓN (EMA),SANTIAGO RODRÍGUEZ,PROGRAMA MUNDIAL DE ALIMENTO,EMAP,,,55.0,https://indomet.gob.do/wp-content/uploads/2025/08/temperaturas-extremas-y-precipitaciones-2025x08x28-a.pdf
2025-08-28,002,SAMANÁ,SAMANÁ,COMANDANCIA DE PUERTO DE SAMANÁ,EMCI,34.0,21.5,20.4,https://indomet.gob.do/wp-content/uploads/2025/08/temperaturas-extremas-y-precipitaciones-2025x08x28-a.pdf
2025-08-28,003,SAN CRISTÓBAL,SAN CRISTÓBAL,INSTITUTO POLITÉCNICO LOYOLA,EMCI,33.0,22.0,10.2,https://indomet.gob.do/wp-content/uploads/2025/08/temperaturas-extremas-y-precipitaciones-2025x08x28-a.pdf
2025-08-28,004,SABANA DE LA MAR,HATO MAYOR,ONAMET,EMCI,32.5,23.5,6.9,https://indomet.gob.do/wp-content/uploads/2025/08/temperaturas-extremas-y-precipitaciones-2025x08x28-a.pdf
2025-08-28,005,RESTAURACIÓN,DAJABÓN,MINISTERIO DE AGRICULTURA,EMCI,31.8,20.5,6.1,https://indomet.gob.do/wp-content/uploads/2025/08/temperaturas-extremas-y-precipitaciones-2025x08x28-a.pdf
2025-08-28,006,DAJABÓN,DAJABÓN,INSTITUTO POLITÉCNICO LOYOLA,EMCI,35.1,19.8,5.4,https://indomet.gob.do/wp-content/uploads/2025/08/temperaturas-extremas-y-precipitaciones-2025x08x28-a.pdf
2025-08-28,007,ARPT. ARROYO BARRIL,SAMANÁ,ONAMET,EMCI,33.4,24.3,4.6,https://indomet.gob.do/wp-content/uploads/2025/08/temperaturas-extremas-y-precipitaciones-2025x08x28-a.pdf
2025-08-28,008,CABRAL,BARAHONA,MINISTERIO DE AGRICULTURA,EMCV,34.5,25.6,4.4,https://indomet.gob.do/wp-content/uploads/2025/08/temperaturas-extremas-y-precipitaciones-2025x08x28-a.pdf
2025-08-28,009,CONSTANZA,LA VEGA,MINISTERIO DE AGRICULTURA,EMCI,30.0,15.5,3.8,https://indomet.gob.do/wp-content/uploads/2025/08/temperaturas-extremas-y-precipitaciones-2025x08x28-a.pdf
2025-08-28,010,CONSTANZA (EMA),LA VEGA,PROGRAMA MUNDIAL DE ALIMENTO,EMAP,28.8,16.5,3.8,https://indomet.gob.do/wp-content/uploads/2025/08/temperaturas-extremas-y-precipitaciones-2025x08x28-a.pdf
2025-08-28,011,SANTIAGO,SANTIAGO,HUACALITO,EMCI,,,2.8,https://indomet.gob.do/wp-content/uploads/2025/08/temperaturas-extremas-y-precipitaciones-2025x08x28-a.pdf
2025-08-28,012,ARPT. LA ISABELA,SANTO DOMINGO,ONAMET,EMCI,34.4,23.0,2.6,https://indomet.gob.do/wp-content/uploads/2025/08/temperaturas-extremas-y-precipitaciones-2025x08x28-a.pdf
2025-08-28,013,ENRIQUILLO,BARAHONA,MINISTERIO DE AGRICULTURA,EMCV,34.0,25.3,2.2,https://indomet.gob.do/wp-content/uploads/2025/08/temperaturas-extremas-y-precipitaciones-2025x08x28-a.pdf
2025-08-28,014,SÁNCHEZ,SAMANÁ,MINISTERIO DE AGRICULTURA,EMCI,34.2,22.7,2.2,https://indomet.gob.do/wp-content/uploads/2025/08/temperaturas-extremas-y-precipitaciones-2025x08x28-a.pdf
2025-08-28,015,VILLA ALTAGRACIA,SAN CRISTÓBAL,ESCUELA JAVIER ANGULO GURIDI,EMCI,,,1.9,https://indomet.gob.do/wp-content/uploads/2025/08/temperaturas-extremas-y-precipitaciones-2025x08x28-a.pdf
2025-08-28,016,BANI (EMA),PERAVIA,MINISTERIO DE AGRICULTURA,EMAP,,,1.8,https://indomet.gob.do/wp-content/uploads/2025/08/temperaturas-extremas-y-precipitaciones-2025x08x28-a.pdf
2025-08-28,017,SABANETA (EMA),SANTIAGO RODRÍGUEZ,PROGRAMA MUNDIAL DE ALIMENTO,EMAP,,,1.8,https://indomet.gob.do/wp-content/uploads/2025/08/temperaturas-extremas-y-precipitaciones-2025x08x28-a.pdf
2025-08-28,018,SANTIAGO RODRÍGUEZ,SANTIAGO RODRÍGUEZ,ONAMET,EMCI,37.3,23.0,1.8,https://indomet.gob.do/wp-content/uploads/2025/08/temperaturas-extremas-y-precipitaciones-2025x08x28-a.pdf
2025-08-28,019,HATO MAYOR,HATO MAYOR,MINISTERIO DE AGRICULTURA,EMCV,,,1.8,https://indomet.gob.do/wp-content/uploads/2025/08/temperaturas-extremas-y-precipitaciones-2025x08x28-a.pdf
2025-08-28,020,ESCONDIDO,PERAVIA,MINISTERIO DE AGRICULTURA,EMCV,33.0,26.0,1.5,https://indomet.gob.do/wp-content/uploads/2025/08/temperaturas-extremas-y-precipitaciones-2025x08x28-a.pdf
2025-08-28,021,JARDÍN BOTÁNICO NACIONAL,DISTRITO NACIONAL,JARDÍN BOTÁNICO NACIONAL,EMCV,35.1,21.7,1.0,https://indomet.gob.do/wp-content/uploads/2025/08/temperaturas-extremas-y-precipitaciones-2025x08x28-a.pdf
2025-08-28,022,CENTRO DE LOS HEROES (EMA),DISTRITO NACIONAL,MINISTERIO DE ENERGIA Y MINA,EMAP,32.3,27.2,0.4,https://indomet.gob.do/wp-content/uploads/2025/08/temperaturas-extremas-y-precipitaciones-2025x08x28-a.pdf
2025-08-28,023,LA VICTORIA,SANTO DOMINGO,CUERPO DE BOMBEROS,EMCI,34.8,24.8,0.1,https://indomet.gob.do/wp-content/uploads/2025/08/temperaturas-extremas-y-precipitaciones-2025x08x28-a.pdf
2025-08-28,024,MONTE CRISTI,MONTE CRISTI,ONAMET,EMCI,35.1,25.0,0.1,https://indomet.gob.do/wp-content/uploads/2025/08/temperaturas-extremas-y-precipitaciones-2025x08x28-a.pdf
2025-08-28,025,SABANA GRANDE DE BOYÁ,MONTE PLATA,MINISTERIO DE AGRICULTURA,EMCV,,,0.1,https://indomet.gob.do/wp-content/uploads/2025/08/temperaturas-extremas-y-precipitaciones-2025x08x28-a.pdf
2025-08-28,026,ALTAMIRA,PUERTO PLATA,HOSP. MPAL. DE ALTAMIRA,EMCI,35.2,21.6,0.0,https://indomet.gob.do/wp-content/uploads/2025/08/temperaturas-extremas-y-precipitaciones-2025x08x28-a.pdf
2025-08-28,027,ALTO BANDERA (EMA),LA VEGA,INTEC,EMAP,18.8,9.6,0.0,https://indomet.gob.do/wp-content/uploads/2025/08/temperaturas-extremas-y-precipitaciones-2025x08x28-a.pdf
2025-08-28,028,ANAMUYA (EMA),LA ALTAGRACIA,MINISTERIO DE AGRICULTURA,EMAP,34.9,24.6,0.0,https://indomet.gob.do/wp-content/uploads/2025/08/temperaturas-extremas-y-precipitaciones-2025x08x28-a.pdf
2025-08-28,029,ARPT. DE LA ROMANA,LA ROMANA,ONAMET,EMCI,34.0,22.0,0.0,https://indomet.gob.do/wp-content/uploads/2025/08/temperaturas-extremas-y-precipitaciones-2025x08x28-a.pdf
2025-08-28,030,ARPT. DE LAS AMÉRICAS,SANTO DOMINGO,ONAMET,EMCI,33.0,24.0,0.0,https://indomet.gob.do/wp-content/uploads/2025/08/temperaturas-extremas-y-precipitaciones-2025x08x28-a.pdf
2025-08-28,031,ARPT. DE PUNTA CANA,LA ALTAGRACIA,ONAMET,EMCI,32.5,25.5,0.0,https://indomet.gob.do/wp-content/uploads/2025/08/temperaturas-extremas-y-precipitaciones-2025x08x28-a.pdf
2025-08-28,032,ARPT. DEL CIBAO,SANTIAGO,ONAMET,EMCI,35.7,24.0,0.0,https://indomet.gob.do/wp-content/uploads/2025/08/temperaturas-extremas-y-precipitaciones-2025x08x28-a.pdf
2025-08-28,033,ARPT. EL CATEY,SAMANÁ,ONAMET,EMCI,31.4,23.5,0.0,https://indomet.gob.do/wp-content/uploads/2025/08/temperaturas-extremas-y-precipitaciones-2025x08x28-a.pdf
2025-08-28,034,ARPT. GREGORIO LUPERÓN,PUERTO PLATA,ONAMET,EMCI,35.2,25.0,0.0,https://indomet.gob.do/wp-content/uploads/2025/08/temperaturas-extremas-y-precipitaciones-2025x08x28-a.pdf
2025-08-28,035,ARPT. MARÍA MONTEZ,BARAHONA,ONAMET,EMCI,33.2,27.6,0.0,https://indomet.gob.do/wp-content/uploads/2025/08/temperaturas-extremas-y-precipitaciones-2025x08x28-a.pdf
2025-08-28,036,ARROYO LORO,SAN JUAN,IDIAF,EMCI,32.5,21.7,0.0,https://indomet.gob.do/wp-content/uploads/2025/08/temperaturas-extremas-y-precipitaciones-2025x08x28-a.pdf
2025-08-28,037,BASE AÉREA DE SAN ISIDRO,SANTO DOMINGO,FUERZA AÉREA DOMINICANA,EMCV,33.0,25.0,0.0,https://indomet.gob.do/wp-content/uploads/2025/08/temperaturas-extremas-y-precipitaciones-2025x08x28-a.pdf
2025-08-28,038,BAYAGUANA,MONTE PLATA,ONAMET,EMCI,34.0,22.8,0.0,https://indomet.gob.do/wp-content/uploads/2025/08/temperaturas-extremas-y-precipitaciones-2025x08x28-a.pdf
2025-08-28,039,BOCA DE MAO (EMA),VALVERDE,MINISTERIO DE AGRICULTURA,EMAP,,,0.0,https://indomet.gob.do/wp-content/uploads/2025/08/temperaturas-extremas-y-precipitaciones-2025x08x28-a.pdf
2025-08-28,040,BONAO,MONSEÑOR NOUEL,MINISTERIO DE AGRICULTURA,EMCV,,,0.0,https://indomet.gob.do/wp-content/uploads/2025/08/temperaturas-extremas-y-precipitaciones-2025x08x28-a.pdf
2025-08-28,041,CABRERA,MARÍA TRINIDAD SÁNCHEZ,ESCUELA ARÍSTIDES FIALLO CABRAL,EMCI,33.8,25.2,0.0,https://indomet.gob.do/wp-content/uploads/2025/08/temperaturas-extremas-y-precipitaciones-2025x08x28-a.pdf
2025-08-28,042,COTUÍ,SÁNCHEZ RAMÍREZ,HOSP. INMACULADA CONCEPCIÓN,EMCV,,,0.0,https://indomet.gob.do/wp-content/uploads/2025/08/temperaturas-extremas-y-precipitaciones-2025x08x28-a.pdf
2025-08-28,043,EL FACTOR (EMA),MARÍA TRINIDAD SÁNCHEZ,INTEC,EMAP,34.7,24.1,0.0,https://indomet.gob.do/wp-content/uploads/2025/08/temperaturas-extremas-y-precipitaciones-2025x08x28-a.pdf
2025-08-28,044,ELÍAS PIÑA,ELÍAS PIÑA,MINISTERIO DE AGRICULTURA,EMCV,,,0.0,https://indomet.gob.do/wp-content/uploads/2025/08/temperaturas-extremas-y-precipitaciones-2025x08x28-a.pdf
2025-08-28,045,GASPAR HERNÁNDEZ,ESPAILLAT,PROPIEDAD DEL EMPLEADO,EMCI,,,0.0,https://indomet.gob.do/wp-content/uploads/2025/08/temperaturas-extremas-y-precipitaciones-2025x08x28-a.pdf
2025-08-28,046,GURABO,SANTIAGO,MINISTERIO DE AGRICULTURA,EMCV,,,0.0,https://indomet.gob.do/wp-content/uploads/2025/08/temperaturas-extremas-y-precipitaciones-2025x08x28-a.pdf
2025-08-28,047,HIGÜEY,LA ALTAGRACIA,MINISTERIO DE AGRICULTURA,EMCV,,,0.0,https://indomet.gob.do/wp-content/uploads/2025/08/temperaturas-extremas-y-precipitaciones-2025x08x28-a.pdf
2025-08-28,048,HONDO VALLE,ELÍAS PIÑA,MINISTERIO DE AGRICULTURA,EMCI,28.5,18.6,0.0,https://indomet.gob.do/wp-content/uploads/2025/08/temperaturas-extremas-y-precipitaciones-2025x08x28-a.pdf
2025-08-28,049,JARABACOA,LA VEGA,INDRHI / MARENA,EMCI,35.0,19.0,0.0,https://indomet.gob.do/wp-content/uploads/2025/08/temperaturas-extremas-y-precipitaciones-2025x08x28-a.pdf
2025-08-28,050,JARABACOA (EMA),LA VEGA,PROGRAMA MUNDIAL DE ALIMENTO,EMAP,35.0,19.0,0.0,https://indomet.gob.do/wp-content/uploads/2025/08/temperaturas-extremas-y-precipitaciones-2025x08x28-a.pdf
2025-08-28,051,JIMANÍ,INDEPENDENCIA,MINISTERIO DE AGRICULTURA,EMCI,37.2,26.5,0.0,https://indomet.gob.do/wp-content/uploads/2025/08/temperaturas-extremas-y-precipitaciones-2025x08x28-a.pdf
2025-08-28,052,JUMA BEJUCAL,MONSEÑOR NOUEL,IDIAF,EMCV,32.0,24.2,0.0,https://indomet.gob.do/wp-content/uploads/2025/08/temperaturas-extremas-y-precipitaciones-2025x08x28-a.pdf
2025-08-28,053,LA VEGA,LA VEGA,IATESA,EMCI,35.3,23.5,0.0,https://indomet.gob.do/wp-content/uploads/2025/08/temperaturas-extremas-y-precipitaciones-2025x08x28-a.pdf
2025-08-28,054,LAS MATAS DE SANTA CRUZ (EMA,MONTE CRISTI,PROGRAMA MUNDIAL DE ALIMENTO,EMAP,,,0.0,https://indomet.gob.do/wp-content/uploads/2025/08/temperaturas-extremas-y-precipitaciones-2025x08x28-a.pdf
2025-08-28,055,LOS JENGIBRES,NAGUA,INDRHI,EMCI,,,0.0,https://indomet.gob.do/wp-content/uploads/2025/08/temperaturas-extremas-y-precipitaciones-2025x08x28-a.pdf
2025-08-28,056,LOS LLANOS,SAN PEDRO DE MACORÍS,MINISTERIO DE AGRICULTURA,EMCI,33.9,24.5,0.0,https://indomet.gob.do/wp-content/uploads/2025/08/temperaturas-extremas-y-precipitaciones-2025x08x28-a.pdf
2025-08-28,057,LOS TRES CHARCOS (EMA),PEDERNALES,PROPIEDAD DEL VOLUNTARIO,EMAP,32.8,25.8,0.0,https://indomet.gob.do/wp-content/uploads/2025/08/temperaturas-extremas-y-precipitaciones-2025x08x28-a.pdf
2025-08-28,058,MAO,VALVERDE,INDRHI / MINISTERIO DE AGRICULTURA,EMCV,,,0.0,https://indomet.gob.do/wp-content/uploads/2025/08/temperaturas-extremas-y-precipitaciones-2025x08x28-a.pdf
2025-08-28,059,NAVARRETE,SANTIAGO,MINISTERIO DE AGRICULTURA,EMCV,,,0.0,https://indomet.gob.do/wp-content/uploads/2025/08/temperaturas-extremas-y-precipitaciones-2025x08x28-a.pdf
2025-08-28,060,OLIVARES,PEDERNALES,INDRHI,EMCI,,,0.0,https://indomet.gob.do/wp-content/uploads/2025/08/temperaturas-extremas-y-precipitaciones-2025x08x28-a.pdf
2025-08-28,061,OVIEDO,PEDERNALES,CLÍNICA RURAL OVIEDO,EMCI,35.5,26.0,0.0,https://indomet.gob.do/wp-content/uploads/2025/08/temperaturas-extremas-y-precipitaciones-2025x08x28-a.pdf
2025-08-28,062,PADRE LAS CASAS,AZUA,HOSP. NTRA. SRA. DEL CARMEN,EMCI,32.0,20.8,0.0,https://indomet.gob.do/wp-content/uploads/2025/08/temperaturas-extremas-y-precipitaciones-2025x08x28-a.pdf
2025-08-28,063,PALO ÍNDIO,PUERTO PLATA,MINISTERIO DE AGRICULTURA,EMCI,,,0.0,https://indomet.gob.do/wp-content/uploads/2025/08/temperaturas-extremas-y-precipitaciones-2025x08x28-a.pdf
2025-08-28,064,PASO AL MEDIO,SAN PEDRO DE MACORÍS,INDRHI,EMCI,,,0.0,https://indomet.gob.do/wp-content/uploads/2025/08/temperaturas-extremas-y-precipitaciones-2025x08x28-a.pdf
2025-08-28,065,PEDERNALES,PEDERNALES,INDRHI,EMCI,,,0.0,https://indomet.gob.do/wp-content/uploads/2025/08/temperaturas-extremas-y-precipitaciones-2025x08x28-a.pdf
2025-08-28,066,PERALTA,AZUA,HOSP. MPAL. DE PERALTA,EMCI,30.0,18.5,0.0,https://indomet.gob.do/wp-content/uploads/2025/08/temperaturas-extremas-y-precipitaciones-2025x08x28-a.pdf
2025-08-28,067,PESCADERIA (EMA),BARAHONA,MINISTERIO DE AGRICULTURA,EMAP,34.1,26.1,0.0,https://indomet.gob.do/wp-content/uploads/2025/08/temperaturas-extremas-y-precipitaciones-2025x08x28-a.pdf
2025-08-28,068,POLO,BARAHONA,INDOCAFE,EMCI,30.0,18.5,0.0,https://indomet.gob.do/wp-content/uploads/2025/08/temperaturas-extremas-y-precipitaciones-2025x08x28-a.pdf
2025-08-28,069,PONTÓN ABAJO (EMA),LA VEGA,MINISTERIO DE AGRICULTURA,EMAP,36.8,24.0,0.0,https://indomet.gob.do/wp-content/uploads/2025/08/temperaturas-extremas-y-precipitaciones-2025x08x28-a.pdf
2025-08-28,070,PRESA DE TAVERAS (EMA),LA VEGA,PROGRAMA MUNDIAL DE ALIMENTO,EMAP,32.3,21.7,0.0,https://indomet.gob.do/wp-content/uploads/2025/08/temperaturas-extremas-y-precipitaciones-2025x08x28-a.pdf
2025-08-28,071,RANCHO ARRIBA,SAN JOSÉ DE OCOA,CENTRO TECNOLÓGICO COMUNITARIO,EMCI,31.5,17.9,0.0,https://indomet.gob.do/wp-content/uploads/2025/08/temperaturas-extremas-y-precipitaciones-2025x08x28-a.pdf
2025-08-28,072,RÍO SAN JUAN,MARÍA TRINIDAD SÁNCHEZ,HOSP. MPAL. DR. DESIDERIO ACOSTA,EMCV,35.3,25.9,0.0,https://indomet.gob.do/wp-content/uploads/2025/08/temperaturas-extremas-y-precipitaciones-2025x08x28-a.pdf
2025-08-28,073,SALCEDO,HERMANAS MIRABAL,PROPIEDAD DEL EMPLEADO,EMCI,,,0.0,https://indomet.gob.do/wp-content/uploads/2025/08/temperaturas-extremas-y-precipitaciones-2025x08x28-a.pdf
2025-08-28,074,SAN FRANCISCO DE MACORÍS,DUARTE,San Francisco de Macorís (UASD),EMCI,34.9,23.6,0.0,https://indomet.gob.do/wp-content/uploads/2025/08/temperaturas-extremas-y-precipitaciones-2025x08x28-a.pdf
2025-08-28,075,SAN JOSÉ DE OCOA,SAN JOSÉ DE OCOA,HOSP. SAN JOSÉ DE OCOA,EMCI,32.8,20.1,0.0,https://indomet.gob.do/wp-content/uploads/2025/08/temperaturas-extremas-y-precipitaciones-2025x08x28-a.pdf
2025-08-28,076,SAN RAFAEL DEL YUMA,LA ALTAGRACIA,MINISTERIO DE AGRICULTURA,EMCI,35.8,24.0,0.0,https://indomet.gob.do/wp-content/uploads/2025/08/temperaturas-extremas-y-precipitaciones-2025x08x28-a.pdf
2025-08-28,077,SANTO DOMINGO ESTE,SANTO DOMINGO,ONAMET,EMCI,33.4,26.5,0.0,https://indomet.gob.do/wp-content/uploads/2025/08/temperaturas-extremas-y-precipitaciones-2025x08x28-a.pdf
2025-08-28,078,TÁBARA ABAJO,AZUA,INDRHI,EMCI,32.5,23.5,0.0,https://indomet.gob.do/wp-content/uploads/2025/08/temperaturas-extremas-y-precipitaciones-2025x08x28-a.pdf
2025-08-28,079,TAMBORIL,SANTIAGO,MINISTERIO DE AGRICULTURA,EMCV,,,0.0,https://indomet.gob.do/wp-content/uploads/2025/08/temperaturas-extremas-y-precipitaciones-2025x08x28-a.pdf
2025-08-28,080,TAVERA,SANTIAGO,INDRHI,EMCI,,,0.0,https://indomet.gob.do/wp-content/uploads/2025/08/temperaturas-extremas-y-precipitaciones-2025x08x28-a.pdf
2025-08-28,081,VALLE NUEVO (EMA),LA VEGA,MARENA,EMAI,23.4,7.9,0.0,https://indomet.gob.do/wp-content/uploads/2025/08/temperaturas-extremas-y-precipitaciones-2025x08x28-a.pdf
2025-08-28,082,VILLA GONZALES,SANTIAGO,MINISTERIO DE AGRICULTURA,EMCI,,,0.0,https://indomet.gob.do/wp-content/uploads/2025/08/temperaturas-extremas-y-precipitaciones-2025x08x28-a.pdf
2025-08-28,083,VILLA ISABELA,PUERTO PLATA,MINISTERIO DE AGRICULTURA,EMCV,,,0.0,https://indomet.gob.do/wp-content/uploads/2025/08/temperaturas-extremas-y-precipitaciones-2025x08x28-a.pdf
2025-08-28,084,VILLA RIVA,DUARTE,HOSP. MPAL. ALICIA DE LEGENDRE,EMCI,34.5,24.0,0.0,https://indomet.gob.do/wp-content/uploads/2025/08/temperaturas-extremas-y-precipitaciones-2025x08x28-a.pdf
2025-08-29,001,ANAMUYA (EMA),LA ALTAGRACIA,MINISTERIO DE AGRICULTURA,EMAP,35.9,25.1,31.0,https://indomet.gob.do/wp-content/uploads/2025/08/temperaturas-extremas-y-precipitaciones-2025x08x29-a.pdf
2025-08-29,002,HATO MAYOR,HATO MAYOR,MINISTERIO DE AGRICULTURA,EMCV,,,29.5,https://indomet.gob.do/wp-content/uploads/2025/08/temperaturas-extremas-y-precipitaciones-2025x08x29-a.pdf
2025-08-29,003,ALTAMIRA,PUERTO PLATA,HOSP. MPAL. DE ALTAMIRA,EMCI,36.0,22.8,15.6,https://indomet.gob.do/wp-content/uploads/2025/08/temperaturas-extremas-y-precipitaciones-2025x08x29-a.pdf
2025-08-29,004,CONSTANZA,LA VEGA,MINISTERIO DE AGRICULTURA,EMCI,30.5,14.7,14.3,https://indomet.gob.do/wp-content/uploads/2025/08/temperaturas-extremas-y-precipitaciones-2025x08x29-a.pdf
2025-08-29,005,CONSTANZA (EMA),LA VEGA,PROGRAMA MUNDIAL DE ALIMENTO,EMAP,29.4,16.2,12.0,https://indomet.gob.do/wp-content/uploads/2025/08/temperaturas-extremas-y-precipitaciones-2025x08x29-a.pdf
2025-08-29,006,MAO,VALVERDE,INDRHI / MINISTERIO DE AGRICULTURA,EMCV,,,9.5,https://indomet.gob.do/wp-content/uploads/2025/08/temperaturas-extremas-y-precipitaciones-2025x08x29-a.pdf
2025-08-29,007,VALLE NUEVO (EMA),LA VEGA,MARENA,EMAI,,,5.8,https://indomet.gob.do/wp-content/uploads/2025/08/temperaturas-extremas-y-precipitaciones-2025x08x29-a.pdf
2025-08-29,008,PERALTA,AZUA,HOSP. MPAL. DE PERALTA,EMCI,33.0,19.0,3.8,https://indomet.gob.do/wp-content/uploads/2025/08/temperaturas-extremas-y-precipitaciones-2025x08x29-a.pdf
2025-08-29,009,HONDO VALLE,ELÍAS PIÑA,MINISTERIO DE AGRICULTURA,EMCI,28.4,18.4,2.7,https://indomet.gob.do/wp-content/uploads/2025/08/temperaturas-extremas-y-precipitaciones-2025x08x29-a.pdf
2025-08-29,010,ARPT. DE LA ROMANA,LA ROMANA,ONAMET,EMCI,34.2,22.0,2.4,https://indomet.gob.do/wp-content/uploads/2025/08/temperaturas-extremas-y-precipitaciones-2025x08x29-a.pdf
2025-08-29,011,ENRIQUILLO,BARAHONA,MINISTERIO DE AGRICULTURA,EMCV,34.0,24.8,1.8,https://indomet.gob.do/wp-content/uploads/2025/08/temperaturas-extremas-y-precipitaciones-2025x08x29-a.pdf
2025-08-29,012,ALTO BANDERA (EMA),LA VEGA,INTEC,EMAP,,,0.8,https://indomet.gob.do/wp-content/uploads/2025/08/temperaturas-extremas-y-precipitaciones-2025x08x29-a.pdf
2025-08-29,013,ESCONDIDO,PERAVIA,MINISTERIO DE AGRICULTURA,EMCV,33.0,25.0,0.5,https://indomet.gob.do/wp-content/uploads/2025/08/temperaturas-extremas-y-precipitaciones-2025x08x29-a.pdf
2025-08-29,014,MONCIÓN (EMA),SANTIAGO RODRÍGUEZ,PROGRAMA MUNDIAL DE ALIMENTO,EMAP,33.8,22.2,0.4,https://indomet.gob.do/wp-content/uploads/2025/08/temperaturas-extremas-y-precipitaciones-2025x08x29-a.pdf
2025-08-29,015,SAN JOSÉ DE OCOA,SAN JOSÉ DE OCOA,HOSP. SAN JOSÉ DE OCOA,EMCI,33.2,20.7,0.4,https://indomet.gob.do/wp-content/uploads/2025/08/temperaturas-extremas-y-precipitaciones-2025x08x29-a.pdf
2025-08-29,016,POLO,BARAHONA,INDOCAFE,EMCI,31.2,18.4,0.2,https://indomet.gob.do/wp-content/uploads/2025/08/temperaturas-extremas-y-precipitaciones-2025x08x29-a.pdf
2025-08-29,017,ARPT. MARÍA MONTEZ,BARAHONA,ONAMET,EMCI,34.2,29.4,0.1,https://indomet.gob.do/wp-content/uploads/2025/08/temperaturas-extremas-y-precipitaciones-2025x08x29-a.pdf
2025-08-29,018,ARROYO LORO,SAN JUAN,IDIAF,EMCI,34.0,21.0,0.1,https://indomet.gob.do/wp-content/uploads/2025/08/temperaturas-extremas-y-precipitaciones-2025x08x29-a.pdf
2025-08-29,019,VILLA ISABELA,PUERTO PLATA,MINISTERIO DE AGRICULTURA,EMCV,,,0.1,https://indomet.gob.do/wp-content/uploads/2025/08/temperaturas-extremas-y-precipitaciones-2025x08x29-a.pdf
2025-08-29,020,ARPT. ARROYO BARRIL,SAMANÁ,ONAMET,EMCI,33.8,25.0,0.0,https://indomet.gob.do/wp-content/uploads/2025/08/temperaturas-extremas-y-precipitaciones-2025x08x29-a.pdf
2025-08-29,021,ARPT. DE LAS AMÉRICAS,SANTO DOMINGO,ONAMET,EMCI,33.0,24.6,0.0,https://indomet.gob.do/wp-content/uploads/2025/08/temperaturas-extremas-y-precipitaciones-2025x08x29-a.pdf
2025-08-29,022,ARPT. DE PUNTA CANA,LA ALTAGRACIA,ONAMET,EMCI,33.3,25.4,0.0,https://indomet.gob.do/wp-content/uploads/2025/08/temperaturas-extremas-y-precipitaciones-2025x08x29-a.pdf
2025-08-29,023,ARPT. DEL CIBAO,SANTIAGO,ONAMET,EMCI,36.6,23.8,0.0,https://indomet.gob.do/wp-content/uploads/2025/08/temperaturas-extremas-y-precipitaciones-2025x08x29-a.pdf
2025-08-29,024,ARPT. EL CATEY,SAMANÁ,ONAMET,EMCI,33.0,23.0,0.0,https://indomet.gob.do/wp-content/uploads/2025/08/temperaturas-extremas-y-precipitaciones-2025x08x29-a.pdf
2025-08-29,025,ARPT. GREGORIO LUPERÓN,PUERTO PLATA,ONAMET,EMCI,34.2,24.8,0.0,https://indomet.gob.do/wp-content/uploads/2025/08/temperaturas-extremas-y-precipitaciones-2025x08x29-a.pdf
2025-08-29,026,ARPT. LA ISABELA,SANTO DOMINGO,ONAMET,EMCI,35.3,24.0,0.0,https://indomet.gob.do/wp-content/uploads/2025/08/temperaturas-extremas-y-precipitaciones-2025x08x29-a.pdf
2025-08-29,027,BANI (EMA),PERAVIA,MINISTERIO DE AGRICULTURA,EMAP,,,0.0,https://indomet.gob.do/wp-content/uploads/2025/08/temperaturas-extremas-y-precipitaciones-2025x08x29-a.pdf
2025-08-29,028,BASE AÉREA DE SAN ISIDRO,SANTO DOMINGO,FUERZA AÉREA DOMINICANA,EMCV,31.1,25.5,0.0,https://indomet.gob.do/wp-content/uploads/2025/08/temperaturas-extremas-y-precipitaciones-2025x08x29-a.pdf
2025-08-29,029,BAYAGUANA,MONTE PLATA,ONAMET,EMCI,34.6,23.4,0.0,https://indomet.gob.do/wp-content/uploads/2025/08/temperaturas-extremas-y-precipitaciones-2025x08x29-a.pdf
2025-08-29,030,BOCA DE MAO (EMA),VALVERDE,MINISTERIO DE AGRICULTURA,EMAP,39.2,24.6,0.0,https://indomet.gob.do/wp-content/uploads/2025/08/temperaturas-extremas-y-precipitaciones-2025x08x29-a.pdf
2025-08-29,031,BONAO,MONSEÑOR NOUEL,MINISTERIO DE AGRICULTURA,EMCV,,,0.0,https://indomet.gob.do/wp-content/uploads/2025/08/temperaturas-extremas-y-precipitaciones-2025x08x29-a.pdf
2025-08-29,032,CABRAL,BARAHONA,MINISTERIO DE AGRICULTURA,EMCV,35.6,24.7,0.0,https://indomet.gob.do/wp-content/uploads/2025/08/temperaturas-extremas-y-precipitaciones-2025x08x29-a.pdf
2025-08-29,033,CABRERA,MARÍA TRINIDAD SÁNCHEZ,ESCUELA ARÍSTIDES FIALLO CABRAL,EMCI,34.3,26.6,0.0,https://indomet.gob.do/wp-content/uploads/2025/08/temperaturas-extremas-y-precipitaciones-2025x08x29-a.pdf
2025-08-29,034,CENTRO DE LOS HEROES (EMA),DISTRITO NACIONAL,MINISTERIO DE ENERGIA Y MINA,EMAP,32.3,27.6,0.0,https://indomet.gob.do/wp-content/uploads/2025/08/temperaturas-extremas-y-precipitaciones-2025x08x29-a.pdf
2025-08-29,035,DAJABÓN,DAJABÓN,INSTITUTO POLITÉCNICO LOYOLA,EMCI,34.2,20.5,0.0,https://indomet.gob.do/wp-content/uploads/2025/08/temperaturas-extremas-y-precipitaciones-2025x08x29-a.pdf
2025-08-29,036,EL FACTOR (EMA),MARÍA TRINIDAD SÁNCHEZ,INTEC,EMAP,35.3,24.7,0.0,https://indomet.gob.do/wp-content/uploads/2025/08/temperaturas-extremas-y-precipitaciones-2025x08x29-a.pdf
2025-08-29,037,ELÍAS PIÑA,ELÍAS PIÑA,MINISTERIO DE AGRICULTURA,EMCV,,,0.0,https://indomet.gob.do/wp-content/uploads/2025/08/temperaturas-extremas-y-precipitaciones-2025x08x29-a.pdf
2025-08-29,038,GASPAR HERNÁNDEZ,ESPAILLAT,PROPIEDAD DEL EMPLEADO,EMCI,,,0.0,https://indomet.gob.do/wp-content/uploads/2025/08/temperaturas-extremas-y-precipitaciones-2025x08x29-a.pdf
2025-08-29,039,GURABO,SANTIAGO,MINISTERIO DE AGRICULTURA,EMCV,,,0.0,https://indomet.gob.do/wp-content/uploads/2025/08/temperaturas-extremas-y-precipitaciones-2025x08x29-a.pdf
2025-08-29,040,JARABACOA,LA VEGA,INDRHI / MARENA,EMCI,34.2,19.4,0.0,https://indomet.gob.do/wp-content/uploads/2025/08/temperaturas-extremas-y-precipitaciones-2025x08x29-a.pdf
2025-08-29,041,JARABACOA (EMA),LA VEGA,PROGRAMA MUNDIAL DE ALIMENTO,EMAP,32.7,20.7,0.0,https://indomet.gob.do/wp-content/uploads/2025/08/temperaturas-extremas-y-precipitaciones-2025x08x29-a.pdf
2025-08-29,042,JIMANÍ,INDEPENDENCIA,MINISTERIO DE AGRICULTURA,EMCI,39.0,26.6,0.0,https://indomet.gob.do/wp-content/uploads/2025/08/temperaturas-extremas-y-precipitaciones-2025x08x29-a.pdf
2025-08-29,043,JUMA BEJUCAL,MONSEÑOR NOUEL,IDIAF,EMCV,34.0,23.6,0.0,https://indomet.gob.do/wp-content/uploads/2025/08/temperaturas-extremas-y-precipitaciones-2025x08x29-a.pdf
2025-08-29,044,LA VEGA,LA VEGA,IATESA,EMCI,36.0,24.5,0.0,https://indomet.gob.do/wp-content/uploads/2025/08/temperaturas-extremas-y-precipitaciones-2025x08x29-a.pdf
2025-08-29,045,LA VICTORIA,SANTO DOMINGO,CUERPO DE BOMBEROS,EMCI,35.5,24.5,0.0,https://indomet.gob.do/wp-content/uploads/2025/08/temperaturas-extremas-y-precipitaciones-2025x08x29-a.pdf
2025-08-29,046,LAS CANAS (EMA),MONTE CRISTI,PROGRAMA MUNDIAL DE ALIMENTO,EMAP,31.8,24.3,0.0,https://indomet.gob.do/wp-content/uploads/2025/08/temperaturas-extremas-y-precipitaciones-2025x08x29-a.pdf
2025-08-29,047,LAS MATAS DE SANTA CRUZ (EMA,MONTE CRISTI,PROGRAMA MUNDIAL DE ALIMENTO,EMAP,29.1,25.7,0.0,https://indomet.gob.do/wp-content/uploads/2025/08/temperaturas-extremas-y-precipitaciones-2025x08x29-a.pdf
2025-08-29,048,LOS LLANOS,SAN PEDRO DE MACORÍS,MINISTERIO DE AGRICULTURA,EMCI,35.3,25.0,0.0,https://indomet.gob.do/wp-content/uploads/2025/08/temperaturas-extremas-y-precipitaciones-2025x08x29-a.pdf
2025-08-29,049,LOS TRES CHARCOS (EMA),PEDERNALES,PROPIEDAD DEL VOLUNTARIO,EMAP,33.9,22.9,0.0,https://indomet.gob.do/wp-content/uploads/2025/08/temperaturas-extremas-y-precipitaciones-2025x08x29-a.pdf
2025-08-29,050,MONTE CRISTI,MONTE CRISTI,ONAMET,EMCI,35.5,23.5,0.0,https://indomet.gob.do/wp-content/uploads/2025/08/temperaturas-extremas-y-precipitaciones-2025x08x29-a.pdf
2025-08-29,051,NAVARRETE,SANTIAGO,MINISTERIO DE AGRICULTURA,EMCV,,,0.0,https://indomet.gob.do/wp-content/uploads/2025/08/temperaturas-extremas-y-precipitaciones-2025x08x29-a.pdf
2025-08-29,052,OLIVARES,PEDERNALES,INDRHI,EMCI,,,0.0,https://indomet.gob.do/wp-content/uploads/2025/08/temperaturas-extremas-y-precipitaciones-2025x08x29-a.pdf
2025-08-29,053,OVIEDO,PEDERNALES,CLÍNICA RURAL OVIEDO,EMCI,35.7,26.5,0.0,https://indomet.gob.do/wp-content/uploads/2025/08/temperaturas-extremas-y-precipitaciones-2025x08x29-a.pdf
2025-08-29,054,PADRE LAS CASAS,AZUA,HOSP. NTRA. SRA. DEL CARMEN,EMCI,33.2,20.0,0.0,https://indomet.gob.do/wp-content/uploads/2025/08/temperaturas-extremas-y-precipitaciones-2025x08x29-a.pdf
2025-08-29,055,PALO ÍNDIO,PUERTO PLATA,MINISTERIO DE AGRICULTURA,EMCI,,,0.0,https://indomet.gob.do/wp-content/uploads/2025/08/temperaturas-extremas-y-precipitaciones-2025x08x29-a.pdf
2025-08-29,056,PEDERNALES,PEDERNALES,INDRHI,EMCI,,,0.0,https://indomet.gob.do/wp-content/uploads/2025/08/temperaturas-extremas-y-precipitaciones-2025x08x29-a.pdf
2025-08-29,057,PESCADERIA (EMA),BARAHONA,MINISTERIO DE AGRICULTURA,EMAP,35.2,24.8,0.0,https://indomet.gob.do/wp-content/uploads/2025/08/temperaturas-extremas-y-precipitaciones-2025x08x29-a.pdf
2025-08-29,058,PONTÓN ABAJO (EMA),LA VEGA,MINISTERIO DE AGRICULTURA,EMAP,37.3,24.8,0.0,https://indomet.gob.do/wp-content/uploads/2025/08/temperaturas-extremas-y-precipitaciones-2025x08x29-a.pdf
2025-08-29,059,PRESA DE TAVERAS (EMA),LA VEGA,PROGRAMA MUNDIAL DE ALIMENTO,EMAP,34.2,23.4,0.0,https://indomet.gob.do/wp-content/uploads/2025/08/temperaturas-extremas-y-precipitaciones-2025x08x29-a.pdf
2025-08-29,060,RANCHO ARRIBA,SAN JOSÉ DE OCOA,CENTRO TECNOLÓGICO COMUNITARIO,EMCI,33.0,18.2,0.0,https://indomet.gob.do/wp-content/uploads/2025/08/temperaturas-extremas-y-precipitaciones-2025x08x29-a.pdf
2025-08-29,061,RESTAURACIÓN,DAJABÓN,MINISTERIO DE AGRICULTURA,EMCI,35.4,23.8,0.0,https://indomet.gob.do/wp-content/uploads/2025/08/temperaturas-extremas-y-precipitaciones-2025x08x29-a.pdf
2025-08-29,062,RÍO SAN JUAN,MARÍA TRINIDAD SÁNCHEZ,HOSP. MPAL. DR. DESIDERIO ACOSTA,EMCV,36.7,25.5,0.0,https://indomet.gob.do/wp-content/uploads/2025/08/temperaturas-extremas-y-precipitaciones-2025x08x29-a.pdf
2025-08-29,063,SABANA DE LA MAR,HATO MAYOR,ONAMET,EMCI,32.5,23.5,0.0,https://indomet.gob.do/wp-content/uploads/2025/08/temperaturas-extremas-y-precipitaciones-2025x08x29-a.pdf
2025-08-29,064,SABANA GRANDE DE BOYÁ,MONTE PLATA,MINISTERIO DE AGRICULTURA,EMCV,,,0.0,https://indomet.gob.do/wp-content/uploads/2025/08/temperaturas-extremas-y-precipitaciones-2025x08x29-a.pdf
2025-08-29,065,SABANETA (EMA),SANTIAGO RODRÍGUEZ,PROGRAMA MUNDIAL DE ALIMENTO,EMAP,38.6,24.4,0.0,https://indomet.gob.do/wp-content/uploads/2025/08/temperaturas-extremas-y-precipitaciones-2025x08x29-a.pdf
2025-08-29,066,SALCEDO,HERMANAS MIRABAL,PROPIEDAD DEL EMPLEADO,EMCI,,,0.0,https://indomet.gob.do/wp-content/uploads/2025/08/temperaturas-extremas-y-precipitaciones-2025x08x29-a.pdf
2025-08-29,067,SAMANÁ,SAMANÁ,COMANDANCIA DE PUERTO DE SAMANÁ,EMCI,34.7,23.4,0.0,https://indomet.gob.do/wp-content/uploads/2025/08/temperaturas-extremas-y-precipitaciones-2025x08x29-a.pdf
2025-08-29,068,SAN CRISTÓBAL,SAN CRISTÓBAL,INSTITUTO POLITÉCNICO LOYOLA,EMCI,33.2,22.2,0.0,https://indomet.gob.do/wp-content/uploads/2025/08/temperaturas-extremas-y-precipitaciones-2025x08x29-a.pdf
2025-08-29,069,SAN RAFAEL DEL YUMA,LA ALTAGRACIA,MINISTERIO DE AGRICULTURA,EMCI,36.8,24.0,0.0,https://indomet.gob.do/wp-content/uploads/2025/08/temperaturas-extremas-y-precipitaciones-2025x08x29-a.pdf
2025-08-29,070,SÁNCHEZ,SAMANÁ,MINISTERIO DE AGRICULTURA,EMCI,33.8,22.5,0.0,https://indomet.gob.do/wp-content/uploads/2025/08/temperaturas-extremas-y-precipitaciones-2025x08x29-a.pdf
2025-08-29,071,SANTIAGO,SANTIAGO,HUACALITO,EMCI,,,0.0,https://indomet.gob.do/wp-content/uploads/2025/08/temperaturas-extremas-y-precipitaciones-2025x08x29-a.pdf
2025-08-29,072,SANTIAGO RODRÍGUEZ,SANTIAGO RODRÍGUEZ,ONAMET,EMCI,37.0,24.5,0.0,https://indomet.gob.do/wp-content/uploads/2025/08/temperaturas-extremas-y-precipitaciones-2025x08x29-a.pdf
2025-08-29,073,SANTO DOMINGO ESTE,SANTO DOMINGO,ONAMET,EMCI,33.6,26.9,0.0,https://indomet.gob.do/wp-content/uploads/2025/08/temperaturas-extremas-y-precipitaciones-2025x08x29-a.pdf
2025-08-29,074,TÁBARA ABAJO,AZUA,INDRHI,EMCI,33.5,20.0,0.0,https://indomet.gob.do/wp-content/uploads/2025/08/temperaturas-extremas-y-precipitaciones-2025x08x29-a.pdf
2025-08-29,075,TAMBORIL,SANTIAGO,MINISTERIO DE AGRICULTURA,EMCV,,,0.0,https://indomet.gob.do/wp-content/uploads/2025/08/temperaturas-extremas-y-precipitaciones-2025x08x29-a.pdf
2025-08-29,076,VILLA GONZALES,SANTIAGO,MINISTERIO DE AGRICULTURA,EMCI,,,0.0,https://indomet.gob.do/wp-content/uploads/2025/08/temperaturas-extremas-y-precipitaciones-2025x08x29-a.pdf
2025-08-29,077,VILLA RIVA,DUARTE,HOSP. MPAL. ALICIA DE LEGENDRE,EMCI,35.4,23.8,0.0,https://indomet.gob.do/wp-content/uploads/2025/08/temperaturas-extremas-y-precipitaciones-2025x08x29-a.pdf
2025-08-29,078,VILLA ALTAGRACIA,SAN CRISTÓBAL,ESCUELA JAVIER ANGULO GURIDI,EMCI,,,0.0,https://indomet.gob.do/wp-content/uploads/2025/08/temperaturas-extremas-y-precipitaciones-2025x08x29-a.pdf
2025-08-30,001,LOS LLANOS,SAN PEDRO DE MACORÍS,MINISTERIO DE AGRICULTURA,EMCI,34.4,23.0,23.4,https://indomet.gob.do/wp-content/uploads/2025/08/temperaturas-extremas-y-precipitaciones-2025x08x30-a-1.pdf
2025-08-30,002,LAS MATAS DE SANTA CRUZ (EMA,MONTE CRISTI,PROGRAMA MUNDIAL DE ALIMENTO,EMAP,35.3,23.6,21.8,https://indomet.gob.do/wp-content/uploads/2025/08/temperaturas-extremas-y-precipitaciones-2025x08x30-a-1.pdf
2025-08-30,003,VALLE NUEVO (EMA),LA VEGA,MARENA,EMAI,21.1,7.2,17.8,https://indomet.gob.do/wp-content/uploads/2025/08/temperaturas-extremas-y-precipitaciones-2025x08x30-a-1.pdf
2025-08-30,004,PADRE LAS CASAS,AZUA,HOSP. NTRA. SRA. DEL CARMEN,EMCI,34.3,19.2,13.4,https://indomet.gob.do/wp-content/uploads/2025/08/temperaturas-extremas-y-precipitaciones-2025x08x30-a-1.pdf
2025-08-30,005,PERALTA,AZUA,HOSP. MPAL. DE PERALTA,EMCI,32.0,18.5,9.8,https://indomet.gob.do/wp-content/uploads/2025/08/temperaturas-extremas-y-precipitaciones-2025x08x30-a-1.pdf
2025-08-30,006,HONDO VALLE,ELÍAS PIÑA,MINISTERIO DE AGRICULTURA,EMCI,28.1,18.2,8.9,https://indomet.gob.do/wp-content/uploads/2025/08/temperaturas-extremas-y-precipitaciones-2025x08x30-a-1.pdf
2025-08-30,007,BONAO,MONSEÑOR NOUEL,MINISTERIO DE AGRICULTURA,EMCV,,,7.9,https://indomet.gob.do/wp-content/uploads/2025/08/temperaturas-extremas-y-precipitaciones-2025x08x30-a-1.pdf
2025-08-30,008,ARROYO LORO,SAN JUAN,IDIAF,EMCI,34.4,19.5,5.5,https://indomet.gob.do/wp-content/uploads/2025/08/temperaturas-extremas-y-precipitaciones-2025x08x30-a-1.pdf
2025-08-30,009,SAN JOSÉ DE OCOA,SAN JOSÉ DE OCOA,HOSP. SAN JOSÉ DE OCOA,EMCI,34.4,19.5,5.5,https://indomet.gob.do/wp-content/uploads/2025/08/temperaturas-extremas-y-precipitaciones-2025x08x30-a-1.pdf
2025-08-30,010,JUMA BEJUCAL,MONSEÑOR NOUEL,IDIAF,EMCV,35.0,24.6,5.0,https://indomet.gob.do/wp-content/uploads/2025/08/temperaturas-extremas-y-precipitaciones-2025x08x30-a-1.pdf
2025-08-30,011,HATO MAYOR,HATO MAYOR,MINISTERIO DE AGRICULTURA,EMCV,,,4.7,https://indomet.gob.do/wp-content/uploads/2025/08/temperaturas-extremas-y-precipitaciones-2025x08x30-a-1.pdf
2025-08-30,012,PRESA DE TAVERAS (EMA),LA VEGA,PROGRAMA MUNDIAL DE ALIMENTO,EMAP,34.9,22.1,4.2,https://indomet.gob.do/wp-content/uploads/2025/08/temperaturas-extremas-y-precipitaciones-2025x08x30-a-1.pdf
2025-08-30,013,RANCHO ARRIBA,SAN JOSÉ DE OCOA,CENTRO TECNOLÓGICO COMUNITARIO,EMCI,33.6,20.1,2.8,https://indomet.gob.do/wp-content/uploads/2025/08/temperaturas-extremas-y-precipitaciones-2025x08x30-a-1.pdf
2025-08-30,014,DAJABÓN,DAJABÓN,INSTITUTO POLITÉCNICO LOYOLA,EMCI,36.0,22.4,2.1,https://indomet.gob.do/wp-content/uploads/2025/08/temperaturas-extremas-y-precipitaciones-2025x08x30-a-1.pdf
2025-08-30,015,LA VEGA,LA VEGA,IATESA,EMCI,36.0,23.5,2.1,https://indomet.gob.do/wp-content/uploads/2025/08/temperaturas-extremas-y-precipitaciones-2025x08x30-a-1.pdf
2025-08-30,016,CABRERA,MARÍA TRINIDAD SÁNCHEZ,ESCUELA ARÍSTIDES FIALLO CABRAL,EMCI,34.2,26.0,2.0,https://indomet.gob.do/wp-content/uploads/2025/08/temperaturas-extremas-y-precipitaciones-2025x08x30-a-1.pdf
2025-08-30,017,ARPT. LA ISABELA,SANTO DOMINGO,ONAMET,EMCI,34.8,24.0,1.5,https://indomet.gob.do/wp-content/uploads/2025/08/temperaturas-extremas-y-precipitaciones-2025x08x30-a-1.pdf
2025-08-30,018,LA VICTORIA,SANTO DOMINGO,CUERPO DE BOMBEROS,EMCI,35.6,24.5,1.5,https://indomet.gob.do/wp-content/uploads/2025/08/temperaturas-extremas-y-precipitaciones-2025x08x30-a-1.pdf
2025-08-30,019,NAVARRETE,SANTIAGO,MINISTERIO DE AGRICULTURA,EMCV,,,1.3,https://indomet.gob.do/wp-content/uploads/2025/08/temperaturas-extremas-y-precipitaciones-2025x08x30-a-1.pdf
2025-08-30,020,EL FACTOR (EMA),MARÍA TRINIDAD SÁNCHEZ,INTEC,EMAP,34.6,24.1,1.0,https://indomet.gob.do/wp-content/uploads/2025/08/temperaturas-extremas-y-precipitaciones-2025x08x30-a-1.pdf
2025-08-30,021,ALTO BANDERA (EMA),LA VEGA,INTEC,EMAP,18.4,7.9,0.8,https://indomet.gob.do/wp-content/uploads/2025/08/temperaturas-extremas-y-precipitaciones-2025x08x30-a-1.pdf
2025-08-30,022,ARPT. DE LA ROMANA,LA ROMANA,ONAMET,EMCI,34.9,21.5,0.8,https://indomet.gob.do/wp-content/uploads/2025/08/temperaturas-extremas-y-precipitaciones-2025x08x30-a-1.pdf
2025-08-30,023,BOCA DE MAO (EMA),VALVERDE,MINISTERIO DE AGRICULTURA,EMAP,37.0,23.3,0.8,https://indomet.gob.do/wp-content/uploads/2025/08/temperaturas-extremas-y-precipitaciones-2025x08x30-a-1.pdf
2025-08-30,024,SAMANÁ,SAMANÁ,COMANDANCIA DE PUERTO DE SAMANÁ,EMCI,34.4,22.9,0.8,https://indomet.gob.do/wp-content/uploads/2025/08/temperaturas-extremas-y-precipitaciones-2025x08x30-a-1.pdf
2025-08-30,025,PONTÓN ABAJO (EMA),LA VEGA,MINISTERIO DE AGRICULTURA,EMAP,38.2,24.0,0.6,https://indomet.gob.do/wp-content/uploads/2025/08/temperaturas-extremas-y-precipitaciones-2025x08x30-a-1.pdf
2025-08-30,026,BAYAGUANA,MONTE PLATA,ONAMET,EMCI,35.5,23.4,0.5,https://indomet.gob.do/wp-content/uploads/2025/08/temperaturas-extremas-y-precipitaciones-2025x08x30-a-1.pdf
2025-08-30,027,ANAMUYA (EMA),LA ALTAGRACIA,MINISTERIO DE AGRICULTURA,EMAP,34.5,24.3,0.4,https://indomet.gob.do/wp-content/uploads/2025/08/temperaturas-extremas-y-precipitaciones-2025x08x30-a-1.pdf
2025-08-30,028,VILLA GONZALES,SANTIAGO,MINISTERIO DE AGRICULTURA,EMCI,,,0.3,https://indomet.gob.do/wp-content/uploads/2025/08/temperaturas-extremas-y-precipitaciones-2025x08x30-a-1.pdf
2025-08-30,029,ALTAMIRA,PUERTO PLATA,HOSP. MPAL. DE ALTAMIRA,EMCI,33.0,21.6,0.2,https://indomet.gob.do/wp-content/uploads/2025/08/temperaturas-extremas-y-precipitaciones-2025x08x30-a-1.pdf
2025-08-30,030,CENTRO DE LOS HEROES (EMA),DISTRITO NACIONAL,MINISTERIO DE ENERGIA Y MINA,EMAP,32.3,27.1,0.2,https://indomet.gob.do/wp-content/uploads/2025/08/temperaturas-extremas-y-precipitaciones-2025x08x30-a-1.pdf
2025-08-30,031,SABANA GRANDE DE BOYÁ,MONTE PLATA,MINISTERIO DE AGRICULTURA,EMCV,,,0.1,https://indomet.gob.do/wp-content/uploads/2025/08/temperaturas-extremas-y-precipitaciones-2025x08x30-a-1.pdf
2025-08-30,032,ARPT. ARROYO BARRIL,SAMANÁ,ONAMET,EMCI,33.8,24.8,0.0,https://indomet.gob.do/wp-content/uploads/2025/08/temperaturas-extremas-y-precipitaciones-2025x08x30-a-1.pdf
2025-08-30,033,ARPT. DE LAS AMÉRICAS,SANTO DOMINGO,ONAMET,EMCI,33.0,24.5,0.0,https://indomet.gob.do/wp-content/uploads/2025/08/temperaturas-extremas-y-precipitaciones-2025x08x30-a-1.pdf
2025-08-30,034,ARPT. DE PUNTA CANA,LA ALTAGRACIA,ONAMET,EMCI,33.0,26.3,0.0,https://indomet.gob.do/wp-content/uploads/2025/08/temperaturas-extremas-y-precipitaciones-2025x08x30-a-1.pdf
2025-08-30,035,ARPT. DEL CIBAO,SANTIAGO,ONAMET,EMCI,38.5,23.8,0.0,https://indomet.gob.do/wp-content/uploads/2025/08/temperaturas-extremas-y-precipitaciones-2025x08x30-a-1.pdf
2025-08-30,036,ARPT. EL CATEY,SAMANÁ,ONAMET,EMCI,32.8,24.8,0.0,https://indomet.gob.do/wp-content/uploads/2025/08/temperaturas-extremas-y-precipitaciones-2025x08x30-a-1.pdf
2025-08-30,037,ARPT. GREGORIO LUPERÓN,PUERTO PLATA,ONAMET,EMCI,34.0,25.0,0.0,https://indomet.gob.do/wp-content/uploads/2025/08/temperaturas-extremas-y-precipitaciones-2025x08x30-a-1.pdf
2025-08-30,038,ARPT. MARÍA MONTEZ,BARAHONA,ONAMET,EMCI,34.9,24.5,0.0,https://indomet.gob.do/wp-content/uploads/2025/08/temperaturas-extremas-y-precipitaciones-2025x08x30-a-1.pdf
2025-08-30,039,BANI (EMA),PERAVIA,MINISTERIO DE AGRICULTURA,EMAP,,,0.0,https://indomet.gob.do/wp-content/uploads/2025/08/temperaturas-extremas-y-precipitaciones-2025x08x30-a-1.pdf
2025-08-30,040,CABRAL,BARAHONA,MINISTERIO DE AGRICULTURA,EMCV,36.4,24.2,0.0,https://indomet.gob.do/wp-content/uploads/2025/08/temperaturas-extremas-y-precipitaciones-2025x08x30-a-1.pdf
2025-08-30,041,CONSTANZA,LA VEGA,MINISTERIO DE AGRICULTURA,EMCI,28.6,18.7,0.0,https://indomet.gob.do/wp-content/uploads/2025/08/temperaturas-extremas-y-precipitaciones-2025x08x30-a-1.pdf
2025-08-30,042,CONSTANZA (EMA),LA VEGA,PROGRAMA MUNDIAL DE ALIMENTO,EMAP,27.7,16.8,0.0,https://indomet.gob.do/wp-content/uploads/2025/08/temperaturas-extremas-y-precipitaciones-2025x08x30-a-1.pdf
2025-08-30,043,ENRIQUILLO,BARAHONA,MINISTERIO DE AGRICULTURA,EMCV,34.5,26.5,0.0,https://indomet.gob.do/wp-content/uploads/2025/08/temperaturas-extremas-y-precipitaciones-2025x08x30-a-1.pdf
2025-08-30,044,ESCONDIDO,PERAVIA,MINISTERIO DE AGRICULTURA,EMCV,35.0,25.0,0.0,https://indomet.gob.do/wp-content/uploads/2025/08/temperaturas-extremas-y-precipitaciones-2025x08x30-a-1.pdf
2025-08-30,045,GASPAR HERNÁNDEZ,ESPAILLAT,PROPIEDAD DEL EMPLEADO,EMCI,,,0.0,https://indomet.gob.do/wp-content/uploads/2025/08/temperaturas-extremas-y-precipitaciones-2025x08x30-a-1.pdf
2025-08-30,046,GURABO,SANTIAGO,MINISTERIO DE AGRICULTURA,EMCV,,,0.0,https://indomet.gob.do/wp-content/uploads/2025/08/temperaturas-extremas-y-precipitaciones-2025x08x30-a-1.pdf
2025-08-30,047,JARABACOA,LA VEGA,INDRHI / MARENA,EMCI,35.0,18.8,0.0,https://indomet.gob.do/wp-content/uploads/2025/08/temperaturas-extremas-y-precipitaciones-2025x08x30-a-1.pdf
2025-08-30,048,JARABACOA (EMA),LA VEGA,PROGRAMA MUNDIAL DE ALIMENTO,EMAP,33.3,20.1,0.0,https://indomet.gob.do/wp-content/uploads/2025/08/temperaturas-extremas-y-precipitaciones-2025x08x30-a-1.pdf
2025-08-30,049,JIMANÍ,INDEPENDENCIA,MINISTERIO DE AGRICULTURA,EMCI,38.2,26.6,0.0,https://indomet.gob.do/wp-content/uploads/2025/08/temperaturas-extremas-y-precipitaciones-2025x08x30-a-1.pdf
2025-08-30,050,LAS CANAS (EMA),MONTE CRISTI,PROGRAMA MUNDIAL DE ALIMENTO,EMAP,32.2,24.4,0.0,https://indomet.gob.do/wp-content/uploads/2025/08/temperaturas-extremas-y-precipitaciones-2025x08x30-a-1.pdf
2025-08-30,051,MAO,VALVERDE,INDRHI / MINISTERIO DE AGRICULTURA,EMCV,,,0.0,https://indomet.gob.do/wp-content/uploads/2025/08/temperaturas-extremas-y-precipitaciones-2025x08x30-a-1.pdf
2025-08-30,052,MONCIÓN (EMA),SANTIAGO RODRÍGUEZ,PROGRAMA MUNDIAL DE ALIMENTO,EMAP,33.9,20.9,0.0,https://indomet.gob.do/wp-content/uploads/2025/08/temperaturas-extremas-y-precipitaciones-2025x08x30-a-1.pdf
2025-08-30,053,MONTE CRISTI,MONTE CRISTI,ONAMET,EMCI,35.2,25.7,0.0,https://indomet.gob.do/wp-content/uploads/2025/08/temperaturas-extremas-y-precipitaciones-2025x08x30-a-1.pdf
2025-08-30,054,OLIVARES,PEDERNALES,INDRHI,EMCI,,,0.0,https://indomet.gob.do/wp-content/uploads/2025/08/temperaturas-extremas-y-precipitaciones-2025x08x30-a-1.pdf
2025-08-30,055,OVIEDO,PEDERNALES,CLÍNICA RURAL OVIEDO,EMCI,35.4,27.0,0.0,https://indomet.gob.do/wp-content/uploads/2025/08/temperaturas-extremas-y-precipitaciones-2025x08x30-a-1.pdf
2025-08-30,056,PEDERNALES,PEDERNALES,INDRHI,EMCI,,,0.0,https://indomet.gob.do/wp-content/uploads/2025/08/temperaturas-extremas-y-precipitaciones-2025x08x30-a-1.pdf
2025-08-30,057,PESCADERIA (EMA),BARAHONA,MINISTERIO DE AGRICULTURA,EMAP,35.8,24.3,0.0,https://indomet.gob.do/wp-content/uploads/2025/08/temperaturas-extremas-y-precipitaciones-2025x08x30-a-1.pdf
2025-08-30,058,POLO,BARAHONA,INDOCAFE,EMCI,32.0,17.6,0.0,https://indomet.gob.do/wp-content/uploads/2025/08/temperaturas-extremas-y-precipitaciones-2025x08x30-a-1.pdf
2025-08-30,059,RESTAURACIÓN,DAJABÓN,MINISTERIO DE AGRICULTURA,EMCI,31.9,19.7,0.0,https://indomet.gob.do/wp-content/uploads/2025/08/temperaturas-extremas-y-precipitaciones-2025x08x30-a-1.pdf
2025-08-30,060,RÍO SAN JUAN,MARÍA TRINIDAD SÁNCHEZ,HOSP. MPAL. DR. DESIDERIO ACOSTA,EMCV,36.0,25.0,0.0,https://indomet.gob.do/wp-content/uploads/2025/08/temperaturas-extremas-y-precipitaciones-2025x08x30-a-1.pdf
2025-08-30,061,SABANA DE LA MAR,HATO MAYOR,ONAMET,EMCI,32.5,23.5,0.0,https://indomet.gob.do/wp-content/uploads/2025/08/temperaturas-extremas-y-precipitaciones-2025x08x30-a-1.pdf
2025-08-30,062,SABANETA (EMA),SANTIAGO RODRÍGUEZ,PROGRAMA MUNDIAL DE ALIMENTO,EMAP,38.0,22.9,0.0,https://indomet.gob.do/wp-content/uploads/2025/08/temperaturas-extremas-y-precipitaciones-2025x08x30-a-1.pdf
2025-08-30,063,SALCEDO,HERMANAS MIRABAL,PROPIEDAD DEL EMPLEADO,EMCI,,,0.0,https://indomet.gob.do/wp-content/uploads/2025/08/temperaturas-extremas-y-precipitaciones-2025x08x30-a-1.pdf
2025-08-30,064,SAN CRISTÓBAL,SAN CRISTÓBAL,INSTITUTO POLITÉCNICO LOYOLA,EMCI,34.0,22.2,0.0,https://indomet.gob.do/wp-content/uploads/2025/08/temperaturas-extremas-y-precipitaciones-2025x08x30-a-1.pdf
2025-08-30,065,SAN RAFAEL DEL YUMA,LA ALTAGRACIA,MINISTERIO DE AGRICULTURA,EMCI,36.8,24.1,0.0,https://indomet.gob.do/wp-content/uploads/2025/08/temperaturas-extremas-y-precipitaciones-2025x08x30-a-1.pdf
2025-08-30,066,SÁNCHEZ,SAMANÁ,MINISTERIO DE AGRICULTURA,EMCI,34.2,23.0,0.0,https://indomet.gob.do/wp-content/uploads/2025/08/temperaturas-extremas-y-precipitaciones-2025x08x30-a-1.pdf
2025-08-30,067,SANTIAGO,SANTIAGO,HUACALITO,EMCI,,,0.0,https://indomet.gob.do/wp-content/uploads/2025/08/temperaturas-extremas-y-precipitaciones-2025x08x30-a-1.pdf
2025-08-30,068,SANTIAGO RODRÍGUEZ,SANTIAGO RODRÍGUEZ,ONAMET,EMCI,38.0,24.0,0.0,https://indomet.gob.do/wp-content/uploads/2025/08/temperaturas-extremas-y-precipitaciones-2025x08x30-a-1.pdf
2025-08-30,069,SANTO DOMINGO ESTE,SANTO DOMINGO,ONAMET,EMCI,33.8,26.9,0.0,https://indomet.gob.do/wp-content/uploads/2025/08/temperaturas-extremas-y-precipitaciones-2025x08x30-a-1.pdf
2025-08-30,070,TÁBARA ABAJO,AZUA,INDRHI,EMCI,34.5,23.2,0.0,https://indomet.gob.do/wp-content/uploads/2025/08/temperaturas-extremas-y-precipitaciones-2025x08x30-a-1.pdf
2025-08-30,071,VILLA ALTAGRACIA,SAN CRISTÓBAL,ESCUELA JAVIER ANGULO GURIDI,EMCI,,,0.0,https://indomet.gob.do/wp-content/uploads/2025/08/temperaturas-extremas-y-precipitaciones-2025x08x30-a-1.pdf
2025-08-30,072,VILLA ISABELA,PUERTO PLATA,MINISTERIO DE AGRICULTURA,EMCV,,,0.0,https://indomet.gob.do/wp-content/uploads/2025/08/temperaturas-extremas-y-precipitaciones-2025x08x30-a-1.pdf
2025-08-30,073,VILLA RIVA,DUARTE,HOSP. MPAL. ALICIA DE LEGENDRE,EMCI,34.0,23.5,0.0,https://indomet.gob.do/wp-content/uploads/2025/08/temperaturas-extremas-y-precipitaciones-2025x08x30-a-1.pdf
2025-08-31,001,SÁNCHEZ,SAMANÁ,MINISTERIO DE AGRICULTURA,EMCI,35.1,22.3,42.2,https://indomet.gob.do/wp-content/uploads/2025/09/temperaturas-extremas-y-precipitaciones-2025x08x31-a.pdf
2025-08-31,002,RANCHO ARRIBA,SAN JOSÉ DE OCOA,CENTRO TECNOLÓGICO COMUNITARIO,EMCI,32.4,20.6,24.7,https://indomet.gob.do/wp-content/uploads/2025/09/temperaturas-extremas-y-precipitaciones-2025x08x31-a.pdf
2025-08-31,003,OLIVARES,PEDERNALES,INDRHI,EMCI,,,24.0,https://indomet.gob.do/wp-content/uploads/2025/09/temperaturas-extremas-y-precipitaciones-2025x08x31-a.pdf
2025-08-31,004,PRESA DE TAVERAS (EMA),LA VEGA,PROGRAMA MUNDIAL DE ALIMENTO,EMAP,33.3,22.8,20.4,https://indomet.gob.do/wp-content/uploads/2025/09/temperaturas-extremas-y-precipitaciones-2025x08x31-a.pdf
2025-08-31,005,ARPT. EL CATEY,SAMANÁ,ONAMET,EMCI,32.5,23.5,19.8,https://indomet.gob.do/wp-content/uploads/2025/09/temperaturas-extremas-y-precipitaciones-2025x08x31-a.pdf
2025-08-31,006,NAVARRETE,SANTIAGO,MINISTERIO DE AGRICULTURA,EMCV,,,18.8,https://indomet.gob.do/wp-content/uploads/2025/09/temperaturas-extremas-y-precipitaciones-2025x08x31-a.pdf
2025-08-31,007,ALTO BANDERA (EMA),LA VEGA,INTEC,EMAP,19.9,8.7,15.0,https://indomet.gob.do/wp-content/uploads/2025/09/temperaturas-extremas-y-precipitaciones-2025x08x31-a.pdf
2025-08-31,008,PEDERNALES,PEDERNALES,INDRHI,EMCI,,,13.3,https://indomet.gob.do/wp-content/uploads/2025/09/temperaturas-extremas-y-precipitaciones-2025x08x31-a.pdf
2025-08-31,009,CABRERA,MARÍA TRINIDAD SÁNCHEZ,ESCUELA ARÍSTIDES FIALLO CABRAL,EMCI,34.4,26.2,12.5,https://indomet.gob.do/wp-content/uploads/2025/09/temperaturas-extremas-y-precipitaciones-2025x08x31-a.pdf
2025-08-31,010,VALLE NUEVO (EMA),LA VEGA,MARENA,EMAI,21.6,8.1,10.0,https://indomet.gob.do/wp-content/uploads/2025/09/temperaturas-extremas-y-precipitaciones-2025x08x31-a.pdf
2025-08-31,011,VILLA RIVA,DUARTE,HOSP. MPAL. ALICIA DE LEGENDRE,EMCI,34.5,24.0,7.6,https://indomet.gob.do/wp-content/uploads/2025/09/temperaturas-extremas-y-precipitaciones-2025x08x31-a.pdf
2025-08-31,012,HONDO VALLE,ELÍAS PIÑA,MINISTERIO DE AGRICULTURA,EMCI,28.0,17.9,7.3,https://indomet.gob.do/wp-content/uploads/2025/09/temperaturas-extremas-y-precipitaciones-2025x08x31-a.pdf
2025-08-31,013,POLO,BARAHONA,INDOCAFE,EMCI,29.8,18.4,6.4,https://indomet.gob.do/wp-content/uploads/2025/09/temperaturas-extremas-y-precipitaciones-2025x08x31-a.pdf
2025-08-31,014,HATO MAYOR,HATO MAYOR,MINISTERIO DE AGRICULTURA,EMCV,,,6.1,https://indomet.gob.do/wp-content/uploads/2025/09/temperaturas-extremas-y-precipitaciones-2025x08x31-a.pdf
2025-08-31,015,CENTRO DE LOS HEROES (EMA),DISTRITO NACIONAL,MINISTERIO DE ENERGIA Y MINA,EMAP,33.7,25.0,5.8,https://indomet.gob.do/wp-content/uploads/2025/09/temperaturas-extremas-y-precipitaciones-2025x08x31-a.pdf
2025-08-31,016,ARROYO LORO,SAN JUAN,IDIAF,EMCI,34.0,21.6,4.5,https://indomet.gob.do/wp-content/uploads/2025/09/temperaturas-extremas-y-precipitaciones-2025x08x31-a.pdf
2025-08-31,017,SANTIAGO RODRÍGUEZ,SANTIAGO RODRÍGUEZ,ONAMET,EMCI,39.0,24.0,4.5,https://indomet.gob.do/wp-content/uploads/2025/09/temperaturas-extremas-y-precipitaciones-2025x08x31-a.pdf
2025-08-31,018,PESCADERIA (EMA),BARAHONA,MINISTERIO DE AGRICULTURA,EMAP,35.8,26.3,4.2,https://indomet.gob.do/wp-content/uploads/2025/09/temperaturas-extremas-y-precipitaciones-2025x08x31-a.pdf
2025-08-31,019,CONSTANZA (EMA),LA VEGA,PROGRAMA MUNDIAL DE ALIMENTO,EMAP,28.2,17.2,2.8,https://indomet.gob.do/wp-content/uploads/2025/09/temperaturas-extremas-y-precipitaciones-2025x08x31-a.pdf
2025-08-31,020,ELÍAS PIÑA,ELÍAS PIÑA,MINISTERIO DE AGRICULTURA,EMCV,,,2.4,https://indomet.gob.do/wp-content/uploads/2025/09/temperaturas-extremas-y-precipitaciones-2025x08x31-a.pdf
2025-08-31,021,PONTÓN ABAJO (EMA),LA VEGA,MINISTERIO DE AGRICULTURA,EMAP,36.6,24.6,2.4,https://indomet.gob.do/wp-content/uploads/2025/09/temperaturas-extremas-y-precipitaciones-2025x08x31-a.pdf
2025-08-31,022,SAN CRISTÓBAL,SAN CRISTÓBAL,INSTITUTO POLITÉCNICO LOYOLA,EMCI,33.2,22.0,2.4,https://indomet.gob.do/wp-content/uploads/2025/09/temperaturas-extremas-y-precipitaciones-2025x08x31-a.pdf
2025-08-31,023,LOS TRES CHARCOS (EMA),PEDERNALES,PROPIEDAD DEL VOLUNTARIO,EMAP,34.4,23.6,2.2,https://indomet.gob.do/wp-content/uploads/2025/09/temperaturas-extremas-y-precipitaciones-2025x08x31-a.pdf
2025-08-31,024,CONSTANZA,LA VEGA,MINISTERIO DE AGRICULTURA,EMCI,29.3,16.0,2.1,https://indomet.gob.do/wp-content/uploads/2025/09/temperaturas-extremas-y-precipitaciones-2025x08x31-a.pdf
2025-08-31,025,ENRIQUILLO,BARAHONA,MINISTERIO DE AGRICULTURA,EMCV,35.0,24.5,1.6,https://indomet.gob.do/wp-content/uploads/2025/09/temperaturas-extremas-y-precipitaciones-2025x08x31-a.pdf
2025-08-31,026,OVIEDO,PEDERNALES,CLÍNICA RURAL OVIEDO,EMCI,35.7,25.4,0.8,https://indomet.gob.do/wp-content/uploads/2025/09/temperaturas-extremas-y-precipitaciones-2025x08x31-a.pdf
2025-08-31,027,SANTIAGO,SANTIAGO,HUACALITO,EMCI,,,0.6,https://indomet.gob.do/wp-content/uploads/2025/09/temperaturas-extremas-y-precipitaciones-2025x08x31-a.pdf
2025-08-31,028,ALTAMIRA,PUERTO PLATA,HOSP. MPAL. DE ALTAMIRA,EMCI,35.2,22.5,0.4,https://indomet.gob.do/wp-content/uploads/2025/09/temperaturas-extremas-y-precipitaciones-2025x08x31-a.pdf
2025-08-31,029,BOCA DE MAO (EMA),VALVERDE,MINISTERIO DE AGRICULTURA,EMAP,37.8,23.9,0.3,https://indomet.gob.do/wp-content/uploads/2025/09/temperaturas-extremas-y-precipitaciones-2025x08x31-a.pdf
2025-08-31,030,CABRAL,BARAHONA,MINISTERIO DE AGRICULTURA,EMCV,36.4,25.3,0.1,https://indomet.gob.do/wp-content/uploads/2025/09/temperaturas-extremas-y-precipitaciones-2025x08x31-a.pdf
2025-08-31,031,VILLA GONZALES,SANTIAGO,MINISTERIO DE AGRICULTURA,EMCI,,,0.1,https://indomet.gob.do/wp-content/uploads/2025/09/temperaturas-extremas-y-precipitaciones-2025x08x31-a.pdf
2025-08-31,032,ANAMUYA (EMA),LA ALTAGRACIA,MINISTERIO DE AGRICULTURA,EMAP,34.9,25.2,0.0,https://indomet.gob.do/wp-content/uploads/2025/09/temperaturas-extremas-y-precipitaciones-2025x08x31-a.pdf
2025-08-31,033,ARPT. ARROYO BARRIL,SAMANÁ,ONAMET,EMCI,33.5,24.5,0.0,https://indomet.gob.do/wp-content/uploads/2025/09/temperaturas-extremas-y-precipitaciones-2025x08x31-a.pdf
2025-08-31,034,ARPT. DE LA ROMANA,LA ROMANA,ONAMET,EMCI,34.5,20.8,0.0,https://indomet.gob.do/wp-content/uploads/2025/09/temperaturas-extremas-y-precipitaciones-2025x08x31-a.pdf
2025-08-31,035,ARPT. DE LAS AMÉRICAS,SANTO DOMINGO,ONAMET,EMCI,33.4,25.0,0.0,https://indomet.gob.do/wp-content/uploads/2025/09/temperaturas-extremas-y-precipitaciones-2025x08x31-a.pdf
2025-08-31,036,ARPT. DE PUNTA CANA,LA ALTAGRACIA,ONAMET,EMCI,33.4,25.5,0.0,https://indomet.gob.do/wp-content/uploads/2025/09/temperaturas-extremas-y-precipitaciones-2025x08x31-a.pdf
2025-08-31,037,ARPT. DEL CIBAO,SANTIAGO,ONAMET,EMCI,36.2,23.5,0.0,https://indomet.gob.do/wp-content/uploads/2025/09/temperaturas-extremas-y-precipitaciones-2025x08x31-a.pdf
2025-08-31,038,ARPT. GREGORIO LUPERÓN,PUERTO PLATA,ONAMET,EMCI,34.6,24.6,0.0,https://indomet.gob.do/wp-content/uploads/2025/09/temperaturas-extremas-y-precipitaciones-2025x08x31-a.pdf
2025-08-31,039,ARPT. LA ISABELA,SANTO DOMINGO,ONAMET,EMCI,34.0,24.3,0.0,https://indomet.gob.do/wp-content/uploads/2025/09/temperaturas-extremas-y-precipitaciones-2025x08x31-a.pdf
2025-08-31,040,ARPT. MARÍA MONTEZ,BARAHONA,ONAMET,EMCI,34.6,24.5,0.0,https://indomet.gob.do/wp-content/uploads/2025/09/temperaturas-extremas-y-precipitaciones-2025x08x31-a.pdf
2025-08-31,041,BANI (EMA),PERAVIA,MINISTERIO DE AGRICULTURA,EMAP,34.1,26.3,0.0,https://indomet.gob.do/wp-content/uploads/2025/09/temperaturas-extremas-y-precipitaciones-2025x08x31-a.pdf
2025-08-31,042,BASE AÉREA DE SAN ISIDRO,SANTO DOMINGO,FUERZA AÉREA DOMINICANA,EMCV,33.5,24.5,0.0,https://indomet.gob.do/wp-content/uploads/2025/09/temperaturas-extremas-y-precipitaciones-2025x08x31-a.pdf
2025-08-31,043,BAYAGUANA,MONTE PLATA,ONAMET,EMCI,34.6,23.2,0.0,https://indomet.gob.do/wp-content/uploads/2025/09/temperaturas-extremas-y-precipitaciones-2025x08x31-a.pdf
2025-08-31,044,BOHECHÍO,SAN JUAN,MINISTERIO DE AGRICULTURA,EMCV,,,0.0,https://indomet.gob.do/wp-content/uploads/2025/09/temperaturas-extremas-y-precipitaciones-2025x08x31-a.pdf
2025-08-31,045,BONAO,MONSEÑOR NOUEL,MINISTERIO DE AGRICULTURA,EMCV,,,0.0,https://indomet.gob.do/wp-content/uploads/2025/09/temperaturas-extremas-y-precipitaciones-2025x08x31-a.pdf
2025-08-31,046,DAJABÓN,DAJABÓN,INSTITUTO POLITÉCNICO LOYOLA,EMCI,34.6,20.2,0.0,https://indomet.gob.do/wp-content/uploads/2025/09/temperaturas-extremas-y-precipitaciones-2025x08x31-a.pdf
2025-08-31,047,EL FACTOR (EMA),MARÍA TRINIDAD SÁNCHEZ,INTEC,EMAP,34.6,24.6,0.0,https://indomet.gob.do/wp-content/uploads/2025/09/temperaturas-extremas-y-precipitaciones-2025x08x31-a.pdf
2025-08-31,048,ESCONDIDO,PERAVIA,MINISTERIO DE AGRICULTURA,EMCV,34.0,25.0,0.0,https://indomet.gob.do/wp-content/uploads/2025/09/temperaturas-extremas-y-precipitaciones-2025x08x31-a.pdf
2025-08-31,049,GASPAR HERNÁNDEZ,ESPAILLAT,PROPIEDAD DEL EMPLEADO,EMCI,,,0.0,https://indomet.gob.do/wp-content/uploads/2025/09/temperaturas-extremas-y-precipitaciones-2025x08x31-a.pdf
2025-08-31,050,GURABO,SANTIAGO,MINISTERIO DE AGRICULTURA,EMCV,,,0.0,https://indomet.gob.do/wp-content/uploads/2025/09/temperaturas-extremas-y-precipitaciones-2025x08x31-a.pdf
2025-08-31,051,HIGÜEY,LA ALTAGRACIA,MINISTERIO DE AGRICULTURA,EMCV,,,0.0,https://indomet.gob.do/wp-content/uploads/2025/09/temperaturas-extremas-y-precipitaciones-2025x08x31-a.pdf
2025-08-31,052,JARABACOA,LA VEGA,INDRHI / MARENA,EMCI,34.2,18.6,0.0,https://indomet.gob.do/wp-content/uploads/2025/09/temperaturas-extremas-y-precipitaciones-2025x08x31-a.pdf
2025-08-31,053,JARDÍN BOTÁNICO NACIONAL,DISTRITO NACIONAL,JARDÍN BOTÁNICO NACIONAL,EMCV,35.3,23.2,0.0,https://indomet.gob.do/wp-content/uploads/2025/09/temperaturas-extremas-y-precipitaciones-2025x08x31-a.pdf
2025-08-31,054,JIMANÍ,INDEPENDENCIA,MINISTERIO DE AGRICULTURA,EMCI,38.5,26.0,0.0,https://indomet.gob.do/wp-content/uploads/2025/09/temperaturas-extremas-y-precipitaciones-2025x08x31-a.pdf
2025-08-31,055,JUMA BEJUCAL,MONSEÑOR NOUEL,IDIAF,EMCV,34.4,24.2,0.0,https://indomet.gob.do/wp-content/uploads/2025/09/temperaturas-extremas-y-precipitaciones-2025x08x31-a.pdf
2025-08-31,056,LA VEGA,LA VEGA,IATESA,EMCI,34.5,24.0,0.0,https://indomet.gob.do/wp-content/uploads/2025/09/temperaturas-extremas-y-precipitaciones-2025x08x31-a.pdf
2025-08-31,057,LA VICTORIA,SANTO DOMINGO,CUERPO DE BOMBEROS,EMCI,35.0,24.4,0.0,https://indomet.gob.do/wp-content/uploads/2025/09/temperaturas-extremas-y-precipitaciones-2025x08x31-a.pdf
2025-08-31,058,LAS CANAS (EMA),MONTE CRISTI,PROGRAMA MUNDIAL DE ALIMENTO,EMAP,31.9,24.6,0.0,https://indomet.gob.do/wp-content/uploads/2025/09/temperaturas-extremas-y-precipitaciones-2025x08x31-a.pdf
2025-08-31,059,LAS MATAS DE FARFÁN,SAN JUAN,MINISTERIO DE AGRICULTURA,EMCV,,,0.0,https://indomet.gob.do/wp-content/uploads/2025/09/temperaturas-extremas-y-precipitaciones-2025x08x31-a.pdf
2025-08-31,060,LAS MATAS DE SANTA CRUZ (EMA,MONTE CRISTI,PROGRAMA MUNDIAL DE ALIMENTO,EMAP,34.4,23.6,0.0,https://indomet.gob.do/wp-content/uploads/2025/09/temperaturas-extremas-y-precipitaciones-2025x08x31-a.pdf
2025-08-31,061,LOS LLANOS,SAN PEDRO DE MACORÍS,MINISTERIO DE AGRICULTURA,EMCI,34.0,24.2,0.0,https://indomet.gob.do/wp-content/uploads/2025/09/temperaturas-extremas-y-precipitaciones-2025x08x31-a.pdf
2025-08-31,062,LUPERÓN,PUERTO PLATA,MINISTERIO DE AGRICULTURA,EMCV,,,0.0,https://indomet.gob.do/wp-content/uploads/2025/09/temperaturas-extremas-y-precipitaciones-2025x08x31-a.pdf
2025-08-31,063,MAO,VALVERDE,INDRHI / MINISTERIO DE AGRICULTURA,EMCV,,,0.0,https://indomet.gob.do/wp-content/uploads/2025/09/temperaturas-extremas-y-precipitaciones-2025x08x31-a.pdf
2025-08-31,064,MOCA,ESPAILLAT,MINISTERIO DE AGRICULTURA,EMCV,,,0.0,https://indomet.gob.do/wp-content/uploads/2025/09/temperaturas-extremas-y-precipitaciones-2025x08x31-a.pdf
2025-08-31,065,MONCIÓN (EMA),SANTIAGO RODRÍGUEZ,PROGRAMA MUNDIAL DE ALIMENTO,EMAP,33.9,21.6,0.0,https://indomet.gob.do/wp-content/uploads/2025/09/temperaturas-extremas-y-precipitaciones-2025x08x31-a.pdf
2025-08-31,066,MONTE CRISTI,MONTE CRISTI,ONAMET,EMCI,34.8,24.6,0.0,https://indomet.gob.do/wp-content/uploads/2025/09/temperaturas-extremas-y-precipitaciones-2025x08x31-a.pdf
2025-08-31,067,PADRE LAS CASAS,AZUA,HOSP. NTRA. SRA. DEL CARMEN,EMCI,32.5,21.0,0.0,https://indomet.gob.do/wp-content/uploads/2025/09/temperaturas-extremas-y-precipitaciones-2025x08x31-a.pdf
2025-08-31,068,PALO ÍNDIO,PUERTO PLATA,MINISTERIO DE AGRICULTURA,EMCI,,,0.0,https://indomet.gob.do/wp-content/uploads/2025/09/temperaturas-extremas-y-precipitaciones-2025x08x31-a.pdf
2025-08-31,069,PERALTA,AZUA,HOSP. MPAL. DE PERALTA,EMCI,31.1,20.0,0.0,https://indomet.gob.do/wp-content/uploads/2025/09/temperaturas-extremas-y-precipitaciones-2025x08x31-a.pdf
2025-08-31,070,RESTAURACIÓN,DAJABÓN,MINISTERIO DE AGRICULTURA,EMCI,31.4,20.3,0.0,https://indomet.gob.do/wp-content/uploads/2025/09/temperaturas-extremas-y-precipitaciones-2025x08x31-a.pdf
2025-08-31,071,RÍO SAN JUAN,MARÍA TRINIDAD SÁNCHEZ,HOSP. MPAL. DR. DESIDERIO ACOSTA,EMCV,36.7,26.2,0.0,https://indomet.gob.do/wp-content/uploads/2025/09/temperaturas-extremas-y-precipitaciones-2025x08x31-a.pdf
2025-08-31,072,SABANA DE LA MAR,HATO MAYOR,ONAMET,EMCI,33.0,24.0,0.0,https://indomet.gob.do/wp-content/uploads/2025/09/temperaturas-extremas-y-precipitaciones-2025x08x31-a.pdf
2025-08-31,073,SABANA GRANDE DE BOYÁ,MONTE PLATA,MINISTERIO DE AGRICULTURA,EMCV,,,0.0,https://indomet.gob.do/wp-content/uploads/2025/09/temperaturas-extremas-y-precipitaciones-2025x08x31-a.pdf
2025-08-31,074,SABANETA (EMA),SANTIAGO RODRÍGUEZ,PROGRAMA MUNDIAL DE ALIMENTO,EMAP,39.1,23.7,0.0,https://indomet.gob.do/wp-content/uploads/2025/09/temperaturas-extremas-y-precipitaciones-2025x08x31-a.pdf
2025-08-31,075,SALCEDO,HERMANAS MIRABAL,PROPIEDAD DEL EMPLEADO,EMCI,,,0.0,https://indomet.gob.do/wp-content/uploads/2025/09/temperaturas-extremas-y-precipitaciones-2025x08x31-a.pdf
2025-08-31,076,SAMANÁ,SAMANÁ,COMANDANCIA DE PUERTO DE SAMANÁ,EMCI,34.3,23.9,0.0,https://indomet.gob.do/wp-content/uploads/2025/09/temperaturas-extremas-y-precipitaciones-2025x08x31-a.pdf
2025-08-31,077,SAN FRANCISCO DE MACORÍS,DUARTE,San Francisco de Macorís (UASD),EMCI,36.2,23.9,0.0,https://indomet.gob.do/wp-content/uploads/2025/09/temperaturas-extremas-y-precipitaciones-2025x08x31-a.pdf
2025-08-31,078,SAN JOSÉ DE OCOA,SAN JOSÉ DE OCOA,HOSP. SAN JOSÉ DE OCOA,EMCI,33.1,21.4,0.0,https://indomet.gob.do/wp-content/uploads/2025/09/temperaturas-extremas-y-precipitaciones-2025x08x31-a.pdf
2025-08-31,079,SAN RAFAEL DEL YUMA,LA ALTAGRACIA,MINISTERIO DE AGRICULTURA,EMCI,36.5,24.0,0.0,https://indomet.gob.do/wp-content/uploads/2025/09/temperaturas-extremas-y-precipitaciones-2025x08x31-a.pdf
2025-08-31,080,SANTO DOMINGO ESTE,SANTO DOMINGO,ONAMET,EMCI,33.9,25.5,0.0,https://indomet.gob.do/wp-content/uploads/2025/09/temperaturas-extremas-y-precipitaciones-2025x08x31-a.pdf
2025-08-31,081,TÁBARA ABAJO,AZUA,INDRHI,EMCI,32.4,23.0,0.0,https://indomet.gob.do/wp-content/uploads/2025/09/temperaturas-extremas-y-precipitaciones-2025x08x31-a.pdf
2025-08-31,082,TAMBORIL,SANTIAGO,MINISTERIO DE AGRICULTURA,EMCV,,,0.0,https://indomet.gob.do/wp-content/uploads/2025/09/temperaturas-extremas-y-precipitaciones-2025x08x31-a.pdf
2025-08-31,083,VILLA ALTAGRACIA,SAN CRISTÓBAL,ESCUELA JAVIER ANGULO GURIDI,EMCI,,,0.0,https://indomet.gob.do/wp-content/uploads/2025/09/temperaturas-extremas-y-precipitaciones-2025x08x31-a.pdf
2025-08-31,084,VILLA ISABELA,PUERTO PLATA,MINISTERIO DE AGRICULTURA,EMCV,,,0.0,https://indomet.gob.do/wp-content/uploads/2025/09/temperaturas-extremas-y-precipitaciones-2025x08x31-a.pdf
2025-09-01,001,RESTAURACIÓN,DAJABÓN,MINISTERIO DE AGRICULTURA,EMCI,32.5,19.1,27.0,https://indomet.gob.do/wp-content/uploads/2025/09/temperaturas-extremas-y-precipitaciones-2025x09x01-a.pdf
2025-09-01,002,PASO AL MEDIO,SAN PEDRO DE MACORÍS,INDRHI,EMCI,,,26.4,https://indomet.gob.do/wp-content/uploads/2025/09/temperaturas-extremas-y-precipitaciones-2025x09x01-a.pdf
2025-09-01,003,SAN JOSÉ DE OCOA,SAN JOSÉ DE OCOA,HOSP. SAN JOSÉ DE OCOA,EMCI,33.6,24.1,21.0,https://indomet.gob.do/wp-content/uploads/2025/09/temperaturas-extremas-y-precipitaciones-2025x09x01-a.pdf
2025-09-01,004,PESCADERIA (EMA),BARAHONA,MINISTERIO DE AGRICULTURA,EMAP,35.5,25.1,11.8,https://indomet.gob.do/wp-content/uploads/2025/09/temperaturas-extremas-y-precipitaciones-2025x09x01-a.pdf
2025-09-01,005,ELÍAS PIÑA,ELÍAS PIÑA,MINISTERIO DE AGRICULTURA,EMCV,,,10.0,https://indomet.gob.do/wp-content/uploads/2025/09/temperaturas-extremas-y-precipitaciones-2025x09x01-a.pdf
2025-09-01,006,SABANA GRANDE DE BOYÁ,MONTE PLATA,MINISTERIO DE AGRICULTURA,EMCV,,,8.9,https://indomet.gob.do/wp-content/uploads/2025/09/temperaturas-extremas-y-precipitaciones-2025x09x01-a.pdf
2025-09-01,007,CONSTANZA,LA VEGA,MINISTERIO DE AGRICULTURA,EMCI,28.9,17.8,8.7,https://indomet.gob.do/wp-content/uploads/2025/09/temperaturas-extremas-y-precipitaciones-2025x09x01-a.pdf
2025-09-01,008,ARPT. MARÍA MONTEZ,BARAHONA,ONAMET,EMCI,34.2,26.5,8.6,https://indomet.gob.do/wp-content/uploads/2025/09/temperaturas-extremas-y-precipitaciones-2025x09x01-a.pdf
2025-09-01,009,VALLE NUEVO (EMA),LA VEGA,MARENA,EMAI,19.9,8.5,6.8,https://indomet.gob.do/wp-content/uploads/2025/09/temperaturas-extremas-y-precipitaciones-2025x09x01-a.pdf
2025-09-01,010,ARPT. ARROYO BARRIL,SAMANÁ,ONAMET,EMCI,33.5,25.0,6.2,https://indomet.gob.do/wp-content/uploads/2025/09/temperaturas-extremas-y-precipitaciones-2025x09x01-a.pdf
2025-09-01,011,SAMANÁ,SAMANÁ,COMANDANCIA DE PUERTO DE SAMANÁ,EMCI,34.0,22.8,5.8,https://indomet.gob.do/wp-content/uploads/2025/09/temperaturas-extremas-y-precipitaciones-2025x09x01-a.pdf
2025-09-01,012,CABRAL,BARAHONA,MINISTERIO DE AGRICULTURA,EMCV,36.2,24.5,5.0,https://indomet.gob.do/wp-content/uploads/2025/09/temperaturas-extremas-y-precipitaciones-2025x09x01-a.pdf
2025-09-01,013,SABANA DE LA MAR,HATO MAYOR,ONAMET,EMCI,32.5,24.0,4.0,https://indomet.gob.do/wp-content/uploads/2025/09/temperaturas-extremas-y-precipitaciones-2025x09x01-a.pdf
2025-09-01,014,VILLA ISABELA,PUERTO PLATA,MINISTERIO DE AGRICULTURA,EMCV,,,3.6,https://indomet.gob.do/wp-content/uploads/2025/09/temperaturas-extremas-y-precipitaciones-2025x09x01-a.pdf
2025-09-01,015,POLO,BARAHONA,INDOCAFE,EMCI,32.5,18.0,3.0,https://indomet.gob.do/wp-content/uploads/2025/09/temperaturas-extremas-y-precipitaciones-2025x09x01-a.pdf
2025-09-01,016,MONCIÓN (EMA),SANTIAGO RODRÍGUEZ,PROGRAMA MUNDIAL DE ALIMENTO,EMAP,34.1,22.1,2.8,https://indomet.gob.do/wp-content/uploads/2025/09/temperaturas-extremas-y-precipitaciones-2025x09x01-a.pdf
2025-09-01,017,LOS LLANOS,SAN PEDRO DE MACORÍS,MINISTERIO DE AGRICULTURA,EMCI,34.2,24.0,2.2,https://indomet.gob.do/wp-content/uploads/2025/09/temperaturas-extremas-y-precipitaciones-2025x09x01-a.pdf
2025-09-01,018,ENRIQUILLO,BARAHONA,MINISTERIO DE AGRICULTURA,EMCV,34.4,24.5,1.4,https://indomet.gob.do/wp-content/uploads/2025/09/temperaturas-extremas-y-precipitaciones-2025x09x01-a.pdf
2025-09-01,019,HONDO VALLE,ELÍAS PIÑA,MINISTERIO DE AGRICULTURA,EMCI,28.3,18.0,1.4,https://indomet.gob.do/wp-content/uploads/2025/09/temperaturas-extremas-y-precipitaciones-2025x09x01-a.pdf
2025-09-01,020,SANTIAGO RODRÍGUEZ,SANTIAGO RODRÍGUEZ,ONAMET,EMCI,37.4,24.6,1.2,https://indomet.gob.do/wp-content/uploads/2025/09/temperaturas-extremas-y-precipitaciones-2025x09x01-a.pdf
2025-09-01,021,HATO MAYOR,HATO MAYOR,MINISTERIO DE AGRICULTURA,EMCV,,,1.0,https://indomet.gob.do/wp-content/uploads/2025/09/temperaturas-extremas-y-precipitaciones-2025x09x01-a.pdf
2025-09-01,022,ALTO BANDERA (EMA),LA VEGA,INTEC,EMAP,17.7,8.7,1.0,https://indomet.gob.do/wp-content/uploads/2025/09/temperaturas-extremas-y-precipitaciones-2025x09x01-a.pdf
2025-09-01,023,LAS MATAS DE SANTA CRUZ (EMA,MONTE CRISTI,PROGRAMA MUNDIAL DE ALIMENTO,EMAP,35.9,24.4,1.0,https://indomet.gob.do/wp-content/uploads/2025/09/temperaturas-extremas-y-precipitaciones-2025x09x01-a.pdf
2025-09-01,024,SABANETA (EMA),SANTIAGO RODRÍGUEZ,PROGRAMA MUNDIAL DE ALIMENTO,EMAP,37.4,24.2,1.0,https://indomet.gob.do/wp-content/uploads/2025/09/temperaturas-extremas-y-precipitaciones-2025x09x01-a.pdf
2025-09-01,025,PERALTA,AZUA,HOSP. MPAL. DE PERALTA,EMCI,30.5,19.5,0.8,https://indomet.gob.do/wp-content/uploads/2025/09/temperaturas-extremas-y-precipitaciones-2025x09x01-a.pdf
2025-09-01,026,LOS TRES CHARCOS (EMA),PEDERNALES,PROPIEDAD DEL VOLUNTARIO,EMAP,34.2,24.2,0.6,https://indomet.gob.do/wp-content/uploads/2025/09/temperaturas-extremas-y-precipitaciones-2025x09x01-a.pdf
2025-09-01,027,ARPT. LA ISABELA,SANTO DOMINGO,ONAMET,EMCI,34.0,23.5,0.3,https://indomet.gob.do/wp-content/uploads/2025/09/temperaturas-extremas-y-precipitaciones-2025x09x01-a.pdf
2025-09-01,028,VILLA RIVA,DUARTE,HOSP. MPAL. ALICIA DE LEGENDRE,EMCI,35.0,23.8,0.3,https://indomet.gob.do/wp-content/uploads/2025/09/temperaturas-extremas-y-precipitaciones-2025x09x01-a.pdf
2025-09-01,029,BAYAGUANA,MONTE PLATA,ONAMET,EMCI,34.9,23.4,0.1,https://indomet.gob.do/wp-content/uploads/2025/09/temperaturas-extremas-y-precipitaciones-2025x09x01-a.pdf
2025-09-01,030,ALTAMIRA,PUERTO PLATA,HOSP. MPAL. DE ALTAMIRA,EMCI,33.9,22.0,0.0,https://indomet.gob.do/wp-content/uploads/2025/09/temperaturas-extremas-y-precipitaciones-2025x09x01-a.pdf
2025-09-01,031,ANAMUYA (EMA),LA ALTAGRACIA,MINISTERIO DE AGRICULTURA,EMAP,33.8,24.2,0.0,https://indomet.gob.do/wp-content/uploads/2025/09/temperaturas-extremas-y-precipitaciones-2025x09x01-a.pdf
2025-09-01,032,ARPT. DE LA ROMANA,LA ROMANA,ONAMET,EMCI,34.0,21.5,0.0,https://indomet.gob.do/wp-content/uploads/2025/09/temperaturas-extremas-y-precipitaciones-2025x09x01-a.pdf
2025-09-01,033,ARPT. DE LAS AMÉRICAS,SANTO DOMINGO,ONAMET,EMCI,33.2,24.8,0.0,https://indomet.gob.do/wp-content/uploads/2025/09/temperaturas-extremas-y-precipitaciones-2025x09x01-a.pdf
2025-09-01,034,ARPT. DE PUNTA CANA,LA ALTAGRACIA,ONAMET,EMCI,33.4,26.0,0.0,https://indomet.gob.do/wp-content/uploads/2025/09/temperaturas-extremas-y-precipitaciones-2025x09x01-a.pdf
2025-09-01,035,ARPT. DEL CIBAO,SANTIAGO,ONAMET,EMCI,37.0,22.5,0.0,https://indomet.gob.do/wp-content/uploads/2025/09/temperaturas-extremas-y-precipitaciones-2025x09x01-a.pdf
2025-09-01,036,ARPT. EL CATEY,SAMANÁ,ONAMET,EMCI,31.5,23.5,0.0,https://indomet.gob.do/wp-content/uploads/2025/09/temperaturas-extremas-y-precipitaciones-2025x09x01-a.pdf
2025-09-01,037,ARPT. GREGORIO LUPERÓN,PUERTO PLATA,ONAMET,EMCI,34.6,24.6,0.0,https://indomet.gob.do/wp-content/uploads/2025/09/temperaturas-extremas-y-precipitaciones-2025x09x01-a.pdf
2025-09-01,038,BASE AÉREA DE SAN ISIDRO,SANTO DOMINGO,FUERZA AÉREA DOMINICANA,EMCV,32.5,,0.0,https://indomet.gob.do/wp-content/uploads/2025/09/temperaturas-extremas-y-precipitaciones-2025x09x01-a.pdf
2025-09-01,039,BOCA DE MAO (EMA),VALVERDE,MINISTERIO DE AGRICULTURA,EMAP,38.3,24.9,0.0,https://indomet.gob.do/wp-content/uploads/2025/09/temperaturas-extremas-y-precipitaciones-2025x09x01-a.pdf
2025-09-01,040,BOHECHÍO,SAN JUAN,MINISTERIO DE AGRICULTURA,EMCV,,,0.0,https://indomet.gob.do/wp-content/uploads/2025/09/temperaturas-extremas-y-precipitaciones-2025x09x01-a.pdf
2025-09-01,041,CABRERA,MARÍA TRINIDAD SÁNCHEZ,ESCUELA ARÍSTIDES FIALLO CABRAL,EMCI,34.2,25.0,0.0,https://indomet.gob.do/wp-content/uploads/2025/09/temperaturas-extremas-y-precipitaciones-2025x09x01-a.pdf
2025-09-01,042,CENTRO DE LOS HEROES (EMA),DISTRITO NACIONAL,MINISTERIO DE ENERGIA Y MINA,EMAP,32.7,27.2,0.0,https://indomet.gob.do/wp-content/uploads/2025/09/temperaturas-extremas-y-precipitaciones-2025x09x01-a.pdf
2025-09-01,043,DAJABÓN,DAJABÓN,INSTITUTO POLITÉCNICO LOYOLA,EMCI,35.0,19.8,0.0,https://indomet.gob.do/wp-content/uploads/2025/09/temperaturas-extremas-y-precipitaciones-2025x09x01-a.pdf
2025-09-01,044,EL CERCADO,SAN JUAN,MINISTERIO DE AGRICULTURA,EMCV,,,0.0,https://indomet.gob.do/wp-content/uploads/2025/09/temperaturas-extremas-y-precipitaciones-2025x09x01-a.pdf
2025-09-01,045,EL FACTOR (EMA),MARÍA TRINIDAD SÁNCHEZ,INTEC,EMAP,34.2,24.3,0.0,https://indomet.gob.do/wp-content/uploads/2025/09/temperaturas-extremas-y-precipitaciones-2025x09x01-a.pdf
2025-09-01,046,GASPAR HERNÁNDEZ,ESPAILLAT,PROPIEDAD DEL EMPLEADO,EMCI,,,0.0,https://indomet.gob.do/wp-content/uploads/2025/09/temperaturas-extremas-y-precipitaciones-2025x09x01-a.pdf
2025-09-01,047,GURABO,SANTIAGO,MINISTERIO DE AGRICULTURA,EMCV,,,0.0,https://indomet.gob.do/wp-content/uploads/2025/09/temperaturas-extremas-y-precipitaciones-2025x09x01-a.pdf
2025-09-01,048,JARABACOA,LA VEGA,INDRHI / MARENA,EMCI,34.4,18.0,0.0,https://indomet.gob.do/wp-content/uploads/2025/09/temperaturas-extremas-y-precipitaciones-2025x09x01-a.pdf
2025-09-01,049,JARABACOA (EMA),LA VEGA,PROGRAMA MUNDIAL DE ALIMENTO,EMAP,34.6,20.3,0.0,https://indomet.gob.do/wp-content/uploads/2025/09/temperaturas-extremas-y-precipitaciones-2025x09x01-a.pdf
2025-09-01,050,JARDÍN BOTÁNICO NACIONAL,DISTRITO NACIONAL,JARDÍN BOTÁNICO NACIONAL,EMCV,34.5,23.2,0.0,https://indomet.gob.do/wp-content/uploads/2025/09/temperaturas-extremas-y-precipitaciones-2025x09x01-a.pdf
2025-09-01,051,JIMANÍ,INDEPENDENCIA,MINISTERIO DE AGRICULTURA,EMCI,38.2,26.8,0.0,https://indomet.gob.do/wp-content/uploads/2025/09/temperaturas-extremas-y-precipitaciones-2025x09x01-a.pdf
2025-09-01,052,JUMA BEJUCAL,MONSEÑOR NOUEL,IDIAF,EMCV,34.0,23.8,0.0,https://indomet.gob.do/wp-content/uploads/2025/09/temperaturas-extremas-y-precipitaciones-2025x09x01-a.pdf
2025-09-01,053,LA VEGA,LA VEGA,IATESA,EMCI,36.8,23.5,0.0,https://indomet.gob.do/wp-content/uploads/2025/09/temperaturas-extremas-y-precipitaciones-2025x09x01-a.pdf
2025-09-01,054,LA VICTORIA,SANTO DOMINGO,CUERPO DE BOMBEROS,EMCI,35.0,24.8,0.0,https://indomet.gob.do/wp-content/uploads/2025/09/temperaturas-extremas-y-precipitaciones-2025x09x01-a.pdf
2025-09-01,055,LAS CANAS (EMA),MONTE CRISTI,PROGRAMA MUNDIAL DE ALIMENTO,EMAP,32.2,24.8,0.0,https://indomet.gob.do/wp-content/uploads/2025/09/temperaturas-extremas-y-precipitaciones-2025x09x01-a.pdf
2025-09-01,056,LOS JENGIBRES,NAGUA,INDRHI,EMCI,,,0.0,https://indomet.gob.do/wp-content/uploads/2025/09/temperaturas-extremas-y-precipitaciones-2025x09x01-a.pdf
2025-09-01,057,MAO,VALVERDE,INDRHI / MINISTERIO DE AGRICULTURA,EMCV,,,0.0,https://indomet.gob.do/wp-content/uploads/2025/09/temperaturas-extremas-y-precipitaciones-2025x09x01-a.pdf
2025-09-01,058,MONTE CRISTI,MONTE CRISTI,ONAMET,EMCI,34.8,25.8,0.0,https://indomet.gob.do/wp-content/uploads/2025/09/temperaturas-extremas-y-precipitaciones-2025x09x01-a.pdf
2025-09-01,059,NAVARRETE,SANTIAGO,MINISTERIO DE AGRICULTURA,EMCV,,,0.0,https://indomet.gob.do/wp-content/uploads/2025/09/temperaturas-extremas-y-precipitaciones-2025x09x01-a.pdf
2025-09-01,060,OLIVARES,PEDERNALES,INDRHI,EMCI,,,0.0,https://indomet.gob.do/wp-content/uploads/2025/09/temperaturas-extremas-y-precipitaciones-2025x09x01-a.pdf
2025-09-01,061,OVIEDO,PEDERNALES,CLÍNICA RURAL OVIEDO,EMCI,35.5,26.0,0.0,https://indomet.gob.do/wp-content/uploads/2025/09/temperaturas-extremas-y-precipitaciones-2025x09x01-a.pdf
2025-09-01,062,PADRE LAS CASAS,AZUA,HOSP. NTRA. SRA. DEL CARMEN,EMCI,32.5,22.0,0.0,https://indomet.gob.do/wp-content/uploads/2025/09/temperaturas-extremas-y-precipitaciones-2025x09x01-a.pdf
2025-09-01,063,PALO ÍNDIO,PUERTO PLATA,MINISTERIO DE AGRICULTURA,EMCI,,,0.0,https://indomet.gob.do/wp-content/uploads/2025/09/temperaturas-extremas-y-precipitaciones-2025x09x01-a.pdf
2025-09-01,064,PEDERNALES,PEDERNALES,INDRHI,EMCI,,,0.0,https://indomet.gob.do/wp-content/uploads/2025/09/temperaturas-extremas-y-precipitaciones-2025x09x01-a.pdf
2025-09-01,065,PONTÓN ABAJO (EMA),LA VEGA,MINISTERIO DE AGRICULTURA,EMAP,37.6,24.2,0.0,https://indomet.gob.do/wp-content/uploads/2025/09/temperaturas-extremas-y-precipitaciones-2025x09x01-a.pdf
2025-09-01,066,PRESA DE TAVERAS (EMA),LA VEGA,PROGRAMA MUNDIAL DE ALIMENTO,EMAP,33.3,22.3,0.0,https://indomet.gob.do/wp-content/uploads/2025/09/temperaturas-extremas-y-precipitaciones-2025x09x01-a.pdf
2025-09-01,067,RANCHO ARRIBA,SAN JOSÉ DE OCOA,CENTRO TECNOLÓGICO COMUNITARIO,EMCI,31.5,19.3,0.0,https://indomet.gob.do/wp-content/uploads/2025/09/temperaturas-extremas-y-precipitaciones-2025x09x01-a.pdf
2025-09-01,068,RÍO SAN JUAN,MARÍA TRINIDAD SÁNCHEZ,HOSP. MPAL. DR. DESIDERIO ACOSTA,EMCV,36.1,25.6,0.0,https://indomet.gob.do/wp-content/uploads/2025/09/temperaturas-extremas-y-precipitaciones-2025x09x01-a.pdf
2025-09-01,069,SALCEDO,HERMANAS MIRABAL,PROPIEDAD DEL EMPLEADO,EMCI,,,0.0,https://indomet.gob.do/wp-content/uploads/2025/09/temperaturas-extremas-y-precipitaciones-2025x09x01-a.pdf
2025-09-01,070,SAN CRISTÓBAL,SAN CRISTÓBAL,INSTITUTO POLITÉCNICO LOYOLA,EMCI,33.0,22.0,0.0,https://indomet.gob.do/wp-content/uploads/2025/09/temperaturas-extremas-y-precipitaciones-2025x09x01-a.pdf
2025-09-01,071,SAN FRANCISCO DE MACORÍS,DUARTE,San Francisco de Macorís (UASD),EMCI,36.0,24.6,0.0,https://indomet.gob.do/wp-content/uploads/2025/09/temperaturas-extremas-y-precipitaciones-2025x09x01-a.pdf
2025-09-01,072,SAN RAFAEL DEL YUMA,LA ALTAGRACIA,MINISTERIO DE AGRICULTURA,EMCI,35.7,23.8,0.0,https://indomet.gob.do/wp-content/uploads/2025/09/temperaturas-extremas-y-precipitaciones-2025x09x01-a.pdf
2025-09-01,073,SÁNCHEZ,SAMANÁ,MINISTERIO DE AGRICULTURA,EMCI,34.7,23.0,0.0,https://indomet.gob.do/wp-content/uploads/2025/09/temperaturas-extremas-y-precipitaciones-2025x09x01-a.pdf
2025-09-01,074,SANTIAGO,SANTIAGO,HUACALITO,EMCI,,,0.0,https://indomet.gob.do/wp-content/uploads/2025/09/temperaturas-extremas-y-precipitaciones-2025x09x01-a.pdf
2025-09-01,075,SANTO DOMINGO ESTE,SANTO DOMINGO,ONAMET,EMCI,34.0,27.0,0.0,https://indomet.gob.do/wp-content/uploads/2025/09/temperaturas-extremas-y-precipitaciones-2025x09x01-a.pdf
2025-09-01,076,TÁBARA ABAJO,AZUA,INDRHI,EMCI,32.7,24.0,0.0,https://indomet.gob.do/wp-content/uploads/2025/09/temperaturas-extremas-y-precipitaciones-2025x09x01-a.pdf
2025-09-01,077,TAVERA,SANTIAGO,INDRHI,EMCI,,,0.0,https://indomet.gob.do/wp-content/uploads/2025/09/temperaturas-extremas-y-precipitaciones-2025x09x01-a.pdf
2025-09-01,078,VILLA ALTAGRACIA,SAN CRISTÓBAL,ESCUELA JAVIER ANGULO GURIDI,EMCI,,,0.0,https://indomet.gob.do/wp-content/uploads/2025/09/temperaturas-extremas-y-precipitaciones-2025x09x01-a.pdf
2025-09-01,079,VILLA GONZALES,SANTIAGO,MINISTERIO DE AGRICULTURA,EMCI,,,0.0,https://indomet.gob.do/wp-content/uploads/2025/09/temperaturas-extremas-y-precipitaciones-2025x09x01-a.pdf
2025-09-02,001,DAJABÓN,DAJABÓN,INSTITUTO POLITÉCNICO LOYOLA,EMCI,34.9,19.5,37.3,https://indomet.gob.do/wp-content/uploads/2025/09/temperaturas-extremas-y-precipitaciones-2025x09x02-a.pdf
2025-09-02,002,GURABO,SANTIAGO,MINISTERIO DE AGRICULTURA,EMCV,,,35.8,https://indomet.gob.do/wp-content/uploads/2025/09/temperaturas-extremas-y-precipitaciones-2025x09x02-a.pdf
2025-09-02,003,TAMBORIL,SANTIAGO,MINISTERIO DE AGRICULTURA,EMCV,,,35.6,https://indomet.gob.do/wp-content/uploads/2025/09/temperaturas-extremas-y-precipitaciones-2025x09x02-a.pdf
2025-09-02,004,JARABACOA (EMA),LA VEGA,PROGRAMA MUNDIAL DE ALIMENTO,EMAP,33.2,23.3,23.4,https://indomet.gob.do/wp-content/uploads/2025/09/temperaturas-extremas-y-precipitaciones-2025x09x02-a.pdf
2025-09-02,005,SABANA DE LA MAR,HATO MAYOR,ONAMET,EMCI,33.0,23.5,22.4,https://indomet.gob.do/wp-content/uploads/2025/09/temperaturas-extremas-y-precipitaciones-2025x09x02-a.pdf
2025-09-02,006,JARABACOA,LA VEGA,INDRHI / MARENA,EMCI,34.8,18.8,21.0,https://indomet.gob.do/wp-content/uploads/2025/09/temperaturas-extremas-y-precipitaciones-2025x09x02-a.pdf
2025-09-02,007,ARPT. DEL CIBAO,SANTIAGO,ONAMET,EMCI,37.5,23.8,20.1,https://indomet.gob.do/wp-content/uploads/2025/09/temperaturas-extremas-y-precipitaciones-2025x09x02-a.pdf
2025-09-02,008,CONSTANZA,LA VEGA,MINISTERIO DE AGRICULTURA,EMCI,29.2,15.4,18.8,https://indomet.gob.do/wp-content/uploads/2025/09/temperaturas-extremas-y-precipitaciones-2025x09x02-a.pdf
2025-09-02,009,CONSTANZA (EMA),LA VEGA,PROGRAMA MUNDIAL DE ALIMENTO,EMAP,28.1,16.4,18.8,https://indomet.gob.do/wp-content/uploads/2025/09/temperaturas-extremas-y-precipitaciones-2025x09x02-a.pdf
2025-09-02,010,JARDÍN BOTÁNICO NACIONAL,DISTRITO NACIONAL,JARDÍN BOTÁNICO NACIONAL,EMCV,34.1,22.8,15.4,https://indomet.gob.do/wp-content/uploads/2025/09/temperaturas-extremas-y-precipitaciones-2025x09x02-a.pdf
2025-09-02,011,LOS LLANOS,SAN PEDRO DE MACORÍS,MINISTERIO DE AGRICULTURA,EMCI,34.3,23.8,14.6,https://indomet.gob.do/wp-content/uploads/2025/09/temperaturas-extremas-y-precipitaciones-2025x09x02-a.pdf
2025-09-02,012,BANI (EMA),PERAVIA,MINISTERIO DE AGRICULTURA,EMAP,32.9,24.0,14.0,https://indomet.gob.do/wp-content/uploads/2025/09/temperaturas-extremas-y-precipitaciones-2025x09x02-a.pdf
2025-09-02,013,ELÍAS PIÑA,ELÍAS PIÑA,MINISTERIO DE AGRICULTURA,EMCV,,,13.4,https://indomet.gob.do/wp-content/uploads/2025/09/temperaturas-extremas-y-precipitaciones-2025x09x02-a.pdf
2025-09-02,014,ARPT. MARÍA MONTEZ,BARAHONA,ONAMET,EMCI,32.8,25.0,10.8,https://indomet.gob.do/wp-content/uploads/2025/09/temperaturas-extremas-y-precipitaciones-2025x09x02-a.pdf
2025-09-02,015,SAMANÁ,SAMANÁ,COMANDANCIA DE PUERTO DE SAMANÁ,EMCI,34.1,22.0,10.8,https://indomet.gob.do/wp-content/uploads/2025/09/temperaturas-extremas-y-precipitaciones-2025x09x02-a.pdf
2025-09-02,016,SABANETA (EMA),SANTIAGO RODRÍGUEZ,PROGRAMA MUNDIAL DE ALIMENTO,EMAP,37.9,23.5,8.8,https://indomet.gob.do/wp-content/uploads/2025/09/temperaturas-extremas-y-precipitaciones-2025x09x02-a.pdf
2025-09-02,017,SANTIAGO RODRÍGUEZ,SANTIAGO RODRÍGUEZ,ONAMET,EMCI,38.5,23.6,8.2,https://indomet.gob.do/wp-content/uploads/2025/09/temperaturas-extremas-y-precipitaciones-2025x09x02-a.pdf
2025-09-02,018,HATO MAYOR,HATO MAYOR,MINISTERIO DE AGRICULTURA,EMCV,,,7.9,https://indomet.gob.do/wp-content/uploads/2025/09/temperaturas-extremas-y-precipitaciones-2025x09x02-a.pdf
2025-09-02,019,PESCADERIA (EMA),BARAHONA,MINISTERIO DE AGRICULTURA,EMAP,33.7,24.6,7.8,https://indomet.gob.do/wp-content/uploads/2025/09/temperaturas-extremas-y-precipitaciones-2025x09x02-a.pdf
2025-09-02,020,ENRIQUILLO,BARAHONA,MINISTERIO DE AGRICULTURA,EMCV,33.8,24.0,7.4,https://indomet.gob.do/wp-content/uploads/2025/09/temperaturas-extremas-y-precipitaciones-2025x09x02-a.pdf
2025-09-02,021,SAN CRISTÓBAL,SAN CRISTÓBAL,INSTITUTO POLITÉCNICO LOYOLA,EMCI,33.2,22.2,7.3,https://indomet.gob.do/wp-content/uploads/2025/09/temperaturas-extremas-y-precipitaciones-2025x09x02-a.pdf
2025-09-02,022,OVIEDO,PEDERNALES,CLÍNICA RURAL OVIEDO,EMCI,34.0,23.5,5.8,https://indomet.gob.do/wp-content/uploads/2025/09/temperaturas-extremas-y-precipitaciones-2025x09x02-a.pdf
2025-09-02,023,MONCIÓN (EMA),SANTIAGO RODRÍGUEZ,PROGRAMA MUNDIAL DE ALIMENTO,EMAP,32.2,21.4,5.4,https://indomet.gob.do/wp-content/uploads/2025/09/temperaturas-extremas-y-precipitaciones-2025x09x02-a.pdf
2025-09-02,024,SAN JOSÉ DE OCOA,SAN JOSÉ DE OCOA,HOSP. SAN JOSÉ DE OCOA,EMCI,34.0,23.5,5.0,https://indomet.gob.do/wp-content/uploads/2025/09/temperaturas-extremas-y-precipitaciones-2025x09x02-a.pdf
2025-09-02,025,CENTRO DE LOS HEROES (EMA),DISTRITO NACIONAL,MINISTERIO DE ENERGIA Y MINA,EMAP,32.4,25.8,4.8,https://indomet.gob.do/wp-content/uploads/2025/09/temperaturas-extremas-y-precipitaciones-2025x09x02-a.pdf
2025-09-02,026,BASE AÉREA DE SAN ISIDRO,SANTO DOMINGO,FUERZA AÉREA DOMINICANA,EMCV,32.5,24.0,4.6,https://indomet.gob.do/wp-content/uploads/2025/09/temperaturas-extremas-y-precipitaciones-2025x09x02-a.pdf
2025-09-02,027,ARPT. DE LAS AMÉRICAS,SANTO DOMINGO,ONAMET,EMCI,34.5,24.0,4.4,https://indomet.gob.do/wp-content/uploads/2025/09/temperaturas-extremas-y-precipitaciones-2025x09x02-a.pdf
2025-09-02,028,ARROYO LORO,SAN JUAN,IDIAF,EMCI,33.5,20.6,4.0,https://indomet.gob.do/wp-content/uploads/2025/09/temperaturas-extremas-y-precipitaciones-2025x09x02-a.pdf
2025-09-02,029,CABRAL,BARAHONA,MINISTERIO DE AGRICULTURA,EMCV,35.2,24.6,3.9,https://indomet.gob.do/wp-content/uploads/2025/09/temperaturas-extremas-y-precipitaciones-2025x09x02-a.pdf
2025-09-02,030,RESTAURACIÓN,DAJABÓN,MINISTERIO DE AGRICULTURA,EMCI,31.7,19.4,3.1,https://indomet.gob.do/wp-content/uploads/2025/09/temperaturas-extremas-y-precipitaciones-2025x09x02-a.pdf
2025-09-02,031,SANTO DOMINGO ESTE,SANTO DOMINGO,ONAMET,EMCI,33.7,26.5,3.0,https://indomet.gob.do/wp-content/uploads/2025/09/temperaturas-extremas-y-precipitaciones-2025x09x02-a.pdf
2025-09-02,032,MAO,VALVERDE,INDRHI / MINISTERIO DE AGRICULTURA,EMCV,,,2.7,https://indomet.gob.do/wp-content/uploads/2025/09/temperaturas-extremas-y-precipitaciones-2025x09x02-a.pdf
2025-09-02,033,ARPT. LA ISABELA,SANTO DOMINGO,ONAMET,EMCI,35.0,23.0,2.5,https://indomet.gob.do/wp-content/uploads/2025/09/temperaturas-extremas-y-precipitaciones-2025x09x02-a.pdf
2025-09-02,034,ALTO BANDERA (EMA),LA VEGA,INTEC,EMAP,16.6,8.7,2.3,https://indomet.gob.do/wp-content/uploads/2025/09/temperaturas-extremas-y-precipitaciones-2025x09x02-a.pdf
2025-09-02,035,LUPERÓN,PUERTO PLATA,MINISTERIO DE AGRICULTURA,EMCV,,,2.3,https://indomet.gob.do/wp-content/uploads/2025/09/temperaturas-extremas-y-precipitaciones-2025x09x02-a.pdf
2025-09-02,036,VILLA ALTAGRACIA,SAN CRISTÓBAL,ESCUELA JAVIER ANGULO GURIDI,EMCI,,,2.2,https://indomet.gob.do/wp-content/uploads/2025/09/temperaturas-extremas-y-precipitaciones-2025x09x02-a.pdf
2025-09-02,037,LA VICTORIA,SANTO DOMINGO,CUERPO DE BOMBEROS,EMCI,32.5,24.7,2.0,https://indomet.gob.do/wp-content/uploads/2025/09/temperaturas-extremas-y-precipitaciones-2025x09x02-a.pdf
2025-09-02,038,PERALTA,AZUA,HOSP. MPAL. DE PERALTA,EMCI,29.5,18.0,1.8,https://indomet.gob.do/wp-content/uploads/2025/09/temperaturas-extremas-y-precipitaciones-2025x09x02-a.pdf
2025-09-02,039,SANTIAGO,SANTIAGO,HUACALITO,EMCI,34.0,24.0,1.6,https://indomet.gob.do/wp-content/uploads/2025/09/temperaturas-extremas-y-precipitaciones-2025x09x02-a.pdf
2025-09-02,040,VALLE NUEVO (EMA),LA VEGA,MARENA,EMAI,20.2,8.6,1.6,https://indomet.gob.do/wp-content/uploads/2025/09/temperaturas-extremas-y-precipitaciones-2025x09x02-a.pdf
2025-09-02,041,BOCA DE MAO (EMA),VALVERDE,MINISTERIO DE AGRICULTURA,EMAP,38.8,23.2,1.4,https://indomet.gob.do/wp-content/uploads/2025/09/temperaturas-extremas-y-precipitaciones-2025x09x02-a.pdf
2025-09-02,042,ALTAMIRA,PUERTO PLATA,HOSP. MPAL. DE ALTAMIRA,EMCI,35.2,22.3,1.2,https://indomet.gob.do/wp-content/uploads/2025/09/temperaturas-extremas-y-precipitaciones-2025x09x02-a.pdf
2025-09-02,043,POLO,BARAHONA,INDOCAFE,EMCI,31.0,19.0,0.7,https://indomet.gob.do/wp-content/uploads/2025/09/temperaturas-extremas-y-precipitaciones-2025x09x02-a.pdf
2025-09-02,044,NAVARRETE,SANTIAGO,MINISTERIO DE AGRICULTURA,EMCV,,,0.3,https://indomet.gob.do/wp-content/uploads/2025/09/temperaturas-extremas-y-precipitaciones-2025x09x02-a.pdf
2025-09-02,045,VILLA GONZALES,SANTIAGO,MINISTERIO DE AGRICULTURA,EMCI,,,0.3,https://indomet.gob.do/wp-content/uploads/2025/09/temperaturas-extremas-y-precipitaciones-2025x09x02-a.pdf
2025-09-02,046,PADRE LAS CASAS,AZUA,HOSP. NTRA. SRA. DEL CARMEN,EMCI,32.3,21.0,0.2,https://indomet.gob.do/wp-content/uploads/2025/09/temperaturas-extremas-y-precipitaciones-2025x09x02-a.pdf
2025-09-02,047,HONDO VALLE,ELÍAS PIÑA,MINISTERIO DE AGRICULTURA,EMCI,28.0,17.9,0.1,https://indomet.gob.do/wp-content/uploads/2025/09/temperaturas-extremas-y-precipitaciones-2025x09x02-a.pdf
2025-09-02,048,OLIVARES,PEDERNALES,INDRHI,EMCI,,,0.1,https://indomet.gob.do/wp-content/uploads/2025/09/temperaturas-extremas-y-precipitaciones-2025x09x02-a.pdf
2025-09-02,049,PEDERNALES,PEDERNALES,INDRHI,EMCI,,,0.1,https://indomet.gob.do/wp-content/uploads/2025/09/temperaturas-extremas-y-precipitaciones-2025x09x02-a.pdf
2025-09-02,050,ANAMUYA (EMA),LA ALTAGRACIA,MINISTERIO DE AGRICULTURA,EMAP,34.6,24.1,0.0,https://indomet.gob.do/wp-content/uploads/2025/09/temperaturas-extremas-y-precipitaciones-2025x09x02-a.pdf
2025-09-02,051,ARPT. ARROYO BARRIL,SAMANÁ,ONAMET,EMCI,33.0,24.5,0.0,https://indomet.gob.do/wp-content/uploads/2025/09/temperaturas-extremas-y-precipitaciones-2025x09x02-a.pdf
2025-09-02,052,ARPT. DE LA ROMANA,LA ROMANA,ONAMET,EMCI,34.5,21.5,0.0,https://indomet.gob.do/wp-content/uploads/2025/09/temperaturas-extremas-y-precipitaciones-2025x09x02-a.pdf
2025-09-02,053,ARPT. DE PUNTA CANA,LA ALTAGRACIA,ONAMET,EMCI,33.0,25.4,0.0,https://indomet.gob.do/wp-content/uploads/2025/09/temperaturas-extremas-y-precipitaciones-2025x09x02-a.pdf
2025-09-02,054,ARPT. EL CATEY,SAMANÁ,ONAMET,EMCI,32.0,23.5,0.0,https://indomet.gob.do/wp-content/uploads/2025/09/temperaturas-extremas-y-precipitaciones-2025x09x02-a.pdf
2025-09-02,055,ARPT. GREGORIO LUPERÓN,PUERTO PLATA,ONAMET,EMCI,35.2,24.8,0.0,https://indomet.gob.do/wp-content/uploads/2025/09/temperaturas-extremas-y-precipitaciones-2025x09x02-a.pdf
2025-09-02,056,BAYAGUANA,MONTE PLATA,ONAMET,EMCI,35.1,23.3,0.0,https://indomet.gob.do/wp-content/uploads/2025/09/temperaturas-extremas-y-precipitaciones-2025x09x02-a.pdf
2025-09-02,057,CABRERA,MARÍA TRINIDAD SÁNCHEZ,ESCUELA ARÍSTIDES FIALLO CABRAL,EMCI,34.2,27.0,0.0,https://indomet.gob.do/wp-content/uploads/2025/09/temperaturas-extremas-y-precipitaciones-2025x09x02-a.pdf
2025-09-02,058,EL CERCADO,SAN JUAN,MINISTERIO DE AGRICULTURA,EMCV,,,0.0,https://indomet.gob.do/wp-content/uploads/2025/09/temperaturas-extremas-y-precipitaciones-2025x09x02-a.pdf
2025-09-02,059,EL FACTOR (EMA),MARÍA TRINIDAD SÁNCHEZ,INTEC,EMAP,34.3,24.2,0.0,https://indomet.gob.do/wp-content/uploads/2025/09/temperaturas-extremas-y-precipitaciones-2025x09x02-a.pdf
2025-09-02,060,ESCONDIDO,PERAVIA,MINISTERIO DE AGRICULTURA,EMCV,33.0,26.0,0.0,https://indomet.gob.do/wp-content/uploads/2025/09/temperaturas-extremas-y-precipitaciones-2025x09x02-a.pdf
2025-09-02,061,GASPAR HERNÁNDEZ,ESPAILLAT,PROPIEDAD DEL EMPLEADO,EMCI,,,0.0,https://indomet.gob.do/wp-content/uploads/2025/09/temperaturas-extremas-y-precipitaciones-2025x09x02-a.pdf
2025-09-02,062,HIGÜEY,LA ALTAGRACIA,MINISTERIO DE AGRICULTURA,EMCV,,,0.0,https://indomet.gob.do/wp-content/uploads/2025/09/temperaturas-extremas-y-precipitaciones-2025x09x02-a.pdf
2025-09-02,063,JIMANÍ,INDEPENDENCIA,MINISTERIO DE AGRICULTURA,EMCI,38.6,27.5,0.0,https://indomet.gob.do/wp-content/uploads/2025/09/temperaturas-extremas-y-precipitaciones-2025x09x02-a.pdf
2025-09-02,064,JUMA BEJUCAL,MONSEÑOR NOUEL,IDIAF,EMCV,33.6,24.4,0.0,https://indomet.gob.do/wp-content/uploads/2025/09/temperaturas-extremas-y-precipitaciones-2025x09x02-a.pdf
2025-09-02,065,LA VEGA,LA VEGA,IATESA,EMCI,36.5,25.0,0.0,https://indomet.gob.do/wp-content/uploads/2025/09/temperaturas-extremas-y-precipitaciones-2025x09x02-a.pdf
2025-09-02,066,LAS CANAS (EMA),MONTE CRISTI,PROGRAMA MUNDIAL DE ALIMENTO,EMAP,32.2,23.7,0.0,https://indomet.gob.do/wp-content/uploads/2025/09/temperaturas-extremas-y-precipitaciones-2025x09x02-a.pdf
2025-09-02,067,LAS MATAS DE SANTA CRUZ (EMA,MONTE CRISTI,PROGRAMA MUNDIAL DE ALIMENTO,EMAP,,,0.0,https://indomet.gob.do/wp-content/uploads/2025/09/temperaturas-extremas-y-precipitaciones-2025x09x02-a.pdf
2025-09-02,068,LOS TRES CHARCOS (EMA),PEDERNALES,PROPIEDAD DEL VOLUNTARIO,EMAP,,,0.0,https://indomet.gob.do/wp-content/uploads/2025/09/temperaturas-extremas-y-precipitaciones-2025x09x02-a.pdf
2025-09-02,069,MONTE CRISTI,MONTE CRISTI,ONAMET,EMCI,35.2,25.9,0.0,https://indomet.gob.do/wp-content/uploads/2025/09/temperaturas-extremas-y-precipitaciones-2025x09x02-a.pdf
2025-09-02,070,PALO ÍNDIO,PUERTO PLATA,MINISTERIO DE AGRICULTURA,EMCI,,,0.0,https://indomet.gob.do/wp-content/uploads/2025/09/temperaturas-extremas-y-precipitaciones-2025x09x02-a.pdf
2025-09-02,071,PONTÓN ABAJO (EMA),LA VEGA,MINISTERIO DE AGRICULTURA,EMAP,34.3,22.3,0.0,https://indomet.gob.do/wp-content/uploads/2025/09/temperaturas-extremas-y-precipitaciones-2025x09x02-a.pdf
2025-09-02,072,PRESA DE TAVERAS (EMA),LA VEGA,PROGRAMA MUNDIAL DE ALIMENTO,EMAP,37.3,23.7,0.0,https://indomet.gob.do/wp-content/uploads/2025/09/temperaturas-extremas-y-precipitaciones-2025x09x02-a.pdf
2025-09-02,073,RANCHO ARRIBA,SAN JOSÉ DE OCOA,CENTRO TECNOLÓGICO COMUNITARIO,EMCI,30.3,18.7,0.0,https://indomet.gob.do/wp-content/uploads/2025/09/temperaturas-extremas-y-precipitaciones-2025x09x02-a.pdf
2025-09-02,074,RÍO SAN JUAN,MARÍA TRINIDAD SÁNCHEZ,HOSP. MPAL. DR. DESIDERIO ACOSTA,EMCV,36.8,26.0,0.0,https://indomet.gob.do/wp-content/uploads/2025/09/temperaturas-extremas-y-precipitaciones-2025x09x02-a.pdf
2025-09-02,075,SABANA GRANDE DE BOYÁ,MONTE PLATA,MINISTERIO DE AGRICULTURA,EMCV,,,0.0,https://indomet.gob.do/wp-content/uploads/2025/09/temperaturas-extremas-y-precipitaciones-2025x09x02-a.pdf
2025-09-02,076,SALCEDO,HERMANAS MIRABAL,PROPIEDAD DEL EMPLEADO,EMCI,,,0.0,https://indomet.gob.do/wp-content/uploads/2025/09/temperaturas-extremas-y-precipitaciones-2025x09x02-a.pdf
2025-09-02,077,SAN FRANCISCO DE MACORÍS,DUARTE,San Francisco de Macorís (UASD),EMCI,36.3,24.5,0.0,https://indomet.gob.do/wp-content/uploads/2025/09/temperaturas-extremas-y-precipitaciones-2025x09x02-a.pdf
2025-09-02,078,SÁNCHEZ,SAMANÁ,MINISTERIO DE AGRICULTURA,EMCI,34.2,22.9,0.0,https://indomet.gob.do/wp-content/uploads/2025/09/temperaturas-extremas-y-precipitaciones-2025x09x02-a.pdf
2025-09-02,079,TÁBARA ABAJO,AZUA,INDRHI,EMCI,,23.0,0.0,https://indomet.gob.do/wp-content/uploads/2025/09/temperaturas-extremas-y-precipitaciones-2025x09x02-a.pdf
2025-09-02,080,VILLA ISABELA,PUERTO PLATA,MINISTERIO DE AGRICULTURA,EMCV,,,0.0,https://indomet.gob.do/wp-content/uploads/2025/09/temperaturas-extremas-y-precipitaciones-2025x09x02-a.pdf
2025-09-02,081,VILLA RIVA,DUARTE,HOSP. MPAL. ALICIA DE LEGENDRE,EMCI,34.0,24.0,0.0,https://indomet.gob.do/wp-content/uploads/2025/09/temperaturas-extremas-y-precipitaciones-2025x09x02-a.pdf
2025-09-03,001,VILLA GONZALES,SANTIAGO,MINISTERIO DE AGRICULTURA,EMCI,,,43.4,https://indomet.gob.do/wp-content/uploads/2025/09/temperaturas-extremas-y-precipitaciones-2025x09x03-a.pdf
2025-09-03,002,SABANETA (EMA),SANTIAGO RODRÍGUEZ,PROGRAMA MUNDIAL DE ALIMENTO,EMAP,37.9,22.1,42.2,https://indomet.gob.do/wp-content/uploads/2025/09/temperaturas-extremas-y-precipitaciones-2025x09x03-a.pdf
2025-09-03,003,SANTIAGO RODRÍGUEZ,SANTIAGO RODRÍGUEZ,ONAMET,EMCI,36.6,23.2,42.2,https://indomet.gob.do/wp-content/uploads/2025/09/temperaturas-extremas-y-precipitaciones-2025x09x03-a.pdf
2025-09-03,004,NAVARRETE,SANTIAGO,MINISTERIO DE AGRICULTURA,EMCV,,,33.0,https://indomet.gob.do/wp-content/uploads/2025/09/temperaturas-extremas-y-precipitaciones-2025x09x03-a.pdf
2025-09-03,005,VALLE NUEVO (EMA),LA VEGA,MARENA,EMAI,20.7,10.4,26.4,https://indomet.gob.do/wp-content/uploads/2025/09/temperaturas-extremas-y-precipitaciones-2025x09x03-a.pdf
2025-09-03,006,RESTAURACIÓN,DAJABÓN,MINISTERIO DE AGRICULTURA,EMCI,30.9,18.3,25.2,https://indomet.gob.do/wp-content/uploads/2025/09/temperaturas-extremas-y-precipitaciones-2025x09x03-a.pdf
2025-09-03,007,LAS MATAS DE SANTA CRUZ (EMA,MONTE CRISTI,PROGRAMA MUNDIAL DE ALIMENTO,EMAP,25.4,22.8,25.1,https://indomet.gob.do/wp-content/uploads/2025/09/temperaturas-extremas-y-precipitaciones-2025x09x03-a.pdf
2025-09-03,008,RANCHO ARRIBA,SAN JOSÉ DE OCOA,CENTRO TECNOLÓGICO COMUNITARIO,EMCI,31.4,19.5,19.0,https://indomet.gob.do/wp-content/uploads/2025/09/temperaturas-extremas-y-precipitaciones-2025x09x03-a.pdf
2025-09-03,009,VILLA ISABELA,PUERTO PLATA,MINISTERIO DE AGRICULTURA,EMCV,,,17.8,https://indomet.gob.do/wp-content/uploads/2025/09/temperaturas-extremas-y-precipitaciones-2025x09x03-a.pdf
2025-09-03,010,SALCEDO,HERMANAS MIRABAL,PROPIEDAD DEL EMPLEADO,EMCI,,,16.2,https://indomet.gob.do/wp-content/uploads/2025/09/temperaturas-extremas-y-precipitaciones-2025x09x03-a.pdf
2025-09-03,011,ESCONDIDO,PERAVIA,MINISTERIO DE AGRICULTURA,EMCV,33.0,25.0,13.9,https://indomet.gob.do/wp-content/uploads/2025/09/temperaturas-extremas-y-precipitaciones-2025x09x03-a.pdf
2025-09-03,012,LUPERÓN,PUERTO PLATA,MINISTERIO DE AGRICULTURA,EMCV,,,12.4,https://indomet.gob.do/wp-content/uploads/2025/09/temperaturas-extremas-y-precipitaciones-2025x09x03-a.pdf
2025-09-03,013,HONDO VALLE,ELÍAS PIÑA,MINISTERIO DE AGRICULTURA,EMCI,27.9,17.8,12.4,https://indomet.gob.do/wp-content/uploads/2025/09/temperaturas-extremas-y-precipitaciones-2025x09x03-a.pdf
2025-09-03,014,MONCIÓN (EMA),SANTIAGO RODRÍGUEZ,PROGRAMA MUNDIAL DE ALIMENTO,EMAP,31.8,20.5,12.0,https://indomet.gob.do/wp-content/uploads/2025/09/temperaturas-extremas-y-precipitaciones-2025x09x03-a.pdf
2025-09-03,015,HATO MAYOR,HATO MAYOR,MINISTERIO DE AGRICULTURA,EMCV,,,11.9,https://indomet.gob.do/wp-content/uploads/2025/09/temperaturas-extremas-y-precipitaciones-2025x09x03-a.pdf
2025-09-03,016,ALTAMIRA,PUERTO PLATA,HOSP. MPAL. DE ALTAMIRA,EMCI,34.5,22.5,10.5,https://indomet.gob.do/wp-content/uploads/2025/09/temperaturas-extremas-y-precipitaciones-2025x09x03-a.pdf
2025-09-03,017,MOCA,ESPAILLAT,MINISTERIO DE AGRICULTURA,EMCV,,,10.0,https://indomet.gob.do/wp-content/uploads/2025/09/temperaturas-extremas-y-precipitaciones-2025x09x03-a.pdf
2025-09-03,018,DAJABÓN,DAJABÓN,INSTITUTO POLITÉCNICO LOYOLA,EMCI,34.5,19.3,9.7,https://indomet.gob.do/wp-content/uploads/2025/09/temperaturas-extremas-y-precipitaciones-2025x09x03-a.pdf
2025-09-03,019,SAN RAFAEL DEL YUMA,LA ALTAGRACIA,MINISTERIO DE AGRICULTURA,EMCI,33.8,22.7,9.3,https://indomet.gob.do/wp-content/uploads/2025/09/temperaturas-extremas-y-precipitaciones-2025x09x03-a.pdf
2025-09-03,020,PEDERNALES,PEDERNALES,INDRHI,EMCI,,,8.6,https://indomet.gob.do/wp-content/uploads/2025/09/temperaturas-extremas-y-precipitaciones-2025x09x03-a.pdf
2025-09-03,021,VILLA ALTAGRACIA,SAN CRISTÓBAL,ESCUELA JAVIER ANGULO GURIDI,EMCI,,,8.6,https://indomet.gob.do/wp-content/uploads/2025/09/temperaturas-extremas-y-precipitaciones-2025x09x03-a.pdf
2025-09-03,022,ANAMUYA (EMA),LA ALTAGRACIA,MINISTERIO DE AGRICULTURA,EMAP,32.6,23.7,7.0,https://indomet.gob.do/wp-content/uploads/2025/09/temperaturas-extremas-y-precipitaciones-2025x09x03-a.pdf
2025-09-03,023,PERALTA,AZUA,HOSP. MPAL. DE PERALTA,EMCI,31.0,19.1,6.6,https://indomet.gob.do/wp-content/uploads/2025/09/temperaturas-extremas-y-precipitaciones-2025x09x03-a.pdf
2025-09-03,024,ARROYO LORO,SAN JUAN,IDIAF,EMCI,33.9,21.0,6.3,https://indomet.gob.do/wp-content/uploads/2025/09/temperaturas-extremas-y-precipitaciones-2025x09x03-a.pdf
2025-09-03,025,EL CERCADO,SAN JUAN,MINISTERIO DE AGRICULTURA,EMCV,,,6.0,https://indomet.gob.do/wp-content/uploads/2025/09/temperaturas-extremas-y-precipitaciones-2025x09x03-a.pdf
2025-09-03,026,ARPT. DE LA ROMANA,LA ROMANA,ONAMET,EMCI,33.2,22.5,5.5,https://indomet.gob.do/wp-content/uploads/2025/09/temperaturas-extremas-y-precipitaciones-2025x09x03-a.pdf
2025-09-03,027,JARDÍN BOTÁNICO NACIONAL,DISTRITO NACIONAL,JARDÍN BOTÁNICO NACIONAL,EMCV,33.6,23.0,5.4,https://indomet.gob.do/wp-content/uploads/2025/09/temperaturas-extremas-y-precipitaciones-2025x09x03-a.pdf
2025-09-03,028,ELÍAS PIÑA,ELÍAS PIÑA,MINISTERIO DE AGRICULTURA,EMCV,,,5.0,https://indomet.gob.do/wp-content/uploads/2025/09/temperaturas-extremas-y-precipitaciones-2025x09x03-a.pdf
2025-09-03,029,LOS TRES CHARCOS (EMA),PEDERNALES,PROPIEDAD DEL VOLUNTARIO,EMAP,34.1,23.3,4.4,https://indomet.gob.do/wp-content/uploads/2025/09/temperaturas-extremas-y-precipitaciones-2025x09x03-a.pdf
2025-09-03,030,OVIEDO,PEDERNALES,CLÍNICA RURAL OVIEDO,EMCI,35.4,25.0,4.0,https://indomet.gob.do/wp-content/uploads/2025/09/temperaturas-extremas-y-precipitaciones-2025x09x03-a.pdf
2025-09-03,031,SANTO DOMINGO ESTE,SANTO DOMINGO,ONAMET,EMCI,33.3,25.5,4.0,https://indomet.gob.do/wp-content/uploads/2025/09/temperaturas-extremas-y-precipitaciones-2025x09x03-a.pdf
2025-09-03,032,OLIVARES,PEDERNALES,INDRHI,EMCI,,,3.5,https://indomet.gob.do/wp-content/uploads/2025/09/temperaturas-extremas-y-precipitaciones-2025x09x03-a.pdf
2025-09-03,033,ARPT. DE PUNTA CANA,LA ALTAGRACIA,ONAMET,EMCI,32.7,25.5,3.4,https://indomet.gob.do/wp-content/uploads/2025/09/temperaturas-extremas-y-precipitaciones-2025x09x03-a.pdf
2025-09-03,034,ENRIQUILLO,BARAHONA,MINISTERIO DE AGRICULTURA,EMCV,34.3,23.0,2.8,https://indomet.gob.do/wp-content/uploads/2025/09/temperaturas-extremas-y-precipitaciones-2025x09x03-a.pdf
2025-09-03,035,CABRAL,BARAHONA,MINISTERIO DE AGRICULTURA,EMCV,34.9,24.4,2.4,https://indomet.gob.do/wp-content/uploads/2025/09/temperaturas-extremas-y-precipitaciones-2025x09x03-a.pdf
2025-09-03,036,CABRERA,MARÍA TRINIDAD SÁNCHEZ,ESCUELA ARÍSTIDES FIALLO CABRAL,EMCI,34.5,27.0,2.3,https://indomet.gob.do/wp-content/uploads/2025/09/temperaturas-extremas-y-precipitaciones-2025x09x03-a.pdf
2025-09-03,037,RÍO SAN JUAN,MARÍA TRINIDAD SÁNCHEZ,HOSP. MPAL. DR. DESIDERIO ACOSTA,EMCV,36.9,25.3,2.0,https://indomet.gob.do/wp-content/uploads/2025/09/temperaturas-extremas-y-precipitaciones-2025x09x03-a.pdf
2025-09-03,038,MAO,VALVERDE,INDRHI / MINISTERIO DE AGRICULTURA,EMCV,,,1.8,https://indomet.gob.do/wp-content/uploads/2025/09/temperaturas-extremas-y-precipitaciones-2025x09x03-a.pdf
2025-09-03,039,VILLA RIVA,DUARTE,HOSP. MPAL. ALICIA DE LEGENDRE,EMCI,33.3,23.0,1.8,https://indomet.gob.do/wp-content/uploads/2025/09/temperaturas-extremas-y-precipitaciones-2025x09x03-a.pdf
2025-09-03,040,GURABO,SANTIAGO,MINISTERIO DE AGRICULTURA,EMCV,,,1.8,https://indomet.gob.do/wp-content/uploads/2025/09/temperaturas-extremas-y-precipitaciones-2025x09x03-a.pdf
2025-09-03,041,PADRE LAS CASAS,AZUA,HOSP. NTRA. SRA. DEL CARMEN,EMCI,33.0,20.0,1.6,https://indomet.gob.do/wp-content/uploads/2025/09/temperaturas-extremas-y-precipitaciones-2025x09x03-a.pdf
2025-09-03,042,ALTO BANDERA (EMA),LA VEGA,INTEC,EMAP,17.7,8.8,1.5,https://indomet.gob.do/wp-content/uploads/2025/09/temperaturas-extremas-y-precipitaciones-2025x09x03-a.pdf
2025-09-03,043,BAYAGUANA,MONTE PLATA,ONAMET,EMCI,34.0,23.4,1.1,https://indomet.gob.do/wp-content/uploads/2025/09/temperaturas-extremas-y-precipitaciones-2025x09x03-a.pdf
2025-09-03,044,CENTRO DE LOS HEROES (EMA),DISTRITO NACIONAL,MINISTERIO DE ENERGIA Y MINA,EMAP,32.3,26.7,1.0,https://indomet.gob.do/wp-content/uploads/2025/09/temperaturas-extremas-y-precipitaciones-2025x09x03-a.pdf
2025-09-03,045,BANI (EMA),PERAVIA,MINISTERIO DE AGRICULTURA,EMAP,33.0,25.5,0.8,https://indomet.gob.do/wp-content/uploads/2025/09/temperaturas-extremas-y-precipitaciones-2025x09x03-a.pdf
2025-09-03,046,LA VEGA,LA VEGA,IATESA,EMCI,35.5,23.0,0.8,https://indomet.gob.do/wp-content/uploads/2025/09/temperaturas-extremas-y-precipitaciones-2025x09x03-a.pdf
2025-09-03,047,SANTIAGO,SANTIAGO,HUACALITO,EMCI,34.0,23.0,0.8,https://indomet.gob.do/wp-content/uploads/2025/09/temperaturas-extremas-y-precipitaciones-2025x09x03-a.pdf
2025-09-03,048,JIMANÍ,INDEPENDENCIA,MINISTERIO DE AGRICULTURA,EMCI,37.6,26.4,0.7,https://indomet.gob.do/wp-content/uploads/2025/09/temperaturas-extremas-y-precipitaciones-2025x09x03-a.pdf
2025-09-03,049,ARPT. DEL CIBAO,SANTIAGO,ONAMET,EMCI,37.0,23.0,0.6,https://indomet.gob.do/wp-content/uploads/2025/09/temperaturas-extremas-y-precipitaciones-2025x09x03-a.pdf
2025-09-03,050,ARPT. LA ISABELA,SANTO DOMINGO,ONAMET,EMCI,34.2,23.5,0.2,https://indomet.gob.do/wp-content/uploads/2025/09/temperaturas-extremas-y-precipitaciones-2025x09x03-a.pdf
2025-09-03,051,BOCA DE MAO (EMA),VALVERDE,MINISTERIO DE AGRICULTURA,EMAP,36.8,22.6,0.2,https://indomet.gob.do/wp-content/uploads/2025/09/temperaturas-extremas-y-precipitaciones-2025x09x03-a.pdf
2025-09-03,052,JARABACOA,LA VEGA,INDRHI / MARENA,EMCI,33.0,18.6,0.2,https://indomet.gob.do/wp-content/uploads/2025/09/temperaturas-extremas-y-precipitaciones-2025x09x03-a.pdf
2025-09-03,053,POLO,BARAHONA,INDOCAFE,EMCI,30.6,19.0,0.2,https://indomet.gob.do/wp-content/uploads/2025/09/temperaturas-extremas-y-precipitaciones-2025x09x03-a.pdf
2025-09-03,054,PONTÓN ABAJO (EMA),LA VEGA,MINISTERIO DE AGRICULTURA,EMAP,37.7,23.3,0.2,https://indomet.gob.do/wp-content/uploads/2025/09/temperaturas-extremas-y-precipitaciones-2025x09x03-a.pdf
2025-09-03,055,MONTE CRISTI,MONTE CRISTI,ONAMET,EMCI,35.7,24.7,0.1,https://indomet.gob.do/wp-content/uploads/2025/09/temperaturas-extremas-y-precipitaciones-2025x09x03-a.pdf
2025-09-03,056,ARPT. ARROYO BARRIL,SAMANÁ,ONAMET,EMCI,33.3,24.0,0.0,https://indomet.gob.do/wp-content/uploads/2025/09/temperaturas-extremas-y-precipitaciones-2025x09x03-a.pdf
2025-09-03,057,ARPT. DE LAS AMÉRICAS,SANTO DOMINGO,ONAMET,EMCI,33.2,23.8,0.0,https://indomet.gob.do/wp-content/uploads/2025/09/temperaturas-extremas-y-precipitaciones-2025x09x03-a.pdf
2025-09-03,058,ARPT. EL CATEY,SAMANÁ,ONAMET,EMCI,32.6,23.0,0.0,https://indomet.gob.do/wp-content/uploads/2025/09/temperaturas-extremas-y-precipitaciones-2025x09x03-a.pdf
2025-09-03,059,ARPT. GREGORIO LUPERÓN,PUERTO PLATA,ONAMET,EMCI,34.4,23.4,0.0,https://indomet.gob.do/wp-content/uploads/2025/09/temperaturas-extremas-y-precipitaciones-2025x09x03-a.pdf
2025-09-03,060,ARPT. MARÍA MONTEZ,BARAHONA,ONAMET,EMCI,33.0,24.5,0.0,https://indomet.gob.do/wp-content/uploads/2025/09/temperaturas-extremas-y-precipitaciones-2025x09x03-a.pdf
2025-09-03,061,BASE AÉREA DE SAN ISIDRO,SANTO DOMINGO,FUERZA AÉREA DOMINICANA,EMCV,32.2,24.5,0.0,https://indomet.gob.do/wp-content/uploads/2025/09/temperaturas-extremas-y-precipitaciones-2025x09x03-a.pdf
2025-09-03,062,BONAO,MONSEÑOR NOUEL,MINISTERIO DE AGRICULTURA,EMCV,,,0.0,https://indomet.gob.do/wp-content/uploads/2025/09/temperaturas-extremas-y-precipitaciones-2025x09x03-a.pdf
2025-09-03,063,CONSTANZA,LA VEGA,MINISTERIO DE AGRICULTURA,EMCI,27.9,14.5,0.0,https://indomet.gob.do/wp-content/uploads/2025/09/temperaturas-extremas-y-precipitaciones-2025x09x03-a.pdf
2025-09-03,064,CONSTANZA (EMA),LA VEGA,PROGRAMA MUNDIAL DE ALIMENTO,EMAP,27.1,15.6,0.0,https://indomet.gob.do/wp-content/uploads/2025/09/temperaturas-extremas-y-precipitaciones-2025x09x03-a.pdf
2025-09-03,065,EL FACTOR (EMA),MARÍA TRINIDAD SÁNCHEZ,INTEC,EMAP,35.3,24.3,0.0,https://indomet.gob.do/wp-content/uploads/2025/09/temperaturas-extremas-y-precipitaciones-2025x09x03-a.pdf
2025-09-03,066,GASPAR HERNÁNDEZ,ESPAILLAT,PROPIEDAD DEL EMPLEADO,EMCI,,,0.0,https://indomet.gob.do/wp-content/uploads/2025/09/temperaturas-extremas-y-precipitaciones-2025x09x03-a.pdf
2025-09-03,067,JARABACOA (EMA),LA VEGA,PROGRAMA MUNDIAL DE ALIMENTO,EMAP,32.6,19.8,0.0,https://indomet.gob.do/wp-content/uploads/2025/09/temperaturas-extremas-y-precipitaciones-2025x09x03-a.pdf
2025-09-03,068,JUMA BEJUCAL,MONSEÑOR NOUEL,IDIAF,EMCV,34.8,23.0,0.0,https://indomet.gob.do/wp-content/uploads/2025/09/temperaturas-extremas-y-precipitaciones-2025x09x03-a.pdf
2025-09-03,069,LA VICTORIA,SANTO DOMINGO,CUERPO DE BOMBEROS,EMCI,34.0,23.8,0.0,https://indomet.gob.do/wp-content/uploads/2025/09/temperaturas-extremas-y-precipitaciones-2025x09x03-a.pdf
2025-09-03,070,LAS CANAS (EMA),MONTE CRISTI,PROGRAMA MUNDIAL DE ALIMENTO,EMAP,31.7,22.6,0.0,https://indomet.gob.do/wp-content/uploads/2025/09/temperaturas-extremas-y-precipitaciones-2025x09x03-a.pdf
2025-09-03,071,LOS LLANOS,SAN PEDRO DE MACORÍS,MINISTERIO DE AGRICULTURA,EMCI,33.9,24.0,0.0,https://indomet.gob.do/wp-content/uploads/2025/09/temperaturas-extremas-y-precipitaciones-2025x09x03-a.pdf
2025-09-03,072,PALO ÍNDIO,PUERTO PLATA,MINISTERIO DE AGRICULTURA,EMCI,,,0.0,https://indomet.gob.do/wp-content/uploads/2025/09/temperaturas-extremas-y-precipitaciones-2025x09x03-a.pdf
2025-09-03,073,PESCADERIA (EMA),BARAHONA,MINISTERIO DE AGRICULTURA,EMAP,33.9,25.3,0.0,https://indomet.gob.do/wp-content/uploads/2025/09/temperaturas-extremas-y-precipitaciones-2025x09x03-a.pdf
2025-09-03,074,PRESA DE TAVERAS (EMA),LA VEGA,PROGRAMA MUNDIAL DE ALIMENTO,EMAP,34.8,21.8,0.0,https://indomet.gob.do/wp-content/uploads/2025/09/temperaturas-extremas-y-precipitaciones-2025x09x03-a.pdf
2025-09-03,075,SABANA DE LA MAR,HATO MAYOR,ONAMET,EMCI,32.0,23.5,0.0,https://indomet.gob.do/wp-content/uploads/2025/09/temperaturas-extremas-y-precipitaciones-2025x09x03-a.pdf
2025-09-03,076,SAMANÁ,SAMANÁ,COMANDANCIA DE PUERTO DE SAMANÁ,EMCI,34.5,22.6,0.0,https://indomet.gob.do/wp-content/uploads/2025/09/temperaturas-extremas-y-precipitaciones-2025x09x03-a.pdf
2025-09-03,077,SAN CRISTÓBAL,SAN CRISTÓBAL,INSTITUTO POLITÉCNICO LOYOLA,EMCI,33.0,23.0,0.0,https://indomet.gob.do/wp-content/uploads/2025/09/temperaturas-extremas-y-precipitaciones-2025x09x03-a.pdf
2025-09-03,078,SAN FRANCISCO DE MACORÍS,DUARTE,San Francisco de Macorís (UASD),EMCI,36.2,24.1,0.0,https://indomet.gob.do/wp-content/uploads/2025/09/temperaturas-extremas-y-precipitaciones-2025x09x03-a.pdf
2025-09-03,079,SAN JOSÉ DE OCOA,SAN JOSÉ DE OCOA,HOSP. SAN JOSÉ DE OCOA,EMCI,31.6,20.7,0.0,https://indomet.gob.do/wp-content/uploads/2025/09/temperaturas-extremas-y-precipitaciones-2025x09x03-a.pdf
2025-09-03,080,SÁNCHEZ,SAMANÁ,MINISTERIO DE AGRICULTURA,EMCI,34.7,23.2,0.0,https://indomet.gob.do/wp-content/uploads/2025/09/temperaturas-extremas-y-precipitaciones-2025x09x03-a.pdf
2025-09-03,081,TÁBARA ABAJO,AZUA,INDRHI,EMCI,34.7,23.5,0.0,https://indomet.gob.do/wp-content/uploads/2025/09/temperaturas-extremas-y-precipitaciones-2025x09x03-a.pdf
2025-09-04,001,RÍO SAN JUAN,MARÍA TRINIDAD SÁNCHEZ,HOSP. MPAL. DR. DESIDERIO ACOSTA,EMCV,35.8,24.5,13.0,https://indomet.gob.do/wp-content/uploads/2025/09/temperaturas-extremas-y-precipitaciones-2025x09x04-a.pdf
2025-09-04,002,DAJABÓN,DAJABÓN,INSTITUTO POLITÉCNICO LOYOLA,EMCI,35.0,19.5,10.7,https://indomet.gob.do/wp-content/uploads/2025/09/temperaturas-extremas-y-precipitaciones-2025x09x04-a.pdf
2025-09-04,003,BAYAGUANA,MONTE PLATA,ONAMET,EMCI,34.4,23.0,10.1,https://indomet.gob.do/wp-content/uploads/2025/09/temperaturas-extremas-y-precipitaciones-2025x09x04-a.pdf
2025-09-04,004,PADRE LAS CASAS,AZUA,HOSP. NTRA. SRA. DEL CARMEN,EMCI,31.0,19.9,8.8,https://indomet.gob.do/wp-content/uploads/2025/09/temperaturas-extremas-y-precipitaciones-2025x09x04-a.pdf
2025-09-04,005,BASE AÉREA DE SAN ISIDRO,SANTO DOMINGO,FUERZA AÉREA DOMINICANA,EMCV,32.0,23.5,7.0,https://indomet.gob.do/wp-content/uploads/2025/09/temperaturas-extremas-y-precipitaciones-2025x09x04-a.pdf
2025-09-04,006,JARDÍN BOTÁNICO NACIONAL,DISTRITO NACIONAL,JARDÍN BOTÁNICO NACIONAL,EMCV,33.2,22.6,6.0,https://indomet.gob.do/wp-content/uploads/2025/09/temperaturas-extremas-y-precipitaciones-2025x09x04-a.pdf
2025-09-04,007,SAMANÁ,SAMANÁ,COMANDANCIA DE PUERTO DE SAMANÁ,EMCI,33.0,22.4,4.4,https://indomet.gob.do/wp-content/uploads/2025/09/temperaturas-extremas-y-precipitaciones-2025x09x04-a.pdf
2025-09-04,008,ARPT. ARROYO BARRIL,SAMANÁ,ONAMET,EMCI,34.0,24.0,3.3,https://indomet.gob.do/wp-content/uploads/2025/09/temperaturas-extremas-y-precipitaciones-2025x09x04-a.pdf
2025-09-04,009,ARPT. LA ISABELA,SANTO DOMINGO,ONAMET,EMCI,34.0,24.1,3.1,https://indomet.gob.do/wp-content/uploads/2025/09/temperaturas-extremas-y-precipitaciones-2025x09x04-a.pdf
2025-09-04,010,ARPT. DE PUNTA CANA,LA ALTAGRACIA,ONAMET,EMCI,33.0,23.5,2.2,https://indomet.gob.do/wp-content/uploads/2025/09/temperaturas-extremas-y-precipitaciones-2025x09x04-a.pdf
2025-09-04,011,ESCONDIDO,PERAVIA,MINISTERIO DE AGRICULTURA,EMCV,32.0,26.0,0.8,https://indomet.gob.do/wp-content/uploads/2025/09/temperaturas-extremas-y-precipitaciones-2025x09x04-a.pdf
2025-09-04,012,SANTO DOMINGO ESTE,SANTO DOMINGO,ONAMET,EMCI,33.0,26.0,0.5,https://indomet.gob.do/wp-content/uploads/2025/09/temperaturas-extremas-y-precipitaciones-2025x09x04-a.pdf
2025-09-04,013,VILLA RIVA,DUARTE,HOSP. MPAL. ALICIA DE LEGENDRE,EMCI,33.0,23.4,0.5,https://indomet.gob.do/wp-content/uploads/2025/09/temperaturas-extremas-y-precipitaciones-2025x09x04-a.pdf
2025-09-04,014,SABANA GRANDE DE BOYÁ,MONTE PLATA,MINISTERIO DE AGRICULTURA,EMCV,,,0.3,https://indomet.gob.do/wp-content/uploads/2025/09/temperaturas-extremas-y-precipitaciones-2025x09x04-a.pdf
2025-09-04,015,HATO MAYOR,HATO MAYOR,MINISTERIO DE AGRICULTURA,EMCV,,,0.1,https://indomet.gob.do/wp-content/uploads/2025/09/temperaturas-extremas-y-precipitaciones-2025x09x04-a.pdf
2025-09-04,016,HONDO VALLE,ELÍAS PIÑA,MINISTERIO DE AGRICULTURA,EMCI,28.1,18.0,0.1,https://indomet.gob.do/wp-content/uploads/2025/09/temperaturas-extremas-y-precipitaciones-2025x09x04-a.pdf
2025-09-04,017,ALTAMIRA,PUERTO PLATA,HOSP. MPAL. DE ALTAMIRA,EMCI,34.7,21.1,0.0,https://indomet.gob.do/wp-content/uploads/2025/09/temperaturas-extremas-y-precipitaciones-2025x09x04-a.pdf
2025-09-04,018,ALTO BANDERA (EMA),LA VEGA,INTEC,EMAP,17.7,7.9,0.0,https://indomet.gob.do/wp-content/uploads/2025/09/temperaturas-extremas-y-precipitaciones-2025x09x04-a.pdf
2025-09-04,019,ANAMUYA (EMA),LA ALTAGRACIA,MINISTERIO DE AGRICULTURA,EMAP,34.4,24.8,0.0,https://indomet.gob.do/wp-content/uploads/2025/09/temperaturas-extremas-y-precipitaciones-2025x09x04-a.pdf
2025-09-04,020,ARPT. DE LA ROMANA,LA ROMANA,ONAMET,EMCI,34.8,22.8,0.0,https://indomet.gob.do/wp-content/uploads/2025/09/temperaturas-extremas-y-precipitaciones-2025x09x04-a.pdf
2025-09-04,021,ARPT. DE LAS AMÉRICAS,SANTO DOMINGO,ONAMET,EMCI,33.5,24.3,0.0,https://indomet.gob.do/wp-content/uploads/2025/09/temperaturas-extremas-y-precipitaciones-2025x09x04-a.pdf
2025-09-04,022,ARPT. DEL CIBAO,SANTIAGO,ONAMET,EMCI,35.0,23.1,0.0,https://indomet.gob.do/wp-content/uploads/2025/09/temperaturas-extremas-y-precipitaciones-2025x09x04-a.pdf
2025-09-04,023,ARPT. EL CATEY,SAMANÁ,ONAMET,EMCI,32.0,23.5,0.0,https://indomet.gob.do/wp-content/uploads/2025/09/temperaturas-extremas-y-precipitaciones-2025x09x04-a.pdf
2025-09-04,024,ARPT. GREGORIO LUPERÓN,PUERTO PLATA,ONAMET,EMCI,35.6,23.0,0.0,https://indomet.gob.do/wp-content/uploads/2025/09/temperaturas-extremas-y-precipitaciones-2025x09x04-a.pdf
2025-09-04,025,ARPT. MARÍA MONTEZ,BARAHONA,ONAMET,EMCI,35.6,25.0,0.0,https://indomet.gob.do/wp-content/uploads/2025/09/temperaturas-extremas-y-precipitaciones-2025x09x04-a.pdf
2025-09-04,026,BOCA DE MAO (EMA),VALVERDE,MINISTERIO DE AGRICULTURA,EMAP,36.2,23.1,0.0,https://indomet.gob.do/wp-content/uploads/2025/09/temperaturas-extremas-y-precipitaciones-2025x09x04-a.pdf
2025-09-04,027,CABRAL,BARAHONA,MINISTERIO DE AGRICULTURA,EMCV,34.6,23.7,0.0,https://indomet.gob.do/wp-content/uploads/2025/09/temperaturas-extremas-y-precipitaciones-2025x09x04-a.pdf
2025-09-04,028,CABRERA,MARÍA TRINIDAD SÁNCHEZ,ESCUELA ARÍSTIDES FIALLO CABRAL,EMCI,31.0,26.5,0.0,https://indomet.gob.do/wp-content/uploads/2025/09/temperaturas-extremas-y-precipitaciones-2025x09x04-a.pdf
2025-09-04,029,CENTRO DE LOS HEROES (EMA),DISTRITO NACIONAL,MINISTERIO DE ENERGIA Y MINA,EMAP,32.3,27.1,0.0,https://indomet.gob.do/wp-content/uploads/2025/09/temperaturas-extremas-y-precipitaciones-2025x09x04-a.pdf
2025-09-04,030,CONSTANZA,LA VEGA,MINISTERIO DE AGRICULTURA,EMCI,27.5,13.0,0.0,https://indomet.gob.do/wp-content/uploads/2025/09/temperaturas-extremas-y-precipitaciones-2025x09x04-a.pdf
2025-09-04,031,CONSTANZA (EMA),LA VEGA,PROGRAMA MUNDIAL DE ALIMENTO,EMAP,26.7,14.2,0.0,https://indomet.gob.do/wp-content/uploads/2025/09/temperaturas-extremas-y-precipitaciones-2025x09x04-a.pdf
2025-09-04,032,EL FACTOR (EMA),MARÍA TRINIDAD SÁNCHEZ,INTEC,EMAP,33.3,23.8,0.0,https://indomet.gob.do/wp-content/uploads/2025/09/temperaturas-extremas-y-precipitaciones-2025x09x04-a.pdf
2025-09-04,033,ELÍAS PIÑA,ELÍAS PIÑA,MINISTERIO DE AGRICULTURA,EMCV,,,0.0,https://indomet.gob.do/wp-content/uploads/2025/09/temperaturas-extremas-y-precipitaciones-2025x09x04-a.pdf
2025-09-04,034,ENRIQUILLO,BARAHONA,MINISTERIO DE AGRICULTURA,EMCV,33.3,25.4,0.0,https://indomet.gob.do/wp-content/uploads/2025/09/temperaturas-extremas-y-precipitaciones-2025x09x04-a.pdf
2025-09-04,035,GASPAR HERNÁNDEZ,ESPAILLAT,PROPIEDAD DEL EMPLEADO,EMCI,,,0.0,https://indomet.gob.do/wp-content/uploads/2025/09/temperaturas-extremas-y-precipitaciones-2025x09x04-a.pdf
2025-09-04,036,GURABO,SANTIAGO,MINISTERIO DE AGRICULTURA,EMCV,,,0.0,https://indomet.gob.do/wp-content/uploads/2025/09/temperaturas-extremas-y-precipitaciones-2025x09x04-a.pdf
2025-09-04,037,JARABACOA,LA VEGA,INDRHI / MARENA,EMCI,33.2,18.2,0.0,https://indomet.gob.do/wp-content/uploads/2025/09/temperaturas-extremas-y-precipitaciones-2025x09x04-a.pdf
2025-09-04,038,JARABACOA (EMA),LA VEGA,PROGRAMA MUNDIAL DE ALIMENTO,EMAP,32.4,19.8,0.0,https://indomet.gob.do/wp-content/uploads/2025/09/temperaturas-extremas-y-precipitaciones-2025x09x04-a.pdf
2025-09-04,039,JIMANÍ,INDEPENDENCIA,MINISTERIO DE AGRICULTURA,EMCI,36.0,25.0,0.0,https://indomet.gob.do/wp-content/uploads/2025/09/temperaturas-extremas-y-precipitaciones-2025x09x04-a.pdf
2025-09-04,040,JUMA BEJUCAL,MONSEÑOR NOUEL,IDIAF,EMCV,32.0,23.4,0.0,https://indomet.gob.do/wp-content/uploads/2025/09/temperaturas-extremas-y-precipitaciones-2025x09x04-a.pdf
2025-09-04,041,LA VEGA,LA VEGA,IATESA,EMCI,35.5,22.5,0.0,https://indomet.gob.do/wp-content/uploads/2025/09/temperaturas-extremas-y-precipitaciones-2025x09x04-a.pdf
2025-09-04,042,LA VICTORIA,SANTO DOMINGO,CUERPO DE BOMBEROS,EMCI,34.0,23.8,0.0,https://indomet.gob.do/wp-content/uploads/2025/09/temperaturas-extremas-y-precipitaciones-2025x09x04-a.pdf
2025-09-04,043,LAS CANAS (EMA),MONTE CRISTI,PROGRAMA MUNDIAL DE ALIMENTO,EMAP,33.2,23.8,0.0,https://indomet.gob.do/wp-content/uploads/2025/09/temperaturas-extremas-y-precipitaciones-2025x09x04-a.pdf
2025-09-04,044,LAS MATAS DE SANTA CRUZ (EMA,MONTE CRISTI,PROGRAMA MUNDIAL DE ALIMENTO,EMAP,,,0.0,https://indomet.gob.do/wp-content/uploads/2025/09/temperaturas-extremas-y-precipitaciones-2025x09x04-a.pdf
2025-09-04,045,LOS LLANOS,SAN PEDRO DE MACORÍS,MINISTERIO DE AGRICULTURA,EMCI,34.0,23.5,0.0,https://indomet.gob.do/wp-content/uploads/2025/09/temperaturas-extremas-y-precipitaciones-2025x09x04-a.pdf
2025-09-04,046,LOS TRES CHARCOS (EMA),PEDERNALES,PROPIEDAD DEL VOLUNTARIO,EMAP,32.8,22.2,0.0,https://indomet.gob.do/wp-content/uploads/2025/09/temperaturas-extremas-y-precipitaciones-2025x09x04-a.pdf
2025-09-04,047,MAO,VALVERDE,INDRHI / MINISTERIO DE AGRICULTURA,EMCV,,,0.0,https://indomet.gob.do/wp-content/uploads/2025/09/temperaturas-extremas-y-precipitaciones-2025x09x04-a.pdf
2025-09-04,048,MONCIÓN (EMA),SANTIAGO RODRÍGUEZ,PROGRAMA MUNDIAL DE ALIMENTO,EMAP,32.9,21.9,0.0,https://indomet.gob.do/wp-content/uploads/2025/09/temperaturas-extremas-y-precipitaciones-2025x09x04-a.pdf
2025-09-04,049,MONTE CRISTI,MONTE CRISTI,ONAMET,EMCI,35.5,24.0,0.0,https://indomet.gob.do/wp-content/uploads/2025/09/temperaturas-extremas-y-precipitaciones-2025x09x04-a.pdf
2025-09-04,050,NAVARRETE,SANTIAGO,MINISTERIO DE AGRICULTURA,EMCV,,,0.0,https://indomet.gob.do/wp-content/uploads/2025/09/temperaturas-extremas-y-precipitaciones-2025x09x04-a.pdf
2025-09-04,051,OLIVARES,PEDERNALES,INDRHI,EMCI,,,0.0,https://indomet.gob.do/wp-content/uploads/2025/09/temperaturas-extremas-y-precipitaciones-2025x09x04-a.pdf
2025-09-04,052,OVIEDO,PEDERNALES,CLÍNICA RURAL OVIEDO,EMCI,34.5,26.0,0.0,https://indomet.gob.do/wp-content/uploads/2025/09/temperaturas-extremas-y-precipitaciones-2025x09x04-a.pdf
2025-09-04,053,PALO ÍNDIO,PUERTO PLATA,MINISTERIO DE AGRICULTURA,EMCI,,,0.0,https://indomet.gob.do/wp-content/uploads/2025/09/temperaturas-extremas-y-precipitaciones-2025x09x04-a.pdf
2025-09-04,054,PEDERNALES,PEDERNALES,INDRHI,EMCI,,,0.0,https://indomet.gob.do/wp-content/uploads/2025/09/temperaturas-extremas-y-precipitaciones-2025x09x04-a.pdf
2025-09-04,055,PERALTA,AZUA,HOSP. MPAL. DE PERALTA,EMCI,29.5,15.0,0.0,https://indomet.gob.do/wp-content/uploads/2025/09/temperaturas-extremas-y-precipitaciones-2025x09x04-a.pdf
2025-09-04,056,PESCADERIA (EMA),BARAHONA,MINISTERIO DE AGRICULTURA,EMAP,32.7,24.2,0.0,https://indomet.gob.do/wp-content/uploads/2025/09/temperaturas-extremas-y-precipitaciones-2025x09x04-a.pdf
2025-09-04,057,POLO,BARAHONA,INDOCAFE,EMCI,30.0,16.5,0.0,https://indomet.gob.do/wp-content/uploads/2025/09/temperaturas-extremas-y-precipitaciones-2025x09x04-a.pdf
2025-09-04,058,PONTÓN ABAJO (EMA),LA VEGA,MINISTERIO DE AGRICULTURA,EMAP,35.4,23.3,0.0,https://indomet.gob.do/wp-content/uploads/2025/09/temperaturas-extremas-y-precipitaciones-2025x09x04-a.pdf
2025-09-04,059,PRESA DE TAVERAS (EMA),LA VEGA,PROGRAMA MUNDIAL DE ALIMENTO,EMAP,32.0,21.4,0.0,https://indomet.gob.do/wp-content/uploads/2025/09/temperaturas-extremas-y-precipitaciones-2025x09x04-a.pdf
2025-09-04,060,RANCHO ARRIBA,SAN JOSÉ DE OCOA,CENTRO TECNOLÓGICO COMUNITARIO,EMCI,29.2,16.4,0.0,https://indomet.gob.do/wp-content/uploads/2025/09/temperaturas-extremas-y-precipitaciones-2025x09x04-a.pdf
2025-09-04,061,RESTAURACIÓN,DAJABÓN,MINISTERIO DE AGRICULTURA,EMCI,31.1,17.0,0.0,https://indomet.gob.do/wp-content/uploads/2025/09/temperaturas-extremas-y-precipitaciones-2025x09x04-a.pdf
2025-09-04,062,SABANA DE LA MAR,HATO MAYOR,ONAMET,EMCI,32.5,23.0,0.0,https://indomet.gob.do/wp-content/uploads/2025/09/temperaturas-extremas-y-precipitaciones-2025x09x04-a.pdf
2025-09-04,063,SABANETA (EMA),SANTIAGO RODRÍGUEZ,PROGRAMA MUNDIAL DE ALIMENTO,EMAP,35.8,24.0,0.0,https://indomet.gob.do/wp-content/uploads/2025/09/temperaturas-extremas-y-precipitaciones-2025x09x04-a.pdf
2025-09-04,064,SALCEDO,HERMANAS MIRABAL,PROPIEDAD DEL EMPLEADO,EMCI,,,0.0,https://indomet.gob.do/wp-content/uploads/2025/09/temperaturas-extremas-y-precipitaciones-2025x09x04-a.pdf
2025-09-04,065,SAN CRISTÓBAL,SAN CRISTÓBAL,INSTITUTO POLITÉCNICO LOYOLA,EMCI,33.2,23.2,0.0,https://indomet.gob.do/wp-content/uploads/2025/09/temperaturas-extremas-y-precipitaciones-2025x09x04-a.pdf
2025-09-04,066,SAN FRANCISCO DE MACORÍS,DUARTE,San Francisco de Macorís (UASD),EMCI,35.3,24.0,0.0,https://indomet.gob.do/wp-content/uploads/2025/09/temperaturas-extremas-y-precipitaciones-2025x09x04-a.pdf
2025-09-04,067,SAN JOSÉ DE OCOA,SAN JOSÉ DE OCOA,HOSP. SAN JOSÉ DE OCOA,EMCI,31.9,20.2,0.0,https://indomet.gob.do/wp-content/uploads/2025/09/temperaturas-extremas-y-precipitaciones-2025x09x04-a.pdf
2025-09-04,068,SAN RAFAEL DEL YUMA,LA ALTAGRACIA,MINISTERIO DE AGRICULTURA,EMCI,35.9,24.4,0.0,https://indomet.gob.do/wp-content/uploads/2025/09/temperaturas-extremas-y-precipitaciones-2025x09x04-a.pdf
2025-09-04,069,SÁNCHEZ,SAMANÁ,MINISTERIO DE AGRICULTURA,EMCI,34.3,22.5,0.0,https://indomet.gob.do/wp-content/uploads/2025/09/temperaturas-extremas-y-precipitaciones-2025x09x04-a.pdf
2025-09-04,070,SANTIAGO RODRÍGUEZ,SANTIAGO RODRÍGUEZ,ONAMET,EMCI,36.0,24.5,0.0,https://indomet.gob.do/wp-content/uploads/2025/09/temperaturas-extremas-y-precipitaciones-2025x09x04-a.pdf
2025-09-04,071,TÁBARA ABAJO,AZUA,INDRHI,EMCI,35.5,24.2,0.0,https://indomet.gob.do/wp-content/uploads/2025/09/temperaturas-extremas-y-precipitaciones-2025x09x04-a.pdf
2025-09-04,072,VALLE NUEVO (EMA),LA VEGA,MARENA,EMAI,20.4,6.6,0.0,https://indomet.gob.do/wp-content/uploads/2025/09/temperaturas-extremas-y-precipitaciones-2025x09x04-a.pdf
2025-09-04,073,VILLA ALTAGRACIA,SAN CRISTÓBAL,ESCUELA JAVIER ANGULO GURIDI,EMCI,,,0.0,https://indomet.gob.do/wp-content/uploads/2025/09/temperaturas-extremas-y-precipitaciones-2025x09x04-a.pdf
2025-09-04,074,VILLA GONZALES,SANTIAGO,MINISTERIO DE AGRICULTURA,EMCI,,,0.0,https://indomet.gob.do/wp-content/uploads/2025/09/temperaturas-extremas-y-precipitaciones-2025x09x04-a.pdf
2025-09-04,075,VILLA ISABELA,PUERTO PLATA,MINISTERIO DE AGRICULTURA,EMCV,,,0.0,https://indomet.gob.do/wp-content/uploads/2025/09/temperaturas-extremas-y-precipitaciones-2025x09x04-a.pdf
2025-09-04,076,SANTIAGO,SANTIAGO,HUACALITO,EMCI,,,0.0,https://indomet.gob.do/wp-content/uploads/2025/09/temperaturas-extremas-y-precipitaciones-2025x09x04-a.pdf
2025-09-05,001,RÍO SAN JUAN,MARÍA TRINIDAD SÁNCHEZ,HOSP. MPAL. DR. DESIDERIO ACOSTA,EMCV,35.0,24.4,17.6,https://indomet.gob.do/wp-content/uploads/2025/09/temperaturas-extremas-y-precipitaciones-2025x09x05-a.pdf
2025-09-05,002,HONDO VALLE,ELÍAS PIÑA,MINISTERIO DE AGRICULTURA,EMCI,27.7,17.9,17.4,https://indomet.gob.do/wp-content/uploads/2025/09/temperaturas-extremas-y-precipitaciones-2025x09x05-a.pdf
2025-09-05,003,ELÍAS PIÑA,ELÍAS PIÑA,MINISTERIO DE AGRICULTURA,EMCV,,,17.0,https://indomet.gob.do/wp-content/uploads/2025/09/temperaturas-extremas-y-precipitaciones-2025x09x05-a.pdf
2025-09-05,004,CABRERA,MARÍA TRINIDAD SÁNCHEZ,ESCUELA ARÍSTIDES FIALLO CABRAL,EMCI,34.9,27.0,10.0,https://indomet.gob.do/wp-content/uploads/2025/09/temperaturas-extremas-y-precipitaciones-2025x09x05-a.pdf
2025-09-05,005,ARPT. EL CATEY,SAMANÁ,ONAMET,EMCI,31.5,23.2,8.2,https://indomet.gob.do/wp-content/uploads/2025/09/temperaturas-extremas-y-precipitaciones-2025x09x05-a.pdf
2025-09-05,006,SAMANÁ,SAMANÁ,COMANDANCIA DE PUERTO DE SAMANÁ,EMCI,33.8,22.5,6.8,https://indomet.gob.do/wp-content/uploads/2025/09/temperaturas-extremas-y-precipitaciones-2025x09x05-a.pdf
2025-09-05,007,SÁNCHEZ,SAMANÁ,MINISTERIO DE AGRICULTURA,EMCI,34.7,22.0,6.8,https://indomet.gob.do/wp-content/uploads/2025/09/temperaturas-extremas-y-precipitaciones-2025x09x05-a.pdf
2025-09-05,008,JIMANÍ,INDEPENDENCIA,MINISTERIO DE AGRICULTURA,EMCI,38.8,25.0,5.0,https://indomet.gob.do/wp-content/uploads/2025/09/temperaturas-extremas-y-precipitaciones-2025x09x05-a.pdf
2025-09-05,009,JARABACOA (EMA),LA VEGA,PROGRAMA MUNDIAL DE ALIMENTO,EMAP,33.4,20.4,4.2,https://indomet.gob.do/wp-content/uploads/2025/09/temperaturas-extremas-y-precipitaciones-2025x09x05-a.pdf
2025-09-05,010,JARABACOA,LA VEGA,INDRHI / MARENA,EMCI,34.4,18.6,3.9,https://indomet.gob.do/wp-content/uploads/2025/09/temperaturas-extremas-y-precipitaciones-2025x09x05-a.pdf
2025-09-05,011,SAN RAFAEL DEL YUMA,LA ALTAGRACIA,MINISTERIO DE AGRICULTURA,EMCI,37.4,23.2,3.1,https://indomet.gob.do/wp-content/uploads/2025/09/temperaturas-extremas-y-precipitaciones-2025x09x05-a.pdf
2025-09-05,012,PADRE LAS CASAS,AZUA,HOSP. NTRA. SRA. DEL CARMEN,EMCI,33.5,21.2,2.3,https://indomet.gob.do/wp-content/uploads/2025/09/temperaturas-extremas-y-precipitaciones-2025x09x05-a.pdf
2025-09-05,013,ARPT. DEL CIBAO,SANTIAGO,ONAMET,EMCI,36.8,22.6,1.2,https://indomet.gob.do/wp-content/uploads/2025/09/temperaturas-extremas-y-precipitaciones-2025x09x05-a.pdf
2025-09-05,014,HATO MAYOR,HATO MAYOR,MINISTERIO DE AGRICULTURA,EMCV,,,0.9,https://indomet.gob.do/wp-content/uploads/2025/09/temperaturas-extremas-y-precipitaciones-2025x09x05-a.pdf
2025-09-05,015,RANCHO ARRIBA,SAN JOSÉ DE OCOA,CENTRO TECNOLÓGICO COMUNITARIO,EMCI,33.0,18.8,0.6,https://indomet.gob.do/wp-content/uploads/2025/09/temperaturas-extremas-y-precipitaciones-2025x09x05-a.pdf
2025-09-05,016,VILLA ALTAGRACIA,SAN CRISTÓBAL,ESCUELA JAVIER ANGULO GURIDI,EMCI,,,0.5,https://indomet.gob.do/wp-content/uploads/2025/09/temperaturas-extremas-y-precipitaciones-2025x09x05-a.pdf
2025-09-05,017,PARQUE MIRADOR SUR,DISTRITO NACIONAL,AYUNTAMIENTO,EMCV,,,0.3,https://indomet.gob.do/wp-content/uploads/2025/09/temperaturas-extremas-y-precipitaciones-2025x09x05-a.pdf
2025-09-05,018,ARPT. LA ISABELA,SANTO DOMINGO,ONAMET,EMCI,35.0,22.8,0.1,https://indomet.gob.do/wp-content/uploads/2025/09/temperaturas-extremas-y-precipitaciones-2025x09x05-a.pdf
2025-09-05,019,ARROYO LORO,SAN JUAN,IDIAF,EMCI,34.5,20.5,0.1,https://indomet.gob.do/wp-content/uploads/2025/09/temperaturas-extremas-y-precipitaciones-2025x09x05-a.pdf
2025-09-05,020,CABRAL,BARAHONA,MINISTERIO DE AGRICULTURA,EMCV,36.2,25.3,0.1,https://indomet.gob.do/wp-content/uploads/2025/09/temperaturas-extremas-y-precipitaciones-2025x09x05-a.pdf
2025-09-05,021,ALTAMIRA,PUERTO PLATA,HOSP. MPAL. DE ALTAMIRA,EMCI,33.7,21.6,0.0,https://indomet.gob.do/wp-content/uploads/2025/09/temperaturas-extremas-y-precipitaciones-2025x09x05-a.pdf
2025-09-05,022,ALTO BANDERA (EMA),LA VEGA,INTEC,EMAP,18.2,8.7,0.0,https://indomet.gob.do/wp-content/uploads/2025/09/temperaturas-extremas-y-precipitaciones-2025x09x05-a.pdf
2025-09-05,023,ANAMUYA (EMA),LA ALTAGRACIA,MINISTERIO DE AGRICULTURA,EMAP,34.1,25.4,0.0,https://indomet.gob.do/wp-content/uploads/2025/09/temperaturas-extremas-y-precipitaciones-2025x09x05-a.pdf
2025-09-05,024,ARPT. ARROYO BARRIL,SAMANÁ,ONAMET,EMCI,33.2,25.4,0.0,https://indomet.gob.do/wp-content/uploads/2025/09/temperaturas-extremas-y-precipitaciones-2025x09x05-a.pdf
2025-09-05,025,ARPT. DE LAS AMÉRICAS,SANTO DOMINGO,ONAMET,EMCI,33.0,24.0,0.0,https://indomet.gob.do/wp-content/uploads/2025/09/temperaturas-extremas-y-precipitaciones-2025x09x05-a.pdf
2025-09-05,026,ARPT. DE PUNTA CANA,LA ALTAGRACIA,ONAMET,EMCI,33.2,23.5,0.0,https://indomet.gob.do/wp-content/uploads/2025/09/temperaturas-extremas-y-precipitaciones-2025x09x05-a.pdf
2025-09-05,027,ARPT. GREGORIO LUPERÓN,PUERTO PLATA,ONAMET,EMCI,34.4,24.4,0.0,https://indomet.gob.do/wp-content/uploads/2025/09/temperaturas-extremas-y-precipitaciones-2025x09x05-a.pdf
2025-09-05,028,ARPT. MARÍA MONTEZ,BARAHONA,ONAMET,EMCI,33.7,24.1,0.0,https://indomet.gob.do/wp-content/uploads/2025/09/temperaturas-extremas-y-precipitaciones-2025x09x05-a.pdf
2025-09-05,029,BANI (EMA),PERAVIA,MINISTERIO DE AGRICULTURA,EMAP,33.8,26.7,0.0,https://indomet.gob.do/wp-content/uploads/2025/09/temperaturas-extremas-y-precipitaciones-2025x09x05-a.pdf
2025-09-05,030,BASE AÉREA DE SAN ISIDRO,SANTO DOMINGO,FUERZA AÉREA DOMINICANA,EMCV,32.2,24.1,0.0,https://indomet.gob.do/wp-content/uploads/2025/09/temperaturas-extremas-y-precipitaciones-2025x09x05-a.pdf
2025-09-05,031,BAYAGUANA,MONTE PLATA,ONAMET,EMCI,35.0,22.3,0.0,https://indomet.gob.do/wp-content/uploads/2025/09/temperaturas-extremas-y-precipitaciones-2025x09x05-a.pdf
2025-09-05,032,BOCA DE MAO (EMA),VALVERDE,MINISTERIO DE AGRICULTURA,EMAP,37.9,24.7,0.0,https://indomet.gob.do/wp-content/uploads/2025/09/temperaturas-extremas-y-precipitaciones-2025x09x05-a.pdf
2025-09-05,033,CENTRO DE LOS HEROES (EMA),DISTRITO NACIONAL,MINISTERIO DE ENERGIA Y MINA,EMAP,32.8,27.9,0.0,https://indomet.gob.do/wp-content/uploads/2025/09/temperaturas-extremas-y-precipitaciones-2025x09x05-a.pdf
2025-09-05,034,CONSTANZA,LA VEGA,MINISTERIO DE AGRICULTURA,EMCI,29.0,13.6,0.0,https://indomet.gob.do/wp-content/uploads/2025/09/temperaturas-extremas-y-precipitaciones-2025x09x05-a.pdf
2025-09-05,035,CONSTANZA (EMA),LA VEGA,PROGRAMA MUNDIAL DE ALIMENTO,EMAP,27.6,16.1,0.0,https://indomet.gob.do/wp-content/uploads/2025/09/temperaturas-extremas-y-precipitaciones-2025x09x05-a.pdf
2025-09-05,036,DAJABÓN,DAJABÓN,INSTITUTO POLITÉCNICO LOYOLA,EMCI,35.2,20.0,0.0,https://indomet.gob.do/wp-content/uploads/2025/09/temperaturas-extremas-y-precipitaciones-2025x09x05-a.pdf
2025-09-05,037,EL FACTOR (EMA),MARÍA TRINIDAD SÁNCHEZ,INTEC,EMAP,33.7,24.5,0.0,https://indomet.gob.do/wp-content/uploads/2025/09/temperaturas-extremas-y-precipitaciones-2025x09x05-a.pdf
2025-09-05,038,ENRIQUILLO,BARAHONA,MINISTERIO DE AGRICULTURA,EMCV,34.5,25.0,0.0,https://indomet.gob.do/wp-content/uploads/2025/09/temperaturas-extremas-y-precipitaciones-2025x09x05-a.pdf
2025-09-05,039,ESCONDIDO,PERAVIA,MINISTERIO DE AGRICULTURA,EMCV,34.0,26.0,0.0,https://indomet.gob.do/wp-content/uploads/2025/09/temperaturas-extremas-y-precipitaciones-2025x09x05-a.pdf
2025-09-05,040,GASPAR HERNÁNDEZ,ESPAILLAT,PROPIEDAD DEL EMPLEADO,EMCI,,,0.0,https://indomet.gob.do/wp-content/uploads/2025/09/temperaturas-extremas-y-precipitaciones-2025x09x05-a.pdf
2025-09-05,041,GURABO,SANTIAGO,MINISTERIO DE AGRICULTURA,EMCV,,,0.0,https://indomet.gob.do/wp-content/uploads/2025/09/temperaturas-extremas-y-precipitaciones-2025x09x05-a.pdf
2025-09-05,042,HIGÜEY,LA ALTAGRACIA,MINISTERIO DE AGRICULTURA,EMCV,,,0.0,https://indomet.gob.do/wp-content/uploads/2025/09/temperaturas-extremas-y-precipitaciones-2025x09x05-a.pdf
2025-09-05,043,JUMA BEJUCAL,MONSEÑOR NOUEL,IDIAF,EMCV,32.0,24.2,0.0,https://indomet.gob.do/wp-content/uploads/2025/09/temperaturas-extremas-y-precipitaciones-2025x09x05-a.pdf
2025-09-05,044,LA VEGA,LA VEGA,IATESA,EMCI,36.5,23.5,0.0,https://indomet.gob.do/wp-content/uploads/2025/09/temperaturas-extremas-y-precipitaciones-2025x09x05-a.pdf
2025-09-05,045,LA VICTORIA,SANTO DOMINGO,CUERPO DE BOMBEROS,EMCI,33.7,24.2,0.0,https://indomet.gob.do/wp-content/uploads/2025/09/temperaturas-extremas-y-precipitaciones-2025x09x05-a.pdf
2025-09-05,046,LAS CANAS (EMA),MONTE CRISTI,PROGRAMA MUNDIAL DE ALIMENTO,EMAP,32.0,25.4,0.0,https://indomet.gob.do/wp-content/uploads/2025/09/temperaturas-extremas-y-precipitaciones-2025x09x05-a.pdf
2025-09-05,047,LOS LLANOS,SAN PEDRO DE MACORÍS,MINISTERIO DE AGRICULTURA,EMCI,35.3,24.0,0.0,https://indomet.gob.do/wp-content/uploads/2025/09/temperaturas-extremas-y-precipitaciones-2025x09x05-a.pdf
2025-09-05,048,LOS TRES CHARCOS (EMA),PEDERNALES,PROPIEDAD DEL VOLUNTARIO,EMAP,34.3,25.6,0.0,https://indomet.gob.do/wp-content/uploads/2025/09/temperaturas-extremas-y-precipitaciones-2025x09x05-a.pdf
2025-09-05,049,MAO,VALVERDE,INDRHI / MINISTERIO DE AGRICULTURA,EMCV,,,0.0,https://indomet.gob.do/wp-content/uploads/2025/09/temperaturas-extremas-y-precipitaciones-2025x09x05-a.pdf
2025-09-05,050,MONCIÓN (EMA),SANTIAGO RODRÍGUEZ,PROGRAMA MUNDIAL DE ALIMENTO,EMAP,34.3,22.1,0.0,https://indomet.gob.do/wp-content/uploads/2025/09/temperaturas-extremas-y-precipitaciones-2025x09x05-a.pdf
2025-09-05,051,MONTE CRISTI,MONTE CRISTI,ONAMET,EMCI,36.8,26.0,0.0,https://indomet.gob.do/wp-content/uploads/2025/09/temperaturas-extremas-y-precipitaciones-2025x09x05-a.pdf
2025-09-05,052,NAVARRETE,SANTIAGO,MINISTERIO DE AGRICULTURA,EMCV,,,0.0,https://indomet.gob.do/wp-content/uploads/2025/09/temperaturas-extremas-y-precipitaciones-2025x09x05-a.pdf
2025-09-05,053,OLIVARES,PEDERNALES,INDRHI,EMCI,,,0.0,https://indomet.gob.do/wp-content/uploads/2025/09/temperaturas-extremas-y-precipitaciones-2025x09x05-a.pdf
2025-09-05,054,OVIEDO,PEDERNALES,CLÍNICA RURAL OVIEDO,EMCI,35.0,26.4,0.0,https://indomet.gob.do/wp-content/uploads/2025/09/temperaturas-extremas-y-precipitaciones-2025x09x05-a.pdf
2025-09-05,055,PALO ÍNDIO,PUERTO PLATA,MINISTERIO DE AGRICULTURA,EMCI,,,0.0,https://indomet.gob.do/wp-content/uploads/2025/09/temperaturas-extremas-y-precipitaciones-2025x09x05-a.pdf
2025-09-05,056,PEDERNALES,PEDERNALES,INDRHI,EMCI,,,0.0,https://indomet.gob.do/wp-content/uploads/2025/09/temperaturas-extremas-y-precipitaciones-2025x09x05-a.pdf
2025-09-05,057,PERALTA,AZUA,HOSP. MPAL. DE PERALTA,EMCI,32.2,18.4,0.0,https://indomet.gob.do/wp-content/uploads/2025/09/temperaturas-extremas-y-precipitaciones-2025x09x05-a.pdf
2025-09-05,058,PESCADERIA (EMA),BARAHONA,MINISTERIO DE AGRICULTURA,EMAP,35.6,25.3,0.0,https://indomet.gob.do/wp-content/uploads/2025/09/temperaturas-extremas-y-precipitaciones-2025x09x05-a.pdf
2025-09-05,059,POLO,BARAHONA,INDOCAFE,EMCI,32.3,18.2,0.0,https://indomet.gob.do/wp-content/uploads/2025/09/temperaturas-extremas-y-precipitaciones-2025x09x05-a.pdf
2025-09-05,060,PONTÓN ABAJO (EMA),LA VEGA,MINISTERIO DE AGRICULTURA,EMAP,38.2,24.6,0.0,https://indomet.gob.do/wp-content/uploads/2025/09/temperaturas-extremas-y-precipitaciones-2025x09x05-a.pdf
2025-09-05,061,PRESA DE TAVERAS (EMA),LA VEGA,PROGRAMA MUNDIAL DE ALIMENTO,EMAP,34.7,22.9,0.0,https://indomet.gob.do/wp-content/uploads/2025/09/temperaturas-extremas-y-precipitaciones-2025x09x05-a.pdf
2025-09-05,062,RESTAURACIÓN,DAJABÓN,MINISTERIO DE AGRICULTURA,EMCI,31.6,17.4,0.0,https://indomet.gob.do/wp-content/uploads/2025/09/temperaturas-extremas-y-precipitaciones-2025x09x05-a.pdf
2025-09-05,063,SABANA DE LA MAR,HATO MAYOR,ONAMET,EMCI,32.5,23.5,0.0,https://indomet.gob.do/wp-content/uploads/2025/09/temperaturas-extremas-y-precipitaciones-2025x09x05-a.pdf
2025-09-05,064,SABANA GRANDE DE BOYÁ,MONTE PLATA,MINISTERIO DE AGRICULTURA,EMCV,,,0.0,https://indomet.gob.do/wp-content/uploads/2025/09/temperaturas-extremas-y-precipitaciones-2025x09x05-a.pdf
2025-09-05,065,SABANETA (EMA),SANTIAGO RODRÍGUEZ,PROGRAMA MUNDIAL DE ALIMENTO,EMAP,37.3,24.3,0.0,https://indomet.gob.do/wp-content/uploads/2025/09/temperaturas-extremas-y-precipitaciones-2025x09x05-a.pdf
2025-09-05,066,SALCEDO,HERMANAS MIRABAL,PROPIEDAD DEL EMPLEADO,EMCI,,,0.0,https://indomet.gob.do/wp-content/uploads/2025/09/temperaturas-extremas-y-precipitaciones-2025x09x05-a.pdf
2025-09-05,067,SAN CRISTÓBAL,SAN CRISTÓBAL,INSTITUTO POLITÉCNICO LOYOLA,EMCI,34.0,22.0,0.0,https://indomet.gob.do/wp-content/uploads/2025/09/temperaturas-extremas-y-precipitaciones-2025x09x05-a.pdf
2025-09-05,068,SAN JOSÉ DE OCOA,SAN JOSÉ DE OCOA,HOSP. SAN JOSÉ DE OCOA,EMCI,33.6,21.5,0.0,https://indomet.gob.do/wp-content/uploads/2025/09/temperaturas-extremas-y-precipitaciones-2025x09x05-a.pdf
2025-09-05,069,SANTIAGO,SANTIAGO,HUACALITO,EMCI,34.0,23.0,0.0,https://indomet.gob.do/wp-content/uploads/2025/09/temperaturas-extremas-y-precipitaciones-2025x09x05-a.pdf
2025-09-05,070,SANTIAGO RODRÍGUEZ,SANTIAGO RODRÍGUEZ,ONAMET,EMCI,37.0,24.6,0.0,https://indomet.gob.do/wp-content/uploads/2025/09/temperaturas-extremas-y-precipitaciones-2025x09x05-a.pdf
2025-09-05,071,SANTO DOMINGO ESTE,SANTO DOMINGO,ONAMET,EMCI,33.8,26.1,0.0,https://indomet.gob.do/wp-content/uploads/2025/09/temperaturas-extremas-y-precipitaciones-2025x09x05-a.pdf
2025-09-05,072,TÁBARA ABAJO,AZUA,INDRHI,EMCI,34.9,24.5,0.0,https://indomet.gob.do/wp-content/uploads/2025/09/temperaturas-extremas-y-precipitaciones-2025x09x05-a.pdf
2025-09-05,073,VALLE NUEVO (EMA),LA VEGA,MARENA,EMAI,21.8,6.8,0.0,https://indomet.gob.do/wp-content/uploads/2025/09/temperaturas-extremas-y-precipitaciones-2025x09x05-a.pdf
2025-09-05,074,VILLA GONZALES,SANTIAGO,MINISTERIO DE AGRICULTURA,EMCI,,,0.0,https://indomet.gob.do/wp-content/uploads/2025/09/temperaturas-extremas-y-precipitaciones-2025x09x05-a.pdf
2025-09-05,075,VILLA ISABELA,PUERTO PLATA,MINISTERIO DE AGRICULTURA,EMCV,,,0.0,https://indomet.gob.do/wp-content/uploads/2025/09/temperaturas-extremas-y-precipitaciones-2025x09x05-a.pdf
2025-09-05,076,VILLA RIVA,DUARTE,HOSP. MPAL. ALICIA DE LEGENDRE,EMCI,33.4,23.0,0.0,https://indomet.gob.do/wp-content/uploads/2025/09/temperaturas-extremas-y-precipitaciones-2025x09x05-a.pdf
2025-09-06,001,MONCIÓN (EMA),SANTIAGO RODRÍGUEZ,PROGRAMA MUNDIAL DE ALIMENTO,EMAP,32.1,20.7,43.4,https://indomet.gob.do/wp-content/uploads/2025/09/temperaturas-extremas-y-precipitaciones-2025x09x06-a.pdf
2025-09-06,002,SABANA DE LA MAR,HATO MAYOR,ONAMET,EMCI,32.5,22.5,36.5,https://indomet.gob.do/wp-content/uploads/2025/09/temperaturas-extremas-y-precipitaciones-2025x09x06-a.pdf
2025-09-06,003,SAN JOSÉ DE OCOA,SAN JOSÉ DE OCOA,HOSP. SAN JOSÉ DE OCOA,EMCI,31.3,18.1,31.4,https://indomet.gob.do/wp-content/uploads/2025/09/temperaturas-extremas-y-precipitaciones-2025x09x06-a.pdf
2025-09-06,004,RESTAURACIÓN,DAJABÓN,MINISTERIO DE AGRICULTURA,EMCI,32.0,17.8,27.9,https://indomet.gob.do/wp-content/uploads/2025/09/temperaturas-extremas-y-precipitaciones-2025x09x06-a.pdf
2025-09-06,005,PERALTA,AZUA,HOSP. MPAL. DE PERALTA,EMCI,31.8,17.5,27.2,https://indomet.gob.do/wp-content/uploads/2025/09/temperaturas-extremas-y-precipitaciones-2025x09x06-a.pdf
2025-09-06,006,VILLA ISABELA,PUERTO PLATA,MINISTERIO DE AGRICULTURA,EMCV,,,22.1,https://indomet.gob.do/wp-content/uploads/2025/09/temperaturas-extremas-y-precipitaciones-2025x09x06-a.pdf
2025-09-06,007,HATO MAYOR,HATO MAYOR,MINISTERIO DE AGRICULTURA,EMCV,,,18.8,https://indomet.gob.do/wp-content/uploads/2025/09/temperaturas-extremas-y-precipitaciones-2025x09x06-a.pdf
2025-09-06,008,BAYAGUANA,MONTE PLATA,ONAMET,EMCI,33.6,23.0,13.3,https://indomet.gob.do/wp-content/uploads/2025/09/temperaturas-extremas-y-precipitaciones-2025x09x06-a.pdf
2025-09-06,009,LUPERÓN,PUERTO PLATA,MINISTERIO DE AGRICULTURA,EMCV,,,11.9,https://indomet.gob.do/wp-content/uploads/2025/09/temperaturas-extremas-y-precipitaciones-2025x09x06-a.pdf
2025-09-06,010,DAJABÓN,DAJABÓN,INSTITUTO POLITÉCNICO LOYOLA,EMCI,34.6,19.8,11.5,https://indomet.gob.do/wp-content/uploads/2025/09/temperaturas-extremas-y-precipitaciones-2025x09x06-a.pdf
2025-09-06,011,ALTAMIRA,PUERTO PLATA,HOSP. MPAL. DE ALTAMIRA,EMCI,34.5,22.0,8.5,https://indomet.gob.do/wp-content/uploads/2025/09/temperaturas-extremas-y-precipitaciones-2025x09x06-a.pdf
2025-09-06,012,VILLA RIVA,DUARTE,HOSP. MPAL. ALICIA DE LEGENDRE,EMCI,33.0,22.2,8.3,https://indomet.gob.do/wp-content/uploads/2025/09/temperaturas-extremas-y-precipitaciones-2025x09x06-a.pdf
2025-09-06,013,ARPT. LA ISABELA,SANTO DOMINGO,ONAMET,EMCI,34.5,24.0,8.2,https://indomet.gob.do/wp-content/uploads/2025/09/temperaturas-extremas-y-precipitaciones-2025x09x06-a.pdf
2025-09-06,014,ELÍAS PIÑA,ELÍAS PIÑA,MINISTERIO DE AGRICULTURA,EMCV,,,8.0,https://indomet.gob.do/wp-content/uploads/2025/09/temperaturas-extremas-y-precipitaciones-2025x09x06-a.pdf
2025-09-06,015,SAMANÁ,SAMANÁ,COMANDANCIA DE PUERTO DE SAMANÁ,EMCI,33.4,21.4,7.4,https://indomet.gob.do/wp-content/uploads/2025/09/temperaturas-extremas-y-precipitaciones-2025x09x06-a.pdf
2025-09-06,016,SANTO DOMINGO ESTE,SANTO DOMINGO,ONAMET,EMCI,34.8,26.4,5.1,https://indomet.gob.do/wp-content/uploads/2025/09/temperaturas-extremas-y-precipitaciones-2025x09x06-a.pdf
2025-09-06,017,CONSTANZA,LA VEGA,MINISTERIO DE AGRICULTURA,EMCI,29.5,11.6,4.6,https://indomet.gob.do/wp-content/uploads/2025/09/temperaturas-extremas-y-precipitaciones-2025x09x06-a.pdf
2025-09-06,018,CONSTANZA (EMA),LA VEGA,PROGRAMA MUNDIAL DE ALIMENTO,EMAP,27.6,15.9,4.4,https://indomet.gob.do/wp-content/uploads/2025/09/temperaturas-extremas-y-precipitaciones-2025x09x06-a.pdf
2025-09-06,019,CENTRO DE LOS HEROES (EMA),DISTRITO NACIONAL,MINISTERIO DE ENERGIA Y MINA,EMAP,32.2,26.8,3.0,https://indomet.gob.do/wp-content/uploads/2025/09/temperaturas-extremas-y-precipitaciones-2025x09x06-a.pdf
2025-09-06,020,GASPAR HERNÁNDEZ,ESPAILLAT,PROPIEDAD DEL EMPLEADO,EMCI,,,2.4,https://indomet.gob.do/wp-content/uploads/2025/09/temperaturas-extremas-y-precipitaciones-2025x09x06-a.pdf
2025-09-06,021,HONDO VALLE,ELÍAS PIÑA,MINISTERIO DE AGRICULTURA,EMCI,28.2,18.4,1.6,https://indomet.gob.do/wp-content/uploads/2025/09/temperaturas-extremas-y-precipitaciones-2025x09x06-a.pdf
2025-09-06,022,ARPT. ARROYO BARRIL,SAMANÁ,ONAMET,EMCI,33.6,25.4,1.0,https://indomet.gob.do/wp-content/uploads/2025/09/temperaturas-extremas-y-precipitaciones-2025x09x06-a.pdf
2025-09-06,023,EL FACTOR (EMA),MARÍA TRINIDAD SÁNCHEZ,INTEC,EMAP,34.4,23.4,1.0,https://indomet.gob.do/wp-content/uploads/2025/09/temperaturas-extremas-y-precipitaciones-2025x09x06-a.pdf
2025-09-06,024,JIMANÍ,INDEPENDENCIA,MINISTERIO DE AGRICULTURA,EMCI,36.2,24.8,0.9,https://indomet.gob.do/wp-content/uploads/2025/09/temperaturas-extremas-y-precipitaciones-2025x09x06-a.pdf
2025-09-06,025,SABANETA (EMA),SANTIAGO RODRÍGUEZ,PROGRAMA MUNDIAL DE ALIMENTO,EMAP,37.1,22.9,0.8,https://indomet.gob.do/wp-content/uploads/2025/09/temperaturas-extremas-y-precipitaciones-2025x09x06-a.pdf
2025-09-06,026,ARPT. MARÍA MONTEZ,BARAHONA,ONAMET,EMCI,33.2,24.8,0.2,https://indomet.gob.do/wp-content/uploads/2025/09/temperaturas-extremas-y-precipitaciones-2025x09x06-a.pdf
2025-09-06,027,LOS TRES CHARCOS (EMA),PEDERNALES,PROPIEDAD DEL VOLUNTARIO,EMAP,33.9,23.1,0.2,https://indomet.gob.do/wp-content/uploads/2025/09/temperaturas-extremas-y-precipitaciones-2025x09x06-a.pdf
2025-09-06,028,PADRE LAS CASAS,AZUA,HOSP. NTRA. SRA. DEL CARMEN,EMCI,31.3,19.5,0.2,https://indomet.gob.do/wp-content/uploads/2025/09/temperaturas-extremas-y-precipitaciones-2025x09x06-a.pdf
2025-09-06,029,ARROYO LORO,SAN JUAN,IDIAF,EMCI,33.0,19.9,0.1,https://indomet.gob.do/wp-content/uploads/2025/09/temperaturas-extremas-y-precipitaciones-2025x09x06-a.pdf
2025-09-06,030,SANTIAGO RODRÍGUEZ,SANTIAGO RODRÍGUEZ,ONAMET,EMCI,37.2,24.0,0.1,https://indomet.gob.do/wp-content/uploads/2025/09/temperaturas-extremas-y-precipitaciones-2025x09x06-a.pdf
2025-09-06,031,ALTO BANDERA (EMA),LA VEGA,INTEC,EMAP,18.7,8.8,0.0,https://indomet.gob.do/wp-content/uploads/2025/09/temperaturas-extremas-y-precipitaciones-2025x09x06-a.pdf
2025-09-06,032,ANAMUYA (EMA),LA ALTAGRACIA,MINISTERIO DE AGRICULTURA,EMAP,34.5,23.9,0.0,https://indomet.gob.do/wp-content/uploads/2025/09/temperaturas-extremas-y-precipitaciones-2025x09x06-a.pdf
2025-09-06,033,ARPT. DE LA ROMANA,LA ROMANA,ONAMET,EMCI,34.4,23.5,0.0,https://indomet.gob.do/wp-content/uploads/2025/09/temperaturas-extremas-y-precipitaciones-2025x09x06-a.pdf
2025-09-06,034,ARPT. DE LAS AMÉRICAS,SANTO DOMINGO,ONAMET,EMCI,33.8,24.2,0.0,https://indomet.gob.do/wp-content/uploads/2025/09/temperaturas-extremas-y-precipitaciones-2025x09x06-a.pdf
2025-09-06,035,ARPT. DE PUNTA CANA,LA ALTAGRACIA,ONAMET,EMCI,33.3,26.2,0.0,https://indomet.gob.do/wp-content/uploads/2025/09/temperaturas-extremas-y-precipitaciones-2025x09x06-a.pdf
2025-09-06,036,ARPT. DEL CIBAO,SANTIAGO,ONAMET,EMCI,36.0,23.1,0.0,https://indomet.gob.do/wp-content/uploads/2025/09/temperaturas-extremas-y-precipitaciones-2025x09x06-a.pdf
2025-09-06,037,ARPT. EL CATEY,SAMANÁ,ONAMET,EMCI,32.0,23.2,0.0,https://indomet.gob.do/wp-content/uploads/2025/09/temperaturas-extremas-y-precipitaciones-2025x09x06-a.pdf
2025-09-06,038,ARPT. GREGORIO LUPERÓN,PUERTO PLATA,ONAMET,EMCI,34.6,25.0,0.0,https://indomet.gob.do/wp-content/uploads/2025/09/temperaturas-extremas-y-precipitaciones-2025x09x06-a.pdf
2025-09-06,039,BANI (EMA),PERAVIA,MINISTERIO DE AGRICULTURA,EMAP,33.0,25.9,0.0,https://indomet.gob.do/wp-content/uploads/2025/09/temperaturas-extremas-y-precipitaciones-2025x09x06-a.pdf
2025-09-06,040,BASE AÉREA DE SAN ISIDRO,SANTO DOMINGO,FUERZA AÉREA DOMINICANA,EMCV,31.1,24.2,0.0,https://indomet.gob.do/wp-content/uploads/2025/09/temperaturas-extremas-y-precipitaciones-2025x09x06-a.pdf
2025-09-06,041,BOCA DE MAO (EMA),VALVERDE,MINISTERIO DE AGRICULTURA,EMAP,37.8,22.8,0.0,https://indomet.gob.do/wp-content/uploads/2025/09/temperaturas-extremas-y-precipitaciones-2025x09x06-a.pdf
2025-09-06,042,CABRAL,BARAHONA,MINISTERIO DE AGRICULTURA,EMCV,35.2,24.8,0.0,https://indomet.gob.do/wp-content/uploads/2025/09/temperaturas-extremas-y-precipitaciones-2025x09x06-a.pdf
2025-09-06,043,CABRERA,MARÍA TRINIDAD SÁNCHEZ,ESCUELA ARÍSTIDES FIALLO CABRAL,EMCI,34.4,25.0,0.0,https://indomet.gob.do/wp-content/uploads/2025/09/temperaturas-extremas-y-precipitaciones-2025x09x06-a.pdf
2025-09-06,044,ENRIQUILLO,BARAHONA,MINISTERIO DE AGRICULTURA,EMCV,34.5,24.8,0.0,https://indomet.gob.do/wp-content/uploads/2025/09/temperaturas-extremas-y-precipitaciones-2025x09x06-a.pdf
2025-09-06,045,ESCONDIDO,PERAVIA,MINISTERIO DE AGRICULTURA,EMCV,33.0,27.0,0.0,https://indomet.gob.do/wp-content/uploads/2025/09/temperaturas-extremas-y-precipitaciones-2025x09x06-a.pdf
2025-09-06,046,GURABO,SANTIAGO,MINISTERIO DE AGRICULTURA,EMCV,,,0.0,https://indomet.gob.do/wp-content/uploads/2025/09/temperaturas-extremas-y-precipitaciones-2025x09x06-a.pdf
2025-09-06,047,HIGÜEY,LA ALTAGRACIA,MINISTERIO DE AGRICULTURA,EMCV,,,0.0,https://indomet.gob.do/wp-content/uploads/2025/09/temperaturas-extremas-y-precipitaciones-2025x09x06-a.pdf
2025-09-06,048,JARABACOA,LA VEGA,INDRHI / MARENA,EMCI,33.6,18.2,0.0,https://indomet.gob.do/wp-content/uploads/2025/09/temperaturas-extremas-y-precipitaciones-2025x09x06-a.pdf
2025-09-06,049,JARABACOA (EMA),LA VEGA,PROGRAMA MUNDIAL DE ALIMENTO,EMAP,33.2,19.8,0.0,https://indomet.gob.do/wp-content/uploads/2025/09/temperaturas-extremas-y-precipitaciones-2025x09x06-a.pdf
2025-09-06,050,JUMA BEJUCAL,MONSEÑOR NOUEL,IDIAF,EMCV,33.2,24.6,0.0,https://indomet.gob.do/wp-content/uploads/2025/09/temperaturas-extremas-y-precipitaciones-2025x09x06-a.pdf
2025-09-06,051,LA VEGA,LA VEGA,IATESA,EMCI,37.0,22.5,0.0,https://indomet.gob.do/wp-content/uploads/2025/09/temperaturas-extremas-y-precipitaciones-2025x09x06-a.pdf
2025-09-06,052,LA VICTORIA,SANTO DOMINGO,CUERPO DE BOMBEROS,EMCI,35.2,24.0,0.0,https://indomet.gob.do/wp-content/uploads/2025/09/temperaturas-extremas-y-precipitaciones-2025x09x06-a.pdf
2025-09-06,053,LAS CANAS (EMA),MONTE CRISTI,PROGRAMA MUNDIAL DE ALIMENTO,EMAP,33.1,23.8,0.0,https://indomet.gob.do/wp-content/uploads/2025/09/temperaturas-extremas-y-precipitaciones-2025x09x06-a.pdf
2025-09-06,054,LAS MATAS DE SANTA CRUZ (EMA,MONTE CRISTI,PROGRAMA MUNDIAL DE ALIMENTO,EMAP,25.7,22.8,0.0,https://indomet.gob.do/wp-content/uploads/2025/09/temperaturas-extremas-y-precipitaciones-2025x09x06-a.pdf
2025-09-06,055,LOS LLANOS,SAN PEDRO DE MACORÍS,MINISTERIO DE AGRICULTURA,EMCI,34.2,23.3,0.0,https://indomet.gob.do/wp-content/uploads/2025/09/temperaturas-extremas-y-precipitaciones-2025x09x06-a.pdf
2025-09-06,056,MONTE CRISTI,MONTE CRISTI,ONAMET,EMCI,34.7,25.4,0.0,https://indomet.gob.do/wp-content/uploads/2025/09/temperaturas-extremas-y-precipitaciones-2025x09x06-a.pdf
2025-09-06,057,NAVARRETE,SANTIAGO,MINISTERIO DE AGRICULTURA,EMCV,,,0.0,https://indomet.gob.do/wp-content/uploads/2025/09/temperaturas-extremas-y-precipitaciones-2025x09x06-a.pdf
2025-09-06,058,OLIVARES,PEDERNALES,INDRHI,EMCI,,,0.0,https://indomet.gob.do/wp-content/uploads/2025/09/temperaturas-extremas-y-precipitaciones-2025x09x06-a.pdf
2025-09-06,059,OVIEDO,PEDERNALES,CLÍNICA RURAL OVIEDO,EMCI,36.0,26.3,0.0,https://indomet.gob.do/wp-content/uploads/2025/09/temperaturas-extremas-y-precipitaciones-2025x09x06-a.pdf
2025-09-06,060,PALO ÍNDIO,PUERTO PLATA,MINISTERIO DE AGRICULTURA,EMCI,,,0.0,https://indomet.gob.do/wp-content/uploads/2025/09/temperaturas-extremas-y-precipitaciones-2025x09x06-a.pdf
2025-09-06,061,PEDERNALES,PEDERNALES,INDRHI,EMCI,,,0.0,https://indomet.gob.do/wp-content/uploads/2025/09/temperaturas-extremas-y-precipitaciones-2025x09x06-a.pdf
2025-09-06,062,PESCADERIA (EMA),BARAHONA,MINISTERIO DE AGRICULTURA,EMAP,33.8,24.5,0.0,https://indomet.gob.do/wp-content/uploads/2025/09/temperaturas-extremas-y-precipitaciones-2025x09x06-a.pdf
2025-09-06,063,POLO,BARAHONA,INDOCAFE,EMCI,31.5,18.2,0.0,https://indomet.gob.do/wp-content/uploads/2025/09/temperaturas-extremas-y-precipitaciones-2025x09x06-a.pdf
2025-09-06,064,PONTÓN ABAJO (EMA),LA VEGA,MINISTERIO DE AGRICULTURA,EMAP,37.4,23.3,0.0,https://indomet.gob.do/wp-content/uploads/2025/09/temperaturas-extremas-y-precipitaciones-2025x09x06-a.pdf
2025-09-06,065,PRESA DE TAVERAS (EMA),LA VEGA,PROGRAMA MUNDIAL DE ALIMENTO,EMAP,33.5,21.4,0.0,https://indomet.gob.do/wp-content/uploads/2025/09/temperaturas-extremas-y-precipitaciones-2025x09x06-a.pdf
2025-09-06,066,RANCHO ARRIBA,SAN JOSÉ DE OCOA,CENTRO TECNOLÓGICO COMUNITARIO,EMCI,30.4,17.8,0.0,https://indomet.gob.do/wp-content/uploads/2025/09/temperaturas-extremas-y-precipitaciones-2025x09x06-a.pdf
2025-09-06,067,RÍO SAN JUAN,MARÍA TRINIDAD SÁNCHEZ,HOSP. MPAL. DR. DESIDERIO ACOSTA,EMCV,34.6,24.8,0.0,https://indomet.gob.do/wp-content/uploads/2025/09/temperaturas-extremas-y-precipitaciones-2025x09x06-a.pdf
2025-09-06,068,SALCEDO,HERMANAS MIRABAL,PROPIEDAD DEL EMPLEADO,EMCI,,,0.0,https://indomet.gob.do/wp-content/uploads/2025/09/temperaturas-extremas-y-precipitaciones-2025x09x06-a.pdf
2025-09-06,069,SAN CRISTÓBAL,SAN CRISTÓBAL,INSTITUTO POLITÉCNICO LOYOLA,EMCI,33.0,21.2,0.0,https://indomet.gob.do/wp-content/uploads/2025/09/temperaturas-extremas-y-precipitaciones-2025x09x06-a.pdf
2025-09-06,070,SAN RAFAEL DEL YUMA,LA ALTAGRACIA,MINISTERIO DE AGRICULTURA,EMCI,34.6,23.3,0.0,https://indomet.gob.do/wp-content/uploads/2025/09/temperaturas-extremas-y-precipitaciones-2025x09x06-a.pdf
2025-09-06,071,SÁNCHEZ,SAMANÁ,MINISTERIO DE AGRICULTURA,EMCI,34.2,22.4,0.0,https://indomet.gob.do/wp-content/uploads/2025/09/temperaturas-extremas-y-precipitaciones-2025x09x06-a.pdf
2025-09-06,072,SANTIAGO,SANTIAGO,HUACALITO,EMCI,,,0.0,https://indomet.gob.do/wp-content/uploads/2025/09/temperaturas-extremas-y-precipitaciones-2025x09x06-a.pdf
2025-09-06,073,TÁBARA ABAJO,AZUA,INDRHI,EMCI,34.9,24.3,0.0,https://indomet.gob.do/wp-content/uploads/2025/09/temperaturas-extremas-y-precipitaciones-2025x09x06-a.pdf
2025-09-06,074,TAMBORIL,SANTIAGO,MINISTERIO DE AGRICULTURA,EMCV,,,0.0,https://indomet.gob.do/wp-content/uploads/2025/09/temperaturas-extremas-y-precipitaciones-2025x09x06-a.pdf
2025-09-06,075,VALLE NUEVO (EMA),LA VEGA,MARENA,EMAI,21.0,7.7,0.0,https://indomet.gob.do/wp-content/uploads/2025/09/temperaturas-extremas-y-precipitaciones-2025x09x06-a.pdf
2025-09-06,076,VILLA ALTAGRACIA,SAN CRISTÓBAL,ESCUELA JAVIER ANGULO GURIDI,EMCI,,,0.0,https://indomet.gob.do/wp-content/uploads/2025/09/temperaturas-extremas-y-precipitaciones-2025x09x06-a.pdf
2025-09-06,077,VILLA GONZALES,SANTIAGO,MINISTERIO DE AGRICULTURA,EMCI,,,0.0,https://indomet.gob.do/wp-content/uploads/2025/09/temperaturas-extremas-y-precipitaciones-2025x09x06-a.pdf
2025-09-07,001,LUPERÓN,PUERTO PLATA,MINISTERIO DE AGRICULTURA,EMCV,,,84.1,https://indomet.gob.do/wp-content/uploads/2025/09/temperaturas-extremas-y-precipitaciones-2025x09x07-a.pdf
2025-09-07,002,ARROYO LORO,SAN JUAN,IDIAF,EMCI,35.0,18.5,37.1,https://indomet.gob.do/wp-content/uploads/2025/09/temperaturas-extremas-y-precipitaciones-2025x09x07-a.pdf
2025-09-07,003,OLIVARES,PEDERNALES,INDRHI,EMCI,,,37.0,https://indomet.gob.do/wp-content/uploads/2025/09/temperaturas-extremas-y-precipitaciones-2025x09x07-a.pdf
2025-09-07,004,RESTAURACIÓN,DAJABÓN,MINISTERIO DE AGRICULTURA,EMCI,30.6,16.2,33.9,https://indomet.gob.do/wp-content/uploads/2025/09/temperaturas-extremas-y-precipitaciones-2025x09x07-a.pdf
2025-09-07,005,LOS LLANOS,SAN PEDRO DE MACORÍS,MINISTERIO DE AGRICULTURA,EMCI,35.2,23.4,28.2,https://indomet.gob.do/wp-content/uploads/2025/09/temperaturas-extremas-y-precipitaciones-2025x09x07-a.pdf
2025-09-07,006,PADRE LAS CASAS,AZUA,HOSP. NTRA. SRA. DEL CARMEN,EMCI,32.6,19.0,26.0,https://indomet.gob.do/wp-content/uploads/2025/09/temperaturas-extremas-y-precipitaciones-2025x09x07-a.pdf
2025-09-07,007,GURABO,SANTIAGO,MINISTERIO DE AGRICULTURA,EMCV,,,24.1,https://indomet.gob.do/wp-content/uploads/2025/09/temperaturas-extremas-y-precipitaciones-2025x09x07-a.pdf
2025-09-07,008,HATO MAYOR,HATO MAYOR,MINISTERIO DE AGRICULTURA,EMCV,,,21.8,https://indomet.gob.do/wp-content/uploads/2025/09/temperaturas-extremas-y-precipitaciones-2025x09x07-a.pdf
2025-09-07,009,VILLA ISABELA,PUERTO PLATA,MINISTERIO DE AGRICULTURA,EMCV,,,16.0,https://indomet.gob.do/wp-content/uploads/2025/09/temperaturas-extremas-y-precipitaciones-2025x09x07-a.pdf
2025-09-07,010,PEDERNALES,PEDERNALES,INDRHI,EMCI,,,15.7,https://indomet.gob.do/wp-content/uploads/2025/09/temperaturas-extremas-y-precipitaciones-2025x09x07-a.pdf
2025-09-07,011,DAJABÓN,DAJABÓN,INSTITUTO POLITÉCNICO LOYOLA,EMCI,34.3,19.5,14.7,https://indomet.gob.do/wp-content/uploads/2025/09/temperaturas-extremas-y-precipitaciones-2025x09x07-a.pdf
2025-09-07,012,TAMBORIL,SANTIAGO,MINISTERIO DE AGRICULTURA,EMCV,,,12.7,https://indomet.gob.do/wp-content/uploads/2025/09/temperaturas-extremas-y-precipitaciones-2025x09x07-a.pdf
2025-09-07,013,PALO ÍNDIO,PUERTO PLATA,MINISTERIO DE AGRICULTURA,EMCI,,,11.9,https://indomet.gob.do/wp-content/uploads/2025/09/temperaturas-extremas-y-precipitaciones-2025x09x07-a.pdf
2025-09-07,014,ALTAMIRA,PUERTO PLATA,HOSP. MPAL. DE ALTAMIRA,EMCI,34.4,21.5,11.7,https://indomet.gob.do/wp-content/uploads/2025/09/temperaturas-extremas-y-precipitaciones-2025x09x07-a.pdf
2025-09-07,015,HONDO VALLE,ELÍAS PIÑA,MINISTERIO DE AGRICULTURA,EMCI,28.0,18.1,9.3,https://indomet.gob.do/wp-content/uploads/2025/09/temperaturas-extremas-y-precipitaciones-2025x09x07-a.pdf
2025-09-07,016,ARPT. EL CATEY,SAMANÁ,ONAMET,EMCI,31.0,22.6,8.4,https://indomet.gob.do/wp-content/uploads/2025/09/temperaturas-extremas-y-precipitaciones-2025x09x07-a.pdf
2025-09-07,017,VILLA GONZALES,SANTIAGO,MINISTERIO DE AGRICULTURA,EMCI,,,7.4,https://indomet.gob.do/wp-content/uploads/2025/09/temperaturas-extremas-y-precipitaciones-2025x09x07-a.pdf
2025-09-07,018,SANTIAGO RODRÍGUEZ,SANTIAGO RODRÍGUEZ,ONAMET,EMCI,37.5,22.3,7.2,https://indomet.gob.do/wp-content/uploads/2025/09/temperaturas-extremas-y-precipitaciones-2025x09x07-a.pdf
2025-09-07,019,SABANETA (EMA),SANTIAGO RODRÍGUEZ,PROGRAMA MUNDIAL DE ALIMENTO,EMAP,37.4,21.8,7.0,https://indomet.gob.do/wp-content/uploads/2025/09/temperaturas-extremas-y-precipitaciones-2025x09x07-a.pdf
2025-09-07,020,SANTIAGO,SANTIAGO,HUACALITO,EMCI,33.0,23.0,5.8,https://indomet.gob.do/wp-content/uploads/2025/09/temperaturas-extremas-y-precipitaciones-2025x09x07-a.pdf
2025-09-07,021,ARPT. DEL CIBAO,SANTIAGO,ONAMET,EMCI,36.8,22.0,3.8,https://indomet.gob.do/wp-content/uploads/2025/09/temperaturas-extremas-y-precipitaciones-2025x09x07-a.pdf
2025-09-07,022,MONTE CRISTI,MONTE CRISTI,ONAMET,EMCI,35.4,22.5,3.6,https://indomet.gob.do/wp-content/uploads/2025/09/temperaturas-extremas-y-precipitaciones-2025x09x07-a.pdf
2025-09-07,023,ARPT. DE LA ROMANA,LA ROMANA,ONAMET,EMCI,33.0,22.5,3.5,https://indomet.gob.do/wp-content/uploads/2025/09/temperaturas-extremas-y-precipitaciones-2025x09x07-a.pdf
2025-09-07,024,LA VICTORIA,SANTO DOMINGO,CUERPO DE BOMBEROS,EMCI,35.0,23.5,3.3,https://indomet.gob.do/wp-content/uploads/2025/09/temperaturas-extremas-y-precipitaciones-2025x09x07-a.pdf
2025-09-07,025,SAN RAFAEL DEL YUMA,LA ALTAGRACIA,MINISTERIO DE AGRICULTURA,EMCI,34.8,22.9,3.0,https://indomet.gob.do/wp-content/uploads/2025/09/temperaturas-extremas-y-precipitaciones-2025x09x07-a.pdf
2025-09-07,026,NAVARRETE,SANTIAGO,MINISTERIO DE AGRICULTURA,EMCV,,,2.5,https://indomet.gob.do/wp-content/uploads/2025/09/temperaturas-extremas-y-precipitaciones-2025x09x07-a.pdf
2025-09-07,027,PASO AL MEDIO,SAN PEDRO DE MACORÍS,INDRHI,EMCI,,,2.5,https://indomet.gob.do/wp-content/uploads/2025/09/temperaturas-extremas-y-precipitaciones-2025x09x07-a.pdf
2025-09-07,028,JARDÍN BOTÁNICO NACIONAL,DISTRITO NACIONAL,JARDÍN BOTÁNICO NACIONAL,EMCV,33.1,22.5,2.2,https://indomet.gob.do/wp-content/uploads/2025/09/temperaturas-extremas-y-precipitaciones-2025x09x07-a.pdf
2025-09-07,029,JUMA BEJUCAL,MONSEÑOR NOUEL,IDIAF,EMCV,35.0,24.2,2.2,https://indomet.gob.do/wp-content/uploads/2025/09/temperaturas-extremas-y-precipitaciones-2025x09x07-a.pdf
2025-09-07,030,ARPT. ARROYO BARRIL,SAMANÁ,ONAMET,EMCI,32.6,24.0,2.0,https://indomet.gob.do/wp-content/uploads/2025/09/temperaturas-extremas-y-precipitaciones-2025x09x07-a.pdf
2025-09-07,031,EL FACTOR (EMA),MARÍA TRINIDAD SÁNCHEZ,INTEC,EMAP,33.9,23.8,2.0,https://indomet.gob.do/wp-content/uploads/2025/09/temperaturas-extremas-y-precipitaciones-2025x09x07-a.pdf
2025-09-07,032,MONCIÓN (EMA),SANTIAGO RODRÍGUEZ,PROGRAMA MUNDIAL DE ALIMENTO,EMAP,32.7,20.2,2.0,https://indomet.gob.do/wp-content/uploads/2025/09/temperaturas-extremas-y-precipitaciones-2025x09x07-a.pdf
2025-09-07,033,BOCA DE MAO (EMA),VALVERDE,MINISTERIO DE AGRICULTURA,EMAP,38.3,22.1,1.4,https://indomet.gob.do/wp-content/uploads/2025/09/temperaturas-extremas-y-precipitaciones-2025x09x07-a.pdf
2025-09-07,034,MAO,VALVERDE,INDRHI / MINISTERIO DE AGRICULTURA,EMCV,,,1.4,https://indomet.gob.do/wp-content/uploads/2025/09/temperaturas-extremas-y-precipitaciones-2025x09x07-a.pdf
2025-09-07,035,CONSTANZA (EMA),LA VEGA,PROGRAMA MUNDIAL DE ALIMENTO,EMAP,27.1,16.6,1.2,https://indomet.gob.do/wp-content/uploads/2025/09/temperaturas-extremas-y-precipitaciones-2025x09x07-a.pdf
2025-09-07,036,ELÍAS PIÑA,ELÍAS PIÑA,MINISTERIO DE AGRICULTURA,EMCV,,,1.1,https://indomet.gob.do/wp-content/uploads/2025/09/temperaturas-extremas-y-precipitaciones-2025x09x07-a.pdf
2025-09-07,037,BASE AÉREA DE SAN ISIDRO,SANTO DOMINGO,FUERZA AÉREA DOMINICANA,EMCV,33.1,23.2,1.1,https://indomet.gob.do/wp-content/uploads/2025/09/temperaturas-extremas-y-precipitaciones-2025x09x07-a.pdf
2025-09-07,038,ARPT. DE LAS AMÉRICAS,SANTO DOMINGO,ONAMET,EMCI,33.5,22.8,1.0,https://indomet.gob.do/wp-content/uploads/2025/09/temperaturas-extremas-y-precipitaciones-2025x09x07-a.pdf
2025-09-07,039,ARPT. LA ISABELA,SANTO DOMINGO,ONAMET,EMCI,35.0,23.0,1.0,https://indomet.gob.do/wp-content/uploads/2025/09/temperaturas-extremas-y-precipitaciones-2025x09x07-a.pdf
2025-09-07,040,ENRIQUILLO,BARAHONA,MINISTERIO DE AGRICULTURA,EMCV,34.5,23.5,1.0,https://indomet.gob.do/wp-content/uploads/2025/09/temperaturas-extremas-y-precipitaciones-2025x09x07-a.pdf
2025-09-07,041,PERALTA,AZUA,HOSP. MPAL. DE PERALTA,EMCI,31.0,18.7,1.0,https://indomet.gob.do/wp-content/uploads/2025/09/temperaturas-extremas-y-precipitaciones-2025x09x07-a.pdf
2025-09-07,042,ALTO BANDERA (EMA),LA VEGA,INTEC,EMAP,18.0,9.1,0.8,https://indomet.gob.do/wp-content/uploads/2025/09/temperaturas-extremas-y-precipitaciones-2025x09x07-a.pdf
2025-09-07,043,ANAMUYA (EMA),LA ALTAGRACIA,MINISTERIO DE AGRICULTURA,EMAP,33.3,23.9,0.6,https://indomet.gob.do/wp-content/uploads/2025/09/temperaturas-extremas-y-precipitaciones-2025x09x07-a.pdf
2025-09-07,044,OVIEDO,PEDERNALES,CLÍNICA RURAL OVIEDO,EMCI,35.0,23.0,0.5,https://indomet.gob.do/wp-content/uploads/2025/09/temperaturas-extremas-y-precipitaciones-2025x09x07-a.pdf
2025-09-07,045,ARPT. DE PUNTA CANA,LA ALTAGRACIA,ONAMET,EMCI,32.6,24.4,0.4,https://indomet.gob.do/wp-content/uploads/2025/09/temperaturas-extremas-y-precipitaciones-2025x09x07-a.pdf
2025-09-07,046,VALLE NUEVO (EMA),LA VEGA,MARENA,EMAI,22.2,9.1,0.4,https://indomet.gob.do/wp-content/uploads/2025/09/temperaturas-extremas-y-precipitaciones-2025x09x07-a.pdf
2025-09-07,047,SÁNCHEZ,SAMANÁ,MINISTERIO DE AGRICULTURA,EMCI,34.1,22.3,0.2,https://indomet.gob.do/wp-content/uploads/2025/09/temperaturas-extremas-y-precipitaciones-2025x09x07-a.pdf
2025-09-07,048,BAYAGUANA,MONTE PLATA,ONAMET,EMCI,34.4,22.4,0.1,https://indomet.gob.do/wp-content/uploads/2025/09/temperaturas-extremas-y-precipitaciones-2025x09x07-a.pdf
2025-09-07,049,LA VEGA,LA VEGA,IATESA,EMCI,36.5,22.9,0.1,https://indomet.gob.do/wp-content/uploads/2025/09/temperaturas-extremas-y-precipitaciones-2025x09x07-a.pdf
2025-09-07,050,SALCEDO,HERMANAS MIRABAL,PROPIEDAD DEL EMPLEADO,EMCI,,,0.1,https://indomet.gob.do/wp-content/uploads/2025/09/temperaturas-extremas-y-precipitaciones-2025x09x07-a.pdf
2025-09-07,051,ARPT. GREGORIO LUPERÓN,PUERTO PLATA,ONAMET,EMCI,35.5,23.9,0.0,https://indomet.gob.do/wp-content/uploads/2025/09/temperaturas-extremas-y-precipitaciones-2025x09x07-a.pdf
2025-09-07,052,ARPT. MARÍA MONTEZ,BARAHONA,ONAMET,EMCI,34.4,24.5,0.0,https://indomet.gob.do/wp-content/uploads/2025/09/temperaturas-extremas-y-precipitaciones-2025x09x07-a.pdf
2025-09-07,053,BANI (EMA),PERAVIA,MINISTERIO DE AGRICULTURA,EMAP,,,0.0,https://indomet.gob.do/wp-content/uploads/2025/09/temperaturas-extremas-y-precipitaciones-2025x09x07-a.pdf
2025-09-07,054,BOHECHÍO,SAN JUAN,MINISTERIO DE AGRICULTURA,EMCV,,,0.0,https://indomet.gob.do/wp-content/uploads/2025/09/temperaturas-extremas-y-precipitaciones-2025x09x07-a.pdf
2025-09-07,055,BONAO,MONSEÑOR NOUEL,MINISTERIO DE AGRICULTURA,EMCV,,,0.0,https://indomet.gob.do/wp-content/uploads/2025/09/temperaturas-extremas-y-precipitaciones-2025x09x07-a.pdf
2025-09-07,056,CABRERA,MARÍA TRINIDAD SÁNCHEZ,ESCUELA ARÍSTIDES FIALLO CABRAL,EMCI,34.4,25.0,0.0,https://indomet.gob.do/wp-content/uploads/2025/09/temperaturas-extremas-y-precipitaciones-2025x09x07-a.pdf
2025-09-07,057,CENTRO DE LOS HEROES (EMA),DISTRITO NACIONAL,MINISTERIO DE ENERGIA Y MINA,EMAP,32.7,26.9,0.0,https://indomet.gob.do/wp-content/uploads/2025/09/temperaturas-extremas-y-precipitaciones-2025x09x07-a.pdf
2025-09-07,058,CONSTANZA,LA VEGA,MINISTERIO DE AGRICULTURA,EMCI,28.3,15.7,0.0,https://indomet.gob.do/wp-content/uploads/2025/09/temperaturas-extremas-y-precipitaciones-2025x09x07-a.pdf
2025-09-07,059,ESCONDIDO,PERAVIA,MINISTERIO DE AGRICULTURA,EMCV,34.0,26.0,0.0,https://indomet.gob.do/wp-content/uploads/2025/09/temperaturas-extremas-y-precipitaciones-2025x09x07-a.pdf
2025-09-07,060,GASPAR HERNÁNDEZ,ESPAILLAT,PROPIEDAD DEL EMPLEADO,EMCI,,,0.0,https://indomet.gob.do/wp-content/uploads/2025/09/temperaturas-extremas-y-precipitaciones-2025x09x07-a.pdf
2025-09-07,061,JARABACOA,LA VEGA,INDRHI / MARENA,EMCI,34.2,18.2,0.0,https://indomet.gob.do/wp-content/uploads/2025/09/temperaturas-extremas-y-precipitaciones-2025x09x07-a.pdf
2025-09-07,062,JARABACOA (EMA),LA VEGA,PROGRAMA MUNDIAL DE ALIMENTO,EMAP,33.4,20.2,0.0,https://indomet.gob.do/wp-content/uploads/2025/09/temperaturas-extremas-y-precipitaciones-2025x09x07-a.pdf
2025-09-07,063,JIMANÍ,INDEPENDENCIA,MINISTERIO DE AGRICULTURA,EMCI,37.5,25.5,0.0,https://indomet.gob.do/wp-content/uploads/2025/09/temperaturas-extremas-y-precipitaciones-2025x09x07-a.pdf
2025-09-07,064,LAS CANAS (EMA),MONTE CRISTI,PROGRAMA MUNDIAL DE ALIMENTO,EMAP,33.3,21.9,0.0,https://indomet.gob.do/wp-content/uploads/2025/09/temperaturas-extremas-y-precipitaciones-2025x09x07-a.pdf
2025-09-07,065,LAS MATAS DE SANTA CRUZ (EMA),MONTE CRISTI,PROGRAMA MUNDIAL DE ALIMENTO,EMAP,25.4,22.2,0.0,https://indomet.gob.do/wp-content/uploads/2025/09/temperaturas-extremas-y-precipitaciones-2025x09x07-a.pdf
2025-09-07,066,LOS JENGIBRES,NAGUA,INDRHI,EMCI,,,0.0,https://indomet.gob.do/wp-content/uploads/2025/09/temperaturas-extremas-y-precipitaciones-2025x09x07-a.pdf
2025-09-07,067,LOS TRES CHARCOS (EMA),PEDERNALES,PROPIEDAD DEL VOLUNTARIO,EMAP,33.7,23.1,0.0,https://indomet.gob.do/wp-content/uploads/2025/09/temperaturas-extremas-y-precipitaciones-2025x09x07-a.pdf
2025-09-07,068,PARQUE MIRADOR SUR,DISTRITO NACIONAL,AYUNTAMIENTO,EMCV,34.0,22.4,0.0,https://indomet.gob.do/wp-content/uploads/2025/09/temperaturas-extremas-y-precipitaciones-2025x09x07-a.pdf
2025-09-07,069,PESCADERIA (EMA),BARAHONA,MINISTERIO DE AGRICULTURA,EMAP,35.7,24.6,0.0,https://indomet.gob.do/wp-content/uploads/2025/09/temperaturas-extremas-y-precipitaciones-2025x09x07-a.pdf
2025-09-07,070,POLO,BARAHONA,INDOCAFE,EMCI,32.0,18.6,0.0,https://indomet.gob.do/wp-content/uploads/2025/09/temperaturas-extremas-y-precipitaciones-2025x09x07-a.pdf
2025-09-07,071,PONTÓN ABAJO (EMA),LA VEGA,MINISTERIO DE AGRICULTURA,EMAP,37.5,23.5,0.0,https://indomet.gob.do/wp-content/uploads/2025/09/temperaturas-extremas-y-precipitaciones-2025x09x07-a.pdf
2025-09-07,072,PRESA DE TAVERAS (EMA),LA VEGA,PROGRAMA MUNDIAL DE ALIMENTO,EMAP,33.6,21.7,0.0,https://indomet.gob.do/wp-content/uploads/2025/09/temperaturas-extremas-y-precipitaciones-2025x09x07-a.pdf
2025-09-07,073,RANCHO ARRIBA,SAN JOSÉ DE OCOA,CENTRO TECNOLÓGICO COMUNITARIO,EMCI,32.1,18.6,0.0,https://indomet.gob.do/wp-content/uploads/2025/09/temperaturas-extremas-y-precipitaciones-2025x09x07-a.pdf
2025-09-07,074,RÍO SAN JUAN,MARÍA TRINIDAD SÁNCHEZ,HOSP. MPAL. DR. DESIDERIO ACOSTA,EMCV,35.1,24.5,0.0,https://indomet.gob.do/wp-content/uploads/2025/09/temperaturas-extremas-y-precipitaciones-2025x09x07-a.pdf
2025-09-07,075,SABANA DE LA MAR,HATO MAYOR,ONAMET,EMCI,32.5,23.0,0.0,https://indomet.gob.do/wp-content/uploads/2025/09/temperaturas-extremas-y-precipitaciones-2025x09x07-a.pdf
2025-09-07,076,SABANA GRANDE DE BOYÁ,MONTE PLATA,MINISTERIO DE AGRICULTURA,EMCV,,,0.0,https://indomet.gob.do/wp-content/uploads/2025/09/temperaturas-extremas-y-precipitaciones-2025x09x07-a.pdf
2025-09-07,077,SAMANÁ,SAMANÁ,COMANDANCIA DE PUERTO DE SAMANÁ,EMCI,32.9,22.5,0.0,https://indomet.gob.do/wp-content/uploads/2025/09/temperaturas-extremas-y-precipitaciones-2025x09x07-a.pdf
2025-09-07,078,SAN CRISTÓBAL,SAN CRISTÓBAL,INSTITUTO POLITÉCNICO LOYOLA,EMCI,33.2,22.2,0.0,https://indomet.gob.do/wp-content/uploads/2025/09/temperaturas-extremas-y-precipitaciones-2025x09x07-a.pdf
2025-09-07,079,SAN FRANCISCO DE MACORÍS,DUARTE,San Francisco de Macorís (UASD),EMCI,35.8,23.0,0.0,https://indomet.gob.do/wp-content/uploads/2025/09/temperaturas-extremas-y-precipitaciones-2025x09x07-a.pdf
2025-09-07,080,SAN JOSÉ DE OCOA,SAN JOSÉ DE OCOA,HOSP. SAN JOSÉ DE OCOA,EMCI,31.9,19.4,0.0,https://indomet.gob.do/wp-content/uploads/2025/09/temperaturas-extremas-y-precipitaciones-2025x09x07-a.pdf
2025-09-07,081,SANTO DOMINGO ESTE,SANTO DOMINGO,ONAMET,EMCI,33.6,26.3,0.0,https://indomet.gob.do/wp-content/uploads/2025/09/temperaturas-extremas-y-precipitaciones-2025x09x07-a.pdf
2025-09-07,082,TÁBARA ABAJO,AZUA,INDRHI,EMCI,35.9,22.5,0.0,https://indomet.gob.do/wp-content/uploads/2025/09/temperaturas-extremas-y-precipitaciones-2025x09x07-a.pdf
2025-09-07,083,TAVERA,SANTIAGO,INDRHI,EMCI,,,0.0,https://indomet.gob.do/wp-content/uploads/2025/09/temperaturas-extremas-y-precipitaciones-2025x09x07-a.pdf
2025-09-07,084,VILLA RIVA,DUARTE,HOSP. MPAL. ALICIA DE LEGENDRE,EMCI,33.2,23.0,0.0,https://indomet.gob.do/wp-content/uploads/2025/09/temperaturas-extremas-y-precipitaciones-2025x09x07-a.pdf
2025-09-08,001,ARROYO LORO,SAN JUAN,IDIAF,EMCI,32.9,20.1,49.1,https://indomet.gob.do/wp-content/uploads/2025/09/temperaturas-extremas-y-precipitaciones-2025x09x08-a.pdf
2025-09-08,002,ARPT. DEL CIBAO,SANTIAGO,ONAMET,EMCI,36.5,21.0,38.2,https://indomet.gob.do/wp-content/uploads/2025/09/temperaturas-extremas-y-precipitaciones-2025x09x08-a.pdf
2025-09-08,003,ARPT. GREGORIO LUPERÓN,PUERTO PLATA,ONAMET,EMCI,34.8,23.2,32.2,https://indomet.gob.do/wp-content/uploads/2025/09/temperaturas-extremas-y-precipitaciones-2025x09x08-a.pdf
2025-09-08,004,BAYAGUANA,MONTE PLATA,ONAMET,EMCI,32.0,22.8,30.7,https://indomet.gob.do/wp-content/uploads/2025/09/temperaturas-extremas-y-precipitaciones-2025x09x08-a.pdf
2025-09-08,005,TAMBORIL,SANTIAGO,MINISTERIO DE AGRICULTURA,EMCV,,,22.9,https://indomet.gob.do/wp-content/uploads/2025/09/temperaturas-extremas-y-precipitaciones-2025x09x08-a.pdf
2025-09-08,006,SAN JOSÉ DE OCOA,SAN JOSÉ DE OCOA,HOSP. SAN JOSÉ DE OCOA,EMCI,30.7,19.2,20.6,https://indomet.gob.do/wp-content/uploads/2025/09/temperaturas-extremas-y-precipitaciones-2025x09x08-a.pdf
2025-09-08,007,RESTAURACIÓN,DAJABÓN,MINISTERIO DE AGRICULTURA,EMCI,31.5,16.8,17.3,https://indomet.gob.do/wp-content/uploads/2025/09/temperaturas-extremas-y-precipitaciones-2025x09x08-a.pdf
2025-09-08,008,SAN CRISTÓBAL,SAN CRISTÓBAL,INSTITUTO POLITÉCNICO LOYOLA,EMCI,34.2,23.0,16.4,https://indomet.gob.do/wp-content/uploads/2025/09/temperaturas-extremas-y-precipitaciones-2025x09x08-a.pdf
2025-09-08,009,MONCIÓN,SANTIAGO RODRÍGUEZ,HOSP. MPAL. MONCIÓN,EMCV,31.7,20.3,15.6,https://indomet.gob.do/wp-content/uploads/2025/09/temperaturas-extremas-y-precipitaciones-2025x09x08-a.pdf
2025-09-08,010,ALTAMIRA,PUERTO PLATA,HOSP. MPAL. DE ALTAMIRA,EMCI,33.8,21.0,14.2,https://indomet.gob.do/wp-content/uploads/2025/09/temperaturas-extremas-y-precipitaciones-2025x09x08-a.pdf
2025-09-08,011,ANAMUYA (EMA),LA ALTAGRACIA,MINISTERIO DE AGRICULTURA,EMAP,31.9,23.7,13.2,https://indomet.gob.do/wp-content/uploads/2025/09/temperaturas-extremas-y-precipitaciones-2025x09x08-a.pdf
2025-09-08,012,ARPT. DE LA ROMANA,LA ROMANA,ONAMET,EMCI,30.8,22.3,11.3,https://indomet.gob.do/wp-content/uploads/2025/09/temperaturas-extremas-y-precipitaciones-2025x09x08-a.pdf
2025-09-08,013,SABANA DE LA MAR,HATO MAYOR,ONAMET,EMCI,33.0,23.5,10.9,https://indomet.gob.do/wp-content/uploads/2025/09/temperaturas-extremas-y-precipitaciones-2025x09x08-a.pdf
2025-09-08,014,LA VEGA,LA VEGA,IATESA,EMCI,37.0,22.0,9.3,https://indomet.gob.do/wp-content/uploads/2025/09/temperaturas-extremas-y-precipitaciones-2025x09x08-a.pdf
2025-09-08,015,GURABO,SANTIAGO,MINISTERIO DE AGRICULTURA,EMCV,,,7.1,https://indomet.gob.do/wp-content/uploads/2025/09/temperaturas-extremas-y-precipitaciones-2025x09x08-a.pdf
2025-09-08,016,PALO ÍNDIO,PUERTO PLATA,MINISTERIO DE AGRICULTURA,EMCI,,,7.1,https://indomet.gob.do/wp-content/uploads/2025/09/temperaturas-extremas-y-precipitaciones-2025x09x08-a.pdf
2025-09-08,017,CONSTANZA,LA VEGA,MINISTERIO DE AGRICULTURA,EMCI,27.5,14.4,6.6,https://indomet.gob.do/wp-content/uploads/2025/09/temperaturas-extremas-y-precipitaciones-2025x09x08-a.pdf
2025-09-08,018,JARABACOA (EMA),LA VEGA,PROGRAMA MUNDIAL DE ALIMENTO,EMAP,33.4,19.8,6.4,https://indomet.gob.do/wp-content/uploads/2025/09/temperaturas-extremas-y-precipitaciones-2025x09x08-a.pdf
2025-09-08,019,SANTIAGO,SANTIAGO,HUACALITO,EMCI,,,6.1,https://indomet.gob.do/wp-content/uploads/2025/09/temperaturas-extremas-y-precipitaciones-2025x09x08-a.pdf
2025-09-08,020,JARABACOA,LA VEGA,INDRHI / MARENA,EMCI,34.4,18.6,5.9,https://indomet.gob.do/wp-content/uploads/2025/09/temperaturas-extremas-y-precipitaciones-2025x09x08-a.pdf
2025-09-08,021,CONSTANZA (EMA),LA VEGA,PROGRAMA MUNDIAL DE ALIMENTO,EMAP,26.7,15.2,5.8,https://indomet.gob.do/wp-content/uploads/2025/09/temperaturas-extremas-y-precipitaciones-2025x09x08-a.pdf
2025-09-08,022,PASO AL MEDIO,SAN PEDRO DE MACORÍS,INDRHI,EMCI,,,5.7,https://indomet.gob.do/wp-content/uploads/2025/09/temperaturas-extremas-y-precipitaciones-2025x09x08-a.pdf
2025-09-08,023,DAJABÓN,DAJABÓN,INSTITUTO POLITÉCNICO LOYOLA,EMCI,34.5,19.7,5.2,https://indomet.gob.do/wp-content/uploads/2025/09/temperaturas-extremas-y-precipitaciones-2025x09x08-a.pdf
2025-09-08,024,VILLA RIVA,DUARTE,HOSP. MPAL. ALICIA DE LEGENDRE,EMCI,32.7,22.7,4.8,https://indomet.gob.do/wp-content/uploads/2025/09/temperaturas-extremas-y-precipitaciones-2025x09x08-a.pdf
2025-09-08,025,LA VICTORIA,SANTO DOMINGO,CUERPO DE BOMBEROS,EMCI,30.5,23.5,4.5,https://indomet.gob.do/wp-content/uploads/2025/09/temperaturas-extremas-y-precipitaciones-2025x09x08-a.pdf
2025-09-08,026,TAVERA,SANTIAGO,INDRHI,EMCI,,,4.4,https://indomet.gob.do/wp-content/uploads/2025/09/temperaturas-extremas-y-precipitaciones-2025x09x08-a.pdf
2025-09-08,027,PRESA DE TAVERAS (EMA),LA VEGA,PROGRAMA MUNDIAL DE ALIMENTO,EMAP,33.6,20.8,4.2,https://indomet.gob.do/wp-content/uploads/2025/09/temperaturas-extremas-y-precipitaciones-2025x09x08-a.pdf
2025-09-08,028,BANI (EMA),PERAVIA,MINISTERIO DE AGRICULTURA,EMAP,,,3.8,https://indomet.gob.do/wp-content/uploads/2025/09/temperaturas-extremas-y-precipitaciones-2025x09x08-a.pdf
2025-09-08,029,ALTO BANDERA (EMA),LA VEGA,INTEC,EMAP,18.2,9.4,3.6,https://indomet.gob.do/wp-content/uploads/2025/09/temperaturas-extremas-y-precipitaciones-2025x09x08-a.pdf
2025-09-08,030,HONDO VALLE,ELÍAS PIÑA,MINISTERIO DE AGRICULTURA,EMCI,27.8,17.8,3.6,https://indomet.gob.do/wp-content/uploads/2025/09/temperaturas-extremas-y-precipitaciones-2025x09x08-a.pdf
2025-09-08,031,RANCHO ARRIBA,SAN JOSÉ DE OCOA,CENTRO TECNOLÓGICO COMUNITARIO,EMCI,31.6,19.4,3.2,https://indomet.gob.do/wp-content/uploads/2025/09/temperaturas-extremas-y-precipitaciones-2025x09x08-a.pdf
2025-09-08,032,VILLA ISABELA,PUERTO PLATA,MINISTERIO DE AGRICULTURA,EMCV,,,3.0,https://indomet.gob.do/wp-content/uploads/2025/09/temperaturas-extremas-y-precipitaciones-2025x09x08-a.pdf
2025-09-08,033,HATO MAYOR,HATO MAYOR,MINISTERIO DE AGRICULTURA,EMCV,,,2.5,https://indomet.gob.do/wp-content/uploads/2025/09/temperaturas-extremas-y-precipitaciones-2025x09x08-a.pdf
2025-09-08,034,ARPT. DE PUNTA CANA,LA ALTAGRACIA,ONAMET,EMCI,32.5,24.0,2.5,https://indomet.gob.do/wp-content/uploads/2025/09/temperaturas-extremas-y-precipitaciones-2025x09x08-a.pdf
2025-09-08,035,ESCONDIDO,PERAVIA,MINISTERIO DE AGRICULTURA,EMCV,34.0,24.0,2.5,https://indomet.gob.do/wp-content/uploads/2025/09/temperaturas-extremas-y-precipitaciones-2025x09x08-a.pdf
2025-09-08,036,SANTIAGO RODRÍGUEZ,SANTIAGO RODRÍGUEZ,ONAMET,EMCI,35.7,22.0,2.5,https://indomet.gob.do/wp-content/uploads/2025/09/temperaturas-extremas-y-precipitaciones-2025x09x08-a.pdf
2025-09-08,037,SABANETA (EMA),SANTIAGO RODRÍGUEZ,PROGRAMA MUNDIAL DE ALIMENTO,EMAP,35.2,22.0,2.2,https://indomet.gob.do/wp-content/uploads/2025/09/temperaturas-extremas-y-precipitaciones-2025x09x08-a.pdf
2025-09-08,038,ELÍAS PIÑA,ELÍAS PIÑA,MINISTERIO DE AGRICULTURA,EMCV,,,2.0,https://indomet.gob.do/wp-content/uploads/2025/09/temperaturas-extremas-y-precipitaciones-2025x09x08-a.pdf
2025-09-08,039,JIMANÍ,INDEPENDENCIA,MINISTERIO DE AGRICULTURA,EMCI,38.0,23.8,1.4,https://indomet.gob.do/wp-content/uploads/2025/09/temperaturas-extremas-y-precipitaciones-2025x09x08-a.pdf
2025-09-08,040,LUPERÓN,PUERTO PLATA,MINISTERIO DE AGRICULTURA,EMCV,,,1.3,https://indomet.gob.do/wp-content/uploads/2025/09/temperaturas-extremas-y-precipitaciones-2025x09x08-a.pdf
2025-09-08,041,MAO,VALVERDE,INDRHI / MINISTERIO DE AGRICULTURA,EMCV,,,1.0,https://indomet.gob.do/wp-content/uploads/2025/09/temperaturas-extremas-y-precipitaciones-2025x09x08-a.pdf
2025-09-08,042,PEDERNALES,PEDERNALES,INDRHI,EMCI,,,0.9,https://indomet.gob.do/wp-content/uploads/2025/09/temperaturas-extremas-y-precipitaciones-2025x09x08-a.pdf
2025-09-08,043,BOCA DE MAO (EMA),VALVERDE,MINISTERIO DE AGRICULTURA,EMAP,37.3,21.9,0.8,https://indomet.gob.do/wp-content/uploads/2025/09/temperaturas-extremas-y-precipitaciones-2025x09x08-a.pdf
2025-09-08,044,LAS MATAS DE SANTA CRUZ (EMA,MONTE CRISTI,PROGRAMA MUNDIAL DE ALIMENTO,EMAP,34.4,22.6,0.8,https://indomet.gob.do/wp-content/uploads/2025/09/temperaturas-extremas-y-precipitaciones-2025x09x08-a.pdf
2025-09-08,045,OVIEDO,PEDERNALES,CLÍNICA RURAL OVIEDO,EMCI,35.0,25.5,0.7,https://indomet.gob.do/wp-content/uploads/2025/09/temperaturas-extremas-y-precipitaciones-2025x09x08-a.pdf
2025-09-08,046,PERALTA,AZUA,HOSP. MPAL. DE PERALTA,EMCI,30.9,15.5,0.6,https://indomet.gob.do/wp-content/uploads/2025/09/temperaturas-extremas-y-precipitaciones-2025x09x08-a.pdf
2025-09-08,047,OLIVARES,PEDERNALES,INDRHI,EMCI,,,0.5,https://indomet.gob.do/wp-content/uploads/2025/09/temperaturas-extremas-y-precipitaciones-2025x09x08-a.pdf
2025-09-08,048,VALLE NUEVO (EMA),LA VEGA,MARENA,EMAI,20.6,9.2,0.4,https://indomet.gob.do/wp-content/uploads/2025/09/temperaturas-extremas-y-precipitaciones-2025x09x08-a.pdf
2025-09-08,049,LOS LLANOS,SAN PEDRO DE MACORÍS,MINISTERIO DE AGRICULTURA,EMCI,33.0,23.0,0.2,https://indomet.gob.do/wp-content/uploads/2025/09/temperaturas-extremas-y-precipitaciones-2025x09x08-a.pdf
2025-09-08,050,PESCADERIA (EMA),BARAHONA,MINISTERIO DE AGRICULTURA,EMAP,34.5,24.9,0.2,https://indomet.gob.do/wp-content/uploads/2025/09/temperaturas-extremas-y-precipitaciones-2025x09x08-a.pdf
2025-09-08,051,POLO,BARAHONA,INDOCAFE,EMCI,31.0,18.5,0.2,https://indomet.gob.do/wp-content/uploads/2025/09/temperaturas-extremas-y-precipitaciones-2025x09x08-a.pdf
2025-09-08,052,ARPT. LA ISABELA,SANTO DOMINGO,ONAMET,EMCI,33.5,23.0,0.1,https://indomet.gob.do/wp-content/uploads/2025/09/temperaturas-extremas-y-precipitaciones-2025x09x08-a.pdf
2025-09-08,053,VILLA ALTAGRACIA,SAN CRISTÓBAL,ESCUELA JAVIER ANGULO GURIDI,EMCI,,,0.1,https://indomet.gob.do/wp-content/uploads/2025/09/temperaturas-extremas-y-precipitaciones-2025x09x08-a.pdf
2025-09-08,054,ARPT. ARROYO BARRIL,SAMANÁ,ONAMET,EMCI,32.3,24.5,0.0,https://indomet.gob.do/wp-content/uploads/2025/09/temperaturas-extremas-y-precipitaciones-2025x09x08-a.pdf
2025-09-08,055,ARPT. DE LAS AMÉRICAS,SANTO DOMINGO,ONAMET,EMCI,33.5,23.5,0.0,https://indomet.gob.do/wp-content/uploads/2025/09/temperaturas-extremas-y-precipitaciones-2025x09x08-a.pdf
2025-09-08,056,ARPT. EL CATEY,SAMANÁ,ONAMET,EMCI,32.0,23.4,0.0,https://indomet.gob.do/wp-content/uploads/2025/09/temperaturas-extremas-y-precipitaciones-2025x09x08-a.pdf
2025-09-08,057,ARPT. MARÍA MONTEZ,BARAHONA,ONAMET,EMCI,33.7,24.5,0.0,https://indomet.gob.do/wp-content/uploads/2025/09/temperaturas-extremas-y-precipitaciones-2025x09x08-a.pdf
2025-09-08,058,BASE AÉREA DE SAN ISIDRO,SANTO DOMINGO,FUERZA AÉREA DOMINICANA,EMCV,32.5,23.5,0.0,https://indomet.gob.do/wp-content/uploads/2025/09/temperaturas-extremas-y-precipitaciones-2025x09x08-a.pdf
2025-09-08,059,BOHECHÍO,SAN JUAN,MINISTERIO DE AGRICULTURA,EMCV,,,0.0,https://indomet.gob.do/wp-content/uploads/2025/09/temperaturas-extremas-y-precipitaciones-2025x09x08-a.pdf
2025-09-08,060,BONAO,MONSEÑOR NOUEL,MINISTERIO DE AGRICULTURA,EMCV,,,0.0,https://indomet.gob.do/wp-content/uploads/2025/09/temperaturas-extremas-y-precipitaciones-2025x09x08-a.pdf
2025-09-08,061,CABRERA,MARÍA TRINIDAD SÁNCHEZ,ESCUELA ARÍSTIDES FIALLO CABRAL,EMCI,35.0,26.2,0.0,https://indomet.gob.do/wp-content/uploads/2025/09/temperaturas-extremas-y-precipitaciones-2025x09x08-a.pdf
2025-09-08,062,CENTRO DE LOS HEROES (EMA),DISTRITO NACIONAL,MINISTERIO DE ENERGIA Y MINA,EMAP,31.7,26.3,0.0,https://indomet.gob.do/wp-content/uploads/2025/09/temperaturas-extremas-y-precipitaciones-2025x09x08-a.pdf
2025-09-08,063,COTUÍ,SÁNCHEZ RAMÍREZ,HOSP. INMACULADA CONCEPCIÓN,EMCV,,,0.0,https://indomet.gob.do/wp-content/uploads/2025/09/temperaturas-extremas-y-precipitaciones-2025x09x08-a.pdf
2025-09-08,064,EL FACTOR (EMA),MARÍA TRINIDAD SÁNCHEZ,INTEC,EMAP,34.4,23.7,0.0,https://indomet.gob.do/wp-content/uploads/2025/09/temperaturas-extremas-y-precipitaciones-2025x09x08-a.pdf
2025-09-08,065,ENRIQUILLO,BARAHONA,MINISTERIO DE AGRICULTURA,EMCV,34.3,25.4,0.0,https://indomet.gob.do/wp-content/uploads/2025/09/temperaturas-extremas-y-precipitaciones-2025x09x08-a.pdf
2025-09-08,066,GASPAR HERNÁNDEZ,ESPAILLAT,PROPIEDAD DEL EMPLEADO,EMCI,,,0.0,https://indomet.gob.do/wp-content/uploads/2025/09/temperaturas-extremas-y-precipitaciones-2025x09x08-a.pdf
2025-09-08,067,JARDÍN BOTÁNICO NACIONAL,DISTRITO NACIONAL,JARDÍN BOTÁNICO NACIONAL,EMCV,34.2,23.6,0.0,https://indomet.gob.do/wp-content/uploads/2025/09/temperaturas-extremas-y-precipitaciones-2025x09x08-a.pdf
2025-09-08,068,JUMA BEJUCAL,MONSEÑOR NOUEL,IDIAF,EMCV,33.8,24.0,0.0,https://indomet.gob.do/wp-content/uploads/2025/09/temperaturas-extremas-y-precipitaciones-2025x09x08-a.pdf
2025-09-08,069,LAS CANAS (EMA),MONTE CRISTI,PROGRAMA MUNDIAL DE ALIMENTO,EMAP,30.6,22.6,0.0,https://indomet.gob.do/wp-content/uploads/2025/09/temperaturas-extremas-y-precipitaciones-2025x09x08-a.pdf
2025-09-08,070,LOS JENGIBRES,NAGUA,INDRHI,EMCI,,,0.0,https://indomet.gob.do/wp-content/uploads/2025/09/temperaturas-extremas-y-precipitaciones-2025x09x08-a.pdf
2025-09-08,071,LOS TRES CHARCOS (EMA),PEDERNALES,PROPIEDAD DEL VOLUNTARIO,EMAP,33.4,24.9,0.0,https://indomet.gob.do/wp-content/uploads/2025/09/temperaturas-extremas-y-precipitaciones-2025x09x08-a.pdf
2025-09-08,072,MONTE CRISTI,MONTE CRISTI,ONAMET,EMCI,33.5,23.2,0.0,https://indomet.gob.do/wp-content/uploads/2025/09/temperaturas-extremas-y-precipitaciones-2025x09x08-a.pdf
2025-09-08,073,NAVARRETE,SANTIAGO,MINISTERIO DE AGRICULTURA,EMCV,,,0.0,https://indomet.gob.do/wp-content/uploads/2025/09/temperaturas-extremas-y-precipitaciones-2025x09x08-a.pdf
2025-09-08,074,PADRE LAS CASAS,AZUA,HOSP. NTRA. SRA. DEL CARMEN,EMCI,32.4,19.0,0.0,https://indomet.gob.do/wp-content/uploads/2025/09/temperaturas-extremas-y-precipitaciones-2025x09x08-a.pdf
2025-09-08,075,PARQUE MIRADOR SUR,DISTRITO NACIONAL,AYUNTAMIENTO,EMCV,33.4,22.3,0.0,https://indomet.gob.do/wp-content/uploads/2025/09/temperaturas-extremas-y-precipitaciones-2025x09x08-a.pdf
2025-09-08,076,PONTÓN ABAJO (EMA),LA VEGA,MINISTERIO DE AGRICULTURA,EMAP,36.7,22.4,0.0,https://indomet.gob.do/wp-content/uploads/2025/09/temperaturas-extremas-y-precipitaciones-2025x09x08-a.pdf
2025-09-08,077,RÍO SAN JUAN,MARÍA TRINIDAD SÁNCHEZ,HOSP. MPAL. DR. DESIDERIO ACOSTA,EMCV,36.3,25.5,0.0,https://indomet.gob.do/wp-content/uploads/2025/09/temperaturas-extremas-y-precipitaciones-2025x09x08-a.pdf
2025-09-08,078,SABANA GRANDE DE BOYÁ,MONTE PLATA,MINISTERIO DE AGRICULTURA,EMCV,,,0.0,https://indomet.gob.do/wp-content/uploads/2025/09/temperaturas-extremas-y-precipitaciones-2025x09x08-a.pdf
2025-09-08,079,SALCEDO,HERMANAS MIRABAL,PROPIEDAD DEL EMPLEADO,EMCI,,,0.0,https://indomet.gob.do/wp-content/uploads/2025/09/temperaturas-extremas-y-precipitaciones-2025x09x08-a.pdf
2025-09-08,080,SAMANÁ,SAMANÁ,COMANDANCIA DE PUERTO DE SAMANÁ,EMCI,33.4,22.4,0.0,https://indomet.gob.do/wp-content/uploads/2025/09/temperaturas-extremas-y-precipitaciones-2025x09x08-a.pdf
2025-09-08,081,SAN FRANCISCO DE MACORÍS,DUARTE,San Francisco de Macorís (UASD),EMCI,35.2,23.0,0.0,https://indomet.gob.do/wp-content/uploads/2025/09/temperaturas-extremas-y-precipitaciones-2025x09x08-a.pdf
2025-09-08,082,SÁNCHEZ,SAMANÁ,MINISTERIO DE AGRICULTURA,EMCI,33.8,22.1,0.0,https://indomet.gob.do/wp-content/uploads/2025/09/temperaturas-extremas-y-precipitaciones-2025x09x08-a.pdf
2025-09-08,083,SANTO DOMINGO ESTE,SANTO DOMINGO,ONAMET,EMCI,33.0,26.0,0.0,https://indomet.gob.do/wp-content/uploads/2025/09/temperaturas-extremas-y-precipitaciones-2025x09x08-a.pdf
2025-09-08,084,TÁBARA ABAJO,AZUA,INDRHI,EMCI,33.8,20.0,0.0,https://indomet.gob.do/wp-content/uploads/2025/09/temperaturas-extremas-y-precipitaciones-2025x09x08-a.pdf
2025-09-08,085,VILLA GONZALES,SANTIAGO,MINISTERIO DE AGRICULTURA,EMCI,,,0.0,https://indomet.gob.do/wp-content/uploads/2025/09/temperaturas-extremas-y-precipitaciones-2025x09x08-a.pdf
2025-09-09,001,ENRIQUILLO,BARAHONA,MINISTERIO DE AGRICULTURA,EMCV,33.8,22.8,39.0,https://indomet.gob.do/wp-content/uploads/2025/09/temperaturas-extremas-y-precipitaciones-2025x09x09-a.pdf
2025-09-09,002,OVIEDO,PEDERNALES,CLÍNICA RURAL OVIEDO,EMCI,35.0,26.5,32.4,https://indomet.gob.do/wp-content/uploads/2025/09/temperaturas-extremas-y-precipitaciones-2025x09x09-a.pdf
2025-09-09,003,DAJABÓN,DAJABÓN,INSTITUTO POLITÉCNICO LOYOLA,EMCI,34.2,19.0,23.4,https://indomet.gob.do/wp-content/uploads/2025/09/temperaturas-extremas-y-precipitaciones-2025x09x09-a.pdf
2025-09-09,004,ALTAMIRA,PUERTO PLATA,HOSP. MPAL. DE ALTAMIRA,EMCI,33.6,24.0,21.6,https://indomet.gob.do/wp-content/uploads/2025/09/temperaturas-extremas-y-precipitaciones-2025x09x09-a.pdf
2025-09-09,005,PALO ÍNDIO,PUERTO PLATA,MINISTERIO DE AGRICULTURA,EMCI,,,21.1,https://indomet.gob.do/wp-content/uploads/2025/09/temperaturas-extremas-y-precipitaciones-2025x09x09-a.pdf
2025-09-09,006,MAO,VALVERDE,INDRHI / MINISTERIO DE AGRICULTURA,EMCV,,,20.0,https://indomet.gob.do/wp-content/uploads/2025/09/temperaturas-extremas-y-precipitaciones-2025x09x09-a.pdf
2025-09-09,007,LOS TRES CHARCOS (EMA),PEDERNALES,PROPIEDAD DEL VOLUNTARIO,EMAP,29.1,24.2,13.6,https://indomet.gob.do/wp-content/uploads/2025/09/temperaturas-extremas-y-precipitaciones-2025x09x09-a.pdf
2025-09-09,008,VILLA RIVA,DUARTE,HOSP. MPAL. ALICIA DE LEGENDRE,EMCI,32.0,22.0,9.6,https://indomet.gob.do/wp-content/uploads/2025/09/temperaturas-extremas-y-precipitaciones-2025x09x09-a.pdf
2025-09-09,009,BASE AÉREA DE SAN ISIDRO,SANTO DOMINGO,FUERZA AÉREA DOMINICANA,EMCV,33.0,23.5,8.0,https://indomet.gob.do/wp-content/uploads/2025/09/temperaturas-extremas-y-precipitaciones-2025x09x09-a.pdf
2025-09-09,010,OLIVARES,PEDERNALES,INDRHI,EMCI,,,6.3,https://indomet.gob.do/wp-content/uploads/2025/09/temperaturas-extremas-y-precipitaciones-2025x09x09-a.pdf
2025-09-09,011,SAN JOSÉ DE OCOA,SAN JOSÉ DE OCOA,HOSP. SAN JOSÉ DE OCOA,EMCI,30.2,20.5,4.4,https://indomet.gob.do/wp-content/uploads/2025/09/temperaturas-extremas-y-precipitaciones-2025x09x09-a.pdf
2025-09-09,012,BOCA DE MAO (EMA),VALVERDE,MINISTERIO DE AGRICULTURA,EMAP,37.2,24.0,4.0,https://indomet.gob.do/wp-content/uploads/2025/09/temperaturas-extremas-y-precipitaciones-2025x09x09-a.pdf
2025-09-09,013,LUPERÓN,PUERTO PLATA,MINISTERIO DE AGRICULTURA,EMCV,,,3.3,https://indomet.gob.do/wp-content/uploads/2025/09/temperaturas-extremas-y-precipitaciones-2025x09x09-a.pdf
2025-09-09,014,ELÍAS PIÑA,ELÍAS PIÑA,MINISTERIO DE AGRICULTURA,EMCV,,,3.0,https://indomet.gob.do/wp-content/uploads/2025/09/temperaturas-extremas-y-precipitaciones-2025x09x09-a.pdf
2025-09-09,015,SABANA DE LA MAR,HATO MAYOR,ONAMET,EMCI,32.0,22.5,3.0,https://indomet.gob.do/wp-content/uploads/2025/09/temperaturas-extremas-y-precipitaciones-2025x09x09-a.pdf
2025-09-09,016,HONDO VALLE,ELÍAS PIÑA,MINISTERIO DE AGRICULTURA,EMCI,28.3,18.0,2.1,https://indomet.gob.do/wp-content/uploads/2025/09/temperaturas-extremas-y-precipitaciones-2025x09x09-a.pdf
2025-09-09,017,BOHECHÍO,SAN JUAN,MINISTERIO DE AGRICULTURA,EMCV,,,1.6,https://indomet.gob.do/wp-content/uploads/2025/09/temperaturas-extremas-y-precipitaciones-2025x09x09-a.pdf
2025-09-09,018,BANI (EMA),PERAVIA,MINISTERIO DE AGRICULTURA,EMAP,31.0,25.2,1.4,https://indomet.gob.do/wp-content/uploads/2025/09/temperaturas-extremas-y-precipitaciones-2025x09x09-a.pdf
2025-09-09,019,ALTO BANDERA (EMA),LA VEGA,INTEC,EMAP,17.3,8.9,1.3,https://indomet.gob.do/wp-content/uploads/2025/09/temperaturas-extremas-y-precipitaciones-2025x09x09-a.pdf
2025-09-09,020,ARPT. DE LAS AMÉRICAS,SANTO DOMINGO,ONAMET,EMCI,33.7,23.6,1.2,https://indomet.gob.do/wp-content/uploads/2025/09/temperaturas-extremas-y-precipitaciones-2025x09x09-a.pdf
2025-09-09,021,PADRE LAS CASAS,AZUA,HOSP. NTRA. SRA. DEL CARMEN,EMCI,31.8,20.0,1.2,https://indomet.gob.do/wp-content/uploads/2025/09/temperaturas-extremas-y-precipitaciones-2025x09x09-a.pdf
2025-09-09,022,MONCIÓN (EMA),SANTIAGO RODRÍGUEZ,PROGRAMA MUNDIAL DE ALIMENTO,EMAP,32.8,20.9,1.0,https://indomet.gob.do/wp-content/uploads/2025/09/temperaturas-extremas-y-precipitaciones-2025x09x09-a.pdf
2025-09-09,023,PERALTA,AZUA,HOSP. MPAL. DE PERALTA,EMCI,32.0,17.1,1.0,https://indomet.gob.do/wp-content/uploads/2025/09/temperaturas-extremas-y-precipitaciones-2025x09x09-a.pdf
2025-09-09,024,NAVARRETE,SANTIAGO,MINISTERIO DE AGRICULTURA,EMCV,,,0.8,https://indomet.gob.do/wp-content/uploads/2025/09/temperaturas-extremas-y-precipitaciones-2025x09x09-a.pdf
2025-09-09,025,VILLA ISABELA,PUERTO PLATA,MINISTERIO DE AGRICULTURA,EMCV,,,0.8,https://indomet.gob.do/wp-content/uploads/2025/09/temperaturas-extremas-y-precipitaciones-2025x09x09-a.pdf
2025-09-09,026,EL FACTOR (EMA),MARÍA TRINIDAD SÁNCHEZ,INTEC,EMAP,34.4,23.7,0.5,https://indomet.gob.do/wp-content/uploads/2025/09/temperaturas-extremas-y-precipitaciones-2025x09x09-a.pdf
2025-09-09,027,ESCONDIDO,PERAVIA,MINISTERIO DE AGRICULTURA,EMCV,31.0,25.0,0.5,https://indomet.gob.do/wp-content/uploads/2025/09/temperaturas-extremas-y-precipitaciones-2025x09x09-a.pdf
2025-09-09,028,PRESA DE TAVERAS (EMA),LA VEGA,PROGRAMA MUNDIAL DE ALIMENTO,EMAP,33.7,22.9,0.4,https://indomet.gob.do/wp-content/uploads/2025/09/temperaturas-extremas-y-precipitaciones-2025x09x09-a.pdf
2025-09-09,029,SANTO DOMINGO ESTE,SANTO DOMINGO,ONAMET,EMCI,34.3,25.5,0.3,https://indomet.gob.do/wp-content/uploads/2025/09/temperaturas-extremas-y-precipitaciones-2025x09x09-a.pdf
2025-09-09,030,HATO MAYOR,HATO MAYOR,MINISTERIO DE AGRICULTURA,EMCV,,,0.3,https://indomet.gob.do/wp-content/uploads/2025/09/temperaturas-extremas-y-precipitaciones-2025x09x09-a.pdf
2025-09-09,031,PESCADERIA (EMA),BARAHONA,MINISTERIO DE AGRICULTURA,EMAP,33.5,25.9,0.2,https://indomet.gob.do/wp-content/uploads/2025/09/temperaturas-extremas-y-precipitaciones-2025x09x09-a.pdf
2025-09-09,032,SABANETA (EMA),SANTIAGO RODRÍGUEZ,PROGRAMA MUNDIAL DE ALIMENTO,EMAP,35.8,23.0,0.2,https://indomet.gob.do/wp-content/uploads/2025/09/temperaturas-extremas-y-precipitaciones-2025x09x09-a.pdf
2025-09-09,033,BAYAGUANA,MONTE PLATA,ONAMET,EMCI,33.5,22.4,0.1,https://indomet.gob.do/wp-content/uploads/2025/09/temperaturas-extremas-y-precipitaciones-2025x09x09-a.pdf
2025-09-09,034,CABRAL,BARAHONA,MINISTERIO DE AGRICULTURA,EMCV,34.3,24.7,0.1,https://indomet.gob.do/wp-content/uploads/2025/09/temperaturas-extremas-y-precipitaciones-2025x09x09-a.pdf
2025-09-09,035,PEDERNALES,PEDERNALES,INDRHI,EMCI,,,0.1,https://indomet.gob.do/wp-content/uploads/2025/09/temperaturas-extremas-y-precipitaciones-2025x09x09-a.pdf
2025-09-09,036,RESTAURACIÓN,DAJABÓN,MINISTERIO DE AGRICULTURA,EMCI,32.0,19.1,0.1,https://indomet.gob.do/wp-content/uploads/2025/09/temperaturas-extremas-y-precipitaciones-2025x09x09-a.pdf
2025-09-09,037,SALCEDO,HERMANAS MIRABAL,PROPIEDAD DEL EMPLEADO,EMCI,,,0.1,https://indomet.gob.do/wp-content/uploads/2025/09/temperaturas-extremas-y-precipitaciones-2025x09x09-a.pdf
2025-09-09,038,SANTIAGO RODRÍGUEZ,SANTIAGO RODRÍGUEZ,ONAMET,EMCI,36.0,23.5,0.1,https://indomet.gob.do/wp-content/uploads/2025/09/temperaturas-extremas-y-precipitaciones-2025x09x09-a.pdf
2025-09-09,039,ANAMUYA (EMA),LA ALTAGRACIA,MINISTERIO DE AGRICULTURA,EMAP,34.8,24.6,0.0,https://indomet.gob.do/wp-content/uploads/2025/09/temperaturas-extremas-y-precipitaciones-2025x09x09-a.pdf
2025-09-09,040,ARPT. ARROYO BARRIL,SAMANÁ,ONAMET,EMCI,33.5,24.0,0.0,https://indomet.gob.do/wp-content/uploads/2025/09/temperaturas-extremas-y-precipitaciones-2025x09x09-a.pdf
2025-09-09,041,ARPT. DE LA ROMANA,LA ROMANA,ONAMET,EMCI,33.4,22.4,0.0,https://indomet.gob.do/wp-content/uploads/2025/09/temperaturas-extremas-y-precipitaciones-2025x09x09-a.pdf
2025-09-09,042,ARPT. DE PUNTA CANA,LA ALTAGRACIA,ONAMET,EMCI,33.2,23.6,0.0,https://indomet.gob.do/wp-content/uploads/2025/09/temperaturas-extremas-y-precipitaciones-2025x09x09-a.pdf
2025-09-09,043,ARPT. DEL CIBAO,SANTIAGO,ONAMET,EMCI,35.6,21.7,0.0,https://indomet.gob.do/wp-content/uploads/2025/09/temperaturas-extremas-y-precipitaciones-2025x09x09-a.pdf
2025-09-09,044,ARPT. EL CATEY,SAMANÁ,ONAMET,EMCI,32.5,23.0,0.0,https://indomet.gob.do/wp-content/uploads/2025/09/temperaturas-extremas-y-precipitaciones-2025x09x09-a.pdf
2025-09-09,045,ARPT. GREGORIO LUPERÓN,PUERTO PLATA,ONAMET,EMCI,35.0,23.6,0.0,https://indomet.gob.do/wp-content/uploads/2025/09/temperaturas-extremas-y-precipitaciones-2025x09x09-a.pdf
2025-09-09,046,ARPT. MARÍA MONTEZ,BARAHONA,ONAMET,EMCI,33.4,25.4,0.0,https://indomet.gob.do/wp-content/uploads/2025/09/temperaturas-extremas-y-precipitaciones-2025x09x09-a.pdf
2025-09-09,047,CABRERA,MARÍA TRINIDAD SÁNCHEZ,ESCUELA ARÍSTIDES FIALLO CABRAL,EMCI,34.4,26.4,0.0,https://indomet.gob.do/wp-content/uploads/2025/09/temperaturas-extremas-y-precipitaciones-2025x09x09-a.pdf
2025-09-09,048,CENTRO DE LOS HEROES (EMA),DISTRITO NACIONAL,MINISTERIO DE ENERGIA Y MINA,EMAP,32.0,27.1,0.0,https://indomet.gob.do/wp-content/uploads/2025/09/temperaturas-extremas-y-precipitaciones-2025x09x09-a.pdf
2025-09-09,049,CONSTANZA,LA VEGA,MINISTERIO DE AGRICULTURA,EMCI,30.0,14.5,0.0,https://indomet.gob.do/wp-content/uploads/2025/09/temperaturas-extremas-y-precipitaciones-2025x09x09-a.pdf
2025-09-09,050,CONSTANZA (EMA),LA VEGA,PROGRAMA MUNDIAL DE ALIMENTO,EMAP,28.8,15.6,0.0,https://indomet.gob.do/wp-content/uploads/2025/09/temperaturas-extremas-y-precipitaciones-2025x09x09-a.pdf
2025-09-09,051,GASPAR HERNÁNDEZ,ESPAILLAT,PROPIEDAD DEL EMPLEADO,EMCI,,,0.0,https://indomet.gob.do/wp-content/uploads/2025/09/temperaturas-extremas-y-precipitaciones-2025x09x09-a.pdf
2025-09-09,052,GURABO,SANTIAGO,MINISTERIO DE AGRICULTURA,EMCV,,,0.0,https://indomet.gob.do/wp-content/uploads/2025/09/temperaturas-extremas-y-precipitaciones-2025x09x09-a.pdf
2025-09-09,053,JARABACOA,LA VEGA,INDRHI / MARENA,EMCI,33.2,19.0,0.0,https://indomet.gob.do/wp-content/uploads/2025/09/temperaturas-extremas-y-precipitaciones-2025x09x09-a.pdf
2025-09-09,054,JARABACOA (EMA),LA VEGA,PROGRAMA MUNDIAL DE ALIMENTO,EMAP,32.4,20.2,0.0,https://indomet.gob.do/wp-content/uploads/2025/09/temperaturas-extremas-y-precipitaciones-2025x09x09-a.pdf
2025-09-09,055,JARDÍN BOTÁNICO NACIONAL,DISTRITO NACIONAL,JARDÍN BOTÁNICO NACIONAL,EMCV,33.3,22.1,0.0,https://indomet.gob.do/wp-content/uploads/2025/09/temperaturas-extremas-y-precipitaciones-2025x09x09-a.pdf
2025-09-09,056,JIMANÍ,INDEPENDENCIA,MINISTERIO DE AGRICULTURA,EMCI,35.6,24.6,0.0,https://indomet.gob.do/wp-content/uploads/2025/09/temperaturas-extremas-y-precipitaciones-2025x09x09-a.pdf
2025-09-09,057,JUMA BEJUCAL,MONSEÑOR NOUEL,IDIAF,EMCV,33.4,24.8,0.0,https://indomet.gob.do/wp-content/uploads/2025/09/temperaturas-extremas-y-precipitaciones-2025x09x09-a.pdf
2025-09-09,058,LA VEGA,LA VEGA,IATESA,EMCI,36.0,24.5,0.0,https://indomet.gob.do/wp-content/uploads/2025/09/temperaturas-extremas-y-precipitaciones-2025x09x09-a.pdf
2025-09-09,059,LA VICTORIA,SANTO DOMINGO,CUERPO DE BOMBEROS,EMCI,35.0,23.6,0.0,https://indomet.gob.do/wp-content/uploads/2025/09/temperaturas-extremas-y-precipitaciones-2025x09x09-a.pdf
2025-09-09,060,LAS CANAS (EMA),MONTE CRISTI,PROGRAMA MUNDIAL DE ALIMENTO,EMAP,31.4,23.9,0.0,https://indomet.gob.do/wp-content/uploads/2025/09/temperaturas-extremas-y-precipitaciones-2025x09x09-a.pdf
2025-09-09,061,LAS MATAS DE FARFÁN,SAN JUAN,MINISTERIO DE AGRICULTURA,EMCV,,,0.0,https://indomet.gob.do/wp-content/uploads/2025/09/temperaturas-extremas-y-precipitaciones-2025x09x09-a.pdf
2025-09-09,062,LAS MATAS DE SANTA CRUZ (EMA,MONTE CRISTI,PROGRAMA MUNDIAL DE ALIMENTO,EMAP,35.2,23.8,0.0,https://indomet.gob.do/wp-content/uploads/2025/09/temperaturas-extremas-y-precipitaciones-2025x09x09-a.pdf
2025-09-09,063,LOS LLANOS,SAN PEDRO DE MACORÍS,MINISTERIO DE AGRICULTURA,EMCI,33.6,23.0,0.0,https://indomet.gob.do/wp-content/uploads/2025/09/temperaturas-extremas-y-precipitaciones-2025x09x09-a.pdf
2025-09-09,064,MONTE CRISTI,MONTE CRISTI,ONAMET,EMCI,34.5,23.7,0.0,https://indomet.gob.do/wp-content/uploads/2025/09/temperaturas-extremas-y-precipitaciones-2025x09x09-a.pdf
2025-09-09,065,PARQUE MIRADOR SUR,DISTRITO NACIONAL,AYUNTAMIENTO,EMCV,33.2,23.0,0.0,https://indomet.gob.do/wp-content/uploads/2025/09/temperaturas-extremas-y-precipitaciones-2025x09x09-a.pdf
2025-09-09,066,POLO,BARAHONA,INDOCAFE,EMCI,30.0,18.6,0.0,https://indomet.gob.do/wp-content/uploads/2025/09/temperaturas-extremas-y-precipitaciones-2025x09x09-a.pdf
2025-09-09,067,PONTÓN ABAJO (EMA),LA VEGA,MINISTERIO DE AGRICULTURA,EMAP,36.9,25.1,0.0,https://indomet.gob.do/wp-content/uploads/2025/09/temperaturas-extremas-y-precipitaciones-2025x09x09-a.pdf
2025-09-09,068,RANCHO ARRIBA,SAN JOSÉ DE OCOA,CENTRO TECNOLÓGICO COMUNITARIO,EMCI,30.0,19.9,0.0,https://indomet.gob.do/wp-content/uploads/2025/09/temperaturas-extremas-y-precipitaciones-2025x09x09-a.pdf
2025-09-09,069,RÍO SAN JUAN,MARÍA TRINIDAD SÁNCHEZ,HOSP. MPAL. DR. DESIDERIO ACOSTA,EMCV,36.4,24.9,0.0,https://indomet.gob.do/wp-content/uploads/2025/09/temperaturas-extremas-y-precipitaciones-2025x09x09-a.pdf
2025-09-09,070,SABANA GRANDE DE BOYÁ,MONTE PLATA,MINISTERIO DE AGRICULTURA,EMCV,,,0.0,https://indomet.gob.do/wp-content/uploads/2025/09/temperaturas-extremas-y-precipitaciones-2025x09x09-a.pdf
2025-09-09,071,SAMANÁ,SAMANÁ,COMANDANCIA DE PUERTO DE SAMANÁ,EMCI,33.8,22.1,0.0,https://indomet.gob.do/wp-content/uploads/2025/09/temperaturas-extremas-y-precipitaciones-2025x09x09-a.pdf
2025-09-09,072,SAN CRISTÓBAL,SAN CRISTÓBAL,INSTITUTO POLITÉCNICO LOYOLA,EMCI,34.2,23.2,0.0,https://indomet.gob.do/wp-content/uploads/2025/09/temperaturas-extremas-y-precipitaciones-2025x09x09-a.pdf
2025-09-09,073,SAN FRANCISCO DE MACORÍS,DUARTE,San Francisco de Macorís (UASD),EMCI,36.3,23.3,0.0,https://indomet.gob.do/wp-content/uploads/2025/09/temperaturas-extremas-y-precipitaciones-2025x09x09-a.pdf
2025-09-09,074,SAN RAFAEL DEL YUMA,LA ALTAGRACIA,MINISTERIO DE AGRICULTURA,EMCI,35.3,23.5,0.0,https://indomet.gob.do/wp-content/uploads/2025/09/temperaturas-extremas-y-precipitaciones-2025x09x09-a.pdf
2025-09-09,075,SÁNCHEZ,SAMANÁ,MINISTERIO DE AGRICULTURA,EMCI,34.7,22.0,0.0,https://indomet.gob.do/wp-content/uploads/2025/09/temperaturas-extremas-y-precipitaciones-2025x09x09-a.pdf
2025-09-09,076,SANTIAGO,SANTIAGO,DEFENSA CIVIL,EMCI,35.0,22.0,0.0,https://indomet.gob.do/wp-content/uploads/2025/09/temperaturas-extremas-y-precipitaciones-2025x09x09-a.pdf
2025-09-09,077,TÁBARA ABAJO,AZUA,INDRHI,EMCI,35.5,24.5,0.0,https://indomet.gob.do/wp-content/uploads/2025/09/temperaturas-extremas-y-precipitaciones-2025x09x09-a.pdf
2025-09-09,078,VALLE NUEVO (EMA),LA VEGA,MARENA,EMAI,21.6,9.4,0.0,https://indomet.gob.do/wp-content/uploads/2025/09/temperaturas-extremas-y-precipitaciones-2025x09x09-a.pdf
2025-09-09,079,VILLA ALTAGRACIA,SAN CRISTÓBAL,ESCUELA JAVIER ANGULO GURIDI,EMCI,,,0.0,https://indomet.gob.do/wp-content/uploads/2025/09/temperaturas-extremas-y-precipitaciones-2025x09x09-a.pdf
2025-09-09,080,VILLA GONZALES,SANTIAGO,MINISTERIO DE AGRICULTURA,EMCI,,,0.0,https://indomet.gob.do/wp-content/uploads/2025/09/temperaturas-extremas-y-precipitaciones-2025x09x09-a.pdf
2025-09-09,081,JIMA ABAJO,LA VEGA,,EMCI,37.9,23.0,0.0,https://indomet.gob.do/wp-content/uploads/2025/09/temperaturas-extremas-y-precipitaciones-2025x09x09-a.pdf
2025-09-10,001,ELÍAS PIÑA,ELÍAS PIÑA,MINISTERIO DE AGRICULTURA,EMCV,,,12.0,https://indomet.gob.do/wp-content/uploads/2025/09/temperaturas-extremas-y-precipitaciones-2025x09x10-a.pdf
2025-09-10,002,SAN CRISTÓBAL,SAN CRISTÓBAL,INSTITUTO POLITÉCNICO LOYOLA,EMCI,33.0,21.2,6.0,https://indomet.gob.do/wp-content/uploads/2025/09/temperaturas-extremas-y-precipitaciones-2025x09x10-a.pdf
2025-09-10,003,PALO ÍNDIO,PUERTO PLATA,MINISTERIO DE AGRICULTURA,EMCI,,,5.1,https://indomet.gob.do/wp-content/uploads/2025/09/temperaturas-extremas-y-precipitaciones-2025x09x10-a.pdf
2025-09-10,004,SABANETA (EMA),SANTIAGO RODRÍGUEZ,PROGRAMA MUNDIAL DE ALIMENTO,EMAP,37.6,24.2,3.8,https://indomet.gob.do/wp-content/uploads/2025/09/temperaturas-extremas-y-precipitaciones-2025x09x10-a.pdf
2025-09-10,005,SANTIAGO RODRÍGUEZ,SANTIAGO RODRÍGUEZ,ONAMET,EMCI,37.5,24.3,3.8,https://indomet.gob.do/wp-content/uploads/2025/09/temperaturas-extremas-y-precipitaciones-2025x09x10-a.pdf
2025-09-10,006,SAN RAFAEL DEL YUMA,LA ALTAGRACIA,MINISTERIO DE AGRICULTURA,EMCI,34.9,23.4,2.4,https://indomet.gob.do/wp-content/uploads/2025/09/temperaturas-extremas-y-precipitaciones-2025x09x10-a.pdf
2025-09-10,007,LOS TRES CHARCOS (EMA),PEDERNALES,PROPIEDAD DEL VOLUNTARIO,EMAP,33.1,22.2,2.2,https://indomet.gob.do/wp-content/uploads/2025/09/temperaturas-extremas-y-precipitaciones-2025x09x10-a.pdf
2025-09-10,008,ESCONDIDO,PERAVIA,MINISTERIO DE AGRICULTURA,EMCV,33.0,25.0,1.0,https://indomet.gob.do/wp-content/uploads/2025/09/temperaturas-extremas-y-precipitaciones-2025x09x10-a.pdf
2025-09-10,009,LA VICTORIA,SANTO DOMINGO,CUERPO DE BOMBEROS,EMCI,35.0,24.0,0.9,https://indomet.gob.do/wp-content/uploads/2025/09/temperaturas-extremas-y-precipitaciones-2025x09x10-a.pdf
2025-09-10,010,BOCA DE MAO (EMA),VALVERDE,MINISTERIO DE AGRICULTURA,EMAP,37.7,24.3,0.8,https://indomet.gob.do/wp-content/uploads/2025/09/temperaturas-extremas-y-precipitaciones-2025x09x10-a.pdf
2025-09-10,011,PARQUE MIRADOR SUR,DISTRITO NACIONAL,AYUNTAMIENTO,EMCV,33.4,22.5,0.6,https://indomet.gob.do/wp-content/uploads/2025/09/temperaturas-extremas-y-precipitaciones-2025x09x10-a.pdf
2025-09-10,012,OVIEDO,PEDERNALES,CLÍNICA RURAL OVIEDO,EMCI,34.8,26.0,0.4,https://indomet.gob.do/wp-content/uploads/2025/09/temperaturas-extremas-y-precipitaciones-2025x09x10-a.pdf
2025-09-10,013,MONCIÓN (EMA),SANTIAGO RODRÍGUEZ,PROGRAMA MUNDIAL DE ALIMENTO,EMAP,34.7,22.0,0.2,https://indomet.gob.do/wp-content/uploads/2025/09/temperaturas-extremas-y-precipitaciones-2025x09x10-a.pdf
2025-09-10,014,HONDO VALLE,ELÍAS PIÑA,MINISTERIO DE AGRICULTURA,EMCI,28.5,18.4,0.1,https://indomet.gob.do/wp-content/uploads/2025/09/temperaturas-extremas-y-precipitaciones-2025x09x10-a.pdf
2025-09-10,015,SAN JOSÉ DE OCOA,SAN JOSÉ DE OCOA,HOSP. SAN JOSÉ DE OCOA,EMCI,31.7,18.6,0.1,https://indomet.gob.do/wp-content/uploads/2025/09/temperaturas-extremas-y-precipitaciones-2025x09x10-a.pdf
2025-09-10,016,ALTAMIRA,PUERTO PLATA,HOSP. MPAL. DE ALTAMIRA,EMCI,34.5,20.5,0.0,https://indomet.gob.do/wp-content/uploads/2025/09/temperaturas-extremas-y-precipitaciones-2025x09x10-a.pdf
2025-09-10,017,ALTO BANDERA (EMA),LA VEGA,INTEC,EMAP,20.1,10.2,0.0,https://indomet.gob.do/wp-content/uploads/2025/09/temperaturas-extremas-y-precipitaciones-2025x09x10-a.pdf
2025-09-10,018,ANAMUYA (EMA),LA ALTAGRACIA,MINISTERIO DE AGRICULTURA,EMAP,34.2,24.5,0.0,https://indomet.gob.do/wp-content/uploads/2025/09/temperaturas-extremas-y-precipitaciones-2025x09x10-a.pdf
2025-09-10,019,ARPT. ARROYO BARRIL,SAMANÁ,ONAMET,EMCI,32.0,24.5,0.0,https://indomet.gob.do/wp-content/uploads/2025/09/temperaturas-extremas-y-precipitaciones-2025x09x10-a.pdf
2025-09-10,020,ARPT. DE LA ROMANA,LA ROMANA,ONAMET,EMCI,33.5,22.3,0.0,https://indomet.gob.do/wp-content/uploads/2025/09/temperaturas-extremas-y-precipitaciones-2025x09x10-a.pdf
2025-09-10,021,ARPT. DE LAS AMÉRICAS,SANTO DOMINGO,ONAMET,EMCI,33.0,23.7,0.0,https://indomet.gob.do/wp-content/uploads/2025/09/temperaturas-extremas-y-precipitaciones-2025x09x10-a.pdf
2025-09-10,022,ARPT. DE PUNTA CANA,LA ALTAGRACIA,ONAMET,EMCI,33.0,24.6,0.0,https://indomet.gob.do/wp-content/uploads/2025/09/temperaturas-extremas-y-precipitaciones-2025x09x10-a.pdf
2025-09-10,023,ARPT. DEL CIBAO,SANTIAGO,ONAMET,EMCI,36.2,23.6,0.0,https://indomet.gob.do/wp-content/uploads/2025/09/temperaturas-extremas-y-precipitaciones-2025x09x10-a.pdf
2025-09-10,024,ARPT. EL CATEY,SAMANÁ,ONAMET,EMCI,32.0,23.5,0.0,https://indomet.gob.do/wp-content/uploads/2025/09/temperaturas-extremas-y-precipitaciones-2025x09x10-a.pdf
2025-09-10,025,ARPT. GREGORIO LUPERÓN,PUERTO PLATA,ONAMET,EMCI,35.0,23.5,0.0,https://indomet.gob.do/wp-content/uploads/2025/09/temperaturas-extremas-y-precipitaciones-2025x09x10-a.pdf
2025-09-10,026,ARPT. LA ISABELA,SANTO DOMINGO,ONAMET,EMCI,35.0,22.5,0.0,https://indomet.gob.do/wp-content/uploads/2025/09/temperaturas-extremas-y-precipitaciones-2025x09x10-a.pdf
2025-09-10,027,ARPT. MARÍA MONTEZ,BARAHONA,ONAMET,EMCI,33.5,26.0,0.0,https://indomet.gob.do/wp-content/uploads/2025/09/temperaturas-extremas-y-precipitaciones-2025x09x10-a.pdf
2025-09-10,028,BASE AÉREA DE SAN ISIDRO,SANTO DOMINGO,FUERZA AÉREA DOMINICANA,EMCV,32.6,24.5,0.0,https://indomet.gob.do/wp-content/uploads/2025/09/temperaturas-extremas-y-precipitaciones-2025x09x10-a.pdf
2025-09-10,029,BAYAGUANA,MONTE PLATA,ONAMET,EMCI,34.1,22.1,0.0,https://indomet.gob.do/wp-content/uploads/2025/09/temperaturas-extremas-y-precipitaciones-2025x09x10-a.pdf
2025-09-10,030,BOHECHÍO,SAN JUAN,MINISTERIO DE AGRICULTURA,EMCV,,,0.0,https://indomet.gob.do/wp-content/uploads/2025/09/temperaturas-extremas-y-precipitaciones-2025x09x10-a.pdf
2025-09-10,031,CABRAL,BARAHONA,MINISTERIO DE AGRICULTURA,EMCV,36.2,23.8,0.0,https://indomet.gob.do/wp-content/uploads/2025/09/temperaturas-extremas-y-precipitaciones-2025x09x10-a.pdf
2025-09-10,032,CABRERA,MARÍA TRINIDAD SÁNCHEZ,ESCUELA ARÍSTIDES FIALLO CABRAL,EMCI,34.5,26.6,0.0,https://indomet.gob.do/wp-content/uploads/2025/09/temperaturas-extremas-y-precipitaciones-2025x09x10-a.pdf
2025-09-10,033,CENTRO DE LOS HEROES (EMA),DISTRITO NACIONAL,MINISTERIO DE ENERGIA Y MINA,EMAP,32.4,27.4,0.0,https://indomet.gob.do/wp-content/uploads/2025/09/temperaturas-extremas-y-precipitaciones-2025x09x10-a.pdf
2025-09-10,034,CONSTANZA,LA VEGA,MINISTERIO DE AGRICULTURA,EMCI,29.2,14.7,0.0,https://indomet.gob.do/wp-content/uploads/2025/09/temperaturas-extremas-y-precipitaciones-2025x09x10-a.pdf
2025-09-10,035,CONSTANZA (EMA),LA VEGA,PROGRAMA MUNDIAL DE ALIMENTO,EMAP,27.8,15.9,0.0,https://indomet.gob.do/wp-content/uploads/2025/09/temperaturas-extremas-y-precipitaciones-2025x09x10-a.pdf
2025-09-10,036,DAJABÓN,DAJABÓN,INSTITUTO POLITÉCNICO LOYOLA,EMCI,35.0,20.2,0.0,https://indomet.gob.do/wp-content/uploads/2025/09/temperaturas-extremas-y-precipitaciones-2025x09x10-a.pdf
2025-09-10,037,EL FACTOR (EMA),MARÍA TRINIDAD SÁNCHEZ,INTEC,EMAP,35.1,24.1,0.0,https://indomet.gob.do/wp-content/uploads/2025/09/temperaturas-extremas-y-precipitaciones-2025x09x10-a.pdf
2025-09-10,038,ENRIQUILLO,BARAHONA,MINISTERIO DE AGRICULTURA,EMCV,33.0,25.3,0.0,https://indomet.gob.do/wp-content/uploads/2025/09/temperaturas-extremas-y-precipitaciones-2025x09x10-a.pdf
2025-09-10,039,GASPAR HERNÁNDEZ,ESPAILLAT,PROPIEDAD DEL EMPLEADO,EMCI,,,0.0,https://indomet.gob.do/wp-content/uploads/2025/09/temperaturas-extremas-y-precipitaciones-2025x09x10-a.pdf
2025-09-10,040,GURABO,SANTIAGO,MINISTERIO DE AGRICULTURA,EMCV,,,0.0,https://indomet.gob.do/wp-content/uploads/2025/09/temperaturas-extremas-y-precipitaciones-2025x09x10-a.pdf
2025-09-10,041,HATO MAYOR,HATO MAYOR,MINISTERIO DE AGRICULTURA,EMCV,,,0.0,https://indomet.gob.do/wp-content/uploads/2025/09/temperaturas-extremas-y-precipitaciones-2025x09x10-a.pdf
2025-09-10,042,JARABACOA,LA VEGA,INDRHI / MARENA,EMCI,35.0,18.8,0.0,https://indomet.gob.do/wp-content/uploads/2025/09/temperaturas-extremas-y-precipitaciones-2025x09x10-a.pdf
2025-09-10,043,JARABACOA (EMA),LA VEGA,PROGRAMA MUNDIAL DE ALIMENTO,EMAP,34.0,20.9,0.0,https://indomet.gob.do/wp-content/uploads/2025/09/temperaturas-extremas-y-precipitaciones-2025x09x10-a.pdf
2025-09-10,044,JARDÍN BOTÁNICO NACIONAL,DISTRITO NACIONAL,JARDÍN BOTÁNICO NACIONAL,EMCV,33.7,22.9,0.0,https://indomet.gob.do/wp-content/uploads/2025/09/temperaturas-extremas-y-precipitaciones-2025x09x10-a.pdf
2025-09-10,045,JIMA ABAJO,LA VEGA,,EMCI,38.0,22.0,0.0,https://indomet.gob.do/wp-content/uploads/2025/09/temperaturas-extremas-y-precipitaciones-2025x09x10-a.pdf
2025-09-10,046,JIMANÍ,INDEPENDENCIA,MINISTERIO DE AGRICULTURA,EMCI,37.5,26.0,0.0,https://indomet.gob.do/wp-content/uploads/2025/09/temperaturas-extremas-y-precipitaciones-2025x09x10-a.pdf
2025-09-10,047,JUMA BEJUCAL,MONSEÑOR NOUEL,IDIAF,EMCV,34.2,21.4,0.0,https://indomet.gob.do/wp-content/uploads/2025/09/temperaturas-extremas-y-precipitaciones-2025x09x10-a.pdf
2025-09-10,048,LA VEGA,LA VEGA,IATESA,EMCI,36.3,22.5,0.0,https://indomet.gob.do/wp-content/uploads/2025/09/temperaturas-extremas-y-precipitaciones-2025x09x10-a.pdf
2025-09-10,049,LAS CANAS (EMA),MONTE CRISTI,PROGRAMA MUNDIAL DE ALIMENTO,EMAP,31.5,24.1,0.0,https://indomet.gob.do/wp-content/uploads/2025/09/temperaturas-extremas-y-precipitaciones-2025x09x10-a.pdf
2025-09-10,050,LAS MATAS DE SANTA CRUZ (EMA,MONTE CRISTI,PROGRAMA MUNDIAL DE ALIMENTO,EMAP,35.8,25.2,0.0,https://indomet.gob.do/wp-content/uploads/2025/09/temperaturas-extremas-y-precipitaciones-2025x09x10-a.pdf
2025-09-10,051,LOS LLANOS,SAN PEDRO DE MACORÍS,MINISTERIO DE AGRICULTURA,EMCI,34.0,24.0,0.0,https://indomet.gob.do/wp-content/uploads/2025/09/temperaturas-extremas-y-precipitaciones-2025x09x10-a.pdf
2025-09-10,052,MAO,VALVERDE,INDRHI / MINISTERIO DE AGRICULTURA,EMCV,,,0.0,https://indomet.gob.do/wp-content/uploads/2025/09/temperaturas-extremas-y-precipitaciones-2025x09x10-a.pdf
2025-09-10,053,MONTE CRISTI,MONTE CRISTI,ONAMET,EMCI,35.0,25.0,0.0,https://indomet.gob.do/wp-content/uploads/2025/09/temperaturas-extremas-y-precipitaciones-2025x09x10-a.pdf
2025-09-10,054,NAVARRETE,SANTIAGO,MINISTERIO DE AGRICULTURA,EMCV,,,0.0,https://indomet.gob.do/wp-content/uploads/2025/09/temperaturas-extremas-y-precipitaciones-2025x09x10-a.pdf
2025-09-10,055,OLIVARES,PEDERNALES,INDRHI,EMCI,,,0.0,https://indomet.gob.do/wp-content/uploads/2025/09/temperaturas-extremas-y-precipitaciones-2025x09x10-a.pdf
2025-09-10,056,PADRE LAS CASAS,AZUA,HOSP. NTRA. SRA. DEL CARMEN,EMCI,33.0,20.0,0.0,https://indomet.gob.do/wp-content/uploads/2025/09/temperaturas-extremas-y-precipitaciones-2025x09x10-a.pdf
2025-09-10,057,PEDERNALES,PEDERNALES,INDRHI,EMCI,,,0.0,https://indomet.gob.do/wp-content/uploads/2025/09/temperaturas-extremas-y-precipitaciones-2025x09x10-a.pdf
2025-09-10,058,PERALTA,AZUA,HOSP. MPAL. DE PERALTA,EMCI,31.5,18.0,0.0,https://indomet.gob.do/wp-content/uploads/2025/09/temperaturas-extremas-y-precipitaciones-2025x09x10-a.pdf
2025-09-10,059,PESCADERIA (EMA),BARAHONA,MINISTERIO DE AGRICULTURA,EMAP,34.2,24.1,0.0,https://indomet.gob.do/wp-content/uploads/2025/09/temperaturas-extremas-y-precipitaciones-2025x09x10-a.pdf
2025-09-10,060,POLO,BARAHONA,INDOCAFE,EMCI,29.8,19.4,0.0,https://indomet.gob.do/wp-content/uploads/2025/09/temperaturas-extremas-y-precipitaciones-2025x09x10-a.pdf
2025-09-10,061,PONTÓN ABAJO (EMA),LA VEGA,MINISTERIO DE AGRICULTURA,EMAP,37.7,23.5,0.0,https://indomet.gob.do/wp-content/uploads/2025/09/temperaturas-extremas-y-precipitaciones-2025x09x10-a.pdf
2025-09-10,062,PRESA DE TAVERAS (EMA),LA VEGA,PROGRAMA MUNDIAL DE ALIMENTO,EMAP,34.6,21.4,0.0,https://indomet.gob.do/wp-content/uploads/2025/09/temperaturas-extremas-y-precipitaciones-2025x09x10-a.pdf
2025-09-10,063,RANCHO ARRIBA,SAN JOSÉ DE OCOA,CENTRO TECNOLÓGICO COMUNITARIO,EMCI,32.3,17.8,0.0,https://indomet.gob.do/wp-content/uploads/2025/09/temperaturas-extremas-y-precipitaciones-2025x09x10-a.pdf
2025-09-10,064,RESTAURACIÓN,DAJABÓN,MINISTERIO DE AGRICULTURA,EMCI,31.4,18.7,0.0,https://indomet.gob.do/wp-content/uploads/2025/09/temperaturas-extremas-y-precipitaciones-2025x09x10-a.pdf
2025-09-10,065,RÍO SAN JUAN,MARÍA TRINIDAD SÁNCHEZ,HOSP. MPAL. DR. DESIDERIO ACOSTA,EMCV,36.6,25.4,0.0,https://indomet.gob.do/wp-content/uploads/2025/09/temperaturas-extremas-y-precipitaciones-2025x09x10-a.pdf
2025-09-10,066,SABANA DE LA MAR,HATO MAYOR,ONAMET,EMCI,32.5,23.5,0.0,https://indomet.gob.do/wp-content/uploads/2025/09/temperaturas-extremas-y-precipitaciones-2025x09x10-a.pdf
2025-09-10,067,SABANA GRANDE DE BOYÁ,MONTE PLATA,MINISTERIO DE AGRICULTURA,EMCV,,,0.0,https://indomet.gob.do/wp-content/uploads/2025/09/temperaturas-extremas-y-precipitaciones-2025x09x10-a.pdf
2025-09-10,068,SALCEDO,HERMANAS MIRABAL,PROPIEDAD DEL EMPLEADO,EMCI,,,0.0,https://indomet.gob.do/wp-content/uploads/2025/09/temperaturas-extremas-y-precipitaciones-2025x09x10-a.pdf
2025-09-10,069,SAMANÁ,SAMANÁ,COMANDANCIA DE PUERTO DE SAMANÁ,EMCI,33.9,23.5,0.0,https://indomet.gob.do/wp-content/uploads/2025/09/temperaturas-extremas-y-precipitaciones-2025x09x10-a.pdf
2025-09-10,070,SAN FELIPE,PUERTO PLATA,DEFENSA CIVIL,EMCV,38.0,22.0,0.0,https://indomet.gob.do/wp-content/uploads/2025/09/temperaturas-extremas-y-precipitaciones-2025x09x10-a.pdf
2025-09-10,071,SAN FRANCISCO DE MACORÍS,DUARTE,San Francisco de Macorís (UASD),EMCI,36.4,23.8,0.0,https://indomet.gob.do/wp-content/uploads/2025/09/temperaturas-extremas-y-precipitaciones-2025x09x10-a.pdf
2025-09-10,072,SÁNCHEZ,SAMANÁ,MINISTERIO DE AGRICULTURA,EMCI,35.2,22.9,0.0,https://indomet.gob.do/wp-content/uploads/2025/09/temperaturas-extremas-y-precipitaciones-2025x09x10-a.pdf
2025-09-10,073,SANTIAGO,SANTIAGO,HUACALITO,EMCI,35.0,23.0,0.0,https://indomet.gob.do/wp-content/uploads/2025/09/temperaturas-extremas-y-precipitaciones-2025x09x10-a.pdf
2025-09-10,074,SANTO DOMINGO ESTE,SANTO DOMINGO,ONAMET,EMCI,34.0,26.2,0.0,https://indomet.gob.do/wp-content/uploads/2025/09/temperaturas-extremas-y-precipitaciones-2025x09x10-a.pdf
2025-09-10,075,TÁBARA ABAJO,AZUA,INDRHI,EMCI,34.9,20.5,0.0,https://indomet.gob.do/wp-content/uploads/2025/09/temperaturas-extremas-y-precipitaciones-2025x09x10-a.pdf
2025-09-10,076,TAMBORIL,SANTIAGO,MINISTERIO DE AGRICULTURA,EMCV,,,0.0,https://indomet.gob.do/wp-content/uploads/2025/09/temperaturas-extremas-y-precipitaciones-2025x09x10-a.pdf
2025-09-10,077,VALLE NUEVO (EMA),LA VEGA,MARENA,EMAI,22.3,5.6,0.0,https://indomet.gob.do/wp-content/uploads/2025/09/temperaturas-extremas-y-precipitaciones-2025x09x10-a.pdf
2025-09-10,078,VILLA ALTAGRACIA,SAN CRISTÓBAL,ESCUELA JAVIER ANGULO GURIDI,EMCI,,,0.0,https://indomet.gob.do/wp-content/uploads/2025/09/temperaturas-extremas-y-precipitaciones-2025x09x10-a.pdf
2025-09-10,079,VILLA GONZALES,SANTIAGO,MINISTERIO DE AGRICULTURA,EMCI,,,0.0,https://indomet.gob.do/wp-content/uploads/2025/09/temperaturas-extremas-y-precipitaciones-2025x09x10-a.pdf
2025-09-10,080,VILLA ISABELA,PUERTO PLATA,MINISTERIO DE AGRICULTURA,EMCV,,,0.0,https://indomet.gob.do/wp-content/uploads/2025/09/temperaturas-extremas-y-precipitaciones-2025x09x10-a.pdf
2025-09-10,081,VILLA RIVA,DUARTE,HOSP. MPAL. ALICIA DE LEGENDRE,EMCI,33.8,23.4,0.0,https://indomet.gob.do/wp-content/uploads/2025/09/temperaturas-extremas-y-precipitaciones-2025x09x10-a.pdf
2025-09-11,001,ALTAMIRA,PUERTO PLATA,HOSP. MPAL. DE ALTAMIRA,EMCI,33.6,21.6,44.0,https://indomet.gob.do/wp-content/uploads/2025/09/temperaturas-extremas-y-precipitaciones-2025x09x11-a.pdf
2025-09-11,002,CONSTANZA,LA VEGA,MINISTERIO DE AGRICULTURA,EMCI,30.4,14.5,32.7,https://indomet.gob.do/wp-content/uploads/2025/09/temperaturas-extremas-y-precipitaciones-2025x09x11-a.pdf
2025-09-11,003,ALTO BANDERA (EMA),LA VEGA,INTEC,EMAP,20.2,9.1,30.7,https://indomet.gob.do/wp-content/uploads/2025/09/temperaturas-extremas-y-precipitaciones-2025x09x11-a.pdf
2025-09-11,004,NAVARRETE,SANTIAGO,MINISTERIO DE AGRICULTURA,EMCV,,,23.6,https://indomet.gob.do/wp-content/uploads/2025/09/temperaturas-extremas-y-precipitaciones-2025x09x11-a.pdf
2025-09-11,005,VALLE NUEVO (EMA),LA VEGA,MARENA,EMAI,21.4,7.6,11.5,https://indomet.gob.do/wp-content/uploads/2025/09/temperaturas-extremas-y-precipitaciones-2025x09x11-a.pdf
2025-09-11,006,VILLA GONZALES,SANTIAGO,MINISTERIO DE AGRICULTURA,EMCI,,,10.7,https://indomet.gob.do/wp-content/uploads/2025/09/temperaturas-extremas-y-precipitaciones-2025x09x11-a.pdf
2025-09-11,007,SAN JOSÉ DE OCOA,SAN JOSÉ DE OCOA,HOSP. SAN JOSÉ DE OCOA,EMCI,32.1,18.0,10.0,https://indomet.gob.do/wp-content/uploads/2025/09/temperaturas-extremas-y-precipitaciones-2025x09x11-a.pdf
2025-09-11,008,CABRAL,BARAHONA,MINISTERIO DE AGRICULTURA,EMCV,35.5,23.8,6.6,https://indomet.gob.do/wp-content/uploads/2025/09/temperaturas-extremas-y-precipitaciones-2025x09x11-a.pdf
2025-09-11,009,CONSTANZA (EMA),LA VEGA,PROGRAMA MUNDIAL DE ALIMENTO,EMAP,29.0,15.6,6.2,https://indomet.gob.do/wp-content/uploads/2025/09/temperaturas-extremas-y-precipitaciones-2025x09x11-a.pdf
2025-09-11,010,ARPT. MARÍA MONTEZ,BARAHONA,INDOMET,EMCI,34.0,24.5,5.5,https://indomet.gob.do/wp-content/uploads/2025/09/temperaturas-extremas-y-precipitaciones-2025x09x11-a.pdf
2025-09-11,011,HONDO VALLE,ELÍAS PIÑA,MINISTERIO DE AGRICULTURA,EMCI,28.3,18.0,4.7,https://indomet.gob.do/wp-content/uploads/2025/09/temperaturas-extremas-y-precipitaciones-2025x09x11-a.pdf
2025-09-11,012,ELÍAS PIÑA,ELÍAS PIÑA,MINISTERIO DE AGRICULTURA,EMCV,,,4.0,https://indomet.gob.do/wp-content/uploads/2025/09/temperaturas-extremas-y-precipitaciones-2025x09x11-a.pdf
2025-09-11,013,ARPT. DEL CIBAO,SANTIAGO,INDOMET,EMCI,36.8,23.5,2.3,https://indomet.gob.do/wp-content/uploads/2025/09/temperaturas-extremas-y-precipitaciones-2025x09x11-a.pdf
2025-09-11,014,PESCADERIA (EMA),BARAHONA,MINISTERIO DE AGRICULTURA,EMAP,34.8,24.3,2.2,https://indomet.gob.do/wp-content/uploads/2025/09/temperaturas-extremas-y-precipitaciones-2025x09x11-a.pdf
2025-09-11,015,HATO MAYOR,HATO MAYOR,MINISTERIO DE AGRICULTURA,EMCV,,,1.5,https://indomet.gob.do/wp-content/uploads/2025/09/temperaturas-extremas-y-precipitaciones-2025x09x11-a.pdf
2025-09-11,016,PERALTA,AZUA,HOSP. MPAL. DE PERALTA,EMCI,32.5,19.0,0.6,https://indomet.gob.do/wp-content/uploads/2025/09/temperaturas-extremas-y-precipitaciones-2025x09x11-a.pdf
2025-09-11,017,LAS MATAS DE SANTA CRUZ (EMA,MONTE CRISTI,PROGRAMA MUNDIAL DE ALIMENTO,EMAP,34.7,23.8,0.5,https://indomet.gob.do/wp-content/uploads/2025/09/temperaturas-extremas-y-precipitaciones-2025x09x11-a.pdf
2025-09-11,018,BOCA DE MAO (EMA),VALVERDE,MINISTERIO DE AGRICULTURA,EMAP,26.9,22.8,0.2,https://indomet.gob.do/wp-content/uploads/2025/09/temperaturas-extremas-y-precipitaciones-2025x09x11-a.pdf
2025-09-11,019,BAYAGUANA,MONTE PLATA,INDOMET,EMCI,34.0,23.2,0.1,https://indomet.gob.do/wp-content/uploads/2025/09/temperaturas-extremas-y-precipitaciones-2025x09x11-a.pdf
2025-09-11,020,ANAMUYA (EMA),LA ALTAGRACIA,MINISTERIO DE AGRICULTURA,EMAP,35.0,24.6,0.0,https://indomet.gob.do/wp-content/uploads/2025/09/temperaturas-extremas-y-precipitaciones-2025x09x11-a.pdf
2025-09-11,021,ARPT. ARROYO BARRIL,SAMANÁ,INDOMET,EMCI,34.4,24.5,0.0,https://indomet.gob.do/wp-content/uploads/2025/09/temperaturas-extremas-y-precipitaciones-2025x09x11-a.pdf
2025-09-11,022,ARPT. DE LA ROMANA,LA ROMANA,INDOMET,EMCI,34.5,23.7,0.0,https://indomet.gob.do/wp-content/uploads/2025/09/temperaturas-extremas-y-precipitaciones-2025x09x11-a.pdf
2025-09-11,023,ARPT. DE LAS AMÉRICAS,SANTO DOMINGO,INDOMET,EMCI,34.0,24.0,0.0,https://indomet.gob.do/wp-content/uploads/2025/09/temperaturas-extremas-y-precipitaciones-2025x09x11-a.pdf
2025-09-11,024,ARPT. DE PUNTA CANA,LA ALTAGRACIA,INDOMET,EMCI,33.3,24.5,0.0,https://indomet.gob.do/wp-content/uploads/2025/09/temperaturas-extremas-y-precipitaciones-2025x09x11-a.pdf
2025-09-11,025,ARPT. EL CATEY,SAMANÁ,INDOMET,EMCI,33.5,23.5,0.0,https://indomet.gob.do/wp-content/uploads/2025/09/temperaturas-extremas-y-precipitaciones-2025x09x11-a.pdf
2025-09-11,026,ARPT. GREGORIO LUPERÓN,PUERTO PLATA,INDOMET,EMCI,35.3,23.0,0.0,https://indomet.gob.do/wp-content/uploads/2025/09/temperaturas-extremas-y-precipitaciones-2025x09x11-a.pdf
2025-09-11,027,ARPT. LA ISABELA,SANTO DOMINGO,INDOMET,EMCI,36.3,23.5,0.0,https://indomet.gob.do/wp-content/uploads/2025/09/temperaturas-extremas-y-precipitaciones-2025x09x11-a.pdf
2025-09-11,028,BANI (EMA),PERAVIA,MINISTERIO DE AGRICULTURA,EMAP,33.3,24.5,0.0,https://indomet.gob.do/wp-content/uploads/2025/09/temperaturas-extremas-y-precipitaciones-2025x09x11-a.pdf
2025-09-11,029,BASE AÉREA DE SAN ISIDRO,SANTO DOMINGO,FUERZA AÉREA DOMINICANA,EMCV,33.0,24.0,0.0,https://indomet.gob.do/wp-content/uploads/2025/09/temperaturas-extremas-y-precipitaciones-2025x09x11-a.pdf
2025-09-11,030,BONAO,MONSEÑOR NOUEL,MINISTERIO DE AGRICULTURA,EMCV,,,0.0,https://indomet.gob.do/wp-content/uploads/2025/09/temperaturas-extremas-y-precipitaciones-2025x09x11-a.pdf
2025-09-11,031,CABRERA,MARÍA TRINIDAD SÁNCHEZ,ESCUELA ARÍSTIDES FIALLO CABRAL,EMCI,34.9,26.6,0.0,https://indomet.gob.do/wp-content/uploads/2025/09/temperaturas-extremas-y-precipitaciones-2025x09x11-a.pdf
2025-09-11,032,CENTRO DE LOS HEROES (EMA),DISTRITO NACIONAL,MINISTERIO DE ENERGIA Y MINA,EMAP,32.6,27.9,0.0,https://indomet.gob.do/wp-content/uploads/2025/09/temperaturas-extremas-y-precipitaciones-2025x09x11-a.pdf
2025-09-11,033,DAJABÓN,DAJABÓN,INSTITUTO POLITÉCNICO LOYOLA,EMCI,34.8,19.6,0.0,https://indomet.gob.do/wp-content/uploads/2025/09/temperaturas-extremas-y-precipitaciones-2025x09x11-a.pdf
2025-09-11,034,EL CERCADO,SAN JUAN,MINISTERIO DE AGRICULTURA,EMCV,,,0.0,https://indomet.gob.do/wp-content/uploads/2025/09/temperaturas-extremas-y-precipitaciones-2025x09x11-a.pdf
2025-09-11,035,EL FACTOR (EMA),MARÍA TRINIDAD SÁNCHEZ,INTEC,EMAP,35.2,24.6,0.0,https://indomet.gob.do/wp-content/uploads/2025/09/temperaturas-extremas-y-precipitaciones-2025x09x11-a.pdf
2025-09-11,036,ENRIQUILLO,BARAHONA,MINISTERIO DE AGRICULTURA,EMCV,34.0,24.5,0.0,https://indomet.gob.do/wp-content/uploads/2025/09/temperaturas-extremas-y-precipitaciones-2025x09x11-a.pdf
2025-09-11,037,GASPAR HERNÁNDEZ,ESPAILLAT,PROPIEDAD DEL EMPLEADO,EMCI,,,0.0,https://indomet.gob.do/wp-content/uploads/2025/09/temperaturas-extremas-y-precipitaciones-2025x09x11-a.pdf
2025-09-11,038,GURABO,SANTIAGO,MINISTERIO DE AGRICULTURA,EMCV,,,0.0,https://indomet.gob.do/wp-content/uploads/2025/09/temperaturas-extremas-y-precipitaciones-2025x09x11-a.pdf
2025-09-11,039,JARABACOA,LA VEGA,INDRHI / MARENA,EMCI,34.2,18.0,0.0,https://indomet.gob.do/wp-content/uploads/2025/09/temperaturas-extremas-y-precipitaciones-2025x09x11-a.pdf
2025-09-11,040,JARABACOA (EMA),LA VEGA,PROGRAMA MUNDIAL DE ALIMENTO,EMAP,33.1,20.0,0.0,https://indomet.gob.do/wp-content/uploads/2025/09/temperaturas-extremas-y-precipitaciones-2025x09x11-a.pdf
2025-09-11,041,JARDÍN BOTÁNICO NACIONAL,DISTRITO NACIONAL,JARDÍN BOTÁNICO NACIONAL,EMCV,33.4,22.7,0.0,https://indomet.gob.do/wp-content/uploads/2025/09/temperaturas-extremas-y-precipitaciones-2025x09x11-a.pdf
2025-09-11,042,JIMANÍ,INDEPENDENCIA,MINISTERIO DE AGRICULTURA,EMCI,38.4,26.6,0.0,https://indomet.gob.do/wp-content/uploads/2025/09/temperaturas-extremas-y-precipitaciones-2025x09x11-a.pdf
2025-09-11,043,JUMA BEJUCAL,MONSEÑOR NOUEL,IDIAF,EMCV,33.6,22.0,0.0,https://indomet.gob.do/wp-content/uploads/2025/09/temperaturas-extremas-y-precipitaciones-2025x09x11-a.pdf
2025-09-11,044,LA VEGA,LA VEGA,IATESA,EMCI,37.0,23.0,0.0,https://indomet.gob.do/wp-content/uploads/2025/09/temperaturas-extremas-y-precipitaciones-2025x09x11-a.pdf
2025-09-11,045,LA VICTORIA,SANTO DOMINGO,CUERPO DE BOMBEROS,EMCI,35.5,24.2,0.0,https://indomet.gob.do/wp-content/uploads/2025/09/temperaturas-extremas-y-precipitaciones-2025x09x11-a.pdf
2025-09-11,046,LAS CANAS (EMA),MONTE CRISTI,PROGRAMA MUNDIAL DE ALIMENTO,EMAP,31.8,24.3,0.0,https://indomet.gob.do/wp-content/uploads/2025/09/temperaturas-extremas-y-precipitaciones-2025x09x11-a.pdf
2025-09-11,047,LOS LLANOS,SAN PEDRO DE MACORÍS,MINISTERIO DE AGRICULTURA,EMCI,34.4,23.8,0.0,https://indomet.gob.do/wp-content/uploads/2025/09/temperaturas-extremas-y-precipitaciones-2025x09x11-a.pdf
2025-09-11,048,LOS TRES CHARCOS (EMA),PEDERNALES,PROPIEDAD DEL VOLUNTARIO,EMAP,33.4,22.7,0.0,https://indomet.gob.do/wp-content/uploads/2025/09/temperaturas-extremas-y-precipitaciones-2025x09x11-a.pdf
2025-09-11,049,MAO,VALVERDE,INDRHI / MINISTERIO DE AGRICULTURA,EMCV,,,0.0,https://indomet.gob.do/wp-content/uploads/2025/09/temperaturas-extremas-y-precipitaciones-2025x09x11-a.pdf
2025-09-11,050,MONCIÓN (EMA),SANTIAGO RODRÍGUEZ,PROGRAMA MUNDIAL DE ALIMENTO,EMAP,32.9,21.8,0.0,https://indomet.gob.do/wp-content/uploads/2025/09/temperaturas-extremas-y-precipitaciones-2025x09x11-a.pdf
2025-09-11,051,MONTE CRISTI,MONTE CRISTI,INDOMET,EMCI,35.0,26.0,0.0,https://indomet.gob.do/wp-content/uploads/2025/09/temperaturas-extremas-y-precipitaciones-2025x09x11-a.pdf
2025-09-11,052,OLIVARES,PEDERNALES,INDRHI,EMCI,,,0.0,https://indomet.gob.do/wp-content/uploads/2025/09/temperaturas-extremas-y-precipitaciones-2025x09x11-a.pdf
2025-09-11,053,OVIEDO,PEDERNALES,CLÍNICA RURAL OVIEDO,EMCI,35.0,25.5,0.0,https://indomet.gob.do/wp-content/uploads/2025/09/temperaturas-extremas-y-precipitaciones-2025x09x11-a.pdf
2025-09-11,054,PADRE LAS CASAS,AZUA,HOSP. NTRA. SRA. DEL CARMEN,EMCI,33.0,20.3,0.0,https://indomet.gob.do/wp-content/uploads/2025/09/temperaturas-extremas-y-precipitaciones-2025x09x11-a.pdf
2025-09-11,055,PALO ÍNDIO,PUERTO PLATA,MINISTERIO DE AGRICULTURA,EMCI,,,0.0,https://indomet.gob.do/wp-content/uploads/2025/09/temperaturas-extremas-y-precipitaciones-2025x09x11-a.pdf
2025-09-11,056,PEDERNALES,PEDERNALES,INDRHI,EMCI,,,0.0,https://indomet.gob.do/wp-content/uploads/2025/09/temperaturas-extremas-y-precipitaciones-2025x09x11-a.pdf
2025-09-11,057,POLO,BARAHONA,INDOCAFE,EMCI,30.0,19.0,0.0,https://indomet.gob.do/wp-content/uploads/2025/09/temperaturas-extremas-y-precipitaciones-2025x09x11-a.pdf
2025-09-11,058,PONTÓN ABAJO (EMA),LA VEGA,MINISTERIO DE AGRICULTURA,EMAP,37.8,23.3,0.0,https://indomet.gob.do/wp-content/uploads/2025/09/temperaturas-extremas-y-precipitaciones-2025x09x11-a.pdf
2025-09-11,059,PRESA DE TAVERAS (EMA),LA VEGA,PROGRAMA MUNDIAL DE ALIMENTO,EMAP,35.5,21.1,0.0,https://indomet.gob.do/wp-content/uploads/2025/09/temperaturas-extremas-y-precipitaciones-2025x09x11-a.pdf
2025-09-11,060,RANCHO ARRIBA,SAN JOSÉ DE OCOA,CENTRO TECNOLÓGICO COMUNITARIO,EMCI,32.0,17.4,0.0,https://indomet.gob.do/wp-content/uploads/2025/09/temperaturas-extremas-y-precipitaciones-2025x09x11-a.pdf
2025-09-11,061,RESTAURACIÓN,DAJABÓN,MINISTERIO DE AGRICULTURA,EMCI,32.1,18.2,0.0,https://indomet.gob.do/wp-content/uploads/2025/09/temperaturas-extremas-y-precipitaciones-2025x09x11-a.pdf
2025-09-11,062,RÍO SAN JUAN,MARÍA TRINIDAD SÁNCHEZ,HOSP. MPAL. DR. DESIDERIO ACOSTA,EMCV,36.2,25.5,0.0,https://indomet.gob.do/wp-content/uploads/2025/09/temperaturas-extremas-y-precipitaciones-2025x09x11-a.pdf
2025-09-11,063,SABANA DE LA MAR,HATO MAYOR,INDOMET,EMCI,33.0,23.5,0.0,https://indomet.gob.do/wp-content/uploads/2025/09/temperaturas-extremas-y-precipitaciones-2025x09x11-a.pdf
2025-09-11,064,SABANA GRANDE DE BOYÁ,MONTE PLATA,MINISTERIO DE AGRICULTURA,EMCV,,,0.0,https://indomet.gob.do/wp-content/uploads/2025/09/temperaturas-extremas-y-precipitaciones-2025x09x11-a.pdf
2025-09-11,065,SABANETA (EMA),SANTIAGO RODRÍGUEZ,PROGRAMA MUNDIAL DE ALIMENTO,EMAP,36.6,23.7,0.0,https://indomet.gob.do/wp-content/uploads/2025/09/temperaturas-extremas-y-precipitaciones-2025x09x11-a.pdf
2025-09-11,066,SALCEDO,HERMANAS MIRABAL,PROPIEDAD DEL EMPLEADO,EMCI,,,0.0,https://indomet.gob.do/wp-content/uploads/2025/09/temperaturas-extremas-y-precipitaciones-2025x09x11-a.pdf
2025-09-11,067,SAMANÁ,SAMANÁ,COMANDANCIA DE PUERTO DE SAMANÁ,EMCI,34.5,22.6,0.0,https://indomet.gob.do/wp-content/uploads/2025/09/temperaturas-extremas-y-precipitaciones-2025x09x11-a.pdf
2025-09-11,068,SAN CRISTÓBAL,SAN CRISTÓBAL,INSTITUTO POLITÉCNICO LOYOLA,EMCI,33.2,22.0,0.0,https://indomet.gob.do/wp-content/uploads/2025/09/temperaturas-extremas-y-precipitaciones-2025x09x11-a.pdf
2025-09-11,069,SAN FRANCISCO DE MACORÍS,DUARTE,San Francisco de Macorís (UASD),EMCI,36.7,24.0,0.0,https://indomet.gob.do/wp-content/uploads/2025/09/temperaturas-extremas-y-precipitaciones-2025x09x11-a.pdf
2025-09-11,070,SAN RAFAEL DEL YUMA,LA ALTAGRACIA,MINISTERIO DE AGRICULTURA,EMCI,35.0,23.1,0.0,https://indomet.gob.do/wp-content/uploads/2025/09/temperaturas-extremas-y-precipitaciones-2025x09x11-a.pdf
2025-09-11,071,SÁNCHEZ,SAMANÁ,MINISTERIO DE AGRICULTURA,EMCI,35.4,23.2,0.0,https://indomet.gob.do/wp-content/uploads/2025/09/temperaturas-extremas-y-precipitaciones-2025x09x11-a.pdf
2025-09-11,072,SANTIAGO,SANTIAGO,HUACALITO,EMCI,,,0.0,https://indomet.gob.do/wp-content/uploads/2025/09/temperaturas-extremas-y-precipitaciones-2025x09x11-a.pdf
2025-09-11,073,SANTIAGO RODRÍGUEZ,SANTIAGO RODRÍGUEZ,INDOMET,EMCI,37.0,24.0,0.0,https://indomet.gob.do/wp-content/uploads/2025/09/temperaturas-extremas-y-precipitaciones-2025x09x11-a.pdf
2025-09-11,074,SANTO DOMINGO ESTE,SANTO DOMINGO,INDOMET,EMCI,34.2,27.0,0.0,https://indomet.gob.do/wp-content/uploads/2025/09/temperaturas-extremas-y-precipitaciones-2025x09x11-a.pdf
2025-09-11,075,TÁBARA ABAJO,AZUA,INDRHI,EMCI,35.9,24.5,0.0,https://indomet.gob.do/wp-content/uploads/2025/09/temperaturas-extremas-y-precipitaciones-2025x09x11-a.pdf
2025-09-11,076,TAMBORIL,SANTIAGO,MINISTERIO DE AGRICULTURA,EMCV,,,0.0,https://indomet.gob.do/wp-content/uploads/2025/09/temperaturas-extremas-y-precipitaciones-2025x09x11-a.pdf
2025-09-11,077,VILLA ALTAGRACIA,SAN CRISTÓBAL,ESCUELA JAVIER ANGULO GURIDI,EMCI,,,0.0,https://indomet.gob.do/wp-content/uploads/2025/09/temperaturas-extremas-y-precipitaciones-2025x09x11-a.pdf
2025-09-11,078,JIMA ABAJO,LA VEGA,INDOMET,EMCI,38.5,21.5,0.0,https://indomet.gob.do/wp-content/uploads/2025/09/temperaturas-extremas-y-precipitaciones-2025x09x11-a.pdf
2025-09-11,079,VILLA ISABELA,PUERTO PLATA,MINISTERIO DE AGRICULTURA,EMCV,,,0.0,https://indomet.gob.do/wp-content/uploads/2025/09/temperaturas-extremas-y-precipitaciones-2025x09x11-a.pdf
2025-09-11,080,VILLA RIVA,DUARTE,HOSP. MPAL. ALICIA DE LEGENDRE,EMCI,35.5,23.5,0.0,https://indomet.gob.do/wp-content/uploads/2025/09/temperaturas-extremas-y-precipitaciones-2025x09x11-a.pdf
2025-09-12,001,EL SEIBO,,,,,,80.8,https://indomet.gob.do/wp-content/uploads/2025/09/temperaturas-extremas-y-precipitaciones-2025x09x12-a.pdf
2025-09-12,002,TAMBORIL,,,,,,43.2,https://indomet.gob.do/wp-content/uploads/2025/09/temperaturas-extremas-y-precipitaciones-2025x09x12-a.pdf
2025-09-12,003,VALLE NUEVO (EMA),,,,20.6,8.4,39.2,https://indomet.gob.do/wp-content/uploads/2025/09/temperaturas-extremas-y-precipitaciones-2025x09x12-a.pdf
2025-09-12,004,JIMANÍ,,,,38.6,24.6,26.6,https://indomet.gob.do/wp-content/uploads/2025/09/temperaturas-extremas-y-precipitaciones-2025x09x12-a.pdf
2025-09-12,005,ARPT. DEL CIBAO,,,,34.6,22.2,21.6,https://indomet.gob.do/wp-content/uploads/2025/09/temperaturas-extremas-y-precipitaciones-2025x09x12-a.pdf
2025-09-12,006,ANAMUYA (EMA),,,,33.5,23.4,21.2,https://indomet.gob.do/wp-content/uploads/2025/09/temperaturas-extremas-y-precipitaciones-2025x09x12-a.pdf
2025-09-12,007,SABANA GRANDE DE BOYÁ,,,,,,18.5,https://indomet.gob.do/wp-content/uploads/2025/09/temperaturas-extremas-y-precipitaciones-2025x09x12-a.pdf
2025-09-12,008,HONDO VALLE,,,,28.0,17.8,9.6,https://indomet.gob.do/wp-content/uploads/2025/09/temperaturas-extremas-y-precipitaciones-2025x09x12-a.pdf
2025-09-12,009,CONSTANZA,,,,29.0,12.5,8.9,https://indomet.gob.do/wp-content/uploads/2025/09/temperaturas-extremas-y-precipitaciones-2025x09x12-a.pdf
2025-09-12,010,SABANETA (EMA),,,,36.7,23.3,8.8,https://indomet.gob.do/wp-content/uploads/2025/09/temperaturas-extremas-y-precipitaciones-2025x09x12-a.pdf
2025-09-12,011,SANTIAGO RODRÍGUEZ,,,,36.8,24.3,8.2,https://indomet.gob.do/wp-content/uploads/2025/09/temperaturas-extremas-y-precipitaciones-2025x09x12-a.pdf
2025-09-12,012,TÁBARA ABAJO,,,,34.9,24.0,8.0,https://indomet.gob.do/wp-content/uploads/2025/09/temperaturas-extremas-y-precipitaciones-2025x09x12-a.pdf
2025-09-12,013,CONSTANZA (EMA),,,,28.3,16.7,7.8,https://indomet.gob.do/wp-content/uploads/2025/09/temperaturas-extremas-y-precipitaciones-2025x09x12-a.pdf
2025-09-12,014,ALTO BANDERA (EMA),,,,18.1,8.1,6.9,https://indomet.gob.do/wp-content/uploads/2025/09/temperaturas-extremas-y-precipitaciones-2025x09x12-a.pdf
2025-09-12,015,VILLA GONZALES,,,,,,6.6,https://indomet.gob.do/wp-content/uploads/2025/09/temperaturas-extremas-y-precipitaciones-2025x09x12-a.pdf
2025-09-12,016,JARABACOA (EMA),,,,33.6,19.7,6.6,https://indomet.gob.do/wp-content/uploads/2025/09/temperaturas-extremas-y-precipitaciones-2025x09x12-a.pdf
2025-09-12,017,SANTIAGO,,,,,,6.6,https://indomet.gob.do/wp-content/uploads/2025/09/temperaturas-extremas-y-precipitaciones-2025x09x12-a.pdf
2025-09-12,018,JARABACOA,,,,35.0,18.6,5.3,https://indomet.gob.do/wp-content/uploads/2025/09/temperaturas-extremas-y-precipitaciones-2025x09x12-a.pdf
2025-09-12,019,ARPT. DE LA ROMANA,,,,34.0,23.0,4.7,https://indomet.gob.do/wp-content/uploads/2025/09/temperaturas-extremas-y-precipitaciones-2025x09x12-a.pdf
2025-09-12,020,LA VEGA,,,,37.5,22.5,3.5,https://indomet.gob.do/wp-content/uploads/2025/09/temperaturas-extremas-y-precipitaciones-2025x09x12-a.pdf
2025-09-12,021,MONCIÓN (EMA),,,,33.7,21.5,2.6,https://indomet.gob.do/wp-content/uploads/2025/09/temperaturas-extremas-y-precipitaciones-2025x09x12-a.pdf
2025-09-12,022,LA VICTORIA,,,,34.0,24.0,2.3,https://indomet.gob.do/wp-content/uploads/2025/09/temperaturas-extremas-y-precipitaciones-2025x09x12-a.pdf
2025-09-12,023,PERALTA,,,,33.0,19.3,1.0,https://indomet.gob.do/wp-content/uploads/2025/09/temperaturas-extremas-y-precipitaciones-2025x09x12-a.pdf
2025-09-12,024,JUMA BEJUCAL,,,,34.4,23.8,0.9,https://indomet.gob.do/wp-content/uploads/2025/09/temperaturas-extremas-y-precipitaciones-2025x09x12-a.pdf
2025-09-12,025,PONTÓN ABAJO (EMA),,,,38.2,23.0,0.2,https://indomet.gob.do/wp-content/uploads/2025/09/temperaturas-extremas-y-precipitaciones-2025x09x12-a.pdf
2025-09-12,026,ALTAMIRA,,,,34.4,22.5,0.1,https://indomet.gob.do/wp-content/uploads/2025/09/temperaturas-extremas-y-precipitaciones-2025x09x12-a.pdf
2025-09-12,027,CABRAL,,,,35.4,24.6,0.1,https://indomet.gob.do/wp-content/uploads/2025/09/temperaturas-extremas-y-precipitaciones-2025x09x12-a.pdf
2025-09-12,028,OLIVARES,,,,,,0.1,https://indomet.gob.do/wp-content/uploads/2025/09/temperaturas-extremas-y-precipitaciones-2025x09x12-a.pdf
2025-09-12,029,PEDERNALES,,,,,,0.1,https://indomet.gob.do/wp-content/uploads/2025/09/temperaturas-extremas-y-precipitaciones-2025x09x12-a.pdf
2025-09-12,030,ARPT. ARROYO BARRIL,,,,34.2,24.0,0.0,https://indomet.gob.do/wp-content/uploads/2025/09/temperaturas-extremas-y-precipitaciones-2025x09x12-a.pdf
2025-09-12,031,ARPT. DE LAS AMÉRICAS,,,,33.5,23.8,0.0,https://indomet.gob.do/wp-content/uploads/2025/09/temperaturas-extremas-y-precipitaciones-2025x09x12-a.pdf
2025-09-12,032,ARPT. DE PUNTA CANA,,,,33.4,25.4,0.0,https://indomet.gob.do/wp-content/uploads/2025/09/temperaturas-extremas-y-precipitaciones-2025x09x12-a.pdf
2025-09-12,033,ARPT. EL CATEY,,,,31.6,23.0,0.0,https://indomet.gob.do/wp-content/uploads/2025/09/temperaturas-extremas-y-precipitaciones-2025x09x12-a.pdf
2025-09-12,034,ARPT. GREGORIO LUPERÓN,,,,34.6,24.0,0.0,https://indomet.gob.do/wp-content/uploads/2025/09/temperaturas-extremas-y-precipitaciones-2025x09x12-a.pdf
2025-09-12,035,ARPT. LA ISABELA,,,,35.5,23.5,0.0,https://indomet.gob.do/wp-content/uploads/2025/09/temperaturas-extremas-y-precipitaciones-2025x09x12-a.pdf
2025-09-12,036,ARPT. MARÍA MONTEZ,,,,34.0,24.5,0.0,https://indomet.gob.do/wp-content/uploads/2025/09/temperaturas-extremas-y-precipitaciones-2025x09x12-a.pdf
2025-09-12,037,BASE AÉREA DE SAN ISIDRO,,,,33.1,25.0,0.0,https://indomet.gob.do/wp-content/uploads/2025/09/temperaturas-extremas-y-precipitaciones-2025x09x12-a.pdf
2025-09-12,038,BAYAGUANA,,,,35.0,22.8,0.0,https://indomet.gob.do/wp-content/uploads/2025/09/temperaturas-extremas-y-precipitaciones-2025x09x12-a.pdf
2025-09-12,039,BOCA DE MAO (EMA),,,,37.1,23.1,0.0,https://indomet.gob.do/wp-content/uploads/2025/09/temperaturas-extremas-y-precipitaciones-2025x09x12-a.pdf
2025-09-12,040,CABRERA,,,,34.6,26.5,0.0,https://indomet.gob.do/wp-content/uploads/2025/09/temperaturas-extremas-y-precipitaciones-2025x09x12-a.pdf
2025-09-12,041,CENTRO DE LOS HEROES (EMA),,,,32.6,27.7,0.0,https://indomet.gob.do/wp-content/uploads/2025/09/temperaturas-extremas-y-precipitaciones-2025x09x12-a.pdf
2025-09-12,042,DAJABÓN,,,,35.0,20.6,0.0,https://indomet.gob.do/wp-content/uploads/2025/09/temperaturas-extremas-y-precipitaciones-2025x09x12-a.pdf
2025-09-12,043,EL FACTOR (EMA),,,,34.8,23.8,0.0,https://indomet.gob.do/wp-content/uploads/2025/09/temperaturas-extremas-y-precipitaciones-2025x09x12-a.pdf
2025-09-12,044,ENRIQUILLO,,,,34.0,22.8,0.0,https://indomet.gob.do/wp-content/uploads/2025/09/temperaturas-extremas-y-precipitaciones-2025x09x12-a.pdf
2025-09-12,045,ESCONDIDO,,,,33.0,24.0,0.0,https://indomet.gob.do/wp-content/uploads/2025/09/temperaturas-extremas-y-precipitaciones-2025x09x12-a.pdf
2025-09-12,046,GASPAR HERNÁNDEZ,,,,,,0.0,https://indomet.gob.do/wp-content/uploads/2025/09/temperaturas-extremas-y-precipitaciones-2025x09x12-a.pdf
2025-09-12,047,GURABO,,,,,,0.0,https://indomet.gob.do/wp-content/uploads/2025/09/temperaturas-extremas-y-precipitaciones-2025x09x12-a.pdf
2025-09-12,048,HATO MAYOR,,,,,,0.0,https://indomet.gob.do/wp-content/uploads/2025/09/temperaturas-extremas-y-precipitaciones-2025x09x12-a.pdf
2025-09-12,049,LAS CANAS (EMA),,,,32.1,23.3,0.0,https://indomet.gob.do/wp-content/uploads/2025/09/temperaturas-extremas-y-precipitaciones-2025x09x12-a.pdf
2025-09-12,050,LAS MATAS DE SANTA CRUZ (EMA),,,,,,0.0,https://indomet.gob.do/wp-content/uploads/2025/09/temperaturas-extremas-y-precipitaciones-2025x09x12-a.pdf
2025-09-12,051,LOS TRES CHARCOS (EMA),,,,33.3,22.2,0.0,https://indomet.gob.do/wp-content/uploads/2025/09/temperaturas-extremas-y-precipitaciones-2025x09x12-a.pdf
2025-09-12,052,MONTE CRISTI,,,,36.0,25.0,0.0,https://indomet.gob.do/wp-content/uploads/2025/09/temperaturas-extremas-y-precipitaciones-2025x09x12-a.pdf
2025-09-12,053,NAVARRETE,,,,,,0.0,https://indomet.gob.do/wp-content/uploads/2025/09/temperaturas-extremas-y-precipitaciones-2025x09x12-a.pdf
2025-09-12,054,OVIEDO,,,,34.0,25.0,0.0,https://indomet.gob.do/wp-content/uploads/2025/09/temperaturas-extremas-y-precipitaciones-2025x09x12-a.pdf
2025-09-12,055,PADRE LAS CASAS,,,,33.8,20.7,0.0,https://indomet.gob.do/wp-content/uploads/2025/09/temperaturas-extremas-y-precipitaciones-2025x09x12-a.pdf
2025-09-12,056,PALO ÍNDIO,,,,,,0.0,https://indomet.gob.do/wp-content/uploads/2025/09/temperaturas-extremas-y-precipitaciones-2025x09x12-a.pdf
2025-09-12,057,PESCADERIA (EMA),,,,34.8,23.9,0.0,https://indomet.gob.do/wp-content/uploads/2025/09/temperaturas-extremas-y-precipitaciones-2025x09x12-a.pdf
2025-09-12,058,POLO,,,,32.0,18.2,0.0,https://indomet.gob.do/wp-content/uploads/2025/09/temperaturas-extremas-y-precipitaciones-2025x09x12-a.pdf
2025-09-12,059,PRESA DE TAVERAS (EMA),,,,35.2,21.4,0.0,https://indomet.gob.do/wp-content/uploads/2025/09/temperaturas-extremas-y-precipitaciones-2025x09x12-a.pdf
2025-09-12,060,RANCHO ARRIBA,,,,32.8,17.6,0.0,https://indomet.gob.do/wp-content/uploads/2025/09/temperaturas-extremas-y-precipitaciones-2025x09x12-a.pdf
2025-09-12,061,RESTAURACIÓN,,,,32.6,18.0,0.0,https://indomet.gob.do/wp-content/uploads/2025/09/temperaturas-extremas-y-precipitaciones-2025x09x12-a.pdf
2025-09-12,062,RÍO SAN JUAN,,,,36.6,25.2,0.0,https://indomet.gob.do/wp-content/uploads/2025/09/temperaturas-extremas-y-precipitaciones-2025x09x12-a.pdf
2025-09-12,063,SABANA DE LA MAR,,,,33.0,22.5,0.0,https://indomet.gob.do/wp-content/uploads/2025/09/temperaturas-extremas-y-precipitaciones-2025x09x12-a.pdf
2025-09-12,064,SALCEDO,,,,,,0.0,https://indomet.gob.do/wp-content/uploads/2025/09/temperaturas-extremas-y-precipitaciones-2025x09x12-a.pdf
2025-09-12,065,SAMANÁ,,,,34.0,21.9,0.0,https://indomet.gob.do/wp-content/uploads/2025/09/temperaturas-extremas-y-precipitaciones-2025x09x12-a.pdf
2025-09-12,066,SAN CRISTÓBAL,,,,32.0,23.0,0.0,https://indomet.gob.do/wp-content/uploads/2025/09/temperaturas-extremas-y-precipitaciones-2025x09x12-a.pdf
2025-09-12,067,SAN RAFAEL DEL YUMA,,,,35.7,23.8,0.0,https://indomet.gob.do/wp-content/uploads/2025/09/temperaturas-extremas-y-precipitaciones-2025x09x12-a.pdf
2025-09-12,068,SÁNCHEZ,,,,35.5,22.8,0.0,https://indomet.gob.do/wp-content/uploads/2025/09/temperaturas-extremas-y-precipitaciones-2025x09x12-a.pdf
2025-09-12,069,SANTO DOMINGO ESTE,,,,34.3,26.4,0.0,https://indomet.gob.do/wp-content/uploads/2025/09/temperaturas-extremas-y-precipitaciones-2025x09x12-a.pdf
2025-09-12,070,VILLA ISABELA,,,,,,0.0,https://indomet.gob.do/wp-content/uploads/2025/09/temperaturas-extremas-y-precipitaciones-2025x09x12-a.pdf
2025-09-12,071,VILLA RIVA,,,,34.0,23.0,0.0,https://indomet.gob.do/wp-content/uploads/2025/09/temperaturas-extremas-y-precipitaciones-2025x09x12-a.pdf
2025-09-13,001,JARABACOA (EMA),LA VEGA,PROGRAMA MUNDIAL DE ALIMENTO,EMAP,32.3,18.8,75.4,https://indomet.gob.do/wp-content/uploads/2025/09/temperaturas-extremas-y-precipitaciones-2025x09x13-a.pdf
2025-09-13,002,JARABACOA,LA VEGA,INDRHI / MARENA,EMCI,33.2,17.6,68.4,https://indomet.gob.do/wp-content/uploads/2025/09/temperaturas-extremas-y-precipitaciones-2025x09x13-a.pdf
2025-09-13,003,SABANETA (EMA),SANTIAGO RODRÍGUEZ,PROGRAMA MUNDIAL DE ALIMENTO,EMAP,36.3,21.2,61.8,https://indomet.gob.do/wp-content/uploads/2025/09/temperaturas-extremas-y-precipitaciones-2025x09x13-a.pdf
2025-09-13,004,SANTIAGO RODRÍGUEZ,SANTIAGO RODRÍGUEZ,INDOMET,EMCI,36.6,21.5,59.2,https://indomet.gob.do/wp-content/uploads/2025/09/temperaturas-extremas-y-precipitaciones-2025x09x13-a.pdf
2025-09-13,005,ANAMUYA (EMA),LA ALTAGRACIA,MINISTERIO DE AGRICULTURA,EMAP,33.9,23.3,51.4,https://indomet.gob.do/wp-content/uploads/2025/09/temperaturas-extremas-y-precipitaciones-2025x09x13-a.pdf
2025-09-13,006,ALTO BANDERA (EMA),LA VEGA,INTEC,EMAP,17.8,8.8,42.2,https://indomet.gob.do/wp-content/uploads/2025/09/temperaturas-extremas-y-precipitaciones-2025x09x13-a.pdf
2025-09-13,007,DAJABÓN,DAJABÓN,INSTITUTO POLITÉCNICO LOYOLA,EMCI,34.5,19.3,36.2,https://indomet.gob.do/wp-content/uploads/2025/09/temperaturas-extremas-y-precipitaciones-2025x09x13-a.pdf
2025-09-13,008,NAVARRETE,SANTIAGO,MINISTERIO DE AGRICULTURA,EMCV,,,33.8,https://indomet.gob.do/wp-content/uploads/2025/09/temperaturas-extremas-y-precipitaciones-2025x09x13-a.pdf
2025-09-13,009,ALTAMIRA,PUERTO PLATA,HOSP. MPAL. DE ALTAMIRA,EMCI,33.6,21.4,30.4,https://indomet.gob.do/wp-content/uploads/2025/09/temperaturas-extremas-y-precipitaciones-2025x09x13-a.pdf
2025-09-13,010,TAMBORIL,SANTIAGO,MINISTERIO DE AGRICULTURA,EMCV,,,29.2,https://indomet.gob.do/wp-content/uploads/2025/09/temperaturas-extremas-y-precipitaciones-2025x09x13-a.pdf
2025-09-13,011,ARPT. DEL CIBAO,SANTIAGO,INDOMET,EMCI,36.7,20.8,28.1,https://indomet.gob.do/wp-content/uploads/2025/09/temperaturas-extremas-y-precipitaciones-2025x09x13-a.pdf
2025-09-13,012,EL CERCADO,SAN JUAN,MINISTERIO DE AGRICULTURA,EMCV,,,25.6,https://indomet.gob.do/wp-content/uploads/2025/09/temperaturas-extremas-y-precipitaciones-2025x09x13-a.pdf
2025-09-13,013,PESCADERIA (EMA),BARAHONA,MINISTERIO DE AGRICULTURA,EMAP,35.6,24.7,24.4,https://indomet.gob.do/wp-content/uploads/2025/09/temperaturas-extremas-y-precipitaciones-2025x09x13-a.pdf
2025-09-13,014,LOS LLANOS,SAN PEDRO DE MACORÍS,MINISTERIO DE AGRICULTURA,EMCI,34.5,23.0,21.4,https://indomet.gob.do/wp-content/uploads/2025/09/temperaturas-extremas-y-precipitaciones-2025x09x13-a.pdf
2025-09-13,015,ARPT. MARÍA MONTEZ,BARAHONA,INDOMET,EMCI,35.0,23.5,19.2,https://indomet.gob.do/wp-content/uploads/2025/09/temperaturas-extremas-y-precipitaciones-2025x09x13-a.pdf
2025-09-13,016,JIMANÍ,INDEPENDENCIA,MINISTERIO DE AGRICULTURA,EMCI,36.8,22.6,16.5,https://indomet.gob.do/wp-content/uploads/2025/09/temperaturas-extremas-y-precipitaciones-2025x09x13-a.pdf
2025-09-13,017,SANTIAGO,SANTIAGO,HUACALITO,EMCI,,,10.4,https://indomet.gob.do/wp-content/uploads/2025/09/temperaturas-extremas-y-precipitaciones-2025x09x13-a.pdf
2025-09-13,018,BONAO,MONSEÑOR NOUEL,MINISTERIO DE AGRICULTURA,EMCV,,,7.6,https://indomet.gob.do/wp-content/uploads/2025/09/temperaturas-extremas-y-precipitaciones-2025x09x13-a.pdf
2025-09-13,019,PADRE LAS CASAS,AZUA,HOSP. NTRA. SRA. DEL CARMEN,EMCI,33.5,19.8,7.0,https://indomet.gob.do/wp-content/uploads/2025/09/temperaturas-extremas-y-precipitaciones-2025x09x13-a.pdf
2025-09-13,020,LA VEGA,LA VEGA,IATESA,EMCI,37.5,21.5,6.6,https://indomet.gob.do/wp-content/uploads/2025/09/temperaturas-extremas-y-precipitaciones-2025x09x13-a.pdf
2025-09-13,021,ENRIQUILLO,BARAHONA,MINISTERIO DE AGRICULTURA,EMCV,34.5,23.0,6.4,https://indomet.gob.do/wp-content/uploads/2025/09/temperaturas-extremas-y-precipitaciones-2025x09x13-a.pdf
2025-09-13,022,ELÍAS PIÑA,ELÍAS PIÑA,MINISTERIO DE AGRICULTURA,EMCV,,,6.0,https://indomet.gob.do/wp-content/uploads/2025/09/temperaturas-extremas-y-precipitaciones-2025x09x13-a.pdf
2025-09-13,023,MONCIÓN (EMA),SANTIAGO RODRÍGUEZ,PROGRAMA MUNDIAL DE ALIMENTO,EMAP,31.6,20.0,4.8,https://indomet.gob.do/wp-content/uploads/2025/09/temperaturas-extremas-y-precipitaciones-2025x09x13-a.pdf
2025-09-13,024,PRESA DE TAVERAS (EMA),LA VEGA,PROGRAMA MUNDIAL DE ALIMENTO,EMAP,34.3,21.1,4.0,https://indomet.gob.do/wp-content/uploads/2025/09/temperaturas-extremas-y-precipitaciones-2025x09x13-a.pdf
2025-09-13,025,SALCEDO,HERMANAS MIRABAL,PROPIEDAD DEL EMPLEADO,EMCI,,,3.9,https://indomet.gob.do/wp-content/uploads/2025/09/temperaturas-extremas-y-precipitaciones-2025x09x13-a.pdf
2025-09-13,026,MAO,VALVERDE,INDRHI / MINISTERIO DE AGRICULTURA,EMCV,,,3.7,https://indomet.gob.do/wp-content/uploads/2025/09/temperaturas-extremas-y-precipitaciones-2025x09x13-a.pdf
2025-09-13,027,CABRAL,BARAHONA,MINISTERIO DE AGRICULTURA,EMCV,35.9,24.0,3.6,https://indomet.gob.do/wp-content/uploads/2025/09/temperaturas-extremas-y-precipitaciones-2025x09x13-a.pdf
2025-09-13,028,OLIVARES,PEDERNALES,INDRHI,EMCI,,,3.5,https://indomet.gob.do/wp-content/uploads/2025/09/temperaturas-extremas-y-precipitaciones-2025x09x13-a.pdf
2025-09-13,029,RESTAURACIÓN,DAJABÓN,MINISTERIO DE AGRICULTURA,EMCI,31.7,16.6,3.4,https://indomet.gob.do/wp-content/uploads/2025/09/temperaturas-extremas-y-precipitaciones-2025x09x13-a.pdf
2025-09-13,030,HONDO VALLE,ELÍAS PIÑA,MINISTERIO DE AGRICULTURA,EMCI,27.8,17.7,3.2,https://indomet.gob.do/wp-content/uploads/2025/09/temperaturas-extremas-y-precipitaciones-2025x09x13-a.pdf
2025-09-13,031,GURABO,SANTIAGO,MINISTERIO DE AGRICULTURA,EMCV,,,3.1,https://indomet.gob.do/wp-content/uploads/2025/09/temperaturas-extremas-y-precipitaciones-2025x09x13-a.pdf
2025-09-13,032,ARPT. GREGORIO LUPERÓN,PUERTO PLATA,INDOMET,EMCI,32.4,24.2,2.9,https://indomet.gob.do/wp-content/uploads/2025/09/temperaturas-extremas-y-precipitaciones-2025x09x13-a.pdf
2025-09-13,033,ARPT. DE LAS AMÉRICAS,SANTO DOMINGO,INDOMET,EMCI,33.2,23.7,2.8,https://indomet.gob.do/wp-content/uploads/2025/09/temperaturas-extremas-y-precipitaciones-2025x09x13-a.pdf
2025-09-13,034,SABANA GRANDE DE BOYÁ,MONTE PLATA,MINISTERIO DE AGRICULTURA,EMCV,,,2.5,https://indomet.gob.do/wp-content/uploads/2025/09/temperaturas-extremas-y-precipitaciones-2025x09x13-a.pdf
2025-09-13,035,ARPT. DE LA ROMANA,LA ROMANA,INDOMET,EMCI,33.5,22.5,2.5,https://indomet.gob.do/wp-content/uploads/2025/09/temperaturas-extremas-y-precipitaciones-2025x09x13-a.pdf
2025-09-13,036,VILLA GONZALES,SANTIAGO,MINISTERIO DE AGRICULTURA,EMCI,,,2.0,https://indomet.gob.do/wp-content/uploads/2025/09/temperaturas-extremas-y-precipitaciones-2025x09x13-a.pdf
2025-09-13,037,RÍO SAN JUAN,MARÍA TRINIDAD SÁNCHEZ,HOSP. MPAL. DR. DESIDERIO ACOSTA,EMCV,34.6,24.6,2.0,https://indomet.gob.do/wp-content/uploads/2025/09/temperaturas-extremas-y-precipitaciones-2025x09x13-a.pdf
2025-09-13,038,CONSTANZA,LA VEGA,MINISTERIO DE AGRICULTURA,EMCI,27.0,13.5,1.1,https://indomet.gob.do/wp-content/uploads/2025/09/temperaturas-extremas-y-precipitaciones-2025x09x13-a.pdf
2025-09-13,039,CONSTANZA (EMA),LA VEGA,PROGRAMA MUNDIAL DE ALIMENTO,EMAP,27.4,14.7,0.8,https://indomet.gob.do/wp-content/uploads/2025/09/temperaturas-extremas-y-precipitaciones-2025x09x13-a.pdf
2025-09-13,040,RANCHO ARRIBA,SAN JOSÉ DE OCOA,CENTRO TECNOLÓGICO COMUNITARIO,EMCI,32.8,18.1,0.4,https://indomet.gob.do/wp-content/uploads/2025/09/temperaturas-extremas-y-precipitaciones-2025x09x13-a.pdf
2025-09-13,041,MONTE CRISTI,MONTE CRISTI,INDOMET,EMCI,35.8,25.0,0.3,https://indomet.gob.do/wp-content/uploads/2025/09/temperaturas-extremas-y-precipitaciones-2025x09x13-a.pdf
2025-09-13,042,BOCA DE MAO (EMA),VALVERDE,MINISTERIO DE AGRICULTURA,EMAP,36.4,21.8,0.2,https://indomet.gob.do/wp-content/uploads/2025/09/temperaturas-extremas-y-precipitaciones-2025x09x13-a.pdf
2025-09-13,043,PONTÓN ABAJO (EMA),LA VEGA,MINISTERIO DE AGRICULTURA,EMAP,37.4,22.2,0.2,https://indomet.gob.do/wp-content/uploads/2025/09/temperaturas-extremas-y-precipitaciones-2025x09x13-a.pdf
2025-09-13,044,PEDERNALES,PEDERNALES,INDRHI,EMCI,,,0.1,https://indomet.gob.do/wp-content/uploads/2025/09/temperaturas-extremas-y-precipitaciones-2025x09x13-a.pdf
2025-09-13,045,ARPT. ARROYO BARRIL,SAMANÁ,INDOMET,EMCI,34.5,24.0,0.0,https://indomet.gob.do/wp-content/uploads/2025/09/temperaturas-extremas-y-precipitaciones-2025x09x13-a.pdf
2025-09-13,046,ARPT. DE PUNTA CANA,LA ALTAGRACIA,INDOMET,EMCI,33.0,24.0,0.0,https://indomet.gob.do/wp-content/uploads/2025/09/temperaturas-extremas-y-precipitaciones-2025x09x13-a.pdf
2025-09-13,047,ARPT. EL CATEY,SAMANÁ,INDOMET,EMCI,32.5,22.8,0.0,https://indomet.gob.do/wp-content/uploads/2025/09/temperaturas-extremas-y-precipitaciones-2025x09x13-a.pdf
2025-09-13,048,ARPT. LA ISABELA,SANTO DOMINGO,INDOMET,EMCI,35.5,23.2,0.0,https://indomet.gob.do/wp-content/uploads/2025/09/temperaturas-extremas-y-precipitaciones-2025x09x13-a.pdf
2025-09-13,049,BANI (EMA),PERAVIA,MINISTERIO DE AGRICULTURA,EMAP,36.5,24.6,0.0,https://indomet.gob.do/wp-content/uploads/2025/09/temperaturas-extremas-y-precipitaciones-2025x09x13-a.pdf
2025-09-13,050,BASE AÉREA DE SAN ISIDRO,SANTO DOMINGO,FUERZA AÉREA DOMINICANA,EMCV,32.0,24.0,0.0,https://indomet.gob.do/wp-content/uploads/2025/09/temperaturas-extremas-y-precipitaciones-2025x09x13-a.pdf
2025-09-13,051,BAYAGUANA,MONTE PLATA,INDOMET,EMCI,35.2,22.2,0.0,https://indomet.gob.do/wp-content/uploads/2025/09/temperaturas-extremas-y-precipitaciones-2025x09x13-a.pdf
2025-09-13,052,CENTRO DE LOS HEROES (EMA),DISTRITO NACIONAL,MINISTERIO DE ENERGIA Y MINA,EMAP,32.5,27.4,0.0,https://indomet.gob.do/wp-content/uploads/2025/09/temperaturas-extremas-y-precipitaciones-2025x09x13-a.pdf
2025-09-13,053,EL FACTOR (EMA),MARÍA TRINIDAD SÁNCHEZ,INTEC,EMAP,35.4,23.2,0.0,https://indomet.gob.do/wp-content/uploads/2025/09/temperaturas-extremas-y-precipitaciones-2025x09x13-a.pdf
2025-09-13,054,ESCONDIDO,PERAVIA,MINISTERIO DE AGRICULTURA,EMCV,34.0,24.0,0.0,https://indomet.gob.do/wp-content/uploads/2025/09/temperaturas-extremas-y-precipitaciones-2025x09x13-a.pdf
2025-09-13,055,GASPAR HERNÁNDEZ,ESPAILLAT,PROPIEDAD DEL EMPLEADO,EMCI,,,0.0,https://indomet.gob.do/wp-content/uploads/2025/09/temperaturas-extremas-y-precipitaciones-2025x09x13-a.pdf
2025-09-13,056,HATO MAYOR,HATO MAYOR,MINISTERIO DE AGRICULTURA,EMCV,,,0.0,https://indomet.gob.do/wp-content/uploads/2025/09/temperaturas-extremas-y-precipitaciones-2025x09x13-a.pdf
2025-09-13,057,LA VICTORIA,SANTO DOMINGO,CUERPO DE BOMBEROS,EMCI,35.0,23.5,0.0,https://indomet.gob.do/wp-content/uploads/2025/09/temperaturas-extremas-y-precipitaciones-2025x09x13-a.pdf
2025-09-13,058,LAS CANAS (EMA),MONTE CRISTI,PROGRAMA MUNDIAL DE ALIMENTO,EMAP,32.1,22.8,0.0,https://indomet.gob.do/wp-content/uploads/2025/09/temperaturas-extremas-y-precipitaciones-2025x09x13-a.pdf
2025-09-13,059,LOS TRES CHARCOS (EMA),PEDERNALES,PROPIEDAD DEL VOLUNTARIO,EMAP,33.8,23.5,0.0,https://indomet.gob.do/wp-content/uploads/2025/09/temperaturas-extremas-y-precipitaciones-2025x09x13-a.pdf
2025-09-13,060,OVIEDO,PEDERNALES,CLÍNICA RURAL OVIEDO,EMCI,33.5,24.0,0.0,https://indomet.gob.do/wp-content/uploads/2025/09/temperaturas-extremas-y-precipitaciones-2025x09x13-a.pdf
2025-09-13,061,PALO ÍNDIO,PUERTO PLATA,MINISTERIO DE AGRICULTURA,EMCI,,,0.0,https://indomet.gob.do/wp-content/uploads/2025/09/temperaturas-extremas-y-precipitaciones-2025x09x13-a.pdf
2025-09-13,062,PERALTA,AZUA,HOSP. MPAL. DE PERALTA,EMCI,32.5,18.9,0.0,https://indomet.gob.do/wp-content/uploads/2025/09/temperaturas-extremas-y-precipitaciones-2025x09x13-a.pdf
2025-09-13,063,POLO,BARAHONA,INDOCAFE,EMCI,29.8,17.6,0.0,https://indomet.gob.do/wp-content/uploads/2025/09/temperaturas-extremas-y-precipitaciones-2025x09x13-a.pdf
2025-09-13,064,SABANA DE LA MAR,HATO MAYOR,INDOMET,EMCI,33.0,22.5,0.0,https://indomet.gob.do/wp-content/uploads/2025/09/temperaturas-extremas-y-precipitaciones-2025x09x13-a.pdf
2025-09-13,065,SAMANÁ,SAMANÁ,COMANDANCIA DE PUERTO DE SAMANÁ,EMCI,34.2,22.2,0.0,https://indomet.gob.do/wp-content/uploads/2025/09/temperaturas-extremas-y-precipitaciones-2025x09x13-a.pdf
2025-09-13,066,SAN CRISTÓBAL,SAN CRISTÓBAL,INSTITUTO POLITÉCNICO LOYOLA,EMCI,34.0,22.0,0.0,https://indomet.gob.do/wp-content/uploads/2025/09/temperaturas-extremas-y-precipitaciones-2025x09x13-a.pdf
2025-09-13,067,SAN JOSÉ DE OCOA,SAN JOSÉ DE OCOA,HOSP. SAN JOSÉ DE OCOA,EMCI,31.7,19.9,0.0,https://indomet.gob.do/wp-content/uploads/2025/09/temperaturas-extremas-y-precipitaciones-2025x09x13-a.pdf
2025-09-13,068,SAN RAFAEL DEL YUMA,LA ALTAGRACIA,MINISTERIO DE AGRICULTURA,EMCI,35.7,23.1,0.0,https://indomet.gob.do/wp-content/uploads/2025/09/temperaturas-extremas-y-precipitaciones-2025x09x13-a.pdf
2025-09-13,069,SÁNCHEZ,SAMANÁ,MINISTERIO DE AGRICULTURA,EMCI,34.9,23.0,0.0,https://indomet.gob.do/wp-content/uploads/2025/09/temperaturas-extremas-y-precipitaciones-2025x09x13-a.pdf
2025-09-13,070,SANTO DOMINGO ESTE,SANTO DOMINGO,INDOMET,EMCI,36.0,27.0,0.0,https://indomet.gob.do/wp-content/uploads/2025/09/temperaturas-extremas-y-precipitaciones-2025x09x13-a.pdf
2025-09-13,071,TÁBARA ABAJO,AZUA,INDOMET,EMCI,34.7,23.4,0.0,https://indomet.gob.do/wp-content/uploads/2025/09/temperaturas-extremas-y-precipitaciones-2025x09x13-a.pdf
2025-09-13,072,VILLA ALTAGRACIA,SAN CRISTÓBAL,ESCUELA JAVIER ANGULO GURIDI,EMCI,,,0.0,https://indomet.gob.do/wp-content/uploads/2025/09/temperaturas-extremas-y-precipitaciones-2025x09x13-a.pdf
2025-09-13,073,VILLA RIVA,DUARTE,HOSP. MPAL. ALICIA DE LEGENDRE,EMCI,35.0,22.8,0.0,https://indomet.gob.do/wp-content/uploads/2025/09/temperaturas-extremas-y-precipitaciones-2025x09x13-a.pdf
2025-09-14,002,MAO,VALVERDE,INDRHI / MINISTERIO DE AGRICULTURA,EMCV,,,39.4,https://indomet.gob.do/wp-content/uploads/2025/09/temperaturas-extremas-y-precipitaciones-2025x09x14-a.pdf
2025-09-14,003,DAJABÓN,DAJABÓN,INSTITUTO POLITÉCNICO LOYOLA,EMCI,34.2,19.8,28.6,https://indomet.gob.do/wp-content/uploads/2025/09/temperaturas-extremas-y-precipitaciones-2025x09x14-a.pdf
2025-09-14,004,VALLE NUEVO (EMA),LA VEGA,MARENA,EMAI,21.3,9.3,27.6,https://indomet.gob.do/wp-content/uploads/2025/09/temperaturas-extremas-y-precipitaciones-2025x09x14-a.pdf
2025-09-14,005,GURABO,SANTIAGO,MINISTERIO DE AGRICULTURA,EMCV,,,10.2,https://indomet.gob.do/wp-content/uploads/2025/09/temperaturas-extremas-y-precipitaciones-2025x09x14-a.pdf
2025-09-14,006,ARPT. ARROYO BARRIL,SAMANÁ,ONAMET,EMCI,34.4,24.0,7.3,https://indomet.gob.do/wp-content/uploads/2025/09/temperaturas-extremas-y-precipitaciones-2025x09x14-a.pdf
2025-09-14,007,POLO,BARAHONA,INDOCAFE,EMCI,32.5,16.5,6.4,https://indomet.gob.do/wp-content/uploads/2025/09/temperaturas-extremas-y-precipitaciones-2025x09x14-a.pdf
2025-09-14,008,HONDO VALLE,ELÍAS PIÑA,MINISTERIO DE AGRICULTURA,EMCI,27.7,17.8,5.8,https://indomet.gob.do/wp-content/uploads/2025/09/temperaturas-extremas-y-precipitaciones-2025x09x14-a.pdf
2025-09-14,009,NAVARRETE,SANTIAGO,MINISTERIO DE AGRICULTURA,EMCV,,,4.8,https://indomet.gob.do/wp-content/uploads/2025/09/temperaturas-extremas-y-precipitaciones-2025x09x14-a.pdf
2025-09-14,010,ENRIQUILLO,BARAHONA,MINISTERIO DE AGRICULTURA,EMCV,33.5,24.0,4.2,https://indomet.gob.do/wp-content/uploads/2025/09/temperaturas-extremas-y-precipitaciones-2025x09x14-a.pdf
2025-09-14,011,BOCA DE MAO (EMA),VALVERDE,MINISTERIO DE AGRICULTURA,EMAP,36.5,22.9,3.4,https://indomet.gob.do/wp-content/uploads/2025/09/temperaturas-extremas-y-precipitaciones-2025x09x14-a.pdf
2025-09-14,012,VILLA GONZALES,SANTIAGO,MINISTERIO DE AGRICULTURA,EMCI,,,3.3,https://indomet.gob.do/wp-content/uploads/2025/09/temperaturas-extremas-y-precipitaciones-2025x09x14-a.pdf
2025-09-14,013,PRESA DE TAVERAS (EMA),LA VEGA,PROGRAMA MUNDIAL DE ALIMENTO,EMAP,32.6,22.6,3.2,https://indomet.gob.do/wp-content/uploads/2025/09/temperaturas-extremas-y-precipitaciones-2025x09x14-a.pdf
2025-09-14,014,CENTRO DE LOS HEROES (EMA),DISTRITO NACIONAL,MINISTERIO DE ENERGIA Y MINA,EMAP,32.7,27.9,2.8,https://indomet.gob.do/wp-content/uploads/2025/09/temperaturas-extremas-y-precipitaciones-2025x09x14-a.pdf
2025-09-14,015,VILLA RIVA,DUARTE,HOSP. MPAL. ALICIA DE LEGENDRE,EMCI,34.4,23.3,2.8,https://indomet.gob.do/wp-content/uploads/2025/09/temperaturas-extremas-y-precipitaciones-2025x09x14-a.pdf
2025-09-14,016,VILLA ISABELA,PUERTO PLATA,MINISTERIO DE AGRICULTURA,EMCV,,,2.5,https://indomet.gob.do/wp-content/uploads/2025/09/temperaturas-extremas-y-precipitaciones-2025x09x14-a.pdf
2025-09-14,017,SÁNCHEZ,SAMANÁ,MINISTERIO DE AGRICULTURA,EMCI,34.6,22.8,2.4,https://indomet.gob.do/wp-content/uploads/2025/09/temperaturas-extremas-y-precipitaciones-2025x09x14-a.pdf
2025-09-14,018,ELÍAS PIÑA,ELÍAS PIÑA,MINISTERIO DE AGRICULTURA,EMCV,,,2.0,https://indomet.gob.do/wp-content/uploads/2025/09/temperaturas-extremas-y-precipitaciones-2025x09x14-a.pdf
2025-09-14,019,OVIEDO,PEDERNALES,CLÍNICA RURAL OVIEDO,EMCI,34.2,26.0,1.4,https://indomet.gob.do/wp-content/uploads/2025/09/temperaturas-extremas-y-precipitaciones-2025x09x14-a.pdf
2025-09-14,020,TAMBORIL,SANTIAGO,MINISTERIO DE AGRICULTURA,EMCV,,,1.3,https://indomet.gob.do/wp-content/uploads/2025/09/temperaturas-extremas-y-precipitaciones-2025x09x14-a.pdf
2025-09-14,021,SANTIAGO RODRÍGUEZ,SANTIAGO RODRÍGUEZ,ONAMET,EMCI,35.6,22.5,1.1,https://indomet.gob.do/wp-content/uploads/2025/09/temperaturas-extremas-y-precipitaciones-2025x09x14-a.pdf
2025-09-14,022,ESCONDIDO,PERAVIA,MINISTERIO DE AGRICULTURA,EMCV,34.0,25.0,1.0,https://indomet.gob.do/wp-content/uploads/2025/09/temperaturas-extremas-y-precipitaciones-2025x09x14-a.pdf
2025-09-14,023,LOS LLANOS,SAN PEDRO DE MACORÍS,MINISTERIO DE AGRICULTURA,EMCI,33.5,22.5,1.0,https://indomet.gob.do/wp-content/uploads/2025/09/temperaturas-extremas-y-precipitaciones-2025x09x14-a.pdf
2025-09-14,024,MONCIÓN (EMA),SANTIAGO RODRÍGUEZ,PROGRAMA MUNDIAL DE ALIMENTO,EMAP,32.3,20.3,1.0,https://indomet.gob.do/wp-content/uploads/2025/09/temperaturas-extremas-y-precipitaciones-2025x09x14-a.pdf
2025-09-14,025,RÍO SAN JUAN,MARÍA TRINIDAD SÁNCHEZ,HOSP. MPAL. DR. DESIDERIO ACOSTA,EMCV,35.7,25.7,1.0,https://indomet.gob.do/wp-content/uploads/2025/09/temperaturas-extremas-y-precipitaciones-2025x09x14-a.pdf
2025-09-14,026,SABANETA (EMA),SANTIAGO RODRÍGUEZ,PROGRAMA MUNDIAL DE ALIMENTO,EMAP,36.8,22.2,0.8,https://indomet.gob.do/wp-content/uploads/2025/09/temperaturas-extremas-y-precipitaciones-2025x09x14-a.pdf
2025-09-14,027,ANAMUYA (EMA),LA ALTAGRACIA,MINISTERIO DE AGRICULTURA,EMAP,34.6,24.7,0.6,https://indomet.gob.do/wp-content/uploads/2025/09/temperaturas-extremas-y-precipitaciones-2025x09x14-a.pdf
2025-09-14,028,ARPT. EL CATEY,SAMANÁ,ONAMET,EMCI,32.5,22.5,0.4,https://indomet.gob.do/wp-content/uploads/2025/09/temperaturas-extremas-y-precipitaciones-2025x09x14-a.pdf
2025-09-14,029,BAYAGUANA,MONTE PLATA,ONAMET,EMCI,34.0,22.4,0.1,https://indomet.gob.do/wp-content/uploads/2025/09/temperaturas-extremas-y-precipitaciones-2025x09x14-a.pdf
2025-09-14,030,CONSTANZA,LA VEGA,MINISTERIO DE AGRICULTURA,EMCI,28.8,13.9,0.1,https://indomet.gob.do/wp-content/uploads/2025/09/temperaturas-extremas-y-precipitaciones-2025x09x14-a.pdf
2025-09-14,031,JARABACOA,LA VEGA,INDRHI / MARENA,EMCI,33.6,18.2,0.1,https://indomet.gob.do/wp-content/uploads/2025/09/temperaturas-extremas-y-precipitaciones-2025x09x14-a.pdf
2025-09-14,032,OLIVARES,PEDERNALES,INDRHI,EMCI,,,0.1,https://indomet.gob.do/wp-content/uploads/2025/09/temperaturas-extremas-y-precipitaciones-2025x09x14-a.pdf
2025-09-14,033,PEDERNALES,PEDERNALES,INDRHI,EMCI,,,0.1,https://indomet.gob.do/wp-content/uploads/2025/09/temperaturas-extremas-y-precipitaciones-2025x09x14-a.pdf
2025-09-14,034,SALCEDO,HERMANAS MIRABAL,PROPIEDAD DEL EMPLEADO,EMCI,,,0.1,https://indomet.gob.do/wp-content/uploads/2025/09/temperaturas-extremas-y-precipitaciones-2025x09x14-a.pdf
2025-09-14,035,ALTAMIRA,PUERTO PLATA,HOSP. MPAL. DE ALTAMIRA,EMCI,33.7,22.2,0.0,https://indomet.gob.do/wp-content/uploads/2025/09/temperaturas-extremas-y-precipitaciones-2025x09x14-a.pdf
2025-09-14,036,ALTO BANDERA (EMA),LA VEGA,INTEC,EMAP,18.8,9.6,0.0,https://indomet.gob.do/wp-content/uploads/2025/09/temperaturas-extremas-y-precipitaciones-2025x09x14-a.pdf
2025-09-14,037,ARPT. DE LA ROMANA,LA ROMANA,ONAMET,EMCI,34.8,22.5,0.0,https://indomet.gob.do/wp-content/uploads/2025/09/temperaturas-extremas-y-precipitaciones-2025x09x14-a.pdf
2025-09-14,038,ARPT. DE LAS AMÉRICAS,SANTO DOMINGO,ONAMET,EMCI,33.6,24.0,0.0,https://indomet.gob.do/wp-content/uploads/2025/09/temperaturas-extremas-y-precipitaciones-2025x09x14-a.pdf
2025-09-14,039,ARPT. DE PUNTA CANA,LA ALTAGRACIA,ONAMET,EMCI,33.6,22.6,0.0,https://indomet.gob.do/wp-content/uploads/2025/09/temperaturas-extremas-y-precipitaciones-2025x09x14-a.pdf
2025-09-14,040,ARPT. DEL CIBAO,SANTIAGO,ONAMET,EMCI,33.8,23.0,0.0,https://indomet.gob.do/wp-content/uploads/2025/09/temperaturas-extremas-y-precipitaciones-2025x09x14-a.pdf
2025-09-14,041,ARPT. GREGORIO LUPERÓN,PUERTO PLATA,ONAMET,EMCI,33.8,23.0,0.0,https://indomet.gob.do/wp-content/uploads/2025/09/temperaturas-extremas-y-precipitaciones-2025x09x14-a.pdf
2025-09-14,042,ARPT. LA ISABELA,SANTO DOMINGO,ONAMET,EMCI,35.5,23.0,0.0,https://indomet.gob.do/wp-content/uploads/2025/09/temperaturas-extremas-y-precipitaciones-2025x09x14-a.pdf
2025-09-14,043,JIMA ABAJO,LA VEGA,,EMCI,38.5,21.5,66.8,https://indomet.gob.do/wp-content/uploads/2025/09/temperaturas-extremas-y-precipitaciones-2025x09x14-a.pdf
2025-09-14,043,ARPT. MARÍA MONTEZ,BARAHONA,ONAMET,EMCI,33.4,23.0,0.0,https://indomet.gob.do/wp-content/uploads/2025/09/temperaturas-extremas-y-precipitaciones-2025x09x14-a.pdf
2025-09-14,044,BASE AÉREA DE SAN ISIDRO,SANTO DOMINGO,FUERZA AÉREA DOMINICANA,EMCV,33.5,23.5,0.0,https://indomet.gob.do/wp-content/uploads/2025/09/temperaturas-extremas-y-precipitaciones-2025x09x14-a.pdf
2025-09-14,045,BOHECHÍO,SAN JUAN,MINISTERIO DE AGRICULTURA,EMCV,,,0.0,https://indomet.gob.do/wp-content/uploads/2025/09/temperaturas-extremas-y-precipitaciones-2025x09x14-a.pdf
2025-09-14,046,BONAO,MONSEÑOR NOUEL,MINISTERIO DE AGRICULTURA,EMCV,,,0.0,https://indomet.gob.do/wp-content/uploads/2025/09/temperaturas-extremas-y-precipitaciones-2025x09x14-a.pdf
2025-09-14,047,CABRAL,BARAHONA,MINISTERIO DE AGRICULTURA,EMCV,35.4,25.7,0.0,https://indomet.gob.do/wp-content/uploads/2025/09/temperaturas-extremas-y-precipitaciones-2025x09x14-a.pdf
2025-09-14,048,CABRERA,MARÍA TRINIDAD SÁNCHEZ,ESCUELA ARÍSTIDES FIALLO CABRAL,EMCI,35.0,26.5,0.0,https://indomet.gob.do/wp-content/uploads/2025/09/temperaturas-extremas-y-precipitaciones-2025x09x14-a.pdf
2025-09-14,049,CONSTANZA (EMA),LA VEGA,PROGRAMA MUNDIAL DE ALIMENTO,EMAP,37.5,15.1,0.0,https://indomet.gob.do/wp-content/uploads/2025/09/temperaturas-extremas-y-precipitaciones-2025x09x14-a.pdf
2025-09-14,050,EL CERCADO,SAN JUAN,MINISTERIO DE AGRICULTURA,EMCV,,,0.0,https://indomet.gob.do/wp-content/uploads/2025/09/temperaturas-extremas-y-precipitaciones-2025x09x14-a.pdf
2025-09-14,051,EL FACTOR (EMA),MARÍA TRINIDAD SÁNCHEZ,INTEC,EMAP,35.4,24.7,0.0,https://indomet.gob.do/wp-content/uploads/2025/09/temperaturas-extremas-y-precipitaciones-2025x09x14-a.pdf
2025-09-14,052,GASPAR HERNÁNDEZ,ESPAILLAT,PROPIEDAD DEL EMPLEADO,EMCI,,,0.0,https://indomet.gob.do/wp-content/uploads/2025/09/temperaturas-extremas-y-precipitaciones-2025x09x14-a.pdf
2025-09-14,053,HATO MAYOR,HATO MAYOR,MINISTERIO DE AGRICULTURA,EMCV,,,0.0,https://indomet.gob.do/wp-content/uploads/2025/09/temperaturas-extremas-y-precipitaciones-2025x09x14-a.pdf
2025-09-14,054,JARABACOA (EMA),LA VEGA,PROGRAMA MUNDIAL DE ALIMENTO,EMAP,32.6,19.8,0.0,https://indomet.gob.do/wp-content/uploads/2025/09/temperaturas-extremas-y-precipitaciones-2025x09x14-a.pdf
2025-09-14,055,JARDÍN BOTÁNICO NACIONAL,DISTRITO NACIONAL,JARDÍN BOTÁNICO NACIONAL,EMCV,34.4,22.2,0.0,https://indomet.gob.do/wp-content/uploads/2025/09/temperaturas-extremas-y-precipitaciones-2025x09x14-a.pdf
2025-09-14,056,JIMANÍ,INDEPENDENCIA,MINISTERIO DE AGRICULTURA,EMCI,36.5,24.0,0.0,https://indomet.gob.do/wp-content/uploads/2025/09/temperaturas-extremas-y-precipitaciones-2025x09x14-a.pdf
2025-09-14,057,JUMA BEJUCAL,MONSEÑOR NOUEL,IDIAF,EMCV,34.4,25.2,0.0,https://indomet.gob.do/wp-content/uploads/2025/09/temperaturas-extremas-y-precipitaciones-2025x09x14-a.pdf
2025-09-14,058,LA VEGA,LA VEGA,IATESA,EMCI,36.0,23.0,0.0,https://indomet.gob.do/wp-content/uploads/2025/09/temperaturas-extremas-y-precipitaciones-2025x09x14-a.pdf
2025-09-14,059,LA VICTORIA,SANTO DOMINGO,CUERPO DE BOMBEROS,EMCI,34.0,23.0,0.0,https://indomet.gob.do/wp-content/uploads/2025/09/temperaturas-extremas-y-precipitaciones-2025x09x14-a.pdf
2025-09-14,060,LAS CANAS (EMA),MONTE CRISTI,PROGRAMA MUNDIAL DE ALIMENTO,EMAP,31.6,23.9,0.0,https://indomet.gob.do/wp-content/uploads/2025/09/temperaturas-extremas-y-precipitaciones-2025x09x14-a.pdf
2025-09-14,061,LAS MATAS DE SANTA CRUZ (EMA,MONTE CRISTI,PROGRAMA MUNDIAL DE ALIMENTO,EMAP,,,0.0,https://indomet.gob.do/wp-content/uploads/2025/09/temperaturas-extremas-y-precipitaciones-2025x09x14-a.pdf
2025-09-14,062,LOS TRES CHARCOS (EMA),PEDERNALES,PROPIEDAD DEL VOLUNTARIO,EMAP,26.4,25.9,0.0,https://indomet.gob.do/wp-content/uploads/2025/09/temperaturas-extremas-y-precipitaciones-2025x09x14-a.pdf
2025-09-14,063,MONTE CRISTI,MONTE CRISTI,ONAMET,EMCI,35.0,23.5,0.0,https://indomet.gob.do/wp-content/uploads/2025/09/temperaturas-extremas-y-precipitaciones-2025x09x14-a.pdf
2025-09-14,064,PADRE LAS CASAS,AZUA,HOSP. NTRA. SRA. DEL CARMEN,EMCI,32.5,20.5,0.0,https://indomet.gob.do/wp-content/uploads/2025/09/temperaturas-extremas-y-precipitaciones-2025x09x14-a.pdf
2025-09-14,065,PALO ÍNDIO,PUERTO PLATA,MINISTERIO DE AGRICULTURA,EMCI,,,0.0,https://indomet.gob.do/wp-content/uploads/2025/09/temperaturas-extremas-y-precipitaciones-2025x09x14-a.pdf
2025-09-14,066,PERALTA,AZUA,HOSP. MPAL. DE PERALTA,EMCI,31.5,19.3,0.0,https://indomet.gob.do/wp-content/uploads/2025/09/temperaturas-extremas-y-precipitaciones-2025x09x14-a.pdf
2025-09-14,067,PESCADERIA (EMA),BARAHONA,MINISTERIO DE AGRICULTURA,EMAP,33.4,28.3,0.0,https://indomet.gob.do/wp-content/uploads/2025/09/temperaturas-extremas-y-precipitaciones-2025x09x14-a.pdf
2025-09-14,068,PONTÓN ABAJO (EMA),LA VEGA,MINISTERIO DE AGRICULTURA,EMAP,36.5,24.1,0.0,https://indomet.gob.do/wp-content/uploads/2025/09/temperaturas-extremas-y-precipitaciones-2025x09x14-a.pdf
2025-09-14,069,RANCHO ARRIBA,SAN JOSÉ DE OCOA,CENTRO TECNOLÓGICO COMUNITARIO,EMCI,33.0,19.6,0.0,https://indomet.gob.do/wp-content/uploads/2025/09/temperaturas-extremas-y-precipitaciones-2025x09x14-a.pdf
2025-09-14,070,RESTAURACIÓN,DAJABÓN,MINISTERIO DE AGRICULTURA,EMCI,31.9,16.3,0.0,https://indomet.gob.do/wp-content/uploads/2025/09/temperaturas-extremas-y-precipitaciones-2025x09x14-a.pdf
2025-09-14,071,SABANA DE LA MAR,HATO MAYOR,ONAMET,EMCI,32.5,23.5,0.0,https://indomet.gob.do/wp-content/uploads/2025/09/temperaturas-extremas-y-precipitaciones-2025x09x14-a.pdf
2025-09-14,072,SAMANÁ,SAMANÁ,COMANDANCIA DE PUERTO DE SAMANÁ,EMCI,33.8,24.0,0.0,https://indomet.gob.do/wp-content/uploads/2025/09/temperaturas-extremas-y-precipitaciones-2025x09x14-a.pdf
2025-09-14,073,SAN CRISTÓBAL,SAN CRISTÓBAL,INSTITUTO POLITÉCNICO LOYOLA,EMCI,33.2,22.0,0.0,https://indomet.gob.do/wp-content/uploads/2025/09/temperaturas-extremas-y-precipitaciones-2025x09x14-a.pdf
2025-09-14,074,SAN FRANCISCO DE MACORÍS,DUARTE,San Francisco de Macorís (UASD),EMCI,34.3,22.2,0.0,https://indomet.gob.do/wp-content/uploads/2025/09/temperaturas-extremas-y-precipitaciones-2025x09x14-a.pdf
2025-09-14,075,SAN JOSÉ DE OCOA,SAN JOSÉ DE OCOA,HOSP. SAN JOSÉ DE OCOA,EMCI,32.3,22.6,0.0,https://indomet.gob.do/wp-content/uploads/2025/09/temperaturas-extremas-y-precipitaciones-2025x09x14-a.pdf
2025-09-14,076,SAN RAFAEL DEL YUMA,LA ALTAGRACIA,MINISTERIO DE AGRICULTURA,EMCI,36.0,23.5,0.0,https://indomet.gob.do/wp-content/uploads/2025/09/temperaturas-extremas-y-precipitaciones-2025x09x14-a.pdf
2025-09-14,077,SANTIAGO,SANTIAGO,HUACALITO,EMCI,,,0.0,https://indomet.gob.do/wp-content/uploads/2025/09/temperaturas-extremas-y-precipitaciones-2025x09x14-a.pdf
2025-09-14,078,SANTO DOMINGO ESTE,SANTO DOMINGO,ONAMET,EMCI,35.0,26.0,0.0,https://indomet.gob.do/wp-content/uploads/2025/09/temperaturas-extremas-y-precipitaciones-2025x09x14-a.pdf
2025-09-14,079,TÁBARA ABAJO,AZUA,INDRHI,EMCI,34.8,22.3,0.0,https://indomet.gob.do/wp-content/uploads/2025/09/temperaturas-extremas-y-precipitaciones-2025x09x14-a.pdf
2025-09-14,080,VILLA ALTAGRACIA,SAN CRISTÓBAL,ESCUELA JAVIER ANGULO GURIDI,EMCI,,,0.0,https://indomet.gob.do/wp-content/uploads/2025/09/temperaturas-extremas-y-precipitaciones-2025x09x14-a.pdf
2025-09-15,001,SAMANÁ,SAMANÁ,COMANDANCIA DE PUERTO DE SAMANÁ,EMCI,34.2,21.8,53.2,https://indomet.gob.do/wp-content/uploads/2025/09/temperaturas-extremas-y-precipitaciones-2025x09x15-a.pdf
2025-09-15,002,ALTO BANDERA (EMA),LA VEGA,INTEC,EMAP,18.3,9.1,44.4,https://indomet.gob.do/wp-content/uploads/2025/09/temperaturas-extremas-y-precipitaciones-2025x09x15-a.pdf
2025-09-15,003,ANAMUYA (EMA),LA ALTAGRACIA,MINISTERIO DE AGRICULTURA,EMAP,34.8,25.3,27.6,https://indomet.gob.do/wp-content/uploads/2025/09/temperaturas-extremas-y-precipitaciones-2025x09x15-a.pdf
2025-09-15,004,SABANA DE LA MAR,HATO MAYOR,ONAMET,EMCI,32.5,24.5,25.8,https://indomet.gob.do/wp-content/uploads/2025/09/temperaturas-extremas-y-precipitaciones-2025x09x15-a.pdf
2025-09-15,005,JARABACOA (EMA),LA VEGA,PROGRAMA MUNDIAL DE ALIMENTO,EMAP,32.4,20.7,24.8,https://indomet.gob.do/wp-content/uploads/2025/09/temperaturas-extremas-y-precipitaciones-2025x09x15-a.pdf
2025-09-15,006,JARABACOA,LA VEGA,INDRHI / MARENA,EMCI,33.8,18.6,22.3,https://indomet.gob.do/wp-content/uploads/2025/09/temperaturas-extremas-y-precipitaciones-2025x09x15-a.pdf
2025-09-15,007,JUMA BEJUCAL,MONSEÑOR NOUEL,IDIAF,EMCV,36.0,25.6,19.0,https://indomet.gob.do/wp-content/uploads/2025/09/temperaturas-extremas-y-precipitaciones-2025x09x15-a.pdf
2025-09-15,008,VILLA ALTAGRACIA,SAN CRISTÓBAL,ESCUELA JAVIER ANGULO GURIDI,EMCI,,,18.2,https://indomet.gob.do/wp-content/uploads/2025/09/temperaturas-extremas-y-precipitaciones-2025x09x15-a.pdf
2025-09-15,009,BOCA DE MAO (EMA),VALVERDE,MINISTERIO DE AGRICULTURA,EMAP,36.2,25.4,15.5,https://indomet.gob.do/wp-content/uploads/2025/09/temperaturas-extremas-y-precipitaciones-2025x09x15-a.pdf
2025-09-15,010,MICHES (EMA),EL SEIBO,PRIVADA,EMAP,,,15.2,https://indomet.gob.do/wp-content/uploads/2025/09/temperaturas-extremas-y-precipitaciones-2025x09x15-a.pdf
2025-09-15,011,RANCHO ARRIBA,SAN JOSÉ DE OCOA,CENTRO TECNOLÓGICO COMUNITARIO,EMCI,33.3,20.4,13.8,https://indomet.gob.do/wp-content/uploads/2025/09/temperaturas-extremas-y-precipitaciones-2025x09x15-a.pdf
2025-09-15,012,BAYAGUANA,MONTE PLATA,ONAMET,EMCI,34.5,23.2,13.6,https://indomet.gob.do/wp-content/uploads/2025/09/temperaturas-extremas-y-precipitaciones-2025x09x15-a.pdf
2025-09-15,013,PALO ÍNDIO,PUERTO PLATA,MINISTERIO DE AGRICULTURA,EMCI,,,12.7,https://indomet.gob.do/wp-content/uploads/2025/09/temperaturas-extremas-y-precipitaciones-2025x09x15-a.pdf
2025-09-15,014,ARPT. ARROYO BARRIL,SAMANÁ,ONAMET,EMCI,34.0,24.4,12.3,https://indomet.gob.do/wp-content/uploads/2025/09/temperaturas-extremas-y-precipitaciones-2025x09x15-a.pdf
2025-09-15,015,ARPT. GREGORIO LUPERÓN,PUERTO PLATA,ONAMET,EMCI,35.2,24.2,10.0,https://indomet.gob.do/wp-content/uploads/2025/09/temperaturas-extremas-y-precipitaciones-2025x09x15-a.pdf
2025-09-15,016,JIMA ABAJO,LA VEGA,INDOMET,EMCI,,,7.0,https://indomet.gob.do/wp-content/uploads/2025/09/temperaturas-extremas-y-precipitaciones-2025x09x15-a.pdf
2025-09-15,017,PRESA DE TAVERAS (EMA),LA VEGA,PROGRAMA MUNDIAL DE ALIMENTO,EMAP,33.3,21.7,6.8,https://indomet.gob.do/wp-content/uploads/2025/09/temperaturas-extremas-y-precipitaciones-2025x09x15-a.pdf
2025-09-15,018,LA VEGA,LA VEGA,IATESA,EMCI,36.5,24.0,6.6,https://indomet.gob.do/wp-content/uploads/2025/09/temperaturas-extremas-y-precipitaciones-2025x09x15-a.pdf
2025-09-15,019,ARPT. LA ISABELA,SANTO DOMINGO,ONAMET,EMCI,36.0,24.0,6.0,https://indomet.gob.do/wp-content/uploads/2025/09/temperaturas-extremas-y-precipitaciones-2025x09x15-a.pdf
2025-09-15,020,VALLE NUEVO (EMA),LA VEGA,MARENA,EMAI,,,5.8,https://indomet.gob.do/wp-content/uploads/2025/09/temperaturas-extremas-y-precipitaciones-2025x09x15-a.pdf
2025-09-15,021,BONAO,MONSEÑOR NOUEL,MINISTERIO DE AGRICULTURA,EMCV,,,5.6,https://indomet.gob.do/wp-content/uploads/2025/09/temperaturas-extremas-y-precipitaciones-2025x09x15-a.pdf
2025-09-15,022,ELÍAS PIÑA,ELÍAS PIÑA,MINISTERIO DE AGRICULTURA,EMCV,,,5.0,https://indomet.gob.do/wp-content/uploads/2025/09/temperaturas-extremas-y-precipitaciones-2025x09x15-a.pdf
2025-09-15,023,SALCEDO,HERMANAS MIRABAL,PROPIEDAD DEL EMPLEADO,EMCI,,,5.0,https://indomet.gob.do/wp-content/uploads/2025/09/temperaturas-extremas-y-precipitaciones-2025x09x15-a.pdf
2025-09-15,024,SAN RAFAEL DEL YUMA,LA ALTAGRACIA,MINISTERIO DE AGRICULTURA,EMCI,36.8,,4.1,https://indomet.gob.do/wp-content/uploads/2025/09/temperaturas-extremas-y-precipitaciones-2025x09x15-a.pdf
2025-09-15,025,CABRERA,MARÍA TRINIDAD SÁNCHEZ,ESCUELA ARÍSTIDES FIALLO CABRAL,EMCI,35.5,27.5,3.8,https://indomet.gob.do/wp-content/uploads/2025/09/temperaturas-extremas-y-precipitaciones-2025x09x15-a.pdf
2025-09-15,026,LUPERÓN,PUERTO PLATA,MINISTERIO DE AGRICULTURA,EMCV,,,3.0,https://indomet.gob.do/wp-content/uploads/2025/09/temperaturas-extremas-y-precipitaciones-2025x09x15-a.pdf
2025-09-15,027,CONSTANZA,LA VEGA,MINISTERIO DE AGRICULTURA,EMCI,29.0,16.5,2.6,https://indomet.gob.do/wp-content/uploads/2025/09/temperaturas-extremas-y-precipitaciones-2025x09x15-a.pdf
2025-09-15,028,POLO,BARAHONA,INDOCAFE,EMCI,31.0,19.8,2.4,https://indomet.gob.do/wp-content/uploads/2025/09/temperaturas-extremas-y-precipitaciones-2025x09x15-a.pdf
2025-09-15,029,BANI (EMA),PERAVIA,MINISTERIO DE AGRICULTURA,EMAP,34.3,25.7,2.0,https://indomet.gob.do/wp-content/uploads/2025/09/temperaturas-extremas-y-precipitaciones-2025x09x15-a.pdf
2025-09-15,030,CONSTANZA (EMA),LA VEGA,PROGRAMA MUNDIAL DE ALIMENTO,EMAP,28.3,17.8,2.0,https://indomet.gob.do/wp-content/uploads/2025/09/temperaturas-extremas-y-precipitaciones-2025x09x15-a.pdf
2025-09-15,031,RÍO SAN JUAN,MARÍA TRINIDAD SÁNCHEZ,HOSP. MPAL. DR. DESIDERIO ACOSTA,EMCV,36.6,24.6,2.0,https://indomet.gob.do/wp-content/uploads/2025/09/temperaturas-extremas-y-precipitaciones-2025x09x15-a.pdf
2025-09-15,032,SÁNCHEZ,SAMANÁ,MINISTERIO DE AGRICULTURA,EMCI,35.3,21.5,1.8,https://indomet.gob.do/wp-content/uploads/2025/09/temperaturas-extremas-y-precipitaciones-2025x09x15-a.pdf
2025-09-15,033,ARPT. DE PUNTA CANA,LA ALTAGRACIA,ONAMET,EMCI,33.4,26.5,1.5,https://indomet.gob.do/wp-content/uploads/2025/09/temperaturas-extremas-y-precipitaciones-2025x09x15-a.pdf
2025-09-15,034,ARPT. EL CATEY,SAMANÁ,ONAMET,EMCI,32.5,24.0,1.5,https://indomet.gob.do/wp-content/uploads/2025/09/temperaturas-extremas-y-precipitaciones-2025x09x15-a.pdf
2025-09-15,035,LA VICTORIA,SANTO DOMINGO,CUERPO DE BOMBEROS,EMCI,35.2,25.5,1.2,https://indomet.gob.do/wp-content/uploads/2025/09/temperaturas-extremas-y-precipitaciones-2025x09x15-a.pdf
2025-09-15,036,EL FACTOR (EMA),MARÍA TRINIDAD SÁNCHEZ,INTEC,EMAP,34.7,24.8,1.0,https://indomet.gob.do/wp-content/uploads/2025/09/temperaturas-extremas-y-precipitaciones-2025x09x15-a.pdf
2025-09-15,037,JARDÍN BOTÁNICO NACIONAL,DISTRITO NACIONAL,JARDÍN BOTÁNICO NACIONAL,EMCV,35.3,22.0,1.0,https://indomet.gob.do/wp-content/uploads/2025/09/temperaturas-extremas-y-precipitaciones-2025x09x15-a.pdf
2025-09-15,038,VILLA RIVA,DUARTE,HOSP. MPAL. ALICIA DE LEGENDRE,EMCI,35.0,24.0,1.0,https://indomet.gob.do/wp-content/uploads/2025/09/temperaturas-extremas-y-precipitaciones-2025x09x15-a.pdf
2025-09-15,039,GURABO,SANTIAGO,MINISTERIO DE AGRICULTURA,EMCV,,,0.8,https://indomet.gob.do/wp-content/uploads/2025/09/temperaturas-extremas-y-precipitaciones-2025x09x15-a.pdf
2025-09-15,040,SAN JOSÉ DE OCOA,SAN JOSÉ DE OCOA,HOSP. SAN JOSÉ DE OCOA,EMCI,34.4,21.3,0.6,https://indomet.gob.do/wp-content/uploads/2025/09/temperaturas-extremas-y-precipitaciones-2025x09x15-a.pdf
2025-09-15,041,TAMBORIL,SANTIAGO,MINISTERIO DE AGRICULTURA,EMCV,,,0.5,https://indomet.gob.do/wp-content/uploads/2025/09/temperaturas-extremas-y-precipitaciones-2025x09x15-a.pdf
2025-09-15,042,ARPT. DE LA ROMANA,LA ROMANA,ONAMET,EMCI,35.0,23.6,0.5,https://indomet.gob.do/wp-content/uploads/2025/09/temperaturas-extremas-y-precipitaciones-2025x09x15-a.pdf
2025-09-15,043,ALTAMIRA,PUERTO PLATA,HOSP. MPAL. DE ALTAMIRA,EMCI,34.1,22.9,0.4,https://indomet.gob.do/wp-content/uploads/2025/09/temperaturas-extremas-y-precipitaciones-2025x09x15-a.pdf
2025-09-15,044,LOS LLANOS,SAN PEDRO DE MACORÍS,MINISTERIO DE AGRICULTURA,EMCI,35.0,24.7,0.4,https://indomet.gob.do/wp-content/uploads/2025/09/temperaturas-extremas-y-precipitaciones-2025x09x15-a.pdf
2025-09-15,045,SANTIAGO,SANTIAGO,HUACALITO,EMCI,,,0.4,https://indomet.gob.do/wp-content/uploads/2025/09/temperaturas-extremas-y-precipitaciones-2025x09x15-a.pdf
2025-09-15,046,SABANA GRANDE DE BOYÁ,MONTE PLATA,MINISTERIO DE AGRICULTURA,EMCV,,,0.1,https://indomet.gob.do/wp-content/uploads/2025/09/temperaturas-extremas-y-precipitaciones-2025x09x15-a.pdf
2025-09-15,047,ARPT. DE LAS AMÉRICAS,SANTO DOMINGO,ONAMET,EMCI,35.0,24.6,0.0,https://indomet.gob.do/wp-content/uploads/2025/09/temperaturas-extremas-y-precipitaciones-2025x09x15-a.pdf
2025-09-15,048,ARPT. DEL CIBAO,SANTIAGO,ONAMET,EMCI,35.6,23.6,0.0,https://indomet.gob.do/wp-content/uploads/2025/09/temperaturas-extremas-y-precipitaciones-2025x09x15-a.pdf
2025-09-15,049,ARPT. MARÍA MONTEZ,BARAHONA,ONAMET,EMCI,34.4,25.8,0.0,https://indomet.gob.do/wp-content/uploads/2025/09/temperaturas-extremas-y-precipitaciones-2025x09x15-a.pdf
2025-09-15,050,ARROYO LORO,SAN JUAN,IDIAF,EMCI,34.6,21.0,0.0,https://indomet.gob.do/wp-content/uploads/2025/09/temperaturas-extremas-y-precipitaciones-2025x09x15-a.pdf
2025-09-15,051,BOHECHÍO,SAN JUAN,MINISTERIO DE AGRICULTURA,EMCV,,,0.0,https://indomet.gob.do/wp-content/uploads/2025/09/temperaturas-extremas-y-precipitaciones-2025x09x15-a.pdf
2025-09-15,052,CABRAL,BARAHONA,MINISTERIO DE AGRICULTURA,EMCV,36.4,25.8,0.0,https://indomet.gob.do/wp-content/uploads/2025/09/temperaturas-extremas-y-precipitaciones-2025x09x15-a.pdf
2025-09-15,053,CENTRO DE LOS HEROES (EMA),DISTRITO NACIONAL,MINISTERIO DE ENERGIA Y MINA,EMAP,33.1,27.7,0.0,https://indomet.gob.do/wp-content/uploads/2025/09/temperaturas-extremas-y-precipitaciones-2025x09x15-a.pdf
2025-09-15,054,DAJABÓN,DAJABÓN,INSTITUTO POLITÉCNICO LOYOLA,EMCI,35.0,19.7,0.0,https://indomet.gob.do/wp-content/uploads/2025/09/temperaturas-extremas-y-precipitaciones-2025x09x15-a.pdf
2025-09-15,055,ENRIQUILLO,BARAHONA,MINISTERIO DE AGRICULTURA,EMCV,33.0,25.7,0.0,https://indomet.gob.do/wp-content/uploads/2025/09/temperaturas-extremas-y-precipitaciones-2025x09x15-a.pdf
2025-09-15,056,GASPAR HERNÁNDEZ,ESPAILLAT,PROPIEDAD DEL EMPLEADO,EMCI,,,0.0,https://indomet.gob.do/wp-content/uploads/2025/09/temperaturas-extremas-y-precipitaciones-2025x09x15-a.pdf
2025-09-15,057,HATO MAYOR,HATO MAYOR,MINISTERIO DE AGRICULTURA,EMCV,,,0.0,https://indomet.gob.do/wp-content/uploads/2025/09/temperaturas-extremas-y-precipitaciones-2025x09x15-a.pdf
2025-09-15,058,HONDO VALLE,ELÍAS PIÑA,MINISTERIO DE AGRICULTURA,EMCI,27.9,18.1,0.0,https://indomet.gob.do/wp-content/uploads/2025/09/temperaturas-extremas-y-precipitaciones-2025x09x15-a.pdf
2025-09-15,059,JIMANÍ,INDEPENDENCIA,MINISTERIO DE AGRICULTURA,EMCI,37.2,26.4,0.0,https://indomet.gob.do/wp-content/uploads/2025/09/temperaturas-extremas-y-precipitaciones-2025x09x15-a.pdf
2025-09-15,060,LAS CANAS (EMA),MONTE CRISTI,PROGRAMA MUNDIAL DE ALIMENTO,EMAP,31.6,25.9,0.0,https://indomet.gob.do/wp-content/uploads/2025/09/temperaturas-extremas-y-precipitaciones-2025x09x15-a.pdf
2025-09-15,061,LAS MATAS DE SANTA CRUZ (EMA,MONTE CRISTI,PROGRAMA MUNDIAL DE ALIMENTO,EMAP,,,0.0,https://indomet.gob.do/wp-content/uploads/2025/09/temperaturas-extremas-y-precipitaciones-2025x09x15-a.pdf
2025-09-15,062,MAO,VALVERDE,INDRHI / MINISTERIO DE AGRICULTURA,EMCV,,,0.0,https://indomet.gob.do/wp-content/uploads/2025/09/temperaturas-extremas-y-precipitaciones-2025x09x15-a.pdf
2025-09-15,063,MONCIÓN (EMA),SANTIAGO RODRÍGUEZ,PROGRAMA MUNDIAL DE ALIMENTO,EMAP,33.9,23.2,0.0,https://indomet.gob.do/wp-content/uploads/2025/09/temperaturas-extremas-y-precipitaciones-2025x09x15-a.pdf
2025-09-15,064,MONTE CRISTI,MONTE CRISTI,ONAMET,EMCI,35.5,24.0,0.0,https://indomet.gob.do/wp-content/uploads/2025/09/temperaturas-extremas-y-precipitaciones-2025x09x15-a.pdf
2025-09-15,065,NAVARRETE,SANTIAGO,MINISTERIO DE AGRICULTURA,EMCV,,,0.0,https://indomet.gob.do/wp-content/uploads/2025/09/temperaturas-extremas-y-precipitaciones-2025x09x15-a.pdf
2025-09-15,066,OLIVARES,PEDERNALES,INDRHI,EMCI,,,0.0,https://indomet.gob.do/wp-content/uploads/2025/09/temperaturas-extremas-y-precipitaciones-2025x09x15-a.pdf
2025-09-15,067,OVIEDO,PEDERNALES,CLÍNICA RURAL OVIEDO,EMCI,33.0,25.5,0.0,https://indomet.gob.do/wp-content/uploads/2025/09/temperaturas-extremas-y-precipitaciones-2025x09x15-a.pdf
2025-09-15,068,PADRE LAS CASAS,AZUA,HOSP. NTRA. SRA. DEL CARMEN,EMCI,34.4,21.0,0.0,https://indomet.gob.do/wp-content/uploads/2025/09/temperaturas-extremas-y-precipitaciones-2025x09x15-a.pdf
2025-09-15,069,PEDERNALES,PEDERNALES,INDRHI,EMCI,,,0.0,https://indomet.gob.do/wp-content/uploads/2025/09/temperaturas-extremas-y-precipitaciones-2025x09x15-a.pdf
2025-09-15,070,PERALTA,AZUA,HOSP. MPAL. DE PERALTA,EMCI,34.1,20.3,0.0,https://indomet.gob.do/wp-content/uploads/2025/09/temperaturas-extremas-y-precipitaciones-2025x09x15-a.pdf
2025-09-15,071,PESCADERIA (EMA),BARAHONA,MINISTERIO DE AGRICULTURA,EMAP,34.8,25.7,0.0,https://indomet.gob.do/wp-content/uploads/2025/09/temperaturas-extremas-y-precipitaciones-2025x09x15-a.pdf
2025-09-15,072,PONTÓN ABAJO (EMA),LA VEGA,MINISTERIO DE AGRICULTURA,EMAP,37.1,24.8,0.0,https://indomet.gob.do/wp-content/uploads/2025/09/temperaturas-extremas-y-precipitaciones-2025x09x15-a.pdf
2025-09-15,073,RESTAURACIÓN,DAJABÓN,MINISTERIO DE AGRICULTURA,EMCI,32.2,18.8,0.0,https://indomet.gob.do/wp-content/uploads/2025/09/temperaturas-extremas-y-precipitaciones-2025x09x15-a.pdf
2025-09-15,074,SABANETA (EMA),SANTIAGO RODRÍGUEZ,PROGRAMA MUNDIAL DE ALIMENTO,EMAP,37.1,24.7,0.0,https://indomet.gob.do/wp-content/uploads/2025/09/temperaturas-extremas-y-precipitaciones-2025x09x15-a.pdf
2025-09-15,075,SAN CRISTÓBAL,SAN CRISTÓBAL,INSTITUTO POLITÉCNICO LOYOLA,EMCI,34.2,23.2,0.0,https://indomet.gob.do/wp-content/uploads/2025/09/temperaturas-extremas-y-precipitaciones-2025x09x15-a.pdf
2025-09-15,076,SAN FRANCISCO DE MACORÍS,DUARTE,San Francisco de Macorís (UASD),EMCI,34.0,22.2,0.0,https://indomet.gob.do/wp-content/uploads/2025/09/temperaturas-extremas-y-precipitaciones-2025x09x15-a.pdf
2025-09-15,077,SANTIAGO RODRÍGUEZ,SANTIAGO RODRÍGUEZ,ONAMET,EMCI,36.5,24.7,0.0,https://indomet.gob.do/wp-content/uploads/2025/09/temperaturas-extremas-y-precipitaciones-2025x09x15-a.pdf
2025-09-15,078,SANTO DOMINGO ESTE,SANTO DOMINGO,ONAMET,EMCI,35.0,27.1,0.0,https://indomet.gob.do/wp-content/uploads/2025/09/temperaturas-extremas-y-precipitaciones-2025x09x15-a.pdf
2025-09-15,079,TÁBARA ABAJO,AZUA,INDRHI,EMCI,35.5,23.5,0.0,https://indomet.gob.do/wp-content/uploads/2025/09/temperaturas-extremas-y-precipitaciones-2025x09x15-a.pdf
2025-09-15,080,VILLA GONZALES,SANTIAGO,MINISTERIO DE AGRICULTURA,EMCI,,,0.0,https://indomet.gob.do/wp-content/uploads/2025/09/temperaturas-extremas-y-precipitaciones-2025x09x15-a.pdf
2025-09-15,081,VILLA ISABELA,PUERTO PLATA,MINISTERIO DE AGRICULTURA,EMCV,,,0.0,https://indomet.gob.do/wp-content/uploads/2025/09/temperaturas-extremas-y-precipitaciones-2025x09x15-a.pdf
2025-09-16,001,JARABACOA (EMA),LA VEGA,PROGRAMA MUNDIAL DE ALIMENTO,EMAP,31.3,19.9,34.2,https://indomet.gob.do/wp-content/uploads/2025/09/temperaturas-extremas-y-precipitaciones-2025x09x16-a.pdf
2025-09-16,002,JARABACOA,LA VEGA,INDRHI / MARENA,EMCI,32.2,18.8,32.5,https://indomet.gob.do/wp-content/uploads/2025/09/temperaturas-extremas-y-precipitaciones-2025x09x16-a.pdf
2025-09-16,003,ALTO BANDERA (EMA),LA VEGA,INTEC,EMAP,15.6,7.2,21.8,https://indomet.gob.do/wp-content/uploads/2025/09/temperaturas-extremas-y-precipitaciones-2025x09x16-a.pdf
2025-09-16,004,BONAO,MONSEÑOR NOUEL,MINISTERIO DE AGRICULTURA,EMCV,,,21.6,https://indomet.gob.do/wp-content/uploads/2025/09/temperaturas-extremas-y-precipitaciones-2025x09x16-a.pdf
2025-09-16,005,PRESA DE TAVERAS (EMA),LA VEGA,PROGRAMA MUNDIAL DE ALIMENTO,EMAP,30.8,23.3,21.4,https://indomet.gob.do/wp-content/uploads/2025/09/temperaturas-extremas-y-precipitaciones-2025x09x16-a.pdf
2025-09-16,006,RÍO SAN JUAN,MARÍA TRINIDAD SÁNCHEZ,HOSP. MPAL. DR. DESIDERIO ACOSTA,EMCV,36.2,24.9,21.2,https://indomet.gob.do/wp-content/uploads/2025/09/temperaturas-extremas-y-precipitaciones-2025x09x16-a.pdf
2025-09-16,007,LA VICTORIA,SANTO DOMINGO,CUERPO DE BOMBEROS,EMCI,35.0,25.3,20.0,https://indomet.gob.do/wp-content/uploads/2025/09/temperaturas-extremas-y-precipitaciones-2025x09x16-a.pdf
2025-09-16,008,RANCHO ARRIBA,SAN JOSÉ DE OCOA,CENTRO TECNOLÓGICO COMUNITARIO,EMCI,32.4,19.3,19.9,https://indomet.gob.do/wp-content/uploads/2025/09/temperaturas-extremas-y-precipitaciones-2025x09x16-a.pdf
2025-09-16,009,ARPT. EL CATEY,SAMANÁ,ONAMET,EMCI,31.5,24.0,18.2,https://indomet.gob.do/wp-content/uploads/2025/09/temperaturas-extremas-y-precipitaciones-2025x09x16-a.pdf
2025-09-16,010,PALO ÍNDIO,PUERTO PLATA,MINISTERIO DE AGRICULTURA,EMCI,,,17.8,https://indomet.gob.do/wp-content/uploads/2025/09/temperaturas-extremas-y-precipitaciones-2025x09x16-a.pdf
2025-09-16,011,JUMA BEJUCAL,MONSEÑOR NOUEL,IDIAF,EMCV,35.8,24.4,17.6,https://indomet.gob.do/wp-content/uploads/2025/09/temperaturas-extremas-y-precipitaciones-2025x09x16-a.pdf
2025-09-16,012,VALLE NUEVO (EMA),LA VEGA,MARENA,EMAI,21.0,11.4,17.6,https://indomet.gob.do/wp-content/uploads/2025/09/temperaturas-extremas-y-precipitaciones-2025x09x16-a.pdf
2025-09-16,013,LOS LLANOS,SAN PEDRO DE MACORÍS,MINISTERIO DE AGRICULTURA,EMCI,34.6,24.0,17.0,https://indomet.gob.do/wp-content/uploads/2025/09/temperaturas-extremas-y-precipitaciones-2025x09x16-a.pdf
2025-09-16,014,CONSTANZA,LA VEGA,MINISTERIO DE AGRICULTURA,EMCI,28.5,15.0,14.8,https://indomet.gob.do/wp-content/uploads/2025/09/temperaturas-extremas-y-precipitaciones-2025x09x16-a.pdf
2025-09-16,015,CONSTANZA (EMA),LA VEGA,PROGRAMA MUNDIAL DE ALIMENTO,EMAP,27.7,16.4,14.8,https://indomet.gob.do/wp-content/uploads/2025/09/temperaturas-extremas-y-precipitaciones-2025x09x16-a.pdf
2025-09-16,016,ARPT. LA ISABELA,SANTO DOMINGO,ONAMET,EMCI,35.0,22.5,13.6,https://indomet.gob.do/wp-content/uploads/2025/09/temperaturas-extremas-y-precipitaciones-2025x09x16-a.pdf
2025-09-16,017,CENTRO DE LOS HEROES (EMA),DISTRITO NACIONAL,MINISTERIO DE ENERGIA Y MINA,EMAP,32.6,27.2,12.2,https://indomet.gob.do/wp-content/uploads/2025/09/temperaturas-extremas-y-precipitaciones-2025x09x16-a.pdf
2025-09-16,018,ARPT. DE LA ROMANA,LA ROMANA,ONAMET,EMCI,35.5,26.8,11.4,https://indomet.gob.do/wp-content/uploads/2025/09/temperaturas-extremas-y-precipitaciones-2025x09x16-a.pdf
2025-09-16,019,SANTO DOMINGO ESTE,SANTO DOMINGO,ONAMET,EMCI,35.5,26.8,11.4,https://indomet.gob.do/wp-content/uploads/2025/09/temperaturas-extremas-y-precipitaciones-2025x09x16-a.pdf
2025-09-16,020,EL FACTOR (EMA),MARÍA TRINIDAD SÁNCHEZ,INTEC,EMAP,34.3,24.6,11.2,https://indomet.gob.do/wp-content/uploads/2025/09/temperaturas-extremas-y-precipitaciones-2025x09x16-a.pdf
2025-09-16,021,JARDÍN BOTÁNICO NACIONAL,DISTRITO NACIONAL,JARDÍN BOTÁNICO NACIONAL,EMCV,33.9,23.1,10.8,https://indomet.gob.do/wp-content/uploads/2025/09/temperaturas-extremas-y-precipitaciones-2025x09x16-a.pdf
2025-09-16,022,ARPT. GREGORIO LUPERÓN,PUERTO PLATA,ONAMET,EMCI,33.6,24.4,10.4,https://indomet.gob.do/wp-content/uploads/2025/09/temperaturas-extremas-y-precipitaciones-2025x09x16-a.pdf
2025-09-16,023,VILLA ALTAGRACIA,SAN CRISTÓBAL,ESCUELA JAVIER ANGULO GURIDI,EMCI,,,10.3,https://indomet.gob.do/wp-content/uploads/2025/09/temperaturas-extremas-y-precipitaciones-2025x09x16-a.pdf
2025-09-16,024,ELÍAS PIÑA,ELÍAS PIÑA,MINISTERIO DE AGRICULTURA,EMCV,,,10.0,https://indomet.gob.do/wp-content/uploads/2025/09/temperaturas-extremas-y-precipitaciones-2025x09x16-a.pdf
2025-09-16,025,SAN CRISTÓBAL,SAN CRISTÓBAL,INSTITUTO POLITÉCNICO LOYOLA,EMCI,33.0,22.0,8.5,https://indomet.gob.do/wp-content/uploads/2025/09/temperaturas-extremas-y-precipitaciones-2025x09x16-a.pdf
2025-09-16,026,BAYAGUANA,MONTE PLATA,ONAMET,EMCI,34.0,24.0,8.4,https://indomet.gob.do/wp-content/uploads/2025/09/temperaturas-extremas-y-precipitaciones-2025x09x16-a.pdf
2025-09-16,027,SABANA DE LA MAR,HATO MAYOR,ONAMET,EMCI,32.5,24.0,8.4,https://indomet.gob.do/wp-content/uploads/2025/09/temperaturas-extremas-y-precipitaciones-2025x09x16-a.pdf
2025-09-16,028,SALCEDO,HERMANAS MIRABAL,PROPIEDAD DEL EMPLEADO,EMCI,,,8.4,https://indomet.gob.do/wp-content/uploads/2025/09/temperaturas-extremas-y-precipitaciones-2025x09x16-a.pdf
2025-09-16,029,LUPERÓN,PUERTO PLATA,MINISTERIO DE AGRICULTURA,EMCV,,,8.3,https://indomet.gob.do/wp-content/uploads/2025/09/temperaturas-extremas-y-precipitaciones-2025x09x16-a.pdf
2025-09-16,030,POLO,BARAHONA,INDOCAFE,EMCI,29.0,19.5,7.6,https://indomet.gob.do/wp-content/uploads/2025/09/temperaturas-extremas-y-precipitaciones-2025x09x16-a.pdf
2025-09-16,031,GASPAR HERNÁNDEZ,ESPAILLAT,PROPIEDAD DEL EMPLEADO,EMCI,,,6.1,https://indomet.gob.do/wp-content/uploads/2025/09/temperaturas-extremas-y-precipitaciones-2025x09x16-a.pdf
2025-09-16,032,BOCA DE MAO (EMA),VALVERDE,MINISTERIO DE AGRICULTURA,EMAP,35.5,24.6,6.0,https://indomet.gob.do/wp-content/uploads/2025/09/temperaturas-extremas-y-precipitaciones-2025x09x16-a.pdf
2025-09-16,033,ARPT. DE LAS AMÉRICAS,SANTO DOMINGO,ONAMET,EMCI,33.5,24.0,5.8,https://indomet.gob.do/wp-content/uploads/2025/09/temperaturas-extremas-y-precipitaciones-2025x09x16-a.pdf
2025-09-16,034,CABRERA,MARÍA TRINIDAD SÁNCHEZ,ESCUELA ARÍSTIDES FIALLO CABRAL,EMCI,35.0,25.8,5.8,https://indomet.gob.do/wp-content/uploads/2025/09/temperaturas-extremas-y-precipitaciones-2025x09x16-a.pdf
2025-09-16,035,JIMANÍ,INDEPENDENCIA,MINISTERIO DE AGRICULTURA,EMCI,37.4,26.2,4.7,https://indomet.gob.do/wp-content/uploads/2025/09/temperaturas-extremas-y-precipitaciones-2025x09x16-a.pdf
2025-09-16,036,TAMBORIL,SANTIAGO,MINISTERIO DE AGRICULTURA,EMCV,,,4.1,https://indomet.gob.do/wp-content/uploads/2025/09/temperaturas-extremas-y-precipitaciones-2025x09x16-a.pdf
2025-09-16,037,LA VEGA,LA VEGA,IATESA,EMCI,35.0,23.5,3.4,https://indomet.gob.do/wp-content/uploads/2025/09/temperaturas-extremas-y-precipitaciones-2025x09x16-a.pdf
2025-09-16,038,PADRE LAS CASAS,AZUA,HOSP. NTRA. SRA. DEL CARMEN,EMCI,34.0,23.5,3.4,https://indomet.gob.do/wp-content/uploads/2025/09/temperaturas-extremas-y-precipitaciones-2025x09x16-a.pdf
2025-09-16,039,SÁNCHEZ,SAMANÁ,MINISTERIO DE AGRICULTURA,EMCI,33.8,21.9,3.2,https://indomet.gob.do/wp-content/uploads/2025/09/temperaturas-extremas-y-precipitaciones-2025x09x16-a.pdf
2025-09-16,040,HONDO VALLE,ELÍAS PIÑA,MINISTERIO DE AGRICULTURA,EMCI,27.7,18.0,2.8,https://indomet.gob.do/wp-content/uploads/2025/09/temperaturas-extremas-y-precipitaciones-2025x09x16-a.pdf
2025-09-16,041,PEDERNALES,PEDERNALES,INDRHI,EMCI,,,1.4,https://indomet.gob.do/wp-content/uploads/2025/09/temperaturas-extremas-y-precipitaciones-2025x09x16-a.pdf
2025-09-16,042,ANAMUYA (EMA),LA ALTAGRACIA,MINISTERIO DE AGRICULTURA,EMAP,32.0,25.2,1.2,https://indomet.gob.do/wp-content/uploads/2025/09/temperaturas-extremas-y-precipitaciones-2025x09x16-a.pdf
2025-09-16,043,SAMANÁ,SAMANÁ,COMANDANCIA DE PUERTO DE SAMANÁ,EMCI,33.9,22.5,1.2,https://indomet.gob.do/wp-content/uploads/2025/09/temperaturas-extremas-y-precipitaciones-2025x09x16-a.pdf
2025-09-16,044,OLIVARES,PEDERNALES,INDRHI,EMCI,,,1.1,https://indomet.gob.do/wp-content/uploads/2025/09/temperaturas-extremas-y-precipitaciones-2025x09x16-a.pdf
2025-09-16,045,ESCONDIDO,PERAVIA,MINISTERIO DE AGRICULTURA,EMCV,34.0,26.0,0.8,https://indomet.gob.do/wp-content/uploads/2025/09/temperaturas-extremas-y-precipitaciones-2025x09x16-a.pdf
2025-09-16,046,ARPT. DE PUNTA CANA,LA ALTAGRACIA,ONAMET,EMCI,33.5,26.0,0.6,https://indomet.gob.do/wp-content/uploads/2025/09/temperaturas-extremas-y-precipitaciones-2025x09x16-a.pdf
2025-09-16,047,SAN RAFAEL DEL YUMA,LA ALTAGRACIA,MINISTERIO DE AGRICULTURA,EMCI,36.9,23.5,0.6,https://indomet.gob.do/wp-content/uploads/2025/09/temperaturas-extremas-y-precipitaciones-2025x09x16-a.pdf
2025-09-16,048,VILLA ISABELA,PUERTO PLATA,MINISTERIO DE AGRICULTURA,EMCV,,,0.5,https://indomet.gob.do/wp-content/uploads/2025/09/temperaturas-extremas-y-precipitaciones-2025x09x16-a.pdf
2025-09-16,049,BASE AÉREA DE SAN ISIDRO,SANTO DOMINGO,FUERZA AÉREA DOMINICANA,EMCV,34.0,24.5,0.4,https://indomet.gob.do/wp-content/uploads/2025/09/temperaturas-extremas-y-precipitaciones-2025x09x16-a.pdf
2025-09-16,050,ALTAMIRA,PUERTO PLATA,HOSP. MPAL. DE ALTAMIRA,EMCI,34.0,22.4,0.2,https://indomet.gob.do/wp-content/uploads/2025/09/temperaturas-extremas-y-precipitaciones-2025x09x16-a.pdf
2025-09-16,051,ARPT. DEL CIBAO,SANTIAGO,ONAMET,EMCI,34.5,22.5,0.2,https://indomet.gob.do/wp-content/uploads/2025/09/temperaturas-extremas-y-precipitaciones-2025x09x16-a.pdf
2025-09-16,052,PERALTA,AZUA,HOSP. MPAL. DE PERALTA,EMCI,35.5,20.6,0.2,https://indomet.gob.do/wp-content/uploads/2025/09/temperaturas-extremas-y-precipitaciones-2025x09x16-a.pdf
2025-09-16,053,SABANA GRANDE DE BOYÁ,MONTE PLATA,MINISTERIO DE AGRICULTURA,EMCV,,,0.1,https://indomet.gob.do/wp-content/uploads/2025/09/temperaturas-extremas-y-precipitaciones-2025x09x16-a.pdf
2025-09-16,054,ARPT. ARROYO BARRIL,SAMANÁ,ONAMET,EMCI,34.5,23.4,0.0,https://indomet.gob.do/wp-content/uploads/2025/09/temperaturas-extremas-y-precipitaciones-2025x09x16-a.pdf
2025-09-16,055,ARPT. MARÍA MONTEZ,BARAHONA,ONAMET,EMCI,34.0,25.6,0.0,https://indomet.gob.do/wp-content/uploads/2025/09/temperaturas-extremas-y-precipitaciones-2025x09x16-a.pdf
2025-09-16,056,ARROYO LORO,SAN JUAN,IDIAF,EMCI,33.4,19.6,0.0,https://indomet.gob.do/wp-content/uploads/2025/09/temperaturas-extremas-y-precipitaciones-2025x09x16-a.pdf
2025-09-16,057,CABRAL,BARAHONA,MINISTERIO DE AGRICULTURA,EMCV,36.2,26.7,0.0,https://indomet.gob.do/wp-content/uploads/2025/09/temperaturas-extremas-y-precipitaciones-2025x09x16-a.pdf
2025-09-16,058,DAJABÓN,DAJABÓN,INSTITUTO POLITÉCNICO LOYOLA,EMCI,34.7,20.2,0.0,https://indomet.gob.do/wp-content/uploads/2025/09/temperaturas-extremas-y-precipitaciones-2025x09x16-a.pdf
2025-09-16,059,EL CERCADO,SAN JUAN,MINISTERIO DE AGRICULTURA,EMCV,,,0.0,https://indomet.gob.do/wp-content/uploads/2025/09/temperaturas-extremas-y-precipitaciones-2025x09x16-a.pdf
2025-09-16,060,ENRIQUILLO,BARAHONA,MINISTERIO DE AGRICULTURA,EMCV,33.7,25.0,0.0,https://indomet.gob.do/wp-content/uploads/2025/09/temperaturas-extremas-y-precipitaciones-2025x09x16-a.pdf
2025-09-16,061,GURABO,SANTIAGO,MINISTERIO DE AGRICULTURA,EMCV,,,0.0,https://indomet.gob.do/wp-content/uploads/2025/09/temperaturas-extremas-y-precipitaciones-2025x09x16-a.pdf
2025-09-16,062,HATO MAYOR,HATO MAYOR,MINISTERIO DE AGRICULTURA,EMCV,,,0.0,https://indomet.gob.do/wp-content/uploads/2025/09/temperaturas-extremas-y-precipitaciones-2025x09x16-a.pdf
2025-09-16,063,LAS CANAS (EMA),MONTE CRISTI,PROGRAMA MUNDIAL DE ALIMENTO,EMAP,32.1,26.2,0.0,https://indomet.gob.do/wp-content/uploads/2025/09/temperaturas-extremas-y-precipitaciones-2025x09x16-a.pdf
2025-09-16,064,LAS MATAS DE FARFÁN,SAN JUAN,MINISTERIO DE AGRICULTURA,EMCV,,,0.0,https://indomet.gob.do/wp-content/uploads/2025/09/temperaturas-extremas-y-precipitaciones-2025x09x16-a.pdf
2025-09-16,065,LAS MATAS DE SANTA CRUZ (EMA,MONTE CRISTI,PROGRAMA MUNDIAL DE ALIMENTO,EMAP,,,0.0,https://indomet.gob.do/wp-content/uploads/2025/09/temperaturas-extremas-y-precipitaciones-2025x09x16-a.pdf
2025-09-16,066,LOS TRES CHARCOS (EMA),PEDERNALES,PROPIEDAD DEL VOLUNTARIO,EMAP,29.1,25.4,0.0,https://indomet.gob.do/wp-content/uploads/2025/09/temperaturas-extremas-y-precipitaciones-2025x09x16-a.pdf
2025-09-16,067,MAO,VALVERDE,INDRHI / MINISTERIO DE AGRICULTURA,EMCV,,,0.0,https://indomet.gob.do/wp-content/uploads/2025/09/temperaturas-extremas-y-precipitaciones-2025x09x16-a.pdf
2025-09-16,068,MONCIÓN (EMA),SANTIAGO RODRÍGUEZ,PROGRAMA MUNDIAL DE ALIMENTO,EMAP,32.7,22.1,0.0,https://indomet.gob.do/wp-content/uploads/2025/09/temperaturas-extremas-y-precipitaciones-2025x09x16-a.pdf
2025-09-16,069,MONTE CRISTI,MONTE CRISTI,ONAMET,EMCI,36.0,26.6,0.0,https://indomet.gob.do/wp-content/uploads/2025/09/temperaturas-extremas-y-precipitaciones-2025x09x16-a.pdf
2025-09-16,070,OVIEDO,PEDERNALES,CLÍNICA RURAL OVIEDO,EMCI,34.0,25.0,0.0,https://indomet.gob.do/wp-content/uploads/2025/09/temperaturas-extremas-y-precipitaciones-2025x09x16-a.pdf
2025-09-16,071,PESCADERIA (EMA),BARAHONA,MINISTERIO DE AGRICULTURA,EMAP,34.9,27.3,0.0,https://indomet.gob.do/wp-content/uploads/2025/09/temperaturas-extremas-y-precipitaciones-2025x09x16-a.pdf
2025-09-16,072,PONTÓN ABAJO (EMA),LA VEGA,MINISTERIO DE AGRICULTURA,EMAP,34.9,23.9,0.0,https://indomet.gob.do/wp-content/uploads/2025/09/temperaturas-extremas-y-precipitaciones-2025x09x16-a.pdf
2025-09-16,073,RESTAURACIÓN,DAJABÓN,MINISTERIO DE AGRICULTURA,EMCI,31.5,18.4,0.0,https://indomet.gob.do/wp-content/uploads/2025/09/temperaturas-extremas-y-precipitaciones-2025x09x16-a.pdf
2025-09-16,074,SABANETA (EMA),SANTIAGO RODRÍGUEZ,PROGRAMA MUNDIAL DE ALIMENTO,EMAP,36.3,24.3,0.0,https://indomet.gob.do/wp-content/uploads/2025/09/temperaturas-extremas-y-precipitaciones-2025x09x16-a.pdf
2025-09-16,075,SAN FRANCISCO DE MACORÍS,DUARTE,San Francisco de Macorís (UASD),EMCI,33.8,22.6,0.0,https://indomet.gob.do/wp-content/uploads/2025/09/temperaturas-extremas-y-precipitaciones-2025x09x16-a.pdf
2025-09-16,076,SAN JOSÉ DE OCOA,SAN JOSÉ DE OCOA,HOSP. SAN JOSÉ DE OCOA,EMCI,32.8,21.6,0.0,https://indomet.gob.do/wp-content/uploads/2025/09/temperaturas-extremas-y-precipitaciones-2025x09x16-a.pdf
2025-09-16,077,SANTIAGO,SANTIAGO,HUACALITO,EMCI,,,0.0,https://indomet.gob.do/wp-content/uploads/2025/09/temperaturas-extremas-y-precipitaciones-2025x09x16-a.pdf
2025-09-16,078,SANTIAGO RODRÍGUEZ,SANTIAGO RODRÍGUEZ,ONAMET,EMCI,36.0,24.3,0.0,https://indomet.gob.do/wp-content/uploads/2025/09/temperaturas-extremas-y-precipitaciones-2025x09x16-a.pdf
2025-09-16,079,TÁBARA ABAJO,AZUA,INDRHI,EMCI,34.9,20.5,0.0,https://indomet.gob.do/wp-content/uploads/2025/09/temperaturas-extremas-y-precipitaciones-2025x09x16-a.pdf
2025-09-16,080,VILLA GONZALES,SANTIAGO,MINISTERIO DE AGRICULTURA,EMCI,,,0.0,https://indomet.gob.do/wp-content/uploads/2025/09/temperaturas-extremas-y-precipitaciones-2025x09x16-a.pdf
2025-09-16,081,VILLA RIVA,DUARTE,HOSP. MPAL. ALICIA DE LEGENDRE,EMCI,34.0,23.5,0.0,https://indomet.gob.do/wp-content/uploads/2025/09/temperaturas-extremas-y-precipitaciones-2025x09x16-a.pdf
2025-09-17,001,RESTAURACIÓN,DAJABÓN,MINISTERIO DE AGRICULTURA,EMCI,32.3,17.7,55.8,https://indomet.gob.do/wp-content/uploads/2025/09/temperaturas-extremas-y-precipitaciones-2025x09x17-a.pdf
2025-09-17,002,SAMANÁ,SAMANÁ,COMANDANCIA DE PUERTO DE SAMANÁ,EMCI,33.0,20.9,49.8,https://indomet.gob.do/wp-content/uploads/2025/09/temperaturas-extremas-y-precipitaciones-2025x09x17-a.pdf
2025-09-17,003,JIMANÍ,INDEPENDENCIA,MINISTERIO DE AGRICULTURA,EMCI,37.2,22.6,38.1,https://indomet.gob.do/wp-content/uploads/2025/09/temperaturas-extremas-y-precipitaciones-2025x09x17-a.pdf
2025-09-17,004,JIMA ABAJO,LA VEGA,INDOMET,EMCI,,,22.0,https://indomet.gob.do/wp-content/uploads/2025/09/temperaturas-extremas-y-precipitaciones-2025x09x17-a.pdf
2025-09-17,005,JUMA BEJUCAL,MONSEÑOR NOUEL,IDIAF,EMCV,34.8,23.6,19.9,https://indomet.gob.do/wp-content/uploads/2025/09/temperaturas-extremas-y-precipitaciones-2025x09x17-a.pdf
2025-09-17,006,CABRERA,MARÍA TRINIDAD SÁNCHEZ,ESCUELA ARÍSTIDES FIALLO CABRAL,EMCI,34.0,26.8,18.8,https://indomet.gob.do/wp-content/uploads/2025/09/temperaturas-extremas-y-precipitaciones-2025x09x17-a.pdf
2025-09-17,007,SABANA DE LA MAR,HATO MAYOR,ONAMET,EMCI,32.0,24.5,14.4,https://indomet.gob.do/wp-content/uploads/2025/09/temperaturas-extremas-y-precipitaciones-2025x09x17-a.pdf
2025-09-17,008,ARPT. DE LAS AMÉRICAS,SANTO DOMINGO,ONAMET,EMCI,34.0,24.0,12.0,https://indomet.gob.do/wp-content/uploads/2025/09/temperaturas-extremas-y-precipitaciones-2025x09x17-a.pdf
2025-09-17,009,BONAO,MONSEÑOR NOUEL,MINISTERIO DE AGRICULTURA,EMCV,,,10.4,https://indomet.gob.do/wp-content/uploads/2025/09/temperaturas-extremas-y-precipitaciones-2025x09x17-a.pdf
2025-09-17,010,CABRAL,BARAHONA,MINISTERIO DE AGRICULTURA,EMCV,37.0,24.5,9.6,https://indomet.gob.do/wp-content/uploads/2025/09/temperaturas-extremas-y-precipitaciones-2025x09x17-a.pdf
2025-09-17,011,ARPT. ARROYO BARRIL,SAMANÁ,ONAMET,EMCI,30.1,24.0,9.3,https://indomet.gob.do/wp-content/uploads/2025/09/temperaturas-extremas-y-precipitaciones-2025x09x17-a.pdf
2025-09-17,012,EL FACTOR (EMA),MARÍA TRINIDAD SÁNCHEZ,INTEC,EMAP,33.2,23.4,8.9,https://indomet.gob.do/wp-content/uploads/2025/09/temperaturas-extremas-y-precipitaciones-2025x09x17-a.pdf
2025-09-17,013,MICHES (EMA),EL SEIBO,PRIVADA,EMAP,30.8,23.8,8.2,https://indomet.gob.do/wp-content/uploads/2025/09/temperaturas-extremas-y-precipitaciones-2025x09x17-a.pdf
2025-09-17,014,RÍO SAN JUAN,MARÍA TRINIDAD SÁNCHEZ,HOSP. MPAL. DR. DESIDERIO ACOSTA,EMCV,33.1,24.4,7.3,https://indomet.gob.do/wp-content/uploads/2025/09/temperaturas-extremas-y-precipitaciones-2025x09x17-a.pdf
2025-09-17,015,PASO AL MEDIO,SAN PEDRO DE MACORÍS,INDRHI,EMCI,,,6.6,https://indomet.gob.do/wp-content/uploads/2025/09/temperaturas-extremas-y-precipitaciones-2025x09x17-a.pdf
2025-09-17,016,ARPT. GREGORIO LUPERÓN,PUERTO PLATA,ONAMET,EMCI,32.5,24.0,6.5,https://indomet.gob.do/wp-content/uploads/2025/09/temperaturas-extremas-y-precipitaciones-2025x09x17-a.pdf
2025-09-17,017,TÁBARA ABAJO,AZUA,INDRHI,EMCI,35.9,22.0,6.4,https://indomet.gob.do/wp-content/uploads/2025/09/temperaturas-extremas-y-precipitaciones-2025x09x17-a.pdf
2025-09-17,018,OVIEDO,PEDERNALES,CLÍNICA RURAL OVIEDO,EMCI,33.8,24.0,6.2,https://indomet.gob.do/wp-content/uploads/2025/09/temperaturas-extremas-y-precipitaciones-2025x09x17-a.pdf
2025-09-17,019,HONDO VALLE,ELÍAS PIÑA,MINISTERIO DE AGRICULTURA,EMCI,27.5,17.9,4.9,https://indomet.gob.do/wp-content/uploads/2025/09/temperaturas-extremas-y-precipitaciones-2025x09x17-a.pdf
2025-09-17,020,GASPAR HERNÁNDEZ,ESPAILLAT,PROPIEDAD DEL EMPLEADO,EMCI,,,4.6,https://indomet.gob.do/wp-content/uploads/2025/09/temperaturas-extremas-y-precipitaciones-2025x09x17-a.pdf
2025-09-17,021,SÁNCHEZ,SAMANÁ,MINISTERIO DE AGRICULTURA,EMCI,34.5,22.8,4.6,https://indomet.gob.do/wp-content/uploads/2025/09/temperaturas-extremas-y-precipitaciones-2025x09x17-a.pdf
2025-09-17,022,VILLA ALTAGRACIA,SAN CRISTÓBAL,ESCUELA JAVIER ANGULO GURIDI,EMCI,,,4.6,https://indomet.gob.do/wp-content/uploads/2025/09/temperaturas-extremas-y-precipitaciones-2025x09x17-a.pdf
2025-09-17,023,ARPT. EL CATEY,SAMANÁ,ONAMET,EMCI,30.5,22.6,4.0,https://indomet.gob.do/wp-content/uploads/2025/09/temperaturas-extremas-y-precipitaciones-2025x09x17-a.pdf
2025-09-17,024,SALCEDO,HERMANAS MIRABAL,PROPIEDAD DEL EMPLEADO,EMCI,,,3.9,https://indomet.gob.do/wp-content/uploads/2025/09/temperaturas-extremas-y-precipitaciones-2025x09x17-a.pdf
2025-09-17,025,ARPT. DE LA ROMANA,LA ROMANA,ONAMET,EMCI,32.8,23.8,3.4,https://indomet.gob.do/wp-content/uploads/2025/09/temperaturas-extremas-y-precipitaciones-2025x09x17-a.pdf
2025-09-17,026,PRESA DE TAVERAS (EMA),LA VEGA,PROGRAMA MUNDIAL DE ALIMENTO,EMAP,32.6,23.1,3.4,https://indomet.gob.do/wp-content/uploads/2025/09/temperaturas-extremas-y-precipitaciones-2025x09x17-a.pdf
2025-09-17,027,LOS JENGIBRES,NAGUA,INDRHI,EMCI,,,2.9,https://indomet.gob.do/wp-content/uploads/2025/09/temperaturas-extremas-y-precipitaciones-2025x09x17-a.pdf
2025-09-17,028,PADRE LAS CASAS,AZUA,HOSP. NTRA. SRA. DEL CARMEN,EMCI,35.2,21.0,2.9,https://indomet.gob.do/wp-content/uploads/2025/09/temperaturas-extremas-y-precipitaciones-2025x09x17-a.pdf
2025-09-17,029,BOHECHÍO,SAN JUAN,MINISTERIO DE AGRICULTURA,EMCV,,,2.6,https://indomet.gob.do/wp-content/uploads/2025/09/temperaturas-extremas-y-precipitaciones-2025x09x17-a.pdf
2025-09-17,030,PERALTA,AZUA,HOSP. MPAL. DE PERALTA,EMCI,33.4,19.6,2.6,https://indomet.gob.do/wp-content/uploads/2025/09/temperaturas-extremas-y-precipitaciones-2025x09x17-a.pdf
2025-09-17,031,LOS LLANOS,SAN PEDRO DE MACORÍS,MINISTERIO DE AGRICULTURA,EMCI,32.7,24.2,2.4,https://indomet.gob.do/wp-content/uploads/2025/09/temperaturas-extremas-y-precipitaciones-2025x09x17-a.pdf
2025-09-17,032,SAN RAFAEL DEL YUMA,LA ALTAGRACIA,MINISTERIO DE AGRICULTURA,EMCI,34.7,23.1,2.3,https://indomet.gob.do/wp-content/uploads/2025/09/temperaturas-extremas-y-precipitaciones-2025x09x17-a.pdf
2025-09-17,033,SAN FRANCISCO DE MACORÍS,DUARTE,San Francisco de Macorís (UASD),EMCI,33.4,23.7,1.6,https://indomet.gob.do/wp-content/uploads/2025/09/temperaturas-extremas-y-precipitaciones-2025x09x17-a.pdf
2025-09-17,034,LUPERÓN,PUERTO PLATA,MINISTERIO DE AGRICULTURA,EMCV,,,1.5,https://indomet.gob.do/wp-content/uploads/2025/09/temperaturas-extremas-y-precipitaciones-2025x09x17-a.pdf
2025-09-17,035,CONSTANZA,LA VEGA,MINISTERIO DE AGRICULTURA,EMCI,27.5,16.0,1.3,https://indomet.gob.do/wp-content/uploads/2025/09/temperaturas-extremas-y-precipitaciones-2025x09x17-a.pdf
2025-09-17,036,ELÍAS PIÑA,ELÍAS PIÑA,MINISTERIO DE AGRICULTURA,EMCV,,,1.2,https://indomet.gob.do/wp-content/uploads/2025/09/temperaturas-extremas-y-precipitaciones-2025x09x17-a.pdf
2025-09-17,037,ENRIQUILLO,BARAHONA,MINISTERIO DE AGRICULTURA,EMCV,34.5,23.5,1.2,https://indomet.gob.do/wp-content/uploads/2025/09/temperaturas-extremas-y-precipitaciones-2025x09x17-a.pdf
2025-09-17,038,CONSTANZA (EMA),LA VEGA,PROGRAMA MUNDIAL DE ALIMENTO,EMAP,26.3,17.2,1.0,https://indomet.gob.do/wp-content/uploads/2025/09/temperaturas-extremas-y-precipitaciones-2025x09x17-a.pdf
2025-09-17,039,RANCHO ARRIBA,SAN JOSÉ DE OCOA,CENTRO TECNOLÓGICO COMUNITARIO,EMCI,30.2,19.4,1.0,https://indomet.gob.do/wp-content/uploads/2025/09/temperaturas-extremas-y-precipitaciones-2025x09x17-a.pdf
2025-09-17,040,OLIVARES,PEDERNALES,INDRHI,EMCI,,,0.6,https://indomet.gob.do/wp-content/uploads/2025/09/temperaturas-extremas-y-precipitaciones-2025x09x17-a.pdf
2025-09-17,041,TAMBORIL,SANTIAGO,MINISTERIO DE AGRICULTURA,EMCV,,,0.5,https://indomet.gob.do/wp-content/uploads/2025/09/temperaturas-extremas-y-precipitaciones-2025x09x17-a.pdf
2025-09-17,042,ALTO BANDERA (EMA),LA VEGA,INTEC,EMAP,17.2,9.0,0.5,https://indomet.gob.do/wp-content/uploads/2025/09/temperaturas-extremas-y-precipitaciones-2025x09x17-a.pdf
2025-09-17,043,JARABACOA,LA VEGA,INDRHI / MARENA,EMCI,32.4,19.2,0.5,https://indomet.gob.do/wp-content/uploads/2025/09/temperaturas-extremas-y-precipitaciones-2025x09x17-a.pdf
2025-09-17,044,ARPT. DE PUNTA CANA,LA ALTAGRACIA,ONAMET,EMCI,33.3,24.5,0.4,https://indomet.gob.do/wp-content/uploads/2025/09/temperaturas-extremas-y-precipitaciones-2025x09x17-a.pdf
2025-09-17,045,JARABACOA (EMA),LA VEGA,PROGRAMA MUNDIAL DE ALIMENTO,EMAP,31.4,20.7,0.4,https://indomet.gob.do/wp-content/uploads/2025/09/temperaturas-extremas-y-precipitaciones-2025x09x17-a.pdf
2025-09-17,046,SANTO DOMINGO ESTE,SANTO DOMINGO,ONAMET,EMCI,34.5,26.0,0.4,https://indomet.gob.do/wp-content/uploads/2025/09/temperaturas-extremas-y-precipitaciones-2025x09x17-a.pdf
2025-09-17,047,JARDÍN BOTÁNICO NACIONAL,DISTRITO NACIONAL,JARDÍN BOTÁNICO NACIONAL,EMCV,34.3,23.4,0.3,https://indomet.gob.do/wp-content/uploads/2025/09/temperaturas-extremas-y-precipitaciones-2025x09x17-a.pdf
2025-09-17,048,SANTIAGO,SANTIAGO,HUACALITO,EMCI,,,0.2,https://indomet.gob.do/wp-content/uploads/2025/09/temperaturas-extremas-y-precipitaciones-2025x09x17-a.pdf
2025-09-17,049,ARPT. DEL CIBAO,SANTIAGO,ONAMET,EMCI,34.8,22.0,0.1,https://indomet.gob.do/wp-content/uploads/2025/09/temperaturas-extremas-y-precipitaciones-2025x09x17-a.pdf
2025-09-17,050,ARROYO LORO,SAN JUAN,IDIAF,EMCI,34.0,21.2,0.1,https://indomet.gob.do/wp-content/uploads/2025/09/temperaturas-extremas-y-precipitaciones-2025x09x17-a.pdf
2025-09-17,051,PEDERNALES,PEDERNALES,INDRHI,EMCI,,,0.1,https://indomet.gob.do/wp-content/uploads/2025/09/temperaturas-extremas-y-precipitaciones-2025x09x17-a.pdf
2025-09-17,052,ALTAMIRA,PUERTO PLATA,HOSP. MPAL. DE ALTAMIRA,EMCI,33.6,22.2,0.0,https://indomet.gob.do/wp-content/uploads/2025/09/temperaturas-extremas-y-precipitaciones-2025x09x17-a.pdf
2025-09-17,053,ANAMUYA (EMA),LA ALTAGRACIA,MINISTERIO DE AGRICULTURA,EMAP,31.8,24.5,0.0,https://indomet.gob.do/wp-content/uploads/2025/09/temperaturas-extremas-y-precipitaciones-2025x09x17-a.pdf
2025-09-17,054,ARPT. LA ISABELA,SANTO DOMINGO,ONAMET,EMCI,35.7,24.2,0.0,https://indomet.gob.do/wp-content/uploads/2025/09/temperaturas-extremas-y-precipitaciones-2025x09x17-a.pdf
2025-09-17,055,ARPT. MARÍA MONTEZ,BARAHONA,ONAMET,EMCI,35.0,,0.0,https://indomet.gob.do/wp-content/uploads/2025/09/temperaturas-extremas-y-precipitaciones-2025x09x17-a.pdf
2025-09-17,056,BANI (EMA),PERAVIA,MINISTERIO DE AGRICULTURA,EMAP,35.3,26.1,0.0,https://indomet.gob.do/wp-content/uploads/2025/09/temperaturas-extremas-y-precipitaciones-2025x09x17-a.pdf
2025-09-17,057,BAYAGUANA,MONTE PLATA,ONAMET,EMCI,32.8,23.8,0.0,https://indomet.gob.do/wp-content/uploads/2025/09/temperaturas-extremas-y-precipitaciones-2025x09x17-a.pdf
2025-09-17,058,BOCA DE MAO (EMA),VALVERDE,MINISTERIO DE AGRICULTURA,EMAP,36.2,25.1,0.0,https://indomet.gob.do/wp-content/uploads/2025/09/temperaturas-extremas-y-precipitaciones-2025x09x17-a.pdf
2025-09-17,059,CENTRO DE LOS HEROES (EMA),DISTRITO NACIONAL,MINISTERIO DE ENERGIA Y MINA,EMAP,33.9,27.2,0.0,https://indomet.gob.do/wp-content/uploads/2025/09/temperaturas-extremas-y-precipitaciones-2025x09x17-a.pdf
2025-09-17,060,COTUÍ,SÁNCHEZ RAMÍREZ,HOSP. INMACULADA CONCEPCIÓN,EMCV,,,0.0,https://indomet.gob.do/wp-content/uploads/2025/09/temperaturas-extremas-y-precipitaciones-2025x09x17-a.pdf
2025-09-17,061,DAJABÓN,DAJABÓN,INSTITUTO POLITÉCNICO LOYOLA,EMCI,35.0,20.1,0.0,https://indomet.gob.do/wp-content/uploads/2025/09/temperaturas-extremas-y-precipitaciones-2025x09x17-a.pdf
2025-09-17,062,GURABO,SANTIAGO,MINISTERIO DE AGRICULTURA,EMCV,,,0.0,https://indomet.gob.do/wp-content/uploads/2025/09/temperaturas-extremas-y-precipitaciones-2025x09x17-a.pdf
2025-09-17,063,HATO MAYOR,HATO MAYOR,MINISTERIO DE AGRICULTURA,EMCV,,,0.0,https://indomet.gob.do/wp-content/uploads/2025/09/temperaturas-extremas-y-precipitaciones-2025x09x17-a.pdf
2025-09-17,064,LA VEGA,LA VEGA,IATESA,EMCI,35.5,24.4,0.0,https://indomet.gob.do/wp-content/uploads/2025/09/temperaturas-extremas-y-precipitaciones-2025x09x17-a.pdf
2025-09-17,065,LA VICTORIA,SANTO DOMINGO,CUERPO DE BOMBEROS,EMCI,33.0,25.0,0.0,https://indomet.gob.do/wp-content/uploads/2025/09/temperaturas-extremas-y-precipitaciones-2025x09x17-a.pdf
2025-09-17,066,LAS CANAS (EMA),MONTE CRISTI,PROGRAMA MUNDIAL DE ALIMENTO,EMAP,31.9,24.6,0.0,https://indomet.gob.do/wp-content/uploads/2025/09/temperaturas-extremas-y-precipitaciones-2025x09x17-a.pdf
2025-09-17,067,LAS MATAS DE SANTA CRUZ (EMA,MONTE CRISTI,PROGRAMA MUNDIAL DE ALIMENTO,EMAP,,,0.0,https://indomet.gob.do/wp-content/uploads/2025/09/temperaturas-extremas-y-precipitaciones-2025x09x17-a.pdf
2025-09-17,068,LOS TRES CHARCOS (EMA),PEDERNALES,PROPIEDAD DEL VOLUNTARIO,EMAP,34.2,24.3,0.0,https://indomet.gob.do/wp-content/uploads/2025/09/temperaturas-extremas-y-precipitaciones-2025x09x17-a.pdf
2025-09-17,069,MAO,VALVERDE,INDRHI / MINISTERIO DE AGRICULTURA,EMCV,,,0.0,https://indomet.gob.do/wp-content/uploads/2025/09/temperaturas-extremas-y-precipitaciones-2025x09x17-a.pdf
2025-09-17,070,MONCIÓN (EMA),SANTIAGO RODRÍGUEZ,PROGRAMA MUNDIAL DE ALIMENTO,EMAP,33.6,21.8,0.0,https://indomet.gob.do/wp-content/uploads/2025/09/temperaturas-extremas-y-precipitaciones-2025x09x17-a.pdf
2025-09-17,071,MONTE CRISTI,MONTE CRISTI,ONAMET,EMCI,35.5,25.8,0.0,https://indomet.gob.do/wp-content/uploads/2025/09/temperaturas-extremas-y-precipitaciones-2025x09x17-a.pdf
2025-09-17,072,NAVARRETE,SANTIAGO,MINISTERIO DE AGRICULTURA,EMCV,,,0.0,https://indomet.gob.do/wp-content/uploads/2025/09/temperaturas-extremas-y-precipitaciones-2025x09x17-a.pdf
2025-09-17,073,PALO ÍNDIO,PUERTO PLATA,MINISTERIO DE AGRICULTURA,EMCI,,,0.0,https://indomet.gob.do/wp-content/uploads/2025/09/temperaturas-extremas-y-precipitaciones-2025x09x17-a.pdf
2025-09-17,074,PESCADERIA (EMA),BARAHONA,MINISTERIO DE AGRICULTURA,EMAP,35.3,26.3,0.0,https://indomet.gob.do/wp-content/uploads/2025/09/temperaturas-extremas-y-precipitaciones-2025x09x17-a.pdf
2025-09-17,075,POLO,BARAHONA,INDOCAFE,EMCI,30.2,18.4,0.0,https://indomet.gob.do/wp-content/uploads/2025/09/temperaturas-extremas-y-precipitaciones-2025x09x17-a.pdf
2025-09-17,076,PONTÓN ABAJO (EMA),LA VEGA,MINISTERIO DE AGRICULTURA,EMAP,26.3,17.2,0.0,https://indomet.gob.do/wp-content/uploads/2025/09/temperaturas-extremas-y-precipitaciones-2025x09x17-a.pdf
2025-09-17,077,SABANA GRANDE DE BOYÁ,MONTE PLATA,MINISTERIO DE AGRICULTURA,EMCV,,,0.0,https://indomet.gob.do/wp-content/uploads/2025/09/temperaturas-extremas-y-precipitaciones-2025x09x17-a.pdf
2025-09-17,078,SABANETA (EMA),SANTIAGO RODRÍGUEZ,PROGRAMA MUNDIAL DE ALIMENTO,EMAP,36.7,24.1,0.0,https://indomet.gob.do/wp-content/uploads/2025/09/temperaturas-extremas-y-precipitaciones-2025x09x17-a.pdf
2025-09-17,079,SAN CRISTÓBAL,SAN CRISTÓBAL,INSTITUTO POLITÉCNICO LOYOLA,EMCI,33.2,22.2,0.0,https://indomet.gob.do/wp-content/uploads/2025/09/temperaturas-extremas-y-precipitaciones-2025x09x17-a.pdf
2025-09-17,080,SAN JOSÉ DE OCOA,SAN JOSÉ DE OCOA,HOSP. SAN JOSÉ DE OCOA,EMCI,32.8,22.0,0.0,https://indomet.gob.do/wp-content/uploads/2025/09/temperaturas-extremas-y-precipitaciones-2025x09x17-a.pdf
2025-09-17,081,SANTIAGO RODRÍGUEZ,SANTIAGO RODRÍGUEZ,ONAMET,EMCI,37.0,24.5,0.0,https://indomet.gob.do/wp-content/uploads/2025/09/temperaturas-extremas-y-precipitaciones-2025x09x17-a.pdf
2025-09-17,082,TAVERA,SANTIAGO,INDRHI,EMCI,,,0.0,https://indomet.gob.do/wp-content/uploads/2025/09/temperaturas-extremas-y-precipitaciones-2025x09x17-a.pdf
2025-09-17,083,VALLE NUEVO (EMA),LA VEGA,MARENA,EMAI,21.4,8.8,0.0,https://indomet.gob.do/wp-content/uploads/2025/09/temperaturas-extremas-y-precipitaciones-2025x09x17-a.pdf
2025-09-17,084,VILLA GONZALES,SANTIAGO,MINISTERIO DE AGRICULTURA,EMCI,,,0.0,https://indomet.gob.do/wp-content/uploads/2025/09/temperaturas-extremas-y-precipitaciones-2025x09x17-a.pdf
2025-09-17,085,VILLA ISABELA,PUERTO PLATA,MINISTERIO DE AGRICULTURA,EMCV,,,0.0,https://indomet.gob.do/wp-content/uploads/2025/09/temperaturas-extremas-y-precipitaciones-2025x09x17-a.pdf
2025-09-17,086,VILLA RIVA,DUARTE,HOSP. MPAL. ALICIA DE LEGENDRE,EMCI,32.4,23.0,0.0,https://indomet.gob.do/wp-content/uploads/2025/09/temperaturas-extremas-y-precipitaciones-2025x09x17-a.pdf
2025-09-18,001,ANAMUYA (EMA),,,,31.4,23.7,43.4,https://indomet.gob.do/wp-content/uploads/2025/09/temperaturas-extremas-y-precipitaciones-2025x09x18-B.pdf
2025-09-18,002,ARPT. DE LA ROMANA,,,,33.0,23.6,38.4,https://indomet.gob.do/wp-content/uploads/2025/09/temperaturas-extremas-y-precipitaciones-2025x09x18-B.pdf
2025-09-18,003,SAN JOSÉ DE OCOA,,,,31.2,18.4,35.2,https://indomet.gob.do/wp-content/uploads/2025/09/temperaturas-extremas-y-precipitaciones-2025x09x18-B.pdf
2025-09-18,004,OLIVARES,,,,,,25.7,https://indomet.gob.do/wp-content/uploads/2025/09/temperaturas-extremas-y-precipitaciones-2025x09x18-B.pdf
2025-09-18,005,SÁNCHEZ,,,,31.3,21.2,24.8,https://indomet.gob.do/wp-content/uploads/2025/09/temperaturas-extremas-y-precipitaciones-2025x09x18-B.pdf
2025-09-18,006,ARPT. EL CATEY,,,,30.6,23.0,23.0,https://indomet.gob.do/wp-content/uploads/2025/09/temperaturas-extremas-y-precipitaciones-2025x09x18-B.pdf
2025-09-18,007,EL CERCADO,,,,,,21.8,https://indomet.gob.do/wp-content/uploads/2025/09/temperaturas-extremas-y-precipitaciones-2025x09x18-B.pdf
2025-09-18,008,PEDERNALES,,,,,,19.4,https://indomet.gob.do/wp-content/uploads/2025/09/temperaturas-extremas-y-precipitaciones-2025x09x18-B.pdf
2025-09-18,009,POLO,,,,32.4,,19.0,https://indomet.gob.do/wp-content/uploads/2025/09/temperaturas-extremas-y-precipitaciones-2025x09x18-B.pdf
2025-09-18,010,RÍO SAN JUAN,,,,33.6,24.5,15.6,https://indomet.gob.do/wp-content/uploads/2025/09/temperaturas-extremas-y-precipitaciones-2025x09x18-B.pdf
2025-09-18,011,MOCA,,,,,,15.5,https://indomet.gob.do/wp-content/uploads/2025/09/temperaturas-extremas-y-precipitaciones-2025x09x18-B.pdf
2025-09-18,012,DAJABÓN,,,,34.4,19.2,15.3,https://indomet.gob.do/wp-content/uploads/2025/09/temperaturas-extremas-y-precipitaciones-2025x09x18-B.pdf
2025-09-18,013,BONAO,,,,,,14.7,https://indomet.gob.do/wp-content/uploads/2025/09/temperaturas-extremas-y-precipitaciones-2025x09x18-B.pdf
2025-09-18,014,BOHECHÍO,,,,,,14.2,https://indomet.gob.do/wp-content/uploads/2025/09/temperaturas-extremas-y-precipitaciones-2025x09x18-B.pdf
2025-09-18,015,ELÍAS PIÑA,,,,,,14.0,https://indomet.gob.do/wp-content/uploads/2025/09/temperaturas-extremas-y-precipitaciones-2025x09x18-B.pdf
2025-09-18,016,MICHES (EMA),,,,31.1,23.7,13.8,https://indomet.gob.do/wp-content/uploads/2025/09/temperaturas-extremas-y-precipitaciones-2025x09x18-B.pdf
2025-09-18,017,JUMA BEJUCAL,,,,34.0,22.5,13.1,https://indomet.gob.do/wp-content/uploads/2025/09/temperaturas-extremas-y-precipitaciones-2025x09x18-B.pdf
2025-09-18,018,SANTO DOMINGO ESTE,,,,34.2,26.0,12.7,https://indomet.gob.do/wp-content/uploads/2025/09/temperaturas-extremas-y-precipitaciones-2025x09x18-B.pdf
2025-09-18,019,ARPT. ARROYO BARRIL,,,,30.2,23.4,12.4,https://indomet.gob.do/wp-content/uploads/2025/09/temperaturas-extremas-y-precipitaciones-2025x09x18-B.pdf
2025-09-18,020,PERALTA,,,,30.5,18.5,10.6,https://indomet.gob.do/wp-content/uploads/2025/09/temperaturas-extremas-y-precipitaciones-2025x09x18-B.pdf
2025-09-18,021,RESTAURACIÓN,,,,30.4,17.5,10.5,https://indomet.gob.do/wp-content/uploads/2025/09/temperaturas-extremas-y-precipitaciones-2025x09x18-B.pdf
2025-09-18,022,BASE AÉREA DE SAN ISIDRO,,,,35.0,23.6,10.0,https://indomet.gob.do/wp-content/uploads/2025/09/temperaturas-extremas-y-precipitaciones-2025x09x18-B.pdf
2025-09-18,023,JARDÍN BOTÁNICO NACIONAL,,,,32.8,22.3,9.4,https://indomet.gob.do/wp-content/uploads/2025/09/temperaturas-extremas-y-precipitaciones-2025x09x18-B.pdf
2025-09-18,024,TÁBARA ABAJO,,,,33.9,26.0,8.6,https://indomet.gob.do/wp-content/uploads/2025/09/temperaturas-extremas-y-precipitaciones-2025x09x18-B.pdf
2025-09-18,025,ARPT. DE PUNTA CANA,,,,29.8,23.4,7.4,https://indomet.gob.do/wp-content/uploads/2025/09/temperaturas-extremas-y-precipitaciones-2025x09x18-B.pdf
2025-09-18,026,PADRE LAS CASAS,,,,32.5,19.0,7.3,https://indomet.gob.do/wp-content/uploads/2025/09/temperaturas-extremas-y-precipitaciones-2025x09x18-B.pdf
2025-09-18,027,HONDO VALLE,,,,26.8,17.8,7.2,https://indomet.gob.do/wp-content/uploads/2025/09/temperaturas-extremas-y-precipitaciones-2025x09x18-B.pdf
2025-09-18,028,VILLA ALTAGRACIA,,,,,,7.2,https://indomet.gob.do/wp-content/uploads/2025/09/temperaturas-extremas-y-precipitaciones-2025x09x18-B.pdf
2025-09-18,029,CABRERA,,,,33.0,24.9,6.0,https://indomet.gob.do/wp-content/uploads/2025/09/temperaturas-extremas-y-precipitaciones-2025x09x18-B.pdf
2025-09-18,030,CENTRO DE LOS HEROES (EMA),,,,32.4,26.2,5.6,https://indomet.gob.do/wp-content/uploads/2025/09/temperaturas-extremas-y-precipitaciones-2025x09x18-B.pdf
2025-09-18,031,SAN RAFAEL DEL YUMA,,,,33.7,23.0,4.9,https://indomet.gob.do/wp-content/uploads/2025/09/temperaturas-extremas-y-precipitaciones-2025x09x18-B.pdf
2025-09-18,032,ENRIQUILLO,,,,33.5,22.7,4.4,https://indomet.gob.do/wp-content/uploads/2025/09/temperaturas-extremas-y-precipitaciones-2025x09x18-B.pdf
2025-09-18,033,ARPT. LA ISABELA,,,,35.5,24.5,4.0,https://indomet.gob.do/wp-content/uploads/2025/09/temperaturas-extremas-y-precipitaciones-2025x09x18-B.pdf
2025-09-18,034,PASO AL MEDIO,,,,,,3.8,https://indomet.gob.do/wp-content/uploads/2025/09/temperaturas-extremas-y-precipitaciones-2025x09x18-B.pdf
2025-09-18,035,SAN CRISTÓBAL,,,,34.2,21.2,3.8,https://indomet.gob.do/wp-content/uploads/2025/09/temperaturas-extremas-y-precipitaciones-2025x09x18-B.pdf
2025-09-18,036,ALTAMIRA,,,,33.1,20.9,3.4,https://indomet.gob.do/wp-content/uploads/2025/09/temperaturas-extremas-y-precipitaciones-2025x09x18-B.pdf
2025-09-18,037,OVIEDO,,,,33.0,22.5,3.4,https://indomet.gob.do/wp-content/uploads/2025/09/temperaturas-extremas-y-precipitaciones-2025x09x18-B.pdf
2025-09-18,038,ALTO BANDERA (EMA),,,,,,3.1,https://indomet.gob.do/wp-content/uploads/2025/09/temperaturas-extremas-y-precipitaciones-2025x09x18-B.pdf
2025-09-18,039,SAMANÁ,,,,32.1,22.0,3.0,https://indomet.gob.do/wp-content/uploads/2025/09/temperaturas-extremas-y-precipitaciones-2025x09x18-B.pdf
2025-09-18,040,LOS JENGIBRES,,,,,,2.3,https://indomet.gob.do/wp-content/uploads/2025/09/temperaturas-extremas-y-precipitaciones-2025x09x18-B.pdf
2025-09-18,041,ARPT. DE LAS AMÉRICAS,,,,33.5,23.8,2.2,https://indomet.gob.do/wp-content/uploads/2025/09/temperaturas-extremas-y-precipitaciones-2025x09x18-B.pdf
2025-09-18,042,JIMANÍ,,,,36.4,23.5,2.0,https://indomet.gob.do/wp-content/uploads/2025/09/temperaturas-extremas-y-precipitaciones-2025x09x18-B.pdf
2025-09-18,043,LOS LLANOS,,,,34.0,23.0,2.0,https://indomet.gob.do/wp-content/uploads/2025/09/temperaturas-extremas-y-precipitaciones-2025x09x18-B.pdf
2025-09-18,044,VILLA RIVA,,,,33.0,23.0,1.5,https://indomet.gob.do/wp-content/uploads/2025/09/temperaturas-extremas-y-precipitaciones-2025x09x18-B.pdf
2025-09-18,045,RANCHO ARRIBA,,,,31.0,18.4,1.0,https://indomet.gob.do/wp-content/uploads/2025/09/temperaturas-extremas-y-precipitaciones-2025x09x18-B.pdf
2025-09-18,046,ARPT. DEL CIBAO,,,,34.1,23.4,0.8,https://indomet.gob.do/wp-content/uploads/2025/09/temperaturas-extremas-y-precipitaciones-2025x09x18-B.pdf
2025-09-18,047,SABANA DE LA MAR,,,,32.0,24.0,0.7,https://indomet.gob.do/wp-content/uploads/2025/09/temperaturas-extremas-y-precipitaciones-2025x09x18-B.pdf
2025-09-18,048,JARABACOA,,,,32.6,18.2,0.6,https://indomet.gob.do/wp-content/uploads/2025/09/temperaturas-extremas-y-precipitaciones-2025x09x18-B.pdf
2025-09-18,049,CABRAL,,,,35.7,23.2,0.4,https://indomet.gob.do/wp-content/uploads/2025/09/temperaturas-extremas-y-precipitaciones-2025x09x18-B.pdf
2025-09-18,050,JARABACOA (EMA),,,,31.4,19.7,0.4,https://indomet.gob.do/wp-content/uploads/2025/09/temperaturas-extremas-y-precipitaciones-2025x09x18-B.pdf
2025-09-18,051,MONTE CRISTI,,,,35.3,26.0,0.4,https://indomet.gob.do/wp-content/uploads/2025/09/temperaturas-extremas-y-precipitaciones-2025x09x18-B.pdf
2025-09-18,052,ARPT. MARÍA MONTEZ,,,,33.9,25.0,0.2,https://indomet.gob.do/wp-content/uploads/2025/09/temperaturas-extremas-y-precipitaciones-2025x09x18-B.pdf
2025-09-18,053,SABANA GRANDE DE BOYÁ,,,,,,0.1,https://indomet.gob.do/wp-content/uploads/2025/09/temperaturas-extremas-y-precipitaciones-2025x09x18-B.pdf
2025-09-18,054,ARPT. GREGORIO LUPERÓN,,,,32.7,23.2,0.0,https://indomet.gob.do/wp-content/uploads/2025/09/temperaturas-extremas-y-precipitaciones-2025x09x18-B.pdf
2025-09-18,055,BANI (EMA),,,,34.0,25.0,0.0,https://indomet.gob.do/wp-content/uploads/2025/09/temperaturas-extremas-y-precipitaciones-2025x09x18-B.pdf
2025-09-18,056,BAYAGUANA,,,,34.0,24.0,0.0,https://indomet.gob.do/wp-content/uploads/2025/09/temperaturas-extremas-y-precipitaciones-2025x09x18-B.pdf
2025-09-18,057,BOCA DE MAO (EMA),,,,36.1,22.8,0.0,https://indomet.gob.do/wp-content/uploads/2025/09/temperaturas-extremas-y-precipitaciones-2025x09x18-B.pdf
2025-09-18,058,CONSTANZA,,,,27.6,13.7,0.0,https://indomet.gob.do/wp-content/uploads/2025/09/temperaturas-extremas-y-precipitaciones-2025x09x18-B.pdf
2025-09-18,059,CONSTANZA (EMA),,,,26.6,15.0,0.0,https://indomet.gob.do/wp-content/uploads/2025/09/temperaturas-extremas-y-precipitaciones-2025x09x18-B.pdf
2025-09-18,060,COTUÍ,,,,,,0.0,https://indomet.gob.do/wp-content/uploads/2025/09/temperaturas-extremas-y-precipitaciones-2025x09x18-B.pdf
2025-09-18,061,EL FACTOR (EMA),,,,32.6,24.6,0.0,https://indomet.gob.do/wp-content/uploads/2025/09/temperaturas-extremas-y-precipitaciones-2025x09x18-B.pdf
2025-09-18,062,GASPAR HERNÁNDEZ,,,,,,0.0,https://indomet.gob.do/wp-content/uploads/2025/09/temperaturas-extremas-y-precipitaciones-2025x09x18-B.pdf
2025-09-18,063,GURABO,,,,,,0.0,https://indomet.gob.do/wp-content/uploads/2025/09/temperaturas-extremas-y-precipitaciones-2025x09x18-B.pdf
2025-09-18,064,HATO MAYOR,,,,,,0.0,https://indomet.gob.do/wp-content/uploads/2025/09/temperaturas-extremas-y-precipitaciones-2025x09x18-B.pdf
2025-09-18,065,LA VEGA,,,,35.5,23.0,0.0,https://indomet.gob.do/wp-content/uploads/2025/09/temperaturas-extremas-y-precipitaciones-2025x09x18-B.pdf
2025-09-18,066,LA VICTORIA,,,,35.5,23.5,0.0,https://indomet.gob.do/wp-content/uploads/2025/09/temperaturas-extremas-y-precipitaciones-2025x09x18-B.pdf
2025-09-18,067,LAS CANAS (EMA),,,,32.2,23.8,0.0,https://indomet.gob.do/wp-content/uploads/2025/09/temperaturas-extremas-y-precipitaciones-2025x09x18-B.pdf
2025-09-18,068,LAS MATAS DE SANTA CRUZ (EMA),,,,,,0.0,https://indomet.gob.do/wp-content/uploads/2025/09/temperaturas-extremas-y-precipitaciones-2025x09x18-B.pdf
2025-09-18,069,LOS TRES CHARCOS (EMA),,,,33.8,22.5,0.0,https://indomet.gob.do/wp-content/uploads/2025/09/temperaturas-extremas-y-precipitaciones-2025x09x18-B.pdf
2025-09-18,070,MAO,,,,,,0.0,https://indomet.gob.do/wp-content/uploads/2025/09/temperaturas-extremas-y-precipitaciones-2025x09x18-B.pdf
2025-09-18,071,MONCIÓN (EMA),,,,33.2,21.0,0.0,https://indomet.gob.do/wp-content/uploads/2025/09/temperaturas-extremas-y-precipitaciones-2025x09x18-B.pdf
2025-09-18,072,NAVARRETE,,,,,,0.0,https://indomet.gob.do/wp-content/uploads/2025/09/temperaturas-extremas-y-precipitaciones-2025x09x18-B.pdf
2025-09-18,073,PONTÓN ABAJO (EMA),,,,35.8,23.8,0.0,https://indomet.gob.do/wp-content/uploads/2025/09/temperaturas-extremas-y-precipitaciones-2025x09x18-B.pdf
2025-09-18,074,PRESA DE TAVERAS (EMA),,,,32.3,21.6,0.0,https://indomet.gob.do/wp-content/uploads/2025/09/temperaturas-extremas-y-precipitaciones-2025x09x18-B.pdf
2025-09-18,075,SABANETA (EMA),,,,36.7,22.9,0.0,https://indomet.gob.do/wp-content/uploads/2025/09/temperaturas-extremas-y-precipitaciones-2025x09x18-B.pdf
2025-09-18,076,SALCEDO,,,,,,0.0,https://indomet.gob.do/wp-content/uploads/2025/09/temperaturas-extremas-y-precipitaciones-2025x09x18-B.pdf
2025-09-18,077,SAN FRANCISCO DE MACORÍS,,,,30.0,23.8,0.0,https://indomet.gob.do/wp-content/uploads/2025/09/temperaturas-extremas-y-precipitaciones-2025x09x18-B.pdf
2025-09-18,078,SANTIAGO,,,,,,0.0,https://indomet.gob.do/wp-content/uploads/2025/09/temperaturas-extremas-y-precipitaciones-2025x09x18-B.pdf
2025-09-18,079,SANTIAGO RODRÍGUEZ,,,,37.2,23.3,0.0,https://indomet.gob.do/wp-content/uploads/2025/09/temperaturas-extremas-y-precipitaciones-2025x09x18-B.pdf
2025-09-18,080,TAVERA,,,,,,0.0,https://indomet.gob.do/wp-content/uploads/2025/09/temperaturas-extremas-y-precipitaciones-2025x09x18-B.pdf
2025-09-18,081,VILLA GONZALES,,,,,,0.0,https://indomet.gob.do/wp-content/uploads/2025/09/temperaturas-extremas-y-precipitaciones-2025x09x18-B.pdf
2025-09-18,082,VILLA ISABELA,,,,,,0.0,https://indomet.gob.do/wp-content/uploads/2025/09/temperaturas-extremas-y-precipitaciones-2025x09x18-B.pdf
2025-09-19,001,ARPT. DE LAS AMÉRICAS,SANTO DOMINGO,ONAMET,EMCI,30.8,23.7,70.7,https://indomet.gob.do/wp-content/uploads/2025/09/temperaturas-extremas-y-precipitaciones-2025x09x19-a.pdf
2025-09-19,002,EL FACTOR (EMA),MARÍA TRINIDAD SÁNCHEZ,INTEC,EMAP,32.7,24.7,42.9,https://indomet.gob.do/wp-content/uploads/2025/09/temperaturas-extremas-y-precipitaciones-2025x09x19-a.pdf
2025-09-19,003,ARPT. ARROYO BARRIL,SAMANÁ,ONAMET,EMCI,31.5,24.5,39.8,https://indomet.gob.do/wp-content/uploads/2025/09/temperaturas-extremas-y-precipitaciones-2025x09x19-a.pdf
2025-09-19,004,POLO,BARAHONA,INDOCAFE,EMCI,31.0,18.5,36.5,https://indomet.gob.do/wp-content/uploads/2025/09/temperaturas-extremas-y-precipitaciones-2025x09x19-a.pdf
2025-09-19,005,LOS LLANOS,SAN PEDRO DE MACORÍS,MINISTERIO DE AGRICULTURA,EMCI,31.8,23.2,29.4,https://indomet.gob.do/wp-content/uploads/2025/09/temperaturas-extremas-y-precipitaciones-2025x09x19-a.pdf
2025-09-19,006,MICHES (EMA),EL SEIBO,PRIVADA,EMAP,31.1,24.7,27.2,https://indomet.gob.do/wp-content/uploads/2025/09/temperaturas-extremas-y-precipitaciones-2025x09x19-a.pdf
2025-09-19,007,CONSTANZA,LA VEGA,MINISTERIO DE AGRICULTURA,EMCI,27.6,16.0,27.0,https://indomet.gob.do/wp-content/uploads/2025/09/temperaturas-extremas-y-precipitaciones-2025x09x19-a.pdf
2025-09-19,008,CONSTANZA (EMA),LA VEGA,PROGRAMA MUNDIAL DE ALIMENTO,EMAP,26.6,17.3,24.8,https://indomet.gob.do/wp-content/uploads/2025/09/temperaturas-extremas-y-precipitaciones-2025x09x19-a.pdf
2025-09-19,009,CENTRO DE LOS HEROES (EMA),DISTRITO NACIONAL,MINISTERIO DE ENERGIA Y MINA,EMAP,31.3,26.0,19.8,https://indomet.gob.do/wp-content/uploads/2025/09/temperaturas-extremas-y-precipitaciones-2025x09x19-a.pdf
2025-09-19,010,JIMANÍ,INDEPENDENCIA,MINISTERIO DE AGRICULTURA,EMCI,35.4,22.4,14.4,https://indomet.gob.do/wp-content/uploads/2025/09/temperaturas-extremas-y-precipitaciones-2025x09x19-a.pdf
2025-09-19,011,BONAO,MONSEÑOR NOUEL,MINISTERIO DE AGRICULTURA,EMCV,,,13.5,https://indomet.gob.do/wp-content/uploads/2025/09/temperaturas-extremas-y-precipitaciones-2025x09x19-a.pdf
2025-09-19,012,VILLA RIVA,DUARTE,HOSP. MPAL. ALICIA DE LEGENDRE,EMCI,32.0,22.7,12.9,https://indomet.gob.do/wp-content/uploads/2025/09/temperaturas-extremas-y-precipitaciones-2025x09x19-a.pdf
2025-09-19,013,NAVARRETE,SANTIAGO,MINISTERIO DE AGRICULTURA,EMCV,,,11.4,https://indomet.gob.do/wp-content/uploads/2025/09/temperaturas-extremas-y-precipitaciones-2025x09x19-a.pdf
2025-09-19,014,ARPT. EL CATEY,SAMANÁ,ONAMET,EMCI,29.5,23.0,11.0,https://indomet.gob.do/wp-content/uploads/2025/09/temperaturas-extremas-y-precipitaciones-2025x09x19-a.pdf
2025-09-19,015,SABANA DE LA MAR,HATO MAYOR,ONAMET,EMCI,32.5,24.0,9.9,https://indomet.gob.do/wp-content/uploads/2025/09/temperaturas-extremas-y-precipitaciones-2025x09x19-a.pdf
2025-09-19,016,MONCIÓN (EMA),SANTIAGO RODRÍGUEZ,PROGRAMA MUNDIAL DE ALIMENTO,EMAP,33.3,21.7,9.8,https://indomet.gob.do/wp-content/uploads/2025/09/temperaturas-extremas-y-precipitaciones-2025x09x19-a.pdf
2025-09-19,017,ARPT. DE PUNTA CANA,LA ALTAGRACIA,ONAMET,EMCI,29.5,23.8,9.0,https://indomet.gob.do/wp-content/uploads/2025/09/temperaturas-extremas-y-precipitaciones-2025x09x19-a.pdf
2025-09-19,018,GASPAR HERNÁNDEZ,ESPAILLAT,PROPIEDAD DEL EMPLEADO,EMCI,,,8.9,https://indomet.gob.do/wp-content/uploads/2025/09/temperaturas-extremas-y-precipitaciones-2025x09x19-a.pdf
2025-09-19,019,HONDO VALLE,ELÍAS PIÑA,MINISTERIO DE AGRICULTURA,EMCI,26.6,17.7,8.5,https://indomet.gob.do/wp-content/uploads/2025/09/temperaturas-extremas-y-precipitaciones-2025x09x19-a.pdf
2025-09-19,020,LA VICTORIA,SANTO DOMINGO,CUERPO DE BOMBEROS,EMCI,33.5,23.0,8.5,https://indomet.gob.do/wp-content/uploads/2025/09/temperaturas-extremas-y-precipitaciones-2025x09x19-a.pdf
2025-09-19,021,SABANA GRANDE DE BOYÁ,MONTE PLATA,MINISTERIO DE AGRICULTURA,EMCV,,,7.9,https://indomet.gob.do/wp-content/uploads/2025/09/temperaturas-extremas-y-precipitaciones-2025x09x19-a.pdf
2025-09-19,022,HATO MAYOR,HATO MAYOR,MINISTERIO DE AGRICULTURA,EMCV,,,7.1,https://indomet.gob.do/wp-content/uploads/2025/09/temperaturas-extremas-y-precipitaciones-2025x09x19-a.pdf
2025-09-19,023,VALLE NUEVO (EMA),LA VEGA,MARENA,EMAI,20.4,10.3,7.0,https://indomet.gob.do/wp-content/uploads/2025/09/temperaturas-extremas-y-precipitaciones-2025x09x19-a.pdf
2025-09-19,024,ALTO BANDERA (EMA),LA VEGA,INTEC,EMAP,16.4,9.2,6.6,https://indomet.gob.do/wp-content/uploads/2025/09/temperaturas-extremas-y-precipitaciones-2025x09x19-a.pdf
2025-09-19,025,RÍO SAN JUAN,MARÍA TRINIDAD SÁNCHEZ,HOSP. MPAL. DR. DESIDERIO ACOSTA,EMCV,32.0,25.2,6.6,https://indomet.gob.do/wp-content/uploads/2025/09/temperaturas-extremas-y-precipitaciones-2025x09x19-a.pdf
2025-09-19,026,SALCEDO,HERMANAS MIRABAL,PROPIEDAD DEL EMPLEADO,EMCI,,,6.0,https://indomet.gob.do/wp-content/uploads/2025/09/temperaturas-extremas-y-precipitaciones-2025x09x19-a.pdf
2025-09-19,027,ARPT. DE LA ROMANA,LA ROMANA,ONAMET,EMCI,30.0,23.0,5.0,https://indomet.gob.do/wp-content/uploads/2025/09/temperaturas-extremas-y-precipitaciones-2025x09x19-a.pdf
2025-09-19,028,CABRERA,MARÍA TRINIDAD SÁNCHEZ,ESCUELA ARÍSTIDES FIALLO CABRAL,EMCI,33.3,26.0,3.0,https://indomet.gob.do/wp-content/uploads/2025/09/temperaturas-extremas-y-precipitaciones-2025x09x19-a.pdf
2025-09-19,029,ENRIQUILLO,BARAHONA,MINISTERIO DE AGRICULTURA,EMCV,33.7,23.0,2.6,https://indomet.gob.do/wp-content/uploads/2025/09/temperaturas-extremas-y-precipitaciones-2025x09x19-a.pdf
2025-09-19,030,SANTO DOMINGO ESTE,SANTO DOMINGO,ONAMET,EMCI,32.2,25.0,2.6,https://indomet.gob.do/wp-content/uploads/2025/09/temperaturas-extremas-y-precipitaciones-2025x09x19-a.pdf
2025-09-19,031,RESTAURACIÓN,DAJABÓN,MINISTERIO DE AGRICULTURA,EMCI,30.4,17.5,2.5,https://indomet.gob.do/wp-content/uploads/2025/09/temperaturas-extremas-y-precipitaciones-2025x09x19-a.pdf
2025-09-19,032,ANAMUYA (EMA),LA ALTAGRACIA,MINISTERIO DE AGRICULTURA,EMAP,30.9,23.8,2.2,https://indomet.gob.do/wp-content/uploads/2025/09/temperaturas-extremas-y-precipitaciones-2025x09x19-a.pdf
2025-09-19,033,ARPT. DEL CIBAO,SANTIAGO,ONAMET,EMCI,35.5,22.3,2.1,https://indomet.gob.do/wp-content/uploads/2025/09/temperaturas-extremas-y-precipitaciones-2025x09x19-a.pdf
2025-09-19,034,SAN RAFAEL DEL YUMA,LA ALTAGRACIA,MINISTERIO DE AGRICULTURA,EMCI,31.0,22.8,1.8,https://indomet.gob.do/wp-content/uploads/2025/09/temperaturas-extremas-y-precipitaciones-2025x09x19-a.pdf
2025-09-19,035,BAYAGUANA,MONTE PLATA,ONAMET,EMCI,33.0,22.6,1.6,https://indomet.gob.do/wp-content/uploads/2025/09/temperaturas-extremas-y-precipitaciones-2025x09x19-a.pdf
2025-09-19,036,OVIEDO,PEDERNALES,CLÍNICA RURAL OVIEDO,EMCI,33.5,23.2,1.6,https://indomet.gob.do/wp-content/uploads/2025/09/temperaturas-extremas-y-precipitaciones-2025x09x19-a.pdf
2025-09-19,037,VILLA GONZALES,SANTIAGO,MINISTERIO DE AGRICULTURA,EMCI,,,1.5,https://indomet.gob.do/wp-content/uploads/2025/09/temperaturas-extremas-y-precipitaciones-2025x09x19-a.pdf
2025-09-19,038,SAN CRISTÓBAL,SAN CRISTÓBAL,INSTITUTO POLITÉCNICO LOYOLA,EMCI,32.0,22.2,1.3,https://indomet.gob.do/wp-content/uploads/2025/09/temperaturas-extremas-y-precipitaciones-2025x09x19-a.pdf
2025-09-19,039,ARPT. LA ISABELA,SANTO DOMINGO,ONAMET,EMCI,33.5,23.2,1.0,https://indomet.gob.do/wp-content/uploads/2025/09/temperaturas-extremas-y-precipitaciones-2025x09x19-a.pdf
2025-09-19,040,JUMA BEJUCAL,MONSEÑOR NOUEL,IDIAF,EMCV,34.2,23.4,1.0,https://indomet.gob.do/wp-content/uploads/2025/09/temperaturas-extremas-y-precipitaciones-2025x09x19-a.pdf
2025-09-19,041,DAJABÓN,DAJABÓN,INSTITUTO POLITÉCNICO LOYOLA,EMCI,34.8,20.1,0.9,https://indomet.gob.do/wp-content/uploads/2025/09/temperaturas-extremas-y-precipitaciones-2025x09x19-a.pdf
2025-09-19,042,ARPT. MARÍA MONTEZ,BARAHONA,ONAMET,EMCI,32.5,24.0,0.8,https://indomet.gob.do/wp-content/uploads/2025/09/temperaturas-extremas-y-precipitaciones-2025x09x19-a.pdf
2025-09-19,043,VILLA ALTAGRACIA,SAN CRISTÓBAL,ESCUELA JAVIER ANGULO GURIDI,EMCI,,,0.6,https://indomet.gob.do/wp-content/uploads/2025/09/temperaturas-extremas-y-precipitaciones-2025x09x19-a.pdf
2025-09-19,044,PERALTA,AZUA,HOSP. MPAL. DE PERALTA,EMCI,29.5,19.1,0.4,https://indomet.gob.do/wp-content/uploads/2025/09/temperaturas-extremas-y-precipitaciones-2025x09x19-a.pdf
2025-09-19,045,ARPT. GREGORIO LUPERÓN,PUERTO PLATA,ONAMET,EMCI,32.8,23.8,0.1,https://indomet.gob.do/wp-content/uploads/2025/09/temperaturas-extremas-y-precipitaciones-2025x09x19-a.pdf
2025-09-19,046,ARROYO LORO,SAN JUAN,IDIAF,EMCI,33.0,19.8,0.1,https://indomet.gob.do/wp-content/uploads/2025/09/temperaturas-extremas-y-precipitaciones-2025x09x19-a.pdf
2025-09-19,047,CABRAL,BARAHONA,MINISTERIO DE AGRICULTURA,EMCV,35.4,25.4,0.1,https://indomet.gob.do/wp-content/uploads/2025/09/temperaturas-extremas-y-precipitaciones-2025x09x19-a.pdf
2025-09-19,048,OLIVARES,PEDERNALES,INDRHI,EMCI,,,0.1,https://indomet.gob.do/wp-content/uploads/2025/09/temperaturas-extremas-y-precipitaciones-2025x09x19-a.pdf
2025-09-19,049,ALTAMIRA,PUERTO PLATA,HOSP. MPAL. DE ALTAMIRA,EMCI,33.9,22.5,0.0,https://indomet.gob.do/wp-content/uploads/2025/09/temperaturas-extremas-y-precipitaciones-2025x09x19-a.pdf
2025-09-19,050,BANI (EMA),PERAVIA,MINISTERIO DE AGRICULTURA,EMAP,31.5,,0.0,https://indomet.gob.do/wp-content/uploads/2025/09/temperaturas-extremas-y-precipitaciones-2025x09x19-a.pdf
2025-09-19,051,BOCA DE MAO (EMA),VALVERDE,MINISTERIO DE AGRICULTURA,EMAP,35.7,23.2,0.0,https://indomet.gob.do/wp-content/uploads/2025/09/temperaturas-extremas-y-precipitaciones-2025x09x19-a.pdf
2025-09-19,052,GURABO,SANTIAGO,MINISTERIO DE AGRICULTURA,EMCV,,,0.0,https://indomet.gob.do/wp-content/uploads/2025/09/temperaturas-extremas-y-precipitaciones-2025x09x19-a.pdf
2025-09-19,053,JARABACOA,LA VEGA,INDRHI / MARENA,EMCI,32.4,19.6,0.0,https://indomet.gob.do/wp-content/uploads/2025/09/temperaturas-extremas-y-precipitaciones-2025x09x19-a.pdf
2025-09-19,054,JARABACOA (EMA),LA VEGA,PROGRAMA MUNDIAL DE ALIMENTO,EMAP,31.6,20.8,0.0,https://indomet.gob.do/wp-content/uploads/2025/09/temperaturas-extremas-y-precipitaciones-2025x09x19-a.pdf
2025-09-19,055,JIMA ABAJO,LA VEGA,INDOMET,EMCI,34.5,23.0,0.0,https://indomet.gob.do/wp-content/uploads/2025/09/temperaturas-extremas-y-precipitaciones-2025x09x19-a.pdf
2025-09-19,056,LA VEGA,LA VEGA,IATESA,EMCI,35.0,24.0,0.0,https://indomet.gob.do/wp-content/uploads/2025/09/temperaturas-extremas-y-precipitaciones-2025x09x19-a.pdf
2025-09-19,057,LAS CANAS (EMA),MONTE CRISTI,PROGRAMA MUNDIAL DE ALIMENTO,EMAP,31.3,23.5,0.0,https://indomet.gob.do/wp-content/uploads/2025/09/temperaturas-extremas-y-precipitaciones-2025x09x19-a.pdf
2025-09-19,058,LAS MATAS DE SANTA CRUZ (EMA,MONTE CRISTI,PROGRAMA MUNDIAL DE ALIMENTO,EMAP,,,0.0,https://indomet.gob.do/wp-content/uploads/2025/09/temperaturas-extremas-y-precipitaciones-2025x09x19-a.pdf
2025-09-19,059,LOS TRES CHARCOS (EMA),PEDERNALES,PROPIEDAD DEL VOLUNTARIO,EMAP,31.3,23.1,0.0,https://indomet.gob.do/wp-content/uploads/2025/09/temperaturas-extremas-y-precipitaciones-2025x09x19-a.pdf
2025-09-19,060,MAO,VALVERDE,INDRHI / MINISTERIO DE AGRICULTURA,EMCV,,,0.0,https://indomet.gob.do/wp-content/uploads/2025/09/temperaturas-extremas-y-precipitaciones-2025x09x19-a.pdf
2025-09-19,061,MONTE CRISTI,MONTE CRISTI,ONAMET,EMCI,34.0,24.5,0.0,https://indomet.gob.do/wp-content/uploads/2025/09/temperaturas-extremas-y-precipitaciones-2025x09x19-a.pdf
2025-09-19,062,PADRE LAS CASAS,AZUA,HOSP. NTRA. SRA. DEL CARMEN,EMCI,32.5,21.0,0.0,https://indomet.gob.do/wp-content/uploads/2025/09/temperaturas-extremas-y-precipitaciones-2025x09x19-a.pdf
2025-09-19,063,PALO ÍNDIO,PUERTO PLATA,MINISTERIO DE AGRICULTURA,EMCI,,,0.0,https://indomet.gob.do/wp-content/uploads/2025/09/temperaturas-extremas-y-precipitaciones-2025x09x19-a.pdf
2025-09-19,064,PEDERNALES,PEDERNALES,INDRHI,EMCI,,,0.0,https://indomet.gob.do/wp-content/uploads/2025/09/temperaturas-extremas-y-precipitaciones-2025x09x19-a.pdf
2025-09-19,065,PESCADERIA (EMA),BARAHONA,MINISTERIO DE AGRICULTURA,EMAP,,,0.0,https://indomet.gob.do/wp-content/uploads/2025/09/temperaturas-extremas-y-precipitaciones-2025x09x19-a.pdf
2025-09-19,066,PONTÓN ABAJO (EMA),LA VEGA,MINISTERIO DE AGRICULTURA,EMAP,35.9,25.1,0.0,https://indomet.gob.do/wp-content/uploads/2025/09/temperaturas-extremas-y-precipitaciones-2025x09x19-a.pdf
2025-09-19,067,PRESA DE TAVERAS (EMA),LA VEGA,PROGRAMA MUNDIAL DE ALIMENTO,EMAP,34.4,22.9,0.0,https://indomet.gob.do/wp-content/uploads/2025/09/temperaturas-extremas-y-precipitaciones-2025x09x19-a.pdf
2025-09-19,068,RANCHO ARRIBA,SAN JOSÉ DE OCOA,CENTRO TECNOLÓGICO COMUNITARIO,EMCI,30.2,18.6,0.0,https://indomet.gob.do/wp-content/uploads/2025/09/temperaturas-extremas-y-precipitaciones-2025x09x19-a.pdf
2025-09-19,069,SABANETA (EMA),SANTIAGO RODRÍGUEZ,PROGRAMA MUNDIAL DE ALIMENTO,EMAP,36.9,24.2,0.0,https://indomet.gob.do/wp-content/uploads/2025/09/temperaturas-extremas-y-precipitaciones-2025x09x19-a.pdf
2025-09-19,070,SAMANÁ,SAMANÁ,COMANDANCIA DE PUERTO DE SAMANÁ,EMCI,32.5,23.1,0.0,https://indomet.gob.do/wp-content/uploads/2025/09/temperaturas-extremas-y-precipitaciones-2025x09x19-a.pdf
2025-09-19,071,SAN JOSÉ DE OCOA,SAN JOSÉ DE OCOA,HOSP. SAN JOSÉ DE OCOA,EMCI,29.9,20.0,0.0,https://indomet.gob.do/wp-content/uploads/2025/09/temperaturas-extremas-y-precipitaciones-2025x09x19-a.pdf
2025-09-19,072,SÁNCHEZ,SAMANÁ,MINISTERIO DE AGRICULTURA,EMCI,31.4,23.5,0.0,https://indomet.gob.do/wp-content/uploads/2025/09/temperaturas-extremas-y-precipitaciones-2025x09x19-a.pdf
2025-09-19,073,SANTIAGO RODRÍGUEZ,SANTIAGO RODRÍGUEZ,ONAMET,EMCI,37.0,24.4,0.0,https://indomet.gob.do/wp-content/uploads/2025/09/temperaturas-extremas-y-precipitaciones-2025x09x19-a.pdf
2025-09-19,074,TÁBARA ABAJO,AZUA,INDRHI,EMCI,34.9,24.3,0.0,https://indomet.gob.do/wp-content/uploads/2025/09/temperaturas-extremas-y-precipitaciones-2025x09x19-a.pdf
2025-09-19,075,VILLA ISABELA,PUERTO PLATA,MINISTERIO DE AGRICULTURA,EMCV,,,0.0,https://indomet.gob.do/wp-content/uploads/2025/09/temperaturas-extremas-y-precipitaciones-2025x09x19-a.pdf
2025-09-20,001,RESTAURACIÓN,DAJABÓN,MINISTERIO DE AGRICULTURA,EMCI,32.5,17.9,84.7,https://indomet.gob.do/wp-content/uploads/2025/09/temperaturas-extremas-y-precipitaciones-2025x09x20-a.pdf
2025-09-20,002,ELÍAS PIÑA,ELÍAS PIÑA,MINISTERIO DE AGRICULTURA,EMCV,,,12.0,https://indomet.gob.do/wp-content/uploads/2025/09/temperaturas-extremas-y-precipitaciones-2025x09x20-a.pdf
2025-09-20,003,BASE AÉREA DE SAN ISIDRO,SANTO DOMINGO,FUERZA AÉREA DOMINICANA,EMCV,31.0,26.0,10.0,https://indomet.gob.do/wp-content/uploads/2025/09/temperaturas-extremas-y-precipitaciones-2025x09x20-a.pdf
2025-09-20,004,GASPAR HERNÁNDEZ,ESPAILLAT,PROPIEDAD DEL EMPLEADO,EMCI,,,8.9,https://indomet.gob.do/wp-content/uploads/2025/09/temperaturas-extremas-y-precipitaciones-2025x09x20-a.pdf
2025-09-20,005,CONSTANZA (EMA),LA VEGA,PROGRAMA MUNDIAL DE ALIMENTO,EMAP,27.9,17.1,8.0,https://indomet.gob.do/wp-content/uploads/2025/09/temperaturas-extremas-y-precipitaciones-2025x09x20-a.pdf
2025-09-20,006,JARABACOA (EMA),LA VEGA,PROGRAMA MUNDIAL DE ALIMENTO,EMAP,30.7,20.3,8.0,https://indomet.gob.do/wp-content/uploads/2025/09/temperaturas-extremas-y-precipitaciones-2025x09x20-a.pdf
2025-09-20,007,CONSTANZA,LA VEGA,MINISTERIO DE AGRICULTURA,EMCI,29.5,16.6,7.9,https://indomet.gob.do/wp-content/uploads/2025/09/temperaturas-extremas-y-precipitaciones-2025x09x20-a.pdf
2025-09-20,008,SAN RAFAEL DEL YUMA,LA ALTAGRACIA,MINISTERIO DE AGRICULTURA,EMCI,29.4,22.5,7.1,https://indomet.gob.do/wp-content/uploads/2025/09/temperaturas-extremas-y-precipitaciones-2025x09x20-a.pdf
2025-09-20,009,JARABACOA,LA VEGA,INDRHI / MARENA,EMCI,31.8,19.2,6.9,https://indomet.gob.do/wp-content/uploads/2025/09/temperaturas-extremas-y-precipitaciones-2025x09x20-a.pdf
2025-09-20,010,ARPT. DE PUNTA CANA,LA ALTAGRACIA,INDOMET,EMCI,31.6,23.5,6.1,https://indomet.gob.do/wp-content/uploads/2025/09/temperaturas-extremas-y-precipitaciones-2025x09x20-a.pdf
2025-09-20,011,DAJABÓN,DAJABÓN,INSTITUTO POLITÉCNICO LOYOLA,EMCI,35.2,19.8,4.2,https://indomet.gob.do/wp-content/uploads/2025/09/temperaturas-extremas-y-precipitaciones-2025x09x20-a.pdf
2025-09-20,012,ARPT. DE LAS AMÉRICAS,SANTO DOMINGO,INDOMET,EMCI,31.5,21.0,4.0,https://indomet.gob.do/wp-content/uploads/2025/09/temperaturas-extremas-y-precipitaciones-2025x09x20-a.pdf
2025-09-20,013,LA VICTORIA,SANTO DOMINGO,CUERPO DE BOMBEROS,EMCI,32.0,22.0,4.0,https://indomet.gob.do/wp-content/uploads/2025/09/temperaturas-extremas-y-precipitaciones-2025x09x20-a.pdf
2025-09-20,014,SAN CRISTÓBAL,SAN CRISTÓBAL,INSTITUTO POLITÉCNICO LOYOLA,EMCI,32.0,22.0,4.0,https://indomet.gob.do/wp-content/uploads/2025/09/temperaturas-extremas-y-precipitaciones-2025x09x20-a.pdf
2025-09-20,015,ARPT. LA ISABELA,SANTO DOMINGO,INDOMET,EMCI,33.0,24.8,3.6,https://indomet.gob.do/wp-content/uploads/2025/09/temperaturas-extremas-y-precipitaciones-2025x09x20-a.pdf
2025-09-20,016,SANTO DOMINGO ESTE,SANTO DOMINGO,INDOMET,EMCI,31.9,25.0,3.5,https://indomet.gob.do/wp-content/uploads/2025/09/temperaturas-extremas-y-precipitaciones-2025x09x20-a.pdf
2025-09-20,017,ANAMUYA (EMA),LA ALTAGRACIA,MINISTERIO DE AGRICULTURA,EMAP,30.8,23.7,2.8,https://indomet.gob.do/wp-content/uploads/2025/09/temperaturas-extremas-y-precipitaciones-2025x09x20-a.pdf
2025-09-20,018,JIMANÍ,INDEPENDENCIA,MINISTERIO DE AGRICULTURA,EMCI,35.2,24.4,2.8,https://indomet.gob.do/wp-content/uploads/2025/09/temperaturas-extremas-y-precipitaciones-2025x09x20-a.pdf
2025-09-20,019,ALTAMIRA,PUERTO PLATA,HOSP. MPAL. DE ALTAMIRA,EMCI,34.0,24.0,2.6,https://indomet.gob.do/wp-content/uploads/2025/09/temperaturas-extremas-y-precipitaciones-2025x09x20-a.pdf
2025-09-20,020,ARPT. DE LA ROMANA,LA ROMANA,INDOMET,EMCI,31.6,23.5,2.0,https://indomet.gob.do/wp-content/uploads/2025/09/temperaturas-extremas-y-precipitaciones-2025x09x20-a.pdf
2025-09-20,021,BAYAGUANA,MONTE PLATA,INDOMET,EMCI,32.0,23.8,1.2,https://indomet.gob.do/wp-content/uploads/2025/09/temperaturas-extremas-y-precipitaciones-2025x09x20-a.pdf
2025-09-20,022,CENTRO DE LOS HEROES (EMA),DISTRITO NACIONAL,MINISTERIO DE ENERGIA Y MINA,EMAP,30.7,27.3,0.2,https://indomet.gob.do/wp-content/uploads/2025/09/temperaturas-extremas-y-precipitaciones-2025x09x20-a.pdf
2025-09-20,023,LOS LLANOS,SAN PEDRO DE MACORÍS,MINISTERIO DE AGRICULTURA,EMCI,31.8,23.5,0.2,https://indomet.gob.do/wp-content/uploads/2025/09/temperaturas-extremas-y-precipitaciones-2025x09x20-a.pdf
2025-09-20,024,SABANETA (EMA),SANTIAGO RODRÍGUEZ,PROGRAMA MUNDIAL DE ALIMENTO,EMAP,37.2,24.5,0.2,https://indomet.gob.do/wp-content/uploads/2025/09/temperaturas-extremas-y-precipitaciones-2025x09x20-a.pdf
2025-09-20,025,CABRAL,BARAHONA,MINISTERIO DE AGRICULTURA,EMCV,33.8,24.5,0.1,https://indomet.gob.do/wp-content/uploads/2025/09/temperaturas-extremas-y-precipitaciones-2025x09x20-a.pdf
2025-09-20,026,HONDO VALLE,ELÍAS PIÑA,MINISTERIO DE AGRICULTURA,EMCI,27.6,18.3,0.1,https://indomet.gob.do/wp-content/uploads/2025/09/temperaturas-extremas-y-precipitaciones-2025x09x20-a.pdf
2025-09-20,027,SANTIAGO RODRÍGUEZ,SANTIAGO RODRÍGUEZ,INDOMET,EMCI,37.3,24.8,0.1,https://indomet.gob.do/wp-content/uploads/2025/09/temperaturas-extremas-y-precipitaciones-2025x09x20-a.pdf
2025-09-20,028,ALTO BANDERA (EMA),LA VEGA,INTEC,EMAP,16.8,9.8,0.0,https://indomet.gob.do/wp-content/uploads/2025/09/temperaturas-extremas-y-precipitaciones-2025x09x20-a.pdf
2025-09-20,029,ARPT. ARROYO BARRIL,SAMANÁ,INDOMET,EMCI,30.5,24.5,0.0,https://indomet.gob.do/wp-content/uploads/2025/09/temperaturas-extremas-y-precipitaciones-2025x09x20-a.pdf
2025-09-20,030,ARPT. DEL CIBAO,SANTIAGO,INDOMET,EMCI,34.4,23.2,0.0,https://indomet.gob.do/wp-content/uploads/2025/09/temperaturas-extremas-y-precipitaciones-2025x09x20-a.pdf
2025-09-20,031,ARPT. EL CATEY,SAMANÁ,INDOMET,EMCI,30.5,24.2,0.0,https://indomet.gob.do/wp-content/uploads/2025/09/temperaturas-extremas-y-precipitaciones-2025x09x20-a.pdf
2025-09-20,032,ARPT. GREGORIO LUPERÓN,PUERTO PLATA,INDOMET,EMCI,31.6,23.2,0.0,https://indomet.gob.do/wp-content/uploads/2025/09/temperaturas-extremas-y-precipitaciones-2025x09x20-a.pdf
2025-09-20,033,ARPT. MARÍA MONTEZ,BARAHONA,INDOMET,EMCI,33.0,25.5,0.0,https://indomet.gob.do/wp-content/uploads/2025/09/temperaturas-extremas-y-precipitaciones-2025x09x20-a.pdf
2025-09-20,034,ARROYO LORO,SAN JUAN,IDIAF,EMCI,34.4,21.6,0.0,https://indomet.gob.do/wp-content/uploads/2025/09/temperaturas-extremas-y-precipitaciones-2025x09x20-a.pdf
2025-09-20,035,BOCA DE MAO (EMA),VALVERDE,MINISTERIO DE AGRICULTURA,EMAP,35.8,23.9,0.0,https://indomet.gob.do/wp-content/uploads/2025/09/temperaturas-extremas-y-precipitaciones-2025x09x20-a.pdf
2025-09-20,036,CABRERA,MARÍA TRINIDAD SÁNCHEZ,ESCUELA ARÍSTIDES FIALLO CABRAL,EMCI,32.5,26.5,0.0,https://indomet.gob.do/wp-content/uploads/2025/09/temperaturas-extremas-y-precipitaciones-2025x09x20-a.pdf
2025-09-20,037,EL FACTOR (EMA),MARÍA TRINIDAD SÁNCHEZ,INTEC,EMAP,31.9,24.8,0.0,https://indomet.gob.do/wp-content/uploads/2025/09/temperaturas-extremas-y-precipitaciones-2025x09x20-a.pdf
2025-09-20,038,ENRIQUILLO,BARAHONA,MINISTERIO DE AGRICULTURA,EMCV,34.5,23.5,0.0,https://indomet.gob.do/wp-content/uploads/2025/09/temperaturas-extremas-y-precipitaciones-2025x09x20-a.pdf
2025-09-20,039,ESCONDIDO,PERAVIA,MINISTERIO DE AGRICULTURA,EMCV,33.0,25.0,0.0,https://indomet.gob.do/wp-content/uploads/2025/09/temperaturas-extremas-y-precipitaciones-2025x09x20-a.pdf
2025-09-20,040,GURABO,SANTIAGO,MINISTERIO DE AGRICULTURA,EMCV,,,0.0,https://indomet.gob.do/wp-content/uploads/2025/09/temperaturas-extremas-y-precipitaciones-2025x09x20-a.pdf
2025-09-20,041,HATO MAYOR,HATO MAYOR,MINISTERIO DE AGRICULTURA,EMCV,,,0.0,https://indomet.gob.do/wp-content/uploads/2025/09/temperaturas-extremas-y-precipitaciones-2025x09x20-a.pdf
2025-09-20,042,LA VEGA,LA VEGA,IATESA,EMCI,34.0,23.5,0.0,https://indomet.gob.do/wp-content/uploads/2025/09/temperaturas-extremas-y-precipitaciones-2025x09x20-a.pdf
2025-09-20,043,LAS CANAS (EMA),MONTE CRISTI,PROGRAMA MUNDIAL DE ALIMENTO,EMAP,31.1,20.7,0.0,https://indomet.gob.do/wp-content/uploads/2025/09/temperaturas-extremas-y-precipitaciones-2025x09x20-a.pdf
2025-09-20,044,LAS MATAS DE SANTA CRUZ (EMA,MONTE CRISTI,PROGRAMA MUNDIAL DE ALIMENTO,EMAP,,,0.0,https://indomet.gob.do/wp-content/uploads/2025/09/temperaturas-extremas-y-precipitaciones-2025x09x20-a.pdf
2025-09-20,045,LOS TRES CHARCOS (EMA),PEDERNALES,PROPIEDAD DEL VOLUNTARIO,EMAP,33.7,23.2,0.0,https://indomet.gob.do/wp-content/uploads/2025/09/temperaturas-extremas-y-precipitaciones-2025x09x20-a.pdf
2025-09-20,046,MAO,VALVERDE,INDRHI / MINISTERIO DE AGRICULTURA,EMCV,,,0.0,https://indomet.gob.do/wp-content/uploads/2025/09/temperaturas-extremas-y-precipitaciones-2025x09x20-a.pdf
2025-09-20,047,MONCIÓN (EMA),SANTIAGO RODRÍGUEZ,PROGRAMA MUNDIAL DE ALIMENTO,EMAP,32.2,25.0,0.0,https://indomet.gob.do/wp-content/uploads/2025/09/temperaturas-extremas-y-precipitaciones-2025x09x20-a.pdf
2025-09-20,048,MONTE CRISTI,MONTE CRISTI,INDOMET,EMCI,35.2,25.0,0.0,https://indomet.gob.do/wp-content/uploads/2025/09/temperaturas-extremas-y-precipitaciones-2025x09x20-a.pdf
2025-09-20,049,NAVARRETE,SANTIAGO,MINISTERIO DE AGRICULTURA,EMCV,,,0.0,https://indomet.gob.do/wp-content/uploads/2025/09/temperaturas-extremas-y-precipitaciones-2025x09x20-a.pdf
2025-09-20,050,OLIVARES,PEDERNALES,INDRHI,EMCI,,,0.0,https://indomet.gob.do/wp-content/uploads/2025/09/temperaturas-extremas-y-precipitaciones-2025x09x20-a.pdf
2025-09-20,051,OVIEDO,PEDERNALES,CLÍNICA RURAL OVIEDO,EMCI,33.5,23.2,0.0,https://indomet.gob.do/wp-content/uploads/2025/09/temperaturas-extremas-y-precipitaciones-2025x09x20-a.pdf
2025-09-20,052,PADRE LAS CASAS,AZUA,HOSP. NTRA. SRA. DEL CARMEN,EMCI,32.2,21.0,0.0,https://indomet.gob.do/wp-content/uploads/2025/09/temperaturas-extremas-y-precipitaciones-2025x09x20-a.pdf
2025-09-20,053,PALO ÍNDIO,PUERTO PLATA,MINISTERIO DE AGRICULTURA,EMCI,,,0.0,https://indomet.gob.do/wp-content/uploads/2025/09/temperaturas-extremas-y-precipitaciones-2025x09x20-a.pdf
2025-09-20,054,PEDERNALES,PEDERNALES,INDRHI,EMCI,,,0.0,https://indomet.gob.do/wp-content/uploads/2025/09/temperaturas-extremas-y-precipitaciones-2025x09x20-a.pdf
2025-09-20,055,PERALTA,AZUA,HOSP. MPAL. DE PERALTA,EMCI,31.0,19.4,0.0,https://indomet.gob.do/wp-content/uploads/2025/09/temperaturas-extremas-y-precipitaciones-2025x09x20-a.pdf
2025-09-20,056,PESCADERIA (EMA),BARAHONA,MINISTERIO DE AGRICULTURA,EMAP,32.4,,0.0,https://indomet.gob.do/wp-content/uploads/2025/09/temperaturas-extremas-y-precipitaciones-2025x09x20-a.pdf
2025-09-20,057,POLO,BARAHONA,INDOCAFE,EMCI,35.9,22.3,0.0,https://indomet.gob.do/wp-content/uploads/2025/09/temperaturas-extremas-y-precipitaciones-2025x09x20-a.pdf
2025-09-20,058,PONTÓN ABAJO (EMA),LA VEGA,MINISTERIO DE AGRICULTURA,EMAP,34.3,23.3,0.0,https://indomet.gob.do/wp-content/uploads/2025/09/temperaturas-extremas-y-precipitaciones-2025x09x20-a.pdf
2025-09-20,059,PRESA DE TAVERAS (EMA),LA VEGA,PROGRAMA MUNDIAL DE ALIMENTO,EMAP,32.3,22.2,0.0,https://indomet.gob.do/wp-content/uploads/2025/09/temperaturas-extremas-y-precipitaciones-2025x09x20-a.pdf
2025-09-20,060,RANCHO ARRIBA,SAN JOSÉ DE OCOA,CENTRO TECNOLÓGICO COMUNITARIO,EMCI,29.9,20.1,0.0,https://indomet.gob.do/wp-content/uploads/2025/09/temperaturas-extremas-y-precipitaciones-2025x09x20-a.pdf
2025-09-20,061,RÍO SAN JUAN,MARÍA TRINIDAD SÁNCHEZ,HOSP. MPAL. DR. DESIDERIO ACOSTA,EMCV,34.7,26.0,0.0,https://indomet.gob.do/wp-content/uploads/2025/09/temperaturas-extremas-y-precipitaciones-2025x09x20-a.pdf
2025-09-20,062,SABANA DE LA MAR,HATO MAYOR,INDOMET,EMCI,32.0,24.0,0.0,https://indomet.gob.do/wp-content/uploads/2025/09/temperaturas-extremas-y-precipitaciones-2025x09x20-a.pdf
2025-09-20,063,SABANA GRANDE DE BOYÁ,MONTE PLATA,MINISTERIO DE AGRICULTURA,EMCV,,,0.0,https://indomet.gob.do/wp-content/uploads/2025/09/temperaturas-extremas-y-precipitaciones-2025x09x20-a.pdf
2025-09-20,064,SALCEDO,HERMANAS MIRABAL,PROPIEDAD DEL EMPLEADO,EMCI,,,0.0,https://indomet.gob.do/wp-content/uploads/2025/09/temperaturas-extremas-y-precipitaciones-2025x09x20-a.pdf
2025-09-20,065,SAMANÁ,SAMANÁ,COMANDANCIA DE PUERTO DE SAMANÁ,EMCI,32.3,22.8,0.0,https://indomet.gob.do/wp-content/uploads/2025/09/temperaturas-extremas-y-precipitaciones-2025x09x20-a.pdf
2025-09-20,066,SÁNCHEZ,SAMANÁ,MINISTERIO DE AGRICULTURA,EMCI,32.5,22.1,0.0,https://indomet.gob.do/wp-content/uploads/2025/09/temperaturas-extremas-y-precipitaciones-2025x09x20-a.pdf
2025-09-20,067,TÁBARA ABAJO,AZUA,INDRHI,EMCI,35.9,22.3,0.0,https://indomet.gob.do/wp-content/uploads/2025/09/temperaturas-extremas-y-precipitaciones-2025x09x20-a.pdf
2025-09-20,068,TAMBORIL,SANTIAGO,MINISTERIO DE AGRICULTURA,EMCV,,,0.0,https://indomet.gob.do/wp-content/uploads/2025/09/temperaturas-extremas-y-precipitaciones-2025x09x20-a.pdf
2025-09-20,069,VALLE NUEVO (EMA),LA VEGA,MARENA,EMAI,20.4,9.2,0.0,https://indomet.gob.do/wp-content/uploads/2025/09/temperaturas-extremas-y-precipitaciones-2025x09x20-a.pdf
2025-09-20,070,VILLA ALTAGRACIA,SAN CRISTÓBAL,ESCUELA JAVIER ANGULO GURIDI,EMCI,,,0.0,https://indomet.gob.do/wp-content/uploads/2025/09/temperaturas-extremas-y-precipitaciones-2025x09x20-a.pdf
2025-09-20,071,VILLA GONZALES,SANTIAGO,MINISTERIO DE AGRICULTURA,EMCI,,,0.0,https://indomet.gob.do/wp-content/uploads/2025/09/temperaturas-extremas-y-precipitaciones-2025x09x20-a.pdf
2025-09-20,072,VILLA ISABELA,PUERTO PLATA,MINISTERIO DE AGRICULTURA,EMCV,,,0.0,https://indomet.gob.do/wp-content/uploads/2025/09/temperaturas-extremas-y-precipitaciones-2025x09x20-a.pdf
2025-09-20,073,VILLA RIVA,DUARTE,HOSP. MPAL. ALICIA DE LEGENDRE,EMCI,32.4,22.5,0.0,https://indomet.gob.do/wp-content/uploads/2025/09/temperaturas-extremas-y-precipitaciones-2025x09x20-a.pdf
2025-09-21,001,HATO MAYOR,HATO MAYOR,MINISTERIO DE AGRICULTURA,EMCV,,,64.8,https://indomet.gob.do/wp-content/uploads/2025/09/temperaturas-extremas-y-precipitaciones-2025x09x21-a.pdf
2025-09-21,002,SANTIAGO RODRÍGUEZ,SANTIAGO RODRÍGUEZ,INDOMET,EMCI,37.1,24.5,58.4,https://indomet.gob.do/wp-content/uploads/2025/09/temperaturas-extremas-y-precipitaciones-2025x09x21-a.pdf
2025-09-21,003,ALTAMIRA,PUERTO PLATA,HOSP. MPAL. DE ALTAMIRA,EMCI,32.5,22.6,54.2,https://indomet.gob.do/wp-content/uploads/2025/09/temperaturas-extremas-y-precipitaciones-2025x09x21-a.pdf
2025-09-21,004,SABANETA (EMA),SANTIAGO RODRÍGUEZ,PROGRAMA MUNDIAL DE ALIMENTO,EMAP,36.9,24.1,40.8,https://indomet.gob.do/wp-content/uploads/2025/09/temperaturas-extremas-y-precipitaciones-2025x09x21-a.pdf
2025-09-21,005,RESTAURACIÓN,DAJABÓN,MINISTERIO DE AGRICULTURA,EMCI,31.1,19.0,33.3,https://indomet.gob.do/wp-content/uploads/2025/09/temperaturas-extremas-y-precipitaciones-2025x09x21-a.pdf
2025-09-21,006,ELÍAS PIÑA,ELÍAS PIÑA,MINISTERIO DE AGRICULTURA,EMCV,,,17.0,https://indomet.gob.do/wp-content/uploads/2025/09/temperaturas-extremas-y-precipitaciones-2025x09x21-a.pdf
2025-09-21,007,ARPT. GREGORIO LUPERÓN,PUERTO PLATA,INDOMET,EMCI,32.7,24.0,16.9,https://indomet.gob.do/wp-content/uploads/2025/09/temperaturas-extremas-y-precipitaciones-2025x09x21-a.pdf
2025-09-21,008,MONCIÓN (EMA),SANTIAGO RODRÍGUEZ,PROGRAMA MUNDIAL DE ALIMENTO,EMAP,32.7,22.3,16.8,https://indomet.gob.do/wp-content/uploads/2025/09/temperaturas-extremas-y-precipitaciones-2025x09x21-a.pdf
2025-09-21,009,OLIVARES,PEDERNALES,INDRHI,EMCI,,,10.5,https://indomet.gob.do/wp-content/uploads/2025/09/temperaturas-extremas-y-precipitaciones-2025x09x21-a.pdf
2025-09-21,010,NAVARRETE,SANTIAGO,MINISTERIO DE AGRICULTURA,EMCV,,,9.1,https://indomet.gob.do/wp-content/uploads/2025/09/temperaturas-extremas-y-precipitaciones-2025x09x21-a.pdf
2025-09-21,011,SANTO DOMINGO ESTE,SANTO DOMINGO,INDOMET,EMCI,35.0,26.5,8.5,https://indomet.gob.do/wp-content/uploads/2025/09/temperaturas-extremas-y-precipitaciones-2025x09x21-a.pdf
2025-09-21,012,CONSTANZA,LA VEGA,MINISTERIO DE AGRICULTURA,EMCI,29.5,16.8,6.5,https://indomet.gob.do/wp-content/uploads/2025/09/temperaturas-extremas-y-precipitaciones-2025x09x21-a.pdf
2025-09-21,013,CONSTANZA (EMA),LA VEGA,PROGRAMA MUNDIAL DE ALIMENTO,EMAP,28.2,17.9,6.2,https://indomet.gob.do/wp-content/uploads/2025/09/temperaturas-extremas-y-precipitaciones-2025x09x21-a.pdf
2025-09-21,014,JIMA ABAJO,LA VEGA,INDOMET,EMCI,35.6,22.0,5.2,https://indomet.gob.do/wp-content/uploads/2025/09/temperaturas-extremas-y-precipitaciones-2025x09x21-a.pdf
2025-09-21,015,VILLA ISABELA,PUERTO PLATA,MINISTERIO DE AGRICULTURA,EMCV,,,5.1,https://indomet.gob.do/wp-content/uploads/2025/09/temperaturas-extremas-y-precipitaciones-2025x09x21-a.pdf
2025-09-21,016,VILLA GONZALES,SANTIAGO,MINISTERIO DE AGRICULTURA,EMCI,,,4.8,https://indomet.gob.do/wp-content/uploads/2025/09/temperaturas-extremas-y-precipitaciones-2025x09x21-a.pdf
2025-09-21,017,DAJABÓN,DAJABÓN,INSTITUTO POLITÉCNICO LOYOLA,EMCI,34.7,19.4,3.8,https://indomet.gob.do/wp-content/uploads/2025/09/temperaturas-extremas-y-precipitaciones-2025x09x21-a.pdf
2025-09-21,018,SÁNCHEZ,SAMANÁ,MINISTERIO DE AGRICULTURA,EMCI,34.3,26.0,3.2,https://indomet.gob.do/wp-content/uploads/2025/09/temperaturas-extremas-y-precipitaciones-2025x09x21-a.pdf
2025-09-21,019,HONDO VALLE,ELÍAS PIÑA,MINISTERIO DE AGRICULTURA,EMCI,27.7,18.6,2.4,https://indomet.gob.do/wp-content/uploads/2025/09/temperaturas-extremas-y-precipitaciones-2025x09x21-a.pdf
2025-09-21,020,BAYAGUANA,MONTE PLATA,INDOMET,EMCI,32.6,23.6,2.3,https://indomet.gob.do/wp-content/uploads/2025/09/temperaturas-extremas-y-precipitaciones-2025x09x21-a.pdf
2025-09-21,021,JARABACOA (EMA),LA VEGA,PROGRAMA MUNDIAL DE ALIMENTO,EMAP,32.3,20.4,2.2,https://indomet.gob.do/wp-content/uploads/2025/09/temperaturas-extremas-y-precipitaciones-2025x09x21-a.pdf
2025-09-21,022,JARABACOA,LA VEGA,INDRHI / MARENA,EMCI,33.4,19.0,2.1,https://indomet.gob.do/wp-content/uploads/2025/09/temperaturas-extremas-y-precipitaciones-2025x09x21-a.pdf
2025-09-21,023,ARPT. MARÍA MONTEZ,BARAHONA,INDOMET,EMCI,33.5,24.5,1.5,https://indomet.gob.do/wp-content/uploads/2025/09/temperaturas-extremas-y-precipitaciones-2025x09x21-a.pdf
2025-09-21,024,PERALTA,AZUA,HOSP. MPAL. DE PERALTA,EMCI,31.6,18.5,1.4,https://indomet.gob.do/wp-content/uploads/2025/09/temperaturas-extremas-y-precipitaciones-2025x09x21-a.pdf
2025-09-21,025,TAMBORIL,SANTIAGO,MINISTERIO DE AGRICULTURA,EMCV,,,1.3,https://indomet.gob.do/wp-content/uploads/2025/09/temperaturas-extremas-y-precipitaciones-2025x09x21-a.pdf
2025-09-21,026,ARPT. DE PUNTA CANA,LA ALTAGRACIA,INDOMET,EMCI,32.3,23.8,1.2,https://indomet.gob.do/wp-content/uploads/2025/09/temperaturas-extremas-y-precipitaciones-2025x09x21-a.pdf
2025-09-21,027,SAN JOSÉ DE OCOA,SAN JOSÉ DE OCOA,HOSP. SAN JOSÉ DE OCOA,EMCI,31.9,19.1,0.6,https://indomet.gob.do/wp-content/uploads/2025/09/temperaturas-extremas-y-precipitaciones-2025x09x21-a.pdf
2025-09-21,028,ARPT. DE LA ROMANA,LA ROMANA,INDOMET,EMCI,32.3,23.4,0.5,https://indomet.gob.do/wp-content/uploads/2025/09/temperaturas-extremas-y-precipitaciones-2025x09x21-a.pdf
2025-09-21,029,LA VICTORIA,SANTO DOMINGO,CUERPO DE BOMBEROS,EMCI,34.8,24.5,0.3,https://indomet.gob.do/wp-content/uploads/2025/09/temperaturas-extremas-y-precipitaciones-2025x09x21-a.pdf
2025-09-21,030,SANTIAGO,SANTIAGO,HUACALITO,EMCI,,,0.3,https://indomet.gob.do/wp-content/uploads/2025/09/temperaturas-extremas-y-precipitaciones-2025x09x21-a.pdf
2025-09-21,031,PEDERNALES,PEDERNALES,INDRHI,EMCI,,,0.1,https://indomet.gob.do/wp-content/uploads/2025/09/temperaturas-extremas-y-precipitaciones-2025x09x21-a.pdf
2025-09-21,032,ALTO BANDERA (EMA),LA VEGA,INTEC,EMAP,17.8,9.4,0.0,https://indomet.gob.do/wp-content/uploads/2025/09/temperaturas-extremas-y-precipitaciones-2025x09x21-a.pdf
2025-09-21,033,ANAMUYA (EMA),LA ALTAGRACIA,MINISTERIO DE AGRICULTURA,EMAP,33.5,24.0,0.0,https://indomet.gob.do/wp-content/uploads/2025/09/temperaturas-extremas-y-precipitaciones-2025x09x21-a.pdf
2025-09-21,034,ARPT. ARROYO BARRIL,SAMANÁ,INDOMET,EMCI,34.0,24.5,0.0,https://indomet.gob.do/wp-content/uploads/2025/09/temperaturas-extremas-y-precipitaciones-2025x09x21-a.pdf
2025-09-21,035,ARPT. DE LAS AMÉRICAS,SANTO DOMINGO,INDOMET,EMCI,33.4,24.3,0.0,https://indomet.gob.do/wp-content/uploads/2025/09/temperaturas-extremas-y-precipitaciones-2025x09x21-a.pdf
2025-09-21,036,ARPT. DEL CIBAO,SANTIAGO,INDOMET,EMCI,35.4,23.0,0.0,https://indomet.gob.do/wp-content/uploads/2025/09/temperaturas-extremas-y-precipitaciones-2025x09x21-a.pdf
2025-09-21,037,ARPT. EL CATEY,SAMANÁ,INDOMET,EMCI,33.0,24.2,0.0,https://indomet.gob.do/wp-content/uploads/2025/09/temperaturas-extremas-y-precipitaciones-2025x09x21-a.pdf
2025-09-21,038,ARPT. LA ISABELA,SANTO DOMINGO,INDOMET,EMCI,34.2,24.0,0.0,https://indomet.gob.do/wp-content/uploads/2025/09/temperaturas-extremas-y-precipitaciones-2025x09x21-a.pdf
2025-09-21,039,ARROYO LORO,SAN JUAN,IDIAF,EMCI,32.6,19.6,0.0,https://indomet.gob.do/wp-content/uploads/2025/09/temperaturas-extremas-y-precipitaciones-2025x09x21-a.pdf
2025-09-21,040,BANI (EMA),PERAVIA,MINISTERIO DE AGRICULTURA,EMAP,33.1,24.4,0.0,https://indomet.gob.do/wp-content/uploads/2025/09/temperaturas-extremas-y-precipitaciones-2025x09x21-a.pdf
2025-09-21,041,BOCA DE MAO (EMA),VALVERDE,MINISTERIO DE AGRICULTURA,EMAP,36.6,24.4,0.0,https://indomet.gob.do/wp-content/uploads/2025/09/temperaturas-extremas-y-precipitaciones-2025x09x21-a.pdf
2025-09-21,042,BOHECHÍO,SAN JUAN,MINISTERIO DE AGRICULTURA,EMCV,,,0.0,https://indomet.gob.do/wp-content/uploads/2025/09/temperaturas-extremas-y-precipitaciones-2025x09x21-a.pdf
2025-09-21,043,BONAO,MONSEÑOR NOUEL,MINISTERIO DE AGRICULTURA,EMCV,,,0.0,https://indomet.gob.do/wp-content/uploads/2025/09/temperaturas-extremas-y-precipitaciones-2025x09x21-a.pdf
2025-09-21,044,CABRAL,BARAHONA,MINISTERIO DE AGRICULTURA,EMCV,34.4,25.0,0.0,https://indomet.gob.do/wp-content/uploads/2025/09/temperaturas-extremas-y-precipitaciones-2025x09x21-a.pdf
2025-09-21,045,CABRERA,MARÍA TRINIDAD SÁNCHEZ,ESCUELA ARÍSTIDES FIALLO CABRAL,EMCI,34.2,25.8,0.0,https://indomet.gob.do/wp-content/uploads/2025/09/temperaturas-extremas-y-precipitaciones-2025x09x21-a.pdf
2025-09-21,046,CENTRO DE LOS HEROES (EMA),DISTRITO NACIONAL,MINISTERIO DE ENERGIA Y MINA,EMAP,32.1,27.4,0.0,https://indomet.gob.do/wp-content/uploads/2025/09/temperaturas-extremas-y-precipitaciones-2025x09x21-a.pdf
2025-09-21,047,COTUÍ,SÁNCHEZ RAMÍREZ,HOSP. INMACULADA CONCEPCIÓN,EMCV,,,0.0,https://indomet.gob.do/wp-content/uploads/2025/09/temperaturas-extremas-y-precipitaciones-2025x09x21-a.pdf
2025-09-21,048,EL FACTOR (EMA),MARÍA TRINIDAD SÁNCHEZ,INTEC,EMAP,34.1,24.6,0.0,https://indomet.gob.do/wp-content/uploads/2025/09/temperaturas-extremas-y-precipitaciones-2025x09x21-a.pdf
2025-09-21,049,ENRIQUILLO,BARAHONA,MINISTERIO DE AGRICULTURA,EMCV,34.5,24.3,0.0,https://indomet.gob.do/wp-content/uploads/2025/09/temperaturas-extremas-y-precipitaciones-2025x09x21-a.pdf
2025-09-21,050,GASPAR HERNÁNDEZ,ESPAILLAT,PROPIEDAD DEL EMPLEADO,EMCI,,,0.0,https://indomet.gob.do/wp-content/uploads/2025/09/temperaturas-extremas-y-precipitaciones-2025x09x21-a.pdf
2025-09-21,051,GURABO,SANTIAGO,MINISTERIO DE AGRICULTURA,EMCV,,,0.0,https://indomet.gob.do/wp-content/uploads/2025/09/temperaturas-extremas-y-precipitaciones-2025x09x21-a.pdf
2025-09-21,052,JARDÍN BOTÁNICO NACIONAL,DISTRITO NACIONAL,JARDÍN BOTÁNICO NACIONAL,EMCV,33.2,22.4,0.0,https://indomet.gob.do/wp-content/uploads/2025/09/temperaturas-extremas-y-precipitaciones-2025x09x21-a.pdf
2025-09-21,053,JIMANÍ,INDEPENDENCIA,MINISTERIO DE AGRICULTURA,EMCI,35.2,25.0,0.0,https://indomet.gob.do/wp-content/uploads/2025/09/temperaturas-extremas-y-precipitaciones-2025x09x21-a.pdf
2025-09-21,054,JUMA BEJUCAL,MONSEÑOR NOUEL,IDIAF,EMCV,33.4,24.2,0.0,https://indomet.gob.do/wp-content/uploads/2025/09/temperaturas-extremas-y-precipitaciones-2025x09x21-a.pdf
2025-09-21,055,LA VEGA,LA VEGA,IATESA,EMCI,37.0,23.6,0.0,https://indomet.gob.do/wp-content/uploads/2025/09/temperaturas-extremas-y-precipitaciones-2025x09x21-a.pdf
2025-09-21,056,LAS CANAS (EMA),MONTE CRISTI,PROGRAMA MUNDIAL DE ALIMENTO,EMAP,31.9,23.7,0.0,https://indomet.gob.do/wp-content/uploads/2025/09/temperaturas-extremas-y-precipitaciones-2025x09x21-a.pdf
2025-09-21,057,LAS MATAS DE FARFÁN,SAN JUAN,MINISTERIO DE AGRICULTURA,EMCV,,,0.0,https://indomet.gob.do/wp-content/uploads/2025/09/temperaturas-extremas-y-precipitaciones-2025x09x21-a.pdf
2025-09-21,058,LAS MATAS DE SANTA CRUZ (EMA,MONTE CRISTI,PROGRAMA MUNDIAL DE ALIMENTO,EMAP,,,0.0,https://indomet.gob.do/wp-content/uploads/2025/09/temperaturas-extremas-y-precipitaciones-2025x09x21-a.pdf
2025-09-21,059,LOS JENGIBRES,NAGUA,INDRHI,EMCI,,,0.0,https://indomet.gob.do/wp-content/uploads/2025/09/temperaturas-extremas-y-precipitaciones-2025x09x21-a.pdf
2025-09-21,060,LOS LLANOS,SAN PEDRO DE MACORÍS,MINISTERIO DE AGRICULTURA,EMCI,33.8,24.5,0.0,https://indomet.gob.do/wp-content/uploads/2025/09/temperaturas-extremas-y-precipitaciones-2025x09x21-a.pdf
2025-09-21,061,LOS TRES CHARCOS (EMA),PEDERNALES,PROPIEDAD DEL VOLUNTARIO,EMAP,33.7,23.2,0.0,https://indomet.gob.do/wp-content/uploads/2025/09/temperaturas-extremas-y-precipitaciones-2025x09x21-a.pdf
2025-09-21,062,LUPERÓN,PUERTO PLATA,MINISTERIO DE AGRICULTURA,EMCV,,,0.0,https://indomet.gob.do/wp-content/uploads/2025/09/temperaturas-extremas-y-precipitaciones-2025x09x21-a.pdf
2025-09-21,063,MAO,VALVERDE,INDRHI / MINISTERIO DE AGRICULTURA,EMCV,,,0.0,https://indomet.gob.do/wp-content/uploads/2025/09/temperaturas-extremas-y-precipitaciones-2025x09x21-a.pdf
2025-09-21,064,MICHES (EMA),EL SEIBO,PRIVADA,EMAP,32.5,23.7,0.0,https://indomet.gob.do/wp-content/uploads/2025/09/temperaturas-extremas-y-precipitaciones-2025x09x21-a.pdf
2025-09-21,065,MOCA,ESPAILLAT,MINISTERIO DE AGRICULTURA,EMCV,,,0.0,https://indomet.gob.do/wp-content/uploads/2025/09/temperaturas-extremas-y-precipitaciones-2025x09x21-a.pdf
2025-09-21,066,MONTE CRISTI,MONTE CRISTI,INDOMET,EMCI,35.5,25.5,0.0,https://indomet.gob.do/wp-content/uploads/2025/09/temperaturas-extremas-y-precipitaciones-2025x09x21-a.pdf
2025-09-21,067,OVIEDO,PEDERNALES,CLÍNICA RURAL OVIEDO,EMCI,33.5,22.5,0.0,https://indomet.gob.do/wp-content/uploads/2025/09/temperaturas-extremas-y-precipitaciones-2025x09x21-a.pdf
2025-09-21,068,PADRE LAS CASAS,AZUA,HOSP. NTRA. SRA. DEL CARMEN,EMCI,32.5,21.0,0.0,https://indomet.gob.do/wp-content/uploads/2025/09/temperaturas-extremas-y-precipitaciones-2025x09x21-a.pdf
2025-09-21,069,PALO ÍNDIO,PUERTO PLATA,MINISTERIO DE AGRICULTURA,EMCI,,,0.0,https://indomet.gob.do/wp-content/uploads/2025/09/temperaturas-extremas-y-precipitaciones-2025x09x21-a.pdf
2025-09-21,070,PASO AL MEDIO,SAN PEDRO DE MACORÍS,INDRHI,EMCI,,,0.0,https://indomet.gob.do/wp-content/uploads/2025/09/temperaturas-extremas-y-precipitaciones-2025x09x21-a.pdf
2025-09-21,071,PESCADERIA (EMA),BARAHONA,MINISTERIO DE AGRICULTURA,EMAP,33.5,24.0,0.0,https://indomet.gob.do/wp-content/uploads/2025/09/temperaturas-extremas-y-precipitaciones-2025x09x21-a.pdf
2025-09-21,072,POLO,BARAHONA,INDOCAFE,EMCI,30.0,18.4,0.0,https://indomet.gob.do/wp-content/uploads/2025/09/temperaturas-extremas-y-precipitaciones-2025x09x21-a.pdf
2025-09-21,073,PONTÓN ABAJO (EMA),LA VEGA,MINISTERIO DE AGRICULTURA,EMAP,35.8,24.4,0.0,https://indomet.gob.do/wp-content/uploads/2025/09/temperaturas-extremas-y-precipitaciones-2025x09x21-a.pdf
2025-09-21,074,PRESA DE TAVERAS (EMA),LA VEGA,PROGRAMA MUNDIAL DE ALIMENTO,EMAP,32.9,22.6,0.0,https://indomet.gob.do/wp-content/uploads/2025/09/temperaturas-extremas-y-precipitaciones-2025x09x21-a.pdf
2025-09-21,075,RANCHO ARRIBA,SAN JOSÉ DE OCOA,CENTRO TECNOLÓGICO COMUNITARIO,EMCI,32.1,21.0,0.0,https://indomet.gob.do/wp-content/uploads/2025/09/temperaturas-extremas-y-precipitaciones-2025x09x21-a.pdf
2025-09-21,076,RÍO SAN JUAN,MARÍA TRINIDAD SÁNCHEZ,HOSP. MPAL. DR. DESIDERIO ACOSTA,EMCV,35.6,25.3,0.0,https://indomet.gob.do/wp-content/uploads/2025/09/temperaturas-extremas-y-precipitaciones-2025x09x21-a.pdf
2025-09-21,077,SABANA DE LA MAR,HATO MAYOR,INDOMET,EMCI,32.5,24.0,0.0,https://indomet.gob.do/wp-content/uploads/2025/09/temperaturas-extremas-y-precipitaciones-2025x09x21-a.pdf
2025-09-21,078,SABANA GRANDE DE BOYÁ,MONTE PLATA,MINISTERIO DE AGRICULTURA,EMCV,,,0.0,https://indomet.gob.do/wp-content/uploads/2025/09/temperaturas-extremas-y-precipitaciones-2025x09x21-a.pdf
2025-09-21,079,SALCEDO,HERMANAS MIRABAL,PROPIEDAD DEL EMPLEADO,EMCI,,,0.0,https://indomet.gob.do/wp-content/uploads/2025/09/temperaturas-extremas-y-precipitaciones-2025x09x21-a.pdf
2025-09-21,080,SAMANÁ,SAMANÁ,COMANDANCIA DE PUERTO DE SAMANÁ,EMCI,34.2,22.5,0.0,https://indomet.gob.do/wp-content/uploads/2025/09/temperaturas-extremas-y-precipitaciones-2025x09x21-a.pdf
2025-09-21,081,SAN CRISTÓBAL,SAN CRISTÓBAL,INSTITUTO POLITÉCNICO LOYOLA,EMCI,33.0,22.0,0.0,https://indomet.gob.do/wp-content/uploads/2025/09/temperaturas-extremas-y-precipitaciones-2025x09x21-a.pdf
2025-09-21,082,SAN FRANCISCO DE MACORÍS,DUARTE,San Francisco de Macorís (UASD),EMCI,28.3,23.8,0.0,https://indomet.gob.do/wp-content/uploads/2025/09/temperaturas-extremas-y-precipitaciones-2025x09x21-a.pdf
2025-09-21,083,SAN RAFAEL DEL YUMA,LA ALTAGRACIA,MINISTERIO DE AGRICULTURA,EMCI,33.5,23.2,0.0,https://indomet.gob.do/wp-content/uploads/2025/09/temperaturas-extremas-y-precipitaciones-2025x09x21-a.pdf
2025-09-21,084,TÁBARA ABAJO,AZUA,INDRHI,EMCI,34.9,23.5,0.0,https://indomet.gob.do/wp-content/uploads/2025/09/temperaturas-extremas-y-precipitaciones-2025x09x21-a.pdf
2025-09-21,085,TAVERA,SANTIAGO,INDRHI,EMCI,,,0.0,https://indomet.gob.do/wp-content/uploads/2025/09/temperaturas-extremas-y-precipitaciones-2025x09x21-a.pdf
2025-09-21,086,VALLE NUEVO (EMA),LA VEGA,MARENA,EMAI,21.7,10.1,0.0,https://indomet.gob.do/wp-content/uploads/2025/09/temperaturas-extremas-y-precipitaciones-2025x09x21-a.pdf
2025-09-21,087,VILLA ALTAGRACIA,SAN CRISTÓBAL,ESCUELA JAVIER ANGULO GURIDI,EMCI,,,0.0,https://indomet.gob.do/wp-content/uploads/2025/09/temperaturas-extremas-y-precipitaciones-2025x09x21-a.pdf
2025-09-21,088,VILLA RIVA,DUARTE,HOSP. MPAL. ALICIA DE LEGENDRE,EMCI,33.0,23.0,0.0,https://indomet.gob.do/wp-content/uploads/2025/09/temperaturas-extremas-y-precipitaciones-2025x09x21-a.pdf
2025-09-22,001,BAYAGUANA,MONTE PLATA,INDOMET,EMCI,35.5,23.4,26.4,https://indomet.gob.do/wp-content/uploads/2025/09/temperaturas-extremas-y-precipitaciones-2025x09x22-a.pdf
2025-09-22,002,BASE AÉREA DE SAN ISIDRO,SANTO DOMINGO,FUERZA AÉREA DOMINICANA,EMCV,33.4,24.2,20.0,https://indomet.gob.do/wp-content/uploads/2025/09/temperaturas-extremas-y-precipitaciones-2025x09x22-a.pdf
2025-09-22,003,ARPT. EL CATEY,SAMANÁ,INDOMET,EMCI,33.0,24.0,16.5,https://indomet.gob.do/wp-content/uploads/2025/09/temperaturas-extremas-y-precipitaciones-2025x09x22-a.pdf
2025-09-22,004,ELÍAS PIÑA,ELÍAS PIÑA,MINISTERIO DE AGRICULTURA,EMCV,,,16.0,https://indomet.gob.do/wp-content/uploads/2025/09/temperaturas-extremas-y-precipitaciones-2025x09x22-a.pdf
2025-09-22,005,RESTAURACIÓN,DAJABÓN,MINISTERIO DE AGRICULTURA,EMCI,30.8,17.6,14.5,https://indomet.gob.do/wp-content/uploads/2025/09/temperaturas-extremas-y-precipitaciones-2025x09x22-a.pdf
2025-09-22,006,LA VICTORIA,SANTO DOMINGO,CUERPO DE BOMBEROS,EMCI,35.0,23.5,13.0,https://indomet.gob.do/wp-content/uploads/2025/09/temperaturas-extremas-y-precipitaciones-2025x09x22-a.pdf
2025-09-22,007,NAVARRETE,SANTIAGO,MINISTERIO DE AGRICULTURA,EMCV,,,10.9,https://indomet.gob.do/wp-content/uploads/2025/09/temperaturas-extremas-y-precipitaciones-2025x09x22-a.pdf
2025-09-22,008,ALTAMIRA,PUERTO PLATA,HOSP. MPAL. DE ALTAMIRA,EMCI,32.9,21.3,9.2,https://indomet.gob.do/wp-content/uploads/2025/09/temperaturas-extremas-y-precipitaciones-2025x09x22-a.pdf
2025-09-22,009,ARPT. ARROYO BARRIL,SAMANÁ,INDOMET,EMCI,34.0,23.5,5.8,https://indomet.gob.do/wp-content/uploads/2025/09/temperaturas-extremas-y-precipitaciones-2025x09x22-a.pdf
2025-09-22,010,LOS LLANOS,SAN PEDRO DE MACORÍS,MINISTERIO DE AGRICULTURA,EMCI,34.5,23.3,5.8,https://indomet.gob.do/wp-content/uploads/2025/09/temperaturas-extremas-y-precipitaciones-2025x09x22-a.pdf
2025-09-22,011,SANTO DOMINGO ESTE,SANTO DOMINGO,INDOMET,EMCI,33.3,26.5,5.2,https://indomet.gob.do/wp-content/uploads/2025/09/temperaturas-extremas-y-precipitaciones-2025x09x22-a.pdf
2025-09-22,012,ARPT. DE PUNTA CANA,LA ALTAGRACIA,INDOMET,EMCI,33.2,24.8,4.2,https://indomet.gob.do/wp-content/uploads/2025/09/temperaturas-extremas-y-precipitaciones-2025x09x22-a.pdf
2025-09-22,013,PRESA DE TAVERAS (EMA),LA VEGA,PROGRAMA MUNDIAL DE ALIMENTO,EMAP,34.3,23.1,3.2,https://indomet.gob.do/wp-content/uploads/2025/09/temperaturas-extremas-y-precipitaciones-2025x09x22-a.pdf
2025-09-22,014,VILLA GONZALES,SANTIAGO,MINISTERIO DE AGRICULTURA,EMCI,,,2.5,https://indomet.gob.do/wp-content/uploads/2025/09/temperaturas-extremas-y-precipitaciones-2025x09x22-a.pdf
2025-09-22,015,ENRIQUILLO,BARAHONA,MINISTERIO DE AGRICULTURA,EMCV,34.3,24.8,2.2,https://indomet.gob.do/wp-content/uploads/2025/09/temperaturas-extremas-y-precipitaciones-2025x09x22-a.pdf
2025-09-22,016,VILLA ALTAGRACIA,SAN CRISTÓBAL,ESCUELA JAVIER ANGULO GURIDI,EMCI,,,2.2,https://indomet.gob.do/wp-content/uploads/2025/09/temperaturas-extremas-y-precipitaciones-2025x09x22-a.pdf
2025-09-22,017,DAJABÓN,DAJABÓN,INSTITUTO POLITÉCNICO LOYOLA,EMCI,35.0,19.2,1.6,https://indomet.gob.do/wp-content/uploads/2025/09/temperaturas-extremas-y-precipitaciones-2025x09x22-a.pdf
2025-09-22,018,PEDERNALES,PEDERNALES,INDRHI,EMCI,,,1.3,https://indomet.gob.do/wp-content/uploads/2025/09/temperaturas-extremas-y-precipitaciones-2025x09x22-a.pdf
2025-09-22,019,BOHECHÍO,SAN JUAN,MINISTERIO DE AGRICULTURA,EMCV,,,1.0,https://indomet.gob.do/wp-content/uploads/2025/09/temperaturas-extremas-y-precipitaciones-2025x09x22-a.pdf
2025-09-22,020,JIMANÍ,INDEPENDENCIA,MINISTERIO DE AGRICULTURA,EMCI,36.6,25.0,0.7,https://indomet.gob.do/wp-content/uploads/2025/09/temperaturas-extremas-y-precipitaciones-2025x09x22-a.pdf
2025-09-22,021,HATO MAYOR,HATO MAYOR,MINISTERIO DE AGRICULTURA,EMCV,,,0.5,https://indomet.gob.do/wp-content/uploads/2025/09/temperaturas-extremas-y-precipitaciones-2025x09x22-a.pdf
2025-09-22,022,BOCA DE MAO (EMA),VALVERDE,MINISTERIO DE AGRICULTURA,EMAP,38.1,23.4,0.4,https://indomet.gob.do/wp-content/uploads/2025/09/temperaturas-extremas-y-precipitaciones-2025x09x22-a.pdf
2025-09-22,023,CABRAL,BARAHONA,MINISTERIO DE AGRICULTURA,EMCV,35.8,24.3,0.3,https://indomet.gob.do/wp-content/uploads/2025/09/temperaturas-extremas-y-precipitaciones-2025x09x22-a.pdf
2025-09-22,024,MONCIÓN (EMA),SANTIAGO RODRÍGUEZ,PROGRAMA MUNDIAL DE ALIMENTO,EMAP,32.5,21.2,0.2,https://indomet.gob.do/wp-content/uploads/2025/09/temperaturas-extremas-y-precipitaciones-2025x09x22-a.pdf
2025-09-22,025,PERALTA,AZUA,HOSP. MPAL. DE PERALTA,EMCI,32.0,19.5,0.2,https://indomet.gob.do/wp-content/uploads/2025/09/temperaturas-extremas-y-precipitaciones-2025x09x22-a.pdf
2025-09-22,026,ARPT. DE LAS AMÉRICAS,SANTO DOMINGO,INDOMET,EMCI,33.0,24.6,0.1,https://indomet.gob.do/wp-content/uploads/2025/09/temperaturas-extremas-y-precipitaciones-2025x09x22-a.pdf
2025-09-22,027,HONDO VALLE,ELÍAS PIÑA,MINISTERIO DE AGRICULTURA,EMCI,27.6,18.8,0.1,https://indomet.gob.do/wp-content/uploads/2025/09/temperaturas-extremas-y-precipitaciones-2025x09x22-a.pdf
2025-09-22,028,MAO,VALVERDE,INDRHI / MINISTERIO DE AGRICULTURA,EMCV,,,0.1,https://indomet.gob.do/wp-content/uploads/2025/09/temperaturas-extremas-y-precipitaciones-2025x09x22-a.pdf
2025-09-22,029,OLIVARES,PEDERNALES,INDRHI,EMCI,,,0.1,https://indomet.gob.do/wp-content/uploads/2025/09/temperaturas-extremas-y-precipitaciones-2025x09x22-a.pdf
2025-09-22,030,POLO,BARAHONA,INDOCAFE,EMCI,30.5,18.0,0.1,https://indomet.gob.do/wp-content/uploads/2025/09/temperaturas-extremas-y-precipitaciones-2025x09x22-a.pdf
2025-09-22,031,SABANA GRANDE DE BOYÁ,MONTE PLATA,MINISTERIO DE AGRICULTURA,EMCV,,,0.1,https://indomet.gob.do/wp-content/uploads/2025/09/temperaturas-extremas-y-precipitaciones-2025x09x22-a.pdf
2025-09-22,032,ALTO BANDERA (EMA),LA VEGA,INTEC,EMAP,19.9,10.1,0.0,https://indomet.gob.do/wp-content/uploads/2025/09/temperaturas-extremas-y-precipitaciones-2025x09x22-a.pdf
2025-09-22,033,ANAMUYA (EMA),LA ALTAGRACIA,MINISTERIO DE AGRICULTURA,EMAP,33.3,25.6,0.0,https://indomet.gob.do/wp-content/uploads/2025/09/temperaturas-extremas-y-precipitaciones-2025x09x22-a.pdf
2025-09-22,034,ARPT. DE LA ROMANA,LA ROMANA,INDOMET,EMCI,34.0,23.3,0.0,https://indomet.gob.do/wp-content/uploads/2025/09/temperaturas-extremas-y-precipitaciones-2025x09x22-a.pdf
2025-09-22,035,ARPT. DEL CIBAO,SANTIAGO,INDOMET,EMCI,36.2,23.7,0.0,https://indomet.gob.do/wp-content/uploads/2025/09/temperaturas-extremas-y-precipitaciones-2025x09x22-a.pdf
2025-09-22,036,ARPT. GREGORIO LUPERÓN,PUERTO PLATA,INDOMET,EMCI,33.0,23.4,0.0,https://indomet.gob.do/wp-content/uploads/2025/09/temperaturas-extremas-y-precipitaciones-2025x09x22-a.pdf
2025-09-22,037,ARPT. LA ISABELA,SANTO DOMINGO,INDOMET,EMCI,35.7,24.0,0.0,https://indomet.gob.do/wp-content/uploads/2025/09/temperaturas-extremas-y-precipitaciones-2025x09x22-a.pdf
2025-09-22,038,ARPT. MARÍA MONTEZ,BARAHONA,INDOMET,EMCI,33.8,24.5,0.0,https://indomet.gob.do/wp-content/uploads/2025/09/temperaturas-extremas-y-precipitaciones-2025x09x22-a.pdf
2025-09-22,039,ARROYO LORO,SAN JUAN,IDIAF,EMCI,35.4,19.0,0.0,https://indomet.gob.do/wp-content/uploads/2025/09/temperaturas-extremas-y-precipitaciones-2025x09x22-a.pdf
2025-09-22,040,BONAO,MONSEÑOR NOUEL,MINISTERIO DE AGRICULTURA,EMCV,,,0.0,https://indomet.gob.do/wp-content/uploads/2025/09/temperaturas-extremas-y-precipitaciones-2025x09x22-a.pdf
2025-09-22,041,CABRERA,MARÍA TRINIDAD SÁNCHEZ,ESCUELA ARÍSTIDES FIALLO CABRAL,EMCI,34.2,26.5,0.0,https://indomet.gob.do/wp-content/uploads/2025/09/temperaturas-extremas-y-precipitaciones-2025x09x22-a.pdf
2025-09-22,042,CENTRO DE LOS HEROES (EMA),DISTRITO NACIONAL,MINISTERIO DE ENERGIA Y MINA,EMAP,32.7,27.4,0.0,https://indomet.gob.do/wp-content/uploads/2025/09/temperaturas-extremas-y-precipitaciones-2025x09x22-a.pdf
2025-09-22,043,CONSTANZA,LA VEGA,MINISTERIO DE AGRICULTURA,EMCI,28.0,14.5,0.0,https://indomet.gob.do/wp-content/uploads/2025/09/temperaturas-extremas-y-precipitaciones-2025x09x22-a.pdf
2025-09-22,044,CONSTANZA (EMA),LA VEGA,PROGRAMA MUNDIAL DE ALIMENTO,EMAP,27.1,15.9,0.0,https://indomet.gob.do/wp-content/uploads/2025/09/temperaturas-extremas-y-precipitaciones-2025x09x22-a.pdf
2025-09-22,045,EL CERCADO,SAN JUAN,MINISTERIO DE AGRICULTURA,EMCV,,,0.0,https://indomet.gob.do/wp-content/uploads/2025/09/temperaturas-extremas-y-precipitaciones-2025x09x22-a.pdf
2025-09-22,046,EL FACTOR (EMA),MARÍA TRINIDAD SÁNCHEZ,INTEC,EMAP,33.7,24.3,0.0,https://indomet.gob.do/wp-content/uploads/2025/09/temperaturas-extremas-y-precipitaciones-2025x09x22-a.pdf
2025-09-22,047,ESCONDIDO,PERAVIA,MINISTERIO DE AGRICULTURA,EMCV,34.0,24.0,0.0,https://indomet.gob.do/wp-content/uploads/2025/09/temperaturas-extremas-y-precipitaciones-2025x09x22-a.pdf
2025-09-22,048,GASPAR HERNÁNDEZ,ESPAILLAT,PROPIEDAD DEL EMPLEADO,EMCI,,,0.0,https://indomet.gob.do/wp-content/uploads/2025/09/temperaturas-extremas-y-precipitaciones-2025x09x22-a.pdf
2025-09-22,049,GURABO,SANTIAGO,MINISTERIO DE AGRICULTURA,EMCV,,,0.0,https://indomet.gob.do/wp-content/uploads/2025/09/temperaturas-extremas-y-precipitaciones-2025x09x22-a.pdf
2025-09-22,050,JARABACOA,LA VEGA,INDRHI / MARENA,EMCI,33.6,18.4,0.0,https://indomet.gob.do/wp-content/uploads/2025/09/temperaturas-extremas-y-precipitaciones-2025x09x22-a.pdf
2025-09-22,051,JARABACOA (EMA),LA VEGA,PROGRAMA MUNDIAL DE ALIMENTO,EMAP,32.3,20.1,0.0,https://indomet.gob.do/wp-content/uploads/2025/09/temperaturas-extremas-y-precipitaciones-2025x09x22-a.pdf
2025-09-22,052,JARDÍN BOTÁNICO NACIONAL,DISTRITO NACIONAL,JARDÍN BOTÁNICO NACIONAL,EMCV,34.8,24.0,0.0,https://indomet.gob.do/wp-content/uploads/2025/09/temperaturas-extremas-y-precipitaciones-2025x09x22-a.pdf
2025-09-22,053,JIMA ABAJO,LA VEGA,INDOMET,EMCI,36.0,22.3,0.0,https://indomet.gob.do/wp-content/uploads/2025/09/temperaturas-extremas-y-precipitaciones-2025x09x22-a.pdf
2025-09-22,054,JUMA BEJUCAL,MONSEÑOR NOUEL,IDIAF,EMCV,35.4,22.6,0.0,https://indomet.gob.do/wp-content/uploads/2025/09/temperaturas-extremas-y-precipitaciones-2025x09x22-a.pdf
2025-09-22,055,LA VEGA,LA VEGA,IATESA,EMCI,37.0,24.0,0.0,https://indomet.gob.do/wp-content/uploads/2025/09/temperaturas-extremas-y-precipitaciones-2025x09x22-a.pdf
2025-09-22,056,LAS CANAS (EMA),MONTE CRISTI,PROGRAMA MUNDIAL DE ALIMENTO,EMAP,32.0,24.0,0.0,https://indomet.gob.do/wp-content/uploads/2025/09/temperaturas-extremas-y-precipitaciones-2025x09x22-a.pdf
2025-09-22,057,LAS MATAS DE SANTA CRUZ (EMA,MONTE CRISTI,PROGRAMA MUNDIAL DE ALIMENTO,EMAP,,,0.0,https://indomet.gob.do/wp-content/uploads/2025/09/temperaturas-extremas-y-precipitaciones-2025x09x22-a.pdf
2025-09-22,058,LOS TRES CHARCOS (EMA),PEDERNALES,PROPIEDAD DEL VOLUNTARIO,EMAP,33.9,24.1,0.0,https://indomet.gob.do/wp-content/uploads/2025/09/temperaturas-extremas-y-precipitaciones-2025x09x22-a.pdf
2025-09-22,059,MONTE CRISTI,MONTE CRISTI,INDOMET,EMCI,35.4,25.4,0.0,https://indomet.gob.do/wp-content/uploads/2025/09/temperaturas-extremas-y-precipitaciones-2025x09x22-a.pdf
2025-09-22,060,OVIEDO,PEDERNALES,CLÍNICA RURAL OVIEDO,EMCI,33.5,23.6,0.0,https://indomet.gob.do/wp-content/uploads/2025/09/temperaturas-extremas-y-precipitaciones-2025x09x22-a.pdf
2025-09-22,061,PADRE LAS CASAS,AZUA,HOSP. NTRA. SRA. DEL CARMEN,EMCI,32.4,20.5,0.0,https://indomet.gob.do/wp-content/uploads/2025/09/temperaturas-extremas-y-precipitaciones-2025x09x22-a.pdf
2025-09-22,062,PALO ÍNDIO,PUERTO PLATA,MINISTERIO DE AGRICULTURA,EMCI,,,0.0,https://indomet.gob.do/wp-content/uploads/2025/09/temperaturas-extremas-y-precipitaciones-2025x09x22-a.pdf
2025-09-22,063,PESCADERIA (EMA),BARAHONA,MINISTERIO DE AGRICULTURA,EMAP,34.8,,0.0,https://indomet.gob.do/wp-content/uploads/2025/09/temperaturas-extremas-y-precipitaciones-2025x09x22-a.pdf
2025-09-22,064,PONTÓN ABAJO (EMA),LA VEGA,MINISTERIO DE AGRICULTURA,EMAP,37.8,24.6,0.0,https://indomet.gob.do/wp-content/uploads/2025/09/temperaturas-extremas-y-precipitaciones-2025x09x22-a.pdf
2025-09-22,065,RANCHO ARRIBA,SAN JOSÉ DE OCOA,CENTRO TECNOLÓGICO COMUNITARIO,EMCI,32.0,19.6,0.0,https://indomet.gob.do/wp-content/uploads/2025/09/temperaturas-extremas-y-precipitaciones-2025x09x22-a.pdf
2025-09-22,066,RÍO SAN JUAN,MARÍA TRINIDAD SÁNCHEZ,HOSP. MPAL. DR. DESIDERIO ACOSTA,EMCV,36.0,25.0,0.0,https://indomet.gob.do/wp-content/uploads/2025/09/temperaturas-extremas-y-precipitaciones-2025x09x22-a.pdf
2025-09-22,067,SABANA DE LA MAR,HATO MAYOR,INDOMET,EMCI,32.5,23.5,0.0,https://indomet.gob.do/wp-content/uploads/2025/09/temperaturas-extremas-y-precipitaciones-2025x09x22-a.pdf
2025-09-22,068,SABANETA (EMA),SANTIAGO RODRÍGUEZ,PROGRAMA MUNDIAL DE ALIMENTO,EMAP,34.1,23.3,0.0,https://indomet.gob.do/wp-content/uploads/2025/09/temperaturas-extremas-y-precipitaciones-2025x09x22-a.pdf
2025-09-22,069,SALCEDO,HERMANAS MIRABAL,PROPIEDAD DEL EMPLEADO,EMCI,,,0.0,https://indomet.gob.do/wp-content/uploads/2025/09/temperaturas-extremas-y-precipitaciones-2025x09x22-a.pdf
2025-09-22,070,SAMANÁ,SAMANÁ,COMANDANCIA DE PUERTO DE SAMANÁ,EMCI,34.2,22.8,0.0,https://indomet.gob.do/wp-content/uploads/2025/09/temperaturas-extremas-y-precipitaciones-2025x09x22-a.pdf
2025-09-22,071,SAN CRISTÓBAL,SAN CRISTÓBAL,INSTITUTO POLITÉCNICO LOYOLA,EMCI,34.2,22.2,0.0,https://indomet.gob.do/wp-content/uploads/2025/09/temperaturas-extremas-y-precipitaciones-2025x09x22-a.pdf
2025-09-22,072,SAN FRANCISCO DE MACORÍS,DUARTE,San Francisco de Macorís (UASD),EMCI,28.3,23.8,0.0,https://indomet.gob.do/wp-content/uploads/2025/09/temperaturas-extremas-y-precipitaciones-2025x09x22-a.pdf
2025-09-22,073,SAN JOSÉ DE OCOA,SAN JOSÉ DE OCOA,HOSP. SAN JOSÉ DE OCOA,EMCI,32.5,20.6,0.0,https://indomet.gob.do/wp-content/uploads/2025/09/temperaturas-extremas-y-precipitaciones-2025x09x22-a.pdf
2025-09-22,074,SAN RAFAEL DEL YUMA,LA ALTAGRACIA,MINISTERIO DE AGRICULTURA,EMCI,35.9,23.4,0.0,https://indomet.gob.do/wp-content/uploads/2025/09/temperaturas-extremas-y-precipitaciones-2025x09x22-a.pdf
2025-09-22,075,SÁNCHEZ,SAMANÁ,MINISTERIO DE AGRICULTURA,EMCI,33.7,25.4,0.0,https://indomet.gob.do/wp-content/uploads/2025/09/temperaturas-extremas-y-precipitaciones-2025x09x22-a.pdf
2025-09-22,076,SANTIAGO,SANTIAGO,HUACALITO,EMCI,,,0.0,https://indomet.gob.do/wp-content/uploads/2025/09/temperaturas-extremas-y-precipitaciones-2025x09x22-a.pdf
2025-09-22,077,SANTIAGO RODRÍGUEZ,SANTIAGO RODRÍGUEZ,INDOMET,EMCI,36.5,23.3,0.0,https://indomet.gob.do/wp-content/uploads/2025/09/temperaturas-extremas-y-precipitaciones-2025x09x22-a.pdf
2025-09-22,078,TÁBARA ABAJO,AZUA,INDRHI,EMCI,34.5,22.5,0.0,https://indomet.gob.do/wp-content/uploads/2025/09/temperaturas-extremas-y-precipitaciones-2025x09x22-a.pdf
2025-09-22,079,TAMBORIL,SANTIAGO,MINISTERIO DE AGRICULTURA,EMCV,,,0.0,https://indomet.gob.do/wp-content/uploads/2025/09/temperaturas-extremas-y-precipitaciones-2025x09x22-a.pdf
2025-09-22,080,VALLE NUEVO (EMA),LA VEGA,MARENA,EMAI,22.7,8.2,0.0,https://indomet.gob.do/wp-content/uploads/2025/09/temperaturas-extremas-y-precipitaciones-2025x09x22-a.pdf
2025-09-22,081,VILLA ISABELA,PUERTO PLATA,MINISTERIO DE AGRICULTURA,EMCV,,,0.0,https://indomet.gob.do/wp-content/uploads/2025/09/temperaturas-extremas-y-precipitaciones-2025x09x22-a.pdf
2025-09-22,082,VILLA RIVA,DUARTE,HOSP. MPAL. ALICIA DE LEGENDRE,EMCI,33.5,24.0,0.0,https://indomet.gob.do/wp-content/uploads/2025/09/temperaturas-extremas-y-precipitaciones-2025x09x22-a.pdf
2025-09-23,001,SÁNCHEZ,SAMANÁ,MINISTERIO DE AGRICULTURA,EMCI,34.8,23.2,64.6,https://indomet.gob.do/wp-content/uploads/2025/09/temperaturas-extremas-y-precipitaciones-2025x09x23-a.pdf
2025-09-23,002,ARPT. EL CATEY,SAMANÁ,INDOMET,EMCI,30.0,23.0,28.8,https://indomet.gob.do/wp-content/uploads/2025/09/temperaturas-extremas-y-precipitaciones-2025x09x23-a.pdf
2025-09-23,003,GURABO,SANTIAGO,MINISTERIO DE AGRICULTURA,EMCV,,,27.4,https://indomet.gob.do/wp-content/uploads/2025/09/temperaturas-extremas-y-precipitaciones-2025x09x23-a.pdf
2025-09-23,004,CABRERA,MARÍA TRINIDAD SÁNCHEZ,ESCUELA ARÍSTIDES FIALLO CABRAL,EMCI,33.0,26.8,25.0,https://indomet.gob.do/wp-content/uploads/2025/09/temperaturas-extremas-y-precipitaciones-2025x09x23-a.pdf
2025-09-23,005,SABANA DE LA MAR,HATO MAYOR,INDOMET,EMCI,32.5,23.5,23.3,https://indomet.gob.do/wp-content/uploads/2025/09/temperaturas-extremas-y-precipitaciones-2025x09x23-a.pdf
2025-09-23,006,JIMA ABAJO,LA VEGA,INDOMET,EMCI,36.2,22.2,23.2,https://indomet.gob.do/wp-content/uploads/2025/09/temperaturas-extremas-y-precipitaciones-2025x09x23-a.pdf
2025-09-23,007,ARPT. ARROYO BARRIL,SAMANÁ,INDOMET,EMCI,29.0,24.5,21.5,https://indomet.gob.do/wp-content/uploads/2025/09/temperaturas-extremas-y-precipitaciones-2025x09x23-a.pdf
2025-09-23,008,TAMBORIL,SANTIAGO,MINISTERIO DE AGRICULTURA,EMCV,,,20.3,https://indomet.gob.do/wp-content/uploads/2025/09/temperaturas-extremas-y-precipitaciones-2025x09x23-a.pdf
2025-09-23,009,SAMANÁ,SAMANÁ,COMANDANCIA DE PUERTO DE SAMANÁ,EMCI,32.5,20.7,18.0,https://indomet.gob.do/wp-content/uploads/2025/09/temperaturas-extremas-y-precipitaciones-2025x09x23-a.pdf
2025-09-23,010,VILLA RIVA,DUARTE,HOSP. MPAL. ALICIA DE LEGENDRE,EMCI,31.4,22.0,17.0,https://indomet.gob.do/wp-content/uploads/2025/09/temperaturas-extremas-y-precipitaciones-2025x09x23-a.pdf
2025-09-23,011,BASE AÉREA DE SAN ISIDRO,SANTO DOMINGO,FUERZA AÉREA DOMINICANA,EMCV,32.5,24.5,15.0,https://indomet.gob.do/wp-content/uploads/2025/09/temperaturas-extremas-y-precipitaciones-2025x09x23-a.pdf
2025-09-23,012,ARPT. DE LAS AMÉRICAS,SANTO DOMINGO,INDOMET,EMCI,33.0,24.2,13.0,https://indomet.gob.do/wp-content/uploads/2025/09/temperaturas-extremas-y-precipitaciones-2025x09x23-a.pdf
2025-09-23,013,SANTO DOMINGO ESTE,SANTO DOMINGO,INDOMET,EMCI,33.0,25.0,13.0,https://indomet.gob.do/wp-content/uploads/2025/09/temperaturas-extremas-y-precipitaciones-2025x09x23-a.pdf
2025-09-23,014,MICHES (EMA),EL SEIBO,PRIVADA,EMAP,30.9,24.9,9.8,https://indomet.gob.do/wp-content/uploads/2025/09/temperaturas-extremas-y-precipitaciones-2025x09x23-a.pdf
2025-09-23,015,HONDO VALLE,ELÍAS PIÑA,MINISTERIO DE AGRICULTURA,EMCI,27.9,18.5,7.6,https://indomet.gob.do/wp-content/uploads/2025/09/temperaturas-extremas-y-precipitaciones-2025x09x23-a.pdf
2025-09-23,016,DAJABÓN,DAJABÓN,INSTITUTO POLITÉCNICO LOYOLA,EMCI,34.6,19.4,7.2,https://indomet.gob.do/wp-content/uploads/2025/09/temperaturas-extremas-y-precipitaciones-2025x09x23-a.pdf
2025-09-23,017,RÍO SAN JUAN,MARÍA TRINIDAD SÁNCHEZ,HOSP. MPAL. DR. DESIDERIO ACOSTA,EMCV,34.8,23.9,7.2,https://indomet.gob.do/wp-content/uploads/2025/09/temperaturas-extremas-y-precipitaciones-2025x09x23-a.pdf
2025-09-23,018,EL FACTOR (EMA),MARÍA TRINIDAD SÁNCHEZ,INTEC,EMAP,32.7,23.6,6.1,https://indomet.gob.do/wp-content/uploads/2025/09/temperaturas-extremas-y-precipitaciones-2025x09x23-a.pdf
2025-09-23,019,VILLA GONZALES,SANTIAGO,MINISTERIO DE AGRICULTURA,EMCI,,,6.1,https://indomet.gob.do/wp-content/uploads/2025/09/temperaturas-extremas-y-precipitaciones-2025x09x23-a.pdf
2025-09-23,020,BAYAGUANA,MONTE PLATA,INDOMET,EMCI,33.4,22.8,4.0,https://indomet.gob.do/wp-content/uploads/2025/09/temperaturas-extremas-y-precipitaciones-2025x09x23-a.pdf
2025-09-23,021,CENTRO DE LOS HEROES (EMA),DISTRITO NACIONAL,MINISTERIO DE ENERGIA Y MINA,EMAP,33.3,27.4,4.0,https://indomet.gob.do/wp-content/uploads/2025/09/temperaturas-extremas-y-precipitaciones-2025x09x23-a.pdf
2025-09-23,022,LA VICTORIA,SANTO DOMINGO,CUERPO DE BOMBEROS,EMCI,30.5,24.5,3.8,https://indomet.gob.do/wp-content/uploads/2025/09/temperaturas-extremas-y-precipitaciones-2025x09x23-a.pdf
2025-09-23,023,RESTAURACIÓN,DAJABÓN,MINISTERIO DE AGRICULTURA,EMCI,30.3,17.2,3.4,https://indomet.gob.do/wp-content/uploads/2025/09/temperaturas-extremas-y-precipitaciones-2025x09x23-a.pdf
2025-09-23,024,PALO ÍNDIO,PUERTO PLATA,MINISTERIO DE AGRICULTURA,EMCI,,,3.3,https://indomet.gob.do/wp-content/uploads/2025/09/temperaturas-extremas-y-precipitaciones-2025x09x23-a.pdf
2025-09-23,025,GASPAR HERNÁNDEZ,ESPAILLAT,PROPIEDAD DEL EMPLEADO,EMCI,,,2.4,https://indomet.gob.do/wp-content/uploads/2025/09/temperaturas-extremas-y-precipitaciones-2025x09x23-a.pdf
2025-09-23,026,LOS LLANOS,SAN PEDRO DE MACORÍS,MINISTERIO DE AGRICULTURA,EMCI,32.2,24.0,2.4,https://indomet.gob.do/wp-content/uploads/2025/09/temperaturas-extremas-y-precipitaciones-2025x09x23-a.pdf
2025-09-23,027,ANAMUYA (EMA),LA ALTAGRACIA,MINISTERIO DE AGRICULTURA,EMAP,30.8,25.3,0.8,https://indomet.gob.do/wp-content/uploads/2025/09/temperaturas-extremas-y-precipitaciones-2025x09x23-a.pdf
2025-09-23,028,ARPT. LA ISABELA,SANTO DOMINGO,INDOMET,EMCI,34.5,23.6,0.7,https://indomet.gob.do/wp-content/uploads/2025/09/temperaturas-extremas-y-precipitaciones-2025x09x23-a.pdf
2025-09-23,029,ARPT. GREGORIO LUPERÓN,PUERTO PLATA,INDOMET,EMCI,33.5,23.6,0.6,https://indomet.gob.do/wp-content/uploads/2025/09/temperaturas-extremas-y-precipitaciones-2025x09x23-a.pdf
2025-09-23,030,ARPT. DEL CIBAO,SANTIAGO,INDOMET,EMCI,34.6,23.0,0.2,https://indomet.gob.do/wp-content/uploads/2025/09/temperaturas-extremas-y-precipitaciones-2025x09x23-a.pdf
2025-09-23,031,ALTAMIRA,PUERTO PLATA,HOSP. MPAL. DE ALTAMIRA,EMCI,32.5,22.0,0.1,https://indomet.gob.do/wp-content/uploads/2025/09/temperaturas-extremas-y-precipitaciones-2025x09x23-a.pdf
2025-09-23,032,MONTE CRISTI,MONTE CRISTI,INDOMET,EMCI,35.0,24.5,0.1,https://indomet.gob.do/wp-content/uploads/2025/09/temperaturas-extremas-y-precipitaciones-2025x09x23-a.pdf
2025-09-23,033,RANCHO ARRIBA,SAN JOSÉ DE OCOA,CENTRO TECNOLÓGICO COMUNITARIO,EMCI,32.8,19.5,0.1,https://indomet.gob.do/wp-content/uploads/2025/09/temperaturas-extremas-y-precipitaciones-2025x09x23-a.pdf
2025-09-23,034,SABANA GRANDE DE BOYÁ,MONTE PLATA,MINISTERIO DE AGRICULTURA,EMCV,,,0.1,https://indomet.gob.do/wp-content/uploads/2025/09/temperaturas-extremas-y-precipitaciones-2025x09x23-a.pdf
2025-09-23,035,SALCEDO,HERMANAS MIRABAL,PROPIEDAD DEL EMPLEADO,EMCI,,,0.1,https://indomet.gob.do/wp-content/uploads/2025/09/temperaturas-extremas-y-precipitaciones-2025x09x23-a.pdf
2025-09-23,036,SAN JOSÉ DE OCOA,SAN JOSÉ DE OCOA,HOSP. SAN JOSÉ DE OCOA,EMCI,33.5,21.6,0.1,https://indomet.gob.do/wp-content/uploads/2025/09/temperaturas-extremas-y-precipitaciones-2025x09x23-a.pdf
2025-09-23,037,VILLA ISABELA,PUERTO PLATA,MINISTERIO DE AGRICULTURA,EMCV,,,0.1,https://indomet.gob.do/wp-content/uploads/2025/09/temperaturas-extremas-y-precipitaciones-2025x09x23-a.pdf
2025-09-23,038,ALTO BANDERA (EMA),LA VEGA,INTEC,EMAP,18.8,8.2,0.0,https://indomet.gob.do/wp-content/uploads/2025/09/temperaturas-extremas-y-precipitaciones-2025x09x23-a.pdf
2025-09-23,039,ARPT. DE LA ROMANA,LA ROMANA,INDOMET,EMCI,32.1,24.0,0.0,https://indomet.gob.do/wp-content/uploads/2025/09/temperaturas-extremas-y-precipitaciones-2025x09x23-a.pdf
2025-09-23,040,ARPT. DE PUNTA CANA,LA ALTAGRACIA,INDOMET,EMCI,33.0,24.8,0.0,https://indomet.gob.do/wp-content/uploads/2025/09/temperaturas-extremas-y-precipitaciones-2025x09x23-a.pdf
2025-09-23,041,ARPT. MARÍA MONTEZ,BARAHONA,INDOMET,EMCI,35.2,24.0,0.0,https://indomet.gob.do/wp-content/uploads/2025/09/temperaturas-extremas-y-precipitaciones-2025x09x23-a.pdf
2025-09-23,042,ARROYO LORO,SAN JUAN,IDIAF,EMCI,35.0,21.0,0.0,https://indomet.gob.do/wp-content/uploads/2025/09/temperaturas-extremas-y-precipitaciones-2025x09x23-a.pdf
2025-09-23,043,BANI (EMA),PERAVIA,MINISTERIO DE AGRICULTURA,EMAP,34.7,27.3,0.0,https://indomet.gob.do/wp-content/uploads/2025/09/temperaturas-extremas-y-precipitaciones-2025x09x23-a.pdf
2025-09-23,044,BOCA DE MAO (EMA),VALVERDE,MINISTERIO DE AGRICULTURA,EMAP,36.9,24.3,0.0,https://indomet.gob.do/wp-content/uploads/2025/09/temperaturas-extremas-y-precipitaciones-2025x09x23-a.pdf
2025-09-23,045,CABRAL,BARAHONA,MINISTERIO DE AGRICULTURA,EMCV,37.0,25.0,0.0,https://indomet.gob.do/wp-content/uploads/2025/09/temperaturas-extremas-y-precipitaciones-2025x09x23-a.pdf
2025-09-23,046,CONSTANZA,LA VEGA,MINISTERIO DE AGRICULTURA,EMCI,28.4,14.4,0.0,https://indomet.gob.do/wp-content/uploads/2025/09/temperaturas-extremas-y-precipitaciones-2025x09x23-a.pdf
2025-09-23,047,CONSTANZA (EMA),LA VEGA,PROGRAMA MUNDIAL DE ALIMENTO,EMAP,27.5,15.8,0.0,https://indomet.gob.do/wp-content/uploads/2025/09/temperaturas-extremas-y-precipitaciones-2025x09x23-a.pdf
2025-09-23,048,ENRIQUILLO,BARAHONA,MINISTERIO DE AGRICULTURA,EMCV,34.5,24.5,0.0,https://indomet.gob.do/wp-content/uploads/2025/09/temperaturas-extremas-y-precipitaciones-2025x09x23-a.pdf
2025-09-23,049,JARABACOA,LA VEGA,INDRHI / MARENA,EMCI,33.8,19.6,0.0,https://indomet.gob.do/wp-content/uploads/2025/09/temperaturas-extremas-y-precipitaciones-2025x09x23-a.pdf
2025-09-23,050,JARABACOA (EMA),LA VEGA,PROGRAMA MUNDIAL DE ALIMENTO,EMAP,32.2,20.8,0.0,https://indomet.gob.do/wp-content/uploads/2025/09/temperaturas-extremas-y-precipitaciones-2025x09x23-a.pdf
2025-09-23,051,JIMANÍ,INDEPENDENCIA,MINISTERIO DE AGRICULTURA,EMCI,36.8,25.6,0.0,https://indomet.gob.do/wp-content/uploads/2025/09/temperaturas-extremas-y-precipitaciones-2025x09x23-a.pdf
2025-09-23,052,JUMA BEJUCAL,MONSEÑOR NOUEL,IDIAF,EMCV,34.8,25.6,0.0,https://indomet.gob.do/wp-content/uploads/2025/09/temperaturas-extremas-y-precipitaciones-2025x09x23-a.pdf
2025-09-23,053,LA VEGA,LA VEGA,IATESA,EMCI,37.0,23.6,0.0,https://indomet.gob.do/wp-content/uploads/2025/09/temperaturas-extremas-y-precipitaciones-2025x09x23-a.pdf
2025-09-23,054,LAS CANAS (EMA),MONTE CRISTI,PROGRAMA MUNDIAL DE ALIMENTO,EMAP,32.9,25.9,0.0,https://indomet.gob.do/wp-content/uploads/2025/09/temperaturas-extremas-y-precipitaciones-2025x09x23-a.pdf
2025-09-23,055,LAS MATAS DE SANTA CRUZ (EMA,MONTE CRISTI,PROGRAMA MUNDIAL DE ALIMENTO,EMAP,,,0.0,https://indomet.gob.do/wp-content/uploads/2025/09/temperaturas-extremas-y-precipitaciones-2025x09x23-a.pdf
2025-09-23,056,LOS TRES CHARCOS (EMA),PEDERNALES,PROPIEDAD DEL VOLUNTARIO,EMAP,34.6,23.6,0.0,https://indomet.gob.do/wp-content/uploads/2025/09/temperaturas-extremas-y-precipitaciones-2025x09x23-a.pdf
2025-09-23,057,MAO,VALVERDE,INDRHI / MINISTERIO DE AGRICULTURA,EMCV,,,0.0,https://indomet.gob.do/wp-content/uploads/2025/09/temperaturas-extremas-y-precipitaciones-2025x09x23-a.pdf
2025-09-23,058,MONCIÓN (EMA),SANTIAGO RODRÍGUEZ,PROGRAMA MUNDIAL DE ALIMENTO,EMAP,33.7,20.9,0.0,https://indomet.gob.do/wp-content/uploads/2025/09/temperaturas-extremas-y-precipitaciones-2025x09x23-a.pdf
2025-09-23,059,NAVARRETE,SANTIAGO,MINISTERIO DE AGRICULTURA,EMCV,,,0.0,https://indomet.gob.do/wp-content/uploads/2025/09/temperaturas-extremas-y-precipitaciones-2025x09x23-a.pdf
2025-09-23,060,OLIVARES,PEDERNALES,INDRHI,EMCI,,,0.0,https://indomet.gob.do/wp-content/uploads/2025/09/temperaturas-extremas-y-precipitaciones-2025x09x23-a.pdf
2025-09-23,061,OVIEDO,PEDERNALES,CLÍNICA RURAL OVIEDO,EMCI,34.0,24.3,0.0,https://indomet.gob.do/wp-content/uploads/2025/09/temperaturas-extremas-y-precipitaciones-2025x09x23-a.pdf
2025-09-23,062,PADRE LAS CASAS,AZUA,HOSP. NTRA. SRA. DEL CARMEN,EMCI,35.0,20.2,0.0,https://indomet.gob.do/wp-content/uploads/2025/09/temperaturas-extremas-y-precipitaciones-2025x09x23-a.pdf
2025-09-23,063,PEDERNALES,PEDERNALES,INDRHI,EMCI,,,0.0,https://indomet.gob.do/wp-content/uploads/2025/09/temperaturas-extremas-y-precipitaciones-2025x09x23-a.pdf
2025-09-23,064,PERALTA,AZUA,HOSP. MPAL. DE PERALTA,EMCI,33.2,20.0,0.0,https://indomet.gob.do/wp-content/uploads/2025/09/temperaturas-extremas-y-precipitaciones-2025x09x23-a.pdf
2025-09-23,065,PESCADERIA (EMA),BARAHONA,MINISTERIO DE AGRICULTURA,EMAP,35.6,25.3,0.0,https://indomet.gob.do/wp-content/uploads/2025/09/temperaturas-extremas-y-precipitaciones-2025x09x23-a.pdf
2025-09-23,066,POLO,BARAHONA,INDOCAFE,EMCI,31.5,18.0,0.0,https://indomet.gob.do/wp-content/uploads/2025/09/temperaturas-extremas-y-precipitaciones-2025x09x23-a.pdf
2025-09-23,067,PONTÓN ABAJO (EMA),LA VEGA,MINISTERIO DE AGRICULTURA,EMAP,36.8,24.6,0.0,https://indomet.gob.do/wp-content/uploads/2025/09/temperaturas-extremas-y-precipitaciones-2025x09x23-a.pdf
2025-09-23,068,PRESA DE TAVERAS (EMA),LA VEGA,PROGRAMA MUNDIAL DE ALIMENTO,EMAP,32.8,22.8,0.0,https://indomet.gob.do/wp-content/uploads/2025/09/temperaturas-extremas-y-precipitaciones-2025x09x23-a.pdf
2025-09-23,069,SABANETA (EMA),SANTIAGO RODRÍGUEZ,PROGRAMA MUNDIAL DE ALIMENTO,EMAP,36.9,22.8,0.0,https://indomet.gob.do/wp-content/uploads/2025/09/temperaturas-extremas-y-precipitaciones-2025x09x23-a.pdf
2025-09-23,070,SAN CRISTÓBAL,SAN CRISTÓBAL,INSTITUTO POLITÉCNICO LOYOLA,EMCI,34.2,22.0,0.0,https://indomet.gob.do/wp-content/uploads/2025/09/temperaturas-extremas-y-precipitaciones-2025x09x23-a.pdf
2025-09-23,071,SAN RAFAEL DEL YUMA,LA ALTAGRACIA,MINISTERIO DE AGRICULTURA,EMCI,36.0,23.5,0.0,https://indomet.gob.do/wp-content/uploads/2025/09/temperaturas-extremas-y-precipitaciones-2025x09x23-a.pdf
2025-09-23,072,SANTIAGO RODRÍGUEZ,SANTIAGO RODRÍGUEZ,INDOMET,EMCI,36.3,23.0,0.0,https://indomet.gob.do/wp-content/uploads/2025/09/temperaturas-extremas-y-precipitaciones-2025x09x23-a.pdf
2025-09-23,073,TÁBARA ABAJO,AZUA,INDRHI,EMCI,33.9,24.3,0.0,https://indomet.gob.do/wp-content/uploads/2025/09/temperaturas-extremas-y-precipitaciones-2025x09x23-a.pdf
2025-09-23,074,VALLE NUEVO (EMA),LA VEGA,MARENA,EMAI,21.1,11.2,0.0,https://indomet.gob.do/wp-content/uploads/2025/09/temperaturas-extremas-y-precipitaciones-2025x09x23-a.pdf
2025-09-23,075,VILLA ALTAGRACIA,SAN CRISTÓBAL,ESCUELA JAVIER ANGULO GURIDI,EMCI,,,0.0,https://indomet.gob.do/wp-content/uploads/2025/09/temperaturas-extremas-y-precipitaciones-2025x09x23-a.pdf
2025-09-24,001,BAYAHIBE (EMA),LA ALTAGRACIA,PRIVADA,EMAP,,,181.6,https://indomet.gob.do/wp-content/uploads/2025/09/temperaturas-extremas-y-precipitaciones-2025x09x24-a.pdf
2025-09-24,002,CASA DE CAMPO FIELDS,LA ROMANA,PRIVADA,EMAP,,,150.8,https://indomet.gob.do/wp-content/uploads/2025/09/temperaturas-extremas-y-precipitaciones-2025x09x24-a.pdf
2025-09-24,003,ENRIQUILLO,BARAHONA,MINISTERIO DE AGRICULTURA,EMCV,34.9,20.5,118.6,https://indomet.gob.do/wp-content/uploads/2025/09/temperaturas-extremas-y-precipitaciones-2025x09x24-a.pdf
2025-09-24,004,ARPT. DE PUNTA CANA,LA ALTAGRACIA,INDOMET,EMCI,32.0,24.5,72.5,https://indomet.gob.do/wp-content/uploads/2025/09/temperaturas-extremas-y-precipitaciones-2025x09x24-a.pdf
2025-09-24,005,ARPT. DE LA ROMANA,LA ROMANA,INDOMET,EMCI,33.0,22.6,71.4,https://indomet.gob.do/wp-content/uploads/2025/09/temperaturas-extremas-y-precipitaciones-2025x09x24-a.pdf
2025-09-24,006,ARPT. EL CATEY,SAMANÁ,INDOMET,EMCI,29.5,21.6,70.5,https://indomet.gob.do/wp-content/uploads/2025/09/temperaturas-extremas-y-precipitaciones-2025x09x24-a.pdf
2025-09-24,007,SAN RAFAEL DEL YUMA,LA ALTAGRACIA,MINISTERIO DE AGRICULTURA,EMCI,35.0,23.4,53.4,https://indomet.gob.do/wp-content/uploads/2025/09/temperaturas-extremas-y-precipitaciones-2025x09x24-a.pdf
2025-09-24,008,ARPT. ARROYO BARRIL,SAMANÁ,INDOMET,EMCI,29.5,23.8,42.6,https://indomet.gob.do/wp-content/uploads/2025/09/temperaturas-extremas-y-precipitaciones-2025x09x24-a.pdf
2025-09-24,009,ANAMUYA (EMA),LA ALTAGRACIA,MINISTERIO DE AGRICULTURA,EMAP,31.8,23.3,39.8,https://indomet.gob.do/wp-content/uploads/2025/09/temperaturas-extremas-y-precipitaciones-2025x09x24-a.pdf
2025-09-24,010,SABANA DE LA MAR,HATO MAYOR,INDOMET,EMCI,30.0,24.0,36.0,https://indomet.gob.do/wp-content/uploads/2025/09/temperaturas-extremas-y-precipitaciones-2025x09x24-a.pdf
2025-09-24,011,OLIVARES,PEDERNALES,INDRHI,EMCI,,,35.3,https://indomet.gob.do/wp-content/uploads/2025/09/temperaturas-extremas-y-precipitaciones-2025x09x24-a.pdf
2025-09-24,012,EL FACTOR (EMA),MARÍA TRINIDAD SÁNCHEZ,INTEC,EMAP,31.8,24.4,32.3,https://indomet.gob.do/wp-content/uploads/2025/09/temperaturas-extremas-y-precipitaciones-2025x09x24-a.pdf
2025-09-24,013,PEDERNALES,PEDERNALES,INDRHI,EMCI,,,32.1,https://indomet.gob.do/wp-content/uploads/2025/09/temperaturas-extremas-y-precipitaciones-2025x09x24-a.pdf
2025-09-24,014,LOS JENGIBRES,NAGUA,INDRHI,EMCI,,,31.2,https://indomet.gob.do/wp-content/uploads/2025/09/temperaturas-extremas-y-precipitaciones-2025x09x24-a.pdf
2025-09-24,015,LUPERÓN,PUERTO PLATA,MINISTERIO DE AGRICULTURA,EMCV,,,22.9,https://indomet.gob.do/wp-content/uploads/2025/09/temperaturas-extremas-y-precipitaciones-2025x09x24-a.pdf
2025-09-24,016,BOHECHÍO,SAN JUAN,MINISTERIO DE AGRICULTURA,EMCV,,,21.2,https://indomet.gob.do/wp-content/uploads/2025/09/temperaturas-extremas-y-precipitaciones-2025x09x24-a.pdf
2025-09-24,017,PASO AL MEDIO,SAN PEDRO DE MACORÍS,INDRHI,EMCI,,,17.2,https://indomet.gob.do/wp-content/uploads/2025/09/temperaturas-extremas-y-precipitaciones-2025x09x24-a.pdf
2025-09-24,018,SAMANÁ,SAMANÁ,COMANDANCIA DE PUERTO DE SAMANÁ,EMCI,30.5,21.0,16.0,https://indomet.gob.do/wp-content/uploads/2025/09/temperaturas-extremas-y-precipitaciones-2025x09x24-a.pdf
2025-09-24,019,SÁNCHEZ,SAMANÁ,MINISTERIO DE AGRICULTURA,EMCI,29.5,17.4,13.0,https://indomet.gob.do/wp-content/uploads/2025/09/temperaturas-extremas-y-precipitaciones-2025x09x24-a.pdf
2025-09-24,020,TAMBORIL,SANTIAGO,MINISTERIO DE AGRICULTURA,EMCV,,,12.7,https://indomet.gob.do/wp-content/uploads/2025/09/temperaturas-extremas-y-precipitaciones-2025x09x24-a.pdf
2025-09-24,021,CABRERA,MARÍA TRINIDAD SÁNCHEZ,ESCUELA ARÍSTIDES FIALLO CABRAL,EMCI,33.0,24.2,10.9,https://indomet.gob.do/wp-content/uploads/2025/09/temperaturas-extremas-y-precipitaciones-2025x09x24-a.pdf
2025-09-24,022,GASPAR HERNÁNDEZ,ESPAILLAT,PROPIEDAD DEL EMPLEADO,EMCI,,,10.4,https://indomet.gob.do/wp-content/uploads/2025/09/temperaturas-extremas-y-precipitaciones-2025x09x24-a.pdf
2025-09-24,023,VILLA RIVA,DUARTE,HOSP. MPAL. ALICIA DE LEGENDRE,EMCI,32.0,23.0,10.4,https://indomet.gob.do/wp-content/uploads/2025/09/temperaturas-extremas-y-precipitaciones-2025x09x24-a.pdf
2025-09-24,024,SALCEDO,HERMANAS MIRABAL,PROPIEDAD DEL EMPLEADO,EMCI,,,10.3,https://indomet.gob.do/wp-content/uploads/2025/09/temperaturas-extremas-y-precipitaciones-2025x09x24-a.pdf
2025-09-24,025,SABANA GRANDE DE BOYÁ,MONTE PLATA,MINISTERIO DE AGRICULTURA,EMCV,,,9.9,https://indomet.gob.do/wp-content/uploads/2025/09/temperaturas-extremas-y-precipitaciones-2025x09x24-a.pdf
2025-09-24,026,ARPT. GREGORIO LUPERÓN,PUERTO PLATA,INDOMET,EMCI,32.2,23.8,9.8,https://indomet.gob.do/wp-content/uploads/2025/09/temperaturas-extremas-y-precipitaciones-2025x09x24-a.pdf
2025-09-24,027,ARPT. MARÍA MONTEZ,BARAHONA,INDOMET,EMCI,35.2,24.0,9.3,https://indomet.gob.do/wp-content/uploads/2025/09/temperaturas-extremas-y-precipitaciones-2025x09x24-a.pdf
2025-09-24,028,HATO MAYOR,HATO MAYOR,MINISTERIO DE AGRICULTURA,EMCV,,,8.9,https://indomet.gob.do/wp-content/uploads/2025/09/temperaturas-extremas-y-precipitaciones-2025x09x24-a.pdf
2025-09-24,029,LA VEGA,LA VEGA,IATESA,EMCI,33.5,23.5,8.5,https://indomet.gob.do/wp-content/uploads/2025/09/temperaturas-extremas-y-precipitaciones-2025x09x24-a.pdf
2025-09-24,030,MOCA,ESPAILLAT,MINISTERIO DE AGRICULTURA,EMCV,,,8.4,https://indomet.gob.do/wp-content/uploads/2025/09/temperaturas-extremas-y-precipitaciones-2025x09x24-a.pdf
2025-09-24,031,LOS LLANOS,SAN PEDRO DE MACORÍS,MINISTERIO DE AGRICULTURA,EMCI,33.3,23.5,8.0,https://indomet.gob.do/wp-content/uploads/2025/09/temperaturas-extremas-y-precipitaciones-2025x09x24-a.pdf
2025-09-24,032,ALTO BANDERA (EMA),LA VEGA,INTEC,EMAP,20.6,8.4,7.4,https://indomet.gob.do/wp-content/uploads/2025/09/temperaturas-extremas-y-precipitaciones-2025x09x24-a.pdf
2025-09-24,033,JUMA BEJUCAL,MONSEÑOR NOUEL,IDIAF,EMCV,34.0,22.8,6.9,https://indomet.gob.do/wp-content/uploads/2025/09/temperaturas-extremas-y-precipitaciones-2025x09x24-a.pdf
2025-09-24,034,PALO ÍNDIO,PUERTO PLATA,MINISTERIO DE AGRICULTURA,EMCI,,,6.6,https://indomet.gob.do/wp-content/uploads/2025/09/temperaturas-extremas-y-precipitaciones-2025x09x24-a.pdf
2025-09-24,035,LOS TRES CHARCOS (EMA),PEDERNALES,PROPIEDAD DEL VOLUNTARIO,EMAP,34.0,24.3,6.4,https://indomet.gob.do/wp-content/uploads/2025/09/temperaturas-extremas-y-precipitaciones-2025x09x24-a.pdf
2025-09-24,036,PADRE LAS CASAS,AZUA,HOSP. NTRA. SRA. DEL CARMEN,EMCI,35.7,20.5,5.8,https://indomet.gob.do/wp-content/uploads/2025/09/temperaturas-extremas-y-precipitaciones-2025x09x24-a.pdf
2025-09-24,037,RANCHO ARRIBA,SAN JOSÉ DE OCOA,CENTRO TECNOLÓGICO COMUNITARIO,EMCI,32.0,19.1,5.7,https://indomet.gob.do/wp-content/uploads/2025/09/temperaturas-extremas-y-precipitaciones-2025x09x24-a.pdf
2025-09-24,038,ARROYO LORO,SAN JUAN,IDIAF,EMCI,34.9,21.0,4.9,https://indomet.gob.do/wp-content/uploads/2025/09/temperaturas-extremas-y-precipitaciones-2025x09x24-a.pdf
2025-09-24,039,PESCADERIA (EMA),BARAHONA,MINISTERIO DE AGRICULTURA,EMAP,36.1,,4.6,https://indomet.gob.do/wp-content/uploads/2025/09/temperaturas-extremas-y-precipitaciones-2025x09x24-a.pdf
2025-09-24,040,RÍO SAN JUAN,MARÍA TRINIDAD SÁNCHEZ,HOSP. MPAL. DR. DESIDERIO ACOSTA,EMCV,32.8,24.4,4.6,https://indomet.gob.do/wp-content/uploads/2025/09/temperaturas-extremas-y-precipitaciones-2025x09x24-a.pdf
2025-09-24,041,EL CERCADO,SAN JUAN,MINISTERIO DE AGRICULTURA,EMCV,,,4.0,https://indomet.gob.do/wp-content/uploads/2025/09/temperaturas-extremas-y-precipitaciones-2025x09x24-a.pdf
2025-09-24,042,TÁBARA ABAJO,AZUA,INDRHI,EMCI,32.5,20.0,4.0,https://indomet.gob.do/wp-content/uploads/2025/09/temperaturas-extremas-y-precipitaciones-2025x09x24-a.pdf
2025-09-24,043,SAN FRANCISCO DE MACORÍS,DUARTE,San Francisco de Macorís (UASD),EMCI,27.0,24.2,3.0,https://indomet.gob.do/wp-content/uploads/2025/09/temperaturas-extremas-y-precipitaciones-2025x09x24-a.pdf
2025-09-24,044,HONDO VALLE,ELÍAS PIÑA,MINISTERIO DE AGRICULTURA,EMCI,27.5,18.7,2.8,https://indomet.gob.do/wp-content/uploads/2025/09/temperaturas-extremas-y-precipitaciones-2025x09x24-a.pdf
2025-09-24,045,JARDÍN BOTÁNICO NACIONAL,DISTRITO NACIONAL,JARDÍN BOTÁNICO NACIONAL,EMCV,33.7,23.2,2.4,https://indomet.gob.do/wp-content/uploads/2025/09/temperaturas-extremas-y-precipitaciones-2025x09x24-a.pdf
2025-09-24,046,JARABACOA,LA VEGA,INDRHI / MARENA,EMCI,33.0,19.0,2.1,https://indomet.gob.do/wp-content/uploads/2025/09/temperaturas-extremas-y-precipitaciones-2025x09x24-a.pdf
2025-09-24,047,BONAO,MONSEÑOR NOUEL,MINISTERIO DE AGRICULTURA,EMCV,,,2.0,https://indomet.gob.do/wp-content/uploads/2025/09/temperaturas-extremas-y-precipitaciones-2025x09x24-a.pdf
2025-09-24,048,CENTRO DE LOS HEROES (EMA),DISTRITO NACIONAL,MINISTERIO DE ENERGIA Y MINA,EMAP,33.6,26.1,2.0,https://indomet.gob.do/wp-content/uploads/2025/09/temperaturas-extremas-y-precipitaciones-2025x09x24-a.pdf
2025-09-24,049,JARABACOA (EMA),LA VEGA,PROGRAMA MUNDIAL DE ALIMENTO,EMAP,31.6,19.9,2.0,https://indomet.gob.do/wp-content/uploads/2025/09/temperaturas-extremas-y-precipitaciones-2025x09x24-a.pdf
2025-09-24,050,PRESA DE TAVERAS (EMA),LA VEGA,PROGRAMA MUNDIAL DE ALIMENTO,EMAP,33.2,,2.0,https://indomet.gob.do/wp-content/uploads/2025/09/temperaturas-extremas-y-precipitaciones-2025x09x24-a.pdf
2025-09-24,051,VALLE NUEVO (EMA),LA VEGA,MARENA,EMAI,,,2.0,https://indomet.gob.do/wp-content/uploads/2025/09/temperaturas-extremas-y-precipitaciones-2025x09x24-a.pdf
2025-09-24,052,ARPT. DEL CIBAO,SANTIAGO,INDOMET,EMCI,35.4,22.5,1.7,https://indomet.gob.do/wp-content/uploads/2025/09/temperaturas-extremas-y-precipitaciones-2025x09x24-a.pdf
2025-09-24,053,SANTO DOMINGO ESTE,SANTO DOMINGO,INDOMET,EMCI,34.0,24.8,1.6,https://indomet.gob.do/wp-content/uploads/2025/09/temperaturas-extremas-y-precipitaciones-2025x09x24-a.pdf
2025-09-24,054,ARPT. DE LAS AMÉRICAS,SANTO DOMINGO,INDOMET,EMCI,33.5,24.2,1.3,https://indomet.gob.do/wp-content/uploads/2025/09/temperaturas-extremas-y-precipitaciones-2025x09x24-a.pdf
2025-09-24,055,JIMANÍ,INDEPENDENCIA,MINISTERIO DE AGRICULTURA,EMCI,37.6,25.0,1.3,https://indomet.gob.do/wp-content/uploads/2025/09/temperaturas-extremas-y-precipitaciones-2025x09x24-a.pdf
2025-09-24,056,NAVARRETE,SANTIAGO,MINISTERIO DE AGRICULTURA,EMCV,,,1.3,https://indomet.gob.do/wp-content/uploads/2025/09/temperaturas-extremas-y-precipitaciones-2025x09x24-a.pdf
2025-09-24,057,ALTAMIRA,PUERTO PLATA,HOSP. MPAL. DE ALTAMIRA,EMCI,33.4,22.5,1.0,https://indomet.gob.do/wp-content/uploads/2025/09/temperaturas-extremas-y-precipitaciones-2025x09x24-a.pdf
2025-09-24,058,CABRAL,BARAHONA,MINISTERIO DE AGRICULTURA,EMCV,36.8,24.6,1.0,https://indomet.gob.do/wp-content/uploads/2025/09/temperaturas-extremas-y-precipitaciones-2025x09x24-a.pdf
2025-09-24,059,OVIEDO,PEDERNALES,CLÍNICA RURAL OVIEDO,EMCI,34.8,23.5,0.6,https://indomet.gob.do/wp-content/uploads/2025/09/temperaturas-extremas-y-precipitaciones-2025x09x24-a.pdf
2025-09-24,060,BAYAGUANA,MONTE PLATA,INDOMET,EMCI,32.2,22.5,0.5,https://indomet.gob.do/wp-content/uploads/2025/09/temperaturas-extremas-y-precipitaciones-2025x09x24-a.pdf
2025-09-24,061,PERALTA,AZUA,HOSP. MPAL. DE PERALTA,EMCI,34.3,20.4,0.4,https://indomet.gob.do/wp-content/uploads/2025/09/temperaturas-extremas-y-precipitaciones-2025x09x24-a.pdf
2025-09-24,062,CONSTANZA,LA VEGA,MINISTERIO DE AGRICULTURA,EMCI,,15.2,0.2,https://indomet.gob.do/wp-content/uploads/2025/09/temperaturas-extremas-y-precipitaciones-2025x09x24-a.pdf
2025-09-24,063,POLO,BARAHONA,INDOCAFE,EMCI,32.0,19.3,0.2,https://indomet.gob.do/wp-content/uploads/2025/09/temperaturas-extremas-y-precipitaciones-2025x09x24-a.pdf
2025-09-24,064,SANTIAGO,SANTIAGO,HUACALITO,EMCI,,,0.1,https://indomet.gob.do/wp-content/uploads/2025/09/temperaturas-extremas-y-precipitaciones-2025x09x24-a.pdf
2025-09-24,065,ARPT. LA ISABELA,SANTO DOMINGO,INDOMET,EMCI,35.0,24.2,0.0,https://indomet.gob.do/wp-content/uploads/2025/09/temperaturas-extremas-y-precipitaciones-2025x09x24-a.pdf
2025-09-24,066,BASE AÉREA DE SAN ISIDRO,SANTO DOMINGO,FUERZA AÉREA DOMINICANA,EMCV,32.9,24.6,0.0,https://indomet.gob.do/wp-content/uploads/2025/09/temperaturas-extremas-y-precipitaciones-2025x09x24-a.pdf
2025-09-24,067,BOCA DE MAO (EMA),VALVERDE,MINISTERIO DE AGRICULTURA,EMAP,37.1,23.6,0.0,https://indomet.gob.do/wp-content/uploads/2025/09/temperaturas-extremas-y-precipitaciones-2025x09x24-a.pdf
2025-09-24,068,CONSTANZA (EMA),LA VEGA,PROGRAMA MUNDIAL DE ALIMENTO,EMAP,28.2,16.5,0.0,https://indomet.gob.do/wp-content/uploads/2025/09/temperaturas-extremas-y-precipitaciones-2025x09x24-a.pdf
2025-09-24,069,DAJABÓN,DAJABÓN,INSTITUTO POLITÉCNICO LOYOLA,EMCI,34.8,20.6,0.0,https://indomet.gob.do/wp-content/uploads/2025/09/temperaturas-extremas-y-precipitaciones-2025x09x24-a.pdf
2025-09-24,070,ELÍAS PIÑA,ELÍAS PIÑA,MINISTERIO DE AGRICULTURA,EMCV,,,0.0,https://indomet.gob.do/wp-content/uploads/2025/09/temperaturas-extremas-y-precipitaciones-2025x09x24-a.pdf
2025-09-24,071,ESCONDIDO,PERAVIA,MINISTERIO DE AGRICULTURA,EMCV,35.0,26.0,0.0,https://indomet.gob.do/wp-content/uploads/2025/09/temperaturas-extremas-y-precipitaciones-2025x09x24-a.pdf
2025-09-24,072,GURABO,SANTIAGO,MINISTERIO DE AGRICULTURA,EMCV,,,0.0,https://indomet.gob.do/wp-content/uploads/2025/09/temperaturas-extremas-y-precipitaciones-2025x09x24-a.pdf
2025-09-24,073,JIMA ABAJO,LA VEGA,INDOMET,EMCI,33.6,23.0,0.0,https://indomet.gob.do/wp-content/uploads/2025/09/temperaturas-extremas-y-precipitaciones-2025x09x24-a.pdf
2025-09-24,074,LA VICTORIA,SANTO DOMINGO,CUERPO DE BOMBEROS,EMCI,32.5,24.5,0.0,https://indomet.gob.do/wp-content/uploads/2025/09/temperaturas-extremas-y-precipitaciones-2025x09x24-a.pdf
2025-09-24,075,LAS CANAS (EMA),MONTE CRISTI,PROGRAMA MUNDIAL DE ALIMENTO,EMAP,31.8,24.4,0.0,https://indomet.gob.do/wp-content/uploads/2025/09/temperaturas-extremas-y-precipitaciones-2025x09x24-a.pdf
2025-09-24,076,LAS MATAS DE SANTA CRUZ (EMA,MONTE CRISTI,PROGRAMA MUNDIAL DE ALIMENTO,EMAP,,,0.0,https://indomet.gob.do/wp-content/uploads/2025/09/temperaturas-extremas-y-precipitaciones-2025x09x24-a.pdf
2025-09-24,077,MAO,VALVERDE,INDRHI / MINISTERIO DE AGRICULTURA,EMCV,,,0.0,https://indomet.gob.do/wp-content/uploads/2025/09/temperaturas-extremas-y-precipitaciones-2025x09x24-a.pdf
2025-09-24,078,MONCIÓN,SANTIAGO RODRÍGUEZ,HOSP. MPAL. MONCIÓN,EMCV,,,0.0,https://indomet.gob.do/wp-content/uploads/2025/09/temperaturas-extremas-y-precipitaciones-2025x09x24-a.pdf
2025-09-24,079,MONCIÓN (EMA),SANTIAGO RODRÍGUEZ,PROGRAMA MUNDIAL DE ALIMENTO,EMAP,33.1,21.8,0.0,https://indomet.gob.do/wp-content/uploads/2025/09/temperaturas-extremas-y-precipitaciones-2025x09x24-a.pdf
2025-09-24,080,MONTE CRISTI,MONTE CRISTI,INDOMET,EMCI,35.0,25.7,0.0,https://indomet.gob.do/wp-content/uploads/2025/09/temperaturas-extremas-y-precipitaciones-2025x09x24-a.pdf
2025-09-24,081,PONTÓN ABAJO (EMA),LA VEGA,MINISTERIO DE AGRICULTURA,EMAP,36.2,21.9,0.0,https://indomet.gob.do/wp-content/uploads/2025/09/temperaturas-extremas-y-precipitaciones-2025x09x24-a.pdf
2025-09-24,082,RESTAURACIÓN,DAJABÓN,MINISTERIO DE AGRICULTURA,EMCI,30.1,17.9,0.0,https://indomet.gob.do/wp-content/uploads/2025/09/temperaturas-extremas-y-precipitaciones-2025x09x24-a.pdf
2025-09-24,083,SABANETA (EMA),SANTIAGO RODRÍGUEZ,PROGRAMA MUNDIAL DE ALIMENTO,EMAP,,,0.0,https://indomet.gob.do/wp-content/uploads/2025/09/temperaturas-extremas-y-precipitaciones-2025x09x24-a.pdf
2025-09-24,084,SAN CRISTÓBAL,SAN CRISTÓBAL,INSTITUTO POLITÉCNICO LOYOLA,EMCI,,22.2,0.0,https://indomet.gob.do/wp-content/uploads/2025/09/temperaturas-extremas-y-precipitaciones-2025x09x24-a.pdf
2025-09-24,085,SAN JOSÉ DE OCOA,SAN JOSÉ DE OCOA,HOSP. SAN JOSÉ DE OCOA,EMCI,33.8,19.7,0.0,https://indomet.gob.do/wp-content/uploads/2025/09/temperaturas-extremas-y-precipitaciones-2025x09x24-a.pdf
2025-09-24,086,SANTIAGO RODRÍGUEZ,SANTIAGO RODRÍGUEZ,INDOMET,EMCI,36.0,24.0,0.0,https://indomet.gob.do/wp-content/uploads/2025/09/temperaturas-extremas-y-precipitaciones-2025x09x24-a.pdf
2025-09-24,087,TAVERA,SANTIAGO,INDRHI,EMCI,,,0.0,https://indomet.gob.do/wp-content/uploads/2025/09/temperaturas-extremas-y-precipitaciones-2025x09x24-a.pdf
2025-09-24,088,VILLA ALTAGRACIA,SAN CRISTÓBAL,ESCUELA JAVIER ANGULO GURIDI,EMCI,,,0.0,https://indomet.gob.do/wp-content/uploads/2025/09/temperaturas-extremas-y-precipitaciones-2025x09x24-a.pdf
2025-09-24,089,VILLA GONZALES,SANTIAGO,MINISTERIO DE AGRICULTURA,EMCI,,,0.0,https://indomet.gob.do/wp-content/uploads/2025/09/temperaturas-extremas-y-precipitaciones-2025x09x24-a.pdf
2025-09-24,090,VILLA ISABELA,PUERTO PLATA,MINISTERIO DE AGRICULTURA,EMCV,,,0.0,https://indomet.gob.do/wp-content/uploads/2025/09/temperaturas-extremas-y-precipitaciones-2025x09x24-a.pdf
2025-09-25,001,OVIEDO,PEDERNALES,CLÍNICA RURAL OVIEDO,EMCI,32.5,22.0,513.2,https://indomet.gob.do/wp-content/uploads/2025/09/temperaturas-extremas-y-precipitaciones-2025x09x25-b.pdf
2025-09-25,002,ENRIQUILLO,BARAHONA,MINISTERIO DE AGRICULTURA,EMCV,30.0,20.5,286.0,https://indomet.gob.do/wp-content/uploads/2025/09/temperaturas-extremas-y-precipitaciones-2025x09x25-b.pdf
2025-09-25,003,PERALTA,AZUA,HOSP. MPAL. DE PERALTA,EMCI,30.3,20.0,146.4,https://indomet.gob.do/wp-content/uploads/2025/09/temperaturas-extremas-y-precipitaciones-2025x09x25-b.pdf
2025-09-25,004,CASA DE CAMPO POLO FIELDS,LA ROMANA,PRIVADA,EMAP,,,120.4,https://indomet.gob.do/wp-content/uploads/2025/09/temperaturas-extremas-y-precipitaciones-2025x09x25-b.pdf
2025-09-25,005,RANCHO ARRIBA,SAN JOSÉ DE OCOA,CENTRO TECNOLÓGICO COMUNITARIO,EMCI,30.3,19.2,109.3,https://indomet.gob.do/wp-content/uploads/2025/09/temperaturas-extremas-y-precipitaciones-2025x09x25-b.pdf
2025-09-25,006,ARPT. DE LA ROMANA,LA ROMANA,INDOMET,EMCI,25.0,22.0,103.8,https://indomet.gob.do/wp-content/uploads/2025/09/temperaturas-extremas-y-precipitaciones-2025x09x25-b.pdf
2025-09-25,007,ARPT. MARÍA MONTEZ,BARAHONA,INDOMET,EMCI,32.4,24.6,102.8,https://indomet.gob.do/wp-content/uploads/2025/09/temperaturas-extremas-y-precipitaciones-2025x09x25-b.pdf
2025-09-25,008,ARPT. DE PUNTA CANA,LA ALTAGRACIA,INDOMET,EMCI,27.6,21.5,97.8,https://indomet.gob.do/wp-content/uploads/2025/09/temperaturas-extremas-y-precipitaciones-2025x09x25-b.pdf
2025-09-25,009,EL LUCERO,SAN JUAN,PRIVADA,EMAP,,,93.3,https://indomet.gob.do/wp-content/uploads/2025/09/temperaturas-extremas-y-precipitaciones-2025x09x25-b.pdf
2025-09-25,010,PADRE LAS CASAS,AZUA,HOSP. NTRA. SRA. DEL CARMEN,EMCI,31.0,21.0,92.4,https://indomet.gob.do/wp-content/uploads/2025/09/temperaturas-extremas-y-precipitaciones-2025x09x25-b.pdf
2025-09-25,011,SAN JOSÉ DE OCOA,SAN JOSÉ DE OCOA,HOSP. SAN JOSÉ DE OCOA,EMCI,30.1,19.0,90.6,https://indomet.gob.do/wp-content/uploads/2025/09/temperaturas-extremas-y-precipitaciones-2025x09x25-b.pdf
2025-09-25,012,BAYAHÍBE,LA ALTAGRACIA,PRIVADA,EMAP,,,90.4,https://indomet.gob.do/wp-content/uploads/2025/09/temperaturas-extremas-y-precipitaciones-2025x09x25-b.pdf
2025-09-25,013,ANAMUYA (EMA),LA ALTAGRACIA,MINISTERIO DE AGRICULTURA,EMAP,22.9,16.6,88.2,https://indomet.gob.do/wp-content/uploads/2025/09/temperaturas-extremas-y-precipitaciones-2025x09x25-b.pdf
2025-09-25,014,SAN RAFAEL DEL YUMA,LA ALTAGRACIA,MINISTERIO DE AGRICULTURA,EMCI,32.1,22.0,87.2,https://indomet.gob.do/wp-content/uploads/2025/09/temperaturas-extremas-y-precipitaciones-2025x09x25-b.pdf
2025-09-25,015,VALLE NUEVO (EMA),LA VEGA,MARENA,EMAI,19.8,11.4,86.6,https://indomet.gob.do/wp-content/uploads/2025/09/temperaturas-extremas-y-precipitaciones-2025x09x25-b.pdf
2025-09-25,016,JIMANÍ,INDEPENDENCIA,MINISTERIO DE AGRICULTURA,EMCI,35.0,22.8,83.9,https://indomet.gob.do/wp-content/uploads/2025/09/temperaturas-extremas-y-precipitaciones-2025x09x25-b.pdf
2025-09-25,017,ALTO BANDERA (EMA),LA VEGA,INTEC,EMAP,15.1,8.6,81.5,https://indomet.gob.do/wp-content/uploads/2025/09/temperaturas-extremas-y-precipitaciones-2025x09x25-b.pdf
2025-09-25,018,CONSTANZA,LA VEGA,MINISTERIO DE AGRICULTURA,EMCI,29.4,16.5,77.6,https://indomet.gob.do/wp-content/uploads/2025/09/temperaturas-extremas-y-precipitaciones-2025x09x25-b.pdf
2025-09-25,019,POLO,BARAHONA,INDOCAFE,EMCI,32.0,19.0,75.5,https://indomet.gob.do/wp-content/uploads/2025/09/temperaturas-extremas-y-precipitaciones-2025x09x25-b.pdf
2025-09-25,020,RESTAURACIÓN,DAJABÓN,MINISTERIO DE AGRICULTURA,EMCI,30.5,18.6,70.1,https://indomet.gob.do/wp-content/uploads/2025/09/temperaturas-extremas-y-precipitaciones-2025x09x25-b.pdf
2025-09-25,021,CONSTANZA (EMA),LA VEGA,PROGRAMA MUNDIAL DE ALIMENTO,EMAP,27.8,17.4,70.0,https://indomet.gob.do/wp-content/uploads/2025/09/temperaturas-extremas-y-precipitaciones-2025x09x25-b.pdf
2025-09-25,022,JARDÍN BOTÁNICO NACIONAL,DISTRITO NACIONAL,JARDÍN BOTÁNICO NACIONAL,EMCV,28.0,21.9,67.8,https://indomet.gob.do/wp-content/uploads/2025/09/temperaturas-extremas-y-precipitaciones-2025x09x25-b.pdf
2025-09-25,023,ELÍAS PIÑA,ELÍAS PIÑA,MINISTERIO DE AGRICULTURA,EMCV,,,64.8,https://indomet.gob.do/wp-content/uploads/2025/09/temperaturas-extremas-y-precipitaciones-2025x09x25-b.pdf
2025-09-25,024,BANI (EMA),PERAVIA,MINISTERIO DE AGRICULTURA,EMAP,,,64.2,https://indomet.gob.do/wp-content/uploads/2025/09/temperaturas-extremas-y-precipitaciones-2025x09x25-b.pdf
2025-09-25,025,VILLA GONZALES,SANTIAGO,MINISTERIO DE AGRICULTURA,EMCI,,,60.2,https://indomet.gob.do/wp-content/uploads/2025/09/temperaturas-extremas-y-precipitaciones-2025x09x25-b.pdf
2025-09-25,026,LOS LLANOS,SAN PEDRO DE MACORÍS,MINISTERIO DE AGRICULTURA,EMCI,25.0,22.2,58.8,https://indomet.gob.do/wp-content/uploads/2025/09/temperaturas-extremas-y-precipitaciones-2025x09x25-b.pdf
2025-09-25,027,SAN CRISTÓBAL,SAN CRISTÓBAL,INSTITUTO POLITÉCNICO LOYOLA,EMCI,32.2,22.2,55.4,https://indomet.gob.do/wp-content/uploads/2025/09/temperaturas-extremas-y-precipitaciones-2025x09x25-b.pdf
2025-09-25,028,PASO AL MEDIO,SAN PEDRO DE MACORÍS,INDRHI,EMCI,,,55.2,https://indomet.gob.do/wp-content/uploads/2025/09/temperaturas-extremas-y-precipitaciones-2025x09x25-b.pdf
2025-09-25,029,VILLA ALTAGRACIA,SAN CRISTÓBAL,ESCUELA JAVIER ANGULO GURIDI,EMCI,,,49.0,https://indomet.gob.do/wp-content/uploads/2025/09/temperaturas-extremas-y-precipitaciones-2025x09x25-b.pdf
2025-09-25,030,TAMBORIL,SANTIAGO,MINISTERIO DE AGRICULTURA,EMCV,,,43.2,https://indomet.gob.do/wp-content/uploads/2025/09/temperaturas-extremas-y-precipitaciones-2025x09x25-b.pdf
2025-09-25,031,ARPT. DE LAS AMÉRICAS,SANTO DOMINGO,INDOMET,EMCI,26.0,22.8,41.0,https://indomet.gob.do/wp-content/uploads/2025/09/temperaturas-extremas-y-precipitaciones-2025x09x25-b.pdf
2025-09-25,032,LOS TRES CHARCOS (EMA),PEDERNALES,PROPIEDAD DEL VOLUNTARIO,EMAP,32.1,21.7,40.0,https://indomet.gob.do/wp-content/uploads/2025/09/temperaturas-extremas-y-precipitaciones-2025x09x25-b.pdf
2025-09-25,033,CABRAL,BARAHONA,MINISTERIO DE AGRICULTURA,EMCV,33.8,23.9,40.0,https://indomet.gob.do/wp-content/uploads/2025/09/temperaturas-extremas-y-precipitaciones-2025x09x25-b.pdf
2025-09-25,034,CABRERA,MARÍA TRINIDAD SÁNCHEZ,ESCUELA ARÍSTIDES FIALLO CABRAL,EMCI,29.0,24.5,38.9,https://indomet.gob.do/wp-content/uploads/2025/09/temperaturas-extremas-y-precipitaciones-2025x09x25-b.pdf
2025-09-25,035,CENTRO DE LOS HEROES (EMA),DISTRITO NACIONAL,MINISTERIO DE ENERGIA Y MINA,EMAP,28.0,23.8,37.6,https://indomet.gob.do/wp-content/uploads/2025/09/temperaturas-extremas-y-precipitaciones-2025x09x25-b.pdf
2025-09-25,036,PEDERNALES,PEDERNALES,INDRHI,EMCI,,,30.0,https://indomet.gob.do/wp-content/uploads/2025/09/temperaturas-extremas-y-precipitaciones-2025x09x25-b.pdf
2025-09-25,037,OLIVARES,PEDERNALES,INDRHI,EMCI,,,29.0,https://indomet.gob.do/wp-content/uploads/2025/09/temperaturas-extremas-y-precipitaciones-2025x09x25-b.pdf
2025-09-25,038,LAS MATAS DE FARFÁN,SAN JUAN,MINISTERIO DE AGRICULTURA,EMCV,,,26.7,https://indomet.gob.do/wp-content/uploads/2025/09/temperaturas-extremas-y-precipitaciones-2025x09x25-b.pdf
2025-09-25,039,GURABO,SANTIAGO,MINISTERIO DE AGRICULTURA,EMCV,,,24.1,https://indomet.gob.do/wp-content/uploads/2025/09/temperaturas-extremas-y-precipitaciones-2025x09x25-b.pdf
2025-09-25,040,MONCIÓN (EMA),SANTIAGO RODRÍGUEZ,PROGRAMA MUNDIAL DE ALIMENTO,EMAP,30.2,22.1,23.6,https://indomet.gob.do/wp-content/uploads/2025/09/temperaturas-extremas-y-precipitaciones-2025x09x25-b.pdf
2025-09-25,041,HATO MAYOR,HATO MAYOR,MINISTERIO DE AGRICULTURA,EMCV,,,22.6,https://indomet.gob.do/wp-content/uploads/2025/09/temperaturas-extremas-y-precipitaciones-2025x09x25-b.pdf
2025-09-25,042,BONAO,MONSEÑOR NOUEL,MINISTERIO DE AGRICULTURA,EMCV,,,22.4,https://indomet.gob.do/wp-content/uploads/2025/09/temperaturas-extremas-y-precipitaciones-2025x09x25-b.pdf
2025-09-25,043,ARPT. LA ISABELA,SANTO DOMINGO,INDOMET,EMCI,29.5,24.2,19.6,https://indomet.gob.do/wp-content/uploads/2025/09/temperaturas-extremas-y-precipitaciones-2025x09x25-b.pdf
2025-09-25,044,BAYAGUANA,MONTE PLATA,INDOMET,EMCI,31.0,24.0,18.4,https://indomet.gob.do/wp-content/uploads/2025/09/temperaturas-extremas-y-precipitaciones-2025x09x25-b.pdf
2025-09-25,045,DAJABÓN,DAJABÓN,INSTITUTO POLITÉCNICO LOYOLA,EMCI,33.9,19.6,18.4,https://indomet.gob.do/wp-content/uploads/2025/09/temperaturas-extremas-y-precipitaciones-2025x09x25-b.pdf
2025-09-25,046,SAMANÁ,SAMANÁ,COMANDANCIA DE PUERTO DE SAMANÁ,EMCI,28.3,20.5,17.6,https://indomet.gob.do/wp-content/uploads/2025/09/temperaturas-extremas-y-precipitaciones-2025x09x25-b.pdf
2025-09-25,047,EL SEIBO,EL SEIBO,MINISTERIO DE AGRICULTURA,EMCV,,,17.3,https://indomet.gob.do/wp-content/uploads/2025/09/temperaturas-extremas-y-precipitaciones-2025x09x25-b.pdf
2025-09-25,048,LA VICTORIA,SANTO DOMINGO,CUERPO DE BOMBEROS,EMCI,28.0,22.0,15.4,https://indomet.gob.do/wp-content/uploads/2025/09/temperaturas-extremas-y-precipitaciones-2025x09x25-b.pdf
2025-09-25,049,SANTIAGO,SANTIAGO,HUACALITO,EMCI,,,11.6,https://indomet.gob.do/wp-content/uploads/2025/09/temperaturas-extremas-y-precipitaciones-2025x09x25-b.pdf
2025-09-25,050,HONDO VALLE,ELÍAS PIÑA,MINISTERIO DE AGRICULTURA,EMCI,27.8,18.2,11.4,https://indomet.gob.do/wp-content/uploads/2025/09/temperaturas-extremas-y-precipitaciones-2025x09x25-b.pdf
2025-09-25,051,LOS JENGIBRES,NAGUA,INDRHI,EMCI,,,10.2,https://indomet.gob.do/wp-content/uploads/2025/09/temperaturas-extremas-y-precipitaciones-2025x09x25-b.pdf
2025-09-25,052,RÍO SAN JUAN,MARÍA TRINIDAD SÁNCHEZ,HOSP. MPAL. DR. DESIDERIO ACOSTA,EMCV,30.5,24.0,8.8,https://indomet.gob.do/wp-content/uploads/2025/09/temperaturas-extremas-y-precipitaciones-2025x09x25-b.pdf
2025-09-25,053,VILLA RIVA,DUARTE,HOSP. MPAL. ALICIA DE LEGENDRE,EMCI,29.3,22.0,8.1,https://indomet.gob.do/wp-content/uploads/2025/09/temperaturas-extremas-y-precipitaciones-2025x09x25-b.pdf
2025-09-25,054,SABANETA (EMA),SANTIAGO RODRÍGUEZ,PROGRAMA MUNDIAL DE ALIMENTO,EMAP,34.9,23.6,7.6,https://indomet.gob.do/wp-content/uploads/2025/09/temperaturas-extremas-y-precipitaciones-2025x09x25-b.pdf
2025-09-25,055,JARABACOA,LA VEGA,INDRHI / MARENA,EMCI,30.8,20.2,7.5,https://indomet.gob.do/wp-content/uploads/2025/09/temperaturas-extremas-y-precipitaciones-2025x09x25-b.pdf
2025-09-25,056,SANTIAGO RODRÍGUEZ,SANTIAGO RODRÍGUEZ,INDOMET,EMCI,35.1,23.5,7.5,https://indomet.gob.do/wp-content/uploads/2025/09/temperaturas-extremas-y-precipitaciones-2025x09x25-b.pdf
2025-09-25,057,MICHES (EMA),EL SEIBO,PRIVADA,EMAP,25.5,22.9,7.2,https://indomet.gob.do/wp-content/uploads/2025/09/temperaturas-extremas-y-precipitaciones-2025x09x25-b.pdf
2025-09-25,058,JIMA ABAJO,LA VEGA,INDOMET,EMCI,33.1,22.5,7.0,https://indomet.gob.do/wp-content/uploads/2025/09/temperaturas-extremas-y-precipitaciones-2025x09x25-b.pdf
2025-09-25,059,SANTO DOMINGO ESTE,SANTO DOMINGO,INDOMET,EMCI,34.5,25.2,6.5,https://indomet.gob.do/wp-content/uploads/2025/09/temperaturas-extremas-y-precipitaciones-2025x09x25-b.pdf
2025-09-25,060,NAVARRETE,SANTIAGO,MINISTERIO DE AGRICULTURA,EMCV,,,5.8,https://indomet.gob.do/wp-content/uploads/2025/09/temperaturas-extremas-y-precipitaciones-2025x09x25-b.pdf
2025-09-25,061,ARPT. EL CATEY,SAMANÁ,INDOMET,EMCI,27.2,22.5,5.8,https://indomet.gob.do/wp-content/uploads/2025/09/temperaturas-extremas-y-precipitaciones-2025x09x25-b.pdf
2025-09-25,062,EL FACTOR (EMA),MARÍA TRINIDAD SÁNCHEZ,INTEC,EMAP,28.1,23.2,5.6,https://indomet.gob.do/wp-content/uploads/2025/09/temperaturas-extremas-y-precipitaciones-2025x09x25-b.pdf
2025-09-25,063,SALCEDO,HERMANAS MIRABAL,PROPIEDAD DEL EMPLEADO,EMCI,,,5.6,https://indomet.gob.do/wp-content/uploads/2025/09/temperaturas-extremas-y-precipitaciones-2025x09x25-b.pdf
2025-09-25,064,LA VEGA,LA VEGA,IATESA,EMCI,34.5,23.0,5.1,https://indomet.gob.do/wp-content/uploads/2025/09/temperaturas-extremas-y-precipitaciones-2025x09x25-b.pdf
2025-09-25,065,SAN FRANCISCO DE MACORÍS,DUARTE,San Francisco de Macorís (UASD),EMCI,25.8,22.7,4.2,https://indomet.gob.do/wp-content/uploads/2025/09/temperaturas-extremas-y-precipitaciones-2025x09x25-b.pdf
2025-09-25,066,GASPAR HERNÁNDEZ,ESPAILLAT,PROPIEDAD DEL EMPLEADO,EMCI,,,4.2,https://indomet.gob.do/wp-content/uploads/2025/09/temperaturas-extremas-y-precipitaciones-2025x09x25-b.pdf
2025-09-25,067,SABANA GRANDE DE BOYÁ,MONTE PLATA,MINISTERIO DE AGRICULTURA,EMCV,,,3.8,https://indomet.gob.do/wp-content/uploads/2025/09/temperaturas-extremas-y-precipitaciones-2025x09x25-b.pdf
2025-09-25,068,SÁNCHEZ,SAMANÁ,MINISTERIO DE AGRICULTURA,EMCI,29.2,19.8,3.8,https://indomet.gob.do/wp-content/uploads/2025/09/temperaturas-extremas-y-precipitaciones-2025x09x25-b.pdf
2025-09-25,069,BASE AÉREA DE SAN ISIDRO,SANTO DOMINGO,FUERZA AÉREA DOMINICANA,EMCV,26.0,18.0,3.6,https://indomet.gob.do/wp-content/uploads/2025/09/temperaturas-extremas-y-precipitaciones-2025x09x25-b.pdf
2025-09-25,070,PRESA DE TAVERAS (EMA),LA VEGA,PROGRAMA MUNDIAL DE ALIMENTO,EMAP,29.6,21.6,3.2,https://indomet.gob.do/wp-content/uploads/2025/09/temperaturas-extremas-y-precipitaciones-2025x09x25-b.pdf
2025-09-25,071,ALTAMIRA,PUERTO PLATA,HOSP. MPAL. DE ALTAMIRA,EMCI,29.6,22.7,2.9,https://indomet.gob.do/wp-content/uploads/2025/09/temperaturas-extremas-y-precipitaciones-2025x09x25-b.pdf
2025-09-25,072,SABANA DE LA MAR,HATO MAYOR,INDOMET,EMCI,30.0,23.0,2.8,https://indomet.gob.do/wp-content/uploads/2025/09/temperaturas-extremas-y-precipitaciones-2025x09x25-b.pdf
2025-09-25,073,ARPT. ARROYO BARRIL,SAMANÁ,INDOMET,EMCI,27.0,24.0,2.1,https://indomet.gob.do/wp-content/uploads/2025/09/temperaturas-extremas-y-precipitaciones-2025x09x25-b.pdf
2025-09-25,074,TÁBARA ABAJO,AZUA,INDRHI,EMCI,34.5,22.0,1.8,https://indomet.gob.do/wp-content/uploads/2025/09/temperaturas-extremas-y-precipitaciones-2025x09x25-b.pdf
2025-09-25,075,PALO ÍNDIO,PUERTO PLATA,MINISTERIO DE AGRICULTURA,EMCI,,,1.8,https://indomet.gob.do/wp-content/uploads/2025/09/temperaturas-extremas-y-precipitaciones-2025x09x25-b.pdf
2025-09-25,076,ARPT. DEL CIBAO,SANTIAGO,INDOMET,EMCI,32.8,22.8,1.6,https://indomet.gob.do/wp-content/uploads/2025/09/temperaturas-extremas-y-precipitaciones-2025x09x25-b.pdf
2025-09-25,077,MAO,VALVERDE,INDRHI / MINISTERIO DE AGRICULTURA,EMCV,,,1.3,https://indomet.gob.do/wp-content/uploads/2025/09/temperaturas-extremas-y-precipitaciones-2025x09x25-b.pdf
2025-09-25,078,BOCA DE MAO (EMA),VALVERDE,MINISTERIO DE AGRICULTURA,EMAP,33.7,23.7,1.2,https://indomet.gob.do/wp-content/uploads/2025/09/temperaturas-extremas-y-precipitaciones-2025x09x25-b.pdf
2025-09-25,079,ARPT. GREGORIO LUPERÓN,PUERTO PLATA,INDOMET,EMCI,29.5,24.0,0.9,https://indomet.gob.do/wp-content/uploads/2025/09/temperaturas-extremas-y-precipitaciones-2025x09x25-b.pdf
2025-09-25,080,MONTE CRISTI,MONTE CRISTI,INDOMET,EMCI,34.0,25.7,0.1,https://indomet.gob.do/wp-content/uploads/2025/09/temperaturas-extremas-y-precipitaciones-2025x09x25-b.pdf
2025-09-25,081,LAS CANAS (EMA),MONTE CRISTI,PROGRAMA MUNDIAL DE ALIMENTO,EMAP,,,0.0,https://indomet.gob.do/wp-content/uploads/2025/09/temperaturas-extremas-y-precipitaciones-2025x09x25-b.pdf
2025-09-25,082,LAS MATAS DE SANTA CRUZ (EMA,MONTE CRISTI,PROGRAMA MUNDIAL DE ALIMENTO,EMAP,,,0.0,https://indomet.gob.do/wp-content/uploads/2025/09/temperaturas-extremas-y-precipitaciones-2025x09x25-b.pdf
2025-09-25,083,VILLA ISABELA,PUERTO PLATA,MINISTERIO DE AGRICULTURA,EMCV,,,0.0,https://indomet.gob.do/wp-content/uploads/2025/09/temperaturas-extremas-y-precipitaciones-2025x09x25-b.pdf
2025-09-26,001,SANTO DOMINGO ESTE,SANTO DOMINGO,INDOMET,EMCI,26.6,23.2,125.4,https://indomet.gob.do/wp-content/uploads/2025/09/temperaturas-extremas-y-precipitaciones-2025x09x26-a.pdf
2025-09-26,002,CENTRO DE LOS HEROES (EMA),DISTRITO NACIONAL,MINISTERIO DE ENERGIA Y MINA,EMAP,26.3,25.0,93.4,https://indomet.gob.do/wp-content/uploads/2025/09/temperaturas-extremas-y-precipitaciones-2025x09x26-a.pdf
2025-09-26,003,VALLE NUEVO (EMA),LA VEGA,MARENA,EMAI,16.6,12.2,86.6,https://indomet.gob.do/wp-content/uploads/2025/09/temperaturas-extremas-y-precipitaciones-2025x09x26-a.pdf
2025-09-26,004,LA VICTORIA,SANTO DOMINGO,CUERPO DE BOMBEROS,EMCI,26.0,22.6,84.5,https://indomet.gob.do/wp-content/uploads/2025/09/temperaturas-extremas-y-precipitaciones-2025x09x26-a.pdf
2025-09-26,005,ARPT. DE LAS AMÉRICAS,SANTO DOMINGO,INDOMET,EMCI,27.0,23.0,80.8,https://indomet.gob.do/wp-content/uploads/2025/09/temperaturas-extremas-y-precipitaciones-2025x09x26-a.pdf
2025-09-26,006,BASE AÉREA DE SAN ISIDRO,SANTO DOMINGO,FUERZA AÉREA DOMINICANA,EMCV,26.2,21.1,74.2,https://indomet.gob.do/wp-content/uploads/2025/09/temperaturas-extremas-y-precipitaciones-2025x09x26-a.pdf
2025-09-26,007,LOS LLANOS,SAN PEDRO DE MACORÍS,MINISTERIO DE AGRICULTURA,EMCI,28.3,22.3,69.8,https://indomet.gob.do/wp-content/uploads/2025/09/temperaturas-extremas-y-precipitaciones-2025x09x26-a.pdf
2025-09-26,008,ARPT. LA ISABELA,SANTO DOMINGO,INDOMET,EMCI,28.0,23.8,69.0,https://indomet.gob.do/wp-content/uploads/2025/09/temperaturas-extremas-y-precipitaciones-2025x09x26-a.pdf
2025-09-26,009,ESCONDIDO,PERAVIA,MINISTERIO DE AGRICULTURA,EMCV,25.0,22.0,64.2,https://indomet.gob.do/wp-content/uploads/2025/09/temperaturas-extremas-y-precipitaciones-2025x09x26-a.pdf
2025-09-26,010,LOS TRES CHARCOS (EMA),PEDERNALES,PROPIEDAD DEL VOLUNTARIO,EMAP,,,45.2,https://indomet.gob.do/wp-content/uploads/2025/09/temperaturas-extremas-y-precipitaciones-2025x09x26-a.pdf
2025-09-26,011,BAYAGUANA,MONTE PLATA,INDOMET,EMCI,27.0,22.6,39.0,https://indomet.gob.do/wp-content/uploads/2025/09/temperaturas-extremas-y-precipitaciones-2025x09x26-a.pdf
2025-09-26,012,SAN CRISTÓBAL,SAN CRISTÓBAL,INSTITUTO POLITÉCNICO LOYOLA,EMCI,27.2,21.0,36.7,https://indomet.gob.do/wp-content/uploads/2025/09/temperaturas-extremas-y-precipitaciones-2025x09x26-a.pdf
2025-09-26,013,VILLA ALTAGRACIA,SAN CRISTÓBAL,ESCUELA JAVIER ANGULO GURIDI,EMCI,,,26.6,https://indomet.gob.do/wp-content/uploads/2025/09/temperaturas-extremas-y-precipitaciones-2025x09x26-a.pdf
2025-09-26,014,MICHES (EMA),EL SEIBO,PRIVADA,EMAP,29.9,23.4,23.2,https://indomet.gob.do/wp-content/uploads/2025/09/temperaturas-extremas-y-precipitaciones-2025x09x26-a.pdf
2025-09-26,015,VILLA RIVA,DUARTE,HOSP. MPAL. ALICIA DE LEGENDRE,EMCI,27.5,22.2,22.6,https://indomet.gob.do/wp-content/uploads/2025/09/temperaturas-extremas-y-precipitaciones-2025x09x26-a.pdf
2025-09-26,016,ARPT. ARROYO BARRIL,SAMANÁ,INDOMET,EMCI,29.0,23.0,19.1,https://indomet.gob.do/wp-content/uploads/2025/09/temperaturas-extremas-y-precipitaciones-2025x09x26-a.pdf
2025-09-26,017,SABANA GRANDE DE BOYÁ,MONTE PLATA,MINISTERIO DE AGRICULTURA,EMCV,,,19.1,https://indomet.gob.do/wp-content/uploads/2025/09/temperaturas-extremas-y-precipitaciones-2025x09x26-a.pdf
2025-09-26,018,SÁNCHEZ,SAMANÁ,MINISTERIO DE AGRICULTURA,EMCI,27.9,19.5,19.0,https://indomet.gob.do/wp-content/uploads/2025/09/temperaturas-extremas-y-precipitaciones-2025x09x26-a.pdf
2025-09-26,019,ARPT. DE LA ROMANA,LA ROMANA,INDOMET,EMCI,29.6,22.0,18.5,https://indomet.gob.do/wp-content/uploads/2025/09/temperaturas-extremas-y-precipitaciones-2025x09x26-a.pdf
2025-09-26,020,EL FACTOR (EMA),MARÍA TRINIDAD SÁNCHEZ,INTEC,EMAP,26.9,23.4,18.3,https://indomet.gob.do/wp-content/uploads/2025/09/temperaturas-extremas-y-precipitaciones-2025x09x26-a.pdf
2025-09-26,021,TÁBARA ABAJO,AZUA,INDRHI,EMCI,33.7,22.1,18.0,https://indomet.gob.do/wp-content/uploads/2025/09/temperaturas-extremas-y-precipitaciones-2025x09x26-a.pdf
2025-09-26,022,ARPT. EL CATEY,SAMANÁ,INDOMET,EMCI,27.0,22.5,17.3,https://indomet.gob.do/wp-content/uploads/2025/09/temperaturas-extremas-y-precipitaciones-2025x09x26-a.pdf
2025-09-26,023,SABANA DE LA MAR,HATO MAYOR,INDOMET,EMCI,30.0,22.5,17.3,https://indomet.gob.do/wp-content/uploads/2025/09/temperaturas-extremas-y-precipitaciones-2025x09x26-a.pdf
2025-09-26,024,SAN RAFAEL DEL YUMA,LA ALTAGRACIA,MINISTERIO DE AGRICULTURA,EMCI,30.7,22.9,15.0,https://indomet.gob.do/wp-content/uploads/2025/09/temperaturas-extremas-y-precipitaciones-2025x09x26-a.pdf
2025-09-26,025,MONTE CRISTI,MONTE CRISTI,INDOMET,EMCI,34.0,22.7,13.8,https://indomet.gob.do/wp-content/uploads/2025/09/temperaturas-extremas-y-precipitaciones-2025x09x26-a.pdf
2025-09-26,026,SAN JOSÉ DE OCOA,SAN JOSÉ DE OCOA,HOSP. SAN JOSÉ DE OCOA,EMCI,25.6,18.5,13.4,https://indomet.gob.do/wp-content/uploads/2025/09/temperaturas-extremas-y-precipitaciones-2025x09x26-a.pdf
2025-09-26,027,PERALTA,AZUA,HOSP. MPAL. DE PERALTA,EMCI,27.5,19.1,12.4,https://indomet.gob.do/wp-content/uploads/2025/09/temperaturas-extremas-y-precipitaciones-2025x09x26-a.pdf
2025-09-26,028,ALTO BANDERA (EMA),LA VEGA,INTEC,EMAP,10.6,8.6,12.2,https://indomet.gob.do/wp-content/uploads/2025/09/temperaturas-extremas-y-precipitaciones-2025x09x26-a.pdf
2025-09-26,029,SAMANÁ,SAMANÁ,COMANDANCIA DE PUERTO DE SAMANÁ,EMCI,30.0,20.7,12.2,https://indomet.gob.do/wp-content/uploads/2025/09/temperaturas-extremas-y-precipitaciones-2025x09x26-a.pdf
2025-09-26,030,RÍO SAN JUAN,MARÍA TRINIDAD SÁNCHEZ,HOSP. MPAL. DR. DESIDERIO ACOSTA,EMCV,27.5,24.3,10.8,https://indomet.gob.do/wp-content/uploads/2025/09/temperaturas-extremas-y-precipitaciones-2025x09x26-a.pdf
2025-09-26,031,JUMA BEJUCAL,MONSEÑOR NOUEL,IDIAF,EMCV,32.0,22.6,10.7,https://indomet.gob.do/wp-content/uploads/2025/09/temperaturas-extremas-y-precipitaciones-2025x09x26-a.pdf
2025-09-26,032,ENRIQUILLO,BARAHONA,MINISTERIO DE AGRICULTURA,EMCV,26.5,20.5,10.2,https://indomet.gob.do/wp-content/uploads/2025/09/temperaturas-extremas-y-precipitaciones-2025x09x26-a.pdf
2025-09-26,033,RANCHO ARRIBA,SAN JOSÉ DE OCOA,CENTRO TECNOLÓGICO COMUNITARIO,EMCI,25.2,19.9,9.8,https://indomet.gob.do/wp-content/uploads/2025/09/temperaturas-extremas-y-precipitaciones-2025x09x26-a.pdf
2025-09-26,034,BONAO,MONSEÑOR NOUEL,MINISTERIO DE AGRICULTURA,EMCV,,,8.4,https://indomet.gob.do/wp-content/uploads/2025/09/temperaturas-extremas-y-precipitaciones-2025x09x26-a.pdf
2025-09-26,035,CABRAL,BARAHONA,MINISTERIO DE AGRICULTURA,EMCV,32.7,24.5,8.0,https://indomet.gob.do/wp-content/uploads/2025/09/temperaturas-extremas-y-precipitaciones-2025x09x26-a.pdf
2025-09-26,036,ARPT. MARÍA MONTEZ,BARAHONA,INDOMET,EMCI,27.0,23.0,7.4,https://indomet.gob.do/wp-content/uploads/2025/09/temperaturas-extremas-y-precipitaciones-2025x09x26-a.pdf
2025-09-26,037,ANAMUYA (EMA),LA ALTAGRACIA,MINISTERIO DE AGRICULTURA,EMAP,30.3,23.6,7.0,https://indomet.gob.do/wp-content/uploads/2025/09/temperaturas-extremas-y-precipitaciones-2025x09x26-a.pdf
2025-09-26,038,OVIEDO,PEDERNALES,CLÍNICA RURAL OVIEDO,EMCI,27.5,25.4,6.0,https://indomet.gob.do/wp-content/uploads/2025/09/temperaturas-extremas-y-precipitaciones-2025x09x26-a.pdf
2025-09-26,039,CABRERA,MARÍA TRINIDAD SÁNCHEZ,ESCUELA ARÍSTIDES FIALLO CABRAL,EMCI,29.2,24.0,5.7,https://indomet.gob.do/wp-content/uploads/2025/09/temperaturas-extremas-y-precipitaciones-2025x09x26-a.pdf
2025-09-26,040,POLO,BARAHONA,INDOCAFE,EMCI,29.4,18.0,5.3,https://indomet.gob.do/wp-content/uploads/2025/09/temperaturas-extremas-y-precipitaciones-2025x09x26-a.pdf
2025-09-26,041,SALCEDO,HERMANAS MIRABAL,PROPIEDAD DEL EMPLEADO,EMCI,,,4.9,https://indomet.gob.do/wp-content/uploads/2025/09/temperaturas-extremas-y-precipitaciones-2025x09x26-a.pdf
2025-09-26,042,JIMA ABAJO,LA VEGA,INDOMET,EMCI,29.5,22.0,4.0,https://indomet.gob.do/wp-content/uploads/2025/09/temperaturas-extremas-y-precipitaciones-2025x09x26-a.pdf
2025-09-26,043,CONSTANZA (EMA),LA VEGA,PROGRAMA MUNDIAL DE ALIMENTO,EMAP,23.3,16.7,3.8,https://indomet.gob.do/wp-content/uploads/2025/09/temperaturas-extremas-y-precipitaciones-2025x09x26-a.pdf
2025-09-26,044,PADRE LAS CASAS,AZUA,HOSP. NTRA. SRA. DEL CARMEN,EMCI,27.0,20.4,3.2,https://indomet.gob.do/wp-content/uploads/2025/09/temperaturas-extremas-y-precipitaciones-2025x09x26-a.pdf
2025-09-26,045,JARABACOA,LA VEGA,INDRHI / MARENA,EMCI,26.8,20.0,3.0,https://indomet.gob.do/wp-content/uploads/2025/09/temperaturas-extremas-y-precipitaciones-2025x09x26-a.pdf
2025-09-26,046,JARABACOA (EMA),LA VEGA,PROGRAMA MUNDIAL DE ALIMENTO,EMAP,25.6,20.8,3.0,https://indomet.gob.do/wp-content/uploads/2025/09/temperaturas-extremas-y-precipitaciones-2025x09x26-a.pdf
2025-09-26,047,LA VEGA,LA VEGA,IATESA,EMCI,28.0,23.0,2.6,https://indomet.gob.do/wp-content/uploads/2025/09/temperaturas-extremas-y-precipitaciones-2025x09x26-a.pdf
2025-09-26,048,ARROYO LORO,SAN JUAN,IDIAF,EMCI,32.0,20.2,2.2,https://indomet.gob.do/wp-content/uploads/2025/09/temperaturas-extremas-y-precipitaciones-2025x09x26-a.pdf
2025-09-26,049,HONDO VALLE,ELÍAS PIÑA,MINISTERIO DE AGRICULTURA,EMCI,27.2,17.6,2.2,https://indomet.gob.do/wp-content/uploads/2025/09/temperaturas-extremas-y-precipitaciones-2025x09x26-a.pdf
2025-09-26,050,VILLA GONZALES,SANTIAGO,MINISTERIO DE AGRICULTURA,EMCI,,,1.3,https://indomet.gob.do/wp-content/uploads/2025/09/temperaturas-extremas-y-precipitaciones-2025x09x26-a.pdf
2025-09-26,051,CONSTANZA,LA VEGA,MINISTERIO DE AGRICULTURA,EMCI,24.0,15.4,1.1,https://indomet.gob.do/wp-content/uploads/2025/09/temperaturas-extremas-y-precipitaciones-2025x09x26-a.pdf
2025-09-26,052,ARPT. DE PUNTA CANA,LA ALTAGRACIA,INDOMET,EMCI,31.0,23.4,1.0,https://indomet.gob.do/wp-content/uploads/2025/09/temperaturas-extremas-y-precipitaciones-2025x09x26-a.pdf
2025-09-26,053,PRESA DE TAVERAS (EMA),LA VEGA,PROGRAMA MUNDIAL DE ALIMENTO,EMAP,24.6,22.3,0.6,https://indomet.gob.do/wp-content/uploads/2025/09/temperaturas-extremas-y-precipitaciones-2025x09x26-a.pdf
2025-09-26,054,ARPT. DEL CIBAO,SANTIAGO,INDOMET,EMCI,27.6,22.6,0.5,https://indomet.gob.do/wp-content/uploads/2025/09/temperaturas-extremas-y-precipitaciones-2025x09x26-a.pdf
2025-09-26,055,JIMANÍ,INDEPENDENCIA,MINISTERIO DE AGRICULTURA,EMCI,27.6,23.0,0.4,https://indomet.gob.do/wp-content/uploads/2025/09/temperaturas-extremas-y-precipitaciones-2025x09x26-a.pdf
2025-09-26,056,ALTAMIRA,PUERTO PLATA,HOSP. MPAL. DE ALTAMIRA,EMCI,33.6,22.0,0.2,https://indomet.gob.do/wp-content/uploads/2025/09/temperaturas-extremas-y-precipitaciones-2025x09x26-a.pdf
2025-09-26,057,MONCIÓN (EMA),SANTIAGO RODRÍGUEZ,PROGRAMA MUNDIAL DE ALIMENTO,EMAP,27.1,20.9,0.2,https://indomet.gob.do/wp-content/uploads/2025/09/temperaturas-extremas-y-precipitaciones-2025x09x26-a.pdf
2025-09-26,058,ARPT. GREGORIO LUPERÓN,PUERTO PLATA,INDOMET,EMCI,30.0,23.9,0.1,https://indomet.gob.do/wp-content/uploads/2025/09/temperaturas-extremas-y-precipitaciones-2025x09x26-a.pdf
2025-09-26,059,ELÍAS PIÑA,ELÍAS PIÑA,MINISTERIO DE AGRICULTURA,EMCV,,,0.1,https://indomet.gob.do/wp-content/uploads/2025/09/temperaturas-extremas-y-precipitaciones-2025x09x26-a.pdf
2025-09-26,060,OLIVARES,PEDERNALES,INDRHI,EMCI,,,0.1,https://indomet.gob.do/wp-content/uploads/2025/09/temperaturas-extremas-y-precipitaciones-2025x09x26-a.pdf
2025-09-26,061,PEDERNALES,PEDERNALES,INDRHI,EMCI,,,0.1,https://indomet.gob.do/wp-content/uploads/2025/09/temperaturas-extremas-y-precipitaciones-2025x09x26-a.pdf
2025-09-26,062,RESTAURACIÓN,DAJABÓN,MINISTERIO DE AGRICULTURA,EMCI,31.7,19.0,0.1,https://indomet.gob.do/wp-content/uploads/2025/09/temperaturas-extremas-y-precipitaciones-2025x09x26-a.pdf
2025-09-26,063,BOCA DE MAO (EMA),VALVERDE,MINISTERIO DE AGRICULTURA,EMAP,29.5,24.9,0.0,https://indomet.gob.do/wp-content/uploads/2025/09/temperaturas-extremas-y-precipitaciones-2025x09x26-a.pdf
2025-09-26,064,DAJABÓN,DAJABÓN,INSTITUTO POLITÉCNICO LOYOLA,EMCI,35.1,19.3,0.0,https://indomet.gob.do/wp-content/uploads/2025/09/temperaturas-extremas-y-precipitaciones-2025x09x26-a.pdf
2025-09-26,065,GASPAR HERNÁNDEZ,ESPAILLAT,PROPIEDAD DEL EMPLEADO,EMCI,,,0.0,https://indomet.gob.do/wp-content/uploads/2025/09/temperaturas-extremas-y-precipitaciones-2025x09x26-a.pdf
2025-09-26,066,LAS CANAS (EMA),MONTE CRISTI,PROGRAMA MUNDIAL DE ALIMENTO,EMAP,31.8,24.7,0.0,https://indomet.gob.do/wp-content/uploads/2025/09/temperaturas-extremas-y-precipitaciones-2025x09x26-a.pdf
2025-09-26,067,LAS MATAS DE SANTA CRUZ (EMA,MONTE CRISTI,PROGRAMA MUNDIAL DE ALIMENTO,EMAP,,,0.0,https://indomet.gob.do/wp-content/uploads/2025/09/temperaturas-extremas-y-precipitaciones-2025x09x26-a.pdf
2025-09-26,068,PALO ÍNDIO,PUERTO PLATA,MINISTERIO DE AGRICULTURA,EMCI,,,0.0,https://indomet.gob.do/wp-content/uploads/2025/09/temperaturas-extremas-y-precipitaciones-2025x09x26-a.pdf
2025-09-26,069,PESCADERIA (EMA),BARAHONA,MINISTERIO DE AGRICULTURA,EMAP,,,0.0,https://indomet.gob.do/wp-content/uploads/2025/09/temperaturas-extremas-y-precipitaciones-2025x09x26-a.pdf
2025-09-26,070,PONTÓN ABAJO (EMA),LA VEGA,MINISTERIO DE AGRICULTURA,EMAP,27.8,23.4,0.0,https://indomet.gob.do/wp-content/uploads/2025/09/temperaturas-extremas-y-precipitaciones-2025x09x26-a.pdf
2025-09-26,071,SABANETA (EMA),SANTIAGO RODRÍGUEZ,PROGRAMA MUNDIAL DE ALIMENTO,EMAP,30.6,23.8,0.0,https://indomet.gob.do/wp-content/uploads/2025/09/temperaturas-extremas-y-precipitaciones-2025x09x26-a.pdf
2025-09-26,072,VILLA ISABELA,PUERTO PLATA,MINISTERIO DE AGRICULTURA,EMCV,,,0.0,https://indomet.gob.do/wp-content/uploads/2025/09/temperaturas-extremas-y-precipitaciones-2025x09x26-a.pdf
2025-09-27,001,POLO,BARAHONA,INDOCAFE,EMCI,28.2,16.5,46.7,https://indomet.gob.do/wp-content/uploads/2025/09/temperaturas-extremas-y-precipitaciones-2025x09x27-a.pdf
2025-09-27,002,VALLE NUEVO (EMA),LA VEGA,MARENA,EMAI,18.9,8.3,38.2,https://indomet.gob.do/wp-content/uploads/2025/09/temperaturas-extremas-y-precipitaciones-2025x09x27-a.pdf
2025-09-27,003,MONTE CRISTI,MONTE CRISTI,INDOMET,EMCI,35.3,22.5,32.6,https://indomet.gob.do/wp-content/uploads/2025/09/temperaturas-extremas-y-precipitaciones-2025x09x27-a.pdf
2025-09-27,004,BASE AÉREA DE SAN ISIDRO,SANTO DOMINGO,FUERZA AÉREA DOMINICANA,EMCV,31.0,26.0,30.5,https://indomet.gob.do/wp-content/uploads/2025/09/temperaturas-extremas-y-precipitaciones-2025x09x27-a.pdf
2025-09-27,005,ENRIQUILLO,BARAHONA,MINISTERIO DE AGRICULTURA,EMCV,30.5,19.8,29.2,https://indomet.gob.do/wp-content/uploads/2025/09/temperaturas-extremas-y-precipitaciones-2025x09x27-a.pdf
2025-09-27,006,LOS TRES CHARCOS (EMA),PEDERNALES,PROPIEDAD DEL VOLUNTARIO,EMAP,30.3,20.4,22.2,https://indomet.gob.do/wp-content/uploads/2025/09/temperaturas-extremas-y-precipitaciones-2025x09x27-a.pdf
2025-09-27,007,VILLA ISABELA,PUERTO PLATA,MINISTERIO DE AGRICULTURA,EMCV,,,20.3,https://indomet.gob.do/wp-content/uploads/2025/09/temperaturas-extremas-y-precipitaciones-2025x09x27-a.pdf
2025-09-27,008,CENTRO DE LOS HEROES (EMA),DISTRITO NACIONAL,MINISTERIO DE ENERGIA Y MINA,EMAP,31.1,25.4,16.8,https://indomet.gob.do/wp-content/uploads/2025/09/temperaturas-extremas-y-precipitaciones-2025x09x27-a.pdf
2025-09-27,009,OVIEDO,PEDERNALES,CLÍNICA RURAL OVIEDO,EMCI,35.0,20.5,16.8,https://indomet.gob.do/wp-content/uploads/2025/09/temperaturas-extremas-y-precipitaciones-2025x09x27-a.pdf
2025-09-27,010,PALO ÍNDIO,PUERTO PLATA,MINISTERIO DE AGRICULTURA,EMCI,,,16.5,https://indomet.gob.do/wp-content/uploads/2025/09/temperaturas-extremas-y-precipitaciones-2025x09x27-a.pdf
2025-09-27,011,SANTO DOMINGO ESTE,SANTO DOMINGO,INDOMET,EMCI,32.5,22.8,14.8,https://indomet.gob.do/wp-content/uploads/2025/09/temperaturas-extremas-y-precipitaciones-2025x09x27-a.pdf
2025-09-27,012,PERALTA,AZUA,HOSP. MPAL. DE PERALTA,EMCI,29.8,18.0,11.4,https://indomet.gob.do/wp-content/uploads/2025/09/temperaturas-extremas-y-precipitaciones-2025x09x27-a.pdf
2025-09-27,013,SANTIAGO RODRÍGUEZ,SANTIAGO RODRÍGUEZ,INDOMET,EMCI,36.5,23.0,11.2,https://indomet.gob.do/wp-content/uploads/2025/09/temperaturas-extremas-y-precipitaciones-2025x09x27-a.pdf
2025-09-27,014,SABANETA (EMA),SANTIAGO RODRÍGUEZ,PROGRAMA MUNDIAL DE ALIMENTO,EMAP,37.4,21.9,11.0,https://indomet.gob.do/wp-content/uploads/2025/09/temperaturas-extremas-y-precipitaciones-2025x09x27-a.pdf
2025-09-27,015,ARPT. LA ISABELA,SANTO DOMINGO,INDOMET,EMCI,33.4,22.5,10.8,https://indomet.gob.do/wp-content/uploads/2025/09/temperaturas-extremas-y-precipitaciones-2025x09x27-a.pdf
2025-09-27,016,PEDERNALES,PEDERNALES,INDRHI,EMCI,,,10.6,https://indomet.gob.do/wp-content/uploads/2025/09/temperaturas-extremas-y-precipitaciones-2025x09x27-a.pdf
2025-09-27,017,ARPT. MARÍA MONTEZ,BARAHONA,INDOMET,EMCI,30.6,24.0,10.5,https://indomet.gob.do/wp-content/uploads/2025/09/temperaturas-extremas-y-precipitaciones-2025x09x27-a.pdf
2025-09-27,018,SAN CRISTÓBAL,SAN CRISTÓBAL,INSTITUTO POLITÉCNICO LOYOLA,EMCI,32.0,20.0,9.1,https://indomet.gob.do/wp-content/uploads/2025/09/temperaturas-extremas-y-precipitaciones-2025x09x27-a.pdf
2025-09-27,019,RANCHO ARRIBA,SAN JOSÉ DE OCOA,CENTRO TECNOLÓGICO COMUNITARIO,EMCI,29.1,16.6,8.9,https://indomet.gob.do/wp-content/uploads/2025/09/temperaturas-extremas-y-precipitaciones-2025x09x27-a.pdf
2025-09-27,020,ARPT. DE LAS AMÉRICAS,SANTO DOMINGO,INDOMET,EMCI,32.0,23.0,8.5,https://indomet.gob.do/wp-content/uploads/2025/09/temperaturas-extremas-y-precipitaciones-2025x09x27-a.pdf
2025-09-27,021,OLIVARES,PEDERNALES,INDRHI,EMCI,,,7.4,https://indomet.gob.do/wp-content/uploads/2025/09/temperaturas-extremas-y-precipitaciones-2025x09x27-a.pdf
2025-09-27,022,TÁBARA ABAJO,AZUA,INDRHI,EMCI,32.9,24.3,6.0,https://indomet.gob.do/wp-content/uploads/2025/09/temperaturas-extremas-y-precipitaciones-2025x09x27-a.pdf
2025-09-27,023,BANI (EMA),PERAVIA,MINISTERIO DE AGRICULTURA,EMAP,,22.3,5.6,https://indomet.gob.do/wp-content/uploads/2025/09/temperaturas-extremas-y-precipitaciones-2025x09x27-a.pdf
2025-09-27,024,SAN JOSÉ DE OCOA,SAN JOSÉ DE OCOA,HOSP. SAN JOSÉ DE OCOA,EMCI,29.9,16.7,4.8,https://indomet.gob.do/wp-content/uploads/2025/09/temperaturas-extremas-y-precipitaciones-2025x09x27-a.pdf
2025-09-27,025,JIMANÍ,INDEPENDENCIA,MINISTERIO DE AGRICULTURA,EMCI,31.2,23.4,4.7,https://indomet.gob.do/wp-content/uploads/2025/09/temperaturas-extremas-y-precipitaciones-2025x09x27-a.pdf
2025-09-27,026,ARROYO LORO,SAN JUAN,IDIAF,EMCI,33.4,19.6,4.6,https://indomet.gob.do/wp-content/uploads/2025/09/temperaturas-extremas-y-precipitaciones-2025x09x27-a.pdf
2025-09-27,027,CABRAL,BARAHONA,MINISTERIO DE AGRICULTURA,EMCV,31.4,21.9,4.0,https://indomet.gob.do/wp-content/uploads/2025/09/temperaturas-extremas-y-precipitaciones-2025x09x27-a.pdf
2025-09-27,028,BAYAGUANA,MONTE PLATA,INDOMET,EMCI,33.4,21.8,2.8,https://indomet.gob.do/wp-content/uploads/2025/09/temperaturas-extremas-y-precipitaciones-2025x09x27-a.pdf
2025-09-27,029,LA VICTORIA,SANTO DOMINGO,CUERPO DE BOMBEROS,EMCI,32.6,22.5,2.8,https://indomet.gob.do/wp-content/uploads/2025/09/temperaturas-extremas-y-precipitaciones-2025x09x27-a.pdf
2025-09-27,030,RESTAURACIÓN,DAJABÓN,MINISTERIO DE AGRICULTURA,EMCI,32.2,19.4,1.9,https://indomet.gob.do/wp-content/uploads/2025/09/temperaturas-extremas-y-precipitaciones-2025x09x27-a.pdf
2025-09-27,031,PADRE LAS CASAS,AZUA,HOSP. NTRA. SRA. DEL CARMEN,EMCI,30.0,18.5,1.6,https://indomet.gob.do/wp-content/uploads/2025/09/temperaturas-extremas-y-precipitaciones-2025x09x27-a.pdf
2025-09-27,032,HATO MAYOR,HATO MAYOR,MINISTERIO DE AGRICULTURA,EMCV,,,1.0,https://indomet.gob.do/wp-content/uploads/2025/09/temperaturas-extremas-y-precipitaciones-2025x09x27-a.pdf
2025-09-27,033,VILLA GONZALES,SANTIAGO,MINISTERIO DE AGRICULTURA,EMCI,,,1.0,https://indomet.gob.do/wp-content/uploads/2025/09/temperaturas-extremas-y-precipitaciones-2025x09x27-a.pdf
2025-09-27,034,ALTAMIRA,PUERTO PLATA,HOSP. MPAL. DE ALTAMIRA,EMCI,35.0,21.0,0.4,https://indomet.gob.do/wp-content/uploads/2025/09/temperaturas-extremas-y-precipitaciones-2025x09x27-a.pdf
2025-09-27,035,BOCA DE MAO (EMA),VALVERDE,MINISTERIO DE AGRICULTURA,EMAP,36.3,21.9,0.4,https://indomet.gob.do/wp-content/uploads/2025/09/temperaturas-extremas-y-precipitaciones-2025x09x27-a.pdf
2025-09-27,036,ALTO BANDERA (EMA),LA VEGA,INTEC,EMAP,13.2,8.7,0.3,https://indomet.gob.do/wp-content/uploads/2025/09/temperaturas-extremas-y-precipitaciones-2025x09x27-a.pdf
2025-09-27,037,JARABACOA,LA VEGA,INDRHI / MARENA,EMCI,32.4,17.2,0.2,https://indomet.gob.do/wp-content/uploads/2025/09/temperaturas-extremas-y-precipitaciones-2025x09x27-a.pdf
2025-09-27,038,MICHES (EMA),EL SEIBO,PRIVADA,EMAP,34.4,24.0,0.2,https://indomet.gob.do/wp-content/uploads/2025/09/temperaturas-extremas-y-precipitaciones-2025x09x27-a.pdf
2025-09-27,039,ARPT. DEL CIBAO,SANTIAGO,INDOMET,EMCI,34.8,23.0,0.1,https://indomet.gob.do/wp-content/uploads/2025/09/temperaturas-extremas-y-precipitaciones-2025x09x27-a.pdf
2025-09-27,040,HONDO VALLE,ELÍAS PIÑA,MINISTERIO DE AGRICULTURA,EMCI,27.1,17.5,0.1,https://indomet.gob.do/wp-content/uploads/2025/09/temperaturas-extremas-y-precipitaciones-2025x09x27-a.pdf
2025-09-27,041,SABANA GRANDE DE BOYÁ,MONTE PLATA,MINISTERIO DE AGRICULTURA,EMCV,,,0.1,https://indomet.gob.do/wp-content/uploads/2025/09/temperaturas-extremas-y-precipitaciones-2025x09x27-a.pdf
2025-09-27,042,ANAMUYA (EMA),LA ALTAGRACIA,MINISTERIO DE AGRICULTURA,EMAP,33.0,23.6,0.0,https://indomet.gob.do/wp-content/uploads/2025/09/temperaturas-extremas-y-precipitaciones-2025x09x27-a.pdf
2025-09-27,043,ARPT. ARROYO BARRIL,SAMANÁ,INDOMET,EMCI,33.6,23.0,0.0,https://indomet.gob.do/wp-content/uploads/2025/09/temperaturas-extremas-y-precipitaciones-2025x09x27-a.pdf
2025-09-27,044,ARPT. DE LA ROMANA,LA ROMANA,INDOMET,EMCI,32.5,22.0,0.0,https://indomet.gob.do/wp-content/uploads/2025/09/temperaturas-extremas-y-precipitaciones-2025x09x27-a.pdf
2025-09-27,045,ARPT. DE PUNTA CANA,LA ALTAGRACIA,INDOMET,EMCI,32.2,23.2,0.0,https://indomet.gob.do/wp-content/uploads/2025/09/temperaturas-extremas-y-precipitaciones-2025x09x27-a.pdf
2025-09-27,046,ARPT. EL CATEY,SAMANÁ,INDOMET,EMCI,32.4,22.5,0.0,https://indomet.gob.do/wp-content/uploads/2025/09/temperaturas-extremas-y-precipitaciones-2025x09x27-a.pdf
2025-09-27,047,ARPT. GREGORIO LUPERÓN,PUERTO PLATA,INDOMET,EMCI,35.4,24.2,0.0,https://indomet.gob.do/wp-content/uploads/2025/09/temperaturas-extremas-y-precipitaciones-2025x09x27-a.pdf
2025-09-27,048,CABRERA,MARÍA TRINIDAD SÁNCHEZ,ESCUELA ARÍSTIDES FIALLO CABRAL,EMCI,33.5,24.0,0.0,https://indomet.gob.do/wp-content/uploads/2025/09/temperaturas-extremas-y-precipitaciones-2025x09x27-a.pdf
2025-09-27,049,CONSTANZA,LA VEGA,MINISTERIO DE AGRICULTURA,EMCI,28.5,13.2,0.0,https://indomet.gob.do/wp-content/uploads/2025/09/temperaturas-extremas-y-precipitaciones-2025x09x27-a.pdf
2025-09-27,050,CONSTANZA (EMA),LA VEGA,PROGRAMA MUNDIAL DE ALIMENTO,EMAP,26.2,14.7,0.0,https://indomet.gob.do/wp-content/uploads/2025/09/temperaturas-extremas-y-precipitaciones-2025x09x27-a.pdf
2025-09-27,051,DAJABÓN,DAJABÓN,INSTITUTO POLITÉCNICO LOYOLA,EMCI,34.8,20.2,0.0,https://indomet.gob.do/wp-content/uploads/2025/09/temperaturas-extremas-y-precipitaciones-2025x09x27-a.pdf
2025-09-27,052,EL FACTOR (EMA),MARÍA TRINIDAD SÁNCHEZ,INTEC,EMAP,34.3,23.6,0.0,https://indomet.gob.do/wp-content/uploads/2025/09/temperaturas-extremas-y-precipitaciones-2025x09x27-a.pdf
2025-09-27,053,ELÍAS PIÑA,ELÍAS PIÑA,MINISTERIO DE AGRICULTURA,EMCV,,,0.0,https://indomet.gob.do/wp-content/uploads/2025/09/temperaturas-extremas-y-precipitaciones-2025x09x27-a.pdf
2025-09-27,054,GASPAR HERNÁNDEZ,ESPAILLAT,PROPIEDAD DEL EMPLEADO,EMCI,,,0.0,https://indomet.gob.do/wp-content/uploads/2025/09/temperaturas-extremas-y-precipitaciones-2025x09x27-a.pdf
2025-09-27,055,GURABO,SANTIAGO,MINISTERIO DE AGRICULTURA,EMCV,,,0.0,https://indomet.gob.do/wp-content/uploads/2025/09/temperaturas-extremas-y-precipitaciones-2025x09x27-a.pdf
2025-09-27,056,JARABACOA (EMA),LA VEGA,PROGRAMA MUNDIAL DE ALIMENTO,EMAP,31.2,18.7,0.0,https://indomet.gob.do/wp-content/uploads/2025/09/temperaturas-extremas-y-precipitaciones-2025x09x27-a.pdf
2025-09-27,057,JIMA ABAJO,LA VEGA,INDOMET,EMCI,32.2,22.5,0.0,https://indomet.gob.do/wp-content/uploads/2025/09/temperaturas-extremas-y-precipitaciones-2025x09x27-a.pdf
2025-09-27,058,JUMA BEJUCAL,MONSEÑOR NOUEL,IDIAF,EMCV,30.8,21.0,0.0,https://indomet.gob.do/wp-content/uploads/2025/09/temperaturas-extremas-y-precipitaciones-2025x09x27-a.pdf
2025-09-27,059,LA VEGA,LA VEGA,IATESA,EMCI,34.5,21.6,0.0,https://indomet.gob.do/wp-content/uploads/2025/09/temperaturas-extremas-y-precipitaciones-2025x09x27-a.pdf
2025-09-27,060,LAS CANAS (EMA),MONTE CRISTI,PROGRAMA MUNDIAL DE ALIMENTO,EMAP,33.6,22.3,0.0,https://indomet.gob.do/wp-content/uploads/2025/09/temperaturas-extremas-y-precipitaciones-2025x09x27-a.pdf
2025-09-27,061,LAS MATAS DE SANTA CRUZ (EMA,MONTE CRISTI,PROGRAMA MUNDIAL DE ALIMENTO,EMAP,,,0.0,https://indomet.gob.do/wp-content/uploads/2025/09/temperaturas-extremas-y-precipitaciones-2025x09x27-a.pdf
2025-09-27,062,LOS LLANOS,SAN PEDRO DE MACORÍS,MINISTERIO DE AGRICULTURA,EMCI,32.2,22.5,0.0,https://indomet.gob.do/wp-content/uploads/2025/09/temperaturas-extremas-y-precipitaciones-2025x09x27-a.pdf
2025-09-27,063,MAO,VALVERDE,INDRHI / MINISTERIO DE AGRICULTURA,EMCV,,,0.0,https://indomet.gob.do/wp-content/uploads/2025/09/temperaturas-extremas-y-precipitaciones-2025x09x27-a.pdf
2025-09-27,064,MONCIÓN (EMA),SANTIAGO RODRÍGUEZ,PROGRAMA MUNDIAL DE ALIMENTO,EMAP,32.9,20.2,0.0,https://indomet.gob.do/wp-content/uploads/2025/09/temperaturas-extremas-y-precipitaciones-2025x09x27-a.pdf
2025-09-27,065,NAVARRETE,SANTIAGO,MINISTERIO DE AGRICULTURA,EMCV,,,0.0,https://indomet.gob.do/wp-content/uploads/2025/09/temperaturas-extremas-y-precipitaciones-2025x09x27-a.pdf
2025-09-27,066,PESCADERIA (EMA),BARAHONA,MINISTERIO DE AGRICULTURA,EMAP,,,0.0,https://indomet.gob.do/wp-content/uploads/2025/09/temperaturas-extremas-y-precipitaciones-2025x09x27-a.pdf
2025-09-27,067,PONTÓN ABAJO (EMA),LA VEGA,MINISTERIO DE AGRICULTURA,EMAP,34.6,22.8,0.0,https://indomet.gob.do/wp-content/uploads/2025/09/temperaturas-extremas-y-precipitaciones-2025x09x27-a.pdf
2025-09-27,068,PRESA DE TAVERAS (EMA),LA VEGA,PROGRAMA MUNDIAL DE ALIMENTO,EMAP,31.4,20.4,0.0,https://indomet.gob.do/wp-content/uploads/2025/09/temperaturas-extremas-y-precipitaciones-2025x09x27-a.pdf
2025-09-27,069,RÍO SAN JUAN,MARÍA TRINIDAD SÁNCHEZ,HOSP. MPAL. DR. DESIDERIO ACOSTA,EMCV,34.8,24.2,0.0,https://indomet.gob.do/wp-content/uploads/2025/09/temperaturas-extremas-y-precipitaciones-2025x09x27-a.pdf
2025-09-27,070,SABANA DE LA MAR,HATO MAYOR,INDOMET,EMCI,34.0,22.5,0.0,https://indomet.gob.do/wp-content/uploads/2025/09/temperaturas-extremas-y-precipitaciones-2025x09x27-a.pdf
2025-09-27,071,SALCEDO,HERMANAS MIRABAL,PROPIEDAD DEL EMPLEADO,EMCI,,,0.0,https://indomet.gob.do/wp-content/uploads/2025/09/temperaturas-extremas-y-precipitaciones-2025x09x27-a.pdf
2025-09-27,072,SAMANÁ,SAMANÁ,COMANDANCIA DE PUERTO DE SAMANÁ,EMCI,33.4,23.6,0.0,https://indomet.gob.do/wp-content/uploads/2025/09/temperaturas-extremas-y-precipitaciones-2025x09x27-a.pdf
2025-09-27,073,SAN RAFAEL DEL YUMA,LA ALTAGRACIA,MINISTERIO DE AGRICULTURA,EMCI,32.7,23.3,0.0,https://indomet.gob.do/wp-content/uploads/2025/09/temperaturas-extremas-y-precipitaciones-2025x09x27-a.pdf
2025-09-27,074,SÁNCHEZ,SAMANÁ,MINISTERIO DE AGRICULTURA,EMCI,33.4,25.1,0.0,https://indomet.gob.do/wp-content/uploads/2025/09/temperaturas-extremas-y-precipitaciones-2025x09x27-a.pdf
2025-09-27,075,SANTIAGO,SANTIAGO,HUACALITO,EMCI,,,0.0,https://indomet.gob.do/wp-content/uploads/2025/09/temperaturas-extremas-y-precipitaciones-2025x09x27-a.pdf
2025-09-27,076,VILLA RIVA,DUARTE,HOSP. MPAL. ALICIA DE LEGENDRE,EMCI,33.8,23.8,0.0,https://indomet.gob.do/wp-content/uploads/2025/09/temperaturas-extremas-y-precipitaciones-2025x09x27-a.pdf
2025-09-28,001,TAMBORIL,SANTIAGO,MINISTERIO DE AGRICULTURA,EMCV,,,61.0,https://indomet.gob.do/wp-content/uploads/2025/09/temperaturas-extremas-y-precipitaciones-2025x09x28-a.pdf
2025-09-28,002,LOS TRES CHARCOS (EMA),PEDERNALES,PROPIEDAD DEL VOLUNTARIO,EMAP,32.7,22.6,21.4,https://indomet.gob.do/wp-content/uploads/2025/09/temperaturas-extremas-y-precipitaciones-2025x09x28-a.pdf
2025-09-28,003,LAS MATAS DE FARFÁN,SAN JUAN,MINISTERIO DE AGRICULTURA,EMCV,,,20.3,https://indomet.gob.do/wp-content/uploads/2025/09/temperaturas-extremas-y-precipitaciones-2025x09x28-a.pdf
2025-09-28,004,SANTIAGO RODRÍGUEZ,SANTIAGO RODRÍGUEZ,INDOMET,EMCI,35.7,23.2,17.5,https://indomet.gob.do/wp-content/uploads/2025/09/temperaturas-extremas-y-precipitaciones-2025x09x28-a.pdf
2025-09-28,005,SABANETA (EMA),SANTIAGO RODRÍGUEZ,PROGRAMA MUNDIAL DE ALIMENTO,EMAP,36.1,22.4,17.4,https://indomet.gob.do/wp-content/uploads/2025/09/temperaturas-extremas-y-precipitaciones-2025x09x28-a.pdf
2025-09-28,006,SANTIAGO,SANTIAGO,HUACALITO,EMCI,,,16.2,https://indomet.gob.do/wp-content/uploads/2025/09/temperaturas-extremas-y-precipitaciones-2025x09x28-a.pdf
2025-09-28,007,ARROYO LORO,SAN JUAN,IDIAF,EMCI,31.6,20.2,8.8,https://indomet.gob.do/wp-content/uploads/2025/09/temperaturas-extremas-y-precipitaciones-2025x09x28-a.pdf
2025-09-28,008,GURABO,SANTIAGO,MINISTERIO DE AGRICULTURA,EMCV,,,6.6,https://indomet.gob.do/wp-content/uploads/2025/09/temperaturas-extremas-y-precipitaciones-2025x09x28-a.pdf
2025-09-28,009,PERALTA,AZUA,HOSP. MPAL. DE PERALTA,EMCI,30.5,18.0,6.6,https://indomet.gob.do/wp-content/uploads/2025/09/temperaturas-extremas-y-precipitaciones-2025x09x28-a.pdf
2025-09-28,010,DAJABÓN,DAJABÓN,INSTITUTO POLITÉCNICO LOYOLA,EMCI,33.7,19.4,6.2,https://indomet.gob.do/wp-content/uploads/2025/09/temperaturas-extremas-y-precipitaciones-2025x09x28-a.pdf
2025-09-28,011,PASO AL MEDIO,SAN PEDRO DE MACORÍS,INDRHI,EMCI,,,4.3,https://indomet.gob.do/wp-content/uploads/2025/09/temperaturas-extremas-y-precipitaciones-2025x09x28-a.pdf
2025-09-28,012,ALTAMIRA,PUERTO PLATA,HOSP. MPAL. DE ALTAMIRA,EMCI,34.9,21.6,4.2,https://indomet.gob.do/wp-content/uploads/2025/09/temperaturas-extremas-y-precipitaciones-2025x09x28-a.pdf
2025-09-28,013,SAN FRANCISCO DE MACORÍS,DUARTE,San Francisco de Macorís (UASD),EMCI,29.7,23.3,4.2,https://indomet.gob.do/wp-content/uploads/2025/09/temperaturas-extremas-y-precipitaciones-2025x09x28-a.pdf
2025-09-28,014,ELÍAS PIÑA,ELÍAS PIÑA,MINISTERIO DE AGRICULTURA,EMCV,,,3.0,https://indomet.gob.do/wp-content/uploads/2025/09/temperaturas-extremas-y-precipitaciones-2025x09x28-a.pdf
2025-09-28,015,NAVARRETE,SANTIAGO,MINISTERIO DE AGRICULTURA,EMCV,,,2.5,https://indomet.gob.do/wp-content/uploads/2025/09/temperaturas-extremas-y-precipitaciones-2025x09x28-a.pdf
2025-09-28,016,OVIEDO,PEDERNALES,CLÍNICA RURAL OVIEDO,EMCI,33.5,21.0,2.4,https://indomet.gob.do/wp-content/uploads/2025/09/temperaturas-extremas-y-precipitaciones-2025x09x28-a.pdf
2025-09-28,017,SANTO DOMINGO ESTE,SANTO DOMINGO,INDOMET,EMCI,34.0,24.4,2.3,https://indomet.gob.do/wp-content/uploads/2025/09/temperaturas-extremas-y-precipitaciones-2025x09x28-a.pdf
2025-09-28,018,JARDÍN BOTÁNICO NACIONAL,DISTRITO NACIONAL,JARDÍN BOTÁNICO NACIONAL,EMCV,32.7,21.6,1.8,https://indomet.gob.do/wp-content/uploads/2025/09/temperaturas-extremas-y-precipitaciones-2025x09x28-a.pdf
2025-09-28,019,BASE AÉREA DE SAN ISIDRO,SANTO DOMINGO,FUERZA AÉREA DOMINICANA,EMCV,32.3,22.4,1.5,https://indomet.gob.do/wp-content/uploads/2025/09/temperaturas-extremas-y-precipitaciones-2025x09x28-a.pdf
2025-09-28,020,ARPT. DEL CIBAO,SANTIAGO,INDOMET,EMCI,35.7,22.0,1.2,https://indomet.gob.do/wp-content/uploads/2025/09/temperaturas-extremas-y-precipitaciones-2025x09x28-a.pdf
2025-09-28,021,ENRIQUILLO,BARAHONA,MINISTERIO DE AGRICULTURA,EMCV,34.0,21.7,1.2,https://indomet.gob.do/wp-content/uploads/2025/09/temperaturas-extremas-y-precipitaciones-2025x09x28-a.pdf
2025-09-28,022,SAN JOSÉ DE OCOA,SAN JOSÉ DE OCOA,HOSP. SAN JOSÉ DE OCOA,EMCI,29.5,17.3,1.2,https://indomet.gob.do/wp-content/uploads/2025/09/temperaturas-extremas-y-precipitaciones-2025x09x28-a.pdf
2025-09-28,023,LA VICTORIA,SANTO DOMINGO,CUERPO DE BOMBEROS,EMCI,32.0,25.0,1.1,https://indomet.gob.do/wp-content/uploads/2025/09/temperaturas-extremas-y-precipitaciones-2025x09x28-a.pdf
2025-09-28,024,ARPT. GREGORIO LUPERÓN,PUERTO PLATA,INDOMET,EMCI,32.8,22.5,1.0,https://indomet.gob.do/wp-content/uploads/2025/09/temperaturas-extremas-y-precipitaciones-2025x09x28-a.pdf
2025-09-28,025,MONCIÓN (EMA),SANTIAGO RODRÍGUEZ,PROGRAMA MUNDIAL DE ALIMENTO,EMAP,32.9,21.1,0.6,https://indomet.gob.do/wp-content/uploads/2025/09/temperaturas-extremas-y-precipitaciones-2025x09x28-a.pdf
2025-09-28,026,POLO,BARAHONA,INDOCAFE,EMCI,28.0,17.5,0.4,https://indomet.gob.do/wp-content/uploads/2025/09/temperaturas-extremas-y-precipitaciones-2025x09x28-a.pdf
2025-09-28,027,ESCONDIDO,PERAVIA,MINISTERIO DE AGRICULTURA,EMCV,33.0,22.0,0.3,https://indomet.gob.do/wp-content/uploads/2025/09/temperaturas-extremas-y-precipitaciones-2025x09x28-a.pdf
2025-09-28,028,SAN RAFAEL DEL YUMA,LA ALTAGRACIA,MINISTERIO DE AGRICULTURA,EMCI,34.0,24.3,0.2,https://indomet.gob.do/wp-content/uploads/2025/09/temperaturas-extremas-y-precipitaciones-2025x09x28-a.pdf
2025-09-28,029,CABRAL,BARAHONA,MINISTERIO DE AGRICULTURA,EMCV,33.0,22.6,0.1,https://indomet.gob.do/wp-content/uploads/2025/09/temperaturas-extremas-y-precipitaciones-2025x09x28-a.pdf
2025-09-28,030,VILLA GONZALES,SANTIAGO,MINISTERIO DE AGRICULTURA,EMCI,,,0.1,https://indomet.gob.do/wp-content/uploads/2025/09/temperaturas-extremas-y-precipitaciones-2025x09x28-a.pdf
2025-09-28,031,ALTO BANDERA (EMA),LA VEGA,INTEC,EMAP,16.6,9.1,0.0,https://indomet.gob.do/wp-content/uploads/2025/09/temperaturas-extremas-y-precipitaciones-2025x09x28-a.pdf
2025-09-28,032,ANAMUYA (EMA),LA ALTAGRACIA,MINISTERIO DE AGRICULTURA,EMAP,35.0,23.9,0.0,https://indomet.gob.do/wp-content/uploads/2025/09/temperaturas-extremas-y-precipitaciones-2025x09x28-a.pdf
2025-09-28,033,ARPT. ARROYO BARRIL,SAMANÁ,INDOMET,EMCI,34.0,23.0,0.0,https://indomet.gob.do/wp-content/uploads/2025/09/temperaturas-extremas-y-precipitaciones-2025x09x28-a.pdf
2025-09-28,034,ARPT. DE LA ROMANA,LA ROMANA,INDOMET,EMCI,31.9,22.4,0.0,https://indomet.gob.do/wp-content/uploads/2025/09/temperaturas-extremas-y-precipitaciones-2025x09x28-a.pdf
2025-09-28,035,ARPT. DE LAS AMÉRICAS,SANTO DOMINGO,INDOMET,EMCI,32.4,23.0,0.0,https://indomet.gob.do/wp-content/uploads/2025/09/temperaturas-extremas-y-precipitaciones-2025x09x28-a.pdf
2025-09-28,036,ARPT. DE PUNTA CANA,LA ALTAGRACIA,INDOMET,EMCI,32.4,23.8,0.0,https://indomet.gob.do/wp-content/uploads/2025/09/temperaturas-extremas-y-precipitaciones-2025x09x28-a.pdf
2025-09-28,037,ARPT. EL CATEY,SAMANÁ,INDOMET,EMCI,33.5,23.4,0.0,https://indomet.gob.do/wp-content/uploads/2025/09/temperaturas-extremas-y-precipitaciones-2025x09x28-a.pdf
2025-09-28,038,ARPT. LA ISABELA,SANTO DOMINGO,INDOMET,EMCI,33.5,22.5,0.0,https://indomet.gob.do/wp-content/uploads/2025/09/temperaturas-extremas-y-precipitaciones-2025x09x28-a.pdf
2025-09-28,039,ARPT. MARÍA MONTEZ,BARAHONA,INDOMET,EMCI,31.3,22.0,0.0,https://indomet.gob.do/wp-content/uploads/2025/09/temperaturas-extremas-y-precipitaciones-2025x09x28-a.pdf
2025-09-28,040,BAYAGUANA,MONTE PLATA,INDOMET,EMCI,32.8,21.6,0.0,https://indomet.gob.do/wp-content/uploads/2025/09/temperaturas-extremas-y-precipitaciones-2025x09x28-a.pdf
2025-09-28,041,BOCA DE MAO (EMA),VALVERDE,MINISTERIO DE AGRICULTURA,EMAP,36.3,23.3,0.0,https://indomet.gob.do/wp-content/uploads/2025/09/temperaturas-extremas-y-precipitaciones-2025x09x28-a.pdf
2025-09-28,042,BONAO,MONSEÑOR NOUEL,MINISTERIO DE AGRICULTURA,EMCV,,,0.0,https://indomet.gob.do/wp-content/uploads/2025/09/temperaturas-extremas-y-precipitaciones-2025x09x28-a.pdf
2025-09-28,043,CABRERA,MARÍA TRINIDAD SÁNCHEZ,ESCUELA ARÍSTIDES FIALLO CABRAL,EMCI,35.5,25.0,0.0,https://indomet.gob.do/wp-content/uploads/2025/09/temperaturas-extremas-y-precipitaciones-2025x09x28-a.pdf
2025-09-28,044,CENTRO DE LOS HEROES (EMA),DISTRITO NACIONAL,MINISTERIO DE ENERGIA Y MINA,EMAP,32.5,27.9,0.0,https://indomet.gob.do/wp-content/uploads/2025/09/temperaturas-extremas-y-precipitaciones-2025x09x28-a.pdf
2025-09-28,045,CONSTANZA,LA VEGA,MINISTERIO DE AGRICULTURA,EMCI,28.4,14.7,0.0,https://indomet.gob.do/wp-content/uploads/2025/09/temperaturas-extremas-y-precipitaciones-2025x09x28-a.pdf
2025-09-28,046,CONSTANZA (EMA),LA VEGA,PROGRAMA MUNDIAL DE ALIMENTO,EMAP,26.9,16.3,0.0,https://indomet.gob.do/wp-content/uploads/2025/09/temperaturas-extremas-y-precipitaciones-2025x09x28-a.pdf
2025-09-28,047,EL CERCADO,SAN JUAN,MINISTERIO DE AGRICULTURA,EMCV,,,0.0,https://indomet.gob.do/wp-content/uploads/2025/09/temperaturas-extremas-y-precipitaciones-2025x09x28-a.pdf
2025-09-28,048,EL FACTOR (EMA),MARÍA TRINIDAD SÁNCHEZ,INTEC,EMAP,35.1,25.0,0.0,https://indomet.gob.do/wp-content/uploads/2025/09/temperaturas-extremas-y-precipitaciones-2025x09x28-a.pdf
2025-09-28,049,GASPAR HERNÁNDEZ,ESPAILLAT,PROPIEDAD DEL EMPLEADO,EMCI,,,0.0,https://indomet.gob.do/wp-content/uploads/2025/09/temperaturas-extremas-y-precipitaciones-2025x09x28-a.pdf
2025-09-28,050,HATO MAYOR,HATO MAYOR,MINISTERIO DE AGRICULTURA,EMCV,,,0.0,https://indomet.gob.do/wp-content/uploads/2025/09/temperaturas-extremas-y-precipitaciones-2025x09x28-a.pdf
2025-09-28,051,HONDO VALLE,ELÍAS PIÑA,MINISTERIO DE AGRICULTURA,EMCI,27.8,18.1,0.0,https://indomet.gob.do/wp-content/uploads/2025/09/temperaturas-extremas-y-precipitaciones-2025x09x28-a.pdf
2025-09-28,052,JARABACOA,LA VEGA,INDRHI / MARENA,EMCI,27.8,18.1,0.0,https://indomet.gob.do/wp-content/uploads/2025/09/temperaturas-extremas-y-precipitaciones-2025x09x28-a.pdf
2025-09-28,053,JARABACOA (EMA),LA VEGA,PROGRAMA MUNDIAL DE ALIMENTO,EMAP,32.6,19.0,0.0,https://indomet.gob.do/wp-content/uploads/2025/09/temperaturas-extremas-y-precipitaciones-2025x09x28-a.pdf
2025-09-28,054,JIMA ABAJO,LA VEGA,INDOMET,EMCI,35.6,20.2,0.0,https://indomet.gob.do/wp-content/uploads/2025/09/temperaturas-extremas-y-precipitaciones-2025x09x28-a.pdf
2025-09-28,055,JIMANÍ,INDEPENDENCIA,MINISTERIO DE AGRICULTURA,EMCI,34.0,23.0,0.0,https://indomet.gob.do/wp-content/uploads/2025/09/temperaturas-extremas-y-precipitaciones-2025x09x28-a.pdf
2025-09-28,056,JUMA BEJUCAL,MONSEÑOR NOUEL,IDIAF,EMCV,33.2,23.0,0.0,https://indomet.gob.do/wp-content/uploads/2025/09/temperaturas-extremas-y-precipitaciones-2025x09x28-a.pdf
2025-09-28,057,LA VEGA,LA VEGA,IATESA,EMCI,36.5,22.0,0.0,https://indomet.gob.do/wp-content/uploads/2025/09/temperaturas-extremas-y-precipitaciones-2025x09x28-a.pdf
2025-09-28,058,LAS CANAS (EMA),MONTE CRISTI,PROGRAMA MUNDIAL DE ALIMENTO,EMAP,32.7,27.2,0.0,https://indomet.gob.do/wp-content/uploads/2025/09/temperaturas-extremas-y-precipitaciones-2025x09x28-a.pdf
2025-09-28,059,LAS MATAS DE SANTA CRUZ (EMA,MONTE CRISTI,PROGRAMA MUNDIAL DE ALIMENTO,EMAP,,,0.0,https://indomet.gob.do/wp-content/uploads/2025/09/temperaturas-extremas-y-precipitaciones-2025x09x28-a.pdf
2025-09-28,060,LOS JENGIBRES,NAGUA,INDRHI,EMCI,,,0.0,https://indomet.gob.do/wp-content/uploads/2025/09/temperaturas-extremas-y-precipitaciones-2025x09x28-a.pdf
2025-09-28,061,LOS LLANOS,SAN PEDRO DE MACORÍS,MINISTERIO DE AGRICULTURA,EMCI,33.2,23.6,0.0,https://indomet.gob.do/wp-content/uploads/2025/09/temperaturas-extremas-y-precipitaciones-2025x09x28-a.pdf
2025-09-28,062,MAO,VALVERDE,INDRHI / MINISTERIO DE AGRICULTURA,EMCV,,,0.0,https://indomet.gob.do/wp-content/uploads/2025/09/temperaturas-extremas-y-precipitaciones-2025x09x28-a.pdf
2025-09-28,063,MICHES (EMA),EL SEIBO,PRIVADA,EMAP,33.8,26.3,0.0,https://indomet.gob.do/wp-content/uploads/2025/09/temperaturas-extremas-y-precipitaciones-2025x09x28-a.pdf
2025-09-28,064,MONTE CRISTI,MONTE CRISTI,INDOMET,EMCI,35.5,22.4,0.0,https://indomet.gob.do/wp-content/uploads/2025/09/temperaturas-extremas-y-precipitaciones-2025x09x28-a.pdf
2025-09-28,065,OLIVARES,PEDERNALES,INDRHI,EMCI,,,0.0,https://indomet.gob.do/wp-content/uploads/2025/09/temperaturas-extremas-y-precipitaciones-2025x09x28-a.pdf
2025-09-28,066,PADRE LAS CASAS,AZUA,HOSP. NTRA. SRA. DEL CARMEN,EMCI,32.2,18.9,0.0,https://indomet.gob.do/wp-content/uploads/2025/09/temperaturas-extremas-y-precipitaciones-2025x09x28-a.pdf
2025-09-28,067,PALO ÍNDIO,PUERTO PLATA,MINISTERIO DE AGRICULTURA,EMCI,,,0.0,https://indomet.gob.do/wp-content/uploads/2025/09/temperaturas-extremas-y-precipitaciones-2025x09x28-a.pdf
2025-09-28,068,PEDERNALES,PEDERNALES,INDRHI,EMCI,,,0.0,https://indomet.gob.do/wp-content/uploads/2025/09/temperaturas-extremas-y-precipitaciones-2025x09x28-a.pdf
2025-09-28,069,PESCADERIA (EMA),BARAHONA,MINISTERIO DE AGRICULTURA,EMAP,,,0.0,https://indomet.gob.do/wp-content/uploads/2025/09/temperaturas-extremas-y-precipitaciones-2025x09x28-a.pdf
2025-09-28,070,PONTÓN ABAJO (EMA),LA VEGA,MINISTERIO DE AGRICULTURA,EMAP,37.7,22.9,0.0,https://indomet.gob.do/wp-content/uploads/2025/09/temperaturas-extremas-y-precipitaciones-2025x09x28-a.pdf
2025-09-28,071,PRESA DE TAVERAS (EMA),LA VEGA,PROGRAMA MUNDIAL DE ALIMENTO,EMAP,35.2,21.3,0.0,https://indomet.gob.do/wp-content/uploads/2025/09/temperaturas-extremas-y-precipitaciones-2025x09x28-a.pdf
2025-09-28,072,RANCHO ARRIBA,SAN JOSÉ DE OCOA,CENTRO TECNOLÓGICO COMUNITARIO,EMCI,29.4,18.3,0.0,https://indomet.gob.do/wp-content/uploads/2025/09/temperaturas-extremas-y-precipitaciones-2025x09x28-a.pdf
2025-09-28,073,RESTAURACIÓN,DAJABÓN,MINISTERIO DE AGRICULTURA,EMCI,32.6,18.8,0.0,https://indomet.gob.do/wp-content/uploads/2025/09/temperaturas-extremas-y-precipitaciones-2025x09x28-a.pdf
2025-09-28,074,RÍO SAN JUAN,MARÍA TRINIDAD SÁNCHEZ,HOSP. MPAL. DR. DESIDERIO ACOSTA,EMCV,35.8,26.2,0.0,https://indomet.gob.do/wp-content/uploads/2025/09/temperaturas-extremas-y-precipitaciones-2025x09x28-a.pdf
2025-09-28,075,SABANA DE LA MAR,HATO MAYOR,INDOMET,EMCI,34.5,24.0,0.0,https://indomet.gob.do/wp-content/uploads/2025/09/temperaturas-extremas-y-precipitaciones-2025x09x28-a.pdf
2025-09-28,076,SABANA GRANDE DE BOYÁ,MONTE PLATA,MINISTERIO DE AGRICULTURA,EMCV,,,0.0,https://indomet.gob.do/wp-content/uploads/2025/09/temperaturas-extremas-y-precipitaciones-2025x09x28-a.pdf
2025-09-28,077,SALCEDO,HERMANAS MIRABAL,PROPIEDAD DEL EMPLEADO,EMCI,,,0.0,https://indomet.gob.do/wp-content/uploads/2025/09/temperaturas-extremas-y-precipitaciones-2025x09x28-a.pdf
2025-09-28,078,SAMANÁ,SAMANÁ,COMANDANCIA DE PUERTO DE SAMANÁ,EMCI,33.3,24.2,0.0,https://indomet.gob.do/wp-content/uploads/2025/09/temperaturas-extremas-y-precipitaciones-2025x09x28-a.pdf
2025-09-28,079,SAN CRISTÓBAL,SAN CRISTÓBAL,INSTITUTO POLITÉCNICO LOYOLA,EMCI,32.0,21.0,0.0,https://indomet.gob.do/wp-content/uploads/2025/09/temperaturas-extremas-y-precipitaciones-2025x09x28-a.pdf
2025-09-28,080,TÁBARA ABAJO,AZUA,INDRHI,EMCI,32.9,20.5,0.0,https://indomet.gob.do/wp-content/uploads/2025/09/temperaturas-extremas-y-precipitaciones-2025x09x28-a.pdf
2025-09-28,081,TAVERA,SANTIAGO,INDRHI,EMCI,,,0.0,https://indomet.gob.do/wp-content/uploads/2025/09/temperaturas-extremas-y-precipitaciones-2025x09x28-a.pdf
2025-09-28,082,VALLE NUEVO (EMA),LA VEGA,MARENA,EMAI,,,0.0,https://indomet.gob.do/wp-content/uploads/2025/09/temperaturas-extremas-y-precipitaciones-2025x09x28-a.pdf
2025-09-28,083,VILLA ALTAGRACIA,SAN CRISTÓBAL,ESCUELA JAVIER ANGULO GURIDI,EMCI,,,0.0,https://indomet.gob.do/wp-content/uploads/2025/09/temperaturas-extremas-y-precipitaciones-2025x09x28-a.pdf
2025-09-28,084,VILLA ISABELA,PUERTO PLATA,MINISTERIO DE AGRICULTURA,EMCV,,,0.0,https://indomet.gob.do/wp-content/uploads/2025/09/temperaturas-extremas-y-precipitaciones-2025x09x28-a.pdf
2025-09-28,085,VILLA RIVA,DUARTE,HOSP. MPAL. ALICIA DE LEGENDRE,EMCI,34.0,23.0,0.0,https://indomet.gob.do/wp-content/uploads/2025/09/temperaturas-extremas-y-precipitaciones-2025x09x28-a.pdf
2025-09-29,001,ARPT. MARÍA MONTEZ,BARAHONA,INDOMET,EMCI,32.1,23.5,5.2,https://indomet.gob.do/wp-content/uploads/2025/09/temperaturas-extremas-y-precipitaciones-2025x09x29-a.pdf
2025-09-29,002,OVIEDO,PEDERNALES,CLÍNICA RURAL OVIEDO,EMCI,33.5,22.5,4.0,https://indomet.gob.do/wp-content/uploads/2025/09/temperaturas-extremas-y-precipitaciones-2025x09x29-a.pdf
2025-09-29,003,ENRIQUILLO,BARAHONA,MINISTERIO DE AGRICULTURA,EMCV,34.0,23.0,3.4,https://indomet.gob.do/wp-content/uploads/2025/09/temperaturas-extremas-y-precipitaciones-2025x09x29-a.pdf
2025-09-29,004,CABRAL,BARAHONA,MINISTERIO DE AGRICULTURA,EMCV,33.4,23.7,1.4,https://indomet.gob.do/wp-content/uploads/2025/09/temperaturas-extremas-y-precipitaciones-2025x09x29-a.pdf
2025-09-29,005,POLO,BARAHONA,INDOCAFE,EMCI,29.5,17.5,1.4,https://indomet.gob.do/wp-content/uploads/2025/09/temperaturas-extremas-y-precipitaciones-2025x09x29-a.pdf
2025-09-29,006,ARPT. DE PUNTA CANA,LA ALTAGRACIA,INDOMET,EMCI,33.0,23.5,1.2,https://indomet.gob.do/wp-content/uploads/2025/09/temperaturas-extremas-y-precipitaciones-2025x09x29-a.pdf
2025-09-29,007,SAN JOSÉ DE OCOA,SAN JOSÉ DE OCOA,HOSP. SAN JOSÉ DE OCOA,EMCI,30.3,17.4,1.2,https://indomet.gob.do/wp-content/uploads/2025/09/temperaturas-extremas-y-precipitaciones-2025x09x29-a.pdf
2025-09-29,008,SAN CRISTÓBAL,SAN CRISTÓBAL,INSTITUTO POLITÉCNICO LOYOLA,EMCI,33.0,21.2,1.0,https://indomet.gob.do/wp-content/uploads/2025/09/temperaturas-extremas-y-precipitaciones-2025x09x29-a.pdf
2025-09-29,009,TAMBORIL,SANTIAGO,MINISTERIO DE AGRICULTURA,EMCV,,,0.3,https://indomet.gob.do/wp-content/uploads/2025/09/temperaturas-extremas-y-precipitaciones-2025x09x29-a.pdf
2025-09-29,010,CENTRO DE LOS HEROES (EMA),DISTRITO NACIONAL,MINISTERIO DE ENERGIA Y MINA,EMAP,32.2,28.8,0.2,https://indomet.gob.do/wp-content/uploads/2025/09/temperaturas-extremas-y-precipitaciones-2025x09x29-a.pdf
2025-09-29,011,LA VICTORIA,SANTO DOMINGO,CUERPO DE BOMBEROS,EMCI,34.8,24.0,0.1,https://indomet.gob.do/wp-content/uploads/2025/09/temperaturas-extremas-y-precipitaciones-2025x09x29-a.pdf
2025-09-29,012,SAN RAFAEL DEL YUMA,LA ALTAGRACIA,MINISTERIO DE AGRICULTURA,EMCI,34.0,23.9,0.1,https://indomet.gob.do/wp-content/uploads/2025/09/temperaturas-extremas-y-precipitaciones-2025x09x29-a.pdf
2025-09-29,013,ALTAMIRA,PUERTO PLATA,HOSP. MPAL. DE ALTAMIRA,EMCI,35.0,21.5,0.0,https://indomet.gob.do/wp-content/uploads/2025/09/temperaturas-extremas-y-precipitaciones-2025x09x29-a.pdf
2025-09-29,014,ALTO BANDERA (EMA),LA VEGA,INTEC,EMAP,17.0,11.3,0.0,https://indomet.gob.do/wp-content/uploads/2025/09/temperaturas-extremas-y-precipitaciones-2025x09x29-a.pdf
2025-09-29,015,ANAMUYA (EMA),LA ALTAGRACIA,MINISTERIO DE AGRICULTURA,EMAP,33.8,24.1,0.0,https://indomet.gob.do/wp-content/uploads/2025/09/temperaturas-extremas-y-precipitaciones-2025x09x29-a.pdf
2025-09-29,016,ARPT. ARROYO BARRIL,SAMANÁ,INDOMET,EMCI,33.0,24.5,0.0,https://indomet.gob.do/wp-content/uploads/2025/09/temperaturas-extremas-y-precipitaciones-2025x09x29-a.pdf
2025-09-29,017,ARPT. DE LA ROMANA,LA ROMANA,INDOMET,EMCI,32.2,23.7,0.0,https://indomet.gob.do/wp-content/uploads/2025/09/temperaturas-extremas-y-precipitaciones-2025x09x29-a.pdf
2025-09-29,018,ARPT. DE LAS AMÉRICAS,SANTO DOMINGO,INDOMET,EMCI,32.2,24.7,0.0,https://indomet.gob.do/wp-content/uploads/2025/09/temperaturas-extremas-y-precipitaciones-2025x09x29-a.pdf
2025-09-29,019,ARPT. DEL CIBAO,SANTIAGO,INDOMET,EMCI,36.2,21.4,0.0,https://indomet.gob.do/wp-content/uploads/2025/09/temperaturas-extremas-y-precipitaciones-2025x09x29-a.pdf
2025-09-29,020,ARPT. EL CATEY,SAMANÁ,INDOMET,EMCI,33.5,24.0,0.0,https://indomet.gob.do/wp-content/uploads/2025/09/temperaturas-extremas-y-precipitaciones-2025x09x29-a.pdf
2025-09-29,021,ARPT. GREGORIO LUPERÓN,PUERTO PLATA,INDOMET,EMCI,33.0,23.0,0.0,https://indomet.gob.do/wp-content/uploads/2025/09/temperaturas-extremas-y-precipitaciones-2025x09x29-a.pdf
2025-09-29,022,ARPT. LA ISABELA,SANTO DOMINGO,INDOMET,EMCI,33.5,22.8,0.0,https://indomet.gob.do/wp-content/uploads/2025/09/temperaturas-extremas-y-precipitaciones-2025x09x29-a.pdf
2025-09-29,023,ARROYO LORO,SAN JUAN,IDIAF,EMCI,33.0,18.6,0.0,https://indomet.gob.do/wp-content/uploads/2025/09/temperaturas-extremas-y-precipitaciones-2025x09x29-a.pdf
2025-09-29,024,BANI (EMA),PERAVIA,MINISTERIO DE AGRICULTURA,EMAP,,,0.0,https://indomet.gob.do/wp-content/uploads/2025/09/temperaturas-extremas-y-precipitaciones-2025x09x29-a.pdf
2025-09-29,025,BASE AÉREA DE SAN ISIDRO,SANTO DOMINGO,FUERZA AÉREA DOMINICANA,EMCV,32.0,25.0,0.0,https://indomet.gob.do/wp-content/uploads/2025/09/temperaturas-extremas-y-precipitaciones-2025x09x29-a.pdf
2025-09-29,026,BAYAGUANA,MONTE PLATA,INDOMET,EMCI,33.2,22.2,0.0,https://indomet.gob.do/wp-content/uploads/2025/09/temperaturas-extremas-y-precipitaciones-2025x09x29-a.pdf
2025-09-29,027,BOCA DE MAO (EMA),VALVERDE,MINISTERIO DE AGRICULTURA,EMAP,37.2,23.4,0.0,https://indomet.gob.do/wp-content/uploads/2025/09/temperaturas-extremas-y-precipitaciones-2025x09x29-a.pdf
2025-09-29,028,BOHECHÍO,SAN JUAN,MINISTERIO DE AGRICULTURA,EMCV,,,0.0,https://indomet.gob.do/wp-content/uploads/2025/09/temperaturas-extremas-y-precipitaciones-2025x09x29-a.pdf
2025-09-29,029,CABRERA,MARÍA TRINIDAD SÁNCHEZ,ESCUELA ARÍSTIDES FIALLO CABRAL,EMCI,35.2,25.2,0.0,https://indomet.gob.do/wp-content/uploads/2025/09/temperaturas-extremas-y-precipitaciones-2025x09x29-a.pdf
2025-09-29,030,CONSTANZA,LA VEGA,MINISTERIO DE AGRICULTURA,EMCI,28.5,11.8,0.0,https://indomet.gob.do/wp-content/uploads/2025/09/temperaturas-extremas-y-precipitaciones-2025x09x29-a.pdf
2025-09-29,031,CONSTANZA (EMA),LA VEGA,PROGRAMA MUNDIAL DE ALIMENTO,EMAP,27.4,13.3,0.0,https://indomet.gob.do/wp-content/uploads/2025/09/temperaturas-extremas-y-precipitaciones-2025x09x29-a.pdf
2025-09-29,032,COTUÍ,SÁNCHEZ RAMÍREZ,HOSP. INMACULADA CONCEPCIÓN,EMCV,,,0.0,https://indomet.gob.do/wp-content/uploads/2025/09/temperaturas-extremas-y-precipitaciones-2025x09x29-a.pdf
2025-09-29,033,DAJABÓN,DAJABÓN,INSTITUTO POLITÉCNICO LOYOLA,EMCI,34.8,20.0,0.0,https://indomet.gob.do/wp-content/uploads/2025/09/temperaturas-extremas-y-precipitaciones-2025x09x29-a.pdf
2025-09-29,034,EL CERCADO,SAN JUAN,MINISTERIO DE AGRICULTURA,EMCV,,,0.0,https://indomet.gob.do/wp-content/uploads/2025/09/temperaturas-extremas-y-precipitaciones-2025x09x29-a.pdf
2025-09-29,035,EL FACTOR (EMA),MARÍA TRINIDAD SÁNCHEZ,INTEC,EMAP,35.1,24.9,0.0,https://indomet.gob.do/wp-content/uploads/2025/09/temperaturas-extremas-y-precipitaciones-2025x09x29-a.pdf
2025-09-29,036,EL SEIBO,EL SEIBO,MINISTERIO DE AGRICULTURA,EMCV,,,0.0,https://indomet.gob.do/wp-content/uploads/2025/09/temperaturas-extremas-y-precipitaciones-2025x09x29-a.pdf
2025-09-29,037,ELÍAS PIÑA,ELÍAS PIÑA,MINISTERIO DE AGRICULTURA,EMCV,,,0.0,https://indomet.gob.do/wp-content/uploads/2025/09/temperaturas-extremas-y-precipitaciones-2025x09x29-a.pdf
2025-09-29,038,GASPAR HERNÁNDEZ,ESPAILLAT,PROPIEDAD DEL EMPLEADO,EMCI,,,0.0,https://indomet.gob.do/wp-content/uploads/2025/09/temperaturas-extremas-y-precipitaciones-2025x09x29-a.pdf
2025-09-29,039,GURABO,SANTIAGO,MINISTERIO DE AGRICULTURA,EMCV,,,0.0,https://indomet.gob.do/wp-content/uploads/2025/09/temperaturas-extremas-y-precipitaciones-2025x09x29-a.pdf
2025-09-29,040,HATO MAYOR,HATO MAYOR,MINISTERIO DE AGRICULTURA,EMCV,,,0.0,https://indomet.gob.do/wp-content/uploads/2025/09/temperaturas-extremas-y-precipitaciones-2025x09x29-a.pdf
2025-09-29,041,HONDO VALLE,ELÍAS PIÑA,MINISTERIO DE AGRICULTURA,EMCI,27.4,18.6,0.0,https://indomet.gob.do/wp-content/uploads/2025/09/temperaturas-extremas-y-precipitaciones-2025x09x29-a.pdf
2025-09-29,042,JARABACOA,LA VEGA,INDRHI / MARENA,EMCI,35.2,17.4,0.0,https://indomet.gob.do/wp-content/uploads/2025/09/temperaturas-extremas-y-precipitaciones-2025x09x29-a.pdf
2025-09-29,043,JARABACOA (EMA),LA VEGA,PROGRAMA MUNDIAL DE ALIMENTO,EMAP,33.4,18.8,0.0,https://indomet.gob.do/wp-content/uploads/2025/09/temperaturas-extremas-y-precipitaciones-2025x09x29-a.pdf
2025-09-29,044,JARDÍN BOTÁNICO NACIONAL,DISTRITO NACIONAL,JARDÍN BOTÁNICO NACIONAL,EMCV,32.9,24.6,0.0,https://indomet.gob.do/wp-content/uploads/2025/09/temperaturas-extremas-y-precipitaciones-2025x09x29-a.pdf
2025-09-29,045,JIMA ABAJO,LA VEGA,INDOMET,EMCI,36.0,21.0,0.0,https://indomet.gob.do/wp-content/uploads/2025/09/temperaturas-extremas-y-precipitaciones-2025x09x29-a.pdf
2025-09-29,046,JUMA BEJUCAL,MONSEÑOR NOUEL,IDIAF,EMCV,33.6,23.8,0.0,https://indomet.gob.do/wp-content/uploads/2025/09/temperaturas-extremas-y-precipitaciones-2025x09x29-a.pdf
2025-09-29,047,LA VEGA,LA VEGA,IATESA,EMCI,37.5,22.0,0.0,https://indomet.gob.do/wp-content/uploads/2025/09/temperaturas-extremas-y-precipitaciones-2025x09x29-a.pdf
2025-09-29,048,LAS CANAS (EMA),MONTE CRISTI,PROGRAMA MUNDIAL DE ALIMENTO,EMAP,32.2,24.3,0.0,https://indomet.gob.do/wp-content/uploads/2025/09/temperaturas-extremas-y-precipitaciones-2025x09x29-a.pdf
2025-09-29,049,LAS MATAS DE SANTA CRUZ (EMA,MONTE CRISTI,PROGRAMA MUNDIAL DE ALIMENTO,EMAP,,,0.0,https://indomet.gob.do/wp-content/uploads/2025/09/temperaturas-extremas-y-precipitaciones-2025x09x29-a.pdf
2025-09-29,050,LOS JENGIBRES,NAGUA,INDRHI,EMCI,,,0.0,https://indomet.gob.do/wp-content/uploads/2025/09/temperaturas-extremas-y-precipitaciones-2025x09x29-a.pdf
2025-09-29,051,LOS LLANOS,SAN PEDRO DE MACORÍS,MINISTERIO DE AGRICULTURA,EMCI,33.2,23.8,0.0,https://indomet.gob.do/wp-content/uploads/2025/09/temperaturas-extremas-y-precipitaciones-2025x09x29-a.pdf
2025-09-29,052,MAO,VALVERDE,INDRHI / MINISTERIO DE AGRICULTURA,EMCV,,,0.0,https://indomet.gob.do/wp-content/uploads/2025/09/temperaturas-extremas-y-precipitaciones-2025x09x29-a.pdf
2025-09-29,053,MICHES (EMA),EL SEIBO,PRIVADA,EMAP,34.2,24.3,0.0,https://indomet.gob.do/wp-content/uploads/2025/09/temperaturas-extremas-y-precipitaciones-2025x09x29-a.pdf
2025-09-29,054,MONCIÓN (EMA),SANTIAGO RODRÍGUEZ,PROGRAMA MUNDIAL DE ALIMENTO,EMAP,33.6,21.1,0.0,https://indomet.gob.do/wp-content/uploads/2025/09/temperaturas-extremas-y-precipitaciones-2025x09x29-a.pdf
2025-09-29,055,MONTE CRISTI,MONTE CRISTI,INDOMET,EMCI,35.0,24.5,0.0,https://indomet.gob.do/wp-content/uploads/2025/09/temperaturas-extremas-y-precipitaciones-2025x09x29-a.pdf
2025-09-29,056,NAVARRETE,SANTIAGO,MINISTERIO DE AGRICULTURA,EMCV,,,0.0,https://indomet.gob.do/wp-content/uploads/2025/09/temperaturas-extremas-y-precipitaciones-2025x09x29-a.pdf
2025-09-29,057,OLIVARES,PEDERNALES,INDRHI,EMCI,,,0.0,https://indomet.gob.do/wp-content/uploads/2025/09/temperaturas-extremas-y-precipitaciones-2025x09x29-a.pdf
2025-09-29,058,PADRE LAS CASAS,AZUA,HOSP. NTRA. SRA. DEL CARMEN,EMCI,32.0,18.3,0.0,https://indomet.gob.do/wp-content/uploads/2025/09/temperaturas-extremas-y-precipitaciones-2025x09x29-a.pdf
2025-09-29,059,PALO ÍNDIO,PUERTO PLATA,MINISTERIO DE AGRICULTURA,EMCI,,,0.0,https://indomet.gob.do/wp-content/uploads/2025/09/temperaturas-extremas-y-precipitaciones-2025x09x29-a.pdf
2025-09-29,060,PASO AL MEDIO,SAN PEDRO DE MACORÍS,INDRHI,EMCI,,,0.0,https://indomet.gob.do/wp-content/uploads/2025/09/temperaturas-extremas-y-precipitaciones-2025x09x29-a.pdf
2025-09-29,061,PEDERNALES,PEDERNALES,INDRHI,EMCI,,,0.0,https://indomet.gob.do/wp-content/uploads/2025/09/temperaturas-extremas-y-precipitaciones-2025x09x29-a.pdf
2025-09-29,062,PERALTA,AZUA,HOSP. MPAL. DE PERALTA,EMCI,31.3,17.7,0.0,https://indomet.gob.do/wp-content/uploads/2025/09/temperaturas-extremas-y-precipitaciones-2025x09x29-a.pdf
2025-09-29,063,PESCADERIA (EMA),BARAHONA,MINISTERIO DE AGRICULTURA,EMAP,,,0.0,https://indomet.gob.do/wp-content/uploads/2025/09/temperaturas-extremas-y-precipitaciones-2025x09x29-a.pdf
2025-09-29,064,PONTÓN ABAJO (EMA),LA VEGA,MINISTERIO DE AGRICULTURA,EMAP,38.2,22.4,0.0,https://indomet.gob.do/wp-content/uploads/2025/09/temperaturas-extremas-y-precipitaciones-2025x09x29-a.pdf
2025-09-29,065,PRESA DE TAVERAS (EMA),LA VEGA,PROGRAMA MUNDIAL DE ALIMENTO,EMAP,34.6,20.3,0.0,https://indomet.gob.do/wp-content/uploads/2025/09/temperaturas-extremas-y-precipitaciones-2025x09x29-a.pdf
2025-09-29,066,RANCHO ARRIBA,SAN JOSÉ DE OCOA,CENTRO TECNOLÓGICO COMUNITARIO,EMCI,30.1,16.2,0.0,https://indomet.gob.do/wp-content/uploads/2025/09/temperaturas-extremas-y-precipitaciones-2025x09x29-a.pdf
2025-09-29,067,RESTAURACIÓN,DAJABÓN,MINISTERIO DE AGRICULTURA,EMCI,33.9,16.0,0.0,https://indomet.gob.do/wp-content/uploads/2025/09/temperaturas-extremas-y-precipitaciones-2025x09x29-a.pdf
2025-09-29,068,RÍO SAN JUAN,MARÍA TRINIDAD SÁNCHEZ,HOSP. MPAL. DR. DESIDERIO ACOSTA,EMCV,35.8,26.5,0.0,https://indomet.gob.do/wp-content/uploads/2025/09/temperaturas-extremas-y-precipitaciones-2025x09x29-a.pdf
2025-09-29,069,SABANA DE LA MAR,HATO MAYOR,INDOMET,EMCI,34.5,24.0,0.0,https://indomet.gob.do/wp-content/uploads/2025/09/temperaturas-extremas-y-precipitaciones-2025x09x29-a.pdf
2025-09-29,070,SABANA GRANDE DE BOYÁ,MONTE PLATA,MINISTERIO DE AGRICULTURA,EMCV,,,0.0,https://indomet.gob.do/wp-content/uploads/2025/09/temperaturas-extremas-y-precipitaciones-2025x09x29-a.pdf
2025-09-29,071,SABANETA (EMA),SANTIAGO RODRÍGUEZ,PROGRAMA MUNDIAL DE ALIMENTO,EMAP,36.6,23.3,0.0,https://indomet.gob.do/wp-content/uploads/2025/09/temperaturas-extremas-y-precipitaciones-2025x09x29-a.pdf
2025-09-29,072,SALCEDO,HERMANAS MIRABAL,PROPIEDAD DEL EMPLEADO,EMCI,,,0.0,https://indomet.gob.do/wp-content/uploads/2025/09/temperaturas-extremas-y-precipitaciones-2025x09x29-a.pdf
2025-09-29,073,SAMANÁ,SAMANÁ,COMANDANCIA DE PUERTO DE SAMANÁ,EMCI,33.8,24.5,0.0,https://indomet.gob.do/wp-content/uploads/2025/09/temperaturas-extremas-y-precipitaciones-2025x09x29-a.pdf
2025-09-29,074,SAN FRANCISCO DE MACORÍS,DUARTE,San Francisco de Macorís (UASD),EMCI,34.7,21.3,0.0,https://indomet.gob.do/wp-content/uploads/2025/09/temperaturas-extremas-y-precipitaciones-2025x09x29-a.pdf
2025-09-29,075,SÁNCHEZ,SAMANÁ,MINISTERIO DE AGRICULTURA,EMCI,34.5,26.4,0.0,https://indomet.gob.do/wp-content/uploads/2025/09/temperaturas-extremas-y-precipitaciones-2025x09x29-a.pdf
2025-09-29,076,SANTIAGO,SANTIAGO,HUACALITO,EMCI,,,0.0,https://indomet.gob.do/wp-content/uploads/2025/09/temperaturas-extremas-y-precipitaciones-2025x09x29-a.pdf
2025-09-29,077,SANTIAGO RODRÍGUEZ,SANTIAGO RODRÍGUEZ,INDOMET,EMCI,36.5,23.4,0.0,https://indomet.gob.do/wp-content/uploads/2025/09/temperaturas-extremas-y-precipitaciones-2025x09x29-a.pdf
2025-09-29,078,SANTO DOMINGO ESTE,SANTO DOMINGO,INDOMET,EMCI,32.9,28.3,0.0,https://indomet.gob.do/wp-content/uploads/2025/09/temperaturas-extremas-y-precipitaciones-2025x09x29-a.pdf
2025-09-29,079,TÁBARA ABAJO,AZUA,INDRHI,EMCI,34.5,22.5,0.0,https://indomet.gob.do/wp-content/uploads/2025/09/temperaturas-extremas-y-precipitaciones-2025x09x29-a.pdf
2025-09-29,080,TAVERA,SANTIAGO,INDRHI,EMCI,,,0.0,https://indomet.gob.do/wp-content/uploads/2025/09/temperaturas-extremas-y-precipitaciones-2025x09x29-a.pdf
2025-09-29,081,VALLE NUEVO (EMA),LA VEGA,MARENA,EMAI,19.8,5.4,0.0,https://indomet.gob.do/wp-content/uploads/2025/09/temperaturas-extremas-y-precipitaciones-2025x09x29-a.pdf
2025-09-29,082,VILLA ALTAGRACIA,SAN CRISTÓBAL,ESCUELA JAVIER ANGULO GURIDI,EMCI,,,0.0,https://indomet.gob.do/wp-content/uploads/2025/09/temperaturas-extremas-y-precipitaciones-2025x09x29-a.pdf
2025-09-29,083,VILLA GONZALES,SANTIAGO,MINISTERIO DE AGRICULTURA,EMCI,,,0.0,https://indomet.gob.do/wp-content/uploads/2025/09/temperaturas-extremas-y-precipitaciones-2025x09x29-a.pdf
2025-09-29,084,VILLA ISABELA,PUERTO PLATA,MINISTERIO DE AGRICULTURA,EMCV,,,0.0,https://indomet.gob.do/wp-content/uploads/2025/09/temperaturas-extremas-y-precipitaciones-2025x09x29-a.pdf
2025-09-29,085,VILLA RIVA,DUARTE,HOSP. MPAL. ALICIA DE LEGENDRE,EMCI,34.2,24.0,0.0,https://indomet.gob.do/wp-content/uploads/2025/09/temperaturas-extremas-y-precipitaciones-2025x09x29-a.pdf
2025-09-30,001,GURABO,SANTIAGO,MINISTERIO DE AGRICULTURA,EMCV,,,24.1,https://indomet.gob.do/wp-content/uploads/2025/10/temperaturas-extremas-y-precipitaciones-2025x09x30-a.pdf
2025-09-30,002,ALTO BANDERA (EMA),LA VEGA,INTEC,EMAP,18.8,8.7,19.8,https://indomet.gob.do/wp-content/uploads/2025/10/temperaturas-extremas-y-precipitaciones-2025x09x30-a.pdf
2025-09-30,003,SANTIAGO RODRÍGUEZ,SANTIAGO RODRÍGUEZ,INDOMET,EMCI,37.0,23.6,13.7,https://indomet.gob.do/wp-content/uploads/2025/10/temperaturas-extremas-y-precipitaciones-2025x09x30-a.pdf
2025-09-30,004,VILLA GONZALES,SANTIAGO,MINISTERIO DE AGRICULTURA,EMCI,,,13.5,https://indomet.gob.do/wp-content/uploads/2025/10/temperaturas-extremas-y-precipitaciones-2025x09x30-a.pdf
2025-09-30,005,SABANETA (EMA),SANTIAGO RODRÍGUEZ,PROGRAMA MUNDIAL DE ALIMENTO,EMAP,36.9,23.1,12.4,https://indomet.gob.do/wp-content/uploads/2025/10/temperaturas-extremas-y-precipitaciones-2025x09x30-a.pdf
2025-09-30,006,SANTIAGO,SANTIAGO,HUACALITO,EMCI,,,10.4,https://indomet.gob.do/wp-content/uploads/2025/10/temperaturas-extremas-y-precipitaciones-2025x09x30-a.pdf
2025-09-30,007,CENTRO DE LOS HEROES (EMA),DISTRITO NACIONAL,MINISTERIO DE ENERGIA Y MINA,EMAP,32.2,25.7,7.8,https://indomet.gob.do/wp-content/uploads/2025/10/temperaturas-extremas-y-precipitaciones-2025x09x30-a.pdf
2025-09-30,008,ARPT. MARÍA MONTEZ,BARAHONA,INDOMET,EMCI,32.5,24.9,5.2,https://indomet.gob.do/wp-content/uploads/2025/10/temperaturas-extremas-y-precipitaciones-2025x09x30-a.pdf
2025-09-30,009,BASE AÉREA DE SAN ISIDRO,SANTO DOMINGO,FUERZA AÉREA DOMINICANA,EMCV,32.0,24.5,4.0,https://indomet.gob.do/wp-content/uploads/2025/10/temperaturas-extremas-y-precipitaciones-2025x09x30-a.pdf
2025-09-30,010,JARDÍN BOTÁNICO NACIONAL,DISTRITO NACIONAL,JARDÍN BOTÁNICO NACIONAL,EMCV,33.1,22.3,3.0,https://indomet.gob.do/wp-content/uploads/2025/10/temperaturas-extremas-y-precipitaciones-2025x09x30-a.pdf
2025-09-30,011,SANTO DOMINGO ESTE,SANTO DOMINGO,INDOMET,EMCI,33.0,27.0,2.6,https://indomet.gob.do/wp-content/uploads/2025/10/temperaturas-extremas-y-precipitaciones-2025x09x30-a.pdf
2025-09-30,012,SAN CRISTÓBAL,SAN CRISTÓBAL,INSTITUTO POLITÉCNICO LOYOLA,EMCI,32.2,21.2,2.0,https://indomet.gob.do/wp-content/uploads/2025/10/temperaturas-extremas-y-precipitaciones-2025x09x30-a.pdf
2025-09-30,013,ARPT. LA ISABELA,SANTO DOMINGO,INDOMET,EMCI,33.5,23.8,1.2,https://indomet.gob.do/wp-content/uploads/2025/10/temperaturas-extremas-y-precipitaciones-2025x09x30-a.pdf
2025-09-30,014,ENRIQUILLO,BARAHONA,MINISTERIO DE AGRICULTURA,EMCV,33.0,22.5,1.2,https://indomet.gob.do/wp-content/uploads/2025/10/temperaturas-extremas-y-precipitaciones-2025x09x30-a.pdf
2025-09-30,015,PERALTA,AZUA,HOSP. MPAL. DE PERALTA,EMCI,30.0,18.8,1.0,https://indomet.gob.do/wp-content/uploads/2025/10/temperaturas-extremas-y-precipitaciones-2025x09x30-a.pdf
2025-09-30,016,SAN JOSÉ DE OCOA,SAN JOSÉ DE OCOA,HOSP. SAN JOSÉ DE OCOA,EMCI,30.4,17.6,1.0,https://indomet.gob.do/wp-content/uploads/2025/10/temperaturas-extremas-y-precipitaciones-2025x09x30-a.pdf
2025-09-30,017,EL FACTOR (EMA),MARÍA TRINIDAD SÁNCHEZ,INTEC,EMAP,34.8,24.3,0.8,https://indomet.gob.do/wp-content/uploads/2025/10/temperaturas-extremas-y-precipitaciones-2025x09x30-a.pdf
2025-09-30,018,HATO MAYOR,HATO MAYOR,MINISTERIO DE AGRICULTURA,EMCV,,,0.5,https://indomet.gob.do/wp-content/uploads/2025/10/temperaturas-extremas-y-precipitaciones-2025x09x30-a.pdf
2025-09-30,019,ARPT. DE PUNTA CANA,LA ALTAGRACIA,INDOMET,EMCI,32.5,23.5,0.2,https://indomet.gob.do/wp-content/uploads/2025/10/temperaturas-extremas-y-precipitaciones-2025x09x30-a.pdf
2025-09-30,020,ARPT. DE LAS AMÉRICAS,SANTO DOMINGO,INDOMET,EMCI,32.0,25.0,0.1,https://indomet.gob.do/wp-content/uploads/2025/10/temperaturas-extremas-y-precipitaciones-2025x09x30-a.pdf
2025-09-30,021,ARPT. DEL CIBAO,SANTIAGO,INDOMET,EMCI,36.2,22.7,0.1,https://indomet.gob.do/wp-content/uploads/2025/10/temperaturas-extremas-y-precipitaciones-2025x09x30-a.pdf
2025-09-30,022,HONDO VALLE,ELÍAS PIÑA,MINISTERIO DE AGRICULTURA,EMCI,27.2,18.0,0.1,https://indomet.gob.do/wp-content/uploads/2025/10/temperaturas-extremas-y-precipitaciones-2025x09x30-a.pdf
2025-09-30,023,ALTAMIRA,PUERTO PLATA,HOSP. MPAL. DE ALTAMIRA,EMCI,33.7,22.2,0.0,https://indomet.gob.do/wp-content/uploads/2025/10/temperaturas-extremas-y-precipitaciones-2025x09x30-a.pdf
2025-09-30,024,ANAMUYA (EMA),LA ALTAGRACIA,MINISTERIO DE AGRICULTURA,EMAP,32.9,23.6,0.0,https://indomet.gob.do/wp-content/uploads/2025/10/temperaturas-extremas-y-precipitaciones-2025x09x30-a.pdf
2025-09-30,025,ARPT. ARROYO BARRIL,SAMANÁ,INDOMET,EMCI,33.2,24.5,0.0,https://indomet.gob.do/wp-content/uploads/2025/10/temperaturas-extremas-y-precipitaciones-2025x09x30-a.pdf
2025-09-30,026,ARPT. DE LA ROMANA,LA ROMANA,INDOMET,EMCI,32.4,22.6,0.0,https://indomet.gob.do/wp-content/uploads/2025/10/temperaturas-extremas-y-precipitaciones-2025x09x30-a.pdf
2025-09-30,027,ARPT. EL CATEY,SAMANÁ,INDOMET,EMCI,33.5,24.0,0.0,https://indomet.gob.do/wp-content/uploads/2025/10/temperaturas-extremas-y-precipitaciones-2025x09x30-a.pdf
2025-09-30,028,ARPT. GREGORIO LUPERÓN,PUERTO PLATA,INDOMET,EMCI,32.6,24.0,0.0,https://indomet.gob.do/wp-content/uploads/2025/10/temperaturas-extremas-y-precipitaciones-2025x09x30-a.pdf
2025-09-30,029,ARROYO LORO,SAN JUAN,IDIAF,EMCI,31.4,17.2,0.0,https://indomet.gob.do/wp-content/uploads/2025/10/temperaturas-extremas-y-precipitaciones-2025x09x30-a.pdf
2025-09-30,030,BAYAGUANA,MONTE PLATA,INDOMET,EMCI,34.0,23.0,0.0,https://indomet.gob.do/wp-content/uploads/2025/10/temperaturas-extremas-y-precipitaciones-2025x09x30-a.pdf
2025-09-30,031,BOCA DE MAO (EMA),VALVERDE,MINISTERIO DE AGRICULTURA,EMAP,36.8,22.6,0.0,https://indomet.gob.do/wp-content/uploads/2025/10/temperaturas-extremas-y-precipitaciones-2025x09x30-a.pdf
2025-09-30,032,BOHECHÍO,SAN JUAN,MINISTERIO DE AGRICULTURA,EMCV,,,0.0,https://indomet.gob.do/wp-content/uploads/2025/10/temperaturas-extremas-y-precipitaciones-2025x09x30-a.pdf
2025-09-30,033,BONAO,MONSEÑOR NOUEL,MINISTERIO DE AGRICULTURA,EMCV,,,0.0,https://indomet.gob.do/wp-content/uploads/2025/10/temperaturas-extremas-y-precipitaciones-2025x09x30-a.pdf
2025-09-30,034,CABRAL,BARAHONA,MINISTERIO DE AGRICULTURA,EMCV,33.2,23.4,0.0,https://indomet.gob.do/wp-content/uploads/2025/10/temperaturas-extremas-y-precipitaciones-2025x09x30-a.pdf
2025-09-30,035,CABRERA,MARÍA TRINIDAD SÁNCHEZ,ESCUELA ARÍSTIDES FIALLO CABRAL,EMCI,34.5,26.3,0.0,https://indomet.gob.do/wp-content/uploads/2025/10/temperaturas-extremas-y-precipitaciones-2025x09x30-a.pdf
2025-09-30,036,CONSTANZA,LA VEGA,MINISTERIO DE AGRICULTURA,EMCI,29.5,12.5,0.0,https://indomet.gob.do/wp-content/uploads/2025/10/temperaturas-extremas-y-precipitaciones-2025x09x30-a.pdf
2025-09-30,037,CONSTANZA (EMA),LA VEGA,PROGRAMA MUNDIAL DE ALIMENTO,EMAP,27.8,14.0,0.0,https://indomet.gob.do/wp-content/uploads/2025/10/temperaturas-extremas-y-precipitaciones-2025x09x30-a.pdf
2025-09-30,038,DAJABÓN,DAJABÓN,INSTITUTO POLITÉCNICO LOYOLA,EMCI,35.0,19.7,0.0,https://indomet.gob.do/wp-content/uploads/2025/10/temperaturas-extremas-y-precipitaciones-2025x09x30-a.pdf
2025-09-30,039,EL CERCADO,SAN JUAN,MINISTERIO DE AGRICULTURA,EMCV,,,0.0,https://indomet.gob.do/wp-content/uploads/2025/10/temperaturas-extremas-y-precipitaciones-2025x09x30-a.pdf
2025-09-30,040,ELÍAS PIÑA,ELÍAS PIÑA,MINISTERIO DE AGRICULTURA,EMCV,,,0.0,https://indomet.gob.do/wp-content/uploads/2025/10/temperaturas-extremas-y-precipitaciones-2025x09x30-a.pdf
2025-09-30,041,ESCONDIDO,PERAVIA,MINISTERIO DE AGRICULTURA,EMCV,33.0,24.0,0.0,https://indomet.gob.do/wp-content/uploads/2025/10/temperaturas-extremas-y-precipitaciones-2025x09x30-a.pdf
2025-09-30,042,GASPAR HERNÁNDEZ,ESPAILLAT,PROPIEDAD DEL EMPLEADO,EMCI,,,0.0,https://indomet.gob.do/wp-content/uploads/2025/10/temperaturas-extremas-y-precipitaciones-2025x09x30-a.pdf
2025-09-30,043,JARABACOA,LA VEGA,INDRHI / MARENA,EMCI,33.6,17.2,0.0,https://indomet.gob.do/wp-content/uploads/2025/10/temperaturas-extremas-y-precipitaciones-2025x09x30-a.pdf
2025-09-30,044,JARABACOA (EMA),LA VEGA,PROGRAMA MUNDIAL DE ALIMENTO,EMAP,31.7,19.3,0.0,https://indomet.gob.do/wp-content/uploads/2025/10/temperaturas-extremas-y-precipitaciones-2025x09x30-a.pdf
2025-09-30,045,JIMA ABAJO,LA VEGA,INDOMET,EMCI,36.1,20.5,0.0,https://indomet.gob.do/wp-content/uploads/2025/10/temperaturas-extremas-y-precipitaciones-2025x09x30-a.pdf
2025-09-30,046,JIMANÍ,INDEPENDENCIA,MINISTERIO DE AGRICULTURA,EMCI,35.5,25.0,0.0,https://indomet.gob.do/wp-content/uploads/2025/10/temperaturas-extremas-y-precipitaciones-2025x09x30-a.pdf
2025-09-30,047,JUMA BEJUCAL,MONSEÑOR NOUEL,IDIAF,EMCV,32.2,22.8,0.0,https://indomet.gob.do/wp-content/uploads/2025/10/temperaturas-extremas-y-precipitaciones-2025x09x30-a.pdf
2025-09-30,048,LA VEGA,LA VEGA,IATESA,EMCI,37.5,22.5,0.0,https://indomet.gob.do/wp-content/uploads/2025/10/temperaturas-extremas-y-precipitaciones-2025x09x30-a.pdf
2025-09-30,049,LA VICTORIA,SANTO DOMINGO,CUERPO DE BOMBEROS,EMCI,34.0,23.8,0.0,https://indomet.gob.do/wp-content/uploads/2025/10/temperaturas-extremas-y-precipitaciones-2025x09x30-a.pdf
2025-09-30,050,LAS CANAS (EMA),MONTE CRISTI,PROGRAMA MUNDIAL DE ALIMENTO,EMAP,,,0.0,https://indomet.gob.do/wp-content/uploads/2025/10/temperaturas-extremas-y-precipitaciones-2025x09x30-a.pdf
2025-09-30,051,LAS MATAS DE SANTA CRUZ (EMA,MONTE CRISTI,PROGRAMA MUNDIAL DE ALIMENTO,EMAP,,,0.0,https://indomet.gob.do/wp-content/uploads/2025/10/temperaturas-extremas-y-precipitaciones-2025x09x30-a.pdf
2025-09-30,052,LOS JENGIBRES,NAGUA,INDRHI,EMCI,,,0.0,https://indomet.gob.do/wp-content/uploads/2025/10/temperaturas-extremas-y-precipitaciones-2025x09x30-a.pdf
2025-09-30,053,LOS LLANOS,SAN PEDRO DE MACORÍS,MINISTERIO DE AGRICULTURA,EMCI,33.4,23.6,0.0,https://indomet.gob.do/wp-content/uploads/2025/10/temperaturas-extremas-y-precipitaciones-2025x09x30-a.pdf
2025-09-30,054,LUPERÓN,PUERTO PLATA,MINISTERIO DE AGRICULTURA,EMCV,,,0.0,https://indomet.gob.do/wp-content/uploads/2025/10/temperaturas-extremas-y-precipitaciones-2025x09x30-a.pdf
2025-09-30,055,MAO,VALVERDE,INDRHI / MINISTERIO DE AGRICULTURA,EMCV,,,0.0,https://indomet.gob.do/wp-content/uploads/2025/10/temperaturas-extremas-y-precipitaciones-2025x09x30-a.pdf
2025-09-30,056,MICHES (EMA),EL SEIBO,PRIVADA,EMAP,34.3,23.2,0.0,https://indomet.gob.do/wp-content/uploads/2025/10/temperaturas-extremas-y-precipitaciones-2025x09x30-a.pdf
2025-09-30,057,MONCIÓN (EMA),SANTIAGO RODRÍGUEZ,PROGRAMA MUNDIAL DE ALIMENTO,EMAP,32.2,21.3,0.0,https://indomet.gob.do/wp-content/uploads/2025/10/temperaturas-extremas-y-precipitaciones-2025x09x30-a.pdf
2025-09-30,058,MONTE CRISTI,MONTE CRISTI,INDOMET,EMCI,34.8,25.2,0.0,https://indomet.gob.do/wp-content/uploads/2025/10/temperaturas-extremas-y-precipitaciones-2025x09x30-a.pdf
2025-09-30,059,NAVARRETE,SANTIAGO,MINISTERIO DE AGRICULTURA,EMCV,,,0.0,https://indomet.gob.do/wp-content/uploads/2025/10/temperaturas-extremas-y-precipitaciones-2025x09x30-a.pdf
2025-09-30,060,OLIVARES,PEDERNALES,INDRHI,EMCI,,,0.0,https://indomet.gob.do/wp-content/uploads/2025/10/temperaturas-extremas-y-precipitaciones-2025x09x30-a.pdf
2025-09-30,061,OVIEDO,PEDERNALES,CLÍNICA RURAL OVIEDO,EMCI,33.5,22.0,0.0,https://indomet.gob.do/wp-content/uploads/2025/10/temperaturas-extremas-y-precipitaciones-2025x09x30-a.pdf
2025-09-30,062,PADRE LAS CASAS,AZUA,HOSP. NTRA. SRA. DEL CARMEN,EMCI,33.5,19.0,0.0,https://indomet.gob.do/wp-content/uploads/2025/10/temperaturas-extremas-y-precipitaciones-2025x09x30-a.pdf
2025-09-30,063,PALO ÍNDIO,PUERTO PLATA,MINISTERIO DE AGRICULTURA,EMCI,,,0.0,https://indomet.gob.do/wp-content/uploads/2025/10/temperaturas-extremas-y-precipitaciones-2025x09x30-a.pdf
2025-09-30,064,PASO AL MEDIO,SAN PEDRO DE MACORÍS,INDRHI,EMCI,,,0.0,https://indomet.gob.do/wp-content/uploads/2025/10/temperaturas-extremas-y-precipitaciones-2025x09x30-a.pdf
2025-09-30,065,PEDERNALES,PEDERNALES,INDRHI,EMCI,,,0.0,https://indomet.gob.do/wp-content/uploads/2025/10/temperaturas-extremas-y-precipitaciones-2025x09x30-a.pdf
2025-09-30,066,PESCADERIA (EMA),BARAHONA,MINISTERIO DE AGRICULTURA,EMAP,,,0.0,https://indomet.gob.do/wp-content/uploads/2025/10/temperaturas-extremas-y-precipitaciones-2025x09x30-a.pdf
2025-09-30,067,POLO,BARAHONA,INDOCAFE,EMCI,30.0,18.0,0.0,https://indomet.gob.do/wp-content/uploads/2025/10/temperaturas-extremas-y-precipitaciones-2025x09x30-a.pdf
2025-09-30,068,PONTÓN ABAJO (EMA),LA VEGA,MINISTERIO DE AGRICULTURA,EMAP,37.9,22.9,0.0,https://indomet.gob.do/wp-content/uploads/2025/10/temperaturas-extremas-y-precipitaciones-2025x09x30-a.pdf
2025-09-30,069,PRESA DE TAVERAS (EMA),LA VEGA,PROGRAMA MUNDIAL DE ALIMENTO,EMAP,35.1,20.7,0.0,https://indomet.gob.do/wp-content/uploads/2025/10/temperaturas-extremas-y-precipitaciones-2025x09x30-a.pdf
2025-09-30,070,RANCHO ARRIBA,SAN JOSÉ DE OCOA,CENTRO TECNOLÓGICO COMUNITARIO,EMCI,30.6,18.4,0.0,https://indomet.gob.do/wp-content/uploads/2025/10/temperaturas-extremas-y-precipitaciones-2025x09x30-a.pdf
2025-09-30,071,RESTAURACIÓN,DAJABÓN,MINISTERIO DE AGRICULTURA,EMCI,33.4,16.3,0.0,https://indomet.gob.do/wp-content/uploads/2025/10/temperaturas-extremas-y-precipitaciones-2025x09x30-a.pdf
2025-09-30,072,RÍO SAN JUAN,MARÍA TRINIDAD SÁNCHEZ,HOSP. MPAL. DR. DESIDERIO ACOSTA,EMCV,35.8,25.0,0.0,https://indomet.gob.do/wp-content/uploads/2025/10/temperaturas-extremas-y-precipitaciones-2025x09x30-a.pdf
2025-09-30,073,SABANA DE LA MAR,HATO MAYOR,INDOMET,EMCI,34.5,24.0,0.0,https://indomet.gob.do/wp-content/uploads/2025/10/temperaturas-extremas-y-precipitaciones-2025x09x30-a.pdf
2025-09-30,074,SABANA GRANDE DE BOYÁ,MONTE PLATA,MINISTERIO DE AGRICULTURA,EMCV,,,0.0,https://indomet.gob.do/wp-content/uploads/2025/10/temperaturas-extremas-y-precipitaciones-2025x09x30-a.pdf
2025-09-30,075,SALCEDO,HERMANAS MIRABAL,PROPIEDAD DEL EMPLEADO,EMCI,,,0.0,https://indomet.gob.do/wp-content/uploads/2025/10/temperaturas-extremas-y-precipitaciones-2025x09x30-a.pdf
2025-09-30,076,SAMANÁ,SAMANÁ,COMANDANCIA DE PUERTO DE SAMANÁ,EMCI,34.0,24.3,0.0,https://indomet.gob.do/wp-content/uploads/2025/10/temperaturas-extremas-y-precipitaciones-2025x09x30-a.pdf
2025-09-30,077,SAN FRANCISCO DE MACORÍS,DUARTE,San Francisco de Macorís (UASD),EMCI,34.7,21.3,0.0,https://indomet.gob.do/wp-content/uploads/2025/10/temperaturas-extremas-y-precipitaciones-2025x09x30-a.pdf
2025-09-30,078,SAN RAFAEL DEL YUMA,LA ALTAGRACIA,MINISTERIO DE AGRICULTURA,EMCI,33.6,23.5,0.0,https://indomet.gob.do/wp-content/uploads/2025/10/temperaturas-extremas-y-precipitaciones-2025x09x30-a.pdf
2025-09-30,079,SÁNCHEZ,SAMANÁ,MINISTERIO DE AGRICULTURA,EMCI,33.9,25.7,0.0,https://indomet.gob.do/wp-content/uploads/2025/10/temperaturas-extremas-y-precipitaciones-2025x09x30-a.pdf
2025-09-30,080,TÁBARA ABAJO,AZUA,INDRHI,EMCI,33.9,23.5,0.0,https://indomet.gob.do/wp-content/uploads/2025/10/temperaturas-extremas-y-precipitaciones-2025x09x30-a.pdf
2025-09-30,081,TAMBORIL,SANTIAGO,MINISTERIO DE AGRICULTURA,EMCV,,,0.0,https://indomet.gob.do/wp-content/uploads/2025/10/temperaturas-extremas-y-precipitaciones-2025x09x30-a.pdf
2025-09-30,082,TAVERA,SANTIAGO,INDRHI,EMCI,,,0.0,https://indomet.gob.do/wp-content/uploads/2025/10/temperaturas-extremas-y-precipitaciones-2025x09x30-a.pdf
2025-09-30,083,VILLA ALTAGRACIA,SAN CRISTÓBAL,ESCUELA JAVIER ANGULO GURIDI,EMCI,,,0.0,https://indomet.gob.do/wp-content/uploads/2025/10/temperaturas-extremas-y-precipitaciones-2025x09x30-a.pdf
2025-09-30,084,VILLA ISABELA,PUERTO PLATA,MINISTERIO DE AGRICULTURA,EMCV,,,0.0,https://indomet.gob.do/wp-content/uploads/2025/10/temperaturas-extremas-y-precipitaciones-2025x09x30-a.pdf
2025-09-30,085,VILLA RIVA,DUARTE,HOSP. MPAL. ALICIA DE LEGENDRE,EMCI,35.0,24.4,0.0,https://indomet.gob.do/wp-content/uploads/2025/10/temperaturas-extremas-y-precipitaciones-2025x09x30-a.pdf
2025-10-01,001,LA VEGA,LA VEGA,IATESA,EMCI,37.0,22.5,45.9,https://indomet.gob.do/wp-content/uploads/2025/10/temperaturas-extremas-y-precipitaciones-2025x10x01-a-1.pdf
2025-10-01,002,VALLE NUEVO (EMA),LA VEGA,MARENA,EMAI,20.7,9.0,26.8,https://indomet.gob.do/wp-content/uploads/2025/10/temperaturas-extremas-y-precipitaciones-2025x10x01-a-1.pdf
2025-10-01,003,NAVARRETE,SANTIAGO,MINISTERIO DE AGRICULTURA,EMCV,,,17.0,https://indomet.gob.do/wp-content/uploads/2025/10/temperaturas-extremas-y-precipitaciones-2025x10x01-a-1.pdf
2025-10-01,004,GASPAR HERNÁNDEZ,ESPAILLAT,PROPIEDAD DEL EMPLEADO,EMCI,,,16.8,https://indomet.gob.do/wp-content/uploads/2025/10/temperaturas-extremas-y-precipitaciones-2025x10x01-a-1.pdf
2025-10-01,005,DAJABÓN,DAJABÓN,INSTITUTO POLITÉCNICO LOYOLA,EMCI,34.6,20.7,15.2,https://indomet.gob.do/wp-content/uploads/2025/10/temperaturas-extremas-y-precipitaciones-2025x10x01-a-1.pdf
2025-10-01,006,PALO ÍNDIO,PUERTO PLATA,MINISTERIO DE AGRICULTURA,EMCI,,,10.4,https://indomet.gob.do/wp-content/uploads/2025/10/temperaturas-extremas-y-precipitaciones-2025x10x01-a-1.pdf
2025-10-01,007,PEDERNALES,PEDERNALES,INDRHI,EMCI,,,10.3,https://indomet.gob.do/wp-content/uploads/2025/10/temperaturas-extremas-y-precipitaciones-2025x10x01-a-1.pdf
2025-10-01,008,LOS JENGIBRES,NAGUA,INDRHI,EMCI,,,10.2,https://indomet.gob.do/wp-content/uploads/2025/10/temperaturas-extremas-y-precipitaciones-2025x10x01-a-1.pdf
2025-10-01,009,MICHES (EMA),EL SEIBO,PRIVADA,EMAP,33.9,22.8,8.2,https://indomet.gob.do/wp-content/uploads/2025/10/temperaturas-extremas-y-precipitaciones-2025x10x01-a-1.pdf
2025-10-01,010,CONSTANZA,LA VEGA,MINISTERIO DE AGRICULTURA,EMCI,28.9,14.0,5.4,https://indomet.gob.do/wp-content/uploads/2025/10/temperaturas-extremas-y-precipitaciones-2025x10x01-a-1.pdf
2025-10-01,011,CONSTANZA (EMA),LA VEGA,PROGRAMA MUNDIAL DE ALIMENTO,EMAP,27.6,15.4,4.8,https://indomet.gob.do/wp-content/uploads/2025/10/temperaturas-extremas-y-precipitaciones-2025x10x01-a-1.pdf
2025-10-01,012,SANTIAGO,SANTIAGO,HUACALITO,EMCI,,,4.4,https://indomet.gob.do/wp-content/uploads/2025/10/temperaturas-extremas-y-precipitaciones-2025x10x01-a-1.pdf
2025-10-01,013,SALCEDO,HERMANAS MIRABAL,PROPIEDAD DEL EMPLEADO,EMCI,,,3.9,https://indomet.gob.do/wp-content/uploads/2025/10/temperaturas-extremas-y-precipitaciones-2025x10x01-a-1.pdf
2025-10-01,014,ALTO BANDERA (EMA),LA VEGA,INTEC,EMAP,17.7,8.8,2.0,https://indomet.gob.do/wp-content/uploads/2025/10/temperaturas-extremas-y-precipitaciones-2025x10x01-a-1.pdf
2025-10-01,015,SABANA DE LA MAR,HATO MAYOR,INDOMET,EMCI,34.0,22.5,0.7,https://indomet.gob.do/wp-content/uploads/2025/10/temperaturas-extremas-y-precipitaciones-2025x10x01-a-1.pdf
2025-10-01,016,SAN JOSÉ DE OCOA,SAN JOSÉ DE OCOA,HOSP. SAN JOSÉ DE OCOA,EMCI,30.7,18.4,0.6,https://indomet.gob.do/wp-content/uploads/2025/10/temperaturas-extremas-y-precipitaciones-2025x10x01-a-1.pdf
2025-10-01,017,ALTAMIRA,PUERTO PLATA,HOSP. MPAL. DE ALTAMIRA,EMCI,33.9,21.5,0.4,https://indomet.gob.do/wp-content/uploads/2025/10/temperaturas-extremas-y-precipitaciones-2025x10x01-a-1.pdf
2025-10-01,018,HATO MAYOR,HATO MAYOR,MINISTERIO DE AGRICULTURA,EMCV,,,0.3,https://indomet.gob.do/wp-content/uploads/2025/10/temperaturas-extremas-y-precipitaciones-2025x10x01-a-1.pdf
2025-10-01,019,ARPT. DEL CIBAO,SANTIAGO,INDOMET,EMCI,35.5,21.0,0.2,https://indomet.gob.do/wp-content/uploads/2025/10/temperaturas-extremas-y-precipitaciones-2025x10x01-a-1.pdf
2025-10-01,020,HONDO VALLE,ELÍAS PIÑA,MINISTERIO DE AGRICULTURA,EMCI,27.6,17.8,0.1,https://indomet.gob.do/wp-content/uploads/2025/10/temperaturas-extremas-y-precipitaciones-2025x10x01-a-1.pdf
2025-10-01,021,SAN RAFAEL DEL YUMA,LA ALTAGRACIA,MINISTERIO DE AGRICULTURA,EMCI,34.4,22.5,0.1,https://indomet.gob.do/wp-content/uploads/2025/10/temperaturas-extremas-y-precipitaciones-2025x10x01-a-1.pdf
2025-10-01,022,ANAMUYA (EMA),LA ALTAGRACIA,MINISTERIO DE AGRICULTURA,EMAP,33.3,22.3,0.0,https://indomet.gob.do/wp-content/uploads/2025/10/temperaturas-extremas-y-precipitaciones-2025x10x01-a-1.pdf
2025-10-01,023,ARPT. ARROYO BARRIL,SAMANÁ,INDOMET,EMCI,32.0,25.0,0.0,https://indomet.gob.do/wp-content/uploads/2025/10/temperaturas-extremas-y-precipitaciones-2025x10x01-a-1.pdf
2025-10-01,024,ARPT. DE LA ROMANA,LA ROMANA,INDOMET,EMCI,32.0,22.9,0.0,https://indomet.gob.do/wp-content/uploads/2025/10/temperaturas-extremas-y-precipitaciones-2025x10x01-a-1.pdf
2025-10-01,025,ARPT. DE LAS AMÉRICAS,SANTO DOMINGO,INDOMET,EMCI,31.8,23.5,0.0,https://indomet.gob.do/wp-content/uploads/2025/10/temperaturas-extremas-y-precipitaciones-2025x10x01-a-1.pdf
2025-10-01,026,ARPT. DE PUNTA CANA,LA ALTAGRACIA,INDOMET,EMCI,32.3,24.5,0.0,https://indomet.gob.do/wp-content/uploads/2025/10/temperaturas-extremas-y-precipitaciones-2025x10x01-a-1.pdf
2025-10-01,027,ARPT. EL CATEY,SAMANÁ,INDOMET,EMCI,33.0,24.0,0.0,https://indomet.gob.do/wp-content/uploads/2025/10/temperaturas-extremas-y-precipitaciones-2025x10x01-a-1.pdf
2025-10-01,028,ARPT. GREGORIO LUPERÓN,PUERTO PLATA,INDOMET,EMCI,32.4,24.0,0.0,https://indomet.gob.do/wp-content/uploads/2025/10/temperaturas-extremas-y-precipitaciones-2025x10x01-a-1.pdf
2025-10-01,029,ARPT. LA ISABELA,SANTO DOMINGO,INDOMET,EMCI,34.0,23.0,0.0,https://indomet.gob.do/wp-content/uploads/2025/10/temperaturas-extremas-y-precipitaciones-2025x10x01-a-1.pdf
2025-10-01,030,ARPT. MARÍA MONTEZ,BARAHONA,INDOMET,EMCI,32.0,23.4,0.0,https://indomet.gob.do/wp-content/uploads/2025/10/temperaturas-extremas-y-precipitaciones-2025x10x01-a-1.pdf
2025-10-01,031,ARROYO LORO,SAN JUAN,IDIAF,EMCI,31.4,19.0,0.0,https://indomet.gob.do/wp-content/uploads/2025/10/temperaturas-extremas-y-precipitaciones-2025x10x01-a-1.pdf
2025-10-01,032,BANI (EMA),PERAVIA,MINISTERIO DE AGRICULTURA,EMAP,,,0.0,https://indomet.gob.do/wp-content/uploads/2025/10/temperaturas-extremas-y-precipitaciones-2025x10x01-a-1.pdf
2025-10-01,033,BASE AÉREA DE SAN ISIDRO,SANTO DOMINGO,FUERZA AÉREA DOMINICANA,EMCV,32.1,23.2,0.0,https://indomet.gob.do/wp-content/uploads/2025/10/temperaturas-extremas-y-precipitaciones-2025x10x01-a-1.pdf
2025-10-01,034,BAYAGUANA,MONTE PLATA,INDOMET,EMCI,34.2,22.6,0.0,https://indomet.gob.do/wp-content/uploads/2025/10/temperaturas-extremas-y-precipitaciones-2025x10x01-a-1.pdf
2025-10-01,035,BOCA DE MAO (EMA),VALVERDE,MINISTERIO DE AGRICULTURA,EMAP,36.6,22.6,0.0,https://indomet.gob.do/wp-content/uploads/2025/10/temperaturas-extremas-y-precipitaciones-2025x10x01-a-1.pdf
2025-10-01,036,BOHECHÍO,SAN JUAN,MINISTERIO DE AGRICULTURA,EMCV,,,0.0,https://indomet.gob.do/wp-content/uploads/2025/10/temperaturas-extremas-y-precipitaciones-2025x10x01-a-1.pdf
2025-10-01,037,BONAO,MONSEÑOR NOUEL,MINISTERIO DE AGRICULTURA,EMCV,,,0.0,https://indomet.gob.do/wp-content/uploads/2025/10/temperaturas-extremas-y-precipitaciones-2025x10x01-a-1.pdf
2025-10-01,038,CABRAL,BARAHONA,MINISTERIO DE AGRICULTURA,EMCV,33.0,23.5,0.0,https://indomet.gob.do/wp-content/uploads/2025/10/temperaturas-extremas-y-precipitaciones-2025x10x01-a-1.pdf
2025-10-01,039,CABRERA,MARÍA TRINIDAD SÁNCHEZ,ESCUELA ARÍSTIDES FIALLO CABRAL,EMCI,34.2,26.0,0.0,https://indomet.gob.do/wp-content/uploads/2025/10/temperaturas-extremas-y-precipitaciones-2025x10x01-a-1.pdf
2025-10-01,040,CENTRO DE LOS HEROES (EMA),DISTRITO NACIONAL,MINISTERIO DE ENERGIA Y MINA,EMAP,32.2,26.3,0.0,https://indomet.gob.do/wp-content/uploads/2025/10/temperaturas-extremas-y-precipitaciones-2025x10x01-a-1.pdf
2025-10-01,041,COTUÍ,SÁNCHEZ RAMÍREZ,HOSP. INMACULADA CONCEPCIÓN,EMCV,,,0.0,https://indomet.gob.do/wp-content/uploads/2025/10/temperaturas-extremas-y-precipitaciones-2025x10x01-a-1.pdf
2025-10-01,042,EL CERCADO,SAN JUAN,MINISTERIO DE AGRICULTURA,EMCV,,,0.0,https://indomet.gob.do/wp-content/uploads/2025/10/temperaturas-extremas-y-precipitaciones-2025x10x01-a-1.pdf
2025-10-01,043,EL FACTOR (EMA),MARÍA TRINIDAD SÁNCHEZ,INTEC,EMAP,35.7,23.2,0.0,https://indomet.gob.do/wp-content/uploads/2025/10/temperaturas-extremas-y-precipitaciones-2025x10x01-a-1.pdf
2025-10-01,044,ELÍAS PIÑA,ELÍAS PIÑA,MINISTERIO DE AGRICULTURA,EMCV,,,0.0,https://indomet.gob.do/wp-content/uploads/2025/10/temperaturas-extremas-y-precipitaciones-2025x10x01-a-1.pdf
2025-10-01,045,ENRIQUILLO,BARAHONA,MINISTERIO DE AGRICULTURA,EMCV,34.0,23.3,0.0,https://indomet.gob.do/wp-content/uploads/2025/10/temperaturas-extremas-y-precipitaciones-2025x10x01-a-1.pdf
2025-10-01,046,GURABO,SANTIAGO,MINISTERIO DE AGRICULTURA,EMCV,,,0.0,https://indomet.gob.do/wp-content/uploads/2025/10/temperaturas-extremas-y-precipitaciones-2025x10x01-a-1.pdf
2025-10-01,047,JARABACOA,LA VEGA,INDRHI / MARENA,EMCI,34.2,19.0,0.0,https://indomet.gob.do/wp-content/uploads/2025/10/temperaturas-extremas-y-precipitaciones-2025x10x01-a-1.pdf
2025-10-01,048,JARABACOA (EMA),LA VEGA,PROGRAMA MUNDIAL DE ALIMENTO,EMAP,32.3,20.2,0.0,https://indomet.gob.do/wp-content/uploads/2025/10/temperaturas-extremas-y-precipitaciones-2025x10x01-a-1.pdf
2025-10-01,049,JARDÍN BOTÁNICO NACIONAL,DISTRITO NACIONAL,JARDÍN BOTÁNICO NACIONAL,EMCV,33.0,25.1,0.0,https://indomet.gob.do/wp-content/uploads/2025/10/temperaturas-extremas-y-precipitaciones-2025x10x01-a-1.pdf
2025-10-01,050,JIMANÍ,INDEPENDENCIA,MINISTERIO DE AGRICULTURA,EMCI,35.2,24.4,0.0,https://indomet.gob.do/wp-content/uploads/2025/10/temperaturas-extremas-y-precipitaciones-2025x10x01-a-1.pdf
2025-10-01,051,JUMA BEJUCAL,MONSEÑOR NOUEL,IDIAF,EMCV,33.8,23.2,0.0,https://indomet.gob.do/wp-content/uploads/2025/10/temperaturas-extremas-y-precipitaciones-2025x10x01-a-1.pdf
2025-10-01,052,LA VICTORIA,SANTO DOMINGO,CUERPO DE BOMBEROS,EMCI,34.9,23.5,0.0,https://indomet.gob.do/wp-content/uploads/2025/10/temperaturas-extremas-y-precipitaciones-2025x10x01-a-1.pdf
2025-10-01,053,LAS MATAS DE SANTA CRUZ (EMA,MONTE CRISTI,PROGRAMA MUNDIAL DE ALIMENTO,EMAP,,,0.0,https://indomet.gob.do/wp-content/uploads/2025/10/temperaturas-extremas-y-precipitaciones-2025x10x01-a-1.pdf
2025-10-01,054,LOS LLANOS,SAN PEDRO DE MACORÍS,MINISTERIO DE AGRICULTURA,EMCI,35.5,22.5,0.0,https://indomet.gob.do/wp-content/uploads/2025/10/temperaturas-extremas-y-precipitaciones-2025x10x01-a-1.pdf
2025-10-01,055,MAO,VALVERDE,INDRHI / MINISTERIO DE AGRICULTURA,EMCV,,,0.0,https://indomet.gob.do/wp-content/uploads/2025/10/temperaturas-extremas-y-precipitaciones-2025x10x01-a-1.pdf
2025-10-01,056,MONCIÓN (EMA),SANTIAGO RODRÍGUEZ,PROGRAMA MUNDIAL DE ALIMENTO,EMAP,31.5,21.3,0.0,https://indomet.gob.do/wp-content/uploads/2025/10/temperaturas-extremas-y-precipitaciones-2025x10x01-a-1.pdf
2025-10-01,057,MONTE CRISTI,MONTE CRISTI,INDOMET,EMCI,35.5,24.7,0.0,https://indomet.gob.do/wp-content/uploads/2025/10/temperaturas-extremas-y-precipitaciones-2025x10x01-a-1.pdf
2025-10-01,058,OLIVARES,PEDERNALES,INDRHI,EMCI,,,0.0,https://indomet.gob.do/wp-content/uploads/2025/10/temperaturas-extremas-y-precipitaciones-2025x10x01-a-1.pdf
2025-10-01,059,OVIEDO,PEDERNALES,CLÍNICA RURAL OVIEDO,EMCI,33.6,22.5,0.0,https://indomet.gob.do/wp-content/uploads/2025/10/temperaturas-extremas-y-precipitaciones-2025x10x01-a-1.pdf
2025-10-01,060,PADRE LAS CASAS,AZUA,HOSP. NTRA. SRA. DEL CARMEN,EMCI,32.5,19.2,0.0,https://indomet.gob.do/wp-content/uploads/2025/10/temperaturas-extremas-y-precipitaciones-2025x10x01-a-1.pdf
2025-10-01,061,PASO AL MEDIO,SAN PEDRO DE MACORÍS,INDRHI,EMCI,,,0.0,https://indomet.gob.do/wp-content/uploads/2025/10/temperaturas-extremas-y-precipitaciones-2025x10x01-a-1.pdf
2025-10-01,062,PERALTA,AZUA,HOSP. MPAL. DE PERALTA,EMCI,31.5,17.4,0.0,https://indomet.gob.do/wp-content/uploads/2025/10/temperaturas-extremas-y-precipitaciones-2025x10x01-a-1.pdf
2025-10-01,063,PESCADERIA (EMA),BARAHONA,MINISTERIO DE AGRICULTURA,EMAP,,,0.0,https://indomet.gob.do/wp-content/uploads/2025/10/temperaturas-extremas-y-precipitaciones-2025x10x01-a-1.pdf
2025-10-01,064,POLO,BARAHONA,INDOCAFE,EMCI,29.8,17.5,0.0,https://indomet.gob.do/wp-content/uploads/2025/10/temperaturas-extremas-y-precipitaciones-2025x10x01-a-1.pdf
2025-10-01,065,PONTÓN ABAJO (EMA),LA VEGA,MINISTERIO DE AGRICULTURA,EMAP,37.6,23.5,0.0,https://indomet.gob.do/wp-content/uploads/2025/10/temperaturas-extremas-y-precipitaciones-2025x10x01-a-1.pdf
2025-10-01,066,PRESA DE TAVERAS (EMA),LA VEGA,PROGRAMA MUNDIAL DE ALIMENTO,EMAP,33.9,21.8,0.0,https://indomet.gob.do/wp-content/uploads/2025/10/temperaturas-extremas-y-precipitaciones-2025x10x01-a-1.pdf
2025-10-01,067,RANCHO ARRIBA,SAN JOSÉ DE OCOA,CENTRO TECNOLÓGICO COMUNITARIO,EMCI,30.7,18.3,0.0,https://indomet.gob.do/wp-content/uploads/2025/10/temperaturas-extremas-y-precipitaciones-2025x10x01-a-1.pdf
2025-10-01,068,RESTAURACIÓN,DAJABÓN,MINISTERIO DE AGRICULTURA,EMCI,33.2,16.7,0.0,https://indomet.gob.do/wp-content/uploads/2025/10/temperaturas-extremas-y-precipitaciones-2025x10x01-a-1.pdf
2025-10-01,069,RÍO SAN JUAN,MARÍA TRINIDAD SÁNCHEZ,HOSP. MPAL. DR. DESIDERIO ACOSTA,EMCV,36.2,24.9,0.0,https://indomet.gob.do/wp-content/uploads/2025/10/temperaturas-extremas-y-precipitaciones-2025x10x01-a-1.pdf
2025-10-01,070,SABANA GRANDE DE BOYÁ,MONTE PLATA,MINISTERIO DE AGRICULTURA,EMCV,,,0.0,https://indomet.gob.do/wp-content/uploads/2025/10/temperaturas-extremas-y-precipitaciones-2025x10x01-a-1.pdf
2025-10-01,071,SABANETA (EMA),SANTIAGO RODRÍGUEZ,PROGRAMA MUNDIAL DE ALIMENTO,EMAP,35.8,22.7,0.0,https://indomet.gob.do/wp-content/uploads/2025/10/temperaturas-extremas-y-precipitaciones-2025x10x01-a-1.pdf
2025-10-01,072,SAMANÁ,SAMANÁ,COMANDANCIA DE PUERTO DE SAMANÁ,EMCI,33.9,21.3,0.0,https://indomet.gob.do/wp-content/uploads/2025/10/temperaturas-extremas-y-precipitaciones-2025x10x01-a-1.pdf
2025-10-01,073,SAN CRISTÓBAL,SAN CRISTÓBAL,INSTITUTO POLITÉCNICO LOYOLA,EMCI,32.2,20.2,0.0,https://indomet.gob.do/wp-content/uploads/2025/10/temperaturas-extremas-y-precipitaciones-2025x10x01-a-1.pdf
2025-10-01,074,SAN FRANCISCO DE MACORÍS,DUARTE,San Francisco de Macorís (UASD),EMCI,34.4,21.3,0.0,https://indomet.gob.do/wp-content/uploads/2025/10/temperaturas-extremas-y-precipitaciones-2025x10x01-a-1.pdf
2025-10-01,075,SÁNCHEZ,SAMANÁ,MINISTERIO DE AGRICULTURA,EMCI,35.1,23.9,0.0,https://indomet.gob.do/wp-content/uploads/2025/10/temperaturas-extremas-y-precipitaciones-2025x10x01-a-1.pdf
2025-10-01,076,SANTIAGO RODRÍGUEZ,SANTIAGO RODRÍGUEZ,INDOMET,EMCI,35.8,23.0,0.0,https://indomet.gob.do/wp-content/uploads/2025/10/temperaturas-extremas-y-precipitaciones-2025x10x01-a-1.pdf
2025-10-01,077,SANTO DOMINGO ESTE,SANTO DOMINGO,INDOMET,EMCI,34.0,25.7,0.0,https://indomet.gob.do/wp-content/uploads/2025/10/temperaturas-extremas-y-precipitaciones-2025x10x01-a-1.pdf
2025-10-01,078,TÁBARA ABAJO,AZUA,INDRHI,EMCI,34.9,22.5,0.0,https://indomet.gob.do/wp-content/uploads/2025/10/temperaturas-extremas-y-precipitaciones-2025x10x01-a-1.pdf
2025-10-01,079,TAVERA,SANTIAGO,INDRHI,EMCI,,,0.0,https://indomet.gob.do/wp-content/uploads/2025/10/temperaturas-extremas-y-precipitaciones-2025x10x01-a-1.pdf
2025-10-01,080,JIMA ABAJO,LA VEGA,INDOMET,EMCI,36.0,21.0,0.0,https://indomet.gob.do/wp-content/uploads/2025/10/temperaturas-extremas-y-precipitaciones-2025x10x01-a-1.pdf
2025-10-01,081,VILLA ALTAGRACIA,SAN CRISTÓBAL,ESCUELA JAVIER ANGULO GURIDI,EMCI,,,0.0,https://indomet.gob.do/wp-content/uploads/2025/10/temperaturas-extremas-y-precipitaciones-2025x10x01-a-1.pdf
2025-10-01,082,VILLA GONZALES,SANTIAGO,MINISTERIO DE AGRICULTURA,EMCI,,,0.0,https://indomet.gob.do/wp-content/uploads/2025/10/temperaturas-extremas-y-precipitaciones-2025x10x01-a-1.pdf
2025-10-01,083,VILLA ISABELA,PUERTO PLATA,MINISTERIO DE AGRICULTURA,EMCV,,,0.0,https://indomet.gob.do/wp-content/uploads/2025/10/temperaturas-extremas-y-precipitaciones-2025x10x01-a-1.pdf
2025-10-01,084,VILLA RIVA,DUARTE,HOSP. MPAL. ALICIA DE LEGENDRE,EMCI,34.0,23.7,0.0,https://indomet.gob.do/wp-content/uploads/2025/10/temperaturas-extremas-y-precipitaciones-2025x10x01-a-1.pdf
2025-10-02,001,ARROYO LORO,SAN JUAN,IDIAF,EMCI,33.3,21.6,47.2,https://indomet.gob.do/wp-content/uploads/2025/10/temperaturas-extremas-y-precipitaciones-2025x10x02-a.pdf
2025-10-02,002,VALLE NUEVO (EMA),LA VEGA,MARENA,EMAI,21.4,6.8,25.2,https://indomet.gob.do/wp-content/uploads/2025/10/temperaturas-extremas-y-precipitaciones-2025x10x02-a.pdf
2025-10-02,003,VILLA GONZALES,SANTIAGO,MINISTERIO DE AGRICULTURA,EMCI,,,9.7,https://indomet.gob.do/wp-content/uploads/2025/10/temperaturas-extremas-y-precipitaciones-2025x10x02-a.pdf
2025-10-02,004,ALTO BANDERA (EMA),LA VEGA,INTEC,EMAP,18.0,7.8,6.4,https://indomet.gob.do/wp-content/uploads/2025/10/temperaturas-extremas-y-precipitaciones-2025x10x02-a.pdf
2025-10-02,005,MONCIÓN (EMA),SANTIAGO RODRÍGUEZ,PROGRAMA MUNDIAL DE ALIMENTO,EMAP,32.1,20.9,5.6,https://indomet.gob.do/wp-content/uploads/2025/10/temperaturas-extremas-y-precipitaciones-2025x10x02-a.pdf
2025-10-02,006,HONDO VALLE,ELÍAS PIÑA,MINISTERIO DE AGRICULTURA,EMCI,27.3,17.6,4.6,https://indomet.gob.do/wp-content/uploads/2025/10/temperaturas-extremas-y-precipitaciones-2025x10x02-a.pdf
2025-10-02,007,OLIVARES,PEDERNALES,INDRHI,EMCI,,,4.5,https://indomet.gob.do/wp-content/uploads/2025/10/temperaturas-extremas-y-precipitaciones-2025x10x02-a.pdf
2025-10-02,008,ELÍAS PIÑA,ELÍAS PIÑA,MINISTERIO DE AGRICULTURA,EMCV,,,3.0,https://indomet.gob.do/wp-content/uploads/2025/10/temperaturas-extremas-y-precipitaciones-2025x10x02-a.pdf
2025-10-02,009,ANAMUYA (EMA),LA ALTAGRACIA,MINISTERIO DE AGRICULTURA,EMAP,35.9,22.2,1.0,https://indomet.gob.do/wp-content/uploads/2025/10/temperaturas-extremas-y-precipitaciones-2025x10x02-a.pdf
2025-10-02,010,SAN JOSÉ DE OCOA,SAN JOSÉ DE OCOA,HOSP. SAN JOSÉ DE OCOA,EMCI,31.0,18.9,0.8,https://indomet.gob.do/wp-content/uploads/2025/10/temperaturas-extremas-y-precipitaciones-2025x10x02-a.pdf
2025-10-02,011,JIMANÍ,INDEPENDENCIA,MINISTERIO DE AGRICULTURA,EMCI,35.5,24.6,0.6,https://indomet.gob.do/wp-content/uploads/2025/10/temperaturas-extremas-y-precipitaciones-2025x10x02-a.pdf
2025-10-02,012,PEDERNALES,PEDERNALES,INDRHI,EMCI,,,0.6,https://indomet.gob.do/wp-content/uploads/2025/10/temperaturas-extremas-y-precipitaciones-2025x10x02-a.pdf
2025-10-02,013,RÍO SAN JUAN,MARÍA TRINIDAD SÁNCHEZ,HOSP. MPAL. DR. DESIDERIO ACOSTA,EMCV,34.3,24.4,0.4,https://indomet.gob.do/wp-content/uploads/2025/10/temperaturas-extremas-y-precipitaciones-2025x10x02-a.pdf
2025-10-02,014,PERALTA,AZUA,HOSP. MPAL. DE PERALTA,EMCI,30.0,19.8,0.1,https://indomet.gob.do/wp-content/uploads/2025/10/temperaturas-extremas-y-precipitaciones-2025x10x02-a.pdf
2025-10-02,015,ALTAMIRA,PUERTO PLATA,HOSP. MPAL. DE ALTAMIRA,EMCI,34.1,21.1,0.0,https://indomet.gob.do/wp-content/uploads/2025/10/temperaturas-extremas-y-precipitaciones-2025x10x02-a.pdf
2025-10-02,016,ARPT. ARROYO BARRIL,SAMANÁ,INDOMET,EMCI,32.8,24.9,0.0,https://indomet.gob.do/wp-content/uploads/2025/10/temperaturas-extremas-y-precipitaciones-2025x10x02-a.pdf
2025-10-02,017,ARPT. DE LA ROMANA,LA ROMANA,INDOMET,EMCI,33.0,21.2,0.0,https://indomet.gob.do/wp-content/uploads/2025/10/temperaturas-extremas-y-precipitaciones-2025x10x02-a.pdf
2025-10-02,018,ARPT. DE LAS AMÉRICAS,SANTO DOMINGO,INDOMET,EMCI,32.4,23.0,0.0,https://indomet.gob.do/wp-content/uploads/2025/10/temperaturas-extremas-y-precipitaciones-2025x10x02-a.pdf
2025-10-02,019,ARPT. DE PUNTA CANA,LA ALTAGRACIA,INDOMET,EMCI,32.5,21.8,0.0,https://indomet.gob.do/wp-content/uploads/2025/10/temperaturas-extremas-y-precipitaciones-2025x10x02-a.pdf
2025-10-02,020,ARPT. DEL CIBAO,SANTIAGO,INDOMET,EMCI,36.0,21.8,0.0,https://indomet.gob.do/wp-content/uploads/2025/10/temperaturas-extremas-y-precipitaciones-2025x10x02-a.pdf
2025-10-02,021,ARPT. EL CATEY,SAMANÁ,INDOMET,EMCI,33.0,22.6,0.0,https://indomet.gob.do/wp-content/uploads/2025/10/temperaturas-extremas-y-precipitaciones-2025x10x02-a.pdf
2025-10-02,022,ARPT. GREGORIO LUPERÓN,PUERTO PLATA,INDOMET,EMCI,32.6,24.1,0.0,https://indomet.gob.do/wp-content/uploads/2025/10/temperaturas-extremas-y-precipitaciones-2025x10x02-a.pdf
2025-10-02,023,ARPT. LA ISABELA,SANTO DOMINGO,INDOMET,EMCI,34.5,22.0,0.0,https://indomet.gob.do/wp-content/uploads/2025/10/temperaturas-extremas-y-precipitaciones-2025x10x02-a.pdf
2025-10-02,024,ARPT. MARÍA MONTEZ,BARAHONA,INDOMET,EMCI,32.5,24.2,0.0,https://indomet.gob.do/wp-content/uploads/2025/10/temperaturas-extremas-y-precipitaciones-2025x10x02-a.pdf
2025-10-02,025,BANI (EMA),PERAVIA,MINISTERIO DE AGRICULTURA,EMAP,,,0.0,https://indomet.gob.do/wp-content/uploads/2025/10/temperaturas-extremas-y-precipitaciones-2025x10x02-a.pdf
2025-10-02,026,BASE AÉREA DE SAN ISIDRO,SANTO DOMINGO,FUERZA AÉREA DOMINICANA,EMCV,32.5,22.5,0.0,https://indomet.gob.do/wp-content/uploads/2025/10/temperaturas-extremas-y-precipitaciones-2025x10x02-a.pdf
2025-10-02,027,BAYAGUANA,MONTE PLATA,INDOMET,EMCI,34.6,21.6,0.0,https://indomet.gob.do/wp-content/uploads/2025/10/temperaturas-extremas-y-precipitaciones-2025x10x02-a.pdf
2025-10-02,028,BOCA DE MAO (EMA),VALVERDE,MINISTERIO DE AGRICULTURA,EMAP,37.3,22.9,0.0,https://indomet.gob.do/wp-content/uploads/2025/10/temperaturas-extremas-y-precipitaciones-2025x10x02-a.pdf
2025-10-02,029,BONAO,MONSEÑOR NOUEL,MINISTERIO DE AGRICULTURA,EMCV,,,0.0,https://indomet.gob.do/wp-content/uploads/2025/10/temperaturas-extremas-y-precipitaciones-2025x10x02-a.pdf
2025-10-02,030,CABRAL,BARAHONA,MINISTERIO DE AGRICULTURA,EMCV,33.9,24.7,0.0,https://indomet.gob.do/wp-content/uploads/2025/10/temperaturas-extremas-y-precipitaciones-2025x10x02-a.pdf
2025-10-02,031,CABRERA,MARÍA TRINIDAD SÁNCHEZ,ESCUELA ARÍSTIDES FIALLO CABRAL,EMCI,34.6,25.6,0.0,https://indomet.gob.do/wp-content/uploads/2025/10/temperaturas-extremas-y-precipitaciones-2025x10x02-a.pdf
2025-10-02,032,CENTRO DE LOS HEROES (EMA),DISTRITO NACIONAL,MINISTERIO DE ENERGIA Y MINA,EMAP,31.9,26.5,0.0,https://indomet.gob.do/wp-content/uploads/2025/10/temperaturas-extremas-y-precipitaciones-2025x10x02-a.pdf
2025-10-02,033,CONSTANZA,LA VEGA,MINISTERIO DE AGRICULTURA,EMCI,28.6,15.7,0.0,https://indomet.gob.do/wp-content/uploads/2025/10/temperaturas-extremas-y-precipitaciones-2025x10x02-a.pdf
2025-10-02,034,CONSTANZA (EMA),LA VEGA,PROGRAMA MUNDIAL DE ALIMENTO,EMAP,27.8,16.8,0.0,https://indomet.gob.do/wp-content/uploads/2025/10/temperaturas-extremas-y-precipitaciones-2025x10x02-a.pdf
2025-10-02,035,DAJABÓN,DAJABÓN,INSTITUTO POLITÉCNICO LOYOLA,EMCI,35.7,19.4,0.0,https://indomet.gob.do/wp-content/uploads/2025/10/temperaturas-extremas-y-precipitaciones-2025x10x02-a.pdf
2025-10-02,036,EL FACTOR (EMA),MARÍA TRINIDAD SÁNCHEZ,INTEC,EMAP,35.7,23.6,0.0,https://indomet.gob.do/wp-content/uploads/2025/10/temperaturas-extremas-y-precipitaciones-2025x10x02-a.pdf
2025-10-02,037,ENRIQUILLO,BARAHONA,MINISTERIO DE AGRICULTURA,EMCV,33.7,23.0,0.0,https://indomet.gob.do/wp-content/uploads/2025/10/temperaturas-extremas-y-precipitaciones-2025x10x02-a.pdf
2025-10-02,038,ESCONDIDO,PERAVIA,MINISTERIO DE AGRICULTURA,EMCV,32.0,23.0,0.0,https://indomet.gob.do/wp-content/uploads/2025/10/temperaturas-extremas-y-precipitaciones-2025x10x02-a.pdf
2025-10-02,039,GASPAR HERNÁNDEZ,ESPAILLAT,PROPIEDAD DEL EMPLEADO,EMCI,,,0.0,https://indomet.gob.do/wp-content/uploads/2025/10/temperaturas-extremas-y-precipitaciones-2025x10x02-a.pdf
2025-10-02,040,HATO MAYOR,HATO MAYOR,MINISTERIO DE AGRICULTURA,EMCV,,,0.0,https://indomet.gob.do/wp-content/uploads/2025/10/temperaturas-extremas-y-precipitaciones-2025x10x02-a.pdf
2025-10-02,041,JARABACOA,LA VEGA,INDRHI / MARENA,EMCI,34.0,18.6,0.0,https://indomet.gob.do/wp-content/uploads/2025/10/temperaturas-extremas-y-precipitaciones-2025x10x02-a.pdf
2025-10-02,042,JARABACOA (EMA),LA VEGA,PROGRAMA MUNDIAL DE ALIMENTO,EMAP,32.4,20.2,0.0,https://indomet.gob.do/wp-content/uploads/2025/10/temperaturas-extremas-y-precipitaciones-2025x10x02-a.pdf
2025-10-02,043,JARDÍN BOTÁNICO NACIONAL,DISTRITO NACIONAL,JARDÍN BOTÁNICO NACIONAL,EMCV,33.4,23.2,0.0,https://indomet.gob.do/wp-content/uploads/2025/10/temperaturas-extremas-y-precipitaciones-2025x10x02-a.pdf
2025-10-02,044,JARDÍN BOTÁNICO SANTIAGO (EMSANTIAGO,,JARDIN BOTANICO SANTIAGO,EMAI,35.5,27.0,0.0,https://indomet.gob.do/wp-content/uploads/2025/10/temperaturas-extremas-y-precipitaciones-2025x10x02-a.pdf
2025-10-02,045,JIMA ABAJO,LA VEGA,INDOMET,EMCI,37.6,22.4,0.0,https://indomet.gob.do/wp-content/uploads/2025/10/temperaturas-extremas-y-precipitaciones-2025x10x02-a.pdf
2025-10-02,046,JUMA BEJUCAL,MONSEÑOR NOUEL,IDIAF,EMCV,35.6,24.0,0.0,https://indomet.gob.do/wp-content/uploads/2025/10/temperaturas-extremas-y-precipitaciones-2025x10x02-a.pdf
2025-10-02,047,LA VEGA,LA VEGA,IATESA,EMCI,35.5,22.5,0.0,https://indomet.gob.do/wp-content/uploads/2025/10/temperaturas-extremas-y-precipitaciones-2025x10x02-a.pdf
2025-10-02,048,LA VICTORIA,SANTO DOMINGO,CUERPO DE BOMBEROS,EMCI,35.5,23.4,0.0,https://indomet.gob.do/wp-content/uploads/2025/10/temperaturas-extremas-y-precipitaciones-2025x10x02-a.pdf
2025-10-02,049,LAS MATAS DE SANTA CRUZ (EMA,MONTE CRISTI,PROGRAMA MUNDIAL DE ALIMENTO,EMAP,33.0,22.6,0.0,https://indomet.gob.do/wp-content/uploads/2025/10/temperaturas-extremas-y-precipitaciones-2025x10x02-a.pdf
2025-10-02,050,LOS LLANOS,SAN PEDRO DE MACORÍS,MINISTERIO DE AGRICULTURA,EMCI,34.4,23.0,0.0,https://indomet.gob.do/wp-content/uploads/2025/10/temperaturas-extremas-y-precipitaciones-2025x10x02-a.pdf
2025-10-02,051,LOS TRES CHARCOS (EMA),PEDERNALES,PROPIEDAD DEL VOLUNTARIO,EMAP,33.0,22.6,0.0,https://indomet.gob.do/wp-content/uploads/2025/10/temperaturas-extremas-y-precipitaciones-2025x10x02-a.pdf
2025-10-02,052,MAO,VALVERDE,INDRHI / MINISTERIO DE AGRICULTURA,EMCV,,,0.0,https://indomet.gob.do/wp-content/uploads/2025/10/temperaturas-extremas-y-precipitaciones-2025x10x02-a.pdf
2025-10-02,053,MICHES (EMA),EL SEIBO,PRIVADA,EMAP,31.8,23.3,0.0,https://indomet.gob.do/wp-content/uploads/2025/10/temperaturas-extremas-y-precipitaciones-2025x10x02-a.pdf
2025-10-02,054,MONTE CRISTI,MONTE CRISTI,INDOMET,EMCI,35.0,24.3,0.0,https://indomet.gob.do/wp-content/uploads/2025/10/temperaturas-extremas-y-precipitaciones-2025x10x02-a.pdf
2025-10-02,055,NAVARRETE,SANTIAGO,MINISTERIO DE AGRICULTURA,EMCV,,,0.0,https://indomet.gob.do/wp-content/uploads/2025/10/temperaturas-extremas-y-precipitaciones-2025x10x02-a.pdf
2025-10-02,056,OVIEDO,PEDERNALES,CLÍNICA RURAL OVIEDO,EMCI,33.0,22.5,0.0,https://indomet.gob.do/wp-content/uploads/2025/10/temperaturas-extremas-y-precipitaciones-2025x10x02-a.pdf
2025-10-02,057,PADRE LAS CASAS,AZUA,HOSP. NTRA. SRA. DEL CARMEN,EMCI,33.4,20.0,0.0,https://indomet.gob.do/wp-content/uploads/2025/10/temperaturas-extremas-y-precipitaciones-2025x10x02-a.pdf
2025-10-02,058,PALO ÍNDIO,PUERTO PLATA,MINISTERIO DE AGRICULTURA,EMCI,,,0.0,https://indomet.gob.do/wp-content/uploads/2025/10/temperaturas-extremas-y-precipitaciones-2025x10x02-a.pdf
2025-10-02,059,PASO AL MEDIO,SAN PEDRO DE MACORÍS,INDRHI,EMCI,,,0.0,https://indomet.gob.do/wp-content/uploads/2025/10/temperaturas-extremas-y-precipitaciones-2025x10x02-a.pdf
2025-10-02,060,PESCADERIA (EMA),BARAHONA,MINISTERIO DE AGRICULTURA,EMAP,,,0.0,https://indomet.gob.do/wp-content/uploads/2025/10/temperaturas-extremas-y-precipitaciones-2025x10x02-a.pdf
2025-10-02,061,POLO,BARAHONA,INDOCAFE,EMCI,30.5,18.0,0.0,https://indomet.gob.do/wp-content/uploads/2025/10/temperaturas-extremas-y-precipitaciones-2025x10x02-a.pdf
2025-10-02,062,PONTÓN ABAJO (EMA),LA VEGA,MINISTERIO DE AGRICULTURA,EMAP,38.2,24.2,0.0,https://indomet.gob.do/wp-content/uploads/2025/10/temperaturas-extremas-y-precipitaciones-2025x10x02-a.pdf
2025-10-02,063,PRESA DE TAVERAS (EMA),LA VEGA,PROGRAMA MUNDIAL DE ALIMENTO,EMAP,35.4,22.1,0.0,https://indomet.gob.do/wp-content/uploads/2025/10/temperaturas-extremas-y-precipitaciones-2025x10x02-a.pdf
2025-10-02,064,RANCHO ARRIBA,SAN JOSÉ DE OCOA,CENTRO TECNOLÓGICO COMUNITARIO,EMCI,32.0,18.8,0.0,https://indomet.gob.do/wp-content/uploads/2025/10/temperaturas-extremas-y-precipitaciones-2025x10x02-a.pdf
2025-10-02,065,RESTAURACIÓN,DAJABÓN,MINISTERIO DE AGRICULTURA,EMCI,31.5,16.0,0.0,https://indomet.gob.do/wp-content/uploads/2025/10/temperaturas-extremas-y-precipitaciones-2025x10x02-a.pdf
2025-10-02,066,SABANA DE LA MAR,HATO MAYOR,INDOMET,EMCI,34.5,22.5,0.0,https://indomet.gob.do/wp-content/uploads/2025/10/temperaturas-extremas-y-precipitaciones-2025x10x02-a.pdf
2025-10-02,067,SABANA GRANDE DE BOYÁ,MONTE PLATA,MINISTERIO DE AGRICULTURA,EMCV,,,0.0,https://indomet.gob.do/wp-content/uploads/2025/10/temperaturas-extremas-y-precipitaciones-2025x10x02-a.pdf
2025-10-02,068,SABANETA (EMA),SANTIAGO RODRÍGUEZ,PROGRAMA MUNDIAL DE ALIMENTO,EMAP,36.3,23.3,0.0,https://indomet.gob.do/wp-content/uploads/2025/10/temperaturas-extremas-y-precipitaciones-2025x10x02-a.pdf
2025-10-02,069,SAJOMA (EMA),SANTIAGO,PLAN SIERRA,EMAI,33.6,25.1,0.0,https://indomet.gob.do/wp-content/uploads/2025/10/temperaturas-extremas-y-precipitaciones-2025x10x02-a.pdf
2025-10-02,070,SALCEDO,HERMANAS MIRABAL,PROPIEDAD DEL EMPLEADO,EMCI,,,0.0,https://indomet.gob.do/wp-content/uploads/2025/10/temperaturas-extremas-y-precipitaciones-2025x10x02-a.pdf
2025-10-02,071,SAMANÁ,SAMANÁ,COMANDANCIA DE PUERTO DE SAMANÁ,EMCI,34.0,21.0,0.0,https://indomet.gob.do/wp-content/uploads/2025/10/temperaturas-extremas-y-precipitaciones-2025x10x02-a.pdf
2025-10-02,072,SAN CRISTÓBAL,SAN CRISTÓBAL,INSTITUTO POLITÉCNICO LOYOLA,EMCI,32.2,20.0,0.0,https://indomet.gob.do/wp-content/uploads/2025/10/temperaturas-extremas-y-precipitaciones-2025x10x02-a.pdf
2025-10-02,073,SAN FRANCISCO DE MACORÍS,DUARTE,San Francisco de Macorís (UASD),EMCI,34.7,23.5,0.0,https://indomet.gob.do/wp-content/uploads/2025/10/temperaturas-extremas-y-precipitaciones-2025x10x02-a.pdf
2025-10-02,074,SAN RAFAEL DEL YUMA,LA ALTAGRACIA,MINISTERIO DE AGRICULTURA,EMCI,35.7,23.6,0.0,https://indomet.gob.do/wp-content/uploads/2025/10/temperaturas-extremas-y-precipitaciones-2025x10x02-a.pdf
2025-10-02,075,SÁNCHEZ,SAMANÁ,MINISTERIO DE AGRICULTURA,EMCI,35.0,23.5,0.0,https://indomet.gob.do/wp-content/uploads/2025/10/temperaturas-extremas-y-precipitaciones-2025x10x02-a.pdf
2025-10-02,076,SANTIAGO RODRÍGUEZ,SANTIAGO RODRÍGUEZ,INDOMET,EMCI,36.3,23.4,0.0,https://indomet.gob.do/wp-content/uploads/2025/10/temperaturas-extremas-y-precipitaciones-2025x10x02-a.pdf
2025-10-02,077,SANTO DOMINGO ESTE,SANTO DOMINGO,INDOMET,EMCI,33.0,25.5,0.0,https://indomet.gob.do/wp-content/uploads/2025/10/temperaturas-extremas-y-precipitaciones-2025x10x02-a.pdf
2025-10-02,078,TÁBARA ABAJO,AZUA,INDRHI,EMCI,33.9,22.3,0.0,https://indomet.gob.do/wp-content/uploads/2025/10/temperaturas-extremas-y-precipitaciones-2025x10x02-a.pdf
2025-10-02,079,TAMBORIL,SANTIAGO,MINISTERIO DE AGRICULTURA,EMCV,,,0.0,https://indomet.gob.do/wp-content/uploads/2025/10/temperaturas-extremas-y-precipitaciones-2025x10x02-a.pdf
2025-10-02,080,TAVERA,SANTIAGO,INDRHI,EMCI,,,0.0,https://indomet.gob.do/wp-content/uploads/2025/10/temperaturas-extremas-y-precipitaciones-2025x10x02-a.pdf
2025-10-02,081,VILLA ALTAGRACIA,SAN CRISTÓBAL,ESCUELA JAVIER ANGULO GURIDI,EMCI,,,0.0,https://indomet.gob.do/wp-content/uploads/2025/10/temperaturas-extremas-y-precipitaciones-2025x10x02-a.pdf
2025-10-02,082,VILLA GONZALE (EMA),SANTIAGO,IGLESIA,EMAI,,,0.0,https://indomet.gob.do/wp-content/uploads/2025/10/temperaturas-extremas-y-precipitaciones-2025x10x02-a.pdf
2025-10-02,083,VILLA ISABELA,PUERTO PLATA,MINISTERIO DE AGRICULTURA,EMCV,,,0.0,https://indomet.gob.do/wp-content/uploads/2025/10/temperaturas-extremas-y-precipitaciones-2025x10x02-a.pdf
2025-10-02,084,VILLA RIVA,DUARTE,HOSP. MPAL. ALICIA DE LEGENDRE,EMCI,35.0,23.5,0.0,https://indomet.gob.do/wp-content/uploads/2025/10/temperaturas-extremas-y-precipitaciones-2025x10x02-a.pdf
2025-10-03,001,ALTAMIRA,PUERTO PLATA,HOSP. MPAL. DE ALTAMIRA,EMCI,33.8,21.6,0.0,https://indomet.gob.do/wp-content/uploads/2025/10/temperaturas-extremas-y-precipitaciones-2025x10x03-b.pdf
2025-10-03,002,ALTO BANDERA (EMA),LA VEGA,INTEC,EMAP,18.3,9.1,0.0,https://indomet.gob.do/wp-content/uploads/2025/10/temperaturas-extremas-y-precipitaciones-2025x10x03-b.pdf
2025-10-03,003,ANAMUYA (EMA),LA ALTAGRACIA,MINISTERIO DE AGRICULTURA,EMAP,32.7,23.3,0.0,https://indomet.gob.do/wp-content/uploads/2025/10/temperaturas-extremas-y-precipitaciones-2025x10x03-b.pdf
2025-10-03,004,ARPT. ARROYO BARRIL,SAMANÁ,INDOMET,EMCI,33.5,24.8,0.0,https://indomet.gob.do/wp-content/uploads/2025/10/temperaturas-extremas-y-precipitaciones-2025x10x03-b.pdf
2025-10-03,005,ARPT. DE LA ROMANA,LA ROMANA,INDOMET,EMCI,34.0,21.5,0.0,https://indomet.gob.do/wp-content/uploads/2025/10/temperaturas-extremas-y-precipitaciones-2025x10x03-b.pdf
2025-10-03,006,ARPT. DE LAS AMÉRICAS,SANTO DOMINGO,INDOMET,EMCI,32.5,23.3,0.0,https://indomet.gob.do/wp-content/uploads/2025/10/temperaturas-extremas-y-precipitaciones-2025x10x03-b.pdf
2025-10-03,007,ARPT. DE PUNTA CANA,LA ALTAGRACIA,INDOMET,EMCI,32.8,22.8,0.0,https://indomet.gob.do/wp-content/uploads/2025/10/temperaturas-extremas-y-precipitaciones-2025x10x03-b.pdf
2025-10-03,008,ARPT. DEL CIBAO,SANTIAGO,INDOMET,EMCI,35.2,22.4,0.0,https://indomet.gob.do/wp-content/uploads/2025/10/temperaturas-extremas-y-precipitaciones-2025x10x03-b.pdf
2025-10-03,009,ARPT. EL CATEY,SAMANÁ,INDOMET,EMCI,31.2,23.0,0.0,https://indomet.gob.do/wp-content/uploads/2025/10/temperaturas-extremas-y-precipitaciones-2025x10x03-b.pdf
2025-10-03,010,ARPT. GREGORIO LUPERÓN,PUERTO PLATA,INDOMET,EMCI,33.0,24.2,0.0,https://indomet.gob.do/wp-content/uploads/2025/10/temperaturas-extremas-y-precipitaciones-2025x10x03-b.pdf
2025-10-03,011,ARPT. LA ISABELA,SANTO DOMINGO,INDOMET,EMCI,35.2,22.5,0.0,https://indomet.gob.do/wp-content/uploads/2025/10/temperaturas-extremas-y-precipitaciones-2025x10x03-b.pdf
2025-10-03,012,ARPT. MARÍA MONTEZ,BARAHONA,INDOMET,EMCI,33.0,23.5,0.0,https://indomet.gob.do/wp-content/uploads/2025/10/temperaturas-extremas-y-precipitaciones-2025x10x03-b.pdf
2025-10-03,013,ARROYO LORO,SAN JUAN,IDIAF,EMCI,33.2,22.7,0.1,https://indomet.gob.do/wp-content/uploads/2025/10/temperaturas-extremas-y-precipitaciones-2025x10x03-b.pdf
2025-10-03,014,BANI (EMA),PERAVIA,MINISTERIO DE AGRICULTURA,EMAP,33.3,23.8,0.0,https://indomet.gob.do/wp-content/uploads/2025/10/temperaturas-extremas-y-precipitaciones-2025x10x03-b.pdf
2025-10-03,016,BASE AÉREA DE SAN ISIDRO,SANTO DOMINGO,FUERZA AÉREA DOMINICANA,EMCV,32.1,23.0,0.0,https://indomet.gob.do/wp-content/uploads/2025/10/temperaturas-extremas-y-precipitaciones-2025x10x03-b.pdf
2025-10-03,017,BAYAGUANA,MONTE PLATA,INDOMET,EMCI,34.2,21.7,0.0,https://indomet.gob.do/wp-content/uploads/2025/10/temperaturas-extremas-y-precipitaciones-2025x10x03-b.pdf
2025-10-03,019,BOCA DE MAO (EMA),VALVERDE,MINISTERIO DE AGRICULTURA,EMAP,37.3,23.3,0.0,https://indomet.gob.do/wp-content/uploads/2025/10/temperaturas-extremas-y-precipitaciones-2025x10x03-b.pdf
2025-10-03,021,BONAO,MONSEÑOR NOUEL,MINISTERIO DE AGRICULTURA,EMCV,,,0.0,https://indomet.gob.do/wp-content/uploads/2025/10/temperaturas-extremas-y-precipitaciones-2025x10x03-b.pdf
2025-10-03,022,CABRAL,BARAHONA,MINISTERIO DE AGRICULTURA,EMCV,35.2,23.3,0.0,https://indomet.gob.do/wp-content/uploads/2025/10/temperaturas-extremas-y-precipitaciones-2025x10x03-b.pdf
2025-10-03,024,CENTRO DE LOS HEROES (EMA),DISTRITO NACIONAL,MINISTERIO DE ENERGIA Y MINA,EMAP,32.8,26.8,0.0,https://indomet.gob.do/wp-content/uploads/2025/10/temperaturas-extremas-y-precipitaciones-2025x10x03-b.pdf
2025-10-03,025,CONSTANZA,LA VEGA,MINISTERIO DE AGRICULTURA,EMCI,28.5,14.0,0.0,https://indomet.gob.do/wp-content/uploads/2025/10/temperaturas-extremas-y-precipitaciones-2025x10x03-b.pdf
2025-10-03,026,CONSTANZA (EMA),LA VEGA,PROGRAMA MUNDIAL DE ALIMENTO,EMAP,27.8,15.4,0.0,https://indomet.gob.do/wp-content/uploads/2025/10/temperaturas-extremas-y-precipitaciones-2025x10x03-b.pdf
2025-10-03,028,DAJABÓN,DAJABÓN,INSTITUTO POLITÉCNICO LOYOLA,EMCI,34.0,21.6,0.0,https://indomet.gob.do/wp-content/uploads/2025/10/temperaturas-extremas-y-precipitaciones-2025x10x03-b.pdf
2025-10-03,030,EL FACTOR (EMA),MARÍA TRINIDAD SÁNCHEZ,INTEC,EMAP,33.9,22.9,0.0,https://indomet.gob.do/wp-content/uploads/2025/10/temperaturas-extremas-y-precipitaciones-2025x10x03-b.pdf
2025-10-03,032,ELÍAS PIÑA,ELÍAS PIÑA,MINISTERIO DE AGRICULTURA,EMCV,,,0.0,https://indomet.gob.do/wp-content/uploads/2025/10/temperaturas-extremas-y-precipitaciones-2025x10x03-b.pdf
2025-10-03,033,ENRIQUILLO,BARAHONA,MINISTERIO DE AGRICULTURA,EMCV,34.0,22.5,0.0,https://indomet.gob.do/wp-content/uploads/2025/10/temperaturas-extremas-y-precipitaciones-2025x10x03-b.pdf
2025-10-03,035,GASPAR HERNÁNDEZ,ESPAILLAT,PROPIEDAD DEL EMPLEADO,EMCI,,,0.0,https://indomet.gob.do/wp-content/uploads/2025/10/temperaturas-extremas-y-precipitaciones-2025x10x03-b.pdf
2025-10-03,036,GURABO,SANTIAGO,MINISTERIO DE AGRICULTURA,EMCV,,,15.5,https://indomet.gob.do/wp-content/uploads/2025/10/temperaturas-extremas-y-precipitaciones-2025x10x03-b.pdf
2025-10-03,037,HATO MAYOR,HATO MAYOR,MINISTERIO DE AGRICULTURA,EMCV,,,0.2,https://indomet.gob.do/wp-content/uploads/2025/10/temperaturas-extremas-y-precipitaciones-2025x10x03-b.pdf
2025-10-03,039,HONDO VALLE,ELÍAS PIÑA,MINISTERIO DE AGRICULTURA,EMCI,27.1,17.5,2.6,https://indomet.gob.do/wp-content/uploads/2025/10/temperaturas-extremas-y-precipitaciones-2025x10x03-b.pdf
2025-10-03,040,JARABACOA,LA VEGA,INDRHI / MARENA,EMCI,33.8,18.8,0.0,https://indomet.gob.do/wp-content/uploads/2025/10/temperaturas-extremas-y-precipitaciones-2025x10x03-b.pdf
2025-10-03,041,JARABACOA (EMA),LA VEGA,PROGRAMA MUNDIAL DE ALIMENTO,EMAP,32.3,20.0,0.0,https://indomet.gob.do/wp-content/uploads/2025/10/temperaturas-extremas-y-precipitaciones-2025x10x03-b.pdf
2025-10-03,043,JIMANÍ,INDEPENDENCIA,MINISTERIO DE AGRICULTURA,EMCI,35.4,25.0,0.0,https://indomet.gob.do/wp-content/uploads/2025/10/temperaturas-extremas-y-precipitaciones-2025x10x03-b.pdf
2025-10-03,044,JUMA BEJUCAL,MONSEÑOR NOUEL,IDIAF,EMCV,36.0,28.8,0.0,https://indomet.gob.do/wp-content/uploads/2025/10/temperaturas-extremas-y-precipitaciones-2025x10x03-b.pdf
2025-10-03,045,LA VEGA,LA VEGA,IATESA,EMCI,35.5,23.0,0.0,https://indomet.gob.do/wp-content/uploads/2025/10/temperaturas-extremas-y-precipitaciones-2025x10x03-b.pdf
2025-10-03,046,LA VICTORIA,SANTO DOMINGO,CUERPO DE BOMBEROS,EMCI,35.4,24.0,0.0,https://indomet.gob.do/wp-content/uploads/2025/10/temperaturas-extremas-y-precipitaciones-2025x10x03-b.pdf
2025-10-03,050,LAS MATAS DE SANTA CRUZ (EMA,MONTE CRISTI,PROGRAMA MUNDIAL DE ALIMENTO,EMAP,,,0.0,https://indomet.gob.do/wp-content/uploads/2025/10/temperaturas-extremas-y-precipitaciones-2025x10x03-b.pdf
2025-10-03,052,LOS LLANOS,SAN PEDRO DE MACORÍS,MINISTERIO DE AGRICULTURA,EMCI,35.3,23.2,0.0,https://indomet.gob.do/wp-content/uploads/2025/10/temperaturas-extremas-y-precipitaciones-2025x10x03-b.pdf
2025-10-03,053,LOS TRES CHARCOS (EMA),PEDERNALES,PROPIEDAD DEL VOLUNTARIO,EMAP,33.2,22.4,0.0,https://indomet.gob.do/wp-content/uploads/2025/10/temperaturas-extremas-y-precipitaciones-2025x10x03-b.pdf
2025-10-03,055,MAO,VALVERDE,INDRHI / MINISTERIO DE AGRICULTURA,EMCV,,,0.0,https://indomet.gob.do/wp-content/uploads/2025/10/temperaturas-extremas-y-precipitaciones-2025x10x03-b.pdf
2025-10-03,057,MICHES (EMA),EL SEIBO,PRIVADA,EMAP,31.8,22.9,0.0,https://indomet.gob.do/wp-content/uploads/2025/10/temperaturas-extremas-y-precipitaciones-2025x10x03-b.pdf
2025-10-03,060,MONCIÓN (EMA),SANTIAGO RODRÍGUEZ,PROGRAMA MUNDIAL DE ALIMENTO,EMAP,32.4,21.5,0.6,https://indomet.gob.do/wp-content/uploads/2025/10/temperaturas-extremas-y-precipitaciones-2025x10x03-b.pdf
2025-10-03,061,MONTE CRISTI,MONTE CRISTI,INDOMET,EMCI,35.0,24.8,0.0,https://indomet.gob.do/wp-content/uploads/2025/10/temperaturas-extremas-y-precipitaciones-2025x10x03-b.pdf
2025-10-03,063,NAVARRETE,SANTIAGO,MINISTERIO DE AGRICULTURA,EMCV,,,0.0,https://indomet.gob.do/wp-content/uploads/2025/10/temperaturas-extremas-y-precipitaciones-2025x10x03-b.pdf
2025-10-03,065,OLIVARES,PEDERNALES,INDRHI,EMCI,,,0.0,https://indomet.gob.do/wp-content/uploads/2025/10/temperaturas-extremas-y-precipitaciones-2025x10x03-b.pdf
2025-10-03,066,OVIEDO,PEDERNALES,CLÍNICA RURAL OVIEDO,EMCI,33.2,22.0,0.0,https://indomet.gob.do/wp-content/uploads/2025/10/temperaturas-extremas-y-precipitaciones-2025x10x03-b.pdf
2025-10-03,067,PADRE LAS CASAS,AZUA,HOSP. NTRA. SRA. DEL CARMEN,EMCI,34.5,21.0,0.0,https://indomet.gob.do/wp-content/uploads/2025/10/temperaturas-extremas-y-precipitaciones-2025x10x03-b.pdf
2025-10-03,069,PALO ÍNDIO,PUERTO PLATA,MINISTERIO DE AGRICULTURA,EMCI,,,0.0,https://indomet.gob.do/wp-content/uploads/2025/10/temperaturas-extremas-y-precipitaciones-2025x10x03-b.pdf
2025-10-03,072,PEDERNALES,PEDERNALES,INDRHI,EMCI,,,0.0,https://indomet.gob.do/wp-content/uploads/2025/10/temperaturas-extremas-y-precipitaciones-2025x10x03-b.pdf
2025-10-03,073,PERALTA,AZUA,HOSP. MPAL. DE PERALTA,EMCI,31.7,19.2,4.4,https://indomet.gob.do/wp-content/uploads/2025/10/temperaturas-extremas-y-precipitaciones-2025x10x03-b.pdf
2025-10-03,074,PESCADERIA (EMA),BARAHONA,MINISTERIO DE AGRICULTURA,EMAP,,,0.0,https://indomet.gob.do/wp-content/uploads/2025/10/temperaturas-extremas-y-precipitaciones-2025x10x03-b.pdf
2025-10-03,075,POLO,BARAHONA,INDOCAFE,EMCI,31.0,17.2,0.0,https://indomet.gob.do/wp-content/uploads/2025/10/temperaturas-extremas-y-precipitaciones-2025x10x03-b.pdf
2025-10-03,076,PONTÓN ABAJO (EMA),LA VEGA,MINISTERIO DE AGRICULTURA,EMAP,38.0,24.2,0.0,https://indomet.gob.do/wp-content/uploads/2025/10/temperaturas-extremas-y-precipitaciones-2025x10x03-b.pdf
2025-10-03,077,PRESA DE TAVERAS (EMA),LA VEGA,PROGRAMA MUNDIAL DE ALIMENTO,EMAP,35.3,21.9,0.0,https://indomet.gob.do/wp-content/uploads/2025/10/temperaturas-extremas-y-precipitaciones-2025x10x03-b.pdf
2025-10-03,078,RANCHO ARRIBA,SAN JOSÉ DE OCOA,CENTRO TECNOLÓGICO COMUNITARIO,EMCI,25.5,19.4,0.0,https://indomet.gob.do/wp-content/uploads/2025/10/temperaturas-extremas-y-precipitaciones-2025x10x03-b.pdf
2025-10-03,079,RESTAURACIÓN,DAJABÓN,MINISTERIO DE AGRICULTURA,EMCI,31.8,17.2,1.4,https://indomet.gob.do/wp-content/uploads/2025/10/temperaturas-extremas-y-precipitaciones-2025x10x03-b.pdf
2025-10-03,080,RÍO SAN JUAN,MARÍA TRINIDAD SÁNCHEZ,HOSP. MPAL. DR. DESIDERIO ACOSTA,EMCV,34.8,23.5,0.0,https://indomet.gob.do/wp-content/uploads/2025/10/temperaturas-extremas-y-precipitaciones-2025x10x03-b.pdf
2025-10-03,081,SABANA DE LA MAR,HATO MAYOR,INDOMET,EMCI,33.0,22.5,0.0,https://indomet.gob.do/wp-content/uploads/2025/10/temperaturas-extremas-y-precipitaciones-2025x10x03-b.pdf
2025-10-03,083,SABANETA (EMA),SANTIAGO RODRÍGUEZ,PROGRAMA MUNDIAL DE ALIMENTO,EMAP,36.5,23.4,0.8,https://indomet.gob.do/wp-content/uploads/2025/10/temperaturas-extremas-y-precipitaciones-2025x10x03-b.pdf
2025-10-03,084,SALCEDO,HERMANAS MIRABAL,PROPIEDAD DEL EMPLEADO,EMCI,,,0.1,https://indomet.gob.do/wp-content/uploads/2025/10/temperaturas-extremas-y-precipitaciones-2025x10x03-b.pdf
2025-10-03,085,SAMANÁ,SAMANÁ,COMANDANCIA DE PUERTO DE SAMANÁ,EMCI,33.9,20.9,0.0,https://indomet.gob.do/wp-content/uploads/2025/10/temperaturas-extremas-y-precipitaciones-2025x10x03-b.pdf
2025-10-03,086,SAN CRISTÓBAL,SAN CRISTÓBAL,INSTITUTO POLITÉCNICO LOYOLA,EMCI,33.0,21.2,0.0,https://indomet.gob.do/wp-content/uploads/2025/10/temperaturas-extremas-y-precipitaciones-2025x10x03-b.pdf
2025-10-03,088,SAN JOSÉ DE OCOA,SAN JOSÉ DE OCOA,HOSP. SAN JOSÉ DE OCOA,EMCI,31.1,19.0,0.0,https://indomet.gob.do/wp-content/uploads/2025/10/temperaturas-extremas-y-precipitaciones-2025x10x03-b.pdf
2025-10-03,089,SAN RAFAEL DEL YUMA,LA ALTAGRACIA,MINISTERIO DE AGRICULTURA,EMCI,36.0,23.5,0.0,https://indomet.gob.do/wp-content/uploads/2025/10/temperaturas-extremas-y-precipitaciones-2025x10x03-b.pdf
2025-10-03,090,SÁNCHEZ,SAMANÁ,MINISTERIO DE AGRICULTURA,EMCI,33.4,23.6,0.0,https://indomet.gob.do/wp-content/uploads/2025/10/temperaturas-extremas-y-precipitaciones-2025x10x03-b.pdf
2025-10-03,091,SANTIAGO,SANTIAGO,HUACALITO,EMCI,,,30.0,https://indomet.gob.do/wp-content/uploads/2025/10/temperaturas-extremas-y-precipitaciones-2025x10x03-b.pdf
2025-10-03,099,SANTIAGO RODRÍGUEZ,SANTIAGO RODRÍGUEZ,INDOMET,EMCI,36.6,24.0,1.2,https://indomet.gob.do/wp-content/uploads/2025/10/temperaturas-extremas-y-precipitaciones-2025x10x03-b.pdf
2025-10-03,100,SANTO DOMINGO ESTE,SANTO DOMINGO,INDOMET,EMCI,33.6,25.8,0.0,https://indomet.gob.do/wp-content/uploads/2025/10/temperaturas-extremas-y-precipitaciones-2025x10x03-b.pdf
2025-10-03,101,TÁBARA ABAJO,AZUA,INDRHI,EMCI,32.9,24.2,8.0,https://indomet.gob.do/wp-content/uploads/2025/10/temperaturas-extremas-y-precipitaciones-2025x10x03-b.pdf
2025-10-03,104,JIMA ABAJO,LA VEGA,INDOMET,EMCI,36.6,21.5,0.0,https://indomet.gob.do/wp-content/uploads/2025/10/temperaturas-extremas-y-precipitaciones-2025x10x03-b.pdf
2025-10-03,106,VALLE NUEVO (EMA),LA VEGA,MARENA,EMAI,21.8,7.6,4.1,https://indomet.gob.do/wp-content/uploads/2025/10/temperaturas-extremas-y-precipitaciones-2025x10x03-b.pdf
2025-10-03,107,VILLA ALTAGRACIA,SAN CRISTÓBAL,ESCUELA JAVIER ANGULO GURIDI,EMCI,,,0.0,https://indomet.gob.do/wp-content/uploads/2025/10/temperaturas-extremas-y-precipitaciones-2025x10x03-b.pdf
2025-10-03,108,VILLA GONZALES,SANTIAGO,MINISTERIO DE AGRICULTURA,EMCI,,,0.0,https://indomet.gob.do/wp-content/uploads/2025/10/temperaturas-extremas-y-precipitaciones-2025x10x03-b.pdf
2025-10-03,109,VILLA ISABELA,PUERTO PLATA,MINISTERIO DE AGRICULTURA,EMCV,,,0.0,https://indomet.gob.do/wp-content/uploads/2025/10/temperaturas-extremas-y-precipitaciones-2025x10x03-b.pdf
2025-10-03,110,VILLA RIVA,DUARTE,HOSP. MPAL. ALICIA DE LEGENDRE,EMCI,34.0,23.0,0.0,https://indomet.gob.do/wp-content/uploads/2025/10/temperaturas-extremas-y-precipitaciones-2025x10x03-b.pdf
2025-10-04,001,ALTAMIRA,PUERTO PLATA,HOSP. MPAL. DE ALTAMIRA,EMCI,34.8,20.7,1.0,https://indomet.gob.do/wp-content/uploads/2025/10/temperaturas-extremas-y-precipitaciones-2025x10x04-a.pdf
2025-10-04,002,ALTO BANDERA (EMA),LA VEGA,INTEC,EMAP,18.8,8.5,0.0,https://indomet.gob.do/wp-content/uploads/2025/10/temperaturas-extremas-y-precipitaciones-2025x10x04-a.pdf
2025-10-04,003,ANAMUYA (EMA),LA ALTAGRACIA,MINISTERIO DE AGRICULTURA,EMAP,32.9,23.3,0.0,https://indomet.gob.do/wp-content/uploads/2025/10/temperaturas-extremas-y-precipitaciones-2025x10x04-a.pdf
2025-10-04,004,ARPT. ARROYO BARRIL,SAMANÁ,INDOMET,EMCI,34.0,23.7,0.0,https://indomet.gob.do/wp-content/uploads/2025/10/temperaturas-extremas-y-precipitaciones-2025x10x04-a.pdf
2025-10-04,005,ARPT. DE LA ROMANA,LA ROMANA,INDOMET,EMCI,33.5,21.6,7.5,https://indomet.gob.do/wp-content/uploads/2025/10/temperaturas-extremas-y-precipitaciones-2025x10x04-a.pdf
2025-10-04,006,ARPT. DE LAS AMÉRICAS,SANTO DOMINGO,INDOMET,EMCI,33.0,23.5,7.0,https://indomet.gob.do/wp-content/uploads/2025/10/temperaturas-extremas-y-precipitaciones-2025x10x04-a.pdf
2025-10-04,007,ARPT. DE PUNTA CANA,LA ALTAGRACIA,INDOMET,EMCI,32.5,23.0,0.0,https://indomet.gob.do/wp-content/uploads/2025/10/temperaturas-extremas-y-precipitaciones-2025x10x04-a.pdf
2025-10-04,008,ARPT. DEL CIBAO,SANTIAGO,INDOMET,EMCI,35.5,22.6,0.5,https://indomet.gob.do/wp-content/uploads/2025/10/temperaturas-extremas-y-precipitaciones-2025x10x04-a.pdf
2025-10-04,009,ARPT. EL CATEY,SAMANÁ,INDOMET,EMCI,31.5,22.5,0.0,https://indomet.gob.do/wp-content/uploads/2025/10/temperaturas-extremas-y-precipitaciones-2025x10x04-a.pdf
2025-10-04,010,ARPT. GREGORIO LUPERÓN,PUERTO PLATA,INDOMET,EMCI,33.5,22.8,0.0,https://indomet.gob.do/wp-content/uploads/2025/10/temperaturas-extremas-y-precipitaciones-2025x10x04-a.pdf
2025-10-04,011,ARPT. LA ISABELA,SANTO DOMINGO,INDOMET,EMCI,35.0,22.9,0.1,https://indomet.gob.do/wp-content/uploads/2025/10/temperaturas-extremas-y-precipitaciones-2025x10x04-a.pdf
2025-10-04,012,ARPT. MARÍA MONTEZ,BARAHONA,INDOMET,EMCI,32.6,23.0,0.0,https://indomet.gob.do/wp-content/uploads/2025/10/temperaturas-extremas-y-precipitaciones-2025x10x04-a.pdf
2025-10-04,013,ARROYO LORO,SAN JUAN,IDIAF,EMCI,33.2,19.7,73.5,https://indomet.gob.do/wp-content/uploads/2025/10/temperaturas-extremas-y-precipitaciones-2025x10x04-a.pdf
2025-10-04,014,BANI (EMA),PERAVIA,MINISTERIO DE AGRICULTURA,EMAP,32.8,23.9,0.0,https://indomet.gob.do/wp-content/uploads/2025/10/temperaturas-extremas-y-precipitaciones-2025x10x04-a.pdf
2025-10-04,016,BASE AÉREA DE SAN ISIDRO,SANTO DOMINGO,FUERZA AÉREA DOMINICANA,EMCV,33.6,22.5,0.0,https://indomet.gob.do/wp-content/uploads/2025/10/temperaturas-extremas-y-precipitaciones-2025x10x04-a.pdf
2025-10-04,017,BAYAGUANA,MONTE PLATA,INDOMET,EMCI,34.4,22.2,24.6,https://indomet.gob.do/wp-content/uploads/2025/10/temperaturas-extremas-y-precipitaciones-2025x10x04-a.pdf
2025-10-04,019,BOCA DE MAO (EMA),VALVERDE,MINISTERIO DE AGRICULTURA,EMAP,37.2,21.9,5.4,https://indomet.gob.do/wp-content/uploads/2025/10/temperaturas-extremas-y-precipitaciones-2025x10x04-a.pdf
2025-10-04,022,CABRAL,BARAHONA,MINISTERIO DE AGRICULTURA,EMCV,34.7,23.5,0.1,https://indomet.gob.do/wp-content/uploads/2025/10/temperaturas-extremas-y-precipitaciones-2025x10x04-a.pdf
2025-10-04,023,CABRERA,MARÍA TRINIDAD SÁNCHEZ,ESCUELA ARÍSTIDES FIALLO CABRAL,EMCI,34.2,25.0,0.0,https://indomet.gob.do/wp-content/uploads/2025/10/temperaturas-extremas-y-precipitaciones-2025x10x04-a.pdf
2025-10-04,024,CENTRO DE LOS HEROES (EMA),DISTRITO NACIONAL,MINISTERIO DE ENERGIA Y MINA,EMAP,32.6,26.4,0.0,https://indomet.gob.do/wp-content/uploads/2025/10/temperaturas-extremas-y-precipitaciones-2025x10x04-a.pdf
2025-10-04,026,CONSTANZA (EMA),LA VEGA,PROGRAMA MUNDIAL DE ALIMENTO,EMAP,27.7,14.6,0.0,https://indomet.gob.do/wp-content/uploads/2025/10/temperaturas-extremas-y-precipitaciones-2025x10x04-a.pdf
2025-10-04,028,DAJABÓN,DAJABÓN,INSTITUTO POLITÉCNICO LOYOLA,EMCI,33.5,19.2,24.7,https://indomet.gob.do/wp-content/uploads/2025/10/temperaturas-extremas-y-precipitaciones-2025x10x04-a.pdf
2025-10-04,030,EL FACTOR (EMA),MARÍA TRINIDAD SÁNCHEZ,INTEC,EMAP,34.3,23.2,0.0,https://indomet.gob.do/wp-content/uploads/2025/10/temperaturas-extremas-y-precipitaciones-2025x10x04-a.pdf
2025-10-04,033,ENRIQUILLO,BARAHONA,MINISTERIO DE AGRICULTURA,EMCV,33.8,23.5,0.0,https://indomet.gob.do/wp-content/uploads/2025/10/temperaturas-extremas-y-precipitaciones-2025x10x04-a.pdf
2025-10-04,034,ESCONDIDO,PERAVIA,MINISTERIO DE AGRICULTURA,EMCV,32.0,24.0,1.3,https://indomet.gob.do/wp-content/uploads/2025/10/temperaturas-extremas-y-precipitaciones-2025x10x04-a.pdf
2025-10-04,035,GASPAR HERNÁNDEZ,ESPAILLAT,PROPIEDAD DEL EMPLEADO,EMCI,,,0.0,https://indomet.gob.do/wp-content/uploads/2025/10/temperaturas-extremas-y-precipitaciones-2025x10x04-a.pdf
2025-10-04,036,GURABO,SANTIAGO,MINISTERIO DE AGRICULTURA,EMCV,,,0.5,https://indomet.gob.do/wp-content/uploads/2025/10/temperaturas-extremas-y-precipitaciones-2025x10x04-a.pdf
2025-10-04,037,HATO MAYOR,HATO MAYOR,MINISTERIO DE AGRICULTURA,EMCV,,,26.4,https://indomet.gob.do/wp-content/uploads/2025/10/temperaturas-extremas-y-precipitaciones-2025x10x04-a.pdf
2025-10-04,039,HONDO VALLE,ELÍAS PIÑA,MINISTERIO DE AGRICULTURA,EMCI,27.0,17.7,6.9,https://indomet.gob.do/wp-content/uploads/2025/10/temperaturas-extremas-y-precipitaciones-2025x10x04-a.pdf
2025-10-04,040,JARABACOA,LA VEGA,INDRHI / MARENA,EMCI,34.2,17.6,2.0,https://indomet.gob.do/wp-content/uploads/2025/10/temperaturas-extremas-y-precipitaciones-2025x10x04-a.pdf
2025-10-04,041,JARABACOA (EMA),LA VEGA,PROGRAMA MUNDIAL DE ALIMENTO,EMAP,32.7,19.4,2.0,https://indomet.gob.do/wp-content/uploads/2025/10/temperaturas-extremas-y-precipitaciones-2025x10x04-a.pdf
2025-10-04,043,JIMANÍ,INDEPENDENCIA,MINISTERIO DE AGRICULTURA,EMCI,35.8,25.4,2.1,https://indomet.gob.do/wp-content/uploads/2025/10/temperaturas-extremas-y-precipitaciones-2025x10x04-a.pdf
2025-10-04,044,JUMA BEJUCAL,MONSEÑOR NOUEL,IDIAF,EMCV,35.4,22.4,4.7,https://indomet.gob.do/wp-content/uploads/2025/10/temperaturas-extremas-y-precipitaciones-2025x10x04-a.pdf
2025-10-04,045,LA VEGA,LA VEGA,IATESA,EMCI,35.5,22.5,0.0,https://indomet.gob.do/wp-content/uploads/2025/10/temperaturas-extremas-y-precipitaciones-2025x10x04-a.pdf
2025-10-04,046,LA VICTORIA,SANTO DOMINGO,CUERPO DE BOMBEROS,EMCI,35.5,23.0,0.0,https://indomet.gob.do/wp-content/uploads/2025/10/temperaturas-extremas-y-precipitaciones-2025x10x04-a.pdf
2025-10-04,047,LAS CANAS (EMA),MONTE CRISTI,PROGRAMA MUNDIAL DE ALIMENTO,EMAP,,,0.0,https://indomet.gob.do/wp-content/uploads/2025/10/temperaturas-extremas-y-precipitaciones-2025x10x04-a.pdf
2025-10-04,050,LAS MATAS DE SANTA CRUZ (EMA,MONTE CRISTI,PROGRAMA MUNDIAL DE ALIMENTO,EMAP,,,0.0,https://indomet.gob.do/wp-content/uploads/2025/10/temperaturas-extremas-y-precipitaciones-2025x10x04-a.pdf
2025-10-04,052,LOS LLANOS,SAN PEDRO DE MACORÍS,MINISTERIO DE AGRICULTURA,EMCI,34.9,22.6,12.0,https://indomet.gob.do/wp-content/uploads/2025/10/temperaturas-extremas-y-precipitaciones-2025x10x04-a.pdf
2025-10-04,053,LOS TRES CHARCOS (EMA),PEDERNALES,PROPIEDAD DEL VOLUNTARIO,EMAP,32.7,21.8,0.0,https://indomet.gob.do/wp-content/uploads/2025/10/temperaturas-extremas-y-precipitaciones-2025x10x04-a.pdf
2025-10-04,055,MAO,VALVERDE,INDRHI / MINISTERIO DE AGRICULTURA,EMCV,,,25.4,https://indomet.gob.do/wp-content/uploads/2025/10/temperaturas-extremas-y-precipitaciones-2025x10x04-a.pdf
2025-10-04,057,MICHES (EMA),EL SEIBO,PRIVADA,EMAP,32.7,23.1,0.0,https://indomet.gob.do/wp-content/uploads/2025/10/temperaturas-extremas-y-precipitaciones-2025x10x04-a.pdf
2025-10-04,060,MONCIÓN (EMA),SANTIAGO RODRÍGUEZ,PROGRAMA MUNDIAL DE ALIMENTO,EMAP,32.6,19.9,0.0,https://indomet.gob.do/wp-content/uploads/2025/10/temperaturas-extremas-y-precipitaciones-2025x10x04-a.pdf
2025-10-04,061,MONTE CRISTI,MONTE CRISTI,INDOMET,EMCI,35.4,24.5,0.0,https://indomet.gob.do/wp-content/uploads/2025/10/temperaturas-extremas-y-precipitaciones-2025x10x04-a.pdf
2025-10-04,063,NAVARRETE,SANTIAGO,MINISTERIO DE AGRICULTURA,EMCV,,,0.5,https://indomet.gob.do/wp-content/uploads/2025/10/temperaturas-extremas-y-precipitaciones-2025x10x04-a.pdf
2025-10-04,065,OLIVARES,PEDERNALES,INDRHI,EMCI,,,1.6,https://indomet.gob.do/wp-content/uploads/2025/10/temperaturas-extremas-y-precipitaciones-2025x10x04-a.pdf
2025-10-04,066,OVIEDO,PEDERNALES,CLÍNICA RURAL OVIEDO,EMCI,33.5,22.0,0.0,https://indomet.gob.do/wp-content/uploads/2025/10/temperaturas-extremas-y-precipitaciones-2025x10x04-a.pdf
2025-10-04,067,PADRE LAS CASAS,AZUA,HOSP. NTRA. SRA. DEL CARMEN,EMCI,33.5,18.8,0.0,https://indomet.gob.do/wp-content/uploads/2025/10/temperaturas-extremas-y-precipitaciones-2025x10x04-a.pdf
2025-10-04,072,PEDERNALES,PEDERNALES,INDRHI,EMCI,,,14.7,https://indomet.gob.do/wp-content/uploads/2025/10/temperaturas-extremas-y-precipitaciones-2025x10x04-a.pdf
2025-10-04,073,PERALTA,AZUA,HOSP. MPAL. DE PERALTA,EMCI,30.9,18.2,0.0,https://indomet.gob.do/wp-content/uploads/2025/10/temperaturas-extremas-y-precipitaciones-2025x10x04-a.pdf
2025-10-04,074,PESCADERIA (EMA),BARAHONA,MINISTERIO DE AGRICULTURA,EMAP,,,0.2,https://indomet.gob.do/wp-content/uploads/2025/10/temperaturas-extremas-y-precipitaciones-2025x10x04-a.pdf
2025-10-04,075,POLO,BARAHONA,INDOCAFE,EMCI,27.0,16.4,0.8,https://indomet.gob.do/wp-content/uploads/2025/10/temperaturas-extremas-y-precipitaciones-2025x10x04-a.pdf
2025-10-04,076,PONTÓN ABAJO (EMA),LA VEGA,MINISTERIO DE AGRICULTURA,EMAP,34.4,23.4,0.0,https://indomet.gob.do/wp-content/uploads/2025/10/temperaturas-extremas-y-precipitaciones-2025x10x04-a.pdf
2025-10-04,077,PRESA DE TAVERAS (EMA),LA VEGA,PROGRAMA MUNDIAL DE ALIMENTO,EMAP,34.7,21.1,0.0,https://indomet.gob.do/wp-content/uploads/2025/10/temperaturas-extremas-y-precipitaciones-2025x10x04-a.pdf
2025-10-04,078,RANCHO ARRIBA,SAN JOSÉ DE OCOA,CENTRO TECNOLÓGICO COMUNITARIO,EMCI,33.4,17.6,0.2,https://indomet.gob.do/wp-content/uploads/2025/10/temperaturas-extremas-y-precipitaciones-2025x10x04-a.pdf
2025-10-04,079,RESTAURACIÓN,DAJABÓN,MINISTERIO DE AGRICULTURA,EMCI,32.3,18.2,0.0,https://indomet.gob.do/wp-content/uploads/2025/10/temperaturas-extremas-y-precipitaciones-2025x10x04-a.pdf
2025-10-04,080,RÍO SAN JUAN,MARÍA TRINIDAD SÁNCHEZ,HOSP. MPAL. DR. DESIDERIO ACOSTA,EMCV,36.6,24.1,0.0,https://indomet.gob.do/wp-content/uploads/2025/10/temperaturas-extremas-y-precipitaciones-2025x10x04-a.pdf
2025-10-04,081,SABANA DE LA MAR,HATO MAYOR,INDOMET,EMCI,32.5,23.0,0.0,https://indomet.gob.do/wp-content/uploads/2025/10/temperaturas-extremas-y-precipitaciones-2025x10x04-a.pdf
2025-10-04,082,SABANA GRANDE DE BOYÁ,MONTE PLATA,MINISTERIO DE AGRICULTURA,EMCV,,,3.0,https://indomet.gob.do/wp-content/uploads/2025/10/temperaturas-extremas-y-precipitaciones-2025x10x04-a.pdf
2025-10-04,083,SABANETA (EMA),SANTIAGO RODRÍGUEZ,PROGRAMA MUNDIAL DE ALIMENTO,EMAP,36.1,21.7,0.0,https://indomet.gob.do/wp-content/uploads/2025/10/temperaturas-extremas-y-precipitaciones-2025x10x04-a.pdf
2025-10-04,084,SALCEDO,HERMANAS MIRABAL,PROPIEDAD DEL EMPLEADO,EMCI,,,0.1,https://indomet.gob.do/wp-content/uploads/2025/10/temperaturas-extremas-y-precipitaciones-2025x10x04-a.pdf
2025-10-04,085,SAMANÁ,SAMANÁ,COMANDANCIA DE PUERTO DE SAMANÁ,EMCI,34.6,21.4,0.0,https://indomet.gob.do/wp-content/uploads/2025/10/temperaturas-extremas-y-precipitaciones-2025x10x04-a.pdf
2025-10-04,086,SAN CRISTÓBAL,SAN CRISTÓBAL,INSTITUTO POLITÉCNICO LOYOLA,EMCI,33.2,22.0,0.0,https://indomet.gob.do/wp-content/uploads/2025/10/temperaturas-extremas-y-precipitaciones-2025x10x04-a.pdf
2025-10-04,088,SAN JOSÉ DE OCOA,SAN JOSÉ DE OCOA,HOSP. SAN JOSÉ DE OCOA,EMCI,31.1,18.0,0.0,https://indomet.gob.do/wp-content/uploads/2025/10/temperaturas-extremas-y-precipitaciones-2025x10x04-a.pdf
2025-10-04,089,SAN RAFAEL DEL YUMA,LA ALTAGRACIA,MINISTERIO DE AGRICULTURA,EMCI,35.2,23.1,0.0,https://indomet.gob.do/wp-content/uploads/2025/10/temperaturas-extremas-y-precipitaciones-2025x10x04-a.pdf
2025-10-04,090,SÁNCHEZ,SAMANÁ,MINISTERIO DE AGRICULTURA,EMCI,34.3,23.5,0.0,https://indomet.gob.do/wp-content/uploads/2025/10/temperaturas-extremas-y-precipitaciones-2025x10x04-a.pdf
2025-10-04,091,SANTIAGO,SANTIAGO,HUACALITO,EMCI,,,12.2,https://indomet.gob.do/wp-content/uploads/2025/10/temperaturas-extremas-y-precipitaciones-2025x10x04-a.pdf
2025-10-04,097,VILLA VASQUEZ (EMA),MONTE CRISTI,JUNTA DE REGANTES,EMAI,,,0.0,https://indomet.gob.do/wp-content/uploads/2025/10/temperaturas-extremas-y-precipitaciones-2025x10x04-a.pdf
2025-10-04,099,SANTIAGO RODRÍGUEZ,SANTIAGO RODRÍGUEZ,INDOMET,EMCI,35.5,23.2,0.0,https://indomet.gob.do/wp-content/uploads/2025/10/temperaturas-extremas-y-precipitaciones-2025x10x04-a.pdf
2025-10-04,100,SANTO DOMINGO ESTE,SANTO DOMINGO,INDOMET,EMCI,34.5,26.0,0.0,https://indomet.gob.do/wp-content/uploads/2025/10/temperaturas-extremas-y-precipitaciones-2025x10x04-a.pdf
2025-10-04,101,TÁBARA ABAJO,AZUA,INDRHI,EMCI,34.9,24.5,0.0,https://indomet.gob.do/wp-content/uploads/2025/10/temperaturas-extremas-y-precipitaciones-2025x10x04-a.pdf
2025-10-04,104,JIMA ABAJO,LA VEGA,INDOMET,EMCI,36.5,20.9,0.0,https://indomet.gob.do/wp-content/uploads/2025/10/temperaturas-extremas-y-precipitaciones-2025x10x04-a.pdf
2025-10-04,106,VALLE NUEVO (EMA),LA VEGA,MARENA,EMAI,21.3,5.5,3.4,https://indomet.gob.do/wp-content/uploads/2025/10/temperaturas-extremas-y-precipitaciones-2025x10x04-a.pdf
2025-10-04,107,VILLA ALTAGRACIA,SAN CRISTÓBAL,ESCUELA JAVIER ANGULO GURIDI,EMCI,,,0.0,https://indomet.gob.do/wp-content/uploads/2025/10/temperaturas-extremas-y-precipitaciones-2025x10x04-a.pdf
2025-10-04,108,VILLA GONZALES,SANTIAGO,MINISTERIO DE AGRICULTURA,EMCI,,,2.0,https://indomet.gob.do/wp-content/uploads/2025/10/temperaturas-extremas-y-precipitaciones-2025x10x04-a.pdf
2025-10-04,109,VILLA ISABELA,PUERTO PLATA,MINISTERIO DE AGRICULTURA,EMCV,,,0.1,https://indomet.gob.do/wp-content/uploads/2025/10/temperaturas-extremas-y-precipitaciones-2025x10x04-a.pdf
2025-10-04,110,VILLA RIVA,DUARTE,HOSP. MPAL. ALICIA DE LEGENDRE,EMCI,33.8,24.0,0.0,https://indomet.gob.do/wp-content/uploads/2025/10/temperaturas-extremas-y-precipitaciones-2025x10x04-a.pdf
2025-10-05,001,ALTAMIRA,PUERTO PLATA,HOSP. MPAL. DE ALTAMIRA,EMCI,35.0,21.1,0.1,https://indomet.gob.do/wp-content/uploads/2025/10/temperaturas-extremas-y-precipitaciones-2025x10x05-a.pdf
2025-10-05,002,ALTO BANDERA (EMA),LA VEGA,INTEC,EMAP,18.1,8.0,0.0,https://indomet.gob.do/wp-content/uploads/2025/10/temperaturas-extremas-y-precipitaciones-2025x10x05-a.pdf
2025-10-05,003,ANAMUYA (EMA),LA ALTAGRACIA,MINISTERIO DE AGRICULTURA,EMAP,32.9,24.3,0.4,https://indomet.gob.do/wp-content/uploads/2025/10/temperaturas-extremas-y-precipitaciones-2025x10x05-a.pdf
2025-10-05,004,ARPT. ARROYO BARRIL,SAMANÁ,INDOMET,EMCI,31.7,24.7,0.0,https://indomet.gob.do/wp-content/uploads/2025/10/temperaturas-extremas-y-precipitaciones-2025x10x05-a.pdf
2025-10-05,005,ARPT. DE LA ROMANA,LA ROMANA,INDOMET,EMCI,33.2,21.5,0.0,https://indomet.gob.do/wp-content/uploads/2025/10/temperaturas-extremas-y-precipitaciones-2025x10x05-a.pdf
2025-10-05,006,ARPT. DE LAS AMÉRICAS,SANTO DOMINGO,INDOMET,EMCI,32.5,23.1,0.0,https://indomet.gob.do/wp-content/uploads/2025/10/temperaturas-extremas-y-precipitaciones-2025x10x05-a.pdf
2025-10-05,007,ARPT. DE PUNTA CANA,LA ALTAGRACIA,INDOMET,EMCI,32.4,23.0,7.8,https://indomet.gob.do/wp-content/uploads/2025/10/temperaturas-extremas-y-precipitaciones-2025x10x05-a.pdf
2025-10-05,008,ARPT. DEL CIBAO,SANTIAGO,INDOMET,EMCI,35.8,20.8,0.0,https://indomet.gob.do/wp-content/uploads/2025/10/temperaturas-extremas-y-precipitaciones-2025x10x05-a.pdf
2025-10-05,009,ARPT. EL CATEY,SAMANÁ,INDOMET,EMCI,31.2,23.0,0.0,https://indomet.gob.do/wp-content/uploads/2025/10/temperaturas-extremas-y-precipitaciones-2025x10x05-a.pdf
2025-10-05,010,ARPT. GREGORIO LUPERÓN,PUERTO PLATA,INDOMET,EMCI,33.4,22.2,0.0,https://indomet.gob.do/wp-content/uploads/2025/10/temperaturas-extremas-y-precipitaciones-2025x10x05-a.pdf
2025-10-05,011,ARPT. LA ISABELA,SANTO DOMINGO,INDOMET,EMCI,33.8,22.0,0.0,https://indomet.gob.do/wp-content/uploads/2025/10/temperaturas-extremas-y-precipitaciones-2025x10x05-a.pdf
2025-10-05,012,ARPT. MARÍA MONTEZ,BARAHONA,INDOMET,EMCI,33.4,23.8,0.0,https://indomet.gob.do/wp-content/uploads/2025/10/temperaturas-extremas-y-precipitaciones-2025x10x05-a.pdf
2025-10-05,014,BANI (EMA),PERAVIA,MINISTERIO DE AGRICULTURA,EMAP,33.8,24.8,0.0,https://indomet.gob.do/wp-content/uploads/2025/10/temperaturas-extremas-y-precipitaciones-2025x10x05-a.pdf
2025-10-05,017,BAYAGUANA,MONTE PLATA,INDOMET,EMCI,34.8,22.1,0.1,https://indomet.gob.do/wp-content/uploads/2025/10/temperaturas-extremas-y-precipitaciones-2025x10x05-a.pdf
2025-10-05,019,BOCA DE MAO (EMA),VALVERDE,MINISTERIO DE AGRICULTURA,EMAP,36.2,22.4,1.6,https://indomet.gob.do/wp-content/uploads/2025/10/temperaturas-extremas-y-precipitaciones-2025x10x05-a.pdf
2025-10-05,021,BONAO,MONSEÑOR NOUEL,MINISTERIO DE AGRICULTURA,EMCV,,,0.5,https://indomet.gob.do/wp-content/uploads/2025/10/temperaturas-extremas-y-precipitaciones-2025x10x05-a.pdf
2025-10-05,022,CABRAL,BARAHONA,MINISTERIO DE AGRICULTURA,EMCV,35.4,24.4,0.2,https://indomet.gob.do/wp-content/uploads/2025/10/temperaturas-extremas-y-precipitaciones-2025x10x05-a.pdf
2025-10-05,023,CABRERA,MARÍA TRINIDAD SÁNCHEZ,ESCUELA ARÍSTIDES FIALLO CABRAL,EMCI,34.5,25.5,0.5,https://indomet.gob.do/wp-content/uploads/2025/10/temperaturas-extremas-y-precipitaciones-2025x10x05-a.pdf
2025-10-05,024,CENTRO DE LOS HEROES (EMA),DISTRITO NACIONAL,MINISTERIO DE ENERGIA Y MINA,EMAP,32.7,26.9,0.0,https://indomet.gob.do/wp-content/uploads/2025/10/temperaturas-extremas-y-precipitaciones-2025x10x05-a.pdf
2025-10-05,025,CONSTANZA,LA VEGA,MINISTERIO DE AGRICULTURA,EMCI,28.5,14.2,0.0,https://indomet.gob.do/wp-content/uploads/2025/10/temperaturas-extremas-y-precipitaciones-2025x10x05-a.pdf
2025-10-05,026,CONSTANZA (EMA),LA VEGA,PROGRAMA MUNDIAL DE ALIMENTO,EMAP,27.6,15.6,0.0,https://indomet.gob.do/wp-content/uploads/2025/10/temperaturas-extremas-y-precipitaciones-2025x10x05-a.pdf
2025-10-05,027,COTUÍ,SÁNCHEZ RAMÍREZ,HOSP. INMACULADA CONCEPCIÓN,EMCV,,,0.0,https://indomet.gob.do/wp-content/uploads/2025/10/temperaturas-extremas-y-precipitaciones-2025x10x05-a.pdf
2025-10-05,028,DAJABÓN,DAJABÓN,INSTITUTO POLITÉCNICO LOYOLA,EMCI,34.7,19.5,0.0,https://indomet.gob.do/wp-content/uploads/2025/10/temperaturas-extremas-y-precipitaciones-2025x10x05-a.pdf
2025-10-05,029,EL CERCADO,SAN JUAN,MINISTERIO DE AGRICULTURA,EMCV,,,10.2,https://indomet.gob.do/wp-content/uploads/2025/10/temperaturas-extremas-y-precipitaciones-2025x10x05-a.pdf
2025-10-05,030,EL FACTOR (EMA),MARÍA TRINIDAD SÁNCHEZ,INTEC,EMAP,33.9,23.4,0.0,https://indomet.gob.do/wp-content/uploads/2025/10/temperaturas-extremas-y-precipitaciones-2025x10x05-a.pdf
2025-10-05,032,ELÍAS PIÑA,ELÍAS PIÑA,MINISTERIO DE AGRICULTURA,EMCV,,,0.0,https://indomet.gob.do/wp-content/uploads/2025/10/temperaturas-extremas-y-precipitaciones-2025x10x05-a.pdf
2025-10-05,033,ENRIQUILLO,BARAHONA,MINISTERIO DE AGRICULTURA,EMCV,33.5,23.0,4.0,https://indomet.gob.do/wp-content/uploads/2025/10/temperaturas-extremas-y-precipitaciones-2025x10x05-a.pdf
2025-10-05,035,GASPAR HERNÁNDEZ,ESPAILLAT,PROPIEDAD DEL EMPLEADO,EMCI,,,0.0,https://indomet.gob.do/wp-content/uploads/2025/10/temperaturas-extremas-y-precipitaciones-2025x10x05-a.pdf
2025-10-05,036,GURABO,SANTIAGO,MINISTERIO DE AGRICULTURA,EMCV,,,2.5,https://indomet.gob.do/wp-content/uploads/2025/10/temperaturas-extremas-y-precipitaciones-2025x10x05-a.pdf
2025-10-05,037,HATO MAYOR,HATO MAYOR,MINISTERIO DE AGRICULTURA,EMCV,,,0.8,https://indomet.gob.do/wp-content/uploads/2025/10/temperaturas-extremas-y-precipitaciones-2025x10x05-a.pdf
2025-10-05,039,HONDO VALLE,ELÍAS PIÑA,MINISTERIO DE AGRICULTURA,EMCI,27.6,17.6,0.0,https://indomet.gob.do/wp-content/uploads/2025/10/temperaturas-extremas-y-precipitaciones-2025x10x05-a.pdf
2025-10-05,040,JARABACOA,LA VEGA,INDRHI / MARENA,EMCI,33.2,18.4,0.0,https://indomet.gob.do/wp-content/uploads/2025/10/temperaturas-extremas-y-precipitaciones-2025x10x05-a.pdf
2025-10-05,041,JARABACOA (EMA),LA VEGA,PROGRAMA MUNDIAL DE ALIMENTO,EMAP,31.3,19.8,0.0,https://indomet.gob.do/wp-content/uploads/2025/10/temperaturas-extremas-y-precipitaciones-2025x10x05-a.pdf
2025-10-05,042,JARDÍN BOTÁNICO NACIONAL,DISTRITO NACIONAL,JARDÍN BOTÁNICO NACIONAL,EMCV,34.1,22.3,0.0,https://indomet.gob.do/wp-content/uploads/2025/10/temperaturas-extremas-y-precipitaciones-2025x10x05-a.pdf
2025-10-05,043,JIMANÍ,INDEPENDENCIA,MINISTERIO DE AGRICULTURA,EMCI,35.6,23.5,0.0,https://indomet.gob.do/wp-content/uploads/2025/10/temperaturas-extremas-y-precipitaciones-2025x10x05-a.pdf
2025-10-05,044,JUMA BEJUCAL,MONSEÑOR NOUEL,IDIAF,EMCV,35.0,23.2,0.1,https://indomet.gob.do/wp-content/uploads/2025/10/temperaturas-extremas-y-precipitaciones-2025x10x05-a.pdf
2025-10-05,045,LA VEGA,LA VEGA,IATESA,EMCI,35.0,23.0,0.0,https://indomet.gob.do/wp-content/uploads/2025/10/temperaturas-extremas-y-precipitaciones-2025x10x05-a.pdf
2025-10-05,046,LA VICTORIA,SANTO DOMINGO,CUERPO DE BOMBEROS,EMCI,35.0,23.5,0.0,https://indomet.gob.do/wp-content/uploads/2025/10/temperaturas-extremas-y-precipitaciones-2025x10x05-a.pdf
2025-10-05,047,LAS CANAS (EMA),MONTE CRISTI,PROGRAMA MUNDIAL DE ALIMENTO,EMAP,31.4,23.6,0.0,https://indomet.gob.do/wp-content/uploads/2025/10/temperaturas-extremas-y-precipitaciones-2025x10x05-a.pdf
2025-10-05,050,LAS MATAS DE SANTA CRUZ (EMA,MONTE CRISTI,PROGRAMA MUNDIAL DE ALIMENTO,EMAP,,,0.0,https://indomet.gob.do/wp-content/uploads/2025/10/temperaturas-extremas-y-precipitaciones-2025x10x05-a.pdf
2025-10-05,051,LOS JENGIBRES,NAGUA,INDRHI,EMCI,,,0.0,https://indomet.gob.do/wp-content/uploads/2025/10/temperaturas-extremas-y-precipitaciones-2025x10x05-a.pdf
2025-10-05,052,LOS LLANOS,SAN PEDRO DE MACORÍS,MINISTERIO DE AGRICULTURA,EMCI,34.6,22.5,5.8,https://indomet.gob.do/wp-content/uploads/2025/10/temperaturas-extremas-y-precipitaciones-2025x10x05-a.pdf
2025-10-05,053,LOS TRES CHARCOS (EMA),PEDERNALES,PROPIEDAD DEL VOLUNTARIO,EMAP,33.6,23.4,0.0,https://indomet.gob.do/wp-content/uploads/2025/10/temperaturas-extremas-y-precipitaciones-2025x10x05-a.pdf
2025-10-05,055,MAO,VALVERDE,INDRHI / MINISTERIO DE AGRICULTURA,EMCV,,,0.0,https://indomet.gob.do/wp-content/uploads/2025/10/temperaturas-extremas-y-precipitaciones-2025x10x05-a.pdf
2025-10-05,057,MICHES (EMA),EL SEIBO,PRIVADA,EMAP,32.3,23.9,3.0,https://indomet.gob.do/wp-content/uploads/2025/10/temperaturas-extremas-y-precipitaciones-2025x10x05-a.pdf
2025-10-05,060,MONCIÓN (EMA),SANTIAGO RODRÍGUEZ,PROGRAMA MUNDIAL DE ALIMENTO,EMAP,33.4,20.3,0.2,https://indomet.gob.do/wp-content/uploads/2025/10/temperaturas-extremas-y-precipitaciones-2025x10x05-a.pdf
2025-10-05,061,MONTE CRISTI,MONTE CRISTI,INDOMET,EMCI,34.0,23.0,0.0,https://indomet.gob.do/wp-content/uploads/2025/10/temperaturas-extremas-y-precipitaciones-2025x10x05-a.pdf
2025-10-05,063,NAVARRETE,SANTIAGO,MINISTERIO DE AGRICULTURA,EMCV,,,0.0,https://indomet.gob.do/wp-content/uploads/2025/10/temperaturas-extremas-y-precipitaciones-2025x10x05-a.pdf
2025-10-05,065,OLIVARES,PEDERNALES,INDRHI,EMCI,,,0.0,https://indomet.gob.do/wp-content/uploads/2025/10/temperaturas-extremas-y-precipitaciones-2025x10x05-a.pdf
2025-10-05,066,OVIEDO,PEDERNALES,CLÍNICA RURAL OVIEDO,EMCI,33.5,23.5,7.4,https://indomet.gob.do/wp-content/uploads/2025/10/temperaturas-extremas-y-precipitaciones-2025x10x05-a.pdf
2025-10-05,067,PADRE LAS CASAS,AZUA,HOSP. NTRA. SRA. DEL CARMEN,EMCI,33.5,19.5,3.9,https://indomet.gob.do/wp-content/uploads/2025/10/temperaturas-extremas-y-precipitaciones-2025x10x05-a.pdf
2025-10-05,069,PALO ÍNDIO,PUERTO PLATA,MINISTERIO DE AGRICULTURA,EMCI,,,0.0,https://indomet.gob.do/wp-content/uploads/2025/10/temperaturas-extremas-y-precipitaciones-2025x10x05-a.pdf
2025-10-05,071,PASO AL MEDIO,SAN PEDRO DE MACORÍS,INDRHI,EMCI,,,0.0,https://indomet.gob.do/wp-content/uploads/2025/10/temperaturas-extremas-y-precipitaciones-2025x10x05-a.pdf
2025-10-05,072,PEDERNALES,PEDERNALES,INDRHI,EMCI,,,0.0,https://indomet.gob.do/wp-content/uploads/2025/10/temperaturas-extremas-y-precipitaciones-2025x10x05-a.pdf
2025-10-05,073,PERALTA,AZUA,HOSP. MPAL. DE PERALTA,EMCI,30.0,17.3,0.1,https://indomet.gob.do/wp-content/uploads/2025/10/temperaturas-extremas-y-precipitaciones-2025x10x05-a.pdf
2025-10-05,074,PESCADERIA (EMA),BARAHONA,MINISTERIO DE AGRICULTURA,EMAP,33.5,25.7,0.0,https://indomet.gob.do/wp-content/uploads/2025/10/temperaturas-extremas-y-precipitaciones-2025x10x05-a.pdf
2025-10-05,075,POLO,BARAHONA,INDOCAFE,EMCI,31.0,17.0,0.0,https://indomet.gob.do/wp-content/uploads/2025/10/temperaturas-extremas-y-precipitaciones-2025x10x05-a.pdf
2025-10-05,076,PONTÓN ABAJO (EMA),LA VEGA,MINISTERIO DE AGRICULTURA,EMAP,37.9,23.9,0.0,https://indomet.gob.do/wp-content/uploads/2025/10/temperaturas-extremas-y-precipitaciones-2025x10x05-a.pdf
2025-10-05,077,PRESA DE TAVERAS (EMA),LA VEGA,PROGRAMA MUNDIAL DE ALIMENTO,EMAP,34.4,21.8,0.0,https://indomet.gob.do/wp-content/uploads/2025/10/temperaturas-extremas-y-precipitaciones-2025x10x05-a.pdf
2025-10-05,078,RANCHO ARRIBA,SAN JOSÉ DE OCOA,CENTRO TECNOLÓGICO COMUNITARIO,EMCI,32.0,18.0,0.0,https://indomet.gob.do/wp-content/uploads/2025/10/temperaturas-extremas-y-precipitaciones-2025x10x05-a.pdf
2025-10-05,079,RESTAURACIÓN,DAJABÓN,MINISTERIO DE AGRICULTURA,EMCI,31.4,18.5,2.6,https://indomet.gob.do/wp-content/uploads/2025/10/temperaturas-extremas-y-precipitaciones-2025x10x05-a.pdf
2025-10-05,080,RÍO SAN JUAN,MARÍA TRINIDAD SÁNCHEZ,HOSP. MPAL. DR. DESIDERIO ACOSTA,EMCV,36.4,24.0,2.6,https://indomet.gob.do/wp-content/uploads/2025/10/temperaturas-extremas-y-precipitaciones-2025x10x05-a.pdf
2025-10-05,081,SABANA DE LA MAR,HATO MAYOR,INDOMET,EMCI,32.5,23.0,0.0,https://indomet.gob.do/wp-content/uploads/2025/10/temperaturas-extremas-y-precipitaciones-2025x10x05-a.pdf
2025-10-05,082,SABANA GRANDE DE BOYÁ,MONTE PLATA,MINISTERIO DE AGRICULTURA,EMCV,,,0.1,https://indomet.gob.do/wp-content/uploads/2025/10/temperaturas-extremas-y-precipitaciones-2025x10x05-a.pdf
2025-10-05,083,SABANETA (EMA),SANTIAGO RODRÍGUEZ,PROGRAMA MUNDIAL DE ALIMENTO,EMAP,36.7,21.9,0.0,https://indomet.gob.do/wp-content/uploads/2025/10/temperaturas-extremas-y-precipitaciones-2025x10x05-a.pdf
2025-10-05,084,SALCEDO,HERMANAS MIRABAL,PROPIEDAD DEL EMPLEADO,EMCI,,,5.0,https://indomet.gob.do/wp-content/uploads/2025/10/temperaturas-extremas-y-precipitaciones-2025x10x05-a.pdf
2025-10-05,085,SAMANÁ,SAMANÁ,COMANDANCIA DE PUERTO DE SAMANÁ,EMCI,33.3,21.8,1.6,https://indomet.gob.do/wp-content/uploads/2025/10/temperaturas-extremas-y-precipitaciones-2025x10x05-a.pdf
2025-10-05,086,SAN CRISTÓBAL,SAN CRISTÓBAL,INSTITUTO POLITÉCNICO LOYOLA,EMCI,33.2,21.0,0.0,https://indomet.gob.do/wp-content/uploads/2025/10/temperaturas-extremas-y-precipitaciones-2025x10x05-a.pdf
2025-10-05,087,SAN FRANCISCO DE MACORÍS,DUARTE,San Francisco de Macorís (UASD),EMCI,33.8,23.0,0.0,https://indomet.gob.do/wp-content/uploads/2025/10/temperaturas-extremas-y-precipitaciones-2025x10x05-a.pdf
2025-10-05,088,SAN JOSÉ DE OCOA,SAN JOSÉ DE OCOA,HOSP. SAN JOSÉ DE OCOA,EMCI,31.3,19.4,0.0,https://indomet.gob.do/wp-content/uploads/2025/10/temperaturas-extremas-y-precipitaciones-2025x10x05-a.pdf
2025-10-05,089,SAN RAFAEL DEL YUMA,LA ALTAGRACIA,MINISTERIO DE AGRICULTURA,EMCI,35.3,24.4,0.0,https://indomet.gob.do/wp-content/uploads/2025/10/temperaturas-extremas-y-precipitaciones-2025x10x05-a.pdf
2025-10-05,090,SÁNCHEZ,SAMANÁ,MINISTERIO DE AGRICULTURA,EMCI,34.9,23.5,0.0,https://indomet.gob.do/wp-content/uploads/2025/10/temperaturas-extremas-y-precipitaciones-2025x10x05-a.pdf
2025-10-05,091,SANTIAGO,SANTIAGO,HUACALITO,EMCI,,,0.0,https://indomet.gob.do/wp-content/uploads/2025/10/temperaturas-extremas-y-precipitaciones-2025x10x05-a.pdf
2025-10-05,093,JARDÍN BOTÁNICO SANTIAGO (EMSANTIAGO,,JARDIN BOTANICO SANTIAGO,EMAI,,,0.0,https://indomet.gob.do/wp-content/uploads/2025/10/temperaturas-extremas-y-precipitaciones-2025x10x05-a.pdf
2025-10-05,096,VILLA GONZALE (EMA),SANTIAGO,IGLESIA,EMAI,,,0.0,https://indomet.gob.do/wp-content/uploads/2025/10/temperaturas-extremas-y-precipitaciones-2025x10x05-a.pdf
2025-10-05,097,VILLA VASQUEZ (EMA),MONTE CRISTI,JUNTA DE REGANTES,EMAI,,,0.0,https://indomet.gob.do/wp-content/uploads/2025/10/temperaturas-extremas-y-precipitaciones-2025x10x05-a.pdf
2025-10-05,099,SANTIAGO RODRÍGUEZ,SANTIAGO RODRÍGUEZ,INDOMET,EMCI,36.3,22.5,0.1,https://indomet.gob.do/wp-content/uploads/2025/10/temperaturas-extremas-y-precipitaciones-2025x10x05-a.pdf
2025-10-05,100,SANTO DOMINGO ESTE,SANTO DOMINGO,INDOMET,EMCI,34.5,25.5,0.0,https://indomet.gob.do/wp-content/uploads/2025/10/temperaturas-extremas-y-precipitaciones-2025x10x05-a.pdf
2025-10-05,101,TÁBARA ABAJO,AZUA,INDRHI,EMCI,33.9,22.4,0.0,https://indomet.gob.do/wp-content/uploads/2025/10/temperaturas-extremas-y-precipitaciones-2025x10x05-a.pdf
2025-10-05,102,TAMBORIL,SANTIAGO,MINISTERIO DE AGRICULTURA,EMCV,,,1.8,https://indomet.gob.do/wp-content/uploads/2025/10/temperaturas-extremas-y-precipitaciones-2025x10x05-a.pdf
2025-10-05,104,JIMA ABAJO,LA VEGA,INDOMET,EMCI,37.0,22.0,0.0,https://indomet.gob.do/wp-content/uploads/2025/10/temperaturas-extremas-y-precipitaciones-2025x10x05-a.pdf
2025-10-05,105,TAVERA,SANTIAGO,INDRHI,EMCI,,,0.0,https://indomet.gob.do/wp-content/uploads/2025/10/temperaturas-extremas-y-precipitaciones-2025x10x05-a.pdf
2025-10-05,106,VALLE NUEVO (EMA),LA VEGA,MARENA,EMAI,22.1,4.8,0.0,https://indomet.gob.do/wp-content/uploads/2025/10/temperaturas-extremas-y-precipitaciones-2025x10x05-a.pdf
2025-10-05,107,VILLA ALTAGRACIA,SAN CRISTÓBAL,ESCUELA JAVIER ANGULO GURIDI,EMCI,,,2.9,https://indomet.gob.do/wp-content/uploads/2025/10/temperaturas-extremas-y-precipitaciones-2025x10x05-a.pdf
2025-10-05,108,VILLA GONZALES,SANTIAGO,MINISTERIO DE AGRICULTURA,EMCI,,,0.0,https://indomet.gob.do/wp-content/uploads/2025/10/temperaturas-extremas-y-precipitaciones-2025x10x05-a.pdf
2025-10-05,110,VILLA RIVA,DUARTE,HOSP. MPAL. ALICIA DE LEGENDRE,EMCI,34.4,23.0,1.5,https://indomet.gob.do/wp-content/uploads/2025/10/temperaturas-extremas-y-precipitaciones-2025x10x05-a.pdf
2025-10-06,001,ALTAMIRA,PUERTO PLATA,HOSP. MPAL. DE ALTAMIRA,EMCI,34.3,20.9,0.2,https://indomet.gob.do/wp-content/uploads/2025/10/temperaturas-extremas-y-precipitaciones-2025x10x06-a.pdf
2025-10-06,002,ALTO BANDERA (EMA),LA VEGA,INTEC,EMAP,18.5,8.5,3.3,https://indomet.gob.do/wp-content/uploads/2025/10/temperaturas-extremas-y-precipitaciones-2025x10x06-a.pdf
2025-10-06,003,ANAMUYA (EMA),LA ALTAGRACIA,MINISTERIO DE AGRICULTURA,EMAP,32.0,24.3,7.4,https://indomet.gob.do/wp-content/uploads/2025/10/temperaturas-extremas-y-precipitaciones-2025x10x06-a.pdf
2025-10-06,004,ARPT. ARROYO BARRIL,SAMANÁ,INDOMET,EMCI,31.3,24.7,0.0,https://indomet.gob.do/wp-content/uploads/2025/10/temperaturas-extremas-y-precipitaciones-2025x10x06-a.pdf
2025-10-06,005,ARPT. DE LA ROMANA,LA ROMANA,INDOMET,EMCI,33.4,22.2,2.0,https://indomet.gob.do/wp-content/uploads/2025/10/temperaturas-extremas-y-precipitaciones-2025x10x06-a.pdf
2025-10-06,006,ARPT. DE LAS AMÉRICAS,SANTO DOMINGO,INDOMET,EMCI,32.5,23.5,0.0,https://indomet.gob.do/wp-content/uploads/2025/10/temperaturas-extremas-y-precipitaciones-2025x10x06-a.pdf
2025-10-06,007,ARPT. DE PUNTA CANA,LA ALTAGRACIA,INDOMET,EMCI,32.0,22.5,12.5,https://indomet.gob.do/wp-content/uploads/2025/10/temperaturas-extremas-y-precipitaciones-2025x10x06-a.pdf
2025-10-06,008,ARPT. DEL CIBAO,SANTIAGO,INDOMET,EMCI,35.8,21.6,0.0,https://indomet.gob.do/wp-content/uploads/2025/10/temperaturas-extremas-y-precipitaciones-2025x10x06-a.pdf
2025-10-06,009,ARPT. EL CATEY,SAMANÁ,INDOMET,EMCI,31.0,23.0,0.0,https://indomet.gob.do/wp-content/uploads/2025/10/temperaturas-extremas-y-precipitaciones-2025x10x06-a.pdf
2025-10-06,010,ARPT. GREGORIO LUPERÓN,PUERTO PLATA,INDOMET,EMCI,33.6,24.0,0.0,https://indomet.gob.do/wp-content/uploads/2025/10/temperaturas-extremas-y-precipitaciones-2025x10x06-a.pdf
2025-10-06,011,ARPT. LA ISABELA,SANTO DOMINGO,INDOMET,EMCI,35.4,22.5,2.4,https://indomet.gob.do/wp-content/uploads/2025/10/temperaturas-extremas-y-precipitaciones-2025x10x06-a.pdf
2025-10-06,012,ARPT. MARÍA MONTEZ,BARAHONA,INDOMET,EMCI,33.6,25.0,0.0,https://indomet.gob.do/wp-content/uploads/2025/10/temperaturas-extremas-y-precipitaciones-2025x10x06-a.pdf
2025-10-06,013,ARROYO LORO,SAN JUAN,IDIAF,EMCI,32.8,19.0,3.2,https://indomet.gob.do/wp-content/uploads/2025/10/temperaturas-extremas-y-precipitaciones-2025x10x06-a.pdf
2025-10-06,016,BASE AÉREA DE SAN ISIDRO,SANTO DOMINGO,FUERZA AÉREA DOMINICANA,EMCV,32.0,21.0,31.2,https://indomet.gob.do/wp-content/uploads/2025/10/temperaturas-extremas-y-precipitaciones-2025x10x06-a.pdf
2025-10-06,017,BAYAGUANA,MONTE PLATA,INDOMET,EMCI,33.5,21.8,1.3,https://indomet.gob.do/wp-content/uploads/2025/10/temperaturas-extremas-y-precipitaciones-2025x10x06-a.pdf
2025-10-06,019,BOCA DE MAO (EMA),VALVERDE,MINISTERIO DE AGRICULTURA,EMAP,32.7,21.7,0.8,https://indomet.gob.do/wp-content/uploads/2025/10/temperaturas-extremas-y-precipitaciones-2025x10x06-a.pdf
2025-10-06,023,CABRERA,MARÍA TRINIDAD SÁNCHEZ,ESCUELA ARÍSTIDES FIALLO CABRAL,EMCI,34.0,25.5,14.8,https://indomet.gob.do/wp-content/uploads/2025/10/temperaturas-extremas-y-precipitaciones-2025x10x06-a.pdf
2025-10-06,024,CENTRO DE LOS HEROES (EMA),DISTRITO NACIONAL,MINISTERIO DE ENERGIA Y MINA,EMAP,32.4,27.1,0.0,https://indomet.gob.do/wp-content/uploads/2025/10/temperaturas-extremas-y-precipitaciones-2025x10x06-a.pdf
2025-10-06,025,CONSTANZA,LA VEGA,MINISTERIO DE AGRICULTURA,EMCI,29.0,14.8,0.0,https://indomet.gob.do/wp-content/uploads/2025/10/temperaturas-extremas-y-precipitaciones-2025x10x06-a.pdf
2025-10-06,026,CONSTANZA (EMA),LA VEGA,PROGRAMA MUNDIAL DE ALIMENTO,EMAP,27.7,16.2,0.0,https://indomet.gob.do/wp-content/uploads/2025/10/temperaturas-extremas-y-precipitaciones-2025x10x06-a.pdf
2025-10-06,028,DAJABÓN,DAJABÓN,INSTITUTO POLITÉCNICO LOYOLA,EMCI,35.0,19.8,13.7,https://indomet.gob.do/wp-content/uploads/2025/10/temperaturas-extremas-y-precipitaciones-2025x10x06-a.pdf
2025-10-06,029,EL CERCADO,SAN JUAN,MINISTERIO DE AGRICULTURA,EMCV,,,0.0,https://indomet.gob.do/wp-content/uploads/2025/10/temperaturas-extremas-y-precipitaciones-2025x10x06-a.pdf
2025-10-06,030,EL FACTOR (EMA),MARÍA TRINIDAD SÁNCHEZ,INTEC,EMAP,33.4,23.9,0.0,https://indomet.gob.do/wp-content/uploads/2025/10/temperaturas-extremas-y-precipitaciones-2025x10x06-a.pdf
2025-10-06,032,ELÍAS PIÑA,ELÍAS PIÑA,MINISTERIO DE AGRICULTURA,EMCV,,,3.0,https://indomet.gob.do/wp-content/uploads/2025/10/temperaturas-extremas-y-precipitaciones-2025x10x06-a.pdf
2025-10-06,033,ENRIQUILLO,BARAHONA,MINISTERIO DE AGRICULTURA,EMCV,33.5,23.5,0.0,https://indomet.gob.do/wp-content/uploads/2025/10/temperaturas-extremas-y-precipitaciones-2025x10x06-a.pdf
2025-10-06,034,ESCONDIDO,PERAVIA,MINISTERIO DE AGRICULTURA,EMCV,34.0,25.0,0.0,https://indomet.gob.do/wp-content/uploads/2025/10/temperaturas-extremas-y-precipitaciones-2025x10x06-a.pdf
2025-10-06,035,GASPAR HERNÁNDEZ,ESPAILLAT,PROPIEDAD DEL EMPLEADO,EMCI,,,0.0,https://indomet.gob.do/wp-content/uploads/2025/10/temperaturas-extremas-y-precipitaciones-2025x10x06-a.pdf
2025-10-06,036,GURABO,SANTIAGO,MINISTERIO DE AGRICULTURA,EMCV,,,0.0,https://indomet.gob.do/wp-content/uploads/2025/10/temperaturas-extremas-y-precipitaciones-2025x10x06-a.pdf
2025-10-06,037,HATO MAYOR,HATO MAYOR,MINISTERIO DE AGRICULTURA,EMCV,,,88.9,https://indomet.gob.do/wp-content/uploads/2025/10/temperaturas-extremas-y-precipitaciones-2025x10x06-a.pdf
2025-10-06,039,HONDO VALLE,ELÍAS PIÑA,MINISTERIO DE AGRICULTURA,EMCI,27.2,17.4,0.0,https://indomet.gob.do/wp-content/uploads/2025/10/temperaturas-extremas-y-precipitaciones-2025x10x06-a.pdf
2025-10-06,040,JARABACOA,LA VEGA,INDRHI / MARENA,EMCI,33.6,18.2,0.0,https://indomet.gob.do/wp-content/uploads/2025/10/temperaturas-extremas-y-precipitaciones-2025x10x06-a.pdf
2025-10-06,041,JARABACOA (EMA),LA VEGA,PROGRAMA MUNDIAL DE ALIMENTO,EMAP,32.3,19.9,0.0,https://indomet.gob.do/wp-content/uploads/2025/10/temperaturas-extremas-y-precipitaciones-2025x10x06-a.pdf
2025-10-06,042,JARDÍN BOTÁNICO NACIONAL,DISTRITO NACIONAL,JARDÍN BOTÁNICO NACIONAL,EMCV,33.7,23.0,0.1,https://indomet.gob.do/wp-content/uploads/2025/10/temperaturas-extremas-y-precipitaciones-2025x10x06-a.pdf
2025-10-06,043,JIMANÍ,INDEPENDENCIA,MINISTERIO DE AGRICULTURA,EMCI,36.2,25.2,2.1,https://indomet.gob.do/wp-content/uploads/2025/10/temperaturas-extremas-y-precipitaciones-2025x10x06-a.pdf
2025-10-06,044,JUMA BEJUCAL,MONSEÑOR NOUEL,IDIAF,EMCV,35.8,24.0,0.6,https://indomet.gob.do/wp-content/uploads/2025/10/temperaturas-extremas-y-precipitaciones-2025x10x06-a.pdf
2025-10-06,045,LA VEGA,LA VEGA,IATESA,EMCI,35.9,22.8,6.1,https://indomet.gob.do/wp-content/uploads/2025/10/temperaturas-extremas-y-precipitaciones-2025x10x06-a.pdf
2025-10-06,046,LA VICTORIA,SANTO DOMINGO,CUERPO DE BOMBEROS,EMCI,34.5,23.5,7.1,https://indomet.gob.do/wp-content/uploads/2025/10/temperaturas-extremas-y-precipitaciones-2025x10x06-a.pdf
2025-10-06,047,LAS CANAS (EMA),MONTE CRISTI,PROGRAMA MUNDIAL DE ALIMENTO,EMAP,31.0,21.6,0.0,https://indomet.gob.do/wp-content/uploads/2025/10/temperaturas-extremas-y-precipitaciones-2025x10x06-a.pdf
2025-10-06,051,LOS JENGIBRES,NAGUA,INDRHI,EMCI,,,1.1,https://indomet.gob.do/wp-content/uploads/2025/10/temperaturas-extremas-y-precipitaciones-2025x10x06-a.pdf
2025-10-06,052,LOS LLANOS,SAN PEDRO DE MACORÍS,MINISTERIO DE AGRICULTURA,EMCI,33.5,22.9,15.4,https://indomet.gob.do/wp-content/uploads/2025/10/temperaturas-extremas-y-precipitaciones-2025x10x06-a.pdf
2025-10-06,053,LOS TRES CHARCOS (EMA),PEDERNALES,PROPIEDAD DEL VOLUNTARIO,EMAP,33.3,22.2,0.0,https://indomet.gob.do/wp-content/uploads/2025/10/temperaturas-extremas-y-precipitaciones-2025x10x06-a.pdf
2025-10-06,055,MAO,VALVERDE,INDRHI / MINISTERIO DE AGRICULTURA,EMCV,,,0.0,https://indomet.gob.do/wp-content/uploads/2025/10/temperaturas-extremas-y-precipitaciones-2025x10x06-a.pdf
2025-10-06,057,MICHES (EMA),EL SEIBO,PRIVADA,EMAP,31.8,23.8,1.2,https://indomet.gob.do/wp-content/uploads/2025/10/temperaturas-extremas-y-precipitaciones-2025x10x06-a.pdf
2025-10-06,060,MONCIÓN (EMA),SANTIAGO RODRÍGUEZ,PROGRAMA MUNDIAL DE ALIMENTO,EMAP,33.4,19.9,0.0,https://indomet.gob.do/wp-content/uploads/2025/10/temperaturas-extremas-y-precipitaciones-2025x10x06-a.pdf
2025-10-06,061,MONTE CRISTI,MONTE CRISTI,INDOMET,EMCI,34.5,23.6,0.0,https://indomet.gob.do/wp-content/uploads/2025/10/temperaturas-extremas-y-precipitaciones-2025x10x06-a.pdf
2025-10-06,063,NAVARRETE,SANTIAGO,MINISTERIO DE AGRICULTURA,EMCV,,,0.0,https://indomet.gob.do/wp-content/uploads/2025/10/temperaturas-extremas-y-precipitaciones-2025x10x06-a.pdf
2025-10-06,065,OLIVARES,PEDERNALES,INDRHI,EMCI,,,0.0,https://indomet.gob.do/wp-content/uploads/2025/10/temperaturas-extremas-y-precipitaciones-2025x10x06-a.pdf
2025-10-06,066,OVIEDO,PEDERNALES,CLÍNICA RURAL OVIEDO,EMCI,33.0,22.0,0.0,https://indomet.gob.do/wp-content/uploads/2025/10/temperaturas-extremas-y-precipitaciones-2025x10x06-a.pdf
2025-10-06,067,PADRE LAS CASAS,AZUA,HOSP. NTRA. SRA. DEL CARMEN,EMCI,33.4,18.0,34.2,https://indomet.gob.do/wp-content/uploads/2025/10/temperaturas-extremas-y-precipitaciones-2025x10x06-a.pdf
2025-10-06,069,PALO ÍNDIO,PUERTO PLATA,MINISTERIO DE AGRICULTURA,EMCI,,,0.0,https://indomet.gob.do/wp-content/uploads/2025/10/temperaturas-extremas-y-precipitaciones-2025x10x06-a.pdf
2025-10-06,070,PARQUE MIRADOR SUR,DISTRITO NACIONAL,AYUNTAMIENTO,EMCV,33.2,22.0,2.0,https://indomet.gob.do/wp-content/uploads/2025/10/temperaturas-extremas-y-precipitaciones-2025x10x06-a.pdf
2025-10-06,071,PASO AL MEDIO,SAN PEDRO DE MACORÍS,INDRHI,EMCI,,,5.9,https://indomet.gob.do/wp-content/uploads/2025/10/temperaturas-extremas-y-precipitaciones-2025x10x06-a.pdf
2025-10-06,072,PEDERNALES,PEDERNALES,INDRHI,EMCI,,,0.0,https://indomet.gob.do/wp-content/uploads/2025/10/temperaturas-extremas-y-precipitaciones-2025x10x06-a.pdf
2025-10-06,073,PERALTA,AZUA,HOSP. MPAL. DE PERALTA,EMCI,26.7,18.0,11.0,https://indomet.gob.do/wp-content/uploads/2025/10/temperaturas-extremas-y-precipitaciones-2025x10x06-a.pdf
2025-10-06,074,PESCADERIA (EMA),BARAHONA,MINISTERIO DE AGRICULTURA,EMAP,33.7,23.1,0.0,https://indomet.gob.do/wp-content/uploads/2025/10/temperaturas-extremas-y-precipitaciones-2025x10x06-a.pdf
2025-10-06,075,POLO,BARAHONA,INDOCAFE,EMCI,30.2,18.0,0.0,https://indomet.gob.do/wp-content/uploads/2025/10/temperaturas-extremas-y-precipitaciones-2025x10x06-a.pdf
2025-10-06,076,PONTÓN ABAJO (EMA),LA VEGA,MINISTERIO DE AGRICULTURA,EMAP,34.4,23.7,0.2,https://indomet.gob.do/wp-content/uploads/2025/10/temperaturas-extremas-y-precipitaciones-2025x10x06-a.pdf
2025-10-06,077,PRESA DE TAVERAS (EMA),LA VEGA,PROGRAMA MUNDIAL DE ALIMENTO,EMAP,34.9,21.6,0.4,https://indomet.gob.do/wp-content/uploads/2025/10/temperaturas-extremas-y-precipitaciones-2025x10x06-a.pdf
2025-10-06,078,RANCHO ARRIBA,SAN JOSÉ DE OCOA,CENTRO TECNOLÓGICO COMUNITARIO,EMCI,31.9,17.5,0.0,https://indomet.gob.do/wp-content/uploads/2025/10/temperaturas-extremas-y-precipitaciones-2025x10x06-a.pdf
2025-10-06,079,RESTAURACIÓN,DAJABÓN,MINISTERIO DE AGRICULTURA,EMCI,30.7,18.0,8.1,https://indomet.gob.do/wp-content/uploads/2025/10/temperaturas-extremas-y-precipitaciones-2025x10x06-a.pdf
2025-10-06,080,RÍO SAN JUAN,MARÍA TRINIDAD SÁNCHEZ,HOSP. MPAL. DR. DESIDERIO ACOSTA,EMCV,36.0,24.3,0.0,https://indomet.gob.do/wp-content/uploads/2025/10/temperaturas-extremas-y-precipitaciones-2025x10x06-a.pdf
2025-10-06,081,SABANA DE LA MAR,HATO MAYOR,INDOMET,EMCI,32.5,23.5,0.0,https://indomet.gob.do/wp-content/uploads/2025/10/temperaturas-extremas-y-precipitaciones-2025x10x06-a.pdf
2025-10-06,082,SABANA GRANDE DE BOYÁ,MONTE PLATA,MINISTERIO DE AGRICULTURA,EMCV,,,14.2,https://indomet.gob.do/wp-content/uploads/2025/10/temperaturas-extremas-y-precipitaciones-2025x10x06-a.pdf
2025-10-06,083,SABANETA (EMA),SANTIAGO RODRÍGUEZ,PROGRAMA MUNDIAL DE ALIMENTO,EMAP,36.9,21.3,4.6,https://indomet.gob.do/wp-content/uploads/2025/10/temperaturas-extremas-y-precipitaciones-2025x10x06-a.pdf
2025-10-06,084,SALCEDO,HERMANAS MIRABAL,PROPIEDAD DEL EMPLEADO,EMCI,,,0.0,https://indomet.gob.do/wp-content/uploads/2025/10/temperaturas-extremas-y-precipitaciones-2025x10x06-a.pdf
2025-10-06,085,SAMANÁ,SAMANÁ,COMANDANCIA DE PUERTO DE SAMANÁ,EMCI,33.0,21.5,3.6,https://indomet.gob.do/wp-content/uploads/2025/10/temperaturas-extremas-y-precipitaciones-2025x10x06-a.pdf
2025-10-06,086,SAN CRISTÓBAL,SAN CRISTÓBAL,INSTITUTO POLITÉCNICO LOYOLA,EMCI,33.2,21.2,0.0,https://indomet.gob.do/wp-content/uploads/2025/10/temperaturas-extremas-y-precipitaciones-2025x10x06-a.pdf
2025-10-06,087,SAN FRANCISCO DE MACORÍS,DUARTE,San Francisco de Macorís (UASD),EMCI,32.3,23.4,0.0,https://indomet.gob.do/wp-content/uploads/2025/10/temperaturas-extremas-y-precipitaciones-2025x10x06-a.pdf
2025-10-06,088,SAN JOSÉ DE OCOA,SAN JOSÉ DE OCOA,HOSP. SAN JOSÉ DE OCOA,EMCI,32.9,19.4,7.8,https://indomet.gob.do/wp-content/uploads/2025/10/temperaturas-extremas-y-precipitaciones-2025x10x06-a.pdf
2025-10-06,089,SAN RAFAEL DEL YUMA,LA ALTAGRACIA,MINISTERIO DE AGRICULTURA,EMCI,35.1,23.9,6.2,https://indomet.gob.do/wp-content/uploads/2025/10/temperaturas-extremas-y-precipitaciones-2025x10x06-a.pdf
2025-10-06,090,SÁNCHEZ,SAMANÁ,MINISTERIO DE AGRICULTURA,EMCI,31.7,23.5,6.6,https://indomet.gob.do/wp-content/uploads/2025/10/temperaturas-extremas-y-precipitaciones-2025x10x06-a.pdf
2025-10-06,091,SANTIAGO,SANTIAGO,HUACALITO,EMCI,,,0.0,https://indomet.gob.do/wp-content/uploads/2025/10/temperaturas-extremas-y-precipitaciones-2025x10x06-a.pdf
2025-10-06,092,SAJOMA (EMA),SANTIAGO,PLAN SIERRA,EMAI,34.8,24.6,0.0,https://indomet.gob.do/wp-content/uploads/2025/10/temperaturas-extremas-y-precipitaciones-2025x10x06-a.pdf
2025-10-06,093,JARDÍN BOTÁNICO SANTIAGO (EMSANTIAGO,,JARDIN BOTANICO SANTIAGO,EMAI,33.7,27.6,0.0,https://indomet.gob.do/wp-content/uploads/2025/10/temperaturas-extremas-y-precipitaciones-2025x10x06-a.pdf
2025-10-06,096,VILLA GONZALE (EMA),SANTIAGO,IGLESIA,EMAI,,,0.0,https://indomet.gob.do/wp-content/uploads/2025/10/temperaturas-extremas-y-precipitaciones-2025x10x06-a.pdf
2025-10-06,097,VILLA VASQUEZ (EMA),MONTE CRISTI,JUNTA DE REGANTES,EMAI,,,0.8,https://indomet.gob.do/wp-content/uploads/2025/10/temperaturas-extremas-y-precipitaciones-2025x10x06-a.pdf
2025-10-06,099,SANTIAGO RODRÍGUEZ,SANTIAGO RODRÍGUEZ,INDOMET,EMCI,37.0,21.8,4.5,https://indomet.gob.do/wp-content/uploads/2025/10/temperaturas-extremas-y-precipitaciones-2025x10x06-a.pdf
2025-10-06,100,SANTO DOMINGO ESTE,SANTO DOMINGO,INDOMET,EMCI,34.8,26.0,2.7,https://indomet.gob.do/wp-content/uploads/2025/10/temperaturas-extremas-y-precipitaciones-2025x10x06-a.pdf
2025-10-06,101,TÁBARA ABAJO,AZUA,INDRHI,EMCI,34.5,22.0,5.2,https://indomet.gob.do/wp-content/uploads/2025/10/temperaturas-extremas-y-precipitaciones-2025x10x06-a.pdf
2025-10-06,102,TAMBORIL,SANTIAGO,MINISTERIO DE AGRICULTURA,EMCV,,,0.5,https://indomet.gob.do/wp-content/uploads/2025/10/temperaturas-extremas-y-precipitaciones-2025x10x06-a.pdf
2025-10-06,104,JIMA ABAJO,LA VEGA,INDOMET,EMCI,37.1,21.9,2.0,https://indomet.gob.do/wp-content/uploads/2025/10/temperaturas-extremas-y-precipitaciones-2025x10x06-a.pdf
2025-10-06,105,TAVERA,SANTIAGO,INDRHI,EMCI,,,0.0,https://indomet.gob.do/wp-content/uploads/2025/10/temperaturas-extremas-y-precipitaciones-2025x10x06-a.pdf
2025-10-06,106,VALLE NUEVO (EMA),LA VEGA,MARENA,EMAI,21.3,7.0,0.8,https://indomet.gob.do/wp-content/uploads/2025/10/temperaturas-extremas-y-precipitaciones-2025x10x06-a.pdf
2025-10-06,107,VILLA ALTAGRACIA,SAN CRISTÓBAL,ESCUELA JAVIER ANGULO GURIDI,EMCI,,,0.5,https://indomet.gob.do/wp-content/uploads/2025/10/temperaturas-extremas-y-precipitaciones-2025x10x06-a.pdf
2025-10-06,108,VILLA GONZALES,SANTIAGO,MINISTERIO DE AGRICULTURA,EMCI,,,0.0,https://indomet.gob.do/wp-content/uploads/2025/10/temperaturas-extremas-y-precipitaciones-2025x10x06-a.pdf
2025-10-06,109,VILLA ISABELA,PUERTO PLATA,MINISTERIO DE AGRICULTURA,EMCV,,,0.0,https://indomet.gob.do/wp-content/uploads/2025/10/temperaturas-extremas-y-precipitaciones-2025x10x06-a.pdf
2025-10-06,110,VILLA RIVA,DUARTE,HOSP. MPAL. ALICIA DE LEGENDRE,EMCI,34.0,24.0,0.0,https://indomet.gob.do/wp-content/uploads/2025/10/temperaturas-extremas-y-precipitaciones-2025x10x06-a.pdf
2025-10-07,001,ALTAMIRA,PUERTO PLATA,HOSP. MPAL. DE ALTAMIRA,EMCI,33.1,21.0,3.6,https://indomet.gob.do/wp-content/uploads/2025/10/temperaturas-extremas-y-precipitaciones-2025x10x07-a.pdf
2025-10-07,002,ALTO BANDERA (EMA),LA VEGA,INTEC,EMAP,18.0,8.7,0.0,https://indomet.gob.do/wp-content/uploads/2025/10/temperaturas-extremas-y-precipitaciones-2025x10x07-a.pdf
2025-10-07,003,ANAMUYA (EMA),LA ALTAGRACIA,MINISTERIO DE AGRICULTURA,EMAP,32.0,24.1,1.6,https://indomet.gob.do/wp-content/uploads/2025/10/temperaturas-extremas-y-precipitaciones-2025x10x07-a.pdf
2025-10-07,004,ARPT. ARROYO BARRIL,SAMANÁ,INDOMET,EMCI,31.6,24.4,0.0,https://indomet.gob.do/wp-content/uploads/2025/10/temperaturas-extremas-y-precipitaciones-2025x10x07-a.pdf
2025-10-07,005,ARPT. DE LA ROMANA,LA ROMANA,INDOMET,EMCI,33.1,22.5,6.7,https://indomet.gob.do/wp-content/uploads/2025/10/temperaturas-extremas-y-precipitaciones-2025x10x07-a.pdf
2025-10-07,006,ARPT. DE LAS AMÉRICAS,SANTO DOMINGO,INDOMET,EMCI,32.5,23.3,0.1,https://indomet.gob.do/wp-content/uploads/2025/10/temperaturas-extremas-y-precipitaciones-2025x10x07-a.pdf
2025-10-07,007,ARPT. DE PUNTA CANA,LA ALTAGRACIA,INDOMET,EMCI,32.2,22.4,5.0,https://indomet.gob.do/wp-content/uploads/2025/10/temperaturas-extremas-y-precipitaciones-2025x10x07-a.pdf
2025-10-07,008,ARPT. DEL CIBAO,SANTIAGO,INDOMET,EMCI,34.6,21.9,0.3,https://indomet.gob.do/wp-content/uploads/2025/10/temperaturas-extremas-y-precipitaciones-2025x10x07-a.pdf
2025-10-07,009,ARPT. EL CATEY,SAMANÁ,INDOMET,EMCI,32.0,22.5,4.6,https://indomet.gob.do/wp-content/uploads/2025/10/temperaturas-extremas-y-precipitaciones-2025x10x07-a.pdf
2025-10-07,010,ARPT. GREGORIO LUPERÓN,PUERTO PLATA,INDOMET,EMCI,33.0,24.0,0.0,https://indomet.gob.do/wp-content/uploads/2025/10/temperaturas-extremas-y-precipitaciones-2025x10x07-a.pdf
2025-10-07,011,ARPT. LA ISABELA,SANTO DOMINGO,INDOMET,EMCI,35.5,22.5,0.0,https://indomet.gob.do/wp-content/uploads/2025/10/temperaturas-extremas-y-precipitaciones-2025x10x07-a.pdf
2025-10-07,012,ARPT. MARÍA MONTEZ,BARAHONA,INDOMET,EMCI,33.3,23.5,0.0,https://indomet.gob.do/wp-content/uploads/2025/10/temperaturas-extremas-y-precipitaciones-2025x10x07-a.pdf
2025-10-07,013,ARROYO LORO,SAN JUAN,IDIAF,EMCI,33.2,19.3,0.9,https://indomet.gob.do/wp-content/uploads/2025/10/temperaturas-extremas-y-precipitaciones-2025x10x07-a.pdf
2025-10-07,014,BANI (EMA),PERAVIA,MINISTERIO DE AGRICULTURA,EMAP,33.8,23.9,0.0,https://indomet.gob.do/wp-content/uploads/2025/10/temperaturas-extremas-y-precipitaciones-2025x10x07-a.pdf
2025-10-07,016,BASE AÉREA DE SAN ISIDRO,SANTO DOMINGO,FUERZA AÉREA DOMINICANA,EMCV,32.7,23.7,5.0,https://indomet.gob.do/wp-content/uploads/2025/10/temperaturas-extremas-y-precipitaciones-2025x10x07-a.pdf
2025-10-07,017,BAYAGUANA,MONTE PLATA,INDOMET,EMCI,33.8,22.6,0.0,https://indomet.gob.do/wp-content/uploads/2025/10/temperaturas-extremas-y-precipitaciones-2025x10x07-a.pdf
2025-10-07,019,BOCA DE MAO (EMA),VALVERDE,MINISTERIO DE AGRICULTURA,EMAP,36.7,22.1,0.4,https://indomet.gob.do/wp-content/uploads/2025/10/temperaturas-extremas-y-precipitaciones-2025x10x07-a.pdf
2025-10-07,020,BOHECHÍO,SAN JUAN,MINISTERIO DE AGRICULTURA,EMCV,,,0.0,https://indomet.gob.do/wp-content/uploads/2025/10/temperaturas-extremas-y-precipitaciones-2025x10x07-a.pdf
2025-10-07,023,CABRERA,MARÍA TRINIDAD SÁNCHEZ,ESCUELA ARÍSTIDES FIALLO CABRAL,EMCI,34.0,25.5,5.0,https://indomet.gob.do/wp-content/uploads/2025/10/temperaturas-extremas-y-precipitaciones-2025x10x07-a.pdf
2025-10-07,024,CENTRO DE LOS HEROES (EMA),DISTRITO NACIONAL,MINISTERIO DE ENERGIA Y MINA,EMAP,32.7,27.3,0.0,https://indomet.gob.do/wp-content/uploads/2025/10/temperaturas-extremas-y-precipitaciones-2025x10x07-a.pdf
2025-10-07,025,CONSTANZA,LA VEGA,MINISTERIO DE AGRICULTURA,EMCI,28.2,13.6,0.2,https://indomet.gob.do/wp-content/uploads/2025/10/temperaturas-extremas-y-precipitaciones-2025x10x07-a.pdf
2025-10-07,026,CONSTANZA (EMA),LA VEGA,PROGRAMA MUNDIAL DE ALIMENTO,EMAP,27.3,15.1,0.2,https://indomet.gob.do/wp-content/uploads/2025/10/temperaturas-extremas-y-precipitaciones-2025x10x07-a.pdf
2025-10-07,028,DAJABÓN,DAJABÓN,INSTITUTO POLITÉCNICO LOYOLA,EMCI,34.0,19.2,8.2,https://indomet.gob.do/wp-content/uploads/2025/10/temperaturas-extremas-y-precipitaciones-2025x10x07-a.pdf
2025-10-07,030,EL FACTOR (EMA),MARÍA TRINIDAD SÁNCHEZ,INTEC,EMAP,33.4,24.1,9.4,https://indomet.gob.do/wp-content/uploads/2025/10/temperaturas-extremas-y-precipitaciones-2025x10x07-a.pdf
2025-10-07,032,ELÍAS PIÑA,ELÍAS PIÑA,MINISTERIO DE AGRICULTURA,EMCV,,,3.6,https://indomet.gob.do/wp-content/uploads/2025/10/temperaturas-extremas-y-precipitaciones-2025x10x07-a.pdf
2025-10-07,033,ENRIQUILLO,BARAHONA,MINISTERIO DE AGRICULTURA,EMCV,34.0,22.7,0.4,https://indomet.gob.do/wp-content/uploads/2025/10/temperaturas-extremas-y-precipitaciones-2025x10x07-a.pdf
2025-10-07,035,GASPAR HERNÁNDEZ,ESPAILLAT,PROPIEDAD DEL EMPLEADO,EMCI,,,0.0,https://indomet.gob.do/wp-content/uploads/2025/10/temperaturas-extremas-y-precipitaciones-2025x10x07-a.pdf
2025-10-07,036,GURABO,SANTIAGO,MINISTERIO DE AGRICULTURA,EMCV,,,0.0,https://indomet.gob.do/wp-content/uploads/2025/10/temperaturas-extremas-y-precipitaciones-2025x10x07-a.pdf
2025-10-07,037,HATO MAYOR,HATO MAYOR,MINISTERIO DE AGRICULTURA,EMCV,,,0.5,https://indomet.gob.do/wp-content/uploads/2025/10/temperaturas-extremas-y-precipitaciones-2025x10x07-a.pdf
2025-10-07,039,HONDO VALLE,ELÍAS PIÑA,MINISTERIO DE AGRICULTURA,EMCI,27.1,17.7,4.8,https://indomet.gob.do/wp-content/uploads/2025/10/temperaturas-extremas-y-precipitaciones-2025x10x07-a.pdf
2025-10-07,040,JARABACOA,LA VEGA,INDRHI / MARENA,EMCI,33.8,18.2,0.9,https://indomet.gob.do/wp-content/uploads/2025/10/temperaturas-extremas-y-precipitaciones-2025x10x07-a.pdf
2025-10-07,041,JARABACOA (EMA),LA VEGA,PROGRAMA MUNDIAL DE ALIMENTO,EMAP,32.1,19.6,1.0,https://indomet.gob.do/wp-content/uploads/2025/10/temperaturas-extremas-y-precipitaciones-2025x10x07-a.pdf
2025-10-07,042,JARDÍN BOTÁNICO NACIONAL,DISTRITO NACIONAL,JARDÍN BOTÁNICO NACIONAL,EMCV,32.0,21.3,1.0,https://indomet.gob.do/wp-content/uploads/2025/10/temperaturas-extremas-y-precipitaciones-2025x10x07-a.pdf
2025-10-07,043,JIMANÍ,INDEPENDENCIA,MINISTERIO DE AGRICULTURA,EMCI,35.5,23.4,0.0,https://indomet.gob.do/wp-content/uploads/2025/10/temperaturas-extremas-y-precipitaciones-2025x10x07-a.pdf
2025-10-07,044,JUMA BEJUCAL,MONSEÑOR NOUEL,IDIAF,EMCV,35.2,22.8,11.5,https://indomet.gob.do/wp-content/uploads/2025/10/temperaturas-extremas-y-precipitaciones-2025x10x07-a.pdf
2025-10-07,045,LA VEGA,LA VEGA,IATESA,EMCI,35.0,22.0,10.4,https://indomet.gob.do/wp-content/uploads/2025/10/temperaturas-extremas-y-precipitaciones-2025x10x07-a.pdf
2025-10-07,046,LA VICTORIA,SANTO DOMINGO,CUERPO DE BOMBEROS,EMCI,34.0,23.8,3.8,https://indomet.gob.do/wp-content/uploads/2025/10/temperaturas-extremas-y-precipitaciones-2025x10x07-a.pdf
2025-10-07,052,LOS LLANOS,SAN PEDRO DE MACORÍS,MINISTERIO DE AGRICULTURA,EMCI,33.2,23.0,14.6,https://indomet.gob.do/wp-content/uploads/2025/10/temperaturas-extremas-y-precipitaciones-2025x10x07-a.pdf
2025-10-07,053,LOS TRES CHARCOS (EMA),PEDERNALES,PROPIEDAD DEL VOLUNTARIO,EMAP,33.6,22.6,0.0,https://indomet.gob.do/wp-content/uploads/2025/10/temperaturas-extremas-y-precipitaciones-2025x10x07-a.pdf
2025-10-07,054,LUPERÓN,PUERTO PLATA,MINISTERIO DE AGRICULTURA,EMCV,,,1.0,https://indomet.gob.do/wp-content/uploads/2025/10/temperaturas-extremas-y-precipitaciones-2025x10x07-a.pdf
2025-10-07,055,MAO,VALVERDE,INDRHI / MINISTERIO DE AGRICULTURA,EMCV,,,4.0,https://indomet.gob.do/wp-content/uploads/2025/10/temperaturas-extremas-y-precipitaciones-2025x10x07-a.pdf
2025-10-07,060,MONCIÓN (EMA),SANTIAGO RODRÍGUEZ,PROGRAMA MUNDIAL DE ALIMENTO,EMAP,32.1,20.3,0.0,https://indomet.gob.do/wp-content/uploads/2025/10/temperaturas-extremas-y-precipitaciones-2025x10x07-a.pdf
2025-10-07,061,MONTE CRISTI,MONTE CRISTI,INDOMET,EMCI,33.8,22.2,30.0,https://indomet.gob.do/wp-content/uploads/2025/10/temperaturas-extremas-y-precipitaciones-2025x10x07-a.pdf
2025-10-07,063,NAVARRETE,SANTIAGO,MINISTERIO DE AGRICULTURA,EMCV,,,0.0,https://indomet.gob.do/wp-content/uploads/2025/10/temperaturas-extremas-y-precipitaciones-2025x10x07-a.pdf
2025-10-07,065,OLIVARES,PEDERNALES,INDRHI,EMCI,,,0.1,https://indomet.gob.do/wp-content/uploads/2025/10/temperaturas-extremas-y-precipitaciones-2025x10x07-a.pdf
2025-10-07,066,OVIEDO,PEDERNALES,CLÍNICA RURAL OVIEDO,EMCI,33.5,22.5,0.4,https://indomet.gob.do/wp-content/uploads/2025/10/temperaturas-extremas-y-precipitaciones-2025x10x07-a.pdf
2025-10-07,067,PADRE LAS CASAS,AZUA,HOSP. NTRA. SRA. DEL CARMEN,EMCI,33.8,16.5,2.2,https://indomet.gob.do/wp-content/uploads/2025/10/temperaturas-extremas-y-precipitaciones-2025x10x07-a.pdf
2025-10-07,069,PALO ÍNDIO,PUERTO PLATA,MINISTERIO DE AGRICULTURA,EMCI,,,5.1,https://indomet.gob.do/wp-content/uploads/2025/10/temperaturas-extremas-y-precipitaciones-2025x10x07-a.pdf
2025-10-07,070,PARQUE MIRADOR SUR,DISTRITO NACIONAL,AYUNTAMIENTO,EMCV,33.4,23.0,1.0,https://indomet.gob.do/wp-content/uploads/2025/10/temperaturas-extremas-y-precipitaciones-2025x10x07-a.pdf
2025-10-07,072,PEDERNALES,PEDERNALES,INDRHI,EMCI,,,0.0,https://indomet.gob.do/wp-content/uploads/2025/10/temperaturas-extremas-y-precipitaciones-2025x10x07-a.pdf
2025-10-07,073,PERALTA,AZUA,HOSP. MPAL. DE PERALTA,EMCI,30.3,18.9,2.8,https://indomet.gob.do/wp-content/uploads/2025/10/temperaturas-extremas-y-precipitaciones-2025x10x07-a.pdf
2025-10-07,074,PESCADERIA (EMA),BARAHONA,MINISTERIO DE AGRICULTURA,EMAP,33.7,24.3,0.0,https://indomet.gob.do/wp-content/uploads/2025/10/temperaturas-extremas-y-precipitaciones-2025x10x07-a.pdf
2025-10-07,075,POLO,BARAHONA,INDOCAFE,EMCI,28.4,16.2,0.0,https://indomet.gob.do/wp-content/uploads/2025/10/temperaturas-extremas-y-precipitaciones-2025x10x07-a.pdf
2025-10-07,076,PONTÓN ABAJO (EMA),LA VEGA,MINISTERIO DE AGRICULTURA,EMAP,36.4,22.8,0.0,https://indomet.gob.do/wp-content/uploads/2025/10/temperaturas-extremas-y-precipitaciones-2025x10x07-a.pdf
2025-10-07,077,PRESA DE TAVERAS (EMA),LA VEGA,PROGRAMA MUNDIAL DE ALIMENTO,EMAP,33.7,21.6,0.2,https://indomet.gob.do/wp-content/uploads/2025/10/temperaturas-extremas-y-precipitaciones-2025x10x07-a.pdf
2025-10-07,078,RANCHO ARRIBA,SAN JOSÉ DE OCOA,CENTRO TECNOLÓGICO COMUNITARIO,EMCI,31.1,18.6,7.2,https://indomet.gob.do/wp-content/uploads/2025/10/temperaturas-extremas-y-precipitaciones-2025x10x07-a.pdf
2025-10-07,079,RESTAURACIÓN,DAJABÓN,MINISTERIO DE AGRICULTURA,EMCI,29.9,15.4,8.9,https://indomet.gob.do/wp-content/uploads/2025/10/temperaturas-extremas-y-precipitaciones-2025x10x07-a.pdf
2025-10-07,080,RÍO SAN JUAN,MARÍA TRINIDAD SÁNCHEZ,HOSP. MPAL. DR. DESIDERIO ACOSTA,EMCV,34.7,24.5,0.0,https://indomet.gob.do/wp-content/uploads/2025/10/temperaturas-extremas-y-precipitaciones-2025x10x07-a.pdf
2025-10-07,081,SABANA DE LA MAR,HATO MAYOR,INDOMET,EMCI,32.5,23.5,2.0,https://indomet.gob.do/wp-content/uploads/2025/10/temperaturas-extremas-y-precipitaciones-2025x10x07-a.pdf
2025-10-07,082,SABANA GRANDE DE BOYÁ,MONTE PLATA,MINISTERIO DE AGRICULTURA,EMCV,,,0.1,https://indomet.gob.do/wp-content/uploads/2025/10/temperaturas-extremas-y-precipitaciones-2025x10x07-a.pdf
2025-10-07,083,SABANETA (EMA),SANTIAGO RODRÍGUEZ,PROGRAMA MUNDIAL DE ALIMENTO,EMAP,35.3,21.7,4.4,https://indomet.gob.do/wp-content/uploads/2025/10/temperaturas-extremas-y-precipitaciones-2025x10x07-a.pdf
2025-10-07,084,SALCEDO,HERMANAS MIRABAL,PROPIEDAD DEL EMPLEADO,EMCI,,,10.5,https://indomet.gob.do/wp-content/uploads/2025/10/temperaturas-extremas-y-precipitaciones-2025x10x07-a.pdf
2025-10-07,085,SAMANÁ,SAMANÁ,COMANDANCIA DE PUERTO DE SAMANÁ,EMCI,33.8,21.8,0.6,https://indomet.gob.do/wp-content/uploads/2025/10/temperaturas-extremas-y-precipitaciones-2025x10x07-a.pdf
2025-10-07,086,SAN CRISTÓBAL,SAN CRISTÓBAL,INSTITUTO POLITÉCNICO LOYOLA,EMCI,33.0,21.0,0.0,https://indomet.gob.do/wp-content/uploads/2025/10/temperaturas-extremas-y-precipitaciones-2025x10x07-a.pdf
2025-10-07,087,SAN FRANCISCO DE MACORÍS,DUARTE,San Francisco de Macorís (UASD),EMCI,34.2,23.3,0.0,https://indomet.gob.do/wp-content/uploads/2025/10/temperaturas-extremas-y-precipitaciones-2025x10x07-a.pdf
2025-10-07,088,SAN JOSÉ DE OCOA,SAN JOSÉ DE OCOA,HOSP. SAN JOSÉ DE OCOA,EMCI,32.4,18.7,17.8,https://indomet.gob.do/wp-content/uploads/2025/10/temperaturas-extremas-y-precipitaciones-2025x10x07-a.pdf
2025-10-07,089,SAN RAFAEL DEL YUMA,LA ALTAGRACIA,MINISTERIO DE AGRICULTURA,EMCI,35.0,24.0,0.2,https://indomet.gob.do/wp-content/uploads/2025/10/temperaturas-extremas-y-precipitaciones-2025x10x07-a.pdf
2025-10-07,090,SÁNCHEZ,SAMANÁ,MINISTERIO DE AGRICULTURA,EMCI,30.9,23.4,22.0,https://indomet.gob.do/wp-content/uploads/2025/10/temperaturas-extremas-y-precipitaciones-2025x10x07-a.pdf
2025-10-07,091,SANTIAGO,SANTIAGO,HUACALITO,EMCI,,,0.0,https://indomet.gob.do/wp-content/uploads/2025/10/temperaturas-extremas-y-precipitaciones-2025x10x07-a.pdf
2025-10-07,092,SAJOMA (EMA),SANTIAGO,PLAN SIERRA,EMAI,32.5,24.2,0.0,https://indomet.gob.do/wp-content/uploads/2025/10/temperaturas-extremas-y-precipitaciones-2025x10x07-a.pdf
2025-10-07,093,JARDÍN BOTÁNICO SANTIAGO (EMSANTIAGO,,JARDIN BOTANICO SANTIAGO,EMAI,,,0.0,https://indomet.gob.do/wp-content/uploads/2025/10/temperaturas-extremas-y-precipitaciones-2025x10x07-a.pdf
2025-10-07,095,JANICO (EMA),LA VEGA,PLAN SIERRA,EMAI,,,0.0,https://indomet.gob.do/wp-content/uploads/2025/10/temperaturas-extremas-y-precipitaciones-2025x10x07-a.pdf
2025-10-07,096,VILLA GONZALE (EMA),SANTIAGO,IGLESIA,EMAI,,,0.0,https://indomet.gob.do/wp-content/uploads/2025/10/temperaturas-extremas-y-precipitaciones-2025x10x07-a.pdf
2025-10-07,097,VILLA VASQUEZ (EMA),MONTE CRISTI,JUNTA DE REGANTES,EMAI,,,24.2,https://indomet.gob.do/wp-content/uploads/2025/10/temperaturas-extremas-y-precipitaciones-2025x10x07-a.pdf
2025-10-07,099,SANTIAGO RODRÍGUEZ,SANTIAGO RODRÍGUEZ,INDOMET,EMCI,35.5,22.0,6.2,https://indomet.gob.do/wp-content/uploads/2025/10/temperaturas-extremas-y-precipitaciones-2025x10x07-a.pdf
2025-10-07,100,SANTO DOMINGO ESTE,SANTO DOMINGO,INDOMET,EMCI,33.8,25.7,0.1,https://indomet.gob.do/wp-content/uploads/2025/10/temperaturas-extremas-y-precipitaciones-2025x10x07-a.pdf
2025-10-07,101,TÁBARA ABAJO,AZUA,INDRHI,EMCI,33.9,23.0,0.0,https://indomet.gob.do/wp-content/uploads/2025/10/temperaturas-extremas-y-precipitaciones-2025x10x07-a.pdf
2025-10-07,102,TAMBORIL,SANTIAGO,MINISTERIO DE AGRICULTURA,EMCV,,,0.5,https://indomet.gob.do/wp-content/uploads/2025/10/temperaturas-extremas-y-precipitaciones-2025x10x07-a.pdf
2025-10-07,104,JIMA ABAJO,LA VEGA,INDOMET,EMCI,37.0,21.5,0.0,https://indomet.gob.do/wp-content/uploads/2025/10/temperaturas-extremas-y-precipitaciones-2025x10x07-a.pdf
2025-10-07,106,VALLE NUEVO (EMA),LA VEGA,MARENA,EMAI,21.2,7.2,5.0,https://indomet.gob.do/wp-content/uploads/2025/10/temperaturas-extremas-y-precipitaciones-2025x10x07-a.pdf
2025-10-07,107,VILLA ALTAGRACIA,SAN CRISTÓBAL,ESCUELA JAVIER ANGULO GURIDI,EMCI,,,4.7,https://indomet.gob.do/wp-content/uploads/2025/10/temperaturas-extremas-y-precipitaciones-2025x10x07-a.pdf
2025-10-07,108,VILLA GONZALES,SANTIAGO,MINISTERIO DE AGRICULTURA,EMCI,,,0.0,https://indomet.gob.do/wp-content/uploads/2025/10/temperaturas-extremas-y-precipitaciones-2025x10x07-a.pdf
2025-10-07,109,VILLA ISABELA,PUERTO PLATA,MINISTERIO DE AGRICULTURA,EMCV,,,27.2,https://indomet.gob.do/wp-content/uploads/2025/10/temperaturas-extremas-y-precipitaciones-2025x10x07-a.pdf
2025-10-07,110,VILLA RIVA,DUARTE,HOSP. MPAL. ALICIA DE LEGENDRE,EMCI,32.0,22.4,8.3,https://indomet.gob.do/wp-content/uploads/2025/10/temperaturas-extremas-y-precipitaciones-2025x10x07-a.pdf
2025-10-08,001,ALTAMIRA,PUERTO PLATA,HOSP. MPAL. DE ALTAMIRA,EMCI,33.9,22.0,0.2,https://indomet.gob.do/wp-content/uploads/2025/10/temperaturas-extremas-y-precipitaciones-2025x10x08-a.pdf
2025-10-08,002,ALTO BANDERA (EMA),LA VEGA,INTEC,EMAP,18.2,9.7,1.5,https://indomet.gob.do/wp-content/uploads/2025/10/temperaturas-extremas-y-precipitaciones-2025x10x08-a.pdf
2025-10-08,003,ANAMUYA (EMA),LA ALTAGRACIA,MINISTERIO DE AGRICULTURA,EMAP,31.9,23.9,12.6,https://indomet.gob.do/wp-content/uploads/2025/10/temperaturas-extremas-y-precipitaciones-2025x10x08-a.pdf
2025-10-08,004,ARPT. ARROYO BARRIL,SAMANÁ,INDOMET,EMCI,33.0,24.4,0.0,https://indomet.gob.do/wp-content/uploads/2025/10/temperaturas-extremas-y-precipitaciones-2025x10x08-a.pdf
2025-10-08,005,ARPT. DE LA ROMANA,LA ROMANA,INDOMET,EMCI,32.5,22.3,24.5,https://indomet.gob.do/wp-content/uploads/2025/10/temperaturas-extremas-y-precipitaciones-2025x10x08-a.pdf
2025-10-08,006,ARPT. DE LAS AMÉRICAS,SANTO DOMINGO,INDOMET,EMCI,32.0,23.8,0.0,https://indomet.gob.do/wp-content/uploads/2025/10/temperaturas-extremas-y-precipitaciones-2025x10x08-a.pdf
2025-10-08,007,ARPT. DE PUNTA CANA,LA ALTAGRACIA,INDOMET,EMCI,32.0,22.3,0.8,https://indomet.gob.do/wp-content/uploads/2025/10/temperaturas-extremas-y-precipitaciones-2025x10x08-a.pdf
2025-10-08,008,ARPT. DEL CIBAO,SANTIAGO,INDOMET,EMCI,35.5,22.1,0.0,https://indomet.gob.do/wp-content/uploads/2025/10/temperaturas-extremas-y-precipitaciones-2025x10x08-a.pdf
2025-10-08,009,ARPT. EL CATEY,SAMANÁ,INDOMET,EMCI,31.5,23.0,0.0,https://indomet.gob.do/wp-content/uploads/2025/10/temperaturas-extremas-y-precipitaciones-2025x10x08-a.pdf
2025-10-08,010,ARPT. GREGORIO LUPERÓN,PUERTO PLATA,INDOMET,EMCI,33.2,23.8,0.0,https://indomet.gob.do/wp-content/uploads/2025/10/temperaturas-extremas-y-precipitaciones-2025x10x08-a.pdf
2025-10-08,011,ARPT. LA ISABELA,SANTO DOMINGO,INDOMET,EMCI,35.6,22.5,0.0,https://indomet.gob.do/wp-content/uploads/2025/10/temperaturas-extremas-y-precipitaciones-2025x10x08-a.pdf
2025-10-08,012,ARPT. MARÍA MONTEZ,BARAHONA,INDOMET,EMCI,33.5,24.5,0.3,https://indomet.gob.do/wp-content/uploads/2025/10/temperaturas-extremas-y-precipitaciones-2025x10x08-a.pdf
2025-10-08,013,ARROYO LORO,SAN JUAN,IDIAF,EMCI,33.7,19.8,0.1,https://indomet.gob.do/wp-content/uploads/2025/10/temperaturas-extremas-y-precipitaciones-2025x10x08-a.pdf
2025-10-08,014,BANI (EMA),PERAVIA,MINISTERIO DE AGRICULTURA,EMAP,,,0.0,https://indomet.gob.do/wp-content/uploads/2025/10/temperaturas-extremas-y-precipitaciones-2025x10x08-a.pdf
2025-10-08,016,BASE AÉREA DE SAN ISIDRO,SANTO DOMINGO,FUERZA AÉREA DOMINICANA,EMCV,33.1,24.6,0.0,https://indomet.gob.do/wp-content/uploads/2025/10/temperaturas-extremas-y-precipitaciones-2025x10x08-a.pdf
2025-10-08,017,BAYAGUANA,MONTE PLATA,INDOMET,EMCI,35.0,22.9,0.1,https://indomet.gob.do/wp-content/uploads/2025/10/temperaturas-extremas-y-precipitaciones-2025x10x08-a.pdf
2025-10-08,019,BOCA DE MAO (EMA),VALVERDE,MINISTERIO DE AGRICULTURA,EMAP,36.5,22.9,0.2,https://indomet.gob.do/wp-content/uploads/2025/10/temperaturas-extremas-y-precipitaciones-2025x10x08-a.pdf
2025-10-08,020,BOHECHÍO,SAN JUAN,MINISTERIO DE AGRICULTURA,EMCV,,,0.0,https://indomet.gob.do/wp-content/uploads/2025/10/temperaturas-extremas-y-precipitaciones-2025x10x08-a.pdf
2025-10-08,021,BONAO,MONSEÑOR NOUEL,MINISTERIO DE AGRICULTURA,EMCV,,,2.0,https://indomet.gob.do/wp-content/uploads/2025/10/temperaturas-extremas-y-precipitaciones-2025x10x08-a.pdf
2025-10-08,022,CABRAL,BARAHONA,MINISTERIO DE AGRICULTURA,EMCV,35.5,24.5,0.0,https://indomet.gob.do/wp-content/uploads/2025/10/temperaturas-extremas-y-precipitaciones-2025x10x08-a.pdf
2025-10-08,023,CABRERA,MARÍA TRINIDAD SÁNCHEZ,ESCUELA ARÍSTIDES FIALLO CABRAL,EMCI,33.7,25.5,0.0,https://indomet.gob.do/wp-content/uploads/2025/10/temperaturas-extremas-y-precipitaciones-2025x10x08-a.pdf
2025-10-08,024,CENTRO DE LOS HEROES (EMA),DISTRITO NACIONAL,MINISTERIO DE ENERGIA Y MINA,EMAP,32.4,26.9,0.0,https://indomet.gob.do/wp-content/uploads/2025/10/temperaturas-extremas-y-precipitaciones-2025x10x08-a.pdf
2025-10-08,025,CONSTANZA,LA VEGA,MINISTERIO DE AGRICULTURA,EMCI,29.0,14.4,18.7,https://indomet.gob.do/wp-content/uploads/2025/10/temperaturas-extremas-y-precipitaciones-2025x10x08-a.pdf
2025-10-08,026,CONSTANZA (EMA),LA VEGA,PROGRAMA MUNDIAL DE ALIMENTO,EMAP,27.9,15.9,17.2,https://indomet.gob.do/wp-content/uploads/2025/10/temperaturas-extremas-y-precipitaciones-2025x10x08-a.pdf
2025-10-08,028,DAJABÓN,DAJABÓN,INSTITUTO POLITÉCNICO LOYOLA,EMCI,34.3,18.1,0.0,https://indomet.gob.do/wp-content/uploads/2025/10/temperaturas-extremas-y-precipitaciones-2025x10x08-a.pdf
2025-10-08,029,EL CERCADO,SAN JUAN,MINISTERIO DE AGRICULTURA,EMCV,,,1.8,https://indomet.gob.do/wp-content/uploads/2025/10/temperaturas-extremas-y-precipitaciones-2025x10x08-a.pdf
2025-10-08,030,EL FACTOR (EMA),MARÍA TRINIDAD SÁNCHEZ,INTEC,EMAP,33.7,24.8,0.0,https://indomet.gob.do/wp-content/uploads/2025/10/temperaturas-extremas-y-precipitaciones-2025x10x08-a.pdf
2025-10-08,032,ELÍAS PIÑA,ELÍAS PIÑA,MINISTERIO DE AGRICULTURA,EMCV,,,14.6,https://indomet.gob.do/wp-content/uploads/2025/10/temperaturas-extremas-y-precipitaciones-2025x10x08-a.pdf
2025-10-08,033,ENRIQUILLO,BARAHONA,MINISTERIO DE AGRICULTURA,EMCV,34.0,23.0,0.0,https://indomet.gob.do/wp-content/uploads/2025/10/temperaturas-extremas-y-precipitaciones-2025x10x08-a.pdf
2025-10-08,034,ESCONDIDO,PERAVIA,MINISTERIO DE AGRICULTURA,EMCV,34.0,24.0,0.0,https://indomet.gob.do/wp-content/uploads/2025/10/temperaturas-extremas-y-precipitaciones-2025x10x08-a.pdf
2025-10-08,035,GASPAR HERNÁNDEZ,ESPAILLAT,PROPIEDAD DEL EMPLEADO,EMCI,,,0.0,https://indomet.gob.do/wp-content/uploads/2025/10/temperaturas-extremas-y-precipitaciones-2025x10x08-a.pdf
2025-10-08,036,GURABO,SANTIAGO,MINISTERIO DE AGRICULTURA,EMCV,,,0.0,https://indomet.gob.do/wp-content/uploads/2025/10/temperaturas-extremas-y-precipitaciones-2025x10x08-a.pdf
2025-10-08,037,HATO MAYOR,HATO MAYOR,MINISTERIO DE AGRICULTURA,EMCV,,,0.1,https://indomet.gob.do/wp-content/uploads/2025/10/temperaturas-extremas-y-precipitaciones-2025x10x08-a.pdf
2025-10-08,039,HONDO VALLE,ELÍAS PIÑA,MINISTERIO DE AGRICULTURA,EMCI,27.0,17.9,4.4,https://indomet.gob.do/wp-content/uploads/2025/10/temperaturas-extremas-y-precipitaciones-2025x10x08-a.pdf
2025-10-08,040,JARABACOA,LA VEGA,INDRHI / MARENA,EMCI,34.4,18.6,0.4,https://indomet.gob.do/wp-content/uploads/2025/10/temperaturas-extremas-y-precipitaciones-2025x10x08-a.pdf
2025-10-08,041,JARABACOA (EMA),LA VEGA,PROGRAMA MUNDIAL DE ALIMENTO,EMAP,32.7,20.2,0.2,https://indomet.gob.do/wp-content/uploads/2025/10/temperaturas-extremas-y-precipitaciones-2025x10x08-a.pdf
2025-10-08,042,JARDÍN BOTÁNICO NACIONAL,DISTRITO NACIONAL,JARDÍN BOTÁNICO NACIONAL,EMCV,30.2,24.1,1.4,https://indomet.gob.do/wp-content/uploads/2025/10/temperaturas-extremas-y-precipitaciones-2025x10x08-a.pdf
2025-10-08,043,JIMANÍ,INDEPENDENCIA,MINISTERIO DE AGRICULTURA,EMCI,36.5,24.2,0.0,https://indomet.gob.do/wp-content/uploads/2025/10/temperaturas-extremas-y-precipitaciones-2025x10x08-a.pdf
2025-10-08,044,JUMA BEJUCAL,MONSEÑOR NOUEL,IDIAF,EMCV,36.4,24.6,0.2,https://indomet.gob.do/wp-content/uploads/2025/10/temperaturas-extremas-y-precipitaciones-2025x10x08-a.pdf
2025-10-08,045,LA VEGA,LA VEGA,IATESA,EMCI,35.3,22.5,13.4,https://indomet.gob.do/wp-content/uploads/2025/10/temperaturas-extremas-y-precipitaciones-2025x10x08-a.pdf
2025-10-08,046,LA VICTORIA,SANTO DOMINGO,CUERPO DE BOMBEROS,EMCI,33.6,24.0,3.0,https://indomet.gob.do/wp-content/uploads/2025/10/temperaturas-extremas-y-precipitaciones-2025x10x08-a.pdf
2025-10-08,047,LAS CANAS (EMA),MONTE CRISTI,PROGRAMA MUNDIAL DE ALIMENTO,EMAP,30.2,23.0,0.0,https://indomet.gob.do/wp-content/uploads/2025/10/temperaturas-extremas-y-precipitaciones-2025x10x08-a.pdf
2025-10-08,048,LAS MATAS DE FARFÁN,SAN JUAN,MINISTERIO DE AGRICULTURA,EMCV,,,12.7,https://indomet.gob.do/wp-content/uploads/2025/10/temperaturas-extremas-y-precipitaciones-2025x10x08-a.pdf
2025-10-08,052,LOS LLANOS,SAN PEDRO DE MACORÍS,MINISTERIO DE AGRICULTURA,EMCI,34.2,24.5,0.0,https://indomet.gob.do/wp-content/uploads/2025/10/temperaturas-extremas-y-precipitaciones-2025x10x08-a.pdf
2025-10-08,053,LOS TRES CHARCOS (EMA),PEDERNALES,PROPIEDAD DEL VOLUNTARIO,EMAP,33.4,22.8,0.0,https://indomet.gob.do/wp-content/uploads/2025/10/temperaturas-extremas-y-precipitaciones-2025x10x08-a.pdf
2025-10-08,054,LUPERÓN,PUERTO PLATA,MINISTERIO DE AGRICULTURA,EMCV,,,1.3,https://indomet.gob.do/wp-content/uploads/2025/10/temperaturas-extremas-y-precipitaciones-2025x10x08-a.pdf
2025-10-08,055,MAO,VALVERDE,INDRHI / MINISTERIO DE AGRICULTURA,EMCV,,,0.0,https://indomet.gob.do/wp-content/uploads/2025/10/temperaturas-extremas-y-precipitaciones-2025x10x08-a.pdf
2025-10-08,060,MONCIÓN (EMA),SANTIAGO RODRÍGUEZ,PROGRAMA MUNDIAL DE ALIMENTO,EMAP,32.3,20.6,0.0,https://indomet.gob.do/wp-content/uploads/2025/10/temperaturas-extremas-y-precipitaciones-2025x10x08-a.pdf
2025-10-08,061,MONTE CRISTI,MONTE CRISTI,INDOMET,EMCI,33.0,22.1,0.0,https://indomet.gob.do/wp-content/uploads/2025/10/temperaturas-extremas-y-precipitaciones-2025x10x08-a.pdf
2025-10-08,063,NAVARRETE,SANTIAGO,MINISTERIO DE AGRICULTURA,EMCV,,,0.5,https://indomet.gob.do/wp-content/uploads/2025/10/temperaturas-extremas-y-precipitaciones-2025x10x08-a.pdf
2025-10-08,065,OLIVARES,PEDERNALES,INDRHI,EMCI,,,0.0,https://indomet.gob.do/wp-content/uploads/2025/10/temperaturas-extremas-y-precipitaciones-2025x10x08-a.pdf
2025-10-08,066,OVIEDO,PEDERNALES,CLÍNICA RURAL OVIEDO,EMCI,35.0,22.5,0.0,https://indomet.gob.do/wp-content/uploads/2025/10/temperaturas-extremas-y-precipitaciones-2025x10x08-a.pdf
2025-10-08,067,PADRE LAS CASAS,AZUA,HOSP. NTRA. SRA. DEL CARMEN,EMCI,33.5,19.5,0.0,https://indomet.gob.do/wp-content/uploads/2025/10/temperaturas-extremas-y-precipitaciones-2025x10x08-a.pdf
2025-10-08,069,PALO ÍNDIO,PUERTO PLATA,MINISTERIO DE AGRICULTURA,EMCI,,,0.0,https://indomet.gob.do/wp-content/uploads/2025/10/temperaturas-extremas-y-precipitaciones-2025x10x08-a.pdf
2025-10-08,070,PARQUE MIRADOR SUR,DISTRITO NACIONAL,AYUNTAMIENTO,EMCV,,,5.1,https://indomet.gob.do/wp-content/uploads/2025/10/temperaturas-extremas-y-precipitaciones-2025x10x08-a.pdf
2025-10-08,072,PEDERNALES,PEDERNALES,INDRHI,EMCI,,,0.0,https://indomet.gob.do/wp-content/uploads/2025/10/temperaturas-extremas-y-precipitaciones-2025x10x08-a.pdf
2025-10-08,073,PERALTA,AZUA,HOSP. MPAL. DE PERALTA,EMCI,31.5,19.0,0.0,https://indomet.gob.do/wp-content/uploads/2025/10/temperaturas-extremas-y-precipitaciones-2025x10x08-a.pdf
2025-10-08,074,PESCADERIA (EMA),BARAHONA,MINISTERIO DE AGRICULTURA,EMAP,33.6,24.7,0.4,https://indomet.gob.do/wp-content/uploads/2025/10/temperaturas-extremas-y-precipitaciones-2025x10x08-a.pdf
2025-10-08,075,POLO,BARAHONA,INDOCAFE,EMCI,27.2,15.5,0.0,https://indomet.gob.do/wp-content/uploads/2025/10/temperaturas-extremas-y-precipitaciones-2025x10x08-a.pdf
2025-10-08,076,PONTÓN ABAJO (EMA),LA VEGA,MINISTERIO DE AGRICULTURA,EMAP,36.6,23.3,,https://indomet.gob.do/wp-content/uploads/2025/10/temperaturas-extremas-y-precipitaciones-2025x10x08-a.pdf
2025-10-08,077,PRESA DE TAVERAS (EMA),LA VEGA,PROGRAMA MUNDIAL DE ALIMENTO,EMAP,34.4,21.8,8.0,https://indomet.gob.do/wp-content/uploads/2025/10/temperaturas-extremas-y-precipitaciones-2025x10x08-a.pdf
2025-10-08,078,RANCHO ARRIBA,SAN JOSÉ DE OCOA,CENTRO TECNOLÓGICO COMUNITARIO,EMCI,32.0,19.4,16.6,https://indomet.gob.do/wp-content/uploads/2025/10/temperaturas-extremas-y-precipitaciones-2025x10x08-a.pdf
2025-10-08,079,RESTAURACIÓN,DAJABÓN,MINISTERIO DE AGRICULTURA,EMCI,29.7,16.5,5.1,https://indomet.gob.do/wp-content/uploads/2025/10/temperaturas-extremas-y-precipitaciones-2025x10x08-a.pdf
2025-10-08,080,RÍO SAN JUAN,MARÍA TRINIDAD SÁNCHEZ,HOSP. MPAL. DR. DESIDERIO ACOSTA,EMCV,33.9,25.4,0.6,https://indomet.gob.do/wp-content/uploads/2025/10/temperaturas-extremas-y-precipitaciones-2025x10x08-a.pdf
2025-10-08,081,SABANA DE LA MAR,HATO MAYOR,INDOMET,EMCI,32.5,24.0,0.5,https://indomet.gob.do/wp-content/uploads/2025/10/temperaturas-extremas-y-precipitaciones-2025x10x08-a.pdf
2025-10-08,082,SABANA GRANDE DE BOYÁ,MONTE PLATA,MINISTERIO DE AGRICULTURA,EMCV,,,0.1,https://indomet.gob.do/wp-content/uploads/2025/10/temperaturas-extremas-y-precipitaciones-2025x10x08-a.pdf
2025-10-08,083,SABANETA (EMA),SANTIAGO RODRÍGUEZ,PROGRAMA MUNDIAL DE ALIMENTO,EMAP,36.3,22.2,0.0,https://indomet.gob.do/wp-content/uploads/2025/10/temperaturas-extremas-y-precipitaciones-2025x10x08-a.pdf
2025-10-08,084,SALCEDO,HERMANAS MIRABAL,PROPIEDAD DEL EMPLEADO,EMCI,,,0.0,https://indomet.gob.do/wp-content/uploads/2025/10/temperaturas-extremas-y-precipitaciones-2025x10x08-a.pdf
2025-10-08,085,SAMANÁ,SAMANÁ,COMANDANCIA DE PUERTO DE SAMANÁ,EMCI,33.5,22.2,0.0,https://indomet.gob.do/wp-content/uploads/2025/10/temperaturas-extremas-y-precipitaciones-2025x10x08-a.pdf
2025-10-08,086,SAN CRISTÓBAL,SAN CRISTÓBAL,INSTITUTO POLITÉCNICO LOYOLA,EMCI,33.2,21.2,0.0,https://indomet.gob.do/wp-content/uploads/2025/10/temperaturas-extremas-y-precipitaciones-2025x10x08-a.pdf
2025-10-08,087,SAN FRANCISCO DE MACORÍS,DUARTE,San Francisco de Macorís (UASD),EMCI,35.5,24.4,0.0,https://indomet.gob.do/wp-content/uploads/2025/10/temperaturas-extremas-y-precipitaciones-2025x10x08-a.pdf
2025-10-08,088,SAN JOSÉ DE OCOA,SAN JOSÉ DE OCOA,HOSP. SAN JOSÉ DE OCOA,EMCI,32.0,18.4,4.0,https://indomet.gob.do/wp-content/uploads/2025/10/temperaturas-extremas-y-precipitaciones-2025x10x08-a.pdf
2025-10-08,089,SAN RAFAEL DEL YUMA,LA ALTAGRACIA,MINISTERIO DE AGRICULTURA,EMCI,33.9,24.1,7.1,https://indomet.gob.do/wp-content/uploads/2025/10/temperaturas-extremas-y-precipitaciones-2025x10x08-a.pdf
2025-10-08,090,SÁNCHEZ,SAMANÁ,MINISTERIO DE AGRICULTURA,EMCI,32.7,25.2,5.8,https://indomet.gob.do/wp-content/uploads/2025/10/temperaturas-extremas-y-precipitaciones-2025x10x08-a.pdf
2025-10-08,091,SANTIAGO,SANTIAGO,HUACALITO,EMCI,,,0.0,https://indomet.gob.do/wp-content/uploads/2025/10/temperaturas-extremas-y-precipitaciones-2025x10x08-a.pdf
2025-10-08,092,SAJOMA (EMA),SANTIAGO,PLAN SIERRA,EMAI,24.1,19.8,0.0,https://indomet.gob.do/wp-content/uploads/2025/10/temperaturas-extremas-y-precipitaciones-2025x10x08-a.pdf
2025-10-08,093,JARDÍN BOTÁNICO SANTIAGO (EMSANTIAGO,,JARDIN BOTANICO SANTIAGO,EMAI,27.0,22.6,,https://indomet.gob.do/wp-content/uploads/2025/10/temperaturas-extremas-y-precipitaciones-2025x10x08-a.pdf
2025-10-08,095,JANICO (EMA),LA VEGA,PLAN SIERRA,EMAI,,,0.0,https://indomet.gob.do/wp-content/uploads/2025/10/temperaturas-extremas-y-precipitaciones-2025x10x08-a.pdf
2025-10-08,096,VILLA GONZALE (EMA),SANTIAGO,IGLESIA,EMAI,,,0.0,https://indomet.gob.do/wp-content/uploads/2025/10/temperaturas-extremas-y-precipitaciones-2025x10x08-a.pdf
2025-10-08,097,VILLA VASQUEZ (EMA),MONTE CRISTI,JUNTA DE REGANTES,EMAI,,,0.0,https://indomet.gob.do/wp-content/uploads/2025/10/temperaturas-extremas-y-precipitaciones-2025x10x08-a.pdf
2025-10-08,099,SANTIAGO RODRÍGUEZ,SANTIAGO RODRÍGUEZ,INDOMET,EMCI,36.0,23.0,32.8,https://indomet.gob.do/wp-content/uploads/2025/10/temperaturas-extremas-y-precipitaciones-2025x10x08-a.pdf
2025-10-08,100,SANTO DOMINGO ESTE,SANTO DOMINGO,INDOMET,EMCI,33.7,25.7,2.0,https://indomet.gob.do/wp-content/uploads/2025/10/temperaturas-extremas-y-precipitaciones-2025x10x08-a.pdf
2025-10-08,101,TÁBARA ABAJO,AZUA,INDRHI,EMCI,34.5,22.6,0.0,https://indomet.gob.do/wp-content/uploads/2025/10/temperaturas-extremas-y-precipitaciones-2025x10x08-a.pdf
2025-10-08,104,JIMA ABAJO,LA VEGA,INDOMET,EMCI,37.3,22.0,2.2,https://indomet.gob.do/wp-content/uploads/2025/10/temperaturas-extremas-y-precipitaciones-2025x10x08-a.pdf
2025-10-08,107,VILLA ALTAGRACIA,SAN CRISTÓBAL,ESCUELA JAVIER ANGULO GURIDI,EMCI,,,0.0,https://indomet.gob.do/wp-content/uploads/2025/10/temperaturas-extremas-y-precipitaciones-2025x10x08-a.pdf
2025-10-08,108,VILLA GONZALES,SANTIAGO,MINISTERIO DE AGRICULTURA,EMCI,,,0.0,https://indomet.gob.do/wp-content/uploads/2025/10/temperaturas-extremas-y-precipitaciones-2025x10x08-a.pdf
2025-10-08,109,VILLA ISABELA,PUERTO PLATA,MINISTERIO DE AGRICULTURA,EMCV,,,0.0,https://indomet.gob.do/wp-content/uploads/2025/10/temperaturas-extremas-y-precipitaciones-2025x10x08-a.pdf
2025-10-08,110,VILLA RIVA,DUARTE,HOSP. MPAL. ALICIA DE LEGENDRE,EMCI,33.0,23.0,0.5,https://indomet.gob.do/wp-content/uploads/2025/10/temperaturas-extremas-y-precipitaciones-2025x10x08-a.pdf
2025-10-09,001,HATO MAYOR,HATO MAYOR,MINISTERIO DE AGRICULTURA,EMCV,,,40.9,https://indomet.gob.do/wp-content/uploads/2025/10/temperaturas-extremas-y-precipitaciones-2025x10x09-a.pdf
2025-10-09,002,JIMA ABAJO,LA VEGA,INDOMET,EMCI,36.5,20.4,36.4,https://indomet.gob.do/wp-content/uploads/2025/10/temperaturas-extremas-y-precipitaciones-2025x10x09-a.pdf
2025-10-09,003,SAN FRANCISCO DE MACORÍS,DUARTE,San Francisco de Macorís (UASD),EMCI,35.2,23.3,34.2,https://indomet.gob.do/wp-content/uploads/2025/10/temperaturas-extremas-y-precipitaciones-2025x10x09-a.pdf
2025-10-09,004,BONAO,MONSEÑOR NOUEL,MINISTERIO DE AGRICULTURA,EMCV,,,21.1,https://indomet.gob.do/wp-content/uploads/2025/10/temperaturas-extremas-y-precipitaciones-2025x10x09-a.pdf
2025-10-09,005,SABANETA (EMA),SANTIAGO RODRÍGUEZ,PROGRAMA MUNDIAL DE ALIMENTO,EMAP,35.7,22.1,20.2,https://indomet.gob.do/wp-content/uploads/2025/10/temperaturas-extremas-y-precipitaciones-2025x10x09-a.pdf
2025-10-09,006,LOS LLANOS,SAN PEDRO DE MACORÍS,MINISTERIO DE AGRICULTURA,EMCI,34.3,22.0,19.4,https://indomet.gob.do/wp-content/uploads/2025/10/temperaturas-extremas-y-precipitaciones-2025x10x09-a.pdf
2025-10-09,007,SANTIAGO RODRÍGUEZ,SANTIAGO RODRÍGUEZ,INDOMET,EMCI,35.5,22.6,18.8,https://indomet.gob.do/wp-content/uploads/2025/10/temperaturas-extremas-y-precipitaciones-2025x10x09-a.pdf
2025-10-09,008,SALCEDO,HERMANAS MIRABAL,PROPIEDAD DEL EMPLEADO,EMCI,,,16.9,https://indomet.gob.do/wp-content/uploads/2025/10/temperaturas-extremas-y-precipitaciones-2025x10x09-a.pdf
2025-10-09,009,MOCA,ESPAILLAT,MINISTERIO DE AGRICULTURA,EMCV,,,14.8,https://indomet.gob.do/wp-content/uploads/2025/10/temperaturas-extremas-y-precipitaciones-2025x10x09-a.pdf
2025-10-09,010,VILLA ALTAGRACIA,SAN CRISTÓBAL,ESCUELA JAVIER ANGULO GURIDI,EMCI,,,12.8,https://indomet.gob.do/wp-content/uploads/2025/10/temperaturas-extremas-y-precipitaciones-2025x10x09-a.pdf
2025-10-09,011,BAYAGUANA,MONTE PLATA,INDOMET,EMCI,34.6,22.8,12.3,https://indomet.gob.do/wp-content/uploads/2025/10/temperaturas-extremas-y-precipitaciones-2025x10x09-a.pdf
2025-10-09,012,EL CERCADO,SAN JUAN,MINISTERIO DE AGRICULTURA,EMCV,,,12.0,https://indomet.gob.do/wp-content/uploads/2025/10/temperaturas-extremas-y-precipitaciones-2025x10x09-a.pdf
2025-10-09,013,ALTAMIRA,PUERTO PLATA,HOSP. MPAL. DE ALTAMIRA,EMCI,33.5,21.5,9.6,https://indomet.gob.do/wp-content/uploads/2025/10/temperaturas-extremas-y-precipitaciones-2025x10x09-a.pdf
2025-10-09,014,CONSTANZA,LA VEGA,MINISTERIO DE AGRICULTURA,EMCI,27.9,14.2,9.6,https://indomet.gob.do/wp-content/uploads/2025/10/temperaturas-extremas-y-precipitaciones-2025x10x09-a.pdf
2025-10-09,015,CONSTANZA (EMA),LA VEGA,PROGRAMA MUNDIAL DE ALIMENTO,EMAP,26.7,15.4,9.2,https://indomet.gob.do/wp-content/uploads/2025/10/temperaturas-extremas-y-precipitaciones-2025x10x09-a.pdf
2025-10-09,016,ALTO BANDERA (EMA),LA VEGA,INTEC,EMAP,17.8,9.7,7.9,https://indomet.gob.do/wp-content/uploads/2025/10/temperaturas-extremas-y-precipitaciones-2025x10x09-a.pdf
2025-10-09,017,ARPT. DEL CIBAO,SANTIAGO,INDOMET,EMCI,35.0,23.0,5.0,https://indomet.gob.do/wp-content/uploads/2025/10/temperaturas-extremas-y-precipitaciones-2025x10x09-a.pdf
2025-10-09,018,MONCIÓN (EMA),SANTIAGO RODRÍGUEZ,PROGRAMA MUNDIAL DE ALIMENTO,EMAP,31.6,20.6,4.8,https://indomet.gob.do/wp-content/uploads/2025/10/temperaturas-extremas-y-precipitaciones-2025x10x09-a.pdf
2025-10-09,019,EL FACTOR (EMA),MARÍA TRINIDAD SÁNCHEZ,INTEC,EMAP,34.4,23.1,4.6,https://indomet.gob.do/wp-content/uploads/2025/10/temperaturas-extremas-y-precipitaciones-2025x10x09-a.pdf
2025-10-09,020,RANCHO ARRIBA,SAN JOSÉ DE OCOA,CENTRO TECNOLÓGICO COMUNITARIO,EMCI,31.1,18.3,3.8,https://indomet.gob.do/wp-content/uploads/2025/10/temperaturas-extremas-y-precipitaciones-2025x10x09-a.pdf
2025-10-09,021,ARPT. ARROYO BARRIL,SAMANÁ,INDOMET,EMCI,35.2,26.5,3.3,https://indomet.gob.do/wp-content/uploads/2025/10/temperaturas-extremas-y-precipitaciones-2025x10x09-a.pdf
2025-10-09,022,SAMANÁ,SAMANÁ,COMANDANCIA DE PUERTO DE SAMANÁ,EMCI,33.7,21.4,2.6,https://indomet.gob.do/wp-content/uploads/2025/10/temperaturas-extremas-y-precipitaciones-2025x10x09-a.pdf
2025-10-09,023,VALLE NUEVO (EMA),LA VEGA,MARENA,EMAI,20.3,7.6,2.2,https://indomet.gob.do/wp-content/uploads/2025/10/temperaturas-extremas-y-precipitaciones-2025x10x09-a.pdf
2025-10-09,024,JUMA BEJUCAL,MONSEÑOR NOUEL,IDIAF,EMCV,35.0,22.4,2.1,https://indomet.gob.do/wp-content/uploads/2025/10/temperaturas-extremas-y-precipitaciones-2025x10x09-a.pdf
2025-10-09,025,PRESA DE TAVERAS (EMA),LA VEGA,PROGRAMA MUNDIAL DE ALIMENTO,EMAP,34.1,20.9,2.0,https://indomet.gob.do/wp-content/uploads/2025/10/temperaturas-extremas-y-precipitaciones-2025x10x09-a.pdf
2025-10-09,026,HONDO VALLE,ELÍAS PIÑA,MINISTERIO DE AGRICULTURA,EMCI,27.1,17.8,1.3,https://indomet.gob.do/wp-content/uploads/2025/10/temperaturas-extremas-y-precipitaciones-2025x10x09-a.pdf
2025-10-09,027,JARABACOA (EMA),LA VEGA,PROGRAMA MUNDIAL DE ALIMENTO,EMAP,31.3,19.6,1.2,https://indomet.gob.do/wp-content/uploads/2025/10/temperaturas-extremas-y-precipitaciones-2025x10x09-a.pdf
2025-10-09,028,JARABACOA,LA VEGA,INDRHI / MARENA,EMCI,33.2,18.0,1.0,https://indomet.gob.do/wp-content/uploads/2025/10/temperaturas-extremas-y-precipitaciones-2025x10x09-a.pdf
2025-10-09,029,ARPT. LA ISABELA,SANTO DOMINGO,INDOMET,EMCI,35.0,23.9,0.6,https://indomet.gob.do/wp-content/uploads/2025/10/temperaturas-extremas-y-precipitaciones-2025x10x09-a.pdf
2025-10-09,030,LA VEGA,LA VEGA,IATESA,EMCI,35.5,22.0,0.3,https://indomet.gob.do/wp-content/uploads/2025/10/temperaturas-extremas-y-precipitaciones-2025x10x09-a.pdf
2025-10-09,031,ANAMUYA (EMA),LA ALTAGRACIA,MINISTERIO DE AGRICULTURA,EMAP,33.0,22.7,0.2,https://indomet.gob.do/wp-content/uploads/2025/10/temperaturas-extremas-y-precipitaciones-2025x10x09-a.pdf
2025-10-09,032,SAN RAFAEL DEL YUMA,LA ALTAGRACIA,MINISTERIO DE AGRICULTURA,EMCI,34.5,23.0,0.2,https://indomet.gob.do/wp-content/uploads/2025/10/temperaturas-extremas-y-precipitaciones-2025x10x09-a.pdf
2025-10-09,033,ARROYO LORO,SAN JUAN,IDIAF,EMCI,33.7,20.2,0.1,https://indomet.gob.do/wp-content/uploads/2025/10/temperaturas-extremas-y-precipitaciones-2025x10x09-a.pdf
2025-10-09,034,SABANA GRANDE DE BOYÁ,MONTE PLATA,MINISTERIO DE AGRICULTURA,EMCV,,,0.1,https://indomet.gob.do/wp-content/uploads/2025/10/temperaturas-extremas-y-precipitaciones-2025x10x09-a.pdf
2025-10-09,035,SAN JOSÉ DE OCOA,SAN JOSÉ DE OCOA,HOSP. SAN JOSÉ DE OCOA,EMCI,31.0,17.8,0.1,https://indomet.gob.do/wp-content/uploads/2025/10/temperaturas-extremas-y-precipitaciones-2025x10x09-a.pdf
2025-10-09,036,ARPT. DE LA ROMANA,LA ROMANA,INDOMET,EMCI,33.0,23.0,0.0,https://indomet.gob.do/wp-content/uploads/2025/10/temperaturas-extremas-y-precipitaciones-2025x10x09-a.pdf
2025-10-09,037,ARPT. DE LAS AMÉRICAS,SANTO DOMINGO,INDOMET,EMCI,33.0,24.5,0.0,https://indomet.gob.do/wp-content/uploads/2025/10/temperaturas-extremas-y-precipitaciones-2025x10x09-a.pdf
2025-10-09,038,ARPT. DE PUNTA CANA,LA ALTAGRACIA,INDOMET,EMCI,31.8,22.7,0.0,https://indomet.gob.do/wp-content/uploads/2025/10/temperaturas-extremas-y-precipitaciones-2025x10x09-a.pdf
2025-10-09,039,ARPT. EL CATEY,SAMANÁ,INDOMET,EMCI,32.5,23.5,0.0,https://indomet.gob.do/wp-content/uploads/2025/10/temperaturas-extremas-y-precipitaciones-2025x10x09-a.pdf
2025-10-09,040,ARPT. GREGORIO LUPERÓN,PUERTO PLATA,INDOMET,EMCI,32.6,23.6,0.0,https://indomet.gob.do/wp-content/uploads/2025/10/temperaturas-extremas-y-precipitaciones-2025x10x09-a.pdf
2025-10-09,041,ARPT. MARÍA MONTEZ,BARAHONA,INDOMET,EMCI,32.7,24.5,0.0,https://indomet.gob.do/wp-content/uploads/2025/10/temperaturas-extremas-y-precipitaciones-2025x10x09-a.pdf
2025-10-09,042,BANI (EMA),PERAVIA,MINISTERIO DE AGRICULTURA,EMAP,32.9,24.1,0.0,https://indomet.gob.do/wp-content/uploads/2025/10/temperaturas-extremas-y-precipitaciones-2025x10x09-a.pdf
2025-10-09,043,BASE AÉREA DE SAN ISIDRO,SANTO DOMINGO,FUERZA AÉREA DOMINICANA,EMCV,32.0,23.5,0.0,https://indomet.gob.do/wp-content/uploads/2025/10/temperaturas-extremas-y-precipitaciones-2025x10x09-a.pdf
2025-10-09,044,BOCA DE MAO (EMA),VALVERDE,MINISTERIO DE AGRICULTURA,EMAP,35.9,22.5,0.0,https://indomet.gob.do/wp-content/uploads/2025/10/temperaturas-extremas-y-precipitaciones-2025x10x09-a.pdf
2025-10-09,045,CABRAL,BARAHONA,MINISTERIO DE AGRICULTURA,EMCV,33.8,24.2,0.0,https://indomet.gob.do/wp-content/uploads/2025/10/temperaturas-extremas-y-precipitaciones-2025x10x09-a.pdf
2025-10-09,046,CABRERA,MARÍA TRINIDAD SÁNCHEZ,ESCUELA ARÍSTIDES FIALLO CABRAL,EMCI,33.9,27.0,0.0,https://indomet.gob.do/wp-content/uploads/2025/10/temperaturas-extremas-y-precipitaciones-2025x10x09-a.pdf
2025-10-09,047,CENTRO DE LOS HEROES (EMA),DISTRITO NACIONAL,MINISTERIO DE ENERGIA Y MINA,EMAP,31.9,26.6,0.0,https://indomet.gob.do/wp-content/uploads/2025/10/temperaturas-extremas-y-precipitaciones-2025x10x09-a.pdf
2025-10-09,048,DAJABÓN,DAJABÓN,INSTITUTO POLITÉCNICO LOYOLA,EMCI,35.9,21.6,0.0,https://indomet.gob.do/wp-content/uploads/2025/10/temperaturas-extremas-y-precipitaciones-2025x10x09-a.pdf
2025-10-09,049,ELÍAS PIÑA,ELÍAS PIÑA,MINISTERIO DE AGRICULTURA,EMCV,,,0.0,https://indomet.gob.do/wp-content/uploads/2025/10/temperaturas-extremas-y-precipitaciones-2025x10x09-a.pdf
2025-10-09,050,ENRIQUILLO,BARAHONA,MINISTERIO DE AGRICULTURA,EMCV,35.0,23.0,0.0,https://indomet.gob.do/wp-content/uploads/2025/10/temperaturas-extremas-y-precipitaciones-2025x10x09-a.pdf
2025-10-09,051,GASPAR HERNÁNDEZ,ESPAILLAT,PROPIEDAD DEL EMPLEADO,EMCI,,,0.0,https://indomet.gob.do/wp-content/uploads/2025/10/temperaturas-extremas-y-precipitaciones-2025x10x09-a.pdf
2025-10-09,052,GURABO,SANTIAGO,MINISTERIO DE AGRICULTURA,EMCV,,,0.0,https://indomet.gob.do/wp-content/uploads/2025/10/temperaturas-extremas-y-precipitaciones-2025x10x09-a.pdf
2025-10-09,053,JARDÍN BOTÁNICO NACIONAL,DISTRITO NACIONAL,JARDÍN BOTÁNICO NACIONAL,EMCV,33.1,22.5,0.0,https://indomet.gob.do/wp-content/uploads/2025/10/temperaturas-extremas-y-precipitaciones-2025x10x09-a.pdf
2025-10-09,054,JIMANÍ,INDEPENDENCIA,MINISTERIO DE AGRICULTURA,EMCI,36.6,24.5,0.0,https://indomet.gob.do/wp-content/uploads/2025/10/temperaturas-extremas-y-precipitaciones-2025x10x09-a.pdf
2025-10-09,055,LA VICTORIA,SANTO DOMINGO,CUERPO DE BOMBEROS,EMCI,35.5,23.0,0.0,https://indomet.gob.do/wp-content/uploads/2025/10/temperaturas-extremas-y-precipitaciones-2025x10x09-a.pdf
2025-10-09,056,LAS CANAS (EMA),MONTE CRISTI,PROGRAMA MUNDIAL DE ALIMENTO,EMAP,30.9,22.3,0.0,https://indomet.gob.do/wp-content/uploads/2025/10/temperaturas-extremas-y-precipitaciones-2025x10x09-a.pdf
2025-10-09,057,LAS MATAS DE SANTA CRUZ (EMA,MONTE CRISTI,PROGRAMA MUNDIAL DE ALIMENTO,EMAP,,,0.0,https://indomet.gob.do/wp-content/uploads/2025/10/temperaturas-extremas-y-precipitaciones-2025x10x09-a.pdf
2025-10-09,058,MAO,VALVERDE,INDRHI / MINISTERIO DE AGRICULTURA,EMCV,,,0.0,https://indomet.gob.do/wp-content/uploads/2025/10/temperaturas-extremas-y-precipitaciones-2025x10x09-a.pdf
2025-10-09,059,MONTE CRISTI,MONTE CRISTI,INDOMET,EMCI,34.5,23.3,0.0,https://indomet.gob.do/wp-content/uploads/2025/10/temperaturas-extremas-y-precipitaciones-2025x10x09-a.pdf
2025-10-09,060,OVIEDO,PEDERNALES,CLÍNICA RURAL OVIEDO,EMCI,33.7,22.4,0.0,https://indomet.gob.do/wp-content/uploads/2025/10/temperaturas-extremas-y-precipitaciones-2025x10x09-a.pdf
2025-10-09,061,PADRE LAS CASAS,AZUA,HOSP. NTRA. SRA. DEL CARMEN,EMCI,33.5,20.0,0.0,https://indomet.gob.do/wp-content/uploads/2025/10/temperaturas-extremas-y-precipitaciones-2025x10x09-a.pdf
2025-10-09,062,PALO ÍNDIO,PUERTO PLATA,MINISTERIO DE AGRICULTURA,EMCI,,,0.0,https://indomet.gob.do/wp-content/uploads/2025/10/temperaturas-extremas-y-precipitaciones-2025x10x09-a.pdf
2025-10-09,063,PERALTA,AZUA,HOSP. MPAL. DE PERALTA,EMCI,29.0,17.6,0.0,https://indomet.gob.do/wp-content/uploads/2025/10/temperaturas-extremas-y-precipitaciones-2025x10x09-a.pdf
2025-10-09,064,PESCADERIA (EMA),BARAHONA,MINISTERIO DE AGRICULTURA,EMAP,,,0.0,https://indomet.gob.do/wp-content/uploads/2025/10/temperaturas-extremas-y-precipitaciones-2025x10x09-a.pdf
2025-10-09,065,POLO,BARAHONA,INDOCAFE,EMCI,32.0,18.5,0.0,https://indomet.gob.do/wp-content/uploads/2025/10/temperaturas-extremas-y-precipitaciones-2025x10x09-a.pdf
2025-10-09,066,PONTÓN ABAJO (EMA),LA VEGA,MINISTERIO DE AGRICULTURA,EMAP,36.7,22.7,0.0,https://indomet.gob.do/wp-content/uploads/2025/10/temperaturas-extremas-y-precipitaciones-2025x10x09-a.pdf
2025-10-09,067,RESTAURACIÓN,DAJABÓN,MINISTERIO DE AGRICULTURA,EMCI,30.3,17.9,0.0,https://indomet.gob.do/wp-content/uploads/2025/10/temperaturas-extremas-y-precipitaciones-2025x10x09-a.pdf
2025-10-09,068,RÍO SAN JUAN,MARÍA TRINIDAD SÁNCHEZ,HOSP. MPAL. DR. DESIDERIO ACOSTA,EMCV,35.1,24.4,0.0,https://indomet.gob.do/wp-content/uploads/2025/10/temperaturas-extremas-y-precipitaciones-2025x10x09-a.pdf
2025-10-09,069,SABANA DE LA MAR,HATO MAYOR,INDOMET,EMCI,34.0,22.5,0.0,https://indomet.gob.do/wp-content/uploads/2025/10/temperaturas-extremas-y-precipitaciones-2025x10x09-a.pdf
2025-10-09,070,SAN CRISTÓBAL,SAN CRISTÓBAL,INSTITUTO POLITÉCNICO LOYOLA,EMCI,33.0,20.2,0.0,https://indomet.gob.do/wp-content/uploads/2025/10/temperaturas-extremas-y-precipitaciones-2025x10x09-a.pdf
2025-10-09,071,SÁNCHEZ,SAMANÁ,MINISTERIO DE AGRICULTURA,EMCI,33.1,23.2,0.0,https://indomet.gob.do/wp-content/uploads/2025/10/temperaturas-extremas-y-precipitaciones-2025x10x09-a.pdf
2025-10-09,072,SANTIAGO,SANTIAGO,HUACALITO,EMCI,,,0.0,https://indomet.gob.do/wp-content/uploads/2025/10/temperaturas-extremas-y-precipitaciones-2025x10x09-a.pdf
2025-10-09,073,JARDÍN BOTÁNICO SANTIAGO (EMSANTIAGO,,JARDIN BOTANICO SANTIAGO,EMAI,,21.4,0.0,https://indomet.gob.do/wp-content/uploads/2025/10/temperaturas-extremas-y-precipitaciones-2025x10x09-a.pdf
2025-10-09,074,VILLA GONZALE (EMA),SANTIAGO,IGLESIA,EMAI,,,0.0,https://indomet.gob.do/wp-content/uploads/2025/10/temperaturas-extremas-y-precipitaciones-2025x10x09-a.pdf
2025-10-09,075,VILLA VASQUEZ (EMA),MONTE CRISTI,JUNTA DE REGANTES,EMAI,,,0.0,https://indomet.gob.do/wp-content/uploads/2025/10/temperaturas-extremas-y-precipitaciones-2025x10x09-a.pdf
2025-10-09,076,MORRO (EMA),MONTE CRISTI,CLUB DE PESCADORES,EMAI,,,0.0,https://indomet.gob.do/wp-content/uploads/2025/10/temperaturas-extremas-y-precipitaciones-2025x10x09-a.pdf
2025-10-09,077,SANTO DOMINGO ESTE,SANTO DOMINGO,INDOMET,EMCI,36.5,26.0,0.0,https://indomet.gob.do/wp-content/uploads/2025/10/temperaturas-extremas-y-precipitaciones-2025x10x09-a.pdf
2025-10-09,078,TÁBARA ABAJO,AZUA,INDRHI,EMCI,34.9,23.5,0.0,https://indomet.gob.do/wp-content/uploads/2025/10/temperaturas-extremas-y-precipitaciones-2025x10x09-a.pdf
2025-10-09,079,TAMBORIL,SANTIAGO,MINISTERIO DE AGRICULTURA,EMCV,,,0.0,https://indomet.gob.do/wp-content/uploads/2025/10/temperaturas-extremas-y-precipitaciones-2025x10x09-a.pdf
2025-10-09,080,VILLA GONZALES,SANTIAGO,MINISTERIO DE AGRICULTURA,EMCI,,,0.0,https://indomet.gob.do/wp-content/uploads/2025/10/temperaturas-extremas-y-precipitaciones-2025x10x09-a.pdf
2025-10-09,081,VILLA RIVA,DUARTE,HOSP. MPAL. ALICIA DE LEGENDRE,EMCI,34.4,23.2,0.0,https://indomet.gob.do/wp-content/uploads/2025/10/temperaturas-extremas-y-precipitaciones-2025x10x09-a.pdf
2025-10-10,001,MONCIÓN (EMA),SANTIAGO RODRÍGUEZ,PROGRAMA MUNDIAL DE ALIMENTO,EMAP,31.9,21.2,44.2,https://indomet.gob.do/wp-content/uploads/2025/10/temperaturas-extremas-y-precipitaciones-2025x10x10-a.pdf
2025-10-10,002,JIMA ABAJO,LA VEGA,INDOMET,EMCI,36.3,21.0,42.0,https://indomet.gob.do/wp-content/uploads/2025/10/temperaturas-extremas-y-precipitaciones-2025x10x10-a.pdf
2025-10-10,003,JUMA BEJUCAL,MONSEÑOR NOUEL,IDIAF,EMCV,34.8,23.8,41.2,https://indomet.gob.do/wp-content/uploads/2025/10/temperaturas-extremas-y-precipitaciones-2025x10x10-a.pdf
2025-10-10,004,BUCARA (EMA),SANTIAGO,MINISTERIO DE AGRICULTURA,EMAI,,,30.0,https://indomet.gob.do/wp-content/uploads/2025/10/temperaturas-extremas-y-precipitaciones-2025x10x10-a.pdf
2025-10-10,005,BONAO,MONSEÑOR NOUEL,MINISTERIO DE AGRICULTURA,EMCV,,,22.9,https://indomet.gob.do/wp-content/uploads/2025/10/temperaturas-extremas-y-precipitaciones-2025x10x10-a.pdf
2025-10-10,006,NAVARRETE,SANTIAGO,MINISTERIO DE AGRICULTURA,EMCV,,,22.9,https://indomet.gob.do/wp-content/uploads/2025/10/temperaturas-extremas-y-precipitaciones-2025x10x10-a.pdf
2025-10-10,007,SÁNCHEZ,SAMANÁ,MINISTERIO DE AGRICULTURA,EMCI,34.4,24.1,20.8,https://indomet.gob.do/wp-content/uploads/2025/10/temperaturas-extremas-y-precipitaciones-2025x10x10-a.pdf
2025-10-10,008,SALCEDO,HERMANAS MIRABAL,PROPIEDAD DEL EMPLEADO,EMCI,,,20.0,https://indomet.gob.do/wp-content/uploads/2025/10/temperaturas-extremas-y-precipitaciones-2025x10x10-a.pdf
2025-10-10,009,MONTE CRISTI,MONTE CRISTI,INDOMET,EMCI,35.0,24.0,19.1,https://indomet.gob.do/wp-content/uploads/2025/10/temperaturas-extremas-y-precipitaciones-2025x10x10-a.pdf
2025-10-10,010,JIMANÍ,INDEPENDENCIA,MINISTERIO DE AGRICULTURA,EMCI,36.4,25.0,15.3,https://indomet.gob.do/wp-content/uploads/2025/10/temperaturas-extremas-y-precipitaciones-2025x10x10-a.pdf
2025-10-10,011,DAJABÓN,DAJABÓN,INSTITUTO POLITÉCNICO LOYOLA,EMCI,34.7,20.2,15.2,https://indomet.gob.do/wp-content/uploads/2025/10/temperaturas-extremas-y-precipitaciones-2025x10x10-a.pdf
2025-10-10,012,VILLA VASQUEZ (EMA),MONTE CRISTI,JUNTA DE REGANTES,EMAI,,,14.0,https://indomet.gob.do/wp-content/uploads/2025/10/temperaturas-extremas-y-precipitaciones-2025x10x10-a.pdf
2025-10-10,013,ARPT. DE LA ROMANA,LA ROMANA,INDOMET,EMCI,32.3,22.5,12.0,https://indomet.gob.do/wp-content/uploads/2025/10/temperaturas-extremas-y-precipitaciones-2025x10x10-a.pdf
2025-10-10,014,VILLA GONZALES,SANTIAGO,MINISTERIO DE AGRICULTURA,EMCI,,,11.7,https://indomet.gob.do/wp-content/uploads/2025/10/temperaturas-extremas-y-precipitaciones-2025x10x10-a.pdf
2025-10-10,015,ALTAMIRA,PUERTO PLATA,HOSP. MPAL. DE ALTAMIRA,EMCI,34.3,21.2,8.4,https://indomet.gob.do/wp-content/uploads/2025/10/temperaturas-extremas-y-precipitaciones-2025x10x10-a.pdf
2025-10-10,016,ELÍAS PIÑA,ELÍAS PIÑA,MINISTERIO DE AGRICULTURA,EMCV,,,8.4,https://indomet.gob.do/wp-content/uploads/2025/10/temperaturas-extremas-y-precipitaciones-2025x10x10-a.pdf
2025-10-10,017,VILLA RIVA,DUARTE,HOSP. MPAL. ALICIA DE LEGENDRE,EMCI,35.0,23.5,6.5,https://indomet.gob.do/wp-content/uploads/2025/10/temperaturas-extremas-y-precipitaciones-2025x10x10-a.pdf
2025-10-10,018,VILLA ALTAGRACIA,SAN CRISTÓBAL,ESCUELA JAVIER ANGULO GURIDI,EMCI,,,6.4,https://indomet.gob.do/wp-content/uploads/2025/10/temperaturas-extremas-y-precipitaciones-2025x10x10-a.pdf
2025-10-10,019,LA VEGA,LA VEGA,IATESA,EMCI,35.0,22.5,6.2,https://indomet.gob.do/wp-content/uploads/2025/10/temperaturas-extremas-y-precipitaciones-2025x10x10-a.pdf
2025-10-10,020,ARPT. DEL CIBAO,SANTIAGO,INDOMET,EMCI,35.5,21.5,5.8,https://indomet.gob.do/wp-content/uploads/2025/10/temperaturas-extremas-y-precipitaciones-2025x10x10-a.pdf
2025-10-10,021,TAMBORIL,SANTIAGO,MINISTERIO DE AGRICULTURA,EMCV,,,5.1,https://indomet.gob.do/wp-content/uploads/2025/10/temperaturas-extremas-y-precipitaciones-2025x10x10-a.pdf
2025-10-10,022,RESTAURACIÓN,DAJABÓN,MINISTERIO DE AGRICULTURA,EMCI,32.9,18.4,4.5,https://indomet.gob.do/wp-content/uploads/2025/10/temperaturas-extremas-y-precipitaciones-2025x10x10-a.pdf
2025-10-10,023,GURABO,SANTIAGO,MINISTERIO DE AGRICULTURA,EMCV,,,2.8,https://indomet.gob.do/wp-content/uploads/2025/10/temperaturas-extremas-y-precipitaciones-2025x10x10-a.pdf
2025-10-10,024,PRESA DE TAVERAS (EMA),LA VEGA,PROGRAMA MUNDIAL DE ALIMENTO,EMAP,34.1,21.7,2.4,https://indomet.gob.do/wp-content/uploads/2025/10/temperaturas-extremas-y-precipitaciones-2025x10x10-a.pdf
2025-10-10,025,ALTO BANDERA (EMA),LA VEGA,INTEC,EMAP,17.4,10.1,2.0,https://indomet.gob.do/wp-content/uploads/2025/10/temperaturas-extremas-y-precipitaciones-2025x10x10-a.pdf
2025-10-10,026,SANTIAGO RODRÍGUEZ,SANTIAGO RODRÍGUEZ,INDOMET,EMCI,36.0,23.2,1.9,https://indomet.gob.do/wp-content/uploads/2025/10/temperaturas-extremas-y-precipitaciones-2025x10x10-a.pdf
2025-10-10,027,SABANETA (EMA),SANTIAGO RODRÍGUEZ,PROGRAMA MUNDIAL DE ALIMENTO,EMAP,36.2,22.7,1.6,https://indomet.gob.do/wp-content/uploads/2025/10/temperaturas-extremas-y-precipitaciones-2025x10x10-a.pdf
2025-10-10,028,ARROYO LORO,SAN JUAN,IDIAF,EMCI,33.5,21.3,1.5,https://indomet.gob.do/wp-content/uploads/2025/10/temperaturas-extremas-y-precipitaciones-2025x10x10-a.pdf
2025-10-10,029,JARDÍN BOTÁNICO SANTIAGO (EMSANTIAGO,,JARDIN BOTANICO SANTIAGO,EMAI,26.1,21.4,1.2,https://indomet.gob.do/wp-content/uploads/2025/10/temperaturas-extremas-y-precipitaciones-2025x10x10-a.pdf
2025-10-10,030,ARPT. EL CATEY,SAMANÁ,INDOMET,EMCI,34.0,23.6,0.8,https://indomet.gob.do/wp-content/uploads/2025/10/temperaturas-extremas-y-precipitaciones-2025x10x10-a.pdf
2025-10-10,031,VALLE NUEVO (EMA),LA VEGA,MARENA,EMAI,21.2,7.4,0.2,https://indomet.gob.do/wp-content/uploads/2025/10/temperaturas-extremas-y-precipitaciones-2025x10x10-a.pdf
2025-10-10,032,HONDO VALLE,ELÍAS PIÑA,MINISTERIO DE AGRICULTURA,EMCI,27.5,17.3,0.1,https://indomet.gob.do/wp-content/uploads/2025/10/temperaturas-extremas-y-precipitaciones-2025x10x10-a.pdf
2025-10-10,033,ANAMUYA (EMA),LA ALTAGRACIA,MINISTERIO DE AGRICULTURA,EMAP,33.0,24.2,0.0,https://indomet.gob.do/wp-content/uploads/2025/10/temperaturas-extremas-y-precipitaciones-2025x10x10-a.pdf
2025-10-10,034,ARPT. ARROYO BARRIL,SAMANÁ,INDOMET,EMCI,34.5,24.0,0.0,https://indomet.gob.do/wp-content/uploads/2025/10/temperaturas-extremas-y-precipitaciones-2025x10x10-a.pdf
2025-10-10,035,ARPT. DE LAS AMÉRICAS,SANTO DOMINGO,INDOMET,EMCI,33.0,24.5,0.0,https://indomet.gob.do/wp-content/uploads/2025/10/temperaturas-extremas-y-precipitaciones-2025x10x10-a.pdf
2025-10-10,036,ARPT. DE PUNTA CANA,LA ALTAGRACIA,INDOMET,EMCI,32.0,22.4,0.0,https://indomet.gob.do/wp-content/uploads/2025/10/temperaturas-extremas-y-precipitaciones-2025x10x10-a.pdf
2025-10-10,037,ARPT. GREGORIO LUPERÓN,PUERTO PLATA,INDOMET,EMCI,32.8,23.8,0.0,https://indomet.gob.do/wp-content/uploads/2025/10/temperaturas-extremas-y-precipitaciones-2025x10x10-a.pdf
2025-10-10,038,ARPT. LA ISABELA,SANTO DOMINGO,INDOMET,EMCI,35.8,21.8,0.0,https://indomet.gob.do/wp-content/uploads/2025/10/temperaturas-extremas-y-precipitaciones-2025x10x10-a.pdf
2025-10-10,039,ARPT. MARÍA MONTEZ,BARAHONA,INDOMET,EMCI,33.2,24.4,0.0,https://indomet.gob.do/wp-content/uploads/2025/10/temperaturas-extremas-y-precipitaciones-2025x10x10-a.pdf
2025-10-10,040,BANI (EMA),PERAVIA,MINISTERIO DE AGRICULTURA,EMAP,33.3,24.7,0.0,https://indomet.gob.do/wp-content/uploads/2025/10/temperaturas-extremas-y-precipitaciones-2025x10x10-a.pdf
2025-10-10,041,BASE AÉREA DE SAN ISIDRO,SANTO DOMINGO,FUERZA AÉREA DOMINICANA,EMCV,32.2,22.3,0.0,https://indomet.gob.do/wp-content/uploads/2025/10/temperaturas-extremas-y-precipitaciones-2025x10x10-a.pdf
2025-10-10,042,BAYAGUANA,MONTE PLATA,INDOMET,EMCI,34.0,21.8,0.0,https://indomet.gob.do/wp-content/uploads/2025/10/temperaturas-extremas-y-precipitaciones-2025x10x10-a.pdf
2025-10-10,043,BOCA DE MAO (EMA),VALVERDE,MINISTERIO DE AGRICULTURA,EMAP,36.9,22.4,0.0,https://indomet.gob.do/wp-content/uploads/2025/10/temperaturas-extremas-y-precipitaciones-2025x10x10-a.pdf
2025-10-10,044,CABRAL,BARAHONA,MINISTERIO DE AGRICULTURA,EMCV,34.7,24.5,0.0,https://indomet.gob.do/wp-content/uploads/2025/10/temperaturas-extremas-y-precipitaciones-2025x10x10-a.pdf
2025-10-10,045,CENTRO DE LOS HEROES (EMA),DISTRITO NACIONAL,MINISTERIO DE ENERGIA Y MINA,EMAP,32.2,27.8,0.0,https://indomet.gob.do/wp-content/uploads/2025/10/temperaturas-extremas-y-precipitaciones-2025x10x10-a.pdf
2025-10-10,046,CONSTANZA,LA VEGA,MINISTERIO DE AGRICULTURA,EMCI,29.7,15.1,0.0,https://indomet.gob.do/wp-content/uploads/2025/10/temperaturas-extremas-y-precipitaciones-2025x10x10-a.pdf
2025-10-10,047,CONSTANZA (EMA),LA VEGA,PROGRAMA MUNDIAL DE ALIMENTO,EMAP,28.3,17.1,0.0,https://indomet.gob.do/wp-content/uploads/2025/10/temperaturas-extremas-y-precipitaciones-2025x10x10-a.pdf
2025-10-10,048,EL FACTOR (EMA),MARÍA TRINIDAD SÁNCHEZ,INTEC,EMAP,35.3,24.2,0.0,https://indomet.gob.do/wp-content/uploads/2025/10/temperaturas-extremas-y-precipitaciones-2025x10x10-a.pdf
2025-10-10,049,ENRIQUILLO,BARAHONA,MINISTERIO DE AGRICULTURA,EMCV,35.5,23.0,0.0,https://indomet.gob.do/wp-content/uploads/2025/10/temperaturas-extremas-y-precipitaciones-2025x10x10-a.pdf
2025-10-10,050,ESCONDIDO,PERAVIA,MINISTERIO DE AGRICULTURA,EMCV,32.0,24.0,0.0,https://indomet.gob.do/wp-content/uploads/2025/10/temperaturas-extremas-y-precipitaciones-2025x10x10-a.pdf
2025-10-10,051,GASPAR HERNÁNDEZ,ESPAILLAT,PROPIEDAD DEL EMPLEADO,EMCI,,,0.0,https://indomet.gob.do/wp-content/uploads/2025/10/temperaturas-extremas-y-precipitaciones-2025x10x10-a.pdf
2025-10-10,052,JANICO (EMA),LA VEGA,PLAN SIERRA,EMAI,,,0.0,https://indomet.gob.do/wp-content/uploads/2025/10/temperaturas-extremas-y-precipitaciones-2025x10x10-a.pdf
2025-10-10,053,JARABACOA,LA VEGA,INDRHI / MARENA,EMCI,33.6,18.4,0.0,https://indomet.gob.do/wp-content/uploads/2025/10/temperaturas-extremas-y-precipitaciones-2025x10x10-a.pdf
2025-10-10,054,JARABACOA (EMA),LA VEGA,PROGRAMA MUNDIAL DE ALIMENTO,EMAP,31.7,20.6,0.0,https://indomet.gob.do/wp-content/uploads/2025/10/temperaturas-extremas-y-precipitaciones-2025x10x10-a.pdf
2025-10-10,055,LA VICTORIA,SANTO DOMINGO,CUERPO DE BOMBEROS,EMCI,35.2,25.0,0.0,https://indomet.gob.do/wp-content/uploads/2025/10/temperaturas-extremas-y-precipitaciones-2025x10x10-a.pdf
2025-10-10,056,LAS CANAS (EMA),MONTE CRISTI,PROGRAMA MUNDIAL DE ALIMENTO,EMAP,32.1,22.3,0.0,https://indomet.gob.do/wp-content/uploads/2025/10/temperaturas-extremas-y-precipitaciones-2025x10x10-a.pdf
2025-10-10,057,LAS MATAS DE SANTA CRUZ (EMA,MONTE CRISTI,PROGRAMA MUNDIAL DE ALIMENTO,EMAP,,,0.0,https://indomet.gob.do/wp-content/uploads/2025/10/temperaturas-extremas-y-precipitaciones-2025x10x10-a.pdf
2025-10-10,058,LOS LLANOS,SAN PEDRO DE MACORÍS,MINISTERIO DE AGRICULTURA,EMCI,33.8,24.0,0.0,https://indomet.gob.do/wp-content/uploads/2025/10/temperaturas-extremas-y-precipitaciones-2025x10x10-a.pdf
2025-10-10,059,MAO,VALVERDE,INDRHI / MINISTERIO DE AGRICULTURA,EMCV,,,0.0,https://indomet.gob.do/wp-content/uploads/2025/10/temperaturas-extremas-y-precipitaciones-2025x10x10-a.pdf
2025-10-10,060,MICHES (EMA),EL SEIBO,PRIVADA,EMAP,,,0.0,https://indomet.gob.do/wp-content/uploads/2025/10/temperaturas-extremas-y-precipitaciones-2025x10x10-a.pdf
2025-10-10,061,OLIVARES,PEDERNALES,INDRHI,EMCI,,,0.0,https://indomet.gob.do/wp-content/uploads/2025/10/temperaturas-extremas-y-precipitaciones-2025x10x10-a.pdf
2025-10-10,062,OVIEDO,PEDERNALES,CLÍNICA RURAL OVIEDO,EMCI,33.5,22.5,0.0,https://indomet.gob.do/wp-content/uploads/2025/10/temperaturas-extremas-y-precipitaciones-2025x10x10-a.pdf
2025-10-10,063,PADRE LAS CASAS,AZUA,HOSP. NTRA. SRA. DEL CARMEN,EMCI,34.8,21.2,0.0,https://indomet.gob.do/wp-content/uploads/2025/10/temperaturas-extremas-y-precipitaciones-2025x10x10-a.pdf
2025-10-10,064,PALO ÍNDIO,PUERTO PLATA,MINISTERIO DE AGRICULTURA,EMCI,,,0.0,https://indomet.gob.do/wp-content/uploads/2025/10/temperaturas-extremas-y-precipitaciones-2025x10x10-a.pdf
2025-10-10,065,PEDERNALES,PEDERNALES,INDRHI,EMCI,,,0.0,https://indomet.gob.do/wp-content/uploads/2025/10/temperaturas-extremas-y-precipitaciones-2025x10x10-a.pdf
2025-10-10,066,PERALTA,AZUA,HOSP. MPAL. DE PERALTA,EMCI,32.0,19.0,0.0,https://indomet.gob.do/wp-content/uploads/2025/10/temperaturas-extremas-y-precipitaciones-2025x10x10-a.pdf
2025-10-10,067,PESCADERIA (EMA),BARAHONA,MINISTERIO DE AGRICULTURA,EMAP,,,0.0,https://indomet.gob.do/wp-content/uploads/2025/10/temperaturas-extremas-y-precipitaciones-2025x10x10-a.pdf
2025-10-10,068,POLO,BARAHONA,INDOCAFE,EMCI,30.0,17.5,0.0,https://indomet.gob.do/wp-content/uploads/2025/10/temperaturas-extremas-y-precipitaciones-2025x10x10-a.pdf
2025-10-10,069,PONTÓN ABAJO (EMA),LA VEGA,MINISTERIO DE AGRICULTURA,EMAP,35.4,23.8,0.0,https://indomet.gob.do/wp-content/uploads/2025/10/temperaturas-extremas-y-precipitaciones-2025x10x10-a.pdf
2025-10-10,070,RANCHO ARRIBA,SAN JOSÉ DE OCOA,CENTRO TECNOLÓGICO COMUNITARIO,EMCI,30.5,18.8,0.0,https://indomet.gob.do/wp-content/uploads/2025/10/temperaturas-extremas-y-precipitaciones-2025x10x10-a.pdf
2025-10-10,071,RÍO SAN JUAN,MARÍA TRINIDAD SÁNCHEZ,HOSP. MPAL. DR. DESIDERIO ACOSTA,EMCV,35.3,24.5,0.0,https://indomet.gob.do/wp-content/uploads/2025/10/temperaturas-extremas-y-precipitaciones-2025x10x10-a.pdf
2025-10-10,072,SABANA DE LA MAR,HATO MAYOR,INDOMET,EMCI,34.0,24.0,0.0,https://indomet.gob.do/wp-content/uploads/2025/10/temperaturas-extremas-y-precipitaciones-2025x10x10-a.pdf
2025-10-10,073,SABANA GRANDE DE BOYÁ,MONTE PLATA,MINISTERIO DE AGRICULTURA,EMCV,,,0.0,https://indomet.gob.do/wp-content/uploads/2025/10/temperaturas-extremas-y-precipitaciones-2025x10x10-a.pdf
2025-10-10,074,SAJOMA (EMA),SANTIAGO,PLAN SIERRA,EMAI,33.1,19.8,0.0,https://indomet.gob.do/wp-content/uploads/2025/10/temperaturas-extremas-y-precipitaciones-2025x10x10-a.pdf
2025-10-10,075,SAMANÁ,SAMANÁ,COMANDANCIA DE PUERTO DE SAMANÁ,EMCI,34.5,22.6,0.0,https://indomet.gob.do/wp-content/uploads/2025/10/temperaturas-extremas-y-precipitaciones-2025x10x10-a.pdf
2025-10-10,076,SAN CRISTÓBAL,SAN CRISTÓBAL,INSTITUTO POLITÉCNICO LOYOLA,EMCI,33.2,21.2,0.0,https://indomet.gob.do/wp-content/uploads/2025/10/temperaturas-extremas-y-precipitaciones-2025x10x10-a.pdf
2025-10-10,077,SAN JOSÉ DE OCOA,SAN JOSÉ DE OCOA,HOSP. SAN JOSÉ DE OCOA,EMCI,31.6,19.1,0.0,https://indomet.gob.do/wp-content/uploads/2025/10/temperaturas-extremas-y-precipitaciones-2025x10x10-a.pdf
2025-10-10,078,SAN RAFAEL DEL YUMA,LA ALTAGRACIA,MINISTERIO DE AGRICULTURA,EMCI,35.0,24.0,0.0,https://indomet.gob.do/wp-content/uploads/2025/10/temperaturas-extremas-y-precipitaciones-2025x10x10-a.pdf
2025-10-10,079,SANTO DOMINGO ESTE,SANTO DOMINGO,INDOMET,EMCI,33.5,25.3,0.0,https://indomet.gob.do/wp-content/uploads/2025/10/temperaturas-extremas-y-precipitaciones-2025x10x10-a.pdf
2025-10-10,080,TÁBARA ABAJO,AZUA,INDRHI,EMCI,34.5,20.5,0.0,https://indomet.gob.do/wp-content/uploads/2025/10/temperaturas-extremas-y-precipitaciones-2025x10x10-a.pdf
2025-10-10,081,VILLA GONZALE (EMA),SANTIAGO,IGLESIA,EMAI,,,0.0,https://indomet.gob.do/wp-content/uploads/2025/10/temperaturas-extremas-y-precipitaciones-2025x10x10-a.pdf
2025-10-10,082,VILLA ISABELA,PUERTO PLATA,MINISTERIO DE AGRICULTURA,EMCV,,,0.0,https://indomet.gob.do/wp-content/uploads/2025/10/temperaturas-extremas-y-precipitaciones-2025x10x10-a.pdf
2025-10-11,001,SAN RAFAEL DEL YUMA,LA ALTAGRACIA,MINISTERIO DE AGRICULTURA,EMCI,33.3,23.3,43.0,https://indomet.gob.do/wp-content/uploads/2025/10/temperaturas-extremas-y-precipitaciones-2025x10x11-a-1.pdf
2025-10-11,002,BASE AÉREA DE SAN ISIDRO,SANTO DOMINGO,FUERZA AÉREA DOMINICANA,EMCV,30.5,26.0,29.0,https://indomet.gob.do/wp-content/uploads/2025/10/temperaturas-extremas-y-precipitaciones-2025x10x11-a-1.pdf
2025-10-11,003,ARPT. DE PUNTA CANA,LA ALTAGRACIA,INDOMET,EMCI,32.0,23.5,17.7,https://indomet.gob.do/wp-content/uploads/2025/10/temperaturas-extremas-y-precipitaciones-2025x10x11-a-1.pdf
2025-10-11,004,LA VICTORIA,SANTO DOMINGO,CUERPO DE BOMBEROS,EMCI,35.0,24.8,16.0,https://indomet.gob.do/wp-content/uploads/2025/10/temperaturas-extremas-y-precipitaciones-2025x10x11-a-1.pdf
2025-10-11,005,CONSTANZA,LA VEGA,MINISTERIO DE AGRICULTURA,EMCI,29.7,12.8,14.6,https://indomet.gob.do/wp-content/uploads/2025/10/temperaturas-extremas-y-precipitaciones-2025x10x11-a-1.pdf
2025-10-11,006,CONSTANZA (EMA),LA VEGA,PROGRAMA MUNDIAL DE ALIMENTO,EMAP,28.2,14.3,13.0,https://indomet.gob.do/wp-content/uploads/2025/10/temperaturas-extremas-y-precipitaciones-2025x10x11-a-1.pdf
2025-10-11,007,CENTRO DE LOS HEROES (EMA),DISTRITO NACIONAL,MINISTERIO DE ENERGIA Y MINA,EMAP,32.3,24.8,12.8,https://indomet.gob.do/wp-content/uploads/2025/10/temperaturas-extremas-y-precipitaciones-2025x10x11-a-1.pdf
2025-10-11,008,HATO MAYOR,HATO MAYOR,MINISTERIO DE AGRICULTURA,EMCV,,,9.9,https://indomet.gob.do/wp-content/uploads/2025/10/temperaturas-extremas-y-precipitaciones-2025x10x11-a-1.pdf
2025-10-11,009,LOS LLANOS,SAN PEDRO DE MACORÍS,MINISTERIO DE AGRICULTURA,EMCI,33.0,23.5,9.8,https://indomet.gob.do/wp-content/uploads/2025/10/temperaturas-extremas-y-precipitaciones-2025x10x11-a-1.pdf
2025-10-11,010,SANTO DOMINGO ESTE,SANTO DOMINGO,INDOMET,EMCI,33.5,25.5,8.2,https://indomet.gob.do/wp-content/uploads/2025/10/temperaturas-extremas-y-precipitaciones-2025x10x11-a-1.pdf
2025-10-11,011,ELÍAS PIÑA,ELÍAS PIÑA,MINISTERIO DE AGRICULTURA,EMCV,,,6.0,https://indomet.gob.do/wp-content/uploads/2025/10/temperaturas-extremas-y-precipitaciones-2025x10x11-a-1.pdf
2025-10-11,012,ARPT. DE LA ROMANA,LA ROMANA,INDOMET,EMCI,31.8,23.5,5.2,https://indomet.gob.do/wp-content/uploads/2025/10/temperaturas-extremas-y-precipitaciones-2025x10x11-a-1.pdf
2025-10-11,013,LA VEGA,LA VEGA,IATESA,EMCI,34.0,23.5,4.6,https://indomet.gob.do/wp-content/uploads/2025/10/temperaturas-extremas-y-precipitaciones-2025x10x11-a-1.pdf
2025-10-11,014,SAMANÁ,SAMANÁ,COMANDANCIA DE PUERTO DE SAMANÁ,EMCI,34.3,23.5,4.6,https://indomet.gob.do/wp-content/uploads/2025/10/temperaturas-extremas-y-precipitaciones-2025x10x11-a-1.pdf
2025-10-11,015,OLIVARES,PEDERNALES,INDRHI,EMCI,,,4.5,https://indomet.gob.do/wp-content/uploads/2025/10/temperaturas-extremas-y-precipitaciones-2025x10x11-a-1.pdf
2025-10-11,016,ARPT. DE LAS AMÉRICAS,SANTO DOMINGO,INDOMET,EMCI,32.5,24.3,4.0,https://indomet.gob.do/wp-content/uploads/2025/10/temperaturas-extremas-y-precipitaciones-2025x10x11-a-1.pdf
2025-10-11,017,CABRAL,BARAHONA,MINISTERIO DE AGRICULTURA,EMCV,34.0,23.9,1.2,https://indomet.gob.do/wp-content/uploads/2025/10/temperaturas-extremas-y-precipitaciones-2025x10x11-a-1.pdf
2025-10-11,018,ALTAMIRA,PUERTO PLATA,HOSP. MPAL. DE ALTAMIRA,EMCI,33.9,22.9,1.0,https://indomet.gob.do/wp-content/uploads/2025/10/temperaturas-extremas-y-precipitaciones-2025x10x11-a-1.pdf
2025-10-11,019,OVIEDO,PEDERNALES,CLÍNICA RURAL OVIEDO,EMCI,34.0,23.0,1.0,https://indomet.gob.do/wp-content/uploads/2025/10/temperaturas-extremas-y-precipitaciones-2025x10x11-a-1.pdf
2025-10-11,020,ARPT. LA ISABELA,SANTO DOMINGO,INDOMET,EMCI,33.0,22.5,0.6,https://indomet.gob.do/wp-content/uploads/2025/10/temperaturas-extremas-y-precipitaciones-2025x10x11-a-1.pdf
2025-10-11,021,LOS TRES CHARCOS (EMA),PEDERNALES,PROPIEDAD DEL VOLUNTARIO,EMAP,,,0.6,https://indomet.gob.do/wp-content/uploads/2025/10/temperaturas-extremas-y-precipitaciones-2025x10x11-a-1.pdf
2025-10-11,022,PRESA DE TAVERAS (EMA),LA VEGA,PROGRAMA MUNDIAL DE ALIMENTO,EMAP,33.1,21.6,0.6,https://indomet.gob.do/wp-content/uploads/2025/10/temperaturas-extremas-y-precipitaciones-2025x10x11-a-1.pdf
2025-10-11,023,BAYAGUANA,MONTE PLATA,INDOMET,EMCI,33.1,23.6,0.5,https://indomet.gob.do/wp-content/uploads/2025/10/temperaturas-extremas-y-precipitaciones-2025x10x11-a-1.pdf
2025-10-11,024,ARPT. MARÍA MONTEZ,BARAHONA,INDOMET,EMCI,32.5,24.5,0.2,https://indomet.gob.do/wp-content/uploads/2025/10/temperaturas-extremas-y-precipitaciones-2025x10x11-a-1.pdf
2025-10-11,025,JIMANÍ,INDEPENDENCIA,MINISTERIO DE AGRICULTURA,EMCI,34.0,23.2,0.2,https://indomet.gob.do/wp-content/uploads/2025/10/temperaturas-extremas-y-precipitaciones-2025x10x11-a-1.pdf
2025-10-11,026,BUCARA (EMA),SANTIAGO,MINISTERIO DE AGRICULTURA,EMAI,,,0.2,https://indomet.gob.do/wp-content/uploads/2025/10/temperaturas-extremas-y-precipitaciones-2025x10x11-a-1.pdf
2025-10-11,027,HONDO VALLE,ELÍAS PIÑA,MINISTERIO DE AGRICULTURA,EMCI,27.3,17.6,0.1,https://indomet.gob.do/wp-content/uploads/2025/10/temperaturas-extremas-y-precipitaciones-2025x10x11-a-1.pdf
2025-10-11,028,PEDERNALES,PEDERNALES,INDRHI,EMCI,,,0.1,https://indomet.gob.do/wp-content/uploads/2025/10/temperaturas-extremas-y-precipitaciones-2025x10x11-a-1.pdf
2025-10-11,029,ALTO BANDERA (EMA),LA VEGA,INTEC,EMAP,17.4,10.0,0.0,https://indomet.gob.do/wp-content/uploads/2025/10/temperaturas-extremas-y-precipitaciones-2025x10x11-a-1.pdf
2025-10-11,030,ANAMUYA (EMA),LA ALTAGRACIA,MINISTERIO DE AGRICULTURA,EMAP,32.4,24.3,0.0,https://indomet.gob.do/wp-content/uploads/2025/10/temperaturas-extremas-y-precipitaciones-2025x10x11-a-1.pdf
2025-10-11,031,ARPT. ARROYO BARRIL,SAMANÁ,INDOMET,EMCI,33.0,25.0,0.0,https://indomet.gob.do/wp-content/uploads/2025/10/temperaturas-extremas-y-precipitaciones-2025x10x11-a-1.pdf
2025-10-11,032,ARPT. DEL CIBAO,SANTIAGO,INDOMET,EMCI,34.6,21.6,0.0,https://indomet.gob.do/wp-content/uploads/2025/10/temperaturas-extremas-y-precipitaciones-2025x10x11-a-1.pdf
2025-10-11,033,ARPT. EL CATEY,SAMANÁ,INDOMET,EMCI,34.0,23.6,0.0,https://indomet.gob.do/wp-content/uploads/2025/10/temperaturas-extremas-y-precipitaciones-2025x10x11-a-1.pdf
2025-10-11,034,ARPT. GREGORIO LUPERÓN,PUERTO PLATA,INDOMET,EMCI,33.2,23.4,0.0,https://indomet.gob.do/wp-content/uploads/2025/10/temperaturas-extremas-y-precipitaciones-2025x10x11-a-1.pdf
2025-10-11,035,BANI (EMA),PERAVIA,MINISTERIO DE AGRICULTURA,EMAP,33.6,25.3,0.0,https://indomet.gob.do/wp-content/uploads/2025/10/temperaturas-extremas-y-precipitaciones-2025x10x11-a-1.pdf
2025-10-11,036,BOCA DE MAO (EMA),VALVERDE,MINISTERIO DE AGRICULTURA,EMAP,37.3,23.6,0.0,https://indomet.gob.do/wp-content/uploads/2025/10/temperaturas-extremas-y-precipitaciones-2025x10x11-a-1.pdf
2025-10-11,037,BONAO,MONSEÑOR NOUEL,MINISTERIO DE AGRICULTURA,EMCV,,,0.0,https://indomet.gob.do/wp-content/uploads/2025/10/temperaturas-extremas-y-precipitaciones-2025x10x11-a-1.pdf
2025-10-11,038,CABRERA,MARÍA TRINIDAD SÁNCHEZ,ESCUELA ARÍSTIDES FIALLO CABRAL,EMCI,35.0,25.5,0.0,https://indomet.gob.do/wp-content/uploads/2025/10/temperaturas-extremas-y-precipitaciones-2025x10x11-a-1.pdf
2025-10-11,039,DAJABÓN,DAJABÓN,INSTITUTO POLITÉCNICO LOYOLA,EMCI,33.5,19.2,0.0,https://indomet.gob.do/wp-content/uploads/2025/10/temperaturas-extremas-y-precipitaciones-2025x10x11-a-1.pdf
2025-10-11,040,EL FACTOR (EMA),MARÍA TRINIDAD SÁNCHEZ,INTEC,EMAP,35.8,25.4,0.0,https://indomet.gob.do/wp-content/uploads/2025/10/temperaturas-extremas-y-precipitaciones-2025x10x11-a-1.pdf
2025-10-11,041,ENRIQUILLO,BARAHONA,MINISTERIO DE AGRICULTURA,EMCV,35.0,23.5,0.0,https://indomet.gob.do/wp-content/uploads/2025/10/temperaturas-extremas-y-precipitaciones-2025x10x11-a-1.pdf
2025-10-11,042,GASPAR HERNÁNDEZ,ESPAILLAT,PROPIEDAD DEL EMPLEADO,EMCI,,,0.0,https://indomet.gob.do/wp-content/uploads/2025/10/temperaturas-extremas-y-precipitaciones-2025x10x11-a-1.pdf
2025-10-11,043,GURABO,SANTIAGO,MINISTERIO DE AGRICULTURA,EMCV,,,0.0,https://indomet.gob.do/wp-content/uploads/2025/10/temperaturas-extremas-y-precipitaciones-2025x10x11-a-1.pdf
2025-10-11,044,JARABACOA,LA VEGA,INDRHI / MARENA,EMCI,32.4,18.2,0.0,https://indomet.gob.do/wp-content/uploads/2025/10/temperaturas-extremas-y-precipitaciones-2025x10x11-a-1.pdf
2025-10-11,045,JARABACOA (EMA),LA VEGA,PROGRAMA MUNDIAL DE ALIMENTO,EMAP,30.8,19.6,0.0,https://indomet.gob.do/wp-content/uploads/2025/10/temperaturas-extremas-y-precipitaciones-2025x10x11-a-1.pdf
2025-10-11,046,JUMA BEJUCAL,MONSEÑOR NOUEL,IDIAF,EMCV,36.0,23.8,0.0,https://indomet.gob.do/wp-content/uploads/2025/10/temperaturas-extremas-y-precipitaciones-2025x10x11-a-1.pdf
2025-10-11,047,LAS CANAS (EMA),MONTE CRISTI,PROGRAMA MUNDIAL DE ALIMENTO,EMAP,32.2,23.9,0.0,https://indomet.gob.do/wp-content/uploads/2025/10/temperaturas-extremas-y-precipitaciones-2025x10x11-a-1.pdf
2025-10-11,048,LAS MATAS DE SANTA CRUZ (EMA,MONTE CRISTI,PROGRAMA MUNDIAL DE ALIMENTO,EMAP,,,0.0,https://indomet.gob.do/wp-content/uploads/2025/10/temperaturas-extremas-y-precipitaciones-2025x10x11-a-1.pdf
2025-10-11,049,MAO,VALVERDE,INDRHI / MINISTERIO DE AGRICULTURA,EMCV,,,0.0,https://indomet.gob.do/wp-content/uploads/2025/10/temperaturas-extremas-y-precipitaciones-2025x10x11-a-1.pdf
2025-10-11,050,MICHES (EMA),EL SEIBO,PRIVADA,EMAP,33.8,25.2,0.0,https://indomet.gob.do/wp-content/uploads/2025/10/temperaturas-extremas-y-precipitaciones-2025x10x11-a-1.pdf
2025-10-11,051,MONCIÓN (EMA),SANTIAGO RODRÍGUEZ,PROGRAMA MUNDIAL DE ALIMENTO,EMAP,31.8,21.8,0.0,https://indomet.gob.do/wp-content/uploads/2025/10/temperaturas-extremas-y-precipitaciones-2025x10x11-a-1.pdf
2025-10-11,052,MONTE CRISTI,MONTE CRISTI,INDOMET,EMCI,35.0,23.8,0.0,https://indomet.gob.do/wp-content/uploads/2025/10/temperaturas-extremas-y-precipitaciones-2025x10x11-a-1.pdf
2025-10-11,053,NAVARRETE,SANTIAGO,MINISTERIO DE AGRICULTURA,EMCV,,,0.0,https://indomet.gob.do/wp-content/uploads/2025/10/temperaturas-extremas-y-precipitaciones-2025x10x11-a-1.pdf
2025-10-11,054,PADRE LAS CASAS,AZUA,HOSP. NTRA. SRA. DEL CARMEN,EMCI,32.5,19.3,0.0,https://indomet.gob.do/wp-content/uploads/2025/10/temperaturas-extremas-y-precipitaciones-2025x10x11-a-1.pdf
2025-10-11,055,PALO ÍNDIO,PUERTO PLATA,MINISTERIO DE AGRICULTURA,EMCI,,,0.0,https://indomet.gob.do/wp-content/uploads/2025/10/temperaturas-extremas-y-precipitaciones-2025x10x11-a-1.pdf
2025-10-11,056,PERALTA,AZUA,HOSP. MPAL. DE PERALTA,EMCI,31.3,20.0,0.0,https://indomet.gob.do/wp-content/uploads/2025/10/temperaturas-extremas-y-precipitaciones-2025x10x11-a-1.pdf
2025-10-11,057,PESCADERIA (EMA),BARAHONA,MINISTERIO DE AGRICULTURA,EMAP,,,0.0,https://indomet.gob.do/wp-content/uploads/2025/10/temperaturas-extremas-y-precipitaciones-2025x10x11-a-1.pdf
2025-10-11,058,POLO,BARAHONA,INDOCAFE,EMCI,29.4,16.2,0.0,https://indomet.gob.do/wp-content/uploads/2025/10/temperaturas-extremas-y-precipitaciones-2025x10x11-a-1.pdf
2025-10-11,059,PONTÓN ABAJO (EMA),LA VEGA,MINISTERIO DE AGRICULTURA,EMAP,35.4,24.3,0.0,https://indomet.gob.do/wp-content/uploads/2025/10/temperaturas-extremas-y-precipitaciones-2025x10x11-a-1.pdf
2025-10-11,060,RANCHO ARRIBA,SAN JOSÉ DE OCOA,CENTRO TECNOLÓGICO COMUNITARIO,EMCI,30.0,17.8,0.0,https://indomet.gob.do/wp-content/uploads/2025/10/temperaturas-extremas-y-precipitaciones-2025x10x11-a-1.pdf
2025-10-11,061,RESTAURACIÓN,DAJABÓN,MINISTERIO DE AGRICULTURA,EMCI,33.1,18.7,0.0,https://indomet.gob.do/wp-content/uploads/2025/10/temperaturas-extremas-y-precipitaciones-2025x10x11-a-1.pdf
2025-10-11,062,RÍO SAN JUAN,MARÍA TRINIDAD SÁNCHEZ,HOSP. MPAL. DR. DESIDERIO ACOSTA,EMCV,36.5,25.9,0.0,https://indomet.gob.do/wp-content/uploads/2025/10/temperaturas-extremas-y-precipitaciones-2025x10x11-a-1.pdf
2025-10-11,063,SABANA DE LA MAR,HATO MAYOR,INDOMET,EMCI,34.0,24.0,0.0,https://indomet.gob.do/wp-content/uploads/2025/10/temperaturas-extremas-y-precipitaciones-2025x10x11-a-1.pdf
2025-10-11,064,SABANA GRANDE DE BOYÁ,MONTE PLATA,MINISTERIO DE AGRICULTURA,EMCV,,,0.0,https://indomet.gob.do/wp-content/uploads/2025/10/temperaturas-extremas-y-precipitaciones-2025x10x11-a-1.pdf
2025-10-11,065,SABANETA (EMA),SANTIAGO RODRÍGUEZ,PROGRAMA MUNDIAL DE ALIMENTO,EMAP,35.8,23.5,0.0,https://indomet.gob.do/wp-content/uploads/2025/10/temperaturas-extremas-y-precipitaciones-2025x10x11-a-1.pdf
2025-10-11,066,SALCEDO,HERMANAS MIRABAL,PROPIEDAD DEL EMPLEADO,EMCI,,,0.0,https://indomet.gob.do/wp-content/uploads/2025/10/temperaturas-extremas-y-precipitaciones-2025x10x11-a-1.pdf
2025-10-11,067,SAN CRISTÓBAL,SAN CRISTÓBAL,INSTITUTO POLITÉCNICO LOYOLA,EMCI,33.2,22.2,0.0,https://indomet.gob.do/wp-content/uploads/2025/10/temperaturas-extremas-y-precipitaciones-2025x10x11-a-1.pdf
2025-10-11,068,SAN JOSÉ DE OCOA,SAN JOSÉ DE OCOA,HOSP. SAN JOSÉ DE OCOA,EMCI,31.1,18.3,0.0,https://indomet.gob.do/wp-content/uploads/2025/10/temperaturas-extremas-y-precipitaciones-2025x10x11-a-1.pdf
2025-10-11,069,SÁNCHEZ,SAMANÁ,MINISTERIO DE AGRICULTURA,EMCI,33.4,26.3,0.0,https://indomet.gob.do/wp-content/uploads/2025/10/temperaturas-extremas-y-precipitaciones-2025x10x11-a-1.pdf
2025-10-11,070,SAJOMA (EMA),SANTIAGO,PLAN SIERRA,EMAI,32.8,20.4,0.0,https://indomet.gob.do/wp-content/uploads/2025/10/temperaturas-extremas-y-precipitaciones-2025x10x11-a-1.pdf
2025-10-11,071,JARDÍN BOTÁNICO SANTIAGO (EMSANTIAGO,,JARDIN BOTANICO SANTIAGO,EMAI,34.4,23.2,0.0,https://indomet.gob.do/wp-content/uploads/2025/10/temperaturas-extremas-y-precipitaciones-2025x10x11-a-1.pdf
2025-10-11,072,JANICO (EMA),LA VEGA,PLAN SIERRA,EMAI,,,0.0,https://indomet.gob.do/wp-content/uploads/2025/10/temperaturas-extremas-y-precipitaciones-2025x10x11-a-1.pdf
2025-10-11,073,VILLA GONZALE (EMA),SANTIAGO,IGLESIA,EMAI,,,0.0,https://indomet.gob.do/wp-content/uploads/2025/10/temperaturas-extremas-y-precipitaciones-2025x10x11-a-1.pdf
2025-10-11,074,VILLA VASQUEZ (EMA),MONTE CRISTI,JUNTA DE REGANTES,EMAI,,,0.0,https://indomet.gob.do/wp-content/uploads/2025/10/temperaturas-extremas-y-precipitaciones-2025x10x11-a-1.pdf
2025-10-11,075,SANTIAGO RODRÍGUEZ,SANTIAGO RODRÍGUEZ,INDOMET,EMCI,35.5,24.0,0.0,https://indomet.gob.do/wp-content/uploads/2025/10/temperaturas-extremas-y-precipitaciones-2025x10x11-a-1.pdf
2025-10-11,076,TÁBARA ABAJO,AZUA,INDRHI,EMCI,33.9,20.0,0.0,https://indomet.gob.do/wp-content/uploads/2025/10/temperaturas-extremas-y-precipitaciones-2025x10x11-a-1.pdf
2025-10-11,077,JIMA ABAJO,LA VEGA,INDOMET,EMCI,35.0,21.5,0.0,https://indomet.gob.do/wp-content/uploads/2025/10/temperaturas-extremas-y-precipitaciones-2025x10x11-a-1.pdf
2025-10-11,078,VALLE NUEVO (EMA),LA VEGA,MARENA,EMAI,20.7,6.2,0.0,https://indomet.gob.do/wp-content/uploads/2025/10/temperaturas-extremas-y-precipitaciones-2025x10x11-a-1.pdf
2025-10-11,079,VILLA ALTAGRACIA,SAN CRISTÓBAL,ESCUELA JAVIER ANGULO GURIDI,EMCI,,,0.0,https://indomet.gob.do/wp-content/uploads/2025/10/temperaturas-extremas-y-precipitaciones-2025x10x11-a-1.pdf
2025-10-11,080,VILLA GONZALES,SANTIAGO,MINISTERIO DE AGRICULTURA,EMCI,,,0.0,https://indomet.gob.do/wp-content/uploads/2025/10/temperaturas-extremas-y-precipitaciones-2025x10x11-a-1.pdf
2025-10-11,081,VILLA ISABELA,PUERTO PLATA,MINISTERIO DE AGRICULTURA,EMCV,,,0.0,https://indomet.gob.do/wp-content/uploads/2025/10/temperaturas-extremas-y-precipitaciones-2025x10x11-a-1.pdf
2025-10-11,082,VILLA RIVA,DUARTE,HOSP. MPAL. ALICIA DE LEGENDRE,EMCI,33.0,23.8,0.0,https://indomet.gob.do/wp-content/uploads/2025/10/temperaturas-extremas-y-precipitaciones-2025x10x11-a-1.pdf
2025-10-11,083,ARROYO LORO,SAN JUAN,IDIAF,EMCI,33.6,19.0,0.0,https://indomet.gob.do/wp-content/uploads/2025/10/temperaturas-extremas-y-precipitaciones-2025x10x11-a-1.pdf
2025-10-12,001,SANTO DOMINGO ESTE,SANTO DOMINGO,INDOMET,EMCI,34.5,25.8,50.6,https://indomet.gob.do/wp-content/uploads/2025/10/temperaturas-extremas-y-precipitaciones-2025x10x12-a.pdf
2025-10-12,002,LA VICTORIA,SANTO DOMINGO,CUERPO DE BOMBEROS,EMCI,32.0,22.0,46.0,https://indomet.gob.do/wp-content/uploads/2025/10/temperaturas-extremas-y-precipitaciones-2025x10x12-a.pdf
2025-10-12,003,ARROYO LORO,SAN JUAN,IDIAF,EMCI,31.8,20.5,28.9,https://indomet.gob.do/wp-content/uploads/2025/10/temperaturas-extremas-y-precipitaciones-2025x10x12-a.pdf
2025-10-12,004,PARQUE MIRADOR SUR,DISTRITO NACIONAL,AYUNTAMIENTO,EMCV,34.0,23.4,26.0,https://indomet.gob.do/wp-content/uploads/2025/10/temperaturas-extremas-y-precipitaciones-2025x10x12-a.pdf
2025-10-12,005,CENTRO DE LOS HEROES (EMA),DISTRITO NACIONAL,MINISTERIO DE ENERGIA Y MINA,EMAP,29.9,25.8,19.4,https://indomet.gob.do/wp-content/uploads/2025/10/temperaturas-extremas-y-precipitaciones-2025x10x12-a.pdf
2025-10-12,006,ARPT. DE LAS AMÉRICAS,SANTO DOMINGO,INDOMET,EMCI,30.0,23.5,17.1,https://indomet.gob.do/wp-content/uploads/2025/10/temperaturas-extremas-y-precipitaciones-2025x10x12-a.pdf
2025-10-12,007,EL SEIBO,EL SEIBO,MINISTERIO DE AGRICULTURA,EMCV,,,12.7,https://indomet.gob.do/wp-content/uploads/2025/10/temperaturas-extremas-y-precipitaciones-2025x10x12-a.pdf
2025-10-12,008,MONTE CRISTI,MONTE CRISTI,INDOMET,EMCI,35.6,25.7,10.3,https://indomet.gob.do/wp-content/uploads/2025/10/temperaturas-extremas-y-precipitaciones-2025x10x12-a.pdf
2025-10-12,009,ARPT. MARÍA MONTEZ,BARAHONA,INDOMET,EMCI,31.0,23.5,8.4,https://indomet.gob.do/wp-content/uploads/2025/10/temperaturas-extremas-y-precipitaciones-2025x10x12-a.pdf
2025-10-12,010,VILLA VASQUEZ (EMA),MONTE CRISTI,JUNTA DE REGANTES,EMAI,,,8.4,https://indomet.gob.do/wp-content/uploads/2025/10/temperaturas-extremas-y-precipitaciones-2025x10x12-a.pdf
2025-10-12,011,OLIVARES,PEDERNALES,INDRHI,EMCI,,,8.1,https://indomet.gob.do/wp-content/uploads/2025/10/temperaturas-extremas-y-precipitaciones-2025x10x12-a.pdf
2025-10-12,012,TÁBARA ABAJO,AZUA,INDRHI,EMCI,32.9,23.0,6.2,https://indomet.gob.do/wp-content/uploads/2025/10/temperaturas-extremas-y-precipitaciones-2025x10x12-a.pdf
2025-10-12,013,OVIEDO,PEDERNALES,CLÍNICA RURAL OVIEDO,EMCI,33.0,22.0,6.0,https://indomet.gob.do/wp-content/uploads/2025/10/temperaturas-extremas-y-precipitaciones-2025x10x12-a.pdf
2025-10-12,014,JARDÍN BOTÁNICO NACIONAL,DISTRITO NACIONAL,JARDÍN BOTÁNICO NACIONAL,EMCV,31.5,21.7,5.3,https://indomet.gob.do/wp-content/uploads/2025/10/temperaturas-extremas-y-precipitaciones-2025x10x12-a.pdf
2025-10-12,015,ARPT. DE PUNTA CANA,LA ALTAGRACIA,INDOMET,EMCI,31.5,23.3,4.7,https://indomet.gob.do/wp-content/uploads/2025/10/temperaturas-extremas-y-precipitaciones-2025x10x12-a.pdf
2025-10-12,016,BAYAGUANA,MONTE PLATA,INDOMET,EMCI,32.4,23.6,4.7,https://indomet.gob.do/wp-content/uploads/2025/10/temperaturas-extremas-y-precipitaciones-2025x10x12-a.pdf
2025-10-12,017,ESCONDIDO,PERAVIA,MINISTERIO DE AGRICULTURA,EMCV,30.0,20.0,3.6,https://indomet.gob.do/wp-content/uploads/2025/10/temperaturas-extremas-y-precipitaciones-2025x10x12-a.pdf
2025-10-12,018,ARPT. DE LA ROMANA,LA ROMANA,INDOMET,EMCI,30.6,23.2,3.2,https://indomet.gob.do/wp-content/uploads/2025/10/temperaturas-extremas-y-precipitaciones-2025x10x12-a.pdf
2025-10-12,019,HATO MAYOR,HATO MAYOR,MINISTERIO DE AGRICULTURA,EMCV,,,3.0,https://indomet.gob.do/wp-content/uploads/2025/10/temperaturas-extremas-y-precipitaciones-2025x10x12-a.pdf
2025-10-12,020,SAN CRISTÓBAL,SAN CRISTÓBAL,INSTITUTO POLITÉCNICO LOYOLA,EMCI,30.2,21.0,2.8,https://indomet.gob.do/wp-content/uploads/2025/10/temperaturas-extremas-y-precipitaciones-2025x10x12-a.pdf
2025-10-12,021,ENRIQUILLO,BARAHONA,MINISTERIO DE AGRICULTURA,EMCV,33.5,22.0,2.6,https://indomet.gob.do/wp-content/uploads/2025/10/temperaturas-extremas-y-precipitaciones-2025x10x12-a.pdf
2025-10-12,022,JIMANÍ,INDEPENDENCIA,MINISTERIO DE AGRICULTURA,EMCI,32.0,24.5,2.5,https://indomet.gob.do/wp-content/uploads/2025/10/temperaturas-extremas-y-precipitaciones-2025x10x12-a.pdf
2025-10-12,023,SAN RAFAEL DEL YUMA,LA ALTAGRACIA,MINISTERIO DE AGRICULTURA,EMCI,32.4,23.5,2.4,https://indomet.gob.do/wp-content/uploads/2025/10/temperaturas-extremas-y-precipitaciones-2025x10x12-a.pdf
2025-10-12,024,LOS TRES CHARCOS (EMA),PEDERNALES,PROPIEDAD DEL VOLUNTARIO,EMAP,32.8,21.8,2.3,https://indomet.gob.do/wp-content/uploads/2025/10/temperaturas-extremas-y-precipitaciones-2025x10x12-a.pdf
2025-10-12,025,CABRAL,BARAHONA,MINISTERIO DE AGRICULTURA,EMCV,32.3,23.0,2.2,https://indomet.gob.do/wp-content/uploads/2025/10/temperaturas-extremas-y-precipitaciones-2025x10x12-a.pdf
2025-10-12,026,ARPT. LA ISABELA,SANTO DOMINGO,INDOMET,EMCI,31.0,22.8,1.7,https://indomet.gob.do/wp-content/uploads/2025/10/temperaturas-extremas-y-precipitaciones-2025x10x12-a.pdf
2025-10-12,027,RANCHO ARRIBA,SAN JOSÉ DE OCOA,CENTRO TECNOLÓGICO COMUNITARIO,EMCI,26.7,18.4,1.5,https://indomet.gob.do/wp-content/uploads/2025/10/temperaturas-extremas-y-precipitaciones-2025x10x12-a.pdf
2025-10-12,028,PERALTA,AZUA,HOSP. MPAL. DE PERALTA,EMCI,28.5,17.5,1.0,https://indomet.gob.do/wp-content/uploads/2025/10/temperaturas-extremas-y-precipitaciones-2025x10x12-a.pdf
2025-10-12,029,SAN JOSÉ DE OCOA,SAN JOSÉ DE OCOA,HOSP. SAN JOSÉ DE OCOA,EMCI,27.2,17.8,0.4,https://indomet.gob.do/wp-content/uploads/2025/10/temperaturas-extremas-y-precipitaciones-2025x10x12-a.pdf
2025-10-12,030,POLO,BARAHONA,INDOCAFE,EMCI,29.8,17.6,0.3,https://indomet.gob.do/wp-content/uploads/2025/10/temperaturas-extremas-y-precipitaciones-2025x10x12-a.pdf
2025-10-12,031,ALTAMIRA,PUERTO PLATA,HOSP. MPAL. DE ALTAMIRA,EMCI,33.6,21.5,0.2,https://indomet.gob.do/wp-content/uploads/2025/10/temperaturas-extremas-y-precipitaciones-2025x10x12-a.pdf
2025-10-12,032,MICHES (EMA),EL SEIBO,PRIVADA,EMAP,33.8,23.7,0.2,https://indomet.gob.do/wp-content/uploads/2025/10/temperaturas-extremas-y-precipitaciones-2025x10x12-a.pdf
2025-10-12,033,BONAO,MONSEÑOR NOUEL,MINISTERIO DE AGRICULTURA,EMCV,,,0.1,https://indomet.gob.do/wp-content/uploads/2025/10/temperaturas-extremas-y-precipitaciones-2025x10x12-a.pdf
2025-10-12,034,HONDO VALLE,ELÍAS PIÑA,MINISTERIO DE AGRICULTURA,EMCI,27.0,17.9,0.1,https://indomet.gob.do/wp-content/uploads/2025/10/temperaturas-extremas-y-precipitaciones-2025x10x12-a.pdf
2025-10-12,035,PEDERNALES,PEDERNALES,INDRHI,EMCI,,,0.1,https://indomet.gob.do/wp-content/uploads/2025/10/temperaturas-extremas-y-precipitaciones-2025x10x12-a.pdf
2025-10-12,036,ALTO BANDERA (EMA),LA VEGA,INTEC,EMAP,17.5,9.0,0.0,https://indomet.gob.do/wp-content/uploads/2025/10/temperaturas-extremas-y-precipitaciones-2025x10x12-a.pdf
2025-10-12,037,ANAMUYA (EMA),LA ALTAGRACIA,MINISTERIO DE AGRICULTURA,EMAP,32.4,23.8,0.0,https://indomet.gob.do/wp-content/uploads/2025/10/temperaturas-extremas-y-precipitaciones-2025x10x12-a.pdf
2025-10-12,038,ARPT. ARROYO BARRIL,SAMANÁ,INDOMET,EMCI,33.0,24.5,0.0,https://indomet.gob.do/wp-content/uploads/2025/10/temperaturas-extremas-y-precipitaciones-2025x10x12-a.pdf
2025-10-12,039,ARPT. DEL CIBAO,SANTIAGO,INDOMET,EMCI,34.1,22.8,0.0,https://indomet.gob.do/wp-content/uploads/2025/10/temperaturas-extremas-y-precipitaciones-2025x10x12-a.pdf
2025-10-12,040,ARPT. EL CATEY,SAMANÁ,INDOMET,EMCI,33.2,23.6,0.0,https://indomet.gob.do/wp-content/uploads/2025/10/temperaturas-extremas-y-precipitaciones-2025x10x12-a.pdf
2025-10-12,041,ARPT. GREGORIO LUPERÓN,PUERTO PLATA,INDOMET,EMCI,33.0,24.0,0.0,https://indomet.gob.do/wp-content/uploads/2025/10/temperaturas-extremas-y-precipitaciones-2025x10x12-a.pdf
2025-10-12,042,BOCA DE MAO (EMA),VALVERDE,MINISTERIO DE AGRICULTURA,EMAP,36.3,23.7,0.0,https://indomet.gob.do/wp-content/uploads/2025/10/temperaturas-extremas-y-precipitaciones-2025x10x12-a.pdf
2025-10-12,043,BOHECHÍO,SAN JUAN,MINISTERIO DE AGRICULTURA,EMCV,,,0.0,https://indomet.gob.do/wp-content/uploads/2025/10/temperaturas-extremas-y-precipitaciones-2025x10x12-a.pdf
2025-10-12,044,BUCARA (EMA),SANTIAGO,MINISTERIO DE AGRICULTURA,EMAI,,,0.0,https://indomet.gob.do/wp-content/uploads/2025/10/temperaturas-extremas-y-precipitaciones-2025x10x12-a.pdf
2025-10-12,045,CABRERA,MARÍA TRINIDAD SÁNCHEZ,ESCUELA ARÍSTIDES FIALLO CABRAL,EMCI,34.0,26.0,0.0,https://indomet.gob.do/wp-content/uploads/2025/10/temperaturas-extremas-y-precipitaciones-2025x10x12-a.pdf
2025-10-12,046,CONSTANZA,LA VEGA,MINISTERIO DE AGRICULTURA,EMCI,28.5,15.4,0.0,https://indomet.gob.do/wp-content/uploads/2025/10/temperaturas-extremas-y-precipitaciones-2025x10x12-a.pdf
2025-10-12,047,CONSTANZA (EMA),LA VEGA,PROGRAMA MUNDIAL DE ALIMENTO,EMAP,26.8,16.6,0.0,https://indomet.gob.do/wp-content/uploads/2025/10/temperaturas-extremas-y-precipitaciones-2025x10x12-a.pdf
2025-10-12,048,DAJABÓN,DAJABÓN,INSTITUTO POLITÉCNICO LOYOLA,EMCI,34.2,19.7,0.0,https://indomet.gob.do/wp-content/uploads/2025/10/temperaturas-extremas-y-precipitaciones-2025x10x12-a.pdf
2025-10-12,049,EL CERCADO,SAN JUAN,MINISTERIO DE AGRICULTURA,EMCV,,,0.0,https://indomet.gob.do/wp-content/uploads/2025/10/temperaturas-extremas-y-precipitaciones-2025x10x12-a.pdf
2025-10-12,050,EL FACTOR (EMA),MARÍA TRINIDAD SÁNCHEZ,INTEC,EMAP,34.7,23.4,0.0,https://indomet.gob.do/wp-content/uploads/2025/10/temperaturas-extremas-y-precipitaciones-2025x10x12-a.pdf
2025-10-12,051,ELÍAS PIÑA,ELÍAS PIÑA,MINISTERIO DE AGRICULTURA,EMCV,,,0.0,https://indomet.gob.do/wp-content/uploads/2025/10/temperaturas-extremas-y-precipitaciones-2025x10x12-a.pdf
2025-10-12,052,GASPAR HERNÁNDEZ,ESPAILLAT,PROPIEDAD DEL EMPLEADO,EMCI,,,0.0,https://indomet.gob.do/wp-content/uploads/2025/10/temperaturas-extremas-y-precipitaciones-2025x10x12-a.pdf
2025-10-12,053,GURABO,SANTIAGO,MINISTERIO DE AGRICULTURA,EMCV,,,0.0,https://indomet.gob.do/wp-content/uploads/2025/10/temperaturas-extremas-y-precipitaciones-2025x10x12-a.pdf
2025-10-12,054,JARABACOA,LA VEGA,INDRHI / MARENA,EMCI,34.2,19.0,0.0,https://indomet.gob.do/wp-content/uploads/2025/10/temperaturas-extremas-y-precipitaciones-2025x10x12-a.pdf
2025-10-12,055,JARABACOA (EMA),LA VEGA,PROGRAMA MUNDIAL DE ALIMENTO,EMAP,32.5,20.2,0.0,https://indomet.gob.do/wp-content/uploads/2025/10/temperaturas-extremas-y-precipitaciones-2025x10x12-a.pdf
2025-10-12,056,JARDÍN BOTÁNICO SANTIAGO (EMA),SANTIAGO,JARDIN BOTANICO SANTIAGO,EMAI,,,0.0,https://indomet.gob.do/wp-content/uploads/2025/10/temperaturas-extremas-y-precipitaciones-2025x10x12-a.pdf
2025-10-12,057,JIMA ABAJO,LA VEGA,INDOMET,EMCI,34.0,21.0,0.0,https://indomet.gob.do/wp-content/uploads/2025/10/temperaturas-extremas-y-precipitaciones-2025x10x12-a.pdf
2025-10-12,058,JUMA BEJUCAL,MONSEÑOR NOUEL,IDIAF,EMCV,33.4,21.8,0.0,https://indomet.gob.do/wp-content/uploads/2025/10/temperaturas-extremas-y-precipitaciones-2025x10x12-a.pdf
2025-10-12,059,LA VEGA,LA VEGA,IATESA,EMCI,35.0,23.0,0.0,https://indomet.gob.do/wp-content/uploads/2025/10/temperaturas-extremas-y-precipitaciones-2025x10x12-a.pdf
2025-10-12,060,LAS MATAS DE FARFÁN,SAN JUAN,MINISTERIO DE AGRICULTURA,EMCV,,,0.0,https://indomet.gob.do/wp-content/uploads/2025/10/temperaturas-extremas-y-precipitaciones-2025x10x12-a.pdf
2025-10-12,061,LAS MATAS DE SANTA CRUZ (EMA),MONTE CRISTI,PROGRAMA MUNDIAL DE ALIMENTO,EMAP,,,0.0,https://indomet.gob.do/wp-content/uploads/2025/10/temperaturas-extremas-y-precipitaciones-2025x10x12-a.pdf
2025-10-12,062,LOS JENGIBRES,NAGUA,INDRHI,EMCI,,,0.0,https://indomet.gob.do/wp-content/uploads/2025/10/temperaturas-extremas-y-precipitaciones-2025x10x12-a.pdf
2025-10-12,063,LOS LLANOS,SAN PEDRO DE MACORÍS,MINISTERIO DE AGRICULTURA,EMCI,31.5,23.7,0.0,https://indomet.gob.do/wp-content/uploads/2025/10/temperaturas-extremas-y-precipitaciones-2025x10x12-a.pdf
2025-10-12,064,MAO,VALVERDE,INDRHI / MINISTERIO DE AGRICULTURA,EMCV,,,0.0,https://indomet.gob.do/wp-content/uploads/2025/10/temperaturas-extremas-y-precipitaciones-2025x10x12-a.pdf
2025-10-12,065,MONCIÓN (EMA),SANTIAGO RODRÍGUEZ,PROGRAMA MUNDIAL DE ALIMENTO,EMAP,32.1,21.6,0.0,https://indomet.gob.do/wp-content/uploads/2025/10/temperaturas-extremas-y-precipitaciones-2025x10x12-a.pdf
2025-10-12,066,NAVARRETE,SANTIAGO,MINISTERIO DE AGRICULTURA,EMCV,,,0.0,https://indomet.gob.do/wp-content/uploads/2025/10/temperaturas-extremas-y-precipitaciones-2025x10x12-a.pdf
2025-10-12,067,PADRE LAS CASAS,AZUA,HOSP. NTRA. SRA. DEL CARMEN,EMCI,30.5,19.7,0.0,https://indomet.gob.do/wp-content/uploads/2025/10/temperaturas-extremas-y-precipitaciones-2025x10x12-a.pdf
2025-10-12,068,PALO ÍNDIO,PUERTO PLATA,MINISTERIO DE AGRICULTURA,EMCI,,,0.0,https://indomet.gob.do/wp-content/uploads/2025/10/temperaturas-extremas-y-precipitaciones-2025x10x12-a.pdf
2025-10-12,069,PASO AL MEDIO,SAN PEDRO DE MACORÍS,INDRHI,EMCI,,,0.0,https://indomet.gob.do/wp-content/uploads/2025/10/temperaturas-extremas-y-precipitaciones-2025x10x12-a.pdf
2025-10-12,070,PONTÓN ABAJO (EMA),LA VEGA,MINISTERIO DE AGRICULTURA,EMAP,35.2,24.1,0.0,https://indomet.gob.do/wp-content/uploads/2025/10/temperaturas-extremas-y-precipitaciones-2025x10x12-a.pdf
2025-10-12,071,PRESA DE TAVERAS (EMA),LA VEGA,PROGRAMA MUNDIAL DE ALIMENTO,EMAP,32.4,21.9,0.0,https://indomet.gob.do/wp-content/uploads/2025/10/temperaturas-extremas-y-precipitaciones-2025x10x12-a.pdf
2025-10-12,072,RESTAURACIÓN,DAJABÓN,MINISTERIO DE AGRICULTURA,EMCI,33.4,18.0,0.0,https://indomet.gob.do/wp-content/uploads/2025/10/temperaturas-extremas-y-precipitaciones-2025x10x12-a.pdf
2025-10-12,073,RÍO SAN JUAN,MARÍA TRINIDAD SÁNCHEZ,HOSP. MPAL. DR. DESIDERIO ACOSTA,EMCV,35.3,25.4,0.0,https://indomet.gob.do/wp-content/uploads/2025/10/temperaturas-extremas-y-precipitaciones-2025x10x12-a.pdf
2025-10-12,074,SABANA DE LA MAR,HATO MAYOR,INDOMET,EMCI,34.0,23.5,0.0,https://indomet.gob.do/wp-content/uploads/2025/10/temperaturas-extremas-y-precipitaciones-2025x10x12-a.pdf
2025-10-12,075,SABANA GRANDE DE BOYÁ,MONTE PLATA,MINISTERIO DE AGRICULTURA,EMCV,,,0.0,https://indomet.gob.do/wp-content/uploads/2025/10/temperaturas-extremas-y-precipitaciones-2025x10x12-a.pdf
2025-10-12,076,SABANETA (EMA),SANTIAGO RODRÍGUEZ,PROGRAMA MUNDIAL DE ALIMENTO,EMAP,35.7,24.1,0.0,https://indomet.gob.do/wp-content/uploads/2025/10/temperaturas-extremas-y-precipitaciones-2025x10x12-a.pdf
2025-10-12,077,SAJOMA (EMA),SANTIAGO,PLAN SIERRA,EMAI,,,0.0,https://indomet.gob.do/wp-content/uploads/2025/10/temperaturas-extremas-y-precipitaciones-2025x10x12-a.pdf
2025-10-12,078,SALCEDO,HERMANAS MIRABAL,PROPIEDAD DEL EMPLEADO,EMCI,,,0.0,https://indomet.gob.do/wp-content/uploads/2025/10/temperaturas-extremas-y-precipitaciones-2025x10x12-a.pdf
2025-10-12,079,SAMANÁ,SAMANÁ,COMANDANCIA DE PUERTO DE SAMANÁ,EMCI,33.4,22.0,0.0,https://indomet.gob.do/wp-content/uploads/2025/10/temperaturas-extremas-y-precipitaciones-2025x10x12-a.pdf
2025-10-12,080,SAN FRANCISCO DE MACORÍS,DUARTE,San Francisco de Macorís (UASD),EMCI,33.0,23.6,0.0,https://indomet.gob.do/wp-content/uploads/2025/10/temperaturas-extremas-y-precipitaciones-2025x10x12-a.pdf
2025-10-12,081,SÁNCHEZ,SAMANÁ,MINISTERIO DE AGRICULTURA,EMCI,34.2,24.7,0.0,https://indomet.gob.do/wp-content/uploads/2025/10/temperaturas-extremas-y-precipitaciones-2025x10x12-a.pdf
2025-10-12,082,SANTIAGO,SANTIAGO,HUACALITO,EMCI,,,0.0,https://indomet.gob.do/wp-content/uploads/2025/10/temperaturas-extremas-y-precipitaciones-2025x10x12-a.pdf
2025-10-12,083,SANTIAGO RODRÍGUEZ,SANTIAGO RODRÍGUEZ,INDOMET,EMCI,35.2,24.3,0.0,https://indomet.gob.do/wp-content/uploads/2025/10/temperaturas-extremas-y-precipitaciones-2025x10x12-a.pdf
2025-10-12,084,TAMBORIL,SANTIAGO,MINISTERIO DE AGRICULTURA,EMCV,,,0.0,https://indomet.gob.do/wp-content/uploads/2025/10/temperaturas-extremas-y-precipitaciones-2025x10x12-a.pdf
2025-10-12,085,TAVERA,SANTIAGO,INDRHI,EMCI,,,0.0,https://indomet.gob.do/wp-content/uploads/2025/10/temperaturas-extremas-y-precipitaciones-2025x10x12-a.pdf
2025-10-12,086,VALLE NUEVO (EMA),LA VEGA,MARENA,EMAI,20.7,7.2,0.0,https://indomet.gob.do/wp-content/uploads/2025/10/temperaturas-extremas-y-precipitaciones-2025x10x12-a.pdf
2025-10-12,087,VILLA GONZALE (EMA),SANTIAGO,IGLESIA,EMAI,,,0.0,https://indomet.gob.do/wp-content/uploads/2025/10/temperaturas-extremas-y-precipitaciones-2025x10x12-a.pdf
2025-10-12,088,VILLA GONZALES,SANTIAGO,MINISTERIO DE AGRICULTURA,EMCI,,,0.0,https://indomet.gob.do/wp-content/uploads/2025/10/temperaturas-extremas-y-precipitaciones-2025x10x12-a.pdf
2025-10-12,089,VILLA ISABELA,PUERTO PLATA,MINISTERIO DE AGRICULTURA,EMCV,,,0.0,https://indomet.gob.do/wp-content/uploads/2025/10/temperaturas-extremas-y-precipitaciones-2025x10x12-a.pdf
2025-10-12,090,VILLA RIVA,DUARTE,HOSP. MPAL. ALICIA DE LEGENDRE,EMCI,33.4,22.7,0.0,https://indomet.gob.do/wp-content/uploads/2025/10/temperaturas-extremas-y-precipitaciones-2025x10x12-a.pdf
2025-10-13,001,BAYAGUANA,MONTE PLATA,INDOMET,EMCI,33.6,23.1,32.8,https://indomet.gob.do/wp-content/uploads/2025/10/temperaturas-extremas-y-precipitaciones-2025x10x13-a.pdf
2025-10-13,002,POLO,BARAHONA,INDOCAFE,EMCI,29.4,18.0,26.6,https://indomet.gob.do/wp-content/uploads/2025/10/temperaturas-extremas-y-precipitaciones-2025x10x13-a.pdf
2025-10-13,003,VILLA ISABELA,PUERTO PLATA,MINISTERIO DE AGRICULTURA,EMCV,,,18.8,https://indomet.gob.do/wp-content/uploads/2025/10/temperaturas-extremas-y-precipitaciones-2025x10x13-a.pdf
2025-10-13,004,PASO AL MEDIO,SAN PEDRO DE MACORÍS,INDRHI,EMCI,,,9.5,https://indomet.gob.do/wp-content/uploads/2025/10/temperaturas-extremas-y-precipitaciones-2025x10x13-a.pdf
2025-10-13,005,ARPT. LA ISABELA,SANTO DOMINGO,INDOMET,EMCI,33.5,22.8,9.4,https://indomet.gob.do/wp-content/uploads/2025/10/temperaturas-extremas-y-precipitaciones-2025x10x13-a.pdf
2025-10-13,006,LOS LLANOS,SAN PEDRO DE MACORÍS,MINISTERIO DE AGRICULTURA,EMCI,33.5,22.7,8.4,https://indomet.gob.do/wp-content/uploads/2025/10/temperaturas-extremas-y-precipitaciones-2025x10x13-a.pdf
2025-10-13,007,SAN FRANCISCO DE MACORÍS,DUARTE,San Francisco de Macorís (UASD),EMCI,33.2,23.7,6.5,https://indomet.gob.do/wp-content/uploads/2025/10/temperaturas-extremas-y-precipitaciones-2025x10x13-a.pdf
2025-10-13,008,RESTAURACIÓN,DAJABÓN,MINISTERIO DE AGRICULTURA,EMCI,30.1,16.6,6.0,https://indomet.gob.do/wp-content/uploads/2025/10/temperaturas-extremas-y-precipitaciones-2025x10x13-a.pdf
2025-10-13,009,ENRIQUILLO,BARAHONA,MINISTERIO DE AGRICULTURA,EMCV,33.3,22.5,5.8,https://indomet.gob.do/wp-content/uploads/2025/10/temperaturas-extremas-y-precipitaciones-2025x10x13-a.pdf
2025-10-13,010,OVIEDO,PEDERNALES,CLÍNICA RURAL OVIEDO,EMCI,31.8,22.0,4.0,https://indomet.gob.do/wp-content/uploads/2025/10/temperaturas-extremas-y-precipitaciones-2025x10x13-a.pdf
2025-10-13,011,ARPT. EL CATEY,SAMANÁ,INDOMET,EMCI,32.5,23.0,3.0,https://indomet.gob.do/wp-content/uploads/2025/10/temperaturas-extremas-y-precipitaciones-2025x10x13-a.pdf
2025-10-13,012,HONDO VALLE,ELÍAS PIÑA,MINISTERIO DE AGRICULTURA,EMCI,27.2,18.0,2.6,https://indomet.gob.do/wp-content/uploads/2025/10/temperaturas-extremas-y-precipitaciones-2025x10x13-a.pdf
2025-10-13,013,SAN RAFAEL DEL YUMA,LA ALTAGRACIA,MINISTERIO DE AGRICULTURA,EMCI,32.7,23.7,2.2,https://indomet.gob.do/wp-content/uploads/2025/10/temperaturas-extremas-y-precipitaciones-2025x10x13-a.pdf
2025-10-13,014,CENTRO DE LOS HEROES (EMA),DISTRITO NACIONAL,MINISTERIO DE ENERGIA Y MINA,EMAP,31.8,26.9,1.8,https://indomet.gob.do/wp-content/uploads/2025/10/temperaturas-extremas-y-precipitaciones-2025x10x13-a.pdf
2025-10-13,015,CABRERA,MARÍA TRINIDAD SÁNCHEZ,ESCUELA ARÍSTIDES FIALLO CABRAL,EMCI,34.5,26.0,1.6,https://indomet.gob.do/wp-content/uploads/2025/10/temperaturas-extremas-y-precipitaciones-2025x10x13-a.pdf
2025-10-13,016,SABANA DE LA MAR,HATO MAYOR,INDOMET,EMCI,32.5,22.5,1.0,https://indomet.gob.do/wp-content/uploads/2025/10/temperaturas-extremas-y-precipitaciones-2025x10x13-a.pdf
2025-10-13,017,CABRAL,BARAHONA,MINISTERIO DE AGRICULTURA,EMCV,33.9,23.4,0.8,https://indomet.gob.do/wp-content/uploads/2025/10/temperaturas-extremas-y-precipitaciones-2025x10x13-a.pdf
2025-10-13,018,JARDÍN BOTÁNICO NACIONAL,DISTRITO NACIONAL,JARDÍN BOTÁNICO NACIONAL,EMCV,33.8,23.1,0.6,https://indomet.gob.do/wp-content/uploads/2025/10/temperaturas-extremas-y-precipitaciones-2025x10x13-a.pdf
2025-10-13,019,LOS TRES CHARCOS (EMA),PEDERNALES,PROPIEDAD DEL VOLUNTARIO,EMAP,31.5,23.8,0.6,https://indomet.gob.do/wp-content/uploads/2025/10/temperaturas-extremas-y-precipitaciones-2025x10x13-a.pdf
2025-10-13,020,PERALTA,AZUA,HOSP. MPAL. DE PERALTA,EMCI,29.7,17.0,0.6,https://indomet.gob.do/wp-content/uploads/2025/10/temperaturas-extremas-y-precipitaciones-2025x10x13-a.pdf
2025-10-13,021,SAMANÁ,SAMANÁ,COMANDANCIA DE PUERTO DE SAMANÁ,EMCI,33.6,22.5,0.6,https://indomet.gob.do/wp-content/uploads/2025/10/temperaturas-extremas-y-precipitaciones-2025x10x13-a.pdf
2025-10-13,022,ALTAMIRA,PUERTO PLATA,HOSP. MPAL. DE ALTAMIRA,EMCI,34.4,20.5,0.4,https://indomet.gob.do/wp-content/uploads/2025/10/temperaturas-extremas-y-precipitaciones-2025x10x13-a.pdf
2025-10-13,023,PADRE LAS CASAS,AZUA,HOSP. NTRA. SRA. DEL CARMEN,EMCI,32.5,19.3,0.4,https://indomet.gob.do/wp-content/uploads/2025/10/temperaturas-extremas-y-precipitaciones-2025x10x13-a.pdf
2025-10-13,024,RÍO SAN JUAN,MARÍA TRINIDAD SÁNCHEZ,HOSP. MPAL. DR. DESIDERIO ACOSTA,EMCV,35.8,24.9,0.4,https://indomet.gob.do/wp-content/uploads/2025/10/temperaturas-extremas-y-precipitaciones-2025x10x13-a.pdf
2025-10-13,025,HATO MAYOR,HATO MAYOR,MINISTERIO DE AGRICULTURA,EMCV,,,0.3,https://indomet.gob.do/wp-content/uploads/2025/10/temperaturas-extremas-y-precipitaciones-2025x10x13-a.pdf
2025-10-13,026,ELÍAS PIÑA,ELÍAS PIÑA,MINISTERIO DE AGRICULTURA,EMCV,,,0.1,https://indomet.gob.do/wp-content/uploads/2025/10/temperaturas-extremas-y-precipitaciones-2025x10x13-a.pdf
2025-10-13,027,LA VICTORIA,SANTO DOMINGO,CUERPO DE BOMBEROS,EMCI,35.2,23.5,0.1,https://indomet.gob.do/wp-content/uploads/2025/10/temperaturas-extremas-y-precipitaciones-2025x10x13-a.pdf
2025-10-13,028,MONTE CRISTI,MONTE CRISTI,INDOMET,EMCI,33.6,25.2,0.1,https://indomet.gob.do/wp-content/uploads/2025/10/temperaturas-extremas-y-precipitaciones-2025x10x13-a.pdf
2025-10-13,029,SANTO DOMINGO ESTE,SANTO DOMINGO,INDOMET,EMCI,33.0,25.0,0.1,https://indomet.gob.do/wp-content/uploads/2025/10/temperaturas-extremas-y-precipitaciones-2025x10x13-a.pdf
2025-10-13,030,ALTO BANDERA (EMA),LA VEGA,INTEC,EMAP,,8.6,0.0,https://indomet.gob.do/wp-content/uploads/2025/10/temperaturas-extremas-y-precipitaciones-2025x10x13-a.pdf
2025-10-13,031,ANAMUYA (EMA),LA ALTAGRACIA,MINISTERIO DE AGRICULTURA,EMAP,33.2,24.7,0.0,https://indomet.gob.do/wp-content/uploads/2025/10/temperaturas-extremas-y-precipitaciones-2025x10x13-a.pdf
2025-10-13,032,ARPT. ARROYO BARRIL,SAMANÁ,INDOMET,EMCI,34.0,26.0,0.0,https://indomet.gob.do/wp-content/uploads/2025/10/temperaturas-extremas-y-precipitaciones-2025x10x13-a.pdf
2025-10-13,033,ARPT. DE LA ROMANA,LA ROMANA,INDOMET,EMCI,32.0,22.4,0.0,https://indomet.gob.do/wp-content/uploads/2025/10/temperaturas-extremas-y-precipitaciones-2025x10x13-a.pdf
2025-10-13,034,ARPT. DE LAS AMÉRICAS,SANTO DOMINGO,INDOMET,EMCI,31.8,23.0,0.0,https://indomet.gob.do/wp-content/uploads/2025/10/temperaturas-extremas-y-precipitaciones-2025x10x13-a.pdf
2025-10-13,035,ARPT. DE PUNTA CANA,LA ALTAGRACIA,INDOMET,EMCI,32.2,22.8,0.0,https://indomet.gob.do/wp-content/uploads/2025/10/temperaturas-extremas-y-precipitaciones-2025x10x13-a.pdf
2025-10-13,036,ARPT. DEL CIBAO,SANTIAGO,INDOMET,EMCI,34.8,23.4,0.0,https://indomet.gob.do/wp-content/uploads/2025/10/temperaturas-extremas-y-precipitaciones-2025x10x13-a.pdf
2025-10-13,037,ARPT. GREGORIO LUPERÓN,PUERTO PLATA,INDOMET,EMCI,34.0,24.0,0.0,https://indomet.gob.do/wp-content/uploads/2025/10/temperaturas-extremas-y-precipitaciones-2025x10x13-a.pdf
2025-10-13,038,ARPT. MARÍA MONTEZ,BARAHONA,INDOMET,EMCI,32.4,23.0,0.0,https://indomet.gob.do/wp-content/uploads/2025/10/temperaturas-extremas-y-precipitaciones-2025x10x13-a.pdf
2025-10-13,039,ARROYO LORO,SAN JUAN,IDIAF,EMCI,31.9,21.2,0.0,https://indomet.gob.do/wp-content/uploads/2025/10/temperaturas-extremas-y-precipitaciones-2025x10x13-a.pdf
2025-10-13,040,BANI (EMA),PERAVIA,MINISTERIO DE AGRICULTURA,EMAP,32.5,26.2,0.0,https://indomet.gob.do/wp-content/uploads/2025/10/temperaturas-extremas-y-precipitaciones-2025x10x13-a.pdf
2025-10-13,041,BASE AÉREA DE SAN ISIDRO,SANTO DOMINGO,FUERZA AÉREA DOMINICANA,EMCV,33.2,23.3,0.0,https://indomet.gob.do/wp-content/uploads/2025/10/temperaturas-extremas-y-precipitaciones-2025x10x13-a.pdf
2025-10-13,042,BOCA DE MAO (EMA),VALVERDE,MINISTERIO DE AGRICULTURA,EMAP,36.7,23.1,0.0,https://indomet.gob.do/wp-content/uploads/2025/10/temperaturas-extremas-y-precipitaciones-2025x10x13-a.pdf
2025-10-13,043,BOHECHÍO,SAN JUAN,MINISTERIO DE AGRICULTURA,EMCV,,,0.0,https://indomet.gob.do/wp-content/uploads/2025/10/temperaturas-extremas-y-precipitaciones-2025x10x13-a.pdf
2025-10-13,044,BONAO,MONSEÑOR NOUEL,MINISTERIO DE AGRICULTURA,EMCV,,,0.0,https://indomet.gob.do/wp-content/uploads/2025/10/temperaturas-extremas-y-precipitaciones-2025x10x13-a.pdf
2025-10-13,045,CONSTANZA,LA VEGA,MINISTERIO DE AGRICULTURA,EMCI,27.6,12.9,0.0,https://indomet.gob.do/wp-content/uploads/2025/10/temperaturas-extremas-y-precipitaciones-2025x10x13-a.pdf
2025-10-13,046,CONSTANZA (EMA),LA VEGA,PROGRAMA MUNDIAL DE ALIMENTO,EMAP,26.7,14.5,0.0,https://indomet.gob.do/wp-content/uploads/2025/10/temperaturas-extremas-y-precipitaciones-2025x10x13-a.pdf
2025-10-13,047,COTUÍ,SÁNCHEZ RAMÍREZ,HOSP. INMACULADA CONCEPCIÓN,EMCV,,,0.0,https://indomet.gob.do/wp-content/uploads/2025/10/temperaturas-extremas-y-precipitaciones-2025x10x13-a.pdf
2025-10-13,048,DAJABÓN,DAJABÓN,INSTITUTO POLITÉCNICO LOYOLA,EMCI,34.0,19.3,0.0,https://indomet.gob.do/wp-content/uploads/2025/10/temperaturas-extremas-y-precipitaciones-2025x10x13-a.pdf
2025-10-13,049,EL FACTOR (EMA),MARÍA TRINIDAD SÁNCHEZ,INTEC,EMAP,33.7,23.8,0.0,https://indomet.gob.do/wp-content/uploads/2025/10/temperaturas-extremas-y-precipitaciones-2025x10x13-a.pdf
2025-10-13,050,GASPAR HERNÁNDEZ,ESPAILLAT,PROPIEDAD DEL EMPLEADO,EMCI,,,0.0,https://indomet.gob.do/wp-content/uploads/2025/10/temperaturas-extremas-y-precipitaciones-2025x10x13-a.pdf
2025-10-13,051,GURABO,SANTIAGO,MINISTERIO DE AGRICULTURA,EMCV,,,0.0,https://indomet.gob.do/wp-content/uploads/2025/10/temperaturas-extremas-y-precipitaciones-2025x10x13-a.pdf
2025-10-13,052,JARABACOA,LA VEGA,INDRHI / MARENA,EMCI,33.0,17.4,0.0,https://indomet.gob.do/wp-content/uploads/2025/10/temperaturas-extremas-y-precipitaciones-2025x10x13-a.pdf
2025-10-13,053,JARABACOA (EMA),LA VEGA,PROGRAMA MUNDIAL DE ALIMENTO,EMAP,31.4,18.7,0.0,https://indomet.gob.do/wp-content/uploads/2025/10/temperaturas-extremas-y-precipitaciones-2025x10x13-a.pdf
2025-10-13,054,JIMANÍ,INDEPENDENCIA,MINISTERIO DE AGRICULTURA,EMCI,33.6,24.5,0.0,https://indomet.gob.do/wp-content/uploads/2025/10/temperaturas-extremas-y-precipitaciones-2025x10x13-a.pdf
2025-10-13,055,JUMA BEJUCAL,MONSEÑOR NOUEL,IDIAF,EMCV,32.8,22.2,0.0,https://indomet.gob.do/wp-content/uploads/2025/10/temperaturas-extremas-y-precipitaciones-2025x10x13-a.pdf
2025-10-13,056,LA VEGA,LA VEGA,IATESA,EMCI,34.5,22.0,0.0,https://indomet.gob.do/wp-content/uploads/2025/10/temperaturas-extremas-y-precipitaciones-2025x10x13-a.pdf
2025-10-13,057,LAS CANAS (EMA),MONTE CRISTI,PROGRAMA MUNDIAL DE ALIMENTO,EMAP,31.4,23.4,0.0,https://indomet.gob.do/wp-content/uploads/2025/10/temperaturas-extremas-y-precipitaciones-2025x10x13-a.pdf
2025-10-13,058,LOS JENGIBRES,NAGUA,INDRHI,EMCI,,,0.0,https://indomet.gob.do/wp-content/uploads/2025/10/temperaturas-extremas-y-precipitaciones-2025x10x13-a.pdf
2025-10-13,059,MAO,VALVERDE,INDRHI / MINISTERIO DE AGRICULTURA,EMCV,,,0.0,https://indomet.gob.do/wp-content/uploads/2025/10/temperaturas-extremas-y-precipitaciones-2025x10x13-a.pdf
2025-10-13,060,MICHES (EMA),EL SEIBO,PRIVADA,EMAP,32.7,23.7,0.0,https://indomet.gob.do/wp-content/uploads/2025/10/temperaturas-extremas-y-precipitaciones-2025x10x13-a.pdf
2025-10-13,061,MONCIÓN (EMA),SANTIAGO RODRÍGUEZ,PROGRAMA MUNDIAL DE ALIMENTO,EMAP,31.3,20.3,0.0,https://indomet.gob.do/wp-content/uploads/2025/10/temperaturas-extremas-y-precipitaciones-2025x10x13-a.pdf
2025-10-13,062,NAVARRETE,SANTIAGO,MINISTERIO DE AGRICULTURA,EMCV,,,0.0,https://indomet.gob.do/wp-content/uploads/2025/10/temperaturas-extremas-y-precipitaciones-2025x10x13-a.pdf
2025-10-13,063,OLIVARES,PEDERNALES,INDRHI,EMCI,,,0.0,https://indomet.gob.do/wp-content/uploads/2025/10/temperaturas-extremas-y-precipitaciones-2025x10x13-a.pdf
2025-10-13,064,PALO ÍNDIO,PUERTO PLATA,MINISTERIO DE AGRICULTURA,EMCI,,,0.0,https://indomet.gob.do/wp-content/uploads/2025/10/temperaturas-extremas-y-precipitaciones-2025x10x13-a.pdf
2025-10-13,065,PEDERNALES,PEDERNALES,INDRHI,EMCI,,,0.0,https://indomet.gob.do/wp-content/uploads/2025/10/temperaturas-extremas-y-precipitaciones-2025x10x13-a.pdf
2025-10-13,066,PESCADERIA (EMA),BARAHONA,MINISTERIO DE AGRICULTURA,EMAP,,,0.0,https://indomet.gob.do/wp-content/uploads/2025/10/temperaturas-extremas-y-precipitaciones-2025x10x13-a.pdf
2025-10-13,067,PONTÓN ABAJO (EMA),LA VEGA,MINISTERIO DE AGRICULTURA,EMAP,36.1,23.1,0.0,https://indomet.gob.do/wp-content/uploads/2025/10/temperaturas-extremas-y-precipitaciones-2025x10x13-a.pdf
2025-10-13,068,PRESA DE TAVERAS (EMA),LA VEGA,PROGRAMA MUNDIAL DE ALIMENTO,EMAP,32.4,21.2,0.0,https://indomet.gob.do/wp-content/uploads/2025/10/temperaturas-extremas-y-precipitaciones-2025x10x13-a.pdf
2025-10-13,069,RANCHO ARRIBA,SAN JOSÉ DE OCOA,CENTRO TECNOLÓGICO COMUNITARIO,EMCI,30.0,17.9,0.0,https://indomet.gob.do/wp-content/uploads/2025/10/temperaturas-extremas-y-precipitaciones-2025x10x13-a.pdf
2025-10-13,070,SABANA GRANDE DE BOYÁ,MONTE PLATA,MINISTERIO DE AGRICULTURA,EMCV,,,0.0,https://indomet.gob.do/wp-content/uploads/2025/10/temperaturas-extremas-y-precipitaciones-2025x10x13-a.pdf
2025-10-13,071,SABANETA (EMA),SANTIAGO RODRÍGUEZ,PROGRAMA MUNDIAL DE ALIMENTO,EMAP,34.6,21.9,0.0,https://indomet.gob.do/wp-content/uploads/2025/10/temperaturas-extremas-y-precipitaciones-2025x10x13-a.pdf
2025-10-13,072,SALCEDO,HERMANAS MIRABAL,PROPIEDAD DEL EMPLEADO,EMCI,,,0.0,https://indomet.gob.do/wp-content/uploads/2025/10/temperaturas-extremas-y-precipitaciones-2025x10x13-a.pdf
2025-10-13,073,SAN CRISTÓBAL,SAN CRISTÓBAL,INSTITUTO POLITÉCNICO LOYOLA,EMCI,33.2,22.4,0.0,https://indomet.gob.do/wp-content/uploads/2025/10/temperaturas-extremas-y-precipitaciones-2025x10x13-a.pdf
2025-10-13,074,SAN JOSÉ DE OCOA,SAN JOSÉ DE OCOA,HOSP. SAN JOSÉ DE OCOA,EMCI,30.7,19.6,0.0,https://indomet.gob.do/wp-content/uploads/2025/10/temperaturas-extremas-y-precipitaciones-2025x10x13-a.pdf
2025-10-13,075,SÁNCHEZ,SAMANÁ,MINISTERIO DE AGRICULTURA,EMCI,32.7,23.8,0.0,https://indomet.gob.do/wp-content/uploads/2025/10/temperaturas-extremas-y-precipitaciones-2025x10x13-a.pdf
2025-10-13,076,SANTIAGO,SANTIAGO,HUACALITO,EMCI,,,0.0,https://indomet.gob.do/wp-content/uploads/2025/10/temperaturas-extremas-y-precipitaciones-2025x10x13-a.pdf
2025-10-13,077,SAJOMA (EMA),SANTIAGO,PLAN SIERRA,EMAI,,,0.0,https://indomet.gob.do/wp-content/uploads/2025/10/temperaturas-extremas-y-precipitaciones-2025x10x13-a.pdf
2025-10-13,078,JARDÍN BOTÁNICO SANTIAGO (EMSANTIAGO,,JARDIN BOTANICO SANTIAGO,EMAI,,,0.0,https://indomet.gob.do/wp-content/uploads/2025/10/temperaturas-extremas-y-precipitaciones-2025x10x13-a.pdf
2025-10-13,079,BUCARA (EMA),SANTIAGO,MINISTERIO DE AGRICULTURA,EMAI,,,0.0,https://indomet.gob.do/wp-content/uploads/2025/10/temperaturas-extremas-y-precipitaciones-2025x10x13-a.pdf
2025-10-13,080,VILLA GONZALE (EMA),SANTIAGO,IGLESIA,EMAI,,,0.0,https://indomet.gob.do/wp-content/uploads/2025/10/temperaturas-extremas-y-precipitaciones-2025x10x13-a.pdf
2025-10-13,081,VILLA VASQUEZ (EMA),MONTE CRISTI,JUNTA DE REGANTES,EMAI,,,0.0,https://indomet.gob.do/wp-content/uploads/2025/10/temperaturas-extremas-y-precipitaciones-2025x10x13-a.pdf
2025-10-13,082,SANTIAGO RODRÍGUEZ,SANTIAGO RODRÍGUEZ,INDOMET,EMCI,35.0,22.2,0.0,https://indomet.gob.do/wp-content/uploads/2025/10/temperaturas-extremas-y-precipitaciones-2025x10x13-a.pdf
2025-10-13,083,TÁBARA ABAJO,AZUA,INDRHI,EMCI,34.9,21.5,0.0,https://indomet.gob.do/wp-content/uploads/2025/10/temperaturas-extremas-y-precipitaciones-2025x10x13-a.pdf
2025-10-13,084,JIMA ABAJO,LA VEGA,INDOMET,EMCI,35.0,22.0,0.0,https://indomet.gob.do/wp-content/uploads/2025/10/temperaturas-extremas-y-precipitaciones-2025x10x13-a.pdf
2025-10-13,085,TAVERA,SANTIAGO,INDRHI,EMCI,,,0.0,https://indomet.gob.do/wp-content/uploads/2025/10/temperaturas-extremas-y-precipitaciones-2025x10x13-a.pdf
2025-10-13,086,VALLE NUEVO (EMA),LA VEGA,MARENA,EMAI,21.6,7.4,0.0,https://indomet.gob.do/wp-content/uploads/2025/10/temperaturas-extremas-y-precipitaciones-2025x10x13-a.pdf
2025-10-13,087,VILLA ALTAGRACIA,SAN CRISTÓBAL,ESCUELA JAVIER ANGULO GURIDI,EMCI,,,0.0,https://indomet.gob.do/wp-content/uploads/2025/10/temperaturas-extremas-y-precipitaciones-2025x10x13-a.pdf
2025-10-13,088,VILLA GONZALES,SANTIAGO,MINISTERIO DE AGRICULTURA,EMCI,,,0.0,https://indomet.gob.do/wp-content/uploads/2025/10/temperaturas-extremas-y-precipitaciones-2025x10x13-a.pdf
2025-10-14,001,NAVARRETE,SANTIAGO,MINISTERIO DE AGRICULTURA,EMCV,,,36.8,https://indomet.gob.do/wp-content/uploads/2025/10/temperaturas-extremas-y-precipitaciones-2025x10x14-a.pdf
2025-10-14,002,SAMANÁ,SAMANÁ,COMANDANCIA DE PUERTO DE SAMANÁ,EMCI,33.9,21.9,36.6,https://indomet.gob.do/wp-content/uploads/2025/10/temperaturas-extremas-y-precipitaciones-2025x10x14-a.pdf
2025-10-14,003,VILLA GONZALES,SANTIAGO,MINISTERIO DE AGRICULTURA,EMCI,,,35.6,https://indomet.gob.do/wp-content/uploads/2025/10/temperaturas-extremas-y-precipitaciones-2025x10x14-a.pdf
2025-10-14,004,PADRE LAS CASAS,AZUA,HOSP. NTRA. SRA. DEL CARMEN,EMCI,33.0,19.6,29.4,https://indomet.gob.do/wp-content/uploads/2025/10/temperaturas-extremas-y-precipitaciones-2025x10x14-a.pdf
2025-10-14,005,MAO,VALVERDE,INDRHI / MINISTERIO DE AGRICULTURA,EMCV,,,25.7,https://indomet.gob.do/wp-content/uploads/2025/10/temperaturas-extremas-y-precipitaciones-2025x10x14-a.pdf
2025-10-14,006,VILLA RIVA,DUARTE,HOSP. MPAL. ALICIA DE LEGENDRE,EMCI,32.5,22.5,19.5,https://indomet.gob.do/wp-content/uploads/2025/10/temperaturas-extremas-y-precipitaciones-2025x10x14-a.pdf
2025-10-14,007,JANICO,LA VEGA,INDRHI,EMCI,,,17.3,https://indomet.gob.do/wp-content/uploads/2025/10/temperaturas-extremas-y-precipitaciones-2025x10x14-a.pdf
2025-10-14,008,ARPT. MARÍA MONTEZ,BARAHONA,INDOMET,EMCI,33.1,24.0,14.6,https://indomet.gob.do/wp-content/uploads/2025/10/temperaturas-extremas-y-precipitaciones-2025x10x14-a.pdf
2025-10-14,009,BOCA DE MAO (EMA),VALVERDE,MINISTERIO DE AGRICULTURA,EMAP,36.7,23.8,11.6,https://indomet.gob.do/wp-content/uploads/2025/10/temperaturas-extremas-y-precipitaciones-2025x10x14-a.pdf
2025-10-14,010,VILLA VASQUEZ (EMA),MONTE CRISTI,JUNTA DE REGANTES,EMAI,,,11.6,https://indomet.gob.do/wp-content/uploads/2025/10/temperaturas-extremas-y-precipitaciones-2025x10x14-a.pdf
2025-10-14,011,CABRAL,BARAHONA,MINISTERIO DE AGRICULTURA,EMCV,35.0,23.5,8.4,https://indomet.gob.do/wp-content/uploads/2025/10/temperaturas-extremas-y-precipitaciones-2025x10x14-a.pdf
2025-10-14,012,HATO MAYOR,HATO MAYOR,MINISTERIO DE AGRICULTURA,EMCV,,,6.1,https://indomet.gob.do/wp-content/uploads/2025/10/temperaturas-extremas-y-precipitaciones-2025x10x14-a.pdf
2025-10-14,013,ARPT. LA ISABELA,SANTO DOMINGO,INDOMET,EMCI,34.5,23.4,6.0,https://indomet.gob.do/wp-content/uploads/2025/10/temperaturas-extremas-y-precipitaciones-2025x10x14-a.pdf
2025-10-14,014,CENTRO DE LOS HEROES (EMA),DISTRITO NACIONAL,MINISTERIO DE ENERGIA Y MINA,EMAP,32.3,25.6,5.2,https://indomet.gob.do/wp-content/uploads/2025/10/temperaturas-extremas-y-precipitaciones-2025x10x14-a.pdf
2025-10-14,015,BOHECHÍO,SAN JUAN,MINISTERIO DE AGRICULTURA,EMCV,,,5.0,https://indomet.gob.do/wp-content/uploads/2025/10/temperaturas-extremas-y-precipitaciones-2025x10x14-a.pdf
2025-10-14,016,SABANA GRANDE DE BOYÁ,MONTE PLATA,MINISTERIO DE AGRICULTURA,EMCV,,,4.6,https://indomet.gob.do/wp-content/uploads/2025/10/temperaturas-extremas-y-precipitaciones-2025x10x14-a.pdf
2025-10-14,017,POLO,BARAHONA,INDOCAFE,EMCI,28.6,17.0,2.4,https://indomet.gob.do/wp-content/uploads/2025/10/temperaturas-extremas-y-precipitaciones-2025x10x14-a.pdf
2025-10-14,018,HONDO VALLE,ELÍAS PIÑA,MINISTERIO DE AGRICULTURA,EMCI,27.0,18.1,2.2,https://indomet.gob.do/wp-content/uploads/2025/10/temperaturas-extremas-y-precipitaciones-2025x10x14-a.pdf
2025-10-14,019,LA VEGA,LA VEGA,IATESA,EMCI,35.2,23.0,1.9,https://indomet.gob.do/wp-content/uploads/2025/10/temperaturas-extremas-y-precipitaciones-2025x10x14-a.pdf
2025-10-14,020,JIMANÍ,INDEPENDENCIA,MINISTERIO DE AGRICULTURA,EMCI,35.2,24.6,1.8,https://indomet.gob.do/wp-content/uploads/2025/10/temperaturas-extremas-y-precipitaciones-2025x10x14-a.pdf
2025-10-14,021,LA VICTORIA,SANTO DOMINGO,CUERPO DE BOMBEROS,EMCI,35.0,24.5,0.3,https://indomet.gob.do/wp-content/uploads/2025/10/temperaturas-extremas-y-precipitaciones-2025x10x14-a.pdf
2025-10-14,022,SABANA DE LA MAR,HATO MAYOR,INDOMET,EMCI,32.5,23.5,0.3,https://indomet.gob.do/wp-content/uploads/2025/10/temperaturas-extremas-y-precipitaciones-2025x10x14-a.pdf
2025-10-14,023,VALLE NUEVO (EMA),LA VEGA,MARENA,EMAI,20.4,7.5,0.2,https://indomet.gob.do/wp-content/uploads/2025/10/temperaturas-extremas-y-precipitaciones-2025x10x14-a.pdf
2025-10-14,024,PERALTA,AZUA,HOSP. MPAL. DE PERALTA,EMCI,30.6,19.8,0.1,https://indomet.gob.do/wp-content/uploads/2025/10/temperaturas-extremas-y-precipitaciones-2025x10x14-a.pdf
2025-10-14,025,SAN RAFAEL DEL YUMA,LA ALTAGRACIA,MINISTERIO DE AGRICULTURA,EMCI,33.0,23.5,0.1,https://indomet.gob.do/wp-content/uploads/2025/10/temperaturas-extremas-y-precipitaciones-2025x10x14-a.pdf
2025-10-14,026,ALTAMIRA,PUERTO PLATA,HOSP. MPAL. DE ALTAMIRA,EMCI,33.0,21.7,0.0,https://indomet.gob.do/wp-content/uploads/2025/10/temperaturas-extremas-y-precipitaciones-2025x10x14-a.pdf
2025-10-14,027,ALTO BANDERA (EMA),LA VEGA,INTEC,EMAP,19.8,10.3,0.0,https://indomet.gob.do/wp-content/uploads/2025/10/temperaturas-extremas-y-precipitaciones-2025x10x14-a.pdf
2025-10-14,028,ANAMUYA (EMA),LA ALTAGRACIA,MINISTERIO DE AGRICULTURA,EMAP,33.3,23.8,0.0,https://indomet.gob.do/wp-content/uploads/2025/10/temperaturas-extremas-y-precipitaciones-2025x10x14-a.pdf
2025-10-14,029,ARPT. ARROYO BARRIL,SAMANÁ,INDOMET,EMCI,33.0,26.4,0.0,https://indomet.gob.do/wp-content/uploads/2025/10/temperaturas-extremas-y-precipitaciones-2025x10x14-a.pdf
2025-10-14,030,ARPT. DE LA ROMANA,LA ROMANA,INDOMET,EMCI,32.3,23.0,0.0,https://indomet.gob.do/wp-content/uploads/2025/10/temperaturas-extremas-y-precipitaciones-2025x10x14-a.pdf
2025-10-14,031,ARPT. DE LAS AMÉRICAS,SANTO DOMINGO,INDOMET,EMCI,32.0,23.6,0.0,https://indomet.gob.do/wp-content/uploads/2025/10/temperaturas-extremas-y-precipitaciones-2025x10x14-a.pdf
2025-10-14,032,ARPT. DE PUNTA CANA,LA ALTAGRACIA,INDOMET,EMCI,31.8,24.8,0.0,https://indomet.gob.do/wp-content/uploads/2025/10/temperaturas-extremas-y-precipitaciones-2025x10x14-a.pdf
2025-10-14,033,ARPT. DEL CIBAO,SANTIAGO,INDOMET,EMCI,35.5,21.8,0.0,https://indomet.gob.do/wp-content/uploads/2025/10/temperaturas-extremas-y-precipitaciones-2025x10x14-a.pdf
2025-10-14,034,ARPT. EL CATEY,SAMANÁ,INDOMET,EMCI,33.5,22.8,0.0,https://indomet.gob.do/wp-content/uploads/2025/10/temperaturas-extremas-y-precipitaciones-2025x10x14-a.pdf
2025-10-14,035,ARPT. GREGORIO LUPERÓN,PUERTO PLATA,INDOMET,EMCI,35.0,24.2,0.0,https://indomet.gob.do/wp-content/uploads/2025/10/temperaturas-extremas-y-precipitaciones-2025x10x14-a.pdf
2025-10-14,036,ARROYO LORO,SAN JUAN,IDIAF,EMCI,33.2,21.1,0.0,https://indomet.gob.do/wp-content/uploads/2025/10/temperaturas-extremas-y-precipitaciones-2025x10x14-a.pdf
2025-10-14,037,BAYAGUANA,MONTE PLATA,INDOMET,EMCI,34.5,22.1,0.0,https://indomet.gob.do/wp-content/uploads/2025/10/temperaturas-extremas-y-precipitaciones-2025x10x14-a.pdf
2025-10-14,038,BONAO,MONSEÑOR NOUEL,MINISTERIO DE AGRICULTURA,EMCV,,,0.0,https://indomet.gob.do/wp-content/uploads/2025/10/temperaturas-extremas-y-precipitaciones-2025x10x14-a.pdf
2025-10-14,039,BUCARA (EMA),SANTIAGO,MINISTERIO DE AGRICULTURA,EMAI,,,0.0,https://indomet.gob.do/wp-content/uploads/2025/10/temperaturas-extremas-y-precipitaciones-2025x10x14-a.pdf
2025-10-14,040,CABRERA,MARÍA TRINIDAD SÁNCHEZ,ESCUELA ARÍSTIDES FIALLO CABRAL,EMCI,34.8,26.4,0.0,https://indomet.gob.do/wp-content/uploads/2025/10/temperaturas-extremas-y-precipitaciones-2025x10x14-a.pdf
2025-10-14,041,CONSTANZA,LA VEGA,MINISTERIO DE AGRICULTURA,EMCI,28.9,14.6,0.0,https://indomet.gob.do/wp-content/uploads/2025/10/temperaturas-extremas-y-precipitaciones-2025x10x14-a.pdf
2025-10-14,042,CONSTANZA (EMA),LA VEGA,PROGRAMA MUNDIAL DE ALIMENTO,EMAP,27.3,16.1,0.0,https://indomet.gob.do/wp-content/uploads/2025/10/temperaturas-extremas-y-precipitaciones-2025x10x14-a.pdf
2025-10-14,043,DAJABÓN,DAJABÓN,INSTITUTO POLITÉCNICO LOYOLA,EMCI,34.8,20.0,0.0,https://indomet.gob.do/wp-content/uploads/2025/10/temperaturas-extremas-y-precipitaciones-2025x10x14-a.pdf
2025-10-14,044,EL FACTOR (EMA),MARÍA TRINIDAD SÁNCHEZ,INTEC,EMAP,33.8,24.8,0.0,https://indomet.gob.do/wp-content/uploads/2025/10/temperaturas-extremas-y-precipitaciones-2025x10x14-a.pdf
2025-10-14,045,ENRIQUILLO,BARAHONA,MINISTERIO DE AGRICULTURA,EMCV,33.5,24.0,0.0,https://indomet.gob.do/wp-content/uploads/2025/10/temperaturas-extremas-y-precipitaciones-2025x10x14-a.pdf
2025-10-14,046,ESCONDIDO,PERAVIA,MINISTERIO DE AGRICULTURA,EMCV,33.0,24.0,0.0,https://indomet.gob.do/wp-content/uploads/2025/10/temperaturas-extremas-y-precipitaciones-2025x10x14-a.pdf
2025-10-14,047,GASPAR HERNÁNDEZ,ESPAILLAT,PROPIEDAD DEL EMPLEADO,EMCI,,,0.0,https://indomet.gob.do/wp-content/uploads/2025/10/temperaturas-extremas-y-precipitaciones-2025x10x14-a.pdf
2025-10-14,048,GURABO,SANTIAGO,MINISTERIO DE AGRICULTURA,EMCV,,,0.0,https://indomet.gob.do/wp-content/uploads/2025/10/temperaturas-extremas-y-precipitaciones-2025x10x14-a.pdf
2025-10-14,049,JARABACOA,LA VEGA,INDRHI / MARENA,EMCI,32.8,19.0,0.0,https://indomet.gob.do/wp-content/uploads/2025/10/temperaturas-extremas-y-precipitaciones-2025x10x14-a.pdf
2025-10-14,050,JARABACOA (EMA),LA VEGA,PROGRAMA MUNDIAL DE ALIMENTO,EMAP,31.1,20.3,0.0,https://indomet.gob.do/wp-content/uploads/2025/10/temperaturas-extremas-y-precipitaciones-2025x10x14-a.pdf
2025-10-14,051,JARDÍN BOTÁNICO SANTIAGO (EMSANTIAGO,,JARDIN BOTANICO SANTIAGO,EMAI,35.6,26.7,0.0,https://indomet.gob.do/wp-content/uploads/2025/10/temperaturas-extremas-y-precipitaciones-2025x10x14-a.pdf
2025-10-14,052,JIMA ABAJO,LA VEGA,INDOMET,EMCI,36.5,21.6,0.0,https://indomet.gob.do/wp-content/uploads/2025/10/temperaturas-extremas-y-precipitaciones-2025x10x14-a.pdf
2025-10-14,053,JUMA BEJUCAL,MONSEÑOR NOUEL,IDIAF,EMCV,33.6,24.0,0.0,https://indomet.gob.do/wp-content/uploads/2025/10/temperaturas-extremas-y-precipitaciones-2025x10x14-a.pdf
2025-10-14,054,LAS CANAS (EMA),MONTE CRISTI,PROGRAMA MUNDIAL DE ALIMENTO,EMAP,32.1,23.3,0.0,https://indomet.gob.do/wp-content/uploads/2025/10/temperaturas-extremas-y-precipitaciones-2025x10x14-a.pdf
2025-10-14,055,LAS MATAS DE SANTA CRUZ (EMA,MONTE CRISTI,PROGRAMA MUNDIAL DE ALIMENTO,EMAP,,,0.0,https://indomet.gob.do/wp-content/uploads/2025/10/temperaturas-extremas-y-precipitaciones-2025x10x14-a.pdf
2025-10-14,056,LOS JENGIBRES,NAGUA,INDRHI,EMCI,,,0.0,https://indomet.gob.do/wp-content/uploads/2025/10/temperaturas-extremas-y-precipitaciones-2025x10x14-a.pdf
2025-10-14,057,LOS LLANOS,SAN PEDRO DE MACORÍS,MINISTERIO DE AGRICULTURA,EMCI,33.4,23.9,0.0,https://indomet.gob.do/wp-content/uploads/2025/10/temperaturas-extremas-y-precipitaciones-2025x10x14-a.pdf
2025-10-14,058,MICHES (EMA),EL SEIBO,PRIVADA,EMAP,32.9,23.8,0.0,https://indomet.gob.do/wp-content/uploads/2025/10/temperaturas-extremas-y-precipitaciones-2025x10x14-a.pdf
2025-10-14,059,MONCIÓN (EMA),SANTIAGO RODRÍGUEZ,PROGRAMA MUNDIAL DE ALIMENTO,EMAP,31.9,21.4,0.0,https://indomet.gob.do/wp-content/uploads/2025/10/temperaturas-extremas-y-precipitaciones-2025x10x14-a.pdf
2025-10-14,060,MONTE CRISTI,MONTE CRISTI,INDOMET,EMCI,35.2,14.0,0.0,https://indomet.gob.do/wp-content/uploads/2025/10/temperaturas-extremas-y-precipitaciones-2025x10x14-a.pdf
2025-10-14,061,OLIVARES,PEDERNALES,INDRHI,EMCI,,,0.0,https://indomet.gob.do/wp-content/uploads/2025/10/temperaturas-extremas-y-precipitaciones-2025x10x14-a.pdf
2025-10-14,062,OVIEDO,PEDERNALES,CLÍNICA RURAL OVIEDO,EMCI,34.0,24.0,0.0,https://indomet.gob.do/wp-content/uploads/2025/10/temperaturas-extremas-y-precipitaciones-2025x10x14-a.pdf
2025-10-14,063,PALO ÍNDIO,PUERTO PLATA,MINISTERIO DE AGRICULTURA,EMCI,,,0.0,https://indomet.gob.do/wp-content/uploads/2025/10/temperaturas-extremas-y-precipitaciones-2025x10x14-a.pdf
2025-10-14,064,PASO AL MEDIO,SAN PEDRO DE MACORÍS,INDRHI,EMCI,,,0.0,https://indomet.gob.do/wp-content/uploads/2025/10/temperaturas-extremas-y-precipitaciones-2025x10x14-a.pdf
2025-10-14,065,PEDERNALES,PEDERNALES,INDRHI,EMCI,,,0.0,https://indomet.gob.do/wp-content/uploads/2025/10/temperaturas-extremas-y-precipitaciones-2025x10x14-a.pdf
2025-10-14,066,PESCADERIA (EMA),BARAHONA,MINISTERIO DE AGRICULTURA,EMAP,,,0.0,https://indomet.gob.do/wp-content/uploads/2025/10/temperaturas-extremas-y-precipitaciones-2025x10x14-a.pdf
2025-10-14,067,PONTÓN ABAJO (EMA),LA VEGA,MINISTERIO DE AGRICULTURA,EMAP,31.1,20.3,0.0,https://indomet.gob.do/wp-content/uploads/2025/10/temperaturas-extremas-y-precipitaciones-2025x10x14-a.pdf
2025-10-14,068,PRESA DE TAVERAS (EMA),LA VEGA,PROGRAMA MUNDIAL DE ALIMENTO,EMAP,34.0,22.3,0.0,https://indomet.gob.do/wp-content/uploads/2025/10/temperaturas-extremas-y-precipitaciones-2025x10x14-a.pdf
2025-10-14,069,RANCHO ARRIBA,SAN JOSÉ DE OCOA,CENTRO TECNOLÓGICO COMUNITARIO,EMCI,30.2,19.2,0.0,https://indomet.gob.do/wp-content/uploads/2025/10/temperaturas-extremas-y-precipitaciones-2025x10x14-a.pdf
2025-10-14,070,RESTAURACIÓN,DAJABÓN,MINISTERIO DE AGRICULTURA,EMCI,30.5,17.3,0.0,https://indomet.gob.do/wp-content/uploads/2025/10/temperaturas-extremas-y-precipitaciones-2025x10x14-a.pdf
2025-10-14,071,RÍO SAN JUAN,MARÍA TRINIDAD SÁNCHEZ,HOSP. MPAL. DR. DESIDERIO ACOSTA,EMCV,36.4,26.4,0.0,https://indomet.gob.do/wp-content/uploads/2025/10/temperaturas-extremas-y-precipitaciones-2025x10x14-a.pdf
2025-10-14,072,SABANETA (EMA),SANTIAGO RODRÍGUEZ,PROGRAMA MUNDIAL DE ALIMENTO,EMAP,36.3,23.6,0.0,https://indomet.gob.do/wp-content/uploads/2025/10/temperaturas-extremas-y-precipitaciones-2025x10x14-a.pdf
2025-10-14,073,SAJOMA (EMA),SANTIAGO,PLAN SIERRA,EMAI,32.9,22.7,0.0,https://indomet.gob.do/wp-content/uploads/2025/10/temperaturas-extremas-y-precipitaciones-2025x10x14-a.pdf
2025-10-14,074,SALCEDO,HERMANAS MIRABAL,PROPIEDAD DEL EMPLEADO,EMCI,,,0.0,https://indomet.gob.do/wp-content/uploads/2025/10/temperaturas-extremas-y-precipitaciones-2025x10x14-a.pdf
2025-10-14,075,SAN CRISTÓBAL,SAN CRISTÓBAL,INSTITUTO POLITÉCNICO LOYOLA,EMCI,33.0,21.2,0.0,https://indomet.gob.do/wp-content/uploads/2025/10/temperaturas-extremas-y-precipitaciones-2025x10x14-a.pdf
2025-10-14,076,SAN FRANCISCO DE MACORÍS,DUARTE,San Francisco de Macorís (UASD),EMCI,31.4,23.5,0.0,https://indomet.gob.do/wp-content/uploads/2025/10/temperaturas-extremas-y-precipitaciones-2025x10x14-a.pdf
2025-10-14,077,SAN JOSÉ DE OCOA,SAN JOSÉ DE OCOA,HOSP. SAN JOSÉ DE OCOA,EMCI,31.8,18.4,0.0,https://indomet.gob.do/wp-content/uploads/2025/10/temperaturas-extremas-y-precipitaciones-2025x10x14-a.pdf
2025-10-14,078,SÁNCHEZ,SAMANÁ,MINISTERIO DE AGRICULTURA,EMCI,33.3,25.0,0.0,https://indomet.gob.do/wp-content/uploads/2025/10/temperaturas-extremas-y-precipitaciones-2025x10x14-a.pdf
2025-10-14,079,SANTIAGO,SANTIAGO,HUACALITO,EMCI,,,0.0,https://indomet.gob.do/wp-content/uploads/2025/10/temperaturas-extremas-y-precipitaciones-2025x10x14-a.pdf
2025-10-14,080,SANTIAGO RODRÍGUEZ,SANTIAGO RODRÍGUEZ,INDOMET,EMCI,36.0,24.0,0.0,https://indomet.gob.do/wp-content/uploads/2025/10/temperaturas-extremas-y-precipitaciones-2025x10x14-a.pdf
2025-10-14,081,SANTO DOMINGO ESTE,SANTO DOMINGO,INDOMET,EMCI,33.8,25.7,0.0,https://indomet.gob.do/wp-content/uploads/2025/10/temperaturas-extremas-y-precipitaciones-2025x10x14-a.pdf
2025-10-14,082,TÁBARA ABAJO,AZUA,INDRHI,EMCI,33.9,20.0,0.0,https://indomet.gob.do/wp-content/uploads/2025/10/temperaturas-extremas-y-precipitaciones-2025x10x14-a.pdf
2025-10-14,083,TAVERA,SANTIAGO,INDRHI,EMCI,,,0.0,https://indomet.gob.do/wp-content/uploads/2025/10/temperaturas-extremas-y-precipitaciones-2025x10x14-a.pdf
2025-10-14,084,VILLA ALTAGRACIA,SAN CRISTÓBAL,ESCUELA JAVIER ANGULO GURIDI,EMCI,,,0.0,https://indomet.gob.do/wp-content/uploads/2025/10/temperaturas-extremas-y-precipitaciones-2025x10x14-a.pdf
2025-10-14,085,VILLA GONZALE (EMA),SANTIAGO,IGLESIA,EMAI,,,0.0,https://indomet.gob.do/wp-content/uploads/2025/10/temperaturas-extremas-y-precipitaciones-2025x10x14-a.pdf
2025-10-14,086,VILLA ISABELA,PUERTO PLATA,INDRHI,EMCI,,,0.0,https://indomet.gob.do/wp-content/uploads/2025/10/temperaturas-extremas-y-precipitaciones-2025x10x14-a.pdf
2025-10-14,087,LOS TRES CHARCOS (EMA),PEDERNALES,PROPIEDAD DEL VOLUNTARIO,EMAP,31.5,24.1,,https://indomet.gob.do/wp-content/uploads/2025/10/temperaturas-extremas-y-precipitaciones-2025x10x14-a.pdf
2025-10-15,001,ALTO BANDERA (EMA),LA VEGA,INTEC,EMAP,16.4,8.6,65.5,https://indomet.gob.do/wp-content/uploads/2025/10/temperaturas-extremas-y-precipitaciones-2025x10x15-a.pdf
2025-10-15,002,DAJABÓN,DAJABÓN,INSTITUTO POLITÉCNICO LOYOLA,EMCI,34.8,20.2,65.2,https://indomet.gob.do/wp-content/uploads/2025/10/temperaturas-extremas-y-precipitaciones-2025x10x15-a.pdf
2025-10-15,003,SAN RAFAEL DEL YUMA,LA ALTAGRACIA,MINISTERIO DE AGRICULTURA,EMCI,33.6,22.6,58.1,https://indomet.gob.do/wp-content/uploads/2025/10/temperaturas-extremas-y-precipitaciones-2025x10x15-a.pdf
2025-10-15,004,SAMANÁ,SAMANÁ,COMANDANCIA DE PUERTO DE SAMANÁ,EMCI,34.5,20.5,50.4,https://indomet.gob.do/wp-content/uploads/2025/10/temperaturas-extremas-y-precipitaciones-2025x10x15-a.pdf
2025-10-15,005,VALLE NUEVO (EMA),LA VEGA,MARENA,EMAI,18.4,9.9,47.0,https://indomet.gob.do/wp-content/uploads/2025/10/temperaturas-extremas-y-precipitaciones-2025x10x15-a.pdf
2025-10-15,006,MICHES (EMA),EL SEIBO,PRIVADA,EMAP,31.1,22.6,35.0,https://indomet.gob.do/wp-content/uploads/2025/10/temperaturas-extremas-y-precipitaciones-2025x10x15-a.pdf
2025-10-15,007,EL FACTOR (EMA),MARÍA TRINIDAD SÁNCHEZ,INTEC,EMAP,35.8,23.4,29.0,https://indomet.gob.do/wp-content/uploads/2025/10/temperaturas-extremas-y-precipitaciones-2025x10x15-a.pdf
2025-10-15,008,SABANETA (EMA),SANTIAGO RODRÍGUEZ,PROGRAMA MUNDIAL DE ALIMENTO,EMAP,36.1,22.6,28.8,https://indomet.gob.do/wp-content/uploads/2025/10/temperaturas-extremas-y-precipitaciones-2025x10x15-a.pdf
2025-10-15,009,SANTIAGO RODRÍGUEZ,SANTIAGO RODRÍGUEZ,INDOMET,EMCI,36.3,23.5,28.5,https://indomet.gob.do/wp-content/uploads/2025/10/temperaturas-extremas-y-precipitaciones-2025x10x15-a.pdf
2025-10-15,010,SÁNCHEZ,SAMANÁ,MINISTERIO DE AGRICULTURA,EMCI,33.7,22.9,28.4,https://indomet.gob.do/wp-content/uploads/2025/10/temperaturas-extremas-y-precipitaciones-2025x10x15-a.pdf
2025-10-15,011,MAO,VALVERDE,INDRHI / MINISTERIO DE AGRICULTURA,EMCV,,,26.7,https://indomet.gob.do/wp-content/uploads/2025/10/temperaturas-extremas-y-precipitaciones-2025x10x15-a.pdf
2025-10-15,012,RESTAURACIÓN,DAJABÓN,MINISTERIO DE AGRICULTURA,EMCI,32.7,16.5,25.7,https://indomet.gob.do/wp-content/uploads/2025/10/temperaturas-extremas-y-precipitaciones-2025x10x15-a.pdf
2025-10-15,013,SALCEDO,HERMANAS MIRABAL,PROPIEDAD DEL EMPLEADO,EMCI,,,24.2,https://indomet.gob.do/wp-content/uploads/2025/10/temperaturas-extremas-y-precipitaciones-2025x10x15-a.pdf
2025-10-15,014,POLO,BARAHONA,INDOCAFE,EMCI,29.8,19.5,20.0,https://indomet.gob.do/wp-content/uploads/2025/10/temperaturas-extremas-y-precipitaciones-2025x10x15-a.pdf
2025-10-15,015,CONSTANZA,LA VEGA,MINISTERIO DE AGRICULTURA,EMCI,29.0,14.7,19.7,https://indomet.gob.do/wp-content/uploads/2025/10/temperaturas-extremas-y-precipitaciones-2025x10x15-a.pdf
2025-10-15,016,ELÍAS PIÑA,ELÍAS PIÑA,MINISTERIO DE AGRICULTURA,EMCV,,,18.4,https://indomet.gob.do/wp-content/uploads/2025/10/temperaturas-extremas-y-precipitaciones-2025x10x15-a.pdf
2025-10-15,017,GASPAR HERNÁNDEZ,ESPAILLAT,PROPIEDAD DEL EMPLEADO,EMCI,,,17.5,https://indomet.gob.do/wp-content/uploads/2025/10/temperaturas-extremas-y-precipitaciones-2025x10x15-a.pdf
2025-10-15,018,BUCARA (EMA),SANTIAGO,MINISTERIO DE AGRICULTURA,EMAI,,,17.2,https://indomet.gob.do/wp-content/uploads/2025/10/temperaturas-extremas-y-precipitaciones-2025x10x15-a.pdf
2025-10-15,019,CONSTANZA (EMA),LA VEGA,PROGRAMA MUNDIAL DE ALIMENTO,EMAP,27.2,16.2,15.4,https://indomet.gob.do/wp-content/uploads/2025/10/temperaturas-extremas-y-precipitaciones-2025x10x15-a.pdf
2025-10-15,020,VILLA ISABELA,PUERTO PLATA,MINISTERIO DE AGRICULTURA,EMCV,,,12.7,https://indomet.gob.do/wp-content/uploads/2025/10/temperaturas-extremas-y-precipitaciones-2025x10x15-a.pdf
2025-10-15,021,JIMA ABAJO,LA VEGA,INDOMET,EMCI,36.0,21.5,12.0,https://indomet.gob.do/wp-content/uploads/2025/10/temperaturas-extremas-y-precipitaciones-2025x10x15-a.pdf
2025-10-15,022,RANCHO ARRIBA,SAN JOSÉ DE OCOA,CENTRO TECNOLÓGICO COMUNITARIO,EMCI,30.3,18.2,10.8,https://indomet.gob.do/wp-content/uploads/2025/10/temperaturas-extremas-y-precipitaciones-2025x10x15-a.pdf
2025-10-15,023,ARPT. EL CATEY,SAMANÁ,INDOMET,EMCI,34.0,23.5,10.4,https://indomet.gob.do/wp-content/uploads/2025/10/temperaturas-extremas-y-precipitaciones-2025x10x15-a.pdf
2025-10-15,024,PASO AL MEDIO,SAN PEDRO DE MACORÍS,INDRHI,EMCI,,,10.3,https://indomet.gob.do/wp-content/uploads/2025/10/temperaturas-extremas-y-precipitaciones-2025x10x15-a.pdf
2025-10-15,025,EL CERCADO,SAN JUAN,MINISTERIO DE AGRICULTURA,EMCV,,,10.2,https://indomet.gob.do/wp-content/uploads/2025/10/temperaturas-extremas-y-precipitaciones-2025x10x15-a.pdf
2025-10-15,026,SABANA DE LA MAR,HATO MAYOR,INDOMET,EMCI,36.0,24.0,9.5,https://indomet.gob.do/wp-content/uploads/2025/10/temperaturas-extremas-y-precipitaciones-2025x10x15-a.pdf
2025-10-15,027,VILLA RIVA,DUARTE,HOSP. MPAL. ALICIA DE LEGENDRE,EMCI,34.0,22.7,9.3,https://indomet.gob.do/wp-content/uploads/2025/10/temperaturas-extremas-y-precipitaciones-2025x10x15-a.pdf
2025-10-15,028,ARPT. ARROYO BARRIL,SAMANÁ,INDOMET,EMCI,34.0,24.9,9.2,https://indomet.gob.do/wp-content/uploads/2025/10/temperaturas-extremas-y-precipitaciones-2025x10x15-a.pdf
2025-10-15,029,ARPT. DE LA ROMANA,LA ROMANA,INDOMET,EMCI,31.9,22.7,9.2,https://indomet.gob.do/wp-content/uploads/2025/10/temperaturas-extremas-y-precipitaciones-2025x10x15-a.pdf
2025-10-15,030,BONAO,MONSEÑOR NOUEL,MINISTERIO DE AGRICULTURA,EMCV,,,8.9,https://indomet.gob.do/wp-content/uploads/2025/10/temperaturas-extremas-y-precipitaciones-2025x10x15-a.pdf
2025-10-15,031,MONTE CRISTI,MONTE CRISTI,INDOMET,EMCI,34.5,24.9,7.0,https://indomet.gob.do/wp-content/uploads/2025/10/temperaturas-extremas-y-precipitaciones-2025x10x15-a.pdf
2025-10-15,032,VILLA ALTAGRACIA,SAN CRISTÓBAL,ESCUELA JAVIER ANGULO GURIDI,EMCI,,,7.0,https://indomet.gob.do/wp-content/uploads/2025/10/temperaturas-extremas-y-precipitaciones-2025x10x15-a.pdf
2025-10-15,033,VILLA GONZALES,SANTIAGO,MINISTERIO DE AGRICULTURA,EMCI,,,5.8,https://indomet.gob.do/wp-content/uploads/2025/10/temperaturas-extremas-y-precipitaciones-2025x10x15-a.pdf
2025-10-15,034,JUMA BEJUCAL,MONSEÑOR NOUEL,IDIAF,EMCV,34.2,23.4,5.8,https://indomet.gob.do/wp-content/uploads/2025/10/temperaturas-extremas-y-precipitaciones-2025x10x15-a.pdf
2025-10-15,035,ALTAMIRA,PUERTO PLATA,HOSP. MPAL. DE ALTAMIRA,EMCI,34.2,21.5,5.2,https://indomet.gob.do/wp-content/uploads/2025/10/temperaturas-extremas-y-precipitaciones-2025x10x15-a.pdf
2025-10-15,036,NAVARRETE,SANTIAGO,MINISTERIO DE AGRICULTURA,EMCV,,,5.1,https://indomet.gob.do/wp-content/uploads/2025/10/temperaturas-extremas-y-precipitaciones-2025x10x15-a.pdf
2025-10-15,037,ARPT. LA ISABELA,SANTO DOMINGO,INDOMET,EMCI,33.4,23.0,5.0,https://indomet.gob.do/wp-content/uploads/2025/10/temperaturas-extremas-y-precipitaciones-2025x10x15-a.pdf
2025-10-15,038,LUPERÓN,PUERTO PLATA,MINISTERIO DE AGRICULTURA,EMCV,,,4.8,https://indomet.gob.do/wp-content/uploads/2025/10/temperaturas-extremas-y-precipitaciones-2025x10x15-a.pdf
2025-10-15,039,VILLA VASQUEZ (EMA),MONTE CRISTI,JUNTA DE REGANTES,EMAI,,,4.8,https://indomet.gob.do/wp-content/uploads/2025/10/temperaturas-extremas-y-precipitaciones-2025x10x15-a.pdf
2025-10-15,040,ANAMUYA (EMA),LA ALTAGRACIA,MINISTERIO DE AGRICULTURA,EMAP,32.6,22.2,4.6,https://indomet.gob.do/wp-content/uploads/2025/10/temperaturas-extremas-y-precipitaciones-2025x10x15-a.pdf
2025-10-15,041,RÍO SAN JUAN,MARÍA TRINIDAD SÁNCHEZ,HOSP. MPAL. DR. DESIDERIO ACOSTA,EMCV,34.7,23.5,4.4,https://indomet.gob.do/wp-content/uploads/2025/10/temperaturas-extremas-y-precipitaciones-2025x10x15-a.pdf
2025-10-15,042,ARPT. GREGORIO LUPERÓN,PUERTO PLATA,INDOMET,EMCI,33.0,23.2,4.3,https://indomet.gob.do/wp-content/uploads/2025/10/temperaturas-extremas-y-precipitaciones-2025x10x15-a.pdf
2025-10-15,043,BOHECHÍO,SAN JUAN,MINISTERIO DE AGRICULTURA,EMCV,,,4.2,https://indomet.gob.do/wp-content/uploads/2025/10/temperaturas-extremas-y-precipitaciones-2025x10x15-a.pdf
2025-10-15,044,ARROYO LORO,SAN JUAN,IDIAF,EMCI,32.8,21.7,3.7,https://indomet.gob.do/wp-content/uploads/2025/10/temperaturas-extremas-y-precipitaciones-2025x10x15-a.pdf
2025-10-15,045,BANI (EMA),PERAVIA,MINISTERIO DE AGRICULTURA,EMAP,34.1,24.2,3.4,https://indomet.gob.do/wp-content/uploads/2025/10/temperaturas-extremas-y-precipitaciones-2025x10x15-a.pdf
2025-10-15,046,JARABACOA (EMA),LA VEGA,PROGRAMA MUNDIAL DE ALIMENTO,EMAP,29.7,19.2,3.4,https://indomet.gob.do/wp-content/uploads/2025/10/temperaturas-extremas-y-precipitaciones-2025x10x15-a.pdf
2025-10-15,047,PADRE LAS CASAS,AZUA,HOSP. NTRA. SRA. DEL CARMEN,EMCI,32.0,20.7,3.2,https://indomet.gob.do/wp-content/uploads/2025/10/temperaturas-extremas-y-precipitaciones-2025x10x15-a.pdf
2025-10-15,048,VILLA GONZALE (EMA),SANTIAGO,IGLESIA,EMAI,,,3.2,https://indomet.gob.do/wp-content/uploads/2025/10/temperaturas-extremas-y-precipitaciones-2025x10x15-a.pdf
2025-10-15,049,JARABACOA,LA VEGA,INDRHI / MARENA,EMCI,31.2,17.6,3.0,https://indomet.gob.do/wp-content/uploads/2025/10/temperaturas-extremas-y-precipitaciones-2025x10x15-a.pdf
2025-10-15,050,PRESA DE TAVERAS (EMA),LA VEGA,PROGRAMA MUNDIAL DE ALIMENTO,EMAP,34.1,21.1,3.0,https://indomet.gob.do/wp-content/uploads/2025/10/temperaturas-extremas-y-precipitaciones-2025x10x15-a.pdf
2025-10-15,051,TAVERA,SANTIAGO,INDRHI,EMCI,,,3.0,https://indomet.gob.do/wp-content/uploads/2025/10/temperaturas-extremas-y-precipitaciones-2025x10x15-a.pdf
2025-10-15,052,PALO ÍNDIO,PUERTO PLATA,MINISTERIO DE AGRICULTURA,EMCI,,,2.3,https://indomet.gob.do/wp-content/uploads/2025/10/temperaturas-extremas-y-precipitaciones-2025x10x15-a.pdf
2025-10-15,053,BOCA DE MAO (EMA),VALVERDE,MINISTERIO DE AGRICULTURA,EMAP,35.3,22.3,2.0,https://indomet.gob.do/wp-content/uploads/2025/10/temperaturas-extremas-y-precipitaciones-2025x10x15-a.pdf
2025-10-15,054,JARDÍN BOTÁNICO SANTIAGO (EMSANTIAGO,,JARDIN BOTANICO SANTIAGO,EMAI,,,1.6,https://indomet.gob.do/wp-content/uploads/2025/10/temperaturas-extremas-y-precipitaciones-2025x10x15-a.pdf
2025-10-15,055,SANTIAGO,SANTIAGO,HUACALITO,EMCI,,,1.5,https://indomet.gob.do/wp-content/uploads/2025/10/temperaturas-extremas-y-precipitaciones-2025x10x15-a.pdf
2025-10-15,056,ARPT. DEL CIBAO,SANTIAGO,INDOMET,EMCI,35.2,23.3,1.4,https://indomet.gob.do/wp-content/uploads/2025/10/temperaturas-extremas-y-precipitaciones-2025x10x15-a.pdf
2025-10-15,057,LA VEGA,LA VEGA,IATESA,EMCI,33.5,22.5,1.3,https://indomet.gob.do/wp-content/uploads/2025/10/temperaturas-extremas-y-precipitaciones-2025x10x15-a.pdf
2025-10-15,058,TAMBORIL,SANTIAGO,MINISTERIO DE AGRICULTURA,EMCV,,,1.3,https://indomet.gob.do/wp-content/uploads/2025/10/temperaturas-extremas-y-precipitaciones-2025x10x15-a.pdf
2025-10-15,059,HONDO VALLE,ELÍAS PIÑA,MINISTERIO DE AGRICULTURA,EMCI,27.5,18.4,1.2,https://indomet.gob.do/wp-content/uploads/2025/10/temperaturas-extremas-y-precipitaciones-2025x10x15-a.pdf
2025-10-15,060,MONCIÓN (EMA),SANTIAGO RODRÍGUEZ,PROGRAMA MUNDIAL DE ALIMENTO,EMAP,31.3,21.2,1.2,https://indomet.gob.do/wp-content/uploads/2025/10/temperaturas-extremas-y-precipitaciones-2025x10x15-a.pdf
2025-10-15,061,LOS JENGIBRES,NAGUA,INDRHI,EMCI,,,1.1,https://indomet.gob.do/wp-content/uploads/2025/10/temperaturas-extremas-y-precipitaciones-2025x10x15-a.pdf
2025-10-15,062,OVIEDO,PEDERNALES,CLÍNICA RURAL OVIEDO,EMCI,34.5,22.0,0.8,https://indomet.gob.do/wp-content/uploads/2025/10/temperaturas-extremas-y-precipitaciones-2025x10x15-a.pdf
2025-10-15,063,HATO MAYOR,HATO MAYOR,MINISTERIO DE AGRICULTURA,EMCV,,,0.3,https://indomet.gob.do/wp-content/uploads/2025/10/temperaturas-extremas-y-precipitaciones-2025x10x15-a.pdf
2025-10-15,064,ARPT. MARÍA MONTEZ,BARAHONA,INDOMET,EMCI,31.3,24.5,0.2,https://indomet.gob.do/wp-content/uploads/2025/10/temperaturas-extremas-y-precipitaciones-2025x10x15-a.pdf
2025-10-15,065,CABRAL,BARAHONA,MINISTERIO DE AGRICULTURA,EMCV,33.4,24.5,0.1,https://indomet.gob.do/wp-content/uploads/2025/10/temperaturas-extremas-y-precipitaciones-2025x10x15-a.pdf
2025-10-15,066,JARDÍN BOTÁNICO NACIONAL,DISTRITO NACIONAL,JARDÍN BOTÁNICO NACIONAL,EMCV,32.9,23.1,0.1,https://indomet.gob.do/wp-content/uploads/2025/10/temperaturas-extremas-y-precipitaciones-2025x10x15-a.pdf
2025-10-15,067,PERALTA,AZUA,HOSP. MPAL. DE PERALTA,EMCI,31.1,20.0,0.1,https://indomet.gob.do/wp-content/uploads/2025/10/temperaturas-extremas-y-precipitaciones-2025x10x15-a.pdf
2025-10-15,068,ARPT. DE LAS AMÉRICAS,SANTO DOMINGO,INDOMET,EMCI,32.0,24.4,0.0,https://indomet.gob.do/wp-content/uploads/2025/10/temperaturas-extremas-y-precipitaciones-2025x10x15-a.pdf
2025-10-15,069,ARPT. DE PUNTA CANA,LA ALTAGRACIA,INDOMET,EMCI,32.0,24.0,0.0,https://indomet.gob.do/wp-content/uploads/2025/10/temperaturas-extremas-y-precipitaciones-2025x10x15-a.pdf
2025-10-15,070,BASE AÉREA DE SAN ISIDRO,SANTO DOMINGO,FUERZA AÉREA DOMINICANA,EMCV,32.2,23.9,0.0,https://indomet.gob.do/wp-content/uploads/2025/10/temperaturas-extremas-y-precipitaciones-2025x10x15-a.pdf
2025-10-15,071,BAYAGUANA,MONTE PLATA,INDOMET,EMCI,33.0,23.0,0.0,https://indomet.gob.do/wp-content/uploads/2025/10/temperaturas-extremas-y-precipitaciones-2025x10x15-a.pdf
2025-10-15,072,CABRERA,MARÍA TRINIDAD SÁNCHEZ,ESCUELA ARÍSTIDES FIALLO CABRAL,EMCI,32.4,26.8,0.0,https://indomet.gob.do/wp-content/uploads/2025/10/temperaturas-extremas-y-precipitaciones-2025x10x15-a.pdf
2025-10-15,073,CENTRO DE LOS HEROES (EMA),DISTRITO NACIONAL,MINISTERIO DE ENERGIA Y MINA,EMAP,32.2,26.6,0.0,https://indomet.gob.do/wp-content/uploads/2025/10/temperaturas-extremas-y-precipitaciones-2025x10x15-a.pdf
2025-10-15,074,COTUÍ,SÁNCHEZ RAMÍREZ,HOSP. INMACULADA CONCEPCIÓN,EMCV,,,0.0,https://indomet.gob.do/wp-content/uploads/2025/10/temperaturas-extremas-y-precipitaciones-2025x10x15-a.pdf
2025-10-15,075,ENRIQUILLO,BARAHONA,MINISTERIO DE AGRICULTURA,EMCV,35.0,22.2,0.0,https://indomet.gob.do/wp-content/uploads/2025/10/temperaturas-extremas-y-precipitaciones-2025x10x15-a.pdf
2025-10-15,076,GURABO,SANTIAGO,MINISTERIO DE AGRICULTURA,EMCV,,,0.0,https://indomet.gob.do/wp-content/uploads/2025/10/temperaturas-extremas-y-precipitaciones-2025x10x15-a.pdf
2025-10-15,077,JIMANÍ,INDEPENDENCIA,MINISTERIO DE AGRICULTURA,EMCI,35.2,25.6,0.0,https://indomet.gob.do/wp-content/uploads/2025/10/temperaturas-extremas-y-precipitaciones-2025x10x15-a.pdf
2025-10-15,078,LA VICTORIA,SANTO DOMINGO,CUERPO DE BOMBEROS,EMCI,35.0,23.0,0.0,https://indomet.gob.do/wp-content/uploads/2025/10/temperaturas-extremas-y-precipitaciones-2025x10x15-a.pdf
2025-10-15,079,LAS CANAS (EMA),MONTE CRISTI,PROGRAMA MUNDIAL DE ALIMENTO,EMAP,34.5,22.3,0.0,https://indomet.gob.do/wp-content/uploads/2025/10/temperaturas-extremas-y-precipitaciones-2025x10x15-a.pdf
2025-10-15,081,LOS LLANOS,SAN PEDRO DE MACORÍS,MINISTERIO DE AGRICULTURA,EMCI,33.3,23.8,0.0,https://indomet.gob.do/wp-content/uploads/2025/10/temperaturas-extremas-y-precipitaciones-2025x10x15-a.pdf
2025-10-15,082,LOS TRES CHARCOS (EMA),PEDERNALES,PROPIEDAD DEL VOLUNTARIO,EMAP,26.9,24.1,0.0,https://indomet.gob.do/wp-content/uploads/2025/10/temperaturas-extremas-y-precipitaciones-2025x10x15-a.pdf
2025-10-15,083,PESCADERIA (EMA),BARAHONA,MINISTERIO DE AGRICULTURA,EMAP,,,0.0,https://indomet.gob.do/wp-content/uploads/2025/10/temperaturas-extremas-y-precipitaciones-2025x10x15-a.pdf
2025-10-15,085,SABANA GRANDE DE BOYÁ,MONTE PLATA,MINISTERIO DE AGRICULTURA,EMCV,,,0.0,https://indomet.gob.do/wp-content/uploads/2025/10/temperaturas-extremas-y-precipitaciones-2025x10x15-a.pdf
2025-10-15,086,SAN CRISTÓBAL,SAN CRISTÓBAL,INSTITUTO POLITÉCNICO LOYOLA,EMCI,33.2,22.2,0.0,https://indomet.gob.do/wp-content/uploads/2025/10/temperaturas-extremas-y-precipitaciones-2025x10x15-a.pdf
2025-10-15,087,SAN FRANCISCO DE MACORÍS,DUARTE,San Francisco de Macorís (UASD),EMCI,32.5,23.2,0.0,https://indomet.gob.do/wp-content/uploads/2025/10/temperaturas-extremas-y-precipitaciones-2025x10x15-a.pdf
2025-10-15,088,SAN JOSÉ DE OCOA,SAN JOSÉ DE OCOA,HOSP. SAN JOSÉ DE OCOA,EMCI,30.3,19.2,0.0,https://indomet.gob.do/wp-content/uploads/2025/10/temperaturas-extremas-y-precipitaciones-2025x10x15-a.pdf
2025-10-15,090,SANTO DOMINGO ESTE,SANTO DOMINGO,INDOMET,EMCI,33.2,26.0,0.0,https://indomet.gob.do/wp-content/uploads/2025/10/temperaturas-extremas-y-precipitaciones-2025x10x15-a.pdf
2025-10-15,091,TÁBARA ABAJO,AZUA,INDRHI,EMCI,34.5,24.0,0.0,https://indomet.gob.do/wp-content/uploads/2025/10/temperaturas-extremas-y-precipitaciones-2025x10x15-a.pdf
2025-10-16,001,VALLE NUEVO (EMA),LA VEGA,MARENA,EMAI,12.6,8.4,49.8,https://indomet.gob.do/wp-content/uploads/2025/10/temperaturas-extremas-y-precipitaciones-2025x10x16-a.pdf
2025-10-16,002,POLO,BARAHONA,INDOCAFE,EMCI,29.0,19.5,48.0,https://indomet.gob.do/wp-content/uploads/2025/10/temperaturas-extremas-y-precipitaciones-2025x10x16-a.pdf
2025-10-16,003,SABANETA (EMA),SANTIAGO RODRÍGUEZ,PROGRAMA MUNDIAL DE ALIMENTO,EMAP,33.8,21.8,44.6,https://indomet.gob.do/wp-content/uploads/2025/10/temperaturas-extremas-y-precipitaciones-2025x10x16-a.pdf
2025-10-16,004,SANTIAGO RODRÍGUEZ,SANTIAGO RODRÍGUEZ,INDOMET,EMCI,34.0,22.5,42.3,https://indomet.gob.do/wp-content/uploads/2025/10/temperaturas-extremas-y-precipitaciones-2025x10x16-a.pdf
2025-10-16,005,MICHES (EMA),EL SEIBO,PRIVADA,EMAP,31.5,22.6,35.6,https://indomet.gob.do/wp-content/uploads/2025/10/temperaturas-extremas-y-precipitaciones-2025x10x16-a.pdf
2025-10-16,006,MOCA,ESPAILLAT,MINISTERIO DE AGRICULTURA,EMCV,,,30.2,https://indomet.gob.do/wp-content/uploads/2025/10/temperaturas-extremas-y-precipitaciones-2025x10x16-a.pdf
2025-10-16,007,ARPT. LA ISABELA,SANTO DOMINGO,INDOMET,EMCI,34.4,22.6,29.0,https://indomet.gob.do/wp-content/uploads/2025/10/temperaturas-extremas-y-precipitaciones-2025x10x16-a.pdf
2025-10-16,008,SALCEDO,HERMANAS MIRABAL,PROPIEDAD DEL EMPLEADO,EMCI,,,28.0,https://indomet.gob.do/wp-content/uploads/2025/10/temperaturas-extremas-y-precipitaciones-2025x10x16-a.pdf
2025-10-16,009,SANTIAGO,SANTIAGO,HUACALITO,EMCI,,,27.0,https://indomet.gob.do/wp-content/uploads/2025/10/temperaturas-extremas-y-precipitaciones-2025x10x16-a.pdf
2025-10-16,010,ARPT. DE LAS AMÉRICAS,SANTO DOMINGO,INDOMET,EMCI,32.0,24.4,26.8,https://indomet.gob.do/wp-content/uploads/2025/10/temperaturas-extremas-y-precipitaciones-2025x10x16-a.pdf
2025-10-16,011,JARDÍN BOTÁNICO SANTIAGO (EMSANTIAGO,,JARDIN BOTANICO SANTIAGO,EMAI,34.9,25.6,26.4,https://indomet.gob.do/wp-content/uploads/2025/10/temperaturas-extremas-y-precipitaciones-2025x10x16-a.pdf
2025-10-16,012,RESTAURACIÓN,DAJABÓN,MINISTERIO DE AGRICULTURA,EMCI,31.2,15.0,25.0,https://indomet.gob.do/wp-content/uploads/2025/10/temperaturas-extremas-y-precipitaciones-2025x10x16-a.pdf
2025-10-16,013,RANCHO ARRIBA,SAN JOSÉ DE OCOA,CENTRO TECNOLÓGICO COMUNITARIO,EMCI,29.6,19.3,22.9,https://indomet.gob.do/wp-content/uploads/2025/10/temperaturas-extremas-y-precipitaciones-2025x10x16-a.pdf
2025-10-16,014,TAMBORIL,SANTIAGO,MINISTERIO DE AGRICULTURA,EMCV,,,17.8,https://indomet.gob.do/wp-content/uploads/2025/10/temperaturas-extremas-y-precipitaciones-2025x10x16-a.pdf
2025-10-16,015,JARABACOA (EMA),LA VEGA,PROGRAMA MUNDIAL DE ALIMENTO,EMAP,31.8,19.6,17.2,https://indomet.gob.do/wp-content/uploads/2025/10/temperaturas-extremas-y-precipitaciones-2025x10x16-a.pdf
2025-10-16,016,SAN JOSÉ DE OCOA,SAN JOSÉ DE OCOA,HOSP. SAN JOSÉ DE OCOA,EMCI,31.8,18.2,16.4,https://indomet.gob.do/wp-content/uploads/2025/10/temperaturas-extremas-y-precipitaciones-2025x10x16-a.pdf
2025-10-16,017,GURABO,SANTIAGO,MINISTERIO DE AGRICULTURA,EMCV,,,15.7,https://indomet.gob.do/wp-content/uploads/2025/10/temperaturas-extremas-y-precipitaciones-2025x10x16-a.pdf
2025-10-16,018,CONSTANZA,LA VEGA,MINISTERIO DE AGRICULTURA,EMCI,28.5,15.6,15.5,https://indomet.gob.do/wp-content/uploads/2025/10/temperaturas-extremas-y-precipitaciones-2025x10x16-a.pdf
2025-10-16,019,DAJABÓN,DAJABÓN,INSTITUTO POLITÉCNICO LOYOLA,EMCI,35.8,22.0,15.4,https://indomet.gob.do/wp-content/uploads/2025/10/temperaturas-extremas-y-precipitaciones-2025x10x16-a.pdf
2025-10-16,020,JARABACOA,LA VEGA,INDRHI / MARENA,EMCI,33.4,18.2,15.3,https://indomet.gob.do/wp-content/uploads/2025/10/temperaturas-extremas-y-precipitaciones-2025x10x16-a.pdf
2025-10-16,021,CONSTANZA (EMA),LA VEGA,PROGRAMA MUNDIAL DE ALIMENTO,EMAP,27.2,16.8,14.6,https://indomet.gob.do/wp-content/uploads/2025/10/temperaturas-extremas-y-precipitaciones-2025x10x16-a.pdf
2025-10-16,022,ARPT. DEL CIBAO,SANTIAGO,INDOMET,EMCI,35.2,21.7,11.5,https://indomet.gob.do/wp-content/uploads/2025/10/temperaturas-extremas-y-precipitaciones-2025x10x16-a.pdf
2025-10-16,023,JIMA ABAJO,LA VEGA,INDOMET,EMCI,32.9,20.3,10.4,https://indomet.gob.do/wp-content/uploads/2025/10/temperaturas-extremas-y-precipitaciones-2025x10x16-a.pdf
2025-10-16,024,SAN CRISTÓBAL,SAN CRISTÓBAL,INSTITUTO POLITÉCNICO LOYOLA,EMCI,33.2,21.0,9.8,https://indomet.gob.do/wp-content/uploads/2025/10/temperaturas-extremas-y-precipitaciones-2025x10x16-a.pdf
2025-10-16,025,VILLA GONZALES,SANTIAGO,MINISTERIO DE AGRICULTURA,EMCI,,,9.4,https://indomet.gob.do/wp-content/uploads/2025/10/temperaturas-extremas-y-precipitaciones-2025x10x16-a.pdf
2025-10-16,026,PADRE LAS CASAS,AZUA,HOSP. NTRA. SRA. DEL CARMEN,EMCI,34.0,20.5,9.1,https://indomet.gob.do/wp-content/uploads/2025/10/temperaturas-extremas-y-precipitaciones-2025x10x16-a.pdf
2025-10-16,027,NAVARRETE,SANTIAGO,MINISTERIO DE AGRICULTURA,EMCV,,,8.1,https://indomet.gob.do/wp-content/uploads/2025/10/temperaturas-extremas-y-precipitaciones-2025x10x16-a.pdf
2025-10-16,028,ALTO BANDERA (EMA),LA VEGA,INTEC,EMAP,17.4,9.3,7.9,https://indomet.gob.do/wp-content/uploads/2025/10/temperaturas-extremas-y-precipitaciones-2025x10x16-a.pdf
2025-10-16,029,VILLA RIVA,DUARTE,HOSP. MPAL. ALICIA DE LEGENDRE,EMCI,32.6,22.8,7.6,https://indomet.gob.do/wp-content/uploads/2025/10/temperaturas-extremas-y-precipitaciones-2025x10x16-a.pdf
2025-10-16,030,ARPT. EL CATEY,SAMANÁ,INDOMET,EMCI,34.0,21.6,5.4,https://indomet.gob.do/wp-content/uploads/2025/10/temperaturas-extremas-y-precipitaciones-2025x10x16-a.pdf
2025-10-16,031,VILLA ALTAGRACIA,SAN CRISTÓBAL,ESCUELA JAVIER ANGULO GURIDI,EMCI,,,5.3,https://indomet.gob.do/wp-content/uploads/2025/10/temperaturas-extremas-y-precipitaciones-2025x10x16-a.pdf
2025-10-16,032,GASPAR HERNÁNDEZ,ESPAILLAT,PROPIEDAD DEL EMPLEADO,EMCI,,,5.2,https://indomet.gob.do/wp-content/uploads/2025/10/temperaturas-extremas-y-precipitaciones-2025x10x16-a.pdf
2025-10-16,033,SABANA DE LA MAR,HATO MAYOR,INDOMET,EMCI,34.5,22.0,5.1,https://indomet.gob.do/wp-content/uploads/2025/10/temperaturas-extremas-y-precipitaciones-2025x10x16-a.pdf
2025-10-16,034,VILLA ISABELA,PUERTO PLATA,MINISTERIO DE AGRICULTURA,EMCV,,,5.1,https://indomet.gob.do/wp-content/uploads/2025/10/temperaturas-extremas-y-precipitaciones-2025x10x16-a.pdf
2025-10-16,035,ENRIQUILLO,BARAHONA,MINISTERIO DE AGRICULTURA,EMCV,35.0,22.5,4.8,https://indomet.gob.do/wp-content/uploads/2025/10/temperaturas-extremas-y-precipitaciones-2025x10x16-a.pdf
2025-10-16,036,SÁNCHEZ,SAMANÁ,MINISTERIO DE AGRICULTURA,EMCI,33.4,22.1,4.1,https://indomet.gob.do/wp-content/uploads/2025/10/temperaturas-extremas-y-precipitaciones-2025x10x16-a.pdf
2025-10-16,037,BASE AÉREA DE SAN ISIDRO,SANTO DOMINGO,FUERZA AÉREA DOMINICANA,EMCV,31.7,22.1,4.0,https://indomet.gob.do/wp-content/uploads/2025/10/temperaturas-extremas-y-precipitaciones-2025x10x16-a.pdf
2025-10-16,038,JARDÍN BOTÁNICO NACIONAL,DISTRITO NACIONAL,JARDÍN BOTÁNICO NACIONAL,EMCV,33.5,22.1,4.0,https://indomet.gob.do/wp-content/uploads/2025/10/temperaturas-extremas-y-precipitaciones-2025x10x16-a.pdf
2025-10-16,039,ARROYO LORO,SAN JUAN,IDIAF,EMCI,32.8,20.5,3.9,https://indomet.gob.do/wp-content/uploads/2025/10/temperaturas-extremas-y-precipitaciones-2025x10x16-a.pdf
2025-10-16,040,SANTO DOMINGO ESTE,SANTO DOMINGO,INDOMET,EMCI,35.5,25.6,3.3,https://indomet.gob.do/wp-content/uploads/2025/10/temperaturas-extremas-y-precipitaciones-2025x10x16-a.pdf
2025-10-16,041,PERALTA,AZUA,HOSP. MPAL. DE PERALTA,EMCI,33.0,19.8,3.2,https://indomet.gob.do/wp-content/uploads/2025/10/temperaturas-extremas-y-precipitaciones-2025x10x16-a.pdf
2025-10-16,042,ARPT. ARROYO BARRIL,SAMANÁ,INDOMET,EMCI,33.8,23.0,2.6,https://indomet.gob.do/wp-content/uploads/2025/10/temperaturas-extremas-y-precipitaciones-2025x10x16-a.pdf
2025-10-16,043,CENTRO DE LOS HEROES (EMA),DISTRITO NACIONAL,MINISTERIO DE ENERGIA Y MINA,EMAP,33.4,22.8,2.0,https://indomet.gob.do/wp-content/uploads/2025/10/temperaturas-extremas-y-precipitaciones-2025x10x16-a.pdf
2025-10-16,044,ELÍAS PIÑA,ELÍAS PIÑA,MINISTERIO DE AGRICULTURA,EMCV,,,2.0,https://indomet.gob.do/wp-content/uploads/2025/10/temperaturas-extremas-y-precipitaciones-2025x10x16-a.pdf
2025-10-16,045,CABRAL,BARAHONA,MINISTERIO DE AGRICULTURA,EMCV,35.0,24.0,1.9,https://indomet.gob.do/wp-content/uploads/2025/10/temperaturas-extremas-y-precipitaciones-2025x10x16-a.pdf
2025-10-16,046,ARPT. DE PUNTA CANA,LA ALTAGRACIA,INDOMET,EMCI,32.2,23.6,1.6,https://indomet.gob.do/wp-content/uploads/2025/10/temperaturas-extremas-y-precipitaciones-2025x10x16-a.pdf
2025-10-16,047,JUMA BEJUCAL,MONSEÑOR NOUEL,IDIAF,EMCV,34.8,22.0,1.4,https://indomet.gob.do/wp-content/uploads/2025/10/temperaturas-extremas-y-precipitaciones-2025x10x16-a.pdf
2025-10-16,048,BONAO,MONSEÑOR NOUEL,MINISTERIO DE AGRICULTURA,EMCV,,,1.3,https://indomet.gob.do/wp-content/uploads/2025/10/temperaturas-extremas-y-precipitaciones-2025x10x16-a.pdf
2025-10-16,049,LA VICTORIA,SANTO DOMINGO,CUERPO DE BOMBEROS,EMCI,36.0,22.0,1.2,https://indomet.gob.do/wp-content/uploads/2025/10/temperaturas-extremas-y-precipitaciones-2025x10x16-a.pdf
2025-10-16,050,LOS LLANOS,SAN PEDRO DE MACORÍS,MINISTERIO DE AGRICULTURA,EMCI,33.7,22.6,1.2,https://indomet.gob.do/wp-content/uploads/2025/10/temperaturas-extremas-y-precipitaciones-2025x10x16-a.pdf
2025-10-16,051,BAYAGUANA,MONTE PLATA,INDOMET,EMCI,33.8,23.4,0.8,https://indomet.gob.do/wp-content/uploads/2025/10/temperaturas-extremas-y-precipitaciones-2025x10x16-a.pdf
2025-10-16,052,BOCA DE MAO (EMA),VALVERDE,MINISTERIO DE AGRICULTURA,EMAP,33.8,22.2,0.8,https://indomet.gob.do/wp-content/uploads/2025/10/temperaturas-extremas-y-precipitaciones-2025x10x16-a.pdf
2025-10-16,053,MONCIÓN (EMA),SANTIAGO RODRÍGUEZ,PROGRAMA MUNDIAL DE ALIMENTO,EMAP,29.9,20.8,0.6,https://indomet.gob.do/wp-content/uploads/2025/10/temperaturas-extremas-y-precipitaciones-2025x10x16-a.pdf
2025-10-16,054,EL FACTOR (EMA),MARÍA TRINIDAD SÁNCHEZ,INTEC,EMAP,35.0,22.1,0.5,https://indomet.gob.do/wp-content/uploads/2025/10/temperaturas-extremas-y-precipitaciones-2025x10x16-a.pdf
2025-10-16,055,LA VEGA,LA VEGA,IATESA,EMCI,34.8,22.0,0.5,https://indomet.gob.do/wp-content/uploads/2025/10/temperaturas-extremas-y-precipitaciones-2025x10x16-a.pdf
2025-10-16,056,MONTE CRISTI,MONTE CRISTI,INDOMET,EMCI,35.2,23.0,0.4,https://indomet.gob.do/wp-content/uploads/2025/10/temperaturas-extremas-y-precipitaciones-2025x10x16-a.pdf
2025-10-16,057,ANAMUYA (EMA),LA ALTAGRACIA,MINISTERIO DE AGRICULTURA,EMAP,32.1,23.8,0.2,https://indomet.gob.do/wp-content/uploads/2025/10/temperaturas-extremas-y-precipitaciones-2025x10x16-a.pdf
2025-10-16,058,HONDO VALLE,ELÍAS PIÑA,MINISTERIO DE AGRICULTURA,EMCI,27.8,18.9,0.1,https://indomet.gob.do/wp-content/uploads/2025/10/temperaturas-extremas-y-precipitaciones-2025x10x16-a.pdf
2025-10-16,059,ALTAMIRA,PUERTO PLATA,HOSP. MPAL. DE ALTAMIRA,EMCI,31.6,21.5,0.0,https://indomet.gob.do/wp-content/uploads/2025/10/temperaturas-extremas-y-precipitaciones-2025x10x16-a.pdf
2025-10-16,060,ARPT. DE LA ROMANA,LA ROMANA,INDOMET,EMCI,31.7,21.9,0.0,https://indomet.gob.do/wp-content/uploads/2025/10/temperaturas-extremas-y-precipitaciones-2025x10x16-a.pdf
2025-10-16,061,ARPT. GREGORIO LUPERÓN,PUERTO PLATA,INDOMET,EMCI,32.0,23.4,0.0,https://indomet.gob.do/wp-content/uploads/2025/10/temperaturas-extremas-y-precipitaciones-2025x10x16-a.pdf
2025-10-16,062,ARPT. MARÍA MONTEZ,BARAHONA,INDOMET,EMCI,33.2,24.2,0.0,https://indomet.gob.do/wp-content/uploads/2025/10/temperaturas-extremas-y-precipitaciones-2025x10x16-a.pdf
2025-10-16,063,CABRERA,MARÍA TRINIDAD SÁNCHEZ,ESCUELA ARÍSTIDES FIALLO CABRAL,EMCI,34.1,26.5,0.0,https://indomet.gob.do/wp-content/uploads/2025/10/temperaturas-extremas-y-precipitaciones-2025x10x16-a.pdf
2025-10-16,064,HATO MAYOR,HATO MAYOR,MINISTERIO DE AGRICULTURA,EMCV,,,0.0,https://indomet.gob.do/wp-content/uploads/2025/10/temperaturas-extremas-y-precipitaciones-2025x10x16-a.pdf
2025-10-16,065,JIMANÍ,INDEPENDENCIA,MINISTERIO DE AGRICULTURA,EMCI,35.6,25.4,0.0,https://indomet.gob.do/wp-content/uploads/2025/10/temperaturas-extremas-y-precipitaciones-2025x10x16-a.pdf
2025-10-16,066,LAS CANAS (EMA),MONTE CRISTI,PROGRAMA MUNDIAL DE ALIMENTO,EMAP,32.2,21.7,0.0,https://indomet.gob.do/wp-content/uploads/2025/10/temperaturas-extremas-y-precipitaciones-2025x10x16-a.pdf
2025-10-16,067,LOS TRES CHARCOS (EMA),PEDERNALES,PROPIEDAD DEL VOLUNTARIO,EMAP,33.4,22.8,0.0,https://indomet.gob.do/wp-content/uploads/2025/10/temperaturas-extremas-y-precipitaciones-2025x10x16-a.pdf
2025-10-16,068,OVIEDO,PEDERNALES,CLÍNICA RURAL OVIEDO,EMCI,34.5,23.0,0.0,https://indomet.gob.do/wp-content/uploads/2025/10/temperaturas-extremas-y-precipitaciones-2025x10x16-a.pdf
2025-10-16,069,PEDERNALES,PEDERNALES,INDRHI,EMCI,,,0.0,https://indomet.gob.do/wp-content/uploads/2025/10/temperaturas-extremas-y-precipitaciones-2025x10x16-a.pdf
2025-10-16,070,PRESA DE TAVERAS (EMA),LA VEGA,PROGRAMA MUNDIAL DE ALIMENTO,EMAP,33.3,24.2,0.0,https://indomet.gob.do/wp-content/uploads/2025/10/temperaturas-extremas-y-precipitaciones-2025x10x16-a.pdf
2025-10-16,071,RÍO SAN JUAN,MARÍA TRINIDAD SÁNCHEZ,HOSP. MPAL. DR. DESIDERIO ACOSTA,EMCV,33.3,23.5,0.0,https://indomet.gob.do/wp-content/uploads/2025/10/temperaturas-extremas-y-precipitaciones-2025x10x16-a.pdf
2025-10-16,072,SAMANÁ,SAMANÁ,COMANDANCIA DE PUERTO DE SAMANÁ,EMCI,34.0,19.9,0.0,https://indomet.gob.do/wp-content/uploads/2025/10/temperaturas-extremas-y-precipitaciones-2025x10x16-a.pdf
2025-10-16,073,SAN RAFAEL DEL YUMA,LA ALTAGRACIA,MINISTERIO DE AGRICULTURA,EMCI,33.7,23.8,0.0,https://indomet.gob.do/wp-content/uploads/2025/10/temperaturas-extremas-y-precipitaciones-2025x10x16-a.pdf
2025-10-16,074,PONTÓN ABAJO (EMA),LA VEGA,MINISTERIO DE AGRICULTURA,EMAP,36.5,22.4,0.0,https://indomet.gob.do/wp-content/uploads/2025/10/temperaturas-extremas-y-precipitaciones-2025x10x16-a.pdf
2025-10-16,075,LAS MATAS DE SANTA CRUZ (EMA,MONTE CRISTI,PROGRAMA MUNDIAL DE ALIMENTO,EMAP,,,0.0,https://indomet.gob.do/wp-content/uploads/2025/10/temperaturas-extremas-y-precipitaciones-2025x10x16-a.pdf
2025-10-16,076,OLIVARES,PEDERNALES,INDRHI,EMCI,,,0.0,https://indomet.gob.do/wp-content/uploads/2025/10/temperaturas-extremas-y-precipitaciones-2025x10x16-a.pdf
2025-10-16,077,PESCADERIA (EMA),BARAHONA,MINISTERIO DE AGRICULTURA,EMAP,,,0.0,https://indomet.gob.do/wp-content/uploads/2025/10/temperaturas-extremas-y-precipitaciones-2025x10x16-a.pdf
2025-10-17,001,ALTAMIRA,PUERTO PLATA,HOSP. MPAL. DE ALTAMIRA,EMCI,32.3,19.7,96.4,https://indomet.gob.do/wp-content/uploads/2025/10/temperaturas-extremas-y-precipitaciones-2025x10x17-a.pdf
2025-10-17,002,EL FACTOR (EMA),MARÍA TRINIDAD SÁNCHEZ,INTEC,EMAP,34.7,22.6,79.8,https://indomet.gob.do/wp-content/uploads/2025/10/temperaturas-extremas-y-precipitaciones-2025x10x17-a.pdf
2025-10-17,003,ARPT. EL CATEY,SAMANÁ,INDOMET,EMCI,33.4,21.6,78.5,https://indomet.gob.do/wp-content/uploads/2025/10/temperaturas-extremas-y-precipitaciones-2025x10x17-a.pdf
2025-10-17,004,ARPT. ARROYO BARRIL,SAMANÁ,INDOMET,EMCI,32.8,22.4,68.3,https://indomet.gob.do/wp-content/uploads/2025/10/temperaturas-extremas-y-precipitaciones-2025x10x17-a.pdf
2025-10-17,005,SÁNCHEZ,SAMANÁ,MINISTERIO DE AGRICULTURA,EMCI,33.5,21.4,61.6,https://indomet.gob.do/wp-content/uploads/2025/10/temperaturas-extremas-y-precipitaciones-2025x10x17-a.pdf
2025-10-17,006,NAVARRETE,SANTIAGO,MINISTERIO DE AGRICULTURA,EMCV,,,51.1,https://indomet.gob.do/wp-content/uploads/2025/10/temperaturas-extremas-y-precipitaciones-2025x10x17-a.pdf
2025-10-17,007,VILLA GONZALES,SANTIAGO,MINISTERIO DE AGRICULTURA,EMCI,,,46.2,https://indomet.gob.do/wp-content/uploads/2025/10/temperaturas-extremas-y-precipitaciones-2025x10x17-a.pdf
2025-10-17,008,BAYAGUANA,MONTE PLATA,INDOMET,EMCI,33.6,22.0,43.1,https://indomet.gob.do/wp-content/uploads/2025/10/temperaturas-extremas-y-precipitaciones-2025x10x17-a.pdf
2025-10-17,009,SABANA DE LA MAR,HATO MAYOR,INDOMET,EMCI,33.0,22.0,42.3,https://indomet.gob.do/wp-content/uploads/2025/10/temperaturas-extremas-y-precipitaciones-2025x10x17-a.pdf
2025-10-17,010,BUCARA (EMA),SANTIAGO,MINISTERIO DE AGRICULTURA,EMAI,,,41.9,https://indomet.gob.do/wp-content/uploads/2025/10/temperaturas-extremas-y-precipitaciones-2025x10x17-a.pdf
2025-10-17,011,VILLA GONZALE (EMA),SANTIAGO,IGLESIA,EMAI,,,33.8,https://indomet.gob.do/wp-content/uploads/2025/10/temperaturas-extremas-y-precipitaciones-2025x10x17-a.pdf
2025-10-17,012,ARPT. DEL CIBAO,SANTIAGO,INDOMET,EMCI,34.0,21.5,32.0,https://indomet.gob.do/wp-content/uploads/2025/10/temperaturas-extremas-y-precipitaciones-2025x10x17-a.pdf
2025-10-17,013,BASE AÉREA DE SAN ISIDRO,SANTO DOMINGO,FUERZA AÉREA DOMINICANA,EMCV,30.0,24.5,30.0,https://indomet.gob.do/wp-content/uploads/2025/10/temperaturas-extremas-y-precipitaciones-2025x10x17-a.pdf
2025-10-17,014,ARPT. GREGORIO LUPERÓN,PUERTO PLATA,INDOMET,EMCI,31.5,21.5,27.0,https://indomet.gob.do/wp-content/uploads/2025/10/temperaturas-extremas-y-precipitaciones-2025x10x17-a.pdf
2025-10-17,015,SANTO DOMINGO ESTE,SANTO DOMINGO,INDOMET,EMCI,32.7,24.5,23.6,https://indomet.gob.do/wp-content/uploads/2025/10/temperaturas-extremas-y-precipitaciones-2025x10x17-a.pdf
2025-10-17,016,RÍO SAN JUAN,MARÍA TRINIDAD SÁNCHEZ,HOSP. MPAL. DR. DESIDERIO ACOSTA,EMCV,33.9,23.0,23.2,https://indomet.gob.do/wp-content/uploads/2025/10/temperaturas-extremas-y-precipitaciones-2025x10x17-a.pdf
2025-10-17,017,ARPT. MARÍA MONTEZ,BARAHONA,INDOMET,EMCI,31.8,23.0,23.0,https://indomet.gob.do/wp-content/uploads/2025/10/temperaturas-extremas-y-precipitaciones-2025x10x17-a.pdf
2025-10-17,018,SAMANÁ,SAMANÁ,COMANDANCIA DE PUERTO DE SAMANÁ,EMCI,33.8,20.0,23.0,https://indomet.gob.do/wp-content/uploads/2025/10/temperaturas-extremas-y-precipitaciones-2025x10x17-a.pdf
2025-10-17,019,VILLA RIVA,DUARTE,HOSP. MPAL. ALICIA DE LEGENDRE,EMCI,32.5,21.0,20.8,https://indomet.gob.do/wp-content/uploads/2025/10/temperaturas-extremas-y-precipitaciones-2025x10x17-a.pdf
2025-10-17,020,ARPT. DE LAS AMÉRICAS,SANTO DOMINGO,INDOMET,EMCI,31.5,22.5,19.7,https://indomet.gob.do/wp-content/uploads/2025/10/temperaturas-extremas-y-precipitaciones-2025x10x17-a.pdf
2025-10-17,021,SANTIAGO,SANTIAGO,HUACALITO,EMCI,,,18.2,https://indomet.gob.do/wp-content/uploads/2025/10/temperaturas-extremas-y-precipitaciones-2025x10x17-a.pdf
2025-10-17,022,JIMA ABAJO,LA VEGA,INDOMET,EMCI,35.0,21.0,17.6,https://indomet.gob.do/wp-content/uploads/2025/10/temperaturas-extremas-y-precipitaciones-2025x10x17-a.pdf
2025-10-17,023,DAJABÓN,DAJABÓN,INSTITUTO POLITÉCNICO LOYOLA,EMCI,33.1,20.5,16.6,https://indomet.gob.do/wp-content/uploads/2025/10/temperaturas-extremas-y-precipitaciones-2025x10x17-a.pdf
2025-10-17,024,PALO ÍNDIO,PUERTO PLATA,MINISTERIO DE AGRICULTURA,EMCI,,,16.0,https://indomet.gob.do/wp-content/uploads/2025/10/temperaturas-extremas-y-precipitaciones-2025x10x17-a.pdf
2025-10-17,025,CENTRO DE LOS HEROES (EMA),DISTRITO NACIONAL,MINISTERIO DE ENERGIA Y MINA,EMAP,32.2,23.9,15.8,https://indomet.gob.do/wp-content/uploads/2025/10/temperaturas-extremas-y-precipitaciones-2025x10x17-a.pdf
2025-10-17,026,BONAO,MONSEÑOR NOUEL,MINISTERIO DE AGRICULTURA,EMCV,,,15.8,https://indomet.gob.do/wp-content/uploads/2025/10/temperaturas-extremas-y-precipitaciones-2025x10x17-a.pdf
2025-10-17,027,PERALTA,AZUA,HOSP. MPAL. DE PERALTA,EMCI,31.7,18.5,15.0,https://indomet.gob.do/wp-content/uploads/2025/10/temperaturas-extremas-y-precipitaciones-2025x10x17-a.pdf
2025-10-17,028,MOCA,ESPAILLAT,MINISTERIO DE AGRICULTURA,EMCV,,,14.0,https://indomet.gob.do/wp-content/uploads/2025/10/temperaturas-extremas-y-precipitaciones-2025x10x17-a.pdf
2025-10-17,029,SABANA GRANDE DE BOYÁ,MONTE PLATA,MINISTERIO DE AGRICULTURA,EMCV,,,14.0,https://indomet.gob.do/wp-content/uploads/2025/10/temperaturas-extremas-y-precipitaciones-2025x10x17-a.pdf
2025-10-17,030,LA VICTORIA,SANTO DOMINGO,CUERPO DE BOMBEROS,EMCI,33.0,22.0,13.7,https://indomet.gob.do/wp-content/uploads/2025/10/temperaturas-extremas-y-precipitaciones-2025x10x17-a.pdf
2025-10-17,031,ALTO BANDERA (EMA),LA VEGA,INTEC,EMAP,17.5,9.3,13.2,https://indomet.gob.do/wp-content/uploads/2025/10/temperaturas-extremas-y-precipitaciones-2025x10x17-a.pdf
2025-10-17,032,SALCEDO,HERMANAS MIRABAL,PROPIEDAD DEL EMPLEADO,EMCI,,,12.9,https://indomet.gob.do/wp-content/uploads/2025/10/temperaturas-extremas-y-precipitaciones-2025x10x17-a.pdf
2025-10-17,033,GASPAR HERNÁNDEZ,ESPAILLAT,PROPIEDAD DEL EMPLEADO,EMCI,,,12.6,https://indomet.gob.do/wp-content/uploads/2025/10/temperaturas-extremas-y-precipitaciones-2025x10x17-a.pdf
2025-10-17,034,TÁBARA ABAJO,AZUA,INDRHI,EMCI,34.5,22.3,12.4,https://indomet.gob.do/wp-content/uploads/2025/10/temperaturas-extremas-y-precipitaciones-2025x10x17-a.pdf
2025-10-17,035,RANCHO ARRIBA,SAN JOSÉ DE OCOA,CENTRO TECNOLÓGICO COMUNITARIO,EMCI,29.8,19.1,12.3,https://indomet.gob.do/wp-content/uploads/2025/10/temperaturas-extremas-y-precipitaciones-2025x10x17-a.pdf
2025-10-17,036,VILLA ALTAGRACIA,SAN CRISTÓBAL,ESCUELA JAVIER ANGULO GURIDI,EMCI,,,11.4,https://indomet.gob.do/wp-content/uploads/2025/10/temperaturas-extremas-y-precipitaciones-2025x10x17-a.pdf
2025-10-17,037,VALLE NUEVO (EMA),LA VEGA,MARENA,EMAI,20.7,8.2,10.0,https://indomet.gob.do/wp-content/uploads/2025/10/temperaturas-extremas-y-precipitaciones-2025x10x17-a.pdf
2025-10-17,038,GURABO,SANTIAGO,MINISTERIO DE AGRICULTURA,EMCV,,,9.7,https://indomet.gob.do/wp-content/uploads/2025/10/temperaturas-extremas-y-precipitaciones-2025x10x17-a.pdf
2025-10-17,039,SABANETA (EMA),SANTIAGO RODRÍGUEZ,PROGRAMA MUNDIAL DE ALIMENTO,EMAP,33.5,21.6,9.6,https://indomet.gob.do/wp-content/uploads/2025/10/temperaturas-extremas-y-precipitaciones-2025x10x17-a.pdf
2025-10-17,040,JARDÍN BOTÁNICO SANTIAGO (EMSANTIAGO,,JARDIN BOTANICO SANTIAGO,EMAI,25.6,20.6,9.6,https://indomet.gob.do/wp-content/uploads/2025/10/temperaturas-extremas-y-precipitaciones-2025x10x17-a.pdf
2025-10-17,041,MICHES (EMA),EL SEIBO,PRIVADA,EMAP,32.6,22.2,9.4,https://indomet.gob.do/wp-content/uploads/2025/10/temperaturas-extremas-y-precipitaciones-2025x10x17-a.pdf
2025-10-17,042,SANTIAGO RODRÍGUEZ,SANTIAGO RODRÍGUEZ,INDOMET,EMCI,34.1,22.0,8.5,https://indomet.gob.do/wp-content/uploads/2025/10/temperaturas-extremas-y-precipitaciones-2025x10x17-a.pdf
2025-10-17,043,CABRERA,MARÍA TRINIDAD SÁNCHEZ,ESCUELA ARÍSTIDES FIALLO CABRAL,EMCI,34.3,25.3,8.2,https://indomet.gob.do/wp-content/uploads/2025/10/temperaturas-extremas-y-precipitaciones-2025x10x17-a.pdf
2025-10-17,044,LOS LLANOS,SAN PEDRO DE MACORÍS,MINISTERIO DE AGRICULTURA,EMCI,33.9,21.8,8.0,https://indomet.gob.do/wp-content/uploads/2025/10/temperaturas-extremas-y-precipitaciones-2025x10x17-a.pdf
2025-10-17,045,VILLA ISABELA,PUERTO PLATA,MINISTERIO DE AGRICULTURA,EMCV,,,6.9,https://indomet.gob.do/wp-content/uploads/2025/10/temperaturas-extremas-y-precipitaciones-2025x10x17-a.pdf
2025-10-17,046,JUMA BEJUCAL,MONSEÑOR NOUEL,IDIAF,EMCV,33.0,21.6,6.2,https://indomet.gob.do/wp-content/uploads/2025/10/temperaturas-extremas-y-precipitaciones-2025x10x17-a.pdf
2025-10-17,047,CABRAL,BARAHONA,MINISTERIO DE AGRICULTURA,EMCV,33.9,23.0,5.8,https://indomet.gob.do/wp-content/uploads/2025/10/temperaturas-extremas-y-precipitaciones-2025x10x17-a.pdf
2025-10-17,048,JARABACOA (EMA),LA VEGA,PROGRAMA MUNDIAL DE ALIMENTO,EMAP,30.6,19.2,5.0,https://indomet.gob.do/wp-content/uploads/2025/10/temperaturas-extremas-y-precipitaciones-2025x10x17-a.pdf
2025-10-17,049,SAN JOSÉ DE OCOA,SAN JOSÉ DE OCOA,HOSP. SAN JOSÉ DE OCOA,EMCI,30.1,18.2,4.8,https://indomet.gob.do/wp-content/uploads/2025/10/temperaturas-extremas-y-precipitaciones-2025x10x17-a.pdf
2025-10-17,050,JARABACOA,LA VEGA,INDRHI / MARENA,EMCI,32.0,18.0,4.7,https://indomet.gob.do/wp-content/uploads/2025/10/temperaturas-extremas-y-precipitaciones-2025x10x17-a.pdf
2025-10-17,051,ARPT. LA ISABELA,SANTO DOMINGO,INDOMET,EMCI,34.0,21.4,4.5,https://indomet.gob.do/wp-content/uploads/2025/10/temperaturas-extremas-y-precipitaciones-2025x10x17-a.pdf
2025-10-17,052,LA VEGA,LA VEGA,IATESA,EMCI,34.5,22.0,4.5,https://indomet.gob.do/wp-content/uploads/2025/10/temperaturas-extremas-y-precipitaciones-2025x10x17-a.pdf
2025-10-17,053,RESTAURACIÓN,DAJABÓN,MINISTERIO DE AGRICULTURA,EMCI,32.0,16.8,4.1,https://indomet.gob.do/wp-content/uploads/2025/10/temperaturas-extremas-y-precipitaciones-2025x10x17-a.pdf
2025-10-17,054,HONDO VALLE,ELÍAS PIÑA,MINISTERIO DE AGRICULTURA,EMCI,27.4,18.8,3.7,https://indomet.gob.do/wp-content/uploads/2025/10/temperaturas-extremas-y-precipitaciones-2025x10x17-a.pdf
2025-10-17,055,MAO,VALVERDE,INDRHI / MINISTERIO DE AGRICULTURA,EMCV,,,3.7,https://indomet.gob.do/wp-content/uploads/2025/10/temperaturas-extremas-y-precipitaciones-2025x10x17-a.pdf
2025-10-17,056,SAN CRISTÓBAL,SAN CRISTÓBAL,INSTITUTO POLITÉCNICO LOYOLA,EMCI,34.0,20.2,2.5,https://indomet.gob.do/wp-content/uploads/2025/10/temperaturas-extremas-y-precipitaciones-2025x10x17-a.pdf
2025-10-17,057,CONSTANZA,LA VEGA,MINISTERIO DE AGRICULTURA,EMCI,29.4,13.7,2.3,https://indomet.gob.do/wp-content/uploads/2025/10/temperaturas-extremas-y-precipitaciones-2025x10x17-a.pdf
2025-10-17,058,ARROYO LORO,SAN JUAN,IDIAF,EMCI,32.9,20.7,1.9,https://indomet.gob.do/wp-content/uploads/2025/10/temperaturas-extremas-y-precipitaciones-2025x10x17-a.pdf
2025-10-17,059,CONSTANZA (EMA),LA VEGA,PROGRAMA MUNDIAL DE ALIMENTO,EMAP,28.0,15.3,1.8,https://indomet.gob.do/wp-content/uploads/2025/10/temperaturas-extremas-y-precipitaciones-2025x10x17-a.pdf
2025-10-17,060,SAN RAFAEL DEL YUMA,LA ALTAGRACIA,MINISTERIO DE AGRICULTURA,EMCI,33.8,22.0,1.1,https://indomet.gob.do/wp-content/uploads/2025/10/temperaturas-extremas-y-precipitaciones-2025x10x17-a.pdf
2025-10-17,061,PADRE LAS CASAS,AZUA,HOSP. NTRA. SRA. DEL CARMEN,EMCI,32.5,19.5,0.8,https://indomet.gob.do/wp-content/uploads/2025/10/temperaturas-extremas-y-precipitaciones-2025x10x17-a.pdf
2025-10-17,062,PRESA DE TAVERAS (EMA),LA VEGA,PROGRAMA MUNDIAL DE ALIMENTO,EMAP,32.8,21.2,0.8,https://indomet.gob.do/wp-content/uploads/2025/10/temperaturas-extremas-y-precipitaciones-2025x10x17-a.pdf
2025-10-17,063,HATO MAYOR,HATO MAYOR,MINISTERIO DE AGRICULTURA,EMCV,,,0.7,https://indomet.gob.do/wp-content/uploads/2025/10/temperaturas-extremas-y-precipitaciones-2025x10x17-a.pdf
2025-10-17,064,LOS TRES CHARCOS (EMA),PEDERNALES,PROPIEDAD DEL VOLUNTARIO,EMAP,,,0.6,https://indomet.gob.do/wp-content/uploads/2025/10/temperaturas-extremas-y-precipitaciones-2025x10x17-a.pdf
2025-10-17,065,MONCIÓN (EMA),SANTIAGO RODRÍGUEZ,PROGRAMA MUNDIAL DE ALIMENTO,EMAP,29.9,19.8,0.6,https://indomet.gob.do/wp-content/uploads/2025/10/temperaturas-extremas-y-precipitaciones-2025x10x17-a.pdf
2025-10-17,066,BOCA DE MAO (EMA),VALVERDE,MINISTERIO DE AGRICULTURA,EMAP,35.3,21.9,0.5,https://indomet.gob.do/wp-content/uploads/2025/10/temperaturas-extremas-y-precipitaciones-2025x10x17-a.pdf
2025-10-17,067,ARPT. DE PUNTA CANA,LA ALTAGRACIA,INDOMET,EMCI,32.2,22.2,0.4,https://indomet.gob.do/wp-content/uploads/2025/10/temperaturas-extremas-y-precipitaciones-2025x10x17-a.pdf
2025-10-17,068,OVIEDO,PEDERNALES,CLÍNICA RURAL OVIEDO,EMCI,33.7,23.0,0.4,https://indomet.gob.do/wp-content/uploads/2025/10/temperaturas-extremas-y-precipitaciones-2025x10x17-a.pdf
2025-10-17,069,BANI (EMA),PERAVIA,MINISTERIO DE AGRICULTURA,EMAP,33.6,23.1,0.2,https://indomet.gob.do/wp-content/uploads/2025/10/temperaturas-extremas-y-precipitaciones-2025x10x17-a.pdf
2025-10-17,070,ANAMUYA (EMA),LA ALTAGRACIA,MINISTERIO DE AGRICULTURA,EMAP,32.9,22.3,0.0,https://indomet.gob.do/wp-content/uploads/2025/10/temperaturas-extremas-y-precipitaciones-2025x10x17-a.pdf
2025-10-17,071,ARPT. DE LA ROMANA,LA ROMANA,INDOMET,EMCI,31.7,22.5,0.0,https://indomet.gob.do/wp-content/uploads/2025/10/temperaturas-extremas-y-precipitaciones-2025x10x17-a.pdf
2025-10-17,072,ENRIQUILLO,BARAHONA,MINISTERIO DE AGRICULTURA,EMCV,34.5,24.0,0.0,https://indomet.gob.do/wp-content/uploads/2025/10/temperaturas-extremas-y-precipitaciones-2025x10x17-a.pdf
2025-10-17,073,JIMANÍ,INDEPENDENCIA,MINISTERIO DE AGRICULTURA,EMCI,35.4,25.4,0.0,https://indomet.gob.do/wp-content/uploads/2025/10/temperaturas-extremas-y-precipitaciones-2025x10x17-a.pdf
2025-10-17,074,LAS CANAS (EMA),MONTE CRISTI,PROGRAMA MUNDIAL DE ALIMENTO,EMAP,32.0,21.8,0.0,https://indomet.gob.do/wp-content/uploads/2025/10/temperaturas-extremas-y-precipitaciones-2025x10x17-a.pdf
2025-10-17,075,LAS MATAS DE SANTA CRUZ (EMA,MONTE CRISTI,PROGRAMA MUNDIAL DE ALIMENTO,EMAP,,,0.0,https://indomet.gob.do/wp-content/uploads/2025/10/temperaturas-extremas-y-precipitaciones-2025x10x17-a.pdf
2025-10-17,076,MONTE CRISTI,MONTE CRISTI,INDOMET,EMCI,33.8,23.3,0.0,https://indomet.gob.do/wp-content/uploads/2025/10/temperaturas-extremas-y-precipitaciones-2025x10x17-a.pdf
2025-10-17,077,OLIVARES,PEDERNALES,INDRHI,EMCI,,,0.0,https://indomet.gob.do/wp-content/uploads/2025/10/temperaturas-extremas-y-precipitaciones-2025x10x17-a.pdf
2025-10-17,078,PEDERNALES,PEDERNALES,INDRHI,EMCI,,,0.0,https://indomet.gob.do/wp-content/uploads/2025/10/temperaturas-extremas-y-precipitaciones-2025x10x17-a.pdf
2025-10-17,079,PESCADERIA (EMA),BARAHONA,MINISTERIO DE AGRICULTURA,EMAP,,,0.0,https://indomet.gob.do/wp-content/uploads/2025/10/temperaturas-extremas-y-precipitaciones-2025x10x17-a.pdf
2025-10-17,080,POLO,BARAHONA,INDOCAFE,EMCI,31.0,19.0,0.0,https://indomet.gob.do/wp-content/uploads/2025/10/temperaturas-extremas-y-precipitaciones-2025x10x17-a.pdf
2025-10-17,081,PONTÓN ABAJO (EMA),LA VEGA,MINISTERIO DE AGRICULTURA,EMAP,34.8,22.6,0.0,https://indomet.gob.do/wp-content/uploads/2025/10/temperaturas-extremas-y-precipitaciones-2025x10x17-a.pdf
2025-10-17,082,SAJOMA (EMA),SANTIAGO,PLAN SIERRA,EMAI,24.9,18.8,0.0,https://indomet.gob.do/wp-content/uploads/2025/10/temperaturas-extremas-y-precipitaciones-2025x10x17-a.pdf
2025-10-17,083,VILLA VASQUEZ (EMA),MONTE CRISTI,JUNTA DE REGANTES,EMAI,,,0.0,https://indomet.gob.do/wp-content/uploads/2025/10/temperaturas-extremas-y-precipitaciones-2025x10x17-a.pdf
2025-10-18,001,JIMA ABAJO,LA VEGA,INDOMET,EMCI,33.5,20.5,50.8,https://indomet.gob.do/wp-content/uploads/2025/10/temperaturas-extremas-y-precipitaciones-2025x10x18-a.pdf
2025-10-18,002,MOCA,ESPAILLAT,MINISTERIO DE AGRICULTURA,EMCV,,,35.0,https://indomet.gob.do/wp-content/uploads/2025/10/temperaturas-extremas-y-precipitaciones-2025x10x18-a.pdf
2025-10-18,003,SALCEDO,HERMANAS MIRABAL,PROPIEDAD DEL EMPLEADO,EMCI,,,30.8,https://indomet.gob.do/wp-content/uploads/2025/10/temperaturas-extremas-y-precipitaciones-2025x10x18-a.pdf
2025-10-18,004,PALO ÍNDIO,PUERTO PLATA,MINISTERIO DE AGRICULTURA,EMCI,,,29.0,https://indomet.gob.do/wp-content/uploads/2025/10/temperaturas-extremas-y-precipitaciones-2025x10x18-a.pdf
2025-10-18,005,JIMANÍ,INDEPENDENCIA,MINISTERIO DE AGRICULTURA,EMCI,35.0,24.2,25.8,https://indomet.gob.do/wp-content/uploads/2025/10/temperaturas-extremas-y-precipitaciones-2025x10x18-a.pdf
2025-10-18,006,SANTIAGO,SANTIAGO,HUACALITO,EMCI,,,23.4,https://indomet.gob.do/wp-content/uploads/2025/10/temperaturas-extremas-y-precipitaciones-2025x10x18-a.pdf
2025-10-18,007,JUMA BEJUCAL,MONSEÑOR NOUEL,IDIAF,EMCV,32.8,22.0,21.7,https://indomet.gob.do/wp-content/uploads/2025/10/temperaturas-extremas-y-precipitaciones-2025x10x18-a.pdf
2025-10-18,008,NAVARRETE,SANTIAGO,MINISTERIO DE AGRICULTURA,EMCV,,,20.8,https://indomet.gob.do/wp-content/uploads/2025/10/temperaturas-extremas-y-precipitaciones-2025x10x18-a.pdf
2025-10-18,009,ARPT. DEL CIBAO,SANTIAGO,INDOMET,EMCI,33.2,21.0,20.2,https://indomet.gob.do/wp-content/uploads/2025/10/temperaturas-extremas-y-precipitaciones-2025x10x18-a.pdf
2025-10-18,010,CABRAL,BARAHONA,MINISTERIO DE AGRICULTURA,EMCV,32.4,23.4,14.6,https://indomet.gob.do/wp-content/uploads/2025/10/temperaturas-extremas-y-precipitaciones-2025x10x18-a.pdf
2025-10-18,011,CABRERA,MARÍA TRINIDAD SÁNCHEZ,ESCUELA ARÍSTIDES FIALLO CABRAL,EMCI,34.0,23.5,13.6,https://indomet.gob.do/wp-content/uploads/2025/10/temperaturas-extremas-y-precipitaciones-2025x10x18-a.pdf
2025-10-18,012,ELÍAS PIÑA,ELÍAS PIÑA,MINISTERIO DE AGRICULTURA,EMCV,,,12.4,https://indomet.gob.do/wp-content/uploads/2025/10/temperaturas-extremas-y-precipitaciones-2025x10x18-a.pdf
2025-10-18,013,DAJABÓN,DAJABÓN,INSTITUTO POLITÉCNICO LOYOLA,EMCI,35.1,19.3,9.4,https://indomet.gob.do/wp-content/uploads/2025/10/temperaturas-extremas-y-precipitaciones-2025x10x18-a.pdf
2025-10-18,014,PRESA DE TAVERAS (EMA),LA VEGA,PROGRAMA MUNDIAL DE ALIMENTO,EMAP,30.9,21.2,7.0,https://indomet.gob.do/wp-content/uploads/2025/10/temperaturas-extremas-y-precipitaciones-2025x10x18-a.pdf
2025-10-18,015,RANCHO ARRIBA,SAN JOSÉ DE OCOA,CENTRO TECNOLÓGICO COMUNITARIO,EMCI,30.4,19.5,6.3,https://indomet.gob.do/wp-content/uploads/2025/10/temperaturas-extremas-y-precipitaciones-2025x10x18-a.pdf
2025-10-18,016,ARPT. GREGORIO LUPERÓN,PUERTO PLATA,INDOMET,EMCI,31.6,21.0,5.5,https://indomet.gob.do/wp-content/uploads/2025/10/temperaturas-extremas-y-precipitaciones-2025x10x18-a.pdf
2025-10-18,017,ALTO BANDERA (EMA),LA VEGA,INTEC,EMAP,17.6,9.4,3.8,https://indomet.gob.do/wp-content/uploads/2025/10/temperaturas-extremas-y-precipitaciones-2025x10x18-a.pdf
2025-10-18,018,SAN JOSÉ DE OCOA,SAN JOSÉ DE OCOA,HOSP. SAN JOSÉ DE OCOA,EMCI,31.2,17.9,3.2,https://indomet.gob.do/wp-content/uploads/2025/10/temperaturas-extremas-y-precipitaciones-2025x10x18-a.pdf
2025-10-18,019,VALLE NUEVO (EMA),LA VEGA,MARENA,EMAI,20.7,6.2,2.8,https://indomet.gob.do/wp-content/uploads/2025/10/temperaturas-extremas-y-precipitaciones-2025x10x18-a.pdf
2025-10-18,020,RÍO SAN JUAN,MARÍA TRINIDAD SÁNCHEZ,HOSP. MPAL. DR. DESIDERIO ACOSTA,EMCV,33.4,23.3,2.6,https://indomet.gob.do/wp-content/uploads/2025/10/temperaturas-extremas-y-precipitaciones-2025x10x18-a.pdf
2025-10-18,021,LUPERÓN,PUERTO PLATA,MINISTERIO DE AGRICULTURA,EMCV,,,2.3,https://indomet.gob.do/wp-content/uploads/2025/10/temperaturas-extremas-y-precipitaciones-2025x10x18-a.pdf
2025-10-18,022,HONDO VALLE,ELÍAS PIÑA,MINISTERIO DE AGRICULTURA,EMCI,27.2,18.5,1.7,https://indomet.gob.do/wp-content/uploads/2025/10/temperaturas-extremas-y-precipitaciones-2025x10x18-a.pdf
2025-10-18,023,VILLA RIVA,DUARTE,HOSP. MPAL. ALICIA DE LEGENDRE,EMCI,32.0,22.0,1.5,https://indomet.gob.do/wp-content/uploads/2025/10/temperaturas-extremas-y-precipitaciones-2025x10x18-a.pdf
2025-10-18,024,SAN RAFAEL DEL YUMA,LA ALTAGRACIA,MINISTERIO DE AGRICULTURA,EMCI,33.4,23.5,1.2,https://indomet.gob.do/wp-content/uploads/2025/10/temperaturas-extremas-y-precipitaciones-2025x10x18-a.pdf
2025-10-18,025,LA VEGA,LA VEGA,IATESA,EMCI,33.5,22.0,0.9,https://indomet.gob.do/wp-content/uploads/2025/10/temperaturas-extremas-y-precipitaciones-2025x10x18-a.pdf
2025-10-18,026,PADRE LAS CASAS,AZUA,HOSP. NTRA. SRA. DEL CARMEN,EMCI,32.0,19.5,0.7,https://indomet.gob.do/wp-content/uploads/2025/10/temperaturas-extremas-y-precipitaciones-2025x10x18-a.pdf
2025-10-18,027,JARDÍN BOTÁNICO SANTIAGO (EMSANTIAGO,,JARDIN BOTANICO SANTIAGO,EMAI,34.5,22.3,0.6,https://indomet.gob.do/wp-content/uploads/2025/10/temperaturas-extremas-y-precipitaciones-2025x10x18-a.pdf
2025-10-18,028,LOS TRES CHARCOS (EMA),PEDERNALES,PROPIEDAD DEL VOLUNTARIO,EMAP,33.2,22.5,0.6,https://indomet.gob.do/wp-content/uploads/2025/10/temperaturas-extremas-y-precipitaciones-2025x10x18-a.pdf
2025-10-18,029,GURABO,SANTIAGO,MINISTERIO DE AGRICULTURA,EMCV,,,0.5,https://indomet.gob.do/wp-content/uploads/2025/10/temperaturas-extremas-y-precipitaciones-2025x10x18-a.pdf
2025-10-18,030,CONSTANZA,LA VEGA,MINISTERIO DE AGRICULTURA,EMCI,30.0,13.4,0.5,https://indomet.gob.do/wp-content/uploads/2025/10/temperaturas-extremas-y-precipitaciones-2025x10x18-a.pdf
2025-10-18,031,EL FACTOR (EMA),MARÍA TRINIDAD SÁNCHEZ,INTEC,EMAP,32.4,23.4,0.5,https://indomet.gob.do/wp-content/uploads/2025/10/temperaturas-extremas-y-precipitaciones-2025x10x18-a.pdf
2025-10-18,032,ALTAMIRA,PUERTO PLATA,HOSP. MPAL. DE ALTAMIRA,EMCI,31.8,21.4,0.4,https://indomet.gob.do/wp-content/uploads/2025/10/temperaturas-extremas-y-precipitaciones-2025x10x18-a.pdf
2025-10-18,033,BOCA DE MAO (EMA),VALVERDE,MINISTERIO DE AGRICULTURA,EMAP,35.1,22.5,0.4,https://indomet.gob.do/wp-content/uploads/2025/10/temperaturas-extremas-y-precipitaciones-2025x10x18-a.pdf
2025-10-18,034,CONSTANZA (EMA),LA VEGA,PROGRAMA MUNDIAL DE ALIMENTO,EMAP,27.9,14.9,0.4,https://indomet.gob.do/wp-content/uploads/2025/10/temperaturas-extremas-y-precipitaciones-2025x10x18-a.pdf
2025-10-18,035,MICHES (EMA),EL SEIBO,PRIVADA,EMAP,32.4,23.8,0.2,https://indomet.gob.do/wp-content/uploads/2025/10/temperaturas-extremas-y-precipitaciones-2025x10x18-a.pdf
2025-10-18,036,VILLA GONZALE (EMA),SANTIAGO,IGLESIA,EMAI,,,0.2,https://indomet.gob.do/wp-content/uploads/2025/10/temperaturas-extremas-y-precipitaciones-2025x10x18-a.pdf
2025-10-18,037,JARABACOA,LA VEGA,INDRHI / MARENA,EMCI,30.2,17.6,0.1,https://indomet.gob.do/wp-content/uploads/2025/10/temperaturas-extremas-y-precipitaciones-2025x10x18-a.pdf
2025-10-18,038,MONCIÓN (EMA),SANTIAGO RODRÍGUEZ,PROGRAMA MUNDIAL DE ALIMENTO,EMAP,31.2,20.6,0.1,https://indomet.gob.do/wp-content/uploads/2025/10/temperaturas-extremas-y-precipitaciones-2025x10x18-a.pdf
2025-10-18,039,ANAMUYA (EMA),LA ALTAGRACIA,MINISTERIO DE AGRICULTURA,EMAP,33.7,23.9,0.0,https://indomet.gob.do/wp-content/uploads/2025/10/temperaturas-extremas-y-precipitaciones-2025x10x18-a.pdf
2025-10-18,040,ARPT. ARROYO BARRIL,SAMANÁ,INDOMET,EMCI,32.3,24.0,0.0,https://indomet.gob.do/wp-content/uploads/2025/10/temperaturas-extremas-y-precipitaciones-2025x10x18-a.pdf
2025-10-18,041,ARPT. DE LA ROMANA,LA ROMANA,INDOMET,EMCI,33.7,21.0,0.0,https://indomet.gob.do/wp-content/uploads/2025/10/temperaturas-extremas-y-precipitaciones-2025x10x18-a.pdf
2025-10-18,042,ARPT. DE LAS AMÉRICAS,SANTO DOMINGO,INDOMET,EMCI,31.8,22.3,0.0,https://indomet.gob.do/wp-content/uploads/2025/10/temperaturas-extremas-y-precipitaciones-2025x10x18-a.pdf
2025-10-18,043,ARPT. DE PUNTA CANA,LA ALTAGRACIA,INDOMET,EMCI,31.7,22.4,0.0,https://indomet.gob.do/wp-content/uploads/2025/10/temperaturas-extremas-y-precipitaciones-2025x10x18-a.pdf
2025-10-18,044,ARPT. EL CATEY,SAMANÁ,INDOMET,EMCI,30.2,22.0,0.0,https://indomet.gob.do/wp-content/uploads/2025/10/temperaturas-extremas-y-precipitaciones-2025x10x18-a.pdf
2025-10-18,045,ARPT. LA ISABELA,SANTO DOMINGO,INDOMET,EMCI,34.0,21.0,0.0,https://indomet.gob.do/wp-content/uploads/2025/10/temperaturas-extremas-y-precipitaciones-2025x10x18-a.pdf
2025-10-18,046,ARPT. MARÍA MONTEZ,BARAHONA,INDOMET,EMCI,31.6,22.8,0.0,https://indomet.gob.do/wp-content/uploads/2025/10/temperaturas-extremas-y-precipitaciones-2025x10x18-a.pdf
2025-10-18,047,ARROYO LORO,SAN JUAN,IDIAF,EMCI,32.7,20.2,0.0,https://indomet.gob.do/wp-content/uploads/2025/10/temperaturas-extremas-y-precipitaciones-2025x10x18-a.pdf
2025-10-18,048,BANI (EMA),PERAVIA,MINISTERIO DE AGRICULTURA,EMAP,31.9,25.1,0.0,https://indomet.gob.do/wp-content/uploads/2025/10/temperaturas-extremas-y-precipitaciones-2025x10x18-a.pdf
2025-10-18,049,BASE AÉREA DE SAN ISIDRO,SANTO DOMINGO,FUERZA AÉREA DOMINICANA,EMCV,32.5,24.0,0.0,https://indomet.gob.do/wp-content/uploads/2025/10/temperaturas-extremas-y-precipitaciones-2025x10x18-a.pdf
2025-10-18,050,BAYAGUANA,MONTE PLATA,INDOMET,EMCI,33.4,21.6,0.0,https://indomet.gob.do/wp-content/uploads/2025/10/temperaturas-extremas-y-precipitaciones-2025x10x18-a.pdf
2025-10-18,051,BUCARA (EMA),SANTIAGO,MINISTERIO DE AGRICULTURA,EMAI,,,0.0,https://indomet.gob.do/wp-content/uploads/2025/10/temperaturas-extremas-y-precipitaciones-2025x10x18-a.pdf
2025-10-18,052,CENTRO DE LOS HEROES (EMA),DISTRITO NACIONAL,MINISTERIO DE ENERGIA Y MINA,EMAP,31.8,26.6,0.0,https://indomet.gob.do/wp-content/uploads/2025/10/temperaturas-extremas-y-precipitaciones-2025x10x18-a.pdf
2025-10-18,053,ENRIQUILLO,BARAHONA,MINISTERIO DE AGRICULTURA,EMCV,34.0,24.5,0.0,https://indomet.gob.do/wp-content/uploads/2025/10/temperaturas-extremas-y-precipitaciones-2025x10x18-a.pdf
2025-10-18,054,ESCONDIDO,PERAVIA,MINISTERIO DE AGRICULTURA,EMCV,32.0,23.0,0.0,https://indomet.gob.do/wp-content/uploads/2025/10/temperaturas-extremas-y-precipitaciones-2025x10x18-a.pdf
2025-10-18,055,GASPAR HERNÁNDEZ,ESPAILLAT,PROPIEDAD DEL EMPLEADO,EMCI,,,0.0,https://indomet.gob.do/wp-content/uploads/2025/10/temperaturas-extremas-y-precipitaciones-2025x10x18-a.pdf
2025-10-18,056,HATO MAYOR,HATO MAYOR,MINISTERIO DE AGRICULTURA,EMCV,,,0.0,https://indomet.gob.do/wp-content/uploads/2025/10/temperaturas-extremas-y-precipitaciones-2025x10x18-a.pdf
2025-10-18,057,JARABACOA (EMA),LA VEGA,PROGRAMA MUNDIAL DE ALIMENTO,EMAP,29.2,19.1,0.0,https://indomet.gob.do/wp-content/uploads/2025/10/temperaturas-extremas-y-precipitaciones-2025x10x18-a.pdf
2025-10-18,058,LA VICTORIA,SANTO DOMINGO,CUERPO DE BOMBEROS,EMCI,34.0,24.5,0.0,https://indomet.gob.do/wp-content/uploads/2025/10/temperaturas-extremas-y-precipitaciones-2025x10x18-a.pdf
2025-10-18,059,LAS CANAS (EMA),MONTE CRISTI,PROGRAMA MUNDIAL DE ALIMENTO,EMAP,30.9,23.9,0.0,https://indomet.gob.do/wp-content/uploads/2025/10/temperaturas-extremas-y-precipitaciones-2025x10x18-a.pdf
2025-10-18,060,LAS MATAS DE SANTA CRUZ (EMA,MONTE CRISTI,PROGRAMA MUNDIAL DE ALIMENTO,EMAP,,,0.0,https://indomet.gob.do/wp-content/uploads/2025/10/temperaturas-extremas-y-precipitaciones-2025x10x18-a.pdf
2025-10-18,061,LOS LLANOS,SAN PEDRO DE MACORÍS,MINISTERIO DE AGRICULTURA,EMCI,33.5,23.4,0.0,https://indomet.gob.do/wp-content/uploads/2025/10/temperaturas-extremas-y-precipitaciones-2025x10x18-a.pdf
2025-10-18,062,MONTE CRISTI,MONTE CRISTI,INDOMET,EMCI,34.2,23.5,0.0,https://indomet.gob.do/wp-content/uploads/2025/10/temperaturas-extremas-y-precipitaciones-2025x10x18-a.pdf
2025-10-18,063,OLIVARES,PEDERNALES,INDRHI,EMCI,,,0.0,https://indomet.gob.do/wp-content/uploads/2025/10/temperaturas-extremas-y-precipitaciones-2025x10x18-a.pdf
2025-10-18,064,OVIEDO,PEDERNALES,CLÍNICA RURAL OVIEDO,EMCI,33.7,23.5,0.0,https://indomet.gob.do/wp-content/uploads/2025/10/temperaturas-extremas-y-precipitaciones-2025x10x18-a.pdf
2025-10-18,065,PEDERNALES,PEDERNALES,INDRHI,EMCI,,,0.0,https://indomet.gob.do/wp-content/uploads/2025/10/temperaturas-extremas-y-precipitaciones-2025x10x18-a.pdf
2025-10-18,066,PERALTA,AZUA,HOSP. MPAL. DE PERALTA,EMCI,31.0,17.5,0.0,https://indomet.gob.do/wp-content/uploads/2025/10/temperaturas-extremas-y-precipitaciones-2025x10x18-a.pdf
2025-10-18,067,PESCADERIA (EMA),BARAHONA,MINISTERIO DE AGRICULTURA,EMAP,,,0.0,https://indomet.gob.do/wp-content/uploads/2025/10/temperaturas-extremas-y-precipitaciones-2025x10x18-a.pdf
2025-10-18,068,POLO,BARAHONA,INDOCAFE,EMCI,29.4,16.5,0.0,https://indomet.gob.do/wp-content/uploads/2025/10/temperaturas-extremas-y-precipitaciones-2025x10x18-a.pdf
2025-10-18,069,PONTÓN ABAJO (EMA),LA VEGA,MINISTERIO DE AGRICULTURA,EMAP,33.9,22.9,0.0,https://indomet.gob.do/wp-content/uploads/2025/10/temperaturas-extremas-y-precipitaciones-2025x10x18-a.pdf
2025-10-18,070,RESTAURACIÓN,DAJABÓN,MINISTERIO DE AGRICULTURA,EMCI,31.8,17.2,0.0,https://indomet.gob.do/wp-content/uploads/2025/10/temperaturas-extremas-y-precipitaciones-2025x10x18-a.pdf
2025-10-18,071,SABANA DE LA MAR,HATO MAYOR,INDOMET,EMCI,32.0,22.5,0.0,https://indomet.gob.do/wp-content/uploads/2025/10/temperaturas-extremas-y-precipitaciones-2025x10x18-a.pdf
2025-10-18,072,SABANETA (EMA),SANTIAGO RODRÍGUEZ,PROGRAMA MUNDIAL DE ALIMENTO,EMAP,34.8,22.3,0.0,https://indomet.gob.do/wp-content/uploads/2025/10/temperaturas-extremas-y-precipitaciones-2025x10x18-a.pdf
2025-10-18,073,SAMANÁ,SAMANÁ,COMANDANCIA DE PUERTO DE SAMANÁ,EMCI,32.5,21.0,0.0,https://indomet.gob.do/wp-content/uploads/2025/10/temperaturas-extremas-y-precipitaciones-2025x10x18-a.pdf
2025-10-18,074,SAN CRISTÓBAL,SAN CRISTÓBAL,INSTITUTO POLITÉCNICO LOYOLA,EMCI,34.2,21.2,0.0,https://indomet.gob.do/wp-content/uploads/2025/10/temperaturas-extremas-y-precipitaciones-2025x10x18-a.pdf
2025-10-18,075,SÁNCHEZ,SAMANÁ,MINISTERIO DE AGRICULTURA,EMCI,32.1,23.2,0.0,https://indomet.gob.do/wp-content/uploads/2025/10/temperaturas-extremas-y-precipitaciones-2025x10x18-a.pdf
2025-10-18,076,SANTIAGO RODRÍGUEZ,SANTIAGO RODRÍGUEZ,INDOMET,EMCI,34.6,23.0,0.0,https://indomet.gob.do/wp-content/uploads/2025/10/temperaturas-extremas-y-precipitaciones-2025x10x18-a.pdf
2025-10-18,077,SANTO DOMINGO ESTE,SANTO DOMINGO,INDOMET,EMCI,32.9,23.1,0.0,https://indomet.gob.do/wp-content/uploads/2025/10/temperaturas-extremas-y-precipitaciones-2025x10x18-a.pdf
2025-10-18,078,TÁBARA ABAJO,AZUA,INDRHI,EMCI,32.9,24.0,0.0,https://indomet.gob.do/wp-content/uploads/2025/10/temperaturas-extremas-y-precipitaciones-2025x10x18-a.pdf
2025-10-18,079,VILLA GONZALES,SANTIAGO,MINISTERIO DE AGRICULTURA,EMCI,,,0.0,https://indomet.gob.do/wp-content/uploads/2025/10/temperaturas-extremas-y-precipitaciones-2025x10x18-a.pdf
2025-10-18,080,VILLA ISABELA,PUERTO PLATA,MINISTERIO DE AGRICULTURA,EMCV,,,0.0,https://indomet.gob.do/wp-content/uploads/2025/10/temperaturas-extremas-y-precipitaciones-2025x10x18-a.pdf
2025-10-18,081,VILLA VASQUEZ (EMA),MONTE CRISTI,JUNTA DE REGANTES,EMAI,,,0.0,https://indomet.gob.do/wp-content/uploads/2025/10/temperaturas-extremas-y-precipitaciones-2025x10x18-a.pdf
2025-10-19,001,JIMA ABAJO,LA VEGA,INDOMET,EMCI,36.0,21.0,40.4,https://indomet.gob.do/wp-content/uploads/2025/10/temperaturas-extremas-y-precipitaciones-2025x10x19-a.pdf
2025-10-19,002,SAN FRANCISCO DE MACORÍS,DUARTE,San Francisco de Macorís (UASD),EMCI,33.7,21.9,39.0,https://indomet.gob.do/wp-content/uploads/2025/10/temperaturas-extremas-y-precipitaciones-2025x10x19-a.pdf
2025-10-19,003,MONCIÓN (EMA),SANTIAGO RODRÍGUEZ,PROGRAMA MUNDIAL DE ALIMENTO,EMAP,30.2,19.8,30.8,https://indomet.gob.do/wp-content/uploads/2025/10/temperaturas-extremas-y-precipitaciones-2025x10x19-a.pdf
2025-10-19,004,COTUÍ,SÁNCHEZ RAMÍREZ,HOSP. INMACULADA CONCEPCIÓN,EMCV,,,29.2,https://indomet.gob.do/wp-content/uploads/2025/10/temperaturas-extremas-y-precipitaciones-2025x10x19-a.pdf
2025-10-19,005,MICHES (EMA),EL SEIBO,PRIVADA,EMAP,31.3,21.8,26.4,https://indomet.gob.do/wp-content/uploads/2025/10/temperaturas-extremas-y-precipitaciones-2025x10x19-a.pdf
2025-10-19,006,ALTAMIRA,PUERTO PLATA,HOSP. MPAL. DE ALTAMIRA,EMCI,32.4,20.9,24.2,https://indomet.gob.do/wp-content/uploads/2025/10/temperaturas-extremas-y-precipitaciones-2025x10x19-a.pdf
2025-10-19,007,VALLE NUEVO (EMA),LA VEGA,MARENA,EMAI,,,22.6,https://indomet.gob.do/wp-content/uploads/2025/10/temperaturas-extremas-y-precipitaciones-2025x10x19-a.pdf
2025-10-19,008,SALCEDO,HERMANAS MIRABAL,PROPIEDAD DEL EMPLEADO,EMCI,,,20.0,https://indomet.gob.do/wp-content/uploads/2025/10/temperaturas-extremas-y-precipitaciones-2025x10x19-a.pdf
2025-10-19,009,PERALTA,AZUA,HOSP. MPAL. DE PERALTA,EMCI,30.5,19.0,18.0,https://indomet.gob.do/wp-content/uploads/2025/10/temperaturas-extremas-y-precipitaciones-2025x10x19-a.pdf
2025-10-19,010,HONDO VALLE,ELÍAS PIÑA,MINISTERIO DE AGRICULTURA,EMCI,26.9,17.8,14.2,https://indomet.gob.do/wp-content/uploads/2025/10/temperaturas-extremas-y-precipitaciones-2025x10x19-a.pdf
2025-10-19,011,ARPT. GREGORIO LUPERÓN,PUERTO PLATA,INDOMET,EMCI,33.0,23.5,13.7,https://indomet.gob.do/wp-content/uploads/2025/10/temperaturas-extremas-y-precipitaciones-2025x10x19-a.pdf
2025-10-19,012,LOS LLANOS,SAN PEDRO DE MACORÍS,MINISTERIO DE AGRICULTURA,EMCI,33.2,22.5,13.2,https://indomet.gob.do/wp-content/uploads/2025/10/temperaturas-extremas-y-precipitaciones-2025x10x19-a.pdf
2025-10-19,013,BUCARA (EMA),SANTIAGO,MINISTERIO DE AGRICULTURA,EMAI,,,12.8,https://indomet.gob.do/wp-content/uploads/2025/10/temperaturas-extremas-y-precipitaciones-2025x10x19-a.pdf
2025-10-19,014,BONAO,MONSEÑOR NOUEL,MINISTERIO DE AGRICULTURA,EMCV,,,11.7,https://indomet.gob.do/wp-content/uploads/2025/10/temperaturas-extremas-y-precipitaciones-2025x10x19-a.pdf
2025-10-19,015,BOHECHÍO,SAN JUAN,MINISTERIO DE AGRICULTURA,EMCV,,,9.0,https://indomet.gob.do/wp-content/uploads/2025/10/temperaturas-extremas-y-precipitaciones-2025x10x19-a.pdf
2025-10-19,016,VILLA RIVA,DUARTE,HOSP. MPAL. ALICIA DE LEGENDRE,EMCI,32.7,21.5,8.8,https://indomet.gob.do/wp-content/uploads/2025/10/temperaturas-extremas-y-precipitaciones-2025x10x19-a.pdf
2025-10-19,017,ARPT. ARROYO BARRIL,SAMANÁ,INDOMET,EMCI,33.5,23.7,8.6,https://indomet.gob.do/wp-content/uploads/2025/10/temperaturas-extremas-y-precipitaciones-2025x10x19-a.pdf
2025-10-19,018,LUPERÓN,PUERTO PLATA,MINISTERIO DE AGRICULTURA,EMCV,,,8.0,https://indomet.gob.do/wp-content/uploads/2025/10/temperaturas-extremas-y-precipitaciones-2025x10x19-a.pdf
2025-10-19,019,ELÍAS PIÑA,ELÍAS PIÑA,MINISTERIO DE AGRICULTURA,EMCV,,,7.6,https://indomet.gob.do/wp-content/uploads/2025/10/temperaturas-extremas-y-precipitaciones-2025x10x19-a.pdf
2025-10-19,020,NAVARRETE,SANTIAGO,MINISTERIO DE AGRICULTURA,EMCV,,,7.1,https://indomet.gob.do/wp-content/uploads/2025/10/temperaturas-extremas-y-precipitaciones-2025x10x19-a.pdf
2025-10-19,021,SÁNCHEZ,SAMANÁ,MINISTERIO DE AGRICULTURA,EMCI,32.7,21.9,5.8,https://indomet.gob.do/wp-content/uploads/2025/10/temperaturas-extremas-y-precipitaciones-2025x10x19-a.pdf
2025-10-19,022,RESTAURACIÓN,DAJABÓN,MINISTERIO DE AGRICULTURA,EMCI,30.7,15.6,5.6,https://indomet.gob.do/wp-content/uploads/2025/10/temperaturas-extremas-y-precipitaciones-2025x10x19-a.pdf
2025-10-19,023,LOS JENGIBRES,NAGUA,INDRHI,EMCI,,,5.4,https://indomet.gob.do/wp-content/uploads/2025/10/temperaturas-extremas-y-precipitaciones-2025x10x19-a.pdf
2025-10-19,024,SABANETA (EMA),SANTIAGO RODRÍGUEZ,PROGRAMA MUNDIAL DE ALIMENTO,EMAP,35.7,21.5,5.4,https://indomet.gob.do/wp-content/uploads/2025/10/temperaturas-extremas-y-precipitaciones-2025x10x19-a.pdf
2025-10-19,025,SANTIAGO RODRÍGUEZ,SANTIAGO RODRÍGUEZ,INDOMET,EMCI,35.0,22.0,5.4,https://indomet.gob.do/wp-content/uploads/2025/10/temperaturas-extremas-y-precipitaciones-2025x10x19-a.pdf
2025-10-19,026,MOCA,ESPAILLAT,MINISTERIO DE AGRICULTURA,EMCV,,,5.2,https://indomet.gob.do/wp-content/uploads/2025/10/temperaturas-extremas-y-precipitaciones-2025x10x19-a.pdf
2025-10-19,027,LA VICTORIA,SANTO DOMINGO,CUERPO DE BOMBEROS,EMCI,34.8,22.5,5.1,https://indomet.gob.do/wp-content/uploads/2025/10/temperaturas-extremas-y-precipitaciones-2025x10x19-a.pdf
2025-10-19,028,TAMBORIL,SANTIAGO,MINISTERIO DE AGRICULTURA,EMCV,,,5.1,https://indomet.gob.do/wp-content/uploads/2025/10/temperaturas-extremas-y-precipitaciones-2025x10x19-a.pdf
2025-10-19,029,VILLA GONZALES,SANTIAGO,MINISTERIO DE AGRICULTURA,EMCI,,,4.6,https://indomet.gob.do/wp-content/uploads/2025/10/temperaturas-extremas-y-precipitaciones-2025x10x19-a.pdf
2025-10-19,030,ARPT. EL CATEY,SAMANÁ,INDOMET,EMCI,32.0,22.5,4.2,https://indomet.gob.do/wp-content/uploads/2025/10/temperaturas-extremas-y-precipitaciones-2025x10x19-a.pdf
2025-10-19,031,HATO MAYOR,HATO MAYOR,MINISTERIO DE AGRICULTURA,EMCV,,,4.1,https://indomet.gob.do/wp-content/uploads/2025/10/temperaturas-extremas-y-precipitaciones-2025x10x19-a.pdf
2025-10-19,032,GURABO,SANTIAGO,MINISTERIO DE AGRICULTURA,EMCV,,,3.8,https://indomet.gob.do/wp-content/uploads/2025/10/temperaturas-extremas-y-precipitaciones-2025x10x19-a.pdf
2025-10-19,033,BAYAGUANA,MONTE PLATA,INDOMET,EMCI,33.0,22.4,3.4,https://indomet.gob.do/wp-content/uploads/2025/10/temperaturas-extremas-y-precipitaciones-2025x10x19-a.pdf
2025-10-19,035,JARABACOA (EMA),LA VEGA,PROGRAMA MUNDIAL DE ALIMENTO,EMAP,30.5,18.7,3.0,https://indomet.gob.do/wp-content/uploads/2025/10/temperaturas-extremas-y-precipitaciones-2025x10x19-a.pdf
2025-10-19,036,JARABACOA,LA VEGA,INDRHI / MARENA,EMCI,31.8,17.2,2.6,https://indomet.gob.do/wp-content/uploads/2025/10/temperaturas-extremas-y-precipitaciones-2025x10x19-a.pdf
2025-10-19,037,ARPT. DEL CIBAO,SANTIAGO,INDOMET,EMCI,34.0,21.2,2.4,https://indomet.gob.do/wp-content/uploads/2025/10/temperaturas-extremas-y-precipitaciones-2025x10x19-a.pdf
2025-10-19,038,JARDÍN BOTÁNICO SANTIAGO (EMSANTIAGO,,JARDIN BOTANICO SANTIAGO,EMAI,,,2.2,https://indomet.gob.do/wp-content/uploads/2025/10/temperaturas-extremas-y-precipitaciones-2025x10x19-a.pdf
2025-10-19,039,CONSTANZA,LA VEGA,MINISTERIO DE AGRICULTURA,EMCI,29.2,12.8,1.6,https://indomet.gob.do/wp-content/uploads/2025/10/temperaturas-extremas-y-precipitaciones-2025x10x19-a.pdf
2025-10-19,040,MAO,VALVERDE,INDRHI / MINISTERIO DE AGRICULTURA,EMCV,,,1.6,https://indomet.gob.do/wp-content/uploads/2025/10/temperaturas-extremas-y-precipitaciones-2025x10x19-a.pdf
2025-10-19,041,PRESA DE TAVERAS (EMA),LA VEGA,PROGRAMA MUNDIAL DE ALIMENTO,EMAP,30.1,21.3,1.6,https://indomet.gob.do/wp-content/uploads/2025/10/temperaturas-extremas-y-precipitaciones-2025x10x19-a.pdf
2025-10-19,042,CONSTANZA (EMA),LA VEGA,PROGRAMA MUNDIAL DE ALIMENTO,EMAP,27.7,14.3,1.4,https://indomet.gob.do/wp-content/uploads/2025/10/temperaturas-extremas-y-precipitaciones-2025x10x19-a.pdf
2025-10-19,043,PADRE LAS CASAS,AZUA,HOSP. NTRA. SRA. DEL CARMEN,EMCI,32.5,18.0,1.2,https://indomet.gob.do/wp-content/uploads/2025/10/temperaturas-extremas-y-precipitaciones-2025x10x19-a.pdf
2025-10-19,044,SAMANÁ,SAMANÁ,COMANDANCIA DE PUERTO DE SAMANÁ,EMCI,33.0,20.3,1.2,https://indomet.gob.do/wp-content/uploads/2025/10/temperaturas-extremas-y-precipitaciones-2025x10x19-a.pdf
2025-10-19,045,ARPT. LA ISABELA,SANTO DOMINGO,INDOMET,EMCI,34.5,23.3,1.0,https://indomet.gob.do/wp-content/uploads/2025/10/temperaturas-extremas-y-precipitaciones-2025x10x19-a.pdf
2025-10-19,046,SANTIAGO,SANTIAGO,HUACALITO,EMCI,,,0.7,https://indomet.gob.do/wp-content/uploads/2025/10/temperaturas-extremas-y-precipitaciones-2025x10x19-a.pdf
2025-10-19,047,PALO ÍNDIO,PUERTO PLATA,MINISTERIO DE AGRICULTURA,EMCI,,,0.5,https://indomet.gob.do/wp-content/uploads/2025/10/temperaturas-extremas-y-precipitaciones-2025x10x19-a.pdf
2025-10-19,048,BOCA DE MAO (EMA),VALVERDE,MINISTERIO DE AGRICULTURA,EMAP,35.3,21.7,0.4,https://indomet.gob.do/wp-content/uploads/2025/10/temperaturas-extremas-y-precipitaciones-2025x10x19-a.pdf
2025-10-19,049,SAN JOSÉ DE OCOA,SAN JOSÉ DE OCOA,HOSP. SAN JOSÉ DE OCOA,EMCI,31.2,19.5,0.4,https://indomet.gob.do/wp-content/uploads/2025/10/temperaturas-extremas-y-precipitaciones-2025x10x19-a.pdf
2025-10-19,050,CABRERA,MARÍA TRINIDAD SÁNCHEZ,ESCUELA ARÍSTIDES FIALLO CABRAL,EMCI,33.5,23.0,0.2,https://indomet.gob.do/wp-content/uploads/2025/10/temperaturas-extremas-y-precipitaciones-2025x10x19-a.pdf
2025-10-19,051,JUMA BEJUCAL,MONSEÑOR NOUEL,IDIAF,EMCV,32.4,23.0,0.2,https://indomet.gob.do/wp-content/uploads/2025/10/temperaturas-extremas-y-precipitaciones-2025x10x19-a.pdf
2025-10-19,052,JANICO (EMA),LA VEGA,PLAN SIERRA,EMAI,,,0.2,https://indomet.gob.do/wp-content/uploads/2025/10/temperaturas-extremas-y-precipitaciones-2025x10x19-a.pdf
2025-10-19,053,ARROYO LORO,SAN JUAN,IDIAF,EMCI,32.7,19.2,0.1,https://indomet.gob.do/wp-content/uploads/2025/10/temperaturas-extremas-y-precipitaciones-2025x10x19-a.pdf
2025-10-19,054,LA VEGA,LA VEGA,IATESA,EMCI,33.0,21.0,0.1,https://indomet.gob.do/wp-content/uploads/2025/10/temperaturas-extremas-y-precipitaciones-2025x10x19-a.pdf
2025-10-19,055,SAN RAFAEL DEL YUMA,LA ALTAGRACIA,MINISTERIO DE AGRICULTURA,EMCI,34.0,22.9,0.1,https://indomet.gob.do/wp-content/uploads/2025/10/temperaturas-extremas-y-precipitaciones-2025x10x19-a.pdf
2025-10-19,056,ALTO BANDERA (EMA),LA VEGA,INTEC,EMAP,18.7,8.4,0.0,https://indomet.gob.do/wp-content/uploads/2025/10/temperaturas-extremas-y-precipitaciones-2025x10x19-a.pdf
2025-10-19,057,ANAMUYA (EMA),LA ALTAGRACIA,MINISTERIO DE AGRICULTURA,EMAP,32.8,24.5,0.0,https://indomet.gob.do/wp-content/uploads/2025/10/temperaturas-extremas-y-precipitaciones-2025x10x19-a.pdf
2025-10-19,058,ARPT. DE LA ROMANA,LA ROMANA,INDOMET,EMCI,33.0,23.0,0.0,https://indomet.gob.do/wp-content/uploads/2025/10/temperaturas-extremas-y-precipitaciones-2025x10x19-a.pdf
2025-10-19,059,ARPT. DE LAS AMÉRICAS,SANTO DOMINGO,INDOMET,EMCI,32.4,23.6,0.0,https://indomet.gob.do/wp-content/uploads/2025/10/temperaturas-extremas-y-precipitaciones-2025x10x19-a.pdf
2025-10-19,060,ARPT. DE PUNTA CANA,LA ALTAGRACIA,INDOMET,EMCI,32.3,24.2,0.0,https://indomet.gob.do/wp-content/uploads/2025/10/temperaturas-extremas-y-precipitaciones-2025x10x19-a.pdf
2025-10-19,061,ARPT. MARÍA MONTEZ,BARAHONA,INDOMET,EMCI,28.0,24.0,0.0,https://indomet.gob.do/wp-content/uploads/2025/10/temperaturas-extremas-y-precipitaciones-2025x10x19-a.pdf
2025-10-19,062,BANI (EMA),PERAVIA,MINISTERIO DE AGRICULTURA,EMAP,33.1,26.6,0.0,https://indomet.gob.do/wp-content/uploads/2025/10/temperaturas-extremas-y-precipitaciones-2025x10x19-a.pdf
2025-10-19,063,BASE AÉREA DE SAN ISIDRO,SANTO DOMINGO,FUERZA AÉREA DOMINICANA,EMCV,33.0,21.1,0.0,https://indomet.gob.do/wp-content/uploads/2025/10/temperaturas-extremas-y-precipitaciones-2025x10x19-a.pdf
2025-10-19,064,CABRAL,BARAHONA,MINISTERIO DE AGRICULTURA,EMCV,33.2,22.7,0.0,https://indomet.gob.do/wp-content/uploads/2025/10/temperaturas-extremas-y-precipitaciones-2025x10x19-a.pdf
2025-10-19,065,CENTRO DE LOS HEROES (EMA),DISTRITO NACIONAL,MINISTERIO DE ENERGIA Y MINA,EMAP,31.6,26.5,0.0,https://indomet.gob.do/wp-content/uploads/2025/10/temperaturas-extremas-y-precipitaciones-2025x10x19-a.pdf
2025-10-19,066,DAJABÓN,DAJABÓN,INSTITUTO POLITÉCNICO LOYOLA,EMCI,34.6,19.5,0.0,https://indomet.gob.do/wp-content/uploads/2025/10/temperaturas-extremas-y-precipitaciones-2025x10x19-a.pdf
2025-10-19,067,EL CERCADO,SAN JUAN,MINISTERIO DE AGRICULTURA,EMCV,,,0.0,https://indomet.gob.do/wp-content/uploads/2025/10/temperaturas-extremas-y-precipitaciones-2025x10x19-a.pdf
2025-10-19,068,ENRIQUILLO,BARAHONA,MINISTERIO DE AGRICULTURA,EMCV,34.0,24.5,0.0,https://indomet.gob.do/wp-content/uploads/2025/10/temperaturas-extremas-y-precipitaciones-2025x10x19-a.pdf
2025-10-19,069,GASPAR HERNÁNDEZ,ESPAILLAT,PROPIEDAD DEL EMPLEADO,EMCI,,,0.0,https://indomet.gob.do/wp-content/uploads/2025/10/temperaturas-extremas-y-precipitaciones-2025x10x19-a.pdf
2025-10-19,070,JARDÍN BOTÁNICO NACIONAL,DISTRITO NACIONAL,JARDÍN BOTÁNICO NACIONAL,EMCV,32.9,22.4,0.0,https://indomet.gob.do/wp-content/uploads/2025/10/temperaturas-extremas-y-precipitaciones-2025x10x19-a.pdf
2025-10-19,071,JIMANÍ,INDEPENDENCIA,MINISTERIO DE AGRICULTURA,EMCI,34.5,23.5,0.0,https://indomet.gob.do/wp-content/uploads/2025/10/temperaturas-extremas-y-precipitaciones-2025x10x19-a.pdf
2025-10-19,072,LAS CANAS (EMA),MONTE CRISTI,PROGRAMA MUNDIAL DE ALIMENTO,EMAP,30.9,23.7,0.0,https://indomet.gob.do/wp-content/uploads/2025/10/temperaturas-extremas-y-precipitaciones-2025x10x19-a.pdf
2025-10-19,073,LAS MATAS DE SANTA CRUZ (EMA,MONTE CRISTI,PROGRAMA MUNDIAL DE ALIMENTO,EMAP,,,0.0,https://indomet.gob.do/wp-content/uploads/2025/10/temperaturas-extremas-y-precipitaciones-2025x10x19-a.pdf
2025-10-19,074,LOS TRES CHARCOS (EMA),PEDERNALES,PROPIEDAD DEL VOLUNTARIO,EMAP,33.1,22.9,0.0,https://indomet.gob.do/wp-content/uploads/2025/10/temperaturas-extremas-y-precipitaciones-2025x10x19-a.pdf
2025-10-19,075,MONTE CRISTI,MONTE CRISTI,INDOMET,EMCI,33.8,23.8,0.0,https://indomet.gob.do/wp-content/uploads/2025/10/temperaturas-extremas-y-precipitaciones-2025x10x19-a.pdf
2025-10-19,076,OLIVARES,PEDERNALES,INDRHI,EMCI,,,0.0,https://indomet.gob.do/wp-content/uploads/2025/10/temperaturas-extremas-y-precipitaciones-2025x10x19-a.pdf
2025-10-19,077,OVIEDO,PEDERNALES,CLÍNICA RURAL OVIEDO,EMCI,33.3,22.7,0.0,https://indomet.gob.do/wp-content/uploads/2025/10/temperaturas-extremas-y-precipitaciones-2025x10x19-a.pdf
2025-10-19,078,PASO AL MEDIO,SAN PEDRO DE MACORÍS,INDRHI,EMCI,,,0.0,https://indomet.gob.do/wp-content/uploads/2025/10/temperaturas-extremas-y-precipitaciones-2025x10x19-a.pdf
2025-10-19,079,PEDERNALES,PEDERNALES,INDRHI,EMCI,,,0.0,https://indomet.gob.do/wp-content/uploads/2025/10/temperaturas-extremas-y-precipitaciones-2025x10x19-a.pdf
2025-10-19,081,POLO,BARAHONA,INDOCAFE,EMCI,29.5,17.5,0.0,https://indomet.gob.do/wp-content/uploads/2025/10/temperaturas-extremas-y-precipitaciones-2025x10x19-a.pdf
2025-10-19,082,PONTÓN ABAJO (EMA),LA VEGA,MINISTERIO DE AGRICULTURA,EMAP,33.9,22.1,0.0,https://indomet.gob.do/wp-content/uploads/2025/10/temperaturas-extremas-y-precipitaciones-2025x10x19-a.pdf
2025-10-19,083,RANCHO ARRIBA,SAN JOSÉ DE OCOA,CENTRO TECNOLÓGICO COMUNITARIO,EMCI,29.7,19.6,0.0,https://indomet.gob.do/wp-content/uploads/2025/10/temperaturas-extremas-y-precipitaciones-2025x10x19-a.pdf
2025-10-19,084,RÍO SAN JUAN,MARÍA TRINIDAD SÁNCHEZ,HOSP. MPAL. DR. DESIDERIO ACOSTA,EMCV,35.2,24.2,0.0,https://indomet.gob.do/wp-content/uploads/2025/10/temperaturas-extremas-y-precipitaciones-2025x10x19-a.pdf
2025-10-19,085,SABANA DE LA MAR,HATO MAYOR,INDOMET,EMCI,32.5,22.5,0.0,https://indomet.gob.do/wp-content/uploads/2025/10/temperaturas-extremas-y-precipitaciones-2025x10x19-a.pdf
2025-10-19,086,SAN CRISTÓBAL,SAN CRISTÓBAL,INSTITUTO POLITÉCNICO LOYOLA,EMCI,33.2,20.2,0.0,https://indomet.gob.do/wp-content/uploads/2025/10/temperaturas-extremas-y-precipitaciones-2025x10x19-a.pdf
2025-10-19,088,VILLA VASQUEZ (EMA),MONTE CRISTI,JUNTA DE REGANTES,EMAI,,,0.0,https://indomet.gob.do/wp-content/uploads/2025/10/temperaturas-extremas-y-precipitaciones-2025x10x19-a.pdf
2025-10-19,089,SANTO DOMINGO ESTE,SANTO DOMINGO,INDOMET,EMCI,33.4,25.6,0.0,https://indomet.gob.do/wp-content/uploads/2025/10/temperaturas-extremas-y-precipitaciones-2025x10x19-a.pdf
2025-10-19,090,TÁBARA ABAJO,AZUA,INDRHI,EMCI,33.9,20.5,0.0,https://indomet.gob.do/wp-content/uploads/2025/10/temperaturas-extremas-y-precipitaciones-2025x10x19-a.pdf
2025-10-19,092,VILLA ALTAGRACIA,SAN CRISTÓBAL,ESCUELA JAVIER ANGULO GURIDI,EMCI,,,0.0,https://indomet.gob.do/wp-content/uploads/2025/10/temperaturas-extremas-y-precipitaciones-2025x10x19-a.pdf
2025-10-20,001,BASE AÉREA DE SAN ISIDRO,SANTO DOMINGO,FUERZA AÉREA DOMINICANA,EMCV,32.5,21.5,48.4,https://indomet.gob.do/wp-content/uploads/2025/10/temperaturas-extremas-y-precipitaciones-2025x10x20-a.pdf
2025-10-20,002,POLO,BARAHONA,INDOCAFE,EMCI,31.0,19.5,40.0,https://indomet.gob.do/wp-content/uploads/2025/10/temperaturas-extremas-y-precipitaciones-2025x10x20-a.pdf
2025-10-20,003,BAYAGUANA,MONTE PLATA,INDOMET,EMCI,32.8,21.6,39.1,https://indomet.gob.do/wp-content/uploads/2025/10/temperaturas-extremas-y-precipitaciones-2025x10x20-a.pdf
2025-10-20,004,JARDÍN BOTÁNICO NACIONAL,DISTRITO NACIONAL,JARDÍN BOTÁNICO NACIONAL,EMCV,30.0,21.6,36.4,https://indomet.gob.do/wp-content/uploads/2025/10/temperaturas-extremas-y-precipitaciones-2025x10x20-a.pdf
2025-10-20,005,MONCIÓN (EMA),SANTIAGO RODRÍGUEZ,PROGRAMA MUNDIAL DE ALIMENTO,EMAP,31.0,20.2,32.6,https://indomet.gob.do/wp-content/uploads/2025/10/temperaturas-extremas-y-precipitaciones-2025x10x20-a.pdf
2025-10-20,006,JUMA BEJUCAL,MONSEÑOR NOUEL,IDIAF,EMCV,32.0,22.6,23.7,https://indomet.gob.do/wp-content/uploads/2025/10/temperaturas-extremas-y-precipitaciones-2025x10x20-a.pdf
2025-10-20,007,SANTO DOMINGO ESTE,SANTO DOMINGO,INDOMET,EMCI,34.0,23.7,23.0,https://indomet.gob.do/wp-content/uploads/2025/10/temperaturas-extremas-y-precipitaciones-2025x10x20-a.pdf
2025-10-20,008,LA VICTORIA,SANTO DOMINGO,CUERPO DE BOMBEROS,EMCI,34.8,24.6,20.2,https://indomet.gob.do/wp-content/uploads/2025/10/temperaturas-extremas-y-precipitaciones-2025x10x20-a.pdf
2025-10-20,009,EL FACTOR (EMA),MARÍA TRINIDAD SÁNCHEZ,INTEC,EMAP,32.8,23.2,19.0,https://indomet.gob.do/wp-content/uploads/2025/10/temperaturas-extremas-y-precipitaciones-2025x10x20-a.pdf
2025-10-20,010,ARPT. ARROYO BARRIL,SAMANÁ,INDOMET,EMCI,32.9,25.4,18.7,https://indomet.gob.do/wp-content/uploads/2025/10/temperaturas-extremas-y-precipitaciones-2025x10x20-a.pdf
2025-10-20,011,SAN CRISTÓBAL,SAN CRISTÓBAL,INSTITUTO POLITÉCNICO LOYOLA,EMCI,34.0,21.0,17.8,https://indomet.gob.do/wp-content/uploads/2025/10/temperaturas-extremas-y-precipitaciones-2025x10x20-a.pdf
2025-10-20,012,OVIEDO,PEDERNALES,CLÍNICA RURAL OVIEDO,EMCI,35.0,23.0,16.2,https://indomet.gob.do/wp-content/uploads/2025/10/temperaturas-extremas-y-precipitaciones-2025x10x20-a.pdf
2025-10-20,013,ARPT. DE PUNTA CANA,LA ALTAGRACIA,INDOMET,EMCI,32.5,21.8,15.6,https://indomet.gob.do/wp-content/uploads/2025/10/temperaturas-extremas-y-precipitaciones-2025x10x20-a.pdf
2025-10-20,014,ARPT. LA ISABELA,SANTO DOMINGO,INDOMET,EMCI,34.5,22.5,14.6,https://indomet.gob.do/wp-content/uploads/2025/10/temperaturas-extremas-y-precipitaciones-2025x10x20-a.pdf
2025-10-20,015,SAMANÁ,SAMANÁ,COMANDANCIA DE PUERTO DE SAMANÁ,EMCI,33.2,20.5,14.2,https://indomet.gob.do/wp-content/uploads/2025/10/temperaturas-extremas-y-precipitaciones-2025x10x20-a.pdf
2025-10-20,016,ARPT. EL CATEY,SAMANÁ,INDOMET,EMCI,31.0,22.0,12.7,https://indomet.gob.do/wp-content/uploads/2025/10/temperaturas-extremas-y-precipitaciones-2025x10x20-a.pdf
2025-10-20,017,LOS LLANOS,SAN PEDRO DE MACORÍS,MINISTERIO DE AGRICULTURA,EMCI,34.2,23.1,12.0,https://indomet.gob.do/wp-content/uploads/2025/10/temperaturas-extremas-y-precipitaciones-2025x10x20-a.pdf
2025-10-20,018,VILLA RIVA,DUARTE,HOSP. MPAL. ALICIA DE LEGENDRE,EMCI,31.6,22.0,10.4,https://indomet.gob.do/wp-content/uploads/2025/10/temperaturas-extremas-y-precipitaciones-2025x10x20-a.pdf
2025-10-20,019,CENTRO DE LOS HEROES (EMA),DISTRITO NACIONAL,MINISTERIO DE ENERGIA Y MINA,EMAP,33.8,25.4,9.6,https://indomet.gob.do/wp-content/uploads/2025/10/temperaturas-extremas-y-precipitaciones-2025x10x20-a.pdf
2025-10-20,020,PASO AL MEDIO,SAN PEDRO DE MACORÍS,INDRHI,EMCI,,,8.7,https://indomet.gob.do/wp-content/uploads/2025/10/temperaturas-extremas-y-precipitaciones-2025x10x20-a.pdf
2025-10-20,021,MICHES (EMA),EL SEIBO,PRIVADA,EMAP,32.3,23.1,8.6,https://indomet.gob.do/wp-content/uploads/2025/10/temperaturas-extremas-y-precipitaciones-2025x10x20-a.pdf
2025-10-20,022,HONDO VALLE,ELÍAS PIÑA,MINISTERIO DE AGRICULTURA,EMCI,27.1,17.9,7.3,https://indomet.gob.do/wp-content/uploads/2025/10/temperaturas-extremas-y-precipitaciones-2025x10x20-a.pdf
2025-10-20,023,SAN RAFAEL DEL YUMA,LA ALTAGRACIA,MINISTERIO DE AGRICULTURA,EMCI,34.0,23.5,6.8,https://indomet.gob.do/wp-content/uploads/2025/10/temperaturas-extremas-y-precipitaciones-2025x10x20-a.pdf
2025-10-20,024,ARPT. DEL CIBAO,SANTIAGO,INDOMET,EMCI,34.2,21.0,6.3,https://indomet.gob.do/wp-content/uploads/2025/10/temperaturas-extremas-y-precipitaciones-2025x10x20-a.pdf
2025-10-20,025,LA VEGA,LA VEGA,IATESA,EMCI,33.8,22.5,6.0,https://indomet.gob.do/wp-content/uploads/2025/10/temperaturas-extremas-y-precipitaciones-2025x10x20-a.pdf
2025-10-20,026,ARPT. DE LAS AMÉRICAS,SANTO DOMINGO,INDOMET,EMCI,32.5,22.2,5.6,https://indomet.gob.do/wp-content/uploads/2025/10/temperaturas-extremas-y-precipitaciones-2025x10x20-a.pdf
2025-10-20,027,CABRERA,MARÍA TRINIDAD SÁNCHEZ,ESCUELA ARÍSTIDES FIALLO CABRAL,EMCI,34.0,25.2,5.5,https://indomet.gob.do/wp-content/uploads/2025/10/temperaturas-extremas-y-precipitaciones-2025x10x20-a.pdf
2025-10-20,028,ENRIQUILLO,BARAHONA,MINISTERIO DE AGRICULTURA,EMCV,35.0,22.3,5.0,https://indomet.gob.do/wp-content/uploads/2025/10/temperaturas-extremas-y-precipitaciones-2025x10x20-a.pdf
2025-10-20,029,PRESA DE TAVERAS (EMA),LA VEGA,PROGRAMA MUNDIAL DE ALIMENTO,EMAP,31.1,21.3,4.4,https://indomet.gob.do/wp-content/uploads/2025/10/temperaturas-extremas-y-precipitaciones-2025x10x20-a.pdf
2025-10-20,030,ESCONDIDO,PERAVIA,MINISTERIO DE AGRICULTURA,EMCV,34.0,24.0,4.3,https://indomet.gob.do/wp-content/uploads/2025/10/temperaturas-extremas-y-precipitaciones-2025x10x20-a.pdf
2025-10-20,031,ARPT. DE LA ROMANA,LA ROMANA,INDOMET,EMCI,33.3,21.6,4.0,https://indomet.gob.do/wp-content/uploads/2025/10/temperaturas-extremas-y-precipitaciones-2025x10x20-a.pdf
2025-10-20,032,ARPT. GREGORIO LUPERÓN,PUERTO PLATA,INDOMET,EMCI,32.4,23.0,3.4,https://indomet.gob.do/wp-content/uploads/2025/10/temperaturas-extremas-y-precipitaciones-2025x10x20-a.pdf
2025-10-20,033,BONAO,MONSEÑOR NOUEL,MINISTERIO DE AGRICULTURA,EMCV,,,3.3,https://indomet.gob.do/wp-content/uploads/2025/10/temperaturas-extremas-y-precipitaciones-2025x10x20-a.pdf
2025-10-20,034,PALO ÍNDIO,PUERTO PLATA,MINISTERIO DE AGRICULTURA,EMCI,,,3.0,https://indomet.gob.do/wp-content/uploads/2025/10/temperaturas-extremas-y-precipitaciones-2025x10x20-a.pdf
2025-10-20,035,SÁNCHEZ,SAMANÁ,MINISTERIO DE AGRICULTURA,EMCI,32.2,22.9,3.0,https://indomet.gob.do/wp-content/uploads/2025/10/temperaturas-extremas-y-precipitaciones-2025x10x20-a.pdf
2025-10-20,036,CABRAL,BARAHONA,MINISTERIO DE AGRICULTURA,EMCV,35.4,24.2,2.5,https://indomet.gob.do/wp-content/uploads/2025/10/temperaturas-extremas-y-precipitaciones-2025x10x20-a.pdf
2025-10-20,037,LOS JENGIBRES,NAGUA,INDRHI,EMCI,,,2.2,https://indomet.gob.do/wp-content/uploads/2025/10/temperaturas-extremas-y-precipitaciones-2025x10x20-a.pdf
2025-10-20,038,HATO MAYOR,HATO MAYOR,MINISTERIO DE AGRICULTURA,EMCV,,,2.0,https://indomet.gob.do/wp-content/uploads/2025/10/temperaturas-extremas-y-precipitaciones-2025x10x20-a.pdf
2025-10-20,039,RANCHO ARRIBA,SAN JOSÉ DE OCOA,CENTRO TECNOLÓGICO COMUNITARIO,EMCI,30.5,19.3,1.8,https://indomet.gob.do/wp-content/uploads/2025/10/temperaturas-extremas-y-precipitaciones-2025x10x20-a.pdf
2025-10-20,040,SAN FRANCISCO DE MACORÍS,DUARTE,San Francisco de Macorís (UASD),EMCI,33.3,21.4,1.8,https://indomet.gob.do/wp-content/uploads/2025/10/temperaturas-extremas-y-precipitaciones-2025x10x20-a.pdf
2025-10-20,041,VALLE NUEVO (EMA),LA VEGA,MARENA,EMAI,19.8,11.4,1.8,https://indomet.gob.do/wp-content/uploads/2025/10/temperaturas-extremas-y-precipitaciones-2025x10x20-a.pdf
2025-10-20,042,ALTO BANDERA (EMA),LA VEGA,INTEC,EMAP,16.7,8.6,0.8,https://indomet.gob.do/wp-content/uploads/2025/10/temperaturas-extremas-y-precipitaciones-2025x10x20-a.pdf
2025-10-20,043,ANAMUYA (EMA),LA ALTAGRACIA,MINISTERIO DE AGRICULTURA,EMAP,32.3,23.1,0.8,https://indomet.gob.do/wp-content/uploads/2025/10/temperaturas-extremas-y-precipitaciones-2025x10x20-a.pdf
2025-10-20,044,SAN JOSÉ DE OCOA,SAN JOSÉ DE OCOA,HOSP. SAN JOSÉ DE OCOA,EMCI,33.0,20.1,0.6,https://indomet.gob.do/wp-content/uploads/2025/10/temperaturas-extremas-y-precipitaciones-2025x10x20-a.pdf
2025-10-20,045,BOCA DE MAO (EMA),VALVERDE,MINISTERIO DE AGRICULTURA,EMAP,34.7,22.6,0.4,https://indomet.gob.do/wp-content/uploads/2025/10/temperaturas-extremas-y-precipitaciones-2025x10x20-a.pdf
2025-10-20,046,RÍO SAN JUAN,MARÍA TRINIDAD SÁNCHEZ,HOSP. MPAL. DR. DESIDERIO ACOSTA,EMCV,34.7,23.8,0.4,https://indomet.gob.do/wp-content/uploads/2025/10/temperaturas-extremas-y-precipitaciones-2025x10x20-a.pdf
2025-10-20,047,SABANA DE LA MAR,HATO MAYOR,INDOMET,EMCI,32.5,23.0,0.4,https://indomet.gob.do/wp-content/uploads/2025/10/temperaturas-extremas-y-precipitaciones-2025x10x20-a.pdf
2025-10-20,048,ARPT. MARÍA MONTEZ,BARAHONA,INDOMET,EMCI,34.5,24.0,0.3,https://indomet.gob.do/wp-content/uploads/2025/10/temperaturas-extremas-y-precipitaciones-2025x10x20-a.pdf
2025-10-20,049,SANTIAGO,SANTIAGO,HUACALITO,EMCI,,,0.3,https://indomet.gob.do/wp-content/uploads/2025/10/temperaturas-extremas-y-precipitaciones-2025x10x20-a.pdf
2025-10-20,050,ALTAMIRA,PUERTO PLATA,HOSP. MPAL. DE ALTAMIRA,EMCI,32.9,21.0,0.1,https://indomet.gob.do/wp-content/uploads/2025/10/temperaturas-extremas-y-precipitaciones-2025x10x20-a.pdf
2025-10-20,051,ARROYO LORO,SAN JUAN,IDIAF,EMCI,34.1,19.7,0.1,https://indomet.gob.do/wp-content/uploads/2025/10/temperaturas-extremas-y-precipitaciones-2025x10x20-a.pdf
2025-10-20,052,SABANA GRANDE DE BOYÁ,MONTE PLATA,MINISTERIO DE AGRICULTURA,EMCV,,,0.1,https://indomet.gob.do/wp-content/uploads/2025/10/temperaturas-extremas-y-precipitaciones-2025x10x20-a.pdf
2025-10-20,053,SALCEDO,HERMANAS MIRABAL,PROPIEDAD DEL EMPLEADO,EMCI,,,0.1,https://indomet.gob.do/wp-content/uploads/2025/10/temperaturas-extremas-y-precipitaciones-2025x10x20-a.pdf
2025-10-20,054,BOHECHÍO,SAN JUAN,MINISTERIO DE AGRICULTURA,EMCV,,,0.0,https://indomet.gob.do/wp-content/uploads/2025/10/temperaturas-extremas-y-precipitaciones-2025x10x20-a.pdf
2025-10-20,055,BUCARA (EMA),SANTIAGO,MINISTERIO DE AGRICULTURA,EMAI,,,0.0,https://indomet.gob.do/wp-content/uploads/2025/10/temperaturas-extremas-y-precipitaciones-2025x10x20-a.pdf
2025-10-20,056,CONSTANZA,LA VEGA,MINISTERIO DE AGRICULTURA,EMCI,27.5,14.9,0.0,https://indomet.gob.do/wp-content/uploads/2025/10/temperaturas-extremas-y-precipitaciones-2025x10x20-a.pdf
2025-10-20,057,CONSTANZA (EMA),LA VEGA,PROGRAMA MUNDIAL DE ALIMENTO,EMAP,26.8,16.4,0.0,https://indomet.gob.do/wp-content/uploads/2025/10/temperaturas-extremas-y-precipitaciones-2025x10x20-a.pdf
2025-10-20,058,DAJABÓN,DAJABÓN,INSTITUTO POLITÉCNICO LOYOLA,EMCI,35.0,19.3,0.0,https://indomet.gob.do/wp-content/uploads/2025/10/temperaturas-extremas-y-precipitaciones-2025x10x20-a.pdf
2025-10-20,059,EL CERCADO,SAN JUAN,MINISTERIO DE AGRICULTURA,EMCV,,,0.0,https://indomet.gob.do/wp-content/uploads/2025/10/temperaturas-extremas-y-precipitaciones-2025x10x20-a.pdf
2025-10-20,060,ELÍAS PIÑA,ELÍAS PIÑA,MINISTERIO DE AGRICULTURA,EMCV,,,0.0,https://indomet.gob.do/wp-content/uploads/2025/10/temperaturas-extremas-y-precipitaciones-2025x10x20-a.pdf
2025-10-20,061,GASPAR HERNÁNDEZ,ESPAILLAT,PROPIEDAD DEL EMPLEADO,EMCI,,,0.0,https://indomet.gob.do/wp-content/uploads/2025/10/temperaturas-extremas-y-precipitaciones-2025x10x20-a.pdf
2025-10-20,062,GURABO,SANTIAGO,MINISTERIO DE AGRICULTURA,EMCV,,,0.0,https://indomet.gob.do/wp-content/uploads/2025/10/temperaturas-extremas-y-precipitaciones-2025x10x20-a.pdf
2025-10-20,063,JANICO (EMA),LA VEGA,PLAN SIERRA,EMAI,,,0.0,https://indomet.gob.do/wp-content/uploads/2025/10/temperaturas-extremas-y-precipitaciones-2025x10x20-a.pdf
2025-10-20,064,JARABACOA,LA VEGA,INDRHI / MARENA,EMCI,32.0,17.4,0.0,https://indomet.gob.do/wp-content/uploads/2025/10/temperaturas-extremas-y-precipitaciones-2025x10x20-a.pdf
2025-10-20,065,JARABACOA (EMA),LA VEGA,PROGRAMA MUNDIAL DE ALIMENTO,EMAP,31.2,19.3,0.0,https://indomet.gob.do/wp-content/uploads/2025/10/temperaturas-extremas-y-precipitaciones-2025x10x20-a.pdf
2025-10-20,066,JIMA ABAJO,LA VEGA,INDOMET,EMCI,35.5,21.5,0.0,https://indomet.gob.do/wp-content/uploads/2025/10/temperaturas-extremas-y-precipitaciones-2025x10x20-a.pdf
2025-10-20,067,JIMANÍ,INDEPENDENCIA,MINISTERIO DE AGRICULTURA,EMCI,35.4,24.4,0.0,https://indomet.gob.do/wp-content/uploads/2025/10/temperaturas-extremas-y-precipitaciones-2025x10x20-a.pdf
2025-10-20,068,LAS CANAS (EMA),MONTE CRISTI,PROGRAMA MUNDIAL DE ALIMENTO,EMAP,31.8,24.1,0.0,https://indomet.gob.do/wp-content/uploads/2025/10/temperaturas-extremas-y-precipitaciones-2025x10x20-a.pdf
2025-10-20,069,LAS MATAS DE SANTA CRUZ (EMA,MONTE CRISTI,PROGRAMA MUNDIAL DE ALIMENTO,EMAP,,,0.0,https://indomet.gob.do/wp-content/uploads/2025/10/temperaturas-extremas-y-precipitaciones-2025x10x20-a.pdf
2025-10-20,070,MAO,VALVERDE,INDRHI / MINISTERIO DE AGRICULTURA,EMCV,,,0.0,https://indomet.gob.do/wp-content/uploads/2025/10/temperaturas-extremas-y-precipitaciones-2025x10x20-a.pdf
2025-10-20,071,MONTE CRISTI,MONTE CRISTI,INDOMET,EMCI,35.3,24.0,0.0,https://indomet.gob.do/wp-content/uploads/2025/10/temperaturas-extremas-y-precipitaciones-2025x10x20-a.pdf
2025-10-20,072,OLIVARES,PEDERNALES,INDRHI,EMCI,,,0.0,https://indomet.gob.do/wp-content/uploads/2025/10/temperaturas-extremas-y-precipitaciones-2025x10x20-a.pdf
2025-10-20,073,PADRE LAS CASAS,AZUA,HOSP. NTRA. SRA. DEL CARMEN,EMCI,34.5,19.4,0.0,https://indomet.gob.do/wp-content/uploads/2025/10/temperaturas-extremas-y-precipitaciones-2025x10x20-a.pdf
2025-10-20,074,PEDERNALES,PEDERNALES,INDRHI,EMCI,,,0.0,https://indomet.gob.do/wp-content/uploads/2025/10/temperaturas-extremas-y-precipitaciones-2025x10x20-a.pdf
2025-10-20,075,PERALTA,AZUA,HOSP. MPAL. DE PERALTA,EMCI,29.8,17.0,0.0,https://indomet.gob.do/wp-content/uploads/2025/10/temperaturas-extremas-y-precipitaciones-2025x10x20-a.pdf
2025-10-20,076,PESCADERIA (EMA),BARAHONA,MINISTERIO DE AGRICULTURA,EMAP,33.4,25.9,0.0,https://indomet.gob.do/wp-content/uploads/2025/10/temperaturas-extremas-y-precipitaciones-2025x10x20-a.pdf
2025-10-20,077,PONTÓN ABAJO (EMA),LA VEGA,MINISTERIO DE AGRICULTURA,EMAP,34.5,23.4,0.0,https://indomet.gob.do/wp-content/uploads/2025/10/temperaturas-extremas-y-precipitaciones-2025x10x20-a.pdf
2025-10-20,078,RESTAURACIÓN,DAJABÓN,MINISTERIO DE AGRICULTURA,EMCI,29.5,16.3,0.0,https://indomet.gob.do/wp-content/uploads/2025/10/temperaturas-extremas-y-precipitaciones-2025x10x20-a.pdf
2025-10-20,079,SABANETA (EMA),SANTIAGO RODRÍGUEZ,PROGRAMA MUNDIAL DE ALIMENTO,EMAP,35.2,22.2,0.0,https://indomet.gob.do/wp-content/uploads/2025/10/temperaturas-extremas-y-precipitaciones-2025x10x20-a.pdf
2025-10-20,080,SAJOMA (EMA),SANTIAGO,PLAN SIERRA,EMAI,25.6,22.6,0.0,https://indomet.gob.do/wp-content/uploads/2025/10/temperaturas-extremas-y-precipitaciones-2025x10x20-a.pdf
2025-10-20,081,SANTIAGO RODRÍGUEZ,SANTIAGO RODRÍGUEZ,INDOMET,EMCI,35.2,22.2,0.0,https://indomet.gob.do/wp-content/uploads/2025/10/temperaturas-extremas-y-precipitaciones-2025x10x20-a.pdf
2025-10-20,082,TÁBARA ABAJO,AZUA,INDRHI,EMCI,34.5,24.0,0.0,https://indomet.gob.do/wp-content/uploads/2025/10/temperaturas-extremas-y-precipitaciones-2025x10x20-a.pdf
2025-10-20,083,TAVERA,SANTIAGO,INDRHI,EMCI,,,0.0,https://indomet.gob.do/wp-content/uploads/2025/10/temperaturas-extremas-y-precipitaciones-2025x10x20-a.pdf
2025-10-20,084,VILLA GONZALE (EMA),SANTIAGO,IGLESIA,EMAI,,,0.0,https://indomet.gob.do/wp-content/uploads/2025/10/temperaturas-extremas-y-precipitaciones-2025x10x20-a.pdf
2025-10-20,085,VILLA GONZALES,SANTIAGO,MINISTERIO DE AGRICULTURA,EMCI,,,0.0,https://indomet.gob.do/wp-content/uploads/2025/10/temperaturas-extremas-y-precipitaciones-2025x10x20-a.pdf
2025-10-20,086,VILLA ISABELA,PUERTO PLATA,MINISTERIO DE AGRICULTURA,EMCV,,,0.0,https://indomet.gob.do/wp-content/uploads/2025/10/temperaturas-extremas-y-precipitaciones-2025x10x20-a.pdf
2025-10-21,001,CENTRO DE LOS HEROES (EMA),DISTRITO NACIONAL,MINISTERIO DE ENERGIA Y MINA,EMAP,29.2,23.4,85.4,https://indomet.gob.do/wp-content/uploads/2025/10/temperaturas-extremas-y-precipitaciones-2025x10x21-a.pdf
2025-10-21,002,LOS CACICAZGOS (EMA),DISTRITO NACIONAL,PRIVADA,EMAP,,,81.8,https://indomet.gob.do/wp-content/uploads/2025/10/temperaturas-extremas-y-precipitaciones-2025x10x21-a.pdf
2025-10-21,003,SANTO DOMINGO ESTE,SANTO DOMINGO,INDOMET,EMCI,28.5,23.6,70.0,https://indomet.gob.do/wp-content/uploads/2025/10/temperaturas-extremas-y-precipitaciones-2025x10x21-a.pdf
2025-10-21,004,SAN ANTONIO (EMA),SAN CRISTÓBAL,PRIVADA,EMAP,,,67.3,https://indomet.gob.do/wp-content/uploads/2025/10/temperaturas-extremas-y-precipitaciones-2025x10x21-a.pdf
2025-10-21,005,PROLONGACION 27 DE FEBRERO,DISTRITO NACIONAL,PRIVADA,EMAP,,,64.4,https://indomet.gob.do/wp-content/uploads/2025/10/temperaturas-extremas-y-precipitaciones-2025x10x21-a.pdf
2025-10-21,006,JARDÍN BOTÁNICO NACIONAL,DISTRITO NACIONAL,JARDÍN BOTÁNICO NACIONAL,EMCV,31.7,21.0,64.2,https://indomet.gob.do/wp-content/uploads/2025/10/temperaturas-extremas-y-precipitaciones-2025x10x21-a.pdf
2025-10-21,007,ENSANCHE PARAÍSO (EMA),DISTRITO NACIONAL,PRIVADA,EMAP,,,62.2,https://indomet.gob.do/wp-content/uploads/2025/10/temperaturas-extremas-y-precipitaciones-2025x10x21-a.pdf
2025-10-21,008,EL FACTOR (EMA),MARÍA TRINIDAD SÁNCHEZ,INTEC,EMAP,31.6,23.2,59.7,https://indomet.gob.do/wp-content/uploads/2025/10/temperaturas-extremas-y-precipitaciones-2025x10x21-a.pdf
2025-10-21,009,BELLA VISTA (EMA),DISTRITO NACIONAL,PRIVADA,EMAP,,,57.7,https://indomet.gob.do/wp-content/uploads/2025/10/temperaturas-extremas-y-precipitaciones-2025x10x21-a.pdf
2025-10-21,010,PARQUE INDUSTRIAL ITABO (EMA,SAN CRISTÓBAL,PRIVADA,EMAP,,,57.2,https://indomet.gob.do/wp-content/uploads/2025/10/temperaturas-extremas-y-precipitaciones-2025x10x21-a.pdf
2025-10-21,011,OVIEDO,PEDERNALES,CLÍNICA RURAL OVIEDO,EMCI,29.5,22.0,56.4,https://indomet.gob.do/wp-content/uploads/2025/10/temperaturas-extremas-y-precipitaciones-2025x10x21-a.pdf
2025-10-21,012,POLO,BARAHONA,INDOCAFE,EMCI,29.0,18.0,54.8,https://indomet.gob.do/wp-content/uploads/2025/10/temperaturas-extremas-y-precipitaciones-2025x10x21-a.pdf
2025-10-21,013,LA AGUSTINA (EMA),DISTRITO NACIONAL,PRIVADA,EMAP,,,54.1,https://indomet.gob.do/wp-content/uploads/2025/10/temperaturas-extremas-y-precipitaciones-2025x10x21-a.pdf
2025-10-21,014,ENSANCHE LA FE (EMA),DISTRITO NACIONAL,PRIVADA,EMAP,,,53.8,https://indomet.gob.do/wp-content/uploads/2025/10/temperaturas-extremas-y-precipitaciones-2025x10x21-a.pdf
2025-10-21,015,SAN CRISTÓBAL,SAN CRISTÓBAL,INSTITUTO POLITÉCNICO LOYOLA,EMCI,28.2,20.2,50.1,https://indomet.gob.do/wp-content/uploads/2025/10/temperaturas-extremas-y-precipitaciones-2025x10x21-a.pdf
2025-10-21,016,ARPT. EL CATEY,SAMANÁ,INDOMET,EMCI,30.0,22.0,48.0,https://indomet.gob.do/wp-content/uploads/2025/10/temperaturas-extremas-y-precipitaciones-2025x10x21-a.pdf
2025-10-21,017,ENRIQUILLO,BARAHONA,MINISTERIO DE AGRICULTURA,EMCV,31.5,21.0,48.0,https://indomet.gob.do/wp-content/uploads/2025/10/temperaturas-extremas-y-precipitaciones-2025x10x21-a.pdf
2025-10-21,018,LOS PRADOS (EMA),DISTRITO NACIONAL,PRIVADA,EMAP,,,47.3,https://indomet.gob.do/wp-content/uploads/2025/10/temperaturas-extremas-y-precipitaciones-2025x10x21-a.pdf
2025-10-21,019,BASE AÉREA DE SAN ISIDRO,SANTO DOMINGO,FUERZA AÉREA DOMINICANA,EMCV,29.5,22.5,46.4,https://indomet.gob.do/wp-content/uploads/2025/10/temperaturas-extremas-y-precipitaciones-2025x10x21-a.pdf
2025-10-21,020,CERROS DE ARROYO HONDO (EM,DISTRITO NACIONAL,PRIVADA,EMAP,,,45.7,https://indomet.gob.do/wp-content/uploads/2025/10/temperaturas-extremas-y-precipitaciones-2025x10x21-a.pdf
2025-10-21,021,LA VICTORIA,SANTO DOMINGO,CUERPO DE BOMBEROS,EMCI,27.0,23.0,41.5,https://indomet.gob.do/wp-content/uploads/2025/10/temperaturas-extremas-y-precipitaciones-2025x10x21-a.pdf
2025-10-21,022,LOS JARDINES (EMA),DISTRITO NACIONAL,PRIVADA,EMAP,,,40.2,https://indomet.gob.do/wp-content/uploads/2025/10/temperaturas-extremas-y-precipitaciones-2025x10x21-a.pdf
2025-10-21,023,SÁNCHEZ,SAMANÁ,MINISTERIO DE AGRICULTURA,EMCI,29.9,22.4,39.0,https://indomet.gob.do/wp-content/uploads/2025/10/temperaturas-extremas-y-precipitaciones-2025x10x21-a.pdf
2025-10-21,024,ARPT. LA ISABELA,SANTO DOMINGO,INDOMET,EMCI,30.5,22.0,34.3,https://indomet.gob.do/wp-content/uploads/2025/10/temperaturas-extremas-y-precipitaciones-2025x10x21-a.pdf
2025-10-21,025,SAN FRANCISCO DE MACORÍS,DUARTE,San Francisco de Macorís (UASD),EMCI,31.4,22.8,33.4,https://indomet.gob.do/wp-content/uploads/2025/10/temperaturas-extremas-y-precipitaciones-2025x10x21-a.pdf
2025-10-21,026,ANAMUYA (EMA),LA ALTAGRACIA,MINISTERIO DE AGRICULTURA,EMAP,31.4,23.6,31.0,https://indomet.gob.do/wp-content/uploads/2025/10/temperaturas-extremas-y-precipitaciones-2025x10x21-a.pdf
2025-10-21,027,BANI (EMA),PERAVIA,MINISTERIO DE AGRICULTURA,EMAP,29.8,22.7,30.2,https://indomet.gob.do/wp-content/uploads/2025/10/temperaturas-extremas-y-precipitaciones-2025x10x21-a.pdf
2025-10-21,028,JUAN DOLIO (EMA),SAN PEDRO DE MACORÍS,PRIVADA,EMAP,,,29.7,https://indomet.gob.do/wp-content/uploads/2025/10/temperaturas-extremas-y-precipitaciones-2025x10x21-a.pdf
2025-10-21,029,BAYAGUANA,MONTE PLATA,INDOMET,EMCI,31.0,22.2,26.7,https://indomet.gob.do/wp-content/uploads/2025/10/temperaturas-extremas-y-precipitaciones-2025x10x21-a.pdf
2025-10-21,030,MICHES (EMA),EL SEIBO,PRIVADA,EMAP,29.9,22.8,26.6,https://indomet.gob.do/wp-content/uploads/2025/10/temperaturas-extremas-y-precipitaciones-2025x10x21-a.pdf
2025-10-21,031,LOS JENGIBRES,NAGUA,INDRHI,EMCI,,,26.0,https://indomet.gob.do/wp-content/uploads/2025/10/temperaturas-extremas-y-precipitaciones-2025x10x21-a.pdf
2025-10-21,032,PARQUE MIRADOR SUR,DISTRITO NACIONAL,AYUNTAMIENTO,EMCV,33.5,22.4,26.0,https://indomet.gob.do/wp-content/uploads/2025/10/temperaturas-extremas-y-precipitaciones-2025x10x21-a.pdf
2025-10-21,033,ARPT. DE LAS AMÉRICAS,SANTO DOMINGO,INDOMET,EMCI,29.0,22.3,25.7,https://indomet.gob.do/wp-content/uploads/2025/10/temperaturas-extremas-y-precipitaciones-2025x10x21-a.pdf
2025-10-21,034,ARPT. DE PUNTA CANA,LA ALTAGRACIA,INDOMET,EMCI,30.8,21.5,25.0,https://indomet.gob.do/wp-content/uploads/2025/10/temperaturas-extremas-y-precipitaciones-2025x10x21-a.pdf
2025-10-21,035,SABANA GRANDE DE BOYÁ,MONTE PLATA,MINISTERIO DE AGRICULTURA,EMCV,,,24.6,https://indomet.gob.do/wp-content/uploads/2025/10/temperaturas-extremas-y-precipitaciones-2025x10x21-a.pdf
2025-10-21,036,COTUÍ,SÁNCHEZ RAMÍREZ,HOSP. INMACULADA CONCEPCIÓN,EMCV,,,23.8,https://indomet.gob.do/wp-content/uploads/2025/10/temperaturas-extremas-y-precipitaciones-2025x10x21-a.pdf
2025-10-21,037,RANCHO ARRIBA,SAN JOSÉ DE OCOA,CENTRO TECNOLÓGICO COMUNITARIO,EMCI,29.9,19.1,21.8,https://indomet.gob.do/wp-content/uploads/2025/10/temperaturas-extremas-y-precipitaciones-2025x10x21-a.pdf
2025-10-21,038,HATO MAYOR,HATO MAYOR,MINISTERIO DE AGRICULTURA,EMCV,,,21.3,https://indomet.gob.do/wp-content/uploads/2025/10/temperaturas-extremas-y-precipitaciones-2025x10x21-a.pdf
2025-10-21,039,VILLA RIVA,DUARTE,HOSP. MPAL. ALICIA DE LEGENDRE,EMCI,30.0,21.5,18.0,https://indomet.gob.do/wp-content/uploads/2025/10/temperaturas-extremas-y-precipitaciones-2025x10x21-a.pdf
2025-10-21,040,ARPT. MARÍA MONTEZ,BARAHONA,INDOMET,EMCI,32.2,24.5,17.3,https://indomet.gob.do/wp-content/uploads/2025/10/temperaturas-extremas-y-precipitaciones-2025x10x21-a.pdf
2025-10-21,041,EL SEIBO,EL SEIBO,MINISTERIO DE AGRICULTURA,EMCV,,,17.0,https://indomet.gob.do/wp-content/uploads/2025/10/temperaturas-extremas-y-precipitaciones-2025x10x21-a.pdf
2025-10-21,042,LOS LLANOS,SAN PEDRO DE MACORÍS,MINISTERIO DE AGRICULTURA,EMCI,30.7,22.8,15.8,https://indomet.gob.do/wp-content/uploads/2025/10/temperaturas-extremas-y-precipitaciones-2025x10x21-a.pdf
2025-10-21,043,SALCEDO,HERMANAS MIRABAL,PROPIEDAD DEL EMPLEADO,EMCI,,,15.6,https://indomet.gob.do/wp-content/uploads/2025/10/temperaturas-extremas-y-precipitaciones-2025x10x21-a.pdf
2025-10-21,044,SAN RAFAEL DEL YUMA,LA ALTAGRACIA,MINISTERIO DE AGRICULTURA,EMCI,31.0,23.7,15.6,https://indomet.gob.do/wp-content/uploads/2025/10/temperaturas-extremas-y-precipitaciones-2025x10x21-a.pdf
2025-10-21,045,JUMA BEJUCAL,MONSEÑOR NOUEL,IDIAF,EMCV,31.5,21.4,15.4,https://indomet.gob.do/wp-content/uploads/2025/10/temperaturas-extremas-y-precipitaciones-2025x10x21-a.pdf
2025-10-21,046,GASPAR HERNÁNDEZ,ESPAILLAT,PROPIEDAD DEL EMPLEADO,EMCI,,,15.2,https://indomet.gob.do/wp-content/uploads/2025/10/temperaturas-extremas-y-precipitaciones-2025x10x21-a.pdf
2025-10-21,047,CABRERA,MARÍA TRINIDAD SÁNCHEZ,ESCUELA ARÍSTIDES FIALLO CABRAL,EMCI,33.0,25.0,15.1,https://indomet.gob.do/wp-content/uploads/2025/10/temperaturas-extremas-y-precipitaciones-2025x10x21-a.pdf
2025-10-21,048,RÍO SAN JUAN,MARÍA TRINIDAD SÁNCHEZ,HOSP. MPAL. DR. DESIDERIO ACOSTA,EMCV,33.7,23.8,13.4,https://indomet.gob.do/wp-content/uploads/2025/10/temperaturas-extremas-y-precipitaciones-2025x10x21-a.pdf
2025-10-21,049,JIMA ABAJO,LA VEGA,INDOMET,EMCI,33.0,21.5,13.4,https://indomet.gob.do/wp-content/uploads/2025/10/temperaturas-extremas-y-precipitaciones-2025x10x21-a.pdf
2025-10-21,050,ARPT. DE LA ROMANA,LA ROMANA,INDOMET,EMCI,30.4,22.4,13.3,https://indomet.gob.do/wp-content/uploads/2025/10/temperaturas-extremas-y-precipitaciones-2025x10x21-a.pdf
2025-10-21,051,MOCA,ESPAILLAT,MINISTERIO DE AGRICULTURA,EMCV,,,12.8,https://indomet.gob.do/wp-content/uploads/2025/10/temperaturas-extremas-y-precipitaciones-2025x10x21-a.pdf
2025-10-21,052,SAN JOSÉ DE OCOA,SAN JOSÉ DE OCOA,HOSP. SAN JOSÉ DE OCOA,EMCI,32.7,18.6,11.6,https://indomet.gob.do/wp-content/uploads/2025/10/temperaturas-extremas-y-precipitaciones-2025x10x21-a.pdf
2025-10-21,053,PASO AL MEDIO,SAN PEDRO DE MACORÍS,INDRHI,EMCI,,,11.2,https://indomet.gob.do/wp-content/uploads/2025/10/temperaturas-extremas-y-precipitaciones-2025x10x21-a.pdf
2025-10-21,054,CABRAL,BARAHONA,MINISTERIO DE AGRICULTURA,EMCV,32.2,23.0,9.8,https://indomet.gob.do/wp-content/uploads/2025/10/temperaturas-extremas-y-precipitaciones-2025x10x21-a.pdf
2025-10-21,055,ARPT. ARROYO BARRIL,SAMANÁ,INDOMET,EMCI,31.5,23.0,8.5,https://indomet.gob.do/wp-content/uploads/2025/10/temperaturas-extremas-y-precipitaciones-2025x10x21-a.pdf
2025-10-21,056,VALLE NUEVO (EMA),LA VEGA,MARENA,EMAI,15.8,10.8,8.2,https://indomet.gob.do/wp-content/uploads/2025/10/temperaturas-extremas-y-precipitaciones-2025x10x21-a.pdf
2025-10-21,057,SAMANÁ,SAMANÁ,COMANDANCIA DE PUERTO DE SAMANÁ,EMCI,31.9,20.5,7.6,https://indomet.gob.do/wp-content/uploads/2025/10/temperaturas-extremas-y-precipitaciones-2025x10x21-a.pdf
2025-10-21,058,ARPT. DEL CIBAO,SANTIAGO,INDOMET,EMCI,32.5,21.6,6.6,https://indomet.gob.do/wp-content/uploads/2025/10/temperaturas-extremas-y-precipitaciones-2025x10x21-a.pdf
2025-10-21,059,LA VEGA,LA VEGA,IATESA,EMCI,31.3,22.5,6.3,https://indomet.gob.do/wp-content/uploads/2025/10/temperaturas-extremas-y-precipitaciones-2025x10x21-a.pdf
2025-10-21,060,RESTAURACIÓN,DAJABÓN,MINISTERIO DE AGRICULTURA,EMCI,30.3,17.9,5.9,https://indomet.gob.do/wp-content/uploads/2025/10/temperaturas-extremas-y-precipitaciones-2025x10x21-a.pdf
2025-10-21,061,ALTO BANDERA (EMA),LA VEGA,INTEC,EMAP,11.4,7.7,5.6,https://indomet.gob.do/wp-content/uploads/2025/10/temperaturas-extremas-y-precipitaciones-2025x10x21-a.pdf
2025-10-21,062,SABANA DE LA MAR,HATO MAYOR,INDOMET,EMCI,31.5,22.5,5.4,https://indomet.gob.do/wp-content/uploads/2025/10/temperaturas-extremas-y-precipitaciones-2025x10x21-a.pdf
2025-10-21,063,TAMBORIL,SANTIAGO,MINISTERIO DE AGRICULTURA,EMCV,,,5.1,https://indomet.gob.do/wp-content/uploads/2025/10/temperaturas-extremas-y-precipitaciones-2025x10x21-a.pdf
2025-10-21,064,TÁBARA ABAJO,AZUA,INDRHI,EMCI,33.9,24.3,4.2,https://indomet.gob.do/wp-content/uploads/2025/10/temperaturas-extremas-y-precipitaciones-2025x10x21-a.pdf
2025-10-21,065,PRESA DE TAVERAS (EMA),LA VEGA,PROGRAMA MUNDIAL DE ALIMENTO,EMAP,30.1,21.9,3.6,https://indomet.gob.do/wp-content/uploads/2025/10/temperaturas-extremas-y-precipitaciones-2025x10x21-a.pdf
2025-10-21,066,BUCARA (EMA),SANTIAGO,MINISTERIO DE AGRICULTURA,EMAI,,,3.6,https://indomet.gob.do/wp-content/uploads/2025/10/temperaturas-extremas-y-precipitaciones-2025x10x21-a.pdf
2025-10-21,067,PADRE LAS CASAS,AZUA,HOSP. NTRA. SRA. DEL CARMEN,EMCI,29.0,20.5,3.4,https://indomet.gob.do/wp-content/uploads/2025/10/temperaturas-extremas-y-precipitaciones-2025x10x21-a.pdf
2025-10-21,068,PALO ÍNDIO,PUERTO PLATA,MINISTERIO DE AGRICULTURA,EMCI,,,2.5,https://indomet.gob.do/wp-content/uploads/2025/10/temperaturas-extremas-y-precipitaciones-2025x10x21-a.pdf
2025-10-21,069,JIMANÍ,INDEPENDENCIA,MINISTERIO DE AGRICULTURA,EMCI,33.2,25.0,1.8,https://indomet.gob.do/wp-content/uploads/2025/10/temperaturas-extremas-y-precipitaciones-2025x10x21-a.pdf
2025-10-21,070,SANTIAGO,SANTIAGO,HUACALITO,EMCI,,,1.8,https://indomet.gob.do/wp-content/uploads/2025/10/temperaturas-extremas-y-precipitaciones-2025x10x21-a.pdf
2025-10-21,071,ARPT. GREGORIO LUPERÓN,PUERTO PLATA,INDOMET,EMCI,33.0,23.0,1.7,https://indomet.gob.do/wp-content/uploads/2025/10/temperaturas-extremas-y-precipitaciones-2025x10x21-a.pdf
2025-10-21,072,PEDERNALES,PEDERNALES,INDRHI,EMCI,,,1.5,https://indomet.gob.do/wp-content/uploads/2025/10/temperaturas-extremas-y-precipitaciones-2025x10x21-a.pdf
2025-10-21,073,CONSTANZA,LA VEGA,MINISTERIO DE AGRICULTURA,EMCI,25.2,15.7,1.4,https://indomet.gob.do/wp-content/uploads/2025/10/temperaturas-extremas-y-precipitaciones-2025x10x21-a.pdf
2025-10-21,074,JARABACOA,LA VEGA,INDRHI / MARENA,EMCI,31.2,19.6,1.3,https://indomet.gob.do/wp-content/uploads/2025/10/temperaturas-extremas-y-precipitaciones-2025x10x21-a.pdf
2025-10-21,075,ALTAMIRA,PUERTO PLATA,HOSP. MPAL. DE ALTAMIRA,EMCI,31.6,22.1,1.2,https://indomet.gob.do/wp-content/uploads/2025/10/temperaturas-extremas-y-precipitaciones-2025x10x21-a.pdf
2025-10-21,076,JARABACOA (EMA),LA VEGA,PROGRAMA MUNDIAL DE ALIMENTO,EMAP,29.6,20.4,1.2,https://indomet.gob.do/wp-content/uploads/2025/10/temperaturas-extremas-y-precipitaciones-2025x10x21-a.pdf
2025-10-21,077,PERALTA,AZUA,HOSP. MPAL. DE PERALTA,EMCI,30.5,18.2,1.0,https://indomet.gob.do/wp-content/uploads/2025/10/temperaturas-extremas-y-precipitaciones-2025x10x21-a.pdf
2025-10-21,078,OLIVARES,PEDERNALES,INDRHI,EMCI,,,0.8,https://indomet.gob.do/wp-content/uploads/2025/10/temperaturas-extremas-y-precipitaciones-2025x10x21-a.pdf
2025-10-21,079,JARDÍN BOTÁNICO SANTIAGO (EMSANTIAGO,,JARDIN BOTANICO SANTIAGO,EMAI,,,0.8,https://indomet.gob.do/wp-content/uploads/2025/10/temperaturas-extremas-y-precipitaciones-2025x10x21-a.pdf
2025-10-21,080,GURABO,SANTIAGO,MINISTERIO DE AGRICULTURA,EMCV,,,0.8,https://indomet.gob.do/wp-content/uploads/2025/10/temperaturas-extremas-y-precipitaciones-2025x10x21-a.pdf
2025-10-21,081,NAVARRETE,SANTIAGO,MINISTERIO DE AGRICULTURA,EMCV,,,0.8,https://indomet.gob.do/wp-content/uploads/2025/10/temperaturas-extremas-y-precipitaciones-2025x10x21-a.pdf
2025-10-21,082,CONSTANZA (EMA),LA VEGA,PROGRAMA MUNDIAL DE ALIMENTO,EMAP,24.5,17.1,0.6,https://indomet.gob.do/wp-content/uploads/2025/10/temperaturas-extremas-y-precipitaciones-2025x10x21-a.pdf
2025-10-21,083,BOCA DE MAO (EMA),VALVERDE,MINISTERIO DE AGRICULTURA,EMAP,34.7,24.2,0.4,https://indomet.gob.do/wp-content/uploads/2025/10/temperaturas-extremas-y-precipitaciones-2025x10x21-a.pdf
2025-10-21,084,VILLA GONZALES,SANTIAGO,MINISTERIO DE AGRICULTURA,EMCI,,,0.3,https://indomet.gob.do/wp-content/uploads/2025/10/temperaturas-extremas-y-precipitaciones-2025x10x21-a.pdf
2025-10-21,085,VILLA GONZALE (EMA),SANTIAGO,IGLESIA,EMAI,,,0.2,https://indomet.gob.do/wp-content/uploads/2025/10/temperaturas-extremas-y-precipitaciones-2025x10x21-a.pdf
2025-10-21,086,DAJABÓN,DAJABÓN,INSTITUTO POLITÉCNICO LOYOLA,EMCI,34.0,18.8,0.1,https://indomet.gob.do/wp-content/uploads/2025/10/temperaturas-extremas-y-precipitaciones-2025x10x21-a.pdf
2025-10-21,087,HONDO VALLE,ELÍAS PIÑA,MINISTERIO DE AGRICULTURA,EMCI,27.0,17.7,0.1,https://indomet.gob.do/wp-content/uploads/2025/10/temperaturas-extremas-y-precipitaciones-2025x10x21-a.pdf
2025-10-21,088,ARROYO LORO,SAN JUAN,IDIAF,EMCI,31.2,21.3,0.1,https://indomet.gob.do/wp-content/uploads/2025/10/temperaturas-extremas-y-precipitaciones-2025x10x21-a.pdf
2025-10-21,089,BOHECHÍO,SAN JUAN,MINISTERIO DE AGRICULTURA,EMCV,,,0.0,https://indomet.gob.do/wp-content/uploads/2025/10/temperaturas-extremas-y-precipitaciones-2025x10x21-a.pdf
2025-10-21,090,ELÍAS PIÑA,ELÍAS PIÑA,MINISTERIO DE AGRICULTURA,EMCV,,,0.0,https://indomet.gob.do/wp-content/uploads/2025/10/temperaturas-extremas-y-precipitaciones-2025x10x21-a.pdf
2025-10-21,091,LAS CANAS (EMA),MONTE CRISTI,PROGRAMA MUNDIAL DE ALIMENTO,EMAP,31.1,25.7,0.0,https://indomet.gob.do/wp-content/uploads/2025/10/temperaturas-extremas-y-precipitaciones-2025x10x21-a.pdf
2025-10-21,092,LAS MATAS DE SANTA CRUZ (EMA,MONTE CRISTI,PROGRAMA MUNDIAL DE ALIMENTO,EMAP,,,0.0,https://indomet.gob.do/wp-content/uploads/2025/10/temperaturas-extremas-y-precipitaciones-2025x10x21-a.pdf
2025-10-21,093,MAO,VALVERDE,INDRHI / MINISTERIO DE AGRICULTURA,EMCV,,,0.0,https://indomet.gob.do/wp-content/uploads/2025/10/temperaturas-extremas-y-precipitaciones-2025x10x21-a.pdf
2025-10-21,094,MONCIÓN (EMA),SANTIAGO RODRÍGUEZ,PROGRAMA MUNDIAL DE ALIMENTO,EMAP,30.9,21.6,0.0,https://indomet.gob.do/wp-content/uploads/2025/10/temperaturas-extremas-y-precipitaciones-2025x10x21-a.pdf
2025-10-21,095,MONTE CRISTI,MONTE CRISTI,INDOMET,EMCI,33.8,24.9,0.0,https://indomet.gob.do/wp-content/uploads/2025/10/temperaturas-extremas-y-precipitaciones-2025x10x21-a.pdf
2025-10-21,096,PESCADERIA (EMA),BARAHONA,MINISTERIO DE AGRICULTURA,EMAP,30.3,,0.0,https://indomet.gob.do/wp-content/uploads/2025/10/temperaturas-extremas-y-precipitaciones-2025x10x21-a.pdf
2025-10-21,097,PONTÓN ABAJO (EMA),LA VEGA,MINISTERIO DE AGRICULTURA,EMAP,33.6,22.8,0.0,https://indomet.gob.do/wp-content/uploads/2025/10/temperaturas-extremas-y-precipitaciones-2025x10x21-a.pdf
2025-10-21,098,SABANETA (EMA),SANTIAGO RODRÍGUEZ,PROGRAMA MUNDIAL DE ALIMENTO,EMAP,34.6,23.3,0.0,https://indomet.gob.do/wp-content/uploads/2025/10/temperaturas-extremas-y-precipitaciones-2025x10x21-a.pdf
2025-10-21,099,SAJOMA (EMA),SANTIAGO,PLAN SIERRA,EMAI,,,0.0,https://indomet.gob.do/wp-content/uploads/2025/10/temperaturas-extremas-y-precipitaciones-2025x10x21-a.pdf
2025-10-21,100,VILLA VASQUEZ (EMA),MONTE CRISTI,JUNTA DE REGANTES,EMAI,,,0.0,https://indomet.gob.do/wp-content/uploads/2025/10/temperaturas-extremas-y-precipitaciones-2025x10x21-a.pdf
2025-10-21,101,SANTIAGO RODRÍGUEZ,SANTIAGO RODRÍGUEZ,INDOMET,EMCI,35.0,23.5,0.0,https://indomet.gob.do/wp-content/uploads/2025/10/temperaturas-extremas-y-precipitaciones-2025x10x21-a.pdf
2025-10-21,102,TAVERA,SANTIAGO,INDRHI,EMCI,,,0.0,https://indomet.gob.do/wp-content/uploads/2025/10/temperaturas-extremas-y-precipitaciones-2025x10x21-a.pdf
2025-10-21,103,VILLA ISABELA,PUERTO PLATA,MINISTERIO DE AGRICULTURA,EMCV,,,0.0,https://indomet.gob.do/wp-content/uploads/2025/10/temperaturas-extremas-y-precipitaciones-2025x10x21-a.pdf
2025-10-22,001,LOS CACICAZGOS (EMA),DISTRITO NACIONAL,PRIVADA,EMAP,,,138.9,https://indomet.gob.do/wp-content/uploads/2025/10/temperaturas-extremas-y-precipitaciones-2025x10x22-e.pdf
2025-10-22,002,CENTRO DE LOS HEROES (EMA),DISTRITO NACIONAL,MINISTERIO DE ENERGIA Y MINA,EMAP,27.6,25.6,77.0,https://indomet.gob.do/wp-content/uploads/2025/10/temperaturas-extremas-y-precipitaciones-2025x10x22-e.pdf
2025-10-22,003,PARQUE INDUSTRIAL ITABO (EMA,SAN CRISTÓBAL,PRIVADA,EMAP,,,71.9,https://indomet.gob.do/wp-content/uploads/2025/10/temperaturas-extremas-y-precipitaciones-2025x10x22-e.pdf
2025-10-22,004,SAN ANTONIO (EMA),SAN CRISTÓBAL,PRIVADA,EMAP,,,70.4,https://indomet.gob.do/wp-content/uploads/2025/10/temperaturas-extremas-y-precipitaciones-2025x10x22-e.pdf
2025-10-22,005,POLO,BARAHONA,INDOCAFE,EMCI,29.0,18.0,69.2,https://indomet.gob.do/wp-content/uploads/2025/10/temperaturas-extremas-y-precipitaciones-2025x10x22-e.pdf
2025-10-22,006,PROLONGACION 27 DE FEBRERO,DISTRITO NACIONAL,PRIVADA,EMAP,,,68.9,https://indomet.gob.do/wp-content/uploads/2025/10/temperaturas-extremas-y-precipitaciones-2025x10x22-e.pdf
2025-10-22,007,ENRIQUILLO,BARAHONA,MINISTERIO DE AGRICULTURA,EMCV,28.0,21.0,64.6,https://indomet.gob.do/wp-content/uploads/2025/10/temperaturas-extremas-y-precipitaciones-2025x10x22-e.pdf
2025-10-22,008,SAN CRISTÓBAL,SAN CRISTÓBAL,INSTITUTO POLITÉCNICO LOYOLA,EMCI,28.0,20.0,58.5,https://indomet.gob.do/wp-content/uploads/2025/10/temperaturas-extremas-y-precipitaciones-2025x10x22-e.pdf
2025-10-22,009,LOS PRADOS (EMA),DISTRITO NACIONAL,PRIVADA,EMAP,,,54.9,https://indomet.gob.do/wp-content/uploads/2025/10/temperaturas-extremas-y-precipitaciones-2025x10x22-e.pdf
2025-10-22,010,ARPT. LA ISABELA,SANTO DOMINGO,INDOMET,EMCI,29.2,21.0,54.4,https://indomet.gob.do/wp-content/uploads/2025/10/temperaturas-extremas-y-precipitaciones-2025x10x22-e.pdf
2025-10-22,011,SANTO DOMINGO ESTE,SANTO DOMINGO,INDOMET,EMCI,27.3,23.2,52.3,https://indomet.gob.do/wp-content/uploads/2025/10/temperaturas-extremas-y-precipitaciones-2025x10x22-e.pdf
2025-10-22,012,CABRERA,MARÍA TRINIDAD SÁNCHEZ,ESCUELA ARÍSTIDES FIALLO CABRAL,EMCI,29.0,24.1,47.2,https://indomet.gob.do/wp-content/uploads/2025/10/temperaturas-extremas-y-precipitaciones-2025x10x22-e.pdf
2025-10-22,013,ARPT. DE LAS AMÉRICAS,SANTO DOMINGO,INDOMET,EMCI,27.5,22.3,43.6,https://indomet.gob.do/wp-content/uploads/2025/10/temperaturas-extremas-y-precipitaciones-2025x10x22-e.pdf
2025-10-22,014,OVIEDO,PEDERNALES,CLÍNICA RURAL OVIEDO,EMCI,28.0,22.0,42.8,https://indomet.gob.do/wp-content/uploads/2025/10/temperaturas-extremas-y-precipitaciones-2025x10x22-e.pdf
2025-10-22,015,CABRAL,BARAHONA,MINISTERIO DE AGRICULTURA,EMCV,34.3,22.7,42.4,https://indomet.gob.do/wp-content/uploads/2025/10/temperaturas-extremas-y-precipitaciones-2025x10x22-e.pdf
2025-10-22,016,ENSANCHE PARAÍSO (EMA),DISTRITO NACIONAL,PRIVADA,EMAP,,,40.4,https://indomet.gob.do/wp-content/uploads/2025/10/temperaturas-extremas-y-precipitaciones-2025x10x22-e.pdf
2025-10-22,017,BELLA VISTA (EMA),DISTRITO NACIONAL,PRIVADA,EMAP,,,39.9,https://indomet.gob.do/wp-content/uploads/2025/10/temperaturas-extremas-y-precipitaciones-2025x10x22-e.pdf
2025-10-22,018,ARPT. MARÍA MONTEZ,BARAHONA,INDOMET,EMCI,28.6,23.0,37.4,https://indomet.gob.do/wp-content/uploads/2025/10/temperaturas-extremas-y-precipitaciones-2025x10x22-e.pdf
2025-10-22,019,BANI (EMA),PERAVIA,MINISTERIO DE AGRICULTURA,EMAP,28.2,22.4,36.2,https://indomet.gob.do/wp-content/uploads/2025/10/temperaturas-extremas-y-precipitaciones-2025x10x22-e.pdf
2025-10-22,020,BASE AÉREA DE SAN ISIDRO,SANTO DOMINGO,FUERZA AÉREA DOMINICANA,EMCV,27.4,22.6,35.0,https://indomet.gob.do/wp-content/uploads/2025/10/temperaturas-extremas-y-precipitaciones-2025x10x22-e.pdf
2025-10-22,021,RÍO SAN JUAN,MARÍA TRINIDAD SÁNCHEZ,HOSP. MPAL. DR. DESIDERIO ACOSTA,EMCV,28.8,23.4,31.2,https://indomet.gob.do/wp-content/uploads/2025/10/temperaturas-extremas-y-precipitaciones-2025x10x22-e.pdf
2025-10-22,022,LOS JENGIBRES,NAGUA,INDRHI,EMCI,,,26.1,https://indomet.gob.do/wp-content/uploads/2025/10/temperaturas-extremas-y-precipitaciones-2025x10x22-e.pdf
2025-10-22,023,ESCONDIDO,PERAVIA,MINISTERIO DE AGRICULTURA,EMCV,28.0,23.0,24.1,https://indomet.gob.do/wp-content/uploads/2025/10/temperaturas-extremas-y-precipitaciones-2025x10x22-e.pdf
2025-10-22,024,CERROS DE ARROYO HONDO (EM,DISTRITO NACIONAL,PRIVADA,EMAP,,,23.9,https://indomet.gob.do/wp-content/uploads/2025/10/temperaturas-extremas-y-precipitaciones-2025x10x22-e.pdf
2025-10-22,025,VILLA RIVA,DUARTE,HOSP. MPAL. ALICIA DE LEGENDRE,EMCI,27.0,21.8,20.8,https://indomet.gob.do/wp-content/uploads/2025/10/temperaturas-extremas-y-precipitaciones-2025x10x22-e.pdf
2025-10-22,026,ARPT. ARROYO BARRIL,SAMANÁ,INDOMET,EMCI,29.0,22.7,19.2,https://indomet.gob.do/wp-content/uploads/2025/10/temperaturas-extremas-y-precipitaciones-2025x10x22-e.pdf
2025-10-22,027,SALCEDO,HERMANAS MIRABAL,PROPIEDAD DEL EMPLEADO,EMCI,,,18.9,https://indomet.gob.do/wp-content/uploads/2025/10/temperaturas-extremas-y-precipitaciones-2025x10x22-e.pdf
2025-10-22,028,RANCHO ARRIBA,SAN JOSÉ DE OCOA,CENTRO TECNOLÓGICO COMUNITARIO,EMCI,25.0,18.0,18.4,https://indomet.gob.do/wp-content/uploads/2025/10/temperaturas-extremas-y-precipitaciones-2025x10x22-e.pdf
2025-10-22,029,GASPAR HERNÁNDEZ,ESPAILLAT,PROPIEDAD DEL EMPLEADO,EMCI,,,18.2,https://indomet.gob.do/wp-content/uploads/2025/10/temperaturas-extremas-y-precipitaciones-2025x10x22-e.pdf
2025-10-22,030,SAN JOSÉ DE OCOA,SAN JOSÉ DE OCOA,HOSP. SAN JOSÉ DE OCOA,EMCI,24.9,19.2,17.8,https://indomet.gob.do/wp-content/uploads/2025/10/temperaturas-extremas-y-precipitaciones-2025x10x22-e.pdf
2025-10-22,031,ARPT. EL CATEY,SAMANÁ,INDOMET,EMCI,27.4,22.5,17.7,https://indomet.gob.do/wp-content/uploads/2025/10/temperaturas-extremas-y-precipitaciones-2025x10x22-e.pdf
2025-10-22,032,LA VICTORIA,SANTO DOMINGO,CUERPO DE BOMBEROS,EMCI,27.0,22.0,13.8,https://indomet.gob.do/wp-content/uploads/2025/10/temperaturas-extremas-y-precipitaciones-2025x10x22-e.pdf
2025-10-22,033,SÁNCHEZ,SAMANÁ,MINISTERIO DE AGRICULTURA,EMCI,28.9,22.8,13.4,https://indomet.gob.do/wp-content/uploads/2025/10/temperaturas-extremas-y-precipitaciones-2025x10x22-e.pdf
2025-10-22,034,ENSANCHE LA FE (EMA),DISTRITO NACIONAL,PRIVADA,EMAP,,,13.3,https://indomet.gob.do/wp-content/uploads/2025/10/temperaturas-extremas-y-precipitaciones-2025x10x22-e.pdf
2025-10-22,035,LA AGUSTINA (EMA),DISTRITO NACIONAL,PRIVADA,EMAP,,,13.2,https://indomet.gob.do/wp-content/uploads/2025/10/temperaturas-extremas-y-precipitaciones-2025x10x22-e.pdf
2025-10-22,036,SAMANÁ,SAMANÁ,COMANDANCIA DE PUERTO DE SAMANÁ,EMCI,30.0,20.6,13.0,https://indomet.gob.do/wp-content/uploads/2025/10/temperaturas-extremas-y-precipitaciones-2025x10x22-e.pdf
2025-10-22,037,LUPERÓN,PUERTO PLATA,MINISTERIO DE AGRICULTURA,EMCV,,,12.7,https://indomet.gob.do/wp-content/uploads/2025/10/temperaturas-extremas-y-precipitaciones-2025x10x22-e.pdf
2025-10-22,038,JUAN DOLIO (EMA),SAN PEDRO DE MACORÍS,PRIVADA,EMAP,,,10.9,https://indomet.gob.do/wp-content/uploads/2025/10/temperaturas-extremas-y-precipitaciones-2025x10x22-e.pdf
2025-10-22,039,TÁBARA ABAJO,AZUA,INDRHI,EMCI,35.5,20.5,10.4,https://indomet.gob.do/wp-content/uploads/2025/10/temperaturas-extremas-y-precipitaciones-2025x10x22-e.pdf
2025-10-22,040,SAN RAFAEL DEL YUMA,LA ALTAGRACIA,MINISTERIO DE AGRICULTURA,EMCI,29.5,23.0,10.3,https://indomet.gob.do/wp-content/uploads/2025/10/temperaturas-extremas-y-precipitaciones-2025x10x22-e.pdf
2025-10-22,041,LOS LLANOS,SAN PEDRO DE MACORÍS,MINISTERIO DE AGRICULTURA,EMCI,28.3,23.5,9.8,https://indomet.gob.do/wp-content/uploads/2025/10/temperaturas-extremas-y-precipitaciones-2025x10x22-e.pdf
2025-10-22,042,MICHES (EMA),EL SEIBO,PRIVADA,EMAP,,,9.0,https://indomet.gob.do/wp-content/uploads/2025/10/temperaturas-extremas-y-precipitaciones-2025x10x22-e.pdf
2025-10-22,043,JUMA BEJUCAL,MONSEÑOR NOUEL,IDIAF,EMCV,27.6,21.8,8.5,https://indomet.gob.do/wp-content/uploads/2025/10/temperaturas-extremas-y-precipitaciones-2025x10x22-e.pdf
2025-10-22,044,OLIVARES,PEDERNALES,INDRHI,EMCI,,,7.5,https://indomet.gob.do/wp-content/uploads/2025/10/temperaturas-extremas-y-precipitaciones-2025x10x22-e.pdf
2025-10-22,045,BAYAGUANA,MONTE PLATA,INDOMET,EMCI,29.7,22.4,6.6,https://indomet.gob.do/wp-content/uploads/2025/10/temperaturas-extremas-y-precipitaciones-2025x10x22-e.pdf
2025-10-22,046,PASO AL MEDIO,SAN PEDRO DE MACORÍS,INDRHI,EMCI,,,6.6,https://indomet.gob.do/wp-content/uploads/2025/10/temperaturas-extremas-y-precipitaciones-2025x10x22-e.pdf
2025-10-22,047,ALTO BANDERA (EMA),LA VEGA,INTEC,EMAP,10.0,6.7,6.1,https://indomet.gob.do/wp-content/uploads/2025/10/temperaturas-extremas-y-precipitaciones-2025x10x22-e.pdf
2025-10-22,048,SABANA DE LA MAR,HATO MAYOR,INDOMET,EMCI,30.5,23.5,5.6,https://indomet.gob.do/wp-content/uploads/2025/10/temperaturas-extremas-y-precipitaciones-2025x10x22-e.pdf
2025-10-22,049,PRESA DE TAVERAS (EMA),LA VEGA,PROGRAMA MUNDIAL DE ALIMENTO,EMAP,25.9,22.2,4.4,https://indomet.gob.do/wp-content/uploads/2025/10/temperaturas-extremas-y-precipitaciones-2025x10x22-e.pdf
2025-10-22,050,EL SEIBO,EL SEIBO,MINISTERIO DE AGRICULTURA,EMCV,,,4.3,https://indomet.gob.do/wp-content/uploads/2025/10/temperaturas-extremas-y-precipitaciones-2025x10x22-e.pdf
2025-10-22,051,JIMA ABAJO,LA VEGA,INDOMET,EMCI,31.2,22.0,4.2,https://indomet.gob.do/wp-content/uploads/2025/10/temperaturas-extremas-y-precipitaciones-2025x10x22-e.pdf
2025-10-22,052,HATO MAYOR,HATO MAYOR,MINISTERIO DE AGRICULTURA,EMCV,,,4.1,https://indomet.gob.do/wp-content/uploads/2025/10/temperaturas-extremas-y-precipitaciones-2025x10x22-e.pdf
2025-10-22,053,ARPT. DE LA ROMANA,LA ROMANA,INDOMET,EMCI,29.0,21.9,4.0,https://indomet.gob.do/wp-content/uploads/2025/10/temperaturas-extremas-y-precipitaciones-2025x10x22-e.pdf
2025-10-22,054,ARPT. GREGORIO LUPERÓN,PUERTO PLATA,INDOMET,EMCI,30.4,23.2,4.0,https://indomet.gob.do/wp-content/uploads/2025/10/temperaturas-extremas-y-precipitaciones-2025x10x22-e.pdf
2025-10-22,055,TAMBORIL,SANTIAGO,MINISTERIO DE AGRICULTURA,EMCV,,,3.8,https://indomet.gob.do/wp-content/uploads/2025/10/temperaturas-extremas-y-precipitaciones-2025x10x22-e.pdf
2025-10-22,056,BUCARA (EMA),SANTIAGO,MINISTERIO DE AGRICULTURA,EMAI,,,3.8,https://indomet.gob.do/wp-content/uploads/2025/10/temperaturas-extremas-y-precipitaciones-2025x10x22-e.pdf
2025-10-22,057,PEDERNALES,PEDERNALES,INDRHI,EMCI,,,3.8,https://indomet.gob.do/wp-content/uploads/2025/10/temperaturas-extremas-y-precipitaciones-2025x10x22-e.pdf
2025-10-22,058,EL FACTOR (EMA),MARÍA TRINIDAD SÁNCHEZ,INTEC,EMAP,28.4,23.6,3.3,https://indomet.gob.do/wp-content/uploads/2025/10/temperaturas-extremas-y-precipitaciones-2025x10x22-e.pdf
2025-10-22,059,SABANA GRANDE DE BOYÁ,MONTE PLATA,MINISTERIO DE AGRICULTURA,EMCV,,,3.0,https://indomet.gob.do/wp-content/uploads/2025/10/temperaturas-extremas-y-precipitaciones-2025x10x22-e.pdf
2025-10-22,060,ARPT. DE PUNTA CANA,LA ALTAGRACIA,INDOMET,EMCI,29.5,22.0,2.9,https://indomet.gob.do/wp-content/uploads/2025/10/temperaturas-extremas-y-precipitaciones-2025x10x22-e.pdf
2025-10-22,061,ELÍAS PIÑA,ELÍAS PIÑA,MINISTERIO DE AGRICULTURA,EMCV,,,2.8,https://indomet.gob.do/wp-content/uploads/2025/10/temperaturas-extremas-y-precipitaciones-2025x10x22-e.pdf
2025-10-22,062,JARABACOA,LA VEGA,INDRHI / MARENA,EMCI,25.0,18.4,2.8,https://indomet.gob.do/wp-content/uploads/2025/10/temperaturas-extremas-y-precipitaciones-2025x10x22-e.pdf
2025-10-22,063,JARABACOA (EMA),LA VEGA,PROGRAMA MUNDIAL DE ALIMENTO,EMAP,24.4,19.7,2.6,https://indomet.gob.do/wp-content/uploads/2025/10/temperaturas-extremas-y-precipitaciones-2025x10x22-e.pdf
2025-10-22,064,PALO ÍNDIO,PUERTO PLATA,MINISTERIO DE AGRICULTURA,EMCI,,,2.0,https://indomet.gob.do/wp-content/uploads/2025/10/temperaturas-extremas-y-precipitaciones-2025x10x22-e.pdf
2025-10-22,065,ANAMUYA (EMA),LA ALTAGRACIA,MINISTERIO DE AGRICULTURA,EMAP,28.9,24.6,1.8,https://indomet.gob.do/wp-content/uploads/2025/10/temperaturas-extremas-y-precipitaciones-2025x10x22-e.pdf
2025-10-22,066,CONSTANZA,LA VEGA,MINISTERIO DE AGRICULTURA,EMCI,21.9,16.5,1.7,https://indomet.gob.do/wp-content/uploads/2025/10/temperaturas-extremas-y-precipitaciones-2025x10x22-e.pdf
2025-10-22,067,JIMANÍ,INDEPENDENCIA,MINISTERIO DE AGRICULTURA,EMCI,32.0,23.0,1.5,https://indomet.gob.do/wp-content/uploads/2025/10/temperaturas-extremas-y-precipitaciones-2025x10x22-e.pdf
2025-10-22,068,HONDO VALLE,ELÍAS PIÑA,MINISTERIO DE AGRICULTURA,EMCI,27.1,17.6,1.4,https://indomet.gob.do/wp-content/uploads/2025/10/temperaturas-extremas-y-precipitaciones-2025x10x22-e.pdf
2025-10-22,069,LA VEGA,LA VEGA,IATESA,EMCI,29.0,23.0,1.4,https://indomet.gob.do/wp-content/uploads/2025/10/temperaturas-extremas-y-precipitaciones-2025x10x22-e.pdf
2025-10-22,070,PERALTA,AZUA,HOSP. MPAL. DE PERALTA,EMCI,27.4,19.0,1.4,https://indomet.gob.do/wp-content/uploads/2025/10/temperaturas-extremas-y-precipitaciones-2025x10x22-e.pdf
2025-10-22,071,SAN FRANCISCO DE MACORÍS,DUARTE,San Francisco de Macorís (UASD),EMCI,28.4,22.6,1.4,https://indomet.gob.do/wp-content/uploads/2025/10/temperaturas-extremas-y-precipitaciones-2025x10x22-e.pdf
2025-10-22,072,CONSTANZA (EMA),LA VEGA,PROGRAMA MUNDIAL DE ALIMENTO,EMAP,21.4,17.8,1.2,https://indomet.gob.do/wp-content/uploads/2025/10/temperaturas-extremas-y-precipitaciones-2025x10x22-e.pdf
2025-10-22,073,SABANETA (EMA),SANTIAGO RODRÍGUEZ,PROGRAMA MUNDIAL DE ALIMENTO,EMAP,31.2,22.7,1.2,https://indomet.gob.do/wp-content/uploads/2025/10/temperaturas-extremas-y-precipitaciones-2025x10x22-e.pdf
2025-10-22,074,SANTIAGO RODRÍGUEZ,SANTIAGO RODRÍGUEZ,INDOMET,EMCI,31.5,23.0,1.1,https://indomet.gob.do/wp-content/uploads/2025/10/temperaturas-extremas-y-precipitaciones-2025x10x22-e.pdf
2025-10-22,075,DAJABÓN,DAJABÓN,INSTITUTO POLITÉCNICO LOYOLA,EMCI,33.8,22.2,0.6,https://indomet.gob.do/wp-content/uploads/2025/10/temperaturas-extremas-y-precipitaciones-2025x10x22-e.pdf
2025-10-22,076,MONCIÓN (EMA),SANTIAGO RODRÍGUEZ,PROGRAMA MUNDIAL DE ALIMENTO,EMAP,27.7,20.9,0.6,https://indomet.gob.do/wp-content/uploads/2025/10/temperaturas-extremas-y-precipitaciones-2025x10x22-e.pdf
2025-10-22,077,PADRE LAS CASAS,AZUA,HOSP. NTRA. SRA. DEL CARMEN,EMCI,27.5,20.0,0.6,https://indomet.gob.do/wp-content/uploads/2025/10/temperaturas-extremas-y-precipitaciones-2025x10x22-e.pdf
2025-10-22,078,LAS MATAS DE FARFÁN,SAN JUAN,MINISTERIO DE AGRICULTURA,EMCV,,,0.5,https://indomet.gob.do/wp-content/uploads/2025/10/temperaturas-extremas-y-precipitaciones-2025x10x22-e.pdf
2025-10-22,079,TAVERA,SANTIAGO,INDRHI,EMCI,,,0.5,https://indomet.gob.do/wp-content/uploads/2025/10/temperaturas-extremas-y-precipitaciones-2025x10x22-e.pdf
2025-10-22,080,ALTAMIRA,PUERTO PLATA,HOSP. MPAL. DE ALTAMIRA,EMCI,33.3,22.5,0.2,https://indomet.gob.do/wp-content/uploads/2025/10/temperaturas-extremas-y-precipitaciones-2025x10x22-e.pdf
2025-10-22,081,ARPT. DEL CIBAO,SANTIAGO,INDOMET,EMCI,28.5,22.5,0.2,https://indomet.gob.do/wp-content/uploads/2025/10/temperaturas-extremas-y-precipitaciones-2025x10x22-e.pdf
2025-10-22,082,BOCA DE MAO (EMA),VALVERDE,MINISTERIO DE AGRICULTURA,EMAP,31.3,24.7,0.2,https://indomet.gob.do/wp-content/uploads/2025/10/temperaturas-extremas-y-precipitaciones-2025x10x22-e.pdf
2025-10-22,083,MONTE CRISTI,MONTE CRISTI,INDOMET,EMCI,33.5,24.2,0.2,https://indomet.gob.do/wp-content/uploads/2025/10/temperaturas-extremas-y-precipitaciones-2025x10x22-e.pdf
2025-10-22,084,ARROYO LORO,SAN JUAN,IDIAF,EMCI,28.8,21.7,0.1,https://indomet.gob.do/wp-content/uploads/2025/10/temperaturas-extremas-y-precipitaciones-2025x10x22-e.pdf
2025-10-22,085,GURABO,SANTIAGO,MINISTERIO DE AGRICULTURA,EMCV,,,0.0,https://indomet.gob.do/wp-content/uploads/2025/10/temperaturas-extremas-y-precipitaciones-2025x10x22-e.pdf
2025-10-22,086,LAS CANAS (EMA),MONTE CRISTI,PROGRAMA MUNDIAL DE ALIMENTO,EMAP,32.1,24.7,0.0,https://indomet.gob.do/wp-content/uploads/2025/10/temperaturas-extremas-y-precipitaciones-2025x10x22-e.pdf
2025-10-22,087,LAS MATAS DE SANTA CRUZ (EMA,MONTE CRISTI,PROGRAMA MUNDIAL DE ALIMENTO,EMAP,,,0.0,https://indomet.gob.do/wp-content/uploads/2025/10/temperaturas-extremas-y-precipitaciones-2025x10x22-e.pdf
2025-10-22,088,MAO,VALVERDE,INDRHI / MINISTERIO DE AGRICULTURA,EMCV,,,0.0,https://indomet.gob.do/wp-content/uploads/2025/10/temperaturas-extremas-y-precipitaciones-2025x10x22-e.pdf
2025-10-22,089,NAVARRETE,SANTIAGO,MINISTERIO DE AGRICULTURA,EMCV,,,0.0,https://indomet.gob.do/wp-content/uploads/2025/10/temperaturas-extremas-y-precipitaciones-2025x10x22-e.pdf
2025-10-22,090,PESCADERIA (EMA),BARAHONA,MINISTERIO DE AGRICULTURA,EMAP,,,0.0,https://indomet.gob.do/wp-content/uploads/2025/10/temperaturas-extremas-y-precipitaciones-2025x10x22-e.pdf
2025-10-22,091,PONTÓN ABAJO (EMA),LA VEGA,MINISTERIO DE AGRICULTURA,EMAP,28.0,23.7,0.0,https://indomet.gob.do/wp-content/uploads/2025/10/temperaturas-extremas-y-precipitaciones-2025x10x22-e.pdf
2025-10-22,092,RESTAURACIÓN,DAJABÓN,MINISTERIO DE AGRICULTURA,EMCI,27.9,17.6,0.0,https://indomet.gob.do/wp-content/uploads/2025/10/temperaturas-extremas-y-precipitaciones-2025x10x22-e.pdf
2025-10-22,093,SANTIAGO,SANTIAGO,HUACALITO,EMCI,,,0.0,https://indomet.gob.do/wp-content/uploads/2025/10/temperaturas-extremas-y-precipitaciones-2025x10x22-e.pdf
2025-10-22,094,VILLA GONZALE (EMA),SANTIAGO,IGLESIA,EMAI,,,0.0,https://indomet.gob.do/wp-content/uploads/2025/10/temperaturas-extremas-y-precipitaciones-2025x10x22-e.pdf
2025-10-22,095,VILLA GONZALES,SANTIAGO,MINISTERIO DE AGRICULTURA,EMCI,,,0.0,https://indomet.gob.do/wp-content/uploads/2025/10/temperaturas-extremas-y-precipitaciones-2025x10x22-e.pdf
2025-10-22,096,VILLA ISABELA,PUERTO PLATA,MINISTERIO DE AGRICULTURA,EMCV,,,0.0,https://indomet.gob.do/wp-content/uploads/2025/10/temperaturas-extremas-y-precipitaciones-2025x10x22-e.pdf
2025-10-22,097,VILLA VASQUEZ (EMA),MONTE CRISTI,JUNTA DE REGANTES,EMAI,,,0.0,https://indomet.gob.do/wp-content/uploads/2025/10/temperaturas-extremas-y-precipitaciones-2025x10x22-e.pdf
2025-10-23,001,SANTO DOMINGO ESTE,SANTO DOMINGO,INDOMET,EMCI,26.0,23.0,177.9,https://indomet.gob.do/wp-content/uploads/2025/10/temperaturas-extremas-y-precipitaciones-2025x10x23-a.pdf
2025-10-23,002,CENTRO DE LOS HEROES (EMA),DISTRITO NACIONAL,MINISTERIO DE ENERGIA Y MINA,EMAP,24.6,22.1,175.6,https://indomet.gob.do/wp-content/uploads/2025/10/temperaturas-extremas-y-precipitaciones-2025x10x23-a.pdf
2025-10-23,003,LOS PRADOS (EMA),DISTRITO NACIONAL,PRIVADA,EMAP,,,160.5,https://indomet.gob.do/wp-content/uploads/2025/10/temperaturas-extremas-y-precipitaciones-2025x10x23-a.pdf
2025-10-23,004,BELLA VISTA (EMA),DISTRITO NACIONAL,PRIVADA,EMAP,,,145.5,https://indomet.gob.do/wp-content/uploads/2025/10/temperaturas-extremas-y-precipitaciones-2025x10x23-a.pdf
2025-10-23,005,CERROS DE ARROYO HONDO (EM,DISTRITO NACIONAL,PRIVADA,EMAP,,,144.8,https://indomet.gob.do/wp-content/uploads/2025/10/temperaturas-extremas-y-precipitaciones-2025x10x23-a.pdf
2025-10-23,006,PROLONGACION 27 DE FEBRERO,DISTRITO NACIONAL,PRIVADA,EMAP,,,143.7,https://indomet.gob.do/wp-content/uploads/2025/10/temperaturas-extremas-y-precipitaciones-2025x10x23-a.pdf
2025-10-23,007,LOS CACICAZGOS (EMA),DISTRITO NACIONAL,PRIVADA,EMAP,,,138.9,https://indomet.gob.do/wp-content/uploads/2025/10/temperaturas-extremas-y-precipitaciones-2025x10x23-a.pdf
2025-10-23,008,ENSANCHE PARAÍSO (EMA),DISTRITO NACIONAL,PRIVADA,EMAP,,,136.4,https://indomet.gob.do/wp-content/uploads/2025/10/temperaturas-extremas-y-precipitaciones-2025x10x23-a.pdf
2025-10-23,009,ARPT. LA ISABELA,SANTO DOMINGO,INDOMET,EMCI,26.2,20.8,130.0,https://indomet.gob.do/wp-content/uploads/2025/10/temperaturas-extremas-y-precipitaciones-2025x10x23-a.pdf
2025-10-23,010,JARDÍN BOTÁNICO NACIONAL,DISTRITO NACIONAL,JARDÍN BOTÁNICO NACIONAL,EMCV,26.7,21.5,125.7,https://indomet.gob.do/wp-content/uploads/2025/10/temperaturas-extremas-y-precipitaciones-2025x10x23-a.pdf
2025-10-23,011,PARQUE INDUSTRIAL ITABO (EMA,SAN CRISTÓBAL,PRIVADA,EMAP,,,125.0,https://indomet.gob.do/wp-content/uploads/2025/10/temperaturas-extremas-y-precipitaciones-2025x10x23-a.pdf
2025-10-23,012,SAN ANTONIO (EMA),SAN CRISTÓBAL,PRIVADA,EMAP,,,119.6,https://indomet.gob.do/wp-content/uploads/2025/10/temperaturas-extremas-y-precipitaciones-2025x10x23-a.pdf
2025-10-23,013,POLO,BARAHONA,INDOCAFE,EMCI,29.0,18.5,107.5,https://indomet.gob.do/wp-content/uploads/2025/10/temperaturas-extremas-y-precipitaciones-2025x10x23-a.pdf
2025-10-23,014,LA VICTORIA,SANTO DOMINGO,CUERPO DE BOMBEROS,EMCI,27.0,22.5,106.3,https://indomet.gob.do/wp-content/uploads/2025/10/temperaturas-extremas-y-precipitaciones-2025x10x23-a.pdf
2025-10-23,015,ESCONDIDO,PERAVIA,MINISTERIO DE AGRICULTURA,EMCV,25.0,22.0,103.1,https://indomet.gob.do/wp-content/uploads/2025/10/temperaturas-extremas-y-precipitaciones-2025x10x23-a.pdf
2025-10-23,016,LOS JARDINES (EMA),DISTRITO NACIONAL,PRIVADA,EMAP,,,97.4,https://indomet.gob.do/wp-content/uploads/2025/10/temperaturas-extremas-y-precipitaciones-2025x10x23-a.pdf
2025-10-23,017,ENRIQUILLO,BARAHONA,MINISTERIO DE AGRICULTURA,EMCV,25.5,19.5,87.2,https://indomet.gob.do/wp-content/uploads/2025/10/temperaturas-extremas-y-precipitaciones-2025x10x23-a.pdf
2025-10-23,018,BASE AÉREA DE SAN ISIDRO,SANTO DOMINGO,FUERZA AÉREA DOMINICANA,EMCV,26.0,22.0,78.5,https://indomet.gob.do/wp-content/uploads/2025/10/temperaturas-extremas-y-precipitaciones-2025x10x23-a.pdf
2025-10-23,019,BANI (EMA),PERAVIA,MINISTERIO DE AGRICULTURA,EMAP,25.1,23.1,77.8,https://indomet.gob.do/wp-content/uploads/2025/10/temperaturas-extremas-y-precipitaciones-2025x10x23-a.pdf
2025-10-23,020,ARPT. MARÍA MONTEZ,BARAHONA,INDOMET,EMCI,25.0,22.5,75.1,https://indomet.gob.do/wp-content/uploads/2025/10/temperaturas-extremas-y-precipitaciones-2025x10x23-a.pdf
2025-10-23,021,VILLA RIVA,DUARTE,HOSP. MPAL. ALICIA DE LEGENDRE,EMCI,26.6,21.7,68.5,https://indomet.gob.do/wp-content/uploads/2025/10/temperaturas-extremas-y-precipitaciones-2025x10x23-a.pdf
2025-10-23,022,SAN CRISTÓBAL,SAN CRISTÓBAL,INSTITUTO POLITÉCNICO LOYOLA,EMCI,25.2,19.2,64.6,https://indomet.gob.do/wp-content/uploads/2025/10/temperaturas-extremas-y-precipitaciones-2025x10x23-a.pdf
2025-10-23,023,VILLA ALTAGRACIA,SAN CRISTÓBAL,ESCUELA JAVIER ANGULO GURIDI,EMCI,,,57.4,https://indomet.gob.do/wp-content/uploads/2025/10/temperaturas-extremas-y-precipitaciones-2025x10x23-a.pdf
2025-10-23,024,OVIEDO,PEDERNALES,CLÍNICA RURAL OVIEDO,EMCI,25.3,21.7,57.2,https://indomet.gob.do/wp-content/uploads/2025/10/temperaturas-extremas-y-precipitaciones-2025x10x23-a.pdf
2025-10-23,025,RANCHO ARRIBA,SAN JOSÉ DE OCOA,CENTRO TECNOLÓGICO COMUNITARIO,EMCI,25.3,18.6,57.2,https://indomet.gob.do/wp-content/uploads/2025/10/temperaturas-extremas-y-precipitaciones-2025x10x23-a.pdf
2025-10-23,026,JUAN DOLIO (EMA),SAN PEDRO DE MACORÍS,PRIVADA,EMAP,,,57.2,https://indomet.gob.do/wp-content/uploads/2025/10/temperaturas-extremas-y-precipitaciones-2025x10x23-a.pdf
2025-10-23,027,ARPT. DE LAS AMÉRICAS,SANTO DOMINGO,INDOMET,EMCI,28.0,20.8,56.5,https://indomet.gob.do/wp-content/uploads/2025/10/temperaturas-extremas-y-precipitaciones-2025x10x23-a.pdf
2025-10-23,028,ARPT. DE PUNTA CANA,LA ALTAGRACIA,INDOMET,EMCI,30.2,21.9,53.6,https://indomet.gob.do/wp-content/uploads/2025/10/temperaturas-extremas-y-precipitaciones-2025x10x23-a.pdf
2025-10-23,029,JUMA BEJUCAL,MONSEÑOR NOUEL,IDIAF,EMCV,25.0,20.8,50.1,https://indomet.gob.do/wp-content/uploads/2025/10/temperaturas-extremas-y-precipitaciones-2025x10x23-a.pdf
2025-10-23,030,EL FACTOR (EMA),MARÍA TRINIDAD SÁNCHEZ,INTEC,EMAP,26.9,22.9,49.0,https://indomet.gob.do/wp-content/uploads/2025/10/temperaturas-extremas-y-precipitaciones-2025x10x23-a.pdf
2025-10-23,031,SAN RAFAEL DEL YUMA,LA ALTAGRACIA,MINISTERIO DE AGRICULTURA,EMCI,28.7,22.5,48.3,https://indomet.gob.do/wp-content/uploads/2025/10/temperaturas-extremas-y-precipitaciones-2025x10x23-a.pdf
2025-10-23,032,CABRAL,BARAHONA,MINISTERIO DE AGRICULTURA,EMCV,34.6,22.5,47.6,https://indomet.gob.do/wp-content/uploads/2025/10/temperaturas-extremas-y-precipitaciones-2025x10x23-a.pdf
2025-10-23,033,BAYAGUANA,MONTE PLATA,INDOMET,EMCI,28.4,22.8,47.5,https://indomet.gob.do/wp-content/uploads/2025/10/temperaturas-extremas-y-precipitaciones-2025x10x23-a.pdf
2025-10-23,034,BONAO,MONSEÑOR NOUEL,MINISTERIO DE AGRICULTURA,EMCV,,,43.4,https://indomet.gob.do/wp-content/uploads/2025/10/temperaturas-extremas-y-precipitaciones-2025x10x23-a.pdf
2025-10-23,035,LOS LLANOS,SAN PEDRO DE MACORÍS,MINISTERIO DE AGRICULTURA,EMCI,28.3,22.2,41.0,https://indomet.gob.do/wp-content/uploads/2025/10/temperaturas-extremas-y-precipitaciones-2025x10x23-a.pdf
2025-10-23,036,ALTO BANDERA (EMA),LA VEGA,INTEC,EMAP,10.1,7.9,40.9,https://indomet.gob.do/wp-content/uploads/2025/10/temperaturas-extremas-y-precipitaciones-2025x10x23-a.pdf
2025-10-23,037,SALCEDO,HERMANAS MIRABAL,PROPIEDAD DEL EMPLEADO,EMCI,,,38.7,https://indomet.gob.do/wp-content/uploads/2025/10/temperaturas-extremas-y-precipitaciones-2025x10x23-a.pdf
2025-10-23,038,SAN JOSÉ DE OCOA,SAN JOSÉ DE OCOA,HOSP. SAN JOSÉ DE OCOA,EMCI,23.4,19.4,38.6,https://indomet.gob.do/wp-content/uploads/2025/10/temperaturas-extremas-y-precipitaciones-2025x10x23-a.pdf
2025-10-23,039,HATO MAYOR,HATO MAYOR,MINISTERIO DE AGRICULTURA,EMCV,,,38.1,https://indomet.gob.do/wp-content/uploads/2025/10/temperaturas-extremas-y-precipitaciones-2025x10x23-a.pdf
2025-10-23,040,PASO AL MEDIO,SAN PEDRO DE MACORÍS,INDRHI,EMCI,,,34.3,https://indomet.gob.do/wp-content/uploads/2025/10/temperaturas-extremas-y-precipitaciones-2025x10x23-a.pdf
2025-10-23,041,LOS JENGIBRES,NAGUA,INDRHI,EMCI,,,33.2,https://indomet.gob.do/wp-content/uploads/2025/10/temperaturas-extremas-y-precipitaciones-2025x10x23-a.pdf
2025-10-23,042,CABRERA,MARÍA TRINIDAD SÁNCHEZ,ESCUELA ARÍSTIDES FIALLO CABRAL,EMCI,28.0,23.0,31.8,https://indomet.gob.do/wp-content/uploads/2025/10/temperaturas-extremas-y-precipitaciones-2025x10x23-a.pdf
2025-10-23,043,COTUÍ,SÁNCHEZ RAMÍREZ,HOSP. INMACULADA CONCEPCIÓN,EMCV,,,28.6,https://indomet.gob.do/wp-content/uploads/2025/10/temperaturas-extremas-y-precipitaciones-2025x10x23-a.pdf
2025-10-23,044,SABANA DE LA MAR,HATO MAYOR,INDOMET,EMCI,28.5,22.5,28.2,https://indomet.gob.do/wp-content/uploads/2025/10/temperaturas-extremas-y-precipitaciones-2025x10x23-a.pdf
2025-10-23,045,ARPT. EL CATEY,SAMANÁ,INDOMET,EMCI,27.0,22.0,27.8,https://indomet.gob.do/wp-content/uploads/2025/10/temperaturas-extremas-y-precipitaciones-2025x10x23-a.pdf
2025-10-23,046,ANAMUYA (EMA),LA ALTAGRACIA,MINISTERIO DE AGRICULTURA,EMAP,28.8,22.5,27.6,https://indomet.gob.do/wp-content/uploads/2025/10/temperaturas-extremas-y-precipitaciones-2025x10x23-a.pdf
2025-10-23,047,GASPAR HERNÁNDEZ,ESPAILLAT,PROPIEDAD DEL EMPLEADO,EMCI,,,27.4,https://indomet.gob.do/wp-content/uploads/2025/10/temperaturas-extremas-y-precipitaciones-2025x10x23-a.pdf
2025-10-23,048,JIMA ABAJO,LA VEGA,INDOMET,EMCI,21.4,21.0,27.4,https://indomet.gob.do/wp-content/uploads/2025/10/temperaturas-extremas-y-precipitaciones-2025x10x23-a.pdf
2025-10-23,049,ARPT. DE LA ROMANA,LA ROMANA,INDOMET,EMCI,28.0,22.2,26.3,https://indomet.gob.do/wp-content/uploads/2025/10/temperaturas-extremas-y-precipitaciones-2025x10x23-a.pdf
2025-10-23,050,ARPT. ARROYO BARRIL,SAMANÁ,INDOMET,EMCI,28.3,23.6,23.0,https://indomet.gob.do/wp-content/uploads/2025/10/temperaturas-extremas-y-precipitaciones-2025x10x23-a.pdf
2025-10-23,051,RÍO SAN JUAN,MARÍA TRINIDAD SÁNCHEZ,HOSP. MPAL. DR. DESIDERIO ACOSTA,EMCV,27.2,23.5,19.2,https://indomet.gob.do/wp-content/uploads/2025/10/temperaturas-extremas-y-precipitaciones-2025x10x23-a.pdf
2025-10-23,052,TAMBORIL,SANTIAGO,MINISTERIO DE AGRICULTURA,EMCV,,,19.1,https://indomet.gob.do/wp-content/uploads/2025/10/temperaturas-extremas-y-precipitaciones-2025x10x23-a.pdf
2025-10-23,053,SAMANÁ,SAMANÁ,COMANDANCIA DE PUERTO DE SAMANÁ,EMCI,29.0,20.1,18.2,https://indomet.gob.do/wp-content/uploads/2025/10/temperaturas-extremas-y-precipitaciones-2025x10x23-a.pdf
2025-10-23,054,BUCARA (EMA),SANTIAGO,MINISTERIO DE AGRICULTURA,EMAI,,,18.0,https://indomet.gob.do/wp-content/uploads/2025/10/temperaturas-extremas-y-precipitaciones-2025x10x23-a.pdf
2025-10-23,055,EL SEIBO,EL SEIBO,MINISTERIO DE AGRICULTURA,EMCV,,,17.8,https://indomet.gob.do/wp-content/uploads/2025/10/temperaturas-extremas-y-precipitaciones-2025x10x23-a.pdf
2025-10-23,056,PERALTA,AZUA,HOSP. MPAL. DE PERALTA,EMCI,23.5,18.8,16.8,https://indomet.gob.do/wp-content/uploads/2025/10/temperaturas-extremas-y-precipitaciones-2025x10x23-a.pdf
2025-10-23,057,MICHES (EMA),EL SEIBO,PRIVADA,EMAP,29.1,23.1,16.2,https://indomet.gob.do/wp-content/uploads/2025/10/temperaturas-extremas-y-precipitaciones-2025x10x23-a.pdf
2025-10-23,058,SÁNCHEZ,SAMANÁ,MINISTERIO DE AGRICULTURA,EMCI,27.7,22.1,15.8,https://indomet.gob.do/wp-content/uploads/2025/10/temperaturas-extremas-y-precipitaciones-2025x10x23-a.pdf
2025-10-23,059,ARPT. GREGORIO LUPERÓN,PUERTO PLATA,INDOMET,EMCI,26.7,23.0,15.3,https://indomet.gob.do/wp-content/uploads/2025/10/temperaturas-extremas-y-precipitaciones-2025x10x23-a.pdf
2025-10-23,060,CONSTANZA,LA VEGA,MINISTERIO DE AGRICULTURA,EMCI,20.1,14.5,13.7,https://indomet.gob.do/wp-content/uploads/2025/10/temperaturas-extremas-y-precipitaciones-2025x10x23-a.pdf
2025-10-23,061,LA VEGA,LA VEGA,IATESA,EMCI,27.0,22.0,13.1,https://indomet.gob.do/wp-content/uploads/2025/10/temperaturas-extremas-y-precipitaciones-2025x10x23-a.pdf
2025-10-23,062,CONSTANZA (EMA),LA VEGA,PROGRAMA MUNDIAL DE ALIMENTO,EMAP,19.7,15.8,12.6,https://indomet.gob.do/wp-content/uploads/2025/10/temperaturas-extremas-y-precipitaciones-2025x10x23-a.pdf
2025-10-23,063,PADRE LAS CASAS,AZUA,HOSP. NTRA. SRA. DEL CARMEN,EMCI,24.0,18.5,11.2,https://indomet.gob.do/wp-content/uploads/2025/10/temperaturas-extremas-y-precipitaciones-2025x10x23-a.pdf
2025-10-23,064,MOCA,ESPAILLAT,MINISTERIO DE AGRICULTURA,EMCV,,,11.0,https://indomet.gob.do/wp-content/uploads/2025/10/temperaturas-extremas-y-precipitaciones-2025x10x23-a.pdf
2025-10-23,065,PONTÓN ABAJO (EMA),LA VEGA,MINISTERIO DE AGRICULTURA,EMAP,26.8,22.4,10.8,https://indomet.gob.do/wp-content/uploads/2025/10/temperaturas-extremas-y-precipitaciones-2025x10x23-a.pdf
2025-10-23,066,JIMANÍ,INDEPENDENCIA,MINISTERIO DE AGRICULTURA,EMCI,26.0,22.5,10.4,https://indomet.gob.do/wp-content/uploads/2025/10/temperaturas-extremas-y-precipitaciones-2025x10x23-a.pdf
2025-10-23,067,TÁBARA ABAJO,AZUA,INDRHI,EMCI,33.5,20.0,8.6,https://indomet.gob.do/wp-content/uploads/2025/10/temperaturas-extremas-y-precipitaciones-2025x10x23-a.pdf
2025-10-23,068,ARPT. DEL CIBAO,SANTIAGO,INDOMET,EMCI,27.8,23.0,8.0,https://indomet.gob.do/wp-content/uploads/2025/10/temperaturas-extremas-y-precipitaciones-2025x10x23-a.pdf
2025-10-23,069,PEDERNALES,PEDERNALES,INDRHI,EMCI,,,7.9,https://indomet.gob.do/wp-content/uploads/2025/10/temperaturas-extremas-y-precipitaciones-2025x10x23-a.pdf
2025-10-23,070,LAS MATAS DE FARFÁN,SAN JUAN,MINISTERIO DE AGRICULTURA,EMCV,,,7.6,https://indomet.gob.do/wp-content/uploads/2025/10/temperaturas-extremas-y-precipitaciones-2025x10x23-a.pdf
2025-10-23,071,OLIVARES,PEDERNALES,INDRHI,EMCI,,,7.1,https://indomet.gob.do/wp-content/uploads/2025/10/temperaturas-extremas-y-precipitaciones-2025x10x23-a.pdf
2025-10-23,072,GURABO,SANTIAGO,MINISTERIO DE AGRICULTURA,EMCV,,,6.4,https://indomet.gob.do/wp-content/uploads/2025/10/temperaturas-extremas-y-precipitaciones-2025x10x23-a.pdf
2025-10-23,073,SABANA GRANDE DE BOYÁ,MONTE PLATA,MINISTERIO DE AGRICULTURA,EMCV,,,5.6,https://indomet.gob.do/wp-content/uploads/2025/10/temperaturas-extremas-y-precipitaciones-2025x10x23-a.pdf
2025-10-23,074,JARABACOA (EMA),LA VEGA,PROGRAMA MUNDIAL DE ALIMENTO,EMAP,24.2,19.3,5.4,https://indomet.gob.do/wp-content/uploads/2025/10/temperaturas-extremas-y-precipitaciones-2025x10x23-a.pdf
2025-10-23,075,JARABACOA,LA VEGA,INDRHI / MARENA,EMCI,24.4,18.2,5.3,https://indomet.gob.do/wp-content/uploads/2025/10/temperaturas-extremas-y-precipitaciones-2025x10x23-a.pdf
2025-10-23,076,SANTIAGO,SANTIAGO,HUACALITO,EMCI,,,4.8,https://indomet.gob.do/wp-content/uploads/2025/10/temperaturas-extremas-y-precipitaciones-2025x10x23-a.pdf
2025-10-23,077,JARDÍN BOTÁNICO SANTIAGO (EMSANTIAGO,,JARDIN BOTANICO SANTIAGO,EMAI,27.2,23.0,4.6,https://indomet.gob.do/wp-content/uploads/2025/10/temperaturas-extremas-y-precipitaciones-2025x10x23-a.pdf
2025-10-23,078,PRESA DE TAVERAS (EMA),LA VEGA,PROGRAMA MUNDIAL DE ALIMENTO,EMAP,25.9,20.9,4.2,https://indomet.gob.do/wp-content/uploads/2025/10/temperaturas-extremas-y-precipitaciones-2025x10x23-a.pdf
2025-10-23,079,ARROYO LORO,SAN JUAN,IDIAF,EMCI,26.2,20.0,4.1,https://indomet.gob.do/wp-content/uploads/2025/10/temperaturas-extremas-y-precipitaciones-2025x10x23-a.pdf
2025-10-23,080,ELÍAS PIÑA,ELÍAS PIÑA,MINISTERIO DE AGRICULTURA,EMCV,,,3.0,https://indomet.gob.do/wp-content/uploads/2025/10/temperaturas-extremas-y-precipitaciones-2025x10x23-a.pdf
2025-10-23,081,VILLA GONZALES,SANTIAGO,MINISTERIO DE AGRICULTURA,EMCI,,,2.5,https://indomet.gob.do/wp-content/uploads/2025/10/temperaturas-extremas-y-precipitaciones-2025x10x23-a.pdf
2025-10-23,082,HONDO VALLE,ELÍAS PIÑA,MINISTERIO DE AGRICULTURA,EMCI,27.0,17.5,2.5,https://indomet.gob.do/wp-content/uploads/2025/10/temperaturas-extremas-y-precipitaciones-2025x10x23-a.pdf
2025-10-23,083,TAVERA,SANTIAGO,INDRHI,EMCI,,,2.0,https://indomet.gob.do/wp-content/uploads/2025/10/temperaturas-extremas-y-precipitaciones-2025x10x23-a.pdf
2025-10-23,084,PALO ÍNDIO,PUERTO PLATA,MINISTERIO DE AGRICULTURA,EMCI,,,1.8,https://indomet.gob.do/wp-content/uploads/2025/10/temperaturas-extremas-y-precipitaciones-2025x10x23-a.pdf
2025-10-23,085,ALTAMIRA,PUERTO PLATA,HOSP. MPAL. DE ALTAMIRA,EMCI,26.9,21.1,1.6,https://indomet.gob.do/wp-content/uploads/2025/10/temperaturas-extremas-y-precipitaciones-2025x10x23-a.pdf
2025-10-23,086,NAVARRETE,SANTIAGO,MINISTERIO DE AGRICULTURA,EMCV,,,1.5,https://indomet.gob.do/wp-content/uploads/2025/10/temperaturas-extremas-y-precipitaciones-2025x10x23-a.pdf
2025-10-23,087,JANICO (EMA),LA VEGA,PLAN SIERRA,EMAI,,,0.8,https://indomet.gob.do/wp-content/uploads/2025/10/temperaturas-extremas-y-precipitaciones-2025x10x23-a.pdf
2025-10-23,088,BOCA DE MAO (EMA),VALVERDE,MINISTERIO DE AGRICULTURA,EMAP,29.7,23.2,0.2,https://indomet.gob.do/wp-content/uploads/2025/10/temperaturas-extremas-y-precipitaciones-2025x10x23-a.pdf
2025-10-23,089,MONCIÓN (EMA),SANTIAGO RODRÍGUEZ,PROGRAMA MUNDIAL DE ALIMENTO,EMAP,26.5,19.9,0.2,https://indomet.gob.do/wp-content/uploads/2025/10/temperaturas-extremas-y-precipitaciones-2025x10x23-a.pdf
2025-10-23,090,SABANETA (EMA),SANTIAGO RODRÍGUEZ,PROGRAMA MUNDIAL DE ALIMENTO,EMAP,30.3,22.2,0.2,https://indomet.gob.do/wp-content/uploads/2025/10/temperaturas-extremas-y-precipitaciones-2025x10x23-a.pdf
2025-10-23,091,RESTAURACIÓN,DAJABÓN,MINISTERIO DE AGRICULTURA,EMCI,26.5,17.3,0.1,https://indomet.gob.do/wp-content/uploads/2025/10/temperaturas-extremas-y-precipitaciones-2025x10x23-a.pdf
2025-10-23,092,SANTIAGO RODRÍGUEZ,SANTIAGO RODRÍGUEZ,INDOMET,EMCI,30.2,22.4,0.1,https://indomet.gob.do/wp-content/uploads/2025/10/temperaturas-extremas-y-precipitaciones-2025x10x23-a.pdf
2025-10-23,093,DAJABÓN,DAJABÓN,INSTITUTO POLITÉCNICO LOYOLA,EMCI,32.7,21.3,0.0,https://indomet.gob.do/wp-content/uploads/2025/10/temperaturas-extremas-y-precipitaciones-2025x10x23-a.pdf
2025-10-23,094,LAS CANAS (EMA),MONTE CRISTI,PROGRAMA MUNDIAL DE ALIMENTO,EMAP,30.4,22.6,0.0,https://indomet.gob.do/wp-content/uploads/2025/10/temperaturas-extremas-y-precipitaciones-2025x10x23-a.pdf
2025-10-23,095,LAS MATAS DE SANTA CRUZ (EMA,MONTE CRISTI,PROGRAMA MUNDIAL DE ALIMENTO,EMAP,,,0.0,https://indomet.gob.do/wp-content/uploads/2025/10/temperaturas-extremas-y-precipitaciones-2025x10x23-a.pdf
2025-10-23,096,MAO,VALVERDE,INDRHI / MINISTERIO DE AGRICULTURA,EMCV,,,0.0,https://indomet.gob.do/wp-content/uploads/2025/10/temperaturas-extremas-y-precipitaciones-2025x10x23-a.pdf
2025-10-23,097,MONTE CRISTI,MONTE CRISTI,INDOMET,EMCI,32.2,24.3,0.0,https://indomet.gob.do/wp-content/uploads/2025/10/temperaturas-extremas-y-precipitaciones-2025x10x23-a.pdf
2025-10-23,098,VILLA GONZALE (EMA),SANTIAGO,IGLESIA,EMAI,,,0.0,https://indomet.gob.do/wp-content/uploads/2025/10/temperaturas-extremas-y-precipitaciones-2025x10x23-a.pdf
2025-10-23,099,VILLA VASQUEZ (EMA),MONTE CRISTI,JUNTA DE REGANTES,EMAI,,,0.0,https://indomet.gob.do/wp-content/uploads/2025/10/temperaturas-extremas-y-precipitaciones-2025x10x23-a.pdf
2025-10-24,001,ARPT. DE PUNTA CANA,LA ALTAGRACIA,INDOMET,EMCI,28.4,21.4,162.5,https://indomet.gob.do/wp-content/uploads/2025/10/temperaturas-extremas-y-precipitaciones-2025x10x24-B.pdf
2025-10-24,002,LOS PRADOS,DISTRITO NACIONAL,PRIVADA,EMAP,,,160.5,https://indomet.gob.do/wp-content/uploads/2025/10/temperaturas-extremas-y-precipitaciones-2025x10x24-B.pdf
2025-10-24,003,BELLA VISTA,DISTRITO NACIONAL,PRIVADA,EMAP,,,145.5,https://indomet.gob.do/wp-content/uploads/2025/10/temperaturas-extremas-y-precipitaciones-2025x10x24-B.pdf
2025-10-24,004,CERROS DE ARROYO HONDO,DISTRITO NACIONAL,PRIVADA,EMAP,,,144.8,https://indomet.gob.do/wp-content/uploads/2025/10/temperaturas-extremas-y-precipitaciones-2025x10x24-B.pdf
2025-10-24,005,PROLONGACION 27 DE FEBRERO,DISTRITO NACIONAL,PRIVADA,EMAP,,,143.7,https://indomet.gob.do/wp-content/uploads/2025/10/temperaturas-extremas-y-precipitaciones-2025x10x24-B.pdf
2025-10-24,006,LOS CACICAZGOS,DISTRITO NACIONAL,PRIVADA,EMAP,,,138.9,https://indomet.gob.do/wp-content/uploads/2025/10/temperaturas-extremas-y-precipitaciones-2025x10x24-B.pdf
2025-10-24,007,ENSANCHE PARAÍSO,DISTRITO NACIONAL,PRIVADA,EMAP,,,137.0,https://indomet.gob.do/wp-content/uploads/2025/10/temperaturas-extremas-y-precipitaciones-2025x10x24-B.pdf
2025-10-24,008,ENSANCHE PARAÍSO,DISTRITO NACIONAL,PRIVADA,EMAP,,,136.4,https://indomet.gob.do/wp-content/uploads/2025/10/temperaturas-extremas-y-precipitaciones-2025x10x24-B.pdf
2025-10-24,009,PARQUE INDUSTRIAL ITABO,SAN CRISTÓBAL,PRIVADA,EMAP,,,125.0,https://indomet.gob.do/wp-content/uploads/2025/10/temperaturas-extremas-y-precipitaciones-2025x10x24-B.pdf
2025-10-24,010,SAN ANTONIO,SAN CRISTÓBAL,PRIVADA,EMAP,,,119.6,https://indomet.gob.do/wp-content/uploads/2025/10/temperaturas-extremas-y-precipitaciones-2025x10x24-B.pdf
2025-10-24,011,SAN RAFAEL DEL YUMA,LA ALTAGRACIA,MINISTERIO DE AGRICULTURA,EMCI,25.6,22.2,110.7,https://indomet.gob.do/wp-content/uploads/2025/10/temperaturas-extremas-y-precipitaciones-2025x10x24-B.pdf
2025-10-24,012,LOS LLANOS,SAN PEDRO DE MACORÍS,MINISTERIO DE AGRICULTURA,EMCI,25.7,22.0,99.8,https://indomet.gob.do/wp-content/uploads/2025/10/temperaturas-extremas-y-precipitaciones-2025x10x24-B.pdf
2025-10-24,013,LOS JARDINES,DISTRITO NACIONAL,PRIVADA,EMAP,,,97.4,https://indomet.gob.do/wp-content/uploads/2025/10/temperaturas-extremas-y-precipitaciones-2025x10x24-B.pdf
2025-10-24,014,OVIEDO,PEDERNALES,CLÍNICA RURAL OVIEDO,EMCI,26.0,23.5,84.8,https://indomet.gob.do/wp-content/uploads/2025/10/temperaturas-extremas-y-precipitaciones-2025x10x24-B.pdf
2025-10-24,015,ESCONDIDO,PERAVIA,MINISTERIO DE AGRICULTURA,EMCV,24.0,22.0,84.0,https://indomet.gob.do/wp-content/uploads/2025/10/temperaturas-extremas-y-precipitaciones-2025x10x24-B.pdf
2025-10-24,016,CENTRO DE LOS HEROES (EMA),DISTRITO NACIONAL,MINISTERIO DE ENERGIA Y MINA,EMAP,24.9,22.9,83.8,https://indomet.gob.do/wp-content/uploads/2025/10/temperaturas-extremas-y-precipitaciones-2025x10x24-B.pdf
2025-10-24,017,BANI (EMA),PERAVIA,MINISTERIO DE AGRICULTURA,EMAP,,,80.2,https://indomet.gob.do/wp-content/uploads/2025/10/temperaturas-extremas-y-precipitaciones-2025x10x24-B.pdf
2025-10-24,018,CABRAL,BARAHONA,MINISTERIO DE AGRICULTURA,EMCV,35.3,22.5,75.9,https://indomet.gob.do/wp-content/uploads/2025/10/temperaturas-extremas-y-precipitaciones-2025x10x24-B.pdf
2025-10-24,019,ARPT. DE LAS AMÉRICAS,SANTO DOMINGO,INDOMET,EMCI,25.2,20.8,67.6,https://indomet.gob.do/wp-content/uploads/2025/10/temperaturas-extremas-y-precipitaciones-2025x10x24-B.pdf
2025-10-24,020,BAVARO,LA ALTAGRACIA,PRIVADA,EMAP,,,65.4,https://indomet.gob.do/wp-content/uploads/2025/10/temperaturas-extremas-y-precipitaciones-2025x10x24-B.pdf
2025-10-24,021,SANTO DOMINGO ESTE,SANTO DOMINGO,INDOMET,EMCI,25.0,20.6,61.7,https://indomet.gob.do/wp-content/uploads/2025/10/temperaturas-extremas-y-precipitaciones-2025x10x24-B.pdf
2025-10-24,022,ARPT. DE LA ROMANA,LA ROMANA,INDOMET,EMCI,25.8,21.5,61.5,https://indomet.gob.do/wp-content/uploads/2025/10/temperaturas-extremas-y-precipitaciones-2025x10x24-B.pdf
2025-10-24,023,BASE AÉREA DE SAN ISIDRO,SANTO DOMINGO,FUERZA AÉREA DOMINICANA,EMCV,24.1,21.2,60.2,https://indomet.gob.do/wp-content/uploads/2025/10/temperaturas-extremas-y-precipitaciones-2025x10x24-B.pdf
2025-10-24,024,SAN CRISTÓBAL,SAN CRISTÓBAL,INSTITUTO POLITÉCNICO LOYOLA,EMCI,24.0,20.2,57.4,https://indomet.gob.do/wp-content/uploads/2025/10/temperaturas-extremas-y-precipitaciones-2025x10x24-B.pdf
2025-10-24,025,JUAN DOLIO,SAN PEDRO DE MACORÍS,PRIVADA,EMAP,,,57.2,https://indomet.gob.do/wp-content/uploads/2025/10/temperaturas-extremas-y-precipitaciones-2025x10x24-B.pdf
2025-10-24,026,LA VICTORIA,SANTO DOMINGO,CUERPO DE BOMBEROS,EMCI,26.9,22.5,53.5,https://indomet.gob.do/wp-content/uploads/2025/10/temperaturas-extremas-y-precipitaciones-2025x10x24-B.pdf
2025-10-24,027,EL SEIBO,EL SEIBO,MINISTERIO DE AGRICULTURA,EMCV,,,49.3,https://indomet.gob.do/wp-content/uploads/2025/10/temperaturas-extremas-y-precipitaciones-2025x10x24-B.pdf
2025-10-24,028,RANCHO ARRIBA,SAN JOSÉ DE OCOA,CENTRO TECNOLÓGICO COMUNITARIO,EMCI,22.1,18.1,47.3,https://indomet.gob.do/wp-content/uploads/2025/10/temperaturas-extremas-y-precipitaciones-2025x10x24-B.pdf
2025-10-24,029,POLO,BARAHONA,INDOCAFE,EMCI,28.0,16.2,46.8,https://indomet.gob.do/wp-content/uploads/2025/10/temperaturas-extremas-y-precipitaciones-2025x10x24-B.pdf
2025-10-24,030,CABRERA,MARÍA TRINIDAD SÁNCHEZ,ESCUELA ARÍSTIDES FIALLO CABRAL,EMCI,28.0,24.0,46.3,https://indomet.gob.do/wp-content/uploads/2025/10/temperaturas-extremas-y-precipitaciones-2025x10x24-B.pdf
2025-10-24,031,HATO MAYOR,HATO MAYOR,MINISTERIO DE AGRICULTURA,EMCV,,,46.2,https://indomet.gob.do/wp-content/uploads/2025/10/temperaturas-extremas-y-precipitaciones-2025x10x24-B.pdf
2025-10-24,032,SAN JOSE DE OCOA,SAN JOSÉ DE OCOA,INDOMET,EMAP,,,43.6,https://indomet.gob.do/wp-content/uploads/2025/10/temperaturas-extremas-y-precipitaciones-2025x10x24-B.pdf
2025-10-24,033,VILLA ALTAGRACIA,SAN CRISTÓBAL,ESCUELA JAVIER ANGULO GURIDI,EMCI,,,42.2,https://indomet.gob.do/wp-content/uploads/2025/10/temperaturas-extremas-y-precipitaciones-2025x10x24-B.pdf
2025-10-24,034,SAN JOSÉ DE OCOA,SAN JOSÉ DE OCOA,HOSP. SAN JOSÉ DE OCOA,EMCI,23.6,18.8,42.0,https://indomet.gob.do/wp-content/uploads/2025/10/temperaturas-extremas-y-precipitaciones-2025x10x24-B.pdf
2025-10-24,035,JIMA ABAJO,LA VEGA,INDOMET,EMCI,23.0,22.6,39.6,https://indomet.gob.do/wp-content/uploads/2025/10/temperaturas-extremas-y-precipitaciones-2025x10x24-B.pdf
2025-10-24,036,ARPT. LA ISABELA,SANTO DOMINGO,INDOMET,EMCI,26.0,20.8,38.5,https://indomet.gob.do/wp-content/uploads/2025/10/temperaturas-extremas-y-precipitaciones-2025x10x24-B.pdf
2025-10-24,037,ANAMUYA (EMA),LA ALTAGRACIA,MINISTERIO DE AGRICULTURA,EMAP,26.7,22.2,38.0,https://indomet.gob.do/wp-content/uploads/2025/10/temperaturas-extremas-y-precipitaciones-2025x10x24-B.pdf
2025-10-24,038,MICHES (EMA),EL SEIBO,PRIVADA,EMAP,27.6,21.6,37.2,https://indomet.gob.do/wp-content/uploads/2025/10/temperaturas-extremas-y-precipitaciones-2025x10x24-B.pdf
2025-10-24,039,CASA DE CAMPO POLO FIELDS,LA ROMANA,PRIVADA,EMAP,,,35.0,https://indomet.gob.do/wp-content/uploads/2025/10/temperaturas-extremas-y-precipitaciones-2025x10x24-B.pdf
2025-10-24,040,JUMA BEJUCAL,MONSEÑOR NOUEL,IDIAF,EMCV,24.6,21.6,34.3,https://indomet.gob.do/wp-content/uploads/2025/10/temperaturas-extremas-y-precipitaciones-2025x10x24-B.pdf
2025-10-24,041,BAYAGUANA,MONTE PLATA,INDOMET,EMCI,26.6,22.2,33.9,https://indomet.gob.do/wp-content/uploads/2025/10/temperaturas-extremas-y-precipitaciones-2025x10x24-B.pdf
2025-10-24,042,ENRIQUILLO,BARAHONA,MINISTERIO DE AGRICULTURA,EMCV,28.0,21.8,30.2,https://indomet.gob.do/wp-content/uploads/2025/10/temperaturas-extremas-y-precipitaciones-2025x10x24-B.pdf
2025-10-24,043,ALTO BANDERA (EMA),LA VEGA,INTEC,EMAP,10.9,8.4,28.2,https://indomet.gob.do/wp-content/uploads/2025/10/temperaturas-extremas-y-precipitaciones-2025x10x24-B.pdf
2025-10-24,044,BONAO,MONSEÑOR NOUEL,MINISTERIO DE AGRICULTURA,EMCV,,,26.9,https://indomet.gob.do/wp-content/uploads/2025/10/temperaturas-extremas-y-precipitaciones-2025x10x24-B.pdf
2025-10-24,045,SABANA DE LA MAR,HATO MAYOR,INDOMET,EMCI,28.5,22.0,25.7,https://indomet.gob.do/wp-content/uploads/2025/10/temperaturas-extremas-y-precipitaciones-2025x10x24-B.pdf
2025-10-24,046,ARPT. ARROYO BARRIL,SAMANÁ,INDOMET,EMCI,28.9,23.7,19.2,https://indomet.gob.do/wp-content/uploads/2025/10/temperaturas-extremas-y-precipitaciones-2025x10x24-B.pdf
2025-10-24,047,BAYAHÍBE,LA ALTAGRACIA,PRIVADA,EMAP,,,18.5,https://indomet.gob.do/wp-content/uploads/2025/10/temperaturas-extremas-y-precipitaciones-2025x10x24-B.pdf
2025-10-24,048,PEDERNALES,PEDERNALES,INDRHI,EMCI,,,17.6,https://indomet.gob.do/wp-content/uploads/2025/10/temperaturas-extremas-y-precipitaciones-2025x10x24-B.pdf
2025-10-24,049,OLIVARES,PEDERNALES,INDRHI,EMCI,,,17.3,https://indomet.gob.do/wp-content/uploads/2025/10/temperaturas-extremas-y-precipitaciones-2025x10x24-B.pdf
2025-10-24,050,ARPT. MARÍA MONTEZ,BARAHONA,INDOMET,EMCI,30.5,23.2,17.1,https://indomet.gob.do/wp-content/uploads/2025/10/temperaturas-extremas-y-precipitaciones-2025x10x24-B.pdf
2025-10-24,051,MICHES,EL SEIBO,PRIVADA,EMAP,,,16.2,https://indomet.gob.do/wp-content/uploads/2025/10/temperaturas-extremas-y-precipitaciones-2025x10x24-B.pdf
2025-10-24,052,SALCEDO,HERMANAS MIRABAL,PROPIEDAD DEL EMPLEADO,EMCI,,,16.0,https://indomet.gob.do/wp-content/uploads/2025/10/temperaturas-extremas-y-precipitaciones-2025x10x24-B.pdf
2025-10-24,053,SAMANÁ,SAMANÁ,COMANDANCIA DE PUERTO DE SAMANÁ,EMCI,30.1,20.1,15.6,https://indomet.gob.do/wp-content/uploads/2025/10/temperaturas-extremas-y-precipitaciones-2025x10x24-B.pdf
2025-10-24,054,VILLA RIVA,DUARTE,HOSP. MPAL. ALICIA DE LEGENDRE,EMCI,27.5,21.0,15.4,https://indomet.gob.do/wp-content/uploads/2025/10/temperaturas-extremas-y-precipitaciones-2025x10x24-B.pdf
2025-10-24,055,MICHES,EL SEIBO,PRIVADA,EMAP,,,14.6,https://indomet.gob.do/wp-content/uploads/2025/10/temperaturas-extremas-y-precipitaciones-2025x10x24-B.pdf
2025-10-24,056,SÁNCHEZ,SAMANÁ,MINISTERIO DE AGRICULTURA,EMCI,28.6,23.2,14.4,https://indomet.gob.do/wp-content/uploads/2025/10/temperaturas-extremas-y-precipitaciones-2025x10x24-B.pdf
2025-10-24,057,TÁBARA ABAJO,AZUA,INDRHI,EMCI,33.5,24.0,12.2,https://indomet.gob.do/wp-content/uploads/2025/10/temperaturas-extremas-y-precipitaciones-2025x10x24-B.pdf
2025-10-24,058,EL FACTOR (EMA),MARÍA TRINIDAD SÁNCHEZ,INTEC,EMAP,28.7,23.0,11.7,https://indomet.gob.do/wp-content/uploads/2025/10/temperaturas-extremas-y-precipitaciones-2025x10x24-B.pdf
2025-10-24,059,CAPOTILLO,EL SEIBO,PRIVADA,EMAP,,,11.4,https://indomet.gob.do/wp-content/uploads/2025/10/temperaturas-extremas-y-precipitaciones-2025x10x24-B.pdf
2025-10-24,060,ARPT. EL CATEY,SAMANÁ,INDOMET,EMCI,29.0,21.0,10.0,https://indomet.gob.do/wp-content/uploads/2025/10/temperaturas-extremas-y-precipitaciones-2025x10x24-B.pdf
2025-10-24,061,CONSTANZA,LA VEGA,MINISTERIO DE AGRICULTURA,EMCI,21.7,15.0,9.7,https://indomet.gob.do/wp-content/uploads/2025/10/temperaturas-extremas-y-precipitaciones-2025x10x24-B.pdf
2025-10-24,062,JARABACOA (EMA),LA VEGA,PROGRAMA MUNDIAL DE ALIMENTO,EMAP,23.5,19.6,8.8,https://indomet.gob.do/wp-content/uploads/2025/10/temperaturas-extremas-y-precipitaciones-2025x10x24-B.pdf
2025-10-24,063,CONSTANZA (EMA),LA VEGA,PROGRAMA MUNDIAL DE ALIMENTO,EMAP,21.7,16.3,8.4,https://indomet.gob.do/wp-content/uploads/2025/10/temperaturas-extremas-y-precipitaciones-2025x10x24-B.pdf
2025-10-24,064,JARABACOA,LA VEGA,INDRHI / MARENA,EMCI,24.2,18.6,8.3,https://indomet.gob.do/wp-content/uploads/2025/10/temperaturas-extremas-y-precipitaciones-2025x10x24-B.pdf
2025-10-24,065,PERALTA,AZUA,HOSP. MPAL. DE PERALTA,EMCI,24.7,19.2,8.0,https://indomet.gob.do/wp-content/uploads/2025/10/temperaturas-extremas-y-precipitaciones-2025x10x24-B.pdf
2025-10-24,066,JIMANÍ,INDEPENDENCIA,MINISTERIO DE AGRICULTURA,EMCI,26.6,22.6,7.8,https://indomet.gob.do/wp-content/uploads/2025/10/temperaturas-extremas-y-precipitaciones-2025x10x24-B.pdf
2025-10-24,067,GASPAR HERNÁNDEZ,ESPAILLAT,PROPIEDAD DEL EMPLEADO,EMCI,,,5.6,https://indomet.gob.do/wp-content/uploads/2025/10/temperaturas-extremas-y-precipitaciones-2025x10x24-B.pdf
2025-10-24,068,RÍO SAN JUAN,MARÍA TRINIDAD SÁNCHEZ,HOSP. MPAL. DR. DESIDERIO ACOSTA,EMCV,28.3,23.7,5.6,https://indomet.gob.do/wp-content/uploads/2025/10/temperaturas-extremas-y-precipitaciones-2025x10x24-B.pdf
2025-10-24,069,PONTÓN ABAJO (EMA),LA VEGA,MINISTERIO DE AGRICULTURA,EMAP,25.6,22.7,5.0,https://indomet.gob.do/wp-content/uploads/2025/10/temperaturas-extremas-y-precipitaciones-2025x10x24-B.pdf
2025-10-24,070,LA VEGA,LA VEGA,IATESA,EMCI,27.0,21.8,4.8,https://indomet.gob.do/wp-content/uploads/2025/10/temperaturas-extremas-y-precipitaciones-2025x10x24-B.pdf
2025-10-24,071,PADRE LAS CASAS,AZUA,HOSP. NTRA. SRA. DEL CARMEN,EMCI,24.0,19.5,4.2,https://indomet.gob.do/wp-content/uploads/2025/10/temperaturas-extremas-y-precipitaciones-2025x10x24-B.pdf
2025-10-24,072,ARPT. GREGORIO LUPERÓN,PUERTO PLATA,INDOMET,EMCI,30.0,23.0,3.9,https://indomet.gob.do/wp-content/uploads/2025/10/temperaturas-extremas-y-precipitaciones-2025x10x24-B.pdf
2025-10-24,073,TAMBORIL,SANTIAGO,MINISTERIO DE AGRICULTURA,EMCV,,,3.8,https://indomet.gob.do/wp-content/uploads/2025/10/temperaturas-extremas-y-precipitaciones-2025x10x24-B.pdf
2025-10-24,074,BUCARA (EMA),SANTIAGO,MINISTERIO DE AGRICULTURA,EMAI,,,3.8,https://indomet.gob.do/wp-content/uploads/2025/10/temperaturas-extremas-y-precipitaciones-2025x10x24-B.pdf
2025-10-24,075,PEDERNALES,PEDERNALES,INDRHI,EMCI,,,3.8,https://indomet.gob.do/wp-content/uploads/2025/10/temperaturas-extremas-y-precipitaciones-2025x10x24-B.pdf
2025-10-24,076,ELÍAS PIÑA,ELÍAS PIÑA,MINISTERIO DE AGRICULTURA,EMCV,,,3.6,https://indomet.gob.do/wp-content/uploads/2025/10/temperaturas-extremas-y-precipitaciones-2025x10x24-B.pdf
2025-10-24,077,SABANA GRANDE DE BOYÁ,MONTE PLATA,MINISTERIO DE AGRICULTURA,EMCV,,,3.6,https://indomet.gob.do/wp-content/uploads/2025/10/temperaturas-extremas-y-precipitaciones-2025x10x24-B.pdf
2025-10-24,078,ARPT. DEL CIBAO,SANTIAGO,INDOMET,EMCI,26.0,21.3,3.4,https://indomet.gob.do/wp-content/uploads/2025/10/temperaturas-extremas-y-precipitaciones-2025x10x24-B.pdf
2025-10-24,079,PRESA DE TAVERAS (EMA),LA VEGA,PROGRAMA MUNDIAL DE ALIMENTO,EMAP,23.9,21.1,3.4,https://indomet.gob.do/wp-content/uploads/2025/10/temperaturas-extremas-y-precipitaciones-2025x10x24-B.pdf
2025-10-24,080,GURABO,SANTIAGO,MINISTERIO DE AGRICULTURA,EMCV,,,3.0,https://indomet.gob.do/wp-content/uploads/2025/10/temperaturas-extremas-y-precipitaciones-2025x10x24-B.pdf
2025-10-24,081,SABANA GRANDE DE BOYÁ,MONTE PLATA,MINISTERIO DE AGRICULTURA,EMCV,,,3.0,https://indomet.gob.do/wp-content/uploads/2025/10/temperaturas-extremas-y-precipitaciones-2025x10x24-B.pdf
2025-10-24,082,ELÍAS PIÑA,ELÍAS PIÑA,MINISTERIO DE AGRICULTURA,EMCV,,,2.8,https://indomet.gob.do/wp-content/uploads/2025/10/temperaturas-extremas-y-precipitaciones-2025x10x24-B.pdf
2025-10-24,083,ARROYO LORO,SAN JUAN,IDIAF,EMCI,25.8,20.3,2.3,https://indomet.gob.do/wp-content/uploads/2025/10/temperaturas-extremas-y-precipitaciones-2025x10x24-B.pdf
2025-10-24,084,HONDO VALLE,ELÍAS PIÑA,MINISTERIO DE AGRICULTURA,EMCI,26.8,18.0,2.1,https://indomet.gob.do/wp-content/uploads/2025/10/temperaturas-extremas-y-precipitaciones-2025x10x24-B.pdf
2025-10-24,085,PALO ÍNDIO,PUERTO PLATA,MINISTERIO DE AGRICULTURA,EMCI,,,2.0,https://indomet.gob.do/wp-content/uploads/2025/10/temperaturas-extremas-y-precipitaciones-2025x10x24-B.pdf
2025-10-24,086,SANTIAGO,SANTIAGO,HUACALITO,EMCI,31.0,23.5,1.9,https://indomet.gob.do/wp-content/uploads/2025/10/temperaturas-extremas-y-precipitaciones-2025x10x24-B.pdf
2025-10-24,087,JANICO (EMA),LA VEGA,PLAN SIERRA,EMAI,,,1.8,https://indomet.gob.do/wp-content/uploads/2025/10/temperaturas-extremas-y-precipitaciones-2025x10x24-B.pdf
2025-10-24,088,BUCARA (EMA),SANTIAGO,MINISTERIO DE AGRICULTURA,EMAI,,,1.6,https://indomet.gob.do/wp-content/uploads/2025/10/temperaturas-extremas-y-precipitaciones-2025x10x24-B.pdf
2025-10-24,089,JARDÍN BOTÁNICO SANTIAGO (EMSANTIAGO,,JARDIN BOTANICO SANTIAGO,EMAI,27.2,22.4,0.8,https://indomet.gob.do/wp-content/uploads/2025/10/temperaturas-extremas-y-precipitaciones-2025x10x24-B.pdf
2025-10-24,090,SAJOMA (EMA),SANTIAGO,PLAN SIERRA,EMAI,25.7,20.1,0.8,https://indomet.gob.do/wp-content/uploads/2025/10/temperaturas-extremas-y-precipitaciones-2025x10x24-B.pdf
2025-10-24,091,VILLA GONZALES,SANTIAGO,MINISTERIO DE AGRICULTURA,EMCI,,,0.8,https://indomet.gob.do/wp-content/uploads/2025/10/temperaturas-extremas-y-precipitaciones-2025x10x24-B.pdf
2025-10-24,092,TAVERA,SANTIAGO,INDRHI,EMCI,,,0.5,https://indomet.gob.do/wp-content/uploads/2025/10/temperaturas-extremas-y-precipitaciones-2025x10x24-B.pdf
2025-10-24,093,BOCA DE MAO (EMA),VALVERDE,MINISTERIO DE AGRICULTURA,EMAP,31.0,23.3,0.4,https://indomet.gob.do/wp-content/uploads/2025/10/temperaturas-extremas-y-precipitaciones-2025x10x24-B.pdf
2025-10-24,094,VILLA GONZALE (EMA),SANTIAGO,IGLESIA,EMAI,,,0.4,https://indomet.gob.do/wp-content/uploads/2025/10/temperaturas-extremas-y-precipitaciones-2025x10x24-B.pdf
2025-10-24,095,ALTAMIRA,PUERTO PLATA,HOSP. MPAL. DE ALTAMIRA,EMCI,29.0,22.3,0.2,https://indomet.gob.do/wp-content/uploads/2025/10/temperaturas-extremas-y-precipitaciones-2025x10x24-B.pdf
2025-10-24,096,MONCIÓN (EMA),SANTIAGO RODRÍGUEZ,PROGRAMA MUNDIAL DE ALIMENTO,EMAP,27.7,21.1,0.2,https://indomet.gob.do/wp-content/uploads/2025/10/temperaturas-extremas-y-precipitaciones-2025x10x24-B.pdf
2025-10-24,097,SANTIAGO RODRÍGUEZ,SANTIAGO RODRÍGUEZ,INDOMET,EMCI,31.0,23.5,0.1,https://indomet.gob.do/wp-content/uploads/2025/10/temperaturas-extremas-y-precipitaciones-2025x10x24-B.pdf
2025-10-24,098,DAJABÓN,DAJABÓN,INSTITUTO POLITÉCNICO LOYOLA,EMCI,34.0,22.0,0.0,https://indomet.gob.do/wp-content/uploads/2025/10/temperaturas-extremas-y-precipitaciones-2025x10x24-B.pdf
2025-10-24,099,LAS CANAS (EMA),MONTE CRISTI,PROGRAMA MUNDIAL DE ALIMENTO,EMAP,31.7,23.9,0.0,https://indomet.gob.do/wp-content/uploads/2025/10/temperaturas-extremas-y-precipitaciones-2025x10x24-B.pdf
2025-10-24,100,LAS MATAS DE SANTA CRUZ (EMA,MONTE CRISTI,PROGRAMA MUNDIAL DE ALIMENTO,EMAP,,,0.0,https://indomet.gob.do/wp-content/uploads/2025/10/temperaturas-extremas-y-precipitaciones-2025x10x24-B.pdf
2025-10-24,101,MAO,VALVERDE,INDRHI / MINISTERIO DE AGRICULTURA,EMCV,,,0.0,https://indomet.gob.do/wp-content/uploads/2025/10/temperaturas-extremas-y-precipitaciones-2025x10x24-B.pdf
2025-10-24,102,MOCA,ESPAILLAT,MINISTERIO DE AGRICULTURA,EMCV,,,0.0,https://indomet.gob.do/wp-content/uploads/2025/10/temperaturas-extremas-y-precipitaciones-2025x10x24-B.pdf
2025-10-24,103,MONTE CRISTI,MONTE CRISTI,INDOMET,EMCI,32.5,24.2,0.0,https://indomet.gob.do/wp-content/uploads/2025/10/temperaturas-extremas-y-precipitaciones-2025x10x24-B.pdf
2025-10-24,104,NAVARRETE,SANTIAGO,MINISTERIO DE AGRICULTURA,EMCV,,,0.0,https://indomet.gob.do/wp-content/uploads/2025/10/temperaturas-extremas-y-precipitaciones-2025x10x24-B.pdf
2025-10-24,105,PALO ÍNDIO,PUERTO PLATA,MINISTERIO DE AGRICULTURA,EMCI,,,0.0,https://indomet.gob.do/wp-content/uploads/2025/10/temperaturas-extremas-y-precipitaciones-2025x10x24-B.pdf
2025-10-24,106,PESCADERIA (EMA),BARAHONA,MINISTERIO DE AGRICULTURA,EMAP,,,0.0,https://indomet.gob.do/wp-content/uploads/2025/10/temperaturas-extremas-y-precipitaciones-2025x10x24-B.pdf
2025-10-24,107,RESTAURACIÓN,DAJABÓN,MINISTERIO DE AGRICULTURA,EMCI,27.0,17.8,0.0,https://indomet.gob.do/wp-content/uploads/2025/10/temperaturas-extremas-y-precipitaciones-2025x10x24-B.pdf
2025-10-24,108,SABANETA (EMA),SANTIAGO RODRÍGUEZ,PROGRAMA MUNDIAL DE ALIMENTO,EMAP,30.7,23.2,0.0,https://indomet.gob.do/wp-content/uploads/2025/10/temperaturas-extremas-y-precipitaciones-2025x10x24-B.pdf
2025-10-24,109,VILLA VASQUEZ (EMA),MONTE CRISTI,JUNTA DE REGANTES,EMAI,,,0.0,https://indomet.gob.do/wp-content/uploads/2025/10/temperaturas-extremas-y-precipitaciones-2025x10x24-B.pdf
2025-10-24,110,GURABO,SANTIAGO,MINISTERIO DE AGRICULTURA,EMCV,,,0.0,https://indomet.gob.do/wp-content/uploads/2025/10/temperaturas-extremas-y-precipitaciones-2025x10x24-B.pdf
2025-10-24,111,LAS MATAS DE SANTA CRUZ (EMA),MONTE CRISTI,PROGRAMA MUNDIAL DE ALIMENTO,EMAP,,,0.0,https://indomet.gob.do/wp-content/uploads/2025/10/temperaturas-extremas-y-precipitaciones-2025x10x24-B.pdf
2025-10-24,112,MAO,VALVERDE,INDRHI / MINISTERIO DE AGRICULTURA,EMCV,,,0.0,https://indomet.gob.do/wp-content/uploads/2025/10/temperaturas-extremas-y-precipitaciones-2025x10x24-B.pdf
2025-10-24,113,NAVARRETE,SANTIAGO,MINISTERIO DE AGRICULTURA,EMCV,,,0.0,https://indomet.gob.do/wp-content/uploads/2025/10/temperaturas-extremas-y-precipitaciones-2025x10x24-B.pdf
2025-10-24,114,PESCADERIA (EMA),BARAHONA,MINISTERIO DE AGRICULTURA,EMAP,,,0.0,https://indomet.gob.do/wp-content/uploads/2025/10/temperaturas-extremas-y-precipitaciones-2025x10x24-B.pdf
2025-10-24,115,SANTIAGO,SANTIAGO,HUACALITO,EMCI,,,0.0,https://indomet.gob.do/wp-content/uploads/2025/10/temperaturas-extremas-y-precipitaciones-2025x10x24-B.pdf
2025-10-24,116,VILLA GONZALE (EMA),SANTIAGO,IGLESIA,EMAI,,,0.0,https://indomet.gob.do/wp-content/uploads/2025/10/temperaturas-extremas-y-precipitaciones-2025x10x24-B.pdf
2025-10-24,117,VILLA GONZALES,SANTIAGO,MINISTERIO DE AGRICULTURA,EMCI,,,0.0,https://indomet.gob.do/wp-content/uploads/2025/10/temperaturas-extremas-y-precipitaciones-2025x10x24-B.pdf
2025-10-24,118,VILLA ISABELA,PUERTO PLATA,MINISTERIO DE AGRICULTURA,EMCV,,,0.0,https://indomet.gob.do/wp-content/uploads/2025/10/temperaturas-extremas-y-precipitaciones-2025x10x24-B.pdf
2025-10-24,119,VILLA VASQUEZ (EMA),MONTE CRISTI,JUNTA DE REGANTES,EMAI,,,0.0,https://indomet.gob.do/wp-content/uploads/2025/10/temperaturas-extremas-y-precipitaciones-2025x10x24-B.pdf
2025-10-24,120,LA AGUSTINA,DISTRITO NACIONAL,PRIVADA,EMAP,,,,https://indomet.gob.do/wp-content/uploads/2025/10/temperaturas-extremas-y-precipitaciones-2025x10x24-B.pdf
2025-10-24,121,ENSANCHE LA FE,DISTRITO NACIONAL,PRIVADA,EMAP,,,,https://indomet.gob.do/wp-content/uploads/2025/10/temperaturas-extremas-y-precipitaciones-2025x10x24-B.pdf
2025-10-25,001,POLO,BARAHONA,INDOCAFE,EMCI,29.4,18.2,146.4,https://indomet.gob.do/wp-content/uploads/2025/10/temperaturas-extremas-y-precipitaciones-2025x10x25-a.pdf
2025-10-25,002,ARPT. LA ISABELA,SANTO DOMINGO,INDOMET,EMCI,28.3,21.0,48.5,https://indomet.gob.do/wp-content/uploads/2025/10/temperaturas-extremas-y-precipitaciones-2025x10x25-a.pdf
2025-10-25,003,CABRAL,BARAHONA,MINISTERIO DE AGRICULTURA,EMCV,26.6,22.5,37.6,https://indomet.gob.do/wp-content/uploads/2025/10/temperaturas-extremas-y-precipitaciones-2025x10x25-a.pdf
2025-10-25,004,VILLA ALTAGRACIA,SAN CRISTÓBAL,ESCUELA JAVIER ANGULO GURIDI,EMCI,,,35.7,https://indomet.gob.do/wp-content/uploads/2025/10/temperaturas-extremas-y-precipitaciones-2025x10x25-a.pdf
2025-10-25,005,BASE AÉREA DE SAN ISIDRO,SANTO DOMINGO,FUERZA AÉREA DOMINICANA,EMCV,28.0,23.0,35.0,https://indomet.gob.do/wp-content/uploads/2025/10/temperaturas-extremas-y-precipitaciones-2025x10x25-a.pdf
2025-10-25,006,SAN ANTONIO (EMA),SAN CRISTÓBAL,PRIVADA,EMAP,,,25.9,https://indomet.gob.do/wp-content/uploads/2025/10/temperaturas-extremas-y-precipitaciones-2025x10x25-a.pdf
2025-10-25,007,SAN CRISTÓBAL,SAN CRISTÓBAL,INSTITUTO POLITÉCNICO LOYOLA,EMCI,24.0,20.0,22.8,https://indomet.gob.do/wp-content/uploads/2025/10/temperaturas-extremas-y-precipitaciones-2025x10x25-a.pdf
2025-10-25,008,ENSANCHE PARAÍSO (EMA),DISTRITO NACIONAL,PRIVADA,EMAP,,,22.6,https://indomet.gob.do/wp-content/uploads/2025/10/temperaturas-extremas-y-precipitaciones-2025x10x25-a.pdf
2025-10-25,009,CERROS DE ARROYO HONDO (EM,DISTRITO NACIONAL,PRIVADA,EMAP,,,21.3,https://indomet.gob.do/wp-content/uploads/2025/10/temperaturas-extremas-y-precipitaciones-2025x10x25-a.pdf
2025-10-25,010,SABANA GRANDE DE BOYÁ,MONTE PLATA,MINISTERIO DE AGRICULTURA,EMCV,,,20.3,https://indomet.gob.do/wp-content/uploads/2025/10/temperaturas-extremas-y-precipitaciones-2025x10x25-a.pdf
2025-10-25,011,ARPT. MARÍA MONTEZ,BARAHONA,INDOMET,EMCI,27.9,22.8,19.5,https://indomet.gob.do/wp-content/uploads/2025/10/temperaturas-extremas-y-precipitaciones-2025x10x25-a.pdf
2025-10-25,012,SANTO DOMINGO ESTE,SANTO DOMINGO,INDOMET,EMCI,29.5,22.6,17.0,https://indomet.gob.do/wp-content/uploads/2025/10/temperaturas-extremas-y-precipitaciones-2025x10x25-a.pdf
2025-10-25,013,LOS JARDINES (EMA),DISTRITO NACIONAL,PRIVADA,EMAP,,,16.4,https://indomet.gob.do/wp-content/uploads/2025/10/temperaturas-extremas-y-precipitaciones-2025x10x25-a.pdf
2025-10-25,014,LOS CACICAZGOS (EMA),DISTRITO NACIONAL,PRIVADA,EMAP,,,16.3,https://indomet.gob.do/wp-content/uploads/2025/10/temperaturas-extremas-y-precipitaciones-2025x10x25-a.pdf
2025-10-25,015,SALCEDO,HERMANAS MIRABAL,PROPIEDAD DEL EMPLEADO,EMCI,,,15.4,https://indomet.gob.do/wp-content/uploads/2025/10/temperaturas-extremas-y-precipitaciones-2025x10x25-a.pdf
2025-10-25,016,ENRIQUILLO,BARAHONA,MINISTERIO DE AGRICULTURA,EMCV,28.0,20.0,14.4,https://indomet.gob.do/wp-content/uploads/2025/10/temperaturas-extremas-y-precipitaciones-2025x10x25-a.pdf
2025-10-25,017,PROLONGACION 27 DE FEBRERO,DISTRITO NACIONAL,PRIVADA,EMAP,,,13.9,https://indomet.gob.do/wp-content/uploads/2025/10/temperaturas-extremas-y-precipitaciones-2025x10x25-a.pdf
2025-10-25,018,PARQUE INDUSTRIAL ITABO (EMA,SAN CRISTÓBAL,PRIVADA,EMAP,,,13.5,https://indomet.gob.do/wp-content/uploads/2025/10/temperaturas-extremas-y-precipitaciones-2025x10x25-a.pdf
2025-10-25,019,SAN JOSÉ DE OCOA,SAN JOSÉ DE OCOA,HOSP. SAN JOSÉ DE OCOA,EMCI,25.3,19.0,12.0,https://indomet.gob.do/wp-content/uploads/2025/10/temperaturas-extremas-y-precipitaciones-2025x10x25-a.pdf
2025-10-25,020,BANI (EMA),PERAVIA,MINISTERIO DE AGRICULTURA,EMAP,27.4,23.4,11.8,https://indomet.gob.do/wp-content/uploads/2025/10/temperaturas-extremas-y-precipitaciones-2025x10x25-a.pdf
2025-10-25,021,CENTRO DE LOS HEROES (EMA),DISTRITO NACIONAL,MINISTERIO DE ENERGIA Y MINA,EMAP,28.1,23.9,11.0,https://indomet.gob.do/wp-content/uploads/2025/10/temperaturas-extremas-y-precipitaciones-2025x10x25-a.pdf
2025-10-25,022,LOS PRADOS (EMA),DISTRITO NACIONAL,PRIVADA,EMAP,,,10.9,https://indomet.gob.do/wp-content/uploads/2025/10/temperaturas-extremas-y-precipitaciones-2025x10x25-a.pdf
2025-10-25,023,OVIEDO,PEDERNALES,CLÍNICA RURAL OVIEDO,EMCI,25.5,22.0,10.5,https://indomet.gob.do/wp-content/uploads/2025/10/temperaturas-extremas-y-precipitaciones-2025x10x25-a.pdf
2025-10-25,024,LOS LLANOS,SAN PEDRO DE MACORÍS,MINISTERIO DE AGRICULTURA,EMCI,28.0,22.5,9.2,https://indomet.gob.do/wp-content/uploads/2025/10/temperaturas-extremas-y-precipitaciones-2025x10x25-a.pdf
2025-10-25,025,OLIVARES,PEDERNALES,INDRHI,EMCI,,,8.8,https://indomet.gob.do/wp-content/uploads/2025/10/temperaturas-extremas-y-precipitaciones-2025x10x25-a.pdf
2025-10-25,026,BAYAGUANA,MONTE PLATA,INDOMET,EMCI,28.0,22.2,8.6,https://indomet.gob.do/wp-content/uploads/2025/10/temperaturas-extremas-y-precipitaciones-2025x10x25-a.pdf
2025-10-25,027,ARROYO LORO,SAN JUAN,IDIAF,EMCI,26.5,20.0,7.6,https://indomet.gob.do/wp-content/uploads/2025/10/temperaturas-extremas-y-precipitaciones-2025x10x25-a.pdf
2025-10-25,028,HONDO VALLE,ELÍAS PIÑA,MINISTERIO DE AGRICULTURA,EMCI,26.6,17.6,7.2,https://indomet.gob.do/wp-content/uploads/2025/10/temperaturas-extremas-y-precipitaciones-2025x10x25-a.pdf
2025-10-25,029,PERALTA,AZUA,HOSP. MPAL. DE PERALTA,EMCI,26.3,18.5,7.2,https://indomet.gob.do/wp-content/uploads/2025/10/temperaturas-extremas-y-precipitaciones-2025x10x25-a.pdf
2025-10-25,030,RANCHO ARRIBA,SAN JOSÉ DE OCOA,CENTRO TECNOLÓGICO COMUNITARIO,EMCI,23.1,18.4,6.8,https://indomet.gob.do/wp-content/uploads/2025/10/temperaturas-extremas-y-precipitaciones-2025x10x25-a.pdf
2025-10-25,031,TÁBARA ABAJO,AZUA,INDRHI,EMCI,34.5,20.0,6.4,https://indomet.gob.do/wp-content/uploads/2025/10/temperaturas-extremas-y-precipitaciones-2025x10x25-a.pdf
2025-10-25,032,PEDERNALES,PEDERNALES,INDRHI,EMCI,,,5.7,https://indomet.gob.do/wp-content/uploads/2025/10/temperaturas-extremas-y-precipitaciones-2025x10x25-a.pdf
2025-10-25,033,ALTO BANDERA (EMA),LA VEGA,INTEC,EMAP,10.5,6.2,5.6,https://indomet.gob.do/wp-content/uploads/2025/10/temperaturas-extremas-y-precipitaciones-2025x10x25-a.pdf
2025-10-25,034,JIMANÍ,INDEPENDENCIA,MINISTERIO DE AGRICULTURA,EMCI,26.6,22.6,5.4,https://indomet.gob.do/wp-content/uploads/2025/10/temperaturas-extremas-y-precipitaciones-2025x10x25-a.pdf
2025-10-25,035,ESCONDIDO,PERAVIA,MINISTERIO DE AGRICULTURA,EMCV,27.0,23.0,5.1,https://indomet.gob.do/wp-content/uploads/2025/10/temperaturas-extremas-y-precipitaciones-2025x10x25-a.pdf
2025-10-25,036,LA VICTORIA,SANTO DOMINGO,CUERPO DE BOMBEROS,EMCI,29.0,22.5,4.7,https://indomet.gob.do/wp-content/uploads/2025/10/temperaturas-extremas-y-precipitaciones-2025x10x25-a.pdf
2025-10-25,037,VILLA RIVA,DUARTE,HOSP. MPAL. ALICIA DE LEGENDRE,EMCI,28.3,22.2,4.6,https://indomet.gob.do/wp-content/uploads/2025/10/temperaturas-extremas-y-precipitaciones-2025x10x25-a.pdf
2025-10-25,038,PADRE LAS CASAS,AZUA,HOSP. NTRA. SRA. DEL CARMEN,EMCI,25.5,18.8,4.4,https://indomet.gob.do/wp-content/uploads/2025/10/temperaturas-extremas-y-precipitaciones-2025x10x25-a.pdf
2025-10-25,039,EL FACTOR (EMA),MARÍA TRINIDAD SÁNCHEZ,INTEC,EMAP,29.1,23.1,4.1,https://indomet.gob.do/wp-content/uploads/2025/10/temperaturas-extremas-y-precipitaciones-2025x10x25-a.pdf
2025-10-25,040,ELÍAS PIÑA,ELÍAS PIÑA,MINISTERIO DE AGRICULTURA,EMCV,,,3.4,https://indomet.gob.do/wp-content/uploads/2025/10/temperaturas-extremas-y-precipitaciones-2025x10x25-a.pdf
2025-10-25,041,ARPT. DE LAS AMÉRICAS,SANTO DOMINGO,INDOMET,EMCI,28.0,22.0,3.2,https://indomet.gob.do/wp-content/uploads/2025/10/temperaturas-extremas-y-precipitaciones-2025x10x25-a.pdf
2025-10-25,042,PRESA DE TAVERAS (EMA),LA VEGA,PROGRAMA MUNDIAL DE ALIMENTO,EMAP,25.6,21.8,2.2,https://indomet.gob.do/wp-content/uploads/2025/10/temperaturas-extremas-y-precipitaciones-2025x10x25-a.pdf
2025-10-25,043,CONSTANZA,LA VEGA,MINISTERIO DE AGRICULTURA,EMCI,23.4,15.1,2.0,https://indomet.gob.do/wp-content/uploads/2025/10/temperaturas-extremas-y-precipitaciones-2025x10x25-a.pdf
2025-10-25,044,ARPT. DE PUNTA CANA,LA ALTAGRACIA,INDOMET,EMCI,30.0,22.0,1.8,https://indomet.gob.do/wp-content/uploads/2025/10/temperaturas-extremas-y-precipitaciones-2025x10x25-a.pdf
2025-10-25,045,ARPT. EL CATEY,SAMANÁ,INDOMET,EMCI,29.2,22.8,1.8,https://indomet.gob.do/wp-content/uploads/2025/10/temperaturas-extremas-y-precipitaciones-2025x10x25-a.pdf
2025-10-25,046,CONSTANZA (EMA),LA VEGA,PROGRAMA MUNDIAL DE ALIMENTO,EMAP,22.8,16.4,1.6,https://indomet.gob.do/wp-content/uploads/2025/10/temperaturas-extremas-y-precipitaciones-2025x10x25-a.pdf
2025-10-25,047,JUMA BEJUCAL,MONSEÑOR NOUEL,IDIAF,EMCV,27.2,21.0,1.5,https://indomet.gob.do/wp-content/uploads/2025/10/temperaturas-extremas-y-precipitaciones-2025x10x25-a.pdf
2025-10-25,048,BAVARO (EMA),LA ALTAGRACIA,PRIVADA,EMAP,,,1.4,https://indomet.gob.do/wp-content/uploads/2025/10/temperaturas-extremas-y-precipitaciones-2025x10x25-a.pdf
2025-10-25,049,SÁNCHEZ,SAMANÁ,MINISTERIO DE AGRICULTURA,EMCI,28.5,23.1,1.4,https://indomet.gob.do/wp-content/uploads/2025/10/temperaturas-extremas-y-precipitaciones-2025x10x25-a.pdf
2025-10-25,050,ARPT. ARROYO BARRIL,SAMANÁ,INDOMET,EMCI,28.9,23.4,1.0,https://indomet.gob.do/wp-content/uploads/2025/10/temperaturas-extremas-y-precipitaciones-2025x10x25-a.pdf
2025-10-25,051,HATO MAYOR,HATO MAYOR,MINISTERIO DE AGRICULTURA,EMCV,,,0.5,https://indomet.gob.do/wp-content/uploads/2025/10/temperaturas-extremas-y-precipitaciones-2025x10x25-a.pdf
2025-10-25,052,LA VEGA,LA VEGA,IATESA,EMCI,31.5,22.0,0.5,https://indomet.gob.do/wp-content/uploads/2025/10/temperaturas-extremas-y-precipitaciones-2025x10x25-a.pdf
2025-10-25,053,SAN RAFAEL DEL YUMA,LA ALTAGRACIA,MINISTERIO DE AGRICULTURA,EMCI,29.3,23.9,0.3,https://indomet.gob.do/wp-content/uploads/2025/10/temperaturas-extremas-y-precipitaciones-2025x10x25-a.pdf
2025-10-25,054,ALTAMIRA,PUERTO PLATA,HOSP. MPAL. DE ALTAMIRA,EMCI,28.4,24.2,0.2,https://indomet.gob.do/wp-content/uploads/2025/10/temperaturas-extremas-y-precipitaciones-2025x10x25-a.pdf
2025-10-25,055,CABRERA,MARÍA TRINIDAD SÁNCHEZ,ESCUELA ARÍSTIDES FIALLO CABRAL,EMCI,30.6,24.5,0.2,https://indomet.gob.do/wp-content/uploads/2025/10/temperaturas-extremas-y-precipitaciones-2025x10x25-a.pdf
2025-10-25,056,JARABACOA,LA VEGA,INDRHI / MARENA,EMCI,26.6,19.2,0.2,https://indomet.gob.do/wp-content/uploads/2025/10/temperaturas-extremas-y-precipitaciones-2025x10x25-a.pdf
2025-10-25,057,JANICO (EMA),LA VEGA,PLAN SIERRA,EMAI,,,0.2,https://indomet.gob.do/wp-content/uploads/2025/10/temperaturas-extremas-y-precipitaciones-2025x10x25-a.pdf
2025-10-25,058,ARPT. DEL CIBAO,SANTIAGO,INDOMET,EMCI,28.4,21.8,0.1,https://indomet.gob.do/wp-content/uploads/2025/10/temperaturas-extremas-y-precipitaciones-2025x10x25-a.pdf
2025-10-25,059,CASA DE CAMPO POLO FIELDS (E,LA ROMANA,PRIVADA,EMAP,,,0.1,https://indomet.gob.do/wp-content/uploads/2025/10/temperaturas-extremas-y-precipitaciones-2025x10x25-a.pdf
2025-10-25,060,VILLA GONZALES,SANTIAGO,MINISTERIO DE AGRICULTURA,EMCI,,,0.1,https://indomet.gob.do/wp-content/uploads/2025/10/temperaturas-extremas-y-precipitaciones-2025x10x25-a.pdf
2025-10-25,061,ANAMUYA (EMA),LA ALTAGRACIA,MINISTERIO DE AGRICULTURA,EMAP,29.7,23.9,0.0,https://indomet.gob.do/wp-content/uploads/2025/10/temperaturas-extremas-y-precipitaciones-2025x10x25-a.pdf
2025-10-25,062,ARPT. DE LA ROMANA,LA ROMANA,INDOMET,EMCI,33.5,21.3,0.0,https://indomet.gob.do/wp-content/uploads/2025/10/temperaturas-extremas-y-precipitaciones-2025x10x25-a.pdf
2025-10-25,063,ARPT. GREGORIO LUPERÓN,PUERTO PLATA,INDOMET,EMCI,29.2,23.0,0.0,https://indomet.gob.do/wp-content/uploads/2025/10/temperaturas-extremas-y-precipitaciones-2025x10x25-a.pdf
2025-10-25,064,BOCA DE MAO (EMA),VALVERDE,MINISTERIO DE AGRICULTURA,EMAP,30.3,23.7,0.0,https://indomet.gob.do/wp-content/uploads/2025/10/temperaturas-extremas-y-precipitaciones-2025x10x25-a.pdf
2025-10-25,065,DAJABÓN,DAJABÓN,INSTITUTO POLITÉCNICO LOYOLA,EMCI,33.4,23.5,0.0,https://indomet.gob.do/wp-content/uploads/2025/10/temperaturas-extremas-y-precipitaciones-2025x10x25-a.pdf
2025-10-25,066,GASPAR HERNÁNDEZ,ESPAILLAT,PROPIEDAD DEL EMPLEADO,EMCI,,,0.0,https://indomet.gob.do/wp-content/uploads/2025/10/temperaturas-extremas-y-precipitaciones-2025x10x25-a.pdf
2025-10-25,067,GURABO,SANTIAGO,MINISTERIO DE AGRICULTURA,EMCV,,,0.0,https://indomet.gob.do/wp-content/uploads/2025/10/temperaturas-extremas-y-precipitaciones-2025x10x25-a.pdf
2025-10-25,068,JARABACOA (EMA),LA VEGA,PROGRAMA MUNDIAL DE ALIMENTO,EMAP,25.7,20.6,0.0,https://indomet.gob.do/wp-content/uploads/2025/10/temperaturas-extremas-y-precipitaciones-2025x10x25-a.pdf
2025-10-25,069,LAS CANAS (EMA),MONTE CRISTI,PROGRAMA MUNDIAL DE ALIMENTO,EMAP,31.0,24.6,0.0,https://indomet.gob.do/wp-content/uploads/2025/10/temperaturas-extremas-y-precipitaciones-2025x10x25-a.pdf
2025-10-25,070,MAO,VALVERDE,INDRHI / MINISTERIO DE AGRICULTURA,EMCV,,,0.0,https://indomet.gob.do/wp-content/uploads/2025/10/temperaturas-extremas-y-precipitaciones-2025x10x25-a.pdf
2025-10-25,071,MICHES (EMA),EL SEIBO,PRIVADA,EMAP,30.1,23.9,0.0,https://indomet.gob.do/wp-content/uploads/2025/10/temperaturas-extremas-y-precipitaciones-2025x10x25-a.pdf
2025-10-25,072,MONCIÓN (EMA),SANTIAGO RODRÍGUEZ,PROGRAMA MUNDIAL DE ALIMENTO,EMAP,27.7,21.4,0.0,https://indomet.gob.do/wp-content/uploads/2025/10/temperaturas-extremas-y-precipitaciones-2025x10x25-a.pdf
2025-10-25,073,MONTE CRISTI,MONTE CRISTI,INDOMET,EMCI,33.2,24.0,0.0,https://indomet.gob.do/wp-content/uploads/2025/10/temperaturas-extremas-y-precipitaciones-2025x10x25-a.pdf
2025-10-25,074,NAVARRETE,SANTIAGO,MINISTERIO DE AGRICULTURA,EMCV,,,0.0,https://indomet.gob.do/wp-content/uploads/2025/10/temperaturas-extremas-y-precipitaciones-2025x10x25-a.pdf
2025-10-25,075,PALO ÍNDIO,PUERTO PLATA,MINISTERIO DE AGRICULTURA,EMCI,,,0.0,https://indomet.gob.do/wp-content/uploads/2025/10/temperaturas-extremas-y-precipitaciones-2025x10x25-a.pdf
2025-10-25,076,PONTÓN ABAJO (EMA),LA VEGA,MINISTERIO DE AGRICULTURA,EMAP,27.8,22.5,0.0,https://indomet.gob.do/wp-content/uploads/2025/10/temperaturas-extremas-y-precipitaciones-2025x10x25-a.pdf
2025-10-25,077,RESTAURACIÓN,DAJABÓN,MINISTERIO DE AGRICULTURA,EMCI,27.3,18.0,0.0,https://indomet.gob.do/wp-content/uploads/2025/10/temperaturas-extremas-y-precipitaciones-2025x10x25-a.pdf
2025-10-25,078,RÍO SAN JUAN,MARÍA TRINIDAD SÁNCHEZ,HOSP. MPAL. DR. DESIDERIO ACOSTA,EMCV,28.9,24.2,0.0,https://indomet.gob.do/wp-content/uploads/2025/10/temperaturas-extremas-y-precipitaciones-2025x10x25-a.pdf
2025-10-25,079,SABANA DE LA MAR,HATO MAYOR,INDOMET,EMCI,30.5,22.5,0.0,https://indomet.gob.do/wp-content/uploads/2025/10/temperaturas-extremas-y-precipitaciones-2025x10x25-a.pdf
2025-10-25,080,SABANETA (EMA),SANTIAGO RODRÍGUEZ,PROGRAMA MUNDIAL DE ALIMENTO,EMAP,31.1,23.3,0.0,https://indomet.gob.do/wp-content/uploads/2025/10/temperaturas-extremas-y-precipitaciones-2025x10x25-a.pdf
2025-10-25,081,SAMANÁ,SAMANÁ,COMANDANCIA DE PUERTO DE SAMANÁ,EMCI,30.3,21.2,0.0,https://indomet.gob.do/wp-content/uploads/2025/10/temperaturas-extremas-y-precipitaciones-2025x10x25-a.pdf
2025-10-25,082,JUAN DOLIO (EMA),SAN PEDRO DE MACORÍS,PRIVADA,EMAP,,,0.0,https://indomet.gob.do/wp-content/uploads/2025/10/temperaturas-extremas-y-precipitaciones-2025x10x25-a.pdf
2025-10-25,083,BAYAHÍBE (EMA),LA ALTAGRACIA,PRIVADA,EMAP,,,0.0,https://indomet.gob.do/wp-content/uploads/2025/10/temperaturas-extremas-y-precipitaciones-2025x10x25-a.pdf
2025-10-25,084,CAPOTILLO (EMA),EL SEIBO,PRIVADA,EMAP,,,0.0,https://indomet.gob.do/wp-content/uploads/2025/10/temperaturas-extremas-y-precipitaciones-2025x10x25-a.pdf
2025-10-25,085,SANTIAGO,SANTIAGO,HUACALITO,EMCI,,,0.0,https://indomet.gob.do/wp-content/uploads/2025/10/temperaturas-extremas-y-precipitaciones-2025x10x25-a.pdf
2025-10-25,086,VILLA VASQUEZ (EMA),MONTE CRISTI,JUNTA DE REGANTES,EMAI,,,0.0,https://indomet.gob.do/wp-content/uploads/2025/10/temperaturas-extremas-y-precipitaciones-2025x10x25-a.pdf
2025-10-25,087,SANTIAGO RODRÍGUEZ,SANTIAGO RODRÍGUEZ,INDOMET,EMCI,31.5,23.2,0.0,https://indomet.gob.do/wp-content/uploads/2025/10/temperaturas-extremas-y-precipitaciones-2025x10x25-a.pdf
2025-10-25,088,JIMA ABAJO,LA VEGA,INDOMET,EMCI,29.0,21.5,0.0,https://indomet.gob.do/wp-content/uploads/2025/10/temperaturas-extremas-y-precipitaciones-2025x10x25-a.pdf
2025-10-26,001,HATO MAYOR,HATO MAYOR,MINISTERIO DE AGRICULTURA,EMCV,,,55.9,https://indomet.gob.do/wp-content/uploads/2025/10/temperaturas-extremas-y-precipitaciones-2025x10x26-a.pdf
2025-10-26,002,SABANA DE LA MAR,HATO MAYOR,INDOMET,EMCI,28.5,22.5,26.1,https://indomet.gob.do/wp-content/uploads/2025/10/temperaturas-extremas-y-precipitaciones-2025x10x26-a.pdf
2025-10-26,003,MICHES (EMA),EL SEIBO,PRIVADA,EMAP,30.5,23.6,25.4,https://indomet.gob.do/wp-content/uploads/2025/10/temperaturas-extremas-y-precipitaciones-2025x10x26-a.pdf
2025-10-26,004,SABANA GRANDE DE BOYÁ,MONTE PLATA,MINISTERIO DE AGRICULTURA,EMCV,,,24.1,https://indomet.gob.do/wp-content/uploads/2025/10/temperaturas-extremas-y-precipitaciones-2025x10x26-a.pdf
2025-10-26,005,OVIEDO,PEDERNALES,CLÍNICA RURAL OVIEDO,EMCI,27.0,22.0,22.4,https://indomet.gob.do/wp-content/uploads/2025/10/temperaturas-extremas-y-precipitaciones-2025x10x26-a.pdf
2025-10-26,006,CASA DE CAMPO POLO FIELDS (E,LA ROMANA,PRIVADA,EMAP,,,20.9,https://indomet.gob.do/wp-content/uploads/2025/10/temperaturas-extremas-y-precipitaciones-2025x10x26-a.pdf
2025-10-26,007,SÁNCHEZ,SAMANÁ,MINISTERIO DE AGRICULTURA,EMCI,29.8,21.4,20.2,https://indomet.gob.do/wp-content/uploads/2025/10/temperaturas-extremas-y-precipitaciones-2025x10x26-a.pdf
2025-10-26,008,ENRIQUILLO,BARAHONA,MINISTERIO DE AGRICULTURA,EMCV,28.0,21.0,19.8,https://indomet.gob.do/wp-content/uploads/2025/10/temperaturas-extremas-y-precipitaciones-2025x10x26-a.pdf
2025-10-26,009,EL SEIBO,EL SEIBO,MINISTERIO DE AGRICULTURA,EMCV,,,17.8,https://indomet.gob.do/wp-content/uploads/2025/10/temperaturas-extremas-y-precipitaciones-2025x10x26-a.pdf
2025-10-26,010,ARPT. DE PUNTA CANA,LA ALTAGRACIA,INDOMET,EMCI,30.5,21.6,17.4,https://indomet.gob.do/wp-content/uploads/2025/10/temperaturas-extremas-y-precipitaciones-2025x10x26-a.pdf
2025-10-26,011,ARPT. EL CATEY,SAMANÁ,INDOMET,EMCI,29.4,22.6,16.8,https://indomet.gob.do/wp-content/uploads/2025/10/temperaturas-extremas-y-precipitaciones-2025x10x26-a.pdf
2025-10-26,012,POLO,BARAHONA,INDOCAFE,EMCI,28.0,17.6,16.5,https://indomet.gob.do/wp-content/uploads/2025/10/temperaturas-extremas-y-precipitaciones-2025x10x26-a.pdf
2025-10-26,013,ARPT. MARÍA MONTEZ,BARAHONA,INDOMET,EMCI,27.0,23.2,15.6,https://indomet.gob.do/wp-content/uploads/2025/10/temperaturas-extremas-y-precipitaciones-2025x10x26-a.pdf
2025-10-26,014,ARPT. ARROYO BARRIL,SAMANÁ,INDOMET,EMCI,26.2,23.4,15.0,https://indomet.gob.do/wp-content/uploads/2025/10/temperaturas-extremas-y-precipitaciones-2025x10x26-a.pdf
2025-10-26,015,BAVARO (EMA),LA ALTAGRACIA,PRIVADA,EMAP,,,14.0,https://indomet.gob.do/wp-content/uploads/2025/10/temperaturas-extremas-y-precipitaciones-2025x10x26-a.pdf
2025-10-26,016,JUAN DOLIO (EMA),SAN PEDRO DE MACORÍS,PRIVADA,EMAP,,,12.8,https://indomet.gob.do/wp-content/uploads/2025/10/temperaturas-extremas-y-precipitaciones-2025x10x26-a.pdf
2025-10-26,017,LOS LLANOS,SAN PEDRO DE MACORÍS,MINISTERIO DE AGRICULTURA,EMCI,30.0,23.3,12.2,https://indomet.gob.do/wp-content/uploads/2025/10/temperaturas-extremas-y-precipitaciones-2025x10x26-a.pdf
2025-10-26,018,CABRERA,MARÍA TRINIDAD SÁNCHEZ,ESCUELA ARÍSTIDES FIALLO CABRAL,EMCI,30.5,25.0,12.0,https://indomet.gob.do/wp-content/uploads/2025/10/temperaturas-extremas-y-precipitaciones-2025x10x26-a.pdf
2025-10-26,019,CAPOTILLO (EMA),EL SEIBO,PRIVADA,EMAP,,,11.6,https://indomet.gob.do/wp-content/uploads/2025/10/temperaturas-extremas-y-precipitaciones-2025x10x26-a.pdf
2025-10-26,020,BAYAHÍBE (EMA),LA ALTAGRACIA,PRIVADA,EMAP,,,10.2,https://indomet.gob.do/wp-content/uploads/2025/10/temperaturas-extremas-y-precipitaciones-2025x10x26-a.pdf
2025-10-26,021,CENTRO DE LOS HEROES (EMA),DISTRITO NACIONAL,MINISTERIO DE ENERGIA Y MINA,EMAP,28.7,24.8,10.2,https://indomet.gob.do/wp-content/uploads/2025/10/temperaturas-extremas-y-precipitaciones-2025x10x26-a.pdf
2025-10-26,022,SAMANÁ,SAMANÁ,COMANDANCIA DE PUERTO DE SAMANÁ,EMCI,31.4,20.4,9.0,https://indomet.gob.do/wp-content/uploads/2025/10/temperaturas-extremas-y-precipitaciones-2025x10x26-a.pdf
2025-10-26,023,LA VEGA,LA VEGA,IATESA,EMCI,29.5,22.5,8.3,https://indomet.gob.do/wp-content/uploads/2025/10/temperaturas-extremas-y-precipitaciones-2025x10x26-a.pdf
2025-10-26,024,CERROS DE ARROYO HONDO (EM,DISTRITO NACIONAL,PRIVADA,EMAP,,,8.1,https://indomet.gob.do/wp-content/uploads/2025/10/temperaturas-extremas-y-precipitaciones-2025x10x26-a.pdf
2025-10-26,025,LOS PRADOS (EMA),DISTRITO NACIONAL,PRIVADA,EMAP,,,7.9,https://indomet.gob.do/wp-content/uploads/2025/10/temperaturas-extremas-y-precipitaciones-2025x10x26-a.pdf
2025-10-26,026,CABRAL,BARAHONA,MINISTERIO DE AGRICULTURA,EMCV,36.8,23.0,7.2,https://indomet.gob.do/wp-content/uploads/2025/10/temperaturas-extremas-y-precipitaciones-2025x10x26-a.pdf
2025-10-26,027,ESCONDIDO,PERAVIA,MINISTERIO DE AGRICULTURA,EMCV,29.0,23.0,7.1,https://indomet.gob.do/wp-content/uploads/2025/10/temperaturas-extremas-y-precipitaciones-2025x10x26-a.pdf
2025-10-26,028,JARDÍN BOTÁNICO NACIONAL,DISTRITO NACIONAL,JARDÍN BOTÁNICO NACIONAL,EMCV,29.4,21.2,7.1,https://indomet.gob.do/wp-content/uploads/2025/10/temperaturas-extremas-y-precipitaciones-2025x10x26-a.pdf
2025-10-26,029,VILLA RIVA,DUARTE,HOSP. MPAL. ALICIA DE LEGENDRE,EMCI,28.0,22.0,6.3,https://indomet.gob.do/wp-content/uploads/2025/10/temperaturas-extremas-y-precipitaciones-2025x10x26-a.pdf
2025-10-26,030,SALCEDO,HERMANAS MIRABAL,PROPIEDAD DEL EMPLEADO,EMCI,,,5.9,https://indomet.gob.do/wp-content/uploads/2025/10/temperaturas-extremas-y-precipitaciones-2025x10x26-a.pdf
2025-10-26,031,LOS CACICAZGOS (EMA),DISTRITO NACIONAL,PRIVADA,EMAP,,,5.7,https://indomet.gob.do/wp-content/uploads/2025/10/temperaturas-extremas-y-precipitaciones-2025x10x26-a.pdf
2025-10-26,032,BAYAGUANA,MONTE PLATA,INDOMET,EMCI,30.4,22.8,5.0,https://indomet.gob.do/wp-content/uploads/2025/10/temperaturas-extremas-y-precipitaciones-2025x10x26-a.pdf
2025-10-26,033,PONTÓN ABAJO (EMA),LA VEGA,MINISTERIO DE AGRICULTURA,EMAP,,,5.0,https://indomet.gob.do/wp-content/uploads/2025/10/temperaturas-extremas-y-precipitaciones-2025x10x26-a.pdf
2025-10-26,034,GASPAR HERNÁNDEZ,ESPAILLAT,PROPIEDAD DEL EMPLEADO,EMCI,,,4.6,https://indomet.gob.do/wp-content/uploads/2025/10/temperaturas-extremas-y-precipitaciones-2025x10x26-a.pdf
2025-10-26,035,TÁBARA ABAJO,AZUA,INDRHI,EMCI,33.9,24.0,4.4,https://indomet.gob.do/wp-content/uploads/2025/10/temperaturas-extremas-y-precipitaciones-2025x10x26-a.pdf
2025-10-26,036,ANAMUYA (EMA),LA ALTAGRACIA,MINISTERIO DE AGRICULTURA,EMAP,30.2,24.8,4.2,https://indomet.gob.do/wp-content/uploads/2025/10/temperaturas-extremas-y-precipitaciones-2025x10x26-a.pdf
2025-10-26,037,ARPT. DE LAS AMÉRICAS,SANTO DOMINGO,INDOMET,EMCI,29.4,22.9,4.2,https://indomet.gob.do/wp-content/uploads/2025/10/temperaturas-extremas-y-precipitaciones-2025x10x26-a.pdf
2025-10-26,038,ENSANCHE PARAÍSO (EMA),DISTRITO NACIONAL,PRIVADA,EMAP,,,4.0,https://indomet.gob.do/wp-content/uploads/2025/10/temperaturas-extremas-y-precipitaciones-2025x10x26-a.pdf
2025-10-26,039,EL FACTOR (EMA),MARÍA TRINIDAD SÁNCHEZ,INTEC,EMAP,29.9,23.8,3.8,https://indomet.gob.do/wp-content/uploads/2025/10/temperaturas-extremas-y-precipitaciones-2025x10x26-a.pdf
2025-10-26,040,PROLONGACION 27 DE FEBRERO,DISTRITO NACIONAL,PRIVADA,EMAP,,,3.4,https://indomet.gob.do/wp-content/uploads/2025/10/temperaturas-extremas-y-precipitaciones-2025x10x26-a.pdf
2025-10-26,041,SAN RAFAEL DEL YUMA,LA ALTAGRACIA,MINISTERIO DE AGRICULTURA,EMCI,31.4,24.0,3.3,https://indomet.gob.do/wp-content/uploads/2025/10/temperaturas-extremas-y-precipitaciones-2025x10x26-a.pdf
2025-10-26,042,SANTO DOMINGO ESTE,SANTO DOMINGO,INDOMET,EMCI,29.5,23.0,3.1,https://indomet.gob.do/wp-content/uploads/2025/10/temperaturas-extremas-y-precipitaciones-2025x10x26-a.pdf
2025-10-26,043,ARPT. DE LA ROMANA,LA ROMANA,INDOMET,EMCI,30.3,23.3,2.8,https://indomet.gob.do/wp-content/uploads/2025/10/temperaturas-extremas-y-precipitaciones-2025x10x26-a.pdf
2025-10-26,044,LOS JARDINES (EMA),DISTRITO NACIONAL,PRIVADA,EMAP,,,2.4,https://indomet.gob.do/wp-content/uploads/2025/10/temperaturas-extremas-y-precipitaciones-2025x10x26-a.pdf
2025-10-26,045,VILLA ALTAGRACIA,SAN CRISTÓBAL,ESCUELA JAVIER ANGULO GURIDI,EMCI,,,2.3,https://indomet.gob.do/wp-content/uploads/2025/10/temperaturas-extremas-y-precipitaciones-2025x10x26-a.pdf
2025-10-26,046,SAN FRANCISCO DE MACORÍS,DUARTE,San Francisco de Macorís (UASD),EMCI,28.3,22.3,2.0,https://indomet.gob.do/wp-content/uploads/2025/10/temperaturas-extremas-y-precipitaciones-2025x10x26-a.pdf
2025-10-26,047,BASE AÉREA DE SAN ISIDRO,SANTO DOMINGO,FUERZA AÉREA DOMINICANA,EMCV,29.0,20.1,1.5,https://indomet.gob.do/wp-content/uploads/2025/10/temperaturas-extremas-y-precipitaciones-2025x10x26-a.pdf
2025-10-26,048,PRESA DE TAVERAS (EMA),LA VEGA,PROGRAMA MUNDIAL DE ALIMENTO,EMAP,,,1.4,https://indomet.gob.do/wp-content/uploads/2025/10/temperaturas-extremas-y-precipitaciones-2025x10x26-a.pdf
2025-10-26,049,ARPT. LA ISABELA,SANTO DOMINGO,INDOMET,EMCI,30.4,20.6,1.2,https://indomet.gob.do/wp-content/uploads/2025/10/temperaturas-extremas-y-precipitaciones-2025x10x26-a.pdf
2025-10-26,050,ARPT. DEL CIBAO,SANTIAGO,INDOMET,EMCI,28.2,20.0,1.1,https://indomet.gob.do/wp-content/uploads/2025/10/temperaturas-extremas-y-precipitaciones-2025x10x26-a.pdf
2025-10-26,051,JIMA ABAJO,LA VEGA,INDOMET,EMCI,29.3,22.0,1.0,https://indomet.gob.do/wp-content/uploads/2025/10/temperaturas-extremas-y-precipitaciones-2025x10x26-a.pdf
2025-10-26,052,PERALTA,AZUA,HOSP. MPAL. DE PERALTA,EMCI,28.0,19.9,1.0,https://indomet.gob.do/wp-content/uploads/2025/10/temperaturas-extremas-y-precipitaciones-2025x10x26-a.pdf
2025-10-26,053,SAN CRISTÓBAL,SAN CRISTÓBAL,INSTITUTO POLITÉCNICO LOYOLA,EMCI,29.2,21.2,1.0,https://indomet.gob.do/wp-content/uploads/2025/10/temperaturas-extremas-y-precipitaciones-2025x10x26-a.pdf
2025-10-26,054,SAN ANTONIO (EMA),SAN CRISTÓBAL,PRIVADA,EMAP,,,0.8,https://indomet.gob.do/wp-content/uploads/2025/10/temperaturas-extremas-y-precipitaciones-2025x10x26-a.pdf
2025-10-26,055,TAMBORIL,SANTIAGO,MINISTERIO DE AGRICULTURA,EMCV,,,0.8,https://indomet.gob.do/wp-content/uploads/2025/10/temperaturas-extremas-y-precipitaciones-2025x10x26-a.pdf
2025-10-26,056,JIMANÍ,INDEPENDENCIA,MINISTERIO DE AGRICULTURA,EMCI,27.6,23.0,0.6,https://indomet.gob.do/wp-content/uploads/2025/10/temperaturas-extremas-y-precipitaciones-2025x10x26-a.pdf
2025-10-26,057,PEDERNALES,PEDERNALES,INDRHI,EMCI,,,0.6,https://indomet.gob.do/wp-content/uploads/2025/10/temperaturas-extremas-y-precipitaciones-2025x10x26-a.pdf
2025-10-26,058,RANCHO ARRIBA,SAN JOSÉ DE OCOA,CENTRO TECNOLÓGICO COMUNITARIO,EMCI,25.7,19.2,0.6,https://indomet.gob.do/wp-content/uploads/2025/10/temperaturas-extremas-y-precipitaciones-2025x10x26-a.pdf
2025-10-26,059,RÍO SAN JUAN,MARÍA TRINIDAD SÁNCHEZ,HOSP. MPAL. DR. DESIDERIO ACOSTA,EMCV,29.1,23.4,0.6,https://indomet.gob.do/wp-content/uploads/2025/10/temperaturas-extremas-y-precipitaciones-2025x10x26-a.pdf
2025-10-26,060,NAVARRETE,SANTIAGO,MINISTERIO DE AGRICULTURA,EMCV,,,0.5,https://indomet.gob.do/wp-content/uploads/2025/10/temperaturas-extremas-y-precipitaciones-2025x10x26-a.pdf
2025-10-26,061,OLIVARES,PEDERNALES,INDRHI,EMCI,,,0.5,https://indomet.gob.do/wp-content/uploads/2025/10/temperaturas-extremas-y-precipitaciones-2025x10x26-a.pdf
2025-10-26,062,SAN JOSÉ DE OCOA,SAN JOSÉ DE OCOA,HOSP. SAN JOSÉ DE OCOA,EMCI,27.8,21.7,0.4,https://indomet.gob.do/wp-content/uploads/2025/10/temperaturas-extremas-y-precipitaciones-2025x10x26-a.pdf
2025-10-26,063,VILLA GONZALE (EMA),SANTIAGO,IGLESIA,EMAI,,,0.4,https://indomet.gob.do/wp-content/uploads/2025/10/temperaturas-extremas-y-precipitaciones-2025x10x26-a.pdf
2025-10-26,064,ALTO BANDERA (EMA),LA VEGA,INTEC,EMAP,9.8,8.4,0.3,https://indomet.gob.do/wp-content/uploads/2025/10/temperaturas-extremas-y-precipitaciones-2025x10x26-a.pdf
2025-10-26,065,PARQUE INDUSTRIAL ITABO (EMA,SAN CRISTÓBAL,PRIVADA,EMAP,,,0.3,https://indomet.gob.do/wp-content/uploads/2025/10/temperaturas-extremas-y-precipitaciones-2025x10x26-a.pdf
2025-10-26,066,BANI (EMA),PERAVIA,MINISTERIO DE AGRICULTURA,EMAP,29.2,26.1,0.2,https://indomet.gob.do/wp-content/uploads/2025/10/temperaturas-extremas-y-precipitaciones-2025x10x26-a.pdf
2025-10-26,067,BOCA DE MAO (EMA),VALVERDE,MINISTERIO DE AGRICULTURA,EMAP,30.7,24.1,0.2,https://indomet.gob.do/wp-content/uploads/2025/10/temperaturas-extremas-y-precipitaciones-2025x10x26-a.pdf
2025-10-26,068,CONSTANZA,LA VEGA,MINISTERIO DE AGRICULTURA,EMCI,23.7,15.5,0.2,https://indomet.gob.do/wp-content/uploads/2025/10/temperaturas-extremas-y-precipitaciones-2025x10x26-a.pdf
2025-10-26,069,PADRE LAS CASAS,AZUA,HOSP. NTRA. SRA. DEL CARMEN,EMCI,26.2,18.6,0.2,https://indomet.gob.do/wp-content/uploads/2025/10/temperaturas-extremas-y-precipitaciones-2025x10x26-a.pdf
2025-10-26,070,SANTIAGO,SANTIAGO,HUACALITO,EMCI,,,0.2,https://indomet.gob.do/wp-content/uploads/2025/10/temperaturas-extremas-y-precipitaciones-2025x10x26-a.pdf
2025-10-26,071,ARROYO LORO,SAN JUAN,IDIAF,EMCI,27.1,21.2,0.1,https://indomet.gob.do/wp-content/uploads/2025/10/temperaturas-extremas-y-precipitaciones-2025x10x26-a.pdf
2025-10-26,072,ELÍAS PIÑA,ELÍAS PIÑA,MINISTERIO DE AGRICULTURA,EMCV,,,0.1,https://indomet.gob.do/wp-content/uploads/2025/10/temperaturas-extremas-y-precipitaciones-2025x10x26-a.pdf
2025-10-26,073,HONDO VALLE,ELÍAS PIÑA,MINISTERIO DE AGRICULTURA,EMCI,26.3,17.5,0.1,https://indomet.gob.do/wp-content/uploads/2025/10/temperaturas-extremas-y-precipitaciones-2025x10x26-a.pdf
2025-10-26,074,JUMA BEJUCAL,MONSEÑOR NOUEL,IDIAF,EMCV,29.4,22.2,0.1,https://indomet.gob.do/wp-content/uploads/2025/10/temperaturas-extremas-y-precipitaciones-2025x10x26-a.pdf
2025-10-26,075,LA VICTORIA,SANTO DOMINGO,CUERPO DE BOMBEROS,EMCI,27.5,23.5,0.1,https://indomet.gob.do/wp-content/uploads/2025/10/temperaturas-extremas-y-precipitaciones-2025x10x26-a.pdf
2025-10-26,076,ALTAMIRA,PUERTO PLATA,HOSP. MPAL. DE ALTAMIRA,EMCI,28.6,22.7,0.0,https://indomet.gob.do/wp-content/uploads/2025/10/temperaturas-extremas-y-precipitaciones-2025x10x26-a.pdf
2025-10-26,077,ARPT. GREGORIO LUPERÓN,PUERTO PLATA,INDOMET,EMCI,29.0,23.6,0.0,https://indomet.gob.do/wp-content/uploads/2025/10/temperaturas-extremas-y-precipitaciones-2025x10x26-a.pdf
2025-10-26,078,BOHECHÍO,SAN JUAN,MINISTERIO DE AGRICULTURA,EMCV,,,0.0,https://indomet.gob.do/wp-content/uploads/2025/10/temperaturas-extremas-y-precipitaciones-2025x10x26-a.pdf
2025-10-26,079,BUCARA (EMA),SANTIAGO,MINISTERIO DE AGRICULTURA,EMAI,,,0.0,https://indomet.gob.do/wp-content/uploads/2025/10/temperaturas-extremas-y-precipitaciones-2025x10x26-a.pdf
2025-10-26,080,CONSTANZA (EMA),LA VEGA,PROGRAMA MUNDIAL DE ALIMENTO,EMAP,22.8,16.8,0.0,https://indomet.gob.do/wp-content/uploads/2025/10/temperaturas-extremas-y-precipitaciones-2025x10x26-a.pdf
2025-10-26,081,DAJABÓN,DAJABÓN,INSTITUTO POLITÉCNICO LOYOLA,EMCI,34.6,19.7,0.0,https://indomet.gob.do/wp-content/uploads/2025/10/temperaturas-extremas-y-precipitaciones-2025x10x26-a.pdf
2025-10-26,082,EL CERCADO,SAN JUAN,MINISTERIO DE AGRICULTURA,EMCV,,,0.0,https://indomet.gob.do/wp-content/uploads/2025/10/temperaturas-extremas-y-precipitaciones-2025x10x26-a.pdf
2025-10-26,083,ENSANCHE LA FE (EMA),DISTRITO NACIONAL,PRIVADA,EMAP,,,0.0,https://indomet.gob.do/wp-content/uploads/2025/10/temperaturas-extremas-y-precipitaciones-2025x10x26-a.pdf
2025-10-26,084,GURABO,SANTIAGO,MINISTERIO DE AGRICULTURA,EMCV,,,0.0,https://indomet.gob.do/wp-content/uploads/2025/10/temperaturas-extremas-y-precipitaciones-2025x10x26-a.pdf
2025-10-26,085,JANICO (EMA),LA VEGA,PLAN SIERRA,EMAI,,,0.0,https://indomet.gob.do/wp-content/uploads/2025/10/temperaturas-extremas-y-precipitaciones-2025x10x26-a.pdf
2025-10-26,086,JARABACOA,LA VEGA,INDRHI / MARENA,EMCI,27.4,19.4,0.0,https://indomet.gob.do/wp-content/uploads/2025/10/temperaturas-extremas-y-precipitaciones-2025x10x26-a.pdf
2025-10-26,087,JARABACOA (EMA),LA VEGA,PROGRAMA MUNDIAL DE ALIMENTO,EMAP,26.9,20.7,0.0,https://indomet.gob.do/wp-content/uploads/2025/10/temperaturas-extremas-y-precipitaciones-2025x10x26-a.pdf
2025-10-26,088,JARDÍN BOTÁNICO SANTIAGO (EMSANTIAGO,,JARDIN BOTANICO SANTIAGO,EMAI,27.2,22.5,0.0,https://indomet.gob.do/wp-content/uploads/2025/10/temperaturas-extremas-y-precipitaciones-2025x10x26-a.pdf
2025-10-26,089,LA AGUSTINA (EMA),DISTRITO NACIONAL,PRIVADA,EMAP,,,0.0,https://indomet.gob.do/wp-content/uploads/2025/10/temperaturas-extremas-y-precipitaciones-2025x10x26-a.pdf
2025-10-26,090,LAS CANAS (EMA),MONTE CRISTI,PROGRAMA MUNDIAL DE ALIMENTO,EMAP,29.4,24.4,0.0,https://indomet.gob.do/wp-content/uploads/2025/10/temperaturas-extremas-y-precipitaciones-2025x10x26-a.pdf
2025-10-26,091,LAS MATAS DE SANTA CRUZ (EMA,MONTE CRISTI,PROGRAMA MUNDIAL DE ALIMENTO,EMAP,,,0.0,https://indomet.gob.do/wp-content/uploads/2025/10/temperaturas-extremas-y-precipitaciones-2025x10x26-a.pdf
2025-10-26,092,MAO,VALVERDE,INDRHI / MINISTERIO DE AGRICULTURA,EMCV,,,0.0,https://indomet.gob.do/wp-content/uploads/2025/10/temperaturas-extremas-y-precipitaciones-2025x10x26-a.pdf
2025-10-26,093,MONCIÓN (EMA),SANTIAGO RODRÍGUEZ,PROGRAMA MUNDIAL DE ALIMENTO,EMAP,28.3,21.2,0.0,https://indomet.gob.do/wp-content/uploads/2025/10/temperaturas-extremas-y-precipitaciones-2025x10x26-a.pdf
2025-10-26,094,MONTE CRISTI,MONTE CRISTI,INDOMET,EMCI,33.7,24.8,0.0,https://indomet.gob.do/wp-content/uploads/2025/10/temperaturas-extremas-y-precipitaciones-2025x10x26-a.pdf
2025-10-26,095,PALO ÍNDIO,PUERTO PLATA,MINISTERIO DE AGRICULTURA,EMCI,,,0.0,https://indomet.gob.do/wp-content/uploads/2025/10/temperaturas-extremas-y-precipitaciones-2025x10x26-a.pdf
2025-10-26,096,PESCADERIA (EMA),BARAHONA,MINISTERIO DE AGRICULTURA,EMAP,,,0.0,https://indomet.gob.do/wp-content/uploads/2025/10/temperaturas-extremas-y-precipitaciones-2025x10x26-a.pdf
2025-10-26,097,RESTAURACIÓN,DAJABÓN,MINISTERIO DE AGRICULTURA,EMCI,27.9,18.2,0.0,https://indomet.gob.do/wp-content/uploads/2025/10/temperaturas-extremas-y-precipitaciones-2025x10x26-a.pdf
2025-10-26,098,SABANETA (EMA),SANTIAGO RODRÍGUEZ,PROGRAMA MUNDIAL DE ALIMENTO,EMAP,32.3,23.3,0.0,https://indomet.gob.do/wp-content/uploads/2025/10/temperaturas-extremas-y-precipitaciones-2025x10x26-a.pdf
2025-10-26,099,SAJOMA (EMA),SANTIAGO,PLAN SIERRA,EMAI,26.1,20.9,0.0,https://indomet.gob.do/wp-content/uploads/2025/10/temperaturas-extremas-y-precipitaciones-2025x10x26-a.pdf
2025-10-26,100,SANTIAGO RODRÍGUEZ,SANTIAGO RODRÍGUEZ,INDOMET,EMCI,32.0,23.6,0.0,https://indomet.gob.do/wp-content/uploads/2025/10/temperaturas-extremas-y-precipitaciones-2025x10x26-a.pdf
2025-10-26,101,VILLA GONZALES,SANTIAGO,MINISTERIO DE AGRICULTURA,EMCI,,,0.0,https://indomet.gob.do/wp-content/uploads/2025/10/temperaturas-extremas-y-precipitaciones-2025x10x26-a.pdf
2025-10-26,102,VILLA VASQUEZ (EMA),MONTE CRISTI,JUNTA DE REGANTES,EMAI,,,0.0,https://indomet.gob.do/wp-content/uploads/2025/10/temperaturas-extremas-y-precipitaciones-2025x10x26-a.pdf
2025-10-27,001,ARPT. MARÍA MONTEZ,BARAHONA,INDOMET,EMCI,29.2,23.5,72.4,https://indomet.gob.do/wp-content/uploads/2025/10/temperaturas-extremas-y-precipitaciones-2025x10x27-a.pdf
2025-10-27,002,SANTO DOMINGO ESTE,SANTO DOMINGO,INDOMET,EMCI,29.5,24.0,70.9,https://indomet.gob.do/wp-content/uploads/2025/10/temperaturas-extremas-y-precipitaciones-2025x10x27-a.pdf
2025-10-27,003,POLO,BARAHONA,INDOCAFE,EMCI,27.9,17.0,70.8,https://indomet.gob.do/wp-content/uploads/2025/10/temperaturas-extremas-y-precipitaciones-2025x10x27-a.pdf
2025-10-27,004,SAN ANTONIO (EMA),SAN CRISTÓBAL,PRIVADA,EMAP,,,70.6,https://indomet.gob.do/wp-content/uploads/2025/10/temperaturas-extremas-y-precipitaciones-2025x10x27-a.pdf
2025-10-27,005,LOS PRADOS (EMA),DISTRITO NACIONAL,PRIVADA,EMAP,,,65.3,https://indomet.gob.do/wp-content/uploads/2025/10/temperaturas-extremas-y-precipitaciones-2025x10x27-a.pdf
2025-10-27,006,ENSANCHE PARAÍSO (EMA),DISTRITO NACIONAL,PRIVADA,EMAP,,,62.6,https://indomet.gob.do/wp-content/uploads/2025/10/temperaturas-extremas-y-precipitaciones-2025x10x27-a.pdf
2025-10-27,007,CABRAL,BARAHONA,MINISTERIO DE AGRICULTURA,EMCV,33.9,22.4,56.6,https://indomet.gob.do/wp-content/uploads/2025/10/temperaturas-extremas-y-precipitaciones-2025x10x27-a.pdf
2025-10-27,008,JARDÍN BOTÁNICO NACIONAL,DISTRITO NACIONAL,JARDÍN BOTÁNICO NACIONAL,EMCV,29.5,22.9,56.6,https://indomet.gob.do/wp-content/uploads/2025/10/temperaturas-extremas-y-precipitaciones-2025x10x27-a.pdf
2025-10-27,009,CENTRO DE LOS HEROES (EMA),DISTRITO NACIONAL,MINISTERIO DE ENERGIA Y MINA,EMAP,29.2,24.9,53.6,https://indomet.gob.do/wp-content/uploads/2025/10/temperaturas-extremas-y-precipitaciones-2025x10x27-a.pdf
2025-10-27,010,BELLA VISTA (EMA),DISTRITO NACIONAL,PRIVADA,EMAP,,,41.4,https://indomet.gob.do/wp-content/uploads/2025/10/temperaturas-extremas-y-precipitaciones-2025x10x27-a.pdf
2025-10-27,011,PARQUE INDUSTRIAL ITABO (EMA,SAN CRISTÓBAL,PRIVADA,EMAP,,,41.4,https://indomet.gob.do/wp-content/uploads/2025/10/temperaturas-extremas-y-precipitaciones-2025x10x27-a.pdf
2025-10-27,012,VILLA ALTAGRACIA,SAN CRISTÓBAL,ESCUELA JAVIER ANGULO GURIDI,EMCI,,,38.0,https://indomet.gob.do/wp-content/uploads/2025/10/temperaturas-extremas-y-precipitaciones-2025x10x27-a.pdf
2025-10-27,013,CERROS DE ARROYO HONDO (EM,DISTRITO NACIONAL,PRIVADA,EMAP,,,37.6,https://indomet.gob.do/wp-content/uploads/2025/10/temperaturas-extremas-y-precipitaciones-2025x10x27-a.pdf
2025-10-27,014,LOS JARDINES (EMA),DISTRITO NACIONAL,PRIVADA,EMAP,,,37.4,https://indomet.gob.do/wp-content/uploads/2025/10/temperaturas-extremas-y-precipitaciones-2025x10x27-a.pdf
2025-10-27,015,OVIEDO,PEDERNALES,CLÍNICA RURAL OVIEDO,EMCI,28.5,23.5,32.4,https://indomet.gob.do/wp-content/uploads/2025/10/temperaturas-extremas-y-precipitaciones-2025x10x27-a.pdf
2025-10-27,016,SAN CRISTÓBAL,SAN CRISTÓBAL,INSTITUTO POLITÉCNICO LOYOLA,EMCI,30.2,21.2,32.3,https://indomet.gob.do/wp-content/uploads/2025/10/temperaturas-extremas-y-precipitaciones-2025x10x27-a.pdf
2025-10-27,017,ARPT. LA ISABELA,SANTO DOMINGO,INDOMET,EMCI,30.0,23.0,27.5,https://indomet.gob.do/wp-content/uploads/2025/10/temperaturas-extremas-y-precipitaciones-2025x10x27-a.pdf
2025-10-27,018,PROLONGACION 27 DE FEBRERO,DISTRITO NACIONAL,PRIVADA,EMAP,,,26.3,https://indomet.gob.do/wp-content/uploads/2025/10/temperaturas-extremas-y-precipitaciones-2025x10x27-a.pdf
2025-10-27,019,LOS CACICAZGOS (EMA),DISTRITO NACIONAL,PRIVADA,EMAP,,,23.6,https://indomet.gob.do/wp-content/uploads/2025/10/temperaturas-extremas-y-precipitaciones-2025x10x27-a.pdf
2025-10-27,020,BASE AÉREA DE SAN ISIDRO,SANTO DOMINGO,FUERZA AÉREA DOMINICANA,EMCV,29.5,23.5,23.0,https://indomet.gob.do/wp-content/uploads/2025/10/temperaturas-extremas-y-precipitaciones-2025x10x27-a.pdf
2025-10-27,021,CASA DE CAMPO POLO FIELDS (E,LA ROMANA,PRIVADA,EMAP,,,16.2,https://indomet.gob.do/wp-content/uploads/2025/10/temperaturas-extremas-y-precipitaciones-2025x10x27-a.pdf
2025-10-27,022,HATO MAYOR,HATO MAYOR,MINISTERIO DE AGRICULTURA,EMCV,,,15.5,https://indomet.gob.do/wp-content/uploads/2025/10/temperaturas-extremas-y-precipitaciones-2025x10x27-a.pdf
2025-10-27,023,ENRIQUILLO,BARAHONA,MINISTERIO DE AGRICULTURA,EMCV,29.0,21.8,15.0,https://indomet.gob.do/wp-content/uploads/2025/10/temperaturas-extremas-y-precipitaciones-2025x10x27-a.pdf
2025-10-27,024,LOS JENGIBRES,NAGUA,INDRHI,EMCI,,,14.5,https://indomet.gob.do/wp-content/uploads/2025/10/temperaturas-extremas-y-precipitaciones-2025x10x27-a.pdf
2025-10-27,025,BANI (EMA),PERAVIA,MINISTERIO DE AGRICULTURA,EMAP,29.4,24.9,12.8,https://indomet.gob.do/wp-content/uploads/2025/10/temperaturas-extremas-y-precipitaciones-2025x10x27-a.pdf
2025-10-27,026,JUAN DOLIO (EMA),SAN PEDRO DE MACORÍS,PRIVADA,EMAP,,,12.2,https://indomet.gob.do/wp-content/uploads/2025/10/temperaturas-extremas-y-precipitaciones-2025x10x27-a.pdf
2025-10-27,027,ESCONDIDO,PERAVIA,MINISTERIO DE AGRICULTURA,EMCV,29.0,24.0,11.6,https://indomet.gob.do/wp-content/uploads/2025/10/temperaturas-extremas-y-precipitaciones-2025x10x27-a.pdf
2025-10-27,028,SAN RAFAEL DEL YUMA,LA ALTAGRACIA,MINISTERIO DE AGRICULTURA,EMCI,29.4,23.9,10.8,https://indomet.gob.do/wp-content/uploads/2025/10/temperaturas-extremas-y-precipitaciones-2025x10x27-a.pdf
2025-10-27,029,ARPT. DE LAS AMÉRICAS,SANTO DOMINGO,INDOMET,EMCI,29.0,22.9,9.4,https://indomet.gob.do/wp-content/uploads/2025/10/temperaturas-extremas-y-precipitaciones-2025x10x27-a.pdf
2025-10-27,030,LOS LLANOS,SAN PEDRO DE MACORÍS,MINISTERIO DE AGRICULTURA,EMCI,28.2,23.8,8.8,https://indomet.gob.do/wp-content/uploads/2025/10/temperaturas-extremas-y-precipitaciones-2025x10x27-a.pdf
2025-10-27,031,TÁBARA ABAJO,AZUA,INDRHI,EMCI,33.5,22.0,8.6,https://indomet.gob.do/wp-content/uploads/2025/10/temperaturas-extremas-y-precipitaciones-2025x10x27-a.pdf
2025-10-27,032,LA VICTORIA,SANTO DOMINGO,CUERPO DE BOMBEROS,EMCI,28.4,23.0,8.4,https://indomet.gob.do/wp-content/uploads/2025/10/temperaturas-extremas-y-precipitaciones-2025x10x27-a.pdf
2025-10-27,033,BAYAGUANA,MONTE PLATA,INDOMET,EMCI,29.5,22.6,6.7,https://indomet.gob.do/wp-content/uploads/2025/10/temperaturas-extremas-y-precipitaciones-2025x10x27-a.pdf
2025-10-27,034,CAPOTILLO (EMA),EL SEIBO,PRIVADA,EMAP,,,6.2,https://indomet.gob.do/wp-content/uploads/2025/10/temperaturas-extremas-y-precipitaciones-2025x10x27-a.pdf
2025-10-27,035,ARPT. DE LA ROMANA,LA ROMANA,INDOMET,EMCI,29.2,24.5,5.8,https://indomet.gob.do/wp-content/uploads/2025/10/temperaturas-extremas-y-precipitaciones-2025x10x27-a.pdf
2025-10-27,036,JIMA ABAJO,LA VEGA,INDOMET,EMCI,29.5,21.4,5.0,https://indomet.gob.do/wp-content/uploads/2025/10/temperaturas-extremas-y-precipitaciones-2025x10x27-a.pdf
2025-10-27,037,COTUÍ,SÁNCHEZ RAMÍREZ,HOSP. INMACULADA CONCEPCIÓN,EMCV,,,4.8,https://indomet.gob.do/wp-content/uploads/2025/10/temperaturas-extremas-y-precipitaciones-2025x10x27-a.pdf
2025-10-27,038,OLIVARES,PEDERNALES,INDRHI,EMCI,,,4.7,https://indomet.gob.do/wp-content/uploads/2025/10/temperaturas-extremas-y-precipitaciones-2025x10x27-a.pdf
2025-10-27,039,SAMANÁ,SAMANÁ,COMANDANCIA DE PUERTO DE SAMANÁ,EMCI,31.9,21.5,4.2,https://indomet.gob.do/wp-content/uploads/2025/10/temperaturas-extremas-y-precipitaciones-2025x10x27-a.pdf
2025-10-27,040,EL FACTOR (EMA),MARÍA TRINIDAD SÁNCHEZ,INTEC,EMAP,31.5,23.7,3.6,https://indomet.gob.do/wp-content/uploads/2025/10/temperaturas-extremas-y-precipitaciones-2025x10x27-a.pdf
2025-10-27,041,JUMA BEJUCAL,MONSEÑOR NOUEL,IDIAF,EMCV,29.8,23.2,3.6,https://indomet.gob.do/wp-content/uploads/2025/10/temperaturas-extremas-y-precipitaciones-2025x10x27-a.pdf
2025-10-27,042,VILLA RIVA,DUARTE,HOSP. MPAL. ALICIA DE LEGENDRE,EMCI,29.4,23.0,3.6,https://indomet.gob.do/wp-content/uploads/2025/10/temperaturas-extremas-y-precipitaciones-2025x10x27-a.pdf
2025-10-27,043,ELÍAS PIÑA,ELÍAS PIÑA,MINISTERIO DE AGRICULTURA,EMCV,,,3.4,https://indomet.gob.do/wp-content/uploads/2025/10/temperaturas-extremas-y-precipitaciones-2025x10x27-a.pdf
2025-10-27,044,ARROYO LORO,SAN JUAN,IDIAF,EMCI,27.9,22.1,3.2,https://indomet.gob.do/wp-content/uploads/2025/10/temperaturas-extremas-y-precipitaciones-2025x10x27-a.pdf
2025-10-27,045,BAYAHÍBE (EMA),LA ALTAGRACIA,PRIVADA,EMAP,,,3.0,https://indomet.gob.do/wp-content/uploads/2025/10/temperaturas-extremas-y-precipitaciones-2025x10x27-a.pdf
2025-10-27,046,HONDO VALLE,ELÍAS PIÑA,MINISTERIO DE AGRICULTURA,EMCI,26.1,17.8,2.9,https://indomet.gob.do/wp-content/uploads/2025/10/temperaturas-extremas-y-precipitaciones-2025x10x27-a.pdf
2025-10-27,047,RANCHO ARRIBA,SAN JOSÉ DE OCOA,CENTRO TECNOLÓGICO COMUNITARIO,EMCI,25.4,19.5,2.5,https://indomet.gob.do/wp-content/uploads/2025/10/temperaturas-extremas-y-precipitaciones-2025x10x27-a.pdf
2025-10-27,048,PEDERNALES,PEDERNALES,INDRHI,EMCI,,,2.4,https://indomet.gob.do/wp-content/uploads/2025/10/temperaturas-extremas-y-precipitaciones-2025x10x27-a.pdf
2025-10-27,049,CABRERA,MARÍA TRINIDAD SÁNCHEZ,ESCUELA ARÍSTIDES FIALLO CABRAL,EMCI,30.5,24.5,2.2,https://indomet.gob.do/wp-content/uploads/2025/10/temperaturas-extremas-y-precipitaciones-2025x10x27-a.pdf
2025-10-27,050,BAVARO (EMA),LA ALTAGRACIA,PRIVADA,EMAP,,,2.0,https://indomet.gob.do/wp-content/uploads/2025/10/temperaturas-extremas-y-precipitaciones-2025x10x27-a.pdf
2025-10-27,051,ARPT. DE PUNTA CANA,LA ALTAGRACIA,INDOMET,EMCI,30.0,22.8,1.8,https://indomet.gob.do/wp-content/uploads/2025/10/temperaturas-extremas-y-precipitaciones-2025x10x27-a.pdf
2025-10-27,052,MICHES (EMA),EL SEIBO,PRIVADA,EMAP,31.9,23.5,1.6,https://indomet.gob.do/wp-content/uploads/2025/10/temperaturas-extremas-y-precipitaciones-2025x10x27-a.pdf
2025-10-27,053,SÁNCHEZ,SAMANÁ,MINISTERIO DE AGRICULTURA,EMCI,30.4,24.1,1.4,https://indomet.gob.do/wp-content/uploads/2025/10/temperaturas-extremas-y-precipitaciones-2025x10x27-a.pdf
2025-10-27,054,BONAO,MONSEÑOR NOUEL,MINISTERIO DE AGRICULTURA,EMCV,,,1.3,https://indomet.gob.do/wp-content/uploads/2025/10/temperaturas-extremas-y-precipitaciones-2025x10x27-a.pdf
2025-10-27,055,PADRE LAS CASAS,AZUA,HOSP. NTRA. SRA. DEL CARMEN,EMCI,28.0,20.5,1.2,https://indomet.gob.do/wp-content/uploads/2025/10/temperaturas-extremas-y-precipitaciones-2025x10x27-a.pdf
2025-10-27,056,BOHECHÍO,SAN JUAN,MINISTERIO DE AGRICULTURA,EMCV,,,1.0,https://indomet.gob.do/wp-content/uploads/2025/10/temperaturas-extremas-y-precipitaciones-2025x10x27-a.pdf
2025-10-27,057,RÍO SAN JUAN,MARÍA TRINIDAD SÁNCHEZ,HOSP. MPAL. DR. DESIDERIO ACOSTA,EMCV,31.7,25.3,1.0,https://indomet.gob.do/wp-content/uploads/2025/10/temperaturas-extremas-y-precipitaciones-2025x10x27-a.pdf
2025-10-27,058,ANAMUYA (EMA),LA ALTAGRACIA,MINISTERIO DE AGRICULTURA,EMAP,,,0.6,https://indomet.gob.do/wp-content/uploads/2025/10/temperaturas-extremas-y-precipitaciones-2025x10x27-a.pdf
2025-10-27,059,PERALTA,AZUA,HOSP. MPAL. DE PERALTA,EMCI,28.1,19.2,0.6,https://indomet.gob.do/wp-content/uploads/2025/10/temperaturas-extremas-y-precipitaciones-2025x10x27-a.pdf
2025-10-27,060,PRESA DE TAVERAS (EMA),LA VEGA,PROGRAMA MUNDIAL DE ALIMENTO,EMAP,26.9,22.2,0.6,https://indomet.gob.do/wp-content/uploads/2025/10/temperaturas-extremas-y-precipitaciones-2025x10x27-a.pdf
2025-10-27,061,ARPT. EL CATEY,SAMANÁ,INDOMET,EMCI,31.0,21.5,0.5,https://indomet.gob.do/wp-content/uploads/2025/10/temperaturas-extremas-y-precipitaciones-2025x10x27-a.pdf
2025-10-27,062,ALTO BANDERA (EMA),LA VEGA,INTEC,EMAP,11.3,8.3,0.3,https://indomet.gob.do/wp-content/uploads/2025/10/temperaturas-extremas-y-precipitaciones-2025x10x27-a.pdf
2025-10-27,063,BOCA DE MAO (EMA),VALVERDE,MINISTERIO DE AGRICULTURA,EMAP,30.8,24.6,0.2,https://indomet.gob.do/wp-content/uploads/2025/10/temperaturas-extremas-y-precipitaciones-2025x10x27-a.pdf
2025-10-27,064,VILLA GONZALE (EMA),SANTIAGO,IGLESIA,EMAI,,,0.2,https://indomet.gob.do/wp-content/uploads/2025/10/temperaturas-extremas-y-precipitaciones-2025x10x27-a.pdf
2025-10-27,065,JIMANÍ,INDEPENDENCIA,MINISTERIO DE AGRICULTURA,EMCI,28.4,24.2,0.1,https://indomet.gob.do/wp-content/uploads/2025/10/temperaturas-extremas-y-precipitaciones-2025x10x27-a.pdf
2025-10-27,066,SABANA GRANDE DE BOYÁ,MONTE PLATA,MINISTERIO DE AGRICULTURA,EMCV,,,0.1,https://indomet.gob.do/wp-content/uploads/2025/10/temperaturas-extremas-y-precipitaciones-2025x10x27-a.pdf
2025-10-27,067,SALCEDO,HERMANAS MIRABAL,PROPIEDAD DEL EMPLEADO,EMCI,,,0.1,https://indomet.gob.do/wp-content/uploads/2025/10/temperaturas-extremas-y-precipitaciones-2025x10x27-a.pdf
2025-10-27,068,ALTAMIRA,PUERTO PLATA,HOSP. MPAL. DE ALTAMIRA,EMCI,30.4,22.5,0.0,https://indomet.gob.do/wp-content/uploads/2025/10/temperaturas-extremas-y-precipitaciones-2025x10x27-a.pdf
2025-10-27,069,ARPT. ARROYO BARRIL,SAMANÁ,INDOMET,EMCI,31.5,23.7,0.0,https://indomet.gob.do/wp-content/uploads/2025/10/temperaturas-extremas-y-precipitaciones-2025x10x27-a.pdf
2025-10-27,070,ARPT. DEL CIBAO,SANTIAGO,INDOMET,EMCI,30.2,22.0,0.0,https://indomet.gob.do/wp-content/uploads/2025/10/temperaturas-extremas-y-precipitaciones-2025x10x27-a.pdf
2025-10-27,071,ARPT. GREGORIO LUPERÓN,PUERTO PLATA,INDOMET,EMCI,32.0,23.4,0.0,https://indomet.gob.do/wp-content/uploads/2025/10/temperaturas-extremas-y-precipitaciones-2025x10x27-a.pdf
2025-10-27,072,CONSTANZA,LA VEGA,MINISTERIO DE AGRICULTURA,EMCI,23.6,15.4,0.0,https://indomet.gob.do/wp-content/uploads/2025/10/temperaturas-extremas-y-precipitaciones-2025x10x27-a.pdf
2025-10-27,073,CONSTANZA (EMA),LA VEGA,PROGRAMA MUNDIAL DE ALIMENTO,EMAP,23.1,16.9,0.0,https://indomet.gob.do/wp-content/uploads/2025/10/temperaturas-extremas-y-precipitaciones-2025x10x27-a.pdf
2025-10-27,074,DAJABÓN,DAJABÓN,INSTITUTO POLITÉCNICO LOYOLA,EMCI,34.4,20.0,0.0,https://indomet.gob.do/wp-content/uploads/2025/10/temperaturas-extremas-y-precipitaciones-2025x10x27-a.pdf
2025-10-27,075,GASPAR HERNÁNDEZ,ESPAILLAT,PROPIEDAD DEL EMPLEADO,EMCI,,,0.0,https://indomet.gob.do/wp-content/uploads/2025/10/temperaturas-extremas-y-precipitaciones-2025x10x27-a.pdf
2025-10-27,076,GURABO,SANTIAGO,MINISTERIO DE AGRICULTURA,EMCV,,,0.0,https://indomet.gob.do/wp-content/uploads/2025/10/temperaturas-extremas-y-precipitaciones-2025x10x27-a.pdf
2025-10-27,077,JARABACOA,LA VEGA,INDRHI / MARENA,EMCI,28.2,17.6,0.0,https://indomet.gob.do/wp-content/uploads/2025/10/temperaturas-extremas-y-precipitaciones-2025x10x27-a.pdf
2025-10-27,078,JARABACOA (EMA),LA VEGA,PROGRAMA MUNDIAL DE ALIMENTO,EMAP,27.6,19.9,0.0,https://indomet.gob.do/wp-content/uploads/2025/10/temperaturas-extremas-y-precipitaciones-2025x10x27-a.pdf
2025-10-27,079,LA VEGA,LA VEGA,IATESA,EMCI,29.0,23.5,0.0,https://indomet.gob.do/wp-content/uploads/2025/10/temperaturas-extremas-y-precipitaciones-2025x10x27-a.pdf
2025-10-27,080,LAS MATAS DE SANTA CRUZ (EMA,MONTE CRISTI,PROGRAMA MUNDIAL DE ALIMENTO,EMAP,,,0.0,https://indomet.gob.do/wp-content/uploads/2025/10/temperaturas-extremas-y-precipitaciones-2025x10x27-a.pdf
2025-10-27,081,MAO,VALVERDE,INDRHI / MINISTERIO DE AGRICULTURA,EMCV,,,0.0,https://indomet.gob.do/wp-content/uploads/2025/10/temperaturas-extremas-y-precipitaciones-2025x10x27-a.pdf
2025-10-27,082,MONCIÓN (EMA),SANTIAGO RODRÍGUEZ,PROGRAMA MUNDIAL DE ALIMENTO,EMAP,28.1,21.3,0.0,https://indomet.gob.do/wp-content/uploads/2025/10/temperaturas-extremas-y-precipitaciones-2025x10x27-a.pdf
2025-10-27,083,MONTE CRISTI,MONTE CRISTI,INDOMET,EMCI,34.1,25.5,0.0,https://indomet.gob.do/wp-content/uploads/2025/10/temperaturas-extremas-y-precipitaciones-2025x10x27-a.pdf
2025-10-27,084,PALO ÍNDIO,PUERTO PLATA,MINISTERIO DE AGRICULTURA,EMCI,,,0.0,https://indomet.gob.do/wp-content/uploads/2025/10/temperaturas-extremas-y-precipitaciones-2025x10x27-a.pdf
2025-10-27,085,PASO AL MEDIO,SAN PEDRO DE MACORÍS,INDRHI,EMCI,,,0.0,https://indomet.gob.do/wp-content/uploads/2025/10/temperaturas-extremas-y-precipitaciones-2025x10x27-a.pdf
2025-10-27,086,PONTÓN ABAJO (EMA),LA VEGA,MINISTERIO DE AGRICULTURA,EMAP,28.6,23.8,0.0,https://indomet.gob.do/wp-content/uploads/2025/10/temperaturas-extremas-y-precipitaciones-2025x10x27-a.pdf
2025-10-27,087,RESTAURACIÓN,DAJABÓN,MINISTERIO DE AGRICULTURA,EMCI,29.6,17.7,0.0,https://indomet.gob.do/wp-content/uploads/2025/10/temperaturas-extremas-y-precipitaciones-2025x10x27-a.pdf
2025-10-27,088,SABANA DE LA MAR,HATO MAYOR,INDOMET,EMCI,31.5,23.0,0.0,https://indomet.gob.do/wp-content/uploads/2025/10/temperaturas-extremas-y-precipitaciones-2025x10x27-a.pdf
2025-10-27,089,SABANETA (EMA),SANTIAGO RODRÍGUEZ,PROGRAMA MUNDIAL DE ALIMENTO,EMAP,31.4,23.2,0.0,https://indomet.gob.do/wp-content/uploads/2025/10/temperaturas-extremas-y-precipitaciones-2025x10x27-a.pdf
2025-10-27,090,SAN FRANCISCO DE MACORÍS,DUARTE,San Francisco de Macorís (UASD),EMCI,28.6,22.9,0.0,https://indomet.gob.do/wp-content/uploads/2025/10/temperaturas-extremas-y-precipitaciones-2025x10x27-a.pdf
2025-10-27,091,SAN JOSÉ DE OCOA,SAN JOSÉ DE OCOA,HOSP. SAN JOSÉ DE OCOA,EMCI,22.7,20.3,0.0,https://indomet.gob.do/wp-content/uploads/2025/10/temperaturas-extremas-y-precipitaciones-2025x10x27-a.pdf
2025-10-27,092,SANTIAGO,SANTIAGO,HUACALITO,EMCI,,,0.0,https://indomet.gob.do/wp-content/uploads/2025/10/temperaturas-extremas-y-precipitaciones-2025x10x27-a.pdf
2025-10-27,093,JARDÍN BOTÁNICO SANTIAGO (EMSANTIAGO,,JARDIN BOTANICO SANTIAGO,EMAI,,,0.0,https://indomet.gob.do/wp-content/uploads/2025/10/temperaturas-extremas-y-precipitaciones-2025x10x27-a.pdf
2025-10-27,094,BUCARA (EMA),SANTIAGO,MINISTERIO DE AGRICULTURA,EMAI,,,0.0,https://indomet.gob.do/wp-content/uploads/2025/10/temperaturas-extremas-y-precipitaciones-2025x10x27-a.pdf
2025-10-27,095,JANICO (EMA),LA VEGA,PLAN SIERRA,EMAI,,,0.0,https://indomet.gob.do/wp-content/uploads/2025/10/temperaturas-extremas-y-precipitaciones-2025x10x27-a.pdf
2025-10-27,096,VILLA VASQUEZ (EMA),MONTE CRISTI,JUNTA DE REGANTES,EMAI,,,0.0,https://indomet.gob.do/wp-content/uploads/2025/10/temperaturas-extremas-y-precipitaciones-2025x10x27-a.pdf
2025-10-27,097,SANTIAGO RODRÍGUEZ,SANTIAGO RODRÍGUEZ,INDOMET,EMCI,31.3,23.0,0.0,https://indomet.gob.do/wp-content/uploads/2025/10/temperaturas-extremas-y-precipitaciones-2025x10x27-a.pdf
2025-10-27,098,TAVERA,SANTIAGO,INDRHI,EMCI,,,0.0,https://indomet.gob.do/wp-content/uploads/2025/10/temperaturas-extremas-y-precipitaciones-2025x10x27-a.pdf
2025-10-27,099,VILLA GONZALES,SANTIAGO,MINISTERIO DE AGRICULTURA,EMCI,,,0.0,https://indomet.gob.do/wp-content/uploads/2025/10/temperaturas-extremas-y-precipitaciones-2025x10x27-a.pdf
2025-10-27,100,VILLA ISABELA,PUERTO PLATA,MINISTERIO DE AGRICULTURA,EMCV,,,0.0,https://indomet.gob.do/wp-content/uploads/2025/10/temperaturas-extremas-y-precipitaciones-2025x10x27-a.pdf
2025-10-28,001,POLO,BARAHONA,INDOCAFE,EMCI,29.0,17.5,192.4,https://indomet.gob.do/wp-content/uploads/2025/10/temperaturas-extremas-y-precipitaciones-2025x10x28-a.pdf
2025-10-28,002,ARPT. MARÍA MONTEZ,BARAHONA,INDOMET,EMCI,29.4,23.0,64.3,https://indomet.gob.do/wp-content/uploads/2025/10/temperaturas-extremas-y-precipitaciones-2025x10x28-a.pdf
2025-10-28,003,SAN JOSÉ DE OCOA,SAN JOSÉ DE OCOA,HOSP. SAN JOSÉ DE OCOA,EMCI,27.3,20.8,40.8,https://indomet.gob.do/wp-content/uploads/2025/10/temperaturas-extremas-y-precipitaciones-2025x10x28-a.pdf
2025-10-28,004,VILLA ALTAGRACIA,SAN CRISTÓBAL,ESCUELA JAVIER ANGULO GURIDI,EMCI,,,40.2,https://indomet.gob.do/wp-content/uploads/2025/10/temperaturas-extremas-y-precipitaciones-2025x10x28-a.pdf
2025-10-28,005,CABRAL,BARAHONA,MINISTERIO DE AGRICULTURA,EMCV,33.0,24.2,34.6,https://indomet.gob.do/wp-content/uploads/2025/10/temperaturas-extremas-y-precipitaciones-2025x10x28-a.pdf
2025-10-28,006,PERALTA,AZUA,HOSP. MPAL. DE PERALTA,EMCI,26.5,22.1,25.4,https://indomet.gob.do/wp-content/uploads/2025/10/temperaturas-extremas-y-precipitaciones-2025x10x28-a.pdf
2025-10-28,007,BOHECHÍO,SAN JUAN,MINISTERIO DE AGRICULTURA,EMCV,,,25.0,https://indomet.gob.do/wp-content/uploads/2025/10/temperaturas-extremas-y-precipitaciones-2025x10x28-a.pdf
2025-10-28,008,ARROYO LORO,SAN JUAN,IDIAF,EMCI,25.1,22.1,15.1,https://indomet.gob.do/wp-content/uploads/2025/10/temperaturas-extremas-y-precipitaciones-2025x10x28-a.pdf
2025-10-28,009,PADRE LAS CASAS,AZUA,HOSP. NTRA. SRA. DEL CARMEN,EMCI,25.5,21.0,15.1,https://indomet.gob.do/wp-content/uploads/2025/10/temperaturas-extremas-y-precipitaciones-2025x10x28-a.pdf
2025-10-28,010,ARPT. LA ISABELA,SANTO DOMINGO,INDOMET,EMCI,31.0,22.0,14.3,https://indomet.gob.do/wp-content/uploads/2025/10/temperaturas-extremas-y-precipitaciones-2025x10x28-a.pdf
2025-10-28,011,LOS PRADOS (EMA),DISTRITO NACIONAL,PRIVADA,EMAP,,,11.7,https://indomet.gob.do/wp-content/uploads/2025/10/temperaturas-extremas-y-precipitaciones-2025x10x28-a.pdf
2025-10-28,012,PROLONGACION 27 DE FEBRERO,DISTRITO NACIONAL,PRIVADA,EMAP,,,11.7,https://indomet.gob.do/wp-content/uploads/2025/10/temperaturas-extremas-y-precipitaciones-2025x10x28-a.pdf
2025-10-28,013,RANCHO ARRIBA,SAN JOSÉ DE OCOA,CENTRO TECNOLÓGICO COMUNITARIO,EMCI,25.8,19.3,11.3,https://indomet.gob.do/wp-content/uploads/2025/10/temperaturas-extremas-y-precipitaciones-2025x10x28-a.pdf
2025-10-28,014,JIMANÍ,INDEPENDENCIA,MINISTERIO DE AGRICULTURA,EMCI,28.6,23.0,9.2,https://indomet.gob.do/wp-content/uploads/2025/10/temperaturas-extremas-y-precipitaciones-2025x10x28-a.pdf
2025-10-28,015,OVIEDO,PEDERNALES,CLÍNICA RURAL OVIEDO,EMCI,30.5,25.0,9.2,https://indomet.gob.do/wp-content/uploads/2025/10/temperaturas-extremas-y-precipitaciones-2025x10x28-a.pdf
2025-10-28,016,MICHES (EMA),EL SEIBO,PRIVADA,EMAP,28.6,27.2,8.2,https://indomet.gob.do/wp-content/uploads/2025/10/temperaturas-extremas-y-precipitaciones-2025x10x28-a.pdf
2025-10-28,017,LOS CACICAZGOS (EMA),DISTRITO NACIONAL,PRIVADA,EMAP,,,7.9,https://indomet.gob.do/wp-content/uploads/2025/10/temperaturas-extremas-y-precipitaciones-2025x10x28-a.pdf
2025-10-28,018,ESCONDIDO,PERAVIA,MINISTERIO DE AGRICULTURA,EMCV,31.0,25.0,7.8,https://indomet.gob.do/wp-content/uploads/2025/10/temperaturas-extremas-y-precipitaciones-2025x10x28-a.pdf
2025-10-28,019,SABANA GRANDE DE BOYÁ,MONTE PLATA,MINISTERIO DE AGRICULTURA,EMCV,,,7.1,https://indomet.gob.do/wp-content/uploads/2025/10/temperaturas-extremas-y-precipitaciones-2025x10x28-a.pdf
2025-10-28,020,CERROS DE ARROYO HONDO (EM,DISTRITO NACIONAL,PRIVADA,EMAP,,,7.1,https://indomet.gob.do/wp-content/uploads/2025/10/temperaturas-extremas-y-precipitaciones-2025x10x28-a.pdf
2025-10-28,021,HONDO VALLE,ELÍAS PIÑA,MINISTERIO DE AGRICULTURA,EMCI,26.7,18.9,6.9,https://indomet.gob.do/wp-content/uploads/2025/10/temperaturas-extremas-y-precipitaciones-2025x10x28-a.pdf
2025-10-28,022,BANI (EMA),PERAVIA,MINISTERIO DE AGRICULTURA,EMAP,28.6,27.7,6.8,https://indomet.gob.do/wp-content/uploads/2025/10/temperaturas-extremas-y-precipitaciones-2025x10x28-a.pdf
2025-10-28,023,ALTO BANDERA (EMA),LA VEGA,INTEC,EMAP,11.7,9.7,6.6,https://indomet.gob.do/wp-content/uploads/2025/10/temperaturas-extremas-y-precipitaciones-2025x10x28-a.pdf
2025-10-28,024,PEDERNALES,PEDERNALES,INDRHI,EMCI,,,5.6,https://indomet.gob.do/wp-content/uploads/2025/10/temperaturas-extremas-y-precipitaciones-2025x10x28-a.pdf
2025-10-28,025,ANAMUYA (EMA),LA ALTAGRACIA,MINISTERIO DE AGRICULTURA,EMAP,25.5,24.1,5.0,https://indomet.gob.do/wp-content/uploads/2025/10/temperaturas-extremas-y-precipitaciones-2025x10x28-a.pdf
2025-10-28,026,DAJABÓN,DAJABÓN,INSTITUTO POLITÉCNICO LOYOLA,EMCI,34.3,19.0,4.6,https://indomet.gob.do/wp-content/uploads/2025/10/temperaturas-extremas-y-precipitaciones-2025x10x28-a.pdf
2025-10-28,027,CASA DE CAMPO POLO FIELDS (E,LA ROMANA,PRIVADA,EMAP,,,4.1,https://indomet.gob.do/wp-content/uploads/2025/10/temperaturas-extremas-y-precipitaciones-2025x10x28-a.pdf
2025-10-28,028,CAPOTILLO (EMA),EL SEIBO,PRIVADA,EMAP,,,3.6,https://indomet.gob.do/wp-content/uploads/2025/10/temperaturas-extremas-y-precipitaciones-2025x10x28-a.pdf
2025-10-28,029,OLIVARES,PEDERNALES,INDRHI,EMCI,,,3.5,https://indomet.gob.do/wp-content/uploads/2025/10/temperaturas-extremas-y-precipitaciones-2025x10x28-a.pdf
2025-10-28,030,LOS JARDINES (EMA),DISTRITO NACIONAL,PRIVADA,EMAP,,,3.4,https://indomet.gob.do/wp-content/uploads/2025/10/temperaturas-extremas-y-precipitaciones-2025x10x28-a.pdf
2025-10-28,031,ARPT. ARROYO BARRIL,SAMANÁ,INDOMET,EMCI,30.8,24.0,3.2,https://indomet.gob.do/wp-content/uploads/2025/10/temperaturas-extremas-y-precipitaciones-2025x10x28-a.pdf
2025-10-28,032,JARDÍN BOTÁNICO NACIONAL,DISTRITO NACIONAL,JARDÍN BOTÁNICO NACIONAL,EMCV,31.4,24.1,3.0,https://indomet.gob.do/wp-content/uploads/2025/10/temperaturas-extremas-y-precipitaciones-2025x10x28-a.pdf
2025-10-28,033,SAN RAFAEL DEL YUMA,LA ALTAGRACIA,MINISTERIO DE AGRICULTURA,EMCI,30.8,25.8,2.9,https://indomet.gob.do/wp-content/uploads/2025/10/temperaturas-extremas-y-precipitaciones-2025x10x28-a.pdf
2025-10-28,034,MONCIÓN (EMA),SANTIAGO RODRÍGUEZ,PROGRAMA MUNDIAL DE ALIMENTO,EMAP,23.2,21.6,2.8,https://indomet.gob.do/wp-content/uploads/2025/10/temperaturas-extremas-y-precipitaciones-2025x10x28-a.pdf
2025-10-28,035,ARPT. DE LA ROMANA,LA ROMANA,INDOMET,EMCI,31.0,22.8,2.7,https://indomet.gob.do/wp-content/uploads/2025/10/temperaturas-extremas-y-precipitaciones-2025x10x28-a.pdf
2025-10-28,036,EL FACTOR (EMA),MARÍA TRINIDAD SÁNCHEZ,INTEC,EMAP,27.7,26.6,2.5,https://indomet.gob.do/wp-content/uploads/2025/10/temperaturas-extremas-y-precipitaciones-2025x10x28-a.pdf
2025-10-28,037,ELÍAS PIÑA,ELÍAS PIÑA,MINISTERIO DE AGRICULTURA,EMCV,,,2.4,https://indomet.gob.do/wp-content/uploads/2025/10/temperaturas-extremas-y-precipitaciones-2025x10x28-a.pdf
2025-10-28,038,JIMA ABAJO,LA VEGA,INDOMET,EMCI,32.5,21.0,2.4,https://indomet.gob.do/wp-content/uploads/2025/10/temperaturas-extremas-y-precipitaciones-2025x10x28-a.pdf
2025-10-28,039,TÁBARA ABAJO,AZUA,INDRHI,EMCI,32.5,21.0,2.4,https://indomet.gob.do/wp-content/uploads/2025/10/temperaturas-extremas-y-precipitaciones-2025x10x28-a.pdf
2025-10-28,040,LA VICTORIA,SANTO DOMINGO,CUERPO DE BOMBEROS,EMCI,31.5,24.5,2.1,https://indomet.gob.do/wp-content/uploads/2025/10/temperaturas-extremas-y-precipitaciones-2025x10x28-a.pdf
2025-10-28,041,CENTRO DE LOS HEROES (EMA),DISTRITO NACIONAL,MINISTERIO DE ENERGIA Y MINA,EMAP,29.1,28.3,2.0,https://indomet.gob.do/wp-content/uploads/2025/10/temperaturas-extremas-y-precipitaciones-2025x10x28-a.pdf
2025-10-28,042,ENSANCHE PARAÍSO (EMA),DISTRITO NACIONAL,PRIVADA,EMAP,,,2.0,https://indomet.gob.do/wp-content/uploads/2025/10/temperaturas-extremas-y-precipitaciones-2025x10x28-a.pdf
2025-10-28,043,SAN CRISTÓBAL,SAN CRISTÓBAL,INSTITUTO POLITÉCNICO LOYOLA,EMCI,30.2,23.0,1.9,https://indomet.gob.do/wp-content/uploads/2025/10/temperaturas-extremas-y-precipitaciones-2025x10x28-a.pdf
2025-10-28,044,ARPT. DE LAS AMÉRICAS,SANTO DOMINGO,INDOMET,EMCI,31.0,24.0,1.8,https://indomet.gob.do/wp-content/uploads/2025/10/temperaturas-extremas-y-precipitaciones-2025x10x28-a.pdf
2025-10-28,045,ENRIQUILLO,BARAHONA,MINISTERIO DE AGRICULTURA,EMCV,30.5,25.0,1.8,https://indomet.gob.do/wp-content/uploads/2025/10/temperaturas-extremas-y-precipitaciones-2025x10x28-a.pdf
2025-10-28,046,PARQUE INDUSTRIAL ITABO (EMA,SAN CRISTÓBAL,PRIVADA,EMAP,,,1.8,https://indomet.gob.do/wp-content/uploads/2025/10/temperaturas-extremas-y-precipitaciones-2025x10x28-a.pdf
2025-10-28,047,SAN ANTONIO (EMA),SAN CRISTÓBAL,PRIVADA,EMAP,,,1.5,https://indomet.gob.do/wp-content/uploads/2025/10/temperaturas-extremas-y-precipitaciones-2025x10x28-a.pdf
2025-10-28,048,BAYAHÍBE (EMA),LA ALTAGRACIA,PRIVADA,EMAP,,,1.0,https://indomet.gob.do/wp-content/uploads/2025/10/temperaturas-extremas-y-precipitaciones-2025x10x28-a.pdf
2025-10-28,049,JUMA BEJUCAL,MONSEÑOR NOUEL,IDIAF,EMCV,28.4,25.2,1.0,https://indomet.gob.do/wp-content/uploads/2025/10/temperaturas-extremas-y-precipitaciones-2025x10x28-a.pdf
2025-10-28,050,SAMANÁ,SAMANÁ,COMANDANCIA DE PUERTO DE SAMANÁ,EMCI,32.0,21.5,1.0,https://indomet.gob.do/wp-content/uploads/2025/10/temperaturas-extremas-y-precipitaciones-2025x10x28-a.pdf
2025-10-28,051,LOS LLANOS,SAN PEDRO DE MACORÍS,MINISTERIO DE AGRICULTURA,EMCI,31.0,26.8,0.8,https://indomet.gob.do/wp-content/uploads/2025/10/temperaturas-extremas-y-precipitaciones-2025x10x28-a.pdf
2025-10-28,052,RÍO SAN JUAN,MARÍA TRINIDAD SÁNCHEZ,HOSP. MPAL. DR. DESIDERIO ACOSTA,EMCV,31.3,24.3,0.8,https://indomet.gob.do/wp-content/uploads/2025/10/temperaturas-extremas-y-precipitaciones-2025x10x28-a.pdf
2025-10-28,053,SAN FRANCISCO DE MACORÍS,DUARTE,San Francisco de Macorís (UASD),EMCI,29.6,24.2,0.8,https://indomet.gob.do/wp-content/uploads/2025/10/temperaturas-extremas-y-precipitaciones-2025x10x28-a.pdf
2025-10-28,054,SABANA DE LA MAR,HATO MAYOR,INDOMET,EMCI,33.0,24.5,0.5,https://indomet.gob.do/wp-content/uploads/2025/10/temperaturas-extremas-y-precipitaciones-2025x10x28-a.pdf
2025-10-28,055,BELLA VISTA (EMA),DISTRITO NACIONAL,PRIVADA,EMAP,,,0.3,https://indomet.gob.do/wp-content/uploads/2025/10/temperaturas-extremas-y-precipitaciones-2025x10x28-a.pdf
2025-10-28,056,BONAO,MONSEÑOR NOUEL,MINISTERIO DE AGRICULTURA,EMCV,,,0.3,https://indomet.gob.do/wp-content/uploads/2025/10/temperaturas-extremas-y-precipitaciones-2025x10x28-a.pdf
2025-10-28,057,HATO MAYOR,HATO MAYOR,MINISTERIO DE AGRICULTURA,EMCV,,,0.3,https://indomet.gob.do/wp-content/uploads/2025/10/temperaturas-extremas-y-precipitaciones-2025x10x28-a.pdf
2025-10-28,058,JUAN DOLIO (EMA),SAN PEDRO DE MACORÍS,PRIVADA,EMAP,,,0.2,https://indomet.gob.do/wp-content/uploads/2025/10/temperaturas-extremas-y-precipitaciones-2025x10x28-a.pdf
2025-10-28,059,SANTO DOMINGO ESTE,SANTO DOMINGO,INDOMET,EMCI,32.4,24.0,0.2,https://indomet.gob.do/wp-content/uploads/2025/10/temperaturas-extremas-y-precipitaciones-2025x10x28-a.pdf
2025-10-28,060,BAYAGUANA,MONTE PLATA,INDOMET,EMCI,32.0,23.2,0.1,https://indomet.gob.do/wp-content/uploads/2025/10/temperaturas-extremas-y-precipitaciones-2025x10x28-a.pdf
2025-10-28,061,MONTE CRISTI,MONTE CRISTI,INDOMET,EMCI,32.3,25.5,0.1,https://indomet.gob.do/wp-content/uploads/2025/10/temperaturas-extremas-y-precipitaciones-2025x10x28-a.pdf
2025-10-28,062,ALTAMIRA,PUERTO PLATA,HOSP. MPAL. DE ALTAMIRA,EMCI,31.1,24.1,0.0,https://indomet.gob.do/wp-content/uploads/2025/10/temperaturas-extremas-y-precipitaciones-2025x10x28-a.pdf
2025-10-28,063,ARPT. DE PUNTA CANA,LA ALTAGRACIA,INDOMET,EMCI,31.4,24.0,0.0,https://indomet.gob.do/wp-content/uploads/2025/10/temperaturas-extremas-y-precipitaciones-2025x10x28-a.pdf
2025-10-28,064,ARPT. DEL CIBAO,SANTIAGO,INDOMET,EMCI,32.5,21.5,0.0,https://indomet.gob.do/wp-content/uploads/2025/10/temperaturas-extremas-y-precipitaciones-2025x10x28-a.pdf
2025-10-28,065,ARPT. EL CATEY,SAMANÁ,INDOMET,EMCI,32.5,23.0,0.0,https://indomet.gob.do/wp-content/uploads/2025/10/temperaturas-extremas-y-precipitaciones-2025x10x28-a.pdf
2025-10-28,066,ARPT. GREGORIO LUPERÓN,PUERTO PLATA,INDOMET,EMCI,32.0,23.5,0.0,https://indomet.gob.do/wp-content/uploads/2025/10/temperaturas-extremas-y-precipitaciones-2025x10x28-a.pdf
2025-10-28,067,BAVARO (EMA),LA ALTAGRACIA,PRIVADA,EMAP,28.8,27.4,0.0,https://indomet.gob.do/wp-content/uploads/2025/10/temperaturas-extremas-y-precipitaciones-2025x10x28-a.pdf
2025-10-28,068,BOCA DE MAO (EMA),VALVERDE,MINISTERIO DE AGRICULTURA,EMAP,26.8,25.8,0.0,https://indomet.gob.do/wp-content/uploads/2025/10/temperaturas-extremas-y-precipitaciones-2025x10x28-a.pdf
2025-10-28,069,BUCARA (EMA),SANTIAGO,MINISTERIO DE AGRICULTURA,EMAI,,,0.0,https://indomet.gob.do/wp-content/uploads/2025/10/temperaturas-extremas-y-precipitaciones-2025x10x28-a.pdf
2025-10-28,070,CABRERA,MARÍA TRINIDAD SÁNCHEZ,ESCUELA ARÍSTIDES FIALLO CABRAL,EMCI,32.0,26.0,0.0,https://indomet.gob.do/wp-content/uploads/2025/10/temperaturas-extremas-y-precipitaciones-2025x10x28-a.pdf
2025-10-28,071,CONSTANZA,LA VEGA,MINISTERIO DE AGRICULTURA,EMCI,26.0,16.5,0.0,https://indomet.gob.do/wp-content/uploads/2025/10/temperaturas-extremas-y-precipitaciones-2025x10x28-a.pdf
2025-10-28,072,CONSTANZA (EMA),LA VEGA,PROGRAMA MUNDIAL DE ALIMENTO,EMAP,22.1,20.9,0.0,https://indomet.gob.do/wp-content/uploads/2025/10/temperaturas-extremas-y-precipitaciones-2025x10x28-a.pdf
2025-10-28,073,ENSANCHE LA FE (EMA),DISTRITO NACIONAL,PRIVADA,EMAP,,,0.0,https://indomet.gob.do/wp-content/uploads/2025/10/temperaturas-extremas-y-precipitaciones-2025x10x28-a.pdf
2025-10-28,074,GASPAR HERNÁNDEZ,ESPAILLAT,PROPIEDAD DEL EMPLEADO,EMCI,,,0.0,https://indomet.gob.do/wp-content/uploads/2025/10/temperaturas-extremas-y-precipitaciones-2025x10x28-a.pdf
2025-10-28,075,GURABO,SANTIAGO,MINISTERIO DE AGRICULTURA,EMCV,,,0.0,https://indomet.gob.do/wp-content/uploads/2025/10/temperaturas-extremas-y-precipitaciones-2025x10x28-a.pdf
2025-10-28,076,JANICO (EMA),LA VEGA,PLAN SIERRA,EMAI,,,0.0,https://indomet.gob.do/wp-content/uploads/2025/10/temperaturas-extremas-y-precipitaciones-2025x10x28-a.pdf
2025-10-28,077,JARABACOA,LA VEGA,INDRHI / MARENA,EMCI,30.6,20.2,0.0,https://indomet.gob.do/wp-content/uploads/2025/10/temperaturas-extremas-y-precipitaciones-2025x10x28-a.pdf
2025-10-28,078,JARABACOA (EMA),LA VEGA,PROGRAMA MUNDIAL DE ALIMENTO,EMAP,22.9,21.5,0.0,https://indomet.gob.do/wp-content/uploads/2025/10/temperaturas-extremas-y-precipitaciones-2025x10x28-a.pdf
2025-10-28,079,JARDÍN BOTÁNICO SANTIAGO (EMSANTIAGO,,JARDIN BOTANICO SANTIAGO,EMAI,31.4,26.8,0.0,https://indomet.gob.do/wp-content/uploads/2025/10/temperaturas-extremas-y-precipitaciones-2025x10x28-a.pdf
2025-10-28,080,LA AGUSTINA (EMA),DISTRITO NACIONAL,PRIVADA,EMAP,,,0.0,https://indomet.gob.do/wp-content/uploads/2025/10/temperaturas-extremas-y-precipitaciones-2025x10x28-a.pdf
2025-10-28,081,LA VEGA,LA VEGA,IATESA,EMCI,31.8,24.0,0.0,https://indomet.gob.do/wp-content/uploads/2025/10/temperaturas-extremas-y-precipitaciones-2025x10x28-a.pdf
2025-10-28,082,LAS MATAS DE SANTA CRUZ (EMA,MONTE CRISTI,PROGRAMA MUNDIAL DE ALIMENTO,EMAP,,,0.0,https://indomet.gob.do/wp-content/uploads/2025/10/temperaturas-extremas-y-precipitaciones-2025x10x28-a.pdf
2025-10-28,083,LOS JENGIBRES,NAGUA,INDRHI,EMCI,,,0.0,https://indomet.gob.do/wp-content/uploads/2025/10/temperaturas-extremas-y-precipitaciones-2025x10x28-a.pdf
2025-10-28,084,MAO,VALVERDE,INDRHI / MINISTERIO DE AGRICULTURA,EMCV,,,0.0,https://indomet.gob.do/wp-content/uploads/2025/10/temperaturas-extremas-y-precipitaciones-2025x10x28-a.pdf
2025-10-28,085,PALO ÍNDIO,PUERTO PLATA,MINISTERIO DE AGRICULTURA,EMCI,,,0.0,https://indomet.gob.do/wp-content/uploads/2025/10/temperaturas-extremas-y-precipitaciones-2025x10x28-a.pdf
2025-10-28,086,PASO AL MEDIO,SAN PEDRO DE MACORÍS,INDRHI,EMCI,,,0.0,https://indomet.gob.do/wp-content/uploads/2025/10/temperaturas-extremas-y-precipitaciones-2025x10x28-a.pdf
2025-10-28,087,PESCADERIA (EMA),BARAHONA,MINISTERIO DE AGRICULTURA,EMAP,,,0.0,https://indomet.gob.do/wp-content/uploads/2025/10/temperaturas-extremas-y-precipitaciones-2025x10x28-a.pdf
2025-10-28,088,PONTÓN ABAJO (EMA),LA VEGA,MINISTERIO DE AGRICULTURA,EMAP,27.0,26.0,0.0,https://indomet.gob.do/wp-content/uploads/2025/10/temperaturas-extremas-y-precipitaciones-2025x10x28-a.pdf
2025-10-28,089,PRESA DE TAVERAS (EMA),LA VEGA,PROGRAMA MUNDIAL DE ALIMENTO,EMAP,24.7,23.8,0.0,https://indomet.gob.do/wp-content/uploads/2025/10/temperaturas-extremas-y-precipitaciones-2025x10x28-a.pdf
2025-10-28,090,RESTAURACIÓN,DAJABÓN,MINISTERIO DE AGRICULTURA,EMCI,29.1,17.3,0.0,https://indomet.gob.do/wp-content/uploads/2025/10/temperaturas-extremas-y-precipitaciones-2025x10x28-a.pdf
2025-10-28,091,SABANETA (EMA),SANTIAGO RODRÍGUEZ,PROGRAMA MUNDIAL DE ALIMENTO,EMAP,25.3,23.5,0.0,https://indomet.gob.do/wp-content/uploads/2025/10/temperaturas-extremas-y-precipitaciones-2025x10x28-a.pdf
2025-10-28,092,SALCEDO,HERMANAS MIRABAL,PROPIEDAD DEL EMPLEADO,EMCI,,,0.0,https://indomet.gob.do/wp-content/uploads/2025/10/temperaturas-extremas-y-precipitaciones-2025x10x28-a.pdf
2025-10-28,093,SÁNCHEZ,SAMANÁ,MINISTERIO DE AGRICULTURA,EMCI,30.8,25.1,0.0,https://indomet.gob.do/wp-content/uploads/2025/10/temperaturas-extremas-y-precipitaciones-2025x10x28-a.pdf
2025-10-28,094,SANTIAGO,SANTIAGO,HUACALITO,EMCI,,,0.0,https://indomet.gob.do/wp-content/uploads/2025/10/temperaturas-extremas-y-precipitaciones-2025x10x28-a.pdf
2025-10-28,095,SANTIAGO RODRÍGUEZ,SANTIAGO RODRÍGUEZ,INDOMET,EMCI,35.2,24.0,0.0,https://indomet.gob.do/wp-content/uploads/2025/10/temperaturas-extremas-y-precipitaciones-2025x10x28-a.pdf
2025-10-28,096,TAVERA,SANTIAGO,INDRHI,EMCI,,,0.0,https://indomet.gob.do/wp-content/uploads/2025/10/temperaturas-extremas-y-precipitaciones-2025x10x28-a.pdf
2025-10-28,097,VILLA GONZALE (EMA),SANTIAGO,IGLESIA,EMAI,,,0.0,https://indomet.gob.do/wp-content/uploads/2025/10/temperaturas-extremas-y-precipitaciones-2025x10x28-a.pdf
2025-10-28,098,VILLA GONZALES,SANTIAGO,MINISTERIO DE AGRICULTURA,EMCI,,,0.0,https://indomet.gob.do/wp-content/uploads/2025/10/temperaturas-extremas-y-precipitaciones-2025x10x28-a.pdf
2025-10-28,099,VILLA ISABELA,PUERTO PLATA,MINISTERIO DE AGRICULTURA,EMCV,,,0.0,https://indomet.gob.do/wp-content/uploads/2025/10/temperaturas-extremas-y-precipitaciones-2025x10x28-a.pdf
2025-10-28,100,VILLA RIVA,DUARTE,HOSP. MPAL. ALICIA DE LEGENDRE,EMCI,31.6,25.0,0.0,https://indomet.gob.do/wp-content/uploads/2025/10/temperaturas-extremas-y-precipitaciones-2025x10x28-a.pdf
2025-10-28,101,VILLA VASQUEZ (EMA),MONTE CRISTI,JUNTA DE REGANTES,EMAI,,,0.0,https://indomet.gob.do/wp-content/uploads/2025/10/temperaturas-extremas-y-precipitaciones-2025x10x28-a.pdf
2025-10-28,102,SAJOMA (EMA),SANTIAGO,PLAN SIERRA,EMAI,29.5,22.9,,https://indomet.gob.do/wp-content/uploads/2025/10/temperaturas-extremas-y-precipitaciones-2025x10x28-a.pdf
2025-10-29,001,SAN JOSÉ DE OCOA,SAN JOSÉ DE OCOA,HOSP. SAN JOSÉ DE OCOA,EMCI,25.5,20.1,78.4,https://indomet.gob.do/wp-content/uploads/2025/10/temperaturas-extremas-y-precipitaciones-2025x10x29-a.pdf
2025-10-29,002,PERALTA,AZUA,HOSP. MPAL. DE PERALTA,EMCI,25.0,22.0,67.4,https://indomet.gob.do/wp-content/uploads/2025/10/temperaturas-extremas-y-precipitaciones-2025x10x29-a.pdf
2025-10-29,003,SAN CRISTÓBAL,SAN CRISTÓBAL,INSTITUTO POLITÉCNICO LOYOLA,EMCI,31.0,22.2,46.8,https://indomet.gob.do/wp-content/uploads/2025/10/temperaturas-extremas-y-precipitaciones-2025x10x29-a.pdf
2025-10-29,004,ARPT. LA ISABELA,SANTO DOMINGO,INDOMET,EMCI,31.5,23.0,37.4,https://indomet.gob.do/wp-content/uploads/2025/10/temperaturas-extremas-y-precipitaciones-2025x10x29-a.pdf
2025-10-29,005,BANI (EMA),PERAVIA,MINISTERIO DE AGRICULTURA,EMAP,30.7,24.7,32.0,https://indomet.gob.do/wp-content/uploads/2025/10/temperaturas-extremas-y-precipitaciones-2025x10x29-a.pdf
2025-10-29,006,VILLA ALTAGRACIA,SAN CRISTÓBAL,ESCUELA JAVIER ANGULO GURIDI,EMCI,,,31.2,https://indomet.gob.do/wp-content/uploads/2025/10/temperaturas-extremas-y-precipitaciones-2025x10x29-a.pdf
2025-10-29,007,POLO,BARAHONA,INDOCAFE,EMCI,27.0,18.0,20.6,https://indomet.gob.do/wp-content/uploads/2025/10/temperaturas-extremas-y-precipitaciones-2025x10x29-a.pdf
2025-10-29,008,DAJABÓN,DAJABÓN,INSTITUTO POLITÉCNICO LOYOLA,EMCI,34.5,20.0,17.2,https://indomet.gob.do/wp-content/uploads/2025/10/temperaturas-extremas-y-precipitaciones-2025x10x29-a.pdf
2025-10-29,009,RANCHO ARRIBA,SAN JOSÉ DE OCOA,CENTRO TECNOLÓGICO COMUNITARIO,EMCI,26.3,22.0,16.2,https://indomet.gob.do/wp-content/uploads/2025/10/temperaturas-extremas-y-precipitaciones-2025x10x29-a.pdf
2025-10-29,010,JIMANÍ,INDEPENDENCIA,MINISTERIO DE AGRICULTURA,EMCI,28.6,24.8,15.8,https://indomet.gob.do/wp-content/uploads/2025/10/temperaturas-extremas-y-precipitaciones-2025x10x29-a.pdf
2025-10-29,011,ARPT. MARÍA MONTEZ,BARAHONA,INDOMET,EMCI,28.5,26.2,14.2,https://indomet.gob.do/wp-content/uploads/2025/10/temperaturas-extremas-y-precipitaciones-2025x10x29-a.pdf
2025-10-29,012,ENRIQUILLO,BARAHONA,MINISTERIO DE AGRICULTURA,EMCV,30.0,22.5,14.2,https://indomet.gob.do/wp-content/uploads/2025/10/temperaturas-extremas-y-precipitaciones-2025x10x29-a.pdf
2025-10-29,013,ALTO BANDERA (EMA),LA VEGA,INTEC,EMAP,11.9,10.4,14.0,https://indomet.gob.do/wp-content/uploads/2025/10/temperaturas-extremas-y-precipitaciones-2025x10x29-a.pdf
2025-10-29,014,OLIVARES,PEDERNALES,INDRHI,EMCI,,,9.6,https://indomet.gob.do/wp-content/uploads/2025/10/temperaturas-extremas-y-precipitaciones-2025x10x29-a.pdf
2025-10-29,015,OVIEDO,PEDERNALES,CLÍNICA RURAL OVIEDO,EMCI,29.5,23.5,9.2,https://indomet.gob.do/wp-content/uploads/2025/10/temperaturas-extremas-y-precipitaciones-2025x10x29-a.pdf
2025-10-29,016,BAYAGUANA,MONTE PLATA,INDOMET,EMCI,32.2,24.6,7.5,https://indomet.gob.do/wp-content/uploads/2025/10/temperaturas-extremas-y-precipitaciones-2025x10x29-a.pdf
2025-10-29,017,ELÍAS PIÑA,ELÍAS PIÑA,MINISTERIO DE AGRICULTURA,EMCV,,,6.4,https://indomet.gob.do/wp-content/uploads/2025/10/temperaturas-extremas-y-precipitaciones-2025x10x29-a.pdf
2025-10-29,018,ARPT. EL CATEY,SAMANÁ,INDOMET,EMCI,31.5,23.0,6.3,https://indomet.gob.do/wp-content/uploads/2025/10/temperaturas-extremas-y-precipitaciones-2025x10x29-a.pdf
2025-10-29,019,PADRE LAS CASAS,AZUA,HOSP. NTRA. SRA. DEL CARMEN,EMCI,27.0,20.5,6.2,https://indomet.gob.do/wp-content/uploads/2025/10/temperaturas-extremas-y-precipitaciones-2025x10x29-a.pdf
2025-10-29,020,TÁBARA ABAJO,AZUA,INDRHI,EMCI,34.5,23.0,6.2,https://indomet.gob.do/wp-content/uploads/2025/10/temperaturas-extremas-y-precipitaciones-2025x10x29-a.pdf
2025-10-29,021,PEDERNALES,PEDERNALES,INDRHI,EMCI,,,5.7,https://indomet.gob.do/wp-content/uploads/2025/10/temperaturas-extremas-y-precipitaciones-2025x10x29-a.pdf
2025-10-29,022,ARROYO LORO,SAN JUAN,IDIAF,EMCI,25.4,21.7,4.8,https://indomet.gob.do/wp-content/uploads/2025/10/temperaturas-extremas-y-precipitaciones-2025x10x29-a.pdf
2025-10-29,023,SALCEDO,HERMANAS MIRABAL,PROPIEDAD DEL EMPLEADO,EMCI,,,4.8,https://indomet.gob.do/wp-content/uploads/2025/10/temperaturas-extremas-y-precipitaciones-2025x10x29-a.pdf
2025-10-29,024,EL CERCADO,SAN JUAN,MINISTERIO DE AGRICULTURA,EMCV,,,4.0,https://indomet.gob.do/wp-content/uploads/2025/10/temperaturas-extremas-y-precipitaciones-2025x10x29-a.pdf
2025-10-29,025,PASO AL MEDIO,SAN PEDRO DE MACORÍS,INDRHI,EMCI,,,3.6,https://indomet.gob.do/wp-content/uploads/2025/10/temperaturas-extremas-y-precipitaciones-2025x10x29-a.pdf
2025-10-29,026,PROLONGACION 27 DE FEBRERO,DISTRITO NACIONAL,PRIVADA,EMAP,,,3.5,https://indomet.gob.do/wp-content/uploads/2025/10/temperaturas-extremas-y-precipitaciones-2025x10x29-a.pdf
2025-10-29,027,BOHECHÍO,SAN JUAN,MINISTERIO DE AGRICULTURA,EMCV,,,3.4,https://indomet.gob.do/wp-content/uploads/2025/10/temperaturas-extremas-y-precipitaciones-2025x10x29-a.pdf
2025-10-29,028,SAN ANTONIO (EMA),SAN CRISTÓBAL,PRIVADA,EMAP,,,3.0,https://indomet.gob.do/wp-content/uploads/2025/10/temperaturas-extremas-y-precipitaciones-2025x10x29-a.pdf
2025-10-29,029,PARQUE INDUSTRIAL ITABO (EMA,SAN CRISTÓBAL,PRIVADA,EMAP,,,3.0,https://indomet.gob.do/wp-content/uploads/2025/10/temperaturas-extremas-y-precipitaciones-2025x10x29-a.pdf
2025-10-29,030,LOS CACICAZGOS (EMA),DISTRITO NACIONAL,PRIVADA,EMAP,,,2.6,https://indomet.gob.do/wp-content/uploads/2025/10/temperaturas-extremas-y-precipitaciones-2025x10x29-a.pdf
2025-10-29,031,CABRAL,BARAHONA,MINISTERIO DE AGRICULTURA,EMCV,33.4,23.7,2.4,https://indomet.gob.do/wp-content/uploads/2025/10/temperaturas-extremas-y-precipitaciones-2025x10x29-a.pdf
2025-10-29,032,JARDÍN BOTÁNICO NACIONAL,DISTRITO NACIONAL,JARDÍN BOTÁNICO NACIONAL,EMCV,31.0,26.7,2.0,https://indomet.gob.do/wp-content/uploads/2025/10/temperaturas-extremas-y-precipitaciones-2025x10x29-a.pdf
2025-10-29,033,SAN RAFAEL DEL YUMA,LA ALTAGRACIA,MINISTERIO DE AGRICULTURA,EMCI,31.6,24.8,2.0,https://indomet.gob.do/wp-content/uploads/2025/10/temperaturas-extremas-y-precipitaciones-2025x10x29-a.pdf
2025-10-29,034,CASA DE CAMPO POLO FIELDS (E,LA ROMANA,PRIVADA,EMAP,,,1.6,https://indomet.gob.do/wp-content/uploads/2025/10/temperaturas-extremas-y-precipitaciones-2025x10x29-a.pdf
2025-10-29,035,EL FACTOR (EMA),MARÍA TRINIDAD SÁNCHEZ,INTEC,EMAP,31.4,26.3,1.5,https://indomet.gob.do/wp-content/uploads/2025/10/temperaturas-extremas-y-precipitaciones-2025x10x29-a.pdf
2025-10-29,036,HONDO VALLE,ELÍAS PIÑA,MINISTERIO DE AGRICULTURA,EMCI,26.5,19.1,1.4,https://indomet.gob.do/wp-content/uploads/2025/10/temperaturas-extremas-y-precipitaciones-2025x10x29-a.pdf
2025-10-29,037,BAYAHÍBE (EMA),LA ALTAGRACIA,PRIVADA,EMAP,,,1.4,https://indomet.gob.do/wp-content/uploads/2025/10/temperaturas-extremas-y-precipitaciones-2025x10x29-a.pdf
2025-10-29,038,LA VEGA,LA VEGA,IATESA,EMCI,32.3,24.0,1.3,https://indomet.gob.do/wp-content/uploads/2025/10/temperaturas-extremas-y-precipitaciones-2025x10x29-a.pdf
2025-10-29,039,BAVARO (EMA),LA ALTAGRACIA,PRIVADA,EMAP,,,1.2,https://indomet.gob.do/wp-content/uploads/2025/10/temperaturas-extremas-y-precipitaciones-2025x10x29-a.pdf
2025-10-29,040,SANTIAGO RODRÍGUEZ,SANTIAGO RODRÍGUEZ,INDOMET,EMCI,31.0,23.0,1.2,https://indomet.gob.do/wp-content/uploads/2025/10/temperaturas-extremas-y-precipitaciones-2025x10x29-a.pdf
2025-10-29,041,BASE AÉREA DE SAN ISIDRO,SANTO DOMINGO,FUERZA AÉREA DOMINICANA,EMCV,31.5,27.5,1.0,https://indomet.gob.do/wp-content/uploads/2025/10/temperaturas-extremas-y-precipitaciones-2025x10x29-a.pdf
2025-10-29,042,ENSANCHE PARAÍSO (EMA),DISTRITO NACIONAL,PRIVADA,EMAP,,,1.0,https://indomet.gob.do/wp-content/uploads/2025/10/temperaturas-extremas-y-precipitaciones-2025x10x29-a.pdf
2025-10-29,043,MONTE CRISTI,MONTE CRISTI,INDOMET,EMCI,33.6,25.0,0.9,https://indomet.gob.do/wp-content/uploads/2025/10/temperaturas-extremas-y-precipitaciones-2025x10x29-a.pdf
2025-10-29,044,ARPT. DE LA ROMANA,LA ROMANA,INDOMET,EMCI,31.3,24.4,0.8,https://indomet.gob.do/wp-content/uploads/2025/10/temperaturas-extremas-y-precipitaciones-2025x10x29-a.pdf
2025-10-29,045,LOS PRADOS (EMA),DISTRITO NACIONAL,PRIVADA,EMAP,,,0.8,https://indomet.gob.do/wp-content/uploads/2025/10/temperaturas-extremas-y-precipitaciones-2025x10x29-a.pdf
2025-10-29,046,JARABACOA,LA VEGA,INDRHI / MARENA,EMCI,30.0,20.6,0.6,https://indomet.gob.do/wp-content/uploads/2025/10/temperaturas-extremas-y-precipitaciones-2025x10x29-a.pdf
2025-10-29,047,JARABACOA (EMA),LA VEGA,PROGRAMA MUNDIAL DE ALIMENTO,EMAP,28.9,22.2,0.6,https://indomet.gob.do/wp-content/uploads/2025/10/temperaturas-extremas-y-precipitaciones-2025x10x29-a.pdf
2025-10-29,048,PONTÓN ABAJO (EMA),LA VEGA,MINISTERIO DE AGRICULTURA,EMAP,32.8,24.2,0.6,https://indomet.gob.do/wp-content/uploads/2025/10/temperaturas-extremas-y-precipitaciones-2025x10x29-a.pdf
2025-10-29,049,CERROS DE ARROYO HONDO (EM,DISTRITO NACIONAL,PRIVADA,EMAP,,,0.5,https://indomet.gob.do/wp-content/uploads/2025/10/temperaturas-extremas-y-precipitaciones-2025x10x29-a.pdf
2025-10-29,050,LA VICTORIA,SANTO DOMINGO,CUERPO DE BOMBEROS,EMCI,31.5,23.8,0.4,https://indomet.gob.do/wp-content/uploads/2025/10/temperaturas-extremas-y-precipitaciones-2025x10x29-a.pdf
2025-10-29,051,SABANA DE LA MAR,HATO MAYOR,INDOMET,EMCI,33.5,24.5,0.4,https://indomet.gob.do/wp-content/uploads/2025/10/temperaturas-extremas-y-precipitaciones-2025x10x29-a.pdf
2025-10-29,052,SABANETA (EMA),SANTIAGO RODRÍGUEZ,PROGRAMA MUNDIAL DE ALIMENTO,EMAP,30.6,22.8,0.4,https://indomet.gob.do/wp-content/uploads/2025/10/temperaturas-extremas-y-precipitaciones-2025x10x29-a.pdf
2025-10-29,053,CONSTANZA,LA VEGA,MINISTERIO DE AGRICULTURA,EMCI,23.9,17.3,0.3,https://indomet.gob.do/wp-content/uploads/2025/10/temperaturas-extremas-y-precipitaciones-2025x10x29-a.pdf
2025-10-29,054,BOCA DE MAO (EMA),VALVERDE,MINISTERIO DE AGRICULTURA,EMAP,30.4,23.3,0.2,https://indomet.gob.do/wp-content/uploads/2025/10/temperaturas-extremas-y-precipitaciones-2025x10x29-a.pdf
2025-10-29,055,CENTRO DE LOS HEROES (EMA),DISTRITO NACIONAL,MINISTERIO DE ENERGIA Y MINA,EMAP,30.9,28.4,0.2,https://indomet.gob.do/wp-content/uploads/2025/10/temperaturas-extremas-y-precipitaciones-2025x10x29-a.pdf
2025-10-29,056,CONSTANZA (EMA),LA VEGA,PROGRAMA MUNDIAL DE ALIMENTO,EMAP,23.4,20.6,0.2,https://indomet.gob.do/wp-content/uploads/2025/10/temperaturas-extremas-y-precipitaciones-2025x10x29-a.pdf
2025-10-29,057,LOS LLANOS,SAN PEDRO DE MACORÍS,MINISTERIO DE AGRICULTURA,EMCI,31.6,26.8,0.2,https://indomet.gob.do/wp-content/uploads/2025/10/temperaturas-extremas-y-precipitaciones-2025x10x29-a.pdf
2025-10-29,058,MONCIÓN (EMA),SANTIAGO RODRÍGUEZ,PROGRAMA MUNDIAL DE ALIMENTO,EMAP,27.1,21.0,0.2,https://indomet.gob.do/wp-content/uploads/2025/10/temperaturas-extremas-y-precipitaciones-2025x10x29-a.pdf
2025-10-29,059,ARPT. DEL CIBAO,SANTIAGO,INDOMET,EMCI,32.5,24.5,0.1,https://indomet.gob.do/wp-content/uploads/2025/10/temperaturas-extremas-y-precipitaciones-2025x10x29-a.pdf
2025-10-29,060,JUMA BEJUCAL,MONSEÑOR NOUEL,IDIAF,EMCV,31.0,24.4,0.1,https://indomet.gob.do/wp-content/uploads/2025/10/temperaturas-extremas-y-precipitaciones-2025x10x29-a.pdf
2025-10-29,061,SABANA GRANDE DE BOYÁ,MONTE PLATA,MINISTERIO DE AGRICULTURA,EMCV,,,0.1,https://indomet.gob.do/wp-content/uploads/2025/10/temperaturas-extremas-y-precipitaciones-2025x10x29-a.pdf
2025-10-29,062,SANTO DOMINGO ESTE,SANTO DOMINGO,INDOMET,EMCI,32.0,26.0,0.1,https://indomet.gob.do/wp-content/uploads/2025/10/temperaturas-extremas-y-precipitaciones-2025x10x29-a.pdf
2025-10-29,063,ALTAMIRA,PUERTO PLATA,HOSP. MPAL. DE ALTAMIRA,EMCI,31.0,21.5,0.0,https://indomet.gob.do/wp-content/uploads/2025/10/temperaturas-extremas-y-precipitaciones-2025x10x29-a.pdf
2025-10-29,064,ANAMUYA (EMA),LA ALTAGRACIA,MINISTERIO DE AGRICULTURA,EMAP,31.2,24.6,0.0,https://indomet.gob.do/wp-content/uploads/2025/10/temperaturas-extremas-y-precipitaciones-2025x10x29-a.pdf
2025-10-29,065,ARPT. ARROYO BARRIL,SAMANÁ,INDOMET,EMCI,30.9,25.5,0.0,https://indomet.gob.do/wp-content/uploads/2025/10/temperaturas-extremas-y-precipitaciones-2025x10x29-a.pdf
2025-10-29,066,ARPT. DE LAS AMÉRICAS,SANTO DOMINGO,INDOMET,EMCI,31.5,25.2,0.0,https://indomet.gob.do/wp-content/uploads/2025/10/temperaturas-extremas-y-precipitaciones-2025x10x29-a.pdf
2025-10-29,067,ARPT. DE PUNTA CANA,LA ALTAGRACIA,INDOMET,EMCI,32.0,24.4,0.0,https://indomet.gob.do/wp-content/uploads/2025/10/temperaturas-extremas-y-precipitaciones-2025x10x29-a.pdf
2025-10-29,068,ARPT. GREGORIO LUPERÓN,PUERTO PLATA,INDOMET,EMCI,33.0,24.0,0.0,https://indomet.gob.do/wp-content/uploads/2025/10/temperaturas-extremas-y-precipitaciones-2025x10x29-a.pdf
2025-10-29,069,BONAO,MONSEÑOR NOUEL,MINISTERIO DE AGRICULTURA,EMCV,,,0.0,https://indomet.gob.do/wp-content/uploads/2025/10/temperaturas-extremas-y-precipitaciones-2025x10x29-a.pdf
2025-10-29,070,CABRERA,MARÍA TRINIDAD SÁNCHEZ,ESCUELA ARÍSTIDES FIALLO CABRAL,EMCI,32.4,27.2,0.0,https://indomet.gob.do/wp-content/uploads/2025/10/temperaturas-extremas-y-precipitaciones-2025x10x29-a.pdf
2025-10-29,071,EL SEIBO,EL SEIBO,MINISTERIO DE AGRICULTURA,EMCV,,,0.0,https://indomet.gob.do/wp-content/uploads/2025/10/temperaturas-extremas-y-precipitaciones-2025x10x29-a.pdf
2025-10-29,072,GASPAR HERNÁNDEZ,ESPAILLAT,PROPIEDAD DEL EMPLEADO,EMCI,,,0.0,https://indomet.gob.do/wp-content/uploads/2025/10/temperaturas-extremas-y-precipitaciones-2025x10x29-a.pdf
2025-10-29,073,GURABO,SANTIAGO,MINISTERIO DE AGRICULTURA,EMCV,,,0.0,https://indomet.gob.do/wp-content/uploads/2025/10/temperaturas-extremas-y-precipitaciones-2025x10x29-a.pdf
2025-10-29,074,HATO MAYOR,HATO MAYOR,MINISTERIO DE AGRICULTURA,EMCV,,,0.0,https://indomet.gob.do/wp-content/uploads/2025/10/temperaturas-extremas-y-precipitaciones-2025x10x29-a.pdf
2025-10-29,075,LAS CANAS (EMA),MONTE CRISTI,PROGRAMA MUNDIAL DE ALIMENTO,EMAP,32.9,24.6,0.0,https://indomet.gob.do/wp-content/uploads/2025/10/temperaturas-extremas-y-precipitaciones-2025x10x29-a.pdf
2025-10-29,076,LAS MATAS DE SANTA CRUZ (EMA,MONTE CRISTI,PROGRAMA MUNDIAL DE ALIMENTO,EMAP,,,0.0,https://indomet.gob.do/wp-content/uploads/2025/10/temperaturas-extremas-y-precipitaciones-2025x10x29-a.pdf
2025-10-29,077,LOS JENGIBRES,NAGUA,INDRHI,EMCI,,,0.0,https://indomet.gob.do/wp-content/uploads/2025/10/temperaturas-extremas-y-precipitaciones-2025x10x29-a.pdf
2025-10-29,078,MAO,VALVERDE,INDRHI / MINISTERIO DE AGRICULTURA,EMCV,,,0.0,https://indomet.gob.do/wp-content/uploads/2025/10/temperaturas-extremas-y-precipitaciones-2025x10x29-a.pdf
2025-10-29,079,MICHES (EMA),EL SEIBO,PRIVADA,EMAP,30.9,26.4,0.0,https://indomet.gob.do/wp-content/uploads/2025/10/temperaturas-extremas-y-precipitaciones-2025x10x29-a.pdf
2025-10-29,080,NAVARRETE,SANTIAGO,MINISTERIO DE AGRICULTURA,EMCV,,,0.0,https://indomet.gob.do/wp-content/uploads/2025/10/temperaturas-extremas-y-precipitaciones-2025x10x29-a.pdf
2025-10-29,081,PALO ÍNDIO,PUERTO PLATA,MINISTERIO DE AGRICULTURA,EMCI,,,0.0,https://indomet.gob.do/wp-content/uploads/2025/10/temperaturas-extremas-y-precipitaciones-2025x10x29-a.pdf
2025-10-29,082,PESCADERIA (EMA),BARAHONA,MINISTERIO DE AGRICULTURA,EMAP,,,0.0,https://indomet.gob.do/wp-content/uploads/2025/10/temperaturas-extremas-y-precipitaciones-2025x10x29-a.pdf
2025-10-29,083,PRESA DE TAVERAS (EMA),LA VEGA,PROGRAMA MUNDIAL DE ALIMENTO,EMAP,29.2,22.4,0.0,https://indomet.gob.do/wp-content/uploads/2025/10/temperaturas-extremas-y-precipitaciones-2025x10x29-a.pdf
2025-10-29,084,RESTAURACIÓN,DAJABÓN,MINISTERIO DE AGRICULTURA,EMCI,28.7,19.1,0.0,https://indomet.gob.do/wp-content/uploads/2025/10/temperaturas-extremas-y-precipitaciones-2025x10x29-a.pdf
2025-10-29,085,RÍO SAN JUAN,MARÍA TRINIDAD SÁNCHEZ,HOSP. MPAL. DR. DESIDERIO ACOSTA,EMCV,32.6,25.4,0.0,https://indomet.gob.do/wp-content/uploads/2025/10/temperaturas-extremas-y-precipitaciones-2025x10x29-a.pdf
2025-10-29,086,SAMANÁ,SAMANÁ,COMANDANCIA DE PUERTO DE SAMANÁ,EMCI,32.7,24.5,0.0,https://indomet.gob.do/wp-content/uploads/2025/10/temperaturas-extremas-y-precipitaciones-2025x10x29-a.pdf
2025-10-29,087,SAN FRANCISCO DE MACORÍS,DUARTE,San Francisco de Macorís (UASD),EMCI,29.7,24.0,0.0,https://indomet.gob.do/wp-content/uploads/2025/10/temperaturas-extremas-y-precipitaciones-2025x10x29-a.pdf
2025-10-29,088,SÁNCHEZ,SAMANÁ,MINISTERIO DE AGRICULTURA,EMCI,31.0,26.4,0.0,https://indomet.gob.do/wp-content/uploads/2025/10/temperaturas-extremas-y-precipitaciones-2025x10x29-a.pdf
2025-10-29,089,LA AGUSTINA (EMA),DISTRITO NACIONAL,PRIVADA,EMAP,,,0.0,https://indomet.gob.do/wp-content/uploads/2025/10/temperaturas-extremas-y-precipitaciones-2025x10x29-a.pdf
2025-10-29,090,ENSANCHE LA FE (EMA),DISTRITO NACIONAL,PRIVADA,EMAP,,,0.0,https://indomet.gob.do/wp-content/uploads/2025/10/temperaturas-extremas-y-precipitaciones-2025x10x29-a.pdf
2025-10-29,091,CAPOTILLO (EMA),EL SEIBO,PRIVADA,EMAP,,,0.0,https://indomet.gob.do/wp-content/uploads/2025/10/temperaturas-extremas-y-precipitaciones-2025x10x29-a.pdf
2025-10-29,092,SAJOMA (EMA),SANTIAGO,PLAN SIERRA,EMAI,,,0.0,https://indomet.gob.do/wp-content/uploads/2025/10/temperaturas-extremas-y-precipitaciones-2025x10x29-a.pdf
2025-10-29,093,JARDÍN BOTÁNICO SANTIAGO (EMSANTIAGO,,JARDIN BOTANICO SANTIAGO,EMAI,27.2,23.9,0.0,https://indomet.gob.do/wp-content/uploads/2025/10/temperaturas-extremas-y-precipitaciones-2025x10x29-a.pdf
2025-10-29,094,BUCARA (EMA),SANTIAGO,MINISTERIO DE AGRICULTURA,EMAI,,,0.0,https://indomet.gob.do/wp-content/uploads/2025/10/temperaturas-extremas-y-precipitaciones-2025x10x29-a.pdf
2025-10-29,095,JANICO (EMA),LA VEGA,PLAN SIERRA,EMAI,,,0.0,https://indomet.gob.do/wp-content/uploads/2025/10/temperaturas-extremas-y-precipitaciones-2025x10x29-a.pdf
2025-10-29,096,VILLA GONZALE (EMA),SANTIAGO,IGLESIA,EMAI,,,0.0,https://indomet.gob.do/wp-content/uploads/2025/10/temperaturas-extremas-y-precipitaciones-2025x10x29-a.pdf
2025-10-29,097,VILLA VASQUEZ (EMA),MONTE CRISTI,JUNTA DE REGANTES,EMAI,,,0.0,https://indomet.gob.do/wp-content/uploads/2025/10/temperaturas-extremas-y-precipitaciones-2025x10x29-a.pdf
2025-10-29,098,TAMBORIL,SANTIAGO,MINISTERIO DE AGRICULTURA,EMCV,,,0.0,https://indomet.gob.do/wp-content/uploads/2025/10/temperaturas-extremas-y-precipitaciones-2025x10x29-a.pdf
2025-10-29,099,JIMA ABAJO,LA VEGA,INDOMET,EMCI,31.6,22.5,0.0,https://indomet.gob.do/wp-content/uploads/2025/10/temperaturas-extremas-y-precipitaciones-2025x10x29-a.pdf
2025-10-29,100,TAVERA,SANTIAGO,INDRHI,EMCI,,,0.0,https://indomet.gob.do/wp-content/uploads/2025/10/temperaturas-extremas-y-precipitaciones-2025x10x29-a.pdf
2025-10-29,101,VILLA GONZALES,SANTIAGO,MINISTERIO DE AGRICULTURA,EMCI,,,0.0,https://indomet.gob.do/wp-content/uploads/2025/10/temperaturas-extremas-y-precipitaciones-2025x10x29-a.pdf
2025-10-29,102,VILLA RIVA,DUARTE,HOSP. MPAL. ALICIA DE LEGENDRE,EMCI,32.0,24.0,0.0,https://indomet.gob.do/wp-content/uploads/2025/10/temperaturas-extremas-y-precipitaciones-2025x10x29-a.pdf
2025-10-30,001,BUCARA (EMA),SANTIAGO,MINISTERIO DE AGRICULTURA,EMAI,,,76.4,https://indomet.gob.do/wp-content/uploads/2025/10/temperaturas-extremas-y-precipitaciones-2025x10x30-a.pdf
2025-10-30,002,GURABO,SANTIAGO,MINISTERIO DE AGRICULTURA,EMCV,,,72.9,https://indomet.gob.do/wp-content/uploads/2025/10/temperaturas-extremas-y-precipitaciones-2025x10x30-a.pdf
2025-10-30,003,SANTIAGO,SANTIAGO,HUACALITO,EMCI,,,61.9,https://indomet.gob.do/wp-content/uploads/2025/10/temperaturas-extremas-y-precipitaciones-2025x10x30-a.pdf
2025-10-30,004,ELÍAS PIÑA,ELÍAS PIÑA,MINISTERIO DE AGRICULTURA,EMCV,,,59.6,https://indomet.gob.do/wp-content/uploads/2025/10/temperaturas-extremas-y-precipitaciones-2025x10x30-a.pdf
2025-10-30,005,JARDÍN BOTÁNICO SANTIAGO (EMSANTIAGO,,JARDIN BOTANICO SANTIAGO,EMAI,26.9,21.4,46.8,https://indomet.gob.do/wp-content/uploads/2025/10/temperaturas-extremas-y-precipitaciones-2025x10x30-a.pdf
2025-10-30,006,MONTE CRISTI,MONTE CRISTI,INDOMET,EMCI,35.5,23.6,46.3,https://indomet.gob.do/wp-content/uploads/2025/10/temperaturas-extremas-y-precipitaciones-2025x10x30-a.pdf
2025-10-30,007,ESCONDIDO,PERAVIA,MINISTERIO DE AGRICULTURA,EMCV,31.0,25.0,37.8,https://indomet.gob.do/wp-content/uploads/2025/10/temperaturas-extremas-y-precipitaciones-2025x10x30-a.pdf
2025-10-30,008,OVIEDO,PEDERNALES,CLÍNICA RURAL OVIEDO,EMCI,27.0,23.0,34.5,https://indomet.gob.do/wp-content/uploads/2025/10/temperaturas-extremas-y-precipitaciones-2025x10x30-a.pdf
2025-10-30,009,SANTIAGO RODRÍGUEZ,SANTIAGO RODRÍGUEZ,INDOMET,EMCI,35.0,23.2,32.2,https://indomet.gob.do/wp-content/uploads/2025/10/temperaturas-extremas-y-precipitaciones-2025x10x30-a.pdf
2025-10-30,010,SABANETA (EMA),SANTIAGO RODRÍGUEZ,PROGRAMA MUNDIAL DE ALIMENTO,EMAP,35.7,22.5,31.6,https://indomet.gob.do/wp-content/uploads/2025/10/temperaturas-extremas-y-precipitaciones-2025x10x30-a.pdf
2025-10-30,011,ENRIQUILLO,BARAHONA,MINISTERIO DE AGRICULTURA,EMCV,29.0,22.0,22.8,https://indomet.gob.do/wp-content/uploads/2025/10/temperaturas-extremas-y-precipitaciones-2025x10x30-a.pdf
2025-10-30,012,VILLA VASQUEZ (EMA),MONTE CRISTI,JUNTA DE REGANTES,EMAI,,,22.2,https://indomet.gob.do/wp-content/uploads/2025/10/temperaturas-extremas-y-precipitaciones-2025x10x30-a.pdf
2025-10-30,013,ARPT. LA ISABELA,SANTO DOMINGO,INDOMET,EMCI,31.5,24.0,21.4,https://indomet.gob.do/wp-content/uploads/2025/10/temperaturas-extremas-y-precipitaciones-2025x10x30-a.pdf
2025-10-30,014,JARDÍN BOTÁNICO NACIONAL,DISTRITO NACIONAL,JARDÍN BOTÁNICO NACIONAL,EMCV,30.1,23.9,19.0,https://indomet.gob.do/wp-content/uploads/2025/10/temperaturas-extremas-y-precipitaciones-2025x10x30-a.pdf
2025-10-30,015,ARPT. DE LAS AMÉRICAS,SANTO DOMINGO,INDOMET,EMCI,31.5,25.6,17.9,https://indomet.gob.do/wp-content/uploads/2025/10/temperaturas-extremas-y-precipitaciones-2025x10x30-a.pdf
2025-10-30,016,SANTO DOMINGO ESTE,SANTO DOMINGO,INDOMET,EMCI,32.5,26.5,17.9,https://indomet.gob.do/wp-content/uploads/2025/10/temperaturas-extremas-y-precipitaciones-2025x10x30-a.pdf
2025-10-30,017,SAN CRISTÓBAL,SAN CRISTÓBAL,INSTITUTO POLITÉCNICO LOYOLA,EMCI,30.2,21.2,17.5,https://indomet.gob.do/wp-content/uploads/2025/10/temperaturas-extremas-y-precipitaciones-2025x10x30-a.pdf
2025-10-30,018,MONCIÓN (EMA),SANTIAGO RODRÍGUEZ,PROGRAMA MUNDIAL DE ALIMENTO,EMAP,31.7,20.8,16.8,https://indomet.gob.do/wp-content/uploads/2025/10/temperaturas-extremas-y-precipitaciones-2025x10x30-a.pdf
2025-10-30,019,MAO,VALVERDE,INDRHI / MINISTERIO DE AGRICULTURA,EMCV,,,15.7,https://indomet.gob.do/wp-content/uploads/2025/10/temperaturas-extremas-y-precipitaciones-2025x10x30-a.pdf
2025-10-30,020,POLO,BARAHONA,INDOCAFE,EMCI,28.0,19.0,12.2,https://indomet.gob.do/wp-content/uploads/2025/10/temperaturas-extremas-y-precipitaciones-2025x10x30-a.pdf
2025-10-30,021,JARABACOA (EMA),LA VEGA,PROGRAMA MUNDIAL DE ALIMENTO,EMAP,31.7,19.7,11.6,https://indomet.gob.do/wp-content/uploads/2025/10/temperaturas-extremas-y-precipitaciones-2025x10x30-a.pdf
2025-10-30,022,JARABACOA,LA VEGA,INDRHI / MARENA,EMCI,32.6,18.4,10.4,https://indomet.gob.do/wp-content/uploads/2025/10/temperaturas-extremas-y-precipitaciones-2025x10x30-a.pdf
2025-10-30,023,CENTRO DE LOS HEROES (EMA),DISTRITO NACIONAL,MINISTERIO DE ENERGIA Y MINA,EMAP,31.3,26.3,8.6,https://indomet.gob.do/wp-content/uploads/2025/10/temperaturas-extremas-y-precipitaciones-2025x10x30-a.pdf
2025-10-30,024,NAVARRETE,SANTIAGO,MINISTERIO DE AGRICULTURA,EMCV,,,8.1,https://indomet.gob.do/wp-content/uploads/2025/10/temperaturas-extremas-y-precipitaciones-2025x10x30-a.pdf
2025-10-30,025,BANI (EMA),PERAVIA,MINISTERIO DE AGRICULTURA,EMAP,31.4,25.1,7.0,https://indomet.gob.do/wp-content/uploads/2025/10/temperaturas-extremas-y-precipitaciones-2025x10x30-a.pdf
2025-10-30,026,RESTAURACIÓN,DAJABÓN,MINISTERIO DE AGRICULTURA,EMCI,33.0,17.1,6.7,https://indomet.gob.do/wp-content/uploads/2025/10/temperaturas-extremas-y-precipitaciones-2025x10x30-a.pdf
2025-10-30,027,VALLE NUEVO (EMA),LA VEGA,MARENA,EMAI,13.8,9.7,5.4,https://indomet.gob.do/wp-content/uploads/2025/10/temperaturas-extremas-y-precipitaciones-2025x10x30-a.pdf
2025-10-30,028,LA VICTORIA,SANTO DOMINGO,CUERPO DE BOMBEROS,EMCI,32.0,24.1,4.8,https://indomet.gob.do/wp-content/uploads/2025/10/temperaturas-extremas-y-precipitaciones-2025x10x30-a.pdf
2025-10-30,029,SAN JOSÉ DE OCOA,SAN JOSÉ DE OCOA,HOSP. SAN JOSÉ DE OCOA,EMCI,26.7,19.9,4.6,https://indomet.gob.do/wp-content/uploads/2025/10/temperaturas-extremas-y-precipitaciones-2025x10x30-a.pdf
2025-10-30,030,DAJABÓN,DAJABÓN,INSTITUTO POLITÉCNICO LOYOLA,EMCI,33.0,22.5,4.5,https://indomet.gob.do/wp-content/uploads/2025/10/temperaturas-extremas-y-precipitaciones-2025x10x30-a.pdf
2025-10-30,031,TAMBORIL,SANTIAGO,MINISTERIO DE AGRICULTURA,EMCV,,,3.8,https://indomet.gob.do/wp-content/uploads/2025/10/temperaturas-extremas-y-precipitaciones-2025x10x30-a.pdf
2025-10-30,032,LUPERÓN,PUERTO PLATA,MINISTERIO DE AGRICULTURA,EMCV,,,3.8,https://indomet.gob.do/wp-content/uploads/2025/10/temperaturas-extremas-y-precipitaciones-2025x10x30-a.pdf
2025-10-30,033,VILLA GONZALES,SANTIAGO,MINISTERIO DE AGRICULTURA,EMCI,,,3.6,https://indomet.gob.do/wp-content/uploads/2025/10/temperaturas-extremas-y-precipitaciones-2025x10x30-a.pdf
2025-10-30,034,RANCHO ARRIBA,SAN JOSÉ DE OCOA,CENTRO TECNOLÓGICO COMUNITARIO,EMCI,26.6,18.7,3.5,https://indomet.gob.do/wp-content/uploads/2025/10/temperaturas-extremas-y-precipitaciones-2025x10x30-a.pdf
2025-10-30,035,VILLA GONZALE (EMA),SANTIAGO,IGLESIA,EMAI,,,3.4,https://indomet.gob.do/wp-content/uploads/2025/10/temperaturas-extremas-y-precipitaciones-2025x10x30-a.pdf
2025-10-30,036,ALTAMIRA,PUERTO PLATA,HOSP. MPAL. DE ALTAMIRA,EMCI,34.1,21.5,2.9,https://indomet.gob.do/wp-content/uploads/2025/10/temperaturas-extremas-y-precipitaciones-2025x10x30-a.pdf
2025-10-30,037,ARPT. MARÍA MONTEZ,BARAHONA,INDOMET,EMCI,28.8,23.6,2.4,https://indomet.gob.do/wp-content/uploads/2025/10/temperaturas-extremas-y-precipitaciones-2025x10x30-a.pdf
2025-10-30,038,ALTO BANDERA (EMA),LA VEGA,INTEC,EMAP,11.7,9.6,2.3,https://indomet.gob.do/wp-content/uploads/2025/10/temperaturas-extremas-y-precipitaciones-2025x10x30-a.pdf
2025-10-30,039,HONDO VALLE,ELÍAS PIÑA,MINISTERIO DE AGRICULTURA,EMCI,26.9,18.9,2.2,https://indomet.gob.do/wp-content/uploads/2025/10/temperaturas-extremas-y-precipitaciones-2025x10x30-a.pdf
2025-10-30,040,SAJOMA (EMA),SANTIAGO,PLAN SIERRA,EMAI,23.3,20.4,1.8,https://indomet.gob.do/wp-content/uploads/2025/10/temperaturas-extremas-y-precipitaciones-2025x10x30-a.pdf
2025-10-30,041,PERALTA,AZUA,HOSP. MPAL. DE PERALTA,EMCI,27.5,19.0,1.4,https://indomet.gob.do/wp-content/uploads/2025/10/temperaturas-extremas-y-precipitaciones-2025x10x30-a.pdf
2025-10-30,042,EL FACTOR (EMA),MARÍA TRINIDAD SÁNCHEZ,INTEC,EMAP,32.5,25.1,1.3,https://indomet.gob.do/wp-content/uploads/2025/10/temperaturas-extremas-y-precipitaciones-2025x10x30-a.pdf
2025-10-30,043,ARPT. EL CATEY,SAMANÁ,INDOMET,EMCI,31.0,23.8,1.0,https://indomet.gob.do/wp-content/uploads/2025/10/temperaturas-extremas-y-precipitaciones-2025x10x30-a.pdf
2025-10-30,044,JIMANÍ,INDEPENDENCIA,MINISTERIO DE AGRICULTURA,EMCI,31.5,24.4,1.0,https://indomet.gob.do/wp-content/uploads/2025/10/temperaturas-extremas-y-precipitaciones-2025x10x30-a.pdf
2025-10-30,045,ARPT. DEL CIBAO,SANTIAGO,INDOMET,EMCI,33.4,23.5,0.9,https://indomet.gob.do/wp-content/uploads/2025/10/temperaturas-extremas-y-precipitaciones-2025x10x30-a.pdf
2025-10-30,046,VILLA RIVA,DUARTE,HOSP. MPAL. ALICIA DE LEGENDRE,EMCI,32.2,23.0,0.8,https://indomet.gob.do/wp-content/uploads/2025/10/temperaturas-extremas-y-precipitaciones-2025x10x30-a.pdf
2025-10-30,047,SAN FRANCISCO DE MACORÍS,DUARTE,San Francisco de Macorís (UASD),EMCI,32.9,25.3,0.6,https://indomet.gob.do/wp-content/uploads/2025/10/temperaturas-extremas-y-precipitaciones-2025x10x30-a.pdf
2025-10-30,048,ARPT. GREGORIO LUPERÓN,PUERTO PLATA,INDOMET,EMCI,33.6,24.2,0.4,https://indomet.gob.do/wp-content/uploads/2025/10/temperaturas-extremas-y-precipitaciones-2025x10x30-a.pdf
2025-10-30,049,BOCA DE MAO (EMA),VALVERDE,MINISTERIO DE AGRICULTURA,EMAP,35.3,22.7,0.2,https://indomet.gob.do/wp-content/uploads/2025/10/temperaturas-extremas-y-precipitaciones-2025x10x30-a.pdf
2025-10-30,050,ARROYO LORO,SAN JUAN,IDIAF,EMCI,29.9,21.7,0.1,https://indomet.gob.do/wp-content/uploads/2025/10/temperaturas-extremas-y-precipitaciones-2025x10x30-a.pdf
2025-10-30,051,SABANA GRANDE DE BOYÁ,MONTE PLATA,MINISTERIO DE AGRICULTURA,EMCV,,,0.1,https://indomet.gob.do/wp-content/uploads/2025/10/temperaturas-extremas-y-precipitaciones-2025x10x30-a.pdf
2025-10-30,052,SAN RAFAEL DEL YUMA,LA ALTAGRACIA,MINISTERIO DE AGRICULTURA,EMCI,37.5,23.0,0.1,https://indomet.gob.do/wp-content/uploads/2025/10/temperaturas-extremas-y-precipitaciones-2025x10x30-a.pdf
2025-10-30,053,ANAMUYA (EMA),LA ALTAGRACIA,MINISTERIO DE AGRICULTURA,EMAP,31.9,23.5,0.0,https://indomet.gob.do/wp-content/uploads/2025/10/temperaturas-extremas-y-precipitaciones-2025x10x30-a.pdf
2025-10-30,054,ARPT. ARROYO BARRIL,SAMANÁ,INDOMET,EMCI,32.0,25.3,0.0,https://indomet.gob.do/wp-content/uploads/2025/10/temperaturas-extremas-y-precipitaciones-2025x10x30-a.pdf
2025-10-30,055,ARPT. DE LA ROMANA,LA ROMANA,INDOMET,EMCI,31.0,25.5,0.0,https://indomet.gob.do/wp-content/uploads/2025/10/temperaturas-extremas-y-precipitaciones-2025x10x30-a.pdf
2025-10-30,056,ARPT. DE PUNTA CANA,LA ALTAGRACIA,INDOMET,EMCI,31.6,24.5,0.0,https://indomet.gob.do/wp-content/uploads/2025/10/temperaturas-extremas-y-precipitaciones-2025x10x30-a.pdf
2025-10-30,057,BASE AÉREA DE SAN ISIDRO,SANTO DOMINGO,FUERZA AÉREA DOMINICANA,EMCV,31.5,24.5,0.0,https://indomet.gob.do/wp-content/uploads/2025/10/temperaturas-extremas-y-precipitaciones-2025x10x30-a.pdf
2025-10-30,058,BAYAGUANA,MONTE PLATA,INDOMET,EMCI,32.6,25.4,0.0,https://indomet.gob.do/wp-content/uploads/2025/10/temperaturas-extremas-y-precipitaciones-2025x10x30-a.pdf
2025-10-30,059,CABRERA,MARÍA TRINIDAD SÁNCHEZ,ESCUELA ARÍSTIDES FIALLO CABRAL,EMCI,33.3,27.0,0.0,https://indomet.gob.do/wp-content/uploads/2025/10/temperaturas-extremas-y-precipitaciones-2025x10x30-a.pdf
2025-10-30,060,CONSTANZA,LA VEGA,MINISTERIO DE AGRICULTURA,EMCI,27.0,14.0,0.0,https://indomet.gob.do/wp-content/uploads/2025/10/temperaturas-extremas-y-precipitaciones-2025x10x30-a.pdf
2025-10-30,061,CONSTANZA (EMA),LA VEGA,PROGRAMA MUNDIAL DE ALIMENTO,EMAP,26.1,15.6,0.0,https://indomet.gob.do/wp-content/uploads/2025/10/temperaturas-extremas-y-precipitaciones-2025x10x30-a.pdf
2025-10-30,062,GASPAR HERNÁNDEZ,ESPAILLAT,PROPIEDAD DEL EMPLEADO,EMCI,,,0.0,https://indomet.gob.do/wp-content/uploads/2025/10/temperaturas-extremas-y-precipitaciones-2025x10x30-a.pdf
2025-10-30,063,HATO MAYOR,HATO MAYOR,MINISTERIO DE AGRICULTURA,EMCV,,,0.0,https://indomet.gob.do/wp-content/uploads/2025/10/temperaturas-extremas-y-precipitaciones-2025x10x30-a.pdf
2025-10-30,064,JANICO (EMA),LA VEGA,PLAN SIERRA,EMAI,,,0.0,https://indomet.gob.do/wp-content/uploads/2025/10/temperaturas-extremas-y-precipitaciones-2025x10x30-a.pdf
2025-10-30,065,JUMA BEJUCAL,MONSEÑOR NOUEL,IDIAF,EMCV,30.6,23.0,0.0,https://indomet.gob.do/wp-content/uploads/2025/10/temperaturas-extremas-y-precipitaciones-2025x10x30-a.pdf
2025-10-30,066,LA VEGA,LA VEGA,IATESA,EMCI,33.5,23.0,0.0,https://indomet.gob.do/wp-content/uploads/2025/10/temperaturas-extremas-y-precipitaciones-2025x10x30-a.pdf
2025-10-30,067,LAS CANAS (EMA),MONTE CRISTI,PROGRAMA MUNDIAL DE ALIMENTO,EMAP,32.3,22.8,0.0,https://indomet.gob.do/wp-content/uploads/2025/10/temperaturas-extremas-y-precipitaciones-2025x10x30-a.pdf
2025-10-30,068,LOS LLANOS,SAN PEDRO DE MACORÍS,MINISTERIO DE AGRICULTURA,EMCI,32.7,23.9,0.0,https://indomet.gob.do/wp-content/uploads/2025/10/temperaturas-extremas-y-precipitaciones-2025x10x30-a.pdf
2025-10-30,069,MICHES (EMA),EL SEIBO,PRIVADA,EMAP,33.7,23.7,0.0,https://indomet.gob.do/wp-content/uploads/2025/10/temperaturas-extremas-y-precipitaciones-2025x10x30-a.pdf
2025-10-30,070,OLIVARES,PEDERNALES,INDRHI,EMCI,,,0.0,https://indomet.gob.do/wp-content/uploads/2025/10/temperaturas-extremas-y-precipitaciones-2025x10x30-a.pdf
2025-10-30,071,PADRE LAS CASAS,AZUA,HOSP. NTRA. SRA. DEL CARMEN,EMCI,29.5,20.0,0.0,https://indomet.gob.do/wp-content/uploads/2025/10/temperaturas-extremas-y-precipitaciones-2025x10x30-a.pdf
2025-10-30,072,PALO ÍNDIO,PUERTO PLATA,MINISTERIO DE AGRICULTURA,EMCI,,,0.0,https://indomet.gob.do/wp-content/uploads/2025/10/temperaturas-extremas-y-precipitaciones-2025x10x30-a.pdf
2025-10-30,073,PEDERNALES,PEDERNALES,INDRHI,EMCI,,,0.0,https://indomet.gob.do/wp-content/uploads/2025/10/temperaturas-extremas-y-precipitaciones-2025x10x30-a.pdf
2025-10-30,074,PESCADERIA (EMA),BARAHONA,MINISTERIO DE AGRICULTURA,EMAP,,,0.0,https://indomet.gob.do/wp-content/uploads/2025/10/temperaturas-extremas-y-precipitaciones-2025x10x30-a.pdf
2025-10-30,075,PONTÓN ABAJO (EMA),LA VEGA,MINISTERIO DE AGRICULTURA,EMAP,34.2,23.7,0.0,https://indomet.gob.do/wp-content/uploads/2025/10/temperaturas-extremas-y-precipitaciones-2025x10x30-a.pdf
2025-10-30,076,PRESA DE TAVERAS (EMA),LA VEGA,PROGRAMA MUNDIAL DE ALIMENTO,EMAP,32.0,22.2,0.0,https://indomet.gob.do/wp-content/uploads/2025/10/temperaturas-extremas-y-precipitaciones-2025x10x30-a.pdf
2025-10-30,077,RÍO SAN JUAN,MARÍA TRINIDAD SÁNCHEZ,HOSP. MPAL. DR. DESIDERIO ACOSTA,EMCV,34.0,24.6,0.0,https://indomet.gob.do/wp-content/uploads/2025/10/temperaturas-extremas-y-precipitaciones-2025x10x30-a.pdf
2025-10-30,078,SABANA DE LA MAR,HATO MAYOR,INDOMET,EMCI,34.5,23.5,0.0,https://indomet.gob.do/wp-content/uploads/2025/10/temperaturas-extremas-y-precipitaciones-2025x10x30-a.pdf
2025-10-30,079,SALCEDO,HERMANAS MIRABAL,PROPIEDAD DEL EMPLEADO,EMCI,,,0.0,https://indomet.gob.do/wp-content/uploads/2025/10/temperaturas-extremas-y-precipitaciones-2025x10x30-a.pdf
2025-10-30,080,SAMANÁ,SAMANÁ,COMANDANCIA DE PUERTO DE SAMANÁ,EMCI,33.5,21.7,0.0,https://indomet.gob.do/wp-content/uploads/2025/10/temperaturas-extremas-y-precipitaciones-2025x10x30-a.pdf
2025-10-30,081,SÁNCHEZ,SAMANÁ,MINISTERIO DE AGRICULTURA,EMCI,32.3,24.7,0.0,https://indomet.gob.do/wp-content/uploads/2025/10/temperaturas-extremas-y-precipitaciones-2025x10x30-a.pdf
2025-10-30,082,TÁBARA ABAJO,AZUA,INDRHI,EMCI,33.9,20.0,0.0,https://indomet.gob.do/wp-content/uploads/2025/10/temperaturas-extremas-y-precipitaciones-2025x10x30-a.pdf
2025-10-30,083,VILLA ALTAGRACIA,SAN CRISTÓBAL,ESCUELA JAVIER ANGULO GURIDI,EMCI,,,0.0,https://indomet.gob.do/wp-content/uploads/2025/10/temperaturas-extremas-y-precipitaciones-2025x10x30-a.pdf
2025-10-31,001,MONTE CRISTI,MONTE CRISTI,INDOMET,EMCI,31.5,23.5,148.5,https://indomet.gob.do/wp-content/uploads/2025/11/temperaturas-extremas-y-precipitaciones-2025x10x31-a.pdf
2025-10-31,002,DAJABÓN,DAJABÓN,INSTITUTO POLITÉCNICO LOYOLA,EMCI,34.1,20.1,47.6,https://indomet.gob.do/wp-content/uploads/2025/11/temperaturas-extremas-y-precipitaciones-2025x10x31-a.pdf
2025-10-31,003,RESTAURACIÓN,DAJABÓN,MINISTERIO DE AGRICULTURA,EMCI,29.8,17.5,9.5,https://indomet.gob.do/wp-content/uploads/2025/11/temperaturas-extremas-y-precipitaciones-2025x10x31-a.pdf
2025-10-31,004,ARPT. EL CATEY,SAMANÁ,INDOMET,EMCI,34.0,26.8,8.8,https://indomet.gob.do/wp-content/uploads/2025/11/temperaturas-extremas-y-precipitaciones-2025x10x31-a.pdf
2025-10-31,005,CABRERA,MARÍA TRINIDAD SÁNCHEZ,ESCUELA ARÍSTIDES FIALLO CABRAL,EMCI,34.0,26.8,8.8,https://indomet.gob.do/wp-content/uploads/2025/11/temperaturas-extremas-y-precipitaciones-2025x10x31-a.pdf
2025-10-31,006,MICHES (EMA),EL SEIBO,PRIVADA,EMAP,33.1,23.9,7.4,https://indomet.gob.do/wp-content/uploads/2025/11/temperaturas-extremas-y-precipitaciones-2025x10x31-a.pdf
2025-10-31,007,SAN JOSÉ DE OCOA,SAN JOSÉ DE OCOA,HOSP. SAN JOSÉ DE OCOA,EMCI,33.4,18.6,6.4,https://indomet.gob.do/wp-content/uploads/2025/11/temperaturas-extremas-y-precipitaciones-2025x10x31-a.pdf
2025-10-31,008,ELÍAS PIÑA,ELÍAS PIÑA,MINISTERIO DE AGRICULTURA,EMCV,,,6.0,https://indomet.gob.do/wp-content/uploads/2025/11/temperaturas-extremas-y-precipitaciones-2025x10x31-a.pdf
2025-10-31,009,CONSTANZA,LA VEGA,MINISTERIO DE AGRICULTURA,EMCI,29.6,13.2,5.4,https://indomet.gob.do/wp-content/uploads/2025/11/temperaturas-extremas-y-precipitaciones-2025x10x31-a.pdf
2025-10-31,010,CONSTANZA (EMA),LA VEGA,PROGRAMA MUNDIAL DE ALIMENTO,EMAP,26.9,14.6,5.2,https://indomet.gob.do/wp-content/uploads/2025/11/temperaturas-extremas-y-precipitaciones-2025x10x31-a.pdf
2025-10-31,011,ALTAMIRA,PUERTO PLATA,HOSP. MPAL. DE ALTAMIRA,EMCI,30.3,20.4,3.6,https://indomet.gob.do/wp-content/uploads/2025/11/temperaturas-extremas-y-precipitaciones-2025x10x31-a.pdf
2025-10-31,012,ENRIQUILLO,BARAHONA,MINISTERIO DE AGRICULTURA,EMCV,33.0,22.5,3.6,https://indomet.gob.do/wp-content/uploads/2025/11/temperaturas-extremas-y-precipitaciones-2025x10x31-a.pdf
2025-10-31,013,SANTIAGO RODRÍGUEZ,SANTIAGO RODRÍGUEZ,INDOMET,EMCI,33.5,21.7,3.2,https://indomet.gob.do/wp-content/uploads/2025/11/temperaturas-extremas-y-precipitaciones-2025x10x31-a.pdf
2025-10-31,014,SABANA DE LA MAR,HATO MAYOR,INDOMET,EMCI,34.0,22.5,2.5,https://indomet.gob.do/wp-content/uploads/2025/11/temperaturas-extremas-y-precipitaciones-2025x10x31-a.pdf
2025-10-31,015,HONDO VALLE,ELÍAS PIÑA,MINISTERIO DE AGRICULTURA,EMCI,26.6,18.8,1.9,https://indomet.gob.do/wp-content/uploads/2025/11/temperaturas-extremas-y-precipitaciones-2025x10x31-a.pdf
2025-10-31,016,SABANETA (EMA),SANTIAGO RODRÍGUEZ,PROGRAMA MUNDIAL DE ALIMENTO,EMAP,33.1,21.8,1.6,https://indomet.gob.do/wp-content/uploads/2025/11/temperaturas-extremas-y-precipitaciones-2025x10x31-a.pdf
2025-10-31,017,OLIVARES,PEDERNALES,INDRHI,EMCI,,,1.4,https://indomet.gob.do/wp-content/uploads/2025/11/temperaturas-extremas-y-precipitaciones-2025x10x31-a.pdf
2025-10-31,018,SAMANÁ,SAMANÁ,COMANDANCIA DE PUERTO DE SAMANÁ,EMCI,33.9,22.1,1.4,https://indomet.gob.do/wp-content/uploads/2025/11/temperaturas-extremas-y-precipitaciones-2025x10x31-a.pdf
2025-10-31,019,ARPT. ARROYO BARRIL,SAMANÁ,INDOMET,EMCI,32.0,23.7,1.0,https://indomet.gob.do/wp-content/uploads/2025/11/temperaturas-extremas-y-precipitaciones-2025x10x31-a.pdf
2025-10-31,020,EL FACTOR (EMA),MARÍA TRINIDAD SÁNCHEZ,INTEC,EMAP,34.6,23.7,0.8,https://indomet.gob.do/wp-content/uploads/2025/11/temperaturas-extremas-y-precipitaciones-2025x10x31-a.pdf
2025-10-31,021,HATO MAYOR,HATO MAYOR,MINISTERIO DE AGRICULTURA,EMCV,,,0.5,https://indomet.gob.do/wp-content/uploads/2025/11/temperaturas-extremas-y-precipitaciones-2025x10x31-a.pdf
2025-10-31,022,BOCA DE MAO (EMA),VALVERDE,MINISTERIO DE AGRICULTURA,EMAP,33.8,22.7,0.4,https://indomet.gob.do/wp-content/uploads/2025/11/temperaturas-extremas-y-precipitaciones-2025x10x31-a.pdf
2025-10-31,023,OVIEDO,PEDERNALES,CLÍNICA RURAL OVIEDO,EMCI,32.0,22.0,0.4,https://indomet.gob.do/wp-content/uploads/2025/11/temperaturas-extremas-y-precipitaciones-2025x10x31-a.pdf
2025-10-31,024,PEDERNALES,PEDERNALES,INDRHI,EMCI,,,0.4,https://indomet.gob.do/wp-content/uploads/2025/11/temperaturas-extremas-y-precipitaciones-2025x10x31-a.pdf
2025-10-31,025,RANCHO ARRIBA,SAN JOSÉ DE OCOA,CENTRO TECNOLÓGICO COMUNITARIO,EMCI,28.7,17.2,0.4,https://indomet.gob.do/wp-content/uploads/2025/11/temperaturas-extremas-y-precipitaciones-2025x10x31-a.pdf
2025-10-31,026,SANTO DOMINGO ESTE,SANTO DOMINGO,INDOMET,EMCI,33.0,25.0,0.3,https://indomet.gob.do/wp-content/uploads/2025/11/temperaturas-extremas-y-precipitaciones-2025x10x31-a.pdf
2025-10-31,027,ARPT. GREGORIO LUPERÓN,PUERTO PLATA,INDOMET,EMCI,33.0,24.0,0.1,https://indomet.gob.do/wp-content/uploads/2025/11/temperaturas-extremas-y-precipitaciones-2025x10x31-a.pdf
2025-10-31,028,ARROYO LORO,SAN JUAN,IDIAF,EMCI,30.7,18.7,0.1,https://indomet.gob.do/wp-content/uploads/2025/11/temperaturas-extremas-y-precipitaciones-2025x10x31-a.pdf
2025-10-31,029,POLO,BARAHONA,INDOCAFE,EMCI,28.5,17.0,0.1,https://indomet.gob.do/wp-content/uploads/2025/11/temperaturas-extremas-y-precipitaciones-2025x10x31-a.pdf
2025-10-31,030,ALTO BANDERA (EMA),LA VEGA,INTEC,EMAP,17.0,8.6,0.0,https://indomet.gob.do/wp-content/uploads/2025/11/temperaturas-extremas-y-precipitaciones-2025x10x31-a.pdf
2025-10-31,031,ANAMUYA (EMA),LA ALTAGRACIA,MINISTERIO DE AGRICULTURA,EMAP,32.8,24.4,0.0,https://indomet.gob.do/wp-content/uploads/2025/11/temperaturas-extremas-y-precipitaciones-2025x10x31-a.pdf
2025-10-31,032,ARPT. DE LA ROMANA,LA ROMANA,INDOMET,EMCI,32.0,22.5,0.0,https://indomet.gob.do/wp-content/uploads/2025/11/temperaturas-extremas-y-precipitaciones-2025x10x31-a.pdf
2025-10-31,033,ARPT. DE LAS AMÉRICAS,SANTO DOMINGO,INDOMET,EMCI,31.5,24.0,0.0,https://indomet.gob.do/wp-content/uploads/2025/11/temperaturas-extremas-y-precipitaciones-2025x10x31-a.pdf
2025-10-31,034,ARPT. DE PUNTA CANA,LA ALTAGRACIA,INDOMET,EMCI,31.8,24.0,0.0,https://indomet.gob.do/wp-content/uploads/2025/11/temperaturas-extremas-y-precipitaciones-2025x10x31-a.pdf
2025-10-31,035,ARPT. DEL CIBAO,SANTIAGO,INDOMET,EMCI,33.0,22.5,0.0,https://indomet.gob.do/wp-content/uploads/2025/11/temperaturas-extremas-y-precipitaciones-2025x10x31-a.pdf
2025-10-31,036,ARPT. LA ISABELA,SANTO DOMINGO,INDOMET,EMCI,33.0,23.0,0.0,https://indomet.gob.do/wp-content/uploads/2025/11/temperaturas-extremas-y-precipitaciones-2025x10x31-a.pdf
2025-10-31,037,ARPT. MARÍA MONTEZ,BARAHONA,INDOMET,EMCI,31.2,23.0,0.0,https://indomet.gob.do/wp-content/uploads/2025/11/temperaturas-extremas-y-precipitaciones-2025x10x31-a.pdf
2025-10-31,038,BANI (EMA),PERAVIA,MINISTERIO DE AGRICULTURA,EMAP,31.7,24.7,0.0,https://indomet.gob.do/wp-content/uploads/2025/11/temperaturas-extremas-y-precipitaciones-2025x10x31-a.pdf
2025-10-31,039,BASE AÉREA DE SAN ISIDRO,SANTO DOMINGO,FUERZA AÉREA DOMINICANA,EMCV,32.0,23.5,0.0,https://indomet.gob.do/wp-content/uploads/2025/11/temperaturas-extremas-y-precipitaciones-2025x10x31-a.pdf
2025-10-31,040,BAYAGUANA,MONTE PLATA,INDOMET,EMCI,33.4,23.0,0.0,https://indomet.gob.do/wp-content/uploads/2025/11/temperaturas-extremas-y-precipitaciones-2025x10x31-a.pdf
2025-10-31,041,BONAO,MONSEÑOR NOUEL,MINISTERIO DE AGRICULTURA,EMCV,,,0.0,https://indomet.gob.do/wp-content/uploads/2025/11/temperaturas-extremas-y-precipitaciones-2025x10x31-a.pdf
2025-10-31,042,CENTRO DE LOS HEROES (EMA),DISTRITO NACIONAL,MINISTERIO DE ENERGIA Y MINA,EMAP,31.2,25.9,0.0,https://indomet.gob.do/wp-content/uploads/2025/11/temperaturas-extremas-y-precipitaciones-2025x10x31-a.pdf
2025-10-31,043,GASPAR HERNÁNDEZ,ESPAILLAT,PROPIEDAD DEL EMPLEADO,EMCI,,,0.0,https://indomet.gob.do/wp-content/uploads/2025/11/temperaturas-extremas-y-precipitaciones-2025x10x31-a.pdf
2025-10-31,044,GURABO,SANTIAGO,MINISTERIO DE AGRICULTURA,EMCV,,,0.0,https://indomet.gob.do/wp-content/uploads/2025/11/temperaturas-extremas-y-precipitaciones-2025x10x31-a.pdf
2025-10-31,045,JARABACOA,LA VEGA,INDRHI / MARENA,EMCI,32.0,16.8,0.0,https://indomet.gob.do/wp-content/uploads/2025/11/temperaturas-extremas-y-precipitaciones-2025x10x31-a.pdf
2025-10-31,046,JARABACOA (EMA),LA VEGA,PROGRAMA MUNDIAL DE ALIMENTO,EMAP,30.7,18.4,0.0,https://indomet.gob.do/wp-content/uploads/2025/11/temperaturas-extremas-y-precipitaciones-2025x10x31-a.pdf
2025-10-31,047,JIMANÍ,INDEPENDENCIA,MINISTERIO DE AGRICULTURA,EMCI,32.8,24.6,0.0,https://indomet.gob.do/wp-content/uploads/2025/11/temperaturas-extremas-y-precipitaciones-2025x10x31-a.pdf
2025-10-31,048,JUMA BEJUCAL,MONSEÑOR NOUEL,IDIAF,EMCV,32.4,20.2,0.0,https://indomet.gob.do/wp-content/uploads/2025/11/temperaturas-extremas-y-precipitaciones-2025x10x31-a.pdf
2025-10-31,049,LA VEGA,LA VEGA,IATESA,EMCI,34.0,21.5,0.0,https://indomet.gob.do/wp-content/uploads/2025/11/temperaturas-extremas-y-precipitaciones-2025x10x31-a.pdf
2025-10-31,050,LA VICTORIA,SANTO DOMINGO,CUERPO DE BOMBEROS,EMCI,32.5,23.5,0.0,https://indomet.gob.do/wp-content/uploads/2025/11/temperaturas-extremas-y-precipitaciones-2025x10x31-a.pdf
2025-10-31,051,LOS LLANOS,SAN PEDRO DE MACORÍS,MINISTERIO DE AGRICULTURA,EMCI,32.5,23.4,0.0,https://indomet.gob.do/wp-content/uploads/2025/11/temperaturas-extremas-y-precipitaciones-2025x10x31-a.pdf
2025-10-31,052,MAO,VALVERDE,INDRHI / MINISTERIO DE AGRICULTURA,EMCV,,,0.0,https://indomet.gob.do/wp-content/uploads/2025/11/temperaturas-extremas-y-precipitaciones-2025x10x31-a.pdf
2025-10-31,053,MONCIÓN (EMA),SANTIAGO RODRÍGUEZ,PROGRAMA MUNDIAL DE ALIMENTO,EMAP,29.8,20.0,0.0,https://indomet.gob.do/wp-content/uploads/2025/11/temperaturas-extremas-y-precipitaciones-2025x10x31-a.pdf
2025-10-31,054,NAVARRETE,SANTIAGO,MINISTERIO DE AGRICULTURA,EMCV,,,0.0,https://indomet.gob.do/wp-content/uploads/2025/11/temperaturas-extremas-y-precipitaciones-2025x10x31-a.pdf
2025-10-31,055,PADRE LAS CASAS,AZUA,HOSP. NTRA. SRA. DEL CARMEN,EMCI,30.5,18.5,0.0,https://indomet.gob.do/wp-content/uploads/2025/11/temperaturas-extremas-y-precipitaciones-2025x10x31-a.pdf
2025-10-31,056,PALO ÍNDIO,PUERTO PLATA,MINISTERIO DE AGRICULTURA,EMCI,,,0.0,https://indomet.gob.do/wp-content/uploads/2025/11/temperaturas-extremas-y-precipitaciones-2025x10x31-a.pdf
2025-10-31,057,PERALTA,AZUA,HOSP. MPAL. DE PERALTA,EMCI,28.0,18.9,0.0,https://indomet.gob.do/wp-content/uploads/2025/11/temperaturas-extremas-y-precipitaciones-2025x10x31-a.pdf
2025-10-31,058,PESCADERIA (EMA),BARAHONA,MINISTERIO DE AGRICULTURA,EMAP,,,0.0,https://indomet.gob.do/wp-content/uploads/2025/11/temperaturas-extremas-y-precipitaciones-2025x10x31-a.pdf
2025-10-31,059,PONTÓN ABAJO (EMA),LA VEGA,MINISTERIO DE AGRICULTURA,EMAP,34.3,22.1,0.0,https://indomet.gob.do/wp-content/uploads/2025/11/temperaturas-extremas-y-precipitaciones-2025x10x31-a.pdf
2025-10-31,060,PRESA DE TAVERAS (EMA),LA VEGA,PROGRAMA MUNDIAL DE ALIMENTO,EMAP,30.8,20.4,0.0,https://indomet.gob.do/wp-content/uploads/2025/11/temperaturas-extremas-y-precipitaciones-2025x10x31-a.pdf
2025-10-31,061,RÍO SAN JUAN,MARÍA TRINIDAD SÁNCHEZ,HOSP. MPAL. DR. DESIDERIO ACOSTA,EMCV,35.3,25.2,0.0,https://indomet.gob.do/wp-content/uploads/2025/11/temperaturas-extremas-y-precipitaciones-2025x10x31-a.pdf
2025-10-31,062,SALCEDO,HERMANAS MIRABAL,PROPIEDAD DEL EMPLEADO,EMCI,,,0.0,https://indomet.gob.do/wp-content/uploads/2025/11/temperaturas-extremas-y-precipitaciones-2025x10x31-a.pdf
2025-10-31,063,SAN CRISTÓBAL,SAN CRISTÓBAL,INSTITUTO POLITÉCNICO LOYOLA,EMCI,32.0,20.2,0.0,https://indomet.gob.do/wp-content/uploads/2025/11/temperaturas-extremas-y-precipitaciones-2025x10x31-a.pdf
2025-10-31,064,SAN RAFAEL DEL YUMA,LA ALTAGRACIA,MINISTERIO DE AGRICULTURA,EMCI,32.5,23.9,0.0,https://indomet.gob.do/wp-content/uploads/2025/11/temperaturas-extremas-y-precipitaciones-2025x10x31-a.pdf
2025-10-31,065,SÁNCHEZ,SAMANÁ,MINISTERIO DE AGRICULTURA,EMCI,32.5,23.6,0.0,https://indomet.gob.do/wp-content/uploads/2025/11/temperaturas-extremas-y-precipitaciones-2025x10x31-a.pdf
2025-10-31,066,SAJOMA (EMA),SANTIAGO,PLAN SIERRA,EMAI,,,0.0,https://indomet.gob.do/wp-content/uploads/2025/11/temperaturas-extremas-y-precipitaciones-2025x10x31-a.pdf
2025-10-31,067,JARDÍN BOTÁNICO SANTIAGO (EMSANTIAGO,,JARDIN BOTANICO SANTIAGO,EMAI,,,0.0,https://indomet.gob.do/wp-content/uploads/2025/11/temperaturas-extremas-y-precipitaciones-2025x10x31-a.pdf
2025-10-31,068,BUCARA (EMA),SANTIAGO,MINISTERIO DE AGRICULTURA,EMAI,,,0.0,https://indomet.gob.do/wp-content/uploads/2025/11/temperaturas-extremas-y-precipitaciones-2025x10x31-a.pdf
2025-10-31,069,VILLA GONZALE (EMA),SANTIAGO,IGLESIA,EMAI,,,0.0,https://indomet.gob.do/wp-content/uploads/2025/11/temperaturas-extremas-y-precipitaciones-2025x10x31-a.pdf
2025-10-31,070,TÁBARA ABAJO,AZUA,INDRHI,EMCI,34.9,24.4,0.0,https://indomet.gob.do/wp-content/uploads/2025/11/temperaturas-extremas-y-precipitaciones-2025x10x31-a.pdf
2025-10-31,071,TAMBORIL,SANTIAGO,MINISTERIO DE AGRICULTURA,EMCV,,,0.0,https://indomet.gob.do/wp-content/uploads/2025/11/temperaturas-extremas-y-precipitaciones-2025x10x31-a.pdf
2025-10-31,072,JIMA ABAJO,LA VEGA,INDOMET,EMCI,32.0,22.4,0.0,https://indomet.gob.do/wp-content/uploads/2025/11/temperaturas-extremas-y-precipitaciones-2025x10x31-a.pdf
2025-10-31,073,VALLE NUEVO (EMA),LA VEGA,MARENA,EMAI,19.4,6.2,0.0,https://indomet.gob.do/wp-content/uploads/2025/11/temperaturas-extremas-y-precipitaciones-2025x10x31-a.pdf
2025-10-31,074,VILLA ALTAGRACIA,SAN CRISTÓBAL,ESCUELA JAVIER ANGULO GURIDI,EMCI,,,0.0,https://indomet.gob.do/wp-content/uploads/2025/11/temperaturas-extremas-y-precipitaciones-2025x10x31-a.pdf
2025-10-31,075,VILLA GONZALES,SANTIAGO,MINISTERIO DE AGRICULTURA,EMCI,,,0.0,https://indomet.gob.do/wp-content/uploads/2025/11/temperaturas-extremas-y-precipitaciones-2025x10x31-a.pdf
2025-10-31,076,VILLA RIVA,DUARTE,HOSP. MPAL. ALICIA DE LEGENDRE,EMCI,33.0,23.0,0.0,https://indomet.gob.do/wp-content/uploads/2025/11/temperaturas-extremas-y-precipitaciones-2025x10x31-a.pdf
2025-11-01,001,ARPT. DE LAS AMÉRICAS,SANTO DOMINGO,INDOMET,EMCI,31.4,23.8,92.5,https://indomet.gob.do/wp-content/uploads/2025/11/temperaturas-extremas-y-precipitaciones-2025x11x01-a.pdf
2025-11-01,002,ARPT. LA ISABELA,SANTO DOMINGO,INDOMET,EMCI,32.2,22.0,89.8,https://indomet.gob.do/wp-content/uploads/2025/11/temperaturas-extremas-y-precipitaciones-2025x11x01-a.pdf
2025-11-01,003,PERALTA,AZUA,HOSP. MPAL. DE PERALTA,EMCI,30.3,22.4,67.2,https://indomet.gob.do/wp-content/uploads/2025/11/temperaturas-extremas-y-precipitaciones-2025x11x01-a.pdf
2025-11-01,004,SAN CRISTÓBAL,SAN CRISTÓBAL,INSTITUTO POLITÉCNICO LOYOLA,EMCI,32.0,21.0,66.7,https://indomet.gob.do/wp-content/uploads/2025/11/temperaturas-extremas-y-precipitaciones-2025x11x01-a.pdf
2025-11-01,005,CENTRO DE LOS HEROES (EMA),DISTRITO NACIONAL,MINISTERIO DE ENERGIA Y MINA,EMAP,31.5,24.5,56.4,https://indomet.gob.do/wp-content/uploads/2025/11/temperaturas-extremas-y-precipitaciones-2025x11x01-a.pdf
2025-11-01,006,LA VICTORIA,SANTO DOMINGO,CUERPO DE BOMBEROS,EMCI,31.0,24.0,56.0,https://indomet.gob.do/wp-content/uploads/2025/11/temperaturas-extremas-y-precipitaciones-2025x11x01-a.pdf
2025-11-01,007,RANCHO ARRIBA,SAN JOSÉ DE OCOA,CENTRO TECNOLÓGICO COMUNITARIO,EMCI,27.9,17.4,54.6,https://indomet.gob.do/wp-content/uploads/2025/11/temperaturas-extremas-y-precipitaciones-2025x11x01-a.pdf
2025-11-01,008,HATO MAYOR,HATO MAYOR,MINISTERIO DE AGRICULTURA,EMCV,,,45.5,https://indomet.gob.do/wp-content/uploads/2025/11/temperaturas-extremas-y-precipitaciones-2025x11x01-a.pdf
2025-11-01,009,SAN RAFAEL DEL YUMA,LA ALTAGRACIA,MINISTERIO DE AGRICULTURA,EMCI,31.9,24.1,40.1,https://indomet.gob.do/wp-content/uploads/2025/11/temperaturas-extremas-y-precipitaciones-2025x11x01-a.pdf
2025-11-01,010,SAN JOSÉ DE OCOA,SAN JOSÉ DE OCOA,HOSP. SAN JOSÉ DE OCOA,EMCI,29.7,20.0,39.6,https://indomet.gob.do/wp-content/uploads/2025/11/temperaturas-extremas-y-precipitaciones-2025x11x01-a.pdf
2025-11-01,011,MONCIÓN (EMA),SANTIAGO RODRÍGUEZ,PROGRAMA MUNDIAL DE ALIMENTO,EMAP,30.1,21.8,33.2,https://indomet.gob.do/wp-content/uploads/2025/11/temperaturas-extremas-y-precipitaciones-2025x11x01-a.pdf
2025-11-01,012,SANTO DOMINGO ESTE,SANTO DOMINGO,INDOMET,EMCI,32.5,25.5,32.6,https://indomet.gob.do/wp-content/uploads/2025/11/temperaturas-extremas-y-precipitaciones-2025x11x01-a.pdf
2025-11-01,013,LOS LLANOS,SAN PEDRO DE MACORÍS,MINISTERIO DE AGRICULTURA,EMCI,31.7,23.9,32.2,https://indomet.gob.do/wp-content/uploads/2025/11/temperaturas-extremas-y-precipitaciones-2025x11x01-a.pdf
2025-11-01,014,SANTIAGO RODRÍGUEZ,SANTIAGO RODRÍGUEZ,INDOMET,EMCI,34.2,23.4,31.5,https://indomet.gob.do/wp-content/uploads/2025/11/temperaturas-extremas-y-precipitaciones-2025x11x01-a.pdf
2025-11-01,015,BAYAGUANA,MONTE PLATA,INDOMET,EMCI,33.0,22.2,28.0,https://indomet.gob.do/wp-content/uploads/2025/11/temperaturas-extremas-y-precipitaciones-2025x11x01-a.pdf
2025-11-01,016,ANAMUYA (EMA),LA ALTAGRACIA,MINISTERIO DE AGRICULTURA,EMAP,31.4,23.9,26.4,https://indomet.gob.do/wp-content/uploads/2025/11/temperaturas-extremas-y-precipitaciones-2025x11x01-a.pdf
2025-11-01,017,BASE AÉREA DE SAN ISIDRO,SANTO DOMINGO,FUERZA AÉREA DOMINICANA,EMCV,30.0,24.0,25.0,https://indomet.gob.do/wp-content/uploads/2025/11/temperaturas-extremas-y-precipitaciones-2025x11x01-a.pdf
2025-11-01,018,VILLA ALTAGRACIA,SAN CRISTÓBAL,ESCUELA JAVIER ANGULO GURIDI,EMCI,,,24.6,https://indomet.gob.do/wp-content/uploads/2025/11/temperaturas-extremas-y-precipitaciones-2025x11x01-a.pdf
2025-11-01,019,ARPT. DE LA ROMANA,LA ROMANA,INDOMET,EMCI,31.5,22.2,24.5,https://indomet.gob.do/wp-content/uploads/2025/11/temperaturas-extremas-y-precipitaciones-2025x11x01-a.pdf
2025-11-01,020,ENRIQUILLO,BARAHONA,MINISTERIO DE AGRICULTURA,EMCV,31.5,22.1,24.0,https://indomet.gob.do/wp-content/uploads/2025/11/temperaturas-extremas-y-precipitaciones-2025x11x01-a.pdf
2025-11-01,021,JIMA ABAJO,LA VEGA,INDOMET,EMCI,31.5,20.0,23.0,https://indomet.gob.do/wp-content/uploads/2025/11/temperaturas-extremas-y-precipitaciones-2025x11x01-a.pdf
2025-11-01,022,JUMA BEJUCAL,MONSEÑOR NOUEL,IDIAF,EMCV,32.8,22.8,22.5,https://indomet.gob.do/wp-content/uploads/2025/11/temperaturas-extremas-y-precipitaciones-2025x11x01-a.pdf
2025-11-01,023,BONAO,MONSEÑOR NOUEL,MINISTERIO DE AGRICULTURA,EMCV,,,22.4,https://indomet.gob.do/wp-content/uploads/2025/11/temperaturas-extremas-y-precipitaciones-2025x11x01-a.pdf
2025-11-01,024,ALTO BANDERA (EMA),LA VEGA,INTEC,EMAP,14.9,10.0,20.1,https://indomet.gob.do/wp-content/uploads/2025/11/temperaturas-extremas-y-precipitaciones-2025x11x01-a.pdf
2025-11-01,025,MICHES (EMA),EL SEIBO,PRIVADA,EMAP,31.3,24.5,19.0,https://indomet.gob.do/wp-content/uploads/2025/11/temperaturas-extremas-y-precipitaciones-2025x11x01-a.pdf
2025-11-01,026,BANI (EMA),PERAVIA,MINISTERIO DE AGRICULTURA,EMAP,31.3,24.0,18.0,https://indomet.gob.do/wp-content/uploads/2025/11/temperaturas-extremas-y-precipitaciones-2025x11x01-a.pdf
2025-11-01,027,LA VEGA,LA VEGA,IATESA,EMCI,34.0,23.5,16.1,https://indomet.gob.do/wp-content/uploads/2025/11/temperaturas-extremas-y-precipitaciones-2025x11x01-a.pdf
2025-11-01,028,ARPT. DE PUNTA CANA,LA ALTAGRACIA,INDOMET,EMCI,31.6,24.3,15.8,https://indomet.gob.do/wp-content/uploads/2025/11/temperaturas-extremas-y-precipitaciones-2025x11x01-a.pdf
2025-11-01,029,POLO,BARAHONA,INDOCAFE,EMCI,29.0,16.2,15.2,https://indomet.gob.do/wp-content/uploads/2025/11/temperaturas-extremas-y-precipitaciones-2025x11x01-a.pdf
2025-11-01,030,PADRE LAS CASAS,AZUA,HOSP. NTRA. SRA. DEL CARMEN,EMCI,31.5,19.0,14.2,https://indomet.gob.do/wp-content/uploads/2025/11/temperaturas-extremas-y-precipitaciones-2025x11x01-a.pdf
2025-11-01,031,ARPT. DEL CIBAO,SANTIAGO,INDOMET,EMCI,33.2,25.0,12.5,https://indomet.gob.do/wp-content/uploads/2025/11/temperaturas-extremas-y-precipitaciones-2025x11x01-a.pdf
2025-11-01,032,CABRERA,MARÍA TRINIDAD SÁNCHEZ,ESCUELA ARÍSTIDES FIALLO CABRAL,EMCI,32.5,25.0,12.5,https://indomet.gob.do/wp-content/uploads/2025/11/temperaturas-extremas-y-precipitaciones-2025x11x01-a.pdf
2025-11-01,033,SABANA GRANDE DE BOYÁ,MONTE PLATA,MINISTERIO DE AGRICULTURA,EMCV,,,12.5,https://indomet.gob.do/wp-content/uploads/2025/11/temperaturas-extremas-y-precipitaciones-2025x11x01-a.pdf
2025-11-01,034,SALCEDO,HERMANAS MIRABAL,PROPIEDAD DEL EMPLEADO,EMCI,,,12.4,https://indomet.gob.do/wp-content/uploads/2025/11/temperaturas-extremas-y-precipitaciones-2025x11x01-a.pdf
2025-11-01,035,VILLA RIVA,DUARTE,HOSP. MPAL. ALICIA DE LEGENDRE,EMCI,30.5,23.8,12.4,https://indomet.gob.do/wp-content/uploads/2025/11/temperaturas-extremas-y-precipitaciones-2025x11x01-a.pdf
2025-11-01,036,RÍO SAN JUAN,MARÍA TRINIDAD SÁNCHEZ,HOSP. MPAL. DR. DESIDERIO ACOSTA,EMCV,34.1,25.1,12.2,https://indomet.gob.do/wp-content/uploads/2025/11/temperaturas-extremas-y-precipitaciones-2025x11x01-a.pdf
2025-11-01,037,PONTÓN ABAJO (EMA),LA VEGA,MINISTERIO DE AGRICULTURA,EMAP,34.7,23.9,11.6,https://indomet.gob.do/wp-content/uploads/2025/11/temperaturas-extremas-y-precipitaciones-2025x11x01-a.pdf
2025-11-01,038,SÁNCHEZ,SAMANÁ,MINISTERIO DE AGRICULTURA,EMCI,31.3,24.1,10.4,https://indomet.gob.do/wp-content/uploads/2025/11/temperaturas-extremas-y-precipitaciones-2025x11x01-a.pdf
2025-11-01,039,ARPT. ARROYO BARRIL,SAMANÁ,INDOMET,EMCI,31.0,23.5,9.5,https://indomet.gob.do/wp-content/uploads/2025/11/temperaturas-extremas-y-precipitaciones-2025x11x01-a.pdf
2025-11-01,040,ARROYO LORO,SAN JUAN,IDIAF,EMCI,31.0,19.2,8.9,https://indomet.gob.do/wp-content/uploads/2025/11/temperaturas-extremas-y-precipitaciones-2025x11x01-a.pdf
2025-11-01,041,NAVARRETE,SANTIAGO,MINISTERIO DE AGRICULTURA,EMCV,,,8.9,https://indomet.gob.do/wp-content/uploads/2025/11/temperaturas-extremas-y-precipitaciones-2025x11x01-a.pdf
2025-11-01,042,TÁBARA ABAJO,AZUA,INDRHI,EMCI,34.5,23.0,8.8,https://indomet.gob.do/wp-content/uploads/2025/11/temperaturas-extremas-y-precipitaciones-2025x11x01-a.pdf
2025-11-01,043,ARPT. MARÍA MONTEZ,BARAHONA,INDOMET,EMCI,30.5,23.2,8.4,https://indomet.gob.do/wp-content/uploads/2025/11/temperaturas-extremas-y-precipitaciones-2025x11x01-a.pdf
2025-11-01,044,ARPT. GREGORIO LUPERÓN,PUERTO PLATA,INDOMET,EMCI,33.4,21.0,8.2,https://indomet.gob.do/wp-content/uploads/2025/11/temperaturas-extremas-y-precipitaciones-2025x11x01-a.pdf
2025-11-01,045,VALLE NUEVO (EMA),LA VEGA,MARENA,EMAI,18.1,13.1,8.2,https://indomet.gob.do/wp-content/uploads/2025/11/temperaturas-extremas-y-precipitaciones-2025x11x01-a.pdf
2025-11-01,046,PALO ÍNDIO,PUERTO PLATA,MINISTERIO DE AGRICULTURA,EMCI,,,8.1,https://indomet.gob.do/wp-content/uploads/2025/11/temperaturas-extremas-y-precipitaciones-2025x11x01-a.pdf
2025-11-01,047,SAMANÁ,SAMANÁ,COMANDANCIA DE PUERTO DE SAMANÁ,EMCI,32.6,21.9,7.4,https://indomet.gob.do/wp-content/uploads/2025/11/temperaturas-extremas-y-precipitaciones-2025x11x01-a.pdf
2025-11-01,048,GASPAR HERNÁNDEZ,ESPAILLAT,PROPIEDAD DEL EMPLEADO,EMCI,,,6.8,https://indomet.gob.do/wp-content/uploads/2025/11/temperaturas-extremas-y-precipitaciones-2025x11x01-a.pdf
2025-11-01,049,BUCARA (EMA),SANTIAGO,MINISTERIO DE AGRICULTURA,EMAI,,,6.6,https://indomet.gob.do/wp-content/uploads/2025/11/temperaturas-extremas-y-precipitaciones-2025x11x01-a.pdf
2025-11-01,050,OVIEDO,PEDERNALES,CLÍNICA RURAL OVIEDO,EMCI,32.0,24.0,6.4,https://indomet.gob.do/wp-content/uploads/2025/11/temperaturas-extremas-y-precipitaciones-2025x11x01-a.pdf
2025-11-01,051,JARABACOA (EMA),LA VEGA,PROGRAMA MUNDIAL DE ALIMENTO,EMAP,31.4,20.9,6.2,https://indomet.gob.do/wp-content/uploads/2025/11/temperaturas-extremas-y-precipitaciones-2025x11x01-a.pdf
2025-11-01,052,JARABACOA,LA VEGA,INDRHI / MARENA,EMCI,32.8,17.4,5.4,https://indomet.gob.do/wp-content/uploads/2025/11/temperaturas-extremas-y-precipitaciones-2025x11x01-a.pdf
2025-11-01,053,ALTAMIRA,PUERTO PLATA,HOSP. MPAL. DE ALTAMIRA,EMCI,32.9,21.4,5.1,https://indomet.gob.do/wp-content/uploads/2025/11/temperaturas-extremas-y-precipitaciones-2025x11x01-a.pdf
2025-11-01,054,MONTE CRISTI,MONTE CRISTI,INDOMET,EMCI,32.0,22.8,5.1,https://indomet.gob.do/wp-content/uploads/2025/11/temperaturas-extremas-y-precipitaciones-2025x11x01-a.pdf
2025-11-01,055,CONSTANZA (EMA),LA VEGA,PROGRAMA MUNDIAL DE ALIMENTO,EMAP,26.1,17.9,3.8,https://indomet.gob.do/wp-content/uploads/2025/11/temperaturas-extremas-y-precipitaciones-2025x11x01-a.pdf
2025-11-01,056,PRESA DE TAVERAS (EMA),LA VEGA,PROGRAMA MUNDIAL DE ALIMENTO,EMAP,31.5,22.5,2.8,https://indomet.gob.do/wp-content/uploads/2025/11/temperaturas-extremas-y-precipitaciones-2025x11x01-a.pdf
2025-11-01,057,SANTIAGO,SANTIAGO,HUACALITO,EMCI,,,2.6,https://indomet.gob.do/wp-content/uploads/2025/11/temperaturas-extremas-y-precipitaciones-2025x11x01-a.pdf
2025-11-01,058,HONDO VALLE,ELÍAS PIÑA,MINISTERIO DE AGRICULTURA,EMCI,25.7,18.2,2.5,https://indomet.gob.do/wp-content/uploads/2025/11/temperaturas-extremas-y-precipitaciones-2025x11x01-a.pdf
2025-11-01,059,ARPT. EL CATEY,SAMANÁ,INDOMET,EMCI,30.0,23.0,2.2,https://indomet.gob.do/wp-content/uploads/2025/11/temperaturas-extremas-y-precipitaciones-2025x11x01-a.pdf
2025-11-01,060,GURABO,SANTIAGO,MINISTERIO DE AGRICULTURA,EMCV,,,2.0,https://indomet.gob.do/wp-content/uploads/2025/11/temperaturas-extremas-y-precipitaciones-2025x11x01-a.pdf
2025-11-01,061,SABANA DE LA MAR,HATO MAYOR,INDOMET,EMCI,31.5,24.0,1.8,https://indomet.gob.do/wp-content/uploads/2025/11/temperaturas-extremas-y-precipitaciones-2025x11x01-a.pdf
2025-11-01,062,TAMBORIL,SANTIAGO,MINISTERIO DE AGRICULTURA,EMCV,,,1.3,https://indomet.gob.do/wp-content/uploads/2025/11/temperaturas-extremas-y-precipitaciones-2025x11x01-a.pdf
2025-11-01,063,OLIVARES,PEDERNALES,INDRHI,EMCI,,,0.9,https://indomet.gob.do/wp-content/uploads/2025/11/temperaturas-extremas-y-precipitaciones-2025x11x01-a.pdf
2025-11-01,064,EL FACTOR (EMA),MARÍA TRINIDAD SÁNCHEZ,INTEC,EMAP,32.3,24.7,0.8,https://indomet.gob.do/wp-content/uploads/2025/11/temperaturas-extremas-y-precipitaciones-2025x11x01-a.pdf
2025-11-01,065,PEDERNALES,PEDERNALES,INDRHI,EMCI,,,0.5,https://indomet.gob.do/wp-content/uploads/2025/11/temperaturas-extremas-y-precipitaciones-2025x11x01-a.pdf
2025-11-01,066,VILLA GONZALE (EMA),SANTIAGO,IGLESIA,EMAI,,,0.4,https://indomet.gob.do/wp-content/uploads/2025/11/temperaturas-extremas-y-precipitaciones-2025x11x01-a.pdf
2025-11-01,067,VILLA VASQUEZ (EMA),MONTE CRISTI,JUNTA DE REGANTES,EMAI,,,0.4,https://indomet.gob.do/wp-content/uploads/2025/11/temperaturas-extremas-y-precipitaciones-2025x11x01-a.pdf
2025-11-01,068,VILLA GONZALES,SANTIAGO,MINISTERIO DE AGRICULTURA,EMCI,,,0.3,https://indomet.gob.do/wp-content/uploads/2025/11/temperaturas-extremas-y-precipitaciones-2025x11x01-a.pdf
2025-11-01,069,ESCONDIDO,PERAVIA,MINISTERIO DE AGRICULTURA,EMCV,31.0,23.0,0.3,https://indomet.gob.do/wp-content/uploads/2025/11/temperaturas-extremas-y-precipitaciones-2025x11x01-a.pdf
2025-11-01,070,BOCA DE MAO (EMA),VALVERDE,MINISTERIO DE AGRICULTURA,EMAP,34.3,24.7,0.2,https://indomet.gob.do/wp-content/uploads/2025/11/temperaturas-extremas-y-precipitaciones-2025x11x01-a.pdf
2025-11-01,071,JANICO (EMA),LA VEGA,PLAN SIERRA,EMAI,,,0.2,https://indomet.gob.do/wp-content/uploads/2025/11/temperaturas-extremas-y-precipitaciones-2025x11x01-a.pdf
2025-11-01,072,SABANETA (EMA),SANTIAGO RODRÍGUEZ,PROGRAMA MUNDIAL DE ALIMENTO,EMAP,34.3,22.9,0.2,https://indomet.gob.do/wp-content/uploads/2025/11/temperaturas-extremas-y-precipitaciones-2025x11x01-a.pdf
2025-11-01,073,JIMANÍ,INDEPENDENCIA,MINISTERIO DE AGRICULTURA,EMCI,32.2,23.2,0.1,https://indomet.gob.do/wp-content/uploads/2025/11/temperaturas-extremas-y-precipitaciones-2025x11x01-a.pdf
2025-11-01,074,DAJABÓN,DAJABÓN,INSTITUTO POLITÉCNICO LOYOLA,EMCI,33.8,19.2,0.0,https://indomet.gob.do/wp-content/uploads/2025/11/temperaturas-extremas-y-precipitaciones-2025x11x01-a.pdf
2025-11-01,075,ELÍAS PIÑA,ELÍAS PIÑA,MINISTERIO DE AGRICULTURA,EMCV,,,0.0,https://indomet.gob.do/wp-content/uploads/2025/11/temperaturas-extremas-y-precipitaciones-2025x11x01-a.pdf
2025-11-01,076,JARDÍN BOTÁNICO SANTIAGO (EMSANTIAGO,,JARDIN BOTANICO SANTIAGO,EMAI,32.4,23.9,0.0,https://indomet.gob.do/wp-content/uploads/2025/11/temperaturas-extremas-y-precipitaciones-2025x11x01-a.pdf
2025-11-01,077,LAS CANAS (EMA),MONTE CRISTI,PROGRAMA MUNDIAL DE ALIMENTO,EMAP,28.9,23.7,0.0,https://indomet.gob.do/wp-content/uploads/2025/11/temperaturas-extremas-y-precipitaciones-2025x11x01-a.pdf
2025-11-01,078,PESCADERIA (EMA),BARAHONA,MINISTERIO DE AGRICULTURA,EMAP,,,0.0,https://indomet.gob.do/wp-content/uploads/2025/11/temperaturas-extremas-y-precipitaciones-2025x11x01-a.pdf
2025-11-01,079,RESTAURACIÓN,DAJABÓN,MINISTERIO DE AGRICULTURA,EMCI,29.0,18.3,0.0,https://indomet.gob.do/wp-content/uploads/2025/11/temperaturas-extremas-y-precipitaciones-2025x11x01-a.pdf
2025-11-01,080,SAJOMA (EMA),SANTIAGO,PLAN SIERRA,EMAI,30.9,21.8,0.0,https://indomet.gob.do/wp-content/uploads/2025/11/temperaturas-extremas-y-precipitaciones-2025x11x01-a.pdf
2025-11-02,001,ARPT. MARÍA MONTEZ,BARAHONA,INDOMET,EMCI,28.0,23.0,149.0,https://indomet.gob.do/wp-content/uploads/2025/11/temperaturas-extremas-y-precipitaciones-2025x11x02-a-1.pdf
2025-11-02,002,POLO,BARAHONA,INDOCAFE,EMCI,26.5,16.5,86.2,https://indomet.gob.do/wp-content/uploads/2025/11/temperaturas-extremas-y-precipitaciones-2025x11x02-a-1.pdf
2025-11-02,003,ARPT. DE LAS AMÉRICAS,SANTO DOMINGO,INDOMET,EMCI,31.0,23.6,82.1,https://indomet.gob.do/wp-content/uploads/2025/11/temperaturas-extremas-y-precipitaciones-2025x11x02-a-1.pdf
2025-11-02,004,BASE AÉREA DE SAN ISIDRO,SANTO DOMINGO,FUERZA AÉREA DOMINICANA,EMCV,32.5,22.8,65.1,https://indomet.gob.do/wp-content/uploads/2025/11/temperaturas-extremas-y-precipitaciones-2025x11x02-a-1.pdf
2025-11-02,005,PADRE LAS CASAS,AZUA,HOSP. NTRA. SRA. DEL CARMEN,EMCI,26.8,15.0,32.6,https://indomet.gob.do/wp-content/uploads/2025/11/temperaturas-extremas-y-precipitaciones-2025x11x02-a-1.pdf
2025-11-02,006,ARPT. LA ISABELA,SANTO DOMINGO,INDOMET,EMCI,31.0,21.8,27.7,https://indomet.gob.do/wp-content/uploads/2025/11/temperaturas-extremas-y-precipitaciones-2025x11x02-a-1.pdf
2025-11-02,007,SAN FRANCISCO DE MACORÍS,DUARTE,San Francisco de Macorís (UASD),EMCI,30.3,23.8,23.4,https://indomet.gob.do/wp-content/uploads/2025/11/temperaturas-extremas-y-precipitaciones-2025x11x02-a-1.pdf
2025-11-02,008,SABANA GRANDE DE BOYÁ,MONTE PLATA,MINISTERIO DE AGRICULTURA,EMCV,,,21.6,https://indomet.gob.do/wp-content/uploads/2025/11/temperaturas-extremas-y-precipitaciones-2025x11x02-a-1.pdf
2025-11-02,009,ALTO BANDERA (EMA),LA VEGA,INTEC,EMAP,12.0,6.2,20.1,https://indomet.gob.do/wp-content/uploads/2025/11/temperaturas-extremas-y-precipitaciones-2025x11x02-a-1.pdf
2025-11-02,010,JUMA BEJUCAL,MONSEÑOR NOUEL,IDIAF,EMCV,29.6,20.6,16.9,https://indomet.gob.do/wp-content/uploads/2025/11/temperaturas-extremas-y-precipitaciones-2025x11x02-a-1.pdf
2025-11-02,011,SALCEDO,HERMANAS MIRABAL,PROPIEDAD DEL EMPLEADO,EMCI,,,16.5,https://indomet.gob.do/wp-content/uploads/2025/11/temperaturas-extremas-y-precipitaciones-2025x11x02-a-1.pdf
2025-11-02,012,JARDÍN BOTÁNICO NACIONAL,DISTRITO NACIONAL,JARDÍN BOTÁNICO NACIONAL,EMCV,30.5,21.7,15.2,https://indomet.gob.do/wp-content/uploads/2025/11/temperaturas-extremas-y-precipitaciones-2025x11x02-a-1.pdf
2025-11-02,013,ENRIQUILLO,BARAHONA,MINISTERIO DE AGRICULTURA,EMCV,31.0,21.5,14.0,https://indomet.gob.do/wp-content/uploads/2025/11/temperaturas-extremas-y-precipitaciones-2025x11x02-a-1.pdf
2025-11-02,014,CONSTANZA (EMA),LA VEGA,PROGRAMA MUNDIAL DE ALIMENTO,EMAP,22.9,10.7,13.4,https://indomet.gob.do/wp-content/uploads/2025/11/temperaturas-extremas-y-precipitaciones-2025x11x02-a-1.pdf
2025-11-02,015,RANCHO ARRIBA,SAN JOSÉ DE OCOA,CENTRO TECNOLÓGICO COMUNITARIO,EMCI,26.4,14.5,13.4,https://indomet.gob.do/wp-content/uploads/2025/11/temperaturas-extremas-y-precipitaciones-2025x11x02-a-1.pdf
2025-11-02,016,ARROYO LORO,SAN JUAN,IDIAF,EMCI,27.2,15.2,13.1,https://indomet.gob.do/wp-content/uploads/2025/11/temperaturas-extremas-y-precipitaciones-2025x11x02-a-1.pdf
2025-11-02,017,LA VICTORIA,SANTO DOMINGO,CUERPO DE BOMBEROS,EMCI,32.3,23.0,11.5,https://indomet.gob.do/wp-content/uploads/2025/11/temperaturas-extremas-y-precipitaciones-2025x11x02-a-1.pdf
2025-11-02,018,TAMBORIL,SANTIAGO,MINISTERIO DE AGRICULTURA,EMCV,,,11.4,https://indomet.gob.do/wp-content/uploads/2025/11/temperaturas-extremas-y-precipitaciones-2025x11x02-a-1.pdf
2025-11-02,019,JARABACOA (EMA),LA VEGA,PROGRAMA MUNDIAL DE ALIMENTO,EMAP,25.3,16.2,10.6,https://indomet.gob.do/wp-content/uploads/2025/11/temperaturas-extremas-y-precipitaciones-2025x11x02-a-1.pdf
2025-11-02,020,OVIEDO,PEDERNALES,CLÍNICA RURAL OVIEDO,EMCI,32.5,22.0,10.2,https://indomet.gob.do/wp-content/uploads/2025/11/temperaturas-extremas-y-precipitaciones-2025x11x02-a-1.pdf
2025-11-02,021,JARABACOA,LA VEGA,INDRHI / MARENA,EMCI,26.0,14.6,9.8,https://indomet.gob.do/wp-content/uploads/2025/11/temperaturas-extremas-y-precipitaciones-2025x11x02-a-1.pdf
2025-11-02,022,CONSTANZA,LA VEGA,MINISTERIO DE AGRICULTURA,EMCI,25.6,9.6,8.4,https://indomet.gob.do/wp-content/uploads/2025/11/temperaturas-extremas-y-precipitaciones-2025x11x02-a-1.pdf
2025-11-02,023,VALLE NUEVO (EMA),LA VEGA,MARENA,EMAI,16.8,10.7,8.4,https://indomet.gob.do/wp-content/uploads/2025/11/temperaturas-extremas-y-precipitaciones-2025x11x02-a-1.pdf
2025-11-02,024,ELÍAS PIÑA,ELÍAS PIÑA,MINISTERIO DE AGRICULTURA,EMCV,,,8.0,https://indomet.gob.do/wp-content/uploads/2025/11/temperaturas-extremas-y-precipitaciones-2025x11x02-a-1.pdf
2025-11-02,025,PRESA DE TAVERAS (EMA),LA VEGA,PROGRAMA MUNDIAL DE ALIMENTO,EMAP,26.6,18.9,7.4,https://indomet.gob.do/wp-content/uploads/2025/11/temperaturas-extremas-y-precipitaciones-2025x11x02-a-1.pdf
2025-11-02,026,SAN JOSÉ DE OCOA,SAN JOSÉ DE OCOA,HOSP. SAN JOSÉ DE OCOA,EMCI,28.4,17.3,7.2,https://indomet.gob.do/wp-content/uploads/2025/11/temperaturas-extremas-y-precipitaciones-2025x11x02-a-1.pdf
2025-11-02,027,SANTO DOMINGO ESTE,SANTO DOMINGO,INDOMET,EMCI,32.0,24.5,6.7,https://indomet.gob.do/wp-content/uploads/2025/11/temperaturas-extremas-y-precipitaciones-2025x11x02-a-1.pdf
2025-11-02,028,LA VEGA,LA VEGA,IATESA,EMCI,28.5,19.8,6.5,https://indomet.gob.do/wp-content/uploads/2025/11/temperaturas-extremas-y-precipitaciones-2025x11x02-a-1.pdf
2025-11-02,029,SANTIAGO RODRÍGUEZ,SANTIAGO RODRÍGUEZ,INDOMET,EMCI,27.3,20.0,6.5,https://indomet.gob.do/wp-content/uploads/2025/11/temperaturas-extremas-y-precipitaciones-2025x11x02-a-1.pdf
2025-11-02,030,VILLA RIVA,DUARTE,HOSP. MPAL. ALICIA DE LEGENDRE,EMCI,30.0,21.0,6.5,https://indomet.gob.do/wp-content/uploads/2025/11/temperaturas-extremas-y-precipitaciones-2025x11x02-a-1.pdf
2025-11-02,031,SABANETA (EMA),SANTIAGO RODRÍGUEZ,PROGRAMA MUNDIAL DE ALIMENTO,EMAP,25.8,19.1,6.4,https://indomet.gob.do/wp-content/uploads/2025/11/temperaturas-extremas-y-precipitaciones-2025x11x02-a-1.pdf
2025-11-02,032,ARPT. DEL CIBAO,SANTIAGO,INDOMET,EMCI,28.2,23.5,6.0,https://indomet.gob.do/wp-content/uploads/2025/11/temperaturas-extremas-y-precipitaciones-2025x11x02-a-1.pdf
2025-11-02,033,JIMA ABAJO,LA VEGA,INDOMET,EMCI,33.0,22.4,6.0,https://indomet.gob.do/wp-content/uploads/2025/11/temperaturas-extremas-y-precipitaciones-2025x11x02-a-1.pdf
2025-11-02,034,ARPT. DE PUNTA CANA,LA ALTAGRACIA,INDOMET,EMCI,31.5,22.3,5.0,https://indomet.gob.do/wp-content/uploads/2025/11/temperaturas-extremas-y-precipitaciones-2025x11x02-a-1.pdf
2025-11-02,035,SAJOMA (EMA),SANTIAGO,PLAN SIERRA,EMAI,,,4.8,https://indomet.gob.do/wp-content/uploads/2025/11/temperaturas-extremas-y-precipitaciones-2025x11x02-a-1.pdf
2025-11-02,036,PERALTA,AZUA,HOSP. MPAL. DE PERALTA,EMCI,28.8,15.0,4.6,https://indomet.gob.do/wp-content/uploads/2025/11/temperaturas-extremas-y-precipitaciones-2025x11x02-a-1.pdf
2025-11-02,037,CENTRO DE LOS HEROES (EMA),DISTRITO NACIONAL,MINISTERIO DE ENERGIA Y MINA,EMAP,31.2,25.6,4.4,https://indomet.gob.do/wp-content/uploads/2025/11/temperaturas-extremas-y-precipitaciones-2025x11x02-a-1.pdf
2025-11-02,038,MONCIÓN (EMA),SANTIAGO RODRÍGUEZ,PROGRAMA MUNDIAL DE ALIMENTO,EMAP,,,4.4,https://indomet.gob.do/wp-content/uploads/2025/11/temperaturas-extremas-y-precipitaciones-2025x11x02-a-1.pdf
2025-11-02,039,PONTÓN ABAJO (EMA),LA VEGA,MINISTERIO DE AGRICULTURA,EMAP,28.3,19.9,4.4,https://indomet.gob.do/wp-content/uploads/2025/11/temperaturas-extremas-y-precipitaciones-2025x11x02-a-1.pdf
2025-11-02,040,SANTIAGO,SANTIAGO,HUACALITO,EMCI,,,4.4,https://indomet.gob.do/wp-content/uploads/2025/11/temperaturas-extremas-y-precipitaciones-2025x11x02-a-1.pdf
2025-11-02,041,GURABO,SANTIAGO,MINISTERIO DE AGRICULTURA,EMCV,,,4.3,https://indomet.gob.do/wp-content/uploads/2025/11/temperaturas-extremas-y-precipitaciones-2025x11x02-a-1.pdf
2025-11-02,042,BAYAGUANA,MONTE PLATA,INDOMET,EMCI,31.4,23.8,3.7,https://indomet.gob.do/wp-content/uploads/2025/11/temperaturas-extremas-y-precipitaciones-2025x11x02-a-1.pdf
2025-11-02,043,ANAMUYA (EMA),LA ALTAGRACIA,MINISTERIO DE AGRICULTURA,EMAP,31.9,23.7,3.2,https://indomet.gob.do/wp-content/uploads/2025/11/temperaturas-extremas-y-precipitaciones-2025x11x02-a-1.pdf
2025-11-02,044,JARDÍN BOTÁNICO SANTIAGO (EMSANTIAGO,,JARDIN BOTANICO SANTIAGO,EMAI,27.6,23.6,3.0,https://indomet.gob.do/wp-content/uploads/2025/11/temperaturas-extremas-y-precipitaciones-2025x11x02-a-1.pdf
2025-11-02,045,BONAO,MONSEÑOR NOUEL,MINISTERIO DE AGRICULTURA,EMCV,,,2.5,https://indomet.gob.do/wp-content/uploads/2025/11/temperaturas-extremas-y-precipitaciones-2025x11x02-a-1.pdf
2025-11-02,046,VILLA GONZALES,SANTIAGO,MINISTERIO DE AGRICULTURA,EMCI,,,2.5,https://indomet.gob.do/wp-content/uploads/2025/11/temperaturas-extremas-y-precipitaciones-2025x11x02-a-1.pdf
2025-11-02,047,OLIVARES,PEDERNALES,INDRHI,EMCI,,,2.5,https://indomet.gob.do/wp-content/uploads/2025/11/temperaturas-extremas-y-precipitaciones-2025x11x02-a-1.pdf
2025-11-02,048,GASPAR HERNÁNDEZ,ESPAILLAT,PROPIEDAD DEL EMPLEADO,EMCI,,,2.4,https://indomet.gob.do/wp-content/uploads/2025/11/temperaturas-extremas-y-precipitaciones-2025x11x02-a-1.pdf
2025-11-02,049,HONDO VALLE,ELÍAS PIÑA,MINISTERIO DE AGRICULTURA,EMCI,25.2,17.6,2.3,https://indomet.gob.do/wp-content/uploads/2025/11/temperaturas-extremas-y-precipitaciones-2025x11x02-a-1.pdf
2025-11-02,050,DAJABÓN,DAJABÓN,INSTITUTO POLITÉCNICO LOYOLA,EMCI,34.0,19.7,2.1,https://indomet.gob.do/wp-content/uploads/2025/11/temperaturas-extremas-y-precipitaciones-2025x11x02-a-1.pdf
2025-11-02,051,ARPT. EL CATEY,SAMANÁ,INDOMET,EMCI,31.0,24.0,2.0,https://indomet.gob.do/wp-content/uploads/2025/11/temperaturas-extremas-y-precipitaciones-2025x11x02-a-1.pdf
2025-11-02,052,JIMANÍ,INDEPENDENCIA,MINISTERIO DE AGRICULTURA,EMCI,28.0,23.6,1.5,https://indomet.gob.do/wp-content/uploads/2025/11/temperaturas-extremas-y-precipitaciones-2025x11x02-a-1.pdf
2025-11-02,053,ALTAMIRA,PUERTO PLATA,HOSP. MPAL. DE ALTAMIRA,EMCI,26.2,19.4,1.4,https://indomet.gob.do/wp-content/uploads/2025/11/temperaturas-extremas-y-precipitaciones-2025x11x02-a-1.pdf
2025-11-02,054,ARPT. GREGORIO LUPERÓN,PUERTO PLATA,INDOMET,EMCI,28.0,22.6,1.4,https://indomet.gob.do/wp-content/uploads/2025/11/temperaturas-extremas-y-precipitaciones-2025x11x02-a-1.pdf
2025-11-02,055,MICHES (EMA),EL SEIBO,PRIVADA,EMAP,33.8,23.1,1.4,https://indomet.gob.do/wp-content/uploads/2025/11/temperaturas-extremas-y-precipitaciones-2025x11x02-a-1.pdf
2025-11-02,056,RESTAURACIÓN,DAJABÓN,MINISTERIO DE AGRICULTURA,EMCI,28.9,14.5,1.1,https://indomet.gob.do/wp-content/uploads/2025/11/temperaturas-extremas-y-precipitaciones-2025x11x02-a-1.pdf
2025-11-02,057,EL FACTOR (EMA),MARÍA TRINIDAD SÁNCHEZ,INTEC,EMAP,31.7,22.3,1.0,https://indomet.gob.do/wp-content/uploads/2025/11/temperaturas-extremas-y-precipitaciones-2025x11x02-a-1.pdf
2025-11-02,058,PEDERNALES,PEDERNALES,INDRHI,EMCI,,,1.0,https://indomet.gob.do/wp-content/uploads/2025/11/temperaturas-extremas-y-precipitaciones-2025x11x02-a-1.pdf
2025-11-02,059,RÍO SAN JUAN,MARÍA TRINIDAD SÁNCHEZ,HOSP. MPAL. DR. DESIDERIO ACOSTA,EMCV,30.2,23.0,0.8,https://indomet.gob.do/wp-content/uploads/2025/11/temperaturas-extremas-y-precipitaciones-2025x11x02-a-1.pdf
2025-11-02,060,HATO MAYOR,HATO MAYOR,MINISTERIO DE AGRICULTURA,EMCV,,,0.5,https://indomet.gob.do/wp-content/uploads/2025/11/temperaturas-extremas-y-precipitaciones-2025x11x02-a-1.pdf
2025-11-02,061,PALO ÍNDIO,PUERTO PLATA,MINISTERIO DE AGRICULTURA,EMCI,,,0.5,https://indomet.gob.do/wp-content/uploads/2025/11/temperaturas-extremas-y-precipitaciones-2025x11x02-a-1.pdf
2025-11-02,062,MAO,VALVERDE,INDRHI / MINISTERIO DE AGRICULTURA,EMCV,,,0.5,https://indomet.gob.do/wp-content/uploads/2025/11/temperaturas-extremas-y-precipitaciones-2025x11x02-a-1.pdf
2025-11-02,063,CABRERA,MARÍA TRINIDAD SÁNCHEZ,ESCUELA ARÍSTIDES FIALLO CABRAL,EMCI,30.0,25.0,0.4,https://indomet.gob.do/wp-content/uploads/2025/11/temperaturas-extremas-y-precipitaciones-2025x11x02-a-1.pdf
2025-11-02,064,SABANA DE LA MAR,HATO MAYOR,INDOMET,EMCI,34.5,22.0,0.4,https://indomet.gob.do/wp-content/uploads/2025/11/temperaturas-extremas-y-precipitaciones-2025x11x02-a-1.pdf
2025-11-02,065,SAN RAFAEL DEL YUMA,LA ALTAGRACIA,MINISTERIO DE AGRICULTURA,EMCI,31.4,23.2,0.3,https://indomet.gob.do/wp-content/uploads/2025/11/temperaturas-extremas-y-precipitaciones-2025x11x02-a-1.pdf
2025-11-02,066,ARPT. DE LA ROMANA,LA ROMANA,INDOMET,EMCI,31.6,23.0,0.2,https://indomet.gob.do/wp-content/uploads/2025/11/temperaturas-extremas-y-precipitaciones-2025x11x02-a-1.pdf
2025-11-02,067,BOCA DE MAO (EMA),VALVERDE,MINISTERIO DE AGRICULTURA,EMAP,26.8,19.2,0.2,https://indomet.gob.do/wp-content/uploads/2025/11/temperaturas-extremas-y-precipitaciones-2025x11x02-a-1.pdf
2025-11-02,068,ARPT. ARROYO BARRIL,SAMANÁ,INDOMET,EMCI,30.6,23.9,0.0,https://indomet.gob.do/wp-content/uploads/2025/11/temperaturas-extremas-y-precipitaciones-2025x11x02-a-1.pdf
2025-11-02,069,LAS CANAS (EMA),MONTE CRISTI,PROGRAMA MUNDIAL DE ALIMENTO,EMAP,26.1,21.5,0.0,https://indomet.gob.do/wp-content/uploads/2025/11/temperaturas-extremas-y-precipitaciones-2025x11x02-a-1.pdf
2025-11-02,070,LOS LLANOS,SAN PEDRO DE MACORÍS,MINISTERIO DE AGRICULTURA,EMCI,31.5,22.2,0.0,https://indomet.gob.do/wp-content/uploads/2025/11/temperaturas-extremas-y-precipitaciones-2025x11x02-a-1.pdf
2025-11-02,071,MONTE CRISTI,MONTE CRISTI,INDOMET,EMCI,27.7,24.5,0.0,https://indomet.gob.do/wp-content/uploads/2025/11/temperaturas-extremas-y-precipitaciones-2025x11x02-a-1.pdf
2025-11-02,072,PESCADERIA (EMA),BARAHONA,MINISTERIO DE AGRICULTURA,EMAP,,,0.0,https://indomet.gob.do/wp-content/uploads/2025/11/temperaturas-extremas-y-precipitaciones-2025x11x02-a-1.pdf
2025-11-02,073,SAMANÁ,SAMANÁ,COMANDANCIA DE PUERTO DE SAMANÁ,EMCI,32.8,21.0,0.0,https://indomet.gob.do/wp-content/uploads/2025/11/temperaturas-extremas-y-precipitaciones-2025x11x02-a-1.pdf
2025-11-02,074,SAN CRISTÓBAL,SAN CRISTÓBAL,INSTITUTO POLITÉCNICO LOYOLA,EMCI,32.2,22.0,0.0,https://indomet.gob.do/wp-content/uploads/2025/11/temperaturas-extremas-y-precipitaciones-2025x11x02-a-1.pdf
2025-11-02,075,BUCARA (EMA),SANTIAGO,MINISTERIO DE AGRICULTURA,EMAI,,,0.0,https://indomet.gob.do/wp-content/uploads/2025/11/temperaturas-extremas-y-precipitaciones-2025x11x02-a-1.pdf
2025-11-02,076,JANICO (EMA),LA VEGA,PLAN SIERRA,EMAI,,,0.0,https://indomet.gob.do/wp-content/uploads/2025/11/temperaturas-extremas-y-precipitaciones-2025x11x02-a-1.pdf
2025-11-02,077,VILLA GONZALE (EMA),SANTIAGO,IGLESIA,EMAI,,,0.0,https://indomet.gob.do/wp-content/uploads/2025/11/temperaturas-extremas-y-precipitaciones-2025x11x02-a-1.pdf
2025-11-02,078,VILLA VASQUEZ (EMA),MONTE CRISTI,JUNTA DE REGANTES,EMAI,,,0.0,https://indomet.gob.do/wp-content/uploads/2025/11/temperaturas-extremas-y-precipitaciones-2025x11x02-a-1.pdf
2025-11-02,079,TÁBARA ABAJO,AZUA,INDRHI,EMCI,33.9,20.5,0.0,https://indomet.gob.do/wp-content/uploads/2025/11/temperaturas-extremas-y-precipitaciones-2025x11x02-a-1.pdf
2025-11-03,001,JARDÍN BOTÁNICO NACIONAL,DISTRITO NACIONAL,JARDÍN BOTÁNICO NACIONAL,EMCV,30.6,22.4,44.4,https://indomet.gob.do/wp-content/uploads/2025/11/temperaturas-extremas-y-precipitaciones-2025x11x03-a.pdf
2025-11-03,002,ANAMUYA (EMA),LA ALTAGRACIA,MINISTERIO DE AGRICULTURA,EMAP,30.5,24.4,25.8,https://indomet.gob.do/wp-content/uploads/2025/11/temperaturas-extremas-y-precipitaciones-2025x11x03-a.pdf
2025-11-03,003,PESCADERIA (EMA),BARAHONA,MINISTERIO DE AGRICULTURA,EMAP,,,25.6,https://indomet.gob.do/wp-content/uploads/2025/11/temperaturas-extremas-y-precipitaciones-2025x11x03-a.pdf
2025-11-03,004,CENTRO DE LOS HEROES (EMA),DISTRITO NACIONAL,MINISTERIO DE ENERGIA Y MINA,EMAP,33.3,25.6,24.8,https://indomet.gob.do/wp-content/uploads/2025/11/temperaturas-extremas-y-precipitaciones-2025x11x03-a.pdf
2025-11-03,005,MICHES (EMA),EL SEIBO,PRIVADA,EMAP,30.9,23.8,24.5,https://indomet.gob.do/wp-content/uploads/2025/11/temperaturas-extremas-y-precipitaciones-2025x11x03-a.pdf
2025-11-03,006,JIMA ABAJO,LA VEGA,INDOMET,EMCI,30.5,21.7,21.6,https://indomet.gob.do/wp-content/uploads/2025/11/temperaturas-extremas-y-precipitaciones-2025x11x03-a.pdf
2025-11-03,007,ARPT. EL CATEY,SAMANÁ,INDOMET,EMCI,30.0,22.5,18.3,https://indomet.gob.do/wp-content/uploads/2025/11/temperaturas-extremas-y-precipitaciones-2025x11x03-a.pdf
2025-11-03,008,BONAO,MONSEÑOR NOUEL,MINISTERIO DE AGRICULTURA,EMCV,,,18.3,https://indomet.gob.do/wp-content/uploads/2025/11/temperaturas-extremas-y-precipitaciones-2025x11x03-a.pdf
2025-11-03,009,VILLA ALTAGRACIA,SAN CRISTÓBAL,ESCUELA JAVIER ANGULO GURIDI,EMCI,,,16.8,https://indomet.gob.do/wp-content/uploads/2025/11/temperaturas-extremas-y-precipitaciones-2025x11x03-a.pdf
2025-11-03,010,JUMA BEJUCAL,MONSEÑOR NOUEL,IDIAF,EMCV,31.8,23.0,16.5,https://indomet.gob.do/wp-content/uploads/2025/11/temperaturas-extremas-y-precipitaciones-2025x11x03-a.pdf
2025-11-03,011,JARABACOA,LA VEGA,INDRHI / MARENA,EMCI,30.4,15.0,13.2,https://indomet.gob.do/wp-content/uploads/2025/11/temperaturas-extremas-y-precipitaciones-2025x11x03-a.pdf
2025-11-03,012,ARPT. DE PUNTA CANA,LA ALTAGRACIA,INDOMET,EMCI,31.2,21.5,12.3,https://indomet.gob.do/wp-content/uploads/2025/11/temperaturas-extremas-y-precipitaciones-2025x11x03-a.pdf
2025-11-03,013,SAMANÁ,SAMANÁ,COMANDANCIA DE PUERTO DE SAMANÁ,EMCI,32.0,20.5,10.6,https://indomet.gob.do/wp-content/uploads/2025/11/temperaturas-extremas-y-precipitaciones-2025x11x03-a.pdf
2025-11-03,014,LA VICTORIA,SANTO DOMINGO,CUERPO DE BOMBEROS,EMCI,32.0,23.4,10.5,https://indomet.gob.do/wp-content/uploads/2025/11/temperaturas-extremas-y-precipitaciones-2025x11x03-a.pdf
2025-11-03,015,RÍO SAN JUAN,MARÍA TRINIDAD SÁNCHEZ,HOSP. MPAL. DR. DESIDERIO ACOSTA,EMCV,32.9,23.9,10.4,https://indomet.gob.do/wp-content/uploads/2025/11/temperaturas-extremas-y-precipitaciones-2025x11x03-a.pdf
2025-11-03,016,SALCEDO,HERMANAS MIRABAL,PROPIEDAD DEL EMPLEADO,EMCI,,,10.3,https://indomet.gob.do/wp-content/uploads/2025/11/temperaturas-extremas-y-precipitaciones-2025x11x03-a.pdf
2025-11-03,017,COTUÍ,SÁNCHEZ RAMÍREZ,HOSP. INMACULADA CONCEPCIÓN,EMCV,,,9.4,https://indomet.gob.do/wp-content/uploads/2025/11/temperaturas-extremas-y-precipitaciones-2025x11x03-a.pdf
2025-11-03,018,SÁNCHEZ,SAMANÁ,MINISTERIO DE AGRICULTURA,EMCI,31.4,22.5,9.4,https://indomet.gob.do/wp-content/uploads/2025/11/temperaturas-extremas-y-precipitaciones-2025x11x03-a.pdf
2025-11-03,019,ARPT. ARROYO BARRIL,SAMANÁ,INDOMET,EMCI,32.5,23.5,9.2,https://indomet.gob.do/wp-content/uploads/2025/11/temperaturas-extremas-y-precipitaciones-2025x11x03-a.pdf
2025-11-03,020,SABANA DE LA MAR,HATO MAYOR,INDOMET,EMCI,31.0,23.0,9.2,https://indomet.gob.do/wp-content/uploads/2025/11/temperaturas-extremas-y-precipitaciones-2025x11x03-a.pdf
2025-11-03,021,ARPT. DE LAS AMÉRICAS,SANTO DOMINGO,INDOMET,EMCI,31.5,23.0,6.5,https://indomet.gob.do/wp-content/uploads/2025/11/temperaturas-extremas-y-precipitaciones-2025x11x03-a.pdf
2025-11-03,022,ARPT. GREGORIO LUPERÓN,PUERTO PLATA,INDOMET,EMCI,32.4,20.5,5.7,https://indomet.gob.do/wp-content/uploads/2025/11/temperaturas-extremas-y-precipitaciones-2025x11x03-a.pdf
2025-11-03,023,ALTO BANDERA (EMA),LA VEGA,INTEC,EMAP,13.6,6.7,5.6,https://indomet.gob.do/wp-content/uploads/2025/11/temperaturas-extremas-y-precipitaciones-2025x11x03-a.pdf
2025-11-03,024,RANCHO ARRIBA,SAN JOSÉ DE OCOA,CENTRO TECNOLÓGICO COMUNITARIO,EMCI,29.1,16.2,5.2,https://indomet.gob.do/wp-content/uploads/2025/11/temperaturas-extremas-y-precipitaciones-2025x11x03-a.pdf
2025-11-03,025,BASE AÉREA DE SAN ISIDRO,SANTO DOMINGO,FUERZA AÉREA DOMINICANA,EMCV,32.5,23.0,5.0,https://indomet.gob.do/wp-content/uploads/2025/11/temperaturas-extremas-y-precipitaciones-2025x11x03-a.pdf
2025-11-03,026,VILLA RIVA,DUARTE,HOSP. MPAL. ALICIA DE LEGENDRE,EMCI,31.0,22.0,4.3,https://indomet.gob.do/wp-content/uploads/2025/11/temperaturas-extremas-y-precipitaciones-2025x11x03-a.pdf
2025-11-03,027,ARPT. LA ISABELA,SANTO DOMINGO,INDOMET,EMCI,32.0,21.5,3.9,https://indomet.gob.do/wp-content/uploads/2025/11/temperaturas-extremas-y-precipitaciones-2025x11x03-a.pdf
2025-11-03,028,SABANA GRANDE DE BOYÁ,MONTE PLATA,MINISTERIO DE AGRICULTURA,EMCV,,,3.8,https://indomet.gob.do/wp-content/uploads/2025/11/temperaturas-extremas-y-precipitaciones-2025x11x03-a.pdf
2025-11-03,029,PONTÓN ABAJO (EMA),LA VEGA,MINISTERIO DE AGRICULTURA,EMAP,33.2,22.9,3.2,https://indomet.gob.do/wp-content/uploads/2025/11/temperaturas-extremas-y-precipitaciones-2025x11x03-a.pdf
2025-11-03,030,VALLE NUEVO (EMA),LA VEGA,MARENA,EMAI,31.4,23.4,3.2,https://indomet.gob.do/wp-content/uploads/2025/11/temperaturas-extremas-y-precipitaciones-2025x11x03-a.pdf
2025-11-03,031,LA VEGA,LA VEGA,IATESA,EMCI,32.5,22.5,2.7,https://indomet.gob.do/wp-content/uploads/2025/11/temperaturas-extremas-y-precipitaciones-2025x11x03-a.pdf
2025-11-03,032,CONSTANZA,LA VEGA,MINISTERIO DE AGRICULTURA,EMCI,25.5,12.0,2.2,https://indomet.gob.do/wp-content/uploads/2025/11/temperaturas-extremas-y-precipitaciones-2025x11x03-a.pdf
2025-11-03,033,LOS JENGIBRES,NAGUA,INDRHI,EMCI,,,2.1,https://indomet.gob.do/wp-content/uploads/2025/11/temperaturas-extremas-y-precipitaciones-2025x11x03-a.pdf
2025-11-03,034,CONSTANZA (EMA),LA VEGA,PROGRAMA MUNDIAL DE ALIMENTO,EMAP,24.9,15.9,2.0,https://indomet.gob.do/wp-content/uploads/2025/11/temperaturas-extremas-y-precipitaciones-2025x11x03-a.pdf
2025-11-03,035,SANTO DOMINGO ESTE,SANTO DOMINGO,INDOMET,EMCI,33.6,24.4,2.0,https://indomet.gob.do/wp-content/uploads/2025/11/temperaturas-extremas-y-precipitaciones-2025x11x03-a.pdf
2025-11-03,036,CABRERA,MARÍA TRINIDAD SÁNCHEZ,ESCUELA ARÍSTIDES FIALLO CABRAL,EMCI,33.0,25.4,1.0,https://indomet.gob.do/wp-content/uploads/2025/11/temperaturas-extremas-y-precipitaciones-2025x11x03-a.pdf
2025-11-03,037,EL FACTOR (EMA),MARÍA TRINIDAD SÁNCHEZ,INTEC,EMAP,31.4,23.4,1.0,https://indomet.gob.do/wp-content/uploads/2025/11/temperaturas-extremas-y-precipitaciones-2025x11x03-a.pdf
2025-11-03,038,TAMBORIL,SANTIAGO,MINISTERIO DE AGRICULTURA,EMCV,,,0.8,https://indomet.gob.do/wp-content/uploads/2025/11/temperaturas-extremas-y-precipitaciones-2025x11x03-a.pdf
2025-11-03,039,ARPT. DEL CIBAO,SANTIAGO,INDOMET,EMCI,31.5,19.4,0.7,https://indomet.gob.do/wp-content/uploads/2025/11/temperaturas-extremas-y-precipitaciones-2025x11x03-a.pdf
2025-11-03,040,ARPT. DE LA ROMANA,LA ROMANA,INDOMET,EMCI,32.0,23.0,0.5,https://indomet.gob.do/wp-content/uploads/2025/11/temperaturas-extremas-y-precipitaciones-2025x11x03-a.pdf
2025-11-03,041,ALTAMIRA,PUERTO PLATA,HOSP. MPAL. DE ALTAMIRA,EMCI,31.0,20.1,0.4,https://indomet.gob.do/wp-content/uploads/2025/11/temperaturas-extremas-y-precipitaciones-2025x11x03-a.pdf
2025-11-03,042,PERALTA,AZUA,HOSP. MPAL. DE PERALTA,EMCI,30.0,15.8,0.4,https://indomet.gob.do/wp-content/uploads/2025/11/temperaturas-extremas-y-precipitaciones-2025x11x03-a.pdf
2025-11-03,043,BOCA DE MAO (EMA),VALVERDE,MINISTERIO DE AGRICULTURA,EMAP,34.3,22.7,0.2,https://indomet.gob.do/wp-content/uploads/2025/11/temperaturas-extremas-y-precipitaciones-2025x11x03-a.pdf
2025-11-03,044,MONCIÓN (EMA),SANTIAGO RODRÍGUEZ,PROGRAMA MUNDIAL DE ALIMENTO,EMAP,31.3,19.4,0.2,https://indomet.gob.do/wp-content/uploads/2025/11/temperaturas-extremas-y-precipitaciones-2025x11x03-a.pdf
2025-11-03,045,SABANETA (EMA),SANTIAGO RODRÍGUEZ,PROGRAMA MUNDIAL DE ALIMENTO,EMAP,31.7,21.3,0.2,https://indomet.gob.do/wp-content/uploads/2025/11/temperaturas-extremas-y-precipitaciones-2025x11x03-a.pdf
2025-11-03,046,SAN JOSÉ DE OCOA,SAN JOSÉ DE OCOA,HOSP. SAN JOSÉ DE OCOA,EMCI,29.7,21.2,0.2,https://indomet.gob.do/wp-content/uploads/2025/11/temperaturas-extremas-y-precipitaciones-2025x11x03-a.pdf
2025-11-03,047,SAN RAFAEL DEL YUMA,LA ALTAGRACIA,MINISTERIO DE AGRICULTURA,EMCI,32.2,23.6,0.2,https://indomet.gob.do/wp-content/uploads/2025/11/temperaturas-extremas-y-precipitaciones-2025x11x03-a.pdf
2025-11-03,048,SANTIAGO,SANTIAGO,HUACALITO,EMCI,,,0.2,https://indomet.gob.do/wp-content/uploads/2025/11/temperaturas-extremas-y-precipitaciones-2025x11x03-a.pdf
2025-11-03,049,ARROYO LORO,SAN JUAN,IDIAF,EMCI,31.7,16.7,0.1,https://indomet.gob.do/wp-content/uploads/2025/11/temperaturas-extremas-y-precipitaciones-2025x11x03-a.pdf
2025-11-03,050,ENRIQUILLO,BARAHONA,MINISTERIO DE AGRICULTURA,EMCV,32.0,22.7,0.1,https://indomet.gob.do/wp-content/uploads/2025/11/temperaturas-extremas-y-precipitaciones-2025x11x03-a.pdf
2025-11-03,051,POLO,BARAHONA,INDOCAFE,EMCI,29.0,17.0,0.1,https://indomet.gob.do/wp-content/uploads/2025/11/temperaturas-extremas-y-precipitaciones-2025x11x03-a.pdf
2025-11-03,052,ARPT. MARÍA MONTEZ,BARAHONA,INDOMET,EMCI,31.8,21.5,0.0,https://indomet.gob.do/wp-content/uploads/2025/11/temperaturas-extremas-y-precipitaciones-2025x11x03-a.pdf
2025-11-03,053,BANI (EMA),PERAVIA,MINISTERIO DE AGRICULTURA,EMAP,32.0,25.3,0.0,https://indomet.gob.do/wp-content/uploads/2025/11/temperaturas-extremas-y-precipitaciones-2025x11x03-a.pdf
2025-11-03,054,BAYAGUANA,MONTE PLATA,INDOMET,EMCI,32.5,21.0,0.0,https://indomet.gob.do/wp-content/uploads/2025/11/temperaturas-extremas-y-precipitaciones-2025x11x03-a.pdf
2025-11-03,055,BOHECHÍO,SAN JUAN,MINISTERIO DE AGRICULTURA,EMCV,,,0.0,https://indomet.gob.do/wp-content/uploads/2025/11/temperaturas-extremas-y-precipitaciones-2025x11x03-a.pdf
2025-11-03,056,BUCARA (EMA),SANTIAGO,MINISTERIO DE AGRICULTURA,EMAI,,,0.0,https://indomet.gob.do/wp-content/uploads/2025/11/temperaturas-extremas-y-precipitaciones-2025x11x03-a.pdf
2025-11-03,057,DAJABÓN,DAJABÓN,INSTITUTO POLITÉCNICO LOYOLA,EMCI,34.8,20.0,0.0,https://indomet.gob.do/wp-content/uploads/2025/11/temperaturas-extremas-y-precipitaciones-2025x11x03-a.pdf
2025-11-03,058,EL CERCADO,SAN JUAN,MINISTERIO DE AGRICULTURA,EMCV,,,0.0,https://indomet.gob.do/wp-content/uploads/2025/11/temperaturas-extremas-y-precipitaciones-2025x11x03-a.pdf
2025-11-03,059,ELÍAS PIÑA,ELÍAS PIÑA,MINISTERIO DE AGRICULTURA,EMCV,,,0.0,https://indomet.gob.do/wp-content/uploads/2025/11/temperaturas-extremas-y-precipitaciones-2025x11x03-a.pdf
2025-11-03,060,ESCONDIDO,PERAVIA,MINISTERIO DE AGRICULTURA,EMCV,32.0,25.0,0.0,https://indomet.gob.do/wp-content/uploads/2025/11/temperaturas-extremas-y-precipitaciones-2025x11x03-a.pdf
2025-11-03,061,GURABO,SANTIAGO,MINISTERIO DE AGRICULTURA,EMCV,,,0.0,https://indomet.gob.do/wp-content/uploads/2025/11/temperaturas-extremas-y-precipitaciones-2025x11x03-a.pdf
2025-11-03,062,HATO MAYOR,HATO MAYOR,MINISTERIO DE AGRICULTURA,EMCV,,,0.0,https://indomet.gob.do/wp-content/uploads/2025/11/temperaturas-extremas-y-precipitaciones-2025x11x03-a.pdf
2025-11-03,063,HONDO VALLE,ELÍAS PIÑA,MINISTERIO DE AGRICULTURA,EMCI,25.0,17.4,0.0,https://indomet.gob.do/wp-content/uploads/2025/11/temperaturas-extremas-y-precipitaciones-2025x11x03-a.pdf
2025-11-03,064,JANICO (EMA),LA VEGA,PLAN SIERRA,EMAI,,,0.0,https://indomet.gob.do/wp-content/uploads/2025/11/temperaturas-extremas-y-precipitaciones-2025x11x03-a.pdf
2025-11-03,065,JARDÍN BOTÁNICO SANTIAGO (EMSANTIAGO,,JARDIN BOTANICO SANTIAGO,EMAI,31.6,26.5,0.0,https://indomet.gob.do/wp-content/uploads/2025/11/temperaturas-extremas-y-precipitaciones-2025x11x03-a.pdf
2025-11-03,066,JIMANÍ,INDEPENDENCIA,MINISTERIO DE AGRICULTURA,EMCI,33.2,22.4,0.0,https://indomet.gob.do/wp-content/uploads/2025/11/temperaturas-extremas-y-precipitaciones-2025x11x03-a.pdf
2025-11-03,067,LOS LLANOS,SAN PEDRO DE MACORÍS,MINISTERIO DE AGRICULTURA,EMCI,33.2,23.2,0.0,https://indomet.gob.do/wp-content/uploads/2025/11/temperaturas-extremas-y-precipitaciones-2025x11x03-a.pdf
2025-11-03,068,LOS TRES CHARCOS (EMA),PEDERNALES,PROPIEDAD DEL VOLUNTARIO,EMAP,,,0.0,https://indomet.gob.do/wp-content/uploads/2025/11/temperaturas-extremas-y-precipitaciones-2025x11x03-a.pdf
2025-11-03,069,MAO,VALVERDE,INDRHI / MINISTERIO DE AGRICULTURA,EMCV,,,0.0,https://indomet.gob.do/wp-content/uploads/2025/11/temperaturas-extremas-y-precipitaciones-2025x11x03-a.pdf
2025-11-03,070,MONTE CRISTI,MONTE CRISTI,INDOMET,EMCI,33.4,22.5,0.0,https://indomet.gob.do/wp-content/uploads/2025/11/temperaturas-extremas-y-precipitaciones-2025x11x03-a.pdf
2025-11-03,071,NAVARRETE,SANTIAGO,MINISTERIO DE AGRICULTURA,EMCV,,,0.0,https://indomet.gob.do/wp-content/uploads/2025/11/temperaturas-extremas-y-precipitaciones-2025x11x03-a.pdf
2025-11-03,072,OLIVARES,PEDERNALES,INDRHI,EMCI,,,0.0,https://indomet.gob.do/wp-content/uploads/2025/11/temperaturas-extremas-y-precipitaciones-2025x11x03-a.pdf
2025-11-03,073,OVIEDO,PEDERNALES,CLÍNICA RURAL OVIEDO,EMCI,32.0,22.5,0.0,https://indomet.gob.do/wp-content/uploads/2025/11/temperaturas-extremas-y-precipitaciones-2025x11x03-a.pdf
2025-11-03,074,PADRE LAS CASAS,AZUA,HOSP. NTRA. SRA. DEL CARMEN,EMCI,32.0,15.0,0.0,https://indomet.gob.do/wp-content/uploads/2025/11/temperaturas-extremas-y-precipitaciones-2025x11x03-a.pdf
2025-11-03,075,PALO ÍNDIO,PUERTO PLATA,MINISTERIO DE AGRICULTURA,EMCI,,,0.0,https://indomet.gob.do/wp-content/uploads/2025/11/temperaturas-extremas-y-precipitaciones-2025x11x03-a.pdf
2025-11-03,076,PASO AL MEDIO,SAN PEDRO DE MACORÍS,INDRHI,EMCI,,,0.0,https://indomet.gob.do/wp-content/uploads/2025/11/temperaturas-extremas-y-precipitaciones-2025x11x03-a.pdf
2025-11-03,077,PEDERNALES,PEDERNALES,INDRHI,EMCI,,,0.0,https://indomet.gob.do/wp-content/uploads/2025/11/temperaturas-extremas-y-precipitaciones-2025x11x03-a.pdf
2025-11-03,078,PRESA DE TAVERAS (EMA),LA VEGA,PROGRAMA MUNDIAL DE ALIMENTO,EMAP,29.9,21.9,0.0,https://indomet.gob.do/wp-content/uploads/2025/11/temperaturas-extremas-y-precipitaciones-2025x11x03-a.pdf
2025-11-03,079,RESTAURACIÓN,DAJABÓN,MINISTERIO DE AGRICULTURA,EMCI,29.5,16.3,0.0,https://indomet.gob.do/wp-content/uploads/2025/11/temperaturas-extremas-y-precipitaciones-2025x11x03-a.pdf
2025-11-03,080,SAJOMA (EMA),SANTIAGO,PLAN SIERRA,EMAI,30.2,25.8,0.0,https://indomet.gob.do/wp-content/uploads/2025/11/temperaturas-extremas-y-precipitaciones-2025x11x03-a.pdf
2025-11-03,081,SAN FRANCISCO DE MACORÍS,DUARTE,San Francisco de Macorís (UASD),EMCI,31.4,21.9,0.0,https://indomet.gob.do/wp-content/uploads/2025/11/temperaturas-extremas-y-precipitaciones-2025x11x03-a.pdf
2025-11-03,082,SANTIAGO RODRÍGUEZ,SANTIAGO RODRÍGUEZ,INDOMET,EMCI,34.0,22.0,0.0,https://indomet.gob.do/wp-content/uploads/2025/11/temperaturas-extremas-y-precipitaciones-2025x11x03-a.pdf
2025-11-03,083,TÁBARA ABAJO,AZUA,INDRHI,EMCI,34.9,23.0,0.0,https://indomet.gob.do/wp-content/uploads/2025/11/temperaturas-extremas-y-precipitaciones-2025x11x03-a.pdf
2025-11-03,084,TAVERA,SANTIAGO,INDRHI,EMCI,,,0.0,https://indomet.gob.do/wp-content/uploads/2025/11/temperaturas-extremas-y-precipitaciones-2025x11x03-a.pdf
2025-11-03,085,VILLA GONZALE (EMA),SANTIAGO,IGLESIA,EMAI,,,0.0,https://indomet.gob.do/wp-content/uploads/2025/11/temperaturas-extremas-y-precipitaciones-2025x11x03-a.pdf
2025-11-03,086,VILLA GONZALES,SANTIAGO,MINISTERIO DE AGRICULTURA,EMCI,,,0.0,https://indomet.gob.do/wp-content/uploads/2025/11/temperaturas-extremas-y-precipitaciones-2025x11x03-a.pdf
2025-11-03,087,VILLA ISABELA,PUERTO PLATA,MINISTERIO DE AGRICULTURA,EMCV,,,0.0,https://indomet.gob.do/wp-content/uploads/2025/11/temperaturas-extremas-y-precipitaciones-2025x11x03-a.pdf
2025-11-03,088,VILLA VASQUEZ (EMA),MONTE CRISTI,JUNTA DE REGANTES,EMAI,,,0.0,https://indomet.gob.do/wp-content/uploads/2025/11/temperaturas-extremas-y-precipitaciones-2025x11x03-a.pdf
2025-11-03,089,LAS CANAS (EMA),MONTE CRISTI,PROGRAMA MUNDIAL DE ALIMENTO,EMAP,30.1,24.8,,https://indomet.gob.do/wp-content/uploads/2025/11/temperaturas-extremas-y-precipitaciones-2025x11x03-a.pdf
2025-11-04,001,ALTAMIRA,PUERTO PLATA,HOSP. MPAL. DE ALTAMIRA,EMCI,31.0,21.3,54.2,https://indomet.gob.do/wp-content/uploads/2025/11/temperaturas-extremas-y-precipitaciones-2025x11x04-a.pdf
2025-11-04,002,ARPT. GREGORIO LUPERÓN,PUERTO PLATA,INDOMET,EMCI,31.4,23.0,47.6,https://indomet.gob.do/wp-content/uploads/2025/11/temperaturas-extremas-y-precipitaciones-2025x11x04-a.pdf
2025-11-04,003,SANTIAGO,SANTIAGO,HUACALITO,EMCI,,,37.8,https://indomet.gob.do/wp-content/uploads/2025/11/temperaturas-extremas-y-precipitaciones-2025x11x04-a.pdf
2025-11-04,004,BASE AÉREA DE SAN ISIDRO,SANTO DOMINGO,FUERZA AÉREA DOMINICANA,EMCV,31.5,23.0,27.1,https://indomet.gob.do/wp-content/uploads/2025/11/temperaturas-extremas-y-precipitaciones-2025x11x04-a.pdf
2025-11-04,005,SAMANÁ,SAMANÁ,COMANDANCIA DE PUERTO DE SAMANÁ,EMCI,31.7,19.9,25.4,https://indomet.gob.do/wp-content/uploads/2025/11/temperaturas-extremas-y-precipitaciones-2025x11x04-a.pdf
2025-11-04,006,CABRERA,MARÍA TRINIDAD SÁNCHEZ,ESCUELA ARÍSTIDES FIALLO CABRAL,EMCI,32.8,26.0,25.0,https://indomet.gob.do/wp-content/uploads/2025/11/temperaturas-extremas-y-precipitaciones-2025x11x04-a.pdf
2025-11-04,007,DAJABÓN,DAJABÓN,INSTITUTO POLITÉCNICO LOYOLA,EMCI,34.5,19.3,23.2,https://indomet.gob.do/wp-content/uploads/2025/11/temperaturas-extremas-y-precipitaciones-2025x11x04-a.pdf
2025-11-04,008,RÍO SAN JUAN,MARÍA TRINIDAD SÁNCHEZ,HOSP. MPAL. DR. DESIDERIO ACOSTA,EMCV,31.4,24.0,22.4,https://indomet.gob.do/wp-content/uploads/2025/11/temperaturas-extremas-y-precipitaciones-2025x11x04-a.pdf
2025-11-04,009,LOS JENGIBRES,NAGUA,INDRHI,EMCI,,,21.2,https://indomet.gob.do/wp-content/uploads/2025/11/temperaturas-extremas-y-precipitaciones-2025x11x04-a.pdf
2025-11-04,010,ARPT. LA ISABELA,SANTO DOMINGO,INDOMET,EMCI,31.0,23.0,20.5,https://indomet.gob.do/wp-content/uploads/2025/11/temperaturas-extremas-y-precipitaciones-2025x11x04-a.pdf
2025-11-04,011,JARDÍN BOTÁNICO NACIONAL,DISTRITO NACIONAL,JARDÍN BOTÁNICO NACIONAL,EMCV,31.2,21.4,19.0,https://indomet.gob.do/wp-content/uploads/2025/11/temperaturas-extremas-y-precipitaciones-2025x11x04-a.pdf
2025-11-04,012,SAN FRANCISCO DE MACORÍS,DUARTE,San Francisco de Macorís (UASD),EMCI,29.7,23.4,15.2,https://indomet.gob.do/wp-content/uploads/2025/11/temperaturas-extremas-y-precipitaciones-2025x11x04-a.pdf
2025-11-04,013,ARPT. ARROYO BARRIL,SAMANÁ,INDOMET,EMCI,29.2,23.5,14.5,https://indomet.gob.do/wp-content/uploads/2025/11/temperaturas-extremas-y-precipitaciones-2025x11x04-a.pdf
2025-11-04,014,CENTRO DE LOS HEROES (EMA),DISTRITO NACIONAL,MINISTERIO DE ENERGIA Y MINA,EMAP,31.9,25.7,13.2,https://indomet.gob.do/wp-content/uploads/2025/11/temperaturas-extremas-y-precipitaciones-2025x11x04-a.pdf
2025-11-04,015,SANTO DOMINGO ESTE,SANTO DOMINGO,INDOMET,EMCI,32.5,24.5,11.5,https://indomet.gob.do/wp-content/uploads/2025/11/temperaturas-extremas-y-precipitaciones-2025x11x04-a.pdf
2025-11-04,016,SABANETA (EMA),SANTIAGO RODRÍGUEZ,PROGRAMA MUNDIAL DE ALIMENTO,EMAP,34.8,23.6,10.0,https://indomet.gob.do/wp-content/uploads/2025/11/temperaturas-extremas-y-precipitaciones-2025x11x04-a.pdf
2025-11-04,017,LUPERÓN,PUERTO PLATA,MINISTERIO DE AGRICULTURA,EMCV,,,9.9,https://indomet.gob.do/wp-content/uploads/2025/11/temperaturas-extremas-y-precipitaciones-2025x11x04-a.pdf
2025-11-04,018,MONTE CRISTI,MONTE CRISTI,INDOMET,EMCI,32.3,23.2,9.8,https://indomet.gob.do/wp-content/uploads/2025/11/temperaturas-extremas-y-precipitaciones-2025x11x04-a.pdf
2025-11-04,019,LA VICTORIA,SANTO DOMINGO,CUERPO DE BOMBEROS,EMCI,31.0,23.3,9.7,https://indomet.gob.do/wp-content/uploads/2025/11/temperaturas-extremas-y-precipitaciones-2025x11x04-a.pdf
2025-11-04,020,SANTIAGO RODRÍGUEZ,SANTIAGO RODRÍGUEZ,INDOMET,EMCI,35.0,24.0,9.7,https://indomet.gob.do/wp-content/uploads/2025/11/temperaturas-extremas-y-precipitaciones-2025x11x04-a.pdf
2025-11-04,021,GASPAR HERNÁNDEZ,ESPAILLAT,PROPIEDAD DEL EMPLEADO,EMCI,,,9.0,https://indomet.gob.do/wp-content/uploads/2025/11/temperaturas-extremas-y-precipitaciones-2025x11x04-a.pdf
2025-11-04,022,RESTAURACIÓN,DAJABÓN,MINISTERIO DE AGRICULTURA,EMCI,28.8,16.7,8.8,https://indomet.gob.do/wp-content/uploads/2025/11/temperaturas-extremas-y-precipitaciones-2025x11x04-a.pdf
2025-11-04,023,PALO ÍNDIO,PUERTO PLATA,MINISTERIO DE AGRICULTURA,EMCI,,,8.4,https://indomet.gob.do/wp-content/uploads/2025/11/temperaturas-extremas-y-precipitaciones-2025x11x04-a.pdf
2025-11-04,024,SALCEDO,HERMANAS MIRABAL,PROPIEDAD DEL EMPLEADO,EMCI,,,8.0,https://indomet.gob.do/wp-content/uploads/2025/11/temperaturas-extremas-y-precipitaciones-2025x11x04-a.pdf
2025-11-04,025,NAVARRETE,SANTIAGO,MINISTERIO DE AGRICULTURA,EMCV,,,7.9,https://indomet.gob.do/wp-content/uploads/2025/11/temperaturas-extremas-y-precipitaciones-2025x11x04-a.pdf
2025-11-04,026,LOS LLANOS,SAN PEDRO DE MACORÍS,MINISTERIO DE AGRICULTURA,EMCI,32.7,22.5,6.2,https://indomet.gob.do/wp-content/uploads/2025/11/temperaturas-extremas-y-precipitaciones-2025x11x04-a.pdf
2025-11-04,027,ARPT. DE LAS AMÉRICAS,SANTO DOMINGO,INDOMET,EMCI,32.3,23.2,5.9,https://indomet.gob.do/wp-content/uploads/2025/11/temperaturas-extremas-y-precipitaciones-2025x11x04-a.pdf
2025-11-04,028,SAN CRISTÓBAL,SAN CRISTÓBAL,INSTITUTO POLITÉCNICO LOYOLA,EMCI,32.2,20.0,4.8,https://indomet.gob.do/wp-content/uploads/2025/11/temperaturas-extremas-y-precipitaciones-2025x11x04-a.pdf
2025-11-04,029,BONAO,MONSEÑOR NOUEL,MINISTERIO DE AGRICULTURA,EMCV,,,4.3,https://indomet.gob.do/wp-content/uploads/2025/11/temperaturas-extremas-y-precipitaciones-2025x11x04-a.pdf
2025-11-04,030,VILLA RIVA,DUARTE,HOSP. MPAL. ALICIA DE LEGENDRE,EMCI,30.0,22.4,3.8,https://indomet.gob.do/wp-content/uploads/2025/11/temperaturas-extremas-y-precipitaciones-2025x11x04-a.pdf
2025-11-04,031,PONTÓN ABAJO (EMA),LA VEGA,MINISTERIO DE AGRICULTURA,EMAP,33.4,22.9,3.2,https://indomet.gob.do/wp-content/uploads/2025/11/temperaturas-extremas-y-precipitaciones-2025x11x04-a.pdf
2025-11-04,032,CONSTANZA,LA VEGA,MINISTERIO DE AGRICULTURA,EMCI,26.7,14.1,3.1,https://indomet.gob.do/wp-content/uploads/2025/11/temperaturas-extremas-y-precipitaciones-2025x11x04-a.pdf
2025-11-04,033,LA VEGA,LA VEGA,IATESA,EMCI,34.0,22.5,3.0,https://indomet.gob.do/wp-content/uploads/2025/11/temperaturas-extremas-y-precipitaciones-2025x11x04-a.pdf
2025-11-04,034,CONSTANZA (EMA),LA VEGA,PROGRAMA MUNDIAL DE ALIMENTO,EMAP,25.6,15.6,2.8,https://indomet.gob.do/wp-content/uploads/2025/11/temperaturas-extremas-y-precipitaciones-2025x11x04-a.pdf
2025-11-04,035,COTUÍ,SÁNCHEZ RAMÍREZ,HOSP. INMACULADA CONCEPCIÓN,EMCV,,,2.8,https://indomet.gob.do/wp-content/uploads/2025/11/temperaturas-extremas-y-precipitaciones-2025x11x04-a.pdf
2025-11-04,036,EL FACTOR (EMA),MARÍA TRINIDAD SÁNCHEZ,INTEC,EMAP,31.6,23.5,2.8,https://indomet.gob.do/wp-content/uploads/2025/11/temperaturas-extremas-y-precipitaciones-2025x11x04-a.pdf
2025-11-04,037,ARPT. DE PUNTA CANA,LA ALTAGRACIA,INDOMET,EMCI,31.5,21.5,2.7,https://indomet.gob.do/wp-content/uploads/2025/11/temperaturas-extremas-y-precipitaciones-2025x11x04-a.pdf
2025-11-04,038,MICHES (EMA),EL SEIBO,PRIVADA,EMAP,30.5,22.1,2.6,https://indomet.gob.do/wp-content/uploads/2025/11/temperaturas-extremas-y-precipitaciones-2025x11x04-a.pdf
2025-11-04,039,JARABACOA,LA VEGA,INDRHI / MARENA,EMCI,31.8,18.2,2.4,https://indomet.gob.do/wp-content/uploads/2025/11/temperaturas-extremas-y-precipitaciones-2025x11x04-a.pdf
2025-11-04,040,SABANA DE LA MAR,HATO MAYOR,INDOMET,EMCI,32.0,23.5,2.3,https://indomet.gob.do/wp-content/uploads/2025/11/temperaturas-extremas-y-precipitaciones-2025x11x04-a.pdf
2025-11-04,041,ARPT. EL CATEY,SAMANÁ,INDOMET,EMCI,30.5,22.5,2.0,https://indomet.gob.do/wp-content/uploads/2025/11/temperaturas-extremas-y-precipitaciones-2025x11x04-a.pdf
2025-11-04,042,SÁNCHEZ,SAMANÁ,MINISTERIO DE AGRICULTURA,EMCI,30.4,22.7,1.8,https://indomet.gob.do/wp-content/uploads/2025/11/temperaturas-extremas-y-precipitaciones-2025x11x04-a.pdf
2025-11-04,043,HONDO VALLE,ELÍAS PIÑA,MINISTERIO DE AGRICULTURA,EMCI,24.8,17.3,1.6,https://indomet.gob.do/wp-content/uploads/2025/11/temperaturas-extremas-y-precipitaciones-2025x11x04-a.pdf
2025-11-04,044,TAMBORIL,SANTIAGO,MINISTERIO DE AGRICULTURA,EMCV,,,1.5,https://indomet.gob.do/wp-content/uploads/2025/11/temperaturas-extremas-y-precipitaciones-2025x11x04-a.pdf
2025-11-04,045,JARDÍN BOTÁNICO SANTIAGO (EMSANTIAGO,,JARDIN BOTANICO SANTIAGO,EMAI,32.4,23.1,1.2,https://indomet.gob.do/wp-content/uploads/2025/11/temperaturas-extremas-y-precipitaciones-2025x11x04-a.pdf
2025-11-04,046,JIMA ABAJO,LA VEGA,INDOMET,EMCI,32.7,21.1,1.2,https://indomet.gob.do/wp-content/uploads/2025/11/temperaturas-extremas-y-precipitaciones-2025x11x04-a.pdf
2025-11-04,047,GURABO,SANTIAGO,MINISTERIO DE AGRICULTURA,EMCV,,,1.0,https://indomet.gob.do/wp-content/uploads/2025/11/temperaturas-extremas-y-precipitaciones-2025x11x04-a.pdf
2025-11-04,048,VILLA GONZALES,SANTIAGO,MINISTERIO DE AGRICULTURA,EMCI,,,1.0,https://indomet.gob.do/wp-content/uploads/2025/11/temperaturas-extremas-y-precipitaciones-2025x11x04-a.pdf
2025-11-04,049,MONCIÓN (EMA),SANTIAGO RODRÍGUEZ,PROGRAMA MUNDIAL DE ALIMENTO,EMAP,32.1,20.9,1.0,https://indomet.gob.do/wp-content/uploads/2025/11/temperaturas-extremas-y-precipitaciones-2025x11x04-a.pdf
2025-11-04,050,JUMA BEJUCAL,MONSEÑOR NOUEL,IDIAF,EMCV,32.2,21.8,0.9,https://indomet.gob.do/wp-content/uploads/2025/11/temperaturas-extremas-y-precipitaciones-2025x11x04-a.pdf
2025-11-04,051,ALTO BANDERA (EMA),LA VEGA,INTEC,EMAP,16.3,7.6,0.8,https://indomet.gob.do/wp-content/uploads/2025/11/temperaturas-extremas-y-precipitaciones-2025x11x04-a.pdf
2025-11-04,052,ANAMUYA (EMA),LA ALTAGRACIA,MINISTERIO DE AGRICULTURA,EMAP,31.4,23.3,0.8,https://indomet.gob.do/wp-content/uploads/2025/11/temperaturas-extremas-y-precipitaciones-2025x11x04-a.pdf
2025-11-04,053,ARPT. DEL CIBAO,SANTIAGO,INDOMET,EMCI,32.8,22.2,0.8,https://indomet.gob.do/wp-content/uploads/2025/11/temperaturas-extremas-y-precipitaciones-2025x11x04-a.pdf
2025-11-04,054,RANCHO ARRIBA,SAN JOSÉ DE OCOA,CENTRO TECNOLÓGICO COMUNITARIO,EMCI,28.9,18.3,0.7,https://indomet.gob.do/wp-content/uploads/2025/11/temperaturas-extremas-y-precipitaciones-2025x11x04-a.pdf
2025-11-04,055,PRESA DE TAVERAS (EMA),LA VEGA,PROGRAMA MUNDIAL DE ALIMENTO,EMAP,31.6,21.4,0.4,https://indomet.gob.do/wp-content/uploads/2025/11/temperaturas-extremas-y-precipitaciones-2025x11x04-a.pdf
2025-11-04,056,SAN RAFAEL DEL YUMA,LA ALTAGRACIA,MINISTERIO DE AGRICULTURA,EMCI,33.2,22.8,0.3,https://indomet.gob.do/wp-content/uploads/2025/11/temperaturas-extremas-y-precipitaciones-2025x11x04-a.pdf
2025-11-04,057,ARROYO LORO,SAN JUAN,IDIAF,EMCI,32.7,20.2,0.2,https://indomet.gob.do/wp-content/uploads/2025/11/temperaturas-extremas-y-precipitaciones-2025x11x04-a.pdf
2025-11-04,058,BOCA DE MAO (EMA),VALVERDE,MINISTERIO DE AGRICULTURA,EMAP,34.8,23.6,0.2,https://indomet.gob.do/wp-content/uploads/2025/11/temperaturas-extremas-y-precipitaciones-2025x11x04-a.pdf
2025-11-04,059,JIMANÍ,INDEPENDENCIA,MINISTERIO DE AGRICULTURA,EMCI,33.8,23.4,0.2,https://indomet.gob.do/wp-content/uploads/2025/11/temperaturas-extremas-y-precipitaciones-2025x11x04-a.pdf
2025-11-04,060,OVIEDO,PEDERNALES,CLÍNICA RURAL OVIEDO,EMCI,33.0,22.5,0.2,https://indomet.gob.do/wp-content/uploads/2025/11/temperaturas-extremas-y-precipitaciones-2025x11x04-a.pdf
2025-11-04,061,VALLE NUEVO (EMA),LA VEGA,MARENA,EMAI,19.2,8.9,0.2,https://indomet.gob.do/wp-content/uploads/2025/11/temperaturas-extremas-y-precipitaciones-2025x11x04-a.pdf
2025-11-04,062,HATO MAYOR,HATO MAYOR,MINISTERIO DE AGRICULTURA,EMCV,,,0.1,https://indomet.gob.do/wp-content/uploads/2025/11/temperaturas-extremas-y-precipitaciones-2025x11x04-a.pdf
2025-11-04,063,SABANA GRANDE DE BOYÁ,MONTE PLATA,MINISTERIO DE AGRICULTURA,EMCV,,,0.1,https://indomet.gob.do/wp-content/uploads/2025/11/temperaturas-extremas-y-precipitaciones-2025x11x04-a.pdf
2025-11-04,064,SAN JOSÉ DE OCOA,SAN JOSÉ DE OCOA,HOSP. SAN JOSÉ DE OCOA,EMCI,31.3,21.2,0.1,https://indomet.gob.do/wp-content/uploads/2025/11/temperaturas-extremas-y-precipitaciones-2025x11x04-a.pdf
2025-11-04,065,ARPT. DE LA ROMANA,LA ROMANA,INDOMET,EMCI,32.2,22.6,0.0,https://indomet.gob.do/wp-content/uploads/2025/11/temperaturas-extremas-y-precipitaciones-2025x11x04-a.pdf
2025-11-04,066,ARPT. MARÍA MONTEZ,BARAHONA,INDOMET,EMCI,32.2,23.0,0.0,https://indomet.gob.do/wp-content/uploads/2025/11/temperaturas-extremas-y-precipitaciones-2025x11x04-a.pdf
2025-11-04,067,BANI (EMA),PERAVIA,MINISTERIO DE AGRICULTURA,EMAP,32.5,25.4,0.0,https://indomet.gob.do/wp-content/uploads/2025/11/temperaturas-extremas-y-precipitaciones-2025x11x04-a.pdf
2025-11-04,068,BAYAGUANA,MONTE PLATA,INDOMET,EMCI,32.6,22.9,0.0,https://indomet.gob.do/wp-content/uploads/2025/11/temperaturas-extremas-y-precipitaciones-2025x11x04-a.pdf
2025-11-04,069,ELÍAS PIÑA,ELÍAS PIÑA,MINISTERIO DE AGRICULTURA,EMCV,,,0.0,https://indomet.gob.do/wp-content/uploads/2025/11/temperaturas-extremas-y-precipitaciones-2025x11x04-a.pdf
2025-11-04,070,ENRIQUILLO,BARAHONA,MINISTERIO DE AGRICULTURA,EMCV,33.3,22.8,0.0,https://indomet.gob.do/wp-content/uploads/2025/11/temperaturas-extremas-y-precipitaciones-2025x11x04-a.pdf
2025-11-04,071,LAS CANAS (EMA),MONTE CRISTI,PROGRAMA MUNDIAL DE ALIMENTO,EMAP,28.6,22.8,0.0,https://indomet.gob.do/wp-content/uploads/2025/11/temperaturas-extremas-y-precipitaciones-2025x11x04-a.pdf
2025-11-04,072,OLIVARES,PEDERNALES,INDRHI,EMCI,,,0.0,https://indomet.gob.do/wp-content/uploads/2025/11/temperaturas-extremas-y-precipitaciones-2025x11x04-a.pdf
2025-11-04,073,PADRE LAS CASAS,AZUA,HOSP. NTRA. SRA. DEL CARMEN,EMCI,32.5,19.0,0.0,https://indomet.gob.do/wp-content/uploads/2025/11/temperaturas-extremas-y-precipitaciones-2025x11x04-a.pdf
2025-11-04,074,PASO AL MEDIO,SAN PEDRO DE MACORÍS,INDRHI,EMCI,,,0.0,https://indomet.gob.do/wp-content/uploads/2025/11/temperaturas-extremas-y-precipitaciones-2025x11x04-a.pdf
2025-11-04,075,PEDERNALES,PEDERNALES,INDRHI,EMCI,,,0.0,https://indomet.gob.do/wp-content/uploads/2025/11/temperaturas-extremas-y-precipitaciones-2025x11x04-a.pdf
2025-11-04,076,PERALTA,AZUA,HOSP. MPAL. DE PERALTA,EMCI,29.5,18.7,0.0,https://indomet.gob.do/wp-content/uploads/2025/11/temperaturas-extremas-y-precipitaciones-2025x11x04-a.pdf
2025-11-04,077,PESCADERIA (EMA),BARAHONA,MINISTERIO DE AGRICULTURA,EMAP,,,0.0,https://indomet.gob.do/wp-content/uploads/2025/11/temperaturas-extremas-y-precipitaciones-2025x11x04-a.pdf
2025-11-04,078,POLO,BARAHONA,INDOCAFE,EMCI,30.0,17.5,0.0,https://indomet.gob.do/wp-content/uploads/2025/11/temperaturas-extremas-y-precipitaciones-2025x11x04-a.pdf
2025-11-04,079,BUCARA (EMA),SANTIAGO,MINISTERIO DE AGRICULTURA,EMAI,,,0.0,https://indomet.gob.do/wp-content/uploads/2025/11/temperaturas-extremas-y-precipitaciones-2025x11x04-a.pdf
2025-11-04,080,VILLA GONZALE (EMA),SANTIAGO,IGLESIA,EMAI,,,0.0,https://indomet.gob.do/wp-content/uploads/2025/11/temperaturas-extremas-y-precipitaciones-2025x11x04-a.pdf
2025-11-04,081,VILLA VASQUEZ (EMA),MONTE CRISTI,JUNTA DE REGANTES,EMAI,,,0.0,https://indomet.gob.do/wp-content/uploads/2025/11/temperaturas-extremas-y-precipitaciones-2025x11x04-a.pdf
2025-11-04,082,TÁBARA ABAJO,AZUA,INDRHI,EMCI,33.9,22.3,0.0,https://indomet.gob.do/wp-content/uploads/2025/11/temperaturas-extremas-y-precipitaciones-2025x11x04-a.pdf
2025-11-04,083,TAVERA,SANTIAGO,INDRHI,EMCI,,,0.0,https://indomet.gob.do/wp-content/uploads/2025/11/temperaturas-extremas-y-precipitaciones-2025x11x04-a.pdf
2025-11-04,084,VILLA ALTAGRACIA,SAN CRISTÓBAL,ESCUELA JAVIER ANGULO GURIDI,EMCI,,,0.0,https://indomet.gob.do/wp-content/uploads/2025/11/temperaturas-extremas-y-precipitaciones-2025x11x04-a.pdf
2025-11-05,001,SABANA DE LA MAR,HATO MAYOR,INDOMET,EMCI,31.5,22.5,23.7,https://indomet.gob.do/wp-content/uploads/2025/11/temperaturas-extremas-y-precipitaciones-2025x11x05-a.pdf
2025-11-05,002,LOS JENGIBRES,NAGUA,INDRHI,EMCI,,,14.8,https://indomet.gob.do/wp-content/uploads/2025/11/temperaturas-extremas-y-precipitaciones-2025x11x05-a.pdf
2025-11-05,003,SAN RAFAEL DEL YUMA,LA ALTAGRACIA,MINISTERIO DE AGRICULTURA,EMCI,32.4,23.3,13.6,https://indomet.gob.do/wp-content/uploads/2025/11/temperaturas-extremas-y-precipitaciones-2025x11x05-a.pdf
2025-11-05,004,ARPT. DE LAS AMÉRICAS,SANTO DOMINGO,INDOMET,EMCI,32.0,23.3,13.3,https://indomet.gob.do/wp-content/uploads/2025/11/temperaturas-extremas-y-precipitaciones-2025x11x05-a.pdf
2025-11-05,005,SALCEDO,HERMANAS MIRABAL,PROPIEDAD DEL EMPLEADO,EMCI,,,13.2,https://indomet.gob.do/wp-content/uploads/2025/11/temperaturas-extremas-y-precipitaciones-2025x11x05-a.pdf
2025-11-05,006,ARPT. LA ISABELA,SANTO DOMINGO,INDOMET,EMCI,33.2,22.0,9.1,https://indomet.gob.do/wp-content/uploads/2025/11/temperaturas-extremas-y-precipitaciones-2025x11x05-a.pdf
2025-11-05,007,EL FACTOR (EMA),MARÍA TRINIDAD SÁNCHEZ,INTEC,EMAP,31.6,22.6,9.1,https://indomet.gob.do/wp-content/uploads/2025/11/temperaturas-extremas-y-precipitaciones-2025x11x05-a.pdf
2025-11-05,008,SANTO DOMINGO ESTE,SANTO DOMINGO,INDOMET,EMCI,34.0,23.0,8.6,https://indomet.gob.do/wp-content/uploads/2025/11/temperaturas-extremas-y-precipitaciones-2025x11x05-a.pdf
2025-11-05,009,CENTRO DE LOS HEROES (EMA),DISTRITO NACIONAL,MINISTERIO DE ENERGIA Y MINA,EMAP,33.4,25.5,5.8,https://indomet.gob.do/wp-content/uploads/2025/11/temperaturas-extremas-y-precipitaciones-2025x11x05-a.pdf
2025-11-05,010,SÁNCHEZ,SAMANÁ,MINISTERIO DE AGRICULTURA,EMCI,30.1,22.3,5.8,https://indomet.gob.do/wp-content/uploads/2025/11/temperaturas-extremas-y-precipitaciones-2025x11x05-a.pdf
2025-11-05,011,ENRIQUILLO,BARAHONA,MINISTERIO DE AGRICULTURA,EMCV,33.0,23.0,5.0,https://indomet.gob.do/wp-content/uploads/2025/11/temperaturas-extremas-y-precipitaciones-2025x11x05-a.pdf
2025-11-05,012,ARPT. ARROYO BARRIL,SAMANÁ,INDOMET,EMCI,32.4,22.8,4.6,https://indomet.gob.do/wp-content/uploads/2025/11/temperaturas-extremas-y-precipitaciones-2025x11x05-a.pdf
2025-11-05,013,RESTAURACIÓN,DAJABÓN,MINISTERIO DE AGRICULTURA,EMCI,28.0,16.2,4.6,https://indomet.gob.do/wp-content/uploads/2025/11/temperaturas-extremas-y-precipitaciones-2025x11x05-a.pdf
2025-11-05,014,OVIEDO,PEDERNALES,CLÍNICA RURAL OVIEDO,EMCI,32.0,22.0,4.0,https://indomet.gob.do/wp-content/uploads/2025/11/temperaturas-extremas-y-precipitaciones-2025x11x05-a.pdf
2025-11-05,015,EL CERCADO,SAN JUAN,MINISTERIO DE AGRICULTURA,EMCV,,,3.8,https://indomet.gob.do/wp-content/uploads/2025/11/temperaturas-extremas-y-precipitaciones-2025x11x05-a.pdf
2025-11-05,016,ARPT. EL CATEY,SAMANÁ,INDOMET,EMCI,29.5,22.6,3.6,https://indomet.gob.do/wp-content/uploads/2025/11/temperaturas-extremas-y-precipitaciones-2025x11x05-a.pdf
2025-11-05,017,ARPT. GREGORIO LUPERÓN,PUERTO PLATA,INDOMET,EMCI,32.2,21.6,3.6,https://indomet.gob.do/wp-content/uploads/2025/11/temperaturas-extremas-y-precipitaciones-2025x11x05-a.pdf
2025-11-05,018,MICHES (EMA),EL SEIBO,PRIVADA,EMAP,29.8,22.3,3.4,https://indomet.gob.do/wp-content/uploads/2025/11/temperaturas-extremas-y-precipitaciones-2025x11x05-a.pdf
2025-11-05,019,GASPAR HERNÁNDEZ,ESPAILLAT,PROPIEDAD DEL EMPLEADO,EMCI,,,3.2,https://indomet.gob.do/wp-content/uploads/2025/11/temperaturas-extremas-y-precipitaciones-2025x11x05-a.pdf
2025-11-05,020,SAMANÁ,SAMANÁ,COMANDANCIA DE PUERTO DE SAMANÁ,EMCI,32.6,20.0,3.2,https://indomet.gob.do/wp-content/uploads/2025/11/temperaturas-extremas-y-precipitaciones-2025x11x05-a.pdf
2025-11-05,021,BASE AÉREA DE SAN ISIDRO,SANTO DOMINGO,FUERZA AÉREA DOMINICANA,EMCV,30.0,23.1,3.0,https://indomet.gob.do/wp-content/uploads/2025/11/temperaturas-extremas-y-precipitaciones-2025x11x05-a.pdf
2025-11-05,022,VILLA RIVA,DUARTE,HOSP. MPAL. ALICIA DE LEGENDRE,EMCI,32.0,21.8,2.5,https://indomet.gob.do/wp-content/uploads/2025/11/temperaturas-extremas-y-precipitaciones-2025x11x05-a.pdf
2025-11-05,023,RÍO SAN JUAN,MARÍA TRINIDAD SÁNCHEZ,HOSP. MPAL. DR. DESIDERIO ACOSTA,EMCV,33.8,23.2,2.2,https://indomet.gob.do/wp-content/uploads/2025/11/temperaturas-extremas-y-precipitaciones-2025x11x05-a.pdf
2025-11-05,024,LA VEGA,LA VEGA,IATESA,EMCI,32.5,22.0,1.6,https://indomet.gob.do/wp-content/uploads/2025/11/temperaturas-extremas-y-precipitaciones-2025x11x05-a.pdf
2025-11-05,025,SAN FRANCISCO DE MACORÍS,DUARTE,San Francisco de Macorís (UASD),EMCI,31.2,22.4,1.4,https://indomet.gob.do/wp-content/uploads/2025/11/temperaturas-extremas-y-precipitaciones-2025x11x05-a.pdf
2025-11-05,026,ARROYO LORO,SAN JUAN,IDIAF,EMCI,32.7,18.6,1.3,https://indomet.gob.do/wp-content/uploads/2025/11/temperaturas-extremas-y-precipitaciones-2025x11x05-a.pdf
2025-11-05,027,JARDÍN BOTÁNICO NACIONAL,DISTRITO NACIONAL,JARDÍN BOTÁNICO NACIONAL,EMCV,31.5,20.9,1.2,https://indomet.gob.do/wp-content/uploads/2025/11/temperaturas-extremas-y-precipitaciones-2025x11x05-a.pdf
2025-11-05,028,ALTO BANDERA (EMA),LA VEGA,INTEC,EMAP,14.1,6.2,1.0,https://indomet.gob.do/wp-content/uploads/2025/11/temperaturas-extremas-y-precipitaciones-2025x11x05-a.pdf
2025-11-05,029,JARABACOA,LA VEGA,INDRHI / MARENA,EMCI,31.0,16.8,1.0,https://indomet.gob.do/wp-content/uploads/2025/11/temperaturas-extremas-y-precipitaciones-2025x11x05-a.pdf
2025-11-05,030,JIMA ABAJO,LA VEGA,INDOMET,EMCI,32.8,20.5,1.0,https://indomet.gob.do/wp-content/uploads/2025/11/temperaturas-extremas-y-precipitaciones-2025x11x05-a.pdf
2025-11-05,031,JUMA BEJUCAL,MONSEÑOR NOUEL,IDIAF,EMCV,33.0,22.2,1.0,https://indomet.gob.do/wp-content/uploads/2025/11/temperaturas-extremas-y-precipitaciones-2025x11x05-a.pdf
2025-11-05,032,PONTÓN ABAJO (EMA),LA VEGA,MINISTERIO DE AGRICULTURA,EMAP,33.2,22.7,1.0,https://indomet.gob.do/wp-content/uploads/2025/11/temperaturas-extremas-y-precipitaciones-2025x11x05-a.pdf
2025-11-05,033,ESCONDIDO,PERAVIA,MINISTERIO DE AGRICULTURA,EMCV,33.0,25.0,0.5,https://indomet.gob.do/wp-content/uploads/2025/11/temperaturas-extremas-y-precipitaciones-2025x11x05-a.pdf
2025-11-05,034,HATO MAYOR,HATO MAYOR,MINISTERIO DE AGRICULTURA,EMCV,,,0.5,https://indomet.gob.do/wp-content/uploads/2025/11/temperaturas-extremas-y-precipitaciones-2025x11x05-a.pdf
2025-11-05,035,ARPT. DE LA ROMANA,LA ROMANA,INDOMET,EMCI,31.9,21.0,0.5,https://indomet.gob.do/wp-content/uploads/2025/11/temperaturas-extremas-y-precipitaciones-2025x11x05-a.pdf
2025-11-05,036,BANI (EMA),PERAVIA,MINISTERIO DE AGRICULTURA,EMAP,32.6,25.0,0.4,https://indomet.gob.do/wp-content/uploads/2025/11/temperaturas-extremas-y-precipitaciones-2025x11x05-a.pdf
2025-11-05,037,RANCHO ARRIBA,SAN JOSÉ DE OCOA,CENTRO TECNOLÓGICO COMUNITARIO,EMCI,29.1,17.3,0.4,https://indomet.gob.do/wp-content/uploads/2025/11/temperaturas-extremas-y-precipitaciones-2025x11x05-a.pdf
2025-11-05,038,ALTAMIRA,PUERTO PLATA,HOSP. MPAL. DE ALTAMIRA,EMCI,30.5,20.3,0.3,https://indomet.gob.do/wp-content/uploads/2025/11/temperaturas-extremas-y-precipitaciones-2025x11x05-a.pdf
2025-11-05,039,TAMBORIL,SANTIAGO,MINISTERIO DE AGRICULTURA,EMCV,,,0.3,https://indomet.gob.do/wp-content/uploads/2025/11/temperaturas-extremas-y-precipitaciones-2025x11x05-a.pdf
2025-11-05,040,VILLA GONZALES,SANTIAGO,MINISTERIO DE AGRICULTURA,EMCI,,,0.3,https://indomet.gob.do/wp-content/uploads/2025/11/temperaturas-extremas-y-precipitaciones-2025x11x05-a.pdf
2025-11-05,041,HONDO VALLE,ELÍAS PIÑA,MINISTERIO DE AGRICULTURA,EMCI,25.0,17.2,0.1,https://indomet.gob.do/wp-content/uploads/2025/11/temperaturas-extremas-y-precipitaciones-2025x11x05-a.pdf
2025-11-05,042,PEDERNALES,PEDERNALES,INDRHI,EMCI,25.0,17.2,0.1,https://indomet.gob.do/wp-content/uploads/2025/11/temperaturas-extremas-y-precipitaciones-2025x11x05-a.pdf
2025-11-05,043,SAN JOSÉ DE OCOA,SAN JOSÉ DE OCOA,HOSP. SAN JOSÉ DE OCOA,EMCI,31.3,19.4,0.1,https://indomet.gob.do/wp-content/uploads/2025/11/temperaturas-extremas-y-precipitaciones-2025x11x05-a.pdf
2025-11-05,044,ANAMUYA (EMA),LA ALTAGRACIA,MINISTERIO DE AGRICULTURA,EMAP,31.1,23.6,0.0,https://indomet.gob.do/wp-content/uploads/2025/11/temperaturas-extremas-y-precipitaciones-2025x11x05-a.pdf
2025-11-05,045,ARPT. DE PUNTA CANA,LA ALTAGRACIA,INDOMET,EMCI,31.8,22.0,0.0,https://indomet.gob.do/wp-content/uploads/2025/11/temperaturas-extremas-y-precipitaciones-2025x11x05-a.pdf
2025-11-05,046,ARPT. DEL CIBAO,SANTIAGO,INDOMET,EMCI,32.8,21.9,0.0,https://indomet.gob.do/wp-content/uploads/2025/11/temperaturas-extremas-y-precipitaciones-2025x11x05-a.pdf
2025-11-05,047,ARPT. MARÍA MONTEZ,BARAHONA,INDOMET,EMCI,31.8,22.0,0.0,https://indomet.gob.do/wp-content/uploads/2025/11/temperaturas-extremas-y-precipitaciones-2025x11x05-a.pdf
2025-11-05,048,BAYAGUANA,MONTE PLATA,INDOMET,EMCI,32.6,22.6,0.0,https://indomet.gob.do/wp-content/uploads/2025/11/temperaturas-extremas-y-precipitaciones-2025x11x05-a.pdf
2025-11-05,049,BOCA DE MAO (EMA),VALVERDE,MINISTERIO DE AGRICULTURA,EMAP,34.2,22.4,0.0,https://indomet.gob.do/wp-content/uploads/2025/11/temperaturas-extremas-y-precipitaciones-2025x11x05-a.pdf
2025-11-05,050,BOHECHÍO,SAN JUAN,MINISTERIO DE AGRICULTURA,EMCV,,,0.0,https://indomet.gob.do/wp-content/uploads/2025/11/temperaturas-extremas-y-precipitaciones-2025x11x05-a.pdf
2025-11-05,051,BONAO,MONSEÑOR NOUEL,MINISTERIO DE AGRICULTURA,EMCV,,,0.0,https://indomet.gob.do/wp-content/uploads/2025/11/temperaturas-extremas-y-precipitaciones-2025x11x05-a.pdf
2025-11-05,052,BUCARA (EMA),SANTIAGO,MINISTERIO DE AGRICULTURA,EMAI,,,0.0,https://indomet.gob.do/wp-content/uploads/2025/11/temperaturas-extremas-y-precipitaciones-2025x11x05-a.pdf
2025-11-05,053,CABRERA,MARÍA TRINIDAD SÁNCHEZ,ESCUELA ARÍSTIDES FIALLO CABRAL,EMCI,32.8,24.4,0.0,https://indomet.gob.do/wp-content/uploads/2025/11/temperaturas-extremas-y-precipitaciones-2025x11x05-a.pdf
2025-11-05,054,CONSTANZA,LA VEGA,MINISTERIO DE AGRICULTURA,EMCI,26.0,11.5,0.0,https://indomet.gob.do/wp-content/uploads/2025/11/temperaturas-extremas-y-precipitaciones-2025x11x05-a.pdf
2025-11-05,055,CONSTANZA (EMA),LA VEGA,PROGRAMA MUNDIAL DE ALIMENTO,EMAP,24.9,13.1,0.0,https://indomet.gob.do/wp-content/uploads/2025/11/temperaturas-extremas-y-precipitaciones-2025x11x05-a.pdf
2025-11-05,056,DAJABÓN,DAJABÓN,INSTITUTO POLITÉCNICO LOYOLA,EMCI,34.0,23.1,0.0,https://indomet.gob.do/wp-content/uploads/2025/11/temperaturas-extremas-y-precipitaciones-2025x11x05-a.pdf
2025-11-05,057,ELÍAS PIÑA,ELÍAS PIÑA,MINISTERIO DE AGRICULTURA,EMCV,,,0.0,https://indomet.gob.do/wp-content/uploads/2025/11/temperaturas-extremas-y-precipitaciones-2025x11x05-a.pdf
2025-11-05,058,GURABO,SANTIAGO,MINISTERIO DE AGRICULTURA,EMCV,,,0.0,https://indomet.gob.do/wp-content/uploads/2025/11/temperaturas-extremas-y-precipitaciones-2025x11x05-a.pdf
2025-11-05,059,JANICO (EMA),LA VEGA,PLAN SIERRA,EMAI,,,0.0,https://indomet.gob.do/wp-content/uploads/2025/11/temperaturas-extremas-y-precipitaciones-2025x11x05-a.pdf
2025-11-05,060,JARDÍN BOTÁNICO SANTIAGO (EMSANTIAGO,,JARDIN BOTANICO SANTIAGO,EMAI,32.3,26.4,0.0,https://indomet.gob.do/wp-content/uploads/2025/11/temperaturas-extremas-y-precipitaciones-2025x11x05-a.pdf
2025-11-05,061,JIMANÍ,INDEPENDENCIA,MINISTERIO DE AGRICULTURA,EMCI,34.0,23.4,0.0,https://indomet.gob.do/wp-content/uploads/2025/11/temperaturas-extremas-y-precipitaciones-2025x11x05-a.pdf
2025-11-05,062,LA VICTORIA,SANTO DOMINGO,CUERPO DE BOMBEROS,EMCI,34.0,23.0,0.0,https://indomet.gob.do/wp-content/uploads/2025/11/temperaturas-extremas-y-precipitaciones-2025x11x05-a.pdf
2025-11-05,063,LAS CANAS (EMA),MONTE CRISTI,PROGRAMA MUNDIAL DE ALIMENTO,EMAP,28.9,21.6,0.0,https://indomet.gob.do/wp-content/uploads/2025/11/temperaturas-extremas-y-precipitaciones-2025x11x05-a.pdf
2025-11-05,064,LOS LLANOS,SAN PEDRO DE MACORÍS,MINISTERIO DE AGRICULTURA,EMCI,32.9,23.4,0.0,https://indomet.gob.do/wp-content/uploads/2025/11/temperaturas-extremas-y-precipitaciones-2025x11x05-a.pdf
2025-11-05,065,MAO,VALVERDE,INDRHI / MINISTERIO DE AGRICULTURA,EMCV,,,0.0,https://indomet.gob.do/wp-content/uploads/2025/11/temperaturas-extremas-y-precipitaciones-2025x11x05-a.pdf
2025-11-05,066,MONCIÓN (EMA),SANTIAGO RODRÍGUEZ,PROGRAMA MUNDIAL DE ALIMENTO,EMAP,30.8,19.1,0.0,https://indomet.gob.do/wp-content/uploads/2025/11/temperaturas-extremas-y-precipitaciones-2025x11x05-a.pdf
2025-11-05,067,MONTE CRISTI,MONTE CRISTI,INDOMET,EMCI,32.0,23.0,0.0,https://indomet.gob.do/wp-content/uploads/2025/11/temperaturas-extremas-y-precipitaciones-2025x11x05-a.pdf
2025-11-05,068,OLIVARES,PEDERNALES,INDRHI,EMCI,,,0.0,https://indomet.gob.do/wp-content/uploads/2025/11/temperaturas-extremas-y-precipitaciones-2025x11x05-a.pdf
2025-11-05,069,PADRE LAS CASAS,AZUA,HOSP. NTRA. SRA. DEL CARMEN,EMCI,32.0,18.0,0.0,https://indomet.gob.do/wp-content/uploads/2025/11/temperaturas-extremas-y-precipitaciones-2025x11x05-a.pdf
2025-11-05,070,PALO ÍNDIO,PUERTO PLATA,MINISTERIO DE AGRICULTURA,EMCI,,,0.0,https://indomet.gob.do/wp-content/uploads/2025/11/temperaturas-extremas-y-precipitaciones-2025x11x05-a.pdf
2025-11-05,071,PASO AL MEDIO,SAN PEDRO DE MACORÍS,INDRHI,EMCI,,,0.0,https://indomet.gob.do/wp-content/uploads/2025/11/temperaturas-extremas-y-precipitaciones-2025x11x05-a.pdf
2025-11-05,072,PERALTA,AZUA,HOSP. MPAL. DE PERALTA,EMCI,31.0,17.6,0.0,https://indomet.gob.do/wp-content/uploads/2025/11/temperaturas-extremas-y-precipitaciones-2025x11x05-a.pdf
2025-11-05,073,PESCADERIA (EMA),BARAHONA,MINISTERIO DE AGRICULTURA,EMAP,,,0.0,https://indomet.gob.do/wp-content/uploads/2025/11/temperaturas-extremas-y-precipitaciones-2025x11x05-a.pdf
2025-11-05,074,POLO,BARAHONA,INDOCAFE,EMCI,28.4,16.2,0.0,https://indomet.gob.do/wp-content/uploads/2025/11/temperaturas-extremas-y-precipitaciones-2025x11x05-a.pdf
2025-11-05,075,PRESA DE TAVERAS (EMA),LA VEGA,PROGRAMA MUNDIAL DE ALIMENTO,EMAP,30.3,21.7,0.0,https://indomet.gob.do/wp-content/uploads/2025/11/temperaturas-extremas-y-precipitaciones-2025x11x05-a.pdf
2025-11-05,076,SABANETA (EMA),SANTIAGO RODRÍGUEZ,PROGRAMA MUNDIAL DE ALIMENTO,EMAP,33.3,20.6,0.0,https://indomet.gob.do/wp-content/uploads/2025/11/temperaturas-extremas-y-precipitaciones-2025x11x05-a.pdf
2025-11-05,077,SAJOMA (EMA),SANTIAGO,PLAN SIERRA,EMAI,30.5,21.0,0.0,https://indomet.gob.do/wp-content/uploads/2025/11/temperaturas-extremas-y-precipitaciones-2025x11x05-a.pdf
2025-11-05,078,SAN CRISTÓBAL,SAN CRISTÓBAL,INSTITUTO POLITÉCNICO LOYOLA,EMCI,33.0,21.2,0.0,https://indomet.gob.do/wp-content/uploads/2025/11/temperaturas-extremas-y-precipitaciones-2025x11x05-a.pdf
2025-11-05,079,SANTIAGO RODRÍGUEZ,SANTIAGO RODRÍGUEZ,INDOMET,EMCI,34.0,21.0,0.0,https://indomet.gob.do/wp-content/uploads/2025/11/temperaturas-extremas-y-precipitaciones-2025x11x05-a.pdf
2025-11-05,080,TÁBARA ABAJO,AZUA,INDRHI,EMCI,35.5,20.3,0.0,https://indomet.gob.do/wp-content/uploads/2025/11/temperaturas-extremas-y-precipitaciones-2025x11x05-a.pdf
2025-11-05,081,TAVERA,SANTIAGO,INDRHI,EMCI,,,0.0,https://indomet.gob.do/wp-content/uploads/2025/11/temperaturas-extremas-y-precipitaciones-2025x11x05-a.pdf
2025-11-05,082,VILLA ALTAGRACIA,SAN CRISTÓBAL,ESCUELA JAVIER ANGULO GURIDI,EMCI,,,0.0,https://indomet.gob.do/wp-content/uploads/2025/11/temperaturas-extremas-y-precipitaciones-2025x11x05-a.pdf
2025-11-05,083,VILLA GONZALE (EMA),SANTIAGO,IGLESIA,EMAI,,,0.0,https://indomet.gob.do/wp-content/uploads/2025/11/temperaturas-extremas-y-precipitaciones-2025x11x05-a.pdf
2025-11-05,084,VILLA ISABELA,PUERTO PLATA,MINISTERIO DE AGRICULTURA,EMCV,,,0.0,https://indomet.gob.do/wp-content/uploads/2025/11/temperaturas-extremas-y-precipitaciones-2025x11x05-a.pdf
2025-11-05,085,VILLA VASQUEZ (EMA),MONTE CRISTI,JUNTA DE REGANTES,EMAI,,,0.0,https://indomet.gob.do/wp-content/uploads/2025/11/temperaturas-extremas-y-precipitaciones-2025x11x05-a.pdf
2025-11-06,001,OVIEDO,PEDERNALES,CLÍNICA RURAL OVIEDO,EMCI,31.5,22.5,39.8,https://indomet.gob.do/wp-content/uploads/2025/11/temperaturas-extremas-y-precipitaciones-2025x11x06-a.pdf
2025-11-06,002,EL FACTOR (EMA),MARÍA TRINIDAD SÁNCHEZ,INTEC,EMAP,31.4,22.9,13.5,https://indomet.gob.do/wp-content/uploads/2025/11/temperaturas-extremas-y-precipitaciones-2025x11x06-a.pdf
2025-11-06,003,ENRIQUILLO,BARAHONA,MINISTERIO DE AGRICULTURA,EMCV,32.0,22.3,9.2,https://indomet.gob.do/wp-content/uploads/2025/11/temperaturas-extremas-y-precipitaciones-2025x11x06-a.pdf
2025-11-06,004,LOS JENGIBRES,NAGUA,INDRHI,EMCI,,,4.9,https://indomet.gob.do/wp-content/uploads/2025/11/temperaturas-extremas-y-precipitaciones-2025x11x06-a.pdf
2025-11-06,005,SABANA GRANDE DE BOYÁ,MONTE PLATA,MINISTERIO DE AGRICULTURA,EMCV,,,4.6,https://indomet.gob.do/wp-content/uploads/2025/11/temperaturas-extremas-y-precipitaciones-2025x11x06-a.pdf
2025-11-06,006,LOS LLANOS,SAN PEDRO DE MACORÍS,MINISTERIO DE AGRICULTURA,EMCI,33.0,21.9,4.4,https://indomet.gob.do/wp-content/uploads/2025/11/temperaturas-extremas-y-precipitaciones-2025x11x06-a.pdf
2025-11-06,007,BASE AÉREA DE SAN ISIDRO,SANTO DOMINGO,FUERZA AÉREA DOMINICANA,EMCV,31.6,22.5,4.0,https://indomet.gob.do/wp-content/uploads/2025/11/temperaturas-extremas-y-precipitaciones-2025x11x06-a.pdf
2025-11-06,008,BAYAGUANA,MONTE PLATA,INDOMET,EMCI,33.0,21.7,3.9,https://indomet.gob.do/wp-content/uploads/2025/11/temperaturas-extremas-y-precipitaciones-2025x11x06-a.pdf
2025-11-06,009,ARPT. ARROYO BARRIL,SAMANÁ,INDOMET,EMCI,31.0,23.6,1.9,https://indomet.gob.do/wp-content/uploads/2025/11/temperaturas-extremas-y-precipitaciones-2025x11x06-a.pdf
2025-11-06,010,PERALTA,AZUA,HOSP. MPAL. DE PERALTA,EMCI,28.5,17.0,1.6,https://indomet.gob.do/wp-content/uploads/2025/11/temperaturas-extremas-y-precipitaciones-2025x11x06-a.pdf
2025-11-06,011,SAN JOSÉ DE OCOA,SAN JOSÉ DE OCOA,HOSP. SAN JOSÉ DE OCOA,EMCI,28.9,20.1,1.6,https://indomet.gob.do/wp-content/uploads/2025/11/temperaturas-extremas-y-precipitaciones-2025x11x06-a.pdf
2025-11-06,012,OLIVARES,PEDERNALES,INDRHI,EMCI,,,1.4,https://indomet.gob.do/wp-content/uploads/2025/11/temperaturas-extremas-y-precipitaciones-2025x11x06-a.pdf
2025-11-06,013,RANCHO ARRIBA,SAN JOSÉ DE OCOA,CENTRO TECNOLÓGICO COMUNITARIO,EMCI,31.1,21.5,1.3,https://indomet.gob.do/wp-content/uploads/2025/11/temperaturas-extremas-y-precipitaciones-2025x11x06-a.pdf
2025-11-06,014,VILLA RIVA,DUARTE,HOSP. MPAL. ALICIA DE LEGENDRE,EMCI,31.1,21.5,1.3,https://indomet.gob.do/wp-content/uploads/2025/11/temperaturas-extremas-y-precipitaciones-2025x11x06-a.pdf
2025-11-06,015,ARPT. DE PUNTA CANA,LA ALTAGRACIA,INDOMET,EMCI,30.8,23.5,1.2,https://indomet.gob.do/wp-content/uploads/2025/11/temperaturas-extremas-y-precipitaciones-2025x11x06-a.pdf
2025-11-06,016,VILLA ALTAGRACIA,SAN CRISTÓBAL,ESCUELA JAVIER ANGULO GURIDI,EMCI,,,1.2,https://indomet.gob.do/wp-content/uploads/2025/11/temperaturas-extremas-y-precipitaciones-2025x11x06-a.pdf
2025-11-06,017,SANTO DOMINGO ESTE,SANTO DOMINGO,INDOMET,EMCI,32.2,24.4,0.9,https://indomet.gob.do/wp-content/uploads/2025/11/temperaturas-extremas-y-precipitaciones-2025x11x06-a.pdf
2025-11-06,018,SAN CRISTÓBAL,SAN CRISTÓBAL,INSTITUTO POLITÉCNICO LOYOLA,EMCI,33.0,19.2,0.5,https://indomet.gob.do/wp-content/uploads/2025/11/temperaturas-extremas-y-precipitaciones-2025x11x06-a.pdf
2025-11-06,019,BOCA DE MAO (EMA),VALVERDE,MINISTERIO DE AGRICULTURA,EMAP,34.3,22.7,0.2,https://indomet.gob.do/wp-content/uploads/2025/11/temperaturas-extremas-y-precipitaciones-2025x11x06-a.pdf
2025-11-06,020,SABANA DE LA MAR,HATO MAYOR,INDOMET,EMCI,32.0,22.0,0.2,https://indomet.gob.do/wp-content/uploads/2025/11/temperaturas-extremas-y-precipitaciones-2025x11x06-a.pdf
2025-11-06,021,VALLE NUEVO (EMA),LA VEGA,MARENA,EMAI,18.1,7.8,0.2,https://indomet.gob.do/wp-content/uploads/2025/11/temperaturas-extremas-y-precipitaciones-2025x11x06-a.pdf
2025-11-06,022,SAN RAFAEL DEL YUMA,LA ALTAGRACIA,MINISTERIO DE AGRICULTURA,EMCI,32.2,23.5,0.1,https://indomet.gob.do/wp-content/uploads/2025/11/temperaturas-extremas-y-precipitaciones-2025x11x06-a.pdf
2025-11-06,023,ALTAMIRA,PUERTO PLATA,HOSP. MPAL. DE ALTAMIRA,EMCI,31.3,20.4,0.0,https://indomet.gob.do/wp-content/uploads/2025/11/temperaturas-extremas-y-precipitaciones-2025x11x06-a.pdf
2025-11-06,024,ALTO BANDERA (EMA),LA VEGA,INTEC,EMAP,16.1,6.9,0.0,https://indomet.gob.do/wp-content/uploads/2025/11/temperaturas-extremas-y-precipitaciones-2025x11x06-a.pdf
2025-11-06,025,ANAMUYA (EMA),LA ALTAGRACIA,MINISTERIO DE AGRICULTURA,EMAP,32.1,24.6,0.0,https://indomet.gob.do/wp-content/uploads/2025/11/temperaturas-extremas-y-precipitaciones-2025x11x06-a.pdf
2025-11-06,026,ARPT. DE LA ROMANA,LA ROMANA,INDOMET,EMCI,32.0,21.7,0.0,https://indomet.gob.do/wp-content/uploads/2025/11/temperaturas-extremas-y-precipitaciones-2025x11x06-a.pdf
2025-11-06,027,ARPT. DE LAS AMÉRICAS,SANTO DOMINGO,INDOMET,EMCI,31.0,22.8,0.0,https://indomet.gob.do/wp-content/uploads/2025/11/temperaturas-extremas-y-precipitaciones-2025x11x06-a.pdf
2025-11-06,028,ARPT. DEL CIBAO,SANTIAGO,INDOMET,EMCI,32.5,22.0,0.0,https://indomet.gob.do/wp-content/uploads/2025/11/temperaturas-extremas-y-precipitaciones-2025x11x06-a.pdf
2025-11-06,029,ARPT. EL CATEY,SAMANÁ,INDOMET,EMCI,29.4,22.5,0.0,https://indomet.gob.do/wp-content/uploads/2025/11/temperaturas-extremas-y-precipitaciones-2025x11x06-a.pdf
2025-11-06,030,ARPT. GREGORIO LUPERÓN,PUERTO PLATA,INDOMET,EMCI,31.5,22.0,0.0,https://indomet.gob.do/wp-content/uploads/2025/11/temperaturas-extremas-y-precipitaciones-2025x11x06-a.pdf
2025-11-06,031,ARPT. LA ISABELA,SANTO DOMINGO,INDOMET,EMCI,31.5,21.5,0.0,https://indomet.gob.do/wp-content/uploads/2025/11/temperaturas-extremas-y-precipitaciones-2025x11x06-a.pdf
2025-11-06,032,ARPT. MARÍA MONTEZ,BARAHONA,INDOMET,EMCI,32.0,23.2,0.0,https://indomet.gob.do/wp-content/uploads/2025/11/temperaturas-extremas-y-precipitaciones-2025x11x06-a.pdf
2025-11-06,033,ARROYO LORO,SAN JUAN,IDIAF,EMCI,31.0,19.5,0.0,https://indomet.gob.do/wp-content/uploads/2025/11/temperaturas-extremas-y-precipitaciones-2025x11x06-a.pdf
2025-11-06,034,BANI (EMA),PERAVIA,MINISTERIO DE AGRICULTURA,EMAP,29.8,24.9,0.0,https://indomet.gob.do/wp-content/uploads/2025/11/temperaturas-extremas-y-precipitaciones-2025x11x06-a.pdf
2025-11-06,035,CABRERA,MARÍA TRINIDAD SÁNCHEZ,ESCUELA ARÍSTIDES FIALLO CABRAL,EMCI,33.0,24.0,0.0,https://indomet.gob.do/wp-content/uploads/2025/11/temperaturas-extremas-y-precipitaciones-2025x11x06-a.pdf
2025-11-06,036,CENTRO DE LOS HEROES (EMA),DISTRITO NACIONAL,MINISTERIO DE ENERGIA Y MINA,EMAP,30.7,25.8,0.0,https://indomet.gob.do/wp-content/uploads/2025/11/temperaturas-extremas-y-precipitaciones-2025x11x06-a.pdf
2025-11-06,037,CONSTANZA,LA VEGA,MINISTERIO DE AGRICULTURA,EMCI,28.5,13.2,0.0,https://indomet.gob.do/wp-content/uploads/2025/11/temperaturas-extremas-y-precipitaciones-2025x11x06-a.pdf
2025-11-06,038,CONSTANZA (EMA),LA VEGA,PROGRAMA MUNDIAL DE ALIMENTO,EMAP,26.6,14.9,0.0,https://indomet.gob.do/wp-content/uploads/2025/11/temperaturas-extremas-y-precipitaciones-2025x11x06-a.pdf
2025-11-06,039,COTUÍ,SÁNCHEZ RAMÍREZ,HOSP. INMACULADA CONCEPCIÓN,EMCV,,,0.0,https://indomet.gob.do/wp-content/uploads/2025/11/temperaturas-extremas-y-precipitaciones-2025x11x06-a.pdf
2025-11-06,040,DAJABÓN,DAJABÓN,INSTITUTO POLITÉCNICO LOYOLA,EMCI,35.3,21.4,0.0,https://indomet.gob.do/wp-content/uploads/2025/11/temperaturas-extremas-y-precipitaciones-2025x11x06-a.pdf
2025-11-06,041,ELÍAS PIÑA,ELÍAS PIÑA,MINISTERIO DE AGRICULTURA,EMCV,,,0.0,https://indomet.gob.do/wp-content/uploads/2025/11/temperaturas-extremas-y-precipitaciones-2025x11x06-a.pdf
2025-11-06,042,GASPAR HERNÁNDEZ,ESPAILLAT,PROPIEDAD DEL EMPLEADO,EMCI,,,0.0,https://indomet.gob.do/wp-content/uploads/2025/11/temperaturas-extremas-y-precipitaciones-2025x11x06-a.pdf
2025-11-06,043,GURABO,SANTIAGO,MINISTERIO DE AGRICULTURA,EMCV,,,0.0,https://indomet.gob.do/wp-content/uploads/2025/11/temperaturas-extremas-y-precipitaciones-2025x11x06-a.pdf
2025-11-06,044,HATO MAYOR,HATO MAYOR,MINISTERIO DE AGRICULTURA,EMCV,,,0.0,https://indomet.gob.do/wp-content/uploads/2025/11/temperaturas-extremas-y-precipitaciones-2025x11x06-a.pdf
2025-11-06,045,JARABACOA,LA VEGA,INDRHI / MARENA,EMCI,32.0,17.2,0.0,https://indomet.gob.do/wp-content/uploads/2025/11/temperaturas-extremas-y-precipitaciones-2025x11x06-a.pdf
2025-11-06,046,JARDÍN BOTÁNICO NACIONAL,DISTRITO NACIONAL,JARDÍN BOTÁNICO NACIONAL,EMCV,32.3,21.0,0.0,https://indomet.gob.do/wp-content/uploads/2025/11/temperaturas-extremas-y-precipitaciones-2025x11x06-a.pdf
2025-11-06,047,JIMANÍ,INDEPENDENCIA,MINISTERIO DE AGRICULTURA,EMCI,33.6,23.5,0.0,https://indomet.gob.do/wp-content/uploads/2025/11/temperaturas-extremas-y-precipitaciones-2025x11x06-a.pdf
2025-11-06,048,JUMA BEJUCAL,MONSEÑOR NOUEL,IDIAF,EMCV,31.2,22.6,0.0,https://indomet.gob.do/wp-content/uploads/2025/11/temperaturas-extremas-y-precipitaciones-2025x11x06-a.pdf
2025-11-06,049,LA VEGA,LA VEGA,IATESA,EMCI,33.0,23.0,0.0,https://indomet.gob.do/wp-content/uploads/2025/11/temperaturas-extremas-y-precipitaciones-2025x11x06-a.pdf
2025-11-06,050,LA VICTORIA,SANTO DOMINGO,CUERPO DE BOMBEROS,EMCI,34.0,22.5,0.0,https://indomet.gob.do/wp-content/uploads/2025/11/temperaturas-extremas-y-precipitaciones-2025x11x06-a.pdf
2025-11-06,051,LAS CANAS (EMA),MONTE CRISTI,PROGRAMA MUNDIAL DE ALIMENTO,EMAP,29.8,22.9,0.0,https://indomet.gob.do/wp-content/uploads/2025/11/temperaturas-extremas-y-precipitaciones-2025x11x06-a.pdf
2025-11-06,052,MAO,VALVERDE,INDRHI / MINISTERIO DE AGRICULTURA,EMCV,,,0.0,https://indomet.gob.do/wp-content/uploads/2025/11/temperaturas-extremas-y-precipitaciones-2025x11x06-a.pdf
2025-11-06,053,MICHES (EMA),EL SEIBO,PRIVADA,EMAP,31.4,23.4,0.0,https://indomet.gob.do/wp-content/uploads/2025/11/temperaturas-extremas-y-precipitaciones-2025x11x06-a.pdf
2025-11-06,054,MONCIÓN (EMA),SANTIAGO RODRÍGUEZ,PROGRAMA MUNDIAL DE ALIMENTO,EMAP,30.2,20.3,0.0,https://indomet.gob.do/wp-content/uploads/2025/11/temperaturas-extremas-y-precipitaciones-2025x11x06-a.pdf
2025-11-06,055,MONTE CRISTI,MONTE CRISTI,INDOMET,EMCI,33.2,22.5,0.0,https://indomet.gob.do/wp-content/uploads/2025/11/temperaturas-extremas-y-precipitaciones-2025x11x06-a.pdf
2025-11-06,056,PADRE LAS CASAS,AZUA,HOSP. NTRA. SRA. DEL CARMEN,EMCI,28.9,18.5,0.0,https://indomet.gob.do/wp-content/uploads/2025/11/temperaturas-extremas-y-precipitaciones-2025x11x06-a.pdf
2025-11-06,057,PALO ÍNDIO,PUERTO PLATA,MINISTERIO DE AGRICULTURA,EMCI,,,0.0,https://indomet.gob.do/wp-content/uploads/2025/11/temperaturas-extremas-y-precipitaciones-2025x11x06-a.pdf
2025-11-06,058,PASO AL MEDIO,SAN PEDRO DE MACORÍS,INDRHI,EMCI,,,0.0,https://indomet.gob.do/wp-content/uploads/2025/11/temperaturas-extremas-y-precipitaciones-2025x11x06-a.pdf
2025-11-06,059,PEDERNALES,PEDERNALES,INDRHI,EMCI,,,0.0,https://indomet.gob.do/wp-content/uploads/2025/11/temperaturas-extremas-y-precipitaciones-2025x11x06-a.pdf
2025-11-06,060,PESCADERIA (EMA),BARAHONA,MINISTERIO DE AGRICULTURA,EMAP,,,0.0,https://indomet.gob.do/wp-content/uploads/2025/11/temperaturas-extremas-y-precipitaciones-2025x11x06-a.pdf
2025-11-06,061,POLO,BARAHONA,INDOCAFE,EMCI,27.6,15.4,0.0,https://indomet.gob.do/wp-content/uploads/2025/11/temperaturas-extremas-y-precipitaciones-2025x11x06-a.pdf
2025-11-06,062,PONTÓN ABAJO (EMA),LA VEGA,MINISTERIO DE AGRICULTURA,EMAP,33.1,23.5,0.0,https://indomet.gob.do/wp-content/uploads/2025/11/temperaturas-extremas-y-precipitaciones-2025x11x06-a.pdf
2025-11-06,063,PRESA DE TAVERAS (EMA),LA VEGA,PROGRAMA MUNDIAL DE ALIMENTO,EMAP,31.7,21.6,0.0,https://indomet.gob.do/wp-content/uploads/2025/11/temperaturas-extremas-y-precipitaciones-2025x11x06-a.pdf
2025-11-06,064,RESTAURACIÓN,DAJABÓN,MINISTERIO DE AGRICULTURA,EMCI,29.2,16.9,0.0,https://indomet.gob.do/wp-content/uploads/2025/11/temperaturas-extremas-y-precipitaciones-2025x11x06-a.pdf
2025-11-06,065,RÍO SAN JUAN,MARÍA TRINIDAD SÁNCHEZ,HOSP. MPAL. DR. DESIDERIO ACOSTA,EMCV,33.5,24.2,0.0,https://indomet.gob.do/wp-content/uploads/2025/11/temperaturas-extremas-y-precipitaciones-2025x11x06-a.pdf
2025-11-06,066,SABANETA (EMA),SANTIAGO RODRÍGUEZ,PROGRAMA MUNDIAL DE ALIMENTO,EMAP,34.1,22.1,0.0,https://indomet.gob.do/wp-content/uploads/2025/11/temperaturas-extremas-y-precipitaciones-2025x11x06-a.pdf
2025-11-06,067,SALCEDO,HERMANAS MIRABAL,PROPIEDAD DEL EMPLEADO,EMCI,,,0.0,https://indomet.gob.do/wp-content/uploads/2025/11/temperaturas-extremas-y-precipitaciones-2025x11x06-a.pdf
2025-11-06,068,SAMANÁ,SAMANÁ,COMANDANCIA DE PUERTO DE SAMANÁ,EMCI,32.5,20.4,0.0,https://indomet.gob.do/wp-content/uploads/2025/11/temperaturas-extremas-y-precipitaciones-2025x11x06-a.pdf
2025-11-06,069,SAN FRANCISCO DE MACORÍS,DUARTE,San Francisco de Macorís (UASD),EMCI,31.6,22.3,0.0,https://indomet.gob.do/wp-content/uploads/2025/11/temperaturas-extremas-y-precipitaciones-2025x11x06-a.pdf
2025-11-06,070,SÁNCHEZ,SAMANÁ,MINISTERIO DE AGRICULTURA,EMCI,31.2,22.6,0.0,https://indomet.gob.do/wp-content/uploads/2025/11/temperaturas-extremas-y-precipitaciones-2025x11x06-a.pdf
2025-11-06,071,SAJOMA (EMA),SANTIAGO,PLAN SIERRA,EMAI,,,0.0,https://indomet.gob.do/wp-content/uploads/2025/11/temperaturas-extremas-y-precipitaciones-2025x11x06-a.pdf
2025-11-06,072,JARDÍN BOTÁNICO SANTIAGO (EMSANTIAGO,,JARDIN BOTANICO SANTIAGO,EMAI,,,0.0,https://indomet.gob.do/wp-content/uploads/2025/11/temperaturas-extremas-y-precipitaciones-2025x11x06-a.pdf
2025-11-06,073,BUCARA (EMA),SANTIAGO,MINISTERIO DE AGRICULTURA,EMAI,,,0.0,https://indomet.gob.do/wp-content/uploads/2025/11/temperaturas-extremas-y-precipitaciones-2025x11x06-a.pdf
2025-11-06,074,VILLA GONZALE (EMA),SANTIAGO,IGLESIA,EMAI,,,0.0,https://indomet.gob.do/wp-content/uploads/2025/11/temperaturas-extremas-y-precipitaciones-2025x11x06-a.pdf
2025-11-06,075,VILLA VASQUEZ (EMA),MONTE CRISTI,JUNTA DE REGANTES,EMAI,,,0.0,https://indomet.gob.do/wp-content/uploads/2025/11/temperaturas-extremas-y-precipitaciones-2025x11x06-a.pdf
2025-11-06,076,SANTIAGO RODRÍGUEZ,SANTIAGO RODRÍGUEZ,INDOMET,EMCI,34.2,22.5,0.0,https://indomet.gob.do/wp-content/uploads/2025/11/temperaturas-extremas-y-precipitaciones-2025x11x06-a.pdf
2025-11-06,077,TÁBARA ABAJO,AZUA,INDRHI,EMCI,34.9,23.3,0.0,https://indomet.gob.do/wp-content/uploads/2025/11/temperaturas-extremas-y-precipitaciones-2025x11x06-a.pdf
2025-11-06,078,TAMBORIL,SANTIAGO,MINISTERIO DE AGRICULTURA,EMCV,,,0.0,https://indomet.gob.do/wp-content/uploads/2025/11/temperaturas-extremas-y-precipitaciones-2025x11x06-a.pdf
2025-11-06,079,JIMA ABAJO,LA VEGA,INDOMET,EMCI,32.0,21.0,0.0,https://indomet.gob.do/wp-content/uploads/2025/11/temperaturas-extremas-y-precipitaciones-2025x11x06-a.pdf
2025-11-06,080,TAVERA,SANTIAGO,INDRHI,EMCI,,,0.0,https://indomet.gob.do/wp-content/uploads/2025/11/temperaturas-extremas-y-precipitaciones-2025x11x06-a.pdf
2025-11-06,081,VILLA GONZALES,SANTIAGO,MINISTERIO DE AGRICULTURA,EMCI,,,0.0,https://indomet.gob.do/wp-content/uploads/2025/11/temperaturas-extremas-y-precipitaciones-2025x11x06-a.pdf
2025-11-07,001,SABANA GRANDE DE BOYÁ,MONTE PLATA,MINISTERIO DE AGRICULTURA,EMCV,,,20.8,https://indomet.gob.do/wp-content/uploads/2025/11/temperaturas-extremas-y-precipitaciones-2025x11x07-a.pdf
2025-11-07,002,ENRIQUILLO,BARAHONA,MINISTERIO DE AGRICULTURA,EMCV,32.0,22.0,10.0,https://indomet.gob.do/wp-content/uploads/2025/11/temperaturas-extremas-y-precipitaciones-2025x11x07-a.pdf
2025-11-07,003,OVIEDO,PEDERNALES,CLÍNICA RURAL OVIEDO,EMCI,31.5,22.0,8.4,https://indomet.gob.do/wp-content/uploads/2025/11/temperaturas-extremas-y-precipitaciones-2025x11x07-a.pdf
2025-11-07,004,EL FACTOR (EMA),MARÍA TRINIDAD SÁNCHEZ,INTEC,EMAP,32.1,23.2,7.9,https://indomet.gob.do/wp-content/uploads/2025/11/temperaturas-extremas-y-precipitaciones-2025x11x07-a.pdf
2025-11-07,005,SANTIAGO RODRÍGUEZ,SANTIAGO RODRÍGUEZ,INDOMET,EMCI,32.0,22.0,7.6,https://indomet.gob.do/wp-content/uploads/2025/11/temperaturas-extremas-y-precipitaciones-2025x11x07-a.pdf
2025-11-07,006,VILLA RIVA,DUARTE,HOSP. MPAL. ALICIA DE LEGENDRE,EMCI,32.0,22.0,7.6,https://indomet.gob.do/wp-content/uploads/2025/11/temperaturas-extremas-y-precipitaciones-2025x11x07-a.pdf
2025-11-07,007,BANI (EMA),PERAVIA,MINISTERIO DE AGRICULTURA,EMAP,31.2,24.2,4.2,https://indomet.gob.do/wp-content/uploads/2025/11/temperaturas-extremas-y-precipitaciones-2025x11x07-a.pdf
2025-11-07,008,ARPT. DE LAS AMÉRICAS,SANTO DOMINGO,INDOMET,EMCI,31.0,22.7,3.0,https://indomet.gob.do/wp-content/uploads/2025/11/temperaturas-extremas-y-precipitaciones-2025x11x07-a.pdf
2025-11-07,009,LOS TRES CHARCOS (EMA),PEDERNALES,PROPIEDAD DEL VOLUNTARIO,EMAP,,,2.6,https://indomet.gob.do/wp-content/uploads/2025/11/temperaturas-extremas-y-precipitaciones-2025x11x07-a.pdf
2025-11-07,010,SANTO DOMINGO ESTE,SANTO DOMINGO,INDOMET,EMCI,32.8,25.0,2.4,https://indomet.gob.do/wp-content/uploads/2025/11/temperaturas-extremas-y-precipitaciones-2025x11x07-a.pdf
2025-11-07,011,SAN RAFAEL DEL YUMA,LA ALTAGRACIA,MINISTERIO DE AGRICULTURA,EMCI,32.1,23.0,2.0,https://indomet.gob.do/wp-content/uploads/2025/11/temperaturas-extremas-y-precipitaciones-2025x11x07-a.pdf
2025-11-07,012,ESCONDIDO,PERAVIA,MINISTERIO DE AGRICULTURA,EMCV,31.0,24.0,1.5,https://indomet.gob.do/wp-content/uploads/2025/11/temperaturas-extremas-y-precipitaciones-2025x11x07-a.pdf
2025-11-07,013,ARPT. DE PUNTA CANA,LA ALTAGRACIA,INDOMET,EMCI,31.2,24.0,1.2,https://indomet.gob.do/wp-content/uploads/2025/11/temperaturas-extremas-y-precipitaciones-2025x11x07-a.pdf
2025-11-07,014,BAYAGUANA,MONTE PLATA,INDOMET,EMCI,31.2,24.0,1.2,https://indomet.gob.do/wp-content/uploads/2025/11/temperaturas-extremas-y-precipitaciones-2025x11x07-a.pdf
2025-11-07,015,ARPT. DE LA ROMANA,LA ROMANA,INDOMET,EMCI,32.0,22.0,1.0,https://indomet.gob.do/wp-content/uploads/2025/11/temperaturas-extremas-y-precipitaciones-2025x11x07-a.pdf
2025-11-07,016,SAN CRISTÓBAL,SAN CRISTÓBAL,INSTITUTO POLITÉCNICO LOYOLA,EMCI,31.2,20.2,0.9,https://indomet.gob.do/wp-content/uploads/2025/11/temperaturas-extremas-y-precipitaciones-2025x11x07-a.pdf
2025-11-07,017,VILLA ALTAGRACIA,SAN CRISTÓBAL,ESCUELA JAVIER ANGULO GURIDI,EMCI,,,0.5,https://indomet.gob.do/wp-content/uploads/2025/11/temperaturas-extremas-y-precipitaciones-2025x11x07-a.pdf
2025-11-07,018,LA VICTORIA,SANTO DOMINGO,CUERPO DE BOMBEROS,EMCI,32.0,23.5,0.4,https://indomet.gob.do/wp-content/uploads/2025/11/temperaturas-extremas-y-precipitaciones-2025x11x07-a.pdf
2025-11-07,019,MICHES (EMA),EL SEIBO,PRIVADA,EMAP,31.5,21.9,0.4,https://indomet.gob.do/wp-content/uploads/2025/11/temperaturas-extremas-y-precipitaciones-2025x11x07-a.pdf
2025-11-07,020,VILLA GONZALE (EMA),SANTIAGO,IGLESIA,EMAI,,,0.4,https://indomet.gob.do/wp-content/uploads/2025/11/temperaturas-extremas-y-precipitaciones-2025x11x07-a.pdf
2025-11-07,021,ARPT. LA ISABELA,SANTO DOMINGO,INDOMET,EMCI,33.0,22.2,0.2,https://indomet.gob.do/wp-content/uploads/2025/11/temperaturas-extremas-y-precipitaciones-2025x11x07-a.pdf
2025-11-07,022,PERALTA,AZUA,HOSP. MPAL. DE PERALTA,EMCI,29.3,16.0,0.1,https://indomet.gob.do/wp-content/uploads/2025/11/temperaturas-extremas-y-precipitaciones-2025x11x07-a.pdf
2025-11-07,023,ALTAMIRA,PUERTO PLATA,HOSP. MPAL. DE ALTAMIRA,EMCI,32.7,20.3,0.0,https://indomet.gob.do/wp-content/uploads/2025/11/temperaturas-extremas-y-precipitaciones-2025x11x07-a.pdf
2025-11-07,024,ALTO BANDERA (EMA),LA VEGA,INTEC,EMAP,18.4,7.8,0.0,https://indomet.gob.do/wp-content/uploads/2025/11/temperaturas-extremas-y-precipitaciones-2025x11x07-a.pdf
2025-11-07,025,ANAMUYA (EMA),LA ALTAGRACIA,MINISTERIO DE AGRICULTURA,EMAP,31.7,22.8,0.0,https://indomet.gob.do/wp-content/uploads/2025/11/temperaturas-extremas-y-precipitaciones-2025x11x07-a.pdf
2025-11-07,026,ARPT. ARROYO BARRIL,SAMANÁ,INDOMET,EMCI,31.5,23.8,0.0,https://indomet.gob.do/wp-content/uploads/2025/11/temperaturas-extremas-y-precipitaciones-2025x11x07-a.pdf
2025-11-07,027,ARPT. DEL CIBAO,SANTIAGO,INDOMET,EMCI,32.6,22.0,0.0,https://indomet.gob.do/wp-content/uploads/2025/11/temperaturas-extremas-y-precipitaciones-2025x11x07-a.pdf
2025-11-07,028,ARPT. EL CATEY,SAMANÁ,INDOMET,EMCI,31.5,22.5,0.0,https://indomet.gob.do/wp-content/uploads/2025/11/temperaturas-extremas-y-precipitaciones-2025x11x07-a.pdf
2025-11-07,029,ARPT. GREGORIO LUPERÓN,PUERTO PLATA,INDOMET,EMCI,32.5,22.3,0.0,https://indomet.gob.do/wp-content/uploads/2025/11/temperaturas-extremas-y-precipitaciones-2025x11x07-a.pdf
2025-11-07,030,ARPT. MARÍA MONTEZ,BARAHONA,INDOMET,EMCI,32.0,23.6,0.0,https://indomet.gob.do/wp-content/uploads/2025/11/temperaturas-extremas-y-precipitaciones-2025x11x07-a.pdf
2025-11-07,031,ARROYO LORO,SAN JUAN,IDIAF,EMCI,31.5,18.6,0.0,https://indomet.gob.do/wp-content/uploads/2025/11/temperaturas-extremas-y-precipitaciones-2025x11x07-a.pdf
2025-11-07,032,BOCA DE MAO (EMA),VALVERDE,MINISTERIO DE AGRICULTURA,EMAP,34.2,22.7,0.0,https://indomet.gob.do/wp-content/uploads/2025/11/temperaturas-extremas-y-precipitaciones-2025x11x07-a.pdf
2025-11-07,033,BONAO,MONSEÑOR NOUEL,MINISTERIO DE AGRICULTURA,EMCV,,,0.0,https://indomet.gob.do/wp-content/uploads/2025/11/temperaturas-extremas-y-precipitaciones-2025x11x07-a.pdf
2025-11-07,034,BUCARA (EMA),SANTIAGO,MINISTERIO DE AGRICULTURA,EMAI,,,0.0,https://indomet.gob.do/wp-content/uploads/2025/11/temperaturas-extremas-y-precipitaciones-2025x11x07-a.pdf
2025-11-07,035,CABRERA,MARÍA TRINIDAD SÁNCHEZ,ESCUELA ARÍSTIDES FIALLO CABRAL,EMCI,32.7,25.4,0.0,https://indomet.gob.do/wp-content/uploads/2025/11/temperaturas-extremas-y-precipitaciones-2025x11x07-a.pdf
2025-11-07,036,CENTRO DE LOS HEROES (EMA),DISTRITO NACIONAL,MINISTERIO DE ENERGIA Y MINA,EMAP,31.6,25.6,0.0,https://indomet.gob.do/wp-content/uploads/2025/11/temperaturas-extremas-y-precipitaciones-2025x11x07-a.pdf
2025-11-07,037,CONSTANZA,LA VEGA,MINISTERIO DE AGRICULTURA,EMCI,26.7,13.0,0.0,https://indomet.gob.do/wp-content/uploads/2025/11/temperaturas-extremas-y-precipitaciones-2025x11x07-a.pdf
2025-11-07,038,CONSTANZA (EMA),LA VEGA,PROGRAMA MUNDIAL DE ALIMENTO,EMAP,25.7,14.8,0.0,https://indomet.gob.do/wp-content/uploads/2025/11/temperaturas-extremas-y-precipitaciones-2025x11x07-a.pdf
2025-11-07,039,DAJABÓN,DAJABÓN,INSTITUTO POLITÉCNICO LOYOLA,EMCI,34.1,20.5,0.0,https://indomet.gob.do/wp-content/uploads/2025/11/temperaturas-extremas-y-precipitaciones-2025x11x07-a.pdf
2025-11-07,040,ELÍAS PIÑA,ELÍAS PIÑA,MINISTERIO DE AGRICULTURA,EMCV,,,0.0,https://indomet.gob.do/wp-content/uploads/2025/11/temperaturas-extremas-y-precipitaciones-2025x11x07-a.pdf
2025-11-07,041,GASPAR HERNÁNDEZ,ESPAILLAT,PROPIEDAD DEL EMPLEADO,EMCI,,,0.0,https://indomet.gob.do/wp-content/uploads/2025/11/temperaturas-extremas-y-precipitaciones-2025x11x07-a.pdf
2025-11-07,042,GURABO,SANTIAGO,MINISTERIO DE AGRICULTURA,EMCV,,,0.0,https://indomet.gob.do/wp-content/uploads/2025/11/temperaturas-extremas-y-precipitaciones-2025x11x07-a.pdf
2025-11-07,043,HONDO VALLE,ELÍAS PIÑA,MINISTERIO DE AGRICULTURA,EMCI,26.1,16.9,0.0,https://indomet.gob.do/wp-content/uploads/2025/11/temperaturas-extremas-y-precipitaciones-2025x11x07-a.pdf
2025-11-07,044,JARABACOA,LA VEGA,INDRHI / MARENA,EMCI,32.4,17.0,0.0,https://indomet.gob.do/wp-content/uploads/2025/11/temperaturas-extremas-y-precipitaciones-2025x11x07-a.pdf
2025-11-07,045,JARDÍN BOTÁNICO SANTIAGO (EMSANTIAGO,,JARDIN BOTANICO SANTIAGO,EMAI,32.0,23.9,0.0,https://indomet.gob.do/wp-content/uploads/2025/11/temperaturas-extremas-y-precipitaciones-2025x11x07-a.pdf
2025-11-07,046,JIMA ABAJO,LA VEGA,INDOMET,EMCI,33.6,22.5,0.0,https://indomet.gob.do/wp-content/uploads/2025/11/temperaturas-extremas-y-precipitaciones-2025x11x07-a.pdf
2025-11-07,047,JIMANÍ,INDEPENDENCIA,MINISTERIO DE AGRICULTURA,EMCI,33.0,23.6,0.0,https://indomet.gob.do/wp-content/uploads/2025/11/temperaturas-extremas-y-precipitaciones-2025x11x07-a.pdf
2025-11-07,048,JUMA BEJUCAL,MONSEÑOR NOUEL,IDIAF,EMCV,32.0,21.6,0.0,https://indomet.gob.do/wp-content/uploads/2025/11/temperaturas-extremas-y-precipitaciones-2025x11x07-a.pdf
2025-11-07,049,LA VEGA,LA VEGA,IATESA,EMCI,32.8,21.0,0.0,https://indomet.gob.do/wp-content/uploads/2025/11/temperaturas-extremas-y-precipitaciones-2025x11x07-a.pdf
2025-11-07,050,LAS CANAS (EMA),MONTE CRISTI,PROGRAMA MUNDIAL DE ALIMENTO,EMAP,30.6,23.6,0.0,https://indomet.gob.do/wp-content/uploads/2025/11/temperaturas-extremas-y-precipitaciones-2025x11x07-a.pdf
2025-11-07,051,LOS LLANOS,SAN PEDRO DE MACORÍS,MINISTERIO DE AGRICULTURA,EMCI,32.7,22.8,0.0,https://indomet.gob.do/wp-content/uploads/2025/11/temperaturas-extremas-y-precipitaciones-2025x11x07-a.pdf
2025-11-07,052,MAO,VALVERDE,INDRHI / MINISTERIO DE AGRICULTURA,EMCV,,,0.0,https://indomet.gob.do/wp-content/uploads/2025/11/temperaturas-extremas-y-precipitaciones-2025x11x07-a.pdf
2025-11-07,053,MONCIÓN (EMA),SANTIAGO RODRÍGUEZ,PROGRAMA MUNDIAL DE ALIMENTO,EMAP,31.3,21.3,0.0,https://indomet.gob.do/wp-content/uploads/2025/11/temperaturas-extremas-y-precipitaciones-2025x11x07-a.pdf
2025-11-07,054,MONTE CRISTI,MONTE CRISTI,INDOMET,EMCI,35.3,24.5,0.0,https://indomet.gob.do/wp-content/uploads/2025/11/temperaturas-extremas-y-precipitaciones-2025x11x07-a.pdf
2025-11-07,055,NAVARRETE,SANTIAGO,MINISTERIO DE AGRICULTURA,EMCV,,,0.0,https://indomet.gob.do/wp-content/uploads/2025/11/temperaturas-extremas-y-precipitaciones-2025x11x07-a.pdf
2025-11-07,056,OLIVARES,PEDERNALES,INDRHI,EMCI,,,0.0,https://indomet.gob.do/wp-content/uploads/2025/11/temperaturas-extremas-y-precipitaciones-2025x11x07-a.pdf
2025-11-07,057,PADRE LAS CASAS,AZUA,HOSP. NTRA. SRA. DEL CARMEN,EMCI,31.2,19.1,0.0,https://indomet.gob.do/wp-content/uploads/2025/11/temperaturas-extremas-y-precipitaciones-2025x11x07-a.pdf
2025-11-07,058,PALO ÍNDIO,PUERTO PLATA,MINISTERIO DE AGRICULTURA,EMCI,,,0.0,https://indomet.gob.do/wp-content/uploads/2025/11/temperaturas-extremas-y-precipitaciones-2025x11x07-a.pdf
2025-11-07,059,PEDERNALES,PEDERNALES,INDRHI,EMCI,,,0.0,https://indomet.gob.do/wp-content/uploads/2025/11/temperaturas-extremas-y-precipitaciones-2025x11x07-a.pdf
2025-11-07,060,PESCADERIA (EMA),BARAHONA,MINISTERIO DE AGRICULTURA,EMAP,,,0.0,https://indomet.gob.do/wp-content/uploads/2025/11/temperaturas-extremas-y-precipitaciones-2025x11x07-a.pdf
2025-11-07,061,POLO,BARAHONA,INDOCAFE,EMCI,29.2,15.0,0.0,https://indomet.gob.do/wp-content/uploads/2025/11/temperaturas-extremas-y-precipitaciones-2025x11x07-a.pdf
2025-11-07,062,PONTÓN ABAJO (EMA),LA VEGA,MINISTERIO DE AGRICULTURA,EMAP,34.2,21.3,0.0,https://indomet.gob.do/wp-content/uploads/2025/11/temperaturas-extremas-y-precipitaciones-2025x11x07-a.pdf
2025-11-07,063,PRESA DE TAVERAS (EMA),LA VEGA,PROGRAMA MUNDIAL DE ALIMENTO,EMAP,,,0.0,https://indomet.gob.do/wp-content/uploads/2025/11/temperaturas-extremas-y-precipitaciones-2025x11x07-a.pdf
2025-11-07,064,RANCHO ARRIBA,SAN JOSÉ DE OCOA,CENTRO TECNOLÓGICO COMUNITARIO,EMCI,29.1,16.4,0.0,https://indomet.gob.do/wp-content/uploads/2025/11/temperaturas-extremas-y-precipitaciones-2025x11x07-a.pdf
2025-11-07,065,RESTAURACIÓN,DAJABÓN,MINISTERIO DE AGRICULTURA,EMCI,30.6,16.5,0.0,https://indomet.gob.do/wp-content/uploads/2025/11/temperaturas-extremas-y-precipitaciones-2025x11x07-a.pdf
2025-11-07,066,RÍO SAN JUAN,MARÍA TRINIDAD SÁNCHEZ,HOSP. MPAL. DR. DESIDERIO ACOSTA,EMCV,,,0.0,https://indomet.gob.do/wp-content/uploads/2025/11/temperaturas-extremas-y-precipitaciones-2025x11x07-a.pdf
2025-11-07,067,SABANA DE LA MAR,HATO MAYOR,INDOMET,EMCI,31.5,22.5,0.0,https://indomet.gob.do/wp-content/uploads/2025/11/temperaturas-extremas-y-precipitaciones-2025x11x07-a.pdf
2025-11-07,068,SABANETA (EMA),SANTIAGO RODRÍGUEZ,PROGRAMA MUNDIAL DE ALIMENTO,EMAP,34.8,23.3,0.0,https://indomet.gob.do/wp-content/uploads/2025/11/temperaturas-extremas-y-precipitaciones-2025x11x07-a.pdf
2025-11-07,069,SAJOMA (EMA),SANTIAGO,PLAN SIERRA,EMAI,30.6,24.1,0.0,https://indomet.gob.do/wp-content/uploads/2025/11/temperaturas-extremas-y-precipitaciones-2025x11x07-a.pdf
2025-11-07,070,SALCEDO,HERMANAS MIRABAL,PROPIEDAD DEL EMPLEADO,EMCI,,,0.0,https://indomet.gob.do/wp-content/uploads/2025/11/temperaturas-extremas-y-precipitaciones-2025x11x07-a.pdf
2025-11-07,071,SAMANÁ,SAMANÁ,COMANDANCIA DE PUERTO DE SAMANÁ,EMCI,32.9,20.0,0.0,https://indomet.gob.do/wp-content/uploads/2025/11/temperaturas-extremas-y-precipitaciones-2025x11x07-a.pdf
2025-11-07,072,SAN JOSÉ DE OCOA,SAN JOSÉ DE OCOA,HOSP. SAN JOSÉ DE OCOA,EMCI,31.4,19.8,0.0,https://indomet.gob.do/wp-content/uploads/2025/11/temperaturas-extremas-y-precipitaciones-2025x11x07-a.pdf
2025-11-07,073,SÁNCHEZ,SAMANÁ,MINISTERIO DE AGRICULTURA,EMCI,31.1,22.9,0.0,https://indomet.gob.do/wp-content/uploads/2025/11/temperaturas-extremas-y-precipitaciones-2025x11x07-a.pdf
2025-11-07,074,TÁBARA ABAJO,AZUA,INDRHI,EMCI,32.9,24.0,0.0,https://indomet.gob.do/wp-content/uploads/2025/11/temperaturas-extremas-y-precipitaciones-2025x11x07-a.pdf
2025-11-07,075,VALLE NUEVO (EMA),LA VEGA,MARENA,EMAI,19.2,4.3,0.0,https://indomet.gob.do/wp-content/uploads/2025/11/temperaturas-extremas-y-precipitaciones-2025x11x07-a.pdf
2025-11-07,076,VILLA GONZALES,SANTIAGO,MINISTERIO DE AGRICULTURA,EMCI,,,0.0,https://indomet.gob.do/wp-content/uploads/2025/11/temperaturas-extremas-y-precipitaciones-2025x11x07-a.pdf
2025-11-07,077,VILLA VASQUEZ (EMA),MONTE CRISTI,JUNTA DE REGANTES,EMAI,,,0.0,https://indomet.gob.do/wp-content/uploads/2025/11/temperaturas-extremas-y-precipitaciones-2025x11x07-a.pdf
2025-11-08,001,BAYAGUANA,MONTE PLATA,INDOMET,EMCI,32.5,22.2,34.0,https://indomet.gob.do/wp-content/uploads/2025/11/temperaturas-extremas-y-precipitaciones-2025x11x08-a.pdf
2025-11-08,002,VILLA RIVA,DUARTE,HOSP. MPAL. ALICIA DE LEGENDRE,EMCI,32.4,21.7,28.4,https://indomet.gob.do/wp-content/uploads/2025/11/temperaturas-extremas-y-precipitaciones-2025x11x08-a.pdf
2025-11-08,003,SABANA DE LA MAR,HATO MAYOR,INDOMET,EMCI,31.5,22.0,16.8,https://indomet.gob.do/wp-content/uploads/2025/11/temperaturas-extremas-y-precipitaciones-2025x11x08-a.pdf
2025-11-08,004,CABRERA,MARÍA TRINIDAD SÁNCHEZ,ESCUELA ARÍSTIDES FIALLO CABRAL,EMCI,33.0,25.0,16.5,https://indomet.gob.do/wp-content/uploads/2025/11/temperaturas-extremas-y-precipitaciones-2025x11x08-a.pdf
2025-11-08,005,POLO,BARAHONA,INDOCAFE,EMCI,28.4,16.0,15.4,https://indomet.gob.do/wp-content/uploads/2025/11/temperaturas-extremas-y-precipitaciones-2025x11x08-a.pdf
2025-11-08,006,HATO MAYOR,HATO MAYOR,MINISTERIO DE AGRICULTURA,EMCV,,,15.0,https://indomet.gob.do/wp-content/uploads/2025/11/temperaturas-extremas-y-precipitaciones-2025x11x08-a.pdf
2025-11-08,007,ARPT. ARROYO BARRIL,SAMANÁ,INDOMET,EMCI,32.6,24.9,13.9,https://indomet.gob.do/wp-content/uploads/2025/11/temperaturas-extremas-y-precipitaciones-2025x11x08-a.pdf
2025-11-08,008,SAMANÁ,SAMANÁ,COMANDANCIA DE PUERTO DE SAMANÁ,EMCI,32.4,20.6,11.8,https://indomet.gob.do/wp-content/uploads/2025/11/temperaturas-extremas-y-precipitaciones-2025x11x08-a.pdf
2025-11-08,009,RÍO SAN JUAN,MARÍA TRINIDAD SÁNCHEZ,HOSP. MPAL. DR. DESIDERIO ACOSTA,EMCV,33.7,23.8,11.2,https://indomet.gob.do/wp-content/uploads/2025/11/temperaturas-extremas-y-precipitaciones-2025x11x08-a.pdf
2025-11-08,010,SAN RAFAEL DEL YUMA,LA ALTAGRACIA,MINISTERIO DE AGRICULTURA,EMCI,31.2,22.0,10.0,https://indomet.gob.do/wp-content/uploads/2025/11/temperaturas-extremas-y-precipitaciones-2025x11x08-a.pdf
2025-11-08,011,MICHES (EMA),EL SEIBO,PRIVADA,EMAP,30.7,23.9,9.6,https://indomet.gob.do/wp-content/uploads/2025/11/temperaturas-extremas-y-precipitaciones-2025x11x08-a.pdf
2025-11-08,012,ARPT. LA ISABELA,SANTO DOMINGO,INDOMET,EMCI,32.5,22.5,9.2,https://indomet.gob.do/wp-content/uploads/2025/11/temperaturas-extremas-y-precipitaciones-2025x11x08-a.pdf
2025-11-08,013,SÁNCHEZ,SAMANÁ,MINISTERIO DE AGRICULTURA,EMCI,33.1,24.3,8.4,https://indomet.gob.do/wp-content/uploads/2025/11/temperaturas-extremas-y-precipitaciones-2025x11x08-a.pdf
2025-11-08,014,BANI (EMA),PERAVIA,MINISTERIO DE AGRICULTURA,EMAP,31.7,,7.0,https://indomet.gob.do/wp-content/uploads/2025/11/temperaturas-extremas-y-precipitaciones-2025x11x08-a.pdf
2025-11-08,015,SAN CRISTÓBAL,SAN CRISTÓBAL,INSTITUTO POLITÉCNICO LOYOLA,EMCI,32.0,20.0,5.3,https://indomet.gob.do/wp-content/uploads/2025/11/temperaturas-extremas-y-precipitaciones-2025x11x08-a.pdf
2025-11-08,016,EL FACTOR (EMA),MARÍA TRINIDAD SÁNCHEZ,INTEC,EMAP,32.2,22.9,5.1,https://indomet.gob.do/wp-content/uploads/2025/11/temperaturas-extremas-y-precipitaciones-2025x11x08-a.pdf
2025-11-08,017,OVIEDO,PEDERNALES,CLÍNICA RURAL OVIEDO,EMCI,32.0,22.0,4.8,https://indomet.gob.do/wp-content/uploads/2025/11/temperaturas-extremas-y-precipitaciones-2025x11x08-a.pdf
2025-11-08,018,ANAMUYA (EMA),LA ALTAGRACIA,MINISTERIO DE AGRICULTURA,EMAP,30.7,23.4,4.4,https://indomet.gob.do/wp-content/uploads/2025/11/temperaturas-extremas-y-precipitaciones-2025x11x08-a.pdf
2025-11-08,019,LOS TRES CHARCOS (EMA),PEDERNALES,PROPIEDAD DEL VOLUNTARIO,EMAP,,,4.0,https://indomet.gob.do/wp-content/uploads/2025/11/temperaturas-extremas-y-precipitaciones-2025x11x08-a.pdf
2025-11-08,020,GASPAR HERNÁNDEZ,ESPAILLAT,PROPIEDAD DEL EMPLEADO,EMCI,,,2.4,https://indomet.gob.do/wp-content/uploads/2025/11/temperaturas-extremas-y-precipitaciones-2025x11x08-a.pdf
2025-11-08,021,ARPT. EL CATEY,SAMANÁ,INDOMET,EMCI,32.0,22.5,1.6,https://indomet.gob.do/wp-content/uploads/2025/11/temperaturas-extremas-y-precipitaciones-2025x11x08-a.pdf
2025-11-08,022,LOS LLANOS,SAN PEDRO DE MACORÍS,MINISTERIO DE AGRICULTURA,EMCI,32.5,21.9,1.6,https://indomet.gob.do/wp-content/uploads/2025/11/temperaturas-extremas-y-precipitaciones-2025x11x08-a.pdf
2025-11-08,023,ARPT. DE PUNTA CANA,LA ALTAGRACIA,INDOMET,EMCI,31.4,22.5,1.5,https://indomet.gob.do/wp-content/uploads/2025/11/temperaturas-extremas-y-precipitaciones-2025x11x08-a.pdf
2025-11-08,024,ENRIQUILLO,BARAHONA,MINISTERIO DE AGRICULTURA,EMCV,32.5,23.0,1.0,https://indomet.gob.do/wp-content/uploads/2025/11/temperaturas-extremas-y-precipitaciones-2025x11x08-a.pdf
2025-11-08,025,SAN JOSÉ DE OCOA,SAN JOSÉ DE OCOA,HOSP. SAN JOSÉ DE OCOA,EMCI,30.8,20.6,1.0,https://indomet.gob.do/wp-content/uploads/2025/11/temperaturas-extremas-y-precipitaciones-2025x11x08-a.pdf
2025-11-08,026,VILLA ALTAGRACIA,SAN CRISTÓBAL,ESCUELA JAVIER ANGULO GURIDI,EMCI,,,0.9,https://indomet.gob.do/wp-content/uploads/2025/11/temperaturas-extremas-y-precipitaciones-2025x11x08-a.pdf
2025-11-08,027,ARPT. DE LAS AMÉRICAS,SANTO DOMINGO,INDOMET,EMCI,31.5,23.0,0.8,https://indomet.gob.do/wp-content/uploads/2025/11/temperaturas-extremas-y-precipitaciones-2025x11x08-a.pdf
2025-11-08,028,VILLA GONZALE (EMA),SANTIAGO,IGLESIA,EMAI,,,0.8,https://indomet.gob.do/wp-content/uploads/2025/11/temperaturas-extremas-y-precipitaciones-2025x11x08-a.pdf
2025-11-08,029,PERALTA,AZUA,HOSP. MPAL. DE PERALTA,EMCI,28.4,15.5,0.6,https://indomet.gob.do/wp-content/uploads/2025/11/temperaturas-extremas-y-precipitaciones-2025x11x08-a.pdf
2025-11-08,030,SANTO DOMINGO ESTE,SANTO DOMINGO,INDOMET,EMCI,33.0,24.6,0.6,https://indomet.gob.do/wp-content/uploads/2025/11/temperaturas-extremas-y-precipitaciones-2025x11x08-a.pdf
2025-11-08,031,ARPT. MARÍA MONTEZ,BARAHONA,INDOMET,EMCI,32.5,23.5,0.4,https://indomet.gob.do/wp-content/uploads/2025/11/temperaturas-extremas-y-precipitaciones-2025x11x08-a.pdf
2025-11-08,032,ARPT. DE LA ROMANA,LA ROMANA,INDOMET,EMCI,31.2,21.5,0.2,https://indomet.gob.do/wp-content/uploads/2025/11/temperaturas-extremas-y-precipitaciones-2025x11x08-a.pdf
2025-11-08,033,VALLE NUEVO (EMA),LA VEGA,MARENA,EMAI,18.8,8.2,0.2,https://indomet.gob.do/wp-content/uploads/2025/11/temperaturas-extremas-y-precipitaciones-2025x11x08-a.pdf
2025-11-08,034,LA VICTORIA,SANTO DOMINGO,CUERPO DE BOMBEROS,EMCI,33.6,22.5,0.1,https://indomet.gob.do/wp-content/uploads/2025/11/temperaturas-extremas-y-precipitaciones-2025x11x08-a.pdf
2025-11-08,035,SABANA GRANDE DE BOYÁ,MONTE PLATA,MINISTERIO DE AGRICULTURA,EMCV,,,0.1,https://indomet.gob.do/wp-content/uploads/2025/11/temperaturas-extremas-y-precipitaciones-2025x11x08-a.pdf
2025-11-08,036,ALTAMIRA,PUERTO PLATA,HOSP. MPAL. DE ALTAMIRA,EMCI,33.4,21.4,0.0,https://indomet.gob.do/wp-content/uploads/2025/11/temperaturas-extremas-y-precipitaciones-2025x11x08-a.pdf
2025-11-08,037,ALTO BANDERA (EMA),LA VEGA,INTEC,EMAP,14.6,7.3,0.0,https://indomet.gob.do/wp-content/uploads/2025/11/temperaturas-extremas-y-precipitaciones-2025x11x08-a.pdf
2025-11-08,038,ARPT. DEL CIBAO,SANTIAGO,INDOMET,EMCI,33.0,22.2,0.0,https://indomet.gob.do/wp-content/uploads/2025/11/temperaturas-extremas-y-precipitaciones-2025x11x08-a.pdf
2025-11-08,039,ARPT. GREGORIO LUPERÓN,PUERTO PLATA,INDOMET,EMCI,32.5,21.5,0.0,https://indomet.gob.do/wp-content/uploads/2025/11/temperaturas-extremas-y-precipitaciones-2025x11x08-a.pdf
2025-11-08,040,ARROYO LORO,SAN JUAN,IDIAF,EMCI,31.7,19.6,0.0,https://indomet.gob.do/wp-content/uploads/2025/11/temperaturas-extremas-y-precipitaciones-2025x11x08-a.pdf
2025-11-08,041,BOCA DE MAO (EMA),VALVERDE,MINISTERIO DE AGRICULTURA,EMAP,34.8,23.7,0.0,https://indomet.gob.do/wp-content/uploads/2025/11/temperaturas-extremas-y-precipitaciones-2025x11x08-a.pdf
2025-11-08,042,BONAO,MONSEÑOR NOUEL,MINISTERIO DE AGRICULTURA,EMCV,,,0.0,https://indomet.gob.do/wp-content/uploads/2025/11/temperaturas-extremas-y-precipitaciones-2025x11x08-a.pdf
2025-11-08,043,CENTRO DE LOS HEROES (EMA),DISTRITO NACIONAL,MINISTERIO DE ENERGIA Y MINA,EMAP,31.3,25.9,0.0,https://indomet.gob.do/wp-content/uploads/2025/11/temperaturas-extremas-y-precipitaciones-2025x11x08-a.pdf
2025-11-08,044,CONSTANZA,LA VEGA,MINISTERIO DE AGRICULTURA,EMCI,27.5,12.7,0.0,https://indomet.gob.do/wp-content/uploads/2025/11/temperaturas-extremas-y-precipitaciones-2025x11x08-a.pdf
2025-11-08,045,CONSTANZA (EMA),LA VEGA,PROGRAMA MUNDIAL DE ALIMENTO,EMAP,26.4,14.4,0.0,https://indomet.gob.do/wp-content/uploads/2025/11/temperaturas-extremas-y-precipitaciones-2025x11x08-a.pdf
2025-11-08,046,DAJABÓN,DAJABÓN,INSTITUTO POLITÉCNICO LOYOLA,EMCI,35.2,21.0,0.0,https://indomet.gob.do/wp-content/uploads/2025/11/temperaturas-extremas-y-precipitaciones-2025x11x08-a.pdf
2025-11-08,047,ELÍAS PIÑA,ELÍAS PIÑA,MINISTERIO DE AGRICULTURA,EMCV,,,0.0,https://indomet.gob.do/wp-content/uploads/2025/11/temperaturas-extremas-y-precipitaciones-2025x11x08-a.pdf
2025-11-08,048,GURABO,SANTIAGO,MINISTERIO DE AGRICULTURA,EMCV,,,0.0,https://indomet.gob.do/wp-content/uploads/2025/11/temperaturas-extremas-y-precipitaciones-2025x11x08-a.pdf
2025-11-08,049,HONDO VALLE,ELÍAS PIÑA,MINISTERIO DE AGRICULTURA,EMCI,26.7,17.3,0.0,https://indomet.gob.do/wp-content/uploads/2025/11/temperaturas-extremas-y-precipitaciones-2025x11x08-a.pdf
2025-11-08,050,JARABACOA,LA VEGA,INDRHI / MARENA,EMCI,32.8,17.4,0.0,https://indomet.gob.do/wp-content/uploads/2025/11/temperaturas-extremas-y-precipitaciones-2025x11x08-a.pdf
2025-11-08,051,JIMANÍ,INDEPENDENCIA,MINISTERIO DE AGRICULTURA,EMCI,33.6,23.6,0.0,https://indomet.gob.do/wp-content/uploads/2025/11/temperaturas-extremas-y-precipitaciones-2025x11x08-a.pdf
2025-11-08,052,JUMA BEJUCAL,MONSEÑOR NOUEL,IDIAF,EMCV,31.8,22.0,0.0,https://indomet.gob.do/wp-content/uploads/2025/11/temperaturas-extremas-y-precipitaciones-2025x11x08-a.pdf
2025-11-08,053,LA VEGA,LA VEGA,IATESA,EMCI,33.0,23.0,0.0,https://indomet.gob.do/wp-content/uploads/2025/11/temperaturas-extremas-y-precipitaciones-2025x11x08-a.pdf
2025-11-08,054,LAS CANAS (EMA),MONTE CRISTI,PROGRAMA MUNDIAL DE ALIMENTO,EMAP,30.7,24.8,0.0,https://indomet.gob.do/wp-content/uploads/2025/11/temperaturas-extremas-y-precipitaciones-2025x11x08-a.pdf
2025-11-08,055,MAO,VALVERDE,INDRHI / MINISTERIO DE AGRICULTURA,EMCV,,,0.0,https://indomet.gob.do/wp-content/uploads/2025/11/temperaturas-extremas-y-precipitaciones-2025x11x08-a.pdf
2025-11-08,056,MONCIÓN (EMA),SANTIAGO RODRÍGUEZ,PROGRAMA MUNDIAL DE ALIMENTO,EMAP,30.2,20.4,0.0,https://indomet.gob.do/wp-content/uploads/2025/11/temperaturas-extremas-y-precipitaciones-2025x11x08-a.pdf
2025-11-08,057,MONTE CRISTI,MONTE CRISTI,INDOMET,EMCI,33.7,24.5,0.0,https://indomet.gob.do/wp-content/uploads/2025/11/temperaturas-extremas-y-precipitaciones-2025x11x08-a.pdf
2025-11-08,058,NAVARRETE,SANTIAGO,MINISTERIO DE AGRICULTURA,EMCV,,,0.0,https://indomet.gob.do/wp-content/uploads/2025/11/temperaturas-extremas-y-precipitaciones-2025x11x08-a.pdf
2025-11-08,059,OLIVARES,PEDERNALES,INDRHI,EMCI,,,0.0,https://indomet.gob.do/wp-content/uploads/2025/11/temperaturas-extremas-y-precipitaciones-2025x11x08-a.pdf
2025-11-08,060,PADRE LAS CASAS,AZUA,HOSP. NTRA. SRA. DEL CARMEN,EMCI,31.5,18.5,0.0,https://indomet.gob.do/wp-content/uploads/2025/11/temperaturas-extremas-y-precipitaciones-2025x11x08-a.pdf
2025-11-08,061,PALO ÍNDIO,PUERTO PLATA,MINISTERIO DE AGRICULTURA,EMCI,,,0.0,https://indomet.gob.do/wp-content/uploads/2025/11/temperaturas-extremas-y-precipitaciones-2025x11x08-a.pdf
2025-11-08,062,PEDERNALES,PEDERNALES,INDRHI,EMCI,,,0.0,https://indomet.gob.do/wp-content/uploads/2025/11/temperaturas-extremas-y-precipitaciones-2025x11x08-a.pdf
2025-11-08,063,PESCADERIA (EMA),BARAHONA,MINISTERIO DE AGRICULTURA,EMAP,,,0.0,https://indomet.gob.do/wp-content/uploads/2025/11/temperaturas-extremas-y-precipitaciones-2025x11x08-a.pdf
2025-11-08,064,PONTÓN ABAJO (EMA),LA VEGA,MINISTERIO DE AGRICULTURA,EMAP,34.5,23.4,0.0,https://indomet.gob.do/wp-content/uploads/2025/11/temperaturas-extremas-y-precipitaciones-2025x11x08-a.pdf
2025-11-08,065,PRESA DE TAVERAS (EMA),LA VEGA,PROGRAMA MUNDIAL DE ALIMENTO,EMAP,31.4,21.5,0.0,https://indomet.gob.do/wp-content/uploads/2025/11/temperaturas-extremas-y-precipitaciones-2025x11x08-a.pdf
2025-11-08,066,RANCHO ARRIBA,SAN JOSÉ DE OCOA,CENTRO TECNOLÓGICO COMUNITARIO,EMCI,29.0,17.6,0.0,https://indomet.gob.do/wp-content/uploads/2025/11/temperaturas-extremas-y-precipitaciones-2025x11x08-a.pdf
2025-11-08,067,RESTAURACIÓN,DAJABÓN,MINISTERIO DE AGRICULTURA,EMCI,29.4,16.2,0.0,https://indomet.gob.do/wp-content/uploads/2025/11/temperaturas-extremas-y-precipitaciones-2025x11x08-a.pdf
2025-11-08,068,SABANETA (EMA),SANTIAGO RODRÍGUEZ,PROGRAMA MUNDIAL DE ALIMENTO,EMAP,34.2,22.2,0.0,https://indomet.gob.do/wp-content/uploads/2025/11/temperaturas-extremas-y-precipitaciones-2025x11x08-a.pdf
2025-11-08,069,SALCEDO,HERMANAS MIRABAL,PROPIEDAD DEL EMPLEADO,EMCI,,,0.0,https://indomet.gob.do/wp-content/uploads/2025/11/temperaturas-extremas-y-precipitaciones-2025x11x08-a.pdf
2025-11-08,070,SANTIAGO,SANTIAGO,HUACALITO,EMCI,,,0.0,https://indomet.gob.do/wp-content/uploads/2025/11/temperaturas-extremas-y-precipitaciones-2025x11x08-a.pdf
2025-11-08,071,JARDÍN BOTÁNICO SANTIAGO (EMSANTIAGO,,JARDIN BOTANICO SANTIAGO,EMAI,32.7,25.9,0.0,https://indomet.gob.do/wp-content/uploads/2025/11/temperaturas-extremas-y-precipitaciones-2025x11x08-a.pdf
2025-11-08,072,BUCARA (EMA),SANTIAGO,MINISTERIO DE AGRICULTURA,EMAI,,,0.0,https://indomet.gob.do/wp-content/uploads/2025/11/temperaturas-extremas-y-precipitaciones-2025x11x08-a.pdf
2025-11-08,073,VILLA VASQUEZ (EMA),MONTE CRISTI,JUNTA DE REGANTES,EMAI,,,0.0,https://indomet.gob.do/wp-content/uploads/2025/11/temperaturas-extremas-y-precipitaciones-2025x11x08-a.pdf
2025-11-08,074,SANTIAGO RODRÍGUEZ,SANTIAGO RODRÍGUEZ,INDOMET,EMCI,34.3,23.5,0.0,https://indomet.gob.do/wp-content/uploads/2025/11/temperaturas-extremas-y-precipitaciones-2025x11x08-a.pdf
2025-11-08,075,TÁBARA ABAJO,AZUA,INDRHI,EMCI,33.9,22.0,0.0,https://indomet.gob.do/wp-content/uploads/2025/11/temperaturas-extremas-y-precipitaciones-2025x11x08-a.pdf
2025-11-08,076,JIMA ABAJO,LA VEGA,INDOMET,EMCI,33.0,21.5,0.0,https://indomet.gob.do/wp-content/uploads/2025/11/temperaturas-extremas-y-precipitaciones-2025x11x08-a.pdf
2025-11-08,077,VILLA GONZALES,SANTIAGO,MINISTERIO DE AGRICULTURA,EMCI,,,0.0,https://indomet.gob.do/wp-content/uploads/2025/11/temperaturas-extremas-y-precipitaciones-2025x11x08-a.pdf
2025-11-09,001,POLO,BARAHONA,INDOCAFE,EMCI,29.5,17.0,60.0,https://indomet.gob.do/wp-content/uploads/2025/11/temperaturas-extremas-y-precipitaciones-2025x11x09-a.pdf
2025-11-09,002,ARPT. LA ISABELA,SANTO DOMINGO,INDOMET,EMCI,31.4,22.6,41.4,https://indomet.gob.do/wp-content/uploads/2025/11/temperaturas-extremas-y-precipitaciones-2025x11x09-a.pdf
2025-11-09,003,ARPT. EL CATEY,SAMANÁ,INDOMET,EMCI,31.0,21.6,35.6,https://indomet.gob.do/wp-content/uploads/2025/11/temperaturas-extremas-y-precipitaciones-2025x11x09-a.pdf
2025-11-09,004,SAN CRISTÓBAL,SAN CRISTÓBAL,INSTITUTO POLITÉCNICO LOYOLA,EMCI,32.2,21.0,29.0,https://indomet.gob.do/wp-content/uploads/2025/11/temperaturas-extremas-y-precipitaciones-2025x11x09-a.pdf
2025-11-09,005,SÁNCHEZ,SAMANÁ,MINISTERIO DE AGRICULTURA,EMCI,30.8,22.3,26.4,https://indomet.gob.do/wp-content/uploads/2025/11/temperaturas-extremas-y-precipitaciones-2025x11x09-a.pdf
2025-11-09,006,GASPAR HERNÁNDEZ,ESPAILLAT,PROPIEDAD DEL EMPLEADO,EMCI,,,26.2,https://indomet.gob.do/wp-content/uploads/2025/11/temperaturas-extremas-y-precipitaciones-2025x11x09-a.pdf
2025-11-09,007,OVIEDO,PEDERNALES,CLÍNICA RURAL OVIEDO,EMCI,31.5,23.0,25.4,https://indomet.gob.do/wp-content/uploads/2025/11/temperaturas-extremas-y-precipitaciones-2025x11x09-a.pdf
2025-11-09,008,JUMA BEJUCAL,MONSEÑOR NOUEL,IDIAF,EMCV,32.6,21.4,23.3,https://indomet.gob.do/wp-content/uploads/2025/11/temperaturas-extremas-y-precipitaciones-2025x11x09-a.pdf
2025-11-09,009,LA VEGA,LA VEGA,IATESA,EMCI,33.0,23.5,19.6,https://indomet.gob.do/wp-content/uploads/2025/11/temperaturas-extremas-y-precipitaciones-2025x11x09-a.pdf
2025-11-09,010,RANCHO ARRIBA,SAN JOSÉ DE OCOA,CENTRO TECNOLÓGICO COMUNITARIO,EMCI,27.7,19.1,17.2,https://indomet.gob.do/wp-content/uploads/2025/11/temperaturas-extremas-y-precipitaciones-2025x11x09-a.pdf
2025-11-09,011,SAMANÁ,SAMANÁ,COMANDANCIA DE PUERTO DE SAMANÁ,EMCI,31.9,19.9,17.2,https://indomet.gob.do/wp-content/uploads/2025/11/temperaturas-extremas-y-precipitaciones-2025x11x09-a.pdf
2025-11-09,012,VILLA ALTAGRACIA,SAN CRISTÓBAL,ESCUELA JAVIER ANGULO GURIDI,EMCI,,,15.3,https://indomet.gob.do/wp-content/uploads/2025/11/temperaturas-extremas-y-precipitaciones-2025x11x09-a.pdf
2025-11-09,013,BANI (EMA),PERAVIA,MINISTERIO DE AGRICULTURA,EMAP,31.5,24.1,14.2,https://indomet.gob.do/wp-content/uploads/2025/11/temperaturas-extremas-y-precipitaciones-2025x11x09-a.pdf
2025-11-09,014,ENRIQUILLO,BARAHONA,MINISTERIO DE AGRICULTURA,EMCV,32.5,22.5,14.2,https://indomet.gob.do/wp-content/uploads/2025/11/temperaturas-extremas-y-precipitaciones-2025x11x09-a.pdf
2025-11-09,015,VILLA RIVA,DUARTE,HOSP. MPAL. ALICIA DE LEGENDRE,EMCI,30.5,21.5,13.7,https://indomet.gob.do/wp-content/uploads/2025/11/temperaturas-extremas-y-precipitaciones-2025x11x09-a.pdf
2025-11-09,016,LA VICTORIA,SANTO DOMINGO,CUERPO DE BOMBEROS,EMCI,29.5,23.0,13.2,https://indomet.gob.do/wp-content/uploads/2025/11/temperaturas-extremas-y-precipitaciones-2025x11x09-a.pdf
2025-11-09,017,PONTÓN ABAJO (EMA),LA VEGA,MINISTERIO DE AGRICULTURA,EMAP,34.1,23.8,12.6,https://indomet.gob.do/wp-content/uploads/2025/11/temperaturas-extremas-y-precipitaciones-2025x11x09-a.pdf
2025-11-09,018,SANTO DOMINGO ESTE,SANTO DOMINGO,INDOMET,EMCI,32.5,24.0,12.3,https://indomet.gob.do/wp-content/uploads/2025/11/temperaturas-extremas-y-precipitaciones-2025x11x09-a.pdf
2025-11-09,019,ALTO BANDERA (EMA),LA VEGA,INTEC,EMAP,17.1,6.8,12.2,https://indomet.gob.do/wp-content/uploads/2025/11/temperaturas-extremas-y-precipitaciones-2025x11x09-a.pdf
2025-11-09,020,BAYAGUANA,MONTE PLATA,INDOMET,EMCI,32.1,21.2,11.2,https://indomet.gob.do/wp-content/uploads/2025/11/temperaturas-extremas-y-precipitaciones-2025x11x09-a.pdf
2025-11-09,021,ARPT. ARROYO BARRIL,SAMANÁ,INDOMET,EMCI,31.0,23.5,11.1,https://indomet.gob.do/wp-content/uploads/2025/11/temperaturas-extremas-y-precipitaciones-2025x11x09-a.pdf
2025-11-09,022,LOS LLANOS,SAN PEDRO DE MACORÍS,MINISTERIO DE AGRICULTURA,EMCI,31.8,22.4,11.0,https://indomet.gob.do/wp-content/uploads/2025/11/temperaturas-extremas-y-precipitaciones-2025x11x09-a.pdf
2025-11-09,023,VALLE NUEVO (EMA),LA VEGA,MARENA,EMAI,18.9,8.9,10.4,https://indomet.gob.do/wp-content/uploads/2025/11/temperaturas-extremas-y-precipitaciones-2025x11x09-a.pdf
2025-11-09,024,MICHES (EMA),EL SEIBO,PRIVADA,EMAP,30.7,22.0,9.4,https://indomet.gob.do/wp-content/uploads/2025/11/temperaturas-extremas-y-precipitaciones-2025x11x09-a.pdf
2025-11-09,025,JIMA ABAJO,LA VEGA,INDOMET,EMCI,32.5,20.0,8.2,https://indomet.gob.do/wp-content/uploads/2025/11/temperaturas-extremas-y-precipitaciones-2025x11x09-a.pdf
2025-11-09,026,ARPT. DEL CIBAO,SANTIAGO,INDOMET,EMCI,33.0,22.0,7.9,https://indomet.gob.do/wp-content/uploads/2025/11/temperaturas-extremas-y-precipitaciones-2025x11x09-a.pdf
2025-11-09,027,SABANA DE LA MAR,HATO MAYOR,INDOMET,EMCI,31.5,21.5,7.5,https://indomet.gob.do/wp-content/uploads/2025/11/temperaturas-extremas-y-precipitaciones-2025x11x09-a.pdf
2025-11-09,028,ESCONDIDO,PERAVIA,MINISTERIO DE AGRICULTURA,EMCV,31.0,23.0,6.0,https://indomet.gob.do/wp-content/uploads/2025/11/temperaturas-extremas-y-precipitaciones-2025x11x09-a.pdf
2025-11-09,029,SAN JOSÉ DE OCOA,SAN JOSÉ DE OCOA,HOSP. SAN JOSÉ DE OCOA,EMCI,30.6,20.3,6.0,https://indomet.gob.do/wp-content/uploads/2025/11/temperaturas-extremas-y-precipitaciones-2025x11x09-a.pdf
2025-11-09,030,BUCARA (EMA),SANTIAGO,MINISTERIO DE AGRICULTURA,EMAI,,,5.6,https://indomet.gob.do/wp-content/uploads/2025/11/temperaturas-extremas-y-precipitaciones-2025x11x09-a.pdf
2025-11-09,031,RÍO SAN JUAN,MARÍA TRINIDAD SÁNCHEZ,HOSP. MPAL. DR. DESIDERIO ACOSTA,EMCV,32.5,24.2,5.5,https://indomet.gob.do/wp-content/uploads/2025/11/temperaturas-extremas-y-precipitaciones-2025x11x09-a.pdf
2025-11-09,032,CENTRO DE LOS HEROES (EMA),DISTRITO NACIONAL,MINISTERIO DE ENERGIA Y MINA,EMAP,32.2,25.2,5.4,https://indomet.gob.do/wp-content/uploads/2025/11/temperaturas-extremas-y-precipitaciones-2025x11x09-a.pdf
2025-11-09,033,ARPT. DE LAS AMÉRICAS,SANTO DOMINGO,INDOMET,EMCI,31.5,22.6,4.7,https://indomet.gob.do/wp-content/uploads/2025/11/temperaturas-extremas-y-precipitaciones-2025x11x09-a.pdf
2025-11-09,034,VILLA GONZALES,SANTIAGO,MINISTERIO DE AGRICULTURA,EMCI,,,4.1,https://indomet.gob.do/wp-content/uploads/2025/11/temperaturas-extremas-y-precipitaciones-2025x11x09-a.pdf
2025-11-09,035,BASE AÉREA DE SAN ISIDRO,SANTO DOMINGO,FUERZA AÉREA DOMINICANA,EMCV,32.0,22.5,4.0,https://indomet.gob.do/wp-content/uploads/2025/11/temperaturas-extremas-y-precipitaciones-2025x11x09-a.pdf
2025-11-09,036,ANAMUYA (EMA),LA ALTAGRACIA,MINISTERIO DE AGRICULTURA,EMAP,30.7,22.6,4.0,https://indomet.gob.do/wp-content/uploads/2025/11/temperaturas-extremas-y-precipitaciones-2025x11x09-a.pdf
2025-11-09,037,PERALTA,AZUA,HOSP. MPAL. DE PERALTA,EMCI,30.0,16.0,4.0,https://indomet.gob.do/wp-content/uploads/2025/11/temperaturas-extremas-y-precipitaciones-2025x11x09-a.pdf
2025-11-09,038,SABANA GRANDE DE BOYÁ,MONTE PLATA,MINISTERIO DE AGRICULTURA,EMCV,,,3.8,https://indomet.gob.do/wp-content/uploads/2025/11/temperaturas-extremas-y-precipitaciones-2025x11x09-a.pdf
2025-11-09,039,ARPT. GREGORIO LUPERÓN,PUERTO PLATA,INDOMET,EMCI,32.4,21.2,3.8,https://indomet.gob.do/wp-content/uploads/2025/11/temperaturas-extremas-y-precipitaciones-2025x11x09-a.pdf
2025-11-09,040,ARPT. MARÍA MONTEZ,BARAHONA,INDOMET,EMCI,32.5,24.0,3.6,https://indomet.gob.do/wp-content/uploads/2025/11/temperaturas-extremas-y-precipitaciones-2025x11x09-a.pdf
2025-11-09,041,EL FACTOR (EMA),MARÍA TRINIDAD SÁNCHEZ,INTEC,EMAP,31.4,22.7,3.6,https://indomet.gob.do/wp-content/uploads/2025/11/temperaturas-extremas-y-precipitaciones-2025x11x09-a.pdf
2025-11-09,042,JARDÍN BOTÁNICO SANTIAGO (EMSANTIAGO,,JARDIN BOTANICO SANTIAGO,EMAI,32.8,23.8,3.2,https://indomet.gob.do/wp-content/uploads/2025/11/temperaturas-extremas-y-precipitaciones-2025x11x09-a.pdf
2025-11-09,043,TÁBARA ABAJO,AZUA,INDRHI,EMCI,33.9,20.0,3.2,https://indomet.gob.do/wp-content/uploads/2025/11/temperaturas-extremas-y-precipitaciones-2025x11x09-a.pdf
2025-11-09,044,VILLA GONZALE (EMA),SANTIAGO,IGLESIA,EMAI,,,3.2,https://indomet.gob.do/wp-content/uploads/2025/11/temperaturas-extremas-y-precipitaciones-2025x11x09-a.pdf
2025-11-09,045,PADRE LAS CASAS,AZUA,HOSP. NTRA. SRA. DEL CARMEN,EMCI,32.5,20.8,2.6,https://indomet.gob.do/wp-content/uploads/2025/11/temperaturas-extremas-y-precipitaciones-2025x11x09-a.pdf
2025-11-09,046,ARPT. DE LA ROMANA,LA ROMANA,INDOMET,EMCI,31.4,22.2,2.5,https://indomet.gob.do/wp-content/uploads/2025/11/temperaturas-extremas-y-precipitaciones-2025x11x09-a.pdf
2025-11-09,047,JARABACOA,LA VEGA,INDRHI / MARENA,EMCI,32.0,17.2,2.5,https://indomet.gob.do/wp-content/uploads/2025/11/temperaturas-extremas-y-precipitaciones-2025x11x09-a.pdf
2025-11-09,048,GURABO,SANTIAGO,MINISTERIO DE AGRICULTURA,EMCV,,,1.8,https://indomet.gob.do/wp-content/uploads/2025/11/temperaturas-extremas-y-precipitaciones-2025x11x09-a.pdf
2025-11-09,049,ALTAMIRA,PUERTO PLATA,HOSP. MPAL. DE ALTAMIRA,EMCI,31.5,22.1,1.6,https://indomet.gob.do/wp-content/uploads/2025/11/temperaturas-extremas-y-precipitaciones-2025x11x09-a.pdf
2025-11-09,050,CONSTANZA (EMA),LA VEGA,PROGRAMA MUNDIAL DE ALIMENTO,EMAP,26.8,18.1,1.4,https://indomet.gob.do/wp-content/uploads/2025/11/temperaturas-extremas-y-precipitaciones-2025x11x09-a.pdf
2025-11-09,051,ARROYO LORO,SAN JUAN,IDIAF,EMCI,32.1,20.2,1.2,https://indomet.gob.do/wp-content/uploads/2025/11/temperaturas-extremas-y-precipitaciones-2025x11x09-a.pdf
2025-11-09,052,SAN RAFAEL DEL YUMA,LA ALTAGRACIA,MINISTERIO DE AGRICULTURA,EMCI,32.4,21.7,1.2,https://indomet.gob.do/wp-content/uploads/2025/11/temperaturas-extremas-y-precipitaciones-2025x11x09-a.pdf
2025-11-09,053,NAVARRETE,SANTIAGO,MINISTERIO DE AGRICULTURA,EMCV,,,1.0,https://indomet.gob.do/wp-content/uploads/2025/11/temperaturas-extremas-y-precipitaciones-2025x11x09-a.pdf
2025-11-09,054,OLIVARES,PEDERNALES,INDRHI,EMCI,,,1.0,https://indomet.gob.do/wp-content/uploads/2025/11/temperaturas-extremas-y-precipitaciones-2025x11x09-a.pdf
2025-11-09,055,JIMANÍ,INDEPENDENCIA,MINISTERIO DE AGRICULTURA,EMCI,34.0,24.4,0.9,https://indomet.gob.do/wp-content/uploads/2025/11/temperaturas-extremas-y-precipitaciones-2025x11x09-a.pdf
2025-11-09,056,PRESA DE TAVERAS (EMA),LA VEGA,PROGRAMA MUNDIAL DE ALIMENTO,EMAP,30.9,22.4,0.8,https://indomet.gob.do/wp-content/uploads/2025/11/temperaturas-extremas-y-precipitaciones-2025x11x09-a.pdf
2025-11-09,057,PEDERNALES,PEDERNALES,INDRHI,EMCI,,,0.5,https://indomet.gob.do/wp-content/uploads/2025/11/temperaturas-extremas-y-precipitaciones-2025x11x09-a.pdf
2025-11-09,058,SALCEDO,HERMANAS MIRABAL,PROPIEDAD DEL EMPLEADO,EMCI,,,0.3,https://indomet.gob.do/wp-content/uploads/2025/11/temperaturas-extremas-y-precipitaciones-2025x11x09-a.pdf
2025-11-09,059,ARPT. DE PUNTA CANA,LA ALTAGRACIA,INDOMET,EMCI,30.8,23.0,0.2,https://indomet.gob.do/wp-content/uploads/2025/11/temperaturas-extremas-y-precipitaciones-2025x11x09-a.pdf
2025-11-09,060,CABRERA,MARÍA TRINIDAD SÁNCHEZ,ESCUELA ARÍSTIDES FIALLO CABRAL,EMCI,33.0,24.8,0.2,https://indomet.gob.do/wp-content/uploads/2025/11/temperaturas-extremas-y-precipitaciones-2025x11x09-a.pdf
2025-11-09,061,BOCA DE MAO (EMA),VALVERDE,MINISTERIO DE AGRICULTURA,EMAP,34.6,24.8,0.0,https://indomet.gob.do/wp-content/uploads/2025/11/temperaturas-extremas-y-precipitaciones-2025x11x09-a.pdf
2025-11-09,062,DAJABÓN,DAJABÓN,INSTITUTO POLITÉCNICO LOYOLA,EMCI,34.2,19.6,0.0,https://indomet.gob.do/wp-content/uploads/2025/11/temperaturas-extremas-y-precipitaciones-2025x11x09-a.pdf
2025-11-09,063,ELÍAS PIÑA,ELÍAS PIÑA,MINISTERIO DE AGRICULTURA,EMCV,,,0.0,https://indomet.gob.do/wp-content/uploads/2025/11/temperaturas-extremas-y-precipitaciones-2025x11x09-a.pdf
2025-11-09,064,HONDO VALLE,ELÍAS PIÑA,MINISTERIO DE AGRICULTURA,EMCI,26.9,17.7,0.0,https://indomet.gob.do/wp-content/uploads/2025/11/temperaturas-extremas-y-precipitaciones-2025x11x09-a.pdf
2025-11-09,065,LAS CANAS (EMA),MONTE CRISTI,PROGRAMA MUNDIAL DE ALIMENTO,EMAP,31.4,22.7,0.0,https://indomet.gob.do/wp-content/uploads/2025/11/temperaturas-extremas-y-precipitaciones-2025x11x09-a.pdf
2025-11-09,066,MAO,VALVERDE,INDRHI / MINISTERIO DE AGRICULTURA,EMCV,,,0.0,https://indomet.gob.do/wp-content/uploads/2025/11/temperaturas-extremas-y-precipitaciones-2025x11x09-a.pdf
2025-11-09,067,MONCIÓN (EMA),SANTIAGO RODRÍGUEZ,PROGRAMA MUNDIAL DE ALIMENTO,EMAP,31.1,21.3,0.0,https://indomet.gob.do/wp-content/uploads/2025/11/temperaturas-extremas-y-precipitaciones-2025x11x09-a.pdf
2025-11-09,068,MONTE CRISTI,MONTE CRISTI,INDOMET,EMCI,34.2,25.0,0.0,https://indomet.gob.do/wp-content/uploads/2025/11/temperaturas-extremas-y-precipitaciones-2025x11x09-a.pdf
2025-11-09,069,PALO ÍNDIO,PUERTO PLATA,MINISTERIO DE AGRICULTURA,EMCI,,,0.0,https://indomet.gob.do/wp-content/uploads/2025/11/temperaturas-extremas-y-precipitaciones-2025x11x09-a.pdf
2025-11-09,070,PESCADERIA (EMA),BARAHONA,MINISTERIO DE AGRICULTURA,EMAP,,,0.0,https://indomet.gob.do/wp-content/uploads/2025/11/temperaturas-extremas-y-precipitaciones-2025x11x09-a.pdf
2025-11-09,071,RESTAURACIÓN,DAJABÓN,MINISTERIO DE AGRICULTURA,EMCI,29.8,17.3,0.0,https://indomet.gob.do/wp-content/uploads/2025/11/temperaturas-extremas-y-precipitaciones-2025x11x09-a.pdf
2025-11-09,072,SABANETA (EMA),SANTIAGO RODRÍGUEZ,PROGRAMA MUNDIAL DE ALIMENTO,EMAP,35.1,23.0,0.0,https://indomet.gob.do/wp-content/uploads/2025/11/temperaturas-extremas-y-precipitaciones-2025x11x09-a.pdf
2025-11-09,073,SAJOMA (EMA),SANTIAGO,PLAN SIERRA,EMAI,30.4,21.7,0.0,https://indomet.gob.do/wp-content/uploads/2025/11/temperaturas-extremas-y-precipitaciones-2025x11x09-a.pdf
2025-11-09,074,SANTIAGO RODRÍGUEZ,SANTIAGO RODRÍGUEZ,INDOMET,EMCI,35.0,23.0,0.0,https://indomet.gob.do/wp-content/uploads/2025/11/temperaturas-extremas-y-precipitaciones-2025x11x09-a.pdf
2025-11-09,075,VILLA VASQUEZ (EMA),MONTE CRISTI,JUNTA DE REGANTES,EMAI,,,0.0,https://indomet.gob.do/wp-content/uploads/2025/11/temperaturas-extremas-y-precipitaciones-2025x11x09-a.pdf
2025-11-10,001,ARPT. DE PUNTA CANA,LA ALTAGRACIA,INDOMET,EMCI,31.2,23.2,6.2,https://indomet.gob.do/wp-content/uploads/2025/11/temperaturas-extremas-y-precipitaciones-2025x11x10-a.pdf
2025-11-10,002,EL FACTOR (EMA),MARÍA TRINIDAD SÁNCHEZ,INTEC,EMAP,32.2,22.3,5.1,https://indomet.gob.do/wp-content/uploads/2025/11/temperaturas-extremas-y-precipitaciones-2025x11x10-a.pdf
2025-11-10,003,ELÍAS PIÑA,ELÍAS PIÑA,MINISTERIO DE AGRICULTURA,EMCV,,,3.0,https://indomet.gob.do/wp-content/uploads/2025/11/temperaturas-extremas-y-precipitaciones-2025x11x10-a.pdf
2025-11-10,004,BANI (EMA),PERAVIA,MINISTERIO DE AGRICULTURA,EMAP,30.6,23.7,2.8,https://indomet.gob.do/wp-content/uploads/2025/11/temperaturas-extremas-y-precipitaciones-2025x11x10-a.pdf
2025-11-10,005,MICHES (EMA),EL SEIBO,PRIVADA,EMAP,31.6,21.7,1.2,https://indomet.gob.do/wp-content/uploads/2025/11/temperaturas-extremas-y-precipitaciones-2025x11x10-a.pdf
2025-11-10,006,OVIEDO,PEDERNALES,CLÍNICA RURAL OVIEDO,EMCI,31.0,21.0,1.0,https://indomet.gob.do/wp-content/uploads/2025/11/temperaturas-extremas-y-precipitaciones-2025x11x10-a.pdf
2025-11-10,007,VILLA GONZALE (EMA),SANTIAGO,IGLESIA,EMAI,,,1.0,https://indomet.gob.do/wp-content/uploads/2025/11/temperaturas-extremas-y-precipitaciones-2025x11x10-a.pdf
2025-11-10,008,JIMANÍ,INDEPENDENCIA,MINISTERIO DE AGRICULTURA,EMCI,32.4,24.2,0.5,https://indomet.gob.do/wp-content/uploads/2025/11/temperaturas-extremas-y-precipitaciones-2025x11x10-a.pdf
2025-11-10,009,SAN RAFAEL DEL YUMA,LA ALTAGRACIA,MINISTERIO DE AGRICULTURA,EMCI,31.4,23.0,0.5,https://indomet.gob.do/wp-content/uploads/2025/11/temperaturas-extremas-y-precipitaciones-2025x11x10-a.pdf
2025-11-10,010,VILLA RIVA,DUARTE,HOSP. MPAL. ALICIA DE LEGENDRE,EMCI,31.2,20.0,0.5,https://indomet.gob.do/wp-content/uploads/2025/11/temperaturas-extremas-y-precipitaciones-2025x11x10-a.pdf
2025-11-10,011,BUCARA (EMA),SANTIAGO,MINISTERIO DE AGRICULTURA,EMAI,,,0.4,https://indomet.gob.do/wp-content/uploads/2025/11/temperaturas-extremas-y-precipitaciones-2025x11x10-a.pdf
2025-11-10,012,SAMANÁ,SAMANÁ,COMANDANCIA DE PUERTO DE SAMANÁ,EMCI,33.1,20.4,0.3,https://indomet.gob.do/wp-content/uploads/2025/11/temperaturas-extremas-y-precipitaciones-2025x11x10-a.pdf
2025-11-10,013,PONTÓN ABAJO (EMA),LA VEGA,MINISTERIO DE AGRICULTURA,EMAP,33.0,19.3,0.2,https://indomet.gob.do/wp-content/uploads/2025/11/temperaturas-extremas-y-precipitaciones-2025x11x10-a.pdf
2025-11-10,014,ARPT. DE LA ROMANA,LA ROMANA,INDOMET,EMCI,31.5,21.2,0.1,https://indomet.gob.do/wp-content/uploads/2025/11/temperaturas-extremas-y-precipitaciones-2025x11x10-a.pdf
2025-11-10,015,ARPT. DE LAS AMÉRICAS,SANTO DOMINGO,INDOMET,EMCI,31.0,23.0,0.1,https://indomet.gob.do/wp-content/uploads/2025/11/temperaturas-extremas-y-precipitaciones-2025x11x10-a.pdf
2025-11-10,016,ENRIQUILLO,BARAHONA,MINISTERIO DE AGRICULTURA,EMCV,31.5,23.5,0.1,https://indomet.gob.do/wp-content/uploads/2025/11/temperaturas-extremas-y-precipitaciones-2025x11x10-a.pdf
2025-11-10,017,HONDO VALLE,ELÍAS PIÑA,MINISTERIO DE AGRICULTURA,EMCI,26.5,17.1,0.1,https://indomet.gob.do/wp-content/uploads/2025/11/temperaturas-extremas-y-precipitaciones-2025x11x10-a.pdf
2025-11-10,018,RANCHO ARRIBA,SAN JOSÉ DE OCOA,CENTRO TECNOLÓGICO COMUNITARIO,EMCI,28.3,16.2,0.1,https://indomet.gob.do/wp-content/uploads/2025/11/temperaturas-extremas-y-precipitaciones-2025x11x10-a.pdf
2025-11-10,019,SANTO DOMINGO ESTE,SANTO DOMINGO,INDOMET,EMCI,33.0,24.0,0.1,https://indomet.gob.do/wp-content/uploads/2025/11/temperaturas-extremas-y-precipitaciones-2025x11x10-a.pdf
2025-11-10,020,ALTAMIRA,PUERTO PLATA,HOSP. MPAL. DE ALTAMIRA,EMCI,31.6,18.5,0.0,https://indomet.gob.do/wp-content/uploads/2025/11/temperaturas-extremas-y-precipitaciones-2025x11x10-a.pdf
2025-11-10,021,ALTO BANDERA (EMA),LA VEGA,INTEC,EMAP,15.5,8.8,0.0,https://indomet.gob.do/wp-content/uploads/2025/11/temperaturas-extremas-y-precipitaciones-2025x11x10-a.pdf
2025-11-10,022,ANAMUYA (EMA),LA ALTAGRACIA,MINISTERIO DE AGRICULTURA,EMAP,31.7,23.6,0.0,https://indomet.gob.do/wp-content/uploads/2025/11/temperaturas-extremas-y-precipitaciones-2025x11x10-a.pdf
2025-11-10,023,ARPT. ARROYO BARRIL,SAMANÁ,INDOMET,EMCI,31.8,23.6,0.0,https://indomet.gob.do/wp-content/uploads/2025/11/temperaturas-extremas-y-precipitaciones-2025x11x10-a.pdf
2025-11-10,024,ARPT. DEL CIBAO,SANTIAGO,INDOMET,EMCI,31.8,21.2,0.0,https://indomet.gob.do/wp-content/uploads/2025/11/temperaturas-extremas-y-precipitaciones-2025x11x10-a.pdf
2025-11-10,025,ARPT. EL CATEY,SAMANÁ,INDOMET,EMCI,31.5,21.6,0.0,https://indomet.gob.do/wp-content/uploads/2025/11/temperaturas-extremas-y-precipitaciones-2025x11x10-a.pdf
2025-11-10,026,ARPT. GREGORIO LUPERÓN,PUERTO PLATA,INDOMET,EMCI,33.6,23.0,0.0,https://indomet.gob.do/wp-content/uploads/2025/11/temperaturas-extremas-y-precipitaciones-2025x11x10-a.pdf
2025-11-10,027,ARPT. LA ISABELA,SANTO DOMINGO,INDOMET,EMCI,32.5,21.0,0.0,https://indomet.gob.do/wp-content/uploads/2025/11/temperaturas-extremas-y-precipitaciones-2025x11x10-a.pdf
2025-11-10,028,ARPT. MARÍA MONTEZ,BARAHONA,INDOMET,EMCI,32.0,24.5,0.0,https://indomet.gob.do/wp-content/uploads/2025/11/temperaturas-extremas-y-precipitaciones-2025x11x10-a.pdf
2025-11-10,029,ARROYO LORO,SAN JUAN,IDIAF,EMCI,31.4,16.7,0.0,https://indomet.gob.do/wp-content/uploads/2025/11/temperaturas-extremas-y-precipitaciones-2025x11x10-a.pdf
2025-11-10,030,BASE AÉREA DE SAN ISIDRO,SANTO DOMINGO,FUERZA AÉREA DOMINICANA,EMCV,32.0,23.0,0.0,https://indomet.gob.do/wp-content/uploads/2025/11/temperaturas-extremas-y-precipitaciones-2025x11x10-a.pdf
2025-11-10,031,BAYAGUANA,MONTE PLATA,INDOMET,EMCI,31.9,21.6,0.0,https://indomet.gob.do/wp-content/uploads/2025/11/temperaturas-extremas-y-precipitaciones-2025x11x10-a.pdf
2025-11-10,032,BOCA DE MAO (EMA),VALVERDE,MINISTERIO DE AGRICULTURA,EMAP,34.3,21.2,0.0,https://indomet.gob.do/wp-content/uploads/2025/11/temperaturas-extremas-y-precipitaciones-2025x11x10-a.pdf
2025-11-10,033,BONAO,MONSEÑOR NOUEL,MINISTERIO DE AGRICULTURA,EMCV,,,0.0,https://indomet.gob.do/wp-content/uploads/2025/11/temperaturas-extremas-y-precipitaciones-2025x11x10-a.pdf
2025-11-10,034,CABRERA,MARÍA TRINIDAD SÁNCHEZ,ESCUELA ARÍSTIDES FIALLO CABRAL,EMCI,33.0,25.5,0.0,https://indomet.gob.do/wp-content/uploads/2025/11/temperaturas-extremas-y-precipitaciones-2025x11x10-a.pdf
2025-11-10,035,CENTRO DE LOS HEROES (EMA),DISTRITO NACIONAL,MINISTERIO DE ENERGIA Y MINA,EMAP,31.4,25.6,0.0,https://indomet.gob.do/wp-content/uploads/2025/11/temperaturas-extremas-y-precipitaciones-2025x11x10-a.pdf
2025-11-10,036,CONSTANZA,LA VEGA,MINISTERIO DE AGRICULTURA,EMCI,27.0,12.0,0.0,https://indomet.gob.do/wp-content/uploads/2025/11/temperaturas-extremas-y-precipitaciones-2025x11x10-a.pdf
2025-11-10,037,CONSTANZA (EMA),LA VEGA,PROGRAMA MUNDIAL DE ALIMENTO,EMAP,26.7,13.6,0.0,https://indomet.gob.do/wp-content/uploads/2025/11/temperaturas-extremas-y-precipitaciones-2025x11x10-a.pdf
2025-11-10,038,GASPAR HERNÁNDEZ,ESPAILLAT,PROPIEDAD DEL EMPLEADO,EMCI,,,0.0,https://indomet.gob.do/wp-content/uploads/2025/11/temperaturas-extremas-y-precipitaciones-2025x11x10-a.pdf
2025-11-10,039,GURABO,SANTIAGO,MINISTERIO DE AGRICULTURA,EMCV,,,0.0,https://indomet.gob.do/wp-content/uploads/2025/11/temperaturas-extremas-y-precipitaciones-2025x11x10-a.pdf
2025-11-10,040,HATO MAYOR,HATO MAYOR,MINISTERIO DE AGRICULTURA,EMCV,,,0.0,https://indomet.gob.do/wp-content/uploads/2025/11/temperaturas-extremas-y-precipitaciones-2025x11x10-a.pdf
2025-11-10,041,JARABACOA,LA VEGA,INDRHI / MARENA,EMCI,31.6,17.6,0.0,https://indomet.gob.do/wp-content/uploads/2025/11/temperaturas-extremas-y-precipitaciones-2025x11x10-a.pdf
2025-11-10,042,JARDÍN BOTÁNICO NACIONAL,DISTRITO NACIONAL,JARDÍN BOTÁNICO NACIONAL,EMCV,32.4,23.0,0.0,https://indomet.gob.do/wp-content/uploads/2025/11/temperaturas-extremas-y-precipitaciones-2025x11x10-a.pdf
2025-11-10,043,JUMA BEJUCAL,MONSEÑOR NOUEL,IDIAF,EMCV,31.0,20.6,0.0,https://indomet.gob.do/wp-content/uploads/2025/11/temperaturas-extremas-y-precipitaciones-2025x11x10-a.pdf
2025-11-10,044,LA VEGA,LA VEGA,IATESA,EMCI,32.0,20.0,0.0,https://indomet.gob.do/wp-content/uploads/2025/11/temperaturas-extremas-y-precipitaciones-2025x11x10-a.pdf
2025-11-10,045,LA VICTORIA,SANTO DOMINGO,CUERPO DE BOMBEROS,EMCI,33.5,23.2,0.0,https://indomet.gob.do/wp-content/uploads/2025/11/temperaturas-extremas-y-precipitaciones-2025x11x10-a.pdf
2025-11-10,046,LAS CANAS (EMA),MONTE CRISTI,PROGRAMA MUNDIAL DE ALIMENTO,EMAP,32.1,22.4,0.0,https://indomet.gob.do/wp-content/uploads/2025/11/temperaturas-extremas-y-precipitaciones-2025x11x10-a.pdf
2025-11-10,047,LOS LLANOS,SAN PEDRO DE MACORÍS,MINISTERIO DE AGRICULTURA,EMCI,31.9,23.0,0.0,https://indomet.gob.do/wp-content/uploads/2025/11/temperaturas-extremas-y-precipitaciones-2025x11x10-a.pdf
2025-11-10,048,MAO,VALVERDE,INDRHI / MINISTERIO DE AGRICULTURA,EMCV,,,0.0,https://indomet.gob.do/wp-content/uploads/2025/11/temperaturas-extremas-y-precipitaciones-2025x11x10-a.pdf
2025-11-10,049,MONCIÓN (EMA),SANTIAGO RODRÍGUEZ,PROGRAMA MUNDIAL DE ALIMENTO,EMAP,31.1,20.3,0.0,https://indomet.gob.do/wp-content/uploads/2025/11/temperaturas-extremas-y-precipitaciones-2025x11x10-a.pdf
2025-11-10,050,MONTE CRISTI,MONTE CRISTI,INDOMET,EMCI,34.9,25.0,0.0,https://indomet.gob.do/wp-content/uploads/2025/11/temperaturas-extremas-y-precipitaciones-2025x11x10-a.pdf
2025-11-10,051,NAVARRETE,SANTIAGO,MINISTERIO DE AGRICULTURA,EMCV,,,0.0,https://indomet.gob.do/wp-content/uploads/2025/11/temperaturas-extremas-y-precipitaciones-2025x11x10-a.pdf
2025-11-10,052,OLIVARES,PEDERNALES,INDRHI,EMCI,,,0.0,https://indomet.gob.do/wp-content/uploads/2025/11/temperaturas-extremas-y-precipitaciones-2025x11x10-a.pdf
2025-11-10,053,PADRE LAS CASAS,AZUA,HOSP. NTRA. SRA. DEL CARMEN,EMCI,31.5,17.2,0.0,https://indomet.gob.do/wp-content/uploads/2025/11/temperaturas-extremas-y-precipitaciones-2025x11x10-a.pdf
2025-11-10,054,PALO ÍNDIO,PUERTO PLATA,MINISTERIO DE AGRICULTURA,EMCI,,,0.0,https://indomet.gob.do/wp-content/uploads/2025/11/temperaturas-extremas-y-precipitaciones-2025x11x10-a.pdf
2025-11-10,055,PEDERNALES,PEDERNALES,INDRHI,EMCI,,,0.0,https://indomet.gob.do/wp-content/uploads/2025/11/temperaturas-extremas-y-precipitaciones-2025x11x10-a.pdf
2025-11-10,056,PERALTA,AZUA,HOSP. MPAL. DE PERALTA,EMCI,31.0,16.5,0.0,https://indomet.gob.do/wp-content/uploads/2025/11/temperaturas-extremas-y-precipitaciones-2025x11x10-a.pdf
2025-11-10,057,PESCADERIA (EMA),BARAHONA,MINISTERIO DE AGRICULTURA,EMAP,,,0.0,https://indomet.gob.do/wp-content/uploads/2025/11/temperaturas-extremas-y-precipitaciones-2025x11x10-a.pdf
2025-11-10,058,POLO,BARAHONA,INDOCAFE,EMCI,29.0,15.4,0.0,https://indomet.gob.do/wp-content/uploads/2025/11/temperaturas-extremas-y-precipitaciones-2025x11x10-a.pdf
2025-11-10,059,PRESA DE TAVERAS (EMA),LA VEGA,PROGRAMA MUNDIAL DE ALIMENTO,EMAP,30.2,19.3,0.0,https://indomet.gob.do/wp-content/uploads/2025/11/temperaturas-extremas-y-precipitaciones-2025x11x10-a.pdf
2025-11-10,060,RESTAURACIÓN,DAJABÓN,MINISTERIO DE AGRICULTURA,EMCI,30.1,15.4,0.0,https://indomet.gob.do/wp-content/uploads/2025/11/temperaturas-extremas-y-precipitaciones-2025x11x10-a.pdf
2025-11-10,061,RÍO SAN JUAN,MARÍA TRINIDAD SÁNCHEZ,HOSP. MPAL. DR. DESIDERIO ACOSTA,EMCV,33.8,22.8,0.0,https://indomet.gob.do/wp-content/uploads/2025/11/temperaturas-extremas-y-precipitaciones-2025x11x10-a.pdf
2025-11-10,062,SABANA DE LA MAR,HATO MAYOR,INDOMET,EMCI,31.5,22.0,0.0,https://indomet.gob.do/wp-content/uploads/2025/11/temperaturas-extremas-y-precipitaciones-2025x11x10-a.pdf
2025-11-10,063,SABANA GRANDE DE BOYÁ,MONTE PLATA,MINISTERIO DE AGRICULTURA,EMCV,,,0.0,https://indomet.gob.do/wp-content/uploads/2025/11/temperaturas-extremas-y-precipitaciones-2025x11x10-a.pdf
2025-11-10,064,SABANETA (EMA),SANTIAGO RODRÍGUEZ,PROGRAMA MUNDIAL DE ALIMENTO,EMAP,35.4,22.2,0.0,https://indomet.gob.do/wp-content/uploads/2025/11/temperaturas-extremas-y-precipitaciones-2025x11x10-a.pdf
2025-11-10,065,SALCEDO,HERMANAS MIRABAL,PROPIEDAD DEL EMPLEADO,EMCI,,,0.0,https://indomet.gob.do/wp-content/uploads/2025/11/temperaturas-extremas-y-precipitaciones-2025x11x10-a.pdf
2025-11-10,066,SAN CRISTÓBAL,SAN CRISTÓBAL,INSTITUTO POLITÉCNICO LOYOLA,EMCI,31.2,20.0,0.0,https://indomet.gob.do/wp-content/uploads/2025/11/temperaturas-extremas-y-precipitaciones-2025x11x10-a.pdf
2025-11-10,067,SAN FRANCISCO DE MACORÍS,DUARTE,San Francisco de Macorís (UASD),EMCI,32.5,22.8,0.0,https://indomet.gob.do/wp-content/uploads/2025/11/temperaturas-extremas-y-precipitaciones-2025x11x10-a.pdf
2025-11-10,068,SAN JOSÉ DE OCOA,SAN JOSÉ DE OCOA,HOSP. SAN JOSÉ DE OCOA,EMCI,30.1,19.5,0.0,https://indomet.gob.do/wp-content/uploads/2025/11/temperaturas-extremas-y-precipitaciones-2025x11x10-a.pdf
2025-11-10,069,SÁNCHEZ,SAMANÁ,MINISTERIO DE AGRICULTURA,EMCI,31.1,22.6,0.0,https://indomet.gob.do/wp-content/uploads/2025/11/temperaturas-extremas-y-precipitaciones-2025x11x10-a.pdf
2025-11-10,070,SANTIAGO,SANTIAGO,HUACALITO,EMCI,,,0.0,https://indomet.gob.do/wp-content/uploads/2025/11/temperaturas-extremas-y-precipitaciones-2025x11x10-a.pdf
2025-11-10,071,SAJOMA (EMA),SANTIAGO,PLAN SIERRA,EMAI,,,0.0,https://indomet.gob.do/wp-content/uploads/2025/11/temperaturas-extremas-y-precipitaciones-2025x11x10-a.pdf
2025-11-10,072,JARDÍN BOTÁNICO SANTIAGO (EMSANTIAGO,,JARDIN BOTANICO SANTIAGO,EMAI,,,0.0,https://indomet.gob.do/wp-content/uploads/2025/11/temperaturas-extremas-y-precipitaciones-2025x11x10-a.pdf
2025-11-10,073,JANICO (EMA),LA VEGA,PLAN SIERRA,EMAI,,,0.0,https://indomet.gob.do/wp-content/uploads/2025/11/temperaturas-extremas-y-precipitaciones-2025x11x10-a.pdf
2025-11-10,074,VILLA VASQUEZ (EMA),MONTE CRISTI,JUNTA DE REGANTES,EMAI,,,0.0,https://indomet.gob.do/wp-content/uploads/2025/11/temperaturas-extremas-y-precipitaciones-2025x11x10-a.pdf
2025-11-10,075,SANTIAGO RODRÍGUEZ,SANTIAGO RODRÍGUEZ,INDOMET,EMCI,34.8,22.4,0.0,https://indomet.gob.do/wp-content/uploads/2025/11/temperaturas-extremas-y-precipitaciones-2025x11x10-a.pdf
2025-11-10,076,TÁBARA ABAJO,AZUA,INDRHI,EMCI,33.5,20.0,0.0,https://indomet.gob.do/wp-content/uploads/2025/11/temperaturas-extremas-y-precipitaciones-2025x11x10-a.pdf
2025-11-10,077,JIMA ABAJO,LA VEGA,INDOMET,EMCI,32.0,20.0,0.0,https://indomet.gob.do/wp-content/uploads/2025/11/temperaturas-extremas-y-precipitaciones-2025x11x10-a.pdf
2025-11-10,078,VILLA ALTAGRACIA,SAN CRISTÓBAL,ESCUELA JAVIER ANGULO GURIDI,EMCI,,,0.0,https://indomet.gob.do/wp-content/uploads/2025/11/temperaturas-extremas-y-precipitaciones-2025x11x10-a.pdf
2025-11-10,079,VILLA GONZALES,SANTIAGO,MINISTERIO DE AGRICULTURA,EMCI,,,0.0,https://indomet.gob.do/wp-content/uploads/2025/11/temperaturas-extremas-y-precipitaciones-2025x11x10-a.pdf
2025-11-11,001,ARPT. DE PUNTA CANA,LA ALTAGRACIA,INDOMET,EMCI,31.0,23.0,12.0,https://indomet.gob.do/wp-content/uploads/2025/11/temperaturas-extremas-y-precipitaciones-2025x11x11-a.pdf
2025-11-11,002,ARPT. DE LA ROMANA,LA ROMANA,INDOMET,EMCI,32.3,21.2,7.8,https://indomet.gob.do/wp-content/uploads/2025/11/temperaturas-extremas-y-precipitaciones-2025x11x11-a.pdf
2025-11-11,003,ANAMUYA (EMA),LA ALTAGRACIA,MINISTERIO DE AGRICULTURA,EMAP,31.9,23.8,5.0,https://indomet.gob.do/wp-content/uploads/2025/11/temperaturas-extremas-y-precipitaciones-2025x11x11-a.pdf
2025-11-11,004,EL FACTOR (EMA),MARÍA TRINIDAD SÁNCHEZ,INTEC,EMAP,32.3,23.0,4.6,https://indomet.gob.do/wp-content/uploads/2025/11/temperaturas-extremas-y-precipitaciones-2025x11x11-a.pdf
2025-11-11,005,MICHES (EMA),EL SEIBO,PRIVADA,EMAP,31.3,22.0,4.2,https://indomet.gob.do/wp-content/uploads/2025/11/temperaturas-extremas-y-precipitaciones-2025x11x11-a.pdf
2025-11-11,006,ESCONDIDO,PERAVIA,MINISTERIO DE AGRICULTURA,EMCV,32.0,23.0,2.8,https://indomet.gob.do/wp-content/uploads/2025/11/temperaturas-extremas-y-precipitaciones-2025x11x11-a.pdf
2025-11-11,007,SAN RAFAEL DEL YUMA,LA ALTAGRACIA,MINISTERIO DE AGRICULTURA,EMCI,33.4,23.5,2.6,https://indomet.gob.do/wp-content/uploads/2025/11/temperaturas-extremas-y-precipitaciones-2025x11x11-a.pdf
2025-11-11,008,RANCHO ARRIBA,SAN JOSÉ DE OCOA,CENTRO TECNOLÓGICO COMUNITARIO,EMCI,29.2,15.7,1.2,https://indomet.gob.do/wp-content/uploads/2025/11/temperaturas-extremas-y-precipitaciones-2025x11x11-a.pdf
2025-11-11,009,SAMANÁ,SAMANÁ,COMANDANCIA DE PUERTO DE SAMANÁ,EMCI,33.4,20.0,0.6,https://indomet.gob.do/wp-content/uploads/2025/11/temperaturas-extremas-y-precipitaciones-2025x11x11-a.pdf
2025-11-11,010,ARPT. GREGORIO LUPERÓN,PUERTO PLATA,INDOMET,EMCI,32.3,20.4,0.1,https://indomet.gob.do/wp-content/uploads/2025/11/temperaturas-extremas-y-precipitaciones-2025x11x11-a.pdf
2025-11-11,011,SABANA GRANDE DE BOYÁ,MONTE PLATA,MINISTERIO DE AGRICULTURA,EMCV,,,0.1,https://indomet.gob.do/wp-content/uploads/2025/11/temperaturas-extremas-y-precipitaciones-2025x11x11-a.pdf
2025-11-11,012,ALTAMIRA,PUERTO PLATA,HOSP. MPAL. DE ALTAMIRA,EMCI,32.2,19.4,0.0,https://indomet.gob.do/wp-content/uploads/2025/11/temperaturas-extremas-y-precipitaciones-2025x11x11-a.pdf
2025-11-11,013,ALTO BANDERA (EMA),LA VEGA,INTEC,EMAP,17.3,5.8,0.0,https://indomet.gob.do/wp-content/uploads/2025/11/temperaturas-extremas-y-precipitaciones-2025x11x11-a.pdf
2025-11-11,014,ARPT. ARROYO BARRIL,SAMANÁ,INDOMET,EMCI,31.9,23.5,0.0,https://indomet.gob.do/wp-content/uploads/2025/11/temperaturas-extremas-y-precipitaciones-2025x11x11-a.pdf
2025-11-11,015,ARPT. DE LAS AMÉRICAS,SANTO DOMINGO,INDOMET,EMCI,31.5,23.0,0.0,https://indomet.gob.do/wp-content/uploads/2025/11/temperaturas-extremas-y-precipitaciones-2025x11x11-a.pdf
2025-11-11,016,ARPT. DEL CIBAO,SANTIAGO,INDOMET,EMCI,33.0,19.3,0.0,https://indomet.gob.do/wp-content/uploads/2025/11/temperaturas-extremas-y-precipitaciones-2025x11x11-a.pdf
2025-11-11,017,ARPT. EL CATEY,SAMANÁ,INDOMET,EMCI,31.4,22.0,0.0,https://indomet.gob.do/wp-content/uploads/2025/11/temperaturas-extremas-y-precipitaciones-2025x11x11-a.pdf
2025-11-11,018,ARPT. LA ISABELA,SANTO DOMINGO,INDOMET,EMCI,33.0,22.5,0.0,https://indomet.gob.do/wp-content/uploads/2025/11/temperaturas-extremas-y-precipitaciones-2025x11x11-a.pdf
2025-11-11,019,ARPT. MARÍA MONTEZ,BARAHONA,INDOMET,EMCI,33.5,23.5,0.0,https://indomet.gob.do/wp-content/uploads/2025/11/temperaturas-extremas-y-precipitaciones-2025x11x11-a.pdf
2025-11-11,020,ARROYO LORO,SAN JUAN,IDIAF,EMCI,32.4,17.7,0.0,https://indomet.gob.do/wp-content/uploads/2025/11/temperaturas-extremas-y-precipitaciones-2025x11x11-a.pdf
2025-11-11,021,BANI (EMA),PERAVIA,MINISTERIO DE AGRICULTURA,EMAP,31.4,25.1,0.0,https://indomet.gob.do/wp-content/uploads/2025/11/temperaturas-extremas-y-precipitaciones-2025x11x11-a.pdf
2025-11-11,022,BASE AÉREA DE SAN ISIDRO,SANTO DOMINGO,FUERZA AÉREA DOMINICANA,EMCV,33.0,23.5,0.0,https://indomet.gob.do/wp-content/uploads/2025/11/temperaturas-extremas-y-precipitaciones-2025x11x11-a.pdf
2025-11-11,023,BAYAGUANA,MONTE PLATA,INDOMET,EMCI,33.4,21.6,0.0,https://indomet.gob.do/wp-content/uploads/2025/11/temperaturas-extremas-y-precipitaciones-2025x11x11-a.pdf
2025-11-11,024,BOCA DE MAO (EMA),VALVERDE,MINISTERIO DE AGRICULTURA,EMAP,35.4,22.0,0.0,https://indomet.gob.do/wp-content/uploads/2025/11/temperaturas-extremas-y-precipitaciones-2025x11x11-a.pdf
2025-11-11,025,BOHECHÍO,SAN JUAN,MINISTERIO DE AGRICULTURA,EMCV,,,0.0,https://indomet.gob.do/wp-content/uploads/2025/11/temperaturas-extremas-y-precipitaciones-2025x11x11-a.pdf
2025-11-11,026,BONAO,MONSEÑOR NOUEL,MINISTERIO DE AGRICULTURA,EMCV,,,0.0,https://indomet.gob.do/wp-content/uploads/2025/11/temperaturas-extremas-y-precipitaciones-2025x11x11-a.pdf
2025-11-11,027,BUCARA (EMA),SANTIAGO,MINISTERIO DE AGRICULTURA,EMAI,,,0.0,https://indomet.gob.do/wp-content/uploads/2025/11/temperaturas-extremas-y-precipitaciones-2025x11x11-a.pdf
2025-11-11,028,CABRERA,MARÍA TRINIDAD SÁNCHEZ,ESCUELA ARÍSTIDES FIALLO CABRAL,EMCI,32.5,24.5,0.0,https://indomet.gob.do/wp-content/uploads/2025/11/temperaturas-extremas-y-precipitaciones-2025x11x11-a.pdf
2025-11-11,029,CENTRO DE LOS HEROES (EMA),DISTRITO NACIONAL,MINISTERIO DE ENERGIA Y MINA,EMAP,32.4,26.1,0.0,https://indomet.gob.do/wp-content/uploads/2025/11/temperaturas-extremas-y-precipitaciones-2025x11x11-a.pdf
2025-11-11,030,CONSTANZA,LA VEGA,MINISTERIO DE AGRICULTURA,EMCI,26.5,12.3,0.0,https://indomet.gob.do/wp-content/uploads/2025/11/temperaturas-extremas-y-precipitaciones-2025x11x11-a.pdf
2025-11-11,031,CONSTANZA (EMA),LA VEGA,PROGRAMA MUNDIAL DE ALIMENTO,EMAP,25.4,13.8,0.0,https://indomet.gob.do/wp-content/uploads/2025/11/temperaturas-extremas-y-precipitaciones-2025x11x11-a.pdf
2025-11-11,032,DAJABÓN,DAJABÓN,INSTITUTO POLITÉCNICO LOYOLA,EMCI,34.8,20.0,0.0,https://indomet.gob.do/wp-content/uploads/2025/11/temperaturas-extremas-y-precipitaciones-2025x11x11-a.pdf
2025-11-11,033,ELÍAS PIÑA,ELÍAS PIÑA,MINISTERIO DE AGRICULTURA,EMCV,,,0.0,https://indomet.gob.do/wp-content/uploads/2025/11/temperaturas-extremas-y-precipitaciones-2025x11x11-a.pdf
2025-11-11,034,ENRIQUILLO,BARAHONA,MINISTERIO DE AGRICULTURA,EMCV,32.5,23.0,0.0,https://indomet.gob.do/wp-content/uploads/2025/11/temperaturas-extremas-y-precipitaciones-2025x11x11-a.pdf
2025-11-11,035,GASPAR HERNÁNDEZ,ESPAILLAT,PROPIEDAD DEL EMPLEADO,EMCI,,,0.0,https://indomet.gob.do/wp-content/uploads/2025/11/temperaturas-extremas-y-precipitaciones-2025x11x11-a.pdf
2025-11-11,036,GURABO,SANTIAGO,MINISTERIO DE AGRICULTURA,EMCV,,,0.0,https://indomet.gob.do/wp-content/uploads/2025/11/temperaturas-extremas-y-precipitaciones-2025x11x11-a.pdf
2025-11-11,037,HATO MAYOR,HATO MAYOR,MINISTERIO DE AGRICULTURA,EMCV,,,0.0,https://indomet.gob.do/wp-content/uploads/2025/11/temperaturas-extremas-y-precipitaciones-2025x11x11-a.pdf
2025-11-11,038,HONDO VALLE,ELÍAS PIÑA,MINISTERIO DE AGRICULTURA,EMCI,26.7,17.2,0.0,https://indomet.gob.do/wp-content/uploads/2025/11/temperaturas-extremas-y-precipitaciones-2025x11x11-a.pdf
2025-11-11,039,JANICO (EMA),LA VEGA,PLAN SIERRA,EMAI,,,0.0,https://indomet.gob.do/wp-content/uploads/2025/11/temperaturas-extremas-y-precipitaciones-2025x11x11-a.pdf
2025-11-11,040,JARABACOA,LA VEGA,INDRHI / MARENA,EMCI,32.2,16.4,0.0,https://indomet.gob.do/wp-content/uploads/2025/11/temperaturas-extremas-y-precipitaciones-2025x11x11-a.pdf
2025-11-11,041,JARABACOA (EMA),LA VEGA,PROGRAMA MUNDIAL DE ALIMENTO,EMAP,,,0.0,https://indomet.gob.do/wp-content/uploads/2025/11/temperaturas-extremas-y-precipitaciones-2025x11x11-a.pdf
2025-11-11,042,JARDÍN BOTÁNICO SANTIAGO (EMSANTIAGO,,JARDIN BOTANICO SANTIAGO,EMAI,33.5,20.5,0.0,https://indomet.gob.do/wp-content/uploads/2025/11/temperaturas-extremas-y-precipitaciones-2025x11x11-a.pdf
2025-11-11,043,JIMA ABAJO,LA VEGA,INDOMET,EMCI,34.0,20.5,0.0,https://indomet.gob.do/wp-content/uploads/2025/11/temperaturas-extremas-y-precipitaciones-2025x11x11-a.pdf
2025-11-11,044,JIMANÍ,INDEPENDENCIA,MINISTERIO DE AGRICULTURA,EMCI,33.4,22.2,0.0,https://indomet.gob.do/wp-content/uploads/2025/11/temperaturas-extremas-y-precipitaciones-2025x11x11-a.pdf
2025-11-11,045,JUMA BEJUCAL,MONSEÑOR NOUEL,IDIAF,EMCV,33.2,21.0,0.0,https://indomet.gob.do/wp-content/uploads/2025/11/temperaturas-extremas-y-precipitaciones-2025x11x11-a.pdf
2025-11-11,046,LA VEGA,LA VEGA,IATESA,EMCI,33.7,22.0,0.0,https://indomet.gob.do/wp-content/uploads/2025/11/temperaturas-extremas-y-precipitaciones-2025x11x11-a.pdf
2025-11-11,047,LA VICTORIA,SANTO DOMINGO,CUERPO DE BOMBEROS,EMCI,34.5,23.2,0.0,https://indomet.gob.do/wp-content/uploads/2025/11/temperaturas-extremas-y-precipitaciones-2025x11x11-a.pdf
2025-11-11,048,LAS CANAS (EMA),MONTE CRISTI,PROGRAMA MUNDIAL DE ALIMENTO,EMAP,31.2,22.6,0.0,https://indomet.gob.do/wp-content/uploads/2025/11/temperaturas-extremas-y-precipitaciones-2025x11x11-a.pdf
2025-11-11,049,LAS MATAS DE SANTA CRUZ (EMA,MONTE CRISTI,PROGRAMA MUNDIAL DE ALIMENTO,EMAP,,,0.0,https://indomet.gob.do/wp-content/uploads/2025/11/temperaturas-extremas-y-precipitaciones-2025x11x11-a.pdf
2025-11-11,050,LOS JENGIBRES,NAGUA,INDRHI,EMCI,,,0.0,https://indomet.gob.do/wp-content/uploads/2025/11/temperaturas-extremas-y-precipitaciones-2025x11x11-a.pdf
2025-11-11,051,LOS LLANOS,SAN PEDRO DE MACORÍS,MINISTERIO DE AGRICULTURA,EMCI,33.5,22.8,0.0,https://indomet.gob.do/wp-content/uploads/2025/11/temperaturas-extremas-y-precipitaciones-2025x11x11-a.pdf
2025-11-11,052,MAO,VALVERDE,INDRHI / MINISTERIO DE AGRICULTURA,EMCV,,,0.0,https://indomet.gob.do/wp-content/uploads/2025/11/temperaturas-extremas-y-precipitaciones-2025x11x11-a.pdf
2025-11-11,053,MONCIÓN (EMA),SANTIAGO RODRÍGUEZ,PROGRAMA MUNDIAL DE ALIMENTO,EMAP,31.3,17.9,0.0,https://indomet.gob.do/wp-content/uploads/2025/11/temperaturas-extremas-y-precipitaciones-2025x11x11-a.pdf
2025-11-11,054,MONTE CRISTI,MONTE CRISTI,INDOMET,EMCI,33.8,24.0,0.0,https://indomet.gob.do/wp-content/uploads/2025/11/temperaturas-extremas-y-precipitaciones-2025x11x11-a.pdf
2025-11-11,055,NAVARRETE,SANTIAGO,MINISTERIO DE AGRICULTURA,EMCV,,,0.0,https://indomet.gob.do/wp-content/uploads/2025/11/temperaturas-extremas-y-precipitaciones-2025x11x11-a.pdf
2025-11-11,056,OLIVARES,PEDERNALES,INDRHI,EMCI,,,0.0,https://indomet.gob.do/wp-content/uploads/2025/11/temperaturas-extremas-y-precipitaciones-2025x11x11-a.pdf
2025-11-11,057,OVIEDO,PEDERNALES,CLÍNICA RURAL OVIEDO,EMCI,31.5,22.0,0.0,https://indomet.gob.do/wp-content/uploads/2025/11/temperaturas-extremas-y-precipitaciones-2025x11x11-a.pdf
2025-11-11,058,PADRE LAS CASAS,AZUA,HOSP. NTRA. SRA. DEL CARMEN,EMCI,32.2,17.5,0.0,https://indomet.gob.do/wp-content/uploads/2025/11/temperaturas-extremas-y-precipitaciones-2025x11x11-a.pdf
2025-11-11,059,PALO ÍNDIO,PUERTO PLATA,MINISTERIO DE AGRICULTURA,EMCI,,,0.0,https://indomet.gob.do/wp-content/uploads/2025/11/temperaturas-extremas-y-precipitaciones-2025x11x11-a.pdf
2025-11-11,060,PASO AL MEDIO,SAN PEDRO DE MACORÍS,INDRHI,EMCI,,,0.0,https://indomet.gob.do/wp-content/uploads/2025/11/temperaturas-extremas-y-precipitaciones-2025x11x11-a.pdf
2025-11-11,061,PEDERNALES,PEDERNALES,INDRHI,EMCI,,,0.0,https://indomet.gob.do/wp-content/uploads/2025/11/temperaturas-extremas-y-precipitaciones-2025x11x11-a.pdf
2025-11-11,062,PERALTA,AZUA,HOSP. MPAL. DE PERALTA,EMCI,30.0,20.5,0.0,https://indomet.gob.do/wp-content/uploads/2025/11/temperaturas-extremas-y-precipitaciones-2025x11x11-a.pdf
2025-11-11,063,PESCADERIA (EMA),BARAHONA,MINISTERIO DE AGRICULTURA,EMAP,,,0.0,https://indomet.gob.do/wp-content/uploads/2025/11/temperaturas-extremas-y-precipitaciones-2025x11x11-a.pdf
2025-11-11,064,POLO,BARAHONA,INDOCAFE,EMCI,27.4,17.0,0.0,https://indomet.gob.do/wp-content/uploads/2025/11/temperaturas-extremas-y-precipitaciones-2025x11x11-a.pdf
2025-11-11,065,PONTÓN ABAJO (EMA),LA VEGA,MINISTERIO DE AGRICULTURA,EMAP,34.1,22.4,0.0,https://indomet.gob.do/wp-content/uploads/2025/11/temperaturas-extremas-y-precipitaciones-2025x11x11-a.pdf
2025-11-11,066,PRESA DE TAVERAS (EMA),LA VEGA,PROGRAMA MUNDIAL DE ALIMENTO,EMAP,31.6,20.9,0.0,https://indomet.gob.do/wp-content/uploads/2025/11/temperaturas-extremas-y-precipitaciones-2025x11x11-a.pdf
2025-11-11,067,RESTAURACIÓN,DAJABÓN,MINISTERIO DE AGRICULTURA,EMCI,29.0,15.7,0.0,https://indomet.gob.do/wp-content/uploads/2025/11/temperaturas-extremas-y-precipitaciones-2025x11x11-a.pdf
2025-11-11,068,RÍO SAN JUAN,MARÍA TRINIDAD SÁNCHEZ,HOSP. MPAL. DR. DESIDERIO ACOSTA,EMCV,34.3,22.9,0.0,https://indomet.gob.do/wp-content/uploads/2025/11/temperaturas-extremas-y-precipitaciones-2025x11x11-a.pdf
2025-11-11,069,SABANA DE LA MAR,HATO MAYOR,INDOMET,EMCI,32.0,22.5,0.0,https://indomet.gob.do/wp-content/uploads/2025/11/temperaturas-extremas-y-precipitaciones-2025x11x11-a.pdf
2025-11-11,070,SABANETA (EMA),SANTIAGO RODRÍGUEZ,PROGRAMA MUNDIAL DE ALIMENTO,EMAP,34.1,20.4,0.0,https://indomet.gob.do/wp-content/uploads/2025/11/temperaturas-extremas-y-precipitaciones-2025x11x11-a.pdf
2025-11-11,071,SAJOMA (EMA),SANTIAGO,PLAN SIERRA,EMAI,31.9,21.1,0.0,https://indomet.gob.do/wp-content/uploads/2025/11/temperaturas-extremas-y-precipitaciones-2025x11x11-a.pdf
2025-11-11,072,SALCEDO,HERMANAS MIRABAL,PROPIEDAD DEL EMPLEADO,EMCI,,,0.0,https://indomet.gob.do/wp-content/uploads/2025/11/temperaturas-extremas-y-precipitaciones-2025x11x11-a.pdf
2025-11-11,073,SAN CRISTÓBAL,SAN CRISTÓBAL,INSTITUTO POLITÉCNICO LOYOLA,EMCI,32.0,21.2,0.0,https://indomet.gob.do/wp-content/uploads/2025/11/temperaturas-extremas-y-precipitaciones-2025x11x11-a.pdf
2025-11-11,074,SAN FRANCISCO DE MACORÍS,DUARTE,San Francisco de Macorís (UASD),EMCI,32.2,22.6,0.0,https://indomet.gob.do/wp-content/uploads/2025/11/temperaturas-extremas-y-precipitaciones-2025x11x11-a.pdf
2025-11-11,075,SAN JOSÉ DE OCOA,SAN JOSÉ DE OCOA,HOSP. SAN JOSÉ DE OCOA,EMCI,31.8,20.6,0.0,https://indomet.gob.do/wp-content/uploads/2025/11/temperaturas-extremas-y-precipitaciones-2025x11x11-a.pdf
2025-11-11,076,SÁNCHEZ,SAMANÁ,MINISTERIO DE AGRICULTURA,EMCI,31.0,22.3,0.0,https://indomet.gob.do/wp-content/uploads/2025/11/temperaturas-extremas-y-precipitaciones-2025x11x11-a.pdf
2025-11-11,077,SANTIAGO RODRÍGUEZ,SANTIAGO RODRÍGUEZ,INDOMET,EMCI,35.0,20.5,0.0,https://indomet.gob.do/wp-content/uploads/2025/11/temperaturas-extremas-y-precipitaciones-2025x11x11-a.pdf
2025-11-11,078,SANTO DOMINGO ESTE,SANTO DOMINGO,INDOMET,EMCI,33.0,24.4,0.0,https://indomet.gob.do/wp-content/uploads/2025/11/temperaturas-extremas-y-precipitaciones-2025x11x11-a.pdf
2025-11-11,079,TÁBARA ABAJO,AZUA,INDRHI,EMCI,34.9,22.5,0.0,https://indomet.gob.do/wp-content/uploads/2025/11/temperaturas-extremas-y-precipitaciones-2025x11x11-a.pdf
2025-11-11,080,TAMBORIL,SANTIAGO,MINISTERIO DE AGRICULTURA,EMCV,,,0.0,https://indomet.gob.do/wp-content/uploads/2025/11/temperaturas-extremas-y-precipitaciones-2025x11x11-a.pdf
2025-11-11,081,TAVERA,SANTIAGO,INDRHI,EMCI,,,0.0,https://indomet.gob.do/wp-content/uploads/2025/11/temperaturas-extremas-y-precipitaciones-2025x11x11-a.pdf
2025-11-11,082,VILLA ALTAGRACIA,SAN CRISTÓBAL,ESCUELA JAVIER ANGULO GURIDI,EMCI,,,0.0,https://indomet.gob.do/wp-content/uploads/2025/11/temperaturas-extremas-y-precipitaciones-2025x11x11-a.pdf
2025-11-11,083,VILLA GONZALE (EMA),SANTIAGO,IGLESIA,EMAI,,,0.0,https://indomet.gob.do/wp-content/uploads/2025/11/temperaturas-extremas-y-precipitaciones-2025x11x11-a.pdf
2025-11-11,084,VILLA GONZALES,SANTIAGO,MINISTERIO DE AGRICULTURA,EMCI,,,0.0,https://indomet.gob.do/wp-content/uploads/2025/11/temperaturas-extremas-y-precipitaciones-2025x11x11-a.pdf
2025-11-11,085,VILLA ISABELA,PUERTO PLATA,MINISTERIO DE AGRICULTURA,EMCV,,,0.0,https://indomet.gob.do/wp-content/uploads/2025/11/temperaturas-extremas-y-precipitaciones-2025x11x11-a.pdf
2025-11-11,086,VILLA RIVA,DUARTE,HOSP. MPAL. ALICIA DE LEGENDRE,EMCI,32.0,22.0,0.0,https://indomet.gob.do/wp-content/uploads/2025/11/temperaturas-extremas-y-precipitaciones-2025x11x11-a.pdf
2025-11-11,087,VILLA VASQUEZ (EMA),MONTE CRISTI,JUNTA DE REGANTES,EMAI,,,0.0,https://indomet.gob.do/wp-content/uploads/2025/11/temperaturas-extremas-y-precipitaciones-2025x11x11-a.pdf
2025-11-12,001,JARDÍN BOTÁNICO NACIONAL,DISTRITO NACIONAL,JARDÍN BOTÁNICO NACIONAL,EMCV,31.8,21.9,32.2,https://indomet.gob.do/wp-content/uploads/2025/11/temperaturas-extremas-y-precipitaciones-2025x11x12-b.pdf
2025-11-12,002,LOS PRADOS,DISTRITO NACIONAL,PRIVADA,EMAP,,,31.0,https://indomet.gob.do/wp-content/uploads/2025/11/temperaturas-extremas-y-precipitaciones-2025x11x12-b.pdf
2025-11-12,003,ENSANCHE LA FE,DISTRITO NACIONAL,PRIVADA,EMAP,,,30.0,https://indomet.gob.do/wp-content/uploads/2025/11/temperaturas-extremas-y-precipitaciones-2025x11x12-b.pdf
2025-11-12,004,LA AGUSTINA,DISTRITO NACIONAL,PRIVADA,EMAP,,,29.9,https://indomet.gob.do/wp-content/uploads/2025/11/temperaturas-extremas-y-precipitaciones-2025x11x12-b.pdf
2025-11-12,005,LOS JARDINES,DISTRITO NACIONAL,PRIVADA,EMAP,,,27.6,https://indomet.gob.do/wp-content/uploads/2025/11/temperaturas-extremas-y-precipitaciones-2025x11x12-b.pdf
2025-11-12,006,ARPT. LA ISABELA,SANTO DOMINGO,INDOMET,EMCI,32.2,22.0,25.8,https://indomet.gob.do/wp-content/uploads/2025/11/temperaturas-extremas-y-precipitaciones-2025x11x12-b.pdf
2025-11-12,007,SÁNCHEZ,SAMANÁ,MINISTERIO DE AGRICULTURA,EMCI,29.4,22.1,22.2,https://indomet.gob.do/wp-content/uploads/2025/11/temperaturas-extremas-y-precipitaciones-2025x11x12-b.pdf
2025-11-12,008,BASE AÉREA DE SAN ISIDRO,SANTO DOMINGO,FUERZA AÉREA DOMINICANA,EMCV,33.5,22.8,22.0,https://indomet.gob.do/wp-content/uploads/2025/11/temperaturas-extremas-y-precipitaciones-2025x11x12-b.pdf
2025-11-12,009,SAN CRISTÓBAL,SAN CRISTÓBAL,INSTITUTO POLITÉCNICO LOYOLA,EMCI,32.2,20.0,21.5,https://indomet.gob.do/wp-content/uploads/2025/11/temperaturas-extremas-y-precipitaciones-2025x11x12-b.pdf
2025-11-12,010,ENSANCHE PARAÍSO,DISTRITO NACIONAL,PRIVADA,EMAP,,,21.4,https://indomet.gob.do/wp-content/uploads/2025/11/temperaturas-extremas-y-precipitaciones-2025x11x12-b.pdf
2025-11-12,011,LOS CACICAZGOS,DISTRITO NACIONAL,PRIVADA,EMAP,,,21.1,https://indomet.gob.do/wp-content/uploads/2025/11/temperaturas-extremas-y-precipitaciones-2025x11x12-b.pdf
2025-11-12,012,ARROYO LORO,SAN JUAN,IDIAF,EMCI,32.7,18.7,18.7,https://indomet.gob.do/wp-content/uploads/2025/11/temperaturas-extremas-y-precipitaciones-2025x11x12-b.pdf
2025-11-12,013,SANTO DOMINGO ESTE,SANTO DOMINGO,INDOMET,EMCI,33.5,25.0,18.5,https://indomet.gob.do/wp-content/uploads/2025/11/temperaturas-extremas-y-precipitaciones-2025x11x12-b.pdf
2025-11-12,014,BELLA VISTA,DISTRITO NACIONAL,PRIVADA,EMAP,,,15.7,https://indomet.gob.do/wp-content/uploads/2025/11/temperaturas-extremas-y-precipitaciones-2025x11x12-b.pdf
2025-11-12,015,CENTRO DE LOS HEROES (EMA),DISTRITO NACIONAL,MINISTERIO DE ENERGIA Y MINA,EMAP,33.0,25.0,15.4,https://indomet.gob.do/wp-content/uploads/2025/11/temperaturas-extremas-y-precipitaciones-2025x11x12-b.pdf
2025-11-12,016,BONAO,MONSEÑOR NOUEL,MINISTERIO DE AGRICULTURA,EMCV,,,15.2,https://indomet.gob.do/wp-content/uploads/2025/11/temperaturas-extremas-y-precipitaciones-2025x11x12-b.pdf
2025-11-12,017,PROLONGACION 27 DE FEBRERO,DISTRITO NACIONAL,PRIVADA,EMAP,,,13.1,https://indomet.gob.do/wp-content/uploads/2025/11/temperaturas-extremas-y-precipitaciones-2025x11x12-b.pdf
2025-11-12,018,SAMANÁ,SAMANÁ,COMANDANCIA DE PUERTO DE SAMANÁ,EMCI,31.5,19.9,10.4,https://indomet.gob.do/wp-content/uploads/2025/11/temperaturas-extremas-y-precipitaciones-2025x11x12-b.pdf
2025-11-12,019,ARPT. ARROYO BARRIL,SAMANÁ,INDOMET,EMCI,30.8,23.7,10.0,https://indomet.gob.do/wp-content/uploads/2025/11/temperaturas-extremas-y-precipitaciones-2025x11x12-b.pdf
2025-11-12,020,RÍO SAN JUAN,MARÍA TRINIDAD SÁNCHEZ,HOSP. MPAL. DR. DESIDERIO ACOSTA,EMCV,32.8,22.5,9.6,https://indomet.gob.do/wp-content/uploads/2025/11/temperaturas-extremas-y-precipitaciones-2025x11x12-b.pdf
2025-11-12,021,MICHES (EMA),EL SEIBO,PRIVADA,EMAP,30.3,22.1,9.0,https://indomet.gob.do/wp-content/uploads/2025/11/temperaturas-extremas-y-precipitaciones-2025x11x12-b.pdf
2025-11-12,022,LOS JENGIBRES,NAGUA,INDRHI,EMCI,,,8.5,https://indomet.gob.do/wp-content/uploads/2025/11/temperaturas-extremas-y-precipitaciones-2025x11x12-b.pdf
2025-11-12,023,EL FACTOR (EMA),MARÍA TRINIDAD SÁNCHEZ,INTEC,EMAP,31.2,22.6,8.4,https://indomet.gob.do/wp-content/uploads/2025/11/temperaturas-extremas-y-precipitaciones-2025x11x12-b.pdf
2025-11-12,024,CABRERA,MARÍA TRINIDAD SÁNCHEZ,ESCUELA ARÍSTIDES FIALLO CABRAL,EMCI,32.0,24.8,7.8,https://indomet.gob.do/wp-content/uploads/2025/11/temperaturas-extremas-y-precipitaciones-2025x11x12-b.pdf
2025-11-12,025,SALCEDO,HERMANAS MIRABAL,PROPIEDAD DEL EMPLEADO,EMCI,,,7.6,https://indomet.gob.do/wp-content/uploads/2025/11/temperaturas-extremas-y-precipitaciones-2025x11x12-b.pdf
2025-11-12,026,ARPT. EL CATEY,SAMANÁ,INDOMET,EMCI,30.4,23.0,7.1,https://indomet.gob.do/wp-content/uploads/2025/11/temperaturas-extremas-y-precipitaciones-2025x11x12-b.pdf
2025-11-12,027,LA VICTORIA,SANTO DOMINGO,CUERPO DE BOMBEROS,EMCI,32.8,23.0,6.9,https://indomet.gob.do/wp-content/uploads/2025/11/temperaturas-extremas-y-precipitaciones-2025x11x12-b.pdf
2025-11-12,028,ANAMUYA (EMA),LA ALTAGRACIA,MINISTERIO DE AGRICULTURA,EMAP,31.6,23.2,6.4,https://indomet.gob.do/wp-content/uploads/2025/11/temperaturas-extremas-y-precipitaciones-2025x11x12-b.pdf
2025-11-12,029,LOS TRES CHARCOS (EMA),PEDERNALES,PROPIEDAD DEL VOLUNTARIO,EMAP,,,5.0,https://indomet.gob.do/wp-content/uploads/2025/11/temperaturas-extremas-y-precipitaciones-2025x11x12-b.pdf
2025-11-12,030,GURABO,SANTIAGO,MINISTERIO DE AGRICULTURA,EMCV,,,4.6,https://indomet.gob.do/wp-content/uploads/2025/11/temperaturas-extremas-y-precipitaciones-2025x11x12-b.pdf
2025-11-12,031,SAN FRANCISCO DE MACORÍS,DUARTE,San Francisco de Macorís (UASD),EMCI,30.4,21.8,4.0,https://indomet.gob.do/wp-content/uploads/2025/11/temperaturas-extremas-y-precipitaciones-2025x11x12-b.pdf
2025-11-12,032,ARPT. DE LAS AMÉRICAS,SANTO DOMINGO,INDOMET,EMCI,32.5,23.4,2.7,https://indomet.gob.do/wp-content/uploads/2025/11/temperaturas-extremas-y-precipitaciones-2025x11x12-b.pdf
2025-11-12,033,RANCHO ARRIBA,SAN JOSÉ DE OCOA,CENTRO TECNOLÓGICO COMUNITARIO,EMCI,26.9,16.1,2.6,https://indomet.gob.do/wp-content/uploads/2025/11/temperaturas-extremas-y-precipitaciones-2025x11x12-b.pdf
2025-11-12,034,SABANA DE LA MAR,HATO MAYOR,INDOMET,EMCI,31.0,22.5,2.6,https://indomet.gob.do/wp-content/uploads/2025/11/temperaturas-extremas-y-precipitaciones-2025x11x12-b.pdf
2025-11-12,035,VILLA GONZALES,SANTIAGO,MINISTERIO DE AGRICULTURA,EMCI,,,2.5,https://indomet.gob.do/wp-content/uploads/2025/11/temperaturas-extremas-y-precipitaciones-2025x11x12-b.pdf
2025-11-12,036,MOCA,ESPAILLAT,MINISTERIO DE AGRICULTURA,EMCV,,,2.5,https://indomet.gob.do/wp-content/uploads/2025/11/temperaturas-extremas-y-precipitaciones-2025x11x12-b.pdf
2025-11-12,037,LA VEGA,LA VEGA,IATESA,EMCI,31.5,21.0,2.0,https://indomet.gob.do/wp-content/uploads/2025/11/temperaturas-extremas-y-precipitaciones-2025x11x12-b.pdf
2025-11-12,038,ARPT. DE PUNTA CANA,LA ALTAGRACIA,INDOMET,EMCI,30.5,21.5,1.5,https://indomet.gob.do/wp-content/uploads/2025/11/temperaturas-extremas-y-precipitaciones-2025x11x12-b.pdf
2025-11-12,039,JUMA BEJUCAL,MONSEÑOR NOUEL,IDIAF,EMCV,32.0,20.8,1.4,https://indomet.gob.do/wp-content/uploads/2025/11/temperaturas-extremas-y-precipitaciones-2025x11x12-b.pdf
2025-11-12,040,ARPT. DE LA ROMANA,LA ROMANA,INDOMET,EMCI,32.0,22.0,1.0,https://indomet.gob.do/wp-content/uploads/2025/11/temperaturas-extremas-y-precipitaciones-2025x11x12-b.pdf
2025-11-12,041,JARDÍN BOTÁNICO SANTIAGO (EMA),SANTIAGO,JARDIN BOTANICO SANTIAGO,EMAI,,,0.8,https://indomet.gob.do/wp-content/uploads/2025/11/temperaturas-extremas-y-precipitaciones-2025x11x12-b.pdf
2025-11-12,042,SAN JOSÉ DE OCOA,SAN JOSÉ DE OCOA,HOSP. SAN JOSÉ DE OCOA,EMCI,29.3,20.0,0.6,https://indomet.gob.do/wp-content/uploads/2025/11/temperaturas-extremas-y-precipitaciones-2025x11x12-b.pdf
2025-11-12,043,ALTO BANDERA (EMA),LA VEGA,INTEC,EMAP,17.1,4.9,0.5,https://indomet.gob.do/wp-content/uploads/2025/11/temperaturas-extremas-y-precipitaciones-2025x11x12-b.pdf
2025-11-12,044,BUCARA (EMA),SANTIAGO,MINISTERIO DE AGRICULTURA,EMAI,,,0.4,https://indomet.gob.do/wp-content/uploads/2025/11/temperaturas-extremas-y-precipitaciones-2025x11x12-b.pdf
2025-11-12,045,SAN RAFAEL DEL YUMA,LA ALTAGRACIA,MINISTERIO DE AGRICULTURA,EMCI,32.3,22.7,0.3,https://indomet.gob.do/wp-content/uploads/2025/11/temperaturas-extremas-y-precipitaciones-2025x11x12-b.pdf
2025-11-12,046,PRESA DE TAVERAS (EMA),LA VEGA,PROGRAMA MUNDIAL DE ALIMENTO,EMAP,30.4,20.1,0.2,https://indomet.gob.do/wp-content/uploads/2025/11/temperaturas-extremas-y-precipitaciones-2025x11x12-b.pdf
2025-11-12,047,VALLE NUEVO (EMA),LA VEGA,MARENA,EMAI,18.4,7.9,0.2,https://indomet.gob.do/wp-content/uploads/2025/11/temperaturas-extremas-y-precipitaciones-2025x11x12-b.pdf
2025-11-12,048,ALTAMIRA,PUERTO PLATA,HOSP. MPAL. DE ALTAMIRA,EMCI,30.6,19.1,0.1,https://indomet.gob.do/wp-content/uploads/2025/11/temperaturas-extremas-y-precipitaciones-2025x11x12-b.pdf
2025-11-12,049,ARPT. DEL CIBAO,SANTIAGO,INDOMET,EMCI,31.6,20.8,0.1,https://indomet.gob.do/wp-content/uploads/2025/11/temperaturas-extremas-y-precipitaciones-2025x11x12-b.pdf
2025-11-12,050,JARABACOA,LA VEGA,INDRHI / MARENA,EMCI,30.8,17.0,0.1,https://indomet.gob.do/wp-content/uploads/2025/11/temperaturas-extremas-y-precipitaciones-2025x11x12-b.pdf
2025-11-12,051,ARPT. GREGORIO LUPERÓN,PUERTO PLATA,INDOMET,EMCI,31.4,22.3,0.0,https://indomet.gob.do/wp-content/uploads/2025/11/temperaturas-extremas-y-precipitaciones-2025x11x12-b.pdf
2025-11-12,052,ARPT. MARÍA MONTEZ,BARAHONA,INDOMET,EMCI,31.2,22.5,0.0,https://indomet.gob.do/wp-content/uploads/2025/11/temperaturas-extremas-y-precipitaciones-2025x11x12-b.pdf
2025-11-12,053,BANI (EMA),PERAVIA,MINISTERIO DE AGRICULTURA,EMAP,31.0,25.3,0.0,https://indomet.gob.do/wp-content/uploads/2025/11/temperaturas-extremas-y-precipitaciones-2025x11x12-b.pdf
2025-11-12,054,BAYAGUANA,MONTE PLATA,INDOMET,EMCI,32.6,21.4,0.0,https://indomet.gob.do/wp-content/uploads/2025/11/temperaturas-extremas-y-precipitaciones-2025x11x12-b.pdf
2025-11-12,055,BOCA DE MAO (EMA),VALVERDE,MINISTERIO DE AGRICULTURA,EMAP,34.5,22.7,0.0,https://indomet.gob.do/wp-content/uploads/2025/11/temperaturas-extremas-y-precipitaciones-2025x11x12-b.pdf
2025-11-12,056,BOHECHÍO,SAN JUAN,MINISTERIO DE AGRICULTURA,EMCV,,,0.0,https://indomet.gob.do/wp-content/uploads/2025/11/temperaturas-extremas-y-precipitaciones-2025x11x12-b.pdf
2025-11-12,057,CONSTANZA,LA VEGA,MINISTERIO DE AGRICULTURA,EMCI,25.8,11.0,0.0,https://indomet.gob.do/wp-content/uploads/2025/11/temperaturas-extremas-y-precipitaciones-2025x11x12-b.pdf
2025-11-12,058,CONSTANZA (EMA),LA VEGA,PROGRAMA MUNDIAL DE ALIMENTO,EMAP,24.8,12.7,0.0,https://indomet.gob.do/wp-content/uploads/2025/11/temperaturas-extremas-y-precipitaciones-2025x11x12-b.pdf
2025-11-12,059,COTUÍ,SÁNCHEZ RAMÍREZ,HOSP. INMACULADA CONCEPCIÓN,EMCV,,,0.0,https://indomet.gob.do/wp-content/uploads/2025/11/temperaturas-extremas-y-precipitaciones-2025x11x12-b.pdf
2025-11-12,060,DAJABÓN,DAJABÓN,INSTITUTO POLITÉCNICO LOYOLA,EMCI,35.0,21.8,0.0,https://indomet.gob.do/wp-content/uploads/2025/11/temperaturas-extremas-y-precipitaciones-2025x11x12-b.pdf
2025-11-12,061,ELÍAS PIÑA,ELÍAS PIÑA,MINISTERIO DE AGRICULTURA,EMCV,,,0.0,https://indomet.gob.do/wp-content/uploads/2025/11/temperaturas-extremas-y-precipitaciones-2025x11x12-b.pdf
2025-11-12,062,ENRIQUILLO,BARAHONA,MINISTERIO DE AGRICULTURA,EMCV,32.8,23.3,0.0,https://indomet.gob.do/wp-content/uploads/2025/11/temperaturas-extremas-y-precipitaciones-2025x11x12-b.pdf
2025-11-12,063,HATO MAYOR,HATO MAYOR,MINISTERIO DE AGRICULTURA,EMCV,,,0.0,https://indomet.gob.do/wp-content/uploads/2025/11/temperaturas-extremas-y-precipitaciones-2025x11x12-b.pdf
2025-11-12,064,HONDO VALLE,ELÍAS PIÑA,MINISTERIO DE AGRICULTURA,EMCI,26.4,16.8,0.0,https://indomet.gob.do/wp-content/uploads/2025/11/temperaturas-extremas-y-precipitaciones-2025x11x12-b.pdf
2025-11-12,065,JIMANÍ,INDEPENDENCIA,MINISTERIO DE AGRICULTURA,EMCI,33.6,24.4,0.0,https://indomet.gob.do/wp-content/uploads/2025/11/temperaturas-extremas-y-precipitaciones-2025x11x12-b.pdf
2025-11-12,066,LAS CANAS (EMA),MONTE CRISTI,PROGRAMA MUNDIAL DE ALIMENTO,EMAP,29.7,23.5,0.0,https://indomet.gob.do/wp-content/uploads/2025/11/temperaturas-extremas-y-precipitaciones-2025x11x12-b.pdf
2025-11-12,067,LAS MATAS DE SANTA CRUZ (EMA),MONTE CRISTI,PROGRAMA MUNDIAL DE ALIMENTO,EMAP,,,0.0,https://indomet.gob.do/wp-content/uploads/2025/11/temperaturas-extremas-y-precipitaciones-2025x11x12-b.pdf
2025-11-12,068,LOS LLANOS,SAN PEDRO DE MACORÍS,MINISTERIO DE AGRICULTURA,EMCI,33.5,22.8,0.0,https://indomet.gob.do/wp-content/uploads/2025/11/temperaturas-extremas-y-precipitaciones-2025x11x12-b.pdf
2025-11-12,069,MAO,VALVERDE,INDRHI / MINISTERIO DE AGRICULTURA,EMCV,,,0.0,https://indomet.gob.do/wp-content/uploads/2025/11/temperaturas-extremas-y-precipitaciones-2025x11x12-b.pdf
2025-11-12,070,MONCIÓN (EMA),SANTIAGO RODRÍGUEZ,PROGRAMA MUNDIAL DE ALIMENTO,EMAP,30.5,20.3,0.0,https://indomet.gob.do/wp-content/uploads/2025/11/temperaturas-extremas-y-precipitaciones-2025x11x12-b.pdf
2025-11-12,071,MONTE CRISTI,MONTE CRISTI,INDOMET,EMCI,32.7,23.5,0.0,https://indomet.gob.do/wp-content/uploads/2025/11/temperaturas-extremas-y-precipitaciones-2025x11x12-b.pdf
2025-11-12,072,NAVARRETE,SANTIAGO,MINISTERIO DE AGRICULTURA,EMCV,,,0.0,https://indomet.gob.do/wp-content/uploads/2025/11/temperaturas-extremas-y-precipitaciones-2025x11x12-b.pdf
2025-11-12,073,OLIVARES,PEDERNALES,INDRHI,EMCI,,,0.0,https://indomet.gob.do/wp-content/uploads/2025/11/temperaturas-extremas-y-precipitaciones-2025x11x12-b.pdf
2025-11-12,074,OVIEDO,PEDERNALES,CLÍNICA RURAL OVIEDO,EMCI,31.5,22.0,0.0,https://indomet.gob.do/wp-content/uploads/2025/11/temperaturas-extremas-y-precipitaciones-2025x11x12-b.pdf
2025-11-12,075,PADRE LAS CASAS,AZUA,HOSP. NTRA. SRA. DEL CARMEN,EMCI,32.4,17.3,0.0,https://indomet.gob.do/wp-content/uploads/2025/11/temperaturas-extremas-y-precipitaciones-2025x11x12-b.pdf
2025-11-12,076,PALO ÍNDIO,PUERTO PLATA,MINISTERIO DE AGRICULTURA,EMCI,,,0.0,https://indomet.gob.do/wp-content/uploads/2025/11/temperaturas-extremas-y-precipitaciones-2025x11x12-b.pdf
2025-11-12,077,PASO AL MEDIO,SAN PEDRO DE MACORÍS,INDRHI,EMCI,,,0.0,https://indomet.gob.do/wp-content/uploads/2025/11/temperaturas-extremas-y-precipitaciones-2025x11x12-b.pdf
2025-11-12,078,PEDERNALES,PEDERNALES,INDRHI,EMCI,,,0.0,https://indomet.gob.do/wp-content/uploads/2025/11/temperaturas-extremas-y-precipitaciones-2025x11x12-b.pdf
2025-11-12,079,PERALTA,AZUA,HOSP. MPAL. DE PERALTA,EMCI,29.7,15.0,0.0,https://indomet.gob.do/wp-content/uploads/2025/11/temperaturas-extremas-y-precipitaciones-2025x11x12-b.pdf
2025-11-12,080,PESCADERIA (EMA),BARAHONA,MINISTERIO DE AGRICULTURA,EMAP,,,0.0,https://indomet.gob.do/wp-content/uploads/2025/11/temperaturas-extremas-y-precipitaciones-2025x11x12-b.pdf
2025-11-12,081,POLO,BARAHONA,INDOCAFE,EMCI,28.2,16.5,0.0,https://indomet.gob.do/wp-content/uploads/2025/11/temperaturas-extremas-y-precipitaciones-2025x11x12-b.pdf
2025-11-12,082,PONTÓN ABAJO (EMA),LA VEGA,MINISTERIO DE AGRICULTURA,EMAP,31.9,21.6,0.0,https://indomet.gob.do/wp-content/uploads/2025/11/temperaturas-extremas-y-precipitaciones-2025x11x12-b.pdf
2025-11-12,083,RESTAURACIÓN,DAJABÓN,MINISTERIO DE AGRICULTURA,EMCI,28.2,16.1,0.0,https://indomet.gob.do/wp-content/uploads/2025/11/temperaturas-extremas-y-precipitaciones-2025x11x12-b.pdf
2025-11-12,084,SABANETA (EMA),SANTIAGO RODRÍGUEZ,PROGRAMA MUNDIAL DE ALIMENTO,EMAP,34.6,20.7,0.0,https://indomet.gob.do/wp-content/uploads/2025/11/temperaturas-extremas-y-precipitaciones-2025x11x12-b.pdf
2025-11-12,085,SANTIAGO,SANTIAGO,HUACALITO,EMCI,,,0.0,https://indomet.gob.do/wp-content/uploads/2025/11/temperaturas-extremas-y-precipitaciones-2025x11x12-b.pdf
2025-11-12,086,SAJOMA (EMA),SANTIAGO,PLAN SIERRA,EMAI,,,0.0,https://indomet.gob.do/wp-content/uploads/2025/11/temperaturas-extremas-y-precipitaciones-2025x11x12-b.pdf
2025-11-12,087,VILLA GONZALE (EMA),SANTIAGO,IGLESIA,EMAI,,,0.0,https://indomet.gob.do/wp-content/uploads/2025/11/temperaturas-extremas-y-precipitaciones-2025x11x12-b.pdf
2025-11-12,088,VILLA VASQUEZ (EMA),MONTE CRISTI,JUNTA DE REGANTES,EMAI,,,0.0,https://indomet.gob.do/wp-content/uploads/2025/11/temperaturas-extremas-y-precipitaciones-2025x11x12-b.pdf
2025-11-12,089,SANTIAGO RODRÍGUEZ,SANTIAGO RODRÍGUEZ,INDOMET,EMCI,34.5,21.0,0.0,https://indomet.gob.do/wp-content/uploads/2025/11/temperaturas-extremas-y-precipitaciones-2025x11x12-b.pdf
2025-11-12,090,TÁBARA ABAJO,AZUA,INDRHI,EMCI,33.9,23.0,0.0,https://indomet.gob.do/wp-content/uploads/2025/11/temperaturas-extremas-y-precipitaciones-2025x11x12-b.pdf
2025-11-12,091,JIMA ABAJO,LA VEGA,INDOMET,EMCI,33.7,21.0,0.0,https://indomet.gob.do/wp-content/uploads/2025/11/temperaturas-extremas-y-precipitaciones-2025x11x12-b.pdf
2025-11-12,092,VILLA RIVA,DUARTE,HOSP. MPAL. ALICIA DE LEGENDRE,EMCI,31.0,22.5,0.0,https://indomet.gob.do/wp-content/uploads/2025/11/temperaturas-extremas-y-precipitaciones-2025x11x12-b.pdf
2025-11-13,001,JUMA BEJUCAL,MONSEÑOR NOUEL,IDIAF,EMCV,32.4,21.6,45.6,https://indomet.gob.do/wp-content/uploads/2025/11/temperaturas-extremas-y-precipitaciones-2025x11x13-a.pdf
2025-11-13,002,PALO ÍNDIO,PUERTO PLATA,MINISTERIO DE AGRICULTURA,EMCI,,,43.2,https://indomet.gob.do/wp-content/uploads/2025/11/temperaturas-extremas-y-precipitaciones-2025x11x13-a.pdf
2025-11-13,003,BONAO,MONSEÑOR NOUEL,MINISTERIO DE AGRICULTURA,EMCV,,,14.7,https://indomet.gob.do/wp-content/uploads/2025/11/temperaturas-extremas-y-precipitaciones-2025x11x13-a.pdf
2025-11-13,004,BAYAGUANA,MONTE PLATA,INDOMET,EMCI,33.0,21.8,11.8,https://indomet.gob.do/wp-content/uploads/2025/11/temperaturas-extremas-y-precipitaciones-2025x11x13-a.pdf
2025-11-13,005,EL FACTOR (EMA),MARÍA TRINIDAD SÁNCHEZ,INTEC,EMAP,31.3,22.5,11.7,https://indomet.gob.do/wp-content/uploads/2025/11/temperaturas-extremas-y-precipitaciones-2025x11x13-a.pdf
2025-11-13,006,RESTAURACIÓN,DAJABÓN,MINISTERIO DE AGRICULTURA,EMCI,28.5,16.4,5.4,https://indomet.gob.do/wp-content/uploads/2025/11/temperaturas-extremas-y-precipitaciones-2025x11x13-a.pdf
2025-11-13,007,SAN RAFAEL DEL YUMA,LA ALTAGRACIA,MINISTERIO DE AGRICULTURA,EMCI,32.5,22.5,4.5,https://indomet.gob.do/wp-content/uploads/2025/11/temperaturas-extremas-y-precipitaciones-2025x11x13-a.pdf
2025-11-13,008,LOS LLANOS,SAN PEDRO DE MACORÍS,MINISTERIO DE AGRICULTURA,EMCI,33.0,21.9,4.2,https://indomet.gob.do/wp-content/uploads/2025/11/temperaturas-extremas-y-precipitaciones-2025x11x13-a.pdf
2025-11-13,009,LOS TRES CHARCOS (EMA),PEDERNALES,PROPIEDAD DEL VOLUNTARIO,EMAP,31.3,21.8,3.6,https://indomet.gob.do/wp-content/uploads/2025/11/temperaturas-extremas-y-precipitaciones-2025x11x13-a.pdf
2025-11-13,010,VILLA ALTAGRACIA,SAN CRISTÓBAL,ESCUELA JAVIER ANGULO GURIDI,EMCI,,,2.9,https://indomet.gob.do/wp-content/uploads/2025/11/temperaturas-extremas-y-precipitaciones-2025x11x13-a.pdf
2025-11-13,011,SAMANÁ,SAMANÁ,COMANDANCIA DE PUERTO DE SAMANÁ,EMCI,32.5,19.9,1.8,https://indomet.gob.do/wp-content/uploads/2025/11/temperaturas-extremas-y-precipitaciones-2025x11x13-a.pdf
2025-11-13,012,ANAMUYA (EMA),LA ALTAGRACIA,MINISTERIO DE AGRICULTURA,EMAP,30.7,22.8,0.8,https://indomet.gob.do/wp-content/uploads/2025/11/temperaturas-extremas-y-precipitaciones-2025x11x13-a.pdf
2025-11-13,013,ARPT. DE PUNTA CANA,LA ALTAGRACIA,INDOMET,EMCI,30.8,22.0,0.8,https://indomet.gob.do/wp-content/uploads/2025/11/temperaturas-extremas-y-precipitaciones-2025x11x13-a.pdf
2025-11-13,014,ARPT. LA ISABELA,SANTO DOMINGO,INDOMET,EMCI,32.8,22.0,0.6,https://indomet.gob.do/wp-content/uploads/2025/11/temperaturas-extremas-y-precipitaciones-2025x11x13-a.pdf
2025-11-13,015,RANCHO ARRIBA,SAN JOSÉ DE OCOA,CENTRO TECNOLÓGICO COMUNITARIO,EMCI,27.8,17.2,0.5,https://indomet.gob.do/wp-content/uploads/2025/11/temperaturas-extremas-y-precipitaciones-2025x11x13-a.pdf
2025-11-13,016,SABANA DE LA MAR,HATO MAYOR,INDOMET,EMCI,30.5,22.0,0.5,https://indomet.gob.do/wp-content/uploads/2025/11/temperaturas-extremas-y-precipitaciones-2025x11x13-a.pdf
2025-11-13,017,VALLE NUEVO (EMA),LA VEGA,MARENA,EMAI,20.4,4.5,0.4,https://indomet.gob.do/wp-content/uploads/2025/11/temperaturas-extremas-y-precipitaciones-2025x11x13-a.pdf
2025-11-13,018,ALTO BANDERA (EMA),LA VEGA,INTEC,EMAP,17.3,7.4,0.3,https://indomet.gob.do/wp-content/uploads/2025/11/temperaturas-extremas-y-precipitaciones-2025x11x13-a.pdf
2025-11-13,019,PONTÓN ABAJO (EMA),LA VEGA,MINISTERIO DE AGRICULTURA,EMAP,33.3,22.6,0.2,https://indomet.gob.do/wp-content/uploads/2025/11/temperaturas-extremas-y-precipitaciones-2025x11x13-a.pdf
2025-11-13,020,SAJOMA (EMA),SANTIAGO,PLAN SIERRA,EMAI,31.0,22.1,0.2,https://indomet.gob.do/wp-content/uploads/2025/11/temperaturas-extremas-y-precipitaciones-2025x11x13-a.pdf
2025-11-13,021,LA VICTORIA,SANTO DOMINGO,CUERPO DE BOMBEROS,EMCI,33.6,22.5,0.1,https://indomet.gob.do/wp-content/uploads/2025/11/temperaturas-extremas-y-precipitaciones-2025x11x13-a.pdf
2025-11-13,022,ALTAMIRA,PUERTO PLATA,HOSP. MPAL. DE ALTAMIRA,EMCI,31.0,19.6,0.0,https://indomet.gob.do/wp-content/uploads/2025/11/temperaturas-extremas-y-precipitaciones-2025x11x13-a.pdf
2025-11-13,023,ARPT. ARROYO BARRIL,SAMANÁ,INDOMET,EMCI,29.5,23.7,0.0,https://indomet.gob.do/wp-content/uploads/2025/11/temperaturas-extremas-y-precipitaciones-2025x11x13-a.pdf
2025-11-13,024,ARPT. DE LA ROMANA,LA ROMANA,INDOMET,EMCI,31.9,20.4,0.0,https://indomet.gob.do/wp-content/uploads/2025/11/temperaturas-extremas-y-precipitaciones-2025x11x13-a.pdf
2025-11-13,025,ARPT. DE LAS AMÉRICAS,SANTO DOMINGO,INDOMET,EMCI,32.0,22.4,0.0,https://indomet.gob.do/wp-content/uploads/2025/11/temperaturas-extremas-y-precipitaciones-2025x11x13-a.pdf
2025-11-13,026,ARPT. DEL CIBAO,SANTIAGO,INDOMET,EMCI,32.4,22.0,0.0,https://indomet.gob.do/wp-content/uploads/2025/11/temperaturas-extremas-y-precipitaciones-2025x11x13-a.pdf
2025-11-13,027,ARPT. EL CATEY,SAMANÁ,INDOMET,EMCI,30.5,22.0,0.0,https://indomet.gob.do/wp-content/uploads/2025/11/temperaturas-extremas-y-precipitaciones-2025x11x13-a.pdf
2025-11-13,028,ARPT. GREGORIO LUPERÓN,PUERTO PLATA,INDOMET,EMCI,31.7,20.5,0.0,https://indomet.gob.do/wp-content/uploads/2025/11/temperaturas-extremas-y-precipitaciones-2025x11x13-a.pdf
2025-11-13,029,ARPT. MARÍA MONTEZ,BARAHONA,INDOMET,EMCI,32.9,22.0,0.0,https://indomet.gob.do/wp-content/uploads/2025/11/temperaturas-extremas-y-precipitaciones-2025x11x13-a.pdf
2025-11-13,030,ARROYO LORO,SAN JUAN,IDIAF,EMCI,31.8,18.3,0.0,https://indomet.gob.do/wp-content/uploads/2025/11/temperaturas-extremas-y-precipitaciones-2025x11x13-a.pdf
2025-11-13,031,BANI (EMA),PERAVIA,MINISTERIO DE AGRICULTURA,EMAP,31.7,24.4,0.0,https://indomet.gob.do/wp-content/uploads/2025/11/temperaturas-extremas-y-precipitaciones-2025x11x13-a.pdf
2025-11-13,032,BASE AÉREA DE SAN ISIDRO,SANTO DOMINGO,FUERZA AÉREA DOMINICANA,EMCV,32.0,22.0,0.0,https://indomet.gob.do/wp-content/uploads/2025/11/temperaturas-extremas-y-precipitaciones-2025x11x13-a.pdf
2025-11-13,033,BOCA DE MAO (EMA),VALVERDE,MINISTERIO DE AGRICULTURA,EMAP,34.4,20.9,0.0,https://indomet.gob.do/wp-content/uploads/2025/11/temperaturas-extremas-y-precipitaciones-2025x11x13-a.pdf
2025-11-13,034,BUCARA (EMA),SANTIAGO,MINISTERIO DE AGRICULTURA,EMAI,,,0.0,https://indomet.gob.do/wp-content/uploads/2025/11/temperaturas-extremas-y-precipitaciones-2025x11x13-a.pdf
2025-11-13,035,CENTRO DE LOS HEROES (EMA),DISTRITO NACIONAL,MINISTERIO DE ENERGIA Y MINA,EMAP,33.0,25.6,0.0,https://indomet.gob.do/wp-content/uploads/2025/11/temperaturas-extremas-y-precipitaciones-2025x11x13-a.pdf
2025-11-13,036,CONSTANZA,LA VEGA,MINISTERIO DE AGRICULTURA,EMCI,26.2,13.6,0.0,https://indomet.gob.do/wp-content/uploads/2025/11/temperaturas-extremas-y-precipitaciones-2025x11x13-a.pdf
2025-11-13,037,CONSTANZA (EMA),LA VEGA,PROGRAMA MUNDIAL DE ALIMENTO,EMAP,25.1,14.9,0.0,https://indomet.gob.do/wp-content/uploads/2025/11/temperaturas-extremas-y-precipitaciones-2025x11x13-a.pdf
2025-11-13,038,DAJABÓN,DAJABÓN,INSTITUTO POLITÉCNICO LOYOLA,EMCI,34.6,23.2,0.0,https://indomet.gob.do/wp-content/uploads/2025/11/temperaturas-extremas-y-precipitaciones-2025x11x13-a.pdf
2025-11-13,039,EL CERCADO,SAN JUAN,MINISTERIO DE AGRICULTURA,EMCV,,,0.0,https://indomet.gob.do/wp-content/uploads/2025/11/temperaturas-extremas-y-precipitaciones-2025x11x13-a.pdf
2025-11-13,040,ELÍAS PIÑA,ELÍAS PIÑA,MINISTERIO DE AGRICULTURA,EMCV,,,0.0,https://indomet.gob.do/wp-content/uploads/2025/11/temperaturas-extremas-y-precipitaciones-2025x11x13-a.pdf
2025-11-13,041,ENRIQUILLO,BARAHONA,MINISTERIO DE AGRICULTURA,EMCV,33.0,23.4,0.0,https://indomet.gob.do/wp-content/uploads/2025/11/temperaturas-extremas-y-precipitaciones-2025x11x13-a.pdf
2025-11-13,042,ESCONDIDO,PERAVIA,MINISTERIO DE AGRICULTURA,EMCV,32.0,23.0,0.0,https://indomet.gob.do/wp-content/uploads/2025/11/temperaturas-extremas-y-precipitaciones-2025x11x13-a.pdf
2025-11-13,043,GASPAR HERNÁNDEZ,ESPAILLAT,PROPIEDAD DEL EMPLEADO,EMCI,,,0.0,https://indomet.gob.do/wp-content/uploads/2025/11/temperaturas-extremas-y-precipitaciones-2025x11x13-a.pdf
2025-11-13,044,GURABO,SANTIAGO,MINISTERIO DE AGRICULTURA,EMCV,,,0.0,https://indomet.gob.do/wp-content/uploads/2025/11/temperaturas-extremas-y-precipitaciones-2025x11x13-a.pdf
2025-11-13,045,HATO MAYOR,HATO MAYOR,MINISTERIO DE AGRICULTURA,EMCV,,,0.0,https://indomet.gob.do/wp-content/uploads/2025/11/temperaturas-extremas-y-precipitaciones-2025x11x13-a.pdf
2025-11-13,046,HONDO VALLE,ELÍAS PIÑA,MINISTERIO DE AGRICULTURA,EMCI,26.1,16.4,0.0,https://indomet.gob.do/wp-content/uploads/2025/11/temperaturas-extremas-y-precipitaciones-2025x11x13-a.pdf
2025-11-13,047,JARABACOA,LA VEGA,INDRHI / MARENA,EMCI,31.0,16.2,0.0,https://indomet.gob.do/wp-content/uploads/2025/11/temperaturas-extremas-y-precipitaciones-2025x11x13-a.pdf
2025-11-13,048,JARDÍN BOTÁNICO NACIONAL,DISTRITO NACIONAL,JARDÍN BOTÁNICO NACIONAL,EMCV,32.2,21.6,0.0,https://indomet.gob.do/wp-content/uploads/2025/11/temperaturas-extremas-y-precipitaciones-2025x11x13-a.pdf
2025-11-13,049,JARDÍN BOTÁNICO SANTIAGO (EMSANTIAGO,,JARDIN BOTANICO SANTIAGO,EMAI,27.1,25.4,0.0,https://indomet.gob.do/wp-content/uploads/2025/11/temperaturas-extremas-y-precipitaciones-2025x11x13-a.pdf
2025-11-13,050,JIMA ABAJO,LA VEGA,INDOMET,EMCI,32.5,20.0,0.0,https://indomet.gob.do/wp-content/uploads/2025/11/temperaturas-extremas-y-precipitaciones-2025x11x13-a.pdf
2025-11-13,051,JIMANÍ,INDEPENDENCIA,MINISTERIO DE AGRICULTURA,EMCI,33.8,24.0,0.0,https://indomet.gob.do/wp-content/uploads/2025/11/temperaturas-extremas-y-precipitaciones-2025x11x13-a.pdf
2025-11-13,052,LA VEGA,LA VEGA,IATESA,EMCI,32.0,22.0,0.0,https://indomet.gob.do/wp-content/uploads/2025/11/temperaturas-extremas-y-precipitaciones-2025x11x13-a.pdf
2025-11-13,053,LAS CANAS (EMA),MONTE CRISTI,PROGRAMA MUNDIAL DE ALIMENTO,EMAP,29.5,22.8,0.0,https://indomet.gob.do/wp-content/uploads/2025/11/temperaturas-extremas-y-precipitaciones-2025x11x13-a.pdf
2025-11-13,054,LAS MATAS DE SANTA CRUZ (EMA,MONTE CRISTI,PROGRAMA MUNDIAL DE ALIMENTO,EMAP,,,0.0,https://indomet.gob.do/wp-content/uploads/2025/11/temperaturas-extremas-y-precipitaciones-2025x11x13-a.pdf
2025-11-13,055,MAO,VALVERDE,INDRHI / MINISTERIO DE AGRICULTURA,EMCV,,,0.0,https://indomet.gob.do/wp-content/uploads/2025/11/temperaturas-extremas-y-precipitaciones-2025x11x13-a.pdf
2025-11-13,056,MICHES (EMA),EL SEIBO,PRIVADA,EMAP,30.2,21.6,0.0,https://indomet.gob.do/wp-content/uploads/2025/11/temperaturas-extremas-y-precipitaciones-2025x11x13-a.pdf
2025-11-13,057,MONCIÓN (EMA),SANTIAGO RODRÍGUEZ,PROGRAMA MUNDIAL DE ALIMENTO,EMAP,30.3,19.1,0.0,https://indomet.gob.do/wp-content/uploads/2025/11/temperaturas-extremas-y-precipitaciones-2025x11x13-a.pdf
2025-11-13,058,MONTE CRISTI,MONTE CRISTI,INDOMET,EMCI,32.4,23.0,0.0,https://indomet.gob.do/wp-content/uploads/2025/11/temperaturas-extremas-y-precipitaciones-2025x11x13-a.pdf
2025-11-13,059,NAVARRETE,SANTIAGO,MINISTERIO DE AGRICULTURA,EMCV,,,0.0,https://indomet.gob.do/wp-content/uploads/2025/11/temperaturas-extremas-y-precipitaciones-2025x11x13-a.pdf
2025-11-13,060,OLIVARES,PEDERNALES,INDRHI,EMCI,,,0.0,https://indomet.gob.do/wp-content/uploads/2025/11/temperaturas-extremas-y-precipitaciones-2025x11x13-a.pdf
2025-11-13,061,OVIEDO,PEDERNALES,CLÍNICA RURAL OVIEDO,EMCI,32.0,22.0,0.0,https://indomet.gob.do/wp-content/uploads/2025/11/temperaturas-extremas-y-precipitaciones-2025x11x13-a.pdf
2025-11-13,062,PADRE LAS CASAS,AZUA,HOSP. NTRA. SRA. DEL CARMEN,EMCI,32.0,17.0,0.0,https://indomet.gob.do/wp-content/uploads/2025/11/temperaturas-extremas-y-precipitaciones-2025x11x13-a.pdf
2025-11-13,063,PEDERNALES,PEDERNALES,INDRHI,EMCI,,,0.0,https://indomet.gob.do/wp-content/uploads/2025/11/temperaturas-extremas-y-precipitaciones-2025x11x13-a.pdf
2025-11-13,064,PERALTA,AZUA,HOSP. MPAL. DE PERALTA,EMCI,30.6,17.0,0.0,https://indomet.gob.do/wp-content/uploads/2025/11/temperaturas-extremas-y-precipitaciones-2025x11x13-a.pdf
2025-11-13,065,PESCADERIA (EMA),BARAHONA,MINISTERIO DE AGRICULTURA,EMAP,,,0.0,https://indomet.gob.do/wp-content/uploads/2025/11/temperaturas-extremas-y-precipitaciones-2025x11x13-a.pdf
2025-11-13,066,POLO,BARAHONA,INDOCAFE,EMCI,29.4,18.0,0.0,https://indomet.gob.do/wp-content/uploads/2025/11/temperaturas-extremas-y-precipitaciones-2025x11x13-a.pdf
2025-11-13,067,PRESA DE TAVERAS (EMA),LA VEGA,PROGRAMA MUNDIAL DE ALIMENTO,EMAP,30.2,20.2,0.0,https://indomet.gob.do/wp-content/uploads/2025/11/temperaturas-extremas-y-precipitaciones-2025x11x13-a.pdf
2025-11-13,068,RÍO SAN JUAN,MARÍA TRINIDAD SÁNCHEZ,HOSP. MPAL. DR. DESIDERIO ACOSTA,EMCV,32.2,23.0,0.0,https://indomet.gob.do/wp-content/uploads/2025/11/temperaturas-extremas-y-precipitaciones-2025x11x13-a.pdf
2025-11-13,069,SABANA GRANDE DE BOYÁ,MONTE PLATA,MINISTERIO DE AGRICULTURA,EMCV,,,0.0,https://indomet.gob.do/wp-content/uploads/2025/11/temperaturas-extremas-y-precipitaciones-2025x11x13-a.pdf
2025-11-13,070,SABANETA (EMA),SANTIAGO RODRÍGUEZ,PROGRAMA MUNDIAL DE ALIMENTO,EMAP,33.8,20.7,0.0,https://indomet.gob.do/wp-content/uploads/2025/11/temperaturas-extremas-y-precipitaciones-2025x11x13-a.pdf
2025-11-13,071,SALCEDO,HERMANAS MIRABAL,PROPIEDAD DEL EMPLEADO,EMCI,,,0.0,https://indomet.gob.do/wp-content/uploads/2025/11/temperaturas-extremas-y-precipitaciones-2025x11x13-a.pdf
2025-11-13,072,SAN CRISTÓBAL,SAN CRISTÓBAL,INSTITUTO POLITÉCNICO LOYOLA,EMCI,31.2,19.0,0.0,https://indomet.gob.do/wp-content/uploads/2025/11/temperaturas-extremas-y-precipitaciones-2025x11x13-a.pdf
2025-11-13,073,SAN FRANCISCO DE MACORÍS,DUARTE,San Francisco de Macorís (UASD),EMCI,30.0,20.4,0.0,https://indomet.gob.do/wp-content/uploads/2025/11/temperaturas-extremas-y-precipitaciones-2025x11x13-a.pdf
2025-11-13,074,SAN JOSÉ DE OCOA,SAN JOSÉ DE OCOA,HOSP. SAN JOSÉ DE OCOA,EMCI,31.3,19.6,0.0,https://indomet.gob.do/wp-content/uploads/2025/11/temperaturas-extremas-y-precipitaciones-2025x11x13-a.pdf
2025-11-13,075,SÁNCHEZ,SAMANÁ,MINISTERIO DE AGRICULTURA,EMCI,30.4,22.1,0.0,https://indomet.gob.do/wp-content/uploads/2025/11/temperaturas-extremas-y-precipitaciones-2025x11x13-a.pdf
2025-11-13,076,SANTIAGO RODRÍGUEZ,SANTIAGO RODRÍGUEZ,INDOMET,EMCI,34.2,21.1,0.0,https://indomet.gob.do/wp-content/uploads/2025/11/temperaturas-extremas-y-precipitaciones-2025x11x13-a.pdf
2025-11-13,077,SANTO DOMINGO ESTE,SANTO DOMINGO,INDOMET,EMCI,33.2,24.3,0.0,https://indomet.gob.do/wp-content/uploads/2025/11/temperaturas-extremas-y-precipitaciones-2025x11x13-a.pdf
2025-11-13,078,TÁBARA ABAJO,AZUA,INDRHI,EMCI,35.5,24.2,0.0,https://indomet.gob.do/wp-content/uploads/2025/11/temperaturas-extremas-y-precipitaciones-2025x11x13-a.pdf
2025-11-13,079,VILLA GONZALE (EMA),SANTIAGO,IGLESIA,EMAI,,,0.0,https://indomet.gob.do/wp-content/uploads/2025/11/temperaturas-extremas-y-precipitaciones-2025x11x13-a.pdf
2025-11-13,080,VILLA GONZALES,SANTIAGO,MINISTERIO DE AGRICULTURA,EMCI,,,0.0,https://indomet.gob.do/wp-content/uploads/2025/11/temperaturas-extremas-y-precipitaciones-2025x11x13-a.pdf
2025-11-13,081,VILLA RIVA,DUARTE,HOSP. MPAL. ALICIA DE LEGENDRE,EMCI,30.5,21.7,0.0,https://indomet.gob.do/wp-content/uploads/2025/11/temperaturas-extremas-y-precipitaciones-2025x11x13-a.pdf
2025-11-13,082,VILLA VASQUEZ (EMA),MONTE CRISTI,JUNTA DE REGANTES,EMAI,,,0.0,https://indomet.gob.do/wp-content/uploads/2025/11/temperaturas-extremas-y-precipitaciones-2025x11x13-a.pdf
2025-11-14,001,BONAO,MONSEÑOR NOUEL,MINISTERIO DE AGRICULTURA,EMCV,,,53.1,https://indomet.gob.do/wp-content/uploads/2025/11/temperaturas-extremas-y-precipitaciones-2025x11x14-a.pdf
2025-11-14,002,JIMANÍ,INDEPENDENCIA,MINISTERIO DE AGRICULTURA,EMCI,33.6,23.5,38.9,https://indomet.gob.do/wp-content/uploads/2025/11/temperaturas-extremas-y-precipitaciones-2025x11x14-a.pdf
2025-11-14,003,PALO ÍNDIO,PUERTO PLATA,MINISTERIO DE AGRICULTURA,EMCI,,,38.9,https://indomet.gob.do/wp-content/uploads/2025/11/temperaturas-extremas-y-precipitaciones-2025x11x14-a.pdf
2025-11-14,004,CABRERA,MARÍA TRINIDAD SÁNCHEZ,ESCUELA ARÍSTIDES FIALLO CABRAL,EMCI,32.6,25.0,30.5,https://indomet.gob.do/wp-content/uploads/2025/11/temperaturas-extremas-y-precipitaciones-2025x11x14-a.pdf
2025-11-14,005,JUMA BEJUCAL,MONSEÑOR NOUEL,IDIAF,EMCV,33.0,20.4,17.5,https://indomet.gob.do/wp-content/uploads/2025/11/temperaturas-extremas-y-precipitaciones-2025x11x14-a.pdf
2025-11-14,006,RANCHO ARRIBA,SAN JOSÉ DE OCOA,CENTRO TECNOLÓGICO COMUNITARIO,EMCI,28.7,17.4,17.0,https://indomet.gob.do/wp-content/uploads/2025/11/temperaturas-extremas-y-precipitaciones-2025x11x14-a.pdf
2025-11-14,007,SAMANÁ,SAMANÁ,COMANDANCIA DE PUERTO DE SAMANÁ,EMCI,33.2,19.8,16.8,https://indomet.gob.do/wp-content/uploads/2025/11/temperaturas-extremas-y-precipitaciones-2025x11x14-a.pdf
2025-11-14,008,LUPERÓN,PUERTO PLATA,MINISTERIO DE AGRICULTURA,EMCV,,,15.0,https://indomet.gob.do/wp-content/uploads/2025/11/temperaturas-extremas-y-precipitaciones-2025x11x14-a.pdf
2025-11-14,009,ALTAMIRA,PUERTO PLATA,HOSP. MPAL. DE ALTAMIRA,EMCI,32.2,20.5,13.2,https://indomet.gob.do/wp-content/uploads/2025/11/temperaturas-extremas-y-precipitaciones-2025x11x14-a.pdf
2025-11-14,010,EL FACTOR (EMA),MARÍA TRINIDAD SÁNCHEZ,INTEC,EMAP,31.7,22.4,12.4,https://indomet.gob.do/wp-content/uploads/2025/11/temperaturas-extremas-y-precipitaciones-2025x11x14-a.pdf
2025-11-14,011,SÁNCHEZ,SAMANÁ,MINISTERIO DE AGRICULTURA,EMCI,31.3,21.9,9.1,https://indomet.gob.do/wp-content/uploads/2025/11/temperaturas-extremas-y-precipitaciones-2025x11x14-a.pdf
2025-11-14,012,HONDO VALLE,ELÍAS PIÑA,MINISTERIO DE AGRICULTURA,EMCI,26.8,16.9,8.8,https://indomet.gob.do/wp-content/uploads/2025/11/temperaturas-extremas-y-precipitaciones-2025x11x14-a.pdf
2025-11-14,013,GASPAR HERNÁNDEZ,ESPAILLAT,PROPIEDAD DEL EMPLEADO,EMCI,,,7.6,https://indomet.gob.do/wp-content/uploads/2025/11/temperaturas-extremas-y-precipitaciones-2025x11x14-a.pdf
2025-11-14,014,PRESA DE TAVERAS (EMA),LA VEGA,PROGRAMA MUNDIAL DE ALIMENTO,EMAP,31.0,19.8,5.6,https://indomet.gob.do/wp-content/uploads/2025/11/temperaturas-extremas-y-precipitaciones-2025x11x14-a.pdf
2025-11-14,015,MONTE CRISTI,MONTE CRISTI,INDOMET,EMCI,33.0,23.5,5.4,https://indomet.gob.do/wp-content/uploads/2025/11/temperaturas-extremas-y-precipitaciones-2025x11x14-a.pdf
2025-11-14,016,SALCEDO,HERMANAS MIRABAL,PROPIEDAD DEL EMPLEADO,EMCI,,,5.0,https://indomet.gob.do/wp-content/uploads/2025/11/temperaturas-extremas-y-precipitaciones-2025x11x14-a.pdf
2025-11-14,017,SABANA GRANDE DE BOYÁ,MONTE PLATA,MINISTERIO DE AGRICULTURA,EMCV,,,4.6,https://indomet.gob.do/wp-content/uploads/2025/11/temperaturas-extremas-y-precipitaciones-2025x11x14-a.pdf
2025-11-14,018,BUCARA (EMA),SANTIAGO,MINISTERIO DE AGRICULTURA,EMAI,,,3.8,https://indomet.gob.do/wp-content/uploads/2025/11/temperaturas-extremas-y-precipitaciones-2025x11x14-a.pdf
2025-11-14,019,SAN JOSÉ DE OCOA,SAN JOSÉ DE OCOA,HOSP. SAN JOSÉ DE OCOA,EMCI,30.7,17.8,3.6,https://indomet.gob.do/wp-content/uploads/2025/11/temperaturas-extremas-y-precipitaciones-2025x11x14-a.pdf
2025-11-14,020,SAJOMA (EMA),SANTIAGO,PLAN SIERRA,EMAI,,,2.6,https://indomet.gob.do/wp-content/uploads/2025/11/temperaturas-extremas-y-precipitaciones-2025x11x14-a.pdf
2025-11-14,021,TAMBORIL,SANTIAGO,MINISTERIO DE AGRICULTURA,EMCV,,,2.5,https://indomet.gob.do/wp-content/uploads/2025/11/temperaturas-extremas-y-precipitaciones-2025x11x14-a.pdf
2025-11-14,022,SANTIAGO RODRÍGUEZ,SANTIAGO RODRÍGUEZ,INDOMET,EMCI,35.0,23.0,2.5,https://indomet.gob.do/wp-content/uploads/2025/11/temperaturas-extremas-y-precipitaciones-2025x11x14-a.pdf
2025-11-14,023,RESTAURACIÓN,DAJABÓN,MINISTERIO DE AGRICULTURA,EMCI,21.8,16.9,2.4,https://indomet.gob.do/wp-content/uploads/2025/11/temperaturas-extremas-y-precipitaciones-2025x11x14-a.pdf
2025-11-14,024,GURABO,SANTIAGO,MINISTERIO DE AGRICULTURA,EMCV,,,2.3,https://indomet.gob.do/wp-content/uploads/2025/11/temperaturas-extremas-y-precipitaciones-2025x11x14-a.pdf
2025-11-14,025,SABANETA (EMA),SANTIAGO RODRÍGUEZ,PROGRAMA MUNDIAL DE ALIMENTO,EMAP,34.8,23.5,2.2,https://indomet.gob.do/wp-content/uploads/2025/11/temperaturas-extremas-y-precipitaciones-2025x11x14-a.pdf
2025-11-14,026,ARPT. EL CATEY,SAMANÁ,INDOMET,EMCI,31.0,22.0,1.6,https://indomet.gob.do/wp-content/uploads/2025/11/temperaturas-extremas-y-precipitaciones-2025x11x14-a.pdf
2025-11-14,027,MONCIÓN (EMA),SANTIAGO RODRÍGUEZ,PROGRAMA MUNDIAL DE ALIMENTO,EMAP,29.7,20.8,1.6,https://indomet.gob.do/wp-content/uploads/2025/11/temperaturas-extremas-y-precipitaciones-2025x11x14-a.pdf
2025-11-14,028,PADRE LAS CASAS,AZUA,HOSP. NTRA. SRA. DEL CARMEN,EMCI,32.0,19.0,1.6,https://indomet.gob.do/wp-content/uploads/2025/11/temperaturas-extremas-y-precipitaciones-2025x11x14-a.pdf
2025-11-14,029,ARPT. DEL CIBAO,SANTIAGO,INDOMET,EMCI,32.6,21.7,1.4,https://indomet.gob.do/wp-content/uploads/2025/11/temperaturas-extremas-y-precipitaciones-2025x11x14-a.pdf
2025-11-14,030,JARABACOA,LA VEGA,INDRHI / MARENA,EMCI,31.2,16.6,1.4,https://indomet.gob.do/wp-content/uploads/2025/11/temperaturas-extremas-y-precipitaciones-2025x11x14-a.pdf
2025-11-14,031,VILLA GONZALE (EMA),SANTIAGO,IGLESIA,EMAI,,,1.2,https://indomet.gob.do/wp-content/uploads/2025/11/temperaturas-extremas-y-precipitaciones-2025x11x14-a.pdf
2025-11-14,032,ARPT. DE PUNTA CANA,LA ALTAGRACIA,INDOMET,EMCI,30.6,23.0,1.0,https://indomet.gob.do/wp-content/uploads/2025/11/temperaturas-extremas-y-precipitaciones-2025x11x14-a.pdf
2025-11-14,033,VILLA VASQUEZ (EMA),MONTE CRISTI,JUNTA DE REGANTES,EMAI,,,1.0,https://indomet.gob.do/wp-content/uploads/2025/11/temperaturas-extremas-y-precipitaciones-2025x11x14-a.pdf
2025-11-14,034,ARPT. GREGORIO LUPERÓN,PUERTO PLATA,INDOMET,EMCI,31.5,23.0,0.7,https://indomet.gob.do/wp-content/uploads/2025/11/temperaturas-extremas-y-precipitaciones-2025x11x14-a.pdf
2025-11-14,035,DAJABÓN,DAJABÓN,INSTITUTO POLITÉCNICO LOYOLA,EMCI,35.1,21.4,0.7,https://indomet.gob.do/wp-content/uploads/2025/11/temperaturas-extremas-y-precipitaciones-2025x11x14-a.pdf
2025-11-14,036,ANAMUYA (EMA),LA ALTAGRACIA,MINISTERIO DE AGRICULTURA,EMAP,30.3,21.9,0.6,https://indomet.gob.do/wp-content/uploads/2025/11/temperaturas-extremas-y-precipitaciones-2025x11x14-a.pdf
2025-11-14,037,MICHES (EMA),EL SEIBO,PRIVADA,EMAP,30.8,21.9,0.6,https://indomet.gob.do/wp-content/uploads/2025/11/temperaturas-extremas-y-precipitaciones-2025x11x14-a.pdf
2025-11-14,038,ALTO BANDERA (EMA),LA VEGA,INTEC,EMAP,17.3,7.4,0.5,https://indomet.gob.do/wp-content/uploads/2025/11/temperaturas-extremas-y-precipitaciones-2025x11x14-a.pdf
2025-11-14,039,ARROYO LORO,SAN JUAN,IDIAF,EMCI,32.2,19.0,0.5,https://indomet.gob.do/wp-content/uploads/2025/11/temperaturas-extremas-y-precipitaciones-2025x11x14-a.pdf
2025-11-14,040,SAN RAFAEL DEL YUMA,LA ALTAGRACIA,MINISTERIO DE AGRICULTURA,EMCI,31.4,21.5,0.4,https://indomet.gob.do/wp-content/uploads/2025/11/temperaturas-extremas-y-precipitaciones-2025x11x14-a.pdf
2025-11-14,041,VALLE NUEVO (EMA),LA VEGA,MARENA,EMAI,19.3,5.9,0.4,https://indomet.gob.do/wp-content/uploads/2025/11/temperaturas-extremas-y-precipitaciones-2025x11x14-a.pdf
2025-11-14,042,ARPT. DE LA ROMANA,LA ROMANA,INDOMET,EMCI,31.5,21.9,0.2,https://indomet.gob.do/wp-content/uploads/2025/11/temperaturas-extremas-y-precipitaciones-2025x11x14-a.pdf
2025-11-14,043,HATO MAYOR,HATO MAYOR,MINISTERIO DE AGRICULTURA,EMCV,,,0.2,https://indomet.gob.do/wp-content/uploads/2025/11/temperaturas-extremas-y-precipitaciones-2025x11x14-a.pdf
2025-11-14,044,BAYAGUANA,MONTE PLATA,INDOMET,EMCI,32.8,20.8,0.1,https://indomet.gob.do/wp-content/uploads/2025/11/temperaturas-extremas-y-precipitaciones-2025x11x14-a.pdf
2025-11-14,045,ARPT. ARROYO BARRIL,SAMANÁ,INDOMET,EMCI,32.2,23.8,0.0,https://indomet.gob.do/wp-content/uploads/2025/11/temperaturas-extremas-y-precipitaciones-2025x11x14-a.pdf
2025-11-14,046,ARPT. DE LAS AMÉRICAS,SANTO DOMINGO,INDOMET,EMCI,31.0,22.0,0.0,https://indomet.gob.do/wp-content/uploads/2025/11/temperaturas-extremas-y-precipitaciones-2025x11x14-a.pdf
2025-11-14,047,ARPT. LA ISABELA,SANTO DOMINGO,INDOMET,EMCI,31.8,22.0,0.0,https://indomet.gob.do/wp-content/uploads/2025/11/temperaturas-extremas-y-precipitaciones-2025x11x14-a.pdf
2025-11-14,048,ARPT. MARÍA MONTEZ,BARAHONA,INDOMET,EMCI,31.7,21.5,0.0,https://indomet.gob.do/wp-content/uploads/2025/11/temperaturas-extremas-y-precipitaciones-2025x11x14-a.pdf
2025-11-14,049,BANI (EMA),PERAVIA,MINISTERIO DE AGRICULTURA,EMAP,31.4,22.2,0.0,https://indomet.gob.do/wp-content/uploads/2025/11/temperaturas-extremas-y-precipitaciones-2025x11x14-a.pdf
2025-11-14,050,BASE AÉREA DE SAN ISIDRO,SANTO DOMINGO,FUERZA AÉREA DOMINICANA,EMCV,31.0,22.1,0.0,https://indomet.gob.do/wp-content/uploads/2025/11/temperaturas-extremas-y-precipitaciones-2025x11x14-a.pdf
2025-11-14,051,BOCA DE MAO (EMA),VALVERDE,MINISTERIO DE AGRICULTURA,EMAP,35.2,22.3,0.0,https://indomet.gob.do/wp-content/uploads/2025/11/temperaturas-extremas-y-precipitaciones-2025x11x14-a.pdf
2025-11-14,052,CENTRO DE LOS HEROES (EMA),DISTRITO NACIONAL,MINISTERIO DE ENERGIA Y MINA,EMAP,31.6,25.4,0.0,https://indomet.gob.do/wp-content/uploads/2025/11/temperaturas-extremas-y-precipitaciones-2025x11x14-a.pdf
2025-11-14,053,CONSTANZA,LA VEGA,MINISTERIO DE AGRICULTURA,EMCI,29.5,13.6,0.0,https://indomet.gob.do/wp-content/uploads/2025/11/temperaturas-extremas-y-precipitaciones-2025x11x14-a.pdf
2025-11-14,054,CONSTANZA (EMA),LA VEGA,PROGRAMA MUNDIAL DE ALIMENTO,EMAP,27.2,13.2,0.0,https://indomet.gob.do/wp-content/uploads/2025/11/temperaturas-extremas-y-precipitaciones-2025x11x14-a.pdf
2025-11-14,055,ELÍAS PIÑA,ELÍAS PIÑA,MINISTERIO DE AGRICULTURA,EMCV,,,0.0,https://indomet.gob.do/wp-content/uploads/2025/11/temperaturas-extremas-y-precipitaciones-2025x11x14-a.pdf
2025-11-14,056,ENRIQUILLO,BARAHONA,MINISTERIO DE AGRICULTURA,EMCV,33.0,21.0,0.0,https://indomet.gob.do/wp-content/uploads/2025/11/temperaturas-extremas-y-precipitaciones-2025x11x14-a.pdf
2025-11-14,057,LA VEGA,LA VEGA,IATESA,EMCI,33.0,21.5,0.0,https://indomet.gob.do/wp-content/uploads/2025/11/temperaturas-extremas-y-precipitaciones-2025x11x14-a.pdf
2025-11-14,058,LA VICTORIA,SANTO DOMINGO,CUERPO DE BOMBEROS,EMCI,33.6,23.5,0.0,https://indomet.gob.do/wp-content/uploads/2025/11/temperaturas-extremas-y-precipitaciones-2025x11x14-a.pdf
2025-11-14,059,LAS CANAS (EMA),MONTE CRISTI,PROGRAMA MUNDIAL DE ALIMENTO,EMAP,29.9,21.9,0.0,https://indomet.gob.do/wp-content/uploads/2025/11/temperaturas-extremas-y-precipitaciones-2025x11x14-a.pdf
2025-11-14,060,LAS MATAS DE SANTA CRUZ (EMA,MONTE CRISTI,PROGRAMA MUNDIAL DE ALIMENTO,EMAP,,,0.0,https://indomet.gob.do/wp-content/uploads/2025/11/temperaturas-extremas-y-precipitaciones-2025x11x14-a.pdf
2025-11-14,061,LOS LLANOS,SAN PEDRO DE MACORÍS,MINISTERIO DE AGRICULTURA,EMCI,33.2,21.8,0.0,https://indomet.gob.do/wp-content/uploads/2025/11/temperaturas-extremas-y-precipitaciones-2025x11x14-a.pdf
2025-11-14,062,MAO,VALVERDE,INDRHI / MINISTERIO DE AGRICULTURA,EMCV,,,0.0,https://indomet.gob.do/wp-content/uploads/2025/11/temperaturas-extremas-y-precipitaciones-2025x11x14-a.pdf
2025-11-14,063,NAVARRETE,SANTIAGO,MINISTERIO DE AGRICULTURA,EMCV,,,0.0,https://indomet.gob.do/wp-content/uploads/2025/11/temperaturas-extremas-y-precipitaciones-2025x11x14-a.pdf
2025-11-14,064,OLIVARES,PEDERNALES,INDRHI,EMCI,,,0.0,https://indomet.gob.do/wp-content/uploads/2025/11/temperaturas-extremas-y-precipitaciones-2025x11x14-a.pdf
2025-11-14,065,OVIEDO,PEDERNALES,CLÍNICA RURAL OVIEDO,EMCI,32.5,21.3,0.0,https://indomet.gob.do/wp-content/uploads/2025/11/temperaturas-extremas-y-precipitaciones-2025x11x14-a.pdf
2025-11-14,066,PEDERNALES,PEDERNALES,INDRHI,EMCI,,,0.0,https://indomet.gob.do/wp-content/uploads/2025/11/temperaturas-extremas-y-precipitaciones-2025x11x14-a.pdf
2025-11-14,067,PERALTA,AZUA,HOSP. MPAL. DE PERALTA,EMCI,29.4,16.0,0.0,https://indomet.gob.do/wp-content/uploads/2025/11/temperaturas-extremas-y-precipitaciones-2025x11x14-a.pdf
2025-11-14,068,PESCADERIA (EMA),BARAHONA,MINISTERIO DE AGRICULTURA,EMAP,,,0.0,https://indomet.gob.do/wp-content/uploads/2025/11/temperaturas-extremas-y-precipitaciones-2025x11x14-a.pdf
2025-11-14,069,POLO,BARAHONA,INDOCAFE,EMCI,30.0,18.4,0.0,https://indomet.gob.do/wp-content/uploads/2025/11/temperaturas-extremas-y-precipitaciones-2025x11x14-a.pdf
2025-11-14,070,PONTÓN ABAJO (EMA),LA VEGA,MINISTERIO DE AGRICULTURA,EMAP,33.8,21.7,0.0,https://indomet.gob.do/wp-content/uploads/2025/11/temperaturas-extremas-y-precipitaciones-2025x11x14-a.pdf
2025-11-14,071,RÍO SAN JUAN,MARÍA TRINIDAD SÁNCHEZ,HOSP. MPAL. DR. DESIDERIO ACOSTA,EMCV,34.0,22.5,0.0,https://indomet.gob.do/wp-content/uploads/2025/11/temperaturas-extremas-y-precipitaciones-2025x11x14-a.pdf
2025-11-14,072,SABANA DE LA MAR,HATO MAYOR,INDOMET,EMCI,31.5,22.0,0.0,https://indomet.gob.do/wp-content/uploads/2025/11/temperaturas-extremas-y-precipitaciones-2025x11x14-a.pdf
2025-11-14,073,SAN CRISTÓBAL,SAN CRISTÓBAL,INSTITUTO POLITÉCNICO LOYOLA,EMCI,32.0,21.0,0.0,https://indomet.gob.do/wp-content/uploads/2025/11/temperaturas-extremas-y-precipitaciones-2025x11x14-a.pdf
2025-11-14,074,JARDÍN BOTÁNICO SANTIAGO (EMSANTIAGO,,JARDIN BOTANICO SANTIAGO,EMAI,,,0.0,https://indomet.gob.do/wp-content/uploads/2025/11/temperaturas-extremas-y-precipitaciones-2025x11x14-a.pdf
2025-11-14,075,SANTO DOMINGO ESTE,SANTO DOMINGO,INDOMET,EMCI,32.5,24.3,0.0,https://indomet.gob.do/wp-content/uploads/2025/11/temperaturas-extremas-y-precipitaciones-2025x11x14-a.pdf
2025-11-14,076,TÁBARA ABAJO,AZUA,INDRHI,EMCI,34.9,20.5,0.0,https://indomet.gob.do/wp-content/uploads/2025/11/temperaturas-extremas-y-precipitaciones-2025x11x14-a.pdf
2025-11-14,077,JIMA ABAJO,LA VEGA,INDOMET,EMCI,33.0,22.4,0.0,https://indomet.gob.do/wp-content/uploads/2025/11/temperaturas-extremas-y-precipitaciones-2025x11x14-a.pdf
2025-11-14,078,VILLA ALTAGRACIA,SAN CRISTÓBAL,ESCUELA JAVIER ANGULO GURIDI,EMCI,,,0.0,https://indomet.gob.do/wp-content/uploads/2025/11/temperaturas-extremas-y-precipitaciones-2025x11x14-a.pdf
2025-11-14,079,VILLA GONZALES,SANTIAGO,MINISTERIO DE AGRICULTURA,EMCI,,,0.0,https://indomet.gob.do/wp-content/uploads/2025/11/temperaturas-extremas-y-precipitaciones-2025x11x14-a.pdf
2025-11-14,080,VILLA RIVA,DUARTE,HOSP. MPAL. ALICIA DE LEGENDRE,EMCI,31.6,22.0,0.0,https://indomet.gob.do/wp-content/uploads/2025/11/temperaturas-extremas-y-precipitaciones-2025x11x14-a.pdf
2025-11-15,001,PRESA DE TAVERAS (EMA),LA VEGA,PROGRAMA MUNDIAL DE ALIMENTO,EMAP,30.6,18.8,104.2,https://indomet.gob.do/wp-content/uploads/2025/11/temperaturas-extremas-y-precipitaciones-2025x11x15-a.pdf
2025-11-15,002,ALTAMIRA,PUERTO PLATA,HOSP. MPAL. DE ALTAMIRA,EMCI,27.9,18.5,88.4,https://indomet.gob.do/wp-content/uploads/2025/11/temperaturas-extremas-y-precipitaciones-2025x11x15-a.pdf
2025-11-15,003,ARPT. DE LA ROMANA,LA ROMANA,INDOMET,EMCI,31.8,20.8,82.8,https://indomet.gob.do/wp-content/uploads/2025/11/temperaturas-extremas-y-precipitaciones-2025x11x15-a.pdf
2025-11-15,004,PONTÓN ABAJO (EMA),LA VEGA,MINISTERIO DE AGRICULTURA,EMAP,32.5,19.8,62.4,https://indomet.gob.do/wp-content/uploads/2025/11/temperaturas-extremas-y-precipitaciones-2025x11x15-a.pdf
2025-11-15,005,BAYAGUANA,MONTE PLATA,INDOMET,EMCI,32.5,21.3,59.8,https://indomet.gob.do/wp-content/uploads/2025/11/temperaturas-extremas-y-precipitaciones-2025x11x15-a.pdf
2025-11-15,006,ARPT. EL CATEY,SAMANÁ,INDOMET,EMCI,31.5,22.0,55.8,https://indomet.gob.do/wp-content/uploads/2025/11/temperaturas-extremas-y-precipitaciones-2025x11x15-a.pdf
2025-11-15,007,BUCARA (EMA),SANTIAGO,MINISTERIO DE AGRICULTURA,EMAI,,,44.8,https://indomet.gob.do/wp-content/uploads/2025/11/temperaturas-extremas-y-precipitaciones-2025x11x15-a.pdf
2025-11-15,008,MICHES (EMA),EL SEIBO,PRIVADA,EMAP,30.0,19.6,39.8,https://indomet.gob.do/wp-content/uploads/2025/11/temperaturas-extremas-y-precipitaciones-2025x11x15-a.pdf
2025-11-15,009,JARDÍN BOTÁNICO SANTIAGO (EMSANTIAGO,,JARDIN BOTANICO SANTIAGO,EMAI,31.8,18.2,35.2,https://indomet.gob.do/wp-content/uploads/2025/11/temperaturas-extremas-y-precipitaciones-2025x11x15-a.pdf
2025-11-15,010,HATO MAYOR,HATO MAYOR,MINISTERIO DE AGRICULTURA,EMCV,,,33.2,https://indomet.gob.do/wp-content/uploads/2025/11/temperaturas-extremas-y-precipitaciones-2025x11x15-a.pdf
2025-11-15,011,DAJABÓN,DAJABÓN,INSTITUTO POLITÉCNICO LOYOLA,EMCI,34.3,19.2,32.6,https://indomet.gob.do/wp-content/uploads/2025/11/temperaturas-extremas-y-precipitaciones-2025x11x15-a.pdf
2025-11-15,012,ARPT. GREGORIO LUPERÓN,PUERTO PLATA,INDOMET,EMCI,29.5,21.0,31.8,https://indomet.gob.do/wp-content/uploads/2025/11/temperaturas-extremas-y-precipitaciones-2025x11x15-a.pdf
2025-11-15,013,SANTIAGO RODRÍGUEZ,SANTIAGO RODRÍGUEZ,INDOMET,EMCI,33.0,20.3,31.8,https://indomet.gob.do/wp-content/uploads/2025/11/temperaturas-extremas-y-precipitaciones-2025x11x15-a.pdf
2025-11-15,014,GASPAR HERNÁNDEZ,ESPAILLAT,PROPIEDAD DEL EMPLEADO,EMCI,,,30.6,https://indomet.gob.do/wp-content/uploads/2025/11/temperaturas-extremas-y-precipitaciones-2025x11x15-a.pdf
2025-11-15,015,SAMANÁ,SAMANÁ,COMANDANCIA DE PUERTO DE SAMANÁ,EMCI,32.3,17.1,30.4,https://indomet.gob.do/wp-content/uploads/2025/11/temperaturas-extremas-y-precipitaciones-2025x11x15-a.pdf
2025-11-15,016,SABANETA (EMA),SANTIAGO RODRÍGUEZ,PROGRAMA MUNDIAL DE ALIMENTO,EMAP,32.2,19.6,30.0,https://indomet.gob.do/wp-content/uploads/2025/11/temperaturas-extremas-y-precipitaciones-2025x11x15-a.pdf
2025-11-15,017,ARPT. ARROYO BARRIL,SAMANÁ,INDOMET,EMCI,31.8,23.2,29.8,https://indomet.gob.do/wp-content/uploads/2025/11/temperaturas-extremas-y-precipitaciones-2025x11x15-a.pdf
2025-11-15,018,NAVARRETE,SANTIAGO,MINISTERIO DE AGRICULTURA,EMCV,,,28.4,https://indomet.gob.do/wp-content/uploads/2025/11/temperaturas-extremas-y-precipitaciones-2025x11x15-a.pdf
2025-11-15,019,SANTIAGO,SANTIAGO,HUACALITO,EMCI,,,28.4,https://indomet.gob.do/wp-content/uploads/2025/11/temperaturas-extremas-y-precipitaciones-2025x11x15-a.pdf
2025-11-15,020,GURABO,SANTIAGO,MINISTERIO DE AGRICULTURA,EMCV,,,26.9,https://indomet.gob.do/wp-content/uploads/2025/11/temperaturas-extremas-y-precipitaciones-2025x11x15-a.pdf
2025-11-15,021,SABANA DE LA MAR,HATO MAYOR,INDOMET,EMCI,31.0,20.0,26.2,https://indomet.gob.do/wp-content/uploads/2025/11/temperaturas-extremas-y-precipitaciones-2025x11x15-a.pdf
2025-11-15,022,LA VEGA,LA VEGA,IATESA,EMCI,32.5,19.0,26.1,https://indomet.gob.do/wp-content/uploads/2025/11/temperaturas-extremas-y-precipitaciones-2025x11x15-a.pdf
2025-11-15,023,VILLA GONZALES,SANTIAGO,MINISTERIO DE AGRICULTURA,EMCI,,,25.9,https://indomet.gob.do/wp-content/uploads/2025/11/temperaturas-extremas-y-precipitaciones-2025x11x15-a.pdf
2025-11-15,024,LOS LLANOS,SAN PEDRO DE MACORÍS,MINISTERIO DE AGRICULTURA,EMCI,32.1,21.3,23.8,https://indomet.gob.do/wp-content/uploads/2025/11/temperaturas-extremas-y-precipitaciones-2025x11x15-a.pdf
2025-11-15,025,ARPT. LA ISABELA,SANTO DOMINGO,INDOMET,EMCI,32.0,19.0,23.5,https://indomet.gob.do/wp-content/uploads/2025/11/temperaturas-extremas-y-precipitaciones-2025x11x15-a.pdf
2025-11-15,026,JIMA ABAJO,LA VEGA,INDOMET,EMCI,30.2,20.0,21.7,https://indomet.gob.do/wp-content/uploads/2025/11/temperaturas-extremas-y-precipitaciones-2025x11x15-a.pdf
2025-11-15,027,ARPT. DE LAS AMÉRICAS,SANTO DOMINGO,INDOMET,EMCI,30.6,23.6,21.0,https://indomet.gob.do/wp-content/uploads/2025/11/temperaturas-extremas-y-precipitaciones-2025x11x15-a.pdf
2025-11-15,028,PADRE LAS CASAS,AZUA,HOSP. NTRA. SRA. DEL CARMEN,EMCI,31.1,18.2,21.0,https://indomet.gob.do/wp-content/uploads/2025/11/temperaturas-extremas-y-precipitaciones-2025x11x15-a.pdf
2025-11-15,029,SANTO DOMINGO ESTE,SANTO DOMINGO,INDOMET,EMCI,32.0,23.6,21.0,https://indomet.gob.do/wp-content/uploads/2025/11/temperaturas-extremas-y-precipitaciones-2025x11x15-a.pdf
2025-11-15,030,SÁNCHEZ,SAMANÁ,MINISTERIO DE AGRICULTURA,EMCI,31.2,20.1,20.4,https://indomet.gob.do/wp-content/uploads/2025/11/temperaturas-extremas-y-precipitaciones-2025x11x15-a.pdf
2025-11-15,031,POLO,BARAHONA,INDOCAFE,EMCI,27.2,17.0,20.0,https://indomet.gob.do/wp-content/uploads/2025/11/temperaturas-extremas-y-precipitaciones-2025x11x15-a.pdf
2025-11-15,032,JARABACOA,LA VEGA,INDRHI / MARENA,EMCI,29.0,15.6,19.6,https://indomet.gob.do/wp-content/uploads/2025/11/temperaturas-extremas-y-precipitaciones-2025x11x15-a.pdf
2025-11-15,033,CONSTANZA,LA VEGA,MINISTERIO DE AGRICULTURA,EMCI,26.2,13.6,18.6,https://indomet.gob.do/wp-content/uploads/2025/11/temperaturas-extremas-y-precipitaciones-2025x11x15-a.pdf
2025-11-15,034,RÍO SAN JUAN,MARÍA TRINIDAD SÁNCHEZ,HOSP. MPAL. DR. DESIDERIO ACOSTA,EMCV,30.6,21.0,17.8,https://indomet.gob.do/wp-content/uploads/2025/11/temperaturas-extremas-y-precipitaciones-2025x11x15-a.pdf
2025-11-15,035,CENTRO DE LOS HEROES (EMA),DISTRITO NACIONAL,MINISTERIO DE ENERGIA Y MINA,EMAP,30.4,22.0,17.0,https://indomet.gob.do/wp-content/uploads/2025/11/temperaturas-extremas-y-precipitaciones-2025x11x15-a.pdf
2025-11-15,036,CONSTANZA (EMA),LA VEGA,PROGRAMA MUNDIAL DE ALIMENTO,EMAP,24.9,14.9,16.8,https://indomet.gob.do/wp-content/uploads/2025/11/temperaturas-extremas-y-precipitaciones-2025x11x15-a.pdf
2025-11-15,037,SAN CRISTÓBAL,SAN CRISTÓBAL,INSTITUTO POLITÉCNICO LOYOLA,EMCI,30.2,18.2,16.8,https://indomet.gob.do/wp-content/uploads/2025/11/temperaturas-extremas-y-precipitaciones-2025x11x15-a.pdf
2025-11-15,038,ARPT. MARÍA MONTEZ,BARAHONA,INDOMET,EMCI,31.8,22.2,16.2,https://indomet.gob.do/wp-content/uploads/2025/11/temperaturas-extremas-y-precipitaciones-2025x11x15-a.pdf
2025-11-15,039,ARPT. DE PUNTA CANA,LA ALTAGRACIA,INDOMET,EMCI,30.0,22.2,16.0,https://indomet.gob.do/wp-content/uploads/2025/11/temperaturas-extremas-y-precipitaciones-2025x11x15-a.pdf
2025-11-15,040,SALCEDO,HERMANAS MIRABAL,PROPIEDAD DEL EMPLEADO,EMCI,,,16.0,https://indomet.gob.do/wp-content/uploads/2025/11/temperaturas-extremas-y-precipitaciones-2025x11x15-a.pdf
2025-11-15,041,ANAMUYA (EMA),LA ALTAGRACIA,MINISTERIO DE AGRICULTURA,EMAP,31.0,21.6,13.0,https://indomet.gob.do/wp-content/uploads/2025/11/temperaturas-extremas-y-precipitaciones-2025x11x15-a.pdf
2025-11-15,042,LA VICTORIA,SANTO DOMINGO,CUERPO DE BOMBEROS,EMCI,32.5,21.5,13.0,https://indomet.gob.do/wp-content/uploads/2025/11/temperaturas-extremas-y-precipitaciones-2025x11x15-a.pdf
2025-11-15,043,PERALTA,AZUA,HOSP. MPAL. DE PERALTA,EMCI,30.3,17.5,11.8,https://indomet.gob.do/wp-content/uploads/2025/11/temperaturas-extremas-y-precipitaciones-2025x11x15-a.pdf
2025-11-15,044,MONCIÓN (EMA),SANTIAGO RODRÍGUEZ,PROGRAMA MUNDIAL DE ALIMENTO,EMAP,28.0,18.6,10.8,https://indomet.gob.do/wp-content/uploads/2025/11/temperaturas-extremas-y-precipitaciones-2025x11x15-a.pdf
2025-11-15,045,CABRERA,MARÍA TRINIDAD SÁNCHEZ,ESCUELA ARÍSTIDES FIALLO CABRAL,EMCI,30.6,23.0,10.3,https://indomet.gob.do/wp-content/uploads/2025/11/temperaturas-extremas-y-precipitaciones-2025x11x15-a.pdf
2025-11-15,046,EL FACTOR (EMA),MARÍA TRINIDAD SÁNCHEZ,INTEC,EMAP,30.3,20.2,9.9,https://indomet.gob.do/wp-content/uploads/2025/11/temperaturas-extremas-y-precipitaciones-2025x11x15-a.pdf
2025-11-15,047,SABANA GRANDE DE BOYÁ,MONTE PLATA,MINISTERIO DE AGRICULTURA,EMCV,,,8.1,https://indomet.gob.do/wp-content/uploads/2025/11/temperaturas-extremas-y-precipitaciones-2025x11x15-a.pdf
2025-11-15,048,VILLA RIVA,DUARTE,HOSP. MPAL. ALICIA DE LEGENDRE,EMCI,31.1,20.0,7.8,https://indomet.gob.do/wp-content/uploads/2025/11/temperaturas-extremas-y-precipitaciones-2025x11x15-a.pdf
2025-11-15,049,SAN RAFAEL DEL YUMA,LA ALTAGRACIA,MINISTERIO DE AGRICULTURA,EMCI,31.6,22.3,7.3,https://indomet.gob.do/wp-content/uploads/2025/11/temperaturas-extremas-y-precipitaciones-2025x11x15-a.pdf
2025-11-15,050,ALTO BANDERA (EMA),LA VEGA,INTEC,EMAP,14.9,6.9,6.6,https://indomet.gob.do/wp-content/uploads/2025/11/temperaturas-extremas-y-precipitaciones-2025x11x15-a.pdf
2025-11-15,051,SAN JOSÉ DE OCOA,SAN JOSÉ DE OCOA,HOSP. SAN JOSÉ DE OCOA,EMCI,28.8,17.6,6.6,https://indomet.gob.do/wp-content/uploads/2025/11/temperaturas-extremas-y-precipitaciones-2025x11x15-a.pdf
2025-11-15,052,MAO,VALVERDE,INDRHI / MINISTERIO DE AGRICULTURA,EMCV,,,6.5,https://indomet.gob.do/wp-content/uploads/2025/11/temperaturas-extremas-y-precipitaciones-2025x11x15-a.pdf
2025-11-15,053,ARPT. DEL CIBAO,SANTIAGO,INDOMET,EMCI,30.8,20.8,5.6,https://indomet.gob.do/wp-content/uploads/2025/11/temperaturas-extremas-y-precipitaciones-2025x11x15-a.pdf
2025-11-15,054,VILLA VASQUEZ (EMA),MONTE CRISTI,JUNTA DE REGANTES,EMAI,,,5.6,https://indomet.gob.do/wp-content/uploads/2025/11/temperaturas-extremas-y-precipitaciones-2025x11x15-a.pdf
2025-11-15,055,VALLE NUEVO (EMA),LA VEGA,MARENA,EMAI,18.7,5.5,4.4,https://indomet.gob.do/wp-content/uploads/2025/11/temperaturas-extremas-y-precipitaciones-2025x11x15-a.pdf
2025-11-15,056,HONDO VALLE,ELÍAS PIÑA,MINISTERIO DE AGRICULTURA,EMCI,26.6,16.8,3.9,https://indomet.gob.do/wp-content/uploads/2025/11/temperaturas-extremas-y-precipitaciones-2025x11x15-a.pdf
2025-11-15,057,TÁBARA ABAJO,AZUA,INDRHI,EMCI,33.9,22.0,3.4,https://indomet.gob.do/wp-content/uploads/2025/11/temperaturas-extremas-y-precipitaciones-2025x11x15-a.pdf
2025-11-15,058,RANCHO ARRIBA,SAN JOSÉ DE OCOA,CENTRO TECNOLÓGICO COMUNITARIO,EMCI,27.4,17.2,3.3,https://indomet.gob.do/wp-content/uploads/2025/11/temperaturas-extremas-y-precipitaciones-2025x11x15-a.pdf
2025-11-15,059,LOS TRES CHARCOS (EMA),PEDERNALES,PROPIEDAD DEL VOLUNTARIO,EMAP,22.3,20.6,2.8,https://indomet.gob.do/wp-content/uploads/2025/11/temperaturas-extremas-y-precipitaciones-2025x11x15-a.pdf
2025-11-15,060,VILLA ALTAGRACIA,SAN CRISTÓBAL,ESCUELA JAVIER ANGULO GURIDI,EMCI,,,2.2,https://indomet.gob.do/wp-content/uploads/2025/11/temperaturas-extremas-y-precipitaciones-2025x11x15-a.pdf
2025-11-15,061,VILLA GONZALE (EMA),SANTIAGO,IGLESIA,EMAI,,,1.8,https://indomet.gob.do/wp-content/uploads/2025/11/temperaturas-extremas-y-precipitaciones-2025x11x15-a.pdf
2025-11-15,062,BOCA DE MAO (EMA),VALVERDE,MINISTERIO DE AGRICULTURA,EMAP,33.2,20.2,1.6,https://indomet.gob.do/wp-content/uploads/2025/11/temperaturas-extremas-y-precipitaciones-2025x11x15-a.pdf
2025-11-15,063,SAJOMA (EMA),SANTIAGO,PLAN SIERRA,EMAI,30.2,17.1,1.2,https://indomet.gob.do/wp-content/uploads/2025/11/temperaturas-extremas-y-precipitaciones-2025x11x15-a.pdf
2025-11-15,064,OVIEDO,PEDERNALES,CLÍNICA RURAL OVIEDO,EMCI,32.0,21.0,1.0,https://indomet.gob.do/wp-content/uploads/2025/11/temperaturas-extremas-y-precipitaciones-2025x11x15-a.pdf
2025-11-15,065,BANI (EMA),PERAVIA,MINISTERIO DE AGRICULTURA,EMAP,30.1,21.4,0.8,https://indomet.gob.do/wp-content/uploads/2025/11/temperaturas-extremas-y-precipitaciones-2025x11x15-a.pdf
2025-11-15,066,ENRIQUILLO,BARAHONA,MINISTERIO DE AGRICULTURA,EMCV,33.5,20.3,0.6,https://indomet.gob.do/wp-content/uploads/2025/11/temperaturas-extremas-y-precipitaciones-2025x11x15-a.pdf
2025-11-15,067,ESCONDIDO,PERAVIA,MINISTERIO DE AGRICULTURA,EMCV,32.0,23.0,0.5,https://indomet.gob.do/wp-content/uploads/2025/11/temperaturas-extremas-y-precipitaciones-2025x11x15-a.pdf
2025-11-15,068,MONTE CRISTI,MONTE CRISTI,INDOMET,EMCI,31.5,23.2,0.2,https://indomet.gob.do/wp-content/uploads/2025/11/temperaturas-extremas-y-precipitaciones-2025x11x15-a.pdf
2025-11-15,069,JIMANÍ,INDEPENDENCIA,MINISTERIO DE AGRICULTURA,EMCI,33.2,22.2,0.1,https://indomet.gob.do/wp-content/uploads/2025/11/temperaturas-extremas-y-precipitaciones-2025x11x15-a.pdf
2025-11-15,070,RESTAURACIÓN,DAJABÓN,MINISTERIO DE AGRICULTURA,EMCI,27.5,14.3,0.1,https://indomet.gob.do/wp-content/uploads/2025/11/temperaturas-extremas-y-precipitaciones-2025x11x15-a.pdf
2025-11-15,071,ARROYO LORO,SAN JUAN,IDIAF,EMCI,31.4,18.3,0.0,https://indomet.gob.do/wp-content/uploads/2025/11/temperaturas-extremas-y-precipitaciones-2025x11x15-a.pdf
2025-11-15,072,ELÍAS PIÑA,ELÍAS PIÑA,MINISTERIO DE AGRICULTURA,EMCV,,,0.0,https://indomet.gob.do/wp-content/uploads/2025/11/temperaturas-extremas-y-precipitaciones-2025x11x15-a.pdf
2025-11-15,073,LAS CANAS (EMA),MONTE CRISTI,PROGRAMA MUNDIAL DE ALIMENTO,EMAP,27.8,19.5,0.0,https://indomet.gob.do/wp-content/uploads/2025/11/temperaturas-extremas-y-precipitaciones-2025x11x15-a.pdf
2025-11-15,074,LAS MATAS DE SANTA CRUZ (EMA,MONTE CRISTI,PROGRAMA MUNDIAL DE ALIMENTO,EMAP,,,0.0,https://indomet.gob.do/wp-content/uploads/2025/11/temperaturas-extremas-y-precipitaciones-2025x11x15-a.pdf
2025-11-15,075,OLIVARES,PEDERNALES,INDRHI,EMCI,,,0.0,https://indomet.gob.do/wp-content/uploads/2025/11/temperaturas-extremas-y-precipitaciones-2025x11x15-a.pdf
2025-11-15,076,PALO ÍNDIO,PUERTO PLATA,MINISTERIO DE AGRICULTURA,EMCI,,,0.0,https://indomet.gob.do/wp-content/uploads/2025/11/temperaturas-extremas-y-precipitaciones-2025x11x15-a.pdf
2025-11-15,077,PEDERNALES,PEDERNALES,INDRHI,EMCI,,,0.0,https://indomet.gob.do/wp-content/uploads/2025/11/temperaturas-extremas-y-precipitaciones-2025x11x15-a.pdf
2025-11-15,078,PESCADERIA (EMA),BARAHONA,MINISTERIO DE AGRICULTURA,EMAP,,,0.0,https://indomet.gob.do/wp-content/uploads/2025/11/temperaturas-extremas-y-precipitaciones-2025x11x15-a.pdf
2025-11-16,001,BASE AÉREA DE SAN ISIDRO,SANTO DOMINGO,FUERZA AÉREA DOMINICANA,EMCV,31.0,23.5,62.0,https://indomet.gob.do/wp-content/uploads/2025/11/temperaturas-extremas-y-precipitaciones-2025x11x16-a.pdf
2025-11-16,002,BONAO,MONSEÑOR NOUEL,MINISTERIO DE AGRICULTURA,EMCV,,,30.2,https://indomet.gob.do/wp-content/uploads/2025/11/temperaturas-extremas-y-precipitaciones-2025x11x16-a.pdf
2025-11-16,003,JUMA BEJUCAL,MONSEÑOR NOUEL,IDIAF,EMCV,30.4,19.6,24.1,https://indomet.gob.do/wp-content/uploads/2025/11/temperaturas-extremas-y-precipitaciones-2025x11x16-a.pdf
2025-11-16,004,SANTIAGO,SANTIAGO,HUACALITO,EMCI,,,23.4,https://indomet.gob.do/wp-content/uploads/2025/11/temperaturas-extremas-y-precipitaciones-2025x11x16-a.pdf
2025-11-16,005,POLO,BARAHONA,INDOCAFE,EMCI,27.5,16.4,22.2,https://indomet.gob.do/wp-content/uploads/2025/11/temperaturas-extremas-y-precipitaciones-2025x11x16-a.pdf
2025-11-16,006,MONCIÓN (EMA),SANTIAGO RODRÍGUEZ,PROGRAMA MUNDIAL DE ALIMENTO,EMAP,28.3,19.1,17.8,https://indomet.gob.do/wp-content/uploads/2025/11/temperaturas-extremas-y-precipitaciones-2025x11x16-a.pdf
2025-11-16,007,PEDERNALES,PEDERNALES,INDRHI,EMCI,,,16.7,https://indomet.gob.do/wp-content/uploads/2025/11/temperaturas-extremas-y-precipitaciones-2025x11x16-a.pdf
2025-11-16,008,ELÍAS PIÑA,ELÍAS PIÑA,MINISTERIO DE AGRICULTURA,EMCV,,,8.0,https://indomet.gob.do/wp-content/uploads/2025/11/temperaturas-extremas-y-precipitaciones-2025x11x16-a.pdf
2025-11-16,009,JARDÍN BOTÁNICO SANTIAGO (EMSANTIAGO,,JARDIN BOTANICO SANTIAGO,EMAI,31.8,19.6,7.8,https://indomet.gob.do/wp-content/uploads/2025/11/temperaturas-extremas-y-precipitaciones-2025x11x16-a.pdf
2025-11-16,010,EL FACTOR (EMA),MARÍA TRINIDAD SÁNCHEZ,INTEC,EMAP,31.1,21.6,6.6,https://indomet.gob.do/wp-content/uploads/2025/11/temperaturas-extremas-y-precipitaciones-2025x11x16-a.pdf
2025-11-16,011,GURABO,SANTIAGO,MINISTERIO DE AGRICULTURA,EMCV,,,6.4,https://indomet.gob.do/wp-content/uploads/2025/11/temperaturas-extremas-y-precipitaciones-2025x11x16-a.pdf
2025-11-16,012,JIMANÍ,INDEPENDENCIA,MINISTERIO DE AGRICULTURA,EMCI,32.2,22.5,4.3,https://indomet.gob.do/wp-content/uploads/2025/11/temperaturas-extremas-y-precipitaciones-2025x11x16-a.pdf
2025-11-16,013,EL CERCADO,SAN JUAN,MINISTERIO DE AGRICULTURA,EMCV,,,4.2,https://indomet.gob.do/wp-content/uploads/2025/11/temperaturas-extremas-y-precipitaciones-2025x11x16-a.pdf
2025-11-16,014,CONSTANZA (EMA),LA VEGA,PROGRAMA MUNDIAL DE ALIMENTO,EMAP,25.1,12.2,3.4,https://indomet.gob.do/wp-content/uploads/2025/11/temperaturas-extremas-y-precipitaciones-2025x11x16-a.pdf
2025-11-16,015,CONSTANZA,LA VEGA,MINISTERIO DE AGRICULTURA,EMCI,26.5,10.7,3.3,https://indomet.gob.do/wp-content/uploads/2025/11/temperaturas-extremas-y-precipitaciones-2025x11x16-a.pdf
2025-11-16,016,SAN FRANCISCO DE MACORÍS,DUARTE,San Francisco de Macorís (UASD),EMCI,30.1,20.1,2.8,https://indomet.gob.do/wp-content/uploads/2025/11/temperaturas-extremas-y-precipitaciones-2025x11x16-a.pdf
2025-11-16,017,TAMBORIL,SANTIAGO,MINISTERIO DE AGRICULTURA,EMCV,,,2.8,https://indomet.gob.do/wp-content/uploads/2025/11/temperaturas-extremas-y-precipitaciones-2025x11x16-a.pdf
2025-11-16,018,SANTO DOMINGO ESTE,SANTO DOMINGO,INDOMET,EMCI,32.0,22.2,1.7,https://indomet.gob.do/wp-content/uploads/2025/11/temperaturas-extremas-y-precipitaciones-2025x11x16-a.pdf
2025-11-16,019,VILLA RIVA,DUARTE,HOSP. MPAL. ALICIA DE LEGENDRE,EMCI,31.0,20.5,1.0,https://indomet.gob.do/wp-content/uploads/2025/11/temperaturas-extremas-y-precipitaciones-2025x11x16-a.pdf
2025-11-16,020,SAN RAFAEL DEL YUMA,LA ALTAGRACIA,MINISTERIO DE AGRICULTURA,EMCI,30.5,21.4,0.9,https://indomet.gob.do/wp-content/uploads/2025/11/temperaturas-extremas-y-precipitaciones-2025x11x16-a.pdf
2025-11-16,021,SÁNCHEZ,SAMANÁ,MINISTERIO DE AGRICULTURA,EMCI,30.6,21.8,0.6,https://indomet.gob.do/wp-content/uploads/2025/11/temperaturas-extremas-y-precipitaciones-2025x11x16-a.pdf
2025-11-16,022,BOCA DE MAO (EMA),VALVERDE,MINISTERIO DE AGRICULTURA,EMAP,23.2,20.6,0.4,https://indomet.gob.do/wp-content/uploads/2025/11/temperaturas-extremas-y-precipitaciones-2025x11x16-a.pdf
2025-11-16,023,JARABACOA,LA VEGA,INDRHI / MARENA,EMCI,29.4,15.0,0.3,https://indomet.gob.do/wp-content/uploads/2025/11/temperaturas-extremas-y-precipitaciones-2025x11x16-a.pdf
2025-11-16,024,HATO MAYOR,HATO MAYOR,MINISTERIO DE AGRICULTURA,EMCV,,,0.3,https://indomet.gob.do/wp-content/uploads/2025/11/temperaturas-extremas-y-precipitaciones-2025x11x16-a.pdf
2025-11-16,025,ALTAMIRA,PUERTO PLATA,HOSP. MPAL. DE ALTAMIRA,EMCI,29.9,19.5,0.2,https://indomet.gob.do/wp-content/uploads/2025/11/temperaturas-extremas-y-precipitaciones-2025x11x16-a.pdf
2025-11-16,026,ANAMUYA (EMA),LA ALTAGRACIA,MINISTERIO DE AGRICULTURA,EMAP,30.4,21.2,0.2,https://indomet.gob.do/wp-content/uploads/2025/11/temperaturas-extremas-y-precipitaciones-2025x11x16-a.pdf
2025-11-16,027,PADRE LAS CASAS,AZUA,HOSP. NTRA. SRA. DEL CARMEN,EMCI,30.7,17.5,0.2,https://indomet.gob.do/wp-content/uploads/2025/11/temperaturas-extremas-y-precipitaciones-2025x11x16-a.pdf
2025-11-16,028,SAN JOSÉ DE OCOA,SAN JOSÉ DE OCOA,HOSP. SAN JOSÉ DE OCOA,EMCI,28.6,16.9,0.2,https://indomet.gob.do/wp-content/uploads/2025/11/temperaturas-extremas-y-precipitaciones-2025x11x16-a.pdf
2025-11-16,029,VALLE NUEVO (EMA),LA VEGA,MARENA,EMAI,18.6,5.3,0.2,https://indomet.gob.do/wp-content/uploads/2025/11/temperaturas-extremas-y-precipitaciones-2025x11x16-a.pdf
2025-11-16,030,ARPT. DE LA ROMANA,LA ROMANA,INDOMET,EMCI,30.8,20.5,0.1,https://indomet.gob.do/wp-content/uploads/2025/11/temperaturas-extremas-y-precipitaciones-2025x11x16-a.pdf
2025-11-16,031,ARPT. DEL CIBAO,SANTIAGO,INDOMET,EMCI,32.0,19.7,0.1,https://indomet.gob.do/wp-content/uploads/2025/11/temperaturas-extremas-y-precipitaciones-2025x11x16-a.pdf
2025-11-16,032,ARROYO LORO,SAN JUAN,IDIAF,EMCI,31.7,20.4,0.1,https://indomet.gob.do/wp-content/uploads/2025/11/temperaturas-extremas-y-precipitaciones-2025x11x16-a.pdf
2025-11-16,033,HONDO VALLE,ELÍAS PIÑA,MINISTERIO DE AGRICULTURA,EMCI,26.5,16.7,0.1,https://indomet.gob.do/wp-content/uploads/2025/11/temperaturas-extremas-y-precipitaciones-2025x11x16-a.pdf
2025-11-16,034,LA VICTORIA,SANTO DOMINGO,CUERPO DE BOMBEROS,EMCI,33.0,21.8,0.1,https://indomet.gob.do/wp-content/uploads/2025/11/temperaturas-extremas-y-precipitaciones-2025x11x16-a.pdf
2025-11-16,035,OLIVARES,PEDERNALES,INDRHI,EMCI,,,0.1,https://indomet.gob.do/wp-content/uploads/2025/11/temperaturas-extremas-y-precipitaciones-2025x11x16-a.pdf
2025-11-16,036,SABANA GRANDE DE BOYÁ,MONTE PLATA,MINISTERIO DE AGRICULTURA,EMCV,,,0.1,https://indomet.gob.do/wp-content/uploads/2025/11/temperaturas-extremas-y-precipitaciones-2025x11x16-a.pdf
2025-11-16,037,ALTO BANDERA (EMA),LA VEGA,INTEC,EMAP,14.4,7.3,0.0,https://indomet.gob.do/wp-content/uploads/2025/11/temperaturas-extremas-y-precipitaciones-2025x11x16-a.pdf
2025-11-16,038,ARPT. ARROYO BARRIL,SAMANÁ,INDOMET,EMCI,30.5,20.7,0.0,https://indomet.gob.do/wp-content/uploads/2025/11/temperaturas-extremas-y-precipitaciones-2025x11x16-a.pdf
2025-11-16,039,ARPT. DE LAS AMÉRICAS,SANTO DOMINGO,INDOMET,EMCI,31.0,21.2,0.0,https://indomet.gob.do/wp-content/uploads/2025/11/temperaturas-extremas-y-precipitaciones-2025x11x16-a.pdf
2025-11-16,040,ARPT. DE PUNTA CANA,LA ALTAGRACIA,INDOMET,EMCI,30.2,23.0,0.0,https://indomet.gob.do/wp-content/uploads/2025/11/temperaturas-extremas-y-precipitaciones-2025x11x16-a.pdf
2025-11-16,041,ARPT. EL CATEY,SAMANÁ,INDOMET,EMCI,29.0,20.6,0.0,https://indomet.gob.do/wp-content/uploads/2025/11/temperaturas-extremas-y-precipitaciones-2025x11x16-a.pdf
2025-11-16,042,ARPT. GREGORIO LUPERÓN,PUERTO PLATA,INDOMET,EMCI,30.4,19.5,0.0,https://indomet.gob.do/wp-content/uploads/2025/11/temperaturas-extremas-y-precipitaciones-2025x11x16-a.pdf
2025-11-16,043,ARPT. LA ISABELA,SANTO DOMINGO,INDOMET,EMCI,31.5,20.4,0.0,https://indomet.gob.do/wp-content/uploads/2025/11/temperaturas-extremas-y-precipitaciones-2025x11x16-a.pdf
2025-11-16,044,ARPT. MARÍA MONTEZ,BARAHONA,INDOMET,EMCI,29.5,21.4,0.0,https://indomet.gob.do/wp-content/uploads/2025/11/temperaturas-extremas-y-precipitaciones-2025x11x16-a.pdf
2025-11-16,045,BANI (EMA),PERAVIA,MINISTERIO DE AGRICULTURA,EMAP,29.7,21.7,0.0,https://indomet.gob.do/wp-content/uploads/2025/11/temperaturas-extremas-y-precipitaciones-2025x11x16-a.pdf
2025-11-16,046,BAYAGUANA,MONTE PLATA,INDOMET,EMCI,32.2,20.2,0.0,https://indomet.gob.do/wp-content/uploads/2025/11/temperaturas-extremas-y-precipitaciones-2025x11x16-a.pdf
2025-11-16,047,BOHECHÍO,SAN JUAN,MINISTERIO DE AGRICULTURA,EMCV,,,0.0,https://indomet.gob.do/wp-content/uploads/2025/11/temperaturas-extremas-y-precipitaciones-2025x11x16-a.pdf
2025-11-16,048,CABRERA,MARÍA TRINIDAD SÁNCHEZ,ESCUELA ARÍSTIDES FIALLO CABRAL,EMCI,31.5,22.2,0.0,https://indomet.gob.do/wp-content/uploads/2025/11/temperaturas-extremas-y-precipitaciones-2025x11x16-a.pdf
2025-11-16,049,CENTRO DE LOS HEROES (EMA),DISTRITO NACIONAL,MINISTERIO DE ENERGIA Y MINA,EMAP,30.2,24.3,0.0,https://indomet.gob.do/wp-content/uploads/2025/11/temperaturas-extremas-y-precipitaciones-2025x11x16-a.pdf
2025-11-16,050,COTUÍ,SÁNCHEZ RAMÍREZ,HOSP. INMACULADA CONCEPCIÓN,EMCV,,,0.0,https://indomet.gob.do/wp-content/uploads/2025/11/temperaturas-extremas-y-precipitaciones-2025x11x16-a.pdf
2025-11-16,051,DAJABÓN,DAJABÓN,INSTITUTO POLITÉCNICO LOYOLA,EMCI,34.7,19.5,0.0,https://indomet.gob.do/wp-content/uploads/2025/11/temperaturas-extremas-y-precipitaciones-2025x11x16-a.pdf
2025-11-16,052,ENRIQUILLO,BARAHONA,MINISTERIO DE AGRICULTURA,EMCV,33.0,21.0,0.0,https://indomet.gob.do/wp-content/uploads/2025/11/temperaturas-extremas-y-precipitaciones-2025x11x16-a.pdf
2025-11-16,053,GASPAR HERNÁNDEZ,ESPAILLAT,PROPIEDAD DEL EMPLEADO,EMCI,,,0.0,https://indomet.gob.do/wp-content/uploads/2025/11/temperaturas-extremas-y-precipitaciones-2025x11x16-a.pdf
2025-11-16,054,JARDÍN BOTÁNICO NACIONAL,DISTRITO NACIONAL,JARDÍN BOTÁNICO NACIONAL,EMCV,32.5,20.7,0.0,https://indomet.gob.do/wp-content/uploads/2025/11/temperaturas-extremas-y-precipitaciones-2025x11x16-a.pdf
2025-11-16,055,LA VEGA,LA VEGA,IATESA,EMCI,32.0,20.0,0.0,https://indomet.gob.do/wp-content/uploads/2025/11/temperaturas-extremas-y-precipitaciones-2025x11x16-a.pdf
2025-11-16,056,LAS CANAS (EMA),MONTE CRISTI,PROGRAMA MUNDIAL DE ALIMENTO,EMAP,28.1,20.2,0.0,https://indomet.gob.do/wp-content/uploads/2025/11/temperaturas-extremas-y-precipitaciones-2025x11x16-a.pdf
2025-11-16,057,LOS JENGIBRES,NAGUA,INDRHI,EMCI,,,0.0,https://indomet.gob.do/wp-content/uploads/2025/11/temperaturas-extremas-y-precipitaciones-2025x11x16-a.pdf
2025-11-16,058,LOS LLANOS,SAN PEDRO DE MACORÍS,MINISTERIO DE AGRICULTURA,EMCI,32.0,21.8,0.0,https://indomet.gob.do/wp-content/uploads/2025/11/temperaturas-extremas-y-precipitaciones-2025x11x16-a.pdf
2025-11-16,059,MAO,VALVERDE,INDRHI / MINISTERIO DE AGRICULTURA,EMCV,,,0.0,https://indomet.gob.do/wp-content/uploads/2025/11/temperaturas-extremas-y-precipitaciones-2025x11x16-a.pdf
2025-11-16,060,MICHES (EMA),EL SEIBO,PRIVADA,EMAP,29.4,21.2,0.0,https://indomet.gob.do/wp-content/uploads/2025/11/temperaturas-extremas-y-precipitaciones-2025x11x16-a.pdf
2025-11-16,061,MONTE CRISTI,MONTE CRISTI,INDOMET,EMCI,32.0,21.6,0.0,https://indomet.gob.do/wp-content/uploads/2025/11/temperaturas-extremas-y-precipitaciones-2025x11x16-a.pdf
2025-11-16,062,NAVARRETE,SANTIAGO,MINISTERIO DE AGRICULTURA,EMCV,,,0.0,https://indomet.gob.do/wp-content/uploads/2025/11/temperaturas-extremas-y-precipitaciones-2025x11x16-a.pdf
2025-11-16,063,OVIEDO,PEDERNALES,CLÍNICA RURAL OVIEDO,EMCI,31.0,21.5,0.0,https://indomet.gob.do/wp-content/uploads/2025/11/temperaturas-extremas-y-precipitaciones-2025x11x16-a.pdf
2025-11-16,064,PALO ÍNDIO,PUERTO PLATA,MINISTERIO DE AGRICULTURA,EMCI,,,0.0,https://indomet.gob.do/wp-content/uploads/2025/11/temperaturas-extremas-y-precipitaciones-2025x11x16-a.pdf
2025-11-16,065,PASO AL MEDIO,SAN PEDRO DE MACORÍS,INDRHI,EMCI,,,0.0,https://indomet.gob.do/wp-content/uploads/2025/11/temperaturas-extremas-y-precipitaciones-2025x11x16-a.pdf
2025-11-16,066,PERALTA,AZUA,HOSP. MPAL. DE PERALTA,EMCI,29.2,16.5,0.0,https://indomet.gob.do/wp-content/uploads/2025/11/temperaturas-extremas-y-precipitaciones-2025x11x16-a.pdf
2025-11-16,067,PONTÓN ABAJO (EMA),LA VEGA,MINISTERIO DE AGRICULTURA,EMAP,31.8,21.1,0.0,https://indomet.gob.do/wp-content/uploads/2025/11/temperaturas-extremas-y-precipitaciones-2025x11x16-a.pdf
2025-11-16,068,PRESA DE TAVERAS (EMA),LA VEGA,PROGRAMA MUNDIAL DE ALIMENTO,EMAP,29.7,18.8,0.0,https://indomet.gob.do/wp-content/uploads/2025/11/temperaturas-extremas-y-precipitaciones-2025x11x16-a.pdf
2025-11-16,069,RANCHO ARRIBA,SAN JOSÉ DE OCOA,CENTRO TECNOLÓGICO COMUNITARIO,EMCI,27.2,16.4,0.0,https://indomet.gob.do/wp-content/uploads/2025/11/temperaturas-extremas-y-precipitaciones-2025x11x16-a.pdf
2025-11-16,070,RESTAURACIÓN,DAJABÓN,MINISTERIO DE AGRICULTURA,EMCI,27.8,14.7,0.0,https://indomet.gob.do/wp-content/uploads/2025/11/temperaturas-extremas-y-precipitaciones-2025x11x16-a.pdf
2025-11-16,071,RÍO SAN JUAN,MARÍA TRINIDAD SÁNCHEZ,HOSP. MPAL. DR. DESIDERIO ACOSTA,EMCV,30.0,21.5,0.0,https://indomet.gob.do/wp-content/uploads/2025/11/temperaturas-extremas-y-precipitaciones-2025x11x16-a.pdf
2025-11-16,072,SABANA DE LA MAR,HATO MAYOR,INDOMET,EMCI,31.5,21.0,0.0,https://indomet.gob.do/wp-content/uploads/2025/11/temperaturas-extremas-y-precipitaciones-2025x11x16-a.pdf
2025-11-16,073,SABANETA (EMA),SANTIAGO RODRÍGUEZ,PROGRAMA MUNDIAL DE ALIMENTO,EMAP,33.1,21.0,0.0,https://indomet.gob.do/wp-content/uploads/2025/11/temperaturas-extremas-y-precipitaciones-2025x11x16-a.pdf
2025-11-16,074,SALCEDO,HERMANAS MIRABAL,PROPIEDAD DEL EMPLEADO,EMCI,,,0.0,https://indomet.gob.do/wp-content/uploads/2025/11/temperaturas-extremas-y-precipitaciones-2025x11x16-a.pdf
2025-11-16,075,SAMANÁ,SAMANÁ,COMANDANCIA DE PUERTO DE SAMANÁ,EMCI,32.0,18.7,0.0,https://indomet.gob.do/wp-content/uploads/2025/11/temperaturas-extremas-y-precipitaciones-2025x11x16-a.pdf
2025-11-16,076,SAN CRISTÓBAL,SAN CRISTÓBAL,INSTITUTO POLITÉCNICO LOYOLA,EMCI,30.2,19.0,0.0,https://indomet.gob.do/wp-content/uploads/2025/11/temperaturas-extremas-y-precipitaciones-2025x11x16-a.pdf
2025-11-16,077,BUCARA (EMA),SANTIAGO,MINISTERIO DE AGRICULTURA,EMAI,,,0.0,https://indomet.gob.do/wp-content/uploads/2025/11/temperaturas-extremas-y-precipitaciones-2025x11x16-a.pdf
2025-11-16,078,VILLA GONZALE (EMA),SANTIAGO,IGLESIA,EMAI,,,0.0,https://indomet.gob.do/wp-content/uploads/2025/11/temperaturas-extremas-y-precipitaciones-2025x11x16-a.pdf
2025-11-16,079,VILLA VASQUEZ (EMA),MONTE CRISTI,JUNTA DE REGANTES,EMAI,,,0.0,https://indomet.gob.do/wp-content/uploads/2025/11/temperaturas-extremas-y-precipitaciones-2025x11x16-a.pdf
2025-11-16,080,SANTIAGO RODRÍGUEZ,SANTIAGO RODRÍGUEZ,INDOMET,EMCI,33.2,21.0,0.0,https://indomet.gob.do/wp-content/uploads/2025/11/temperaturas-extremas-y-precipitaciones-2025x11x16-a.pdf
2025-11-16,081,TÁBARA ABAJO,AZUA,INDRHI,EMCI,34.5,23.0,0.0,https://indomet.gob.do/wp-content/uploads/2025/11/temperaturas-extremas-y-precipitaciones-2025x11x16-a.pdf
2025-11-16,082,JIMA ABAJO,LA VEGA,INDOMET,EMCI,29.5,20.2,0.0,https://indomet.gob.do/wp-content/uploads/2025/11/temperaturas-extremas-y-precipitaciones-2025x11x16-a.pdf
2025-11-16,083,TAVERA,SANTIAGO,INDRHI,EMCI,,,0.0,https://indomet.gob.do/wp-content/uploads/2025/11/temperaturas-extremas-y-precipitaciones-2025x11x16-a.pdf
2025-11-16,084,VILLA ALTAGRACIA,SAN CRISTÓBAL,ESCUELA JAVIER ANGULO GURIDI,EMCI,,,0.0,https://indomet.gob.do/wp-content/uploads/2025/11/temperaturas-extremas-y-precipitaciones-2025x11x16-a.pdf
2025-11-16,085,VILLA GONZALES,SANTIAGO,MINISTERIO DE AGRICULTURA,EMCI,,,0.0,https://indomet.gob.do/wp-content/uploads/2025/11/temperaturas-extremas-y-precipitaciones-2025x11x16-a.pdf
2025-11-17,001,GURABO,SANTIAGO,MINISTERIO DE AGRICULTURA,EMCV,,,102.1,https://indomet.gob.do/wp-content/uploads/2025/11/temperaturas-extremas-y-precipitaciones-2025x11x17-ac.pdf
2025-11-17,002,TAMBORIL,SANTIAGO,MINISTERIO DE AGRICULTURA,EMCV,,,86.4,https://indomet.gob.do/wp-content/uploads/2025/11/temperaturas-extremas-y-precipitaciones-2025x11x17-ac.pdf
2025-11-17,003,SANTIAGO,SANTIAGO,HUACALITO,EMCI,,,77.0,https://indomet.gob.do/wp-content/uploads/2025/11/temperaturas-extremas-y-precipitaciones-2025x11x17-ac.pdf
2025-11-17,004,JARDÍN BOTÁNICO SANTIAGO (EMSANTIAGO,,JARDIN BOTANICO SANTIAGO,EMAI,31.8,22.2,65.0,https://indomet.gob.do/wp-content/uploads/2025/11/temperaturas-extremas-y-precipitaciones-2025x11x17-ac.pdf
2025-11-17,005,VILLA ISABELA,PUERTO PLATA,MINISTERIO DE AGRICULTURA,EMCV,,,53.4,https://indomet.gob.do/wp-content/uploads/2025/11/temperaturas-extremas-y-precipitaciones-2025x11x17-ac.pdf
2025-11-17,006,LUPERÓN,PUERTO PLATA,MINISTERIO DE AGRICULTURA,EMCV,,,36.6,https://indomet.gob.do/wp-content/uploads/2025/11/temperaturas-extremas-y-precipitaciones-2025x11x17-ac.pdf
2025-11-17,007,MONCIÓN (EMA),SANTIAGO RODRÍGUEZ,PROGRAMA MUNDIAL DE ALIMENTO,EMAP,27.8,20.3,32.6,https://indomet.gob.do/wp-content/uploads/2025/11/temperaturas-extremas-y-precipitaciones-2025x11x17-ac.pdf
2025-11-17,008,JIMANÍ,INDEPENDENCIA,MINISTERIO DE AGRICULTURA,EMCI,31.6,22.2,31.0,https://indomet.gob.do/wp-content/uploads/2025/11/temperaturas-extremas-y-precipitaciones-2025x11x17-ac.pdf
2025-11-17,009,SABANETA (EMA),SANTIAGO RODRÍGUEZ,PROGRAMA MUNDIAL DE ALIMENTO,EMAP,33.6,22.9,28.6,https://indomet.gob.do/wp-content/uploads/2025/11/temperaturas-extremas-y-precipitaciones-2025x11x17-ac.pdf
2025-11-17,010,SANTIAGO RODRÍGUEZ,SANTIAGO RODRÍGUEZ,INDOMET,EMCI,33.6,23.0,25.9,https://indomet.gob.do/wp-content/uploads/2025/11/temperaturas-extremas-y-precipitaciones-2025x11x17-ac.pdf
2025-11-17,011,GASPAR HERNÁNDEZ,ESPAILLAT,PROPIEDAD DEL EMPLEADO,EMCI,,,24.4,https://indomet.gob.do/wp-content/uploads/2025/11/temperaturas-extremas-y-precipitaciones-2025x11x17-ac.pdf
2025-11-17,012,ARPT. DEL CIBAO,SANTIAGO,INDOMET,EMCI,31.5,20.3,22.7,https://indomet.gob.do/wp-content/uploads/2025/11/temperaturas-extremas-y-precipitaciones-2025x11x17-ac.pdf
2025-11-17,013,VILLA RIVA,DUARTE,HOSP. MPAL. ALICIA DE LEGENDRE,EMCI,29.0,21.0,15.2,https://indomet.gob.do/wp-content/uploads/2025/11/temperaturas-extremas-y-precipitaciones-2025x11x17-ac.pdf
2025-11-17,014,SALCEDO,HERMANAS MIRABAL,PROPIEDAD DEL EMPLEADO,EMCI,,,12.0,https://indomet.gob.do/wp-content/uploads/2025/11/temperaturas-extremas-y-precipitaciones-2025x11x17-ac.pdf
2025-11-17,015,POLO,BARAHONA,INDOCAFE,EMCI,28.2,15.0,10.0,https://indomet.gob.do/wp-content/uploads/2025/11/temperaturas-extremas-y-precipitaciones-2025x11x17-ac.pdf
2025-11-17,016,PRESA DE TAVERAS (EMA),LA VEGA,PROGRAMA MUNDIAL DE ALIMENTO,EMAP,29.9,21.3,9.0,https://indomet.gob.do/wp-content/uploads/2025/11/temperaturas-extremas-y-precipitaciones-2025x11x17-ac.pdf
2025-11-17,017,MICHES (EMA),EL SEIBO,PRIVADA,EMAP,30.7,20.7,8.8,https://indomet.gob.do/wp-content/uploads/2025/11/temperaturas-extremas-y-precipitaciones-2025x11x17-ac.pdf
2025-11-17,018,ARPT. GREGORIO LUPERÓN,PUERTO PLATA,INDOMET,EMCI,31.0,20.4,7.5,https://indomet.gob.do/wp-content/uploads/2025/11/temperaturas-extremas-y-precipitaciones-2025x11x17-ac.pdf
2025-11-17,019,SAN FRANCISCO DE MACORÍS,DUARTE,San Francisco de Macorís (UASD),EMCI,31.1,22.8,6.6,https://indomet.gob.do/wp-content/uploads/2025/11/temperaturas-extremas-y-precipitaciones-2025x11x17-ac.pdf
2025-11-17,020,PARQUE MIRADOR SUR,DISTRITO NACIONAL,AYUNTAMIENTO,EMCV,33.4,22.2,6.0,https://indomet.gob.do/wp-content/uploads/2025/11/temperaturas-extremas-y-precipitaciones-2025x11x17-ac.pdf
2025-11-17,021,LOS JENGIBRES,NAGUA,INDRHI,EMCI,,,5.1,https://indomet.gob.do/wp-content/uploads/2025/11/temperaturas-extremas-y-precipitaciones-2025x11x17-ac.pdf
2025-11-17,022,RÍO SAN JUAN,MARÍA TRINIDAD SÁNCHEZ,HOSP. MPAL. DR. DESIDERIO ACOSTA,EMCV,33.7,22.7,4.2,https://indomet.gob.do/wp-content/uploads/2025/11/temperaturas-extremas-y-precipitaciones-2025x11x17-ac.pdf
2025-11-17,023,ELÍAS PIÑA,ELÍAS PIÑA,MINISTERIO DE AGRICULTURA,EMCV,,,4.0,https://indomet.gob.do/wp-content/uploads/2025/11/temperaturas-extremas-y-precipitaciones-2025x11x17-ac.pdf
2025-11-17,024,DAJABÓN,DAJABÓN,INSTITUTO POLITÉCNICO LOYOLA,EMCI,34.2,19.9,2.7,https://indomet.gob.do/wp-content/uploads/2025/11/temperaturas-extremas-y-precipitaciones-2025x11x17-ac.pdf
2025-11-17,025,OLIVARES,PEDERNALES,INDRHI,EMCI,,,2.7,https://indomet.gob.do/wp-content/uploads/2025/11/temperaturas-extremas-y-precipitaciones-2025x11x17-ac.pdf
2025-11-17,026,SAN JOSÉ DE OCOA,SAN JOSÉ DE OCOA,HOSP. SAN JOSÉ DE OCOA,EMCI,29.4,16.9,2.6,https://indomet.gob.do/wp-content/uploads/2025/11/temperaturas-extremas-y-precipitaciones-2025x11x17-ac.pdf
2025-11-17,027,HONDO VALLE,ELÍAS PIÑA,MINISTERIO DE AGRICULTURA,EMCI,26.3,16.6,2.2,https://indomet.gob.do/wp-content/uploads/2025/11/temperaturas-extremas-y-precipitaciones-2025x11x17-ac.pdf
2025-11-17,028,CABRERA,MARÍA TRINIDAD SÁNCHEZ,ESCUELA ARÍSTIDES FIALLO CABRAL,EMCI,32.0,23.5,2.0,https://indomet.gob.do/wp-content/uploads/2025/11/temperaturas-extremas-y-precipitaciones-2025x11x17-ac.pdf
2025-11-17,029,EL FACTOR (EMA),MARÍA TRINIDAD SÁNCHEZ,INTEC,EMAP,31.2,22.2,2.0,https://indomet.gob.do/wp-content/uploads/2025/11/temperaturas-extremas-y-precipitaciones-2025x11x17-ac.pdf
2025-11-17,030,SANTO DOMINGO ESTE,SANTO DOMINGO,INDOMET,EMCI,32.0,23.0,1.9,https://indomet.gob.do/wp-content/uploads/2025/11/temperaturas-extremas-y-precipitaciones-2025x11x17-ac.pdf
2025-11-17,031,BAYAGUANA,MONTE PLATA,INDOMET,EMCI,30.0,20.6,1.1,https://indomet.gob.do/wp-content/uploads/2025/11/temperaturas-extremas-y-precipitaciones-2025x11x17-ac.pdf
2025-11-17,032,JIMA ABAJO,LA VEGA,INDOMET,EMCI,30.5,20.0,1.0,https://indomet.gob.do/wp-content/uploads/2025/11/temperaturas-extremas-y-precipitaciones-2025x11x17-ac.pdf
2025-11-17,033,SAN CRISTÓBAL,SAN CRISTÓBAL,INSTITUTO POLITÉCNICO LOYOLA,EMCI,31.0,19.0,0.9,https://indomet.gob.do/wp-content/uploads/2025/11/temperaturas-extremas-y-precipitaciones-2025x11x17-ac.pdf
2025-11-17,034,BONAO,MONSEÑOR NOUEL,MINISTERIO DE AGRICULTURA,EMCV,,,0.8,https://indomet.gob.do/wp-content/uploads/2025/11/temperaturas-extremas-y-precipitaciones-2025x11x17-ac.pdf
2025-11-17,035,SAJOMA (EMA),SANTIAGO,PLAN SIERRA,EMAI,21.2,19.9,0.6,https://indomet.gob.do/wp-content/uploads/2025/11/temperaturas-extremas-y-precipitaciones-2025x11x17-ac.pdf
2025-11-17,036,PERALTA,AZUA,HOSP. MPAL. DE PERALTA,EMCI,31.3,21.7,0.2,https://indomet.gob.do/wp-content/uploads/2025/11/temperaturas-extremas-y-precipitaciones-2025x11x17-ac.pdf
2025-11-17,037,SAN RAFAEL DEL YUMA,LA ALTAGRACIA,MINISTERIO DE AGRICULTURA,EMCI,31.3,21.7,0.2,https://indomet.gob.do/wp-content/uploads/2025/11/temperaturas-extremas-y-precipitaciones-2025x11x17-ac.pdf
2025-11-17,038,ARPT. LA ISABELA,SANTO DOMINGO,INDOMET,EMCI,32.0,20.8,0.1,https://indomet.gob.do/wp-content/uploads/2025/11/temperaturas-extremas-y-precipitaciones-2025x11x17-ac.pdf
2025-11-17,039,PEDERNALES,PEDERNALES,INDRHI,EMCI,,,0.1,https://indomet.gob.do/wp-content/uploads/2025/11/temperaturas-extremas-y-precipitaciones-2025x11x17-ac.pdf
2025-11-17,040,VILLA GONZALES,SANTIAGO,MINISTERIO DE AGRICULTURA,EMCI,,,0.1,https://indomet.gob.do/wp-content/uploads/2025/11/temperaturas-extremas-y-precipitaciones-2025x11x17-ac.pdf
2025-11-17,041,ALTAMIRA,PUERTO PLATA,HOSP. MPAL. DE ALTAMIRA,EMCI,29.6,19.4,0.0,https://indomet.gob.do/wp-content/uploads/2025/11/temperaturas-extremas-y-precipitaciones-2025x11x17-ac.pdf
2025-11-17,042,ALTO BANDERA (EMA),LA VEGA,INTEC,EMAP,16.4,8.0,0.0,https://indomet.gob.do/wp-content/uploads/2025/11/temperaturas-extremas-y-precipitaciones-2025x11x17-ac.pdf
2025-11-17,043,ANAMUYA (EMA),LA ALTAGRACIA,MINISTERIO DE AGRICULTURA,EMAP,30.9,21.6,0.0,https://indomet.gob.do/wp-content/uploads/2025/11/temperaturas-extremas-y-precipitaciones-2025x11x17-ac.pdf
2025-11-17,044,ARPT. ARROYO BARRIL,SAMANÁ,INDOMET,EMCI,31.3,22.0,0.0,https://indomet.gob.do/wp-content/uploads/2025/11/temperaturas-extremas-y-precipitaciones-2025x11x17-ac.pdf
2025-11-17,045,ARPT. DE LA ROMANA,LA ROMANA,INDOMET,EMCI,32.5,20.2,0.0,https://indomet.gob.do/wp-content/uploads/2025/11/temperaturas-extremas-y-precipitaciones-2025x11x17-ac.pdf
2025-11-17,046,ARPT. DE LAS AMÉRICAS,SANTO DOMINGO,INDOMET,EMCI,31.5,22.0,0.0,https://indomet.gob.do/wp-content/uploads/2025/11/temperaturas-extremas-y-precipitaciones-2025x11x17-ac.pdf
2025-11-17,047,ARPT. DE PUNTA CANA,LA ALTAGRACIA,INDOMET,EMCI,30.0,19.5,0.0,https://indomet.gob.do/wp-content/uploads/2025/11/temperaturas-extremas-y-precipitaciones-2025x11x17-ac.pdf
2025-11-17,048,ARPT. EL CATEY,SAMANÁ,INDOMET,EMCI,29.4,21.5,0.0,https://indomet.gob.do/wp-content/uploads/2025/11/temperaturas-extremas-y-precipitaciones-2025x11x17-ac.pdf
2025-11-17,049,ARPT. MARÍA MONTEZ,BARAHONA,INDOMET,EMCI,30.4,21.4,0.0,https://indomet.gob.do/wp-content/uploads/2025/11/temperaturas-extremas-y-precipitaciones-2025x11x17-ac.pdf
2025-11-17,050,ARROYO LORO,SAN JUAN,IDIAF,EMCI,31.0,19.2,0.0,https://indomet.gob.do/wp-content/uploads/2025/11/temperaturas-extremas-y-precipitaciones-2025x11x17-ac.pdf
2025-11-17,051,BANI (EMA),PERAVIA,MINISTERIO DE AGRICULTURA,EMAP,30.3,23.2,0.0,https://indomet.gob.do/wp-content/uploads/2025/11/temperaturas-extremas-y-precipitaciones-2025x11x17-ac.pdf
2025-11-17,052,BASE AÉREA DE SAN ISIDRO,SANTO DOMINGO,FUERZA AÉREA DOMINICANA,EMCV,31.0,21.0,0.0,https://indomet.gob.do/wp-content/uploads/2025/11/temperaturas-extremas-y-precipitaciones-2025x11x17-ac.pdf
2025-11-17,053,BOCA DE MAO (EMA),VALVERDE,MINISTERIO DE AGRICULTURA,EMAP,33.2,22.8,0.0,https://indomet.gob.do/wp-content/uploads/2025/11/temperaturas-extremas-y-precipitaciones-2025x11x17-ac.pdf
2025-11-17,054,BOHECHÍO,SAN JUAN,MINISTERIO DE AGRICULTURA,EMCV,,,0.0,https://indomet.gob.do/wp-content/uploads/2025/11/temperaturas-extremas-y-precipitaciones-2025x11x17-ac.pdf
2025-11-17,055,BUCARA (EMA),SANTIAGO,MINISTERIO DE AGRICULTURA,EMAI,,,0.0,https://indomet.gob.do/wp-content/uploads/2025/11/temperaturas-extremas-y-precipitaciones-2025x11x17-ac.pdf
2025-11-17,056,CENTRO DE LOS HEROES (EMA),DISTRITO NACIONAL,MINISTERIO DE ENERGIA Y MINA,EMAP,30.8,25.3,0.0,https://indomet.gob.do/wp-content/uploads/2025/11/temperaturas-extremas-y-precipitaciones-2025x11x17-ac.pdf
2025-11-17,057,CONSTANZA,LA VEGA,MINISTERIO DE AGRICULTURA,EMCI,26.7,14.2,0.0,https://indomet.gob.do/wp-content/uploads/2025/11/temperaturas-extremas-y-precipitaciones-2025x11x17-ac.pdf
2025-11-17,058,CONSTANZA (EMA),LA VEGA,PROGRAMA MUNDIAL DE ALIMENTO,EMAP,25.4,15.6,0.0,https://indomet.gob.do/wp-content/uploads/2025/11/temperaturas-extremas-y-precipitaciones-2025x11x17-ac.pdf
2025-11-17,059,ENRIQUILLO,BARAHONA,MINISTERIO DE AGRICULTURA,EMCV,33.0,22.0,0.0,https://indomet.gob.do/wp-content/uploads/2025/11/temperaturas-extremas-y-precipitaciones-2025x11x17-ac.pdf
2025-11-17,060,ESCONDIDO,PERAVIA,MINISTERIO DE AGRICULTURA,EMCV,30.0,22.0,0.0,https://indomet.gob.do/wp-content/uploads/2025/11/temperaturas-extremas-y-precipitaciones-2025x11x17-ac.pdf
2025-11-17,061,HATO MAYOR,HATO MAYOR,MINISTERIO DE AGRICULTURA,EMCV,,,0.0,https://indomet.gob.do/wp-content/uploads/2025/11/temperaturas-extremas-y-precipitaciones-2025x11x17-ac.pdf
2025-11-17,062,JARABACOA,LA VEGA,INDRHI / MARENA,EMCI,30.6,15.4,0.0,https://indomet.gob.do/wp-content/uploads/2025/11/temperaturas-extremas-y-precipitaciones-2025x11x17-ac.pdf
2025-11-17,063,JARDÍN BOTÁNICO NACIONAL,DISTRITO NACIONAL,JARDÍN BOTÁNICO NACIONAL,EMCV,31.9,22.3,0.0,https://indomet.gob.do/wp-content/uploads/2025/11/temperaturas-extremas-y-precipitaciones-2025x11x17-ac.pdf
2025-11-17,064,JUMA BEJUCAL,MONSEÑOR NOUEL,IDIAF,EMCV,31.8,20.6,0.0,https://indomet.gob.do/wp-content/uploads/2025/11/temperaturas-extremas-y-precipitaciones-2025x11x17-ac.pdf
2025-11-17,065,LA VEGA,LA VEGA,IATESA,EMCI,31.0,22.0,0.0,https://indomet.gob.do/wp-content/uploads/2025/11/temperaturas-extremas-y-precipitaciones-2025x11x17-ac.pdf
2025-11-17,066,LA VICTORIA,SANTO DOMINGO,CUERPO DE BOMBEROS,EMCI,33.4,21.5,0.0,https://indomet.gob.do/wp-content/uploads/2025/11/temperaturas-extremas-y-precipitaciones-2025x11x17-ac.pdf
2025-11-17,067,LAS CANAS (EMA),MONTE CRISTI,PROGRAMA MUNDIAL DE ALIMENTO,EMAP,28.1,22.5,0.0,https://indomet.gob.do/wp-content/uploads/2025/11/temperaturas-extremas-y-precipitaciones-2025x11x17-ac.pdf
2025-11-17,068,LAS MATAS DE SANTA CRUZ (EMA,MONTE CRISTI,PROGRAMA MUNDIAL DE ALIMENTO,EMAP,,,0.0,https://indomet.gob.do/wp-content/uploads/2025/11/temperaturas-extremas-y-precipitaciones-2025x11x17-ac.pdf
2025-11-17,069,LOS LLANOS,SAN PEDRO DE MACORÍS,MINISTERIO DE AGRICULTURA,EMCI,31.8,21.2,0.0,https://indomet.gob.do/wp-content/uploads/2025/11/temperaturas-extremas-y-precipitaciones-2025x11x17-ac.pdf
2025-11-17,070,MAO,VALVERDE,INDRHI / MINISTERIO DE AGRICULTURA,EMCV,,,0.0,https://indomet.gob.do/wp-content/uploads/2025/11/temperaturas-extremas-y-precipitaciones-2025x11x17-ac.pdf
2025-11-17,071,MONTE CRISTI,MONTE CRISTI,INDOMET,EMCI,32.0,22.4,0.0,https://indomet.gob.do/wp-content/uploads/2025/11/temperaturas-extremas-y-precipitaciones-2025x11x17-ac.pdf
2025-11-17,072,NAVARRETE,SANTIAGO,MINISTERIO DE AGRICULTURA,EMCV,,,0.0,https://indomet.gob.do/wp-content/uploads/2025/11/temperaturas-extremas-y-precipitaciones-2025x11x17-ac.pdf
2025-11-17,073,OVIEDO,PEDERNALES,CLÍNICA RURAL OVIEDO,EMCI,32.0,21.5,0.0,https://indomet.gob.do/wp-content/uploads/2025/11/temperaturas-extremas-y-precipitaciones-2025x11x17-ac.pdf
2025-11-17,074,PADRE LAS CASAS,AZUA,HOSP. NTRA. SRA. DEL CARMEN,EMCI,30.8,17.5,0.0,https://indomet.gob.do/wp-content/uploads/2025/11/temperaturas-extremas-y-precipitaciones-2025x11x17-ac.pdf
2025-11-17,075,PALO ÍNDIO,PUERTO PLATA,MINISTERIO DE AGRICULTURA,EMCI,,,0.0,https://indomet.gob.do/wp-content/uploads/2025/11/temperaturas-extremas-y-precipitaciones-2025x11x17-ac.pdf
2025-11-17,076,PASO AL MEDIO,SAN PEDRO DE MACORÍS,INDRHI,EMCI,,,0.0,https://indomet.gob.do/wp-content/uploads/2025/11/temperaturas-extremas-y-precipitaciones-2025x11x17-ac.pdf
2025-11-17,077,PESCADERIA (EMA),BARAHONA,MINISTERIO DE AGRICULTURA,EMAP,,,0.0,https://indomet.gob.do/wp-content/uploads/2025/11/temperaturas-extremas-y-precipitaciones-2025x11x17-ac.pdf
2025-11-17,078,PONTÓN ABAJO (EMA),LA VEGA,MINISTERIO DE AGRICULTURA,EMAP,32.6,22.7,0.0,https://indomet.gob.do/wp-content/uploads/2025/11/temperaturas-extremas-y-precipitaciones-2025x11x17-ac.pdf
2025-11-17,079,RANCHO ARRIBA,SAN JOSÉ DE OCOA,CENTRO TECNOLÓGICO COMUNITARIO,EMCI,27.4,16.5,0.0,https://indomet.gob.do/wp-content/uploads/2025/11/temperaturas-extremas-y-precipitaciones-2025x11x17-ac.pdf
2025-11-17,080,RESTAURACIÓN,DAJABÓN,MINISTERIO DE AGRICULTURA,EMCI,28.1,15.4,0.0,https://indomet.gob.do/wp-content/uploads/2025/11/temperaturas-extremas-y-precipitaciones-2025x11x17-ac.pdf
2025-11-17,081,SABANA DE LA MAR,HATO MAYOR,INDOMET,EMCI,31.5,21.0,0.0,https://indomet.gob.do/wp-content/uploads/2025/11/temperaturas-extremas-y-precipitaciones-2025x11x17-ac.pdf
2025-11-17,082,SAMANÁ,SAMANÁ,COMANDANCIA DE PUERTO DE SAMANÁ,EMCI,32.9,19.0,0.0,https://indomet.gob.do/wp-content/uploads/2025/11/temperaturas-extremas-y-precipitaciones-2025x11x17-ac.pdf
2025-11-17,083,SÁNCHEZ,SAMANÁ,MINISTERIO DE AGRICULTURA,EMCI,30.7,22.2,0.0,https://indomet.gob.do/wp-content/uploads/2025/11/temperaturas-extremas-y-precipitaciones-2025x11x17-ac.pdf
2025-11-17,084,TÁBARA ABAJO,AZUA,INDRHI,EMCI,32.9,20.0,0.0,https://indomet.gob.do/wp-content/uploads/2025/11/temperaturas-extremas-y-precipitaciones-2025x11x17-ac.pdf
2025-11-17,085,TAVERA,SANTIAGO,INDRHI,EMCI,,,0.0,https://indomet.gob.do/wp-content/uploads/2025/11/temperaturas-extremas-y-precipitaciones-2025x11x17-ac.pdf
2025-11-17,086,VALLE NUEVO (EMA),LA VEGA,MARENA,EMAI,19.1,6.2,0.0,https://indomet.gob.do/wp-content/uploads/2025/11/temperaturas-extremas-y-precipitaciones-2025x11x17-ac.pdf
2025-11-17,087,VILLA ALTAGRACIA,SAN CRISTÓBAL,ESCUELA JAVIER ANGULO GURIDI,EMCI,,,0.0,https://indomet.gob.do/wp-content/uploads/2025/11/temperaturas-extremas-y-precipitaciones-2025x11x17-ac.pdf
2025-11-17,088,VILLA GONZALE (EMA),SANTIAGO,IGLESIA,EMAI,,,0.0,https://indomet.gob.do/wp-content/uploads/2025/11/temperaturas-extremas-y-precipitaciones-2025x11x17-ac.pdf
2025-11-17,089,VILLA VASQUEZ (EMA),MONTE CRISTI,JUNTA DE REGANTES,EMAI,,,0.0,https://indomet.gob.do/wp-content/uploads/2025/11/temperaturas-extremas-y-precipitaciones-2025x11x17-ac.pdf
2025-11-18,001,LOS JENGIBRES,NAGUA,INDRHI,EMCI,,,35.1,https://indomet.gob.do/wp-content/uploads/2025/11/temperaturas-extremas-y-precipitaciones-2025x11x18-a.pdf
2025-11-18,002,LOS LLANOS,SAN PEDRO DE MACORÍS,MINISTERIO DE AGRICULTURA,EMCI,32.7,21.5,32.3,https://indomet.gob.do/wp-content/uploads/2025/11/temperaturas-extremas-y-precipitaciones-2025x11x18-a.pdf
2025-11-18,003,SABANETA (EMA),SANTIAGO RODRÍGUEZ,PROGRAMA MUNDIAL DE ALIMENTO,EMAP,32.8,20.4,17.6,https://indomet.gob.do/wp-content/uploads/2025/11/temperaturas-extremas-y-precipitaciones-2025x11x18-a.pdf
2025-11-18,004,SANTIAGO RODRÍGUEZ,SANTIAGO RODRÍGUEZ,INDOMET,EMCI,33.0,20.6,16.8,https://indomet.gob.do/wp-content/uploads/2025/11/temperaturas-extremas-y-precipitaciones-2025x11x18-a.pdf
2025-11-18,005,SAMANÁ,SAMANÁ,COMANDANCIA DE PUERTO DE SAMANÁ,EMCI,32.5,19.4,12.0,https://indomet.gob.do/wp-content/uploads/2025/11/temperaturas-extremas-y-precipitaciones-2025x11x18-a.pdf
2025-11-18,006,ANAMUYA (EMA),LA ALTAGRACIA,MINISTERIO DE AGRICULTURA,EMAP,31.1,23.5,9.6,https://indomet.gob.do/wp-content/uploads/2025/11/temperaturas-extremas-y-precipitaciones-2025x11x18-a.pdf
2025-11-18,007,MONCIÓN (EMA),SANTIAGO RODRÍGUEZ,PROGRAMA MUNDIAL DE ALIMENTO,EMAP,27.8,18.9,9.0,https://indomet.gob.do/wp-content/uploads/2025/11/temperaturas-extremas-y-precipitaciones-2025x11x18-a.pdf
2025-11-18,008,MICHES (EMA),EL SEIBO,PRIVADA,EMAP,29.5,21.8,6.0,https://indomet.gob.do/wp-content/uploads/2025/11/temperaturas-extremas-y-precipitaciones-2025x11x18-a.pdf
2025-11-18,009,RANCHO ARRIBA,SAN JOSÉ DE OCOA,CENTRO TECNOLÓGICO COMUNITARIO,EMCI,28.3,17.8,5.9,https://indomet.gob.do/wp-content/uploads/2025/11/temperaturas-extremas-y-precipitaciones-2025x11x18-a.pdf
2025-11-18,010,ARPT. ARROYO BARRIL,SAMANÁ,INDOMET,EMCI,30.2,22.7,5.2,https://indomet.gob.do/wp-content/uploads/2025/11/temperaturas-extremas-y-precipitaciones-2025x11x18-a.pdf
2025-11-18,011,SAN RAFAEL DEL YUMA,LA ALTAGRACIA,MINISTERIO DE AGRICULTURA,EMCI,32.4,22.8,5.0,https://indomet.gob.do/wp-content/uploads/2025/11/temperaturas-extremas-y-precipitaciones-2025x11x18-a.pdf
2025-11-18,012,PRESA DE TAVERAS (EMA),LA VEGA,PROGRAMA MUNDIAL DE ALIMENTO,EMAP,28.4,21.4,4.2,https://indomet.gob.do/wp-content/uploads/2025/11/temperaturas-extremas-y-precipitaciones-2025x11x18-a.pdf
2025-11-18,013,BASE AÉREA DE SAN ISIDRO,SANTO DOMINGO,FUERZA AÉREA DOMINICANA,EMCV,32.0,22.0,4.0,https://indomet.gob.do/wp-content/uploads/2025/11/temperaturas-extremas-y-precipitaciones-2025x11x18-a.pdf
2025-11-18,014,ALTAMIRA,PUERTO PLATA,HOSP. MPAL. DE ALTAMIRA,EMCI,30.0,19.5,3.2,https://indomet.gob.do/wp-content/uploads/2025/11/temperaturas-extremas-y-precipitaciones-2025x11x18-a.pdf
2025-11-18,015,ARPT. DE PUNTA CANA,LA ALTAGRACIA,INDOMET,EMCI,30.4,22.6,3.2,https://indomet.gob.do/wp-content/uploads/2025/11/temperaturas-extremas-y-precipitaciones-2025x11x18-a.pdf
2025-11-18,016,JIMA ABAJO,LA VEGA,INDOMET,EMCI,31.6,20.0,3.2,https://indomet.gob.do/wp-content/uploads/2025/11/temperaturas-extremas-y-precipitaciones-2025x11x18-a.pdf
2025-11-18,017,RÍO SAN JUAN,MARÍA TRINIDAD SÁNCHEZ,HOSP. MPAL. DR. DESIDERIO ACOSTA,EMCV,32.5,22.9,2.2,https://indomet.gob.do/wp-content/uploads/2025/11/temperaturas-extremas-y-precipitaciones-2025x11x18-a.pdf
2025-11-18,018,ARPT. MARÍA MONTEZ,BARAHONA,INDOMET,EMCI,32.4,20.9,1.6,https://indomet.gob.do/wp-content/uploads/2025/11/temperaturas-extremas-y-precipitaciones-2025x11x18-a.pdf
2025-11-18,019,SÁNCHEZ,SAMANÁ,MINISTERIO DE AGRICULTURA,EMCI,30.3,22.4,1.4,https://indomet.gob.do/wp-content/uploads/2025/11/temperaturas-extremas-y-precipitaciones-2025x11x18-a.pdf
2025-11-18,020,JARABACOA,LA VEGA,INDRHI / MARENA,EMCI,30.2,17.0,1.3,https://indomet.gob.do/wp-content/uploads/2025/11/temperaturas-extremas-y-precipitaciones-2025x11x18-a.pdf
2025-11-18,021,CABRERA,MARÍA TRINIDAD SÁNCHEZ,ESCUELA ARÍSTIDES FIALLO CABRAL,EMCI,32.8,24.2,1.2,https://indomet.gob.do/wp-content/uploads/2025/11/temperaturas-extremas-y-precipitaciones-2025x11x18-a.pdf
2025-11-18,022,LUPERÓN,PUERTO PLATA,MINISTERIO DE AGRICULTURA,EMCV,,,1.2,https://indomet.gob.do/wp-content/uploads/2025/11/temperaturas-extremas-y-precipitaciones-2025x11x18-a.pdf
2025-11-18,023,HONDO VALLE,ELÍAS PIÑA,MINISTERIO DE AGRICULTURA,EMCI,26.9,17.1,1.1,https://indomet.gob.do/wp-content/uploads/2025/11/temperaturas-extremas-y-precipitaciones-2025x11x18-a.pdf
2025-11-18,024,EL FACTOR (EMA),MARÍA TRINIDAD SÁNCHEZ,INTEC,EMAP,31.9,22.8,1.0,https://indomet.gob.do/wp-content/uploads/2025/11/temperaturas-extremas-y-precipitaciones-2025x11x18-a.pdf
2025-11-18,025,LOS TRES CHARCOS (EMA),PEDERNALES,PROPIEDAD DEL VOLUNTARIO,EMAP,,,0.8,https://indomet.gob.do/wp-content/uploads/2025/11/temperaturas-extremas-y-precipitaciones-2025x11x18-a.pdf
2025-11-18,026,HATO MAYOR,HATO MAYOR,MINISTERIO DE AGRICULTURA,EMCV,,,0.5,https://indomet.gob.do/wp-content/uploads/2025/11/temperaturas-extremas-y-precipitaciones-2025x11x18-a.pdf
2025-11-18,027,TAMBORIL,SANTIAGO,MINISTERIO DE AGRICULTURA,EMCV,,,0.5,https://indomet.gob.do/wp-content/uploads/2025/11/temperaturas-extremas-y-precipitaciones-2025x11x18-a.pdf
2025-11-18,028,ALTO BANDERA (EMA),LA VEGA,INTEC,EMAP,17.2,6.5,0.5,https://indomet.gob.do/wp-content/uploads/2025/11/temperaturas-extremas-y-precipitaciones-2025x11x18-a.pdf
2025-11-18,029,PARQUE MIRADOR SUR,DISTRITO NACIONAL,AYUNTAMIENTO,EMCV,33.0,22.4,0.4,https://indomet.gob.do/wp-content/uploads/2025/11/temperaturas-extremas-y-precipitaciones-2025x11x18-a.pdf
2025-11-18,030,BOCA DE MAO (EMA),VALVERDE,MINISTERIO DE AGRICULTURA,EMAP,33.3,21.2,0.2,https://indomet.gob.do/wp-content/uploads/2025/11/temperaturas-extremas-y-precipitaciones-2025x11x18-a.pdf
2025-11-18,031,CONSTANZA,LA VEGA,MINISTERIO DE AGRICULTURA,EMCI,26.5,14.7,0.2,https://indomet.gob.do/wp-content/uploads/2025/11/temperaturas-extremas-y-precipitaciones-2025x11x18-a.pdf
2025-11-18,032,VALLE NUEVO (EMA),LA VEGA,MARENA,EMAI,19.7,5.8,0.2,https://indomet.gob.do/wp-content/uploads/2025/11/temperaturas-extremas-y-precipitaciones-2025x11x18-a.pdf
2025-11-18,033,ARPT. DE LA ROMANA,LA ROMANA,INDOMET,EMCI,32.0,20.0,0.0,https://indomet.gob.do/wp-content/uploads/2025/11/temperaturas-extremas-y-precipitaciones-2025x11x18-a.pdf
2025-11-18,034,ARPT. DE LAS AMÉRICAS,SANTO DOMINGO,INDOMET,EMCI,32.0,22.4,0.0,https://indomet.gob.do/wp-content/uploads/2025/11/temperaturas-extremas-y-precipitaciones-2025x11x18-a.pdf
2025-11-18,035,ARPT. DEL CIBAO,SANTIAGO,INDOMET,EMCI,31.8,21.5,0.0,https://indomet.gob.do/wp-content/uploads/2025/11/temperaturas-extremas-y-precipitaciones-2025x11x18-a.pdf
2025-11-18,036,ARPT. EL CATEY,SAMANÁ,INDOMET,EMCI,31.5,20.0,0.0,https://indomet.gob.do/wp-content/uploads/2025/11/temperaturas-extremas-y-precipitaciones-2025x11x18-a.pdf
2025-11-18,037,ARPT. GREGORIO LUPERÓN,PUERTO PLATA,INDOMET,EMCI,30.5,21.0,0.0,https://indomet.gob.do/wp-content/uploads/2025/11/temperaturas-extremas-y-precipitaciones-2025x11x18-a.pdf
2025-11-18,038,ARPT. LA ISABELA,SANTO DOMINGO,INDOMET,EMCI,31.8,21.5,0.0,https://indomet.gob.do/wp-content/uploads/2025/11/temperaturas-extremas-y-precipitaciones-2025x11x18-a.pdf
2025-11-18,039,ARROYO LORO,SAN JUAN,IDIAF,EMCI,31.7,18.6,0.0,https://indomet.gob.do/wp-content/uploads/2025/11/temperaturas-extremas-y-precipitaciones-2025x11x18-a.pdf
2025-11-18,040,BANI (EMA),PERAVIA,MINISTERIO DE AGRICULTURA,EMAP,31.3,25.0,0.0,https://indomet.gob.do/wp-content/uploads/2025/11/temperaturas-extremas-y-precipitaciones-2025x11x18-a.pdf
2025-11-18,041,BAYAGUANA,MONTE PLATA,INDOMET,EMCI,32.6,20.0,0.0,https://indomet.gob.do/wp-content/uploads/2025/11/temperaturas-extremas-y-precipitaciones-2025x11x18-a.pdf
2025-11-18,042,BAYAHONDO (EMA),SAN JUAN,MINISTERIO DE AGRICULTURA,EMAP,,,0.0,https://indomet.gob.do/wp-content/uploads/2025/11/temperaturas-extremas-y-precipitaciones-2025x11x18-a.pdf
2025-11-18,043,BOHECHÍO,SAN JUAN,MINISTERIO DE AGRICULTURA,EMCV,,,0.0,https://indomet.gob.do/wp-content/uploads/2025/11/temperaturas-extremas-y-precipitaciones-2025x11x18-a.pdf
2025-11-18,044,BONAO,MONSEÑOR NOUEL,MINISTERIO DE AGRICULTURA,EMCV,,,0.0,https://indomet.gob.do/wp-content/uploads/2025/11/temperaturas-extremas-y-precipitaciones-2025x11x18-a.pdf
2025-11-18,045,CENTRO DE LOS HEROES (EMA),DISTRITO NACIONAL,MINISTERIO DE ENERGIA Y MINA,EMAP,31.7,25.6,0.0,https://indomet.gob.do/wp-content/uploads/2025/11/temperaturas-extremas-y-precipitaciones-2025x11x18-a.pdf
2025-11-18,046,CONSTANZA (EMA),LA VEGA,PROGRAMA MUNDIAL DE ALIMENTO,EMAP,25.1,15.2,0.0,https://indomet.gob.do/wp-content/uploads/2025/11/temperaturas-extremas-y-precipitaciones-2025x11x18-a.pdf
2025-11-18,047,COTUÍ,SÁNCHEZ RAMÍREZ,HOSP. INMACULADA CONCEPCIÓN,EMCV,,,0.0,https://indomet.gob.do/wp-content/uploads/2025/11/temperaturas-extremas-y-precipitaciones-2025x11x18-a.pdf
2025-11-18,048,DAJABÓN,DAJABÓN,INSTITUTO POLITÉCNICO LOYOLA,EMCI,34.8,20.0,0.0,https://indomet.gob.do/wp-content/uploads/2025/11/temperaturas-extremas-y-precipitaciones-2025x11x18-a.pdf
2025-11-18,049,EL CERCADO,SAN JUAN,MINISTERIO DE AGRICULTURA,EMCV,,,0.0,https://indomet.gob.do/wp-content/uploads/2025/11/temperaturas-extremas-y-precipitaciones-2025x11x18-a.pdf
2025-11-18,050,ELÍAS PIÑA,ELÍAS PIÑA,MINISTERIO DE AGRICULTURA,EMCV,,,0.0,https://indomet.gob.do/wp-content/uploads/2025/11/temperaturas-extremas-y-precipitaciones-2025x11x18-a.pdf
2025-11-18,051,ENRIQUILLO,BARAHONA,MINISTERIO DE AGRICULTURA,EMCV,33.3,23.2,0.0,https://indomet.gob.do/wp-content/uploads/2025/11/temperaturas-extremas-y-precipitaciones-2025x11x18-a.pdf
2025-11-18,052,GASPAR HERNÁNDEZ,ESPAILLAT,PROPIEDAD DEL EMPLEADO,EMCI,,,0.0,https://indomet.gob.do/wp-content/uploads/2025/11/temperaturas-extremas-y-precipitaciones-2025x11x18-a.pdf
2025-11-18,053,GURABO,SANTIAGO,MINISTERIO DE AGRICULTURA,EMCV,,,0.0,https://indomet.gob.do/wp-content/uploads/2025/11/temperaturas-extremas-y-precipitaciones-2025x11x18-a.pdf
2025-11-18,054,JIMANÍ,INDEPENDENCIA,MINISTERIO DE AGRICULTURA,EMCI,32.5,22.0,0.0,https://indomet.gob.do/wp-content/uploads/2025/11/temperaturas-extremas-y-precipitaciones-2025x11x18-a.pdf
2025-11-18,055,JUMA BEJUCAL,MONSEÑOR NOUEL,IDIAF,EMCV,30.8,21.2,0.0,https://indomet.gob.do/wp-content/uploads/2025/11/temperaturas-extremas-y-precipitaciones-2025x11x18-a.pdf
2025-11-18,056,LA VEGA,LA VEGA,IATESA,EMCI,32.7,22.5,0.0,https://indomet.gob.do/wp-content/uploads/2025/11/temperaturas-extremas-y-precipitaciones-2025x11x18-a.pdf
2025-11-18,057,LA VICTORIA,SANTO DOMINGO,CUERPO DE BOMBEROS,EMCI,33.5,22.0,0.0,https://indomet.gob.do/wp-content/uploads/2025/11/temperaturas-extremas-y-precipitaciones-2025x11x18-a.pdf
2025-11-18,058,LAS CANAS (EMA),MONTE CRISTI,PROGRAMA MUNDIAL DE ALIMENTO,EMAP,28.0,21.6,0.0,https://indomet.gob.do/wp-content/uploads/2025/11/temperaturas-extremas-y-precipitaciones-2025x11x18-a.pdf
2025-11-18,059,LAS MATAS DE SANTA CRUZ (EMA,MONTE CRISTI,PROGRAMA MUNDIAL DE ALIMENTO,EMAP,,,0.0,https://indomet.gob.do/wp-content/uploads/2025/11/temperaturas-extremas-y-precipitaciones-2025x11x18-a.pdf
2025-11-18,060,MAO,VALVERDE,INDRHI / MINISTERIO DE AGRICULTURA,EMCV,,,0.0,https://indomet.gob.do/wp-content/uploads/2025/11/temperaturas-extremas-y-precipitaciones-2025x11x18-a.pdf
2025-11-18,061,MONTE CRISTI,MONTE CRISTI,INDOMET,EMCI,33.5,23.5,0.0,https://indomet.gob.do/wp-content/uploads/2025/11/temperaturas-extremas-y-precipitaciones-2025x11x18-a.pdf
2025-11-18,062,NAVARRETE,SANTIAGO,MINISTERIO DE AGRICULTURA,EMCV,,,0.0,https://indomet.gob.do/wp-content/uploads/2025/11/temperaturas-extremas-y-precipitaciones-2025x11x18-a.pdf
2025-11-18,063,OLIVARES,PEDERNALES,INDRHI,EMCI,,,0.0,https://indomet.gob.do/wp-content/uploads/2025/11/temperaturas-extremas-y-precipitaciones-2025x11x18-a.pdf
2025-11-18,064,OVIEDO,PEDERNALES,CLÍNICA RURAL OVIEDO,EMCI,32.0,20.0,0.0,https://indomet.gob.do/wp-content/uploads/2025/11/temperaturas-extremas-y-precipitaciones-2025x11x18-a.pdf
2025-11-18,065,PADRE LAS CASAS,AZUA,HOSP. NTRA. SRA. DEL CARMEN,EMCI,31.5,17.8,0.0,https://indomet.gob.do/wp-content/uploads/2025/11/temperaturas-extremas-y-precipitaciones-2025x11x18-a.pdf
2025-11-18,066,PALO ÍNDIO,PUERTO PLATA,MINISTERIO DE AGRICULTURA,EMCI,,,0.0,https://indomet.gob.do/wp-content/uploads/2025/11/temperaturas-extremas-y-precipitaciones-2025x11x18-a.pdf
2025-11-18,067,PASO AL MEDIO,SAN PEDRO DE MACORÍS,INDRHI,EMCI,,,0.0,https://indomet.gob.do/wp-content/uploads/2025/11/temperaturas-extremas-y-precipitaciones-2025x11x18-a.pdf
2025-11-18,068,PEDERNALES,PEDERNALES,INDRHI,EMCI,,,0.0,https://indomet.gob.do/wp-content/uploads/2025/11/temperaturas-extremas-y-precipitaciones-2025x11x18-a.pdf
2025-11-18,069,PERALTA,AZUA,HOSP. MPAL. DE PERALTA,EMCI,30.6,17.1,0.0,https://indomet.gob.do/wp-content/uploads/2025/11/temperaturas-extremas-y-precipitaciones-2025x11x18-a.pdf
2025-11-18,070,PESCADERIA (EMA),BARAHONA,MINISTERIO DE AGRICULTURA,EMAP,,,0.0,https://indomet.gob.do/wp-content/uploads/2025/11/temperaturas-extremas-y-precipitaciones-2025x11x18-a.pdf
2025-11-18,071,POLO,BARAHONA,INDOCAFE,EMCI,29.2,16.4,0.0,https://indomet.gob.do/wp-content/uploads/2025/11/temperaturas-extremas-y-precipitaciones-2025x11x18-a.pdf
2025-11-18,072,PONTÓN ABAJO (EMA),LA VEGA,MINISTERIO DE AGRICULTURA,EMAP,32.7,23.1,0.0,https://indomet.gob.do/wp-content/uploads/2025/11/temperaturas-extremas-y-precipitaciones-2025x11x18-a.pdf
2025-11-18,073,RESTAURACIÓN,DAJABÓN,MINISTERIO DE AGRICULTURA,EMCI,28.3,16.5,0.0,https://indomet.gob.do/wp-content/uploads/2025/11/temperaturas-extremas-y-precipitaciones-2025x11x18-a.pdf
2025-11-18,074,SABANA DE LA MAR,HATO MAYOR,INDOMET,EMCI,31.5,22.0,0.0,https://indomet.gob.do/wp-content/uploads/2025/11/temperaturas-extremas-y-precipitaciones-2025x11x18-a.pdf
2025-11-18,075,SALCEDO,HERMANAS MIRABAL,PROPIEDAD DEL EMPLEADO,EMCI,,,0.0,https://indomet.gob.do/wp-content/uploads/2025/11/temperaturas-extremas-y-precipitaciones-2025x11x18-a.pdf
2025-11-18,076,SAN CRISTÓBAL,SAN CRISTÓBAL,INSTITUTO POLITÉCNICO LOYOLA,EMCI,32.2,20.0,0.0,https://indomet.gob.do/wp-content/uploads/2025/11/temperaturas-extremas-y-precipitaciones-2025x11x18-a.pdf
2025-11-18,077,SAN FRANCISCO DE MACORÍS,DUARTE,San Francisco de Macorís (UASD),EMCI,31.4,22.5,0.0,https://indomet.gob.do/wp-content/uploads/2025/11/temperaturas-extremas-y-precipitaciones-2025x11x18-a.pdf
2025-11-18,078,SAN JOSÉ DE OCOA,SAN JOSÉ DE OCOA,HOSP. SAN JOSÉ DE OCOA,EMCI,30.6,20.3,0.0,https://indomet.gob.do/wp-content/uploads/2025/11/temperaturas-extremas-y-precipitaciones-2025x11x18-a.pdf
2025-11-18,079,SAJOMA (EMA),SANTIAGO,PLAN SIERRA,EMAI,,,0.0,https://indomet.gob.do/wp-content/uploads/2025/11/temperaturas-extremas-y-precipitaciones-2025x11x18-a.pdf
2025-11-18,080,VILLA VASQUEZ (EMA),MONTE CRISTI,JUNTA DE REGANTES,EMAI,,,0.0,https://indomet.gob.do/wp-content/uploads/2025/11/temperaturas-extremas-y-precipitaciones-2025x11x18-a.pdf
2025-11-18,081,SANTO DOMINGO ESTE,SANTO DOMINGO,INDOMET,EMCI,33.0,24.0,0.0,https://indomet.gob.do/wp-content/uploads/2025/11/temperaturas-extremas-y-precipitaciones-2025x11x18-a.pdf
2025-11-18,082,TÁBARA ABAJO,AZUA,INDRHI,EMCI,34.9,24.3,0.0,https://indomet.gob.do/wp-content/uploads/2025/11/temperaturas-extremas-y-precipitaciones-2025x11x18-a.pdf
2025-11-18,083,TAVERA,SANTIAGO,INDRHI,EMCI,,,0.0,https://indomet.gob.do/wp-content/uploads/2025/11/temperaturas-extremas-y-precipitaciones-2025x11x18-a.pdf
2025-11-18,084,VILLA ALTAGRACIA,SAN CRISTÓBAL,ESCUELA JAVIER ANGULO GURIDI,EMCI,,,0.0,https://indomet.gob.do/wp-content/uploads/2025/11/temperaturas-extremas-y-precipitaciones-2025x11x18-a.pdf
2025-11-18,085,VILLA GONZALES,SANTIAGO,MINISTERIO DE AGRICULTURA,EMCI,,,0.0,https://indomet.gob.do/wp-content/uploads/2025/11/temperaturas-extremas-y-precipitaciones-2025x11x18-a.pdf
2025-11-18,086,VILLA ISABELA,PUERTO PLATA,MINISTERIO DE AGRICULTURA,EMCV,,,0.0,https://indomet.gob.do/wp-content/uploads/2025/11/temperaturas-extremas-y-precipitaciones-2025x11x18-a.pdf
2025-11-18,087,VILLA RIVA,DUARTE,HOSP. MPAL. ALICIA DE LEGENDRE,EMCI,31.0,21.7,0.0,https://indomet.gob.do/wp-content/uploads/2025/11/temperaturas-extremas-y-precipitaciones-2025x11x18-a.pdf
2025-11-19,001,ARPT. EL CATEY,SAMANÁ,INDOMET,EMCI,30.5,19.5,68.2,https://indomet.gob.do/wp-content/uploads/2025/11/temperaturas-extremas-y-precipitaciones-2025x11x19-a.pdf
2025-11-19,002,SAMANÁ,SAMANÁ,COMANDANCIA DE PUERTO DE SAMANÁ,EMCI,30.5,18.8,36.6,https://indomet.gob.do/wp-content/uploads/2025/11/temperaturas-extremas-y-precipitaciones-2025x11x19-a.pdf
2025-11-19,003,MICHES (EMA),EL SEIBO,PRIVADA,EMAP,28.7,21.6,33.0,https://indomet.gob.do/wp-content/uploads/2025/11/temperaturas-extremas-y-precipitaciones-2025x11x19-a.pdf
2025-11-19,004,ARROYO LORO,SAN JUAN,IDIAF,EMCI,32.7,18.5,22.8,https://indomet.gob.do/wp-content/uploads/2025/11/temperaturas-extremas-y-precipitaciones-2025x11x19-a.pdf
2025-11-19,005,ARPT. ARROYO BARRIL,SAMANÁ,INDOMET,EMCI,30.5,23.7,22.0,https://indomet.gob.do/wp-content/uploads/2025/11/temperaturas-extremas-y-precipitaciones-2025x11x19-a.pdf
2025-11-19,006,VILLA RIVA,DUARTE,HOSP. MPAL. ALICIA DE LEGENDRE,EMCI,28.0,20.5,19.0,https://indomet.gob.do/wp-content/uploads/2025/11/temperaturas-extremas-y-precipitaciones-2025x11x19-a.pdf
2025-11-19,007,SANTO DOMINGO ESTE,SANTO DOMINGO,INDOMET,EMCI,32.2,24.7,17.8,https://indomet.gob.do/wp-content/uploads/2025/11/temperaturas-extremas-y-precipitaciones-2025x11x19-a.pdf
2025-11-19,008,ARPT. DE LA ROMANA,LA ROMANA,INDOMET,EMCI,31.5,21.7,15.0,https://indomet.gob.do/wp-content/uploads/2025/11/temperaturas-extremas-y-precipitaciones-2025x11x19-a.pdf
2025-11-19,009,RANCHO ARRIBA,SAN JOSÉ DE OCOA,CENTRO TECNOLÓGICO COMUNITARIO,EMCI,28.0,16.1,13.5,https://indomet.gob.do/wp-content/uploads/2025/11/temperaturas-extremas-y-precipitaciones-2025x11x19-a.pdf
2025-11-19,010,RESTAURACIÓN,DAJABÓN,MINISTERIO DE AGRICULTURA,EMCI,28.0,16.1,13.5,https://indomet.gob.do/wp-content/uploads/2025/11/temperaturas-extremas-y-precipitaciones-2025x11x19-a.pdf
2025-11-19,011,SAN RAFAEL DEL YUMA,LA ALTAGRACIA,MINISTERIO DE AGRICULTURA,EMCI,31.9,22.4,13.5,https://indomet.gob.do/wp-content/uploads/2025/11/temperaturas-extremas-y-precipitaciones-2025x11x19-a.pdf
2025-11-19,012,SABANA DE LA MAR,HATO MAYOR,INDOMET,EMCI,32.0,22.5,10.7,https://indomet.gob.do/wp-content/uploads/2025/11/temperaturas-extremas-y-precipitaciones-2025x11x19-a.pdf
2025-11-19,013,ARPT. DE LAS AMÉRICAS,SANTO DOMINGO,INDOMET,EMCI,31.0,22.6,10.4,https://indomet.gob.do/wp-content/uploads/2025/11/temperaturas-extremas-y-precipitaciones-2025x11x19-a.pdf
2025-11-19,014,CENTRO DE LOS HEROES (EMA),DISTRITO NACIONAL,MINISTERIO DE ENERGIA Y MINA,EMAP,32.3,25.3,9.0,https://indomet.gob.do/wp-content/uploads/2025/11/temperaturas-extremas-y-precipitaciones-2025x11x19-a.pdf
2025-11-19,015,JARDÍN BOTÁNICO NACIONAL,DISTRITO NACIONAL,JARDÍN BOTÁNICO NACIONAL,EMCV,31.1,21.3,9.0,https://indomet.gob.do/wp-content/uploads/2025/11/temperaturas-extremas-y-precipitaciones-2025x11x19-a.pdf
2025-11-19,016,BONAO,MONSEÑOR NOUEL,MINISTERIO DE AGRICULTURA,EMCV,,,8.6,https://indomet.gob.do/wp-content/uploads/2025/11/temperaturas-extremas-y-precipitaciones-2025x11x19-a.pdf
2025-11-19,017,ELÍAS PIÑA,ELÍAS PIÑA,MINISTERIO DE AGRICULTURA,EMCV,,,8.1,https://indomet.gob.do/wp-content/uploads/2025/11/temperaturas-extremas-y-precipitaciones-2025x11x19-a.pdf
2025-11-19,018,CABRERA,MARÍA TRINIDAD SÁNCHEZ,ESCUELA ARÍSTIDES FIALLO CABRAL,EMCI,31.2,24.3,7.5,https://indomet.gob.do/wp-content/uploads/2025/11/temperaturas-extremas-y-precipitaciones-2025x11x19-a.pdf
2025-11-19,019,BASE AÉREA DE SAN ISIDRO,SANTO DOMINGO,FUERZA AÉREA DOMINICANA,EMCV,32.5,22.6,7.1,https://indomet.gob.do/wp-content/uploads/2025/11/temperaturas-extremas-y-precipitaciones-2025x11x19-a.pdf
2025-11-19,020,SALCEDO,HERMANAS MIRABAL,PROPIEDAD DEL EMPLEADO,EMCI,,,6.8,https://indomet.gob.do/wp-content/uploads/2025/11/temperaturas-extremas-y-precipitaciones-2025x11x19-a.pdf
2025-11-19,021,SAN FRANCISCO DE MACORÍS,DUARTE,San Francisco de Macorís (UASD),EMCI,29.7,21.2,6.0,https://indomet.gob.do/wp-content/uploads/2025/11/temperaturas-extremas-y-precipitaciones-2025x11x19-a.pdf
2025-11-19,022,SÁNCHEZ,SAMANÁ,MINISTERIO DE AGRICULTURA,EMCI,29.5,22.2,4.4,https://indomet.gob.do/wp-content/uploads/2025/11/temperaturas-extremas-y-precipitaciones-2025x11x19-a.pdf
2025-11-19,023,HATO MAYOR,HATO MAYOR,MINISTERIO DE AGRICULTURA,EMCV,,,4.3,https://indomet.gob.do/wp-content/uploads/2025/11/temperaturas-extremas-y-precipitaciones-2025x11x19-a.pdf
2025-11-19,024,BAYAGUANA,MONTE PLATA,INDOMET,EMCI,32.2,21.2,3.7,https://indomet.gob.do/wp-content/uploads/2025/11/temperaturas-extremas-y-precipitaciones-2025x11x19-a.pdf
2025-11-19,025,LOS JENGIBRES,NAGUA,INDRHI,EMCI,,,3.5,https://indomet.gob.do/wp-content/uploads/2025/11/temperaturas-extremas-y-precipitaciones-2025x11x19-a.pdf
2025-11-19,026,PERALTA,AZUA,HOSP. MPAL. DE PERALTA,EMCI,30.0,17.5,2.8,https://indomet.gob.do/wp-content/uploads/2025/11/temperaturas-extremas-y-precipitaciones-2025x11x19-a.pdf
2025-11-19,027,ARPT. LA ISABELA,SANTO DOMINGO,INDOMET,EMCI,32.0,20.2,2.3,https://indomet.gob.do/wp-content/uploads/2025/11/temperaturas-extremas-y-precipitaciones-2025x11x19-a.pdf
2025-11-19,028,LA VICTORIA,SANTO DOMINGO,CUERPO DE BOMBEROS,EMCI,31.0,22.0,2.0,https://indomet.gob.do/wp-content/uploads/2025/11/temperaturas-extremas-y-precipitaciones-2025x11x19-a.pdf
2025-11-19,029,PARQUE MIRADOR SUR,DISTRITO NACIONAL,AYUNTAMIENTO,EMCV,33.0,22.0,2.0,https://indomet.gob.do/wp-content/uploads/2025/11/temperaturas-extremas-y-precipitaciones-2025x11x19-a.pdf
2025-11-19,030,POLO,BARAHONA,INDOCAFE,EMCI,28.5,16.0,1.7,https://indomet.gob.do/wp-content/uploads/2025/11/temperaturas-extremas-y-precipitaciones-2025x11x19-a.pdf
2025-11-19,031,PALO ÍNDIO,PUERTO PLATA,MINISTERIO DE AGRICULTURA,EMCI,,,1.5,https://indomet.gob.do/wp-content/uploads/2025/11/temperaturas-extremas-y-precipitaciones-2025x11x19-a.pdf
2025-11-19,032,ARPT. DE PUNTA CANA,LA ALTAGRACIA,INDOMET,EMCI,30.0,21.0,1.2,https://indomet.gob.do/wp-content/uploads/2025/11/temperaturas-extremas-y-precipitaciones-2025x11x19-a.pdf
2025-11-19,033,ANAMUYA (EMA),LA ALTAGRACIA,MINISTERIO DE AGRICULTURA,EMAP,30.1,23.1,0.8,https://indomet.gob.do/wp-content/uploads/2025/11/temperaturas-extremas-y-precipitaciones-2025x11x19-a.pdf
2025-11-19,034,EL FACTOR (EMA),MARÍA TRINIDAD SÁNCHEZ,INTEC,EMAP,30.3,22.6,0.8,https://indomet.gob.do/wp-content/uploads/2025/11/temperaturas-extremas-y-precipitaciones-2025x11x19-a.pdf
2025-11-19,035,RÍO SAN JUAN,MARÍA TRINIDAD SÁNCHEZ,HOSP. MPAL. DR. DESIDERIO ACOSTA,EMCV,32.3,22.8,0.8,https://indomet.gob.do/wp-content/uploads/2025/11/temperaturas-extremas-y-precipitaciones-2025x11x19-a.pdf
2025-11-19,036,DAJABÓN,DAJABÓN,INSTITUTO POLITÉCNICO LOYOLA,EMCI,34.2,21.8,0.7,https://indomet.gob.do/wp-content/uploads/2025/11/temperaturas-extremas-y-precipitaciones-2025x11x19-a.pdf
2025-11-19,037,JARABACOA,LA VEGA,INDRHI / MARENA,EMCI,30.0,16.6,0.6,https://indomet.gob.do/wp-content/uploads/2025/11/temperaturas-extremas-y-precipitaciones-2025x11x19-a.pdf
2025-11-19,038,SAN CRISTÓBAL,SAN CRISTÓBAL,INSTITUTO POLITÉCNICO LOYOLA,EMCI,27.8,17.2,0.6,https://indomet.gob.do/wp-content/uploads/2025/11/temperaturas-extremas-y-precipitaciones-2025x11x19-a.pdf
2025-11-19,039,TAMBORIL,SANTIAGO,MINISTERIO DE AGRICULTURA,EMCV,,,0.5,https://indomet.gob.do/wp-content/uploads/2025/11/temperaturas-extremas-y-precipitaciones-2025x11x19-a.pdf
2025-11-19,040,ALTAMIRA,PUERTO PLATA,HOSP. MPAL. DE ALTAMIRA,EMCI,29.5,19.1,0.4,https://indomet.gob.do/wp-content/uploads/2025/11/temperaturas-extremas-y-precipitaciones-2025x11x19-a.pdf
2025-11-19,041,VALLE NUEVO (EMA),LA VEGA,MARENA,EMAI,19.3,5.8,0.4,https://indomet.gob.do/wp-content/uploads/2025/11/temperaturas-extremas-y-precipitaciones-2025x11x19-a.pdf
2025-11-19,042,ALTO BANDERA (EMA),LA VEGA,INTEC,EMAP,19.3,5.8,0.3,https://indomet.gob.do/wp-content/uploads/2025/11/temperaturas-extremas-y-precipitaciones-2025x11x19-a.pdf
2025-11-19,043,JUMA BEJUCAL,MONSEÑOR NOUEL,IDIAF,EMCV,32.4,21.6,0.3,https://indomet.gob.do/wp-content/uploads/2025/11/temperaturas-extremas-y-precipitaciones-2025x11x19-a.pdf
2025-11-19,044,PADRE LAS CASAS,AZUA,HOSP. NTRA. SRA. DEL CARMEN,EMCI,32.5,18.0,0.3,https://indomet.gob.do/wp-content/uploads/2025/11/temperaturas-extremas-y-precipitaciones-2025x11x19-a.pdf
2025-11-19,045,ENRIQUILLO,BARAHONA,MINISTERIO DE AGRICULTURA,EMCV,33.4,23.0,0.2,https://indomet.gob.do/wp-content/uploads/2025/11/temperaturas-extremas-y-precipitaciones-2025x11x19-a.pdf
2025-11-19,046,VILLA GONZALE (EMA),SANTIAGO,IGLESIA,EMAI,,,0.2,https://indomet.gob.do/wp-content/uploads/2025/11/temperaturas-extremas-y-precipitaciones-2025x11x19-a.pdf
2025-11-19,047,HONDO VALLE,ELÍAS PIÑA,MINISTERIO DE AGRICULTURA,EMCI,26.3,16.2,0.1,https://indomet.gob.do/wp-content/uploads/2025/11/temperaturas-extremas-y-precipitaciones-2025x11x19-a.pdf
2025-11-19,048,SAN JOSÉ DE OCOA,SAN JOSÉ DE OCOA,HOSP. SAN JOSÉ DE OCOA,EMCI,31.0,20.6,0.1,https://indomet.gob.do/wp-content/uploads/2025/11/temperaturas-extremas-y-precipitaciones-2025x11x19-a.pdf
2025-11-19,049,ARPT. DEL CIBAO,SANTIAGO,INDOMET,EMCI,32.0,21.0,0.0,https://indomet.gob.do/wp-content/uploads/2025/11/temperaturas-extremas-y-precipitaciones-2025x11x19-a.pdf
2025-11-19,050,ARPT. GREGORIO LUPERÓN,PUERTO PLATA,INDOMET,EMCI,31.0,20.5,0.0,https://indomet.gob.do/wp-content/uploads/2025/11/temperaturas-extremas-y-precipitaciones-2025x11x19-a.pdf
2025-11-19,051,ARPT. MARÍA MONTEZ,BARAHONA,INDOMET,EMCI,32.5,21.4,0.0,https://indomet.gob.do/wp-content/uploads/2025/11/temperaturas-extremas-y-precipitaciones-2025x11x19-a.pdf
2025-11-19,052,BANI (EMA),PERAVIA,MINISTERIO DE AGRICULTURA,EMAP,31.7,25.0,0.0,https://indomet.gob.do/wp-content/uploads/2025/11/temperaturas-extremas-y-precipitaciones-2025x11x19-a.pdf
2025-11-19,053,BOCA DE MAO (EMA),VALVERDE,MINISTERIO DE AGRICULTURA,EMAP,34.2,21.1,0.0,https://indomet.gob.do/wp-content/uploads/2025/11/temperaturas-extremas-y-precipitaciones-2025x11x19-a.pdf
2025-11-19,054,BUCARA (EMA),SANTIAGO,MINISTERIO DE AGRICULTURA,EMAI,,,0.0,https://indomet.gob.do/wp-content/uploads/2025/11/temperaturas-extremas-y-precipitaciones-2025x11x19-a.pdf
2025-11-19,055,CONSTANZA,LA VEGA,MINISTERIO DE AGRICULTURA,EMCI,25.2,11.7,0.0,https://indomet.gob.do/wp-content/uploads/2025/11/temperaturas-extremas-y-precipitaciones-2025x11x19-a.pdf
2025-11-19,056,CONSTANZA (EMA),LA VEGA,PROGRAMA MUNDIAL DE ALIMENTO,EMAP,24.6,13.3,0.0,https://indomet.gob.do/wp-content/uploads/2025/11/temperaturas-extremas-y-precipitaciones-2025x11x19-a.pdf
2025-11-19,057,ESCONDIDO,PERAVIA,MINISTERIO DE AGRICULTURA,EMCV,32.0,25.0,0.0,https://indomet.gob.do/wp-content/uploads/2025/11/temperaturas-extremas-y-precipitaciones-2025x11x19-a.pdf
2025-11-19,058,GASPAR HERNÁNDEZ,ESPAILLAT,PROPIEDAD DEL EMPLEADO,EMCI,,,0.0,https://indomet.gob.do/wp-content/uploads/2025/11/temperaturas-extremas-y-precipitaciones-2025x11x19-a.pdf
2025-11-19,059,GURABO,SANTIAGO,MINISTERIO DE AGRICULTURA,EMCV,,,0.0,https://indomet.gob.do/wp-content/uploads/2025/11/temperaturas-extremas-y-precipitaciones-2025x11x19-a.pdf
2025-11-19,060,JARDÍN BOTÁNICO SANTIAGO (EMSANTIAGO,,JARDIN BOTANICO SANTIAGO,EMAI,,,0.0,https://indomet.gob.do/wp-content/uploads/2025/11/temperaturas-extremas-y-precipitaciones-2025x11x19-a.pdf
2025-11-19,061,JIMA ABAJO,LA VEGA,INDOMET,EMCI,31.5,,0.0,https://indomet.gob.do/wp-content/uploads/2025/11/temperaturas-extremas-y-precipitaciones-2025x11x19-a.pdf
2025-11-19,062,LAS CANAS (EMA),MONTE CRISTI,PROGRAMA MUNDIAL DE ALIMENTO,EMAP,28.6,21.3,0.0,https://indomet.gob.do/wp-content/uploads/2025/11/temperaturas-extremas-y-precipitaciones-2025x11x19-a.pdf
2025-11-19,063,LAS MATAS DE SANTA CRUZ (EMA,MONTE CRISTI,PROGRAMA MUNDIAL DE ALIMENTO,EMAP,,,0.0,https://indomet.gob.do/wp-content/uploads/2025/11/temperaturas-extremas-y-precipitaciones-2025x11x19-a.pdf
2025-11-19,064,LOS LLANOS,SAN PEDRO DE MACORÍS,MINISTERIO DE AGRICULTURA,EMCI,31.4,21.5,0.0,https://indomet.gob.do/wp-content/uploads/2025/11/temperaturas-extremas-y-precipitaciones-2025x11x19-a.pdf
2025-11-19,065,MAO,VALVERDE,INDRHI / MINISTERIO DE AGRICULTURA,EMCV,,,0.0,https://indomet.gob.do/wp-content/uploads/2025/11/temperaturas-extremas-y-precipitaciones-2025x11x19-a.pdf
2025-11-19,066,MONCIÓN (EMA),SANTIAGO RODRÍGUEZ,PROGRAMA MUNDIAL DE ALIMENTO,EMAP,30.1,23.1,0.0,https://indomet.gob.do/wp-content/uploads/2025/11/temperaturas-extremas-y-precipitaciones-2025x11x19-a.pdf
2025-11-19,067,MONTE CRISTI,MONTE CRISTI,INDOMET,EMCI,32.2,22.5,0.0,https://indomet.gob.do/wp-content/uploads/2025/11/temperaturas-extremas-y-precipitaciones-2025x11x19-a.pdf
2025-11-19,068,NAVARRETE,SANTIAGO,MINISTERIO DE AGRICULTURA,EMCV,,,0.0,https://indomet.gob.do/wp-content/uploads/2025/11/temperaturas-extremas-y-precipitaciones-2025x11x19-a.pdf
2025-11-19,069,OLIVARES,PEDERNALES,INDRHI,EMCI,,,0.0,https://indomet.gob.do/wp-content/uploads/2025/11/temperaturas-extremas-y-precipitaciones-2025x11x19-a.pdf
2025-11-19,070,OVIEDO,PEDERNALES,CLÍNICA RURAL OVIEDO,EMCI,32.2,21.0,0.0,https://indomet.gob.do/wp-content/uploads/2025/11/temperaturas-extremas-y-precipitaciones-2025x11x19-a.pdf
2025-11-19,071,PASO AL MEDIO,SAN PEDRO DE MACORÍS,INDRHI,EMCI,,,0.0,https://indomet.gob.do/wp-content/uploads/2025/11/temperaturas-extremas-y-precipitaciones-2025x11x19-a.pdf
2025-11-19,072,PEDERNALES,PEDERNALES,INDRHI,EMCI,,,0.0,https://indomet.gob.do/wp-content/uploads/2025/11/temperaturas-extremas-y-precipitaciones-2025x11x19-a.pdf
2025-11-19,073,PESCADERIA (EMA),BARAHONA,MINISTERIO DE AGRICULTURA,EMAP,,,0.0,https://indomet.gob.do/wp-content/uploads/2025/11/temperaturas-extremas-y-precipitaciones-2025x11x19-a.pdf
2025-11-19,074,PONTÓN ABAJO (EMA),LA VEGA,MINISTERIO DE AGRICULTURA,EMAP,33.3,21.8,0.0,https://indomet.gob.do/wp-content/uploads/2025/11/temperaturas-extremas-y-precipitaciones-2025x11x19-a.pdf
2025-11-19,075,PRESA DE TAVERAS (EMA),LA VEGA,PROGRAMA MUNDIAL DE ALIMENTO,EMAP,29.1,20.9,0.0,https://indomet.gob.do/wp-content/uploads/2025/11/temperaturas-extremas-y-precipitaciones-2025x11x19-a.pdf
2025-11-19,076,SABANA GRANDE DE BOYÁ,MONTE PLATA,MINISTERIO DE AGRICULTURA,EMCV,,,0.0,https://indomet.gob.do/wp-content/uploads/2025/11/temperaturas-extremas-y-precipitaciones-2025x11x19-a.pdf
2025-11-19,077,SABANETA (EMA),SANTIAGO RODRÍGUEZ,PROGRAMA MUNDIAL DE ALIMENTO,EMAP,33.8,20.3,0.0,https://indomet.gob.do/wp-content/uploads/2025/11/temperaturas-extremas-y-precipitaciones-2025x11x19-a.pdf
2025-11-19,078,SAJOMA (EMA),SANTIAGO,PLAN SIERRA,EMAI,,,0.0,https://indomet.gob.do/wp-content/uploads/2025/11/temperaturas-extremas-y-precipitaciones-2025x11x19-a.pdf
2025-11-19,079,SANTIAGO,SANTIAGO,HUACALITO,EMCI,,,0.0,https://indomet.gob.do/wp-content/uploads/2025/11/temperaturas-extremas-y-precipitaciones-2025x11x19-a.pdf
2025-11-19,080,SANTIAGO RODRÍGUEZ,SANTIAGO RODRÍGUEZ,INDOMET,EMCI,34.0,20.5,0.0,https://indomet.gob.do/wp-content/uploads/2025/11/temperaturas-extremas-y-precipitaciones-2025x11x19-a.pdf
2025-11-19,081,TÁBARA ABAJO,AZUA,INDRHI,EMCI,33.9,20.0,0.0,https://indomet.gob.do/wp-content/uploads/2025/11/temperaturas-extremas-y-precipitaciones-2025x11x19-a.pdf
2025-11-19,082,TAVERA,SANTIAGO,INDRHI,EMCI,,,0.0,https://indomet.gob.do/wp-content/uploads/2025/11/temperaturas-extremas-y-precipitaciones-2025x11x19-a.pdf
2025-11-19,083,VILLA ISABELA,PUERTO PLATA,MINISTERIO DE AGRICULTURA,EMCV,,,0.0,https://indomet.gob.do/wp-content/uploads/2025/11/temperaturas-extremas-y-precipitaciones-2025x11x19-a.pdf
2025-11-19,084,VILLA VASQUEZ (EMA),MONTE CRISTI,JUNTA DE REGANTES,EMAI,,,0.0,https://indomet.gob.do/wp-content/uploads/2025/11/temperaturas-extremas-y-precipitaciones-2025x11x19-a.pdf
2025-11-20,001,PERALTA,AZUA,HOSP. MPAL. DE PERALTA,EMCI,31.0,16.5,25.2,https://indomet.gob.do/wp-content/uploads/2025/11/temperaturas-extremas-y-precipitaciones-2025x11x20-a.pdf
2025-11-20,002,SABANA GRANDE DE BOYÁ,MONTE PLATA,MINISTERIO DE AGRICULTURA,EMCV,,,21.8,https://indomet.gob.do/wp-content/uploads/2025/11/temperaturas-extremas-y-precipitaciones-2025x11x20-a.pdf
2025-11-20,003,SABANA DE LA MAR,HATO MAYOR,INDOMET,EMCI,31.0,21.5,12.9,https://indomet.gob.do/wp-content/uploads/2025/11/temperaturas-extremas-y-precipitaciones-2025x11x20-a.pdf
2025-11-20,004,DAJABÓN,DAJABÓN,INSTITUTO POLITÉCNICO LOYOLA,EMCI,33.5,20.0,9.9,https://indomet.gob.do/wp-content/uploads/2025/11/temperaturas-extremas-y-precipitaciones-2025x11x20-a.pdf
2025-11-20,005,VILLA RIVA,DUARTE,HOSP. MPAL. ALICIA DE LEGENDRE,EMCI,30.0,20.6,9.3,https://indomet.gob.do/wp-content/uploads/2025/11/temperaturas-extremas-y-precipitaciones-2025x11x20-a.pdf
2025-11-20,006,ARPT. DE PUNTA CANA,LA ALTAGRACIA,INDOMET,EMCI,30.5,23.0,7.0,https://indomet.gob.do/wp-content/uploads/2025/11/temperaturas-extremas-y-precipitaciones-2025x11x20-a.pdf
2025-11-20,007,LOS PRADOS,DISTRITO NACIONAL,PRIVADA,EMAP,,,6.9,https://indomet.gob.do/wp-content/uploads/2025/11/temperaturas-extremas-y-precipitaciones-2025x11x20-a.pdf
2025-11-20,008,ENSANCHE PARAÍSO,DISTRITO NACIONAL,PRIVADA,EMAP,,,6.2,https://indomet.gob.do/wp-content/uploads/2025/11/temperaturas-extremas-y-precipitaciones-2025x11x20-a.pdf
2025-11-20,009,VALLE NUEVO (EMA),LA VEGA,MARENA,EMAI,19.2,5.2,5.6,https://indomet.gob.do/wp-content/uploads/2025/11/temperaturas-extremas-y-precipitaciones-2025x11x20-a.pdf
2025-11-20,010,SAN FRANCISCO DE MACORÍS,DUARTE,San Francisco de Macorís (UASD),EMCI,29.4,21.3,5.0,https://indomet.gob.do/wp-content/uploads/2025/11/temperaturas-extremas-y-precipitaciones-2025x11x20-a.pdf
2025-11-20,011,BELLA VISTA,DISTRITO NACIONAL,PRIVADA,EMAP,,,3.6,https://indomet.gob.do/wp-content/uploads/2025/11/temperaturas-extremas-y-precipitaciones-2025x11x20-a.pdf
2025-11-20,012,ARPT. EL CATEY,SAMANÁ,INDOMET,EMCI,29.5,22.0,3.2,https://indomet.gob.do/wp-content/uploads/2025/11/temperaturas-extremas-y-precipitaciones-2025x11x20-a.pdf
2025-11-20,013,SAMANÁ,SAMANÁ,COMANDANCIA DE PUERTO DE SAMANÁ,EMCI,31.2,19.0,3.2,https://indomet.gob.do/wp-content/uploads/2025/11/temperaturas-extremas-y-precipitaciones-2025x11x20-a.pdf
2025-11-20,014,PROLONGACION 27 DE FEBRERO,DISTRITO NACIONAL,PRIVADA,EMAP,,,3.0,https://indomet.gob.do/wp-content/uploads/2025/11/temperaturas-extremas-y-precipitaciones-2025x11x20-a.pdf
2025-11-20,015,ALTAMIRA,PUERTO PLATA,HOSP. MPAL. DE ALTAMIRA,EMCI,30.1,19.0,2.8,https://indomet.gob.do/wp-content/uploads/2025/11/temperaturas-extremas-y-precipitaciones-2025x11x20-a.pdf
2025-11-20,016,SÁNCHEZ,SAMANÁ,MINISTERIO DE AGRICULTURA,EMCI,30.1,21.6,2.0,https://indomet.gob.do/wp-content/uploads/2025/11/temperaturas-extremas-y-precipitaciones-2025x11x20-a.pdf
2025-11-20,017,LOS CACICAZGOS,DISTRITO NACIONAL,PRIVADA,EMAP,,,1.6,https://indomet.gob.do/wp-content/uploads/2025/11/temperaturas-extremas-y-precipitaciones-2025x11x20-a.pdf
2025-11-20,018,LOS JARDINES,DISTRITO NACIONAL,PRIVADA,EMAP,,,1.4,https://indomet.gob.do/wp-content/uploads/2025/11/temperaturas-extremas-y-precipitaciones-2025x11x20-a.pdf
2025-11-20,019,MICHES (EMA),EL SEIBO,PRIVADA,EMAP,31.3,25.4,1.2,https://indomet.gob.do/wp-content/uploads/2025/11/temperaturas-extremas-y-precipitaciones-2025x11x20-a.pdf
2025-11-20,020,VILLA GONZALE (EMA),SANTIAGO,IGLESIA,EMAI,,,0.8,https://indomet.gob.do/wp-content/uploads/2025/11/temperaturas-extremas-y-precipitaciones-2025x11x20-a.pdf
2025-11-20,021,HATO MAYOR,HATO MAYOR,MINISTERIO DE AGRICULTURA,EMCV,,,0.8,https://indomet.gob.do/wp-content/uploads/2025/11/temperaturas-extremas-y-precipitaciones-2025x11x20-a.pdf
2025-11-20,022,ALTO BANDERA (EMA),LA VEGA,INTEC,EMAP,16.7,6.9,0.5,https://indomet.gob.do/wp-content/uploads/2025/11/temperaturas-extremas-y-precipitaciones-2025x11x20-a.pdf
2025-11-20,023,EL FACTOR (EMA),MARÍA TRINIDAD SÁNCHEZ,INTEC,EMAP,31.1,22.1,0.5,https://indomet.gob.do/wp-content/uploads/2025/11/temperaturas-extremas-y-precipitaciones-2025x11x20-a.pdf
2025-11-20,024,RÍO SAN JUAN,MARÍA TRINIDAD SÁNCHEZ,HOSP. MPAL. DR. DESIDERIO ACOSTA,EMCV,32.6,22.5,0.5,https://indomet.gob.do/wp-content/uploads/2025/11/temperaturas-extremas-y-precipitaciones-2025x11x20-a.pdf
2025-11-20,025,PADRE LAS CASAS,AZUA,HOSP. NTRA. SRA. DEL CARMEN,EMCI,31.4,17.5,0.2,https://indomet.gob.do/wp-content/uploads/2025/11/temperaturas-extremas-y-precipitaciones-2025x11x20-a.pdf
2025-11-20,026,SAN RAFAEL DEL YUMA,LA ALTAGRACIA,MINISTERIO DE AGRICULTURA,EMCI,31.7,21.9,0.2,https://indomet.gob.do/wp-content/uploads/2025/11/temperaturas-extremas-y-precipitaciones-2025x11x20-a.pdf
2025-11-20,027,HONDO VALLE,ELÍAS PIÑA,MINISTERIO DE AGRICULTURA,EMCI,26.4,16.5,0.1,https://indomet.gob.do/wp-content/uploads/2025/11/temperaturas-extremas-y-precipitaciones-2025x11x20-a.pdf
2025-11-20,028,LA VICTORIA,SANTO DOMINGO,CUERPO DE BOMBEROS,EMCI,30.0,22.0,0.1,https://indomet.gob.do/wp-content/uploads/2025/11/temperaturas-extremas-y-precipitaciones-2025x11x20-a.pdf
2025-11-20,029,TÁBARA ABAJO,AZUA,INDRHI,EMCI,34.5,22.0,0.0,https://indomet.gob.do/wp-content/uploads/2025/11/temperaturas-extremas-y-precipitaciones-2025x11x20-a.pdf
2025-11-20,030,ARPT. MARÍA MONTEZ,BARAHONA,INDOMET,EMCI,32.5,23.0,0.0,https://indomet.gob.do/wp-content/uploads/2025/11/temperaturas-extremas-y-precipitaciones-2025x11x20-a.pdf
2025-11-20,031,ENRIQUILLO,BARAHONA,MINISTERIO DE AGRICULTURA,EMCV,33.5,23.5,0.0,https://indomet.gob.do/wp-content/uploads/2025/11/temperaturas-extremas-y-precipitaciones-2025x11x20-a.pdf
2025-11-20,032,POLO,BARAHONA,INDOCAFE,EMCI,27.4,14.2,0.0,https://indomet.gob.do/wp-content/uploads/2025/11/temperaturas-extremas-y-precipitaciones-2025x11x20-a.pdf
2025-11-20,033,RESTAURACIÓN,DAJABÓN,MINISTERIO DE AGRICULTURA,EMCI,27.8,17.2,0.0,https://indomet.gob.do/wp-content/uploads/2025/11/temperaturas-extremas-y-precipitaciones-2025x11x20-a.pdf
2025-11-20,034,CENTRO DE LOS HEROES (EMA),DISTRITO NACIONAL,MINISTERIO DE ENERGIA Y MINA,EMAP,31.3,25.4,0.0,https://indomet.gob.do/wp-content/uploads/2025/11/temperaturas-extremas-y-precipitaciones-2025x11x20-a.pdf
2025-11-20,035,ENSANCHE LA FE,DISTRITO NACIONAL,PRIVADA,EMAP,,,0.0,https://indomet.gob.do/wp-content/uploads/2025/11/temperaturas-extremas-y-precipitaciones-2025x11x20-a.pdf
2025-11-20,036,JARDÍN BOTÁNICO NACIONAL,DISTRITO NACIONAL,JARDÍN BOTÁNICO NACIONAL,EMCV,31.4,20.8,0.0,https://indomet.gob.do/wp-content/uploads/2025/11/temperaturas-extremas-y-precipitaciones-2025x11x20-a.pdf
2025-11-20,037,ELÍAS PIÑA,ELÍAS PIÑA,MINISTERIO DE AGRICULTURA,EMCV,,,0.0,https://indomet.gob.do/wp-content/uploads/2025/11/temperaturas-extremas-y-precipitaciones-2025x11x20-a.pdf
2025-11-20,038,GASPAR HERNÁNDEZ,ESPAILLAT,PROPIEDAD DEL EMPLEADO,EMCI,,,0.0,https://indomet.gob.do/wp-content/uploads/2025/11/temperaturas-extremas-y-precipitaciones-2025x11x20-a.pdf
2025-11-20,039,SALCEDO,HERMANAS MIRABAL,PROPIEDAD DEL EMPLEADO,EMCI,,,0.0,https://indomet.gob.do/wp-content/uploads/2025/11/temperaturas-extremas-y-precipitaciones-2025x11x20-a.pdf
2025-11-20,040,JIMANÍ,INDEPENDENCIA,MINISTERIO DE AGRICULTURA,EMCI,32.8,22.8,0.0,https://indomet.gob.do/wp-content/uploads/2025/11/temperaturas-extremas-y-precipitaciones-2025x11x20-a.pdf
2025-11-20,041,ANAMUYA (EMA),LA ALTAGRACIA,MINISTERIO DE AGRICULTURA,EMAP,30.3,23.3,0.0,https://indomet.gob.do/wp-content/uploads/2025/11/temperaturas-extremas-y-precipitaciones-2025x11x20-a.pdf
2025-11-20,042,ARPT. DE LA ROMANA,LA ROMANA,INDOMET,EMCI,31.6,20.7,0.0,https://indomet.gob.do/wp-content/uploads/2025/11/temperaturas-extremas-y-precipitaciones-2025x11x20-a.pdf
2025-11-20,043,CONSTANZA,LA VEGA,MINISTERIO DE AGRICULTURA,EMCI,25.5,11.0,0.0,https://indomet.gob.do/wp-content/uploads/2025/11/temperaturas-extremas-y-precipitaciones-2025x11x20-a.pdf
2025-11-20,044,CONSTANZA (EMA),LA VEGA,PROGRAMA MUNDIAL DE ALIMENTO,EMAP,24.7,12.7,0.0,https://indomet.gob.do/wp-content/uploads/2025/11/temperaturas-extremas-y-precipitaciones-2025x11x20-a.pdf
2025-11-20,045,JARABACOA,LA VEGA,INDRHI / MARENA,EMCI,30.6,15.4,0.0,https://indomet.gob.do/wp-content/uploads/2025/11/temperaturas-extremas-y-precipitaciones-2025x11x20-a.pdf
2025-11-20,046,JIMA ABAJO,LA VEGA,INDOMET,EMCI,32.0,20.5,0.0,https://indomet.gob.do/wp-content/uploads/2025/11/temperaturas-extremas-y-precipitaciones-2025x11x20-a.pdf
2025-11-20,047,LA VEGA,LA VEGA,IATESA,EMCI,32.5,21.5,0.0,https://indomet.gob.do/wp-content/uploads/2025/11/temperaturas-extremas-y-precipitaciones-2025x11x20-a.pdf
2025-11-20,048,PONTÓN ABAJO (EMA),LA VEGA,MINISTERIO DE AGRICULTURA,EMAP,33.5,22.5,0.0,https://indomet.gob.do/wp-content/uploads/2025/11/temperaturas-extremas-y-precipitaciones-2025x11x20-a.pdf
2025-11-20,049,PRESA DE TAVERAS (EMA),LA VEGA,PROGRAMA MUNDIAL DE ALIMENTO,EMAP,29.7,20.7,0.0,https://indomet.gob.do/wp-content/uploads/2025/11/temperaturas-extremas-y-precipitaciones-2025x11x20-a.pdf
2025-11-20,050,CABRERA,MARÍA TRINIDAD SÁNCHEZ,ESCUELA ARÍSTIDES FIALLO CABRAL,EMCI,32.0,23.5,0.0,https://indomet.gob.do/wp-content/uploads/2025/11/temperaturas-extremas-y-precipitaciones-2025x11x20-a.pdf
2025-11-20,051,BONAO,MONSEÑOR NOUEL,MINISTERIO DE AGRICULTURA,EMCV,,,0.0,https://indomet.gob.do/wp-content/uploads/2025/11/temperaturas-extremas-y-precipitaciones-2025x11x20-a.pdf
2025-11-20,052,JUMA BEJUCAL,MONSEÑOR NOUEL,IDIAF,EMCV,32.8,21.0,0.0,https://indomet.gob.do/wp-content/uploads/2025/11/temperaturas-extremas-y-precipitaciones-2025x11x20-a.pdf
2025-11-20,053,LAS CANAS (EMA),MONTE CRISTI,PROGRAMA MUNDIAL DE ALIMENTO,EMAP,28.6,22.5,0.0,https://indomet.gob.do/wp-content/uploads/2025/11/temperaturas-extremas-y-precipitaciones-2025x11x20-a.pdf
2025-11-20,054,LAS MATAS DE SANTA CRUZ (EMA,MONTE CRISTI,PROGRAMA MUNDIAL DE ALIMENTO,EMAP,,,0.0,https://indomet.gob.do/wp-content/uploads/2025/11/temperaturas-extremas-y-precipitaciones-2025x11x20-a.pdf
2025-11-20,055,MONTE CRISTI,MONTE CRISTI,INDOMET,EMCI,33.0,22.3,0.0,https://indomet.gob.do/wp-content/uploads/2025/11/temperaturas-extremas-y-precipitaciones-2025x11x20-a.pdf
2025-11-20,056,VILLA VASQUEZ (EMA),MONTE CRISTI,JUNTA DE REGANTES,EMAI,,,0.0,https://indomet.gob.do/wp-content/uploads/2025/11/temperaturas-extremas-y-precipitaciones-2025x11x20-a.pdf
2025-11-20,057,BAYAGUANA,MONTE PLATA,INDOMET,EMCI,32.2,22.1,0.0,https://indomet.gob.do/wp-content/uploads/2025/11/temperaturas-extremas-y-precipitaciones-2025x11x20-a.pdf
2025-11-20,058,LOS JENGIBRES,NAGUA,INDRHI,EMCI,,,0.0,https://indomet.gob.do/wp-content/uploads/2025/11/temperaturas-extremas-y-precipitaciones-2025x11x20-a.pdf
2025-11-20,059,OLIVARES,PEDERNALES,INDRHI,EMCI,,,0.0,https://indomet.gob.do/wp-content/uploads/2025/11/temperaturas-extremas-y-precipitaciones-2025x11x20-a.pdf
2025-11-20,060,OVIEDO,PEDERNALES,CLÍNICA RURAL OVIEDO,EMCI,32.5,22.0,0.0,https://indomet.gob.do/wp-content/uploads/2025/11/temperaturas-extremas-y-precipitaciones-2025x11x20-a.pdf
2025-11-20,061,PEDERNALES,PEDERNALES,INDRHI,EMCI,,,0.0,https://indomet.gob.do/wp-content/uploads/2025/11/temperaturas-extremas-y-precipitaciones-2025x11x20-a.pdf
2025-11-20,062,BANI (EMA),PERAVIA,MINISTERIO DE AGRICULTURA,EMAP,31.6,24.4,0.0,https://indomet.gob.do/wp-content/uploads/2025/11/temperaturas-extremas-y-precipitaciones-2025x11x20-a.pdf
2025-11-20,063,ARPT. GREGORIO LUPERÓN,PUERTO PLATA,INDOMET,EMCI,30.0,20.7,0.0,https://indomet.gob.do/wp-content/uploads/2025/11/temperaturas-extremas-y-precipitaciones-2025x11x20-a.pdf
2025-11-20,064,PALO ÍNDIO,PUERTO PLATA,MINISTERIO DE AGRICULTURA,EMCI,,,0.0,https://indomet.gob.do/wp-content/uploads/2025/11/temperaturas-extremas-y-precipitaciones-2025x11x20-a.pdf
2025-11-20,065,ARPT. ARROYO BARRIL,SAMANÁ,INDOMET,EMCI,31.2,23.6,0.0,https://indomet.gob.do/wp-content/uploads/2025/11/temperaturas-extremas-y-precipitaciones-2025x11x20-a.pdf
2025-11-20,066,SAN CRISTÓBAL,SAN CRISTÓBAL,INSTITUTO POLITÉCNICO LOYOLA,EMCI,32.0,18.2,0.0,https://indomet.gob.do/wp-content/uploads/2025/11/temperaturas-extremas-y-precipitaciones-2025x11x20-a.pdf
2025-11-20,067,RANCHO ARRIBA,SAN JOSÉ DE OCOA,CENTRO TECNOLÓGICO COMUNITARIO,EMCI,27.5,16.6,0.0,https://indomet.gob.do/wp-content/uploads/2025/11/temperaturas-extremas-y-precipitaciones-2025x11x20-a.pdf
2025-11-20,068,SAN JOSÉ DE OCOA,SAN JOSÉ DE OCOA,HOSP. SAN JOSÉ DE OCOA,EMCI,31.0,19.2,0.0,https://indomet.gob.do/wp-content/uploads/2025/11/temperaturas-extremas-y-precipitaciones-2025x11x20-a.pdf
2025-11-20,069,ARROYO LORO,SAN JUAN,IDIAF,EMCI,30.7,18.8,0.0,https://indomet.gob.do/wp-content/uploads/2025/11/temperaturas-extremas-y-precipitaciones-2025x11x20-a.pdf
2025-11-20,070,EL CERCADO,SAN JUAN,MINISTERIO DE AGRICULTURA,EMCV,,,0.0,https://indomet.gob.do/wp-content/uploads/2025/11/temperaturas-extremas-y-precipitaciones-2025x11x20-a.pdf
2025-11-20,071,LOS LLANOS,SAN PEDRO DE MACORÍS,MINISTERIO DE AGRICULTURA,EMCI,31.5,21.0,0.0,https://indomet.gob.do/wp-content/uploads/2025/11/temperaturas-extremas-y-precipitaciones-2025x11x20-a.pdf
2025-11-20,072,PASO AL MEDIO,SAN PEDRO DE MACORÍS,INDRHI,EMCI,,,0.0,https://indomet.gob.do/wp-content/uploads/2025/11/temperaturas-extremas-y-precipitaciones-2025x11x20-a.pdf
2025-11-20,073,ARPT. DEL CIBAO,SANTIAGO,INDOMET,EMCI,32.5,20.0,0.0,https://indomet.gob.do/wp-content/uploads/2025/11/temperaturas-extremas-y-precipitaciones-2025x11x20-a.pdf
2025-11-20,074,GURABO,SANTIAGO,MINISTERIO DE AGRICULTURA,EMCV,,,0.0,https://indomet.gob.do/wp-content/uploads/2025/11/temperaturas-extremas-y-precipitaciones-2025x11x20-a.pdf
2025-11-20,075,JARDÍN BOTÁNICO SANTIAGO (EMSANTIAGO,,JARDIN BOTANICO SANTIAGO,EMAI,31.6,21.0,0.0,https://indomet.gob.do/wp-content/uploads/2025/11/temperaturas-extremas-y-precipitaciones-2025x11x20-a.pdf
2025-11-20,076,NAVARRETE,SANTIAGO,MINISTERIO DE AGRICULTURA,EMCV,,,0.0,https://indomet.gob.do/wp-content/uploads/2025/11/temperaturas-extremas-y-precipitaciones-2025x11x20-a.pdf
2025-11-20,077,SAJOMA (EMA),SANTIAGO,PLAN SIERRA,EMAI,29.8,17.4,0.0,https://indomet.gob.do/wp-content/uploads/2025/11/temperaturas-extremas-y-precipitaciones-2025x11x20-a.pdf
2025-11-20,078,TAMBORIL,SANTIAGO,MINISTERIO DE AGRICULTURA,EMCV,,,0.0,https://indomet.gob.do/wp-content/uploads/2025/11/temperaturas-extremas-y-precipitaciones-2025x11x20-a.pdf
2025-11-20,079,TAVERA,SANTIAGO,INDRHI,EMCI,,,0.0,https://indomet.gob.do/wp-content/uploads/2025/11/temperaturas-extremas-y-precipitaciones-2025x11x20-a.pdf
2025-11-20,080,VILLA GONZALES,SANTIAGO,MINISTERIO DE AGRICULTURA,EMCI,,,0.0,https://indomet.gob.do/wp-content/uploads/2025/11/temperaturas-extremas-y-precipitaciones-2025x11x20-a.pdf
2025-11-20,081,MONCIÓN (EMA),SANTIAGO RODRÍGUEZ,PROGRAMA MUNDIAL DE ALIMENTO,EMAP,30.0,19.1,0.0,https://indomet.gob.do/wp-content/uploads/2025/11/temperaturas-extremas-y-precipitaciones-2025x11x20-a.pdf
2025-11-20,082,SABANETA (EMA),SANTIAGO RODRÍGUEZ,PROGRAMA MUNDIAL DE ALIMENTO,EMAP,34.3,21.1,0.0,https://indomet.gob.do/wp-content/uploads/2025/11/temperaturas-extremas-y-precipitaciones-2025x11x20-a.pdf
2025-11-20,083,SANTIAGO RODRÍGUEZ,SANTIAGO RODRÍGUEZ,INDOMET,EMCI,34.3,21.2,0.0,https://indomet.gob.do/wp-content/uploads/2025/11/temperaturas-extremas-y-precipitaciones-2025x11x20-a.pdf
2025-11-20,084,ARPT. DE LAS AMÉRICAS,SANTO DOMINGO,INDOMET,EMCI,31.5,22.0,0.0,https://indomet.gob.do/wp-content/uploads/2025/11/temperaturas-extremas-y-precipitaciones-2025x11x20-a.pdf
2025-11-20,085,ARPT. LA ISABELA,SANTO DOMINGO,INDOMET,EMCI,32.6,21.0,0.0,https://indomet.gob.do/wp-content/uploads/2025/11/temperaturas-extremas-y-precipitaciones-2025x11x20-a.pdf
2025-11-20,086,SANTO DOMINGO ESTE,SANTO DOMINGO,INDOMET,EMCI,32.9,22.9,0.0,https://indomet.gob.do/wp-content/uploads/2025/11/temperaturas-extremas-y-precipitaciones-2025x11x20-a.pdf
2025-11-20,087,BOCA DE MAO (EMA),VALVERDE,MINISTERIO DE AGRICULTURA,EMAP,34.2,22.2,0.0,https://indomet.gob.do/wp-content/uploads/2025/11/temperaturas-extremas-y-precipitaciones-2025x11x20-a.pdf
2025-11-20,088,MAO,VALVERDE,INDRHI / MINISTERIO DE AGRICULTURA,EMCV,,,0.0,https://indomet.gob.do/wp-content/uploads/2025/11/temperaturas-extremas-y-precipitaciones-2025x11x20-a.pdf
2025-11-21,001,DAJABÓN,DAJABÓN,INSTITUTO POLITÉCNICO LOYOLA,EMCI,34.6,19.2,11.2,https://indomet.gob.do/wp-content/uploads/2025/11/temperaturas-extremas-y-precipitaciones-2025x11x21-a.pdf
2025-11-21,002,ARPT. LA ISABELA,SANTO DOMINGO,INDOMET,EMCI,32.0,20.5,10.2,https://indomet.gob.do/wp-content/uploads/2025/11/temperaturas-extremas-y-precipitaciones-2025x11x21-a.pdf
2025-11-21,003,BASE AÉREA DE SAN ISIDRO,SANTO DOMINGO,FUERZA AÉREA DOMINICANA,EMCV,32.0,21.2,8.1,https://indomet.gob.do/wp-content/uploads/2025/11/temperaturas-extremas-y-precipitaciones-2025x11x21-a.pdf
2025-11-21,004,LUPERÓN,PUERTO PLATA,MINISTERIO DE AGRICULTURA,EMCV,,,7.9,https://indomet.gob.do/wp-content/uploads/2025/11/temperaturas-extremas-y-precipitaciones-2025x11x21-a.pdf
2025-11-21,005,ARPT. ARROYO BARRIL,SAMANÁ,INDOMET,EMCI,30.0,22.6,6.0,https://indomet.gob.do/wp-content/uploads/2025/11/temperaturas-extremas-y-precipitaciones-2025x11x21-a.pdf
2025-11-21,006,SABANA DE LA MAR,HATO MAYOR,INDOMET,EMCI,30.5,21.0,5.5,https://indomet.gob.do/wp-content/uploads/2025/11/temperaturas-extremas-y-precipitaciones-2025x11x21-a.pdf
2025-11-21,007,PONTÓN ABAJO (EMA),LA VEGA,MINISTERIO DE AGRICULTURA,EMAP,33.2,23.3,5.4,https://indomet.gob.do/wp-content/uploads/2025/11/temperaturas-extremas-y-precipitaciones-2025x11x21-a.pdf
2025-11-21,008,LOS LLANOS,SAN PEDRO DE MACORÍS,MINISTERIO DE AGRICULTURA,EMCI,31.9,20.9,5.2,https://indomet.gob.do/wp-content/uploads/2025/11/temperaturas-extremas-y-precipitaciones-2025x11x21-a.pdf
2025-11-21,009,CABRERA,MARÍA TRINIDAD SÁNCHEZ,ESCUELA ARÍSTIDES FIALLO CABRAL,EMCI,30.0,23.6,4.9,https://indomet.gob.do/wp-content/uploads/2025/11/temperaturas-extremas-y-precipitaciones-2025x11x21-a.pdf
2025-11-21,010,JARABACOA,LA VEGA,INDRHI / MARENA,EMCI,30.2,15.6,4.9,https://indomet.gob.do/wp-content/uploads/2025/11/temperaturas-extremas-y-precipitaciones-2025x11x21-a.pdf
2025-11-21,011,ARPT. GREGORIO LUPERÓN,PUERTO PLATA,INDOMET,EMCI,30.5,19.8,4.4,https://indomet.gob.do/wp-content/uploads/2025/11/temperaturas-extremas-y-precipitaciones-2025x11x21-a.pdf
2025-11-21,012,LA VEGA,LA VEGA,IATESA,EMCI,32.0,22.0,3.7,https://indomet.gob.do/wp-content/uploads/2025/11/temperaturas-extremas-y-precipitaciones-2025x11x21-a.pdf
2025-11-21,013,HONDO VALLE,ELÍAS PIÑA,MINISTERIO DE AGRICULTURA,EMCI,26.9,17.2,3.6,https://indomet.gob.do/wp-content/uploads/2025/11/temperaturas-extremas-y-precipitaciones-2025x11x21-a.pdf
2025-11-21,014,RÍO SAN JUAN,MARÍA TRINIDAD SÁNCHEZ,HOSP. MPAL. DR. DESIDERIO ACOSTA,EMCV,31.4,22.5,3.6,https://indomet.gob.do/wp-content/uploads/2025/11/temperaturas-extremas-y-precipitaciones-2025x11x21-a.pdf
2025-11-21,015,BAYAGUANA,MONTE PLATA,INDOMET,EMCI,33.2,20.2,3.0,https://indomet.gob.do/wp-content/uploads/2025/11/temperaturas-extremas-y-precipitaciones-2025x11x21-a.pdf
2025-11-21,016,LA VICTORIA,SANTO DOMINGO,CUERPO DE BOMBEROS,EMCI,34.9,22.2,3.0,https://indomet.gob.do/wp-content/uploads/2025/11/temperaturas-extremas-y-precipitaciones-2025x11x21-a.pdf
2025-11-21,017,ALTAMIRA,PUERTO PLATA,HOSP. MPAL. DE ALTAMIRA,EMCI,30.4,18.7,2.8,https://indomet.gob.do/wp-content/uploads/2025/11/temperaturas-extremas-y-precipitaciones-2025x11x21-a.pdf
2025-11-21,018,POLO,BARAHONA,INDOCAFE,EMCI,27.9,19.9,2.7,https://indomet.gob.do/wp-content/uploads/2025/11/temperaturas-extremas-y-precipitaciones-2025x11x21-a.pdf
2025-11-21,019,JUMA BEJUCAL,MONSEÑOR NOUEL,IDIAF,EMCV,32.0,21.8,2.5,https://indomet.gob.do/wp-content/uploads/2025/11/temperaturas-extremas-y-precipitaciones-2025x11x21-a.pdf
2025-11-21,020,ARPT. EL CATEY,SAMANÁ,INDOMET,EMCI,28.4,22.0,2.2,https://indomet.gob.do/wp-content/uploads/2025/11/temperaturas-extremas-y-precipitaciones-2025x11x21-a.pdf
2025-11-21,021,PALO ÍNDIO,PUERTO PLATA,MINISTERIO DE AGRICULTURA,EMCI,,,1.5,https://indomet.gob.do/wp-content/uploads/2025/11/temperaturas-extremas-y-precipitaciones-2025x11x21-a.pdf
2025-11-21,022,LOS TRES CHARCOS (EMA),PEDERNALES,PROPIEDAD DEL VOLUNTARIO,EMAP,,,1.4,https://indomet.gob.do/wp-content/uploads/2025/11/temperaturas-extremas-y-precipitaciones-2025x11x21-a.pdf
2025-11-21,023,RANCHO ARRIBA,SAN JOSÉ DE OCOA,CENTRO TECNOLÓGICO COMUNITARIO,EMCI,27.2,17.1,1.2,https://indomet.gob.do/wp-content/uploads/2025/11/temperaturas-extremas-y-precipitaciones-2025x11x21-a.pdf
2025-11-21,024,VILLA GONZALE (EMA),SANTIAGO,IGLESIA,EMAI,,,1.2,https://indomet.gob.do/wp-content/uploads/2025/11/temperaturas-extremas-y-precipitaciones-2025x11x21-a.pdf
2025-11-21,025,ARPT. DE LAS AMÉRICAS,SANTO DOMINGO,INDOMET,EMCI,31.5,22.4,1.0,https://indomet.gob.do/wp-content/uploads/2025/11/temperaturas-extremas-y-precipitaciones-2025x11x21-a.pdf
2025-11-21,026,ALTO BANDERA (EMA),LA VEGA,INTEC,EMAP,16.4,8.2,0.8,https://indomet.gob.do/wp-content/uploads/2025/11/temperaturas-extremas-y-precipitaciones-2025x11x21-a.pdf
2025-11-21,027,ARPT. DE LA ROMANA,LA ROMANA,INDOMET,EMCI,31.6,20.2,0.8,https://indomet.gob.do/wp-content/uploads/2025/11/temperaturas-extremas-y-precipitaciones-2025x11x21-a.pdf
2025-11-21,028,ARPT. DEL CIBAO,SANTIAGO,INDOMET,EMCI,32.0,20.0,0.8,https://indomet.gob.do/wp-content/uploads/2025/11/temperaturas-extremas-y-precipitaciones-2025x11x21-a.pdf
2025-11-21,029,SAN JOSÉ DE OCOA,SAN JOSÉ DE OCOA,HOSP. SAN JOSÉ DE OCOA,EMCI,31.2,20.8,0.8,https://indomet.gob.do/wp-content/uploads/2025/11/temperaturas-extremas-y-precipitaciones-2025x11x21-a.pdf
2025-11-21,030,PRESA DE TAVERAS (EMA),LA VEGA,PROGRAMA MUNDIAL DE ALIMENTO,EMAP,28.8,21.1,0.6,https://indomet.gob.do/wp-content/uploads/2025/11/temperaturas-extremas-y-precipitaciones-2025x11x21-a.pdf
2025-11-21,031,VALLE NUEVO (EMA),LA VEGA,MARENA,EMAI,17.9,6.0,0.6,https://indomet.gob.do/wp-content/uploads/2025/11/temperaturas-extremas-y-precipitaciones-2025x11x21-a.pdf
2025-11-21,032,EL FACTOR (EMA),MARÍA TRINIDAD SÁNCHEZ,INTEC,EMAP,31.1,22.5,0.5,https://indomet.gob.do/wp-content/uploads/2025/11/temperaturas-extremas-y-precipitaciones-2025x11x21-a.pdf
2025-11-21,033,ARPT. DE PUNTA CANA,LA ALTAGRACIA,INDOMET,EMCI,30.6,23.0,0.4,https://indomet.gob.do/wp-content/uploads/2025/11/temperaturas-extremas-y-precipitaciones-2025x11x21-a.pdf
2025-11-21,034,MICHES (EMA),EL SEIBO,PRIVADA,EMAP,30.2,21.1,0.4,https://indomet.gob.do/wp-content/uploads/2025/11/temperaturas-extremas-y-precipitaciones-2025x11x21-a.pdf
2025-11-21,035,PADRE LAS CASAS,AZUA,HOSP. NTRA. SRA. DEL CARMEN,EMCI,31.0,18.0,0.4,https://indomet.gob.do/wp-content/uploads/2025/11/temperaturas-extremas-y-precipitaciones-2025x11x21-a.pdf
2025-11-21,036,SABANA GRANDE DE BOYÁ,MONTE PLATA,MINISTERIO DE AGRICULTURA,EMCV,,,0.3,https://indomet.gob.do/wp-content/uploads/2025/11/temperaturas-extremas-y-precipitaciones-2025x11x21-a.pdf
2025-11-21,037,OLIVARES,PEDERNALES,INDRHI,EMCI,,,0.1,https://indomet.gob.do/wp-content/uploads/2025/11/temperaturas-extremas-y-precipitaciones-2025x11x21-a.pdf
2025-11-21,038,PEDERNALES,PEDERNALES,INDRHI,EMCI,,,0.1,https://indomet.gob.do/wp-content/uploads/2025/11/temperaturas-extremas-y-precipitaciones-2025x11x21-a.pdf
2025-11-21,039,ANAMUYA (EMA),LA ALTAGRACIA,MINISTERIO DE AGRICULTURA,EMAP,30.5,23.2,0.0,https://indomet.gob.do/wp-content/uploads/2025/11/temperaturas-extremas-y-precipitaciones-2025x11x21-a.pdf
2025-11-21,040,ARPT. MARÍA MONTEZ,BARAHONA,INDOMET,EMCI,31.6,22.5,0.0,https://indomet.gob.do/wp-content/uploads/2025/11/temperaturas-extremas-y-precipitaciones-2025x11x21-a.pdf
2025-11-21,041,ARROYO LORO,SAN JUAN,IDIAF,EMCI,30.6,18.7,0.0,https://indomet.gob.do/wp-content/uploads/2025/11/temperaturas-extremas-y-precipitaciones-2025x11x21-a.pdf
2025-11-21,042,BANI (EMA),PERAVIA,MINISTERIO DE AGRICULTURA,EMAP,31.1,21.2,0.0,https://indomet.gob.do/wp-content/uploads/2025/11/temperaturas-extremas-y-precipitaciones-2025x11x21-a.pdf
2025-11-21,043,BOCA DE MAO (EMA),VALVERDE,MINISTERIO DE AGRICULTURA,EMAP,34.1,22.8,0.0,https://indomet.gob.do/wp-content/uploads/2025/11/temperaturas-extremas-y-precipitaciones-2025x11x21-a.pdf
2025-11-21,044,BUCARA (EMA),SANTIAGO,MINISTERIO DE AGRICULTURA,EMAI,,,0.0,https://indomet.gob.do/wp-content/uploads/2025/11/temperaturas-extremas-y-precipitaciones-2025x11x21-a.pdf
2025-11-21,045,CENTRO DE LOS HEROES (EMA),DISTRITO NACIONAL,MINISTERIO DE ENERGIA Y MINA,EMAP,31.2,25.2,0.0,https://indomet.gob.do/wp-content/uploads/2025/11/temperaturas-extremas-y-precipitaciones-2025x11x21-a.pdf
2025-11-21,046,CONSTANZA,LA VEGA,MINISTERIO DE AGRICULTURA,EMCI,25.5,12.7,0.0,https://indomet.gob.do/wp-content/uploads/2025/11/temperaturas-extremas-y-precipitaciones-2025x11x21-a.pdf
2025-11-21,047,CONSTANZA (EMA),LA VEGA,PROGRAMA MUNDIAL DE ALIMENTO,EMAP,24.7,14.8,0.0,https://indomet.gob.do/wp-content/uploads/2025/11/temperaturas-extremas-y-precipitaciones-2025x11x21-a.pdf
2025-11-21,048,ELÍAS PIÑA,ELÍAS PIÑA,MINISTERIO DE AGRICULTURA,EMCV,,,0.0,https://indomet.gob.do/wp-content/uploads/2025/11/temperaturas-extremas-y-precipitaciones-2025x11x21-a.pdf
2025-11-21,049,ENRIQUILLO,BARAHONA,MINISTERIO DE AGRICULTURA,EMCV,33.0,23.3,0.0,https://indomet.gob.do/wp-content/uploads/2025/11/temperaturas-extremas-y-precipitaciones-2025x11x21-a.pdf
2025-11-21,050,ESCONDIDO,PERAVIA,MINISTERIO DE AGRICULTURA,EMCV,31.0,24.0,0.0,https://indomet.gob.do/wp-content/uploads/2025/11/temperaturas-extremas-y-precipitaciones-2025x11x21-a.pdf
2025-11-21,051,GASPAR HERNÁNDEZ,ESPAILLAT,PROPIEDAD DEL EMPLEADO,EMCI,,,0.0,https://indomet.gob.do/wp-content/uploads/2025/11/temperaturas-extremas-y-precipitaciones-2025x11x21-a.pdf
2025-11-21,052,GURABO,SANTIAGO,MINISTERIO DE AGRICULTURA,EMCV,,,0.0,https://indomet.gob.do/wp-content/uploads/2025/11/temperaturas-extremas-y-precipitaciones-2025x11x21-a.pdf
2025-11-21,053,HATO MAYOR,HATO MAYOR,MINISTERIO DE AGRICULTURA,EMCV,,,0.0,https://indomet.gob.do/wp-content/uploads/2025/11/temperaturas-extremas-y-precipitaciones-2025x11x21-a.pdf
2025-11-21,054,JARDÍN BOTÁNICO SANTIAGO (EMSANTIAGO,,JARDIN BOTANICO SANTIAGO,EMAI,31.1,21.2,0.0,https://indomet.gob.do/wp-content/uploads/2025/11/temperaturas-extremas-y-precipitaciones-2025x11x21-a.pdf
2025-11-21,055,JIMA ABAJO,LA VEGA,INDOMET,EMCI,32.0,20.0,0.0,https://indomet.gob.do/wp-content/uploads/2025/11/temperaturas-extremas-y-precipitaciones-2025x11x21-a.pdf
2025-11-21,056,JIMANÍ,INDEPENDENCIA,MINISTERIO DE AGRICULTURA,EMCI,32.8,23.2,0.0,https://indomet.gob.do/wp-content/uploads/2025/11/temperaturas-extremas-y-precipitaciones-2025x11x21-a.pdf
2025-11-21,057,LAS MATAS DE SANTA CRUZ (EMA,MONTE CRISTI,PROGRAMA MUNDIAL DE ALIMENTO,EMAP,,,0.0,https://indomet.gob.do/wp-content/uploads/2025/11/temperaturas-extremas-y-precipitaciones-2025x11x21-a.pdf
2025-11-21,058,MAO,VALVERDE,INDRHI / MINISTERIO DE AGRICULTURA,EMCV,,,0.0,https://indomet.gob.do/wp-content/uploads/2025/11/temperaturas-extremas-y-precipitaciones-2025x11x21-a.pdf
2025-11-21,059,MONCIÓN (EMA),SANTIAGO RODRÍGUEZ,PROGRAMA MUNDIAL DE ALIMENTO,EMAP,30.0,19.3,0.0,https://indomet.gob.do/wp-content/uploads/2025/11/temperaturas-extremas-y-precipitaciones-2025x11x21-a.pdf
2025-11-21,060,MONTE CRISTI,MONTE CRISTI,INDOMET,EMCI,32.2,22.3,0.0,https://indomet.gob.do/wp-content/uploads/2025/11/temperaturas-extremas-y-precipitaciones-2025x11x21-a.pdf
2025-11-21,061,NAVARRETE,SANTIAGO,MINISTERIO DE AGRICULTURA,EMCV,,,0.0,https://indomet.gob.do/wp-content/uploads/2025/11/temperaturas-extremas-y-precipitaciones-2025x11x21-a.pdf
2025-11-21,062,OVIEDO,PEDERNALES,CLÍNICA RURAL OVIEDO,EMCI,31.5,20.5,0.0,https://indomet.gob.do/wp-content/uploads/2025/11/temperaturas-extremas-y-precipitaciones-2025x11x21-a.pdf
2025-11-21,063,PERALTA,AZUA,HOSP. MPAL. DE PERALTA,EMCI,29.9,15.6,0.0,https://indomet.gob.do/wp-content/uploads/2025/11/temperaturas-extremas-y-precipitaciones-2025x11x21-a.pdf
2025-11-21,064,PESCADERIA (EMA),BARAHONA,MINISTERIO DE AGRICULTURA,EMAP,,,0.0,https://indomet.gob.do/wp-content/uploads/2025/11/temperaturas-extremas-y-precipitaciones-2025x11x21-a.pdf
2025-11-21,065,RESTAURACIÓN,DAJABÓN,MINISTERIO DE AGRICULTURA,EMCI,27.3,16.9,0.0,https://indomet.gob.do/wp-content/uploads/2025/11/temperaturas-extremas-y-precipitaciones-2025x11x21-a.pdf
2025-11-21,066,SABANETA (EMA),SANTIAGO RODRÍGUEZ,PROGRAMA MUNDIAL DE ALIMENTO,EMAP,33.0,20.9,0.0,https://indomet.gob.do/wp-content/uploads/2025/11/temperaturas-extremas-y-precipitaciones-2025x11x21-a.pdf
2025-11-21,067,SAJOMA (EMA),SANTIAGO,PLAN SIERRA,EMAI,30.2,20.1,0.0,https://indomet.gob.do/wp-content/uploads/2025/11/temperaturas-extremas-y-precipitaciones-2025x11x21-a.pdf
2025-11-21,068,SALCEDO,HERMANAS MIRABAL,PROPIEDAD DEL EMPLEADO,EMCI,,,0.0,https://indomet.gob.do/wp-content/uploads/2025/11/temperaturas-extremas-y-precipitaciones-2025x11x21-a.pdf
2025-11-21,069,SAMANÁ,SAMANÁ,COMANDANCIA DE PUERTO DE SAMANÁ,EMCI,32.3,18.0,0.0,https://indomet.gob.do/wp-content/uploads/2025/11/temperaturas-extremas-y-precipitaciones-2025x11x21-a.pdf
2025-11-21,070,SAN CRISTÓBAL,SAN CRISTÓBAL,INSTITUTO POLITÉCNICO LOYOLA,EMCI,32.0,19.2,0.0,https://indomet.gob.do/wp-content/uploads/2025/11/temperaturas-extremas-y-precipitaciones-2025x11x21-a.pdf
2025-11-21,071,SAN RAFAEL DEL YUMA,LA ALTAGRACIA,MINISTERIO DE AGRICULTURA,EMCI,30.9,21.0,0.0,https://indomet.gob.do/wp-content/uploads/2025/11/temperaturas-extremas-y-precipitaciones-2025x11x21-a.pdf
2025-11-21,072,SANTIAGO,SANTIAGO,HUACALITO,EMCI,,,0.0,https://indomet.gob.do/wp-content/uploads/2025/11/temperaturas-extremas-y-precipitaciones-2025x11x21-a.pdf
2025-11-21,073,SANTIAGO RODRÍGUEZ,SANTIAGO RODRÍGUEZ,INDOMET,EMCI,33.5,21.4,0.0,https://indomet.gob.do/wp-content/uploads/2025/11/temperaturas-extremas-y-precipitaciones-2025x11x21-a.pdf
2025-11-21,074,SANTO DOMINGO ESTE,SANTO DOMINGO,INDOMET,EMCI,33.0,24.0,0.0,https://indomet.gob.do/wp-content/uploads/2025/11/temperaturas-extremas-y-precipitaciones-2025x11x21-a.pdf
2025-11-21,075,TÁBARA ABAJO,AZUA,INDRHI,EMCI,34.9,23.0,0.0,https://indomet.gob.do/wp-content/uploads/2025/11/temperaturas-extremas-y-precipitaciones-2025x11x21-a.pdf
2025-11-21,076,TAMBORIL,SANTIAGO,MINISTERIO DE AGRICULTURA,EMCV,,,0.0,https://indomet.gob.do/wp-content/uploads/2025/11/temperaturas-extremas-y-precipitaciones-2025x11x21-a.pdf
2025-11-21,077,VILLA ALTAGRACIA,SAN CRISTÓBAL,ESCUELA JAVIER ANGULO GURIDI,EMCI,,,0.0,https://indomet.gob.do/wp-content/uploads/2025/11/temperaturas-extremas-y-precipitaciones-2025x11x21-a.pdf
2025-11-21,078,VILLA GONZALES,SANTIAGO,MINISTERIO DE AGRICULTURA,EMCI,,,0.0,https://indomet.gob.do/wp-content/uploads/2025/11/temperaturas-extremas-y-precipitaciones-2025x11x21-a.pdf
2025-11-21,079,VILLA RIVA,DUARTE,HOSP. MPAL. ALICIA DE LEGENDRE,EMCI,30.3,21.0,0.0,https://indomet.gob.do/wp-content/uploads/2025/11/temperaturas-extremas-y-precipitaciones-2025x11x21-a.pdf
2025-11-21,080,VILLA VASQUEZ (EMA),MONTE CRISTI,JUNTA DE REGANTES,EMAI,,,0.0,https://indomet.gob.do/wp-content/uploads/2025/11/temperaturas-extremas-y-precipitaciones-2025x11x21-a.pdf
2025-11-22,001,GASPAR HERNÁNDEZ,ESPAILLAT,PROPIEDAD DEL EMPLEADO,EMCI,,,4.4,https://indomet.gob.do/wp-content/uploads/2025/11/temperaturas-extremas-y-precipitaciones-2025x11x22-a.pdf
2025-11-22,002,VILLA GONZALE (EMA),SANTIAGO,IGLESIA,EMAI,,,2.8,https://indomet.gob.do/wp-content/uploads/2025/11/temperaturas-extremas-y-precipitaciones-2025x11x22-a.pdf
2025-11-22,003,ARPT. GREGORIO LUPERÓN,PUERTO PLATA,INDOMET,EMCI,30.8,21.5,1.6,https://indomet.gob.do/wp-content/uploads/2025/11/temperaturas-extremas-y-precipitaciones-2025x11x22-a.pdf
2025-11-22,004,ARPT. EL CATEY,SAMANÁ,INDOMET,EMCI,29.4,21.0,1.0,https://indomet.gob.do/wp-content/uploads/2025/11/temperaturas-extremas-y-precipitaciones-2025x11x22-a.pdf
2025-11-22,005,RÍO SAN JUAN,MARÍA TRINIDAD SÁNCHEZ,HOSP. MPAL. DR. DESIDERIO ACOSTA,EMCV,31.8,22.1,1.0,https://indomet.gob.do/wp-content/uploads/2025/11/temperaturas-extremas-y-precipitaciones-2025x11x22-a.pdf
2025-11-22,006,BUCARA (EMA),SANTIAGO,MINISTERIO DE AGRICULTURA,EMAI,,,1.0,https://indomet.gob.do/wp-content/uploads/2025/11/temperaturas-extremas-y-precipitaciones-2025x11x22-a.pdf
2025-11-22,007,EL FACTOR (EMA),MARÍA TRINIDAD SÁNCHEZ,INTEC,EMAP,30.4,21.7,0.8,https://indomet.gob.do/wp-content/uploads/2025/11/temperaturas-extremas-y-precipitaciones-2025x11x22-a.pdf
2025-11-22,008,SAMANÁ,SAMANÁ,COMANDANCIA DE PUERTO DE SAMANÁ,EMCI,31.2,17.9,0.8,https://indomet.gob.do/wp-content/uploads/2025/11/temperaturas-extremas-y-precipitaciones-2025x11x22-a.pdf
2025-11-22,009,ARPT. ARROYO BARRIL,SAMANÁ,INDOMET,EMCI,30.5,21.0,0.6,https://indomet.gob.do/wp-content/uploads/2025/11/temperaturas-extremas-y-precipitaciones-2025x11x22-a.pdf
2025-11-22,010,CABRERA,MARÍA TRINIDAD SÁNCHEZ,ESCUELA ARÍSTIDES FIALLO CABRAL,EMCI,32.2,23.5,0.6,https://indomet.gob.do/wp-content/uploads/2025/11/temperaturas-extremas-y-precipitaciones-2025x11x22-a.pdf
2025-11-22,011,POLO,BARAHONA,INDOCAFE,EMCI,26.0,17.0,0.6,https://indomet.gob.do/wp-content/uploads/2025/11/temperaturas-extremas-y-precipitaciones-2025x11x22-a.pdf
2025-11-22,012,ARPT. DEL CIBAO,SANTIAGO,INDOMET,EMCI,30.8,21.4,0.5,https://indomet.gob.do/wp-content/uploads/2025/11/temperaturas-extremas-y-precipitaciones-2025x11x22-a.pdf
2025-11-22,013,ENRIQUILLO,BARAHONA,MINISTERIO DE AGRICULTURA,EMCV,32.0,21.3,0.4,https://indomet.gob.do/wp-content/uploads/2025/11/temperaturas-extremas-y-precipitaciones-2025x11x22-a.pdf
2025-11-22,014,SÁNCHEZ,SAMANÁ,MINISTERIO DE AGRICULTURA,EMCI,28.9,20.8,0.4,https://indomet.gob.do/wp-content/uploads/2025/11/temperaturas-extremas-y-precipitaciones-2025x11x22-a.pdf
2025-11-22,015,PERALTA,AZUA,HOSP. MPAL. DE PERALTA,EMCI,30.3,16.0,0.2,https://indomet.gob.do/wp-content/uploads/2025/11/temperaturas-extremas-y-precipitaciones-2025x11x22-a.pdf
2025-11-22,016,JARABACOA,LA VEGA,INDRHI / MARENA,EMCI,27.2,16.0,0.1,https://indomet.gob.do/wp-content/uploads/2025/11/temperaturas-extremas-y-precipitaciones-2025x11x22-a.pdf
2025-11-22,017,ALTAMIRA,PUERTO PLATA,HOSP. MPAL. DE ALTAMIRA,EMCI,29.6,18.5,0.0,https://indomet.gob.do/wp-content/uploads/2025/11/temperaturas-extremas-y-precipitaciones-2025x11x22-a.pdf
2025-11-22,018,ALTO BANDERA (EMA),LA VEGA,INTEC,EMAP,17.8,4.9,0.0,https://indomet.gob.do/wp-content/uploads/2025/11/temperaturas-extremas-y-precipitaciones-2025x11x22-a.pdf
2025-11-22,019,ANAMUYA (EMA),LA ALTAGRACIA,MINISTERIO DE AGRICULTURA,EMAP,29.8,19.9,0.0,https://indomet.gob.do/wp-content/uploads/2025/11/temperaturas-extremas-y-precipitaciones-2025x11x22-a.pdf
2025-11-22,020,ARPT. DE LA ROMANA,LA ROMANA,INDOMET,EMCI,30.7,19.3,0.0,https://indomet.gob.do/wp-content/uploads/2025/11/temperaturas-extremas-y-precipitaciones-2025x11x22-a.pdf
2025-11-22,021,ARPT. DE LAS AMÉRICAS,SANTO DOMINGO,INDOMET,EMCI,30.5,21.3,0.0,https://indomet.gob.do/wp-content/uploads/2025/11/temperaturas-extremas-y-precipitaciones-2025x11x22-a.pdf
2025-11-22,022,ARPT. DE PUNTA CANA,LA ALTAGRACIA,INDOMET,EMCI,29.6,23.2,0.0,https://indomet.gob.do/wp-content/uploads/2025/11/temperaturas-extremas-y-precipitaciones-2025x11x22-a.pdf
2025-11-22,023,ARPT. LA ISABELA,SANTO DOMINGO,INDOMET,EMCI,31.0,22.0,0.0,https://indomet.gob.do/wp-content/uploads/2025/11/temperaturas-extremas-y-precipitaciones-2025x11x22-a.pdf
2025-11-22,024,ARPT. MARÍA MONTEZ,BARAHONA,INDOMET,EMCI,30.8,21.5,0.0,https://indomet.gob.do/wp-content/uploads/2025/11/temperaturas-extremas-y-precipitaciones-2025x11x22-a.pdf
2025-11-22,025,ARROYO LORO,SAN JUAN,IDIAF,EMCI,32.2,17.5,0.0,https://indomet.gob.do/wp-content/uploads/2025/11/temperaturas-extremas-y-precipitaciones-2025x11x22-a.pdf
2025-11-22,026,BANI (EMA),PERAVIA,MINISTERIO DE AGRICULTURA,EMAP,30.5,23.3,0.0,https://indomet.gob.do/wp-content/uploads/2025/11/temperaturas-extremas-y-precipitaciones-2025x11x22-a.pdf
2025-11-22,027,BASE AÉREA DE SAN ISIDRO,SANTO DOMINGO,FUERZA AÉREA DOMINICANA,EMCV,30.0,22.0,0.0,https://indomet.gob.do/wp-content/uploads/2025/11/temperaturas-extremas-y-precipitaciones-2025x11x22-a.pdf
2025-11-22,028,BAYAGUANA,MONTE PLATA,INDOMET,EMCI,31.4,20.6,0.0,https://indomet.gob.do/wp-content/uploads/2025/11/temperaturas-extremas-y-precipitaciones-2025x11x22-a.pdf
2025-11-22,029,BOCA DE MAO (EMA),VALVERDE,MINISTERIO DE AGRICULTURA,EMAP,32.7,19.7,0.0,https://indomet.gob.do/wp-content/uploads/2025/11/temperaturas-extremas-y-precipitaciones-2025x11x22-a.pdf
2025-11-22,030,BONAO,MONSEÑOR NOUEL,MINISTERIO DE AGRICULTURA,EMCV,,,0.0,https://indomet.gob.do/wp-content/uploads/2025/11/temperaturas-extremas-y-precipitaciones-2025x11x22-a.pdf
2025-11-22,031,CENTRO DE LOS HEROES (EMA),DISTRITO NACIONAL,MINISTERIO DE ENERGIA Y MINA,EMAP,31.1,24.2,0.0,https://indomet.gob.do/wp-content/uploads/2025/11/temperaturas-extremas-y-precipitaciones-2025x11x22-a.pdf
2025-11-22,032,CONSTANZA,LA VEGA,MINISTERIO DE AGRICULTURA,EMCI,23.0,12.4,0.0,https://indomet.gob.do/wp-content/uploads/2025/11/temperaturas-extremas-y-precipitaciones-2025x11x22-a.pdf
2025-11-22,033,CONSTANZA (EMA),LA VEGA,PROGRAMA MUNDIAL DE ALIMENTO,EMAP,23.1,13.8,0.0,https://indomet.gob.do/wp-content/uploads/2025/11/temperaturas-extremas-y-precipitaciones-2025x11x22-a.pdf
2025-11-22,034,DAJABÓN,DAJABÓN,INSTITUTO POLITÉCNICO LOYOLA,EMCI,35.3,22.4,0.0,https://indomet.gob.do/wp-content/uploads/2025/11/temperaturas-extremas-y-precipitaciones-2025x11x22-a.pdf
2025-11-22,035,GURABO,SANTIAGO,MINISTERIO DE AGRICULTURA,EMCV,,,0.0,https://indomet.gob.do/wp-content/uploads/2025/11/temperaturas-extremas-y-precipitaciones-2025x11x22-a.pdf
2025-11-22,036,HATO MAYOR,HATO MAYOR,MINISTERIO DE AGRICULTURA,EMCV,,,0.0,https://indomet.gob.do/wp-content/uploads/2025/11/temperaturas-extremas-y-precipitaciones-2025x11x22-a.pdf
2025-11-22,037,HONDO VALLE,ELÍAS PIÑA,MINISTERIO DE AGRICULTURA,EMCI,26.0,16.1,0.0,https://indomet.gob.do/wp-content/uploads/2025/11/temperaturas-extremas-y-precipitaciones-2025x11x22-a.pdf
2025-11-22,038,JIMANÍ,INDEPENDENCIA,MINISTERIO DE AGRICULTURA,EMCI,33.2,23.0,0.0,https://indomet.gob.do/wp-content/uploads/2025/11/temperaturas-extremas-y-precipitaciones-2025x11x22-a.pdf
2025-11-22,039,JUMA BEJUCAL,MONSEÑOR NOUEL,IDIAF,EMCV,29.2,20.4,0.0,https://indomet.gob.do/wp-content/uploads/2025/11/temperaturas-extremas-y-precipitaciones-2025x11x22-a.pdf
2025-11-22,040,LA VEGA,LA VEGA,IATESA,EMCI,30.0,20.0,0.0,https://indomet.gob.do/wp-content/uploads/2025/11/temperaturas-extremas-y-precipitaciones-2025x11x22-a.pdf
2025-11-22,041,LA VICTORIA,SANTO DOMINGO,CUERPO DE BOMBEROS,EMCI,32.7,20.8,0.0,https://indomet.gob.do/wp-content/uploads/2025/11/temperaturas-extremas-y-precipitaciones-2025x11x22-a.pdf
2025-11-22,042,LAS CANAS (EMA),MONTE CRISTI,PROGRAMA MUNDIAL DE ALIMENTO,EMAP,28.6,20.2,0.0,https://indomet.gob.do/wp-content/uploads/2025/11/temperaturas-extremas-y-precipitaciones-2025x11x22-a.pdf
2025-11-22,043,LAS MATAS DE SANTA CRUZ (EMA,MONTE CRISTI,PROGRAMA MUNDIAL DE ALIMENTO,EMAP,,,0.0,https://indomet.gob.do/wp-content/uploads/2025/11/temperaturas-extremas-y-precipitaciones-2025x11x22-a.pdf
2025-11-22,044,LOS LLANOS,SAN PEDRO DE MACORÍS,MINISTERIO DE AGRICULTURA,EMCI,31.5,19.7,0.0,https://indomet.gob.do/wp-content/uploads/2025/11/temperaturas-extremas-y-precipitaciones-2025x11x22-a.pdf
2025-11-22,045,MAO,VALVERDE,INDRHI / MINISTERIO DE AGRICULTURA,EMCV,,,0.0,https://indomet.gob.do/wp-content/uploads/2025/11/temperaturas-extremas-y-precipitaciones-2025x11x22-a.pdf
2025-11-22,046,MICHES (EMA),EL SEIBO,PRIVADA,EMAP,29.1,19.3,0.0,https://indomet.gob.do/wp-content/uploads/2025/11/temperaturas-extremas-y-precipitaciones-2025x11x22-a.pdf
2025-11-22,047,MONCIÓN (EMA),SANTIAGO RODRÍGUEZ,PROGRAMA MUNDIAL DE ALIMENTO,EMAP,28.8,17.2,0.0,https://indomet.gob.do/wp-content/uploads/2025/11/temperaturas-extremas-y-precipitaciones-2025x11x22-a.pdf
2025-11-22,048,MONTE CRISTI,MONTE CRISTI,INDOMET,EMCI,32.8,24.4,0.0,https://indomet.gob.do/wp-content/uploads/2025/11/temperaturas-extremas-y-precipitaciones-2025x11x22-a.pdf
2025-11-22,049,NAVARRETE,SANTIAGO,MINISTERIO DE AGRICULTURA,EMCV,,,0.0,https://indomet.gob.do/wp-content/uploads/2025/11/temperaturas-extremas-y-precipitaciones-2025x11x22-a.pdf
2025-11-22,050,OLIVARES,PEDERNALES,INDRHI,EMCI,,,0.0,https://indomet.gob.do/wp-content/uploads/2025/11/temperaturas-extremas-y-precipitaciones-2025x11x22-a.pdf
2025-11-22,051,OVIEDO,PEDERNALES,CLÍNICA RURAL OVIEDO,EMCI,31.0,20.5,0.0,https://indomet.gob.do/wp-content/uploads/2025/11/temperaturas-extremas-y-precipitaciones-2025x11x22-a.pdf
2025-11-22,052,PADRE LAS CASAS,AZUA,HOSP. NTRA. SRA. DEL CARMEN,EMCI,31.6,15.5,0.0,https://indomet.gob.do/wp-content/uploads/2025/11/temperaturas-extremas-y-precipitaciones-2025x11x22-a.pdf
2025-11-22,053,PALO ÍNDIO,PUERTO PLATA,MINISTERIO DE AGRICULTURA,EMCI,,,0.0,https://indomet.gob.do/wp-content/uploads/2025/11/temperaturas-extremas-y-precipitaciones-2025x11x22-a.pdf
2025-11-22,054,PEDERNALES,PEDERNALES,INDRHI,EMCI,,,0.0,https://indomet.gob.do/wp-content/uploads/2025/11/temperaturas-extremas-y-precipitaciones-2025x11x22-a.pdf
2025-11-22,055,PESCADERIA (EMA),BARAHONA,MINISTERIO DE AGRICULTURA,EMAP,,,0.0,https://indomet.gob.do/wp-content/uploads/2025/11/temperaturas-extremas-y-precipitaciones-2025x11x22-a.pdf
2025-11-22,056,PONTÓN ABAJO (EMA),LA VEGA,MINISTERIO DE AGRICULTURA,EMAP,30.4,21.0,0.0,https://indomet.gob.do/wp-content/uploads/2025/11/temperaturas-extremas-y-precipitaciones-2025x11x22-a.pdf
2025-11-22,057,RANCHO ARRIBA,SAN JOSÉ DE OCOA,CENTRO TECNOLÓGICO COMUNITARIO,EMCI,25.3,14.5,0.0,https://indomet.gob.do/wp-content/uploads/2025/11/temperaturas-extremas-y-precipitaciones-2025x11x22-a.pdf
2025-11-22,058,RESTAURACIÓN,DAJABÓN,MINISTERIO DE AGRICULTURA,EMCI,27.8,13.0,0.0,https://indomet.gob.do/wp-content/uploads/2025/11/temperaturas-extremas-y-precipitaciones-2025x11x22-a.pdf
2025-11-22,059,SABANA DE LA MAR,HATO MAYOR,INDOMET,EMCI,30.5,19.5,0.0,https://indomet.gob.do/wp-content/uploads/2025/11/temperaturas-extremas-y-precipitaciones-2025x11x22-a.pdf
2025-11-22,060,SABANA GRANDE DE BOYÁ,MONTE PLATA,MINISTERIO DE AGRICULTURA,EMCV,,,0.0,https://indomet.gob.do/wp-content/uploads/2025/11/temperaturas-extremas-y-precipitaciones-2025x11x22-a.pdf
2025-11-22,061,SABANETA (EMA),SANTIAGO RODRÍGUEZ,PROGRAMA MUNDIAL DE ALIMENTO,EMAP,32.3,18.3,0.0,https://indomet.gob.do/wp-content/uploads/2025/11/temperaturas-extremas-y-precipitaciones-2025x11x22-a.pdf
2025-11-22,062,SALCEDO,HERMANAS MIRABAL,PROPIEDAD DEL EMPLEADO,EMCI,,,0.0,https://indomet.gob.do/wp-content/uploads/2025/11/temperaturas-extremas-y-precipitaciones-2025x11x22-a.pdf
2025-11-22,063,SAN CRISTÓBAL,SAN CRISTÓBAL,INSTITUTO POLITÉCNICO LOYOLA,EMCI,32.2,20.0,0.0,https://indomet.gob.do/wp-content/uploads/2025/11/temperaturas-extremas-y-precipitaciones-2025x11x22-a.pdf
2025-11-22,064,SAN JOSÉ DE OCOA,SAN JOSÉ DE OCOA,HOSP. SAN JOSÉ DE OCOA,EMCI,29.4,19.1,0.0,https://indomet.gob.do/wp-content/uploads/2025/11/temperaturas-extremas-y-precipitaciones-2025x11x22-a.pdf
2025-11-22,065,SAN RAFAEL DEL YUMA,LA ALTAGRACIA,MINISTERIO DE AGRICULTURA,EMCI,31.5,20.0,0.0,https://indomet.gob.do/wp-content/uploads/2025/11/temperaturas-extremas-y-precipitaciones-2025x11x22-a.pdf
2025-11-22,066,SAJOMA (EMA),SANTIAGO,PLAN SIERRA,EMAI,28.0,18.8,0.0,https://indomet.gob.do/wp-content/uploads/2025/11/temperaturas-extremas-y-precipitaciones-2025x11x22-a.pdf
2025-11-22,067,JARDÍN BOTÁNICO SANTIAGO (EMSANTIAGO,,JARDIN BOTANICO SANTIAGO,EMAI,,,0.0,https://indomet.gob.do/wp-content/uploads/2025/11/temperaturas-extremas-y-precipitaciones-2025x11x22-a.pdf
2025-11-22,068,VILLA VASQUEZ (EMA),MONTE CRISTI,JUNTA DE REGANTES,EMAI,,,0.0,https://indomet.gob.do/wp-content/uploads/2025/11/temperaturas-extremas-y-precipitaciones-2025x11x22-a.pdf
2025-11-22,069,SANTIAGO RODRÍGUEZ,SANTIAGO RODRÍGUEZ,INDOMET,EMCI,32.6,18.5,0.0,https://indomet.gob.do/wp-content/uploads/2025/11/temperaturas-extremas-y-precipitaciones-2025x11x22-a.pdf
2025-11-22,070,SANTO DOMINGO ESTE,SANTO DOMINGO,INDOMET,EMCI,32.0,24.0,0.0,https://indomet.gob.do/wp-content/uploads/2025/11/temperaturas-extremas-y-precipitaciones-2025x11x22-a.pdf
2025-11-22,071,TÁBARA ABAJO,AZUA,INDRHI,EMCI,34.5,24.3,0.0,https://indomet.gob.do/wp-content/uploads/2025/11/temperaturas-extremas-y-precipitaciones-2025x11x22-a.pdf
2025-11-22,072,JIMA ABAJO,LA VEGA,INDOMET,EMCI,30.6,20.0,0.0,https://indomet.gob.do/wp-content/uploads/2025/11/temperaturas-extremas-y-precipitaciones-2025x11x22-a.pdf
2025-11-22,073,VILLA ALTAGRACIA,SAN CRISTÓBAL,ESCUELA JAVIER ANGULO GURIDI,EMCI,,,0.0,https://indomet.gob.do/wp-content/uploads/2025/11/temperaturas-extremas-y-precipitaciones-2025x11x22-a.pdf
2025-11-22,074,VILLA GONZALES,SANTIAGO,MINISTERIO DE AGRICULTURA,EMCI,,,0.0,https://indomet.gob.do/wp-content/uploads/2025/11/temperaturas-extremas-y-precipitaciones-2025x11x22-a.pdf
2025-11-22,075,VILLA ISABELA,PUERTO PLATA,MINISTERIO DE AGRICULTURA,EMCV,,,0.0,https://indomet.gob.do/wp-content/uploads/2025/11/temperaturas-extremas-y-precipitaciones-2025x11x22-a.pdf
2025-11-22,076,VILLA RIVA,DUARTE,HOSP. MPAL. ALICIA DE LEGENDRE,EMCI,30.4,20.4,0.0,https://indomet.gob.do/wp-content/uploads/2025/11/temperaturas-extremas-y-precipitaciones-2025x11x22-a.pdf
2025-11-23,001,CABRERA,MARÍA TRINIDAD SÁNCHEZ,ESCUELA ARÍSTIDES FIALLO CABRAL,EMCI,31.5,23.2,3.9,https://indomet.gob.do/wp-content/uploads/2025/11/temperaturas-extremas-y-precipitaciones-2025x11x23-a.pdf
2025-11-23,002,LOS JENGIBRES,NAGUA,INDRHI,EMCI,,,2.9,https://indomet.gob.do/wp-content/uploads/2025/11/temperaturas-extremas-y-precipitaciones-2025x11x23-a.pdf
2025-11-23,003,ARPT. ARROYO BARRIL,SAMANÁ,INDOMET,EMCI,27.7,22.4,2.5,https://indomet.gob.do/wp-content/uploads/2025/11/temperaturas-extremas-y-precipitaciones-2025x11x23-a.pdf
2025-11-23,004,ARPT. EL CATEY,SAMANÁ,INDOMET,EMCI,28.5,20.0,1.0,https://indomet.gob.do/wp-content/uploads/2025/11/temperaturas-extremas-y-precipitaciones-2025x11x23-a.pdf
2025-11-23,005,ARPT. GREGORIO LUPERÓN,PUERTO PLATA,INDOMET,EMCI,30.8,22.0,1.0,https://indomet.gob.do/wp-content/uploads/2025/11/temperaturas-extremas-y-precipitaciones-2025x11x23-a.pdf
2025-11-23,006,EL FACTOR (EMA),MARÍA TRINIDAD SÁNCHEZ,INTEC,EMAP,30.2,20.2,1.0,https://indomet.gob.do/wp-content/uploads/2025/11/temperaturas-extremas-y-precipitaciones-2025x11x23-a.pdf
2025-11-23,007,MONTE CRISTI,MONTE CRISTI,INDOMET,EMCI,32.5,22.4,1.0,https://indomet.gob.do/wp-content/uploads/2025/11/temperaturas-extremas-y-precipitaciones-2025x11x23-a.pdf
2025-11-23,008,PARQUE MIRADOR SUR,DISTRITO NACIONAL,AYUNTAMIENTO,EMCV,32.0,22.0,1.0,https://indomet.gob.do/wp-content/uploads/2025/11/temperaturas-extremas-y-precipitaciones-2025x11x23-a.pdf
2025-11-23,009,SAMANÁ,SAMANÁ,COMANDANCIA DE PUERTO DE SAMANÁ,EMCI,31.4,16.5,1.0,https://indomet.gob.do/wp-content/uploads/2025/11/temperaturas-extremas-y-precipitaciones-2025x11x23-a.pdf
2025-11-23,010,SAN RAFAEL DEL YUMA,LA ALTAGRACIA,MINISTERIO DE AGRICULTURA,EMCI,31.6,20.9,0.8,https://indomet.gob.do/wp-content/uploads/2025/11/temperaturas-extremas-y-precipitaciones-2025x11x23-a.pdf
2025-11-23,011,BONAO,MONSEÑOR NOUEL,MINISTERIO DE AGRICULTURA,EMCV,,,0.8,https://indomet.gob.do/wp-content/uploads/2025/11/temperaturas-extremas-y-precipitaciones-2025x11x23-a.pdf
2025-11-23,012,JUMA BEJUCAL,MONSEÑOR NOUEL,IDIAF,EMCV,29.6,18.4,0.7,https://indomet.gob.do/wp-content/uploads/2025/11/temperaturas-extremas-y-precipitaciones-2025x11x23-a.pdf
2025-11-23,013,RANCHO ARRIBA,SAN JOSÉ DE OCOA,CENTRO TECNOLÓGICO COMUNITARIO,EMCI,26.4,12.5,0.3,https://indomet.gob.do/wp-content/uploads/2025/11/temperaturas-extremas-y-precipitaciones-2025x11x23-a.pdf
2025-11-23,014,RESTAURACIÓN,DAJABÓN,MINISTERIO DE AGRICULTURA,EMCI,27.0,12.5,0.3,https://indomet.gob.do/wp-content/uploads/2025/11/temperaturas-extremas-y-precipitaciones-2025x11x23-a.pdf
2025-11-23,015,ALTAMIRA,PUERTO PLATA,HOSP. MPAL. DE ALTAMIRA,EMCI,29.4,17.5,0.2,https://indomet.gob.do/wp-content/uploads/2025/11/temperaturas-extremas-y-precipitaciones-2025x11x23-a.pdf
2025-11-23,016,ARPT. DE PUNTA CANA,LA ALTAGRACIA,INDOMET,EMCI,30.4,22.6,0.2,https://indomet.gob.do/wp-content/uploads/2025/11/temperaturas-extremas-y-precipitaciones-2025x11x23-a.pdf
2025-11-23,017,ALTO BANDERA (EMA),LA VEGA,INTEC,EMAP,17.5,7.9,0.0,https://indomet.gob.do/wp-content/uploads/2025/11/temperaturas-extremas-y-precipitaciones-2025x11x23-a.pdf
2025-11-23,018,ANAMUYA (EMA),LA ALTAGRACIA,MINISTERIO DE AGRICULTURA,EMAP,30.2,21.2,0.0,https://indomet.gob.do/wp-content/uploads/2025/11/temperaturas-extremas-y-precipitaciones-2025x11x23-a.pdf
2025-11-23,019,ARPT. DE LA ROMANA,LA ROMANA,INDOMET,EMCI,30.8,18.3,0.0,https://indomet.gob.do/wp-content/uploads/2025/11/temperaturas-extremas-y-precipitaciones-2025x11x23-a.pdf
2025-11-23,020,ARPT. DE LAS AMÉRICAS,SANTO DOMINGO,INDOMET,EMCI,30.8,20.5,0.0,https://indomet.gob.do/wp-content/uploads/2025/11/temperaturas-extremas-y-precipitaciones-2025x11x23-a.pdf
2025-11-23,021,ARPT. DEL CIBAO,SANTIAGO,INDOMET,EMCI,31.0,18.4,0.0,https://indomet.gob.do/wp-content/uploads/2025/11/temperaturas-extremas-y-precipitaciones-2025x11x23-a.pdf
2025-11-23,022,ARPT. LA ISABELA,SANTO DOMINGO,INDOMET,EMCI,31.8,18.3,0.0,https://indomet.gob.do/wp-content/uploads/2025/11/temperaturas-extremas-y-precipitaciones-2025x11x23-a.pdf
2025-11-23,023,ARPT. MARÍA MONTEZ,BARAHONA,INDOMET,EMCI,31.9,21.5,0.0,https://indomet.gob.do/wp-content/uploads/2025/11/temperaturas-extremas-y-precipitaciones-2025x11x23-a.pdf
2025-11-23,024,ARROYO LORO,SAN JUAN,IDIAF,EMCI,31.7,17.2,0.0,https://indomet.gob.do/wp-content/uploads/2025/11/temperaturas-extremas-y-precipitaciones-2025x11x23-a.pdf
2025-11-23,025,BANI (EMA),PERAVIA,MINISTERIO DE AGRICULTURA,EMAP,30.9,22.5,0.0,https://indomet.gob.do/wp-content/uploads/2025/11/temperaturas-extremas-y-precipitaciones-2025x11x23-a.pdf
2025-11-23,026,BAYAGUANA,MONTE PLATA,INDOMET,EMCI,31.6,18.6,0.0,https://indomet.gob.do/wp-content/uploads/2025/11/temperaturas-extremas-y-precipitaciones-2025x11x23-a.pdf
2025-11-23,027,BOCA DE MAO (EMA),VALVERDE,MINISTERIO DE AGRICULTURA,EMAP,33.4,19.5,0.0,https://indomet.gob.do/wp-content/uploads/2025/11/temperaturas-extremas-y-precipitaciones-2025x11x23-a.pdf
2025-11-23,028,BOHECHÍO,SAN JUAN,MINISTERIO DE AGRICULTURA,EMCV,,,0.0,https://indomet.gob.do/wp-content/uploads/2025/11/temperaturas-extremas-y-precipitaciones-2025x11x23-a.pdf
2025-11-23,029,BUCARA (EMA),SANTIAGO,MINISTERIO DE AGRICULTURA,EMAI,,,0.0,https://indomet.gob.do/wp-content/uploads/2025/11/temperaturas-extremas-y-precipitaciones-2025x11x23-a.pdf
2025-11-23,030,CENTRO DE LOS HEROES (EMA),DISTRITO NACIONAL,MINISTERIO DE ENERGIA Y MINA,EMAP,31.2,24.1,0.0,https://indomet.gob.do/wp-content/uploads/2025/11/temperaturas-extremas-y-precipitaciones-2025x11x23-a.pdf
2025-11-23,031,CONSTANZA,LA VEGA,MINISTERIO DE AGRICULTURA,EMCI,24.2,10.0,0.0,https://indomet.gob.do/wp-content/uploads/2025/11/temperaturas-extremas-y-precipitaciones-2025x11x23-a.pdf
2025-11-23,032,CONSTANZA (EMA),LA VEGA,PROGRAMA MUNDIAL DE ALIMENTO,EMAP,23.2,11.2,0.0,https://indomet.gob.do/wp-content/uploads/2025/11/temperaturas-extremas-y-precipitaciones-2025x11x23-a.pdf
2025-11-23,033,DAJABÓN,DAJABÓN,INSTITUTO POLITÉCNICO LOYOLA,EMCI,34.7,19.3,0.0,https://indomet.gob.do/wp-content/uploads/2025/11/temperaturas-extremas-y-precipitaciones-2025x11x23-a.pdf
2025-11-23,034,EL SEIBO,EL SEIBO,MINISTERIO DE AGRICULTURA,EMCV,,,0.0,https://indomet.gob.do/wp-content/uploads/2025/11/temperaturas-extremas-y-precipitaciones-2025x11x23-a.pdf
2025-11-23,035,ELÍAS PIÑA,ELÍAS PIÑA,MINISTERIO DE AGRICULTURA,EMCV,,,0.0,https://indomet.gob.do/wp-content/uploads/2025/11/temperaturas-extremas-y-precipitaciones-2025x11x23-a.pdf
2025-11-23,036,ENRIQUILLO,BARAHONA,MINISTERIO DE AGRICULTURA,EMCV,33.0,22.0,0.0,https://indomet.gob.do/wp-content/uploads/2025/11/temperaturas-extremas-y-precipitaciones-2025x11x23-a.pdf
2025-11-23,037,ESCONDIDO,PERAVIA,MINISTERIO DE AGRICULTURA,EMCV,31.0,23.0,0.0,https://indomet.gob.do/wp-content/uploads/2025/11/temperaturas-extremas-y-precipitaciones-2025x11x23-a.pdf
2025-11-23,038,GASPAR HERNÁNDEZ,ESPAILLAT,PROPIEDAD DEL EMPLEADO,EMCI,,,0.0,https://indomet.gob.do/wp-content/uploads/2025/11/temperaturas-extremas-y-precipitaciones-2025x11x23-a.pdf
2025-11-23,039,GURABO,SANTIAGO,MINISTERIO DE AGRICULTURA,EMCV,,,0.0,https://indomet.gob.do/wp-content/uploads/2025/11/temperaturas-extremas-y-precipitaciones-2025x11x23-a.pdf
2025-11-23,040,HATO MAYOR,HATO MAYOR,MINISTERIO DE AGRICULTURA,EMCV,,,0.0,https://indomet.gob.do/wp-content/uploads/2025/11/temperaturas-extremas-y-precipitaciones-2025x11x23-a.pdf
2025-11-23,041,HONDO VALLE,ELÍAS PIÑA,MINISTERIO DE AGRICULTURA,EMCI,26.1,16.4,0.0,https://indomet.gob.do/wp-content/uploads/2025/11/temperaturas-extremas-y-precipitaciones-2025x11x23-a.pdf
2025-11-23,042,JARABACOA,LA VEGA,INDRHI / MARENA,EMCI,28.0,15.2,0.0,https://indomet.gob.do/wp-content/uploads/2025/11/temperaturas-extremas-y-precipitaciones-2025x11x23-a.pdf
2025-11-23,043,JARDÍN BOTÁNICO NACIONAL,DISTRITO NACIONAL,JARDÍN BOTÁNICO NACIONAL,EMCV,30.9,19.2,0.0,https://indomet.gob.do/wp-content/uploads/2025/11/temperaturas-extremas-y-precipitaciones-2025x11x23-a.pdf
2025-11-23,044,JARDÍN BOTÁNICO SANTIAGO (EMSANTIAGO,,JARDIN BOTANICO SANTIAGO,EMAI,,,0.0,https://indomet.gob.do/wp-content/uploads/2025/11/temperaturas-extremas-y-precipitaciones-2025x11x23-a.pdf
2025-11-23,045,JIMA ABAJO,LA VEGA,INDOMET,EMCI,32.7,21.0,0.0,https://indomet.gob.do/wp-content/uploads/2025/11/temperaturas-extremas-y-precipitaciones-2025x11x23-a.pdf
2025-11-23,046,JIMANÍ,INDEPENDENCIA,MINISTERIO DE AGRICULTURA,EMCI,33.2,22.2,0.0,https://indomet.gob.do/wp-content/uploads/2025/11/temperaturas-extremas-y-precipitaciones-2025x11x23-a.pdf
2025-11-23,047,LA VICTORIA,SANTO DOMINGO,CUERPO DE BOMBEROS,EMCI,33.1,19.5,0.0,https://indomet.gob.do/wp-content/uploads/2025/11/temperaturas-extremas-y-precipitaciones-2025x11x23-a.pdf
2025-11-23,048,LAS CANAS (EMA),MONTE CRISTI,PROGRAMA MUNDIAL DE ALIMENTO,EMAP,28.7,21.6,0.0,https://indomet.gob.do/wp-content/uploads/2025/11/temperaturas-extremas-y-precipitaciones-2025x11x23-a.pdf
2025-11-23,049,LOS LLANOS,SAN PEDRO DE MACORÍS,MINISTERIO DE AGRICULTURA,EMCI,31.8,18.8,0.0,https://indomet.gob.do/wp-content/uploads/2025/11/temperaturas-extremas-y-precipitaciones-2025x11x23-a.pdf
2025-11-23,050,LUPERÓN,PUERTO PLATA,MINISTERIO DE AGRICULTURA,EMCV,,,0.0,https://indomet.gob.do/wp-content/uploads/2025/11/temperaturas-extremas-y-precipitaciones-2025x11x23-a.pdf
2025-11-23,051,MAO,VALVERDE,INDRHI / MINISTERIO DE AGRICULTURA,EMCV,,,0.0,https://indomet.gob.do/wp-content/uploads/2025/11/temperaturas-extremas-y-precipitaciones-2025x11x23-a.pdf
2025-11-23,052,MICHES (EMA),EL SEIBO,PRIVADA,EMAP,29.4,18.6,0.0,https://indomet.gob.do/wp-content/uploads/2025/11/temperaturas-extremas-y-precipitaciones-2025x11x23-a.pdf
2025-11-23,053,MONCIÓN (EMA),SANTIAGO RODRÍGUEZ,PROGRAMA MUNDIAL DE ALIMENTO,EMAP,29.3,16.4,0.0,https://indomet.gob.do/wp-content/uploads/2025/11/temperaturas-extremas-y-precipitaciones-2025x11x23-a.pdf
2025-11-23,054,NAVARRETE,SANTIAGO,MINISTERIO DE AGRICULTURA,EMCV,,,0.0,https://indomet.gob.do/wp-content/uploads/2025/11/temperaturas-extremas-y-precipitaciones-2025x11x23-a.pdf
2025-11-23,055,OLIVARES,PEDERNALES,INDRHI,EMCI,,,0.0,https://indomet.gob.do/wp-content/uploads/2025/11/temperaturas-extremas-y-precipitaciones-2025x11x23-a.pdf
2025-11-23,056,OVIEDO,PEDERNALES,CLÍNICA RURAL OVIEDO,EMCI,32.0,21.0,0.0,https://indomet.gob.do/wp-content/uploads/2025/11/temperaturas-extremas-y-precipitaciones-2025x11x23-a.pdf
2025-11-23,057,PADRE LAS CASAS,AZUA,HOSP. NTRA. SRA. DEL CARMEN,EMCI,31.5,15.2,0.0,https://indomet.gob.do/wp-content/uploads/2025/11/temperaturas-extremas-y-precipitaciones-2025x11x23-a.pdf
2025-11-23,058,PALO ÍNDIO,PUERTO PLATA,MINISTERIO DE AGRICULTURA,EMCI,,,0.0,https://indomet.gob.do/wp-content/uploads/2025/11/temperaturas-extremas-y-precipitaciones-2025x11x23-a.pdf
2025-11-23,059,PASO AL MEDIO,SAN PEDRO DE MACORÍS,INDRHI,EMCI,,,0.0,https://indomet.gob.do/wp-content/uploads/2025/11/temperaturas-extremas-y-precipitaciones-2025x11x23-a.pdf
2025-11-23,060,PEDERNALES,PEDERNALES,INDRHI,EMCI,,,0.0,https://indomet.gob.do/wp-content/uploads/2025/11/temperaturas-extremas-y-precipitaciones-2025x11x23-a.pdf
2025-11-23,061,PERALTA,AZUA,HOSP. MPAL. DE PERALTA,EMCI,29.5,15.4,0.0,https://indomet.gob.do/wp-content/uploads/2025/11/temperaturas-extremas-y-precipitaciones-2025x11x23-a.pdf
2025-11-23,062,PESCADERIA (EMA),BARAHONA,MINISTERIO DE AGRICULTURA,EMAP,,,0.0,https://indomet.gob.do/wp-content/uploads/2025/11/temperaturas-extremas-y-precipitaciones-2025x11x23-a.pdf
2025-11-23,063,POLO,BARAHONA,INDOCAFE,EMCI,27.5,14.0,0.0,https://indomet.gob.do/wp-content/uploads/2025/11/temperaturas-extremas-y-precipitaciones-2025x11x23-a.pdf
2025-11-23,064,PONTÓN ABAJO (EMA),LA VEGA,MINISTERIO DE AGRICULTURA,EMAP,31.3,20.3,0.0,https://indomet.gob.do/wp-content/uploads/2025/11/temperaturas-extremas-y-precipitaciones-2025x11x23-a.pdf
2025-11-23,065,PRESA DE TAVERAS (EMA),LA VEGA,PROGRAMA MUNDIAL DE ALIMENTO,EMAP,28.5,19.2,0.0,https://indomet.gob.do/wp-content/uploads/2025/11/temperaturas-extremas-y-precipitaciones-2025x11x23-a.pdf
2025-11-23,066,RÍO SAN JUAN,MARÍA TRINIDAD SÁNCHEZ,HOSP. MPAL. DR. DESIDERIO ACOSTA,EMCV,30.7,20.4,0.0,https://indomet.gob.do/wp-content/uploads/2025/11/temperaturas-extremas-y-precipitaciones-2025x11x23-a.pdf
2025-11-23,067,SABANA DE LA MAR,HATO MAYOR,INDOMET,EMCI,31.0,18.0,0.0,https://indomet.gob.do/wp-content/uploads/2025/11/temperaturas-extremas-y-precipitaciones-2025x11x23-a.pdf
2025-11-23,068,SABANA GRANDE DE BOYÁ,MONTE PLATA,MINISTERIO DE AGRICULTURA,EMCV,,,0.0,https://indomet.gob.do/wp-content/uploads/2025/11/temperaturas-extremas-y-precipitaciones-2025x11x23-a.pdf
2025-11-23,069,SABANETA (EMA),SANTIAGO RODRÍGUEZ,PROGRAMA MUNDIAL DE ALIMENTO,EMAP,32.9,18.0,0.0,https://indomet.gob.do/wp-content/uploads/2025/11/temperaturas-extremas-y-precipitaciones-2025x11x23-a.pdf
2025-11-23,070,SAJOMA (EMA),SANTIAGO,PLAN SIERRA,EMAI,,,0.0,https://indomet.gob.do/wp-content/uploads/2025/11/temperaturas-extremas-y-precipitaciones-2025x11x23-a.pdf
2025-11-23,071,SALCEDO,HERMANAS MIRABAL,PROPIEDAD DEL EMPLEADO,EMCI,,,0.0,https://indomet.gob.do/wp-content/uploads/2025/11/temperaturas-extremas-y-precipitaciones-2025x11x23-a.pdf
2025-11-23,072,SAN CRISTÓBAL,SAN CRISTÓBAL,INSTITUTO POLITÉCNICO LOYOLA,EMCI,31.2,15.2,0.0,https://indomet.gob.do/wp-content/uploads/2025/11/temperaturas-extremas-y-precipitaciones-2025x11x23-a.pdf
2025-11-23,073,SAN FRANCISCO DE MACORÍS,DUARTE,San Francisco de Macorís (UASD),EMCI,29.8,19.8,0.0,https://indomet.gob.do/wp-content/uploads/2025/11/temperaturas-extremas-y-precipitaciones-2025x11x23-a.pdf
2025-11-23,074,SAN JOSÉ DE OCOA,SAN JOSÉ DE OCOA,HOSP. SAN JOSÉ DE OCOA,EMCI,29.7,19.5,0.0,https://indomet.gob.do/wp-content/uploads/2025/11/temperaturas-extremas-y-precipitaciones-2025x11x23-a.pdf
2025-11-23,075,SÁNCHEZ,SAMANÁ,MINISTERIO DE AGRICULTURA,EMCI,28.5,19.1,0.0,https://indomet.gob.do/wp-content/uploads/2025/11/temperaturas-extremas-y-precipitaciones-2025x11x23-a.pdf
2025-11-23,076,SANTIAGO RODRÍGUEZ,SANTIAGO RODRÍGUEZ,INDOMET,EMCI,32.7,18.2,0.0,https://indomet.gob.do/wp-content/uploads/2025/11/temperaturas-extremas-y-precipitaciones-2025x11x23-a.pdf
2025-11-23,077,SANTO DOMINGO ESTE,SANTO DOMINGO,INDOMET,EMCI,32.5,21.6,0.0,https://indomet.gob.do/wp-content/uploads/2025/11/temperaturas-extremas-y-precipitaciones-2025x11x23-a.pdf
2025-11-23,078,TÁBARA ABAJO,AZUA,INDRHI,EMCI,34.9,20.0,0.0,https://indomet.gob.do/wp-content/uploads/2025/11/temperaturas-extremas-y-precipitaciones-2025x11x23-a.pdf
2025-11-23,079,TAVERA,SANTIAGO,INDRHI,EMCI,,,0.0,https://indomet.gob.do/wp-content/uploads/2025/11/temperaturas-extremas-y-precipitaciones-2025x11x23-a.pdf
2025-11-23,080,VALLE NUEVO (EMA),LA VEGA,MARENA,EMAI,,,0.0,https://indomet.gob.do/wp-content/uploads/2025/11/temperaturas-extremas-y-precipitaciones-2025x11x23-a.pdf
2025-11-23,081,VILLA ALTAGRACIA,SAN CRISTÓBAL,ESCUELA JAVIER ANGULO GURIDI,EMCI,,,0.0,https://indomet.gob.do/wp-content/uploads/2025/11/temperaturas-extremas-y-precipitaciones-2025x11x23-a.pdf
2025-11-23,082,VILLA GONZALE (EMA),SANTIAGO,IGLESIA,EMAI,,,0.0,https://indomet.gob.do/wp-content/uploads/2025/11/temperaturas-extremas-y-precipitaciones-2025x11x23-a.pdf
2025-11-23,083,VILLA GONZALES,SANTIAGO,MINISTERIO DE AGRICULTURA,EMCI,,,0.0,https://indomet.gob.do/wp-content/uploads/2025/11/temperaturas-extremas-y-precipitaciones-2025x11x23-a.pdf
2025-11-23,084,VILLA ISABELA,PUERTO PLATA,MINISTERIO DE AGRICULTURA,EMCV,,,0.0,https://indomet.gob.do/wp-content/uploads/2025/11/temperaturas-extremas-y-precipitaciones-2025x11x23-a.pdf
2025-11-23,085,VILLA RIVA,DUARTE,HOSP. MPAL. ALICIA DE LEGENDRE,EMCI,29.0,19.0,0.0,https://indomet.gob.do/wp-content/uploads/2025/11/temperaturas-extremas-y-precipitaciones-2025x11x23-a.pdf
2025-11-23,086,VILLA VASQUEZ (EMA),MONTE CRISTI,JUNTA DE REGANTES,EMAI,,,0.0,https://indomet.gob.do/wp-content/uploads/2025/11/temperaturas-extremas-y-precipitaciones-2025x11x23-a.pdf
2025-11-24,001,ARPT. EL CATEY,SAMANÁ,INDOMET,EMCI,29.0,20.2,7.1,https://indomet.gob.do/wp-content/uploads/2025/11/temperaturas-extremas-y-precipitaciones-2025x11x24-a.pdf
2025-11-24,002,JARABACOA,LA VEGA,INDRHI / MARENA,EMCI,29.8,15.6,4.9,https://indomet.gob.do/wp-content/uploads/2025/11/temperaturas-extremas-y-precipitaciones-2025x11x24-a.pdf
2025-11-24,003,PONTÓN ABAJO (EMA),LA VEGA,MINISTERIO DE AGRICULTURA,EMAP,32.3,22.1,3.8,https://indomet.gob.do/wp-content/uploads/2025/11/temperaturas-extremas-y-precipitaciones-2025x11x24-a.pdf
2025-11-24,004,SABANA GRANDE DE BOYÁ,MONTE PLATA,MINISTERIO DE AGRICULTURA,EMCV,,,3.6,https://indomet.gob.do/wp-content/uploads/2025/11/temperaturas-extremas-y-precipitaciones-2025x11x24-a.pdf
2025-11-24,005,LA VEGA,LA VEGA,IATESA,EMCI,31.5,21.0,3.1,https://indomet.gob.do/wp-content/uploads/2025/11/temperaturas-extremas-y-precipitaciones-2025x11x24-a.pdf
2025-11-24,006,RANCHO ARRIBA,SAN JOSÉ DE OCOA,CENTRO TECNOLÓGICO COMUNITARIO,EMCI,26.7,13.1,2.8,https://indomet.gob.do/wp-content/uploads/2025/11/temperaturas-extremas-y-precipitaciones-2025x11x24-a.pdf
2025-11-24,007,LUPERÓN,PUERTO PLATA,MINISTERIO DE AGRICULTURA,EMCV,,,2.8,https://indomet.gob.do/wp-content/uploads/2025/11/temperaturas-extremas-y-precipitaciones-2025x11x24-a.pdf
2025-11-24,008,HATO MAYOR,HATO MAYOR,MINISTERIO DE AGRICULTURA,EMCV,,,2.5,https://indomet.gob.do/wp-content/uploads/2025/11/temperaturas-extremas-y-precipitaciones-2025x11x24-a.pdf
2025-11-24,009,MICHES (EMA),EL SEIBO,PRIVADA,EMAP,,,2.4,https://indomet.gob.do/wp-content/uploads/2025/11/temperaturas-extremas-y-precipitaciones-2025x11x24-a.pdf
2025-11-24,010,SABANA DE LA MAR,HATO MAYOR,INDOMET,EMCI,30.5,21.0,2.4,https://indomet.gob.do/wp-content/uploads/2025/11/temperaturas-extremas-y-precipitaciones-2025x11x24-a.pdf
2025-11-24,011,JUMA BEJUCAL,MONSEÑOR NOUEL,IDIAF,EMCV,31.2,19.2,1.6,https://indomet.gob.do/wp-content/uploads/2025/11/temperaturas-extremas-y-precipitaciones-2025x11x24-a.pdf
2025-11-24,012,VILLA GONZALE (EMA),SANTIAGO,IGLESIA,EMAI,,,1.2,https://indomet.gob.do/wp-content/uploads/2025/11/temperaturas-extremas-y-precipitaciones-2025x11x24-a.pdf
2025-11-24,013,EL FACTOR (EMA),MARÍA TRINIDAD SÁNCHEZ,INTEC,EMAP,30.1,21.8,1.0,https://indomet.gob.do/wp-content/uploads/2025/11/temperaturas-extremas-y-precipitaciones-2025x11x24-a.pdf
2025-11-24,014,SAN FRANCISCO DE MACORÍS,DUARTE,San Francisco de Macorís (UASD),EMCI,30.7,20.6,1.0,https://indomet.gob.do/wp-content/uploads/2025/11/temperaturas-extremas-y-precipitaciones-2025x11x24-a.pdf
2025-11-24,015,ALTO BANDERA (EMA),LA VEGA,INTEC,EMAP,11.7,6.0,0.8,https://indomet.gob.do/wp-content/uploads/2025/11/temperaturas-extremas-y-precipitaciones-2025x11x24-a.pdf
2025-11-24,016,CONSTANZA,LA VEGA,MINISTERIO DE AGRICULTURA,EMCI,,12.0,0.8,https://indomet.gob.do/wp-content/uploads/2025/11/temperaturas-extremas-y-precipitaciones-2025x11x24-a.pdf
2025-11-24,017,PALO ÍNDIO,PUERTO PLATA,MINISTERIO DE AGRICULTURA,EMCI,,,0.8,https://indomet.gob.do/wp-content/uploads/2025/11/temperaturas-extremas-y-precipitaciones-2025x11x24-a.pdf
2025-11-24,018,CONSTANZA (EMA),LA VEGA,PROGRAMA MUNDIAL DE ALIMENTO,EMAP,23.7,13.4,0.6,https://indomet.gob.do/wp-content/uploads/2025/11/temperaturas-extremas-y-precipitaciones-2025x11x24-a.pdf
2025-11-24,019,PRESA DE TAVERAS (EMA),LA VEGA,PROGRAMA MUNDIAL DE ALIMENTO,EMAP,28.4,20.7,0.6,https://indomet.gob.do/wp-content/uploads/2025/11/temperaturas-extremas-y-precipitaciones-2025x11x24-a.pdf
2025-11-24,020,SAMANÁ,SAMANÁ,COMANDANCIA DE PUERTO DE SAMANÁ,EMCI,31.5,19.4,0.6,https://indomet.gob.do/wp-content/uploads/2025/11/temperaturas-extremas-y-precipitaciones-2025x11x24-a.pdf
2025-11-24,021,SANTIAGO,SANTIAGO,HUACALITO,EMCI,,,0.6,https://indomet.gob.do/wp-content/uploads/2025/11/temperaturas-extremas-y-precipitaciones-2025x11x24-a.pdf
2025-11-24,022,VALLE NUEVO (EMA),LA VEGA,MARENA,EMAI,11.5,8.5,0.6,https://indomet.gob.do/wp-content/uploads/2025/11/temperaturas-extremas-y-precipitaciones-2025x11x24-a.pdf
2025-11-24,023,VILLA ALTAGRACIA,SAN CRISTÓBAL,ESCUELA JAVIER ANGULO GURIDI,EMCI,,,0.6,https://indomet.gob.do/wp-content/uploads/2025/11/temperaturas-extremas-y-precipitaciones-2025x11x24-a.pdf
2025-11-24,024,ARPT. GREGORIO LUPERÓN,PUERTO PLATA,INDOMET,EMCI,30.2,21.5,0.4,https://indomet.gob.do/wp-content/uploads/2025/11/temperaturas-extremas-y-precipitaciones-2025x11x24-a.pdf
2025-11-24,025,POLO,BARAHONA,INDOCAFE,EMCI,27.0,17.5,0.4,https://indomet.gob.do/wp-content/uploads/2025/11/temperaturas-extremas-y-precipitaciones-2025x11x24-a.pdf
2025-11-24,026,BONAO,MONSEÑOR NOUEL,MINISTERIO DE AGRICULTURA,EMCV,,,0.3,https://indomet.gob.do/wp-content/uploads/2025/11/temperaturas-extremas-y-precipitaciones-2025x11x24-a.pdf
2025-11-24,027,CABRERA,MARÍA TRINIDAD SÁNCHEZ,ESCUELA ARÍSTIDES FIALLO CABRAL,EMCI,31.5,21.2,0.2,https://indomet.gob.do/wp-content/uploads/2025/11/temperaturas-extremas-y-precipitaciones-2025x11x24-a.pdf
2025-11-24,028,ALTAMIRA,PUERTO PLATA,HOSP. MPAL. DE ALTAMIRA,EMCI,29.6,19.0,0.1,https://indomet.gob.do/wp-content/uploads/2025/11/temperaturas-extremas-y-precipitaciones-2025x11x24-a.pdf
2025-11-24,029,SAN RAFAEL DEL YUMA,LA ALTAGRACIA,MINISTERIO DE AGRICULTURA,EMCI,31.9,20.5,0.1,https://indomet.gob.do/wp-content/uploads/2025/11/temperaturas-extremas-y-precipitaciones-2025x11x24-a.pdf
2025-11-24,030,ANAMUYA (EMA),LA ALTAGRACIA,MINISTERIO DE AGRICULTURA,EMAP,30.6,23.1,0.0,https://indomet.gob.do/wp-content/uploads/2025/11/temperaturas-extremas-y-precipitaciones-2025x11x24-a.pdf
2025-11-24,031,ARPT. ARROYO BARRIL,SAMANÁ,INDOMET,EMCI,28.2,22.5,0.0,https://indomet.gob.do/wp-content/uploads/2025/11/temperaturas-extremas-y-precipitaciones-2025x11x24-a.pdf
2025-11-24,032,ARPT. DE LA ROMANA,LA ROMANA,INDOMET,EMCI,30.9,18.0,0.0,https://indomet.gob.do/wp-content/uploads/2025/11/temperaturas-extremas-y-precipitaciones-2025x11x24-a.pdf
2025-11-24,033,ARPT. DE LAS AMÉRICAS,SANTO DOMINGO,INDOMET,EMCI,31.0,20.4,0.0,https://indomet.gob.do/wp-content/uploads/2025/11/temperaturas-extremas-y-precipitaciones-2025x11x24-a.pdf
2025-11-24,034,ARPT. DE PUNTA CANA,LA ALTAGRACIA,INDOMET,EMCI,30.2,23.4,0.0,https://indomet.gob.do/wp-content/uploads/2025/11/temperaturas-extremas-y-precipitaciones-2025x11x24-a.pdf
2025-11-24,035,ARPT. DEL CIBAO,SANTIAGO,INDOMET,EMCI,32.0,18.6,0.0,https://indomet.gob.do/wp-content/uploads/2025/11/temperaturas-extremas-y-precipitaciones-2025x11x24-a.pdf
2025-11-24,036,ARPT. LA ISABELA,SANTO DOMINGO,INDOMET,EMCI,32.0,18.2,0.0,https://indomet.gob.do/wp-content/uploads/2025/11/temperaturas-extremas-y-precipitaciones-2025x11x24-a.pdf
2025-11-24,037,ARPT. MARÍA MONTEZ,BARAHONA,INDOMET,EMCI,31.6,20.5,0.0,https://indomet.gob.do/wp-content/uploads/2025/11/temperaturas-extremas-y-precipitaciones-2025x11x24-a.pdf
2025-11-24,038,ARROYO LORO,SAN JUAN,IDIAF,EMCI,31.3,15.3,0.0,https://indomet.gob.do/wp-content/uploads/2025/11/temperaturas-extremas-y-precipitaciones-2025x11x24-a.pdf
2025-11-24,039,BANI (EMA),PERAVIA,MINISTERIO DE AGRICULTURA,EMAP,31.3,25.2,0.0,https://indomet.gob.do/wp-content/uploads/2025/11/temperaturas-extremas-y-precipitaciones-2025x11x24-a.pdf
2025-11-24,040,BASE AÉREA DE SAN ISIDRO,SANTO DOMINGO,FUERZA AÉREA DOMINICANA,EMCV,32.0,,0.0,https://indomet.gob.do/wp-content/uploads/2025/11/temperaturas-extremas-y-precipitaciones-2025x11x24-a.pdf
2025-11-24,041,BAYAGUANA,MONTE PLATA,INDOMET,EMCI,31.8,17.6,0.0,https://indomet.gob.do/wp-content/uploads/2025/11/temperaturas-extremas-y-precipitaciones-2025x11x24-a.pdf
2025-11-24,042,BOCA DE MAO (EMA),VALVERDE,MINISTERIO DE AGRICULTURA,EMAP,39.2,21.9,0.0,https://indomet.gob.do/wp-content/uploads/2025/11/temperaturas-extremas-y-precipitaciones-2025x11x24-a.pdf
2025-11-24,043,BOHECHÍO,SAN JUAN,MINISTERIO DE AGRICULTURA,EMCV,,,0.0,https://indomet.gob.do/wp-content/uploads/2025/11/temperaturas-extremas-y-precipitaciones-2025x11x24-a.pdf
2025-11-24,044,CENTRO DE LOS HEROES (EMA),DISTRITO NACIONAL,MINISTERIO DE ENERGIA Y MINA,EMAP,31.7,24.9,0.0,https://indomet.gob.do/wp-content/uploads/2025/11/temperaturas-extremas-y-precipitaciones-2025x11x24-a.pdf
2025-11-24,045,DAJABÓN,DAJABÓN,INSTITUTO POLITÉCNICO LOYOLA,EMCI,34.2,19.0,0.0,https://indomet.gob.do/wp-content/uploads/2025/11/temperaturas-extremas-y-precipitaciones-2025x11x24-a.pdf
2025-11-24,046,EL CERCADO,SAN JUAN,MINISTERIO DE AGRICULTURA,EMCV,,,0.0,https://indomet.gob.do/wp-content/uploads/2025/11/temperaturas-extremas-y-precipitaciones-2025x11x24-a.pdf
2025-11-24,047,ELÍAS PIÑA,ELÍAS PIÑA,MINISTERIO DE AGRICULTURA,EMCV,,,0.0,https://indomet.gob.do/wp-content/uploads/2025/11/temperaturas-extremas-y-precipitaciones-2025x11x24-a.pdf
2025-11-24,048,ENRIQUILLO,BARAHONA,MINISTERIO DE AGRICULTURA,EMCV,33.0,22.3,0.0,https://indomet.gob.do/wp-content/uploads/2025/11/temperaturas-extremas-y-precipitaciones-2025x11x24-a.pdf
2025-11-24,049,GASPAR HERNÁNDEZ,ESPAILLAT,PROPIEDAD DEL EMPLEADO,EMCI,,,0.0,https://indomet.gob.do/wp-content/uploads/2025/11/temperaturas-extremas-y-precipitaciones-2025x11x24-a.pdf
2025-11-24,050,GURABO,SANTIAGO,MINISTERIO DE AGRICULTURA,EMCV,,,0.0,https://indomet.gob.do/wp-content/uploads/2025/11/temperaturas-extremas-y-precipitaciones-2025x11x24-a.pdf
2025-11-24,051,HONDO VALLE,ELÍAS PIÑA,MINISTERIO DE AGRICULTURA,EMCI,26.0,15.8,0.0,https://indomet.gob.do/wp-content/uploads/2025/11/temperaturas-extremas-y-precipitaciones-2025x11x24-a.pdf
2025-11-24,052,JARDÍN BOTÁNICO NACIONAL,DISTRITO NACIONAL,JARDÍN BOTÁNICO NACIONAL,EMCV,31.6,18.8,0.0,https://indomet.gob.do/wp-content/uploads/2025/11/temperaturas-extremas-y-precipitaciones-2025x11x24-a.pdf
2025-11-24,053,JIMANÍ,INDEPENDENCIA,MINISTERIO DE AGRICULTURA,EMCI,32.4,21.6,0.0,https://indomet.gob.do/wp-content/uploads/2025/11/temperaturas-extremas-y-precipitaciones-2025x11x24-a.pdf
2025-11-24,054,LA VICTORIA,SANTO DOMINGO,CUERPO DE BOMBEROS,EMCI,33.0,21.5,0.0,https://indomet.gob.do/wp-content/uploads/2025/11/temperaturas-extremas-y-precipitaciones-2025x11x24-a.pdf
2025-11-24,055,LAS CANAS (EMA),MONTE CRISTI,PROGRAMA MUNDIAL DE ALIMENTO,EMAP,24.4,21.8,0.0,https://indomet.gob.do/wp-content/uploads/2025/11/temperaturas-extremas-y-precipitaciones-2025x11x24-a.pdf
2025-11-24,056,LAS MATAS DE SANTA CRUZ (EMA,MONTE CRISTI,PROGRAMA MUNDIAL DE ALIMENTO,EMAP,,,0.0,https://indomet.gob.do/wp-content/uploads/2025/11/temperaturas-extremas-y-precipitaciones-2025x11x24-a.pdf
2025-11-24,057,LOS JENGIBRES,NAGUA,INDRHI,EMCI,,,0.0,https://indomet.gob.do/wp-content/uploads/2025/11/temperaturas-extremas-y-precipitaciones-2025x11x24-a.pdf
2025-11-24,058,LOS LLANOS,SAN PEDRO DE MACORÍS,MINISTERIO DE AGRICULTURA,EMCI,32.5,20.3,0.0,https://indomet.gob.do/wp-content/uploads/2025/11/temperaturas-extremas-y-precipitaciones-2025x11x24-a.pdf
2025-11-24,059,MAO,VALVERDE,INDRHI / MINISTERIO DE AGRICULTURA,EMCV,,,0.0,https://indomet.gob.do/wp-content/uploads/2025/11/temperaturas-extremas-y-precipitaciones-2025x11x24-a.pdf
2025-11-24,060,MONCIÓN (EMA),SANTIAGO RODRÍGUEZ,PROGRAMA MUNDIAL DE ALIMENTO,EMAP,29.2,18.3,0.0,https://indomet.gob.do/wp-content/uploads/2025/11/temperaturas-extremas-y-precipitaciones-2025x11x24-a.pdf
2025-11-24,061,MONTE CRISTI,MONTE CRISTI,INDOMET,EMCI,32.8,21.0,0.0,https://indomet.gob.do/wp-content/uploads/2025/11/temperaturas-extremas-y-precipitaciones-2025x11x24-a.pdf
2025-11-24,062,NAVARRETE,SANTIAGO,MINISTERIO DE AGRICULTURA,EMCV,,,0.0,https://indomet.gob.do/wp-content/uploads/2025/11/temperaturas-extremas-y-precipitaciones-2025x11x24-a.pdf
2025-11-24,063,OLIVARES,PEDERNALES,INDRHI,EMCI,,,0.0,https://indomet.gob.do/wp-content/uploads/2025/11/temperaturas-extremas-y-precipitaciones-2025x11x24-a.pdf
2025-11-24,064,OVIEDO,PEDERNALES,CLÍNICA RURAL OVIEDO,EMCI,32.0,20.0,0.0,https://indomet.gob.do/wp-content/uploads/2025/11/temperaturas-extremas-y-precipitaciones-2025x11x24-a.pdf
2025-11-24,065,PADRE LAS CASAS,AZUA,HOSP. NTRA. SRA. DEL CARMEN,EMCI,31.0,15.0,0.0,https://indomet.gob.do/wp-content/uploads/2025/11/temperaturas-extremas-y-precipitaciones-2025x11x24-a.pdf
2025-11-24,066,PASO AL MEDIO,SAN PEDRO DE MACORÍS,INDRHI,EMCI,,,0.0,https://indomet.gob.do/wp-content/uploads/2025/11/temperaturas-extremas-y-precipitaciones-2025x11x24-a.pdf
2025-11-24,067,PEDERNALES,PEDERNALES,INDRHI,EMCI,,,0.0,https://indomet.gob.do/wp-content/uploads/2025/11/temperaturas-extremas-y-precipitaciones-2025x11x24-a.pdf
2025-11-24,068,PERALTA,AZUA,HOSP. MPAL. DE PERALTA,EMCI,28.9,15.5,0.0,https://indomet.gob.do/wp-content/uploads/2025/11/temperaturas-extremas-y-precipitaciones-2025x11x24-a.pdf
2025-11-24,069,PESCADERIA (EMA),BARAHONA,MINISTERIO DE AGRICULTURA,EMAP,,,0.0,https://indomet.gob.do/wp-content/uploads/2025/11/temperaturas-extremas-y-precipitaciones-2025x11x24-a.pdf
2025-11-24,070,RESTAURACIÓN,DAJABÓN,MINISTERIO DE AGRICULTURA,EMCI,26.7,14.2,0.0,https://indomet.gob.do/wp-content/uploads/2025/11/temperaturas-extremas-y-precipitaciones-2025x11x24-a.pdf
2025-11-24,071,SABANETA (EMA),SANTIAGO RODRÍGUEZ,PROGRAMA MUNDIAL DE ALIMENTO,EMAP,33.0,18.6,0.0,https://indomet.gob.do/wp-content/uploads/2025/11/temperaturas-extremas-y-precipitaciones-2025x11x24-a.pdf
2025-11-24,072,SALCEDO,HERMANAS MIRABAL,PROPIEDAD DEL EMPLEADO,EMCI,,,0.0,https://indomet.gob.do/wp-content/uploads/2025/11/temperaturas-extremas-y-precipitaciones-2025x11x24-a.pdf
2025-11-24,073,SAN CRISTÓBAL,SAN CRISTÓBAL,INSTITUTO POLITÉCNICO LOYOLA,EMCI,31.2,20.2,0.0,https://indomet.gob.do/wp-content/uploads/2025/11/temperaturas-extremas-y-precipitaciones-2025x11x24-a.pdf
2025-11-24,074,SAN JOSÉ DE OCOA,SAN JOSÉ DE OCOA,HOSP. SAN JOSÉ DE OCOA,EMCI,30.2,18.7,0.0,https://indomet.gob.do/wp-content/uploads/2025/11/temperaturas-extremas-y-precipitaciones-2025x11x24-a.pdf
2025-11-24,075,SÁNCHEZ,SAMANÁ,MINISTERIO DE AGRICULTURA,EMCI,29.2,19.5,0.0,https://indomet.gob.do/wp-content/uploads/2025/11/temperaturas-extremas-y-precipitaciones-2025x11x24-a.pdf
2025-11-24,076,SAJOMA (EMA),SANTIAGO,PLAN SIERRA,EMAI,29.4,22.4,0.0,https://indomet.gob.do/wp-content/uploads/2025/11/temperaturas-extremas-y-precipitaciones-2025x11x24-a.pdf
2025-11-24,077,JARDÍN BOTÁNICO SANTIAGO (EMSANTIAGO,,JARDIN BOTANICO SANTIAGO,EMAI,30.6,23.1,0.0,https://indomet.gob.do/wp-content/uploads/2025/11/temperaturas-extremas-y-precipitaciones-2025x11x24-a.pdf
2025-11-24,078,BUCARA (EMA),SANTIAGO,MINISTERIO DE AGRICULTURA,EMAI,,,0.0,https://indomet.gob.do/wp-content/uploads/2025/11/temperaturas-extremas-y-precipitaciones-2025x11x24-a.pdf
2025-11-24,079,VILLA VASQUEZ (EMA),MONTE CRISTI,JUNTA DE REGANTES,EMAI,,,0.0,https://indomet.gob.do/wp-content/uploads/2025/11/temperaturas-extremas-y-precipitaciones-2025x11x24-a.pdf
2025-11-24,080,SANTIAGO RODRÍGUEZ,SANTIAGO RODRÍGUEZ,INDOMET,EMCI,33.0,19.0,0.0,https://indomet.gob.do/wp-content/uploads/2025/11/temperaturas-extremas-y-precipitaciones-2025x11x24-a.pdf
2025-11-24,081,SANTO DOMINGO ESTE,SANTO DOMINGO,INDOMET,EMCI,32.0,22.3,0.0,https://indomet.gob.do/wp-content/uploads/2025/11/temperaturas-extremas-y-precipitaciones-2025x11x24-a.pdf
2025-11-24,082,TÁBARA ABAJO,AZUA,INDRHI,EMCI,32.5,18.7,0.0,https://indomet.gob.do/wp-content/uploads/2025/11/temperaturas-extremas-y-precipitaciones-2025x11x24-a.pdf
2025-11-24,083,TAMBORIL,SANTIAGO,MINISTERIO DE AGRICULTURA,EMCV,,,0.0,https://indomet.gob.do/wp-content/uploads/2025/11/temperaturas-extremas-y-precipitaciones-2025x11x24-a.pdf
2025-11-24,084,JIMA ABAJO,LA VEGA,INDOMET,EMCI,31.6,19.5,0.0,https://indomet.gob.do/wp-content/uploads/2025/11/temperaturas-extremas-y-precipitaciones-2025x11x24-a.pdf
2025-11-24,085,TAVERA,SANTIAGO,INDRHI,EMCI,,,0.0,https://indomet.gob.do/wp-content/uploads/2025/11/temperaturas-extremas-y-precipitaciones-2025x11x24-a.pdf
2025-11-24,086,VILLA GONZALES,SANTIAGO,MINISTERIO DE AGRICULTURA,EMCI,,,0.0,https://indomet.gob.do/wp-content/uploads/2025/11/temperaturas-extremas-y-precipitaciones-2025x11x24-a.pdf
2025-11-24,087,VILLA ISABELA,PUERTO PLATA,MINISTERIO DE AGRICULTURA,EMCV,,,0.0,https://indomet.gob.do/wp-content/uploads/2025/11/temperaturas-extremas-y-precipitaciones-2025x11x24-a.pdf
2025-11-24,088,VILLA RIVA,DUARTE,HOSP. MPAL. ALICIA DE LEGENDRE,EMCI,30.0,18.8,0.0,https://indomet.gob.do/wp-content/uploads/2025/11/temperaturas-extremas-y-precipitaciones-2025x11x24-a.pdf
2025-11-25,001,LOS JENGIBRES,NAGUA,INDRHI,EMCI,,,18.4,https://indomet.gob.do/wp-content/uploads/2025/11/temperaturas-extremas-y-precipitaciones-2025x11x25-a.pdf
2025-11-25,002,RÍO SAN JUAN,MARÍA TRINIDAD SÁNCHEZ,HOSP. MPAL. DR. DESIDERIO ACOSTA,EMCV,30.6,21.5,15.0,https://indomet.gob.do/wp-content/uploads/2025/11/temperaturas-extremas-y-precipitaciones-2025x11x25-a.pdf
2025-11-25,003,ARPT. DE LAS AMÉRICAS,SANTO DOMINGO,INDOMET,EMCI,31.0,20.5,12.4,https://indomet.gob.do/wp-content/uploads/2025/11/temperaturas-extremas-y-precipitaciones-2025x11x25-a.pdf
2025-11-25,004,CABRERA,MARÍA TRINIDAD SÁNCHEZ,ESCUELA ARÍSTIDES FIALLO CABRAL,EMCI,32.0,23.0,9.4,https://indomet.gob.do/wp-content/uploads/2025/11/temperaturas-extremas-y-precipitaciones-2025x11x25-a.pdf
2025-11-25,005,ARPT. GREGORIO LUPERÓN,PUERTO PLATA,INDOMET,EMCI,30.2,21.7,7.9,https://indomet.gob.do/wp-content/uploads/2025/11/temperaturas-extremas-y-precipitaciones-2025x11x25-a.pdf
2025-11-25,006,MONTE CRISTI,MONTE CRISTI,INDOMET,EMCI,32.5,21.5,7.9,https://indomet.gob.do/wp-content/uploads/2025/11/temperaturas-extremas-y-precipitaciones-2025x11x25-a.pdf
2025-11-25,007,GASPAR HERNÁNDEZ,ESPAILLAT,PROPIEDAD DEL EMPLEADO,EMCI,,,5.4,https://indomet.gob.do/wp-content/uploads/2025/11/temperaturas-extremas-y-precipitaciones-2025x11x25-a.pdf
2025-11-25,008,TAVERA,SANTIAGO,INDRHI,EMCI,,,5.2,https://indomet.gob.do/wp-content/uploads/2025/11/temperaturas-extremas-y-precipitaciones-2025x11x25-a.pdf
2025-11-25,009,LUPERÓN,PUERTO PLATA,MINISTERIO DE AGRICULTURA,EMCV,,,5.1,https://indomet.gob.do/wp-content/uploads/2025/11/temperaturas-extremas-y-precipitaciones-2025x11x25-a.pdf
2025-11-25,010,SABANA DE LA MAR,HATO MAYOR,INDOMET,EMCI,30.0,21.0,5.1,https://indomet.gob.do/wp-content/uploads/2025/11/temperaturas-extremas-y-precipitaciones-2025x11x25-a.pdf
2025-11-25,011,MICHES (EMA),EL SEIBO,PRIVADA,EMAP,,,5.0,https://indomet.gob.do/wp-content/uploads/2025/11/temperaturas-extremas-y-precipitaciones-2025x11x25-a.pdf
2025-11-25,012,BONAO,MONSEÑOR NOUEL,MINISTERIO DE AGRICULTURA,EMCV,,,4.8,https://indomet.gob.do/wp-content/uploads/2025/11/temperaturas-extremas-y-precipitaciones-2025x11x25-a.pdf
2025-11-25,013,LA VEGA,LA VEGA,IATESA,EMCI,31.5,21.5,4.7,https://indomet.gob.do/wp-content/uploads/2025/11/temperaturas-extremas-y-precipitaciones-2025x11x25-a.pdf
2025-11-25,014,VALLE NUEVO (EMA),LA VEGA,MARENA,EMAI,16.6,8.6,4.0,https://indomet.gob.do/wp-content/uploads/2025/11/temperaturas-extremas-y-precipitaciones-2025x11x25-a.pdf
2025-11-25,015,PRESA DE TAVERAS (EMA),LA VEGA,PROGRAMA MUNDIAL DE ALIMENTO,EMAP,28.4,20.3,3.8,https://indomet.gob.do/wp-content/uploads/2025/11/temperaturas-extremas-y-precipitaciones-2025x11x25-a.pdf
2025-11-25,016,SAMANÁ,SAMANÁ,COMANDANCIA DE PUERTO DE SAMANÁ,EMCI,31.4,19.6,3.6,https://indomet.gob.do/wp-content/uploads/2025/11/temperaturas-extremas-y-precipitaciones-2025x11x25-a.pdf
2025-11-25,017,JUMA BEJUCAL,MONSEÑOR NOUEL,IDIAF,EMCV,30.8,21.2,3.4,https://indomet.gob.do/wp-content/uploads/2025/11/temperaturas-extremas-y-precipitaciones-2025x11x25-a.pdf
2025-11-25,018,CENTRO DE LOS HEROES (EMA),DISTRITO NACIONAL,MINISTERIO DE ENERGIA Y MINA,EMAP,31.3,24.8,3.0,https://indomet.gob.do/wp-content/uploads/2025/11/temperaturas-extremas-y-precipitaciones-2025x11x25-a.pdf
2025-11-25,019,ALTAMIRA,PUERTO PLATA,HOSP. MPAL. DE ALTAMIRA,EMCI,29.5,19.0,2.3,https://indomet.gob.do/wp-content/uploads/2025/11/temperaturas-extremas-y-precipitaciones-2025x11x25-a.pdf
2025-11-25,020,SANTO DOMINGO ESTE,SANTO DOMINGO,INDOMET,EMCI,32.5,24.0,2.2,https://indomet.gob.do/wp-content/uploads/2025/11/temperaturas-extremas-y-precipitaciones-2025x11x25-a.pdf
2025-11-25,021,GURABO,SANTIAGO,MINISTERIO DE AGRICULTURA,EMCV,,,2.0,https://indomet.gob.do/wp-content/uploads/2025/11/temperaturas-extremas-y-precipitaciones-2025x11x25-a.pdf
2025-11-25,022,PEDERNALES,PEDERNALES,INDRHI,EMCI,,,2.0,https://indomet.gob.do/wp-content/uploads/2025/11/temperaturas-extremas-y-precipitaciones-2025x11x25-a.pdf
2025-11-25,023,JARDÍN BOTÁNICO NACIONAL,DISTRITO NACIONAL,JARDÍN BOTÁNICO NACIONAL,EMCV,30.8,21.2,2.0,https://indomet.gob.do/wp-content/uploads/2025/11/temperaturas-extremas-y-precipitaciones-2025x11x25-a.pdf
2025-11-25,024,BANI (EMA),PERAVIA,MINISTERIO DE AGRICULTURA,EMAP,31.6,24.9,1.8,https://indomet.gob.do/wp-content/uploads/2025/11/temperaturas-extremas-y-precipitaciones-2025x11x25-a.pdf
2025-11-25,025,ESCONDIDO,PERAVIA,MINISTERIO DE AGRICULTURA,EMCV,32.0,24.0,1.8,https://indomet.gob.do/wp-content/uploads/2025/11/temperaturas-extremas-y-precipitaciones-2025x11x25-a.pdf
2025-11-25,026,SANTIAGO,SANTIAGO,HUACALITO,EMCI,,,1.8,https://indomet.gob.do/wp-content/uploads/2025/11/temperaturas-extremas-y-precipitaciones-2025x11x25-a.pdf
2025-11-25,027,VILLA GONZALE (EMA),SANTIAGO,IGLESIA,EMAI,,,1.6,https://indomet.gob.do/wp-content/uploads/2025/11/temperaturas-extremas-y-precipitaciones-2025x11x25-a.pdf
2025-11-25,028,VILLA GONZALES,SANTIAGO,MINISTERIO DE AGRICULTURA,EMCI,,,1.5,https://indomet.gob.do/wp-content/uploads/2025/11/temperaturas-extremas-y-precipitaciones-2025x11x25-a.pdf
2025-11-25,029,POLO,BARAHONA,INDOCAFE,EMCI,26.5,14.9,1.3,https://indomet.gob.do/wp-content/uploads/2025/11/temperaturas-extremas-y-precipitaciones-2025x11x25-a.pdf
2025-11-25,030,NAVARRETE,SANTIAGO,MINISTERIO DE AGRICULTURA,EMCV,,,1.3,https://indomet.gob.do/wp-content/uploads/2025/11/temperaturas-extremas-y-precipitaciones-2025x11x25-a.pdf
2025-11-25,031,RANCHO ARRIBA,SAN JOSÉ DE OCOA,CENTRO TECNOLÓGICO COMUNITARIO,EMCI,25.9,16.8,1.2,https://indomet.gob.do/wp-content/uploads/2025/11/temperaturas-extremas-y-precipitaciones-2025x11x25-a.pdf
2025-11-25,032,EL FACTOR (EMA),MARÍA TRINIDAD SÁNCHEZ,INTEC,EMAP,30.5,22.6,1.0,https://indomet.gob.do/wp-content/uploads/2025/11/temperaturas-extremas-y-precipitaciones-2025x11x25-a.pdf
2025-11-25,033,PALO ÍNDIO,PUERTO PLATA,MINISTERIO DE AGRICULTURA,EMCI,,,1.0,https://indomet.gob.do/wp-content/uploads/2025/11/temperaturas-extremas-y-precipitaciones-2025x11x25-a.pdf
2025-11-25,034,ALTO BANDERA (EMA),LA VEGA,INTEC,EMAP,11.7,3.1,0.8,https://indomet.gob.do/wp-content/uploads/2025/11/temperaturas-extremas-y-precipitaciones-2025x11x25-a.pdf
2025-11-25,035,SAN FRANCISCO DE MACORÍS,DUARTE,San Francisco de Macorís (UASD),EMCI,30.6,20.0,0.8,https://indomet.gob.do/wp-content/uploads/2025/11/temperaturas-extremas-y-precipitaciones-2025x11x25-a.pdf
2025-11-25,036,SÁNCHEZ,SAMANÁ,MINISTERIO DE AGRICULTURA,EMCI,29.7,21.1,0.8,https://indomet.gob.do/wp-content/uploads/2025/11/temperaturas-extremas-y-precipitaciones-2025x11x25-a.pdf
2025-11-25,037,JARDÍN BOTÁNICO SANTIAGO (EMSANTIAGO,,JARDIN BOTANICO SANTIAGO,EMAI,30.2,22.8,0.6,https://indomet.gob.do/wp-content/uploads/2025/11/temperaturas-extremas-y-precipitaciones-2025x11x25-a.pdf
2025-11-25,038,CONSTANZA,LA VEGA,MINISTERIO DE AGRICULTURA,EMCI,23.5,15.0,0.5,https://indomet.gob.do/wp-content/uploads/2025/11/temperaturas-extremas-y-precipitaciones-2025x11x25-a.pdf
2025-11-25,039,CONSTANZA (EMA),LA VEGA,PROGRAMA MUNDIAL DE ALIMENTO,EMAP,22.7,16.2,0.4,https://indomet.gob.do/wp-content/uploads/2025/11/temperaturas-extremas-y-precipitaciones-2025x11x25-a.pdf
2025-11-25,040,ARPT. EL CATEY,SAMANÁ,INDOMET,EMCI,30.0,20.2,0.2,https://indomet.gob.do/wp-content/uploads/2025/11/temperaturas-extremas-y-precipitaciones-2025x11x25-a.pdf
2025-11-25,041,VILLA ALTAGRACIA,SAN CRISTÓBAL,ESCUELA JAVIER ANGULO GURIDI,EMCI,,,0.2,https://indomet.gob.do/wp-content/uploads/2025/11/temperaturas-extremas-y-precipitaciones-2025x11x25-a.pdf
2025-11-25,042,ARPT. LA ISABELA,SANTO DOMINGO,INDOMET,EMCI,32.0,22.0,0.1,https://indomet.gob.do/wp-content/uploads/2025/11/temperaturas-extremas-y-precipitaciones-2025x11x25-a.pdf
2025-11-25,043,HATO MAYOR,HATO MAYOR,MINISTERIO DE AGRICULTURA,EMCV,,,0.1,https://indomet.gob.do/wp-content/uploads/2025/11/temperaturas-extremas-y-precipitaciones-2025x11x25-a.pdf
2025-11-25,044,SABANA GRANDE DE BOYÁ,MONTE PLATA,MINISTERIO DE AGRICULTURA,EMCV,,,0.1,https://indomet.gob.do/wp-content/uploads/2025/11/temperaturas-extremas-y-precipitaciones-2025x11x25-a.pdf
2025-11-25,045,SALCEDO,HERMANAS MIRABAL,PROPIEDAD DEL EMPLEADO,EMCI,,,0.1,https://indomet.gob.do/wp-content/uploads/2025/11/temperaturas-extremas-y-precipitaciones-2025x11x25-a.pdf
2025-11-25,046,ANAMUYA (EMA),LA ALTAGRACIA,MINISTERIO DE AGRICULTURA,EMAP,30.4,23.3,0.0,https://indomet.gob.do/wp-content/uploads/2025/11/temperaturas-extremas-y-precipitaciones-2025x11x25-a.pdf
2025-11-25,047,ARPT. ARROYO BARRIL,SAMANÁ,INDOMET,EMCI,30.8,22.2,0.0,https://indomet.gob.do/wp-content/uploads/2025/11/temperaturas-extremas-y-precipitaciones-2025x11x25-a.pdf
2025-11-25,048,ARPT. DE LA ROMANA,LA ROMANA,INDOMET,EMCI,31.1,20.2,0.0,https://indomet.gob.do/wp-content/uploads/2025/11/temperaturas-extremas-y-precipitaciones-2025x11x25-a.pdf
2025-11-25,049,ARPT. DE PUNTA CANA,LA ALTAGRACIA,INDOMET,EMCI,31.6,22.2,0.0,https://indomet.gob.do/wp-content/uploads/2025/11/temperaturas-extremas-y-precipitaciones-2025x11x25-a.pdf
2025-11-25,050,ARPT. DEL CIBAO,SANTIAGO,INDOMET,EMCI,31.4,20.0,0.0,https://indomet.gob.do/wp-content/uploads/2025/11/temperaturas-extremas-y-precipitaciones-2025x11x25-a.pdf
2025-11-25,051,ARPT. MARÍA MONTEZ,BARAHONA,INDOMET,EMCI,31.7,20.5,0.0,https://indomet.gob.do/wp-content/uploads/2025/11/temperaturas-extremas-y-precipitaciones-2025x11x25-a.pdf
2025-11-25,052,ARROYO LORO,SAN JUAN,IDIAF,EMCI,30.6,14.3,0.0,https://indomet.gob.do/wp-content/uploads/2025/11/temperaturas-extremas-y-precipitaciones-2025x11x25-a.pdf
2025-11-25,053,BAYAGUANA,MONTE PLATA,INDOMET,EMCI,31.0,20.2,0.0,https://indomet.gob.do/wp-content/uploads/2025/11/temperaturas-extremas-y-precipitaciones-2025x11x25-a.pdf
2025-11-25,054,BOCA DE MAO (EMA),VALVERDE,MINISTERIO DE AGRICULTURA,EMAP,32.5,22.3,0.0,https://indomet.gob.do/wp-content/uploads/2025/11/temperaturas-extremas-y-precipitaciones-2025x11x25-a.pdf
2025-11-25,055,BOHECHÍO,SAN JUAN,MINISTERIO DE AGRICULTURA,EMCV,,,0.0,https://indomet.gob.do/wp-content/uploads/2025/11/temperaturas-extremas-y-precipitaciones-2025x11x25-a.pdf
2025-11-25,056,BUCARA (EMA),SANTIAGO,MINISTERIO DE AGRICULTURA,EMAI,,,0.0,https://indomet.gob.do/wp-content/uploads/2025/11/temperaturas-extremas-y-precipitaciones-2025x11x25-a.pdf
2025-11-25,057,DAJABÓN,DAJABÓN,INSTITUTO POLITÉCNICO LOYOLA,EMCI,34.5,19.3,0.0,https://indomet.gob.do/wp-content/uploads/2025/11/temperaturas-extremas-y-precipitaciones-2025x11x25-a.pdf
2025-11-25,058,EL CERCADO,SAN JUAN,MINISTERIO DE AGRICULTURA,EMCV,,,0.0,https://indomet.gob.do/wp-content/uploads/2025/11/temperaturas-extremas-y-precipitaciones-2025x11x25-a.pdf
2025-11-25,059,ELÍAS PIÑA,ELÍAS PIÑA,MINISTERIO DE AGRICULTURA,EMCV,,,0.0,https://indomet.gob.do/wp-content/uploads/2025/11/temperaturas-extremas-y-precipitaciones-2025x11x25-a.pdf
2025-11-25,060,ENRIQUILLO,BARAHONA,MINISTERIO DE AGRICULTURA,EMCV,32.0,24.0,0.0,https://indomet.gob.do/wp-content/uploads/2025/11/temperaturas-extremas-y-precipitaciones-2025x11x25-a.pdf
2025-11-25,061,HONDO VALLE,ELÍAS PIÑA,MINISTERIO DE AGRICULTURA,EMCI,26.3,15.7,0.0,https://indomet.gob.do/wp-content/uploads/2025/11/temperaturas-extremas-y-precipitaciones-2025x11x25-a.pdf
2025-11-25,062,JARABACOA,LA VEGA,INDRHI / MARENA,EMCI,30.0,16.4,0.0,https://indomet.gob.do/wp-content/uploads/2025/11/temperaturas-extremas-y-precipitaciones-2025x11x25-a.pdf
2025-11-25,063,JIMA ABAJO,LA VEGA,INDOMET,EMCI,32.0,20.5,0.0,https://indomet.gob.do/wp-content/uploads/2025/11/temperaturas-extremas-y-precipitaciones-2025x11x25-a.pdf
2025-11-25,064,JIMANÍ,INDEPENDENCIA,MINISTERIO DE AGRICULTURA,EMCI,31.8,22.0,0.0,https://indomet.gob.do/wp-content/uploads/2025/11/temperaturas-extremas-y-precipitaciones-2025x11x25-a.pdf
2025-11-25,065,LA VICTORIA,SANTO DOMINGO,CUERPO DE BOMBEROS,EMCI,32.6,21.5,0.0,https://indomet.gob.do/wp-content/uploads/2025/11/temperaturas-extremas-y-precipitaciones-2025x11x25-a.pdf
2025-11-25,066,LAS CANAS (EMA),MONTE CRISTI,PROGRAMA MUNDIAL DE ALIMENTO,EMAP,29.0,22.4,0.0,https://indomet.gob.do/wp-content/uploads/2025/11/temperaturas-extremas-y-precipitaciones-2025x11x25-a.pdf
2025-11-25,067,LAS MATAS DE SANTA CRUZ (EMA,MONTE CRISTI,PROGRAMA MUNDIAL DE ALIMENTO,EMAP,,,0.0,https://indomet.gob.do/wp-content/uploads/2025/11/temperaturas-extremas-y-precipitaciones-2025x11x25-a.pdf
2025-11-25,068,LOS LLANOS,SAN PEDRO DE MACORÍS,MINISTERIO DE AGRICULTURA,EMCI,32.3,20.4,0.0,https://indomet.gob.do/wp-content/uploads/2025/11/temperaturas-extremas-y-precipitaciones-2025x11x25-a.pdf
2025-11-25,069,LOS TRES CHARCOS (EMA),PEDERNALES,PROPIEDAD DEL VOLUNTARIO,EMAP,,,0.0,https://indomet.gob.do/wp-content/uploads/2025/11/temperaturas-extremas-y-precipitaciones-2025x11x25-a.pdf
2025-11-25,070,MAO,VALVERDE,INDRHI / MINISTERIO DE AGRICULTURA,EMCV,,,0.0,https://indomet.gob.do/wp-content/uploads/2025/11/temperaturas-extremas-y-precipitaciones-2025x11x25-a.pdf
2025-11-25,071,MONCIÓN (EMA),SANTIAGO RODRÍGUEZ,PROGRAMA MUNDIAL DE ALIMENTO,EMAP,31.7,22.1,0.0,https://indomet.gob.do/wp-content/uploads/2025/11/temperaturas-extremas-y-precipitaciones-2025x11x25-a.pdf
2025-11-25,072,OLIVARES,PEDERNALES,INDRHI,EMCI,,,0.0,https://indomet.gob.do/wp-content/uploads/2025/11/temperaturas-extremas-y-precipitaciones-2025x11x25-a.pdf
2025-11-25,073,OVIEDO,PEDERNALES,CLÍNICA RURAL OVIEDO,EMCI,31.5,22.0,0.0,https://indomet.gob.do/wp-content/uploads/2025/11/temperaturas-extremas-y-precipitaciones-2025x11x25-a.pdf
2025-11-25,074,PADRE LAS CASAS,AZUA,HOSP. NTRA. SRA. DEL CARMEN,EMCI,30.9,15.7,0.0,https://indomet.gob.do/wp-content/uploads/2025/11/temperaturas-extremas-y-precipitaciones-2025x11x25-a.pdf
2025-11-25,075,PASO AL MEDIO,SAN PEDRO DE MACORÍS,INDRHI,EMCI,,,0.0,https://indomet.gob.do/wp-content/uploads/2025/11/temperaturas-extremas-y-precipitaciones-2025x11x25-a.pdf
2025-11-25,076,PERALTA,AZUA,HOSP. MPAL. DE PERALTA,EMCI,29.2,15.0,0.0,https://indomet.gob.do/wp-content/uploads/2025/11/temperaturas-extremas-y-precipitaciones-2025x11x25-a.pdf
2025-11-25,077,PESCADERIA (EMA),BARAHONA,MINISTERIO DE AGRICULTURA,EMAP,,,0.0,https://indomet.gob.do/wp-content/uploads/2025/11/temperaturas-extremas-y-precipitaciones-2025x11x25-a.pdf
2025-11-25,078,PONTÓN ABAJO (EMA),LA VEGA,MINISTERIO DE AGRICULTURA,EMAP,32.1,22.1,0.0,https://indomet.gob.do/wp-content/uploads/2025/11/temperaturas-extremas-y-precipitaciones-2025x11x25-a.pdf
2025-11-25,079,RESTAURACIÓN,DAJABÓN,MINISTERIO DE AGRICULTURA,EMCI,26.3,10.8,0.0,https://indomet.gob.do/wp-content/uploads/2025/11/temperaturas-extremas-y-precipitaciones-2025x11x25-a.pdf
2025-11-25,080,SABANETA (EMA),SANTIAGO RODRÍGUEZ,PROGRAMA MUNDIAL DE ALIMENTO,EMAP,32.4,19.9,0.0,https://indomet.gob.do/wp-content/uploads/2025/11/temperaturas-extremas-y-precipitaciones-2025x11x25-a.pdf
2025-11-25,081,SAJOMA (EMA),SANTIAGO,PLAN SIERRA,EMAI,,,0.0,https://indomet.gob.do/wp-content/uploads/2025/11/temperaturas-extremas-y-precipitaciones-2025x11x25-a.pdf
2025-11-25,082,SAN CRISTÓBAL,SAN CRISTÓBAL,INSTITUTO POLITÉCNICO LOYOLA,EMCI,31.2,20.2,0.0,https://indomet.gob.do/wp-content/uploads/2025/11/temperaturas-extremas-y-precipitaciones-2025x11x25-a.pdf
2025-11-25,083,SAN RAFAEL DEL YUMA,LA ALTAGRACIA,MINISTERIO DE AGRICULTURA,EMCI,31.5,21.0,0.0,https://indomet.gob.do/wp-content/uploads/2025/11/temperaturas-extremas-y-precipitaciones-2025x11x25-a.pdf
2025-11-25,084,SANTIAGO RODRÍGUEZ,SANTIAGO RODRÍGUEZ,INDOMET,EMCI,32.5,20.0,0.0,https://indomet.gob.do/wp-content/uploads/2025/11/temperaturas-extremas-y-precipitaciones-2025x11x25-a.pdf
2025-11-25,085,TÁBARA ABAJO,AZUA,INDRHI,EMCI,34.5,20.0,0.0,https://indomet.gob.do/wp-content/uploads/2025/11/temperaturas-extremas-y-precipitaciones-2025x11x25-a.pdf
2025-11-25,086,VILLA ISABELA,PUERTO PLATA,MINISTERIO DE AGRICULTURA,EMCV,,,0.0,https://indomet.gob.do/wp-content/uploads/2025/11/temperaturas-extremas-y-precipitaciones-2025x11x25-a.pdf
2025-11-25,087,VILLA RIVA,DUARTE,HOSP. MPAL. ALICIA DE LEGENDRE,EMCI,30.4,20.0,0.0,https://indomet.gob.do/wp-content/uploads/2025/11/temperaturas-extremas-y-precipitaciones-2025x11x25-a.pdf
2025-11-25,088,VILLA VASQUEZ (EMA),MONTE CRISTI,JUNTA DE REGANTES,EMAI,,,0.0,https://indomet.gob.do/wp-content/uploads/2025/11/temperaturas-extremas-y-precipitaciones-2025x11x25-a.pdf
2025-11-26,001,ARPT. ARROYO BARRIL,SAMANÁ,INDOMET,EMCI,30.5,22.4,28.6,https://indomet.gob.do/wp-content/uploads/2025/11/temperaturas-extremas-y-precipitaciones-2025x11x26-a.pdf
2025-11-26,002,ARPT. EL CATEY,SAMANÁ,INDOMET,EMCI,28.4,21.5,14.8,https://indomet.gob.do/wp-content/uploads/2025/11/temperaturas-extremas-y-precipitaciones-2025x11x26-a.pdf
2025-11-26,003,LOS JENGIBRES,NAGUA,INDRHI,EMCI,,,13.4,https://indomet.gob.do/wp-content/uploads/2025/11/temperaturas-extremas-y-precipitaciones-2025x11x26-a.pdf
2025-11-26,004,SÁNCHEZ,SAMANÁ,MINISTERIO DE AGRICULTURA,EMCI,28.6,20.8,11.4,https://indomet.gob.do/wp-content/uploads/2025/11/temperaturas-extremas-y-precipitaciones-2025x11x26-a.pdf
2025-11-26,005,CABRERA,MARÍA TRINIDAD SÁNCHEZ,ESCUELA ARÍSTIDES FIALLO CABRAL,EMCI,32.5,25.0,9.9,https://indomet.gob.do/wp-content/uploads/2025/11/temperaturas-extremas-y-precipitaciones-2025x11x26-a.pdf
2025-11-26,006,RÍO SAN JUAN,MARÍA TRINIDAD SÁNCHEZ,HOSP. MPAL. DR. DESIDERIO ACOSTA,EMCV,31.3,22.3,9.8,https://indomet.gob.do/wp-content/uploads/2025/11/temperaturas-extremas-y-precipitaciones-2025x11x26-a.pdf
2025-11-26,007,SAMANÁ,SAMANÁ,COMANDANCIA DE PUERTO DE SAMANÁ,EMCI,31.5,19.4,9.2,https://indomet.gob.do/wp-content/uploads/2025/11/temperaturas-extremas-y-precipitaciones-2025x11x26-a.pdf
2025-11-26,008,HATO MAYOR,HATO MAYOR,MINISTERIO DE AGRICULTURA,EMCV,,,9.0,https://indomet.gob.do/wp-content/uploads/2025/11/temperaturas-extremas-y-precipitaciones-2025x11x26-a.pdf
2025-11-26,009,ARPT. DE PUNTA CANA,LA ALTAGRACIA,INDOMET,EMCI,30.2,22.0,8.8,https://indomet.gob.do/wp-content/uploads/2025/11/temperaturas-extremas-y-precipitaciones-2025x11x26-a.pdf
2025-11-26,010,GASPAR HERNÁNDEZ,ESPAILLAT,PROPIEDAD DEL EMPLEADO,EMCI,,,8.2,https://indomet.gob.do/wp-content/uploads/2025/11/temperaturas-extremas-y-precipitaciones-2025x11x26-a.pdf
2025-11-26,011,ANAMUYA (EMA),LA ALTAGRACIA,MINISTERIO DE AGRICULTURA,EMAP,30.2,22.5,6.6,https://indomet.gob.do/wp-content/uploads/2025/11/temperaturas-extremas-y-precipitaciones-2025x11x26-a.pdf
2025-11-26,012,PRESA DE TAVERAS (EMA),LA VEGA,PROGRAMA MUNDIAL DE ALIMENTO,EMAP,28.1,20.9,5.6,https://indomet.gob.do/wp-content/uploads/2025/11/temperaturas-extremas-y-precipitaciones-2025x11x26-a.pdf
2025-11-26,013,MICHES (EMA),EL SEIBO,PRIVADA,EMAP,32.2,25.2,4.6,https://indomet.gob.do/wp-content/uploads/2025/11/temperaturas-extremas-y-precipitaciones-2025x11x26-a.pdf
2025-11-26,014,TAVERA,SANTIAGO,INDRHI,EMCI,,,4.5,https://indomet.gob.do/wp-content/uploads/2025/11/temperaturas-extremas-y-precipitaciones-2025x11x26-a.pdf
2025-11-26,015,SABANA DE LA MAR,HATO MAYOR,INDOMET,EMCI,30.0,21.5,3.5,https://indomet.gob.do/wp-content/uploads/2025/11/temperaturas-extremas-y-precipitaciones-2025x11x26-a.pdf
2025-11-26,016,SALCEDO,HERMANAS MIRABAL,PROPIEDAD DEL EMPLEADO,EMCI,,,2.5,https://indomet.gob.do/wp-content/uploads/2025/11/temperaturas-extremas-y-precipitaciones-2025x11x26-a.pdf
2025-11-26,017,EL FACTOR (EMA),MARÍA TRINIDAD SÁNCHEZ,INTEC,EMAP,29.7,21.6,2.3,https://indomet.gob.do/wp-content/uploads/2025/11/temperaturas-extremas-y-precipitaciones-2025x11x26-a.pdf
2025-11-26,018,BONAO,MONSEÑOR NOUEL,MINISTERIO DE AGRICULTURA,EMCV,,,1.8,https://indomet.gob.do/wp-content/uploads/2025/11/temperaturas-extremas-y-precipitaciones-2025x11x26-a.pdf
2025-11-26,019,ARPT. GREGORIO LUPERÓN,PUERTO PLATA,INDOMET,EMCI,29.6,21.0,1.6,https://indomet.gob.do/wp-content/uploads/2025/11/temperaturas-extremas-y-precipitaciones-2025x11x26-a.pdf
2025-11-26,020,TAMBORIL,SANTIAGO,MINISTERIO DE AGRICULTURA,EMCV,,,1.5,https://indomet.gob.do/wp-content/uploads/2025/11/temperaturas-extremas-y-precipitaciones-2025x11x26-a.pdf
2025-11-26,021,VILLA RIVA,DUARTE,HOSP. MPAL. ALICIA DE LEGENDRE,EMCI,31.0,20.6,1.5,https://indomet.gob.do/wp-content/uploads/2025/11/temperaturas-extremas-y-precipitaciones-2025x11x26-a.pdf
2025-11-26,022,BANI (EMA),PERAVIA,MINISTERIO DE AGRICULTURA,EMAP,31.3,25.1,1.4,https://indomet.gob.do/wp-content/uploads/2025/11/temperaturas-extremas-y-precipitaciones-2025x11x26-a.pdf
2025-11-26,023,VILLA ALTAGRACIA,SAN CRISTÓBAL,ESCUELA JAVIER ANGULO GURIDI,EMCI,,,1.4,https://indomet.gob.do/wp-content/uploads/2025/11/temperaturas-extremas-y-precipitaciones-2025x11x26-a.pdf
2025-11-26,024,GURABO,SANTIAGO,MINISTERIO DE AGRICULTURA,EMCV,,,1.3,https://indomet.gob.do/wp-content/uploads/2025/11/temperaturas-extremas-y-precipitaciones-2025x11x26-a.pdf
2025-11-26,025,PONTÓN ABAJO (EMA),LA VEGA,MINISTERIO DE AGRICULTURA,EMAP,32.3,22.4,1.2,https://indomet.gob.do/wp-content/uploads/2025/11/temperaturas-extremas-y-precipitaciones-2025x11x26-a.pdf
2025-11-26,026,ARPT. DEL CIBAO,SANTIAGO,INDOMET,EMCI,30.7,20.0,1.1,https://indomet.gob.do/wp-content/uploads/2025/11/temperaturas-extremas-y-precipitaciones-2025x11x26-a.pdf
2025-11-26,027,ALTO BANDERA (EMA),LA VEGA,INTEC,EMAP,10.5,5.4,1.0,https://indomet.gob.do/wp-content/uploads/2025/11/temperaturas-extremas-y-precipitaciones-2025x11x26-a.pdf
2025-11-26,028,JARABACOA,LA VEGA,INDRHI / MARENA,EMCI,29.4,16.6,1.0,https://indomet.gob.do/wp-content/uploads/2025/11/temperaturas-extremas-y-precipitaciones-2025x11x26-a.pdf
2025-11-26,029,LA VEGA,LA VEGA,IATESA,EMCI,31.5,21.5,1.0,https://indomet.gob.do/wp-content/uploads/2025/11/temperaturas-extremas-y-precipitaciones-2025x11x26-a.pdf
2025-11-26,030,SAN CRISTÓBAL,SAN CRISTÓBAL,INSTITUTO POLITÉCNICO LOYOLA,EMCI,32.2,20.2,1.0,https://indomet.gob.do/wp-content/uploads/2025/11/temperaturas-extremas-y-precipitaciones-2025x11x26-a.pdf
2025-11-26,031,JUMA BEJUCAL,MONSEÑOR NOUEL,IDIAF,EMCV,31.4,21.2,0.9,https://indomet.gob.do/wp-content/uploads/2025/11/temperaturas-extremas-y-precipitaciones-2025x11x26-a.pdf
2025-11-26,032,SAN FRANCISCO DE MACORÍS,DUARTE,San Francisco de Macorís (UASD),EMCI,31.5,21.0,0.9,https://indomet.gob.do/wp-content/uploads/2025/11/temperaturas-extremas-y-precipitaciones-2025x11x26-a.pdf
2025-11-26,033,JARDÍN BOTÁNICO NACIONAL,DISTRITO NACIONAL,JARDÍN BOTÁNICO NACIONAL,EMCV,31.4,18.6,0.8,https://indomet.gob.do/wp-content/uploads/2025/11/temperaturas-extremas-y-precipitaciones-2025x11x26-a.pdf
2025-11-26,034,CONSTANZA (EMA),LA VEGA,PROGRAMA MUNDIAL DE ALIMENTO,EMAP,23.3,17.2,0.6,https://indomet.gob.do/wp-content/uploads/2025/11/temperaturas-extremas-y-precipitaciones-2025x11x26-a.pdf
2025-11-26,035,VILLA GONZALES,SANTIAGO,MINISTERIO DE AGRICULTURA,EMCI,,,0.5,https://indomet.gob.do/wp-content/uploads/2025/11/temperaturas-extremas-y-precipitaciones-2025x11x26-a.pdf
2025-11-26,036,SAN RAFAEL DEL YUMA,LA ALTAGRACIA,MINISTERIO DE AGRICULTURA,EMCI,31.0,21.8,0.3,https://indomet.gob.do/wp-content/uploads/2025/11/temperaturas-extremas-y-precipitaciones-2025x11x26-a.pdf
2025-11-26,037,VILLA GONZALE (EMA),SANTIAGO,IGLESIA,EMAI,,,0.2,https://indomet.gob.do/wp-content/uploads/2025/11/temperaturas-extremas-y-precipitaciones-2025x11x26-a.pdf
2025-11-26,038,VALLE NUEVO (EMA),LA VEGA,MARENA,EMAI,16.7,9.0,0.2,https://indomet.gob.do/wp-content/uploads/2025/11/temperaturas-extremas-y-precipitaciones-2025x11x26-a.pdf
2025-11-26,039,SABANA GRANDE DE BOYÁ,MONTE PLATA,MINISTERIO DE AGRICULTURA,EMCV,,,0.1,https://indomet.gob.do/wp-content/uploads/2025/11/temperaturas-extremas-y-precipitaciones-2025x11x26-a.pdf
2025-11-26,040,ARPT. DE LA ROMANA,LA ROMANA,INDOMET,EMCI,31.0,20.3,0.0,https://indomet.gob.do/wp-content/uploads/2025/11/temperaturas-extremas-y-precipitaciones-2025x11x26-a.pdf
2025-11-26,041,ARPT. DE LAS AMÉRICAS,SANTO DOMINGO,INDOMET,EMCI,31.0,20.3,0.0,https://indomet.gob.do/wp-content/uploads/2025/11/temperaturas-extremas-y-precipitaciones-2025x11x26-a.pdf
2025-11-26,042,ARPT. LA ISABELA,SANTO DOMINGO,INDOMET,EMCI,32.4,22.0,0.0,https://indomet.gob.do/wp-content/uploads/2025/11/temperaturas-extremas-y-precipitaciones-2025x11x26-a.pdf
2025-11-26,043,ARPT. MARÍA MONTEZ,BARAHONA,INDOMET,EMCI,31.5,20.5,0.0,https://indomet.gob.do/wp-content/uploads/2025/11/temperaturas-extremas-y-precipitaciones-2025x11x26-a.pdf
2025-11-26,044,ARROYO LORO,SAN JUAN,IDIAF,EMCI,30.4,14.6,0.0,https://indomet.gob.do/wp-content/uploads/2025/11/temperaturas-extremas-y-precipitaciones-2025x11x26-a.pdf
2025-11-26,045,BAYAGUANA,MONTE PLATA,INDOMET,EMCI,32.4,19.6,0.0,https://indomet.gob.do/wp-content/uploads/2025/11/temperaturas-extremas-y-precipitaciones-2025x11x26-a.pdf
2025-11-26,046,BOCA DE MAO (EMA),VALVERDE,MINISTERIO DE AGRICULTURA,EMAP,33.3,22.6,0.0,https://indomet.gob.do/wp-content/uploads/2025/11/temperaturas-extremas-y-precipitaciones-2025x11x26-a.pdf
2025-11-26,047,CENTRO DE LOS HEROES (EMA),DISTRITO NACIONAL,MINISTERIO DE ENERGIA Y MINA,EMAP,32.2,25.2,0.0,https://indomet.gob.do/wp-content/uploads/2025/11/temperaturas-extremas-y-precipitaciones-2025x11x26-a.pdf
2025-11-26,048,DAJABÓN,DAJABÓN,INSTITUTO POLITÉCNICO LOYOLA,EMCI,34.3,19.7,0.0,https://indomet.gob.do/wp-content/uploads/2025/11/temperaturas-extremas-y-precipitaciones-2025x11x26-a.pdf
2025-11-26,049,EL CERCADO,SAN JUAN,MINISTERIO DE AGRICULTURA,EMCV,,,0.0,https://indomet.gob.do/wp-content/uploads/2025/11/temperaturas-extremas-y-precipitaciones-2025x11x26-a.pdf
2025-11-26,050,ELÍAS PIÑA,ELÍAS PIÑA,MINISTERIO DE AGRICULTURA,EMCV,,,0.0,https://indomet.gob.do/wp-content/uploads/2025/11/temperaturas-extremas-y-precipitaciones-2025x11x26-a.pdf
2025-11-26,051,ENRIQUILLO,BARAHONA,MINISTERIO DE AGRICULTURA,EMCV,32.5,23.0,0.0,https://indomet.gob.do/wp-content/uploads/2025/11/temperaturas-extremas-y-precipitaciones-2025x11x26-a.pdf
2025-11-26,052,HONDO VALLE,ELÍAS PIÑA,MINISTERIO DE AGRICULTURA,EMCI,26.7,16.6,0.0,https://indomet.gob.do/wp-content/uploads/2025/11/temperaturas-extremas-y-precipitaciones-2025x11x26-a.pdf
2025-11-26,053,JIMANÍ,INDEPENDENCIA,MINISTERIO DE AGRICULTURA,EMCI,33.0,22.0,0.0,https://indomet.gob.do/wp-content/uploads/2025/11/temperaturas-extremas-y-precipitaciones-2025x11x26-a.pdf
2025-11-26,054,LA VICTORIA,SANTO DOMINGO,CUERPO DE BOMBEROS,EMCI,34.0,22.0,0.0,https://indomet.gob.do/wp-content/uploads/2025/11/temperaturas-extremas-y-precipitaciones-2025x11x26-a.pdf
2025-11-26,055,LAS CANAS (EMA),MONTE CRISTI,PROGRAMA MUNDIAL DE ALIMENTO,EMAP,29.4,23.4,0.0,https://indomet.gob.do/wp-content/uploads/2025/11/temperaturas-extremas-y-precipitaciones-2025x11x26-a.pdf
2025-11-26,056,LAS MATAS DE SANTA CRUZ (EMA,MONTE CRISTI,PROGRAMA MUNDIAL DE ALIMENTO,EMAP,,,0.0,https://indomet.gob.do/wp-content/uploads/2025/11/temperaturas-extremas-y-precipitaciones-2025x11x26-a.pdf
2025-11-26,057,LOS LLANOS,SAN PEDRO DE MACORÍS,MINISTERIO DE AGRICULTURA,EMCI,32.5,21.3,0.0,https://indomet.gob.do/wp-content/uploads/2025/11/temperaturas-extremas-y-precipitaciones-2025x11x26-a.pdf
2025-11-26,058,LOS TRES CHARCOS (EMA),PEDERNALES,PROPIEDAD DEL VOLUNTARIO,EMAP,,,0.0,https://indomet.gob.do/wp-content/uploads/2025/11/temperaturas-extremas-y-precipitaciones-2025x11x26-a.pdf
2025-11-26,059,MAO,VALVERDE,INDRHI / MINISTERIO DE AGRICULTURA,EMCV,,,0.0,https://indomet.gob.do/wp-content/uploads/2025/11/temperaturas-extremas-y-precipitaciones-2025x11x26-a.pdf
2025-11-26,060,MONCIÓN (EMA),SANTIAGO RODRÍGUEZ,PROGRAMA MUNDIAL DE ALIMENTO,EMAP,29.3,18.4,0.0,https://indomet.gob.do/wp-content/uploads/2025/11/temperaturas-extremas-y-precipitaciones-2025x11x26-a.pdf
2025-11-26,061,MONTE CRISTI,MONTE CRISTI,INDOMET,EMCI,32.0,22.0,0.0,https://indomet.gob.do/wp-content/uploads/2025/11/temperaturas-extremas-y-precipitaciones-2025x11x26-a.pdf
2025-11-26,062,NAVARRETE,SANTIAGO,MINISTERIO DE AGRICULTURA,EMCV,,,0.0,https://indomet.gob.do/wp-content/uploads/2025/11/temperaturas-extremas-y-precipitaciones-2025x11x26-a.pdf
2025-11-26,063,OLIVARES,PEDERNALES,INDRHI,EMCI,,,0.0,https://indomet.gob.do/wp-content/uploads/2025/11/temperaturas-extremas-y-precipitaciones-2025x11x26-a.pdf
2025-11-26,064,OVIEDO,PEDERNALES,CLÍNICA RURAL OVIEDO,EMCI,31.0,21.0,0.0,https://indomet.gob.do/wp-content/uploads/2025/11/temperaturas-extremas-y-precipitaciones-2025x11x26-a.pdf
2025-11-26,065,PADRE LAS CASAS,AZUA,HOSP. NTRA. SRA. DEL CARMEN,EMCI,31.5,19.0,0.0,https://indomet.gob.do/wp-content/uploads/2025/11/temperaturas-extremas-y-precipitaciones-2025x11x26-a.pdf
2025-11-26,066,PALO ÍNDIO,PUERTO PLATA,MINISTERIO DE AGRICULTURA,EMCI,,,0.0,https://indomet.gob.do/wp-content/uploads/2025/11/temperaturas-extremas-y-precipitaciones-2025x11x26-a.pdf
2025-11-26,067,PASO AL MEDIO,SAN PEDRO DE MACORÍS,INDRHI,EMCI,,,0.0,https://indomet.gob.do/wp-content/uploads/2025/11/temperaturas-extremas-y-precipitaciones-2025x11x26-a.pdf
2025-11-26,068,PEDERNALES,PEDERNALES,INDRHI,EMCI,,,0.0,https://indomet.gob.do/wp-content/uploads/2025/11/temperaturas-extremas-y-precipitaciones-2025x11x26-a.pdf
2025-11-26,069,POLO,BARAHONA,INDOCAFE,EMCI,29.0,13.0,0.0,https://indomet.gob.do/wp-content/uploads/2025/11/temperaturas-extremas-y-precipitaciones-2025x11x26-a.pdf
2025-11-26,070,SABANETA (EMA),SANTIAGO RODRÍGUEZ,PROGRAMA MUNDIAL DE ALIMENTO,EMAP,32.8,19.7,0.0,https://indomet.gob.do/wp-content/uploads/2025/11/temperaturas-extremas-y-precipitaciones-2025x11x26-a.pdf
2025-11-26,071,SAJOMA (EMA),SANTIAGO,PLAN SIERRA,EMAI,29.2,21.6,0.0,https://indomet.gob.do/wp-content/uploads/2025/11/temperaturas-extremas-y-precipitaciones-2025x11x26-a.pdf
2025-11-26,072,JARDÍN BOTÁNICO SANTIAGO (EMSANTIAGO,,JARDIN BOTANICO SANTIAGO,EMAI,25.1,20.8,0.0,https://indomet.gob.do/wp-content/uploads/2025/11/temperaturas-extremas-y-precipitaciones-2025x11x26-a.pdf
2025-11-26,073,BUCARA (EMA),SANTIAGO,MINISTERIO DE AGRICULTURA,EMAI,,,0.0,https://indomet.gob.do/wp-content/uploads/2025/11/temperaturas-extremas-y-precipitaciones-2025x11x26-a.pdf
2025-11-26,074,VILLA VASQUEZ (EMA),MONTE CRISTI,JUNTA DE REGANTES,EMAI,,,0.0,https://indomet.gob.do/wp-content/uploads/2025/11/temperaturas-extremas-y-precipitaciones-2025x11x26-a.pdf
2025-11-26,075,SANTO DOMINGO ESTE,SANTO DOMINGO,INDOMET,EMCI,32.5,23.2,0.0,https://indomet.gob.do/wp-content/uploads/2025/11/temperaturas-extremas-y-precipitaciones-2025x11x26-a.pdf
2025-11-26,076,TÁBARA ABAJO,AZUA,INDRHI,EMCI,32.7,19.5,0.0,https://indomet.gob.do/wp-content/uploads/2025/11/temperaturas-extremas-y-precipitaciones-2025x11x26-a.pdf
2025-11-26,077,VILLA ISABELA,PUERTO PLATA,MINISTERIO DE AGRICULTURA,EMCV,,,0.0,https://indomet.gob.do/wp-content/uploads/2025/11/temperaturas-extremas-y-precipitaciones-2025x11x26-a.pdf
2025-11-27,001,SAMANÁ,SAMANÁ,COMANDANCIA DE PUERTO DE SAMANÁ,EMCI,31.0,18.6,25.4,https://indomet.gob.do/wp-content/uploads/2025/11/temperaturas-extremas-y-precipitaciones-2025x11x27-a.pdf
2025-11-27,002,MICHES (EMA),EL SEIBO,PRIVADA,EMAP,30.1,22.4,20.4,https://indomet.gob.do/wp-content/uploads/2025/11/temperaturas-extremas-y-precipitaciones-2025x11x27-a.pdf
2025-11-27,003,RANCHO ARRIBA,SAN JOSÉ DE OCOA,CENTRO TECNOLÓGICO COMUNITARIO,EMCI,27.3,17.2,19.6,https://indomet.gob.do/wp-content/uploads/2025/11/temperaturas-extremas-y-precipitaciones-2025x11x27-a.pdf
2025-11-27,004,VILLA ALTAGRACIA,SAN CRISTÓBAL,ESCUELA JAVIER ANGULO GURIDI,EMCI,,,15.7,https://indomet.gob.do/wp-content/uploads/2025/11/temperaturas-extremas-y-precipitaciones-2025x11x27-a.pdf
2025-11-27,005,SABANA DE LA MAR,HATO MAYOR,INDOMET,EMCI,30.5,21.0,10.9,https://indomet.gob.do/wp-content/uploads/2025/11/temperaturas-extremas-y-precipitaciones-2025x11x27-a.pdf
2025-11-27,006,SÁNCHEZ,SAMANÁ,MINISTERIO DE AGRICULTURA,EMCI,30.3,21.4,10.4,https://indomet.gob.do/wp-content/uploads/2025/11/temperaturas-extremas-y-precipitaciones-2025x11x27-a.pdf
2025-11-27,007,ARPT. ARROYO BARRIL,SAMANÁ,INDOMET,EMCI,31.3,22.5,10.1,https://indomet.gob.do/wp-content/uploads/2025/11/temperaturas-extremas-y-precipitaciones-2025x11x27-a.pdf
2025-11-27,008,CABRERA,MARÍA TRINIDAD SÁNCHEZ,ESCUELA ARÍSTIDES FIALLO CABRAL,EMCI,31.8,23.4,9.5,https://indomet.gob.do/wp-content/uploads/2025/11/temperaturas-extremas-y-precipitaciones-2025x11x27-a.pdf
2025-11-27,009,SABANA GRANDE DE BOYÁ,MONTE PLATA,MINISTERIO DE AGRICULTURA,EMCV,,,6.1,https://indomet.gob.do/wp-content/uploads/2025/11/temperaturas-extremas-y-precipitaciones-2025x11x27-a.pdf
2025-11-27,010,ALTO BANDERA (EMA),LA VEGA,INTEC,EMAP,10.3,5.3,5.6,https://indomet.gob.do/wp-content/uploads/2025/11/temperaturas-extremas-y-precipitaciones-2025x11x27-a.pdf
2025-11-27,011,JARABACOA,LA VEGA,INDRHI / MARENA,EMCI,29.6,15.0,5.5,https://indomet.gob.do/wp-content/uploads/2025/11/temperaturas-extremas-y-precipitaciones-2025x11x27-a.pdf
2025-11-27,012,RÍO SAN JUAN,MARÍA TRINIDAD SÁNCHEZ,HOSP. MPAL. DR. DESIDERIO ACOSTA,EMCV,31.1,21.7,5.2,https://indomet.gob.do/wp-content/uploads/2025/11/temperaturas-extremas-y-precipitaciones-2025x11x27-a.pdf
2025-11-27,013,SAN RAFAEL DEL YUMA,LA ALTAGRACIA,MINISTERIO DE AGRICULTURA,EMCI,31.9,21.4,3.6,https://indomet.gob.do/wp-content/uploads/2025/11/temperaturas-extremas-y-precipitaciones-2025x11x27-a.pdf
2025-11-27,014,GASPAR HERNÁNDEZ,ESPAILLAT,PROPIEDAD DEL EMPLEADO,EMCI,,,3.5,https://indomet.gob.do/wp-content/uploads/2025/11/temperaturas-extremas-y-precipitaciones-2025x11x27-a.pdf
2025-11-27,015,ARPT. DE PUNTA CANA,LA ALTAGRACIA,INDOMET,EMCI,31.0,22.0,3.4,https://indomet.gob.do/wp-content/uploads/2025/11/temperaturas-extremas-y-precipitaciones-2025x11x27-a.pdf
2025-11-27,016,ARPT. LA ISABELA,SANTO DOMINGO,INDOMET,EMCI,32.0,20.5,3.3,https://indomet.gob.do/wp-content/uploads/2025/11/temperaturas-extremas-y-precipitaciones-2025x11x27-a.pdf
2025-11-27,017,ANAMUYA (EMA),LA ALTAGRACIA,MINISTERIO DE AGRICULTURA,EMAP,30.8,2.3,2.8,https://indomet.gob.do/wp-content/uploads/2025/11/temperaturas-extremas-y-precipitaciones-2025x11x27-a.pdf
2025-11-27,018,PADRE LAS CASAS,AZUA,HOSP. NTRA. SRA. DEL CARMEN,EMCI,31.5,17.0,2.4,https://indomet.gob.do/wp-content/uploads/2025/11/temperaturas-extremas-y-precipitaciones-2025x11x27-a.pdf
2025-11-27,019,EL FACTOR (EMA),MARÍA TRINIDAD SÁNCHEZ,INTEC,EMAP,29.4,21.4,2.3,https://indomet.gob.do/wp-content/uploads/2025/11/temperaturas-extremas-y-precipitaciones-2025x11x27-a.pdf
2025-11-27,020,ALTAMIRA,PUERTO PLATA,HOSP. MPAL. DE ALTAMIRA,EMCI,29.7,19.4,2.0,https://indomet.gob.do/wp-content/uploads/2025/11/temperaturas-extremas-y-precipitaciones-2025x11x27-a.pdf
2025-11-27,021,ELÍAS PIÑA,ELÍAS PIÑA,MINISTERIO DE AGRICULTURA,EMCV,,,2.0,https://indomet.gob.do/wp-content/uploads/2025/11/temperaturas-extremas-y-precipitaciones-2025x11x27-a.pdf
2025-11-27,022,VALLE NUEVO (EMA),LA VEGA,MARENA,EMAI,16.2,6.6,2.0,https://indomet.gob.do/wp-content/uploads/2025/11/temperaturas-extremas-y-precipitaciones-2025x11x27-a.pdf
2025-11-27,023,CONSTANZA (EMA),LA VEGA,PROGRAMA MUNDIAL DE ALIMENTO,EMAP,24.5,12.6,1.2,https://indomet.gob.do/wp-content/uploads/2025/11/temperaturas-extremas-y-precipitaciones-2025x11x27-a.pdf
2025-11-27,024,ARPT. DE LAS AMÉRICAS,SANTO DOMINGO,INDOMET,EMCI,31.0,21.8,1.0,https://indomet.gob.do/wp-content/uploads/2025/11/temperaturas-extremas-y-precipitaciones-2025x11x27-a.pdf
2025-11-27,025,ARPT. EL CATEY,SAMANÁ,INDOMET,EMCI,28.8,21.0,1.0,https://indomet.gob.do/wp-content/uploads/2025/11/temperaturas-extremas-y-precipitaciones-2025x11x27-a.pdf
2025-11-27,026,JIMA ABAJO,LA VEGA,INDOMET,EMCI,33.0,20.0,1.0,https://indomet.gob.do/wp-content/uploads/2025/11/temperaturas-extremas-y-precipitaciones-2025x11x27-a.pdf
2025-11-27,027,SAN FRANCISCO DE MACORÍS,DUARTE,San Francisco de Macorís (UASD),EMCI,29.6,20.4,0.9,https://indomet.gob.do/wp-content/uploads/2025/11/temperaturas-extremas-y-precipitaciones-2025x11x27-a.pdf
2025-11-27,028,HATO MAYOR,HATO MAYOR,MINISTERIO DE AGRICULTURA,EMCV,,,0.5,https://indomet.gob.do/wp-content/uploads/2025/11/temperaturas-extremas-y-precipitaciones-2025x11x27-a.pdf
2025-11-27,029,VILLA GONZALE (EMA),SANTIAGO,IGLESIA,EMAI,,,0.4,https://indomet.gob.do/wp-content/uploads/2025/11/temperaturas-extremas-y-precipitaciones-2025x11x27-a.pdf
2025-11-27,030,ARPT. DEL CIBAO,SANTIAGO,INDOMET,EMCI,31.4,19.8,0.2,https://indomet.gob.do/wp-content/uploads/2025/11/temperaturas-extremas-y-precipitaciones-2025x11x27-a.pdf
2025-11-27,031,BAYAGUANA,MONTE PLATA,INDOMET,EMCI,32.8,20.8,0.2,https://indomet.gob.do/wp-content/uploads/2025/11/temperaturas-extremas-y-precipitaciones-2025x11x27-a.pdf
2025-11-27,032,PRESA DE TAVERAS (EMA),LA VEGA,PROGRAMA MUNDIAL DE ALIMENTO,EMAP,28.2,20.2,0.2,https://indomet.gob.do/wp-content/uploads/2025/11/temperaturas-extremas-y-precipitaciones-2025x11x27-a.pdf
2025-11-27,033,ARPT. DE LA ROMANA,LA ROMANA,INDOMET,EMCI,31.1,20.9,0.1,https://indomet.gob.do/wp-content/uploads/2025/11/temperaturas-extremas-y-precipitaciones-2025x11x27-a.pdf
2025-11-27,034,ARPT. GREGORIO LUPERÓN,PUERTO PLATA,INDOMET,EMCI,30.7,20.8,0.0,https://indomet.gob.do/wp-content/uploads/2025/11/temperaturas-extremas-y-precipitaciones-2025x11x27-a.pdf
2025-11-27,035,ARPT. MARÍA MONTEZ,BARAHONA,INDOMET,EMCI,31.5,21.0,0.0,https://indomet.gob.do/wp-content/uploads/2025/11/temperaturas-extremas-y-precipitaciones-2025x11x27-a.pdf
2025-11-27,036,ARROYO LORO,SAN JUAN,IDIAF,EMCI,32.0,15.8,0.0,https://indomet.gob.do/wp-content/uploads/2025/11/temperaturas-extremas-y-precipitaciones-2025x11x27-a.pdf
2025-11-27,037,BANI (EMA),PERAVIA,MINISTERIO DE AGRICULTURA,EMAP,30.8,24.9,0.0,https://indomet.gob.do/wp-content/uploads/2025/11/temperaturas-extremas-y-precipitaciones-2025x11x27-a.pdf
2025-11-27,038,BASE AÉREA DE SAN ISIDRO,SANTO DOMINGO,FUERZA AÉREA DOMINICANA,EMCV,33.0,22.0,0.0,https://indomet.gob.do/wp-content/uploads/2025/11/temperaturas-extremas-y-precipitaciones-2025x11x27-a.pdf
2025-11-27,039,BOCA DE MAO (EMA),VALVERDE,MINISTERIO DE AGRICULTURA,EMAP,33.4,21.9,0.0,https://indomet.gob.do/wp-content/uploads/2025/11/temperaturas-extremas-y-precipitaciones-2025x11x27-a.pdf
2025-11-27,040,BUCARA (EMA),SANTIAGO,MINISTERIO DE AGRICULTURA,EMAI,,,0.0,https://indomet.gob.do/wp-content/uploads/2025/11/temperaturas-extremas-y-precipitaciones-2025x11x27-a.pdf
2025-11-27,041,CENTRO DE LOS HEROES (EMA),DISTRITO NACIONAL,MINISTERIO DE ENERGIA Y MINA,EMAP,31.9,25.2,0.0,https://indomet.gob.do/wp-content/uploads/2025/11/temperaturas-extremas-y-precipitaciones-2025x11x27-a.pdf
2025-11-27,042,DAJABÓN,DAJABÓN,INSTITUTO POLITÉCNICO LOYOLA,EMCI,34.8,21.3,0.0,https://indomet.gob.do/wp-content/uploads/2025/11/temperaturas-extremas-y-precipitaciones-2025x11x27-a.pdf
2025-11-27,043,ENRIQUILLO,BARAHONA,MINISTERIO DE AGRICULTURA,EMCV,32.5,24.0,0.0,https://indomet.gob.do/wp-content/uploads/2025/11/temperaturas-extremas-y-precipitaciones-2025x11x27-a.pdf
2025-11-27,044,ESCONDIDO,PERAVIA,MINISTERIO DE AGRICULTURA,EMCV,31.0,25.0,0.0,https://indomet.gob.do/wp-content/uploads/2025/11/temperaturas-extremas-y-precipitaciones-2025x11x27-a.pdf
2025-11-27,045,GURABO,SANTIAGO,MINISTERIO DE AGRICULTURA,EMCV,,,0.0,https://indomet.gob.do/wp-content/uploads/2025/11/temperaturas-extremas-y-precipitaciones-2025x11x27-a.pdf
2025-11-27,046,HONDO VALLE,ELÍAS PIÑA,MINISTERIO DE AGRICULTURA,EMCI,26.4,16.0,0.0,https://indomet.gob.do/wp-content/uploads/2025/11/temperaturas-extremas-y-precipitaciones-2025x11x27-a.pdf
2025-11-27,047,JARDÍN BOTÁNICO NACIONAL,DISTRITO NACIONAL,JARDÍN BOTÁNICO NACIONAL,EMCV,30.6,19.1,0.0,https://indomet.gob.do/wp-content/uploads/2025/11/temperaturas-extremas-y-precipitaciones-2025x11x27-a.pdf
2025-11-27,048,JARDÍN BOTÁNICO SANTIAGO (EMSANTIAGO,,JARDIN BOTANICO SANTIAGO,EMAI,31.1,21.2,0.0,https://indomet.gob.do/wp-content/uploads/2025/11/temperaturas-extremas-y-precipitaciones-2025x11x27-a.pdf
2025-11-27,049,JIMANÍ,INDEPENDENCIA,MINISTERIO DE AGRICULTURA,EMCI,33.0,22.6,0.0,https://indomet.gob.do/wp-content/uploads/2025/11/temperaturas-extremas-y-precipitaciones-2025x11x27-a.pdf
2025-11-27,050,JUMA BEJUCAL,MONSEÑOR NOUEL,IDIAF,EMCV,32.6,20.6,0.0,https://indomet.gob.do/wp-content/uploads/2025/11/temperaturas-extremas-y-precipitaciones-2025x11x27-a.pdf
2025-11-27,051,LA VEGA,LA VEGA,IATESA,EMCI,31.7,21.0,0.0,https://indomet.gob.do/wp-content/uploads/2025/11/temperaturas-extremas-y-precipitaciones-2025x11x27-a.pdf
2025-11-27,052,LA VICTORIA,SANTO DOMINGO,CUERPO DE BOMBEROS,EMCI,33.0,21.8,0.0,https://indomet.gob.do/wp-content/uploads/2025/11/temperaturas-extremas-y-precipitaciones-2025x11x27-a.pdf
2025-11-27,053,LAS CANAS (EMA),MONTE CRISTI,PROGRAMA MUNDIAL DE ALIMENTO,EMAP,29.9,23.2,0.0,https://indomet.gob.do/wp-content/uploads/2025/11/temperaturas-extremas-y-precipitaciones-2025x11x27-a.pdf
2025-11-27,054,LAS MATAS DE SANTA CRUZ (EMA,MONTE CRISTI,PROGRAMA MUNDIAL DE ALIMENTO,EMAP,,,0.0,https://indomet.gob.do/wp-content/uploads/2025/11/temperaturas-extremas-y-precipitaciones-2025x11x27-a.pdf
2025-11-27,055,LOS LLANOS,SAN PEDRO DE MACORÍS,MINISTERIO DE AGRICULTURA,EMCI,32.4,21.3,0.0,https://indomet.gob.do/wp-content/uploads/2025/11/temperaturas-extremas-y-precipitaciones-2025x11x27-a.pdf
2025-11-27,056,MAO,VALVERDE,INDRHI / MINISTERIO DE AGRICULTURA,EMCV,,,0.0,https://indomet.gob.do/wp-content/uploads/2025/11/temperaturas-extremas-y-precipitaciones-2025x11x27-a.pdf
2025-11-27,057,MONCIÓN (EMA),SANTIAGO RODRÍGUEZ,PROGRAMA MUNDIAL DE ALIMENTO,EMAP,29.7,17.7,0.0,https://indomet.gob.do/wp-content/uploads/2025/11/temperaturas-extremas-y-precipitaciones-2025x11x27-a.pdf
2025-11-27,058,MONTE CRISTI,MONTE CRISTI,INDOMET,EMCI,33.5,21.6,0.0,https://indomet.gob.do/wp-content/uploads/2025/11/temperaturas-extremas-y-precipitaciones-2025x11x27-a.pdf
2025-11-27,059,OLIVARES,PEDERNALES,INDRHI,EMCI,,,0.0,https://indomet.gob.do/wp-content/uploads/2025/11/temperaturas-extremas-y-precipitaciones-2025x11x27-a.pdf
2025-11-27,060,OVIEDO,PEDERNALES,CLÍNICA RURAL OVIEDO,EMCI,32.0,22.0,0.0,https://indomet.gob.do/wp-content/uploads/2025/11/temperaturas-extremas-y-precipitaciones-2025x11x27-a.pdf
2025-11-27,061,PALO ÍNDIO,PUERTO PLATA,MINISTERIO DE AGRICULTURA,EMCI,,,0.0,https://indomet.gob.do/wp-content/uploads/2025/11/temperaturas-extremas-y-precipitaciones-2025x11x27-a.pdf
2025-11-27,062,PARQUE MIRADOR SUR,DISTRITO NACIONAL,AYUNTAMIENTO,EMCV,32.0,22.3,0.0,https://indomet.gob.do/wp-content/uploads/2025/11/temperaturas-extremas-y-precipitaciones-2025x11x27-a.pdf
2025-11-27,063,PEDERNALES,PEDERNALES,INDRHI,EMCI,,,0.0,https://indomet.gob.do/wp-content/uploads/2025/11/temperaturas-extremas-y-precipitaciones-2025x11x27-a.pdf
2025-11-27,064,PESCADERIA (EMA),BARAHONA,MINISTERIO DE AGRICULTURA,EMAP,,,0.0,https://indomet.gob.do/wp-content/uploads/2025/11/temperaturas-extremas-y-precipitaciones-2025x11x27-a.pdf
2025-11-27,065,POLO,BARAHONA,INDOCAFE,EMCI,28.6,12.2,0.0,https://indomet.gob.do/wp-content/uploads/2025/11/temperaturas-extremas-y-precipitaciones-2025x11x27-a.pdf
2025-11-27,066,PONTÓN ABAJO (EMA),LA VEGA,MINISTERIO DE AGRICULTURA,EMAP,31.6,21.1,0.0,https://indomet.gob.do/wp-content/uploads/2025/11/temperaturas-extremas-y-precipitaciones-2025x11x27-a.pdf
2025-11-27,067,RESTAURACIÓN,DAJABÓN,MINISTERIO DE AGRICULTURA,EMCI,,,0.0,https://indomet.gob.do/wp-content/uploads/2025/11/temperaturas-extremas-y-precipitaciones-2025x11x27-a.pdf
2025-11-27,068,SABANETA (EMA),SANTIAGO RODRÍGUEZ,PROGRAMA MUNDIAL DE ALIMENTO,EMAP,33.9,19.8,0.0,https://indomet.gob.do/wp-content/uploads/2025/11/temperaturas-extremas-y-precipitaciones-2025x11x27-a.pdf
2025-11-27,069,SALCEDO,HERMANAS MIRABAL,PROPIEDAD DEL EMPLEADO,EMCI,,,0.0,https://indomet.gob.do/wp-content/uploads/2025/11/temperaturas-extremas-y-precipitaciones-2025x11x27-a.pdf
2025-11-27,070,SAN CRISTÓBAL,SAN CRISTÓBAL,INSTITUTO POLITÉCNICO LOYOLA,EMCI,32.2,21.0,0.0,https://indomet.gob.do/wp-content/uploads/2025/11/temperaturas-extremas-y-precipitaciones-2025x11x27-a.pdf
2025-11-27,071,SANTO DOMINGO ESTE,SANTO DOMINGO,INDOMET,EMCI,32.5,24.2,0.0,https://indomet.gob.do/wp-content/uploads/2025/11/temperaturas-extremas-y-precipitaciones-2025x11x27-a.pdf
2025-11-27,072,TÁBARA ABAJO,AZUA,INDRHI,EMCI,31.7,19.2,0.0,https://indomet.gob.do/wp-content/uploads/2025/11/temperaturas-extremas-y-precipitaciones-2025x11x27-a.pdf
2025-11-27,073,TAMBORIL,SANTIAGO,MINISTERIO DE AGRICULTURA,EMCV,,,0.0,https://indomet.gob.do/wp-content/uploads/2025/11/temperaturas-extremas-y-precipitaciones-2025x11x27-a.pdf
2025-11-27,074,VILLA GONZALES,SANTIAGO,MINISTERIO DE AGRICULTURA,EMCI,,,0.0,https://indomet.gob.do/wp-content/uploads/2025/11/temperaturas-extremas-y-precipitaciones-2025x11x27-a.pdf
2025-11-27,075,VILLA RIVA,DUARTE,HOSP. MPAL. ALICIA DE LEGENDRE,EMCI,29.5,21.0,0.0,https://indomet.gob.do/wp-content/uploads/2025/11/temperaturas-extremas-y-precipitaciones-2025x11x27-a.pdf
2025-11-27,076,VILLA VASQUEZ (EMA),MONTE CRISTI,JUNTA DE REGANTES,EMAI,,,0.0,https://indomet.gob.do/wp-content/uploads/2025/11/temperaturas-extremas-y-precipitaciones-2025x11x27-a.pdf
2025-11-27,077,SAJOMA (EMA),SANTIAGO,PLAN SIERRA,EMAI,29.2,21.9,,https://indomet.gob.do/wp-content/uploads/2025/11/temperaturas-extremas-y-precipitaciones-2025x11x27-a.pdf
2025-11-28,001,ARPT. ARROYO BARRIL,SAMANÁ,INDOMET,EMCI,28.3,22.0,64.6,https://indomet.gob.do/wp-content/uploads/2025/11/temperaturas-extremas-y-precipitaciones-2025x11x28-a.pdf
2025-11-28,002,LOS LLANOS,SAN PEDRO DE MACORÍS,MINISTERIO DE AGRICULTURA,EMCI,32.0,20.5,29.6,https://indomet.gob.do/wp-content/uploads/2025/11/temperaturas-extremas-y-precipitaciones-2025x11x28-a.pdf
2025-11-28,003,SABANA DE LA MAR,HATO MAYOR,INDOMET,EMCI,29.0,20.5,29.4,https://indomet.gob.do/wp-content/uploads/2025/11/temperaturas-extremas-y-precipitaciones-2025x11x28-a.pdf
2025-11-28,004,CABRERA,MARÍA TRINIDAD SÁNCHEZ,ESCUELA ARÍSTIDES FIALLO CABRAL,EMCI,30.0,24.5,28.3,https://indomet.gob.do/wp-content/uploads/2025/11/temperaturas-extremas-y-precipitaciones-2025x11x28-a.pdf
2025-11-28,005,SÁNCHEZ,SAMANÁ,MINISTERIO DE AGRICULTURA,EMCI,27.9,21.0,23.6,https://indomet.gob.do/wp-content/uploads/2025/11/temperaturas-extremas-y-precipitaciones-2025x11x28-a.pdf
2025-11-28,006,SANTO DOMINGO ESTE,SANTO DOMINGO,INDOMET,EMCI,32.0,24.5,21.8,https://indomet.gob.do/wp-content/uploads/2025/11/temperaturas-extremas-y-precipitaciones-2025x11x28-a.pdf
2025-11-28,007,LA VICTORIA,SANTO DOMINGO,CUERPO DE BOMBEROS,EMCI,27.0,20.6,17.8,https://indomet.gob.do/wp-content/uploads/2025/11/temperaturas-extremas-y-precipitaciones-2025x11x28-a.pdf
2025-11-28,008,ARPT. EL CATEY,SAMANÁ,INDOMET,EMCI,27.5,20.5,17.5,https://indomet.gob.do/wp-content/uploads/2025/11/temperaturas-extremas-y-precipitaciones-2025x11x28-a.pdf
2025-11-28,009,ARPT. DE PUNTA CANA,LA ALTAGRACIA,INDOMET,EMCI,31.4,20.2,16.0,https://indomet.gob.do/wp-content/uploads/2025/11/temperaturas-extremas-y-precipitaciones-2025x11x28-a.pdf
2025-11-28,010,SAMANÁ,SAMANÁ,COMANDANCIA DE PUERTO DE SAMANÁ,EMCI,30.6,18.6,15.8,https://indomet.gob.do/wp-content/uploads/2025/11/temperaturas-extremas-y-precipitaciones-2025x11x28-a.pdf
2025-11-28,011,ARPT. DE LAS AMÉRICAS,SANTO DOMINGO,INDOMET,EMCI,31.5,21.5,15.0,https://indomet.gob.do/wp-content/uploads/2025/11/temperaturas-extremas-y-precipitaciones-2025x11x28-a.pdf
2025-11-28,012,MICHES (EMA),EL SEIBO,PRIVADA,EMAP,28.4,21.6,15.0,https://indomet.gob.do/wp-content/uploads/2025/11/temperaturas-extremas-y-precipitaciones-2025x11x28-a.pdf
2025-11-28,013,BASE AÉREA DE SAN ISIDRO,SANTO DOMINGO,FUERZA AÉREA DOMINICANA,EMCV,32.0,21.1,10.3,https://indomet.gob.do/wp-content/uploads/2025/11/temperaturas-extremas-y-precipitaciones-2025x11x28-a.pdf
2025-11-28,014,SALCEDO,HERMANAS MIRABAL,PROPIEDAD DEL EMPLEADO,EMCI,,,10.0,https://indomet.gob.do/wp-content/uploads/2025/11/temperaturas-extremas-y-precipitaciones-2025x11x28-a.pdf
2025-11-28,015,ARPT. LA ISABELA,SANTO DOMINGO,INDOMET,EMCI,32.2,21.0,9.0,https://indomet.gob.do/wp-content/uploads/2025/11/temperaturas-extremas-y-precipitaciones-2025x11x28-a.pdf
2025-11-28,016,BUCARA (EMA),SANTIAGO,MINISTERIO DE AGRICULTURA,EMAI,,,9.0,https://indomet.gob.do/wp-content/uploads/2025/11/temperaturas-extremas-y-precipitaciones-2025x11x28-a.pdf
2025-11-28,017,SAN RAFAEL DEL YUMA,LA ALTAGRACIA,MINISTERIO DE AGRICULTURA,EMCI,31.1,21.0,7.7,https://indomet.gob.do/wp-content/uploads/2025/11/temperaturas-extremas-y-precipitaciones-2025x11x28-a.pdf
2025-11-28,018,POLO,BARAHONA,INDOCAFE,EMCI,27.5,15.0,6.6,https://indomet.gob.do/wp-content/uploads/2025/11/temperaturas-extremas-y-precipitaciones-2025x11x28-a.pdf
2025-11-28,019,ARPT. DE LA ROMANA,LA ROMANA,INDOMET,EMCI,30.7,20.4,5.4,https://indomet.gob.do/wp-content/uploads/2025/11/temperaturas-extremas-y-precipitaciones-2025x11x28-a.pdf
2025-11-28,020,RANCHO ARRIBA,SAN JOSÉ DE OCOA,CENTRO TECNOLÓGICO COMUNITARIO,EMCI,26.2,17.5,5.4,https://indomet.gob.do/wp-content/uploads/2025/11/temperaturas-extremas-y-precipitaciones-2025x11x28-a.pdf
2025-11-28,021,VILLA ALTAGRACIA,SAN CRISTÓBAL,ESCUELA JAVIER ANGULO GURIDI,EMCI,,,5.2,https://indomet.gob.do/wp-content/uploads/2025/11/temperaturas-extremas-y-precipitaciones-2025x11x28-a.pdf
2025-11-28,022,PADRE LAS CASAS,AZUA,HOSP. NTRA. SRA. DEL CARMEN,EMCI,31.7,17.5,5.0,https://indomet.gob.do/wp-content/uploads/2025/11/temperaturas-extremas-y-precipitaciones-2025x11x28-a.pdf
2025-11-28,023,SAN CRISTÓBAL,SAN CRISTÓBAL,INSTITUTO POLITÉCNICO LOYOLA,EMCI,32.2,19.0,4.2,https://indomet.gob.do/wp-content/uploads/2025/11/temperaturas-extremas-y-precipitaciones-2025x11x28-a.pdf
2025-11-28,024,BAYAGUANA,MONTE PLATA,INDOMET,EMCI,31.4,21.0,4.0,https://indomet.gob.do/wp-content/uploads/2025/11/temperaturas-extremas-y-precipitaciones-2025x11x28-a.pdf
2025-11-28,025,ANAMUYA (EMA),LA ALTAGRACIA,MINISTERIO DE AGRICULTURA,EMAP,29.5,21.9,3.6,https://indomet.gob.do/wp-content/uploads/2025/11/temperaturas-extremas-y-precipitaciones-2025x11x28-a.pdf
2025-11-28,026,CENTRO DE LOS HEROES (EMA),DISTRITO NACIONAL,MINISTERIO DE ENERGIA Y MINA,EMAP,31.6,24.4,3.6,https://indomet.gob.do/wp-content/uploads/2025/11/temperaturas-extremas-y-precipitaciones-2025x11x28-a.pdf
2025-11-28,027,GASPAR HERNÁNDEZ,ESPAILLAT,PROPIEDAD DEL EMPLEADO,EMCI,,,3.2,https://indomet.gob.do/wp-content/uploads/2025/11/temperaturas-extremas-y-precipitaciones-2025x11x28-a.pdf
2025-11-28,028,ELÍAS PIÑA,ELÍAS PIÑA,MINISTERIO DE AGRICULTURA,EMCV,,,3.0,https://indomet.gob.do/wp-content/uploads/2025/11/temperaturas-extremas-y-precipitaciones-2025x11x28-a.pdf
2025-11-28,029,BONAO,MONSEÑOR NOUEL,MINISTERIO DE AGRICULTURA,EMCV,,,2.8,https://indomet.gob.do/wp-content/uploads/2025/11/temperaturas-extremas-y-precipitaciones-2025x11x28-a.pdf
2025-11-28,030,EL FACTOR (EMA),MARÍA TRINIDAD SÁNCHEZ,INTEC,EMAP,28.9,21.7,2.3,https://indomet.gob.do/wp-content/uploads/2025/11/temperaturas-extremas-y-precipitaciones-2025x11x28-a.pdf
2025-11-28,031,RÍO SAN JUAN,MARÍA TRINIDAD SÁNCHEZ,HOSP. MPAL. DR. DESIDERIO ACOSTA,EMCV,29.2,21.9,2.2,https://indomet.gob.do/wp-content/uploads/2025/11/temperaturas-extremas-y-precipitaciones-2025x11x28-a.pdf
2025-11-28,032,VILLA GONZALE (EMA),SANTIAGO,IGLESIA,EMAI,,,2.0,https://indomet.gob.do/wp-content/uploads/2025/11/temperaturas-extremas-y-precipitaciones-2025x11x28-a.pdf
2025-11-28,033,JARABACOA,LA VEGA,INDRHI / MARENA,EMCI,29.0,15.2,1.8,https://indomet.gob.do/wp-content/uploads/2025/11/temperaturas-extremas-y-precipitaciones-2025x11x28-a.pdf
2025-11-28,034,ARPT. DEL CIBAO,SANTIAGO,INDOMET,EMCI,30.8,18.6,1.7,https://indomet.gob.do/wp-content/uploads/2025/11/temperaturas-extremas-y-precipitaciones-2025x11x28-a.pdf
2025-11-28,035,PERALTA,AZUA,HOSP. MPAL. DE PERALTA,EMCI,31.8,15.6,1.6,https://indomet.gob.do/wp-content/uploads/2025/11/temperaturas-extremas-y-precipitaciones-2025x11x28-a.pdf
2025-11-28,036,JUMA BEJUCAL,MONSEÑOR NOUEL,IDIAF,EMCV,31.4,20.8,1.2,https://indomet.gob.do/wp-content/uploads/2025/11/temperaturas-extremas-y-precipitaciones-2025x11x28-a.pdf
2025-11-28,037,LA VEGA,LA VEGA,IATESA,EMCI,31.0,20.1,1.0,https://indomet.gob.do/wp-content/uploads/2025/11/temperaturas-extremas-y-precipitaciones-2025x11x28-a.pdf
2025-11-28,038,VALLE NUEVO (EMA),LA VEGA,MARENA,EMAI,18.1,9.6,1.0,https://indomet.gob.do/wp-content/uploads/2025/11/temperaturas-extremas-y-precipitaciones-2025x11x28-a.pdf
2025-11-28,039,VILLA RIVA,DUARTE,HOSP. MPAL. ALICIA DE LEGENDRE,EMCI,28.3,19.4,1.0,https://indomet.gob.do/wp-content/uploads/2025/11/temperaturas-extremas-y-precipitaciones-2025x11x28-a.pdf
2025-11-28,040,ALTO BANDERA (EMA),LA VEGA,INTEC,EMAP,12.7,6.7,0.8,https://indomet.gob.do/wp-content/uploads/2025/11/temperaturas-extremas-y-precipitaciones-2025x11x28-a.pdf
2025-11-28,041,PONTÓN ABAJO (EMA),LA VEGA,MINISTERIO DE AGRICULTURA,EMAP,32.7,21.1,0.8,https://indomet.gob.do/wp-content/uploads/2025/11/temperaturas-extremas-y-precipitaciones-2025x11x28-a.pdf
2025-11-28,042,BANI (EMA),PERAVIA,MINISTERIO DE AGRICULTURA,EMAP,31.1,24.3,0.4,https://indomet.gob.do/wp-content/uploads/2025/11/temperaturas-extremas-y-precipitaciones-2025x11x28-a.pdf
2025-11-28,043,SABANA GRANDE DE BOYÁ,MONTE PLATA,MINISTERIO DE AGRICULTURA,EMCV,,,0.1,https://indomet.gob.do/wp-content/uploads/2025/11/temperaturas-extremas-y-precipitaciones-2025x11x28-a.pdf
2025-11-28,044,ALTAMIRA,PUERTO PLATA,HOSP. MPAL. DE ALTAMIRA,EMCI,29.4,19.0,0.0,https://indomet.gob.do/wp-content/uploads/2025/11/temperaturas-extremas-y-precipitaciones-2025x11x28-a.pdf
2025-11-28,045,ARPT. GREGORIO LUPERÓN,PUERTO PLATA,INDOMET,EMCI,29.5,21.4,0.0,https://indomet.gob.do/wp-content/uploads/2025/11/temperaturas-extremas-y-precipitaciones-2025x11x28-a.pdf
2025-11-28,046,ARPT. MARÍA MONTEZ,BARAHONA,INDOMET,EMCI,31.6,20.5,0.0,https://indomet.gob.do/wp-content/uploads/2025/11/temperaturas-extremas-y-precipitaciones-2025x11x28-a.pdf
2025-11-28,047,ARROYO LORO,SAN JUAN,IDIAF,EMCI,32.0,17.7,0.0,https://indomet.gob.do/wp-content/uploads/2025/11/temperaturas-extremas-y-precipitaciones-2025x11x28-a.pdf
2025-11-28,048,BOCA DE MAO (EMA),VALVERDE,MINISTERIO DE AGRICULTURA,EMAP,33.1,21.7,0.0,https://indomet.gob.do/wp-content/uploads/2025/11/temperaturas-extremas-y-precipitaciones-2025x11x28-a.pdf
2025-11-28,049,CONSTANZA,LA VEGA,MINISTERIO DE AGRICULTURA,EMCI,25.5,12.0,0.0,https://indomet.gob.do/wp-content/uploads/2025/11/temperaturas-extremas-y-precipitaciones-2025x11x28-a.pdf
2025-11-28,050,CONSTANZA (EMA),LA VEGA,PROGRAMA MUNDIAL DE ALIMENTO,EMAP,23.7,13.2,0.0,https://indomet.gob.do/wp-content/uploads/2025/11/temperaturas-extremas-y-precipitaciones-2025x11x28-a.pdf
2025-11-28,051,DAJABÓN,DAJABÓN,INSTITUTO POLITÉCNICO LOYOLA,EMCI,35.7,22.6,0.0,https://indomet.gob.do/wp-content/uploads/2025/11/temperaturas-extremas-y-precipitaciones-2025x11x28-a.pdf
2025-11-28,052,ENRIQUILLO,BARAHONA,MINISTERIO DE AGRICULTURA,EMCV,33.0,23.5,0.0,https://indomet.gob.do/wp-content/uploads/2025/11/temperaturas-extremas-y-precipitaciones-2025x11x28-a.pdf
2025-11-28,053,GURABO,SANTIAGO,MINISTERIO DE AGRICULTURA,EMCV,,,0.0,https://indomet.gob.do/wp-content/uploads/2025/11/temperaturas-extremas-y-precipitaciones-2025x11x28-a.pdf
2025-11-28,054,HATO MAYOR,HATO MAYOR,MINISTERIO DE AGRICULTURA,EMCV,,,0.0,https://indomet.gob.do/wp-content/uploads/2025/11/temperaturas-extremas-y-precipitaciones-2025x11x28-a.pdf
2025-11-28,055,HONDO VALLE,ELÍAS PIÑA,MINISTERIO DE AGRICULTURA,EMCI,26.2,16.1,0.0,https://indomet.gob.do/wp-content/uploads/2025/11/temperaturas-extremas-y-precipitaciones-2025x11x28-a.pdf
2025-11-28,056,JIMANÍ,INDEPENDENCIA,MINISTERIO DE AGRICULTURA,EMCI,33.2,22.6,0.0,https://indomet.gob.do/wp-content/uploads/2025/11/temperaturas-extremas-y-precipitaciones-2025x11x28-a.pdf
2025-11-28,057,LAS MATAS DE SANTA CRUZ (EMA,MONTE CRISTI,PROGRAMA MUNDIAL DE ALIMENTO,EMAP,,,0.0,https://indomet.gob.do/wp-content/uploads/2025/11/temperaturas-extremas-y-precipitaciones-2025x11x28-a.pdf
2025-11-28,058,LOS TRES CHARCOS (EMA),PEDERNALES,PROPIEDAD DEL VOLUNTARIO,EMAP,,,0.0,https://indomet.gob.do/wp-content/uploads/2025/11/temperaturas-extremas-y-precipitaciones-2025x11x28-a.pdf
2025-11-28,059,MAO,VALVERDE,INDRHI / MINISTERIO DE AGRICULTURA,EMCV,,,0.0,https://indomet.gob.do/wp-content/uploads/2025/11/temperaturas-extremas-y-precipitaciones-2025x11x28-a.pdf
2025-11-28,060,MONCIÓN (EMA),SANTIAGO RODRÍGUEZ,PROGRAMA MUNDIAL DE ALIMENTO,EMAP,29.4,19.2,0.0,https://indomet.gob.do/wp-content/uploads/2025/11/temperaturas-extremas-y-precipitaciones-2025x11x28-a.pdf
2025-11-28,061,MONTE CRISTI,MONTE CRISTI,INDOMET,EMCI,33.8,22.3,0.0,https://indomet.gob.do/wp-content/uploads/2025/11/temperaturas-extremas-y-precipitaciones-2025x11x28-a.pdf
2025-11-28,062,OLIVARES,PEDERNALES,INDRHI,EMCI,,,0.0,https://indomet.gob.do/wp-content/uploads/2025/11/temperaturas-extremas-y-precipitaciones-2025x11x28-a.pdf
2025-11-28,063,OVIEDO,PEDERNALES,CLÍNICA RURAL OVIEDO,EMCI,31.5,22.5,0.0,https://indomet.gob.do/wp-content/uploads/2025/11/temperaturas-extremas-y-precipitaciones-2025x11x28-a.pdf
2025-11-28,064,PALO ÍNDIO,PUERTO PLATA,MINISTERIO DE AGRICULTURA,EMCI,,,0.0,https://indomet.gob.do/wp-content/uploads/2025/11/temperaturas-extremas-y-precipitaciones-2025x11x28-a.pdf
2025-11-28,065,PEDERNALES,PEDERNALES,INDRHI,EMCI,,,0.0,https://indomet.gob.do/wp-content/uploads/2025/11/temperaturas-extremas-y-precipitaciones-2025x11x28-a.pdf
2025-11-28,066,PRESA DE TAVERAS (EMA),LA VEGA,PROGRAMA MUNDIAL DE ALIMENTO,EMAP,28.4,20.2,0.0,https://indomet.gob.do/wp-content/uploads/2025/11/temperaturas-extremas-y-precipitaciones-2025x11x28-a.pdf
2025-11-28,067,RESTAURACIÓN,DAJABÓN,MINISTERIO DE AGRICULTURA,EMCI,27.2,11.4,0.0,https://indomet.gob.do/wp-content/uploads/2025/11/temperaturas-extremas-y-precipitaciones-2025x11x28-a.pdf
2025-11-28,068,SABANETA (EMA),SANTIAGO RODRÍGUEZ,PROGRAMA MUNDIAL DE ALIMENTO,EMAP,33.1,20.8,0.0,https://indomet.gob.do/wp-content/uploads/2025/11/temperaturas-extremas-y-precipitaciones-2025x11x28-a.pdf
2025-11-28,069,SAJOMA (EMA),SANTIAGO,PLAN SIERRA,EMAI,29.1,18.8,0.0,https://indomet.gob.do/wp-content/uploads/2025/11/temperaturas-extremas-y-precipitaciones-2025x11x28-a.pdf
2025-11-28,070,JARDÍN BOTÁNICO SANTIAGO (EMSANTIAGO,,JARDIN BOTANICO SANTIAGO,EMAI,30.9,20.9,0.0,https://indomet.gob.do/wp-content/uploads/2025/11/temperaturas-extremas-y-precipitaciones-2025x11x28-a.pdf
2025-11-28,071,VILLA VASQUEZ (EMA),MONTE CRISTI,JUNTA DE REGANTES,EMAI,,,0.0,https://indomet.gob.do/wp-content/uploads/2025/11/temperaturas-extremas-y-precipitaciones-2025x11x28-a.pdf
2025-11-28,072,TÁBARA ABAJO,AZUA,INDRHI,EMCI,30.8,19.0,0.0,https://indomet.gob.do/wp-content/uploads/2025/11/temperaturas-extremas-y-precipitaciones-2025x11x28-a.pdf
2025-11-28,073,JIMA ABAJO,LA VEGA,INDOMET,EMCI,32.5,21.0,0.0,https://indomet.gob.do/wp-content/uploads/2025/11/temperaturas-extremas-y-precipitaciones-2025x11x28-a.pdf
2025-11-28,074,VILLA GONZALES,SANTIAGO,MINISTERIO DE AGRICULTURA,EMCI,,,0.0,https://indomet.gob.do/wp-content/uploads/2025/11/temperaturas-extremas-y-precipitaciones-2025x11x28-a.pdf
2025-11-28,075,VILLA ISABELA,PUERTO PLATA,MINISTERIO DE AGRICULTURA,EMCV,,,0.0,https://indomet.gob.do/wp-content/uploads/2025/11/temperaturas-extremas-y-precipitaciones-2025x11x28-a.pdf
2025-11-29,001,SAMANÁ,SAMANÁ,COMANDANCIA DE PUERTO DE SAMANÁ,EMCI,31.2,18.4,37.0,https://indomet.gob.do/wp-content/uploads/2025/12/temperaturas-extremas-y-precipitaciones-2025x11x29-a.pdf
2025-11-29,002,LOS LLANOS,SAN PEDRO DE MACORÍS,MINISTERIO DE AGRICULTURA,EMCI,30.5,20.9,36.8,https://indomet.gob.do/wp-content/uploads/2025/12/temperaturas-extremas-y-precipitaciones-2025x11x29-a.pdf
2025-11-29,003,CABRERA,MARÍA TRINIDAD SÁNCHEZ,ESCUELA ARÍSTIDES FIALLO CABRAL,EMCI,28.0,23.2,34.8,https://indomet.gob.do/wp-content/uploads/2025/12/temperaturas-extremas-y-precipitaciones-2025x11x29-a.pdf
2025-11-29,004,VILLA RIVA,DUARTE,HOSP. MPAL. ALICIA DE LEGENDRE,EMCI,28.0,19.0,20.0,https://indomet.gob.do/wp-content/uploads/2025/12/temperaturas-extremas-y-precipitaciones-2025x11x29-a.pdf
2025-11-29,005,ARPT. ARROYO BARRIL,SAMANÁ,INDOMET,EMCI,28.4,22.2,16.5,https://indomet.gob.do/wp-content/uploads/2025/12/temperaturas-extremas-y-precipitaciones-2025x11x29-a.pdf
2025-11-29,006,JIMA ABAJO,LA VEGA,INDOMET,EMCI,31.0,19.0,15.6,https://indomet.gob.do/wp-content/uploads/2025/12/temperaturas-extremas-y-precipitaciones-2025x11x29-a.pdf
2025-11-29,007,BASE AÉREA DE SAN ISIDRO,SANTO DOMINGO,FUERZA AÉREA DOMINICANA,EMCV,29.0,22.5,15.0,https://indomet.gob.do/wp-content/uploads/2025/12/temperaturas-extremas-y-precipitaciones-2025x11x29-a.pdf
2025-11-29,008,ARPT. LA ISABELA,SANTO DOMINGO,INDOMET,EMCI,30.0,20.6,14.0,https://indomet.gob.do/wp-content/uploads/2025/12/temperaturas-extremas-y-precipitaciones-2025x11x29-a.pdf
2025-11-29,009,LA VICTORIA,SANTO DOMINGO,CUERPO DE BOMBEROS,EMCI,32.0,21.5,13.2,https://indomet.gob.do/wp-content/uploads/2025/12/temperaturas-extremas-y-precipitaciones-2025x11x29-a.pdf
2025-11-29,010,SAN RAFAEL DEL YUMA,LA ALTAGRACIA,MINISTERIO DE AGRICULTURA,EMCI,30.8,21.4,10.8,https://indomet.gob.do/wp-content/uploads/2025/12/temperaturas-extremas-y-precipitaciones-2025x11x29-a.pdf
2025-11-29,011,ARPT. DE PUNTA CANA,LA ALTAGRACIA,INDOMET,EMCI,30.5,21.0,9.4,https://indomet.gob.do/wp-content/uploads/2025/12/temperaturas-extremas-y-precipitaciones-2025x11x29-a.pdf
2025-11-29,012,BAYAGUANA,MONTE PLATA,INDOMET,EMCI,32.0,20.3,7.8,https://indomet.gob.do/wp-content/uploads/2025/12/temperaturas-extremas-y-precipitaciones-2025x11x29-a.pdf
2025-11-29,013,BONAO,MONSEÑOR NOUEL,MINISTERIO DE AGRICULTURA,EMCV,,,7.1,https://indomet.gob.do/wp-content/uploads/2025/12/temperaturas-extremas-y-precipitaciones-2025x11x29-a.pdf
2025-11-29,014,RÍO SAN JUAN,MARÍA TRINIDAD SÁNCHEZ,HOSP. MPAL. DR. DESIDERIO ACOSTA,EMCV,29.5,22.5,6.6,https://indomet.gob.do/wp-content/uploads/2025/12/temperaturas-extremas-y-precipitaciones-2025x11x29-a.pdf
2025-11-29,015,BANI (EMA),PERAVIA,MINISTERIO DE AGRICULTURA,EMAP,29.8,24.9,4.8,https://indomet.gob.do/wp-content/uploads/2025/12/temperaturas-extremas-y-precipitaciones-2025x11x29-a.pdf
2025-11-29,016,JARABACOA,LA VEGA,INDRHI / MARENA,EMCI,28.8,16.2,4.8,https://indomet.gob.do/wp-content/uploads/2025/12/temperaturas-extremas-y-precipitaciones-2025x11x29-a.pdf
2025-11-29,017,MICHES (EMA),EL SEIBO,PRIVADA,EMAP,,,4.8,https://indomet.gob.do/wp-content/uploads/2025/12/temperaturas-extremas-y-precipitaciones-2025x11x29-a.pdf
2025-11-29,018,SÁNCHEZ,SAMANÁ,MINISTERIO DE AGRICULTURA,EMCI,28.9,21.0,4.4,https://indomet.gob.do/wp-content/uploads/2025/12/temperaturas-extremas-y-precipitaciones-2025x11x29-a.pdf
2025-11-29,019,SALCEDO,HERMANAS MIRABAL,PROPIEDAD DEL EMPLEADO,EMCI,,,3.9,https://indomet.gob.do/wp-content/uploads/2025/12/temperaturas-extremas-y-precipitaciones-2025x11x29-a.pdf
2025-11-29,020,OVIEDO,PEDERNALES,CLÍNICA RURAL OVIEDO,EMCI,30.7,23.0,3.8,https://indomet.gob.do/wp-content/uploads/2025/12/temperaturas-extremas-y-precipitaciones-2025x11x29-a.pdf
2025-11-29,021,ANAMUYA (EMA),LA ALTAGRACIA,MINISTERIO DE AGRICULTURA,EMAP,30.2,22.4,3.6,https://indomet.gob.do/wp-content/uploads/2025/12/temperaturas-extremas-y-precipitaciones-2025x11x29-a.pdf
2025-11-29,022,EL FACTOR (EMA),MARÍA TRINIDAD SÁNCHEZ,INTEC,EMAP,29.2,21.9,3.6,https://indomet.gob.do/wp-content/uploads/2025/12/temperaturas-extremas-y-precipitaciones-2025x11x29-a.pdf
2025-11-29,023,HATO MAYOR,HATO MAYOR,MINISTERIO DE AGRICULTURA,EMCV,,,2.5,https://indomet.gob.do/wp-content/uploads/2025/12/temperaturas-extremas-y-precipitaciones-2025x11x29-a.pdf
2025-11-29,024,ARPT. DE LA ROMANA,LA ROMANA,INDOMET,EMCI,32.0,20.1,2.1,https://indomet.gob.do/wp-content/uploads/2025/12/temperaturas-extremas-y-precipitaciones-2025x11x29-a.pdf
2025-11-29,025,ARPT. EL CATEY,SAMANÁ,INDOMET,EMCI,27.5,20.0,1.8,https://indomet.gob.do/wp-content/uploads/2025/12/temperaturas-extremas-y-precipitaciones-2025x11x29-a.pdf
2025-11-29,026,VILLA GONZALE (EMA),SANTIAGO,IGLESIA,EMAI,,,1.7,https://indomet.gob.do/wp-content/uploads/2025/12/temperaturas-extremas-y-precipitaciones-2025x11x29-a.pdf
2025-11-29,027,POLO,BARAHONA,INDOCAFE,EMCI,26.0,17.0,1.5,https://indomet.gob.do/wp-content/uploads/2025/12/temperaturas-extremas-y-precipitaciones-2025x11x29-a.pdf
2025-11-29,028,PRESA DE TAVERAS (EMA),LA VEGA,PROGRAMA MUNDIAL DE ALIMENTO,EMAP,27.7,21.2,1.4,https://indomet.gob.do/wp-content/uploads/2025/12/temperaturas-extremas-y-precipitaciones-2025x11x29-a.pdf
2025-11-29,029,SABANA DE LA MAR,HATO MAYOR,INDOMET,EMCI,30.5,21.0,1.2,https://indomet.gob.do/wp-content/uploads/2025/12/temperaturas-extremas-y-precipitaciones-2025x11x29-a.pdf
2025-11-29,030,ALTO BANDERA (EMA),LA VEGA,INTEC,EMAP,10.7,4.7,1.0,https://indomet.gob.do/wp-content/uploads/2025/12/temperaturas-extremas-y-precipitaciones-2025x11x29-a.pdf
2025-11-29,031,PONTÓN ABAJO (EMA),LA VEGA,MINISTERIO DE AGRICULTURA,EMAP,30.7,21.9,1.0,https://indomet.gob.do/wp-content/uploads/2025/12/temperaturas-extremas-y-precipitaciones-2025x11x29-a.pdf
2025-11-29,032,RANCHO ARRIBA,SAN JOSÉ DE OCOA,CENTRO TECNOLÓGICO COMUNITARIO,EMCI,25.8,17.3,1.0,https://indomet.gob.do/wp-content/uploads/2025/12/temperaturas-extremas-y-precipitaciones-2025x11x29-a.pdf
2025-11-29,033,VILLA ALTAGRACIA,SAN CRISTÓBAL,ESCUELA JAVIER ANGULO GURIDI,EMCI,,,0.9,https://indomet.gob.do/wp-content/uploads/2025/12/temperaturas-extremas-y-precipitaciones-2025x11x29-a.pdf
2025-11-29,034,ARPT. GREGORIO LUPERÓN,PUERTO PLATA,INDOMET,EMCI,29.5,21.0,0.5,https://indomet.gob.do/wp-content/uploads/2025/12/temperaturas-extremas-y-precipitaciones-2025x11x29-a.pdf
2025-11-29,035,LA VEGA,LA VEGA,IATESA,EMCI,30.7,21.7,0.5,https://indomet.gob.do/wp-content/uploads/2025/12/temperaturas-extremas-y-precipitaciones-2025x11x29-a.pdf
2025-11-29,036,ENRIQUILLO,BARAHONA,MINISTERIO DE AGRICULTURA,EMCV,32.0,23.5,0.4,https://indomet.gob.do/wp-content/uploads/2025/12/temperaturas-extremas-y-precipitaciones-2025x11x29-a.pdf
2025-11-29,037,LOS TRES CHARCOS (EMA),PEDERNALES,PROPIEDAD DEL VOLUNTARIO,EMAP,,,0.2,https://indomet.gob.do/wp-content/uploads/2025/12/temperaturas-extremas-y-precipitaciones-2025x11x29-a.pdf
2025-11-29,038,PERALTA,AZUA,HOSP. MPAL. DE PERALTA,EMCI,27.2,16.0,0.2,https://indomet.gob.do/wp-content/uploads/2025/12/temperaturas-extremas-y-precipitaciones-2025x11x29-a.pdf
2025-11-29,039,VALLE NUEVO (EMA),LA VEGA,MARENA,EMAI,15.8,8.8,0.2,https://indomet.gob.do/wp-content/uploads/2025/12/temperaturas-extremas-y-precipitaciones-2025x11x29-a.pdf
2025-11-29,040,MONTE CRISTI,MONTE CRISTI,INDOMET,EMCI,33.2,23.0,0.1,https://indomet.gob.do/wp-content/uploads/2025/12/temperaturas-extremas-y-precipitaciones-2025x11x29-a.pdf
2025-11-29,041,ALTAMIRA,PUERTO PLATA,HOSP. MPAL. DE ALTAMIRA,EMCI,29.3,19.4,0.0,https://indomet.gob.do/wp-content/uploads/2025/12/temperaturas-extremas-y-precipitaciones-2025x11x29-a.pdf
2025-11-29,042,ARPT. DE LAS AMÉRICAS,SANTO DOMINGO,INDOMET,EMCI,30.0,21.5,0.0,https://indomet.gob.do/wp-content/uploads/2025/12/temperaturas-extremas-y-precipitaciones-2025x11x29-a.pdf
2025-11-29,043,ARPT. DEL CIBAO,SANTIAGO,INDOMET,EMCI,30.5,19.5,0.0,https://indomet.gob.do/wp-content/uploads/2025/12/temperaturas-extremas-y-precipitaciones-2025x11x29-a.pdf
2025-11-29,044,ARPT. MARÍA MONTEZ,BARAHONA,INDOMET,EMCI,31.5,22.5,0.0,https://indomet.gob.do/wp-content/uploads/2025/12/temperaturas-extremas-y-precipitaciones-2025x11x29-a.pdf
2025-11-29,045,ARROYO LORO,SAN JUAN,IDIAF,EMCI,30.0,17.8,0.0,https://indomet.gob.do/wp-content/uploads/2025/12/temperaturas-extremas-y-precipitaciones-2025x11x29-a.pdf
2025-11-29,046,BOCA DE MAO (EMA),VALVERDE,MINISTERIO DE AGRICULTURA,EMAP,31.8,22.3,0.0,https://indomet.gob.do/wp-content/uploads/2025/12/temperaturas-extremas-y-precipitaciones-2025x11x29-a.pdf
2025-11-29,047,BUCARA (EMA),SANTIAGO,MINISTERIO DE AGRICULTURA,EMAI,,,0.0,https://indomet.gob.do/wp-content/uploads/2025/12/temperaturas-extremas-y-precipitaciones-2025x11x29-a.pdf
2025-11-29,048,CENTRO DE LOS HEROES (EMA),DISTRITO NACIONAL,MINISTERIO DE ENERGIA Y MINA,EMAP,31.1,24.6,0.0,https://indomet.gob.do/wp-content/uploads/2025/12/temperaturas-extremas-y-precipitaciones-2025x11x29-a.pdf
2025-11-29,049,CONSTANZA,LA VEGA,MINISTERIO DE AGRICULTURA,EMCI,28.4,12.4,0.0,https://indomet.gob.do/wp-content/uploads/2025/12/temperaturas-extremas-y-precipitaciones-2025x11x29-a.pdf
2025-11-29,050,CONSTANZA (EMA),LA VEGA,PROGRAMA MUNDIAL DE ALIMENTO,EMAP,23.7,14.5,0.0,https://indomet.gob.do/wp-content/uploads/2025/12/temperaturas-extremas-y-precipitaciones-2025x11x29-a.pdf
2025-11-29,051,DAJABÓN,DAJABÓN,INSTITUTO POLITÉCNICO LOYOLA,EMCI,33.6,19.0,0.0,https://indomet.gob.do/wp-content/uploads/2025/12/temperaturas-extremas-y-precipitaciones-2025x11x29-a.pdf
2025-11-29,052,ELÍAS PIÑA,ELÍAS PIÑA,MINISTERIO DE AGRICULTURA,EMCV,,,0.0,https://indomet.gob.do/wp-content/uploads/2025/12/temperaturas-extremas-y-precipitaciones-2025x11x29-a.pdf
2025-11-29,053,ESCONDIDO,PERAVIA,MINISTERIO DE AGRICULTURA,EMCV,30.0,24.0,0.0,https://indomet.gob.do/wp-content/uploads/2025/12/temperaturas-extremas-y-precipitaciones-2025x11x29-a.pdf
2025-11-29,054,GASPAR HERNÁNDEZ,ESPAILLAT,PROPIEDAD DEL EMPLEADO,EMCI,,,0.0,https://indomet.gob.do/wp-content/uploads/2025/12/temperaturas-extremas-y-precipitaciones-2025x11x29-a.pdf
2025-11-29,055,GURABO,SANTIAGO,MINISTERIO DE AGRICULTURA,EMCV,,,0.0,https://indomet.gob.do/wp-content/uploads/2025/12/temperaturas-extremas-y-precipitaciones-2025x11x29-a.pdf
2025-11-29,056,HONDO VALLE,ELÍAS PIÑA,MINISTERIO DE AGRICULTURA,EMCI,26.5,16.6,0.0,https://indomet.gob.do/wp-content/uploads/2025/12/temperaturas-extremas-y-precipitaciones-2025x11x29-a.pdf
2025-11-29,057,JARDÍN BOTÁNICO SANTIAGO (EMSANTIAGO,,JARDIN BOTANICO SANTIAGO,EMAI,29.9,23.1,0.0,https://indomet.gob.do/wp-content/uploads/2025/12/temperaturas-extremas-y-precipitaciones-2025x11x29-a.pdf
2025-11-29,058,JIMANÍ,INDEPENDENCIA,MINISTERIO DE AGRICULTURA,EMCI,32.0,23.4,0.0,https://indomet.gob.do/wp-content/uploads/2025/12/temperaturas-extremas-y-precipitaciones-2025x11x29-a.pdf
2025-11-29,059,JUMA BEJUCAL,MONSEÑOR NOUEL,IDIAF,EMCV,30.0,14.5,0.0,https://indomet.gob.do/wp-content/uploads/2025/12/temperaturas-extremas-y-precipitaciones-2025x11x29-a.pdf
2025-11-29,060,LAS CANAS (EMA),MONTE CRISTI,PROGRAMA MUNDIAL DE ALIMENTO,EMAP,29.2,23.0,0.0,https://indomet.gob.do/wp-content/uploads/2025/12/temperaturas-extremas-y-precipitaciones-2025x11x29-a.pdf
2025-11-29,061,LAS MATAS DE SANTA CRUZ (EMA,MONTE CRISTI,PROGRAMA MUNDIAL DE ALIMENTO,EMAP,,,0.0,https://indomet.gob.do/wp-content/uploads/2025/12/temperaturas-extremas-y-precipitaciones-2025x11x29-a.pdf
2025-11-29,062,MAO,VALVERDE,INDRHI / MINISTERIO DE AGRICULTURA,EMCV,,,0.0,https://indomet.gob.do/wp-content/uploads/2025/12/temperaturas-extremas-y-precipitaciones-2025x11x29-a.pdf
2025-11-29,063,MONCIÓN (EMA),SANTIAGO RODRÍGUEZ,PROGRAMA MUNDIAL DE ALIMENTO,EMAP,28.6,18.7,0.0,https://indomet.gob.do/wp-content/uploads/2025/12/temperaturas-extremas-y-precipitaciones-2025x11x29-a.pdf
2025-11-29,064,OLIVARES,PEDERNALES,INDRHI,EMCI,,,0.0,https://indomet.gob.do/wp-content/uploads/2025/12/temperaturas-extremas-y-precipitaciones-2025x11x29-a.pdf
2025-11-29,065,PADRE LAS CASAS,AZUA,HOSP. NTRA. SRA. DEL CARMEN,EMCI,27.6,17.8,0.0,https://indomet.gob.do/wp-content/uploads/2025/12/temperaturas-extremas-y-precipitaciones-2025x11x29-a.pdf
2025-11-29,066,PALO ÍNDIO,PUERTO PLATA,MINISTERIO DE AGRICULTURA,EMCI,,,0.0,https://indomet.gob.do/wp-content/uploads/2025/12/temperaturas-extremas-y-precipitaciones-2025x11x29-a.pdf
2025-11-29,067,PEDERNALES,PEDERNALES,INDRHI,EMCI,,,0.0,https://indomet.gob.do/wp-content/uploads/2025/12/temperaturas-extremas-y-precipitaciones-2025x11x29-a.pdf
2025-11-29,068,PESCADERIA (EMA),BARAHONA,MINISTERIO DE AGRICULTURA,EMAP,,,0.0,https://indomet.gob.do/wp-content/uploads/2025/12/temperaturas-extremas-y-precipitaciones-2025x11x29-a.pdf
2025-11-29,069,RESTAURACIÓN,DAJABÓN,MINISTERIO DE AGRICULTURA,EMCI,28.5,10.7,0.0,https://indomet.gob.do/wp-content/uploads/2025/12/temperaturas-extremas-y-precipitaciones-2025x11x29-a.pdf
2025-11-29,070,SABANETA (EMA),SANTIAGO RODRÍGUEZ,PROGRAMA MUNDIAL DE ALIMENTO,EMAP,32.1,22.3,0.0,https://indomet.gob.do/wp-content/uploads/2025/12/temperaturas-extremas-y-precipitaciones-2025x11x29-a.pdf
2025-11-29,071,SAJOMA (EMA),SANTIAGO,PLAN SIERRA,EMAI,28.3,21.1,0.0,https://indomet.gob.do/wp-content/uploads/2025/12/temperaturas-extremas-y-precipitaciones-2025x11x29-a.pdf
2025-11-29,072,SAN CRISTÓBAL,SAN CRISTÓBAL,INSTITUTO POLITÉCNICO LOYOLA,EMCI,30.2,21.2,0.0,https://indomet.gob.do/wp-content/uploads/2025/12/temperaturas-extremas-y-precipitaciones-2025x11x29-a.pdf
2025-11-29,073,SANTIAGO RODRÍGUEZ,SANTIAGO RODRÍGUEZ,INDOMET,EMCI,31.0,20.8,0.0,https://indomet.gob.do/wp-content/uploads/2025/12/temperaturas-extremas-y-precipitaciones-2025x11x29-a.pdf
2025-11-29,074,SANTO DOMINGO ESTE,SANTO DOMINGO,INDOMET,EMCI,31.8,22.0,0.0,https://indomet.gob.do/wp-content/uploads/2025/12/temperaturas-extremas-y-precipitaciones-2025x11x29-a.pdf
2025-11-29,075,TÁBARA ABAJO,AZUA,INDRHI,EMCI,31.8,19.1,0.0,https://indomet.gob.do/wp-content/uploads/2025/12/temperaturas-extremas-y-precipitaciones-2025x11x29-a.pdf
2025-11-29,076,VILLA GONZALES,SANTIAGO,MINISTERIO DE AGRICULTURA,EMCI,,,0.0,https://indomet.gob.do/wp-content/uploads/2025/12/temperaturas-extremas-y-precipitaciones-2025x11x29-a.pdf
2025-11-29,077,VILLA ISABELA,PUERTO PLATA,MINISTERIO DE AGRICULTURA,EMCV,,,0.0,https://indomet.gob.do/wp-content/uploads/2025/12/temperaturas-extremas-y-precipitaciones-2025x11x29-a.pdf
2025-11-29,078,VILLA VASQUEZ (EMA),MONTE CRISTI,JUNTA DE REGANTES,EMAI,,,0.0,https://indomet.gob.do/wp-content/uploads/2025/12/temperaturas-extremas-y-precipitaciones-2025x11x29-a.pdf
2025-11-30,001,CABRERA,MARÍA TRINIDAD SÁNCHEZ,ESCUELA ARÍSTIDES FIALLO CABRAL,EMCI,29.0,23.0,74.8,https://indomet.gob.do/wp-content/uploads/2025/12/temperaturas-extremas-y-precipitaciones-2025x11x30-a.pdf
2025-11-30,002,ARPT. LA ISABELA,SANTO DOMINGO,INDOMET,EMCI,30.2,19.0,29.2,https://indomet.gob.do/wp-content/uploads/2025/12/temperaturas-extremas-y-precipitaciones-2025x11x30-a.pdf
2025-11-30,003,SAMANÁ,SAMANÁ,COMANDANCIA DE PUERTO DE SAMANÁ,EMCI,29.3,18.2,23.2,https://indomet.gob.do/wp-content/uploads/2025/12/temperaturas-extremas-y-precipitaciones-2025x11x30-a.pdf
2025-11-30,004,LUPERÓN,PUERTO PLATA,MINISTERIO DE AGRICULTURA,EMCV,,,20.6,https://indomet.gob.do/wp-content/uploads/2025/12/temperaturas-extremas-y-precipitaciones-2025x11x30-a.pdf
2025-11-30,005,LA VICTORIA,SANTO DOMINGO,CUERPO DE BOMBEROS,EMCI,29.6,21.7,15.0,https://indomet.gob.do/wp-content/uploads/2025/12/temperaturas-extremas-y-precipitaciones-2025x11x30-a.pdf
2025-11-30,006,RÍO SAN JUAN,MARÍA TRINIDAD SÁNCHEZ,HOSP. MPAL. DR. DESIDERIO ACOSTA,EMCV,29.3,20.8,13.2,https://indomet.gob.do/wp-content/uploads/2025/12/temperaturas-extremas-y-precipitaciones-2025x11x30-a.pdf
2025-11-30,007,SABANA GRANDE DE BOYÁ,MONTE PLATA,MINISTERIO DE AGRICULTURA,EMCV,,,12.7,https://indomet.gob.do/wp-content/uploads/2025/12/temperaturas-extremas-y-precipitaciones-2025x11x30-a.pdf
2025-11-30,008,BONAO,MONSEÑOR NOUEL,MINISTERIO DE AGRICULTURA,EMCV,,,10.2,https://indomet.gob.do/wp-content/uploads/2025/12/temperaturas-extremas-y-precipitaciones-2025x11x30-a.pdf
2025-11-30,009,MICHES (EMA),EL SEIBO,PRIVADA,EMAP,29.3,21.8,9.8,https://indomet.gob.do/wp-content/uploads/2025/12/temperaturas-extremas-y-precipitaciones-2025x11x30-a.pdf
2025-11-30,010,SAN RAFAEL DEL YUMA,LA ALTAGRACIA,MINISTERIO DE AGRICULTURA,EMCI,30.2,21.0,7.2,https://indomet.gob.do/wp-content/uploads/2025/12/temperaturas-extremas-y-precipitaciones-2025x11x30-a.pdf
2025-11-30,011,ALTAMIRA,PUERTO PLATA,HOSP. MPAL. DE ALTAMIRA,EMCI,28.5,18.6,6.2,https://indomet.gob.do/wp-content/uploads/2025/12/temperaturas-extremas-y-precipitaciones-2025x11x30-a.pdf
2025-11-30,012,PONTÓN ABAJO (EMA),LA VEGA,MINISTERIO DE AGRICULTURA,EMAP,30.7,20.8,6.2,https://indomet.gob.do/wp-content/uploads/2025/12/temperaturas-extremas-y-precipitaciones-2025x11x30-a.pdf
2025-11-30,013,HATO MAYOR,HATO MAYOR,MINISTERIO DE AGRICULTURA,EMCV,,,5.6,https://indomet.gob.do/wp-content/uploads/2025/12/temperaturas-extremas-y-precipitaciones-2025x11x30-a.pdf
2025-11-30,014,PALO ÍNDIO,PUERTO PLATA,MINISTERIO DE AGRICULTURA,EMCI,,,5.3,https://indomet.gob.do/wp-content/uploads/2025/12/temperaturas-extremas-y-precipitaciones-2025x11x30-a.pdf
2025-11-30,015,JIMA ABAJO,LA VEGA,INDOMET,EMCI,29.0,19.0,5.0,https://indomet.gob.do/wp-content/uploads/2025/12/temperaturas-extremas-y-precipitaciones-2025x11x30-a.pdf
2025-11-30,016,ARPT. ARROYO BARRIL,SAMANÁ,INDOMET,EMCI,28.5,22.0,4.0,https://indomet.gob.do/wp-content/uploads/2025/12/temperaturas-extremas-y-precipitaciones-2025x11x30-a.pdf
2025-11-30,017,ARPT. DE PUNTA CANA,LA ALTAGRACIA,INDOMET,EMCI,30.5,21.5,4.0,https://indomet.gob.do/wp-content/uploads/2025/12/temperaturas-extremas-y-precipitaciones-2025x11x30-a.pdf
2025-11-30,018,LOS JENGIBRES,NAGUA,INDRHI,EMCI,,,3.9,https://indomet.gob.do/wp-content/uploads/2025/12/temperaturas-extremas-y-precipitaciones-2025x11x30-a.pdf
2025-11-30,019,ARPT. EL CATEY,SAMANÁ,INDOMET,EMCI,28.0,20.5,3.4,https://indomet.gob.do/wp-content/uploads/2025/12/temperaturas-extremas-y-precipitaciones-2025x11x30-a.pdf
2025-11-30,020,SABANA DE LA MAR,HATO MAYOR,INDOMET,EMCI,30.0,21.0,3.1,https://indomet.gob.do/wp-content/uploads/2025/12/temperaturas-extremas-y-precipitaciones-2025x11x30-a.pdf
2025-11-30,021,ARPT. GREGORIO LUPERÓN,PUERTO PLATA,INDOMET,EMCI,29.4,21.5,2.8,https://indomet.gob.do/wp-content/uploads/2025/12/temperaturas-extremas-y-precipitaciones-2025x11x30-a.pdf
2025-11-30,022,GASPAR HERNÁNDEZ,ESPAILLAT,PROPIEDAD DEL EMPLEADO,EMCI,,,2.2,https://indomet.gob.do/wp-content/uploads/2025/12/temperaturas-extremas-y-precipitaciones-2025x11x30-a.pdf
2025-11-30,023,EL FACTOR (EMA),MARÍA TRINIDAD SÁNCHEZ,INTEC,EMAP,28.9,20.7,2.0,https://indomet.gob.do/wp-content/uploads/2025/12/temperaturas-extremas-y-precipitaciones-2025x11x30-a.pdf
2025-11-30,024,TAVERA,SANTIAGO,INDRHI,EMCI,,,1.9,https://indomet.gob.do/wp-content/uploads/2025/12/temperaturas-extremas-y-precipitaciones-2025x11x30-a.pdf
2025-11-30,025,SAN FRANCISCO DE MACORÍS,DUARTE,San Francisco de Macorís (UASD),EMCI,29.6,20.8,1.8,https://indomet.gob.do/wp-content/uploads/2025/12/temperaturas-extremas-y-precipitaciones-2025x11x30-a.pdf
2025-11-30,026,SÁNCHEZ,SAMANÁ,MINISTERIO DE AGRICULTURA,EMCI,29.2,20.9,1.6,https://indomet.gob.do/wp-content/uploads/2025/12/temperaturas-extremas-y-precipitaciones-2025x11x30-a.pdf
2025-11-30,027,LOS LLANOS,SAN PEDRO DE MACORÍS,MINISTERIO DE AGRICULTURA,EMCI,31.0,20.5,0.8,https://indomet.gob.do/wp-content/uploads/2025/12/temperaturas-extremas-y-precipitaciones-2025x11x30-a.pdf
2025-11-30,028,VILLA ALTAGRACIA,SAN CRISTÓBAL,ESCUELA JAVIER ANGULO GURIDI,EMCI,,,0.6,https://indomet.gob.do/wp-content/uploads/2025/12/temperaturas-extremas-y-precipitaciones-2025x11x30-a.pdf
2025-11-30,029,GURABO,SANTIAGO,MINISTERIO DE AGRICULTURA,EMCV,,,0.5,https://indomet.gob.do/wp-content/uploads/2025/12/temperaturas-extremas-y-precipitaciones-2025x11x30-a.pdf
2025-11-30,030,CONSTANZA,LA VEGA,MINISTERIO DE AGRICULTURA,EMCI,25.0,10.0,0.5,https://indomet.gob.do/wp-content/uploads/2025/12/temperaturas-extremas-y-precipitaciones-2025x11x30-a.pdf
2025-11-30,031,LA VEGA,LA VEGA,IATESA,EMCI,31.0,19.5,0.5,https://indomet.gob.do/wp-content/uploads/2025/12/temperaturas-extremas-y-precipitaciones-2025x11x30-a.pdf
2025-11-30,032,RANCHO ARRIBA,SAN JOSÉ DE OCOA,CENTRO TECNOLÓGICO COMUNITARIO,EMCI,25.0,15.5,0.4,https://indomet.gob.do/wp-content/uploads/2025/12/temperaturas-extremas-y-precipitaciones-2025x11x30-a.pdf
2025-11-30,033,TAMBORIL,SANTIAGO,MINISTERIO DE AGRICULTURA,EMCV,,,0.3,https://indomet.gob.do/wp-content/uploads/2025/12/temperaturas-extremas-y-precipitaciones-2025x11x30-a.pdf
2025-11-30,034,VILLA GONZALES,SANTIAGO,MINISTERIO DE AGRICULTURA,EMCI,,,0.3,https://indomet.gob.do/wp-content/uploads/2025/12/temperaturas-extremas-y-precipitaciones-2025x11x30-a.pdf
2025-11-30,035,ARPT. DE LA ROMANA,LA ROMANA,INDOMET,EMCI,31.2,21.0,0.2,https://indomet.gob.do/wp-content/uploads/2025/12/temperaturas-extremas-y-precipitaciones-2025x11x30-a.pdf
2025-11-30,036,CONSTANZA (EMA),LA VEGA,PROGRAMA MUNDIAL DE ALIMENTO,EMAP,23.9,11.3,0.2,https://indomet.gob.do/wp-content/uploads/2025/12/temperaturas-extremas-y-precipitaciones-2025x11x30-a.pdf
2025-11-30,037,JARDÍN BOTÁNICO NACIONAL,DISTRITO NACIONAL,JARDÍN BOTÁNICO NACIONAL,EMCV,30.4,19.6,0.2,https://indomet.gob.do/wp-content/uploads/2025/12/temperaturas-extremas-y-precipitaciones-2025x11x30-a.pdf
2025-11-30,038,JUMA BEJUCAL,MONSEÑOR NOUEL,IDIAF,EMCV,29.2,19.2,0.2,https://indomet.gob.do/wp-content/uploads/2025/12/temperaturas-extremas-y-precipitaciones-2025x11x30-a.pdf
2025-11-30,039,LOS TRES CHARCOS (EMA),PEDERNALES,PROPIEDAD DEL VOLUNTARIO,EMAP,,,0.2,https://indomet.gob.do/wp-content/uploads/2025/12/temperaturas-extremas-y-precipitaciones-2025x11x30-a.pdf
2025-11-30,040,OVIEDO,PEDERNALES,CLÍNICA RURAL OVIEDO,EMCI,30.5,19.0,0.2,https://indomet.gob.do/wp-content/uploads/2025/12/temperaturas-extremas-y-precipitaciones-2025x11x30-a.pdf
2025-11-30,041,VALLE NUEVO (EMA),LA VEGA,MARENA,EMAI,16.4,2.2,0.2,https://indomet.gob.do/wp-content/uploads/2025/12/temperaturas-extremas-y-precipitaciones-2025x11x30-a.pdf
2025-11-30,042,BAYAGUANA,MONTE PLATA,INDOMET,EMCI,31.0,20.2,0.1,https://indomet.gob.do/wp-content/uploads/2025/12/temperaturas-extremas-y-precipitaciones-2025x11x30-a.pdf
2025-11-30,043,JARABACOA,LA VEGA,INDRHI / MARENA,EMCI,28.4,15.2,0.1,https://indomet.gob.do/wp-content/uploads/2025/12/temperaturas-extremas-y-precipitaciones-2025x11x30-a.pdf
2025-11-30,044,ALTO BANDERA (EMA),LA VEGA,INTEC,EMAP,11.3,4.6,0.0,https://indomet.gob.do/wp-content/uploads/2025/12/temperaturas-extremas-y-precipitaciones-2025x11x30-a.pdf
2025-11-30,045,ANAMUYA (EMA),LA ALTAGRACIA,MINISTERIO DE AGRICULTURA,EMAP,29.7,22.0,0.0,https://indomet.gob.do/wp-content/uploads/2025/12/temperaturas-extremas-y-precipitaciones-2025x11x30-a.pdf
2025-11-30,046,ARPT. DE LAS AMÉRICAS,SANTO DOMINGO,INDOMET,EMCI,31.0,21.5,0.0,https://indomet.gob.do/wp-content/uploads/2025/12/temperaturas-extremas-y-precipitaciones-2025x11x30-a.pdf
2025-11-30,047,ARPT. DEL CIBAO,SANTIAGO,INDOMET,EMCI,30.0,20.5,0.0,https://indomet.gob.do/wp-content/uploads/2025/12/temperaturas-extremas-y-precipitaciones-2025x11x30-a.pdf
2025-11-30,048,ARPT. MARÍA MONTEZ,BARAHONA,INDOMET,EMCI,32.0,21.0,0.0,https://indomet.gob.do/wp-content/uploads/2025/12/temperaturas-extremas-y-precipitaciones-2025x11x30-a.pdf
2025-11-30,049,ARROYO LORO,SAN JUAN,IDIAF,EMCI,30.2,17.1,0.0,https://indomet.gob.do/wp-content/uploads/2025/12/temperaturas-extremas-y-precipitaciones-2025x11x30-a.pdf
2025-11-30,050,BANI (EMA),PERAVIA,MINISTERIO DE AGRICULTURA,EMAP,,,0.0,https://indomet.gob.do/wp-content/uploads/2025/12/temperaturas-extremas-y-precipitaciones-2025x11x30-a.pdf
2025-11-30,051,BASE AÉREA DE SAN ISIDRO,SANTO DOMINGO,FUERZA AÉREA DOMINICANA,EMCV,30.5,22.5,0.0,https://indomet.gob.do/wp-content/uploads/2025/12/temperaturas-extremas-y-precipitaciones-2025x11x30-a.pdf
2025-11-30,052,BOCA DE MAO (EMA),VALVERDE,MINISTERIO DE AGRICULTURA,EMAP,32.8,22.2,0.0,https://indomet.gob.do/wp-content/uploads/2025/12/temperaturas-extremas-y-precipitaciones-2025x11x30-a.pdf
2025-11-30,053,BOHECHÍO,SAN JUAN,MINISTERIO DE AGRICULTURA,EMCV,,,0.0,https://indomet.gob.do/wp-content/uploads/2025/12/temperaturas-extremas-y-precipitaciones-2025x11x30-a.pdf
2025-11-30,054,CENTRO DE LOS HEROES (EMA),DISTRITO NACIONAL,MINISTERIO DE ENERGIA Y MINA,EMAP,31.0,24.5,0.0,https://indomet.gob.do/wp-content/uploads/2025/12/temperaturas-extremas-y-precipitaciones-2025x11x30-a.pdf
2025-11-30,055,DAJABÓN,DAJABÓN,INSTITUTO POLITÉCNICO LOYOLA,EMCI,34.0,19.3,0.0,https://indomet.gob.do/wp-content/uploads/2025/12/temperaturas-extremas-y-precipitaciones-2025x11x30-a.pdf
2025-11-30,056,EL CERCADO,SAN JUAN,MINISTERIO DE AGRICULTURA,EMCV,,,0.0,https://indomet.gob.do/wp-content/uploads/2025/12/temperaturas-extremas-y-precipitaciones-2025x11x30-a.pdf
2025-11-30,057,ELÍAS PIÑA,ELÍAS PIÑA,MINISTERIO DE AGRICULTURA,EMCV,,,0.0,https://indomet.gob.do/wp-content/uploads/2025/12/temperaturas-extremas-y-precipitaciones-2025x11x30-a.pdf
2025-11-30,058,ENRIQUILLO,BARAHONA,MINISTERIO DE AGRICULTURA,EMCV,32.5,22.5,0.0,https://indomet.gob.do/wp-content/uploads/2025/12/temperaturas-extremas-y-precipitaciones-2025x11x30-a.pdf
2025-11-30,059,HONDO VALLE,ELÍAS PIÑA,MINISTERIO DE AGRICULTURA,EMCI,26.4,16.3,0.0,https://indomet.gob.do/wp-content/uploads/2025/12/temperaturas-extremas-y-precipitaciones-2025x11x30-a.pdf
2025-11-30,060,JIMANÍ,INDEPENDENCIA,MINISTERIO DE AGRICULTURA,EMCI,32.4,23.4,0.0,https://indomet.gob.do/wp-content/uploads/2025/12/temperaturas-extremas-y-precipitaciones-2025x11x30-a.pdf
2025-11-30,061,LAS CANAS (EMA),MONTE CRISTI,PROGRAMA MUNDIAL DE ALIMENTO,EMAP,29.2,21.8,0.0,https://indomet.gob.do/wp-content/uploads/2025/12/temperaturas-extremas-y-precipitaciones-2025x11x30-a.pdf
2025-11-30,062,LAS MATAS DE SANTA CRUZ (EMA,MONTE CRISTI,PROGRAMA MUNDIAL DE ALIMENTO,EMAP,,,0.0,https://indomet.gob.do/wp-content/uploads/2025/12/temperaturas-extremas-y-precipitaciones-2025x11x30-a.pdf
2025-11-30,063,MAO,VALVERDE,INDRHI / MINISTERIO DE AGRICULTURA,EMCV,,,0.0,https://indomet.gob.do/wp-content/uploads/2025/12/temperaturas-extremas-y-precipitaciones-2025x11x30-a.pdf
2025-11-30,064,MONCIÓN (EMA),SANTIAGO RODRÍGUEZ,PROGRAMA MUNDIAL DE ALIMENTO,EMAP,29.4,18.3,0.0,https://indomet.gob.do/wp-content/uploads/2025/12/temperaturas-extremas-y-precipitaciones-2025x11x30-a.pdf
2025-11-30,065,MONTE CRISTI,MONTE CRISTI,INDOMET,EMCI,32.0,22.4,0.0,https://indomet.gob.do/wp-content/uploads/2025/12/temperaturas-extremas-y-precipitaciones-2025x11x30-a.pdf
2025-11-30,066,PADRE LAS CASAS,AZUA,HOSP. NTRA. SRA. DEL CARMEN,EMCI,30.0,16.5,0.0,https://indomet.gob.do/wp-content/uploads/2025/12/temperaturas-extremas-y-precipitaciones-2025x11x30-a.pdf
2025-11-30,067,PASO AL MEDIO,SAN PEDRO DE MACORÍS,INDRHI,EMCI,,,0.0,https://indomet.gob.do/wp-content/uploads/2025/12/temperaturas-extremas-y-precipitaciones-2025x11x30-a.pdf
2025-11-30,068,PERALTA,AZUA,HOSP. MPAL. DE PERALTA,EMCI,28.3,15.5,0.0,https://indomet.gob.do/wp-content/uploads/2025/12/temperaturas-extremas-y-precipitaciones-2025x11x30-a.pdf
2025-11-30,069,POLO,BARAHONA,INDOCAFE,EMCI,26.2,14.5,0.0,https://indomet.gob.do/wp-content/uploads/2025/12/temperaturas-extremas-y-precipitaciones-2025x11x30-a.pdf
2025-11-30,070,PRESA DE TAVERAS (EMA),LA VEGA,PROGRAMA MUNDIAL DE ALIMENTO,EMAP,28.0,20.2,0.0,https://indomet.gob.do/wp-content/uploads/2025/12/temperaturas-extremas-y-precipitaciones-2025x11x30-a.pdf
2025-11-30,071,RESTAURACIÓN,DAJABÓN,MINISTERIO DE AGRICULTURA,EMCI,28.3,11.1,0.0,https://indomet.gob.do/wp-content/uploads/2025/12/temperaturas-extremas-y-precipitaciones-2025x11x30-a.pdf
2025-11-30,072,SABANETA (EMA),SANTIAGO RODRÍGUEZ,PROGRAMA MUNDIAL DE ALIMENTO,EMAP,34.2,20.1,0.0,https://indomet.gob.do/wp-content/uploads/2025/12/temperaturas-extremas-y-precipitaciones-2025x11x30-a.pdf
2025-11-30,073,SALCEDO,HERMANAS MIRABAL,PROPIEDAD DEL EMPLEADO,EMCI,,,0.0,https://indomet.gob.do/wp-content/uploads/2025/12/temperaturas-extremas-y-precipitaciones-2025x11x30-a.pdf
2025-11-30,074,SAN CRISTÓBAL,SAN CRISTÓBAL,INSTITUTO POLITÉCNICO LOYOLA,EMCI,31.0,22.0,0.0,https://indomet.gob.do/wp-content/uploads/2025/12/temperaturas-extremas-y-precipitaciones-2025x11x30-a.pdf
2025-11-30,075,SANTIAGO,SANTIAGO,HUACALITO,EMCI,,,0.0,https://indomet.gob.do/wp-content/uploads/2025/12/temperaturas-extremas-y-precipitaciones-2025x11x30-a.pdf
2025-11-30,076,SAJOMA (EMA),SANTIAGO,PLAN SIERRA,EMAI,28.7,21.4,0.0,https://indomet.gob.do/wp-content/uploads/2025/12/temperaturas-extremas-y-precipitaciones-2025x11x30-a.pdf
2025-11-30,077,JARDÍN BOTÁNICO SANTIAGO (EMSANTIAGO,,JARDIN BOTANICO SANTIAGO,EMAI,30.0,23.4,0.0,https://indomet.gob.do/wp-content/uploads/2025/12/temperaturas-extremas-y-precipitaciones-2025x11x30-a.pdf
2025-11-30,078,BUCARA (EMA),SANTIAGO,MINISTERIO DE AGRICULTURA,EMAI,,,0.0,https://indomet.gob.do/wp-content/uploads/2025/12/temperaturas-extremas-y-precipitaciones-2025x11x30-a.pdf
2025-11-30,079,VILLA GONZALE (EMA),SANTIAGO,IGLESIA,EMAI,,,0.0,https://indomet.gob.do/wp-content/uploads/2025/12/temperaturas-extremas-y-precipitaciones-2025x11x30-a.pdf
2025-11-30,080,VILLA VASQUEZ (EMA),MONTE CRISTI,JUNTA DE REGANTES,EMAI,,,0.0,https://indomet.gob.do/wp-content/uploads/2025/12/temperaturas-extremas-y-precipitaciones-2025x11x30-a.pdf
2025-11-30,081,SANTIAGO RODRÍGUEZ,SANTIAGO RODRÍGUEZ,INDOMET,EMCI,34.0,20.2,0.0,https://indomet.gob.do/wp-content/uploads/2025/12/temperaturas-extremas-y-precipitaciones-2025x11x30-a.pdf
2025-11-30,082,SANTO DOMINGO ESTE,SANTO DOMINGO,INDOMET,EMCI,32.0,23.0,0.0,https://indomet.gob.do/wp-content/uploads/2025/12/temperaturas-extremas-y-precipitaciones-2025x11x30-a.pdf
2025-11-30,083,TÁBARA ABAJO,AZUA,INDRHI,EMCI,32.0,19.0,0.0,https://indomet.gob.do/wp-content/uploads/2025/12/temperaturas-extremas-y-precipitaciones-2025x11x30-a.pdf
2025-11-30,084,VILLA RIVA,DUARTE,HOSP. MPAL. ALICIA DE LEGENDRE,EMCI,27.7,20.0,0.0,https://indomet.gob.do/wp-content/uploads/2025/12/temperaturas-extremas-y-precipitaciones-2025x11x30-a.pdf
2025-12-01,001,SÁNCHEZ,SAMANÁ,MINISTERIO DE AGRICULTURA,EMCI,28.5,20.4,32.6,https://indomet.gob.do/wp-content/uploads/2025/12/temperaturas-extremas-y-precipitaciones-2025x12x01-a.pdf
2025-12-01,002,JARDÍN BOTÁNICO NACIONAL,DISTRITO NACIONAL,JARDÍN BOTÁNICO NACIONAL,EMCV,31.6,18.5,18.2,https://indomet.gob.do/wp-content/uploads/2025/12/temperaturas-extremas-y-precipitaciones-2025x12x01-a.pdf
2025-12-01,003,TAMBORIL,SANTIAGO,MINISTERIO DE AGRICULTURA,EMCV,,,13.7,https://indomet.gob.do/wp-content/uploads/2025/12/temperaturas-extremas-y-precipitaciones-2025x12x01-a.pdf
2025-12-01,004,ARPT. GREGORIO LUPERÓN,PUERTO PLATA,INDOMET,EMCI,30.0,21.3,11.2,https://indomet.gob.do/wp-content/uploads/2025/12/temperaturas-extremas-y-precipitaciones-2025x12x01-a.pdf
2025-12-01,005,GASPAR HERNÁNDEZ,ESPAILLAT,PROPIEDAD DEL EMPLEADO,EMCI,,,10.5,https://indomet.gob.do/wp-content/uploads/2025/12/temperaturas-extremas-y-precipitaciones-2025x12x01-a.pdf
2025-12-01,006,SALCEDO,HERMANAS MIRABAL,PROPIEDAD DEL EMPLEADO,EMCI,,,9.4,https://indomet.gob.do/wp-content/uploads/2025/12/temperaturas-extremas-y-precipitaciones-2025x12x01-a.pdf
2025-12-01,007,CABRERA,MARÍA TRINIDAD SÁNCHEZ,ESCUELA ARÍSTIDES FIALLO CABRAL,EMCI,31.5,20.5,8.9,https://indomet.gob.do/wp-content/uploads/2025/12/temperaturas-extremas-y-precipitaciones-2025x12x01-a.pdf
2025-12-01,008,ARPT. DE LAS AMÉRICAS,SANTO DOMINGO,INDOMET,EMCI,30.5,21.7,8.8,https://indomet.gob.do/wp-content/uploads/2025/12/temperaturas-extremas-y-precipitaciones-2025x12x01-a.pdf
2025-12-01,009,VILLA RIVA,DUARTE,HOSP. MPAL. ALICIA DE LEGENDRE,EMCI,28.9,20.0,8.6,https://indomet.gob.do/wp-content/uploads/2025/12/temperaturas-extremas-y-precipitaciones-2025x12x01-a.pdf
2025-12-01,010,LA VICTORIA,SANTO DOMINGO,CUERPO DE BOMBEROS,EMCI,32.5,21.8,7.4,https://indomet.gob.do/wp-content/uploads/2025/12/temperaturas-extremas-y-precipitaciones-2025x12x01-a.pdf
2025-12-01,011,RÍO SAN JUAN,MARÍA TRINIDAD SÁNCHEZ,HOSP. MPAL. DR. DESIDERIO ACOSTA,EMCV,29.2,21.0,7.2,https://indomet.gob.do/wp-content/uploads/2025/12/temperaturas-extremas-y-precipitaciones-2025x12x01-a.pdf
2025-12-01,012,SANTIAGO,SANTIAGO,HUACALITO,EMCI,,,6.0,https://indomet.gob.do/wp-content/uploads/2025/12/temperaturas-extremas-y-precipitaciones-2025x12x01-a.pdf
2025-12-01,013,PALO ÍNDIO,PUERTO PLATA,MINISTERIO DE AGRICULTURA,EMCI,,,4.3,https://indomet.gob.do/wp-content/uploads/2025/12/temperaturas-extremas-y-precipitaciones-2025x12x01-a.pdf
2025-12-01,014,ARPT. EL CATEY,SAMANÁ,INDOMET,EMCI,28.4,20.5,4.2,https://indomet.gob.do/wp-content/uploads/2025/12/temperaturas-extremas-y-precipitaciones-2025x12x01-a.pdf
2025-12-01,015,RESTAURACIÓN,DAJABÓN,MINISTERIO DE AGRICULTURA,EMCI,27.6,12.5,3.9,https://indomet.gob.do/wp-content/uploads/2025/12/temperaturas-extremas-y-precipitaciones-2025x12x01-a.pdf
2025-12-01,016,SAMANÁ,SAMANÁ,COMANDANCIA DE PUERTO DE SAMANÁ,EMCI,31.2,17.7,3.0,https://indomet.gob.do/wp-content/uploads/2025/12/temperaturas-extremas-y-precipitaciones-2025x12x01-a.pdf
2025-12-01,017,LOS JENGIBRES,NAGUA,INDRHI,EMCI,,,2.9,https://indomet.gob.do/wp-content/uploads/2025/12/temperaturas-extremas-y-precipitaciones-2025x12x01-a.pdf
2025-12-01,018,VILLA ISABELA,PUERTO PLATA,MINISTERIO DE AGRICULTURA,EMCV,,,2.2,https://indomet.gob.do/wp-content/uploads/2025/12/temperaturas-extremas-y-precipitaciones-2025x12x01-a.pdf
2025-12-01,019,LUPERÓN,PUERTO PLATA,MINISTERIO DE AGRICULTURA,EMCV,,,2.0,https://indomet.gob.do/wp-content/uploads/2025/12/temperaturas-extremas-y-precipitaciones-2025x12x01-a.pdf
2025-12-01,020,SABANA DE LA MAR,HATO MAYOR,INDOMET,EMCI,30.5,21.0,2.0,https://indomet.gob.do/wp-content/uploads/2025/12/temperaturas-extremas-y-precipitaciones-2025x12x01-a.pdf
2025-12-01,021,EL FACTOR (EMA),MARÍA TRINIDAD SÁNCHEZ,INTEC,EMAP,30.1,21.5,1.8,https://indomet.gob.do/wp-content/uploads/2025/12/temperaturas-extremas-y-precipitaciones-2025x12x01-a.pdf
2025-12-01,022,GURABO,SANTIAGO,MINISTERIO DE AGRICULTURA,EMCV,,,1.8,https://indomet.gob.do/wp-content/uploads/2025/12/temperaturas-extremas-y-precipitaciones-2025x12x01-a.pdf
2025-12-01,023,PERALTA,AZUA,HOSP. MPAL. DE PERALTA,EMCI,28.1,15.9,1.4,https://indomet.gob.do/wp-content/uploads/2025/12/temperaturas-extremas-y-precipitaciones-2025x12x01-a.pdf
2025-12-01,024,BOHECHÍO,SAN JUAN,MINISTERIO DE AGRICULTURA,EMCV,,,1.2,https://indomet.gob.do/wp-content/uploads/2025/12/temperaturas-extremas-y-precipitaciones-2025x12x01-a.pdf
2025-12-01,025,ARPT. DEL CIBAO,SANTIAGO,INDOMET,EMCI,31.0,19.4,1.0,https://indomet.gob.do/wp-content/uploads/2025/12/temperaturas-extremas-y-precipitaciones-2025x12x01-a.pdf
2025-12-01,026,MICHES (EMA),EL SEIBO,PRIVADA,EMAP,29.6,22.3,0.6,https://indomet.gob.do/wp-content/uploads/2025/12/temperaturas-extremas-y-precipitaciones-2025x12x01-a.pdf
2025-12-01,027,VILLA GONZALE (EMA),SANTIAGO,IGLESIA,EMAI,,,0.6,https://indomet.gob.do/wp-content/uploads/2025/12/temperaturas-extremas-y-precipitaciones-2025x12x01-a.pdf
2025-12-01,028,HATO MAYOR,HATO MAYOR,MINISTERIO DE AGRICULTURA,EMCV,,,0.5,https://indomet.gob.do/wp-content/uploads/2025/12/temperaturas-extremas-y-precipitaciones-2025x12x01-a.pdf
2025-12-01,029,ALTAMIRA,PUERTO PLATA,HOSP. MPAL. DE ALTAMIRA,EMCI,28.1,18.4,0.4,https://indomet.gob.do/wp-content/uploads/2025/12/temperaturas-extremas-y-precipitaciones-2025x12x01-a.pdf
2025-12-01,030,ARPT. DE LA ROMANA,LA ROMANA,INDOMET,EMCI,30.6,19.2,0.4,https://indomet.gob.do/wp-content/uploads/2025/12/temperaturas-extremas-y-precipitaciones-2025x12x01-a.pdf
2025-12-01,031,CENTRO DE LOS HEROES (EMA),DISTRITO NACIONAL,MINISTERIO DE ENERGIA Y MINA,EMAP,31.8,24.6,0.4,https://indomet.gob.do/wp-content/uploads/2025/12/temperaturas-extremas-y-precipitaciones-2025x12x01-a.pdf
2025-12-01,032,PEDERNALES,PEDERNALES,INDRHI,EMCI,,,0.4,https://indomet.gob.do/wp-content/uploads/2025/12/temperaturas-extremas-y-precipitaciones-2025x12x01-a.pdf
2025-12-01,033,ALTO BANDERA (EMA),LA VEGA,INTEC,EMAP,16.2,4.4,0.3,https://indomet.gob.do/wp-content/uploads/2025/12/temperaturas-extremas-y-precipitaciones-2025x12x01-a.pdf
2025-12-01,034,SAN FRANCISCO DE MACORÍS,DUARTE,San Francisco de Macorís (UASD),EMCI,29.1,19.7,0.3,https://indomet.gob.do/wp-content/uploads/2025/12/temperaturas-extremas-y-precipitaciones-2025x12x01-a.pdf
2025-12-01,035,BASE AÉREA DE SAN ISIDRO,SANTO DOMINGO,FUERZA AÉREA DOMINICANA,EMCV,32.0,21.0,0.2,https://indomet.gob.do/wp-content/uploads/2025/12/temperaturas-extremas-y-precipitaciones-2025x12x01-a.pdf
2025-12-01,036,TÁBARA ABAJO,AZUA,INDRHI,EMCI,33.0,18.1,0.2,https://indomet.gob.do/wp-content/uploads/2025/12/temperaturas-extremas-y-precipitaciones-2025x12x01-a.pdf
2025-12-01,037,HONDO VALLE,ELÍAS PIÑA,MINISTERIO DE AGRICULTURA,EMCI,26.3,16.0,0.1,https://indomet.gob.do/wp-content/uploads/2025/12/temperaturas-extremas-y-precipitaciones-2025x12x01-a.pdf
2025-12-01,038,OLIVARES,PEDERNALES,INDRHI,EMCI,,,0.1,https://indomet.gob.do/wp-content/uploads/2025/12/temperaturas-extremas-y-precipitaciones-2025x12x01-a.pdf
2025-12-01,039,SABANA GRANDE DE BOYÁ,MONTE PLATA,MINISTERIO DE AGRICULTURA,EMCV,,,0.1,https://indomet.gob.do/wp-content/uploads/2025/12/temperaturas-extremas-y-precipitaciones-2025x12x01-a.pdf
2025-12-01,040,SAN RAFAEL DEL YUMA,LA ALTAGRACIA,MINISTERIO DE AGRICULTURA,EMCI,30.5,21.0,0.1,https://indomet.gob.do/wp-content/uploads/2025/12/temperaturas-extremas-y-precipitaciones-2025x12x01-a.pdf
2025-12-01,041,SANTO DOMINGO ESTE,SANTO DOMINGO,INDOMET,EMCI,33.0,21.8,0.1,https://indomet.gob.do/wp-content/uploads/2025/12/temperaturas-extremas-y-precipitaciones-2025x12x01-a.pdf
2025-12-01,042,ANAMUYA (EMA),LA ALTAGRACIA,MINISTERIO DE AGRICULTURA,EMAP,30.6,22.4,0.0,https://indomet.gob.do/wp-content/uploads/2025/12/temperaturas-extremas-y-precipitaciones-2025x12x01-a.pdf
2025-12-01,043,ARPT. ARROYO BARRIL,SAMANÁ,INDOMET,EMCI,27.8,22.1,0.0,https://indomet.gob.do/wp-content/uploads/2025/12/temperaturas-extremas-y-precipitaciones-2025x12x01-a.pdf
2025-12-01,044,ARPT. DE PUNTA CANA,LA ALTAGRACIA,INDOMET,EMCI,30.0,21.4,0.0,https://indomet.gob.do/wp-content/uploads/2025/12/temperaturas-extremas-y-precipitaciones-2025x12x01-a.pdf
2025-12-01,045,ARPT. LA ISABELA,SANTO DOMINGO,INDOMET,EMCI,32.0,20.0,0.0,https://indomet.gob.do/wp-content/uploads/2025/12/temperaturas-extremas-y-precipitaciones-2025x12x01-a.pdf
2025-12-01,046,ARPT. MARÍA MONTEZ,BARAHONA,INDOMET,EMCI,31.6,19.0,0.0,https://indomet.gob.do/wp-content/uploads/2025/12/temperaturas-extremas-y-precipitaciones-2025x12x01-a.pdf
2025-12-01,047,ARROYO LORO,SAN JUAN,IDIAF,EMCI,31.4,16.2,0.0,https://indomet.gob.do/wp-content/uploads/2025/12/temperaturas-extremas-y-precipitaciones-2025x12x01-a.pdf
2025-12-01,048,BANI (EMA),PERAVIA,MINISTERIO DE AGRICULTURA,EMAP,30.8,23.4,0.0,https://indomet.gob.do/wp-content/uploads/2025/12/temperaturas-extremas-y-precipitaciones-2025x12x01-a.pdf
2025-12-01,049,BAYAGUANA,MONTE PLATA,INDOMET,EMCI,31.8,20.0,0.0,https://indomet.gob.do/wp-content/uploads/2025/12/temperaturas-extremas-y-precipitaciones-2025x12x01-a.pdf
2025-12-01,050,BOCA DE MAO (EMA),VALVERDE,MINISTERIO DE AGRICULTURA,EMAP,32.9,21.7,0.0,https://indomet.gob.do/wp-content/uploads/2025/12/temperaturas-extremas-y-precipitaciones-2025x12x01-a.pdf
2025-12-01,051,BONAO,MONSEÑOR NOUEL,MINISTERIO DE AGRICULTURA,EMCV,31.2,20.6,0.0,https://indomet.gob.do/wp-content/uploads/2025/12/temperaturas-extremas-y-precipitaciones-2025x12x01-a.pdf
2025-12-01,052,BUCARA (EMA),SANTIAGO,MINISTERIO DE AGRICULTURA,EMAI,,,0.0,https://indomet.gob.do/wp-content/uploads/2025/12/temperaturas-extremas-y-precipitaciones-2025x12x01-a.pdf
2025-12-01,053,CABRAL,BARAHONA,MINISTERIO DE AGRICULTURA,EMCV,31.3,19.6,0.0,https://indomet.gob.do/wp-content/uploads/2025/12/temperaturas-extremas-y-precipitaciones-2025x12x01-a.pdf
2025-12-01,054,CONSTANZA,LA VEGA,MINISTERIO DE AGRICULTURA,EMCI,28.0,11.0,0.0,https://indomet.gob.do/wp-content/uploads/2025/12/temperaturas-extremas-y-precipitaciones-2025x12x01-a.pdf
2025-12-01,055,CONSTANZA (EMA),LA VEGA,PROGRAMA MUNDIAL DE ALIMENTO,EMAP,23.9,11.7,0.0,https://indomet.gob.do/wp-content/uploads/2025/12/temperaturas-extremas-y-precipitaciones-2025x12x01-a.pdf
2025-12-01,056,DAJABÓN,DAJABÓN,INSTITUTO POLITÉCNICO LOYOLA,EMCI,33.9,19.4,0.0,https://indomet.gob.do/wp-content/uploads/2025/12/temperaturas-extremas-y-precipitaciones-2025x12x01-a.pdf
2025-12-01,057,EL CERCADO,SAN JUAN,MINISTERIO DE AGRICULTURA,EMCV,,,0.0,https://indomet.gob.do/wp-content/uploads/2025/12/temperaturas-extremas-y-precipitaciones-2025x12x01-a.pdf
2025-12-01,058,ELÍAS PIÑA,ELÍAS PIÑA,MINISTERIO DE AGRICULTURA,EMCV,,,0.0,https://indomet.gob.do/wp-content/uploads/2025/12/temperaturas-extremas-y-precipitaciones-2025x12x01-a.pdf
2025-12-01,059,ENRIQUILLO,BARAHONA,MINISTERIO DE AGRICULTURA,EMCV,33.3,19.2,0.0,https://indomet.gob.do/wp-content/uploads/2025/12/temperaturas-extremas-y-precipitaciones-2025x12x01-a.pdf
2025-12-01,060,ESCONDIDO,PERAVIA,MINISTERIO DE AGRICULTURA,EMCV,30.0,21.0,0.0,https://indomet.gob.do/wp-content/uploads/2025/12/temperaturas-extremas-y-precipitaciones-2025x12x01-a.pdf
2025-12-01,061,JARABACOA,LA VEGA,INDRHI / MARENA,EMCI,29.8,15.8,0.0,https://indomet.gob.do/wp-content/uploads/2025/12/temperaturas-extremas-y-precipitaciones-2025x12x01-a.pdf
2025-12-01,062,JIMA ABAJO,LA VEGA,INDOMET,EMCI,29.5,20.0,0.0,https://indomet.gob.do/wp-content/uploads/2025/12/temperaturas-extremas-y-precipitaciones-2025x12x01-a.pdf
2025-12-01,063,JIMANÍ,INDEPENDENCIA,MINISTERIO DE AGRICULTURA,EMCI,32.8,22.0,0.0,https://indomet.gob.do/wp-content/uploads/2025/12/temperaturas-extremas-y-precipitaciones-2025x12x01-a.pdf
2025-12-01,064,JUMA BEJUCAL,MONSEÑOR NOUEL,IDIAF,EMCV,31.2,20.6,0.0,https://indomet.gob.do/wp-content/uploads/2025/12/temperaturas-extremas-y-precipitaciones-2025x12x01-a.pdf
2025-12-01,065,LA VEGA,LA VEGA,IATESA,EMCI,29.5,20.5,0.0,https://indomet.gob.do/wp-content/uploads/2025/12/temperaturas-extremas-y-precipitaciones-2025x12x01-a.pdf
2025-12-01,066,LAS CANAS (EMA),MONTE CRISTI,PROGRAMA MUNDIAL DE ALIMENTO,EMAP,28.4,22.1,0.0,https://indomet.gob.do/wp-content/uploads/2025/12/temperaturas-extremas-y-precipitaciones-2025x12x01-a.pdf
2025-12-01,067,LAS MATAS DE SANTA CRUZ (EMA,MONTE CRISTI,PROGRAMA MUNDIAL DE ALIMENTO,EMAP,,,0.0,https://indomet.gob.do/wp-content/uploads/2025/12/temperaturas-extremas-y-precipitaciones-2025x12x01-a.pdf
2025-12-01,068,LOS LLANOS,SAN PEDRO DE MACORÍS,MINISTERIO DE AGRICULTURA,EMCI,31.5,20.7,0.0,https://indomet.gob.do/wp-content/uploads/2025/12/temperaturas-extremas-y-precipitaciones-2025x12x01-a.pdf
2025-12-01,069,LOS TRES CHARCOS (EMA),PEDERNALES,PROPIEDAD DEL VOLUNTARIO,EMAP,,,0.0,https://indomet.gob.do/wp-content/uploads/2025/12/temperaturas-extremas-y-precipitaciones-2025x12x01-a.pdf
2025-12-01,070,MAO,VALVERDE,INDRHI / MINISTERIO DE AGRICULTURA,EMCV,,,0.0,https://indomet.gob.do/wp-content/uploads/2025/12/temperaturas-extremas-y-precipitaciones-2025x12x01-a.pdf
2025-12-01,071,MONCIÓN (EMA),SANTIAGO RODRÍGUEZ,PROGRAMA MUNDIAL DE ALIMENTO,EMAP,29.0,23.6,0.0,https://indomet.gob.do/wp-content/uploads/2025/12/temperaturas-extremas-y-precipitaciones-2025x12x01-a.pdf
2025-12-01,072,MONTE CRISTI,MONTE CRISTI,INDOMET,EMCI,31.4,22.0,0.0,https://indomet.gob.do/wp-content/uploads/2025/12/temperaturas-extremas-y-precipitaciones-2025x12x01-a.pdf
2025-12-01,073,OVIEDO,PEDERNALES,CLÍNICA RURAL OVIEDO,EMCI,31.0,20.0,0.0,https://indomet.gob.do/wp-content/uploads/2025/12/temperaturas-extremas-y-precipitaciones-2025x12x01-a.pdf
2025-12-01,074,PADRE LAS CASAS,AZUA,HOSP. NTRA. SRA. DEL CARMEN,EMCI,31.0,15.7,0.0,https://indomet.gob.do/wp-content/uploads/2025/12/temperaturas-extremas-y-precipitaciones-2025x12x01-a.pdf
2025-12-01,075,PASO AL MEDIO,SAN PEDRO DE MACORÍS,INDRHI,EMCI,,,0.0,https://indomet.gob.do/wp-content/uploads/2025/12/temperaturas-extremas-y-precipitaciones-2025x12x01-a.pdf
2025-12-01,076,PESCADERIA (EMA),BARAHONA,MINISTERIO DE AGRICULTURA,EMAP,,,0.0,https://indomet.gob.do/wp-content/uploads/2025/12/temperaturas-extremas-y-precipitaciones-2025x12x01-a.pdf
2025-12-01,077,POLO,BARAHONA,INDOCAFE,EMCI,27.2,16.0,0.0,https://indomet.gob.do/wp-content/uploads/2025/12/temperaturas-extremas-y-precipitaciones-2025x12x01-a.pdf
2025-12-01,078,PONTÓN ABAJO (EMA),LA VEGA,MINISTERIO DE AGRICULTURA,EMAP,31.4,20.3,0.0,https://indomet.gob.do/wp-content/uploads/2025/12/temperaturas-extremas-y-precipitaciones-2025x12x01-a.pdf
2025-12-01,079,PRESA DE TAVERAS (EMA),LA VEGA,PROGRAMA MUNDIAL DE ALIMENTO,EMAP,29.3,18.3,0.0,https://indomet.gob.do/wp-content/uploads/2025/12/temperaturas-extremas-y-precipitaciones-2025x12x01-a.pdf
2025-12-01,080,RANCHO ARRIBA,SAN JOSÉ DE OCOA,CENTRO TECNOLÓGICO COMUNITARIO,EMCI,26.9,14.8,0.0,https://indomet.gob.do/wp-content/uploads/2025/12/temperaturas-extremas-y-precipitaciones-2025x12x01-a.pdf
2025-12-01,081,SABANETA (EMA),SANTIAGO RODRÍGUEZ,PROGRAMA MUNDIAL DE ALIMENTO,EMAP,32.8,18.2,0.0,https://indomet.gob.do/wp-content/uploads/2025/12/temperaturas-extremas-y-precipitaciones-2025x12x01-a.pdf
2025-12-01,082,SAJOMA (EMA),SANTIAGO,PLAN SIERRA,EMAI,29.9,23.6,0.0,https://indomet.gob.do/wp-content/uploads/2025/12/temperaturas-extremas-y-precipitaciones-2025x12x01-a.pdf
2025-12-01,083,SAN CRISTÓBAL,SAN CRISTÓBAL,INSTITUTO POLITÉCNICO LOYOLA,EMCI,32.0,20.0,0.0,https://indomet.gob.do/wp-content/uploads/2025/12/temperaturas-extremas-y-precipitaciones-2025x12x01-a.pdf
2025-12-01,084,SANTIAGO RODRÍGUEZ,SANTIAGO RODRÍGUEZ,INDOMET,EMCI,33.5,18.4,0.0,https://indomet.gob.do/wp-content/uploads/2025/12/temperaturas-extremas-y-precipitaciones-2025x12x01-a.pdf
2025-12-01,085,VILLA ALTAGRACIA,SAN CRISTÓBAL,ESCUELA JAVIER ANGULO GURIDI,EMCI,28.1,18.4,0.0,https://indomet.gob.do/wp-content/uploads/2025/12/temperaturas-extremas-y-precipitaciones-2025x12x01-a.pdf
2025-12-01,086,VILLA GONZALES,SANTIAGO,MINISTERIO DE AGRICULTURA,EMCI,,,0.0,https://indomet.gob.do/wp-content/uploads/2025/12/temperaturas-extremas-y-precipitaciones-2025x12x01-a.pdf
2025-12-01,087,VILLA VASQUEZ (EMA),MONTE CRISTI,JUNTA DE REGANTES,EMAI,,,0.0,https://indomet.gob.do/wp-content/uploads/2025/12/temperaturas-extremas-y-precipitaciones-2025x12x01-a.pdf
2025-12-02,001,ARPT. EL CATEY,SAMANÁ,INDOMET,EMCI,28.4,20.5,9.0,https://indomet.gob.do/wp-content/uploads/2025/12/temperaturas-extremas-y-precipitaciones-2025x12x02-a.pdf
2025-12-02,002,CABRERA,MARÍA TRINIDAD SÁNCHEZ,ESCUELA ARÍSTIDES FIALLO CABRAL,EMCI,31.2,23.0,3.9,https://indomet.gob.do/wp-content/uploads/2025/12/temperaturas-extremas-y-precipitaciones-2025x12x02-a.pdf
2025-12-02,003,RÍO SAN JUAN,MARÍA TRINIDAD SÁNCHEZ,HOSP. MPAL. DR. DESIDERIO ACOSTA,EMCV,29.3,22.5,3.3,https://indomet.gob.do/wp-content/uploads/2025/12/temperaturas-extremas-y-precipitaciones-2025x12x02-a.pdf
2025-12-02,004,SABANA DE LA MAR,HATO MAYOR,INDOMET,EMCI,30.5,21.5,3.3,https://indomet.gob.do/wp-content/uploads/2025/12/temperaturas-extremas-y-precipitaciones-2025x12x02-a.pdf
2025-12-02,005,SAN FRANCISCO DE MACORÍS,DUARTE,San Francisco de Macorís (UASD),EMCI,29.8,19.8,2.0,https://indomet.gob.do/wp-content/uploads/2025/12/temperaturas-extremas-y-precipitaciones-2025x12x02-a.pdf
2025-12-02,006,ARPT. GREGORIO LUPERÓN,PUERTO PLATA,INDOMET,EMCI,29.6,21.0,1.6,https://indomet.gob.do/wp-content/uploads/2025/12/temperaturas-extremas-y-precipitaciones-2025x12x02-a.pdf
2025-12-02,007,PALO ÍNDIO,PUERTO PLATA,MINISTERIO DE AGRICULTURA,EMCI,,,1.3,https://indomet.gob.do/wp-content/uploads/2025/12/temperaturas-extremas-y-precipitaciones-2025x12x02-a.pdf
2025-12-02,008,EL FACTOR (EMA),MARÍA TRINIDAD SÁNCHEZ,INTEC,EMAP,30.7,21.9,1.0,https://indomet.gob.do/wp-content/uploads/2025/12/temperaturas-extremas-y-precipitaciones-2025x12x02-a.pdf
2025-12-02,009,SÁNCHEZ,SAMANÁ,MINISTERIO DE AGRICULTURA,EMCI,29.4,21.2,0.8,https://indomet.gob.do/wp-content/uploads/2025/12/temperaturas-extremas-y-precipitaciones-2025x12x02-a.pdf
2025-12-02,010,TAMBORIL,SANTIAGO,MINISTERIO DE AGRICULTURA,EMCV,,,0.5,https://indomet.gob.do/wp-content/uploads/2025/12/temperaturas-extremas-y-precipitaciones-2025x12x02-a.pdf
2025-12-02,011,ALTAMIRA,PUERTO PLATA,HOSP. MPAL. DE ALTAMIRA,EMCI,29.5,18.5,0.2,https://indomet.gob.do/wp-content/uploads/2025/12/temperaturas-extremas-y-precipitaciones-2025x12x02-a.pdf
2025-12-02,012,MICHES (EMA),EL SEIBO,PRIVADA,EMAP,30.1,22.9,0.2,https://indomet.gob.do/wp-content/uploads/2025/12/temperaturas-extremas-y-precipitaciones-2025x12x02-a.pdf
2025-12-02,013,SAMANÁ,SAMANÁ,COMANDANCIA DE PUERTO DE SAMANÁ,EMCI,30.3,18.4,0.2,https://indomet.gob.do/wp-content/uploads/2025/12/temperaturas-extremas-y-precipitaciones-2025x12x02-a.pdf
2025-12-02,014,BAYAGUANA,MONTE PLATA,INDOMET,EMCI,31.2,20.6,0.1,https://indomet.gob.do/wp-content/uploads/2025/12/temperaturas-extremas-y-precipitaciones-2025x12x02-a.pdf
2025-12-02,015,HATO MAYOR,HATO MAYOR,MINISTERIO DE AGRICULTURA,EMCV,,,0.1,https://indomet.gob.do/wp-content/uploads/2025/12/temperaturas-extremas-y-precipitaciones-2025x12x02-a.pdf
2025-12-02,016,ALTO BANDERA (EMA),LA VEGA,INTEC,EMAP,15.8,5.2,0.0,https://indomet.gob.do/wp-content/uploads/2025/12/temperaturas-extremas-y-precipitaciones-2025x12x02-a.pdf
2025-12-02,017,ANAMUYA (EMA),LA ALTAGRACIA,MINISTERIO DE AGRICULTURA,EMAP,30.1,22.1,0.0,https://indomet.gob.do/wp-content/uploads/2025/12/temperaturas-extremas-y-precipitaciones-2025x12x02-a.pdf
2025-12-02,018,ARPT. ARROYO BARRIL,SAMANÁ,INDOMET,EMCI,30.2,22.9,0.0,https://indomet.gob.do/wp-content/uploads/2025/12/temperaturas-extremas-y-precipitaciones-2025x12x02-a.pdf
2025-12-02,019,ARPT. DE LA ROMANA,LA ROMANA,INDOMET,EMCI,31.1,20.2,0.0,https://indomet.gob.do/wp-content/uploads/2025/12/temperaturas-extremas-y-precipitaciones-2025x12x02-a.pdf
2025-12-02,020,ARPT. DE LAS AMÉRICAS,SANTO DOMINGO,INDOMET,EMCI,30.6,21.2,0.0,https://indomet.gob.do/wp-content/uploads/2025/12/temperaturas-extremas-y-precipitaciones-2025x12x02-a.pdf
2025-12-02,021,ARPT. DE PUNTA CANA,LA ALTAGRACIA,INDOMET,EMCI,30.4,23.2,0.0,https://indomet.gob.do/wp-content/uploads/2025/12/temperaturas-extremas-y-precipitaciones-2025x12x02-a.pdf
2025-12-02,022,ARPT. DEL CIBAO,SANTIAGO,INDOMET,EMCI,32.8,17.4,0.0,https://indomet.gob.do/wp-content/uploads/2025/12/temperaturas-extremas-y-precipitaciones-2025x12x02-a.pdf
2025-12-02,023,ARPT. LA ISABELA,SANTO DOMINGO,INDOMET,EMCI,32.2,19.5,0.0,https://indomet.gob.do/wp-content/uploads/2025/12/temperaturas-extremas-y-precipitaciones-2025x12x02-a.pdf
2025-12-02,024,ARPT. MARÍA MONTEZ,BARAHONA,INDOMET,EMCI,32.1,20.0,0.0,https://indomet.gob.do/wp-content/uploads/2025/12/temperaturas-extremas-y-precipitaciones-2025x12x02-a.pdf
2025-12-02,025,ARROYO LORO,SAN JUAN,IDIAF,EMCI,32.2,18.2,0.0,https://indomet.gob.do/wp-content/uploads/2025/12/temperaturas-extremas-y-precipitaciones-2025x12x02-a.pdf
2025-12-02,026,BASE AÉREA DE SAN ISIDRO,SANTO DOMINGO,FUERZA AÉREA DOMINICANA,EMCV,30.6,21.1,0.0,https://indomet.gob.do/wp-content/uploads/2025/12/temperaturas-extremas-y-precipitaciones-2025x12x02-a.pdf
2025-12-02,027,BOCA DE MAO (EMA),VALVERDE,MINISTERIO DE AGRICULTURA,EMAP,33.7,19.6,0.0,https://indomet.gob.do/wp-content/uploads/2025/12/temperaturas-extremas-y-precipitaciones-2025x12x02-a.pdf
2025-12-02,028,BOHECHÍO,SAN JUAN,MINISTERIO DE AGRICULTURA,EMCV,,,0.0,https://indomet.gob.do/wp-content/uploads/2025/12/temperaturas-extremas-y-precipitaciones-2025x12x02-a.pdf
2025-12-02,029,BONAO,MONSEÑOR NOUEL,MINISTERIO DE AGRICULTURA,EMCV,,,0.0,https://indomet.gob.do/wp-content/uploads/2025/12/temperaturas-extremas-y-precipitaciones-2025x12x02-a.pdf
2025-12-02,030,CABRAL,BARAHONA,MINISTERIO DE AGRICULTURA,EMCV,31.6,20.5,0.0,https://indomet.gob.do/wp-content/uploads/2025/12/temperaturas-extremas-y-precipitaciones-2025x12x02-a.pdf
2025-12-02,031,CENTRO DE LOS HEROES (EMA),DISTRITO NACIONAL,MINISTERIO DE ENERGIA Y MINA,EMAP,31.1,24.7,0.0,https://indomet.gob.do/wp-content/uploads/2025/12/temperaturas-extremas-y-precipitaciones-2025x12x02-a.pdf
2025-12-02,032,CONSTANZA,LA VEGA,MINISTERIO DE AGRICULTURA,EMCI,25.5,10.0,0.0,https://indomet.gob.do/wp-content/uploads/2025/12/temperaturas-extremas-y-precipitaciones-2025x12x02-a.pdf
2025-12-02,033,CONSTANZA (EMA),LA VEGA,PROGRAMA MUNDIAL DE ALIMENTO,EMAP,24.6,11.6,0.0,https://indomet.gob.do/wp-content/uploads/2025/12/temperaturas-extremas-y-precipitaciones-2025x12x02-a.pdf
2025-12-02,034,DAJABÓN,DAJABÓN,INSTITUTO POLITÉCNICO LOYOLA,EMCI,34.0,19.1,0.0,https://indomet.gob.do/wp-content/uploads/2025/12/temperaturas-extremas-y-precipitaciones-2025x12x02-a.pdf
2025-12-02,035,ELÍAS PIÑA,ELÍAS PIÑA,MINISTERIO DE AGRICULTURA,EMCV,,,0.0,https://indomet.gob.do/wp-content/uploads/2025/12/temperaturas-extremas-y-precipitaciones-2025x12x02-a.pdf
2025-12-02,036,ENRIQUILLO,BARAHONA,MINISTERIO DE AGRICULTURA,EMCV,34.0,21.0,0.0,https://indomet.gob.do/wp-content/uploads/2025/12/temperaturas-extremas-y-precipitaciones-2025x12x02-a.pdf
2025-12-02,037,GASPAR HERNÁNDEZ,ESPAILLAT,PROPIEDAD DEL EMPLEADO,EMCI,,,0.0,https://indomet.gob.do/wp-content/uploads/2025/12/temperaturas-extremas-y-precipitaciones-2025x12x02-a.pdf
2025-12-02,038,GURABO,SANTIAGO,MINISTERIO DE AGRICULTURA,EMCV,,,0.0,https://indomet.gob.do/wp-content/uploads/2025/12/temperaturas-extremas-y-precipitaciones-2025x12x02-a.pdf
2025-12-02,039,HONDO VALLE,ELÍAS PIÑA,MINISTERIO DE AGRICULTURA,EMCI,25.8,16.1,0.0,https://indomet.gob.do/wp-content/uploads/2025/12/temperaturas-extremas-y-precipitaciones-2025x12x02-a.pdf
2025-12-02,040,JARABACOA,LA VEGA,INDRHI / MARENA,EMCI,30.2,15.8,0.0,https://indomet.gob.do/wp-content/uploads/2025/12/temperaturas-extremas-y-precipitaciones-2025x12x02-a.pdf
2025-12-02,041,JARDÍN BOTÁNICO NACIONAL,DISTRITO NACIONAL,JARDÍN BOTÁNICO NACIONAL,EMCV,30.7,19.5,0.0,https://indomet.gob.do/wp-content/uploads/2025/12/temperaturas-extremas-y-precipitaciones-2025x12x02-a.pdf
2025-12-02,042,JIMANÍ,INDEPENDENCIA,MINISTERIO DE AGRICULTURA,EMCI,34.0,20.6,0.0,https://indomet.gob.do/wp-content/uploads/2025/12/temperaturas-extremas-y-precipitaciones-2025x12x02-a.pdf
2025-12-02,043,JUMA BEJUCAL,MONSEÑOR NOUEL,IDIAF,EMCV,30.8,19.6,0.0,https://indomet.gob.do/wp-content/uploads/2025/12/temperaturas-extremas-y-precipitaciones-2025x12x02-a.pdf
2025-12-02,044,LA VEGA,LA VEGA,IATESA,EMCI,32.3,21.0,0.0,https://indomet.gob.do/wp-content/uploads/2025/12/temperaturas-extremas-y-precipitaciones-2025x12x02-a.pdf
2025-12-02,045,LA VICTORIA,SANTO DOMINGO,CUERPO DE BOMBEROS,EMCI,31.8,21.5,0.0,https://indomet.gob.do/wp-content/uploads/2025/12/temperaturas-extremas-y-precipitaciones-2025x12x02-a.pdf
2025-12-02,046,LAS CANAS (EMA),MONTE CRISTI,PROGRAMA MUNDIAL DE ALIMENTO,EMAP,28.7,20.4,0.0,https://indomet.gob.do/wp-content/uploads/2025/12/temperaturas-extremas-y-precipitaciones-2025x12x02-a.pdf
2025-12-02,047,LAS MATAS DE SANTA CRUZ (EMA,MONTE CRISTI,PROGRAMA MUNDIAL DE ALIMENTO,EMAP,,,0.0,https://indomet.gob.do/wp-content/uploads/2025/12/temperaturas-extremas-y-precipitaciones-2025x12x02-a.pdf
2025-12-02,048,LOS JENGIBRES,NAGUA,INDRHI,EMCI,,,0.0,https://indomet.gob.do/wp-content/uploads/2025/12/temperaturas-extremas-y-precipitaciones-2025x12x02-a.pdf
2025-12-02,049,LOS LLANOS,SAN PEDRO DE MACORÍS,MINISTERIO DE AGRICULTURA,EMCI,31.4,21.0,0.0,https://indomet.gob.do/wp-content/uploads/2025/12/temperaturas-extremas-y-precipitaciones-2025x12x02-a.pdf
2025-12-02,050,LOS TRES CHARCOS (EMA),PEDERNALES,PROPIEDAD DEL VOLUNTARIO,EMAP,,,0.0,https://indomet.gob.do/wp-content/uploads/2025/12/temperaturas-extremas-y-precipitaciones-2025x12x02-a.pdf
2025-12-02,051,MAO,VALVERDE,INDRHI / MINISTERIO DE AGRICULTURA,EMCV,,,0.0,https://indomet.gob.do/wp-content/uploads/2025/12/temperaturas-extremas-y-precipitaciones-2025x12x02-a.pdf
2025-12-02,052,MONCIÓN (EMA),SANTIAGO RODRÍGUEZ,PROGRAMA MUNDIAL DE ALIMENTO,EMAP,30.3,18.5,0.0,https://indomet.gob.do/wp-content/uploads/2025/12/temperaturas-extremas-y-precipitaciones-2025x12x02-a.pdf
2025-12-02,053,MONTE CRISTI,MONTE CRISTI,INDOMET,EMCI,31.8,21.5,0.0,https://indomet.gob.do/wp-content/uploads/2025/12/temperaturas-extremas-y-precipitaciones-2025x12x02-a.pdf
2025-12-02,054,NAVARRETE,SANTIAGO,MINISTERIO DE AGRICULTURA,EMCV,,,0.0,https://indomet.gob.do/wp-content/uploads/2025/12/temperaturas-extremas-y-precipitaciones-2025x12x02-a.pdf
2025-12-02,055,OLIVARES,PEDERNALES,INDRHI,EMCI,,,0.0,https://indomet.gob.do/wp-content/uploads/2025/12/temperaturas-extremas-y-precipitaciones-2025x12x02-a.pdf
2025-12-02,056,OVIEDO,PEDERNALES,CLÍNICA RURAL OVIEDO,EMCI,31.5,20.0,0.0,https://indomet.gob.do/wp-content/uploads/2025/12/temperaturas-extremas-y-precipitaciones-2025x12x02-a.pdf
2025-12-02,057,PADRE LAS CASAS,AZUA,HOSP. NTRA. SRA. DEL CARMEN,EMCI,31.5,15.5,0.0,https://indomet.gob.do/wp-content/uploads/2025/12/temperaturas-extremas-y-precipitaciones-2025x12x02-a.pdf
2025-12-02,058,PASO AL MEDIO,SAN PEDRO DE MACORÍS,INDRHI,EMCI,,,0.0,https://indomet.gob.do/wp-content/uploads/2025/12/temperaturas-extremas-y-precipitaciones-2025x12x02-a.pdf
2025-12-02,059,PEDERNALES,PEDERNALES,INDRHI,EMCI,,,0.0,https://indomet.gob.do/wp-content/uploads/2025/12/temperaturas-extremas-y-precipitaciones-2025x12x02-a.pdf
2025-12-02,060,PERALTA,AZUA,HOSP. MPAL. DE PERALTA,EMCI,29.0,16.0,0.0,https://indomet.gob.do/wp-content/uploads/2025/12/temperaturas-extremas-y-precipitaciones-2025x12x02-a.pdf
2025-12-02,061,PESCADERIA (EMA),BARAHONA,MINISTERIO DE AGRICULTURA,EMAP,,,0.0,https://indomet.gob.do/wp-content/uploads/2025/12/temperaturas-extremas-y-precipitaciones-2025x12x02-a.pdf
2025-12-02,062,POLO,BARAHONA,INDOCAFE,EMCI,28.0,15.0,0.0,https://indomet.gob.do/wp-content/uploads/2025/12/temperaturas-extremas-y-precipitaciones-2025x12x02-a.pdf
2025-12-02,063,PONTÓN ABAJO (EMA),LA VEGA,MINISTERIO DE AGRICULTURA,EMAP,,,0.0,https://indomet.gob.do/wp-content/uploads/2025/12/temperaturas-extremas-y-precipitaciones-2025x12x02-a.pdf
2025-12-02,064,PRESA DE TAVERAS (EMA),LA VEGA,PROGRAMA MUNDIAL DE ALIMENTO,EMAP,29.4,18.8,0.0,https://indomet.gob.do/wp-content/uploads/2025/12/temperaturas-extremas-y-precipitaciones-2025x12x02-a.pdf
2025-12-02,065,RANCHO ARRIBA,SAN JOSÉ DE OCOA,CENTRO TECNOLÓGICO COMUNITARIO,EMCI,26.9,14.0,0.0,https://indomet.gob.do/wp-content/uploads/2025/12/temperaturas-extremas-y-precipitaciones-2025x12x02-a.pdf
2025-12-02,066,RESTAURACIÓN,DAJABÓN,MINISTERIO DE AGRICULTURA,EMCI,27.3,14.4,0.0,https://indomet.gob.do/wp-content/uploads/2025/12/temperaturas-extremas-y-precipitaciones-2025x12x02-a.pdf
2025-12-02,067,SABANA GRANDE DE BOYÁ,MONTE PLATA,MINISTERIO DE AGRICULTURA,EMCV,,,0.0,https://indomet.gob.do/wp-content/uploads/2025/12/temperaturas-extremas-y-precipitaciones-2025x12x02-a.pdf
2025-12-02,068,SABANETA (EMA),SANTIAGO RODRÍGUEZ,PROGRAMA MUNDIAL DE ALIMENTO,EMAP,33.7,20.1,0.0,https://indomet.gob.do/wp-content/uploads/2025/12/temperaturas-extremas-y-precipitaciones-2025x12x02-a.pdf
2025-12-02,069,SALCEDO,HERMANAS MIRABAL,PROPIEDAD DEL EMPLEADO,EMCI,,,0.0,https://indomet.gob.do/wp-content/uploads/2025/12/temperaturas-extremas-y-precipitaciones-2025x12x02-a.pdf
2025-12-02,070,SAN CRISTÓBAL,SAN CRISTÓBAL,INSTITUTO POLITÉCNICO LOYOLA,EMCI,32.2,21.0,0.0,https://indomet.gob.do/wp-content/uploads/2025/12/temperaturas-extremas-y-precipitaciones-2025x12x02-a.pdf
2025-12-02,071,SAN JOSÉ DE OCOA,SAN JOSÉ DE OCOA,HOSP. SAN JOSÉ DE OCOA,EMCI,31.3,17.0,0.0,https://indomet.gob.do/wp-content/uploads/2025/12/temperaturas-extremas-y-precipitaciones-2025x12x02-a.pdf
2025-12-02,072,SAN RAFAEL DEL YUMA,LA ALTAGRACIA,MINISTERIO DE AGRICULTURA,EMCI,31.8,21.1,0.0,https://indomet.gob.do/wp-content/uploads/2025/12/temperaturas-extremas-y-precipitaciones-2025x12x02-a.pdf
2025-12-02,073,SANTIAGO,SANTIAGO,HUACALITO,EMCI,,,0.0,https://indomet.gob.do/wp-content/uploads/2025/12/temperaturas-extremas-y-precipitaciones-2025x12x02-a.pdf
2025-12-02,074,SAJOMA (EMA),SANTIAGO,PLAN SIERRA,EMAI,30.8,19.9,0.0,https://indomet.gob.do/wp-content/uploads/2025/12/temperaturas-extremas-y-precipitaciones-2025x12x02-a.pdf
2025-12-02,075,JARDÍN BOTÁNICO SANTIAGO (EMSANTIAGO,,JARDIN BOTANICO SANTIAGO,EMAI,31.2,21.4,0.0,https://indomet.gob.do/wp-content/uploads/2025/12/temperaturas-extremas-y-precipitaciones-2025x12x02-a.pdf
2025-12-02,076,BUCARA (EMA),SANTIAGO,MINISTERIO DE AGRICULTURA,EMAI,,,0.0,https://indomet.gob.do/wp-content/uploads/2025/12/temperaturas-extremas-y-precipitaciones-2025x12x02-a.pdf
2025-12-02,077,VILLA GONZALE (EMA),SANTIAGO,IGLESIA,EMAI,,,0.0,https://indomet.gob.do/wp-content/uploads/2025/12/temperaturas-extremas-y-precipitaciones-2025x12x02-a.pdf
2025-12-02,078,VILLA VASQUEZ (EMA),MONTE CRISTI,JUNTA DE REGANTES,EMAI,,,0.0,https://indomet.gob.do/wp-content/uploads/2025/12/temperaturas-extremas-y-precipitaciones-2025x12x02-a.pdf
2025-12-02,079,SANTIAGO RODRÍGUEZ,SANTIAGO RODRÍGUEZ,INDOMET,EMCI,34.0,20.6,0.0,https://indomet.gob.do/wp-content/uploads/2025/12/temperaturas-extremas-y-precipitaciones-2025x12x02-a.pdf
2025-12-02,080,SANTO DOMINGO ESTE,SANTO DOMINGO,INDOMET,EMCI,32.5,23.6,0.0,https://indomet.gob.do/wp-content/uploads/2025/12/temperaturas-extremas-y-precipitaciones-2025x12x02-a.pdf
2025-12-02,081,TÁBARA ABAJO,AZUA,INDRHI,EMCI,32.5,18.5,0.0,https://indomet.gob.do/wp-content/uploads/2025/12/temperaturas-extremas-y-precipitaciones-2025x12x02-a.pdf
2025-12-02,082,JIMA ABAJO,LA VEGA,INDOMET,EMCI,31.0,19.0,0.0,https://indomet.gob.do/wp-content/uploads/2025/12/temperaturas-extremas-y-precipitaciones-2025x12x02-a.pdf
2025-12-02,083,VILLA ALTAGRACIA,SAN CRISTÓBAL,ESCUELA JAVIER ANGULO GURIDI,EMCI,,,0.0,https://indomet.gob.do/wp-content/uploads/2025/12/temperaturas-extremas-y-precipitaciones-2025x12x02-a.pdf
2025-12-02,084,VILLA GONZALES,SANTIAGO,MINISTERIO DE AGRICULTURA,EMCI,,,0.0,https://indomet.gob.do/wp-content/uploads/2025/12/temperaturas-extremas-y-precipitaciones-2025x12x02-a.pdf
2025-12-02,085,VILLA ISABELA,PUERTO PLATA,MINISTERIO DE AGRICULTURA,EMCV,,,0.0,https://indomet.gob.do/wp-content/uploads/2025/12/temperaturas-extremas-y-precipitaciones-2025x12x02-a.pdf
2025-12-02,086,VILLA RIVA,DUARTE,HOSP. MPAL. ALICIA DE LEGENDRE,EMCI,30.5,19.0,0.0,https://indomet.gob.do/wp-content/uploads/2025/12/temperaturas-extremas-y-precipitaciones-2025x12x02-a.pdf
2025-12-03,001,ARPT. LA ISABELA,SANTO DOMINGO,INDOMET,EMCI,32.0,19.8,28.7,https://indomet.gob.do/wp-content/uploads/2025/12/temperaturas-extremas-y-precipitaciones-2025x12x03-a.pdf
2025-12-03,002,JARABACOA,LA VEGA,INDRHI / MARENA,EMCI,30.4,16.4,19.8,https://indomet.gob.do/wp-content/uploads/2025/12/temperaturas-extremas-y-precipitaciones-2025x12x03-a.pdf
2025-12-03,003,SANTO DOMINGO ESTE,SANTO DOMINGO,INDOMET,EMCI,32.0,23.8,16.2,https://indomet.gob.do/wp-content/uploads/2025/12/temperaturas-extremas-y-precipitaciones-2025x12x03-a.pdf
2025-12-03,004,ARPT. ARROYO BARRIL,SAMANÁ,INDOMET,EMCI,31.0,22.4,15.9,https://indomet.gob.do/wp-content/uploads/2025/12/temperaturas-extremas-y-precipitaciones-2025x12x03-a.pdf
2025-12-03,005,BASE AÉREA DE SAN ISIDRO,SANTO DOMINGO,FUERZA AÉREA DOMINICANA,EMCV,31.0,22.1,13.0,https://indomet.gob.do/wp-content/uploads/2025/12/temperaturas-extremas-y-precipitaciones-2025x12x03-a.pdf
2025-12-03,006,SAN CRISTÓBAL,SAN CRISTÓBAL,INSTITUTO POLITÉCNICO LOYOLA,EMCI,32.2,19.0,12.2,https://indomet.gob.do/wp-content/uploads/2025/12/temperaturas-extremas-y-precipitaciones-2025x12x03-a.pdf
2025-12-03,007,ARPT. DE LAS AMÉRICAS,SANTO DOMINGO,INDOMET,EMCI,31.0,21.6,11.9,https://indomet.gob.do/wp-content/uploads/2025/12/temperaturas-extremas-y-precipitaciones-2025x12x03-a.pdf
2025-12-03,008,CENTRO DE LOS HEROES (EMA),DISTRITO NACIONAL,MINISTERIO DE ENERGIA Y MINA,EMAP,31.2,24.6,10.6,https://indomet.gob.do/wp-content/uploads/2025/12/temperaturas-extremas-y-precipitaciones-2025x12x03-a.pdf
2025-12-03,009,LA VICTORIA,SANTO DOMINGO,CUERPO DE BOMBEROS,EMCI,33.0,22.2,9.8,https://indomet.gob.do/wp-content/uploads/2025/12/temperaturas-extremas-y-precipitaciones-2025x12x03-a.pdf
2025-12-03,010,JARDÍN BOTÁNICO NACIONAL,DISTRITO NACIONAL,JARDÍN BOTÁNICO NACIONAL,EMCV,31.0,20.1,8.4,https://indomet.gob.do/wp-content/uploads/2025/12/temperaturas-extremas-y-precipitaciones-2025x12x03-a.pdf
2025-12-03,011,PALO ÍNDIO,PUERTO PLATA,MINISTERIO DE AGRICULTURA,EMCI,,,8.4,https://indomet.gob.do/wp-content/uploads/2025/12/temperaturas-extremas-y-precipitaciones-2025x12x03-a.pdf
2025-12-03,012,MICHES (EMA),EL SEIBO,PRIVADA,EMAP,29.8,22.3,8.0,https://indomet.gob.do/wp-content/uploads/2025/12/temperaturas-extremas-y-precipitaciones-2025x12x03-a.pdf
2025-12-03,013,OVIEDO,PEDERNALES,CLÍNICA RURAL OVIEDO,EMCI,33.0,19.0,7.6,https://indomet.gob.do/wp-content/uploads/2025/12/temperaturas-extremas-y-precipitaciones-2025x12x03-a.pdf
2025-12-03,014,BANI (EMA),PERAVIA,MINISTERIO DE AGRICULTURA,EMAP,31.7,23.0,6.6,https://indomet.gob.do/wp-content/uploads/2025/12/temperaturas-extremas-y-precipitaciones-2025x12x03-a.pdf
2025-12-03,015,ESCONDIDO,PERAVIA,MINISTERIO DE AGRICULTURA,EMCV,32.0,22.0,6.6,https://indomet.gob.do/wp-content/uploads/2025/12/temperaturas-extremas-y-precipitaciones-2025x12x03-a.pdf
2025-12-03,016,JUMA BEJUCAL,MONSEÑOR NOUEL,IDIAF,EMCV,31.6,20.8,5.6,https://indomet.gob.do/wp-content/uploads/2025/12/temperaturas-extremas-y-precipitaciones-2025x12x03-a.pdf
2025-12-03,017,PASO AL MEDIO,SAN PEDRO DE MACORÍS,INDRHI,EMCI,,,4.9,https://indomet.gob.do/wp-content/uploads/2025/12/temperaturas-extremas-y-precipitaciones-2025x12x03-a.pdf
2025-12-03,018,LUPERÓN,PUERTO PLATA,MINISTERIO DE AGRICULTURA,EMCV,,,4.2,https://indomet.gob.do/wp-content/uploads/2025/12/temperaturas-extremas-y-precipitaciones-2025x12x03-a.pdf
2025-12-03,019,LOS LLANOS,SAN PEDRO DE MACORÍS,MINISTERIO DE AGRICULTURA,EMCI,32.0,21.2,3.6,https://indomet.gob.do/wp-content/uploads/2025/12/temperaturas-extremas-y-precipitaciones-2025x12x03-a.pdf
2025-12-03,020,SAMANÁ,SAMANÁ,COMANDANCIA DE PUERTO DE SAMANÁ,EMCI,30.8,18.6,3.4,https://indomet.gob.do/wp-content/uploads/2025/12/temperaturas-extremas-y-precipitaciones-2025x12x03-a.pdf
2025-12-03,021,ALTO BANDERA (EMA),LA VEGA,INTEC,EMAP,16.4,6.3,3.0,https://indomet.gob.do/wp-content/uploads/2025/12/temperaturas-extremas-y-precipitaciones-2025x12x03-a.pdf
2025-12-03,022,SABANA DE LA MAR,HATO MAYOR,INDOMET,EMCI,30.5,21.5,2.9,https://indomet.gob.do/wp-content/uploads/2025/12/temperaturas-extremas-y-precipitaciones-2025x12x03-a.pdf
2025-12-03,023,RESTAURACIÓN,DAJABÓN,MINISTERIO DE AGRICULTURA,EMCI,26.9,15.1,2.5,https://indomet.gob.do/wp-content/uploads/2025/12/temperaturas-extremas-y-precipitaciones-2025x12x03-a.pdf
2025-12-03,024,ARPT. GREGORIO LUPERÓN,PUERTO PLATA,INDOMET,EMCI,29.4,21.4,2.0,https://indomet.gob.do/wp-content/uploads/2025/12/temperaturas-extremas-y-precipitaciones-2025x12x03-a.pdf
2025-12-03,025,LOS JENGIBRES,NAGUA,INDRHI,EMCI,,,1.8,https://indomet.gob.do/wp-content/uploads/2025/12/temperaturas-extremas-y-precipitaciones-2025x12x03-a.pdf
2025-12-03,026,ENRIQUILLO,BARAHONA,MINISTERIO DE AGRICULTURA,EMCV,34.0,22.5,1.6,https://indomet.gob.do/wp-content/uploads/2025/12/temperaturas-extremas-y-precipitaciones-2025x12x03-a.pdf
2025-12-03,027,EL FACTOR (EMA),MARÍA TRINIDAD SÁNCHEZ,INTEC,EMAP,30.7,22.1,1.3,https://indomet.gob.do/wp-content/uploads/2025/12/temperaturas-extremas-y-precipitaciones-2025x12x03-a.pdf
2025-12-03,028,CABRERA,MARÍA TRINIDAD SÁNCHEZ,ESCUELA ARÍSTIDES FIALLO CABRAL,EMCI,31.5,23.2,1.2,https://indomet.gob.do/wp-content/uploads/2025/12/temperaturas-extremas-y-precipitaciones-2025x12x03-a.pdf
2025-12-03,029,BAYAGUANA,MONTE PLATA,INDOMET,EMCI,31.8,20.8,1.0,https://indomet.gob.do/wp-content/uploads/2025/12/temperaturas-extremas-y-precipitaciones-2025x12x03-a.pdf
2025-12-03,030,RANCHO ARRIBA,SAN JOSÉ DE OCOA,CENTRO TECNOLÓGICO COMUNITARIO,EMCI,26.6,14.4,1.0,https://indomet.gob.do/wp-content/uploads/2025/12/temperaturas-extremas-y-precipitaciones-2025x12x03-a.pdf
2025-12-03,031,RÍO SAN JUAN,MARÍA TRINIDAD SÁNCHEZ,HOSP. MPAL. DR. DESIDERIO ACOSTA,EMCV,30.0,22.3,0.4,https://indomet.gob.do/wp-content/uploads/2025/12/temperaturas-extremas-y-precipitaciones-2025x12x03-a.pdf
2025-12-03,032,ALTAMIRA,PUERTO PLATA,HOSP. MPAL. DE ALTAMIRA,EMCI,28.0,18.9,0.2,https://indomet.gob.do/wp-content/uploads/2025/12/temperaturas-extremas-y-precipitaciones-2025x12x03-a.pdf
2025-12-03,033,ARPT. MARÍA MONTEZ,BARAHONA,INDOMET,EMCI,34.0,20.0,0.2,https://indomet.gob.do/wp-content/uploads/2025/12/temperaturas-extremas-y-precipitaciones-2025x12x03-a.pdf
2025-12-03,034,CABRAL,BARAHONA,MINISTERIO DE AGRICULTURA,EMCV,32.5,21.7,0.2,https://indomet.gob.do/wp-content/uploads/2025/12/temperaturas-extremas-y-precipitaciones-2025x12x03-a.pdf
2025-12-03,035,CONSTANZA (EMA),LA VEGA,PROGRAMA MUNDIAL DE ALIMENTO,EMAP,24.1,13.6,0.2,https://indomet.gob.do/wp-content/uploads/2025/12/temperaturas-extremas-y-precipitaciones-2025x12x03-a.pdf
2025-12-03,036,VILLA ISABELA,PUERTO PLATA,MINISTERIO DE AGRICULTURA,EMCV,,,0.1,https://indomet.gob.do/wp-content/uploads/2025/12/temperaturas-extremas-y-precipitaciones-2025x12x03-a.pdf
2025-12-03,037,ANAMUYA (EMA),LA ALTAGRACIA,MINISTERIO DE AGRICULTURA,EMAP,30.8,22.2,0.0,https://indomet.gob.do/wp-content/uploads/2025/12/temperaturas-extremas-y-precipitaciones-2025x12x03-a.pdf
2025-12-03,038,ARPT. DE PUNTA CANA,LA ALTAGRACIA,INDOMET,EMCI,31.0,20.4,0.0,https://indomet.gob.do/wp-content/uploads/2025/12/temperaturas-extremas-y-precipitaciones-2025x12x03-a.pdf
2025-12-03,039,ARPT. DEL CIBAO,SANTIAGO,INDOMET,EMCI,32.6,19.1,0.0,https://indomet.gob.do/wp-content/uploads/2025/12/temperaturas-extremas-y-precipitaciones-2025x12x03-a.pdf
2025-12-03,040,ARPT. EL CATEY,SAMANÁ,INDOMET,EMCI,29.0,20.0,0.0,https://indomet.gob.do/wp-content/uploads/2025/12/temperaturas-extremas-y-precipitaciones-2025x12x03-a.pdf
2025-12-03,041,ARROYO LORO,SAN JUAN,IDIAF,EMCI,32.0,18.8,0.0,https://indomet.gob.do/wp-content/uploads/2025/12/temperaturas-extremas-y-precipitaciones-2025x12x03-a.pdf
2025-12-03,042,BOCA DE MAO (EMA),VALVERDE,MINISTERIO DE AGRICULTURA,EMAP,32.2,20.8,0.0,https://indomet.gob.do/wp-content/uploads/2025/12/temperaturas-extremas-y-precipitaciones-2025x12x03-a.pdf
2025-12-03,043,BUCARA (EMA),SANTIAGO,MINISTERIO DE AGRICULTURA,EMAI,,,0.0,https://indomet.gob.do/wp-content/uploads/2025/12/temperaturas-extremas-y-precipitaciones-2025x12x03-a.pdf
2025-12-03,044,CONSTANZA,LA VEGA,MINISTERIO DE AGRICULTURA,EMCI,25.0,12.0,0.0,https://indomet.gob.do/wp-content/uploads/2025/12/temperaturas-extremas-y-precipitaciones-2025x12x03-a.pdf
2025-12-03,045,DAJABÓN,DAJABÓN,INSTITUTO POLITÉCNICO LOYOLA,EMCI,33.8,22.4,0.0,https://indomet.gob.do/wp-content/uploads/2025/12/temperaturas-extremas-y-precipitaciones-2025x12x03-a.pdf
2025-12-03,046,ELÍAS PIÑA,ELÍAS PIÑA,MINISTERIO DE AGRICULTURA,EMCV,,,0.0,https://indomet.gob.do/wp-content/uploads/2025/12/temperaturas-extremas-y-precipitaciones-2025x12x03-a.pdf
2025-12-03,047,GASPAR HERNÁNDEZ,ESPAILLAT,PROPIEDAD DEL EMPLEADO,EMCI,,,0.0,https://indomet.gob.do/wp-content/uploads/2025/12/temperaturas-extremas-y-precipitaciones-2025x12x03-a.pdf
2025-12-03,048,GURABO,SANTIAGO,MINISTERIO DE AGRICULTURA,EMCV,,,0.0,https://indomet.gob.do/wp-content/uploads/2025/12/temperaturas-extremas-y-precipitaciones-2025x12x03-a.pdf
2025-12-03,049,HATO MAYOR,HATO MAYOR,MINISTERIO DE AGRICULTURA,EMCV,,,0.0,https://indomet.gob.do/wp-content/uploads/2025/12/temperaturas-extremas-y-precipitaciones-2025x12x03-a.pdf
2025-12-03,050,HONDO VALLE,ELÍAS PIÑA,MINISTERIO DE AGRICULTURA,EMCI,25.6,16.0,0.0,https://indomet.gob.do/wp-content/uploads/2025/12/temperaturas-extremas-y-precipitaciones-2025x12x03-a.pdf
2025-12-03,051,JARDÍN BOTÁNICO SANTIAGO (EMSANTIAGO,,JARDIN BOTANICO SANTIAGO,EMAI,32.2,23.3,0.0,https://indomet.gob.do/wp-content/uploads/2025/12/temperaturas-extremas-y-precipitaciones-2025x12x03-a.pdf
2025-12-03,052,JIMA ABAJO,LA VEGA,INDOMET,EMCI,31.0,20.0,0.0,https://indomet.gob.do/wp-content/uploads/2025/12/temperaturas-extremas-y-precipitaciones-2025x12x03-a.pdf
2025-12-03,053,JIMANÍ,INDEPENDENCIA,MINISTERIO DE AGRICULTURA,EMCI,34.5,21.5,0.0,https://indomet.gob.do/wp-content/uploads/2025/12/temperaturas-extremas-y-precipitaciones-2025x12x03-a.pdf
2025-12-03,054,LA VEGA,LA VEGA,IATESA,EMCI,33.0,21.0,0.0,https://indomet.gob.do/wp-content/uploads/2025/12/temperaturas-extremas-y-precipitaciones-2025x12x03-a.pdf
2025-12-03,055,LAS MATAS DE SANTA CRUZ,MONTE CRISTI,INDRHI,EMCV,,,0.0,https://indomet.gob.do/wp-content/uploads/2025/12/temperaturas-extremas-y-precipitaciones-2025x12x03-a.pdf
2025-12-03,056,LAS MATAS DE SANTA CRUZ (EMA,MONTE CRISTI,PROGRAMA MUNDIAL DE ALIMENTO,EMAP,,,0.0,https://indomet.gob.do/wp-content/uploads/2025/12/temperaturas-extremas-y-precipitaciones-2025x12x03-a.pdf
2025-12-03,057,MAO,VALVERDE,INDRHI / MINISTERIO DE AGRICULTURA,EMCV,,,0.0,https://indomet.gob.do/wp-content/uploads/2025/12/temperaturas-extremas-y-precipitaciones-2025x12x03-a.pdf
2025-12-03,058,MONCIÓN (EMA),SANTIAGO RODRÍGUEZ,PROGRAMA MUNDIAL DE ALIMENTO,EMAP,29.6,18.6,0.0,https://indomet.gob.do/wp-content/uploads/2025/12/temperaturas-extremas-y-precipitaciones-2025x12x03-a.pdf
2025-12-03,059,MONTE CRISTI,MONTE CRISTI,INDOMET,EMCI,31.2,22.5,0.0,https://indomet.gob.do/wp-content/uploads/2025/12/temperaturas-extremas-y-precipitaciones-2025x12x03-a.pdf
2025-12-03,060,NAVARRETE,SANTIAGO,MINISTERIO DE AGRICULTURA,EMCV,,,0.0,https://indomet.gob.do/wp-content/uploads/2025/12/temperaturas-extremas-y-precipitaciones-2025x12x03-a.pdf
2025-12-03,061,OLIVARES,PEDERNALES,INDRHI,EMCI,,,0.0,https://indomet.gob.do/wp-content/uploads/2025/12/temperaturas-extremas-y-precipitaciones-2025x12x03-a.pdf
2025-12-03,062,PADRE LAS CASAS,AZUA,HOSP. NTRA. SRA. DEL CARMEN,EMCI,31.5,16.5,0.0,https://indomet.gob.do/wp-content/uploads/2025/12/temperaturas-extremas-y-precipitaciones-2025x12x03-a.pdf
2025-12-03,063,PEDERNALES,PEDERNALES,INDRHI,EMCI,,,0.0,https://indomet.gob.do/wp-content/uploads/2025/12/temperaturas-extremas-y-precipitaciones-2025x12x03-a.pdf
2025-12-03,064,PERALTA,AZUA,HOSP. MPAL. DE PERALTA,EMCI,29.9,16.5,0.0,https://indomet.gob.do/wp-content/uploads/2025/12/temperaturas-extremas-y-precipitaciones-2025x12x03-a.pdf
2025-12-03,065,PESCADERIA (EMA),BARAHONA,MINISTERIO DE AGRICULTURA,EMAP,,,0.0,https://indomet.gob.do/wp-content/uploads/2025/12/temperaturas-extremas-y-precipitaciones-2025x12x03-a.pdf
2025-12-03,066,POLO,BARAHONA,INDOCAFE,EMCI,27.0,14.2,0.0,https://indomet.gob.do/wp-content/uploads/2025/12/temperaturas-extremas-y-precipitaciones-2025x12x03-a.pdf
2025-12-03,067,PONTÓN ABAJO (EMA),LA VEGA,MINISTERIO DE AGRICULTURA,EMAP,24.8,21.7,0.0,https://indomet.gob.do/wp-content/uploads/2025/12/temperaturas-extremas-y-precipitaciones-2025x12x03-a.pdf
2025-12-03,068,PRESA DE TAVERAS (EMA),LA VEGA,PROGRAMA MUNDIAL DE ALIMENTO,EMAP,,,0.0,https://indomet.gob.do/wp-content/uploads/2025/12/temperaturas-extremas-y-precipitaciones-2025x12x03-a.pdf
2025-12-03,069,SABANETA (EMA),SANTIAGO RODRÍGUEZ,PROGRAMA MUNDIAL DE ALIMENTO,EMAP,32.6,20.4,0.0,https://indomet.gob.do/wp-content/uploads/2025/12/temperaturas-extremas-y-precipitaciones-2025x12x03-a.pdf
2025-12-03,070,SAJOMA (EMA),SANTIAGO,PLAN SIERRA,EMAI,30.7,22.8,0.0,https://indomet.gob.do/wp-content/uploads/2025/12/temperaturas-extremas-y-precipitaciones-2025x12x03-a.pdf
2025-12-03,071,SALCEDO,HERMANAS MIRABAL,PROPIEDAD DEL EMPLEADO,EMCI,,,0.0,https://indomet.gob.do/wp-content/uploads/2025/12/temperaturas-extremas-y-precipitaciones-2025x12x03-a.pdf
2025-12-03,072,SAN FRANCISCO DE MACORÍS,DUARTE,San Francisco de Macorís (UASD),EMCI,30.5,20.2,0.0,https://indomet.gob.do/wp-content/uploads/2025/12/temperaturas-extremas-y-precipitaciones-2025x12x03-a.pdf
2025-12-03,073,SAN JOSÉ DE OCOA,SAN JOSÉ DE OCOA,HOSP. SAN JOSÉ DE OCOA,EMCI,30.7,20.2,0.0,https://indomet.gob.do/wp-content/uploads/2025/12/temperaturas-extremas-y-precipitaciones-2025x12x03-a.pdf
2025-12-03,074,SAN RAFAEL DEL YUMA,LA ALTAGRACIA,MINISTERIO DE AGRICULTURA,EMCI,31.7,21.8,0.0,https://indomet.gob.do/wp-content/uploads/2025/12/temperaturas-extremas-y-precipitaciones-2025x12x03-a.pdf
2025-12-03,075,SÁNCHEZ,SAMANÁ,MINISTERIO DE AGRICULTURA,EMCI,29.7,21.4,0.0,https://indomet.gob.do/wp-content/uploads/2025/12/temperaturas-extremas-y-precipitaciones-2025x12x03-a.pdf
2025-12-03,076,SANTIAGO,SANTIAGO,HUACALITO,EMCI,,,0.0,https://indomet.gob.do/wp-content/uploads/2025/12/temperaturas-extremas-y-precipitaciones-2025x12x03-a.pdf
2025-12-03,077,SANTIAGO RODRÍGUEZ,SANTIAGO RODRÍGUEZ,INDOMET,EMCI,33.5,20.2,0.0,https://indomet.gob.do/wp-content/uploads/2025/12/temperaturas-extremas-y-precipitaciones-2025x12x03-a.pdf
2025-12-03,078,TÁBARA ABAJO,AZUA,INDRHI,EMCI,32.2,19.1,0.0,https://indomet.gob.do/wp-content/uploads/2025/12/temperaturas-extremas-y-precipitaciones-2025x12x03-a.pdf
2025-12-03,079,TAMBORIL,SANTIAGO,MINISTERIO DE AGRICULTURA,EMCV,,,0.0,https://indomet.gob.do/wp-content/uploads/2025/12/temperaturas-extremas-y-precipitaciones-2025x12x03-a.pdf
2025-12-03,080,VILLA ALTAGRACIA,SAN CRISTÓBAL,ESCUELA JAVIER ANGULO GURIDI,EMCI,,,0.0,https://indomet.gob.do/wp-content/uploads/2025/12/temperaturas-extremas-y-precipitaciones-2025x12x03-a.pdf
2025-12-03,081,VILLA GONZALE (EMA),SANTIAGO,IGLESIA,EMAI,,,0.0,https://indomet.gob.do/wp-content/uploads/2025/12/temperaturas-extremas-y-precipitaciones-2025x12x03-a.pdf
2025-12-03,082,VILLA GONZALES,SANTIAGO,MINISTERIO DE AGRICULTURA,EMCI,,,0.0,https://indomet.gob.do/wp-content/uploads/2025/12/temperaturas-extremas-y-precipitaciones-2025x12x03-a.pdf
2025-12-03,083,VILLA RIVA,DUARTE,HOSP. MPAL. ALICIA DE LEGENDRE,EMCI,29.0,20.0,0.0,https://indomet.gob.do/wp-content/uploads/2025/12/temperaturas-extremas-y-precipitaciones-2025x12x03-a.pdf
2025-12-03,084,VILLA VASQUEZ (EMA),MONTE CRISTI,JUNTA DE REGANTES,EMAI,,,0.0,https://indomet.gob.do/wp-content/uploads/2025/12/temperaturas-extremas-y-precipitaciones-2025x12x03-a.pdf
2025-12-04,001,RÍO SAN JUAN,MARÍA TRINIDAD SÁNCHEZ,HOSP. MPAL. DR. DESIDERIO ACOSTA,EMCV,30.5,22.0,7.0,https://indomet.gob.do/wp-content/uploads/2025/12/temperaturas-extremas-y-precipitaciones-2025x12x04-a.pdf
2025-12-04,002,SABANA DE LA MAR,HATO MAYOR,INDOMET,EMCI,30.5,21.5,6.3,https://indomet.gob.do/wp-content/uploads/2025/12/temperaturas-extremas-y-precipitaciones-2025x12x04-a.pdf
2025-12-04,003,PASO AL MEDIO,SAN PEDRO DE MACORÍS,INDRHI,EMCI,,,6.2,https://indomet.gob.do/wp-content/uploads/2025/12/temperaturas-extremas-y-precipitaciones-2025x12x04-a.pdf
2025-12-04,004,SAN RAFAEL DEL YUMA,LA ALTAGRACIA,MINISTERIO DE AGRICULTURA,EMCI,31.7,21.7,6.2,https://indomet.gob.do/wp-content/uploads/2025/12/temperaturas-extremas-y-precipitaciones-2025x12x04-a.pdf
2025-12-04,005,SÁNCHEZ,SAMANÁ,MINISTERIO DE AGRICULTURA,EMCI,28.5,21.3,5.0,https://indomet.gob.do/wp-content/uploads/2025/12/temperaturas-extremas-y-precipitaciones-2025x12x04-a.pdf
2025-12-04,006,ANAMUYA (EMA),LA ALTAGRACIA,MINISTERIO DE AGRICULTURA,EMAP,30.2,21.8,4.6,https://indomet.gob.do/wp-content/uploads/2025/12/temperaturas-extremas-y-precipitaciones-2025x12x04-a.pdf
2025-12-04,007,ARPT. DE PUNTA CANA,LA ALTAGRACIA,INDOMET,EMCI,30.4,21.5,3.8,https://indomet.gob.do/wp-content/uploads/2025/12/temperaturas-extremas-y-precipitaciones-2025x12x04-a.pdf
2025-12-04,008,POLO,BARAHONA,INDOCAFE,EMCI,28.0,17.0,3.4,https://indomet.gob.do/wp-content/uploads/2025/12/temperaturas-extremas-y-precipitaciones-2025x12x04-a.pdf
2025-12-04,009,GASPAR HERNÁNDEZ,ESPAILLAT,PROPIEDAD DEL EMPLEADO,EMCI,,,2.3,https://indomet.gob.do/wp-content/uploads/2025/12/temperaturas-extremas-y-precipitaciones-2025x12x04-a.pdf
2025-12-04,010,CABRERA,MARÍA TRINIDAD SÁNCHEZ,ESCUELA ARÍSTIDES FIALLO CABRAL,EMCI,31.5,24.0,1.5,https://indomet.gob.do/wp-content/uploads/2025/12/temperaturas-extremas-y-precipitaciones-2025x12x04-a.pdf
2025-12-04,011,SAMANÁ,SAMANÁ,COMANDANCIA DE PUERTO DE SAMANÁ,EMCI,32.0,19.0,1.4,https://indomet.gob.do/wp-content/uploads/2025/12/temperaturas-extremas-y-precipitaciones-2025x12x04-a.pdf
2025-12-04,012,SAN FRANCISCO DE MACORÍS,DUARTE,San Francisco de Macorís (UASD),EMCI,30.3,20.0,1.4,https://indomet.gob.do/wp-content/uploads/2025/12/temperaturas-extremas-y-precipitaciones-2025x12x04-a.pdf
2025-12-04,013,MICHES (EMA),EL SEIBO,PRIVADA,EMAP,30.0,22.2,1.0,https://indomet.gob.do/wp-content/uploads/2025/12/temperaturas-extremas-y-precipitaciones-2025x12x04-a.pdf
2025-12-04,014,EL FACTOR (EMA),MARÍA TRINIDAD SÁNCHEZ,INTEC,EMAP,30.4,22.1,0.8,https://indomet.gob.do/wp-content/uploads/2025/12/temperaturas-extremas-y-precipitaciones-2025x12x04-a.pdf
2025-12-04,015,BASE AÉREA DE SAN ISIDRO,SANTO DOMINGO,FUERZA AÉREA DOMINICANA,EMCV,31.0,22.0,0.5,https://indomet.gob.do/wp-content/uploads/2025/12/temperaturas-extremas-y-precipitaciones-2025x12x04-a.pdf
2025-12-04,016,ALTO BANDERA (EMA),LA VEGA,INTEC,EMAP,15.4,7.7,0.3,https://indomet.gob.do/wp-content/uploads/2025/12/temperaturas-extremas-y-precipitaciones-2025x12x04-a.pdf
2025-12-04,017,VALLE NUEVO (EMA),LA VEGA,MARENA,EMAI,21.2,5.6,0.2,https://indomet.gob.do/wp-content/uploads/2025/12/temperaturas-extremas-y-precipitaciones-2025x12x04-a.pdf
2025-12-04,018,ALTAMIRA,PUERTO PLATA,HOSP. MPAL. DE ALTAMIRA,EMCI,29.9,18.3,0.1,https://indomet.gob.do/wp-content/uploads/2025/12/temperaturas-extremas-y-precipitaciones-2025x12x04-a.pdf
2025-12-04,019,CABRAL,BARAHONA,MINISTERIO DE AGRICULTURA,EMCV,32.0,21.5,0.1,https://indomet.gob.do/wp-content/uploads/2025/12/temperaturas-extremas-y-precipitaciones-2025x12x04-a.pdf
2025-12-04,020,ARPT. ARROYO BARRIL,SAMANÁ,INDOMET,EMCI,29.6,22.2,0.0,https://indomet.gob.do/wp-content/uploads/2025/12/temperaturas-extremas-y-precipitaciones-2025x12x04-a.pdf
2025-12-04,021,ARPT. DE LA ROMANA,LA ROMANA,INDOMET,EMCI,31.2,19.5,0.0,https://indomet.gob.do/wp-content/uploads/2025/12/temperaturas-extremas-y-precipitaciones-2025x12x04-a.pdf
2025-12-04,022,ARPT. DE LAS AMÉRICAS,SANTO DOMINGO,INDOMET,EMCI,31.0,21.8,0.0,https://indomet.gob.do/wp-content/uploads/2025/12/temperaturas-extremas-y-precipitaciones-2025x12x04-a.pdf
2025-12-04,023,ARPT. DEL CIBAO,SANTIAGO,INDOMET,EMCI,32.4,19.0,0.0,https://indomet.gob.do/wp-content/uploads/2025/12/temperaturas-extremas-y-precipitaciones-2025x12x04-a.pdf
2025-12-04,024,ARPT. EL CATEY,SAMANÁ,INDOMET,EMCI,29.6,21.2,0.0,https://indomet.gob.do/wp-content/uploads/2025/12/temperaturas-extremas-y-precipitaciones-2025x12x04-a.pdf
2025-12-04,025,ARPT. GREGORIO LUPERÓN,PUERTO PLATA,INDOMET,EMCI,30.5,21.2,0.0,https://indomet.gob.do/wp-content/uploads/2025/12/temperaturas-extremas-y-precipitaciones-2025x12x04-a.pdf
2025-12-04,026,ARPT. LA ISABELA,SANTO DOMINGO,INDOMET,EMCI,31.5,20.0,0.0,https://indomet.gob.do/wp-content/uploads/2025/12/temperaturas-extremas-y-precipitaciones-2025x12x04-a.pdf
2025-12-04,027,ARPT. MARÍA MONTEZ,BARAHONA,INDOMET,EMCI,32.3,22.0,0.0,https://indomet.gob.do/wp-content/uploads/2025/12/temperaturas-extremas-y-precipitaciones-2025x12x04-a.pdf
2025-12-04,028,ARROYO LORO,SAN JUAN,IDIAF,EMCI,32.8,19.2,0.0,https://indomet.gob.do/wp-content/uploads/2025/12/temperaturas-extremas-y-precipitaciones-2025x12x04-a.pdf
2025-12-04,029,BANI (EMA),PERAVIA,MINISTERIO DE AGRICULTURA,EMAP,31.4,25.0,0.0,https://indomet.gob.do/wp-content/uploads/2025/12/temperaturas-extremas-y-precipitaciones-2025x12x04-a.pdf
2025-12-04,030,BAYAGUANA,MONTE PLATA,INDOMET,EMCI,31.8,20.2,0.0,https://indomet.gob.do/wp-content/uploads/2025/12/temperaturas-extremas-y-precipitaciones-2025x12x04-a.pdf
2025-12-04,031,BOCA DE MAO (EMA),VALVERDE,MINISTERIO DE AGRICULTURA,EMAP,34.2,20.8,0.0,https://indomet.gob.do/wp-content/uploads/2025/12/temperaturas-extremas-y-precipitaciones-2025x12x04-a.pdf
2025-12-04,032,CENTRO DE LOS HEROES (EMA),DISTRITO NACIONAL,MINISTERIO DE ENERGIA Y MINA,EMAP,31.7,25.1,0.0,https://indomet.gob.do/wp-content/uploads/2025/12/temperaturas-extremas-y-precipitaciones-2025x12x04-a.pdf
2025-12-04,033,CONSTANZA,LA VEGA,MINISTERIO DE AGRICULTURA,EMCI,26.7,13.5,0.0,https://indomet.gob.do/wp-content/uploads/2025/12/temperaturas-extremas-y-precipitaciones-2025x12x04-a.pdf
2025-12-04,034,CONSTANZA (EMA),LA VEGA,PROGRAMA MUNDIAL DE ALIMENTO,EMAP,24.6,12.0,0.0,https://indomet.gob.do/wp-content/uploads/2025/12/temperaturas-extremas-y-precipitaciones-2025x12x04-a.pdf
2025-12-04,035,DAJABÓN,DAJABÓN,INSTITUTO POLITÉCNICO LOYOLA,EMCI,34.9,21.2,0.0,https://indomet.gob.do/wp-content/uploads/2025/12/temperaturas-extremas-y-precipitaciones-2025x12x04-a.pdf
2025-12-04,036,ELÍAS PIÑA,ELÍAS PIÑA,MINISTERIO DE AGRICULTURA,EMCV,,,0.0,https://indomet.gob.do/wp-content/uploads/2025/12/temperaturas-extremas-y-precipitaciones-2025x12x04-a.pdf
2025-12-04,037,ENRIQUILLO,BARAHONA,MINISTERIO DE AGRICULTURA,EMCV,33.0,22.8,0.0,https://indomet.gob.do/wp-content/uploads/2025/12/temperaturas-extremas-y-precipitaciones-2025x12x04-a.pdf
2025-12-04,038,GURABO,SANTIAGO,MINISTERIO DE AGRICULTURA,EMCV,,,0.0,https://indomet.gob.do/wp-content/uploads/2025/12/temperaturas-extremas-y-precipitaciones-2025x12x04-a.pdf
2025-12-04,039,HATO MAYOR,HATO MAYOR,MINISTERIO DE AGRICULTURA,EMCV,,,0.0,https://indomet.gob.do/wp-content/uploads/2025/12/temperaturas-extremas-y-precipitaciones-2025x12x04-a.pdf
2025-12-04,040,HONDO VALLE,ELÍAS PIÑA,MINISTERIO DE AGRICULTURA,EMCI,26.6,16.9,0.0,https://indomet.gob.do/wp-content/uploads/2025/12/temperaturas-extremas-y-precipitaciones-2025x12x04-a.pdf
2025-12-04,041,JARDÍN BOTÁNICO NACIONAL,DISTRITO NACIONAL,JARDÍN BOTÁNICO NACIONAL,EMCV,31.5,21.3,0.0,https://indomet.gob.do/wp-content/uploads/2025/12/temperaturas-extremas-y-precipitaciones-2025x12x04-a.pdf
2025-12-04,042,JIMANÍ,INDEPENDENCIA,MINISTERIO DE AGRICULTURA,EMCI,33.6,23.0,0.0,https://indomet.gob.do/wp-content/uploads/2025/12/temperaturas-extremas-y-precipitaciones-2025x12x04-a.pdf
2025-12-04,043,JUMA BEJUCAL,MONSEÑOR NOUEL,IDIAF,EMCV,31.4,20.4,0.0,https://indomet.gob.do/wp-content/uploads/2025/12/temperaturas-extremas-y-precipitaciones-2025x12x04-a.pdf
2025-12-04,044,LA VEGA,LA VEGA,IATESA,EMCI,33.0,20.5,0.0,https://indomet.gob.do/wp-content/uploads/2025/12/temperaturas-extremas-y-precipitaciones-2025x12x04-a.pdf
2025-12-04,045,LA VICTORIA,SANTO DOMINGO,CUERPO DE BOMBEROS,EMCI,32.6,22.0,0.0,https://indomet.gob.do/wp-content/uploads/2025/12/temperaturas-extremas-y-precipitaciones-2025x12x04-a.pdf
2025-12-04,046,LAS CANAS (EMA),MONTE CRISTI,PROGRAMA MUNDIAL DE ALIMENTO,EMAP,29.3,23.4,0.0,https://indomet.gob.do/wp-content/uploads/2025/12/temperaturas-extremas-y-precipitaciones-2025x12x04-a.pdf
2025-12-04,047,LAS MATAS DE SANTA CRUZ (EMA,MONTE CRISTI,PROGRAMA MUNDIAL DE ALIMENTO,EMAP,,,0.0,https://indomet.gob.do/wp-content/uploads/2025/12/temperaturas-extremas-y-precipitaciones-2025x12x04-a.pdf
2025-12-04,048,LOS JENGIBRES,NAGUA,INDRHI,EMCI,,,0.0,https://indomet.gob.do/wp-content/uploads/2025/12/temperaturas-extremas-y-precipitaciones-2025x12x04-a.pdf
2025-12-04,049,LOS LLANOS,SAN PEDRO DE MACORÍS,MINISTERIO DE AGRICULTURA,EMCI,32.0,21.3,0.0,https://indomet.gob.do/wp-content/uploads/2025/12/temperaturas-extremas-y-precipitaciones-2025x12x04-a.pdf
2025-12-04,050,LOS TRES CHARCOS (EMA),PEDERNALES,PROPIEDAD DEL VOLUNTARIO,EMAP,,,0.0,https://indomet.gob.do/wp-content/uploads/2025/12/temperaturas-extremas-y-precipitaciones-2025x12x04-a.pdf
2025-12-04,051,MAO,VALVERDE,INDRHI / MINISTERIO DE AGRICULTURA,EMCV,,,0.0,https://indomet.gob.do/wp-content/uploads/2025/12/temperaturas-extremas-y-precipitaciones-2025x12x04-a.pdf
2025-12-04,052,MONCIÓN (EMA),SANTIAGO RODRÍGUEZ,PROGRAMA MUNDIAL DE ALIMENTO,EMAP,30.6,18.1,0.0,https://indomet.gob.do/wp-content/uploads/2025/12/temperaturas-extremas-y-precipitaciones-2025x12x04-a.pdf
2025-12-04,053,MONTE CRISTI,MONTE CRISTI,INDOMET,EMCI,32.5,22.7,0.0,https://indomet.gob.do/wp-content/uploads/2025/12/temperaturas-extremas-y-precipitaciones-2025x12x04-a.pdf
2025-12-04,054,NAVARRETE,SANTIAGO,MINISTERIO DE AGRICULTURA,EMCV,,,0.0,https://indomet.gob.do/wp-content/uploads/2025/12/temperaturas-extremas-y-precipitaciones-2025x12x04-a.pdf
2025-12-04,055,OLIVARES,PEDERNALES,INDRHI,EMCI,,,0.0,https://indomet.gob.do/wp-content/uploads/2025/12/temperaturas-extremas-y-precipitaciones-2025x12x04-a.pdf
2025-12-04,056,OVIEDO,PEDERNALES,CLÍNICA RURAL OVIEDO,EMCI,31.0,21.0,0.0,https://indomet.gob.do/wp-content/uploads/2025/12/temperaturas-extremas-y-precipitaciones-2025x12x04-a.pdf
2025-12-04,057,PADRE LAS CASAS,AZUA,HOSP. NTRA. SRA. DEL CARMEN,EMCI,32.5,17.0,0.0,https://indomet.gob.do/wp-content/uploads/2025/12/temperaturas-extremas-y-precipitaciones-2025x12x04-a.pdf
2025-12-04,058,PALO ÍNDIO,PUERTO PLATA,MINISTERIO DE AGRICULTURA,EMCI,,,0.0,https://indomet.gob.do/wp-content/uploads/2025/12/temperaturas-extremas-y-precipitaciones-2025x12x04-a.pdf
2025-12-04,059,PEDERNALES,PEDERNALES,INDRHI,EMCI,,,0.0,https://indomet.gob.do/wp-content/uploads/2025/12/temperaturas-extremas-y-precipitaciones-2025x12x04-a.pdf
2025-12-04,060,PERALTA,AZUA,HOSP. MPAL. DE PERALTA,EMCI,30.0,17.0,0.0,https://indomet.gob.do/wp-content/uploads/2025/12/temperaturas-extremas-y-precipitaciones-2025x12x04-a.pdf
2025-12-04,061,RANCHO ARRIBA,SAN JOSÉ DE OCOA,CENTRO TECNOLÓGICO COMUNITARIO,EMCI,27.2,15.8,0.0,https://indomet.gob.do/wp-content/uploads/2025/12/temperaturas-extremas-y-precipitaciones-2025x12x04-a.pdf
2025-12-04,062,RESTAURACIÓN,DAJABÓN,MINISTERIO DE AGRICULTURA,EMCI,27.8,15.6,0.0,https://indomet.gob.do/wp-content/uploads/2025/12/temperaturas-extremas-y-precipitaciones-2025x12x04-a.pdf
2025-12-04,063,SABANA GRANDE DE BOYÁ,MONTE PLATA,MINISTERIO DE AGRICULTURA,EMCV,,,0.0,https://indomet.gob.do/wp-content/uploads/2025/12/temperaturas-extremas-y-precipitaciones-2025x12x04-a.pdf
2025-12-04,064,SALCEDO,HERMANAS MIRABAL,PROPIEDAD DEL EMPLEADO,EMCI,,,0.0,https://indomet.gob.do/wp-content/uploads/2025/12/temperaturas-extremas-y-precipitaciones-2025x12x04-a.pdf
2025-12-04,065,SAN CRISTÓBAL,SAN CRISTÓBAL,INSTITUTO POLITÉCNICO LOYOLA,EMCI,33.0,19.2,0.0,https://indomet.gob.do/wp-content/uploads/2025/12/temperaturas-extremas-y-precipitaciones-2025x12x04-a.pdf
2025-12-04,066,SAN JOSÉ DE OCOA,SAN JOSÉ DE OCOA,HOSP. SAN JOSÉ DE OCOA,EMCI,30.9,20.7,0.0,https://indomet.gob.do/wp-content/uploads/2025/12/temperaturas-extremas-y-precipitaciones-2025x12x04-a.pdf
2025-12-04,067,SANTIAGO,SANTIAGO,HUACALITO,EMCI,,,0.0,https://indomet.gob.do/wp-content/uploads/2025/12/temperaturas-extremas-y-precipitaciones-2025x12x04-a.pdf
2025-12-04,068,SAJOMA (EMA),SANTIAGO,PLAN SIERRA,EMAI,30.8,22.0,0.0,https://indomet.gob.do/wp-content/uploads/2025/12/temperaturas-extremas-y-precipitaciones-2025x12x04-a.pdf
2025-12-04,069,JARDÍN BOTÁNICO SANTIAGO (EMSANTIAGO,,JARDIN BOTANICO SANTIAGO,EMAI,31.9,23.3,0.0,https://indomet.gob.do/wp-content/uploads/2025/12/temperaturas-extremas-y-precipitaciones-2025x12x04-a.pdf
2025-12-04,070,BUCARA (EMA),SANTIAGO,MINISTERIO DE AGRICULTURA,EMAI,,,0.0,https://indomet.gob.do/wp-content/uploads/2025/12/temperaturas-extremas-y-precipitaciones-2025x12x04-a.pdf
2025-12-04,071,VILLA GONZALE (EMA),SANTIAGO,IGLESIA,EMAI,,,0.0,https://indomet.gob.do/wp-content/uploads/2025/12/temperaturas-extremas-y-precipitaciones-2025x12x04-a.pdf
2025-12-04,072,SANTIAGO RODRÍGUEZ,SANTIAGO RODRÍGUEZ,INDOMET,EMCI,34.0,19.5,0.0,https://indomet.gob.do/wp-content/uploads/2025/12/temperaturas-extremas-y-precipitaciones-2025x12x04-a.pdf
2025-12-04,073,SANTO DOMINGO ESTE,SANTO DOMINGO,INDOMET,EMCI,32.0,23.5,0.0,https://indomet.gob.do/wp-content/uploads/2025/12/temperaturas-extremas-y-precipitaciones-2025x12x04-a.pdf
2025-12-04,074,TÁBARA ABAJO,AZUA,INDRHI,EMCI,32.0,19.2,0.0,https://indomet.gob.do/wp-content/uploads/2025/12/temperaturas-extremas-y-precipitaciones-2025x12x04-a.pdf
2025-12-04,075,VILLA ALTAGRACIA,SAN CRISTÓBAL,ESCUELA JAVIER ANGULO GURIDI,EMCI,,,0.0,https://indomet.gob.do/wp-content/uploads/2025/12/temperaturas-extremas-y-precipitaciones-2025x12x04-a.pdf
2025-12-04,076,VILLA GONZALES,SANTIAGO,MINISTERIO DE AGRICULTURA,EMCI,,,0.0,https://indomet.gob.do/wp-content/uploads/2025/12/temperaturas-extremas-y-precipitaciones-2025x12x04-a.pdf
2025-12-04,077,VILLA ISABELA,PUERTO PLATA,MINISTERIO DE AGRICULTURA,EMCV,,,0.0,https://indomet.gob.do/wp-content/uploads/2025/12/temperaturas-extremas-y-precipitaciones-2025x12x04-a.pdf
2025-12-04,078,VILLA RIVA,DUARTE,HOSP. MPAL. ALICIA DE LEGENDRE,EMCI,30.0,20.6,0.0,https://indomet.gob.do/wp-content/uploads/2025/12/temperaturas-extremas-y-precipitaciones-2025x12x04-a.pdf
2025-12-06,001,SÁNCHEZ,SAMANÁ,MINISTERIO DE AGRICULTURA,EMCI,29.5,21.9,10.0,https://indomet.gob.do/wp-content/uploads/2025/12/temperaturas-extremas-y-precipitaciones-2025x12x06-a.pdf
2025-12-06,002,JUMA BEJUCAL,MONSEÑOR NOUEL,IDIAF,EMCV,30.8,19.6,5.4,https://indomet.gob.do/wp-content/uploads/2025/12/temperaturas-extremas-y-precipitaciones-2025x12x06-a.pdf
2025-12-06,003,RÍO SAN JUAN,MARÍA TRINIDAD SÁNCHEZ,HOSP. MPAL. DR. DESIDERIO ACOSTA,EMCV,32.3,22.4,4.6,https://indomet.gob.do/wp-content/uploads/2025/12/temperaturas-extremas-y-precipitaciones-2025x12x06-a.pdf
2025-12-06,004,ARPT. ARROYO BARRIL,SAMANÁ,INDOMET,EMCI,28.9,21.5,4.5,https://indomet.gob.do/wp-content/uploads/2025/12/temperaturas-extremas-y-precipitaciones-2025x12x06-a.pdf
2025-12-06,005,CABRERA,MARÍA TRINIDAD SÁNCHEZ,ESCUELA ARÍSTIDES FIALLO CABRAL,EMCI,31.5,23.0,4.4,https://indomet.gob.do/wp-content/uploads/2025/12/temperaturas-extremas-y-precipitaciones-2025x12x06-a.pdf
2025-12-06,006,SABANA DE LA MAR,HATO MAYOR,INDOMET,EMCI,30.0,21.5,3.6,https://indomet.gob.do/wp-content/uploads/2025/12/temperaturas-extremas-y-precipitaciones-2025x12x06-a.pdf
2025-12-06,007,ARPT. DE PUNTA CANA,LA ALTAGRACIA,INDOMET,EMCI,30.2,22.5,2.8,https://indomet.gob.do/wp-content/uploads/2025/12/temperaturas-extremas-y-precipitaciones-2025x12x06-a.pdf
2025-12-06,008,ANAMUYA (EMA),LA ALTAGRACIA,MINISTERIO DE AGRICULTURA,EMAP,30.7,22.4,1.8,https://indomet.gob.do/wp-content/uploads/2025/12/temperaturas-extremas-y-precipitaciones-2025x12x06-a.pdf
2025-12-06,009,BAYAGUANA,MONTE PLATA,INDOMET,EMCI,31.6,18.3,1.6,https://indomet.gob.do/wp-content/uploads/2025/12/temperaturas-extremas-y-precipitaciones-2025x12x06-a.pdf
2025-12-06,010,SAN RAFAEL DEL YUMA,LA ALTAGRACIA,MINISTERIO DE AGRICULTURA,EMCI,31.0,21.6,1.6,https://indomet.gob.do/wp-content/uploads/2025/12/temperaturas-extremas-y-precipitaciones-2025x12x06-a.pdf
2025-12-06,011,ARPT. EL CATEY,SAMANÁ,INDOMET,EMCI,28.5,20.5,1.5,https://indomet.gob.do/wp-content/uploads/2025/12/temperaturas-extremas-y-precipitaciones-2025x12x06-a.pdf
2025-12-06,012,JARABACOA,LA VEGA,INDRHI / MARENA,EMCI,31.0,15.0,0.9,https://indomet.gob.do/wp-content/uploads/2025/12/temperaturas-extremas-y-precipitaciones-2025x12x06-a.pdf
2025-12-06,013,EL FACTOR (EMA),MARÍA TRINIDAD SÁNCHEZ,INTEC,EMAP,30.8,22.0,0.8,https://indomet.gob.do/wp-content/uploads/2025/12/temperaturas-extremas-y-precipitaciones-2025x12x06-a.pdf
2025-12-06,014,SAMANÁ,SAMANÁ,COMANDANCIA DE PUERTO DE SAMANÁ,EMCI,31.7,18.9,0.8,https://indomet.gob.do/wp-content/uploads/2025/12/temperaturas-extremas-y-precipitaciones-2025x12x06-a.pdf
2025-12-06,015,MICHES (EMA),EL SEIBO,PRIVADA,EMAP,30.1,22.3,0.6,https://indomet.gob.do/wp-content/uploads/2025/12/temperaturas-extremas-y-precipitaciones-2025x12x06-a.pdf
2025-12-06,016,POLO,BARAHONA,INDOCAFE,EMCI,27.0,15.5,0.4,https://indomet.gob.do/wp-content/uploads/2025/12/temperaturas-extremas-y-precipitaciones-2025x12x06-a.pdf
2025-12-06,017,BONAO,MONSEÑOR NOUEL,MINISTERIO DE AGRICULTURA,EMCV,,,0.3,https://indomet.gob.do/wp-content/uploads/2025/12/temperaturas-extremas-y-precipitaciones-2025x12x06-a.pdf
2025-12-06,018,ALTAMIRA,PUERTO PLATA,HOSP. MPAL. DE ALTAMIRA,EMCI,30.6,17.5,0.2,https://indomet.gob.do/wp-content/uploads/2025/12/temperaturas-extremas-y-precipitaciones-2025x12x06-a.pdf
2025-12-06,019,SAN JOSÉ DE OCOA,SAN JOSÉ DE OCOA,HOSP. SAN JOSÉ DE OCOA,EMCI,30.7,17.2,0.2,https://indomet.gob.do/wp-content/uploads/2025/12/temperaturas-extremas-y-precipitaciones-2025x12x06-a.pdf
2025-12-06,020,ALTO BANDERA (EMA),LA VEGA,INTEC,EMAP,17.6,6.8,0.0,https://indomet.gob.do/wp-content/uploads/2025/12/temperaturas-extremas-y-precipitaciones-2025x12x06-a.pdf
2025-12-06,021,ARPT. DE LA ROMANA,LA ROMANA,INDOMET,EMCI,31.0,19.7,0.0,https://indomet.gob.do/wp-content/uploads/2025/12/temperaturas-extremas-y-precipitaciones-2025x12x06-a.pdf
2025-12-06,022,ARPT. DE LAS AMÉRICAS,SANTO DOMINGO,INDOMET,EMCI,30.4,21.0,0.0,https://indomet.gob.do/wp-content/uploads/2025/12/temperaturas-extremas-y-precipitaciones-2025x12x06-a.pdf
2025-12-06,023,ARPT. DEL CIBAO,SANTIAGO,INDOMET,EMCI,31.6,19.5,0.0,https://indomet.gob.do/wp-content/uploads/2025/12/temperaturas-extremas-y-precipitaciones-2025x12x06-a.pdf
2025-12-06,024,ARPT. GREGORIO LUPERÓN,PUERTO PLATA,INDOMET,EMCI,30.7,19.5,0.0,https://indomet.gob.do/wp-content/uploads/2025/12/temperaturas-extremas-y-precipitaciones-2025x12x06-a.pdf
2025-12-06,025,ARPT. LA ISABELA,SANTO DOMINGO,INDOMET,EMCI,32.5,19.5,0.0,https://indomet.gob.do/wp-content/uploads/2025/12/temperaturas-extremas-y-precipitaciones-2025x12x06-a.pdf
2025-12-06,026,ARPT. MARÍA MONTEZ,BARAHONA,INDOMET,EMCI,32.5,20.0,0.0,https://indomet.gob.do/wp-content/uploads/2025/12/temperaturas-extremas-y-precipitaciones-2025x12x06-a.pdf
2025-12-06,027,ARROYO LORO,SAN JUAN,IDIAF,EMCI,32.4,15.6,0.0,https://indomet.gob.do/wp-content/uploads/2025/12/temperaturas-extremas-y-precipitaciones-2025x12x06-a.pdf
2025-12-06,028,BANI (EMA),PERAVIA,MINISTERIO DE AGRICULTURA,EMAP,29.9,24.3,0.0,https://indomet.gob.do/wp-content/uploads/2025/12/temperaturas-extremas-y-precipitaciones-2025x12x06-a.pdf
2025-12-06,029,BASE AÉREA DE SAN ISIDRO,SANTO DOMINGO,FUERZA AÉREA DOMINICANA,EMCV,29.0,22.0,0.0,https://indomet.gob.do/wp-content/uploads/2025/12/temperaturas-extremas-y-precipitaciones-2025x12x06-a.pdf
2025-12-06,030,BOCA DE MAO (EMA),VALVERDE,MINISTERIO DE AGRICULTURA,EMAP,32.8,22.2,0.0,https://indomet.gob.do/wp-content/uploads/2025/12/temperaturas-extremas-y-precipitaciones-2025x12x06-a.pdf
2025-12-06,031,CABRAL,BARAHONA,MINISTERIO DE AGRICULTURA,EMCV,31.6,20.5,0.0,https://indomet.gob.do/wp-content/uploads/2025/12/temperaturas-extremas-y-precipitaciones-2025x12x06-a.pdf
2025-12-06,032,CENTRO DE LOS HEROES (EMA),DISTRITO NACIONAL,MINISTERIO DE ENERGIA Y MINA,EMAP,30.8,25.1,0.0,https://indomet.gob.do/wp-content/uploads/2025/12/temperaturas-extremas-y-precipitaciones-2025x12x06-a.pdf
2025-12-06,033,CONSTANZA,LA VEGA,MINISTERIO DE AGRICULTURA,EMCI,26.0,9.4,0.0,https://indomet.gob.do/wp-content/uploads/2025/12/temperaturas-extremas-y-precipitaciones-2025x12x06-a.pdf
2025-12-06,034,CONSTANZA (EMA),LA VEGA,PROGRAMA MUNDIAL DE ALIMENTO,EMAP,24.6,10.8,0.0,https://indomet.gob.do/wp-content/uploads/2025/12/temperaturas-extremas-y-precipitaciones-2025x12x06-a.pdf
2025-12-06,035,DAJABÓN,DAJABÓN,INSTITUTO POLITÉCNICO LOYOLA,EMCI,34.1,21.3,0.0,https://indomet.gob.do/wp-content/uploads/2025/12/temperaturas-extremas-y-precipitaciones-2025x12x06-a.pdf
2025-12-06,036,ELÍAS PIÑA,ELÍAS PIÑA,MINISTERIO DE AGRICULTURA,EMCV,,,0.0,https://indomet.gob.do/wp-content/uploads/2025/12/temperaturas-extremas-y-precipitaciones-2025x12x06-a.pdf
2025-12-06,037,ENRIQUILLO,BARAHONA,MINISTERIO DE AGRICULTURA,EMCV,33.3,23.5,0.0,https://indomet.gob.do/wp-content/uploads/2025/12/temperaturas-extremas-y-precipitaciones-2025x12x06-a.pdf
2025-12-06,038,GASPAR HERNÁNDEZ,ESPAILLAT,PROPIEDAD DEL EMPLEADO,EMCI,,,0.0,https://indomet.gob.do/wp-content/uploads/2025/12/temperaturas-extremas-y-precipitaciones-2025x12x06-a.pdf
2025-12-06,039,HATO MAYOR,HATO MAYOR,MINISTERIO DE AGRICULTURA,EMCV,,,0.0,https://indomet.gob.do/wp-content/uploads/2025/12/temperaturas-extremas-y-precipitaciones-2025x12x06-a.pdf
2025-12-06,040,HONDO VALLE,ELÍAS PIÑA,MINISTERIO DE AGRICULTURA,EMCI,26.0,16.1,0.0,https://indomet.gob.do/wp-content/uploads/2025/12/temperaturas-extremas-y-precipitaciones-2025x12x06-a.pdf
2025-12-06,041,JIMANÍ,INDEPENDENCIA,MINISTERIO DE AGRICULTURA,EMCI,33.2,22.0,0.0,https://indomet.gob.do/wp-content/uploads/2025/12/temperaturas-extremas-y-precipitaciones-2025x12x06-a.pdf
2025-12-06,042,LA VEGA,LA VEGA,IATESA,EMCI,32.0,22.0,0.0,https://indomet.gob.do/wp-content/uploads/2025/12/temperaturas-extremas-y-precipitaciones-2025x12x06-a.pdf
2025-12-06,043,LA VICTORIA,SANTO DOMINGO,CUERPO DE BOMBEROS,EMCI,33.6,21.5,0.0,https://indomet.gob.do/wp-content/uploads/2025/12/temperaturas-extremas-y-precipitaciones-2025x12x06-a.pdf
2025-12-06,044,LAS CANAS (EMA),MONTE CRISTI,PROGRAMA MUNDIAL DE ALIMENTO,EMAP,30.0,21.3,0.0,https://indomet.gob.do/wp-content/uploads/2025/12/temperaturas-extremas-y-precipitaciones-2025x12x06-a.pdf
2025-12-06,045,LAS MATAS DE SANTA CRUZ (EMA,MONTE CRISTI,PROGRAMA MUNDIAL DE ALIMENTO,EMAP,,,0.0,https://indomet.gob.do/wp-content/uploads/2025/12/temperaturas-extremas-y-precipitaciones-2025x12x06-a.pdf
2025-12-06,046,LOS LLANOS,SAN PEDRO DE MACORÍS,MINISTERIO DE AGRICULTURA,EMCI,32.2,21.2,0.0,https://indomet.gob.do/wp-content/uploads/2025/12/temperaturas-extremas-y-precipitaciones-2025x12x06-a.pdf
2025-12-06,047,LOS TRES CHARCOS (EMA),PEDERNALES,PROPIEDAD DEL VOLUNTARIO,EMAP,,,0.0,https://indomet.gob.do/wp-content/uploads/2025/12/temperaturas-extremas-y-precipitaciones-2025x12x06-a.pdf
2025-12-06,048,MAO,VALVERDE,INDRHI / MINISTERIO DE AGRICULTURA,EMCV,,,0.0,https://indomet.gob.do/wp-content/uploads/2025/12/temperaturas-extremas-y-precipitaciones-2025x12x06-a.pdf
2025-12-06,049,MONCIÓN (EMA),SANTIAGO RODRÍGUEZ,PROGRAMA MUNDIAL DE ALIMENTO,EMAP,29.9,17.8,0.0,https://indomet.gob.do/wp-content/uploads/2025/12/temperaturas-extremas-y-precipitaciones-2025x12x06-a.pdf
2025-12-06,050,MONTE CRISTI,MONTE CRISTI,INDOMET,EMCI,33.0,21.3,0.0,https://indomet.gob.do/wp-content/uploads/2025/12/temperaturas-extremas-y-precipitaciones-2025x12x06-a.pdf
2025-12-06,051,NAVARRETE,SANTIAGO,MINISTERIO DE AGRICULTURA,EMCV,,,0.0,https://indomet.gob.do/wp-content/uploads/2025/12/temperaturas-extremas-y-precipitaciones-2025x12x06-a.pdf
2025-12-06,052,OLIVARES,PEDERNALES,INDRHI,EMCI,,,0.0,https://indomet.gob.do/wp-content/uploads/2025/12/temperaturas-extremas-y-precipitaciones-2025x12x06-a.pdf
2025-12-06,053,OVIEDO,PEDERNALES,CLÍNICA RURAL OVIEDO,EMCI,32.5,22.0,0.0,https://indomet.gob.do/wp-content/uploads/2025/12/temperaturas-extremas-y-precipitaciones-2025x12x06-a.pdf
2025-12-06,054,PADRE LAS CASAS,AZUA,HOSP. NTRA. SRA. DEL CARMEN,EMCI,31.0,16.0,0.0,https://indomet.gob.do/wp-content/uploads/2025/12/temperaturas-extremas-y-precipitaciones-2025x12x06-a.pdf
2025-12-06,055,PALO ÍNDIO,PUERTO PLATA,MINISTERIO DE AGRICULTURA,EMCI,,,0.0,https://indomet.gob.do/wp-content/uploads/2025/12/temperaturas-extremas-y-precipitaciones-2025x12x06-a.pdf
2025-12-06,056,PEDERNALES,PEDERNALES,INDRHI,EMCI,,,0.0,https://indomet.gob.do/wp-content/uploads/2025/12/temperaturas-extremas-y-precipitaciones-2025x12x06-a.pdf
2025-12-06,057,PERALTA,AZUA,HOSP. MPAL. DE PERALTA,EMCI,30.2,14.4,0.0,https://indomet.gob.do/wp-content/uploads/2025/12/temperaturas-extremas-y-precipitaciones-2025x12x06-a.pdf
2025-12-06,058,PONTÓN ABAJO (EMA),LA VEGA,MINISTERIO DE AGRICULTURA,EMAP,32.8,22.2,0.0,https://indomet.gob.do/wp-content/uploads/2025/12/temperaturas-extremas-y-precipitaciones-2025x12x06-a.pdf
2025-12-06,059,PRESA DE TAVERAS (EMA),LA VEGA,PROGRAMA MUNDIAL DE ALIMENTO,EMAP,28.9,20.1,0.0,https://indomet.gob.do/wp-content/uploads/2025/12/temperaturas-extremas-y-precipitaciones-2025x12x06-a.pdf
2025-12-06,060,RANCHO ARRIBA,SAN JOSÉ DE OCOA,CENTRO TECNOLÓGICO COMUNITARIO,EMCI,26.9,15.0,0.0,https://indomet.gob.do/wp-content/uploads/2025/12/temperaturas-extremas-y-precipitaciones-2025x12x06-a.pdf
2025-12-06,061,RESTAURACIÓN,DAJABÓN,MINISTERIO DE AGRICULTURA,EMCI,29.7,13.4,0.0,https://indomet.gob.do/wp-content/uploads/2025/12/temperaturas-extremas-y-precipitaciones-2025x12x06-a.pdf
2025-12-06,062,SABANETA (EMA),SANTIAGO RODRÍGUEZ,PROGRAMA MUNDIAL DE ALIMENTO,EMAP,34.9,19.9,0.0,https://indomet.gob.do/wp-content/uploads/2025/12/temperaturas-extremas-y-precipitaciones-2025x12x06-a.pdf
2025-12-06,063,SALCEDO,HERMANAS MIRABAL,PROPIEDAD DEL EMPLEADO,EMCI,,,0.0,https://indomet.gob.do/wp-content/uploads/2025/12/temperaturas-extremas-y-precipitaciones-2025x12x06-a.pdf
2025-12-06,064,SAN CRISTÓBAL,SAN CRISTÓBAL,INSTITUTO POLITÉCNICO LOYOLA,EMCI,32.2,20.0,0.0,https://indomet.gob.do/wp-content/uploads/2025/12/temperaturas-extremas-y-precipitaciones-2025x12x06-a.pdf
2025-12-06,065,SAJOMA (EMA),SANTIAGO,PLAN SIERRA,EMAI,29.8,16.9,0.0,https://indomet.gob.do/wp-content/uploads/2025/12/temperaturas-extremas-y-precipitaciones-2025x12x06-a.pdf
2025-12-06,066,JARDÍN BOTÁNICO SANTIAGO (EMSANTIAGO,,JARDIN BOTANICO SANTIAGO,EMAI,30.7,21.8,0.0,https://indomet.gob.do/wp-content/uploads/2025/12/temperaturas-extremas-y-precipitaciones-2025x12x06-a.pdf
2025-12-06,067,BUCARA (EMA),SANTIAGO,MINISTERIO DE AGRICULTURA,EMAI,,,0.0,https://indomet.gob.do/wp-content/uploads/2025/12/temperaturas-extremas-y-precipitaciones-2025x12x06-a.pdf
2025-12-06,068,VILLA GONZALE (EMA),SANTIAGO,IGLESIA,EMAI,,,0.0,https://indomet.gob.do/wp-content/uploads/2025/12/temperaturas-extremas-y-precipitaciones-2025x12x06-a.pdf
2025-12-06,069,VILLA VASQUEZ (EMA),MONTE CRISTI,JUNTA DE REGANTES,EMAI,,,0.0,https://indomet.gob.do/wp-content/uploads/2025/12/temperaturas-extremas-y-precipitaciones-2025x12x06-a.pdf
2025-12-06,070,SANTIAGO RODRÍGUEZ,SANTIAGO RODRÍGUEZ,INDOMET,EMCI,34.2,20.4,0.0,https://indomet.gob.do/wp-content/uploads/2025/12/temperaturas-extremas-y-precipitaciones-2025x12x06-a.pdf
2025-12-06,071,SANTO DOMINGO ESTE,SANTO DOMINGO,INDOMET,EMCI,32.0,22.7,0.0,https://indomet.gob.do/wp-content/uploads/2025/12/temperaturas-extremas-y-precipitaciones-2025x12x06-a.pdf
2025-12-06,072,TÁBARA ABAJO,AZUA,INDRHI,EMCI,30.8,19.0,0.0,https://indomet.gob.do/wp-content/uploads/2025/12/temperaturas-extremas-y-precipitaciones-2025x12x06-a.pdf
2025-12-06,073,TAMBORIL,SANTIAGO,MINISTERIO DE AGRICULTURA,EMCV,,,0.0,https://indomet.gob.do/wp-content/uploads/2025/12/temperaturas-extremas-y-precipitaciones-2025x12x06-a.pdf
2025-12-06,074,VILLA ALTAGRACIA,SAN CRISTÓBAL,ESCUELA JAVIER ANGULO GURIDI,EMCI,,,0.0,https://indomet.gob.do/wp-content/uploads/2025/12/temperaturas-extremas-y-precipitaciones-2025x12x06-a.pdf
2025-12-06,075,VILLA GONZALES,SANTIAGO,MINISTERIO DE AGRICULTURA,EMCI,,,0.0,https://indomet.gob.do/wp-content/uploads/2025/12/temperaturas-extremas-y-precipitaciones-2025x12x06-a.pdf
2025-12-06,076,VILLA ISABELA,PUERTO PLATA,MINISTERIO DE AGRICULTURA,EMCV,,,0.0,https://indomet.gob.do/wp-content/uploads/2025/12/temperaturas-extremas-y-precipitaciones-2025x12x06-a.pdf
2025-12-06,077,VILLA RIVA,DUARTE,HOSP. MPAL. ALICIA DE LEGENDRE,EMCI,30.0,19.0,0.0,https://indomet.gob.do/wp-content/uploads/2025/12/temperaturas-extremas-y-precipitaciones-2025x12x06-a.pdf
2025-12-07,001,ARPT. EL CATEY,SAMANÁ,INDOMET,EMCI,29.4,20.0,21.0,https://indomet.gob.do/wp-content/uploads/2025/12/temperaturas-extremas-y-precipitaciones-2025x12x07-a.pdf
2025-12-07,002,ARPT. ARROYO BARRIL,SAMANÁ,INDOMET,EMCI,29.5,22.3,17.5,https://indomet.gob.do/wp-content/uploads/2025/12/temperaturas-extremas-y-precipitaciones-2025x12x07-a.pdf
2025-12-07,003,CABRERA,MARÍA TRINIDAD SÁNCHEZ,ESCUELA ARÍSTIDES FIALLO CABRAL,EMCI,31.2,24.0,16.5,https://indomet.gob.do/wp-content/uploads/2025/12/temperaturas-extremas-y-precipitaciones-2025x12x07-a.pdf
2025-12-07,004,SÁNCHEZ,SAMANÁ,MINISTERIO DE AGRICULTURA,EMCI,29.8,21.9,11.2,https://indomet.gob.do/wp-content/uploads/2025/12/temperaturas-extremas-y-precipitaciones-2025x12x07-a.pdf
2025-12-07,005,JUMA BEJUCAL,MONSEÑOR NOUEL,IDIAF,EMCV,32.0,20.2,8.4,https://indomet.gob.do/wp-content/uploads/2025/12/temperaturas-extremas-y-precipitaciones-2025x12x07-a.pdf
2025-12-07,006,POLO,BARAHONA,INDOCAFE,EMCI,26.9,16.0,7.0,https://indomet.gob.do/wp-content/uploads/2025/12/temperaturas-extremas-y-precipitaciones-2025x12x07-a.pdf
2025-12-07,007,SAMANÁ,SAMANÁ,COMANDANCIA DE PUERTO DE SAMANÁ,EMCI,32.2,27.9,6.2,https://indomet.gob.do/wp-content/uploads/2025/12/temperaturas-extremas-y-precipitaciones-2025x12x07-a.pdf
2025-12-07,008,SABANA GRANDE DE BOYÁ,MONTE PLATA,MINISTERIO DE AGRICULTURA,EMCV,,,4.8,https://indomet.gob.do/wp-content/uploads/2025/12/temperaturas-extremas-y-precipitaciones-2025x12x07-a.pdf
2025-12-07,009,DAJABÓN,DAJABÓN,INSTITUTO POLITÉCNICO LOYOLA,EMCI,35.5,19.6,4.5,https://indomet.gob.do/wp-content/uploads/2025/12/temperaturas-extremas-y-precipitaciones-2025x12x07-a.pdf
2025-12-07,010,OVIEDO,PEDERNALES,CLÍNICA RURAL OVIEDO,EMCI,32.0,20.5,4.0,https://indomet.gob.do/wp-content/uploads/2025/12/temperaturas-extremas-y-precipitaciones-2025x12x07-a.pdf
2025-12-07,011,SALCEDO,HERMANAS MIRABAL,PROPIEDAD DEL EMPLEADO,EMCI,,,4.0,https://indomet.gob.do/wp-content/uploads/2025/12/temperaturas-extremas-y-precipitaciones-2025x12x07-a.pdf
2025-12-07,012,RÍO SAN JUAN,MARÍA TRINIDAD SÁNCHEZ,HOSP. MPAL. DR. DESIDERIO ACOSTA,EMCV,31.3,22.6,3.8,https://indomet.gob.do/wp-content/uploads/2025/12/temperaturas-extremas-y-precipitaciones-2025x12x07-a.pdf
2025-12-07,013,SAN RAFAEL DEL YUMA,LA ALTAGRACIA,MINISTERIO DE AGRICULTURA,EMCI,31.0,21.5,3.7,https://indomet.gob.do/wp-content/uploads/2025/12/temperaturas-extremas-y-precipitaciones-2025x12x07-a.pdf
2025-12-07,014,BONAO,MONSEÑOR NOUEL,MINISTERIO DE AGRICULTURA,EMCV,,,3.6,https://indomet.gob.do/wp-content/uploads/2025/12/temperaturas-extremas-y-precipitaciones-2025x12x07-a.pdf
2025-12-07,015,MICHES (EMA),EL SEIBO,PRIVADA,EMAP,29.4,21.1,3.2,https://indomet.gob.do/wp-content/uploads/2025/12/temperaturas-extremas-y-precipitaciones-2025x12x07-a.pdf
2025-12-07,016,GASPAR HERNÁNDEZ,ESPAILLAT,PROPIEDAD DEL EMPLEADO,EMCI,,,2.4,https://indomet.gob.do/wp-content/uploads/2025/12/temperaturas-extremas-y-precipitaciones-2025x12x07-a.pdf
2025-12-07,017,JARABACOA,LA VEGA,INDRHI / MARENA,EMCI,30.8,16.0,2.4,https://indomet.gob.do/wp-content/uploads/2025/12/temperaturas-extremas-y-precipitaciones-2025x12x07-a.pdf
2025-12-07,018,VALLE NUEVO (EMA),LA VEGA,MARENA,EMAI,,,1.8,https://indomet.gob.do/wp-content/uploads/2025/12/temperaturas-extremas-y-precipitaciones-2025x12x07-a.pdf
2025-12-07,019,HATO MAYOR,HATO MAYOR,MINISTERIO DE AGRICULTURA,EMCV,,,1.8,https://indomet.gob.do/wp-content/uploads/2025/12/temperaturas-extremas-y-precipitaciones-2025x12x07-a.pdf
2025-12-07,020,CONSTANZA,LA VEGA,MINISTERIO DE AGRICULTURA,EMCI,25.5,12.0,1.5,https://indomet.gob.do/wp-content/uploads/2025/12/temperaturas-extremas-y-precipitaciones-2025x12x07-a.pdf
2025-12-07,021,SABANA DE LA MAR,HATO MAYOR,INDOMET,EMCI,30.5,21.5,1.5,https://indomet.gob.do/wp-content/uploads/2025/12/temperaturas-extremas-y-precipitaciones-2025x12x07-a.pdf
2025-12-07,022,ENRIQUILLO,BARAHONA,MINISTERIO DE AGRICULTURA,EMCV,33.0,22.3,1.4,https://indomet.gob.do/wp-content/uploads/2025/12/temperaturas-extremas-y-precipitaciones-2025x12x07-a.pdf
2025-12-07,023,VILLA ALTAGRACIA,SAN CRISTÓBAL,ESCUELA JAVIER ANGULO GURIDI,EMCI,,,1.4,https://indomet.gob.do/wp-content/uploads/2025/12/temperaturas-extremas-y-precipitaciones-2025x12x07-a.pdf
2025-12-07,024,LOS JENGIBRES,NAGUA,INDRHI,EMCI,,,1.2,https://indomet.gob.do/wp-content/uploads/2025/12/temperaturas-extremas-y-precipitaciones-2025x12x07-a.pdf
2025-12-07,025,ALTO BANDERA (EMA),LA VEGA,INTEC,EMAP,13.6,13.1,1.0,https://indomet.gob.do/wp-content/uploads/2025/12/temperaturas-extremas-y-precipitaciones-2025x12x07-a.pdf
2025-12-07,026,CONSTANZA (EMA),LA VEGA,PROGRAMA MUNDIAL DE ALIMENTO,EMAP,24.4,13.1,1.0,https://indomet.gob.do/wp-content/uploads/2025/12/temperaturas-extremas-y-precipitaciones-2025x12x07-a.pdf
2025-12-07,027,COTUÍ,SÁNCHEZ RAMÍREZ,HOSP. INMACULADA CONCEPCIÓN,EMCV,,,0.9,https://indomet.gob.do/wp-content/uploads/2025/12/temperaturas-extremas-y-precipitaciones-2025x12x07-a.pdf
2025-12-07,028,EL FACTOR (EMA),MARÍA TRINIDAD SÁNCHEZ,INTEC,EMAP,30.0,22.4,0.8,https://indomet.gob.do/wp-content/uploads/2025/12/temperaturas-extremas-y-precipitaciones-2025x12x07-a.pdf
2025-12-07,029,GURABO,SANTIAGO,MINISTERIO DE AGRICULTURA,EMCV,,,0.8,https://indomet.gob.do/wp-content/uploads/2025/12/temperaturas-extremas-y-precipitaciones-2025x12x07-a.pdf
2025-12-07,030,LA VICTORIA,SANTO DOMINGO,CUERPO DE BOMBEROS,EMCI,32.5,21.5,0.6,https://indomet.gob.do/wp-content/uploads/2025/12/temperaturas-extremas-y-precipitaciones-2025x12x07-a.pdf
2025-12-07,031,RANCHO ARRIBA,SAN JOSÉ DE OCOA,CENTRO TECNOLÓGICO COMUNITARIO,EMCI,26.6,17.1,0.6,https://indomet.gob.do/wp-content/uploads/2025/12/temperaturas-extremas-y-precipitaciones-2025x12x07-a.pdf
2025-12-07,032,SANTO DOMINGO ESTE,SANTO DOMINGO,INDOMET,EMCI,32.0,23.5,0.5,https://indomet.gob.do/wp-content/uploads/2025/12/temperaturas-extremas-y-precipitaciones-2025x12x07-a.pdf
2025-12-07,033,ALTAMIRA,PUERTO PLATA,HOSP. MPAL. DE ALTAMIRA,EMCI,30.0,18.9,0.4,https://indomet.gob.do/wp-content/uploads/2025/12/temperaturas-extremas-y-precipitaciones-2025x12x07-a.pdf
2025-12-07,034,ANAMUYA (EMA),LA ALTAGRACIA,MINISTERIO DE AGRICULTURA,EMAP,30.4,21.6,0.4,https://indomet.gob.do/wp-content/uploads/2025/12/temperaturas-extremas-y-precipitaciones-2025x12x07-a.pdf
2025-12-07,035,ARPT. DEL CIBAO,SANTIAGO,INDOMET,EMCI,32.5,20.4,0.4,https://indomet.gob.do/wp-content/uploads/2025/12/temperaturas-extremas-y-precipitaciones-2025x12x07-a.pdf
2025-12-07,036,JARDÍN BOTÁNICO NACIONAL,DISTRITO NACIONAL,JARDÍN BOTÁNICO NACIONAL,EMCV,31.4,19.7,0.4,https://indomet.gob.do/wp-content/uploads/2025/12/temperaturas-extremas-y-precipitaciones-2025x12x07-a.pdf
2025-12-07,037,ARPT. DE LA ROMANA,LA ROMANA,INDOMET,EMCI,30.8,20.6,0.3,https://indomet.gob.do/wp-content/uploads/2025/12/temperaturas-extremas-y-precipitaciones-2025x12x07-a.pdf
2025-12-07,038,BAYAGUANA,MONTE PLATA,INDOMET,EMCI,31.6,20.2,0.3,https://indomet.gob.do/wp-content/uploads/2025/12/temperaturas-extremas-y-precipitaciones-2025x12x07-a.pdf
2025-12-07,039,ARPT. DE PUNTA CANA,LA ALTAGRACIA,INDOMET,EMCI,30.5,22.2,0.2,https://indomet.gob.do/wp-content/uploads/2025/12/temperaturas-extremas-y-precipitaciones-2025x12x07-a.pdf
2025-12-07,040,CABRAL,BARAHONA,MINISTERIO DE AGRICULTURA,EMCV,31.6,21.3,0.2,https://indomet.gob.do/wp-content/uploads/2025/12/temperaturas-extremas-y-precipitaciones-2025x12x07-a.pdf
2025-12-07,041,JIMANÍ,INDEPENDENCIA,MINISTERIO DE AGRICULTURA,EMCI,33.2,22.5,0.2,https://indomet.gob.do/wp-content/uploads/2025/12/temperaturas-extremas-y-precipitaciones-2025x12x07-a.pdf
2025-12-07,042,LOS LLANOS,SAN PEDRO DE MACORÍS,MINISTERIO DE AGRICULTURA,EMCI,31.5,17.5,0.2,https://indomet.gob.do/wp-content/uploads/2025/12/temperaturas-extremas-y-precipitaciones-2025x12x07-a.pdf
2025-12-07,043,PADRE LAS CASAS,AZUA,HOSP. NTRA. SRA. DEL CARMEN,EMCI,31.5,17.5,0.2,https://indomet.gob.do/wp-content/uploads/2025/12/temperaturas-extremas-y-precipitaciones-2025x12x07-a.pdf
2025-12-07,044,ARPT. DE LAS AMÉRICAS,SANTO DOMINGO,INDOMET,EMCI,31.2,22.2,0.0,https://indomet.gob.do/wp-content/uploads/2025/12/temperaturas-extremas-y-precipitaciones-2025x12x07-a.pdf
2025-12-07,045,ARPT. GREGORIO LUPERÓN,PUERTO PLATA,INDOMET,EMCI,30.8,21.5,0.0,https://indomet.gob.do/wp-content/uploads/2025/12/temperaturas-extremas-y-precipitaciones-2025x12x07-a.pdf
2025-12-07,046,ARPT. LA ISABELA,SANTO DOMINGO,INDOMET,EMCI,31.0,19.5,0.0,https://indomet.gob.do/wp-content/uploads/2025/12/temperaturas-extremas-y-precipitaciones-2025x12x07-a.pdf
2025-12-07,047,ARPT. MARÍA MONTEZ,BARAHONA,INDOMET,EMCI,32.5,21.2,0.0,https://indomet.gob.do/wp-content/uploads/2025/12/temperaturas-extremas-y-precipitaciones-2025x12x07-a.pdf
2025-12-07,048,ARROYO LORO,SAN JUAN,IDIAF,EMCI,31.5,17.2,0.0,https://indomet.gob.do/wp-content/uploads/2025/12/temperaturas-extremas-y-precipitaciones-2025x12x07-a.pdf
2025-12-07,049,BANI (EMA),PERAVIA,MINISTERIO DE AGRICULTURA,EMAP,30.9,23.4,0.0,https://indomet.gob.do/wp-content/uploads/2025/12/temperaturas-extremas-y-precipitaciones-2025x12x07-a.pdf
2025-12-07,050,BASE AÉREA DE SAN ISIDRO,SANTO DOMINGO,FUERZA AÉREA DOMINICANA,EMCV,31.1,21.1,0.0,https://indomet.gob.do/wp-content/uploads/2025/12/temperaturas-extremas-y-precipitaciones-2025x12x07-a.pdf
2025-12-07,051,BOCA DE MAO (EMA),VALVERDE,MINISTERIO DE AGRICULTURA,EMAP,33.6,21.6,0.0,https://indomet.gob.do/wp-content/uploads/2025/12/temperaturas-extremas-y-precipitaciones-2025x12x07-a.pdf
2025-12-07,052,BUCARA (EMA),SANTIAGO,MINISTERIO DE AGRICULTURA,EMAI,,,0.0,https://indomet.gob.do/wp-content/uploads/2025/12/temperaturas-extremas-y-precipitaciones-2025x12x07-a.pdf
2025-12-07,053,CENTRO DE LOS HEROES (EMA),DISTRITO NACIONAL,MINISTERIO DE ENERGIA Y MINA,EMAP,31.2,24.7,0.0,https://indomet.gob.do/wp-content/uploads/2025/12/temperaturas-extremas-y-precipitaciones-2025x12x07-a.pdf
2025-12-07,054,EL CERCADO,SAN JUAN,MINISTERIO DE AGRICULTURA,EMCV,,,0.0,https://indomet.gob.do/wp-content/uploads/2025/12/temperaturas-extremas-y-precipitaciones-2025x12x07-a.pdf
2025-12-07,055,ELÍAS PIÑA,ELÍAS PIÑA,MINISTERIO DE AGRICULTURA,EMCV,,,0.0,https://indomet.gob.do/wp-content/uploads/2025/12/temperaturas-extremas-y-precipitaciones-2025x12x07-a.pdf
2025-12-07,056,ESCONDIDO,PERAVIA,MINISTERIO DE AGRICULTURA,EMCV,31.0,24.0,0.0,https://indomet.gob.do/wp-content/uploads/2025/12/temperaturas-extremas-y-precipitaciones-2025x12x07-a.pdf
2025-12-07,057,HONDO VALLE,ELÍAS PIÑA,MINISTERIO DE AGRICULTURA,EMCI,25.8,15.7,0.0,https://indomet.gob.do/wp-content/uploads/2025/12/temperaturas-extremas-y-precipitaciones-2025x12x07-a.pdf
2025-12-07,058,JARDÍN BOTÁNICO SANTIAGO (EMSANTIAGO,,JARDIN BOTANICO SANTIAGO,EMAI,31.1,22.3,0.0,https://indomet.gob.do/wp-content/uploads/2025/12/temperaturas-extremas-y-precipitaciones-2025x12x07-a.pdf
2025-12-07,059,JIMA ABAJO,LA VEGA,INDOMET,EMCI,29.0,20.0,0.0,https://indomet.gob.do/wp-content/uploads/2025/12/temperaturas-extremas-y-precipitaciones-2025x12x07-a.pdf
2025-12-07,060,LA VEGA,LA VEGA,IATESA,EMCI,32.0,20.5,0.0,https://indomet.gob.do/wp-content/uploads/2025/12/temperaturas-extremas-y-precipitaciones-2025x12x07-a.pdf
2025-12-07,061,LAS CANAS (EMA),MONTE CRISTI,PROGRAMA MUNDIAL DE ALIMENTO,EMAP,29.4,22.6,0.0,https://indomet.gob.do/wp-content/uploads/2025/12/temperaturas-extremas-y-precipitaciones-2025x12x07-a.pdf
2025-12-07,062,LAS MATAS DE SANTA CRUZ,MONTE CRISTI,INDRHI,EMCV,,,0.0,https://indomet.gob.do/wp-content/uploads/2025/12/temperaturas-extremas-y-precipitaciones-2025x12x07-a.pdf
2025-12-07,063,LAS MATAS DE SANTA CRUZ (EMA,MONTE CRISTI,PROGRAMA MUNDIAL DE ALIMENTO,EMAP,,,0.0,https://indomet.gob.do/wp-content/uploads/2025/12/temperaturas-extremas-y-precipitaciones-2025x12x07-a.pdf
2025-12-07,064,LOS TRES CHARCOS (EMA),PEDERNALES,PROPIEDAD DEL VOLUNTARIO,EMAP,,,0.0,https://indomet.gob.do/wp-content/uploads/2025/12/temperaturas-extremas-y-precipitaciones-2025x12x07-a.pdf
2025-12-07,065,MAO,VALVERDE,INDRHI / MINISTERIO DE AGRICULTURA,EMCV,,,0.0,https://indomet.gob.do/wp-content/uploads/2025/12/temperaturas-extremas-y-precipitaciones-2025x12x07-a.pdf
2025-12-07,066,MONCIÓN (EMA),SANTIAGO RODRÍGUEZ,PROGRAMA MUNDIAL DE ALIMENTO,EMAP,31.1,18.8,0.0,https://indomet.gob.do/wp-content/uploads/2025/12/temperaturas-extremas-y-precipitaciones-2025x12x07-a.pdf
2025-12-07,067,MONTE CRISTI,MONTE CRISTI,INDOMET,EMCI,33.6,21.7,0.0,https://indomet.gob.do/wp-content/uploads/2025/12/temperaturas-extremas-y-precipitaciones-2025x12x07-a.pdf
2025-12-07,068,NAVARRETE,SANTIAGO,MINISTERIO DE AGRICULTURA,EMCV,,,0.0,https://indomet.gob.do/wp-content/uploads/2025/12/temperaturas-extremas-y-precipitaciones-2025x12x07-a.pdf
2025-12-07,069,OLIVARES,PEDERNALES,INDRHI,EMCI,,,0.0,https://indomet.gob.do/wp-content/uploads/2025/12/temperaturas-extremas-y-precipitaciones-2025x12x07-a.pdf
2025-12-07,070,PALO ÍNDIO,PUERTO PLATA,MINISTERIO DE AGRICULTURA,EMCI,,,0.0,https://indomet.gob.do/wp-content/uploads/2025/12/temperaturas-extremas-y-precipitaciones-2025x12x07-a.pdf
2025-12-07,071,PASO AL MEDIO,SAN PEDRO DE MACORÍS,INDRHI,EMCI,,,0.0,https://indomet.gob.do/wp-content/uploads/2025/12/temperaturas-extremas-y-precipitaciones-2025x12x07-a.pdf
2025-12-07,072,PEDERNALES,PEDERNALES,INDRHI,EMCI,,,0.0,https://indomet.gob.do/wp-content/uploads/2025/12/temperaturas-extremas-y-precipitaciones-2025x12x07-a.pdf
2025-12-07,073,PERALTA,AZUA,HOSP. MPAL. DE PERALTA,EMCI,29.5,16.0,0.0,https://indomet.gob.do/wp-content/uploads/2025/12/temperaturas-extremas-y-precipitaciones-2025x12x07-a.pdf
2025-12-07,074,PESCADERIA (EMA),BARAHONA,MINISTERIO DE AGRICULTURA,EMAP,,,0.0,https://indomet.gob.do/wp-content/uploads/2025/12/temperaturas-extremas-y-precipitaciones-2025x12x07-a.pdf
2025-12-07,075,PONTÓN ABAJO (EMA),LA VEGA,MINISTERIO DE AGRICULTURA,EMAP,32.1,22.2,0.0,https://indomet.gob.do/wp-content/uploads/2025/12/temperaturas-extremas-y-precipitaciones-2025x12x07-a.pdf
2025-12-07,076,PRESA DE TAVERAS (EMA),LA VEGA,PROGRAMA MUNDIAL DE ALIMENTO,EMAP,29.7,19.4,0.0,https://indomet.gob.do/wp-content/uploads/2025/12/temperaturas-extremas-y-precipitaciones-2025x12x07-a.pdf
2025-12-07,077,RESTAURACIÓN,DAJABÓN,MINISTERIO DE AGRICULTURA,EMCI,28.1,13.6,0.0,https://indomet.gob.do/wp-content/uploads/2025/12/temperaturas-extremas-y-precipitaciones-2025x12x07-a.pdf
2025-12-07,078,SABANETA (EMA),SANTIAGO RODRÍGUEZ,PROGRAMA MUNDIAL DE ALIMENTO,EMAP,29.8,18.6,0.0,https://indomet.gob.do/wp-content/uploads/2025/12/temperaturas-extremas-y-precipitaciones-2025x12x07-a.pdf
2025-12-07,079,SAJOMA (EMA),SANTIAGO,PLAN SIERRA,EMAI,30.2,21.8,0.0,https://indomet.gob.do/wp-content/uploads/2025/12/temperaturas-extremas-y-precipitaciones-2025x12x07-a.pdf
2025-12-07,080,SAN CRISTÓBAL,SAN CRISTÓBAL,INSTITUTO POLITÉCNICO LOYOLA,EMCI,32.0,20.2,0.0,https://indomet.gob.do/wp-content/uploads/2025/12/temperaturas-extremas-y-precipitaciones-2025x12x07-a.pdf
2025-12-07,081,SAN FRANCISCO DE MACORÍS,DUARTE,San Francisco de Macorís (UASD),EMCI,30.1,20.9,0.0,https://indomet.gob.do/wp-content/uploads/2025/12/temperaturas-extremas-y-precipitaciones-2025x12x07-a.pdf
2025-12-07,082,SAN JOSÉ DE OCOA,SAN JOSÉ DE OCOA,HOSP. SAN JOSÉ DE OCOA,EMCI,30.4,18.5,0.0,https://indomet.gob.do/wp-content/uploads/2025/12/temperaturas-extremas-y-precipitaciones-2025x12x07-a.pdf
2025-12-07,083,SANTIAGO,SANTIAGO,HUACALITO,EMCI,,,0.0,https://indomet.gob.do/wp-content/uploads/2025/12/temperaturas-extremas-y-precipitaciones-2025x12x07-a.pdf
2025-12-07,084,SANTIAGO RODRÍGUEZ,SANTIAGO RODRÍGUEZ,INDOMET,EMCI,35.4,21.0,0.0,https://indomet.gob.do/wp-content/uploads/2025/12/temperaturas-extremas-y-precipitaciones-2025x12x07-a.pdf
2025-12-07,085,TÁBARA ABAJO,AZUA,INDRHI,EMCI,32.0,18.7,0.0,https://indomet.gob.do/wp-content/uploads/2025/12/temperaturas-extremas-y-precipitaciones-2025x12x07-a.pdf
2025-12-07,086,TAVERA,SANTIAGO,INDRHI,EMCI,,,0.0,https://indomet.gob.do/wp-content/uploads/2025/12/temperaturas-extremas-y-precipitaciones-2025x12x07-a.pdf
2025-12-07,087,VILLA GONZALE (EMA),SANTIAGO,IGLESIA,EMAI,,,0.0,https://indomet.gob.do/wp-content/uploads/2025/12/temperaturas-extremas-y-precipitaciones-2025x12x07-a.pdf
2025-12-07,088,VILLA GONZALES,SANTIAGO,MINISTERIO DE AGRICULTURA,EMCI,,,0.0,https://indomet.gob.do/wp-content/uploads/2025/12/temperaturas-extremas-y-precipitaciones-2025x12x07-a.pdf
2025-12-07,089,VILLA ISABELA,PUERTO PLATA,MINISTERIO DE AGRICULTURA,EMCV,,,0.0,https://indomet.gob.do/wp-content/uploads/2025/12/temperaturas-extremas-y-precipitaciones-2025x12x07-a.pdf
2025-12-07,090,VILLA RIVA,DUARTE,HOSP. MPAL. ALICIA DE LEGENDRE,EMCI,29.5,20.6,0.0,https://indomet.gob.do/wp-content/uploads/2025/12/temperaturas-extremas-y-precipitaciones-2025x12x07-a.pdf
2025-12-07,091,VILLA VASQUEZ (EMA),MONTE CRISTI,JUNTA DE REGANTES,EMAI,,,0.0,https://indomet.gob.do/wp-content/uploads/2025/12/temperaturas-extremas-y-precipitaciones-2025x12x07-a.pdf
2025-12-08,001,SAN CRISTÓBAL,SAN CRISTÓBAL,INSTITUTO POLITÉCNICO LOYOLA,EMCI,31.0,22.0,17.4,https://indomet.gob.do/wp-content/uploads/2025/12/temperaturas-extremas-y-precipitaciones-2025x12x08-a.pdf
2025-12-08,002,LOS LLANOS,SAN PEDRO DE MACORÍS,MINISTERIO DE AGRICULTURA,EMCI,30.7,20.5,7.0,https://indomet.gob.do/wp-content/uploads/2025/12/temperaturas-extremas-y-precipitaciones-2025x12x08-a.pdf
2025-12-08,003,POLO,BARAHONA,INDOCAFE,EMCI,27.5,18.0,6.5,https://indomet.gob.do/wp-content/uploads/2025/12/temperaturas-extremas-y-precipitaciones-2025x12x08-a.pdf
2025-12-08,004,BANI (EMA),PERAVIA,MINISTERIO DE AGRICULTURA,EMAP,29.4,22.2,6.0,https://indomet.gob.do/wp-content/uploads/2025/12/temperaturas-extremas-y-precipitaciones-2025x12x08-a.pdf
2025-12-08,005,HATO MAYOR,HATO MAYOR,MINISTERIO DE AGRICULTURA,EMCV,,,5.8,https://indomet.gob.do/wp-content/uploads/2025/12/temperaturas-extremas-y-precipitaciones-2025x12x08-a.pdf
2025-12-08,006,VILLA RIVA,DUARTE,HOSP. MPAL. ALICIA DE LEGENDRE,EMCI,30.7,21.0,3.8,https://indomet.gob.do/wp-content/uploads/2025/12/temperaturas-extremas-y-precipitaciones-2025x12x08-a.pdf
2025-12-08,007,VILLA ALTAGRACIA,SAN CRISTÓBAL,ESCUELA JAVIER ANGULO GURIDI,EMCI,,,3.2,https://indomet.gob.do/wp-content/uploads/2025/12/temperaturas-extremas-y-precipitaciones-2025x12x08-a.pdf
2025-12-08,008,OVIEDO,PEDERNALES,CLÍNICA RURAL OVIEDO,EMCI,32.0,22.0,2.8,https://indomet.gob.do/wp-content/uploads/2025/12/temperaturas-extremas-y-precipitaciones-2025x12x08-a.pdf
2025-12-08,009,BASE AÉREA DE SAN ISIDRO,SANTO DOMINGO,FUERZA AÉREA DOMINICANA,EMCV,32.0,21.5,2.0,https://indomet.gob.do/wp-content/uploads/2025/12/temperaturas-extremas-y-precipitaciones-2025x12x08-a.pdf
2025-12-08,010,ARPT. MARÍA MONTEZ,BARAHONA,INDOMET,EMCI,32.2,21.0,1.2,https://indomet.gob.do/wp-content/uploads/2025/12/temperaturas-extremas-y-precipitaciones-2025x12x08-a.pdf
2025-12-08,011,EL FACTOR (EMA),MARÍA TRINIDAD SÁNCHEZ,INTEC,EMAP,30.7,21.0,1.0,https://indomet.gob.do/wp-content/uploads/2025/12/temperaturas-extremas-y-precipitaciones-2025x12x08-a.pdf
2025-12-08,012,JARDÍN BOTÁNICO NACIONAL,DISTRITO NACIONAL,JARDÍN BOTÁNICO NACIONAL,EMCV,31.2,18.4,1.0,https://indomet.gob.do/wp-content/uploads/2025/12/temperaturas-extremas-y-precipitaciones-2025x12x08-a.pdf
2025-12-08,013,JIMA ABAJO,LA VEGA,INDOMET,EMCI,31.0,19.0,1.0,https://indomet.gob.do/wp-content/uploads/2025/12/temperaturas-extremas-y-precipitaciones-2025x12x08-a.pdf
2025-12-08,014,CABRAL,BARAHONA,MINISTERIO DE AGRICULTURA,EMCV,31.2,22.3,0.4,https://indomet.gob.do/wp-content/uploads/2025/12/temperaturas-extremas-y-precipitaciones-2025x12x08-a.pdf
2025-12-08,015,ENRIQUILLO,BARAHONA,MINISTERIO DE AGRICULTURA,EMCV,33.8,22.5,0.4,https://indomet.gob.do/wp-content/uploads/2025/12/temperaturas-extremas-y-precipitaciones-2025x12x08-a.pdf
2025-12-08,016,ALTAMIRA,PUERTO PLATA,HOSP. MPAL. DE ALTAMIRA,EMCI,30.6,19.1,0.3,https://indomet.gob.do/wp-content/uploads/2025/12/temperaturas-extremas-y-precipitaciones-2025x12x08-a.pdf
2025-12-08,017,ALTO BANDERA (EMA),LA VEGA,INTEC,EMAP,16.6,7.6,0.3,https://indomet.gob.do/wp-content/uploads/2025/12/temperaturas-extremas-y-precipitaciones-2025x12x08-a.pdf
2025-12-08,018,SAN JOSÉ DE OCOA,SAN JOSÉ DE OCOA,HOSP. SAN JOSÉ DE OCOA,EMCI,30.6,19.1,0.2,https://indomet.gob.do/wp-content/uploads/2025/12/temperaturas-extremas-y-precipitaciones-2025x12x08-a.pdf
2025-12-08,019,ARPT. DE LA ROMANA,LA ROMANA,INDOMET,EMCI,29.7,19.5,0.1,https://indomet.gob.do/wp-content/uploads/2025/12/temperaturas-extremas-y-precipitaciones-2025x12x08-a.pdf
2025-12-08,020,ANAMUYA (EMA),LA ALTAGRACIA,MINISTERIO DE AGRICULTURA,EMAP,30.0,20.2,0.0,https://indomet.gob.do/wp-content/uploads/2025/12/temperaturas-extremas-y-precipitaciones-2025x12x08-a.pdf
2025-12-08,021,ARPT. ARROYO BARRIL,SAMANÁ,INDOMET,EMCI,31.6,21.0,0.0,https://indomet.gob.do/wp-content/uploads/2025/12/temperaturas-extremas-y-precipitaciones-2025x12x08-a.pdf
2025-12-08,022,ARPT. DE LAS AMÉRICAS,SANTO DOMINGO,INDOMET,EMCI,30.5,21.7,0.0,https://indomet.gob.do/wp-content/uploads/2025/12/temperaturas-extremas-y-precipitaciones-2025x12x08-a.pdf
2025-12-08,023,ARPT. DE PUNTA CANA,LA ALTAGRACIA,INDOMET,EMCI,29.8,23.2,0.0,https://indomet.gob.do/wp-content/uploads/2025/12/temperaturas-extremas-y-precipitaciones-2025x12x08-a.pdf
2025-12-08,024,ARPT. DEL CIBAO,SANTIAGO,INDOMET,EMCI,32.8,20.6,0.0,https://indomet.gob.do/wp-content/uploads/2025/12/temperaturas-extremas-y-precipitaciones-2025x12x08-a.pdf
2025-12-08,025,ARPT. EL CATEY,SAMANÁ,INDOMET,EMCI,30.0,21.6,0.0,https://indomet.gob.do/wp-content/uploads/2025/12/temperaturas-extremas-y-precipitaciones-2025x12x08-a.pdf
2025-12-08,026,ARPT. GREGORIO LUPERÓN,PUERTO PLATA,INDOMET,EMCI,32.0,21.4,0.0,https://indomet.gob.do/wp-content/uploads/2025/12/temperaturas-extremas-y-precipitaciones-2025x12x08-a.pdf
2025-12-08,027,ARPT. LA ISABELA,SANTO DOMINGO,INDOMET,EMCI,30.4,19.4,0.0,https://indomet.gob.do/wp-content/uploads/2025/12/temperaturas-extremas-y-precipitaciones-2025x12x08-a.pdf
2025-12-08,028,ARROYO LORO,SAN JUAN,IDIAF,EMCI,31.2,18.2,0.0,https://indomet.gob.do/wp-content/uploads/2025/12/temperaturas-extremas-y-precipitaciones-2025x12x08-a.pdf
2025-12-08,029,BAYAGUANA,MONTE PLATA,INDOMET,EMCI,31.6,19.5,0.0,https://indomet.gob.do/wp-content/uploads/2025/12/temperaturas-extremas-y-precipitaciones-2025x12x08-a.pdf
2025-12-08,030,BOCA DE MAO (EMA),VALVERDE,MINISTERIO DE AGRICULTURA,EMAP,33.3,19.8,0.0,https://indomet.gob.do/wp-content/uploads/2025/12/temperaturas-extremas-y-precipitaciones-2025x12x08-a.pdf
2025-12-08,031,BOHECHÍO,SAN JUAN,MINISTERIO DE AGRICULTURA,EMCV,,,0.0,https://indomet.gob.do/wp-content/uploads/2025/12/temperaturas-extremas-y-precipitaciones-2025x12x08-a.pdf
2025-12-08,032,CABRERA,MARÍA TRINIDAD SÁNCHEZ,ESCUELA ARÍSTIDES FIALLO CABRAL,EMCI,31.0,23.0,0.0,https://indomet.gob.do/wp-content/uploads/2025/12/temperaturas-extremas-y-precipitaciones-2025x12x08-a.pdf
2025-12-08,033,CONSTANZA,LA VEGA,MINISTERIO DE AGRICULTURA,EMCI,26.5,11.2,0.0,https://indomet.gob.do/wp-content/uploads/2025/12/temperaturas-extremas-y-precipitaciones-2025x12x08-a.pdf
2025-12-08,034,CONSTANZA (EMA),LA VEGA,PROGRAMA MUNDIAL DE ALIMENTO,EMAP,25.1,12.7,0.0,https://indomet.gob.do/wp-content/uploads/2025/12/temperaturas-extremas-y-precipitaciones-2025x12x08-a.pdf
2025-12-08,035,DAJABÓN,DAJABÓN,INSTITUTO POLITÉCNICO LOYOLA,EMCI,34.5,19.0,0.0,https://indomet.gob.do/wp-content/uploads/2025/12/temperaturas-extremas-y-precipitaciones-2025x12x08-a.pdf
2025-12-08,036,ELÍAS PIÑA,ELÍAS PIÑA,MINISTERIO DE AGRICULTURA,EMCV,,,0.0,https://indomet.gob.do/wp-content/uploads/2025/12/temperaturas-extremas-y-precipitaciones-2025x12x08-a.pdf
2025-12-08,037,GASPAR HERNÁNDEZ,ESPAILLAT,PROPIEDAD DEL EMPLEADO,EMCI,,,0.0,https://indomet.gob.do/wp-content/uploads/2025/12/temperaturas-extremas-y-precipitaciones-2025x12x08-a.pdf
2025-12-08,038,GURABO,SANTIAGO,MINISTERIO DE AGRICULTURA,EMCV,,,0.0,https://indomet.gob.do/wp-content/uploads/2025/12/temperaturas-extremas-y-precipitaciones-2025x12x08-a.pdf
2025-12-08,039,HONDO VALLE,ELÍAS PIÑA,MINISTERIO DE AGRICULTURA,EMCI,25.7,15.8,0.0,https://indomet.gob.do/wp-content/uploads/2025/12/temperaturas-extremas-y-precipitaciones-2025x12x08-a.pdf
2025-12-08,040,JARABACOA,LA VEGA,INDRHI / MARENA,EMCI,30.4,15.8,0.0,https://indomet.gob.do/wp-content/uploads/2025/12/temperaturas-extremas-y-precipitaciones-2025x12x08-a.pdf
2025-12-08,041,JIMANÍ,INDEPENDENCIA,MINISTERIO DE AGRICULTURA,EMCI,33.0,22.8,0.0,https://indomet.gob.do/wp-content/uploads/2025/12/temperaturas-extremas-y-precipitaciones-2025x12x08-a.pdf
2025-12-08,042,JUMA BEJUCAL,MONSEÑOR NOUEL,IDIAF,EMCV,31.6,20.4,0.0,https://indomet.gob.do/wp-content/uploads/2025/12/temperaturas-extremas-y-precipitaciones-2025x12x08-a.pdf
2025-12-08,043,LA VEGA,LA VEGA,IATESA,EMCI,32.0,20.5,0.0,https://indomet.gob.do/wp-content/uploads/2025/12/temperaturas-extremas-y-precipitaciones-2025x12x08-a.pdf
2025-12-08,044,LA VICTORIA,SANTO DOMINGO,CUERPO DE BOMBEROS,EMCI,31.6,22.7,0.0,https://indomet.gob.do/wp-content/uploads/2025/12/temperaturas-extremas-y-precipitaciones-2025x12x08-a.pdf
2025-12-08,045,LAS CANAS (EMA),MONTE CRISTI,PROGRAMA MUNDIAL DE ALIMENTO,EMAP,31.5,21.2,0.0,https://indomet.gob.do/wp-content/uploads/2025/12/temperaturas-extremas-y-precipitaciones-2025x12x08-a.pdf
2025-12-08,046,LAS MATAS DE SANTA CRUZ (EMA,MONTE CRISTI,PROGRAMA MUNDIAL DE ALIMENTO,EMAP,,,0.0,https://indomet.gob.do/wp-content/uploads/2025/12/temperaturas-extremas-y-precipitaciones-2025x12x08-a.pdf
2025-12-08,047,LOS JENGIBRES,NAGUA,INDRHI,EMCI,,,0.0,https://indomet.gob.do/wp-content/uploads/2025/12/temperaturas-extremas-y-precipitaciones-2025x12x08-a.pdf
2025-12-08,048,MAO,VALVERDE,INDRHI / MINISTERIO DE AGRICULTURA,EMCV,,,0.0,https://indomet.gob.do/wp-content/uploads/2025/12/temperaturas-extremas-y-precipitaciones-2025x12x08-a.pdf
2025-12-08,049,MICHES (EMA),EL SEIBO,PRIVADA,EMAP,31.1,20.6,0.0,https://indomet.gob.do/wp-content/uploads/2025/12/temperaturas-extremas-y-precipitaciones-2025x12x08-a.pdf
2025-12-08,050,MONCIÓN (EMA),SANTIAGO RODRÍGUEZ,PROGRAMA MUNDIAL DE ALIMENTO,EMAP,29.1,18.7,0.0,https://indomet.gob.do/wp-content/uploads/2025/12/temperaturas-extremas-y-precipitaciones-2025x12x08-a.pdf
2025-12-08,051,MONTE CRISTI,MONTE CRISTI,INDOMET,EMCI,34.5,23.5,0.0,https://indomet.gob.do/wp-content/uploads/2025/12/temperaturas-extremas-y-precipitaciones-2025x12x08-a.pdf
2025-12-08,052,NAVARRETE,SANTIAGO,MINISTERIO DE AGRICULTURA,EMCV,,,0.0,https://indomet.gob.do/wp-content/uploads/2025/12/temperaturas-extremas-y-precipitaciones-2025x12x08-a.pdf
2025-12-08,053,OLIVARES,PEDERNALES,INDRHI,EMCI,,,0.0,https://indomet.gob.do/wp-content/uploads/2025/12/temperaturas-extremas-y-precipitaciones-2025x12x08-a.pdf
2025-12-08,054,PADRE LAS CASAS,AZUA,HOSP. NTRA. SRA. DEL CARMEN,EMCI,30.8,17.5,0.0,https://indomet.gob.do/wp-content/uploads/2025/12/temperaturas-extremas-y-precipitaciones-2025x12x08-a.pdf
2025-12-08,055,PALO ÍNDIO,PUERTO PLATA,MINISTERIO DE AGRICULTURA,EMCI,,,0.0,https://indomet.gob.do/wp-content/uploads/2025/12/temperaturas-extremas-y-precipitaciones-2025x12x08-a.pdf
2025-12-08,056,PARQUE MIRADOR SUR,DISTRITO NACIONAL,AYUNTAMIENTO,EMCV,33.2,22.2,0.0,https://indomet.gob.do/wp-content/uploads/2025/12/temperaturas-extremas-y-precipitaciones-2025x12x08-a.pdf
2025-12-08,057,PASO AL MEDIO,SAN PEDRO DE MACORÍS,INDRHI,EMCI,,,0.0,https://indomet.gob.do/wp-content/uploads/2025/12/temperaturas-extremas-y-precipitaciones-2025x12x08-a.pdf
2025-12-08,058,PEDERNALES,PEDERNALES,INDRHI,EMCI,,,0.0,https://indomet.gob.do/wp-content/uploads/2025/12/temperaturas-extremas-y-precipitaciones-2025x12x08-a.pdf
2025-12-08,059,PERALTA,AZUA,HOSP. MPAL. DE PERALTA,EMCI,28.0,15.6,0.0,https://indomet.gob.do/wp-content/uploads/2025/12/temperaturas-extremas-y-precipitaciones-2025x12x08-a.pdf
2025-12-08,060,PONTÓN ABAJO (EMA),LA VEGA,MINISTERIO DE AGRICULTURA,EMAP,32.8,21.1,0.0,https://indomet.gob.do/wp-content/uploads/2025/12/temperaturas-extremas-y-precipitaciones-2025x12x08-a.pdf
2025-12-08,061,PRESA DE TAVERAS (EMA),LA VEGA,PROGRAMA MUNDIAL DE ALIMENTO,EMAP,29.7,19.6,0.0,https://indomet.gob.do/wp-content/uploads/2025/12/temperaturas-extremas-y-precipitaciones-2025x12x08-a.pdf
2025-12-08,062,RANCHO ARRIBA,SAN JOSÉ DE OCOA,CENTRO TECNOLÓGICO COMUNITARIO,EMCI,27.8,16.9,0.0,https://indomet.gob.do/wp-content/uploads/2025/12/temperaturas-extremas-y-precipitaciones-2025x12x08-a.pdf
2025-12-08,063,RESTAURACIÓN,DAJABÓN,MINISTERIO DE AGRICULTURA,EMCI,28.8,13.0,0.0,https://indomet.gob.do/wp-content/uploads/2025/12/temperaturas-extremas-y-precipitaciones-2025x12x08-a.pdf
2025-12-08,064,RÍO SAN JUAN,MARÍA TRINIDAD SÁNCHEZ,HOSP. MPAL. DR. DESIDERIO ACOSTA,EMCV,32.5,23.8,0.0,https://indomet.gob.do/wp-content/uploads/2025/12/temperaturas-extremas-y-precipitaciones-2025x12x08-a.pdf
2025-12-08,065,SABANA DE LA MAR,HATO MAYOR,INDOMET,EMCI,31.5,20.0,0.0,https://indomet.gob.do/wp-content/uploads/2025/12/temperaturas-extremas-y-precipitaciones-2025x12x08-a.pdf
2025-12-08,066,SABANA GRANDE DE BOYÁ,MONTE PLATA,MINISTERIO DE AGRICULTURA,EMCV,,,0.0,https://indomet.gob.do/wp-content/uploads/2025/12/temperaturas-extremas-y-precipitaciones-2025x12x08-a.pdf
2025-12-08,067,SABANETA (EMA),SANTIAGO RODRÍGUEZ,PROGRAMA MUNDIAL DE ALIMENTO,EMAP,34.6,19.8,0.0,https://indomet.gob.do/wp-content/uploads/2025/12/temperaturas-extremas-y-precipitaciones-2025x12x08-a.pdf
2025-12-08,068,SALCEDO,HERMANAS MIRABAL,PROPIEDAD DEL EMPLEADO,EMCI,,,0.0,https://indomet.gob.do/wp-content/uploads/2025/12/temperaturas-extremas-y-precipitaciones-2025x12x08-a.pdf
2025-12-08,069,SAMANÁ,SAMANÁ,COMANDANCIA DE PUERTO DE SAMANÁ,EMCI,31.8,17.4,0.0,https://indomet.gob.do/wp-content/uploads/2025/12/temperaturas-extremas-y-precipitaciones-2025x12x08-a.pdf
2025-12-08,070,SAN FRANCISCO DE MACORÍS,DUARTE,San Francisco de Macorís (UASD),EMCI,30.5,20.7,0.0,https://indomet.gob.do/wp-content/uploads/2025/12/temperaturas-extremas-y-precipitaciones-2025x12x08-a.pdf
2025-12-08,071,SAN RAFAEL DEL YUMA,LA ALTAGRACIA,MINISTERIO DE AGRICULTURA,EMCI,30.5,20.2,0.0,https://indomet.gob.do/wp-content/uploads/2025/12/temperaturas-extremas-y-precipitaciones-2025x12x08-a.pdf
2025-12-08,072,SÁNCHEZ,SAMANÁ,MINISTERIO DE AGRICULTURA,EMCI,29.8,21.9,0.0,https://indomet.gob.do/wp-content/uploads/2025/12/temperaturas-extremas-y-precipitaciones-2025x12x08-a.pdf
2025-12-08,073,SANTIAGO,SANTIAGO,HUACALITO,EMCI,,,0.0,https://indomet.gob.do/wp-content/uploads/2025/12/temperaturas-extremas-y-precipitaciones-2025x12x08-a.pdf
2025-12-08,074,SAJOMA (EMA),SANTIAGO,PLAN SIERRA,EMAI,,,0.0,https://indomet.gob.do/wp-content/uploads/2025/12/temperaturas-extremas-y-precipitaciones-2025x12x08-a.pdf
2025-12-08,075,JARDÍN BOTÁNICO SANTIAGO (EMSANTIAGO,,JARDIN BOTANICO SANTIAGO,EMAI,31.9,23.1,0.0,https://indomet.gob.do/wp-content/uploads/2025/12/temperaturas-extremas-y-precipitaciones-2025x12x08-a.pdf
2025-12-08,076,BUCARA (EMA),SANTIAGO,MINISTERIO DE AGRICULTURA,EMAI,,,0.0,https://indomet.gob.do/wp-content/uploads/2025/12/temperaturas-extremas-y-precipitaciones-2025x12x08-a.pdf
2025-12-08,077,VILLA GONZALE (EMA),SANTIAGO,IGLESIA,EMAI,,,0.0,https://indomet.gob.do/wp-content/uploads/2025/12/temperaturas-extremas-y-precipitaciones-2025x12x08-a.pdf
2025-12-08,078,VILLA VASQUEZ (EMA),MONTE CRISTI,JUNTA DE REGANTES,EMAI,,,0.0,https://indomet.gob.do/wp-content/uploads/2025/12/temperaturas-extremas-y-precipitaciones-2025x12x08-a.pdf
2025-12-08,079,SANTIAGO RODRÍGUEZ,SANTIAGO RODRÍGUEZ,INDOMET,EMCI,34.4,20.0,0.0,https://indomet.gob.do/wp-content/uploads/2025/12/temperaturas-extremas-y-precipitaciones-2025x12x08-a.pdf
2025-12-08,080,SANTO DOMINGO ESTE,SANTO DOMINGO,INDOMET,EMCI,32.0,24.0,0.0,https://indomet.gob.do/wp-content/uploads/2025/12/temperaturas-extremas-y-precipitaciones-2025x12x08-a.pdf
2025-12-08,081,TÁBARA ABAJO,AZUA,INDRHI,EMCI,33.0,21.0,0.0,https://indomet.gob.do/wp-content/uploads/2025/12/temperaturas-extremas-y-precipitaciones-2025x12x08-a.pdf
2025-12-08,082,TAMBORIL,SANTIAGO,MINISTERIO DE AGRICULTURA,EMCV,,,0.0,https://indomet.gob.do/wp-content/uploads/2025/12/temperaturas-extremas-y-precipitaciones-2025x12x08-a.pdf
2025-12-08,083,TAVERA,SANTIAGO,INDRHI,EMCI,,,0.0,https://indomet.gob.do/wp-content/uploads/2025/12/temperaturas-extremas-y-precipitaciones-2025x12x08-a.pdf
2025-12-08,084,VALLE NUEVO (EMA),LA VEGA,MARENA,EMAI,18.4,7.3,0.0,https://indomet.gob.do/wp-content/uploads/2025/12/temperaturas-extremas-y-precipitaciones-2025x12x08-a.pdf
2025-12-08,085,VILLA GONZALES,SANTIAGO,MINISTERIO DE AGRICULTURA,EMCI,,,0.0,https://indomet.gob.do/wp-content/uploads/2025/12/temperaturas-extremas-y-precipitaciones-2025x12x08-a.pdf
2025-12-09,001,ESCONDIDO,PERAVIA,MINISTERIO DE AGRICULTURA,EMCV,30.0,22.0,2.0,https://indomet.gob.do/wp-content/uploads/2025/12/temperaturas-extremas-y-precipitaciones-2025x12x09-a.pdf
2025-12-09,002,EL FACTOR (EMA),MARÍA TRINIDAD SÁNCHEZ,INTEC,EMAP,32.0,21.6,1.3,https://indomet.gob.do/wp-content/uploads/2025/12/temperaturas-extremas-y-precipitaciones-2025x12x09-a.pdf
2025-12-09,003,BAYAGUANA,MONTE PLATA,INDOMET,EMCI,31.4,20.5,0.4,https://indomet.gob.do/wp-content/uploads/2025/12/temperaturas-extremas-y-precipitaciones-2025x12x09-a.pdf
2025-12-09,004,ALTAMIRA,PUERTO PLATA,HOSP. MPAL. DE ALTAMIRA,EMCI,30.2,18.2,0.3,https://indomet.gob.do/wp-content/uploads/2025/12/temperaturas-extremas-y-precipitaciones-2025x12x09-a.pdf
2025-12-09,005,HATO MAYOR,HATO MAYOR,MINISTERIO DE AGRICULTURA,EMCV,,,0.3,https://indomet.gob.do/wp-content/uploads/2025/12/temperaturas-extremas-y-precipitaciones-2025x12x09-a.pdf
2025-12-09,006,VALLE NUEVO (EMA),LA VEGA,MARENA,EMAI,18.7,4.1,0.2,https://indomet.gob.do/wp-content/uploads/2025/12/temperaturas-extremas-y-precipitaciones-2025x12x09-a.pdf
2025-12-09,007,LA VICTORIA,SANTO DOMINGO,CUERPO DE BOMBEROS,EMCI,32.4,21.5,0.1,https://indomet.gob.do/wp-content/uploads/2025/12/temperaturas-extremas-y-precipitaciones-2025x12x09-a.pdf
2025-12-09,008,ANAMUYA (EMA),LA ALTAGRACIA,MINISTERIO DE AGRICULTURA,EMAP,30.8,22.1,0.0,https://indomet.gob.do/wp-content/uploads/2025/12/temperaturas-extremas-y-precipitaciones-2025x12x09-a.pdf
2025-12-09,009,ARPT. ARROYO BARRIL,SAMANÁ,INDOMET,EMCI,30.5,21.2,0.0,https://indomet.gob.do/wp-content/uploads/2025/12/temperaturas-extremas-y-precipitaciones-2025x12x09-a.pdf
2025-12-09,010,ARPT. DE LA ROMANA,LA ROMANA,INDOMET,EMCI,31.5,18.4,0.0,https://indomet.gob.do/wp-content/uploads/2025/12/temperaturas-extremas-y-precipitaciones-2025x12x09-a.pdf
2025-12-09,011,ARPT. DE LAS AMÉRICAS,SANTO DOMINGO,INDOMET,EMCI,30.5,21.4,0.0,https://indomet.gob.do/wp-content/uploads/2025/12/temperaturas-extremas-y-precipitaciones-2025x12x09-a.pdf
2025-12-09,012,ARPT. DE PUNTA CANA,LA ALTAGRACIA,INDOMET,EMCI,30.4,21.8,0.0,https://indomet.gob.do/wp-content/uploads/2025/12/temperaturas-extremas-y-precipitaciones-2025x12x09-a.pdf
2025-12-09,013,ARPT. DEL CIBAO,SANTIAGO,INDOMET,EMCI,33.2,20.7,0.0,https://indomet.gob.do/wp-content/uploads/2025/12/temperaturas-extremas-y-precipitaciones-2025x12x09-a.pdf
2025-12-09,014,ARPT. EL CATEY,SAMANÁ,INDOMET,EMCI,31.5,20.5,0.0,https://indomet.gob.do/wp-content/uploads/2025/12/temperaturas-extremas-y-precipitaciones-2025x12x09-a.pdf
2025-12-09,015,ARPT. GREGORIO LUPERÓN,PUERTO PLATA,INDOMET,EMCI,30.8,20.4,0.0,https://indomet.gob.do/wp-content/uploads/2025/12/temperaturas-extremas-y-precipitaciones-2025x12x09-a.pdf
2025-12-09,016,ARPT. LA ISABELA,SANTO DOMINGO,INDOMET,EMCI,31.5,20.5,0.0,https://indomet.gob.do/wp-content/uploads/2025/12/temperaturas-extremas-y-precipitaciones-2025x12x09-a.pdf
2025-12-09,017,ARPT. MARÍA MONTEZ,BARAHONA,INDOMET,EMCI,31.3,22.5,0.0,https://indomet.gob.do/wp-content/uploads/2025/12/temperaturas-extremas-y-precipitaciones-2025x12x09-a.pdf
2025-12-09,018,ARROYO LORO,SAN JUAN,IDIAF,EMCI,31.1,16.3,0.0,https://indomet.gob.do/wp-content/uploads/2025/12/temperaturas-extremas-y-precipitaciones-2025x12x09-a.pdf
2025-12-09,019,BANI (EMA),PERAVIA,MINISTERIO DE AGRICULTURA,EMAP,,,0.0,https://indomet.gob.do/wp-content/uploads/2025/12/temperaturas-extremas-y-precipitaciones-2025x12x09-a.pdf
2025-12-09,020,BASE AÉREA DE SAN ISIDRO,SANTO DOMINGO,FUERZA AÉREA DOMINICANA,EMCV,32.6,21.6,0.0,https://indomet.gob.do/wp-content/uploads/2025/12/temperaturas-extremas-y-precipitaciones-2025x12x09-a.pdf
2025-12-09,021,BOCA DE MAO (EMA),VALVERDE,MINISTERIO DE AGRICULTURA,EMAP,34.3,20.0,0.0,https://indomet.gob.do/wp-content/uploads/2025/12/temperaturas-extremas-y-precipitaciones-2025x12x09-a.pdf
2025-12-09,022,BONAO,MONSEÑOR NOUEL,MINISTERIO DE AGRICULTURA,EMCV,,,0.0,https://indomet.gob.do/wp-content/uploads/2025/12/temperaturas-extremas-y-precipitaciones-2025x12x09-a.pdf
2025-12-09,023,BUCARA (EMA),SANTIAGO,MINISTERIO DE AGRICULTURA,EMAI,,,0.0,https://indomet.gob.do/wp-content/uploads/2025/12/temperaturas-extremas-y-precipitaciones-2025x12x09-a.pdf
2025-12-09,024,CABRERA,MARÍA TRINIDAD SÁNCHEZ,ESCUELA ARÍSTIDES FIALLO CABRAL,EMCI,31.5,22.0,0.0,https://indomet.gob.do/wp-content/uploads/2025/12/temperaturas-extremas-y-precipitaciones-2025x12x09-a.pdf
2025-12-09,025,CENTRO DE LOS HEROES (EMA),DISTRITO NACIONAL,MINISTERIO DE ENERGIA Y MINA,EMAP,30.8,25.1,0.0,https://indomet.gob.do/wp-content/uploads/2025/12/temperaturas-extremas-y-precipitaciones-2025x12x09-a.pdf
2025-12-09,026,CONSTANZA,LA VEGA,MINISTERIO DE AGRICULTURA,EMCI,26.5,11.4,0.0,https://indomet.gob.do/wp-content/uploads/2025/12/temperaturas-extremas-y-precipitaciones-2025x12x09-a.pdf
2025-12-09,027,CONSTANZA (EMA),LA VEGA,PROGRAMA MUNDIAL DE ALIMENTO,EMAP,25.4,10.3,0.0,https://indomet.gob.do/wp-content/uploads/2025/12/temperaturas-extremas-y-precipitaciones-2025x12x09-a.pdf
2025-12-09,028,DAJABÓN,DAJABÓN,INSTITUTO POLITÉCNICO LOYOLA,EMCI,34.3,19.6,0.0,https://indomet.gob.do/wp-content/uploads/2025/12/temperaturas-extremas-y-precipitaciones-2025x12x09-a.pdf
2025-12-09,029,EL CERCADO,SAN JUAN,MINISTERIO DE AGRICULTURA,EMCV,,,0.0,https://indomet.gob.do/wp-content/uploads/2025/12/temperaturas-extremas-y-precipitaciones-2025x12x09-a.pdf
2025-12-09,030,ELÍAS PIÑA,ELÍAS PIÑA,MINISTERIO DE AGRICULTURA,EMCV,,,0.0,https://indomet.gob.do/wp-content/uploads/2025/12/temperaturas-extremas-y-precipitaciones-2025x12x09-a.pdf
2025-12-09,031,ENRIQUILLO,BARAHONA,MINISTERIO DE AGRICULTURA,EMCV,33.2,23.0,0.0,https://indomet.gob.do/wp-content/uploads/2025/12/temperaturas-extremas-y-precipitaciones-2025x12x09-a.pdf
2025-12-09,032,GASPAR HERNÁNDEZ,ESPAILLAT,PROPIEDAD DEL EMPLEADO,EMCI,,,0.0,https://indomet.gob.do/wp-content/uploads/2025/12/temperaturas-extremas-y-precipitaciones-2025x12x09-a.pdf
2025-12-09,033,GURABO,SANTIAGO,MINISTERIO DE AGRICULTURA,EMCV,,,0.0,https://indomet.gob.do/wp-content/uploads/2025/12/temperaturas-extremas-y-precipitaciones-2025x12x09-a.pdf
2025-12-09,034,HONDO VALLE,ELÍAS PIÑA,MINISTERIO DE AGRICULTURA,EMCI,25.9,15.7,0.0,https://indomet.gob.do/wp-content/uploads/2025/12/temperaturas-extremas-y-precipitaciones-2025x12x09-a.pdf
2025-12-09,035,JARABACOA,LA VEGA,INDRHI / MARENA,EMCI,30.2,16.0,0.0,https://indomet.gob.do/wp-content/uploads/2025/12/temperaturas-extremas-y-precipitaciones-2025x12x09-a.pdf
2025-12-09,036,JARDÍN BOTÁNICO NACIONAL,DISTRITO NACIONAL,JARDÍN BOTÁNICO NACIONAL,EMCV,31.8,19.6,0.0,https://indomet.gob.do/wp-content/uploads/2025/12/temperaturas-extremas-y-precipitaciones-2025x12x09-a.pdf
2025-12-09,037,JARDÍN BOTÁNICO SANTIAGO (EMSANTIAGO,,JARDIN BOTANICO SANTIAGO,EMAI,32.1,23.6,0.0,https://indomet.gob.do/wp-content/uploads/2025/12/temperaturas-extremas-y-precipitaciones-2025x12x09-a.pdf
2025-12-09,038,JIMA ABAJO,LA VEGA,INDOMET,EMCI,29.0,19.0,0.0,https://indomet.gob.do/wp-content/uploads/2025/12/temperaturas-extremas-y-precipitaciones-2025x12x09-a.pdf
2025-12-09,039,JIMANÍ,INDEPENDENCIA,MINISTERIO DE AGRICULTURA,EMCI,32.6,23.6,0.0,https://indomet.gob.do/wp-content/uploads/2025/12/temperaturas-extremas-y-precipitaciones-2025x12x09-a.pdf
2025-12-09,040,JUMA BEJUCAL,MONSEÑOR NOUEL,IDIAF,EMCV,31.4,19.2,0.0,https://indomet.gob.do/wp-content/uploads/2025/12/temperaturas-extremas-y-precipitaciones-2025x12x09-a.pdf
2025-12-09,041,LA VEGA,LA VEGA,IATESA,EMCI,32.5,19.0,0.0,https://indomet.gob.do/wp-content/uploads/2025/12/temperaturas-extremas-y-precipitaciones-2025x12x09-a.pdf
2025-12-09,042,LAS CANAS (EMA),MONTE CRISTI,PROGRAMA MUNDIAL DE ALIMENTO,EMAP,32.0,21.6,0.0,https://indomet.gob.do/wp-content/uploads/2025/12/temperaturas-extremas-y-precipitaciones-2025x12x09-a.pdf
2025-12-09,043,LOS JENGIBRES,NAGUA,INDRHI,EMCI,,,0.0,https://indomet.gob.do/wp-content/uploads/2025/12/temperaturas-extremas-y-precipitaciones-2025x12x09-a.pdf
2025-12-09,044,MAO,VALVERDE,INDRHI / MINISTERIO DE AGRICULTURA,EMCV,,,0.0,https://indomet.gob.do/wp-content/uploads/2025/12/temperaturas-extremas-y-precipitaciones-2025x12x09-a.pdf
2025-12-09,045,MICHES (EMA),EL SEIBO,PRIVADA,EMAP,30.5,21.8,0.0,https://indomet.gob.do/wp-content/uploads/2025/12/temperaturas-extremas-y-precipitaciones-2025x12x09-a.pdf
2025-12-09,046,MONCIÓN (EMA),SANTIAGO RODRÍGUEZ,PROGRAMA MUNDIAL DE ALIMENTO,EMAP,30.3,18.6,0.0,https://indomet.gob.do/wp-content/uploads/2025/12/temperaturas-extremas-y-precipitaciones-2025x12x09-a.pdf
2025-12-09,047,MONTE CRISTI,MONTE CRISTI,INDOMET,EMCI,33.5,22.0,0.0,https://indomet.gob.do/wp-content/uploads/2025/12/temperaturas-extremas-y-precipitaciones-2025x12x09-a.pdf
2025-12-09,048,NAVARRETE,SANTIAGO,MINISTERIO DE AGRICULTURA,EMCV,,,0.0,https://indomet.gob.do/wp-content/uploads/2025/12/temperaturas-extremas-y-precipitaciones-2025x12x09-a.pdf
2025-12-09,049,OLIVARES,PEDERNALES,INDRHI,EMCI,,,0.0,https://indomet.gob.do/wp-content/uploads/2025/12/temperaturas-extremas-y-precipitaciones-2025x12x09-a.pdf
2025-12-09,050,OVIEDO,PEDERNALES,CLÍNICA RURAL OVIEDO,EMCI,31.0,20.0,0.0,https://indomet.gob.do/wp-content/uploads/2025/12/temperaturas-extremas-y-precipitaciones-2025x12x09-a.pdf
2025-12-09,051,PADRE LAS CASAS,AZUA,HOSP. NTRA. SRA. DEL CARMEN,EMCI,30.5,17.0,0.0,https://indomet.gob.do/wp-content/uploads/2025/12/temperaturas-extremas-y-precipitaciones-2025x12x09-a.pdf
2025-12-09,052,PALO ÍNDIO,PUERTO PLATA,MINISTERIO DE AGRICULTURA,EMCI,,,0.0,https://indomet.gob.do/wp-content/uploads/2025/12/temperaturas-extremas-y-precipitaciones-2025x12x09-a.pdf
2025-12-09,053,PARQUE MIRADOR SUR,DISTRITO NACIONAL,AYUNTAMIENTO,EMCV,31.4,21.3,0.0,https://indomet.gob.do/wp-content/uploads/2025/12/temperaturas-extremas-y-precipitaciones-2025x12x09-a.pdf
2025-12-09,054,PASO AL MEDIO,SAN PEDRO DE MACORÍS,INDRHI,EMCI,,,0.0,https://indomet.gob.do/wp-content/uploads/2025/12/temperaturas-extremas-y-precipitaciones-2025x12x09-a.pdf
2025-12-09,055,PEDERNALES,PEDERNALES,INDRHI,EMCI,,,0.0,https://indomet.gob.do/wp-content/uploads/2025/12/temperaturas-extremas-y-precipitaciones-2025x12x09-a.pdf
2025-12-09,056,PERALTA,AZUA,HOSP. MPAL. DE PERALTA,EMCI,29.3,15.0,0.0,https://indomet.gob.do/wp-content/uploads/2025/12/temperaturas-extremas-y-precipitaciones-2025x12x09-a.pdf
2025-12-09,057,PESCADERIA (EMA),BARAHONA,MINISTERIO DE AGRICULTURA,EMAP,,,0.0,https://indomet.gob.do/wp-content/uploads/2025/12/temperaturas-extremas-y-precipitaciones-2025x12x09-a.pdf
2025-12-09,058,POLO,BARAHONA,INDOCAFE,EMCI,27.0,16.4,0.0,https://indomet.gob.do/wp-content/uploads/2025/12/temperaturas-extremas-y-precipitaciones-2025x12x09-a.pdf
2025-12-09,059,PONTÓN ABAJO (EMA),LA VEGA,MINISTERIO DE AGRICULTURA,EMAP,33.2,19.6,0.0,https://indomet.gob.do/wp-content/uploads/2025/12/temperaturas-extremas-y-precipitaciones-2025x12x09-a.pdf
2025-12-09,060,PRESA DE TAVERAS (EMA),LA VEGA,PROGRAMA MUNDIAL DE ALIMENTO,EMAP,30.5,17.8,0.0,https://indomet.gob.do/wp-content/uploads/2025/12/temperaturas-extremas-y-precipitaciones-2025x12x09-a.pdf
2025-12-09,061,RANCHO ARRIBA,SAN JOSÉ DE OCOA,CENTRO TECNOLÓGICO COMUNITARIO,EMCI,28.3,14.6,0.0,https://indomet.gob.do/wp-content/uploads/2025/12/temperaturas-extremas-y-precipitaciones-2025x12x09-a.pdf
2025-12-09,062,RESTAURACIÓN,DAJABÓN,MINISTERIO DE AGRICULTURA,EMCI,28.5,12.7,0.0,https://indomet.gob.do/wp-content/uploads/2025/12/temperaturas-extremas-y-precipitaciones-2025x12x09-a.pdf
2025-12-09,063,RÍO SAN JUAN,MARÍA TRINIDAD SÁNCHEZ,HOSP. MPAL. DR. DESIDERIO ACOSTA,EMCV,32.7,23.0,0.0,https://indomet.gob.do/wp-content/uploads/2025/12/temperaturas-extremas-y-precipitaciones-2025x12x09-a.pdf
2025-12-09,064,SABANA DE LA MAR,HATO MAYOR,INDOMET,EMCI,30.0,20.5,0.0,https://indomet.gob.do/wp-content/uploads/2025/12/temperaturas-extremas-y-precipitaciones-2025x12x09-a.pdf
2025-12-09,065,SABANA GRANDE DE BOYÁ,MONTE PLATA,MINISTERIO DE AGRICULTURA,EMCV,,,0.0,https://indomet.gob.do/wp-content/uploads/2025/12/temperaturas-extremas-y-precipitaciones-2025x12x09-a.pdf
2025-12-09,066,SABANETA (EMA),SANTIAGO RODRÍGUEZ,PROGRAMA MUNDIAL DE ALIMENTO,EMAP,35.1,20.7,0.0,https://indomet.gob.do/wp-content/uploads/2025/12/temperaturas-extremas-y-precipitaciones-2025x12x09-a.pdf
2025-12-09,067,SAJOMA (EMA),SANTIAGO,PLAN SIERRA,EMAI,31.5,21.4,0.0,https://indomet.gob.do/wp-content/uploads/2025/12/temperaturas-extremas-y-precipitaciones-2025x12x09-a.pdf
2025-12-09,068,SALCEDO,HERMANAS MIRABAL,PROPIEDAD DEL EMPLEADO,EMCI,,,0.0,https://indomet.gob.do/wp-content/uploads/2025/12/temperaturas-extremas-y-precipitaciones-2025x12x09-a.pdf
2025-12-09,069,SAMANÁ,SAMANÁ,COMANDANCIA DE PUERTO DE SAMANÁ,EMCI,31.6,18.0,0.0,https://indomet.gob.do/wp-content/uploads/2025/12/temperaturas-extremas-y-precipitaciones-2025x12x09-a.pdf
2025-12-09,070,SAN CRISTÓBAL,SAN CRISTÓBAL,INSTITUTO POLITÉCNICO LOYOLA,EMCI,31.2,21.2,0.0,https://indomet.gob.do/wp-content/uploads/2025/12/temperaturas-extremas-y-precipitaciones-2025x12x09-a.pdf
2025-12-09,071,SAN FRANCISCO DE MACORÍS,DUARTE,San Francisco de Macorís (UASD),EMCI,30.9,20.5,0.0,https://indomet.gob.do/wp-content/uploads/2025/12/temperaturas-extremas-y-precipitaciones-2025x12x09-a.pdf
2025-12-09,072,SAN JOSÉ DE OCOA,SAN JOSÉ DE OCOA,HOSP. SAN JOSÉ DE OCOA,EMCI,30.8,18.4,0.0,https://indomet.gob.do/wp-content/uploads/2025/12/temperaturas-extremas-y-precipitaciones-2025x12x09-a.pdf
2025-12-09,073,SAN RAFAEL DEL YUMA,LA ALTAGRACIA,MINISTERIO DE AGRICULTURA,EMCI,31.0,20.2,0.0,https://indomet.gob.do/wp-content/uploads/2025/12/temperaturas-extremas-y-precipitaciones-2025x12x09-a.pdf
2025-12-09,074,SÁNCHEZ,SAMANÁ,MINISTERIO DE AGRICULTURA,EMCI,30.3,21.7,0.0,https://indomet.gob.do/wp-content/uploads/2025/12/temperaturas-extremas-y-precipitaciones-2025x12x09-a.pdf
2025-12-09,075,SANTIAGO,SANTIAGO,HUACALITO,EMCI,,,0.0,https://indomet.gob.do/wp-content/uploads/2025/12/temperaturas-extremas-y-precipitaciones-2025x12x09-a.pdf
2025-12-09,076,SANTIAGO RODRÍGUEZ,SANTIAGO RODRÍGUEZ,INDOMET,EMCI,35.0,20.5,0.0,https://indomet.gob.do/wp-content/uploads/2025/12/temperaturas-extremas-y-precipitaciones-2025x12x09-a.pdf
2025-12-09,077,SANTO DOMINGO ESTE,SANTO DOMINGO,INDOMET,EMCI,32.0,23.2,0.0,https://indomet.gob.do/wp-content/uploads/2025/12/temperaturas-extremas-y-precipitaciones-2025x12x09-a.pdf
2025-12-09,078,TÁBARA ABAJO,AZUA,INDRHI,EMCI,31.7,24.0,0.0,https://indomet.gob.do/wp-content/uploads/2025/12/temperaturas-extremas-y-precipitaciones-2025x12x09-a.pdf
2025-12-09,079,TAMBORIL,SANTIAGO,MINISTERIO DE AGRICULTURA,EMCV,,,0.0,https://indomet.gob.do/wp-content/uploads/2025/12/temperaturas-extremas-y-precipitaciones-2025x12x09-a.pdf
2025-12-09,080,TAVERA,SANTIAGO,INDRHI,EMCI,,,0.0,https://indomet.gob.do/wp-content/uploads/2025/12/temperaturas-extremas-y-precipitaciones-2025x12x09-a.pdf
2025-12-09,081,VILLA ALTAGRACIA,SAN CRISTÓBAL,ESCUELA JAVIER ANGULO GURIDI,EMCI,,,0.0,https://indomet.gob.do/wp-content/uploads/2025/12/temperaturas-extremas-y-precipitaciones-2025x12x09-a.pdf
2025-12-09,082,VILLA GONZALE (EMA),SANTIAGO,IGLESIA,EMAI,,,0.0,https://indomet.gob.do/wp-content/uploads/2025/12/temperaturas-extremas-y-precipitaciones-2025x12x09-a.pdf
2025-12-09,083,VILLA GONZALES,SANTIAGO,MINISTERIO DE AGRICULTURA,EMCI,,,0.0,https://indomet.gob.do/wp-content/uploads/2025/12/temperaturas-extremas-y-precipitaciones-2025x12x09-a.pdf
2025-12-09,084,VILLA ISABELA,PUERTO PLATA,MINISTERIO DE AGRICULTURA,EMCV,,,0.0,https://indomet.gob.do/wp-content/uploads/2025/12/temperaturas-extremas-y-precipitaciones-2025x12x09-a.pdf
2025-12-09,085,VILLA RIVA,DUARTE,HOSP. MPAL. ALICIA DE LEGENDRE,EMCI,31.0,20.4,0.0,https://indomet.gob.do/wp-content/uploads/2025/12/temperaturas-extremas-y-precipitaciones-2025x12x09-a.pdf
2025-12-09,086,VILLA VÁSQUEZ,MONTE CRISTI,PROPIEDAD DEL EMPLEADO,EMCI,,,0.0,https://indomet.gob.do/wp-content/uploads/2025/12/temperaturas-extremas-y-precipitaciones-2025x12x09-a.pdf
2025-12-09,087,VILLA VASQUEZ (EMA),MONTE CRISTI,JUNTA DE REGANTES,EMAI,,,0.0,https://indomet.gob.do/wp-content/uploads/2025/12/temperaturas-extremas-y-precipitaciones-2025x12x09-a.pdf
2025-12-10,001,SAN CRISTÓBAL,SAN CRISTÓBAL,INSTITUTO POLITÉCNICO LOYOLA,EMCI,31.2,20.2,6.0,https://indomet.gob.do/wp-content/uploads/2025/12/temperaturas-extremas-y-precipitaciones-2025x12x10-a.pdf
2025-12-10,002,ARPT. DE LA ROMANA,LA ROMANA,INDOMET,EMCI,30.8,22.0,3.5,https://indomet.gob.do/wp-content/uploads/2025/12/temperaturas-extremas-y-precipitaciones-2025x12x10-a.pdf
2025-12-10,003,SAN RAFAEL DEL YUMA,LA ALTAGRACIA,MINISTERIO DE AGRICULTURA,EMCI,31.4,22.2,3.5,https://indomet.gob.do/wp-content/uploads/2025/12/temperaturas-extremas-y-precipitaciones-2025x12x10-a.pdf
2025-12-10,004,ARPT. DE LAS AMÉRICAS,SANTO DOMINGO,INDOMET,EMCI,30.3,21.5,2.1,https://indomet.gob.do/wp-content/uploads/2025/12/temperaturas-extremas-y-precipitaciones-2025x12x10-a.pdf
2025-12-10,005,OVIEDO,PEDERNALES,CLÍNICA RURAL OVIEDO,EMCI,30.5,20.5,1.8,https://indomet.gob.do/wp-content/uploads/2025/12/temperaturas-extremas-y-precipitaciones-2025x12x10-a.pdf
2025-12-10,006,EL FACTOR (EMA),MARÍA TRINIDAD SÁNCHEZ,INTEC,EMAP,32.2,22.7,1.3,https://indomet.gob.do/wp-content/uploads/2025/12/temperaturas-extremas-y-precipitaciones-2025x12x10-a.pdf
2025-12-10,007,ENRIQUILLO,BARAHONA,MINISTERIO DE AGRICULTURA,EMCV,32.0,23.0,1.2,https://indomet.gob.do/wp-content/uploads/2025/12/temperaturas-extremas-y-precipitaciones-2025x12x10-a.pdf
2025-12-10,008,ARPT. MARÍA MONTEZ,BARAHONA,INDOMET,EMCI,30.9,20.5,1.1,https://indomet.gob.do/wp-content/uploads/2025/12/temperaturas-extremas-y-precipitaciones-2025x12x10-a.pdf
2025-12-10,009,JARDÍN BOTÁNICO NACIONAL,DISTRITO NACIONAL,JARDÍN BOTÁNICO NACIONAL,EMCV,30.9,19.0,0.8,https://indomet.gob.do/wp-content/uploads/2025/12/temperaturas-extremas-y-precipitaciones-2025x12x10-a.pdf
2025-12-10,010,ANAMUYA (EMA),LA ALTAGRACIA,MINISTERIO DE AGRICULTURA,EMAP,31.2,22.8,0.6,https://indomet.gob.do/wp-content/uploads/2025/12/temperaturas-extremas-y-precipitaciones-2025x12x10-a.pdf
2025-12-10,011,RANCHO ARRIBA,SAN JOSÉ DE OCOA,CENTRO TECNOLÓGICO COMUNITARIO,EMCI,27.1,13.7,0.5,https://indomet.gob.do/wp-content/uploads/2025/12/temperaturas-extremas-y-precipitaciones-2025x12x10-a.pdf
2025-12-10,012,CENTRO DE LOS HEROES (EMA),DISTRITO NACIONAL,MINISTERIO DE ENERGIA Y MINA,EMAP,31.0,25.1,0.4,https://indomet.gob.do/wp-content/uploads/2025/12/temperaturas-extremas-y-precipitaciones-2025x12x10-a.pdf
2025-12-10,013,SAMANÁ,SAMANÁ,COMANDANCIA DE PUERTO DE SAMANÁ,EMCI,32.5,20.2,0.2,https://indomet.gob.do/wp-content/uploads/2025/12/temperaturas-extremas-y-precipitaciones-2025x12x10-a.pdf
2025-12-10,014,VALLE NUEVO (EMA),LA VEGA,MARENA,EMAI,20.4,3.3,0.2,https://indomet.gob.do/wp-content/uploads/2025/12/temperaturas-extremas-y-precipitaciones-2025x12x10-a.pdf
2025-12-10,015,ALTAMIRA,PUERTO PLATA,HOSP. MPAL. DE ALTAMIRA,EMCI,32.4,16.9,0.1,https://indomet.gob.do/wp-content/uploads/2025/12/temperaturas-extremas-y-precipitaciones-2025x12x10-a.pdf
2025-12-10,016,SANTO DOMINGO ESTE,SANTO DOMINGO,INDOMET,EMCI,32.2,24.4,0.1,https://indomet.gob.do/wp-content/uploads/2025/12/temperaturas-extremas-y-precipitaciones-2025x12x10-a.pdf
2025-12-10,017,ARPT. ARROYO BARRIL,SAMANÁ,INDOMET,EMCI,30.0,22.5,0.0,https://indomet.gob.do/wp-content/uploads/2025/12/temperaturas-extremas-y-precipitaciones-2025x12x10-a.pdf
2025-12-10,018,ARPT. DE PUNTA CANA,LA ALTAGRACIA,INDOMET,EMCI,30.6,22.2,0.0,https://indomet.gob.do/wp-content/uploads/2025/12/temperaturas-extremas-y-precipitaciones-2025x12x10-a.pdf
2025-12-10,019,ARPT. DEL CIBAO,SANTIAGO,INDOMET,EMCI,33.0,19.2,0.0,https://indomet.gob.do/wp-content/uploads/2025/12/temperaturas-extremas-y-precipitaciones-2025x12x10-a.pdf
2025-12-10,020,ARPT. EL CATEY,SAMANÁ,INDOMET,EMCI,31.5,20.0,0.0,https://indomet.gob.do/wp-content/uploads/2025/12/temperaturas-extremas-y-precipitaciones-2025x12x10-a.pdf
2025-12-10,021,ARPT. GREGORIO LUPERÓN,PUERTO PLATA,INDOMET,EMCI,32.4,20.1,0.0,https://indomet.gob.do/wp-content/uploads/2025/12/temperaturas-extremas-y-precipitaciones-2025x12x10-a.pdf
2025-12-10,022,ARPT. LA ISABELA,SANTO DOMINGO,INDOMET,EMCI,31.7,20.8,0.0,https://indomet.gob.do/wp-content/uploads/2025/12/temperaturas-extremas-y-precipitaciones-2025x12x10-a.pdf
2025-12-10,023,ARROYO LORO,SAN JUAN,IDIAF,EMCI,30.1,15.1,0.0,https://indomet.gob.do/wp-content/uploads/2025/12/temperaturas-extremas-y-precipitaciones-2025x12x10-a.pdf
2025-12-10,024,BANI (EMA),PERAVIA,MINISTERIO DE AGRICULTURA,EMAP,,,0.0,https://indomet.gob.do/wp-content/uploads/2025/12/temperaturas-extremas-y-precipitaciones-2025x12x10-a.pdf
2025-12-10,025,BASE AÉREA DE SAN ISIDRO,SANTO DOMINGO,FUERZA AÉREA DOMINICANA,EMCV,31.0,21.5,0.0,https://indomet.gob.do/wp-content/uploads/2025/12/temperaturas-extremas-y-precipitaciones-2025x12x10-a.pdf
2025-12-10,026,BAYAGUANA,MONTE PLATA,INDOMET,EMCI,32.0,20.2,0.0,https://indomet.gob.do/wp-content/uploads/2025/12/temperaturas-extremas-y-precipitaciones-2025x12x10-a.pdf
2025-12-10,027,BOCA DE MAO (EMA),VALVERDE,MINISTERIO DE AGRICULTURA,EMAP,34.0,18.2,0.0,https://indomet.gob.do/wp-content/uploads/2025/12/temperaturas-extremas-y-precipitaciones-2025x12x10-a.pdf
2025-12-10,028,BOHECHÍO,SAN JUAN,MINISTERIO DE AGRICULTURA,EMCV,,,0.0,https://indomet.gob.do/wp-content/uploads/2025/12/temperaturas-extremas-y-precipitaciones-2025x12x10-a.pdf
2025-12-10,029,BONAO,MONSEÑOR NOUEL,MINISTERIO DE AGRICULTURA,EMCV,,,0.0,https://indomet.gob.do/wp-content/uploads/2025/12/temperaturas-extremas-y-precipitaciones-2025x12x10-a.pdf
2025-12-10,030,CABRERA,MARÍA TRINIDAD SÁNCHEZ,ESCUELA ARÍSTIDES FIALLO CABRAL,EMCI,31.5,23.4,0.0,https://indomet.gob.do/wp-content/uploads/2025/12/temperaturas-extremas-y-precipitaciones-2025x12x10-a.pdf
2025-12-10,031,CONSTANZA,LA VEGA,MINISTERIO DE AGRICULTURA,EMCI,25.5,9.0,0.0,https://indomet.gob.do/wp-content/uploads/2025/12/temperaturas-extremas-y-precipitaciones-2025x12x10-a.pdf
2025-12-10,032,COTUÍ,SÁNCHEZ RAMÍREZ,HOSP. INMACULADA CONCEPCIÓN,EMCV,,,0.0,https://indomet.gob.do/wp-content/uploads/2025/12/temperaturas-extremas-y-precipitaciones-2025x12x10-a.pdf
2025-12-10,033,DAJABÓN,DAJABÓN,INSTITUTO POLITÉCNICO LOYOLA,EMCI,34.6,20.8,0.0,https://indomet.gob.do/wp-content/uploads/2025/12/temperaturas-extremas-y-precipitaciones-2025x12x10-a.pdf
2025-12-10,034,ELÍAS PIÑA,ELÍAS PIÑA,MINISTERIO DE AGRICULTURA,EMCV,,,0.0,https://indomet.gob.do/wp-content/uploads/2025/12/temperaturas-extremas-y-precipitaciones-2025x12x10-a.pdf
2025-12-10,035,GASPAR HERNÁNDEZ,ESPAILLAT,PROPIEDAD DEL EMPLEADO,EMCI,,,0.0,https://indomet.gob.do/wp-content/uploads/2025/12/temperaturas-extremas-y-precipitaciones-2025x12x10-a.pdf
2025-12-10,036,GURABO,SANTIAGO,MINISTERIO DE AGRICULTURA,EMCV,,,0.0,https://indomet.gob.do/wp-content/uploads/2025/12/temperaturas-extremas-y-precipitaciones-2025x12x10-a.pdf
2025-12-10,037,HATO MAYOR,HATO MAYOR,MINISTERIO DE AGRICULTURA,EMCV,,,0.0,https://indomet.gob.do/wp-content/uploads/2025/12/temperaturas-extremas-y-precipitaciones-2025x12x10-a.pdf
2025-12-10,038,HONDO VALLE,ELÍAS PIÑA,MINISTERIO DE AGRICULTURA,EMCI,25.5,15.0,0.0,https://indomet.gob.do/wp-content/uploads/2025/12/temperaturas-extremas-y-precipitaciones-2025x12x10-a.pdf
2025-12-10,039,JARABACOA,LA VEGA,INDRHI / MARENA,EMCI,32.4,15.2,0.0,https://indomet.gob.do/wp-content/uploads/2025/12/temperaturas-extremas-y-precipitaciones-2025x12x10-a.pdf
2025-12-10,040,JIMANÍ,INDEPENDENCIA,MINISTERIO DE AGRICULTURA,EMCI,32.6,23.4,0.0,https://indomet.gob.do/wp-content/uploads/2025/12/temperaturas-extremas-y-precipitaciones-2025x12x10-a.pdf
2025-12-10,041,JUMA BEJUCAL,MONSEÑOR NOUEL,IDIAF,EMCV,31.0,18.6,0.0,https://indomet.gob.do/wp-content/uploads/2025/12/temperaturas-extremas-y-precipitaciones-2025x12x10-a.pdf
2025-12-10,042,LA VEGA,LA VEGA,IATESA,EMCI,33.0,19.5,0.0,https://indomet.gob.do/wp-content/uploads/2025/12/temperaturas-extremas-y-precipitaciones-2025x12x10-a.pdf
2025-12-10,043,LA VICTORIA,SANTO DOMINGO,CUERPO DE BOMBEROS,EMCI,32.5,21.5,0.0,https://indomet.gob.do/wp-content/uploads/2025/12/temperaturas-extremas-y-precipitaciones-2025x12x10-a.pdf
2025-12-10,044,LAS CANAS (EMA),MONTE CRISTI,PROGRAMA MUNDIAL DE ALIMENTO,EMAP,30.2,21.0,0.0,https://indomet.gob.do/wp-content/uploads/2025/12/temperaturas-extremas-y-precipitaciones-2025x12x10-a.pdf
2025-12-10,045,LAS MATAS DE SANTA CRUZ (EMA,MONTE CRISTI,PROGRAMA MUNDIAL DE ALIMENTO,EMAP,,,0.0,https://indomet.gob.do/wp-content/uploads/2025/12/temperaturas-extremas-y-precipitaciones-2025x12x10-a.pdf
2025-12-10,046,LOS JENGIBRES,NAGUA,INDRHI,EMCI,,,0.0,https://indomet.gob.do/wp-content/uploads/2025/12/temperaturas-extremas-y-precipitaciones-2025x12x10-a.pdf
2025-12-10,047,LOS LLANOS,SAN PEDRO DE MACORÍS,MINISTERIO DE AGRICULTURA,EMCI,31.5,21.6,0.0,https://indomet.gob.do/wp-content/uploads/2025/12/temperaturas-extremas-y-precipitaciones-2025x12x10-a.pdf
2025-12-10,048,LOS TRES CHARCOS (EMA),PEDERNALES,PROPIEDAD DEL VOLUNTARIO,EMAP,,,0.0,https://indomet.gob.do/wp-content/uploads/2025/12/temperaturas-extremas-y-precipitaciones-2025x12x10-a.pdf
2025-12-10,049,MAO,VALVERDE,INDRHI / MINISTERIO DE AGRICULTURA,EMCV,,,0.0,https://indomet.gob.do/wp-content/uploads/2025/12/temperaturas-extremas-y-precipitaciones-2025x12x10-a.pdf
2025-12-10,050,MICHES (EMA),EL SEIBO,PRIVADA,EMAP,31.8,23.2,0.0,https://indomet.gob.do/wp-content/uploads/2025/12/temperaturas-extremas-y-precipitaciones-2025x12x10-a.pdf
2025-12-10,051,MONCIÓN (EMA),SANTIAGO RODRÍGUEZ,PROGRAMA MUNDIAL DE ALIMENTO,EMAP,31.4,18.1,0.0,https://indomet.gob.do/wp-content/uploads/2025/12/temperaturas-extremas-y-precipitaciones-2025x12x10-a.pdf
2025-12-10,052,MONTE CRISTI,MONTE CRISTI,INDOMET,EMCI,33.0,22.4,0.0,https://indomet.gob.do/wp-content/uploads/2025/12/temperaturas-extremas-y-precipitaciones-2025x12x10-a.pdf
2025-12-10,053,NAVARRETE,SANTIAGO,MINISTERIO DE AGRICULTURA,EMCV,,,0.0,https://indomet.gob.do/wp-content/uploads/2025/12/temperaturas-extremas-y-precipitaciones-2025x12x10-a.pdf
2025-12-10,054,OLIVARES,PEDERNALES,INDRHI,EMCI,,,0.0,https://indomet.gob.do/wp-content/uploads/2025/12/temperaturas-extremas-y-precipitaciones-2025x12x10-a.pdf
2025-12-10,055,PADRE LAS CASAS,AZUA,HOSP. NTRA. SRA. DEL CARMEN,EMCI,29.0,16.0,0.0,https://indomet.gob.do/wp-content/uploads/2025/12/temperaturas-extremas-y-precipitaciones-2025x12x10-a.pdf
2025-12-10,056,PALO ÍNDIO,PUERTO PLATA,MINISTERIO DE AGRICULTURA,EMCI,,,0.0,https://indomet.gob.do/wp-content/uploads/2025/12/temperaturas-extremas-y-precipitaciones-2025x12x10-a.pdf
2025-12-10,057,PASO AL MEDIO,SAN PEDRO DE MACORÍS,INDRHI,EMCI,,,0.0,https://indomet.gob.do/wp-content/uploads/2025/12/temperaturas-extremas-y-precipitaciones-2025x12x10-a.pdf
2025-12-10,058,PEDERNALES,PEDERNALES,INDRHI,EMCI,,,0.0,https://indomet.gob.do/wp-content/uploads/2025/12/temperaturas-extremas-y-precipitaciones-2025x12x10-a.pdf
2025-12-10,059,PERALTA,AZUA,HOSP. MPAL. DE PERALTA,EMCI,29.0,15.2,0.0,https://indomet.gob.do/wp-content/uploads/2025/12/temperaturas-extremas-y-precipitaciones-2025x12x10-a.pdf
2025-12-10,060,POLO,BARAHONA,INDOCAFE,EMCI,26.4,13.2,0.0,https://indomet.gob.do/wp-content/uploads/2025/12/temperaturas-extremas-y-precipitaciones-2025x12x10-a.pdf
2025-12-10,061,PONTÓN ABAJO (EMA),LA VEGA,MINISTERIO DE AGRICULTURA,EMAP,33.9,19.2,0.0,https://indomet.gob.do/wp-content/uploads/2025/12/temperaturas-extremas-y-precipitaciones-2025x12x10-a.pdf
2025-12-10,062,PRESA DE TAVERAS (EMA),LA VEGA,PROGRAMA MUNDIAL DE ALIMENTO,EMAP,30.3,25.1,0.0,https://indomet.gob.do/wp-content/uploads/2025/12/temperaturas-extremas-y-precipitaciones-2025x12x10-a.pdf
2025-12-10,063,RESTAURACIÓN,DAJABÓN,MINISTERIO DE AGRICULTURA,EMCI,29.2,13.9,0.0,https://indomet.gob.do/wp-content/uploads/2025/12/temperaturas-extremas-y-precipitaciones-2025x12x10-a.pdf
2025-12-10,064,RÍO SAN JUAN,MARÍA TRINIDAD SÁNCHEZ,HOSP. MPAL. DR. DESIDERIO ACOSTA,EMCV,32.8,23.2,0.0,https://indomet.gob.do/wp-content/uploads/2025/12/temperaturas-extremas-y-precipitaciones-2025x12x10-a.pdf
2025-12-10,065,SABANA DE LA MAR,HATO MAYOR,INDOMET,EMCI,31.5,22.5,0.0,https://indomet.gob.do/wp-content/uploads/2025/12/temperaturas-extremas-y-precipitaciones-2025x12x10-a.pdf
2025-12-10,066,SABANETA (EMA),SANTIAGO RODRÍGUEZ,PROGRAMA MUNDIAL DE ALIMENTO,EMAP,35.8,21.2,0.0,https://indomet.gob.do/wp-content/uploads/2025/12/temperaturas-extremas-y-precipitaciones-2025x12x10-a.pdf
2025-12-10,067,SALCEDO,HERMANAS MIRABAL,PROPIEDAD DEL EMPLEADO,EMCI,,,0.0,https://indomet.gob.do/wp-content/uploads/2025/12/temperaturas-extremas-y-precipitaciones-2025x12x10-a.pdf
2025-12-10,068,SAN FRANCISCO DE MACORÍS,DUARTE,San Francisco de Macorís (UASD),EMCI,32.0,20.6,0.0,https://indomet.gob.do/wp-content/uploads/2025/12/temperaturas-extremas-y-precipitaciones-2025x12x10-a.pdf
2025-12-10,069,SAN JOSÉ DE OCOA,SAN JOSÉ DE OCOA,HOSP. SAN JOSÉ DE OCOA,EMCI,31.2,18.8,0.0,https://indomet.gob.do/wp-content/uploads/2025/12/temperaturas-extremas-y-precipitaciones-2025x12x10-a.pdf
2025-12-10,070,SÁNCHEZ,SAMANÁ,MINISTERIO DE AGRICULTURA,EMCI,29.8,21.3,0.0,https://indomet.gob.do/wp-content/uploads/2025/12/temperaturas-extremas-y-precipitaciones-2025x12x10-a.pdf
2025-12-10,071,SANTIAGO,SANTIAGO,HUACALITO,EMCI,,,0.0,https://indomet.gob.do/wp-content/uploads/2025/12/temperaturas-extremas-y-precipitaciones-2025x12x10-a.pdf
2025-12-10,072,SAJOMA (EMA),SANTIAGO,PLAN SIERRA,EMAI,,,0.0,https://indomet.gob.do/wp-content/uploads/2025/12/temperaturas-extremas-y-precipitaciones-2025x12x10-a.pdf
2025-12-10,073,JARDÍN BOTÁNICO SANTIAGO (EMSANTIAGO,,JARDIN BOTANICO SANTIAGO,EMAI,31.7,21.4,0.0,https://indomet.gob.do/wp-content/uploads/2025/12/temperaturas-extremas-y-precipitaciones-2025x12x10-a.pdf
2025-12-10,074,BUCARA (EMA),SANTIAGO,MINISTERIO DE AGRICULTURA,EMAI,,,0.0,https://indomet.gob.do/wp-content/uploads/2025/12/temperaturas-extremas-y-precipitaciones-2025x12x10-a.pdf
2025-12-10,075,VILLA GONZALE (EMA),SANTIAGO,IGLESIA,EMAI,,,0.0,https://indomet.gob.do/wp-content/uploads/2025/12/temperaturas-extremas-y-precipitaciones-2025x12x10-a.pdf
2025-12-10,076,VILLA VASQUEZ (EMA),MONTE CRISTI,JUNTA DE REGANTES,EMAI,,,0.0,https://indomet.gob.do/wp-content/uploads/2025/12/temperaturas-extremas-y-precipitaciones-2025x12x10-a.pdf
2025-12-10,077,SANTIAGO RODRÍGUEZ,SANTIAGO RODRÍGUEZ,INDOMET,EMCI,35.2,21.4,0.0,https://indomet.gob.do/wp-content/uploads/2025/12/temperaturas-extremas-y-precipitaciones-2025x12x10-a.pdf
2025-12-10,078,TÁBARA ABAJO,AZUA,INDRHI,EMCI,32.5,19.2,0.0,https://indomet.gob.do/wp-content/uploads/2025/12/temperaturas-extremas-y-precipitaciones-2025x12x10-a.pdf
2025-12-10,079,TAMBORIL,SANTIAGO,MINISTERIO DE AGRICULTURA,EMCV,,,0.0,https://indomet.gob.do/wp-content/uploads/2025/12/temperaturas-extremas-y-precipitaciones-2025x12x10-a.pdf
2025-12-10,080,JIMA ABAJO,LA VEGA,INDOMET,EMCI,29.0,18.5,0.0,https://indomet.gob.do/wp-content/uploads/2025/12/temperaturas-extremas-y-precipitaciones-2025x12x10-a.pdf
2025-12-10,081,TAVERA,SANTIAGO,INDRHI,EMCI,,,0.0,https://indomet.gob.do/wp-content/uploads/2025/12/temperaturas-extremas-y-precipitaciones-2025x12x10-a.pdf
2025-12-10,082,VILLA GONZALES,SANTIAGO,MINISTERIO DE AGRICULTURA,EMCI,,,0.0,https://indomet.gob.do/wp-content/uploads/2025/12/temperaturas-extremas-y-precipitaciones-2025x12x10-a.pdf
2025-12-10,083,VILLA ISABELA,PUERTO PLATA,MINISTERIO DE AGRICULTURA,EMCV,,,0.0,https://indomet.gob.do/wp-content/uploads/2025/12/temperaturas-extremas-y-precipitaciones-2025x12x10-a.pdf
2025-12-10,084,VILLA RIVA,DUARTE,HOSP. MPAL. ALICIA DE LEGENDRE,EMCI,31.6,20.0,0.0,https://indomet.gob.do/wp-content/uploads/2025/12/temperaturas-extremas-y-precipitaciones-2025x12x10-a.pdf
2025-12-11,001,VILLA ALTAGRACIA,SAN CRISTÓBAL,ESCUELA JAVIER ANGULO GURIDI,EMCI,,,11.6,https://indomet.gob.do/wp-content/uploads/2025/12/temperaturas-extremas-y-precipitaciones-2025x12x11-a.pdf
2025-12-11,001,VILLA RIVA,DUARTE,HOSP. MPAL. ALICIA DE LEGENDRE,EMCI,30.8,20.3,0.0,https://indomet.gob.do/wp-content/uploads/2025/12/temperaturas-extremas-y-precipitaciones-2025x12x11-a.pdf
2025-12-11,002,POLO,BARAHONA,INDOCAFE,EMCI,27.0,14.2,6.4,https://indomet.gob.do/wp-content/uploads/2025/12/temperaturas-extremas-y-precipitaciones-2025x12x11-a.pdf
2025-12-11,003,SAN RAFAEL DEL YUMA,LA ALTAGRACIA,MINISTERIO DE AGRICULTURA,EMCI,31.3,22.0,4.9,https://indomet.gob.do/wp-content/uploads/2025/12/temperaturas-extremas-y-precipitaciones-2025x12x11-a.pdf
2025-12-11,004,BANI (EMA),PERAVIA,MINISTERIO DE AGRICULTURA,EMAP,29.8,23.3,3.6,https://indomet.gob.do/wp-content/uploads/2025/12/temperaturas-extremas-y-precipitaciones-2025x12x11-a.pdf
2025-12-11,005,ESCONDIDO,PERAVIA,MINISTERIO DE AGRICULTURA,EMCV,30.0,20.0,3.6,https://indomet.gob.do/wp-content/uploads/2025/12/temperaturas-extremas-y-precipitaciones-2025x12x11-a.pdf
2025-12-11,006,ANAMUYA (EMA),LA ALTAGRACIA,MINISTERIO DE AGRICULTURA,EMAP,30.9,22.7,2.4,https://indomet.gob.do/wp-content/uploads/2025/12/temperaturas-extremas-y-precipitaciones-2025x12x11-a.pdf
2025-12-11,007,ARPT. LA ISABELA,SANTO DOMINGO,INDOMET,EMCI,31.1,20.4,2.2,https://indomet.gob.do/wp-content/uploads/2025/12/temperaturas-extremas-y-precipitaciones-2025x12x11-a.pdf
2025-12-11,008,CENTRO DE LOS HEROES (EMA),DISTRITO NACIONAL,MINISTERIO DE ENERGIA Y MINA,EMAP,30.0,24.3,2.0,https://indomet.gob.do/wp-content/uploads/2025/12/temperaturas-extremas-y-precipitaciones-2025x12x11-a.pdf
2025-12-11,009,ARPT. DE PUNTA CANA,LA ALTAGRACIA,INDOMET,EMCI,30.2,22.5,1.6,https://indomet.gob.do/wp-content/uploads/2025/12/temperaturas-extremas-y-precipitaciones-2025x12x11-a.pdf
2025-12-11,010,JIMANÍ,INDEPENDENCIA,MINISTERIO DE AGRICULTURA,EMCI,30.2,22.5,1.6,https://indomet.gob.do/wp-content/uploads/2025/12/temperaturas-extremas-y-precipitaciones-2025x12x11-a.pdf
2025-12-11,011,PERALTA,AZUA,HOSP. MPAL. DE PERALTA,EMCI,28.2,14.4,1.4,https://indomet.gob.do/wp-content/uploads/2025/12/temperaturas-extremas-y-precipitaciones-2025x12x11-a.pdf
2025-12-11,012,RANCHO ARRIBA,SAN JOSÉ DE OCOA,CENTRO TECNOLÓGICO COMUNITARIO,EMCI,25.4,13.8,1.3,https://indomet.gob.do/wp-content/uploads/2025/12/temperaturas-extremas-y-precipitaciones-2025x12x11-a.pdf
2025-12-11,013,ARPT. DE LAS AMÉRICAS,SANTO DOMINGO,INDOMET,EMCI,30.2,21.5,1.0,https://indomet.gob.do/wp-content/uploads/2025/12/temperaturas-extremas-y-precipitaciones-2025x12x11-a.pdf
2025-12-11,014,EL FACTOR (EMA),MARÍA TRINIDAD SÁNCHEZ,INTEC,EMAP,32.4,22.2,1.0,https://indomet.gob.do/wp-content/uploads/2025/12/temperaturas-extremas-y-precipitaciones-2025x12x11-a.pdf
2025-12-11,015,SANTO DOMINGO ESTE,SANTO DOMINGO,INDOMET,EMCI,32.0,24.4,1.0,https://indomet.gob.do/wp-content/uploads/2025/12/temperaturas-extremas-y-precipitaciones-2025x12x11-a.pdf
2025-12-11,016,PARQUE MIRADOR SUR,DISTRITO NACIONAL,AYUNTAMIENTO,EMCV,31.5,21.4,0.8,https://indomet.gob.do/wp-content/uploads/2025/12/temperaturas-extremas-y-precipitaciones-2025x12x11-a.pdf
2025-12-11,017,BASE AÉREA DE SAN ISIDRO,SANTO DOMINGO,FUERZA AÉREA DOMINICANA,EMCV,31.2,21.5,0.6,https://indomet.gob.do/wp-content/uploads/2025/12/temperaturas-extremas-y-precipitaciones-2025x12x11-a.pdf
2025-12-11,018,SAN CRISTÓBAL,SAN CRISTÓBAL,INSTITUTO POLITÉCNICO LOYOLA,EMCI,31.0,20.0,0.5,https://indomet.gob.do/wp-content/uploads/2025/12/temperaturas-extremas-y-precipitaciones-2025x12x11-a.pdf
2025-12-11,019,ENRIQUILLO,BARAHONA,MINISTERIO DE AGRICULTURA,EMCV,33.0,23.5,0.4,https://indomet.gob.do/wp-content/uploads/2025/12/temperaturas-extremas-y-precipitaciones-2025x12x11-a.pdf
2025-12-11,020,SAN JOSÉ DE OCOA,SAN JOSÉ DE OCOA,HOSP. SAN JOSÉ DE OCOA,EMCI,29.2,18.4,0.2,https://indomet.gob.do/wp-content/uploads/2025/12/temperaturas-extremas-y-precipitaciones-2025x12x11-a.pdf
2025-12-11,021,ALTAMIRA,PUERTO PLATA,HOSP. MPAL. DE ALTAMIRA,EMCI,30.9,18.1,0.1,https://indomet.gob.do/wp-content/uploads/2025/12/temperaturas-extremas-y-precipitaciones-2025x12x11-a.pdf
2025-12-11,022,ARROYO LORO,SAN JUAN,IDIAF,EMCI,30.6,15.8,0.1,https://indomet.gob.do/wp-content/uploads/2025/12/temperaturas-extremas-y-precipitaciones-2025x12x11-a.pdf
2025-12-11,023,CABRAL,BARAHONA,MINISTERIO DE AGRICULTURA,EMCV,30.0,20.0,0.1,https://indomet.gob.do/wp-content/uploads/2025/12/temperaturas-extremas-y-precipitaciones-2025x12x11-a.pdf
2025-12-11,024,LA VICTORIA,SANTO DOMINGO,CUERPO DE BOMBEROS,EMCI,33.1,21.6,0.1,https://indomet.gob.do/wp-content/uploads/2025/12/temperaturas-extremas-y-precipitaciones-2025x12x11-a.pdf
2025-12-11,025,OVIEDO,PEDERNALES,CLÍNICA RURAL OVIEDO,EMCI,31.0,20.8,0.1,https://indomet.gob.do/wp-content/uploads/2025/12/temperaturas-extremas-y-precipitaciones-2025x12x11-a.pdf
2025-12-11,026,ARPT. ARROYO BARRIL,SAMANÁ,INDOMET,EMCI,30.2,23.8,0.0,https://indomet.gob.do/wp-content/uploads/2025/12/temperaturas-extremas-y-precipitaciones-2025x12x11-a.pdf
2025-12-11,027,ARPT. DE LA ROMANA,LA ROMANA,INDOMET,EMCI,30.4,21.2,0.0,https://indomet.gob.do/wp-content/uploads/2025/12/temperaturas-extremas-y-precipitaciones-2025x12x11-a.pdf
2025-12-11,028,ARPT. DEL CIBAO,SANTIAGO,INDOMET,EMCI,32.2,19.0,0.0,https://indomet.gob.do/wp-content/uploads/2025/12/temperaturas-extremas-y-precipitaciones-2025x12x11-a.pdf
2025-12-11,029,ARPT. EL CATEY,SAMANÁ,INDOMET,EMCI,31.4,21.8,0.0,https://indomet.gob.do/wp-content/uploads/2025/12/temperaturas-extremas-y-precipitaciones-2025x12x11-a.pdf
2025-12-11,030,ARPT. GREGORIO LUPERÓN,PUERTO PLATA,INDOMET,EMCI,32.8,20.7,0.0,https://indomet.gob.do/wp-content/uploads/2025/12/temperaturas-extremas-y-precipitaciones-2025x12x11-a.pdf
2025-12-11,031,ARPT. MARÍA MONTEZ,BARAHONA,INDOMET,EMCI,30.5,21.0,0.0,https://indomet.gob.do/wp-content/uploads/2025/12/temperaturas-extremas-y-precipitaciones-2025x12x11-a.pdf
2025-12-11,032,BAYAGUANA,MONTE PLATA,INDOMET,EMCI,31.5,21.2,0.0,https://indomet.gob.do/wp-content/uploads/2025/12/temperaturas-extremas-y-precipitaciones-2025x12x11-a.pdf
2025-12-11,033,BOCA DE MAO (EMA),VALVERDE,MINISTERIO DE AGRICULTURA,EMAP,33.8,20.6,0.0,https://indomet.gob.do/wp-content/uploads/2025/12/temperaturas-extremas-y-precipitaciones-2025x12x11-a.pdf
2025-12-11,034,BUCARA (EMA),SANTIAGO,MINISTERIO DE AGRICULTURA,EMAI,,,0.0,https://indomet.gob.do/wp-content/uploads/2025/12/temperaturas-extremas-y-precipitaciones-2025x12x11-a.pdf
2025-12-11,035,CABRERA,MARÍA TRINIDAD SÁNCHEZ,ESCUELA ARÍSTIDES FIALLO CABRAL,EMCI,32.0,24.8,0.0,https://indomet.gob.do/wp-content/uploads/2025/12/temperaturas-extremas-y-precipitaciones-2025x12x11-a.pdf
2025-12-11,036,CONSTANZA,LA VEGA,MINISTERIO DE AGRICULTURA,EMCI,26.4,9.0,0.0,https://indomet.gob.do/wp-content/uploads/2025/12/temperaturas-extremas-y-precipitaciones-2025x12x11-a.pdf
2025-12-11,037,CONSTANZA (EMA),LA VEGA,PROGRAMA MUNDIAL DE ALIMENTO,EMAP,24.9,10.4,0.0,https://indomet.gob.do/wp-content/uploads/2025/12/temperaturas-extremas-y-precipitaciones-2025x12x11-a.pdf
2025-12-11,038,DAJABÓN,DAJABÓN,INSTITUTO POLITÉCNICO LOYOLA,EMCI,35.4,23.7,0.0,https://indomet.gob.do/wp-content/uploads/2025/12/temperaturas-extremas-y-precipitaciones-2025x12x11-a.pdf
2025-12-11,039,ELÍAS PIÑA,ELÍAS PIÑA,MINISTERIO DE AGRICULTURA,EMCV,,,0.0,https://indomet.gob.do/wp-content/uploads/2025/12/temperaturas-extremas-y-precipitaciones-2025x12x11-a.pdf
2025-12-11,040,GASPAR HERNÁNDEZ,ESPAILLAT,PROPIEDAD DEL EMPLEADO,EMCI,,,0.0,https://indomet.gob.do/wp-content/uploads/2025/12/temperaturas-extremas-y-precipitaciones-2025x12x11-a.pdf
2025-12-11,041,GURABO,SANTIAGO,MINISTERIO DE AGRICULTURA,EMCV,,,0.0,https://indomet.gob.do/wp-content/uploads/2025/12/temperaturas-extremas-y-precipitaciones-2025x12x11-a.pdf
2025-12-11,042,HATO MAYOR,HATO MAYOR,MINISTERIO DE AGRICULTURA,EMCV,,,0.0,https://indomet.gob.do/wp-content/uploads/2025/12/temperaturas-extremas-y-precipitaciones-2025x12x11-a.pdf
2025-12-11,043,HONDO VALLE,ELÍAS PIÑA,MINISTERIO DE AGRICULTURA,EMCI,25.2,14.7,0.0,https://indomet.gob.do/wp-content/uploads/2025/12/temperaturas-extremas-y-precipitaciones-2025x12x11-a.pdf
2025-12-11,044,JARABACOA,LA VEGA,INDRHI / MARENA,EMCI,31.0,15.0,0.0,https://indomet.gob.do/wp-content/uploads/2025/12/temperaturas-extremas-y-precipitaciones-2025x12x11-a.pdf
2025-12-11,045,JARDÍN BOTÁNICO NACIONAL,DISTRITO NACIONAL,JARDÍN BOTÁNICO NACIONAL,EMCV,32.0,18.8,0.0,https://indomet.gob.do/wp-content/uploads/2025/12/temperaturas-extremas-y-precipitaciones-2025x12x11-a.pdf
2025-12-11,046,JARDÍN BOTÁNICO SANTIAGO (EMSANTIAGO,,JARDIN BOTANICO SANTIAGO,EMAI,31.1,22.2,0.0,https://indomet.gob.do/wp-content/uploads/2025/12/temperaturas-extremas-y-precipitaciones-2025x12x11-a.pdf
2025-12-11,047,JIMA ABAJO,LA VEGA,INDOMET,EMCI,31.5,19.5,0.0,https://indomet.gob.do/wp-content/uploads/2025/12/temperaturas-extremas-y-precipitaciones-2025x12x11-a.pdf
2025-12-11,048,JUMA BEJUCAL,MONSEÑOR NOUEL,IDIAF,EMCV,30.4,18.4,0.0,https://indomet.gob.do/wp-content/uploads/2025/12/temperaturas-extremas-y-precipitaciones-2025x12x11-a.pdf
2025-12-11,049,LA VEGA,LA VEGA,IATESA,EMCI,31.5,19.5,0.0,https://indomet.gob.do/wp-content/uploads/2025/12/temperaturas-extremas-y-precipitaciones-2025x12x11-a.pdf
2025-12-11,050,LAS CANAS (EMA),MONTE CRISTI,PROGRAMA MUNDIAL DE ALIMENTO,EMAP,,,0.0,https://indomet.gob.do/wp-content/uploads/2025/12/temperaturas-extremas-y-precipitaciones-2025x12x11-a.pdf
2025-12-11,051,LAS MATAS DE SANTA CRUZ,MONTE CRISTI,INDRHI,EMCV,,,0.0,https://indomet.gob.do/wp-content/uploads/2025/12/temperaturas-extremas-y-precipitaciones-2025x12x11-a.pdf
2025-12-11,052,LAS MATAS DE SANTA CRUZ (EMA,MONTE CRISTI,PROGRAMA MUNDIAL DE ALIMENTO,EMAP,,,0.0,https://indomet.gob.do/wp-content/uploads/2025/12/temperaturas-extremas-y-precipitaciones-2025x12x11-a.pdf
2025-12-11,053,LOS JENGIBRES,NAGUA,INDRHI,EMCI,,,0.0,https://indomet.gob.do/wp-content/uploads/2025/12/temperaturas-extremas-y-precipitaciones-2025x12x11-a.pdf
2025-12-11,054,LOS LLANOS,SAN PEDRO DE MACORÍS,MINISTERIO DE AGRICULTURA,EMCI,31.9,21.0,0.0,https://indomet.gob.do/wp-content/uploads/2025/12/temperaturas-extremas-y-precipitaciones-2025x12x11-a.pdf
2025-12-11,055,MAO,VALVERDE,INDRHI / MINISTERIO DE AGRICULTURA,EMCV,,,0.0,https://indomet.gob.do/wp-content/uploads/2025/12/temperaturas-extremas-y-precipitaciones-2025x12x11-a.pdf
2025-12-11,056,MICHES (EMA),EL SEIBO,PRIVADA,EMAP,30.0,24.3,0.0,https://indomet.gob.do/wp-content/uploads/2025/12/temperaturas-extremas-y-precipitaciones-2025x12x11-a.pdf
2025-12-11,057,MONCIÓN (EMA),SANTIAGO RODRÍGUEZ,PROGRAMA MUNDIAL DE ALIMENTO,EMAP,30.3,18.4,0.0,https://indomet.gob.do/wp-content/uploads/2025/12/temperaturas-extremas-y-precipitaciones-2025x12x11-a.pdf
2025-12-11,058,MONTE CRISTI,MONTE CRISTI,INDOMET,EMCI,33.8,21.5,0.0,https://indomet.gob.do/wp-content/uploads/2025/12/temperaturas-extremas-y-precipitaciones-2025x12x11-a.pdf
2025-12-11,059,NAVARRETE,SANTIAGO,MINISTERIO DE AGRICULTURA,EMCV,,,0.0,https://indomet.gob.do/wp-content/uploads/2025/12/temperaturas-extremas-y-precipitaciones-2025x12x11-a.pdf
2025-12-11,060,OLIVARES,PEDERNALES,INDRHI,EMCI,,,0.0,https://indomet.gob.do/wp-content/uploads/2025/12/temperaturas-extremas-y-precipitaciones-2025x12x11-a.pdf
2025-12-11,061,PADRE LAS CASAS,AZUA,HOSP. NTRA. SRA. DEL CARMEN,EMCI,29.0,15.0,0.0,https://indomet.gob.do/wp-content/uploads/2025/12/temperaturas-extremas-y-precipitaciones-2025x12x11-a.pdf
2025-12-11,062,PALO ÍNDIO,PUERTO PLATA,MINISTERIO DE AGRICULTURA,EMCI,,,0.0,https://indomet.gob.do/wp-content/uploads/2025/12/temperaturas-extremas-y-precipitaciones-2025x12x11-a.pdf
2025-12-11,063,PASO AL MEDIO,SAN PEDRO DE MACORÍS,INDRHI,EMCI,,,0.0,https://indomet.gob.do/wp-content/uploads/2025/12/temperaturas-extremas-y-precipitaciones-2025x12x11-a.pdf
2025-12-11,064,PEDERNALES,PEDERNALES,INDRHI,EMCI,,,0.0,https://indomet.gob.do/wp-content/uploads/2025/12/temperaturas-extremas-y-precipitaciones-2025x12x11-a.pdf
2025-12-11,065,PESCADERIA (EMA),BARAHONA,MINISTERIO DE AGRICULTURA,EMAP,,,0.0,https://indomet.gob.do/wp-content/uploads/2025/12/temperaturas-extremas-y-precipitaciones-2025x12x11-a.pdf
2025-12-11,066,PONTÓN ABAJO (EMA),LA VEGA,MINISTERIO DE AGRICULTURA,EMAP,32.0,21.1,0.0,https://indomet.gob.do/wp-content/uploads/2025/12/temperaturas-extremas-y-precipitaciones-2025x12x11-a.pdf
2025-12-11,067,PRESA DE TAVERAS (EMA),LA VEGA,PROGRAMA MUNDIAL DE ALIMENTO,EMAP,29.3,19.3,0.0,https://indomet.gob.do/wp-content/uploads/2025/12/temperaturas-extremas-y-precipitaciones-2025x12x11-a.pdf
2025-12-11,068,RESTAURACIÓN,DAJABÓN,MINISTERIO DE AGRICULTURA,EMCI,29.9,14.6,0.0,https://indomet.gob.do/wp-content/uploads/2025/12/temperaturas-extremas-y-precipitaciones-2025x12x11-a.pdf
2025-12-11,069,RÍO SAN JUAN,MARÍA TRINIDAD SÁNCHEZ,HOSP. MPAL. DR. DESIDERIO ACOSTA,EMCV,32.3,22.5,0.0,https://indomet.gob.do/wp-content/uploads/2025/12/temperaturas-extremas-y-precipitaciones-2025x12x11-a.pdf
2025-12-11,070,SABANA DE LA MAR,HATO MAYOR,INDOMET,EMCI,32.0,21.0,0.0,https://indomet.gob.do/wp-content/uploads/2025/12/temperaturas-extremas-y-precipitaciones-2025x12x11-a.pdf
2025-12-11,071,SABANA GRANDE DE BOYÁ,MONTE PLATA,MINISTERIO DE AGRICULTURA,EMCV,,,0.0,https://indomet.gob.do/wp-content/uploads/2025/12/temperaturas-extremas-y-precipitaciones-2025x12x11-a.pdf
2025-12-11,072,SABANETA (EMA),SANTIAGO RODRÍGUEZ,PROGRAMA MUNDIAL DE ALIMENTO,EMAP,34.7,20.7,0.0,https://indomet.gob.do/wp-content/uploads/2025/12/temperaturas-extremas-y-precipitaciones-2025x12x11-a.pdf
2025-12-11,073,SAJOMA (EMA),SANTIAGO,PLAN SIERRA,EMAI,31.2,22.4,0.0,https://indomet.gob.do/wp-content/uploads/2025/12/temperaturas-extremas-y-precipitaciones-2025x12x11-a.pdf
2025-12-11,074,SALCEDO,HERMANAS MIRABAL,PROPIEDAD DEL EMPLEADO,EMCI,,,0.0,https://indomet.gob.do/wp-content/uploads/2025/12/temperaturas-extremas-y-precipitaciones-2025x12x11-a.pdf
2025-12-11,075,SAMANÁ,SAMANÁ,COMANDANCIA DE PUERTO DE SAMANÁ,EMCI,32.8,19.2,0.0,https://indomet.gob.do/wp-content/uploads/2025/12/temperaturas-extremas-y-precipitaciones-2025x12x11-a.pdf
2025-12-11,076,SAN FRANCISCO DE MACORÍS,DUARTE,San Francisco de Macorís (UASD),EMCI,32.4,20.7,0.0,https://indomet.gob.do/wp-content/uploads/2025/12/temperaturas-extremas-y-precipitaciones-2025x12x11-a.pdf
2025-12-11,077,SÁNCHEZ,SAMANÁ,MINISTERIO DE AGRICULTURA,EMCI,30.7,21.9,0.0,https://indomet.gob.do/wp-content/uploads/2025/12/temperaturas-extremas-y-precipitaciones-2025x12x11-a.pdf
2025-12-11,078,SANTIAGO,SANTIAGO,HUACALITO,EMCI,,,0.0,https://indomet.gob.do/wp-content/uploads/2025/12/temperaturas-extremas-y-precipitaciones-2025x12x11-a.pdf
2025-12-11,079,SANTIAGO RODRÍGUEZ,SANTIAGO RODRÍGUEZ,INDOMET,EMCI,34.8,21.0,0.0,https://indomet.gob.do/wp-content/uploads/2025/12/temperaturas-extremas-y-precipitaciones-2025x12x11-a.pdf
2025-12-11,080,TÁBARA ABAJO,AZUA,INDRHI,EMCI,30.8,21.0,0.0,https://indomet.gob.do/wp-content/uploads/2025/12/temperaturas-extremas-y-precipitaciones-2025x12x11-a.pdf
2025-12-11,081,TAMBORIL,SANTIAGO,MINISTERIO DE AGRICULTURA,EMCV,,,0.0,https://indomet.gob.do/wp-content/uploads/2025/12/temperaturas-extremas-y-precipitaciones-2025x12x11-a.pdf
2025-12-11,082,TAVERA,SANTIAGO,INDRHI,EMCI,,,0.0,https://indomet.gob.do/wp-content/uploads/2025/12/temperaturas-extremas-y-precipitaciones-2025x12x11-a.pdf
2025-12-11,083,VILLA GONZALE (EMA),SANTIAGO,IGLESIA,EMAI,,,0.0,https://indomet.gob.do/wp-content/uploads/2025/12/temperaturas-extremas-y-precipitaciones-2025x12x11-a.pdf
2025-12-11,084,VILLA GONZALES,SANTIAGO,MINISTERIO DE AGRICULTURA,EMCI,,,0.0,https://indomet.gob.do/wp-content/uploads/2025/12/temperaturas-extremas-y-precipitaciones-2025x12x11-a.pdf
2025-12-11,085,VILLA ISABELA,PUERTO PLATA,MINISTERIO DE AGRICULTURA,EMCV,,,0.0,https://indomet.gob.do/wp-content/uploads/2025/12/temperaturas-extremas-y-precipitaciones-2025x12x11-a.pdf
2025-12-11,087,VILLA VASQUEZ (EMA),MONTE CRISTI,JUNTA DE REGANTES,EMAI,,,0.0,https://indomet.gob.do/wp-content/uploads/2025/12/temperaturas-extremas-y-precipitaciones-2025x12x11-a.pdf
2025-12-12,001,OVIEDO,PEDERNALES,CLÍNICA RURAL OVIEDO,EMCI,30.0,20.5,25.4,https://indomet.gob.do/wp-content/uploads/2025/12/temperaturas-extremas-y-precipitaciones-2025x12x12-a.pdf
2025-12-12,002,RANCHO ARRIBA,SAN JOSÉ DE OCOA,CENTRO TECNOLÓGICO COMUNITARIO,EMCI,26.3,14.1,17.6,https://indomet.gob.do/wp-content/uploads/2025/12/temperaturas-extremas-y-precipitaciones-2025x12x12-a.pdf
2025-12-12,003,VILLA ALTAGRACIA,SAN CRISTÓBAL,ESCUELA JAVIER ANGULO GURIDI,EMCI,,,15.4,https://indomet.gob.do/wp-content/uploads/2025/12/temperaturas-extremas-y-precipitaciones-2025x12x12-a.pdf
2025-12-12,004,SANTO DOMINGO ESTE,SANTO DOMINGO,INDOMET,EMCI,31.8,22.6,14.6,https://indomet.gob.do/wp-content/uploads/2025/12/temperaturas-extremas-y-precipitaciones-2025x12x12-a.pdf
2025-12-12,005,ARPT. DE LAS AMÉRICAS,SANTO DOMINGO,INDOMET,EMCI,30.5,21.8,13.6,https://indomet.gob.do/wp-content/uploads/2025/12/temperaturas-extremas-y-precipitaciones-2025x12x12-a.pdf
2025-12-12,006,LA VICTORIA,SANTO DOMINGO,CUERPO DE BOMBEROS,EMCI,30.5,21.5,13.0,https://indomet.gob.do/wp-content/uploads/2025/12/temperaturas-extremas-y-precipitaciones-2025x12x12-a.pdf
2025-12-12,007,POLO,BARAHONA,INDOCAFE,EMCI,26.5,16.0,12.5,https://indomet.gob.do/wp-content/uploads/2025/12/temperaturas-extremas-y-precipitaciones-2025x12x12-a.pdf
2025-12-12,008,JUMA BEJUCAL,MONSEÑOR NOUEL,IDIAF,EMCV,30.4,19.8,12.3,https://indomet.gob.do/wp-content/uploads/2025/12/temperaturas-extremas-y-precipitaciones-2025x12x12-a.pdf
2025-12-12,009,VALLE NUEVO (EMA),LA VEGA,MARENA,EMAI,16.8,1.3,12.2,https://indomet.gob.do/wp-content/uploads/2025/12/temperaturas-extremas-y-precipitaciones-2025x12x12-a.pdf
2025-12-12,010,SABANA DE LA MAR,HATO MAYOR,INDOMET,EMCI,29.5,21.0,11.1,https://indomet.gob.do/wp-content/uploads/2025/12/temperaturas-extremas-y-precipitaciones-2025x12x12-a.pdf
2025-12-12,011,BONAO,MONSEÑOR NOUEL,MINISTERIO DE AGRICULTURA,EMCV,,,10.7,https://indomet.gob.do/wp-content/uploads/2025/12/temperaturas-extremas-y-precipitaciones-2025x12x12-a.pdf
2025-12-12,012,ENRIQUILLO,BARAHONA,MINISTERIO DE AGRICULTURA,EMCV,31.5,22.0,10.6,https://indomet.gob.do/wp-content/uploads/2025/12/temperaturas-extremas-y-precipitaciones-2025x12x12-a.pdf
2025-12-12,013,SAN CRISTÓBAL,SAN CRISTÓBAL,INSTITUTO POLITÉCNICO LOYOLA,EMCI,30.2,21.2,10.5,https://indomet.gob.do/wp-content/uploads/2025/12/temperaturas-extremas-y-precipitaciones-2025x12x12-a.pdf
2025-12-12,014,BAYAGUANA,MONTE PLATA,INDOMET,EMCI,31.0,19.8,9.3,https://indomet.gob.do/wp-content/uploads/2025/12/temperaturas-extremas-y-precipitaciones-2025x12x12-a.pdf
2025-12-12,015,JARABACOA,LA VEGA,INDRHI / MARENA,EMCI,30.8,14.6,9.0,https://indomet.gob.do/wp-content/uploads/2025/12/temperaturas-extremas-y-precipitaciones-2025x12x12-a.pdf
2025-12-12,016,CENTRO DE LOS HEROES (EMA),DISTRITO NACIONAL,MINISTERIO DE ENERGIA Y MINA,EMAP,30.8,24.2,8.4,https://indomet.gob.do/wp-content/uploads/2025/12/temperaturas-extremas-y-precipitaciones-2025x12x12-a.pdf
2025-12-12,017,SAMANÁ,SAMANÁ,COMANDANCIA DE PUERTO DE SAMANÁ,EMCI,31.5,19.4,7.8,https://indomet.gob.do/wp-content/uploads/2025/12/temperaturas-extremas-y-precipitaciones-2025x12x12-a.pdf
2025-12-12,018,SÁNCHEZ,SAMANÁ,MINISTERIO DE AGRICULTURA,EMCI,28.4,21.2,7.4,https://indomet.gob.do/wp-content/uploads/2025/12/temperaturas-extremas-y-precipitaciones-2025x12x12-a.pdf
2025-12-12,019,ARPT. LA ISABELA,SANTO DOMINGO,INDOMET,EMCI,29.7,17.3,6.5,https://indomet.gob.do/wp-content/uploads/2025/12/temperaturas-extremas-y-precipitaciones-2025x12x12-a.pdf
2025-12-12,020,ARPT. EL CATEY,SAMANÁ,INDOMET,EMCI,28.4,21.5,6.4,https://indomet.gob.do/wp-content/uploads/2025/12/temperaturas-extremas-y-precipitaciones-2025x12x12-a.pdf
2025-12-12,021,CONSTANZA,LA VEGA,MINISTERIO DE AGRICULTURA,EMCI,24.4,9.0,6.3,https://indomet.gob.do/wp-content/uploads/2025/12/temperaturas-extremas-y-precipitaciones-2025x12x12-a.pdf
2025-12-12,022,LOS LLANOS,SAN PEDRO DE MACORÍS,MINISTERIO DE AGRICULTURA,EMCI,29.4,20.3,6.2,https://indomet.gob.do/wp-content/uploads/2025/12/temperaturas-extremas-y-precipitaciones-2025x12x12-a.pdf
2025-12-12,023,CONSTANZA (EMA),LA VEGA,PROGRAMA MUNDIAL DE ALIMENTO,EMAP,23.8,10.4,6.0,https://indomet.gob.do/wp-content/uploads/2025/12/temperaturas-extremas-y-precipitaciones-2025x12x12-a.pdf
2025-12-12,024,SALCEDO,HERMANAS MIRABAL,PROPIEDAD DEL EMPLEADO,EMCI,,,5.7,https://indomet.gob.do/wp-content/uploads/2025/12/temperaturas-extremas-y-precipitaciones-2025x12x12-a.pdf
2025-12-12,025,PRESA DE TAVERAS (EMA),LA VEGA,PROGRAMA MUNDIAL DE ALIMENTO,EMAP,29.7,19.4,5.4,https://indomet.gob.do/wp-content/uploads/2025/12/temperaturas-extremas-y-precipitaciones-2025x12x12-a.pdf
2025-12-12,026,BASE AÉREA DE SAN ISIDRO,SANTO DOMINGO,FUERZA AÉREA DOMINICANA,EMCV,29.1,21.2,5.3,https://indomet.gob.do/wp-content/uploads/2025/12/temperaturas-extremas-y-precipitaciones-2025x12x12-a.pdf
2025-12-12,027,LA VEGA,LA VEGA,IATESA,EMCI,32.5,19.5,5.2,https://indomet.gob.do/wp-content/uploads/2025/12/temperaturas-extremas-y-precipitaciones-2025x12x12-a.pdf
2025-12-12,028,PADRE LAS CASAS,AZUA,HOSP. NTRA. SRA. DEL CARMEN,EMCI,31.4,15.0,4.2,https://indomet.gob.do/wp-content/uploads/2025/12/temperaturas-extremas-y-precipitaciones-2025x12x12-a.pdf
2025-12-12,029,GASPAR HERNÁNDEZ,ESPAILLAT,PROPIEDAD DEL EMPLEADO,EMCI,,,3.5,https://indomet.gob.do/wp-content/uploads/2025/12/temperaturas-extremas-y-precipitaciones-2025x12x12-a.pdf
2025-12-12,030,RÍO SAN JUAN,MARÍA TRINIDAD SÁNCHEZ,HOSP. MPAL. DR. DESIDERIO ACOSTA,EMCV,31.3,21.9,3.4,https://indomet.gob.do/wp-content/uploads/2025/12/temperaturas-extremas-y-precipitaciones-2025x12x12-a.pdf
2025-12-12,031,OLIVARES,PEDERNALES,INDRHI,EMCI,,,3.2,https://indomet.gob.do/wp-content/uploads/2025/12/temperaturas-extremas-y-precipitaciones-2025x12x12-a.pdf
2025-12-12,032,ARPT. DE LA ROMANA,LA ROMANA,INDOMET,EMCI,30.7,21.5,3.0,https://indomet.gob.do/wp-content/uploads/2025/12/temperaturas-extremas-y-precipitaciones-2025x12x12-a.pdf
2025-12-12,033,MICHES (EMA),EL SEIBO,PRIVADA,EMAP,29.3,22.1,3.0,https://indomet.gob.do/wp-content/uploads/2025/12/temperaturas-extremas-y-precipitaciones-2025x12x12-a.pdf
2025-12-12,034,CABRERA,MARÍA TRINIDAD SÁNCHEZ,ESCUELA ARÍSTIDES FIALLO CABRAL,EMCI,31.6,25.0,2.8,https://indomet.gob.do/wp-content/uploads/2025/12/temperaturas-extremas-y-precipitaciones-2025x12x12-a.pdf
2025-12-12,035,PONTÓN ABAJO (EMA),LA VEGA,MINISTERIO DE AGRICULTURA,EMAP,32.5,20.9,2.8,https://indomet.gob.do/wp-content/uploads/2025/12/temperaturas-extremas-y-precipitaciones-2025x12x12-a.pdf
2025-12-12,036,TAMBORIL,SANTIAGO,MINISTERIO DE AGRICULTURA,EMCV,,,2.5,https://indomet.gob.do/wp-content/uploads/2025/12/temperaturas-extremas-y-precipitaciones-2025x12x12-a.pdf
2025-12-12,037,GURABO,SANTIAGO,MINISTERIO DE AGRICULTURA,EMCV,,,2.0,https://indomet.gob.do/wp-content/uploads/2025/12/temperaturas-extremas-y-precipitaciones-2025x12x12-a.pdf
2025-12-12,038,ARROYO LORO,SAN JUAN,IDIAF,EMCI,32.3,17.8,1.8,https://indomet.gob.do/wp-content/uploads/2025/12/temperaturas-extremas-y-precipitaciones-2025x12x12-a.pdf
2025-12-12,039,NAVARRETE,SANTIAGO,MINISTERIO DE AGRICULTURA,EMCV,,,1.8,https://indomet.gob.do/wp-content/uploads/2025/12/temperaturas-extremas-y-precipitaciones-2025x12x12-a.pdf
2025-12-12,040,ALTAMIRA,PUERTO PLATA,HOSP. MPAL. DE ALTAMIRA,EMCI,30.1,17.5,1.6,https://indomet.gob.do/wp-content/uploads/2025/12/temperaturas-extremas-y-precipitaciones-2025x12x12-a.pdf
2025-12-12,041,VILLA RIVA,DUARTE,HOSP. MPAL. ALICIA DE LEGENDRE,EMCI,28.9,20.0,1.5,https://indomet.gob.do/wp-content/uploads/2025/12/temperaturas-extremas-y-precipitaciones-2025x12x12-a.pdf
2025-12-12,042,SAN JOSÉ DE OCOA,SAN JOSÉ DE OCOA,HOSP. SAN JOSÉ DE OCOA,EMCI,29.4,19.2,1.2,https://indomet.gob.do/wp-content/uploads/2025/12/temperaturas-extremas-y-precipitaciones-2025x12x12-a.pdf
2025-12-12,043,VILLA GONZALES,SANTIAGO,MINISTERIO DE AGRICULTURA,EMCI,,,1.0,https://indomet.gob.do/wp-content/uploads/2025/12/temperaturas-extremas-y-precipitaciones-2025x12x12-a.pdf
2025-12-12,044,ARPT. DEL CIBAO,SANTIAGO,INDOMET,EMCI,30.8,20.0,1.0,https://indomet.gob.do/wp-content/uploads/2025/12/temperaturas-extremas-y-precipitaciones-2025x12x12-a.pdf
2025-12-12,045,PEDERNALES,PEDERNALES,INDRHI,EMCI,,,1.0,https://indomet.gob.do/wp-content/uploads/2025/12/temperaturas-extremas-y-precipitaciones-2025x12x12-a.pdf
2025-12-12,046,JIMANÍ,INDEPENDENCIA,MINISTERIO DE AGRICULTURA,EMCI,33.6,21.6,0.9,https://indomet.gob.do/wp-content/uploads/2025/12/temperaturas-extremas-y-precipitaciones-2025x12x12-a.pdf
2025-12-12,047,EL FACTOR (EMA),MARÍA TRINIDAD SÁNCHEZ,INTEC,EMAP,30.3,21.8,0.8,https://indomet.gob.do/wp-content/uploads/2025/12/temperaturas-extremas-y-precipitaciones-2025x12x12-a.pdf
2025-12-12,048,PERALTA,AZUA,HOSP. MPAL. DE PERALTA,EMCI,29.6,15.5,0.8,https://indomet.gob.do/wp-content/uploads/2025/12/temperaturas-extremas-y-precipitaciones-2025x12x12-a.pdf
2025-12-12,049,HONDO VALLE,ELÍAS PIÑA,MINISTERIO DE AGRICULTURA,EMCI,27.5,9.6,0.6,https://indomet.gob.do/wp-content/uploads/2025/12/temperaturas-extremas-y-precipitaciones-2025x12x12-a.pdf
2025-12-12,050,PALO ÍNDIO,PUERTO PLATA,MINISTERIO DE AGRICULTURA,EMCI,,,0.5,https://indomet.gob.do/wp-content/uploads/2025/12/temperaturas-extremas-y-precipitaciones-2025x12x12-a.pdf
2025-12-12,051,ARPT. GREGORIO LUPERÓN,PUERTO PLATA,INDOMET,EMCI,31.5,21.0,0.5,https://indomet.gob.do/wp-content/uploads/2025/12/temperaturas-extremas-y-precipitaciones-2025x12x12-a.pdf
2025-12-12,052,CABRAL,BARAHONA,MINISTERIO DE AGRICULTURA,EMCV,30.5,19.5,0.4,https://indomet.gob.do/wp-content/uploads/2025/12/temperaturas-extremas-y-precipitaciones-2025x12x12-a.pdf
2025-12-12,053,JARDÍN BOTÁNICO SANTIAGO (EMA),SANTIAGO,JARDIN BOTANICO SANTIAGO,EMAI,,,0.4,https://indomet.gob.do/wp-content/uploads/2025/12/temperaturas-extremas-y-precipitaciones-2025x12x12-a.pdf
2025-12-12,054,HATO MAYOR,HATO MAYOR,MINISTERIO DE AGRICULTURA,EMCV,,,0.3,https://indomet.gob.do/wp-content/uploads/2025/12/temperaturas-extremas-y-precipitaciones-2025x12x12-a.pdf
2025-12-12,055,BANI (EMA),PERAVIA,MINISTERIO DE AGRICULTURA,EMAP,29.8,24.3,0.2,https://indomet.gob.do/wp-content/uploads/2025/12/temperaturas-extremas-y-precipitaciones-2025x12x12-a.pdf
2025-12-12,056,BUCARA (EMA),SANTIAGO,MINISTERIO DE AGRICULTURA,EMAI,,,0.2,https://indomet.gob.do/wp-content/uploads/2025/12/temperaturas-extremas-y-precipitaciones-2025x12x12-a.pdf
2025-12-12,057,ARPT. DE PUNTA CANA,LA ALTAGRACIA,INDOMET,EMCI,30.5,21.5,0.1,https://indomet.gob.do/wp-content/uploads/2025/12/temperaturas-extremas-y-precipitaciones-2025x12x12-a.pdf
2025-12-12,058,SABANA GRANDE DE BOYÁ,MONTE PLATA,MINISTERIO DE AGRICULTURA,EMCV,,,0.1,https://indomet.gob.do/wp-content/uploads/2025/12/temperaturas-extremas-y-precipitaciones-2025x12x12-a.pdf
2025-12-12,059,ANAMUYA (EMA),LA ALTAGRACIA,MINISTERIO DE AGRICULTURA,EMAP,30.2,23.2,0.0,https://indomet.gob.do/wp-content/uploads/2025/12/temperaturas-extremas-y-precipitaciones-2025x12x12-a.pdf
2025-12-12,060,ARPT. MARÍA MONTEZ,BARAHONA,INDOMET,EMCI,31.4,20.0,0.0,https://indomet.gob.do/wp-content/uploads/2025/12/temperaturas-extremas-y-precipitaciones-2025x12x12-a.pdf
2025-12-12,061,BOCA DE MAO (EMA),VALVERDE,MINISTERIO DE AGRICULTURA,EMAP,33.8,21.6,0.0,https://indomet.gob.do/wp-content/uploads/2025/12/temperaturas-extremas-y-precipitaciones-2025x12x12-a.pdf
2025-12-12,062,DAJABÓN,DAJABÓN,INSTITUTO POLITÉCNICO LOYOLA,EMCI,36.2,22.0,0.0,https://indomet.gob.do/wp-content/uploads/2025/12/temperaturas-extremas-y-precipitaciones-2025x12x12-a.pdf
2025-12-12,063,LAS CANAS (EMA),MONTE CRISTI,PROGRAMA MUNDIAL DE ALIMENTO,EMAP,29.4,23.3,0.0,https://indomet.gob.do/wp-content/uploads/2025/12/temperaturas-extremas-y-precipitaciones-2025x12x12-a.pdf
2025-12-12,064,LAS MATAS DE SANTA CRUZ (EMA),MONTE CRISTI,PROGRAMA MUNDIAL DE ALIMENTO,EMAP,,,0.0,https://indomet.gob.do/wp-content/uploads/2025/12/temperaturas-extremas-y-precipitaciones-2025x12x12-a.pdf
2025-12-12,065,LOS TRES CHARCOS (EMA),PEDERNALES,PROPIEDAD DEL VOLUNTARIO,EMAP,,,0.0,https://indomet.gob.do/wp-content/uploads/2025/12/temperaturas-extremas-y-precipitaciones-2025x12x12-a.pdf
2025-12-12,066,MONCIÓN (EMA),SANTIAGO RODRÍGUEZ,PROGRAMA MUNDIAL DE ALIMENTO,EMAP,30.1,16.9,0.0,https://indomet.gob.do/wp-content/uploads/2025/12/temperaturas-extremas-y-precipitaciones-2025x12x12-a.pdf
2025-12-12,067,MONTE CRISTI,MONTE CRISTI,INDOMET,EMCI,33.0,22.5,0.0,https://indomet.gob.do/wp-content/uploads/2025/12/temperaturas-extremas-y-precipitaciones-2025x12x12-a.pdf
2025-12-12,068,SABANETA (EMA),SANTIAGO RODRÍGUEZ,PROGRAMA MUNDIAL DE ALIMENTO,EMAP,34.0,18.9,0.0,https://indomet.gob.do/wp-content/uploads/2025/12/temperaturas-extremas-y-precipitaciones-2025x12x12-a.pdf
2025-12-12,069,SAN RAFAEL DEL YUMA,LA ALTAGRACIA,MINISTERIO DE AGRICULTURA,EMCI,30.5,21.0,0.0,https://indomet.gob.do/wp-content/uploads/2025/12/temperaturas-extremas-y-precipitaciones-2025x12x12-a.pdf
2025-12-12,070,VILLA GONZALE (EMA),SANTIAGO,IGLESIA,EMAI,,,0.0,https://indomet.gob.do/wp-content/uploads/2025/12/temperaturas-extremas-y-precipitaciones-2025x12x12-a.pdf
2025-12-12,071,VILLA VASQUEZ (EMA),MONTE CRISTI,JUNTA DE REGANTES,EMAI,,,0.0,https://indomet.gob.do/wp-content/uploads/2025/12/temperaturas-extremas-y-precipitaciones-2025x12x12-a.pdf
2025-12-12,072,SANTIAGO RODRÍGUEZ,SANTIAGO RODRÍGUEZ,INDOMET,EMCI,34.0,19.0,0.0,https://indomet.gob.do/wp-content/uploads/2025/12/temperaturas-extremas-y-precipitaciones-2025x12x12-a.pdf
2025-12-12,073,TÁBARA ABAJO,AZUA,INDRHI,EMCI,32.0,18.5,0.0,https://indomet.gob.do/wp-content/uploads/2025/12/temperaturas-extremas-y-precipitaciones-2025x12x12-a.pdf
2025-12-12,074,JIMA ABAJO,LA VEGA,INDOMET,EMCI,29.5,18.5,0.0,https://indomet.gob.do/wp-content/uploads/2025/12/temperaturas-extremas-y-precipitaciones-2025x12x12-a.pdf
2025-12-12,075,VILLA ISABELA,PUERTO PLATA,MINISTERIO DE AGRICULTURA,EMCV,,,0.0,https://indomet.gob.do/wp-content/uploads/2025/12/temperaturas-extremas-y-precipitaciones-2025x12x12-a.pdf
2025-12-13,001,SAN RAFAEL DEL YUMA,LA ALTAGRACIA,MINISTERIO DE AGRICULTURA,EMCI,31.0,23.0,36.9,https://indomet.gob.do/wp-content/uploads/2025/12/temperaturas-extremas-y-precipitaciones-2025x12x13-a.pdf
2025-12-13,002,ARPT. DE LA ROMANA,LA ROMANA,INDOMET,EMCI,31.2,20.2,26.1,https://indomet.gob.do/wp-content/uploads/2025/12/temperaturas-extremas-y-precipitaciones-2025x12x13-a.pdf
2025-12-13,003,BONAO,MONSEÑOR NOUEL,MINISTERIO DE AGRICULTURA,EMCV,,,16.5,https://indomet.gob.do/wp-content/uploads/2025/12/temperaturas-extremas-y-precipitaciones-2025x12x13-a.pdf
2025-12-13,004,LOS LLANOS,SAN PEDRO DE MACORÍS,MINISTERIO DE AGRICULTURA,EMCI,31.2,22.3,12.5,https://indomet.gob.do/wp-content/uploads/2025/12/temperaturas-extremas-y-precipitaciones-2025x12x13-a.pdf
2025-12-13,005,SABANA DE LA MAR,HATO MAYOR,INDOMET,EMCI,30.5,21.5,12.5,https://indomet.gob.do/wp-content/uploads/2025/12/temperaturas-extremas-y-precipitaciones-2025x12x13-a.pdf
2025-12-13,006,CABRERA,MARÍA TRINIDAD SÁNCHEZ,ESCUELA ARÍSTIDES FIALLO CABRAL,EMCI,30.8,25.2,9.9,https://indomet.gob.do/wp-content/uploads/2025/12/temperaturas-extremas-y-precipitaciones-2025x12x13-a.pdf
2025-12-13,007,VILLA RIVA,DUARTE,HOSP. MPAL. ALICIA DE LEGENDRE,EMCI,29.4,21.2,9.3,https://indomet.gob.do/wp-content/uploads/2025/12/temperaturas-extremas-y-precipitaciones-2025x12x13-a.pdf
2025-12-13,008,SÁNCHEZ,SAMANÁ,MINISTERIO DE AGRICULTURA,EMCI,29.6,21.3,8.4,https://indomet.gob.do/wp-content/uploads/2025/12/temperaturas-extremas-y-precipitaciones-2025x12x13-a.pdf
2025-12-13,009,ARPT. EL CATEY,SAMANÁ,INDOMET,EMCI,29.5,20.0,8.3,https://indomet.gob.do/wp-content/uploads/2025/12/temperaturas-extremas-y-precipitaciones-2025x12x13-a.pdf
2025-12-13,010,MICHES (EMA),EL SEIBO,PRIVADA,EMAP,29.5,23.3,8.2,https://indomet.gob.do/wp-content/uploads/2025/12/temperaturas-extremas-y-precipitaciones-2025x12x13-a.pdf
2025-12-13,011,VALLE NUEVO (EMA),LA VEGA,MARENA,EMAI,15.4,11.2,8.2,https://indomet.gob.do/wp-content/uploads/2025/12/temperaturas-extremas-y-precipitaciones-2025x12x13-a.pdf
2025-12-13,012,VILLA GONZALE (EMA),SANTIAGO,IGLESIA,EMAI,,,7.8,https://indomet.gob.do/wp-content/uploads/2025/12/temperaturas-extremas-y-precipitaciones-2025x12x13-a.pdf
2025-12-13,013,JARABACOA,LA VEGA,INDRHI / MARENA,EMCI,30.2,15.0,6.8,https://indomet.gob.do/wp-content/uploads/2025/12/temperaturas-extremas-y-precipitaciones-2025x12x13-a.pdf
2025-12-13,014,BAYAGUANA,MONTE PLATA,INDOMET,EMCI,30.6,19.3,6.4,https://indomet.gob.do/wp-content/uploads/2025/12/temperaturas-extremas-y-precipitaciones-2025x12x13-a.pdf
2025-12-13,015,RANCHO ARRIBA,SAN JOSÉ DE OCOA,CENTRO TECNOLÓGICO COMUNITARIO,EMCI,26.2,16.2,6.0,https://indomet.gob.do/wp-content/uploads/2025/12/temperaturas-extremas-y-precipitaciones-2025x12x13-a.pdf
2025-12-13,016,ARPT. ARROYO BARRIL,SAMANÁ,INDOMET,EMCI,27.3,23.0,5.8,https://indomet.gob.do/wp-content/uploads/2025/12/temperaturas-extremas-y-precipitaciones-2025x12x13-a.pdf
2025-12-13,017,ARPT. DE LAS AMÉRICAS,SANTO DOMINGO,INDOMET,EMCI,30.8,21.0,5.8,https://indomet.gob.do/wp-content/uploads/2025/12/temperaturas-extremas-y-precipitaciones-2025x12x13-a.pdf
2025-12-13,018,RÍO SAN JUAN,MARÍA TRINIDAD SÁNCHEZ,HOSP. MPAL. DR. DESIDERIO ACOSTA,EMCV,31.0,23.0,5.2,https://indomet.gob.do/wp-content/uploads/2025/12/temperaturas-extremas-y-precipitaciones-2025x12x13-a.pdf
2025-12-13,019,PRESA DE TAVERAS (EMA),LA VEGA,PROGRAMA MUNDIAL DE ALIMENTO,EMAP,28.8,21.7,4.6,https://indomet.gob.do/wp-content/uploads/2025/12/temperaturas-extremas-y-precipitaciones-2025x12x13-a.pdf
2025-12-13,020,ARPT. LA ISABELA,SANTO DOMINGO,INDOMET,EMCI,31.5,22.5,4.2,https://indomet.gob.do/wp-content/uploads/2025/12/temperaturas-extremas-y-precipitaciones-2025x12x13-a.pdf
2025-12-13,021,SAMANÁ,SAMANÁ,COMANDANCIA DE PUERTO DE SAMANÁ,EMCI,30.8,20.1,4.0,https://indomet.gob.do/wp-content/uploads/2025/12/temperaturas-extremas-y-precipitaciones-2025x12x13-a.pdf
2025-12-13,022,VILLA ALTAGRACIA,SAN CRISTÓBAL,ESCUELA JAVIER ANGULO GURIDI,EMCI,,,3.5,https://indomet.gob.do/wp-content/uploads/2025/12/temperaturas-extremas-y-precipitaciones-2025x12x13-a.pdf
2025-12-13,023,LA VICTORIA,SANTO DOMINGO,CUERPO DE BOMBEROS,EMCI,31.4,22.6,3.4,https://indomet.gob.do/wp-content/uploads/2025/12/temperaturas-extremas-y-precipitaciones-2025x12x13-a.pdf
2025-12-13,024,HATO MAYOR,HATO MAYOR,MINISTERIO DE AGRICULTURA,EMCV,,,2.5,https://indomet.gob.do/wp-content/uploads/2025/12/temperaturas-extremas-y-precipitaciones-2025x12x13-a.pdf
2025-12-13,025,LA VEGA,LA VEGA,IATESA,EMCI,30.0,20.0,2.4,https://indomet.gob.do/wp-content/uploads/2025/12/temperaturas-extremas-y-precipitaciones-2025x12x13-a.pdf
2025-12-13,026,SAJOMA (EMA),SANTIAGO,PLAN SIERRA,EMAI,29.9,20.5,2.4,https://indomet.gob.do/wp-content/uploads/2025/12/temperaturas-extremas-y-precipitaciones-2025x12x13-a.pdf
2025-12-13,027,CONSTANZA,LA VEGA,MINISTERIO DE AGRICULTURA,EMCI,25.0,10.0,1.6,https://indomet.gob.do/wp-content/uploads/2025/12/temperaturas-extremas-y-precipitaciones-2025x12x13-a.pdf
2025-12-13,028,EL FACTOR (EMA),MARÍA TRINIDAD SÁNCHEZ,INTEC,EMAP,29.4,22.7,1.5,https://indomet.gob.do/wp-content/uploads/2025/12/temperaturas-extremas-y-precipitaciones-2025x12x13-a.pdf
2025-12-13,029,SANTO DOMINGO ESTE,SANTO DOMINGO,INDOMET,EMCI,30.8,22.5,1.3,https://indomet.gob.do/wp-content/uploads/2025/12/temperaturas-extremas-y-precipitaciones-2025x12x13-a.pdf
2025-12-13,030,GURABO,SANTIAGO,MINISTERIO DE AGRICULTURA,EMCV,,,1.3,https://indomet.gob.do/wp-content/uploads/2025/12/temperaturas-extremas-y-precipitaciones-2025x12x13-a.pdf
2025-12-13,031,CONSTANZA (EMA),LA VEGA,PROGRAMA MUNDIAL DE ALIMENTO,EMAP,24.3,14.4,1.2,https://indomet.gob.do/wp-content/uploads/2025/12/temperaturas-extremas-y-precipitaciones-2025x12x13-a.pdf
2025-12-13,032,JARDÍN BOTÁNICO SANTIAGO (EMSANTIAGO,,JARDIN BOTANICO SANTIAGO,EMAI,30.6,22.4,1.2,https://indomet.gob.do/wp-content/uploads/2025/12/temperaturas-extremas-y-precipitaciones-2025x12x13-a.pdf
2025-12-13,033,VILLA GONZALES,SANTIAGO,MINISTERIO DE AGRICULTURA,EMCI,,,1.0,https://indomet.gob.do/wp-content/uploads/2025/12/temperaturas-extremas-y-precipitaciones-2025x12x13-a.pdf
2025-12-13,034,BUCARA (EMA),SANTIAGO,MINISTERIO DE AGRICULTURA,EMAI,,,0.6,https://indomet.gob.do/wp-content/uploads/2025/12/temperaturas-extremas-y-precipitaciones-2025x12x13-a.pdf
2025-12-13,035,OVIEDO,PEDERNALES,CLÍNICA RURAL OVIEDO,EMCI,31.0,23.5,0.6,https://indomet.gob.do/wp-content/uploads/2025/12/temperaturas-extremas-y-precipitaciones-2025x12x13-a.pdf
2025-12-13,036,ALTAMIRA,PUERTO PLATA,HOSP. MPAL. DE ALTAMIRA,EMCI,30.1,20.0,0.3,https://indomet.gob.do/wp-content/uploads/2025/12/temperaturas-extremas-y-precipitaciones-2025x12x13-a.pdf
2025-12-13,037,ANAMUYA (EMA),LA ALTAGRACIA,MINISTERIO DE AGRICULTURA,EMAP,30.6,23.8,0.2,https://indomet.gob.do/wp-content/uploads/2025/12/temperaturas-extremas-y-precipitaciones-2025x12x13-a.pdf
2025-12-13,038,ARPT. DE PUNTA CANA,LA ALTAGRACIA,INDOMET,EMCI,30.2,22.7,0.2,https://indomet.gob.do/wp-content/uploads/2025/12/temperaturas-extremas-y-precipitaciones-2025x12x13-a.pdf
2025-12-13,039,PERALTA,AZUA,HOSP. MPAL. DE PERALTA,EMCI,31.5,16.0,0.2,https://indomet.gob.do/wp-content/uploads/2025/12/temperaturas-extremas-y-precipitaciones-2025x12x13-a.pdf
2025-12-13,040,SAN JOSÉ DE OCOA,SAN JOSÉ DE OCOA,HOSP. SAN JOSÉ DE OCOA,EMCI,29.6,20.7,0.2,https://indomet.gob.do/wp-content/uploads/2025/12/temperaturas-extremas-y-precipitaciones-2025x12x13-a.pdf
2025-12-13,041,CABRAL,BARAHONA,MINISTERIO DE AGRICULTURA,EMCV,31.6,20.4,0.1,https://indomet.gob.do/wp-content/uploads/2025/12/temperaturas-extremas-y-precipitaciones-2025x12x13-a.pdf
2025-12-13,042,SABANA GRANDE DE BOYÁ,MONTE PLATA,MINISTERIO DE AGRICULTURA,EMCV,,,0.1,https://indomet.gob.do/wp-content/uploads/2025/12/temperaturas-extremas-y-precipitaciones-2025x12x13-a.pdf
2025-12-13,043,SALCEDO,HERMANAS MIRABAL,PROPIEDAD DEL EMPLEADO,EMCI,,,0.1,https://indomet.gob.do/wp-content/uploads/2025/12/temperaturas-extremas-y-precipitaciones-2025x12x13-a.pdf
2025-12-13,044,ARPT. DEL CIBAO,SANTIAGO,INDOMET,EMCI,32.0,19.0,0.0,https://indomet.gob.do/wp-content/uploads/2025/12/temperaturas-extremas-y-precipitaciones-2025x12x13-a.pdf
2025-12-13,045,ARPT. GREGORIO LUPERÓN,PUERTO PLATA,INDOMET,EMCI,31.6,21.0,0.0,https://indomet.gob.do/wp-content/uploads/2025/12/temperaturas-extremas-y-precipitaciones-2025x12x13-a.pdf
2025-12-13,046,ARPT. MARÍA MONTEZ,BARAHONA,INDOMET,EMCI,32.0,19.6,0.0,https://indomet.gob.do/wp-content/uploads/2025/12/temperaturas-extremas-y-precipitaciones-2025x12x13-a.pdf
2025-12-13,047,ARROYO LORO,SAN JUAN,IDIAF,EMCI,30.2,17.2,0.0,https://indomet.gob.do/wp-content/uploads/2025/12/temperaturas-extremas-y-precipitaciones-2025x12x13-a.pdf
2025-12-13,048,BANI (EMA),PERAVIA,MINISTERIO DE AGRICULTURA,EMAP,30.9,24.8,0.0,https://indomet.gob.do/wp-content/uploads/2025/12/temperaturas-extremas-y-precipitaciones-2025x12x13-a.pdf
2025-12-13,049,BOCA DE MAO (EMA),VALVERDE,MINISTERIO DE AGRICULTURA,EMAP,33.1,23.3,0.0,https://indomet.gob.do/wp-content/uploads/2025/12/temperaturas-extremas-y-precipitaciones-2025x12x13-a.pdf
2025-12-13,050,CENTRO DE LOS HEROES (EMA),DISTRITO NACIONAL,MINISTERIO DE ENERGIA Y MINA,EMAP,30.7,24.5,0.0,https://indomet.gob.do/wp-content/uploads/2025/12/temperaturas-extremas-y-precipitaciones-2025x12x13-a.pdf
2025-12-13,051,DAJABÓN,DAJABÓN,INSTITUTO POLITÉCNICO LOYOLA,EMCI,34.2,19.7,0.0,https://indomet.gob.do/wp-content/uploads/2025/12/temperaturas-extremas-y-precipitaciones-2025x12x13-a.pdf
2025-12-13,052,ELÍAS PIÑA,ELÍAS PIÑA,MINISTERIO DE AGRICULTURA,EMCV,,,0.0,https://indomet.gob.do/wp-content/uploads/2025/12/temperaturas-extremas-y-precipitaciones-2025x12x13-a.pdf
2025-12-13,053,ENRIQUILLO,BARAHONA,MINISTERIO DE AGRICULTURA,EMCV,32.3,22.5,0.0,https://indomet.gob.do/wp-content/uploads/2025/12/temperaturas-extremas-y-precipitaciones-2025x12x13-a.pdf
2025-12-13,054,ESCONDIDO,PERAVIA,MINISTERIO DE AGRICULTURA,EMCV,31.0,24.0,0.0,https://indomet.gob.do/wp-content/uploads/2025/12/temperaturas-extremas-y-precipitaciones-2025x12x13-a.pdf
2025-12-13,055,GASPAR HERNÁNDEZ,ESPAILLAT,PROPIEDAD DEL EMPLEADO,EMCI,,,0.0,https://indomet.gob.do/wp-content/uploads/2025/12/temperaturas-extremas-y-precipitaciones-2025x12x13-a.pdf
2025-12-13,056,HONDO VALLE,ELÍAS PIÑA,MINISTERIO DE AGRICULTURA,EMCI,27.3,10.5,0.0,https://indomet.gob.do/wp-content/uploads/2025/12/temperaturas-extremas-y-precipitaciones-2025x12x13-a.pdf
2025-12-13,057,JIMA ABAJO,LA VEGA,INDOMET,EMCI,29.0,18.0,0.0,https://indomet.gob.do/wp-content/uploads/2025/12/temperaturas-extremas-y-precipitaciones-2025x12x13-a.pdf
2025-12-13,058,JIMANÍ,INDEPENDENCIA,MINISTERIO DE AGRICULTURA,EMCI,32.0,22.5,0.0,https://indomet.gob.do/wp-content/uploads/2025/12/temperaturas-extremas-y-precipitaciones-2025x12x13-a.pdf
2025-12-13,059,LAS CANAS (EMA),MONTE CRISTI,PROGRAMA MUNDIAL DE ALIMENTO,EMAP,32.0,23.7,0.0,https://indomet.gob.do/wp-content/uploads/2025/12/temperaturas-extremas-y-precipitaciones-2025x12x13-a.pdf
2025-12-13,060,LAS MATAS DE SANTA CRUZ (EMA,MONTE CRISTI,PROGRAMA MUNDIAL DE ALIMENTO,EMAP,,,0.0,https://indomet.gob.do/wp-content/uploads/2025/12/temperaturas-extremas-y-precipitaciones-2025x12x13-a.pdf
2025-12-13,061,MAO,VALVERDE,INDRHI / MINISTERIO DE AGRICULTURA,EMCV,,,0.0,https://indomet.gob.do/wp-content/uploads/2025/12/temperaturas-extremas-y-precipitaciones-2025x12x13-a.pdf
2025-12-13,062,MONCIÓN (EMA),SANTIAGO RODRÍGUEZ,PROGRAMA MUNDIAL DE ALIMENTO,EMAP,30.8,20.3,0.0,https://indomet.gob.do/wp-content/uploads/2025/12/temperaturas-extremas-y-precipitaciones-2025x12x13-a.pdf
2025-12-13,063,MONTE CRISTI,MONTE CRISTI,INDOMET,EMCI,34.7,22.0,0.0,https://indomet.gob.do/wp-content/uploads/2025/12/temperaturas-extremas-y-precipitaciones-2025x12x13-a.pdf
2025-12-13,064,NAVARRETE,SANTIAGO,MINISTERIO DE AGRICULTURA,EMCV,,,0.0,https://indomet.gob.do/wp-content/uploads/2025/12/temperaturas-extremas-y-precipitaciones-2025x12x13-a.pdf
2025-12-13,065,OLIVARES,PEDERNALES,INDRHI,EMCI,,,0.0,https://indomet.gob.do/wp-content/uploads/2025/12/temperaturas-extremas-y-precipitaciones-2025x12x13-a.pdf
2025-12-13,066,PADRE LAS CASAS,AZUA,HOSP. NTRA. SRA. DEL CARMEN,EMCI,30.5,15.5,0.0,https://indomet.gob.do/wp-content/uploads/2025/12/temperaturas-extremas-y-precipitaciones-2025x12x13-a.pdf
2025-12-13,067,PALO ÍNDIO,PUERTO PLATA,MINISTERIO DE AGRICULTURA,EMCI,,,0.0,https://indomet.gob.do/wp-content/uploads/2025/12/temperaturas-extremas-y-precipitaciones-2025x12x13-a.pdf
2025-12-13,068,PEDERNALES,PEDERNALES,INDRHI,EMCI,,,0.0,https://indomet.gob.do/wp-content/uploads/2025/12/temperaturas-extremas-y-precipitaciones-2025x12x13-a.pdf
2025-12-13,069,PESCADERIA (EMA),BARAHONA,MINISTERIO DE AGRICULTURA,EMAP,,,0.0,https://indomet.gob.do/wp-content/uploads/2025/12/temperaturas-extremas-y-precipitaciones-2025x12x13-a.pdf
2025-12-13,070,POLO,BARAHONA,INDOCAFE,EMCI,28.0,12.4,0.0,https://indomet.gob.do/wp-content/uploads/2025/12/temperaturas-extremas-y-precipitaciones-2025x12x13-a.pdf
2025-12-13,071,PONTÓN ABAJO (EMA),LA VEGA,MINISTERIO DE AGRICULTURA,EMAP,32.0,23.9,0.0,https://indomet.gob.do/wp-content/uploads/2025/12/temperaturas-extremas-y-precipitaciones-2025x12x13-a.pdf
2025-12-13,072,RESTAURACIÓN,DAJABÓN,MINISTERIO DE AGRICULTURA,EMCI,29.4,12.5,0.0,https://indomet.gob.do/wp-content/uploads/2025/12/temperaturas-extremas-y-precipitaciones-2025x12x13-a.pdf
2025-12-13,073,SABANETA (EMA),SANTIAGO RODRÍGUEZ,PROGRAMA MUNDIAL DE ALIMENTO,EMAP,35.6,21.4,0.0,https://indomet.gob.do/wp-content/uploads/2025/12/temperaturas-extremas-y-precipitaciones-2025x12x13-a.pdf
2025-12-13,074,SAN CRISTÓBAL,SAN CRISTÓBAL,INSTITUTO POLITÉCNICO LOYOLA,EMCI,30.0,20.2,0.0,https://indomet.gob.do/wp-content/uploads/2025/12/temperaturas-extremas-y-precipitaciones-2025x12x13-a.pdf
2025-12-13,075,SANTIAGO RODRÍGUEZ,SANTIAGO RODRÍGUEZ,INDOMET,EMCI,35.0,21.0,0.0,https://indomet.gob.do/wp-content/uploads/2025/12/temperaturas-extremas-y-precipitaciones-2025x12x13-a.pdf
2025-12-13,076,TÁBARA ABAJO,AZUA,INDRHI,EMCI,31.0,18.2,0.0,https://indomet.gob.do/wp-content/uploads/2025/12/temperaturas-extremas-y-precipitaciones-2025x12x13-a.pdf
2025-12-13,077,VILLA ISABELA,PUERTO PLATA,MINISTERIO DE AGRICULTURA,EMCV,,,0.0,https://indomet.gob.do/wp-content/uploads/2025/12/temperaturas-extremas-y-precipitaciones-2025x12x13-a.pdf
2025-12-13,078,VILLA VASQUEZ (EMA),MONTE CRISTI,JUNTA DE REGANTES,EMAI,,,0.0,https://indomet.gob.do/wp-content/uploads/2025/12/temperaturas-extremas-y-precipitaciones-2025x12x13-a.pdf
2025-12-14,001,JIMA ABAJO,LA VEGA,INDOMET,EMCI,29.5,19.0,5.0,https://indomet.gob.do/wp-content/uploads/2025/12/temperaturas-extremas-y-precipitaciones-2025x12x14-a.pdf
2025-12-14,002,LA VICTORIA,SANTO DOMINGO,CUERPO DE BOMBEROS,EMCI,32.5,21.5,1.7,https://indomet.gob.do/wp-content/uploads/2025/12/temperaturas-extremas-y-precipitaciones-2025x12x14-a.pdf
2025-12-14,003,POLO,BARAHONA,INDOCAFE,EMCI,26.0,14.0,1.6,https://indomet.gob.do/wp-content/uploads/2025/12/temperaturas-extremas-y-precipitaciones-2025x12x14-a.pdf
2025-12-14,004,SAN CRISTÓBAL,SAN CRISTÓBAL,INSTITUTO POLITÉCNICO LOYOLA,EMCI,32.0,19.0,1.2,https://indomet.gob.do/wp-content/uploads/2025/12/temperaturas-extremas-y-precipitaciones-2025x12x14-a.pdf
2025-12-14,005,SAN RAFAEL DEL YUMA,LA ALTAGRACIA,MINISTERIO DE AGRICULTURA,EMCI,30.1,21.4,1.1,https://indomet.gob.do/wp-content/uploads/2025/12/temperaturas-extremas-y-precipitaciones-2025x12x14-a.pdf
2025-12-14,006,EL FACTOR (EMA),MARÍA TRINIDAD SÁNCHEZ,INTEC,EMAP,32.3,21.2,1.0,https://indomet.gob.do/wp-content/uploads/2025/12/temperaturas-extremas-y-precipitaciones-2025x12x14-a.pdf
2025-12-14,007,JARDÍN BOTÁNICO NACIONAL,DISTRITO NACIONAL,JARDÍN BOTÁNICO NACIONAL,EMCV,30.5,20.1,0.7,https://indomet.gob.do/wp-content/uploads/2025/12/temperaturas-extremas-y-precipitaciones-2025x12x14-a.pdf
2025-12-14,008,HATO MAYOR,HATO MAYOR,MINISTERIO DE AGRICULTURA,EMCV,,,0.3,https://indomet.gob.do/wp-content/uploads/2025/12/temperaturas-extremas-y-precipitaciones-2025x12x14-a.pdf
2025-12-14,009,ANAMUYA (EMA),LA ALTAGRACIA,MINISTERIO DE AGRICULTURA,EMAP,30.9,21.1,0.2,https://indomet.gob.do/wp-content/uploads/2025/12/temperaturas-extremas-y-precipitaciones-2025x12x14-a.pdf
2025-12-14,010,ARPT. GREGORIO LUPERÓN,PUERTO PLATA,INDOMET,EMCI,32.0,22.0,0.2,https://indomet.gob.do/wp-content/uploads/2025/12/temperaturas-extremas-y-precipitaciones-2025x12x14-a.pdf
2025-12-14,011,PONTÓN ABAJO (EMA),LA VEGA,MINISTERIO DE AGRICULTURA,EMAP,32.8,20.4,0.2,https://indomet.gob.do/wp-content/uploads/2025/12/temperaturas-extremas-y-precipitaciones-2025x12x14-a.pdf
2025-12-14,012,SAN FRANCISCO DE MACORÍS,DUARTE,San Francisco de Macorís (UASD),EMCI,31.5,22.2,0.2,https://indomet.gob.do/wp-content/uploads/2025/12/temperaturas-extremas-y-precipitaciones-2025x12x14-a.pdf
2025-12-14,013,SANTO DOMINGO ESTE,SANTO DOMINGO,INDOMET,EMCI,32.5,23.6,0.2,https://indomet.gob.do/wp-content/uploads/2025/12/temperaturas-extremas-y-precipitaciones-2025x12x14-a.pdf
2025-12-14,014,ENRIQUILLO,BARAHONA,MINISTERIO DE AGRICULTURA,EMCV,32.5,21.0,0.1,https://indomet.gob.do/wp-content/uploads/2025/12/temperaturas-extremas-y-precipitaciones-2025x12x14-a.pdf
2025-12-14,015,OVIEDO,PEDERNALES,CLÍNICA RURAL OVIEDO,EMCI,30.0,19.0,0.1,https://indomet.gob.do/wp-content/uploads/2025/12/temperaturas-extremas-y-precipitaciones-2025x12x14-a.pdf
2025-12-14,016,PARQUE MIRADOR SUR,DISTRITO NACIONAL,AYUNTAMIENTO,EMCV,32.5,22.0,0.1,https://indomet.gob.do/wp-content/uploads/2025/12/temperaturas-extremas-y-precipitaciones-2025x12x14-a.pdf
2025-12-14,017,ALTAMIRA,PUERTO PLATA,HOSP. MPAL. DE ALTAMIRA,EMCI,31.7,19.9,0.0,https://indomet.gob.do/wp-content/uploads/2025/12/temperaturas-extremas-y-precipitaciones-2025x12x14-a.pdf
2025-12-14,018,ARPT. ARROYO BARRIL,SAMANÁ,INDOMET,EMCI,31.0,23.1,0.0,https://indomet.gob.do/wp-content/uploads/2025/12/temperaturas-extremas-y-precipitaciones-2025x12x14-a.pdf
2025-12-14,019,ARPT. DE LA ROMANA,LA ROMANA,INDOMET,EMCI,30.2,22.2,0.0,https://indomet.gob.do/wp-content/uploads/2025/12/temperaturas-extremas-y-precipitaciones-2025x12x14-a.pdf
2025-12-14,020,ARPT. DE LAS AMÉRICAS,SANTO DOMINGO,INDOMET,EMCI,30.1,21.9,0.0,https://indomet.gob.do/wp-content/uploads/2025/12/temperaturas-extremas-y-precipitaciones-2025x12x14-a.pdf
2025-12-14,021,ARPT. DE PUNTA CANA,LA ALTAGRACIA,INDOMET,EMCI,30.4,22.8,0.0,https://indomet.gob.do/wp-content/uploads/2025/12/temperaturas-extremas-y-precipitaciones-2025x12x14-a.pdf
2025-12-14,022,ARPT. DEL CIBAO,SANTIAGO,INDOMET,EMCI,32.6,22.2,0.0,https://indomet.gob.do/wp-content/uploads/2025/12/temperaturas-extremas-y-precipitaciones-2025x12x14-a.pdf
2025-12-14,023,ARPT. EL CATEY,SAMANÁ,INDOMET,EMCI,31.0,21.0,0.0,https://indomet.gob.do/wp-content/uploads/2025/12/temperaturas-extremas-y-precipitaciones-2025x12x14-a.pdf
2025-12-14,024,ARPT. LA ISABELA,SANTO DOMINGO,INDOMET,EMCI,32.0,22.5,0.0,https://indomet.gob.do/wp-content/uploads/2025/12/temperaturas-extremas-y-precipitaciones-2025x12x14-a.pdf
2025-12-14,025,ARPT. MARÍA MONTEZ,BARAHONA,INDOMET,EMCI,32.0,22.2,0.0,https://indomet.gob.do/wp-content/uploads/2025/12/temperaturas-extremas-y-precipitaciones-2025x12x14-a.pdf
2025-12-14,026,ARROYO LORO,SAN JUAN,IDIAF,EMCI,29.7,14.2,0.0,https://indomet.gob.do/wp-content/uploads/2025/12/temperaturas-extremas-y-precipitaciones-2025x12x14-a.pdf
2025-12-14,027,BANI (EMA),PERAVIA,MINISTERIO DE AGRICULTURA,EMAP,29.9,20.4,0.0,https://indomet.gob.do/wp-content/uploads/2025/12/temperaturas-extremas-y-precipitaciones-2025x12x14-a.pdf
2025-12-14,028,BAYAGUANA,MONTE PLATA,INDOMET,EMCI,32.0,21.8,0.0,https://indomet.gob.do/wp-content/uploads/2025/12/temperaturas-extremas-y-precipitaciones-2025x12x14-a.pdf
2025-12-14,029,BOCA DE MAO (EMA),VALVERDE,MINISTERIO DE AGRICULTURA,EMAP,33.7,20.2,0.0,https://indomet.gob.do/wp-content/uploads/2025/12/temperaturas-extremas-y-precipitaciones-2025x12x14-a.pdf
2025-12-14,030,BONAO,MONSEÑOR NOUEL,MINISTERIO DE AGRICULTURA,EMCV,,,0.0,https://indomet.gob.do/wp-content/uploads/2025/12/temperaturas-extremas-y-precipitaciones-2025x12x14-a.pdf
2025-12-14,031,CABRAL,BARAHONA,MINISTERIO DE AGRICULTURA,EMCV,30.2,19.4,0.0,https://indomet.gob.do/wp-content/uploads/2025/12/temperaturas-extremas-y-precipitaciones-2025x12x14-a.pdf
2025-12-14,032,CABRERA,MARÍA TRINIDAD SÁNCHEZ,ESCUELA ARÍSTIDES FIALLO CABRAL,EMCI,32.0,24.0,0.0,https://indomet.gob.do/wp-content/uploads/2025/12/temperaturas-extremas-y-precipitaciones-2025x12x14-a.pdf
2025-12-14,033,CENTRO DE LOS HEROES (EMA),DISTRITO NACIONAL,MINISTERIO DE ENERGIA Y MINA,EMAP,30.9,24.2,0.0,https://indomet.gob.do/wp-content/uploads/2025/12/temperaturas-extremas-y-precipitaciones-2025x12x14-a.pdf
2025-12-14,034,CONSTANZA,LA VEGA,MINISTERIO DE AGRICULTURA,EMCI,25.5,10.2,0.0,https://indomet.gob.do/wp-content/uploads/2025/12/temperaturas-extremas-y-precipitaciones-2025x12x14-a.pdf
2025-12-14,035,CONSTANZA (EMA),LA VEGA,PROGRAMA MUNDIAL DE ALIMENTO,EMAP,24.4,11.7,0.0,https://indomet.gob.do/wp-content/uploads/2025/12/temperaturas-extremas-y-precipitaciones-2025x12x14-a.pdf
2025-12-14,036,COTUÍ,SÁNCHEZ RAMÍREZ,HOSP. INMACULADA CONCEPCIÓN,EMCV,,,0.0,https://indomet.gob.do/wp-content/uploads/2025/12/temperaturas-extremas-y-precipitaciones-2025x12x14-a.pdf
2025-12-14,037,DAJABÓN,DAJABÓN,INSTITUTO POLITÉCNICO LOYOLA,EMCI,34.0,19.3,0.0,https://indomet.gob.do/wp-content/uploads/2025/12/temperaturas-extremas-y-precipitaciones-2025x12x14-a.pdf
2025-12-14,038,ELÍAS PIÑA,ELÍAS PIÑA,MINISTERIO DE AGRICULTURA,EMCV,,,0.0,https://indomet.gob.do/wp-content/uploads/2025/12/temperaturas-extremas-y-precipitaciones-2025x12x14-a.pdf
2025-12-14,039,GASPAR HERNÁNDEZ,ESPAILLAT,PROPIEDAD DEL EMPLEADO,EMCI,,,0.0,https://indomet.gob.do/wp-content/uploads/2025/12/temperaturas-extremas-y-precipitaciones-2025x12x14-a.pdf
2025-12-14,040,GURABO,SANTIAGO,MINISTERIO DE AGRICULTURA,EMCV,,,0.0,https://indomet.gob.do/wp-content/uploads/2025/12/temperaturas-extremas-y-precipitaciones-2025x12x14-a.pdf
2025-12-14,041,HONDO VALLE,ELÍAS PIÑA,MINISTERIO DE AGRICULTURA,EMCI,27.0,10.8,0.0,https://indomet.gob.do/wp-content/uploads/2025/12/temperaturas-extremas-y-precipitaciones-2025x12x14-a.pdf
2025-12-14,042,JARABACOA,LA VEGA,INDRHI / MARENA,EMCI,30.0,17.0,0.0,https://indomet.gob.do/wp-content/uploads/2025/12/temperaturas-extremas-y-precipitaciones-2025x12x14-a.pdf
2025-12-14,043,JIMANÍ,INDEPENDENCIA,MINISTERIO DE AGRICULTURA,EMCI,32.5,23.0,0.0,https://indomet.gob.do/wp-content/uploads/2025/12/temperaturas-extremas-y-precipitaciones-2025x12x14-a.pdf
2025-12-14,044,JUMA BEJUCAL,MONSEÑOR NOUEL,IDIAF,EMCV,30.0,17.6,0.0,https://indomet.gob.do/wp-content/uploads/2025/12/temperaturas-extremas-y-precipitaciones-2025x12x14-a.pdf
2025-12-14,045,LA VEGA,LA VEGA,IATESA,EMCI,32.0,19.0,0.0,https://indomet.gob.do/wp-content/uploads/2025/12/temperaturas-extremas-y-precipitaciones-2025x12x14-a.pdf
2025-12-14,046,LAS CANAS (EMA),MONTE CRISTI,PROGRAMA MUNDIAL DE ALIMENTO,EMAP,30.3,20.9,0.0,https://indomet.gob.do/wp-content/uploads/2025/12/temperaturas-extremas-y-precipitaciones-2025x12x14-a.pdf
2025-12-14,047,LAS MATAS DE SANTA CRUZ (EMA,MONTE CRISTI,PROGRAMA MUNDIAL DE ALIMENTO,EMAP,,,0.0,https://indomet.gob.do/wp-content/uploads/2025/12/temperaturas-extremas-y-precipitaciones-2025x12x14-a.pdf
2025-12-14,048,LOS JENGIBRES,NAGUA,INDRHI,EMCI,,,0.0,https://indomet.gob.do/wp-content/uploads/2025/12/temperaturas-extremas-y-precipitaciones-2025x12x14-a.pdf
2025-12-14,049,LOS LLANOS,SAN PEDRO DE MACORÍS,MINISTERIO DE AGRICULTURA,EMCI,31.0,21.3,0.0,https://indomet.gob.do/wp-content/uploads/2025/12/temperaturas-extremas-y-precipitaciones-2025x12x14-a.pdf
2025-12-14,050,LOS TRES CHARCOS (EMA),PEDERNALES,PROPIEDAD DEL VOLUNTARIO,EMAP,,,0.0,https://indomet.gob.do/wp-content/uploads/2025/12/temperaturas-extremas-y-precipitaciones-2025x12x14-a.pdf
2025-12-14,051,MAO,VALVERDE,INDRHI / MINISTERIO DE AGRICULTURA,EMCV,,,0.0,https://indomet.gob.do/wp-content/uploads/2025/12/temperaturas-extremas-y-precipitaciones-2025x12x14-a.pdf
2025-12-14,052,MICHES (EMA),EL SEIBO,PRIVADA,EMAP,31.5,21.0,0.0,https://indomet.gob.do/wp-content/uploads/2025/12/temperaturas-extremas-y-precipitaciones-2025x12x14-a.pdf
2025-12-14,053,MONCIÓN (EMA),SANTIAGO RODRÍGUEZ,PROGRAMA MUNDIAL DE ALIMENTO,EMAP,29.6,19.6,0.0,https://indomet.gob.do/wp-content/uploads/2025/12/temperaturas-extremas-y-precipitaciones-2025x12x14-a.pdf
2025-12-14,054,MONTE CRISTI,MONTE CRISTI,INDOMET,EMCI,33.5,22.8,0.0,https://indomet.gob.do/wp-content/uploads/2025/12/temperaturas-extremas-y-precipitaciones-2025x12x14-a.pdf
2025-12-14,055,NAVARRETE,SANTIAGO,MINISTERIO DE AGRICULTURA,EMCV,,,0.0,https://indomet.gob.do/wp-content/uploads/2025/12/temperaturas-extremas-y-precipitaciones-2025x12x14-a.pdf
2025-12-14,056,OLIVARES,PEDERNALES,INDRHI,EMCI,,,0.0,https://indomet.gob.do/wp-content/uploads/2025/12/temperaturas-extremas-y-precipitaciones-2025x12x14-a.pdf
2025-12-14,057,PADRE LAS CASAS,AZUA,HOSP. NTRA. SRA. DEL CARMEN,EMCI,30.0,14.8,0.0,https://indomet.gob.do/wp-content/uploads/2025/12/temperaturas-extremas-y-precipitaciones-2025x12x14-a.pdf
2025-12-14,058,PALO ÍNDIO,PUERTO PLATA,MINISTERIO DE AGRICULTURA,EMCI,,,0.0,https://indomet.gob.do/wp-content/uploads/2025/12/temperaturas-extremas-y-precipitaciones-2025x12x14-a.pdf
2025-12-14,059,PASO AL MEDIO,SAN PEDRO DE MACORÍS,INDRHI,EMCI,,,0.0,https://indomet.gob.do/wp-content/uploads/2025/12/temperaturas-extremas-y-precipitaciones-2025x12x14-a.pdf
2025-12-14,060,PEDERNALES,PEDERNALES,INDRHI,EMCI,,,0.0,https://indomet.gob.do/wp-content/uploads/2025/12/temperaturas-extremas-y-precipitaciones-2025x12x14-a.pdf
2025-12-14,061,PERALTA,AZUA,HOSP. MPAL. DE PERALTA,EMCI,28.4,15.0,0.0,https://indomet.gob.do/wp-content/uploads/2025/12/temperaturas-extremas-y-precipitaciones-2025x12x14-a.pdf
2025-12-14,062,PRESA DE TAVERAS (EMA),LA VEGA,PROGRAMA MUNDIAL DE ALIMENTO,EMAP,29.3,19.3,0.0,https://indomet.gob.do/wp-content/uploads/2025/12/temperaturas-extremas-y-precipitaciones-2025x12x14-a.pdf
2025-12-14,063,RANCHO ARRIBA,SAN JOSÉ DE OCOA,CENTRO TECNOLÓGICO COMUNITARIO,EMCI,26.3,11.9,0.0,https://indomet.gob.do/wp-content/uploads/2025/12/temperaturas-extremas-y-precipitaciones-2025x12x14-a.pdf
2025-12-14,064,RESTAURACIÓN,DAJABÓN,MINISTERIO DE AGRICULTURA,EMCI,28.2,13.3,0.0,https://indomet.gob.do/wp-content/uploads/2025/12/temperaturas-extremas-y-precipitaciones-2025x12x14-a.pdf
2025-12-14,065,RÍO SAN JUAN,MARÍA TRINIDAD SÁNCHEZ,HOSP. MPAL. DR. DESIDERIO ACOSTA,EMCV,31.3,21.2,0.0,https://indomet.gob.do/wp-content/uploads/2025/12/temperaturas-extremas-y-precipitaciones-2025x12x14-a.pdf
2025-12-14,066,SABANA DE LA MAR,HATO MAYOR,INDOMET,EMCI,31.0,20.0,0.0,https://indomet.gob.do/wp-content/uploads/2025/12/temperaturas-extremas-y-precipitaciones-2025x12x14-a.pdf
2025-12-14,067,SABANETA (EMA),SANTIAGO RODRÍGUEZ,PROGRAMA MUNDIAL DE ALIMENTO,EMAP,34.9,20.8,0.0,https://indomet.gob.do/wp-content/uploads/2025/12/temperaturas-extremas-y-precipitaciones-2025x12x14-a.pdf
2025-12-14,068,SALCEDO,HERMANAS MIRABAL,PROPIEDAD DEL EMPLEADO,EMCI,,,0.0,https://indomet.gob.do/wp-content/uploads/2025/12/temperaturas-extremas-y-precipitaciones-2025x12x14-a.pdf
2025-12-14,069,SAMANÁ,SAMANÁ,COMANDANCIA DE PUERTO DE SAMANÁ,EMCI,32.4,17.9,0.0,https://indomet.gob.do/wp-content/uploads/2025/12/temperaturas-extremas-y-precipitaciones-2025x12x14-a.pdf
2025-12-14,070,SAN JOSÉ DE OCOA,SAN JOSÉ DE OCOA,HOSP. SAN JOSÉ DE OCOA,EMCI,30.2,15.8,0.0,https://indomet.gob.do/wp-content/uploads/2025/12/temperaturas-extremas-y-precipitaciones-2025x12x14-a.pdf
2025-12-14,071,SÁNCHEZ,SAMANÁ,MINISTERIO DE AGRICULTURA,EMCI,30.4,22.2,0.0,https://indomet.gob.do/wp-content/uploads/2025/12/temperaturas-extremas-y-precipitaciones-2025x12x14-a.pdf
2025-12-14,072,SANTIAGO,SANTIAGO,HUACALITO,EMCI,,,0.0,https://indomet.gob.do/wp-content/uploads/2025/12/temperaturas-extremas-y-precipitaciones-2025x12x14-a.pdf
2025-12-14,073,SAJOMA (EMA),SANTIAGO,PLAN SIERRA,EMAI,,,0.0,https://indomet.gob.do/wp-content/uploads/2025/12/temperaturas-extremas-y-precipitaciones-2025x12x14-a.pdf
2025-12-14,074,JARDÍN BOTÁNICO SANTIAGO (EMSANTIAGO,,JARDIN BOTANICO SANTIAGO,EMAI,,,0.0,https://indomet.gob.do/wp-content/uploads/2025/12/temperaturas-extremas-y-precipitaciones-2025x12x14-a.pdf
2025-12-14,075,BUCARA (EMA),SANTIAGO,MINISTERIO DE AGRICULTURA,EMAI,,,0.0,https://indomet.gob.do/wp-content/uploads/2025/12/temperaturas-extremas-y-precipitaciones-2025x12x14-a.pdf
2025-12-14,076,VILLA GONZALE (EMA),SANTIAGO,IGLESIA,EMAI,,,0.0,https://indomet.gob.do/wp-content/uploads/2025/12/temperaturas-extremas-y-precipitaciones-2025x12x14-a.pdf
2025-12-14,077,VILLA VASQUEZ (EMA),MONTE CRISTI,JUNTA DE REGANTES,EMAI,,,0.0,https://indomet.gob.do/wp-content/uploads/2025/12/temperaturas-extremas-y-precipitaciones-2025x12x14-a.pdf
2025-12-14,078,SANTIAGO RODRÍGUEZ,SANTIAGO RODRÍGUEZ,INDOMET,EMCI,34.8,21.0,0.0,https://indomet.gob.do/wp-content/uploads/2025/12/temperaturas-extremas-y-precipitaciones-2025x12x14-a.pdf
2025-12-14,079,TÁBARA ABAJO,AZUA,INDRHI,EMCI,32.0,22.0,0.0,https://indomet.gob.do/wp-content/uploads/2025/12/temperaturas-extremas-y-precipitaciones-2025x12x14-a.pdf
2025-12-14,080,TAMBORIL,SANTIAGO,MINISTERIO DE AGRICULTURA,EMCV,,,0.0,https://indomet.gob.do/wp-content/uploads/2025/12/temperaturas-extremas-y-precipitaciones-2025x12x14-a.pdf
2025-12-14,081,TAVERA,SANTIAGO,INDRHI,EMCI,,,0.0,https://indomet.gob.do/wp-content/uploads/2025/12/temperaturas-extremas-y-precipitaciones-2025x12x14-a.pdf
2025-12-14,082,VILLA ALTAGRACIA,SAN CRISTÓBAL,ESCUELA JAVIER ANGULO GURIDI,EMCI,,,0.0,https://indomet.gob.do/wp-content/uploads/2025/12/temperaturas-extremas-y-precipitaciones-2025x12x14-a.pdf
2025-12-14,083,VILLA GONZALES,SANTIAGO,MINISTERIO DE AGRICULTURA,EMCI,,,0.0,https://indomet.gob.do/wp-content/uploads/2025/12/temperaturas-extremas-y-precipitaciones-2025x12x14-a.pdf
2025-12-14,084,VILLA ISABELA,PUERTO PLATA,MINISTERIO DE AGRICULTURA,EMCV,,,0.0,https://indomet.gob.do/wp-content/uploads/2025/12/temperaturas-extremas-y-precipitaciones-2025x12x14-a.pdf
2025-12-14,085,VILLA RIVA,DUARTE,HOSP. MPAL. ALICIA DE LEGENDRE,EMCI,31.6,19.0,0.0,https://indomet.gob.do/wp-content/uploads/2025/12/temperaturas-extremas-y-precipitaciones-2025x12x14-a.pdf
2025-12-15,001,SABANA GRANDE DE BOYÁ,MONTE PLATA,MINISTERIO DE AGRICULTURA,EMCV,,,17.3,https://indomet.gob.do/wp-content/uploads/2025/12/temperaturas-extremas-y-precipitaciones-2025x12x15-a.pdf
2025-12-15,002,MAO,VALVERDE,INDRHI / MINISTERIO DE AGRICULTURA,EMCV,,,15.4,https://indomet.gob.do/wp-content/uploads/2025/12/temperaturas-extremas-y-precipitaciones-2025x12x15-a.pdf
2025-12-15,003,RESTAURACIÓN,DAJABÓN,MINISTERIO DE AGRICULTURA,EMCI,28.4,13.7,11.2,https://indomet.gob.do/wp-content/uploads/2025/12/temperaturas-extremas-y-precipitaciones-2025x12x15-a.pdf
2025-12-15,004,MICHES (EMA),EL SEIBO,PRIVADA,EMAP,31.8,20.3,8.2,https://indomet.gob.do/wp-content/uploads/2025/12/temperaturas-extremas-y-precipitaciones-2025x12x15-a.pdf
2025-12-15,005,VALLE NUEVO (EMA),LA VEGA,MARENA,EMAI,,,8.2,https://indomet.gob.do/wp-content/uploads/2025/12/temperaturas-extremas-y-precipitaciones-2025x12x15-a.pdf
2025-12-15,006,VILLA GONZALE (EMA),SANTIAGO,IGLESIA,EMAI,,,7.8,https://indomet.gob.do/wp-content/uploads/2025/12/temperaturas-extremas-y-precipitaciones-2025x12x15-a.pdf
2025-12-15,007,SANTIAGO RODRÍGUEZ,SANTIAGO RODRÍGUEZ,INDOMET,EMCI,35.3,22.2,7.5,https://indomet.gob.do/wp-content/uploads/2025/12/temperaturas-extremas-y-precipitaciones-2025x12x15-a.pdf
2025-12-15,008,ARPT. MARÍA MONTEZ,BARAHONA,INDOMET,EMCI,32.4,19.6,6.4,https://indomet.gob.do/wp-content/uploads/2025/12/temperaturas-extremas-y-precipitaciones-2025x12x15-a.pdf
2025-12-15,009,PRESA DE TAVERAS (EMA),LA VEGA,PROGRAMA MUNDIAL DE ALIMENTO,EMAP,32.0,19.1,4.6,https://indomet.gob.do/wp-content/uploads/2025/12/temperaturas-extremas-y-precipitaciones-2025x12x15-a.pdf
2025-12-15,010,MONTE CRISTI,MONTE CRISTI,INDOMET,EMCI,33.5,23.0,4.5,https://indomet.gob.do/wp-content/uploads/2025/12/temperaturas-extremas-y-precipitaciones-2025x12x15-a.pdf
2025-12-15,011,SAN CRISTÓBAL,SAN CRISTÓBAL,INSTITUTO POLITÉCNICO LOYOLA,EMCI,32.2,20.0,2.8,https://indomet.gob.do/wp-content/uploads/2025/12/temperaturas-extremas-y-precipitaciones-2025x12x15-a.pdf
2025-12-15,012,HATO MAYOR,HATO MAYOR,MINISTERIO DE AGRICULTURA,EMCV,,,2.5,https://indomet.gob.do/wp-content/uploads/2025/12/temperaturas-extremas-y-precipitaciones-2025x12x15-a.pdf
2025-12-15,013,SAJOMA (EMA),SANTIAGO,PLAN SIERRA,EMAI,32.2,20.4,2.4,https://indomet.gob.do/wp-content/uploads/2025/12/temperaturas-extremas-y-precipitaciones-2025x12x15-a.pdf
2025-12-15,014,EL FACTOR (EMA),MARÍA TRINIDAD SÁNCHEZ,INTEC,EMAP,32.5,21.1,1.5,https://indomet.gob.do/wp-content/uploads/2025/12/temperaturas-extremas-y-precipitaciones-2025x12x15-a.pdf
2025-12-15,015,CONSTANZA (EMA),LA VEGA,PROGRAMA MUNDIAL DE ALIMENTO,EMAP,25.3,11.4,1.2,https://indomet.gob.do/wp-content/uploads/2025/12/temperaturas-extremas-y-precipitaciones-2025x12x15-a.pdf
2025-12-15,016,JARDÍN BOTÁNICO SANTIAGO (EMSANTIAGO,,JARDIN BOTANICO SANTIAGO,EMAI,33.1,23.1,1.2,https://indomet.gob.do/wp-content/uploads/2025/12/temperaturas-extremas-y-precipitaciones-2025x12x15-a.pdf
2025-12-15,017,BUCARA (EMA),SANTIAGO,MINISTERIO DE AGRICULTURA,EMAI,,,0.6,https://indomet.gob.do/wp-content/uploads/2025/12/temperaturas-extremas-y-precipitaciones-2025x12x15-a.pdf
2025-12-15,018,ENRIQUILLO,BARAHONA,MINISTERIO DE AGRICULTURA,EMCV,32.5,21.5,0.4,https://indomet.gob.do/wp-content/uploads/2025/12/temperaturas-extremas-y-precipitaciones-2025x12x15-a.pdf
2025-12-15,019,OVIEDO,PEDERNALES,CLÍNICA RURAL OVIEDO,EMCI,32.0,19.0,0.4,https://indomet.gob.do/wp-content/uploads/2025/12/temperaturas-extremas-y-precipitaciones-2025x12x15-a.pdf
2025-12-15,020,ALTAMIRA,PUERTO PLATA,HOSP. MPAL. DE ALTAMIRA,EMCI,31.0,19.7,0.3,https://indomet.gob.do/wp-content/uploads/2025/12/temperaturas-extremas-y-precipitaciones-2025x12x15-a.pdf
2025-12-15,021,JARDÍN BOTÁNICO NACIONAL,DISTRITO NACIONAL,JARDÍN BOTÁNICO NACIONAL,EMCV,29.9,20.7,0.1,https://indomet.gob.do/wp-content/uploads/2025/12/temperaturas-extremas-y-precipitaciones-2025x12x15-a.pdf
2025-12-15,022,LA VICTORIA,SANTO DOMINGO,CUERPO DE BOMBEROS,EMCI,33.4,20.8,0.1,https://indomet.gob.do/wp-content/uploads/2025/12/temperaturas-extremas-y-precipitaciones-2025x12x15-a.pdf
2025-12-15,023,ANAMUYA (EMA),LA ALTAGRACIA,MINISTERIO DE AGRICULTURA,EMAP,31.7,20.3,0.0,https://indomet.gob.do/wp-content/uploads/2025/12/temperaturas-extremas-y-precipitaciones-2025x12x15-a.pdf
2025-12-15,024,ARPT. ARROYO BARRIL,SAMANÁ,INDOMET,EMCI,32.2,21.3,0.0,https://indomet.gob.do/wp-content/uploads/2025/12/temperaturas-extremas-y-precipitaciones-2025x12x15-a.pdf
2025-12-15,025,ARPT. DE LA ROMANA,LA ROMANA,INDOMET,EMCI,31.5,20.2,0.0,https://indomet.gob.do/wp-content/uploads/2025/12/temperaturas-extremas-y-precipitaciones-2025x12x15-a.pdf
2025-12-15,026,ARPT. DE LAS AMÉRICAS,SANTO DOMINGO,INDOMET,EMCI,30.7,21.7,0.0,https://indomet.gob.do/wp-content/uploads/2025/12/temperaturas-extremas-y-precipitaciones-2025x12x15-a.pdf
2025-12-15,027,ARPT. DE PUNTA CANA,LA ALTAGRACIA,INDOMET,EMCI,30.4,21.0,0.0,https://indomet.gob.do/wp-content/uploads/2025/12/temperaturas-extremas-y-precipitaciones-2025x12x15-a.pdf
2025-12-15,028,ARPT. DEL CIBAO,SANTIAGO,INDOMET,EMCI,33.4,17.6,0.0,https://indomet.gob.do/wp-content/uploads/2025/12/temperaturas-extremas-y-precipitaciones-2025x12x15-a.pdf
2025-12-15,029,ARPT. EL CATEY,SAMANÁ,INDOMET,EMCI,31.0,19.6,0.0,https://indomet.gob.do/wp-content/uploads/2025/12/temperaturas-extremas-y-precipitaciones-2025x12x15-a.pdf
2025-12-15,030,ARPT. GREGORIO LUPERÓN,PUERTO PLATA,INDOMET,EMCI,30.4,20.0,0.0,https://indomet.gob.do/wp-content/uploads/2025/12/temperaturas-extremas-y-precipitaciones-2025x12x15-a.pdf
2025-12-15,031,ARPT. LA ISABELA,SANTO DOMINGO,INDOMET,EMCI,32.0,20.6,0.0,https://indomet.gob.do/wp-content/uploads/2025/12/temperaturas-extremas-y-precipitaciones-2025x12x15-a.pdf
2025-12-15,032,ARROYO LORO,SAN JUAN,IDIAF,EMCI,31.0,17.8,0.0,https://indomet.gob.do/wp-content/uploads/2025/12/temperaturas-extremas-y-precipitaciones-2025x12x15-a.pdf
2025-12-15,033,BANI (EMA),PERAVIA,MINISTERIO DE AGRICULTURA,EMAP,30.6,22.6,0.0,https://indomet.gob.do/wp-content/uploads/2025/12/temperaturas-extremas-y-precipitaciones-2025x12x15-a.pdf
2025-12-15,034,BASE AÉREA DE SAN ISIDRO,SANTO DOMINGO,FUERZA AÉREA DOMINICANA,EMCV,31.0,21.0,0.0,https://indomet.gob.do/wp-content/uploads/2025/12/temperaturas-extremas-y-precipitaciones-2025x12x15-a.pdf
2025-12-15,035,BAYAGUANA,MONTE PLATA,INDOMET,EMCI,32.8,20.5,0.0,https://indomet.gob.do/wp-content/uploads/2025/12/temperaturas-extremas-y-precipitaciones-2025x12x15-a.pdf
2025-12-15,036,BOCA DE MAO (EMA),VALVERDE,MINISTERIO DE AGRICULTURA,EMAP,33.7,20.6,0.0,https://indomet.gob.do/wp-content/uploads/2025/12/temperaturas-extremas-y-precipitaciones-2025x12x15-a.pdf
2025-12-15,037,BOHECHÍO,SAN JUAN,MINISTERIO DE AGRICULTURA,EMCV,,,0.0,https://indomet.gob.do/wp-content/uploads/2025/12/temperaturas-extremas-y-precipitaciones-2025x12x15-a.pdf
2025-12-15,038,BONAO,MONSEÑOR NOUEL,MINISTERIO DE AGRICULTURA,EMCV,,,0.0,https://indomet.gob.do/wp-content/uploads/2025/12/temperaturas-extremas-y-precipitaciones-2025x12x15-a.pdf
2025-12-15,039,CABRAL,BARAHONA,MINISTERIO DE AGRICULTURA,EMCV,31.5,20.6,0.0,https://indomet.gob.do/wp-content/uploads/2025/12/temperaturas-extremas-y-precipitaciones-2025x12x15-a.pdf
2025-12-15,040,CABRERA,MARÍA TRINIDAD SÁNCHEZ,ESCUELA ARÍSTIDES FIALLO CABRAL,EMCI,32.0,23.0,0.0,https://indomet.gob.do/wp-content/uploads/2025/12/temperaturas-extremas-y-precipitaciones-2025x12x15-a.pdf
2025-12-15,041,CENTRO DE LOS HEROES (EMA),DISTRITO NACIONAL,MINISTERIO DE ENERGIA Y MINA,EMAP,30.6,24.4,0.0,https://indomet.gob.do/wp-content/uploads/2025/12/temperaturas-extremas-y-precipitaciones-2025x12x15-a.pdf
2025-12-15,042,CONSTANZA,LA VEGA,MINISTERIO DE AGRICULTURA,EMCI,26.5,20.2,0.0,https://indomet.gob.do/wp-content/uploads/2025/12/temperaturas-extremas-y-precipitaciones-2025x12x15-a.pdf
2025-12-15,043,DAJABÓN,DAJABÓN,INSTITUTO POLITÉCNICO LOYOLA,EMCI,34.5,19.6,0.0,https://indomet.gob.do/wp-content/uploads/2025/12/temperaturas-extremas-y-precipitaciones-2025x12x15-a.pdf
2025-12-15,044,ELÍAS PIÑA,ELÍAS PIÑA,MINISTERIO DE AGRICULTURA,EMCV,,,0.0,https://indomet.gob.do/wp-content/uploads/2025/12/temperaturas-extremas-y-precipitaciones-2025x12x15-a.pdf
2025-12-15,045,ESCONDIDO,PERAVIA,MINISTERIO DE AGRICULTURA,EMCV,31.0,20.0,0.0,https://indomet.gob.do/wp-content/uploads/2025/12/temperaturas-extremas-y-precipitaciones-2025x12x15-a.pdf
2025-12-15,046,GASPAR HERNÁNDEZ,ESPAILLAT,PROPIEDAD DEL EMPLEADO,EMCI,,,0.0,https://indomet.gob.do/wp-content/uploads/2025/12/temperaturas-extremas-y-precipitaciones-2025x12x15-a.pdf
2025-12-15,047,GURABO,SANTIAGO,MINISTERIO DE AGRICULTURA,EMCV,,,0.0,https://indomet.gob.do/wp-content/uploads/2025/12/temperaturas-extremas-y-precipitaciones-2025x12x15-a.pdf
2025-12-15,048,HONDO VALLE,ELÍAS PIÑA,MINISTERIO DE AGRICULTURA,EMCI,27.2,10.6,0.0,https://indomet.gob.do/wp-content/uploads/2025/12/temperaturas-extremas-y-precipitaciones-2025x12x15-a.pdf
2025-12-15,049,JARABACOA,LA VEGA,INDRHI / MARENA,EMCI,31.0,14.8,0.0,https://indomet.gob.do/wp-content/uploads/2025/12/temperaturas-extremas-y-precipitaciones-2025x12x15-a.pdf
2025-12-15,050,JIMA ABAJO,LA VEGA,INDOMET,EMCI,31.5,19.5,0.0,https://indomet.gob.do/wp-content/uploads/2025/12/temperaturas-extremas-y-precipitaciones-2025x12x15-a.pdf
2025-12-15,051,JIMANÍ,INDEPENDENCIA,MINISTERIO DE AGRICULTURA,EMCI,33.2,21.8,0.0,https://indomet.gob.do/wp-content/uploads/2025/12/temperaturas-extremas-y-precipitaciones-2025x12x15-a.pdf
2025-12-15,052,JUMA BEJUCAL,MONSEÑOR NOUEL,IDIAF,EMCV,30.8,18.4,0.0,https://indomet.gob.do/wp-content/uploads/2025/12/temperaturas-extremas-y-precipitaciones-2025x12x15-a.pdf
2025-12-15,053,LA VEGA,LA VEGA,IATESA,EMCI,33.2,20.5,0.0,https://indomet.gob.do/wp-content/uploads/2025/12/temperaturas-extremas-y-precipitaciones-2025x12x15-a.pdf
2025-12-15,054,LAS CANAS (EMA),MONTE CRISTI,PROGRAMA MUNDIAL DE ALIMENTO,EMAP,30.2,21.9,0.0,https://indomet.gob.do/wp-content/uploads/2025/12/temperaturas-extremas-y-precipitaciones-2025x12x15-a.pdf
2025-12-15,055,LAS MATAS DE SANTA CRUZ (EMA,MONTE CRISTI,PROGRAMA MUNDIAL DE ALIMENTO,EMAP,,,0.0,https://indomet.gob.do/wp-content/uploads/2025/12/temperaturas-extremas-y-precipitaciones-2025x12x15-a.pdf
2025-12-15,056,LOS JENGIBRES,NAGUA,INDRHI,EMCI,,,0.0,https://indomet.gob.do/wp-content/uploads/2025/12/temperaturas-extremas-y-precipitaciones-2025x12x15-a.pdf
2025-12-15,057,LOS LLANOS,SAN PEDRO DE MACORÍS,MINISTERIO DE AGRICULTURA,EMCI,31.2,20.2,0.0,https://indomet.gob.do/wp-content/uploads/2025/12/temperaturas-extremas-y-precipitaciones-2025x12x15-a.pdf
2025-12-15,058,MONCIÓN (EMA),SANTIAGO RODRÍGUEZ,PROGRAMA MUNDIAL DE ALIMENTO,EMAP,30.3,19.1,0.0,https://indomet.gob.do/wp-content/uploads/2025/12/temperaturas-extremas-y-precipitaciones-2025x12x15-a.pdf
2025-12-15,059,NAVARRETE,SANTIAGO,MINISTERIO DE AGRICULTURA,EMCV,,,0.0,https://indomet.gob.do/wp-content/uploads/2025/12/temperaturas-extremas-y-precipitaciones-2025x12x15-a.pdf
2025-12-15,060,OLIVARES,PEDERNALES,INDRHI,EMCI,,,0.0,https://indomet.gob.do/wp-content/uploads/2025/12/temperaturas-extremas-y-precipitaciones-2025x12x15-a.pdf
2025-12-15,061,PADRE LAS CASAS,AZUA,HOSP. NTRA. SRA. DEL CARMEN,EMCI,31.0,15.0,0.0,https://indomet.gob.do/wp-content/uploads/2025/12/temperaturas-extremas-y-precipitaciones-2025x12x15-a.pdf
2025-12-15,062,PALO ÍNDIO,PUERTO PLATA,MINISTERIO DE AGRICULTURA,EMCI,,,0.0,https://indomet.gob.do/wp-content/uploads/2025/12/temperaturas-extremas-y-precipitaciones-2025x12x15-a.pdf
2025-12-15,063,PASO AL MEDIO,SAN PEDRO DE MACORÍS,INDRHI,EMCI,,,0.0,https://indomet.gob.do/wp-content/uploads/2025/12/temperaturas-extremas-y-precipitaciones-2025x12x15-a.pdf
2025-12-15,064,PEDERNALES,PEDERNALES,INDRHI,EMCI,,,0.0,https://indomet.gob.do/wp-content/uploads/2025/12/temperaturas-extremas-y-precipitaciones-2025x12x15-a.pdf
2025-12-15,065,PERALTA,AZUA,HOSP. MPAL. DE PERALTA,EMCI,31.5,14.7,0.0,https://indomet.gob.do/wp-content/uploads/2025/12/temperaturas-extremas-y-precipitaciones-2025x12x15-a.pdf
2025-12-15,066,PESCADERIA (EMA),BARAHONA,MINISTERIO DE AGRICULTURA,EMAP,,,0.0,https://indomet.gob.do/wp-content/uploads/2025/12/temperaturas-extremas-y-precipitaciones-2025x12x15-a.pdf
2025-12-15,067,POLO,BARAHONA,INDOCAFE,EMCI,27.4,13.0,0.0,https://indomet.gob.do/wp-content/uploads/2025/12/temperaturas-extremas-y-precipitaciones-2025x12x15-a.pdf
2025-12-15,068,PONTÓN ABAJO (EMA),LA VEGA,MINISTERIO DE AGRICULTURA,EMAP,33.2,21.2,0.0,https://indomet.gob.do/wp-content/uploads/2025/12/temperaturas-extremas-y-precipitaciones-2025x12x15-a.pdf
2025-12-15,069,RANCHO ARRIBA,SAN JOSÉ DE OCOA,CENTRO TECNOLÓGICO COMUNITARIO,EMCI,28.2,13.0,0.0,https://indomet.gob.do/wp-content/uploads/2025/12/temperaturas-extremas-y-precipitaciones-2025x12x15-a.pdf
2025-12-15,070,RÍO SAN JUAN,MARÍA TRINIDAD SÁNCHEZ,HOSP. MPAL. DR. DESIDERIO ACOSTA,EMCV,32.2,23.4,0.0,https://indomet.gob.do/wp-content/uploads/2025/12/temperaturas-extremas-y-precipitaciones-2025x12x15-a.pdf
2025-12-15,071,SABANA DE LA MAR,HATO MAYOR,INDOMET,EMCI,31.5,20.0,0.0,https://indomet.gob.do/wp-content/uploads/2025/12/temperaturas-extremas-y-precipitaciones-2025x12x15-a.pdf
2025-12-15,072,SABANETA (EMA),SANTIAGO RODRÍGUEZ,PROGRAMA MUNDIAL DE ALIMENTO,EMAP,35.1,21.9,0.0,https://indomet.gob.do/wp-content/uploads/2025/12/temperaturas-extremas-y-precipitaciones-2025x12x15-a.pdf
2025-12-15,073,SALCEDO,HERMANAS MIRABAL,PROPIEDAD DEL EMPLEADO,EMCI,,,0.0,https://indomet.gob.do/wp-content/uploads/2025/12/temperaturas-extremas-y-precipitaciones-2025x12x15-a.pdf
2025-12-15,074,SAMANÁ,SAMANÁ,COMANDANCIA DE PUERTO DE SAMANÁ,EMCI,32.5,17.4,0.0,https://indomet.gob.do/wp-content/uploads/2025/12/temperaturas-extremas-y-precipitaciones-2025x12x15-a.pdf
2025-12-15,075,SAN FRANCISCO DE MACORÍS,DUARTE,San Francisco de Macorís (UASD),EMCI,31.5,19.0,0.0,https://indomet.gob.do/wp-content/uploads/2025/12/temperaturas-extremas-y-precipitaciones-2025x12x15-a.pdf
2025-12-15,076,SAN JOSÉ DE OCOA,SAN JOSÉ DE OCOA,HOSP. SAN JOSÉ DE OCOA,EMCI,30.1,16.2,0.0,https://indomet.gob.do/wp-content/uploads/2025/12/temperaturas-extremas-y-precipitaciones-2025x12x15-a.pdf
2025-12-15,077,SAN RAFAEL DEL YUMA,LA ALTAGRACIA,MINISTERIO DE AGRICULTURA,EMCI,30.8,20.4,0.0,https://indomet.gob.do/wp-content/uploads/2025/12/temperaturas-extremas-y-precipitaciones-2025x12x15-a.pdf
2025-12-15,078,SÁNCHEZ,SAMANÁ,MINISTERIO DE AGRICULTURA,EMCI,30.6,20.9,0.0,https://indomet.gob.do/wp-content/uploads/2025/12/temperaturas-extremas-y-precipitaciones-2025x12x15-a.pdf
2025-12-15,079,SANTO DOMINGO ESTE,SANTO DOMINGO,INDOMET,EMCI,31.5,23.8,0.0,https://indomet.gob.do/wp-content/uploads/2025/12/temperaturas-extremas-y-precipitaciones-2025x12x15-a.pdf
2025-12-15,080,TÁBARA ABAJO,AZUA,INDRHI,EMCI,33.0,21.0,0.0,https://indomet.gob.do/wp-content/uploads/2025/12/temperaturas-extremas-y-precipitaciones-2025x12x15-a.pdf
2025-12-15,081,TAMBORIL,SANTIAGO,MINISTERIO DE AGRICULTURA,EMCV,,,0.0,https://indomet.gob.do/wp-content/uploads/2025/12/temperaturas-extremas-y-precipitaciones-2025x12x15-a.pdf
2025-12-15,082,TAVERA,SANTIAGO,INDRHI,EMCI,,,0.0,https://indomet.gob.do/wp-content/uploads/2025/12/temperaturas-extremas-y-precipitaciones-2025x12x15-a.pdf
2025-12-15,083,VILLA ALTAGRACIA,SAN CRISTÓBAL,ESCUELA JAVIER ANGULO GURIDI,EMCI,,,0.0,https://indomet.gob.do/wp-content/uploads/2025/12/temperaturas-extremas-y-precipitaciones-2025x12x15-a.pdf
2025-12-15,084,VILLA GONZALES,SANTIAGO,MINISTERIO DE AGRICULTURA,EMCI,,,0.0,https://indomet.gob.do/wp-content/uploads/2025/12/temperaturas-extremas-y-precipitaciones-2025x12x15-a.pdf
2025-12-15,085,VILLA ISABELA,PUERTO PLATA,MINISTERIO DE AGRICULTURA,EMCV,,,0.0,https://indomet.gob.do/wp-content/uploads/2025/12/temperaturas-extremas-y-precipitaciones-2025x12x15-a.pdf
2025-12-15,086,VILLA RIVA,DUARTE,HOSP. MPAL. ALICIA DE LEGENDRE,EMCI,32.0,20.0,0.0,https://indomet.gob.do/wp-content/uploads/2025/12/temperaturas-extremas-y-precipitaciones-2025x12x15-a.pdf
2025-12-15,087,VILLA VASQUEZ (EMA),MONTE CRISTI,JUNTA DE REGANTES,EMAI,,,0.0,https://indomet.gob.do/wp-content/uploads/2025/12/temperaturas-extremas-y-precipitaciones-2025x12x15-a.pdf
2025-12-16,001,SAMANÁ,SAMANÁ,COMANDANCIA DE PUERTO DE SAMANÁ,EMCI,32.1,17.5,25.4,https://indomet.gob.do/wp-content/uploads/2025/12/temperaturas-extremas-y-precipitaciones-2025x12x16-a.pdf
2025-12-16,002,GASPAR HERNÁNDEZ,ESPAILLAT,PROPIEDAD DEL EMPLEADO,EMCI,,,5.5,https://indomet.gob.do/wp-content/uploads/2025/12/temperaturas-extremas-y-precipitaciones-2025x12x16-a.pdf
2025-12-16,003,ARPT. ARROYO BARRIL,SAMANÁ,INDOMET,EMCI,30.5,21.5,2.5,https://indomet.gob.do/wp-content/uploads/2025/12/temperaturas-extremas-y-precipitaciones-2025x12x16-a.pdf
2025-12-16,004,SÁNCHEZ,SAMANÁ,MINISTERIO DE AGRICULTURA,EMCI,30.7,21.2,0.8,https://indomet.gob.do/wp-content/uploads/2025/12/temperaturas-extremas-y-precipitaciones-2025x12x16-a.pdf
2025-12-16,005,EL FACTOR (EMA),MARÍA TRINIDAD SÁNCHEZ,INTEC,EMAP,31.1,21.3,0.5,https://indomet.gob.do/wp-content/uploads/2025/12/temperaturas-extremas-y-precipitaciones-2025x12x16-a.pdf
2025-12-16,006,ALTAMIRA,PUERTO PLATA,HOSP. MPAL. DE ALTAMIRA,EMCI,30.9,19.0,0.3,https://indomet.gob.do/wp-content/uploads/2025/12/temperaturas-extremas-y-precipitaciones-2025x12x16-a.pdf
2025-12-16,007,HATO MAYOR,HATO MAYOR,MINISTERIO DE AGRICULTURA,EMCV,,,0.3,https://indomet.gob.do/wp-content/uploads/2025/12/temperaturas-extremas-y-precipitaciones-2025x12x16-a.pdf
2025-12-16,008,SABANA GRANDE DE BOYÁ,MONTE PLATA,MINISTERIO DE AGRICULTURA,EMCV,,,0.3,https://indomet.gob.do/wp-content/uploads/2025/12/temperaturas-extremas-y-precipitaciones-2025x12x16-a.pdf
2025-12-16,009,ARPT. DE LA ROMANA,LA ROMANA,INDOMET,EMCI,30.7,18.5,0.2,https://indomet.gob.do/wp-content/uploads/2025/12/temperaturas-extremas-y-precipitaciones-2025x12x16-a.pdf
2025-12-16,010,ENRIQUILLO,BARAHONA,MINISTERIO DE AGRICULTURA,EMCV,32.5,22.3,0.1,https://indomet.gob.do/wp-content/uploads/2025/12/temperaturas-extremas-y-precipitaciones-2025x12x16-a.pdf
2025-12-16,011,ANAMUYA (EMA),LA ALTAGRACIA,MINISTERIO DE AGRICULTURA,EMAP,31.1,22.1,0.0,https://indomet.gob.do/wp-content/uploads/2025/12/temperaturas-extremas-y-precipitaciones-2025x12x16-a.pdf
2025-12-16,012,ARPT. DE LAS AMÉRICAS,SANTO DOMINGO,INDOMET,EMCI,30.0,20.7,0.0,https://indomet.gob.do/wp-content/uploads/2025/12/temperaturas-extremas-y-precipitaciones-2025x12x16-a.pdf
2025-12-16,013,ARPT. DE PUNTA CANA,LA ALTAGRACIA,INDOMET,EMCI,30.5,20.8,0.0,https://indomet.gob.do/wp-content/uploads/2025/12/temperaturas-extremas-y-precipitaciones-2025x12x16-a.pdf
2025-12-16,014,ARPT. DEL CIBAO,SANTIAGO,INDOMET,EMCI,33.0,22.4,0.0,https://indomet.gob.do/wp-content/uploads/2025/12/temperaturas-extremas-y-precipitaciones-2025x12x16-a.pdf
2025-12-16,015,ARPT. EL CATEY,SAMANÁ,INDOMET,EMCI,29.4,19.6,0.0,https://indomet.gob.do/wp-content/uploads/2025/12/temperaturas-extremas-y-precipitaciones-2025x12x16-a.pdf
2025-12-16,016,ARPT. GREGORIO LUPERÓN,PUERTO PLATA,INDOMET,EMCI,31.8,20.8,0.0,https://indomet.gob.do/wp-content/uploads/2025/12/temperaturas-extremas-y-precipitaciones-2025x12x16-a.pdf
2025-12-16,017,ARPT. LA ISABELA,SANTO DOMINGO,INDOMET,EMCI,31.6,20.0,0.0,https://indomet.gob.do/wp-content/uploads/2025/12/temperaturas-extremas-y-precipitaciones-2025x12x16-a.pdf
2025-12-16,018,ARPT. MARÍA MONTEZ,BARAHONA,INDOMET,EMCI,31.4,20.5,0.0,https://indomet.gob.do/wp-content/uploads/2025/12/temperaturas-extremas-y-precipitaciones-2025x12x16-a.pdf
2025-12-16,019,ARROYO LORO,SAN JUAN,IDIAF,EMCI,30.8,15.7,0.0,https://indomet.gob.do/wp-content/uploads/2025/12/temperaturas-extremas-y-precipitaciones-2025x12x16-a.pdf
2025-12-16,020,BANI (EMA),PERAVIA,MINISTERIO DE AGRICULTURA,EMAP,30.6,23.3,0.0,https://indomet.gob.do/wp-content/uploads/2025/12/temperaturas-extremas-y-precipitaciones-2025x12x16-a.pdf
2025-12-16,021,BASE AÉREA DE SAN ISIDRO,SANTO DOMINGO,FUERZA AÉREA DOMINICANA,EMCV,30.5,23.5,0.0,https://indomet.gob.do/wp-content/uploads/2025/12/temperaturas-extremas-y-precipitaciones-2025x12x16-a.pdf
2025-12-16,022,BAYAGUANA,MONTE PLATA,INDOMET,EMCI,32.6,19.0,0.0,https://indomet.gob.do/wp-content/uploads/2025/12/temperaturas-extremas-y-precipitaciones-2025x12x16-a.pdf
2025-12-16,023,BOCA DE MAO (EMA),VALVERDE,MINISTERIO DE AGRICULTURA,EMAP,32.8,20.5,0.0,https://indomet.gob.do/wp-content/uploads/2025/12/temperaturas-extremas-y-precipitaciones-2025x12x16-a.pdf
2025-12-16,024,BOHECHÍO,SAN JUAN,MINISTERIO DE AGRICULTURA,EMCV,,,0.0,https://indomet.gob.do/wp-content/uploads/2025/12/temperaturas-extremas-y-precipitaciones-2025x12x16-a.pdf
2025-12-16,025,BONAO,MONSEÑOR NOUEL,MINISTERIO DE AGRICULTURA,EMCV,,,0.0,https://indomet.gob.do/wp-content/uploads/2025/12/temperaturas-extremas-y-precipitaciones-2025x12x16-a.pdf
2025-12-16,026,CABRAL,BARAHONA,MINISTERIO DE AGRICULTURA,EMCV,31.4,19.7,0.0,https://indomet.gob.do/wp-content/uploads/2025/12/temperaturas-extremas-y-precipitaciones-2025x12x16-a.pdf
2025-12-16,027,CABRERA,MARÍA TRINIDAD SÁNCHEZ,ESCUELA ARÍSTIDES FIALLO CABRAL,EMCI,31.5,24.2,0.0,https://indomet.gob.do/wp-content/uploads/2025/12/temperaturas-extremas-y-precipitaciones-2025x12x16-a.pdf
2025-12-16,028,CENTRO DE LOS HEROES (EMA),DISTRITO NACIONAL,MINISTERIO DE ENERGIA Y MINA,EMAP,30.8,24.6,0.0,https://indomet.gob.do/wp-content/uploads/2025/12/temperaturas-extremas-y-precipitaciones-2025x12x16-a.pdf
2025-12-16,029,CONSTANZA,LA VEGA,MINISTERIO DE AGRICULTURA,EMCI,28.5,8.8,0.0,https://indomet.gob.do/wp-content/uploads/2025/12/temperaturas-extremas-y-precipitaciones-2025x12x16-a.pdf
2025-12-16,030,CONSTANZA (EMA),LA VEGA,PROGRAMA MUNDIAL DE ALIMENTO,EMAP,26.8,10.2,0.0,https://indomet.gob.do/wp-content/uploads/2025/12/temperaturas-extremas-y-precipitaciones-2025x12x16-a.pdf
2025-12-16,031,COTUÍ,SÁNCHEZ RAMÍREZ,HOSP. INMACULADA CONCEPCIÓN,EMCV,,,0.0,https://indomet.gob.do/wp-content/uploads/2025/12/temperaturas-extremas-y-precipitaciones-2025x12x16-a.pdf
2025-12-16,032,DAJABÓN,DAJABÓN,INSTITUTO POLITÉCNICO LOYOLA,EMCI,34.2,19.0,0.0,https://indomet.gob.do/wp-content/uploads/2025/12/temperaturas-extremas-y-precipitaciones-2025x12x16-a.pdf
2025-12-16,033,ELÍAS PIÑA,ELÍAS PIÑA,MINISTERIO DE AGRICULTURA,EMCV,,,0.0,https://indomet.gob.do/wp-content/uploads/2025/12/temperaturas-extremas-y-precipitaciones-2025x12x16-a.pdf
2025-12-16,034,GURABO,SANTIAGO,MINISTERIO DE AGRICULTURA,EMCV,,,0.0,https://indomet.gob.do/wp-content/uploads/2025/12/temperaturas-extremas-y-precipitaciones-2025x12x16-a.pdf
2025-12-16,035,HONDO VALLE,ELÍAS PIÑA,MINISTERIO DE AGRICULTURA,EMCI,26.9,10.1,0.0,https://indomet.gob.do/wp-content/uploads/2025/12/temperaturas-extremas-y-precipitaciones-2025x12x16-a.pdf
2025-12-16,036,JARABACOA,LA VEGA,INDRHI / MARENA,EMCI,30.0,14.2,0.0,https://indomet.gob.do/wp-content/uploads/2025/12/temperaturas-extremas-y-precipitaciones-2025x12x16-a.pdf
2025-12-16,037,JARDÍN BOTÁNICO NACIONAL,DISTRITO NACIONAL,JARDÍN BOTÁNICO NACIONAL,EMCV,31.4,19.7,0.0,https://indomet.gob.do/wp-content/uploads/2025/12/temperaturas-extremas-y-precipitaciones-2025x12x16-a.pdf
2025-12-16,038,JIMANÍ,INDEPENDENCIA,MINISTERIO DE AGRICULTURA,EMCI,33.0,23.2,0.0,https://indomet.gob.do/wp-content/uploads/2025/12/temperaturas-extremas-y-precipitaciones-2025x12x16-a.pdf
2025-12-16,039,JUMA BEJUCAL,MONSEÑOR NOUEL,IDIAF,EMCV,31.0,18.6,0.0,https://indomet.gob.do/wp-content/uploads/2025/12/temperaturas-extremas-y-precipitaciones-2025x12x16-a.pdf
2025-12-16,040,LA VEGA,LA VEGA,IATESA,EMCI,32.5,20.5,0.0,https://indomet.gob.do/wp-content/uploads/2025/12/temperaturas-extremas-y-precipitaciones-2025x12x16-a.pdf
2025-12-16,041,LA VICTORIA,SANTO DOMINGO,CUERPO DE BOMBEROS,EMCI,32.4,21.0,0.0,https://indomet.gob.do/wp-content/uploads/2025/12/temperaturas-extremas-y-precipitaciones-2025x12x16-a.pdf
2025-12-16,042,LAS CANAS (EMA),MONTE CRISTI,PROGRAMA MUNDIAL DE ALIMENTO,EMAP,29.3,22.7,0.0,https://indomet.gob.do/wp-content/uploads/2025/12/temperaturas-extremas-y-precipitaciones-2025x12x16-a.pdf
2025-12-16,043,LAS MATAS DE SANTA CRUZ (EMA,MONTE CRISTI,PROGRAMA MUNDIAL DE ALIMENTO,EMAP,,,0.0,https://indomet.gob.do/wp-content/uploads/2025/12/temperaturas-extremas-y-precipitaciones-2025x12x16-a.pdf
2025-12-16,044,LOS JENGIBRES,NAGUA,INDRHI,EMCI,,,0.0,https://indomet.gob.do/wp-content/uploads/2025/12/temperaturas-extremas-y-precipitaciones-2025x12x16-a.pdf
2025-12-16,045,LOS LLANOS,SAN PEDRO DE MACORÍS,MINISTERIO DE AGRICULTURA,EMCI,31.5,20.3,0.0,https://indomet.gob.do/wp-content/uploads/2025/12/temperaturas-extremas-y-precipitaciones-2025x12x16-a.pdf
2025-12-16,046,LOS TRES CHARCOS (EMA),PEDERNALES,PROPIEDAD DEL VOLUNTARIO,EMAP,,,0.0,https://indomet.gob.do/wp-content/uploads/2025/12/temperaturas-extremas-y-precipitaciones-2025x12x16-a.pdf
2025-12-16,047,MAO,VALVERDE,INDRHI / MINISTERIO DE AGRICULTURA,EMCV,,,0.0,https://indomet.gob.do/wp-content/uploads/2025/12/temperaturas-extremas-y-precipitaciones-2025x12x16-a.pdf
2025-12-16,048,MICHES (EMA),EL SEIBO,PRIVADA,EMAP,30.0,22.3,0.0,https://indomet.gob.do/wp-content/uploads/2025/12/temperaturas-extremas-y-precipitaciones-2025x12x16-a.pdf
2025-12-16,049,MONCIÓN (EMA),SANTIAGO RODRÍGUEZ,PROGRAMA MUNDIAL DE ALIMENTO,EMAP,30.8,17.7,0.0,https://indomet.gob.do/wp-content/uploads/2025/12/temperaturas-extremas-y-precipitaciones-2025x12x16-a.pdf
2025-12-16,050,MONTE CRISTI,MONTE CRISTI,INDOMET,EMCI,32.0,23.0,0.0,https://indomet.gob.do/wp-content/uploads/2025/12/temperaturas-extremas-y-precipitaciones-2025x12x16-a.pdf
2025-12-16,051,NAVARRETE,SANTIAGO,MINISTERIO DE AGRICULTURA,EMCV,,,0.0,https://indomet.gob.do/wp-content/uploads/2025/12/temperaturas-extremas-y-precipitaciones-2025x12x16-a.pdf
2025-12-16,052,OLIVARES,PEDERNALES,INDRHI,EMCI,,,0.0,https://indomet.gob.do/wp-content/uploads/2025/12/temperaturas-extremas-y-precipitaciones-2025x12x16-a.pdf
2025-12-16,053,OVIEDO,PEDERNALES,CLÍNICA RURAL OVIEDO,EMCI,32.0,19.0,0.0,https://indomet.gob.do/wp-content/uploads/2025/12/temperaturas-extremas-y-precipitaciones-2025x12x16-a.pdf
2025-12-16,054,PADRE LAS CASAS,AZUA,HOSP. NTRA. SRA. DEL CARMEN,EMCI,31.0,16.2,0.0,https://indomet.gob.do/wp-content/uploads/2025/12/temperaturas-extremas-y-precipitaciones-2025x12x16-a.pdf
2025-12-16,055,PALO ÍNDIO,PUERTO PLATA,MINISTERIO DE AGRICULTURA,EMCI,,,0.0,https://indomet.gob.do/wp-content/uploads/2025/12/temperaturas-extremas-y-precipitaciones-2025x12x16-a.pdf
2025-12-16,056,PASO AL MEDIO,SAN PEDRO DE MACORÍS,INDRHI,EMCI,,,0.0,https://indomet.gob.do/wp-content/uploads/2025/12/temperaturas-extremas-y-precipitaciones-2025x12x16-a.pdf
2025-12-16,057,PEDERNALES,PEDERNALES,INDRHI,EMCI,,,0.0,https://indomet.gob.do/wp-content/uploads/2025/12/temperaturas-extremas-y-precipitaciones-2025x12x16-a.pdf
2025-12-16,058,PERALTA,AZUA,HOSP. MPAL. DE PERALTA,EMCI,30.0,14.5,0.0,https://indomet.gob.do/wp-content/uploads/2025/12/temperaturas-extremas-y-precipitaciones-2025x12x16-a.pdf
2025-12-16,059,POLO,BARAHONA,INDOCAFE,EMCI,27.5,14.5,0.0,https://indomet.gob.do/wp-content/uploads/2025/12/temperaturas-extremas-y-precipitaciones-2025x12x16-a.pdf
2025-12-16,060,PONTÓN ABAJO (EMA),LA VEGA,MINISTERIO DE AGRICULTURA,EMAP,33.1,20.4,0.0,https://indomet.gob.do/wp-content/uploads/2025/12/temperaturas-extremas-y-precipitaciones-2025x12x16-a.pdf
2025-12-16,061,PRESA DE TAVERAS (EMA),LA VEGA,PROGRAMA MUNDIAL DE ALIMENTO,EMAP,29.3,19.4,0.0,https://indomet.gob.do/wp-content/uploads/2025/12/temperaturas-extremas-y-precipitaciones-2025x12x16-a.pdf
2025-12-16,062,RANCHO ARRIBA,SAN JOSÉ DE OCOA,CENTRO TECNOLÓGICO COMUNITARIO,EMCI,26.8,14.1,0.0,https://indomet.gob.do/wp-content/uploads/2025/12/temperaturas-extremas-y-precipitaciones-2025x12x16-a.pdf
2025-12-16,063,RESTAURACIÓN,DAJABÓN,MINISTERIO DE AGRICULTURA,EMCI,28.1,14.5,0.0,https://indomet.gob.do/wp-content/uploads/2025/12/temperaturas-extremas-y-precipitaciones-2025x12x16-a.pdf
2025-12-16,064,RÍO SAN JUAN,MARÍA TRINIDAD SÁNCHEZ,HOSP. MPAL. DR. DESIDERIO ACOSTA,EMCV,32.2,21.6,0.0,https://indomet.gob.do/wp-content/uploads/2025/12/temperaturas-extremas-y-precipitaciones-2025x12x16-a.pdf
2025-12-16,065,SABANA DE LA MAR,HATO MAYOR,INDOMET,EMCI,31.0,21.0,0.0,https://indomet.gob.do/wp-content/uploads/2025/12/temperaturas-extremas-y-precipitaciones-2025x12x16-a.pdf
2025-12-16,066,SABANETA (EMA),SANTIAGO RODRÍGUEZ,PROGRAMA MUNDIAL DE ALIMENTO,EMAP,35.0,19.8,0.0,https://indomet.gob.do/wp-content/uploads/2025/12/temperaturas-extremas-y-precipitaciones-2025x12x16-a.pdf
2025-12-16,067,SALCEDO,HERMANAS MIRABAL,PROPIEDAD DEL EMPLEADO,EMCI,,,0.0,https://indomet.gob.do/wp-content/uploads/2025/12/temperaturas-extremas-y-precipitaciones-2025x12x16-a.pdf
2025-12-16,068,SAN CRISTÓBAL,SAN CRISTÓBAL,INSTITUTO POLITÉCNICO LOYOLA,EMCI,32.0,20.0,0.0,https://indomet.gob.do/wp-content/uploads/2025/12/temperaturas-extremas-y-precipitaciones-2025x12x16-a.pdf
2025-12-16,069,SAN FRANCISCO DE MACORÍS,DUARTE,San Francisco de Macorís (UASD),EMCI,31.8,19.6,0.0,https://indomet.gob.do/wp-content/uploads/2025/12/temperaturas-extremas-y-precipitaciones-2025x12x16-a.pdf
2025-12-16,070,SAN JOSÉ DE OCOA,SAN JOSÉ DE OCOA,HOSP. SAN JOSÉ DE OCOA,EMCI,30.7,16.8,0.0,https://indomet.gob.do/wp-content/uploads/2025/12/temperaturas-extremas-y-precipitaciones-2025x12x16-a.pdf
2025-12-16,071,SAN RAFAEL DEL YUMA,LA ALTAGRACIA,MINISTERIO DE AGRICULTURA,EMCI,30.2,21.7,0.0,https://indomet.gob.do/wp-content/uploads/2025/12/temperaturas-extremas-y-precipitaciones-2025x12x16-a.pdf
2025-12-16,072,SANTIAGO,SANTIAGO,HUACALITO,EMCI,,,0.0,https://indomet.gob.do/wp-content/uploads/2025/12/temperaturas-extremas-y-precipitaciones-2025x12x16-a.pdf
2025-12-16,073,SAJOMA (EMA),SANTIAGO,PLAN SIERRA,EMAI,30.6,17.2,0.0,https://indomet.gob.do/wp-content/uploads/2025/12/temperaturas-extremas-y-precipitaciones-2025x12x16-a.pdf
2025-12-16,074,JARDÍN BOTÁNICO SANTIAGO (EMSANTIAGO,,JARDIN BOTANICO SANTIAGO,EMAI,,,0.0,https://indomet.gob.do/wp-content/uploads/2025/12/temperaturas-extremas-y-precipitaciones-2025x12x16-a.pdf
2025-12-16,075,BUCARA (EMA),SANTIAGO,MINISTERIO DE AGRICULTURA,EMAI,,,0.0,https://indomet.gob.do/wp-content/uploads/2025/12/temperaturas-extremas-y-precipitaciones-2025x12x16-a.pdf
2025-12-16,076,VILLA GONZALE (EMA),SANTIAGO,IGLESIA,EMAI,,,0.0,https://indomet.gob.do/wp-content/uploads/2025/12/temperaturas-extremas-y-precipitaciones-2025x12x16-a.pdf
2025-12-16,077,VILLA VASQUEZ (EMA),MONTE CRISTI,JUNTA DE REGANTES,EMAI,,,0.0,https://indomet.gob.do/wp-content/uploads/2025/12/temperaturas-extremas-y-precipitaciones-2025x12x16-a.pdf
2025-12-16,078,SANTIAGO RODRÍGUEZ,SANTIAGO RODRÍGUEZ,INDOMET,EMCI,34.8,20.0,0.0,https://indomet.gob.do/wp-content/uploads/2025/12/temperaturas-extremas-y-precipitaciones-2025x12x16-a.pdf
2025-12-16,079,SANTO DOMINGO ESTE,SANTO DOMINGO,INDOMET,EMCI,32.0,24.0,0.0,https://indomet.gob.do/wp-content/uploads/2025/12/temperaturas-extremas-y-precipitaciones-2025x12x16-a.pdf
2025-12-16,080,TÁBARA ABAJO,AZUA,INDRHI,EMCI,31.7,19.0,0.0,https://indomet.gob.do/wp-content/uploads/2025/12/temperaturas-extremas-y-precipitaciones-2025x12x16-a.pdf
2025-12-16,081,TAMBORIL,SANTIAGO,MINISTERIO DE AGRICULTURA,EMCV,,,0.0,https://indomet.gob.do/wp-content/uploads/2025/12/temperaturas-extremas-y-precipitaciones-2025x12x16-a.pdf
2025-12-16,082,JIMA ABAJO,LA VEGA,INDOMET,EMCI,32.3,18.5,0.0,https://indomet.gob.do/wp-content/uploads/2025/12/temperaturas-extremas-y-precipitaciones-2025x12x16-a.pdf
2025-12-16,083,TAVERA,SANTIAGO,INDRHI,EMCI,,,0.0,https://indomet.gob.do/wp-content/uploads/2025/12/temperaturas-extremas-y-precipitaciones-2025x12x16-a.pdf
2025-12-16,084,VILLA ALTAGRACIA,SAN CRISTÓBAL,ESCUELA JAVIER ANGULO GURIDI,EMCI,,,0.0,https://indomet.gob.do/wp-content/uploads/2025/12/temperaturas-extremas-y-precipitaciones-2025x12x16-a.pdf
2025-12-16,085,VILLA GONZALES,SANTIAGO,MINISTERIO DE AGRICULTURA,EMCI,,,0.0,https://indomet.gob.do/wp-content/uploads/2025/12/temperaturas-extremas-y-precipitaciones-2025x12x16-a.pdf
2025-12-16,086,VILLA ISABELA,PUERTO PLATA,MINISTERIO DE AGRICULTURA,EMCV,,,0.0,https://indomet.gob.do/wp-content/uploads/2025/12/temperaturas-extremas-y-precipitaciones-2025x12x16-a.pdf
2025-12-16,087,VILLA RIVA,DUARTE,HOSP. MPAL. ALICIA DE LEGENDRE,EMCI,31.0,20.6,0.0,https://indomet.gob.do/wp-content/uploads/2025/12/temperaturas-extremas-y-precipitaciones-2025x12x16-a.pdf
2025-12-17,001,BAYAGUANA,MONTE PLATA,INDOMET,EMCI,32.2,20.2,17.2,https://indomet.gob.do/wp-content/uploads/2025/12/temperaturas-extremas-y-precipitaciones-2025x12x17-a.pdf
2025-12-17,002,JUMA BEJUCAL,MONSEÑOR NOUEL,IDIAF,EMCV,31.4,20.0,12.8,https://indomet.gob.do/wp-content/uploads/2025/12/temperaturas-extremas-y-precipitaciones-2025x12x17-a.pdf
2025-12-17,003,SAMANÁ,SAMANÁ,COMANDANCIA DE PUERTO DE SAMANÁ,EMCI,31.8,18.9,5.8,https://indomet.gob.do/wp-content/uploads/2025/12/temperaturas-extremas-y-precipitaciones-2025x12x17-a.pdf
2025-12-17,004,CABRERA,MARÍA TRINIDAD SÁNCHEZ,ESCUELA ARÍSTIDES FIALLO CABRAL,EMCI,31.2,24.0,3.8,https://indomet.gob.do/wp-content/uploads/2025/12/temperaturas-extremas-y-precipitaciones-2025x12x17-a.pdf
2025-12-17,005,VILLA ALTAGRACIA,SAN CRISTÓBAL,ESCUELA JAVIER ANGULO GURIDI,EMCI,,,3.7,https://indomet.gob.do/wp-content/uploads/2025/12/temperaturas-extremas-y-precipitaciones-2025x12x17-a.pdf
2025-12-17,006,BONAO,MONSEÑOR NOUEL,MINISTERIO DE AGRICULTURA,EMCV,,,3.3,https://indomet.gob.do/wp-content/uploads/2025/12/temperaturas-extremas-y-precipitaciones-2025x12x17-a.pdf
2025-12-17,007,ARPT. ARROYO BARRIL,SAMANÁ,INDOMET,EMCI,30.8,22.7,2.7,https://indomet.gob.do/wp-content/uploads/2025/12/temperaturas-extremas-y-precipitaciones-2025x12x17-a.pdf
2025-12-17,008,MICHES (EMA),EL SEIBO,PRIVADA,EMAP,29.6,20.8,2.4,https://indomet.gob.do/wp-content/uploads/2025/12/temperaturas-extremas-y-precipitaciones-2025x12x17-a.pdf
2025-12-17,009,CABRAL,BARAHONA,MINISTERIO DE AGRICULTURA,EMCV,31.5,20.3,1.4,https://indomet.gob.do/wp-content/uploads/2025/12/temperaturas-extremas-y-precipitaciones-2025x12x17-a.pdf
2025-12-17,010,RANCHO ARRIBA,SAN JOSÉ DE OCOA,CENTRO TECNOLÓGICO COMUNITARIO,EMCI,26.9,14.1,1.4,https://indomet.gob.do/wp-content/uploads/2025/12/temperaturas-extremas-y-precipitaciones-2025x12x17-a.pdf
2025-12-17,011,ARPT. LA ISABELA,SANTO DOMINGO,INDOMET,EMCI,31.6,19.8,1.2,https://indomet.gob.do/wp-content/uploads/2025/12/temperaturas-extremas-y-precipitaciones-2025x12x17-a.pdf
2025-12-17,012,BASE AÉREA DE SAN ISIDRO,SANTO DOMINGO,FUERZA AÉREA DOMINICANA,EMCV,32.1,21.4,1.0,https://indomet.gob.do/wp-content/uploads/2025/12/temperaturas-extremas-y-precipitaciones-2025x12x17-a.pdf
2025-12-17,013,EL FACTOR (EMA),MARÍA TRINIDAD SÁNCHEZ,INTEC,EMAP,30.9,21.8,0.5,https://indomet.gob.do/wp-content/uploads/2025/12/temperaturas-extremas-y-precipitaciones-2025x12x17-a.pdf
2025-12-17,014,POLO,BARAHONA,INDOCAFE,EMCI,26.5,15.0,0.4,https://indomet.gob.do/wp-content/uploads/2025/12/temperaturas-extremas-y-precipitaciones-2025x12x17-a.pdf
2025-12-17,015,RÍO SAN JUAN,MARÍA TRINIDAD SÁNCHEZ,HOSP. MPAL. DR. DESIDERIO ACOSTA,EMCV,32.3,22.6,0.4,https://indomet.gob.do/wp-content/uploads/2025/12/temperaturas-extremas-y-precipitaciones-2025x12x17-a.pdf
2025-12-17,016,ALTAMIRA,PUERTO PLATA,HOSP. MPAL. DE ALTAMIRA,EMCI,30.1,18.5,0.2,https://indomet.gob.do/wp-content/uploads/2025/12/temperaturas-extremas-y-precipitaciones-2025x12x17-a.pdf
2025-12-17,017,BOCA DE MAO (EMA),VALVERDE,MINISTERIO DE AGRICULTURA,EMAP,32.9,21.4,0.2,https://indomet.gob.do/wp-content/uploads/2025/12/temperaturas-extremas-y-precipitaciones-2025x12x17-a.pdf
2025-12-17,018,BUCARA (EMA),SANTIAGO,MINISTERIO DE AGRICULTURA,EMAI,,,0.2,https://indomet.gob.do/wp-content/uploads/2025/12/temperaturas-extremas-y-precipitaciones-2025x12x17-a.pdf
2025-12-17,019,SAJOMA (EMA),SANTIAGO,PLAN SIERRA,EMAI,30.2,20.4,0.2,https://indomet.gob.do/wp-content/uploads/2025/12/temperaturas-extremas-y-precipitaciones-2025x12x17-a.pdf
2025-12-17,020,VALLE NUEVO (EMA),LA VEGA,MARENA,EMAI,17.8,2.2,0.2,https://indomet.gob.do/wp-content/uploads/2025/12/temperaturas-extremas-y-precipitaciones-2025x12x17-a.pdf
2025-12-17,021,ANAMUYA (EMA),LA ALTAGRACIA,MINISTERIO DE AGRICULTURA,EMAP,30.7,21.5,0.0,https://indomet.gob.do/wp-content/uploads/2025/12/temperaturas-extremas-y-precipitaciones-2025x12x17-a.pdf
2025-12-17,022,ARPT. DE LA ROMANA,LA ROMANA,INDOMET,EMCI,31.0,22.2,0.0,https://indomet.gob.do/wp-content/uploads/2025/12/temperaturas-extremas-y-precipitaciones-2025x12x17-a.pdf
2025-12-17,023,ARPT. DE LAS AMÉRICAS,SANTO DOMINGO,INDOMET,EMCI,30.5,21.0,0.0,https://indomet.gob.do/wp-content/uploads/2025/12/temperaturas-extremas-y-precipitaciones-2025x12x17-a.pdf
2025-12-17,024,ARPT. DE PUNTA CANA,LA ALTAGRACIA,INDOMET,EMCI,30.0,21.2,0.0,https://indomet.gob.do/wp-content/uploads/2025/12/temperaturas-extremas-y-precipitaciones-2025x12x17-a.pdf
2025-12-17,025,ARPT. DEL CIBAO,SANTIAGO,INDOMET,EMCI,33.0,20.2,0.0,https://indomet.gob.do/wp-content/uploads/2025/12/temperaturas-extremas-y-precipitaciones-2025x12x17-a.pdf
2025-12-17,026,ARPT. EL CATEY,SAMANÁ,INDOMET,EMCI,30.0,21.0,0.0,https://indomet.gob.do/wp-content/uploads/2025/12/temperaturas-extremas-y-precipitaciones-2025x12x17-a.pdf
2025-12-17,027,ARPT. GREGORIO LUPERÓN,PUERTO PLATA,INDOMET,EMCI,31.0,20.5,0.0,https://indomet.gob.do/wp-content/uploads/2025/12/temperaturas-extremas-y-precipitaciones-2025x12x17-a.pdf
2025-12-17,028,ARPT. MARÍA MONTEZ,BARAHONA,INDOMET,EMCI,31.5,20.4,0.0,https://indomet.gob.do/wp-content/uploads/2025/12/temperaturas-extremas-y-precipitaciones-2025x12x17-a.pdf
2025-12-17,029,ARROYO LORO,SAN JUAN,IDIAF,EMCI,31.4,16.1,0.0,https://indomet.gob.do/wp-content/uploads/2025/12/temperaturas-extremas-y-precipitaciones-2025x12x17-a.pdf
2025-12-17,030,BANI (EMA),PERAVIA,MINISTERIO DE AGRICULTURA,EMAP,30.7,23.9,0.0,https://indomet.gob.do/wp-content/uploads/2025/12/temperaturas-extremas-y-precipitaciones-2025x12x17-a.pdf
2025-12-17,031,BOHECHÍO,SAN JUAN,MINISTERIO DE AGRICULTURA,EMCV,,,0.0,https://indomet.gob.do/wp-content/uploads/2025/12/temperaturas-extremas-y-precipitaciones-2025x12x17-a.pdf
2025-12-17,032,CENTRO DE LOS HEROES (EMA),DISTRITO NACIONAL,MINISTERIO DE ENERGIA Y MINA,EMAP,30.7,24.8,0.0,https://indomet.gob.do/wp-content/uploads/2025/12/temperaturas-extremas-y-precipitaciones-2025x12x17-a.pdf
2025-12-17,033,CONSTANZA,LA VEGA,MINISTERIO DE AGRICULTURA,EMCI,25.3,10.0,0.0,https://indomet.gob.do/wp-content/uploads/2025/12/temperaturas-extremas-y-precipitaciones-2025x12x17-a.pdf
2025-12-17,034,CONSTANZA (EMA),LA VEGA,PROGRAMA MUNDIAL DE ALIMENTO,EMAP,24.6,11.4,0.0,https://indomet.gob.do/wp-content/uploads/2025/12/temperaturas-extremas-y-precipitaciones-2025x12x17-a.pdf
2025-12-17,035,DAJABÓN,DAJABÓN,INSTITUTO POLITÉCNICO LOYOLA,EMCI,34.1,20.7,0.0,https://indomet.gob.do/wp-content/uploads/2025/12/temperaturas-extremas-y-precipitaciones-2025x12x17-a.pdf
2025-12-17,036,ELÍAS PIÑA,ELÍAS PIÑA,MINISTERIO DE AGRICULTURA,EMCV,,,0.0,https://indomet.gob.do/wp-content/uploads/2025/12/temperaturas-extremas-y-precipitaciones-2025x12x17-a.pdf
2025-12-17,037,ENRIQUILLO,BARAHONA,MINISTERIO DE AGRICULTURA,EMCV,33.2,22.5,0.0,https://indomet.gob.do/wp-content/uploads/2025/12/temperaturas-extremas-y-precipitaciones-2025x12x17-a.pdf
2025-12-17,038,ESCONDIDO,PERAVIA,MINISTERIO DE AGRICULTURA,EMCV,31.0,23.0,0.0,https://indomet.gob.do/wp-content/uploads/2025/12/temperaturas-extremas-y-precipitaciones-2025x12x17-a.pdf
2025-12-17,039,GURABO,SANTIAGO,MINISTERIO DE AGRICULTURA,EMCV,,,0.0,https://indomet.gob.do/wp-content/uploads/2025/12/temperaturas-extremas-y-precipitaciones-2025x12x17-a.pdf
2025-12-17,040,HATO MAYOR,HATO MAYOR,MINISTERIO DE AGRICULTURA,EMCV,,,0.0,https://indomet.gob.do/wp-content/uploads/2025/12/temperaturas-extremas-y-precipitaciones-2025x12x17-a.pdf
2025-12-17,041,HONDO VALLE,ELÍAS PIÑA,MINISTERIO DE AGRICULTURA,EMCI,27.6,12.2,0.0,https://indomet.gob.do/wp-content/uploads/2025/12/temperaturas-extremas-y-precipitaciones-2025x12x17-a.pdf
2025-12-17,042,JARABACOA,LA VEGA,INDRHI / MARENA,EMCI,30.4,14.4,0.0,https://indomet.gob.do/wp-content/uploads/2025/12/temperaturas-extremas-y-precipitaciones-2025x12x17-a.pdf
2025-12-17,043,JARDÍN BOTÁNICO SANTIAGO (EMSANTIAGO,,JARDIN BOTANICO SANTIAGO,EMAI,31.6,22.6,0.0,https://indomet.gob.do/wp-content/uploads/2025/12/temperaturas-extremas-y-precipitaciones-2025x12x17-a.pdf
2025-12-17,044,JIMA ABAJO,LA VEGA,INDOMET,EMCI,33.0,19.4,0.0,https://indomet.gob.do/wp-content/uploads/2025/12/temperaturas-extremas-y-precipitaciones-2025x12x17-a.pdf
2025-12-17,045,JIMANÍ,INDEPENDENCIA,MINISTERIO DE AGRICULTURA,EMCI,33.0,22.0,0.0,https://indomet.gob.do/wp-content/uploads/2025/12/temperaturas-extremas-y-precipitaciones-2025x12x17-a.pdf
2025-12-17,046,LA VEGA,LA VEGA,IATESA,EMCI,32.5,20.0,0.0,https://indomet.gob.do/wp-content/uploads/2025/12/temperaturas-extremas-y-precipitaciones-2025x12x17-a.pdf
2025-12-17,047,LA VICTORIA,SANTO DOMINGO,CUERPO DE BOMBEROS,EMCI,33.2,21.8,0.0,https://indomet.gob.do/wp-content/uploads/2025/12/temperaturas-extremas-y-precipitaciones-2025x12x17-a.pdf
2025-12-17,048,LAS CANAS (EMA),MONTE CRISTI,PROGRAMA MUNDIAL DE ALIMENTO,EMAP,28.6,20.9,0.0,https://indomet.gob.do/wp-content/uploads/2025/12/temperaturas-extremas-y-precipitaciones-2025x12x17-a.pdf
2025-12-17,049,LAS MATAS DE SANTA CRUZ (EMA,MONTE CRISTI,PROGRAMA MUNDIAL DE ALIMENTO,EMAP,,,0.0,https://indomet.gob.do/wp-content/uploads/2025/12/temperaturas-extremas-y-precipitaciones-2025x12x17-a.pdf
2025-12-17,050,LOS JENGIBRES,NAGUA,INDRHI,EMCI,,,0.0,https://indomet.gob.do/wp-content/uploads/2025/12/temperaturas-extremas-y-precipitaciones-2025x12x17-a.pdf
2025-12-17,051,LOS LLANOS,SAN PEDRO DE MACORÍS,MINISTERIO DE AGRICULTURA,EMCI,32.4,20.8,0.0,https://indomet.gob.do/wp-content/uploads/2025/12/temperaturas-extremas-y-precipitaciones-2025x12x17-a.pdf
2025-12-17,052,MAO,VALVERDE,INDRHI / MINISTERIO DE AGRICULTURA,EMCV,,,0.0,https://indomet.gob.do/wp-content/uploads/2025/12/temperaturas-extremas-y-precipitaciones-2025x12x17-a.pdf
2025-12-17,053,MONCIÓN (EMA),SANTIAGO RODRÍGUEZ,PROGRAMA MUNDIAL DE ALIMENTO,EMAP,29.9,18.8,0.0,https://indomet.gob.do/wp-content/uploads/2025/12/temperaturas-extremas-y-precipitaciones-2025x12x17-a.pdf
2025-12-17,054,MONTE CRISTI,MONTE CRISTI,INDOMET,EMCI,32.4,22.5,0.0,https://indomet.gob.do/wp-content/uploads/2025/12/temperaturas-extremas-y-precipitaciones-2025x12x17-a.pdf
2025-12-17,055,NAVARRETE,SANTIAGO,MINISTERIO DE AGRICULTURA,EMCV,,,0.0,https://indomet.gob.do/wp-content/uploads/2025/12/temperaturas-extremas-y-precipitaciones-2025x12x17-a.pdf
2025-12-17,056,OLIVARES,PEDERNALES,INDRHI,EMCI,,,0.0,https://indomet.gob.do/wp-content/uploads/2025/12/temperaturas-extremas-y-precipitaciones-2025x12x17-a.pdf
2025-12-17,057,OVIEDO,PEDERNALES,CLÍNICA RURAL OVIEDO,EMCI,32.5,20.0,0.0,https://indomet.gob.do/wp-content/uploads/2025/12/temperaturas-extremas-y-precipitaciones-2025x12x17-a.pdf
2025-12-17,058,PADRE LAS CASAS,AZUA,HOSP. NTRA. SRA. DEL CARMEN,EMCI,31.0,16.0,0.0,https://indomet.gob.do/wp-content/uploads/2025/12/temperaturas-extremas-y-precipitaciones-2025x12x17-a.pdf
2025-12-17,059,PALO ÍNDIO,PUERTO PLATA,MINISTERIO DE AGRICULTURA,EMCI,,,0.0,https://indomet.gob.do/wp-content/uploads/2025/12/temperaturas-extremas-y-precipitaciones-2025x12x17-a.pdf
2025-12-17,060,PASO AL MEDIO,SAN PEDRO DE MACORÍS,INDRHI,EMCI,,,0.0,https://indomet.gob.do/wp-content/uploads/2025/12/temperaturas-extremas-y-precipitaciones-2025x12x17-a.pdf
2025-12-17,061,PEDERNALES,PEDERNALES,INDRHI,EMCI,,,0.0,https://indomet.gob.do/wp-content/uploads/2025/12/temperaturas-extremas-y-precipitaciones-2025x12x17-a.pdf
2025-12-17,062,PERALTA,AZUA,HOSP. MPAL. DE PERALTA,EMCI,29.9,13.5,0.0,https://indomet.gob.do/wp-content/uploads/2025/12/temperaturas-extremas-y-precipitaciones-2025x12x17-a.pdf
2025-12-17,063,PESCADERIA (EMA),BARAHONA,MINISTERIO DE AGRICULTURA,EMAP,,,0.0,https://indomet.gob.do/wp-content/uploads/2025/12/temperaturas-extremas-y-precipitaciones-2025x12x17-a.pdf
2025-12-17,064,PONTÓN ABAJO (EMA),LA VEGA,MINISTERIO DE AGRICULTURA,EMAP,32.8,20.7,0.0,https://indomet.gob.do/wp-content/uploads/2025/12/temperaturas-extremas-y-precipitaciones-2025x12x17-a.pdf
2025-12-17,065,PRESA DE TAVERAS (EMA),LA VEGA,PROGRAMA MUNDIAL DE ALIMENTO,EMAP,29.3,19.6,0.0,https://indomet.gob.do/wp-content/uploads/2025/12/temperaturas-extremas-y-precipitaciones-2025x12x17-a.pdf
2025-12-17,066,RESTAURACIÓN,DAJABÓN,MINISTERIO DE AGRICULTURA,EMCI,27.5,14.7,0.0,https://indomet.gob.do/wp-content/uploads/2025/12/temperaturas-extremas-y-precipitaciones-2025x12x17-a.pdf
2025-12-17,067,SABANA DE LA MAR,HATO MAYOR,INDOMET,EMCI,30.5,21.0,0.0,https://indomet.gob.do/wp-content/uploads/2025/12/temperaturas-extremas-y-precipitaciones-2025x12x17-a.pdf
2025-12-17,068,SABANA GRANDE DE BOYÁ,MONTE PLATA,MINISTERIO DE AGRICULTURA,EMCV,,,0.0,https://indomet.gob.do/wp-content/uploads/2025/12/temperaturas-extremas-y-precipitaciones-2025x12x17-a.pdf
2025-12-17,069,SABANETA (EMA),SANTIAGO RODRÍGUEZ,PROGRAMA MUNDIAL DE ALIMENTO,EMAP,34.9,21.4,0.0,https://indomet.gob.do/wp-content/uploads/2025/12/temperaturas-extremas-y-precipitaciones-2025x12x17-a.pdf
2025-12-17,070,SALCEDO,HERMANAS MIRABAL,PROPIEDAD DEL EMPLEADO,EMCI,,,0.0,https://indomet.gob.do/wp-content/uploads/2025/12/temperaturas-extremas-y-precipitaciones-2025x12x17-a.pdf
2025-12-17,071,SAN CRISTÓBAL,SAN CRISTÓBAL,INSTITUTO POLITÉCNICO LOYOLA,EMCI,31.2,19.2,0.0,https://indomet.gob.do/wp-content/uploads/2025/12/temperaturas-extremas-y-precipitaciones-2025x12x17-a.pdf
2025-12-17,072,SAN FRANCISCO DE MACORÍS,DUARTE,San Francisco de Macorís (UASD),EMCI,31.5,21.6,0.0,https://indomet.gob.do/wp-content/uploads/2025/12/temperaturas-extremas-y-precipitaciones-2025x12x17-a.pdf
2025-12-17,073,SAN JOSÉ DE OCOA,SAN JOSÉ DE OCOA,HOSP. SAN JOSÉ DE OCOA,EMCI,30.7,18.8,0.0,https://indomet.gob.do/wp-content/uploads/2025/12/temperaturas-extremas-y-precipitaciones-2025x12x17-a.pdf
2025-12-17,074,SAN RAFAEL DEL YUMA,LA ALTAGRACIA,MINISTERIO DE AGRICULTURA,EMCI,30.9,21.0,0.0,https://indomet.gob.do/wp-content/uploads/2025/12/temperaturas-extremas-y-precipitaciones-2025x12x17-a.pdf
2025-12-17,075,SÁNCHEZ,SAMANÁ,MINISTERIO DE AGRICULTURA,EMCI,29.7,21.9,0.0,https://indomet.gob.do/wp-content/uploads/2025/12/temperaturas-extremas-y-precipitaciones-2025x12x17-a.pdf
2025-12-17,076,SANTIAGO RODRÍGUEZ,SANTIAGO RODRÍGUEZ,INDOMET,EMCI,35.0,21.5,0.0,https://indomet.gob.do/wp-content/uploads/2025/12/temperaturas-extremas-y-precipitaciones-2025x12x17-a.pdf
2025-12-17,077,SANTO DOMINGO ESTE,SANTO DOMINGO,INDOMET,EMCI,32.0,23.5,0.0,https://indomet.gob.do/wp-content/uploads/2025/12/temperaturas-extremas-y-precipitaciones-2025x12x17-a.pdf
2025-12-17,078,TÁBARA ABAJO,AZUA,INDRHI,EMCI,30.5,18.0,0.0,https://indomet.gob.do/wp-content/uploads/2025/12/temperaturas-extremas-y-precipitaciones-2025x12x17-a.pdf
2025-12-17,079,TAVERA,SANTIAGO,INDRHI,EMCI,,,0.0,https://indomet.gob.do/wp-content/uploads/2025/12/temperaturas-extremas-y-precipitaciones-2025x12x17-a.pdf
2025-12-17,080,VILLA GONZALE (EMA),SANTIAGO,IGLESIA,EMAI,,,0.0,https://indomet.gob.do/wp-content/uploads/2025/12/temperaturas-extremas-y-precipitaciones-2025x12x17-a.pdf
2025-12-17,081,VILLA GONZALES,SANTIAGO,MINISTERIO DE AGRICULTURA,EMCI,,,0.0,https://indomet.gob.do/wp-content/uploads/2025/12/temperaturas-extremas-y-precipitaciones-2025x12x17-a.pdf
2025-12-17,082,VILLA ISABELA,PUERTO PLATA,MINISTERIO DE AGRICULTURA,EMCV,,,0.0,https://indomet.gob.do/wp-content/uploads/2025/12/temperaturas-extremas-y-precipitaciones-2025x12x17-a.pdf
2025-12-17,083,VILLA RIVA,DUARTE,HOSP. MPAL. ALICIA DE LEGENDRE,EMCI,30.5,20.0,0.0,https://indomet.gob.do/wp-content/uploads/2025/12/temperaturas-extremas-y-precipitaciones-2025x12x17-a.pdf
2025-12-17,084,VILLA VASQUEZ (EMA),MONTE CRISTI,JUNTA DE REGANTES,EMAI,,,0.0,https://indomet.gob.do/wp-content/uploads/2025/12/temperaturas-extremas-y-precipitaciones-2025x12x17-a.pdf
2025-12-18,001,CABRERA,MARÍA TRINIDAD SÁNCHEZ,ESCUELA ARÍSTIDES FIALLO CABRAL,EMCI,30.0,23.8,9.0,https://indomet.gob.do/wp-content/uploads/2025/12/temperaturas-extremas-y-precipitaciones-2025x12x18-a.pdf
2025-12-18,002,SABANA DE LA MAR,HATO MAYOR,INDOMET,EMCI,30.5,20.5,8.2,https://indomet.gob.do/wp-content/uploads/2025/12/temperaturas-extremas-y-precipitaciones-2025x12x18-a.pdf
2025-12-18,003,SAMANÁ,SAMANÁ,COMANDANCIA DE PUERTO DE SAMANÁ,EMCI,30.7,18.3,4.2,https://indomet.gob.do/wp-content/uploads/2025/12/temperaturas-extremas-y-precipitaciones-2025x12x18-a.pdf
2025-12-18,004,RÍO SAN JUAN,MARÍA TRINIDAD SÁNCHEZ,HOSP. MPAL. DR. DESIDERIO ACOSTA,EMCV,30.9,20.0,2.4,https://indomet.gob.do/wp-content/uploads/2025/12/temperaturas-extremas-y-precipitaciones-2025x12x18-a.pdf
2025-12-18,005,ARPT. DE PUNTA CANA,LA ALTAGRACIA,INDOMET,EMCI,29.8,23.0,2.0,https://indomet.gob.do/wp-content/uploads/2025/12/temperaturas-extremas-y-precipitaciones-2025x12x18-a.pdf
2025-12-18,006,ARPT. GREGORIO LUPERÓN,PUERTO PLATA,INDOMET,EMCI,29.8,23.0,2.0,https://indomet.gob.do/wp-content/uploads/2025/12/temperaturas-extremas-y-precipitaciones-2025x12x18-a.pdf
2025-12-18,007,ARPT. EL CATEY,SAMANÁ,INDOMET,EMCI,28.0,21.0,1.7,https://indomet.gob.do/wp-content/uploads/2025/12/temperaturas-extremas-y-precipitaciones-2025x12x18-a.pdf
2025-12-18,008,LOS JENGIBRES,NAGUA,INDRHI,EMCI,,,1.5,https://indomet.gob.do/wp-content/uploads/2025/12/temperaturas-extremas-y-precipitaciones-2025x12x18-a.pdf
2025-12-18,009,BONAO,MONSEÑOR NOUEL,MINISTERIO DE AGRICULTURA,EMCV,,,0.5,https://indomet.gob.do/wp-content/uploads/2025/12/temperaturas-extremas-y-precipitaciones-2025x12x18-a.pdf
2025-12-18,010,SAN RAFAEL DEL YUMA,LA ALTAGRACIA,MINISTERIO DE AGRICULTURA,EMCI,31.2,21.9,0.5,https://indomet.gob.do/wp-content/uploads/2025/12/temperaturas-extremas-y-precipitaciones-2025x12x18-a.pdf
2025-12-18,011,EL FACTOR (EMA),MARÍA TRINIDAD SÁNCHEZ,INTEC,EMAP,30.4,20.2,0.3,https://indomet.gob.do/wp-content/uploads/2025/12/temperaturas-extremas-y-precipitaciones-2025x12x18-a.pdf
2025-12-18,012,ANAMUYA (EMA),LA ALTAGRACIA,MINISTERIO DE AGRICULTURA,EMAP,,,0.2,https://indomet.gob.do/wp-content/uploads/2025/12/temperaturas-extremas-y-precipitaciones-2025x12x18-a.pdf
2025-12-18,013,RANCHO ARRIBA,SAN JOSÉ DE OCOA,CENTRO TECNOLÓGICO COMUNITARIO,EMCI,27.3,11.8,0.2,https://indomet.gob.do/wp-content/uploads/2025/12/temperaturas-extremas-y-precipitaciones-2025x12x18-a.pdf
2025-12-18,014,ALTAMIRA,PUERTO PLATA,HOSP. MPAL. DE ALTAMIRA,EMCI,29.5,17.0,0.1,https://indomet.gob.do/wp-content/uploads/2025/12/temperaturas-extremas-y-precipitaciones-2025x12x18-a.pdf
2025-12-18,015,ARPT. ARROYO BARRIL,SAMANÁ,INDOMET,EMCI,29.6,21.6,0.0,https://indomet.gob.do/wp-content/uploads/2025/12/temperaturas-extremas-y-precipitaciones-2025x12x18-a.pdf
2025-12-18,016,ARPT. DE LA ROMANA,LA ROMANA,INDOMET,EMCI,31.0,20.1,0.0,https://indomet.gob.do/wp-content/uploads/2025/12/temperaturas-extremas-y-precipitaciones-2025x12x18-a.pdf
2025-12-18,017,ARPT. DE LAS AMÉRICAS,SANTO DOMINGO,INDOMET,EMCI,30.8,21.4,0.0,https://indomet.gob.do/wp-content/uploads/2025/12/temperaturas-extremas-y-precipitaciones-2025x12x18-a.pdf
2025-12-18,018,ARPT. DEL CIBAO,SANTIAGO,INDOMET,EMCI,32.0,20.0,0.0,https://indomet.gob.do/wp-content/uploads/2025/12/temperaturas-extremas-y-precipitaciones-2025x12x18-a.pdf
2025-12-18,019,ARPT. LA ISABELA,SANTO DOMINGO,INDOMET,EMCI,32.2,,0.0,https://indomet.gob.do/wp-content/uploads/2025/12/temperaturas-extremas-y-precipitaciones-2025x12x18-a.pdf
2025-12-18,020,ARPT. MARÍA MONTEZ,BARAHONA,INDOMET,EMCI,32.0,24.0,0.0,https://indomet.gob.do/wp-content/uploads/2025/12/temperaturas-extremas-y-precipitaciones-2025x12x18-a.pdf
2025-12-18,021,ARROYO LORO,SAN JUAN,IDIAF,EMCI,31.6,16.7,0.0,https://indomet.gob.do/wp-content/uploads/2025/12/temperaturas-extremas-y-precipitaciones-2025x12x18-a.pdf
2025-12-18,022,BANI (EMA),PERAVIA,MINISTERIO DE AGRICULTURA,EMAP,30.7,24.5,0.0,https://indomet.gob.do/wp-content/uploads/2025/12/temperaturas-extremas-y-precipitaciones-2025x12x18-a.pdf
2025-12-18,023,BASE AÉREA DE SAN ISIDRO,SANTO DOMINGO,FUERZA AÉREA DOMINICANA,EMCV,31.4,21.0,0.0,https://indomet.gob.do/wp-content/uploads/2025/12/temperaturas-extremas-y-precipitaciones-2025x12x18-a.pdf
2025-12-18,024,BAYAGUANA,MONTE PLATA,INDOMET,EMCI,32.2,20.4,0.0,https://indomet.gob.do/wp-content/uploads/2025/12/temperaturas-extremas-y-precipitaciones-2025x12x18-a.pdf
2025-12-18,025,BOCA DE MAO (EMA),VALVERDE,MINISTERIO DE AGRICULTURA,EMAP,32.4,18.8,0.0,https://indomet.gob.do/wp-content/uploads/2025/12/temperaturas-extremas-y-precipitaciones-2025x12x18-a.pdf
2025-12-18,026,CABRAL,BARAHONA,MINISTERIO DE AGRICULTURA,EMCV,31.2,19.6,0.0,https://indomet.gob.do/wp-content/uploads/2025/12/temperaturas-extremas-y-precipitaciones-2025x12x18-a.pdf
2025-12-18,027,CENTRO DE LOS HEROES (EMA),DISTRITO NACIONAL,MINISTERIO DE ENERGIA Y MINA,EMAP,30.8,24.6,0.0,https://indomet.gob.do/wp-content/uploads/2025/12/temperaturas-extremas-y-precipitaciones-2025x12x18-a.pdf
2025-12-18,028,CONSTANZA,LA VEGA,MINISTERIO DE AGRICULTURA,EMCI,24.5,7.2,0.0,https://indomet.gob.do/wp-content/uploads/2025/12/temperaturas-extremas-y-precipitaciones-2025x12x18-a.pdf
2025-12-18,029,CONSTANZA (EMA),LA VEGA,PROGRAMA MUNDIAL DE ALIMENTO,EMAP,23.8,8.8,0.0,https://indomet.gob.do/wp-content/uploads/2025/12/temperaturas-extremas-y-precipitaciones-2025x12x18-a.pdf
2025-12-18,030,COTUÍ,SÁNCHEZ RAMÍREZ,HOSP. INMACULADA CONCEPCIÓN,EMCV,,,0.0,https://indomet.gob.do/wp-content/uploads/2025/12/temperaturas-extremas-y-precipitaciones-2025x12x18-a.pdf
2025-12-18,031,DAJABÓN,DAJABÓN,INSTITUTO POLITÉCNICO LOYOLA,EMCI,35.4,21.6,0.0,https://indomet.gob.do/wp-content/uploads/2025/12/temperaturas-extremas-y-precipitaciones-2025x12x18-a.pdf
2025-12-18,032,ELÍAS PIÑA,ELÍAS PIÑA,MINISTERIO DE AGRICULTURA,EMCV,,,0.0,https://indomet.gob.do/wp-content/uploads/2025/12/temperaturas-extremas-y-precipitaciones-2025x12x18-a.pdf
2025-12-18,033,ENRIQUILLO,BARAHONA,MINISTERIO DE AGRICULTURA,EMCV,32.5,22.0,0.0,https://indomet.gob.do/wp-content/uploads/2025/12/temperaturas-extremas-y-precipitaciones-2025x12x18-a.pdf
2025-12-18,034,GASPAR HERNÁNDEZ,ESPAILLAT,PROPIEDAD DEL EMPLEADO,EMCI,,,0.0,https://indomet.gob.do/wp-content/uploads/2025/12/temperaturas-extremas-y-precipitaciones-2025x12x18-a.pdf
2025-12-18,035,GURABO,SANTIAGO,MINISTERIO DE AGRICULTURA,EMCV,,,0.0,https://indomet.gob.do/wp-content/uploads/2025/12/temperaturas-extremas-y-precipitaciones-2025x12x18-a.pdf
2025-12-18,036,HATO MAYOR,HATO MAYOR,MINISTERIO DE AGRICULTURA,EMCV,,,0.0,https://indomet.gob.do/wp-content/uploads/2025/12/temperaturas-extremas-y-precipitaciones-2025x12x18-a.pdf
2025-12-18,037,HONDO VALLE,ELÍAS PIÑA,MINISTERIO DE AGRICULTURA,EMCI,27.1,10.0,0.0,https://indomet.gob.do/wp-content/uploads/2025/12/temperaturas-extremas-y-precipitaciones-2025x12x18-a.pdf
2025-12-18,038,JARABACOA,LA VEGA,INDRHI / MARENA,EMCI,30.6,12.4,0.0,https://indomet.gob.do/wp-content/uploads/2025/12/temperaturas-extremas-y-precipitaciones-2025x12x18-a.pdf
2025-12-18,039,JARDÍN BOTÁNICO NACIONAL,DISTRITO NACIONAL,JARDÍN BOTÁNICO NACIONAL,EMCV,30.6,18.7,0.0,https://indomet.gob.do/wp-content/uploads/2025/12/temperaturas-extremas-y-precipitaciones-2025x12x18-a.pdf
2025-12-18,040,JIMANÍ,INDEPENDENCIA,MINISTERIO DE AGRICULTURA,EMCI,33.2,23.5,0.0,https://indomet.gob.do/wp-content/uploads/2025/12/temperaturas-extremas-y-precipitaciones-2025x12x18-a.pdf
2025-12-18,041,JUMA BEJUCAL,MONSEÑOR NOUEL,IDIAF,EMCV,32.0,18.8,0.0,https://indomet.gob.do/wp-content/uploads/2025/12/temperaturas-extremas-y-precipitaciones-2025x12x18-a.pdf
2025-12-18,042,LA VEGA,LA VEGA,IATESA,EMCI,32.0,18.0,0.0,https://indomet.gob.do/wp-content/uploads/2025/12/temperaturas-extremas-y-precipitaciones-2025x12x18-a.pdf
2025-12-18,043,LA VICTORIA,SANTO DOMINGO,CUERPO DE BOMBEROS,EMCI,33.0,20.8,0.0,https://indomet.gob.do/wp-content/uploads/2025/12/temperaturas-extremas-y-precipitaciones-2025x12x18-a.pdf
2025-12-18,044,LAS CANAS (EMA),MONTE CRISTI,PROGRAMA MUNDIAL DE ALIMENTO,EMAP,28.2,21.3,0.0,https://indomet.gob.do/wp-content/uploads/2025/12/temperaturas-extremas-y-precipitaciones-2025x12x18-a.pdf
2025-12-18,045,LAS MATAS DE SANTA CRUZ (EMA,MONTE CRISTI,PROGRAMA MUNDIAL DE ALIMENTO,EMAP,,,0.0,https://indomet.gob.do/wp-content/uploads/2025/12/temperaturas-extremas-y-precipitaciones-2025x12x18-a.pdf
2025-12-18,046,LOS LLANOS,SAN PEDRO DE MACORÍS,MINISTERIO DE AGRICULTURA,EMCI,32.2,20.5,0.0,https://indomet.gob.do/wp-content/uploads/2025/12/temperaturas-extremas-y-precipitaciones-2025x12x18-a.pdf
2025-12-18,047,MAO,VALVERDE,INDRHI / MINISTERIO DE AGRICULTURA,EMCV,,,0.0,https://indomet.gob.do/wp-content/uploads/2025/12/temperaturas-extremas-y-precipitaciones-2025x12x18-a.pdf
2025-12-18,048,MICHES (EMA),EL SEIBO,PRIVADA,EMAP,29.7,21.9,0.0,https://indomet.gob.do/wp-content/uploads/2025/12/temperaturas-extremas-y-precipitaciones-2025x12x18-a.pdf
2025-12-18,049,MONCIÓN (EMA),SANTIAGO RODRÍGUEZ,PROGRAMA MUNDIAL DE ALIMENTO,EMAP,30.1,16.4,0.0,https://indomet.gob.do/wp-content/uploads/2025/12/temperaturas-extremas-y-precipitaciones-2025x12x18-a.pdf
2025-12-18,050,MONTE CRISTI,MONTE CRISTI,INDOMET,EMCI,32.5,23.0,0.0,https://indomet.gob.do/wp-content/uploads/2025/12/temperaturas-extremas-y-precipitaciones-2025x12x18-a.pdf
2025-12-18,051,OLIVARES,PEDERNALES,INDRHI,EMCI,,,0.0,https://indomet.gob.do/wp-content/uploads/2025/12/temperaturas-extremas-y-precipitaciones-2025x12x18-a.pdf
2025-12-18,052,OVIEDO,PEDERNALES,CLÍNICA RURAL OVIEDO,EMCI,31.5,19.5,0.0,https://indomet.gob.do/wp-content/uploads/2025/12/temperaturas-extremas-y-precipitaciones-2025x12x18-a.pdf
2025-12-18,053,PADRE LAS CASAS,AZUA,HOSP. NTRA. SRA. DEL CARMEN,EMCI,31.0,14.5,0.0,https://indomet.gob.do/wp-content/uploads/2025/12/temperaturas-extremas-y-precipitaciones-2025x12x18-a.pdf
2025-12-18,054,PALO ÍNDIO,PUERTO PLATA,MINISTERIO DE AGRICULTURA,EMCI,,,0.0,https://indomet.gob.do/wp-content/uploads/2025/12/temperaturas-extremas-y-precipitaciones-2025x12x18-a.pdf
2025-12-18,055,PARQUE MIRADOR SUR,DISTRITO NACIONAL,AYUNTAMIENTO,EMCV,32.0,22.3,0.0,https://indomet.gob.do/wp-content/uploads/2025/12/temperaturas-extremas-y-precipitaciones-2025x12x18-a.pdf
2025-12-18,056,PASO AL MEDIO,SAN PEDRO DE MACORÍS,INDRHI,EMCI,,,0.0,https://indomet.gob.do/wp-content/uploads/2025/12/temperaturas-extremas-y-precipitaciones-2025x12x18-a.pdf
2025-12-18,057,PEDERNALES,PEDERNALES,INDRHI,EMCI,,,0.0,https://indomet.gob.do/wp-content/uploads/2025/12/temperaturas-extremas-y-precipitaciones-2025x12x18-a.pdf
2025-12-18,058,PERALTA,AZUA,HOSP. MPAL. DE PERALTA,EMCI,30.5,13.6,0.0,https://indomet.gob.do/wp-content/uploads/2025/12/temperaturas-extremas-y-precipitaciones-2025x12x18-a.pdf
2025-12-18,059,POLO,BARAHONA,INDOCAFE,EMCI,27.4,12.0,0.0,https://indomet.gob.do/wp-content/uploads/2025/12/temperaturas-extremas-y-precipitaciones-2025x12x18-a.pdf
2025-12-18,060,PONTÓN ABAJO (EMA),LA VEGA,MINISTERIO DE AGRICULTURA,EMAP,32.6,19.6,0.0,https://indomet.gob.do/wp-content/uploads/2025/12/temperaturas-extremas-y-precipitaciones-2025x12x18-a.pdf
2025-12-18,061,PRESA DE TAVERAS (EMA),LA VEGA,PROGRAMA MUNDIAL DE ALIMENTO,EMAP,28.9,18.3,0.0,https://indomet.gob.do/wp-content/uploads/2025/12/temperaturas-extremas-y-precipitaciones-2025x12x18-a.pdf
2025-12-18,062,RESTAURACIÓN,DAJABÓN,MINISTERIO DE AGRICULTURA,EMCI,27.8,13.6,0.0,https://indomet.gob.do/wp-content/uploads/2025/12/temperaturas-extremas-y-precipitaciones-2025x12x18-a.pdf
2025-12-18,063,SABANA GRANDE DE BOYÁ,MONTE PLATA,MINISTERIO DE AGRICULTURA,EMCV,,,0.0,https://indomet.gob.do/wp-content/uploads/2025/12/temperaturas-extremas-y-precipitaciones-2025x12x18-a.pdf
2025-12-18,064,SABANETA (EMA),SANTIAGO RODRÍGUEZ,PROGRAMA MUNDIAL DE ALIMENTO,EMAP,33.7,18.9,0.0,https://indomet.gob.do/wp-content/uploads/2025/12/temperaturas-extremas-y-precipitaciones-2025x12x18-a.pdf
2025-12-18,065,SALCEDO,HERMANAS MIRABAL,PROPIEDAD DEL EMPLEADO,EMCI,,,0.0,https://indomet.gob.do/wp-content/uploads/2025/12/temperaturas-extremas-y-precipitaciones-2025x12x18-a.pdf
2025-12-18,066,SAN CRISTÓBAL,SAN CRISTÓBAL,INSTITUTO POLITÉCNICO LOYOLA,EMCI,31.2,20.0,0.0,https://indomet.gob.do/wp-content/uploads/2025/12/temperaturas-extremas-y-precipitaciones-2025x12x18-a.pdf
2025-12-18,067,SAN FRANCISCO DE MACORÍS,DUARTE,San Francisco de Macorís (UASD),EMCI,30.7,20.6,0.0,https://indomet.gob.do/wp-content/uploads/2025/12/temperaturas-extremas-y-precipitaciones-2025x12x18-a.pdf
2025-12-18,068,SAN JOSÉ DE OCOA,SAN JOSÉ DE OCOA,HOSP. SAN JOSÉ DE OCOA,EMCI,30.9,17.6,0.0,https://indomet.gob.do/wp-content/uploads/2025/12/temperaturas-extremas-y-precipitaciones-2025x12x18-a.pdf
2025-12-18,069,SÁNCHEZ,SAMANÁ,MINISTERIO DE AGRICULTURA,EMCI,29.3,20.4,0.0,https://indomet.gob.do/wp-content/uploads/2025/12/temperaturas-extremas-y-precipitaciones-2025x12x18-a.pdf
2025-12-18,070,SANTIAGO,SANTIAGO,HUACALITO,EMCI,,,0.0,https://indomet.gob.do/wp-content/uploads/2025/12/temperaturas-extremas-y-precipitaciones-2025x12x18-a.pdf
2025-12-18,071,SAJOMA (EMA),SANTIAGO,PLAN SIERRA,EMAI,29.1,19.4,0.0,https://indomet.gob.do/wp-content/uploads/2025/12/temperaturas-extremas-y-precipitaciones-2025x12x18-a.pdf
2025-12-18,072,JARDÍN BOTÁNICO SANTIAGO (EMSANTIAGO,,JARDIN BOTANICO SANTIAGO,EMAI,,,0.0,https://indomet.gob.do/wp-content/uploads/2025/12/temperaturas-extremas-y-precipitaciones-2025x12x18-a.pdf
2025-12-18,073,BUCARA (EMA),SANTIAGO,MINISTERIO DE AGRICULTURA,EMAI,,,0.0,https://indomet.gob.do/wp-content/uploads/2025/12/temperaturas-extremas-y-precipitaciones-2025x12x18-a.pdf
2025-12-18,074,VILLA GONZALE (EMA),SANTIAGO,IGLESIA,EMAI,,,0.0,https://indomet.gob.do/wp-content/uploads/2025/12/temperaturas-extremas-y-precipitaciones-2025x12x18-a.pdf
2025-12-18,075,VILLA VASQUEZ (EMA),MONTE CRISTI,JUNTA DE REGANTES,EMAI,,,0.0,https://indomet.gob.do/wp-content/uploads/2025/12/temperaturas-extremas-y-precipitaciones-2025x12x18-a.pdf
2025-12-18,076,SANTIAGO RODRÍGUEZ,SANTIAGO RODRÍGUEZ,INDOMET,EMCI,34.0,19.5,0.0,https://indomet.gob.do/wp-content/uploads/2025/12/temperaturas-extremas-y-precipitaciones-2025x12x18-a.pdf
2025-12-18,077,SANTO DOMINGO ESTE,SANTO DOMINGO,INDOMET,EMCI,32.6,23.4,0.0,https://indomet.gob.do/wp-content/uploads/2025/12/temperaturas-extremas-y-precipitaciones-2025x12x18-a.pdf
2025-12-18,078,TÁBARA ABAJO,AZUA,INDRHI,EMCI,31.5,18.0,0.0,https://indomet.gob.do/wp-content/uploads/2025/12/temperaturas-extremas-y-precipitaciones-2025x12x18-a.pdf
2025-12-18,079,JIMA ABAJO,LA VEGA,INDOMET,EMCI,32.6,20.0,0.0,https://indomet.gob.do/wp-content/uploads/2025/12/temperaturas-extremas-y-precipitaciones-2025x12x18-a.pdf
2025-12-18,080,TAVERA,SANTIAGO,INDRHI,EMCI,,,0.0,https://indomet.gob.do/wp-content/uploads/2025/12/temperaturas-extremas-y-precipitaciones-2025x12x18-a.pdf
2025-12-18,081,VILLA ALTAGRACIA,SAN CRISTÓBAL,ESCUELA JAVIER ANGULO GURIDI,EMCI,,,0.0,https://indomet.gob.do/wp-content/uploads/2025/12/temperaturas-extremas-y-precipitaciones-2025x12x18-a.pdf
2025-12-18,082,VILLA GONZALES,SANTIAGO,MINISTERIO DE AGRICULTURA,EMCI,,,0.0,https://indomet.gob.do/wp-content/uploads/2025/12/temperaturas-extremas-y-precipitaciones-2025x12x18-a.pdf
2025-12-18,083,VILLA ISABELA,PUERTO PLATA,MINISTERIO DE AGRICULTURA,EMCV,,,0.0,https://indomet.gob.do/wp-content/uploads/2025/12/temperaturas-extremas-y-precipitaciones-2025x12x18-a.pdf
2025-12-18,084,VILLA RIVA,DUARTE,HOSP. MPAL. ALICIA DE LEGENDRE,EMCI,29.0,19.5,0.0,https://indomet.gob.do/wp-content/uploads/2025/12/temperaturas-extremas-y-precipitaciones-2025x12x18-a.pdf
2025-12-19,001,LA VICTORIA,SANTO DOMINGO,CUERPO DE BOMBEROS,EMCI,30.5,21.0,40.8,https://indomet.gob.do/wp-content/uploads/2025/12/temperaturas-extremas-y-precipitaciones-2025x12x19-a.pdf
2025-12-19,002,SANTO DOMINGO ESTE,SANTO DOMINGO,INDOMET,EMCI,32.0,23.0,20.0,https://indomet.gob.do/wp-content/uploads/2025/12/temperaturas-extremas-y-precipitaciones-2025x12x19-a.pdf
2025-12-19,003,ARPT. EL CATEY,SAMANÁ,INDOMET,EMCI,29.0,19.5,14.4,https://indomet.gob.do/wp-content/uploads/2025/12/temperaturas-extremas-y-precipitaciones-2025x12x19-a.pdf
2025-12-19,004,ARPT. LA ISABELA,SANTO DOMINGO,INDOMET,EMCI,31.8,20.0,12.3,https://indomet.gob.do/wp-content/uploads/2025/12/temperaturas-extremas-y-precipitaciones-2025x12x19-a.pdf
2025-12-19,005,RÍO SAN JUAN,MARÍA TRINIDAD SÁNCHEZ,HOSP. MPAL. DR. DESIDERIO ACOSTA,EMCV,30.2,20.8,12.2,https://indomet.gob.do/wp-content/uploads/2025/12/temperaturas-extremas-y-precipitaciones-2025x12x19-a.pdf
2025-12-19,006,CENTRO DE LOS HEROES (EMA),DISTRITO NACIONAL,MINISTERIO DE ENERGIA Y MINA,EMAP,30.7,24.2,9.2,https://indomet.gob.do/wp-content/uploads/2025/12/temperaturas-extremas-y-precipitaciones-2025x12x19-a.pdf
2025-12-19,007,SAMANÁ,SAMANÁ,COMANDANCIA DE PUERTO DE SAMANÁ,EMCI,31.2,17.9,6.2,https://indomet.gob.do/wp-content/uploads/2025/12/temperaturas-extremas-y-precipitaciones-2025x12x19-a.pdf
2025-12-19,008,CABRERA,MARÍA TRINIDAD SÁNCHEZ,ESCUELA ARÍSTIDES FIALLO CABRAL,EMCI,30.0,14.0,4.8,https://indomet.gob.do/wp-content/uploads/2025/12/temperaturas-extremas-y-precipitaciones-2025x12x19-a.pdf
2025-12-19,009,BASE AÉREA DE SAN ISIDRO,SANTO DOMINGO,FUERZA AÉREA DOMINICANA,EMCV,31.1,21.0,4.4,https://indomet.gob.do/wp-content/uploads/2025/12/temperaturas-extremas-y-precipitaciones-2025x12x19-a.pdf
2025-12-19,010,SÁNCHEZ,SAMANÁ,MINISTERIO DE AGRICULTURA,EMCI,29.1,20.4,4.1,https://indomet.gob.do/wp-content/uploads/2025/12/temperaturas-extremas-y-precipitaciones-2025x12x19-a.pdf
2025-12-19,011,GASPAR HERNÁNDEZ,ESPAILLAT,PROPIEDAD DEL EMPLEADO,EMCI,,,2.6,https://indomet.gob.do/wp-content/uploads/2025/12/temperaturas-extremas-y-precipitaciones-2025x12x19-a.pdf
2025-12-19,012,SAN CRISTÓBAL,SAN CRISTÓBAL,INSTITUTO POLITÉCNICO LOYOLA,EMCI,32.0,19.0,2.0,https://indomet.gob.do/wp-content/uploads/2025/12/temperaturas-extremas-y-precipitaciones-2025x12x19-a.pdf
2025-12-19,013,ARPT. DE LAS AMÉRICAS,SANTO DOMINGO,INDOMET,EMCI,31.0,21.5,1.5,https://indomet.gob.do/wp-content/uploads/2025/12/temperaturas-extremas-y-precipitaciones-2025x12x19-a.pdf
2025-12-19,014,RANCHO ARRIBA,SAN JOSÉ DE OCOA,CENTRO TECNOLÓGICO COMUNITARIO,EMCI,27.0,13.9,0.6,https://indomet.gob.do/wp-content/uploads/2025/12/temperaturas-extremas-y-precipitaciones-2025x12x19-a.pdf
2025-12-19,015,EL FACTOR (EMA),MARÍA TRINIDAD SÁNCHEZ,INTEC,EMAP,30.2,20.3,0.5,https://indomet.gob.do/wp-content/uploads/2025/12/temperaturas-extremas-y-precipitaciones-2025x12x19-a.pdf
2025-12-19,016,ANAMUYA (EMA),LA ALTAGRACIA,MINISTERIO DE AGRICULTURA,EMAP,30.6,22.2,0.4,https://indomet.gob.do/wp-content/uploads/2025/12/temperaturas-extremas-y-precipitaciones-2025x12x19-a.pdf
2025-12-19,017,ARPT. DE LA ROMANA,LA ROMANA,INDOMET,EMCI,30.9,19.5,0.4,https://indomet.gob.do/wp-content/uploads/2025/12/temperaturas-extremas-y-precipitaciones-2025x12x19-a.pdf
2025-12-19,018,MICHES (EMA),EL SEIBO,PRIVADA,EMAP,29.7,21.9,0.4,https://indomet.gob.do/wp-content/uploads/2025/12/temperaturas-extremas-y-precipitaciones-2025x12x19-a.pdf
2025-12-19,019,VILLA GONZALE (EMA),SANTIAGO,IGLESIA,EMAI,,,0.4,https://indomet.gob.do/wp-content/uploads/2025/12/temperaturas-extremas-y-precipitaciones-2025x12x19-a.pdf
2025-12-19,020,BAYAGUANA,MONTE PLATA,INDOMET,EMCI,31.6,20.2,0.3,https://indomet.gob.do/wp-content/uploads/2025/12/temperaturas-extremas-y-precipitaciones-2025x12x19-a.pdf
2025-12-19,021,LOS LLANOS,SAN PEDRO DE MACORÍS,MINISTERIO DE AGRICULTURA,EMCI,32.0,20.4,0.3,https://indomet.gob.do/wp-content/uploads/2025/12/temperaturas-extremas-y-precipitaciones-2025x12x19-a.pdf
2025-12-19,022,ARPT. GREGORIO LUPERÓN,PUERTO PLATA,INDOMET,EMCI,29.5,20.5,0.2,https://indomet.gob.do/wp-content/uploads/2025/12/temperaturas-extremas-y-precipitaciones-2025x12x19-a.pdf
2025-12-19,023,BOCA DE MAO (EMA),VALVERDE,MINISTERIO DE AGRICULTURA,EMAP,33.7,21.0,0.2,https://indomet.gob.do/wp-content/uploads/2025/12/temperaturas-extremas-y-precipitaciones-2025x12x19-a.pdf
2025-12-19,024,JUMA BEJUCAL,MONSEÑOR NOUEL,IDIAF,EMCV,32.2,19.4,0.2,https://indomet.gob.do/wp-content/uploads/2025/12/temperaturas-extremas-y-precipitaciones-2025x12x19-a.pdf
2025-12-19,025,MONTE CRISTI,MONTE CRISTI,INDOMET,EMCI,33.4,20.5,0.2,https://indomet.gob.do/wp-content/uploads/2025/12/temperaturas-extremas-y-precipitaciones-2025x12x19-a.pdf
2025-12-19,026,SAN JOSÉ DE OCOA,SAN JOSÉ DE OCOA,HOSP. SAN JOSÉ DE OCOA,EMCI,31.3,17.6,0.2,https://indomet.gob.do/wp-content/uploads/2025/12/temperaturas-extremas-y-precipitaciones-2025x12x19-a.pdf
2025-12-19,027,SAN RAFAEL DEL YUMA,LA ALTAGRACIA,MINISTERIO DE AGRICULTURA,EMCI,31.9,20.5,0.2,https://indomet.gob.do/wp-content/uploads/2025/12/temperaturas-extremas-y-precipitaciones-2025x12x19-a.pdf
2025-12-19,028,ALTAMIRA,PUERTO PLATA,HOSP. MPAL. DE ALTAMIRA,EMCI,29.9,16.9,0.1,https://indomet.gob.do/wp-content/uploads/2025/12/temperaturas-extremas-y-precipitaciones-2025x12x19-a.pdf
2025-12-19,029,SABANA GRANDE DE BOYÁ,MONTE PLATA,MINISTERIO DE AGRICULTURA,EMCV,,,0.1,https://indomet.gob.do/wp-content/uploads/2025/12/temperaturas-extremas-y-precipitaciones-2025x12x19-a.pdf
2025-12-19,030,ARPT. ARROYO BARRIL,SAMANÁ,INDOMET,EMCI,30.2,21.6,0.0,https://indomet.gob.do/wp-content/uploads/2025/12/temperaturas-extremas-y-precipitaciones-2025x12x19-a.pdf
2025-12-19,031,ARPT. DE PUNTA CANA,LA ALTAGRACIA,INDOMET,EMCI,30.0,22.9,0.0,https://indomet.gob.do/wp-content/uploads/2025/12/temperaturas-extremas-y-precipitaciones-2025x12x19-a.pdf
2025-12-19,032,ARPT. MARÍA MONTEZ,BARAHONA,INDOMET,EMCI,32.3,19.5,0.0,https://indomet.gob.do/wp-content/uploads/2025/12/temperaturas-extremas-y-precipitaciones-2025x12x19-a.pdf
2025-12-19,033,ARROYO LORO,SAN JUAN,IDIAF,EMCI,33.1,16.7,0.0,https://indomet.gob.do/wp-content/uploads/2025/12/temperaturas-extremas-y-precipitaciones-2025x12x19-a.pdf
2025-12-19,034,BANI (EMA),PERAVIA,MINISTERIO DE AGRICULTURA,EMAP,31.4,22.8,0.0,https://indomet.gob.do/wp-content/uploads/2025/12/temperaturas-extremas-y-precipitaciones-2025x12x19-a.pdf
2025-12-19,035,BONAO,MONSEÑOR NOUEL,MINISTERIO DE AGRICULTURA,EMCV,,,0.0,https://indomet.gob.do/wp-content/uploads/2025/12/temperaturas-extremas-y-precipitaciones-2025x12x19-a.pdf
2025-12-19,036,BUCARA (EMA),SANTIAGO,MINISTERIO DE AGRICULTURA,EMAI,,,0.0,https://indomet.gob.do/wp-content/uploads/2025/12/temperaturas-extremas-y-precipitaciones-2025x12x19-a.pdf
2025-12-19,037,CABRAL,BARAHONA,MINISTERIO DE AGRICULTURA,EMCV,32.4,19.4,0.0,https://indomet.gob.do/wp-content/uploads/2025/12/temperaturas-extremas-y-precipitaciones-2025x12x19-a.pdf
2025-12-19,038,CONSTANZA,LA VEGA,MINISTERIO DE AGRICULTURA,EMCI,26.0,10.0,0.0,https://indomet.gob.do/wp-content/uploads/2025/12/temperaturas-extremas-y-precipitaciones-2025x12x19-a.pdf
2025-12-19,039,CONSTANZA (EMA),LA VEGA,PROGRAMA MUNDIAL DE ALIMENTO,EMAP,24.7,12.7,0.0,https://indomet.gob.do/wp-content/uploads/2025/12/temperaturas-extremas-y-precipitaciones-2025x12x19-a.pdf
2025-12-19,040,DAJABÓN,DAJABÓN,INSTITUTO POLITÉCNICO LOYOLA,EMCI,34.3,22.4,0.0,https://indomet.gob.do/wp-content/uploads/2025/12/temperaturas-extremas-y-precipitaciones-2025x12x19-a.pdf
2025-12-19,041,ENRIQUILLO,BARAHONA,MINISTERIO DE AGRICULTURA,EMCV,33.0,22.5,0.0,https://indomet.gob.do/wp-content/uploads/2025/12/temperaturas-extremas-y-precipitaciones-2025x12x19-a.pdf
2025-12-19,042,ESCONDIDO,PERAVIA,MINISTERIO DE AGRICULTURA,EMCV,31.0,24.0,0.0,https://indomet.gob.do/wp-content/uploads/2025/12/temperaturas-extremas-y-precipitaciones-2025x12x19-a.pdf
2025-12-19,043,GURABO,SANTIAGO,MINISTERIO DE AGRICULTURA,EMCV,,,0.0,https://indomet.gob.do/wp-content/uploads/2025/12/temperaturas-extremas-y-precipitaciones-2025x12x19-a.pdf
2025-12-19,044,HONDO VALLE,ELÍAS PIÑA,MINISTERIO DE AGRICULTURA,EMCI,27.0,10.1,0.0,https://indomet.gob.do/wp-content/uploads/2025/12/temperaturas-extremas-y-precipitaciones-2025x12x19-a.pdf
2025-12-19,045,JARABACOA,LA VEGA,INDRHI / MARENA,EMCI,29.2,13.4,0.0,https://indomet.gob.do/wp-content/uploads/2025/12/temperaturas-extremas-y-precipitaciones-2025x12x19-a.pdf
2025-12-19,046,JARDÍN BOTÁNICO SANTIAGO (EMSANTIAGO,,JARDIN BOTANICO SANTIAGO,EMAI,31.6,19.4,0.0,https://indomet.gob.do/wp-content/uploads/2025/12/temperaturas-extremas-y-precipitaciones-2025x12x19-a.pdf
2025-12-19,047,JIMA ABAJO,LA VEGA,INDOMET,EMCI,29.0,18.0,0.0,https://indomet.gob.do/wp-content/uploads/2025/12/temperaturas-extremas-y-precipitaciones-2025x12x19-a.pdf
2025-12-19,048,JIMANÍ,INDEPENDENCIA,MINISTERIO DE AGRICULTURA,EMCI,33.6,20.8,0.0,https://indomet.gob.do/wp-content/uploads/2025/12/temperaturas-extremas-y-precipitaciones-2025x12x19-a.pdf
2025-12-19,049,LA VEGA,LA VEGA,IATESA,EMCI,33.0,20.0,0.0,https://indomet.gob.do/wp-content/uploads/2025/12/temperaturas-extremas-y-precipitaciones-2025x12x19-a.pdf
2025-12-19,050,LAS CANAS (EMA),MONTE CRISTI,PROGRAMA MUNDIAL DE ALIMENTO,EMAP,28.3,22.4,0.0,https://indomet.gob.do/wp-content/uploads/2025/12/temperaturas-extremas-y-precipitaciones-2025x12x19-a.pdf
2025-12-19,051,LAS MATAS DE SANTA CRUZ (EMA,MONTE CRISTI,PROGRAMA MUNDIAL DE ALIMENTO,EMAP,,,0.0,https://indomet.gob.do/wp-content/uploads/2025/12/temperaturas-extremas-y-precipitaciones-2025x12x19-a.pdf
2025-12-19,052,MAO,VALVERDE,INDRHI / MINISTERIO DE AGRICULTURA,EMCV,,,0.0,https://indomet.gob.do/wp-content/uploads/2025/12/temperaturas-extremas-y-precipitaciones-2025x12x19-a.pdf
2025-12-19,053,MONCIÓN (EMA),SANTIAGO RODRÍGUEZ,PROGRAMA MUNDIAL DE ALIMENTO,EMAP,29.8,18.1,0.0,https://indomet.gob.do/wp-content/uploads/2025/12/temperaturas-extremas-y-precipitaciones-2025x12x19-a.pdf
2025-12-19,054,NAVARRETE,SANTIAGO,MINISTERIO DE AGRICULTURA,EMCV,,,0.0,https://indomet.gob.do/wp-content/uploads/2025/12/temperaturas-extremas-y-precipitaciones-2025x12x19-a.pdf
2025-12-19,055,OLIVARES,PEDERNALES,INDRHI,EMCI,,,0.0,https://indomet.gob.do/wp-content/uploads/2025/12/temperaturas-extremas-y-precipitaciones-2025x12x19-a.pdf
2025-12-19,056,OVIEDO,PEDERNALES,CLÍNICA RURAL OVIEDO,EMCI,32.0,20.8,0.0,https://indomet.gob.do/wp-content/uploads/2025/12/temperaturas-extremas-y-precipitaciones-2025x12x19-a.pdf
2025-12-19,057,PADRE LAS CASAS,AZUA,HOSP. NTRA. SRA. DEL CARMEN,EMCI,32.5,14.5,0.0,https://indomet.gob.do/wp-content/uploads/2025/12/temperaturas-extremas-y-precipitaciones-2025x12x19-a.pdf
2025-12-19,058,PALO ÍNDIO,PUERTO PLATA,MINISTERIO DE AGRICULTURA,EMCI,,,0.0,https://indomet.gob.do/wp-content/uploads/2025/12/temperaturas-extremas-y-precipitaciones-2025x12x19-a.pdf
2025-12-19,059,PEDERNALES,PEDERNALES,INDRHI,EMCI,,,0.0,https://indomet.gob.do/wp-content/uploads/2025/12/temperaturas-extremas-y-precipitaciones-2025x12x19-a.pdf
2025-12-19,060,PERALTA,AZUA,HOSP. MPAL. DE PERALTA,EMCI,30.6,14.6,0.0,https://indomet.gob.do/wp-content/uploads/2025/12/temperaturas-extremas-y-precipitaciones-2025x12x19-a.pdf
2025-12-19,061,PESCADERIA (EMA),BARAHONA,MINISTERIO DE AGRICULTURA,EMAP,,,0.0,https://indomet.gob.do/wp-content/uploads/2025/12/temperaturas-extremas-y-precipitaciones-2025x12x19-a.pdf
2025-12-19,062,POLO,BARAHONA,INDOCAFE,EMCI,27.5,13.5,0.0,https://indomet.gob.do/wp-content/uploads/2025/12/temperaturas-extremas-y-precipitaciones-2025x12x19-a.pdf
2025-12-19,063,PONTÓN ABAJO (EMA),LA VEGA,MINISTERIO DE AGRICULTURA,EMAP,32.8,21.9,0.0,https://indomet.gob.do/wp-content/uploads/2025/12/temperaturas-extremas-y-precipitaciones-2025x12x19-a.pdf
2025-12-19,064,PRESA DE TAVERAS (EMA),LA VEGA,PROGRAMA MUNDIAL DE ALIMENTO,EMAP,30.1,19.5,0.0,https://indomet.gob.do/wp-content/uploads/2025/12/temperaturas-extremas-y-precipitaciones-2025x12x19-a.pdf
2025-12-19,065,RESTAURACIÓN,DAJABÓN,MINISTERIO DE AGRICULTURA,EMCI,27.3,13.9,0.0,https://indomet.gob.do/wp-content/uploads/2025/12/temperaturas-extremas-y-precipitaciones-2025x12x19-a.pdf
2025-12-19,066,SABANA DE LA MAR,HATO MAYOR,INDOMET,EMCI,30.0,20.5,0.0,https://indomet.gob.do/wp-content/uploads/2025/12/temperaturas-extremas-y-precipitaciones-2025x12x19-a.pdf
2025-12-19,067,SABANETA (EMA),SANTIAGO RODRÍGUEZ,PROGRAMA MUNDIAL DE ALIMENTO,EMAP,34.8,20.4,0.0,https://indomet.gob.do/wp-content/uploads/2025/12/temperaturas-extremas-y-precipitaciones-2025x12x19-a.pdf
2025-12-19,068,SAJOMA (EMA),SANTIAGO,PLAN SIERRA,EMAI,30.4,18.7,0.0,https://indomet.gob.do/wp-content/uploads/2025/12/temperaturas-extremas-y-precipitaciones-2025x12x19-a.pdf
2025-12-19,069,SALCEDO,HERMANAS MIRABAL,PROPIEDAD DEL EMPLEADO,EMCI,,,0.0,https://indomet.gob.do/wp-content/uploads/2025/12/temperaturas-extremas-y-precipitaciones-2025x12x19-a.pdf
2025-12-19,070,SANTIAGO RODRÍGUEZ,SANTIAGO RODRÍGUEZ,INDOMET,EMCI,35.2,20.0,0.0,https://indomet.gob.do/wp-content/uploads/2025/12/temperaturas-extremas-y-precipitaciones-2025x12x19-a.pdf
2025-12-19,071,TÁBARA ABAJO,AZUA,INDRHI,EMCI,30.5,19.2,0.0,https://indomet.gob.do/wp-content/uploads/2025/12/temperaturas-extremas-y-precipitaciones-2025x12x19-a.pdf
2025-12-19,072,VILLA RIVA,DUARTE,HOSP. MPAL. ALICIA DE LEGENDRE,EMCI,28.9,20.0,0.0,https://indomet.gob.do/wp-content/uploads/2025/12/temperaturas-extremas-y-precipitaciones-2025x12x19-a.pdf
2025-12-19,073,VILLA VASQUEZ (EMA),MONTE CRISTI,JUNTA DE REGANTES,EMAI,,,0.0,https://indomet.gob.do/wp-content/uploads/2025/12/temperaturas-extremas-y-precipitaciones-2025x12x19-a.pdf
2025-12-20,001,SABANA DE LA MAR,HATO MAYOR,INDOMET,EMCI,30.0,22.0,14.0,https://indomet.gob.do/wp-content/uploads/2025/12/temperaturas-extremas-y-precipitaciones-2025x12x20-a.pdf
2025-12-20,002,ANAMUYA (EMA),LA ALTAGRACIA,MINISTERIO DE AGRICULTURA,EMAP,29.8,21.1,13.8,https://indomet.gob.do/wp-content/uploads/2025/12/temperaturas-extremas-y-precipitaciones-2025x12x20-a.pdf
2025-12-20,003,JUMA BEJUCAL,MONSEÑOR NOUEL,IDIAF,EMCV,31.8,19.6,11.5,https://indomet.gob.do/wp-content/uploads/2025/12/temperaturas-extremas-y-precipitaciones-2025x12x20-a.pdf
2025-12-20,004,JIMANÍ,INDEPENDENCIA,MINISTERIO DE AGRICULTURA,EMCI,33.4,23.2,10.0,https://indomet.gob.do/wp-content/uploads/2025/12/temperaturas-extremas-y-precipitaciones-2025x12x20-a.pdf
2025-12-20,005,PALO ÍNDIO,PUERTO PLATA,MINISTERIO DE AGRICULTURA,EMCI,,,8.4,https://indomet.gob.do/wp-content/uploads/2025/12/temperaturas-extremas-y-precipitaciones-2025x12x20-a.pdf
2025-12-20,006,ARPT. ARROYO BARRIL,SAMANÁ,INDOMET,EMCI,31.4,22.7,7.0,https://indomet.gob.do/wp-content/uploads/2025/12/temperaturas-extremas-y-precipitaciones-2025x12x20-a.pdf
2025-12-20,007,ARPT. DE LAS AMÉRICAS,SANTO DOMINGO,INDOMET,EMCI,30.0,21.4,6.4,https://indomet.gob.do/wp-content/uploads/2025/12/temperaturas-extremas-y-precipitaciones-2025x12x20-a.pdf
2025-12-20,008,ARPT. GREGORIO LUPERÓN,PUERTO PLATA,INDOMET,EMCI,30.8,19.0,6.4,https://indomet.gob.do/wp-content/uploads/2025/12/temperaturas-extremas-y-precipitaciones-2025x12x20-a.pdf
2025-12-20,009,ARPT. DE LA ROMANA,LA ROMANA,INDOMET,EMCI,30.8,18.5,6.2,https://indomet.gob.do/wp-content/uploads/2025/12/temperaturas-extremas-y-precipitaciones-2025x12x20-a.pdf
2025-12-20,010,ARPT. DE PUNTA CANA,LA ALTAGRACIA,INDOMET,EMCI,29.5,21.0,6.0,https://indomet.gob.do/wp-content/uploads/2025/12/temperaturas-extremas-y-precipitaciones-2025x12x20-a.pdf
2025-12-20,011,RÍO SAN JUAN,MARÍA TRINIDAD SÁNCHEZ,HOSP. MPAL. DR. DESIDERIO ACOSTA,EMCV,30.7,21.7,6.0,https://indomet.gob.do/wp-content/uploads/2025/12/temperaturas-extremas-y-precipitaciones-2025x12x20-a.pdf
2025-12-20,012,SAMANÁ,SAMANÁ,COMANDANCIA DE PUERTO DE SAMANÁ,EMCI,30.2,18.4,5.6,https://indomet.gob.do/wp-content/uploads/2025/12/temperaturas-extremas-y-precipitaciones-2025x12x20-a.pdf
2025-12-20,013,SAN RAFAEL DEL YUMA,LA ALTAGRACIA,MINISTERIO DE AGRICULTURA,EMCI,29.8,21.2,4.1,https://indomet.gob.do/wp-content/uploads/2025/12/temperaturas-extremas-y-precipitaciones-2025x12x20-a.pdf
2025-12-20,014,GASPAR HERNÁNDEZ,ESPAILLAT,PROPIEDAD DEL EMPLEADO,EMCI,,,3.4,https://indomet.gob.do/wp-content/uploads/2025/12/temperaturas-extremas-y-precipitaciones-2025x12x20-a.pdf
2025-12-20,015,MICHES (EMA),EL SEIBO,PRIVADA,EMAP,29.3,22.4,3.4,https://indomet.gob.do/wp-content/uploads/2025/12/temperaturas-extremas-y-precipitaciones-2025x12x20-a.pdf
2025-12-20,016,JARABACOA,LA VEGA,INDRHI / MARENA,EMCI,30.6,16.0,3.0,https://indomet.gob.do/wp-content/uploads/2025/12/temperaturas-extremas-y-precipitaciones-2025x12x20-a.pdf
2025-12-20,017,ARPT. DEL CIBAO,SANTIAGO,INDOMET,EMCI,32.5,19.0,2.5,https://indomet.gob.do/wp-content/uploads/2025/12/temperaturas-extremas-y-precipitaciones-2025x12x20-a.pdf
2025-12-20,018,BONAO,MONSEÑOR NOUEL,MINISTERIO DE AGRICULTURA,EMCV,,,2.3,https://indomet.gob.do/wp-content/uploads/2025/12/temperaturas-extremas-y-precipitaciones-2025x12x20-a.pdf
2025-12-20,019,BUCARA (EMA),SANTIAGO,MINISTERIO DE AGRICULTURA,EMAI,,,1.8,https://indomet.gob.do/wp-content/uploads/2025/12/temperaturas-extremas-y-precipitaciones-2025x12x20-a.pdf
2025-12-20,020,ARPT. EL CATEY,SAMANÁ,INDOMET,EMCI,28.5,19.5,1.7,https://indomet.gob.do/wp-content/uploads/2025/12/temperaturas-extremas-y-precipitaciones-2025x12x20-a.pdf
2025-12-20,021,RANCHO ARRIBA,SAN JOSÉ DE OCOA,CENTRO TECNOLÓGICO COMUNITARIO,EMCI,27.0,15.4,1.5,https://indomet.gob.do/wp-content/uploads/2025/12/temperaturas-extremas-y-precipitaciones-2025x12x20-a.pdf
2025-12-20,022,CABRERA,MARÍA TRINIDAD SÁNCHEZ,ESCUELA ARÍSTIDES FIALLO CABRAL,EMCI,31.5,22.8,1.4,https://indomet.gob.do/wp-content/uploads/2025/12/temperaturas-extremas-y-precipitaciones-2025x12x20-a.pdf
2025-12-20,023,PONTÓN ABAJO (EMA),LA VEGA,MINISTERIO DE AGRICULTURA,EMAP,33.3,21.4,1.4,https://indomet.gob.do/wp-content/uploads/2025/12/temperaturas-extremas-y-precipitaciones-2025x12x20-a.pdf
2025-12-20,024,VILLA GONZALE (EMA),SANTIAGO,IGLESIA,EMAI,,,1.4,https://indomet.gob.do/wp-content/uploads/2025/12/temperaturas-extremas-y-precipitaciones-2025x12x20-a.pdf
2025-12-20,025,LA VICTORIA,SANTO DOMINGO,CUERPO DE BOMBEROS,EMCI,32.0,21.0,1.3,https://indomet.gob.do/wp-content/uploads/2025/12/temperaturas-extremas-y-precipitaciones-2025x12x20-a.pdf
2025-12-20,026,VILLA RIVA,DUARTE,HOSP. MPAL. ALICIA DE LEGENDRE,EMCI,30.0,20.5,1.3,https://indomet.gob.do/wp-content/uploads/2025/12/temperaturas-extremas-y-precipitaciones-2025x12x20-a.pdf
2025-12-20,027,VALLE NUEVO (EMA),LA VEGA,MARENA,EMAI,16.3,6.7,1.2,https://indomet.gob.do/wp-content/uploads/2025/12/temperaturas-extremas-y-precipitaciones-2025x12x20-a.pdf
2025-12-20,028,VILLA ALTAGRACIA,SAN CRISTÓBAL,ESCUELA JAVIER ANGULO GURIDI,EMCI,,,1.1,https://indomet.gob.do/wp-content/uploads/2025/12/temperaturas-extremas-y-precipitaciones-2025x12x20-a.pdf
2025-12-20,029,EL FACTOR (EMA),MARÍA TRINIDAD SÁNCHEZ,INTEC,EMAP,30.9,21.6,0.8,https://indomet.gob.do/wp-content/uploads/2025/12/temperaturas-extremas-y-precipitaciones-2025x12x20-a.pdf
2025-12-20,030,TAMBORIL,SANTIAGO,MINISTERIO DE AGRICULTURA,EMCV,,,0.8,https://indomet.gob.do/wp-content/uploads/2025/12/temperaturas-extremas-y-precipitaciones-2025x12x20-a.pdf
2025-12-20,031,SANTO DOMINGO ESTE,SANTO DOMINGO,INDOMET,EMCI,31.4,22.4,0.6,https://indomet.gob.do/wp-content/uploads/2025/12/temperaturas-extremas-y-precipitaciones-2025x12x20-a.pdf
2025-12-20,032,CENTRO DE LOS HEROES (EMA),DISTRITO NACIONAL,MINISTERIO DE ENERGIA Y MINA,EMAP,30.6,23.3,0.4,https://indomet.gob.do/wp-content/uploads/2025/12/temperaturas-extremas-y-precipitaciones-2025x12x20-a.pdf
2025-12-20,033,MONTE CRISTI,MONTE CRISTI,INDOMET,EMCI,32.6,22.8,0.4,https://indomet.gob.do/wp-content/uploads/2025/12/temperaturas-extremas-y-precipitaciones-2025x12x20-a.pdf
2025-12-20,034,BANI (EMA),PERAVIA,MINISTERIO DE AGRICULTURA,EMAP,31.3,24.2,0.2,https://indomet.gob.do/wp-content/uploads/2025/12/temperaturas-extremas-y-precipitaciones-2025x12x20-a.pdf
2025-12-20,035,CONSTANZA,LA VEGA,MINISTERIO DE AGRICULTURA,EMCI,25.0,11.5,0.2,https://indomet.gob.do/wp-content/uploads/2025/12/temperaturas-extremas-y-precipitaciones-2025x12x20-a.pdf
2025-12-20,036,PRESA DE TAVERAS (EMA),LA VEGA,PROGRAMA MUNDIAL DE ALIMENTO,EMAP,30.0,19.9,0.2,https://indomet.gob.do/wp-content/uploads/2025/12/temperaturas-extremas-y-precipitaciones-2025x12x20-a.pdf
2025-12-20,037,LA VEGA,LA VEGA,IATESA,EMCI,33.0,19.5,0.1,https://indomet.gob.do/wp-content/uploads/2025/12/temperaturas-extremas-y-precipitaciones-2025x12x20-a.pdf
2025-12-20,038,ARPT. LA ISABELA,SANTO DOMINGO,INDOMET,EMCI,32.0,20.4,0.0,https://indomet.gob.do/wp-content/uploads/2025/12/temperaturas-extremas-y-precipitaciones-2025x12x20-a.pdf
2025-12-20,039,ARPT. MARÍA MONTEZ,BARAHONA,INDOMET,EMCI,32.2,21.2,0.0,https://indomet.gob.do/wp-content/uploads/2025/12/temperaturas-extremas-y-precipitaciones-2025x12x20-a.pdf
2025-12-20,040,ARROYO LORO,SAN JUAN,IDIAF,EMCI,32.2,15.7,0.0,https://indomet.gob.do/wp-content/uploads/2025/12/temperaturas-extremas-y-precipitaciones-2025x12x20-a.pdf
2025-12-20,041,BAYAGUANA,MONTE PLATA,INDOMET,EMCI,30.8,19.2,0.0,https://indomet.gob.do/wp-content/uploads/2025/12/temperaturas-extremas-y-precipitaciones-2025x12x20-a.pdf
2025-12-20,042,BOCA DE MAO (EMA),VALVERDE,MINISTERIO DE AGRICULTURA,EMAP,33.9,20.8,0.0,https://indomet.gob.do/wp-content/uploads/2025/12/temperaturas-extremas-y-precipitaciones-2025x12x20-a.pdf
2025-12-20,043,CABRAL,BARAHONA,MINISTERIO DE AGRICULTURA,EMCV,32.0,20.2,0.0,https://indomet.gob.do/wp-content/uploads/2025/12/temperaturas-extremas-y-precipitaciones-2025x12x20-a.pdf
2025-12-20,044,CONSTANZA (EMA),LA VEGA,PROGRAMA MUNDIAL DE ALIMENTO,EMAP,23.1,14.5,0.0,https://indomet.gob.do/wp-content/uploads/2025/12/temperaturas-extremas-y-precipitaciones-2025x12x20-a.pdf
2025-12-20,045,DAJABÓN,DAJABÓN,INSTITUTO POLITÉCNICO LOYOLA,EMCI,33.0,23.1,0.0,https://indomet.gob.do/wp-content/uploads/2025/12/temperaturas-extremas-y-precipitaciones-2025x12x20-a.pdf
2025-12-20,046,ELÍAS PIÑA,ELÍAS PIÑA,MINISTERIO DE AGRICULTURA,EMCV,,,0.0,https://indomet.gob.do/wp-content/uploads/2025/12/temperaturas-extremas-y-precipitaciones-2025x12x20-a.pdf
2025-12-20,047,ENRIQUILLO,BARAHONA,MINISTERIO DE AGRICULTURA,EMCV,33.5,23.0,0.0,https://indomet.gob.do/wp-content/uploads/2025/12/temperaturas-extremas-y-precipitaciones-2025x12x20-a.pdf
2025-12-20,048,GURABO,SANTIAGO,MINISTERIO DE AGRICULTURA,EMCV,,,0.0,https://indomet.gob.do/wp-content/uploads/2025/12/temperaturas-extremas-y-precipitaciones-2025x12x20-a.pdf
2025-12-20,049,HONDO VALLE,ELÍAS PIÑA,MINISTERIO DE AGRICULTURA,EMCI,27.3,10.6,0.0,https://indomet.gob.do/wp-content/uploads/2025/12/temperaturas-extremas-y-precipitaciones-2025x12x20-a.pdf
2025-12-20,050,LAS CANAS (EMA),MONTE CRISTI,PROGRAMA MUNDIAL DE ALIMENTO,EMAP,28.8,21.4,0.0,https://indomet.gob.do/wp-content/uploads/2025/12/temperaturas-extremas-y-precipitaciones-2025x12x20-a.pdf
2025-12-20,051,LAS MATAS DE SANTA CRUZ (EMA,MONTE CRISTI,PROGRAMA MUNDIAL DE ALIMENTO,EMAP,,,0.0,https://indomet.gob.do/wp-content/uploads/2025/12/temperaturas-extremas-y-precipitaciones-2025x12x20-a.pdf
2025-12-20,052,LOS LLANOS,SAN PEDRO DE MACORÍS,MINISTERIO DE AGRICULTURA,EMCI,31.9,21.0,0.0,https://indomet.gob.do/wp-content/uploads/2025/12/temperaturas-extremas-y-precipitaciones-2025x12x20-a.pdf
2025-12-20,053,MONCIÓN (EMA),SANTIAGO RODRÍGUEZ,PROGRAMA MUNDIAL DE ALIMENTO,EMAP,30.4,16.7,0.0,https://indomet.gob.do/wp-content/uploads/2025/12/temperaturas-extremas-y-precipitaciones-2025x12x20-a.pdf
2025-12-20,054,NAVARRETE,SANTIAGO,MINISTERIO DE AGRICULTURA,EMCV,,,0.0,https://indomet.gob.do/wp-content/uploads/2025/12/temperaturas-extremas-y-precipitaciones-2025x12x20-a.pdf
2025-12-20,055,OLIVARES,PEDERNALES,INDRHI,EMCI,,,0.0,https://indomet.gob.do/wp-content/uploads/2025/12/temperaturas-extremas-y-precipitaciones-2025x12x20-a.pdf
2025-12-20,056,OVIEDO,PEDERNALES,CLÍNICA RURAL OVIEDO,EMCI,32.0,21.5,0.0,https://indomet.gob.do/wp-content/uploads/2025/12/temperaturas-extremas-y-precipitaciones-2025x12x20-a.pdf
2025-12-20,057,PADRE LAS CASAS,AZUA,HOSP. NTRA. SRA. DEL CARMEN,EMCI,32.0,16.7,0.0,https://indomet.gob.do/wp-content/uploads/2025/12/temperaturas-extremas-y-precipitaciones-2025x12x20-a.pdf
2025-12-20,058,PEDERNALES,PEDERNALES,INDRHI,EMCI,,,0.0,https://indomet.gob.do/wp-content/uploads/2025/12/temperaturas-extremas-y-precipitaciones-2025x12x20-a.pdf
2025-12-20,059,PERALTA,AZUA,HOSP. MPAL. DE PERALTA,EMCI,29.8,16.0,0.0,https://indomet.gob.do/wp-content/uploads/2025/12/temperaturas-extremas-y-precipitaciones-2025x12x20-a.pdf
2025-12-20,060,POLO,BARAHONA,INDOCAFE,EMCI,26.2,12.4,0.0,https://indomet.gob.do/wp-content/uploads/2025/12/temperaturas-extremas-y-precipitaciones-2025x12x20-a.pdf
2025-12-20,061,RESTAURACIÓN,DAJABÓN,MINISTERIO DE AGRICULTURA,EMCI,27.6,13.2,0.0,https://indomet.gob.do/wp-content/uploads/2025/12/temperaturas-extremas-y-precipitaciones-2025x12x20-a.pdf
2025-12-20,062,SABANETA (EMA),SANTIAGO RODRÍGUEZ,PROGRAMA MUNDIAL DE ALIMENTO,EMAP,34.2,19.1,0.0,https://indomet.gob.do/wp-content/uploads/2025/12/temperaturas-extremas-y-precipitaciones-2025x12x20-a.pdf
2025-12-20,063,SALCEDO,HERMANAS MIRABAL,PROPIEDAD DEL EMPLEADO,EMCI,,,0.0,https://indomet.gob.do/wp-content/uploads/2025/12/temperaturas-extremas-y-precipitaciones-2025x12x20-a.pdf
2025-12-20,064,SAN CRISTÓBAL,SAN CRISTÓBAL,INSTITUTO POLITÉCNICO LOYOLA,EMCI,31.2,21.2,0.0,https://indomet.gob.do/wp-content/uploads/2025/12/temperaturas-extremas-y-precipitaciones-2025x12x20-a.pdf
2025-12-20,065,SAN JOSÉ DE OCOA,SAN JOSÉ DE OCOA,HOSP. SAN JOSÉ DE OCOA,EMCI,29.9,19.8,0.0,https://indomet.gob.do/wp-content/uploads/2025/12/temperaturas-extremas-y-precipitaciones-2025x12x20-a.pdf
2025-12-20,066,SAJOMA (EMA),SANTIAGO,PLAN SIERRA,EMAI,30.2,18.6,0.0,https://indomet.gob.do/wp-content/uploads/2025/12/temperaturas-extremas-y-precipitaciones-2025x12x20-a.pdf
2025-12-20,067,JARDÍN BOTÁNICO SANTIAGO (EMSANTIAGO,,JARDIN BOTANICO SANTIAGO,EMAI,32.2,20.0,0.0,https://indomet.gob.do/wp-content/uploads/2025/12/temperaturas-extremas-y-precipitaciones-2025x12x20-a.pdf
2025-12-20,068,VILLA VASQUEZ (EMA),MONTE CRISTI,JUNTA DE REGANTES,EMAI,,,0.0,https://indomet.gob.do/wp-content/uploads/2025/12/temperaturas-extremas-y-precipitaciones-2025x12x20-a.pdf
2025-12-20,069,SANTIAGO RODRÍGUEZ,SANTIAGO RODRÍGUEZ,INDOMET,EMCI,34.5,19.6,0.0,https://indomet.gob.do/wp-content/uploads/2025/12/temperaturas-extremas-y-precipitaciones-2025x12x20-a.pdf
2025-12-20,070,TÁBARA ABAJO,AZUA,INDRHI,EMCI,32.2,23.0,0.0,https://indomet.gob.do/wp-content/uploads/2025/12/temperaturas-extremas-y-precipitaciones-2025x12x20-a.pdf
2025-12-20,071,VILLA GONZALES,SANTIAGO,MINISTERIO DE AGRICULTURA,EMCI,,,0.0,https://indomet.gob.do/wp-content/uploads/2025/12/temperaturas-extremas-y-precipitaciones-2025x12x20-a.pdf
2025-12-21,001,ARPT. LA ISABELA,SANTO DOMINGO,INDOMET,EMCI,31.0,22.4,43.9,https://indomet.gob.do/wp-content/uploads/2025/12/temperaturas-extremas-y-precipitaciones-2025x12x21-a.pdf
2025-12-21,002,LA VICTORIA,SANTO DOMINGO,CUERPO DE BOMBEROS,EMCI,31.0,21.0,43.0,https://indomet.gob.do/wp-content/uploads/2025/12/temperaturas-extremas-y-precipitaciones-2025x12x21-a.pdf
2025-12-21,003,ARPT. GREGORIO LUPERÓN,PUERTO PLATA,INDOMET,EMCI,29.0,20.5,22.7,https://indomet.gob.do/wp-content/uploads/2025/12/temperaturas-extremas-y-precipitaciones-2025x12x21-a.pdf
2025-12-21,004,MICHES (EMA),EL SEIBO,PRIVADA,EMAP,29.1,22.6,17.2,https://indomet.gob.do/wp-content/uploads/2025/12/temperaturas-extremas-y-precipitaciones-2025x12x21-a.pdf
2025-12-21,005,SABANA DE LA MAR,HATO MAYOR,INDOMET,EMCI,30.0,22.5,17.1,https://indomet.gob.do/wp-content/uploads/2025/12/temperaturas-extremas-y-precipitaciones-2025x12x21-a.pdf
2025-12-21,006,JARDÍN BOTÁNICO NACIONAL,DISTRITO NACIONAL,JARDÍN BOTÁNICO NACIONAL,EMCV,30.2,18.6,15.4,https://indomet.gob.do/wp-content/uploads/2025/12/temperaturas-extremas-y-precipitaciones-2025x12x21-a.pdf
2025-12-21,007,SAN RAFAEL DEL YUMA,LA ALTAGRACIA,MINISTERIO DE AGRICULTURA,EMCI,30.7,21.5,14.8,https://indomet.gob.do/wp-content/uploads/2025/12/temperaturas-extremas-y-precipitaciones-2025x12x21-a.pdf
2025-12-21,008,ARPT. EL CATEY,SAMANÁ,INDOMET,EMCI,27.0,21.0,13.2,https://indomet.gob.do/wp-content/uploads/2025/12/temperaturas-extremas-y-precipitaciones-2025x12x21-a.pdf
2025-12-21,009,SAN CRISTÓBAL,SAN CRISTÓBAL,INSTITUTO POLITÉCNICO LOYOLA,EMCI,31.0,21.0,10.0,https://indomet.gob.do/wp-content/uploads/2025/12/temperaturas-extremas-y-precipitaciones-2025x12x21-a.pdf
2025-12-21,010,SAMANÁ,SAMANÁ,COMANDANCIA DE PUERTO DE SAMANÁ,EMCI,30.5,18.3,8.2,https://indomet.gob.do/wp-content/uploads/2025/12/temperaturas-extremas-y-precipitaciones-2025x12x21-a.pdf
2025-12-21,011,BANI (EMA),PERAVIA,MINISTERIO DE AGRICULTURA,EMAP,30.7,23.1,7.4,https://indomet.gob.do/wp-content/uploads/2025/12/temperaturas-extremas-y-precipitaciones-2025x12x21-a.pdf
2025-12-21,012,CABRERA,MARÍA TRINIDAD SÁNCHEZ,ESCUELA ARÍSTIDES FIALLO CABRAL,EMCI,31.0,23.0,7.2,https://indomet.gob.do/wp-content/uploads/2025/12/temperaturas-extremas-y-precipitaciones-2025x12x21-a.pdf
2025-12-21,013,LUPERÓN,PUERTO PLATA,MINISTERIO DE AGRICULTURA,EMCV,,,7.1,https://indomet.gob.do/wp-content/uploads/2025/12/temperaturas-extremas-y-precipitaciones-2025x12x21-a.pdf
2025-12-21,014,ARPT. DE LA ROMANA,LA ROMANA,INDOMET,EMCI,30.2,19.5,6.4,https://indomet.gob.do/wp-content/uploads/2025/12/temperaturas-extremas-y-precipitaciones-2025x12x21-a.pdf
2025-12-21,015,ARPT. DE PUNTA CANA,LA ALTAGRACIA,INDOMET,EMCI,30.0,21.0,6.4,https://indomet.gob.do/wp-content/uploads/2025/12/temperaturas-extremas-y-precipitaciones-2025x12x21-a.pdf
2025-12-21,016,PARQUE MIRADOR SUR,DISTRITO NACIONAL,AYUNTAMIENTO,EMCV,32.5,22.4,6.0,https://indomet.gob.do/wp-content/uploads/2025/12/temperaturas-extremas-y-precipitaciones-2025x12x21-a.pdf
2025-12-21,017,RÍO SAN JUAN,MARÍA TRINIDAD SÁNCHEZ,HOSP. MPAL. DR. DESIDERIO ACOSTA,EMCV,29.6,21.6,5.0,https://indomet.gob.do/wp-content/uploads/2025/12/temperaturas-extremas-y-precipitaciones-2025x12x21-a.pdf
2025-12-21,018,ANAMUYA (EMA),LA ALTAGRACIA,MINISTERIO DE AGRICULTURA,EMAP,29.3,21.9,4.2,https://indomet.gob.do/wp-content/uploads/2025/12/temperaturas-extremas-y-precipitaciones-2025x12x21-a.pdf
2025-12-21,019,BASE AÉREA DE SAN ISIDRO,SANTO DOMINGO,FUERZA AÉREA DOMINICANA,EMCV,31.0,21.2,4.0,https://indomet.gob.do/wp-content/uploads/2025/12/temperaturas-extremas-y-precipitaciones-2025x12x21-a.pdf
2025-12-21,020,SALCEDO,HERMANAS MIRABAL,PROPIEDAD DEL EMPLEADO,EMCI,,,3.6,https://indomet.gob.do/wp-content/uploads/2025/12/temperaturas-extremas-y-precipitaciones-2025x12x21-a.pdf
2025-12-21,021,EL FACTOR (EMA),MARÍA TRINIDAD SÁNCHEZ,INTEC,EMAP,29.6,21.3,3.3,https://indomet.gob.do/wp-content/uploads/2025/12/temperaturas-extremas-y-precipitaciones-2025x12x21-a.pdf
2025-12-21,022,RANCHO ARRIBA,SAN JOSÉ DE OCOA,CENTRO TECNOLÓGICO COMUNITARIO,EMCI,25.4,16.6,3.2,https://indomet.gob.do/wp-content/uploads/2025/12/temperaturas-extremas-y-precipitaciones-2025x12x21-a.pdf
2025-12-21,023,VILLA ALTAGRACIA,SAN CRISTÓBAL,ESCUELA JAVIER ANGULO GURIDI,EMCI,,,3.2,https://indomet.gob.do/wp-content/uploads/2025/12/temperaturas-extremas-y-precipitaciones-2025x12x21-a.pdf
2025-12-21,024,ARPT. ARROYO BARRIL,SAMANÁ,INDOMET,EMCI,31.5,22.0,3.0,https://indomet.gob.do/wp-content/uploads/2025/12/temperaturas-extremas-y-precipitaciones-2025x12x21-a.pdf
2025-12-21,025,JIMA ABAJO,LA VEGA,INDOMET,EMCI,32.0,18.4,3.0,https://indomet.gob.do/wp-content/uploads/2025/12/temperaturas-extremas-y-precipitaciones-2025x12x21-a.pdf
2025-12-21,026,CENTRO DE LOS HEROES (EMA),DISTRITO NACIONAL,MINISTERIO DE ENERGIA Y MINA,EMAP,30.6,24.0,2.8,https://indomet.gob.do/wp-content/uploads/2025/12/temperaturas-extremas-y-precipitaciones-2025x12x21-a.pdf
2025-12-21,027,BONAO,MONSEÑOR NOUEL,MINISTERIO DE AGRICULTURA,EMCV,,,2.8,https://indomet.gob.do/wp-content/uploads/2025/12/temperaturas-extremas-y-precipitaciones-2025x12x21-a.pdf
2025-12-21,028,BUCARA (EMA),SANTIAGO,MINISTERIO DE AGRICULTURA,EMAI,,,2.2,https://indomet.gob.do/wp-content/uploads/2025/12/temperaturas-extremas-y-precipitaciones-2025x12x21-a.pdf
2025-12-21,029,GASPAR HERNÁNDEZ,ESPAILLAT,PROPIEDAD DEL EMPLEADO,EMCI,,,2.0,https://indomet.gob.do/wp-content/uploads/2025/12/temperaturas-extremas-y-precipitaciones-2025x12x21-a.pdf
2025-12-21,030,LOS LLANOS,SAN PEDRO DE MACORÍS,MINISTERIO DE AGRICULTURA,EMCI,31.3,21.2,1.6,https://indomet.gob.do/wp-content/uploads/2025/12/temperaturas-extremas-y-precipitaciones-2025x12x21-a.pdf
2025-12-21,031,POLO,BARAHONA,INDOCAFE,EMCI,26.0,15.5,1.6,https://indomet.gob.do/wp-content/uploads/2025/12/temperaturas-extremas-y-precipitaciones-2025x12x21-a.pdf
2025-12-21,032,VILLA RIVA,DUARTE,HOSP. MPAL. ALICIA DE LEGENDRE,EMCI,28.0,20.7,1.5,https://indomet.gob.do/wp-content/uploads/2025/12/temperaturas-extremas-y-precipitaciones-2025x12x21-a.pdf
2025-12-21,033,JUMA BEJUCAL,MONSEÑOR NOUEL,IDIAF,EMCV,31.2,20.2,1.4,https://indomet.gob.do/wp-content/uploads/2025/12/temperaturas-extremas-y-precipitaciones-2025x12x21-a.pdf
2025-12-21,034,CABRAL,BARAHONA,MINISTERIO DE AGRICULTURA,EMCV,31.5,20.6,0.6,https://indomet.gob.do/wp-content/uploads/2025/12/temperaturas-extremas-y-precipitaciones-2025x12x21-a.pdf
2025-12-21,035,PALO ÍNDIO,PUERTO PLATA,MINISTERIO DE AGRICULTURA,EMCI,,,0.5,https://indomet.gob.do/wp-content/uploads/2025/12/temperaturas-extremas-y-precipitaciones-2025x12x21-a.pdf
2025-12-21,036,JIMANÍ,INDEPENDENCIA,MINISTERIO DE AGRICULTURA,EMCI,33.5,22.5,0.3,https://indomet.gob.do/wp-content/uploads/2025/12/temperaturas-extremas-y-precipitaciones-2025x12x21-a.pdf
2025-12-21,037,ARPT. DEL CIBAO,SANTIAGO,INDOMET,EMCI,31.5,19.8,0.2,https://indomet.gob.do/wp-content/uploads/2025/12/temperaturas-extremas-y-precipitaciones-2025x12x21-a.pdf
2025-12-21,038,GURABO,SANTIAGO,MINISTERIO DE AGRICULTURA,EMCV,,,0.2,https://indomet.gob.do/wp-content/uploads/2025/12/temperaturas-extremas-y-precipitaciones-2025x12x21-a.pdf
2025-12-21,039,JARABACOA,LA VEGA,INDRHI / MARENA,EMCI,27.0,14.8,0.2,https://indomet.gob.do/wp-content/uploads/2025/12/temperaturas-extremas-y-precipitaciones-2025x12x21-a.pdf
2025-12-21,040,SAN FRANCISCO DE MACORÍS,DUARTE,San Francisco de Macorís (UASD),EMCI,28.9,21.3,0.2,https://indomet.gob.do/wp-content/uploads/2025/12/temperaturas-extremas-y-precipitaciones-2025x12x21-a.pdf
2025-12-21,041,SANTO DOMINGO ESTE,SANTO DOMINGO,INDOMET,EMCI,31.5,23.0,0.2,https://indomet.gob.do/wp-content/uploads/2025/12/temperaturas-extremas-y-precipitaciones-2025x12x21-a.pdf
2025-12-21,042,BAYAGUANA,MONTE PLATA,INDOMET,EMCI,31.0,20.5,0.1,https://indomet.gob.do/wp-content/uploads/2025/12/temperaturas-extremas-y-precipitaciones-2025x12x21-a.pdf
2025-12-21,043,SABANA GRANDE DE BOYÁ,MONTE PLATA,MINISTERIO DE AGRICULTURA,EMCV,,,0.1,https://indomet.gob.do/wp-content/uploads/2025/12/temperaturas-extremas-y-precipitaciones-2025x12x21-a.pdf
2025-12-21,044,ARPT. DE LAS AMÉRICAS,SANTO DOMINGO,INDOMET,EMCI,30.0,21.1,0.0,https://indomet.gob.do/wp-content/uploads/2025/12/temperaturas-extremas-y-precipitaciones-2025x12x21-a.pdf
2025-12-21,045,ARPT. MARÍA MONTEZ,BARAHONA,INDOMET,EMCI,31.7,22.0,0.0,https://indomet.gob.do/wp-content/uploads/2025/12/temperaturas-extremas-y-precipitaciones-2025x12x21-a.pdf
2025-12-21,046,ARROYO LORO,SAN JUAN,IDIAF,EMCI,31.8,15.6,0.0,https://indomet.gob.do/wp-content/uploads/2025/12/temperaturas-extremas-y-precipitaciones-2025x12x21-a.pdf
2025-12-21,047,BOCA DE MAO (EMA),VALVERDE,MINISTERIO DE AGRICULTURA,EMAP,32.6,21.0,0.0,https://indomet.gob.do/wp-content/uploads/2025/12/temperaturas-extremas-y-precipitaciones-2025x12x21-a.pdf
2025-12-21,048,BOHECHÍO,SAN JUAN,MINISTERIO DE AGRICULTURA,EMCV,,,0.0,https://indomet.gob.do/wp-content/uploads/2025/12/temperaturas-extremas-y-precipitaciones-2025x12x21-a.pdf
2025-12-21,049,CONSTANZA,LA VEGA,MINISTERIO DE AGRICULTURA,EMCI,24.0,9.8,0.0,https://indomet.gob.do/wp-content/uploads/2025/12/temperaturas-extremas-y-precipitaciones-2025x12x21-a.pdf
2025-12-21,050,CONSTANZA (EMA),LA VEGA,PROGRAMA MUNDIAL DE ALIMENTO,EMAP,,,0.0,https://indomet.gob.do/wp-content/uploads/2025/12/temperaturas-extremas-y-precipitaciones-2025x12x21-a.pdf
2025-12-21,051,DAJABÓN,DAJABÓN,INSTITUTO POLITÉCNICO LOYOLA,EMCI,34.1,19.2,0.0,https://indomet.gob.do/wp-content/uploads/2025/12/temperaturas-extremas-y-precipitaciones-2025x12x21-a.pdf
2025-12-21,052,ELÍAS PIÑA,ELÍAS PIÑA,MINISTERIO DE AGRICULTURA,EMCV,,,0.0,https://indomet.gob.do/wp-content/uploads/2025/12/temperaturas-extremas-y-precipitaciones-2025x12x21-a.pdf
2025-12-21,053,ENRIQUILLO,BARAHONA,MINISTERIO DE AGRICULTURA,EMCV,33.0,22.5,0.0,https://indomet.gob.do/wp-content/uploads/2025/12/temperaturas-extremas-y-precipitaciones-2025x12x21-a.pdf
2025-12-21,054,ESCONDIDO,PERAVIA,MINISTERIO DE AGRICULTURA,EMCV,31.0,23.0,0.0,https://indomet.gob.do/wp-content/uploads/2025/12/temperaturas-extremas-y-precipitaciones-2025x12x21-a.pdf
2025-12-21,055,HATO MAYOR,HATO MAYOR,MINISTERIO DE AGRICULTURA,EMCV,,,0.0,https://indomet.gob.do/wp-content/uploads/2025/12/temperaturas-extremas-y-precipitaciones-2025x12x21-a.pdf
2025-12-21,056,HONDO VALLE,ELÍAS PIÑA,MINISTERIO DE AGRICULTURA,EMCI,27.4,11.4,0.0,https://indomet.gob.do/wp-content/uploads/2025/12/temperaturas-extremas-y-precipitaciones-2025x12x21-a.pdf
2025-12-21,057,JARDÍN BOTÁNICO SANTIAGO (EMSANTIAGO,,JARDIN BOTANICO SANTIAGO,EMAI,29.0,21.3,0.0,https://indomet.gob.do/wp-content/uploads/2025/12/temperaturas-extremas-y-precipitaciones-2025x12x21-a.pdf
2025-12-21,058,LA VEGA,LA VEGA,IATESA,EMCI,31.5,20.0,0.0,https://indomet.gob.do/wp-content/uploads/2025/12/temperaturas-extremas-y-precipitaciones-2025x12x21-a.pdf
2025-12-21,059,LAS CANAS (EMA),MONTE CRISTI,PROGRAMA MUNDIAL DE ALIMENTO,EMAP,27.2,22.9,0.0,https://indomet.gob.do/wp-content/uploads/2025/12/temperaturas-extremas-y-precipitaciones-2025x12x21-a.pdf
2025-12-21,060,LAS MATAS DE SANTA CRUZ,MONTE CRISTI,INDRHI,EMCV,,,0.0,https://indomet.gob.do/wp-content/uploads/2025/12/temperaturas-extremas-y-precipitaciones-2025x12x21-a.pdf
2025-12-21,061,LAS MATAS DE SANTA CRUZ (EMA,MONTE CRISTI,PROGRAMA MUNDIAL DE ALIMENTO,EMAP,,,0.0,https://indomet.gob.do/wp-content/uploads/2025/12/temperaturas-extremas-y-precipitaciones-2025x12x21-a.pdf
2025-12-21,062,MAO,VALVERDE,INDRHI / MINISTERIO DE AGRICULTURA,EMCV,,,0.0,https://indomet.gob.do/wp-content/uploads/2025/12/temperaturas-extremas-y-precipitaciones-2025x12x21-a.pdf
2025-12-21,063,MONCIÓN (EMA),SANTIAGO RODRÍGUEZ,PROGRAMA MUNDIAL DE ALIMENTO,EMAP,29.7,17.1,0.0,https://indomet.gob.do/wp-content/uploads/2025/12/temperaturas-extremas-y-precipitaciones-2025x12x21-a.pdf
2025-12-21,064,MONTE CRISTI,MONTE CRISTI,INDOMET,EMCI,31.7,22.4,0.0,https://indomet.gob.do/wp-content/uploads/2025/12/temperaturas-extremas-y-precipitaciones-2025x12x21-a.pdf
2025-12-21,065,NAVARRETE,SANTIAGO,MINISTERIO DE AGRICULTURA,EMCV,,,0.0,https://indomet.gob.do/wp-content/uploads/2025/12/temperaturas-extremas-y-precipitaciones-2025x12x21-a.pdf
2025-12-21,066,OLIVARES,PEDERNALES,INDRHI,EMCI,,,0.0,https://indomet.gob.do/wp-content/uploads/2025/12/temperaturas-extremas-y-precipitaciones-2025x12x21-a.pdf
2025-12-21,067,OVIEDO,PEDERNALES,CLÍNICA RURAL OVIEDO,EMCI,32.0,20.5,0.0,https://indomet.gob.do/wp-content/uploads/2025/12/temperaturas-extremas-y-precipitaciones-2025x12x21-a.pdf
2025-12-21,068,PADRE LAS CASAS,AZUA,HOSP. NTRA. SRA. DEL CARMEN,EMCI,30.7,15.5,0.0,https://indomet.gob.do/wp-content/uploads/2025/12/temperaturas-extremas-y-precipitaciones-2025x12x21-a.pdf
2025-12-21,069,PEDERNALES,PEDERNALES,INDRHI,EMCI,,,0.0,https://indomet.gob.do/wp-content/uploads/2025/12/temperaturas-extremas-y-precipitaciones-2025x12x21-a.pdf
2025-12-21,070,PERALTA,AZUA,HOSP. MPAL. DE PERALTA,EMCI,29.5,17.1,0.0,https://indomet.gob.do/wp-content/uploads/2025/12/temperaturas-extremas-y-precipitaciones-2025x12x21-a.pdf
2025-12-21,071,PESCADERIA (EMA),BARAHONA,MINISTERIO DE AGRICULTURA,EMAP,,,0.0,https://indomet.gob.do/wp-content/uploads/2025/12/temperaturas-extremas-y-precipitaciones-2025x12x21-a.pdf
2025-12-21,072,PONTÓN ABAJO (EMA),LA VEGA,MINISTERIO DE AGRICULTURA,EMAP,30.6,20.0,0.0,https://indomet.gob.do/wp-content/uploads/2025/12/temperaturas-extremas-y-precipitaciones-2025x12x21-a.pdf
2025-12-21,073,PRESA DE TAVERAS (EMA),LA VEGA,PROGRAMA MUNDIAL DE ALIMENTO,EMAP,29.8,18.7,0.0,https://indomet.gob.do/wp-content/uploads/2025/12/temperaturas-extremas-y-precipitaciones-2025x12x21-a.pdf
2025-12-21,074,RESTAURACIÓN,DAJABÓN,MINISTERIO DE AGRICULTURA,EMCI,27.1,13.4,0.0,https://indomet.gob.do/wp-content/uploads/2025/12/temperaturas-extremas-y-precipitaciones-2025x12x21-a.pdf
2025-12-21,075,SABANETA (EMA),SANTIAGO RODRÍGUEZ,PROGRAMA MUNDIAL DE ALIMENTO,EMAP,31.3,18.8,0.0,https://indomet.gob.do/wp-content/uploads/2025/12/temperaturas-extremas-y-precipitaciones-2025x12x21-a.pdf
2025-12-21,076,SAJOMA (EMA),SANTIAGO,PLAN SIERRA,EMAI,30.2,21.2,0.0,https://indomet.gob.do/wp-content/uploads/2025/12/temperaturas-extremas-y-precipitaciones-2025x12x21-a.pdf
2025-12-21,077,SAN JOSÉ DE OCOA,SAN JOSÉ DE OCOA,HOSP. SAN JOSÉ DE OCOA,EMCI,28.0,20.1,0.0,https://indomet.gob.do/wp-content/uploads/2025/12/temperaturas-extremas-y-precipitaciones-2025x12x21-a.pdf
2025-12-21,078,SÁNCHEZ,SAMANÁ,MINISTERIO DE AGRICULTURA,EMCI,29.5,21.0,0.0,https://indomet.gob.do/wp-content/uploads/2025/12/temperaturas-extremas-y-precipitaciones-2025x12x21-a.pdf
2025-12-21,079,SANTIAGO RODRÍGUEZ,SANTIAGO RODRÍGUEZ,INDOMET,EMCI,32.0,19.4,0.0,https://indomet.gob.do/wp-content/uploads/2025/12/temperaturas-extremas-y-precipitaciones-2025x12x21-a.pdf
2025-12-21,080,TÁBARA ABAJO,AZUA,INDRHI,EMCI,33.0,20.2,0.0,https://indomet.gob.do/wp-content/uploads/2025/12/temperaturas-extremas-y-precipitaciones-2025x12x21-a.pdf
2025-12-21,081,TAMBORIL,SANTIAGO,MINISTERIO DE AGRICULTURA,EMCV,,,0.0,https://indomet.gob.do/wp-content/uploads/2025/12/temperaturas-extremas-y-precipitaciones-2025x12x21-a.pdf
2025-12-21,082,VILLA GONZALE (EMA),SANTIAGO,IGLESIA,EMAI,,,0.0,https://indomet.gob.do/wp-content/uploads/2025/12/temperaturas-extremas-y-precipitaciones-2025x12x21-a.pdf
2025-12-21,083,VILLA GONZALES,SANTIAGO,MINISTERIO DE AGRICULTURA,EMCI,,,0.0,https://indomet.gob.do/wp-content/uploads/2025/12/temperaturas-extremas-y-precipitaciones-2025x12x21-a.pdf
2025-12-21,084,VILLA ISABELA,PUERTO PLATA,MINISTERIO DE AGRICULTURA,EMCV,,,0.0,https://indomet.gob.do/wp-content/uploads/2025/12/temperaturas-extremas-y-precipitaciones-2025x12x21-a.pdf
2025-12-21,085,VILLA VASQUEZ (EMA),MONTE CRISTI,JUNTA DE REGANTES,EMAI,,,0.0,https://indomet.gob.do/wp-content/uploads/2025/12/temperaturas-extremas-y-precipitaciones-2025x12x21-a.pdf
2025-12-22,001,SAMANÁ,SAMANÁ,COMANDANCIA DE PUERTO DE SAMANÁ,EMCI,29.0,17.5,50.8,https://indomet.gob.do/wp-content/uploads/2025/12/temperaturas-extremas-y-precipitaciones-2025x12x22-a.pdf
2025-12-22,002,ARPT. DE LAS AMÉRICAS,SANTO DOMINGO,INDOMET,EMCI,30.0,21.0,38.4,https://indomet.gob.do/wp-content/uploads/2025/12/temperaturas-extremas-y-precipitaciones-2025x12x22-a.pdf
2025-12-22,003,ARPT. ARROYO BARRIL,SAMANÁ,INDOMET,EMCI,29.3,22.0,30.4,https://indomet.gob.do/wp-content/uploads/2025/12/temperaturas-extremas-y-precipitaciones-2025x12x22-a.pdf
2025-12-22,004,LOS JENGIBRES,NAGUA,INDRHI,EMCI,,,27.3,https://indomet.gob.do/wp-content/uploads/2025/12/temperaturas-extremas-y-precipitaciones-2025x12x22-a.pdf
2025-12-22,005,ARPT. GREGORIO LUPERÓN,PUERTO PLATA,INDOMET,EMCI,29.0,21.5,25.6,https://indomet.gob.do/wp-content/uploads/2025/12/temperaturas-extremas-y-precipitaciones-2025x12x22-a.pdf
2025-12-22,006,BONAO,MONSEÑOR NOUEL,MINISTERIO DE AGRICULTURA,EMCV,,,23.6,https://indomet.gob.do/wp-content/uploads/2025/12/temperaturas-extremas-y-precipitaciones-2025x12x22-a.pdf
2025-12-22,007,SANTO DOMINGO ESTE,SANTO DOMINGO,INDOMET,EMCI,31.0,23.0,22.9,https://indomet.gob.do/wp-content/uploads/2025/12/temperaturas-extremas-y-precipitaciones-2025x12x22-a.pdf
2025-12-22,008,ARPT. LA ISABELA,SANTO DOMINGO,INDOMET,EMCI,30.5,21.6,19.5,https://indomet.gob.do/wp-content/uploads/2025/12/temperaturas-extremas-y-precipitaciones-2025x12x22-a.pdf
2025-12-22,009,JARABACOA,LA VEGA,INDRHI / MARENA,EMCI,27.6,15.6,18.3,https://indomet.gob.do/wp-content/uploads/2025/12/temperaturas-extremas-y-precipitaciones-2025x12x22-a.pdf
2025-12-22,010,CENTRO DE LOS HEROES (EMA),DISTRITO NACIONAL,MINISTERIO DE ENERGIA Y MINA,EMAP,29.7,23.3,17.8,https://indomet.gob.do/wp-content/uploads/2025/12/temperaturas-extremas-y-precipitaciones-2025x12x22-a.pdf
2025-12-22,011,SAN CRISTÓBAL,SAN CRISTÓBAL,INSTITUTO POLITÉCNICO LOYOLA,EMCI,30.2,21.2,17.7,https://indomet.gob.do/wp-content/uploads/2025/12/temperaturas-extremas-y-precipitaciones-2025x12x22-a.pdf
2025-12-22,012,LA VICTORIA,SANTO DOMINGO,CUERPO DE BOMBEROS,EMCI,30.8,20.6,14.9,https://indomet.gob.do/wp-content/uploads/2025/12/temperaturas-extremas-y-precipitaciones-2025x12x22-a.pdf
2025-12-22,013,VILLA RIVA,DUARTE,HOSP. MPAL. ALICIA DE LEGENDRE,EMCI,28.3,21.0,14.2,https://indomet.gob.do/wp-content/uploads/2025/12/temperaturas-extremas-y-precipitaciones-2025x12x22-a.pdf
2025-12-22,014,BASE AÉREA DE SAN ISIDRO,SANTO DOMINGO,FUERZA AÉREA DOMINICANA,EMCV,30.0,21.5,14.0,https://indomet.gob.do/wp-content/uploads/2025/12/temperaturas-extremas-y-precipitaciones-2025x12x22-a.pdf
2025-12-22,015,JARDÍN BOTÁNICO NACIONAL,DISTRITO NACIONAL,JARDÍN BOTÁNICO NACIONAL,EMCV,29.8,19.1,13.0,https://indomet.gob.do/wp-content/uploads/2025/12/temperaturas-extremas-y-precipitaciones-2025x12x22-a.pdf
2025-12-22,016,SAN FRANCISCO DE MACORÍS,DUARTE,San Francisco de Macorís (UASD),EMCI,26.6,21.1,12.6,https://indomet.gob.do/wp-content/uploads/2025/12/temperaturas-extremas-y-precipitaciones-2025x12x22-a.pdf
2025-12-22,017,RÍO SAN JUAN,MARÍA TRINIDAD SÁNCHEZ,HOSP. MPAL. DR. DESIDERIO ACOSTA,EMCV,29.6,21.8,11.7,https://indomet.gob.do/wp-content/uploads/2025/12/temperaturas-extremas-y-precipitaciones-2025x12x22-a.pdf
2025-12-22,018,LUPERÓN,PUERTO PLATA,MINISTERIO DE AGRICULTURA,EMCV,,,11.2,https://indomet.gob.do/wp-content/uploads/2025/12/temperaturas-extremas-y-precipitaciones-2025x12x22-a.pdf
2025-12-22,019,MICHES (EMA),EL SEIBO,PRIVADA,EMAP,28.4,21.7,10.8,https://indomet.gob.do/wp-content/uploads/2025/12/temperaturas-extremas-y-precipitaciones-2025x12x22-a.pdf
2025-12-22,020,EL FACTOR (EMA),MARÍA TRINIDAD SÁNCHEZ,INTEC,EMAP,30.3,21.9,10.7,https://indomet.gob.do/wp-content/uploads/2025/12/temperaturas-extremas-y-precipitaciones-2025x12x22-a.pdf
2025-12-22,021,VILLA ALTAGRACIA,SAN CRISTÓBAL,ESCUELA JAVIER ANGULO GURIDI,EMCI,,,10.7,https://indomet.gob.do/wp-content/uploads/2025/12/temperaturas-extremas-y-precipitaciones-2025x12x22-a.pdf
2025-12-22,022,SÁNCHEZ,SAMANÁ,MINISTERIO DE AGRICULTURA,EMCI,27.1,20.6,10.5,https://indomet.gob.do/wp-content/uploads/2025/12/temperaturas-extremas-y-precipitaciones-2025x12x22-a.pdf
2025-12-22,023,SALCEDO,HERMANAS MIRABAL,PROPIEDAD DEL EMPLEADO,EMCI,,,10.0,https://indomet.gob.do/wp-content/uploads/2025/12/temperaturas-extremas-y-precipitaciones-2025x12x22-a.pdf
2025-12-22,024,PALO ÍNDIO,PUERTO PLATA,MINISTERIO DE AGRICULTURA,EMCI,,,9.7,https://indomet.gob.do/wp-content/uploads/2025/12/temperaturas-extremas-y-precipitaciones-2025x12x22-a.pdf
2025-12-22,025,SABANA GRANDE DE BOYÁ,MONTE PLATA,MINISTERIO DE AGRICULTURA,EMCV,,,9.7,https://indomet.gob.do/wp-content/uploads/2025/12/temperaturas-extremas-y-precipitaciones-2025x12x22-a.pdf
2025-12-22,026,LA VEGA,LA VEGA,IATESA,EMCI,29.5,21.0,8.7,https://indomet.gob.do/wp-content/uploads/2025/12/temperaturas-extremas-y-precipitaciones-2025x12x22-a.pdf
2025-12-22,027,SABANA DE LA MAR,HATO MAYOR,INDOMET,EMCI,30.0,22.5,8.6,https://indomet.gob.do/wp-content/uploads/2025/12/temperaturas-extremas-y-precipitaciones-2025x12x22-a.pdf
2025-12-22,028,JIMA ABAJO,LA VEGA,INDOMET,EMCI,31.0,18.0,8.4,https://indomet.gob.do/wp-content/uploads/2025/12/temperaturas-extremas-y-precipitaciones-2025x12x22-a.pdf
2025-12-22,029,GASPAR HERNÁNDEZ,ESPAILLAT,PROPIEDAD DEL EMPLEADO,EMCI,,,8.0,https://indomet.gob.do/wp-content/uploads/2025/12/temperaturas-extremas-y-precipitaciones-2025x12x22-a.pdf
2025-12-22,030,BUCARA (EMA),SANTIAGO,MINISTERIO DE AGRICULTURA,EMAI,,,7.2,https://indomet.gob.do/wp-content/uploads/2025/12/temperaturas-extremas-y-precipitaciones-2025x12x22-a.pdf
2025-12-22,031,PONTÓN ABAJO (EMA),LA VEGA,MINISTERIO DE AGRICULTURA,EMAP,30.4,21.6,6.8,https://indomet.gob.do/wp-content/uploads/2025/12/temperaturas-extremas-y-precipitaciones-2025x12x22-a.pdf
2025-12-22,032,ARPT. DE LA ROMANA,LA ROMANA,INDOMET,EMCI,28.5,20.4,6.0,https://indomet.gob.do/wp-content/uploads/2025/12/temperaturas-extremas-y-precipitaciones-2025x12x22-a.pdf
2025-12-22,033,HATO MAYOR,HATO MAYOR,MINISTERIO DE AGRICULTURA,EMCV,,,5.6,https://indomet.gob.do/wp-content/uploads/2025/12/temperaturas-extremas-y-precipitaciones-2025x12x22-a.pdf
2025-12-22,034,ARPT. EL CATEY,SAMANÁ,INDOMET,EMCI,27.7,20.5,5.0,https://indomet.gob.do/wp-content/uploads/2025/12/temperaturas-extremas-y-precipitaciones-2025x12x22-a.pdf
2025-12-22,035,SAN RAFAEL DEL YUMA,LA ALTAGRACIA,MINISTERIO DE AGRICULTURA,EMCI,30.0,21.0,4.4,https://indomet.gob.do/wp-content/uploads/2025/12/temperaturas-extremas-y-precipitaciones-2025x12x22-a.pdf
2025-12-22,036,RANCHO ARRIBA,SAN JOSÉ DE OCOA,CENTRO TECNOLÓGICO COMUNITARIO,EMCI,26.8,18.5,4.2,https://indomet.gob.do/wp-content/uploads/2025/12/temperaturas-extremas-y-precipitaciones-2025x12x22-a.pdf
2025-12-22,037,TAVERA,SANTIAGO,INDRHI,EMCI,,,4.0,https://indomet.gob.do/wp-content/uploads/2025/12/temperaturas-extremas-y-precipitaciones-2025x12x22-a.pdf
2025-12-22,038,BAYAGUANA,MONTE PLATA,INDOMET,EMCI,29.8,21.4,3.5,https://indomet.gob.do/wp-content/uploads/2025/12/temperaturas-extremas-y-precipitaciones-2025x12x22-a.pdf
2025-12-22,039,CONSTANZA,LA VEGA,MINISTERIO DE AGRICULTURA,EMCI,24.7,14.5,3.2,https://indomet.gob.do/wp-content/uploads/2025/12/temperaturas-extremas-y-precipitaciones-2025x12x22-a.pdf
2025-12-22,040,CONSTANZA (EMA),LA VEGA,PROGRAMA MUNDIAL DE ALIMENTO,EMAP,23.7,15.8,3.0,https://indomet.gob.do/wp-content/uploads/2025/12/temperaturas-extremas-y-precipitaciones-2025x12x22-a.pdf
2025-12-22,041,PRESA DE TAVERAS (EMA),LA VEGA,PROGRAMA MUNDIAL DE ALIMENTO,EMAP,28.8,19.6,3.0,https://indomet.gob.do/wp-content/uploads/2025/12/temperaturas-extremas-y-precipitaciones-2025x12x22-a.pdf
2025-12-22,042,BANI (EMA),PERAVIA,MINISTERIO DE AGRICULTURA,EMAP,30.9,23.5,2.6,https://indomet.gob.do/wp-content/uploads/2025/12/temperaturas-extremas-y-precipitaciones-2025x12x22-a.pdf
2025-12-22,043,CABRERA,MARÍA TRINIDAD SÁNCHEZ,ESCUELA ARÍSTIDES FIALLO CABRAL,EMCI,31.5,23.0,2.6,https://indomet.gob.do/wp-content/uploads/2025/12/temperaturas-extremas-y-precipitaciones-2025x12x22-a.pdf
2025-12-22,044,POLO,BARAHONA,INDOCAFE,EMCI,28.0,12.0,2.4,https://indomet.gob.do/wp-content/uploads/2025/12/temperaturas-extremas-y-precipitaciones-2025x12x22-a.pdf
2025-12-22,045,GURABO,SANTIAGO,MINISTERIO DE AGRICULTURA,EMCV,,,2.0,https://indomet.gob.do/wp-content/uploads/2025/12/temperaturas-extremas-y-precipitaciones-2025x12x22-a.pdf
2025-12-22,046,JUMA BEJUCAL,MONSEÑOR NOUEL,IDIAF,EMCV,29.0,20.6,2.0,https://indomet.gob.do/wp-content/uploads/2025/12/temperaturas-extremas-y-precipitaciones-2025x12x22-a.pdf
2025-12-22,047,MONTE CRISTI,MONTE CRISTI,INDOMET,EMCI,31.0,22.5,1.7,https://indomet.gob.do/wp-content/uploads/2025/12/temperaturas-extremas-y-precipitaciones-2025x12x22-a.pdf
2025-12-22,048,ANAMUYA (EMA),LA ALTAGRACIA,MINISTERIO DE AGRICULTURA,EMAP,29.4,22.9,1.6,https://indomet.gob.do/wp-content/uploads/2025/12/temperaturas-extremas-y-precipitaciones-2025x12x22-a.pdf
2025-12-22,049,PASO AL MEDIO,SAN PEDRO DE MACORÍS,INDRHI,EMCI,,,1.5,https://indomet.gob.do/wp-content/uploads/2025/12/temperaturas-extremas-y-precipitaciones-2025x12x22-a.pdf
2025-12-22,050,ARPT. DE PUNTA CANA,LA ALTAGRACIA,INDOMET,EMCI,29.8,21.0,1.4,https://indomet.gob.do/wp-content/uploads/2025/12/temperaturas-extremas-y-precipitaciones-2025x12x22-a.pdf
2025-12-22,051,ARPT. DEL CIBAO,SANTIAGO,INDOMET,EMCI,29.6,18.6,1.4,https://indomet.gob.do/wp-content/uploads/2025/12/temperaturas-extremas-y-precipitaciones-2025x12x22-a.pdf
2025-12-22,052,PERALTA,AZUA,HOSP. MPAL. DE PERALTA,EMCI,30.0,17.2,0.8,https://indomet.gob.do/wp-content/uploads/2025/12/temperaturas-extremas-y-precipitaciones-2025x12x22-a.pdf
2025-12-22,053,SAN JOSÉ DE OCOA,SAN JOSÉ DE OCOA,HOSP. SAN JOSÉ DE OCOA,EMCI,30.0,19.2,0.8,https://indomet.gob.do/wp-content/uploads/2025/12/temperaturas-extremas-y-precipitaciones-2025x12x22-a.pdf
2025-12-22,054,VILLA GONZALE (EMA),SANTIAGO,IGLESIA,EMAI,,,0.6,https://indomet.gob.do/wp-content/uploads/2025/12/temperaturas-extremas-y-precipitaciones-2025x12x22-a.pdf
2025-12-22,055,JARDÍN BOTÁNICO SANTIAGO (EMSANTIAGO,,JARDIN BOTANICO SANTIAGO,EMAI,31.2,21.6,0.4,https://indomet.gob.do/wp-content/uploads/2025/12/temperaturas-extremas-y-precipitaciones-2025x12x22-a.pdf
2025-12-22,056,CABRAL,BARAHONA,MINISTERIO DE AGRICULTURA,EMCV,32.2,21.3,0.2,https://indomet.gob.do/wp-content/uploads/2025/12/temperaturas-extremas-y-precipitaciones-2025x12x22-a.pdf
2025-12-22,057,PADRE LAS CASAS,AZUA,HOSP. NTRA. SRA. DEL CARMEN,EMCI,31.5,17.5,0.2,https://indomet.gob.do/wp-content/uploads/2025/12/temperaturas-extremas-y-precipitaciones-2025x12x22-a.pdf
2025-12-22,058,ARPT. MARÍA MONTEZ,BARAHONA,INDOMET,EMCI,32.0,21.3,0.0,https://indomet.gob.do/wp-content/uploads/2025/12/temperaturas-extremas-y-precipitaciones-2025x12x22-a.pdf
2025-12-22,059,ARROYO LORO,SAN JUAN,IDIAF,EMCI,32.7,17.9,0.0,https://indomet.gob.do/wp-content/uploads/2025/12/temperaturas-extremas-y-precipitaciones-2025x12x22-a.pdf
2025-12-22,060,BOCA DE MAO (EMA),VALVERDE,MINISTERIO DE AGRICULTURA,EMAP,34.3,22.0,0.0,https://indomet.gob.do/wp-content/uploads/2025/12/temperaturas-extremas-y-precipitaciones-2025x12x22-a.pdf
2025-12-22,061,DAJABÓN,DAJABÓN,INSTITUTO POLITÉCNICO LOYOLA,EMCI,34.3,18.8,0.0,https://indomet.gob.do/wp-content/uploads/2025/12/temperaturas-extremas-y-precipitaciones-2025x12x22-a.pdf
2025-12-22,062,ELÍAS PIÑA,ELÍAS PIÑA,MINISTERIO DE AGRICULTURA,EMCV,,,0.0,https://indomet.gob.do/wp-content/uploads/2025/12/temperaturas-extremas-y-precipitaciones-2025x12x22-a.pdf
2025-12-22,063,ENRIQUILLO,BARAHONA,MINISTERIO DE AGRICULTURA,EMCV,32.8,22.7,0.0,https://indomet.gob.do/wp-content/uploads/2025/12/temperaturas-extremas-y-precipitaciones-2025x12x22-a.pdf
2025-12-22,064,HONDO VALLE,ELÍAS PIÑA,MINISTERIO DE AGRICULTURA,EMCI,27.7,11.1,0.0,https://indomet.gob.do/wp-content/uploads/2025/12/temperaturas-extremas-y-precipitaciones-2025x12x22-a.pdf
2025-12-22,065,JIMANÍ,INDEPENDENCIA,MINISTERIO DE AGRICULTURA,EMCI,33.6,22.2,0.0,https://indomet.gob.do/wp-content/uploads/2025/12/temperaturas-extremas-y-precipitaciones-2025x12x22-a.pdf
2025-12-22,066,LAS CANAS (EMA),MONTE CRISTI,PROGRAMA MUNDIAL DE ALIMENTO,EMAP,27.3,21.8,0.0,https://indomet.gob.do/wp-content/uploads/2025/12/temperaturas-extremas-y-precipitaciones-2025x12x22-a.pdf
2025-12-22,067,LAS MATAS DE FARFÁN,SAN JUAN,MINISTERIO DE AGRICULTURA,EMCV,,,0.0,https://indomet.gob.do/wp-content/uploads/2025/12/temperaturas-extremas-y-precipitaciones-2025x12x22-a.pdf
2025-12-22,068,LAS MATAS DE SANTA CRUZ (EMA,MONTE CRISTI,PROGRAMA MUNDIAL DE ALIMENTO,EMAP,,,0.0,https://indomet.gob.do/wp-content/uploads/2025/12/temperaturas-extremas-y-precipitaciones-2025x12x22-a.pdf
2025-12-22,069,MAO,VALVERDE,INDRHI / MINISTERIO DE AGRICULTURA,EMCV,,,0.0,https://indomet.gob.do/wp-content/uploads/2025/12/temperaturas-extremas-y-precipitaciones-2025x12x22-a.pdf
2025-12-22,070,MONCIÓN (EMA),SANTIAGO RODRÍGUEZ,PROGRAMA MUNDIAL DE ALIMENTO,EMAP,29.6,18.3,0.0,https://indomet.gob.do/wp-content/uploads/2025/12/temperaturas-extremas-y-precipitaciones-2025x12x22-a.pdf
2025-12-22,071,NAVARRETE,SANTIAGO,MINISTERIO DE AGRICULTURA,EMCV,,,0.0,https://indomet.gob.do/wp-content/uploads/2025/12/temperaturas-extremas-y-precipitaciones-2025x12x22-a.pdf
2025-12-22,072,OLIVARES,PEDERNALES,INDRHI,EMCI,,,0.0,https://indomet.gob.do/wp-content/uploads/2025/12/temperaturas-extremas-y-precipitaciones-2025x12x22-a.pdf
2025-12-22,073,OVIEDO,PEDERNALES,CLÍNICA RURAL OVIEDO,EMCI,31.8,21.0,0.0,https://indomet.gob.do/wp-content/uploads/2025/12/temperaturas-extremas-y-precipitaciones-2025x12x22-a.pdf
2025-12-22,074,PEDERNALES,PEDERNALES,INDRHI,EMCI,,,0.0,https://indomet.gob.do/wp-content/uploads/2025/12/temperaturas-extremas-y-precipitaciones-2025x12x22-a.pdf
2025-12-22,075,RESTAURACIÓN,DAJABÓN,MINISTERIO DE AGRICULTURA,EMCI,26.5,11.7,0.0,https://indomet.gob.do/wp-content/uploads/2025/12/temperaturas-extremas-y-precipitaciones-2025x12x22-a.pdf
2025-12-22,076,SABANETA (EMA),SANTIAGO RODRÍGUEZ,PROGRAMA MUNDIAL DE ALIMENTO,EMAP,33.0,20.4,0.0,https://indomet.gob.do/wp-content/uploads/2025/12/temperaturas-extremas-y-precipitaciones-2025x12x22-a.pdf
2025-12-22,077,SANTIAGO,SANTIAGO,HUACALITO,EMCI,,,0.0,https://indomet.gob.do/wp-content/uploads/2025/12/temperaturas-extremas-y-precipitaciones-2025x12x22-a.pdf
2025-12-22,078,VILLA VASQUEZ (EMA),MONTE CRISTI,JUNTA DE REGANTES,EMAI,,,0.0,https://indomet.gob.do/wp-content/uploads/2025/12/temperaturas-extremas-y-precipitaciones-2025x12x22-a.pdf
2025-12-22,079,SANTIAGO RODRÍGUEZ,SANTIAGO RODRÍGUEZ,INDOMET,EMCI,33.5,22.0,0.0,https://indomet.gob.do/wp-content/uploads/2025/12/temperaturas-extremas-y-precipitaciones-2025x12x22-a.pdf
2025-12-22,080,TÁBARA ABAJO,AZUA,INDRHI,EMCI,32.0,21.5,0.0,https://indomet.gob.do/wp-content/uploads/2025/12/temperaturas-extremas-y-precipitaciones-2025x12x22-a.pdf
2025-12-22,081,VILLA GONZALES,SANTIAGO,MINISTERIO DE AGRICULTURA,EMCI,,,0.0,https://indomet.gob.do/wp-content/uploads/2025/12/temperaturas-extremas-y-precipitaciones-2025x12x22-a.pdf
2025-12-24,001,BONAO,MONSEÑOR NOUEL,MINISTERIO DE AGRICULTURA,EMCV,,,43.7,https://indomet.gob.do/wp-content/uploads/2025/12/temperaturas-extremas-y-precipitaciones-2025x12x24-a.pdf
2025-12-24,002,JIMA ABAJO,LA VEGA,INDOMET,EMCI,30.0,19.0,32.2,https://indomet.gob.do/wp-content/uploads/2025/12/temperaturas-extremas-y-precipitaciones-2025x12x24-a.pdf
2025-12-24,003,JUMA BEJUCAL,MONSEÑOR NOUEL,IDIAF,EMCV,26.4,20.0,30.7,https://indomet.gob.do/wp-content/uploads/2025/12/temperaturas-extremas-y-precipitaciones-2025x12x24-a.pdf
2025-12-24,004,JARABACOA,LA VEGA,INDRHI / MARENA,EMCI,25.2,16.6,27.4,https://indomet.gob.do/wp-content/uploads/2025/12/temperaturas-extremas-y-precipitaciones-2025x12x24-a.pdf
2025-12-24,005,MICHES (EMA),EL SEIBO,PRIVADA,EMAP,,26.9,24.5,https://indomet.gob.do/wp-content/uploads/2025/12/temperaturas-extremas-y-precipitaciones-2025x12x24-a.pdf
2025-12-24,006,EL FACTOR (EMA),MARÍA TRINIDAD SÁNCHEZ,INTEC,EMAP,29.2,19.3,23.1,https://indomet.gob.do/wp-content/uploads/2025/12/temperaturas-extremas-y-precipitaciones-2025x12x24-a.pdf
2025-12-24,007,ARPT. DE PUNTA CANA,LA ALTAGRACIA,INDOMET,EMCI,29.4,21.8,21.0,https://indomet.gob.do/wp-content/uploads/2025/12/temperaturas-extremas-y-precipitaciones-2025x12x24-a.pdf
2025-12-24,008,LA VEGA,LA VEGA,IATESA,EMCI,29.0,20.0,16.6,https://indomet.gob.do/wp-content/uploads/2025/12/temperaturas-extremas-y-precipitaciones-2025x12x24-a.pdf
2025-12-24,009,GURABO,SANTIAGO,MINISTERIO DE AGRICULTURA,EMCV,,,14.7,https://indomet.gob.do/wp-content/uploads/2025/12/temperaturas-extremas-y-precipitaciones-2025x12x24-a.pdf
2025-12-24,010,BUCARA (EMA),SANTIAGO,MINISTERIO DE AGRICULTURA,EMAI,,,14.2,https://indomet.gob.do/wp-content/uploads/2025/12/temperaturas-extremas-y-precipitaciones-2025x12x24-a.pdf
2025-12-24,011,ARPT. EL CATEY,SAMANÁ,INDOMET,EMCI,29.0,21.6,10.1,https://indomet.gob.do/wp-content/uploads/2025/12/temperaturas-extremas-y-precipitaciones-2025x12x24-a.pdf
2025-12-24,012,ARPT. LA ISABELA,SANTO DOMINGO,INDOMET,EMCI,29.0,21.8,7.8,https://indomet.gob.do/wp-content/uploads/2025/12/temperaturas-extremas-y-precipitaciones-2025x12x24-a.pdf
2025-12-24,013,VILLA RIVA,DUARTE,HOSP. MPAL. ALICIA DE LEGENDRE,EMCI,27.4,19.4,7.6,https://indomet.gob.do/wp-content/uploads/2025/12/temperaturas-extremas-y-precipitaciones-2025x12x24-a.pdf
2025-12-24,014,PONTÓN ABAJO (EMA),LA VEGA,MINISTERIO DE AGRICULTURA,EMAP,28.1,21.3,6.8,https://indomet.gob.do/wp-content/uploads/2025/12/temperaturas-extremas-y-precipitaciones-2025x12x24-a.pdf
2025-12-24,015,LOS LLANOS,SAN PEDRO DE MACORÍS,MINISTERIO DE AGRICULTURA,EMCI,29.0,19.0,6.5,https://indomet.gob.do/wp-content/uploads/2025/12/temperaturas-extremas-y-precipitaciones-2025x12x24-a.pdf
2025-12-24,016,SALCEDO,HERMANAS MIRABAL,PROPIEDAD DEL EMPLEADO,EMCI,,,6.0,https://indomet.gob.do/wp-content/uploads/2025/12/temperaturas-extremas-y-precipitaciones-2025x12x24-a.pdf
2025-12-24,017,CONSTANZA,LA VEGA,MINISTERIO DE AGRICULTURA,EMCI,22.8,12.6,5.5,https://indomet.gob.do/wp-content/uploads/2025/12/temperaturas-extremas-y-precipitaciones-2025x12x24-a.pdf
2025-12-24,018,ANAMUYA (EMA),LA ALTAGRACIA,MINISTERIO DE AGRICULTURA,EMAP,27.6,21.4,5.2,https://indomet.gob.do/wp-content/uploads/2025/12/temperaturas-extremas-y-precipitaciones-2025x12x24-a.pdf
2025-12-24,019,CONSTANZA (EMA),LA VEGA,PROGRAMA MUNDIAL DE ALIMENTO,EMAP,21.4,14.1,4.8,https://indomet.gob.do/wp-content/uploads/2025/12/temperaturas-extremas-y-precipitaciones-2025x12x24-a.pdf
2025-12-24,020,RANCHO ARRIBA,SAN JOSÉ DE OCOA,CENTRO TECNOLÓGICO COMUNITARIO,EMCI,24.8,17.5,4.6,https://indomet.gob.do/wp-content/uploads/2025/12/temperaturas-extremas-y-precipitaciones-2025x12x24-a.pdf
2025-12-24,021,CENTRO DE LOS HEROES (EMA),DISTRITO NACIONAL,MINISTERIO DE ENERGIA Y MINA,EMAP,28.4,22.4,4.2,https://indomet.gob.do/wp-content/uploads/2025/12/temperaturas-extremas-y-precipitaciones-2025x12x24-a.pdf
2025-12-24,022,SAN RAFAEL DEL YUMA,LA ALTAGRACIA,MINISTERIO DE AGRICULTURA,EMCI,29.3,18.6,4.1,https://indomet.gob.do/wp-content/uploads/2025/12/temperaturas-extremas-y-precipitaciones-2025x12x24-a.pdf
2025-12-24,023,ENRIQUILLO,BARAHONA,MINISTERIO DE AGRICULTURA,EMCV,32.8,19.5,4.0,https://indomet.gob.do/wp-content/uploads/2025/12/temperaturas-extremas-y-precipitaciones-2025x12x24-a.pdf
2025-12-24,024,SAMANÁ,SAMANÁ,COMANDANCIA DE PUERTO DE SAMANÁ,EMCI,28.4,16.5,4.0,https://indomet.gob.do/wp-content/uploads/2025/12/temperaturas-extremas-y-precipitaciones-2025x12x24-a.pdf
2025-12-24,025,ARPT. DE LAS AMÉRICAS,SANTO DOMINGO,INDOMET,EMCI,29.0,21.4,3.9,https://indomet.gob.do/wp-content/uploads/2025/12/temperaturas-extremas-y-precipitaciones-2025x12x24-a.pdf
2025-12-24,026,PRESA DE TAVERAS (EMA),LA VEGA,PROGRAMA MUNDIAL DE ALIMENTO,EMAP,25.4,19.4,3.8,https://indomet.gob.do/wp-content/uploads/2025/12/temperaturas-extremas-y-precipitaciones-2025x12x24-a.pdf
2025-12-24,027,ARPT. DEL CIBAO,SANTIAGO,INDOMET,EMCI,28.5,20.4,3.5,https://indomet.gob.do/wp-content/uploads/2025/12/temperaturas-extremas-y-precipitaciones-2025x12x24-a.pdf
2025-12-24,028,MONCIÓN (EMA),SANTIAGO RODRÍGUEZ,PROGRAMA MUNDIAL DE ALIMENTO,EMAP,26.2,19.4,3.4,https://indomet.gob.do/wp-content/uploads/2025/12/temperaturas-extremas-y-precipitaciones-2025x12x24-a.pdf
2025-12-24,029,JARDÍN BOTÁNICO SANTIAGO (EMSANTIAGO,,JARDIN BOTANICO SANTIAGO,EMAI,27.6,18.1,3.4,https://indomet.gob.do/wp-content/uploads/2025/12/temperaturas-extremas-y-precipitaciones-2025x12x24-a.pdf
2025-12-24,030,RÍO SAN JUAN,MARÍA TRINIDAD SÁNCHEZ,HOSP. MPAL. DR. DESIDERIO ACOSTA,EMCV,28.8,23.5,3.2,https://indomet.gob.do/wp-content/uploads/2025/12/temperaturas-extremas-y-precipitaciones-2025x12x24-a.pdf
2025-12-24,031,HATO MAYOR,HATO MAYOR,MINISTERIO DE AGRICULTURA,EMCV,,,2.8,https://indomet.gob.do/wp-content/uploads/2025/12/temperaturas-extremas-y-precipitaciones-2025x12x24-a.pdf
2025-12-24,032,SAJOMA (EMA),SANTIAGO,PLAN SIERRA,EMAI,26.6,17.7,2.6,https://indomet.gob.do/wp-content/uploads/2025/12/temperaturas-extremas-y-precipitaciones-2025x12x24-a.pdf
2025-12-24,033,SAN CRISTÓBAL,SAN CRISTÓBAL,INSTITUTO POLITÉCNICO LOYOLA,EMCI,30.2,20.0,2.5,https://indomet.gob.do/wp-content/uploads/2025/12/temperaturas-extremas-y-precipitaciones-2025x12x24-a.pdf
2025-12-24,034,ARPT. DE LA ROMANA,LA ROMANA,INDOMET,EMCI,29.0,20.2,2.3,https://indomet.gob.do/wp-content/uploads/2025/12/temperaturas-extremas-y-precipitaciones-2025x12x24-a.pdf
2025-12-24,035,ARPT. ARROYO BARRIL,SAMANÁ,INDOMET,EMCI,27.8,22.0,2.0,https://indomet.gob.do/wp-content/uploads/2025/12/temperaturas-extremas-y-precipitaciones-2025x12x24-a.pdf
2025-12-24,036,BAYAGUANA,MONTE PLATA,INDOMET,EMCI,28.5,20.8,1.6,https://indomet.gob.do/wp-content/uploads/2025/12/temperaturas-extremas-y-precipitaciones-2025x12x24-a.pdf
2025-12-24,037,SANTO DOMINGO ESTE,SANTO DOMINGO,INDOMET,EMCI,29.0,22.2,1.6,https://indomet.gob.do/wp-content/uploads/2025/12/temperaturas-extremas-y-precipitaciones-2025x12x24-a.pdf
2025-12-24,038,VILLA GONZALE (EMA),SANTIAGO,IGLESIA,EMAI,,,1.5,https://indomet.gob.do/wp-content/uploads/2025/12/temperaturas-extremas-y-precipitaciones-2025x12x24-a.pdf
2025-12-24,039,VILLA GONZALES,SANTIAGO,MINISTERIO DE AGRICULTURA,EMCI,,,1.5,https://indomet.gob.do/wp-content/uploads/2025/12/temperaturas-extremas-y-precipitaciones-2025x12x24-a.pdf
2025-12-24,040,SABANA DE LA MAR,HATO MAYOR,INDOMET,EMCI,28.0,20.5,1.5,https://indomet.gob.do/wp-content/uploads/2025/12/temperaturas-extremas-y-precipitaciones-2025x12x24-a.pdf
2025-12-24,041,SÁNCHEZ,SAMANÁ,MINISTERIO DE AGRICULTURA,EMCI,27.7,20.6,1.2,https://indomet.gob.do/wp-content/uploads/2025/12/temperaturas-extremas-y-precipitaciones-2025x12x24-a.pdf
2025-12-24,042,PALO ÍNDIO,PUERTO PLATA,MINISTERIO DE AGRICULTURA,EMCI,,,0.8,https://indomet.gob.do/wp-content/uploads/2025/12/temperaturas-extremas-y-precipitaciones-2025x12x24-a.pdf
2025-12-24,043,LA VICTORIA,SANTO DOMINGO,CUERPO DE BOMBEROS,EMCI,29.6,20.5,0.7,https://indomet.gob.do/wp-content/uploads/2025/12/temperaturas-extremas-y-precipitaciones-2025x12x24-a.pdf
2025-12-24,044,PADRE LAS CASAS,AZUA,HOSP. NTRA. SRA. DEL CARMEN,EMCI,30.4,14.5,0.6,https://indomet.gob.do/wp-content/uploads/2025/12/temperaturas-extremas-y-precipitaciones-2025x12x24-a.pdf
2025-12-24,045,CABRERA,MARÍA TRINIDAD SÁNCHEZ,ESCUELA ARÍSTIDES FIALLO CABRAL,EMCI,30.5,23.5,0.4,https://indomet.gob.do/wp-content/uploads/2025/12/temperaturas-extremas-y-precipitaciones-2025x12x24-a.pdf
2025-12-24,046,ARPT. GREGORIO LUPERÓN,PUERTO PLATA,INDOMET,EMCI,29.3,21.5,0.3,https://indomet.gob.do/wp-content/uploads/2025/12/temperaturas-extremas-y-precipitaciones-2025x12x24-a.pdf
2025-12-24,047,ARROYO LORO,SAN JUAN,IDIAF,EMCI,30.6,17.8,0.1,https://indomet.gob.do/wp-content/uploads/2025/12/temperaturas-extremas-y-precipitaciones-2025x12x24-a.pdf
2025-12-24,048,HONDO VALLE,ELÍAS PIÑA,MINISTERIO DE AGRICULTURA,EMCI,27.1,10.1,0.1,https://indomet.gob.do/wp-content/uploads/2025/12/temperaturas-extremas-y-precipitaciones-2025x12x24-a.pdf
2025-12-24,049,RESTAURACIÓN,DAJABÓN,MINISTERIO DE AGRICULTURA,EMCI,27.3,12.1,0.1,https://indomet.gob.do/wp-content/uploads/2025/12/temperaturas-extremas-y-precipitaciones-2025x12x24-a.pdf
2025-12-24,050,ARPT. MARÍA MONTEZ,BARAHONA,INDOMET,EMCI,31.8,20.0,0.0,https://indomet.gob.do/wp-content/uploads/2025/12/temperaturas-extremas-y-precipitaciones-2025x12x24-a.pdf
2025-12-24,051,BANI (EMA),PERAVIA,MINISTERIO DE AGRICULTURA,EMAP,29.8,23.4,0.0,https://indomet.gob.do/wp-content/uploads/2025/12/temperaturas-extremas-y-precipitaciones-2025x12x24-a.pdf
2025-12-24,052,BOCA DE MAO (EMA),VALVERDE,MINISTERIO DE AGRICULTURA,EMAP,29.8,19.7,0.0,https://indomet.gob.do/wp-content/uploads/2025/12/temperaturas-extremas-y-precipitaciones-2025x12x24-a.pdf
2025-12-24,053,CABRAL,BARAHONA,MINISTERIO DE AGRICULTURA,EMCV,31.6,20.9,0.0,https://indomet.gob.do/wp-content/uploads/2025/12/temperaturas-extremas-y-precipitaciones-2025x12x24-a.pdf
2025-12-24,054,ELÍAS PIÑA,ELÍAS PIÑA,MINISTERIO DE AGRICULTURA,EMCV,,,0.0,https://indomet.gob.do/wp-content/uploads/2025/12/temperaturas-extremas-y-precipitaciones-2025x12x24-a.pdf
2025-12-24,055,GASPAR HERNÁNDEZ,ESPAILLAT,PROPIEDAD DEL EMPLEADO,EMCI,,,0.0,https://indomet.gob.do/wp-content/uploads/2025/12/temperaturas-extremas-y-precipitaciones-2025x12x24-a.pdf
2025-12-24,056,JIMANÍ,INDEPENDENCIA,MINISTERIO DE AGRICULTURA,EMCI,33.0,21.6,0.0,https://indomet.gob.do/wp-content/uploads/2025/12/temperaturas-extremas-y-precipitaciones-2025x12x24-a.pdf
2025-12-24,057,LAS CANAS (EMA),MONTE CRISTI,PROGRAMA MUNDIAL DE ALIMENTO,EMAP,26.8,22.0,0.0,https://indomet.gob.do/wp-content/uploads/2025/12/temperaturas-extremas-y-precipitaciones-2025x12x24-a.pdf
2025-12-24,058,LAS MATAS DE SANTA CRUZ (EMA,MONTE CRISTI,PROGRAMA MUNDIAL DE ALIMENTO,EMAP,,,0.0,https://indomet.gob.do/wp-content/uploads/2025/12/temperaturas-extremas-y-precipitaciones-2025x12x24-a.pdf
2025-12-24,059,MONTE CRISTI,MONTE CRISTI,INDOMET,EMCI,30.2,22.7,0.0,https://indomet.gob.do/wp-content/uploads/2025/12/temperaturas-extremas-y-precipitaciones-2025x12x24-a.pdf
2025-12-24,060,OLIVARES,PEDERNALES,INDRHI,EMCI,,,0.0,https://indomet.gob.do/wp-content/uploads/2025/12/temperaturas-extremas-y-precipitaciones-2025x12x24-a.pdf
2025-12-24,061,OVIEDO,PEDERNALES,CLÍNICA RURAL OVIEDO,EMCI,31.8,20.5,0.0,https://indomet.gob.do/wp-content/uploads/2025/12/temperaturas-extremas-y-precipitaciones-2025x12x24-a.pdf
2025-12-24,062,PEDERNALES,PEDERNALES,INDRHI,EMCI,,,0.0,https://indomet.gob.do/wp-content/uploads/2025/12/temperaturas-extremas-y-precipitaciones-2025x12x24-a.pdf
2025-12-24,063,PERALTA,AZUA,HOSP. MPAL. DE PERALTA,EMCI,30.3,14.5,0.0,https://indomet.gob.do/wp-content/uploads/2025/12/temperaturas-extremas-y-precipitaciones-2025x12x24-a.pdf
2025-12-24,064,POLO,BARAHONA,INDOCAFE,EMCI,,15.5,0.0,https://indomet.gob.do/wp-content/uploads/2025/12/temperaturas-extremas-y-precipitaciones-2025x12x24-a.pdf
2025-12-24,065,SABANETA (EMA),SANTIAGO RODRÍGUEZ,PROGRAMA MUNDIAL DE ALIMENTO,EMAP,29.9,21.0,0.0,https://indomet.gob.do/wp-content/uploads/2025/12/temperaturas-extremas-y-precipitaciones-2025x12x24-a.pdf
2025-12-24,066,SAN JOSÉ DE OCOA,SAN JOSÉ DE OCOA,HOSP. SAN JOSÉ DE OCOA,EMCI,29.4,19.0,0.0,https://indomet.gob.do/wp-content/uploads/2025/12/temperaturas-extremas-y-precipitaciones-2025x12x24-a.pdf
2025-12-24,067,VILLA VASQUEZ (EMA),MONTE CRISTI,JUNTA DE REGANTES,EMAI,,,0.0,https://indomet.gob.do/wp-content/uploads/2025/12/temperaturas-extremas-y-precipitaciones-2025x12x24-a.pdf
2025-12-24,068,SANTIAGO RODRÍGUEZ,SANTIAGO RODRÍGUEZ,INDOMET,EMCI,30.7,21.0,0.0,https://indomet.gob.do/wp-content/uploads/2025/12/temperaturas-extremas-y-precipitaciones-2025x12x24-a.pdf
2025-12-24,069,TÁBARA ABAJO,AZUA,INDRHI,EMCI,31.7,18.2,0.0,https://indomet.gob.do/wp-content/uploads/2025/12/temperaturas-extremas-y-precipitaciones-2025x12x24-a.pdf
2025-12-24,070,VILLA ISABELA,PUERTO PLATA,MINISTERIO DE AGRICULTURA,EMCV,,,0.0,https://indomet.gob.do/wp-content/uploads/2025/12/temperaturas-extremas-y-precipitaciones-2025x12x24-a.pdf
2025-12-25,001,OLIVARES,PEDERNALES,INDRHI,EMCI,,,15.0,https://indomet.gob.do/wp-content/uploads/2025/12/temperaturas-extremas-y-precipitaciones-2025x12x25-a.pdf
2025-12-25,002,PEDERNALES,PEDERNALES,INDRHI,EMCI,,,14.2,https://indomet.gob.do/wp-content/uploads/2025/12/temperaturas-extremas-y-precipitaciones-2025x12x25-a.pdf
2025-12-25,003,OVIEDO,PEDERNALES,CLÍNICA RURAL OVIEDO,EMCI,30.0,19.0,2.6,https://indomet.gob.do/wp-content/uploads/2025/12/temperaturas-extremas-y-precipitaciones-2025x12x25-a.pdf
2025-12-25,004,JIMA ABAJO,LA VEGA,INDOMET,EMCI,30.2,18.0,2.0,https://indomet.gob.do/wp-content/uploads/2025/12/temperaturas-extremas-y-precipitaciones-2025x12x25-a.pdf
2025-12-25,005,EL FACTOR (EMA),MARÍA TRINIDAD SÁNCHEZ,INTEC,EMAP,28.8,17.3,0.6,https://indomet.gob.do/wp-content/uploads/2025/12/temperaturas-extremas-y-precipitaciones-2025x12x25-a.pdf
2025-12-25,006,MICHES (EMA),EL SEIBO,PRIVADA,EMAP,27.6,19.0,0.6,https://indomet.gob.do/wp-content/uploads/2025/12/temperaturas-extremas-y-precipitaciones-2025x12x25-a.pdf
2025-12-25,007,PRESA DE TAVERAS (EMA),LA VEGA,PROGRAMA MUNDIAL DE ALIMENTO,EMAP,25.9,15.1,0.6,https://indomet.gob.do/wp-content/uploads/2025/12/temperaturas-extremas-y-precipitaciones-2025x12x25-a.pdf
2025-12-25,008,SAMANÁ,SAMANÁ,COMANDANCIA DE PUERTO DE SAMANÁ,EMCI,28.3,14.9,0.6,https://indomet.gob.do/wp-content/uploads/2025/12/temperaturas-extremas-y-precipitaciones-2025x12x25-a.pdf
2025-12-25,009,ARPT. DE PUNTA CANA,LA ALTAGRACIA,INDOMET,EMCI,28.2,19.4,0.5,https://indomet.gob.do/wp-content/uploads/2025/12/temperaturas-extremas-y-precipitaciones-2025x12x25-a.pdf
2025-12-25,010,ARPT. GREGORIO LUPERÓN,PUERTO PLATA,INDOMET,EMCI,28.6,22.0,0.4,https://indomet.gob.do/wp-content/uploads/2025/12/temperaturas-extremas-y-precipitaciones-2025x12x25-a.pdf
2025-12-25,011,SÁNCHEZ,SAMANÁ,MINISTERIO DE AGRICULTURA,EMCI,27.8,19.0,0.4,https://indomet.gob.do/wp-content/uploads/2025/12/temperaturas-extremas-y-precipitaciones-2025x12x25-a.pdf
2025-12-25,012,JARDÍN BOTÁNICO SANTIAGO (EMSANTIAGO,,JARDIN BOTANICO SANTIAGO,EMAI,26.8,16.6,0.4,https://indomet.gob.do/wp-content/uploads/2025/12/temperaturas-extremas-y-precipitaciones-2025x12x25-a.pdf
2025-12-25,013,BONAO,MONSEÑOR NOUEL,MINISTERIO DE AGRICULTURA,EMCV,,,0.3,https://indomet.gob.do/wp-content/uploads/2025/12/temperaturas-extremas-y-precipitaciones-2025x12x25-a.pdf
2025-12-25,014,BOCA DE MAO (EMA),VALVERDE,MINISTERIO DE AGRICULTURA,EMAP,29.3,15.1,0.2,https://indomet.gob.do/wp-content/uploads/2025/12/temperaturas-extremas-y-precipitaciones-2025x12x25-a.pdf
2025-12-25,015,CONSTANZA (EMA),LA VEGA,PROGRAMA MUNDIAL DE ALIMENTO,EMAP,20.7,6.9,0.2,https://indomet.gob.do/wp-content/uploads/2025/12/temperaturas-extremas-y-precipitaciones-2025x12x25-a.pdf
2025-12-25,016,MONCIÓN (EMA),SANTIAGO RODRÍGUEZ,PROGRAMA MUNDIAL DE ALIMENTO,EMAP,25.9,12.3,0.2,https://indomet.gob.do/wp-content/uploads/2025/12/temperaturas-extremas-y-precipitaciones-2025x12x25-a.pdf
2025-12-25,017,VILLA GONZALE (EMA),SANTIAGO,IGLESIA,EMAI,,,0.2,https://indomet.gob.do/wp-content/uploads/2025/12/temperaturas-extremas-y-precipitaciones-2025x12x25-a.pdf
2025-12-25,018,CONSTANZA,LA VEGA,MINISTERIO DE AGRICULTURA,EMCI,21.9,5.4,0.1,https://indomet.gob.do/wp-content/uploads/2025/12/temperaturas-extremas-y-precipitaciones-2025x12x25-a.pdf
2025-12-25,019,HATO MAYOR,HATO MAYOR,MINISTERIO DE AGRICULTURA,EMCV,,,0.1,https://indomet.gob.do/wp-content/uploads/2025/12/temperaturas-extremas-y-precipitaciones-2025x12x25-a.pdf
2025-12-25,020,ANAMUYA (EMA),LA ALTAGRACIA,MINISTERIO DE AGRICULTURA,EMAP,27.8,17.7,0.0,https://indomet.gob.do/wp-content/uploads/2025/12/temperaturas-extremas-y-precipitaciones-2025x12x25-a.pdf
2025-12-25,021,ARPT. ARROYO BARRIL,SAMANÁ,INDOMET,EMCI,29.8,23.5,0.0,https://indomet.gob.do/wp-content/uploads/2025/12/temperaturas-extremas-y-precipitaciones-2025x12x25-a.pdf
2025-12-25,022,ARPT. DE LA ROMANA,LA ROMANA,INDOMET,EMCI,28.5,18.5,0.0,https://indomet.gob.do/wp-content/uploads/2025/12/temperaturas-extremas-y-precipitaciones-2025x12x25-a.pdf
2025-12-25,023,ARPT. DE LAS AMÉRICAS,SANTO DOMINGO,INDOMET,EMCI,28.0,20.5,0.0,https://indomet.gob.do/wp-content/uploads/2025/12/temperaturas-extremas-y-precipitaciones-2025x12x25-a.pdf
2025-12-25,024,ARPT. DEL CIBAO,SANTIAGO,INDOMET,EMCI,27.2,18.0,0.0,https://indomet.gob.do/wp-content/uploads/2025/12/temperaturas-extremas-y-precipitaciones-2025x12x25-a.pdf
2025-12-25,025,ARPT. EL CATEY,SAMANÁ,INDOMET,EMCI,28.4,21.6,0.0,https://indomet.gob.do/wp-content/uploads/2025/12/temperaturas-extremas-y-precipitaciones-2025x12x25-a.pdf
2025-12-25,026,ARPT. LA ISABELA,SANTO DOMINGO,INDOMET,EMCI,29.6,21.2,0.0,https://indomet.gob.do/wp-content/uploads/2025/12/temperaturas-extremas-y-precipitaciones-2025x12x25-a.pdf
2025-12-25,027,ARPT. MARÍA MONTEZ,BARAHONA,INDOMET,EMCI,33.0,20.5,0.0,https://indomet.gob.do/wp-content/uploads/2025/12/temperaturas-extremas-y-precipitaciones-2025x12x25-a.pdf
2025-12-25,028,ARROYO LORO,SAN JUAN,IDIAF,EMCI,29.6,13.5,0.0,https://indomet.gob.do/wp-content/uploads/2025/12/temperaturas-extremas-y-precipitaciones-2025x12x25-a.pdf
2025-12-25,029,BANI (EMA),PERAVIA,MINISTERIO DE AGRICULTURA,EMAP,30.2,16.0,0.0,https://indomet.gob.do/wp-content/uploads/2025/12/temperaturas-extremas-y-precipitaciones-2025x12x25-a.pdf
2025-12-25,030,BASE AÉREA DE SAN ISIDRO,SANTO DOMINGO,FUERZA AÉREA DOMINICANA,EMCV,28.5,17.5,0.0,https://indomet.gob.do/wp-content/uploads/2025/12/temperaturas-extremas-y-precipitaciones-2025x12x25-a.pdf
2025-12-25,031,BAYAGUANA,MONTE PLATA,INDOMET,EMCI,27.8,19.0,0.0,https://indomet.gob.do/wp-content/uploads/2025/12/temperaturas-extremas-y-precipitaciones-2025x12x25-a.pdf
2025-12-25,032,CABRAL,BARAHONA,MINISTERIO DE AGRICULTURA,EMCV,32.4,22.5,0.0,https://indomet.gob.do/wp-content/uploads/2025/12/temperaturas-extremas-y-precipitaciones-2025x12x25-a.pdf
2025-12-25,033,CENTRO DE LOS HEROES (EMA),DISTRITO NACIONAL,MINISTERIO DE ENERGIA Y MINA,EMAP,28.6,21.8,0.0,https://indomet.gob.do/wp-content/uploads/2025/12/temperaturas-extremas-y-precipitaciones-2025x12x25-a.pdf
2025-12-25,034,DAJABÓN,DAJABÓN,INSTITUTO POLITÉCNICO LOYOLA,EMCI,35.4,21.3,0.0,https://indomet.gob.do/wp-content/uploads/2025/12/temperaturas-extremas-y-precipitaciones-2025x12x25-a.pdf
2025-12-25,035,ELÍAS PIÑA,ELÍAS PIÑA,MINISTERIO DE AGRICULTURA,EMCV,,,0.0,https://indomet.gob.do/wp-content/uploads/2025/12/temperaturas-extremas-y-precipitaciones-2025x12x25-a.pdf
2025-12-25,036,ENRIQUILLO,BARAHONA,MINISTERIO DE AGRICULTURA,EMCV,32.0,19.0,0.0,https://indomet.gob.do/wp-content/uploads/2025/12/temperaturas-extremas-y-precipitaciones-2025x12x25-a.pdf
2025-12-25,037,ESCONDIDO,PERAVIA,MINISTERIO DE AGRICULTURA,EMCV,30.0,21.0,0.0,https://indomet.gob.do/wp-content/uploads/2025/12/temperaturas-extremas-y-precipitaciones-2025x12x25-a.pdf
2025-12-25,038,GASPAR HERNÁNDEZ,ESPAILLAT,PROPIEDAD DEL EMPLEADO,EMCI,,,0.0,https://indomet.gob.do/wp-content/uploads/2025/12/temperaturas-extremas-y-precipitaciones-2025x12x25-a.pdf
2025-12-25,039,GURABO,SANTIAGO,MINISTERIO DE AGRICULTURA,EMCV,,,0.0,https://indomet.gob.do/wp-content/uploads/2025/12/temperaturas-extremas-y-precipitaciones-2025x12x25-a.pdf
2025-12-25,040,HONDO VALLE,ELÍAS PIÑA,MINISTERIO DE AGRICULTURA,EMCI,25.2,7.8,0.0,https://indomet.gob.do/wp-content/uploads/2025/12/temperaturas-extremas-y-precipitaciones-2025x12x25-a.pdf
2025-12-25,041,JARABACOA,LA VEGA,INDRHI / MARENA,EMCI,25.4,10.2,0.0,https://indomet.gob.do/wp-content/uploads/2025/12/temperaturas-extremas-y-precipitaciones-2025x12x25-a.pdf
2025-12-25,042,JARDÍN BOTÁNICO NACIONAL,DISTRITO NACIONAL,JARDÍN BOTÁNICO NACIONAL,EMCV,30.0,16.1,0.0,https://indomet.gob.do/wp-content/uploads/2025/12/temperaturas-extremas-y-precipitaciones-2025x12x25-a.pdf
2025-12-25,043,JIMANÍ,INDEPENDENCIA,MINISTERIO DE AGRICULTURA,EMCI,32.2,24.4,0.0,https://indomet.gob.do/wp-content/uploads/2025/12/temperaturas-extremas-y-precipitaciones-2025x12x25-a.pdf
2025-12-25,044,JUMA BEJUCAL,MONSEÑOR NOUEL,IDIAF,EMCV,27.0,15.4,0.0,https://indomet.gob.do/wp-content/uploads/2025/12/temperaturas-extremas-y-precipitaciones-2025x12x25-a.pdf
2025-12-25,045,LA VEGA,LA VEGA,IATESA,EMCI,26.5,16.0,0.0,https://indomet.gob.do/wp-content/uploads/2025/12/temperaturas-extremas-y-precipitaciones-2025x12x25-a.pdf
2025-12-25,046,LA VICTORIA,SANTO DOMINGO,CUERPO DE BOMBEROS,EMCI,29.5,17.2,0.0,https://indomet.gob.do/wp-content/uploads/2025/12/temperaturas-extremas-y-precipitaciones-2025x12x25-a.pdf
2025-12-25,047,LAS CANAS (EMA),MONTE CRISTI,PROGRAMA MUNDIAL DE ALIMENTO,EMAP,26.3,16.2,0.0,https://indomet.gob.do/wp-content/uploads/2025/12/temperaturas-extremas-y-precipitaciones-2025x12x25-a.pdf
2025-12-25,048,LOS LLANOS,SAN PEDRO DE MACORÍS,MINISTERIO DE AGRICULTURA,EMCI,28.4,17.5,0.0,https://indomet.gob.do/wp-content/uploads/2025/12/temperaturas-extremas-y-precipitaciones-2025x12x25-a.pdf
2025-12-25,049,MAO,VALVERDE,INDRHI / MINISTERIO DE AGRICULTURA,EMCV,,,0.0,https://indomet.gob.do/wp-content/uploads/2025/12/temperaturas-extremas-y-precipitaciones-2025x12x25-a.pdf
2025-12-25,050,MONTE CRISTI,MONTE CRISTI,INDOMET,EMCI,30.0,21.7,0.0,https://indomet.gob.do/wp-content/uploads/2025/12/temperaturas-extremas-y-precipitaciones-2025x12x25-a.pdf
2025-12-25,051,PADRE LAS CASAS,AZUA,HOSP. NTRA. SRA. DEL CARMEN,EMCI,30.3,11.7,0.0,https://indomet.gob.do/wp-content/uploads/2025/12/temperaturas-extremas-y-precipitaciones-2025x12x25-a.pdf
2025-12-25,052,PALO ÍNDIO,PUERTO PLATA,MINISTERIO DE AGRICULTURA,EMCI,,,0.0,https://indomet.gob.do/wp-content/uploads/2025/12/temperaturas-extremas-y-precipitaciones-2025x12x25-a.pdf
2025-12-25,053,PERALTA,AZUA,HOSP. MPAL. DE PERALTA,EMCI,29.4,12.8,0.0,https://indomet.gob.do/wp-content/uploads/2025/12/temperaturas-extremas-y-precipitaciones-2025x12x25-a.pdf
2025-12-25,054,PESCADERIA (EMA),BARAHONA,MINISTERIO DE AGRICULTURA,EMAP,,,0.0,https://indomet.gob.do/wp-content/uploads/2025/12/temperaturas-extremas-y-precipitaciones-2025x12x25-a.pdf
2025-12-25,055,POLO,BARAHONA,INDOCAFE,EMCI,,13.0,0.0,https://indomet.gob.do/wp-content/uploads/2025/12/temperaturas-extremas-y-precipitaciones-2025x12x25-a.pdf
2025-12-25,056,PONTÓN ABAJO (EMA),LA VEGA,MINISTERIO DE AGRICULTURA,EMAP,28.1,16.9,0.0,https://indomet.gob.do/wp-content/uploads/2025/12/temperaturas-extremas-y-precipitaciones-2025x12x25-a.pdf
2025-12-25,057,RANCHO ARRIBA,SAN JOSÉ DE OCOA,CENTRO TECNOLÓGICO COMUNITARIO,EMCI,24.7,10.9,0.0,https://indomet.gob.do/wp-content/uploads/2025/12/temperaturas-extremas-y-precipitaciones-2025x12x25-a.pdf
2025-12-25,058,RESTAURACIÓN,DAJABÓN,MINISTERIO DE AGRICULTURA,EMCI,26.9,11.8,0.0,https://indomet.gob.do/wp-content/uploads/2025/12/temperaturas-extremas-y-precipitaciones-2025x12x25-a.pdf
2025-12-25,059,RÍO SAN JUAN,MARÍA TRINIDAD SÁNCHEZ,HOSP. MPAL. DR. DESIDERIO ACOSTA,EMCV,27.6,17.3,0.0,https://indomet.gob.do/wp-content/uploads/2025/12/temperaturas-extremas-y-precipitaciones-2025x12x25-a.pdf
2025-12-25,060,SABANA GRANDE DE BOYÁ,MONTE PLATA,MINISTERIO DE AGRICULTURA,EMCV,,,0.0,https://indomet.gob.do/wp-content/uploads/2025/12/temperaturas-extremas-y-precipitaciones-2025x12x25-a.pdf
2025-12-25,061,SABANETA (EMA),SANTIAGO RODRÍGUEZ,PROGRAMA MUNDIAL DE ALIMENTO,EMAP,29.7,14.4,0.0,https://indomet.gob.do/wp-content/uploads/2025/12/temperaturas-extremas-y-precipitaciones-2025x12x25-a.pdf
2025-12-25,062,SALCEDO,HERMANAS MIRABAL,PROPIEDAD DEL EMPLEADO,EMCI,,,0.0,https://indomet.gob.do/wp-content/uploads/2025/12/temperaturas-extremas-y-precipitaciones-2025x12x25-a.pdf
2025-12-25,063,SAN CRISTÓBAL,SAN CRISTÓBAL,INSTITUTO POLITÉCNICO LOYOLA,EMCI,30.0,20.2,0.0,https://indomet.gob.do/wp-content/uploads/2025/12/temperaturas-extremas-y-precipitaciones-2025x12x25-a.pdf
2025-12-25,064,SAN FRANCISCO DE MACORÍS,DUARTE,San Francisco de Macorís (UASD),EMCI,25.8,19.8,0.0,https://indomet.gob.do/wp-content/uploads/2025/12/temperaturas-extremas-y-precipitaciones-2025x12x25-a.pdf
2025-12-25,065,SAN JOSÉ DE OCOA,SAN JOSÉ DE OCOA,HOSP. SAN JOSÉ DE OCOA,EMCI,27.9,14.3,0.0,https://indomet.gob.do/wp-content/uploads/2025/12/temperaturas-extremas-y-precipitaciones-2025x12x25-a.pdf
2025-12-25,066,VILLA VASQUEZ (EMA),MONTE CRISTI,JUNTA DE REGANTES,EMAI,,,0.0,https://indomet.gob.do/wp-content/uploads/2025/12/temperaturas-extremas-y-precipitaciones-2025x12x25-a.pdf
2025-12-25,067,SANTIAGO RODRÍGUEZ,SANTIAGO RODRÍGUEZ,INDOMET,EMCI,30.2,15.5,0.0,https://indomet.gob.do/wp-content/uploads/2025/12/temperaturas-extremas-y-precipitaciones-2025x12x25-a.pdf
2025-12-25,068,SANTO DOMINGO ESTE,SANTO DOMINGO,INDOMET,EMCI,29.5,21.6,0.0,https://indomet.gob.do/wp-content/uploads/2025/12/temperaturas-extremas-y-precipitaciones-2025x12x25-a.pdf
2025-12-25,069,TÁBARA ABAJO,AZUA,INDRHI,EMCI,30.7,18.0,0.0,https://indomet.gob.do/wp-content/uploads/2025/12/temperaturas-extremas-y-precipitaciones-2025x12x25-a.pdf
2025-12-25,070,VILLA ALTAGRACIA,SAN CRISTÓBAL,ESCUELA JAVIER ANGULO GURIDI,EMCI,,,0.0,https://indomet.gob.do/wp-content/uploads/2025/12/temperaturas-extremas-y-precipitaciones-2025x12x25-a.pdf
2025-12-25,071,VILLA GONZALES,SANTIAGO,MINISTERIO DE AGRICULTURA,EMCI,,,0.0,https://indomet.gob.do/wp-content/uploads/2025/12/temperaturas-extremas-y-precipitaciones-2025x12x25-a.pdf
2025-12-25,072,VILLA ISABELA,PUERTO PLATA,MINISTERIO DE AGRICULTURA,EMCV,,,0.0,https://indomet.gob.do/wp-content/uploads/2025/12/temperaturas-extremas-y-precipitaciones-2025x12x25-a.pdf
2025-12-25,073,VILLA RIVA,DUARTE,HOSP. MPAL. ALICIA DE LEGENDRE,EMCI,28.0,17.7,0.0,https://indomet.gob.do/wp-content/uploads/2025/12/temperaturas-extremas-y-precipitaciones-2025x12x25-a.pdf
2025-12-25,074,PASO AL MEDIO,SAN PEDRO DE MACORÍS,INDRHI,EMCI,,,0.0,https://indomet.gob.do/wp-content/uploads/2025/12/temperaturas-extremas-y-precipitaciones-2025x12x25-a.pdf
2025-12-25,075,TAVERA,SANTIAGO,INDRHI,EMCI,,,0.0,https://indomet.gob.do/wp-content/uploads/2025/12/temperaturas-extremas-y-precipitaciones-2025x12x25-a.pdf
2025-12-26,001,SABANA DE LA MAR,HATO MAYOR,INDOMET,EMCI,29.0,21.0,30.1,https://indomet.gob.do/wp-content/uploads/2025/12/temperaturas-extremas-y-precipitaciones-2025x12x26-a.pdf
2025-12-26,002,RÍO SAN JUAN,MARÍA TRINIDAD SÁNCHEZ,HOSP. MPAL. DR. DESIDERIO ACOSTA,EMCV,28.8,18.4,9.5,https://indomet.gob.do/wp-content/uploads/2025/12/temperaturas-extremas-y-precipitaciones-2025x12x26-a.pdf
2025-12-26,003,EL FACTOR (EMA),MARÍA TRINIDAD SÁNCHEZ,INTEC,EMAP,30.2,20.6,8.9,https://indomet.gob.do/wp-content/uploads/2025/12/temperaturas-extremas-y-precipitaciones-2025x12x26-a.pdf
2025-12-26,004,SAMANÁ,SAMANÁ,COMANDANCIA DE PUERTO DE SAMANÁ,EMCI,28.6,16.6,5.2,https://indomet.gob.do/wp-content/uploads/2025/12/temperaturas-extremas-y-precipitaciones-2025x12x26-a.pdf
2025-12-26,005,VILLA RIVA,DUARTE,HOSP. MPAL. ALICIA DE LEGENDRE,EMCI,27.5,18.0,4.8,https://indomet.gob.do/wp-content/uploads/2025/12/temperaturas-extremas-y-precipitaciones-2025x12x26-a.pdf
2025-12-26,006,JARABACOA,LA VEGA,INDRHI / MARENA,EMCI,28.6,12.0,1.6,https://indomet.gob.do/wp-content/uploads/2025/12/temperaturas-extremas-y-precipitaciones-2025x12x26-a.pdf
2025-12-26,007,MONTE CRISTI,MONTE CRISTI,INDOMET,EMCI,30.4,17.5,1.5,https://indomet.gob.do/wp-content/uploads/2025/12/temperaturas-extremas-y-precipitaciones-2025x12x26-a.pdf
2025-12-26,008,ARPT. ARROYO BARRIL,SAMANÁ,INDOMET,EMCI,30.0,21.5,1.2,https://indomet.gob.do/wp-content/uploads/2025/12/temperaturas-extremas-y-precipitaciones-2025x12x26-a.pdf
2025-12-26,009,SÁNCHEZ,SAMANÁ,MINISTERIO DE AGRICULTURA,EMCI,27.7,19.1,1.2,https://indomet.gob.do/wp-content/uploads/2025/12/temperaturas-extremas-y-precipitaciones-2025x12x26-a.pdf
2025-12-26,010,ANAMUYA (EMA),LA ALTAGRACIA,MINISTERIO DE AGRICULTURA,EMAP,28.6,19.3,1.0,https://indomet.gob.do/wp-content/uploads/2025/12/temperaturas-extremas-y-precipitaciones-2025x12x26-a.pdf
2025-12-26,011,ARPT. EL CATEY,SAMANÁ,INDOMET,EMCI,,17.4,0.8,https://indomet.gob.do/wp-content/uploads/2025/12/temperaturas-extremas-y-precipitaciones-2025x12x26-a.pdf
2025-12-26,012,RANCHO ARRIBA,SAN JOSÉ DE OCOA,CENTRO TECNOLÓGICO COMUNITARIO,EMCI,25.0,12.1,0.7,https://indomet.gob.do/wp-content/uploads/2025/12/temperaturas-extremas-y-precipitaciones-2025x12x26-a.pdf
2025-12-26,013,BUCARA (EMA),SANTIAGO,MINISTERIO DE AGRICULTURA,EMAI,,,0.6,https://indomet.gob.do/wp-content/uploads/2025/12/temperaturas-extremas-y-precipitaciones-2025x12x26-a.pdf
2025-12-26,014,PALO ÍNDIO,PUERTO PLATA,MINISTERIO DE AGRICULTURA,EMCI,,,0.5,https://indomet.gob.do/wp-content/uploads/2025/12/temperaturas-extremas-y-precipitaciones-2025x12x26-a.pdf
2025-12-26,015,ARPT. DE PUNTA CANA,LA ALTAGRACIA,INDOMET,EMCI,28.0,15.2,0.4,https://indomet.gob.do/wp-content/uploads/2025/12/temperaturas-extremas-y-precipitaciones-2025x12x26-a.pdf
2025-12-26,016,ARPT. GREGORIO LUPERÓN,PUERTO PLATA,INDOMET,EMCI,27.6,18.0,0.4,https://indomet.gob.do/wp-content/uploads/2025/12/temperaturas-extremas-y-precipitaciones-2025x12x26-a.pdf
2025-12-26,017,SABANA GRANDE DE BOYÁ,MONTE PLATA,MINISTERIO DE AGRICULTURA,EMCV,,,0.1,https://indomet.gob.do/wp-content/uploads/2025/12/temperaturas-extremas-y-precipitaciones-2025x12x26-a.pdf
2025-12-26,018,SAN RAFAEL DEL YUMA,LA ALTAGRACIA,MINISTERIO DE AGRICULTURA,EMCI,29.4,18.5,0.1,https://indomet.gob.do/wp-content/uploads/2025/12/temperaturas-extremas-y-precipitaciones-2025x12x26-a.pdf
2025-12-26,019,ARPT. DE LA ROMANA,LA ROMANA,INDOMET,EMCI,30.0,15.5,0.0,https://indomet.gob.do/wp-content/uploads/2025/12/temperaturas-extremas-y-precipitaciones-2025x12x26-a.pdf
2025-12-26,020,ARPT. DE LAS AMÉRICAS,SANTO DOMINGO,INDOMET,EMCI,29.5,17.1,0.0,https://indomet.gob.do/wp-content/uploads/2025/12/temperaturas-extremas-y-precipitaciones-2025x12x26-a.pdf
2025-12-26,021,ARPT. DEL CIBAO,SANTIAGO,INDOMET,EMCI,31.0,14.0,0.0,https://indomet.gob.do/wp-content/uploads/2025/12/temperaturas-extremas-y-precipitaciones-2025x12x26-a.pdf
2025-12-26,022,ARPT. LA ISABELA,SANTO DOMINGO,INDOMET,EMCI,30.2,16.5,0.0,https://indomet.gob.do/wp-content/uploads/2025/12/temperaturas-extremas-y-precipitaciones-2025x12x26-a.pdf
2025-12-26,023,ARPT. MARÍA MONTEZ,BARAHONA,INDOMET,EMCI,31.4,17.0,0.0,https://indomet.gob.do/wp-content/uploads/2025/12/temperaturas-extremas-y-precipitaciones-2025x12x26-a.pdf
2025-12-26,024,ARROYO LORO,SAN JUAN,IDIAF,EMCI,32.0,11.7,0.0,https://indomet.gob.do/wp-content/uploads/2025/12/temperaturas-extremas-y-precipitaciones-2025x12x26-a.pdf
2025-12-26,025,BANI (EMA),PERAVIA,MINISTERIO DE AGRICULTURA,EMAP,30.2,21.8,0.0,https://indomet.gob.do/wp-content/uploads/2025/12/temperaturas-extremas-y-precipitaciones-2025x12x26-a.pdf
2025-12-26,026,BASE AÉREA DE SAN ISIDRO,SANTO DOMINGO,FUERZA AÉREA DOMINICANA,EMCV,29.0,19.0,0.0,https://indomet.gob.do/wp-content/uploads/2025/12/temperaturas-extremas-y-precipitaciones-2025x12x26-a.pdf
2025-12-26,027,BAYAGUANA,MONTE PLATA,INDOMET,EMCI,29.0,15.2,0.0,https://indomet.gob.do/wp-content/uploads/2025/12/temperaturas-extremas-y-precipitaciones-2025x12x26-a.pdf
2025-12-26,028,BOCA DE MAO (EMA),VALVERDE,MINISTERIO DE AGRICULTURA,EMAP,30.6,19.2,0.0,https://indomet.gob.do/wp-content/uploads/2025/12/temperaturas-extremas-y-precipitaciones-2025x12x26-a.pdf
2025-12-26,029,BONAO,MONSEÑOR NOUEL,MINISTERIO DE AGRICULTURA,EMCV,,,0.0,https://indomet.gob.do/wp-content/uploads/2025/12/temperaturas-extremas-y-precipitaciones-2025x12x26-a.pdf
2025-12-26,030,CABRAL,BARAHONA,MINISTERIO DE AGRICULTURA,EMCV,30.6,17.2,0.0,https://indomet.gob.do/wp-content/uploads/2025/12/temperaturas-extremas-y-precipitaciones-2025x12x26-a.pdf
2025-12-26,031,CABRERA,MARÍA TRINIDAD SÁNCHEZ,ESCUELA ARÍSTIDES FIALLO CABRAL,EMCI,29.0,20.5,0.0,https://indomet.gob.do/wp-content/uploads/2025/12/temperaturas-extremas-y-precipitaciones-2025x12x26-a.pdf
2025-12-26,032,CENTRO DE LOS HEROES (EMA),DISTRITO NACIONAL,MINISTERIO DE ENERGIA Y MINA,EMAP,29.1,22.8,0.0,https://indomet.gob.do/wp-content/uploads/2025/12/temperaturas-extremas-y-precipitaciones-2025x12x26-a.pdf
2025-12-26,033,CONSTANZA,LA VEGA,MINISTERIO DE AGRICULTURA,EMCI,23.5,8.2,0.0,https://indomet.gob.do/wp-content/uploads/2025/12/temperaturas-extremas-y-precipitaciones-2025x12x26-a.pdf
2025-12-26,034,CONSTANZA (EMA),LA VEGA,PROGRAMA MUNDIAL DE ALIMENTO,EMAP,21.8,10.4,0.0,https://indomet.gob.do/wp-content/uploads/2025/12/temperaturas-extremas-y-precipitaciones-2025x12x26-a.pdf
2025-12-26,035,DAJABÓN,DAJABÓN,INSTITUTO POLITÉCNICO LOYOLA,EMCI,33.8,20.6,0.0,https://indomet.gob.do/wp-content/uploads/2025/12/temperaturas-extremas-y-precipitaciones-2025x12x26-a.pdf
2025-12-26,036,ELÍAS PIÑA,ELÍAS PIÑA,MINISTERIO DE AGRICULTURA,EMCV,,,0.0,https://indomet.gob.do/wp-content/uploads/2025/12/temperaturas-extremas-y-precipitaciones-2025x12x26-a.pdf
2025-12-26,037,ENRIQUILLO,BARAHONA,MINISTERIO DE AGRICULTURA,EMCV,31.5,18.5,0.0,https://indomet.gob.do/wp-content/uploads/2025/12/temperaturas-extremas-y-precipitaciones-2025x12x26-a.pdf
2025-12-26,038,GASPAR HERNÁNDEZ,ESPAILLAT,PROPIEDAD DEL EMPLEADO,EMCI,,,0.0,https://indomet.gob.do/wp-content/uploads/2025/12/temperaturas-extremas-y-precipitaciones-2025x12x26-a.pdf
2025-12-26,039,GURABO,SANTIAGO,MINISTERIO DE AGRICULTURA,EMCV,,,0.0,https://indomet.gob.do/wp-content/uploads/2025/12/temperaturas-extremas-y-precipitaciones-2025x12x26-a.pdf
2025-12-26,040,HATO MAYOR,HATO MAYOR,MINISTERIO DE AGRICULTURA,EMCV,,,0.0,https://indomet.gob.do/wp-content/uploads/2025/12/temperaturas-extremas-y-precipitaciones-2025x12x26-a.pdf
2025-12-26,041,HONDO VALLE,ELÍAS PIÑA,MINISTERIO DE AGRICULTURA,EMCI,25.0,7.0,0.0,https://indomet.gob.do/wp-content/uploads/2025/12/temperaturas-extremas-y-precipitaciones-2025x12x26-a.pdf
2025-12-26,042,JIMANÍ,INDEPENDENCIA,MINISTERIO DE AGRICULTURA,EMCI,32.6,19.4,0.0,https://indomet.gob.do/wp-content/uploads/2025/12/temperaturas-extremas-y-precipitaciones-2025x12x26-a.pdf
2025-12-26,043,LA VEGA,LA VEGA,IATESA,EMCI,29.5,19.5,0.0,https://indomet.gob.do/wp-content/uploads/2025/12/temperaturas-extremas-y-precipitaciones-2025x12x26-a.pdf
2025-12-26,044,LA VICTORIA,SANTO DOMINGO,CUERPO DE BOMBEROS,EMCI,30.4,20.6,0.0,https://indomet.gob.do/wp-content/uploads/2025/12/temperaturas-extremas-y-precipitaciones-2025x12x26-a.pdf
2025-12-26,045,LAS CANAS (EMA),MONTE CRISTI,PROGRAMA MUNDIAL DE ALIMENTO,EMAP,26.4,20.8,0.0,https://indomet.gob.do/wp-content/uploads/2025/12/temperaturas-extremas-y-precipitaciones-2025x12x26-a.pdf
2025-12-26,046,LAS MATAS DE SANTA CRUZ (EMA,MONTE CRISTI,PROGRAMA MUNDIAL DE ALIMENTO,EMAP,,,0.0,https://indomet.gob.do/wp-content/uploads/2025/12/temperaturas-extremas-y-precipitaciones-2025x12x26-a.pdf
2025-12-26,047,LOS LLANOS,SAN PEDRO DE MACORÍS,MINISTERIO DE AGRICULTURA,EMCI,29.8,19.3,0.0,https://indomet.gob.do/wp-content/uploads/2025/12/temperaturas-extremas-y-precipitaciones-2025x12x26-a.pdf
2025-12-26,048,MAO,VALVERDE,INDRHI / MINISTERIO DE AGRICULTURA,EMCV,,,0.0,https://indomet.gob.do/wp-content/uploads/2025/12/temperaturas-extremas-y-precipitaciones-2025x12x26-a.pdf
2025-12-26,049,MONCIÓN (EMA),SANTIAGO RODRÍGUEZ,PROGRAMA MUNDIAL DE ALIMENTO,EMAP,27.7,16.0,0.0,https://indomet.gob.do/wp-content/uploads/2025/12/temperaturas-extremas-y-precipitaciones-2025x12x26-a.pdf
2025-12-26,050,OLIVARES,PEDERNALES,INDRHI,EMCI,,,0.0,https://indomet.gob.do/wp-content/uploads/2025/12/temperaturas-extremas-y-precipitaciones-2025x12x26-a.pdf
2025-12-26,051,OVIEDO,PEDERNALES,CLÍNICA RURAL OVIEDO,EMCI,30.5,18.0,0.0,https://indomet.gob.do/wp-content/uploads/2025/12/temperaturas-extremas-y-precipitaciones-2025x12x26-a.pdf
2025-12-26,052,PADRE LAS CASAS,AZUA,HOSP. NTRA. SRA. DEL CARMEN,EMCI,31.5,12.0,0.0,https://indomet.gob.do/wp-content/uploads/2025/12/temperaturas-extremas-y-precipitaciones-2025x12x26-a.pdf
2025-12-26,053,PEDERNALES,PEDERNALES,INDRHI,EMCI,,,0.0,https://indomet.gob.do/wp-content/uploads/2025/12/temperaturas-extremas-y-precipitaciones-2025x12x26-a.pdf
2025-12-26,054,PERALTA,AZUA,HOSP. MPAL. DE PERALTA,EMCI,29.5,13.0,0.0,https://indomet.gob.do/wp-content/uploads/2025/12/temperaturas-extremas-y-precipitaciones-2025x12x26-a.pdf
2025-12-26,055,POLO,BARAHONA,INDOCAFE,EMCI,,12.0,0.0,https://indomet.gob.do/wp-content/uploads/2025/12/temperaturas-extremas-y-precipitaciones-2025x12x26-a.pdf
2025-12-26,056,PONTÓN ABAJO (EMA),LA VEGA,MINISTERIO DE AGRICULTURA,EMAP,31.1,20.7,0.0,https://indomet.gob.do/wp-content/uploads/2025/12/temperaturas-extremas-y-precipitaciones-2025x12x26-a.pdf
2025-12-26,057,PRESA DE TAVERAS (EMA),LA VEGA,PROGRAMA MUNDIAL DE ALIMENTO,EMAP,29.7,18.1,0.0,https://indomet.gob.do/wp-content/uploads/2025/12/temperaturas-extremas-y-precipitaciones-2025x12x26-a.pdf
2025-12-26,058,RESTAURACIÓN,DAJABÓN,MINISTERIO DE AGRICULTURA,EMCI,26.5,11.2,0.0,https://indomet.gob.do/wp-content/uploads/2025/12/temperaturas-extremas-y-precipitaciones-2025x12x26-a.pdf
2025-12-26,059,SABANETA (EMA),SANTIAGO RODRÍGUEZ,PROGRAMA MUNDIAL DE ALIMENTO,EMAP,31.4,17.7,0.0,https://indomet.gob.do/wp-content/uploads/2025/12/temperaturas-extremas-y-precipitaciones-2025x12x26-a.pdf
2025-12-26,060,SALCEDO,HERMANAS MIRABAL,PROPIEDAD DEL EMPLEADO,EMCI,,,0.0,https://indomet.gob.do/wp-content/uploads/2025/12/temperaturas-extremas-y-precipitaciones-2025x12x26-a.pdf
2025-12-26,061,SAN CRISTÓBAL,SAN CRISTÓBAL,INSTITUTO POLITÉCNICO LOYOLA,EMCI,31.0,20.2,0.0,https://indomet.gob.do/wp-content/uploads/2025/12/temperaturas-extremas-y-precipitaciones-2025x12x26-a.pdf
2025-12-26,062,SAN JOSÉ DE OCOA,SAN JOSÉ DE OCOA,HOSP. SAN JOSÉ DE OCOA,EMCI,28.5,16.8,0.0,https://indomet.gob.do/wp-content/uploads/2025/12/temperaturas-extremas-y-precipitaciones-2025x12x26-a.pdf
2025-12-26,063,SAJOMA (EMA),SANTIAGO,PLAN SIERRA,EMAI,29.3,15.0,0.0,https://indomet.gob.do/wp-content/uploads/2025/12/temperaturas-extremas-y-precipitaciones-2025x12x26-a.pdf
2025-12-26,064,JARDÍN BOTÁNICO SANTIAGO (EMSANTIAGO,,JARDIN BOTANICO SANTIAGO,EMAI,30.0,17.2,0.0,https://indomet.gob.do/wp-content/uploads/2025/12/temperaturas-extremas-y-precipitaciones-2025x12x26-a.pdf
2025-12-26,065,VILLA GONZALE (EMA),SANTIAGO,IGLESIA,EMAI,,,0.0,https://indomet.gob.do/wp-content/uploads/2025/12/temperaturas-extremas-y-precipitaciones-2025x12x26-a.pdf
2025-12-26,066,VILLA VASQUEZ (EMA),MONTE CRISTI,JUNTA DE REGANTES,EMAI,,,0.0,https://indomet.gob.do/wp-content/uploads/2025/12/temperaturas-extremas-y-precipitaciones-2025x12x26-a.pdf
2025-12-26,067,SANTIAGO RODRÍGUEZ,SANTIAGO RODRÍGUEZ,INDOMET,EMCI,31.0,19.2,0.0,https://indomet.gob.do/wp-content/uploads/2025/12/temperaturas-extremas-y-precipitaciones-2025x12x26-a.pdf
2025-12-26,068,SANTO DOMINGO ESTE,SANTO DOMINGO,INDOMET,EMCI,30.0,19.5,0.0,https://indomet.gob.do/wp-content/uploads/2025/12/temperaturas-extremas-y-precipitaciones-2025x12x26-a.pdf
2025-12-26,069,TÁBARA ABAJO,AZUA,INDRHI,EMCI,31.0,18.0,0.0,https://indomet.gob.do/wp-content/uploads/2025/12/temperaturas-extremas-y-precipitaciones-2025x12x26-a.pdf
2025-12-26,070,JIMA ABAJO,LA VEGA,INDOMET,EMCI,31.4,18.5,0.0,https://indomet.gob.do/wp-content/uploads/2025/12/temperaturas-extremas-y-precipitaciones-2025x12x26-a.pdf
2025-12-26,071,VILLA ALTAGRACIA,SAN CRISTÓBAL,ESCUELA JAVIER ANGULO GURIDI,EMCI,,,0.0,https://indomet.gob.do/wp-content/uploads/2025/12/temperaturas-extremas-y-precipitaciones-2025x12x26-a.pdf
2025-12-26,072,VILLA GONZALES,SANTIAGO,MINISTERIO DE AGRICULTURA,EMCI,,,0.0,https://indomet.gob.do/wp-content/uploads/2025/12/temperaturas-extremas-y-precipitaciones-2025x12x26-a.pdf
2025-12-26,073,VILLA ISABELA,PUERTO PLATA,MINISTERIO DE AGRICULTURA,EMCV,,,0.0,https://indomet.gob.do/wp-content/uploads/2025/12/temperaturas-extremas-y-precipitaciones-2025x12x26-a.pdf
2025-12-28,001,BOHECHÍO,SAN JUAN,MINISTERIO DE AGRICULTURA,EMCV,,,9.0,https://indomet.gob.do/wp-content/uploads/2025/12/temperaturas-extremas-y-precipitaciones-2025x12x28-a.pdf
2025-12-28,002,BONAO,MONSEÑOR NOUEL,MINISTERIO DE AGRICULTURA,EMCV,,,6.9,https://indomet.gob.do/wp-content/uploads/2025/12/temperaturas-extremas-y-precipitaciones-2025x12x28-a.pdf
2025-12-28,003,RANCHO ARRIBA,SAN JOSÉ DE OCOA,CENTRO TECNOLÓGICO COMUNITARIO,EMCI,25.6,13.6,3.6,https://indomet.gob.do/wp-content/uploads/2025/12/temperaturas-extremas-y-precipitaciones-2025x12x28-a.pdf
2025-12-28,004,GASPAR HERNÁNDEZ,ESPAILLAT,PROPIEDAD DEL EMPLEADO,EMCI,,,3.4,https://indomet.gob.do/wp-content/uploads/2025/12/temperaturas-extremas-y-precipitaciones-2025x12x28-a.pdf
2025-12-28,005,CABRERA,MARÍA TRINIDAD SÁNCHEZ,ESCUELA ARÍSTIDES FIALLO CABRAL,EMCI,29.0,23.0,3.1,https://indomet.gob.do/wp-content/uploads/2025/12/temperaturas-extremas-y-precipitaciones-2025x12x28-a.pdf
2025-12-28,006,JIMA ABAJO,LA VEGA,INDOMET,EMCI,31.0,18.6,3.0,https://indomet.gob.do/wp-content/uploads/2025/12/temperaturas-extremas-y-precipitaciones-2025x12x28-a.pdf
2025-12-28,007,ARPT. GREGORIO LUPERÓN,PUERTO PLATA,INDOMET,EMCI,25.1,21.0,2.3,https://indomet.gob.do/wp-content/uploads/2025/12/temperaturas-extremas-y-precipitaciones-2025x12x28-a.pdf
2025-12-28,008,POLO,BARAHONA,INDOCAFE,EMCI,,15.0,1.6,https://indomet.gob.do/wp-content/uploads/2025/12/temperaturas-extremas-y-precipitaciones-2025x12x28-a.pdf
2025-12-28,009,JUMA BEJUCAL,MONSEÑOR NOUEL,IDIAF,EMCV,28.6,17.4,1.5,https://indomet.gob.do/wp-content/uploads/2025/12/temperaturas-extremas-y-precipitaciones-2025x12x28-a.pdf
2025-12-28,010,PALO ÍNDIO,PUERTO PLATA,MINISTERIO DE AGRICULTURA,EMCI,,,1.3,https://indomet.gob.do/wp-content/uploads/2025/12/temperaturas-extremas-y-precipitaciones-2025x12x28-a.pdf
2025-12-28,011,OVIEDO,PEDERNALES,CLÍNICA RURAL OVIEDO,EMCI,29.5,20.0,1.2,https://indomet.gob.do/wp-content/uploads/2025/12/temperaturas-extremas-y-precipitaciones-2025x12x28-a.pdf
2025-12-28,012,TAMBORIL,SANTIAGO,MINISTERIO DE AGRICULTURA,EMCV,,,0.3,https://indomet.gob.do/wp-content/uploads/2025/12/temperaturas-extremas-y-precipitaciones-2025x12x28-a.pdf
2025-12-28,013,VILLA GONZALES,SANTIAGO,MINISTERIO DE AGRICULTURA,EMCI,,,0.3,https://indomet.gob.do/wp-content/uploads/2025/12/temperaturas-extremas-y-precipitaciones-2025x12x28-a.pdf
2025-12-28,014,ARPT. MARÍA MONTEZ,BARAHONA,INDOMET,EMCI,31.0,19.4,0.2,https://indomet.gob.do/wp-content/uploads/2025/12/temperaturas-extremas-y-precipitaciones-2025x12x28-a.pdf
2025-12-28,015,JARABACOA,LA VEGA,INDRHI / MARENA,EMCI,27.0,12.8,0.2,https://indomet.gob.do/wp-content/uploads/2025/12/temperaturas-extremas-y-precipitaciones-2025x12x28-a.pdf
2025-12-28,016,ENRIQUILLO,BARAHONA,MINISTERIO DE AGRICULTURA,EMCV,30.5,20.0,0.1,https://indomet.gob.do/wp-content/uploads/2025/12/temperaturas-extremas-y-precipitaciones-2025x12x28-a.pdf
2025-12-28,017,LA VEGA,LA VEGA,IATESA,EMCI,29.5,18.0,0.1,https://indomet.gob.do/wp-content/uploads/2025/12/temperaturas-extremas-y-precipitaciones-2025x12x28-a.pdf
2025-12-28,018,ANAMUYA (EMA),LA ALTAGRACIA,MINISTERIO DE AGRICULTURA,EMAP,27.7,16.2,0.0,https://indomet.gob.do/wp-content/uploads/2025/12/temperaturas-extremas-y-precipitaciones-2025x12x28-a.pdf
2025-12-28,019,ARPT. ARROYO BARRIL,SAMANÁ,INDOMET,EMCI,29.2,19.5,0.0,https://indomet.gob.do/wp-content/uploads/2025/12/temperaturas-extremas-y-precipitaciones-2025x12x28-a.pdf
2025-12-28,020,ARPT. DE LA ROMANA,LA ROMANA,INDOMET,EMCI,29.0,14.8,0.0,https://indomet.gob.do/wp-content/uploads/2025/12/temperaturas-extremas-y-precipitaciones-2025x12x28-a.pdf
2025-12-28,021,ARPT. DE LAS AMÉRICAS,SANTO DOMINGO,INDOMET,EMCI,29.0,19.2,0.0,https://indomet.gob.do/wp-content/uploads/2025/12/temperaturas-extremas-y-precipitaciones-2025x12x28-a.pdf
2025-12-28,022,ARPT. DE PUNTA CANA,LA ALTAGRACIA,INDOMET,EMCI,28.8,15.8,0.0,https://indomet.gob.do/wp-content/uploads/2025/12/temperaturas-extremas-y-precipitaciones-2025x12x28-a.pdf
2025-12-28,023,ARPT. DEL CIBAO,SANTIAGO,INDOMET,EMCI,28.0,18.0,0.0,https://indomet.gob.do/wp-content/uploads/2025/12/temperaturas-extremas-y-precipitaciones-2025x12x28-a.pdf
2025-12-28,024,ARPT. EL CATEY,SAMANÁ,INDOMET,EMCI,29.0,18.0,0.0,https://indomet.gob.do/wp-content/uploads/2025/12/temperaturas-extremas-y-precipitaciones-2025x12x28-a.pdf
2025-12-28,025,ARPT. LA ISABELA,SANTO DOMINGO,INDOMET,EMCI,30.5,19.2,0.0,https://indomet.gob.do/wp-content/uploads/2025/12/temperaturas-extremas-y-precipitaciones-2025x12x28-a.pdf
2025-12-28,026,ARROYO LORO,SAN JUAN,IDIAF,EMCI,32.2,18.2,0.0,https://indomet.gob.do/wp-content/uploads/2025/12/temperaturas-extremas-y-precipitaciones-2025x12x28-a.pdf
2025-12-28,027,BANI (EMA),PERAVIA,MINISTERIO DE AGRICULTURA,EMAP,28.6,21.4,0.0,https://indomet.gob.do/wp-content/uploads/2025/12/temperaturas-extremas-y-precipitaciones-2025x12x28-a.pdf
2025-12-28,028,BASE AÉREA DE SAN ISIDRO,SANTO DOMINGO,FUERZA AÉREA DOMINICANA,EMCV,30.5,17.5,0.0,https://indomet.gob.do/wp-content/uploads/2025/12/temperaturas-extremas-y-precipitaciones-2025x12x28-a.pdf
2025-12-28,029,BAYAGUANA,MONTE PLATA,INDOMET,EMCI,30.5,17.6,0.0,https://indomet.gob.do/wp-content/uploads/2025/12/temperaturas-extremas-y-precipitaciones-2025x12x28-a.pdf
2025-12-28,030,BOCA DE MAO (EMA),VALVERDE,MINISTERIO DE AGRICULTURA,EMAP,27.9,17.3,0.0,https://indomet.gob.do/wp-content/uploads/2025/12/temperaturas-extremas-y-precipitaciones-2025x12x28-a.pdf
2025-12-28,031,CABRAL,BARAHONA,MINISTERIO DE AGRICULTURA,EMCV,30.9,19.0,0.0,https://indomet.gob.do/wp-content/uploads/2025/12/temperaturas-extremas-y-precipitaciones-2025x12x28-a.pdf
2025-12-28,032,CENTRO DE LOS HEROES (EMA),DISTRITO NACIONAL,MINISTERIO DE ENERGIA Y MINA,EMAP,29.0,22.2,0.0,https://indomet.gob.do/wp-content/uploads/2025/12/temperaturas-extremas-y-precipitaciones-2025x12x28-a.pdf
2025-12-28,033,CONSTANZA,LA VEGA,MINISTERIO DE AGRICULTURA,EMCI,24.1,9.5,0.0,https://indomet.gob.do/wp-content/uploads/2025/12/temperaturas-extremas-y-precipitaciones-2025x12x28-a.pdf
2025-12-28,034,CONSTANZA (EMA),LA VEGA,PROGRAMA MUNDIAL DE ALIMENTO,EMAP,23.1,11.0,0.0,https://indomet.gob.do/wp-content/uploads/2025/12/temperaturas-extremas-y-precipitaciones-2025x12x28-a.pdf
2025-12-28,035,DAJABÓN,DAJABÓN,INSTITUTO POLITÉCNICO LOYOLA,EMCI,34.0,19.0,0.0,https://indomet.gob.do/wp-content/uploads/2025/12/temperaturas-extremas-y-precipitaciones-2025x12x28-a.pdf
2025-12-28,036,EL FACTOR (EMA),MARÍA TRINIDAD SÁNCHEZ,INTEC,EMAP,29.3,17.3,0.0,https://indomet.gob.do/wp-content/uploads/2025/12/temperaturas-extremas-y-precipitaciones-2025x12x28-a.pdf
2025-12-28,037,ELÍAS PIÑA,ELÍAS PIÑA,MINISTERIO DE AGRICULTURA,EMCV,,,0.0,https://indomet.gob.do/wp-content/uploads/2025/12/temperaturas-extremas-y-precipitaciones-2025x12x28-a.pdf
2025-12-28,038,GURABO,SANTIAGO,MINISTERIO DE AGRICULTURA,EMCV,,,0.0,https://indomet.gob.do/wp-content/uploads/2025/12/temperaturas-extremas-y-precipitaciones-2025x12x28-a.pdf
2025-12-28,039,HATO MAYOR,HATO MAYOR,MINISTERIO DE AGRICULTURA,EMCV,,,0.0,https://indomet.gob.do/wp-content/uploads/2025/12/temperaturas-extremas-y-precipitaciones-2025x12x28-a.pdf
2025-12-28,040,HONDO VALLE,ELÍAS PIÑA,MINISTERIO DE AGRICULTURA,EMCI,25.3,9.9,0.0,https://indomet.gob.do/wp-content/uploads/2025/12/temperaturas-extremas-y-precipitaciones-2025x12x28-a.pdf
2025-12-28,041,JARDÍN BOTÁNICO NACIONAL,DISTRITO NACIONAL,JARDÍN BOTÁNICO NACIONAL,EMCV,30.1,15.5,0.0,https://indomet.gob.do/wp-content/uploads/2025/12/temperaturas-extremas-y-precipitaciones-2025x12x28-a.pdf
2025-12-28,042,JIMANÍ,INDEPENDENCIA,MINISTERIO DE AGRICULTURA,EMCI,33.2,20.0,0.0,https://indomet.gob.do/wp-content/uploads/2025/12/temperaturas-extremas-y-precipitaciones-2025x12x28-a.pdf
2025-12-28,043,LA VICTORIA,SANTO DOMINGO,CUERPO DE BOMBEROS,EMCI,29.4,18.6,0.0,https://indomet.gob.do/wp-content/uploads/2025/12/temperaturas-extremas-y-precipitaciones-2025x12x28-a.pdf
2025-12-28,044,LAS CANAS (EMA),MONTE CRISTI,PROGRAMA MUNDIAL DE ALIMENTO,EMAP,24.5,17.6,0.0,https://indomet.gob.do/wp-content/uploads/2025/12/temperaturas-extremas-y-precipitaciones-2025x12x28-a.pdf
2025-12-28,045,LAS MATAS DE SANTA CRUZ (EMA,MONTE CRISTI,PROGRAMA MUNDIAL DE ALIMENTO,EMAP,,,0.0,https://indomet.gob.do/wp-content/uploads/2025/12/temperaturas-extremas-y-precipitaciones-2025x12x28-a.pdf
2025-12-28,046,LOS LLANOS,SAN PEDRO DE MACORÍS,MINISTERIO DE AGRICULTURA,EMCI,29.8,16.8,0.0,https://indomet.gob.do/wp-content/uploads/2025/12/temperaturas-extremas-y-precipitaciones-2025x12x28-a.pdf
2025-12-28,047,LOS TRES CHARCOS (EMA),PEDERNALES,PROPIEDAD DEL VOLUNTARIO,EMAP,,,0.0,https://indomet.gob.do/wp-content/uploads/2025/12/temperaturas-extremas-y-precipitaciones-2025x12x28-a.pdf
2025-12-28,048,MAO,VALVERDE,INDRHI / MINISTERIO DE AGRICULTURA,EMCV,,,0.0,https://indomet.gob.do/wp-content/uploads/2025/12/temperaturas-extremas-y-precipitaciones-2025x12x28-a.pdf
2025-12-28,049,MICHES (EMA),EL SEIBO,PRIVADA,EMAP,27.8,17.6,0.0,https://indomet.gob.do/wp-content/uploads/2025/12/temperaturas-extremas-y-precipitaciones-2025x12x28-a.pdf
2025-12-28,050,MONCIÓN (EMA),SANTIAGO RODRÍGUEZ,PROGRAMA MUNDIAL DE ALIMENTO,EMAP,24.7,16.1,0.0,https://indomet.gob.do/wp-content/uploads/2025/12/temperaturas-extremas-y-precipitaciones-2025x12x28-a.pdf
2025-12-28,051,MONTE CRISTI,MONTE CRISTI,INDOMET,EMCI,26.2,22.0,0.0,https://indomet.gob.do/wp-content/uploads/2025/12/temperaturas-extremas-y-precipitaciones-2025x12x28-a.pdf
2025-12-28,052,OLIVARES,PEDERNALES,INDRHI,EMCI,,,0.0,https://indomet.gob.do/wp-content/uploads/2025/12/temperaturas-extremas-y-precipitaciones-2025x12x28-a.pdf
2025-12-28,053,PADRE LAS CASAS,AZUA,HOSP. NTRA. SRA. DEL CARMEN,EMCI,29.4,16.6,0.0,https://indomet.gob.do/wp-content/uploads/2025/12/temperaturas-extremas-y-precipitaciones-2025x12x28-a.pdf
2025-12-28,054,PEDERNALES,PEDERNALES,INDRHI,EMCI,,,0.0,https://indomet.gob.do/wp-content/uploads/2025/12/temperaturas-extremas-y-precipitaciones-2025x12x28-a.pdf
2025-12-28,055,PERALTA,AZUA,HOSP. MPAL. DE PERALTA,EMCI,29.0,13.8,0.0,https://indomet.gob.do/wp-content/uploads/2025/12/temperaturas-extremas-y-precipitaciones-2025x12x28-a.pdf
2025-12-28,056,PONTÓN ABAJO (EMA),LA VEGA,MINISTERIO DE AGRICULTURA,EMAP,28.8,18.7,0.0,https://indomet.gob.do/wp-content/uploads/2025/12/temperaturas-extremas-y-precipitaciones-2025x12x28-a.pdf
2025-12-28,057,PRESA DE TAVERAS (EMA),LA VEGA,PROGRAMA MUNDIAL DE ALIMENTO,EMAP,26.4,17.2,0.0,https://indomet.gob.do/wp-content/uploads/2025/12/temperaturas-extremas-y-precipitaciones-2025x12x28-a.pdf
2025-12-28,058,RESTAURACIÓN,DAJABÓN,MINISTERIO DE AGRICULTURA,EMCI,26.4,10.8,0.0,https://indomet.gob.do/wp-content/uploads/2025/12/temperaturas-extremas-y-precipitaciones-2025x12x28-a.pdf
2025-12-28,059,RÍO SAN JUAN,MARÍA TRINIDAD SÁNCHEZ,HOSP. MPAL. DR. DESIDERIO ACOSTA,EMCV,26.8,17.0,0.0,https://indomet.gob.do/wp-content/uploads/2025/12/temperaturas-extremas-y-precipitaciones-2025x12x28-a.pdf
2025-12-28,060,SABANA DE LA MAR,HATO MAYOR,INDOMET,EMCI,29.0,17.5,0.0,https://indomet.gob.do/wp-content/uploads/2025/12/temperaturas-extremas-y-precipitaciones-2025x12x28-a.pdf
2025-12-28,061,SABANA GRANDE DE BOYÁ,MONTE PLATA,MINISTERIO DE AGRICULTURA,EMCV,,,0.0,https://indomet.gob.do/wp-content/uploads/2025/12/temperaturas-extremas-y-precipitaciones-2025x12x28-a.pdf
2025-12-28,062,SABANETA (EMA),SANTIAGO RODRÍGUEZ,PROGRAMA MUNDIAL DE ALIMENTO,EMAP,28.9,17.8,0.0,https://indomet.gob.do/wp-content/uploads/2025/12/temperaturas-extremas-y-precipitaciones-2025x12x28-a.pdf
2025-12-28,063,SALCEDO,HERMANAS MIRABAL,PROPIEDAD DEL EMPLEADO,EMCI,,,0.0,https://indomet.gob.do/wp-content/uploads/2025/12/temperaturas-extremas-y-precipitaciones-2025x12x28-a.pdf
2025-12-28,064,SAMANÁ,SAMANÁ,COMANDANCIA DE PUERTO DE SAMANÁ,EMCI,28.9,13.4,0.0,https://indomet.gob.do/wp-content/uploads/2025/12/temperaturas-extremas-y-precipitaciones-2025x12x28-a.pdf
2025-12-28,065,SAN CRISTÓBAL,SAN CRISTÓBAL,INSTITUTO POLITÉCNICO LOYOLA,EMCI,30.2,17.0,0.0,https://indomet.gob.do/wp-content/uploads/2025/12/temperaturas-extremas-y-precipitaciones-2025x12x28-a.pdf
2025-12-28,066,SAN FRANCISCO DE MACORÍS,DUARTE,San Francisco de Macorís (UASD),EMCI,22.6,17.5,0.0,https://indomet.gob.do/wp-content/uploads/2025/12/temperaturas-extremas-y-precipitaciones-2025x12x28-a.pdf
2025-12-28,067,SAN JOSÉ DE OCOA,SAN JOSÉ DE OCOA,HOSP. SAN JOSÉ DE OCOA,EMCI,28.3,16.7,0.0,https://indomet.gob.do/wp-content/uploads/2025/12/temperaturas-extremas-y-precipitaciones-2025x12x28-a.pdf
2025-12-28,068,SAN RAFAEL DEL YUMA,LA ALTAGRACIA,MINISTERIO DE AGRICULTURA,EMCI,29.8,15.7,0.0,https://indomet.gob.do/wp-content/uploads/2025/12/temperaturas-extremas-y-precipitaciones-2025x12x28-a.pdf
2025-12-28,069,SÁNCHEZ,SAMANÁ,MINISTERIO DE AGRICULTURA,EMCI,28.6,17.2,0.0,https://indomet.gob.do/wp-content/uploads/2025/12/temperaturas-extremas-y-precipitaciones-2025x12x28-a.pdf
2025-12-28,070,SAJOMA (EMA),SANTIAGO,PLAN SIERRA,EMAI,28.7,18.3,0.0,https://indomet.gob.do/wp-content/uploads/2025/12/temperaturas-extremas-y-precipitaciones-2025x12x28-a.pdf
2025-12-28,071,JARDÍN BOTÁNICO SANTIAGO (EMSANTIAGO,,JARDIN BOTANICO SANTIAGO,EMAI,27.2,18.4,0.0,https://indomet.gob.do/wp-content/uploads/2025/12/temperaturas-extremas-y-precipitaciones-2025x12x28-a.pdf
2025-12-28,072,BUCARA (EMA),SANTIAGO,MINISTERIO DE AGRICULTURA,EMAI,,,0.0,https://indomet.gob.do/wp-content/uploads/2025/12/temperaturas-extremas-y-precipitaciones-2025x12x28-a.pdf
2025-12-28,073,VILLA GONZALE (EMA),SANTIAGO,IGLESIA,EMAI,,,0.0,https://indomet.gob.do/wp-content/uploads/2025/12/temperaturas-extremas-y-precipitaciones-2025x12x28-a.pdf
2025-12-28,074,VILLA VASQUEZ (EMA),MONTE CRISTI,JUNTA DE REGANTES,EMAI,,,0.0,https://indomet.gob.do/wp-content/uploads/2025/12/temperaturas-extremas-y-precipitaciones-2025x12x28-a.pdf
2025-12-28,075,SANTIAGO RODRÍGUEZ,SANTIAGO RODRÍGUEZ,INDOMET,EMCI,30.0,18.0,0.0,https://indomet.gob.do/wp-content/uploads/2025/12/temperaturas-extremas-y-precipitaciones-2025x12x28-a.pdf
2025-12-28,076,SANTO DOMINGO ESTE,SANTO DOMINGO,INDOMET,EMCI,30.2,21.5,0.0,https://indomet.gob.do/wp-content/uploads/2025/12/temperaturas-extremas-y-precipitaciones-2025x12x28-a.pdf
2025-12-28,077,TÁBARA ABAJO,AZUA,INDRHI,EMCI,31.0,19.0,0.0,https://indomet.gob.do/wp-content/uploads/2025/12/temperaturas-extremas-y-precipitaciones-2025x12x28-a.pdf
2025-12-28,078,VILLA ALTAGRACIA,SAN CRISTÓBAL,ESCUELA JAVIER ANGULO GURIDI,EMCI,,,0.0,https://indomet.gob.do/wp-content/uploads/2025/12/temperaturas-extremas-y-precipitaciones-2025x12x28-a.pdf
2025-12-28,079,VILLA RIVA,DUARTE,HOSP. MPAL. ALICIA DE LEGENDRE,EMCI,27.2,17.2,0.0,https://indomet.gob.do/wp-content/uploads/2025/12/temperaturas-extremas-y-precipitaciones-2025x12x28-a.pdf
2025-12-30,001,ARPT. ARROYO BARRIL,SAMANÁ,INDOMET,EMCI,28.8,16.0,3.5,https://indomet.gob.do/wp-content/uploads/2026/01/temperaturas-extremas-y-precipitaciones-2025x12x30-a.pdf
2025-12-30,002,ANAMUYA (EMA),LA ALTAGRACIA,MINISTERIO DE AGRICULTURA,EMAP,29.8,19.4,0.0,https://indomet.gob.do/wp-content/uploads/2026/01/temperaturas-extremas-y-precipitaciones-2025x12x30-a.pdf
2025-12-30,003,ARPT. DE LA ROMANA,LA ROMANA,INDOMET,EMCI,30.2,12.2,0.0,https://indomet.gob.do/wp-content/uploads/2026/01/temperaturas-extremas-y-precipitaciones-2025x12x30-a.pdf
2025-12-30,004,ARPT. DE LAS AMÉRICAS,SANTO DOMINGO,INDOMET,EMCI,29.0,17.3,0.0,https://indomet.gob.do/wp-content/uploads/2026/01/temperaturas-extremas-y-precipitaciones-2025x12x30-a.pdf
2025-12-30,005,ARPT. DE PUNTA CANA,LA ALTAGRACIA,INDOMET,EMCI,28.5,16.4,0.0,https://indomet.gob.do/wp-content/uploads/2026/01/temperaturas-extremas-y-precipitaciones-2025x12x30-a.pdf
2025-12-30,006,ARPT. DEL CIBAO,SANTIAGO,INDOMET,EMCI,30.5,13.3,0.0,https://indomet.gob.do/wp-content/uploads/2026/01/temperaturas-extremas-y-precipitaciones-2025x12x30-a.pdf
2025-12-30,007,ARPT. EL CATEY,SAMANÁ,INDOMET,EMCI,29.5,17.0,0.0,https://indomet.gob.do/wp-content/uploads/2026/01/temperaturas-extremas-y-precipitaciones-2025x12x30-a.pdf
2025-12-30,008,ARPT. GREGORIO LUPERÓN,PUERTO PLATA,INDOMET,EMCI,29.6,15.8,0.0,https://indomet.gob.do/wp-content/uploads/2026/01/temperaturas-extremas-y-precipitaciones-2025x12x30-a.pdf
2025-12-30,009,ARPT. LA ISABELA,SANTO DOMINGO,INDOMET,EMCI,29.5,14.9,0.0,https://indomet.gob.do/wp-content/uploads/2026/01/temperaturas-extremas-y-precipitaciones-2025x12x30-a.pdf
2025-12-30,010,ARPT. MARÍA MONTEZ,BARAHONA,INDOMET,EMCI,29.0,20.6,0.0,https://indomet.gob.do/wp-content/uploads/2026/01/temperaturas-extremas-y-precipitaciones-2025x12x30-a.pdf
2025-12-30,011,ARROYO LORO,SAN JUAN,IDIAF,EMCI,30.5,12.5,0.0,https://indomet.gob.do/wp-content/uploads/2026/01/temperaturas-extremas-y-precipitaciones-2025x12x30-a.pdf
2025-12-30,012,BANI (EMA),PERAVIA,MINISTERIO DE AGRICULTURA,EMAP,28.6,20.5,0.0,https://indomet.gob.do/wp-content/uploads/2026/01/temperaturas-extremas-y-precipitaciones-2025x12x30-a.pdf
2025-12-30,013,BAYAGUANA,MONTE PLATA,INDOMET,EMCI,30.8,12.5,0.0,https://indomet.gob.do/wp-content/uploads/2026/01/temperaturas-extremas-y-precipitaciones-2025x12x30-a.pdf
2025-12-30,014,BOCA DE MAO (EMA),VALVERDE,MINISTERIO DE AGRICULTURA,EMAP,31.7,16.9,0.0,https://indomet.gob.do/wp-content/uploads/2026/01/temperaturas-extremas-y-precipitaciones-2025x12x30-a.pdf
2025-12-30,015,BONAO,MONSEÑOR NOUEL,MINISTERIO DE AGRICULTURA,EMCV,,,0.0,https://indomet.gob.do/wp-content/uploads/2026/01/temperaturas-extremas-y-precipitaciones-2025x12x30-a.pdf
2025-12-30,016,CABRAL,BARAHONA,MINISTERIO DE AGRICULTURA,EMCV,28.8,17.9,0.0,https://indomet.gob.do/wp-content/uploads/2026/01/temperaturas-extremas-y-precipitaciones-2025x12x30-a.pdf
2025-12-30,017,CABRERA,MARÍA TRINIDAD SÁNCHEZ,ESCUELA ARÍSTIDES FIALLO CABRAL,EMCI,30.0,20.8,0.0,https://indomet.gob.do/wp-content/uploads/2026/01/temperaturas-extremas-y-precipitaciones-2025x12x30-a.pdf
2025-12-30,018,CENTRO DE LOS HEROES (EMA),DISTRITO NACIONAL,MINISTERIO DE ENERGIA Y MINA,EMAP,28.8,22.6,0.0,https://indomet.gob.do/wp-content/uploads/2026/01/temperaturas-extremas-y-precipitaciones-2025x12x30-a.pdf
2025-12-30,019,CONSTANZA,LA VEGA,MINISTERIO DE AGRICULTURA,EMCI,23.5,8.5,0.0,https://indomet.gob.do/wp-content/uploads/2026/01/temperaturas-extremas-y-precipitaciones-2025x12x30-a.pdf
2025-12-30,020,CONSTANZA (EMA),LA VEGA,PROGRAMA MUNDIAL DE ALIMENTO,EMAP,25.5,10.0,0.0,https://indomet.gob.do/wp-content/uploads/2026/01/temperaturas-extremas-y-precipitaciones-2025x12x30-a.pdf
2025-12-30,021,COTUÍ,SÁNCHEZ RAMÍREZ,HOSP. INMACULADA CONCEPCIÓN,EMCV,,,0.0,https://indomet.gob.do/wp-content/uploads/2026/01/temperaturas-extremas-y-precipitaciones-2025x12x30-a.pdf
2025-12-30,022,DAJABÓN,DAJABÓN,INSTITUTO POLITÉCNICO LOYOLA,EMCI,34.3,18.9,0.0,https://indomet.gob.do/wp-content/uploads/2026/01/temperaturas-extremas-y-precipitaciones-2025x12x30-a.pdf
2025-12-30,023,EL FACTOR (EMA),MARÍA TRINIDAD SÁNCHEZ,INTEC,EMAP,32.2,19.5,0.0,https://indomet.gob.do/wp-content/uploads/2026/01/temperaturas-extremas-y-precipitaciones-2025x12x30-a.pdf
2025-12-30,024,ELÍAS PIÑA,ELÍAS PIÑA,MINISTERIO DE AGRICULTURA,EMCV,,,0.0,https://indomet.gob.do/wp-content/uploads/2026/01/temperaturas-extremas-y-precipitaciones-2025x12x30-a.pdf
2025-12-30,025,ENRIQUILLO,BARAHONA,MINISTERIO DE AGRICULTURA,EMCV,30.8,20.5,0.0,https://indomet.gob.do/wp-content/uploads/2026/01/temperaturas-extremas-y-precipitaciones-2025x12x30-a.pdf
2025-12-30,026,GASPAR HERNÁNDEZ,ESPAILLAT,PROPIEDAD DEL EMPLEADO,EMCI,,,0.0,https://indomet.gob.do/wp-content/uploads/2026/01/temperaturas-extremas-y-precipitaciones-2025x12x30-a.pdf
2025-12-30,027,GURABO,SANTIAGO,MINISTERIO DE AGRICULTURA,EMCV,,,0.0,https://indomet.gob.do/wp-content/uploads/2026/01/temperaturas-extremas-y-precipitaciones-2025x12x30-a.pdf
2025-12-30,028,HATO MAYOR,HATO MAYOR,MINISTERIO DE AGRICULTURA,EMCV,,,0.0,https://indomet.gob.do/wp-content/uploads/2026/01/temperaturas-extremas-y-precipitaciones-2025x12x30-a.pdf
2025-12-30,029,JARABACOA,LA VEGA,INDRHI / MARENA,EMCI,28.2,12.8,0.0,https://indomet.gob.do/wp-content/uploads/2026/01/temperaturas-extremas-y-precipitaciones-2025x12x30-a.pdf
2025-12-30,030,JIMANÍ,INDEPENDENCIA,MINISTERIO DE AGRICULTURA,EMCI,31.6,20.5,0.0,https://indomet.gob.do/wp-content/uploads/2026/01/temperaturas-extremas-y-precipitaciones-2025x12x30-a.pdf
2025-12-30,031,JUMA BEJUCAL,MONSEÑOR NOUEL,IDIAF,EMCV,30.0,16.8,0.0,https://indomet.gob.do/wp-content/uploads/2026/01/temperaturas-extremas-y-precipitaciones-2025x12x30-a.pdf
2025-12-30,032,LA VEGA,LA VEGA,IATESA,EMCI,29.8,18.0,0.0,https://indomet.gob.do/wp-content/uploads/2026/01/temperaturas-extremas-y-precipitaciones-2025x12x30-a.pdf
2025-12-30,033,LA VICTORIA,SANTO DOMINGO,CUERPO DE BOMBEROS,EMCI,31.5,19.5,0.0,https://indomet.gob.do/wp-content/uploads/2026/01/temperaturas-extremas-y-precipitaciones-2025x12x30-a.pdf
2025-12-30,034,LAS CANAS (EMA),MONTE CRISTI,PROGRAMA MUNDIAL DE ALIMENTO,EMAP,29.1,17.8,0.0,https://indomet.gob.do/wp-content/uploads/2026/01/temperaturas-extremas-y-precipitaciones-2025x12x30-a.pdf
2025-12-30,035,LAS MATAS DE SANTA CRUZ (EMA,MONTE CRISTI,PROGRAMA MUNDIAL DE ALIMENTO,EMAP,,,0.0,https://indomet.gob.do/wp-content/uploads/2026/01/temperaturas-extremas-y-precipitaciones-2025x12x30-a.pdf
2025-12-30,036,LOS JENGIBRES,NAGUA,INDRHI,EMCI,,,0.0,https://indomet.gob.do/wp-content/uploads/2026/01/temperaturas-extremas-y-precipitaciones-2025x12x30-a.pdf
2025-12-30,037,LOS LLANOS,SAN PEDRO DE MACORÍS,MINISTERIO DE AGRICULTURA,EMCI,32.2,19.0,0.0,https://indomet.gob.do/wp-content/uploads/2026/01/temperaturas-extremas-y-precipitaciones-2025x12x30-a.pdf
2025-12-30,038,LOS TRES CHARCOS (EMA),PEDERNALES,PROPIEDAD DEL VOLUNTARIO,EMAP,,,0.0,https://indomet.gob.do/wp-content/uploads/2026/01/temperaturas-extremas-y-precipitaciones-2025x12x30-a.pdf
2025-12-30,039,MAO,VALVERDE,INDRHI / MINISTERIO DE AGRICULTURA,EMCV,,,0.0,https://indomet.gob.do/wp-content/uploads/2026/01/temperaturas-extremas-y-precipitaciones-2025x12x30-a.pdf
2025-12-30,040,MICHES (EMA),EL SEIBO,PRIVADA,EMAP,28.6,22.6,0.0,https://indomet.gob.do/wp-content/uploads/2026/01/temperaturas-extremas-y-precipitaciones-2025x12x30-a.pdf
2025-12-30,041,MONTE CRISTI,MONTE CRISTI,INDOMET,EMCI,32.4,18.0,0.0,https://indomet.gob.do/wp-content/uploads/2026/01/temperaturas-extremas-y-precipitaciones-2025x12x30-a.pdf
2025-12-30,042,NAVARRETE,SANTIAGO,MINISTERIO DE AGRICULTURA,EMCV,,,0.0,https://indomet.gob.do/wp-content/uploads/2026/01/temperaturas-extremas-y-precipitaciones-2025x12x30-a.pdf
2025-12-30,043,OLIVARES,PEDERNALES,INDRHI,EMCI,,,0.0,https://indomet.gob.do/wp-content/uploads/2026/01/temperaturas-extremas-y-precipitaciones-2025x12x30-a.pdf
2025-12-30,044,OVIEDO,PEDERNALES,CLÍNICA RURAL OVIEDO,EMCI,29.0,18.8,0.0,https://indomet.gob.do/wp-content/uploads/2026/01/temperaturas-extremas-y-precipitaciones-2025x12x30-a.pdf
2025-12-30,045,PADRE LAS CASAS,AZUA,HOSP. NTRA. SRA. DEL CARMEN,EMCI,30.4,14.3,0.0,https://indomet.gob.do/wp-content/uploads/2026/01/temperaturas-extremas-y-precipitaciones-2025x12x30-a.pdf
2025-12-30,046,PALO ÍNDIO,PUERTO PLATA,MINISTERIO DE AGRICULTURA,EMCI,,,0.0,https://indomet.gob.do/wp-content/uploads/2026/01/temperaturas-extremas-y-precipitaciones-2025x12x30-a.pdf
2025-12-30,047,PASO AL MEDIO,SAN PEDRO DE MACORÍS,INDRHI,EMCI,,,0.0,https://indomet.gob.do/wp-content/uploads/2026/01/temperaturas-extremas-y-precipitaciones-2025x12x30-a.pdf
2025-12-30,048,PEDERNALES,PEDERNALES,INDRHI,EMCI,,,0.0,https://indomet.gob.do/wp-content/uploads/2026/01/temperaturas-extremas-y-precipitaciones-2025x12x30-a.pdf
2025-12-30,049,PERALTA,AZUA,HOSP. MPAL. DE PERALTA,EMCI,28.0,12.6,0.0,https://indomet.gob.do/wp-content/uploads/2026/01/temperaturas-extremas-y-precipitaciones-2025x12x30-a.pdf
2025-12-30,050,POLO,BARAHONA,INDOCAFE,EMCI,,13.0,0.0,https://indomet.gob.do/wp-content/uploads/2026/01/temperaturas-extremas-y-precipitaciones-2025x12x30-a.pdf
2025-12-30,051,PONTÓN ABAJO (EMA),LA VEGA,MINISTERIO DE AGRICULTURA,EMAP,29.9,17.7,0.0,https://indomet.gob.do/wp-content/uploads/2026/01/temperaturas-extremas-y-precipitaciones-2025x12x30-a.pdf
2025-12-30,052,PRESA DE TAVERAS (EMA),LA VEGA,PROGRAMA MUNDIAL DE ALIMENTO,EMAP,28.4,16.6,0.0,https://indomet.gob.do/wp-content/uploads/2026/01/temperaturas-extremas-y-precipitaciones-2025x12x30-a.pdf
2025-12-30,053,RANCHO ARRIBA,SAN JOSÉ DE OCOA,CENTRO TECNOLÓGICO COMUNITARIO,EMCI,25.3,10.8,0.0,https://indomet.gob.do/wp-content/uploads/2026/01/temperaturas-extremas-y-precipitaciones-2025x12x30-a.pdf
2025-12-30,054,RESTAURACIÓN,DAJABÓN,MINISTERIO DE AGRICULTURA,EMCI,25.4,10.6,0.0,https://indomet.gob.do/wp-content/uploads/2026/01/temperaturas-extremas-y-precipitaciones-2025x12x30-a.pdf
2025-12-30,055,RÍO SAN JUAN,MARÍA TRINIDAD SÁNCHEZ,HOSP. MPAL. DR. DESIDERIO ACOSTA,EMCV,31.0,19.4,0.0,https://indomet.gob.do/wp-content/uploads/2026/01/temperaturas-extremas-y-precipitaciones-2025x12x30-a.pdf
2025-12-30,056,SABANA DE LA MAR,HATO MAYOR,INDOMET,EMCI,29.5,18.0,0.0,https://indomet.gob.do/wp-content/uploads/2026/01/temperaturas-extremas-y-precipitaciones-2025x12x30-a.pdf
2025-12-30,057,SABANA GRANDE DE BOYÁ,MONTE PLATA,MINISTERIO DE AGRICULTURA,EMCV,,,0.0,https://indomet.gob.do/wp-content/uploads/2026/01/temperaturas-extremas-y-precipitaciones-2025x12x30-a.pdf
2025-12-30,058,SABANETA (EMA),SANTIAGO RODRÍGUEZ,PROGRAMA MUNDIAL DE ALIMENTO,EMAP,33.7,17.1,0.0,https://indomet.gob.do/wp-content/uploads/2026/01/temperaturas-extremas-y-precipitaciones-2025x12x30-a.pdf
2025-12-30,059,SALCEDO,HERMANAS MIRABAL,PROPIEDAD DEL EMPLEADO,EMCI,,,0.0,https://indomet.gob.do/wp-content/uploads/2026/01/temperaturas-extremas-y-precipitaciones-2025x12x30-a.pdf
2025-12-30,060,SAMANÁ,SAMANÁ,COMANDANCIA DE PUERTO DE SAMANÁ,EMCI,29.9,15.9,0.0,https://indomet.gob.do/wp-content/uploads/2026/01/temperaturas-extremas-y-precipitaciones-2025x12x30-a.pdf
2025-12-30,061,SAN CRISTÓBAL,SAN CRISTÓBAL,INSTITUTO POLITÉCNICO LOYOLA,EMCI,29.2,17.2,0.0,https://indomet.gob.do/wp-content/uploads/2026/01/temperaturas-extremas-y-precipitaciones-2025x12x30-a.pdf
2025-12-30,062,SAN JOSÉ DE OCOA,SAN JOSÉ DE OCOA,HOSP. SAN JOSÉ DE OCOA,EMCI,28.0,15.1,0.0,https://indomet.gob.do/wp-content/uploads/2026/01/temperaturas-extremas-y-precipitaciones-2025x12x30-a.pdf
2025-12-30,063,SAN RAFAEL DEL YUMA,LA ALTAGRACIA,MINISTERIO DE AGRICULTURA,EMCI,30.0,17.6,0.0,https://indomet.gob.do/wp-content/uploads/2026/01/temperaturas-extremas-y-precipitaciones-2025x12x30-a.pdf
2025-12-30,064,SÁNCHEZ,SAMANÁ,MINISTERIO DE AGRICULTURA,EMCI,28.9,19.0,0.0,https://indomet.gob.do/wp-content/uploads/2026/01/temperaturas-extremas-y-precipitaciones-2025x12x30-a.pdf
2025-12-30,065,SAJOMA (EMA),SANTIAGO,PLAN SIERRA,EMAI,,,0.0,https://indomet.gob.do/wp-content/uploads/2026/01/temperaturas-extremas-y-precipitaciones-2025x12x30-a.pdf
2025-12-30,066,JARDÍN BOTÁNICO SANTIAGO (EMSANTIAGO,,JARDIN BOTANICO SANTIAGO,EMAI,30.5,12.8,0.0,https://indomet.gob.do/wp-content/uploads/2026/01/temperaturas-extremas-y-precipitaciones-2025x12x30-a.pdf
2025-12-30,067,BUCARA (EMA),SANTIAGO,MINISTERIO DE AGRICULTURA,EMAI,,,0.0,https://indomet.gob.do/wp-content/uploads/2026/01/temperaturas-extremas-y-precipitaciones-2025x12x30-a.pdf
2025-12-30,068,VILLA GONZALE (EMA),SANTIAGO,IGLESIA,EMAI,,,0.0,https://indomet.gob.do/wp-content/uploads/2026/01/temperaturas-extremas-y-precipitaciones-2025x12x30-a.pdf
2025-12-30,069,VILLA VASQUEZ (EMA),MONTE CRISTI,JUNTA DE REGANTES,EMAI,,,0.0,https://indomet.gob.do/wp-content/uploads/2026/01/temperaturas-extremas-y-precipitaciones-2025x12x30-a.pdf
2025-12-30,070,SANTIAGO RODRÍGUEZ,SANTIAGO RODRÍGUEZ,INDOMET,EMCI,33.4,18.0,0.0,https://indomet.gob.do/wp-content/uploads/2026/01/temperaturas-extremas-y-precipitaciones-2025x12x30-a.pdf
2025-12-30,071,SANTO DOMINGO ESTE,SANTO DOMINGO,INDOMET,EMCI,30.0,20.0,0.0,https://indomet.gob.do/wp-content/uploads/2026/01/temperaturas-extremas-y-precipitaciones-2025x12x30-a.pdf
2025-12-30,072,TÁBARA ABAJO,AZUA,INDRHI,EMCI,32.0,19.0,0.0,https://indomet.gob.do/wp-content/uploads/2026/01/temperaturas-extremas-y-precipitaciones-2025x12x30-a.pdf
2025-12-30,073,JIMA ABAJO,LA VEGA,INDOMET,EMCI,29.0,19.0,0.0,https://indomet.gob.do/wp-content/uploads/2026/01/temperaturas-extremas-y-precipitaciones-2025x12x30-a.pdf
2025-12-30,074,TAVERA,SANTIAGO,INDRHI,EMCI,,,0.0,https://indomet.gob.do/wp-content/uploads/2026/01/temperaturas-extremas-y-precipitaciones-2025x12x30-a.pdf
2025-12-30,075,VILLA ALTAGRACIA,SAN CRISTÓBAL,ESCUELA JAVIER ANGULO GURIDI,EMCI,,,0.0,https://indomet.gob.do/wp-content/uploads/2026/01/temperaturas-extremas-y-precipitaciones-2025x12x30-a.pdf
2025-12-30,076,VILLA GONZALES,SANTIAGO,MINISTERIO DE AGRICULTURA,EMCI,,,0.0,https://indomet.gob.do/wp-content/uploads/2026/01/temperaturas-extremas-y-precipitaciones-2025x12x30-a.pdf
2025-12-30,077,VILLA ISABELA,PUERTO PLATA,MINISTERIO DE AGRICULTURA,EMCV,,,0.0,https://indomet.gob.do/wp-content/uploads/2026/01/temperaturas-extremas-y-precipitaciones-2025x12x30-a.pdf
2025-12-30,078,VILLA RIVA,DUARTE,HOSP. MPAL. ALICIA DE LEGENDRE,EMCI,29.0,16.4,0.0,https://indomet.gob.do/wp-content/uploads/2026/01/temperaturas-extremas-y-precipitaciones-2025x12x30-a.pdf
2025-12-31,001,ARPT. DE LA ROMANA,LA ROMANA,INDOMET,EMCI,27.3,18.9,67.9,https://indomet.gob.do/wp-content/uploads/2026/01/temperaturas-extremas-y-precipitaciones-2025x12x31-a.pdf
2025-12-31,002,VILLA ALTAGRACIA,SAN CRISTÓBAL,ESCUELA JAVIER ANGULO GURIDI,EMCI,,,59.7,https://indomet.gob.do/wp-content/uploads/2026/01/temperaturas-extremas-y-precipitaciones-2025x12x31-a.pdf
2025-12-31,003,ARPT. LA ISABELA,SANTO DOMINGO,INDOMET,EMCI,27.0,17.0,58.7,https://indomet.gob.do/wp-content/uploads/2026/01/temperaturas-extremas-y-precipitaciones-2025x12x31-a.pdf
2025-12-31,004,HATO MAYOR,HATO MAYOR,MINISTERIO DE AGRICULTURA,EMCV,,,49.0,https://indomet.gob.do/wp-content/uploads/2026/01/temperaturas-extremas-y-precipitaciones-2025x12x31-a.pdf
2025-12-31,005,SAN RAFAEL DEL YUMA,LA ALTAGRACIA,MINISTERIO DE AGRICULTURA,EMCI,27.0,20.9,39.6,https://indomet.gob.do/wp-content/uploads/2026/01/temperaturas-extremas-y-precipitaciones-2025x12x31-a.pdf
2025-12-31,006,ARPT. DE LAS AMÉRICAS,SANTO DOMINGO,INDOMET,EMCI,25.5,19.0,31.3,https://indomet.gob.do/wp-content/uploads/2026/01/temperaturas-extremas-y-precipitaciones-2025x12x31-a.pdf
2025-12-31,007,SAMANÁ,SAMANÁ,COMANDANCIA DE PUERTO DE SAMANÁ,EMCI,28.8,17.4,18.0,https://indomet.gob.do/wp-content/uploads/2026/01/temperaturas-extremas-y-precipitaciones-2025x12x31-a.pdf
2025-12-31,008,ARPT. ARROYO BARRIL,SAMANÁ,INDOMET,EMCI,28.2,17.8,16.5,https://indomet.gob.do/wp-content/uploads/2026/01/temperaturas-extremas-y-precipitaciones-2025x12x31-a.pdf
2025-12-31,009,RANCHO ARRIBA,SAN JOSÉ DE OCOA,CENTRO TECNOLÓGICO COMUNITARIO,EMCI,24.5,14.2,16.2,https://indomet.gob.do/wp-content/uploads/2026/01/temperaturas-extremas-y-precipitaciones-2025x12x31-a.pdf
2025-12-31,010,JIMA ABAJO,LA VEGA,INDOMET,EMCI,29.2,18.0,16.0,https://indomet.gob.do/wp-content/uploads/2026/01/temperaturas-extremas-y-precipitaciones-2025x12x31-a.pdf
2025-12-31,011,ARPT. DE PUNTA CANA,LA ALTAGRACIA,INDOMET,EMCI,28.6,21.4,15.4,https://indomet.gob.do/wp-content/uploads/2026/01/temperaturas-extremas-y-precipitaciones-2025x12x31-a.pdf
2025-12-31,012,ARPT. EL CATEY,SAMANÁ,INDOMET,EMCI,29.0,17.5,15.4,https://indomet.gob.do/wp-content/uploads/2026/01/temperaturas-extremas-y-precipitaciones-2025x12x31-a.pdf
2025-12-31,013,BONAO,MONSEÑOR NOUEL,MINISTERIO DE AGRICULTURA,EMCV,,,15.0,https://indomet.gob.do/wp-content/uploads/2026/01/temperaturas-extremas-y-precipitaciones-2025x12x31-a.pdf
2025-12-31,014,JUMA BEJUCAL,MONSEÑOR NOUEL,IDIAF,EMCV,29.4,20.2,14.6,https://indomet.gob.do/wp-content/uploads/2026/01/temperaturas-extremas-y-precipitaciones-2025x12x31-a.pdf
2025-12-31,015,ESCONDIDO,PERAVIA,MINISTERIO DE AGRICULTURA,EMCV,27.0,21.0,11.4,https://indomet.gob.do/wp-content/uploads/2026/01/temperaturas-extremas-y-precipitaciones-2025x12x31-a.pdf
2025-12-31,016,BAYAGUANA,MONTE PLATA,INDOMET,EMCI,29.5,20.5,11.0,https://indomet.gob.do/wp-content/uploads/2026/01/temperaturas-extremas-y-precipitaciones-2025x12x31-a.pdf
2025-12-31,017,SANTO DOMINGO ESTE,SANTO DOMINGO,INDOMET,EMCI,26.2,22.0,10.1,https://indomet.gob.do/wp-content/uploads/2026/01/temperaturas-extremas-y-precipitaciones-2025x12x31-a.pdf
2025-12-31,018,POLO,BARAHONA,INDOCAFE,EMCI,,12.4,10.0,https://indomet.gob.do/wp-content/uploads/2026/01/temperaturas-extremas-y-precipitaciones-2025x12x31-a.pdf
2025-12-31,019,SÁNCHEZ,SAMANÁ,MINISTERIO DE AGRICULTURA,EMCI,29.2,20.0,10.0,https://indomet.gob.do/wp-content/uploads/2026/01/temperaturas-extremas-y-precipitaciones-2025x12x31-a.pdf
2025-12-31,020,SABANA DE LA MAR,HATO MAYOR,INDOMET,EMCI,29.5,20.5,9.9,https://indomet.gob.do/wp-content/uploads/2026/01/temperaturas-extremas-y-precipitaciones-2025x12x31-a.pdf
2025-12-31,021,RÍO SAN JUAN,MARÍA TRINIDAD SÁNCHEZ,HOSP. MPAL. DR. DESIDERIO ACOSTA,EMCV,30.3,21.4,8.2,https://indomet.gob.do/wp-content/uploads/2026/01/temperaturas-extremas-y-precipitaciones-2025x12x31-a.pdf
2025-12-31,022,LA VICTORIA,SANTO DOMINGO,CUERPO DE BOMBEROS,EMCI,26.2,21.9,7.5,https://indomet.gob.do/wp-content/uploads/2026/01/temperaturas-extremas-y-precipitaciones-2025x12x31-a.pdf
2025-12-31,023,SAN CRISTÓBAL,SAN CRISTÓBAL,INSTITUTO POLITÉCNICO LOYOLA,EMCI,29.0,17.2,6.0,https://indomet.gob.do/wp-content/uploads/2026/01/temperaturas-extremas-y-precipitaciones-2025x12x31-a.pdf
2025-12-31,024,CABRAL,BARAHONA,MINISTERIO DE AGRICULTURA,EMCV,29.9,19.4,3.2,https://indomet.gob.do/wp-content/uploads/2026/01/temperaturas-extremas-y-precipitaciones-2025x12x31-a.pdf
2025-12-31,025,CONSTANZA,LA VEGA,MINISTERIO DE AGRICULTURA,EMCI,23.8,11.4,2.8,https://indomet.gob.do/wp-content/uploads/2026/01/temperaturas-extremas-y-precipitaciones-2025x12x31-a.pdf
2025-12-31,026,PERALTA,AZUA,HOSP. MPAL. DE PERALTA,EMCI,28.6,17.0,2.6,https://indomet.gob.do/wp-content/uploads/2026/01/temperaturas-extremas-y-precipitaciones-2025x12x31-a.pdf
2025-12-31,027,ENRIQUILLO,BARAHONA,MINISTERIO DE AGRICULTURA,EMCV,30.5,21.0,2.4,https://indomet.gob.do/wp-content/uploads/2026/01/temperaturas-extremas-y-precipitaciones-2025x12x31-a.pdf
2025-12-31,028,PADRE LAS CASAS,AZUA,HOSP. NTRA. SRA. DEL CARMEN,EMCI,29.0,17.0,2.3,https://indomet.gob.do/wp-content/uploads/2026/01/temperaturas-extremas-y-precipitaciones-2025x12x31-a.pdf
2025-12-31,029,OVIEDO,PEDERNALES,CLÍNICA RURAL OVIEDO,EMCI,29.5,19.7,2.2,https://indomet.gob.do/wp-content/uploads/2026/01/temperaturas-extremas-y-precipitaciones-2025x12x31-a.pdf
2025-12-31,030,MAO,VALVERDE,INDRHI / MINISTERIO DE AGRICULTURA,EMCV,,,1.9,https://indomet.gob.do/wp-content/uploads/2026/01/temperaturas-extremas-y-precipitaciones-2025x12x31-a.pdf
2025-12-31,031,VILLA RIVA,DUARTE,HOSP. MPAL. ALICIA DE LEGENDRE,EMCI,28.0,20.6,1.3,https://indomet.gob.do/wp-content/uploads/2026/01/temperaturas-extremas-y-precipitaciones-2025x12x31-a.pdf
2025-12-31,032,ARPT. DEL CIBAO,SANTIAGO,INDOMET,EMCI,30.5,15.8,1.2,https://indomet.gob.do/wp-content/uploads/2026/01/temperaturas-extremas-y-precipitaciones-2025x12x31-a.pdf
2025-12-31,033,VILLA GONZALES,SANTIAGO,MINISTERIO DE AGRICULTURA,EMCI,,,1.0,https://indomet.gob.do/wp-content/uploads/2026/01/temperaturas-extremas-y-precipitaciones-2025x12x31-a.pdf
2025-12-31,034,ARPT. MARÍA MONTEZ,BARAHONA,INDOMET,EMCI,31.6,19.0,0.6,https://indomet.gob.do/wp-content/uploads/2026/01/temperaturas-extremas-y-precipitaciones-2025x12x31-a.pdf
2025-12-31,035,ARPT. GREGORIO LUPERÓN,PUERTO PLATA,INDOMET,EMCI,29.2,18.5,0.3,https://indomet.gob.do/wp-content/uploads/2026/01/temperaturas-extremas-y-precipitaciones-2025x12x31-a.pdf
2025-12-31,036,ARROYO LORO,SAN JUAN,IDIAF,EMCI,30.8,16.7,0.3,https://indomet.gob.do/wp-content/uploads/2026/01/temperaturas-extremas-y-precipitaciones-2025x12x31-a.pdf
2025-12-31,037,JARABACOA,LA VEGA,INDRHI / MARENA,EMCI,26.0,13.8,0.2,https://indomet.gob.do/wp-content/uploads/2026/01/temperaturas-extremas-y-precipitaciones-2025x12x31-a.pdf
2025-12-31,038,HONDO VALLE,ELÍAS PIÑA,MINISTERIO DE AGRICULTURA,EMCI,25.5,10.5,0.1,https://indomet.gob.do/wp-content/uploads/2026/01/temperaturas-extremas-y-precipitaciones-2025x12x31-a.pdf
2025-12-31,039,JIMANÍ,INDEPENDENCIA,MINISTERIO DE AGRICULTURA,EMCI,33.0,21.0,0.1,https://indomet.gob.do/wp-content/uploads/2026/01/temperaturas-extremas-y-precipitaciones-2025x12x31-a.pdf
2025-12-31,040,SANTIAGO RODRÍGUEZ,SANTIAGO RODRÍGUEZ,INDOMET,EMCI,33.7,20.4,0.1,https://indomet.gob.do/wp-content/uploads/2026/01/temperaturas-extremas-y-precipitaciones-2025x12x31-a.pdf
2025-12-31,041,GASPAR HERNÁNDEZ,ESPAILLAT,PROPIEDAD DEL EMPLEADO,EMCI,,,0.0,https://indomet.gob.do/wp-content/uploads/2026/01/temperaturas-extremas-y-precipitaciones-2025x12x31-a.pdf
2025-12-31,042,GURABO,SANTIAGO,MINISTERIO DE AGRICULTURA,EMCV,,,0.0,https://indomet.gob.do/wp-content/uploads/2026/01/temperaturas-extremas-y-precipitaciones-2025x12x31-a.pdf
2025-12-31,043,LA VEGA,LA VEGA,IATESA,EMCI,28.5,21.0,0.0,https://indomet.gob.do/wp-content/uploads/2026/01/temperaturas-extremas-y-precipitaciones-2025x12x31-a.pdf
2025-12-31,044,MONCIÓN (EMA),SANTIAGO RODRÍGUEZ,PROGRAMA MUNDIAL DE ALIMENTO,EMAP,31.5,19.5,0.0,https://indomet.gob.do/wp-content/uploads/2026/01/temperaturas-extremas-y-precipitaciones-2025x12x31-a.pdf
2025-12-31,045,OLIVARES,PEDERNALES,INDRHI,EMCI,,,0.0,https://indomet.gob.do/wp-content/uploads/2026/01/temperaturas-extremas-y-precipitaciones-2025x12x31-a.pdf
2025-12-31,046,PALO ÍNDIO,PUERTO PLATA,MINISTERIO DE AGRICULTURA,EMCI,,,0.0,https://indomet.gob.do/wp-content/uploads/2026/01/temperaturas-extremas-y-precipitaciones-2025x12x31-a.pdf
2025-12-31,047,PEDERNALES,PEDERNALES,INDRHI,EMCI,,,0.0,https://indomet.gob.do/wp-content/uploads/2026/01/temperaturas-extremas-y-precipitaciones-2025x12x31-a.pdf
2025-12-31,048,RESTAURACIÓN,DAJABÓN,MINISTERIO DE AGRICULTURA,EMCI,25.2,10.1,0.0,https://indomet.gob.do/wp-content/uploads/2026/01/temperaturas-extremas-y-precipitaciones-2025x12x31-a.pdf
2025-12-31,049,SALCEDO,HERMANAS MIRABAL,PROPIEDAD DEL EMPLEADO,EMCI,,,0.0,https://indomet.gob.do/wp-content/uploads/2026/01/temperaturas-extremas-y-precipitaciones-2025x12x31-a.pdf
2025-12-31,050,TÁBARA ABAJO,AZUA,INDRHI,EMCI,30.0,18.2,0.0,https://indomet.gob.do/wp-content/uploads/2026/01/temperaturas-extremas-y-precipitaciones-2025x12x31-a.pdf
2025-12-31,051,VILLA ISABELA,PUERTO PLATA,MINISTERIO DE AGRICULTURA,EMCV,,,0.0,https://indomet.gob.do/wp-content/uploads/2026/01/temperaturas-extremas-y-precipitaciones-2025x12x31-a.pdf
2026-01-01,001,ARPT. ARROYO BARRIL,SAMANÁ,INDOMET,EMCI,25.8,19.6,100.1,https://indomet.gob.do/wp-content/uploads/2026/01/temperaturas-extremas-y-precipitaciones-2026x01x01-a.pdf
2026-01-01,002,POLO,BARAHONA,INDOCAFE,EMCI,,15.0,87.5,https://indomet.gob.do/wp-content/uploads/2026/01/temperaturas-extremas-y-precipitaciones-2026x01x01-a.pdf
2026-01-01,003,NAVARRETE,SANTIAGO,MINISTERIO DE AGRICULTURA,EMCV,,,56.9,https://indomet.gob.do/wp-content/uploads/2026/01/temperaturas-extremas-y-precipitaciones-2026x01x01-a.pdf
2026-01-01,004,SAMANÁ,SAMANÁ,COMANDANCIA DE PUERTO DE SAMANÁ,EMCI,26.5,16.4,49.0,https://indomet.gob.do/wp-content/uploads/2026/01/temperaturas-extremas-y-precipitaciones-2026x01x01-a.pdf
2026-01-01,005,CABRERA,MARÍA TRINIDAD SÁNCHEZ,ESCUELA ARÍSTIDES FIALLO CABRAL,EMCI,31.0,22.0,46.3,https://indomet.gob.do/wp-content/uploads/2026/01/temperaturas-extremas-y-precipitaciones-2026x01x01-a.pdf
2026-01-01,006,VILLA ALTAGRACIA,SAN CRISTÓBAL,ESCUELA JAVIER ANGULO GURIDI,EMCI,,,41.2,https://indomet.gob.do/wp-content/uploads/2026/01/temperaturas-extremas-y-precipitaciones-2026x01x01-a.pdf
2026-01-01,007,GASPAR HERNÁNDEZ,ESPAILLAT,PROPIEDAD DEL EMPLEADO,EMCI,,,39.5,https://indomet.gob.do/wp-content/uploads/2026/01/temperaturas-extremas-y-precipitaciones-2026x01x01-a.pdf
2026-01-01,008,BASE AÉREA DE SAN ISIDRO,SANTO DOMINGO,FUERZA AÉREA DOMINICANA,EMCV,28.0,20.5,33.3,https://indomet.gob.do/wp-content/uploads/2026/01/temperaturas-extremas-y-precipitaciones-2026x01x01-a.pdf
2026-01-01,009,SABANA DE LA MAR,HATO MAYOR,INDOMET,EMCI,24.0,21.0,32.5,https://indomet.gob.do/wp-content/uploads/2026/01/temperaturas-extremas-y-precipitaciones-2026x01x01-a.pdf
2026-01-01,010,TAMBORIL,SANTIAGO,MINISTERIO DE AGRICULTURA,EMCV,,,31.2,https://indomet.gob.do/wp-content/uploads/2026/01/temperaturas-extremas-y-precipitaciones-2026x01x01-a.pdf
2026-01-01,011,RESTAURACIÓN,DAJABÓN,MINISTERIO DE AGRICULTURA,EMCI,24.8,10.3,25.1,https://indomet.gob.do/wp-content/uploads/2026/01/temperaturas-extremas-y-precipitaciones-2026x01x01-a.pdf
2026-01-01,012,ARPT. LA ISABELA,SANTO DOMINGO,INDOMET,EMCI,25.4,19.2,18.7,https://indomet.gob.do/wp-content/uploads/2026/01/temperaturas-extremas-y-precipitaciones-2026x01x01-a.pdf
2026-01-01,013,VILLA RIVA,DUARTE,HOSP. MPAL. ALICIA DE LEGENDRE,EMCI,26.2,19.4,18.5,https://indomet.gob.do/wp-content/uploads/2026/01/temperaturas-extremas-y-precipitaciones-2026x01x01-a.pdf
2026-01-01,014,CENTRO DE LOS HEROES (EMA),DISTRITO NACIONAL,MINISTERIO DE ENERGIA Y MINA,EMAP,25.2,21.9,15.4,https://indomet.gob.do/wp-content/uploads/2026/01/temperaturas-extremas-y-precipitaciones-2026x01x01-a.pdf
2026-01-01,015,ARPT. DE PUNTA CANA,LA ALTAGRACIA,INDOMET,EMCI,27.8,19.3,15.0,https://indomet.gob.do/wp-content/uploads/2026/01/temperaturas-extremas-y-precipitaciones-2026x01x01-a.pdf
2026-01-01,016,ARPT. MARÍA MONTEZ,BARAHONA,INDOMET,EMCI,25.2,19.0,14.0,https://indomet.gob.do/wp-content/uploads/2026/01/temperaturas-extremas-y-precipitaciones-2026x01x01-a.pdf
2026-01-01,017,CABRAL,BARAHONA,MINISTERIO DE AGRICULTURA,EMCV,23.7,18.2,14.0,https://indomet.gob.do/wp-content/uploads/2026/01/temperaturas-extremas-y-precipitaciones-2026x01x01-a.pdf
2026-01-01,018,LA VICTORIA,SANTO DOMINGO,CUERPO DE BOMBEROS,EMCI,26.8,20.6,13.8,https://indomet.gob.do/wp-content/uploads/2026/01/temperaturas-extremas-y-precipitaciones-2026x01x01-a.pdf
2026-01-01,019,VILLA GONZALES,SANTIAGO,MINISTERIO DE AGRICULTURA,EMCI,,,13.7,https://indomet.gob.do/wp-content/uploads/2026/01/temperaturas-extremas-y-precipitaciones-2026x01x01-a.pdf
2026-01-01,020,SANTO DOMINGO ESTE,SANTO DOMINGO,INDOMET,EMCI,25.5,22.2,13.4,https://indomet.gob.do/wp-content/uploads/2026/01/temperaturas-extremas-y-precipitaciones-2026x01x01-a.pdf
2026-01-01,021,SAN CRISTÓBAL,SAN CRISTÓBAL,INSTITUTO POLITÉCNICO LOYOLA,EMCI,25.0,19.0,13.0,https://indomet.gob.do/wp-content/uploads/2026/01/temperaturas-extremas-y-precipitaciones-2026x01x01-a.pdf
2026-01-01,022,BONAO,MONSEÑOR NOUEL,MINISTERIO DE AGRICULTURA,EMCV,,,11.9,https://indomet.gob.do/wp-content/uploads/2026/01/temperaturas-extremas-y-precipitaciones-2026x01x01-a.pdf
2026-01-01,023,BAYAGUANA,MONTE PLATA,INDOMET,EMCI,26.0,21.4,11.5,https://indomet.gob.do/wp-content/uploads/2026/01/temperaturas-extremas-y-precipitaciones-2026x01x01-a.pdf
2026-01-01,024,ARPT. DE LA ROMANA,LA ROMANA,INDOMET,EMCI,27.2,20.8,11.2,https://indomet.gob.do/wp-content/uploads/2026/01/temperaturas-extremas-y-precipitaciones-2026x01x01-a.pdf
2026-01-01,025,HATO MAYOR,HATO MAYOR,MINISTERIO DE AGRICULTURA,EMCV,,,11.2,https://indomet.gob.do/wp-content/uploads/2026/01/temperaturas-extremas-y-precipitaciones-2026x01x01-a.pdf
2026-01-01,026,SAN RAFAEL DEL YUMA,LA ALTAGRACIA,MINISTERIO DE AGRICULTURA,EMCI,27.2,21.0,10.9,https://indomet.gob.do/wp-content/uploads/2026/01/temperaturas-extremas-y-precipitaciones-2026x01x01-a.pdf
2026-01-01,027,SAN JOSÉ DE OCOA,SAN JOSÉ DE OCOA,HOSP. SAN JOSÉ DE OCOA,EMCI,22.6,16.0,10.4,https://indomet.gob.do/wp-content/uploads/2026/01/temperaturas-extremas-y-precipitaciones-2026x01x01-a.pdf
2026-01-01,028,OLIVARES,PEDERNALES,INDRHI,EMCI,,,10.1,https://indomet.gob.do/wp-content/uploads/2026/01/temperaturas-extremas-y-precipitaciones-2026x01x01-a.pdf
2026-01-01,029,BANI (EMA),PERAVIA,MINISTERIO DE AGRICULTURA,EMAP,24.8,20.1,10.0,https://indomet.gob.do/wp-content/uploads/2026/01/temperaturas-extremas-y-precipitaciones-2026x01x01-a.pdf
2026-01-01,030,JARABACOA,LA VEGA,INDRHI / MARENA,EMCI,23.2,14.6,9.4,https://indomet.gob.do/wp-content/uploads/2026/01/temperaturas-extremas-y-precipitaciones-2026x01x01-a.pdf
2026-01-01,031,ARPT. DE LAS AMÉRICAS,SANTO DOMINGO,INDOMET,EMCI,26.0,20.0,8.8,https://indomet.gob.do/wp-content/uploads/2026/01/temperaturas-extremas-y-precipitaciones-2026x01x01-a.pdf
2026-01-01,032,PERALTA,AZUA,HOSP. MPAL. DE PERALTA,EMCI,23.8,15.5,8.8,https://indomet.gob.do/wp-content/uploads/2026/01/temperaturas-extremas-y-precipitaciones-2026x01x01-a.pdf
2026-01-01,033,JUMA BEJUCAL,MONSEÑOR NOUEL,IDIAF,EMCV,24.0,18.6,8.7,https://indomet.gob.do/wp-content/uploads/2026/01/temperaturas-extremas-y-precipitaciones-2026x01x01-a.pdf
2026-01-01,034,ENRIQUILLO,BARAHONA,MINISTERIO DE AGRICULTURA,EMCV,24.5,18.0,8.6,https://indomet.gob.do/wp-content/uploads/2026/01/temperaturas-extremas-y-precipitaciones-2026x01x01-a.pdf
2026-01-01,035,LOS LLANOS,SAN PEDRO DE MACORÍS,MINISTERIO DE AGRICULTURA,EMCI,25.6,20.7,8.6,https://indomet.gob.do/wp-content/uploads/2026/01/temperaturas-extremas-y-precipitaciones-2026x01x01-a.pdf
2026-01-01,036,SALCEDO,HERMANAS MIRABAL,PROPIEDAD DEL EMPLEADO,EMCI,,,8.4,https://indomet.gob.do/wp-content/uploads/2026/01/temperaturas-extremas-y-precipitaciones-2026x01x01-a.pdf
2026-01-01,037,SÁNCHEZ,SAMANÁ,MINISTERIO DE AGRICULTURA,EMCI,27.5,19.9,8.2,https://indomet.gob.do/wp-content/uploads/2026/01/temperaturas-extremas-y-precipitaciones-2026x01x01-a.pdf
2026-01-01,038,TÁBARA ABAJO,AZUA,INDRHI,EMCI,31.0,19.1,7.2,https://indomet.gob.do/wp-content/uploads/2026/01/temperaturas-extremas-y-precipitaciones-2026x01x01-a.pdf
2026-01-01,039,RANCHO ARRIBA,SAN JOSÉ DE OCOA,CENTRO TECNOLÓGICO COMUNITARIO,EMCI,22.8,15.6,7.1,https://indomet.gob.do/wp-content/uploads/2026/01/temperaturas-extremas-y-precipitaciones-2026x01x01-a.pdf
2026-01-01,040,OVIEDO,PEDERNALES,CLÍNICA RURAL OVIEDO,EMCI,31.0,16.8,6.8,https://indomet.gob.do/wp-content/uploads/2026/01/temperaturas-extremas-y-precipitaciones-2026x01x01-a.pdf
2026-01-01,041,ARPT. EL CATEY,SAMANÁ,INDOMET,EMCI,24.4,21.0,6.7,https://indomet.gob.do/wp-content/uploads/2026/01/temperaturas-extremas-y-precipitaciones-2026x01x01-a.pdf
2026-01-01,042,ANAMUYA (EMA),LA ALTAGRACIA,MINISTERIO DE AGRICULTURA,EMAP,26.8,21.7,5.4,https://indomet.gob.do/wp-content/uploads/2026/01/temperaturas-extremas-y-precipitaciones-2026x01x01-a.pdf
2026-01-01,043,MICHES (EMA),EL SEIBO,PRIVADA,EMAP,24.4,20.4,5.2,https://indomet.gob.do/wp-content/uploads/2026/01/temperaturas-extremas-y-precipitaciones-2026x01x01-a.pdf
2026-01-01,044,PEDERNALES,PEDERNALES,INDRHI,EMCI,,,5.2,https://indomet.gob.do/wp-content/uploads/2026/01/temperaturas-extremas-y-precipitaciones-2026x01x01-a.pdf
2026-01-01,045,GURABO,SANTIAGO,MINISTERIO DE AGRICULTURA,EMCV,,,4.6,https://indomet.gob.do/wp-content/uploads/2026/01/temperaturas-extremas-y-precipitaciones-2026x01x01-a.pdf
2026-01-01,046,RÍO SAN JUAN,MARÍA TRINIDAD SÁNCHEZ,HOSP. MPAL. DR. DESIDERIO ACOSTA,EMCV,28.6,20.6,4.4,https://indomet.gob.do/wp-content/uploads/2026/01/temperaturas-extremas-y-precipitaciones-2026x01x01-a.pdf
2026-01-01,047,EL FACTOR (EMA),MARÍA TRINIDAD SÁNCHEZ,INTEC,EMAP,26.8,19.8,4.3,https://indomet.gob.do/wp-content/uploads/2026/01/temperaturas-extremas-y-precipitaciones-2026x01x01-a.pdf
2026-01-01,048,SANTIAGO RODRÍGUEZ,SANTIAGO RODRÍGUEZ,INDOMET,EMCI,30.5,21.0,4.3,https://indomet.gob.do/wp-content/uploads/2026/01/temperaturas-extremas-y-precipitaciones-2026x01x01-a.pdf
2026-01-01,049,SABANETA (EMA),SANTIAGO RODRÍGUEZ,PROGRAMA MUNDIAL DE ALIMENTO,EMAP,29.9,21.6,4.2,https://indomet.gob.do/wp-content/uploads/2026/01/temperaturas-extremas-y-precipitaciones-2026x01x01-a.pdf
2026-01-01,050,VALLE NUEVO (EMA),LA VEGA,MARENA,EMAI,13.3,4.7,4.2,https://indomet.gob.do/wp-content/uploads/2026/01/temperaturas-extremas-y-precipitaciones-2026x01x01-a.pdf
2026-01-01,051,MONTE CRISTI,MONTE CRISTI,INDOMET,EMCI,30.6,21.0,4.1,https://indomet.gob.do/wp-content/uploads/2026/01/temperaturas-extremas-y-precipitaciones-2026x01x01-a.pdf
2026-01-01,052,MONCIÓN (EMA),SANTIAGO RODRÍGUEZ,PROGRAMA MUNDIAL DE ALIMENTO,EMAP,25.9,19.5,4.0,https://indomet.gob.do/wp-content/uploads/2026/01/temperaturas-extremas-y-precipitaciones-2026x01x01-a.pdf
2026-01-01,053,SABANA GRANDE DE BOYÁ,MONTE PLATA,MINISTERIO DE AGRICULTURA,EMCV,,,3.8,https://indomet.gob.do/wp-content/uploads/2026/01/temperaturas-extremas-y-precipitaciones-2026x01x01-a.pdf
2026-01-01,054,JARDÍN BOTÁNICO SANTIAGO (EMSANTIAGO,,JARDIN BOTANICO SANTIAGO,EMAI,,,3.4,https://indomet.gob.do/wp-content/uploads/2026/01/temperaturas-extremas-y-precipitaciones-2026x01x01-a.pdf
2026-01-01,055,PADRE LAS CASAS,AZUA,HOSP. NTRA. SRA. DEL CARMEN,EMCI,28.5,16.0,3.0,https://indomet.gob.do/wp-content/uploads/2026/01/temperaturas-extremas-y-precipitaciones-2026x01x01-a.pdf
2026-01-01,056,HONDO VALLE,ELÍAS PIÑA,MINISTERIO DE AGRICULTURA,EMCI,26.4,12.8,2.3,https://indomet.gob.do/wp-content/uploads/2026/01/temperaturas-extremas-y-precipitaciones-2026x01x01-a.pdf
2026-01-01,057,LA VEGA,LA VEGA,IATESA,EMCI,26.5,20.5,2.3,https://indomet.gob.do/wp-content/uploads/2026/01/temperaturas-extremas-y-precipitaciones-2026x01x01-a.pdf
2026-01-01,058,CONSTANZA (EMA),LA VEGA,PROGRAMA MUNDIAL DE ALIMENTO,EMAP,21.8,13.2,2.2,https://indomet.gob.do/wp-content/uploads/2026/01/temperaturas-extremas-y-precipitaciones-2026x01x01-a.pdf
2026-01-01,059,CONSTANZA,LA VEGA,MINISTERIO DE AGRICULTURA,EMCI,22.9,12.0,2.1,https://indomet.gob.do/wp-content/uploads/2026/01/temperaturas-extremas-y-precipitaciones-2026x01x01-a.pdf
2026-01-01,060,PONTÓN ABAJO (EMA),LA VEGA,MINISTERIO DE AGRICULTURA,EMAP,25.3,20.9,1.8,https://indomet.gob.do/wp-content/uploads/2026/01/temperaturas-extremas-y-precipitaciones-2026x01x01-a.pdf
2026-01-01,061,SAJOMA (EMA),SANTIAGO,PLAN SIERRA,EMAI,28.6,18.6,1.8,https://indomet.gob.do/wp-content/uploads/2026/01/temperaturas-extremas-y-precipitaciones-2026x01x01-a.pdf
2026-01-01,062,JIMANÍ,INDEPENDENCIA,MINISTERIO DE AGRICULTURA,EMCI,26.5,21.4,1.6,https://indomet.gob.do/wp-content/uploads/2026/01/temperaturas-extremas-y-precipitaciones-2026x01x01-a.pdf
2026-01-01,063,ARPT. DEL CIBAO,SANTIAGO,INDOMET,EMCI,27.2,21.0,1.5,https://indomet.gob.do/wp-content/uploads/2026/01/temperaturas-extremas-y-precipitaciones-2026x01x01-a.pdf
2026-01-01,064,SAN FRANCISCO DE MACORÍS,DUARTE,San Francisco de Macorís (UASD),EMCI,23.7,19.4,1.0,https://indomet.gob.do/wp-content/uploads/2026/01/temperaturas-extremas-y-precipitaciones-2026x01x01-a.pdf
2026-01-01,065,PRESA DE TAVERAS (EMA),LA VEGA,PROGRAMA MUNDIAL DE ALIMENTO,EMAP,27.1,19.8,0.6,https://indomet.gob.do/wp-content/uploads/2026/01/temperaturas-extremas-y-precipitaciones-2026x01x01-a.pdf
2026-01-01,066,ARPT. GREGORIO LUPERÓN,PUERTO PLATA,INDOMET,EMCI,27.5,21.5,0.4,https://indomet.gob.do/wp-content/uploads/2026/01/temperaturas-extremas-y-precipitaciones-2026x01x01-a.pdf
2026-01-01,067,ARROYO LORO,SAN JUAN,IDIAF,EMCI,27.0,16.6,0.3,https://indomet.gob.do/wp-content/uploads/2026/01/temperaturas-extremas-y-precipitaciones-2026x01x01-a.pdf
2026-01-01,068,ELÍAS PIÑA,ELÍAS PIÑA,MINISTERIO DE AGRICULTURA,EMCV,,,0.1,https://indomet.gob.do/wp-content/uploads/2026/01/temperaturas-extremas-y-precipitaciones-2026x01x01-a.pdf
2026-01-01,069,BOCA DE MAO (EMA),VALVERDE,MINISTERIO DE AGRICULTURA,EMAP,29.4,20.5,0.0,https://indomet.gob.do/wp-content/uploads/2026/01/temperaturas-extremas-y-precipitaciones-2026x01x01-a.pdf
2026-01-01,070,DAJABÓN,DAJABÓN,INSTITUTO POLITÉCNICO LOYOLA,EMCI,33.8,22.1,0.0,https://indomet.gob.do/wp-content/uploads/2026/01/temperaturas-extremas-y-precipitaciones-2026x01x01-a.pdf
2026-01-01,071,LAS CANAS (EMA),MONTE CRISTI,PROGRAMA MUNDIAL DE ALIMENTO,EMAP,26.7,19.6,0.0,https://indomet.gob.do/wp-content/uploads/2026/01/temperaturas-extremas-y-precipitaciones-2026x01x01-a.pdf
2026-01-01,072,MAO,VALVERDE,INDRHI / MINISTERIO DE AGRICULTURA,EMCV,,,0.0,https://indomet.gob.do/wp-content/uploads/2026/01/temperaturas-extremas-y-precipitaciones-2026x01x01-a.pdf
2026-01-01,073,PALO ÍNDIO,PUERTO PLATA,MINISTERIO DE AGRICULTURA,EMCI,,,0.0,https://indomet.gob.do/wp-content/uploads/2026/01/temperaturas-extremas-y-precipitaciones-2026x01x01-a.pdf
2026-01-01,074,VILLA VASQUEZ (EMA),MONTE CRISTI,JUNTA DE REGANTES,EMAI,,,0.0,https://indomet.gob.do/wp-content/uploads/2026/01/temperaturas-extremas-y-precipitaciones-2026x01x01-a.pdf
2026-01-02,001,ARPT. DE LAS AMÉRICAS,SANTO DOMINGO,INDOMET,EMCI,28.5,21.1,15.7,https://indomet.gob.do/wp-content/uploads/2026/01/temperaturas-extremas-y-precipitaciones-2026x01x02-a.pdf
2026-01-02,002,JIMA ABAJO,LA VEGA,INDOMET,EMCI,29.5,18.5,13.0,https://indomet.gob.do/wp-content/uploads/2026/01/temperaturas-extremas-y-precipitaciones-2026x01x02-a.pdf
2026-01-02,003,HONDO VALLE,ELÍAS PIÑA,MINISTERIO DE AGRICULTURA,EMCI,26.8,13.5,2.7,https://indomet.gob.do/wp-content/uploads/2026/01/temperaturas-extremas-y-precipitaciones-2026x01x02-a.pdf
2026-01-02,004,ESCONDIDO,PERAVIA,MINISTERIO DE AGRICULTURA,EMCV,30.0,20.0,2.0,https://indomet.gob.do/wp-content/uploads/2026/01/temperaturas-extremas-y-precipitaciones-2026x01x02-a.pdf
2026-01-02,005,SAN JOSÉ DE OCOA,SAN JOSÉ DE OCOA,HOSP. SAN JOSÉ DE OCOA,EMCI,29.2,15.8,2.0,https://indomet.gob.do/wp-content/uploads/2026/01/temperaturas-extremas-y-precipitaciones-2026x01x02-a.pdf
2026-01-02,006,MICHES (EMA),EL SEIBO,PRIVADA,EMAP,27.6,19.7,1.0,https://indomet.gob.do/wp-content/uploads/2026/01/temperaturas-extremas-y-precipitaciones-2026x01x02-a.pdf
2026-01-02,007,SAMANÁ,SAMANÁ,COMANDANCIA DE PUERTO DE SAMANÁ,EMCI,29.5,15.9,0.4,https://indomet.gob.do/wp-content/uploads/2026/01/temperaturas-extremas-y-precipitaciones-2026x01x02-a.pdf
2026-01-02,008,SAN RAFAEL DEL YUMA,LA ALTAGRACIA,MINISTERIO DE AGRICULTURA,EMCI,29.7,19.9,0.4,https://indomet.gob.do/wp-content/uploads/2026/01/temperaturas-extremas-y-precipitaciones-2026x01x02-a.pdf
2026-01-02,009,ARPT. DE LA ROMANA,LA ROMANA,INDOMET,EMCI,29.5,19.8,0.3,https://indomet.gob.do/wp-content/uploads/2026/01/temperaturas-extremas-y-precipitaciones-2026x01x02-a.pdf
2026-01-02,010,BONAO,MONSEÑOR NOUEL,MINISTERIO DE AGRICULTURA,EMCV,,,0.3,https://indomet.gob.do/wp-content/uploads/2026/01/temperaturas-extremas-y-precipitaciones-2026x01x02-a.pdf
2026-01-02,011,HATO MAYOR,HATO MAYOR,MINISTERIO DE AGRICULTURA,EMCV,,,0.3,https://indomet.gob.do/wp-content/uploads/2026/01/temperaturas-extremas-y-precipitaciones-2026x01x02-a.pdf
2026-01-02,012,SALCEDO,HERMANAS MIRABAL,PROPIEDAD DEL EMPLEADO,EMCI,,,0.3,https://indomet.gob.do/wp-content/uploads/2026/01/temperaturas-extremas-y-precipitaciones-2026x01x02-a.pdf
2026-01-02,013,BUCARA (EMA),SANTIAGO,MINISTERIO DE AGRICULTURA,EMAI,,,0.2,https://indomet.gob.do/wp-content/uploads/2026/01/temperaturas-extremas-y-precipitaciones-2026x01x02-a.pdf
2026-01-02,014,PERALTA,AZUA,HOSP. MPAL. DE PERALTA,EMCI,29.5,14.2,0.2,https://indomet.gob.do/wp-content/uploads/2026/01/temperaturas-extremas-y-precipitaciones-2026x01x02-a.pdf
2026-01-02,015,POLO,BARAHONA,INDOCAFE,EMCI,,13.4,0.2,https://indomet.gob.do/wp-content/uploads/2026/01/temperaturas-extremas-y-precipitaciones-2026x01x02-a.pdf
2026-01-02,016,VALLE NUEVO (EMA),LA VEGA,MARENA,EMAI,16.9,2.8,0.2,https://indomet.gob.do/wp-content/uploads/2026/01/temperaturas-extremas-y-precipitaciones-2026x01x02-a.pdf
2026-01-02,017,VILLA VASQUEZ (EMA),MONTE CRISTI,JUNTA DE REGANTES,EMAI,,,0.2,https://indomet.gob.do/wp-content/uploads/2026/01/temperaturas-extremas-y-precipitaciones-2026x01x02-a.pdf
2026-01-02,018,JARABACOA,LA VEGA,INDRHI / MARENA,EMCI,28.0,13.2,0.1,https://indomet.gob.do/wp-content/uploads/2026/01/temperaturas-extremas-y-precipitaciones-2026x01x02-a.pdf
2026-01-02,019,ANAMUYA (EMA),LA ALTAGRACIA,MINISTERIO DE AGRICULTURA,EMAP,28.5,19.7,0.0,https://indomet.gob.do/wp-content/uploads/2026/01/temperaturas-extremas-y-precipitaciones-2026x01x02-a.pdf
2026-01-02,020,ARPT. ARROYO BARRIL,SAMANÁ,INDOMET,EMCI,28.0,19.6,0.0,https://indomet.gob.do/wp-content/uploads/2026/01/temperaturas-extremas-y-precipitaciones-2026x01x02-a.pdf
2026-01-02,021,ARPT. DE PUNTA CANA,LA ALTAGRACIA,INDOMET,EMCI,28.8,19.0,0.0,https://indomet.gob.do/wp-content/uploads/2026/01/temperaturas-extremas-y-precipitaciones-2026x01x02-a.pdf
2026-01-02,022,ARPT. DEL CIBAO,SANTIAGO,INDOMET,EMCI,30.3,20.0,0.0,https://indomet.gob.do/wp-content/uploads/2026/01/temperaturas-extremas-y-precipitaciones-2026x01x02-a.pdf
2026-01-02,023,ARPT. EL CATEY,SAMANÁ,INDOMET,EMCI,28.0,20.0,0.0,https://indomet.gob.do/wp-content/uploads/2026/01/temperaturas-extremas-y-precipitaciones-2026x01x02-a.pdf
2026-01-02,024,ARPT. GREGORIO LUPERÓN,PUERTO PLATA,INDOMET,EMCI,28.0,20.3,0.0,https://indomet.gob.do/wp-content/uploads/2026/01/temperaturas-extremas-y-precipitaciones-2026x01x02-a.pdf
2026-01-02,025,ARPT. LA ISABELA,SANTO DOMINGO,INDOMET,EMCI,31.0,20.8,0.0,https://indomet.gob.do/wp-content/uploads/2026/01/temperaturas-extremas-y-precipitaciones-2026x01x02-a.pdf
2026-01-02,026,ARPT. MARÍA MONTEZ,BARAHONA,INDOMET,EMCI,30.2,19.5,0.0,https://indomet.gob.do/wp-content/uploads/2026/01/temperaturas-extremas-y-precipitaciones-2026x01x02-a.pdf
2026-01-02,027,ARROYO LORO,SAN JUAN,IDIAF,EMCI,31.3,14.7,0.0,https://indomet.gob.do/wp-content/uploads/2026/01/temperaturas-extremas-y-precipitaciones-2026x01x02-a.pdf
2026-01-02,028,BANI (EMA),PERAVIA,MINISTERIO DE AGRICULTURA,EMAP,29.7,21.8,0.0,https://indomet.gob.do/wp-content/uploads/2026/01/temperaturas-extremas-y-precipitaciones-2026x01x02-a.pdf
2026-01-02,029,BASE AÉREA DE SAN ISIDRO,SANTO DOMINGO,FUERZA AÉREA DOMINICANA,EMCV,31.0,19.8,0.0,https://indomet.gob.do/wp-content/uploads/2026/01/temperaturas-extremas-y-precipitaciones-2026x01x02-a.pdf
2026-01-02,030,BAYAGUANA,MONTE PLATA,INDOMET,EMCI,30.0,20.2,0.0,https://indomet.gob.do/wp-content/uploads/2026/01/temperaturas-extremas-y-precipitaciones-2026x01x02-a.pdf
2026-01-02,031,BOCA DE MAO (EMA),VALVERDE,MINISTERIO DE AGRICULTURA,EMAP,30.8,18.1,0.0,https://indomet.gob.do/wp-content/uploads/2026/01/temperaturas-extremas-y-precipitaciones-2026x01x02-a.pdf
2026-01-02,032,CABRAL,BARAHONA,MINISTERIO DE AGRICULTURA,EMCV,30.3,18.4,0.0,https://indomet.gob.do/wp-content/uploads/2026/01/temperaturas-extremas-y-precipitaciones-2026x01x02-a.pdf
2026-01-02,033,CABRERA,MARÍA TRINIDAD SÁNCHEZ,ESCUELA ARÍSTIDES FIALLO CABRAL,EMCI,30.5,20.5,0.0,https://indomet.gob.do/wp-content/uploads/2026/01/temperaturas-extremas-y-precipitaciones-2026x01x02-a.pdf
2026-01-02,034,CENTRO DE LOS HEROES (EMA),DISTRITO NACIONAL,MINISTERIO DE ENERGIA Y MINA,EMAP,30.6,22.7,0.0,https://indomet.gob.do/wp-content/uploads/2026/01/temperaturas-extremas-y-precipitaciones-2026x01x02-a.pdf
2026-01-02,035,CONSTANZA,LA VEGA,MINISTERIO DE AGRICULTURA,EMCI,24.5,9.0,0.0,https://indomet.gob.do/wp-content/uploads/2026/01/temperaturas-extremas-y-precipitaciones-2026x01x02-a.pdf
2026-01-02,036,CONSTANZA (EMA),LA VEGA,PROGRAMA MUNDIAL DE ALIMENTO,EMAP,23.1,10.6,0.0,https://indomet.gob.do/wp-content/uploads/2026/01/temperaturas-extremas-y-precipitaciones-2026x01x02-a.pdf
2026-01-02,037,DAJABÓN,DAJABÓN,INSTITUTO POLITÉCNICO LOYOLA,EMCI,32.7,19.4,0.0,https://indomet.gob.do/wp-content/uploads/2026/01/temperaturas-extremas-y-precipitaciones-2026x01x02-a.pdf
2026-01-02,038,EL FACTOR (EMA),MARÍA TRINIDAD SÁNCHEZ,INTEC,EMAP,31.3,18.9,0.0,https://indomet.gob.do/wp-content/uploads/2026/01/temperaturas-extremas-y-precipitaciones-2026x01x02-a.pdf
2026-01-02,039,ELÍAS PIÑA,ELÍAS PIÑA,MINISTERIO DE AGRICULTURA,EMCV,,,0.0,https://indomet.gob.do/wp-content/uploads/2026/01/temperaturas-extremas-y-precipitaciones-2026x01x02-a.pdf
2026-01-02,040,ENRIQUILLO,BARAHONA,MINISTERIO DE AGRICULTURA,EMCV,31.0,20.5,0.0,https://indomet.gob.do/wp-content/uploads/2026/01/temperaturas-extremas-y-precipitaciones-2026x01x02-a.pdf
2026-01-02,041,GASPAR HERNÁNDEZ,ESPAILLAT,PROPIEDAD DEL EMPLEADO,EMCI,,,0.0,https://indomet.gob.do/wp-content/uploads/2026/01/temperaturas-extremas-y-precipitaciones-2026x01x02-a.pdf
2026-01-02,042,GURABO,SANTIAGO,MINISTERIO DE AGRICULTURA,EMCV,,,0.0,https://indomet.gob.do/wp-content/uploads/2026/01/temperaturas-extremas-y-precipitaciones-2026x01x02-a.pdf
2026-01-02,043,JARDÍN BOTÁNICO SANTIAGO (EMSANTIAGO,,JARDIN BOTANICO SANTIAGO,EMAI,31.2,18.3,0.0,https://indomet.gob.do/wp-content/uploads/2026/01/temperaturas-extremas-y-precipitaciones-2026x01x02-a.pdf
2026-01-02,044,JIMANÍ,INDEPENDENCIA,MINISTERIO DE AGRICULTURA,EMCI,31.5,20.2,0.0,https://indomet.gob.do/wp-content/uploads/2026/01/temperaturas-extremas-y-precipitaciones-2026x01x02-a.pdf
2026-01-02,045,JUMA BEJUCAL,MONSEÑOR NOUEL,IDIAF,EMCV,29.2,18.0,0.0,https://indomet.gob.do/wp-content/uploads/2026/01/temperaturas-extremas-y-precipitaciones-2026x01x02-a.pdf
2026-01-02,046,LA VEGA,LA VEGA,IATESA,EMCI,31.0,19.0,0.0,https://indomet.gob.do/wp-content/uploads/2026/01/temperaturas-extremas-y-precipitaciones-2026x01x02-a.pdf
2026-01-02,047,LA VICTORIA,SANTO DOMINGO,CUERPO DE BOMBEROS,EMCI,32.0,19.5,0.0,https://indomet.gob.do/wp-content/uploads/2026/01/temperaturas-extremas-y-precipitaciones-2026x01x02-a.pdf
2026-01-02,048,LAS CANAS (EMA),MONTE CRISTI,PROGRAMA MUNDIAL DE ALIMENTO,EMAP,26.7,20.2,0.0,https://indomet.gob.do/wp-content/uploads/2026/01/temperaturas-extremas-y-precipitaciones-2026x01x02-a.pdf
2026-01-02,049,LAS MATAS DE SANTA CRUZ (EMA,MONTE CRISTI,PROGRAMA MUNDIAL DE ALIMENTO,EMAP,,,0.0,https://indomet.gob.do/wp-content/uploads/2026/01/temperaturas-extremas-y-precipitaciones-2026x01x02-a.pdf
2026-01-02,050,LOS LLANOS,SAN PEDRO DE MACORÍS,MINISTERIO DE AGRICULTURA,EMCI,29.9,18.9,0.0,https://indomet.gob.do/wp-content/uploads/2026/01/temperaturas-extremas-y-precipitaciones-2026x01x02-a.pdf
2026-01-02,051,MAO,VALVERDE,INDRHI / MINISTERIO DE AGRICULTURA,EMCV,,,0.0,https://indomet.gob.do/wp-content/uploads/2026/01/temperaturas-extremas-y-precipitaciones-2026x01x02-a.pdf
2026-01-02,052,MONCIÓN (EMA),SANTIAGO RODRÍGUEZ,PROGRAMA MUNDIAL DE ALIMENTO,EMAP,28.1,16.7,0.0,https://indomet.gob.do/wp-content/uploads/2026/01/temperaturas-extremas-y-precipitaciones-2026x01x02-a.pdf
2026-01-02,053,MONTE CRISTI,MONTE CRISTI,INDOMET,EMCI,30.4,21.0,0.0,https://indomet.gob.do/wp-content/uploads/2026/01/temperaturas-extremas-y-precipitaciones-2026x01x02-a.pdf
2026-01-02,054,NAVARRETE,SANTIAGO,MINISTERIO DE AGRICULTURA,EMCV,,,0.0,https://indomet.gob.do/wp-content/uploads/2026/01/temperaturas-extremas-y-precipitaciones-2026x01x02-a.pdf
2026-01-02,055,OLIVARES,PEDERNALES,INDRHI,EMCI,,,0.0,https://indomet.gob.do/wp-content/uploads/2026/01/temperaturas-extremas-y-precipitaciones-2026x01x02-a.pdf
2026-01-02,056,OVIEDO,PEDERNALES,CLÍNICA RURAL OVIEDO,EMCI,30.0,18.5,0.0,https://indomet.gob.do/wp-content/uploads/2026/01/temperaturas-extremas-y-precipitaciones-2026x01x02-a.pdf
2026-01-02,057,PADRE LAS CASAS,AZUA,HOSP. NTRA. SRA. DEL CARMEN,EMCI,30.0,15.5,0.0,https://indomet.gob.do/wp-content/uploads/2026/01/temperaturas-extremas-y-precipitaciones-2026x01x02-a.pdf
2026-01-02,058,PALO ÍNDIO,PUERTO PLATA,MINISTERIO DE AGRICULTURA,EMCI,,,0.0,https://indomet.gob.do/wp-content/uploads/2026/01/temperaturas-extremas-y-precipitaciones-2026x01x02-a.pdf
2026-01-02,059,PEDERNALES,PEDERNALES,INDRHI,EMCI,,,0.0,https://indomet.gob.do/wp-content/uploads/2026/01/temperaturas-extremas-y-precipitaciones-2026x01x02-a.pdf
2026-01-02,060,PESCADERIA (EMA),BARAHONA,MINISTERIO DE AGRICULTURA,EMAP,,,0.0,https://indomet.gob.do/wp-content/uploads/2026/01/temperaturas-extremas-y-precipitaciones-2026x01x02-a.pdf
2026-01-02,061,PONTÓN ABAJO (EMA),LA VEGA,MINISTERIO DE AGRICULTURA,EMAP,31.3,20.7,0.0,https://indomet.gob.do/wp-content/uploads/2026/01/temperaturas-extremas-y-precipitaciones-2026x01x02-a.pdf
2026-01-02,062,PRESA DE TAVERAS (EMA),LA VEGA,PROGRAMA MUNDIAL DE ALIMENTO,EMAP,29.6,17.3,0.0,https://indomet.gob.do/wp-content/uploads/2026/01/temperaturas-extremas-y-precipitaciones-2026x01x02-a.pdf
2026-01-02,063,RANCHO ARRIBA,SAN JOSÉ DE OCOA,CENTRO TECNOLÓGICO COMUNITARIO,EMCI,26.1,14.8,0.0,https://indomet.gob.do/wp-content/uploads/2026/01/temperaturas-extremas-y-precipitaciones-2026x01x02-a.pdf
2026-01-02,064,RESTAURACIÓN,DAJABÓN,MINISTERIO DE AGRICULTURA,EMCI,24.5,10.1,0.0,https://indomet.gob.do/wp-content/uploads/2026/01/temperaturas-extremas-y-precipitaciones-2026x01x02-a.pdf
2026-01-02,065,RÍO SAN JUAN,MARÍA TRINIDAD SÁNCHEZ,HOSP. MPAL. DR. DESIDERIO ACOSTA,EMCV,28.9,19.8,0.0,https://indomet.gob.do/wp-content/uploads/2026/01/temperaturas-extremas-y-precipitaciones-2026x01x02-a.pdf
2026-01-02,066,SABANA DE LA MAR,HATO MAYOR,INDOMET,EMCI,29.0,19.0,0.0,https://indomet.gob.do/wp-content/uploads/2026/01/temperaturas-extremas-y-precipitaciones-2026x01x02-a.pdf
2026-01-02,067,SABANA GRANDE DE BOYÁ,MONTE PLATA,MINISTERIO DE AGRICULTURA,EMCV,,,0.0,https://indomet.gob.do/wp-content/uploads/2026/01/temperaturas-extremas-y-precipitaciones-2026x01x02-a.pdf
2026-01-02,068,SABANETA (EMA),SANTIAGO RODRÍGUEZ,PROGRAMA MUNDIAL DE ALIMENTO,EMAP,32.1,18.9,0.0,https://indomet.gob.do/wp-content/uploads/2026/01/temperaturas-extremas-y-precipitaciones-2026x01x02-a.pdf
2026-01-02,069,SAJOMA (EMA),SANTIAGO,PLAN SIERRA,EMAI,29.1,14.9,0.0,https://indomet.gob.do/wp-content/uploads/2026/01/temperaturas-extremas-y-precipitaciones-2026x01x02-a.pdf
2026-01-02,070,SAN CRISTÓBAL,SAN CRISTÓBAL,INSTITUTO POLITÉCNICO LOYOLA,EMCI,30.0,17.2,0.0,https://indomet.gob.do/wp-content/uploads/2026/01/temperaturas-extremas-y-precipitaciones-2026x01x02-a.pdf
2026-01-02,071,SÁNCHEZ,SAMANÁ,MINISTERIO DE AGRICULTURA,EMCI,28.4,19.5,0.0,https://indomet.gob.do/wp-content/uploads/2026/01/temperaturas-extremas-y-precipitaciones-2026x01x02-a.pdf
2026-01-02,072,SANTIAGO RODRÍGUEZ,SANTIAGO RODRÍGUEZ,INDOMET,EMCI,32.2,19.0,0.0,https://indomet.gob.do/wp-content/uploads/2026/01/temperaturas-extremas-y-precipitaciones-2026x01x02-a.pdf
2026-01-02,073,SANTO DOMINGO ESTE,SANTO DOMINGO,INDOMET,EMCI,32.0,21.8,0.0,https://indomet.gob.do/wp-content/uploads/2026/01/temperaturas-extremas-y-precipitaciones-2026x01x02-a.pdf
2026-01-02,074,TÁBARA ABAJO,AZUA,INDRHI,EMCI,29.7,20.0,0.0,https://indomet.gob.do/wp-content/uploads/2026/01/temperaturas-extremas-y-precipitaciones-2026x01x02-a.pdf
2026-01-02,075,TAMBORIL,SANTIAGO,MINISTERIO DE AGRICULTURA,EMCV,,,0.0,https://indomet.gob.do/wp-content/uploads/2026/01/temperaturas-extremas-y-precipitaciones-2026x01x02-a.pdf
2026-01-02,076,VILLA ALTAGRACIA,SAN CRISTÓBAL,ESCUELA JAVIER ANGULO GURIDI,EMCI,,,0.0,https://indomet.gob.do/wp-content/uploads/2026/01/temperaturas-extremas-y-precipitaciones-2026x01x02-a.pdf
2026-01-02,077,VILLA GONZALES,SANTIAGO,MINISTERIO DE AGRICULTURA,EMCI,,,0.0,https://indomet.gob.do/wp-content/uploads/2026/01/temperaturas-extremas-y-precipitaciones-2026x01x02-a.pdf
2026-01-02,078,VILLA ISABELA,PUERTO PLATA,MINISTERIO DE AGRICULTURA,EMCV,,,0.0,https://indomet.gob.do/wp-content/uploads/2026/01/temperaturas-extremas-y-precipitaciones-2026x01x02-a.pdf
2026-01-02,079,VILLA RIVA,DUARTE,HOSP. MPAL. ALICIA DE LEGENDRE,EMCI,28.9,18.4,0.0,https://indomet.gob.do/wp-content/uploads/2026/01/temperaturas-extremas-y-precipitaciones-2026x01x02-a.pdf
2026-01-03,001,POLO,BARAHONA,INDOCAFE,EMCI,,12.6,4.2,https://indomet.gob.do/wp-content/uploads/2026/01/temperaturas-extremas-y-precipitaciones-2026x01x03-a.pdf
2026-01-03,002,JIMA ABAJO,LA VEGA,INDOMET,EMCI,31.0,18.0,2.0,https://indomet.gob.do/wp-content/uploads/2026/01/temperaturas-extremas-y-precipitaciones-2026x01x03-a.pdf
2026-01-03,003,VILLA RIVA,DUARTE,HOSP. MPAL. ALICIA DE LEGENDRE,EMCI,29.4,17.5,1.8,https://indomet.gob.do/wp-content/uploads/2026/01/temperaturas-extremas-y-precipitaciones-2026x01x03-a.pdf
2026-01-03,004,SABANA DE LA MAR,HATO MAYOR,INDOMET,EMCI,30.0,19.5,1.7,https://indomet.gob.do/wp-content/uploads/2026/01/temperaturas-extremas-y-precipitaciones-2026x01x03-a.pdf
2026-01-03,005,ENRIQUILLO,BARAHONA,MINISTERIO DE AGRICULTURA,EMCV,32.0,21.5,0.8,https://indomet.gob.do/wp-content/uploads/2026/01/temperaturas-extremas-y-precipitaciones-2026x01x03-a.pdf
2026-01-03,006,MICHES (EMA),EL SEIBO,PRIVADA,EMAP,29.8,20.9,0.6,https://indomet.gob.do/wp-content/uploads/2026/01/temperaturas-extremas-y-precipitaciones-2026x01x03-a.pdf
2026-01-03,007,OVIEDO,PEDERNALES,CLÍNICA RURAL OVIEDO,EMCI,31.0,19.0,0.6,https://indomet.gob.do/wp-content/uploads/2026/01/temperaturas-extremas-y-precipitaciones-2026x01x03-a.pdf
2026-01-03,008,EL FACTOR (EMA),MARÍA TRINIDAD SÁNCHEZ,INTEC,EMAP,31.3,20.3,0.5,https://indomet.gob.do/wp-content/uploads/2026/01/temperaturas-extremas-y-precipitaciones-2026x01x03-a.pdf
2026-01-03,009,CABRAL,BARAHONA,MINISTERIO DE AGRICULTURA,EMCV,30.3,19.2,0.4,https://indomet.gob.do/wp-content/uploads/2026/01/temperaturas-extremas-y-precipitaciones-2026x01x03-a.pdf
2026-01-03,010,VALLE NUEVO (EMA),LA VEGA,MARENA,EMAI,18.0,4.1,0.2,https://indomet.gob.do/wp-content/uploads/2026/01/temperaturas-extremas-y-precipitaciones-2026x01x03-a.pdf
2026-01-03,011,ANAMUYA (EMA),LA ALTAGRACIA,MINISTERIO DE AGRICULTURA,EMAP,30.0,19.7,0.0,https://indomet.gob.do/wp-content/uploads/2026/01/temperaturas-extremas-y-precipitaciones-2026x01x03-a.pdf
2026-01-03,012,ARPT. ARROYO BARRIL,SAMANÁ,INDOMET,EMCI,29.3,19.5,0.0,https://indomet.gob.do/wp-content/uploads/2026/01/temperaturas-extremas-y-precipitaciones-2026x01x03-a.pdf
2026-01-03,013,ARPT. DE LA ROMANA,LA ROMANA,INDOMET,EMCI,30.2,17.0,0.0,https://indomet.gob.do/wp-content/uploads/2026/01/temperaturas-extremas-y-precipitaciones-2026x01x03-a.pdf
2026-01-03,014,ARPT. DE LAS AMÉRICAS,SANTO DOMINGO,INDOMET,EMCI,29.5,20.0,0.0,https://indomet.gob.do/wp-content/uploads/2026/01/temperaturas-extremas-y-precipitaciones-2026x01x03-a.pdf
2026-01-03,015,ARPT. DE PUNTA CANA,LA ALTAGRACIA,INDOMET,EMCI,29.2,18.8,0.0,https://indomet.gob.do/wp-content/uploads/2026/01/temperaturas-extremas-y-precipitaciones-2026x01x03-a.pdf
2026-01-03,016,ARPT. DEL CIBAO,SANTIAGO,INDOMET,EMCI,31.0,18.5,0.0,https://indomet.gob.do/wp-content/uploads/2026/01/temperaturas-extremas-y-precipitaciones-2026x01x03-a.pdf
2026-01-03,017,ARPT. EL CATEY,SAMANÁ,INDOMET,EMCI,29.5,18.0,0.0,https://indomet.gob.do/wp-content/uploads/2026/01/temperaturas-extremas-y-precipitaciones-2026x01x03-a.pdf
2026-01-03,018,ARPT. GREGORIO LUPERÓN,PUERTO PLATA,INDOMET,EMCI,30.5,18.5,0.0,https://indomet.gob.do/wp-content/uploads/2026/01/temperaturas-extremas-y-precipitaciones-2026x01x03-a.pdf
2026-01-03,019,ARPT. LA ISABELA,SANTO DOMINGO,INDOMET,EMCI,30.9,18.1,0.0,https://indomet.gob.do/wp-content/uploads/2026/01/temperaturas-extremas-y-precipitaciones-2026x01x03-a.pdf
2026-01-03,020,ARPT. MARÍA MONTEZ,BARAHONA,INDOMET,EMCI,31.5,19.0,0.0,https://indomet.gob.do/wp-content/uploads/2026/01/temperaturas-extremas-y-precipitaciones-2026x01x03-a.pdf
2026-01-03,021,ARROYO LORO,SAN JUAN,IDIAF,EMCI,30.2,15.7,0.0,https://indomet.gob.do/wp-content/uploads/2026/01/temperaturas-extremas-y-precipitaciones-2026x01x03-a.pdf
2026-01-03,022,BANI (EMA),PERAVIA,MINISTERIO DE AGRICULTURA,EMAP,29.8,20.9,0.0,https://indomet.gob.do/wp-content/uploads/2026/01/temperaturas-extremas-y-precipitaciones-2026x01x03-a.pdf
2026-01-03,023,BASE AÉREA DE SAN ISIDRO,SANTO DOMINGO,FUERZA AÉREA DOMINICANA,EMCV,31.5,20.5,0.0,https://indomet.gob.do/wp-content/uploads/2026/01/temperaturas-extremas-y-precipitaciones-2026x01x03-a.pdf
2026-01-03,024,BAYAGUANA,MONTE PLATA,INDOMET,EMCI,31.6,17.8,0.0,https://indomet.gob.do/wp-content/uploads/2026/01/temperaturas-extremas-y-precipitaciones-2026x01x03-a.pdf
2026-01-03,025,BOCA DE MAO (EMA),VALVERDE,MINISTERIO DE AGRICULTURA,EMAP,32.2,20.1,0.0,https://indomet.gob.do/wp-content/uploads/2026/01/temperaturas-extremas-y-precipitaciones-2026x01x03-a.pdf
2026-01-03,026,CABRERA,MARÍA TRINIDAD SÁNCHEZ,ESCUELA ARÍSTIDES FIALLO CABRAL,EMCI,30.5,21.0,0.0,https://indomet.gob.do/wp-content/uploads/2026/01/temperaturas-extremas-y-precipitaciones-2026x01x03-a.pdf
2026-01-03,027,CENTRO DE LOS HEROES (EMA),DISTRITO NACIONAL,MINISTERIO DE ENERGIA Y MINA,EMAP,30.0,23.5,0.0,https://indomet.gob.do/wp-content/uploads/2026/01/temperaturas-extremas-y-precipitaciones-2026x01x03-a.pdf
2026-01-03,028,CONSTANZA,LA VEGA,MINISTERIO DE AGRICULTURA,EMCI,24.5,9.5,0.0,https://indomet.gob.do/wp-content/uploads/2026/01/temperaturas-extremas-y-precipitaciones-2026x01x03-a.pdf
2026-01-03,029,CONSTANZA (EMA),LA VEGA,PROGRAMA MUNDIAL DE ALIMENTO,EMAP,25.1,11.4,0.0,https://indomet.gob.do/wp-content/uploads/2026/01/temperaturas-extremas-y-precipitaciones-2026x01x03-a.pdf
2026-01-03,030,DAJABÓN,DAJABÓN,INSTITUTO POLITÉCNICO LOYOLA,EMCI,34.7,19.1,0.0,https://indomet.gob.do/wp-content/uploads/2026/01/temperaturas-extremas-y-precipitaciones-2026x01x03-a.pdf
2026-01-03,031,ELÍAS PIÑA,ELÍAS PIÑA,MINISTERIO DE AGRICULTURA,EMCV,,,0.0,https://indomet.gob.do/wp-content/uploads/2026/01/temperaturas-extremas-y-precipitaciones-2026x01x03-a.pdf
2026-01-03,032,GURABO,SANTIAGO,MINISTERIO DE AGRICULTURA,EMCV,,,0.0,https://indomet.gob.do/wp-content/uploads/2026/01/temperaturas-extremas-y-precipitaciones-2026x01x03-a.pdf
2026-01-03,033,HATO MAYOR,HATO MAYOR,MINISTERIO DE AGRICULTURA,EMCV,,,0.0,https://indomet.gob.do/wp-content/uploads/2026/01/temperaturas-extremas-y-precipitaciones-2026x01x03-a.pdf
2026-01-03,034,HONDO VALLE,ELÍAS PIÑA,MINISTERIO DE AGRICULTURA,EMCI,25.7,11.3,0.0,https://indomet.gob.do/wp-content/uploads/2026/01/temperaturas-extremas-y-precipitaciones-2026x01x03-a.pdf
2026-01-03,035,JARABACOA,LA VEGA,INDRHI / MARENA,EMCI,29.0,13.6,0.0,https://indomet.gob.do/wp-content/uploads/2026/01/temperaturas-extremas-y-precipitaciones-2026x01x03-a.pdf
2026-01-03,036,JIMANÍ,INDEPENDENCIA,MINISTERIO DE AGRICULTURA,EMCI,32.5,21.4,0.0,https://indomet.gob.do/wp-content/uploads/2026/01/temperaturas-extremas-y-precipitaciones-2026x01x03-a.pdf
2026-01-03,037,JUMA BEJUCAL,MONSEÑOR NOUEL,IDIAF,EMCV,30.0,17.2,0.0,https://indomet.gob.do/wp-content/uploads/2026/01/temperaturas-extremas-y-precipitaciones-2026x01x03-a.pdf
2026-01-03,038,LA VEGA,LA VEGA,IATESA,EMCI,31.0,18.0,0.0,https://indomet.gob.do/wp-content/uploads/2026/01/temperaturas-extremas-y-precipitaciones-2026x01x03-a.pdf
2026-01-03,039,LA VICTORIA,SANTO DOMINGO,CUERPO DE BOMBEROS,EMCI,32.4,20.0,0.0,https://indomet.gob.do/wp-content/uploads/2026/01/temperaturas-extremas-y-precipitaciones-2026x01x03-a.pdf
2026-01-03,040,LAS CANAS (EMA),MONTE CRISTI,PROGRAMA MUNDIAL DE ALIMENTO,EMAP,29.3,20.9,0.0,https://indomet.gob.do/wp-content/uploads/2026/01/temperaturas-extremas-y-precipitaciones-2026x01x03-a.pdf
2026-01-03,041,LAS MATAS DE SANTA CRUZ (EMA,MONTE CRISTI,PROGRAMA MUNDIAL DE ALIMENTO,EMAP,,,0.0,https://indomet.gob.do/wp-content/uploads/2026/01/temperaturas-extremas-y-precipitaciones-2026x01x03-a.pdf
2026-01-03,042,LOS LLANOS,SAN PEDRO DE MACORÍS,MINISTERIO DE AGRICULTURA,EMCI,31.0,20.0,0.0,https://indomet.gob.do/wp-content/uploads/2026/01/temperaturas-extremas-y-precipitaciones-2026x01x03-a.pdf
2026-01-03,043,MAO,VALVERDE,INDRHI / MINISTERIO DE AGRICULTURA,EMCV,,,0.0,https://indomet.gob.do/wp-content/uploads/2026/01/temperaturas-extremas-y-precipitaciones-2026x01x03-a.pdf
2026-01-03,044,MONCIÓN (EMA),SANTIAGO RODRÍGUEZ,PROGRAMA MUNDIAL DE ALIMENTO,EMAP,29.0,18.4,0.0,https://indomet.gob.do/wp-content/uploads/2026/01/temperaturas-extremas-y-precipitaciones-2026x01x03-a.pdf
2026-01-03,045,MONTE CRISTI,MONTE CRISTI,INDOMET,EMCI,31.5,21.2,0.0,https://indomet.gob.do/wp-content/uploads/2026/01/temperaturas-extremas-y-precipitaciones-2026x01x03-a.pdf
2026-01-03,046,OLIVARES,PEDERNALES,INDRHI,EMCI,,,0.0,https://indomet.gob.do/wp-content/uploads/2026/01/temperaturas-extremas-y-precipitaciones-2026x01x03-a.pdf
2026-01-03,047,PADRE LAS CASAS,AZUA,HOSP. NTRA. SRA. DEL CARMEN,EMCI,30.4,16.0,0.0,https://indomet.gob.do/wp-content/uploads/2026/01/temperaturas-extremas-y-precipitaciones-2026x01x03-a.pdf
2026-01-03,048,PALO ÍNDIO,PUERTO PLATA,MINISTERIO DE AGRICULTURA,EMCI,,,0.0,https://indomet.gob.do/wp-content/uploads/2026/01/temperaturas-extremas-y-precipitaciones-2026x01x03-a.pdf
2026-01-03,049,PEDERNALES,PEDERNALES,INDRHI,EMCI,,,0.0,https://indomet.gob.do/wp-content/uploads/2026/01/temperaturas-extremas-y-precipitaciones-2026x01x03-a.pdf
2026-01-03,050,PERALTA,AZUA,HOSP. MPAL. DE PERALTA,EMCI,29.1,15.0,0.0,https://indomet.gob.do/wp-content/uploads/2026/01/temperaturas-extremas-y-precipitaciones-2026x01x03-a.pdf
2026-01-03,051,PONTÓN ABAJO (EMA),LA VEGA,MINISTERIO DE AGRICULTURA,EMAP,,,0.0,https://indomet.gob.do/wp-content/uploads/2026/01/temperaturas-extremas-y-precipitaciones-2026x01x03-a.pdf
2026-01-03,052,PRESA DE TAVERAS (EMA),LA VEGA,PROGRAMA MUNDIAL DE ALIMENTO,EMAP,,,0.0,https://indomet.gob.do/wp-content/uploads/2026/01/temperaturas-extremas-y-precipitaciones-2026x01x03-a.pdf
2026-01-03,053,RANCHO ARRIBA,SAN JOSÉ DE OCOA,CENTRO TECNOLÓGICO COMUNITARIO,EMCI,26.2,13.3,0.0,https://indomet.gob.do/wp-content/uploads/2026/01/temperaturas-extremas-y-precipitaciones-2026x01x03-a.pdf
2026-01-03,054,RESTAURACIÓN,DAJABÓN,MINISTERIO DE AGRICULTURA,EMCI,24.1,10.6,0.0,https://indomet.gob.do/wp-content/uploads/2026/01/temperaturas-extremas-y-precipitaciones-2026x01x03-a.pdf
2026-01-03,055,RÍO SAN JUAN,MARÍA TRINIDAD SÁNCHEZ,HOSP. MPAL. DR. DESIDERIO ACOSTA,EMCV,31.2,22.2,0.0,https://indomet.gob.do/wp-content/uploads/2026/01/temperaturas-extremas-y-precipitaciones-2026x01x03-a.pdf
2026-01-03,056,SABANETA (EMA),SANTIAGO RODRÍGUEZ,PROGRAMA MUNDIAL DE ALIMENTO,EMAP,,,0.0,https://indomet.gob.do/wp-content/uploads/2026/01/temperaturas-extremas-y-precipitaciones-2026x01x03-a.pdf
2026-01-03,057,SALCEDO,HERMANAS MIRABAL,PROPIEDAD DEL EMPLEADO,EMCI,,,0.0,https://indomet.gob.do/wp-content/uploads/2026/01/temperaturas-extremas-y-precipitaciones-2026x01x03-a.pdf
2026-01-03,058,SAMANÁ,SAMANÁ,COMANDANCIA DE PUERTO DE SAMANÁ,EMCI,30.8,16.9,0.0,https://indomet.gob.do/wp-content/uploads/2026/01/temperaturas-extremas-y-precipitaciones-2026x01x03-a.pdf
2026-01-03,059,SAN CRISTÓBAL,SAN CRISTÓBAL,INSTITUTO POLITÉCNICO LOYOLA,EMCI,30.2,18.2,0.0,https://indomet.gob.do/wp-content/uploads/2026/01/temperaturas-extremas-y-precipitaciones-2026x01x03-a.pdf
2026-01-03,060,SAN JOSÉ DE OCOA,SAN JOSÉ DE OCOA,HOSP. SAN JOSÉ DE OCOA,EMCI,27.8,14.9,0.0,https://indomet.gob.do/wp-content/uploads/2026/01/temperaturas-extremas-y-precipitaciones-2026x01x03-a.pdf
2026-01-03,061,SAN RAFAEL DEL YUMA,LA ALTAGRACIA,MINISTERIO DE AGRICULTURA,EMCI,29.8,20.2,0.0,https://indomet.gob.do/wp-content/uploads/2026/01/temperaturas-extremas-y-precipitaciones-2026x01x03-a.pdf
2026-01-03,062,SÁNCHEZ,SAMANÁ,MINISTERIO DE AGRICULTURA,EMCI,29.2,21.5,0.0,https://indomet.gob.do/wp-content/uploads/2026/01/temperaturas-extremas-y-precipitaciones-2026x01x03-a.pdf
2026-01-03,063,SAJOMA (EMA),SANTIAGO,PLAN SIERRA,EMAI,,,0.0,https://indomet.gob.do/wp-content/uploads/2026/01/temperaturas-extremas-y-precipitaciones-2026x01x03-a.pdf
2026-01-03,064,JARDÍN BOTÁNICO SANTIAGO (EMSANTIAGO,,JARDIN BOTANICO SANTIAGO,EMAI,,,0.0,https://indomet.gob.do/wp-content/uploads/2026/01/temperaturas-extremas-y-precipitaciones-2026x01x03-a.pdf
2026-01-03,065,BUCARA (EMA),SANTIAGO,MINISTERIO DE AGRICULTURA,EMAI,,,0.0,https://indomet.gob.do/wp-content/uploads/2026/01/temperaturas-extremas-y-precipitaciones-2026x01x03-a.pdf
2026-01-03,066,VILLA VASQUEZ (EMA),MONTE CRISTI,JUNTA DE REGANTES,EMAI,,,0.0,https://indomet.gob.do/wp-content/uploads/2026/01/temperaturas-extremas-y-precipitaciones-2026x01x03-a.pdf
2026-01-03,067,SANTIAGO RODRÍGUEZ,SANTIAGO RODRÍGUEZ,INDOMET,EMCI,33.5,20.2,0.0,https://indomet.gob.do/wp-content/uploads/2026/01/temperaturas-extremas-y-precipitaciones-2026x01x03-a.pdf
2026-01-03,068,SANTO DOMINGO ESTE,SANTO DOMINGO,INDOMET,EMCI,31.0,22.0,0.0,https://indomet.gob.do/wp-content/uploads/2026/01/temperaturas-extremas-y-precipitaciones-2026x01x03-a.pdf
2026-01-03,069,TÁBARA ABAJO,AZUA,INDRHI,EMCI,31.0,16.0,0.0,https://indomet.gob.do/wp-content/uploads/2026/01/temperaturas-extremas-y-precipitaciones-2026x01x03-a.pdf
2026-01-03,070,TAMBORIL,SANTIAGO,MINISTERIO DE AGRICULTURA,EMCV,,,0.0,https://indomet.gob.do/wp-content/uploads/2026/01/temperaturas-extremas-y-precipitaciones-2026x01x03-a.pdf
2026-01-03,071,VILLA ALTAGRACIA,SAN CRISTÓBAL,ESCUELA JAVIER ANGULO GURIDI,EMCI,,,0.0,https://indomet.gob.do/wp-content/uploads/2026/01/temperaturas-extremas-y-precipitaciones-2026x01x03-a.pdf
2026-01-03,072,VILLA GONZALES,SANTIAGO,MINISTERIO DE AGRICULTURA,EMCI,,,0.0,https://indomet.gob.do/wp-content/uploads/2026/01/temperaturas-extremas-y-precipitaciones-2026x01x03-a.pdf
2026-01-03,073,VILLA ISABELA,PUERTO PLATA,MINISTERIO DE AGRICULTURA,EMCV,,,0.0,https://indomet.gob.do/wp-content/uploads/2026/01/temperaturas-extremas-y-precipitaciones-2026x01x03-a.pdf
2026-01-04,001,ARPT. GREGORIO LUPERÓN,PUERTO PLATA,INDOMET,EMCI,29.2,19.0,96.5,https://indomet.gob.do/wp-content/uploads/2026/01/temperaturas-extremas-y-precipitaciones-2026x01x04-a.pdf
2026-01-04,002,RÍO SAN JUAN,MARÍA TRINIDAD SÁNCHEZ,HOSP. MPAL. DR. DESIDERIO ACOSTA,EMCV,31.5,22.0,47.8,https://indomet.gob.do/wp-content/uploads/2026/01/temperaturas-extremas-y-precipitaciones-2026x01x04-a.pdf
2026-01-04,003,GASPAR HERNÁNDEZ,ESPAILLAT,PROPIEDAD DEL EMPLEADO,EMCI,,,41.8,https://indomet.gob.do/wp-content/uploads/2026/01/temperaturas-extremas-y-precipitaciones-2026x01x04-a.pdf
2026-01-04,004,MONTE CRISTI,MONTE CRISTI,INDOMET,EMCI,30.5,22.7,36.7,https://indomet.gob.do/wp-content/uploads/2026/01/temperaturas-extremas-y-precipitaciones-2026x01x04-a.pdf
2026-01-04,005,DAJABÓN,DAJABÓN,INSTITUTO POLITÉCNICO LOYOLA,EMCI,33.8,18.7,36.4,https://indomet.gob.do/wp-content/uploads/2026/01/temperaturas-extremas-y-precipitaciones-2026x01x04-a.pdf
2026-01-04,006,JIMANÍ,INDEPENDENCIA,MINISTERIO DE AGRICULTURA,EMCI,32.5,22.8,13.1,https://indomet.gob.do/wp-content/uploads/2026/01/temperaturas-extremas-y-precipitaciones-2026x01x04-a.pdf
2026-01-04,007,PALO ÍNDIO,PUERTO PLATA,MINISTERIO DE AGRICULTURA,EMCI,,,11.7,https://indomet.gob.do/wp-content/uploads/2026/01/temperaturas-extremas-y-precipitaciones-2026x01x04-a.pdf
2026-01-04,008,SABANETA (EMA),SANTIAGO RODRÍGUEZ,PROGRAMA MUNDIAL DE ALIMENTO,EMAP,30.8,21.5,7.6,https://indomet.gob.do/wp-content/uploads/2026/01/temperaturas-extremas-y-precipitaciones-2026x01x04-a.pdf
2026-01-04,009,SANTIAGO RODRÍGUEZ,SANTIAGO RODRÍGUEZ,INDOMET,EMCI,30.3,21.0,6.8,https://indomet.gob.do/wp-content/uploads/2026/01/temperaturas-extremas-y-precipitaciones-2026x01x04-a.pdf
2026-01-04,010,TÁBARA ABAJO,AZUA,INDRHI,EMCI,32.0,19.1,4.2,https://indomet.gob.do/wp-content/uploads/2026/01/temperaturas-extremas-y-precipitaciones-2026x01x04-a.pdf
2026-01-04,011,VILLA VASQUEZ (EMA),MONTE CRISTI,JUNTA DE REGANTES,EMAI,,,3.6,https://indomet.gob.do/wp-content/uploads/2026/01/temperaturas-extremas-y-precipitaciones-2026x01x04-a.pdf
2026-01-04,012,MONCIÓN (EMA),SANTIAGO RODRÍGUEZ,PROGRAMA MUNDIAL DE ALIMENTO,EMAP,27.2,21.7,2.2,https://indomet.gob.do/wp-content/uploads/2026/01/temperaturas-extremas-y-precipitaciones-2026x01x04-a.pdf
2026-01-04,013,CABRERA,MARÍA TRINIDAD SÁNCHEZ,ESCUELA ARÍSTIDES FIALLO CABRAL,EMCI,31.0,19.5,2.0,https://indomet.gob.do/wp-content/uploads/2026/01/temperaturas-extremas-y-precipitaciones-2026x01x04-a.pdf
2026-01-04,014,HONDO VALLE,ELÍAS PIÑA,MINISTERIO DE AGRICULTURA,EMCI,25.2,11.9,1.8,https://indomet.gob.do/wp-content/uploads/2026/01/temperaturas-extremas-y-precipitaciones-2026x01x04-a.pdf
2026-01-04,015,OVIEDO,PEDERNALES,CLÍNICA RURAL OVIEDO,EMCI,31.0,21.0,1.0,https://indomet.gob.do/wp-content/uploads/2026/01/temperaturas-extremas-y-precipitaciones-2026x01x04-a.pdf
2026-01-04,016,SAJOMA (EMA),SANTIAGO,PLAN SIERRA,EMAI,29.6,19.0,0.6,https://indomet.gob.do/wp-content/uploads/2026/01/temperaturas-extremas-y-precipitaciones-2026x01x04-a.pdf
2026-01-04,017,ENRIQUILLO,BARAHONA,MINISTERIO DE AGRICULTURA,EMCV,32.5,21.0,0.4,https://indomet.gob.do/wp-content/uploads/2026/01/temperaturas-extremas-y-precipitaciones-2026x01x04-a.pdf
2026-01-04,018,JARDÍN BOTÁNICO SANTIAGO (EMSANTIAGO,,JARDIN BOTANICO SANTIAGO,EMAI,29.8,20.5,0.4,https://indomet.gob.do/wp-content/uploads/2026/01/temperaturas-extremas-y-precipitaciones-2026x01x04-a.pdf
2026-01-04,019,OLIVARES,PEDERNALES,INDRHI,EMCI,,,0.3,https://indomet.gob.do/wp-content/uploads/2026/01/temperaturas-extremas-y-precipitaciones-2026x01x04-a.pdf
2026-01-04,020,PEDERNALES,PEDERNALES,INDRHI,EMCI,,,0.3,https://indomet.gob.do/wp-content/uploads/2026/01/temperaturas-extremas-y-precipitaciones-2026x01x04-a.pdf
2026-01-04,021,BOCA DE MAO (EMA),VALVERDE,MINISTERIO DE AGRICULTURA,EMAP,29.7,21.7,0.2,https://indomet.gob.do/wp-content/uploads/2026/01/temperaturas-extremas-y-precipitaciones-2026x01x04-a.pdf
2026-01-04,022,CABRAL,BARAHONA,MINISTERIO DE AGRICULTURA,EMCV,29.9,21.6,0.2,https://indomet.gob.do/wp-content/uploads/2026/01/temperaturas-extremas-y-precipitaciones-2026x01x04-a.pdf
2026-01-04,023,MICHES (EMA),EL SEIBO,PRIVADA,EMAP,30.8,20.9,0.2,https://indomet.gob.do/wp-content/uploads/2026/01/temperaturas-extremas-y-precipitaciones-2026x01x04-a.pdf
2026-01-04,024,RESTAURACIÓN,DAJABÓN,MINISTERIO DE AGRICULTURA,EMCI,25.6,11.2,0.1,https://indomet.gob.do/wp-content/uploads/2026/01/temperaturas-extremas-y-precipitaciones-2026x01x04-a.pdf
2026-01-04,025,ANAMUYA (EMA),LA ALTAGRACIA,MINISTERIO DE AGRICULTURA,EMAP,29.9,21.3,0.0,https://indomet.gob.do/wp-content/uploads/2026/01/temperaturas-extremas-y-precipitaciones-2026x01x04-a.pdf
2026-01-04,026,ARPT. ARROYO BARRIL,SAMANÁ,INDOMET,EMCI,29.0,19.0,0.0,https://indomet.gob.do/wp-content/uploads/2026/01/temperaturas-extremas-y-precipitaciones-2026x01x04-a.pdf
2026-01-04,027,ARPT. DE LA ROMANA,LA ROMANA,INDOMET,EMCI,29.5,18.6,0.0,https://indomet.gob.do/wp-content/uploads/2026/01/temperaturas-extremas-y-precipitaciones-2026x01x04-a.pdf
2026-01-04,028,ARPT. DE LAS AMÉRICAS,SANTO DOMINGO,INDOMET,EMCI,29.3,20.0,0.0,https://indomet.gob.do/wp-content/uploads/2026/01/temperaturas-extremas-y-precipitaciones-2026x01x04-a.pdf
2026-01-04,029,ARPT. DE PUNTA CANA,LA ALTAGRACIA,INDOMET,EMCI,29.8,20.0,0.0,https://indomet.gob.do/wp-content/uploads/2026/01/temperaturas-extremas-y-precipitaciones-2026x01x04-a.pdf
2026-01-04,030,ARPT. DEL CIBAO,SANTIAGO,INDOMET,EMCI,29.6,20.0,0.0,https://indomet.gob.do/wp-content/uploads/2026/01/temperaturas-extremas-y-precipitaciones-2026x01x04-a.pdf
2026-01-04,031,ARPT. EL CATEY,SAMANÁ,INDOMET,EMCI,30.0,18.0,0.0,https://indomet.gob.do/wp-content/uploads/2026/01/temperaturas-extremas-y-precipitaciones-2026x01x04-a.pdf
2026-01-04,032,ARPT. LA ISABELA,SANTO DOMINGO,INDOMET,EMCI,30.5,21.6,0.0,https://indomet.gob.do/wp-content/uploads/2026/01/temperaturas-extremas-y-precipitaciones-2026x01x04-a.pdf
2026-01-04,033,ARPT. MARÍA MONTEZ,BARAHONA,INDOMET,EMCI,29.8,20.0,0.0,https://indomet.gob.do/wp-content/uploads/2026/01/temperaturas-extremas-y-precipitaciones-2026x01x04-a.pdf
2026-01-04,034,ARROYO LORO,SAN JUAN,IDIAF,EMCI,28.1,17.8,0.0,https://indomet.gob.do/wp-content/uploads/2026/01/temperaturas-extremas-y-precipitaciones-2026x01x04-a.pdf
2026-01-04,035,BANI (EMA),PERAVIA,MINISTERIO DE AGRICULTURA,EMAP,29.4,21.8,0.0,https://indomet.gob.do/wp-content/uploads/2026/01/temperaturas-extremas-y-precipitaciones-2026x01x04-a.pdf
2026-01-04,036,BAYAGUANA,MONTE PLATA,INDOMET,EMCI,31.8,18.4,0.0,https://indomet.gob.do/wp-content/uploads/2026/01/temperaturas-extremas-y-precipitaciones-2026x01x04-a.pdf
2026-01-04,037,BONAO,MONSEÑOR NOUEL,MINISTERIO DE AGRICULTURA,EMCV,,,0.0,https://indomet.gob.do/wp-content/uploads/2026/01/temperaturas-extremas-y-precipitaciones-2026x01x04-a.pdf
2026-01-04,038,CENTRO DE LOS HEROES (EMA),DISTRITO NACIONAL,MINISTERIO DE ENERGIA Y MINA,EMAP,29.8,23.6,0.0,https://indomet.gob.do/wp-content/uploads/2026/01/temperaturas-extremas-y-precipitaciones-2026x01x04-a.pdf
2026-01-04,039,CONSTANZA,LA VEGA,MINISTERIO DE AGRICULTURA,EMCI,25.5,13.0,0.0,https://indomet.gob.do/wp-content/uploads/2026/01/temperaturas-extremas-y-precipitaciones-2026x01x04-a.pdf
2026-01-04,040,CONSTANZA (EMA),LA VEGA,PROGRAMA MUNDIAL DE ALIMENTO,EMAP,23.8,13.3,0.0,https://indomet.gob.do/wp-content/uploads/2026/01/temperaturas-extremas-y-precipitaciones-2026x01x04-a.pdf
2026-01-04,041,EL FACTOR (EMA),MARÍA TRINIDAD SÁNCHEZ,INTEC,EMAP,30.9,21.2,0.0,https://indomet.gob.do/wp-content/uploads/2026/01/temperaturas-extremas-y-precipitaciones-2026x01x04-a.pdf
2026-01-04,042,ELÍAS PIÑA,ELÍAS PIÑA,MINISTERIO DE AGRICULTURA,EMCV,,,0.0,https://indomet.gob.do/wp-content/uploads/2026/01/temperaturas-extremas-y-precipitaciones-2026x01x04-a.pdf
2026-01-04,043,ESCONDIDO,PERAVIA,MINISTERIO DE AGRICULTURA,EMCV,29.0,21.0,0.0,https://indomet.gob.do/wp-content/uploads/2026/01/temperaturas-extremas-y-precipitaciones-2026x01x04-a.pdf
2026-01-04,044,GURABO,SANTIAGO,MINISTERIO DE AGRICULTURA,EMCV,,,0.0,https://indomet.gob.do/wp-content/uploads/2026/01/temperaturas-extremas-y-precipitaciones-2026x01x04-a.pdf
2026-01-04,045,HATO MAYOR,HATO MAYOR,MINISTERIO DE AGRICULTURA,EMCV,,,0.0,https://indomet.gob.do/wp-content/uploads/2026/01/temperaturas-extremas-y-precipitaciones-2026x01x04-a.pdf
2026-01-04,046,JARABACOA,LA VEGA,INDRHI / MARENA,EMCI,26.6,14.8,0.0,https://indomet.gob.do/wp-content/uploads/2026/01/temperaturas-extremas-y-precipitaciones-2026x01x04-a.pdf
2026-01-04,047,JIMA ABAJO,LA VEGA,INDOMET,EMCI,29.3,18.0,0.0,https://indomet.gob.do/wp-content/uploads/2026/01/temperaturas-extremas-y-precipitaciones-2026x01x04-a.pdf
2026-01-04,048,JUMA BEJUCAL,MONSEÑOR NOUEL,IDIAF,EMCV,29.6,20.0,0.0,https://indomet.gob.do/wp-content/uploads/2026/01/temperaturas-extremas-y-precipitaciones-2026x01x04-a.pdf
2026-01-04,049,LA VEGA,LA VEGA,IATESA,EMCI,29.0,21.0,0.0,https://indomet.gob.do/wp-content/uploads/2026/01/temperaturas-extremas-y-precipitaciones-2026x01x04-a.pdf
2026-01-04,050,LA VICTORIA,SANTO DOMINGO,CUERPO DE BOMBEROS,EMCI,31.5,21.5,0.0,https://indomet.gob.do/wp-content/uploads/2026/01/temperaturas-extremas-y-precipitaciones-2026x01x04-a.pdf
2026-01-04,051,LAS CANAS (EMA),MONTE CRISTI,PROGRAMA MUNDIAL DE ALIMENTO,EMAP,28.3,20.8,0.0,https://indomet.gob.do/wp-content/uploads/2026/01/temperaturas-extremas-y-precipitaciones-2026x01x04-a.pdf
2026-01-04,052,LAS MATAS DE SANTA CRUZ (EMA,MONTE CRISTI,PROGRAMA MUNDIAL DE ALIMENTO,EMAP,,,0.0,https://indomet.gob.do/wp-content/uploads/2026/01/temperaturas-extremas-y-precipitaciones-2026x01x04-a.pdf
2026-01-04,053,LOS LLANOS,SAN PEDRO DE MACORÍS,MINISTERIO DE AGRICULTURA,EMCI,30.6,20.7,0.0,https://indomet.gob.do/wp-content/uploads/2026/01/temperaturas-extremas-y-precipitaciones-2026x01x04-a.pdf
2026-01-04,054,MAO,VALVERDE,INDRHI / MINISTERIO DE AGRICULTURA,EMCV,,,0.0,https://indomet.gob.do/wp-content/uploads/2026/01/temperaturas-extremas-y-precipitaciones-2026x01x04-a.pdf
2026-01-04,055,PADRE LAS CASAS,AZUA,HOSP. NTRA. SRA. DEL CARMEN,EMCI,29.8,17.0,0.0,https://indomet.gob.do/wp-content/uploads/2026/01/temperaturas-extremas-y-precipitaciones-2026x01x04-a.pdf
2026-01-04,056,PERALTA,AZUA,HOSP. MPAL. DE PERALTA,EMCI,30.0,16.5,0.0,https://indomet.gob.do/wp-content/uploads/2026/01/temperaturas-extremas-y-precipitaciones-2026x01x04-a.pdf
2026-01-04,057,PESCADERIA (EMA),BARAHONA,MINISTERIO DE AGRICULTURA,EMAP,,,0.0,https://indomet.gob.do/wp-content/uploads/2026/01/temperaturas-extremas-y-precipitaciones-2026x01x04-a.pdf
2026-01-04,058,POLO,BARAHONA,INDOCAFE,EMCI,,12.0,0.0,https://indomet.gob.do/wp-content/uploads/2026/01/temperaturas-extremas-y-precipitaciones-2026x01x04-a.pdf
2026-01-04,059,PONTÓN ABAJO (EMA),LA VEGA,MINISTERIO DE AGRICULTURA,EMAP,29.1,21.9,0.0,https://indomet.gob.do/wp-content/uploads/2026/01/temperaturas-extremas-y-precipitaciones-2026x01x04-a.pdf
2026-01-04,060,PRESA DE TAVERAS (EMA),LA VEGA,PROGRAMA MUNDIAL DE ALIMENTO,EMAP,27.3,19.9,0.0,https://indomet.gob.do/wp-content/uploads/2026/01/temperaturas-extremas-y-precipitaciones-2026x01x04-a.pdf
2026-01-04,061,RANCHO ARRIBA,SAN JOSÉ DE OCOA,CENTRO TECNOLÓGICO COMUNITARIO,EMCI,26.8,14.6,0.0,https://indomet.gob.do/wp-content/uploads/2026/01/temperaturas-extremas-y-precipitaciones-2026x01x04-a.pdf
2026-01-04,062,SABANA DE LA MAR,HATO MAYOR,INDOMET,EMCI,32.0,20.5,0.0,https://indomet.gob.do/wp-content/uploads/2026/01/temperaturas-extremas-y-precipitaciones-2026x01x04-a.pdf
2026-01-04,063,SABANA GRANDE DE BOYÁ,MONTE PLATA,MINISTERIO DE AGRICULTURA,EMCV,,,0.0,https://indomet.gob.do/wp-content/uploads/2026/01/temperaturas-extremas-y-precipitaciones-2026x01x04-a.pdf
2026-01-04,064,SALCEDO,HERMANAS MIRABAL,PROPIEDAD DEL EMPLEADO,EMCI,,,0.0,https://indomet.gob.do/wp-content/uploads/2026/01/temperaturas-extremas-y-precipitaciones-2026x01x04-a.pdf
2026-01-04,065,SAMANÁ,SAMANÁ,COMANDANCIA DE PUERTO DE SAMANÁ,EMCI,29.8,17.9,0.0,https://indomet.gob.do/wp-content/uploads/2026/01/temperaturas-extremas-y-precipitaciones-2026x01x04-a.pdf
2026-01-04,066,SAN CRISTÓBAL,SAN CRISTÓBAL,INSTITUTO POLITÉCNICO LOYOLA,EMCI,31.0,20.0,0.0,https://indomet.gob.do/wp-content/uploads/2026/01/temperaturas-extremas-y-precipitaciones-2026x01x04-a.pdf
2026-01-04,067,SAN JOSÉ DE OCOA,SAN JOSÉ DE OCOA,HOSP. SAN JOSÉ DE OCOA,EMCI,29.2,15.1,0.0,https://indomet.gob.do/wp-content/uploads/2026/01/temperaturas-extremas-y-precipitaciones-2026x01x04-a.pdf
2026-01-04,068,SAN RAFAEL DEL YUMA,LA ALTAGRACIA,MINISTERIO DE AGRICULTURA,EMCI,30.2,20.5,0.0,https://indomet.gob.do/wp-content/uploads/2026/01/temperaturas-extremas-y-precipitaciones-2026x01x04-a.pdf
2026-01-04,069,SÁNCHEZ,SAMANÁ,MINISTERIO DE AGRICULTURA,EMCI,29.4,21.3,0.0,https://indomet.gob.do/wp-content/uploads/2026/01/temperaturas-extremas-y-precipitaciones-2026x01x04-a.pdf
2026-01-04,070,SANTO DOMINGO ESTE,SANTO DOMINGO,INDOMET,EMCI,30.5,21.6,0.0,https://indomet.gob.do/wp-content/uploads/2026/01/temperaturas-extremas-y-precipitaciones-2026x01x04-a.pdf
2026-01-04,071,VALLE NUEVO (EMA),LA VEGA,MARENA,EMAI,18.2,5.6,0.0,https://indomet.gob.do/wp-content/uploads/2026/01/temperaturas-extremas-y-precipitaciones-2026x01x04-a.pdf
2026-01-04,072,VILLA ALTAGRACIA,SAN CRISTÓBAL,ESCUELA JAVIER ANGULO GURIDI,EMCI,,,0.0,https://indomet.gob.do/wp-content/uploads/2026/01/temperaturas-extremas-y-precipitaciones-2026x01x04-a.pdf
2026-01-04,073,VILLA GONZALES,SANTIAGO,MINISTERIO DE AGRICULTURA,EMCI,,,0.0,https://indomet.gob.do/wp-content/uploads/2026/01/temperaturas-extremas-y-precipitaciones-2026x01x04-a.pdf
2026-01-04,074,VILLA RIVA,DUARTE,HOSP. MPAL. ALICIA DE LEGENDRE,EMCI,30.0,19.0,0.0,https://indomet.gob.do/wp-content/uploads/2026/01/temperaturas-extremas-y-precipitaciones-2026x01x04-a.pdf
2026-01-05,001,PERALTA,AZUA,HOSP. MPAL. DE PERALTA,EMCI,30.2,15.5,130.0,https://indomet.gob.do/wp-content/uploads/2026/01/temperaturas-extremas-y-precipitaciones-2026x01x05-a.pdf
2026-01-05,002,PALO ÍNDIO,PUERTO PLATA,MINISTERIO DE AGRICULTURA,EMCI,,,111.5,https://indomet.gob.do/wp-content/uploads/2026/01/temperaturas-extremas-y-precipitaciones-2026x01x05-a.pdf
2026-01-05,003,LUPERÓN,PUERTO PLATA,MINISTERIO DE AGRICULTURA,EMCV,,,108.0,https://indomet.gob.do/wp-content/uploads/2026/01/temperaturas-extremas-y-precipitaciones-2026x01x05-a.pdf
2026-01-05,004,COFRESI,PUERTO PLATA,PRIVADA,EMAP,,,106.9,https://indomet.gob.do/wp-content/uploads/2026/01/temperaturas-extremas-y-precipitaciones-2026x01x05-a.pdf
2026-01-05,005,LOS JENGIBRES,NAGUA,INDRHI,EMCI,,,70.2,https://indomet.gob.do/wp-content/uploads/2026/01/temperaturas-extremas-y-precipitaciones-2026x01x05-a.pdf
2026-01-05,006,MONTE CRISTI,MONTE CRISTI,INDOMET,EMCI,27.5,22.0,68.2,https://indomet.gob.do/wp-content/uploads/2026/01/temperaturas-extremas-y-precipitaciones-2026x01x05-a.pdf
2026-01-05,007,SAN RAFAEL DEL YUMA,LA ALTAGRACIA,MINISTERIO DE AGRICULTURA,EMCI,30.6,19.5,65.0,https://indomet.gob.do/wp-content/uploads/2026/01/temperaturas-extremas-y-precipitaciones-2026x01x05-a.pdf
2026-01-05,008,ARPT. EL CATEY,SAMANÁ,INDOMET,EMCI,29.0,18.5,56.4,https://indomet.gob.do/wp-content/uploads/2026/01/temperaturas-extremas-y-precipitaciones-2026x01x05-a.pdf
2026-01-05,009,VILLA GONZALES,SANTIAGO,MINISTERIO DE AGRICULTURA,EMCI,,,56.1,https://indomet.gob.do/wp-content/uploads/2026/01/temperaturas-extremas-y-precipitaciones-2026x01x05-a.pdf
2026-01-05,010,ARPT. GREGORIO LUPERÓN,PUERTO PLATA,INDOMET,EMCI,27.0,20.0,56.0,https://indomet.gob.do/wp-content/uploads/2026/01/temperaturas-extremas-y-precipitaciones-2026x01x05-a.pdf
2026-01-05,011,GURABO,SANTIAGO,MINISTERIO DE AGRICULTURA,EMCV,,,55.6,https://indomet.gob.do/wp-content/uploads/2026/01/temperaturas-extremas-y-precipitaciones-2026x01x05-a.pdf
2026-01-05,012,GASPAR HERNÁNDEZ,ESPAILLAT,PROPIEDAD DEL EMPLEADO,EMCI,,,52.4,https://indomet.gob.do/wp-content/uploads/2026/01/temperaturas-extremas-y-precipitaciones-2026x01x05-a.pdf
2026-01-05,013,JIMANÍ,INDEPENDENCIA,MINISTERIO DE AGRICULTURA,EMCI,31.5,21.6,50.5,https://indomet.gob.do/wp-content/uploads/2026/01/temperaturas-extremas-y-precipitaciones-2026x01x05-a.pdf
2026-01-05,014,PASO AL MEDIO,SAN PEDRO DE MACORÍS,INDRHI,EMCI,,,46.0,https://indomet.gob.do/wp-content/uploads/2026/01/temperaturas-extremas-y-precipitaciones-2026x01x05-a.pdf
2026-01-05,015,EL FACTOR (EMA),MARÍA TRINIDAD SÁNCHEZ,INTEC,EMAP,24.8,21.2,42.7,https://indomet.gob.do/wp-content/uploads/2026/01/temperaturas-extremas-y-precipitaciones-2026x01x05-a.pdf
2026-01-05,016,BUCARA (EMA),SANTIAGO,MINISTERIO DE AGRICULTURA,EMAI,,,42.2,https://indomet.gob.do/wp-content/uploads/2026/01/temperaturas-extremas-y-precipitaciones-2026x01x05-a.pdf
2026-01-05,017,ARPT. DEL CIBAO,SANTIAGO,INDOMET,EMCI,24.5,20.8,34.4,https://indomet.gob.do/wp-content/uploads/2026/01/temperaturas-extremas-y-precipitaciones-2026x01x05-a.pdf
2026-01-05,018,ANAMUYA (EMA),LA ALTAGRACIA,MINISTERIO DE AGRICULTURA,EMAP,28.7,19.9,33.2,https://indomet.gob.do/wp-content/uploads/2026/01/temperaturas-extremas-y-precipitaciones-2026x01x05-a.pdf
2026-01-05,019,SÁNCHEZ,SAMANÁ,MINISTERIO DE AGRICULTURA,EMCI,28.9,20.0,31.6,https://indomet.gob.do/wp-content/uploads/2026/01/temperaturas-extremas-y-precipitaciones-2026x01x05-a.pdf
2026-01-05,020,TAMBORIL,SANTIAGO,MINISTERIO DE AGRICULTURA,EMCV,,,29.7,https://indomet.gob.do/wp-content/uploads/2026/01/temperaturas-extremas-y-precipitaciones-2026x01x05-a.pdf
2026-01-05,021,CABRERA,MARÍA TRINIDAD SÁNCHEZ,ESCUELA ARÍSTIDES FIALLO CABRAL,EMCI,24.5,22.8,29.6,https://indomet.gob.do/wp-content/uploads/2026/01/temperaturas-extremas-y-precipitaciones-2026x01x05-a.pdf
2026-01-05,022,VILLA RIVA,DUARTE,HOSP. MPAL. ALICIA DE LEGENDRE,EMCI,26.0,18.5,29.4,https://indomet.gob.do/wp-content/uploads/2026/01/temperaturas-extremas-y-precipitaciones-2026x01x05-a.pdf
2026-01-05,023,RÍO SAN JUAN,MARÍA TRINIDAD SÁNCHEZ,HOSP. MPAL. DR. DESIDERIO ACOSTA,EMCV,25.7,22.0,27.0,https://indomet.gob.do/wp-content/uploads/2026/01/temperaturas-extremas-y-precipitaciones-2026x01x05-a.pdf
2026-01-05,024,DAJABÓN,DAJABÓN,INSTITUTO POLITÉCNICO LOYOLA,EMCI,33.2,18.3,22.8,https://indomet.gob.do/wp-content/uploads/2026/01/temperaturas-extremas-y-precipitaciones-2026x01x05-a.pdf
2026-01-05,025,ARPT. DE LA ROMANA,LA ROMANA,INDOMET,EMCI,29.9,19.2,20.4,https://indomet.gob.do/wp-content/uploads/2026/01/temperaturas-extremas-y-precipitaciones-2026x01x05-a.pdf
2026-01-05,026,OLIVARES,PEDERNALES,INDRHI,EMCI,,,18.5,https://indomet.gob.do/wp-content/uploads/2026/01/temperaturas-extremas-y-precipitaciones-2026x01x05-a.pdf
2026-01-05,027,SALCEDO,HERMANAS MIRABAL,PROPIEDAD DEL EMPLEADO,EMCI,,,14.8,https://indomet.gob.do/wp-content/uploads/2026/01/temperaturas-extremas-y-precipitaciones-2026x01x05-a.pdf
2026-01-05,028,LA VEGA,LA VEGA,IATESA,EMCI,25.5,20.5,14.0,https://indomet.gob.do/wp-content/uploads/2026/01/temperaturas-extremas-y-precipitaciones-2026x01x05-a.pdf
2026-01-05,029,PEDERNALES,PEDERNALES,INDRHI,EMCI,,,13.8,https://indomet.gob.do/wp-content/uploads/2026/01/temperaturas-extremas-y-precipitaciones-2026x01x05-a.pdf
2026-01-05,030,POLO,BARAHONA,INDOCAFE,EMCI,,15.0,13.5,https://indomet.gob.do/wp-content/uploads/2026/01/temperaturas-extremas-y-precipitaciones-2026x01x05-a.pdf
2026-01-05,031,NAVARRETE,SANTIAGO,MINISTERIO DE AGRICULTURA,EMCV,,,13.2,https://indomet.gob.do/wp-content/uploads/2026/01/temperaturas-extremas-y-precipitaciones-2026x01x05-a.pdf
2026-01-05,032,SAN FRANCISCO DE MACORÍS,DUARTE,San Francisco de Macorís (UASD),EMCI,23.9,20.2,11.4,https://indomet.gob.do/wp-content/uploads/2026/01/temperaturas-extremas-y-precipitaciones-2026x01x05-a.pdf
2026-01-05,033,EL CERCADO,SAN JUAN,MINISTERIO DE AGRICULTURA,EMCV,,,10.1,https://indomet.gob.do/wp-content/uploads/2026/01/temperaturas-extremas-y-precipitaciones-2026x01x05-a.pdf
2026-01-05,034,SAN JOSÉ DE OCOA,SAN JOSÉ DE OCOA,HOSP. SAN JOSÉ DE OCOA,EMCI,29.4,16.6,9.8,https://indomet.gob.do/wp-content/uploads/2026/01/temperaturas-extremas-y-precipitaciones-2026x01x05-a.pdf
2026-01-05,035,SABANETA (EMA),SANTIAGO RODRÍGUEZ,PROGRAMA MUNDIAL DE ALIMENTO,EMAP,26.7,18.8,8.2,https://indomet.gob.do/wp-content/uploads/2026/01/temperaturas-extremas-y-precipitaciones-2026x01x05-a.pdf
2026-01-05,036,SANTIAGO RODRÍGUEZ,SANTIAGO RODRÍGUEZ,INDOMET,EMCI,28.5,19.3,7.5,https://indomet.gob.do/wp-content/uploads/2026/01/temperaturas-extremas-y-precipitaciones-2026x01x05-a.pdf
2026-01-05,037,ARPT. DE PUNTA CANA,LA ALTAGRACIA,INDOMET,EMCI,28.4,20.4,7.0,https://indomet.gob.do/wp-content/uploads/2026/01/temperaturas-extremas-y-precipitaciones-2026x01x05-a.pdf
2026-01-05,038,SAMANÁ,SAMANÁ,COMANDANCIA DE PUERTO DE SAMANÁ,EMCI,27.1,16.9,6.0,https://indomet.gob.do/wp-content/uploads/2026/01/temperaturas-extremas-y-precipitaciones-2026x01x05-a.pdf
2026-01-05,039,TAVERA,SANTIAGO,INDRHI,EMCI,,,5.8,https://indomet.gob.do/wp-content/uploads/2026/01/temperaturas-extremas-y-precipitaciones-2026x01x05-a.pdf
2026-01-05,040,PADRE LAS CASAS,AZUA,HOSP. NTRA. SRA. DEL CARMEN,EMCI,30.5,15.7,5.7,https://indomet.gob.do/wp-content/uploads/2026/01/temperaturas-extremas-y-precipitaciones-2026x01x05-a.pdf
2026-01-05,041,VILLA ALTAGRACIA,SAN CRISTÓBAL,ESCUELA JAVIER ANGULO GURIDI,EMCI,,,5.3,https://indomet.gob.do/wp-content/uploads/2026/01/temperaturas-extremas-y-precipitaciones-2026x01x05-a.pdf
2026-01-05,042,HONDO VALLE,ELÍAS PIÑA,MINISTERIO DE AGRICULTURA,EMCI,26.3,12.9,4.8,https://indomet.gob.do/wp-content/uploads/2026/01/temperaturas-extremas-y-precipitaciones-2026x01x05-a.pdf
2026-01-05,043,OVIEDO,PEDERNALES,CLÍNICA RURAL OVIEDO,EMCI,31.0,19.0,4.6,https://indomet.gob.do/wp-content/uploads/2026/01/temperaturas-extremas-y-precipitaciones-2026x01x05-a.pdf
2026-01-05,044,BONAO,MONSEÑOR NOUEL,MINISTERIO DE AGRICULTURA,EMCV,,,3.8,https://indomet.gob.do/wp-content/uploads/2026/01/temperaturas-extremas-y-precipitaciones-2026x01x05-a.pdf
2026-01-05,045,MONCIÓN (EMA),SANTIAGO RODRÍGUEZ,PROGRAMA MUNDIAL DE ALIMENTO,EMAP,24.4,16.9,3.8,https://indomet.gob.do/wp-content/uploads/2026/01/temperaturas-extremas-y-precipitaciones-2026x01x05-a.pdf
2026-01-05,046,JUMA BEJUCAL,MONSEÑOR NOUEL,IDIAF,EMCV,27.0,19.2,3.4,https://indomet.gob.do/wp-content/uploads/2026/01/temperaturas-extremas-y-precipitaciones-2026x01x05-a.pdf
2026-01-05,047,PONTÓN ABAJO (EMA),LA VEGA,MINISTERIO DE AGRICULTURA,EMAP,24.1,21.0,3.0,https://indomet.gob.do/wp-content/uploads/2026/01/temperaturas-extremas-y-precipitaciones-2026x01x05-a.pdf
2026-01-05,048,ENRIQUILLO,BARAHONA,MINISTERIO DE AGRICULTURA,EMCV,32.0,19.0,2.8,https://indomet.gob.do/wp-content/uploads/2026/01/temperaturas-extremas-y-precipitaciones-2026x01x05-a.pdf
2026-01-05,049,ARPT. LA ISABELA,SANTO DOMINGO,INDOMET,EMCI,30.7,20.6,2.5,https://indomet.gob.do/wp-content/uploads/2026/01/temperaturas-extremas-y-precipitaciones-2026x01x05-a.pdf
2026-01-05,050,CONSTANZA,LA VEGA,MINISTERIO DE AGRICULTURA,EMCI,23.8,10.3,2.3,https://indomet.gob.do/wp-content/uploads/2026/01/temperaturas-extremas-y-precipitaciones-2026x01x05-a.pdf
2026-01-05,051,SABANA DE LA MAR,HATO MAYOR,INDOMET,EMCI,28.5,19.5,2.1,https://indomet.gob.do/wp-content/uploads/2026/01/temperaturas-extremas-y-precipitaciones-2026x01x05-a.pdf
2026-01-05,052,CONSTANZA (EMA),LA VEGA,PROGRAMA MUNDIAL DE ALIMENTO,EMAP,,,2.0,https://indomet.gob.do/wp-content/uploads/2026/01/temperaturas-extremas-y-precipitaciones-2026x01x05-a.pdf
2026-01-05,053,ARPT. MARÍA MONTEZ,BARAHONA,INDOMET,EMCI,31.0,21.2,1.6,https://indomet.gob.do/wp-content/uploads/2026/01/temperaturas-extremas-y-precipitaciones-2026x01x05-a.pdf
2026-01-05,054,BANI (EMA),PERAVIA,MINISTERIO DE AGRICULTURA,EMAP,31.0,19.1,1.6,https://indomet.gob.do/wp-content/uploads/2026/01/temperaturas-extremas-y-precipitaciones-2026x01x05-a.pdf
2026-01-05,055,SAJOMA (EMA),SANTIAGO,PLAN SIERRA,EMAI,24.1,19.1,1.6,https://indomet.gob.do/wp-content/uploads/2026/01/temperaturas-extremas-y-precipitaciones-2026x01x05-a.pdf
2026-01-05,056,MICHES (EMA),EL SEIBO,PRIVADA,EMAP,27.2,21.1,1.2,https://indomet.gob.do/wp-content/uploads/2026/01/temperaturas-extremas-y-precipitaciones-2026x01x05-a.pdf
2026-01-05,057,VALLE NUEVO (EMA),LA VEGA,MARENA,EMAI,15.4,5.4,1.0,https://indomet.gob.do/wp-content/uploads/2026/01/temperaturas-extremas-y-precipitaciones-2026x01x05-a.pdf
2026-01-05,058,PARQUE MIRADOR SUR,DISTRITO NACIONAL,AYUNTAMIENTO,EMCV,31.0,21.0,0.8,https://indomet.gob.do/wp-content/uploads/2026/01/temperaturas-extremas-y-precipitaciones-2026x01x05-a.pdf
2026-01-05,059,JARABACOA,LA VEGA,INDRHI / MARENA,EMCI,23.4,16.6,0.7,https://indomet.gob.do/wp-content/uploads/2026/01/temperaturas-extremas-y-precipitaciones-2026x01x05-a.pdf
2026-01-05,060,JARDÍN BOTÁNICO NACIONAL,DISTRITO NACIONAL,JARDÍN BOTÁNICO NACIONAL,EMCV,29.7,24.8,0.7,https://indomet.gob.do/wp-content/uploads/2026/01/temperaturas-extremas-y-precipitaciones-2026x01x05-a.pdf
2026-01-05,061,LA VICTORIA,SANTO DOMINGO,CUERPO DE BOMBEROS,EMCI,32.0,20.5,0.6,https://indomet.gob.do/wp-content/uploads/2026/01/temperaturas-extremas-y-precipitaciones-2026x01x05-a.pdf
2026-01-05,062,LOS LLANOS,SAN PEDRO DE MACORÍS,MINISTERIO DE AGRICULTURA,EMCI,31.5,19.6,0.4,https://indomet.gob.do/wp-content/uploads/2026/01/temperaturas-extremas-y-precipitaciones-2026x01x05-a.pdf
2026-01-05,063,SANTO DOMINGO ESTE,SANTO DOMINGO,INDOMET,EMCI,31.5,21.2,0.4,https://indomet.gob.do/wp-content/uploads/2026/01/temperaturas-extremas-y-precipitaciones-2026x01x05-a.pdf
2026-01-05,064,CABRAL,BARAHONA,MINISTERIO DE AGRICULTURA,EMCV,30.8,18.2,0.2,https://indomet.gob.do/wp-content/uploads/2026/01/temperaturas-extremas-y-precipitaciones-2026x01x05-a.pdf
2026-01-05,065,ARPT. DE LAS AMÉRICAS,SANTO DOMINGO,INDOMET,EMCI,30.5,20.6,0.1,https://indomet.gob.do/wp-content/uploads/2026/01/temperaturas-extremas-y-precipitaciones-2026x01x05-a.pdf
2026-01-05,066,ARROYO LORO,SAN JUAN,IDIAF,EMCI,29.7,17.7,0.1,https://indomet.gob.do/wp-content/uploads/2026/01/temperaturas-extremas-y-precipitaciones-2026x01x05-a.pdf
2026-01-05,067,BAYAGUANA,MONTE PLATA,INDOMET,EMCI,30.5,20.0,0.1,https://indomet.gob.do/wp-content/uploads/2026/01/temperaturas-extremas-y-precipitaciones-2026x01x05-a.pdf
2026-01-05,068,ELÍAS PIÑA,ELÍAS PIÑA,MINISTERIO DE AGRICULTURA,EMCV,,,0.1,https://indomet.gob.do/wp-content/uploads/2026/01/temperaturas-extremas-y-precipitaciones-2026x01x05-a.pdf
2026-01-05,069,SABANA GRANDE DE BOYÁ,MONTE PLATA,MINISTERIO DE AGRICULTURA,EMCV,,,0.1,https://indomet.gob.do/wp-content/uploads/2026/01/temperaturas-extremas-y-precipitaciones-2026x01x05-a.pdf
2026-01-05,070,ARPT. ARROYO BARRIL,SAMANÁ,INDOMET,EMCI,26.5,19.9,0.0,https://indomet.gob.do/wp-content/uploads/2026/01/temperaturas-extremas-y-precipitaciones-2026x01x05-a.pdf
2026-01-05,071,BOCA DE MAO (EMA),VALVERDE,MINISTERIO DE AGRICULTURA,EMAP,25.7,19.5,0.0,https://indomet.gob.do/wp-content/uploads/2026/01/temperaturas-extremas-y-precipitaciones-2026x01x05-a.pdf
2026-01-05,072,CENTRO DE LOS HEROES (EMA),DISTRITO NACIONAL,MINISTERIO DE ENERGIA Y MINA,EMAP,30.6,22.5,0.0,https://indomet.gob.do/wp-content/uploads/2026/01/temperaturas-extremas-y-precipitaciones-2026x01x05-a.pdf
2026-01-05,073,HATO MAYOR,HATO MAYOR,MINISTERIO DE AGRICULTURA,EMCV,,,0.0,https://indomet.gob.do/wp-content/uploads/2026/01/temperaturas-extremas-y-precipitaciones-2026x01x05-a.pdf
2026-01-05,074,LAS CANAS (EMA),MONTE CRISTI,PROGRAMA MUNDIAL DE ALIMENTO,EMAP,25.2,21.2,0.0,https://indomet.gob.do/wp-content/uploads/2026/01/temperaturas-extremas-y-precipitaciones-2026x01x05-a.pdf
2026-01-05,075,LAS MATAS DE SANTA CRUZ (EMA,MONTE CRISTI,PROGRAMA MUNDIAL DE ALIMENTO,EMAP,,,0.0,https://indomet.gob.do/wp-content/uploads/2026/01/temperaturas-extremas-y-precipitaciones-2026x01x05-a.pdf
2026-01-05,076,MAO,VALVERDE,INDRHI / MINISTERIO DE AGRICULTURA,EMCV,,,0.0,https://indomet.gob.do/wp-content/uploads/2026/01/temperaturas-extremas-y-precipitaciones-2026x01x05-a.pdf
2026-01-05,077,RANCHO ARRIBA,SAN JOSÉ DE OCOA,CENTRO TECNOLÓGICO COMUNITARIO,EMCI,25.4,13.9,0.0,https://indomet.gob.do/wp-content/uploads/2026/01/temperaturas-extremas-y-precipitaciones-2026x01x05-a.pdf
2026-01-05,078,RESTAURACIÓN,DAJABÓN,MINISTERIO DE AGRICULTURA,EMCI,25.3,12.5,0.0,https://indomet.gob.do/wp-content/uploads/2026/01/temperaturas-extremas-y-precipitaciones-2026x01x05-a.pdf
2026-01-05,079,SAN CRISTÓBAL,SAN CRISTÓBAL,INSTITUTO POLITÉCNICO LOYOLA,EMCI,30.2,19.0,0.0,https://indomet.gob.do/wp-content/uploads/2026/01/temperaturas-extremas-y-precipitaciones-2026x01x05-a.pdf
2026-01-05,080,TÁBARA ABAJO,AZUA,INDRHI,EMCI,31.5,18.0,0.0,https://indomet.gob.do/wp-content/uploads/2026/01/temperaturas-extremas-y-precipitaciones-2026x01x05-a.pdf
2026-01-06,001,JUMA BEJUCAL,MONSEÑOR NOUEL,IDIAF,EMCV,28.2,17.4,38.2,https://indomet.gob.do/wp-content/uploads/2026/01/temperaturas-extremas-y-precipitaciones-2026x01x06-a.pdf
2026-01-06,002,VILLA RIVA,DUARTE,HOSP. MPAL. ALICIA DE LEGENDRE,EMCI,28.5,18.5,34.2,https://indomet.gob.do/wp-content/uploads/2026/01/temperaturas-extremas-y-precipitaciones-2026x01x06-a.pdf
2026-01-06,003,BONAO,MONSEÑOR NOUEL,MINISTERIO DE AGRICULTURA,EMCV,,,23.1,https://indomet.gob.do/wp-content/uploads/2026/01/temperaturas-extremas-y-precipitaciones-2026x01x06-a.pdf
2026-01-06,004,ARPT. EL CATEY,SAMANÁ,INDOMET,EMCI,28.0,20.0,23.0,https://indomet.gob.do/wp-content/uploads/2026/01/temperaturas-extremas-y-precipitaciones-2026x01x06-a.pdf
2026-01-06,005,LUPERÓN,PUERTO PLATA,MINISTERIO DE AGRICULTURA,EMCV,,,19.3,https://indomet.gob.do/wp-content/uploads/2026/01/temperaturas-extremas-y-precipitaciones-2026x01x06-a.pdf
2026-01-06,006,VILLA ALTAGRACIA,SAN CRISTÓBAL,ESCUELA JAVIER ANGULO GURIDI,EMCI,,,14.4,https://indomet.gob.do/wp-content/uploads/2026/01/temperaturas-extremas-y-precipitaciones-2026x01x06-a.pdf
2026-01-06,007,EL FACTOR (EMA),MARÍA TRINIDAD SÁNCHEZ,INTEC,EMAP,30.4,20.4,10.9,https://indomet.gob.do/wp-content/uploads/2026/01/temperaturas-extremas-y-precipitaciones-2026x01x06-a.pdf
2026-01-06,008,ARPT. ARROYO BARRIL,SAMANÁ,INDOMET,EMCI,28.5,19.6,10.5,https://indomet.gob.do/wp-content/uploads/2026/01/temperaturas-extremas-y-precipitaciones-2026x01x06-a.pdf
2026-01-06,009,PARQUE MIRADOR SUR,DISTRITO NACIONAL,AYUNTAMIENTO,EMCV,31.0,21.0,10.2,https://indomet.gob.do/wp-content/uploads/2026/01/temperaturas-extremas-y-precipitaciones-2026x01x06-a.pdf
2026-01-06,010,SÁNCHEZ,SAMANÁ,MINISTERIO DE AGRICULTURA,EMCI,28.4,19.7,8.4,https://indomet.gob.do/wp-content/uploads/2026/01/temperaturas-extremas-y-precipitaciones-2026x01x06-a.pdf
2026-01-06,011,SABANA DE LA MAR,HATO MAYOR,INDOMET,EMCI,29.0,20.0,8.1,https://indomet.gob.do/wp-content/uploads/2026/01/temperaturas-extremas-y-precipitaciones-2026x01x06-a.pdf
2026-01-06,012,SABANA GRANDE DE BOYÁ,MONTE PLATA,MINISTERIO DE AGRICULTURA,EMCV,,,7.9,https://indomet.gob.do/wp-content/uploads/2026/01/temperaturas-extremas-y-precipitaciones-2026x01x06-a.pdf
2026-01-06,013,SAMANÁ,SAMANÁ,COMANDANCIA DE PUERTO DE SAMANÁ,EMCI,30.0,16.6,7.2,https://indomet.gob.do/wp-content/uploads/2026/01/temperaturas-extremas-y-precipitaciones-2026x01x06-a.pdf
2026-01-06,014,LOS LLANOS,SAN PEDRO DE MACORÍS,MINISTERIO DE AGRICULTURA,EMCI,19.5,18.7,6.6,https://indomet.gob.do/wp-content/uploads/2026/01/temperaturas-extremas-y-precipitaciones-2026x01x06-a.pdf
2026-01-06,015,SALCEDO,HERMANAS MIRABAL,PROPIEDAD DEL EMPLEADO,EMCI,,,6.5,https://indomet.gob.do/wp-content/uploads/2026/01/temperaturas-extremas-y-precipitaciones-2026x01x06-a.pdf
2026-01-06,016,LA VICTORIA,SANTO DOMINGO,CUERPO DE BOMBEROS,EMCI,28.9,18.9,6.3,https://indomet.gob.do/wp-content/uploads/2026/01/temperaturas-extremas-y-precipitaciones-2026x01x06-a.pdf
2026-01-06,017,CENTRO DE LOS HEROES (EMA),DISTRITO NACIONAL,MINISTERIO DE ENERGIA Y MINA,EMAP,27.2,21.7,5.8,https://indomet.gob.do/wp-content/uploads/2026/01/temperaturas-extremas-y-precipitaciones-2026x01x06-a.pdf
2026-01-06,018,LA VEGA,LA VEGA,IATESA,EMCI,29.8,18.0,5.7,https://indomet.gob.do/wp-content/uploads/2026/01/temperaturas-extremas-y-precipitaciones-2026x01x06-a.pdf
2026-01-06,019,ARROYO LORO,SAN JUAN,IDIAF,EMCI,31.4,16.3,4.6,https://indomet.gob.do/wp-content/uploads/2026/01/temperaturas-extremas-y-precipitaciones-2026x01x06-a.pdf
2026-01-06,020,PONTÓN ABAJO (EMA),LA VEGA,MINISTERIO DE AGRICULTURA,EMAP,29.1,18.9,3.2,https://indomet.gob.do/wp-content/uploads/2026/01/temperaturas-extremas-y-precipitaciones-2026x01x06-a.pdf
2026-01-06,021,PRESA DE TAVERAS (EMA),LA VEGA,PROGRAMA MUNDIAL DE ALIMENTO,EMAP,27.8,17.1,3.0,https://indomet.gob.do/wp-content/uploads/2026/01/temperaturas-extremas-y-precipitaciones-2026x01x06-a.pdf
2026-01-06,022,BUCARA (EMA),SANTIAGO,MINISTERIO DE AGRICULTURA,EMAI,,,2.8,https://indomet.gob.do/wp-content/uploads/2026/01/temperaturas-extremas-y-precipitaciones-2026x01x06-a.pdf
2026-01-06,023,ARPT. LA ISABELA,SANTO DOMINGO,INDOMET,EMCI,28.5,19.5,2.4,https://indomet.gob.do/wp-content/uploads/2026/01/temperaturas-extremas-y-precipitaciones-2026x01x06-a.pdf
2026-01-06,024,RÍO SAN JUAN,MARÍA TRINIDAD SÁNCHEZ,HOSP. MPAL. DR. DESIDERIO ACOSTA,EMCV,28.7,20.0,1.6,https://indomet.gob.do/wp-content/uploads/2026/01/temperaturas-extremas-y-precipitaciones-2026x01x06-a.pdf
2026-01-06,025,VILLA GONZALES,SANTIAGO,MINISTERIO DE AGRICULTURA,EMCI,,,1.5,https://indomet.gob.do/wp-content/uploads/2026/01/temperaturas-extremas-y-precipitaciones-2026x01x06-a.pdf
2026-01-06,026,PALO ÍNDIO,PUERTO PLATA,MINISTERIO DE AGRICULTURA,EMCI,,,1.3,https://indomet.gob.do/wp-content/uploads/2026/01/temperaturas-extremas-y-precipitaciones-2026x01x06-a.pdf
2026-01-06,027,TAMBORIL,SANTIAGO,MINISTERIO DE AGRICULTURA,EMCV,,,1.3,https://indomet.gob.do/wp-content/uploads/2026/01/temperaturas-extremas-y-precipitaciones-2026x01x06-a.pdf
2026-01-06,028,BASE AÉREA DE SAN ISIDRO,SANTO DOMINGO,FUERZA AÉREA DOMINICANA,EMCV,27.8,19.4,1.1,https://indomet.gob.do/wp-content/uploads/2026/01/temperaturas-extremas-y-precipitaciones-2026x01x06-a.pdf
2026-01-06,029,GURABO,SANTIAGO,MINISTERIO DE AGRICULTURA,EMCV,,,1.0,https://indomet.gob.do/wp-content/uploads/2026/01/temperaturas-extremas-y-precipitaciones-2026x01x06-a.pdf
2026-01-06,030,MICHES (EMA),EL SEIBO,PRIVADA,EMAP,27.7,19.6,1.0,https://indomet.gob.do/wp-content/uploads/2026/01/temperaturas-extremas-y-precipitaciones-2026x01x06-a.pdf
2026-01-06,031,RANCHO ARRIBA,SAN JOSÉ DE OCOA,CENTRO TECNOLÓGICO COMUNITARIO,EMCI,24.0,11.3,1.0,https://indomet.gob.do/wp-content/uploads/2026/01/temperaturas-extremas-y-precipitaciones-2026x01x06-a.pdf
2026-01-06,032,SAN FRANCISCO DE MACORÍS,DUARTE,San Francisco de Macorís (UASD),EMCI,,20.2,0.8,https://indomet.gob.do/wp-content/uploads/2026/01/temperaturas-extremas-y-precipitaciones-2026x01x06-a.pdf
2026-01-06,033,JARDÍN BOTÁNICO SANTIAGO (EMSANTIAGO,,JARDIN BOTANICO SANTIAGO,EMAI,29.6,20.0,0.6,https://indomet.gob.do/wp-content/uploads/2026/01/temperaturas-extremas-y-precipitaciones-2026x01x06-a.pdf
2026-01-06,034,HATO MAYOR,HATO MAYOR,MINISTERIO DE AGRICULTURA,EMCV,,,0.5,https://indomet.gob.do/wp-content/uploads/2026/01/temperaturas-extremas-y-precipitaciones-2026x01x06-a.pdf
2026-01-06,035,PERALTA,AZUA,HOSP. MPAL. DE PERALTA,EMCI,28.3,15.4,0.4,https://indomet.gob.do/wp-content/uploads/2026/01/temperaturas-extremas-y-precipitaciones-2026x01x06-a.pdf
2026-01-06,036,SANTO DOMINGO ESTE,SANTO DOMINGO,INDOMET,EMCI,27.6,21.2,0.3,https://indomet.gob.do/wp-content/uploads/2026/01/temperaturas-extremas-y-precipitaciones-2026x01x06-a.pdf
2026-01-06,037,CABRAL,BARAHONA,MINISTERIO DE AGRICULTURA,EMCV,30.7,20.3,0.3,https://indomet.gob.do/wp-content/uploads/2026/01/temperaturas-extremas-y-precipitaciones-2026x01x06-a.pdf
2026-01-06,038,ANAMUYA (EMA),LA ALTAGRACIA,MINISTERIO DE AGRICULTURA,EMAP,29.1,18.9,0.2,https://indomet.gob.do/wp-content/uploads/2026/01/temperaturas-extremas-y-precipitaciones-2026x01x06-a.pdf
2026-01-06,039,POLO,BARAHONA,INDOCAFE,EMCI,,16.4,0.2,https://indomet.gob.do/wp-content/uploads/2026/01/temperaturas-extremas-y-precipitaciones-2026x01x06-a.pdf
2026-01-06,040,SAN JOSÉ DE OCOA,SAN JOSÉ DE OCOA,HOSP. SAN JOSÉ DE OCOA,EMCI,27.0,15.8,0.2,https://indomet.gob.do/wp-content/uploads/2026/01/temperaturas-extremas-y-precipitaciones-2026x01x06-a.pdf
2026-01-06,041,ARPT. DEL CIBAO,SANTIAGO,INDOMET,EMCI,30.0,18.0,0.1,https://indomet.gob.do/wp-content/uploads/2026/01/temperaturas-extremas-y-precipitaciones-2026x01x06-a.pdf
2026-01-06,042,HONDO VALLE,ELÍAS PIÑA,MINISTERIO DE AGRICULTURA,EMCI,25.7,11.4,0.1,https://indomet.gob.do/wp-content/uploads/2026/01/temperaturas-extremas-y-precipitaciones-2026x01x06-a.pdf
2026-01-06,043,JARABACOA,LA VEGA,INDRHI / MARENA,EMCI,28.0,13.8,0.1,https://indomet.gob.do/wp-content/uploads/2026/01/temperaturas-extremas-y-precipitaciones-2026x01x06-a.pdf
2026-01-06,044,OLIVARES,PEDERNALES,INDRHI,EMCI,,,0.1,https://indomet.gob.do/wp-content/uploads/2026/01/temperaturas-extremas-y-precipitaciones-2026x01x06-a.pdf
2026-01-06,045,PEDERNALES,PEDERNALES,INDRHI,EMCI,,,0.1,https://indomet.gob.do/wp-content/uploads/2026/01/temperaturas-extremas-y-precipitaciones-2026x01x06-a.pdf
2026-01-06,046,ARPT. DE LA ROMANA,LA ROMANA,INDOMET,EMCI,28.8,18.5,0.0,https://indomet.gob.do/wp-content/uploads/2026/01/temperaturas-extremas-y-precipitaciones-2026x01x06-a.pdf
2026-01-06,047,ARPT. DE LAS AMÉRICAS,SANTO DOMINGO,INDOMET,EMCI,27.0,20.2,0.0,https://indomet.gob.do/wp-content/uploads/2026/01/temperaturas-extremas-y-precipitaciones-2026x01x06-a.pdf
2026-01-06,048,ARPT. DE PUNTA CANA,LA ALTAGRACIA,INDOMET,EMCI,28.5,20.0,0.0,https://indomet.gob.do/wp-content/uploads/2026/01/temperaturas-extremas-y-precipitaciones-2026x01x06-a.pdf
2026-01-06,049,ARPT. GREGORIO LUPERÓN,PUERTO PLATA,INDOMET,EMCI,29.0,20.4,0.0,https://indomet.gob.do/wp-content/uploads/2026/01/temperaturas-extremas-y-precipitaciones-2026x01x06-a.pdf
2026-01-06,050,ARPT. MARÍA MONTEZ,BARAHONA,INDOMET,EMCI,30.8,20.0,0.0,https://indomet.gob.do/wp-content/uploads/2026/01/temperaturas-extremas-y-precipitaciones-2026x01x06-a.pdf
2026-01-06,051,BANI (EMA),PERAVIA,MINISTERIO DE AGRICULTURA,EMAP,28.8,21.8,0.0,https://indomet.gob.do/wp-content/uploads/2026/01/temperaturas-extremas-y-precipitaciones-2026x01x06-a.pdf
2026-01-06,052,BAYAGUANA,MONTE PLATA,INDOMET,EMCI,29.0,18.8,0.0,https://indomet.gob.do/wp-content/uploads/2026/01/temperaturas-extremas-y-precipitaciones-2026x01x06-a.pdf
2026-01-06,053,BOCA DE MAO (EMA),VALVERDE,MINISTERIO DE AGRICULTURA,EMAP,31.4,18.6,0.0,https://indomet.gob.do/wp-content/uploads/2026/01/temperaturas-extremas-y-precipitaciones-2026x01x06-a.pdf
2026-01-06,054,BOHECHÍO,SAN JUAN,MINISTERIO DE AGRICULTURA,EMCV,,,0.0,https://indomet.gob.do/wp-content/uploads/2026/01/temperaturas-extremas-y-precipitaciones-2026x01x06-a.pdf
2026-01-06,055,CABRERA,MARÍA TRINIDAD SÁNCHEZ,ESCUELA ARÍSTIDES FIALLO CABRAL,EMCI,30.5,22.5,0.0,https://indomet.gob.do/wp-content/uploads/2026/01/temperaturas-extremas-y-precipitaciones-2026x01x06-a.pdf
2026-01-06,056,CONSTANZA,LA VEGA,MINISTERIO DE AGRICULTURA,EMCI,23.5,9.2,0.0,https://indomet.gob.do/wp-content/uploads/2026/01/temperaturas-extremas-y-precipitaciones-2026x01x06-a.pdf
2026-01-06,057,CONSTANZA (EMA),LA VEGA,PROGRAMA MUNDIAL DE ALIMENTO,EMAP,22.5,10.2,0.0,https://indomet.gob.do/wp-content/uploads/2026/01/temperaturas-extremas-y-precipitaciones-2026x01x06-a.pdf
2026-01-06,058,DAJABÓN,DAJABÓN,INSTITUTO POLITÉCNICO LOYOLA,EMCI,34.4,19.2,0.0,https://indomet.gob.do/wp-content/uploads/2026/01/temperaturas-extremas-y-precipitaciones-2026x01x06-a.pdf
2026-01-06,059,EL SEIBO,EL SEIBO,MINISTERIO DE AGRICULTURA,EMCV,,,0.0,https://indomet.gob.do/wp-content/uploads/2026/01/temperaturas-extremas-y-precipitaciones-2026x01x06-a.pdf
2026-01-06,060,ELÍAS PIÑA,ELÍAS PIÑA,MINISTERIO DE AGRICULTURA,EMCV,,,0.0,https://indomet.gob.do/wp-content/uploads/2026/01/temperaturas-extremas-y-precipitaciones-2026x01x06-a.pdf
2026-01-06,061,ENRIQUILLO,BARAHONA,MINISTERIO DE AGRICULTURA,EMCV,31.0,19.0,0.0,https://indomet.gob.do/wp-content/uploads/2026/01/temperaturas-extremas-y-precipitaciones-2026x01x06-a.pdf
2026-01-06,062,ESCONDIDO,PERAVIA,MINISTERIO DE AGRICULTURA,EMCV,29.0,19.0,0.0,https://indomet.gob.do/wp-content/uploads/2026/01/temperaturas-extremas-y-precipitaciones-2026x01x06-a.pdf
2026-01-06,063,GASPAR HERNÁNDEZ,ESPAILLAT,PROPIEDAD DEL EMPLEADO,EMCI,,,0.0,https://indomet.gob.do/wp-content/uploads/2026/01/temperaturas-extremas-y-precipitaciones-2026x01x06-a.pdf
2026-01-06,064,JIMA ABAJO,LA VEGA,INDOMET,EMCI,,,0.0,https://indomet.gob.do/wp-content/uploads/2026/01/temperaturas-extremas-y-precipitaciones-2026x01x06-a.pdf
2026-01-06,065,JIMANÍ,INDEPENDENCIA,MINISTERIO DE AGRICULTURA,EMCI,32.0,20.2,0.0,https://indomet.gob.do/wp-content/uploads/2026/01/temperaturas-extremas-y-precipitaciones-2026x01x06-a.pdf
2026-01-06,066,LAS CANAS (EMA),MONTE CRISTI,PROGRAMA MUNDIAL DE ALIMENTO,EMAP,26.3,18.9,0.0,https://indomet.gob.do/wp-content/uploads/2026/01/temperaturas-extremas-y-precipitaciones-2026x01x06-a.pdf
2026-01-06,067,LAS MATAS DE SANTA CRUZ (EMA,MONTE CRISTI,PROGRAMA MUNDIAL DE ALIMENTO,EMAP,,,0.0,https://indomet.gob.do/wp-content/uploads/2026/01/temperaturas-extremas-y-precipitaciones-2026x01x06-a.pdf
2026-01-06,068,MAO,VALVERDE,INDRHI / MINISTERIO DE AGRICULTURA,EMCV,,,0.0,https://indomet.gob.do/wp-content/uploads/2026/01/temperaturas-extremas-y-precipitaciones-2026x01x06-a.pdf
2026-01-06,069,MONCIÓN (EMA),SANTIAGO RODRÍGUEZ,PROGRAMA MUNDIAL DE ALIMENTO,EMAP,27.8,14.6,0.0,https://indomet.gob.do/wp-content/uploads/2026/01/temperaturas-extremas-y-precipitaciones-2026x01x06-a.pdf
2026-01-06,070,MONTE CRISTI,MONTE CRISTI,INDOMET,EMCI,29.6,20.8,0.0,https://indomet.gob.do/wp-content/uploads/2026/01/temperaturas-extremas-y-precipitaciones-2026x01x06-a.pdf
2026-01-06,071,OVIEDO,PEDERNALES,CLÍNICA RURAL OVIEDO,EMCI,30.8,19.0,0.0,https://indomet.gob.do/wp-content/uploads/2026/01/temperaturas-extremas-y-precipitaciones-2026x01x06-a.pdf
2026-01-06,072,PADRE LAS CASAS,AZUA,HOSP. NTRA. SRA. DEL CARMEN,EMCI,29.3,13.5,0.0,https://indomet.gob.do/wp-content/uploads/2026/01/temperaturas-extremas-y-precipitaciones-2026x01x06-a.pdf
2026-01-06,073,PESCADERIA (EMA),BARAHONA,MINISTERIO DE AGRICULTURA,EMAP,,,0.0,https://indomet.gob.do/wp-content/uploads/2026/01/temperaturas-extremas-y-precipitaciones-2026x01x06-a.pdf
2026-01-06,074,RESTAURACIÓN,DAJABÓN,MINISTERIO DE AGRICULTURA,EMCI,26.0,10.4,0.0,https://indomet.gob.do/wp-content/uploads/2026/01/temperaturas-extremas-y-precipitaciones-2026x01x06-a.pdf
2026-01-06,075,SABANETA (EMA),SANTIAGO RODRÍGUEZ,PROGRAMA MUNDIAL DE ALIMENTO,EMAP,31.2,16.3,0.0,https://indomet.gob.do/wp-content/uploads/2026/01/temperaturas-extremas-y-precipitaciones-2026x01x06-a.pdf
2026-01-06,076,SAJOMA (EMA),SANTIAGO,PLAN SIERRA,EMAI,28.8,16.4,0.0,https://indomet.gob.do/wp-content/uploads/2026/01/temperaturas-extremas-y-precipitaciones-2026x01x06-a.pdf
2026-01-06,077,SAN CRISTÓBAL,SAN CRISTÓBAL,INSTITUTO POLITÉCNICO LOYOLA,EMCI,28.2,16.2,0.0,https://indomet.gob.do/wp-content/uploads/2026/01/temperaturas-extremas-y-precipitaciones-2026x01x06-a.pdf
2026-01-06,078,SAN RAFAEL DEL YUMA,LA ALTAGRACIA,MINISTERIO DE AGRICULTURA,EMCI,28.4,18.3,0.0,https://indomet.gob.do/wp-content/uploads/2026/01/temperaturas-extremas-y-precipitaciones-2026x01x06-a.pdf
2026-01-06,079,SANTIAGO RODRÍGUEZ,SANTIAGO RODRÍGUEZ,INDOMET,EMCI,31.0,17.2,0.0,https://indomet.gob.do/wp-content/uploads/2026/01/temperaturas-extremas-y-precipitaciones-2026x01x06-a.pdf
2026-01-06,080,TÁBARA ABAJO,AZUA,INDRHI,EMCI,31.0,17.1,0.0,https://indomet.gob.do/wp-content/uploads/2026/01/temperaturas-extremas-y-precipitaciones-2026x01x06-a.pdf
2026-01-06,081,VALLE NUEVO (EMA),LA VEGA,MARENA,EMAI,,,0.0,https://indomet.gob.do/wp-content/uploads/2026/01/temperaturas-extremas-y-precipitaciones-2026x01x06-a.pdf
2026-01-06,082,VILLA ISABELA,PUERTO PLATA,MINISTERIO DE AGRICULTURA,EMCV,,,0.0,https://indomet.gob.do/wp-content/uploads/2026/01/temperaturas-extremas-y-precipitaciones-2026x01x06-a.pdf
2026-01-06,083,VILLA VASQUEZ (EMA),MONTE CRISTI,JUNTA DE REGANTES,EMAI,,,0.0,https://indomet.gob.do/wp-content/uploads/2026/01/temperaturas-extremas-y-precipitaciones-2026x01x06-a.pdf
2026-01-07,001,MICHES (EMA),EL SEIBO,PRIVADA,EMAP,27.3,19.6,25.6,https://indomet.gob.do/wp-content/uploads/2026/01/temperaturas-extremas-y-precipitaciones-2026x01x07-a.pdf
2026-01-07,002,CABRERA,MARÍA TRINIDAD SÁNCHEZ,ESCUELA ARÍSTIDES FIALLO CABRAL,EMCI,30.5,24.5,12.5,https://indomet.gob.do/wp-content/uploads/2026/01/temperaturas-extremas-y-precipitaciones-2026x01x07-a.pdf
2026-01-07,003,VILLA RIVA,DUARTE,HOSP. MPAL. ALICIA DE LEGENDRE,EMCI,27.2,17.7,10.6,https://indomet.gob.do/wp-content/uploads/2026/01/temperaturas-extremas-y-precipitaciones-2026x01x07-a.pdf
2026-01-07,004,LOS JENGIBRES,NAGUA,INDRHI,EMCI,,,10.2,https://indomet.gob.do/wp-content/uploads/2026/01/temperaturas-extremas-y-precipitaciones-2026x01x07-a.pdf
2026-01-07,005,EL FACTOR (EMA),MARÍA TRINIDAD SÁNCHEZ,INTEC,EMAP,30.1,20.5,9.7,https://indomet.gob.do/wp-content/uploads/2026/01/temperaturas-extremas-y-precipitaciones-2026x01x07-a.pdf
2026-01-07,006,JIMA ABAJO,LA VEGA,INDOMET,EMCI,30.0,17.8,8.0,https://indomet.gob.do/wp-content/uploads/2026/01/temperaturas-extremas-y-precipitaciones-2026x01x07-a.pdf
2026-01-07,007,SABANA DE LA MAR,HATO MAYOR,INDOMET,EMCI,29.0,20.5,7.8,https://indomet.gob.do/wp-content/uploads/2026/01/temperaturas-extremas-y-precipitaciones-2026x01x07-a.pdf
2026-01-07,008,VILLA ALTAGRACIA,SAN CRISTÓBAL,ESCUELA JAVIER ANGULO GURIDI,EMCI,,,6.7,https://indomet.gob.do/wp-content/uploads/2026/01/temperaturas-extremas-y-precipitaciones-2026x01x07-a.pdf
2026-01-07,009,ARPT. ARROYO BARRIL,SAMANÁ,INDOMET,EMCI,26.5,19.0,6.3,https://indomet.gob.do/wp-content/uploads/2026/01/temperaturas-extremas-y-precipitaciones-2026x01x07-a.pdf
2026-01-07,010,SÁNCHEZ,SAMANÁ,MINISTERIO DE AGRICULTURA,EMCI,27.3,19.9,5.6,https://indomet.gob.do/wp-content/uploads/2026/01/temperaturas-extremas-y-precipitaciones-2026x01x07-a.pdf
2026-01-07,011,GASPAR HERNÁNDEZ,ESPAILLAT,PROPIEDAD DEL EMPLEADO,EMCI,,,4.2,https://indomet.gob.do/wp-content/uploads/2026/01/temperaturas-extremas-y-precipitaciones-2026x01x07-a.pdf
2026-01-07,012,BUCARA (EMA),SANTIAGO,MINISTERIO DE AGRICULTURA,EMAI,,,4.2,https://indomet.gob.do/wp-content/uploads/2026/01/temperaturas-extremas-y-precipitaciones-2026x01x07-a.pdf
2026-01-07,013,SALCEDO,HERMANAS MIRABAL,PROPIEDAD DEL EMPLEADO,EMCI,,,4.0,https://indomet.gob.do/wp-content/uploads/2026/01/temperaturas-extremas-y-precipitaciones-2026x01x07-a.pdf
2026-01-07,014,ARPT. GREGORIO LUPERÓN,PUERTO PLATA,INDOMET,EMCI,29.0,19.5,3.5,https://indomet.gob.do/wp-content/uploads/2026/01/temperaturas-extremas-y-precipitaciones-2026x01x07-a.pdf
2026-01-07,015,SAMANÁ,SAMANÁ,COMANDANCIA DE PUERTO DE SAMANÁ,EMCI,29.2,17.1,2.6,https://indomet.gob.do/wp-content/uploads/2026/01/temperaturas-extremas-y-precipitaciones-2026x01x07-a.pdf
2026-01-07,016,JARABACOA,LA VEGA,INDRHI / MARENA,EMCI,27.0,13.2,2.3,https://indomet.gob.do/wp-content/uploads/2026/01/temperaturas-extremas-y-precipitaciones-2026x01x07-a.pdf
2026-01-07,017,HATO MAYOR,HATO MAYOR,MINISTERIO DE AGRICULTURA,EMCV,,,2.3,https://indomet.gob.do/wp-content/uploads/2026/01/temperaturas-extremas-y-precipitaciones-2026x01x07-a.pdf
2026-01-07,018,PRESA DE TAVERAS (EMA),LA VEGA,PROGRAMA MUNDIAL DE ALIMENTO,EMAP,26.3,17.7,2.2,https://indomet.gob.do/wp-content/uploads/2026/01/temperaturas-extremas-y-precipitaciones-2026x01x07-a.pdf
2026-01-07,019,BONAO,MONSEÑOR NOUEL,MINISTERIO DE AGRICULTURA,EMCV,,,2.0,https://indomet.gob.do/wp-content/uploads/2026/01/temperaturas-extremas-y-precipitaciones-2026x01x07-a.pdf
2026-01-07,020,ANAMUYA (EMA),LA ALTAGRACIA,MINISTERIO DE AGRICULTURA,EMAP,28.8,20.1,2.0,https://indomet.gob.do/wp-content/uploads/2026/01/temperaturas-extremas-y-precipitaciones-2026x01x07-a.pdf
2026-01-07,021,ARPT. EL CATEY,SAMANÁ,INDOMET,EMCI,28.0,19.0,2.0,https://indomet.gob.do/wp-content/uploads/2026/01/temperaturas-extremas-y-precipitaciones-2026x01x07-a.pdf
2026-01-07,022,RÍO SAN JUAN,MARÍA TRINIDAD SÁNCHEZ,HOSP. MPAL. DR. DESIDERIO ACOSTA,EMCV,28.8,19.5,1.8,https://indomet.gob.do/wp-content/uploads/2026/01/temperaturas-extremas-y-precipitaciones-2026x01x07-a.pdf
2026-01-07,023,JUMA BEJUCAL,MONSEÑOR NOUEL,IDIAF,EMCV,28.8,17.8,1.7,https://indomet.gob.do/wp-content/uploads/2026/01/temperaturas-extremas-y-precipitaciones-2026x01x07-a.pdf
2026-01-07,024,LA VEGA,LA VEGA,IATESA,EMCI,29.5,18.5,1.6,https://indomet.gob.do/wp-content/uploads/2026/01/temperaturas-extremas-y-precipitaciones-2026x01x07-a.pdf
2026-01-07,025,GURABO,SANTIAGO,MINISTERIO DE AGRICULTURA,EMCV,,,1.0,https://indomet.gob.do/wp-content/uploads/2026/01/temperaturas-extremas-y-precipitaciones-2026x01x07-a.pdf
2026-01-07,026,PONTÓN ABAJO (EMA),LA VEGA,MINISTERIO DE AGRICULTURA,EMAP,28.8,20.1,1.0,https://indomet.gob.do/wp-content/uploads/2026/01/temperaturas-extremas-y-precipitaciones-2026x01x07-a.pdf
2026-01-07,027,BAYAGUANA,MONTE PLATA,INDOMET,EMCI,29.2,17.0,0.7,https://indomet.gob.do/wp-content/uploads/2026/01/temperaturas-extremas-y-precipitaciones-2026x01x07-a.pdf
2026-01-07,028,RANCHO ARRIBA,SAN JOSÉ DE OCOA,CENTRO TECNOLÓGICO COMUNITARIO,EMCI,23.8,11.4,0.7,https://indomet.gob.do/wp-content/uploads/2026/01/temperaturas-extremas-y-precipitaciones-2026x01x07-a.pdf
2026-01-07,029,SANTO DOMINGO ESTE,SANTO DOMINGO,INDOMET,EMCI,29.8,21.0,0.7,https://indomet.gob.do/wp-content/uploads/2026/01/temperaturas-extremas-y-precipitaciones-2026x01x07-a.pdf
2026-01-07,030,TAMBORIL,SANTIAGO,MINISTERIO DE AGRICULTURA,EMCV,,,0.5,https://indomet.gob.do/wp-content/uploads/2026/01/temperaturas-extremas-y-precipitaciones-2026x01x07-a.pdf
2026-01-07,031,SAN FRANCISCO DE MACORÍS,DUARTE,San Francisco de Macorís (UASD),EMCI,20.5,19.1,0.4,https://indomet.gob.do/wp-content/uploads/2026/01/temperaturas-extremas-y-precipitaciones-2026x01x07-a.pdf
2026-01-07,032,JARDÍN BOTÁNICO SANTIAGO (EMSANTIAGO,,JARDIN BOTANICO SANTIAGO,EMAI,28.4,19.3,0.4,https://indomet.gob.do/wp-content/uploads/2026/01/temperaturas-extremas-y-precipitaciones-2026x01x07-a.pdf
2026-01-07,033,VILLA GONZALES,SANTIAGO,MINISTERIO DE AGRICULTURA,EMCI,,,0.3,https://indomet.gob.do/wp-content/uploads/2026/01/temperaturas-extremas-y-precipitaciones-2026x01x07-a.pdf
2026-01-07,034,BOCA DE MAO (EMA),VALVERDE,MINISTERIO DE AGRICULTURA,EMAP,30.5,18.0,0.2,https://indomet.gob.do/wp-content/uploads/2026/01/temperaturas-extremas-y-precipitaciones-2026x01x07-a.pdf
2026-01-07,035,CONSTANZA,LA VEGA,MINISTERIO DE AGRICULTURA,EMCI,22.0,7.2,0.2,https://indomet.gob.do/wp-content/uploads/2026/01/temperaturas-extremas-y-precipitaciones-2026x01x07-a.pdf
2026-01-07,036,CONSTANZA (EMA),LA VEGA,PROGRAMA MUNDIAL DE ALIMENTO,EMAP,21.3,8.7,0.2,https://indomet.gob.do/wp-content/uploads/2026/01/temperaturas-extremas-y-precipitaciones-2026x01x07-a.pdf
2026-01-07,037,SAN RAFAEL DEL YUMA,LA ALTAGRACIA,MINISTERIO DE AGRICULTURA,EMCI,29.7,19.5,0.2,https://indomet.gob.do/wp-content/uploads/2026/01/temperaturas-extremas-y-precipitaciones-2026x01x07-a.pdf
2026-01-07,038,ARPT. DEL CIBAO,SANTIAGO,INDOMET,EMCI,29.0,16.5,0.1,https://indomet.gob.do/wp-content/uploads/2026/01/temperaturas-extremas-y-precipitaciones-2026x01x07-a.pdf
2026-01-07,039,ARROYO LORO,SAN JUAN,IDIAF,EMCI,30.5,14.9,0.1,https://indomet.gob.do/wp-content/uploads/2026/01/temperaturas-extremas-y-precipitaciones-2026x01x07-a.pdf
2026-01-07,040,LA VICTORIA,SANTO DOMINGO,CUERPO DE BOMBEROS,EMCI,29.5,19.8,0.1,https://indomet.gob.do/wp-content/uploads/2026/01/temperaturas-extremas-y-precipitaciones-2026x01x07-a.pdf
2026-01-07,041,ARPT. DE LA ROMANA,LA ROMANA,INDOMET,EMCI,29.5,15.4,0.0,https://indomet.gob.do/wp-content/uploads/2026/01/temperaturas-extremas-y-precipitaciones-2026x01x07-a.pdf
2026-01-07,042,ARPT. DE LAS AMÉRICAS,SANTO DOMINGO,INDOMET,EMCI,28.6,19.5,0.0,https://indomet.gob.do/wp-content/uploads/2026/01/temperaturas-extremas-y-precipitaciones-2026x01x07-a.pdf
2026-01-07,043,ARPT. DE PUNTA CANA,LA ALTAGRACIA,INDOMET,EMCI,28.8,18.0,0.0,https://indomet.gob.do/wp-content/uploads/2026/01/temperaturas-extremas-y-precipitaciones-2026x01x07-a.pdf
2026-01-07,044,ARPT. LA ISABELA,SANTO DOMINGO,INDOMET,EMCI,29.5,18.3,0.0,https://indomet.gob.do/wp-content/uploads/2026/01/temperaturas-extremas-y-precipitaciones-2026x01x07-a.pdf
2026-01-07,045,ARPT. MARÍA MONTEZ,BARAHONA,INDOMET,EMCI,31.4,20.0,0.0,https://indomet.gob.do/wp-content/uploads/2026/01/temperaturas-extremas-y-precipitaciones-2026x01x07-a.pdf
2026-01-07,046,BANI (EMA),PERAVIA,MINISTERIO DE AGRICULTURA,EMAP,29.2,22.7,0.0,https://indomet.gob.do/wp-content/uploads/2026/01/temperaturas-extremas-y-precipitaciones-2026x01x07-a.pdf
2026-01-07,047,CABRAL,BARAHONA,MINISTERIO DE AGRICULTURA,EMCV,30.9,17.6,0.0,https://indomet.gob.do/wp-content/uploads/2026/01/temperaturas-extremas-y-precipitaciones-2026x01x07-a.pdf
2026-01-07,048,CENTRO DE LOS HEROES (EMA),DISTRITO NACIONAL,MINISTERIO DE ENERGIA Y MINA,EMAP,,,0.0,https://indomet.gob.do/wp-content/uploads/2026/01/temperaturas-extremas-y-precipitaciones-2026x01x07-a.pdf
2026-01-07,049,DAJABÓN,DAJABÓN,INSTITUTO POLITÉCNICO LOYOLA,EMCI,33.9,16.5,0.0,https://indomet.gob.do/wp-content/uploads/2026/01/temperaturas-extremas-y-precipitaciones-2026x01x07-a.pdf
2026-01-07,050,ELÍAS PIÑA,ELÍAS PIÑA,MINISTERIO DE AGRICULTURA,EMCV,,,0.0,https://indomet.gob.do/wp-content/uploads/2026/01/temperaturas-extremas-y-precipitaciones-2026x01x07-a.pdf
2026-01-07,051,ENRIQUILLO,BARAHONA,MINISTERIO DE AGRICULTURA,EMCV,32.0,19.0,0.0,https://indomet.gob.do/wp-content/uploads/2026/01/temperaturas-extremas-y-precipitaciones-2026x01x07-a.pdf
2026-01-07,052,HONDO VALLE,ELÍAS PIÑA,MINISTERIO DE AGRICULTURA,EMCI,25.1,10.6,0.0,https://indomet.gob.do/wp-content/uploads/2026/01/temperaturas-extremas-y-precipitaciones-2026x01x07-a.pdf
2026-01-07,053,JARDÍN BOTÁNICO NACIONAL,DISTRITO NACIONAL,JARDÍN BOTÁNICO NACIONAL,EMCV,28.6,17.5,0.0,https://indomet.gob.do/wp-content/uploads/2026/01/temperaturas-extremas-y-precipitaciones-2026x01x07-a.pdf
2026-01-07,054,JIMANÍ,INDEPENDENCIA,MINISTERIO DE AGRICULTURA,EMCI,31.6,20.8,0.0,https://indomet.gob.do/wp-content/uploads/2026/01/temperaturas-extremas-y-precipitaciones-2026x01x07-a.pdf
2026-01-07,055,LAS CANAS (EMA),MONTE CRISTI,PROGRAMA MUNDIAL DE ALIMENTO,EMAP,26.2,19.0,0.0,https://indomet.gob.do/wp-content/uploads/2026/01/temperaturas-extremas-y-precipitaciones-2026x01x07-a.pdf
2026-01-07,056,LAS MATAS DE SANTA CRUZ (EMA,MONTE CRISTI,PROGRAMA MUNDIAL DE ALIMENTO,EMAP,,,0.0,https://indomet.gob.do/wp-content/uploads/2026/01/temperaturas-extremas-y-precipitaciones-2026x01x07-a.pdf
2026-01-07,057,LOS LLANOS,SAN PEDRO DE MACORÍS,MINISTERIO DE AGRICULTURA,EMCI,29.5,19.4,0.0,https://indomet.gob.do/wp-content/uploads/2026/01/temperaturas-extremas-y-precipitaciones-2026x01x07-a.pdf
2026-01-07,058,MAO,VALVERDE,INDRHI / MINISTERIO DE AGRICULTURA,EMCV,,,0.0,https://indomet.gob.do/wp-content/uploads/2026/01/temperaturas-extremas-y-precipitaciones-2026x01x07-a.pdf
2026-01-07,059,MONCIÓN (EMA),SANTIAGO RODRÍGUEZ,PROGRAMA MUNDIAL DE ALIMENTO,EMAP,27.2,13.6,0.0,https://indomet.gob.do/wp-content/uploads/2026/01/temperaturas-extremas-y-precipitaciones-2026x01x07-a.pdf
2026-01-07,060,MONTE CRISTI,MONTE CRISTI,INDOMET,EMCI,29.6,18.4,0.0,https://indomet.gob.do/wp-content/uploads/2026/01/temperaturas-extremas-y-precipitaciones-2026x01x07-a.pdf
2026-01-07,061,NAVARRETE,SANTIAGO,MINISTERIO DE AGRICULTURA,EMCV,,,0.0,https://indomet.gob.do/wp-content/uploads/2026/01/temperaturas-extremas-y-precipitaciones-2026x01x07-a.pdf
2026-01-07,062,OLIVARES,PEDERNALES,INDRHI,EMCI,,,0.0,https://indomet.gob.do/wp-content/uploads/2026/01/temperaturas-extremas-y-precipitaciones-2026x01x07-a.pdf
2026-01-07,063,OVIEDO,PEDERNALES,CLÍNICA RURAL OVIEDO,EMCI,31.5,19.0,0.0,https://indomet.gob.do/wp-content/uploads/2026/01/temperaturas-extremas-y-precipitaciones-2026x01x07-a.pdf
2026-01-07,064,PADRE LAS CASAS,AZUA,HOSP. NTRA. SRA. DEL CARMEN,EMCI,30.5,12.0,0.0,https://indomet.gob.do/wp-content/uploads/2026/01/temperaturas-extremas-y-precipitaciones-2026x01x07-a.pdf
2026-01-07,065,PALO ÍNDIO,PUERTO PLATA,MINISTERIO DE AGRICULTURA,EMCI,,,0.0,https://indomet.gob.do/wp-content/uploads/2026/01/temperaturas-extremas-y-precipitaciones-2026x01x07-a.pdf
2026-01-07,066,PARQUE MIRADOR SUR,DISTRITO NACIONAL,AYUNTAMIENTO,EMCV,31.5,21.0,0.0,https://indomet.gob.do/wp-content/uploads/2026/01/temperaturas-extremas-y-precipitaciones-2026x01x07-a.pdf
2026-01-07,067,PASO AL MEDIO,SAN PEDRO DE MACORÍS,INDRHI,EMCI,,,0.0,https://indomet.gob.do/wp-content/uploads/2026/01/temperaturas-extremas-y-precipitaciones-2026x01x07-a.pdf
2026-01-07,068,PEDERNALES,PEDERNALES,INDRHI,EMCI,,,0.0,https://indomet.gob.do/wp-content/uploads/2026/01/temperaturas-extremas-y-precipitaciones-2026x01x07-a.pdf
2026-01-07,069,PERALTA,AZUA,HOSP. MPAL. DE PERALTA,EMCI,28.0,14.5,0.0,https://indomet.gob.do/wp-content/uploads/2026/01/temperaturas-extremas-y-precipitaciones-2026x01x07-a.pdf
2026-01-07,070,POLO,BARAHONA,INDOCAFE,EMCI,,11.5,0.0,https://indomet.gob.do/wp-content/uploads/2026/01/temperaturas-extremas-y-precipitaciones-2026x01x07-a.pdf
2026-01-07,071,RESTAURACIÓN,DAJABÓN,MINISTERIO DE AGRICULTURA,EMCI,25.1,10.6,0.0,https://indomet.gob.do/wp-content/uploads/2026/01/temperaturas-extremas-y-precipitaciones-2026x01x07-a.pdf
2026-01-07,072,SABANETA (EMA),SANTIAGO RODRÍGUEZ,PROGRAMA MUNDIAL DE ALIMENTO,EMAP,28.9,15.5,0.0,https://indomet.gob.do/wp-content/uploads/2026/01/temperaturas-extremas-y-precipitaciones-2026x01x07-a.pdf
2026-01-07,073,SAN CRISTÓBAL,SAN CRISTÓBAL,INSTITUTO POLITÉCNICO LOYOLA,EMCI,29.0,17.2,0.0,https://indomet.gob.do/wp-content/uploads/2026/01/temperaturas-extremas-y-precipitaciones-2026x01x07-a.pdf
2026-01-07,074,SAN JOSÉ DE OCOA,SAN JOSÉ DE OCOA,HOSP. SAN JOSÉ DE OCOA,EMCI,27.2,17.3,0.0,https://indomet.gob.do/wp-content/uploads/2026/01/temperaturas-extremas-y-precipitaciones-2026x01x07-a.pdf
2026-01-07,075,SAJOMA (EMA),SANTIAGO,PLAN SIERRA,EMAI,,,0.0,https://indomet.gob.do/wp-content/uploads/2026/01/temperaturas-extremas-y-precipitaciones-2026x01x07-a.pdf
2026-01-07,076,VILLA VASQUEZ (EMA),MONTE CRISTI,JUNTA DE REGANTES,EMAI,,,0.0,https://indomet.gob.do/wp-content/uploads/2026/01/temperaturas-extremas-y-precipitaciones-2026x01x07-a.pdf
2026-01-07,077,SANTIAGO RODRÍGUEZ,SANTIAGO RODRÍGUEZ,INDOMET,EMCI,28.0,16.3,0.0,https://indomet.gob.do/wp-content/uploads/2026/01/temperaturas-extremas-y-precipitaciones-2026x01x07-a.pdf
2026-01-07,078,TÁBARA ABAJO,AZUA,INDRHI,EMCI,30.5,18.0,0.0,https://indomet.gob.do/wp-content/uploads/2026/01/temperaturas-extremas-y-precipitaciones-2026x01x07-a.pdf
2026-01-07,079,TAVERA,SANTIAGO,INDRHI,EMCI,,,0.0,https://indomet.gob.do/wp-content/uploads/2026/01/temperaturas-extremas-y-precipitaciones-2026x01x07-a.pdf
2026-01-07,080,VALLE NUEVO (EMA),LA VEGA,MARENA,EMAI,17.5,-0.9,0.0,https://indomet.gob.do/wp-content/uploads/2026/01/temperaturas-extremas-y-precipitaciones-2026x01x07-a.pdf
2026-01-07,081,VILLA ISABELA,PUERTO PLATA,MINISTERIO DE AGRICULTURA,EMCV,,,0.0,https://indomet.gob.do/wp-content/uploads/2026/01/temperaturas-extremas-y-precipitaciones-2026x01x07-a.pdf
2026-01-08,001,JARABACOA,LA VEGA,INDRHI / MARENA,EMCI,27.2,14.8,39.3,https://indomet.gob.do/wp-content/uploads/2026/01/temperaturas-extremas-y-precipitaciones-2026x01x08-a.pdf
2026-01-08,002,SÁNCHEZ,SAMANÁ,MINISTERIO DE AGRICULTURA,EMCI,28.9,20.5,27.2,https://indomet.gob.do/wp-content/uploads/2026/01/temperaturas-extremas-y-precipitaciones-2026x01x08-a.pdf
2026-01-08,003,BUCARA (EMA),SANTIAGO,MINISTERIO DE AGRICULTURA,EMAI,,,25.6,https://indomet.gob.do/wp-content/uploads/2026/01/temperaturas-extremas-y-precipitaciones-2026x01x08-a.pdf
2026-01-08,004,SABANA DE LA MAR,HATO MAYOR,INDOMET,EMCI,29.5,21.0,15.1,https://indomet.gob.do/wp-content/uploads/2026/01/temperaturas-extremas-y-precipitaciones-2026x01x08-a.pdf
2026-01-08,005,EL FACTOR (EMA),MARÍA TRINIDAD SÁNCHEZ,INTEC,EMAP,31.1,21.2,14.5,https://indomet.gob.do/wp-content/uploads/2026/01/temperaturas-extremas-y-precipitaciones-2026x01x08-a.pdf
2026-01-08,006,PALO ÍNDIO,PUERTO PLATA,MINISTERIO DE AGRICULTURA,EMCI,,,10.9,https://indomet.gob.do/wp-content/uploads/2026/01/temperaturas-extremas-y-precipitaciones-2026x01x08-a.pdf
2026-01-08,007,LA VEGA,LA VEGA,IATESA,EMCI,30.0,18.5,9.2,https://indomet.gob.do/wp-content/uploads/2026/01/temperaturas-extremas-y-precipitaciones-2026x01x08-a.pdf
2026-01-08,008,GASPAR HERNÁNDEZ,ESPAILLAT,PROPIEDAD DEL EMPLEADO,EMCI,,,8.8,https://indomet.gob.do/wp-content/uploads/2026/01/temperaturas-extremas-y-precipitaciones-2026x01x08-a.pdf
2026-01-08,009,VILLA RIVA,DUARTE,HOSP. MPAL. ALICIA DE LEGENDRE,EMCI,28.3,18.3,7.8,https://indomet.gob.do/wp-content/uploads/2026/01/temperaturas-extremas-y-precipitaciones-2026x01x08-a.pdf
2026-01-08,010,SABANA GRANDE DE BOYÁ,MONTE PLATA,MINISTERIO DE AGRICULTURA,EMCV,,,7.4,https://indomet.gob.do/wp-content/uploads/2026/01/temperaturas-extremas-y-precipitaciones-2026x01x08-a.pdf
2026-01-08,011,ALTO BANDERA (EMA),LA VEGA,INTEC,EMAP,13.7,3.3,6.4,https://indomet.gob.do/wp-content/uploads/2026/01/temperaturas-extremas-y-precipitaciones-2026x01x08-a.pdf
2026-01-08,012,BASE AÉREA DE SAN ISIDRO,SANTO DOMINGO,FUERZA AÉREA DOMINICANA,EMCV,30.0,20.1,5.0,https://indomet.gob.do/wp-content/uploads/2026/01/temperaturas-extremas-y-precipitaciones-2026x01x08-a.pdf
2026-01-08,013,JUMA BEJUCAL,MONSEÑOR NOUEL,IDIAF,EMCV,29.4,19.6,5.0,https://indomet.gob.do/wp-content/uploads/2026/01/temperaturas-extremas-y-precipitaciones-2026x01x08-a.pdf
2026-01-08,014,BONAO,MONSEÑOR NOUEL,MINISTERIO DE AGRICULTURA,EMCV,,,4.3,https://indomet.gob.do/wp-content/uploads/2026/01/temperaturas-extremas-y-precipitaciones-2026x01x08-a.pdf
2026-01-08,015,CENTRO DE LOS HEROES (EMA),DISTRITO NACIONAL,MINISTERIO DE ENERGIA Y MINA,EMAP,29.7,23.2,4.0,https://indomet.gob.do/wp-content/uploads/2026/01/temperaturas-extremas-y-precipitaciones-2026x01x08-a.pdf
2026-01-08,016,PONTÓN ABAJO (EMA),LA VEGA,MINISTERIO DE AGRICULTURA,EMAP,30.5,20.4,4.0,https://indomet.gob.do/wp-content/uploads/2026/01/temperaturas-extremas-y-precipitaciones-2026x01x08-a.pdf
2026-01-08,017,ARPT. ARROYO BARRIL,SAMANÁ,INDOMET,EMCI,29.5,20.5,3.8,https://indomet.gob.do/wp-content/uploads/2026/01/temperaturas-extremas-y-precipitaciones-2026x01x08-a.pdf
2026-01-08,018,RÍO SAN JUAN,MARÍA TRINIDAD SÁNCHEZ,HOSP. MPAL. DR. DESIDERIO ACOSTA,EMCV,28.8,20.4,3.8,https://indomet.gob.do/wp-content/uploads/2026/01/temperaturas-extremas-y-precipitaciones-2026x01x08-a.pdf
2026-01-08,019,ANAMUYA (EMA),LA ALTAGRACIA,MINISTERIO DE AGRICULTURA,EMAP,28.4,20.5,3.4,https://indomet.gob.do/wp-content/uploads/2026/01/temperaturas-extremas-y-precipitaciones-2026x01x08-a.pdf
2026-01-08,020,LOS LLANOS,SAN PEDRO DE MACORÍS,MINISTERIO DE AGRICULTURA,EMCI,29.6,20.0,3.2,https://indomet.gob.do/wp-content/uploads/2026/01/temperaturas-extremas-y-precipitaciones-2026x01x08-a.pdf
2026-01-08,021,SAMANÁ,SAMANÁ,COMANDANCIA DE PUERTO DE SAMANÁ,EMCI,29.9,17.5,3.2,https://indomet.gob.do/wp-content/uploads/2026/01/temperaturas-extremas-y-precipitaciones-2026x01x08-a.pdf
2026-01-08,022,ARPT. EL CATEY,SAMANÁ,INDOMET,EMCI,27.5,19.5,2.8,https://indomet.gob.do/wp-content/uploads/2026/01/temperaturas-extremas-y-precipitaciones-2026x01x08-a.pdf
2026-01-08,023,SALCEDO,HERMANAS MIRABAL,PROPIEDAD DEL EMPLEADO,EMCI,,,2.8,https://indomet.gob.do/wp-content/uploads/2026/01/temperaturas-extremas-y-precipitaciones-2026x01x08-a.pdf
2026-01-08,024,HATO MAYOR,HATO MAYOR,MINISTERIO DE AGRICULTURA,EMCV,,,2.8,https://indomet.gob.do/wp-content/uploads/2026/01/temperaturas-extremas-y-precipitaciones-2026x01x08-a.pdf
2026-01-08,025,PARQUE MIRADOR SUR,DISTRITO NACIONAL,AYUNTAMIENTO,EMCV,32.0,21.5,2.6,https://indomet.gob.do/wp-content/uploads/2026/01/temperaturas-extremas-y-precipitaciones-2026x01x08-a.pdf
2026-01-08,026,VILLA ALTAGRACIA,SAN CRISTÓBAL,ESCUELA JAVIER ANGULO GURIDI,EMCI,,,2.3,https://indomet.gob.do/wp-content/uploads/2026/01/temperaturas-extremas-y-precipitaciones-2026x01x08-a.pdf
2026-01-08,027,CONSTANZA,LA VEGA,MINISTERIO DE AGRICULTURA,EMCI,23.1,9.7,2.1,https://indomet.gob.do/wp-content/uploads/2026/01/temperaturas-extremas-y-precipitaciones-2026x01x08-a.pdf
2026-01-08,028,JIMA ABAJO,LA VEGA,INDOMET,EMCI,30.6,18.0,2.0,https://indomet.gob.do/wp-content/uploads/2026/01/temperaturas-extremas-y-precipitaciones-2026x01x08-a.pdf
2026-01-08,029,CONSTANZA (EMA),LA VEGA,PROGRAMA MUNDIAL DE ALIMENTO,EMAP,22.1,13.2,1.8,https://indomet.gob.do/wp-content/uploads/2026/01/temperaturas-extremas-y-precipitaciones-2026x01x08-a.pdf
2026-01-08,030,RANCHO ARRIBA,SAN JOSÉ DE OCOA,CENTRO TECNOLÓGICO COMUNITARIO,EMCI,25.6,13.8,1.8,https://indomet.gob.do/wp-content/uploads/2026/01/temperaturas-extremas-y-precipitaciones-2026x01x08-a.pdf
2026-01-08,031,MICHES (EMA),EL SEIBO,PRIVADA,EMAP,28.4,21.9,1.6,https://indomet.gob.do/wp-content/uploads/2026/01/temperaturas-extremas-y-precipitaciones-2026x01x08-a.pdf
2026-01-08,032,TAMBORIL,SANTIAGO,MINISTERIO DE AGRICULTURA,EMCV,,,1.5,https://indomet.gob.do/wp-content/uploads/2026/01/temperaturas-extremas-y-precipitaciones-2026x01x08-a.pdf
2026-01-08,033,VILLA GONZALES,SANTIAGO,MINISTERIO DE AGRICULTURA,EMCI,,,1.5,https://indomet.gob.do/wp-content/uploads/2026/01/temperaturas-extremas-y-precipitaciones-2026x01x08-a.pdf
2026-01-08,034,CABRERA,MARÍA TRINIDAD SÁNCHEZ,ESCUELA ARÍSTIDES FIALLO CABRAL,EMCI,29.5,22.2,1.5,https://indomet.gob.do/wp-content/uploads/2026/01/temperaturas-extremas-y-precipitaciones-2026x01x08-a.pdf
2026-01-08,035,PRESA DE TAVERAS (EMA),LA VEGA,PROGRAMA MUNDIAL DE ALIMENTO,EMAP,27.4,18.7,1.4,https://indomet.gob.do/wp-content/uploads/2026/01/temperaturas-extremas-y-precipitaciones-2026x01x08-a.pdf
2026-01-08,036,ARPT. DEL CIBAO,SANTIAGO,INDOMET,EMCI,29.6,16.2,1.0,https://indomet.gob.do/wp-content/uploads/2026/01/temperaturas-extremas-y-precipitaciones-2026x01x08-a.pdf
2026-01-08,037,SAN FRANCISCO DE MACORÍS,DUARTE,San Francisco de Macorís (UASD),EMCI,28.4,19.1,1.0,https://indomet.gob.do/wp-content/uploads/2026/01/temperaturas-extremas-y-precipitaciones-2026x01x08-a.pdf
2026-01-08,038,VALLE NUEVO (EMA),LA VEGA,MARENA,EMAI,17.1,3.4,0.8,https://indomet.gob.do/wp-content/uploads/2026/01/temperaturas-extremas-y-precipitaciones-2026x01x08-a.pdf
2026-01-08,039,ARPT. DE LAS AMÉRICAS,SANTO DOMINGO,INDOMET,EMCI,29.5,19.0,0.6,https://indomet.gob.do/wp-content/uploads/2026/01/temperaturas-extremas-y-precipitaciones-2026x01x08-a.pdf
2026-01-08,040,ARPT. DE PUNTA CANA,LA ALTAGRACIA,INDOMET,EMCI,29.4,21.4,0.5,https://indomet.gob.do/wp-content/uploads/2026/01/temperaturas-extremas-y-precipitaciones-2026x01x08-a.pdf
2026-01-08,041,SANTO DOMINGO ESTE,SANTO DOMINGO,INDOMET,EMCI,30.9,21.6,0.4,https://indomet.gob.do/wp-content/uploads/2026/01/temperaturas-extremas-y-precipitaciones-2026x01x08-a.pdf
2026-01-08,042,ARPT. DE LA ROMANA,LA ROMANA,INDOMET,EMCI,29.5,16.2,0.3,https://indomet.gob.do/wp-content/uploads/2026/01/temperaturas-extremas-y-precipitaciones-2026x01x08-a.pdf
2026-01-08,043,ARPT. GREGORIO LUPERÓN,PUERTO PLATA,INDOMET,EMCI,28.4,19.4,0.2,https://indomet.gob.do/wp-content/uploads/2026/01/temperaturas-extremas-y-precipitaciones-2026x01x08-a.pdf
2026-01-08,044,POLO,BARAHONA,INDOCAFE,EMCI,,,0.2,https://indomet.gob.do/wp-content/uploads/2026/01/temperaturas-extremas-y-precipitaciones-2026x01x08-a.pdf
2026-01-08,045,NAVARRETE,SANTIAGO,MINISTERIO DE AGRICULTURA,EMCV,,,0.1,https://indomet.gob.do/wp-content/uploads/2026/01/temperaturas-extremas-y-precipitaciones-2026x01x08-a.pdf
2026-01-08,046,ARROYO LORO,SAN JUAN,IDIAF,EMCI,30.4,15.5,0.1,https://indomet.gob.do/wp-content/uploads/2026/01/temperaturas-extremas-y-precipitaciones-2026x01x08-a.pdf
2026-01-08,047,ARPT. LA ISABELA,SANTO DOMINGO,INDOMET,EMCI,29.6,19.5,0.0,https://indomet.gob.do/wp-content/uploads/2026/01/temperaturas-extremas-y-precipitaciones-2026x01x08-a.pdf
2026-01-08,048,ARPT. MARÍA MONTEZ,BARAHONA,INDOMET,EMCI,31.5,18.4,0.0,https://indomet.gob.do/wp-content/uploads/2026/01/temperaturas-extremas-y-precipitaciones-2026x01x08-a.pdf
2026-01-08,049,BANI (EMA),PERAVIA,MINISTERIO DE AGRICULTURA,EMAP,30.3,,0.0,https://indomet.gob.do/wp-content/uploads/2026/01/temperaturas-extremas-y-precipitaciones-2026x01x08-a.pdf
2026-01-08,050,BAYAGUANA,MONTE PLATA,INDOMET,EMCI,29.6,17.9,0.0,https://indomet.gob.do/wp-content/uploads/2026/01/temperaturas-extremas-y-precipitaciones-2026x01x08-a.pdf
2026-01-08,051,BOCA DE MAO (EMA),VALVERDE,MINISTERIO DE AGRICULTURA,EMAP,30.7,19.7,0.0,https://indomet.gob.do/wp-content/uploads/2026/01/temperaturas-extremas-y-precipitaciones-2026x01x08-a.pdf
2026-01-08,052,CABRAL,BARAHONA,MINISTERIO DE AGRICULTURA,EMCV,31.0,18.9,0.0,https://indomet.gob.do/wp-content/uploads/2026/01/temperaturas-extremas-y-precipitaciones-2026x01x08-a.pdf
2026-01-08,053,DAJABÓN,DAJABÓN,INSTITUTO POLITÉCNICO LOYOLA,EMCI,34.1,15.4,0.0,https://indomet.gob.do/wp-content/uploads/2026/01/temperaturas-extremas-y-precipitaciones-2026x01x08-a.pdf
2026-01-08,054,EL CERCADO,SAN JUAN,MINISTERIO DE AGRICULTURA,EMCV,,,0.0,https://indomet.gob.do/wp-content/uploads/2026/01/temperaturas-extremas-y-precipitaciones-2026x01x08-a.pdf
2026-01-08,055,ELÍAS PIÑA,ELÍAS PIÑA,MINISTERIO DE AGRICULTURA,EMCV,,,0.0,https://indomet.gob.do/wp-content/uploads/2026/01/temperaturas-extremas-y-precipitaciones-2026x01x08-a.pdf
2026-01-08,056,ENRIQUILLO,BARAHONA,MINISTERIO DE AGRICULTURA,EMCV,32.0,19.2,0.0,https://indomet.gob.do/wp-content/uploads/2026/01/temperaturas-extremas-y-precipitaciones-2026x01x08-a.pdf
2026-01-08,057,ESCONDIDO,PERAVIA,MINISTERIO DE AGRICULTURA,EMCV,30.0,23.0,0.0,https://indomet.gob.do/wp-content/uploads/2026/01/temperaturas-extremas-y-precipitaciones-2026x01x08-a.pdf
2026-01-08,058,GURABO,SANTIAGO,MINISTERIO DE AGRICULTURA,EMCV,,,0.0,https://indomet.gob.do/wp-content/uploads/2026/01/temperaturas-extremas-y-precipitaciones-2026x01x08-a.pdf
2026-01-08,059,HONDO VALLE,ELÍAS PIÑA,MINISTERIO DE AGRICULTURA,EMCI,25.5,11.6,0.0,https://indomet.gob.do/wp-content/uploads/2026/01/temperaturas-extremas-y-precipitaciones-2026x01x08-a.pdf
2026-01-08,060,JARDÍN BOTÁNICO NACIONAL,DISTRITO NACIONAL,JARDÍN BOTÁNICO NACIONAL,EMCV,28.6,17.5,0.0,https://indomet.gob.do/wp-content/uploads/2026/01/temperaturas-extremas-y-precipitaciones-2026x01x08-a.pdf
2026-01-08,061,JARDÍN BOTÁNICO SANTIAGO (EMSANTIAGO,,JARDIN BOTANICO SANTIAGO,EMAI,28.2,20.1,0.0,https://indomet.gob.do/wp-content/uploads/2026/01/temperaturas-extremas-y-precipitaciones-2026x01x08-a.pdf
2026-01-08,062,JIMANÍ,INDEPENDENCIA,MINISTERIO DE AGRICULTURA,EMCI,32.0,21.2,0.0,https://indomet.gob.do/wp-content/uploads/2026/01/temperaturas-extremas-y-precipitaciones-2026x01x08-a.pdf
2026-01-08,063,LA VICTORIA,SANTO DOMINGO,CUERPO DE BOMBEROS,EMCI,30.8,20.5,0.0,https://indomet.gob.do/wp-content/uploads/2026/01/temperaturas-extremas-y-precipitaciones-2026x01x08-a.pdf
2026-01-08,064,LAS CANAS (EMA),MONTE CRISTI,PROGRAMA MUNDIAL DE ALIMENTO,EMAP,,,0.0,https://indomet.gob.do/wp-content/uploads/2026/01/temperaturas-extremas-y-precipitaciones-2026x01x08-a.pdf
2026-01-08,065,LAS MATAS DE SANTA CRUZ (EMA,MONTE CRISTI,PROGRAMA MUNDIAL DE ALIMENTO,EMAP,,,0.0,https://indomet.gob.do/wp-content/uploads/2026/01/temperaturas-extremas-y-precipitaciones-2026x01x08-a.pdf
2026-01-08,066,MAO,VALVERDE,INDRHI / MINISTERIO DE AGRICULTURA,EMCV,,,0.0,https://indomet.gob.do/wp-content/uploads/2026/01/temperaturas-extremas-y-precipitaciones-2026x01x08-a.pdf
2026-01-08,067,MONCIÓN (EMA),SANTIAGO RODRÍGUEZ,PROGRAMA MUNDIAL DE ALIMENTO,EMAP,29.0,17.0,0.0,https://indomet.gob.do/wp-content/uploads/2026/01/temperaturas-extremas-y-precipitaciones-2026x01x08-a.pdf
2026-01-08,068,OLIVARES,PEDERNALES,INDRHI,EMCI,,,0.0,https://indomet.gob.do/wp-content/uploads/2026/01/temperaturas-extremas-y-precipitaciones-2026x01x08-a.pdf
2026-01-08,069,OVIEDO,PEDERNALES,CLÍNICA RURAL OVIEDO,EMCI,30.9,17.5,0.0,https://indomet.gob.do/wp-content/uploads/2026/01/temperaturas-extremas-y-precipitaciones-2026x01x08-a.pdf
2026-01-08,070,PADRE LAS CASAS,AZUA,HOSP. NTRA. SRA. DEL CARMEN,EMCI,31.8,12.5,0.0,https://indomet.gob.do/wp-content/uploads/2026/01/temperaturas-extremas-y-precipitaciones-2026x01x08-a.pdf
2026-01-08,071,PEDERNALES,PEDERNALES,INDRHI,EMCI,,,0.0,https://indomet.gob.do/wp-content/uploads/2026/01/temperaturas-extremas-y-precipitaciones-2026x01x08-a.pdf
2026-01-08,072,PERALTA,AZUA,HOSP. MPAL. DE PERALTA,EMCI,29.0,14.5,0.0,https://indomet.gob.do/wp-content/uploads/2026/01/temperaturas-extremas-y-precipitaciones-2026x01x08-a.pdf
2026-01-08,073,PESCADERIA (EMA),BARAHONA,MINISTERIO DE AGRICULTURA,EMAP,,,0.0,https://indomet.gob.do/wp-content/uploads/2026/01/temperaturas-extremas-y-precipitaciones-2026x01x08-a.pdf
2026-01-08,074,RESTAURACIÓN,DAJABÓN,MINISTERIO DE AGRICULTURA,EMCI,26.4,11.9,0.0,https://indomet.gob.do/wp-content/uploads/2026/01/temperaturas-extremas-y-precipitaciones-2026x01x08-a.pdf
2026-01-08,075,SABANETA (EMA),SANTIAGO RODRÍGUEZ,PROGRAMA MUNDIAL DE ALIMENTO,EMAP,29.3,17.7,0.0,https://indomet.gob.do/wp-content/uploads/2026/01/temperaturas-extremas-y-precipitaciones-2026x01x08-a.pdf
2026-01-08,076,SAJOMA (EMA),SANTIAGO,PLAN SIERRA,EMAI,28.1,19.8,0.0,https://indomet.gob.do/wp-content/uploads/2026/01/temperaturas-extremas-y-precipitaciones-2026x01x08-a.pdf
2026-01-08,077,SAN CRISTÓBAL,SAN CRISTÓBAL,INSTITUTO POLITÉCNICO LOYOLA,EMCI,30.0,21.0,0.0,https://indomet.gob.do/wp-content/uploads/2026/01/temperaturas-extremas-y-precipitaciones-2026x01x08-a.pdf
2026-01-08,078,SAN JOSÉ DE OCOA,SAN JOSÉ DE OCOA,HOSP. SAN JOSÉ DE OCOA,EMCI,28.3,16.4,0.0,https://indomet.gob.do/wp-content/uploads/2026/01/temperaturas-extremas-y-precipitaciones-2026x01x08-a.pdf
2026-01-08,079,SAN RAFAEL DEL YUMA,LA ALTAGRACIA,MINISTERIO DE AGRICULTURA,EMCI,29.6,19.7,0.0,https://indomet.gob.do/wp-content/uploads/2026/01/temperaturas-extremas-y-precipitaciones-2026x01x08-a.pdf
2026-01-08,080,SANTIAGO RODRÍGUEZ,SANTIAGO RODRÍGUEZ,INDOMET,EMCI,29.5,18.0,0.0,https://indomet.gob.do/wp-content/uploads/2026/01/temperaturas-extremas-y-precipitaciones-2026x01x08-a.pdf
2026-01-08,081,TÁBARA ABAJO,AZUA,INDRHI,EMCI,32.0,19.0,0.0,https://indomet.gob.do/wp-content/uploads/2026/01/temperaturas-extremas-y-precipitaciones-2026x01x08-a.pdf
2026-01-08,082,VILLA VASQUEZ (EMA),MONTE CRISTI,JUNTA DE REGANTES,EMAI,,,0.0,https://indomet.gob.do/wp-content/uploads/2026/01/temperaturas-extremas-y-precipitaciones-2026x01x08-a.pdf
2026-01-09,001,ARPT. EL CATEY,SAMANÁ,INDOMET,EMCI,28.0,18.4,37.2,https://indomet.gob.do/wp-content/uploads/2026/01/temperaturas-extremas-y-precipitaciones-2026x01x09-a.pdf
2026-01-09,002,PALO ÍNDIO,PUERTO PLATA,MINISTERIO DE AGRICULTURA,EMCI,,,37.1,https://indomet.gob.do/wp-content/uploads/2026/01/temperaturas-extremas-y-precipitaciones-2026x01x09-a.pdf
2026-01-09,003,ALTO BANDERA (EMA),LA VEGA,INTEC,EMAP,11.2,2.2,25.1,https://indomet.gob.do/wp-content/uploads/2026/01/temperaturas-extremas-y-precipitaciones-2026x01x09-a.pdf
2026-01-09,004,EL FACTOR (EMA),MARÍA TRINIDAD SÁNCHEZ,INTEC,EMAP,28.4,21.2,24.4,https://indomet.gob.do/wp-content/uploads/2026/01/temperaturas-extremas-y-precipitaciones-2026x01x09-a.pdf
2026-01-09,005,GASPAR HERNÁNDEZ,ESPAILLAT,PROPIEDAD DEL EMPLEADO,EMCI,,,20.0,https://indomet.gob.do/wp-content/uploads/2026/01/temperaturas-extremas-y-precipitaciones-2026x01x09-a.pdf
2026-01-09,006,JARABACOA,LA VEGA,INDRHI / MARENA,EMCI,21.8,14.6,19.8,https://indomet.gob.do/wp-content/uploads/2026/01/temperaturas-extremas-y-precipitaciones-2026x01x09-a.pdf
2026-01-09,007,SAMANÁ,SAMANÁ,COMANDANCIA DE PUERTO DE SAMANÁ,EMCI,28.6,17.2,19.4,https://indomet.gob.do/wp-content/uploads/2026/01/temperaturas-extremas-y-precipitaciones-2026x01x09-a.pdf
2026-01-09,008,SÁNCHEZ,SAMANÁ,MINISTERIO DE AGRICULTURA,EMCI,25.9,20.0,16.0,https://indomet.gob.do/wp-content/uploads/2026/01/temperaturas-extremas-y-precipitaciones-2026x01x09-a.pdf
2026-01-09,009,LUPERÓN,PUERTO PLATA,MINISTERIO DE AGRICULTURA,EMCV,,,15.5,https://indomet.gob.do/wp-content/uploads/2026/01/temperaturas-extremas-y-precipitaciones-2026x01x09-a.pdf
2026-01-09,010,ARPT. ARROYO BARRIL,SAMANÁ,INDOMET,EMCI,27.0,20.8,15.3,https://indomet.gob.do/wp-content/uploads/2026/01/temperaturas-extremas-y-precipitaciones-2026x01x09-a.pdf
2026-01-09,011,SALCEDO,HERMANAS MIRABAL,PROPIEDAD DEL EMPLEADO,EMCI,,,15.0,https://indomet.gob.do/wp-content/uploads/2026/01/temperaturas-extremas-y-precipitaciones-2026x01x09-a.pdf
2026-01-09,012,ARPT. DE LAS AMÉRICAS,SANTO DOMINGO,INDOMET,EMCI,29.5,19.5,14.0,https://indomet.gob.do/wp-content/uploads/2026/01/temperaturas-extremas-y-precipitaciones-2026x01x09-a.pdf
2026-01-09,013,BONAO,MONSEÑOR NOUEL,MINISTERIO DE AGRICULTURA,EMCV,,,14.0,https://indomet.gob.do/wp-content/uploads/2026/01/temperaturas-extremas-y-precipitaciones-2026x01x09-a.pdf
2026-01-09,014,VILLA ALTAGRACIA,SAN CRISTÓBAL,ESCUELA JAVIER ANGULO GURIDI,EMCI,,,13.5,https://indomet.gob.do/wp-content/uploads/2026/01/temperaturas-extremas-y-precipitaciones-2026x01x09-a.pdf
2026-01-09,015,JUMA BEJUCAL,MONSEÑOR NOUEL,IDIAF,EMCV,25.2,19.4,13.1,https://indomet.gob.do/wp-content/uploads/2026/01/temperaturas-extremas-y-precipitaciones-2026x01x09-a.pdf
2026-01-09,016,LA VEGA,LA VEGA,IATESA,EMCI,24.0,19.0,12.1,https://indomet.gob.do/wp-content/uploads/2026/01/temperaturas-extremas-y-precipitaciones-2026x01x09-a.pdf
2026-01-09,017,CONSTANZA,LA VEGA,MINISTERIO DE AGRICULTURA,EMCI,22.1,9.5,11.9,https://indomet.gob.do/wp-content/uploads/2026/01/temperaturas-extremas-y-precipitaciones-2026x01x09-a.pdf
2026-01-09,018,TÁBARA ABAJO,AZUA,INDRHI,EMCI,31.7,18.0,10.2,https://indomet.gob.do/wp-content/uploads/2026/01/temperaturas-extremas-y-precipitaciones-2026x01x09-a.pdf
2026-01-09,019,ARPT. DEL CIBAO,SANTIAGO,INDOMET,EMCI,25.5,16.5,9.4,https://indomet.gob.do/wp-content/uploads/2026/01/temperaturas-extremas-y-precipitaciones-2026x01x09-a.pdf
2026-01-09,020,RÍO SAN JUAN,MARÍA TRINIDAD SÁNCHEZ,HOSP. MPAL. DR. DESIDERIO ACOSTA,EMCV,26.5,20.0,9.2,https://indomet.gob.do/wp-content/uploads/2026/01/temperaturas-extremas-y-precipitaciones-2026x01x09-a.pdf
2026-01-09,021,JIMA ABAJO,LA VEGA,INDOMET,EMCI,30.0,17.5,8.4,https://indomet.gob.do/wp-content/uploads/2026/01/temperaturas-extremas-y-precipitaciones-2026x01x09-a.pdf
2026-01-09,022,SABANA DE LA MAR,HATO MAYOR,INDOMET,EMCI,29.0,20.5,8.3,https://indomet.gob.do/wp-content/uploads/2026/01/temperaturas-extremas-y-precipitaciones-2026x01x09-a.pdf
2026-01-09,023,CONSTANZA (EMA),LA VEGA,PROGRAMA MUNDIAL DE ALIMENTO,EMAP,,,8.2,https://indomet.gob.do/wp-content/uploads/2026/01/temperaturas-extremas-y-precipitaciones-2026x01x09-a.pdf
2026-01-09,024,PONTÓN ABAJO (EMA),LA VEGA,MINISTERIO DE AGRICULTURA,EMAP,,,8.2,https://indomet.gob.do/wp-content/uploads/2026/01/temperaturas-extremas-y-precipitaciones-2026x01x09-a.pdf
2026-01-09,025,PRESA DE TAVERAS (EMA),LA VEGA,PROGRAMA MUNDIAL DE ALIMENTO,EMAP,,,8.0,https://indomet.gob.do/wp-content/uploads/2026/01/temperaturas-extremas-y-precipitaciones-2026x01x09-a.pdf
2026-01-09,026,RANCHO ARRIBA,SAN JOSÉ DE OCOA,CENTRO TECNOLÓGICO COMUNITARIO,EMCI,24.4,16.3,7.5,https://indomet.gob.do/wp-content/uploads/2026/01/temperaturas-extremas-y-precipitaciones-2026x01x09-a.pdf
2026-01-09,027,ARPT. GREGORIO LUPERÓN,PUERTO PLATA,INDOMET,EMCI,25.5,21.0,6.8,https://indomet.gob.do/wp-content/uploads/2026/01/temperaturas-extremas-y-precipitaciones-2026x01x09-a.pdf
2026-01-09,028,SANTO DOMINGO ESTE,SANTO DOMINGO,INDOMET,EMCI,29.0,22.0,6.8,https://indomet.gob.do/wp-content/uploads/2026/01/temperaturas-extremas-y-precipitaciones-2026x01x09-a.pdf
2026-01-09,029,VALLE NUEVO (EMA),LA VEGA,MARENA,EMAI,14.8,3.8,6.4,https://indomet.gob.do/wp-content/uploads/2026/01/temperaturas-extremas-y-precipitaciones-2026x01x09-a.pdf
2026-01-09,030,POLO,BARAHONA,INDOCAFE,EMCI,,13.2,6.3,https://indomet.gob.do/wp-content/uploads/2026/01/temperaturas-extremas-y-precipitaciones-2026x01x09-a.pdf
2026-01-09,031,LA VICTORIA,SANTO DOMINGO,CUERPO DE BOMBEROS,EMCI,30.0,20.2,6.2,https://indomet.gob.do/wp-content/uploads/2026/01/temperaturas-extremas-y-precipitaciones-2026x01x09-a.pdf
2026-01-09,032,NAVARRETE,SANTIAGO,MINISTERIO DE AGRICULTURA,EMCV,,,5.8,https://indomet.gob.do/wp-content/uploads/2026/01/temperaturas-extremas-y-precipitaciones-2026x01x09-a.pdf
2026-01-09,033,GURABO,SANTIAGO,MINISTERIO DE AGRICULTURA,EMCV,,,4.6,https://indomet.gob.do/wp-content/uploads/2026/01/temperaturas-extremas-y-precipitaciones-2026x01x09-a.pdf
2026-01-09,034,PERALTA,AZUA,HOSP. MPAL. DE PERALTA,EMCI,28.3,15.7,4.0,https://indomet.gob.do/wp-content/uploads/2026/01/temperaturas-extremas-y-precipitaciones-2026x01x09-a.pdf
2026-01-09,035,SABANA GRANDE DE BOYÁ,MONTE PLATA,MINISTERIO DE AGRICULTURA,EMCV,,,3.8,https://indomet.gob.do/wp-content/uploads/2026/01/temperaturas-extremas-y-precipitaciones-2026x01x09-a.pdf
2026-01-09,036,VILLA GONZALES,SANTIAGO,MINISTERIO DE AGRICULTURA,EMCI,,,3.8,https://indomet.gob.do/wp-content/uploads/2026/01/temperaturas-extremas-y-precipitaciones-2026x01x09-a.pdf
2026-01-09,037,CABRERA,MARÍA TRINIDAD SÁNCHEZ,ESCUELA ARÍSTIDES FIALLO CABRAL,EMCI,27.0,22.9,3.0,https://indomet.gob.do/wp-content/uploads/2026/01/temperaturas-extremas-y-precipitaciones-2026x01x09-a.pdf
2026-01-09,038,MAO,VALVERDE,INDRHI / MINISTERIO DE AGRICULTURA,EMCV,,,2.9,https://indomet.gob.do/wp-content/uploads/2026/01/temperaturas-extremas-y-precipitaciones-2026x01x09-a.pdf
2026-01-09,039,CENTRO DE LOS HEROES (EMA),DISTRITO NACIONAL,MINISTERIO DE ENERGIA Y MINA,EMAP,,,2.4,https://indomet.gob.do/wp-content/uploads/2026/01/temperaturas-extremas-y-precipitaciones-2026x01x09-a.pdf
2026-01-09,040,ARPT. LA ISABELA,SANTO DOMINGO,INDOMET,EMCI,29.2,20.1,2.3,https://indomet.gob.do/wp-content/uploads/2026/01/temperaturas-extremas-y-precipitaciones-2026x01x09-a.pdf
2026-01-09,041,MICHES (EMA),EL SEIBO,PRIVADA,EMAP,,,2.2,https://indomet.gob.do/wp-content/uploads/2026/01/temperaturas-extremas-y-precipitaciones-2026x01x09-a.pdf
2026-01-09,042,JIMANÍ,INDEPENDENCIA,MINISTERIO DE AGRICULTURA,EMCI,32.6,20.2,1.3,https://indomet.gob.do/wp-content/uploads/2026/01/temperaturas-extremas-y-precipitaciones-2026x01x09-a.pdf
2026-01-09,043,ANAMUYA (EMA),LA ALTAGRACIA,MINISTERIO DE AGRICULTURA,EMAP,,,0.8,https://indomet.gob.do/wp-content/uploads/2026/01/temperaturas-extremas-y-precipitaciones-2026x01x09-a.pdf
2026-01-09,044,CABRAL,BARAHONA,MINISTERIO DE AGRICULTURA,EMCV,32.5,20.2,0.8,https://indomet.gob.do/wp-content/uploads/2026/01/temperaturas-extremas-y-precipitaciones-2026x01x09-a.pdf
2026-01-09,045,MONTE CRISTI,MONTE CRISTI,INDOMET,EMCI,28.0,20.0,0.7,https://indomet.gob.do/wp-content/uploads/2026/01/temperaturas-extremas-y-precipitaciones-2026x01x09-a.pdf
2026-01-09,046,PADRE LAS CASAS,AZUA,HOSP. NTRA. SRA. DEL CARMEN,EMCI,30.5,14.5,0.6,https://indomet.gob.do/wp-content/uploads/2026/01/temperaturas-extremas-y-precipitaciones-2026x01x09-a.pdf
2026-01-09,047,SAN JOSÉ DE OCOA,SAN JOSÉ DE OCOA,HOSP. SAN JOSÉ DE OCOA,EMCI,29.3,17.5,0.6,https://indomet.gob.do/wp-content/uploads/2026/01/temperaturas-extremas-y-precipitaciones-2026x01x09-a.pdf
2026-01-09,048,SAN RAFAEL DEL YUMA,LA ALTAGRACIA,MINISTERIO DE AGRICULTURA,EMCI,29.4,20.3,0.5,https://indomet.gob.do/wp-content/uploads/2026/01/temperaturas-extremas-y-precipitaciones-2026x01x09-a.pdf
2026-01-09,049,LOS LLANOS,SAN PEDRO DE MACORÍS,MINISTERIO DE AGRICULTURA,EMCI,29.7,19.5,0.4,https://indomet.gob.do/wp-content/uploads/2026/01/temperaturas-extremas-y-precipitaciones-2026x01x09-a.pdf
2026-01-09,050,OVIEDO,PEDERNALES,CLÍNICA RURAL OVIEDO,EMCI,30.0,19.0,0.4,https://indomet.gob.do/wp-content/uploads/2026/01/temperaturas-extremas-y-precipitaciones-2026x01x09-a.pdf
2026-01-09,051,HATO MAYOR,HATO MAYOR,MINISTERIO DE AGRICULTURA,EMCV,,,0.3,https://indomet.gob.do/wp-content/uploads/2026/01/temperaturas-extremas-y-precipitaciones-2026x01x09-a.pdf
2026-01-09,052,ARPT. MARÍA MONTEZ,BARAHONA,INDOMET,EMCI,33.1,20.0,0.2,https://indomet.gob.do/wp-content/uploads/2026/01/temperaturas-extremas-y-precipitaciones-2026x01x09-a.pdf
2026-01-09,053,ARPT. DE LA ROMANA,LA ROMANA,INDOMET,EMCI,29.5,18.2,0.0,https://indomet.gob.do/wp-content/uploads/2026/01/temperaturas-extremas-y-precipitaciones-2026x01x09-a.pdf
2026-01-09,054,ARPT. DE PUNTA CANA,LA ALTAGRACIA,INDOMET,EMCI,28.2,22.0,0.0,https://indomet.gob.do/wp-content/uploads/2026/01/temperaturas-extremas-y-precipitaciones-2026x01x09-a.pdf
2026-01-09,055,ARROYO LORO,SAN JUAN,IDIAF,EMCI,30.7,15.4,0.0,https://indomet.gob.do/wp-content/uploads/2026/01/temperaturas-extremas-y-precipitaciones-2026x01x09-a.pdf
2026-01-09,056,BANI (EMA),PERAVIA,MINISTERIO DE AGRICULTURA,EMAP,30.7,23.8,0.0,https://indomet.gob.do/wp-content/uploads/2026/01/temperaturas-extremas-y-precipitaciones-2026x01x09-a.pdf
2026-01-09,057,BAYAGUANA,MONTE PLATA,INDOMET,EMCI,29.4,19.6,0.0,https://indomet.gob.do/wp-content/uploads/2026/01/temperaturas-extremas-y-precipitaciones-2026x01x09-a.pdf
2026-01-09,058,BOCA DE MAO (EMA),VALVERDE,MINISTERIO DE AGRICULTURA,EMAP,,,0.0,https://indomet.gob.do/wp-content/uploads/2026/01/temperaturas-extremas-y-precipitaciones-2026x01x09-a.pdf
2026-01-09,059,DAJABÓN,DAJABÓN,INSTITUTO POLITÉCNICO LOYOLA,EMCI,33.4,16.1,0.0,https://indomet.gob.do/wp-content/uploads/2026/01/temperaturas-extremas-y-precipitaciones-2026x01x09-a.pdf
2026-01-09,060,ENRIQUILLO,BARAHONA,MINISTERIO DE AGRICULTURA,EMCV,31.8,19.0,0.0,https://indomet.gob.do/wp-content/uploads/2026/01/temperaturas-extremas-y-precipitaciones-2026x01x09-a.pdf
2026-01-09,061,HONDO VALLE,ELÍAS PIÑA,MINISTERIO DE AGRICULTURA,EMCI,25.9,11.5,0.0,https://indomet.gob.do/wp-content/uploads/2026/01/temperaturas-extremas-y-precipitaciones-2026x01x09-a.pdf
2026-01-09,062,LAS MATAS DE SANTA CRUZ (EMA,MONTE CRISTI,PROGRAMA MUNDIAL DE ALIMENTO,EMAP,,,0.0,https://indomet.gob.do/wp-content/uploads/2026/01/temperaturas-extremas-y-precipitaciones-2026x01x09-a.pdf
2026-01-09,063,MONCIÓN (EMA),SANTIAGO RODRÍGUEZ,PROGRAMA MUNDIAL DE ALIMENTO,EMAP,25.4,16.5,0.0,https://indomet.gob.do/wp-content/uploads/2026/01/temperaturas-extremas-y-precipitaciones-2026x01x09-a.pdf
2026-01-09,064,OLIVARES,PEDERNALES,INDRHI,EMCI,,,0.0,https://indomet.gob.do/wp-content/uploads/2026/01/temperaturas-extremas-y-precipitaciones-2026x01x09-a.pdf
2026-01-09,065,PEDERNALES,PEDERNALES,INDRHI,EMCI,,,0.0,https://indomet.gob.do/wp-content/uploads/2026/01/temperaturas-extremas-y-precipitaciones-2026x01x09-a.pdf
2026-01-09,066,RESTAURACIÓN,DAJABÓN,MINISTERIO DE AGRICULTURA,EMCI,24.0,12.3,0.0,https://indomet.gob.do/wp-content/uploads/2026/01/temperaturas-extremas-y-precipitaciones-2026x01x09-a.pdf
2026-01-09,067,SABANETA (EMA),SANTIAGO RODRÍGUEZ,PROGRAMA MUNDIAL DE ALIMENTO,EMAP,28.6,18.1,0.0,https://indomet.gob.do/wp-content/uploads/2026/01/temperaturas-extremas-y-precipitaciones-2026x01x09-a.pdf
2026-01-09,068,SAN CRISTÓBAL,SAN CRISTÓBAL,INSTITUTO POLITÉCNICO LOYOLA,EMCI,29.2,21.2,0.0,https://indomet.gob.do/wp-content/uploads/2026/01/temperaturas-extremas-y-precipitaciones-2026x01x09-a.pdf
2026-01-09,069,SANTIAGO RODRÍGUEZ,SANTIAGO RODRÍGUEZ,INDOMET,EMCI,29.7,18.5,0.0,https://indomet.gob.do/wp-content/uploads/2026/01/temperaturas-extremas-y-precipitaciones-2026x01x09-a.pdf
2026-01-10,001,CABRERA,MARÍA TRINIDAD SÁNCHEZ,ESCUELA ARÍSTIDES FIALLO CABRAL,EMCI,30.5,22.8,33.4,https://indomet.gob.do/wp-content/uploads/2026/01/temperaturas-extremas-y-precipitaciones-2026x01x10-a.pdf
2026-01-10,002,BASE AÉREA DE SAN ISIDRO,SANTO DOMINGO,FUERZA AÉREA DOMINICANA,EMCV,29.1,20.0,25.0,https://indomet.gob.do/wp-content/uploads/2026/01/temperaturas-extremas-y-precipitaciones-2026x01x10-a.pdf
2026-01-10,003,SÁNCHEZ,SAMANÁ,MINISTERIO DE AGRICULTURA,EMCI,26.7,19.9,24.4,https://indomet.gob.do/wp-content/uploads/2026/01/temperaturas-extremas-y-precipitaciones-2026x01x10-a.pdf
2026-01-10,004,CENTRO DE LOS HEROES (EMA),DISTRITO NACIONAL,MINISTERIO DE ENERGIA Y MINA,EMAP,29.7,22.9,23.2,https://indomet.gob.do/wp-content/uploads/2026/01/temperaturas-extremas-y-precipitaciones-2026x01x10-a.pdf
2026-01-10,005,SABANA DE LA MAR,HATO MAYOR,INDOMET,EMCI,29.0,21.5,21.7,https://indomet.gob.do/wp-content/uploads/2026/01/temperaturas-extremas-y-precipitaciones-2026x01x10-a.pdf
2026-01-10,006,ARPT. EL CATEY,SAMANÁ,INDOMET,EMCI,27.0,20.5,21.0,https://indomet.gob.do/wp-content/uploads/2026/01/temperaturas-extremas-y-precipitaciones-2026x01x10-a.pdf
2026-01-10,007,ARPT. GREGORIO LUPERÓN,PUERTO PLATA,INDOMET,EMCI,28.2,18.5,18.6,https://indomet.gob.do/wp-content/uploads/2026/01/temperaturas-extremas-y-precipitaciones-2026x01x10-a.pdf
2026-01-10,008,PALO ÍNDIO,PUERTO PLATA,MINISTERIO DE AGRICULTURA,EMCI,,,16.5,https://indomet.gob.do/wp-content/uploads/2026/01/temperaturas-extremas-y-precipitaciones-2026x01x10-a.pdf
2026-01-10,009,GASPAR HERNÁNDEZ,ESPAILLAT,PROPIEDAD DEL EMPLEADO,EMCI,,,16.0,https://indomet.gob.do/wp-content/uploads/2026/01/temperaturas-extremas-y-precipitaciones-2026x01x10-a.pdf
2026-01-10,010,ARPT. LA ISABELA,SANTO DOMINGO,INDOMET,EMCI,30.2,22.0,15.3,https://indomet.gob.do/wp-content/uploads/2026/01/temperaturas-extremas-y-precipitaciones-2026x01x10-a.pdf
2026-01-10,011,SAMANÁ,SAMANÁ,COMANDANCIA DE PUERTO DE SAMANÁ,EMCI,29.8,17.5,15.0,https://indomet.gob.do/wp-content/uploads/2026/01/temperaturas-extremas-y-precipitaciones-2026x01x10-a.pdf
2026-01-10,012,RÍO SAN JUAN,MARÍA TRINIDAD SÁNCHEZ,HOSP. MPAL. DR. DESIDERIO ACOSTA,EMCV,29.5,21.6,14.8,https://indomet.gob.do/wp-content/uploads/2026/01/temperaturas-extremas-y-precipitaciones-2026x01x10-a.pdf
2026-01-10,013,EL FACTOR (EMA),MARÍA TRINIDAD SÁNCHEZ,INTEC,EMAP,30.6,21.4,13.2,https://indomet.gob.do/wp-content/uploads/2026/01/temperaturas-extremas-y-precipitaciones-2026x01x10-a.pdf
2026-01-10,014,ARPT. ARROYO BARRIL,SAMANÁ,INDOMET,EMCI,28.0,21.4,12.2,https://indomet.gob.do/wp-content/uploads/2026/01/temperaturas-extremas-y-precipitaciones-2026x01x10-a.pdf
2026-01-10,015,VILLA ALTAGRACIA,SAN CRISTÓBAL,ESCUELA JAVIER ANGULO GURIDI,EMCI,,,10.2,https://indomet.gob.do/wp-content/uploads/2026/01/temperaturas-extremas-y-precipitaciones-2026x01x10-a.pdf
2026-01-10,016,SANTO DOMINGO ESTE,SANTO DOMINGO,INDOMET,EMCI,30.6,22.0,8.6,https://indomet.gob.do/wp-content/uploads/2026/01/temperaturas-extremas-y-precipitaciones-2026x01x10-a.pdf
2026-01-10,017,ARPT. DE LAS AMÉRICAS,SANTO DOMINGO,INDOMET,EMCI,29.0,20.1,7.3,https://indomet.gob.do/wp-content/uploads/2026/01/temperaturas-extremas-y-precipitaciones-2026x01x10-a.pdf
2026-01-10,018,LOS LLANOS,SAN PEDRO DE MACORÍS,MINISTERIO DE AGRICULTURA,EMCI,29.9,21.0,7.0,https://indomet.gob.do/wp-content/uploads/2026/01/temperaturas-extremas-y-precipitaciones-2026x01x10-a.pdf
2026-01-10,019,SALCEDO,HERMANAS MIRABAL,PROPIEDAD DEL EMPLEADO,EMCI,,,6.0,https://indomet.gob.do/wp-content/uploads/2026/01/temperaturas-extremas-y-precipitaciones-2026x01x10-a.pdf
2026-01-10,020,SABANA GRANDE DE BOYÁ,MONTE PLATA,MINISTERIO DE AGRICULTURA,EMCV,,,5.1,https://indomet.gob.do/wp-content/uploads/2026/01/temperaturas-extremas-y-precipitaciones-2026x01x10-a.pdf
2026-01-10,021,ANAMUYA (EMA),LA ALTAGRACIA,MINISTERIO DE AGRICULTURA,EMAP,28.6,21.6,5.0,https://indomet.gob.do/wp-content/uploads/2026/01/temperaturas-extremas-y-precipitaciones-2026x01x10-a.pdf
2026-01-10,022,GURABO,SANTIAGO,MINISTERIO DE AGRICULTURA,EMCV,,,4.8,https://indomet.gob.do/wp-content/uploads/2026/01/temperaturas-extremas-y-precipitaciones-2026x01x10-a.pdf
2026-01-10,023,SAN RAFAEL DEL YUMA,LA ALTAGRACIA,MINISTERIO DE AGRICULTURA,EMCI,29.9,20.6,4.3,https://indomet.gob.do/wp-content/uploads/2026/01/temperaturas-extremas-y-precipitaciones-2026x01x10-a.pdf
2026-01-10,024,SAN CRISTÓBAL,SAN CRISTÓBAL,INSTITUTO POLITÉCNICO LOYOLA,EMCI,30.0,20.2,4.2,https://indomet.gob.do/wp-content/uploads/2026/01/temperaturas-extremas-y-precipitaciones-2026x01x10-a.pdf
2026-01-10,025,BUCARA (EMA),SANTIAGO,MINISTERIO DE AGRICULTURA,EMAI,,,3.2,https://indomet.gob.do/wp-content/uploads/2026/01/temperaturas-extremas-y-precipitaciones-2026x01x10-a.pdf
2026-01-10,026,LA VICTORIA,SANTO DOMINGO,CUERPO DE BOMBEROS,EMCI,30.1,21.2,2.9,https://indomet.gob.do/wp-content/uploads/2026/01/temperaturas-extremas-y-precipitaciones-2026x01x10-a.pdf
2026-01-10,027,ARPT. DE PUNTA CANA,LA ALTAGRACIA,INDOMET,EMCI,29.0,22.0,2.2,https://indomet.gob.do/wp-content/uploads/2026/01/temperaturas-extremas-y-precipitaciones-2026x01x10-a.pdf
2026-01-10,028,JUMA BEJUCAL,MONSEÑOR NOUEL,IDIAF,EMCV,29.2,19.0,2.0,https://indomet.gob.do/wp-content/uploads/2026/01/temperaturas-extremas-y-precipitaciones-2026x01x10-a.pdf
2026-01-10,029,PONTÓN ABAJO (EMA),LA VEGA,MINISTERIO DE AGRICULTURA,EMAP,29.0,20.5,1.8,https://indomet.gob.do/wp-content/uploads/2026/01/temperaturas-extremas-y-precipitaciones-2026x01x10-a.pdf
2026-01-10,030,RANCHO ARRIBA,SAN JOSÉ DE OCOA,CENTRO TECNOLÓGICO COMUNITARIO,EMCI,25.3,16.3,1.6,https://indomet.gob.do/wp-content/uploads/2026/01/temperaturas-extremas-y-precipitaciones-2026x01x10-a.pdf
2026-01-10,031,CONSTANZA,LA VEGA,MINISTERIO DE AGRICULTURA,EMCI,23.6,10.5,1.3,https://indomet.gob.do/wp-content/uploads/2026/01/temperaturas-extremas-y-precipitaciones-2026x01x10-a.pdf
2026-01-10,032,VILLA GONZALES,SANTIAGO,MINISTERIO DE AGRICULTURA,EMCI,,,1.0,https://indomet.gob.do/wp-content/uploads/2026/01/temperaturas-extremas-y-precipitaciones-2026x01x10-a.pdf
2026-01-10,033,CONSTANZA (EMA),LA VEGA,PROGRAMA MUNDIAL DE ALIMENTO,EMAP,22.1,11.9,0.8,https://indomet.gob.do/wp-content/uploads/2026/01/temperaturas-extremas-y-precipitaciones-2026x01x10-a.pdf
2026-01-10,034,JARDÍN BOTÁNICO SANTIAGO (EMSANTIAGO,,JARDIN BOTANICO SANTIAGO,EMAI,29.1,19.7,0.8,https://indomet.gob.do/wp-content/uploads/2026/01/temperaturas-extremas-y-precipitaciones-2026x01x10-a.pdf
2026-01-10,035,OVIEDO,PEDERNALES,CLÍNICA RURAL OVIEDO,EMCI,31.0,19.5,0.8,https://indomet.gob.do/wp-content/uploads/2026/01/temperaturas-extremas-y-precipitaciones-2026x01x10-a.pdf
2026-01-10,036,HATO MAYOR,HATO MAYOR,MINISTERIO DE AGRICULTURA,EMCV,,,0.8,https://indomet.gob.do/wp-content/uploads/2026/01/temperaturas-extremas-y-precipitaciones-2026x01x10-a.pdf
2026-01-10,037,NAVARRETE,SANTIAGO,MINISTERIO DE AGRICULTURA,EMCV,,,0.8,https://indomet.gob.do/wp-content/uploads/2026/01/temperaturas-extremas-y-precipitaciones-2026x01x10-a.pdf
2026-01-10,038,ARPT. DEL CIBAO,SANTIAGO,INDOMET,EMCI,30.0,17.4,0.6,https://indomet.gob.do/wp-content/uploads/2026/01/temperaturas-extremas-y-precipitaciones-2026x01x10-a.pdf
2026-01-10,039,MICHES (EMA),EL SEIBO,PRIVADA,EMAP,28.0,21.7,0.6,https://indomet.gob.do/wp-content/uploads/2026/01/temperaturas-extremas-y-precipitaciones-2026x01x10-a.pdf
2026-01-10,040,ARPT. DE LA ROMANA,LA ROMANA,INDOMET,EMCI,29.2,17.7,0.5,https://indomet.gob.do/wp-content/uploads/2026/01/temperaturas-extremas-y-precipitaciones-2026x01x10-a.pdf
2026-01-10,041,BAYAGUANA,MONTE PLATA,INDOMET,EMCI,30.0,19.8,0.4,https://indomet.gob.do/wp-content/uploads/2026/01/temperaturas-extremas-y-precipitaciones-2026x01x10-a.pdf
2026-01-10,042,POLO,BARAHONA,INDOCAFE,EMCI,,11.0,0.4,https://indomet.gob.do/wp-content/uploads/2026/01/temperaturas-extremas-y-precipitaciones-2026x01x10-a.pdf
2026-01-10,043,JARABACOA,LA VEGA,INDRHI / MARENA,EMCI,27.2,14.4,0.3,https://indomet.gob.do/wp-content/uploads/2026/01/temperaturas-extremas-y-precipitaciones-2026x01x10-a.pdf
2026-01-10,044,PRESA DE TAVERAS (EMA),LA VEGA,PROGRAMA MUNDIAL DE ALIMENTO,EMAP,27.6,18.9,0.2,https://indomet.gob.do/wp-content/uploads/2026/01/temperaturas-extremas-y-precipitaciones-2026x01x10-a.pdf
2026-01-10,045,VALLE NUEVO (EMA),LA VEGA,MARENA,EMAI,16.6,7.8,0.2,https://indomet.gob.do/wp-content/uploads/2026/01/temperaturas-extremas-y-precipitaciones-2026x01x10-a.pdf
2026-01-10,046,ENRIQUILLO,BARAHONA,MINISTERIO DE AGRICULTURA,EMCV,32.5,20.5,0.1,https://indomet.gob.do/wp-content/uploads/2026/01/temperaturas-extremas-y-precipitaciones-2026x01x10-a.pdf
2026-01-10,047,LA VEGA,LA VEGA,IATESA,EMCI,29.0,20.0,0.1,https://indomet.gob.do/wp-content/uploads/2026/01/temperaturas-extremas-y-precipitaciones-2026x01x10-a.pdf
2026-01-10,048,ARPT. MARÍA MONTEZ,BARAHONA,INDOMET,EMCI,31.4,21.0,0.0,https://indomet.gob.do/wp-content/uploads/2026/01/temperaturas-extremas-y-precipitaciones-2026x01x10-a.pdf
2026-01-10,049,ARROYO LORO,SAN JUAN,IDIAF,EMCI,32.0,16.5,0.0,https://indomet.gob.do/wp-content/uploads/2026/01/temperaturas-extremas-y-precipitaciones-2026x01x10-a.pdf
2026-01-10,050,BANI (EMA),PERAVIA,MINISTERIO DE AGRICULTURA,EMAP,30.5,23.1,0.0,https://indomet.gob.do/wp-content/uploads/2026/01/temperaturas-extremas-y-precipitaciones-2026x01x10-a.pdf
2026-01-10,051,BOCA DE MAO (EMA),VALVERDE,MINISTERIO DE AGRICULTURA,EMAP,31.8,20.7,0.0,https://indomet.gob.do/wp-content/uploads/2026/01/temperaturas-extremas-y-precipitaciones-2026x01x10-a.pdf
2026-01-10,052,CABRAL,BARAHONA,MINISTERIO DE AGRICULTURA,EMCV,30.4,20.0,0.0,https://indomet.gob.do/wp-content/uploads/2026/01/temperaturas-extremas-y-precipitaciones-2026x01x10-a.pdf
2026-01-10,053,DAJABÓN,DAJABÓN,INSTITUTO POLITÉCNICO LOYOLA,EMCI,35.1,18.9,0.0,https://indomet.gob.do/wp-content/uploads/2026/01/temperaturas-extremas-y-precipitaciones-2026x01x10-a.pdf
2026-01-10,054,HONDO VALLE,ELÍAS PIÑA,MINISTERIO DE AGRICULTURA,EMCI,25.7,12.2,0.0,https://indomet.gob.do/wp-content/uploads/2026/01/temperaturas-extremas-y-precipitaciones-2026x01x10-a.pdf
2026-01-10,055,JIMA ABAJO,LA VEGA,INDOMET,EMCI,31.3,18.0,0.0,https://indomet.gob.do/wp-content/uploads/2026/01/temperaturas-extremas-y-precipitaciones-2026x01x10-a.pdf
2026-01-10,056,JIMANÍ,INDEPENDENCIA,MINISTERIO DE AGRICULTURA,EMCI,32.2,22.0,0.0,https://indomet.gob.do/wp-content/uploads/2026/01/temperaturas-extremas-y-precipitaciones-2026x01x10-a.pdf
2026-01-10,057,LAS MATAS DE SANTA CRUZ,MONTE CRISTI,INDRHI,EMCV,,,0.0,https://indomet.gob.do/wp-content/uploads/2026/01/temperaturas-extremas-y-precipitaciones-2026x01x10-a.pdf
2026-01-10,058,LAS MATAS DE SANTA CRUZ (EMA,MONTE CRISTI,PROGRAMA MUNDIAL DE ALIMENTO,EMAP,,,0.0,https://indomet.gob.do/wp-content/uploads/2026/01/temperaturas-extremas-y-precipitaciones-2026x01x10-a.pdf
2026-01-10,059,MAO,VALVERDE,INDRHI / MINISTERIO DE AGRICULTURA,EMCV,,,0.0,https://indomet.gob.do/wp-content/uploads/2026/01/temperaturas-extremas-y-precipitaciones-2026x01x10-a.pdf
2026-01-10,060,MONCIÓN (EMA),SANTIAGO RODRÍGUEZ,PROGRAMA MUNDIAL DE ALIMENTO,EMAP,28.6,17.4,0.0,https://indomet.gob.do/wp-content/uploads/2026/01/temperaturas-extremas-y-precipitaciones-2026x01x10-a.pdf
2026-01-10,061,MONTE CRISTI,MONTE CRISTI,INDOMET,EMCI,30.4,21.2,0.0,https://indomet.gob.do/wp-content/uploads/2026/01/temperaturas-extremas-y-precipitaciones-2026x01x10-a.pdf
2026-01-10,062,OLIVARES,PEDERNALES,INDRHI,EMCI,,,0.0,https://indomet.gob.do/wp-content/uploads/2026/01/temperaturas-extremas-y-precipitaciones-2026x01x10-a.pdf
2026-01-10,063,PADRE LAS CASAS,AZUA,HOSP. NTRA. SRA. DEL CARMEN,EMCI,31.7,16.0,0.0,https://indomet.gob.do/wp-content/uploads/2026/01/temperaturas-extremas-y-precipitaciones-2026x01x10-a.pdf
2026-01-10,064,PEDERNALES,PEDERNALES,INDRHI,EMCI,,,0.0,https://indomet.gob.do/wp-content/uploads/2026/01/temperaturas-extremas-y-precipitaciones-2026x01x10-a.pdf
2026-01-10,065,PERALTA,AZUA,HOSP. MPAL. DE PERALTA,EMCI,28.6,16.0,0.0,https://indomet.gob.do/wp-content/uploads/2026/01/temperaturas-extremas-y-precipitaciones-2026x01x10-a.pdf
2026-01-10,066,PESCADERIA (EMA),BARAHONA,MINISTERIO DE AGRICULTURA,EMAP,,,0.0,https://indomet.gob.do/wp-content/uploads/2026/01/temperaturas-extremas-y-precipitaciones-2026x01x10-a.pdf
2026-01-10,067,RESTAURACIÓN,DAJABÓN,MINISTERIO DE AGRICULTURA,EMCI,26.6,13.1,0.0,https://indomet.gob.do/wp-content/uploads/2026/01/temperaturas-extremas-y-precipitaciones-2026x01x10-a.pdf
2026-01-10,068,SABANETA (EMA),SANTIAGO RODRÍGUEZ,PROGRAMA MUNDIAL DE ALIMENTO,EMAP,32.6,18.6,0.0,https://indomet.gob.do/wp-content/uploads/2026/01/temperaturas-extremas-y-precipitaciones-2026x01x10-a.pdf
2026-01-10,069,SAJOMA (EMA),SANTIAGO,PLAN SIERRA,EMAI,28.6,16.9,0.0,https://indomet.gob.do/wp-content/uploads/2026/01/temperaturas-extremas-y-precipitaciones-2026x01x10-a.pdf
2026-01-10,070,SAN JOSÉ DE OCOA,SAN JOSÉ DE OCOA,HOSP. SAN JOSÉ DE OCOA,EMCI,28.9,18.2,0.0,https://indomet.gob.do/wp-content/uploads/2026/01/temperaturas-extremas-y-precipitaciones-2026x01x10-a.pdf
2026-01-10,071,SANTIAGO RODRÍGUEZ,SANTIAGO RODRÍGUEZ,INDOMET,EMCI,32.0,19.2,0.0,https://indomet.gob.do/wp-content/uploads/2026/01/temperaturas-extremas-y-precipitaciones-2026x01x10-a.pdf
2026-01-10,072,TÁBARA ABAJO,AZUA,INDRHI,EMCI,33.0,21.0,0.0,https://indomet.gob.do/wp-content/uploads/2026/01/temperaturas-extremas-y-precipitaciones-2026x01x10-a.pdf
2026-01-10,073,VILLA VASQUEZ (EMA),MONTE CRISTI,JUNTA DE REGANTES,EMAI,,,0.0,https://indomet.gob.do/wp-content/uploads/2026/01/temperaturas-extremas-y-precipitaciones-2026x01x10-a.pdf
2026-01-11,001,RÍO SAN JUAN,MARÍA TRINIDAD SÁNCHEZ,HOSP. MPAL. DR. DESIDERIO ACOSTA,EMCV,28.0,19.9,19.8,https://indomet.gob.do/wp-content/uploads/2026/01/temperaturas-extremas-y-precipitaciones-2026x01x11-a.pdf
2026-01-11,002,CABRERA,MARÍA TRINIDAD SÁNCHEZ,ESCUELA ARÍSTIDES FIALLO CABRAL,EMCI,30.0,22.4,15.4,https://indomet.gob.do/wp-content/uploads/2026/01/temperaturas-extremas-y-precipitaciones-2026x01x11-a.pdf
2026-01-11,003,PALO ÍNDIO,PUERTO PLATA,MINISTERIO DE AGRICULTURA,EMCI,,,13.7,https://indomet.gob.do/wp-content/uploads/2026/01/temperaturas-extremas-y-precipitaciones-2026x01x11-a.pdf
2026-01-11,004,EL FACTOR (EMA),MARÍA TRINIDAD SÁNCHEZ,INTEC,EMAP,31.9,20.9,11.4,https://indomet.gob.do/wp-content/uploads/2026/01/temperaturas-extremas-y-precipitaciones-2026x01x11-a.pdf
2026-01-11,005,ARPT. ARROYO BARRIL,SAMANÁ,INDOMET,EMCI,29.9,21.0,10.5,https://indomet.gob.do/wp-content/uploads/2026/01/temperaturas-extremas-y-precipitaciones-2026x01x11-a.pdf
2026-01-11,006,SABANA DE LA MAR,HATO MAYOR,INDOMET,EMCI,29.5,21.0,6.0,https://indomet.gob.do/wp-content/uploads/2026/01/temperaturas-extremas-y-precipitaciones-2026x01x11-a.pdf
2026-01-11,007,ARPT. GREGORIO LUPERÓN,PUERTO PLATA,INDOMET,EMCI,28.0,19.0,5.7,https://indomet.gob.do/wp-content/uploads/2026/01/temperaturas-extremas-y-precipitaciones-2026x01x11-a.pdf
2026-01-11,008,TAMBORIL,SANTIAGO,MINISTERIO DE AGRICULTURA,EMCV,,,5.6,https://indomet.gob.do/wp-content/uploads/2026/01/temperaturas-extremas-y-precipitaciones-2026x01x11-a.pdf
2026-01-11,009,LOS JENGIBRES,NAGUA,INDRHI,EMCI,,,5.4,https://indomet.gob.do/wp-content/uploads/2026/01/temperaturas-extremas-y-precipitaciones-2026x01x11-a.pdf
2026-01-11,010,SALCEDO,HERMANAS MIRABAL,PROPIEDAD DEL EMPLEADO,EMCI,,,5.2,https://indomet.gob.do/wp-content/uploads/2026/01/temperaturas-extremas-y-precipitaciones-2026x01x11-a.pdf
2026-01-11,011,JUMA BEJUCAL,MONSEÑOR NOUEL,IDIAF,EMCV,29.4,19.6,5.0,https://indomet.gob.do/wp-content/uploads/2026/01/temperaturas-extremas-y-precipitaciones-2026x01x11-a.pdf
2026-01-11,012,GURABO,SANTIAGO,MINISTERIO DE AGRICULTURA,EMCV,,,4.3,https://indomet.gob.do/wp-content/uploads/2026/01/temperaturas-extremas-y-precipitaciones-2026x01x11-a.pdf
2026-01-11,013,LUPERÓN,PUERTO PLATA,MINISTERIO DE AGRICULTURA,EMCV,,,4.3,https://indomet.gob.do/wp-content/uploads/2026/01/temperaturas-extremas-y-precipitaciones-2026x01x11-a.pdf
2026-01-11,014,VILLA RIVA,DUARTE,HOSP. MPAL. ALICIA DE LEGENDRE,EMCI,28.0,20.0,4.3,https://indomet.gob.do/wp-content/uploads/2026/01/temperaturas-extremas-y-precipitaciones-2026x01x11-a.pdf
2026-01-11,015,ARPT. EL CATEY,SAMANÁ,INDOMET,EMCI,28.4,20.0,2.7,https://indomet.gob.do/wp-content/uploads/2026/01/temperaturas-extremas-y-precipitaciones-2026x01x11-a.pdf
2026-01-11,016,SÁNCHEZ,SAMANÁ,MINISTERIO DE AGRICULTURA,EMCI,27.4,20.4,2.4,https://indomet.gob.do/wp-content/uploads/2026/01/temperaturas-extremas-y-precipitaciones-2026x01x11-a.pdf
2026-01-11,017,BASE AÉREA DE SAN ISIDRO,SANTO DOMINGO,FUERZA AÉREA DOMINICANA,EMCV,30.0,20.1,2.0,https://indomet.gob.do/wp-content/uploads/2026/01/temperaturas-extremas-y-precipitaciones-2026x01x11-a.pdf
2026-01-11,018,SAMANÁ,SAMANÁ,COMANDANCIA DE PUERTO DE SAMANÁ,EMCI,30.3,17.3,1.4,https://indomet.gob.do/wp-content/uploads/2026/01/temperaturas-extremas-y-precipitaciones-2026x01x11-a.pdf
2026-01-11,019,JARDÍN BOTÁNICO SANTIAGO (EMSANTIAGO,,JARDIN BOTANICO SANTIAGO,EMAI,28.6,17.0,1.4,https://indomet.gob.do/wp-content/uploads/2026/01/temperaturas-extremas-y-precipitaciones-2026x01x11-a.pdf
2026-01-11,020,SAN FRANCISCO DE MACORÍS,DUARTE,San Francisco de Macorís (UASD),EMCI,28.9,18.8,1.2,https://indomet.gob.do/wp-content/uploads/2026/01/temperaturas-extremas-y-precipitaciones-2026x01x11-a.pdf
2026-01-11,021,VILLA GONZALES,SANTIAGO,MINISTERIO DE AGRICULTURA,EMCI,,,1.0,https://indomet.gob.do/wp-content/uploads/2026/01/temperaturas-extremas-y-precipitaciones-2026x01x11-a.pdf
2026-01-11,022,RANCHO ARRIBA,SAN JOSÉ DE OCOA,CENTRO TECNOLÓGICO COMUNITARIO,EMCI,25.5,13.5,0.6,https://indomet.gob.do/wp-content/uploads/2026/01/temperaturas-extremas-y-precipitaciones-2026x01x11-a.pdf
2026-01-11,023,BONAO,MONSEÑOR NOUEL,MINISTERIO DE AGRICULTURA,EMCV,,,0.5,https://indomet.gob.do/wp-content/uploads/2026/01/temperaturas-extremas-y-precipitaciones-2026x01x11-a.pdf
2026-01-11,024,MICHES (EMA),EL SEIBO,PRIVADA,EMAP,28.1,20.2,0.4,https://indomet.gob.do/wp-content/uploads/2026/01/temperaturas-extremas-y-precipitaciones-2026x01x11-a.pdf
2026-01-11,025,ARPT. DE LAS AMÉRICAS,SANTO DOMINGO,INDOMET,EMCI,30.4,22.2,0.3,https://indomet.gob.do/wp-content/uploads/2026/01/temperaturas-extremas-y-precipitaciones-2026x01x11-a.pdf
2026-01-11,026,POLO,BARAHONA,INDOCAFE,EMCI,,14.5,0.3,https://indomet.gob.do/wp-content/uploads/2026/01/temperaturas-extremas-y-precipitaciones-2026x01x11-a.pdf
2026-01-11,027,ARPT. LA ISABELA,SANTO DOMINGO,INDOMET,EMCI,30.5,19.5,0.2,https://indomet.gob.do/wp-content/uploads/2026/01/temperaturas-extremas-y-precipitaciones-2026x01x11-a.pdf
2026-01-11,028,ARPT. DEL CIBAO,SANTIAGO,INDOMET,EMCI,29.5,18.6,0.1,https://indomet.gob.do/wp-content/uploads/2026/01/temperaturas-extremas-y-precipitaciones-2026x01x11-a.pdf
2026-01-11,029,HATO MAYOR,HATO MAYOR,MINISTERIO DE AGRICULTURA,EMCV,,,0.1,https://indomet.gob.do/wp-content/uploads/2026/01/temperaturas-extremas-y-precipitaciones-2026x01x11-a.pdf
2026-01-11,030,LA VEGA,LA VEGA,IATESA,EMCI,29.5,18.0,0.1,https://indomet.gob.do/wp-content/uploads/2026/01/temperaturas-extremas-y-precipitaciones-2026x01x11-a.pdf
2026-01-11,031,ALTO BANDERA (EMA),LA VEGA,INTEC,EMAP,14.1,3.2,0.0,https://indomet.gob.do/wp-content/uploads/2026/01/temperaturas-extremas-y-precipitaciones-2026x01x11-a.pdf
2026-01-11,032,ANAMUYA (EMA),LA ALTAGRACIA,MINISTERIO DE AGRICULTURA,EMAP,28.6,20.7,0.0,https://indomet.gob.do/wp-content/uploads/2026/01/temperaturas-extremas-y-precipitaciones-2026x01x11-a.pdf
2026-01-11,033,ARPT. DE LA ROMANA,LA ROMANA,INDOMET,EMCI,29.7,18.5,0.0,https://indomet.gob.do/wp-content/uploads/2026/01/temperaturas-extremas-y-precipitaciones-2026x01x11-a.pdf
2026-01-11,034,ARPT. DE PUNTA CANA,LA ALTAGRACIA,INDOMET,EMCI,29.2,20.0,0.0,https://indomet.gob.do/wp-content/uploads/2026/01/temperaturas-extremas-y-precipitaciones-2026x01x11-a.pdf
2026-01-11,035,ARPT. MARÍA MONTEZ,BARAHONA,INDOMET,EMCI,31.4,20.0,0.0,https://indomet.gob.do/wp-content/uploads/2026/01/temperaturas-extremas-y-precipitaciones-2026x01x11-a.pdf
2026-01-11,036,ARROYO LORO,SAN JUAN,IDIAF,EMCI,31.9,18.9,0.0,https://indomet.gob.do/wp-content/uploads/2026/01/temperaturas-extremas-y-precipitaciones-2026x01x11-a.pdf
2026-01-11,037,BANI (EMA),PERAVIA,MINISTERIO DE AGRICULTURA,EMAP,30.2,23.4,0.0,https://indomet.gob.do/wp-content/uploads/2026/01/temperaturas-extremas-y-precipitaciones-2026x01x11-a.pdf
2026-01-11,038,BAYAGUANA,MONTE PLATA,INDOMET,EMCI,30.4,20.5,0.0,https://indomet.gob.do/wp-content/uploads/2026/01/temperaturas-extremas-y-precipitaciones-2026x01x11-a.pdf
2026-01-11,039,BOCA DE MAO (EMA),VALVERDE,MINISTERIO DE AGRICULTURA,EMAP,30.9,17.7,0.0,https://indomet.gob.do/wp-content/uploads/2026/01/temperaturas-extremas-y-precipitaciones-2026x01x11-a.pdf
2026-01-11,040,CABRAL,BARAHONA,MINISTERIO DE AGRICULTURA,EMCV,31.6,20.2,0.0,https://indomet.gob.do/wp-content/uploads/2026/01/temperaturas-extremas-y-precipitaciones-2026x01x11-a.pdf
2026-01-11,041,CENTRO DE LOS HEROES (EMA),DISTRITO NACIONAL,MINISTERIO DE ENERGIA Y MINA,EMAP,30.2,23.8,0.0,https://indomet.gob.do/wp-content/uploads/2026/01/temperaturas-extremas-y-precipitaciones-2026x01x11-a.pdf
2026-01-11,042,CONSTANZA,LA VEGA,MINISTERIO DE AGRICULTURA,EMCI,24.0,9.5,0.0,https://indomet.gob.do/wp-content/uploads/2026/01/temperaturas-extremas-y-precipitaciones-2026x01x11-a.pdf
2026-01-11,043,CONSTANZA (EMA),LA VEGA,PROGRAMA MUNDIAL DE ALIMENTO,EMAP,22.9,11.6,0.0,https://indomet.gob.do/wp-content/uploads/2026/01/temperaturas-extremas-y-precipitaciones-2026x01x11-a.pdf
2026-01-11,044,COTUÍ,SÁNCHEZ RAMÍREZ,HOSP. INMACULADA CONCEPCIÓN,EMCV,,,0.0,https://indomet.gob.do/wp-content/uploads/2026/01/temperaturas-extremas-y-precipitaciones-2026x01x11-a.pdf
2026-01-11,045,DAJABÓN,DAJABÓN,INSTITUTO POLITÉCNICO LOYOLA,EMCI,34.4,18.6,0.0,https://indomet.gob.do/wp-content/uploads/2026/01/temperaturas-extremas-y-precipitaciones-2026x01x11-a.pdf
2026-01-11,046,ELÍAS PIÑA,ELÍAS PIÑA,MINISTERIO DE AGRICULTURA,EMCV,,,0.0,https://indomet.gob.do/wp-content/uploads/2026/01/temperaturas-extremas-y-precipitaciones-2026x01x11-a.pdf
2026-01-11,047,ENRIQUILLO,BARAHONA,MINISTERIO DE AGRICULTURA,EMCV,33.0,19.5,0.0,https://indomet.gob.do/wp-content/uploads/2026/01/temperaturas-extremas-y-precipitaciones-2026x01x11-a.pdf
2026-01-11,048,HONDO VALLE,ELÍAS PIÑA,MINISTERIO DE AGRICULTURA,EMCI,25.1,11.8,0.0,https://indomet.gob.do/wp-content/uploads/2026/01/temperaturas-extremas-y-precipitaciones-2026x01x11-a.pdf
2026-01-11,049,JARABACOA,LA VEGA,INDRHI / MARENA,EMCI,27.6,12.4,0.0,https://indomet.gob.do/wp-content/uploads/2026/01/temperaturas-extremas-y-precipitaciones-2026x01x11-a.pdf
2026-01-11,050,JARDÍN BOTÁNICO NACIONAL,DISTRITO NACIONAL,JARDÍN BOTÁNICO NACIONAL,EMCV,29.1,19.5,0.0,https://indomet.gob.do/wp-content/uploads/2026/01/temperaturas-extremas-y-precipitaciones-2026x01x11-a.pdf
2026-01-11,051,JIMANÍ,INDEPENDENCIA,MINISTERIO DE AGRICULTURA,EMCI,32.6,21.0,0.0,https://indomet.gob.do/wp-content/uploads/2026/01/temperaturas-extremas-y-precipitaciones-2026x01x11-a.pdf
2026-01-11,052,LA VICTORIA,SANTO DOMINGO,CUERPO DE BOMBEROS,EMCI,31.5,20.5,0.0,https://indomet.gob.do/wp-content/uploads/2026/01/temperaturas-extremas-y-precipitaciones-2026x01x11-a.pdf
2026-01-11,053,LAS CANAS (EMA),MONTE CRISTI,PROGRAMA MUNDIAL DE ALIMENTO,EMAP,,,0.0,https://indomet.gob.do/wp-content/uploads/2026/01/temperaturas-extremas-y-precipitaciones-2026x01x11-a.pdf
2026-01-11,054,LAS MATAS DE SANTA CRUZ (EMA,MONTE CRISTI,PROGRAMA MUNDIAL DE ALIMENTO,EMAP,,,0.0,https://indomet.gob.do/wp-content/uploads/2026/01/temperaturas-extremas-y-precipitaciones-2026x01x11-a.pdf
2026-01-11,055,MAO,VALVERDE,INDRHI / MINISTERIO DE AGRICULTURA,EMCV,,,0.0,https://indomet.gob.do/wp-content/uploads/2026/01/temperaturas-extremas-y-precipitaciones-2026x01x11-a.pdf
2026-01-11,056,MONCIÓN (EMA),SANTIAGO RODRÍGUEZ,PROGRAMA MUNDIAL DE ALIMENTO,EMAP,,,0.0,https://indomet.gob.do/wp-content/uploads/2026/01/temperaturas-extremas-y-precipitaciones-2026x01x11-a.pdf
2026-01-11,057,MONTE CRISTI,MONTE CRISTI,INDOMET,EMCI,31.2,21.8,0.0,https://indomet.gob.do/wp-content/uploads/2026/01/temperaturas-extremas-y-precipitaciones-2026x01x11-a.pdf
2026-01-11,058,OLIVARES,PEDERNALES,INDRHI,EMCI,,,0.0,https://indomet.gob.do/wp-content/uploads/2026/01/temperaturas-extremas-y-precipitaciones-2026x01x11-a.pdf
2026-01-11,059,OVIEDO,PEDERNALES,CLÍNICA RURAL OVIEDO,EMCI,30.5,19.0,0.0,https://indomet.gob.do/wp-content/uploads/2026/01/temperaturas-extremas-y-precipitaciones-2026x01x11-a.pdf
2026-01-11,060,PADRE LAS CASAS,AZUA,HOSP. NTRA. SRA. DEL CARMEN,EMCI,30.5,15.0,0.0,https://indomet.gob.do/wp-content/uploads/2026/01/temperaturas-extremas-y-precipitaciones-2026x01x11-a.pdf
2026-01-11,061,PASO AL MEDIO,SAN PEDRO DE MACORÍS,INDRHI,EMCI,,,0.0,https://indomet.gob.do/wp-content/uploads/2026/01/temperaturas-extremas-y-precipitaciones-2026x01x11-a.pdf
2026-01-11,062,PEDERNALES,PEDERNALES,INDRHI,EMCI,,,0.0,https://indomet.gob.do/wp-content/uploads/2026/01/temperaturas-extremas-y-precipitaciones-2026x01x11-a.pdf
2026-01-11,063,PERALTA,AZUA,HOSP. MPAL. DE PERALTA,EMCI,29.2,16.4,0.0,https://indomet.gob.do/wp-content/uploads/2026/01/temperaturas-extremas-y-precipitaciones-2026x01x11-a.pdf
2026-01-11,064,PONTÓN ABAJO (EMA),LA VEGA,MINISTERIO DE AGRICULTURA,EMAP,29.3,19.1,0.0,https://indomet.gob.do/wp-content/uploads/2026/01/temperaturas-extremas-y-precipitaciones-2026x01x11-a.pdf
2026-01-11,065,PRESA DE TAVERAS (EMA),LA VEGA,PROGRAMA MUNDIAL DE ALIMENTO,EMAP,27.2,16.4,0.0,https://indomet.gob.do/wp-content/uploads/2026/01/temperaturas-extremas-y-precipitaciones-2026x01x11-a.pdf
2026-01-11,066,RESTAURACIÓN,DAJABÓN,MINISTERIO DE AGRICULTURA,EMCI,26.3,13.9,0.0,https://indomet.gob.do/wp-content/uploads/2026/01/temperaturas-extremas-y-precipitaciones-2026x01x11-a.pdf
2026-01-11,067,SABANETA (EMA),SANTIAGO RODRÍGUEZ,PROGRAMA MUNDIAL DE ALIMENTO,EMAP,31.1,17.3,0.0,https://indomet.gob.do/wp-content/uploads/2026/01/temperaturas-extremas-y-precipitaciones-2026x01x11-a.pdf
2026-01-11,068,SAN CRISTÓBAL,SAN CRISTÓBAL,INSTITUTO POLITÉCNICO LOYOLA,EMCI,29.4,17.2,0.0,https://indomet.gob.do/wp-content/uploads/2026/01/temperaturas-extremas-y-precipitaciones-2026x01x11-a.pdf
2026-01-11,069,SAN JOSÉ DE OCOA,SAN JOSÉ DE OCOA,HOSP. SAN JOSÉ DE OCOA,EMCI,29.1,17.4,0.0,https://indomet.gob.do/wp-content/uploads/2026/01/temperaturas-extremas-y-precipitaciones-2026x01x11-a.pdf
2026-01-11,070,SAN RAFAEL DEL YUMA,LA ALTAGRACIA,MINISTERIO DE AGRICULTURA,EMCI,29.7,20.9,0.0,https://indomet.gob.do/wp-content/uploads/2026/01/temperaturas-extremas-y-precipitaciones-2026x01x11-a.pdf
2026-01-11,071,SAJOMA (EMA),SANTIAGO,PLAN SIERRA,EMAI,27.6,18.0,0.0,https://indomet.gob.do/wp-content/uploads/2026/01/temperaturas-extremas-y-precipitaciones-2026x01x11-a.pdf
2026-01-11,072,VILLA VASQUEZ (EMA),MONTE CRISTI,JUNTA DE REGANTES,EMAI,,,0.0,https://indomet.gob.do/wp-content/uploads/2026/01/temperaturas-extremas-y-precipitaciones-2026x01x11-a.pdf
2026-01-11,073,SANTIAGO RODRÍGUEZ,SANTIAGO RODRÍGUEZ,INDOMET,EMCI,31.0,17.7,0.0,https://indomet.gob.do/wp-content/uploads/2026/01/temperaturas-extremas-y-precipitaciones-2026x01x11-a.pdf
2026-01-11,074,SANTO DOMINGO ESTE,SANTO DOMINGO,INDOMET,EMCI,30.5,22.0,0.0,https://indomet.gob.do/wp-content/uploads/2026/01/temperaturas-extremas-y-precipitaciones-2026x01x11-a.pdf
2026-01-11,075,TÁBARA ABAJO,AZUA,INDRHI,EMCI,30.0,19.0,0.0,https://indomet.gob.do/wp-content/uploads/2026/01/temperaturas-extremas-y-precipitaciones-2026x01x11-a.pdf
2026-01-11,076,JIMA ABAJO,LA VEGA,INDOMET,EMCI,30.0,18.2,0.0,https://indomet.gob.do/wp-content/uploads/2026/01/temperaturas-extremas-y-precipitaciones-2026x01x11-a.pdf
2026-01-11,077,TAVERA,SANTIAGO,INDRHI,EMCI,,,0.0,https://indomet.gob.do/wp-content/uploads/2026/01/temperaturas-extremas-y-precipitaciones-2026x01x11-a.pdf
2026-01-11,078,VALLE NUEVO (EMA),LA VEGA,MARENA,EMAI,17.9,0.0,0.0,https://indomet.gob.do/wp-content/uploads/2026/01/temperaturas-extremas-y-precipitaciones-2026x01x11-a.pdf
2026-01-11,079,VILLA ALTAGRACIA,SAN CRISTÓBAL,ESCUELA JAVIER ANGULO GURIDI,EMCI,,,0.0,https://indomet.gob.do/wp-content/uploads/2026/01/temperaturas-extremas-y-precipitaciones-2026x01x11-a.pdf
2026-01-12,001,LOS JENGIBRES,NAGUA,INDRHI,EMCI,,,104.8,https://indomet.gob.do/wp-content/uploads/2026/01/temperaturas-extremas-y-precipitaciones-2026x01x12-a.pdf
2026-01-12,002,BASE AÉREA DE SAN ISIDRO,SANTO DOMINGO,FUERZA AÉREA DOMINICANA,EMCV,30.0,21.0,55.3,https://indomet.gob.do/wp-content/uploads/2026/01/temperaturas-extremas-y-precipitaciones-2026x01x12-a.pdf
2026-01-12,003,POLO,BARAHONA,INDOCAFE,EMCI,,14.5,45.2,https://indomet.gob.do/wp-content/uploads/2026/01/temperaturas-extremas-y-precipitaciones-2026x01x12-a.pdf
2026-01-12,004,RÍO SAN JUAN,MARÍA TRINIDAD SÁNCHEZ,HOSP. MPAL. DR. DESIDERIO ACOSTA,EMCV,24.8,21.4,43.0,https://indomet.gob.do/wp-content/uploads/2026/01/temperaturas-extremas-y-precipitaciones-2026x01x12-a.pdf
2026-01-12,005,EL FACTOR (EMA),MARÍA TRINIDAD SÁNCHEZ,INTEC,EMAP,28.9,21.5,36.1,https://indomet.gob.do/wp-content/uploads/2026/01/temperaturas-extremas-y-precipitaciones-2026x01x12-a.pdf
2026-01-12,006,SABANA DE LA MAR,HATO MAYOR,INDOMET,EMCI,30.0,20.5,29.1,https://indomet.gob.do/wp-content/uploads/2026/01/temperaturas-extremas-y-precipitaciones-2026x01x12-a.pdf
2026-01-12,007,LOS LLANOS,SAN PEDRO DE MACORÍS,MINISTERIO DE AGRICULTURA,EMCI,31.0,20.5,25.4,https://indomet.gob.do/wp-content/uploads/2026/01/temperaturas-extremas-y-precipitaciones-2026x01x12-a.pdf
2026-01-12,008,SÁNCHEZ,SAMANÁ,MINISTERIO DE AGRICULTURA,EMCI,26.8,19.9,22.2,https://indomet.gob.do/wp-content/uploads/2026/01/temperaturas-extremas-y-precipitaciones-2026x01x12-a.pdf
2026-01-12,009,ARPT. DE LAS AMÉRICAS,SANTO DOMINGO,INDOMET,EMCI,29.0,19.8,19.8,https://indomet.gob.do/wp-content/uploads/2026/01/temperaturas-extremas-y-precipitaciones-2026x01x12-a.pdf
2026-01-12,010,JARABACOA,LA VEGA,INDRHI / MARENA,EMCI,28.2,13.6,19.5,https://indomet.gob.do/wp-content/uploads/2026/01/temperaturas-extremas-y-precipitaciones-2026x01x12-a.pdf
2026-01-12,011,JUMA BEJUCAL,MONSEÑOR NOUEL,IDIAF,EMCV,29.2,20.0,17.3,https://indomet.gob.do/wp-content/uploads/2026/01/temperaturas-extremas-y-precipitaciones-2026x01x12-a.pdf
2026-01-12,012,ARPT. MARÍA MONTEZ,BARAHONA,INDOMET,EMCI,32.0,20.5,16.6,https://indomet.gob.do/wp-content/uploads/2026/01/temperaturas-extremas-y-precipitaciones-2026x01x12-a.pdf
2026-01-12,013,CENTRO DE LOS HEROES (EMA),DISTRITO NACIONAL,MINISTERIO DE ENERGIA Y MINA,EMAP,30.1,22.5,14.8,https://indomet.gob.do/wp-content/uploads/2026/01/temperaturas-extremas-y-precipitaciones-2026x01x12-a.pdf
2026-01-12,014,SAMANÁ,SAMANÁ,COMANDANCIA DE PUERTO DE SAMANÁ,EMCI,29.2,17.4,14.6,https://indomet.gob.do/wp-content/uploads/2026/01/temperaturas-extremas-y-precipitaciones-2026x01x12-a.pdf
2026-01-12,015,CABRERA,MARÍA TRINIDAD SÁNCHEZ,ESCUELA ARÍSTIDES FIALLO CABRAL,EMCI,29.5,22.4,13.3,https://indomet.gob.do/wp-content/uploads/2026/01/temperaturas-extremas-y-precipitaciones-2026x01x12-a.pdf
2026-01-12,016,ENRIQUILLO,BARAHONA,MINISTERIO DE AGRICULTURA,EMCV,32.5,20.0,13.0,https://indomet.gob.do/wp-content/uploads/2026/01/temperaturas-extremas-y-precipitaciones-2026x01x12-a.pdf
2026-01-12,017,JIMANÍ,INDEPENDENCIA,MINISTERIO DE AGRICULTURA,EMCI,32.5,21.2,13.0,https://indomet.gob.do/wp-content/uploads/2026/01/temperaturas-extremas-y-precipitaciones-2026x01x12-a.pdf
2026-01-12,018,OLIVARES,PEDERNALES,INDRHI,EMCI,,,13.0,https://indomet.gob.do/wp-content/uploads/2026/01/temperaturas-extremas-y-precipitaciones-2026x01x12-a.pdf
2026-01-12,019,ARPT. EL CATEY,SAMANÁ,INDOMET,EMCI,28.0,20.0,12.3,https://indomet.gob.do/wp-content/uploads/2026/01/temperaturas-extremas-y-precipitaciones-2026x01x12-a.pdf
2026-01-12,020,SANTO DOMINGO ESTE,SANTO DOMINGO,INDOMET,EMCI,30.6,22.6,12.2,https://indomet.gob.do/wp-content/uploads/2026/01/temperaturas-extremas-y-precipitaciones-2026x01x12-a.pdf
2026-01-12,021,PADRE LAS CASAS,AZUA,HOSP. NTRA. SRA. DEL CARMEN,EMCI,31.0,16.0,11.6,https://indomet.gob.do/wp-content/uploads/2026/01/temperaturas-extremas-y-precipitaciones-2026x01x12-a.pdf
2026-01-12,022,JARDÍN BOTÁNICO NACIONAL,DISTRITO NACIONAL,JARDÍN BOTÁNICO NACIONAL,EMCV,29.0,18.7,11.4,https://indomet.gob.do/wp-content/uploads/2026/01/temperaturas-extremas-y-precipitaciones-2026x01x12-a.pdf
2026-01-12,023,OVIEDO,PEDERNALES,CLÍNICA RURAL OVIEDO,EMCI,31.0,18.8,11.4,https://indomet.gob.do/wp-content/uploads/2026/01/temperaturas-extremas-y-precipitaciones-2026x01x12-a.pdf
2026-01-12,024,GASPAR HERNÁNDEZ,ESPAILLAT,PROPIEDAD DEL EMPLEADO,EMCI,,,10.8,https://indomet.gob.do/wp-content/uploads/2026/01/temperaturas-extremas-y-precipitaciones-2026x01x12-a.pdf
2026-01-12,025,SALCEDO,HERMANAS MIRABAL,PROPIEDAD DEL EMPLEADO,EMCI,,,10.0,https://indomet.gob.do/wp-content/uploads/2026/01/temperaturas-extremas-y-precipitaciones-2026x01x12-a.pdf
2026-01-12,026,SAN FRANCISCO DE MACORÍS,DUARTE,San Francisco de Macorís (UASD),EMCI,27.7,20.5,10.0,https://indomet.gob.do/wp-content/uploads/2026/01/temperaturas-extremas-y-precipitaciones-2026x01x12-a.pdf
2026-01-12,027,SAJOMA (EMA),SANTIAGO,PLAN SIERRA,EMAI,29.4,19.0,9.6,https://indomet.gob.do/wp-content/uploads/2026/01/temperaturas-extremas-y-precipitaciones-2026x01x12-a.pdf
2026-01-12,028,ARPT. GREGORIO LUPERÓN,PUERTO PLATA,INDOMET,EMCI,28.1,17.6,8.5,https://indomet.gob.do/wp-content/uploads/2026/01/temperaturas-extremas-y-precipitaciones-2026x01x12-a.pdf
2026-01-12,029,PEDERNALES,PEDERNALES,INDRHI,EMCI,,,8.0,https://indomet.gob.do/wp-content/uploads/2026/01/temperaturas-extremas-y-precipitaciones-2026x01x12-a.pdf
2026-01-12,030,PONTÓN ABAJO (EMA),LA VEGA,MINISTERIO DE AGRICULTURA,EMAP,31.0,21.3,7.8,https://indomet.gob.do/wp-content/uploads/2026/01/temperaturas-extremas-y-precipitaciones-2026x01x12-a.pdf
2026-01-12,031,ALTO BANDERA (EMA),LA VEGA,INTEC,EMAP,15.1,6.8,7.1,https://indomet.gob.do/wp-content/uploads/2026/01/temperaturas-extremas-y-precipitaciones-2026x01x12-a.pdf
2026-01-12,032,PERALTA,AZUA,HOSP. MPAL. DE PERALTA,EMCI,30.1,16.7,6.8,https://indomet.gob.do/wp-content/uploads/2026/01/temperaturas-extremas-y-precipitaciones-2026x01x12-a.pdf
2026-01-12,033,SABANA GRANDE DE BOYÁ,MONTE PLATA,MINISTERIO DE AGRICULTURA,EMCV,,,6.6,https://indomet.gob.do/wp-content/uploads/2026/01/temperaturas-extremas-y-precipitaciones-2026x01x12-a.pdf
2026-01-12,034,LA VEGA,LA VEGA,IATESA,EMCI,31.0,21.0,6.6,https://indomet.gob.do/wp-content/uploads/2026/01/temperaturas-extremas-y-precipitaciones-2026x01x12-a.pdf
2026-01-12,035,CONSTANZA,LA VEGA,MINISTERIO DE AGRICULTURA,EMCI,24.5,14.3,5.9,https://indomet.gob.do/wp-content/uploads/2026/01/temperaturas-extremas-y-precipitaciones-2026x01x12-a.pdf
2026-01-12,036,SAN RAFAEL DEL YUMA,LA ALTAGRACIA,MINISTERIO DE AGRICULTURA,EMCI,30.5,21.2,5.9,https://indomet.gob.do/wp-content/uploads/2026/01/temperaturas-extremas-y-precipitaciones-2026x01x12-a.pdf
2026-01-12,037,LA VICTORIA,SANTO DOMINGO,CUERPO DE BOMBEROS,EMCI,30.4,21.2,5.8,https://indomet.gob.do/wp-content/uploads/2026/01/temperaturas-extremas-y-precipitaciones-2026x01x12-a.pdf
2026-01-12,038,CONSTANZA (EMA),LA VEGA,PROGRAMA MUNDIAL DE ALIMENTO,EMAP,23.4,15.5,5.6,https://indomet.gob.do/wp-content/uploads/2026/01/temperaturas-extremas-y-precipitaciones-2026x01x12-a.pdf
2026-01-12,039,ARPT. ARROYO BARRIL,SAMANÁ,INDOMET,EMCI,28.6,19.9,5.5,https://indomet.gob.do/wp-content/uploads/2026/01/temperaturas-extremas-y-precipitaciones-2026x01x12-a.pdf
2026-01-12,040,JARDÍN BOTÁNICO SANTIAGO (EMA),SANTIAGO,JARDIN BOTANICO SANTIAGO,EMAI,29.5,20.8,5.4,https://indomet.gob.do/wp-content/uploads/2026/01/temperaturas-extremas-y-precipitaciones-2026x01x12-a.pdf
2026-01-12,041,GURABO,SANTIAGO,MINISTERIO DE AGRICULTURA,EMCV,,,5.3,https://indomet.gob.do/wp-content/uploads/2026/01/temperaturas-extremas-y-precipitaciones-2026x01x12-a.pdf
2026-01-12,042,CABRAL,BARAHONA,MINISTERIO DE AGRICULTURA,EMCV,31.8,20.0,5.0,https://indomet.gob.do/wp-content/uploads/2026/01/temperaturas-extremas-y-precipitaciones-2026x01x12-a.pdf
2026-01-12,043,SAN CRISTÓBAL,SAN CRISTÓBAL,INSTITUTO POLITÉCNICO LOYOLA,EMCI,30.0,18.0,4.9,https://indomet.gob.do/wp-content/uploads/2026/01/temperaturas-extremas-y-precipitaciones-2026x01x12-a.pdf
2026-01-12,044,VILLA RIVA,DUARTE,HOSP. MPAL. ALICIA DE LEGENDRE,EMCI,26.6,19.4,4.1,https://indomet.gob.do/wp-content/uploads/2026/01/temperaturas-extremas-y-precipitaciones-2026x01x12-a.pdf
2026-01-12,045,PALO ÍNDIO,PUERTO PLATA,MINISTERIO DE AGRICULTURA,EMCI,,,3.8,https://indomet.gob.do/wp-content/uploads/2026/01/temperaturas-extremas-y-precipitaciones-2026x01x12-a.pdf
2026-01-12,046,ARPT. DE PUNTA CANA,LA ALTAGRACIA,INDOMET,EMCI,29.0,19.5,3.8,https://indomet.gob.do/wp-content/uploads/2026/01/temperaturas-extremas-y-precipitaciones-2026x01x12-a.pdf
2026-01-12,047,ARPT. DEL CIBAO,SANTIAGO,INDOMET,EMCI,29.4,16.2,3.8,https://indomet.gob.do/wp-content/uploads/2026/01/temperaturas-extremas-y-precipitaciones-2026x01x12-a.pdf
2026-01-12,048,VALLE NUEVO (EMA),LA VEGA,MARENA,EMAI,17.9,7.4,2.8,https://indomet.gob.do/wp-content/uploads/2026/01/temperaturas-extremas-y-precipitaciones-2026x01x12-a.pdf
2026-01-12,049,VILLA GONZALES,SANTIAGO,MINISTERIO DE AGRICULTURA,EMCI,,,2.8,https://indomet.gob.do/wp-content/uploads/2026/01/temperaturas-extremas-y-precipitaciones-2026x01x12-a.pdf
2026-01-12,050,LUPERÓN,PUERTO PLATA,MINISTERIO DE AGRICULTURA,EMCV,,,2.5,https://indomet.gob.do/wp-content/uploads/2026/01/temperaturas-extremas-y-precipitaciones-2026x01x12-a.pdf
2026-01-12,051,TÁBARA ABAJO,AZUA,INDRHI,EMCI,32.0,17.0,2.2,https://indomet.gob.do/wp-content/uploads/2026/01/temperaturas-extremas-y-precipitaciones-2026x01x12-a.pdf
2026-01-12,052,JIMA ABAJO,LA VEGA,INDOMET,EMCI,31.0,18.0,2.0,https://indomet.gob.do/wp-content/uploads/2026/01/temperaturas-extremas-y-precipitaciones-2026x01x12-a.pdf
2026-01-12,053,PRESA DE TAVERAS (EMA),LA VEGA,PROGRAMA MUNDIAL DE ALIMENTO,EMAP,29.1,19.6,1.6,https://indomet.gob.do/wp-content/uploads/2026/01/temperaturas-extremas-y-precipitaciones-2026x01x12-a.pdf
2026-01-12,054,HONDO VALLE,ELÍAS PIÑA,MINISTERIO DE AGRICULTURA,EMCI,25.8,12.7,1.2,https://indomet.gob.do/wp-content/uploads/2026/01/temperaturas-extremas-y-precipitaciones-2026x01x12-a.pdf
2026-01-12,055,ARPT. LA ISABELA,SANTO DOMINGO,INDOMET,EMCI,30.5,19.5,1.1,https://indomet.gob.do/wp-content/uploads/2026/01/temperaturas-extremas-y-precipitaciones-2026x01x12-a.pdf
2026-01-12,056,RANCHO ARRIBA,SAN JOSÉ DE OCOA,CENTRO TECNOLÓGICO COMUNITARIO,EMCI,25.4,14.5,0.9,https://indomet.gob.do/wp-content/uploads/2026/01/temperaturas-extremas-y-precipitaciones-2026x01x12-a.pdf
2026-01-12,057,HATO MAYOR,HATO MAYOR,MINISTERIO DE AGRICULTURA,EMCV,,,0.8,https://indomet.gob.do/wp-content/uploads/2026/01/temperaturas-extremas-y-precipitaciones-2026x01x12-a.pdf
2026-01-12,058,TAMBORIL,SANTIAGO,MINISTERIO DE AGRICULTURA,EMCV,,,0.8,https://indomet.gob.do/wp-content/uploads/2026/01/temperaturas-extremas-y-precipitaciones-2026x01x12-a.pdf
2026-01-12,059,ANAMUYA (EMA),LA ALTAGRACIA,MINISTERIO DE AGRICULTURA,EMAP,29.3,20.8,0.6,https://indomet.gob.do/wp-content/uploads/2026/01/temperaturas-extremas-y-precipitaciones-2026x01x12-a.pdf
2026-01-12,060,BOHECHÍO,SAN JUAN,MINISTERIO DE AGRICULTURA,EMCV,,,0.6,https://indomet.gob.do/wp-content/uploads/2026/01/temperaturas-extremas-y-precipitaciones-2026x01x12-a.pdf
2026-01-12,061,MICHES (EMA),EL SEIBO,PRIVADA,EMAP,27.4,20.1,0.6,https://indomet.gob.do/wp-content/uploads/2026/01/temperaturas-extremas-y-precipitaciones-2026x01x12-a.pdf
2026-01-12,062,ARROYO LORO,SAN JUAN,IDIAF,EMCI,31.9,20.2,0.1,https://indomet.gob.do/wp-content/uploads/2026/01/temperaturas-extremas-y-precipitaciones-2026x01x12-a.pdf
2026-01-12,063,ARPT. DE LA ROMANA,LA ROMANA,INDOMET,EMCI,30.1,19.0,0.0,https://indomet.gob.do/wp-content/uploads/2026/01/temperaturas-extremas-y-precipitaciones-2026x01x12-a.pdf
2026-01-12,064,BANI (EMA),PERAVIA,MINISTERIO DE AGRICULTURA,EMAP,30.2,23.1,0.0,https://indomet.gob.do/wp-content/uploads/2026/01/temperaturas-extremas-y-precipitaciones-2026x01x12-a.pdf
2026-01-12,065,BAYAGUANA,MONTE PLATA,INDOMET,EMCI,30.0,19.5,0.0,https://indomet.gob.do/wp-content/uploads/2026/01/temperaturas-extremas-y-precipitaciones-2026x01x12-a.pdf
2026-01-12,066,BOCA DE MAO (EMA),VALVERDE,MINISTERIO DE AGRICULTURA,EMAP,31.7,21.8,0.0,https://indomet.gob.do/wp-content/uploads/2026/01/temperaturas-extremas-y-precipitaciones-2026x01x12-a.pdf
2026-01-12,067,DAJABÓN,DAJABÓN,INSTITUTO POLITÉCNICO LOYOLA,EMCI,34.5,19.0,0.0,https://indomet.gob.do/wp-content/uploads/2026/01/temperaturas-extremas-y-precipitaciones-2026x01x12-a.pdf
2026-01-12,068,ELÍAS PIÑA,ELÍAS PIÑA,MINISTERIO DE AGRICULTURA,EMCV,,,0.0,https://indomet.gob.do/wp-content/uploads/2026/01/temperaturas-extremas-y-precipitaciones-2026x01x12-a.pdf
2026-01-12,069,ESCONDIDO,PERAVIA,MINISTERIO DE AGRICULTURA,EMCV,30.0,23.0,0.0,https://indomet.gob.do/wp-content/uploads/2026/01/temperaturas-extremas-y-precipitaciones-2026x01x12-a.pdf
2026-01-12,070,LAS CANAS (EMA),MONTE CRISTI,PROGRAMA MUNDIAL DE ALIMENTO,EMAP,26.3,21.8,0.0,https://indomet.gob.do/wp-content/uploads/2026/01/temperaturas-extremas-y-precipitaciones-2026x01x12-a.pdf
2026-01-12,071,LAS MATAS DE SANTA CRUZ (EMA),MONTE CRISTI,PROGRAMA MUNDIAL DE ALIMENTO,EMAP,,,0.0,https://indomet.gob.do/wp-content/uploads/2026/01/temperaturas-extremas-y-precipitaciones-2026x01x12-a.pdf
2026-01-12,072,MAO,VALVERDE,INDRHI / MINISTERIO DE AGRICULTURA,EMCV,,,0.0,https://indomet.gob.do/wp-content/uploads/2026/01/temperaturas-extremas-y-precipitaciones-2026x01x12-a.pdf
2026-01-12,073,MOCA,ESPAILLAT,MINISTERIO DE AGRICULTURA,EMCV,,,0.0,https://indomet.gob.do/wp-content/uploads/2026/01/temperaturas-extremas-y-precipitaciones-2026x01x12-a.pdf
2026-01-12,074,MONCIÓN (EMA),SANTIAGO RODRÍGUEZ,PROGRAMA MUNDIAL DE ALIMENTO,EMAP,28.2,20.2,0.0,https://indomet.gob.do/wp-content/uploads/2026/01/temperaturas-extremas-y-precipitaciones-2026x01x12-a.pdf
2026-01-12,075,MONTE CRISTI,MONTE CRISTI,INDOMET,EMCI,30.4,21.0,0.0,https://indomet.gob.do/wp-content/uploads/2026/01/temperaturas-extremas-y-precipitaciones-2026x01x12-a.pdf
2026-01-12,076,NAVARRETE,SANTIAGO,MINISTERIO DE AGRICULTURA,EMCV,,,0.0,https://indomet.gob.do/wp-content/uploads/2026/01/temperaturas-extremas-y-precipitaciones-2026x01x12-a.pdf
2026-01-12,077,PASO AL MEDIO,SAN PEDRO DE MACORÍS,INDRHI,EMCI,,,0.0,https://indomet.gob.do/wp-content/uploads/2026/01/temperaturas-extremas-y-precipitaciones-2026x01x12-a.pdf
2026-01-12,078,PESCADERIA (EMA),BARAHONA,MINISTERIO DE AGRICULTURA,EMAP,,,0.0,https://indomet.gob.do/wp-content/uploads/2026/01/temperaturas-extremas-y-precipitaciones-2026x01x12-a.pdf
2026-01-12,079,RESTAURACIÓN,DAJABÓN,MINISTERIO DE AGRICULTURA,EMCI,26.1,13.4,0.0,https://indomet.gob.do/wp-content/uploads/2026/01/temperaturas-extremas-y-precipitaciones-2026x01x12-a.pdf
2026-01-12,080,SABANETA (EMA),SANTIAGO RODRÍGUEZ,PROGRAMA MUNDIAL DE ALIMENTO,EMAP,32.6,22.4,0.0,https://indomet.gob.do/wp-content/uploads/2026/01/temperaturas-extremas-y-precipitaciones-2026x01x12-a.pdf
2026-01-12,081,SAN JOSÉ DE OCOA,SAN JOSÉ DE OCOA,HOSP. SAN JOSÉ DE OCOA,EMCI,29.8,18.6,0.0,https://indomet.gob.do/wp-content/uploads/2026/01/temperaturas-extremas-y-precipitaciones-2026x01x12-a.pdf
2026-01-12,082,SANTIAGO RODRÍGUEZ,SANTIAGO RODRÍGUEZ,INDOMET,EMCI,33.4,21.5,0.0,https://indomet.gob.do/wp-content/uploads/2026/01/temperaturas-extremas-y-precipitaciones-2026x01x12-a.pdf
2026-01-12,083,TAVERA,SANTIAGO,INDRHI,EMCI,,,0.0,https://indomet.gob.do/wp-content/uploads/2026/01/temperaturas-extremas-y-precipitaciones-2026x01x12-a.pdf
2026-01-12,084,VILLA ALTAGRACIA,SAN CRISTÓBAL,ESCUELA JAVIER ANGULO GURIDI,EMCI,,,0.0,https://indomet.gob.do/wp-content/uploads/2026/01/temperaturas-extremas-y-precipitaciones-2026x01x12-a.pdf
2026-01-12,085,VILLA ISABELA,PUERTO PLATA,MINISTERIO DE AGRICULTURA,EMCV,,,0.0,https://indomet.gob.do/wp-content/uploads/2026/01/temperaturas-extremas-y-precipitaciones-2026x01x12-a.pdf
2026-01-12,086,VILLA VASQUEZ (EMA),MONTE CRISTI,JUNTA DE REGANTES,EMAI,,,0.0,https://indomet.gob.do/wp-content/uploads/2026/01/temperaturas-extremas-y-precipitaciones-2026x01x12-a.pdf
2026-01-13,001,ELÍAS PIÑA,ELÍAS PIÑA,MINISTERIO DE AGRICULTURA,EMCV,,,20.0,https://indomet.gob.do/wp-content/uploads/2026/01/temperaturas-extremas-y-precipitaciones-2026x01x13-a.pdf
2026-01-13,002,ARPT. DE PUNTA CANA,LA ALTAGRACIA,INDOMET,EMCI,28.8,20.2,15.0,https://indomet.gob.do/wp-content/uploads/2026/01/temperaturas-extremas-y-precipitaciones-2026x01x13-a.pdf
2026-01-13,003,PRESA DE TAVERAS (EMA),LA VEGA,PROGRAMA MUNDIAL DE ALIMENTO,EMAP,26.7,17.3,7.2,https://indomet.gob.do/wp-content/uploads/2026/01/temperaturas-extremas-y-precipitaciones-2026x01x13-a.pdf
2026-01-13,004,SABANETA (EMA),SANTIAGO RODRÍGUEZ,PROGRAMA MUNDIAL DE ALIMENTO,EMAP,33.2,17.3,6.4,https://indomet.gob.do/wp-content/uploads/2026/01/temperaturas-extremas-y-precipitaciones-2026x01x13-a.pdf
2026-01-13,005,SANTIAGO RODRÍGUEZ,SANTIAGO RODRÍGUEZ,INDOMET,EMCI,33.7,17.5,5.9,https://indomet.gob.do/wp-content/uploads/2026/01/temperaturas-extremas-y-precipitaciones-2026x01x13-a.pdf
2026-01-13,006,DAJABÓN,DAJABÓN,INSTITUTO POLITÉCNICO LOYOLA,EMCI,34.0,18.9,5.8,https://indomet.gob.do/wp-content/uploads/2026/01/temperaturas-extremas-y-precipitaciones-2026x01x13-a.pdf
2026-01-13,007,SAN CRISTÓBAL,SAN CRISTÓBAL,INSTITUTO POLITÉCNICO LOYOLA,EMCI,30.2,18.4,4.6,https://indomet.gob.do/wp-content/uploads/2026/01/temperaturas-extremas-y-precipitaciones-2026x01x13-a.pdf
2026-01-13,008,JIMA ABAJO,LA VEGA,INDOMET,EMCI,30.6,17.5,4.0,https://indomet.gob.do/wp-content/uploads/2026/01/temperaturas-extremas-y-precipitaciones-2026x01x13-a.pdf
2026-01-13,009,HONDO VALLE,ELÍAS PIÑA,MINISTERIO DE AGRICULTURA,EMCI,25.3,12.1,3.8,https://indomet.gob.do/wp-content/uploads/2026/01/temperaturas-extremas-y-precipitaciones-2026x01x13-a.pdf
2026-01-13,010,CENTRO DE LOS HEROES (EMA),DISTRITO NACIONAL,MINISTERIO DE ENERGIA Y MINA,EMAP,30.1,22.9,3.6,https://indomet.gob.do/wp-content/uploads/2026/01/temperaturas-extremas-y-precipitaciones-2026x01x13-a.pdf
2026-01-13,011,BANI (EMA),PERAVIA,MINISTERIO DE AGRICULTURA,EMAP,29.7,21.5,3.4,https://indomet.gob.do/wp-content/uploads/2026/01/temperaturas-extremas-y-precipitaciones-2026x01x13-a.pdf
2026-01-13,012,JUMA BEJUCAL,MONSEÑOR NOUEL,IDIAF,EMCV,30.4,18.2,2.4,https://indomet.gob.do/wp-content/uploads/2026/01/temperaturas-extremas-y-precipitaciones-2026x01x13-a.pdf
2026-01-13,013,JARDÍN BOTÁNICO NACIONAL,DISTRITO NACIONAL,JARDÍN BOTÁNICO NACIONAL,EMCV,28.9,18.2,2.0,https://indomet.gob.do/wp-content/uploads/2026/01/temperaturas-extremas-y-precipitaciones-2026x01x13-a.pdf
2026-01-13,014,MICHES (EMA),EL SEIBO,PRIVADA,EMAP,28.1,18.4,1.8,https://indomet.gob.do/wp-content/uploads/2026/01/temperaturas-extremas-y-precipitaciones-2026x01x13-a.pdf
2026-01-13,015,ENRIQUILLO,BARAHONA,MINISTERIO DE AGRICULTURA,EMCV,31.0,21.0,0.8,https://indomet.gob.do/wp-content/uploads/2026/01/temperaturas-extremas-y-precipitaciones-2026x01x13-a.pdf
2026-01-13,016,PEDERNALES,PEDERNALES,INDRHI,EMCI,,,0.6,https://indomet.gob.do/wp-content/uploads/2026/01/temperaturas-extremas-y-precipitaciones-2026x01x13-a.pdf
2026-01-13,017,BONAO,MONSEÑOR NOUEL,MINISTERIO DE AGRICULTURA,EMCV,,,0.5,https://indomet.gob.do/wp-content/uploads/2026/01/temperaturas-extremas-y-precipitaciones-2026x01x13-a.pdf
2026-01-13,018,RANCHO ARRIBA,SAN JOSÉ DE OCOA,CENTRO TECNOLÓGICO COMUNITARIO,EMCI,24.4,11.6,0.3,https://indomet.gob.do/wp-content/uploads/2026/01/temperaturas-extremas-y-precipitaciones-2026x01x13-a.pdf
2026-01-13,019,ALTAMIRA,PUERTO PLATA,HOSP. MPAL. DE ALTAMIRA,EMCI,27.0,16.4,0.2,https://indomet.gob.do/wp-content/uploads/2026/01/temperaturas-extremas-y-precipitaciones-2026x01x13-a.pdf
2026-01-13,020,PERALTA,AZUA,HOSP. MPAL. DE PERALTA,EMCI,27.7,14.4,0.2,https://indomet.gob.do/wp-content/uploads/2026/01/temperaturas-extremas-y-precipitaciones-2026x01x13-a.pdf
2026-01-13,021,CABRAL,BARAHONA,MINISTERIO DE AGRICULTURA,EMCV,29.5,18.5,0.1,https://indomet.gob.do/wp-content/uploads/2026/01/temperaturas-extremas-y-precipitaciones-2026x01x13-a.pdf
2026-01-13,022,OLIVARES,PEDERNALES,INDRHI,EMCI,,,0.1,https://indomet.gob.do/wp-content/uploads/2026/01/temperaturas-extremas-y-precipitaciones-2026x01x13-a.pdf
2026-01-13,023,POLO,BARAHONA,INDOCAFE,EMCI,,15.0,0.1,https://indomet.gob.do/wp-content/uploads/2026/01/temperaturas-extremas-y-precipitaciones-2026x01x13-a.pdf
2026-01-13,024,SABANA GRANDE DE BOYÁ,MONTE PLATA,MINISTERIO DE AGRICULTURA,EMCV,,,0.1,https://indomet.gob.do/wp-content/uploads/2026/01/temperaturas-extremas-y-precipitaciones-2026x01x13-a.pdf
2026-01-13,025,SAN RAFAEL DEL YUMA,LA ALTAGRACIA,MINISTERIO DE AGRICULTURA,EMCI,30.1,19.3,0.1,https://indomet.gob.do/wp-content/uploads/2026/01/temperaturas-extremas-y-precipitaciones-2026x01x13-a.pdf
2026-01-13,026,SANTO DOMINGO ESTE,SANTO DOMINGO,INDOMET,EMCI,30.8,22.2,0.1,https://indomet.gob.do/wp-content/uploads/2026/01/temperaturas-extremas-y-precipitaciones-2026x01x13-a.pdf
2026-01-13,027,ALTO BANDERA (EMA),LA VEGA,INTEC,EMAP,13.6,4.7,0.0,https://indomet.gob.do/wp-content/uploads/2026/01/temperaturas-extremas-y-precipitaciones-2026x01x13-a.pdf
2026-01-13,028,ANAMUYA (EMA),LA ALTAGRACIA,MINISTERIO DE AGRICULTURA,EMAP,29.3,20.4,0.0,https://indomet.gob.do/wp-content/uploads/2026/01/temperaturas-extremas-y-precipitaciones-2026x01x13-a.pdf
2026-01-13,029,ARPT. ARROYO BARRIL,SAMANÁ,INDOMET,EMCI,28.7,20.0,0.0,https://indomet.gob.do/wp-content/uploads/2026/01/temperaturas-extremas-y-precipitaciones-2026x01x13-a.pdf
2026-01-13,030,ARPT. DE LA ROMANA,LA ROMANA,INDOMET,EMCI,30.7,19.4,0.0,https://indomet.gob.do/wp-content/uploads/2026/01/temperaturas-extremas-y-precipitaciones-2026x01x13-a.pdf
2026-01-13,031,ARPT. DE LAS AMÉRICAS,SANTO DOMINGO,INDOMET,EMCI,29.5,19.8,0.0,https://indomet.gob.do/wp-content/uploads/2026/01/temperaturas-extremas-y-precipitaciones-2026x01x13-a.pdf
2026-01-13,032,ARPT. DEL CIBAO,SANTIAGO,INDOMET,EMCI,30.0,20.0,0.0,https://indomet.gob.do/wp-content/uploads/2026/01/temperaturas-extremas-y-precipitaciones-2026x01x13-a.pdf
2026-01-13,033,ARPT. EL CATEY,SAMANÁ,INDOMET,EMCI,28.2,18.0,0.0,https://indomet.gob.do/wp-content/uploads/2026/01/temperaturas-extremas-y-precipitaciones-2026x01x13-a.pdf
2026-01-13,034,ARPT. GREGORIO LUPERÓN,PUERTO PLATA,INDOMET,EMCI,28.5,19.0,0.0,https://indomet.gob.do/wp-content/uploads/2026/01/temperaturas-extremas-y-precipitaciones-2026x01x13-a.pdf
2026-01-13,035,ARPT. LA ISABELA,SANTO DOMINGO,INDOMET,EMCI,34.0,20.0,0.0,https://indomet.gob.do/wp-content/uploads/2026/01/temperaturas-extremas-y-precipitaciones-2026x01x13-a.pdf
2026-01-13,036,ARPT. MARÍA MONTEZ,BARAHONA,INDOMET,EMCI,29.6,22.0,0.0,https://indomet.gob.do/wp-content/uploads/2026/01/temperaturas-extremas-y-precipitaciones-2026x01x13-a.pdf
2026-01-13,037,ARROYO LORO,SAN JUAN,IDIAF,EMCI,30.2,14.9,0.0,https://indomet.gob.do/wp-content/uploads/2026/01/temperaturas-extremas-y-precipitaciones-2026x01x13-a.pdf
2026-01-13,038,BAYAGUANA,MONTE PLATA,INDOMET,EMCI,30.2,20.2,0.0,https://indomet.gob.do/wp-content/uploads/2026/01/temperaturas-extremas-y-precipitaciones-2026x01x13-a.pdf
2026-01-13,039,BOCA DE MAO (EMA),VALVERDE,MINISTERIO DE AGRICULTURA,EMAP,31.5,19.8,0.0,https://indomet.gob.do/wp-content/uploads/2026/01/temperaturas-extremas-y-precipitaciones-2026x01x13-a.pdf
2026-01-13,040,CABRERA,MARÍA TRINIDAD SÁNCHEZ,ESCUELA ARÍSTIDES FIALLO CABRAL,EMCI,30.0,22.8,0.0,https://indomet.gob.do/wp-content/uploads/2026/01/temperaturas-extremas-y-precipitaciones-2026x01x13-a.pdf
2026-01-13,041,CONSTANZA,LA VEGA,MINISTERIO DE AGRICULTURA,EMCI,25.0,9.0,0.0,https://indomet.gob.do/wp-content/uploads/2026/01/temperaturas-extremas-y-precipitaciones-2026x01x13-a.pdf
2026-01-13,042,CONSTANZA (EMA),LA VEGA,PROGRAMA MUNDIAL DE ALIMENTO,EMAP,24.0,9.7,0.0,https://indomet.gob.do/wp-content/uploads/2026/01/temperaturas-extremas-y-precipitaciones-2026x01x13-a.pdf
2026-01-13,043,COTUÍ,SÁNCHEZ RAMÍREZ,HOSP. INMACULADA CONCEPCIÓN,EMCV,,,0.0,https://indomet.gob.do/wp-content/uploads/2026/01/temperaturas-extremas-y-precipitaciones-2026x01x13-a.pdf
2026-01-13,044,EL CERCADO,SAN JUAN,MINISTERIO DE AGRICULTURA,EMCV,,,0.0,https://indomet.gob.do/wp-content/uploads/2026/01/temperaturas-extremas-y-precipitaciones-2026x01x13-a.pdf
2026-01-13,045,EL FACTOR (EMA),MARÍA TRINIDAD SÁNCHEZ,INTEC,EMAP,31.9,18.6,0.0,https://indomet.gob.do/wp-content/uploads/2026/01/temperaturas-extremas-y-precipitaciones-2026x01x13-a.pdf
2026-01-13,046,GASPAR HERNÁNDEZ,ESPAILLAT,PROPIEDAD DEL EMPLEADO,EMCI,,,0.0,https://indomet.gob.do/wp-content/uploads/2026/01/temperaturas-extremas-y-precipitaciones-2026x01x13-a.pdf
2026-01-13,047,GURABO,SANTIAGO,MINISTERIO DE AGRICULTURA,EMCV,,,0.0,https://indomet.gob.do/wp-content/uploads/2026/01/temperaturas-extremas-y-precipitaciones-2026x01x13-a.pdf
2026-01-13,048,HATO MAYOR,HATO MAYOR,MINISTERIO DE AGRICULTURA,EMCV,,,0.0,https://indomet.gob.do/wp-content/uploads/2026/01/temperaturas-extremas-y-precipitaciones-2026x01x13-a.pdf
2026-01-13,049,JARABACOA,LA VEGA,INDRHI / MARENA,EMCI,28.4,13.0,0.0,https://indomet.gob.do/wp-content/uploads/2026/01/temperaturas-extremas-y-precipitaciones-2026x01x13-a.pdf
2026-01-13,050,JIMANÍ,INDEPENDENCIA,MINISTERIO DE AGRICULTURA,EMCI,30.5,20.0,0.0,https://indomet.gob.do/wp-content/uploads/2026/01/temperaturas-extremas-y-precipitaciones-2026x01x13-a.pdf
2026-01-13,051,LA VEGA,LA VEGA,IATESA,EMCI,30.0,18.5,0.0,https://indomet.gob.do/wp-content/uploads/2026/01/temperaturas-extremas-y-precipitaciones-2026x01x13-a.pdf
2026-01-13,052,LA VICTORIA,SANTO DOMINGO,CUERPO DE BOMBEROS,EMCI,32.0,18.9,0.0,https://indomet.gob.do/wp-content/uploads/2026/01/temperaturas-extremas-y-precipitaciones-2026x01x13-a.pdf
2026-01-13,053,LAS CANAS (EMA),MONTE CRISTI,PROGRAMA MUNDIAL DE ALIMENTO,EMAP,27.3,20.7,0.0,https://indomet.gob.do/wp-content/uploads/2026/01/temperaturas-extremas-y-precipitaciones-2026x01x13-a.pdf
2026-01-13,054,LAS MATAS DE SANTA CRUZ (EMA,MONTE CRISTI,PROGRAMA MUNDIAL DE ALIMENTO,EMAP,,,0.0,https://indomet.gob.do/wp-content/uploads/2026/01/temperaturas-extremas-y-precipitaciones-2026x01x13-a.pdf
2026-01-13,055,LOS JENGIBRES,NAGUA,INDRHI,EMCI,,,0.0,https://indomet.gob.do/wp-content/uploads/2026/01/temperaturas-extremas-y-precipitaciones-2026x01x13-a.pdf
2026-01-13,056,LOS LLANOS,SAN PEDRO DE MACORÍS,MINISTERIO DE AGRICULTURA,EMCI,31.2,18.0,0.0,https://indomet.gob.do/wp-content/uploads/2026/01/temperaturas-extremas-y-precipitaciones-2026x01x13-a.pdf
2026-01-13,057,LOS TRES CHARCOS (EMA),PEDERNALES,PROPIEDAD DEL VOLUNTARIO,EMAP,,,0.0,https://indomet.gob.do/wp-content/uploads/2026/01/temperaturas-extremas-y-precipitaciones-2026x01x13-a.pdf
2026-01-13,058,MAO,VALVERDE,INDRHI / MINISTERIO DE AGRICULTURA,EMCV,,,0.0,https://indomet.gob.do/wp-content/uploads/2026/01/temperaturas-extremas-y-precipitaciones-2026x01x13-a.pdf
2026-01-13,059,MONCIÓN (EMA),SANTIAGO RODRÍGUEZ,PROGRAMA MUNDIAL DE ALIMENTO,EMAP,27.8,15.1,0.0,https://indomet.gob.do/wp-content/uploads/2026/01/temperaturas-extremas-y-precipitaciones-2026x01x13-a.pdf
2026-01-13,060,MONTE CRISTI,MONTE CRISTI,INDOMET,EMCI,31.5,22.7,0.0,https://indomet.gob.do/wp-content/uploads/2026/01/temperaturas-extremas-y-precipitaciones-2026x01x13-a.pdf
2026-01-13,061,NAVARRETE,SANTIAGO,MINISTERIO DE AGRICULTURA,EMCV,,,0.0,https://indomet.gob.do/wp-content/uploads/2026/01/temperaturas-extremas-y-precipitaciones-2026x01x13-a.pdf
2026-01-13,062,OVIEDO,PEDERNALES,CLÍNICA RURAL OVIEDO,EMCI,29.5,19.0,0.0,https://indomet.gob.do/wp-content/uploads/2026/01/temperaturas-extremas-y-precipitaciones-2026x01x13-a.pdf
2026-01-13,063,PADRE LAS CASAS,AZUA,HOSP. NTRA. SRA. DEL CARMEN,EMCI,29.0,15.0,0.0,https://indomet.gob.do/wp-content/uploads/2026/01/temperaturas-extremas-y-precipitaciones-2026x01x13-a.pdf
2026-01-13,064,PALO ÍNDIO,PUERTO PLATA,MINISTERIO DE AGRICULTURA,EMCI,,,0.0,https://indomet.gob.do/wp-content/uploads/2026/01/temperaturas-extremas-y-precipitaciones-2026x01x13-a.pdf
2026-01-13,065,PARQUE MIRADOR SUR,DISTRITO NACIONAL,AYUNTAMIENTO,EMCV,28.0,16.6,0.0,https://indomet.gob.do/wp-content/uploads/2026/01/temperaturas-extremas-y-precipitaciones-2026x01x13-a.pdf
2026-01-13,066,PASO AL MEDIO,SAN PEDRO DE MACORÍS,INDRHI,EMCI,,,0.0,https://indomet.gob.do/wp-content/uploads/2026/01/temperaturas-extremas-y-precipitaciones-2026x01x13-a.pdf
2026-01-13,067,PONTÓN ABAJO (EMA),LA VEGA,MINISTERIO DE AGRICULTURA,EMAP,30.1,20.2,0.0,https://indomet.gob.do/wp-content/uploads/2026/01/temperaturas-extremas-y-precipitaciones-2026x01x13-a.pdf
2026-01-13,068,RESTAURACIÓN,DAJABÓN,MINISTERIO DE AGRICULTURA,EMCI,27.4,11.5,0.0,https://indomet.gob.do/wp-content/uploads/2026/01/temperaturas-extremas-y-precipitaciones-2026x01x13-a.pdf
2026-01-13,069,RÍO SAN JUAN,MARÍA TRINIDAD SÁNCHEZ,HOSP. MPAL. DR. DESIDERIO ACOSTA,EMCV,30.6,19.0,0.0,https://indomet.gob.do/wp-content/uploads/2026/01/temperaturas-extremas-y-precipitaciones-2026x01x13-a.pdf
2026-01-13,070,SABANA DE LA MAR,HATO MAYOR,INDOMET,EMCI,30.0,18.0,0.0,https://indomet.gob.do/wp-content/uploads/2026/01/temperaturas-extremas-y-precipitaciones-2026x01x13-a.pdf
2026-01-13,071,SALCEDO,HERMANAS MIRABAL,PROPIEDAD DEL EMPLEADO,EMCI,,,0.0,https://indomet.gob.do/wp-content/uploads/2026/01/temperaturas-extremas-y-precipitaciones-2026x01x13-a.pdf
2026-01-13,072,SAMANÁ,SAMANÁ,COMANDANCIA DE PUERTO DE SAMANÁ,EMCI,30.4,15.4,0.0,https://indomet.gob.do/wp-content/uploads/2026/01/temperaturas-extremas-y-precipitaciones-2026x01x13-a.pdf
2026-01-13,073,SAN FRANCISCO DE MACORÍS,DUARTE,San Francisco de Macorís (UASD),EMCI,26.1,17.7,0.0,https://indomet.gob.do/wp-content/uploads/2026/01/temperaturas-extremas-y-precipitaciones-2026x01x13-a.pdf
2026-01-13,074,SAN JOSÉ DE OCOA,SAN JOSÉ DE OCOA,HOSP. SAN JOSÉ DE OCOA,EMCI,28.7,16.1,0.0,https://indomet.gob.do/wp-content/uploads/2026/01/temperaturas-extremas-y-precipitaciones-2026x01x13-a.pdf
2026-01-13,075,SÁNCHEZ,SAMANÁ,MINISTERIO DE AGRICULTURA,EMCI,28.2,18.6,0.0,https://indomet.gob.do/wp-content/uploads/2026/01/temperaturas-extremas-y-precipitaciones-2026x01x13-a.pdf
2026-01-13,076,SAJOMA (EMA),SANTIAGO,PLAN SIERRA,EMAI,28.1,18.0,0.0,https://indomet.gob.do/wp-content/uploads/2026/01/temperaturas-extremas-y-precipitaciones-2026x01x13-a.pdf
2026-01-13,077,JARDÍN BOTÁNICO SANTIAGO (EMSANTIAGO,,JARDIN BOTANICO SANTIAGO,EMAI,29.5,20.8,0.0,https://indomet.gob.do/wp-content/uploads/2026/01/temperaturas-extremas-y-precipitaciones-2026x01x13-a.pdf
2026-01-13,078,BUCARA (EMA),SANTIAGO,MINISTERIO DE AGRICULTURA,EMAI,,,0.0,https://indomet.gob.do/wp-content/uploads/2026/01/temperaturas-extremas-y-precipitaciones-2026x01x13-a.pdf
2026-01-13,079,VILLA GONZALE (EMA),SANTIAGO,IGLESIA,EMAI,,,0.0,https://indomet.gob.do/wp-content/uploads/2026/01/temperaturas-extremas-y-precipitaciones-2026x01x13-a.pdf
2026-01-13,080,VILLA VASQUEZ (EMA),MONTE CRISTI,JUNTA DE REGANTES,EMAI,,,0.0,https://indomet.gob.do/wp-content/uploads/2026/01/temperaturas-extremas-y-precipitaciones-2026x01x13-a.pdf
2026-01-13,081,TÁBARA ABAJO,AZUA,INDRHI,EMCI,31.0,18.5,0.0,https://indomet.gob.do/wp-content/uploads/2026/01/temperaturas-extremas-y-precipitaciones-2026x01x13-a.pdf
2026-01-13,082,TAVERA,SANTIAGO,INDRHI,EMCI,,,0.0,https://indomet.gob.do/wp-content/uploads/2026/01/temperaturas-extremas-y-precipitaciones-2026x01x13-a.pdf
2026-01-13,083,VALLE NUEVO (EMA),LA VEGA,MARENA,EMAI,,,0.0,https://indomet.gob.do/wp-content/uploads/2026/01/temperaturas-extremas-y-precipitaciones-2026x01x13-a.pdf
2026-01-13,084,VILLA ALTAGRACIA,SAN CRISTÓBAL,ESCUELA JAVIER ANGULO GURIDI,EMCI,,,0.0,https://indomet.gob.do/wp-content/uploads/2026/01/temperaturas-extremas-y-precipitaciones-2026x01x13-a.pdf
2026-01-13,085,VILLA GONZALES,SANTIAGO,MINISTERIO DE AGRICULTURA,EMCI,,,0.0,https://indomet.gob.do/wp-content/uploads/2026/01/temperaturas-extremas-y-precipitaciones-2026x01x13-a.pdf
2026-01-13,086,VILLA RIVA,DUARTE,HOSP. MPAL. ALICIA DE LEGENDRE,EMCI,28.0,16.6,0.0,https://indomet.gob.do/wp-content/uploads/2026/01/temperaturas-extremas-y-precipitaciones-2026x01x13-a.pdf
2026-01-14,001,JARDÍN BOTÁNICO NACIONAL,DISTRITO NACIONAL,JARDÍN BOTÁNICO NACIONAL,EMCV,30.3,17.8,9.0,https://indomet.gob.do/wp-content/uploads/2026/01/temperaturas-extremas-y-precipitaciones-2026x01x14-a.pdf
2026-01-14,002,SÁNCHEZ,SAMANÁ,MINISTERIO DE AGRICULTURA,EMCI,28.6,20.0,8.6,https://indomet.gob.do/wp-content/uploads/2026/01/temperaturas-extremas-y-precipitaciones-2026x01x14-a.pdf
2026-01-14,003,SAN CRISTÓBAL,SAN CRISTÓBAL,INSTITUTO POLITÉCNICO LOYOLA,EMCI,31.0,19.2,5.4,https://indomet.gob.do/wp-content/uploads/2026/01/temperaturas-extremas-y-precipitaciones-2026x01x14-a.pdf
2026-01-14,004,ESCONDIDO,PERAVIA,MINISTERIO DE AGRICULTURA,EMCV,30.0,21.0,4.5,https://indomet.gob.do/wp-content/uploads/2026/01/temperaturas-extremas-y-precipitaciones-2026x01x14-a.pdf
2026-01-14,005,SANTO DOMINGO ESTE,SANTO DOMINGO,INDOMET,EMCI,31.0,21.5,2.9,https://indomet.gob.do/wp-content/uploads/2026/01/temperaturas-extremas-y-precipitaciones-2026x01x14-a.pdf
2026-01-14,006,CENTRO DE LOS HEROES (EMA),DISTRITO NACIONAL,MINISTERIO DE ENERGIA Y MINA,EMAP,29.8,22.8,2.2,https://indomet.gob.do/wp-content/uploads/2026/01/temperaturas-extremas-y-precipitaciones-2026x01x14-a.pdf
2026-01-14,007,PARQUE MIRADOR SUR,DISTRITO NACIONAL,AYUNTAMIENTO,EMCV,32.0,21.5,2.0,https://indomet.gob.do/wp-content/uploads/2026/01/temperaturas-extremas-y-precipitaciones-2026x01x14-a.pdf
2026-01-14,008,ARPT. LA ISABELA,SANTO DOMINGO,INDOMET,EMCI,30.8,19.0,1.8,https://indomet.gob.do/wp-content/uploads/2026/01/temperaturas-extremas-y-precipitaciones-2026x01x14-a.pdf
2026-01-14,009,ARPT. DE LA ROMANA,LA ROMANA,INDOMET,EMCI,29.8,18.2,1.6,https://indomet.gob.do/wp-content/uploads/2026/01/temperaturas-extremas-y-precipitaciones-2026x01x14-a.pdf
2026-01-14,010,ARPT. EL CATEY,SAMANÁ,INDOMET,EMCI,29.5,18.5,0.8,https://indomet.gob.do/wp-content/uploads/2026/01/temperaturas-extremas-y-precipitaciones-2026x01x14-a.pdf
2026-01-14,011,MICHES (EMA),EL SEIBO,PRIVADA,EMAP,30.2,19.8,0.8,https://indomet.gob.do/wp-content/uploads/2026/01/temperaturas-extremas-y-precipitaciones-2026x01x14-a.pdf
2026-01-14,012,ENRIQUILLO,BARAHONA,MINISTERIO DE AGRICULTURA,EMCV,31.5,21.5,0.6,https://indomet.gob.do/wp-content/uploads/2026/01/temperaturas-extremas-y-precipitaciones-2026x01x14-a.pdf
2026-01-14,013,ALTAMIRA,PUERTO PLATA,HOSP. MPAL. DE ALTAMIRA,EMCI,30.2,16.1,0.3,https://indomet.gob.do/wp-content/uploads/2026/01/temperaturas-extremas-y-precipitaciones-2026x01x14-a.pdf
2026-01-14,014,CABRAL,BARAHONA,MINISTERIO DE AGRICULTURA,EMCV,30.0,19.2,0.1,https://indomet.gob.do/wp-content/uploads/2026/01/temperaturas-extremas-y-precipitaciones-2026x01x14-a.pdf
2026-01-14,015,ALTO BANDERA (EMA),LA VEGA,INTEC,EMAP,16.6,5.2,0.0,https://indomet.gob.do/wp-content/uploads/2026/01/temperaturas-extremas-y-precipitaciones-2026x01x14-a.pdf
2026-01-14,016,ANAMUYA (EMA),LA ALTAGRACIA,MINISTERIO DE AGRICULTURA,EMAP,30.2,20.9,0.0,https://indomet.gob.do/wp-content/uploads/2026/01/temperaturas-extremas-y-precipitaciones-2026x01x14-a.pdf
2026-01-14,017,ARPT. ARROYO BARRIL,SAMANÁ,INDOMET,EMCI,30.2,19.5,0.0,https://indomet.gob.do/wp-content/uploads/2026/01/temperaturas-extremas-y-precipitaciones-2026x01x14-a.pdf
2026-01-14,018,ARPT. DE LAS AMÉRICAS,SANTO DOMINGO,INDOMET,EMCI,29.5,19.5,0.0,https://indomet.gob.do/wp-content/uploads/2026/01/temperaturas-extremas-y-precipitaciones-2026x01x14-a.pdf
2026-01-14,019,ARPT. DE PUNTA CANA,LA ALTAGRACIA,INDOMET,EMCI,29.3,20.0,0.0,https://indomet.gob.do/wp-content/uploads/2026/01/temperaturas-extremas-y-precipitaciones-2026x01x14-a.pdf
2026-01-14,020,ARPT. DEL CIBAO,SANTIAGO,INDOMET,EMCI,30.2,17.0,0.0,https://indomet.gob.do/wp-content/uploads/2026/01/temperaturas-extremas-y-precipitaciones-2026x01x14-a.pdf
2026-01-14,021,ARPT. GREGORIO LUPERÓN,PUERTO PLATA,INDOMET,EMCI,29.2,18.2,0.0,https://indomet.gob.do/wp-content/uploads/2026/01/temperaturas-extremas-y-precipitaciones-2026x01x14-a.pdf
2026-01-14,022,ARPT. MARÍA MONTEZ,BARAHONA,INDOMET,EMCI,30.0,19.6,0.0,https://indomet.gob.do/wp-content/uploads/2026/01/temperaturas-extremas-y-precipitaciones-2026x01x14-a.pdf
2026-01-14,023,ARROYO LORO,SAN JUAN,IDIAF,EMCI,30.0,17.5,0.0,https://indomet.gob.do/wp-content/uploads/2026/01/temperaturas-extremas-y-precipitaciones-2026x01x14-a.pdf
2026-01-14,024,BANI (EMA),PERAVIA,MINISTERIO DE AGRICULTURA,EMAP,29.6,21.6,0.0,https://indomet.gob.do/wp-content/uploads/2026/01/temperaturas-extremas-y-precipitaciones-2026x01x14-a.pdf
2026-01-14,025,BASE AÉREA DE SAN ISIDRO,SANTO DOMINGO,FUERZA AÉREA DOMINICANA,EMCV,31.0,19.8,0.0,https://indomet.gob.do/wp-content/uploads/2026/01/temperaturas-extremas-y-precipitaciones-2026x01x14-a.pdf
2026-01-14,026,BAYAGUANA,MONTE PLATA,INDOMET,EMCI,31.8,15.4,0.0,https://indomet.gob.do/wp-content/uploads/2026/01/temperaturas-extremas-y-precipitaciones-2026x01x14-a.pdf
2026-01-14,027,BOCA DE MAO (EMA),VALVERDE,MINISTERIO DE AGRICULTURA,EMAP,31.8,17.9,0.0,https://indomet.gob.do/wp-content/uploads/2026/01/temperaturas-extremas-y-precipitaciones-2026x01x14-a.pdf
2026-01-14,028,BONAO,MONSEÑOR NOUEL,MINISTERIO DE AGRICULTURA,EMCV,,,0.0,https://indomet.gob.do/wp-content/uploads/2026/01/temperaturas-extremas-y-precipitaciones-2026x01x14-a.pdf
2026-01-14,029,BUCARA (EMA),SANTIAGO,MINISTERIO DE AGRICULTURA,EMAI,,,0.0,https://indomet.gob.do/wp-content/uploads/2026/01/temperaturas-extremas-y-precipitaciones-2026x01x14-a.pdf
2026-01-14,030,CABRERA,MARÍA TRINIDAD SÁNCHEZ,ESCUELA ARÍSTIDES FIALLO CABRAL,EMCI,30.0,22.0,0.0,https://indomet.gob.do/wp-content/uploads/2026/01/temperaturas-extremas-y-precipitaciones-2026x01x14-a.pdf
2026-01-14,031,CONSTANZA,LA VEGA,MINISTERIO DE AGRICULTURA,EMCI,26.0,9.2,0.0,https://indomet.gob.do/wp-content/uploads/2026/01/temperaturas-extremas-y-precipitaciones-2026x01x14-a.pdf
2026-01-14,032,CONSTANZA (EMA),LA VEGA,PROGRAMA MUNDIAL DE ALIMENTO,EMAP,24.4,10.3,0.0,https://indomet.gob.do/wp-content/uploads/2026/01/temperaturas-extremas-y-precipitaciones-2026x01x14-a.pdf
2026-01-14,033,DAJABÓN,DAJABÓN,INSTITUTO POLITÉCNICO LOYOLA,EMCI,34.5,17.2,0.0,https://indomet.gob.do/wp-content/uploads/2026/01/temperaturas-extremas-y-precipitaciones-2026x01x14-a.pdf
2026-01-14,034,EL FACTOR (EMA),MARÍA TRINIDAD SÁNCHEZ,INTEC,EMAP,30.9,20.4,0.0,https://indomet.gob.do/wp-content/uploads/2026/01/temperaturas-extremas-y-precipitaciones-2026x01x14-a.pdf
2026-01-14,035,ELÍAS PIÑA,ELÍAS PIÑA,MINISTERIO DE AGRICULTURA,EMCV,,,0.0,https://indomet.gob.do/wp-content/uploads/2026/01/temperaturas-extremas-y-precipitaciones-2026x01x14-a.pdf
2026-01-14,036,GASPAR HERNÁNDEZ,ESPAILLAT,PROPIEDAD DEL EMPLEADO,EMCI,,,0.0,https://indomet.gob.do/wp-content/uploads/2026/01/temperaturas-extremas-y-precipitaciones-2026x01x14-a.pdf
2026-01-14,037,GURABO,SANTIAGO,MINISTERIO DE AGRICULTURA,EMCV,,,0.0,https://indomet.gob.do/wp-content/uploads/2026/01/temperaturas-extremas-y-precipitaciones-2026x01x14-a.pdf
2026-01-14,038,HATO MAYOR,HATO MAYOR,MINISTERIO DE AGRICULTURA,EMCV,,,0.0,https://indomet.gob.do/wp-content/uploads/2026/01/temperaturas-extremas-y-precipitaciones-2026x01x14-a.pdf
2026-01-14,039,HONDO VALLE,ELÍAS PIÑA,MINISTERIO DE AGRICULTURA,EMCI,24.6,11.3,0.0,https://indomet.gob.do/wp-content/uploads/2026/01/temperaturas-extremas-y-precipitaciones-2026x01x14-a.pdf
2026-01-14,040,JARABACOA,LA VEGA,INDRHI / MARENA,EMCI,29.0,12.2,0.0,https://indomet.gob.do/wp-content/uploads/2026/01/temperaturas-extremas-y-precipitaciones-2026x01x14-a.pdf
2026-01-14,041,JARDÍN BOTÁNICO SANTIAGO (EMSANTIAGO,,JARDIN BOTANICO SANTIAGO,EMAI,28.4,19.9,0.0,https://indomet.gob.do/wp-content/uploads/2026/01/temperaturas-extremas-y-precipitaciones-2026x01x14-a.pdf
2026-01-14,042,JIMA ABAJO,LA VEGA,INDOMET,EMCI,30.0,18.3,0.0,https://indomet.gob.do/wp-content/uploads/2026/01/temperaturas-extremas-y-precipitaciones-2026x01x14-a.pdf
2026-01-14,043,JIMANÍ,INDEPENDENCIA,MINISTERIO DE AGRICULTURA,EMCI,31.0,21.4,0.0,https://indomet.gob.do/wp-content/uploads/2026/01/temperaturas-extremas-y-precipitaciones-2026x01x14-a.pdf
2026-01-14,044,JUMA BEJUCAL,MONSEÑOR NOUEL,IDIAF,EMCV,29.0,17.8,0.0,https://indomet.gob.do/wp-content/uploads/2026/01/temperaturas-extremas-y-precipitaciones-2026x01x14-a.pdf
2026-01-14,045,LA VEGA,LA VEGA,IATESA,EMCI,30.0,18.0,0.0,https://indomet.gob.do/wp-content/uploads/2026/01/temperaturas-extremas-y-precipitaciones-2026x01x14-a.pdf
2026-01-14,046,LA VICTORIA,SANTO DOMINGO,CUERPO DE BOMBEROS,EMCI,31.5,20.5,0.0,https://indomet.gob.do/wp-content/uploads/2026/01/temperaturas-extremas-y-precipitaciones-2026x01x14-a.pdf
2026-01-14,047,LAS CANAS (EMA),MONTE CRISTI,PROGRAMA MUNDIAL DE ALIMENTO,EMAP,27.2,19.8,0.0,https://indomet.gob.do/wp-content/uploads/2026/01/temperaturas-extremas-y-precipitaciones-2026x01x14-a.pdf
2026-01-14,048,LAS MATAS DE SANTA CRUZ (EMA,MONTE CRISTI,PROGRAMA MUNDIAL DE ALIMENTO,EMAP,,,0.0,https://indomet.gob.do/wp-content/uploads/2026/01/temperaturas-extremas-y-precipitaciones-2026x01x14-a.pdf
2026-01-14,049,LOS LLANOS,SAN PEDRO DE MACORÍS,MINISTERIO DE AGRICULTURA,EMCI,30.9,18.0,0.0,https://indomet.gob.do/wp-content/uploads/2026/01/temperaturas-extremas-y-precipitaciones-2026x01x14-a.pdf
2026-01-14,050,LOS TRES CHARCOS (EMA),PEDERNALES,PROPIEDAD DEL VOLUNTARIO,EMAP,,,0.0,https://indomet.gob.do/wp-content/uploads/2026/01/temperaturas-extremas-y-precipitaciones-2026x01x14-a.pdf
2026-01-14,051,MAO,VALVERDE,INDRHI / MINISTERIO DE AGRICULTURA,EMCV,,,0.0,https://indomet.gob.do/wp-content/uploads/2026/01/temperaturas-extremas-y-precipitaciones-2026x01x14-a.pdf
2026-01-14,052,MONCIÓN (EMA),SANTIAGO RODRÍGUEZ,PROGRAMA MUNDIAL DE ALIMENTO,EMAP,29.4,16.8,0.0,https://indomet.gob.do/wp-content/uploads/2026/01/temperaturas-extremas-y-precipitaciones-2026x01x14-a.pdf
2026-01-14,053,MONTE CRISTI,MONTE CRISTI,INDOMET,EMCI,32.4,20.7,0.0,https://indomet.gob.do/wp-content/uploads/2026/01/temperaturas-extremas-y-precipitaciones-2026x01x14-a.pdf
2026-01-14,054,OLIVARES,PEDERNALES,INDRHI,EMCI,,,0.0,https://indomet.gob.do/wp-content/uploads/2026/01/temperaturas-extremas-y-precipitaciones-2026x01x14-a.pdf
2026-01-14,055,OVIEDO,PEDERNALES,CLÍNICA RURAL OVIEDO,EMCI,30.5,20.0,0.0,https://indomet.gob.do/wp-content/uploads/2026/01/temperaturas-extremas-y-precipitaciones-2026x01x14-a.pdf
2026-01-14,056,PADRE LAS CASAS,AZUA,HOSP. NTRA. SRA. DEL CARMEN,EMCI,29.5,15.0,0.0,https://indomet.gob.do/wp-content/uploads/2026/01/temperaturas-extremas-y-precipitaciones-2026x01x14-a.pdf
2026-01-14,057,PALO ÍNDIO,PUERTO PLATA,MINISTERIO DE AGRICULTURA,EMCI,,,0.0,https://indomet.gob.do/wp-content/uploads/2026/01/temperaturas-extremas-y-precipitaciones-2026x01x14-a.pdf
2026-01-14,058,PEDERNALES,PEDERNALES,INDRHI,EMCI,,,0.0,https://indomet.gob.do/wp-content/uploads/2026/01/temperaturas-extremas-y-precipitaciones-2026x01x14-a.pdf
2026-01-14,059,PERALTA,AZUA,HOSP. MPAL. DE PERALTA,EMCI,28.5,15.0,0.0,https://indomet.gob.do/wp-content/uploads/2026/01/temperaturas-extremas-y-precipitaciones-2026x01x14-a.pdf
2026-01-14,060,PESCADERIA (EMA),BARAHONA,MINISTERIO DE AGRICULTURA,EMAP,,,0.0,https://indomet.gob.do/wp-content/uploads/2026/01/temperaturas-extremas-y-precipitaciones-2026x01x14-a.pdf
2026-01-14,061,POLO,BARAHONA,INDOCAFE,EMCI,,12.0,0.0,https://indomet.gob.do/wp-content/uploads/2026/01/temperaturas-extremas-y-precipitaciones-2026x01x14-a.pdf
2026-01-14,062,PONTÓN ABAJO (EMA),LA VEGA,MINISTERIO DE AGRICULTURA,EMAP,,,0.0,https://indomet.gob.do/wp-content/uploads/2026/01/temperaturas-extremas-y-precipitaciones-2026x01x14-a.pdf
2026-01-14,063,PRESA DE TAVERAS (EMA),LA VEGA,PROGRAMA MUNDIAL DE ALIMENTO,EMAP,29.6,17.0,0.0,https://indomet.gob.do/wp-content/uploads/2026/01/temperaturas-extremas-y-precipitaciones-2026x01x14-a.pdf
2026-01-14,064,RANCHO ARRIBA,SAN JOSÉ DE OCOA,CENTRO TECNOLÓGICO COMUNITARIO,EMCI,25.0,11.8,0.0,https://indomet.gob.do/wp-content/uploads/2026/01/temperaturas-extremas-y-precipitaciones-2026x01x14-a.pdf
2026-01-14,065,RESTAURACIÓN,DAJABÓN,MINISTERIO DE AGRICULTURA,EMCI,28.6,11.2,0.0,https://indomet.gob.do/wp-content/uploads/2026/01/temperaturas-extremas-y-precipitaciones-2026x01x14-a.pdf
2026-01-14,066,RÍO SAN JUAN,MARÍA TRINIDAD SÁNCHEZ,HOSP. MPAL. DR. DESIDERIO ACOSTA,EMCV,31.2,19.5,0.0,https://indomet.gob.do/wp-content/uploads/2026/01/temperaturas-extremas-y-precipitaciones-2026x01x14-a.pdf
2026-01-14,067,SABANA DE LA MAR,HATO MAYOR,INDOMET,EMCI,29.5,18.5,0.0,https://indomet.gob.do/wp-content/uploads/2026/01/temperaturas-extremas-y-precipitaciones-2026x01x14-a.pdf
2026-01-14,068,SABANA GRANDE DE BOYÁ,MONTE PLATA,MINISTERIO DE AGRICULTURA,EMCV,,,0.0,https://indomet.gob.do/wp-content/uploads/2026/01/temperaturas-extremas-y-precipitaciones-2026x01x14-a.pdf
2026-01-14,069,SABANETA (EMA),SANTIAGO RODRÍGUEZ,PROGRAMA MUNDIAL DE ALIMENTO,EMAP,33.6,18.2,0.0,https://indomet.gob.do/wp-content/uploads/2026/01/temperaturas-extremas-y-precipitaciones-2026x01x14-a.pdf
2026-01-14,070,SAJOMA (EMA),SANTIAGO,PLAN SIERRA,EMAI,28.6,18.2,0.0,https://indomet.gob.do/wp-content/uploads/2026/01/temperaturas-extremas-y-precipitaciones-2026x01x14-a.pdf
2026-01-14,071,SALCEDO,HERMANAS MIRABAL,PROPIEDAD DEL EMPLEADO,EMCI,,,0.0,https://indomet.gob.do/wp-content/uploads/2026/01/temperaturas-extremas-y-precipitaciones-2026x01x14-a.pdf
2026-01-14,072,SAMANÁ,SAMANÁ,COMANDANCIA DE PUERTO DE SAMANÁ,EMCI,30.7,16.5,0.0,https://indomet.gob.do/wp-content/uploads/2026/01/temperaturas-extremas-y-precipitaciones-2026x01x14-a.pdf
2026-01-14,073,SAN FRANCISCO DE MACORÍS,DUARTE,San Francisco de Macorís (UASD),EMCI,29.9,20.1,0.0,https://indomet.gob.do/wp-content/uploads/2026/01/temperaturas-extremas-y-precipitaciones-2026x01x14-a.pdf
2026-01-14,074,SAN JOSÉ DE OCOA,SAN JOSÉ DE OCOA,HOSP. SAN JOSÉ DE OCOA,EMCI,29.6,16.3,0.0,https://indomet.gob.do/wp-content/uploads/2026/01/temperaturas-extremas-y-precipitaciones-2026x01x14-a.pdf
2026-01-14,075,SAN RAFAEL DEL YUMA,LA ALTAGRACIA,MINISTERIO DE AGRICULTURA,EMCI,30.3,20.4,0.0,https://indomet.gob.do/wp-content/uploads/2026/01/temperaturas-extremas-y-precipitaciones-2026x01x14-a.pdf
2026-01-14,076,SANTIAGO RODRÍGUEZ,SANTIAGO RODRÍGUEZ,INDOMET,EMCI,33.5,18.3,0.0,https://indomet.gob.do/wp-content/uploads/2026/01/temperaturas-extremas-y-precipitaciones-2026x01x14-a.pdf
2026-01-14,077,TÁBARA ABAJO,AZUA,INDRHI,EMCI,30.5,19.0,0.0,https://indomet.gob.do/wp-content/uploads/2026/01/temperaturas-extremas-y-precipitaciones-2026x01x14-a.pdf
2026-01-14,078,TAMBORIL,SANTIAGO,MINISTERIO DE AGRICULTURA,EMCV,,,0.0,https://indomet.gob.do/wp-content/uploads/2026/01/temperaturas-extremas-y-precipitaciones-2026x01x14-a.pdf
2026-01-14,079,VALLE NUEVO (EMA),LA VEGA,MARENA,EMAI,20.2,1.5,0.0,https://indomet.gob.do/wp-content/uploads/2026/01/temperaturas-extremas-y-precipitaciones-2026x01x14-a.pdf
2026-01-14,080,VILLA ALTAGRACIA,SAN CRISTÓBAL,ESCUELA JAVIER ANGULO GURIDI,EMCI,,,0.0,https://indomet.gob.do/wp-content/uploads/2026/01/temperaturas-extremas-y-precipitaciones-2026x01x14-a.pdf
2026-01-14,081,VILLA GONZALES,SANTIAGO,MINISTERIO DE AGRICULTURA,EMCI,,,0.0,https://indomet.gob.do/wp-content/uploads/2026/01/temperaturas-extremas-y-precipitaciones-2026x01x14-a.pdf
2026-01-14,082,VILLA RIVA,DUARTE,HOSP. MPAL. ALICIA DE LEGENDRE,EMCI,30.0,17.5,0.0,https://indomet.gob.do/wp-content/uploads/2026/01/temperaturas-extremas-y-precipitaciones-2026x01x14-a.pdf
2026-01-14,083,VILLA VÁSQUEZ,MONTE CRISTI,PROPIEDAD DEL EMPLEADO,EMCI,,,0.0,https://indomet.gob.do/wp-content/uploads/2026/01/temperaturas-extremas-y-precipitaciones-2026x01x14-a.pdf
2026-01-14,084,VILLA VASQUEZ (EMA),MONTE CRISTI,JUNTA DE REGANTES,EMAI,,,0.0,https://indomet.gob.do/wp-content/uploads/2026/01/temperaturas-extremas-y-precipitaciones-2026x01x14-a.pdf
2026-01-15,001,DAJABÓN,DAJABÓN,INSTITUTO POLITÉCNICO LOYOLA,EMCI,33.1,15.0,14.0,https://indomet.gob.do/wp-content/uploads/2026/01/temperaturas-extremas-y-precipitaciones-2026x01x15-a.pdf
2026-01-15,002,CENTRO DE LOS HEROES (EMA),DISTRITO NACIONAL,MINISTERIO DE ENERGIA Y MINA,EMAP,29.2,24.2,8.2,https://indomet.gob.do/wp-content/uploads/2026/01/temperaturas-extremas-y-precipitaciones-2026x01x15-a.pdf
2026-01-15,003,ENRIQUILLO,BARAHONA,MINISTERIO DE AGRICULTURA,EMCV,31.0,20.5,7.4,https://indomet.gob.do/wp-content/uploads/2026/01/temperaturas-extremas-y-precipitaciones-2026x01x15-a.pdf
2026-01-15,004,POLO,BARAHONA,INDOCAFE,EMCI,,14.0,5.6,https://indomet.gob.do/wp-content/uploads/2026/01/temperaturas-extremas-y-precipitaciones-2026x01x15-a.pdf
2026-01-15,005,BANI (EMA),PERAVIA,MINISTERIO DE AGRICULTURA,EMAP,29.5,23.1,5.0,https://indomet.gob.do/wp-content/uploads/2026/01/temperaturas-extremas-y-precipitaciones-2026x01x15-a.pdf
2026-01-15,006,ARPT. ARROYO BARRIL,SAMANÁ,INDOMET,EMCI,30.3,21.0,4.2,https://indomet.gob.do/wp-content/uploads/2026/01/temperaturas-extremas-y-precipitaciones-2026x01x15-a.pdf
2026-01-15,007,SANTO DOMINGO ESTE,SANTO DOMINGO,INDOMET,EMCI,30.7,22.5,3.8,https://indomet.gob.do/wp-content/uploads/2026/01/temperaturas-extremas-y-precipitaciones-2026x01x15-a.pdf
2026-01-15,008,SAN CRISTÓBAL,SAN CRISTÓBAL,INSTITUTO POLITÉCNICO LOYOLA,EMCI,30.0,18.2,3.4,https://indomet.gob.do/wp-content/uploads/2026/01/temperaturas-extremas-y-precipitaciones-2026x01x15-a.pdf
2026-01-15,009,SABANA DE LA MAR,HATO MAYOR,INDOMET,EMCI,31.0,21.0,3.3,https://indomet.gob.do/wp-content/uploads/2026/01/temperaturas-extremas-y-precipitaciones-2026x01x15-a.pdf
2026-01-15,010,SÁNCHEZ,SAMANÁ,MINISTERIO DE AGRICULTURA,EMCI,29.1,21.3,2.1,https://indomet.gob.do/wp-content/uploads/2026/01/temperaturas-extremas-y-precipitaciones-2026x01x15-a.pdf
2026-01-15,011,JARABACOA,LA VEGA,INDRHI / MARENA,EMCI,28.6,14.2,1.5,https://indomet.gob.do/wp-content/uploads/2026/01/temperaturas-extremas-y-precipitaciones-2026x01x15-a.pdf
2026-01-15,012,ARPT. DE PUNTA CANA,LA ALTAGRACIA,INDOMET,EMCI,29.5,21.4,1.2,https://indomet.gob.do/wp-content/uploads/2026/01/temperaturas-extremas-y-precipitaciones-2026x01x15-a.pdf
2026-01-15,013,ARPT. MARÍA MONTEZ,BARAHONA,INDOMET,EMCI,30.2,19.0,1.2,https://indomet.gob.do/wp-content/uploads/2026/01/temperaturas-extremas-y-precipitaciones-2026x01x15-a.pdf
2026-01-15,014,SAN JOSÉ DE OCOA,SAN JOSÉ DE OCOA,HOSP. SAN JOSÉ DE OCOA,EMCI,29.4,17.2,1.0,https://indomet.gob.do/wp-content/uploads/2026/01/temperaturas-extremas-y-precipitaciones-2026x01x15-a.pdf
2026-01-15,015,JARDÍN BOTÁNICO NACIONAL,DISTRITO NACIONAL,JARDÍN BOTÁNICO NACIONAL,EMCV,29.9,18.0,0.8,https://indomet.gob.do/wp-content/uploads/2026/01/temperaturas-extremas-y-precipitaciones-2026x01x15-a.pdf
2026-01-15,016,MICHES (EMA),EL SEIBO,PRIVADA,EMAP,29.9,21.0,0.8,https://indomet.gob.do/wp-content/uploads/2026/01/temperaturas-extremas-y-precipitaciones-2026x01x15-a.pdf
2026-01-15,017,ALTAMIRA,PUERTO PLATA,HOSP. MPAL. DE ALTAMIRA,EMCI,31.1,18.2,0.2,https://indomet.gob.do/wp-content/uploads/2026/01/temperaturas-extremas-y-precipitaciones-2026x01x15-a.pdf
2026-01-15,018,ARPT. LA ISABELA,SANTO DOMINGO,INDOMET,EMCI,30.5,20.5,0.2,https://indomet.gob.do/wp-content/uploads/2026/01/temperaturas-extremas-y-precipitaciones-2026x01x15-a.pdf
2026-01-15,019,CABRAL,BARAHONA,MINISTERIO DE AGRICULTURA,EMCV,30.2,20.4,0.2,https://indomet.gob.do/wp-content/uploads/2026/01/temperaturas-extremas-y-precipitaciones-2026x01x15-a.pdf
2026-01-15,020,CONSTANZA,LA VEGA,MINISTERIO DE AGRICULTURA,EMCI,26.0,9.2,0.2,https://indomet.gob.do/wp-content/uploads/2026/01/temperaturas-extremas-y-precipitaciones-2026x01x15-a.pdf
2026-01-15,021,SAMANÁ,SAMANÁ,COMANDANCIA DE PUERTO DE SAMANÁ,EMCI,30.6,17.4,0.2,https://indomet.gob.do/wp-content/uploads/2026/01/temperaturas-extremas-y-precipitaciones-2026x01x15-a.pdf
2026-01-15,022,OVIEDO,PEDERNALES,CLÍNICA RURAL OVIEDO,EMCI,30.5,28.0,0.1,https://indomet.gob.do/wp-content/uploads/2026/01/temperaturas-extremas-y-precipitaciones-2026x01x15-a.pdf
2026-01-15,023,SAN RAFAEL DEL YUMA,LA ALTAGRACIA,MINISTERIO DE AGRICULTURA,EMCI,29.8,21.7,0.1,https://indomet.gob.do/wp-content/uploads/2026/01/temperaturas-extremas-y-precipitaciones-2026x01x15-a.pdf
2026-01-15,024,VILLA ISABELA,PUERTO PLATA,MINISTERIO DE AGRICULTURA,EMCV,,,0.1,https://indomet.gob.do/wp-content/uploads/2026/01/temperaturas-extremas-y-precipitaciones-2026x01x15-a.pdf
2026-01-15,025,ALTO BANDERA (EMA),LA VEGA,INTEC,EMAP,12.9,7.5,0.0,https://indomet.gob.do/wp-content/uploads/2026/01/temperaturas-extremas-y-precipitaciones-2026x01x15-a.pdf
2026-01-15,026,ANAMUYA (EMA),LA ALTAGRACIA,MINISTERIO DE AGRICULTURA,EMAP,30.1,22.3,0.0,https://indomet.gob.do/wp-content/uploads/2026/01/temperaturas-extremas-y-precipitaciones-2026x01x15-a.pdf
2026-01-15,027,ARPT. DE LA ROMANA,LA ROMANA,INDOMET,EMCI,30.3,19.5,0.0,https://indomet.gob.do/wp-content/uploads/2026/01/temperaturas-extremas-y-precipitaciones-2026x01x15-a.pdf
2026-01-15,028,ARPT. DE LAS AMÉRICAS,SANTO DOMINGO,INDOMET,EMCI,29.5,20.0,0.0,https://indomet.gob.do/wp-content/uploads/2026/01/temperaturas-extremas-y-precipitaciones-2026x01x15-a.pdf
2026-01-15,029,ARPT. DEL CIBAO,SANTIAGO,INDOMET,EMCI,31.5,19.2,0.0,https://indomet.gob.do/wp-content/uploads/2026/01/temperaturas-extremas-y-precipitaciones-2026x01x15-a.pdf
2026-01-15,030,ARPT. EL CATEY,SAMANÁ,INDOMET,EMCI,31.0,18.5,0.0,https://indomet.gob.do/wp-content/uploads/2026/01/temperaturas-extremas-y-precipitaciones-2026x01x15-a.pdf
2026-01-15,031,ARPT. GREGORIO LUPERÓN,PUERTO PLATA,INDOMET,EMCI,32.0,19.8,0.0,https://indomet.gob.do/wp-content/uploads/2026/01/temperaturas-extremas-y-precipitaciones-2026x01x15-a.pdf
2026-01-15,032,ARROYO LORO,SAN JUAN,IDIAF,EMCI,29.6,18.0,0.0,https://indomet.gob.do/wp-content/uploads/2026/01/temperaturas-extremas-y-precipitaciones-2026x01x15-a.pdf
2026-01-15,033,BASE AÉREA DE SAN ISIDRO,SANTO DOMINGO,FUERZA AÉREA DOMINICANA,EMCV,29.5,23.0,0.0,https://indomet.gob.do/wp-content/uploads/2026/01/temperaturas-extremas-y-precipitaciones-2026x01x15-a.pdf
2026-01-15,034,BAYAGUANA,MONTE PLATA,INDOMET,EMCI,31.5,18.8,0.0,https://indomet.gob.do/wp-content/uploads/2026/01/temperaturas-extremas-y-precipitaciones-2026x01x15-a.pdf
2026-01-15,035,BOCA DE MAO (EMA),VALVERDE,MINISTERIO DE AGRICULTURA,EMAP,32.6,21.2,0.0,https://indomet.gob.do/wp-content/uploads/2026/01/temperaturas-extremas-y-precipitaciones-2026x01x15-a.pdf
2026-01-15,036,CABRERA,MARÍA TRINIDAD SÁNCHEZ,ESCUELA ARÍSTIDES FIALLO CABRAL,EMCI,30.5,23.5,0.0,https://indomet.gob.do/wp-content/uploads/2026/01/temperaturas-extremas-y-precipitaciones-2026x01x15-a.pdf
2026-01-15,037,CONSTANZA (EMA),LA VEGA,PROGRAMA MUNDIAL DE ALIMENTO,EMAP,24.6,12.3,0.0,https://indomet.gob.do/wp-content/uploads/2026/01/temperaturas-extremas-y-precipitaciones-2026x01x15-a.pdf
2026-01-15,038,EL CERCADO,SAN JUAN,MINISTERIO DE AGRICULTURA,EMCV,,,0.0,https://indomet.gob.do/wp-content/uploads/2026/01/temperaturas-extremas-y-precipitaciones-2026x01x15-a.pdf
2026-01-15,039,EL FACTOR (EMA),MARÍA TRINIDAD SÁNCHEZ,INTEC,EMAP,31.6,21.1,0.0,https://indomet.gob.do/wp-content/uploads/2026/01/temperaturas-extremas-y-precipitaciones-2026x01x15-a.pdf
2026-01-15,040,ELÍAS PIÑA,ELÍAS PIÑA,MINISTERIO DE AGRICULTURA,EMCV,,,0.0,https://indomet.gob.do/wp-content/uploads/2026/01/temperaturas-extremas-y-precipitaciones-2026x01x15-a.pdf
2026-01-15,041,GASPAR HERNÁNDEZ,ESPAILLAT,PROPIEDAD DEL EMPLEADO,EMCI,,,0.0,https://indomet.gob.do/wp-content/uploads/2026/01/temperaturas-extremas-y-precipitaciones-2026x01x15-a.pdf
2026-01-15,042,GURABO,SANTIAGO,MINISTERIO DE AGRICULTURA,EMCV,,,0.0,https://indomet.gob.do/wp-content/uploads/2026/01/temperaturas-extremas-y-precipitaciones-2026x01x15-a.pdf
2026-01-15,043,HATO MAYOR,HATO MAYOR,MINISTERIO DE AGRICULTURA,EMCV,,,0.0,https://indomet.gob.do/wp-content/uploads/2026/01/temperaturas-extremas-y-precipitaciones-2026x01x15-a.pdf
2026-01-15,044,HONDO VALLE,ELÍAS PIÑA,MINISTERIO DE AGRICULTURA,EMCI,25.2,12.1,0.0,https://indomet.gob.do/wp-content/uploads/2026/01/temperaturas-extremas-y-precipitaciones-2026x01x15-a.pdf
2026-01-15,045,JIMANÍ,INDEPENDENCIA,MINISTERIO DE AGRICULTURA,EMCI,31.8,21.0,0.0,https://indomet.gob.do/wp-content/uploads/2026/01/temperaturas-extremas-y-precipitaciones-2026x01x15-a.pdf
2026-01-15,046,JUMA BEJUCAL,MONSEÑOR NOUEL,IDIAF,EMCV,29.4,18.6,0.0,https://indomet.gob.do/wp-content/uploads/2026/01/temperaturas-extremas-y-precipitaciones-2026x01x15-a.pdf
2026-01-15,047,LA VEGA,LA VEGA,IATESA,EMCI,31.0,20.5,0.0,https://indomet.gob.do/wp-content/uploads/2026/01/temperaturas-extremas-y-precipitaciones-2026x01x15-a.pdf
2026-01-15,048,LA VICTORIA,SANTO DOMINGO,CUERPO DE BOMBEROS,EMCI,31.2,22.0,0.0,https://indomet.gob.do/wp-content/uploads/2026/01/temperaturas-extremas-y-precipitaciones-2026x01x15-a.pdf
2026-01-15,049,LAS CANAS (EMA),MONTE CRISTI,PROGRAMA MUNDIAL DE ALIMENTO,EMAP,28.3,20.9,0.0,https://indomet.gob.do/wp-content/uploads/2026/01/temperaturas-extremas-y-precipitaciones-2026x01x15-a.pdf
2026-01-15,050,LAS MATAS DE SANTA CRUZ (EMA,MONTE CRISTI,PROGRAMA MUNDIAL DE ALIMENTO,EMAP,,,0.0,https://indomet.gob.do/wp-content/uploads/2026/01/temperaturas-extremas-y-precipitaciones-2026x01x15-a.pdf
2026-01-15,051,LOS LLANOS,SAN PEDRO DE MACORÍS,MINISTERIO DE AGRICULTURA,EMCI,30.3,22.2,0.0,https://indomet.gob.do/wp-content/uploads/2026/01/temperaturas-extremas-y-precipitaciones-2026x01x15-a.pdf
2026-01-15,052,MAO,VALVERDE,INDRHI / MINISTERIO DE AGRICULTURA,EMCV,,,0.0,https://indomet.gob.do/wp-content/uploads/2026/01/temperaturas-extremas-y-precipitaciones-2026x01x15-a.pdf
2026-01-15,053,MONCIÓN (EMA),SANTIAGO RODRÍGUEZ,PROGRAMA MUNDIAL DE ALIMENTO,EMAP,30.2,18.5,0.0,https://indomet.gob.do/wp-content/uploads/2026/01/temperaturas-extremas-y-precipitaciones-2026x01x15-a.pdf
2026-01-15,054,MONTE CRISTI,MONTE CRISTI,INDOMET,EMCI,33.0,21.0,0.0,https://indomet.gob.do/wp-content/uploads/2026/01/temperaturas-extremas-y-precipitaciones-2026x01x15-a.pdf
2026-01-15,055,OLIVARES,PEDERNALES,INDRHI,EMCI,,,0.0,https://indomet.gob.do/wp-content/uploads/2026/01/temperaturas-extremas-y-precipitaciones-2026x01x15-a.pdf
2026-01-15,056,PADRE LAS CASAS,AZUA,HOSP. NTRA. SRA. DEL CARMEN,EMCI,30.0,15.5,0.0,https://indomet.gob.do/wp-content/uploads/2026/01/temperaturas-extremas-y-precipitaciones-2026x01x15-a.pdf
2026-01-15,057,PALO ÍNDIO,PUERTO PLATA,MINISTERIO DE AGRICULTURA,EMCI,,,0.0,https://indomet.gob.do/wp-content/uploads/2026/01/temperaturas-extremas-y-precipitaciones-2026x01x15-a.pdf
2026-01-15,058,PEDERNALES,PEDERNALES,INDRHI,EMCI,,,0.0,https://indomet.gob.do/wp-content/uploads/2026/01/temperaturas-extremas-y-precipitaciones-2026x01x15-a.pdf
2026-01-15,059,PERALTA,AZUA,HOSP. MPAL. DE PERALTA,EMCI,28.3,16.0,0.0,https://indomet.gob.do/wp-content/uploads/2026/01/temperaturas-extremas-y-precipitaciones-2026x01x15-a.pdf
2026-01-15,060,PONTÓN ABAJO (EMA),LA VEGA,MINISTERIO DE AGRICULTURA,EMAP,32.2,20.2,0.0,https://indomet.gob.do/wp-content/uploads/2026/01/temperaturas-extremas-y-precipitaciones-2026x01x15-a.pdf
2026-01-15,061,PRESA DE TAVERAS (EMA),LA VEGA,PROGRAMA MUNDIAL DE ALIMENTO,EMAP,28.9,18.8,0.0,https://indomet.gob.do/wp-content/uploads/2026/01/temperaturas-extremas-y-precipitaciones-2026x01x15-a.pdf
2026-01-15,062,RANCHO ARRIBA,SAN JOSÉ DE OCOA,CENTRO TECNOLÓGICO COMUNITARIO,EMCI,26.0,13.8,0.0,https://indomet.gob.do/wp-content/uploads/2026/01/temperaturas-extremas-y-precipitaciones-2026x01x15-a.pdf
2026-01-15,063,RESTAURACIÓN,DAJABÓN,MINISTERIO DE AGRICULTURA,EMCI,29.8,11.9,0.0,https://indomet.gob.do/wp-content/uploads/2026/01/temperaturas-extremas-y-precipitaciones-2026x01x15-a.pdf
2026-01-15,064,RÍO SAN JUAN,MARÍA TRINIDAD SÁNCHEZ,HOSP. MPAL. DR. DESIDERIO ACOSTA,EMCV,31.8,22.7,0.0,https://indomet.gob.do/wp-content/uploads/2026/01/temperaturas-extremas-y-precipitaciones-2026x01x15-a.pdf
2026-01-15,065,SABANA GRANDE DE BOYÁ,MONTE PLATA,MINISTERIO DE AGRICULTURA,EMCV,,,0.0,https://indomet.gob.do/wp-content/uploads/2026/01/temperaturas-extremas-y-precipitaciones-2026x01x15-a.pdf
2026-01-15,066,SABANETA (EMA),SANTIAGO RODRÍGUEZ,PROGRAMA MUNDIAL DE ALIMENTO,EMAP,34.4,20.9,0.0,https://indomet.gob.do/wp-content/uploads/2026/01/temperaturas-extremas-y-precipitaciones-2026x01x15-a.pdf
2026-01-15,067,SALCEDO,HERMANAS MIRABAL,PROPIEDAD DEL EMPLEADO,EMCI,,,0.0,https://indomet.gob.do/wp-content/uploads/2026/01/temperaturas-extremas-y-precipitaciones-2026x01x15-a.pdf
2026-01-15,068,SAN FRANCISCO DE MACORÍS,DUARTE,San Francisco de Macorís (UASD),EMCI,31.1,21.4,0.0,https://indomet.gob.do/wp-content/uploads/2026/01/temperaturas-extremas-y-precipitaciones-2026x01x15-a.pdf
2026-01-15,069,SAJOMA (EMA),SANTIAGO,PLAN SIERRA,EMAI,31.4,18.4,0.0,https://indomet.gob.do/wp-content/uploads/2026/01/temperaturas-extremas-y-precipitaciones-2026x01x15-a.pdf
2026-01-15,070,JARDÍN BOTÁNICO SANTIAGO (EMSANTIAGO,,JARDIN BOTANICO SANTIAGO,EMAI,30.9,21.2,0.0,https://indomet.gob.do/wp-content/uploads/2026/01/temperaturas-extremas-y-precipitaciones-2026x01x15-a.pdf
2026-01-15,071,BUCARA (EMA),SANTIAGO,MINISTERIO DE AGRICULTURA,EMAI,,,0.0,https://indomet.gob.do/wp-content/uploads/2026/01/temperaturas-extremas-y-precipitaciones-2026x01x15-a.pdf
2026-01-15,072,VILLA VASQUEZ (EMA),MONTE CRISTI,JUNTA DE REGANTES,EMAI,,,0.0,https://indomet.gob.do/wp-content/uploads/2026/01/temperaturas-extremas-y-precipitaciones-2026x01x15-a.pdf
2026-01-15,073,SANTIAGO RODRÍGUEZ,SANTIAGO RODRÍGUEZ,INDOMET,EMCI,34.0,21.2,0.0,https://indomet.gob.do/wp-content/uploads/2026/01/temperaturas-extremas-y-precipitaciones-2026x01x15-a.pdf
2026-01-15,074,TÁBARA ABAJO,AZUA,INDRHI,EMCI,31.0,18.3,0.0,https://indomet.gob.do/wp-content/uploads/2026/01/temperaturas-extremas-y-precipitaciones-2026x01x15-a.pdf
2026-01-15,075,TAMBORIL,SANTIAGO,MINISTERIO DE AGRICULTURA,EMCV,,,0.0,https://indomet.gob.do/wp-content/uploads/2026/01/temperaturas-extremas-y-precipitaciones-2026x01x15-a.pdf
2026-01-15,076,JIMA ABAJO,LA VEGA,INDOMET,EMCI,30.2,18.0,0.0,https://indomet.gob.do/wp-content/uploads/2026/01/temperaturas-extremas-y-precipitaciones-2026x01x15-a.pdf
2026-01-15,077,VALLE NUEVO (EMA),LA VEGA,MARENA,EMAI,17.1,4.4,0.0,https://indomet.gob.do/wp-content/uploads/2026/01/temperaturas-extremas-y-precipitaciones-2026x01x15-a.pdf
2026-01-15,078,VILLA ALTAGRACIA,SAN CRISTÓBAL,ESCUELA JAVIER ANGULO GURIDI,EMCI,,,0.0,https://indomet.gob.do/wp-content/uploads/2026/01/temperaturas-extremas-y-precipitaciones-2026x01x15-a.pdf
2026-01-15,079,VILLA GONZALES,SANTIAGO,MINISTERIO DE AGRICULTURA,EMCI,,,0.0,https://indomet.gob.do/wp-content/uploads/2026/01/temperaturas-extremas-y-precipitaciones-2026x01x15-a.pdf
2026-01-15,080,VILLA RIVA,DUARTE,HOSP. MPAL. ALICIA DE LEGENDRE,EMCI,31.0,20.6,0.0,https://indomet.gob.do/wp-content/uploads/2026/01/temperaturas-extremas-y-precipitaciones-2026x01x15-a.pdf
2026-01-16,001,SABANETA (EMA),SANTIAGO RODRÍGUEZ,PROGRAMA MUNDIAL DE ALIMENTO,EMAP,31.6,19.5,69.2,https://indomet.gob.do/wp-content/uploads/2026/01/temperaturas-extremas-y-precipitaciones-2026x01x16-a.pdf
2026-01-16,002,SANTIAGO RODRÍGUEZ,SANTIAGO RODRÍGUEZ,INDOMET,EMCI,32.0,19.8,62.8,https://indomet.gob.do/wp-content/uploads/2026/01/temperaturas-extremas-y-precipitaciones-2026x01x16-a.pdf
2026-01-16,003,HATO MAYOR,HATO MAYOR,MINISTERIO DE AGRICULTURA,EMCV,,,54.1,https://indomet.gob.do/wp-content/uploads/2026/01/temperaturas-extremas-y-precipitaciones-2026x01x16-a.pdf
2026-01-16,004,DAJABÓN,DAJABÓN,INSTITUTO POLITÉCNICO LOYOLA,EMCI,34.2,19.0,46.3,https://indomet.gob.do/wp-content/uploads/2026/01/temperaturas-extremas-y-precipitaciones-2026x01x16-a.pdf
2026-01-16,005,VILLA RIVA,DUARTE,HOSP. MPAL. ALICIA DE LEGENDRE,EMCI,28.0,20.0,27.9,https://indomet.gob.do/wp-content/uploads/2026/01/temperaturas-extremas-y-precipitaciones-2026x01x16-a.pdf
2026-01-16,006,SABANA GRANDE DE BOYÁ,MONTE PLATA,MINISTERIO DE AGRICULTURA,EMCV,,,21.3,https://indomet.gob.do/wp-content/uploads/2026/01/temperaturas-extremas-y-precipitaciones-2026x01x16-a.pdf
2026-01-16,007,LA VICTORIA,SANTO DOMINGO,CUERPO DE BOMBEROS,EMCI,28.3,21.0,15.7,https://indomet.gob.do/wp-content/uploads/2026/01/temperaturas-extremas-y-precipitaciones-2026x01x16-a.pdf
2026-01-16,008,ARPT. GREGORIO LUPERÓN,PUERTO PLATA,INDOMET,EMCI,29.2,19.6,15.2,https://indomet.gob.do/wp-content/uploads/2026/01/temperaturas-extremas-y-precipitaciones-2026x01x16-a.pdf
2026-01-16,009,MONCIÓN (EMA),SANTIAGO RODRÍGUEZ,PROGRAMA MUNDIAL DE ALIMENTO,EMAP,28.3,19.4,14.4,https://indomet.gob.do/wp-content/uploads/2026/01/temperaturas-extremas-y-precipitaciones-2026x01x16-a.pdf
2026-01-16,010,VILLA ISABELA,PUERTO PLATA,MINISTERIO DE AGRICULTURA,EMCV,,,14.2,https://indomet.gob.do/wp-content/uploads/2026/01/temperaturas-extremas-y-precipitaciones-2026x01x16-a.pdf
2026-01-16,011,BAYAGUANA,MONTE PLATA,INDOMET,EMCI,31.4,20.4,10.9,https://indomet.gob.do/wp-content/uploads/2026/01/temperaturas-extremas-y-precipitaciones-2026x01x16-a.pdf
2026-01-16,012,MICHES (EMA),EL SEIBO,PRIVADA,EMAP,30.6,21.9,10.4,https://indomet.gob.do/wp-content/uploads/2026/01/temperaturas-extremas-y-precipitaciones-2026x01x16-a.pdf
2026-01-16,013,HONDO VALLE,ELÍAS PIÑA,MINISTERIO DE AGRICULTURA,EMCI,25.0,11.6,8.9,https://indomet.gob.do/wp-content/uploads/2026/01/temperaturas-extremas-y-precipitaciones-2026x01x16-a.pdf
2026-01-16,014,ESCONDIDO,PERAVIA,MINISTERIO DE AGRICULTURA,EMCV,27.0,23.0,8.1,https://indomet.gob.do/wp-content/uploads/2026/01/temperaturas-extremas-y-precipitaciones-2026x01x16-a.pdf
2026-01-16,015,SALCEDO,HERMANAS MIRABAL,PROPIEDAD DEL EMPLEADO,EMCI,,,7.0,https://indomet.gob.do/wp-content/uploads/2026/01/temperaturas-extremas-y-precipitaciones-2026x01x16-a.pdf
2026-01-16,016,ARPT. EL CATEY,SAMANÁ,INDOMET,EMCI,28.4,20.5,6.7,https://indomet.gob.do/wp-content/uploads/2026/01/temperaturas-extremas-y-precipitaciones-2026x01x16-a.pdf
2026-01-16,017,PALO ÍNDIO,PUERTO PLATA,MINISTERIO DE AGRICULTURA,EMCI,,,6.6,https://indomet.gob.do/wp-content/uploads/2026/01/temperaturas-extremas-y-precipitaciones-2026x01x16-a.pdf
2026-01-16,018,JARABACOA,LA VEGA,INDRHI / MARENA,EMCI,29.0,14.6,6.4,https://indomet.gob.do/wp-content/uploads/2026/01/temperaturas-extremas-y-precipitaciones-2026x01x16-a.pdf
2026-01-16,019,LOS LLANOS,SAN PEDRO DE MACORÍS,MINISTERIO DE AGRICULTURA,EMCI,31.0,20.5,6.0,https://indomet.gob.do/wp-content/uploads/2026/01/temperaturas-extremas-y-precipitaciones-2026x01x16-a.pdf
2026-01-16,020,RANCHO ARRIBA,SAN JOSÉ DE OCOA,CENTRO TECNOLÓGICO COMUNITARIO,EMCI,25.8,16.0,5.5,https://indomet.gob.do/wp-content/uploads/2026/01/temperaturas-extremas-y-precipitaciones-2026x01x16-a.pdf
2026-01-16,021,VILLA ALTAGRACIA,SAN CRISTÓBAL,ESCUELA JAVIER ANGULO GURIDI,EMCI,,,4.8,https://indomet.gob.do/wp-content/uploads/2026/01/temperaturas-extremas-y-precipitaciones-2026x01x16-a.pdf
2026-01-16,022,RESTAURACIÓN,DAJABÓN,MINISTERIO DE AGRICULTURA,EMCI,26.3,14.8,4.1,https://indomet.gob.do/wp-content/uploads/2026/01/temperaturas-extremas-y-precipitaciones-2026x01x16-a.pdf
2026-01-16,023,BANI (EMA),PERAVIA,MINISTERIO DE AGRICULTURA,EMAP,27.4,24.6,3.2,https://indomet.gob.do/wp-content/uploads/2026/01/temperaturas-extremas-y-precipitaciones-2026x01x16-a.pdf
2026-01-16,024,ENRIQUILLO,BARAHONA,MINISTERIO DE AGRICULTURA,EMCV,30.5,20.5,2.8,https://indomet.gob.do/wp-content/uploads/2026/01/temperaturas-extremas-y-precipitaciones-2026x01x16-a.pdf
2026-01-16,025,LUPERÓN,PUERTO PLATA,MINISTERIO DE AGRICULTURA,EMCV,,,2.5,https://indomet.gob.do/wp-content/uploads/2026/01/temperaturas-extremas-y-precipitaciones-2026x01x16-a.pdf
2026-01-16,026,ARPT. DE PUNTA CANA,LA ALTAGRACIA,INDOMET,EMCI,30.0,23.0,2.2,https://indomet.gob.do/wp-content/uploads/2026/01/temperaturas-extremas-y-precipitaciones-2026x01x16-a.pdf
2026-01-16,027,PADRE LAS CASAS,AZUA,HOSP. NTRA. SRA. DEL CARMEN,EMCI,27.5,17.0,2.2,https://indomet.gob.do/wp-content/uploads/2026/01/temperaturas-extremas-y-precipitaciones-2026x01x16-a.pdf
2026-01-16,028,ELÍAS PIÑA,ELÍAS PIÑA,MINISTERIO DE AGRICULTURA,EMCV,,,2.1,https://indomet.gob.do/wp-content/uploads/2026/01/temperaturas-extremas-y-precipitaciones-2026x01x16-a.pdf
2026-01-16,029,POLO,BARAHONA,INDOCAFE,EMCI,,17.5,1.9,https://indomet.gob.do/wp-content/uploads/2026/01/temperaturas-extremas-y-precipitaciones-2026x01x16-a.pdf
2026-01-16,030,ALTAMIRA,PUERTO PLATA,HOSP. MPAL. DE ALTAMIRA,EMCI,27.0,18.5,1.5,https://indomet.gob.do/wp-content/uploads/2026/01/temperaturas-extremas-y-precipitaciones-2026x01x16-a.pdf
2026-01-16,031,SÁNCHEZ,SAMANÁ,MINISTERIO DE AGRICULTURA,EMCI,30.3,20.0,1.4,https://indomet.gob.do/wp-content/uploads/2026/01/temperaturas-extremas-y-precipitaciones-2026x01x16-a.pdf
2026-01-16,032,ALTO BANDERA (EMA),LA VEGA,INTEC,EMAP,13.1,4.3,1.3,https://indomet.gob.do/wp-content/uploads/2026/01/temperaturas-extremas-y-precipitaciones-2026x01x16-a.pdf
2026-01-16,033,SABANA DE LA MAR,HATO MAYOR,INDOMET,EMCI,30.6,22.0,1.3,https://indomet.gob.do/wp-content/uploads/2026/01/temperaturas-extremas-y-precipitaciones-2026x01x16-a.pdf
2026-01-16,034,BONAO,MONSEÑOR NOUEL,MINISTERIO DE AGRICULTURA,EMCV,,,1.3,https://indomet.gob.do/wp-content/uploads/2026/01/temperaturas-extremas-y-precipitaciones-2026x01x16-a.pdf
2026-01-16,035,SAMANÁ,SAMANÁ,COMANDANCIA DE PUERTO DE SAMANÁ,EMCI,31.8,18.5,1.2,https://indomet.gob.do/wp-content/uploads/2026/01/temperaturas-extremas-y-precipitaciones-2026x01x16-a.pdf
2026-01-16,036,ARPT. DEL CIBAO,SANTIAGO,INDOMET,EMCI,31.8,20.5,1.0,https://indomet.gob.do/wp-content/uploads/2026/01/temperaturas-extremas-y-precipitaciones-2026x01x16-a.pdf
2026-01-16,037,RÍO SAN JUAN,MARÍA TRINIDAD SÁNCHEZ,HOSP. MPAL. DR. DESIDERIO ACOSTA,EMCV,32.8,22.0,0.8,https://indomet.gob.do/wp-content/uploads/2026/01/temperaturas-extremas-y-precipitaciones-2026x01x16-a.pdf
2026-01-16,038,VALLE NUEVO (EMA),LA VEGA,MARENA,EMAI,14.6,8.4,0.6,https://indomet.gob.do/wp-content/uploads/2026/01/temperaturas-extremas-y-precipitaciones-2026x01x16-a.pdf
2026-01-16,039,EL FACTOR (EMA),MARÍA TRINIDAD SÁNCHEZ,INTEC,EMAP,33.1,20.8,0.3,https://indomet.gob.do/wp-content/uploads/2026/01/temperaturas-extremas-y-precipitaciones-2026x01x16-a.pdf
2026-01-16,040,MONTE CRISTI,MONTE CRISTI,INDOMET,EMCI,30.0,21.6,0.3,https://indomet.gob.do/wp-content/uploads/2026/01/temperaturas-extremas-y-precipitaciones-2026x01x16-a.pdf
2026-01-16,041,JUMA BEJUCAL,MONSEÑOR NOUEL,IDIAF,EMCV,28.8,20.4,0.2,https://indomet.gob.do/wp-content/uploads/2026/01/temperaturas-extremas-y-precipitaciones-2026x01x16-a.pdf
2026-01-16,042,SAN JOSÉ DE OCOA,SAN JOSÉ DE OCOA,HOSP. SAN JOSÉ DE OCOA,EMCI,30.5,20.9,0.2,https://indomet.gob.do/wp-content/uploads/2026/01/temperaturas-extremas-y-precipitaciones-2026x01x16-a.pdf
2026-01-16,043,SAN RAFAEL DEL YUMA,LA ALTAGRACIA,MINISTERIO DE AGRICULTURA,EMCI,30.5,20.9,0.2,https://indomet.gob.do/wp-content/uploads/2026/01/temperaturas-extremas-y-precipitaciones-2026x01x16-a.pdf
2026-01-16,044,ANAMUYA (EMA),LA ALTAGRACIA,MINISTERIO DE AGRICULTURA,EMAP,31.1,22.8,0.0,https://indomet.gob.do/wp-content/uploads/2026/01/temperaturas-extremas-y-precipitaciones-2026x01x16-a.pdf
2026-01-16,045,ARPT. ARROYO BARRIL,SAMANÁ,INDOMET,EMCI,30.6,22.0,0.0,https://indomet.gob.do/wp-content/uploads/2026/01/temperaturas-extremas-y-precipitaciones-2026x01x16-a.pdf
2026-01-16,046,ARPT. DE LA ROMANA,LA ROMANA,INDOMET,EMCI,30.5,20.9,0.0,https://indomet.gob.do/wp-content/uploads/2026/01/temperaturas-extremas-y-precipitaciones-2026x01x16-a.pdf
2026-01-16,047,ARPT. DE LAS AMÉRICAS,SANTO DOMINGO,INDOMET,EMCI,29.7,21.2,0.0,https://indomet.gob.do/wp-content/uploads/2026/01/temperaturas-extremas-y-precipitaciones-2026x01x16-a.pdf
2026-01-16,048,ARPT. LA ISABELA,SANTO DOMINGO,INDOMET,EMCI,29.5,20.0,0.0,https://indomet.gob.do/wp-content/uploads/2026/01/temperaturas-extremas-y-precipitaciones-2026x01x16-a.pdf
2026-01-16,049,ARPT. MARÍA MONTEZ,BARAHONA,INDOMET,EMCI,30.4,21.5,0.0,https://indomet.gob.do/wp-content/uploads/2026/01/temperaturas-extremas-y-precipitaciones-2026x01x16-a.pdf
2026-01-16,050,ARROYO LORO,SAN JUAN,IDIAF,EMCI,29.5,17.4,0.0,https://indomet.gob.do/wp-content/uploads/2026/01/temperaturas-extremas-y-precipitaciones-2026x01x16-a.pdf
2026-01-16,051,BASE AÉREA DE SAN ISIDRO,SANTO DOMINGO,FUERZA AÉREA DOMINICANA,EMCV,30.0,21.0,0.0,https://indomet.gob.do/wp-content/uploads/2026/01/temperaturas-extremas-y-precipitaciones-2026x01x16-a.pdf
2026-01-16,052,BOCA DE MAO (EMA),VALVERDE,MINISTERIO DE AGRICULTURA,EMAP,32.3,22.3,0.0,https://indomet.gob.do/wp-content/uploads/2026/01/temperaturas-extremas-y-precipitaciones-2026x01x16-a.pdf
2026-01-16,053,CABRAL,BARAHONA,MINISTERIO DE AGRICULTURA,EMCV,29.5,21.4,0.0,https://indomet.gob.do/wp-content/uploads/2026/01/temperaturas-extremas-y-precipitaciones-2026x01x16-a.pdf
2026-01-16,054,CABRERA,MARÍA TRINIDAD SÁNCHEZ,ESCUELA ARÍSTIDES FIALLO CABRAL,EMCI,31.5,24.5,0.0,https://indomet.gob.do/wp-content/uploads/2026/01/temperaturas-extremas-y-precipitaciones-2026x01x16-a.pdf
2026-01-16,055,CENTRO DE LOS HEROES (EMA),DISTRITO NACIONAL,MINISTERIO DE ENERGIA Y MINA,EMAP,29.3,24.1,0.0,https://indomet.gob.do/wp-content/uploads/2026/01/temperaturas-extremas-y-precipitaciones-2026x01x16-a.pdf
2026-01-16,056,CONSTANZA,LA VEGA,MINISTERIO DE AGRICULTURA,EMCI,25.0,9.0,0.0,https://indomet.gob.do/wp-content/uploads/2026/01/temperaturas-extremas-y-precipitaciones-2026x01x16-a.pdf
2026-01-16,057,CONSTANZA (EMA),LA VEGA,PROGRAMA MUNDIAL DE ALIMENTO,EMAP,22.3,16.6,0.0,https://indomet.gob.do/wp-content/uploads/2026/01/temperaturas-extremas-y-precipitaciones-2026x01x16-a.pdf
2026-01-16,058,GASPAR HERNÁNDEZ,ESPAILLAT,PROPIEDAD DEL EMPLEADO,EMCI,,,0.0,https://indomet.gob.do/wp-content/uploads/2026/01/temperaturas-extremas-y-precipitaciones-2026x01x16-a.pdf
2026-01-16,059,GURABO,SANTIAGO,MINISTERIO DE AGRICULTURA,EMCV,,,0.0,https://indomet.gob.do/wp-content/uploads/2026/01/temperaturas-extremas-y-precipitaciones-2026x01x16-a.pdf
2026-01-16,060,JARDÍN BOTÁNICO SANTIAGO (EMSANTIAGO,,JARDIN BOTANICO SANTIAGO,EMAI,31.2,21.2,0.0,https://indomet.gob.do/wp-content/uploads/2026/01/temperaturas-extremas-y-precipitaciones-2026x01x16-a.pdf
2026-01-16,061,JIMA ABAJO,LA VEGA,INDOMET,EMCI,30.2,18.2,0.0,https://indomet.gob.do/wp-content/uploads/2026/01/temperaturas-extremas-y-precipitaciones-2026x01x16-a.pdf
2026-01-16,062,JIMANÍ,INDEPENDENCIA,MINISTERIO DE AGRICULTURA,EMCI,31.4,23.4,0.0,https://indomet.gob.do/wp-content/uploads/2026/01/temperaturas-extremas-y-precipitaciones-2026x01x16-a.pdf
2026-01-16,063,LA VEGA,LA VEGA,IATESA,EMCI,31.5,21.5,0.0,https://indomet.gob.do/wp-content/uploads/2026/01/temperaturas-extremas-y-precipitaciones-2026x01x16-a.pdf
2026-01-16,064,LAS CANAS (EMA),MONTE CRISTI,PROGRAMA MUNDIAL DE ALIMENTO,EMAP,27.2,22.8,0.0,https://indomet.gob.do/wp-content/uploads/2026/01/temperaturas-extremas-y-precipitaciones-2026x01x16-a.pdf
2026-01-16,065,LAS MATAS DE SANTA CRUZ,MONTE CRISTI,INDRHI,EMCV,,,0.0,https://indomet.gob.do/wp-content/uploads/2026/01/temperaturas-extremas-y-precipitaciones-2026x01x16-a.pdf
2026-01-16,066,LAS MATAS DE SANTA CRUZ (EMA,MONTE CRISTI,PROGRAMA MUNDIAL DE ALIMENTO,EMAP,,,0.0,https://indomet.gob.do/wp-content/uploads/2026/01/temperaturas-extremas-y-precipitaciones-2026x01x16-a.pdf
2026-01-16,067,MAO,VALVERDE,INDRHI / MINISTERIO DE AGRICULTURA,EMCV,,,0.0,https://indomet.gob.do/wp-content/uploads/2026/01/temperaturas-extremas-y-precipitaciones-2026x01x16-a.pdf
2026-01-16,068,NAVARRETE,SANTIAGO,MINISTERIO DE AGRICULTURA,EMCV,,,0.0,https://indomet.gob.do/wp-content/uploads/2026/01/temperaturas-extremas-y-precipitaciones-2026x01x16-a.pdf
2026-01-16,069,OLIVARES,PEDERNALES,INDRHI,EMCI,,,0.0,https://indomet.gob.do/wp-content/uploads/2026/01/temperaturas-extremas-y-precipitaciones-2026x01x16-a.pdf
2026-01-16,070,OVIEDO,PEDERNALES,CLÍNICA RURAL OVIEDO,EMCI,31.0,20.0,0.0,https://indomet.gob.do/wp-content/uploads/2026/01/temperaturas-extremas-y-precipitaciones-2026x01x16-a.pdf
2026-01-16,071,PEDERNALES,PEDERNALES,INDRHI,EMCI,,,0.0,https://indomet.gob.do/wp-content/uploads/2026/01/temperaturas-extremas-y-precipitaciones-2026x01x16-a.pdf
2026-01-16,072,PERALTA,AZUA,HOSP. MPAL. DE PERALTA,EMCI,27.6,15.8,0.0,https://indomet.gob.do/wp-content/uploads/2026/01/temperaturas-extremas-y-precipitaciones-2026x01x16-a.pdf
2026-01-16,073,PESCADERIA (EMA),BARAHONA,MINISTERIO DE AGRICULTURA,EMAP,,,0.0,https://indomet.gob.do/wp-content/uploads/2026/01/temperaturas-extremas-y-precipitaciones-2026x01x16-a.pdf
2026-01-16,074,PONTÓN ABAJO (EMA),LA VEGA,MINISTERIO DE AGRICULTURA,EMAP,31.3,21.8,0.0,https://indomet.gob.do/wp-content/uploads/2026/01/temperaturas-extremas-y-precipitaciones-2026x01x16-a.pdf
2026-01-16,075,PRESA DE TAVERAS (EMA),LA VEGA,PROGRAMA MUNDIAL DE ALIMENTO,EMAP,29.2,21.1,0.0,https://indomet.gob.do/wp-content/uploads/2026/01/temperaturas-extremas-y-precipitaciones-2026x01x16-a.pdf
2026-01-16,076,SAN CRISTÓBAL,SAN CRISTÓBAL,INSTITUTO POLITÉCNICO LOYOLA,EMCI,29.4,18.0,0.0,https://indomet.gob.do/wp-content/uploads/2026/01/temperaturas-extremas-y-precipitaciones-2026x01x16-a.pdf
2026-01-16,077,SANTO DOMINGO ESTE,SANTO DOMINGO,INDOMET,EMCI,30.1,23.8,0.0,https://indomet.gob.do/wp-content/uploads/2026/01/temperaturas-extremas-y-precipitaciones-2026x01x16-a.pdf
2026-01-16,078,TÁBARA ABAJO,AZUA,INDRHI,EMCI,31.0,18.0,0.0,https://indomet.gob.do/wp-content/uploads/2026/01/temperaturas-extremas-y-precipitaciones-2026x01x16-a.pdf
2026-01-16,079,TAMBORIL,SANTIAGO,MINISTERIO DE AGRICULTURA,EMCV,,,0.0,https://indomet.gob.do/wp-content/uploads/2026/01/temperaturas-extremas-y-precipitaciones-2026x01x16-a.pdf
2026-01-16,080,VILLA GONZALES,SANTIAGO,MINISTERIO DE AGRICULTURA,EMCI,,,0.0,https://indomet.gob.do/wp-content/uploads/2026/01/temperaturas-extremas-y-precipitaciones-2026x01x16-a.pdf
2026-01-16,081,SAJOMA (EMA),SANTIAGO,PLAN SIERRA,EMAI,29.2,17.7,,https://indomet.gob.do/wp-content/uploads/2026/01/temperaturas-extremas-y-precipitaciones-2026x01x16-a.pdf
2026-01-17,001,GASPAR HERNÁNDEZ,ESPAILLAT,PROPIEDAD DEL EMPLEADO,EMCI,,,20.5,https://indomet.gob.do/wp-content/uploads/2026/01/temperaturas-extremas-y-precipitaciones-2026x01x17-b.pdf
2026-01-17,002,LA AGUSTINA,DISTRITO NACIONAL,PRIVADA,EMAP,,,16.8,https://indomet.gob.do/wp-content/uploads/2026/01/temperaturas-extremas-y-precipitaciones-2026x01x17-b.pdf
2026-01-17,003,ENSANCHE LA FE,DISTRITO NACIONAL,PRIVADA,EMAP,,,16.8,https://indomet.gob.do/wp-content/uploads/2026/01/temperaturas-extremas-y-precipitaciones-2026x01x17-b.pdf
2026-01-17,004,LA VICTORIA,SANTO DOMINGO,CUERPO DE BOMBEROS,EMCI,31.0,21.4,10.7,https://indomet.gob.do/wp-content/uploads/2026/01/temperaturas-extremas-y-precipitaciones-2026x01x17-b.pdf
2026-01-17,005,LOS JARDINES,DISTRITO NACIONAL,PRIVADA,EMAP,,,8.8,https://indomet.gob.do/wp-content/uploads/2026/01/temperaturas-extremas-y-precipitaciones-2026x01x17-b.pdf
2026-01-17,006,ENSANCHE PARAÍSO,DISTRITO NACIONAL,PRIVADA,EMAP,,,8.6,https://indomet.gob.do/wp-content/uploads/2026/01/temperaturas-extremas-y-precipitaciones-2026x01x17-b.pdf
2026-01-17,007,VILLA ALTAGRACIA,SAN CRISTÓBAL,ESCUELA JAVIER ANGULO GURIDI,EMCI,,,6.1,https://indomet.gob.do/wp-content/uploads/2026/01/temperaturas-extremas-y-precipitaciones-2026x01x17-b.pdf
2026-01-17,008,ALTO BANDERA (EMA),LA VEGA,INTEC,EMAP,11.2,4.9,5.8,https://indomet.gob.do/wp-content/uploads/2026/01/temperaturas-extremas-y-precipitaciones-2026x01x17-b.pdf
2026-01-17,009,CONSTANZA,LA VEGA,MINISTERIO DE AGRICULTURA,EMCI,23.5,10.7,5.7,https://indomet.gob.do/wp-content/uploads/2026/01/temperaturas-extremas-y-precipitaciones-2026x01x17-b.pdf
2026-01-17,010,RANCHO ARRIBA,SAN JOSÉ DE OCOA,CENTRO TECNOLÓGICO COMUNITARIO,EMCI,25.2,15.6,5.7,https://indomet.gob.do/wp-content/uploads/2026/01/temperaturas-extremas-y-precipitaciones-2026x01x17-b.pdf
2026-01-17,011,GURABO,SANTIAGO,MINISTERIO DE AGRICULTURA,EMCV,,,5.6,https://indomet.gob.do/wp-content/uploads/2026/01/temperaturas-extremas-y-precipitaciones-2026x01x17-b.pdf
2026-01-17,012,SAN CRISTÓBAL,SAN CRISTÓBAL,INSTITUTO POLITÉCNICO LOYOLA,EMCI,30.0,18.2,4.2,https://indomet.gob.do/wp-content/uploads/2026/01/temperaturas-extremas-y-precipitaciones-2026x01x17-b.pdf
2026-01-17,013,MICHES (EMA),EL SEIBO,PRIVADA,EMAP,28.2,20.6,4.0,https://indomet.gob.do/wp-content/uploads/2026/01/temperaturas-extremas-y-precipitaciones-2026x01x17-b.pdf
2026-01-17,014,JIMA ABAJO,LA VEGA,INDOMET,EMCI,30.0,17.5,4.0,https://indomet.gob.do/wp-content/uploads/2026/01/temperaturas-extremas-y-precipitaciones-2026x01x17-b.pdf
2026-01-17,015,VALLE NUEVO (EMA),LA VEGA,MARENA,EMAI,16.7,6.8,3.8,https://indomet.gob.do/wp-content/uploads/2026/01/temperaturas-extremas-y-precipitaciones-2026x01x17-b.pdf
2026-01-17,016,ARPT. LA ISABELA,SANTO DOMINGO,INDOMET,EMCI,30.1,20.0,3.7,https://indomet.gob.do/wp-content/uploads/2026/01/temperaturas-extremas-y-precipitaciones-2026x01x17-b.pdf
2026-01-17,017,SANTO DOMINGO ESTE,SANTO DOMINGO,INDOMET,EMCI,30.8,23.2,3.3,https://indomet.gob.do/wp-content/uploads/2026/01/temperaturas-extremas-y-precipitaciones-2026x01x17-b.pdf
2026-01-17,018,VILLA GONZALES,SANTIAGO,MINISTERIO DE AGRICULTURA,EMCI,,,3.3,https://indomet.gob.do/wp-content/uploads/2026/01/temperaturas-extremas-y-precipitaciones-2026x01x17-b.pdf
2026-01-17,019,SABANA DE LA MAR,HATO MAYOR,INDOMET,EMCI,30.4,21.0,3.1,https://indomet.gob.do/wp-content/uploads/2026/01/temperaturas-extremas-y-precipitaciones-2026x01x17-b.pdf
2026-01-17,020,MONCIÓN (EMA),SANTIAGO RODRÍGUEZ,PROGRAMA MUNDIAL DE ALIMENTO,EMAP,28.9,17.0,3.0,https://indomet.gob.do/wp-content/uploads/2026/01/temperaturas-extremas-y-precipitaciones-2026x01x17-b.pdf
2026-01-17,021,PROLONGACION 27 DE FEBRERO,DISTRITO NACIONAL,PRIVADA,EMAP,,,2.9,https://indomet.gob.do/wp-content/uploads/2026/01/temperaturas-extremas-y-precipitaciones-2026x01x17-b.pdf
2026-01-17,022,ARPT. ARROYO BARRIL,SAMANÁ,INDOMET,EMCI,30.3,22.2,2.7,https://indomet.gob.do/wp-content/uploads/2026/01/temperaturas-extremas-y-precipitaciones-2026x01x17-b.pdf
2026-01-17,023,SAN JOSÉ DE OCOA,SAN JOSÉ DE OCOA,HOSP. SAN JOSÉ DE OCOA,EMCI,29.8,19.0,2.2,https://indomet.gob.do/wp-content/uploads/2026/01/temperaturas-extremas-y-precipitaciones-2026x01x17-b.pdf
2026-01-17,024,POLO,BARAHONA,INDOCAFE,EMCI,,18.5,2.1,https://indomet.gob.do/wp-content/uploads/2026/01/temperaturas-extremas-y-precipitaciones-2026x01x17-b.pdf
2026-01-17,025,ARPT. EL CATEY,SAMANÁ,INDOMET,EMCI,28.5,19.5,2.0,https://indomet.gob.do/wp-content/uploads/2026/01/temperaturas-extremas-y-precipitaciones-2026x01x17-b.pdf
2026-01-17,026,LA VEGA,LA VEGA,IATESA,EMCI,30.5,21.0,2.0,https://indomet.gob.do/wp-content/uploads/2026/01/temperaturas-extremas-y-precipitaciones-2026x01x17-b.pdf
2026-01-17,027,EL FACTOR (EMA),MARÍA TRINIDAD SÁNCHEZ,INTEC,EMAP,31.3,21.6,1.8,https://indomet.gob.do/wp-content/uploads/2026/01/temperaturas-extremas-y-precipitaciones-2026x01x17-b.pdf
2026-01-17,028,LOS CACICAZGOS,DISTRITO NACIONAL,PRIVADA,EMAP,,,1.6,https://indomet.gob.do/wp-content/uploads/2026/01/temperaturas-extremas-y-precipitaciones-2026x01x17-b.pdf
2026-01-17,029,CABRERA,MARÍA TRINIDAD SÁNCHEZ,ESCUELA ARÍSTIDES FIALLO CABRAL,EMCI,31.5,23.0,1.5,https://indomet.gob.do/wp-content/uploads/2026/01/temperaturas-extremas-y-precipitaciones-2026x01x17-b.pdf
2026-01-17,030,CENTRO DE LOS HEROES (EMA),DISTRITO NACIONAL,MINISTERIO DE ENERGIA Y MINA,EMAP,30.3,24.2,1.4,https://indomet.gob.do/wp-content/uploads/2026/01/temperaturas-extremas-y-precipitaciones-2026x01x17-b.pdf
2026-01-17,031,CONSTANZA (EMA),LA VEGA,PROGRAMA MUNDIAL DE ALIMENTO,EMAP,22.4,12.3,1.4,https://indomet.gob.do/wp-content/uploads/2026/01/temperaturas-extremas-y-precipitaciones-2026x01x17-b.pdf
2026-01-17,032,VILLA RIVA,DUARTE,HOSP. MPAL. ALICIA DE LEGENDRE,EMCI,29.4,19.4,1.3,https://indomet.gob.do/wp-content/uploads/2026/01/temperaturas-extremas-y-precipitaciones-2026x01x17-b.pdf
2026-01-17,033,BAYAGUANA,MONTE PLATA,INDOMET,EMCI,30.6,20.0,1.2,https://indomet.gob.do/wp-content/uploads/2026/01/temperaturas-extremas-y-precipitaciones-2026x01x17-b.pdf
2026-01-17,034,PONTÓN ABAJO (EMA),LA VEGA,MINISTERIO DE AGRICULTURA,EMAP,31.4,22.0,1.2,https://indomet.gob.do/wp-content/uploads/2026/01/temperaturas-extremas-y-precipitaciones-2026x01x17-b.pdf
2026-01-17,035,JARABACOA,LA VEGA,INDRHI / MARENA,EMCI,28.0,13.8,1.1,https://indomet.gob.do/wp-content/uploads/2026/01/temperaturas-extremas-y-precipitaciones-2026x01x17-b.pdf
2026-01-17,036,BELLA VISTA,DISTRITO NACIONAL,PRIVADA,EMAP,,,1.0,https://indomet.gob.do/wp-content/uploads/2026/01/temperaturas-extremas-y-precipitaciones-2026x01x17-b.pdf
2026-01-17,037,ARPT. DEL CIBAO,SANTIAGO,INDOMET,EMCI,32.5,19.5,0.8,https://indomet.gob.do/wp-content/uploads/2026/01/temperaturas-extremas-y-precipitaciones-2026x01x17-b.pdf
2026-01-17,038,RÍO SAN JUAN,MARÍA TRINIDAD SÁNCHEZ,HOSP. MPAL. DR. DESIDERIO ACOSTA,EMCV,30.7,22.3,0.8,https://indomet.gob.do/wp-content/uploads/2026/01/temperaturas-extremas-y-precipitaciones-2026x01x17-b.pdf
2026-01-17,039,SÁNCHEZ,SAMANÁ,MINISTERIO DE AGRICULTURA,EMCI,29.4,21.4,0.8,https://indomet.gob.do/wp-content/uploads/2026/01/temperaturas-extremas-y-precipitaciones-2026x01x17-b.pdf
2026-01-17,040,PALO ÍNDIO,PUERTO PLATA,MINISTERIO DE AGRICULTURA,EMCI,,,0.8,https://indomet.gob.do/wp-content/uploads/2026/01/temperaturas-extremas-y-precipitaciones-2026x01x17-b.pdf
2026-01-17,041,ARPT. DE PUNTA CANA,LA ALTAGRACIA,INDOMET,EMCI,29.2,21.4,0.4,https://indomet.gob.do/wp-content/uploads/2026/01/temperaturas-extremas-y-precipitaciones-2026x01x17-b.pdf
2026-01-17,042,OVIEDO,PEDERNALES,CLÍNICA RURAL OVIEDO,EMCI,30.0,20.5,0.4,https://indomet.gob.do/wp-content/uploads/2026/01/temperaturas-extremas-y-precipitaciones-2026x01x17-b.pdf
2026-01-17,043,SAMANÁ,SAMANÁ,COMANDANCIA DE PUERTO DE SAMANÁ,EMCI,30.5,19.9,0.4,https://indomet.gob.do/wp-content/uploads/2026/01/temperaturas-extremas-y-precipitaciones-2026x01x17-b.pdf
2026-01-17,044,BUCARA (EMA),SANTIAGO,MINISTERIO DE AGRICULTURA,EMAI,,,0.4,https://indomet.gob.do/wp-content/uploads/2026/01/temperaturas-extremas-y-precipitaciones-2026x01x17-b.pdf
2026-01-17,045,BONAO,MONSEÑOR NOUEL,MINISTERIO DE AGRICULTURA,EMCV,,,0.3,https://indomet.gob.do/wp-content/uploads/2026/01/temperaturas-extremas-y-precipitaciones-2026x01x17-b.pdf
2026-01-17,046,ALTAMIRA,PUERTO PLATA,HOSP. MPAL. DE ALTAMIRA,EMCI,30.0,18.5,0.2,https://indomet.gob.do/wp-content/uploads/2026/01/temperaturas-extremas-y-precipitaciones-2026x01x17-b.pdf
2026-01-17,047,ARPT. DE LA ROMANA,LA ROMANA,INDOMET,EMCI,30.0,19.5,0.2,https://indomet.gob.do/wp-content/uploads/2026/01/temperaturas-extremas-y-precipitaciones-2026x01x17-b.pdf
2026-01-17,048,ARPT. GREGORIO LUPERÓN,PUERTO PLATA,INDOMET,EMCI,29.2,20.0,0.2,https://indomet.gob.do/wp-content/uploads/2026/01/temperaturas-extremas-y-precipitaciones-2026x01x17-b.pdf
2026-01-17,049,PRESA DE TAVERAS (EMA),LA VEGA,PROGRAMA MUNDIAL DE ALIMENTO,EMAP,27.9,20.3,0.2,https://indomet.gob.do/wp-content/uploads/2026/01/temperaturas-extremas-y-precipitaciones-2026x01x17-b.pdf
2026-01-17,050,SABANETA (EMA),SANTIAGO RODRÍGUEZ,PROGRAMA MUNDIAL DE ALIMENTO,EMAP,32.1,18.9,0.2,https://indomet.gob.do/wp-content/uploads/2026/01/temperaturas-extremas-y-precipitaciones-2026x01x17-b.pdf
2026-01-17,051,JARDÍN BOTÁNICO SANTIAGO (EMSANTIAGO,,JARDIN BOTANICO SANTIAGO,EMAI,30.7,21.2,0.2,https://indomet.gob.do/wp-content/uploads/2026/01/temperaturas-extremas-y-precipitaciones-2026x01x17-b.pdf
2026-01-17,052,ANAMUYA (EMA),LA ALTAGRACIA,MINISTERIO DE AGRICULTURA,EMAP,29.3,22.7,0.0,https://indomet.gob.do/wp-content/uploads/2026/01/temperaturas-extremas-y-precipitaciones-2026x01x17-b.pdf
2026-01-17,053,ARPT. DE LAS AMÉRICAS,SANTO DOMINGO,INDOMET,EMCI,30.5,21.5,0.0,https://indomet.gob.do/wp-content/uploads/2026/01/temperaturas-extremas-y-precipitaciones-2026x01x17-b.pdf
2026-01-17,054,ARPT. MARÍA MONTEZ,BARAHONA,INDOMET,EMCI,31.2,22.5,0.0,https://indomet.gob.do/wp-content/uploads/2026/01/temperaturas-extremas-y-precipitaciones-2026x01x17-b.pdf
2026-01-17,055,ARROYO LORO,SAN JUAN,IDIAF,EMCI,30.8,14.4,0.0,https://indomet.gob.do/wp-content/uploads/2026/01/temperaturas-extremas-y-precipitaciones-2026x01x17-b.pdf
2026-01-17,056,BANI (EMA),PERAVIA,MINISTERIO DE AGRICULTURA,EMAP,30.4,24.7,0.0,https://indomet.gob.do/wp-content/uploads/2026/01/temperaturas-extremas-y-precipitaciones-2026x01x17-b.pdf
2026-01-17,057,BOCA DE MAO (EMA),VALVERDE,MINISTERIO DE AGRICULTURA,EMAP,32.6,22.5,0.0,https://indomet.gob.do/wp-content/uploads/2026/01/temperaturas-extremas-y-precipitaciones-2026x01x17-b.pdf
2026-01-17,058,CABRAL,BARAHONA,MINISTERIO DE AGRICULTURA,EMCV,31.2,21.3,0.0,https://indomet.gob.do/wp-content/uploads/2026/01/temperaturas-extremas-y-precipitaciones-2026x01x17-b.pdf
2026-01-17,059,DAJABÓN,DAJABÓN,INSTITUTO POLITÉCNICO LOYOLA,EMCI,35.2,18.4,0.0,https://indomet.gob.do/wp-content/uploads/2026/01/temperaturas-extremas-y-precipitaciones-2026x01x17-b.pdf
2026-01-17,060,ELÍAS PIÑA,ELÍAS PIÑA,MINISTERIO DE AGRICULTURA,EMCV,,,0.0,https://indomet.gob.do/wp-content/uploads/2026/01/temperaturas-extremas-y-precipitaciones-2026x01x17-b.pdf
2026-01-17,061,ENRIQUILLO,BARAHONA,MINISTERIO DE AGRICULTURA,EMCV,30.5,23.5,0.0,https://indomet.gob.do/wp-content/uploads/2026/01/temperaturas-extremas-y-precipitaciones-2026x01x17-b.pdf
2026-01-17,062,ESCONDIDO,PERAVIA,MINISTERIO DE AGRICULTURA,EMCV,30.5,23.5,0.0,https://indomet.gob.do/wp-content/uploads/2026/01/temperaturas-extremas-y-precipitaciones-2026x01x17-b.pdf
2026-01-17,063,HONDO VALLE,ELÍAS PIÑA,MINISTERIO DE AGRICULTURA,EMCI,25.5,12.7,0.0,https://indomet.gob.do/wp-content/uploads/2026/01/temperaturas-extremas-y-precipitaciones-2026x01x17-b.pdf
2026-01-17,064,JIMANÍ,INDEPENDENCIA,MINISTERIO DE AGRICULTURA,EMCI,32.4,23.4,0.0,https://indomet.gob.do/wp-content/uploads/2026/01/temperaturas-extremas-y-precipitaciones-2026x01x17-b.pdf
2026-01-17,065,JUMA BEJUCAL,MONSEÑOR NOUEL,IDIAF,EMCV,30.8,20.0,0.0,https://indomet.gob.do/wp-content/uploads/2026/01/temperaturas-extremas-y-precipitaciones-2026x01x17-b.pdf
2026-01-17,066,LAS CANAS (EMA),MONTE CRISTI,PROGRAMA MUNDIAL DE ALIMENTO,EMAP,29.1,22.2,0.0,https://indomet.gob.do/wp-content/uploads/2026/01/temperaturas-extremas-y-precipitaciones-2026x01x17-b.pdf
2026-01-17,067,LAS MATAS DE SANTA CRUZ (EMA,MONTE CRISTI,PROGRAMA MUNDIAL DE ALIMENTO,EMAP,,,0.0,https://indomet.gob.do/wp-content/uploads/2026/01/temperaturas-extremas-y-precipitaciones-2026x01x17-b.pdf
2026-01-17,068,LOS LLANOS,SAN PEDRO DE MACORÍS,MINISTERIO DE AGRICULTURA,EMCI,30.8,20.0,0.0,https://indomet.gob.do/wp-content/uploads/2026/01/temperaturas-extremas-y-precipitaciones-2026x01x17-b.pdf
2026-01-17,069,MAO,VALVERDE,INDRHI / MINISTERIO DE AGRICULTURA,EMCV,,,0.0,https://indomet.gob.do/wp-content/uploads/2026/01/temperaturas-extremas-y-precipitaciones-2026x01x17-b.pdf
2026-01-17,070,MONTE CRISTI,MONTE CRISTI,INDOMET,EMCI,32.0,23.0,0.0,https://indomet.gob.do/wp-content/uploads/2026/01/temperaturas-extremas-y-precipitaciones-2026x01x17-b.pdf
2026-01-17,071,OLIVARES,PEDERNALES,INDRHI,EMCI,,,0.0,https://indomet.gob.do/wp-content/uploads/2026/01/temperaturas-extremas-y-precipitaciones-2026x01x17-b.pdf
2026-01-17,072,PADRE LAS CASAS,AZUA,HOSP. NTRA. SRA. DEL CARMEN,EMCI,32.5,15.0,0.0,https://indomet.gob.do/wp-content/uploads/2026/01/temperaturas-extremas-y-precipitaciones-2026x01x17-b.pdf
2026-01-17,073,PEDERNALES,PEDERNALES,INDRHI,EMCI,,,0.0,https://indomet.gob.do/wp-content/uploads/2026/01/temperaturas-extremas-y-precipitaciones-2026x01x17-b.pdf
2026-01-17,074,PERALTA,AZUA,HOSP. MPAL. DE PERALTA,EMCI,29.0,15.4,0.0,https://indomet.gob.do/wp-content/uploads/2026/01/temperaturas-extremas-y-precipitaciones-2026x01x17-b.pdf
2026-01-17,075,RESTAURACIÓN,DAJABÓN,MINISTERIO DE AGRICULTURA,EMCI,27.2,13.5,0.0,https://indomet.gob.do/wp-content/uploads/2026/01/temperaturas-extremas-y-precipitaciones-2026x01x17-b.pdf
2026-01-17,076,SABANA GRANDE DE BOYÁ,MONTE PLATA,MINISTERIO DE AGRICULTURA,EMCV,,,0.0,https://indomet.gob.do/wp-content/uploads/2026/01/temperaturas-extremas-y-precipitaciones-2026x01x17-b.pdf
2026-01-17,077,SALCEDO,HERMANAS MIRABAL,PROPIEDAD DEL EMPLEADO,EMCI,,,0.0,https://indomet.gob.do/wp-content/uploads/2026/01/temperaturas-extremas-y-precipitaciones-2026x01x17-b.pdf
2026-01-17,078,SAJOMA (EMA),SANTIAGO,PLAN SIERRA,EMAI,28.5,18.7,0.0,https://indomet.gob.do/wp-content/uploads/2026/01/temperaturas-extremas-y-precipitaciones-2026x01x17-b.pdf
2026-01-17,079,VILLA VASQUEZ (EMA),MONTE CRISTI,JUNTA DE REGANTES,EMAI,,,0.0,https://indomet.gob.do/wp-content/uploads/2026/01/temperaturas-extremas-y-precipitaciones-2026x01x17-b.pdf
2026-01-17,080,SANTIAGO RODRÍGUEZ,SANTIAGO RODRÍGUEZ,INDOMET,EMCI,32.2,19.0,0.0,https://indomet.gob.do/wp-content/uploads/2026/01/temperaturas-extremas-y-precipitaciones-2026x01x17-b.pdf
2026-01-17,081,TÁBARA ABAJO,AZUA,INDRHI,EMCI,32.0,17.0,0.0,https://indomet.gob.do/wp-content/uploads/2026/01/temperaturas-extremas-y-precipitaciones-2026x01x17-b.pdf
2026-01-17,082,TAMBORIL,SANTIAGO,MINISTERIO DE AGRICULTURA,EMCV,,,0.0,https://indomet.gob.do/wp-content/uploads/2026/01/temperaturas-extremas-y-precipitaciones-2026x01x17-b.pdf
2026-01-18,001,SAMANÁ,SAMANÁ,COMANDANCIA DE PUERTO DE SAMANÁ,EMCI,31.0,17.0,28.8,https://indomet.gob.do/wp-content/uploads/2026/01/temperaturas-extremas-y-precipitaciones-2026x01x18-a.pdf
2026-01-18,002,OVIEDO,PEDERNALES,CLÍNICA RURAL OVIEDO,EMCI,30.5,20.5,9.2,https://indomet.gob.do/wp-content/uploads/2026/01/temperaturas-extremas-y-precipitaciones-2026x01x18-a.pdf
2026-01-18,003,ARPT. ARROYO BARRIL,SAMANÁ,INDOMET,EMCI,30.0,21.5,3.5,https://indomet.gob.do/wp-content/uploads/2026/01/temperaturas-extremas-y-precipitaciones-2026x01x18-a.pdf
2026-01-18,004,ALTO BANDERA (EMA),LA VEGA,INTEC,EMAP,11.9,6.8,2.4,https://indomet.gob.do/wp-content/uploads/2026/01/temperaturas-extremas-y-precipitaciones-2026x01x18-a.pdf
2026-01-18,005,BASE AÉREA DE SAN ISIDRO,SANTO DOMINGO,FUERZA AÉREA DOMINICANA,EMCV,31.7,20.1,2.4,https://indomet.gob.do/wp-content/uploads/2026/01/temperaturas-extremas-y-precipitaciones-2026x01x18-a.pdf
2026-01-18,006,PARQUE MIRADOR SUR,DISTRITO NACIONAL,AYUNTAMIENTO,EMCV,32.2,21.3,2.4,https://indomet.gob.do/wp-content/uploads/2026/01/temperaturas-extremas-y-precipitaciones-2026x01x18-a.pdf
2026-01-18,007,POLO,BARAHONA,INDOCAFE,EMCI,,13.2,2.4,https://indomet.gob.do/wp-content/uploads/2026/01/temperaturas-extremas-y-precipitaciones-2026x01x18-a.pdf
2026-01-18,008,SÁNCHEZ,SAMANÁ,MINISTERIO DE AGRICULTURA,EMCI,30.0,20.6,2.0,https://indomet.gob.do/wp-content/uploads/2026/01/temperaturas-extremas-y-precipitaciones-2026x01x18-a.pdf
2026-01-18,009,GURABO,SANTIAGO,MINISTERIO DE AGRICULTURA,EMCV,,,1.3,https://indomet.gob.do/wp-content/uploads/2026/01/temperaturas-extremas-y-precipitaciones-2026x01x18-a.pdf
2026-01-18,010,VILLA GONZALES,SANTIAGO,MINISTERIO DE AGRICULTURA,EMCI,,,0.8,https://indomet.gob.do/wp-content/uploads/2026/01/temperaturas-extremas-y-precipitaciones-2026x01x18-a.pdf
2026-01-18,011,BUCARA (EMA),SANTIAGO,MINISTERIO DE AGRICULTURA,EMAI,,,0.6,https://indomet.gob.do/wp-content/uploads/2026/01/temperaturas-extremas-y-precipitaciones-2026x01x18-a.pdf
2026-01-18,012,ARPT. DE PUNTA CANA,LA ALTAGRACIA,INDOMET,EMCI,29.6,21.0,0.4,https://indomet.gob.do/wp-content/uploads/2026/01/temperaturas-extremas-y-precipitaciones-2026x01x18-a.pdf
2026-01-18,013,ARPT. EL CATEY,SAMANÁ,INDOMET,EMCI,30.5,19.5,0.4,https://indomet.gob.do/wp-content/uploads/2026/01/temperaturas-extremas-y-precipitaciones-2026x01x18-a.pdf
2026-01-18,014,ENRIQUILLO,BARAHONA,MINISTERIO DE AGRICULTURA,EMCV,29.2,22.0,0.4,https://indomet.gob.do/wp-content/uploads/2026/01/temperaturas-extremas-y-precipitaciones-2026x01x18-a.pdf
2026-01-18,015,JARDÍN BOTÁNICO SANTIAGO (EMSANTIAGO,,JARDIN BOTANICO SANTIAGO,EMAI,30.0,22.6,0.4,https://indomet.gob.do/wp-content/uploads/2026/01/temperaturas-extremas-y-precipitaciones-2026x01x18-a.pdf
2026-01-18,016,PRESA DE TAVERAS (EMA),LA VEGA,PROGRAMA MUNDIAL DE ALIMENTO,EMAP,27.8,18.3,0.4,https://indomet.gob.do/wp-content/uploads/2026/01/temperaturas-extremas-y-precipitaciones-2026x01x18-a.pdf
2026-01-18,017,EL FACTOR (EMA),MARÍA TRINIDAD SÁNCHEZ,INTEC,EMAP,32.4,20.4,0.3,https://indomet.gob.do/wp-content/uploads/2026/01/temperaturas-extremas-y-precipitaciones-2026x01x18-a.pdf
2026-01-18,018,HATO MAYOR,HATO MAYOR,MINISTERIO DE AGRICULTURA,EMCV,,,0.3,https://indomet.gob.do/wp-content/uploads/2026/01/temperaturas-extremas-y-precipitaciones-2026x01x18-a.pdf
2026-01-18,019,MICHES (EMA),EL SEIBO,PRIVADA,EMAP,30.0,19.9,0.2,https://indomet.gob.do/wp-content/uploads/2026/01/temperaturas-extremas-y-precipitaciones-2026x01x18-a.pdf
2026-01-18,020,ALTAMIRA,PUERTO PLATA,HOSP. MPAL. DE ALTAMIRA,EMCI,30.4,18.0,0.1,https://indomet.gob.do/wp-content/uploads/2026/01/temperaturas-extremas-y-precipitaciones-2026x01x18-a.pdf
2026-01-18,021,CABRAL,BARAHONA,MINISTERIO DE AGRICULTURA,EMCV,29.8,20.2,0.1,https://indomet.gob.do/wp-content/uploads/2026/01/temperaturas-extremas-y-precipitaciones-2026x01x18-a.pdf
2026-01-18,022,JARABACOA,LA VEGA,INDRHI / MARENA,EMCI,29.8,13.4,0.1,https://indomet.gob.do/wp-content/uploads/2026/01/temperaturas-extremas-y-precipitaciones-2026x01x18-a.pdf
2026-01-18,023,ANAMUYA (EMA),LA ALTAGRACIA,MINISTERIO DE AGRICULTURA,EMAP,30.4,21.8,0.0,https://indomet.gob.do/wp-content/uploads/2026/01/temperaturas-extremas-y-precipitaciones-2026x01x18-a.pdf
2026-01-18,024,ARPT. DE LA ROMANA,LA ROMANA,INDOMET,EMCI,30.0,20.0,0.0,https://indomet.gob.do/wp-content/uploads/2026/01/temperaturas-extremas-y-precipitaciones-2026x01x18-a.pdf
2026-01-18,025,ARPT. DE LAS AMÉRICAS,SANTO DOMINGO,INDOMET,EMCI,30.2,20.8,0.0,https://indomet.gob.do/wp-content/uploads/2026/01/temperaturas-extremas-y-precipitaciones-2026x01x18-a.pdf
2026-01-18,026,ARPT. DEL CIBAO,SANTIAGO,INDOMET,EMCI,31.5,20.7,0.0,https://indomet.gob.do/wp-content/uploads/2026/01/temperaturas-extremas-y-precipitaciones-2026x01x18-a.pdf
2026-01-18,027,ARPT. GREGORIO LUPERÓN,PUERTO PLATA,INDOMET,EMCI,30.2,21.5,0.0,https://indomet.gob.do/wp-content/uploads/2026/01/temperaturas-extremas-y-precipitaciones-2026x01x18-a.pdf
2026-01-18,028,ARPT. LA ISABELA,SANTO DOMINGO,INDOMET,EMCI,31.4,20.2,0.0,https://indomet.gob.do/wp-content/uploads/2026/01/temperaturas-extremas-y-precipitaciones-2026x01x18-a.pdf
2026-01-18,029,ARPT. MARÍA MONTEZ,BARAHONA,INDOMET,EMCI,30.2,22.2,0.0,https://indomet.gob.do/wp-content/uploads/2026/01/temperaturas-extremas-y-precipitaciones-2026x01x18-a.pdf
2026-01-18,030,ARROYO LORO,SAN JUAN,IDIAF,EMCI,30.5,12.0,0.0,https://indomet.gob.do/wp-content/uploads/2026/01/temperaturas-extremas-y-precipitaciones-2026x01x18-a.pdf
2026-01-18,031,BANI (EMA),PERAVIA,MINISTERIO DE AGRICULTURA,EMAP,29.3,23.7,0.0,https://indomet.gob.do/wp-content/uploads/2026/01/temperaturas-extremas-y-precipitaciones-2026x01x18-a.pdf
2026-01-18,032,BAYAGUANA,MONTE PLATA,INDOMET,EMCI,31.2,19.0,0.0,https://indomet.gob.do/wp-content/uploads/2026/01/temperaturas-extremas-y-precipitaciones-2026x01x18-a.pdf
2026-01-18,033,BOCA DE MAO (EMA),VALVERDE,MINISTERIO DE AGRICULTURA,EMAP,32.7,20.0,0.0,https://indomet.gob.do/wp-content/uploads/2026/01/temperaturas-extremas-y-precipitaciones-2026x01x18-a.pdf
2026-01-18,034,BONAO,MONSEÑOR NOUEL,MINISTERIO DE AGRICULTURA,EMCV,,,0.0,https://indomet.gob.do/wp-content/uploads/2026/01/temperaturas-extremas-y-precipitaciones-2026x01x18-a.pdf
2026-01-18,035,CABRERA,MARÍA TRINIDAD SÁNCHEZ,ESCUELA ARÍSTIDES FIALLO CABRAL,EMCI,30.6,23.5,0.0,https://indomet.gob.do/wp-content/uploads/2026/01/temperaturas-extremas-y-precipitaciones-2026x01x18-a.pdf
2026-01-18,036,CENTRO DE LOS HEROES (EMA),DISTRITO NACIONAL,MINISTERIO DE ENERGIA Y MINA,EMAP,29.6,23.9,0.0,https://indomet.gob.do/wp-content/uploads/2026/01/temperaturas-extremas-y-precipitaciones-2026x01x18-a.pdf
2026-01-18,037,CONSTANZA,LA VEGA,MINISTERIO DE AGRICULTURA,EMCI,24.0,16.8,0.0,https://indomet.gob.do/wp-content/uploads/2026/01/temperaturas-extremas-y-precipitaciones-2026x01x18-a.pdf
2026-01-18,038,CONSTANZA (EMA),LA VEGA,PROGRAMA MUNDIAL DE ALIMENTO,EMAP,23.1,8.4,0.0,https://indomet.gob.do/wp-content/uploads/2026/01/temperaturas-extremas-y-precipitaciones-2026x01x18-a.pdf
2026-01-18,039,DAJABÓN,DAJABÓN,INSTITUTO POLITÉCNICO LOYOLA,EMCI,34.6,19.1,0.0,https://indomet.gob.do/wp-content/uploads/2026/01/temperaturas-extremas-y-precipitaciones-2026x01x18-a.pdf
2026-01-18,040,EL CERCADO,SAN JUAN,MINISTERIO DE AGRICULTURA,EMCV,,,0.0,https://indomet.gob.do/wp-content/uploads/2026/01/temperaturas-extremas-y-precipitaciones-2026x01x18-a.pdf
2026-01-18,041,ELÍAS PIÑA,ELÍAS PIÑA,MINISTERIO DE AGRICULTURA,EMCV,,,0.0,https://indomet.gob.do/wp-content/uploads/2026/01/temperaturas-extremas-y-precipitaciones-2026x01x18-a.pdf
2026-01-18,042,ESCONDIDO,PERAVIA,MINISTERIO DE AGRICULTURA,EMCV,29.0,24.0,0.0,https://indomet.gob.do/wp-content/uploads/2026/01/temperaturas-extremas-y-precipitaciones-2026x01x18-a.pdf
2026-01-18,043,GASPAR HERNÁNDEZ,ESPAILLAT,PROPIEDAD DEL EMPLEADO,EMCI,,,0.0,https://indomet.gob.do/wp-content/uploads/2026/01/temperaturas-extremas-y-precipitaciones-2026x01x18-a.pdf
2026-01-18,044,HONDO VALLE,ELÍAS PIÑA,MINISTERIO DE AGRICULTURA,EMCI,24.6,10.3,0.0,https://indomet.gob.do/wp-content/uploads/2026/01/temperaturas-extremas-y-precipitaciones-2026x01x18-a.pdf
2026-01-18,045,JARDÍN BOTÁNICO NACIONAL,DISTRITO NACIONAL,JARDÍN BOTÁNICO NACIONAL,EMCV,30.0,17.7,0.0,https://indomet.gob.do/wp-content/uploads/2026/01/temperaturas-extremas-y-precipitaciones-2026x01x18-a.pdf
2026-01-18,046,JIMA ABAJO,LA VEGA,INDOMET,EMCI,30.2,18.0,0.0,https://indomet.gob.do/wp-content/uploads/2026/01/temperaturas-extremas-y-precipitaciones-2026x01x18-a.pdf
2026-01-18,047,JIMANÍ,INDEPENDENCIA,MINISTERIO DE AGRICULTURA,EMCI,31.2,22.5,0.0,https://indomet.gob.do/wp-content/uploads/2026/01/temperaturas-extremas-y-precipitaciones-2026x01x18-a.pdf
2026-01-18,048,JUMA BEJUCAL,MONSEÑOR NOUEL,IDIAF,EMCV,30.0,18.4,0.0,https://indomet.gob.do/wp-content/uploads/2026/01/temperaturas-extremas-y-precipitaciones-2026x01x18-a.pdf
2026-01-18,049,LA VEGA,LA VEGA,IATESA,EMCI,30.5,19.0,0.0,https://indomet.gob.do/wp-content/uploads/2026/01/temperaturas-extremas-y-precipitaciones-2026x01x18-a.pdf
2026-01-18,050,LA VICTORIA,SANTO DOMINGO,CUERPO DE BOMBEROS,EMCI,32.0,19.9,0.0,https://indomet.gob.do/wp-content/uploads/2026/01/temperaturas-extremas-y-precipitaciones-2026x01x18-a.pdf
2026-01-18,051,LAS CANAS (EMA),MONTE CRISTI,PROGRAMA MUNDIAL DE ALIMENTO,EMAP,30.1,20.4,0.0,https://indomet.gob.do/wp-content/uploads/2026/01/temperaturas-extremas-y-precipitaciones-2026x01x18-a.pdf
2026-01-18,052,LAS MATAS DE SANTA CRUZ (EMA,MONTE CRISTI,PROGRAMA MUNDIAL DE ALIMENTO,EMAP,,,0.0,https://indomet.gob.do/wp-content/uploads/2026/01/temperaturas-extremas-y-precipitaciones-2026x01x18-a.pdf
2026-01-18,053,LOS JENGIBRES,NAGUA,INDRHI,EMCI,,,0.0,https://indomet.gob.do/wp-content/uploads/2026/01/temperaturas-extremas-y-precipitaciones-2026x01x18-a.pdf
2026-01-18,054,LOS LLANOS,SAN PEDRO DE MACORÍS,MINISTERIO DE AGRICULTURA,EMCI,29.8,20.3,0.0,https://indomet.gob.do/wp-content/uploads/2026/01/temperaturas-extremas-y-precipitaciones-2026x01x18-a.pdf
2026-01-18,055,MAO,VALVERDE,INDRHI / MINISTERIO DE AGRICULTURA,EMCV,,,0.0,https://indomet.gob.do/wp-content/uploads/2026/01/temperaturas-extremas-y-precipitaciones-2026x01x18-a.pdf
2026-01-18,056,MONCIÓN (EMA),SANTIAGO RODRÍGUEZ,PROGRAMA MUNDIAL DE ALIMENTO,EMAP,29.5,17.9,0.0,https://indomet.gob.do/wp-content/uploads/2026/01/temperaturas-extremas-y-precipitaciones-2026x01x18-a.pdf
2026-01-18,057,MONTE CRISTI,MONTE CRISTI,INDOMET,EMCI,33.0,21.5,0.0,https://indomet.gob.do/wp-content/uploads/2026/01/temperaturas-extremas-y-precipitaciones-2026x01x18-a.pdf
2026-01-18,058,NAVARRETE,SANTIAGO,MINISTERIO DE AGRICULTURA,EMCV,,,0.0,https://indomet.gob.do/wp-content/uploads/2026/01/temperaturas-extremas-y-precipitaciones-2026x01x18-a.pdf
2026-01-18,059,OLIVARES,PEDERNALES,INDRHI,EMCI,,,0.0,https://indomet.gob.do/wp-content/uploads/2026/01/temperaturas-extremas-y-precipitaciones-2026x01x18-a.pdf
2026-01-18,060,PADRE LAS CASAS,AZUA,HOSP. NTRA. SRA. DEL CARMEN,EMCI,30.0,14.5,0.0,https://indomet.gob.do/wp-content/uploads/2026/01/temperaturas-extremas-y-precipitaciones-2026x01x18-a.pdf
2026-01-18,061,PALO ÍNDIO,PUERTO PLATA,MINISTERIO DE AGRICULTURA,EMCI,,,0.0,https://indomet.gob.do/wp-content/uploads/2026/01/temperaturas-extremas-y-precipitaciones-2026x01x18-a.pdf
2026-01-18,062,PASO AL MEDIO,SAN PEDRO DE MACORÍS,INDRHI,EMCI,,,0.0,https://indomet.gob.do/wp-content/uploads/2026/01/temperaturas-extremas-y-precipitaciones-2026x01x18-a.pdf
2026-01-18,063,PEDERNALES,PEDERNALES,INDRHI,EMCI,,,0.0,https://indomet.gob.do/wp-content/uploads/2026/01/temperaturas-extremas-y-precipitaciones-2026x01x18-a.pdf
2026-01-18,064,PERALTA,AZUA,HOSP. MPAL. DE PERALTA,EMCI,31.0,14.0,0.0,https://indomet.gob.do/wp-content/uploads/2026/01/temperaturas-extremas-y-precipitaciones-2026x01x18-a.pdf
2026-01-18,065,PESCADERIA (EMA),BARAHONA,MINISTERIO DE AGRICULTURA,EMAP,,,0.0,https://indomet.gob.do/wp-content/uploads/2026/01/temperaturas-extremas-y-precipitaciones-2026x01x18-a.pdf
2026-01-18,066,PONTÓN ABAJO (EMA),LA VEGA,MINISTERIO DE AGRICULTURA,EMAP,31.4,19.9,0.0,https://indomet.gob.do/wp-content/uploads/2026/01/temperaturas-extremas-y-precipitaciones-2026x01x18-a.pdf
2026-01-18,067,RANCHO ARRIBA,SAN JOSÉ DE OCOA,CENTRO TECNOLÓGICO COMUNITARIO,EMCI,26.3,14.9,0.0,https://indomet.gob.do/wp-content/uploads/2026/01/temperaturas-extremas-y-precipitaciones-2026x01x18-a.pdf
2026-01-18,068,RESTAURACIÓN,DAJABÓN,MINISTERIO DE AGRICULTURA,EMCI,28.0,11.4,0.0,https://indomet.gob.do/wp-content/uploads/2026/01/temperaturas-extremas-y-precipitaciones-2026x01x18-a.pdf
2026-01-18,069,RÍO SAN JUAN,MARÍA TRINIDAD SÁNCHEZ,HOSP. MPAL. DR. DESIDERIO ACOSTA,EMCV,31.0,21.8,0.0,https://indomet.gob.do/wp-content/uploads/2026/01/temperaturas-extremas-y-precipitaciones-2026x01x18-a.pdf
2026-01-18,070,SABANA DE LA MAR,HATO MAYOR,INDOMET,EMCI,30.2,19.8,0.0,https://indomet.gob.do/wp-content/uploads/2026/01/temperaturas-extremas-y-precipitaciones-2026x01x18-a.pdf
2026-01-18,071,SABANA GRANDE DE BOYÁ,MONTE PLATA,MINISTERIO DE AGRICULTURA,EMCV,,,0.0,https://indomet.gob.do/wp-content/uploads/2026/01/temperaturas-extremas-y-precipitaciones-2026x01x18-a.pdf
2026-01-18,072,SABANETA (EMA),SANTIAGO RODRÍGUEZ,PROGRAMA MUNDIAL DE ALIMENTO,EMAP,34.8,19.3,0.0,https://indomet.gob.do/wp-content/uploads/2026/01/temperaturas-extremas-y-precipitaciones-2026x01x18-a.pdf
2026-01-18,073,SAJOMA (EMA),SANTIAGO,PLAN SIERRA,EMAI,28.0,20.1,0.0,https://indomet.gob.do/wp-content/uploads/2026/01/temperaturas-extremas-y-precipitaciones-2026x01x18-a.pdf
2026-01-18,074,SALCEDO,HERMANAS MIRABAL,PROPIEDAD DEL EMPLEADO,EMCI,,,0.0,https://indomet.gob.do/wp-content/uploads/2026/01/temperaturas-extremas-y-precipitaciones-2026x01x18-a.pdf
2026-01-18,075,SAN CRISTÓBAL,SAN CRISTÓBAL,INSTITUTO POLITÉCNICO LOYOLA,EMCI,30.0,21.0,0.0,https://indomet.gob.do/wp-content/uploads/2026/01/temperaturas-extremas-y-precipitaciones-2026x01x18-a.pdf
2026-01-18,076,SAN FRANCISCO DE MACORÍS,DUARTE,San Francisco de Macorís (UASD),EMCI,30.1,20.4,0.0,https://indomet.gob.do/wp-content/uploads/2026/01/temperaturas-extremas-y-precipitaciones-2026x01x18-a.pdf
2026-01-18,077,SAN JOSÉ DE OCOA,SAN JOSÉ DE OCOA,HOSP. SAN JOSÉ DE OCOA,EMCI,28.9,19.1,0.0,https://indomet.gob.do/wp-content/uploads/2026/01/temperaturas-extremas-y-precipitaciones-2026x01x18-a.pdf
2026-01-18,078,SAN RAFAEL DEL YUMA,LA ALTAGRACIA,MINISTERIO DE AGRICULTURA,EMCI,30.6,20.4,0.0,https://indomet.gob.do/wp-content/uploads/2026/01/temperaturas-extremas-y-precipitaciones-2026x01x18-a.pdf
2026-01-18,079,SANTIAGO RODRÍGUEZ,SANTIAGO RODRÍGUEZ,INDOMET,EMCI,34.0,19.5,0.0,https://indomet.gob.do/wp-content/uploads/2026/01/temperaturas-extremas-y-precipitaciones-2026x01x18-a.pdf
2026-01-18,080,SANTO DOMINGO ESTE,SANTO DOMINGO,INDOMET,EMCI,31.7,22.0,0.0,https://indomet.gob.do/wp-content/uploads/2026/01/temperaturas-extremas-y-precipitaciones-2026x01x18-a.pdf
2026-01-18,081,TÁBARA ABAJO,AZUA,INDRHI,EMCI,30.0,17.0,0.0,https://indomet.gob.do/wp-content/uploads/2026/01/temperaturas-extremas-y-precipitaciones-2026x01x18-a.pdf
2026-01-18,082,TAVERA,SANTIAGO,INDRHI,EMCI,,,0.0,https://indomet.gob.do/wp-content/uploads/2026/01/temperaturas-extremas-y-precipitaciones-2026x01x18-a.pdf
2026-01-18,083,VALLE NUEVO (EMA),LA VEGA,MARENA,EMAI,15.9,1.8,0.0,https://indomet.gob.do/wp-content/uploads/2026/01/temperaturas-extremas-y-precipitaciones-2026x01x18-a.pdf
2026-01-18,084,VILLA ALTAGRACIA,SAN CRISTÓBAL,ESCUELA JAVIER ANGULO GURIDI,EMCI,,,0.0,https://indomet.gob.do/wp-content/uploads/2026/01/temperaturas-extremas-y-precipitaciones-2026x01x18-a.pdf
2026-01-18,085,VILLA ISABELA,PUERTO PLATA,MINISTERIO DE AGRICULTURA,EMCV,,,0.0,https://indomet.gob.do/wp-content/uploads/2026/01/temperaturas-extremas-y-precipitaciones-2026x01x18-a.pdf
2026-01-18,086,VILLA RIVA,DUARTE,HOSP. MPAL. ALICIA DE LEGENDRE,EMCI,30.1,18.5,0.0,https://indomet.gob.do/wp-content/uploads/2026/01/temperaturas-extremas-y-precipitaciones-2026x01x18-a.pdf
2026-01-18,087,VILLA VASQUEZ (EMA),MONTE CRISTI,JUNTA DE REGANTES,EMAI,,,0.0,https://indomet.gob.do/wp-content/uploads/2026/01/temperaturas-extremas-y-precipitaciones-2026x01x18-a.pdf
2026-01-19,001,MICHES (EMA),EL SEIBO,PRIVADA,EMAP,29.9,20.6,14.8,https://indomet.gob.do/wp-content/uploads/2026/01/temperaturas-extremas-y-precipitaciones-2026x01x19-a.pdf
2026-01-19,002,RÍO SAN JUAN,MARÍA TRINIDAD SÁNCHEZ,HOSP. MPAL. DR. DESIDERIO ACOSTA,EMCV,32.0,22.4,7.8,https://indomet.gob.do/wp-content/uploads/2026/01/temperaturas-extremas-y-precipitaciones-2026x01x19-a.pdf
2026-01-19,003,SALCEDO,HERMANAS MIRABAL,PROPIEDAD DEL EMPLEADO,EMCI,,,6.2,https://indomet.gob.do/wp-content/uploads/2026/01/temperaturas-extremas-y-precipitaciones-2026x01x19-a.pdf
2026-01-19,004,CABRERA,MARÍA TRINIDAD SÁNCHEZ,ESCUELA ARÍSTIDES FIALLO CABRAL,EMCI,31.6,23.4,5.8,https://indomet.gob.do/wp-content/uploads/2026/01/temperaturas-extremas-y-precipitaciones-2026x01x19-a.pdf
2026-01-19,005,JUMA BEJUCAL,MONSEÑOR NOUEL,IDIAF,EMCV,31.2,18.8,5.5,https://indomet.gob.do/wp-content/uploads/2026/01/temperaturas-extremas-y-precipitaciones-2026x01x19-a.pdf
2026-01-19,006,SAN RAFAEL DEL YUMA,LA ALTAGRACIA,MINISTERIO DE AGRICULTURA,EMCI,31.3,20.8,4.5,https://indomet.gob.do/wp-content/uploads/2026/01/temperaturas-extremas-y-precipitaciones-2026x01x19-a.pdf
2026-01-19,007,SÁNCHEZ,SAMANÁ,MINISTERIO DE AGRICULTURA,EMCI,29.8,21.4,3.6,https://indomet.gob.do/wp-content/uploads/2026/01/temperaturas-extremas-y-precipitaciones-2026x01x19-a.pdf
2026-01-19,008,SABANA DE LA MAR,HATO MAYOR,INDOMET,EMCI,30.4,20.2,3.5,https://indomet.gob.do/wp-content/uploads/2026/01/temperaturas-extremas-y-precipitaciones-2026x01x19-a.pdf
2026-01-19,009,SAMANÁ,SAMANÁ,COMANDANCIA DE PUERTO DE SAMANÁ,EMCI,31.0,18.0,3.4,https://indomet.gob.do/wp-content/uploads/2026/01/temperaturas-extremas-y-precipitaciones-2026x01x19-a.pdf
2026-01-19,010,JARABACOA (EMA),LA VEGA,PROGRAMA MUNDIAL DE ALIMENTO,EMAP,29.1,15.4,2.4,https://indomet.gob.do/wp-content/uploads/2026/01/temperaturas-extremas-y-precipitaciones-2026x01x19-a.pdf
2026-01-19,011,CONSTANZA,LA VEGA,MINISTERIO DE AGRICULTURA,EMCI,24.4,8.7,2.3,https://indomet.gob.do/wp-content/uploads/2026/01/temperaturas-extremas-y-precipitaciones-2026x01x19-a.pdf
2026-01-19,012,ARPT. ARROYO BARRIL,SAMANÁ,INDOMET,EMCI,30.5,21.0,2.2,https://indomet.gob.do/wp-content/uploads/2026/01/temperaturas-extremas-y-precipitaciones-2026x01x19-a.pdf
2026-01-19,013,GASPAR HERNÁNDEZ,ESPAILLAT,PROPIEDAD DEL EMPLEADO,EMCI,,,2.0,https://indomet.gob.do/wp-content/uploads/2026/01/temperaturas-extremas-y-precipitaciones-2026x01x19-a.pdf
2026-01-19,014,JARABACOA,LA VEGA,INDRHI / MARENA,EMCI,30.2,13.2,2.0,https://indomet.gob.do/wp-content/uploads/2026/01/temperaturas-extremas-y-precipitaciones-2026x01x19-a.pdf
2026-01-19,015,ARPT. DE PUNTA CANA,LA ALTAGRACIA,INDOMET,EMCI,29.6,22.1,1.2,https://indomet.gob.do/wp-content/uploads/2026/01/temperaturas-extremas-y-precipitaciones-2026x01x19-a.pdf
2026-01-19,016,ARPT. EL CATEY,SAMANÁ,INDOMET,EMCI,31.0,19.2,1.0,https://indomet.gob.do/wp-content/uploads/2026/01/temperaturas-extremas-y-precipitaciones-2026x01x19-a.pdf
2026-01-19,017,CONSTANZA (EMA),LA VEGA,PROGRAMA MUNDIAL DE ALIMENTO,EMAP,23.7,10.2,0.8,https://indomet.gob.do/wp-content/uploads/2026/01/temperaturas-extremas-y-precipitaciones-2026x01x19-a.pdf
2026-01-19,018,BONAO,MONSEÑOR NOUEL,MINISTERIO DE AGRICULTURA,EMCV,,,0.7,https://indomet.gob.do/wp-content/uploads/2026/01/temperaturas-extremas-y-precipitaciones-2026x01x19-a.pdf
2026-01-19,019,ANAMUYA (EMA),LA ALTAGRACIA,MINISTERIO DE AGRICULTURA,EMAP,30.7,22.2,0.6,https://indomet.gob.do/wp-content/uploads/2026/01/temperaturas-extremas-y-precipitaciones-2026x01x19-a.pdf
2026-01-19,020,POLO,BARAHONA,INDOCAFE,EMCI,,14.2,0.2,https://indomet.gob.do/wp-content/uploads/2026/01/temperaturas-extremas-y-precipitaciones-2026x01x19-a.pdf
2026-01-19,021,BUCARA (EMA),SANTIAGO,MINISTERIO DE AGRICULTURA,EMAI,,,0.2,https://indomet.gob.do/wp-content/uploads/2026/01/temperaturas-extremas-y-precipitaciones-2026x01x19-a.pdf
2026-01-19,022,VALLE NUEVO (EMA),LA VEGA,MARENA,EMAI,17.8,7.7,0.2,https://indomet.gob.do/wp-content/uploads/2026/01/temperaturas-extremas-y-precipitaciones-2026x01x19-a.pdf
2026-01-19,023,OVIEDO,PEDERNALES,CLÍNICA RURAL OVIEDO,EMCI,30.7,19.2,0.1,https://indomet.gob.do/wp-content/uploads/2026/01/temperaturas-extremas-y-precipitaciones-2026x01x19-a.pdf
2026-01-19,024,ALTAMIRA,PUERTO PLATA,HOSP. MPAL. DE ALTAMIRA,EMCI,31.4,17.6,0.0,https://indomet.gob.do/wp-content/uploads/2026/01/temperaturas-extremas-y-precipitaciones-2026x01x19-a.pdf
2026-01-19,025,ALTO BANDERA (EMA),LA VEGA,INTEC,EMAP,15.9,3.8,0.0,https://indomet.gob.do/wp-content/uploads/2026/01/temperaturas-extremas-y-precipitaciones-2026x01x19-a.pdf
2026-01-19,026,ARPT. DE LA ROMANA,LA ROMANA,INDOMET,EMCI,30.6,18.1,0.0,https://indomet.gob.do/wp-content/uploads/2026/01/temperaturas-extremas-y-precipitaciones-2026x01x19-a.pdf
2026-01-19,027,ARPT. DE LAS AMÉRICAS,SANTO DOMINGO,INDOMET,EMCI,30.6,19.8,0.0,https://indomet.gob.do/wp-content/uploads/2026/01/temperaturas-extremas-y-precipitaciones-2026x01x19-a.pdf
2026-01-19,028,ARPT. DEL CIBAO,SANTIAGO,INDOMET,EMCI,31.5,19.0,0.0,https://indomet.gob.do/wp-content/uploads/2026/01/temperaturas-extremas-y-precipitaciones-2026x01x19-a.pdf
2026-01-19,029,ARPT. GREGORIO LUPERÓN,PUERTO PLATA,INDOMET,EMCI,31.0,22.0,0.0,https://indomet.gob.do/wp-content/uploads/2026/01/temperaturas-extremas-y-precipitaciones-2026x01x19-a.pdf
2026-01-19,030,ARPT. LA ISABELA,SANTO DOMINGO,INDOMET,EMCI,31.5,19.0,0.0,https://indomet.gob.do/wp-content/uploads/2026/01/temperaturas-extremas-y-precipitaciones-2026x01x19-a.pdf
2026-01-19,031,ARPT. MARÍA MONTEZ,BARAHONA,INDOMET,EMCI,30.3,19.7,0.0,https://indomet.gob.do/wp-content/uploads/2026/01/temperaturas-extremas-y-precipitaciones-2026x01x19-a.pdf
2026-01-19,032,ARROYO LORO,SAN JUAN,IDIAF,EMCI,30.5,14.4,0.0,https://indomet.gob.do/wp-content/uploads/2026/01/temperaturas-extremas-y-precipitaciones-2026x01x19-a.pdf
2026-01-19,033,BANI (EMA),PERAVIA,MINISTERIO DE AGRICULTURA,EMAP,30.3,24.0,0.0,https://indomet.gob.do/wp-content/uploads/2026/01/temperaturas-extremas-y-precipitaciones-2026x01x19-a.pdf
2026-01-19,034,BASE AÉREA DE SAN ISIDRO,SANTO DOMINGO,FUERZA AÉREA DOMINICANA,EMCV,30.0,21.0,0.0,https://indomet.gob.do/wp-content/uploads/2026/01/temperaturas-extremas-y-precipitaciones-2026x01x19-a.pdf
2026-01-19,035,BAYAGUANA,MONTE PLATA,INDOMET,EMCI,32.2,19.2,0.0,https://indomet.gob.do/wp-content/uploads/2026/01/temperaturas-extremas-y-precipitaciones-2026x01x19-a.pdf
2026-01-19,036,BOCA DE MAO (EMA),VALVERDE,MINISTERIO DE AGRICULTURA,EMAP,33.0,21.5,0.0,https://indomet.gob.do/wp-content/uploads/2026/01/temperaturas-extremas-y-precipitaciones-2026x01x19-a.pdf
2026-01-19,037,BOHECHÍO,SAN JUAN,MINISTERIO DE AGRICULTURA,EMCV,,,0.0,https://indomet.gob.do/wp-content/uploads/2026/01/temperaturas-extremas-y-precipitaciones-2026x01x19-a.pdf
2026-01-19,038,CABRAL,BARAHONA,MINISTERIO DE AGRICULTURA,EMCV,30.9,19.9,0.0,https://indomet.gob.do/wp-content/uploads/2026/01/temperaturas-extremas-y-precipitaciones-2026x01x19-a.pdf
2026-01-19,039,CENTRO DE LOS HEROES (EMA),DISTRITO NACIONAL,MINISTERIO DE ENERGIA Y MINA,EMAP,30.5,24.3,0.0,https://indomet.gob.do/wp-content/uploads/2026/01/temperaturas-extremas-y-precipitaciones-2026x01x19-a.pdf
2026-01-19,040,DAJABÓN,DAJABÓN,INSTITUTO POLITÉCNICO LOYOLA,EMCI,34.4,19.3,0.0,https://indomet.gob.do/wp-content/uploads/2026/01/temperaturas-extremas-y-precipitaciones-2026x01x19-a.pdf
2026-01-19,041,EL CERCADO,SAN JUAN,MINISTERIO DE AGRICULTURA,EMCV,,,0.0,https://indomet.gob.do/wp-content/uploads/2026/01/temperaturas-extremas-y-precipitaciones-2026x01x19-a.pdf
2026-01-19,042,EL FACTOR (EMA),MARÍA TRINIDAD SÁNCHEZ,INTEC,EMAP,32.2,20.9,0.0,https://indomet.gob.do/wp-content/uploads/2026/01/temperaturas-extremas-y-precipitaciones-2026x01x19-a.pdf
2026-01-19,043,ELÍAS PIÑA,ELÍAS PIÑA,MINISTERIO DE AGRICULTURA,EMCV,,,0.0,https://indomet.gob.do/wp-content/uploads/2026/01/temperaturas-extremas-y-precipitaciones-2026x01x19-a.pdf
2026-01-19,044,ENRIQUILLO,BARAHONA,MINISTERIO DE AGRICULTURA,EMCV,31.8,21.0,0.0,https://indomet.gob.do/wp-content/uploads/2026/01/temperaturas-extremas-y-precipitaciones-2026x01x19-a.pdf
2026-01-19,045,GURABO,SANTIAGO,MINISTERIO DE AGRICULTURA,EMCV,,,0.0,https://indomet.gob.do/wp-content/uploads/2026/01/temperaturas-extremas-y-precipitaciones-2026x01x19-a.pdf
2026-01-19,046,HATO MAYOR,HATO MAYOR,MINISTERIO DE AGRICULTURA,EMCV,,,0.0,https://indomet.gob.do/wp-content/uploads/2026/01/temperaturas-extremas-y-precipitaciones-2026x01x19-a.pdf
2026-01-19,047,HONDO VALLE,ELÍAS PIÑA,MINISTERIO DE AGRICULTURA,EMCI,24.2,10.0,0.0,https://indomet.gob.do/wp-content/uploads/2026/01/temperaturas-extremas-y-precipitaciones-2026x01x19-a.pdf
2026-01-19,048,JARDÍN BOTÁNICO NACIONAL,DISTRITO NACIONAL,JARDÍN BOTÁNICO NACIONAL,EMCV,30.3,18.4,0.0,https://indomet.gob.do/wp-content/uploads/2026/01/temperaturas-extremas-y-precipitaciones-2026x01x19-a.pdf
2026-01-19,049,JIMANÍ,INDEPENDENCIA,MINISTERIO DE AGRICULTURA,EMCI,32.2,20.8,0.0,https://indomet.gob.do/wp-content/uploads/2026/01/temperaturas-extremas-y-precipitaciones-2026x01x19-a.pdf
2026-01-19,050,LA VEGA,LA VEGA,IATESA,EMCI,31.5,20.5,0.0,https://indomet.gob.do/wp-content/uploads/2026/01/temperaturas-extremas-y-precipitaciones-2026x01x19-a.pdf
2026-01-19,051,LA VICTORIA,SANTO DOMINGO,CUERPO DE BOMBEROS,EMCI,32.0,21.0,0.0,https://indomet.gob.do/wp-content/uploads/2026/01/temperaturas-extremas-y-precipitaciones-2026x01x19-a.pdf
2026-01-19,052,LAS CANAS (EMA),MONTE CRISTI,PROGRAMA MUNDIAL DE ALIMENTO,EMAP,29.9,22.2,0.0,https://indomet.gob.do/wp-content/uploads/2026/01/temperaturas-extremas-y-precipitaciones-2026x01x19-a.pdf
2026-01-19,053,LAS MATAS DE SANTA CRUZ (EMA,MONTE CRISTI,PROGRAMA MUNDIAL DE ALIMENTO,EMAP,,,0.0,https://indomet.gob.do/wp-content/uploads/2026/01/temperaturas-extremas-y-precipitaciones-2026x01x19-a.pdf
2026-01-19,054,LOS JENGIBRES,NAGUA,INDRHI,EMCI,,,0.0,https://indomet.gob.do/wp-content/uploads/2026/01/temperaturas-extremas-y-precipitaciones-2026x01x19-a.pdf
2026-01-19,055,LOS LLANOS,SAN PEDRO DE MACORÍS,MINISTERIO DE AGRICULTURA,EMCI,31.5,20.0,0.0,https://indomet.gob.do/wp-content/uploads/2026/01/temperaturas-extremas-y-precipitaciones-2026x01x19-a.pdf
2026-01-19,056,MAO,VALVERDE,INDRHI / MINISTERIO DE AGRICULTURA,EMCV,,,0.0,https://indomet.gob.do/wp-content/uploads/2026/01/temperaturas-extremas-y-precipitaciones-2026x01x19-a.pdf
2026-01-19,057,MONCIÓN (EMA),SANTIAGO RODRÍGUEZ,PROGRAMA MUNDIAL DE ALIMENTO,EMAP,30.3,16.9,0.0,https://indomet.gob.do/wp-content/uploads/2026/01/temperaturas-extremas-y-precipitaciones-2026x01x19-a.pdf
2026-01-19,058,MONTE CRISTI,MONTE CRISTI,INDOMET,EMCI,33.0,20.9,0.0,https://indomet.gob.do/wp-content/uploads/2026/01/temperaturas-extremas-y-precipitaciones-2026x01x19-a.pdf
2026-01-19,059,NAVARRETE,SANTIAGO,MINISTERIO DE AGRICULTURA,EMCV,,,0.0,https://indomet.gob.do/wp-content/uploads/2026/01/temperaturas-extremas-y-precipitaciones-2026x01x19-a.pdf
2026-01-19,060,OLIVARES,PEDERNALES,INDRHI,EMCI,,,0.0,https://indomet.gob.do/wp-content/uploads/2026/01/temperaturas-extremas-y-precipitaciones-2026x01x19-a.pdf
2026-01-19,061,PADRE LAS CASAS,AZUA,HOSP. NTRA. SRA. DEL CARMEN,EMCI,31.3,13.6,0.0,https://indomet.gob.do/wp-content/uploads/2026/01/temperaturas-extremas-y-precipitaciones-2026x01x19-a.pdf
2026-01-19,062,PALO ÍNDIO,PUERTO PLATA,MINISTERIO DE AGRICULTURA,EMCI,,,0.0,https://indomet.gob.do/wp-content/uploads/2026/01/temperaturas-extremas-y-precipitaciones-2026x01x19-a.pdf
2026-01-19,063,PARQUE MIRADOR SUR,DISTRITO NACIONAL,AYUNTAMIENTO,EMCV,31.5,21.3,0.0,https://indomet.gob.do/wp-content/uploads/2026/01/temperaturas-extremas-y-precipitaciones-2026x01x19-a.pdf
2026-01-19,064,PASO AL MEDIO,SAN PEDRO DE MACORÍS,INDRHI,EMCI,,,0.0,https://indomet.gob.do/wp-content/uploads/2026/01/temperaturas-extremas-y-precipitaciones-2026x01x19-a.pdf
2026-01-19,065,PEDERNALES,PEDERNALES,INDRHI,EMCI,,,0.0,https://indomet.gob.do/wp-content/uploads/2026/01/temperaturas-extremas-y-precipitaciones-2026x01x19-a.pdf
2026-01-19,066,PERALTA,AZUA,HOSP. MPAL. DE PERALTA,EMCI,30.0,14.5,0.0,https://indomet.gob.do/wp-content/uploads/2026/01/temperaturas-extremas-y-precipitaciones-2026x01x19-a.pdf
2026-01-19,067,PONTÓN ABAJO (EMA),LA VEGA,MINISTERIO DE AGRICULTURA,EMAP,32.6,20.9,0.0,https://indomet.gob.do/wp-content/uploads/2026/01/temperaturas-extremas-y-precipitaciones-2026x01x19-a.pdf
2026-01-19,068,PRESA DE TAVERAS (EMA),LA VEGA,PROGRAMA MUNDIAL DE ALIMENTO,EMAP,28.8,19.5,0.0,https://indomet.gob.do/wp-content/uploads/2026/01/temperaturas-extremas-y-precipitaciones-2026x01x19-a.pdf
2026-01-19,069,RANCHO ARRIBA,SAN JOSÉ DE OCOA,CENTRO TECNOLÓGICO COMUNITARIO,EMCI,27.2,14.7,0.0,https://indomet.gob.do/wp-content/uploads/2026/01/temperaturas-extremas-y-precipitaciones-2026x01x19-a.pdf
2026-01-19,070,RESTAURACIÓN,DAJABÓN,MINISTERIO DE AGRICULTURA,EMCI,29.5,11.6,0.0,https://indomet.gob.do/wp-content/uploads/2026/01/temperaturas-extremas-y-precipitaciones-2026x01x19-a.pdf
2026-01-19,071,SABANA GRANDE DE BOYÁ,MONTE PLATA,MINISTERIO DE AGRICULTURA,EMCV,,,0.0,https://indomet.gob.do/wp-content/uploads/2026/01/temperaturas-extremas-y-precipitaciones-2026x01x19-a.pdf
2026-01-19,072,SABANETA (EMA),SANTIAGO RODRÍGUEZ,PROGRAMA MUNDIAL DE ALIMENTO,EMAP,34.3,19.7,0.0,https://indomet.gob.do/wp-content/uploads/2026/01/temperaturas-extremas-y-precipitaciones-2026x01x19-a.pdf
2026-01-19,073,SAN CRISTÓBAL,SAN CRISTÓBAL,INSTITUTO POLITÉCNICO LOYOLA,EMCI,31.0,19.0,0.0,https://indomet.gob.do/wp-content/uploads/2026/01/temperaturas-extremas-y-precipitaciones-2026x01x19-a.pdf
2026-01-19,074,SAN FRANCISCO DE MACORÍS,DUARTE,San Francisco de Macorís (UASD),EMCI,30.3,20.3,0.0,https://indomet.gob.do/wp-content/uploads/2026/01/temperaturas-extremas-y-precipitaciones-2026x01x19-a.pdf
2026-01-19,075,SAN JOSÉ DE OCOA,SAN JOSÉ DE OCOA,HOSP. SAN JOSÉ DE OCOA,EMCI,30.0,18.6,0.0,https://indomet.gob.do/wp-content/uploads/2026/01/temperaturas-extremas-y-precipitaciones-2026x01x19-a.pdf
2026-01-19,076,SAJOMA (EMA),SANTIAGO,PLAN SIERRA,EMAI,29.5,18.6,0.0,https://indomet.gob.do/wp-content/uploads/2026/01/temperaturas-extremas-y-precipitaciones-2026x01x19-a.pdf
2026-01-19,077,JARDÍN BOTÁNICO SANTIAGO (EMSANTIAGO,,JARDIN BOTANICO SANTIAGO,EMAI,30.6,18.6,0.0,https://indomet.gob.do/wp-content/uploads/2026/01/temperaturas-extremas-y-precipitaciones-2026x01x19-a.pdf
2026-01-19,078,VILLA VASQUEZ (EMA),MONTE CRISTI,JUNTA DE REGANTES,EMAI,,,0.0,https://indomet.gob.do/wp-content/uploads/2026/01/temperaturas-extremas-y-precipitaciones-2026x01x19-a.pdf
2026-01-19,079,SANTIAGO RODRÍGUEZ,SANTIAGO RODRÍGUEZ,INDOMET,EMCI,34.0,19.8,0.0,https://indomet.gob.do/wp-content/uploads/2026/01/temperaturas-extremas-y-precipitaciones-2026x01x19-a.pdf
2026-01-19,080,SANTO DOMINGO ESTE,SANTO DOMINGO,INDOMET,EMCI,31.0,22.7,0.0,https://indomet.gob.do/wp-content/uploads/2026/01/temperaturas-extremas-y-precipitaciones-2026x01x19-a.pdf
2026-01-19,081,TÁBARA ABAJO,AZUA,INDRHI,EMCI,32.0,18.0,0.0,https://indomet.gob.do/wp-content/uploads/2026/01/temperaturas-extremas-y-precipitaciones-2026x01x19-a.pdf
2026-01-19,082,TAMBORIL,SANTIAGO,MINISTERIO DE AGRICULTURA,EMCV,,,0.0,https://indomet.gob.do/wp-content/uploads/2026/01/temperaturas-extremas-y-precipitaciones-2026x01x19-a.pdf
2026-01-19,083,JIMA ABAJO,LA VEGA,INDOMET,EMCI,31.0,18.2,0.0,https://indomet.gob.do/wp-content/uploads/2026/01/temperaturas-extremas-y-precipitaciones-2026x01x19-a.pdf
2026-01-19,084,TAVERA,SANTIAGO,INDRHI,EMCI,,,0.0,https://indomet.gob.do/wp-content/uploads/2026/01/temperaturas-extremas-y-precipitaciones-2026x01x19-a.pdf
2026-01-19,085,VILLA ALTAGRACIA,SAN CRISTÓBAL,ESCUELA JAVIER ANGULO GURIDI,EMCI,,,0.0,https://indomet.gob.do/wp-content/uploads/2026/01/temperaturas-extremas-y-precipitaciones-2026x01x19-a.pdf
2026-01-19,086,VILLA GONZALES,SANTIAGO,MINISTERIO DE AGRICULTURA,EMCI,,,0.0,https://indomet.gob.do/wp-content/uploads/2026/01/temperaturas-extremas-y-precipitaciones-2026x01x19-a.pdf
2026-01-19,087,VILLA ISABELA,PUERTO PLATA,MINISTERIO DE AGRICULTURA,EMCV,,,0.0,https://indomet.gob.do/wp-content/uploads/2026/01/temperaturas-extremas-y-precipitaciones-2026x01x19-a.pdf
2026-01-19,088,VILLA RIVA,DUARTE,HOSP. MPAL. ALICIA DE LEGENDRE,EMCI,31.0,18.8,0.0,https://indomet.gob.do/wp-content/uploads/2026/01/temperaturas-extremas-y-precipitaciones-2026x01x19-a.pdf
2026-01-20,001,EL FACTOR (EMA),MARÍA TRINIDAD SÁNCHEZ,INTEC,EMAP,30.4,21.1,55.9,https://indomet.gob.do/wp-content/uploads/2026/01/temperaturas-extremas-y-precipitaciones-2026x01x20-a.pdf
2026-01-20,002,SABANA DE LA MAR,HATO MAYOR,INDOMET,EMCI,29.2,22.2,29.2,https://indomet.gob.do/wp-content/uploads/2026/01/temperaturas-extremas-y-precipitaciones-2026x01x20-a.pdf
2026-01-20,003,RANCHO ARRIBA,SAN JOSÉ DE OCOA,CENTRO TECNOLÓGICO COMUNITARIO,EMCI,25.9,14.5,22.2,https://indomet.gob.do/wp-content/uploads/2026/01/temperaturas-extremas-y-precipitaciones-2026x01x20-a.pdf
2026-01-20,004,VILLA RIVA,DUARTE,HOSP. MPAL. ALICIA DE LEGENDRE,EMCI,28.0,19.0,21.5,https://indomet.gob.do/wp-content/uploads/2026/01/temperaturas-extremas-y-precipitaciones-2026x01x20-a.pdf
2026-01-20,005,GASPAR HERNÁNDEZ,ESPAILLAT,PROPIEDAD DEL EMPLEADO,EMCI,,,20.5,https://indomet.gob.do/wp-content/uploads/2026/01/temperaturas-extremas-y-precipitaciones-2026x01x20-a.pdf
2026-01-20,006,SAMANÁ,SAMANÁ,COMANDANCIA DE PUERTO DE SAMANÁ,EMCI,30.3,17.3,18.4,https://indomet.gob.do/wp-content/uploads/2026/01/temperaturas-extremas-y-precipitaciones-2026x01x20-a.pdf
2026-01-20,007,ARPT. DE LAS AMÉRICAS,SANTO DOMINGO,INDOMET,EMCI,30.7,20.4,17.0,https://indomet.gob.do/wp-content/uploads/2026/01/temperaturas-extremas-y-precipitaciones-2026x01x20-a.pdf
2026-01-20,008,ARPT. EL CATEY,SAMANÁ,INDOMET,EMCI,28.0,19.0,16.6,https://indomet.gob.do/wp-content/uploads/2026/01/temperaturas-extremas-y-precipitaciones-2026x01x20-a.pdf
2026-01-20,009,ALTO BANDERA (EMA),LA VEGA,INTEC,EMAP,9.8,6.1,16.0,https://indomet.gob.do/wp-content/uploads/2026/01/temperaturas-extremas-y-precipitaciones-2026x01x20-a.pdf
2026-01-20,010,PONTÓN ABAJO (EMA),LA VEGA,MINISTERIO DE AGRICULTURA,EMAP,31.2,21.3,15.2,https://indomet.gob.do/wp-content/uploads/2026/01/temperaturas-extremas-y-precipitaciones-2026x01x20-a.pdf
2026-01-20,011,JUMA BEJUCAL,MONSEÑOR NOUEL,IDIAF,EMCV,29.0,21.0,14.8,https://indomet.gob.do/wp-content/uploads/2026/01/temperaturas-extremas-y-precipitaciones-2026x01x20-a.pdf
2026-01-20,012,JARABACOA (EMA),LA VEGA,PROGRAMA MUNDIAL DE ALIMENTO,EMAP,27.4,17.8,14.0,https://indomet.gob.do/wp-content/uploads/2026/01/temperaturas-extremas-y-precipitaciones-2026x01x20-a.pdf
2026-01-20,013,BASE AÉREA DE SAN ISIDRO,SANTO DOMINGO,FUERZA AÉREA DOMINICANA,EMCV,31.5,21.5,13.6,https://indomet.gob.do/wp-content/uploads/2026/01/temperaturas-extremas-y-precipitaciones-2026x01x20-a.pdf
2026-01-20,014,JARABACOA,LA VEGA,INDRHI / MARENA,EMCI,29.4,13.8,12.9,https://indomet.gob.do/wp-content/uploads/2026/01/temperaturas-extremas-y-precipitaciones-2026x01x20-a.pdf
2026-01-20,015,SANTIAGO RODRÍGUEZ,SANTIAGO RODRÍGUEZ,INDOMET,EMCI,29.4,13.8,12.9,https://indomet.gob.do/wp-content/uploads/2026/01/temperaturas-extremas-y-precipitaciones-2026x01x20-a.pdf
2026-01-20,016,SAN CRISTÓBAL,SAN CRISTÓBAL,INSTITUTO POLITÉCNICO LOYOLA,EMCI,30.2,21.2,12.5,https://indomet.gob.do/wp-content/uploads/2026/01/temperaturas-extremas-y-precipitaciones-2026x01x20-a.pdf
2026-01-20,017,VILLA ALTAGRACIA,SAN CRISTÓBAL,ESCUELA JAVIER ANGULO GURIDI,EMCI,,,12.5,https://indomet.gob.do/wp-content/uploads/2026/01/temperaturas-extremas-y-precipitaciones-2026x01x20-a.pdf
2026-01-20,018,SALCEDO,HERMANAS MIRABAL,PROPIEDAD DEL EMPLEADO,EMCI,,,12.0,https://indomet.gob.do/wp-content/uploads/2026/01/temperaturas-extremas-y-precipitaciones-2026x01x20-a.pdf
2026-01-20,019,VALLE NUEVO (EMA),LA VEGA,MARENA,EMAI,16.2,8.9,11.6,https://indomet.gob.do/wp-content/uploads/2026/01/temperaturas-extremas-y-precipitaciones-2026x01x20-a.pdf
2026-01-20,020,BONAO,MONSEÑOR NOUEL,MINISTERIO DE AGRICULTURA,EMCV,,,10.7,https://indomet.gob.do/wp-content/uploads/2026/01/temperaturas-extremas-y-precipitaciones-2026x01x20-a.pdf
2026-01-20,021,PRESA DE TAVERAS (EMA),LA VEGA,PROGRAMA MUNDIAL DE ALIMENTO,EMAP,28.8,19.9,10.6,https://indomet.gob.do/wp-content/uploads/2026/01/temperaturas-extremas-y-precipitaciones-2026x01x20-a.pdf
2026-01-20,022,CENTRO DE LOS HEROES (EMA),DISTRITO NACIONAL,MINISTERIO DE ENERGIA Y MINA,EMAP,30.9,23.6,10.2,https://indomet.gob.do/wp-content/uploads/2026/01/temperaturas-extremas-y-precipitaciones-2026x01x20-a.pdf
2026-01-20,023,LA VEGA,LA VEGA,IATESA,EMCI,30.3,21.0,10.0,https://indomet.gob.do/wp-content/uploads/2026/01/temperaturas-extremas-y-precipitaciones-2026x01x20-a.pdf
2026-01-20,024,SANTO DOMINGO ESTE,SANTO DOMINGO,INDOMET,EMCI,31.5,23.4,9.8,https://indomet.gob.do/wp-content/uploads/2026/01/temperaturas-extremas-y-precipitaciones-2026x01x20-a.pdf
2026-01-20,025,CABRERA,MARÍA TRINIDAD SÁNCHEZ,ESCUELA ARÍSTIDES FIALLO CABRAL,EMCI,31.5,24.0,8.9,https://indomet.gob.do/wp-content/uploads/2026/01/temperaturas-extremas-y-precipitaciones-2026x01x20-a.pdf
2026-01-20,026,SABANA GRANDE DE BOYÁ,MONTE PLATA,MINISTERIO DE AGRICULTURA,EMCV,,,8.9,https://indomet.gob.do/wp-content/uploads/2026/01/temperaturas-extremas-y-precipitaciones-2026x01x20-a.pdf
2026-01-20,027,SÁNCHEZ,SAMANÁ,MINISTERIO DE AGRICULTURA,EMCI,28.3,19.8,8.2,https://indomet.gob.do/wp-content/uploads/2026/01/temperaturas-extremas-y-precipitaciones-2026x01x20-a.pdf
2026-01-20,028,HATO MAYOR,HATO MAYOR,MINISTERIO DE AGRICULTURA,EMCV,,,8.1,https://indomet.gob.do/wp-content/uploads/2026/01/temperaturas-extremas-y-precipitaciones-2026x01x20-a.pdf
2026-01-20,029,ARPT. GREGORIO LUPERÓN,PUERTO PLATA,INDOMET,EMCI,29.2,21.5,8.1,https://indomet.gob.do/wp-content/uploads/2026/01/temperaturas-extremas-y-precipitaciones-2026x01x20-a.pdf
2026-01-20,030,ARPT. DEL CIBAO,SANTIAGO,INDOMET,EMCI,29.2,19.8,7.0,https://indomet.gob.do/wp-content/uploads/2026/01/temperaturas-extremas-y-precipitaciones-2026x01x20-a.pdf
2026-01-20,031,LA VICTORIA,SANTO DOMINGO,CUERPO DE BOMBEROS,EMCI,29.5,21.5,6.1,https://indomet.gob.do/wp-content/uploads/2026/01/temperaturas-extremas-y-precipitaciones-2026x01x20-a.pdf
2026-01-20,032,RÍO SAN JUAN,MARÍA TRINIDAD SÁNCHEZ,HOSP. MPAL. DR. DESIDERIO ACOSTA,EMCV,30.3,21.0,5.6,https://indomet.gob.do/wp-content/uploads/2026/01/temperaturas-extremas-y-precipitaciones-2026x01x20-a.pdf
2026-01-20,033,ANAMUYA (EMA),LA ALTAGRACIA,MINISTERIO DE AGRICULTURA,EMAP,29.6,22.2,5.4,https://indomet.gob.do/wp-content/uploads/2026/01/temperaturas-extremas-y-precipitaciones-2026x01x20-a.pdf
2026-01-20,034,MICHES (EMA),EL SEIBO,PRIVADA,EMAP,28.2,21.5,5.4,https://indomet.gob.do/wp-content/uploads/2026/01/temperaturas-extremas-y-precipitaciones-2026x01x20-a.pdf
2026-01-20,035,SAJOMA (EMA),SANTIAGO,PLAN SIERRA,EMAI,28.6,19.3,5.4,https://indomet.gob.do/wp-content/uploads/2026/01/temperaturas-extremas-y-precipitaciones-2026x01x20-a.pdf
2026-01-20,036,ARPT. ARROYO BARRIL,SAMANÁ,INDOMET,EMCI,29.5,21.5,5.3,https://indomet.gob.do/wp-content/uploads/2026/01/temperaturas-extremas-y-precipitaciones-2026x01x20-a.pdf
2026-01-20,037,CONSTANZA,LA VEGA,MINISTERIO DE AGRICULTURA,EMCI,24.0,14.5,5.1,https://indomet.gob.do/wp-content/uploads/2026/01/temperaturas-extremas-y-precipitaciones-2026x01x20-a.pdf
2026-01-20,038,CONSTANZA (EMA),LA VEGA,PROGRAMA MUNDIAL DE ALIMENTO,EMAP,22.5,15.9,4.6,https://indomet.gob.do/wp-content/uploads/2026/01/temperaturas-extremas-y-precipitaciones-2026x01x20-a.pdf
2026-01-20,039,PALO ÍNDIO,PUERTO PLATA,MINISTERIO DE AGRICULTURA,EMCI,,,4.6,https://indomet.gob.do/wp-content/uploads/2026/01/temperaturas-extremas-y-precipitaciones-2026x01x20-a.pdf
2026-01-20,040,JIMA ABAJO,LA VEGA,INDOMET,EMCI,30.0,17.4,4.2,https://indomet.gob.do/wp-content/uploads/2026/01/temperaturas-extremas-y-precipitaciones-2026x01x20-a.pdf
2026-01-20,041,SAN RAFAEL DEL YUMA,LA ALTAGRACIA,MINISTERIO DE AGRICULTURA,EMCI,30.8,20.9,3.9,https://indomet.gob.do/wp-content/uploads/2026/01/temperaturas-extremas-y-precipitaciones-2026x01x20-a.pdf
2026-01-20,042,ARROYO LORO,SAN JUAN,IDIAF,EMCI,32.0,16.0,3.7,https://indomet.gob.do/wp-content/uploads/2026/01/temperaturas-extremas-y-precipitaciones-2026x01x20-a.pdf
2026-01-20,043,BUCARA (EMA),SANTIAGO,MINISTERIO DE AGRICULTURA,EMAI,,,2.8,https://indomet.gob.do/wp-content/uploads/2026/01/temperaturas-extremas-y-precipitaciones-2026x01x20-a.pdf
2026-01-20,044,HONDO VALLE,ELÍAS PIÑA,MINISTERIO DE AGRICULTURA,EMCI,24.8,11.9,2.8,https://indomet.gob.do/wp-content/uploads/2026/01/temperaturas-extremas-y-precipitaciones-2026x01x20-a.pdf
2026-01-20,045,ALTAMIRA,PUERTO PLATA,HOSP. MPAL. DE ALTAMIRA,EMCI,28.3,17.8,1.8,https://indomet.gob.do/wp-content/uploads/2026/01/temperaturas-extremas-y-precipitaciones-2026x01x20-a.pdf
2026-01-20,046,ARPT. LA ISABELA,SANTO DOMINGO,INDOMET,EMCI,31.9,21.0,1.6,https://indomet.gob.do/wp-content/uploads/2026/01/temperaturas-extremas-y-precipitaciones-2026x01x20-a.pdf
2026-01-20,047,VILLA GONZALES,SANTIAGO,MINISTERIO DE AGRICULTURA,EMCI,,,1.3,https://indomet.gob.do/wp-content/uploads/2026/01/temperaturas-extremas-y-precipitaciones-2026x01x20-a.pdf
2026-01-20,048,JARDÍN BOTÁNICO SANTIAGO (EMSANTIAGO,,JARDIN BOTANICO SANTIAGO,EMAI,28.6,19.2,1.2,https://indomet.gob.do/wp-content/uploads/2026/01/temperaturas-extremas-y-precipitaciones-2026x01x20-a.pdf
2026-01-20,049,ARPT. DE LA ROMANA,LA ROMANA,INDOMET,EMCI,29.6,17.6,0.9,https://indomet.gob.do/wp-content/uploads/2026/01/temperaturas-extremas-y-precipitaciones-2026x01x20-a.pdf
2026-01-20,050,VILLA ISABELA,PUERTO PLATA,MINISTERIO DE AGRICULTURA,EMCV,,,0.9,https://indomet.gob.do/wp-content/uploads/2026/01/temperaturas-extremas-y-precipitaciones-2026x01x20-a.pdf
2026-01-20,051,GURABO,SANTIAGO,MINISTERIO DE AGRICULTURA,EMCV,,,0.8,https://indomet.gob.do/wp-content/uploads/2026/01/temperaturas-extremas-y-precipitaciones-2026x01x20-a.pdf
2026-01-20,052,JIMANÍ,INDEPENDENCIA,MINISTERIO DE AGRICULTURA,EMCI,32.8,21.8,0.7,https://indomet.gob.do/wp-content/uploads/2026/01/temperaturas-extremas-y-precipitaciones-2026x01x20-a.pdf
2026-01-20,053,ARPT. DE PUNTA CANA,LA ALTAGRACIA,INDOMET,EMCI,29.5,20.3,0.6,https://indomet.gob.do/wp-content/uploads/2026/01/temperaturas-extremas-y-precipitaciones-2026x01x20-a.pdf
2026-01-20,054,PADRE LAS CASAS,AZUA,HOSP. NTRA. SRA. DEL CARMEN,EMCI,32.0,16.0,0.6,https://indomet.gob.do/wp-content/uploads/2026/01/temperaturas-extremas-y-precipitaciones-2026x01x20-a.pdf
2026-01-20,055,ARPT. MARÍA MONTEZ,BARAHONA,INDOMET,EMCI,32.0,21.0,0.0,https://indomet.gob.do/wp-content/uploads/2026/01/temperaturas-extremas-y-precipitaciones-2026x01x20-a.pdf
2026-01-20,056,BANI (EMA),PERAVIA,MINISTERIO DE AGRICULTURA,EMAP,30.7,24.6,0.0,https://indomet.gob.do/wp-content/uploads/2026/01/temperaturas-extremas-y-precipitaciones-2026x01x20-a.pdf
2026-01-20,057,BAYAGUANA,MONTE PLATA,INDOMET,EMCI,30.8,19.5,0.0,https://indomet.gob.do/wp-content/uploads/2026/01/temperaturas-extremas-y-precipitaciones-2026x01x20-a.pdf
2026-01-20,058,BOCA DE MAO (EMA),VALVERDE,MINISTERIO DE AGRICULTURA,EMAP,31.3,21.8,0.0,https://indomet.gob.do/wp-content/uploads/2026/01/temperaturas-extremas-y-precipitaciones-2026x01x20-a.pdf
2026-01-20,059,CABRAL,BARAHONA,MINISTERIO DE AGRICULTURA,EMCV,32.2,19.5,0.0,https://indomet.gob.do/wp-content/uploads/2026/01/temperaturas-extremas-y-precipitaciones-2026x01x20-a.pdf
2026-01-20,060,DAJABÓN,DAJABÓN,INSTITUTO POLITÉCNICO LOYOLA,EMCI,34.8,19.5,0.0,https://indomet.gob.do/wp-content/uploads/2026/01/temperaturas-extremas-y-precipitaciones-2026x01x20-a.pdf
2026-01-20,061,ELÍAS PIÑA,ELÍAS PIÑA,MINISTERIO DE AGRICULTURA,EMCV,,,0.0,https://indomet.gob.do/wp-content/uploads/2026/01/temperaturas-extremas-y-precipitaciones-2026x01x20-a.pdf
2026-01-20,062,ENRIQUILLO,BARAHONA,MINISTERIO DE AGRICULTURA,EMCV,32.5,22.7,0.0,https://indomet.gob.do/wp-content/uploads/2026/01/temperaturas-extremas-y-precipitaciones-2026x01x20-a.pdf
2026-01-20,063,ESCONDIDO,PERAVIA,MINISTERIO DE AGRICULTURA,EMCV,31.0,24.0,0.0,https://indomet.gob.do/wp-content/uploads/2026/01/temperaturas-extremas-y-precipitaciones-2026x01x20-a.pdf
2026-01-20,064,LAS CANAS (EMA),MONTE CRISTI,PROGRAMA MUNDIAL DE ALIMENTO,EMAP,28.9,22.1,0.0,https://indomet.gob.do/wp-content/uploads/2026/01/temperaturas-extremas-y-precipitaciones-2026x01x20-a.pdf
2026-01-20,065,LAS MATAS DE SANTA CRUZ (EMA,MONTE CRISTI,PROGRAMA MUNDIAL DE ALIMENTO,EMAP,,,0.0,https://indomet.gob.do/wp-content/uploads/2026/01/temperaturas-extremas-y-precipitaciones-2026x01x20-a.pdf
2026-01-20,066,MAO,VALVERDE,INDRHI / MINISTERIO DE AGRICULTURA,EMCV,,,0.0,https://indomet.gob.do/wp-content/uploads/2026/01/temperaturas-extremas-y-precipitaciones-2026x01x20-a.pdf
2026-01-20,067,MONCIÓN (EMA),SANTIAGO RODRÍGUEZ,PROGRAMA MUNDIAL DE ALIMENTO,EMAP,29.1,19.4,0.0,https://indomet.gob.do/wp-content/uploads/2026/01/temperaturas-extremas-y-precipitaciones-2026x01x20-a.pdf
2026-01-20,068,MONTE CRISTI,MONTE CRISTI,INDOMET,EMCI,31.5,21.4,0.0,https://indomet.gob.do/wp-content/uploads/2026/01/temperaturas-extremas-y-precipitaciones-2026x01x20-a.pdf
2026-01-20,069,NAVARRETE,SANTIAGO,MINISTERIO DE AGRICULTURA,EMCV,,,0.0,https://indomet.gob.do/wp-content/uploads/2026/01/temperaturas-extremas-y-precipitaciones-2026x01x20-a.pdf
2026-01-20,070,OLIVARES,PEDERNALES,INDRHI,EMCI,,,0.0,https://indomet.gob.do/wp-content/uploads/2026/01/temperaturas-extremas-y-precipitaciones-2026x01x20-a.pdf
2026-01-20,071,OVIEDO,PEDERNALES,CLÍNICA RURAL OVIEDO,EMCI,30.5,19.0,0.0,https://indomet.gob.do/wp-content/uploads/2026/01/temperaturas-extremas-y-precipitaciones-2026x01x20-a.pdf
2026-01-20,072,PEDERNALES,PEDERNALES,INDRHI,EMCI,,,0.0,https://indomet.gob.do/wp-content/uploads/2026/01/temperaturas-extremas-y-precipitaciones-2026x01x20-a.pdf
2026-01-20,073,PERALTA,AZUA,HOSP. MPAL. DE PERALTA,EMCI,29.0,16.6,0.0,https://indomet.gob.do/wp-content/uploads/2026/01/temperaturas-extremas-y-precipitaciones-2026x01x20-a.pdf
2026-01-20,074,PESCADERIA (EMA),BARAHONA,MINISTERIO DE AGRICULTURA,EMAP,,,0.0,https://indomet.gob.do/wp-content/uploads/2026/01/temperaturas-extremas-y-precipitaciones-2026x01x20-a.pdf
2026-01-20,075,POLO,BARAHONA,INDOCAFE,EMCI,,16.0,0.0,https://indomet.gob.do/wp-content/uploads/2026/01/temperaturas-extremas-y-precipitaciones-2026x01x20-a.pdf
2026-01-20,076,RESTAURACIÓN,DAJABÓN,MINISTERIO DE AGRICULTURA,EMCI,28.3,11.4,0.0,https://indomet.gob.do/wp-content/uploads/2026/01/temperaturas-extremas-y-precipitaciones-2026x01x20-a.pdf
2026-01-20,077,SABANETA (EMA),SANTIAGO RODRÍGUEZ,PROGRAMA MUNDIAL DE ALIMENTO,EMAP,33.3,21.1,0.0,https://indomet.gob.do/wp-content/uploads/2026/01/temperaturas-extremas-y-precipitaciones-2026x01x20-a.pdf
2026-01-20,078,TÁBARA ABAJO,AZUA,INDRHI,EMCI,31.5,21.0,0.0,https://indomet.gob.do/wp-content/uploads/2026/01/temperaturas-extremas-y-precipitaciones-2026x01x20-a.pdf
2026-01-20,079,VILLA VASQUEZ (EMA),MONTE CRISTI,JUNTA DE REGANTES,EMAI,,,0.0,https://indomet.gob.do/wp-content/uploads/2026/01/temperaturas-extremas-y-precipitaciones-2026x01x20-a.pdf
2026-01-21,001,VILLA GONZALES,SANTIAGO,MINISTERIO DE AGRICULTURA,EMCI,,,36.3,https://indomet.gob.do/wp-content/uploads/2026/01/temperaturas-extremas-y-precipitaciones-2026x01x21-a.pdf
2026-01-21,002,PROLONGACION 27 DE FEBRERO,DISTRITO NACIONAL,PRIVADA,EMAP,,,25.6,https://indomet.gob.do/wp-content/uploads/2026/01/temperaturas-extremas-y-precipitaciones-2026x01x21-a.pdf
2026-01-21,003,JARABACOA (EMA),LA VEGA,PROGRAMA MUNDIAL DE ALIMENTO,EMAP,26.3,15.9,23.0,https://indomet.gob.do/wp-content/uploads/2026/01/temperaturas-extremas-y-precipitaciones-2026x01x21-a.pdf
2026-01-21,004,RANCHO ARRIBA,SAN JOSÉ DE OCOA,CENTRO TECNOLÓGICO COMUNITARIO,EMCI,25.1,15.4,22.5,https://indomet.gob.do/wp-content/uploads/2026/01/temperaturas-extremas-y-precipitaciones-2026x01x21-a.pdf
2026-01-21,005,JARABACOA,LA VEGA,INDRHI / MARENA,EMCI,27.6,14.0,20.8,https://indomet.gob.do/wp-content/uploads/2026/01/temperaturas-extremas-y-precipitaciones-2026x01x21-a.pdf
2026-01-21,006,ENSANCHE PARAÍSO,DISTRITO NACIONAL,PRIVADA,EMAP,,,18.2,https://indomet.gob.do/wp-content/uploads/2026/01/temperaturas-extremas-y-precipitaciones-2026x01x21-a.pdf
2026-01-21,007,SALCEDO,HERMANAS MIRABAL,PROPIEDAD DEL EMPLEADO,EMCI,,,16.8,https://indomet.gob.do/wp-content/uploads/2026/01/temperaturas-extremas-y-precipitaciones-2026x01x21-a.pdf
2026-01-21,008,BELLA VISTA,DISTRITO NACIONAL,PRIVADA,EMAP,,,16.8,https://indomet.gob.do/wp-content/uploads/2026/01/temperaturas-extremas-y-precipitaciones-2026x01x21-a.pdf
2026-01-21,009,SABANA DE LA MAR,HATO MAYOR,INDOMET,EMCI,28.6,21.0,16.2,https://indomet.gob.do/wp-content/uploads/2026/01/temperaturas-extremas-y-precipitaciones-2026x01x21-a.pdf
2026-01-21,010,LOS CACICAZGOS,DISTRITO NACIONAL,PRIVADA,EMAP,,,16.0,https://indomet.gob.do/wp-content/uploads/2026/01/temperaturas-extremas-y-precipitaciones-2026x01x21-a.pdf
2026-01-21,011,SAN CRISTÓBAL,SAN CRISTÓBAL,INSTITUTO POLITÉCNICO LOYOLA,EMCI,30.0,21.0,15.3,https://indomet.gob.do/wp-content/uploads/2026/01/temperaturas-extremas-y-precipitaciones-2026x01x21-a.pdf
2026-01-21,012,LUPERÓN,PUERTO PLATA,MINISTERIO DE AGRICULTURA,EMCV,,,15.2,https://indomet.gob.do/wp-content/uploads/2026/01/temperaturas-extremas-y-precipitaciones-2026x01x21-a.pdf
2026-01-21,013,NAVARRETE,SANTIAGO,MINISTERIO DE AGRICULTURA,EMCV,,,15.2,https://indomet.gob.do/wp-content/uploads/2026/01/temperaturas-extremas-y-precipitaciones-2026x01x21-a.pdf
2026-01-21,014,CENTRO DE LOS HEROES (EMA),DISTRITO NACIONAL,MINISTERIO DE ENERGIA Y MINA,EMAP,29.6,23.7,15.2,https://indomet.gob.do/wp-content/uploads/2026/01/temperaturas-extremas-y-precipitaciones-2026x01x21-a.pdf
2026-01-21,015,VILLA ALTAGRACIA,SAN CRISTÓBAL,ESCUELA JAVIER ANGULO GURIDI,EMCI,,,15.2,https://indomet.gob.do/wp-content/uploads/2026/01/temperaturas-extremas-y-precipitaciones-2026x01x21-a.pdf
2026-01-21,016,ARPT. LA ISABELA,SANTO DOMINGO,INDOMET,EMCI,30.1,21.8,14.5,https://indomet.gob.do/wp-content/uploads/2026/01/temperaturas-extremas-y-precipitaciones-2026x01x21-a.pdf
2026-01-21,017,PONTÓN ABAJO (EMA),LA VEGA,MINISTERIO DE AGRICULTURA,EMAP,28.3,20.8,12.8,https://indomet.gob.do/wp-content/uploads/2026/01/temperaturas-extremas-y-precipitaciones-2026x01x21-a.pdf
2026-01-21,018,GURABO,SANTIAGO,MINISTERIO DE AGRICULTURA,EMCV,,,12.7,https://indomet.gob.do/wp-content/uploads/2026/01/temperaturas-extremas-y-precipitaciones-2026x01x21-a.pdf
2026-01-21,019,LA VICTORIA,SANTO DOMINGO,CUERPO DE BOMBEROS,EMCI,30.5,20.9,12.7,https://indomet.gob.do/wp-content/uploads/2026/01/temperaturas-extremas-y-precipitaciones-2026x01x21-a.pdf
2026-01-21,020,LA AGUSTINA,DISTRITO NACIONAL,PRIVADA,EMAP,,,12.7,https://indomet.gob.do/wp-content/uploads/2026/01/temperaturas-extremas-y-precipitaciones-2026x01x21-a.pdf
2026-01-21,021,ENSANCHE LA FE,DISTRITO NACIONAL,PRIVADA,EMAP,,,12.7,https://indomet.gob.do/wp-content/uploads/2026/01/temperaturas-extremas-y-precipitaciones-2026x01x21-a.pdf
2026-01-21,022,LA VEGA,LA VEGA,IATESA,EMCI,29.5,19.8,11.3,https://indomet.gob.do/wp-content/uploads/2026/01/temperaturas-extremas-y-precipitaciones-2026x01x21-a.pdf
2026-01-21,023,VILLA RIVA,DUARTE,HOSP. MPAL. ALICIA DE LEGENDRE,EMCI,27.7,19.4,10.9,https://indomet.gob.do/wp-content/uploads/2026/01/temperaturas-extremas-y-precipitaciones-2026x01x21-a.pdf
2026-01-21,024,JUMA BEJUCAL,MONSEÑOR NOUEL,IDIAF,EMCV,27.8,19.6,10.6,https://indomet.gob.do/wp-content/uploads/2026/01/temperaturas-extremas-y-precipitaciones-2026x01x21-a.pdf
2026-01-21,025,ARPT. DEL CIBAO,SANTIAGO,INDOMET,EMCI,27.5,19.2,10.5,https://indomet.gob.do/wp-content/uploads/2026/01/temperaturas-extremas-y-precipitaciones-2026x01x21-a.pdf
2026-01-21,026,JIMA ABAJO,LA VEGA,INDOMET,EMCI,30.2,17.5,10.4,https://indomet.gob.do/wp-content/uploads/2026/01/temperaturas-extremas-y-precipitaciones-2026x01x21-a.pdf
2026-01-21,027,PRESA DE TAVERAS (EMA),LA VEGA,PROGRAMA MUNDIAL DE ALIMENTO,EMAP,26.7,20.3,10.2,https://indomet.gob.do/wp-content/uploads/2026/01/temperaturas-extremas-y-precipitaciones-2026x01x21-a.pdf
2026-01-21,028,LOS JARDINES,DISTRITO NACIONAL,PRIVADA,EMAP,,,10.2,https://indomet.gob.do/wp-content/uploads/2026/01/temperaturas-extremas-y-precipitaciones-2026x01x21-a.pdf
2026-01-21,029,BONAO,MONSEÑOR NOUEL,MINISTERIO DE AGRICULTURA,EMCV,,,10.2,https://indomet.gob.do/wp-content/uploads/2026/01/temperaturas-extremas-y-precipitaciones-2026x01x21-a.pdf
2026-01-21,030,RÍO SAN JUAN,MARÍA TRINIDAD SÁNCHEZ,HOSP. MPAL. DR. DESIDERIO ACOSTA,EMCV,29.8,21.0,8.4,https://indomet.gob.do/wp-content/uploads/2026/01/temperaturas-extremas-y-precipitaciones-2026x01x21-a.pdf
2026-01-21,031,GASPAR HERNÁNDEZ,ESPAILLAT,PROPIEDAD DEL EMPLEADO,EMCI,,,8.2,https://indomet.gob.do/wp-content/uploads/2026/01/temperaturas-extremas-y-precipitaciones-2026x01x21-a.pdf
2026-01-21,032,PALO ÍNDIO,PUERTO PLATA,MINISTERIO DE AGRICULTURA,EMCI,,,8.1,https://indomet.gob.do/wp-content/uploads/2026/01/temperaturas-extremas-y-precipitaciones-2026x01x21-a.pdf
2026-01-21,033,ARPT. GREGORIO LUPERÓN,PUERTO PLATA,INDOMET,EMCI,28.4,21.0,8.0,https://indomet.gob.do/wp-content/uploads/2026/01/temperaturas-extremas-y-precipitaciones-2026x01x21-a.pdf
2026-01-21,034,ALTO BANDERA (EMA),LA VEGA,INTEC,EMAP,8.7,1.1,7.4,https://indomet.gob.do/wp-content/uploads/2026/01/temperaturas-extremas-y-precipitaciones-2026x01x21-a.pdf
2026-01-21,035,SAJOMA (EMA),SANTIAGO,PLAN SIERRA,EMAI,27.3,20.2,7.4,https://indomet.gob.do/wp-content/uploads/2026/01/temperaturas-extremas-y-precipitaciones-2026x01x21-a.pdf
2026-01-21,036,MICHES (EMA),EL SEIBO,PRIVADA,EMAP,28.6,21.7,7.2,https://indomet.gob.do/wp-content/uploads/2026/01/temperaturas-extremas-y-precipitaciones-2026x01x21-a.pdf
2026-01-21,037,JARDÍN BOTÁNICO SANTIAGO (EMSANTIAGO,,JARDIN BOTANICO SANTIAGO,EMAI,28.6,20.3,7.0,https://indomet.gob.do/wp-content/uploads/2026/01/temperaturas-extremas-y-precipitaciones-2026x01x21-a.pdf
2026-01-21,038,SAMANÁ,SAMANÁ,COMANDANCIA DE PUERTO DE SAMANÁ,EMCI,30.8,18.5,6.8,https://indomet.gob.do/wp-content/uploads/2026/01/temperaturas-extremas-y-precipitaciones-2026x01x21-a.pdf
2026-01-21,039,HATO MAYOR,HATO MAYOR,MINISTERIO DE AGRICULTURA,EMCV,,,6.6,https://indomet.gob.do/wp-content/uploads/2026/01/temperaturas-extremas-y-precipitaciones-2026x01x21-a.pdf
2026-01-21,040,ALTAMIRA,PUERTO PLATA,HOSP. MPAL. DE ALTAMIRA,EMCI,28.1,17.4,6.0,https://indomet.gob.do/wp-content/uploads/2026/01/temperaturas-extremas-y-precipitaciones-2026x01x21-a.pdf
2026-01-21,041,BUCARA (EMA),SANTIAGO,MINISTERIO DE AGRICULTURA,EMAI,,,5.8,https://indomet.gob.do/wp-content/uploads/2026/01/temperaturas-extremas-y-precipitaciones-2026x01x21-a.pdf
2026-01-21,042,VALLE NUEVO (EMA),LA VEGA,MARENA,EMAI,12.6,7.4,5.4,https://indomet.gob.do/wp-content/uploads/2026/01/temperaturas-extremas-y-precipitaciones-2026x01x21-a.pdf
2026-01-21,043,SAN JOSÉ DE OCOA,SAN JOSÉ DE OCOA,HOSP. SAN JOSÉ DE OCOA,EMCI,29.8,19.4,5.2,https://indomet.gob.do/wp-content/uploads/2026/01/temperaturas-extremas-y-precipitaciones-2026x01x21-a.pdf
2026-01-21,044,CABRERA,MARÍA TRINIDAD SÁNCHEZ,ESCUELA ARÍSTIDES FIALLO CABRAL,EMCI,31.0,24.0,5.1,https://indomet.gob.do/wp-content/uploads/2026/01/temperaturas-extremas-y-precipitaciones-2026x01x21-a.pdf
2026-01-21,045,SÁNCHEZ,SAMANÁ,MINISTERIO DE AGRICULTURA,EMCI,28.6,20.1,5.0,https://indomet.gob.do/wp-content/uploads/2026/01/temperaturas-extremas-y-precipitaciones-2026x01x21-a.pdf
2026-01-21,046,SANTO DOMINGO ESTE,SANTO DOMINGO,INDOMET,EMCI,31.0,22.6,4.1,https://indomet.gob.do/wp-content/uploads/2026/01/temperaturas-extremas-y-precipitaciones-2026x01x21-a.pdf
2026-01-21,047,EL FACTOR (EMA),MARÍA TRINIDAD SÁNCHEZ,INTEC,EMAP,30.6,20.4,3.3,https://indomet.gob.do/wp-content/uploads/2026/01/temperaturas-extremas-y-precipitaciones-2026x01x21-a.pdf
2026-01-21,048,ANAMUYA (EMA),LA ALTAGRACIA,MINISTERIO DE AGRICULTURA,EMAP,28.6,22.3,2.8,https://indomet.gob.do/wp-content/uploads/2026/01/temperaturas-extremas-y-precipitaciones-2026x01x21-a.pdf
2026-01-21,049,TAMBORIL,SANTIAGO,MINISTERIO DE AGRICULTURA,EMCV,,,2.5,https://indomet.gob.do/wp-content/uploads/2026/01/temperaturas-extremas-y-precipitaciones-2026x01x21-a.pdf
2026-01-21,050,MAO,VALVERDE,INDRHI / MINISTERIO DE AGRICULTURA,EMCV,,,2.3,https://indomet.gob.do/wp-content/uploads/2026/01/temperaturas-extremas-y-precipitaciones-2026x01x21-a.pdf
2026-01-21,051,BANI (EMA),PERAVIA,MINISTERIO DE AGRICULTURA,EMAP,30.6,24.3,2.2,https://indomet.gob.do/wp-content/uploads/2026/01/temperaturas-extremas-y-precipitaciones-2026x01x21-a.pdf
2026-01-21,052,VILLA ISABELA,PUERTO PLATA,MINISTERIO DE AGRICULTURA,EMCV,,,2.2,https://indomet.gob.do/wp-content/uploads/2026/01/temperaturas-extremas-y-precipitaciones-2026x01x21-a.pdf
2026-01-21,053,ARPT. DE PUNTA CANA,LA ALTAGRACIA,INDOMET,EMCI,29.8,22.2,1.8,https://indomet.gob.do/wp-content/uploads/2026/01/temperaturas-extremas-y-precipitaciones-2026x01x21-a.pdf
2026-01-21,054,CONSTANZA,LA VEGA,MINISTERIO DE AGRICULTURA,EMCI,21.7,11.4,1.6,https://indomet.gob.do/wp-content/uploads/2026/01/temperaturas-extremas-y-precipitaciones-2026x01x21-a.pdf
2026-01-21,055,ARPT. ARROYO BARRIL,SAMANÁ,INDOMET,EMCI,28.7,21.0,1.5,https://indomet.gob.do/wp-content/uploads/2026/01/temperaturas-extremas-y-precipitaciones-2026x01x21-a.pdf
2026-01-21,056,ARPT. DE LAS AMÉRICAS,SANTO DOMINGO,INDOMET,EMCI,29.5,20.6,1.5,https://indomet.gob.do/wp-content/uploads/2026/01/temperaturas-extremas-y-precipitaciones-2026x01x21-a.pdf
2026-01-21,057,ARPT. EL CATEY,SAMANÁ,INDOMET,EMCI,27.4,20.0,1.4,https://indomet.gob.do/wp-content/uploads/2026/01/temperaturas-extremas-y-precipitaciones-2026x01x21-a.pdf
2026-01-21,058,CONSTANZA (EMA),LA VEGA,PROGRAMA MUNDIAL DE ALIMENTO,EMAP,20.7,12.6,1.4,https://indomet.gob.do/wp-content/uploads/2026/01/temperaturas-extremas-y-precipitaciones-2026x01x21-a.pdf
2026-01-21,059,LOS LLANOS,SAN PEDRO DE MACORÍS,MINISTERIO DE AGRICULTURA,EMCI,30.8,20.0,1.4,https://indomet.gob.do/wp-content/uploads/2026/01/temperaturas-extremas-y-precipitaciones-2026x01x21-a.pdf
2026-01-21,060,BOCA DE MAO (EMA),VALVERDE,MINISTERIO DE AGRICULTURA,EMAP,30.9,21.4,1.2,https://indomet.gob.do/wp-content/uploads/2026/01/temperaturas-extremas-y-precipitaciones-2026x01x21-a.pdf
2026-01-21,061,SAN FRANCISCO DE MACORÍS,DUARTE,San Francisco de Macorís (UASD),EMCI,27.6,19.4,1.2,https://indomet.gob.do/wp-content/uploads/2026/01/temperaturas-extremas-y-precipitaciones-2026x01x21-a.pdf
2026-01-21,062,BOHECHÍO,SAN JUAN,MINISTERIO DE AGRICULTURA,EMCV,,,0.8,https://indomet.gob.do/wp-content/uploads/2026/01/temperaturas-extremas-y-precipitaciones-2026x01x21-a.pdf
2026-01-21,063,SAN RAFAEL DEL YUMA,LA ALTAGRACIA,MINISTERIO DE AGRICULTURA,EMCI,29.9,21.0,0.8,https://indomet.gob.do/wp-content/uploads/2026/01/temperaturas-extremas-y-precipitaciones-2026x01x21-a.pdf
2026-01-21,064,ARPT. DE LA ROMANA,LA ROMANA,INDOMET,EMCI,29.8,20.4,0.6,https://indomet.gob.do/wp-content/uploads/2026/01/temperaturas-extremas-y-precipitaciones-2026x01x21-a.pdf
2026-01-21,065,PADRE LAS CASAS,AZUA,HOSP. NTRA. SRA. DEL CARMEN,EMCI,31.5,16.0,0.5,https://indomet.gob.do/wp-content/uploads/2026/01/temperaturas-extremas-y-precipitaciones-2026x01x21-a.pdf
2026-01-21,066,MONCIÓN (EMA),SANTIAGO RODRÍGUEZ,PROGRAMA MUNDIAL DE ALIMENTO,EMAP,28.2,18.6,0.4,https://indomet.gob.do/wp-content/uploads/2026/01/temperaturas-extremas-y-precipitaciones-2026x01x21-a.pdf
2026-01-21,067,ARROYO LORO,SAN JUAN,IDIAF,EMCI,31.2,14.0,0.1,https://indomet.gob.do/wp-content/uploads/2026/01/temperaturas-extremas-y-precipitaciones-2026x01x21-a.pdf
2026-01-21,068,POLO,BARAHONA,INDOCAFE,EMCI,,14.5,0.1,https://indomet.gob.do/wp-content/uploads/2026/01/temperaturas-extremas-y-precipitaciones-2026x01x21-a.pdf
2026-01-21,069,SABANA GRANDE DE BOYÁ,MONTE PLATA,MINISTERIO DE AGRICULTURA,EMCV,,,0.1,https://indomet.gob.do/wp-content/uploads/2026/01/temperaturas-extremas-y-precipitaciones-2026x01x21-a.pdf
2026-01-21,070,ARPT. MARÍA MONTEZ,BARAHONA,INDOMET,EMCI,31.6,21.0,0.0,https://indomet.gob.do/wp-content/uploads/2026/01/temperaturas-extremas-y-precipitaciones-2026x01x21-a.pdf
2026-01-21,071,BAYAGUANA,MONTE PLATA,INDOMET,EMCI,31.2,20.4,0.0,https://indomet.gob.do/wp-content/uploads/2026/01/temperaturas-extremas-y-precipitaciones-2026x01x21-a.pdf
2026-01-21,072,CABRAL,BARAHONA,MINISTERIO DE AGRICULTURA,EMCV,31.5,20.2,0.0,https://indomet.gob.do/wp-content/uploads/2026/01/temperaturas-extremas-y-precipitaciones-2026x01x21-a.pdf
2026-01-21,073,DAJABÓN,DAJABÓN,INSTITUTO POLITÉCNICO LOYOLA,EMCI,35.1,20.6,0.0,https://indomet.gob.do/wp-content/uploads/2026/01/temperaturas-extremas-y-precipitaciones-2026x01x21-a.pdf
2026-01-21,074,ELÍAS PIÑA,ELÍAS PIÑA,MINISTERIO DE AGRICULTURA,EMCV,,,0.0,https://indomet.gob.do/wp-content/uploads/2026/01/temperaturas-extremas-y-precipitaciones-2026x01x21-a.pdf
2026-01-21,075,ENRIQUILLO,BARAHONA,MINISTERIO DE AGRICULTURA,EMCV,31.8,22.0,0.0,https://indomet.gob.do/wp-content/uploads/2026/01/temperaturas-extremas-y-precipitaciones-2026x01x21-a.pdf
2026-01-21,076,HONDO VALLE,ELÍAS PIÑA,MINISTERIO DE AGRICULTURA,EMCI,25.3,12.7,0.0,https://indomet.gob.do/wp-content/uploads/2026/01/temperaturas-extremas-y-precipitaciones-2026x01x21-a.pdf
2026-01-21,077,JIMANÍ,INDEPENDENCIA,MINISTERIO DE AGRICULTURA,EMCI,33.0,23.0,0.0,https://indomet.gob.do/wp-content/uploads/2026/01/temperaturas-extremas-y-precipitaciones-2026x01x21-a.pdf
2026-01-21,078,LAS CANAS (EMA),MONTE CRISTI,PROGRAMA MUNDIAL DE ALIMENTO,EMAP,27.6,22.4,0.0,https://indomet.gob.do/wp-content/uploads/2026/01/temperaturas-extremas-y-precipitaciones-2026x01x21-a.pdf
2026-01-21,079,LAS MATAS DE SANTA CRUZ (EMA,MONTE CRISTI,PROGRAMA MUNDIAL DE ALIMENTO,EMAP,,,0.0,https://indomet.gob.do/wp-content/uploads/2026/01/temperaturas-extremas-y-precipitaciones-2026x01x21-a.pdf
2026-01-21,080,MONTE CRISTI,MONTE CRISTI,INDOMET,EMCI,31.0,22.7,0.0,https://indomet.gob.do/wp-content/uploads/2026/01/temperaturas-extremas-y-precipitaciones-2026x01x21-a.pdf
2026-01-21,081,OLIVARES,PEDERNALES,INDRHI,EMCI,,,0.0,https://indomet.gob.do/wp-content/uploads/2026/01/temperaturas-extremas-y-precipitaciones-2026x01x21-a.pdf
2026-01-21,082,OVIEDO,PEDERNALES,CLÍNICA RURAL OVIEDO,EMCI,30.5,19.5,0.0,https://indomet.gob.do/wp-content/uploads/2026/01/temperaturas-extremas-y-precipitaciones-2026x01x21-a.pdf
2026-01-21,083,PEDERNALES,PEDERNALES,INDRHI,EMCI,,,0.0,https://indomet.gob.do/wp-content/uploads/2026/01/temperaturas-extremas-y-precipitaciones-2026x01x21-a.pdf
2026-01-21,084,PERALTA,AZUA,HOSP. MPAL. DE PERALTA,EMCI,27.6,15.2,0.0,https://indomet.gob.do/wp-content/uploads/2026/01/temperaturas-extremas-y-precipitaciones-2026x01x21-a.pdf
2026-01-21,085,RESTAURACIÓN,DAJABÓN,MINISTERIO DE AGRICULTURA,EMCI,28.1,12.2,0.0,https://indomet.gob.do/wp-content/uploads/2026/01/temperaturas-extremas-y-precipitaciones-2026x01x21-a.pdf
2026-01-21,086,SABANETA (EMA),SANTIAGO RODRÍGUEZ,PROGRAMA MUNDIAL DE ALIMENTO,EMAP,31.7,18.7,0.0,https://indomet.gob.do/wp-content/uploads/2026/01/temperaturas-extremas-y-precipitaciones-2026x01x21-a.pdf
2026-01-21,087,SANTIAGO RODRÍGUEZ,SANTIAGO RODRÍGUEZ,INDOMET,EMCI,32.3,19.0,0.0,https://indomet.gob.do/wp-content/uploads/2026/01/temperaturas-extremas-y-precipitaciones-2026x01x21-a.pdf
2026-01-21,088,TÁBARA ABAJO,AZUA,INDRHI,EMCI,31.7,17.0,0.0,https://indomet.gob.do/wp-content/uploads/2026/01/temperaturas-extremas-y-precipitaciones-2026x01x21-a.pdf
2026-01-22,001,VILLA ALTAGRACIA,SAN CRISTÓBAL,ESCUELA JAVIER ANGULO GURIDI,EMCI,,,18.1,https://indomet.gob.do/wp-content/uploads/2026/01/temperaturas-extremas-y-precipitaciones-2026x01x22-a.pdf
2026-01-22,002,SABANA DE LA MAR,HATO MAYOR,INDOMET,EMCI,28.5,21.2,17.5,https://indomet.gob.do/wp-content/uploads/2026/01/temperaturas-extremas-y-precipitaciones-2026x01x22-a.pdf
2026-01-22,003,JARDÍN BOTÁNICO NACIONAL,DISTRITO NACIONAL,JARDÍN BOTÁNICO NACIONAL,EMCV,29.6,20.5,14.2,https://indomet.gob.do/wp-content/uploads/2026/01/temperaturas-extremas-y-precipitaciones-2026x01x22-a.pdf
2026-01-22,004,PRESA DE TAVERAS (EMA),LA VEGA,PROGRAMA MUNDIAL DE ALIMENTO,EMAP,,,11.7,https://indomet.gob.do/wp-content/uploads/2026/01/temperaturas-extremas-y-precipitaciones-2026x01x22-a.pdf
2026-01-22,005,SABANA GRANDE DE BOYÁ,MONTE PLATA,MINISTERIO DE AGRICULTURA,EMCV,,,11.7,https://indomet.gob.do/wp-content/uploads/2026/01/temperaturas-extremas-y-precipitaciones-2026x01x22-a.pdf
2026-01-22,006,PARQUE MIRADOR SUR,DISTRITO NACIONAL,AYUNTAMIENTO,EMCV,31.5,21.3,10.0,https://indomet.gob.do/wp-content/uploads/2026/01/temperaturas-extremas-y-precipitaciones-2026x01x22-a.pdf
2026-01-22,007,SALCEDO,HERMANAS MIRABAL,PROPIEDAD DEL EMPLEADO,EMCI,,,10.0,https://indomet.gob.do/wp-content/uploads/2026/01/temperaturas-extremas-y-precipitaciones-2026x01x22-a.pdf
2026-01-22,008,LA AGUSTINA,DISTRITO NACIONAL,PRIVADA,EMAP,,,9.9,https://indomet.gob.do/wp-content/uploads/2026/01/temperaturas-extremas-y-precipitaciones-2026x01x22-a.pdf
2026-01-22,009,ENSANCHE LA FE,DISTRITO NACIONAL,PRIVADA,EMAP,,,9.9,https://indomet.gob.do/wp-content/uploads/2026/01/temperaturas-extremas-y-precipitaciones-2026x01x22-a.pdf
2026-01-22,010,LOS CACICAZGOS,DISTRITO NACIONAL,PRIVADA,EMAP,,,8.4,https://indomet.gob.do/wp-content/uploads/2026/01/temperaturas-extremas-y-precipitaciones-2026x01x22-a.pdf
2026-01-22,011,CABRERA,MARÍA TRINIDAD SÁNCHEZ,ESCUELA ARÍSTIDES FIALLO CABRAL,EMCI,31.5,23.0,8.2,https://indomet.gob.do/wp-content/uploads/2026/01/temperaturas-extremas-y-precipitaciones-2026x01x22-a.pdf
2026-01-22,012,VILLA RIVA,DUARTE,HOSP. MPAL. ALICIA DE LEGENDRE,EMCI,28.3,18.5,7.8,https://indomet.gob.do/wp-content/uploads/2026/01/temperaturas-extremas-y-precipitaciones-2026x01x22-a.pdf
2026-01-22,013,SAMANÁ,SAMANÁ,COMANDANCIA DE PUERTO DE SAMANÁ,EMCI,30.6,17.3,7.4,https://indomet.gob.do/wp-content/uploads/2026/01/temperaturas-extremas-y-precipitaciones-2026x01x22-a.pdf
2026-01-22,014,EL MILLON,DISTRITO NACIONAL,Desconocido,EMAP,,,7.4,https://indomet.gob.do/wp-content/uploads/2026/01/temperaturas-extremas-y-precipitaciones-2026x01x22-a.pdf
2026-01-22,015,LOS JARDINES,DISTRITO NACIONAL,PRIVADA,EMAP,,,7.0,https://indomet.gob.do/wp-content/uploads/2026/01/temperaturas-extremas-y-precipitaciones-2026x01x22-a.pdf
2026-01-22,016,LOS PRADOS,DISTRITO NACIONAL,PRIVADA,EMAP,,,6.9,https://indomet.gob.do/wp-content/uploads/2026/01/temperaturas-extremas-y-precipitaciones-2026x01x22-a.pdf
2026-01-22,017,PROLONGACION 27 DE FEBRERO,DISTRITO NACIONAL,PRIVADA,EMAP,,,6.8,https://indomet.gob.do/wp-content/uploads/2026/01/temperaturas-extremas-y-precipitaciones-2026x01x22-a.pdf
2026-01-22,018,EL FACTOR (EMA),MARÍA TRINIDAD SÁNCHEZ,INTEC,EMAP,32.1,21.4,6.4,https://indomet.gob.do/wp-content/uploads/2026/01/temperaturas-extremas-y-precipitaciones-2026x01x22-a.pdf
2026-01-22,019,EL SEIBO,EL SEIBO,MINISTERIO DE AGRICULTURA,EMCV,,,5.6,https://indomet.gob.do/wp-content/uploads/2026/01/temperaturas-extremas-y-precipitaciones-2026x01x22-a.pdf
2026-01-22,020,MICHES (EMA),EL SEIBO,PRIVADA,EMAP,28.8,21.7,5.2,https://indomet.gob.do/wp-content/uploads/2026/01/temperaturas-extremas-y-precipitaciones-2026x01x22-a.pdf
2026-01-22,021,SAN CRISTÓBAL,SAN CRISTÓBAL,INSTITUTO POLITÉCNICO LOYOLA,EMCI,30.2,21.2,5.0,https://indomet.gob.do/wp-content/uploads/2026/01/temperaturas-extremas-y-precipitaciones-2026x01x22-a.pdf
2026-01-22,022,RANCHO ARRIBA,SAN JOSÉ DE OCOA,CENTRO TECNOLÓGICO COMUNITARIO,EMCI,25.5,16.0,4.8,https://indomet.gob.do/wp-content/uploads/2026/01/temperaturas-extremas-y-precipitaciones-2026x01x22-a.pdf
2026-01-22,023,CERROS DE ARROYO HONDO,DISTRITO NACIONAL,PRIVADA,EMAP,,,4.3,https://indomet.gob.do/wp-content/uploads/2026/01/temperaturas-extremas-y-precipitaciones-2026x01x22-a.pdf
2026-01-22,024,ARPT. ARROYO BARRIL,SAMANÁ,INDOMET,EMCI,28.8,21.6,4.0,https://indomet.gob.do/wp-content/uploads/2026/01/temperaturas-extremas-y-precipitaciones-2026x01x22-a.pdf
2026-01-22,025,JIMA ABAJO,LA VEGA,INDOMET,EMCI,30.0,17.0,4.0,https://indomet.gob.do/wp-content/uploads/2026/01/temperaturas-extremas-y-precipitaciones-2026x01x22-a.pdf
2026-01-22,026,ARPT. GREGORIO LUPERÓN,PUERTO PLATA,INDOMET,EMCI,29.5,20.5,3.8,https://indomet.gob.do/wp-content/uploads/2026/01/temperaturas-extremas-y-precipitaciones-2026x01x22-a.pdf
2026-01-22,027,RÍO SAN JUAN,MARÍA TRINIDAD SÁNCHEZ,HOSP. MPAL. DR. DESIDERIO ACOSTA,EMCV,30.4,21.5,3.6,https://indomet.gob.do/wp-content/uploads/2026/01/temperaturas-extremas-y-precipitaciones-2026x01x22-a.pdf
2026-01-22,028,JUMA BEJUCAL,MONSEÑOR NOUEL,IDIAF,EMCV,30.4,20.2,3.4,https://indomet.gob.do/wp-content/uploads/2026/01/temperaturas-extremas-y-precipitaciones-2026x01x22-a.pdf
2026-01-22,029,LA VICTORIA,SANTO DOMINGO,CUERPO DE BOMBEROS,EMCI,31.0,21.5,3.1,https://indomet.gob.do/wp-content/uploads/2026/01/temperaturas-extremas-y-precipitaciones-2026x01x22-a.pdf
2026-01-22,030,BASE AÉREA DE SAN ISIDRO,SANTO DOMINGO,FUERZA AÉREA DOMINICANA,EMCV,30.1,21.1,3.0,https://indomet.gob.do/wp-content/uploads/2026/01/temperaturas-extremas-y-precipitaciones-2026x01x22-a.pdf
2026-01-22,031,SÁNCHEZ,SAMANÁ,MINISTERIO DE AGRICULTURA,EMCI,28.9,20.7,2.6,https://indomet.gob.do/wp-content/uploads/2026/01/temperaturas-extremas-y-precipitaciones-2026x01x22-a.pdf
2026-01-22,032,BONAO,MONSEÑOR NOUEL,MINISTERIO DE AGRICULTURA,EMCV,,,2.5,https://indomet.gob.do/wp-content/uploads/2026/01/temperaturas-extremas-y-precipitaciones-2026x01x22-a.pdf
2026-01-22,033,ENSANCHE PARAÍSO,DISTRITO NACIONAL,PRIVADA,EMAP,,,2.2,https://indomet.gob.do/wp-content/uploads/2026/01/temperaturas-extremas-y-precipitaciones-2026x01x22-a.pdf
2026-01-22,034,JARABACOA (EMA),LA VEGA,PROGRAMA MUNDIAL DE ALIMENTO,EMAP,27.8,16.8,2.0,https://indomet.gob.do/wp-content/uploads/2026/01/temperaturas-extremas-y-precipitaciones-2026x01x22-a.pdf
2026-01-22,035,JARABACOA,LA VEGA,INDRHI / MARENA,EMCI,29.2,14.2,1.9,https://indomet.gob.do/wp-content/uploads/2026/01/temperaturas-extremas-y-precipitaciones-2026x01x22-a.pdf
2026-01-22,036,ARPT. DE LAS AMÉRICAS,SANTO DOMINGO,INDOMET,EMCI,31.0,22.6,1.8,https://indomet.gob.do/wp-content/uploads/2026/01/temperaturas-extremas-y-precipitaciones-2026x01x22-a.pdf
2026-01-22,037,SANTO DOMINGO ESTE,SANTO DOMINGO,INDOMET,EMCI,31.0,22.6,1.8,https://indomet.gob.do/wp-content/uploads/2026/01/temperaturas-extremas-y-precipitaciones-2026x01x22-a.pdf
2026-01-22,038,ALTO BANDERA (EMA),LA VEGA,INTEC,EMAP,11.9,5.3,1.5,https://indomet.gob.do/wp-content/uploads/2026/01/temperaturas-extremas-y-precipitaciones-2026x01x22-a.pdf
2026-01-22,039,SAN RAFAEL DEL YUMA,LA ALTAGRACIA,MINISTERIO DE AGRICULTURA,EMCI,29.8,20.9,1.3,https://indomet.gob.do/wp-content/uploads/2026/01/temperaturas-extremas-y-precipitaciones-2026x01x22-a.pdf
2026-01-22,040,ANAMUYA (EMA),LA ALTAGRACIA,MINISTERIO DE AGRICULTURA,EMAP,28.7,22.6,1.0,https://indomet.gob.do/wp-content/uploads/2026/01/temperaturas-extremas-y-precipitaciones-2026x01x22-a.pdf
2026-01-22,041,CENTRO DE LOS HEROES (EMA),DISTRITO NACIONAL,MINISTERIO DE ENERGIA Y MINA,EMAP,,,1.0,https://indomet.gob.do/wp-content/uploads/2026/01/temperaturas-extremas-y-precipitaciones-2026x01x22-a.pdf
2026-01-22,042,CENTRO DE LOS HEROES,DISTRITO NACIONAL,MINISTERIO DE ENERGIA Y MINA,EMAP,29.9,24.1,1.0,https://indomet.gob.do/wp-content/uploads/2026/01/temperaturas-extremas-y-precipitaciones-2026x01x22-a.pdf
2026-01-22,043,LA VEGA,LA VEGA,IATESA,EMCI,31.0,20.5,0.8,https://indomet.gob.do/wp-content/uploads/2026/01/temperaturas-extremas-y-precipitaciones-2026x01x22-a.pdf
2026-01-22,044,SAN FRANCISCO DE MACORÍS,DUARTE,San Francisco de Macorís (UASD),EMCI,30.0,20.6,0.8,https://indomet.gob.do/wp-content/uploads/2026/01/temperaturas-extremas-y-precipitaciones-2026x01x22-a.pdf
2026-01-22,045,HATO MAYOR,HATO MAYOR,MINISTERIO DE AGRICULTURA,EMCV,,,0.8,https://indomet.gob.do/wp-content/uploads/2026/01/temperaturas-extremas-y-precipitaciones-2026x01x22-a.pdf
2026-01-22,046,PALO ÍNDIO,PUERTO PLATA,MINISTERIO DE AGRICULTURA,EMCI,,,0.8,https://indomet.gob.do/wp-content/uploads/2026/01/temperaturas-extremas-y-precipitaciones-2026x01x22-a.pdf
2026-01-22,047,BELLA VISTA,DISTRITO NACIONAL,PRIVADA,EMAP,,,0.8,https://indomet.gob.do/wp-content/uploads/2026/01/temperaturas-extremas-y-precipitaciones-2026x01x22-a.pdf
2026-01-22,048,VALLE NUEVO (EMA),LA VEGA,MARENA,EMAI,17.5,8.7,0.6,https://indomet.gob.do/wp-content/uploads/2026/01/temperaturas-extremas-y-precipitaciones-2026x01x22-a.pdf
2026-01-22,049,ARPT. EL CATEY,SAMANÁ,INDOMET,EMCI,28.5,19.5,0.5,https://indomet.gob.do/wp-content/uploads/2026/01/temperaturas-extremas-y-precipitaciones-2026x01x22-a.pdf
2026-01-22,050,CONSTANZA,LA VEGA,MINISTERIO DE AGRICULTURA,EMCI,23.4,10.7,0.5,https://indomet.gob.do/wp-content/uploads/2026/01/temperaturas-extremas-y-precipitaciones-2026x01x22-a.pdf
2026-01-22,051,LOS LLANOS,SAN PEDRO DE MACORÍS,MINISTERIO DE AGRICULTURA,EMCI,30.7,20.0,0.4,https://indomet.gob.do/wp-content/uploads/2026/01/temperaturas-extremas-y-precipitaciones-2026x01x22-a.pdf
2026-01-22,052,BOCA DE MAO (EMA),VALVERDE,MINISTERIO DE AGRICULTURA,EMAP,32.2,21.5,0.2,https://indomet.gob.do/wp-content/uploads/2026/01/temperaturas-extremas-y-precipitaciones-2026x01x22-a.pdf
2026-01-22,053,CONSTANZA (EMA),LA VEGA,PROGRAMA MUNDIAL DE ALIMENTO,EMAP,22.8,12.2,0.2,https://indomet.gob.do/wp-content/uploads/2026/01/temperaturas-extremas-y-precipitaciones-2026x01x22-a.pdf
2026-01-22,054,ALTAMIRA,PUERTO PLATA,HOSP. MPAL. DE ALTAMIRA,EMCI,29.7,17.5,0.1,https://indomet.gob.do/wp-content/uploads/2026/01/temperaturas-extremas-y-precipitaciones-2026x01x22-a.pdf
2026-01-22,055,ARPT. LA ISABELA,SANTO DOMINGO,INDOMET,EMCI,31.5,22.8,0.1,https://indomet.gob.do/wp-content/uploads/2026/01/temperaturas-extremas-y-precipitaciones-2026x01x22-a.pdf
2026-01-22,056,ARPT. DE LA ROMANA,LA ROMANA,INDOMET,EMCI,29.7,20.7,0.0,https://indomet.gob.do/wp-content/uploads/2026/01/temperaturas-extremas-y-precipitaciones-2026x01x22-a.pdf
2026-01-22,057,ARPT. DE PUNTA CANA,LA ALTAGRACIA,INDOMET,EMCI,29.2,21.4,0.0,https://indomet.gob.do/wp-content/uploads/2026/01/temperaturas-extremas-y-precipitaciones-2026x01x22-a.pdf
2026-01-22,058,ARPT. DEL CIBAO,SANTIAGO,INDOMET,EMCI,30.6,19.0,0.0,https://indomet.gob.do/wp-content/uploads/2026/01/temperaturas-extremas-y-precipitaciones-2026x01x22-a.pdf
2026-01-22,059,ARPT. MARÍA MONTEZ,BARAHONA,INDOMET,EMCI,32.0,20.4,0.0,https://indomet.gob.do/wp-content/uploads/2026/01/temperaturas-extremas-y-precipitaciones-2026x01x22-a.pdf
2026-01-22,060,ARROYO LORO,SAN JUAN,IDIAF,EMCI,32.6,15.7,0.0,https://indomet.gob.do/wp-content/uploads/2026/01/temperaturas-extremas-y-precipitaciones-2026x01x22-a.pdf
2026-01-22,061,BANI (EMA),PERAVIA,MINISTERIO DE AGRICULTURA,EMAP,31.1,24.2,0.0,https://indomet.gob.do/wp-content/uploads/2026/01/temperaturas-extremas-y-precipitaciones-2026x01x22-a.pdf
2026-01-22,062,BAYAGUANA,MONTE PLATA,INDOMET,EMCI,31.5,19.4,0.0,https://indomet.gob.do/wp-content/uploads/2026/01/temperaturas-extremas-y-precipitaciones-2026x01x22-a.pdf
2026-01-22,063,CABRAL,BARAHONA,MINISTERIO DE AGRICULTURA,EMCV,32.2,20.2,0.0,https://indomet.gob.do/wp-content/uploads/2026/01/temperaturas-extremas-y-precipitaciones-2026x01x22-a.pdf
2026-01-22,064,DAJABÓN,DAJABÓN,INSTITUTO POLITÉCNICO LOYOLA,EMCI,33.0,18.6,0.0,https://indomet.gob.do/wp-content/uploads/2026/01/temperaturas-extremas-y-precipitaciones-2026x01x22-a.pdf
2026-01-22,065,EL CERCADO,SAN JUAN,MINISTERIO DE AGRICULTURA,EMCV,,,0.0,https://indomet.gob.do/wp-content/uploads/2026/01/temperaturas-extremas-y-precipitaciones-2026x01x22-a.pdf
2026-01-22,066,ELÍAS PIÑA,ELÍAS PIÑA,MINISTERIO DE AGRICULTURA,EMCV,,,0.0,https://indomet.gob.do/wp-content/uploads/2026/01/temperaturas-extremas-y-precipitaciones-2026x01x22-a.pdf
2026-01-22,067,ENRIQUILLO,BARAHONA,MINISTERIO DE AGRICULTURA,EMCV,32.5,21.0,0.0,https://indomet.gob.do/wp-content/uploads/2026/01/temperaturas-extremas-y-precipitaciones-2026x01x22-a.pdf
2026-01-22,068,ESCONDIDO,PERAVIA,MINISTERIO DE AGRICULTURA,EMCV,31.0,24.0,0.0,https://indomet.gob.do/wp-content/uploads/2026/01/temperaturas-extremas-y-precipitaciones-2026x01x22-a.pdf
2026-01-22,069,GASPAR HERNÁNDEZ,ESPAILLAT,PROPIEDAD DEL EMPLEADO,EMCI,,,0.0,https://indomet.gob.do/wp-content/uploads/2026/01/temperaturas-extremas-y-precipitaciones-2026x01x22-a.pdf
2026-01-22,070,GURABO,SANTIAGO,MINISTERIO DE AGRICULTURA,EMCV,,,0.0,https://indomet.gob.do/wp-content/uploads/2026/01/temperaturas-extremas-y-precipitaciones-2026x01x22-a.pdf
2026-01-22,071,HONDO VALLE,ELÍAS PIÑA,MINISTERIO DE AGRICULTURA,EMCI,25.8,13.4,0.0,https://indomet.gob.do/wp-content/uploads/2026/01/temperaturas-extremas-y-precipitaciones-2026x01x22-a.pdf
2026-01-22,072,JARDÍN BOTÁNICO SANTIAGO (EMA),SANTIAGO,JARDIN BOTANICO SANTIAGO,EMAI,30.1,20.3,0.0,https://indomet.gob.do/wp-content/uploads/2026/01/temperaturas-extremas-y-precipitaciones-2026x01x22-a.pdf
2026-01-22,073,LAS CANAS (EMA),MONTE CRISTI,PROGRAMA MUNDIAL DE ALIMENTO,EMAP,28.1,21.1,0.0,https://indomet.gob.do/wp-content/uploads/2026/01/temperaturas-extremas-y-precipitaciones-2026x01x22-a.pdf
2026-01-22,074,LAS MATAS DE SANTA CRUZ (EMA),MONTE CRISTI,PROGRAMA MUNDIAL DE ALIMENTO,EMAP,,,0.0,https://indomet.gob.do/wp-content/uploads/2026/01/temperaturas-extremas-y-precipitaciones-2026x01x22-a.pdf
2026-01-22,075,LOS TRES CHARCOS (EMA),PEDERNALES,PROPIEDAD DEL VOLUNTARIO,EMAP,,,0.0,https://indomet.gob.do/wp-content/uploads/2026/01/temperaturas-extremas-y-precipitaciones-2026x01x22-a.pdf
2026-01-22,076,LUPERÓN,PUERTO PLATA,MINISTERIO DE AGRICULTURA,EMCV,,,0.0,https://indomet.gob.do/wp-content/uploads/2026/01/temperaturas-extremas-y-precipitaciones-2026x01x22-a.pdf
2026-01-22,077,MAO,VALVERDE,INDRHI / MINISTERIO DE AGRICULTURA,EMCV,,,0.0,https://indomet.gob.do/wp-content/uploads/2026/01/temperaturas-extremas-y-precipitaciones-2026x01x22-a.pdf
2026-01-22,078,MOCA,ESPAILLAT,MINISTERIO DE AGRICULTURA,EMCV,,,0.0,https://indomet.gob.do/wp-content/uploads/2026/01/temperaturas-extremas-y-precipitaciones-2026x01x22-a.pdf
2026-01-22,079,MONCIÓN (EMA),SANTIAGO RODRÍGUEZ,PROGRAMA MUNDIAL DE ALIMENTO,EMAP,29.3,17.3,0.0,https://indomet.gob.do/wp-content/uploads/2026/01/temperaturas-extremas-y-precipitaciones-2026x01x22-a.pdf
2026-01-22,080,MONTE CRISTI,MONTE CRISTI,INDOMET,EMCI,31.8,21.0,0.0,https://indomet.gob.do/wp-content/uploads/2026/01/temperaturas-extremas-y-precipitaciones-2026x01x22-a.pdf
2026-01-22,081,NAVARRETE,SANTIAGO,MINISTERIO DE AGRICULTURA,EMCV,,,0.0,https://indomet.gob.do/wp-content/uploads/2026/01/temperaturas-extremas-y-precipitaciones-2026x01x22-a.pdf
2026-01-22,082,OLIVARES,PEDERNALES,INDRHI,EMCI,,,0.0,https://indomet.gob.do/wp-content/uploads/2026/01/temperaturas-extremas-y-precipitaciones-2026x01x22-a.pdf
2026-01-22,083,OVIEDO,PEDERNALES,CLÍNICA RURAL OVIEDO,EMCI,30.6,19.5,0.0,https://indomet.gob.do/wp-content/uploads/2026/01/temperaturas-extremas-y-precipitaciones-2026x01x22-a.pdf
2026-01-22,084,PADRE LAS CASAS,AZUA,HOSP. NTRA. SRA. DEL CARMEN,EMCI,32.0,16.2,0.0,https://indomet.gob.do/wp-content/uploads/2026/01/temperaturas-extremas-y-precipitaciones-2026x01x22-a.pdf
2026-01-22,085,PEDERNALES,PEDERNALES,INDRHI,EMCI,,,0.0,https://indomet.gob.do/wp-content/uploads/2026/01/temperaturas-extremas-y-precipitaciones-2026x01x22-a.pdf
2026-01-22,086,PERALTA,AZUA,HOSP. MPAL. DE PERALTA,EMCI,29.7,15.6,0.0,https://indomet.gob.do/wp-content/uploads/2026/01/temperaturas-extremas-y-precipitaciones-2026x01x22-a.pdf
2026-01-22,087,PESCADERIA (EMA),BARAHONA,MINISTERIO DE AGRICULTURA,EMAP,30.9,21.1,0.0,https://indomet.gob.do/wp-content/uploads/2026/01/temperaturas-extremas-y-precipitaciones-2026x01x22-a.pdf
2026-01-22,088,POLO,BARAHONA,INDOCAFE,EMCI,,12.0,0.0,https://indomet.gob.do/wp-content/uploads/2026/01/temperaturas-extremas-y-precipitaciones-2026x01x22-a.pdf
2026-01-22,089,PONTÓN ABAJO (EMA),LA VEGA,MINISTERIO DE AGRICULTURA,EMAP,30.9,21.1,0.0,https://indomet.gob.do/wp-content/uploads/2026/01/temperaturas-extremas-y-precipitaciones-2026x01x22-a.pdf
2026-01-22,090,RESTAURACIÓN,DAJABÓN,MINISTERIO DE AGRICULTURA,EMCI,28.4,12.5,0.0,https://indomet.gob.do/wp-content/uploads/2026/01/temperaturas-extremas-y-precipitaciones-2026x01x22-a.pdf
2026-01-22,091,ENSANCHE CARMELITA,DISTRITO NACIONAL,PRIVADA,EMAP,,,0.0,https://indomet.gob.do/wp-content/uploads/2026/01/temperaturas-extremas-y-precipitaciones-2026x01x22-a.pdf
2026-01-22,092,SABANETA (EMA),SANTIAGO RODRÍGUEZ,PROGRAMA MUNDIAL DE ALIMENTO,EMAP,32.9,19.0,0.0,https://indomet.gob.do/wp-content/uploads/2026/01/temperaturas-extremas-y-precipitaciones-2026x01x22-a.pdf
2026-01-22,093,SAJOMA (EMA),SANTIAGO,PLAN SIERRA,EMAI,,,0.0,https://indomet.gob.do/wp-content/uploads/2026/01/temperaturas-extremas-y-precipitaciones-2026x01x22-a.pdf
2026-01-22,094,SAN JOSÉ DE OCOA,SAN JOSÉ DE OCOA,HOSP. SAN JOSÉ DE OCOA,EMCI,29.4,19.0,0.0,https://indomet.gob.do/wp-content/uploads/2026/01/temperaturas-extremas-y-precipitaciones-2026x01x22-a.pdf
2026-01-22,095,SANTIAGO RODRÍGUEZ,SANTIAGO RODRÍGUEZ,INDOMET,EMCI,33.0,19.2,0.0,https://indomet.gob.do/wp-content/uploads/2026/01/temperaturas-extremas-y-precipitaciones-2026x01x22-a.pdf
2026-01-22,096,TÁBARA ABAJO,AZUA,INDRHI,EMCI,32.0,20.0,0.0,https://indomet.gob.do/wp-content/uploads/2026/01/temperaturas-extremas-y-precipitaciones-2026x01x22-a.pdf
2026-01-22,097,VILLA GONZALES,SANTIAGO,MINISTERIO DE AGRICULTURA,EMCI,,,0.0,https://indomet.gob.do/wp-content/uploads/2026/01/temperaturas-extremas-y-precipitaciones-2026x01x22-a.pdf
2026-01-22,098,VILLA ISABELA,PUERTO PLATA,MINISTERIO DE AGRICULTURA,EMCV,,,0.0,https://indomet.gob.do/wp-content/uploads/2026/01/temperaturas-extremas-y-precipitaciones-2026x01x22-a.pdf
2026-01-22,099,VILLA VASQUEZ (EMA),MONTE CRISTI,JUNTA DE REGANTES,EMAI,,,0.0,https://indomet.gob.do/wp-content/uploads/2026/01/temperaturas-extremas-y-precipitaciones-2026x01x22-a.pdf
2026-01-23,001,ARPT. LA ISABELA,SANTO DOMINGO,INDOMET,EMCI,30.5,21.3,69.9,https://indomet.gob.do/wp-content/uploads/2026/01/temperaturas-extremas-y-precipitaciones-2026x01x23-a-1.pdf
2026-01-23,002,LA VICTORIA,SANTO DOMINGO,CUERPO DE BOMBEROS,EMCI,31.0,21.7,49.8,https://indomet.gob.do/wp-content/uploads/2026/01/temperaturas-extremas-y-precipitaciones-2026x01x23-a-1.pdf
2026-01-23,003,EL MILLON (EMA),DISTRITO NACIONAL,PRIVADA,EMAP,,,45.7,https://indomet.gob.do/wp-content/uploads/2026/01/temperaturas-extremas-y-precipitaciones-2026x01x23-a-1.pdf
2026-01-23,004,BASE AÉREA DE SAN ISIDRO,SANTO DOMINGO,FUERZA AÉREA DOMINICANA,EMCV,31.0,21.6,43.0,https://indomet.gob.do/wp-content/uploads/2026/01/temperaturas-extremas-y-precipitaciones-2026x01x23-a-1.pdf
2026-01-23,005,LA GUAYIGA (EMA),DISTRITO NACIONAL,PRIVADA,EMAP,,,41.1,https://indomet.gob.do/wp-content/uploads/2026/01/temperaturas-extremas-y-precipitaciones-2026x01x23-a-1.pdf
2026-01-23,006,NACO (EMA),DISTRITO NACIONAL,PRIVADA,EMAP,,,39.1,https://indomet.gob.do/wp-content/uploads/2026/01/temperaturas-extremas-y-precipitaciones-2026x01x23-a-1.pdf
2026-01-23,007,SANTO DOMINGO ESTE,SANTO DOMINGO,INDOMET,EMCI,30.5,23.0,38.8,https://indomet.gob.do/wp-content/uploads/2026/01/temperaturas-extremas-y-precipitaciones-2026x01x23-a-1.pdf
2026-01-23,008,PROLONGACION 27 DE FEBRERO,DISTRITO NACIONAL,PRIVADA,EMAP,,,35.9,https://indomet.gob.do/wp-content/uploads/2026/01/temperaturas-extremas-y-precipitaciones-2026x01x23-a-1.pdf
2026-01-23,009,PIANTINI (EMA),DISTRITO NACIONAL,PRIVADA,EMAP,,,30.5,https://indomet.gob.do/wp-content/uploads/2026/01/temperaturas-extremas-y-precipitaciones-2026x01x23-a-1.pdf
2026-01-23,010,JIMA ABAJO,LA VEGA,INDOMET,EMCI,30.0,17.3,30.2,https://indomet.gob.do/wp-content/uploads/2026/01/temperaturas-extremas-y-precipitaciones-2026x01x23-a-1.pdf
2026-01-23,011,BELLA VISTA (EMA),DISTRITO NACIONAL,PRIVADA,EMAP,,,29.5,https://indomet.gob.do/wp-content/uploads/2026/01/temperaturas-extremas-y-precipitaciones-2026x01x23-a-1.pdf
2026-01-23,012,CABRERA,MARÍA TRINIDAD SÁNCHEZ,ESCUELA ARÍSTIDES FIALLO CABRAL,EMCI,30.2,23.5,29.0,https://indomet.gob.do/wp-content/uploads/2026/01/temperaturas-extremas-y-precipitaciones-2026x01x23-a-1.pdf
2026-01-23,013,CENTRO DE LOS HEROES (EMA),DISTRITO NACIONAL,MINISTERIO DE ENERGIA Y MINA,EMAP,29.8,23.7,27.0,https://indomet.gob.do/wp-content/uploads/2026/01/temperaturas-extremas-y-precipitaciones-2026x01x23-a-1.pdf
2026-01-23,014,SÁNCHEZ,SAMANÁ,MINISTERIO DE AGRICULTURA,EMCI,27.4,20.9,26.1,https://indomet.gob.do/wp-content/uploads/2026/01/temperaturas-extremas-y-precipitaciones-2026x01x23-a-1.pdf
2026-01-23,015,LA AGUSTINA (EMA),DISTRITO NACIONAL,PRIVADA,EMAP,,,24.2,https://indomet.gob.do/wp-content/uploads/2026/01/temperaturas-extremas-y-precipitaciones-2026x01x23-a-1.pdf
2026-01-23,016,ENSANCHE LA FE (EMA),DISTRITO NACIONAL,PRIVADA,EMAP,,,24.1,https://indomet.gob.do/wp-content/uploads/2026/01/temperaturas-extremas-y-precipitaciones-2026x01x23-a-1.pdf
2026-01-23,017,ARROYO HONDO VIEJO (EMA),DISTRITO NACIONAL,PRIVADA,EMAP,,,22.4,https://indomet.gob.do/wp-content/uploads/2026/01/temperaturas-extremas-y-precipitaciones-2026x01x23-a-1.pdf
2026-01-23,018,VILLA ALTAGRACIA,SAN CRISTÓBAL,ESCUELA JAVIER ANGULO GURIDI,EMCI,,,22.4,https://indomet.gob.do/wp-content/uploads/2026/01/temperaturas-extremas-y-precipitaciones-2026x01x23-a-1.pdf
2026-01-23,019,ARROYO HONDO (EMA),DISTRITO NACIONAL,PRIVADA,EMAP,,,22.1,https://indomet.gob.do/wp-content/uploads/2026/01/temperaturas-extremas-y-precipitaciones-2026x01x23-a-1.pdf
2026-01-23,020,LOS CACICAZGOS (EMA),DISTRITO NACIONAL,PRIVADA,EMAP,,,21.6,https://indomet.gob.do/wp-content/uploads/2026/01/temperaturas-extremas-y-precipitaciones-2026x01x23-a-1.pdf
2026-01-23,021,SALCEDO,HERMANAS MIRABAL,PROPIEDAD DEL EMPLEADO,EMCI,,,20.4,https://indomet.gob.do/wp-content/uploads/2026/01/temperaturas-extremas-y-precipitaciones-2026x01x23-a-1.pdf
2026-01-23,022,VILLA RIVA,DUARTE,HOSP. MPAL. ALICIA DE LEGENDRE,EMCI,27.0,19.0,18.0,https://indomet.gob.do/wp-content/uploads/2026/01/temperaturas-extremas-y-precipitaciones-2026x01x23-a-1.pdf
2026-01-23,023,ZONA UNIVERSITARIA (EMA),DISTRITO NACIONAL,PRIVADA,EMAP,,,16.8,https://indomet.gob.do/wp-content/uploads/2026/01/temperaturas-extremas-y-precipitaciones-2026x01x23-a-1.pdf
2026-01-23,024,ALAMEDA (EMA),DISTRITO NACIONAL,PRIVADA,EMAP,,,16.8,https://indomet.gob.do/wp-content/uploads/2026/01/temperaturas-extremas-y-precipitaciones-2026x01x23-a-1.pdf
2026-01-23,025,ARPT. EL CATEY,SAMANÁ,INDOMET,EMCI,27.0,19.2,16.4,https://indomet.gob.do/wp-content/uploads/2026/01/temperaturas-extremas-y-precipitaciones-2026x01x23-a-1.pdf
2026-01-23,026,LOS JARDINES (EMA),DISTRITO NACIONAL,PRIVADA,EMAP,,,16.0,https://indomet.gob.do/wp-content/uploads/2026/01/temperaturas-extremas-y-precipitaciones-2026x01x23-a-1.pdf
2026-01-23,027,SAMANÁ,SAMANÁ,COMANDANCIA DE PUERTO DE SAMANÁ,EMCI,29.7,18.1,13.4,https://indomet.gob.do/wp-content/uploads/2026/01/temperaturas-extremas-y-precipitaciones-2026x01x23-a-1.pdf
2026-01-23,028,JUMA BEJUCAL,MONSEÑOR NOUEL,IDIAF,EMCV,30.0,10.8,11.9,https://indomet.gob.do/wp-content/uploads/2026/01/temperaturas-extremas-y-precipitaciones-2026x01x23-a-1.pdf
2026-01-23,029,ARPT. ARROYO BARRIL,SAMANÁ,INDOMET,EMCI,29.2,20.9,11.5,https://indomet.gob.do/wp-content/uploads/2026/01/temperaturas-extremas-y-precipitaciones-2026x01x23-a-1.pdf
2026-01-23,030,SABANA DE LA MAR,HATO MAYOR,INDOMET,EMCI,29.0,20.8,11.2,https://indomet.gob.do/wp-content/uploads/2026/01/temperaturas-extremas-y-precipitaciones-2026x01x23-a-1.pdf
2026-01-23,031,SABANA GRANDE DE BOYÁ,MONTE PLATA,MINISTERIO DE AGRICULTURA,EMCV,,,9.1,https://indomet.gob.do/wp-content/uploads/2026/01/temperaturas-extremas-y-precipitaciones-2026x01x23-a-1.pdf
2026-01-23,032,RÍO SAN JUAN,MARÍA TRINIDAD SÁNCHEZ,HOSP. MPAL. DR. DESIDERIO ACOSTA,EMCV,29.5,21.7,9.0,https://indomet.gob.do/wp-content/uploads/2026/01/temperaturas-extremas-y-precipitaciones-2026x01x23-a-1.pdf
2026-01-23,033,SAN CRISTÓBAL,SAN CRISTÓBAL,INSTITUTO POLITÉCNICO LOYOLA,EMCI,30.0,21.0,8.7,https://indomet.gob.do/wp-content/uploads/2026/01/temperaturas-extremas-y-precipitaciones-2026x01x23-a-1.pdf
2026-01-23,034,TAMBORIL,SANTIAGO,MINISTERIO DE AGRICULTURA,EMCV,,,7.6,https://indomet.gob.do/wp-content/uploads/2026/01/temperaturas-extremas-y-precipitaciones-2026x01x23-a-1.pdf
2026-01-23,035,GASPAR HERNÁNDEZ,ESPAILLAT,PROPIEDAD DEL EMPLEADO,EMCI,,,5.8,https://indomet.gob.do/wp-content/uploads/2026/01/temperaturas-extremas-y-precipitaciones-2026x01x23-a-1.pdf
2026-01-23,036,MICHES (EMA),EL SEIBO,PRIVADA,EMAP,28.5,20.9,5.6,https://indomet.gob.do/wp-content/uploads/2026/01/temperaturas-extremas-y-precipitaciones-2026x01x23-a-1.pdf
2026-01-23,037,POLO,BARAHONA,INDOCAFE,EMCI,,15.5,5.4,https://indomet.gob.do/wp-content/uploads/2026/01/temperaturas-extremas-y-precipitaciones-2026x01x23-a-1.pdf
2026-01-23,038,BONAO,MONSEÑOR NOUEL,MINISTERIO DE AGRICULTURA,EMCV,,,5.3,https://indomet.gob.do/wp-content/uploads/2026/01/temperaturas-extremas-y-precipitaciones-2026x01x23-a-1.pdf
2026-01-23,039,LA VEGA,LA VEGA,IATESA,EMCI,31.0,19.0,4.5,https://indomet.gob.do/wp-content/uploads/2026/01/temperaturas-extremas-y-precipitaciones-2026x01x23-a-1.pdf
2026-01-23,040,ARPT. DEL CIBAO,SANTIAGO,INDOMET,EMCI,30.2,19.2,3.8,https://indomet.gob.do/wp-content/uploads/2026/01/temperaturas-extremas-y-precipitaciones-2026x01x23-a-1.pdf
2026-01-23,041,BUCARA (EMA),SANTIAGO,MINISTERIO DE AGRICULTURA,EMAI,,,3.2,https://indomet.gob.do/wp-content/uploads/2026/01/temperaturas-extremas-y-precipitaciones-2026x01x23-a-1.pdf
2026-01-23,042,PONTÓN ABAJO (EMA),LA VEGA,MINISTERIO DE AGRICULTURA,EMAP,30.8,22.2,2.6,https://indomet.gob.do/wp-content/uploads/2026/01/temperaturas-extremas-y-precipitaciones-2026x01x23-a-1.pdf
2026-01-23,043,ARPT. DE PUNTA CANA,LA ALTAGRACIA,INDOMET,EMCI,29.6,20.8,2.4,https://indomet.gob.do/wp-content/uploads/2026/01/temperaturas-extremas-y-precipitaciones-2026x01x23-a-1.pdf
2026-01-23,044,LOS LLANOS,SAN PEDRO DE MACORÍS,MINISTERIO DE AGRICULTURA,EMCI,30.0,20.6,2.4,https://indomet.gob.do/wp-content/uploads/2026/01/temperaturas-extremas-y-precipitaciones-2026x01x23-a-1.pdf
2026-01-23,045,RANCHO ARRIBA,SAN JOSÉ DE OCOA,CENTRO TECNOLÓGICO COMUNITARIO,EMCI,26.2,17.4,2.4,https://indomet.gob.do/wp-content/uploads/2026/01/temperaturas-extremas-y-precipitaciones-2026x01x23-a-1.pdf
2026-01-23,046,SAN JOSÉ DE OCOA,SAN JOSÉ DE OCOA,HOSP. SAN JOSÉ DE OCOA,EMCI,30.3,19.6,2.2,https://indomet.gob.do/wp-content/uploads/2026/01/temperaturas-extremas-y-precipitaciones-2026x01x23-a-1.pdf
2026-01-23,047,EL FACTOR (EMA),MARÍA TRINIDAD SÁNCHEZ,INTEC,EMAP,30.9,21.1,1.8,https://indomet.gob.do/wp-content/uploads/2026/01/temperaturas-extremas-y-precipitaciones-2026x01x23-a-1.pdf
2026-01-23,048,JARABACOA,LA VEGA,INDRHI / MARENA,EMCI,28.2,15.0,1.8,https://indomet.gob.do/wp-content/uploads/2026/01/temperaturas-extremas-y-precipitaciones-2026x01x23-a-1.pdf
2026-01-23,049,JARABACOA (EMA),LA VEGA,PROGRAMA MUNDIAL DE ALIMENTO,EMAP,26.6,17.8,1.8,https://indomet.gob.do/wp-content/uploads/2026/01/temperaturas-extremas-y-precipitaciones-2026x01x23-a-1.pdf
2026-01-23,050,ALTO BANDERA (EMA),LA VEGA,INTEC,EMAP,11.9,5.8,1.3,https://indomet.gob.do/wp-content/uploads/2026/01/temperaturas-extremas-y-precipitaciones-2026x01x23-a-1.pdf
2026-01-23,051,BAYAGUANA,MONTE PLATA,INDOMET,EMCI,30.6,20.4,0.9,https://indomet.gob.do/wp-content/uploads/2026/01/temperaturas-extremas-y-precipitaciones-2026x01x23-a-1.pdf
2026-01-23,052,CONSTANZA,LA VEGA,MINISTERIO DE AGRICULTURA,EMCI,24.0,11.6,0.9,https://indomet.gob.do/wp-content/uploads/2026/01/temperaturas-extremas-y-precipitaciones-2026x01x23-a-1.pdf
2026-01-23,053,SAN RAFAEL DEL YUMA,LA ALTAGRACIA,MINISTERIO DE AGRICULTURA,EMCI,30.5,21.5,0.7,https://indomet.gob.do/wp-content/uploads/2026/01/temperaturas-extremas-y-precipitaciones-2026x01x23-a-1.pdf
2026-01-23,054,CONSTANZA (EMA),LA VEGA,PROGRAMA MUNDIAL DE ALIMENTO,EMAP,23.5,14.2,0.6,https://indomet.gob.do/wp-content/uploads/2026/01/temperaturas-extremas-y-precipitaciones-2026x01x23-a-1.pdf
2026-01-23,055,VILLA GONZALES,SANTIAGO,MINISTERIO DE AGRICULTURA,EMCI,,,0.5,https://indomet.gob.do/wp-content/uploads/2026/01/temperaturas-extremas-y-precipitaciones-2026x01x23-a-1.pdf
2026-01-23,056,BANI (EMA),PERAVIA,MINISTERIO DE AGRICULTURA,EMAP,30.8,23.6,0.4,https://indomet.gob.do/wp-content/uploads/2026/01/temperaturas-extremas-y-precipitaciones-2026x01x23-a-1.pdf
2026-01-23,057,ANAMUYA (EMA),LA ALTAGRACIA,MINISTERIO DE AGRICULTURA,EMAP,29.7,22.3,0.2,https://indomet.gob.do/wp-content/uploads/2026/01/temperaturas-extremas-y-precipitaciones-2026x01x23-a-1.pdf
2026-01-23,058,VALLE NUEVO (EMA),LA VEGA,MARENA,EMAI,17.7,6.9,0.2,https://indomet.gob.do/wp-content/uploads/2026/01/temperaturas-extremas-y-precipitaciones-2026x01x23-a-1.pdf
2026-01-23,059,ENRIQUILLO,BARAHONA,MINISTERIO DE AGRICULTURA,EMCV,32.7,21.5,0.1,https://indomet.gob.do/wp-content/uploads/2026/01/temperaturas-extremas-y-precipitaciones-2026x01x23-a-1.pdf
2026-01-23,060,HATO MAYOR,HATO MAYOR,MINISTERIO DE AGRICULTURA,EMCV,,,0.1,https://indomet.gob.do/wp-content/uploads/2026/01/temperaturas-extremas-y-precipitaciones-2026x01x23-a-1.pdf
2026-01-23,061,HONDO VALLE,ELÍAS PIÑA,MINISTERIO DE AGRICULTURA,EMCI,25.5,14.3,0.1,https://indomet.gob.do/wp-content/uploads/2026/01/temperaturas-extremas-y-precipitaciones-2026x01x23-a-1.pdf
2026-01-23,062,OVIEDO,PEDERNALES,CLÍNICA RURAL OVIEDO,EMCI,31.0,20.0,0.1,https://indomet.gob.do/wp-content/uploads/2026/01/temperaturas-extremas-y-precipitaciones-2026x01x23-a-1.pdf
2026-01-23,063,ALTAMIRA,PUERTO PLATA,HOSP. MPAL. DE ALTAMIRA,EMCI,28.0,17.5,0.0,https://indomet.gob.do/wp-content/uploads/2026/01/temperaturas-extremas-y-precipitaciones-2026x01x23-a-1.pdf
2026-01-23,064,ARPT. DE LA ROMANA,LA ROMANA,INDOMET,EMCI,30.5,20.3,0.0,https://indomet.gob.do/wp-content/uploads/2026/01/temperaturas-extremas-y-precipitaciones-2026x01x23-a-1.pdf
2026-01-23,065,ARPT. DE LAS AMÉRICAS,SANTO DOMINGO,INDOMET,EMCI,30.2,21.5,0.0,https://indomet.gob.do/wp-content/uploads/2026/01/temperaturas-extremas-y-precipitaciones-2026x01x23-a-1.pdf
2026-01-23,066,ARPT. GREGORIO LUPERÓN,PUERTO PLATA,INDOMET,EMCI,28.7,20.5,0.0,https://indomet.gob.do/wp-content/uploads/2026/01/temperaturas-extremas-y-precipitaciones-2026x01x23-a-1.pdf
2026-01-23,067,ARPT. MARÍA MONTEZ,BARAHONA,INDOMET,EMCI,32.2,20.0,0.0,https://indomet.gob.do/wp-content/uploads/2026/01/temperaturas-extremas-y-precipitaciones-2026x01x23-a-1.pdf
2026-01-23,068,ARROYO LORO,SAN JUAN,IDIAF,EMCI,32.5,17.2,0.0,https://indomet.gob.do/wp-content/uploads/2026/01/temperaturas-extremas-y-precipitaciones-2026x01x23-a-1.pdf
2026-01-23,069,BOCA DE MAO (EMA),VALVERDE,MINISTERIO DE AGRICULTURA,EMAP,32.6,21.7,0.0,https://indomet.gob.do/wp-content/uploads/2026/01/temperaturas-extremas-y-precipitaciones-2026x01x23-a-1.pdf
2026-01-23,070,CABRAL,BARAHONA,MINISTERIO DE AGRICULTURA,EMCV,32.7,22.5,0.0,https://indomet.gob.do/wp-content/uploads/2026/01/temperaturas-extremas-y-precipitaciones-2026x01x23-a-1.pdf
2026-01-23,071,ELÍAS PIÑA,ELÍAS PIÑA,MINISTERIO DE AGRICULTURA,EMCV,,,0.0,https://indomet.gob.do/wp-content/uploads/2026/01/temperaturas-extremas-y-precipitaciones-2026x01x23-a-1.pdf
2026-01-23,072,GURABO,SANTIAGO,MINISTERIO DE AGRICULTURA,EMCV,,,0.0,https://indomet.gob.do/wp-content/uploads/2026/01/temperaturas-extremas-y-precipitaciones-2026x01x23-a-1.pdf
2026-01-23,073,JARDÍN BOTÁNICO SANTIAGO (EMSANTIAGO,,JARDIN BOTANICO SANTIAGO,EMAI,28.4,20.8,0.0,https://indomet.gob.do/wp-content/uploads/2026/01/temperaturas-extremas-y-precipitaciones-2026x01x23-a-1.pdf
2026-01-23,074,LAS CANAS (EMA),MONTE CRISTI,PROGRAMA MUNDIAL DE ALIMENTO,EMAP,28.0,21.8,0.0,https://indomet.gob.do/wp-content/uploads/2026/01/temperaturas-extremas-y-precipitaciones-2026x01x23-a-1.pdf
2026-01-23,075,LAS MATAS DE SANTA CRUZ (EMA,MONTE CRISTI,PROGRAMA MUNDIAL DE ALIMENTO,EMAP,,,0.0,https://indomet.gob.do/wp-content/uploads/2026/01/temperaturas-extremas-y-precipitaciones-2026x01x23-a-1.pdf
2026-01-23,076,MONCIÓN (EMA),SANTIAGO RODRÍGUEZ,PROGRAMA MUNDIAL DE ALIMENTO,EMAP,29.7,18.1,0.0,https://indomet.gob.do/wp-content/uploads/2026/01/temperaturas-extremas-y-precipitaciones-2026x01x23-a-1.pdf
2026-01-23,077,MONTE CRISTI,MONTE CRISTI,INDOMET,EMCI,31.2,21.0,0.0,https://indomet.gob.do/wp-content/uploads/2026/01/temperaturas-extremas-y-precipitaciones-2026x01x23-a-1.pdf
2026-01-23,078,NAVARRETE,SANTIAGO,MINISTERIO DE AGRICULTURA,EMCV,,,0.0,https://indomet.gob.do/wp-content/uploads/2026/01/temperaturas-extremas-y-precipitaciones-2026x01x23-a-1.pdf
2026-01-23,079,OLIVARES,PEDERNALES,INDRHI,EMCI,,,0.0,https://indomet.gob.do/wp-content/uploads/2026/01/temperaturas-extremas-y-precipitaciones-2026x01x23-a-1.pdf
2026-01-23,080,PADRE LAS CASAS,AZUA,HOSP. NTRA. SRA. DEL CARMEN,EMCI,32.2,16.0,0.0,https://indomet.gob.do/wp-content/uploads/2026/01/temperaturas-extremas-y-precipitaciones-2026x01x23-a-1.pdf
2026-01-23,081,PALO ÍNDIO,PUERTO PLATA,MINISTERIO DE AGRICULTURA,EMCI,,,0.0,https://indomet.gob.do/wp-content/uploads/2026/01/temperaturas-extremas-y-precipitaciones-2026x01x23-a-1.pdf
2026-01-23,082,PEDERNALES,PEDERNALES,INDRHI,EMCI,,,0.0,https://indomet.gob.do/wp-content/uploads/2026/01/temperaturas-extremas-y-precipitaciones-2026x01x23-a-1.pdf
2026-01-23,083,PERALTA,AZUA,HOSP. MPAL. DE PERALTA,EMCI,30.0,16.5,0.0,https://indomet.gob.do/wp-content/uploads/2026/01/temperaturas-extremas-y-precipitaciones-2026x01x23-a-1.pdf
2026-01-23,084,RESTAURACIÓN,DAJABÓN,MINISTERIO DE AGRICULTURA,EMCI,28.2,14.3,0.0,https://indomet.gob.do/wp-content/uploads/2026/01/temperaturas-extremas-y-precipitaciones-2026x01x23-a-1.pdf
2026-01-23,085,SABANETA (EMA),SANTIAGO RODRÍGUEZ,PROGRAMA MUNDIAL DE ALIMENTO,EMAP,31.8,19.7,0.0,https://indomet.gob.do/wp-content/uploads/2026/01/temperaturas-extremas-y-precipitaciones-2026x01x23-a-1.pdf
2026-01-23,086,SANTIAGO RODRÍGUEZ,SANTIAGO RODRÍGUEZ,INDOMET,EMCI,33.5,20.0,0.0,https://indomet.gob.do/wp-content/uploads/2026/01/temperaturas-extremas-y-precipitaciones-2026x01x23-a-1.pdf
2026-01-23,087,TÁBARA ABAJO,AZUA,INDRHI,EMCI,31.0,17.0,0.0,https://indomet.gob.do/wp-content/uploads/2026/01/temperaturas-extremas-y-precipitaciones-2026x01x23-a-1.pdf
2026-01-23,088,VILLA ISABELA,PUERTO PLATA,MINISTERIO DE AGRICULTURA,EMCV,,,0.0,https://indomet.gob.do/wp-content/uploads/2026/01/temperaturas-extremas-y-precipitaciones-2026x01x23-a-1.pdf
2026-01-24,001,BASE AÉREA DE SAN ISIDRO,SANTO DOMINGO,FUERZA AÉREA DOMINICANA,EMCV,30.1,21.0,72.0,https://indomet.gob.do/wp-content/uploads/2026/01/temperaturas-extremas-y-precipitaciones-2026x01x24-b.pdf
2026-01-24,002,ARPT. EL CATEY,SAMANÁ,INDOMET,EMCI,27.0,20.2,46.8,https://indomet.gob.do/wp-content/uploads/2026/01/temperaturas-extremas-y-precipitaciones-2026x01x24-b.pdf
2026-01-24,003,PIANTINI (EMA),DISTRITO NACIONAL,PRIVADA,EMAP,,,44.2,https://indomet.gob.do/wp-content/uploads/2026/01/temperaturas-extremas-y-precipitaciones-2026x01x24-b.pdf
2026-01-24,004,SÁNCHEZ,SAMANÁ,MINISTERIO DE AGRICULTURA,EMCI,27.3,20.5,34.6,https://indomet.gob.do/wp-content/uploads/2026/01/temperaturas-extremas-y-precipitaciones-2026x01x24-b.pdf
2026-01-24,005,EL MILLON (EMA),DISTRITO NACIONAL,PRIVADA,EMAP,,,33.0,https://indomet.gob.do/wp-content/uploads/2026/01/temperaturas-extremas-y-precipitaciones-2026x01x24-b.pdf
2026-01-24,006,NACO (EMA),DISTRITO NACIONAL,PRIVADA,EMAP,,,32.8,https://indomet.gob.do/wp-content/uploads/2026/01/temperaturas-extremas-y-precipitaciones-2026x01x24-b.pdf
2026-01-24,007,ARROYO LORO,SAN JUAN,IDIAF,EMCI,32.5,17.4,30.5,https://indomet.gob.do/wp-content/uploads/2026/01/temperaturas-extremas-y-precipitaciones-2026x01x24-b.pdf
2026-01-24,008,SANTO DOMINGO ESTE,SANTO DOMINGO,INDOMET,EMCI,30.0,21.8,29.4,https://indomet.gob.do/wp-content/uploads/2026/01/temperaturas-extremas-y-precipitaciones-2026x01x24-b.pdf
2026-01-24,009,LOS CACICAZGOS (EMA),DISTRITO NACIONAL,PRIVADA,EMAP,,,28.9,https://indomet.gob.do/wp-content/uploads/2026/01/temperaturas-extremas-y-precipitaciones-2026x01x24-b.pdf
2026-01-24,009,BELLA VISTA (EMA),DISTRITO NACIONAL,PRIVADA,EMAP,,,17.0,https://indomet.gob.do/wp-content/uploads/2026/01/temperaturas-extremas-y-precipitaciones-2026x01x24-b.pdf
2026-01-24,010,ENSANCHE PARAÍSO (EMA),DISTRITO NACIONAL,PRIVADA,EMAP,,,28.6,https://indomet.gob.do/wp-content/uploads/2026/01/temperaturas-extremas-y-precipitaciones-2026x01x24-b.pdf
2026-01-24,011,ALAMEDA (EMA),DISTRITO NACIONAL,PRIVADA,EMAP,,,26.9,https://indomet.gob.do/wp-content/uploads/2026/01/temperaturas-extremas-y-precipitaciones-2026x01x24-b.pdf
2026-01-24,012,VILLA RIVA,DUARTE,HOSP. MPAL. ALICIA DE LEGENDRE,EMCI,26.0,20.0,26.4,https://indomet.gob.do/wp-content/uploads/2026/01/temperaturas-extremas-y-precipitaciones-2026x01x24-b.pdf
2026-01-24,013,ARROYO HONDO (EMA),DISTRITO NACIONAL,PRIVADA,EMAP,,,25.7,https://indomet.gob.do/wp-content/uploads/2026/01/temperaturas-extremas-y-precipitaciones-2026x01x24-b.pdf
2026-01-24,014,ENSANCHE LA FE (EMA),DISTRITO NACIONAL,PRIVADA,EMAP,,,24.9,https://indomet.gob.do/wp-content/uploads/2026/01/temperaturas-extremas-y-precipitaciones-2026x01x24-b.pdf
2026-01-24,015,LA AGUSTINA (EMA),DISTRITO NACIONAL,PRIVADA,EMAP,,,24.9,https://indomet.gob.do/wp-content/uploads/2026/01/temperaturas-extremas-y-precipitaciones-2026x01x24-b.pdf
2026-01-24,016,CENTRO DE LOS HEROES (EMA),DISTRITO NACIONAL,MINISTERIO DE ENERGIA Y MINA,EMAP,29.5,23.8,24.2,https://indomet.gob.do/wp-content/uploads/2026/01/temperaturas-extremas-y-precipitaciones-2026x01x24-b.pdf
2026-01-24,017,ZONA UNIVERSITARIA (EMA),DISTRITO NACIONAL,PRIVADA,EMAP,,,23.9,https://indomet.gob.do/wp-content/uploads/2026/01/temperaturas-extremas-y-precipitaciones-2026x01x24-b.pdf
2026-01-24,018,PROLONGACION 27 DE FEBRERO,DISTRITO NACIONAL,PRIVADA,EMAP,,,23.7,https://indomet.gob.do/wp-content/uploads/2026/01/temperaturas-extremas-y-precipitaciones-2026x01x24-b.pdf
2026-01-24,019,SAN CRISTÓBAL,SAN CRISTÓBAL,INSTITUTO POLITÉCNICO LOYOLA,EMCI,30.0,22.0,21.2,https://indomet.gob.do/wp-content/uploads/2026/01/temperaturas-extremas-y-precipitaciones-2026x01x24-b.pdf
2026-01-24,020,EL FACTOR (EMA),MARÍA TRINIDAD SÁNCHEZ,INTEC,EMAP,29.3,21.0,17.8,https://indomet.gob.do/wp-content/uploads/2026/01/temperaturas-extremas-y-precipitaciones-2026x01x24-b.pdf
2026-01-24,021,VILLA ALTAGRACIA,SAN CRISTÓBAL,ESCUELA JAVIER ANGULO GURIDI,EMCI,,,17.8,https://indomet.gob.do/wp-content/uploads/2026/01/temperaturas-extremas-y-precipitaciones-2026x01x24-b.pdf
2026-01-24,022,LA VICTORIA,SANTO DOMINGO,CUERPO DE BOMBEROS,EMCI,31.2,22.0,17.2,https://indomet.gob.do/wp-content/uploads/2026/01/temperaturas-extremas-y-precipitaciones-2026x01x24-b.pdf
2026-01-24,024,LOS JARDINES (EMA),DISTRITO NACIONAL,PRIVADA,EMAP,,,16.4,https://indomet.gob.do/wp-content/uploads/2026/01/temperaturas-extremas-y-precipitaciones-2026x01x24-b.pdf
2026-01-24,025,ARROYO HONDO VIEJO (EMA),DISTRITO NACIONAL,PRIVADA,EMAP,,,16.3,https://indomet.gob.do/wp-content/uploads/2026/01/temperaturas-extremas-y-precipitaciones-2026x01x24-b.pdf
2026-01-24,026,ARPT. LA ISABELA,SANTO DOMINGO,INDOMET,EMCI,30.0,21.2,16.1,https://indomet.gob.do/wp-content/uploads/2026/01/temperaturas-extremas-y-precipitaciones-2026x01x24-b.pdf
2026-01-24,027,PONTÓN ABAJO (EMA),LA VEGA,MINISTERIO DE AGRICULTURA,EMAP,29.4,22.1,15.0,https://indomet.gob.do/wp-content/uploads/2026/01/temperaturas-extremas-y-precipitaciones-2026x01x24-b.pdf
2026-01-24,028,SAMANÁ,SAMANÁ,COMANDANCIA DE PUERTO DE SAMANÁ,EMCI,30.4,18.3,13.2,https://indomet.gob.do/wp-content/uploads/2026/01/temperaturas-extremas-y-precipitaciones-2026x01x24-b.pdf
2026-01-24,029,ARPT. ARROYO BARRIL,SAMANÁ,INDOMET,EMCI,29.8,21.0,13.0,https://indomet.gob.do/wp-content/uploads/2026/01/temperaturas-extremas-y-precipitaciones-2026x01x24-b.pdf
2026-01-24,030,JARABACOA (EMA),LA VEGA,PROGRAMA MUNDIAL DE ALIMENTO,EMAP,26.4,19.4,13.0,https://indomet.gob.do/wp-content/uploads/2026/01/temperaturas-extremas-y-precipitaciones-2026x01x24-b.pdf
2026-01-24,031,JARABACOA,LA VEGA,INDRHI / MARENA,EMCI,28.0,16.4,11.7,https://indomet.gob.do/wp-content/uploads/2026/01/temperaturas-extremas-y-precipitaciones-2026x01x24-b.pdf
2026-01-24,032,RANCHO ARRIBA,SAN JOSÉ DE OCOA,CENTRO TECNOLÓGICO COMUNITARIO,EMCI,25.9,18.3,11.1,https://indomet.gob.do/wp-content/uploads/2026/01/temperaturas-extremas-y-precipitaciones-2026x01x24-b.pdf
2026-01-24,033,SABANA DE LA MAR,HATO MAYOR,INDOMET,EMCI,28.6,21.2,11.1,https://indomet.gob.do/wp-content/uploads/2026/01/temperaturas-extremas-y-precipitaciones-2026x01x24-b.pdf
2026-01-24,034,SALCEDO,HERMANAS MIRABAL,PROPIEDAD DEL EMPLEADO,EMCI,,,10.8,https://indomet.gob.do/wp-content/uploads/2026/01/temperaturas-extremas-y-precipitaciones-2026x01x24-b.pdf
2026-01-24,035,BONAO,MONSEÑOR NOUEL,MINISTERIO DE AGRICULTURA,EMCV,,,10.4,https://indomet.gob.do/wp-content/uploads/2026/01/temperaturas-extremas-y-precipitaciones-2026x01x24-b.pdf
2026-01-24,036,HONDO VALLE,ELÍAS PIÑA,MINISTERIO DE AGRICULTURA,EMCI,25.0,14.6,9.7,https://indomet.gob.do/wp-content/uploads/2026/01/temperaturas-extremas-y-precipitaciones-2026x01x24-b.pdf
2026-01-24,037,JUMA BEJUCAL,MONSEÑOR NOUEL,IDIAF,EMCV,27.6,21.4,9.2,https://indomet.gob.do/wp-content/uploads/2026/01/temperaturas-extremas-y-precipitaciones-2026x01x24-b.pdf
2026-01-24,038,MICHES (EMA),EL SEIBO,PRIVADA,EMAP,28.4,21.3,8.2,https://indomet.gob.do/wp-content/uploads/2026/01/temperaturas-extremas-y-precipitaciones-2026x01x24-b.pdf
2026-01-24,039,JIMA ABAJO,LA VEGA,INDOMET,EMCI,31.0,18.0,8.0,https://indomet.gob.do/wp-content/uploads/2026/01/temperaturas-extremas-y-precipitaciones-2026x01x24-b.pdf
2026-01-24,040,PALO ÍNDIO,PUERTO PLATA,MINISTERIO DE AGRICULTURA,EMCI,,,7.1,https://indomet.gob.do/wp-content/uploads/2026/01/temperaturas-extremas-y-precipitaciones-2026x01x24-b.pdf
2026-01-24,041,GASPAR HERNÁNDEZ,ESPAILLAT,PROPIEDAD DEL EMPLEADO,EMCI,,,7.0,https://indomet.gob.do/wp-content/uploads/2026/01/temperaturas-extremas-y-precipitaciones-2026x01x24-b.pdf
2026-01-24,042,SAN RAFAEL DEL YUMA,LA ALTAGRACIA,MINISTERIO DE AGRICULTURA,EMCI,30.9,22.0,6.8,https://indomet.gob.do/wp-content/uploads/2026/01/temperaturas-extremas-y-precipitaciones-2026x01x24-b.pdf
2026-01-24,043,LA GUAYIGA (EMA),DISTRITO NACIONAL,PRIVADA,EMAP,,,6.6,https://indomet.gob.do/wp-content/uploads/2026/01/temperaturas-extremas-y-precipitaciones-2026x01x24-b.pdf
2026-01-24,044,CABRERA,MARÍA TRINIDAD SÁNCHEZ,ESCUELA ARÍSTIDES FIALLO CABRAL,EMCI,31.0,23.4,6.4,https://indomet.gob.do/wp-content/uploads/2026/01/temperaturas-extremas-y-precipitaciones-2026x01x24-b.pdf
2026-01-24,045,RÍO SAN JUAN,MARÍA TRINIDAD SÁNCHEZ,HOSP. MPAL. DR. DESIDERIO ACOSTA,EMCV,29.5,21.7,6.2,https://indomet.gob.do/wp-content/uploads/2026/01/temperaturas-extremas-y-precipitaciones-2026x01x24-b.pdf
2026-01-24,046,ARPT. DE LAS AMÉRICAS,SANTO DOMINGO,INDOMET,EMCI,28.5,21.2,5.3,https://indomet.gob.do/wp-content/uploads/2026/01/temperaturas-extremas-y-precipitaciones-2026x01x24-b.pdf
2026-01-24,047,GURABO,SANTIAGO,MINISTERIO DE AGRICULTURA,EMCV,,,4.8,https://indomet.gob.do/wp-content/uploads/2026/01/temperaturas-extremas-y-precipitaciones-2026x01x24-b.pdf
2026-01-24,048,ALTO BANDERA (EMA),LA VEGA,INTEC,EMAP,11.8,7.0,4.8,https://indomet.gob.do/wp-content/uploads/2026/01/temperaturas-extremas-y-precipitaciones-2026x01x24-b.pdf
2026-01-24,049,POLO,BARAHONA,INDOCAFE,EMCI,,17.0,4.7,https://indomet.gob.do/wp-content/uploads/2026/01/temperaturas-extremas-y-precipitaciones-2026x01x24-b.pdf
2026-01-24,050,LUPERÓN,PUERTO PLATA,MINISTERIO DE AGRICULTURA,EMCV,,,4.5,https://indomet.gob.do/wp-content/uploads/2026/01/temperaturas-extremas-y-precipitaciones-2026x01x24-b.pdf
2026-01-24,051,LOS LLANOS,SAN PEDRO DE MACORÍS,MINISTERIO DE AGRICULTURA,EMCI,29.9,20.5,4.0,https://indomet.gob.do/wp-content/uploads/2026/01/temperaturas-extremas-y-precipitaciones-2026x01x24-b.pdf
2026-01-24,052,ARPT. GREGORIO LUPERÓN,PUERTO PLATA,INDOMET,EMCI,28.5,20.5,3.3,https://indomet.gob.do/wp-content/uploads/2026/01/temperaturas-extremas-y-precipitaciones-2026x01x24-b.pdf
2026-01-24,053,VALLE NUEVO (EMA),LA VEGA,MARENA,EMAI,17.7,9.8,2.8,https://indomet.gob.do/wp-content/uploads/2026/01/temperaturas-extremas-y-precipitaciones-2026x01x24-b.pdf
2026-01-24,054,ARPT. DEL CIBAO,SANTIAGO,INDOMET,EMCI,29.5,19.9,2.7,https://indomet.gob.do/wp-content/uploads/2026/01/temperaturas-extremas-y-precipitaciones-2026x01x24-b.pdf
2026-01-24,055,ARPT. DE LA ROMANA,LA ROMANA,INDOMET,EMCI,30.5,20.5,2.6,https://indomet.gob.do/wp-content/uploads/2026/01/temperaturas-extremas-y-precipitaciones-2026x01x24-b.pdf
2026-01-24,056,ARPT. DE PUNTA CANA,LA ALTAGRACIA,INDOMET,EMCI,29.3,22.0,2.6,https://indomet.gob.do/wp-content/uploads/2026/01/temperaturas-extremas-y-precipitaciones-2026x01x24-b.pdf
2026-01-24,057,BUCARA (EMA),SANTIAGO,MINISTERIO DE AGRICULTURA,EMAI,,,2.2,https://indomet.gob.do/wp-content/uploads/2026/01/temperaturas-extremas-y-precipitaciones-2026x01x24-b.pdf
2026-01-24,058,VILLA ISABELA,PUERTO PLATA,MINISTERIO DE AGRICULTURA,EMCV,,,1.8,https://indomet.gob.do/wp-content/uploads/2026/01/temperaturas-extremas-y-precipitaciones-2026x01x24-b.pdf
2026-01-24,059,BAYAGUANA,MONTE PLATA,INDOMET,EMCI,31.0,20.7,1.4,https://indomet.gob.do/wp-content/uploads/2026/01/temperaturas-extremas-y-precipitaciones-2026x01x24-b.pdf
2026-01-24,060,CONSTANZA,LA VEGA,MINISTERIO DE AGRICULTURA,EMCI,24.3,12.7,1.1,https://indomet.gob.do/wp-content/uploads/2026/01/temperaturas-extremas-y-precipitaciones-2026x01x24-b.pdf
2026-01-24,061,SAN JOSÉ DE OCOA,SAN JOSÉ DE OCOA,HOSP. SAN JOSÉ DE OCOA,EMCI,30.1,19.5,1.1,https://indomet.gob.do/wp-content/uploads/2026/01/temperaturas-extremas-y-precipitaciones-2026x01x24-b.pdf
2026-01-24,062,JARDÍN BOTÁNICO SANTIAGO (EMSANTIAGO,,JARDIN BOTANICO SANTIAGO,EMAI,28.5,22.2,1.1,https://indomet.gob.do/wp-content/uploads/2026/01/temperaturas-extremas-y-precipitaciones-2026x01x24-b.pdf
2026-01-24,063,CONSTANZA (EMA),LA VEGA,PROGRAMA MUNDIAL DE ALIMENTO,EMAP,23.3,16.7,0.8,https://indomet.gob.do/wp-content/uploads/2026/01/temperaturas-extremas-y-precipitaciones-2026x01x24-b.pdf
2026-01-24,064,VILLA GONZALES,SANTIAGO,MINISTERIO DE AGRICULTURA,EMCI,,,0.5,https://indomet.gob.do/wp-content/uploads/2026/01/temperaturas-extremas-y-precipitaciones-2026x01x24-b.pdf
2026-01-24,065,ALTAMIRA,PUERTO PLATA,HOSP. MPAL. DE ALTAMIRA,EMCI,28.6,18.5,0.4,https://indomet.gob.do/wp-content/uploads/2026/01/temperaturas-extremas-y-precipitaciones-2026x01x24-b.pdf
2026-01-24,066,SABANA GRANDE DE BOYÁ,MONTE PLATA,MINISTERIO DE AGRICULTURA,EMCV,,,0.3,https://indomet.gob.do/wp-content/uploads/2026/01/temperaturas-extremas-y-precipitaciones-2026x01x24-b.pdf
2026-01-24,067,ANAMUYA (EMA),LA ALTAGRACIA,MINISTERIO DE AGRICULTURA,EMAP,29.7,23.1,0.2,https://indomet.gob.do/wp-content/uploads/2026/01/temperaturas-extremas-y-precipitaciones-2026x01x24-b.pdf
2026-01-24,068,SAJOMA (EMA),SANTIAGO,PLAN SIERRA,EMAI,,,0.2,https://indomet.gob.do/wp-content/uploads/2026/01/temperaturas-extremas-y-precipitaciones-2026x01x24-b.pdf
2026-01-24,069,LA VEGA,LA VEGA,IATESA,EMCI,30.5,21.5,0.1,https://indomet.gob.do/wp-content/uploads/2026/01/temperaturas-extremas-y-precipitaciones-2026x01x24-b.pdf
2026-01-24,070,ARPT. MARÍA MONTEZ,BARAHONA,INDOMET,EMCI,32.0,21.0,0.0,https://indomet.gob.do/wp-content/uploads/2026/01/temperaturas-extremas-y-precipitaciones-2026x01x24-b.pdf
2026-01-24,071,BANI (EMA),PERAVIA,MINISTERIO DE AGRICULTURA,EMAP,30.9,24.9,0.0,https://indomet.gob.do/wp-content/uploads/2026/01/temperaturas-extremas-y-precipitaciones-2026x01x24-b.pdf
2026-01-24,072,BOCA DE MAO (EMA),VALVERDE,MINISTERIO DE AGRICULTURA,EMAP,32.1,22.6,0.0,https://indomet.gob.do/wp-content/uploads/2026/01/temperaturas-extremas-y-precipitaciones-2026x01x24-b.pdf
2026-01-24,073,CABRAL,BARAHONA,MINISTERIO DE AGRICULTURA,EMCV,32.8,22.0,0.0,https://indomet.gob.do/wp-content/uploads/2026/01/temperaturas-extremas-y-precipitaciones-2026x01x24-b.pdf
2026-01-24,074,DAJABÓN,DAJABÓN,INSTITUTO POLITÉCNICO LOYOLA,EMCI,33.2,19.0,0.0,https://indomet.gob.do/wp-content/uploads/2026/01/temperaturas-extremas-y-precipitaciones-2026x01x24-b.pdf
2026-01-24,075,ENRIQUILLO,BARAHONA,MINISTERIO DE AGRICULTURA,EMCV,32.9,22.7,0.0,https://indomet.gob.do/wp-content/uploads/2026/01/temperaturas-extremas-y-precipitaciones-2026x01x24-b.pdf
2026-01-24,076,ESCONDIDO,PERAVIA,MINISTERIO DE AGRICULTURA,EMCV,31.0,24.0,0.0,https://indomet.gob.do/wp-content/uploads/2026/01/temperaturas-extremas-y-precipitaciones-2026x01x24-b.pdf
2026-01-24,077,LAS CANAS (EMA),MONTE CRISTI,PROGRAMA MUNDIAL DE ALIMENTO,EMAP,28.8,22.4,0.0,https://indomet.gob.do/wp-content/uploads/2026/01/temperaturas-extremas-y-precipitaciones-2026x01x24-b.pdf
2026-01-24,078,LAS MATAS DE SANTA CRUZ (EMA,MONTE CRISTI,PROGRAMA MUNDIAL DE ALIMENTO,EMAP,,,0.0,https://indomet.gob.do/wp-content/uploads/2026/01/temperaturas-extremas-y-precipitaciones-2026x01x24-b.pdf
2026-01-24,079,MAO,VALVERDE,INDRHI / MINISTERIO DE AGRICULTURA,EMCV,,,0.0,https://indomet.gob.do/wp-content/uploads/2026/01/temperaturas-extremas-y-precipitaciones-2026x01x24-b.pdf
2026-01-24,080,MONCIÓN (EMA),SANTIAGO RODRÍGUEZ,PROGRAMA MUNDIAL DE ALIMENTO,EMAP,29.2,20.4,0.0,https://indomet.gob.do/wp-content/uploads/2026/01/temperaturas-extremas-y-precipitaciones-2026x01x24-b.pdf
2026-01-24,081,MONTE CRISTI,MONTE CRISTI,INDOMET,EMCI,32.8,22.3,0.0,https://indomet.gob.do/wp-content/uploads/2026/01/temperaturas-extremas-y-precipitaciones-2026x01x24-b.pdf
2026-01-24,082,NAVARRETE,SANTIAGO,MINISTERIO DE AGRICULTURA,EMCV,,,0.0,https://indomet.gob.do/wp-content/uploads/2026/01/temperaturas-extremas-y-precipitaciones-2026x01x24-b.pdf
2026-01-24,083,OLIVARES,PEDERNALES,INDRHI,EMCI,,,0.0,https://indomet.gob.do/wp-content/uploads/2026/01/temperaturas-extremas-y-precipitaciones-2026x01x24-b.pdf
2026-01-24,084,OVIEDO,PEDERNALES,CLÍNICA RURAL OVIEDO,EMCI,31.5,20.5,0.0,https://indomet.gob.do/wp-content/uploads/2026/01/temperaturas-extremas-y-precipitaciones-2026x01x24-b.pdf
2026-01-24,085,PADRE LAS CASAS,AZUA,HOSP. NTRA. SRA. DEL CARMEN,EMCI,32.3,17.0,0.0,https://indomet.gob.do/wp-content/uploads/2026/01/temperaturas-extremas-y-precipitaciones-2026x01x24-b.pdf
2026-01-24,086,PEDERNALES,PEDERNALES,INDRHI,EMCI,,,0.0,https://indomet.gob.do/wp-content/uploads/2026/01/temperaturas-extremas-y-precipitaciones-2026x01x24-b.pdf
2026-01-24,087,PERALTA,AZUA,HOSP. MPAL. DE PERALTA,EMCI,29.9,17.0,0.0,https://indomet.gob.do/wp-content/uploads/2026/01/temperaturas-extremas-y-precipitaciones-2026x01x24-b.pdf
2026-01-24,088,PESCADERIA (EMA),BARAHONA,MINISTERIO DE AGRICULTURA,EMAP,,,0.0,https://indomet.gob.do/wp-content/uploads/2026/01/temperaturas-extremas-y-precipitaciones-2026x01x24-b.pdf
2026-01-24,089,RESTAURACIÓN,DAJABÓN,MINISTERIO DE AGRICULTURA,EMCI,29.1,14.7,0.0,https://indomet.gob.do/wp-content/uploads/2026/01/temperaturas-extremas-y-precipitaciones-2026x01x24-b.pdf
2026-01-24,090,SABANETA (EMA),SANTIAGO RODRÍGUEZ,PROGRAMA MUNDIAL DE ALIMENTO,EMAP,33.4,20.1,0.0,https://indomet.gob.do/wp-content/uploads/2026/01/temperaturas-extremas-y-precipitaciones-2026x01x24-b.pdf
2026-01-24,091,SANTIAGO RODRÍGUEZ,SANTIAGO RODRÍGUEZ,INDOMET,EMCI,34.0,20.2,0.0,https://indomet.gob.do/wp-content/uploads/2026/01/temperaturas-extremas-y-precipitaciones-2026x01x24-b.pdf
2026-01-24,092,TÁBARA ABAJO,AZUA,INDRHI,EMCI,32.0,18.0,0.0,https://indomet.gob.do/wp-content/uploads/2026/01/temperaturas-extremas-y-precipitaciones-2026x01x24-b.pdf
2026-01-24,093,VILLA VASQUEZ (EMA),MONTE CRISTI,JUNTA DE REGANTES,EMAI,,,0.0,https://indomet.gob.do/wp-content/uploads/2026/01/temperaturas-extremas-y-precipitaciones-2026x01x24-b.pdf
2026-01-25,001,MICHES (EMA),EL SEIBO,PRIVADA,EMAP,29.4,21.2,7.0,https://indomet.gob.do/wp-content/uploads/2026/01/temperaturas-extremas-y-precipitaciones-2026x01x25.pdf
2026-01-25,002,ARPT. ARROYO BARRIL,SAMANÁ,INDOMET,EMCI,29.5,22.3,6.5,https://indomet.gob.do/wp-content/uploads/2026/01/temperaturas-extremas-y-precipitaciones-2026x01x25.pdf
2026-01-25,003,VILLA ALTAGRACIA,SAN CRISTÓBAL,ESCUELA JAVIER ANGULO GURIDI,EMCI,,,4.9,https://indomet.gob.do/wp-content/uploads/2026/01/temperaturas-extremas-y-precipitaciones-2026x01x25.pdf
2026-01-25,004,SAMANÁ,SAMANÁ,COMANDANCIA DE PUERTO DE SAMANÁ,EMCI,30.5,18.0,4.4,https://indomet.gob.do/wp-content/uploads/2026/01/temperaturas-extremas-y-precipitaciones-2026x01x25.pdf
2026-01-25,005,POLO,BARAHONA,INDOCAFE,EMCI,,13.2,4.2,https://indomet.gob.do/wp-content/uploads/2026/01/temperaturas-extremas-y-precipitaciones-2026x01x25.pdf
2026-01-25,006,SÁNCHEZ,SAMANÁ,MINISTERIO DE AGRICULTURA,EMCI,29.2,21.0,3.8,https://indomet.gob.do/wp-content/uploads/2026/01/temperaturas-extremas-y-precipitaciones-2026x01x25.pdf
2026-01-25,007,ELÍAS PIÑA,ELÍAS PIÑA,MINISTERIO DE AGRICULTURA,EMCV,,,3.1,https://indomet.gob.do/wp-content/uploads/2026/01/temperaturas-extremas-y-precipitaciones-2026x01x25.pdf
2026-01-25,008,ARPT. DE PUNTA CANA,LA ALTAGRACIA,INDOMET,EMCI,30.7,22.2,1.8,https://indomet.gob.do/wp-content/uploads/2026/01/temperaturas-extremas-y-precipitaciones-2026x01x25.pdf
2026-01-25,009,RÍO SAN JUAN,MARÍA TRINIDAD SÁNCHEZ,HOSP. MPAL. DR. DESIDERIO ACOSTA,EMCV,31.0,21.8,1.4,https://indomet.gob.do/wp-content/uploads/2026/01/temperaturas-extremas-y-precipitaciones-2026x01x25.pdf
2026-01-25,010,HONDO VALLE,ELÍAS PIÑA,MINISTERIO DE AGRICULTURA,EMCI,24.6,14.2,1.3,https://indomet.gob.do/wp-content/uploads/2026/01/temperaturas-extremas-y-precipitaciones-2026x01x25.pdf
2026-01-25,011,ANAMUYA (EMA),LA ALTAGRACIA,MINISTERIO DE AGRICULTURA,EMAP,29.8,22.5,1.2,https://indomet.gob.do/wp-content/uploads/2026/01/temperaturas-extremas-y-precipitaciones-2026x01x25.pdf
2026-01-25,012,BASE AÉREA DE SAN ISIDRO,SANTO DOMINGO,FUERZA AÉREA DOMINICANA,EMCV,30.1,21.0,1.0,https://indomet.gob.do/wp-content/uploads/2026/01/temperaturas-extremas-y-precipitaciones-2026x01x25.pdf
2026-01-25,013,LA VICTORIA,SANTO DOMINGO,CUERPO DE BOMBEROS,EMCI,29.5,21.5,1.0,https://indomet.gob.do/wp-content/uploads/2026/01/temperaturas-extremas-y-precipitaciones-2026x01x25.pdf
2026-01-25,014,ARPT. EL CATEY,SAMANÁ,INDOMET,EMCI,29.5,20.2,0.7,https://indomet.gob.do/wp-content/uploads/2026/01/temperaturas-extremas-y-precipitaciones-2026x01x25.pdf
2026-01-25,015,ALTO BANDERA (EMA),LA VEGA,INTEC,EMAP,,,0.5,https://indomet.gob.do/wp-content/uploads/2026/01/temperaturas-extremas-y-precipitaciones-2026x01x25.pdf
2026-01-25,016,ENSANCHE LA FE (EMA),DISTRITO NACIONAL,PRIVADA,EMAP,,,0.5,https://indomet.gob.do/wp-content/uploads/2026/01/temperaturas-extremas-y-precipitaciones-2026x01x25.pdf
2026-01-25,017,LA AGUSTINA (EMA),DISTRITO NACIONAL,PRIVADA,EMAP,,,0.5,https://indomet.gob.do/wp-content/uploads/2026/01/temperaturas-extremas-y-precipitaciones-2026x01x25.pdf
2026-01-25,018,BELLA VISTA (EMA),DISTRITO NACIONAL,PRIVADA,EMAP,,,0.3,https://indomet.gob.do/wp-content/uploads/2026/01/temperaturas-extremas-y-precipitaciones-2026x01x25.pdf
2026-01-25,019,CABRERA,MARÍA TRINIDAD SÁNCHEZ,ESCUELA ARÍSTIDES FIALLO CABRAL,EMCI,30.6,23.5,0.3,https://indomet.gob.do/wp-content/uploads/2026/01/temperaturas-extremas-y-precipitaciones-2026x01x25.pdf
2026-01-25,020,ARROYO HONDO (EMA),DISTRITO NACIONAL,PRIVADA,EMAP,,,0.3,https://indomet.gob.do/wp-content/uploads/2026/01/temperaturas-extremas-y-precipitaciones-2026x01x25.pdf
2026-01-25,021,RANCHO ARRIBA,SAN JOSÉ DE OCOA,CENTRO TECNOLÓGICO COMUNITARIO,EMCI,26.5,16.1,0.3,https://indomet.gob.do/wp-content/uploads/2026/01/temperaturas-extremas-y-precipitaciones-2026x01x25.pdf
2026-01-25,022,ARPT. LA ISABELA,SANTO DOMINGO,INDOMET,EMCI,30.5,22.0,0.2,https://indomet.gob.do/wp-content/uploads/2026/01/temperaturas-extremas-y-precipitaciones-2026x01x25.pdf
2026-01-25,023,CENTRO DE LOS HEROES (EMA),DISTRITO NACIONAL,MINISTERIO DE ENERGIA Y MINA,EMAP,29.9,24.2,0.2,https://indomet.gob.do/wp-content/uploads/2026/01/temperaturas-extremas-y-precipitaciones-2026x01x25.pdf
2026-01-25,024,LOS JARDINES (EMA),DISTRITO NACIONAL,PRIVADA,EMAP,,,0.2,https://indomet.gob.do/wp-content/uploads/2026/01/temperaturas-extremas-y-precipitaciones-2026x01x25.pdf
2026-01-25,025,ALTAMIRA,PUERTO PLATA,HOSP. MPAL. DE ALTAMIRA,EMCI,30.1,17.5,0.1,https://indomet.gob.do/wp-content/uploads/2026/01/temperaturas-extremas-y-precipitaciones-2026x01x25.pdf
2026-01-25,026,ENRIQUILLO,BARAHONA,MINISTERIO DE AGRICULTURA,EMCV,31.5,22.5,0.1,https://indomet.gob.do/wp-content/uploads/2026/01/temperaturas-extremas-y-precipitaciones-2026x01x25.pdf
2026-01-25,027,LA VEGA,LA VEGA,IATESA,EMCI,31.0,19.5,0.1,https://indomet.gob.do/wp-content/uploads/2026/01/temperaturas-extremas-y-precipitaciones-2026x01x25.pdf
2026-01-25,028,SALCEDO,HERMANAS MIRABAL,PROPIEDAD DEL EMPLEADO,EMCI,,,0.1,https://indomet.gob.do/wp-content/uploads/2026/01/temperaturas-extremas-y-precipitaciones-2026x01x25.pdf
2026-01-25,029,ARPT. DE LA ROMANA,LA ROMANA,INDOMET,EMCI,30.0,22.0,0.0,https://indomet.gob.do/wp-content/uploads/2026/01/temperaturas-extremas-y-precipitaciones-2026x01x25.pdf
2026-01-25,030,ARPT. DE LAS AMÉRICAS,SANTO DOMINGO,INDOMET,EMCI,30.0,21.2,0.0,https://indomet.gob.do/wp-content/uploads/2026/01/temperaturas-extremas-y-precipitaciones-2026x01x25.pdf
2026-01-25,031,ARPT. DEL CIBAO,SANTIAGO,INDOMET,EMCI,30.5,20.0,0.0,https://indomet.gob.do/wp-content/uploads/2026/01/temperaturas-extremas-y-precipitaciones-2026x01x25.pdf
2026-01-25,032,ARPT. GREGORIO LUPERÓN,PUERTO PLATA,INDOMET,EMCI,29.0,21.0,0.0,https://indomet.gob.do/wp-content/uploads/2026/01/temperaturas-extremas-y-precipitaciones-2026x01x25.pdf
2026-01-25,033,ARPT. MARÍA MONTEZ,BARAHONA,INDOMET,EMCI,31.2,22.0,0.0,https://indomet.gob.do/wp-content/uploads/2026/01/temperaturas-extremas-y-precipitaciones-2026x01x25.pdf
2026-01-25,034,ARROYO LORO,SAN JUAN,IDIAF,EMCI,30.7,15.0,0.0,https://indomet.gob.do/wp-content/uploads/2026/01/temperaturas-extremas-y-precipitaciones-2026x01x25.pdf
2026-01-25,035,BANI (EMA),PERAVIA,MINISTERIO DE AGRICULTURA,EMAP,30.2,23.6,0.0,https://indomet.gob.do/wp-content/uploads/2026/01/temperaturas-extremas-y-precipitaciones-2026x01x25.pdf
2026-01-25,036,BAYAGUANA,MONTE PLATA,INDOMET,EMCI,31.4,20.4,0.0,https://indomet.gob.do/wp-content/uploads/2026/01/temperaturas-extremas-y-precipitaciones-2026x01x25.pdf
2026-01-25,037,BOCA DE MAO (EMA),VALVERDE,MINISTERIO DE AGRICULTURA,EMAP,32.8,21.4,0.0,https://indomet.gob.do/wp-content/uploads/2026/01/temperaturas-extremas-y-precipitaciones-2026x01x25.pdf
2026-01-25,038,BUCARA (EMA),SANTIAGO,MINISTERIO DE AGRICULTURA,EMAI,,,0.0,https://indomet.gob.do/wp-content/uploads/2026/01/temperaturas-extremas-y-precipitaciones-2026x01x25.pdf
2026-01-25,039,CABRAL,BARAHONA,MINISTERIO DE AGRICULTURA,EMCV,31.2,20.7,0.0,https://indomet.gob.do/wp-content/uploads/2026/01/temperaturas-extremas-y-precipitaciones-2026x01x25.pdf
2026-01-25,040,CONSTANZA (EMA),LA VEGA,PROGRAMA MUNDIAL DE ALIMENTO,EMAP,23.4,9.3,0.0,https://indomet.gob.do/wp-content/uploads/2026/01/temperaturas-extremas-y-precipitaciones-2026x01x25.pdf
2026-01-25,041,DAJABÓN,DAJABÓN,INSTITUTO POLITÉCNICO LOYOLA,EMCI,34.0,18.8,0.0,https://indomet.gob.do/wp-content/uploads/2026/01/temperaturas-extremas-y-precipitaciones-2026x01x25.pdf
2026-01-25,042,EL FACTOR (EMA),MARÍA TRINIDAD SÁNCHEZ,INTEC,EMAP,30.7,20.7,0.0,https://indomet.gob.do/wp-content/uploads/2026/01/temperaturas-extremas-y-precipitaciones-2026x01x25.pdf
2026-01-25,043,ENSANCHE PARAÍSO (EMA),DISTRITO NACIONAL,PRIVADA,EMAP,,,0.0,https://indomet.gob.do/wp-content/uploads/2026/01/temperaturas-extremas-y-precipitaciones-2026x01x25.pdf
2026-01-25,044,ESCONDIDO,PERAVIA,MINISTERIO DE AGRICULTURA,EMCV,31.0,24.0,0.0,https://indomet.gob.do/wp-content/uploads/2026/01/temperaturas-extremas-y-precipitaciones-2026x01x25.pdf
2026-01-25,045,GASPAR HERNÁNDEZ,ESPAILLAT,PROPIEDAD DEL EMPLEADO,EMCI,,,0.0,https://indomet.gob.do/wp-content/uploads/2026/01/temperaturas-extremas-y-precipitaciones-2026x01x25.pdf
2026-01-25,046,GURABO,SANTIAGO,MINISTERIO DE AGRICULTURA,EMCV,,,0.0,https://indomet.gob.do/wp-content/uploads/2026/01/temperaturas-extremas-y-precipitaciones-2026x01x25.pdf
2026-01-25,047,HATO MAYOR,HATO MAYOR,MINISTERIO DE AGRICULTURA,EMCV,,,0.0,https://indomet.gob.do/wp-content/uploads/2026/01/temperaturas-extremas-y-precipitaciones-2026x01x25.pdf
2026-01-25,048,JARABACOA,LA VEGA,INDRHI / MARENA,EMCI,30.0,12.6,0.0,https://indomet.gob.do/wp-content/uploads/2026/01/temperaturas-extremas-y-precipitaciones-2026x01x25.pdf
2026-01-25,049,JARDÍN BOTÁNICO SANTIAGO (EMSANTIAGO,,JARDIN BOTANICO SANTIAGO,EMAI,30.4,21.6,0.0,https://indomet.gob.do/wp-content/uploads/2026/01/temperaturas-extremas-y-precipitaciones-2026x01x25.pdf
2026-01-25,050,JIMA ABAJO,LA VEGA,INDOMET,EMCI,30.0,18.4,0.0,https://indomet.gob.do/wp-content/uploads/2026/01/temperaturas-extremas-y-precipitaciones-2026x01x25.pdf
2026-01-25,051,JIMANÍ,INDEPENDENCIA,MINISTERIO DE AGRICULTURA,EMCI,33.5,23.0,0.0,https://indomet.gob.do/wp-content/uploads/2026/01/temperaturas-extremas-y-precipitaciones-2026x01x25.pdf
2026-01-25,052,JUMA BEJUCAL,MONSEÑOR NOUEL,IDIAF,EMCV,32.2,19.8,0.0,https://indomet.gob.do/wp-content/uploads/2026/01/temperaturas-extremas-y-precipitaciones-2026x01x25.pdf
2026-01-25,053,LAS CANAS (EMA),MONTE CRISTI,PROGRAMA MUNDIAL DE ALIMENTO,EMAP,28.9,21.6,0.0,https://indomet.gob.do/wp-content/uploads/2026/01/temperaturas-extremas-y-precipitaciones-2026x01x25.pdf
2026-01-25,054,LAS MATAS DE SANTA CRUZ (EMA,MONTE CRISTI,PROGRAMA MUNDIAL DE ALIMENTO,EMAP,,,0.0,https://indomet.gob.do/wp-content/uploads/2026/01/temperaturas-extremas-y-precipitaciones-2026x01x25.pdf
2026-01-25,055,LOS CACICAZGOS (EMA),DISTRITO NACIONAL,PRIVADA,EMAP,,,0.0,https://indomet.gob.do/wp-content/uploads/2026/01/temperaturas-extremas-y-precipitaciones-2026x01x25.pdf
2026-01-25,056,LOS LLANOS,SAN PEDRO DE MACORÍS,MINISTERIO DE AGRICULTURA,EMCI,30.5,20.5,0.0,https://indomet.gob.do/wp-content/uploads/2026/01/temperaturas-extremas-y-precipitaciones-2026x01x25.pdf
2026-01-25,057,MAO,VALVERDE,INDRHI / MINISTERIO DE AGRICULTURA,EMCV,,,0.0,https://indomet.gob.do/wp-content/uploads/2026/01/temperaturas-extremas-y-precipitaciones-2026x01x25.pdf
2026-01-25,058,MONCIÓN (EMA),SANTIAGO RODRÍGUEZ,PROGRAMA MUNDIAL DE ALIMENTO,EMAP,30.2,16.9,0.0,https://indomet.gob.do/wp-content/uploads/2026/01/temperaturas-extremas-y-precipitaciones-2026x01x25.pdf
2026-01-25,059,MONTE CRISTI,MONTE CRISTI,INDOMET,EMCI,31.8,22.0,0.0,https://indomet.gob.do/wp-content/uploads/2026/01/temperaturas-extremas-y-precipitaciones-2026x01x25.pdf
2026-01-25,060,NAVARRETE,SANTIAGO,MINISTERIO DE AGRICULTURA,EMCV,,,0.0,https://indomet.gob.do/wp-content/uploads/2026/01/temperaturas-extremas-y-precipitaciones-2026x01x25.pdf
2026-01-25,061,OLIVARES,PEDERNALES,INDRHI,EMCI,,,0.0,https://indomet.gob.do/wp-content/uploads/2026/01/temperaturas-extremas-y-precipitaciones-2026x01x25.pdf
2026-01-25,062,OVIEDO,PEDERNALES,CLÍNICA RURAL OVIEDO,EMCI,31.0,23.0,0.0,https://indomet.gob.do/wp-content/uploads/2026/01/temperaturas-extremas-y-precipitaciones-2026x01x25.pdf
2026-01-25,063,PADRE LAS CASAS,AZUA,HOSP. NTRA. SRA. DEL CARMEN,EMCI,31.4,14.9,0.0,https://indomet.gob.do/wp-content/uploads/2026/01/temperaturas-extremas-y-precipitaciones-2026x01x25.pdf
2026-01-25,064,PALO ÍNDIO,PUERTO PLATA,MINISTERIO DE AGRICULTURA,EMCI,,,0.0,https://indomet.gob.do/wp-content/uploads/2026/01/temperaturas-extremas-y-precipitaciones-2026x01x25.pdf
2026-01-25,065,PEDERNALES,PEDERNALES,INDRHI,EMCI,,,0.0,https://indomet.gob.do/wp-content/uploads/2026/01/temperaturas-extremas-y-precipitaciones-2026x01x25.pdf
2026-01-25,066,PERALTA,AZUA,HOSP. MPAL. DE PERALTA,EMCI,29.4,16.6,0.0,https://indomet.gob.do/wp-content/uploads/2026/01/temperaturas-extremas-y-precipitaciones-2026x01x25.pdf
2026-01-25,067,PESCADERIA (EMA),BARAHONA,MINISTERIO DE AGRICULTURA,EMAP,,,0.0,https://indomet.gob.do/wp-content/uploads/2026/01/temperaturas-extremas-y-precipitaciones-2026x01x25.pdf
2026-01-25,068,EL MILLON (EMA),DISTRITO NACIONAL,PRIVADA,EMAP,,,0.0,https://indomet.gob.do/wp-content/uploads/2026/01/temperaturas-extremas-y-precipitaciones-2026x01x25.pdf
2026-01-25,069,PONTÓN ABAJO (EMA),LA VEGA,MINISTERIO DE AGRICULTURA,EMAP,30.6,20.7,0.0,https://indomet.gob.do/wp-content/uploads/2026/01/temperaturas-extremas-y-precipitaciones-2026x01x25.pdf
2026-01-25,070,PROLONGACION 27 DE FEBRERO,DISTRITO NACIONAL,PRIVADA,EMAP,,,0.0,https://indomet.gob.do/wp-content/uploads/2026/01/temperaturas-extremas-y-precipitaciones-2026x01x25.pdf
2026-01-25,071,RESTAURACIÓN,DAJABÓN,MINISTERIO DE AGRICULTURA,EMCI,28.7,13.9,0.0,https://indomet.gob.do/wp-content/uploads/2026/01/temperaturas-extremas-y-precipitaciones-2026x01x25.pdf
2026-01-25,072,SABANA DE LA MAR,HATO MAYOR,INDOMET,EMCI,29.0,19.4,0.0,https://indomet.gob.do/wp-content/uploads/2026/01/temperaturas-extremas-y-precipitaciones-2026x01x25.pdf
2026-01-25,073,SABANA GRANDE DE BOYÁ,MONTE PLATA,MINISTERIO DE AGRICULTURA,EMCV,,,0.0,https://indomet.gob.do/wp-content/uploads/2026/01/temperaturas-extremas-y-precipitaciones-2026x01x25.pdf
2026-01-25,074,SABANETA (EMA),SANTIAGO RODRÍGUEZ,PROGRAMA MUNDIAL DE ALIMENTO,EMAP,34.2,19.4,0.0,https://indomet.gob.do/wp-content/uploads/2026/01/temperaturas-extremas-y-precipitaciones-2026x01x25.pdf
2026-01-25,075,SAJOMA (EMA),SANTIAGO,PLAN SIERRA,EMAI,,,0.0,https://indomet.gob.do/wp-content/uploads/2026/01/temperaturas-extremas-y-precipitaciones-2026x01x25.pdf
2026-01-25,076,SAN CRISTÓBAL,SAN CRISTÓBAL,INSTITUTO POLITÉCNICO LOYOLA,EMCI,31.0,20.0,0.0,https://indomet.gob.do/wp-content/uploads/2026/01/temperaturas-extremas-y-precipitaciones-2026x01x25.pdf
2026-01-25,077,SAN JOSÉ DE OCOA,SAN JOSÉ DE OCOA,HOSP. SAN JOSÉ DE OCOA,EMCI,30.4,18.3,0.0,https://indomet.gob.do/wp-content/uploads/2026/01/temperaturas-extremas-y-precipitaciones-2026x01x25.pdf
2026-01-25,078,SANTIAGO RODRÍGUEZ,SANTIAGO RODRÍGUEZ,INDOMET,EMCI,33.8,20.0,0.0,https://indomet.gob.do/wp-content/uploads/2026/01/temperaturas-extremas-y-precipitaciones-2026x01x25.pdf
2026-01-25,079,SANTO DOMINGO ESTE,SANTO DOMINGO,INDOMET,EMCI,31.0,23.0,0.0,https://indomet.gob.do/wp-content/uploads/2026/01/temperaturas-extremas-y-precipitaciones-2026x01x25.pdf
2026-01-25,080,TÁBARA ABAJO,AZUA,INDRHI,EMCI,31.5,18.4,0.0,https://indomet.gob.do/wp-content/uploads/2026/01/temperaturas-extremas-y-precipitaciones-2026x01x25.pdf
2026-01-25,081,VALLE NUEVO (EMA),LA VEGA,MARENA,EMAI,18.8,0.2,0.0,https://indomet.gob.do/wp-content/uploads/2026/01/temperaturas-extremas-y-precipitaciones-2026x01x25.pdf
2026-01-25,082,VILLA GONZALES,SANTIAGO,MINISTERIO DE AGRICULTURA,EMCI,,,0.0,https://indomet.gob.do/wp-content/uploads/2026/01/temperaturas-extremas-y-precipitaciones-2026x01x25.pdf
2026-01-25,083,VILLA ISABELA,PUERTO PLATA,MINISTERIO DE AGRICULTURA,EMCV,,,0.0,https://indomet.gob.do/wp-content/uploads/2026/01/temperaturas-extremas-y-precipitaciones-2026x01x25.pdf
2026-01-25,084,VILLA RIVA,DUARTE,HOSP. MPAL. ALICIA DE LEGENDRE,EMCI,30.0,19.5,0.0,https://indomet.gob.do/wp-content/uploads/2026/01/temperaturas-extremas-y-precipitaciones-2026x01x25.pdf
2026-01-25,085,CONSTANZA,LA VEGA,MINISTERIO DE AGRICULTURA,EMCI,20.0,7.8,0.0,https://indomet.gob.do/wp-content/uploads/2026/01/temperaturas-extremas-y-precipitaciones-2026x01x25.pdf
2026-01-26,001,CABRERA,MARÍA TRINIDAD SÁNCHEZ,ESCUELA ARÍSTIDES FIALLO CABRAL,EMCI,30.2,23.5,10.0,https://indomet.gob.do/wp-content/uploads/2026/01/temperaturas-extremas-y-precipitaciones-2026x01x26.pdf
2026-01-26,002,EL FACTOR (EMA),MARÍA TRINIDAD SÁNCHEZ,INTEC,EMAP,,,5.6,https://indomet.gob.do/wp-content/uploads/2026/01/temperaturas-extremas-y-precipitaciones-2026x01x26.pdf
2026-01-26,003,MICHES (EMA),EL SEIBO,PRIVADA,EMAP,29.3,19.8,4.8,https://indomet.gob.do/wp-content/uploads/2026/01/temperaturas-extremas-y-precipitaciones-2026x01x26.pdf
2026-01-26,004,SAN RAFAEL DEL YUMA,LA ALTAGRACIA,MINISTERIO DE AGRICULTURA,EMCI,29.6,20.5,4.7,https://indomet.gob.do/wp-content/uploads/2026/01/temperaturas-extremas-y-precipitaciones-2026x01x26.pdf
2026-01-26,005,ARPT. ARROYO BARRIL,SAMANÁ,INDOMET,EMCI,30.5,20.5,1.2,https://indomet.gob.do/wp-content/uploads/2026/01/temperaturas-extremas-y-precipitaciones-2026x01x26.pdf
2026-01-26,006,LOS JENGIBRES,NAGUA,INDRHI,EMCI,,,1.1,https://indomet.gob.do/wp-content/uploads/2026/01/temperaturas-extremas-y-precipitaciones-2026x01x26.pdf
2026-01-26,007,RÍO SAN JUAN,MARÍA TRINIDAD SÁNCHEZ,HOSP. MPAL. DR. DESIDERIO ACOSTA,EMCV,31.1,20.5,0.8,https://indomet.gob.do/wp-content/uploads/2026/01/temperaturas-extremas-y-precipitaciones-2026x01x26.pdf
2026-01-26,008,POLO,BARAHONA,INDOCAFE,EMCI,,13.5,0.5,https://indomet.gob.do/wp-content/uploads/2026/01/temperaturas-extremas-y-precipitaciones-2026x01x26.pdf
2026-01-26,009,VALLE NUEVO (EMA),LA VEGA,MARENA,EMAI,19.2,2.2,0.2,https://indomet.gob.do/wp-content/uploads/2026/01/temperaturas-extremas-y-precipitaciones-2026x01x26.pdf
2026-01-26,010,BAYAGUANA,MONTE PLATA,INDOMET,EMCI,31.6,19.6,0.1,https://indomet.gob.do/wp-content/uploads/2026/01/temperaturas-extremas-y-precipitaciones-2026x01x26.pdf
2026-01-26,011,ENRIQUILLO,BARAHONA,MINISTERIO DE AGRICULTURA,EMCV,32.0,21.3,0.1,https://indomet.gob.do/wp-content/uploads/2026/01/temperaturas-extremas-y-precipitaciones-2026x01x26.pdf
2026-01-26,012,HONDO VALLE,ELÍAS PIÑA,MINISTERIO DE AGRICULTURA,EMCI,24.1,12.8,0.1,https://indomet.gob.do/wp-content/uploads/2026/01/temperaturas-extremas-y-precipitaciones-2026x01x26.pdf
2026-01-26,013,ALTAMIRA,PUERTO PLATA,HOSP. MPAL. DE ALTAMIRA,EMCI,30.9,17.7,0.0,https://indomet.gob.do/wp-content/uploads/2026/01/temperaturas-extremas-y-precipitaciones-2026x01x26.pdf
2026-01-26,014,ALTO BANDERA (EMA),LA VEGA,INTEC,EMAP,17.2,5.4,0.0,https://indomet.gob.do/wp-content/uploads/2026/01/temperaturas-extremas-y-precipitaciones-2026x01x26.pdf
2026-01-26,015,ANAMUYA (EMA),LA ALTAGRACIA,MINISTERIO DE AGRICULTURA,EMAP,30.4,20.2,0.0,https://indomet.gob.do/wp-content/uploads/2026/01/temperaturas-extremas-y-precipitaciones-2026x01x26.pdf
2026-01-26,016,ARPT. DE LA ROMANA,LA ROMANA,INDOMET,EMCI,29.5,19.5,0.0,https://indomet.gob.do/wp-content/uploads/2026/01/temperaturas-extremas-y-precipitaciones-2026x01x26.pdf
2026-01-26,017,ARPT. DE LAS AMÉRICAS,SANTO DOMINGO,INDOMET,EMCI,30.0,21.0,0.0,https://indomet.gob.do/wp-content/uploads/2026/01/temperaturas-extremas-y-precipitaciones-2026x01x26.pdf
2026-01-26,018,ARPT. DE PUNTA CANA,LA ALTAGRACIA,INDOMET,EMCI,29.5,21.5,0.0,https://indomet.gob.do/wp-content/uploads/2026/01/temperaturas-extremas-y-precipitaciones-2026x01x26.pdf
2026-01-26,019,ARPT. DEL CIBAO,SANTIAGO,INDOMET,EMCI,31.0,20.0,0.0,https://indomet.gob.do/wp-content/uploads/2026/01/temperaturas-extremas-y-precipitaciones-2026x01x26.pdf
2026-01-26,020,ARPT. EL CATEY,SAMANÁ,INDOMET,EMCI,29.4,20.0,0.0,https://indomet.gob.do/wp-content/uploads/2026/01/temperaturas-extremas-y-precipitaciones-2026x01x26.pdf
2026-01-26,021,ARPT. GREGORIO LUPERÓN,PUERTO PLATA,INDOMET,EMCI,30.0,20.4,0.0,https://indomet.gob.do/wp-content/uploads/2026/01/temperaturas-extremas-y-precipitaciones-2026x01x26.pdf
2026-01-26,022,ARPT. LA ISABELA,SANTO DOMINGO,INDOMET,EMCI,31.0,21.8,0.0,https://indomet.gob.do/wp-content/uploads/2026/01/temperaturas-extremas-y-precipitaciones-2026x01x26.pdf
2026-01-26,023,ARPT. MARÍA MONTEZ,BARAHONA,INDOMET,EMCI,31.3,21.5,0.0,https://indomet.gob.do/wp-content/uploads/2026/01/temperaturas-extremas-y-precipitaciones-2026x01x26.pdf
2026-01-26,024,ARROYO HONDO VIEJO (EMA),DISTRITO NACIONAL,PRIVADA,EMAP,,,0.0,https://indomet.gob.do/wp-content/uploads/2026/01/temperaturas-extremas-y-precipitaciones-2026x01x26.pdf
2026-01-26,025,ARROYO LORO,SAN JUAN,IDIAF,EMCI,31.3,16.7,0.0,https://indomet.gob.do/wp-content/uploads/2026/01/temperaturas-extremas-y-precipitaciones-2026x01x26.pdf
2026-01-26,026,BANI (EMA),PERAVIA,MINISTERIO DE AGRICULTURA,EMAP,30.3,20.0,0.0,https://indomet.gob.do/wp-content/uploads/2026/01/temperaturas-extremas-y-precipitaciones-2026x01x26.pdf
2026-01-26,027,BASE AÉREA DE SAN ISIDRO,SANTO DOMINGO,FUERZA AÉREA DOMINICANA,EMCV,31.0,20.0,0.0,https://indomet.gob.do/wp-content/uploads/2026/01/temperaturas-extremas-y-precipitaciones-2026x01x26.pdf
2026-01-26,028,BOCA DE MAO (EMA),VALVERDE,MINISTERIO DE AGRICULTURA,EMAP,33.1,21.5,0.0,https://indomet.gob.do/wp-content/uploads/2026/01/temperaturas-extremas-y-precipitaciones-2026x01x26.pdf
2026-01-26,029,BOHECHÍO,SAN JUAN,MINISTERIO DE AGRICULTURA,EMCV,,,0.0,https://indomet.gob.do/wp-content/uploads/2026/01/temperaturas-extremas-y-precipitaciones-2026x01x26.pdf
2026-01-26,030,BONAO,MONSEÑOR NOUEL,MINISTERIO DE AGRICULTURA,EMCV,,,0.0,https://indomet.gob.do/wp-content/uploads/2026/01/temperaturas-extremas-y-precipitaciones-2026x01x26.pdf
2026-01-26,031,BUCARA (EMA),SANTIAGO,MINISTERIO DE AGRICULTURA,EMAI,,,0.0,https://indomet.gob.do/wp-content/uploads/2026/01/temperaturas-extremas-y-precipitaciones-2026x01x26.pdf
2026-01-26,032,CABRAL,BARAHONA,MINISTERIO DE AGRICULTURA,EMCV,31.9,19.7,0.0,https://indomet.gob.do/wp-content/uploads/2026/01/temperaturas-extremas-y-precipitaciones-2026x01x26.pdf
2026-01-26,033,CENTRO DE LOS HEROES (EMA),DISTRITO NACIONAL,MINISTERIO DE ENERGIA Y MINA,EMAP,29.9,23.4,0.0,https://indomet.gob.do/wp-content/uploads/2026/01/temperaturas-extremas-y-precipitaciones-2026x01x26.pdf
2026-01-26,034,CONSTANZA,LA VEGA,MINISTERIO DE AGRICULTURA,EMCI,25.3,9.5,0.0,https://indomet.gob.do/wp-content/uploads/2026/01/temperaturas-extremas-y-precipitaciones-2026x01x26.pdf
2026-01-26,035,CONSTANZA (EMA),LA VEGA,PROGRAMA MUNDIAL DE ALIMENTO,EMAP,24.1,10.2,0.0,https://indomet.gob.do/wp-content/uploads/2026/01/temperaturas-extremas-y-precipitaciones-2026x01x26.pdf
2026-01-26,036,DAJABÓN,DAJABÓN,INSTITUTO POLITÉCNICO LOYOLA,EMCI,34.3,19.0,0.0,https://indomet.gob.do/wp-content/uploads/2026/01/temperaturas-extremas-y-precipitaciones-2026x01x26.pdf
2026-01-26,037,EL CERCADO,SAN JUAN,MINISTERIO DE AGRICULTURA,EMCV,,,0.0,https://indomet.gob.do/wp-content/uploads/2026/01/temperaturas-extremas-y-precipitaciones-2026x01x26.pdf
2026-01-26,038,EL MILLON (EMA),DISTRITO NACIONAL,PRIVADA,EMAP,,,0.0,https://indomet.gob.do/wp-content/uploads/2026/01/temperaturas-extremas-y-precipitaciones-2026x01x26.pdf
2026-01-26,039,ELÍAS PIÑA,ELÍAS PIÑA,MINISTERIO DE AGRICULTURA,EMCV,,,0.0,https://indomet.gob.do/wp-content/uploads/2026/01/temperaturas-extremas-y-precipitaciones-2026x01x26.pdf
2026-01-26,040,ESCONDIDO,PERAVIA,MINISTERIO DE AGRICULTURA,EMCV,30.0,24.0,0.0,https://indomet.gob.do/wp-content/uploads/2026/01/temperaturas-extremas-y-precipitaciones-2026x01x26.pdf
2026-01-26,041,GASPAR HERNÁNDEZ,ESPAILLAT,PROPIEDAD DEL EMPLEADO,EMCI,,,0.0,https://indomet.gob.do/wp-content/uploads/2026/01/temperaturas-extremas-y-precipitaciones-2026x01x26.pdf
2026-01-26,042,GURABO,SANTIAGO,MINISTERIO DE AGRICULTURA,EMCV,,,0.0,https://indomet.gob.do/wp-content/uploads/2026/01/temperaturas-extremas-y-precipitaciones-2026x01x26.pdf
2026-01-26,043,HATO MAYOR,HATO MAYOR,MINISTERIO DE AGRICULTURA,EMCV,,,0.0,https://indomet.gob.do/wp-content/uploads/2026/01/temperaturas-extremas-y-precipitaciones-2026x01x26.pdf
2026-01-26,044,JARABACOA,LA VEGA,INDRHI / MARENA,EMCI,29.4,13.8,0.0,https://indomet.gob.do/wp-content/uploads/2026/01/temperaturas-extremas-y-precipitaciones-2026x01x26.pdf
2026-01-26,045,JARDÍN BOTÁNICO NACIONAL,DISTRITO NACIONAL,JARDÍN BOTÁNICO NACIONAL,EMCV,30.8,17.6,0.0,https://indomet.gob.do/wp-content/uploads/2026/01/temperaturas-extremas-y-precipitaciones-2026x01x26.pdf
2026-01-26,046,JIMA ABAJO,LA VEGA,INDOMET,EMCI,31.0,18.0,0.0,https://indomet.gob.do/wp-content/uploads/2026/01/temperaturas-extremas-y-precipitaciones-2026x01x26.pdf
2026-01-26,047,JIMANÍ,INDEPENDENCIA,MINISTERIO DE AGRICULTURA,EMCI,33.5,22.5,0.0,https://indomet.gob.do/wp-content/uploads/2026/01/temperaturas-extremas-y-precipitaciones-2026x01x26.pdf
2026-01-26,048,JUMA BEJUCAL,MONSEÑOR NOUEL,IDIAF,EMCV,29.8,17.0,0.0,https://indomet.gob.do/wp-content/uploads/2026/01/temperaturas-extremas-y-precipitaciones-2026x01x26.pdf
2026-01-26,049,LA VEGA,LA VEGA,IATESA,EMCI,31.0,18.8,0.0,https://indomet.gob.do/wp-content/uploads/2026/01/temperaturas-extremas-y-precipitaciones-2026x01x26.pdf
2026-01-26,050,LA VICTORIA,SANTO DOMINGO,CUERPO DE BOMBEROS,EMCI,32.0,19.8,0.0,https://indomet.gob.do/wp-content/uploads/2026/01/temperaturas-extremas-y-precipitaciones-2026x01x26.pdf
2026-01-26,051,LAS CANAS (EMA),MONTE CRISTI,PROGRAMA MUNDIAL DE ALIMENTO,EMAP,29.1,20.8,0.0,https://indomet.gob.do/wp-content/uploads/2026/01/temperaturas-extremas-y-precipitaciones-2026x01x26.pdf
2026-01-26,052,LAS MATAS DE SANTA CRUZ (EMA,MONTE CRISTI,PROGRAMA MUNDIAL DE ALIMENTO,EMAP,,,0.0,https://indomet.gob.do/wp-content/uploads/2026/01/temperaturas-extremas-y-precipitaciones-2026x01x26.pdf
2026-01-26,053,LOS LLANOS,SAN PEDRO DE MACORÍS,MINISTERIO DE AGRICULTURA,EMCI,31.4,19.3,0.0,https://indomet.gob.do/wp-content/uploads/2026/01/temperaturas-extremas-y-precipitaciones-2026x01x26.pdf
2026-01-26,054,LOS TRES CHARCOS (EMA),PEDERNALES,PROPIEDAD DEL VOLUNTARIO,EMAP,,,0.0,https://indomet.gob.do/wp-content/uploads/2026/01/temperaturas-extremas-y-precipitaciones-2026x01x26.pdf
2026-01-26,055,MAO,VALVERDE,INDRHI / MINISTERIO DE AGRICULTURA,EMCV,,,0.0,https://indomet.gob.do/wp-content/uploads/2026/01/temperaturas-extremas-y-precipitaciones-2026x01x26.pdf
2026-01-26,056,MONCIÓN (EMA),SANTIAGO RODRÍGUEZ,PROGRAMA MUNDIAL DE ALIMENTO,EMAP,30.6,18.6,0.0,https://indomet.gob.do/wp-content/uploads/2026/01/temperaturas-extremas-y-precipitaciones-2026x01x26.pdf
2026-01-26,057,MONTE CRISTI,MONTE CRISTI,INDOMET,EMCI,32.9,20.9,0.0,https://indomet.gob.do/wp-content/uploads/2026/01/temperaturas-extremas-y-precipitaciones-2026x01x26.pdf
2026-01-26,058,NAVARRETE,SANTIAGO,MINISTERIO DE AGRICULTURA,EMCV,,,0.0,https://indomet.gob.do/wp-content/uploads/2026/01/temperaturas-extremas-y-precipitaciones-2026x01x26.pdf
2026-01-26,059,OLIVARES,PEDERNALES,INDRHI,EMCI,,,0.0,https://indomet.gob.do/wp-content/uploads/2026/01/temperaturas-extremas-y-precipitaciones-2026x01x26.pdf
2026-01-26,060,OVIEDO,PEDERNALES,CLÍNICA RURAL OVIEDO,EMCI,31.0,20.5,0.0,https://indomet.gob.do/wp-content/uploads/2026/01/temperaturas-extremas-y-precipitaciones-2026x01x26.pdf
2026-01-26,061,PADRE LAS CASAS,AZUA,HOSP. NTRA. SRA. DEL CARMEN,EMCI,31.5,15.5,0.0,https://indomet.gob.do/wp-content/uploads/2026/01/temperaturas-extremas-y-precipitaciones-2026x01x26.pdf
2026-01-26,062,PALO ÍNDIO,PUERTO PLATA,MINISTERIO DE AGRICULTURA,EMCI,,,0.0,https://indomet.gob.do/wp-content/uploads/2026/01/temperaturas-extremas-y-precipitaciones-2026x01x26.pdf
2026-01-26,063,PASO AL MEDIO,SAN PEDRO DE MACORÍS,INDRHI,EMCI,,,0.0,https://indomet.gob.do/wp-content/uploads/2026/01/temperaturas-extremas-y-precipitaciones-2026x01x26.pdf
2026-01-26,064,PEDERNALES,PEDERNALES,INDRHI,EMCI,,,0.0,https://indomet.gob.do/wp-content/uploads/2026/01/temperaturas-extremas-y-precipitaciones-2026x01x26.pdf
2026-01-26,065,PERALTA,AZUA,HOSP. MPAL. DE PERALTA,EMCI,28.9,14.5,0.0,https://indomet.gob.do/wp-content/uploads/2026/01/temperaturas-extremas-y-precipitaciones-2026x01x26.pdf
2026-01-26,066,PESCADERIA (EMA),BARAHONA,MINISTERIO DE AGRICULTURA,EMAP,,,0.0,https://indomet.gob.do/wp-content/uploads/2026/01/temperaturas-extremas-y-precipitaciones-2026x01x26.pdf
2026-01-26,067,PONTÓN ABAJO (EMA),LA VEGA,MINISTERIO DE AGRICULTURA,EMAP,31.5,19.3,0.0,https://indomet.gob.do/wp-content/uploads/2026/01/temperaturas-extremas-y-precipitaciones-2026x01x26.pdf
2026-01-26,068,RANCHO ARRIBA,SAN JOSÉ DE OCOA,CENTRO TECNOLÓGICO COMUNITARIO,EMCI,26.2,14.4,0.0,https://indomet.gob.do/wp-content/uploads/2026/01/temperaturas-extremas-y-precipitaciones-2026x01x26.pdf
2026-01-26,069,RESTAURACIÓN,DAJABÓN,MINISTERIO DE AGRICULTURA,EMCI,29.9,12.1,0.0,https://indomet.gob.do/wp-content/uploads/2026/01/temperaturas-extremas-y-precipitaciones-2026x01x26.pdf
2026-01-26,070,SABANA DE LA MAR,HATO MAYOR,INDOMET,EMCI,29.8,19.0,0.0,https://indomet.gob.do/wp-content/uploads/2026/01/temperaturas-extremas-y-precipitaciones-2026x01x26.pdf
2026-01-26,071,SABANA GRANDE DE BOYÁ,MONTE PLATA,MINISTERIO DE AGRICULTURA,EMCV,,,0.0,https://indomet.gob.do/wp-content/uploads/2026/01/temperaturas-extremas-y-precipitaciones-2026x01x26.pdf
2026-01-26,072,SABANETA (EMA),SANTIAGO RODRÍGUEZ,PROGRAMA MUNDIAL DE ALIMENTO,EMAP,35.1,20.9,0.0,https://indomet.gob.do/wp-content/uploads/2026/01/temperaturas-extremas-y-precipitaciones-2026x01x26.pdf
2026-01-26,073,SAJOMA (EMA),SANTIAGO,PLAN SIERRA,EMAI,,,0.0,https://indomet.gob.do/wp-content/uploads/2026/01/temperaturas-extremas-y-precipitaciones-2026x01x26.pdf
2026-01-26,074,SALCEDO,HERMANAS MIRABAL,PROPIEDAD DEL EMPLEADO,EMCI,,,0.0,https://indomet.gob.do/wp-content/uploads/2026/01/temperaturas-extremas-y-precipitaciones-2026x01x26.pdf
2026-01-26,075,SAMANÁ,SAMANÁ,COMANDANCIA DE PUERTO DE SAMANÁ,EMCI,30.7,17.0,0.0,https://indomet.gob.do/wp-content/uploads/2026/01/temperaturas-extremas-y-precipitaciones-2026x01x26.pdf
2026-01-26,076,SAN CRISTÓBAL,SAN CRISTÓBAL,INSTITUTO POLITÉCNICO LOYOLA,EMCI,30.2,18.0,0.0,https://indomet.gob.do/wp-content/uploads/2026/01/temperaturas-extremas-y-precipitaciones-2026x01x26.pdf
2026-01-26,077,SAN FRANCISCO DE MACORÍS,DUARTE,San Francisco de Macorís (UASD),EMCI,29.5,19.9,0.0,https://indomet.gob.do/wp-content/uploads/2026/01/temperaturas-extremas-y-precipitaciones-2026x01x26.pdf
2026-01-26,078,SAN JOSÉ DE OCOA,SAN JOSÉ DE OCOA,HOSP. SAN JOSÉ DE OCOA,EMCI,30.2,15.2,0.0,https://indomet.gob.do/wp-content/uploads/2026/01/temperaturas-extremas-y-precipitaciones-2026x01x26.pdf
2026-01-26,079,SÁNCHEZ,SAMANÁ,MINISTERIO DE AGRICULTURA,EMCI,29.1,20.4,0.0,https://indomet.gob.do/wp-content/uploads/2026/01/temperaturas-extremas-y-precipitaciones-2026x01x26.pdf
2026-01-26,080,SANTIAGO RODRÍGUEZ,SANTIAGO RODRÍGUEZ,INDOMET,EMCI,34.7,21.0,0.0,https://indomet.gob.do/wp-content/uploads/2026/01/temperaturas-extremas-y-precipitaciones-2026x01x26.pdf
2026-01-26,081,SANTO DOMINGO ESTE,SANTO DOMINGO,INDOMET,EMCI,31.0,22.0,0.0,https://indomet.gob.do/wp-content/uploads/2026/01/temperaturas-extremas-y-precipitaciones-2026x01x26.pdf
2026-01-26,082,TÁBARA ABAJO,AZUA,INDRHI,EMCI,33.0,20.0,0.0,https://indomet.gob.do/wp-content/uploads/2026/01/temperaturas-extremas-y-precipitaciones-2026x01x26.pdf
2026-01-26,083,TAMBORIL,SANTIAGO,MINISTERIO DE AGRICULTURA,EMCV,,,0.0,https://indomet.gob.do/wp-content/uploads/2026/01/temperaturas-extremas-y-precipitaciones-2026x01x26.pdf
2026-01-26,084,TAVERA,SANTIAGO,INDRHI,EMCI,,,0.0,https://indomet.gob.do/wp-content/uploads/2026/01/temperaturas-extremas-y-precipitaciones-2026x01x26.pdf
2026-01-26,085,VILLA ALTAGRACIA,SAN CRISTÓBAL,ESCUELA JAVIER ANGULO GURIDI,EMCI,,,0.0,https://indomet.gob.do/wp-content/uploads/2026/01/temperaturas-extremas-y-precipitaciones-2026x01x26.pdf
2026-01-26,086,VILLA GONZALE (EMA),SANTIAGO,IGLESIA,EMAI,,,0.0,https://indomet.gob.do/wp-content/uploads/2026/01/temperaturas-extremas-y-precipitaciones-2026x01x26.pdf
2026-01-26,087,VILLA GONZALES,SANTIAGO,MINISTERIO DE AGRICULTURA,EMCI,,,0.0,https://indomet.gob.do/wp-content/uploads/2026/01/temperaturas-extremas-y-precipitaciones-2026x01x26.pdf
2026-01-26,088,VILLA ISABELA,PUERTO PLATA,MINISTERIO DE AGRICULTURA,EMCV,,,0.0,https://indomet.gob.do/wp-content/uploads/2026/01/temperaturas-extremas-y-precipitaciones-2026x01x26.pdf
2026-01-26,089,VILLA RIVA,DUARTE,HOSP. MPAL. ALICIA DE LEGENDRE,EMCI,30.5,18.8,0.0,https://indomet.gob.do/wp-content/uploads/2026/01/temperaturas-extremas-y-precipitaciones-2026x01x26.pdf
2026-01-26,090,VILLA VASQUEZ (EMA),MONTE CRISTI,JUNTA DE REGANTES,EMAI,,,0.0,https://indomet.gob.do/wp-content/uploads/2026/01/temperaturas-extremas-y-precipitaciones-2026x01x26.pdf
2026-01-26,091,JARDÍN BOTÁNICO SANTIAGO (EMSANTIAGO,,JARDIN BOTANICO SANTIAGO,EMAI,30.4,17.2,,https://indomet.gob.do/wp-content/uploads/2026/01/temperaturas-extremas-y-precipitaciones-2026x01x26.pdf
2026-01-27,001,MICHES (EMA),EL SEIBO,PRIVADA,EMAP,30.0,19.4,10.8,https://indomet.gob.do/wp-content/uploads/2026/01/temperaturas-extremas-y-precipitaciones-2026x01x27-a.pdf
2026-01-27,002,CABRAL,BARAHONA,MINISTERIO DE AGRICULTURA,EMCV,32.6,19.3,0.5,https://indomet.gob.do/wp-content/uploads/2026/01/temperaturas-extremas-y-precipitaciones-2026x01x27-a.pdf
2026-01-27,003,BUCARA (EMA),SANTIAGO,MINISTERIO DE AGRICULTURA,EMAI,,,0.2,https://indomet.gob.do/wp-content/uploads/2026/01/temperaturas-extremas-y-precipitaciones-2026x01x27-a.pdf
2026-01-27,004,VALLE NUEVO (EMA),LA VEGA,MARENA,EMAI,19.2,-0.5,0.2,https://indomet.gob.do/wp-content/uploads/2026/01/temperaturas-extremas-y-precipitaciones-2026x01x27-a.pdf
2026-01-27,005,HONDO VALLE,ELÍAS PIÑA,MINISTERIO DE AGRICULTURA,EMCI,24.7,13.4,0.1,https://indomet.gob.do/wp-content/uploads/2026/01/temperaturas-extremas-y-precipitaciones-2026x01x27-a.pdf
2026-01-27,006,ALTAMIRA,PUERTO PLATA,HOSP. MPAL. DE ALTAMIRA,EMCI,31.6,17.6,0.0,https://indomet.gob.do/wp-content/uploads/2026/01/temperaturas-extremas-y-precipitaciones-2026x01x27-a.pdf
2026-01-27,007,ALTO BANDERA (EMA),LA VEGA,INTEC,EMAP,14.4,4.0,0.0,https://indomet.gob.do/wp-content/uploads/2026/01/temperaturas-extremas-y-precipitaciones-2026x01x27-a.pdf
2026-01-27,008,ANAMUYA (EMA),LA ALTAGRACIA,MINISTERIO DE AGRICULTURA,EMAP,30.6,19.9,0.0,https://indomet.gob.do/wp-content/uploads/2026/01/temperaturas-extremas-y-precipitaciones-2026x01x27-a.pdf
2026-01-27,009,ARPT. ARROYO BARRIL,SAMANÁ,INDOMET,EMCI,30.3,21.0,0.0,https://indomet.gob.do/wp-content/uploads/2026/01/temperaturas-extremas-y-precipitaciones-2026x01x27-a.pdf
2026-01-27,010,ARPT. DE LA ROMANA,LA ROMANA,INDOMET,EMCI,30.9,18.0,0.0,https://indomet.gob.do/wp-content/uploads/2026/01/temperaturas-extremas-y-precipitaciones-2026x01x27-a.pdf
2026-01-27,011,ARPT. DE LAS AMÉRICAS,SANTO DOMINGO,INDOMET,EMCI,30.0,20.0,0.0,https://indomet.gob.do/wp-content/uploads/2026/01/temperaturas-extremas-y-precipitaciones-2026x01x27-a.pdf
2026-01-27,012,ARPT. DE PUNTA CANA,LA ALTAGRACIA,INDOMET,EMCI,29.8,18.0,0.0,https://indomet.gob.do/wp-content/uploads/2026/01/temperaturas-extremas-y-precipitaciones-2026x01x27-a.pdf
2026-01-27,013,ARPT. DEL CIBAO,SANTIAGO,INDOMET,EMCI,32.0,17.5,0.0,https://indomet.gob.do/wp-content/uploads/2026/01/temperaturas-extremas-y-precipitaciones-2026x01x27-a.pdf
2026-01-27,014,ARPT. EL CATEY,SAMANÁ,INDOMET,EMCI,30.4,19.5,0.0,https://indomet.gob.do/wp-content/uploads/2026/01/temperaturas-extremas-y-precipitaciones-2026x01x27-a.pdf
2026-01-27,015,ARPT. GREGORIO LUPERÓN,PUERTO PLATA,INDOMET,EMCI,29.9,20.0,0.0,https://indomet.gob.do/wp-content/uploads/2026/01/temperaturas-extremas-y-precipitaciones-2026x01x27-a.pdf
2026-01-27,016,ARPT. LA ISABELA,SANTO DOMINGO,INDOMET,EMCI,32.0,19.1,0.0,https://indomet.gob.do/wp-content/uploads/2026/01/temperaturas-extremas-y-precipitaciones-2026x01x27-a.pdf
2026-01-27,017,ARPT. MARÍA MONTEZ,BARAHONA,INDOMET,EMCI,32.0,19.5,0.0,https://indomet.gob.do/wp-content/uploads/2026/01/temperaturas-extremas-y-precipitaciones-2026x01x27-a.pdf
2026-01-27,018,ARROYO LORO,SAN JUAN,IDIAF,EMCI,31.0,16.4,0.0,https://indomet.gob.do/wp-content/uploads/2026/01/temperaturas-extremas-y-precipitaciones-2026x01x27-a.pdf
2026-01-27,019,BANI (EMA),PERAVIA,MINISTERIO DE AGRICULTURA,EMAP,30.6,19.8,0.0,https://indomet.gob.do/wp-content/uploads/2026/01/temperaturas-extremas-y-precipitaciones-2026x01x27-a.pdf
2026-01-27,020,BAYAGUANA,MONTE PLATA,INDOMET,EMCI,32.0,18.0,0.0,https://indomet.gob.do/wp-content/uploads/2026/01/temperaturas-extremas-y-precipitaciones-2026x01x27-a.pdf
2026-01-27,021,BOCA DE MAO (EMA),VALVERDE,MINISTERIO DE AGRICULTURA,EMAP,34.1,20.1,0.0,https://indomet.gob.do/wp-content/uploads/2026/01/temperaturas-extremas-y-precipitaciones-2026x01x27-a.pdf
2026-01-27,022,BONAO,MONSEÑOR NOUEL,MINISTERIO DE AGRICULTURA,EMCV,,,0.0,https://indomet.gob.do/wp-content/uploads/2026/01/temperaturas-extremas-y-precipitaciones-2026x01x27-a.pdf
2026-01-27,023,CABRERA,MARÍA TRINIDAD SÁNCHEZ,ESCUELA ARÍSTIDES FIALLO CABRAL,EMCI,31.0,22.5,0.0,https://indomet.gob.do/wp-content/uploads/2026/01/temperaturas-extremas-y-precipitaciones-2026x01x27-a.pdf
2026-01-27,024,CENTRO DE LOS HEROES (EMA),DISTRITO NACIONAL,MINISTERIO DE ENERGIA Y MINA,EMAP,,,0.0,https://indomet.gob.do/wp-content/uploads/2026/01/temperaturas-extremas-y-precipitaciones-2026x01x27-a.pdf
2026-01-27,025,CONSTANZA,LA VEGA,MINISTERIO DE AGRICULTURA,EMCI,25.7,8.3,0.0,https://indomet.gob.do/wp-content/uploads/2026/01/temperaturas-extremas-y-precipitaciones-2026x01x27-a.pdf
2026-01-27,026,CONSTANZA (EMA),LA VEGA,PROGRAMA MUNDIAL DE ALIMENTO,EMAP,24.7,9.4,0.0,https://indomet.gob.do/wp-content/uploads/2026/01/temperaturas-extremas-y-precipitaciones-2026x01x27-a.pdf
2026-01-27,027,COTUÍ,SÁNCHEZ RAMÍREZ,HOSP. INMACULADA CONCEPCIÓN,EMCV,,,0.0,https://indomet.gob.do/wp-content/uploads/2026/01/temperaturas-extremas-y-precipitaciones-2026x01x27-a.pdf
2026-01-27,028,DAJABÓN,DAJABÓN,INSTITUTO POLITÉCNICO LOYOLA,EMCI,34.5,19.1,0.0,https://indomet.gob.do/wp-content/uploads/2026/01/temperaturas-extremas-y-precipitaciones-2026x01x27-a.pdf
2026-01-27,029,EL CERCADO,SAN JUAN,MINISTERIO DE AGRICULTURA,EMCV,,,0.0,https://indomet.gob.do/wp-content/uploads/2026/01/temperaturas-extremas-y-precipitaciones-2026x01x27-a.pdf
2026-01-27,030,EL FACTOR (EMA),MARÍA TRINIDAD SÁNCHEZ,INTEC,EMAP,32.2,18.9,0.0,https://indomet.gob.do/wp-content/uploads/2026/01/temperaturas-extremas-y-precipitaciones-2026x01x27-a.pdf
2026-01-27,031,ELÍAS PIÑA,ELÍAS PIÑA,MINISTERIO DE AGRICULTURA,EMCV,,,0.0,https://indomet.gob.do/wp-content/uploads/2026/01/temperaturas-extremas-y-precipitaciones-2026x01x27-a.pdf
2026-01-27,032,ENRIQUILLO,BARAHONA,MINISTERIO DE AGRICULTURA,EMCV,33.0,20.5,0.0,https://indomet.gob.do/wp-content/uploads/2026/01/temperaturas-extremas-y-precipitaciones-2026x01x27-a.pdf
2026-01-27,033,GASPAR HERNÁNDEZ,ESPAILLAT,PROPIEDAD DEL EMPLEADO,EMCI,,,0.0,https://indomet.gob.do/wp-content/uploads/2026/01/temperaturas-extremas-y-precipitaciones-2026x01x27-a.pdf
2026-01-27,034,GURABO,SANTIAGO,MINISTERIO DE AGRICULTURA,EMCV,,,0.0,https://indomet.gob.do/wp-content/uploads/2026/01/temperaturas-extremas-y-precipitaciones-2026x01x27-a.pdf
2026-01-27,035,HATO MAYOR,HATO MAYOR,MINISTERIO DE AGRICULTURA,EMCV,,,0.0,https://indomet.gob.do/wp-content/uploads/2026/01/temperaturas-extremas-y-precipitaciones-2026x01x27-a.pdf
2026-01-27,036,JARABACOA,LA VEGA,INDRHI / MARENA,EMCI,30.0,13.2,0.0,https://indomet.gob.do/wp-content/uploads/2026/01/temperaturas-extremas-y-precipitaciones-2026x01x27-a.pdf
2026-01-27,037,JARABACOA (EMA),LA VEGA,PROGRAMA MUNDIAL DE ALIMENTO,EMAP,28.0,15.5,0.0,https://indomet.gob.do/wp-content/uploads/2026/01/temperaturas-extremas-y-precipitaciones-2026x01x27-a.pdf
2026-01-27,038,JARDÍN BOTÁNICO NACIONAL,DISTRITO NACIONAL,JARDÍN BOTÁNICO NACIONAL,EMCV,31.2,19.1,0.0,https://indomet.gob.do/wp-content/uploads/2026/01/temperaturas-extremas-y-precipitaciones-2026x01x27-a.pdf
2026-01-27,039,JIMANÍ,INDEPENDENCIA,MINISTERIO DE AGRICULTURA,EMCI,33.8,21.5,0.0,https://indomet.gob.do/wp-content/uploads/2026/01/temperaturas-extremas-y-precipitaciones-2026x01x27-a.pdf
2026-01-27,040,JUMA BEJUCAL,MONSEÑOR NOUEL,IDIAF,EMCV,31.4,17.6,0.0,https://indomet.gob.do/wp-content/uploads/2026/01/temperaturas-extremas-y-precipitaciones-2026x01x27-a.pdf
2026-01-27,041,LA VEGA,LA VEGA,IATESA,EMCI,32.0,19.5,0.0,https://indomet.gob.do/wp-content/uploads/2026/01/temperaturas-extremas-y-precipitaciones-2026x01x27-a.pdf
2026-01-27,042,LA VICTORIA,SANTO DOMINGO,CUERPO DE BOMBEROS,EMCI,32.8,20.0,0.0,https://indomet.gob.do/wp-content/uploads/2026/01/temperaturas-extremas-y-precipitaciones-2026x01x27-a.pdf
2026-01-27,043,LAS CANAS (EMA),MONTE CRISTI,PROGRAMA MUNDIAL DE ALIMENTO,EMAP,29.1,20.9,0.0,https://indomet.gob.do/wp-content/uploads/2026/01/temperaturas-extremas-y-precipitaciones-2026x01x27-a.pdf
2026-01-27,044,LAS MATAS DE SANTA CRUZ (EMA,MONTE CRISTI,PROGRAMA MUNDIAL DE ALIMENTO,EMAP,,,0.0,https://indomet.gob.do/wp-content/uploads/2026/01/temperaturas-extremas-y-precipitaciones-2026x01x27-a.pdf
2026-01-27,045,LOS JENGIBRES,NAGUA,INDRHI,EMCI,,,0.0,https://indomet.gob.do/wp-content/uploads/2026/01/temperaturas-extremas-y-precipitaciones-2026x01x27-a.pdf
2026-01-27,046,LOS LLANOS,SAN PEDRO DE MACORÍS,MINISTERIO DE AGRICULTURA,EMCI,33.4,19.3,0.0,https://indomet.gob.do/wp-content/uploads/2026/01/temperaturas-extremas-y-precipitaciones-2026x01x27-a.pdf
2026-01-27,047,MONCIÓN (EMA),SANTIAGO RODRÍGUEZ,PROGRAMA MUNDIAL DE ALIMENTO,EMAP,30.3,17.4,0.0,https://indomet.gob.do/wp-content/uploads/2026/01/temperaturas-extremas-y-precipitaciones-2026x01x27-a.pdf
2026-01-27,048,MONTE CRISTI,MONTE CRISTI,INDOMET,EMCI,32.5,22.0,0.0,https://indomet.gob.do/wp-content/uploads/2026/01/temperaturas-extremas-y-precipitaciones-2026x01x27-a.pdf
2026-01-27,049,OLIVARES,PEDERNALES,INDRHI,EMCI,,,0.0,https://indomet.gob.do/wp-content/uploads/2026/01/temperaturas-extremas-y-precipitaciones-2026x01x27-a.pdf
2026-01-27,050,OVIEDO,PEDERNALES,CLÍNICA RURAL OVIEDO,EMCI,30.5,19.5,0.0,https://indomet.gob.do/wp-content/uploads/2026/01/temperaturas-extremas-y-precipitaciones-2026x01x27-a.pdf
2026-01-27,051,PADRE LAS CASAS,AZUA,HOSP. NTRA. SRA. DEL CARMEN,EMCI,32.5,16.0,0.0,https://indomet.gob.do/wp-content/uploads/2026/01/temperaturas-extremas-y-precipitaciones-2026x01x27-a.pdf
2026-01-27,052,PALO ÍNDIO,PUERTO PLATA,MINISTERIO DE AGRICULTURA,EMCI,,,0.0,https://indomet.gob.do/wp-content/uploads/2026/01/temperaturas-extremas-y-precipitaciones-2026x01x27-a.pdf
2026-01-27,053,PASO AL MEDIO,SAN PEDRO DE MACORÍS,INDRHI,EMCI,,,0.0,https://indomet.gob.do/wp-content/uploads/2026/01/temperaturas-extremas-y-precipitaciones-2026x01x27-a.pdf
2026-01-27,054,PEDERNALES,PEDERNALES,INDRHI,EMCI,,,0.0,https://indomet.gob.do/wp-content/uploads/2026/01/temperaturas-extremas-y-precipitaciones-2026x01x27-a.pdf
2026-01-27,055,PERALTA,AZUA,HOSP. MPAL. DE PERALTA,EMCI,29.2,14.6,0.0,https://indomet.gob.do/wp-content/uploads/2026/01/temperaturas-extremas-y-precipitaciones-2026x01x27-a.pdf
2026-01-27,056,POLO,BARAHONA,INDOCAFE,EMCI,,13.4,0.0,https://indomet.gob.do/wp-content/uploads/2026/01/temperaturas-extremas-y-precipitaciones-2026x01x27-a.pdf
2026-01-27,057,PONTÓN ABAJO (EMA),LA VEGA,MINISTERIO DE AGRICULTURA,EMAP,32.7,20.4,0.0,https://indomet.gob.do/wp-content/uploads/2026/01/temperaturas-extremas-y-precipitaciones-2026x01x27-a.pdf
2026-01-27,058,RANCHO ARRIBA,SAN JOSÉ DE OCOA,CENTRO TECNOLÓGICO COMUNITARIO,EMCI,27.3,12.5,0.0,https://indomet.gob.do/wp-content/uploads/2026/01/temperaturas-extremas-y-precipitaciones-2026x01x27-a.pdf
2026-01-27,059,RESTAURACIÓN,DAJABÓN,MINISTERIO DE AGRICULTURA,EMCI,28.6,14.1,0.0,https://indomet.gob.do/wp-content/uploads/2026/01/temperaturas-extremas-y-precipitaciones-2026x01x27-a.pdf
2026-01-27,060,RÍO SAN JUAN,MARÍA TRINIDAD SÁNCHEZ,HOSP. MPAL. DR. DESIDERIO ACOSTA,EMCV,32.5,19.3,0.0,https://indomet.gob.do/wp-content/uploads/2026/01/temperaturas-extremas-y-precipitaciones-2026x01x27-a.pdf
2026-01-27,061,SABANA DE LA MAR,HATO MAYOR,INDOMET,EMCI,30.0,18.8,0.0,https://indomet.gob.do/wp-content/uploads/2026/01/temperaturas-extremas-y-precipitaciones-2026x01x27-a.pdf
2026-01-27,062,SABANA GRANDE DE BOYÁ,MONTE PLATA,MINISTERIO DE AGRICULTURA,EMCV,,,0.0,https://indomet.gob.do/wp-content/uploads/2026/01/temperaturas-extremas-y-precipitaciones-2026x01x27-a.pdf
2026-01-27,063,SABANETA (EMA),SANTIAGO RODRÍGUEZ,PROGRAMA MUNDIAL DE ALIMENTO,EMAP,34.8,19.9,0.0,https://indomet.gob.do/wp-content/uploads/2026/01/temperaturas-extremas-y-precipitaciones-2026x01x27-a.pdf
2026-01-27,064,SALCEDO,HERMANAS MIRABAL,PROPIEDAD DEL EMPLEADO,EMCI,,,0.0,https://indomet.gob.do/wp-content/uploads/2026/01/temperaturas-extremas-y-precipitaciones-2026x01x27-a.pdf
2026-01-27,065,SAMANÁ,SAMANÁ,COMANDANCIA DE PUERTO DE SAMANÁ,EMCI,31.4,16.2,0.0,https://indomet.gob.do/wp-content/uploads/2026/01/temperaturas-extremas-y-precipitaciones-2026x01x27-a.pdf
2026-01-27,066,SAN CRISTÓBAL,SAN CRISTÓBAL,INSTITUTO POLITÉCNICO LOYOLA,EMCI,31.2,18.0,0.0,https://indomet.gob.do/wp-content/uploads/2026/01/temperaturas-extremas-y-precipitaciones-2026x01x27-a.pdf
2026-01-27,067,SAN FRANCISCO DE MACORÍS,DUARTE,San Francisco de Macorís (UASD),EMCI,30.6,18.4,0.0,https://indomet.gob.do/wp-content/uploads/2026/01/temperaturas-extremas-y-precipitaciones-2026x01x27-a.pdf
2026-01-27,068,SAN JOSÉ DE OCOA,SAN JOSÉ DE OCOA,HOSP. SAN JOSÉ DE OCOA,EMCI,31.8,16.2,0.0,https://indomet.gob.do/wp-content/uploads/2026/01/temperaturas-extremas-y-precipitaciones-2026x01x27-a.pdf
2026-01-27,069,SÁNCHEZ,SAMANÁ,MINISTERIO DE AGRICULTURA,EMCI,29.5,19.2,0.0,https://indomet.gob.do/wp-content/uploads/2026/01/temperaturas-extremas-y-precipitaciones-2026x01x27-a.pdf
2026-01-27,070,EL MILLON (EMA),DISTRITO NACIONAL,PRIVADA,EMAP,,,0.0,https://indomet.gob.do/wp-content/uploads/2026/01/temperaturas-extremas-y-precipitaciones-2026x01x27-a.pdf
2026-01-27,071,SAJOMA (EMA),SANTIAGO,PLAN SIERRA,EMAI,,,0.0,https://indomet.gob.do/wp-content/uploads/2026/01/temperaturas-extremas-y-precipitaciones-2026x01x27-a.pdf
2026-01-27,072,JARDÍN BOTÁNICO SANTIAGO (EMSANTIAGO,,JARDIN BOTANICO SANTIAGO,EMAI,,,0.0,https://indomet.gob.do/wp-content/uploads/2026/01/temperaturas-extremas-y-precipitaciones-2026x01x27-a.pdf
2026-01-27,073,VILLA VASQUEZ (EMA),MONTE CRISTI,JUNTA DE REGANTES,EMAI,,,0.0,https://indomet.gob.do/wp-content/uploads/2026/01/temperaturas-extremas-y-precipitaciones-2026x01x27-a.pdf
2026-01-27,074,SANTIAGO RODRÍGUEZ,SANTIAGO RODRÍGUEZ,INDOMET,EMCI,35.0,20.0,0.0,https://indomet.gob.do/wp-content/uploads/2026/01/temperaturas-extremas-y-precipitaciones-2026x01x27-a.pdf
2026-01-27,075,SANTO DOMINGO ESTE,SANTO DOMINGO,INDOMET,EMCI,31.0,22.2,0.0,https://indomet.gob.do/wp-content/uploads/2026/01/temperaturas-extremas-y-precipitaciones-2026x01x27-a.pdf
2026-01-27,076,TÁBARA ABAJO,AZUA,INDRHI,EMCI,31.7,20.0,0.0,https://indomet.gob.do/wp-content/uploads/2026/01/temperaturas-extremas-y-precipitaciones-2026x01x27-a.pdf
2026-01-27,077,TAVERA,SANTIAGO,INDRHI,EMCI,,,0.0,https://indomet.gob.do/wp-content/uploads/2026/01/temperaturas-extremas-y-precipitaciones-2026x01x27-a.pdf
2026-01-27,078,VILLA ALTAGRACIA,SAN CRISTÓBAL,ESCUELA JAVIER ANGULO GURIDI,EMCI,,,0.0,https://indomet.gob.do/wp-content/uploads/2026/01/temperaturas-extremas-y-precipitaciones-2026x01x27-a.pdf
2026-01-27,079,VILLA GONZALES,SANTIAGO,MINISTERIO DE AGRICULTURA,EMCI,,,0.0,https://indomet.gob.do/wp-content/uploads/2026/01/temperaturas-extremas-y-precipitaciones-2026x01x27-a.pdf
2026-01-27,080,VILLA RIVA,DUARTE,HOSP. MPAL. ALICIA DE LEGENDRE,EMCI,30.4,19.0,0.0,https://indomet.gob.do/wp-content/uploads/2026/01/temperaturas-extremas-y-precipitaciones-2026x01x27-a.pdf
2026-01-28,001,LUPERÓN,PUERTO PLATA,MINISTERIO DE AGRICULTURA,EMCV,,,16.3,https://indomet.gob.do/wp-content/uploads/2026/01/temperaturas-extremas-y-precipitaciones-2026x01x28-a.pdf
2026-01-28,002,MICHES (EMA),EL SEIBO,PRIVADA,EMAP,29.4,18.8,11.8,https://indomet.gob.do/wp-content/uploads/2026/01/temperaturas-extremas-y-precipitaciones-2026x01x28-a.pdf
2026-01-28,003,BUCARA (EMA),SANTIAGO,MINISTERIO DE AGRICULTURA,EMAI,,,0.2,https://indomet.gob.do/wp-content/uploads/2026/01/temperaturas-extremas-y-precipitaciones-2026x01x28-a.pdf
2026-01-28,004,ALTAMIRA,PUERTO PLATA,HOSP. MPAL. DE ALTAMIRA,EMCI,31.6,18.5,0.0,https://indomet.gob.do/wp-content/uploads/2026/01/temperaturas-extremas-y-precipitaciones-2026x01x28-a.pdf
2026-01-28,005,ALTO BANDERA (EMA),LA VEGA,INTEC,EMAP,15.8,6.1,0.0,https://indomet.gob.do/wp-content/uploads/2026/01/temperaturas-extremas-y-precipitaciones-2026x01x28-a.pdf
2026-01-28,006,ANAMUYA (EMA),LA ALTAGRACIA,MINISTERIO DE AGRICULTURA,EMAP,31.1,18.6,0.0,https://indomet.gob.do/wp-content/uploads/2026/01/temperaturas-extremas-y-precipitaciones-2026x01x28-a.pdf
2026-01-28,007,ARPT. ARROYO BARRIL,SAMANÁ,INDOMET,EMCI,29.9,21.0,0.0,https://indomet.gob.do/wp-content/uploads/2026/01/temperaturas-extremas-y-precipitaciones-2026x01x28-a.pdf
2026-01-28,008,ARPT. DE LA ROMANA,LA ROMANA,INDOMET,EMCI,30.7,18.3,0.0,https://indomet.gob.do/wp-content/uploads/2026/01/temperaturas-extremas-y-precipitaciones-2026x01x28-a.pdf
2026-01-28,009,ARPT. DE LAS AMÉRICAS,SANTO DOMINGO,INDOMET,EMCI,29.5,20.0,0.0,https://indomet.gob.do/wp-content/uploads/2026/01/temperaturas-extremas-y-precipitaciones-2026x01x28-a.pdf
2026-01-28,010,ARPT. DE PUNTA CANA,LA ALTAGRACIA,INDOMET,EMCI,30.0,17.8,0.0,https://indomet.gob.do/wp-content/uploads/2026/01/temperaturas-extremas-y-precipitaciones-2026x01x28-a.pdf
2026-01-28,011,ARPT. DEL CIBAO,SANTIAGO,INDOMET,EMCI,31.0,18.2,0.0,https://indomet.gob.do/wp-content/uploads/2026/01/temperaturas-extremas-y-precipitaciones-2026x01x28-a.pdf
2026-01-28,012,ARPT. EL CATEY,SAMANÁ,INDOMET,EMCI,29.5,19.2,0.0,https://indomet.gob.do/wp-content/uploads/2026/01/temperaturas-extremas-y-precipitaciones-2026x01x28-a.pdf
2026-01-28,013,ARPT. GREGORIO LUPERÓN,PUERTO PLATA,INDOMET,EMCI,30.0,21.5,0.0,https://indomet.gob.do/wp-content/uploads/2026/01/temperaturas-extremas-y-precipitaciones-2026x01x28-a.pdf
2026-01-28,014,ARPT. LA ISABELA,SANTO DOMINGO,INDOMET,EMCI,30.2,17.0,0.0,https://indomet.gob.do/wp-content/uploads/2026/01/temperaturas-extremas-y-precipitaciones-2026x01x28-a.pdf
2026-01-28,015,ARPT. MARÍA MONTEZ,BARAHONA,INDOMET,EMCI,31.1,20.2,0.0,https://indomet.gob.do/wp-content/uploads/2026/01/temperaturas-extremas-y-precipitaciones-2026x01x28-a.pdf
2026-01-28,016,ARROYO LORO,SAN JUAN,IDIAF,EMCI,31.5,15.7,0.0,https://indomet.gob.do/wp-content/uploads/2026/01/temperaturas-extremas-y-precipitaciones-2026x01x28-a.pdf
2026-01-28,017,BANI (EMA),PERAVIA,MINISTERIO DE AGRICULTURA,EMAP,30.2,19.4,0.0,https://indomet.gob.do/wp-content/uploads/2026/01/temperaturas-extremas-y-precipitaciones-2026x01x28-a.pdf
2026-01-28,018,BASE AÉREA DE SAN ISIDRO,SANTO DOMINGO,FUERZA AÉREA DOMINICANA,EMCV,31.5,19.0,0.0,https://indomet.gob.do/wp-content/uploads/2026/01/temperaturas-extremas-y-precipitaciones-2026x01x28-a.pdf
2026-01-28,019,BAYAGUANA,MONTE PLATA,INDOMET,EMCI,31.4,18.0,0.0,https://indomet.gob.do/wp-content/uploads/2026/01/temperaturas-extremas-y-precipitaciones-2026x01x28-a.pdf
2026-01-28,020,BOCA DE MAO (EMA),VALVERDE,MINISTERIO DE AGRICULTURA,EMAP,34.2,20.7,0.0,https://indomet.gob.do/wp-content/uploads/2026/01/temperaturas-extremas-y-precipitaciones-2026x01x28-a.pdf
2026-01-28,021,BONAO,MONSEÑOR NOUEL,MINISTERIO DE AGRICULTURA,EMCV,,,0.0,https://indomet.gob.do/wp-content/uploads/2026/01/temperaturas-extremas-y-precipitaciones-2026x01x28-a.pdf
2026-01-28,022,CABRAL,BARAHONA,MINISTERIO DE AGRICULTURA,EMCV,31.3,18.8,0.0,https://indomet.gob.do/wp-content/uploads/2026/01/temperaturas-extremas-y-precipitaciones-2026x01x28-a.pdf
2026-01-28,023,CABRERA,MARÍA TRINIDAD SÁNCHEZ,ESCUELA ARÍSTIDES FIALLO CABRAL,EMCI,29.5,21.0,0.0,https://indomet.gob.do/wp-content/uploads/2026/01/temperaturas-extremas-y-precipitaciones-2026x01x28-a.pdf
2026-01-28,024,CENTRO DE LOS HEROES (EMA),DISTRITO NACIONAL,MINISTERIO DE ENERGIA Y MINA,EMAP,29.9,22.4,0.0,https://indomet.gob.do/wp-content/uploads/2026/01/temperaturas-extremas-y-precipitaciones-2026x01x28-a.pdf
2026-01-28,025,CONSTANZA,LA VEGA,MINISTERIO DE AGRICULTURA,EMCI,25.5,8.2,0.0,https://indomet.gob.do/wp-content/uploads/2026/01/temperaturas-extremas-y-precipitaciones-2026x01x28-a.pdf
2026-01-28,026,CONSTANZA (EMA),LA VEGA,PROGRAMA MUNDIAL DE ALIMENTO,EMAP,24.5,9.6,0.0,https://indomet.gob.do/wp-content/uploads/2026/01/temperaturas-extremas-y-precipitaciones-2026x01x28-a.pdf
2026-01-28,027,DAJABÓN,DAJABÓN,INSTITUTO POLITÉCNICO LOYOLA,EMCI,34.2,19.0,0.0,https://indomet.gob.do/wp-content/uploads/2026/01/temperaturas-extremas-y-precipitaciones-2026x01x28-a.pdf
2026-01-28,028,EL CERCADO,SAN JUAN,MINISTERIO DE AGRICULTURA,EMCV,,,0.0,https://indomet.gob.do/wp-content/uploads/2026/01/temperaturas-extremas-y-precipitaciones-2026x01x28-a.pdf
2026-01-28,029,EL FACTOR (EMA),MARÍA TRINIDAD SÁNCHEZ,INTEC,EMAP,32.1,19.2,0.0,https://indomet.gob.do/wp-content/uploads/2026/01/temperaturas-extremas-y-precipitaciones-2026x01x28-a.pdf
2026-01-28,030,EL MILLON (EMA),DISTRITO NACIONAL,PRIVADA,EMAP,,,0.0,https://indomet.gob.do/wp-content/uploads/2026/01/temperaturas-extremas-y-precipitaciones-2026x01x28-a.pdf
2026-01-28,031,ELÍAS PIÑA,ELÍAS PIÑA,MINISTERIO DE AGRICULTURA,EMCV,,,0.0,https://indomet.gob.do/wp-content/uploads/2026/01/temperaturas-extremas-y-precipitaciones-2026x01x28-a.pdf
2026-01-28,032,ENRIQUILLO,BARAHONA,MINISTERIO DE AGRICULTURA,EMCV,31.5,19.0,0.0,https://indomet.gob.do/wp-content/uploads/2026/01/temperaturas-extremas-y-precipitaciones-2026x01x28-a.pdf
2026-01-28,033,ESCONDIDO,PERAVIA,MINISTERIO DE AGRICULTURA,EMCV,30.0,20.0,0.0,https://indomet.gob.do/wp-content/uploads/2026/01/temperaturas-extremas-y-precipitaciones-2026x01x28-a.pdf
2026-01-28,034,GASPAR HERNÁNDEZ,ESPAILLAT,PROPIEDAD DEL EMPLEADO,EMCI,,,0.0,https://indomet.gob.do/wp-content/uploads/2026/01/temperaturas-extremas-y-precipitaciones-2026x01x28-a.pdf
2026-01-28,035,GURABO,SANTIAGO,MINISTERIO DE AGRICULTURA,EMCV,,,0.0,https://indomet.gob.do/wp-content/uploads/2026/01/temperaturas-extremas-y-precipitaciones-2026x01x28-a.pdf
2026-01-28,036,HATO MAYOR,HATO MAYOR,MINISTERIO DE AGRICULTURA,EMCV,,,0.0,https://indomet.gob.do/wp-content/uploads/2026/01/temperaturas-extremas-y-precipitaciones-2026x01x28-a.pdf
2026-01-28,037,HONDO VALLE,ELÍAS PIÑA,MINISTERIO DE AGRICULTURA,EMCI,25.1,14.4,0.0,https://indomet.gob.do/wp-content/uploads/2026/01/temperaturas-extremas-y-precipitaciones-2026x01x28-a.pdf
2026-01-28,038,JARABACOA,LA VEGA,INDRHI / MARENA,EMCI,30.4,13.6,0.0,https://indomet.gob.do/wp-content/uploads/2026/01/temperaturas-extremas-y-precipitaciones-2026x01x28-a.pdf
2026-01-28,039,JARDÍN BOTÁNICO NACIONAL,DISTRITO NACIONAL,JARDÍN BOTÁNICO NACIONAL,EMCV,31.4,17.1,0.0,https://indomet.gob.do/wp-content/uploads/2026/01/temperaturas-extremas-y-precipitaciones-2026x01x28-a.pdf
2026-01-28,040,JARDÍN BOTÁNICO SANTIAGO (EMSANTIAGO,,JARDIN BOTANICO SANTIAGO,EMAI,,,0.0,https://indomet.gob.do/wp-content/uploads/2026/01/temperaturas-extremas-y-precipitaciones-2026x01x28-a.pdf
2026-01-28,041,JIMANÍ,INDEPENDENCIA,MINISTERIO DE AGRICULTURA,EMCI,33.4,22.2,0.0,https://indomet.gob.do/wp-content/uploads/2026/01/temperaturas-extremas-y-precipitaciones-2026x01x28-a.pdf
2026-01-28,042,JUMA BEJUCAL,MONSEÑOR NOUEL,IDIAF,EMCV,31.0,16.8,0.0,https://indomet.gob.do/wp-content/uploads/2026/01/temperaturas-extremas-y-precipitaciones-2026x01x28-a.pdf
2026-01-28,043,LA VEGA,LA VEGA,IATESA,EMCI,31.5,22.5,0.0,https://indomet.gob.do/wp-content/uploads/2026/01/temperaturas-extremas-y-precipitaciones-2026x01x28-a.pdf
2026-01-28,044,LA VICTORIA,SANTO DOMINGO,CUERPO DE BOMBEROS,EMCI,31.8,18.5,0.0,https://indomet.gob.do/wp-content/uploads/2026/01/temperaturas-extremas-y-precipitaciones-2026x01x28-a.pdf
2026-01-28,045,LAS CANAS (EMA),MONTE CRISTI,PROGRAMA MUNDIAL DE ALIMENTO,EMAP,27.6,20.3,0.0,https://indomet.gob.do/wp-content/uploads/2026/01/temperaturas-extremas-y-precipitaciones-2026x01x28-a.pdf
2026-01-28,046,LAS MATAS DE SANTA CRUZ,MONTE CRISTI,INDRHI,EMCV,,,0.0,https://indomet.gob.do/wp-content/uploads/2026/01/temperaturas-extremas-y-precipitaciones-2026x01x28-a.pdf
2026-01-28,047,LAS MATAS DE SANTA CRUZ (EMA,MONTE CRISTI,PROGRAMA MUNDIAL DE ALIMENTO,EMAP,,,0.0,https://indomet.gob.do/wp-content/uploads/2026/01/temperaturas-extremas-y-precipitaciones-2026x01x28-a.pdf
2026-01-28,048,LOS LLANOS,SAN PEDRO DE MACORÍS,MINISTERIO DE AGRICULTURA,EMCI,31.5,18.5,0.0,https://indomet.gob.do/wp-content/uploads/2026/01/temperaturas-extremas-y-precipitaciones-2026x01x28-a.pdf
2026-01-28,049,MAO,VALVERDE,INDRHI / MINISTERIO DE AGRICULTURA,EMCV,,,0.0,https://indomet.gob.do/wp-content/uploads/2026/01/temperaturas-extremas-y-precipitaciones-2026x01x28-a.pdf
2026-01-28,050,MONCIÓN (EMA),SANTIAGO RODRÍGUEZ,PROGRAMA MUNDIAL DE ALIMENTO,EMAP,29.8,18.4,0.0,https://indomet.gob.do/wp-content/uploads/2026/01/temperaturas-extremas-y-precipitaciones-2026x01x28-a.pdf
2026-01-28,051,MONTE CRISTI,MONTE CRISTI,INDOMET,EMCI,31.2,21.4,0.0,https://indomet.gob.do/wp-content/uploads/2026/01/temperaturas-extremas-y-precipitaciones-2026x01x28-a.pdf
2026-01-28,052,NAVARRETE,SANTIAGO,MINISTERIO DE AGRICULTURA,EMCV,,,0.0,https://indomet.gob.do/wp-content/uploads/2026/01/temperaturas-extremas-y-precipitaciones-2026x01x28-a.pdf
2026-01-28,053,OLIVARES,PEDERNALES,INDRHI,EMCI,,,0.0,https://indomet.gob.do/wp-content/uploads/2026/01/temperaturas-extremas-y-precipitaciones-2026x01x28-a.pdf
2026-01-28,054,OVIEDO,PEDERNALES,CLÍNICA RURAL OVIEDO,EMCI,31.0,18.0,0.0,https://indomet.gob.do/wp-content/uploads/2026/01/temperaturas-extremas-y-precipitaciones-2026x01x28-a.pdf
2026-01-28,055,PADRE LAS CASAS,AZUA,HOSP. NTRA. SRA. DEL CARMEN,EMCI,31.4,16.0,0.0,https://indomet.gob.do/wp-content/uploads/2026/01/temperaturas-extremas-y-precipitaciones-2026x01x28-a.pdf
2026-01-28,056,PALO ÍNDIO,PUERTO PLATA,MINISTERIO DE AGRICULTURA,EMCI,,,0.0,https://indomet.gob.do/wp-content/uploads/2026/01/temperaturas-extremas-y-precipitaciones-2026x01x28-a.pdf
2026-01-28,057,PEDERNALES,PEDERNALES,INDRHI,EMCI,,,0.0,https://indomet.gob.do/wp-content/uploads/2026/01/temperaturas-extremas-y-precipitaciones-2026x01x28-a.pdf
2026-01-28,058,PERALTA,AZUA,HOSP. MPAL. DE PERALTA,EMCI,28.0,15.0,0.0,https://indomet.gob.do/wp-content/uploads/2026/01/temperaturas-extremas-y-precipitaciones-2026x01x28-a.pdf
2026-01-28,059,PESCADERIA (EMA),BARAHONA,MINISTERIO DE AGRICULTURA,EMAP,,,0.0,https://indomet.gob.do/wp-content/uploads/2026/01/temperaturas-extremas-y-precipitaciones-2026x01x28-a.pdf
2026-01-28,060,POLO,BARAHONA,INDOCAFE,EMCI,,13.0,0.0,https://indomet.gob.do/wp-content/uploads/2026/01/temperaturas-extremas-y-precipitaciones-2026x01x28-a.pdf
2026-01-28,061,PONTÓN ABAJO (EMA),LA VEGA,MINISTERIO DE AGRICULTURA,EMAP,32.2,19.8,0.0,https://indomet.gob.do/wp-content/uploads/2026/01/temperaturas-extremas-y-precipitaciones-2026x01x28-a.pdf
2026-01-28,062,RANCHO ARRIBA,SAN JOSÉ DE OCOA,CENTRO TECNOLÓGICO COMUNITARIO,EMCI,26.6,12.8,0.0,https://indomet.gob.do/wp-content/uploads/2026/01/temperaturas-extremas-y-precipitaciones-2026x01x28-a.pdf
2026-01-28,063,RESTAURACIÓN,DAJABÓN,MINISTERIO DE AGRICULTURA,EMCI,28.4,12.7,0.0,https://indomet.gob.do/wp-content/uploads/2026/01/temperaturas-extremas-y-precipitaciones-2026x01x28-a.pdf
2026-01-28,064,RÍO SAN JUAN,MARÍA TRINIDAD SÁNCHEZ,HOSP. MPAL. DR. DESIDERIO ACOSTA,EMCV,31.3,19.5,0.0,https://indomet.gob.do/wp-content/uploads/2026/01/temperaturas-extremas-y-precipitaciones-2026x01x28-a.pdf
2026-01-28,065,SABANA DE LA MAR,HATO MAYOR,INDOMET,EMCI,31.2,18.5,0.0,https://indomet.gob.do/wp-content/uploads/2026/01/temperaturas-extremas-y-precipitaciones-2026x01x28-a.pdf
2026-01-28,066,SABANA GRANDE DE BOYÁ,MONTE PLATA,MINISTERIO DE AGRICULTURA,EMCV,,,0.0,https://indomet.gob.do/wp-content/uploads/2026/01/temperaturas-extremas-y-precipitaciones-2026x01x28-a.pdf
2026-01-28,067,SABANETA (EMA),SANTIAGO RODRÍGUEZ,PROGRAMA MUNDIAL DE ALIMENTO,EMAP,35.4,21.3,0.0,https://indomet.gob.do/wp-content/uploads/2026/01/temperaturas-extremas-y-precipitaciones-2026x01x28-a.pdf
2026-01-28,068,SAJOMA (EMA),SANTIAGO,PLAN SIERRA,EMAI,,,0.0,https://indomet.gob.do/wp-content/uploads/2026/01/temperaturas-extremas-y-precipitaciones-2026x01x28-a.pdf
2026-01-28,069,SALCEDO,HERMANAS MIRABAL,PROPIEDAD DEL EMPLEADO,EMCI,,,0.0,https://indomet.gob.do/wp-content/uploads/2026/01/temperaturas-extremas-y-precipitaciones-2026x01x28-a.pdf
2026-01-28,070,SAMANÁ,SAMANÁ,COMANDANCIA DE PUERTO DE SAMANÁ,EMCI,31.1,15.5,0.0,https://indomet.gob.do/wp-content/uploads/2026/01/temperaturas-extremas-y-precipitaciones-2026x01x28-a.pdf
2026-01-28,071,SAN CRISTÓBAL,SAN CRISTÓBAL,INSTITUTO POLITÉCNICO LOYOLA,EMCI,30.0,16.2,0.0,https://indomet.gob.do/wp-content/uploads/2026/01/temperaturas-extremas-y-precipitaciones-2026x01x28-a.pdf
2026-01-28,072,SAN FRANCISCO DE MACORÍS,DUARTE,San Francisco de Macorís (UASD),EMCI,31.1,18.7,0.0,https://indomet.gob.do/wp-content/uploads/2026/01/temperaturas-extremas-y-precipitaciones-2026x01x28-a.pdf
2026-01-28,073,SAN JOSÉ DE OCOA,SAN JOSÉ DE OCOA,HOSP. SAN JOSÉ DE OCOA,EMCI,29.5,14.7,0.0,https://indomet.gob.do/wp-content/uploads/2026/01/temperaturas-extremas-y-precipitaciones-2026x01x28-a.pdf
2026-01-28,074,SAN RAFAEL DEL YUMA,LA ALTAGRACIA,MINISTERIO DE AGRICULTURA,EMCI,30.7,19.0,0.0,https://indomet.gob.do/wp-content/uploads/2026/01/temperaturas-extremas-y-precipitaciones-2026x01x28-a.pdf
2026-01-28,075,SÁNCHEZ,SAMANÁ,MINISTERIO DE AGRICULTURA,EMCI,29.4,19.5,0.0,https://indomet.gob.do/wp-content/uploads/2026/01/temperaturas-extremas-y-precipitaciones-2026x01x28-a.pdf
2026-01-28,076,SANTIAGO RODRÍGUEZ,SANTIAGO RODRÍGUEZ,INDOMET,EMCI,34.6,21.0,0.0,https://indomet.gob.do/wp-content/uploads/2026/01/temperaturas-extremas-y-precipitaciones-2026x01x28-a.pdf
2026-01-28,077,SANTO DOMINGO ESTE,SANTO DOMINGO,INDOMET,EMCI,30.5,22.6,0.0,https://indomet.gob.do/wp-content/uploads/2026/01/temperaturas-extremas-y-precipitaciones-2026x01x28-a.pdf
2026-01-28,078,TÁBARA ABAJO,AZUA,INDRHI,EMCI,31.7,19.0,0.0,https://indomet.gob.do/wp-content/uploads/2026/01/temperaturas-extremas-y-precipitaciones-2026x01x28-a.pdf
2026-01-28,079,TAMBORIL,SANTIAGO,MINISTERIO DE AGRICULTURA,EMCV,,,0.0,https://indomet.gob.do/wp-content/uploads/2026/01/temperaturas-extremas-y-precipitaciones-2026x01x28-a.pdf
2026-01-28,080,VALLE NUEVO (EMA),LA VEGA,MARENA,EMAI,18.8,1.6,0.0,https://indomet.gob.do/wp-content/uploads/2026/01/temperaturas-extremas-y-precipitaciones-2026x01x28-a.pdf
2026-01-28,081,VILLA ALTAGRACIA,SAN CRISTÓBAL,ESCUELA JAVIER ANGULO GURIDI,EMCI,,,0.0,https://indomet.gob.do/wp-content/uploads/2026/01/temperaturas-extremas-y-precipitaciones-2026x01x28-a.pdf
2026-01-28,082,VILLA GONZALES,SANTIAGO,MINISTERIO DE AGRICULTURA,EMCI,,,0.0,https://indomet.gob.do/wp-content/uploads/2026/01/temperaturas-extremas-y-precipitaciones-2026x01x28-a.pdf
2026-01-28,083,VILLA ISABELA,PUERTO PLATA,MINISTERIO DE AGRICULTURA,EMCV,,,0.0,https://indomet.gob.do/wp-content/uploads/2026/01/temperaturas-extremas-y-precipitaciones-2026x01x28-a.pdf
2026-01-28,084,VILLA RIVA,DUARTE,HOSP. MPAL. ALICIA DE LEGENDRE,EMCI,29.5,18.2,0.0,https://indomet.gob.do/wp-content/uploads/2026/01/temperaturas-extremas-y-precipitaciones-2026x01x28-a.pdf
2026-01-28,085,VILLA VASQUEZ (EMA),MONTE CRISTI,JUNTA DE REGANTES,EMAI,,,0.0,https://indomet.gob.do/wp-content/uploads/2026/01/temperaturas-extremas-y-precipitaciones-2026x01x28-a.pdf
2026-01-29,001,PALO ÍNDIO,PUERTO PLATA,MINISTERIO DE AGRICULTURA,EMCI,,,165.9,https://indomet.gob.do/wp-content/uploads/2026/01/temperaturas-extremas-y-precipitaciones-2026x01x29-a.pdf
2026-01-29,002,EL SEIBO,EL SEIBO,MINISTERIO DE AGRICULTURA,EMCV,,,78.7,https://indomet.gob.do/wp-content/uploads/2026/01/temperaturas-extremas-y-precipitaciones-2026x01x29-a.pdf
2026-01-29,003,COFRESI (EMA),PUERTO PLATA,PRIVADA,EMAP,,,52.8,https://indomet.gob.do/wp-content/uploads/2026/01/temperaturas-extremas-y-precipitaciones-2026x01x29-a.pdf
2026-01-29,004,LUPERÓN,PUERTO PLATA,MINISTERIO DE AGRICULTURA,EMCV,,,37.0,https://indomet.gob.do/wp-content/uploads/2026/01/temperaturas-extremas-y-precipitaciones-2026x01x29-a.pdf
2026-01-29,005,VILLA ISABELA,PUERTO PLATA,MINISTERIO DE AGRICULTURA,EMCV,,,26.9,https://indomet.gob.do/wp-content/uploads/2026/01/temperaturas-extremas-y-precipitaciones-2026x01x29-a.pdf
2026-01-29,006,ARPT. GREGORIO LUPERÓN,PUERTO PLATA,INDOMET,EMCI,28.2,21.0,20.2,https://indomet.gob.do/wp-content/uploads/2026/01/temperaturas-extremas-y-precipitaciones-2026x01x29-a.pdf
2026-01-29,007,DAJABÓN,DAJABÓN,INSTITUTO POLITÉCNICO LOYOLA,EMCI,33.7,19.5,16.2,https://indomet.gob.do/wp-content/uploads/2026/01/temperaturas-extremas-y-precipitaciones-2026x01x29-a.pdf
2026-01-29,008,SABANA DE LA MAR,HATO MAYOR,INDOMET,EMCI,32.0,19.5,10.7,https://indomet.gob.do/wp-content/uploads/2026/01/temperaturas-extremas-y-precipitaciones-2026x01x29-a.pdf
2026-01-29,009,GASPAR HERNÁNDEZ,ESPAILLAT,PROPIEDAD DEL EMPLEADO,EMCI,,,10.4,https://indomet.gob.do/wp-content/uploads/2026/01/temperaturas-extremas-y-precipitaciones-2026x01x29-a.pdf
2026-01-29,010,ELÍAS PIÑA,ELÍAS PIÑA,MINISTERIO DE AGRICULTURA,EMCV,,,10.0,https://indomet.gob.do/wp-content/uploads/2026/01/temperaturas-extremas-y-precipitaciones-2026x01x29-a.pdf
2026-01-29,011,ARPT. ARROYO BARRIL,SAMANÁ,INDOMET,EMCI,30.4,20.2,8.8,https://indomet.gob.do/wp-content/uploads/2026/01/temperaturas-extremas-y-precipitaciones-2026x01x29-a.pdf
2026-01-29,012,MICHES (EMA),EL SEIBO,PRIVADA,EMAP,28.8,20.6,7.8,https://indomet.gob.do/wp-content/uploads/2026/01/temperaturas-extremas-y-precipitaciones-2026x01x29-a.pdf
2026-01-29,013,SABANA GRANDE DE BOYÁ,MONTE PLATA,MINISTERIO DE AGRICULTURA,EMCV,,,4.6,https://indomet.gob.do/wp-content/uploads/2026/01/temperaturas-extremas-y-precipitaciones-2026x01x29-a.pdf
2026-01-29,014,CABRERA,MARÍA TRINIDAD SÁNCHEZ,ESCUELA ARÍSTIDES FIALLO CABRAL,EMCI,24.0,21.0,3.9,https://indomet.gob.do/wp-content/uploads/2026/01/temperaturas-extremas-y-precipitaciones-2026x01x29-a.pdf
2026-01-29,015,RÍO SAN JUAN,MARÍA TRINIDAD SÁNCHEZ,HOSP. MPAL. DR. DESIDERIO ACOSTA,EMCV,30.2,20.5,3.2,https://indomet.gob.do/wp-content/uploads/2026/01/temperaturas-extremas-y-precipitaciones-2026x01x29-a.pdf
2026-01-29,016,VILLA VASQUEZ (EMA),MONTE CRISTI,JUNTA DE REGANTES,EMAI,,,2.4,https://indomet.gob.do/wp-content/uploads/2026/01/temperaturas-extremas-y-precipitaciones-2026x01x29-a.pdf
2026-01-29,017,EL FACTOR (EMA),MARÍA TRINIDAD SÁNCHEZ,INTEC,EMAP,32.6,19.9,2.0,https://indomet.gob.do/wp-content/uploads/2026/01/temperaturas-extremas-y-precipitaciones-2026x01x29-a.pdf
2026-01-29,018,MONTE CRISTI,MONTE CRISTI,INDOMET,EMCI,31.5,22.0,1.4,https://indomet.gob.do/wp-content/uploads/2026/01/temperaturas-extremas-y-precipitaciones-2026x01x29-a.pdf
2026-01-29,019,HATO MAYOR,HATO MAYOR,MINISTERIO DE AGRICULTURA,EMCV,,,0.8,https://indomet.gob.do/wp-content/uploads/2026/01/temperaturas-extremas-y-precipitaciones-2026x01x29-a.pdf
2026-01-29,020,POLO,BARAHONA,INDOCAFE,EMCI,,12.2,0.6,https://indomet.gob.do/wp-content/uploads/2026/01/temperaturas-extremas-y-precipitaciones-2026x01x29-a.pdf
2026-01-29,021,SAN FRANCISCO DE MACORÍS,DUARTE,San Francisco de Macorís (UASD),EMCI,31.4,19.8,0.6,https://indomet.gob.do/wp-content/uploads/2026/01/temperaturas-extremas-y-precipitaciones-2026x01x29-a.pdf
2026-01-29,022,ALTO BANDERA (EMA),LA VEGA,INTEC,EMAP,15.9,7.6,0.2,https://indomet.gob.do/wp-content/uploads/2026/01/temperaturas-extremas-y-precipitaciones-2026x01x29-a.pdf
2026-01-29,023,VALLE NUEVO (EMA),LA VEGA,MARENA,EMAI,18.3,3.1,0.2,https://indomet.gob.do/wp-content/uploads/2026/01/temperaturas-extremas-y-precipitaciones-2026x01x29-a.pdf
2026-01-29,024,CONSTANZA,LA VEGA,MINISTERIO DE AGRICULTURA,EMCI,25.0,9.2,0.1,https://indomet.gob.do/wp-content/uploads/2026/01/temperaturas-extremas-y-precipitaciones-2026x01x29-a.pdf
2026-01-29,025,OVIEDO,PEDERNALES,CLÍNICA RURAL OVIEDO,EMCI,31.2,18.5,0.1,https://indomet.gob.do/wp-content/uploads/2026/01/temperaturas-extremas-y-precipitaciones-2026x01x29-a.pdf
2026-01-29,026,SAN RAFAEL DEL YUMA,LA ALTAGRACIA,MINISTERIO DE AGRICULTURA,EMCI,30.3,19.0,0.1,https://indomet.gob.do/wp-content/uploads/2026/01/temperaturas-extremas-y-precipitaciones-2026x01x29-a.pdf
2026-01-29,027,SANTIAGO RODRÍGUEZ,SANTIAGO RODRÍGUEZ,INDOMET,EMCI,34.4,21.7,0.1,https://indomet.gob.do/wp-content/uploads/2026/01/temperaturas-extremas-y-precipitaciones-2026x01x29-a.pdf
2026-01-29,028,ALTAMIRA,PUERTO PLATA,HOSP. MPAL. DE ALTAMIRA,EMCI,29.4,18.9,0.0,https://indomet.gob.do/wp-content/uploads/2026/01/temperaturas-extremas-y-precipitaciones-2026x01x29-a.pdf
2026-01-29,029,ANAMUYA (EMA),LA ALTAGRACIA,MINISTERIO DE AGRICULTURA,EMAP,30.7,18.8,0.0,https://indomet.gob.do/wp-content/uploads/2026/01/temperaturas-extremas-y-precipitaciones-2026x01x29-a.pdf
2026-01-29,030,ARPT. DE LA ROMANA,LA ROMANA,INDOMET,EMCI,30.0,16.8,0.0,https://indomet.gob.do/wp-content/uploads/2026/01/temperaturas-extremas-y-precipitaciones-2026x01x29-a.pdf
2026-01-29,031,ARPT. DE LAS AMÉRICAS,SANTO DOMINGO,INDOMET,EMCI,29.5,18.8,0.0,https://indomet.gob.do/wp-content/uploads/2026/01/temperaturas-extremas-y-precipitaciones-2026x01x29-a.pdf
2026-01-29,032,ARPT. DE PUNTA CANA,LA ALTAGRACIA,INDOMET,EMCI,29.4,19.2,0.0,https://indomet.gob.do/wp-content/uploads/2026/01/temperaturas-extremas-y-precipitaciones-2026x01x29-a.pdf
2026-01-29,033,ARPT. DEL CIBAO,SANTIAGO,INDOMET,EMCI,31.2,18.4,0.0,https://indomet.gob.do/wp-content/uploads/2026/01/temperaturas-extremas-y-precipitaciones-2026x01x29-a.pdf
2026-01-29,034,ARPT. EL CATEY,SAMANÁ,INDOMET,EMCI,31.0,19.2,0.0,https://indomet.gob.do/wp-content/uploads/2026/01/temperaturas-extremas-y-precipitaciones-2026x01x29-a.pdf
2026-01-29,035,ARPT. LA ISABELA,SANTO DOMINGO,INDOMET,EMCI,30.7,17.0,0.0,https://indomet.gob.do/wp-content/uploads/2026/01/temperaturas-extremas-y-precipitaciones-2026x01x29-a.pdf
2026-01-29,036,ARPT. MARÍA MONTEZ,BARAHONA,INDOMET,EMCI,30.2,19.2,0.0,https://indomet.gob.do/wp-content/uploads/2026/01/temperaturas-extremas-y-precipitaciones-2026x01x29-a.pdf
2026-01-29,037,ARROYO LORO,SAN JUAN,IDIAF,EMCI,30.7,17.4,0.0,https://indomet.gob.do/wp-content/uploads/2026/01/temperaturas-extremas-y-precipitaciones-2026x01x29-a.pdf
2026-01-29,038,BANI (EMA),PERAVIA,MINISTERIO DE AGRICULTURA,EMAP,,,0.0,https://indomet.gob.do/wp-content/uploads/2026/01/temperaturas-extremas-y-precipitaciones-2026x01x29-a.pdf
2026-01-29,039,BASE AÉREA DE SAN ISIDRO,SANTO DOMINGO,FUERZA AÉREA DOMINICANA,EMCV,31.0,19.5,0.0,https://indomet.gob.do/wp-content/uploads/2026/01/temperaturas-extremas-y-precipitaciones-2026x01x29-a.pdf
2026-01-29,040,BAYAGUANA,MONTE PLATA,INDOMET,EMCI,32.0,17.0,0.0,https://indomet.gob.do/wp-content/uploads/2026/01/temperaturas-extremas-y-precipitaciones-2026x01x29-a.pdf
2026-01-29,041,BOCA DE MAO (EMA),VALVERDE,MINISTERIO DE AGRICULTURA,EMAP,32.9,23.2,0.0,https://indomet.gob.do/wp-content/uploads/2026/01/temperaturas-extremas-y-precipitaciones-2026x01x29-a.pdf
2026-01-29,042,BONAO,MONSEÑOR NOUEL,MINISTERIO DE AGRICULTURA,EMCV,,,0.0,https://indomet.gob.do/wp-content/uploads/2026/01/temperaturas-extremas-y-precipitaciones-2026x01x29-a.pdf
2026-01-29,043,CABRAL,BARAHONA,MINISTERIO DE AGRICULTURA,EMCV,31.2,19.0,0.0,https://indomet.gob.do/wp-content/uploads/2026/01/temperaturas-extremas-y-precipitaciones-2026x01x29-a.pdf
2026-01-29,044,CENTRO DE LOS HEROES (EMA),DISTRITO NACIONAL,MINISTERIO DE ENERGIA Y MINA,EMAP,29.6,23.4,0.0,https://indomet.gob.do/wp-content/uploads/2026/01/temperaturas-extremas-y-precipitaciones-2026x01x29-a.pdf
2026-01-29,045,CONSTANZA (EMA),LA VEGA,PROGRAMA MUNDIAL DE ALIMENTO,EMAP,23.7,13.7,0.0,https://indomet.gob.do/wp-content/uploads/2026/01/temperaturas-extremas-y-precipitaciones-2026x01x29-a.pdf
2026-01-29,046,EL CERCADO,SAN JUAN,MINISTERIO DE AGRICULTURA,EMCV,,,0.0,https://indomet.gob.do/wp-content/uploads/2026/01/temperaturas-extremas-y-precipitaciones-2026x01x29-a.pdf
2026-01-29,047,ENRIQUILLO,BARAHONA,MINISTERIO DE AGRICULTURA,EMCV,33.0,19.3,0.0,https://indomet.gob.do/wp-content/uploads/2026/01/temperaturas-extremas-y-precipitaciones-2026x01x29-a.pdf
2026-01-29,048,GURABO,SANTIAGO,MINISTERIO DE AGRICULTURA,EMCV,,,0.0,https://indomet.gob.do/wp-content/uploads/2026/01/temperaturas-extremas-y-precipitaciones-2026x01x29-a.pdf
2026-01-29,049,HONDO VALLE,ELÍAS PIÑA,MINISTERIO DE AGRICULTURA,EMCI,25.7,15.2,0.0,https://indomet.gob.do/wp-content/uploads/2026/01/temperaturas-extremas-y-precipitaciones-2026x01x29-a.pdf
2026-01-29,050,JARABACOA,LA VEGA,INDRHI / MARENA,EMCI,29.0,13.4,0.0,https://indomet.gob.do/wp-content/uploads/2026/01/temperaturas-extremas-y-precipitaciones-2026x01x29-a.pdf
2026-01-29,051,JARDÍN BOTÁNICO NACIONAL,DISTRITO NACIONAL,JARDÍN BOTÁNICO NACIONAL,EMCV,31.6,16.6,0.0,https://indomet.gob.do/wp-content/uploads/2026/01/temperaturas-extremas-y-precipitaciones-2026x01x29-a.pdf
2026-01-29,052,JIMANÍ,INDEPENDENCIA,MINISTERIO DE AGRICULTURA,EMCI,32.8,21.2,0.0,https://indomet.gob.do/wp-content/uploads/2026/01/temperaturas-extremas-y-precipitaciones-2026x01x29-a.pdf
2026-01-29,053,JUMA BEJUCAL,MONSEÑOR NOUEL,IDIAF,EMCV,31.6,17.4,0.0,https://indomet.gob.do/wp-content/uploads/2026/01/temperaturas-extremas-y-precipitaciones-2026x01x29-a.pdf
2026-01-29,054,LA VEGA,LA VEGA,IATESA,EMCI,31.3,21.0,0.0,https://indomet.gob.do/wp-content/uploads/2026/01/temperaturas-extremas-y-precipitaciones-2026x01x29-a.pdf
2026-01-29,055,LA VICTORIA,SANTO DOMINGO,CUERPO DE BOMBEROS,EMCI,33.0,19.5,0.0,https://indomet.gob.do/wp-content/uploads/2026/01/temperaturas-extremas-y-precipitaciones-2026x01x29-a.pdf
2026-01-29,056,LAS CANAS (EMA),MONTE CRISTI,PROGRAMA MUNDIAL DE ALIMENTO,EMAP,26.7,21.8,0.0,https://indomet.gob.do/wp-content/uploads/2026/01/temperaturas-extremas-y-precipitaciones-2026x01x29-a.pdf
2026-01-29,057,LAS MATAS DE SANTA CRUZ (EMA,MONTE CRISTI,PROGRAMA MUNDIAL DE ALIMENTO,EMAP,,,0.0,https://indomet.gob.do/wp-content/uploads/2026/01/temperaturas-extremas-y-precipitaciones-2026x01x29-a.pdf
2026-01-29,058,LOS LLANOS,SAN PEDRO DE MACORÍS,MINISTERIO DE AGRICULTURA,EMCI,30.8,18.4,0.0,https://indomet.gob.do/wp-content/uploads/2026/01/temperaturas-extremas-y-precipitaciones-2026x01x29-a.pdf
2026-01-29,059,MAO,VALVERDE,INDRHI / MINISTERIO DE AGRICULTURA,EMCV,,,0.0,https://indomet.gob.do/wp-content/uploads/2026/01/temperaturas-extremas-y-precipitaciones-2026x01x29-a.pdf
2026-01-29,060,NAVARRETE,SANTIAGO,MINISTERIO DE AGRICULTURA,EMCV,,,0.0,https://indomet.gob.do/wp-content/uploads/2026/01/temperaturas-extremas-y-precipitaciones-2026x01x29-a.pdf
2026-01-29,061,OLIVARES,PEDERNALES,INDRHI,EMCI,,,0.0,https://indomet.gob.do/wp-content/uploads/2026/01/temperaturas-extremas-y-precipitaciones-2026x01x29-a.pdf
2026-01-29,062,PADRE LAS CASAS,AZUA,HOSP. NTRA. SRA. DEL CARMEN,EMCI,31.0,17.0,0.0,https://indomet.gob.do/wp-content/uploads/2026/01/temperaturas-extremas-y-precipitaciones-2026x01x29-a.pdf
2026-01-29,063,PEDERNALES,PEDERNALES,INDRHI,EMCI,,,0.0,https://indomet.gob.do/wp-content/uploads/2026/01/temperaturas-extremas-y-precipitaciones-2026x01x29-a.pdf
2026-01-29,064,PERALTA,AZUA,HOSP. MPAL. DE PERALTA,EMCI,28.6,16.0,0.0,https://indomet.gob.do/wp-content/uploads/2026/01/temperaturas-extremas-y-precipitaciones-2026x01x29-a.pdf
2026-01-29,065,PONTÓN ABAJO (EMA),LA VEGA,MINISTERIO DE AGRICULTURA,EMAP,31.8,20.9,0.0,https://indomet.gob.do/wp-content/uploads/2026/01/temperaturas-extremas-y-precipitaciones-2026x01x29-a.pdf
2026-01-29,066,RANCHO ARRIBA,SAN JOSÉ DE OCOA,CENTRO TECNOLÓGICO COMUNITARIO,EMCI,26.3,13.5,0.0,https://indomet.gob.do/wp-content/uploads/2026/01/temperaturas-extremas-y-precipitaciones-2026x01x29-a.pdf
2026-01-29,067,SALCEDO,HERMANAS MIRABAL,PROPIEDAD DEL EMPLEADO,EMCI,,,0.0,https://indomet.gob.do/wp-content/uploads/2026/01/temperaturas-extremas-y-precipitaciones-2026x01x29-a.pdf
2026-01-29,068,SAMANÁ,SAMANÁ,COMANDANCIA DE PUERTO DE SAMANÁ,EMCI,31.6,16.5,0.0,https://indomet.gob.do/wp-content/uploads/2026/01/temperaturas-extremas-y-precipitaciones-2026x01x29-a.pdf
2026-01-29,069,SAN CRISTÓBAL,SAN CRISTÓBAL,INSTITUTO POLITÉCNICO LOYOLA,EMCI,30.0,17.0,0.0,https://indomet.gob.do/wp-content/uploads/2026/01/temperaturas-extremas-y-precipitaciones-2026x01x29-a.pdf
2026-01-29,070,SAN JOSÉ DE OCOA,SAN JOSÉ DE OCOA,HOSP. SAN JOSÉ DE OCOA,EMCI,29.1,14.9,0.0,https://indomet.gob.do/wp-content/uploads/2026/01/temperaturas-extremas-y-precipitaciones-2026x01x29-a.pdf
2026-01-29,071,SÁNCHEZ,SAMANÁ,MINISTERIO DE AGRICULTURA,EMCI,30.5,21.3,0.0,https://indomet.gob.do/wp-content/uploads/2026/01/temperaturas-extremas-y-precipitaciones-2026x01x29-a.pdf
2026-01-29,072,JARDÍN BOTÁNICO SANTIAGO (EMSANTIAGO,,JARDIN BOTANICO SANTIAGO,EMAI,31.1,19.8,0.0,https://indomet.gob.do/wp-content/uploads/2026/01/temperaturas-extremas-y-precipitaciones-2026x01x29-a.pdf
2026-01-29,073,BUCARA (EMA),SANTIAGO,MINISTERIO DE AGRICULTURA,EMAI,,,0.0,https://indomet.gob.do/wp-content/uploads/2026/01/temperaturas-extremas-y-precipitaciones-2026x01x29-a.pdf
2026-01-29,074,EL MILLON (EMA),DISTRITO NACIONAL,PRIVADA,EMAP,,,0.0,https://indomet.gob.do/wp-content/uploads/2026/01/temperaturas-extremas-y-precipitaciones-2026x01x29-a.pdf
2026-01-29,075,SANTO DOMINGO ESTE,SANTO DOMINGO,INDOMET,EMCI,30.7,21.5,0.0,https://indomet.gob.do/wp-content/uploads/2026/01/temperaturas-extremas-y-precipitaciones-2026x01x29-a.pdf
2026-01-29,076,TÁBARA ABAJO,AZUA,INDRHI,EMCI,31.0,19.0,0.0,https://indomet.gob.do/wp-content/uploads/2026/01/temperaturas-extremas-y-precipitaciones-2026x01x29-a.pdf
2026-01-29,077,VILLA ALTAGRACIA,SAN CRISTÓBAL,ESCUELA JAVIER ANGULO GURIDI,EMCI,,,0.0,https://indomet.gob.do/wp-content/uploads/2026/01/temperaturas-extremas-y-precipitaciones-2026x01x29-a.pdf
2026-01-29,078,VILLA GONZALES,SANTIAGO,MINISTERIO DE AGRICULTURA,EMCI,,,0.0,https://indomet.gob.do/wp-content/uploads/2026/01/temperaturas-extremas-y-precipitaciones-2026x01x29-a.pdf
2026-01-29,079,VILLA RIVA,DUARTE,HOSP. MPAL. ALICIA DE LEGENDRE,EMCI,30.5,17.7,0.0,https://indomet.gob.do/wp-content/uploads/2026/01/temperaturas-extremas-y-precipitaciones-2026x01x29-a.pdf
2026-01-30,001,ARPT. LA ISABELA,SANTO DOMINGO,INDOMET,EMCI,30.4,18.0,9.8,https://indomet.gob.do/wp-content/uploads/2026/02/temperaturas-extremas-y-precipitaciones-2026x01x30-a.pdf
2026-01-30,002,MICHES (EMA),EL SEIBO,PRIVADA,EMAP,30.2,20.4,5.8,https://indomet.gob.do/wp-content/uploads/2026/02/temperaturas-extremas-y-precipitaciones-2026x01x30-a.pdf
2026-01-30,003,SAN CRISTÓBAL,SAN CRISTÓBAL,INSTITUTO POLITÉCNICO LOYOLA,EMCI,31.0,19.2,2.3,https://indomet.gob.do/wp-content/uploads/2026/02/temperaturas-extremas-y-precipitaciones-2026x01x30-a.pdf
2026-01-30,004,VILLA ALTAGRACIA,SAN CRISTÓBAL,ESCUELA JAVIER ANGULO GURIDI,EMCI,,,1.6,https://indomet.gob.do/wp-content/uploads/2026/02/temperaturas-extremas-y-precipitaciones-2026x01x30-a.pdf
2026-01-30,005,OVIEDO,PEDERNALES,CLÍNICA RURAL OVIEDO,EMCI,31.8,20.0,1.0,https://indomet.gob.do/wp-content/uploads/2026/02/temperaturas-extremas-y-precipitaciones-2026x01x30-a.pdf
2026-01-30,006,EL MILLON (EMA),DISTRITO NACIONAL,PRIVADA,EMAP,,,0.8,https://indomet.gob.do/wp-content/uploads/2026/02/temperaturas-extremas-y-precipitaciones-2026x01x30-a.pdf
2026-01-30,007,BANI (EMA),PERAVIA,MINISTERIO DE AGRICULTURA,EMAP,29.8,21.3,0.6,https://indomet.gob.do/wp-content/uploads/2026/02/temperaturas-extremas-y-precipitaciones-2026x01x30-a.pdf
2026-01-30,008,CENTRO DE LOS HEROES (EMA),DISTRITO NACIONAL,MINISTERIO DE ENERGIA Y MINA,EMAP,,,0.6,https://indomet.gob.do/wp-content/uploads/2026/02/temperaturas-extremas-y-precipitaciones-2026x01x30-a.pdf
2026-01-30,009,ARPT. DE LA ROMANA,LA ROMANA,INDOMET,EMCI,31.0,17.7,0.5,https://indomet.gob.do/wp-content/uploads/2026/02/temperaturas-extremas-y-precipitaciones-2026x01x30-a.pdf
2026-01-30,010,RANCHO ARRIBA,SAN JOSÉ DE OCOA,CENTRO TECNOLÓGICO COMUNITARIO,EMCI,26.8,13.1,0.5,https://indomet.gob.do/wp-content/uploads/2026/02/temperaturas-extremas-y-precipitaciones-2026x01x30-a.pdf
2026-01-30,011,POLO,BARAHONA,INDOCAFE,EMCI,,12.5,0.4,https://indomet.gob.do/wp-content/uploads/2026/02/temperaturas-extremas-y-precipitaciones-2026x01x30-a.pdf
2026-01-30,012,SABANA DE LA MAR,HATO MAYOR,INDOMET,EMCI,31.2,20.0,0.3,https://indomet.gob.do/wp-content/uploads/2026/02/temperaturas-extremas-y-precipitaciones-2026x01x30-a.pdf
2026-01-30,013,CABRAL,BARAHONA,MINISTERIO DE AGRICULTURA,EMCV,30.0,19.4,0.1,https://indomet.gob.do/wp-content/uploads/2026/02/temperaturas-extremas-y-precipitaciones-2026x01x30-a.pdf
2026-01-30,014,ENRIQUILLO,BARAHONA,MINISTERIO DE AGRICULTURA,EMCV,32.5,20.0,0.1,https://indomet.gob.do/wp-content/uploads/2026/02/temperaturas-extremas-y-precipitaciones-2026x01x30-a.pdf
2026-01-30,015,ALTAMIRA,PUERTO PLATA,HOSP. MPAL. DE ALTAMIRA,EMCI,31.2,17.3,0.0,https://indomet.gob.do/wp-content/uploads/2026/02/temperaturas-extremas-y-precipitaciones-2026x01x30-a.pdf
2026-01-30,016,ALTO BANDERA (EMA),LA VEGA,INTEC,EMAP,17.7,5.1,0.0,https://indomet.gob.do/wp-content/uploads/2026/02/temperaturas-extremas-y-precipitaciones-2026x01x30-a.pdf
2026-01-30,017,ANAMUYA (EMA),LA ALTAGRACIA,MINISTERIO DE AGRICULTURA,EMAP,30.8,20.3,0.0,https://indomet.gob.do/wp-content/uploads/2026/02/temperaturas-extremas-y-precipitaciones-2026x01x30-a.pdf
2026-01-30,018,ARPT. ARROYO BARRIL,SAMANÁ,INDOMET,EMCI,30.6,19.4,0.0,https://indomet.gob.do/wp-content/uploads/2026/02/temperaturas-extremas-y-precipitaciones-2026x01x30-a.pdf
2026-01-30,019,ARPT. DE LAS AMÉRICAS,SANTO DOMINGO,INDOMET,EMCI,29.0,19.5,0.0,https://indomet.gob.do/wp-content/uploads/2026/02/temperaturas-extremas-y-precipitaciones-2026x01x30-a.pdf
2026-01-30,020,ARPT. DE PUNTA CANA,LA ALTAGRACIA,INDOMET,EMCI,28.8,17.6,0.0,https://indomet.gob.do/wp-content/uploads/2026/02/temperaturas-extremas-y-precipitaciones-2026x01x30-a.pdf
2026-01-30,021,ARPT. DEL CIBAO,SANTIAGO,INDOMET,EMCI,30.6,20.5,0.0,https://indomet.gob.do/wp-content/uploads/2026/02/temperaturas-extremas-y-precipitaciones-2026x01x30-a.pdf
2026-01-30,022,ARPT. EL CATEY,SAMANÁ,INDOMET,EMCI,31.2,19.0,0.0,https://indomet.gob.do/wp-content/uploads/2026/02/temperaturas-extremas-y-precipitaciones-2026x01x30-a.pdf
2026-01-30,023,ARPT. GREGORIO LUPERÓN,PUERTO PLATA,INDOMET,EMCI,30.6,20.5,0.0,https://indomet.gob.do/wp-content/uploads/2026/02/temperaturas-extremas-y-precipitaciones-2026x01x30-a.pdf
2026-01-30,024,ARPT. MARÍA MONTEZ,BARAHONA,INDOMET,EMCI,29.6,22.5,0.0,https://indomet.gob.do/wp-content/uploads/2026/02/temperaturas-extremas-y-precipitaciones-2026x01x30-a.pdf
2026-01-30,025,ARROYO LORO,SAN JUAN,IDIAF,EMCI,30.8,14.5,0.0,https://indomet.gob.do/wp-content/uploads/2026/02/temperaturas-extremas-y-precipitaciones-2026x01x30-a.pdf
2026-01-30,026,BASE AÉREA DE SAN ISIDRO,SANTO DOMINGO,FUERZA AÉREA DOMINICANA,EMCV,30.5,20.9,0.0,https://indomet.gob.do/wp-content/uploads/2026/02/temperaturas-extremas-y-precipitaciones-2026x01x30-a.pdf
2026-01-30,027,BAYAGUANA,MONTE PLATA,INDOMET,EMCI,30.8,18.0,0.0,https://indomet.gob.do/wp-content/uploads/2026/02/temperaturas-extremas-y-precipitaciones-2026x01x30-a.pdf
2026-01-30,028,BOCA DE MAO (EMA),VALVERDE,MINISTERIO DE AGRICULTURA,EMAP,32.8,17.4,0.0,https://indomet.gob.do/wp-content/uploads/2026/02/temperaturas-extremas-y-precipitaciones-2026x01x30-a.pdf
2026-01-30,029,BONAO,MONSEÑOR NOUEL,MINISTERIO DE AGRICULTURA,EMCV,,,0.0,https://indomet.gob.do/wp-content/uploads/2026/02/temperaturas-extremas-y-precipitaciones-2026x01x30-a.pdf
2026-01-30,030,BUCARA (EMA),SANTIAGO,MINISTERIO DE AGRICULTURA,EMAI,,,0.0,https://indomet.gob.do/wp-content/uploads/2026/02/temperaturas-extremas-y-precipitaciones-2026x01x30-a.pdf
2026-01-30,031,CABRERA,MARÍA TRINIDAD SÁNCHEZ,ESCUELA ARÍSTIDES FIALLO CABRAL,EMCI,30.5,21.0,0.0,https://indomet.gob.do/wp-content/uploads/2026/02/temperaturas-extremas-y-precipitaciones-2026x01x30-a.pdf
2026-01-30,032,CONSTANZA,LA VEGA,MINISTERIO DE AGRICULTURA,EMCI,27.5,10.3,0.0,https://indomet.gob.do/wp-content/uploads/2026/02/temperaturas-extremas-y-precipitaciones-2026x01x30-a.pdf
2026-01-30,033,CONSTANZA (EMA),LA VEGA,PROGRAMA MUNDIAL DE ALIMENTO,EMAP,26.0,7.9,0.0,https://indomet.gob.do/wp-content/uploads/2026/02/temperaturas-extremas-y-precipitaciones-2026x01x30-a.pdf
2026-01-30,034,DAJABÓN,DAJABÓN,INSTITUTO POLITÉCNICO LOYOLA,EMCI,34.3,20.4,0.0,https://indomet.gob.do/wp-content/uploads/2026/02/temperaturas-extremas-y-precipitaciones-2026x01x30-a.pdf
2026-01-30,035,EL FACTOR (EMA),MARÍA TRINIDAD SÁNCHEZ,INTEC,EMAP,32.4,20.7,0.0,https://indomet.gob.do/wp-content/uploads/2026/02/temperaturas-extremas-y-precipitaciones-2026x01x30-a.pdf
2026-01-30,036,ELÍAS PIÑA,ELÍAS PIÑA,MINISTERIO DE AGRICULTURA,EMCV,,,0.0,https://indomet.gob.do/wp-content/uploads/2026/02/temperaturas-extremas-y-precipitaciones-2026x01x30-a.pdf
2026-01-30,037,ESCONDIDO,PERAVIA,MINISTERIO DE AGRICULTURA,EMCV,30.0,21.0,0.0,https://indomet.gob.do/wp-content/uploads/2026/02/temperaturas-extremas-y-precipitaciones-2026x01x30-a.pdf
2026-01-30,038,GASPAR HERNÁNDEZ,ESPAILLAT,PROPIEDAD DEL EMPLEADO,EMCI,,,0.0,https://indomet.gob.do/wp-content/uploads/2026/02/temperaturas-extremas-y-precipitaciones-2026x01x30-a.pdf
2026-01-30,039,GURABO,SANTIAGO,MINISTERIO DE AGRICULTURA,EMCV,,,0.0,https://indomet.gob.do/wp-content/uploads/2026/02/temperaturas-extremas-y-precipitaciones-2026x01x30-a.pdf
2026-01-30,040,HATO MAYOR,HATO MAYOR,MINISTERIO DE AGRICULTURA,EMCV,,,0.0,https://indomet.gob.do/wp-content/uploads/2026/02/temperaturas-extremas-y-precipitaciones-2026x01x30-a.pdf
2026-01-30,041,HONDO VALLE,ELÍAS PIÑA,MINISTERIO DE AGRICULTURA,EMCI,25.1,14.4,0.0,https://indomet.gob.do/wp-content/uploads/2026/02/temperaturas-extremas-y-precipitaciones-2026x01x30-a.pdf
2026-01-30,042,JARABACOA,LA VEGA,INDRHI / MARENA,EMCI,30.2,12.8,0.0,https://indomet.gob.do/wp-content/uploads/2026/02/temperaturas-extremas-y-precipitaciones-2026x01x30-a.pdf
2026-01-30,043,JARDÍN BOTÁNICO SANTIAGO (EMSANTIAGO,,JARDIN BOTANICO SANTIAGO,EMAI,31.2,19.4,0.0,https://indomet.gob.do/wp-content/uploads/2026/02/temperaturas-extremas-y-precipitaciones-2026x01x30-a.pdf
2026-01-30,044,JIMANÍ,INDEPENDENCIA,MINISTERIO DE AGRICULTURA,EMCI,33.2,22.8,0.0,https://indomet.gob.do/wp-content/uploads/2026/02/temperaturas-extremas-y-precipitaciones-2026x01x30-a.pdf
2026-01-30,045,JUMA BEJUCAL,MONSEÑOR NOUEL,IDIAF,EMCV,30.0,20.6,0.0,https://indomet.gob.do/wp-content/uploads/2026/02/temperaturas-extremas-y-precipitaciones-2026x01x30-a.pdf
2026-01-30,046,LA VEGA,LA VEGA,IATESA,EMCI,32.0,17.8,0.0,https://indomet.gob.do/wp-content/uploads/2026/02/temperaturas-extremas-y-precipitaciones-2026x01x30-a.pdf
2026-01-30,047,LA VICTORIA,SANTO DOMINGO,CUERPO DE BOMBEROS,EMCI,32.5,21.5,0.0,https://indomet.gob.do/wp-content/uploads/2026/02/temperaturas-extremas-y-precipitaciones-2026x01x30-a.pdf
2026-01-30,048,LAS CANAS (EMA),MONTE CRISTI,PROGRAMA MUNDIAL DE ALIMENTO,EMAP,26.7,20.6,0.0,https://indomet.gob.do/wp-content/uploads/2026/02/temperaturas-extremas-y-precipitaciones-2026x01x30-a.pdf
2026-01-30,049,LAS MATAS DE SANTA CRUZ (EMA,MONTE CRISTI,PROGRAMA MUNDIAL DE ALIMENTO,EMAP,,,0.0,https://indomet.gob.do/wp-content/uploads/2026/02/temperaturas-extremas-y-precipitaciones-2026x01x30-a.pdf
2026-01-30,050,LOS LLANOS,SAN PEDRO DE MACORÍS,MINISTERIO DE AGRICULTURA,EMCI,31.2,21.4,0.0,https://indomet.gob.do/wp-content/uploads/2026/02/temperaturas-extremas-y-precipitaciones-2026x01x30-a.pdf
2026-01-30,051,LOS TRES CHARCOS (EMA),PEDERNALES,PROPIEDAD DEL VOLUNTARIO,EMAP,,,0.0,https://indomet.gob.do/wp-content/uploads/2026/02/temperaturas-extremas-y-precipitaciones-2026x01x30-a.pdf
2026-01-30,052,MONCIÓN (EMA),SANTIAGO RODRÍGUEZ,PROGRAMA MUNDIAL DE ALIMENTO,EMAP,29.1,16.3,0.0,https://indomet.gob.do/wp-content/uploads/2026/02/temperaturas-extremas-y-precipitaciones-2026x01x30-a.pdf
2026-01-30,053,MONTE CRISTI,MONTE CRISTI,INDOMET,EMCI,30.5,22.5,0.0,https://indomet.gob.do/wp-content/uploads/2026/02/temperaturas-extremas-y-precipitaciones-2026x01x30-a.pdf
2026-01-30,054,NAVARRETE,SANTIAGO,MINISTERIO DE AGRICULTURA,EMCV,,,0.0,https://indomet.gob.do/wp-content/uploads/2026/02/temperaturas-extremas-y-precipitaciones-2026x01x30-a.pdf
2026-01-30,055,OLIVARES,PEDERNALES,INDRHI,EMCI,,,0.0,https://indomet.gob.do/wp-content/uploads/2026/02/temperaturas-extremas-y-precipitaciones-2026x01x30-a.pdf
2026-01-30,056,PADRE LAS CASAS,AZUA,HOSP. NTRA. SRA. DEL CARMEN,EMCI,31.0,14.7,0.0,https://indomet.gob.do/wp-content/uploads/2026/02/temperaturas-extremas-y-precipitaciones-2026x01x30-a.pdf
2026-01-30,057,PALO ÍNDIO,PUERTO PLATA,MINISTERIO DE AGRICULTURA,EMCI,,,0.0,https://indomet.gob.do/wp-content/uploads/2026/02/temperaturas-extremas-y-precipitaciones-2026x01x30-a.pdf
2026-01-30,058,PEDERNALES,PEDERNALES,INDRHI,EMCI,,,0.0,https://indomet.gob.do/wp-content/uploads/2026/02/temperaturas-extremas-y-precipitaciones-2026x01x30-a.pdf
2026-01-30,059,PERALTA,AZUA,HOSP. MPAL. DE PERALTA,EMCI,29.8,15.2,0.0,https://indomet.gob.do/wp-content/uploads/2026/02/temperaturas-extremas-y-precipitaciones-2026x01x30-a.pdf
2026-01-30,060,PESCADERIA (EMA),BARAHONA,MINISTERIO DE AGRICULTURA,EMAP,,,0.0,https://indomet.gob.do/wp-content/uploads/2026/02/temperaturas-extremas-y-precipitaciones-2026x01x30-a.pdf
2026-01-30,061,PONTÓN ABAJO (EMA),LA VEGA,MINISTERIO DE AGRICULTURA,EMAP,33.1,18.4,0.0,https://indomet.gob.do/wp-content/uploads/2026/02/temperaturas-extremas-y-precipitaciones-2026x01x30-a.pdf
2026-01-30,062,RESTAURACIÓN,DAJABÓN,MINISTERIO DE AGRICULTURA,EMCI,28.1,10.5,0.0,https://indomet.gob.do/wp-content/uploads/2026/02/temperaturas-extremas-y-precipitaciones-2026x01x30-a.pdf
2026-01-30,063,RÍO SAN JUAN,MARÍA TRINIDAD SÁNCHEZ,HOSP. MPAL. DR. DESIDERIO ACOSTA,EMCV,31.6,22.5,0.0,https://indomet.gob.do/wp-content/uploads/2026/02/temperaturas-extremas-y-precipitaciones-2026x01x30-a.pdf
2026-01-30,064,SABANA GRANDE DE BOYÁ,MONTE PLATA,MINISTERIO DE AGRICULTURA,EMCV,,,0.0,https://indomet.gob.do/wp-content/uploads/2026/02/temperaturas-extremas-y-precipitaciones-2026x01x30-a.pdf
2026-01-30,065,SABANETA (EMA),SANTIAGO RODRÍGUEZ,PROGRAMA MUNDIAL DE ALIMENTO,EMAP,34.2,17.4,0.0,https://indomet.gob.do/wp-content/uploads/2026/02/temperaturas-extremas-y-precipitaciones-2026x01x30-a.pdf
2026-01-30,066,SAJOMA (EMA),SANTIAGO,PLAN SIERRA,EMAI,31.2,15.0,0.0,https://indomet.gob.do/wp-content/uploads/2026/02/temperaturas-extremas-y-precipitaciones-2026x01x30-a.pdf
2026-01-30,067,SALCEDO,HERMANAS MIRABAL,PROPIEDAD DEL EMPLEADO,EMCI,,,0.0,https://indomet.gob.do/wp-content/uploads/2026/02/temperaturas-extremas-y-precipitaciones-2026x01x30-a.pdf
2026-01-30,068,SAMANÁ,SAMANÁ,COMANDANCIA DE PUERTO DE SAMANÁ,EMCI,32.0,17.0,0.0,https://indomet.gob.do/wp-content/uploads/2026/02/temperaturas-extremas-y-precipitaciones-2026x01x30-a.pdf
2026-01-30,069,SAN JOSÉ DE OCOA,SAN JOSÉ DE OCOA,HOSP. SAN JOSÉ DE OCOA,EMCI,29.3,16.1,0.0,https://indomet.gob.do/wp-content/uploads/2026/02/temperaturas-extremas-y-precipitaciones-2026x01x30-a.pdf
2026-01-30,070,SAN RAFAEL DEL YUMA,LA ALTAGRACIA,MINISTERIO DE AGRICULTURA,EMCI,30.8,20.0,0.0,https://indomet.gob.do/wp-content/uploads/2026/02/temperaturas-extremas-y-precipitaciones-2026x01x30-a.pdf
2026-01-30,071,SÁNCHEZ,SAMANÁ,MINISTERIO DE AGRICULTURA,EMCI,29.9,21.4,0.0,https://indomet.gob.do/wp-content/uploads/2026/02/temperaturas-extremas-y-precipitaciones-2026x01x30-a.pdf
2026-01-30,072,SANTIAGO RODRÍGUEZ,SANTIAGO RODRÍGUEZ,INDOMET,EMCI,33.5,18.0,0.0,https://indomet.gob.do/wp-content/uploads/2026/02/temperaturas-extremas-y-precipitaciones-2026x01x30-a.pdf
2026-01-30,073,SANTO DOMINGO ESTE,SANTO DOMINGO,INDOMET,EMCI,30.9,22.0,0.0,https://indomet.gob.do/wp-content/uploads/2026/02/temperaturas-extremas-y-precipitaciones-2026x01x30-a.pdf
2026-01-30,074,TÁBARA ABAJO,AZUA,INDRHI,EMCI,30.9,16.5,0.0,https://indomet.gob.do/wp-content/uploads/2026/02/temperaturas-extremas-y-precipitaciones-2026x01x30-a.pdf
2026-01-30,075,VALLE NUEVO (EMA),LA VEGA,MARENA,EMAI,19.3,-0.9,0.0,https://indomet.gob.do/wp-content/uploads/2026/02/temperaturas-extremas-y-precipitaciones-2026x01x30-a.pdf
2026-01-30,076,VILLA GONZALES,SANTIAGO,MINISTERIO DE AGRICULTURA,EMCI,,,0.0,https://indomet.gob.do/wp-content/uploads/2026/02/temperaturas-extremas-y-precipitaciones-2026x01x30-a.pdf
2026-01-30,077,VILLA RIVA,DUARTE,HOSP. MPAL. ALICIA DE LEGENDRE,EMCI,31.4,19.0,0.0,https://indomet.gob.do/wp-content/uploads/2026/02/temperaturas-extremas-y-precipitaciones-2026x01x30-a.pdf
2026-01-30,078,VILLA VASQUEZ (EMA),MONTE CRISTI,JUNTA DE REGANTES,EMAI,,,0.0,https://indomet.gob.do/wp-content/uploads/2026/02/temperaturas-extremas-y-precipitaciones-2026x01x30-a.pdf
2026-01-31,001,ARPT. DE PUNTA CANA,LA ALTAGRACIA,INDOMET,EMCI,29.0,21.4,34.3,https://indomet.gob.do/wp-content/uploads/2026/02/temperaturas-extremas-y-precipitaciones-2026x01x31-a.pdf
2026-01-31,002,ANAMUYA (EMA),LA ALTAGRACIA,MINISTERIO DE AGRICULTURA,EMAP,30.8,22.7,28.6,https://indomet.gob.do/wp-content/uploads/2026/02/temperaturas-extremas-y-precipitaciones-2026x01x31-a.pdf
2026-01-31,003,ARPT. DE LA ROMANA,LA ROMANA,INDOMET,EMCI,30.0,19.4,26.1,https://indomet.gob.do/wp-content/uploads/2026/02/temperaturas-extremas-y-precipitaciones-2026x01x31-a.pdf
2026-01-31,004,SAN RAFAEL DEL YUMA,LA ALTAGRACIA,MINISTERIO DE AGRICULTURA,EMCI,30.9,22.4,17.9,https://indomet.gob.do/wp-content/uploads/2026/02/temperaturas-extremas-y-precipitaciones-2026x01x31-a.pdf
2026-01-31,005,LOS LLANOS,SAN PEDRO DE MACORÍS,MINISTERIO DE AGRICULTURA,EMCI,31.2,22.4,16.4,https://indomet.gob.do/wp-content/uploads/2026/02/temperaturas-extremas-y-precipitaciones-2026x01x31-a.pdf
2026-01-31,006,SAN JOSÉ DE OCOA,SAN JOSÉ DE OCOA,HOSP. SAN JOSÉ DE OCOA,EMCI,29.7,16.8,13.8,https://indomet.gob.do/wp-content/uploads/2026/02/temperaturas-extremas-y-precipitaciones-2026x01x31-a.pdf
2026-01-31,007,ARPT. LA ISABELA,SANTO DOMINGO,INDOMET,EMCI,31.2,19.9,7.9,https://indomet.gob.do/wp-content/uploads/2026/02/temperaturas-extremas-y-precipitaciones-2026x01x31-a.pdf
2026-01-31,008,BAYAGUANA,MONTE PLATA,INDOMET,EMCI,31.8,19.2,6.6,https://indomet.gob.do/wp-content/uploads/2026/02/temperaturas-extremas-y-precipitaciones-2026x01x31-a.pdf
2026-01-31,009,HATO MAYOR,HATO MAYOR,MINISTERIO DE AGRICULTURA,EMCV,,,5.8,https://indomet.gob.do/wp-content/uploads/2026/02/temperaturas-extremas-y-precipitaciones-2026x01x31-a.pdf
2026-01-31,010,PROLONGACION 27 DE FEBRERO,DISTRITO NACIONAL,PRIVADA,EMAP,,,5.3,https://indomet.gob.do/wp-content/uploads/2026/02/temperaturas-extremas-y-precipitaciones-2026x01x31-a.pdf
2026-01-31,011,LOS CACICAZGOS (EMA),DISTRITO NACIONAL,PRIVADA,EMAP,,,4.8,https://indomet.gob.do/wp-content/uploads/2026/02/temperaturas-extremas-y-precipitaciones-2026x01x31-a.pdf
2026-01-31,012,SAN CRISTÓBAL,SAN CRISTÓBAL,INSTITUTO POLITÉCNICO LOYOLA,EMCI,32.0,19.2,4.5,https://indomet.gob.do/wp-content/uploads/2026/02/temperaturas-extremas-y-precipitaciones-2026x01x31-a.pdf
2026-01-31,013,ALTO BANDERA (EMA),LA VEGA,INTEC,EMAP,14.2,4.9,4.1,https://indomet.gob.do/wp-content/uploads/2026/02/temperaturas-extremas-y-precipitaciones-2026x01x31-a.pdf
2026-01-31,014,MICHES (EMA),EL SEIBO,PRIVADA,EMAP,31.8,23.0,2.6,https://indomet.gob.do/wp-content/uploads/2026/02/temperaturas-extremas-y-precipitaciones-2026x01x31-a.pdf
2026-01-31,015,LOS PRADOS (EMA),DISTRITO NACIONAL,PRIVADA,EMAP,,,2.5,https://indomet.gob.do/wp-content/uploads/2026/02/temperaturas-extremas-y-precipitaciones-2026x01x31-a.pdf
2026-01-31,016,ARPT. DE LAS AMÉRICAS,SANTO DOMINGO,INDOMET,EMCI,30.4,20.4,2.3,https://indomet.gob.do/wp-content/uploads/2026/02/temperaturas-extremas-y-precipitaciones-2026x01x31-a.pdf
2026-01-31,017,PERALTA,AZUA,HOSP. MPAL. DE PERALTA,EMCI,30.2,15.0,2.2,https://indomet.gob.do/wp-content/uploads/2026/02/temperaturas-extremas-y-precipitaciones-2026x01x31-a.pdf
2026-01-31,018,SÁNCHEZ,SAMANÁ,MINISTERIO DE AGRICULTURA,EMCI,32.3,21.6,2.2,https://indomet.gob.do/wp-content/uploads/2026/02/temperaturas-extremas-y-precipitaciones-2026x01x31-a.pdf
2026-01-31,019,LA AGUSTINA (EMA),DISTRITO NACIONAL,PRIVADA,EMAP,,,2.1,https://indomet.gob.do/wp-content/uploads/2026/02/temperaturas-extremas-y-precipitaciones-2026x01x31-a.pdf
2026-01-31,020,ENSANCHE LA FE (EMA),DISTRITO NACIONAL,PRIVADA,EMAP,,,2.0,https://indomet.gob.do/wp-content/uploads/2026/02/temperaturas-extremas-y-precipitaciones-2026x01x31-a.pdf
2026-01-31,021,BANI (EMA),PERAVIA,MINISTERIO DE AGRICULTURA,EMAP,31.3,21.0,1.6,https://indomet.gob.do/wp-content/uploads/2026/02/temperaturas-extremas-y-precipitaciones-2026x01x31-a.pdf
2026-01-31,022,JIMANÍ,INDEPENDENCIA,MINISTERIO DE AGRICULTURA,EMCI,33.6,21.6,1.5,https://indomet.gob.do/wp-content/uploads/2026/02/temperaturas-extremas-y-precipitaciones-2026x01x31-a.pdf
2026-01-31,023,OVIEDO,PEDERNALES,CLÍNICA RURAL OVIEDO,EMCI,32.0,19.8,1.5,https://indomet.gob.do/wp-content/uploads/2026/02/temperaturas-extremas-y-precipitaciones-2026x01x31-a.pdf
2026-01-31,024,SABANA DE LA MAR,HATO MAYOR,INDOMET,EMCI,32.4,22.0,1.5,https://indomet.gob.do/wp-content/uploads/2026/02/temperaturas-extremas-y-precipitaciones-2026x01x31-a.pdf
2026-01-31,025,EL MILLON (EMA),DISTRITO NACIONAL,PRIVADA,EMAP,,,1.3,https://indomet.gob.do/wp-content/uploads/2026/02/temperaturas-extremas-y-precipitaciones-2026x01x31-a.pdf
2026-01-31,026,RANCHO ARRIBA,SAN JOSÉ DE OCOA,CENTRO TECNOLÓGICO COMUNITARIO,EMCI,26.9,16.1,1.2,https://indomet.gob.do/wp-content/uploads/2026/02/temperaturas-extremas-y-precipitaciones-2026x01x31-a.pdf
2026-01-31,027,CENTRO DE LOS HEROES (EMA),DISTRITO NACIONAL,MINISTERIO DE ENERGIA Y MINA,EMAP,30.0,24.1,1.0,https://indomet.gob.do/wp-content/uploads/2026/02/temperaturas-extremas-y-precipitaciones-2026x01x31-a.pdf
2026-01-31,028,SANTO DOMINGO ESTE,SANTO DOMINGO,INDOMET,EMCI,31.0,23.0,1.0,https://indomet.gob.do/wp-content/uploads/2026/02/temperaturas-extremas-y-precipitaciones-2026x01x31-a.pdf
2026-01-31,029,VALLE NUEVO (EMA),LA VEGA,MARENA,EMAI,17.2,4.2,0.8,https://indomet.gob.do/wp-content/uploads/2026/02/temperaturas-extremas-y-precipitaciones-2026x01x31-a.pdf
2026-01-31,030,VILLA ALTAGRACIA,SAN CRISTÓBAL,ESCUELA JAVIER ANGULO GURIDI,EMCI,,,0.8,https://indomet.gob.do/wp-content/uploads/2026/02/temperaturas-extremas-y-precipitaciones-2026x01x31-a.pdf
2026-01-31,031,ARPT. ARROYO BARRIL,SAMANÁ,INDOMET,EMCI,32.0,21.8,0.6,https://indomet.gob.do/wp-content/uploads/2026/02/temperaturas-extremas-y-precipitaciones-2026x01x31-a.pdf
2026-01-31,032,PONTÓN ABAJO (EMA),LA VEGA,MINISTERIO DE AGRICULTURA,EMAP,,,0.6,https://indomet.gob.do/wp-content/uploads/2026/02/temperaturas-extremas-y-precipitaciones-2026x01x31-a.pdf
2026-01-31,033,BELLA VISTA (EMA),DISTRITO NACIONAL,PRIVADA,EMAP,,,0.3,https://indomet.gob.do/wp-content/uploads/2026/02/temperaturas-extremas-y-precipitaciones-2026x01x31-a.pdf
2026-01-31,034,LA VICTORIA,SANTO DOMINGO,CUERPO DE BOMBEROS,EMCI,32.5,22.5,0.3,https://indomet.gob.do/wp-content/uploads/2026/02/temperaturas-extremas-y-precipitaciones-2026x01x31-a.pdf
2026-01-31,035,ARPT. DEL CIBAO,SANTIAGO,INDOMET,EMCI,32.5,18.0,0.2,https://indomet.gob.do/wp-content/uploads/2026/02/temperaturas-extremas-y-precipitaciones-2026x01x31-a.pdf
2026-01-31,036,ALTAMIRA,PUERTO PLATA,HOSP. MPAL. DE ALTAMIRA,EMCI,30.7,18.1,0.2,https://indomet.gob.do/wp-content/uploads/2026/02/temperaturas-extremas-y-precipitaciones-2026x01x31-a.pdf
2026-01-31,037,BASE AÉREA DE SAN ISIDRO,SANTO DOMINGO,FUERZA AÉREA DOMINICANA,EMCV,30.9,22.4,0.2,https://indomet.gob.do/wp-content/uploads/2026/02/temperaturas-extremas-y-precipitaciones-2026x01x31-a.pdf
2026-01-31,038,LOS JARDINES (EMA),DISTRITO NACIONAL,PRIVADA,EMAP,,,0.2,https://indomet.gob.do/wp-content/uploads/2026/02/temperaturas-extremas-y-precipitaciones-2026x01x31-a.pdf
2026-01-31,039,CABRAL,BARAHONA,MINISTERIO DE AGRICULTURA,EMCV,32.3,20.4,0.1,https://indomet.gob.do/wp-content/uploads/2026/02/temperaturas-extremas-y-precipitaciones-2026x01x31-a.pdf
2026-01-31,040,HONDO VALLE,ELÍAS PIÑA,MINISTERIO DE AGRICULTURA,EMCI,25.8,14.7,0.1,https://indomet.gob.do/wp-content/uploads/2026/02/temperaturas-extremas-y-precipitaciones-2026x01x31-a.pdf
2026-01-31,041,OLIVARES,PEDERNALES,INDRHI,EMCI,,,0.1,https://indomet.gob.do/wp-content/uploads/2026/02/temperaturas-extremas-y-precipitaciones-2026x01x31-a.pdf
2026-01-31,042,PEDERNALES,PEDERNALES,INDRHI,EMCI,,,0.1,https://indomet.gob.do/wp-content/uploads/2026/02/temperaturas-extremas-y-precipitaciones-2026x01x31-a.pdf
2026-01-31,043,ARPT. EL CATEY,SAMANÁ,INDOMET,EMCI,31.4,20.0,0.0,https://indomet.gob.do/wp-content/uploads/2026/02/temperaturas-extremas-y-precipitaciones-2026x01x31-a.pdf
2026-01-31,044,ARPT. GREGORIO LUPERÓN,PUERTO PLATA,INDOMET,EMCI,29.0,19.4,0.0,https://indomet.gob.do/wp-content/uploads/2026/02/temperaturas-extremas-y-precipitaciones-2026x01x31-a.pdf
2026-01-31,045,ARPT. MARÍA MONTEZ,BARAHONA,INDOMET,EMCI,30.6,19.6,0.0,https://indomet.gob.do/wp-content/uploads/2026/02/temperaturas-extremas-y-precipitaciones-2026x01x31-a.pdf
2026-01-31,046,ARROYO LORO,SAN JUAN,IDIAF,EMCI,30.7,16.6,0.0,https://indomet.gob.do/wp-content/uploads/2026/02/temperaturas-extremas-y-precipitaciones-2026x01x31-a.pdf
2026-01-31,047,BOCA DE MAO (EMA),VALVERDE,MINISTERIO DE AGRICULTURA,EMAP,33.8,18.7,0.0,https://indomet.gob.do/wp-content/uploads/2026/02/temperaturas-extremas-y-precipitaciones-2026x01x31-a.pdf
2026-01-31,048,BONAO,MONSEÑOR NOUEL,MINISTERIO DE AGRICULTURA,EMCV,,,0.0,https://indomet.gob.do/wp-content/uploads/2026/02/temperaturas-extremas-y-precipitaciones-2026x01x31-a.pdf
2026-01-31,049,BUCARA (EMA),SANTIAGO,MINISTERIO DE AGRICULTURA,EMAI,,,0.0,https://indomet.gob.do/wp-content/uploads/2026/02/temperaturas-extremas-y-precipitaciones-2026x01x31-a.pdf
2026-01-31,050,CABRERA,MARÍA TRINIDAD SÁNCHEZ,ESCUELA ARÍSTIDES FIALLO CABRAL,EMCI,32.5,22.5,0.0,https://indomet.gob.do/wp-content/uploads/2026/02/temperaturas-extremas-y-precipitaciones-2026x01x31-a.pdf
2026-01-31,051,CONSTANZA,LA VEGA,MINISTERIO DE AGRICULTURA,EMCI,26.5,9.0,0.0,https://indomet.gob.do/wp-content/uploads/2026/02/temperaturas-extremas-y-precipitaciones-2026x01x31-a.pdf
2026-01-31,052,CONSTANZA (EMA),LA VEGA,PROGRAMA MUNDIAL DE ALIMENTO,EMAP,23.3,13.3,0.0,https://indomet.gob.do/wp-content/uploads/2026/02/temperaturas-extremas-y-precipitaciones-2026x01x31-a.pdf
2026-01-31,053,DAJABÓN,DAJABÓN,INSTITUTO POLITÉCNICO LOYOLA,EMCI,35.2,19.6,0.0,https://indomet.gob.do/wp-content/uploads/2026/02/temperaturas-extremas-y-precipitaciones-2026x01x31-a.pdf
2026-01-31,054,EL FACTOR (EMA),MARÍA TRINIDAD SÁNCHEZ,INTEC,EMAP,32.9,22.3,0.0,https://indomet.gob.do/wp-content/uploads/2026/02/temperaturas-extremas-y-precipitaciones-2026x01x31-a.pdf
2026-01-31,055,ELÍAS PIÑA,ELÍAS PIÑA,MINISTERIO DE AGRICULTURA,EMCV,,,0.0,https://indomet.gob.do/wp-content/uploads/2026/02/temperaturas-extremas-y-precipitaciones-2026x01x31-a.pdf
2026-01-31,056,ENRIQUILLO,BARAHONA,MINISTERIO DE AGRICULTURA,EMCV,33.0,20.0,0.0,https://indomet.gob.do/wp-content/uploads/2026/02/temperaturas-extremas-y-precipitaciones-2026x01x31-a.pdf
2026-01-31,057,ENSANCHE PARAÍSO (EMA),DISTRITO NACIONAL,PRIVADA,EMAP,,,0.0,https://indomet.gob.do/wp-content/uploads/2026/02/temperaturas-extremas-y-precipitaciones-2026x01x31-a.pdf
2026-01-31,058,GASPAR HERNÁNDEZ,ESPAILLAT,PROPIEDAD DEL EMPLEADO,EMCI,,,0.0,https://indomet.gob.do/wp-content/uploads/2026/02/temperaturas-extremas-y-precipitaciones-2026x01x31-a.pdf
2026-01-31,059,GURABO,SANTIAGO,MINISTERIO DE AGRICULTURA,EMCV,,,0.0,https://indomet.gob.do/wp-content/uploads/2026/02/temperaturas-extremas-y-precipitaciones-2026x01x31-a.pdf
2026-01-31,060,JARABACOA,LA VEGA,INDRHI / MARENA,EMCI,32.0,13.6,0.0,https://indomet.gob.do/wp-content/uploads/2026/02/temperaturas-extremas-y-precipitaciones-2026x01x31-a.pdf
2026-01-31,061,JARABACOA (EMA),LA VEGA,PROGRAMA MUNDIAL DE ALIMENTO,EMAP,30.1,17.3,0.0,https://indomet.gob.do/wp-content/uploads/2026/02/temperaturas-extremas-y-precipitaciones-2026x01x31-a.pdf
2026-01-31,062,JARDÍN BOTÁNICO SANTIAGO (EMSANTIAGO,,JARDIN BOTANICO SANTIAGO,EMAI,33.8,19.0,0.0,https://indomet.gob.do/wp-content/uploads/2026/02/temperaturas-extremas-y-precipitaciones-2026x01x31-a.pdf
2026-01-31,063,JUMA BEJUCAL,MONSEÑOR NOUEL,IDIAF,EMCV,30.8,18.8,0.0,https://indomet.gob.do/wp-content/uploads/2026/02/temperaturas-extremas-y-precipitaciones-2026x01x31-a.pdf
2026-01-31,064,LA VEGA,LA VEGA,IATESA,EMCI,33.5,21.4,0.0,https://indomet.gob.do/wp-content/uploads/2026/02/temperaturas-extremas-y-precipitaciones-2026x01x31-a.pdf
2026-01-31,065,LAS CANAS (EMA),MONTE CRISTI,PROGRAMA MUNDIAL DE ALIMENTO,EMAP,29.1,19.7,0.0,https://indomet.gob.do/wp-content/uploads/2026/02/temperaturas-extremas-y-precipitaciones-2026x01x31-a.pdf
2026-01-31,066,LAS MATAS DE SANTA CRUZ (EMA,MONTE CRISTI,PROGRAMA MUNDIAL DE ALIMENTO,EMAP,,,0.0,https://indomet.gob.do/wp-content/uploads/2026/02/temperaturas-extremas-y-precipitaciones-2026x01x31-a.pdf
2026-01-31,067,LOS TRES CHARCOS (EMA),PEDERNALES,PROPIEDAD DEL VOLUNTARIO,EMAP,,,0.0,https://indomet.gob.do/wp-content/uploads/2026/02/temperaturas-extremas-y-precipitaciones-2026x01x31-a.pdf
2026-01-31,068,MONCIÓN (EMA),SANTIAGO RODRÍGUEZ,PROGRAMA MUNDIAL DE ALIMENTO,EMAP,31.4,18.3,0.0,https://indomet.gob.do/wp-content/uploads/2026/02/temperaturas-extremas-y-precipitaciones-2026x01x31-a.pdf
2026-01-31,069,MONTE CRISTI,MONTE CRISTI,INDOMET,EMCI,32.6,20.5,0.0,https://indomet.gob.do/wp-content/uploads/2026/02/temperaturas-extremas-y-precipitaciones-2026x01x31-a.pdf
2026-01-31,070,NAVARRETE,SANTIAGO,MINISTERIO DE AGRICULTURA,EMCV,,,0.0,https://indomet.gob.do/wp-content/uploads/2026/02/temperaturas-extremas-y-precipitaciones-2026x01x31-a.pdf
2026-01-31,071,PADRE LAS CASAS,AZUA,HOSP. NTRA. SRA. DEL CARMEN,EMCI,32.0,16.8,0.0,https://indomet.gob.do/wp-content/uploads/2026/02/temperaturas-extremas-y-precipitaciones-2026x01x31-a.pdf
2026-01-31,072,PALO ÍNDIO,PUERTO PLATA,MINISTERIO DE AGRICULTURA,EMCI,,,0.0,https://indomet.gob.do/wp-content/uploads/2026/02/temperaturas-extremas-y-precipitaciones-2026x01x31-a.pdf
2026-01-31,073,POLO,BARAHONA,INDOCAFE,EMCI,,15.0,0.0,https://indomet.gob.do/wp-content/uploads/2026/02/temperaturas-extremas-y-precipitaciones-2026x01x31-a.pdf
2026-01-31,074,RESTAURACIÓN,DAJABÓN,MINISTERIO DE AGRICULTURA,EMCI,29.3,10.9,0.0,https://indomet.gob.do/wp-content/uploads/2026/02/temperaturas-extremas-y-precipitaciones-2026x01x31-a.pdf
2026-01-31,075,RÍO SAN JUAN,MARÍA TRINIDAD SÁNCHEZ,HOSP. MPAL. DR. DESIDERIO ACOSTA,EMCV,33.1,21.8,0.0,https://indomet.gob.do/wp-content/uploads/2026/02/temperaturas-extremas-y-precipitaciones-2026x01x31-a.pdf
2026-01-31,076,SABANA GRANDE DE BOYÁ,MONTE PLATA,MINISTERIO DE AGRICULTURA,EMCV,,,0.0,https://indomet.gob.do/wp-content/uploads/2026/02/temperaturas-extremas-y-precipitaciones-2026x01x31-a.pdf
2026-01-31,077,SABANETA (EMA),SANTIAGO RODRÍGUEZ,PROGRAMA MUNDIAL DE ALIMENTO,EMAP,35.5,18.9,0.0,https://indomet.gob.do/wp-content/uploads/2026/02/temperaturas-extremas-y-precipitaciones-2026x01x31-a.pdf
2026-01-31,078,SAJOMA (EMA),SANTIAGO,PLAN SIERRA,EMAI,33.2,17.5,0.0,https://indomet.gob.do/wp-content/uploads/2026/02/temperaturas-extremas-y-precipitaciones-2026x01x31-a.pdf
2026-01-31,079,SALCEDO,HERMANAS MIRABAL,PROPIEDAD DEL EMPLEADO,EMCI,,,0.0,https://indomet.gob.do/wp-content/uploads/2026/02/temperaturas-extremas-y-precipitaciones-2026x01x31-a.pdf
2026-01-31,080,SAMANÁ,SAMANÁ,COMANDANCIA DE PUERTO DE SAMANÁ,EMCI,31.9,18.6,0.0,https://indomet.gob.do/wp-content/uploads/2026/02/temperaturas-extremas-y-precipitaciones-2026x01x31-a.pdf
2026-01-31,081,SANTIAGO RODRÍGUEZ,SANTIAGO RODRÍGUEZ,INDOMET,EMCI,34.4,19.0,0.0,https://indomet.gob.do/wp-content/uploads/2026/02/temperaturas-extremas-y-precipitaciones-2026x01x31-a.pdf
2026-01-31,082,TÁBARA ABAJO,AZUA,INDRHI,EMCI,31.5,18.4,0.0,https://indomet.gob.do/wp-content/uploads/2026/02/temperaturas-extremas-y-precipitaciones-2026x01x31-a.pdf
2026-01-31,083,TAMBORIL,SANTIAGO,MINISTERIO DE AGRICULTURA,EMCV,,,0.0,https://indomet.gob.do/wp-content/uploads/2026/02/temperaturas-extremas-y-precipitaciones-2026x01x31-a.pdf
2026-01-31,084,VILLA GONZALES,SANTIAGO,MINISTERIO DE AGRICULTURA,EMCI,,,0.0,https://indomet.gob.do/wp-content/uploads/2026/02/temperaturas-extremas-y-precipitaciones-2026x01x31-a.pdf
2026-01-31,085,VILLA RIVA,DUARTE,HOSP. MPAL. ALICIA DE LEGENDRE,EMCI,31.6,21.0,0.0,https://indomet.gob.do/wp-content/uploads/2026/02/temperaturas-extremas-y-precipitaciones-2026x01x31-a.pdf
2026-01-31,086,VILLA VASQUEZ (EMA),MONTE CRISTI,JUNTA DE REGANTES,EMAI,,,0.0,https://indomet.gob.do/wp-content/uploads/2026/02/temperaturas-extremas-y-precipitaciones-2026x01x31-a.pdf
2026-02-01,001,DAJABÓN,DAJABÓN,INSTITUTO POLITÉCNICO LOYOLA,EMCI,34.9,18.0,48.3,https://indomet.gob.do/wp-content/uploads/2026/02/temperaturas-extremas-y-precipitaciones-2026x02x01-a.pdf
2026-02-01,002,VILLA GONZALES,SANTIAGO,MINISTERIO DE AGRICULTURA,EMCI,,,31.0,https://indomet.gob.do/wp-content/uploads/2026/02/temperaturas-extremas-y-precipitaciones-2026x02x01-a.pdf
2026-02-01,003,ARPT. DE PUNTA CANA,LA ALTAGRACIA,INDOMET,EMCI,27.0,20.0,25.0,https://indomet.gob.do/wp-content/uploads/2026/02/temperaturas-extremas-y-precipitaciones-2026x02x01-a.pdf
2026-02-01,004,ANAMUYA (EMA),LA ALTAGRACIA,MINISTERIO DE AGRICULTURA,EMAP,28.0,21.3,22.6,https://indomet.gob.do/wp-content/uploads/2026/02/temperaturas-extremas-y-precipitaciones-2026x02x01-a.pdf
2026-02-01,005,ARPT. GREGORIO LUPERÓN,PUERTO PLATA,INDOMET,EMCI,28.4,19.6,22.6,https://indomet.gob.do/wp-content/uploads/2026/02/temperaturas-extremas-y-precipitaciones-2026x02x01-a.pdf
2026-02-01,006,VILLA ISABELA,PUERTO PLATA,MINISTERIO DE AGRICULTURA,EMCV,,,19.4,https://indomet.gob.do/wp-content/uploads/2026/02/temperaturas-extremas-y-precipitaciones-2026x02x01-a.pdf
2026-02-01,007,PALO ÍNDIO,PUERTO PLATA,MINISTERIO DE AGRICULTURA,EMCI,,,18.8,https://indomet.gob.do/wp-content/uploads/2026/02/temperaturas-extremas-y-precipitaciones-2026x02x01-a.pdf
2026-02-01,008,SAN RAFAEL DEL YUMA,LA ALTAGRACIA,MINISTERIO DE AGRICULTURA,EMCI,29.0,21.5,17.7,https://indomet.gob.do/wp-content/uploads/2026/02/temperaturas-extremas-y-precipitaciones-2026x02x01-a.pdf
2026-02-01,009,MONTE CRISTI,MONTE CRISTI,INDOMET,EMCI,29.8,20.5,16.4,https://indomet.gob.do/wp-content/uploads/2026/02/temperaturas-extremas-y-precipitaciones-2026x02x01-a.pdf
2026-02-01,010,ALTAMIRA,PUERTO PLATA,HOSP. MPAL. DE ALTAMIRA,EMCI,29.6,17.4,15.4,https://indomet.gob.do/wp-content/uploads/2026/02/temperaturas-extremas-y-precipitaciones-2026x02x01-a.pdf
2026-02-01,011,LUPERÓN,PUERTO PLATA,MINISTERIO DE AGRICULTURA,EMCV,,,15.2,https://indomet.gob.do/wp-content/uploads/2026/02/temperaturas-extremas-y-precipitaciones-2026x02x01-a.pdf
2026-02-01,012,SABANETA (EMA),SANTIAGO RODRÍGUEZ,PROGRAMA MUNDIAL DE ALIMENTO,EMAP,32.7,17.7,14.0,https://indomet.gob.do/wp-content/uploads/2026/02/temperaturas-extremas-y-precipitaciones-2026x02x01-a.pdf
2026-02-01,013,CABRERA,MARÍA TRINIDAD SÁNCHEZ,ESCUELA ARÍSTIDES FIALLO CABRAL,EMCI,31.6,23.2,13.8,https://indomet.gob.do/wp-content/uploads/2026/02/temperaturas-extremas-y-precipitaciones-2026x02x01-a.pdf
2026-02-01,014,SANTIAGO RODRÍGUEZ,SANTIAGO RODRÍGUEZ,INDOMET,EMCI,33.2,18.0,12.3,https://indomet.gob.do/wp-content/uploads/2026/02/temperaturas-extremas-y-precipitaciones-2026x02x01-a.pdf
2026-02-01,015,SAJOMA (EMA),SANTIAGO,PLAN SIERRA,EMAI,31.5,15.4,11.0,https://indomet.gob.do/wp-content/uploads/2026/02/temperaturas-extremas-y-precipitaciones-2026x02x01-a.pdf
2026-02-01,016,SANTIAGO,SANTIAGO,HUACALITO,EMCI,,,11.0,https://indomet.gob.do/wp-content/uploads/2026/02/temperaturas-extremas-y-precipitaciones-2026x02x01-a.pdf
2026-02-01,017,BAYAGUANA,MONTE PLATA,INDOMET,EMCI,32.6,21.8,10.3,https://indomet.gob.do/wp-content/uploads/2026/02/temperaturas-extremas-y-precipitaciones-2026x02x01-a.pdf
2026-02-01,018,SABANA DE LA MAR,HATO MAYOR,INDOMET,EMCI,31.5,20.6,9.7,https://indomet.gob.do/wp-content/uploads/2026/02/temperaturas-extremas-y-precipitaciones-2026x02x01-a.pdf
2026-02-01,019,POLO,BARAHONA,INDOCAFE,EMCI,,16.5,9.6,https://indomet.gob.do/wp-content/uploads/2026/02/temperaturas-extremas-y-precipitaciones-2026x02x01-a.pdf
2026-02-01,020,PASO AL MEDIO,SAN PEDRO DE MACORÍS,INDRHI,EMCI,,,9.4,https://indomet.gob.do/wp-content/uploads/2026/02/temperaturas-extremas-y-precipitaciones-2026x02x01-a.pdf
2026-02-01,021,BUCARA (EMA),SANTIAGO,MINISTERIO DE AGRICULTURA,EMAI,,,9.0,https://indomet.gob.do/wp-content/uploads/2026/02/temperaturas-extremas-y-precipitaciones-2026x02x01-a.pdf
2026-02-01,022,LOS LLANOS,SAN PEDRO DE MACORÍS,MINISTERIO DE AGRICULTURA,EMCI,31.5,21.0,8.2,https://indomet.gob.do/wp-content/uploads/2026/02/temperaturas-extremas-y-precipitaciones-2026x02x01-a.pdf
2026-02-01,023,RESTAURACIÓN,DAJABÓN,MINISTERIO DE AGRICULTURA,EMCI,28.4,11.5,8.2,https://indomet.gob.do/wp-content/uploads/2026/02/temperaturas-extremas-y-precipitaciones-2026x02x01-a.pdf
2026-02-01,024,RÍO SAN JUAN,MARÍA TRINIDAD SÁNCHEZ,HOSP. MPAL. DR. DESIDERIO ACOSTA,EMCV,30.9,20.2,8.0,https://indomet.gob.do/wp-content/uploads/2026/02/temperaturas-extremas-y-precipitaciones-2026x02x01-a.pdf
2026-02-01,025,SAN JOSÉ DE OCOA,SAN JOSÉ DE OCOA,HOSP. SAN JOSÉ DE OCOA,EMCI,29.6,16.1,6.8,https://indomet.gob.do/wp-content/uploads/2026/02/temperaturas-extremas-y-precipitaciones-2026x02x01-a.pdf
2026-02-01,026,ARPT. DE LAS AMÉRICAS,SANTO DOMINGO,INDOMET,EMCI,29.5,22.0,6.4,https://indomet.gob.do/wp-content/uploads/2026/02/temperaturas-extremas-y-precipitaciones-2026x02x01-a.pdf
2026-02-01,027,CONSTANZA,LA VEGA,MINISTERIO DE AGRICULTURA,EMCI,28.0,12.5,6.1,https://indomet.gob.do/wp-content/uploads/2026/02/temperaturas-extremas-y-precipitaciones-2026x02x01-a.pdf
2026-02-01,028,CONSTANZA (EMA),LA VEGA,PROGRAMA MUNDIAL DE ALIMENTO,EMAP,26.7,14.2,6.0,https://indomet.gob.do/wp-content/uploads/2026/02/temperaturas-extremas-y-precipitaciones-2026x02x01-a.pdf
2026-02-01,029,PRESA DE TAVERAS (EMA),LA VEGA,PROGRAMA MUNDIAL DE ALIMENTO,EMAP,,,6.0,https://indomet.gob.do/wp-content/uploads/2026/02/temperaturas-extremas-y-precipitaciones-2026x02x01-a.pdf
2026-02-01,030,ARPT. DE LA ROMANA,LA ROMANA,INDOMET,EMCI,28.3,19.8,5.6,https://indomet.gob.do/wp-content/uploads/2026/02/temperaturas-extremas-y-precipitaciones-2026x02x01-a.pdf
2026-02-01,031,GASPAR HERNÁNDEZ,ESPAILLAT,PROPIEDAD DEL EMPLEADO,EMCI,,,5.6,https://indomet.gob.do/wp-content/uploads/2026/02/temperaturas-extremas-y-precipitaciones-2026x02x01-a.pdf
2026-02-01,032,SÁNCHEZ,SAMANÁ,MINISTERIO DE AGRICULTURA,EMCI,30.1,19.7,5.6,https://indomet.gob.do/wp-content/uploads/2026/02/temperaturas-extremas-y-precipitaciones-2026x02x01-a.pdf
2026-02-01,033,ALTO BANDERA (EMA),LA VEGA,INTEC,EMAP,15.7,8.0,5.1,https://indomet.gob.do/wp-content/uploads/2026/02/temperaturas-extremas-y-precipitaciones-2026x02x01-a.pdf
2026-02-01,034,PADRE LAS CASAS,AZUA,HOSP. NTRA. SRA. DEL CARMEN,EMCI,33.5,17.0,4.9,https://indomet.gob.do/wp-content/uploads/2026/02/temperaturas-extremas-y-precipitaciones-2026x02x01-a.pdf
2026-02-01,035,MICHES (EMA),EL SEIBO,PRIVADA,EMAP,29.6,22.2,4.2,https://indomet.gob.do/wp-content/uploads/2026/02/temperaturas-extremas-y-precipitaciones-2026x02x01-a.pdf
2026-02-01,036,TÁBARA ABAJO,AZUA,INDRHI,EMCI,31.0,17.0,4.2,https://indomet.gob.do/wp-content/uploads/2026/02/temperaturas-extremas-y-precipitaciones-2026x02x01-a.pdf
2026-02-01,037,SALCEDO,HERMANAS MIRABAL,PROPIEDAD DEL EMPLEADO,EMCI,,,4.0,https://indomet.gob.do/wp-content/uploads/2026/02/temperaturas-extremas-y-precipitaciones-2026x02x01-a.pdf
2026-02-01,038,SAMANÁ,SAMANÁ,COMANDANCIA DE PUERTO DE SAMANÁ,EMCI,31.0,16.8,3.8,https://indomet.gob.do/wp-content/uploads/2026/02/temperaturas-extremas-y-precipitaciones-2026x02x01-a.pdf
2026-02-01,039,JARDÍN BOTÁNICO SANTIAGO (EMSANTIAGO,,JARDIN BOTANICO SANTIAGO,EMAI,32.4,17.5,3.6,https://indomet.gob.do/wp-content/uploads/2026/02/temperaturas-extremas-y-precipitaciones-2026x02x01-a.pdf
2026-02-01,040,VILLA VÁSQUEZ,MONTE CRISTI,PROPIEDAD DEL EMPLEADO,EMCI,,,3.6,https://indomet.gob.do/wp-content/uploads/2026/02/temperaturas-extremas-y-precipitaciones-2026x02x01-a.pdf
2026-02-01,041,VILLA VASQUEZ (EMA),MONTE CRISTI,JUNTA DE REGANTES,EMAI,,,3.6,https://indomet.gob.do/wp-content/uploads/2026/02/temperaturas-extremas-y-precipitaciones-2026x02x01-a.pdf
2026-02-01,042,ARPT. LA ISABELA,SANTO DOMINGO,INDOMET,EMCI,31.6,21.0,3.4,https://indomet.gob.do/wp-content/uploads/2026/02/temperaturas-extremas-y-precipitaciones-2026x02x01-a.pdf
2026-02-01,043,LA VICTORIA,SANTO DOMINGO,CUERPO DE BOMBEROS,EMCI,33.5,20.5,3.0,https://indomet.gob.do/wp-content/uploads/2026/02/temperaturas-extremas-y-precipitaciones-2026x02x01-a.pdf
2026-02-01,044,HATO MAYOR,HATO MAYOR,MINISTERIO DE AGRICULTURA,EMCV,,,2.8,https://indomet.gob.do/wp-content/uploads/2026/02/temperaturas-extremas-y-precipitaciones-2026x02x01-a.pdf
2026-02-01,045,MONCIÓN (EMA),SANTIAGO RODRÍGUEZ,PROGRAMA MUNDIAL DE ALIMENTO,EMAP,28.7,15.9,2.2,https://indomet.gob.do/wp-content/uploads/2026/02/temperaturas-extremas-y-precipitaciones-2026x02x01-a.pdf
2026-02-01,046,JARDÍN BOTÁNICO NACIONAL,DISTRITO NACIONAL,JARDÍN BOTÁNICO NACIONAL,EMCV,30.5,20.0,2.1,https://indomet.gob.do/wp-content/uploads/2026/02/temperaturas-extremas-y-precipitaciones-2026x02x01-a.pdf
2026-02-01,047,NAVARRETE,SANTIAGO,MINISTERIO DE AGRICULTURA,EMCV,,,2.0,https://indomet.gob.do/wp-content/uploads/2026/02/temperaturas-extremas-y-precipitaciones-2026x02x01-a.pdf
2026-02-01,048,TAMBORIL,SANTIAGO,MINISTERIO DE AGRICULTURA,EMCV,,,2.0,https://indomet.gob.do/wp-content/uploads/2026/02/temperaturas-extremas-y-precipitaciones-2026x02x01-a.pdf
2026-02-01,049,BOCA DE MAO (EMA),VALVERDE,MINISTERIO DE AGRICULTURA,EMAP,33.1,18.3,1.8,https://indomet.gob.do/wp-content/uploads/2026/02/temperaturas-extremas-y-precipitaciones-2026x02x01-a.pdf
2026-02-01,050,CENTRO DE LOS HEROES (EMA),DISTRITO NACIONAL,MINISTERIO DE ENERGIA Y MINA,EMAP,29.8,21.5,1.8,https://indomet.gob.do/wp-content/uploads/2026/02/temperaturas-extremas-y-precipitaciones-2026x02x01-a.pdf
2026-02-01,051,MAO,VALVERDE,INDRHI / MINISTERIO DE AGRICULTURA,EMCV,,,1.7,https://indomet.gob.do/wp-content/uploads/2026/02/temperaturas-extremas-y-precipitaciones-2026x02x01-a.pdf
2026-02-01,052,VILLA ALTAGRACIA,SAN CRISTÓBAL,ESCUELA JAVIER ANGULO GURIDI,EMCI,,,1.3,https://indomet.gob.do/wp-content/uploads/2026/02/temperaturas-extremas-y-precipitaciones-2026x02x01-a.pdf
2026-02-01,053,ARPT. ARROYO BARRIL,SAMANÁ,INDOMET,EMCI,31.5,22.0,1.2,https://indomet.gob.do/wp-content/uploads/2026/02/temperaturas-extremas-y-precipitaciones-2026x02x01-a.pdf
2026-02-01,054,SANTO DOMINGO ESTE,SANTO DOMINGO,INDOMET,EMCI,30.7,23.0,1.2,https://indomet.gob.do/wp-content/uploads/2026/02/temperaturas-extremas-y-precipitaciones-2026x02x01-a.pdf
2026-02-01,055,VALLE NUEVO (EMA),LA VEGA,MARENA,EMAI,19.0,10.7,1.2,https://indomet.gob.do/wp-content/uploads/2026/02/temperaturas-extremas-y-precipitaciones-2026x02x01-a.pdf
2026-02-01,056,LOS JENGIBRES,NAGUA,INDRHI,EMCI,,,1.1,https://indomet.gob.do/wp-content/uploads/2026/02/temperaturas-extremas-y-precipitaciones-2026x02x01-a.pdf
2026-02-01,057,GURABO,SANTIAGO,MINISTERIO DE AGRICULTURA,EMCV,,,1.0,https://indomet.gob.do/wp-content/uploads/2026/02/temperaturas-extremas-y-precipitaciones-2026x02x01-a.pdf
2026-02-01,058,BANI (EMA),PERAVIA,MINISTERIO DE AGRICULTURA,EMAP,30.3,21.6,0.8,https://indomet.gob.do/wp-content/uploads/2026/02/temperaturas-extremas-y-precipitaciones-2026x02x01-a.pdf
2026-02-01,059,RANCHO ARRIBA,SAN JOSÉ DE OCOA,CENTRO TECNOLÓGICO COMUNITARIO,EMCI,27.8,17.2,0.8,https://indomet.gob.do/wp-content/uploads/2026/02/temperaturas-extremas-y-precipitaciones-2026x02x01-a.pdf
2026-02-01,060,ARPT. DEL CIBAO,SANTIAGO,INDOMET,EMCI,32.5,20.1,0.7,https://indomet.gob.do/wp-content/uploads/2026/02/temperaturas-extremas-y-precipitaciones-2026x02x01-a.pdf
2026-02-01,061,ESCONDIDO,PERAVIA,MINISTERIO DE AGRICULTURA,EMCV,30.0,20.0,0.5,https://indomet.gob.do/wp-content/uploads/2026/02/temperaturas-extremas-y-precipitaciones-2026x02x01-a.pdf
2026-02-01,062,EL FACTOR (EMA),MARÍA TRINIDAD SÁNCHEZ,INTEC,EMAP,33.1,19.8,0.5,https://indomet.gob.do/wp-content/uploads/2026/02/temperaturas-extremas-y-precipitaciones-2026x02x01-a.pdf
2026-02-01,063,JARABACOA,LA VEGA,INDRHI / MARENA,EMCI,30.0,14.8,0.5,https://indomet.gob.do/wp-content/uploads/2026/02/temperaturas-extremas-y-precipitaciones-2026x02x01-a.pdf
2026-02-01,064,ARPT. MARÍA MONTEZ,BARAHONA,INDOMET,EMCI,32.5,21.0,0.3,https://indomet.gob.do/wp-content/uploads/2026/02/temperaturas-extremas-y-precipitaciones-2026x02x01-a.pdf
2026-02-01,065,HONDO VALLE,ELÍAS PIÑA,MINISTERIO DE AGRICULTURA,EMCI,24.5,13.4,0.1,https://indomet.gob.do/wp-content/uploads/2026/02/temperaturas-extremas-y-precipitaciones-2026x02x01-a.pdf
2026-02-01,066,PERALTA,AZUA,HOSP. MPAL. DE PERALTA,EMCI,31.0,17.0,0.1,https://indomet.gob.do/wp-content/uploads/2026/02/temperaturas-extremas-y-precipitaciones-2026x02x01-a.pdf
2026-02-01,067,ARPT. EL CATEY,SAMANÁ,INDOMET,EMCI,31.0,22.0,0.0,https://indomet.gob.do/wp-content/uploads/2026/02/temperaturas-extremas-y-precipitaciones-2026x02x01-a.pdf
2026-02-01,068,ARROYO LORO,SAN JUAN,IDIAF,EMCI,31.5,18.2,0.0,https://indomet.gob.do/wp-content/uploads/2026/02/temperaturas-extremas-y-precipitaciones-2026x02x01-a.pdf
2026-02-01,069,BOHECHÍO,SAN JUAN,MINISTERIO DE AGRICULTURA,EMCV,,,0.0,https://indomet.gob.do/wp-content/uploads/2026/02/temperaturas-extremas-y-precipitaciones-2026x02x01-a.pdf
2026-02-01,070,BONAO,MONSEÑOR NOUEL,MINISTERIO DE AGRICULTURA,EMCV,,,0.0,https://indomet.gob.do/wp-content/uploads/2026/02/temperaturas-extremas-y-precipitaciones-2026x02x01-a.pdf
2026-02-01,071,CABRAL,BARAHONA,MINISTERIO DE AGRICULTURA,EMCV,34.0,22.9,0.0,https://indomet.gob.do/wp-content/uploads/2026/02/temperaturas-extremas-y-precipitaciones-2026x02x01-a.pdf
2026-02-01,072,EL CERCADO,SAN JUAN,MINISTERIO DE AGRICULTURA,EMCV,,,0.0,https://indomet.gob.do/wp-content/uploads/2026/02/temperaturas-extremas-y-precipitaciones-2026x02x01-a.pdf
2026-02-01,073,ELÍAS PIÑA,ELÍAS PIÑA,MINISTERIO DE AGRICULTURA,EMCV,,,0.0,https://indomet.gob.do/wp-content/uploads/2026/02/temperaturas-extremas-y-precipitaciones-2026x02x01-a.pdf
2026-02-01,074,ENRIQUILLO,BARAHONA,MINISTERIO DE AGRICULTURA,EMCV,33.5,20.5,0.0,https://indomet.gob.do/wp-content/uploads/2026/02/temperaturas-extremas-y-precipitaciones-2026x02x01-a.pdf
2026-02-01,075,JIMANÍ,INDEPENDENCIA,MINISTERIO DE AGRICULTURA,EMCI,32.0,21.4,0.0,https://indomet.gob.do/wp-content/uploads/2026/02/temperaturas-extremas-y-precipitaciones-2026x02x01-a.pdf
2026-02-01,076,JUMA BEJUCAL,MONSEÑOR NOUEL,IDIAF,EMCV,31.2,20.0,0.0,https://indomet.gob.do/wp-content/uploads/2026/02/temperaturas-extremas-y-precipitaciones-2026x02x01-a.pdf
2026-02-01,077,LA VEGA,LA VEGA,IATESA,EMCI,32.5,17.8,0.0,https://indomet.gob.do/wp-content/uploads/2026/02/temperaturas-extremas-y-precipitaciones-2026x02x01-a.pdf
2026-02-01,078,LAS CANAS (EMA),MONTE CRISTI,PROGRAMA MUNDIAL DE ALIMENTO,EMAP,28.3,16.6,0.0,https://indomet.gob.do/wp-content/uploads/2026/02/temperaturas-extremas-y-precipitaciones-2026x02x01-a.pdf
2026-02-01,079,LAS MATAS DE SANTA CRUZ (EMA,MONTE CRISTI,PROGRAMA MUNDIAL DE ALIMENTO,EMAP,,,0.0,https://indomet.gob.do/wp-content/uploads/2026/02/temperaturas-extremas-y-precipitaciones-2026x02x01-a.pdf
2026-02-01,080,LOS TRES CHARCOS (EMA),PEDERNALES,PROPIEDAD DEL VOLUNTARIO,EMAP,,,0.0,https://indomet.gob.do/wp-content/uploads/2026/02/temperaturas-extremas-y-precipitaciones-2026x02x01-a.pdf
2026-02-01,081,OLIVARES,PEDERNALES,INDRHI,EMCI,,,0.0,https://indomet.gob.do/wp-content/uploads/2026/02/temperaturas-extremas-y-precipitaciones-2026x02x01-a.pdf
2026-02-01,082,OVIEDO,PEDERNALES,CLÍNICA RURAL OVIEDO,EMCI,33.0,23.0,0.0,https://indomet.gob.do/wp-content/uploads/2026/02/temperaturas-extremas-y-precipitaciones-2026x02x01-a.pdf
2026-02-01,083,PARQUE MIRADOR SUR,DISTRITO NACIONAL,AYUNTAMIENTO,EMCV,31.0,20.5,0.0,https://indomet.gob.do/wp-content/uploads/2026/02/temperaturas-extremas-y-precipitaciones-2026x02x01-a.pdf
2026-02-01,084,PEDERNALES,PEDERNALES,INDRHI,EMCI,,,0.0,https://indomet.gob.do/wp-content/uploads/2026/02/temperaturas-extremas-y-precipitaciones-2026x02x01-a.pdf
2026-02-01,085,PESCADERIA (EMA),BARAHONA,MINISTERIO DE AGRICULTURA,EMAP,,,0.0,https://indomet.gob.do/wp-content/uploads/2026/02/temperaturas-extremas-y-precipitaciones-2026x02x01-a.pdf
2026-02-01,086,PONTÓN ABAJO (EMA),LA VEGA,MINISTERIO DE AGRICULTURA,EMAP,33.4,20.5,0.0,https://indomet.gob.do/wp-content/uploads/2026/02/temperaturas-extremas-y-precipitaciones-2026x02x01-a.pdf
2026-02-01,087,SABANA GRANDE DE BOYÁ,MONTE PLATA,MINISTERIO DE AGRICULTURA,EMCV,,,0.0,https://indomet.gob.do/wp-content/uploads/2026/02/temperaturas-extremas-y-precipitaciones-2026x02x01-a.pdf
2026-02-01,088,SAN CRISTÓBAL,SAN CRISTÓBAL,INSTITUTO POLITÉCNICO LOYOLA,EMCI,31.0,20.2,0.0,https://indomet.gob.do/wp-content/uploads/2026/02/temperaturas-extremas-y-precipitaciones-2026x02x01-a.pdf
2026-02-01,089,SAN FRANCISCO DE MACORÍS,DUARTE,San Francisco de Macorís (UASD),EMCI,30.8,20.6,0.0,https://indomet.gob.do/wp-content/uploads/2026/02/temperaturas-extremas-y-precipitaciones-2026x02x01-a.pdf
2026-02-01,090,TAVERA,SANTIAGO,INDRHI,EMCI,,,0.0,https://indomet.gob.do/wp-content/uploads/2026/02/temperaturas-extremas-y-precipitaciones-2026x02x01-a.pdf
2026-02-01,091,VILLA RIVA,DUARTE,HOSP. MPAL. ALICIA DE LEGENDRE,EMCI,31.0,19.0,0.0,https://indomet.gob.do/wp-content/uploads/2026/02/temperaturas-extremas-y-precipitaciones-2026x02x01-a.pdf
2026-02-02,001,DAJABÓN,DAJABÓN,INSTITUTO POLITÉCNICO LOYOLA,EMCI,32.1,17.6,33.7,https://indomet.gob.do/wp-content/uploads/2026/02/temperaturas-extremas-y-precipitaciones-2026x02x02-a.pdf
2026-02-02,002,RÍO SAN JUAN,MARÍA TRINIDAD SÁNCHEZ,HOSP. MPAL. DR. DESIDERIO ACOSTA,EMCV,22.7,18.9,15.0,https://indomet.gob.do/wp-content/uploads/2026/02/temperaturas-extremas-y-precipitaciones-2026x02x02-a.pdf
2026-02-02,003,VALLE NUEVO (EMA),LA VEGA,MARENA,EMAI,13.6,9.9,14.6,https://indomet.gob.do/wp-content/uploads/2026/02/temperaturas-extremas-y-precipitaciones-2026x02x02-a.pdf
2026-02-02,004,SÁNCHEZ,SAMANÁ,MINISTERIO DE AGRICULTURA,EMCI,22.9,18.3,13.5,https://indomet.gob.do/wp-content/uploads/2026/02/temperaturas-extremas-y-precipitaciones-2026x02x02-a.pdf
2026-02-02,005,BUCARA (EMA),SANTIAGO,MINISTERIO DE AGRICULTURA,EMAI,,,12.4,https://indomet.gob.do/wp-content/uploads/2026/02/temperaturas-extremas-y-precipitaciones-2026x02x02-a.pdf
2026-02-02,006,ALTO BANDERA (EMA),LA VEGA,INTEC,EMAP,10.8,7.4,11.2,https://indomet.gob.do/wp-content/uploads/2026/02/temperaturas-extremas-y-precipitaciones-2026x02x02-a.pdf
2026-02-02,007,PALO ÍNDIO,PUERTO PLATA,MINISTERIO DE AGRICULTURA,EMCI,,,10.2,https://indomet.gob.do/wp-content/uploads/2026/02/temperaturas-extremas-y-precipitaciones-2026x02x02-a.pdf
2026-02-02,008,RESTAURACIÓN,DAJABÓN,MINISTERIO DE AGRICULTURA,EMCI,20.7,11.1,10.0,https://indomet.gob.do/wp-content/uploads/2026/02/temperaturas-extremas-y-precipitaciones-2026x02x02-a.pdf
2026-02-02,009,ALTAMIRA,PUERTO PLATA,HOSP. MPAL. DE ALTAMIRA,EMCI,24.7,16.6,8.4,https://indomet.gob.do/wp-content/uploads/2026/02/temperaturas-extremas-y-precipitaciones-2026x02x02-a.pdf
2026-02-02,010,LUPERÓN,PUERTO PLATA,MINISTERIO DE AGRICULTURA,EMCV,,,8.3,https://indomet.gob.do/wp-content/uploads/2026/02/temperaturas-extremas-y-precipitaciones-2026x02x02-a.pdf
2026-02-02,011,SAJOMA (EMA),SANTIAGO,PLAN SIERRA,EMAI,19.1,15.1,7.6,https://indomet.gob.do/wp-content/uploads/2026/02/temperaturas-extremas-y-precipitaciones-2026x02x02-a.pdf
2026-02-02,012,VILLA RIVA,DUARTE,HOSP. MPAL. ALICIA DE LEGENDRE,EMCI,23.0,18.0,7.6,https://indomet.gob.do/wp-content/uploads/2026/02/temperaturas-extremas-y-precipitaciones-2026x02x02-a.pdf
2026-02-02,013,SALCEDO,HERMANAS MIRABAL,PROPIEDAD DEL EMPLEADO,EMCI,,,7.2,https://indomet.gob.do/wp-content/uploads/2026/02/temperaturas-extremas-y-precipitaciones-2026x02x02-a.pdf
2026-02-02,014,SANTIAGO RODRÍGUEZ,SANTIAGO RODRÍGUEZ,INDOMET,EMCI,23.4,17.5,6.9,https://indomet.gob.do/wp-content/uploads/2026/02/temperaturas-extremas-y-precipitaciones-2026x02x02-a.pdf
2026-02-02,015,ARPT. GREGORIO LUPERÓN,PUERTO PLATA,INDOMET,EMCI,23.0,18.8,6.8,https://indomet.gob.do/wp-content/uploads/2026/02/temperaturas-extremas-y-precipitaciones-2026x02x02-a.pdf
2026-02-02,016,SABANETA (EMA),SANTIAGO RODRÍGUEZ,PROGRAMA MUNDIAL DE ALIMENTO,EMAP,22.8,17.4,6.8,https://indomet.gob.do/wp-content/uploads/2026/02/temperaturas-extremas-y-precipitaciones-2026x02x02-a.pdf
2026-02-02,017,OVIEDO,PEDERNALES,CLÍNICA RURAL OVIEDO,EMCI,31.5,21.0,6.0,https://indomet.gob.do/wp-content/uploads/2026/02/temperaturas-extremas-y-precipitaciones-2026x02x02-a.pdf
2026-02-02,018,PEDERNALES,PEDERNALES,INDRHI,EMCI,,,5.9,https://indomet.gob.do/wp-content/uploads/2026/02/temperaturas-extremas-y-precipitaciones-2026x02x02-a.pdf
2026-02-02,019,GURABO,SANTIAGO,MINISTERIO DE AGRICULTURA,EMCV,,,5.8,https://indomet.gob.do/wp-content/uploads/2026/02/temperaturas-extremas-y-precipitaciones-2026x02x02-a.pdf
2026-02-02,020,JUMA BEJUCAL,MONSEÑOR NOUEL,IDIAF,EMCV,26.0,17.6,5.4,https://indomet.gob.do/wp-content/uploads/2026/02/temperaturas-extremas-y-precipitaciones-2026x02x02-a.pdf
2026-02-02,021,VILLA GONZALES,SANTIAGO,MINISTERIO DE AGRICULTURA,EMCI,,,5.3,https://indomet.gob.do/wp-content/uploads/2026/02/temperaturas-extremas-y-precipitaciones-2026x02x02-a.pdf
2026-02-02,022,VILLA ISABELA,PUERTO PLATA,MINISTERIO DE AGRICULTURA,EMCV,,,5.2,https://indomet.gob.do/wp-content/uploads/2026/02/temperaturas-extremas-y-precipitaciones-2026x02x02-a.pdf
2026-02-02,023,ARPT. EL CATEY,SAMANÁ,INDOMET,EMCI,23.0,19.5,4.8,https://indomet.gob.do/wp-content/uploads/2026/02/temperaturas-extremas-y-precipitaciones-2026x02x02-a.pdf
2026-02-02,024,BONAO,MONSEÑOR NOUEL,MINISTERIO DE AGRICULTURA,EMCV,,,4.6,https://indomet.gob.do/wp-content/uploads/2026/02/temperaturas-extremas-y-precipitaciones-2026x02x02-a.pdf
2026-02-02,025,MONTE CRISTI,MONTE CRISTI,INDOMET,EMCI,23.0,18.4,4.5,https://indomet.gob.do/wp-content/uploads/2026/02/temperaturas-extremas-y-precipitaciones-2026x02x02-a.pdf
2026-02-02,026,BOHECHÍO,SAN JUAN,MINISTERIO DE AGRICULTURA,EMCV,,,4.0,https://indomet.gob.do/wp-content/uploads/2026/02/temperaturas-extremas-y-precipitaciones-2026x02x02-a.pdf
2026-02-02,027,ARROYO LORO,SAN JUAN,IDIAF,EMCI,23.5,16.0,3.6,https://indomet.gob.do/wp-content/uploads/2026/02/temperaturas-extremas-y-precipitaciones-2026x02x02-a.pdf
2026-02-02,028,CONSTANZA,LA VEGA,MINISTERIO DE AGRICULTURA,EMCI,25.8,14.2,3.6,https://indomet.gob.do/wp-content/uploads/2026/02/temperaturas-extremas-y-precipitaciones-2026x02x02-a.pdf
2026-02-02,029,ARPT. ARROYO BARRIL,SAMANÁ,INDOMET,EMCI,24.8,20.2,3.5,https://indomet.gob.do/wp-content/uploads/2026/02/temperaturas-extremas-y-precipitaciones-2026x02x02-a.pdf
2026-02-02,030,OLIVARES,PEDERNALES,INDRHI,EMCI,,,3.5,https://indomet.gob.do/wp-content/uploads/2026/02/temperaturas-extremas-y-precipitaciones-2026x02x02-a.pdf
2026-02-02,031,CONSTANZA (EMA),LA VEGA,PROGRAMA MUNDIAL DE ALIMENTO,EMAP,16.8,12.2,3.4,https://indomet.gob.do/wp-content/uploads/2026/02/temperaturas-extremas-y-precipitaciones-2026x02x02-a.pdf
2026-02-02,032,POLO,BARAHONA,INDOCAFE,EMCI,,16.0,3.4,https://indomet.gob.do/wp-content/uploads/2026/02/temperaturas-extremas-y-precipitaciones-2026x02x02-a.pdf
2026-02-02,033,LOS JENGIBRES,NAGUA,INDRHI,EMCI,,,3.2,https://indomet.gob.do/wp-content/uploads/2026/02/temperaturas-extremas-y-precipitaciones-2026x02x02-a.pdf
2026-02-02,034,SABANA DE LA MAR,HATO MAYOR,INDOMET,EMCI,26.6,18.0,2.6,https://indomet.gob.do/wp-content/uploads/2026/02/temperaturas-extremas-y-precipitaciones-2026x02x02-a.pdf
2026-02-02,035,NAVARRETE,SANTIAGO,MINISTERIO DE AGRICULTURA,EMCV,,,2.5,https://indomet.gob.do/wp-content/uploads/2026/02/temperaturas-extremas-y-precipitaciones-2026x02x02-a.pdf
2026-02-02,036,EL FACTOR (EMA),MARÍA TRINIDAD SÁNCHEZ,INTEC,EMAP,24.0,18.9,2.5,https://indomet.gob.do/wp-content/uploads/2026/02/temperaturas-extremas-y-precipitaciones-2026x02x02-a.pdf
2026-02-02,037,GASPAR HERNÁNDEZ,ESPAILLAT,PROPIEDAD DEL EMPLEADO,EMCI,,,2.5,https://indomet.gob.do/wp-content/uploads/2026/02/temperaturas-extremas-y-precipitaciones-2026x02x02-a.pdf
2026-02-02,038,MONCIÓN (EMA),SANTIAGO RODRÍGUEZ,PROGRAMA MUNDIAL DE ALIMENTO,EMAP,31.4,15.7,2.4,https://indomet.gob.do/wp-content/uploads/2026/02/temperaturas-extremas-y-precipitaciones-2026x02x02-a.pdf
2026-02-02,039,HONDO VALLE,ELÍAS PIÑA,MINISTERIO DE AGRICULTURA,EMCI,24.0,12.8,2.1,https://indomet.gob.do/wp-content/uploads/2026/02/temperaturas-extremas-y-precipitaciones-2026x02x02-a.pdf
2026-02-02,040,JARABACOA,LA VEGA,INDRHI / MARENA,EMCI,21.0,13.4,2.1,https://indomet.gob.do/wp-content/uploads/2026/02/temperaturas-extremas-y-precipitaciones-2026x02x02-a.pdf
2026-02-02,041,PERALTA,AZUA,HOSP. MPAL. DE PERALTA,EMCI,25.8,16.0,2.0,https://indomet.gob.do/wp-content/uploads/2026/02/temperaturas-extremas-y-precipitaciones-2026x02x02-a.pdf
2026-02-02,042,SAN JOSÉ DE OCOA,SAN JOSÉ DE OCOA,HOSP. SAN JOSÉ DE OCOA,EMCI,20.9,16.1,2.0,https://indomet.gob.do/wp-content/uploads/2026/02/temperaturas-extremas-y-precipitaciones-2026x02x02-a.pdf
2026-02-02,043,PADRE LAS CASAS,AZUA,HOSP. NTRA. SRA. DEL CARMEN,EMCI,29.5,16.0,1.8,https://indomet.gob.do/wp-content/uploads/2026/02/temperaturas-extremas-y-precipitaciones-2026x02x02-a.pdf
2026-02-02,044,MICHES (EMA),EL SEIBO,PRIVADA,EMAP,23.9,20.9,1.6,https://indomet.gob.do/wp-content/uploads/2026/02/temperaturas-extremas-y-precipitaciones-2026x02x02-a.pdf
2026-02-02,045,SAMANÁ,SAMANÁ,COMANDANCIA DE PUERTO DE SAMANÁ,EMCI,23.8,15.0,1.6,https://indomet.gob.do/wp-content/uploads/2026/02/temperaturas-extremas-y-precipitaciones-2026x02x02-a.pdf
2026-02-02,046,ARPT. DE PUNTA CANA,LA ALTAGRACIA,INDOMET,EMCI,25.8,19.7,1.4,https://indomet.gob.do/wp-content/uploads/2026/02/temperaturas-extremas-y-precipitaciones-2026x02x02-a.pdf
2026-02-02,047,CABRERA,MARÍA TRINIDAD SÁNCHEZ,ESCUELA ARÍSTIDES FIALLO CABRAL,EMCI,23.8,19.6,1.4,https://indomet.gob.do/wp-content/uploads/2026/02/temperaturas-extremas-y-precipitaciones-2026x02x02-a.pdf
2026-02-02,048,MAO,VALVERDE,INDRHI / MINISTERIO DE AGRICULTURA,EMCV,,,1.4,https://indomet.gob.do/wp-content/uploads/2026/02/temperaturas-extremas-y-precipitaciones-2026x02x02-a.pdf
2026-02-02,049,RANCHO ARRIBA,SAN JOSÉ DE OCOA,CENTRO TECNOLÓGICO COMUNITARIO,EMCI,20.0,15.1,1.4,https://indomet.gob.do/wp-content/uploads/2026/02/temperaturas-extremas-y-precipitaciones-2026x02x02-a.pdf
2026-02-02,050,TAMBORIL,SANTIAGO,MINISTERIO DE AGRICULTURA,EMCV,,,1.3,https://indomet.gob.do/wp-content/uploads/2026/02/temperaturas-extremas-y-precipitaciones-2026x02x02-a.pdf
2026-02-02,051,SAN CRISTÓBAL,SAN CRISTÓBAL,INSTITUTO POLITÉCNICO LOYOLA,EMCI,25.2,19.2,1.2,https://indomet.gob.do/wp-content/uploads/2026/02/temperaturas-extremas-y-precipitaciones-2026x02x02-a.pdf
2026-02-02,052,BOCA DE MAO (EMA),VALVERDE,MINISTERIO DE AGRICULTURA,EMAP,22.9,17.8,1.0,https://indomet.gob.do/wp-content/uploads/2026/02/temperaturas-extremas-y-precipitaciones-2026x02x02-a.pdf
2026-02-02,053,CABRAL,BARAHONA,MINISTERIO DE AGRICULTURA,EMCV,32.4,20.0,1.0,https://indomet.gob.do/wp-content/uploads/2026/02/temperaturas-extremas-y-precipitaciones-2026x02x02-a.pdf
2026-02-02,054,PARQUE MIRADOR SUR,DISTRITO NACIONAL,AYUNTAMIENTO,EMCV,30.0,20.0,1.0,https://indomet.gob.do/wp-content/uploads/2026/02/temperaturas-extremas-y-precipitaciones-2026x02x02-a.pdf
2026-02-02,055,TAVERA,SANTIAGO,INDRHI,EMCI,,,0.9,https://indomet.gob.do/wp-content/uploads/2026/02/temperaturas-extremas-y-precipitaciones-2026x02x02-a.pdf
2026-02-02,056,HATO MAYOR,HATO MAYOR,MINISTERIO DE AGRICULTURA,EMCV,,,0.8,https://indomet.gob.do/wp-content/uploads/2026/02/temperaturas-extremas-y-precipitaciones-2026x02x02-a.pdf
2026-02-02,057,VILLA ALTAGRACIA,SAN CRISTÓBAL,ESCUELA JAVIER ANGULO GURIDI,EMCI,,,0.7,https://indomet.gob.do/wp-content/uploads/2026/02/temperaturas-extremas-y-precipitaciones-2026x02x02-a.pdf
2026-02-02,058,VILLA VASQUEZ (EMA),MONTE CRISTI,JUNTA DE REGANTES,EMAI,,,0.4,https://indomet.gob.do/wp-content/uploads/2026/02/temperaturas-extremas-y-precipitaciones-2026x02x02-a.pdf
2026-02-02,059,LA VEGA,LA VEGA,IATESA,EMCI,24.5,18.5,0.3,https://indomet.gob.do/wp-content/uploads/2026/02/temperaturas-extremas-y-precipitaciones-2026x02x02-a.pdf
2026-02-02,060,ARPT. DE LAS AMÉRICAS,SANTO DOMINGO,INDOMET,EMCI,25.0,18.2,0.2,https://indomet.gob.do/wp-content/uploads/2026/02/temperaturas-extremas-y-precipitaciones-2026x02x02-a.pdf
2026-02-02,061,BANI (EMA),PERAVIA,MINISTERIO DE AGRICULTURA,EMAP,26.2,19.8,0.2,https://indomet.gob.do/wp-content/uploads/2026/02/temperaturas-extremas-y-precipitaciones-2026x02x02-a.pdf
2026-02-02,062,LOS LLANOS,SAN PEDRO DE MACORÍS,MINISTERIO DE AGRICULTURA,EMCI,29.5,19.4,0.2,https://indomet.gob.do/wp-content/uploads/2026/02/temperaturas-extremas-y-precipitaciones-2026x02x02-a.pdf
2026-02-02,063,PONTÓN ABAJO (EMA),LA VEGA,MINISTERIO DE AGRICULTURA,EMAP,24.9,19.5,0.2,https://indomet.gob.do/wp-content/uploads/2026/02/temperaturas-extremas-y-precipitaciones-2026x02x02-a.pdf
2026-02-02,064,JARDÍN BOTÁNICO SANTIAGO (EMSANTIAGO,,JARDIN BOTANICO SANTIAGO,EMAI,22.1,17.4,0.2,https://indomet.gob.do/wp-content/uploads/2026/02/temperaturas-extremas-y-precipitaciones-2026x02x02-a.pdf
2026-02-02,065,ARPT. DEL CIBAO,SANTIAGO,INDOMET,EMCI,25.0,18.0,0.1,https://indomet.gob.do/wp-content/uploads/2026/02/temperaturas-extremas-y-precipitaciones-2026x02x02-a.pdf
2026-02-02,066,ARPT. LA ISABELA,SANTO DOMINGO,INDOMET,EMCI,24.5,20.4,0.1,https://indomet.gob.do/wp-content/uploads/2026/02/temperaturas-extremas-y-precipitaciones-2026x02x02-a.pdf
2026-02-02,067,BAYAGUANA,MONTE PLATA,INDOMET,EMCI,29.0,21.0,0.1,https://indomet.gob.do/wp-content/uploads/2026/02/temperaturas-extremas-y-precipitaciones-2026x02x02-a.pdf
2026-02-02,068,ENRIQUILLO,BARAHONA,MINISTERIO DE AGRICULTURA,EMCV,32.0,20.5,0.1,https://indomet.gob.do/wp-content/uploads/2026/02/temperaturas-extremas-y-precipitaciones-2026x02x02-a.pdf
2026-02-02,069,JARDÍN BOTÁNICO NACIONAL,DISTRITO NACIONAL,JARDÍN BOTÁNICO NACIONAL,EMCV,28.0,19.5,0.1,https://indomet.gob.do/wp-content/uploads/2026/02/temperaturas-extremas-y-precipitaciones-2026x02x02-a.pdf
2026-02-02,070,SABANA GRANDE DE BOYÁ,MONTE PLATA,MINISTERIO DE AGRICULTURA,EMCV,,,0.1,https://indomet.gob.do/wp-content/uploads/2026/02/temperaturas-extremas-y-precipitaciones-2026x02x02-a.pdf
2026-02-02,071,SANTO DOMINGO ESTE,SANTO DOMINGO,INDOMET,EMCI,26.0,20.4,0.1,https://indomet.gob.do/wp-content/uploads/2026/02/temperaturas-extremas-y-precipitaciones-2026x02x02-a.pdf
2026-02-02,072,ANAMUYA (EMA),LA ALTAGRACIA,MINISTERIO DE AGRICULTURA,EMAP,24.5,21.6,0.0,https://indomet.gob.do/wp-content/uploads/2026/02/temperaturas-extremas-y-precipitaciones-2026x02x02-a.pdf
2026-02-02,073,ARPT. DE LA ROMANA,LA ROMANA,INDOMET,EMCI,25.2,20.8,0.0,https://indomet.gob.do/wp-content/uploads/2026/02/temperaturas-extremas-y-precipitaciones-2026x02x02-a.pdf
2026-02-02,074,ARPT. MARÍA MONTEZ,BARAHONA,INDOMET,EMCI,28.2,22.5,0.0,https://indomet.gob.do/wp-content/uploads/2026/02/temperaturas-extremas-y-precipitaciones-2026x02x02-a.pdf
2026-02-02,075,EL CERCADO,SAN JUAN,MINISTERIO DE AGRICULTURA,EMCV,,,0.0,https://indomet.gob.do/wp-content/uploads/2026/02/temperaturas-extremas-y-precipitaciones-2026x02x02-a.pdf
2026-02-02,076,ELÍAS PIÑA,ELÍAS PIÑA,MINISTERIO DE AGRICULTURA,EMCV,,,0.0,https://indomet.gob.do/wp-content/uploads/2026/02/temperaturas-extremas-y-precipitaciones-2026x02x02-a.pdf
2026-02-02,077,JIMANÍ,INDEPENDENCIA,MINISTERIO DE AGRICULTURA,EMCI,26.2,22.4,0.0,https://indomet.gob.do/wp-content/uploads/2026/02/temperaturas-extremas-y-precipitaciones-2026x02x02-a.pdf
2026-02-02,078,LA VICTORIA,SANTO DOMINGO,CUERPO DE BOMBEROS,EMCI,25.5,18.2,0.0,https://indomet.gob.do/wp-content/uploads/2026/02/temperaturas-extremas-y-precipitaciones-2026x02x02-a.pdf
2026-02-02,079,LAS CANAS (EMA),MONTE CRISTI,PROGRAMA MUNDIAL DE ALIMENTO,EMAP,19.4,16.8,0.0,https://indomet.gob.do/wp-content/uploads/2026/02/temperaturas-extremas-y-precipitaciones-2026x02x02-a.pdf
2026-02-02,080,LAS MATAS DE SANTA CRUZ (EMA,MONTE CRISTI,PROGRAMA MUNDIAL DE ALIMENTO,EMAP,,,0.0,https://indomet.gob.do/wp-content/uploads/2026/02/temperaturas-extremas-y-precipitaciones-2026x02x02-a.pdf
2026-02-02,081,PASO AL MEDIO,SAN PEDRO DE MACORÍS,INDRHI,EMCI,,,0.0,https://indomet.gob.do/wp-content/uploads/2026/02/temperaturas-extremas-y-precipitaciones-2026x02x02-a.pdf
2026-02-02,082,SAN FRANCISCO DE MACORÍS,DUARTE,San Francisco de Macorís (UASD),EMCI,29.1,19.5,0.0,https://indomet.gob.do/wp-content/uploads/2026/02/temperaturas-extremas-y-precipitaciones-2026x02x02-a.pdf
2026-02-02,083,SAN RAFAEL DEL YUMA,LA ALTAGRACIA,MINISTERIO DE AGRICULTURA,EMCI,27.3,21.1,0.0,https://indomet.gob.do/wp-content/uploads/2026/02/temperaturas-extremas-y-precipitaciones-2026x02x02-a.pdf
2026-02-02,084,TÁBARA ABAJO,AZUA,INDRHI,EMCI,29.0,16.4,0.0,https://indomet.gob.do/wp-content/uploads/2026/02/temperaturas-extremas-y-precipitaciones-2026x02x02-a.pdf
2026-02-03,001,BUCARA (EMA),SANTIAGO,MINISTERIO DE AGRICULTURA,EMAI,,,6.8,https://indomet.gob.do/wp-content/uploads/2026/02/temperaturas-extremas-y-precipitaciones-2026x02x03-a.pdf
2026-02-03,002,EL FACTOR (EMA),MARÍA TRINIDAD SÁNCHEZ,INTEC,EMAP,29.4,19.9,4.8,https://indomet.gob.do/wp-content/uploads/2026/02/temperaturas-extremas-y-precipitaciones-2026x02x03-a.pdf
2026-02-03,003,GASPAR HERNÁNDEZ,ESPAILLAT,PROPIEDAD DEL EMPLEADO,EMCI,,,3.2,https://indomet.gob.do/wp-content/uploads/2026/02/temperaturas-extremas-y-precipitaciones-2026x02x03-a.pdf
2026-02-03,004,MICHES (EMA),EL SEIBO,PRIVADA,EMAP,24.4,21.6,3.2,https://indomet.gob.do/wp-content/uploads/2026/02/temperaturas-extremas-y-precipitaciones-2026x02x03-a.pdf
2026-02-03,005,VILLA RIVA,DUARTE,HOSP. MPAL. ALICIA DE LEGENDRE,EMCI,24.6,17.7,3.1,https://indomet.gob.do/wp-content/uploads/2026/02/temperaturas-extremas-y-precipitaciones-2026x02x03-a.pdf
2026-02-03,006,PEDERNALES,PEDERNALES,INDRHI,EMCI,,,2.5,https://indomet.gob.do/wp-content/uploads/2026/02/temperaturas-extremas-y-precipitaciones-2026x02x03-a.pdf
2026-02-03,007,OLIVARES,PEDERNALES,INDRHI,EMCI,,,2.3,https://indomet.gob.do/wp-content/uploads/2026/02/temperaturas-extremas-y-precipitaciones-2026x02x03-a.pdf
2026-02-03,008,HONDO VALLE,ELÍAS PIÑA,MINISTERIO DE AGRICULTURA,EMCI,23.8,12.3,1.6,https://indomet.gob.do/wp-content/uploads/2026/02/temperaturas-extremas-y-precipitaciones-2026x02x03-a.pdf
2026-02-03,009,MONCIÓN (EMA),SANTIAGO RODRÍGUEZ,PROGRAMA MUNDIAL DE ALIMENTO,EMAP,20.9,16.0,1.6,https://indomet.gob.do/wp-content/uploads/2026/02/temperaturas-extremas-y-precipitaciones-2026x02x03-a.pdf
2026-02-03,010,ALTAMIRA,PUERTO PLATA,HOSP. MPAL. DE ALTAMIRA,EMCI,22.5,16.9,1.4,https://indomet.gob.do/wp-content/uploads/2026/02/temperaturas-extremas-y-precipitaciones-2026x02x03-a.pdf
2026-02-03,011,LUPERÓN,PUERTO PLATA,MINISTERIO DE AGRICULTURA,EMCV,,,1.4,https://indomet.gob.do/wp-content/uploads/2026/02/temperaturas-extremas-y-precipitaciones-2026x02x03-a.pdf
2026-02-03,012,PALO ÍNDIO,PUERTO PLATA,MINISTERIO DE AGRICULTURA,EMCI,,,1.3,https://indomet.gob.do/wp-content/uploads/2026/02/temperaturas-extremas-y-precipitaciones-2026x02x03-a.pdf
2026-02-03,013,ARPT. EL CATEY,SAMANÁ,INDOMET,EMCI,25.2,18.5,1.0,https://indomet.gob.do/wp-content/uploads/2026/02/temperaturas-extremas-y-precipitaciones-2026x02x03-a.pdf
2026-02-03,014,JARABACOA,LA VEGA,INDRHI / MARENA,EMCI,20.4,13.0,1.0,https://indomet.gob.do/wp-content/uploads/2026/02/temperaturas-extremas-y-precipitaciones-2026x02x03-a.pdf
2026-02-03,015,LOS JENGIBRES,NAGUA,INDRHI,EMCI,,,0.9,https://indomet.gob.do/wp-content/uploads/2026/02/temperaturas-extremas-y-precipitaciones-2026x02x03-a.pdf
2026-02-03,016,JUMA BEJUCAL,MONSEÑOR NOUEL,IDIAF,EMCV,23.0,18.4,0.8,https://indomet.gob.do/wp-content/uploads/2026/02/temperaturas-extremas-y-precipitaciones-2026x02x03-a.pdf
2026-02-03,017,ARPT. GREGORIO LUPERÓN,PUERTO PLATA,INDOMET,EMCI,24.6,17.6,0.6,https://indomet.gob.do/wp-content/uploads/2026/02/temperaturas-extremas-y-precipitaciones-2026x02x03-a.pdf
2026-02-03,018,ENRIQUILLO,BARAHONA,MINISTERIO DE AGRICULTURA,EMCV,30.0,20.5,0.6,https://indomet.gob.do/wp-content/uploads/2026/02/temperaturas-extremas-y-precipitaciones-2026x02x03-a.pdf
2026-02-03,019,LA VEGA,LA VEGA,IATESA,EMCI,24.0,19.0,0.6,https://indomet.gob.do/wp-content/uploads/2026/02/temperaturas-extremas-y-precipitaciones-2026x02x03-a.pdf
2026-02-03,020,RÍO SAN JUAN,MARÍA TRINIDAD SÁNCHEZ,HOSP. MPAL. DR. DESIDERIO ACOSTA,EMCV,25.8,20.5,0.6,https://indomet.gob.do/wp-content/uploads/2026/02/temperaturas-extremas-y-precipitaciones-2026x02x03-a.pdf
2026-02-03,021,ARPT. DE PUNTA CANA,LA ALTAGRACIA,INDOMET,EMCI,26.9,18.5,0.4,https://indomet.gob.do/wp-content/uploads/2026/02/temperaturas-extremas-y-precipitaciones-2026x02x03-a.pdf
2026-02-03,022,SABANA DE LA MAR,HATO MAYOR,INDOMET,EMCI,26.5,20.2,0.4,https://indomet.gob.do/wp-content/uploads/2026/02/temperaturas-extremas-y-precipitaciones-2026x02x03-a.pdf
2026-02-03,023,SÁNCHEZ,SAMANÁ,MINISTERIO DE AGRICULTURA,EMCI,25.4,20.5,0.4,https://indomet.gob.do/wp-content/uploads/2026/02/temperaturas-extremas-y-precipitaciones-2026x02x03-a.pdf
2026-02-03,024,TAVERA,SANTIAGO,INDRHI,EMCI,,,0.4,https://indomet.gob.do/wp-content/uploads/2026/02/temperaturas-extremas-y-precipitaciones-2026x02x03-a.pdf
2026-02-03,025,ESCONDIDO,PERAVIA,MINISTERIO DE AGRICULTURA,EMCV,28.0,20.0,0.3,https://indomet.gob.do/wp-content/uploads/2026/02/temperaturas-extremas-y-precipitaciones-2026x02x03-a.pdf
2026-02-03,026,HATO MAYOR,HATO MAYOR,MINISTERIO DE AGRICULTURA,EMCV,,,0.3,https://indomet.gob.do/wp-content/uploads/2026/02/temperaturas-extremas-y-precipitaciones-2026x02x03-a.pdf
2026-02-03,027,OVIEDO,PEDERNALES,CLÍNICA RURAL OVIEDO,EMCI,31.0,21.5,0.3,https://indomet.gob.do/wp-content/uploads/2026/02/temperaturas-extremas-y-precipitaciones-2026x02x03-a.pdf
2026-02-03,028,POLO,BARAHONA,INDOCAFE,EMCI,,16.0,0.2,https://indomet.gob.do/wp-content/uploads/2026/02/temperaturas-extremas-y-precipitaciones-2026x02x03-a.pdf
2026-02-03,029,SABANETA (EMA),SANTIAGO RODRÍGUEZ,PROGRAMA MUNDIAL DE ALIMENTO,EMAP,24.1,17.4,0.2,https://indomet.gob.do/wp-content/uploads/2026/02/temperaturas-extremas-y-precipitaciones-2026x02x03-a.pdf
2026-02-03,030,TAMBORIL,SANTIAGO,MINISTERIO DE AGRICULTURA,EMCV,,,0.2,https://indomet.gob.do/wp-content/uploads/2026/02/temperaturas-extremas-y-precipitaciones-2026x02x03-a.pdf
2026-02-03,031,ARROYO LORO,SAN JUAN,IDIAF,EMCI,25.4,16.4,0.1,https://indomet.gob.do/wp-content/uploads/2026/02/temperaturas-extremas-y-precipitaciones-2026x02x03-a.pdf
2026-02-03,032,CABRAL,BARAHONA,MINISTERIO DE AGRICULTURA,EMCV,28.4,18.4,0.1,https://indomet.gob.do/wp-content/uploads/2026/02/temperaturas-extremas-y-precipitaciones-2026x02x03-a.pdf
2026-02-03,033,CABRERA,MARÍA TRINIDAD SÁNCHEZ,ESCUELA ARÍSTIDES FIALLO CABRAL,EMCI,26.5,20.0,0.1,https://indomet.gob.do/wp-content/uploads/2026/02/temperaturas-extremas-y-precipitaciones-2026x02x03-a.pdf
2026-02-03,034,ALTO BANDERA (EMA),LA VEGA,INTEC,EMAP,15.0,8.6,0.0,https://indomet.gob.do/wp-content/uploads/2026/02/temperaturas-extremas-y-precipitaciones-2026x02x03-a.pdf
2026-02-03,035,ANAMUYA (EMA),LA ALTAGRACIA,MINISTERIO DE AGRICULTURA,EMAP,26.8,21.6,0.0,https://indomet.gob.do/wp-content/uploads/2026/02/temperaturas-extremas-y-precipitaciones-2026x02x03-a.pdf
2026-02-03,036,ARPT. ARROYO BARRIL,SAMANÁ,INDOMET,EMCI,24.9,20.0,0.0,https://indomet.gob.do/wp-content/uploads/2026/02/temperaturas-extremas-y-precipitaciones-2026x02x03-a.pdf
2026-02-03,037,ARPT. DE LA ROMANA,LA ROMANA,INDOMET,EMCI,27.2,20.4,0.0,https://indomet.gob.do/wp-content/uploads/2026/02/temperaturas-extremas-y-precipitaciones-2026x02x03-a.pdf
2026-02-03,038,ARPT. DE LAS AMÉRICAS,SANTO DOMINGO,INDOMET,EMCI,26.3,18.2,0.0,https://indomet.gob.do/wp-content/uploads/2026/02/temperaturas-extremas-y-precipitaciones-2026x02x03-a.pdf
2026-02-03,039,ARPT. DEL CIBAO,SANTIAGO,INDOMET,EMCI,24.5,17.9,0.0,https://indomet.gob.do/wp-content/uploads/2026/02/temperaturas-extremas-y-precipitaciones-2026x02x03-a.pdf
2026-02-03,040,ARPT. LA ISABELA,SANTO DOMINGO,INDOMET,EMCI,28.0,20.0,0.0,https://indomet.gob.do/wp-content/uploads/2026/02/temperaturas-extremas-y-precipitaciones-2026x02x03-a.pdf
2026-02-03,041,ARPT. MARÍA MONTEZ,BARAHONA,INDOMET,EMCI,29.5,20.0,0.0,https://indomet.gob.do/wp-content/uploads/2026/02/temperaturas-extremas-y-precipitaciones-2026x02x03-a.pdf
2026-02-03,042,BANI (EMA),PERAVIA,MINISTERIO DE AGRICULTURA,EMAP,28.2,23.0,0.0,https://indomet.gob.do/wp-content/uploads/2026/02/temperaturas-extremas-y-precipitaciones-2026x02x03-a.pdf
2026-02-03,043,BASE AÉREA DE SAN ISIDRO,SANTO DOMINGO,FUERZA AÉREA DOMINICANA,EMCV,,,0.0,https://indomet.gob.do/wp-content/uploads/2026/02/temperaturas-extremas-y-precipitaciones-2026x02x03-a.pdf
2026-02-03,044,BAYAGUANA,MONTE PLATA,INDOMET,EMCI,27.2,17.0,0.0,https://indomet.gob.do/wp-content/uploads/2026/02/temperaturas-extremas-y-precipitaciones-2026x02x03-a.pdf
2026-02-03,045,BOCA DE MAO (EMA),VALVERDE,MINISTERIO DE AGRICULTURA,EMAP,25.7,18.7,0.0,https://indomet.gob.do/wp-content/uploads/2026/02/temperaturas-extremas-y-precipitaciones-2026x02x03-a.pdf
2026-02-03,046,BOHECHÍO,SAN JUAN,MINISTERIO DE AGRICULTURA,EMCV,,,0.0,https://indomet.gob.do/wp-content/uploads/2026/02/temperaturas-extremas-y-precipitaciones-2026x02x03-a.pdf
2026-02-03,047,CENTRO DE LOS HEROES (EMA),DISTRITO NACIONAL,MINISTERIO DE ENERGIA Y MINA,EMAP,26.4,21.8,0.0,https://indomet.gob.do/wp-content/uploads/2026/02/temperaturas-extremas-y-precipitaciones-2026x02x03-a.pdf
2026-02-03,048,CONSTANZA,LA VEGA,MINISTERIO DE AGRICULTURA,EMCI,18.0,12.0,0.0,https://indomet.gob.do/wp-content/uploads/2026/02/temperaturas-extremas-y-precipitaciones-2026x02x03-a.pdf
2026-02-03,049,CONSTANZA (EMA),LA VEGA,PROGRAMA MUNDIAL DE ALIMENTO,EMAP,17.1,13.4,0.0,https://indomet.gob.do/wp-content/uploads/2026/02/temperaturas-extremas-y-precipitaciones-2026x02x03-a.pdf
2026-02-03,050,DAJABÓN,DAJABÓN,INSTITUTO POLITÉCNICO LOYOLA,EMCI,33.7,18.3,0.0,https://indomet.gob.do/wp-content/uploads/2026/02/temperaturas-extremas-y-precipitaciones-2026x02x03-a.pdf
2026-02-03,051,ELÍAS PIÑA,ELÍAS PIÑA,MINISTERIO DE AGRICULTURA,EMCV,,,0.0,https://indomet.gob.do/wp-content/uploads/2026/02/temperaturas-extremas-y-precipitaciones-2026x02x03-a.pdf
2026-02-03,052,GURABO,SANTIAGO,MINISTERIO DE AGRICULTURA,EMCV,,,0.0,https://indomet.gob.do/wp-content/uploads/2026/02/temperaturas-extremas-y-precipitaciones-2026x02x03-a.pdf
2026-02-03,053,JARDÍN BOTÁNICO NACIONAL,DISTRITO NACIONAL,JARDÍN BOTÁNICO NACIONAL,EMCV,27.0,18.9,0.0,https://indomet.gob.do/wp-content/uploads/2026/02/temperaturas-extremas-y-precipitaciones-2026x02x03-a.pdf
2026-02-03,054,JARDÍN BOTÁNICO SANTIAGO (EMSANTIAGO,,JARDIN BOTANICO SANTIAGO,EMAI,23.7,19.1,0.0,https://indomet.gob.do/wp-content/uploads/2026/02/temperaturas-extremas-y-precipitaciones-2026x02x03-a.pdf
2026-02-03,055,JIMANÍ,INDEPENDENCIA,MINISTERIO DE AGRICULTURA,EMCI,28.2,20.5,0.0,https://indomet.gob.do/wp-content/uploads/2026/02/temperaturas-extremas-y-precipitaciones-2026x02x03-a.pdf
2026-02-03,056,LA VICTORIA,SANTO DOMINGO,CUERPO DE BOMBEROS,EMCI,27.5,20.5,0.0,https://indomet.gob.do/wp-content/uploads/2026/02/temperaturas-extremas-y-precipitaciones-2026x02x03-a.pdf
2026-02-03,057,LAS CANAS (EMA),MONTE CRISTI,PROGRAMA MUNDIAL DE ALIMENTO,EMAP,22.8,19.5,0.0,https://indomet.gob.do/wp-content/uploads/2026/02/temperaturas-extremas-y-precipitaciones-2026x02x03-a.pdf
2026-02-03,058,LAS MATAS DE SANTA CRUZ (EMA,MONTE CRISTI,PROGRAMA MUNDIAL DE ALIMENTO,EMAP,,,0.0,https://indomet.gob.do/wp-content/uploads/2026/02/temperaturas-extremas-y-precipitaciones-2026x02x03-a.pdf
2026-02-03,059,LOS LLANOS,SAN PEDRO DE MACORÍS,MINISTERIO DE AGRICULTURA,EMCI,27.2,21.0,0.0,https://indomet.gob.do/wp-content/uploads/2026/02/temperaturas-extremas-y-precipitaciones-2026x02x03-a.pdf
2026-02-03,060,MAO,VALVERDE,INDRHI / MINISTERIO DE AGRICULTURA,EMCV,,,0.0,https://indomet.gob.do/wp-content/uploads/2026/02/temperaturas-extremas-y-precipitaciones-2026x02x03-a.pdf
2026-02-03,061,MONTE CRISTI,MONTE CRISTI,INDOMET,EMCI,25.4,18.2,0.0,https://indomet.gob.do/wp-content/uploads/2026/02/temperaturas-extremas-y-precipitaciones-2026x02x03-a.pdf
2026-02-03,062,PADRE LAS CASAS,AZUA,HOSP. NTRA. SRA. DEL CARMEN,EMCI,25.5,15.5,0.0,https://indomet.gob.do/wp-content/uploads/2026/02/temperaturas-extremas-y-precipitaciones-2026x02x03-a.pdf
2026-02-03,063,PASO AL MEDIO,SAN PEDRO DE MACORÍS,INDRHI,EMCI,,,0.0,https://indomet.gob.do/wp-content/uploads/2026/02/temperaturas-extremas-y-precipitaciones-2026x02x03-a.pdf
2026-02-03,064,PERALTA,AZUA,HOSP. MPAL. DE PERALTA,EMCI,26.5,16.5,0.0,https://indomet.gob.do/wp-content/uploads/2026/02/temperaturas-extremas-y-precipitaciones-2026x02x03-a.pdf
2026-02-03,065,PESCADERIA (EMA),BARAHONA,MINISTERIO DE AGRICULTURA,EMAP,,,0.0,https://indomet.gob.do/wp-content/uploads/2026/02/temperaturas-extremas-y-precipitaciones-2026x02x03-a.pdf
2026-02-03,066,PRESA DE TAVERAS (EMA),LA VEGA,PROGRAMA MUNDIAL DE ALIMENTO,EMAP,22.7,16.9,0.0,https://indomet.gob.do/wp-content/uploads/2026/02/temperaturas-extremas-y-precipitaciones-2026x02x03-a.pdf
2026-02-03,067,RANCHO ARRIBA,SAN JOSÉ DE OCOA,CENTRO TECNOLÓGICO COMUNITARIO,EMCI,22.5,16.6,0.0,https://indomet.gob.do/wp-content/uploads/2026/02/temperaturas-extremas-y-precipitaciones-2026x02x03-a.pdf
2026-02-03,068,RESTAURACIÓN,DAJABÓN,MINISTERIO DE AGRICULTURA,EMCI,20.9,11.3,0.0,https://indomet.gob.do/wp-content/uploads/2026/02/temperaturas-extremas-y-precipitaciones-2026x02x03-a.pdf
2026-02-03,069,SABANA GRANDE DE BOYÁ,MONTE PLATA,MINISTERIO DE AGRICULTURA,EMCV,,,0.0,https://indomet.gob.do/wp-content/uploads/2026/02/temperaturas-extremas-y-precipitaciones-2026x02x03-a.pdf
2026-02-03,070,SAJOMA (EMA),SANTIAGO,PLAN SIERRA,EMAI,21.6,17.2,0.0,https://indomet.gob.do/wp-content/uploads/2026/02/temperaturas-extremas-y-precipitaciones-2026x02x03-a.pdf
2026-02-03,071,SALCEDO,HERMANAS MIRABAL,PROPIEDAD DEL EMPLEADO,EMCI,,,0.0,https://indomet.gob.do/wp-content/uploads/2026/02/temperaturas-extremas-y-precipitaciones-2026x02x03-a.pdf
2026-02-03,072,SAMANÁ,SAMANÁ,COMANDANCIA DE PUERTO DE SAMANÁ,EMCI,21.9,17.9,0.0,https://indomet.gob.do/wp-content/uploads/2026/02/temperaturas-extremas-y-precipitaciones-2026x02x03-a.pdf
2026-02-03,073,SAN CRISTÓBAL,SAN CRISTÓBAL,INSTITUTO POLITÉCNICO LOYOLA,EMCI,24.8,18.2,0.0,https://indomet.gob.do/wp-content/uploads/2026/02/temperaturas-extremas-y-precipitaciones-2026x02x03-a.pdf
2026-02-03,074,SAN FRANCISCO DE MACORÍS,DUARTE,San Francisco de Macorís (UASD),EMCI,24.5,18.4,0.0,https://indomet.gob.do/wp-content/uploads/2026/02/temperaturas-extremas-y-precipitaciones-2026x02x03-a.pdf
2026-02-03,075,SAN RAFAEL DEL YUMA,LA ALTAGRACIA,MINISTERIO DE AGRICULTURA,EMCI,27.7,21.8,0.0,https://indomet.gob.do/wp-content/uploads/2026/02/temperaturas-extremas-y-precipitaciones-2026x02x03-a.pdf
2026-02-03,076,SANTIAGO RODRÍGUEZ,SANTIAGO RODRÍGUEZ,INDOMET,EMCI,24.5,18.0,0.0,https://indomet.gob.do/wp-content/uploads/2026/02/temperaturas-extremas-y-precipitaciones-2026x02x03-a.pdf
2026-02-03,077,SANTO DOMINGO ESTE,SANTO DOMINGO,INDOMET,EMCI,29.5,19.5,0.0,https://indomet.gob.do/wp-content/uploads/2026/02/temperaturas-extremas-y-precipitaciones-2026x02x03-a.pdf
2026-02-03,078,TÁBARA ABAJO,AZUA,INDRHI,EMCI,28.7,16.5,0.0,https://indomet.gob.do/wp-content/uploads/2026/02/temperaturas-extremas-y-precipitaciones-2026x02x03-a.pdf
2026-02-03,079,VALLE NUEVO (EMA),LA VEGA,MARENA,EMAI,18.7,6.8,0.0,https://indomet.gob.do/wp-content/uploads/2026/02/temperaturas-extremas-y-precipitaciones-2026x02x03-a.pdf
2026-02-03,080,VILLA ALTAGRACIA,SAN CRISTÓBAL,ESCUELA JAVIER ANGULO GURIDI,EMCI,,,0.0,https://indomet.gob.do/wp-content/uploads/2026/02/temperaturas-extremas-y-precipitaciones-2026x02x03-a.pdf
2026-02-03,081,VILLA GONZALES,SANTIAGO,MINISTERIO DE AGRICULTURA,EMCI,,,0.0,https://indomet.gob.do/wp-content/uploads/2026/02/temperaturas-extremas-y-precipitaciones-2026x02x03-a.pdf
2026-02-03,082,VILLA ISABELA,PUERTO PLATA,MINISTERIO DE AGRICULTURA,EMCV,,,0.0,https://indomet.gob.do/wp-content/uploads/2026/02/temperaturas-extremas-y-precipitaciones-2026x02x03-a.pdf
2026-02-03,083,VILLA VASQUEZ (EMA),MONTE CRISTI,JUNTA DE REGANTES,EMAI,,,0.0,https://indomet.gob.do/wp-content/uploads/2026/02/temperaturas-extremas-y-precipitaciones-2026x02x03-a.pdf
2026-02-03,084,PONTÓN ABAJO (EMA),LA VEGA,MINISTERIO DE AGRICULTURA,EMAP,24.6,19.5,,https://indomet.gob.do/wp-content/uploads/2026/02/temperaturas-extremas-y-precipitaciones-2026x02x03-a.pdf
2026-02-04,001,SAMANÁ,SAMANÁ,COMANDANCIA DE PUERTO DE SAMANÁ,EMCI,28.3,17.4,23.4,https://indomet.gob.do/wp-content/uploads/2026/02/temperaturas-extremas-y-precipitaciones-2026x02x04-a.pdf
2026-02-04,002,SABANA DE LA MAR,HATO MAYOR,INDOMET,EMCI,27.6,22.4,20.5,https://indomet.gob.do/wp-content/uploads/2026/02/temperaturas-extremas-y-precipitaciones-2026x02x04-a.pdf
2026-02-04,003,ARPT. ARROYO BARRIL,SAMANÁ,INDOMET,EMCI,26.7,21.4,14.2,https://indomet.gob.do/wp-content/uploads/2026/02/temperaturas-extremas-y-precipitaciones-2026x02x04-a.pdf
2026-02-04,004,ARPT. DE PUNTA CANA,LA ALTAGRACIA,INDOMET,EMCI,27.2,18.3,11.0,https://indomet.gob.do/wp-content/uploads/2026/02/temperaturas-extremas-y-precipitaciones-2026x02x04-a.pdf
2026-02-04,005,CABRERA,MARÍA TRINIDAD SÁNCHEZ,ESCUELA ARÍSTIDES FIALLO CABRAL,EMCI,27.5,22.5,6.1,https://indomet.gob.do/wp-content/uploads/2026/02/temperaturas-extremas-y-precipitaciones-2026x02x04-a.pdf
2026-02-04,006,MICHES (EMA),EL SEIBO,PRIVADA,EMAP,25.9,22.2,6.0,https://indomet.gob.do/wp-content/uploads/2026/02/temperaturas-extremas-y-precipitaciones-2026x02x04-a.pdf
2026-02-04,007,POLO,BARAHONA,INDOCAFE,EMCI,,18.5,5.6,https://indomet.gob.do/wp-content/uploads/2026/02/temperaturas-extremas-y-precipitaciones-2026x02x04-a.pdf
2026-02-04,008,SÁNCHEZ,SAMANÁ,MINISTERIO DE AGRICULTURA,EMCI,26.8,21.2,4.4,https://indomet.gob.do/wp-content/uploads/2026/02/temperaturas-extremas-y-precipitaciones-2026x02x04-a.pdf
2026-02-04,009,EL FACTOR (EMA),MARÍA TRINIDAD SÁNCHEZ,INTEC,EMAP,28.8,22.3,4.1,https://indomet.gob.do/wp-content/uploads/2026/02/temperaturas-extremas-y-precipitaciones-2026x02x04-a.pdf
2026-02-04,010,BUCARA (EMA),SANTIAGO,MINISTERIO DE AGRICULTURA,EMAI,,,3.6,https://indomet.gob.do/wp-content/uploads/2026/02/temperaturas-extremas-y-precipitaciones-2026x02x04-a.pdf
2026-02-04,011,ANAMUYA (EMA),LA ALTAGRACIA,MINISTERIO DE AGRICULTURA,EMAP,26.6,21.9,3.4,https://indomet.gob.do/wp-content/uploads/2026/02/temperaturas-extremas-y-precipitaciones-2026x02x04-a.pdf
2026-02-04,012,ARPT. EL CATEY,SAMANÁ,INDOMET,EMCI,27.0,18.6,2.0,https://indomet.gob.do/wp-content/uploads/2026/02/temperaturas-extremas-y-precipitaciones-2026x02x04-a.pdf
2026-02-04,013,VILLA RIVA,DUARTE,HOSP. MPAL. ALICIA DE LEGENDRE,EMCI,27.0,19.5,1.8,https://indomet.gob.do/wp-content/uploads/2026/02/temperaturas-extremas-y-precipitaciones-2026x02x04-a.pdf
2026-02-04,014,RÍO SAN JUAN,MARÍA TRINIDAD SÁNCHEZ,HOSP. MPAL. DR. DESIDERIO ACOSTA,EMCV,28.0,21.3,1.4,https://indomet.gob.do/wp-content/uploads/2026/02/temperaturas-extremas-y-precipitaciones-2026x02x04-a.pdf
2026-02-04,015,BONAO,MONSEÑOR NOUEL,MINISTERIO DE AGRICULTURA,EMCV,,,1.3,https://indomet.gob.do/wp-content/uploads/2026/02/temperaturas-extremas-y-precipitaciones-2026x02x04-a.pdf
2026-02-04,016,JARDÍN BOTÁNICO NACIONAL,DISTRITO NACIONAL,JARDÍN BOTÁNICO NACIONAL,EMCV,30.1,18.6,1.0,https://indomet.gob.do/wp-content/uploads/2026/02/temperaturas-extremas-y-precipitaciones-2026x02x04-a.pdf
2026-02-04,017,SAN RAFAEL DEL YUMA,LA ALTAGRACIA,MINISTERIO DE AGRICULTURA,EMCI,27.7,21.1,0.9,https://indomet.gob.do/wp-content/uploads/2026/02/temperaturas-extremas-y-precipitaciones-2026x02x04-a.pdf
2026-02-04,018,BAYAGUANA,MONTE PLATA,INDOMET,EMCI,28.8,19.0,0.7,https://indomet.gob.do/wp-content/uploads/2026/02/temperaturas-extremas-y-precipitaciones-2026x02x04-a.pdf
2026-02-04,019,JUMA BEJUCAL,MONSEÑOR NOUEL,IDIAF,EMCV,27.8,20.2,0.7,https://indomet.gob.do/wp-content/uploads/2026/02/temperaturas-extremas-y-precipitaciones-2026x02x04-a.pdf
2026-02-04,020,VILLA ALTAGRACIA,SAN CRISTÓBAL,ESCUELA JAVIER ANGULO GURIDI,EMCI,,,0.6,https://indomet.gob.do/wp-content/uploads/2026/02/temperaturas-extremas-y-precipitaciones-2026x02x04-a.pdf
2026-02-04,021,PALO ÍNDIO,PUERTO PLATA,MINISTERIO DE AGRICULTURA,EMCI,,,0.5,https://indomet.gob.do/wp-content/uploads/2026/02/temperaturas-extremas-y-precipitaciones-2026x02x04-a.pdf
2026-02-04,022,TAMBORIL,SANTIAGO,MINISTERIO DE AGRICULTURA,EMCV,,,0.5,https://indomet.gob.do/wp-content/uploads/2026/02/temperaturas-extremas-y-precipitaciones-2026x02x04-a.pdf
2026-02-04,023,HATO MAYOR,HATO MAYOR,MINISTERIO DE AGRICULTURA,EMCV,,,0.5,https://indomet.gob.do/wp-content/uploads/2026/02/temperaturas-extremas-y-precipitaciones-2026x02x04-a.pdf
2026-02-04,024,JARABACOA,LA VEGA,INDRHI / MARENA,EMCI,26.6,14.2,0.5,https://indomet.gob.do/wp-content/uploads/2026/02/temperaturas-extremas-y-precipitaciones-2026x02x04-a.pdf
2026-02-04,025,LA VICTORIA,SANTO DOMINGO,CUERPO DE BOMBEROS,EMCI,29.2,20.6,0.5,https://indomet.gob.do/wp-content/uploads/2026/02/temperaturas-extremas-y-precipitaciones-2026x02x04-a.pdf
2026-02-04,026,LA VEGA,LA VEGA,IATESA,EMCI,27.0,19.0,0.4,https://indomet.gob.do/wp-content/uploads/2026/02/temperaturas-extremas-y-precipitaciones-2026x02x04-a.pdf
2026-02-04,027,PRESA DE TAVERAS (EMA),LA VEGA,PROGRAMA MUNDIAL DE ALIMENTO,EMAP,25.6,19.9,0.4,https://indomet.gob.do/wp-content/uploads/2026/02/temperaturas-extremas-y-precipitaciones-2026x02x04-a.pdf
2026-02-04,028,VALLE NUEVO (EMA),LA VEGA,MARENA,EMAI,19.0,7.1,0.4,https://indomet.gob.do/wp-content/uploads/2026/02/temperaturas-extremas-y-precipitaciones-2026x02x04-a.pdf
2026-02-04,029,ARPT. DE LA ROMANA,LA ROMANA,INDOMET,EMCI,27.9,20.3,0.3,https://indomet.gob.do/wp-content/uploads/2026/02/temperaturas-extremas-y-precipitaciones-2026x02x04-a.pdf
2026-02-04,030,LOS LLANOS,SAN PEDRO DE MACORÍS,MINISTERIO DE AGRICULTURA,EMCI,28.5,21.2,0.3,https://indomet.gob.do/wp-content/uploads/2026/02/temperaturas-extremas-y-precipitaciones-2026x02x04-a.pdf
2026-02-04,031,ARPT. DEL CIBAO,SANTIAGO,INDOMET,EMCI,27.2,18.0,0.1,https://indomet.gob.do/wp-content/uploads/2026/02/temperaturas-extremas-y-precipitaciones-2026x02x04-a.pdf
2026-02-04,032,CONSTANZA,LA VEGA,MINISTERIO DE AGRICULTURA,EMCI,23.3,11.4,0.1,https://indomet.gob.do/wp-content/uploads/2026/02/temperaturas-extremas-y-precipitaciones-2026x02x04-a.pdf
2026-02-04,033,SABANA GRANDE DE BOYÁ,MONTE PLATA,MINISTERIO DE AGRICULTURA,EMCV,,,0.1,https://indomet.gob.do/wp-content/uploads/2026/02/temperaturas-extremas-y-precipitaciones-2026x02x04-a.pdf
2026-02-04,034,SALCEDO,HERMANAS MIRABAL,PROPIEDAD DEL EMPLEADO,EMCI,,,0.1,https://indomet.gob.do/wp-content/uploads/2026/02/temperaturas-extremas-y-precipitaciones-2026x02x04-a.pdf
2026-02-04,035,ALTO BANDERA (EMA),LA VEGA,INTEC,EMAP,16.3,7.7,0.0,https://indomet.gob.do/wp-content/uploads/2026/02/temperaturas-extremas-y-precipitaciones-2026x02x04-a.pdf
2026-02-04,036,ARPT. DE LAS AMÉRICAS,SANTO DOMINGO,INDOMET,EMCI,28.0,19.5,0.0,https://indomet.gob.do/wp-content/uploads/2026/02/temperaturas-extremas-y-precipitaciones-2026x02x04-a.pdf
2026-02-04,037,ARPT. GREGORIO LUPERÓN,PUERTO PLATA,INDOMET,EMCI,25.6,19.4,0.0,https://indomet.gob.do/wp-content/uploads/2026/02/temperaturas-extremas-y-precipitaciones-2026x02x04-a.pdf
2026-02-04,038,ARPT. LA ISABELA,SANTO DOMINGO,INDOMET,EMCI,28.0,20.0,0.0,https://indomet.gob.do/wp-content/uploads/2026/02/temperaturas-extremas-y-precipitaciones-2026x02x04-a.pdf
2026-02-04,039,ARPT. MARÍA MONTEZ,BARAHONA,INDOMET,EMCI,31.8,18.0,0.0,https://indomet.gob.do/wp-content/uploads/2026/02/temperaturas-extremas-y-precipitaciones-2026x02x04-a.pdf
2026-02-04,040,ARROYO LORO,SAN JUAN,IDIAF,EMCI,32.2,16.5,0.0,https://indomet.gob.do/wp-content/uploads/2026/02/temperaturas-extremas-y-precipitaciones-2026x02x04-a.pdf
2026-02-04,041,BANI (EMA),PERAVIA,MINISTERIO DE AGRICULTURA,EMAP,29.8,23.0,0.0,https://indomet.gob.do/wp-content/uploads/2026/02/temperaturas-extremas-y-precipitaciones-2026x02x04-a.pdf
2026-02-04,042,BASE AÉREA DE SAN ISIDRO,SANTO DOMINGO,FUERZA AÉREA DOMINICANA,EMCV,28.4,21.2,0.0,https://indomet.gob.do/wp-content/uploads/2026/02/temperaturas-extremas-y-precipitaciones-2026x02x04-a.pdf
2026-02-04,043,BOCA DE MAO (EMA),VALVERDE,MINISTERIO DE AGRICULTURA,EMAP,30.5,21.1,0.0,https://indomet.gob.do/wp-content/uploads/2026/02/temperaturas-extremas-y-precipitaciones-2026x02x04-a.pdf
2026-02-04,044,BOHECHÍO,SAN JUAN,MINISTERIO DE AGRICULTURA,EMCV,,,0.0,https://indomet.gob.do/wp-content/uploads/2026/02/temperaturas-extremas-y-precipitaciones-2026x02x04-a.pdf
2026-02-04,045,CABRAL,BARAHONA,MINISTERIO DE AGRICULTURA,EMCV,32.4,20.0,0.0,https://indomet.gob.do/wp-content/uploads/2026/02/temperaturas-extremas-y-precipitaciones-2026x02x04-a.pdf
2026-02-04,046,CENTRO DE LOS HEROES (EMA),DISTRITO NACIONAL,MINISTERIO DE ENERGIA Y MINA,EMAP,29.8,22.9,0.0,https://indomet.gob.do/wp-content/uploads/2026/02/temperaturas-extremas-y-precipitaciones-2026x02x04-a.pdf
2026-02-04,047,CONSTANZA (EMA),LA VEGA,PROGRAMA MUNDIAL DE ALIMENTO,EMAP,22.6,12.7,0.0,https://indomet.gob.do/wp-content/uploads/2026/02/temperaturas-extremas-y-precipitaciones-2026x02x04-a.pdf
2026-02-04,048,DAJABÓN,DAJABÓN,INSTITUTO POLITÉCNICO LOYOLA,EMCI,33.5,19.4,0.0,https://indomet.gob.do/wp-content/uploads/2026/02/temperaturas-extremas-y-precipitaciones-2026x02x04-a.pdf
2026-02-04,049,ELÍAS PIÑA,ELÍAS PIÑA,MINISTERIO DE AGRICULTURA,EMCV,,,0.0,https://indomet.gob.do/wp-content/uploads/2026/02/temperaturas-extremas-y-precipitaciones-2026x02x04-a.pdf
2026-02-04,050,ENRIQUILLO,BARAHONA,MINISTERIO DE AGRICULTURA,EMCV,31.2,22.3,0.0,https://indomet.gob.do/wp-content/uploads/2026/02/temperaturas-extremas-y-precipitaciones-2026x02x04-a.pdf
2026-02-04,051,GASPAR HERNÁNDEZ,ESPAILLAT,PROPIEDAD DEL EMPLEADO,EMCI,,,0.0,https://indomet.gob.do/wp-content/uploads/2026/02/temperaturas-extremas-y-precipitaciones-2026x02x04-a.pdf
2026-02-04,052,GURABO,SANTIAGO,MINISTERIO DE AGRICULTURA,EMCV,,,0.0,https://indomet.gob.do/wp-content/uploads/2026/02/temperaturas-extremas-y-precipitaciones-2026x02x04-a.pdf
2026-02-04,053,HONDO VALLE,ELÍAS PIÑA,MINISTERIO DE AGRICULTURA,EMCI,23.5,12.0,0.0,https://indomet.gob.do/wp-content/uploads/2026/02/temperaturas-extremas-y-precipitaciones-2026x02x04-a.pdf
2026-02-04,054,JIMANÍ,INDEPENDENCIA,MINISTERIO DE AGRICULTURA,EMCI,33.5,20.0,0.0,https://indomet.gob.do/wp-content/uploads/2026/02/temperaturas-extremas-y-precipitaciones-2026x02x04-a.pdf
2026-02-04,055,LAS CANAS (EMA),MONTE CRISTI,PROGRAMA MUNDIAL DE ALIMENTO,EMAP,25.2,20.7,0.0,https://indomet.gob.do/wp-content/uploads/2026/02/temperaturas-extremas-y-precipitaciones-2026x02x04-a.pdf
2026-02-04,056,LAS MATAS DE SANTA CRUZ (EMA,MONTE CRISTI,PROGRAMA MUNDIAL DE ALIMENTO,EMAP,,,0.0,https://indomet.gob.do/wp-content/uploads/2026/02/temperaturas-extremas-y-precipitaciones-2026x02x04-a.pdf
2026-02-04,057,MAO,VALVERDE,INDRHI / MINISTERIO DE AGRICULTURA,EMCV,,,0.0,https://indomet.gob.do/wp-content/uploads/2026/02/temperaturas-extremas-y-precipitaciones-2026x02x04-a.pdf
2026-02-04,058,MONTE CRISTI,MONTE CRISTI,INDOMET,EMCI,28.2,18.9,0.0,https://indomet.gob.do/wp-content/uploads/2026/02/temperaturas-extremas-y-precipitaciones-2026x02x04-a.pdf
2026-02-04,059,NAVARRETE,SANTIAGO,MINISTERIO DE AGRICULTURA,EMCV,,,0.0,https://indomet.gob.do/wp-content/uploads/2026/02/temperaturas-extremas-y-precipitaciones-2026x02x04-a.pdf
2026-02-04,060,OLIVARES,PEDERNALES,INDRHI,EMCI,,,0.0,https://indomet.gob.do/wp-content/uploads/2026/02/temperaturas-extremas-y-precipitaciones-2026x02x04-a.pdf
2026-02-04,061,OVIEDO,PEDERNALES,CLÍNICA RURAL OVIEDO,EMCI,31.5,19.5,0.0,https://indomet.gob.do/wp-content/uploads/2026/02/temperaturas-extremas-y-precipitaciones-2026x02x04-a.pdf
2026-02-04,062,PADRE LAS CASAS,AZUA,HOSP. NTRA. SRA. DEL CARMEN,EMCI,32.3,15.8,0.0,https://indomet.gob.do/wp-content/uploads/2026/02/temperaturas-extremas-y-precipitaciones-2026x02x04-a.pdf
2026-02-04,063,PARQUE MIRADOR SUR,DISTRITO NACIONAL,AYUNTAMIENTO,EMCV,30.0,20.0,0.0,https://indomet.gob.do/wp-content/uploads/2026/02/temperaturas-extremas-y-precipitaciones-2026x02x04-a.pdf
2026-02-04,064,PEDERNALES,PEDERNALES,INDRHI,EMCI,,,0.0,https://indomet.gob.do/wp-content/uploads/2026/02/temperaturas-extremas-y-precipitaciones-2026x02x04-a.pdf
2026-02-04,065,PERALTA,AZUA,HOSP. MPAL. DE PERALTA,EMCI,30.5,16.6,0.0,https://indomet.gob.do/wp-content/uploads/2026/02/temperaturas-extremas-y-precipitaciones-2026x02x04-a.pdf
2026-02-04,066,PONTÓN ABAJO (EMA),LA VEGA,MINISTERIO DE AGRICULTURA,EMAP,26.6,21.7,0.0,https://indomet.gob.do/wp-content/uploads/2026/02/temperaturas-extremas-y-precipitaciones-2026x02x04-a.pdf
2026-02-04,067,RANCHO ARRIBA,SAN JOSÉ DE OCOA,CENTRO TECNOLÓGICO COMUNITARIO,EMCI,25.2,17.3,0.0,https://indomet.gob.do/wp-content/uploads/2026/02/temperaturas-extremas-y-precipitaciones-2026x02x04-a.pdf
2026-02-04,068,RESTAURACIÓN,DAJABÓN,MINISTERIO DE AGRICULTURA,EMCI,28.8,12.0,0.0,https://indomet.gob.do/wp-content/uploads/2026/02/temperaturas-extremas-y-precipitaciones-2026x02x04-a.pdf
2026-02-04,069,SABANETA (EMA),SANTIAGO RODRÍGUEZ,PROGRAMA MUNDIAL DE ALIMENTO,EMAP,28.6,18.1,0.0,https://indomet.gob.do/wp-content/uploads/2026/02/temperaturas-extremas-y-precipitaciones-2026x02x04-a.pdf
2026-02-04,070,SAN CRISTÓBAL,SAN CRISTÓBAL,INSTITUTO POLITÉCNICO LOYOLA,EMCI,30.0,19.2,0.0,https://indomet.gob.do/wp-content/uploads/2026/02/temperaturas-extremas-y-precipitaciones-2026x02x04-a.pdf
2026-02-04,071,SAN FRANCISCO DE MACORÍS,DUARTE,San Francisco de Macorís (UASD),EMCI,25.9,21.2,0.0,https://indomet.gob.do/wp-content/uploads/2026/02/temperaturas-extremas-y-precipitaciones-2026x02x04-a.pdf
2026-02-04,072,SAN JOSÉ DE OCOA,SAN JOSÉ DE OCOA,HOSP. SAN JOSÉ DE OCOA,EMCI,28.8,18.1,0.0,https://indomet.gob.do/wp-content/uploads/2026/02/temperaturas-extremas-y-precipitaciones-2026x02x04-a.pdf
2026-02-04,073,SAJOMA (EMA),SANTIAGO,PLAN SIERRA,EMAI,24.3,19.9,0.0,https://indomet.gob.do/wp-content/uploads/2026/02/temperaturas-extremas-y-precipitaciones-2026x02x04-a.pdf
2026-02-04,074,JARDÍN BOTÁNICO SANTIAGO (EMSANTIAGO,,JARDIN BOTANICO SANTIAGO,EMAI,28.0,21.1,0.0,https://indomet.gob.do/wp-content/uploads/2026/02/temperaturas-extremas-y-precipitaciones-2026x02x04-a.pdf
2026-02-04,075,VILLA VASQUEZ (EMA),MONTE CRISTI,JUNTA DE REGANTES,EMAI,,,0.0,https://indomet.gob.do/wp-content/uploads/2026/02/temperaturas-extremas-y-precipitaciones-2026x02x04-a.pdf
2026-02-04,076,SANTIAGO RODRÍGUEZ,SANTIAGO RODRÍGUEZ,INDOMET,EMCI,28.0,18.4,0.0,https://indomet.gob.do/wp-content/uploads/2026/02/temperaturas-extremas-y-precipitaciones-2026x02x04-a.pdf
2026-02-04,077,SANTO DOMINGO ESTE,SANTO DOMINGO,INDOMET,EMCI,29.0,21.5,0.0,https://indomet.gob.do/wp-content/uploads/2026/02/temperaturas-extremas-y-precipitaciones-2026x02x04-a.pdf
2026-02-04,078,TÁBARA ABAJO,AZUA,INDRHI,EMCI,31.9,21.0,0.0,https://indomet.gob.do/wp-content/uploads/2026/02/temperaturas-extremas-y-precipitaciones-2026x02x04-a.pdf
2026-02-04,079,VILLA GONZALES,SANTIAGO,MINISTERIO DE AGRICULTURA,EMCI,,,0.0,https://indomet.gob.do/wp-content/uploads/2026/02/temperaturas-extremas-y-precipitaciones-2026x02x04-a.pdf
2026-02-04,080,VILLA ISABELA,PUERTO PLATA,MINISTERIO DE AGRICULTURA,EMCV,,,0.0,https://indomet.gob.do/wp-content/uploads/2026/02/temperaturas-extremas-y-precipitaciones-2026x02x04-a.pdf
2026-02-05,001,DAJABÓN,DAJABÓN,INSTITUTO POLITÉCNICO LOYOLA,EMCI,34.3,18.0,8.6,https://indomet.gob.do/wp-content/uploads/2026/02/temperaturas-extremas-y-precipitaciones-2026x02x05-a.pdf
2026-02-05,002,MONTE CRISTI,MONTE CRISTI,INDOMET,EMCI,30.4,19.8,8.6,https://indomet.gob.do/wp-content/uploads/2026/02/temperaturas-extremas-y-precipitaciones-2026x02x05-a.pdf
2026-02-05,003,MICHES (EMA),EL SEIBO,PRIVADA,EMAP,31.5,22.3,4.4,https://indomet.gob.do/wp-content/uploads/2026/02/temperaturas-extremas-y-precipitaciones-2026x02x05-a.pdf
2026-02-05,004,MONCIÓN (EMA),SANTIAGO RODRÍGUEZ,PROGRAMA MUNDIAL DE ALIMENTO,EMAP,29.7,19.4,1.6,https://indomet.gob.do/wp-content/uploads/2026/02/temperaturas-extremas-y-precipitaciones-2026x02x05-a.pdf
2026-02-05,005,OVIEDO,PEDERNALES,CLÍNICA RURAL OVIEDO,EMCI,30.5,18.0,1.6,https://indomet.gob.do/wp-content/uploads/2026/02/temperaturas-extremas-y-precipitaciones-2026x02x05-a.pdf
2026-02-05,006,LUPERÓN,PUERTO PLATA,MINISTERIO DE AGRICULTURA,EMCV,,,1.0,https://indomet.gob.do/wp-content/uploads/2026/02/temperaturas-extremas-y-precipitaciones-2026x02x05-a.pdf
2026-02-05,007,POLO,BARAHONA,INDOCAFE,EMCI,,14.5,1.0,https://indomet.gob.do/wp-content/uploads/2026/02/temperaturas-extremas-y-precipitaciones-2026x02x05-a.pdf
2026-02-05,008,ARPT. GREGORIO LUPERÓN,PUERTO PLATA,INDOMET,EMCI,32.0,20.0,0.5,https://indomet.gob.do/wp-content/uploads/2026/02/temperaturas-extremas-y-precipitaciones-2026x02x05-a.pdf
2026-02-05,009,CABRAL,BARAHONA,MINISTERIO DE AGRICULTURA,EMCV,29.7,19.5,0.3,https://indomet.gob.do/wp-content/uploads/2026/02/temperaturas-extremas-y-precipitaciones-2026x02x05-a.pdf
2026-02-05,010,NAVARRETE,SANTIAGO,MINISTERIO DE AGRICULTURA,EMCV,,,0.3,https://indomet.gob.do/wp-content/uploads/2026/02/temperaturas-extremas-y-precipitaciones-2026x02x05-a.pdf
2026-02-05,011,ARPT. DEL CIBAO,SANTIAGO,INDOMET,EMCI,31.0,20.8,0.2,https://indomet.gob.do/wp-content/uploads/2026/02/temperaturas-extremas-y-precipitaciones-2026x02x05-a.pdf
2026-02-05,012,BUCARA (EMA),SANTIAGO,MINISTERIO DE AGRICULTURA,EMAI,,,0.2,https://indomet.gob.do/wp-content/uploads/2026/02/temperaturas-extremas-y-precipitaciones-2026x02x05-a.pdf
2026-02-05,013,ALTO BANDERA (EMA),LA VEGA,INTEC,EMAP,17.8,7.4,0.0,https://indomet.gob.do/wp-content/uploads/2026/02/temperaturas-extremas-y-precipitaciones-2026x02x05-a.pdf
2026-02-05,014,ANAMUYA (EMA),LA ALTAGRACIA,MINISTERIO DE AGRICULTURA,EMAP,30.1,20.5,0.0,https://indomet.gob.do/wp-content/uploads/2026/02/temperaturas-extremas-y-precipitaciones-2026x02x05-a.pdf
2026-02-05,015,ARPT. ARROYO BARRIL,SAMANÁ,INDOMET,EMCI,26.7,21.5,0.0,https://indomet.gob.do/wp-content/uploads/2026/02/temperaturas-extremas-y-precipitaciones-2026x02x05-a.pdf
2026-02-05,016,ARPT. DE LA ROMANA,LA ROMANA,INDOMET,EMCI,29.8,20.8,0.0,https://indomet.gob.do/wp-content/uploads/2026/02/temperaturas-extremas-y-precipitaciones-2026x02x05-a.pdf
2026-02-05,017,ARPT. DE LAS AMÉRICAS,SANTO DOMINGO,INDOMET,EMCI,29.6,20.7,0.0,https://indomet.gob.do/wp-content/uploads/2026/02/temperaturas-extremas-y-precipitaciones-2026x02x05-a.pdf
2026-02-05,018,ARPT. DE PUNTA CANA,LA ALTAGRACIA,INDOMET,EMCI,28.8,19.8,0.0,https://indomet.gob.do/wp-content/uploads/2026/02/temperaturas-extremas-y-precipitaciones-2026x02x05-a.pdf
2026-02-05,019,ARPT. EL CATEY,SAMANÁ,INDOMET,EMCI,30.4,20.5,0.0,https://indomet.gob.do/wp-content/uploads/2026/02/temperaturas-extremas-y-precipitaciones-2026x02x05-a.pdf
2026-02-05,020,ARPT. LA ISABELA,SANTO DOMINGO,INDOMET,EMCI,30.6,20.8,0.0,https://indomet.gob.do/wp-content/uploads/2026/02/temperaturas-extremas-y-precipitaciones-2026x02x05-a.pdf
2026-02-05,021,ARPT. MARÍA MONTEZ,BARAHONA,INDOMET,EMCI,30.3,22.0,0.0,https://indomet.gob.do/wp-content/uploads/2026/02/temperaturas-extremas-y-precipitaciones-2026x02x05-a.pdf
2026-02-05,022,ARROYO LORO,SAN JUAN,IDIAF,EMCI,29.4,17.0,0.0,https://indomet.gob.do/wp-content/uploads/2026/02/temperaturas-extremas-y-precipitaciones-2026x02x05-a.pdf
2026-02-05,023,BANI (EMA),PERAVIA,MINISTERIO DE AGRICULTURA,EMAP,29.4,19.3,0.0,https://indomet.gob.do/wp-content/uploads/2026/02/temperaturas-extremas-y-precipitaciones-2026x02x05-a.pdf
2026-02-05,024,BASE AÉREA DE SAN ISIDRO,SANTO DOMINGO,FUERZA AÉREA DOMINICANA,EMCV,29.1,20.1,0.0,https://indomet.gob.do/wp-content/uploads/2026/02/temperaturas-extremas-y-precipitaciones-2026x02x05-a.pdf
2026-02-05,025,BAYAGUANA,MONTE PLATA,INDOMET,EMCI,27.9,21.8,0.0,https://indomet.gob.do/wp-content/uploads/2026/02/temperaturas-extremas-y-precipitaciones-2026x02x05-a.pdf
2026-02-05,026,BOCA DE MAO (EMA),VALVERDE,MINISTERIO DE AGRICULTURA,EMAP,33.2,21.8,0.0,https://indomet.gob.do/wp-content/uploads/2026/02/temperaturas-extremas-y-precipitaciones-2026x02x05-a.pdf
2026-02-05,027,BONAO,MONSEÑOR NOUEL,MINISTERIO DE AGRICULTURA,EMCV,,,0.0,https://indomet.gob.do/wp-content/uploads/2026/02/temperaturas-extremas-y-precipitaciones-2026x02x05-a.pdf
2026-02-05,028,CABRERA,MARÍA TRINIDAD SÁNCHEZ,ESCUELA ARÍSTIDES FIALLO CABRAL,EMCI,30.0,23.0,0.0,https://indomet.gob.do/wp-content/uploads/2026/02/temperaturas-extremas-y-precipitaciones-2026x02x05-a.pdf
2026-02-05,029,CENTRO DE LOS HEROES (EMA),DISTRITO NACIONAL,MINISTERIO DE ENERGIA Y MINA,EMAP,28.9,23.6,0.0,https://indomet.gob.do/wp-content/uploads/2026/02/temperaturas-extremas-y-precipitaciones-2026x02x05-a.pdf
2026-02-05,030,CONSTANZA,LA VEGA,MINISTERIO DE AGRICULTURA,EMCI,26.7,7.9,0.0,https://indomet.gob.do/wp-content/uploads/2026/02/temperaturas-extremas-y-precipitaciones-2026x02x05-a.pdf
2026-02-05,031,EL CERCADO,SAN JUAN,MINISTERIO DE AGRICULTURA,EMCV,,,0.0,https://indomet.gob.do/wp-content/uploads/2026/02/temperaturas-extremas-y-precipitaciones-2026x02x05-a.pdf
2026-02-05,032,EL FACTOR (EMA),MARÍA TRINIDAD SÁNCHEZ,INTEC,EMAP,30.7,21.0,0.0,https://indomet.gob.do/wp-content/uploads/2026/02/temperaturas-extremas-y-precipitaciones-2026x02x05-a.pdf
2026-02-05,033,ELÍAS PIÑA,ELÍAS PIÑA,MINISTERIO DE AGRICULTURA,EMCV,,,0.0,https://indomet.gob.do/wp-content/uploads/2026/02/temperaturas-extremas-y-precipitaciones-2026x02x05-a.pdf
2026-02-05,034,ENRIQUILLO,BARAHONA,MINISTERIO DE AGRICULTURA,EMCV,32.5,19.0,0.0,https://indomet.gob.do/wp-content/uploads/2026/02/temperaturas-extremas-y-precipitaciones-2026x02x05-a.pdf
2026-02-05,035,ESCONDIDO,PERAVIA,MINISTERIO DE AGRICULTURA,EMCV,29.0,23.0,0.0,https://indomet.gob.do/wp-content/uploads/2026/02/temperaturas-extremas-y-precipitaciones-2026x02x05-a.pdf
2026-02-05,036,GASPAR HERNÁNDEZ,ESPAILLAT,PROPIEDAD DEL EMPLEADO,EMCI,,,0.0,https://indomet.gob.do/wp-content/uploads/2026/02/temperaturas-extremas-y-precipitaciones-2026x02x05-a.pdf
2026-02-05,037,GURABO,SANTIAGO,MINISTERIO DE AGRICULTURA,EMCV,,,0.0,https://indomet.gob.do/wp-content/uploads/2026/02/temperaturas-extremas-y-precipitaciones-2026x02x05-a.pdf
2026-02-05,038,HATO MAYOR,HATO MAYOR,MINISTERIO DE AGRICULTURA,EMCV,,,0.0,https://indomet.gob.do/wp-content/uploads/2026/02/temperaturas-extremas-y-precipitaciones-2026x02x05-a.pdf
2026-02-05,039,HONDO VALLE,ELÍAS PIÑA,MINISTERIO DE AGRICULTURA,EMCI,24.1,12.2,0.0,https://indomet.gob.do/wp-content/uploads/2026/02/temperaturas-extremas-y-precipitaciones-2026x02x05-a.pdf
2026-02-05,040,JARABACOA,LA VEGA,INDRHI / MARENA,EMCI,31.6,14.6,0.0,https://indomet.gob.do/wp-content/uploads/2026/02/temperaturas-extremas-y-precipitaciones-2026x02x05-a.pdf
2026-02-05,041,JARABACOA (EMA),LA VEGA,PROGRAMA MUNDIAL DE ALIMENTO,EMAP,29.6,17.2,0.0,https://indomet.gob.do/wp-content/uploads/2026/02/temperaturas-extremas-y-precipitaciones-2026x02x05-a.pdf
2026-02-05,042,JARDÍN BOTÁNICO NACIONAL,DISTRITO NACIONAL,JARDÍN BOTÁNICO NACIONAL,EMCV,30.4,19.2,0.0,https://indomet.gob.do/wp-content/uploads/2026/02/temperaturas-extremas-y-precipitaciones-2026x02x05-a.pdf
2026-02-05,043,JARDÍN BOTÁNICO SANTIAGO (EMSANTIAGO,,JARDIN BOTANICO SANTIAGO,EMAI,31.2,22.0,0.0,https://indomet.gob.do/wp-content/uploads/2026/02/temperaturas-extremas-y-precipitaciones-2026x02x05-a.pdf
2026-02-05,044,JIMANÍ,INDEPENDENCIA,MINISTERIO DE AGRICULTURA,EMCI,31.5,23.5,0.0,https://indomet.gob.do/wp-content/uploads/2026/02/temperaturas-extremas-y-precipitaciones-2026x02x05-a.pdf
2026-02-05,045,JUMA BEJUCAL,MONSEÑOR NOUEL,IDIAF,EMCV,29.0,17.8,0.0,https://indomet.gob.do/wp-content/uploads/2026/02/temperaturas-extremas-y-precipitaciones-2026x02x05-a.pdf
2026-02-05,046,LA VEGA,LA VEGA,IATESA,EMCI,32.0,21.5,0.0,https://indomet.gob.do/wp-content/uploads/2026/02/temperaturas-extremas-y-precipitaciones-2026x02x05-a.pdf
2026-02-05,047,LA VICTORIA,SANTO DOMINGO,CUERPO DE BOMBEROS,EMCI,31.0,21.0,0.0,https://indomet.gob.do/wp-content/uploads/2026/02/temperaturas-extremas-y-precipitaciones-2026x02x05-a.pdf
2026-02-05,048,LAS CANAS (EMA),MONTE CRISTI,PROGRAMA MUNDIAL DE ALIMENTO,EMAP,27.8,20.4,0.0,https://indomet.gob.do/wp-content/uploads/2026/02/temperaturas-extremas-y-precipitaciones-2026x02x05-a.pdf
2026-02-05,049,LOS JENGIBRES,NAGUA,INDRHI,EMCI,,,0.0,https://indomet.gob.do/wp-content/uploads/2026/02/temperaturas-extremas-y-precipitaciones-2026x02x05-a.pdf
2026-02-05,050,LOS LLANOS,SAN PEDRO DE MACORÍS,MINISTERIO DE AGRICULTURA,EMCI,30.0,20.5,0.0,https://indomet.gob.do/wp-content/uploads/2026/02/temperaturas-extremas-y-precipitaciones-2026x02x05-a.pdf
2026-02-05,051,MAO,VALVERDE,INDRHI / MINISTERIO DE AGRICULTURA,EMCV,,,0.0,https://indomet.gob.do/wp-content/uploads/2026/02/temperaturas-extremas-y-precipitaciones-2026x02x05-a.pdf
2026-02-05,052,OLIVARES,PEDERNALES,INDRHI,EMCI,,,0.0,https://indomet.gob.do/wp-content/uploads/2026/02/temperaturas-extremas-y-precipitaciones-2026x02x05-a.pdf
2026-02-05,053,PADRE LAS CASAS,AZUA,HOSP. NTRA. SRA. DEL CARMEN,EMCI,29.0,15.5,0.0,https://indomet.gob.do/wp-content/uploads/2026/02/temperaturas-extremas-y-precipitaciones-2026x02x05-a.pdf
2026-02-05,054,PALO ÍNDIO,PUERTO PLATA,MINISTERIO DE AGRICULTURA,EMCI,,,0.0,https://indomet.gob.do/wp-content/uploads/2026/02/temperaturas-extremas-y-precipitaciones-2026x02x05-a.pdf
2026-02-05,055,PEDERNALES,PEDERNALES,INDRHI,EMCI,,,0.0,https://indomet.gob.do/wp-content/uploads/2026/02/temperaturas-extremas-y-precipitaciones-2026x02x05-a.pdf
2026-02-05,056,PERALTA,AZUA,HOSP. MPAL. DE PERALTA,EMCI,27.0,14.5,0.0,https://indomet.gob.do/wp-content/uploads/2026/02/temperaturas-extremas-y-precipitaciones-2026x02x05-a.pdf
2026-02-05,057,PESCADERIA (EMA),BARAHONA,MINISTERIO DE AGRICULTURA,EMAP,,,0.0,https://indomet.gob.do/wp-content/uploads/2026/02/temperaturas-extremas-y-precipitaciones-2026x02x05-a.pdf
2026-02-05,058,PONTÓN ABAJO (EMA),LA VEGA,MINISTERIO DE AGRICULTURA,EMAP,32.5,21.5,0.0,https://indomet.gob.do/wp-content/uploads/2026/02/temperaturas-extremas-y-precipitaciones-2026x02x05-a.pdf
2026-02-05,059,PRESA DE TAVERAS (EMA),LA VEGA,PROGRAMA MUNDIAL DE ALIMENTO,EMAP,28.4,19.7,0.0,https://indomet.gob.do/wp-content/uploads/2026/02/temperaturas-extremas-y-precipitaciones-2026x02x05-a.pdf
2026-02-05,060,RANCHO ARRIBA,SAN JOSÉ DE OCOA,CENTRO TECNOLÓGICO COMUNITARIO,EMCI,27.6,13.4,0.0,https://indomet.gob.do/wp-content/uploads/2026/02/temperaturas-extremas-y-precipitaciones-2026x02x05-a.pdf
2026-02-05,061,RESTAURACIÓN,DAJABÓN,MINISTERIO DE AGRICULTURA,EMCI,30.1,14.7,0.0,https://indomet.gob.do/wp-content/uploads/2026/02/temperaturas-extremas-y-precipitaciones-2026x02x05-a.pdf
2026-02-05,062,RÍO SAN JUAN,MARÍA TRINIDAD SÁNCHEZ,HOSP. MPAL. DR. DESIDERIO ACOSTA,EMCV,31.0,22.7,0.0,https://indomet.gob.do/wp-content/uploads/2026/02/temperaturas-extremas-y-precipitaciones-2026x02x05-a.pdf
2026-02-05,063,SABANA DE LA MAR,HATO MAYOR,INDOMET,EMCI,30.8,21.8,0.0,https://indomet.gob.do/wp-content/uploads/2026/02/temperaturas-extremas-y-precipitaciones-2026x02x05-a.pdf
2026-02-05,064,SABANA GRANDE DE BOYÁ,MONTE PLATA,MINISTERIO DE AGRICULTURA,EMCV,,,0.0,https://indomet.gob.do/wp-content/uploads/2026/02/temperaturas-extremas-y-precipitaciones-2026x02x05-a.pdf
2026-02-05,065,SABANETA (EMA),SANTIAGO RODRÍGUEZ,PROGRAMA MUNDIAL DE ALIMENTO,EMAP,34.6,21.5,0.0,https://indomet.gob.do/wp-content/uploads/2026/02/temperaturas-extremas-y-precipitaciones-2026x02x05-a.pdf
2026-02-05,066,SAJOMA (EMA),SANTIAGO,PLAN SIERRA,EMAI,30.5,18.9,0.0,https://indomet.gob.do/wp-content/uploads/2026/02/temperaturas-extremas-y-precipitaciones-2026x02x05-a.pdf
2026-02-05,067,SALCEDO,HERMANAS MIRABAL,PROPIEDAD DEL EMPLEADO,EMCI,,,0.0,https://indomet.gob.do/wp-content/uploads/2026/02/temperaturas-extremas-y-precipitaciones-2026x02x05-a.pdf
2026-02-05,068,SAMANÁ,SAMANÁ,COMANDANCIA DE PUERTO DE SAMANÁ,EMCI,31.8,18.7,0.0,https://indomet.gob.do/wp-content/uploads/2026/02/temperaturas-extremas-y-precipitaciones-2026x02x05-a.pdf
2026-02-05,069,SAN CRISTÓBAL,SAN CRISTÓBAL,INSTITUTO POLITÉCNICO LOYOLA,EMCI,30.0,18.2,0.0,https://indomet.gob.do/wp-content/uploads/2026/02/temperaturas-extremas-y-precipitaciones-2026x02x05-a.pdf
2026-02-05,070,SAN FRANCISCO DE MACORÍS,DUARTE,San Francisco de Macorís (UASD),EMCI,30.2,20.0,0.0,https://indomet.gob.do/wp-content/uploads/2026/02/temperaturas-extremas-y-precipitaciones-2026x02x05-a.pdf
2026-02-05,071,SAN JOSÉ DE OCOA,SAN JOSÉ DE OCOA,HOSP. SAN JOSÉ DE OCOA,EMCI,27.4,15.2,0.0,https://indomet.gob.do/wp-content/uploads/2026/02/temperaturas-extremas-y-precipitaciones-2026x02x05-a.pdf
2026-02-05,072,SAN RAFAEL DEL YUMA,LA ALTAGRACIA,MINISTERIO DE AGRICULTURA,EMCI,29.9,19.0,0.0,https://indomet.gob.do/wp-content/uploads/2026/02/temperaturas-extremas-y-precipitaciones-2026x02x05-a.pdf
2026-02-05,073,SÁNCHEZ,SAMANÁ,MINISTERIO DE AGRICULTURA,EMCI,30.4,22.1,0.0,https://indomet.gob.do/wp-content/uploads/2026/02/temperaturas-extremas-y-precipitaciones-2026x02x05-a.pdf
2026-02-05,074,SANTIAGO RODRÍGUEZ,SANTIAGO RODRÍGUEZ,INDOMET,EMCI,33.5,21.0,0.0,https://indomet.gob.do/wp-content/uploads/2026/02/temperaturas-extremas-y-precipitaciones-2026x02x05-a.pdf
2026-02-05,075,SANTO DOMINGO ESTE,SANTO DOMINGO,INDOMET,EMCI,29.8,22.5,0.0,https://indomet.gob.do/wp-content/uploads/2026/02/temperaturas-extremas-y-precipitaciones-2026x02x05-a.pdf
2026-02-05,076,TÁBARA ABAJO,AZUA,INDRHI,EMCI,31.5,18.0,0.0,https://indomet.gob.do/wp-content/uploads/2026/02/temperaturas-extremas-y-precipitaciones-2026x02x05-a.pdf
2026-02-05,077,TAMBORIL,SANTIAGO,MINISTERIO DE AGRICULTURA,EMCV,,,0.0,https://indomet.gob.do/wp-content/uploads/2026/02/temperaturas-extremas-y-precipitaciones-2026x02x05-a.pdf
2026-02-05,078,TAVERA,SANTIAGO,INDRHI,EMCI,,,0.0,https://indomet.gob.do/wp-content/uploads/2026/02/temperaturas-extremas-y-precipitaciones-2026x02x05-a.pdf
2026-02-05,079,VALLE NUEVO (EMA),LA VEGA,MARENA,EMAI,19.9,1.4,0.0,https://indomet.gob.do/wp-content/uploads/2026/02/temperaturas-extremas-y-precipitaciones-2026x02x05-a.pdf
2026-02-05,080,VILLA ALTAGRACIA,SAN CRISTÓBAL,ESCUELA JAVIER ANGULO GURIDI,EMCI,,,0.0,https://indomet.gob.do/wp-content/uploads/2026/02/temperaturas-extremas-y-precipitaciones-2026x02x05-a.pdf
2026-02-05,081,VILLA GONZALES,SANTIAGO,MINISTERIO DE AGRICULTURA,EMCI,,,0.0,https://indomet.gob.do/wp-content/uploads/2026/02/temperaturas-extremas-y-precipitaciones-2026x02x05-a.pdf
2026-02-05,082,VILLA ISABELA,PUERTO PLATA,MINISTERIO DE AGRICULTURA,EMCV,,,0.0,https://indomet.gob.do/wp-content/uploads/2026/02/temperaturas-extremas-y-precipitaciones-2026x02x05-a.pdf
2026-02-05,083,VILLA RIVA,DUARTE,HOSP. MPAL. ALICIA DE LEGENDRE,EMCI,31.0,21.0,0.0,https://indomet.gob.do/wp-content/uploads/2026/02/temperaturas-extremas-y-precipitaciones-2026x02x05-a.pdf
2026-02-05,084,VILLA VASQUEZ (EMA),MONTE CRISTI,JUNTA DE REGANTES,EMAI,,,0.0,https://indomet.gob.do/wp-content/uploads/2026/02/temperaturas-extremas-y-precipitaciones-2026x02x05-a.pdf
2026-02-06,001,SABANA GRANDE DE BOYÁ,MONTE PLATA,MINISTERIO DE AGRICULTURA,EMCV,,,80.0,https://indomet.gob.do/wp-content/uploads/2026/02/temperaturas-extremas-y-precipitaciones-2026x02x06-a.pdf
2026-02-06,002,SABANA DE LA MAR,HATO MAYOR,INDOMET,EMCI,32.6,20.4,51.4,https://indomet.gob.do/wp-content/uploads/2026/02/temperaturas-extremas-y-precipitaciones-2026x02x06-a.pdf
2026-02-06,003,ARPT. ARROYO BARRIL,SAMANÁ,INDOMET,EMCI,31.6,22.0,34.7,https://indomet.gob.do/wp-content/uploads/2026/02/temperaturas-extremas-y-precipitaciones-2026x02x06-a.pdf
2026-02-06,004,GASPAR HERNÁNDEZ,ESPAILLAT,PROPIEDAD DEL EMPLEADO,EMCI,,,17.5,https://indomet.gob.do/wp-content/uploads/2026/02/temperaturas-extremas-y-precipitaciones-2026x02x06-a.pdf
2026-02-06,005,CABRERA,MARÍA TRINIDAD SÁNCHEZ,ESCUELA ARÍSTIDES FIALLO CABRAL,EMCI,31.5,23.0,17.0,https://indomet.gob.do/wp-content/uploads/2026/02/temperaturas-extremas-y-precipitaciones-2026x02x06-a.pdf
2026-02-06,006,SAJOMA (EMA),SANTIAGO,PLAN SIERRA,EMAI,,,17.0,https://indomet.gob.do/wp-content/uploads/2026/02/temperaturas-extremas-y-precipitaciones-2026x02x06-a.pdf
2026-02-06,007,SÁNCHEZ,SAMANÁ,MINISTERIO DE AGRICULTURA,EMCI,30.2,20.2,15.8,https://indomet.gob.do/wp-content/uploads/2026/02/temperaturas-extremas-y-precipitaciones-2026x02x06-a.pdf
2026-02-06,008,JARDÍN BOTÁNICO SANTIAGO (EMSANTIAGO,,JARDIN BOTANICO SANTIAGO,EMAI,31.6,18.6,12.8,https://indomet.gob.do/wp-content/uploads/2026/02/temperaturas-extremas-y-precipitaciones-2026x02x06-a.pdf
2026-02-06,009,BUCARA (EMA),SANTIAGO,MINISTERIO DE AGRICULTURA,EMAI,,,12.4,https://indomet.gob.do/wp-content/uploads/2026/02/temperaturas-extremas-y-precipitaciones-2026x02x06-a.pdf
2026-02-06,010,RÍO SAN JUAN,MARÍA TRINIDAD SÁNCHEZ,HOSP. MPAL. DR. DESIDERIO ACOSTA,EMCV,30.6,21.3,12.0,https://indomet.gob.do/wp-content/uploads/2026/02/temperaturas-extremas-y-precipitaciones-2026x02x06-a.pdf
2026-02-06,011,ARPT. GREGORIO LUPERÓN,PUERTO PLATA,INDOMET,EMCI,28.5,20.2,11.2,https://indomet.gob.do/wp-content/uploads/2026/02/temperaturas-extremas-y-precipitaciones-2026x02x06-a.pdf
2026-02-06,012,LUPERÓN,PUERTO PLATA,MINISTERIO DE AGRICULTURA,EMCV,,,10.9,https://indomet.gob.do/wp-content/uploads/2026/02/temperaturas-extremas-y-precipitaciones-2026x02x06-a.pdf
2026-02-06,013,PALO ÍNDIO,PUERTO PLATA,MINISTERIO DE AGRICULTURA,EMCI,,,8.4,https://indomet.gob.do/wp-content/uploads/2026/02/temperaturas-extremas-y-precipitaciones-2026x02x06-a.pdf
2026-02-06,014,VILLA ISABELA,PUERTO PLATA,MINISTERIO DE AGRICULTURA,EMCV,,,8.2,https://indomet.gob.do/wp-content/uploads/2026/02/temperaturas-extremas-y-precipitaciones-2026x02x06-a.pdf
2026-02-06,015,GURABO,SANTIAGO,MINISTERIO DE AGRICULTURA,EMCV,,,7.9,https://indomet.gob.do/wp-content/uploads/2026/02/temperaturas-extremas-y-precipitaciones-2026x02x06-a.pdf
2026-02-06,016,PERALTA,AZUA,HOSP. MPAL. DE PERALTA,EMCI,29.8,17.0,7.4,https://indomet.gob.do/wp-content/uploads/2026/02/temperaturas-extremas-y-precipitaciones-2026x02x06-a.pdf
2026-02-06,017,VILLA GONZALES,SANTIAGO,MINISTERIO DE AGRICULTURA,EMCI,,,7.1,https://indomet.gob.do/wp-content/uploads/2026/02/temperaturas-extremas-y-precipitaciones-2026x02x06-a.pdf
2026-02-06,018,ARPT. DEL CIBAO,SANTIAGO,INDOMET,EMCI,31.0,20.5,7.1,https://indomet.gob.do/wp-content/uploads/2026/02/temperaturas-extremas-y-precipitaciones-2026x02x06-a.pdf
2026-02-06,019,SALCEDO,HERMANAS MIRABAL,PROPIEDAD DEL EMPLEADO,EMCI,,,6.3,https://indomet.gob.do/wp-content/uploads/2026/02/temperaturas-extremas-y-precipitaciones-2026x02x06-a.pdf
2026-02-06,020,NAVARRETE,SANTIAGO,MINISTERIO DE AGRICULTURA,EMCV,,,5.8,https://indomet.gob.do/wp-content/uploads/2026/02/temperaturas-extremas-y-precipitaciones-2026x02x06-a.pdf
2026-02-06,021,LA VEGA,LA VEGA,IATESA,EMCI,32.0,20.0,5.8,https://indomet.gob.do/wp-content/uploads/2026/02/temperaturas-extremas-y-precipitaciones-2026x02x06-a.pdf
2026-02-06,022,SABANETA (EMA),SANTIAGO RODRÍGUEZ,PROGRAMA MUNDIAL DE ALIMENTO,EMAP,30.9,19.1,4.2,https://indomet.gob.do/wp-content/uploads/2026/02/temperaturas-extremas-y-precipitaciones-2026x02x06-a.pdf
2026-02-06,023,SAN JOSÉ DE OCOA,SAN JOSÉ DE OCOA,HOSP. SAN JOSÉ DE OCOA,EMCI,28.8,17.2,4.2,https://indomet.gob.do/wp-content/uploads/2026/02/temperaturas-extremas-y-precipitaciones-2026x02x06-a.pdf
2026-02-06,024,RANCHO ARRIBA,SAN JOSÉ DE OCOA,CENTRO TECNOLÓGICO COMUNITARIO,EMCI,28.5,13.7,4.0,https://indomet.gob.do/wp-content/uploads/2026/02/temperaturas-extremas-y-precipitaciones-2026x02x06-a.pdf
2026-02-06,025,SANTIAGO RODRÍGUEZ,SANTIAGO RODRÍGUEZ,INDOMET,EMCI,31.5,19.0,3.9,https://indomet.gob.do/wp-content/uploads/2026/02/temperaturas-extremas-y-precipitaciones-2026x02x06-a.pdf
2026-02-06,026,SAMANÁ,SAMANÁ,COMANDANCIA DE PUERTO DE SAMANÁ,EMCI,31.0,17.4,2.8,https://indomet.gob.do/wp-content/uploads/2026/02/temperaturas-extremas-y-precipitaciones-2026x02x06-a.pdf
2026-02-06,027,MICHES (EMA),EL SEIBO,PRIVADA,EMAP,30.8,19.9,2.6,https://indomet.gob.do/wp-content/uploads/2026/02/temperaturas-extremas-y-precipitaciones-2026x02x06-a.pdf
2026-02-06,028,EL FACTOR (EMA),MARÍA TRINIDAD SÁNCHEZ,INTEC,EMAP,33.5,20.9,1.8,https://indomet.gob.do/wp-content/uploads/2026/02/temperaturas-extremas-y-precipitaciones-2026x02x06-a.pdf
2026-02-06,029,ARPT. EL CATEY,SAMANÁ,INDOMET,EMCI,31.5,21.5,1.6,https://indomet.gob.do/wp-content/uploads/2026/02/temperaturas-extremas-y-precipitaciones-2026x02x06-a.pdf
2026-02-06,030,ALTO BANDERA (EMA),LA VEGA,INTEC,EMAP,17.1,5.9,1.3,https://indomet.gob.do/wp-content/uploads/2026/02/temperaturas-extremas-y-precipitaciones-2026x02x06-a.pdf
2026-02-06,031,MONCIÓN (EMA),SANTIAGO RODRÍGUEZ,PROGRAMA MUNDIAL DE ALIMENTO,EMAP,26.7,17.3,1.2,https://indomet.gob.do/wp-content/uploads/2026/02/temperaturas-extremas-y-precipitaciones-2026x02x06-a.pdf
2026-02-06,032,PRESA DE TAVERAS (EMA),LA VEGA,PROGRAMA MUNDIAL DE ALIMENTO,EMAP,29.8,18.0,0.8,https://indomet.gob.do/wp-content/uploads/2026/02/temperaturas-extremas-y-precipitaciones-2026x02x06-a.pdf
2026-02-06,033,BOCA DE MAO (EMA),VALVERDE,MINISTERIO DE AGRICULTURA,EMAP,31.6,19.6,0.6,https://indomet.gob.do/wp-content/uploads/2026/02/temperaturas-extremas-y-precipitaciones-2026x02x06-a.pdf
2026-02-06,034,VILLA VASQUEZ (EMA),MONTE CRISTI,JUNTA DE REGANTES,EMAI,,,0.6,https://indomet.gob.do/wp-content/uploads/2026/02/temperaturas-extremas-y-precipitaciones-2026x02x06-a.pdf
2026-02-06,035,CONSTANZA,LA VEGA,MINISTERIO DE AGRICULTURA,EMCI,26.0,12.2,0.4,https://indomet.gob.do/wp-content/uploads/2026/02/temperaturas-extremas-y-precipitaciones-2026x02x06-a.pdf
2026-02-06,036,MONTE CRISTI,MONTE CRISTI,INDOMET,EMCI,29.2,21.5,0.4,https://indomet.gob.do/wp-content/uploads/2026/02/temperaturas-extremas-y-precipitaciones-2026x02x06-a.pdf
2026-02-06,037,VALLE NUEVO (EMA),LA VEGA,MARENA,EMAI,18.9,3.8,0.4,https://indomet.gob.do/wp-content/uploads/2026/02/temperaturas-extremas-y-precipitaciones-2026x02x06-a.pdf
2026-02-06,038,POLO,BARAHONA,INDOCAFE,EMCI,,15.6,0.3,https://indomet.gob.do/wp-content/uploads/2026/02/temperaturas-extremas-y-precipitaciones-2026x02x06-a.pdf
2026-02-06,039,BONAO,MONSEÑOR NOUEL,MINISTERIO DE AGRICULTURA,EMCV,,,0.3,https://indomet.gob.do/wp-content/uploads/2026/02/temperaturas-extremas-y-precipitaciones-2026x02x06-a.pdf
2026-02-06,040,CONSTANZA (EMA),LA VEGA,PROGRAMA MUNDIAL DE ALIMENTO,EMAP,25.3,13.8,0.2,https://indomet.gob.do/wp-content/uploads/2026/02/temperaturas-extremas-y-precipitaciones-2026x02x06-a.pdf
2026-02-06,041,JIMANÍ,INDEPENDENCIA,MINISTERIO DE AGRICULTURA,EMCI,33.0,23.6,0.2,https://indomet.gob.do/wp-content/uploads/2026/02/temperaturas-extremas-y-precipitaciones-2026x02x06-a.pdf
2026-02-06,042,ARROYO LORO,SAN JUAN,IDIAF,EMCI,31.3,18.7,0.1,https://indomet.gob.do/wp-content/uploads/2026/02/temperaturas-extremas-y-precipitaciones-2026x02x06-a.pdf
2026-02-06,043,CABRAL,BARAHONA,MINISTERIO DE AGRICULTURA,EMCV,33.3,21.8,0.1,https://indomet.gob.do/wp-content/uploads/2026/02/temperaturas-extremas-y-precipitaciones-2026x02x06-a.pdf
2026-02-06,044,HONDO VALLE,ELÍAS PIÑA,MINISTERIO DE AGRICULTURA,EMCI,23.7,13.6,0.1,https://indomet.gob.do/wp-content/uploads/2026/02/temperaturas-extremas-y-precipitaciones-2026x02x06-a.pdf
2026-02-06,045,JARABACOA,LA VEGA,INDRHI / MARENA,EMCI,29.2,15.6,0.1,https://indomet.gob.do/wp-content/uploads/2026/02/temperaturas-extremas-y-precipitaciones-2026x02x06-a.pdf
2026-02-06,046,MAO,VALVERDE,INDRHI / MINISTERIO DE AGRICULTURA,EMCV,,,0.1,https://indomet.gob.do/wp-content/uploads/2026/02/temperaturas-extremas-y-precipitaciones-2026x02x06-a.pdf
2026-02-06,047,OVIEDO,PEDERNALES,CLÍNICA RURAL OVIEDO,EMCI,30.5,19.0,0.1,https://indomet.gob.do/wp-content/uploads/2026/02/temperaturas-extremas-y-precipitaciones-2026x02x06-a.pdf
2026-02-06,048,RESTAURACIÓN,DAJABÓN,MINISTERIO DE AGRICULTURA,EMCI,25.9,14.1,0.1,https://indomet.gob.do/wp-content/uploads/2026/02/temperaturas-extremas-y-precipitaciones-2026x02x06-a.pdf
2026-02-06,049,ANAMUYA (EMA),LA ALTAGRACIA,MINISTERIO DE AGRICULTURA,EMAP,31.1,20.5,0.0,https://indomet.gob.do/wp-content/uploads/2026/02/temperaturas-extremas-y-precipitaciones-2026x02x06-a.pdf
2026-02-06,050,ARPT. DE LA ROMANA,LA ROMANA,INDOMET,EMCI,30.0,18.5,0.0,https://indomet.gob.do/wp-content/uploads/2026/02/temperaturas-extremas-y-precipitaciones-2026x02x06-a.pdf
2026-02-06,051,ARPT. DE LAS AMÉRICAS,SANTO DOMINGO,INDOMET,EMCI,29.0,20.1,0.0,https://indomet.gob.do/wp-content/uploads/2026/02/temperaturas-extremas-y-precipitaciones-2026x02x06-a.pdf
2026-02-06,052,ARPT. DE PUNTA CANA,LA ALTAGRACIA,INDOMET,EMCI,29.4,20.4,0.0,https://indomet.gob.do/wp-content/uploads/2026/02/temperaturas-extremas-y-precipitaciones-2026x02x06-a.pdf
2026-02-06,053,ARPT. LA ISABELA,SANTO DOMINGO,INDOMET,EMCI,31.3,20.0,0.0,https://indomet.gob.do/wp-content/uploads/2026/02/temperaturas-extremas-y-precipitaciones-2026x02x06-a.pdf
2026-02-06,054,ARPT. MARÍA MONTEZ,BARAHONA,INDOMET,EMCI,32.5,22.0,0.0,https://indomet.gob.do/wp-content/uploads/2026/02/temperaturas-extremas-y-precipitaciones-2026x02x06-a.pdf
2026-02-06,055,BANI (EMA),PERAVIA,MINISTERIO DE AGRICULTURA,EMAP,29.8,21.8,0.0,https://indomet.gob.do/wp-content/uploads/2026/02/temperaturas-extremas-y-precipitaciones-2026x02x06-a.pdf
2026-02-06,056,BASE AÉREA DE SAN ISIDRO,SANTO DOMINGO,FUERZA AÉREA DOMINICANA,EMCV,30.0,20.1,0.0,https://indomet.gob.do/wp-content/uploads/2026/02/temperaturas-extremas-y-precipitaciones-2026x02x06-a.pdf
2026-02-06,057,BAYAGUANA,MONTE PLATA,INDOMET,EMCI,31.8,19.8,0.0,https://indomet.gob.do/wp-content/uploads/2026/02/temperaturas-extremas-y-precipitaciones-2026x02x06-a.pdf
2026-02-06,058,CENTRO DE LOS HEROES (EMA),DISTRITO NACIONAL,MINISTERIO DE ENERGIA Y MINA,EMAP,29.2,22.2,0.0,https://indomet.gob.do/wp-content/uploads/2026/02/temperaturas-extremas-y-precipitaciones-2026x02x06-a.pdf
2026-02-06,059,DAJABÓN,DAJABÓN,INSTITUTO POLITÉCNICO LOYOLA,EMCI,33.6,20.2,0.0,https://indomet.gob.do/wp-content/uploads/2026/02/temperaturas-extremas-y-precipitaciones-2026x02x06-a.pdf
2026-02-06,060,ELÍAS PIÑA,ELÍAS PIÑA,MINISTERIO DE AGRICULTURA,EMCV,,,0.0,https://indomet.gob.do/wp-content/uploads/2026/02/temperaturas-extremas-y-precipitaciones-2026x02x06-a.pdf
2026-02-06,061,ENRIQUILLO,BARAHONA,MINISTERIO DE AGRICULTURA,EMCV,33.0,19.5,0.0,https://indomet.gob.do/wp-content/uploads/2026/02/temperaturas-extremas-y-precipitaciones-2026x02x06-a.pdf
2026-02-06,062,HATO MAYOR,HATO MAYOR,MINISTERIO DE AGRICULTURA,EMCV,,,0.0,https://indomet.gob.do/wp-content/uploads/2026/02/temperaturas-extremas-y-precipitaciones-2026x02x06-a.pdf
2026-02-06,063,JARABACOA (EMA),LA VEGA,PROGRAMA MUNDIAL DE ALIMENTO,EMAP,27.3,18.1,0.0,https://indomet.gob.do/wp-content/uploads/2026/02/temperaturas-extremas-y-precipitaciones-2026x02x06-a.pdf
2026-02-06,064,JUMA BEJUCAL,MONSEÑOR NOUEL,IDIAF,EMCV,31.6,20.0,0.0,https://indomet.gob.do/wp-content/uploads/2026/02/temperaturas-extremas-y-precipitaciones-2026x02x06-a.pdf
2026-02-06,065,LA VICTORIA,SANTO DOMINGO,CUERPO DE BOMBEROS,EMCI,33.0,20.0,0.0,https://indomet.gob.do/wp-content/uploads/2026/02/temperaturas-extremas-y-precipitaciones-2026x02x06-a.pdf
2026-02-06,066,LAS CANAS (EMA),MONTE CRISTI,PROGRAMA MUNDIAL DE ALIMENTO,EMAP,25.9,18.3,0.0,https://indomet.gob.do/wp-content/uploads/2026/02/temperaturas-extremas-y-precipitaciones-2026x02x06-a.pdf
2026-02-06,067,LAS MATAS DE SANTA CRUZ,MONTE CRISTI,INDRHI,EMCV,,,0.0,https://indomet.gob.do/wp-content/uploads/2026/02/temperaturas-extremas-y-precipitaciones-2026x02x06-a.pdf
2026-02-06,068,LAS MATAS DE SANTA CRUZ (EMA,MONTE CRISTI,PROGRAMA MUNDIAL DE ALIMENTO,EMAP,,,0.0,https://indomet.gob.do/wp-content/uploads/2026/02/temperaturas-extremas-y-precipitaciones-2026x02x06-a.pdf
2026-02-06,069,LOS LLANOS,SAN PEDRO DE MACORÍS,MINISTERIO DE AGRICULTURA,EMCI,31.7,20.6,0.0,https://indomet.gob.do/wp-content/uploads/2026/02/temperaturas-extremas-y-precipitaciones-2026x02x06-a.pdf
2026-02-06,070,LOS TRES CHARCOS (EMA),PEDERNALES,PROPIEDAD DEL VOLUNTARIO,EMAP,,,0.0,https://indomet.gob.do/wp-content/uploads/2026/02/temperaturas-extremas-y-precipitaciones-2026x02x06-a.pdf
2026-02-06,071,OLIVARES,PEDERNALES,INDRHI,EMCI,,,0.0,https://indomet.gob.do/wp-content/uploads/2026/02/temperaturas-extremas-y-precipitaciones-2026x02x06-a.pdf
2026-02-06,072,PADRE LAS CASAS,AZUA,HOSP. NTRA. SRA. DEL CARMEN,EMCI,31.6,17.7,0.0,https://indomet.gob.do/wp-content/uploads/2026/02/temperaturas-extremas-y-precipitaciones-2026x02x06-a.pdf
2026-02-06,073,PEDERNALES,PEDERNALES,INDRHI,EMCI,,,0.0,https://indomet.gob.do/wp-content/uploads/2026/02/temperaturas-extremas-y-precipitaciones-2026x02x06-a.pdf
2026-02-06,074,PONTÓN ABAJO (EMA),LA VEGA,MINISTERIO DE AGRICULTURA,EMAP,32.7,21.8,0.0,https://indomet.gob.do/wp-content/uploads/2026/02/temperaturas-extremas-y-precipitaciones-2026x02x06-a.pdf
2026-02-06,075,SAN CRISTÓBAL,SAN CRISTÓBAL,INSTITUTO POLITÉCNICO LOYOLA,EMCI,30.2,18.2,0.0,https://indomet.gob.do/wp-content/uploads/2026/02/temperaturas-extremas-y-precipitaciones-2026x02x06-a.pdf
2026-02-06,076,SAN RAFAEL DEL YUMA,LA ALTAGRACIA,MINISTERIO DE AGRICULTURA,EMCI,31.9,20.0,0.0,https://indomet.gob.do/wp-content/uploads/2026/02/temperaturas-extremas-y-precipitaciones-2026x02x06-a.pdf
2026-02-06,077,SANTO DOMINGO ESTE,SANTO DOMINGO,INDOMET,EMCI,30.1,22.1,0.0,https://indomet.gob.do/wp-content/uploads/2026/02/temperaturas-extremas-y-precipitaciones-2026x02x06-a.pdf
2026-02-06,078,TÁBARA ABAJO,AZUA,INDRHI,EMCI,30.5,17.2,0.0,https://indomet.gob.do/wp-content/uploads/2026/02/temperaturas-extremas-y-precipitaciones-2026x02x06-a.pdf
2026-02-06,079,VILLA ALTAGRACIA,SAN CRISTÓBAL,ESCUELA JAVIER ANGULO GURIDI,EMCI,,,0.0,https://indomet.gob.do/wp-content/uploads/2026/02/temperaturas-extremas-y-precipitaciones-2026x02x06-a.pdf
2026-02-07,001,ENRIQUILLO,BARAHONA,MINISTERIO DE AGRICULTURA,EMCV,33.0,19.0,33.0,https://indomet.gob.do/wp-content/uploads/2026/02/temperaturas-extremas-y-precipitaciones-2026x02x07-a.pdf
2026-02-07,002,SAJOMA (EMA),SANTIAGO,PLAN SIERRA,EMAI,,,3.6,https://indomet.gob.do/wp-content/uploads/2026/02/temperaturas-extremas-y-precipitaciones-2026x02x07-a.pdf
2026-02-07,003,TÁBARA ABAJO,AZUA,INDRHI,EMCI,29.7,19.0,3.4,https://indomet.gob.do/wp-content/uploads/2026/02/temperaturas-extremas-y-precipitaciones-2026x02x07-a.pdf
2026-02-07,004,CABRERA,MARÍA TRINIDAD SÁNCHEZ,ESCUELA ARÍSTIDES FIALLO CABRAL,EMCI,26.5,20.8,3.3,https://indomet.gob.do/wp-content/uploads/2026/02/temperaturas-extremas-y-precipitaciones-2026x02x07-a.pdf
2026-02-07,005,RÍO SAN JUAN,MARÍA TRINIDAD SÁNCHEZ,HOSP. MPAL. DR. DESIDERIO ACOSTA,EMCV,27.6,20.8,3.0,https://indomet.gob.do/wp-content/uploads/2026/02/temperaturas-extremas-y-precipitaciones-2026x02x07-a.pdf
2026-02-07,006,BUCARA (EMA),SANTIAGO,MINISTERIO DE AGRICULTURA,EMAI,,,2.2,https://indomet.gob.do/wp-content/uploads/2026/02/temperaturas-extremas-y-precipitaciones-2026x02x07-a.pdf
2026-02-07,007,POLO,BARAHONA,INDOCAFE,EMCI,,15.5,2.1,https://indomet.gob.do/wp-content/uploads/2026/02/temperaturas-extremas-y-precipitaciones-2026x02x07-a.pdf
2026-02-07,008,MICHES (EMA),EL SEIBO,PRIVADA,EMAP,23.7,19.7,2.0,https://indomet.gob.do/wp-content/uploads/2026/02/temperaturas-extremas-y-precipitaciones-2026x02x07-a.pdf
2026-02-07,009,SABANA DE LA MAR,HATO MAYOR,INDOMET,EMCI,27.8,18.2,1.8,https://indomet.gob.do/wp-content/uploads/2026/02/temperaturas-extremas-y-precipitaciones-2026x02x07-a.pdf
2026-02-07,010,MONCIÓN (EMA),SANTIAGO RODRÍGUEZ,PROGRAMA MUNDIAL DE ALIMENTO,EMAP,21.2,17.1,1.4,https://indomet.gob.do/wp-content/uploads/2026/02/temperaturas-extremas-y-precipitaciones-2026x02x07-a.pdf
2026-02-07,011,ALTO BANDERA (EMA),LA VEGA,INTEC,EMAP,14.5,3.7,0.8,https://indomet.gob.do/wp-content/uploads/2026/02/temperaturas-extremas-y-precipitaciones-2026x02x07-a.pdf
2026-02-07,012,SAN JOSÉ DE OCOA,SAN JOSÉ DE OCOA,HOSP. SAN JOSÉ DE OCOA,EMCI,26.1,16.5,0.8,https://indomet.gob.do/wp-content/uploads/2026/02/temperaturas-extremas-y-precipitaciones-2026x02x07-a.pdf
2026-02-07,013,PALO ÍNDIO,PUERTO PLATA,MINISTERIO DE AGRICULTURA,EMCI,,,0.8,https://indomet.gob.do/wp-content/uploads/2026/02/temperaturas-extremas-y-precipitaciones-2026x02x07-a.pdf
2026-02-07,014,ARPT. DE PUNTA CANA,LA ALTAGRACIA,INDOMET,EMCI,28.2,18.6,0.6,https://indomet.gob.do/wp-content/uploads/2026/02/temperaturas-extremas-y-precipitaciones-2026x02x07-a.pdf
2026-02-07,015,PERALTA,AZUA,HOSP. MPAL. DE PERALTA,EMCI,28.7,16.0,0.6,https://indomet.gob.do/wp-content/uploads/2026/02/temperaturas-extremas-y-precipitaciones-2026x02x07-a.pdf
2026-02-07,016,VILLA VASQUEZ (EMA),MONTE CRISTI,JUNTA DE REGANTES,EMAI,,,0.6,https://indomet.gob.do/wp-content/uploads/2026/02/temperaturas-extremas-y-precipitaciones-2026x02x07-a.pdf
2026-02-07,017,RANCHO ARRIBA,SAN JOSÉ DE OCOA,CENTRO TECNOLÓGICO COMUNITARIO,EMCI,23.7,17.4,0.3,https://indomet.gob.do/wp-content/uploads/2026/02/temperaturas-extremas-y-precipitaciones-2026x02x07-a.pdf
2026-02-07,018,VILLA GONZALES,SANTIAGO,MINISTERIO DE AGRICULTURA,EMCI,,,0.3,https://indomet.gob.do/wp-content/uploads/2026/02/temperaturas-extremas-y-precipitaciones-2026x02x07-a.pdf
2026-02-07,019,JARABACOA,LA VEGA,INDRHI / MARENA,EMCI,23.2,15.4,0.2,https://indomet.gob.do/wp-content/uploads/2026/02/temperaturas-extremas-y-precipitaciones-2026x02x07-a.pdf
2026-02-07,020,PRESA DE TAVERAS (EMA),LA VEGA,PROGRAMA MUNDIAL DE ALIMENTO,EMAP,23.2,18.1,0.2,https://indomet.gob.do/wp-content/uploads/2026/02/temperaturas-extremas-y-precipitaciones-2026x02x07-a.pdf
2026-02-07,021,SÁNCHEZ,SAMANÁ,MINISTERIO DE AGRICULTURA,EMCI,25.9,17.9,0.2,https://indomet.gob.do/wp-content/uploads/2026/02/temperaturas-extremas-y-precipitaciones-2026x02x07-a.pdf
2026-02-07,022,CABRAL,BARAHONA,MINISTERIO DE AGRICULTURA,EMCV,32.5,20.9,0.1,https://indomet.gob.do/wp-content/uploads/2026/02/temperaturas-extremas-y-precipitaciones-2026x02x07-a.pdf
2026-02-07,023,MONTE CRISTI,MONTE CRISTI,INDOMET,EMCI,26.6,20.5,0.1,https://indomet.gob.do/wp-content/uploads/2026/02/temperaturas-extremas-y-precipitaciones-2026x02x07-a.pdf
2026-02-07,024,SANTIAGO RODRÍGUEZ,SANTIAGO RODRÍGUEZ,INDOMET,EMCI,27.5,18.6,0.1,https://indomet.gob.do/wp-content/uploads/2026/02/temperaturas-extremas-y-precipitaciones-2026x02x07-a.pdf
2026-02-07,025,ANAMUYA (EMA),LA ALTAGRACIA,MINISTERIO DE AGRICULTURA,EMAP,27.3,21.6,0.0,https://indomet.gob.do/wp-content/uploads/2026/02/temperaturas-extremas-y-precipitaciones-2026x02x07-a.pdf
2026-02-07,026,ARPT. ARROYO BARRIL,SAMANÁ,INDOMET,EMCI,25.7,21.2,0.0,https://indomet.gob.do/wp-content/uploads/2026/02/temperaturas-extremas-y-precipitaciones-2026x02x07-a.pdf
2026-02-07,027,ARPT. DE LA ROMANA,LA ROMANA,INDOMET,EMCI,28.6,18.6,0.0,https://indomet.gob.do/wp-content/uploads/2026/02/temperaturas-extremas-y-precipitaciones-2026x02x07-a.pdf
2026-02-07,028,ARPT. DE LAS AMÉRICAS,SANTO DOMINGO,INDOMET,EMCI,28.0,20.4,0.0,https://indomet.gob.do/wp-content/uploads/2026/02/temperaturas-extremas-y-precipitaciones-2026x02x07-a.pdf
2026-02-07,029,ARPT. DEL CIBAO,SANTIAGO,INDOMET,EMCI,27.0,19.0,0.0,https://indomet.gob.do/wp-content/uploads/2026/02/temperaturas-extremas-y-precipitaciones-2026x02x07-a.pdf
2026-02-07,030,ARPT. EL CATEY,SAMANÁ,INDOMET,EMCI,26.0,18.5,0.0,https://indomet.gob.do/wp-content/uploads/2026/02/temperaturas-extremas-y-precipitaciones-2026x02x07-a.pdf
2026-02-07,031,ARPT. GREGORIO LUPERÓN,PUERTO PLATA,INDOMET,EMCI,25.0,20.0,0.0,https://indomet.gob.do/wp-content/uploads/2026/02/temperaturas-extremas-y-precipitaciones-2026x02x07-a.pdf
2026-02-07,032,ARPT. LA ISABELA,SANTO DOMINGO,INDOMET,EMCI,28.8,20.6,0.0,https://indomet.gob.do/wp-content/uploads/2026/02/temperaturas-extremas-y-precipitaciones-2026x02x07-a.pdf
2026-02-07,033,ARPT. MARÍA MONTEZ,BARAHONA,INDOMET,EMCI,30.3,20.5,0.0,https://indomet.gob.do/wp-content/uploads/2026/02/temperaturas-extremas-y-precipitaciones-2026x02x07-a.pdf
2026-02-07,034,ARROYO LORO,SAN JUAN,IDIAF,EMCI,29.0,16.7,0.0,https://indomet.gob.do/wp-content/uploads/2026/02/temperaturas-extremas-y-precipitaciones-2026x02x07-a.pdf
2026-02-07,035,BANI (EMA),PERAVIA,MINISTERIO DE AGRICULTURA,EMAP,29.9,20.9,0.0,https://indomet.gob.do/wp-content/uploads/2026/02/temperaturas-extremas-y-precipitaciones-2026x02x07-a.pdf
2026-02-07,037,BAYAGUANA,MONTE PLATA,INDOMET,EMCI,28.0,20.2,0.0,https://indomet.gob.do/wp-content/uploads/2026/02/temperaturas-extremas-y-precipitaciones-2026x02x07-a.pdf
2026-02-07,038,BOCA DE MAO (EMA),VALVERDE,MINISTERIO DE AGRICULTURA,EMAP,26.2,19.8,0.0,https://indomet.gob.do/wp-content/uploads/2026/02/temperaturas-extremas-y-precipitaciones-2026x02x07-a.pdf
2026-02-07,039,BONAO,MONSEÑOR NOUEL,MINISTERIO DE AGRICULTURA,EMCV,,,0.0,https://indomet.gob.do/wp-content/uploads/2026/02/temperaturas-extremas-y-precipitaciones-2026x02x07-a.pdf
2026-02-07,040,CENTRO DE LOS HEROES (EMA),DISTRITO NACIONAL,MINISTERIO DE ENERGIA Y MINA,EMAP,28.0,21.8,0.0,https://indomet.gob.do/wp-content/uploads/2026/02/temperaturas-extremas-y-precipitaciones-2026x02x07-a.pdf
2026-02-07,041,CONSTANZA,LA VEGA,MINISTERIO DE AGRICULTURA,EMCI,27.2,8.2,0.0,https://indomet.gob.do/wp-content/uploads/2026/02/temperaturas-extremas-y-precipitaciones-2026x02x07-a.pdf
2026-02-07,042,CONSTANZA (EMA),LA VEGA,PROGRAMA MUNDIAL DE ALIMENTO,EMAP,24.8,14.4,0.0,https://indomet.gob.do/wp-content/uploads/2026/02/temperaturas-extremas-y-precipitaciones-2026x02x07-a.pdf
2026-02-07,043,DAJABÓN,DAJABÓN,INSTITUTO POLITÉCNICO LOYOLA,EMCI,34.3,18.7,0.0,https://indomet.gob.do/wp-content/uploads/2026/02/temperaturas-extremas-y-precipitaciones-2026x02x07-a.pdf
2026-02-07,044,EL FACTOR (EMA),MARÍA TRINIDAD SÁNCHEZ,INTEC,EMAP,28.7,19.4,0.0,https://indomet.gob.do/wp-content/uploads/2026/02/temperaturas-extremas-y-precipitaciones-2026x02x07-a.pdf
2026-02-07,045,ESCONDIDO,PERAVIA,MINISTERIO DE AGRICULTURA,EMCV,30.0,22.0,0.0,https://indomet.gob.do/wp-content/uploads/2026/02/temperaturas-extremas-y-precipitaciones-2026x02x07-a.pdf
2026-02-07,046,GASPAR HERNÁNDEZ,ESPAILLAT,PROPIEDAD DEL EMPLEADO,EMCI,,,0.0,https://indomet.gob.do/wp-content/uploads/2026/02/temperaturas-extremas-y-precipitaciones-2026x02x07-a.pdf
2026-02-07,047,GURABO,SANTIAGO,MINISTERIO DE AGRICULTURA,EMCV,,,0.0,https://indomet.gob.do/wp-content/uploads/2026/02/temperaturas-extremas-y-precipitaciones-2026x02x07-a.pdf
2026-02-07,048,HATO MAYOR,HATO MAYOR,MINISTERIO DE AGRICULTURA,EMCV,,,0.0,https://indomet.gob.do/wp-content/uploads/2026/02/temperaturas-extremas-y-precipitaciones-2026x02x07-a.pdf
2026-02-07,049,HONDO VALLE,ELÍAS PIÑA,MINISTERIO DE AGRICULTURA,EMCI,23.3,13.0,0.0,https://indomet.gob.do/wp-content/uploads/2026/02/temperaturas-extremas-y-precipitaciones-2026x02x07-a.pdf
2026-02-07,050,JARABACOA (EMA),LA VEGA,PROGRAMA MUNDIAL DE ALIMENTO,EMAP,22.0,17.3,0.0,https://indomet.gob.do/wp-content/uploads/2026/02/temperaturas-extremas-y-precipitaciones-2026x02x07-a.pdf
2026-02-07,051,JARDÍN BOTÁNICO SANTIAGO (EMSANTIAGO,,JARDIN BOTANICO SANTIAGO,EMAI,,,0.0,https://indomet.gob.do/wp-content/uploads/2026/02/temperaturas-extremas-y-precipitaciones-2026x02x07-a.pdf
2026-02-07,052,JIMANÍ,INDEPENDENCIA,MINISTERIO DE AGRICULTURA,EMCI,30.2,22.8,0.0,https://indomet.gob.do/wp-content/uploads/2026/02/temperaturas-extremas-y-precipitaciones-2026x02x07-a.pdf
2026-02-07,053,JUMA BEJUCAL,MONSEÑOR NOUEL,IDIAF,EMCV,26.4,18.6,0.0,https://indomet.gob.do/wp-content/uploads/2026/02/temperaturas-extremas-y-precipitaciones-2026x02x07-a.pdf
2026-02-07,054,LA VEGA,LA VEGA,IATESA,EMCI,26.8,18.0,0.0,https://indomet.gob.do/wp-content/uploads/2026/02/temperaturas-extremas-y-precipitaciones-2026x02x07-a.pdf
2026-02-07,055,LA VICTORIA,SANTO DOMINGO,CUERPO DE BOMBEROS,EMCI,29.5,20.0,0.0,https://indomet.gob.do/wp-content/uploads/2026/02/temperaturas-extremas-y-precipitaciones-2026x02x07-a.pdf
2026-02-07,056,LAS CANAS (EMA),MONTE CRISTI,PROGRAMA MUNDIAL DE ALIMENTO,EMAP,23.2,18.9,0.0,https://indomet.gob.do/wp-content/uploads/2026/02/temperaturas-extremas-y-precipitaciones-2026x02x07-a.pdf
2026-02-07,057,LAS MATAS DE SANTA CRUZ (EMA,MONTE CRISTI,PROGRAMA MUNDIAL DE ALIMENTO,EMAP,,,0.0,https://indomet.gob.do/wp-content/uploads/2026/02/temperaturas-extremas-y-precipitaciones-2026x02x07-a.pdf
2026-02-07,058,LOS LLANOS,SAN PEDRO DE MACORÍS,MINISTERIO DE AGRICULTURA,EMCI,28.5,18.3,0.0,https://indomet.gob.do/wp-content/uploads/2026/02/temperaturas-extremas-y-precipitaciones-2026x02x07-a.pdf
2026-02-07,059,LOS TRES CHARCOS (EMA),PEDERNALES,PROPIEDAD DEL VOLUNTARIO,EMAP,,,0.0,https://indomet.gob.do/wp-content/uploads/2026/02/temperaturas-extremas-y-precipitaciones-2026x02x07-a.pdf
2026-02-07,060,MAO,VALVERDE,INDRHI / MINISTERIO DE AGRICULTURA,EMCV,,,0.0,https://indomet.gob.do/wp-content/uploads/2026/02/temperaturas-extremas-y-precipitaciones-2026x02x07-a.pdf
2026-02-07,061,NAVARRETE,SANTIAGO,MINISTERIO DE AGRICULTURA,EMCV,,,0.0,https://indomet.gob.do/wp-content/uploads/2026/02/temperaturas-extremas-y-precipitaciones-2026x02x07-a.pdf
2026-02-07,062,OLIVARES,PEDERNALES,INDRHI,EMCI,,,0.0,https://indomet.gob.do/wp-content/uploads/2026/02/temperaturas-extremas-y-precipitaciones-2026x02x07-a.pdf
2026-02-07,063,OVIEDO,PEDERNALES,CLÍNICA RURAL OVIEDO,EMCI,31.8,19.0,0.0,https://indomet.gob.do/wp-content/uploads/2026/02/temperaturas-extremas-y-precipitaciones-2026x02x07-a.pdf
2026-02-07,064,PADRE LAS CASAS,AZUA,HOSP. NTRA. SRA. DEL CARMEN,EMCI,31.0,16.0,0.0,https://indomet.gob.do/wp-content/uploads/2026/02/temperaturas-extremas-y-precipitaciones-2026x02x07-a.pdf
2026-02-07,065,PEDERNALES,PEDERNALES,INDRHI,EMCI,,,0.0,https://indomet.gob.do/wp-content/uploads/2026/02/temperaturas-extremas-y-precipitaciones-2026x02x07-a.pdf
2026-02-07,066,PESCADERIA (EMA),BARAHONA,MINISTERIO DE AGRICULTURA,EMAP,,,0.0,https://indomet.gob.do/wp-content/uploads/2026/02/temperaturas-extremas-y-precipitaciones-2026x02x07-a.pdf
2026-02-07,067,PONTÓN ABAJO (EMA),LA VEGA,MINISTERIO DE AGRICULTURA,EMAP,29.4,21.0,0.0,https://indomet.gob.do/wp-content/uploads/2026/02/temperaturas-extremas-y-precipitaciones-2026x02x07-a.pdf
2026-02-07,068,RESTAURACIÓN,DAJABÓN,MINISTERIO DE AGRICULTURA,EMCI,23.5,13.9,0.0,https://indomet.gob.do/wp-content/uploads/2026/02/temperaturas-extremas-y-precipitaciones-2026x02x07-a.pdf
2026-02-07,069,SABANA GRANDE DE BOYÁ,MONTE PLATA,MINISTERIO DE AGRICULTURA,EMCV,,,0.0,https://indomet.gob.do/wp-content/uploads/2026/02/temperaturas-extremas-y-precipitaciones-2026x02x07-a.pdf
2026-02-07,070,SABANETA (EMA),SANTIAGO RODRÍGUEZ,PROGRAMA MUNDIAL DE ALIMENTO,EMAP,26.8,19.8,0.0,https://indomet.gob.do/wp-content/uploads/2026/02/temperaturas-extremas-y-precipitaciones-2026x02x07-a.pdf
2026-02-07,071,SALCEDO,HERMANAS MIRABAL,PROPIEDAD DEL EMPLEADO,EMCI,,,0.0,https://indomet.gob.do/wp-content/uploads/2026/02/temperaturas-extremas-y-precipitaciones-2026x02x07-a.pdf
2026-02-07,072,SAMANÁ,SAMANÁ,COMANDANCIA DE PUERTO DE SAMANÁ,EMCI,27.3,15.7,0.0,https://indomet.gob.do/wp-content/uploads/2026/02/temperaturas-extremas-y-precipitaciones-2026x02x07-a.pdf
2026-02-07,073,SAN CRISTÓBAL,SAN CRISTÓBAL,INSTITUTO POLITÉCNICO LOYOLA,EMCI,30.0,19.0,0.0,https://indomet.gob.do/wp-content/uploads/2026/02/temperaturas-extremas-y-precipitaciones-2026x02x07-a.pdf
2026-02-07,074,SAN RAFAEL DEL YUMA,LA ALTAGRACIA,MINISTERIO DE AGRICULTURA,EMCI,30.8,18.5,0.0,https://indomet.gob.do/wp-content/uploads/2026/02/temperaturas-extremas-y-precipitaciones-2026x02x07-a.pdf
2026-02-07,075,SANTO DOMINGO ESTE,SANTO DOMINGO,INDOMET,EMCI,30.2,22.3,0.0,https://indomet.gob.do/wp-content/uploads/2026/02/temperaturas-extremas-y-precipitaciones-2026x02x07-a.pdf
2026-02-07,076,VALLE NUEVO (EMA),LA VEGA,MARENA,EMAI,16.4,2.4,0.0,https://indomet.gob.do/wp-content/uploads/2026/02/temperaturas-extremas-y-precipitaciones-2026x02x07-a.pdf
2026-02-07,077,VILLA ALTAGRACIA,SAN CRISTÓBAL,ESCUELA JAVIER ANGULO GURIDI,EMCI,,,0.0,https://indomet.gob.do/wp-content/uploads/2026/02/temperaturas-extremas-y-precipitaciones-2026x02x07-a.pdf
2026-02-07,078,VILLA RIVA,DUARTE,HOSP. MPAL. ALICIA DE LEGENDRE,EMCI,26.6,17.5,0.0,https://indomet.gob.do/wp-content/uploads/2026/02/temperaturas-extremas-y-precipitaciones-2026x02x07-a.pdf
2026-02-08,001,ARPT. GREGORIO LUPERÓN,PUERTO PLATA,INDOMET,EMCI,26.2,20.0,17.2,https://indomet.gob.do/wp-content/uploads/2026/02/temperaturas-extremas-y-precipitaciones-2026x02x08-a.pdf
2026-02-08,002,RÍO SAN JUAN,MARÍA TRINIDAD SÁNCHEZ,HOSP. MPAL. DR. DESIDERIO ACOSTA,EMCV,28.0,20.5,13.4,https://indomet.gob.do/wp-content/uploads/2026/02/temperaturas-extremas-y-precipitaciones-2026x02x08-a.pdf
2026-02-08,003,ALTAMIRA,PUERTO PLATA,HOSP. MPAL. DE ALTAMIRA,EMCI,30.9,15.2,9.8,https://indomet.gob.do/wp-content/uploads/2026/02/temperaturas-extremas-y-precipitaciones-2026x02x08-a.pdf
2026-02-08,004,GASPAR HERNÁNDEZ,ESPAILLAT,PROPIEDAD DEL EMPLEADO,EMCI,,,5.2,https://indomet.gob.do/wp-content/uploads/2026/02/temperaturas-extremas-y-precipitaciones-2026x02x08-a.pdf
2026-02-08,005,MICHES (EMA),EL SEIBO,PRIVADA,EMAP,26.1,19.4,3.0,https://indomet.gob.do/wp-content/uploads/2026/02/temperaturas-extremas-y-precipitaciones-2026x02x08-a.pdf
2026-02-08,006,LUPERÓN,PUERTO PLATA,MINISTERIO DE AGRICULTURA,EMCV,,,2.8,https://indomet.gob.do/wp-content/uploads/2026/02/temperaturas-extremas-y-precipitaciones-2026x02x08-a.pdf
2026-02-08,007,ARPT. EL CATEY,SAMANÁ,INDOMET,EMCI,27.2,18.4,2.2,https://indomet.gob.do/wp-content/uploads/2026/02/temperaturas-extremas-y-precipitaciones-2026x02x08-a.pdf
2026-02-08,008,MONCIÓN (EMA),SANTIAGO RODRÍGUEZ,PROGRAMA MUNDIAL DE ALIMENTO,EMAP,24.1,15.8,2.2,https://indomet.gob.do/wp-content/uploads/2026/02/temperaturas-extremas-y-precipitaciones-2026x02x08-a.pdf
2026-02-08,009,CABRERA,MARÍA TRINIDAD SÁNCHEZ,ESCUELA ARÍSTIDES FIALLO CABRAL,EMCI,28.0,21.5,1.7,https://indomet.gob.do/wp-content/uploads/2026/02/temperaturas-extremas-y-precipitaciones-2026x02x08-a.pdf
2026-02-08,010,PALO ÍNDIO,PUERTO PLATA,MINISTERIO DE AGRICULTURA,EMCI,,,1.3,https://indomet.gob.do/wp-content/uploads/2026/02/temperaturas-extremas-y-precipitaciones-2026x02x08-a.pdf
2026-02-08,011,JARABACOA (EMA),LA VEGA,PROGRAMA MUNDIAL DE ALIMENTO,EMAP,23.4,16.3,0.4,https://indomet.gob.do/wp-content/uploads/2026/02/temperaturas-extremas-y-precipitaciones-2026x02x08-a.pdf
2026-02-08,012,ALTO BANDERA (EMA),LA VEGA,INTEC,EMAP,14.6,4.9,0.3,https://indomet.gob.do/wp-content/uploads/2026/02/temperaturas-extremas-y-precipitaciones-2026x02x08-a.pdf
2026-02-08,013,JARABACOA,LA VEGA,INDRHI / MARENA,EMCI,24.8,14.0,0.3,https://indomet.gob.do/wp-content/uploads/2026/02/temperaturas-extremas-y-precipitaciones-2026x02x08-a.pdf
2026-02-08,014,TAMBORIL,SANTIAGO,MINISTERIO DE AGRICULTURA,EMCV,,,0.3,https://indomet.gob.do/wp-content/uploads/2026/02/temperaturas-extremas-y-precipitaciones-2026x02x08-a.pdf
2026-02-08,015,VALLE NUEVO (EMA),LA VEGA,MARENA,EMAI,17.4,2.4,0.2,https://indomet.gob.do/wp-content/uploads/2026/02/temperaturas-extremas-y-precipitaciones-2026x02x08-a.pdf
2026-02-08,016,ANAMUYA (EMA),LA ALTAGRACIA,MINISTERIO DE AGRICULTURA,EMAP,27.1,19.8,0.0,https://indomet.gob.do/wp-content/uploads/2026/02/temperaturas-extremas-y-precipitaciones-2026x02x08-a.pdf
2026-02-08,017,ARPT. ARROYO BARRIL,SAMANÁ,INDOMET,EMCI,27.0,19.2,0.0,https://indomet.gob.do/wp-content/uploads/2026/02/temperaturas-extremas-y-precipitaciones-2026x02x08-a.pdf
2026-02-08,018,ARPT. DE LA ROMANA,LA ROMANA,INDOMET,EMCI,27.9,18.6,0.0,https://indomet.gob.do/wp-content/uploads/2026/02/temperaturas-extremas-y-precipitaciones-2026x02x08-a.pdf
2026-02-08,019,ARPT. DE LAS AMÉRICAS,SANTO DOMINGO,INDOMET,EMCI,30.0,20.0,0.0,https://indomet.gob.do/wp-content/uploads/2026/02/temperaturas-extremas-y-precipitaciones-2026x02x08-a.pdf
2026-02-08,020,ARPT. DE PUNTA CANA,LA ALTAGRACIA,INDOMET,EMCI,28.0,18.5,0.0,https://indomet.gob.do/wp-content/uploads/2026/02/temperaturas-extremas-y-precipitaciones-2026x02x08-a.pdf
2026-02-08,021,ARPT. DEL CIBAO,SANTIAGO,INDOMET,EMCI,27.3,18.6,0.0,https://indomet.gob.do/wp-content/uploads/2026/02/temperaturas-extremas-y-precipitaciones-2026x02x08-a.pdf
2026-02-08,022,ARPT. LA ISABELA,SANTO DOMINGO,INDOMET,EMCI,30.3,21.5,0.0,https://indomet.gob.do/wp-content/uploads/2026/02/temperaturas-extremas-y-precipitaciones-2026x02x08-a.pdf
2026-02-08,023,ARPT. MARÍA MONTEZ,BARAHONA,INDOMET,EMCI,32.1,19.4,0.0,https://indomet.gob.do/wp-content/uploads/2026/02/temperaturas-extremas-y-precipitaciones-2026x02x08-a.pdf
2026-02-08,024,ARROYO LORO,SAN JUAN,IDIAF,EMCI,30.0,16.0,0.0,https://indomet.gob.do/wp-content/uploads/2026/02/temperaturas-extremas-y-precipitaciones-2026x02x08-a.pdf
2026-02-08,025,BANI (EMA),PERAVIA,MINISTERIO DE AGRICULTURA,EMAP,30.3,21.7,0.0,https://indomet.gob.do/wp-content/uploads/2026/02/temperaturas-extremas-y-precipitaciones-2026x02x08-a.pdf
2026-02-08,026,BASE AÉREA DE SAN ISIDRO,SANTO DOMINGO,FUERZA AÉREA DOMINICANA,EMCV,28.5,18.4,0.0,https://indomet.gob.do/wp-content/uploads/2026/02/temperaturas-extremas-y-precipitaciones-2026x02x08-a.pdf
2026-02-08,027,BAYAGUANA,MONTE PLATA,INDOMET,EMCI,28.2,19.2,0.0,https://indomet.gob.do/wp-content/uploads/2026/02/temperaturas-extremas-y-precipitaciones-2026x02x08-a.pdf
2026-02-08,028,BOCA DE MAO (EMA),VALVERDE,MINISTERIO DE AGRICULTURA,EMAP,29.4,16.7,0.0,https://indomet.gob.do/wp-content/uploads/2026/02/temperaturas-extremas-y-precipitaciones-2026x02x08-a.pdf
2026-02-08,029,BOHECHÍO,SAN JUAN,MINISTERIO DE AGRICULTURA,EMCV,,,0.0,https://indomet.gob.do/wp-content/uploads/2026/02/temperaturas-extremas-y-precipitaciones-2026x02x08-a.pdf
2026-02-08,030,CABRAL,BARAHONA,MINISTERIO DE AGRICULTURA,EMCV,32.7,19.4,0.0,https://indomet.gob.do/wp-content/uploads/2026/02/temperaturas-extremas-y-precipitaciones-2026x02x08-a.pdf
2026-02-08,031,CENTRO DE LOS HEROES (EMA),DISTRITO NACIONAL,MINISTERIO DE ENERGIA Y MINA,EMAP,28.7,21.8,0.0,https://indomet.gob.do/wp-content/uploads/2026/02/temperaturas-extremas-y-precipitaciones-2026x02x08-a.pdf
2026-02-08,032,CONSTANZA,LA VEGA,MINISTERIO DE AGRICULTURA,EMCI,22.0,11.5,0.0,https://indomet.gob.do/wp-content/uploads/2026/02/temperaturas-extremas-y-precipitaciones-2026x02x08-a.pdf
2026-02-08,033,CONSTANZA (EMA),LA VEGA,PROGRAMA MUNDIAL DE ALIMENTO,EMAP,21.3,13.3,0.0,https://indomet.gob.do/wp-content/uploads/2026/02/temperaturas-extremas-y-precipitaciones-2026x02x08-a.pdf
2026-02-08,034,DAJABÓN,DAJABÓN,INSTITUTO POLITÉCNICO LOYOLA,EMCI,34.0,19.1,0.0,https://indomet.gob.do/wp-content/uploads/2026/02/temperaturas-extremas-y-precipitaciones-2026x02x08-a.pdf
2026-02-08,035,EL FACTOR (EMA),MARÍA TRINIDAD SÁNCHEZ,INTEC,EMAP,29.8,19.7,0.0,https://indomet.gob.do/wp-content/uploads/2026/02/temperaturas-extremas-y-precipitaciones-2026x02x08-a.pdf
2026-02-08,036,ELÍAS PIÑA,ELÍAS PIÑA,MINISTERIO DE AGRICULTURA,EMCV,,,0.0,https://indomet.gob.do/wp-content/uploads/2026/02/temperaturas-extremas-y-precipitaciones-2026x02x08-a.pdf
2026-02-08,037,ENRIQUILLO,BARAHONA,MINISTERIO DE AGRICULTURA,EMCV,32.0,19.5,0.0,https://indomet.gob.do/wp-content/uploads/2026/02/temperaturas-extremas-y-precipitaciones-2026x02x08-a.pdf
2026-02-08,038,GURABO,SANTIAGO,MINISTERIO DE AGRICULTURA,EMCV,,,0.0,https://indomet.gob.do/wp-content/uploads/2026/02/temperaturas-extremas-y-precipitaciones-2026x02x08-a.pdf
2026-02-08,039,HATO MAYOR,HATO MAYOR,MINISTERIO DE AGRICULTURA,EMCV,,,0.0,https://indomet.gob.do/wp-content/uploads/2026/02/temperaturas-extremas-y-precipitaciones-2026x02x08-a.pdf
2026-02-08,040,HONDO VALLE,ELÍAS PIÑA,MINISTERIO DE AGRICULTURA,EMCI,22.7,12.6,0.0,https://indomet.gob.do/wp-content/uploads/2026/02/temperaturas-extremas-y-precipitaciones-2026x02x08-a.pdf
2026-02-08,041,JARDÍN BOTÁNICO NACIONAL,DISTRITO NACIONAL,JARDÍN BOTÁNICO NACIONAL,EMCV,29.8,17.5,0.0,https://indomet.gob.do/wp-content/uploads/2026/02/temperaturas-extremas-y-precipitaciones-2026x02x08-a.pdf
2026-02-08,042,JIMANÍ,INDEPENDENCIA,MINISTERIO DE AGRICULTURA,EMCI,32.2,22.0,0.0,https://indomet.gob.do/wp-content/uploads/2026/02/temperaturas-extremas-y-precipitaciones-2026x02x08-a.pdf
2026-02-08,043,JUMA BEJUCAL,MONSEÑOR NOUEL,IDIAF,EMCV,27.0,16.6,0.0,https://indomet.gob.do/wp-content/uploads/2026/02/temperaturas-extremas-y-precipitaciones-2026x02x08-a.pdf
2026-02-08,044,LA VEGA,LA VEGA,IATESA,EMCI,28.5,17.8,0.0,https://indomet.gob.do/wp-content/uploads/2026/02/temperaturas-extremas-y-precipitaciones-2026x02x08-a.pdf
2026-02-08,045,LA VICTORIA,SANTO DOMINGO,CUERPO DE BOMBEROS,EMCI,30.4,18.0,0.0,https://indomet.gob.do/wp-content/uploads/2026/02/temperaturas-extremas-y-precipitaciones-2026x02x08-a.pdf
2026-02-08,046,LAS CANAS (EMA),MONTE CRISTI,PROGRAMA MUNDIAL DE ALIMENTO,EMAP,24.9,18.2,0.0,https://indomet.gob.do/wp-content/uploads/2026/02/temperaturas-extremas-y-precipitaciones-2026x02x08-a.pdf
2026-02-08,047,LAS MATAS DE SANTA CRUZ (EMA,MONTE CRISTI,PROGRAMA MUNDIAL DE ALIMENTO,EMAP,,,0.0,https://indomet.gob.do/wp-content/uploads/2026/02/temperaturas-extremas-y-precipitaciones-2026x02x08-a.pdf
2026-02-08,048,LOS LLANOS,SAN PEDRO DE MACORÍS,MINISTERIO DE AGRICULTURA,EMCI,28.4,17.5,0.0,https://indomet.gob.do/wp-content/uploads/2026/02/temperaturas-extremas-y-precipitaciones-2026x02x08-a.pdf
2026-02-08,049,MAO,VALVERDE,INDRHI / MINISTERIO DE AGRICULTURA,EMCV,,,0.0,https://indomet.gob.do/wp-content/uploads/2026/02/temperaturas-extremas-y-precipitaciones-2026x02x08-a.pdf
2026-02-08,050,MONTE CRISTI,MONTE CRISTI,INDOMET,EMCI,29.3,22.2,0.0,https://indomet.gob.do/wp-content/uploads/2026/02/temperaturas-extremas-y-precipitaciones-2026x02x08-a.pdf
2026-02-08,051,NAVARRETE,SANTIAGO,MINISTERIO DE AGRICULTURA,EMCV,,,0.0,https://indomet.gob.do/wp-content/uploads/2026/02/temperaturas-extremas-y-precipitaciones-2026x02x08-a.pdf
2026-02-08,052,OLIVARES,PEDERNALES,INDRHI,EMCI,,,0.0,https://indomet.gob.do/wp-content/uploads/2026/02/temperaturas-extremas-y-precipitaciones-2026x02x08-a.pdf
2026-02-08,053,OVIEDO,PEDERNALES,CLÍNICA RURAL OVIEDO,EMCI,32.0,20.0,0.0,https://indomet.gob.do/wp-content/uploads/2026/02/temperaturas-extremas-y-precipitaciones-2026x02x08-a.pdf
2026-02-08,054,PADRE LAS CASAS,AZUA,HOSP. NTRA. SRA. DEL CARMEN,EMCI,31.4,14.5,0.0,https://indomet.gob.do/wp-content/uploads/2026/02/temperaturas-extremas-y-precipitaciones-2026x02x08-a.pdf
2026-02-08,055,PARQUE MIRADOR SUR,DISTRITO NACIONAL,AYUNTAMIENTO,EMCV,31.5,21.5,0.0,https://indomet.gob.do/wp-content/uploads/2026/02/temperaturas-extremas-y-precipitaciones-2026x02x08-a.pdf
2026-02-08,056,PEDERNALES,PEDERNALES,INDRHI,EMCI,,,0.0,https://indomet.gob.do/wp-content/uploads/2026/02/temperaturas-extremas-y-precipitaciones-2026x02x08-a.pdf
2026-02-08,057,PERALTA,AZUA,HOSP. MPAL. DE PERALTA,EMCI,29.0,16.7,0.0,https://indomet.gob.do/wp-content/uploads/2026/02/temperaturas-extremas-y-precipitaciones-2026x02x08-a.pdf
2026-02-08,058,POLO,BARAHONA,INDOCAFE,EMCI,,15.0,0.0,https://indomet.gob.do/wp-content/uploads/2026/02/temperaturas-extremas-y-precipitaciones-2026x02x08-a.pdf
2026-02-08,059,PONTÓN ABAJO (EMA),LA VEGA,MINISTERIO DE AGRICULTURA,EMAP,30.3,19.2,0.0,https://indomet.gob.do/wp-content/uploads/2026/02/temperaturas-extremas-y-precipitaciones-2026x02x08-a.pdf
2026-02-08,060,PRESA DE TAVERAS (EMA),LA VEGA,PROGRAMA MUNDIAL DE ALIMENTO,EMAP,25.3,17.5,0.0,https://indomet.gob.do/wp-content/uploads/2026/02/temperaturas-extremas-y-precipitaciones-2026x02x08-a.pdf
2026-02-08,061,RANCHO ARRIBA,SAN JOSÉ DE OCOA,CENTRO TECNOLÓGICO COMUNITARIO,EMCI,25.0,13.4,0.0,https://indomet.gob.do/wp-content/uploads/2026/02/temperaturas-extremas-y-precipitaciones-2026x02x08-a.pdf
2026-02-08,062,RESTAURACIÓN,DAJABÓN,MINISTERIO DE AGRICULTURA,EMCI,28.7,11.0,0.0,https://indomet.gob.do/wp-content/uploads/2026/02/temperaturas-extremas-y-precipitaciones-2026x02x08-a.pdf
2026-02-08,063,SABANA DE LA MAR,HATO MAYOR,INDOMET,EMCI,27.6,17.6,0.0,https://indomet.gob.do/wp-content/uploads/2026/02/temperaturas-extremas-y-precipitaciones-2026x02x08-a.pdf
2026-02-08,064,SABANA GRANDE DE BOYÁ,MONTE PLATA,MINISTERIO DE AGRICULTURA,EMCV,,,0.0,https://indomet.gob.do/wp-content/uploads/2026/02/temperaturas-extremas-y-precipitaciones-2026x02x08-a.pdf
2026-02-08,065,SABANETA (EMA),SANTIAGO RODRÍGUEZ,PROGRAMA MUNDIAL DE ALIMENTO,EMAP,27.3,17.2,0.0,https://indomet.gob.do/wp-content/uploads/2026/02/temperaturas-extremas-y-precipitaciones-2026x02x08-a.pdf
2026-02-08,066,SALCEDO,HERMANAS MIRABAL,PROPIEDAD DEL EMPLEADO,EMCI,,,0.0,https://indomet.gob.do/wp-content/uploads/2026/02/temperaturas-extremas-y-precipitaciones-2026x02x08-a.pdf
2026-02-08,067,SAMANÁ,SAMANÁ,COMANDANCIA DE PUERTO DE SAMANÁ,EMCI,27.9,15.3,0.0,https://indomet.gob.do/wp-content/uploads/2026/02/temperaturas-extremas-y-precipitaciones-2026x02x08-a.pdf
2026-02-08,068,SAN CRISTÓBAL,SAN CRISTÓBAL,INSTITUTO POLITÉCNICO LOYOLA,EMCI,30.2,21.2,0.0,https://indomet.gob.do/wp-content/uploads/2026/02/temperaturas-extremas-y-precipitaciones-2026x02x08-a.pdf
2026-02-08,069,SAN FRANCISCO DE MACORÍS,DUARTE,San Francisco de Macorís (UASD),EMCI,27.3,19.1,0.0,https://indomet.gob.do/wp-content/uploads/2026/02/temperaturas-extremas-y-precipitaciones-2026x02x08-a.pdf
2026-02-08,070,SAN JOSÉ DE OCOA,SAN JOSÉ DE OCOA,HOSP. SAN JOSÉ DE OCOA,EMCI,28.2,16.5,0.0,https://indomet.gob.do/wp-content/uploads/2026/02/temperaturas-extremas-y-precipitaciones-2026x02x08-a.pdf
2026-02-08,071,SAN RAFAEL DEL YUMA,LA ALTAGRACIA,MINISTERIO DE AGRICULTURA,EMCI,29.0,17.5,0.0,https://indomet.gob.do/wp-content/uploads/2026/02/temperaturas-extremas-y-precipitaciones-2026x02x08-a.pdf
2026-02-08,072,SÁNCHEZ,SAMANÁ,MINISTERIO DE AGRICULTURA,EMCI,26.5,18.9,0.0,https://indomet.gob.do/wp-content/uploads/2026/02/temperaturas-extremas-y-precipitaciones-2026x02x08-a.pdf
2026-02-08,073,JARDÍN BOTÁNICO SANTIAGO (EMSANTIAGO,,JARDIN BOTANICO SANTIAGO,EMAI,28.7,17.0,0.0,https://indomet.gob.do/wp-content/uploads/2026/02/temperaturas-extremas-y-precipitaciones-2026x02x08-a.pdf
2026-02-08,074,BUCARA (EMA),SANTIAGO,MINISTERIO DE AGRICULTURA,EMAI,,,0.0,https://indomet.gob.do/wp-content/uploads/2026/02/temperaturas-extremas-y-precipitaciones-2026x02x08-a.pdf
2026-02-08,075,VILLA VASQUEZ (EMA),MONTE CRISTI,JUNTA DE REGANTES,EMAI,,,0.0,https://indomet.gob.do/wp-content/uploads/2026/02/temperaturas-extremas-y-precipitaciones-2026x02x08-a.pdf
2026-02-08,076,SANTIAGO RODRÍGUEZ,SANTIAGO RODRÍGUEZ,INDOMET,EMCI,29.0,17.5,0.0,https://indomet.gob.do/wp-content/uploads/2026/02/temperaturas-extremas-y-precipitaciones-2026x02x08-a.pdf
2026-02-08,077,SANTO DOMINGO ESTE,SANTO DOMINGO,INDOMET,EMCI,29.5,21.5,0.0,https://indomet.gob.do/wp-content/uploads/2026/02/temperaturas-extremas-y-precipitaciones-2026x02x08-a.pdf
2026-02-08,078,TÁBARA ABAJO,AZUA,INDRHI,EMCI,31.7,17.5,0.0,https://indomet.gob.do/wp-content/uploads/2026/02/temperaturas-extremas-y-precipitaciones-2026x02x08-a.pdf
2026-02-08,079,VILLA ALTAGRACIA,SAN CRISTÓBAL,ESCUELA JAVIER ANGULO GURIDI,EMCI,,,0.0,https://indomet.gob.do/wp-content/uploads/2026/02/temperaturas-extremas-y-precipitaciones-2026x02x08-a.pdf
2026-02-08,080,VILLA GONZALES,SANTIAGO,MINISTERIO DE AGRICULTURA,EMCI,,,0.0,https://indomet.gob.do/wp-content/uploads/2026/02/temperaturas-extremas-y-precipitaciones-2026x02x08-a.pdf
2026-02-08,081,VILLA ISABELA,PUERTO PLATA,MINISTERIO DE AGRICULTURA,EMCV,26.0,17.0,0.0,https://indomet.gob.do/wp-content/uploads/2026/02/temperaturas-extremas-y-precipitaciones-2026x02x08-a.pdf
2026-02-08,082,VILLA RIVA,DUARTE,HOSP. MPAL. ALICIA DE LEGENDRE,EMCI,27.7,17.2,0.0,https://indomet.gob.do/wp-content/uploads/2026/02/temperaturas-extremas-y-precipitaciones-2026x02x08-a.pdf
2026-02-09,001,GASPAR HERNÁNDEZ,ESPAILLAT,PROPIEDAD DEL EMPLEADO,EMCI,,,14.6,https://indomet.gob.do/wp-content/uploads/2026/02/temperaturas-extremas-y-precipitaciones-2026x02x09-a.pdf
2026-02-09,002,JARABACOA (EMA),LA VEGA,PROGRAMA MUNDIAL DE ALIMENTO,EMAP,30.1,16.1,12.2,https://indomet.gob.do/wp-content/uploads/2026/02/temperaturas-extremas-y-precipitaciones-2026x02x09-a.pdf
2026-02-09,003,JARABACOA,LA VEGA,INDRHI / MARENA,EMCI,24.6,14.2,11.5,https://indomet.gob.do/wp-content/uploads/2026/02/temperaturas-extremas-y-precipitaciones-2026x02x09-a.pdf
2026-02-09,004,CABRERA,MARÍA TRINIDAD SÁNCHEZ,ESCUELA ARÍSTIDES FIALLO CABRAL,EMCI,24.0,21.0,9.0,https://indomet.gob.do/wp-content/uploads/2026/02/temperaturas-extremas-y-precipitaciones-2026x02x09-a.pdf
2026-02-09,005,RÍO SAN JUAN,MARÍA TRINIDAD SÁNCHEZ,HOSP. MPAL. DR. DESIDERIO ACOSTA,EMCV,25.0,19.5,7.0,https://indomet.gob.do/wp-content/uploads/2026/02/temperaturas-extremas-y-precipitaciones-2026x02x09-a.pdf
2026-02-09,006,BONAO,MONSEÑOR NOUEL,MINISTERIO DE AGRICULTURA,EMCV,,,5.8,https://indomet.gob.do/wp-content/uploads/2026/02/temperaturas-extremas-y-precipitaciones-2026x02x09-a.pdf
2026-02-09,007,PALO ÍNDIO,PUERTO PLATA,MINISTERIO DE AGRICULTURA,EMCI,,,5.8,https://indomet.gob.do/wp-content/uploads/2026/02/temperaturas-extremas-y-precipitaciones-2026x02x09-a.pdf
2026-02-09,008,EL FACTOR (EMA),MARÍA TRINIDAD SÁNCHEZ,INTEC,EMAP,28.3,19.1,5.8,https://indomet.gob.do/wp-content/uploads/2026/02/temperaturas-extremas-y-precipitaciones-2026x02x09-a.pdf
2026-02-09,009,MONTE CRISTI,MONTE CRISTI,INDOMET,EMCI,27.3,20.1,5.0,https://indomet.gob.do/wp-content/uploads/2026/02/temperaturas-extremas-y-precipitaciones-2026x02x09-a.pdf
2026-02-09,010,MONCIÓN (EMA),SANTIAGO RODRÍGUEZ,PROGRAMA MUNDIAL DE ALIMENTO,EMAP,25.6,17.3,4.4,https://indomet.gob.do/wp-content/uploads/2026/02/temperaturas-extremas-y-precipitaciones-2026x02x09-a.pdf
2026-02-09,011,JUMA BEJUCAL,MONSEÑOR NOUEL,IDIAF,EMCV,26.6,18.2,4.3,https://indomet.gob.do/wp-content/uploads/2026/02/temperaturas-extremas-y-precipitaciones-2026x02x09-a.pdf
2026-02-09,012,LUPERÓN,PUERTO PLATA,MINISTERIO DE AGRICULTURA,EMCV,,,4.1,https://indomet.gob.do/wp-content/uploads/2026/02/temperaturas-extremas-y-precipitaciones-2026x02x09-a.pdf
2026-02-09,013,ALTAMIRA,PUERTO PLATA,HOSP. MPAL. DE ALTAMIRA,EMCI,23.7,16.5,3.5,https://indomet.gob.do/wp-content/uploads/2026/02/temperaturas-extremas-y-precipitaciones-2026x02x09-a.pdf
2026-02-09,014,ARPT. GREGORIO LUPERÓN,PUERTO PLATA,INDOMET,EMCI,24.4,19.3,3.4,https://indomet.gob.do/wp-content/uploads/2026/02/temperaturas-extremas-y-precipitaciones-2026x02x09-a.pdf
2026-02-09,015,SÁNCHEZ,SAMANÁ,MINISTERIO DE AGRICULTURA,EMCI,28.6,19.5,3.2,https://indomet.gob.do/wp-content/uploads/2026/02/temperaturas-extremas-y-precipitaciones-2026x02x09-a.pdf
2026-02-09,016,SAJOMA (EMA),SANTIAGO,PLAN SIERRA,EMAI,26.5,16.7,2.8,https://indomet.gob.do/wp-content/uploads/2026/02/temperaturas-extremas-y-precipitaciones-2026x02x09-a.pdf
2026-02-09,017,VILLA RIVA,DUARTE,HOSP. MPAL. ALICIA DE LEGENDRE,EMCI,26.4,18.4,2.5,https://indomet.gob.do/wp-content/uploads/2026/02/temperaturas-extremas-y-precipitaciones-2026x02x09-a.pdf
2026-02-09,018,LA VEGA,LA VEGA,IATESA,EMCI,25.0,18.0,2.3,https://indomet.gob.do/wp-content/uploads/2026/02/temperaturas-extremas-y-precipitaciones-2026x02x09-a.pdf
2026-02-09,019,TAMBORIL,SANTIAGO,MINISTERIO DE AGRICULTURA,EMCV,,,2.0,https://indomet.gob.do/wp-content/uploads/2026/02/temperaturas-extremas-y-precipitaciones-2026x02x09-a.pdf
2026-02-09,020,ARPT. EL CATEY,SAMANÁ,INDOMET,EMCI,25.0,18.4,2.0,https://indomet.gob.do/wp-content/uploads/2026/02/temperaturas-extremas-y-precipitaciones-2026x02x09-a.pdf
2026-02-09,021,MICHES (EMA),EL SEIBO,PRIVADA,EMAP,26.1,22.3,1.6,https://indomet.gob.do/wp-content/uploads/2026/02/temperaturas-extremas-y-precipitaciones-2026x02x09-a.pdf
2026-02-09,022,GURABO,SANTIAGO,MINISTERIO DE AGRICULTURA,EMCV,,,1.5,https://indomet.gob.do/wp-content/uploads/2026/02/temperaturas-extremas-y-precipitaciones-2026x02x09-a.pdf
2026-02-09,023,RANCHO ARRIBA,SAN JOSÉ DE OCOA,CENTRO TECNOLÓGICO COMUNITARIO,EMCI,24.5,14.6,0.8,https://indomet.gob.do/wp-content/uploads/2026/02/temperaturas-extremas-y-precipitaciones-2026x02x09-a.pdf
2026-02-09,024,ALTO BANDERA (EMA),LA VEGA,INTEC,EMAP,14.9,3.2,0.3,https://indomet.gob.do/wp-content/uploads/2026/02/temperaturas-extremas-y-precipitaciones-2026x02x09-a.pdf
2026-02-09,025,SABANA GRANDE DE BOYÁ,MONTE PLATA,MINISTERIO DE AGRICULTURA,EMCV,,,0.3,https://indomet.gob.do/wp-content/uploads/2026/02/temperaturas-extremas-y-precipitaciones-2026x02x09-a.pdf
2026-02-09,026,CONSTANZA,LA VEGA,MINISTERIO DE AGRICULTURA,EMCI,21.7,12.0,0.2,https://indomet.gob.do/wp-content/uploads/2026/02/temperaturas-extremas-y-precipitaciones-2026x02x09-a.pdf
2026-02-09,027,CONSTANZA (EMA),LA VEGA,PROGRAMA MUNDIAL DE ALIMENTO,EMAP,20.9,13.1,0.2,https://indomet.gob.do/wp-content/uploads/2026/02/temperaturas-extremas-y-precipitaciones-2026x02x09-a.pdf
2026-02-09,028,PONTÓN ABAJO (EMA),LA VEGA,MINISTERIO DE AGRICULTURA,EMAP,29.9,19.5,0.2,https://indomet.gob.do/wp-content/uploads/2026/02/temperaturas-extremas-y-precipitaciones-2026x02x09-a.pdf
2026-02-09,029,PRESA DE TAVERAS (EMA),LA VEGA,PROGRAMA MUNDIAL DE ALIMENTO,EMAP,27.2,17.4,0.2,https://indomet.gob.do/wp-content/uploads/2026/02/temperaturas-extremas-y-precipitaciones-2026x02x09-a.pdf
2026-02-09,030,VALLE NUEVO (EMA),LA VEGA,MARENA,EMAI,17.5,2.1,0.2,https://indomet.gob.do/wp-content/uploads/2026/02/temperaturas-extremas-y-precipitaciones-2026x02x09-a.pdf
2026-02-09,031,ARPT. DEL CIBAO,SANTIAGO,INDOMET,EMCI,30.0,16.0,0.1,https://indomet.gob.do/wp-content/uploads/2026/02/temperaturas-extremas-y-precipitaciones-2026x02x09-a.pdf
2026-02-09,032,ANAMUYA (EMA),LA ALTAGRACIA,MINISTERIO DE AGRICULTURA,EMAP,26.7,21.4,0.0,https://indomet.gob.do/wp-content/uploads/2026/02/temperaturas-extremas-y-precipitaciones-2026x02x09-a.pdf
2026-02-09,033,ARPT. ARROYO BARRIL,SAMANÁ,INDOMET,EMCI,26.8,22.4,0.0,https://indomet.gob.do/wp-content/uploads/2026/02/temperaturas-extremas-y-precipitaciones-2026x02x09-a.pdf
2026-02-09,034,ARPT. DE LA ROMANA,LA ROMANA,INDOMET,EMCI,27.7,15.5,0.0,https://indomet.gob.do/wp-content/uploads/2026/02/temperaturas-extremas-y-precipitaciones-2026x02x09-a.pdf
2026-02-09,035,ARPT. DE LAS AMÉRICAS,SANTO DOMINGO,INDOMET,EMCI,27.0,18.6,0.0,https://indomet.gob.do/wp-content/uploads/2026/02/temperaturas-extremas-y-precipitaciones-2026x02x09-a.pdf
2026-02-09,036,ARPT. DE PUNTA CANA,LA ALTAGRACIA,INDOMET,EMCI,27.5,18.8,0.0,https://indomet.gob.do/wp-content/uploads/2026/02/temperaturas-extremas-y-precipitaciones-2026x02x09-a.pdf
2026-02-09,037,ARPT. LA ISABELA,SANTO DOMINGO,INDOMET,EMCI,28.4,20.0,0.0,https://indomet.gob.do/wp-content/uploads/2026/02/temperaturas-extremas-y-precipitaciones-2026x02x09-a.pdf
2026-02-09,038,ARPT. MARÍA MONTEZ,BARAHONA,INDOMET,EMCI,31.6,19.0,0.0,https://indomet.gob.do/wp-content/uploads/2026/02/temperaturas-extremas-y-precipitaciones-2026x02x09-a.pdf
2026-02-09,039,ARROYO LORO,SAN JUAN,IDIAF,EMCI,30.5,14.9,0.0,https://indomet.gob.do/wp-content/uploads/2026/02/temperaturas-extremas-y-precipitaciones-2026x02x09-a.pdf
2026-02-09,040,BANI (EMA),PERAVIA,MINISTERIO DE AGRICULTURA,EMAP,29.5,21.9,0.0,https://indomet.gob.do/wp-content/uploads/2026/02/temperaturas-extremas-y-precipitaciones-2026x02x09-a.pdf
2026-02-09,041,BASE AÉREA DE SAN ISIDRO,SANTO DOMINGO,FUERZA AÉREA DOMINICANA,EMCV,27.5,21.5,0.0,https://indomet.gob.do/wp-content/uploads/2026/02/temperaturas-extremas-y-precipitaciones-2026x02x09-a.pdf
2026-02-09,042,BAYAGUANA,MONTE PLATA,INDOMET,EMCI,27.8,19.2,0.0,https://indomet.gob.do/wp-content/uploads/2026/02/temperaturas-extremas-y-precipitaciones-2026x02x09-a.pdf
2026-02-09,043,BOCA DE MAO (EMA),VALVERDE,MINISTERIO DE AGRICULTURA,EMAP,30.3,18.5,0.0,https://indomet.gob.do/wp-content/uploads/2026/02/temperaturas-extremas-y-precipitaciones-2026x02x09-a.pdf
2026-02-09,044,BOHECHÍO,SAN JUAN,MINISTERIO DE AGRICULTURA,EMCV,,,0.0,https://indomet.gob.do/wp-content/uploads/2026/02/temperaturas-extremas-y-precipitaciones-2026x02x09-a.pdf
2026-02-09,045,BUCARA (EMA),SANTIAGO,MINISTERIO DE AGRICULTURA,EMAI,,,0.0,https://indomet.gob.do/wp-content/uploads/2026/02/temperaturas-extremas-y-precipitaciones-2026x02x09-a.pdf
2026-02-09,046,CABRAL,BARAHONA,MINISTERIO DE AGRICULTURA,EMCV,31.8,18.7,0.0,https://indomet.gob.do/wp-content/uploads/2026/02/temperaturas-extremas-y-precipitaciones-2026x02x09-a.pdf
2026-02-09,047,CENTRO DE LOS HEROES (EMA),DISTRITO NACIONAL,MINISTERIO DE ENERGIA Y MINA,EMAP,27.9,21.1,0.0,https://indomet.gob.do/wp-content/uploads/2026/02/temperaturas-extremas-y-precipitaciones-2026x02x09-a.pdf
2026-02-09,048,DAJABÓN,DAJABÓN,INSTITUTO POLITÉCNICO LOYOLA,EMCI,33.8,19.0,0.0,https://indomet.gob.do/wp-content/uploads/2026/02/temperaturas-extremas-y-precipitaciones-2026x02x09-a.pdf
2026-02-09,049,ELÍAS PIÑA,ELÍAS PIÑA,MINISTERIO DE AGRICULTURA,EMCV,,,0.0,https://indomet.gob.do/wp-content/uploads/2026/02/temperaturas-extremas-y-precipitaciones-2026x02x09-a.pdf
2026-02-09,050,ENRIQUILLO,BARAHONA,MINISTERIO DE AGRICULTURA,EMCV,31.0,19.5,0.0,https://indomet.gob.do/wp-content/uploads/2026/02/temperaturas-extremas-y-precipitaciones-2026x02x09-a.pdf
2026-02-09,051,ESCONDIDO,PERAVIA,MINISTERIO DE AGRICULTURA,EMCV,29.0,22.0,0.0,https://indomet.gob.do/wp-content/uploads/2026/02/temperaturas-extremas-y-precipitaciones-2026x02x09-a.pdf
2026-02-09,052,HATO MAYOR,HATO MAYOR,MINISTERIO DE AGRICULTURA,EMCV,,,0.0,https://indomet.gob.do/wp-content/uploads/2026/02/temperaturas-extremas-y-precipitaciones-2026x02x09-a.pdf
2026-02-09,053,HONDO VALLE,ELÍAS PIÑA,MINISTERIO DE AGRICULTURA,EMCI,21.3,11.2,0.0,https://indomet.gob.do/wp-content/uploads/2026/02/temperaturas-extremas-y-precipitaciones-2026x02x09-a.pdf
2026-02-09,054,JARDÍN BOTÁNICO NACIONAL,DISTRITO NACIONAL,JARDÍN BOTÁNICO NACIONAL,EMCV,29.3,17.1,0.0,https://indomet.gob.do/wp-content/uploads/2026/02/temperaturas-extremas-y-precipitaciones-2026x02x09-a.pdf
2026-02-09,055,JARDÍN BOTÁNICO SANTIAGO (EMSANTIAGO,,JARDIN BOTANICO SANTIAGO,EMAI,26.6,18.6,0.0,https://indomet.gob.do/wp-content/uploads/2026/02/temperaturas-extremas-y-precipitaciones-2026x02x09-a.pdf
2026-02-09,056,JIMANÍ,INDEPENDENCIA,MINISTERIO DE AGRICULTURA,EMCI,32.8,20.6,0.0,https://indomet.gob.do/wp-content/uploads/2026/02/temperaturas-extremas-y-precipitaciones-2026x02x09-a.pdf
2026-02-09,057,LA VICTORIA,SANTO DOMINGO,CUERPO DE BOMBEROS,EMCI,28.5,19.2,0.0,https://indomet.gob.do/wp-content/uploads/2026/02/temperaturas-extremas-y-precipitaciones-2026x02x09-a.pdf
2026-02-09,058,LAS CANAS (EMA),MONTE CRISTI,PROGRAMA MUNDIAL DE ALIMENTO,EMAP,23.5,18.7,0.0,https://indomet.gob.do/wp-content/uploads/2026/02/temperaturas-extremas-y-precipitaciones-2026x02x09-a.pdf
2026-02-09,059,LAS MATAS DE SANTA CRUZ (EMA,MONTE CRISTI,PROGRAMA MUNDIAL DE ALIMENTO,EMAP,,,0.0,https://indomet.gob.do/wp-content/uploads/2026/02/temperaturas-extremas-y-precipitaciones-2026x02x09-a.pdf
2026-02-09,060,LOS JENGIBRES,NAGUA,INDRHI,EMCI,,,0.0,https://indomet.gob.do/wp-content/uploads/2026/02/temperaturas-extremas-y-precipitaciones-2026x02x09-a.pdf
2026-02-09,061,LOS LLANOS,SAN PEDRO DE MACORÍS,MINISTERIO DE AGRICULTURA,EMCI,28.2,17.0,0.0,https://indomet.gob.do/wp-content/uploads/2026/02/temperaturas-extremas-y-precipitaciones-2026x02x09-a.pdf
2026-02-09,062,LOS TRES CHARCOS (EMA),PEDERNALES,PROPIEDAD DEL VOLUNTARIO,EMAP,,,0.0,https://indomet.gob.do/wp-content/uploads/2026/02/temperaturas-extremas-y-precipitaciones-2026x02x09-a.pdf
2026-02-09,063,MAO,VALVERDE,INDRHI / MINISTERIO DE AGRICULTURA,EMCV,,,0.0,https://indomet.gob.do/wp-content/uploads/2026/02/temperaturas-extremas-y-precipitaciones-2026x02x09-a.pdf
2026-02-09,064,OLIVARES,PEDERNALES,INDRHI,EMCI,,,0.0,https://indomet.gob.do/wp-content/uploads/2026/02/temperaturas-extremas-y-precipitaciones-2026x02x09-a.pdf
2026-02-09,065,OVIEDO,PEDERNALES,CLÍNICA RURAL OVIEDO,EMCI,32.3,21.0,0.0,https://indomet.gob.do/wp-content/uploads/2026/02/temperaturas-extremas-y-precipitaciones-2026x02x09-a.pdf
2026-02-09,066,PADRE LAS CASAS,AZUA,HOSP. NTRA. SRA. DEL CARMEN,EMCI,32.3,13.5,0.0,https://indomet.gob.do/wp-content/uploads/2026/02/temperaturas-extremas-y-precipitaciones-2026x02x09-a.pdf
2026-02-09,067,PASO AL MEDIO,SAN PEDRO DE MACORÍS,INDRHI,EMCI,,,0.0,https://indomet.gob.do/wp-content/uploads/2026/02/temperaturas-extremas-y-precipitaciones-2026x02x09-a.pdf
2026-02-09,068,PEDERNALES,PEDERNALES,INDRHI,EMCI,,,0.0,https://indomet.gob.do/wp-content/uploads/2026/02/temperaturas-extremas-y-precipitaciones-2026x02x09-a.pdf
2026-02-09,069,PERALTA,AZUA,HOSP. MPAL. DE PERALTA,EMCI,26.4,14.1,0.0,https://indomet.gob.do/wp-content/uploads/2026/02/temperaturas-extremas-y-precipitaciones-2026x02x09-a.pdf
2026-02-09,070,PESCADERIA (EMA),BARAHONA,MINISTERIO DE AGRICULTURA,EMAP,,,0.0,https://indomet.gob.do/wp-content/uploads/2026/02/temperaturas-extremas-y-precipitaciones-2026x02x09-a.pdf
2026-02-09,071,POLO,BARAHONA,INDOCAFE,EMCI,,14.5,0.0,https://indomet.gob.do/wp-content/uploads/2026/02/temperaturas-extremas-y-precipitaciones-2026x02x09-a.pdf
2026-02-09,072,RESTAURACIÓN,DAJABÓN,MINISTERIO DE AGRICULTURA,EMCI,29.4,13.6,0.0,https://indomet.gob.do/wp-content/uploads/2026/02/temperaturas-extremas-y-precipitaciones-2026x02x09-a.pdf
2026-02-09,073,SABANA DE LA MAR,HATO MAYOR,INDOMET,EMCI,27.4,19.2,0.0,https://indomet.gob.do/wp-content/uploads/2026/02/temperaturas-extremas-y-precipitaciones-2026x02x09-a.pdf
2026-02-09,074,SABANETA (EMA),SANTIAGO RODRÍGUEZ,PROGRAMA MUNDIAL DE ALIMENTO,EMAP,29.9,18.1,0.0,https://indomet.gob.do/wp-content/uploads/2026/02/temperaturas-extremas-y-precipitaciones-2026x02x09-a.pdf
2026-02-09,075,SALCEDO,HERMANAS MIRABAL,PROPIEDAD DEL EMPLEADO,EMCI,,,0.0,https://indomet.gob.do/wp-content/uploads/2026/02/temperaturas-extremas-y-precipitaciones-2026x02x09-a.pdf
2026-02-09,076,SAMANÁ,SAMANÁ,COMANDANCIA DE PUERTO DE SAMANÁ,EMCI,27.0,17.2,0.0,https://indomet.gob.do/wp-content/uploads/2026/02/temperaturas-extremas-y-precipitaciones-2026x02x09-a.pdf
2026-02-09,077,SAN CRISTÓBAL,SAN CRISTÓBAL,INSTITUTO POLITÉCNICO LOYOLA,EMCI,30.2,19.0,0.0,https://indomet.gob.do/wp-content/uploads/2026/02/temperaturas-extremas-y-precipitaciones-2026x02x09-a.pdf
2026-02-09,078,SAN FRANCISCO DE MACORÍS,DUARTE,San Francisco de Macorís (UASD),EMCI,25.3,19.5,0.0,https://indomet.gob.do/wp-content/uploads/2026/02/temperaturas-extremas-y-precipitaciones-2026x02x09-a.pdf
2026-02-09,079,SAN JOSÉ DE OCOA,SAN JOSÉ DE OCOA,HOSP. SAN JOSÉ DE OCOA,EMCI,29.3,17.4,0.0,https://indomet.gob.do/wp-content/uploads/2026/02/temperaturas-extremas-y-precipitaciones-2026x02x09-a.pdf
2026-02-09,080,SAN RAFAEL DEL YUMA,LA ALTAGRACIA,MINISTERIO DE AGRICULTURA,EMCI,28.4,17.7,0.0,https://indomet.gob.do/wp-content/uploads/2026/02/temperaturas-extremas-y-precipitaciones-2026x02x09-a.pdf
2026-02-09,081,SANTIAGO RODRÍGUEZ,SANTIAGO RODRÍGUEZ,INDOMET,EMCI,30.0,18.6,0.0,https://indomet.gob.do/wp-content/uploads/2026/02/temperaturas-extremas-y-precipitaciones-2026x02x09-a.pdf
2026-02-09,082,SANTO DOMINGO ESTE,SANTO DOMINGO,INDOMET,EMCI,28.5,21.0,0.0,https://indomet.gob.do/wp-content/uploads/2026/02/temperaturas-extremas-y-precipitaciones-2026x02x09-a.pdf
2026-02-09,083,TÁBARA ABAJO,AZUA,INDRHI,EMCI,30.8,19.0,0.0,https://indomet.gob.do/wp-content/uploads/2026/02/temperaturas-extremas-y-precipitaciones-2026x02x09-a.pdf
2026-02-09,084,TAVERA,SANTIAGO,INDRHI,EMCI,,,0.0,https://indomet.gob.do/wp-content/uploads/2026/02/temperaturas-extremas-y-precipitaciones-2026x02x09-a.pdf
2026-02-09,085,VILLA ALTAGRACIA,SAN CRISTÓBAL,ESCUELA JAVIER ANGULO GURIDI,EMCI,,,0.0,https://indomet.gob.do/wp-content/uploads/2026/02/temperaturas-extremas-y-precipitaciones-2026x02x09-a.pdf
2026-02-09,086,VILLA GONZALES,SANTIAGO,MINISTERIO DE AGRICULTURA,EMCI,,,0.0,https://indomet.gob.do/wp-content/uploads/2026/02/temperaturas-extremas-y-precipitaciones-2026x02x09-a.pdf
2026-02-09,087,VILLA ISABELA,PUERTO PLATA,MINISTERIO DE AGRICULTURA,EMCV,,,0.0,https://indomet.gob.do/wp-content/uploads/2026/02/temperaturas-extremas-y-precipitaciones-2026x02x09-a.pdf
2026-02-09,088,VILLA VASQUEZ (EMA),MONTE CRISTI,JUNTA DE REGANTES,EMAI,,,0.0,https://indomet.gob.do/wp-content/uploads/2026/02/temperaturas-extremas-y-precipitaciones-2026x02x09-a.pdf
2026-02-10,001,MONCIÓN (EMA),SANTIAGO RODRÍGUEZ,PROGRAMA MUNDIAL DE ALIMENTO,EMAP,24.2,14.6,6.4,https://indomet.gob.do/wp-content/uploads/2026/02/temperaturas-extremas-y-precipitaciones-2026x02x10-a.pdf
2026-02-10,002,BUCARA (EMA),SANTIAGO,MINISTERIO DE AGRICULTURA,EMAI,,,4.3,https://indomet.gob.do/wp-content/uploads/2026/02/temperaturas-extremas-y-precipitaciones-2026x02x10-a.pdf
2026-02-10,003,MICHES (EMA),EL SEIBO,PRIVADA,EMAP,27.1,22.8,2.6,https://indomet.gob.do/wp-content/uploads/2026/02/temperaturas-extremas-y-precipitaciones-2026x02x10-a.pdf
2026-02-10,004,ARPT. DEL CIBAO,SANTIAGO,INDOMET,EMCI,29.5,17.0,1.2,https://indomet.gob.do/wp-content/uploads/2026/02/temperaturas-extremas-y-precipitaciones-2026x02x10-a.pdf
2026-02-10,005,GURABO,SANTIAGO,MINISTERIO DE AGRICULTURA,EMCV,,,0.8,https://indomet.gob.do/wp-content/uploads/2026/02/temperaturas-extremas-y-precipitaciones-2026x02x10-a.pdf
2026-02-10,006,ALTAMIRA,PUERTO PLATA,HOSP. MPAL. DE ALTAMIRA,EMCI,25.9,15.4,0.6,https://indomet.gob.do/wp-content/uploads/2026/02/temperaturas-extremas-y-precipitaciones-2026x02x10-a.pdf
2026-02-10,007,PALO ÍNDIO,PUERTO PLATA,MINISTERIO DE AGRICULTURA,EMCI,,,0.5,https://indomet.gob.do/wp-content/uploads/2026/02/temperaturas-extremas-y-precipitaciones-2026x02x10-a.pdf
2026-02-10,008,ARPT. GREGORIO LUPERÓN,PUERTO PLATA,INDOMET,EMCI,26.5,18.5,0.5,https://indomet.gob.do/wp-content/uploads/2026/02/temperaturas-extremas-y-precipitaciones-2026x02x10-a.pdf
2026-02-10,009,SAJOMA (EMA),SANTIAGO,PLAN SIERRA,EMAI,26.5,16.7,0.4,https://indomet.gob.do/wp-content/uploads/2026/02/temperaturas-extremas-y-precipitaciones-2026x02x10-a.pdf
2026-02-10,010,JARABACOA,LA VEGA,INDRHI / MARENA,EMCI,23.2,12.6,0.3,https://indomet.gob.do/wp-content/uploads/2026/02/temperaturas-extremas-y-precipitaciones-2026x02x10-a.pdf
2026-02-10,011,JARABACOA (EMA),LA VEGA,PROGRAMA MUNDIAL DE ALIMENTO,EMAP,22.4,14.2,0.2,https://indomet.gob.do/wp-content/uploads/2026/02/temperaturas-extremas-y-precipitaciones-2026x02x10-a.pdf
2026-02-10,012,MONTE CRISTI,MONTE CRISTI,INDOMET,EMCI,27.0,19.4,0.2,https://indomet.gob.do/wp-content/uploads/2026/02/temperaturas-extremas-y-precipitaciones-2026x02x10-a.pdf
2026-02-10,013,ARPT. EL CATEY,SAMANÁ,INDOMET,EMCI,26.4,19.0,0.1,https://indomet.gob.do/wp-content/uploads/2026/02/temperaturas-extremas-y-precipitaciones-2026x02x10-a.pdf
2026-02-10,014,SALCEDO,HERMANAS MIRABAL,PROPIEDAD DEL EMPLEADO,EMCI,,,0.1,https://indomet.gob.do/wp-content/uploads/2026/02/temperaturas-extremas-y-precipitaciones-2026x02x10-a.pdf
2026-02-10,015,ALTO BANDERA (EMA),LA VEGA,INTEC,EMAP,14.1,4.7,0.0,https://indomet.gob.do/wp-content/uploads/2026/02/temperaturas-extremas-y-precipitaciones-2026x02x10-a.pdf
2026-02-10,016,ANAMUYA (EMA),LA ALTAGRACIA,MINISTERIO DE AGRICULTURA,EMAP,26.9,21.3,0.0,https://indomet.gob.do/wp-content/uploads/2026/02/temperaturas-extremas-y-precipitaciones-2026x02x10-a.pdf
2026-02-10,017,ARPT. ARROYO BARRIL,SAMANÁ,INDOMET,EMCI,26.9,22.2,0.0,https://indomet.gob.do/wp-content/uploads/2026/02/temperaturas-extremas-y-precipitaciones-2026x02x10-a.pdf
2026-02-10,018,ARPT. DE LA ROMANA,LA ROMANA,INDOMET,EMCI,27.8,16.5,0.0,https://indomet.gob.do/wp-content/uploads/2026/02/temperaturas-extremas-y-precipitaciones-2026x02x10-a.pdf
2026-02-10,019,ARPT. DE LAS AMÉRICAS,SANTO DOMINGO,INDOMET,EMCI,28.4,18.2,0.0,https://indomet.gob.do/wp-content/uploads/2026/02/temperaturas-extremas-y-precipitaciones-2026x02x10-a.pdf
2026-02-10,020,ARPT. DE PUNTA CANA,LA ALTAGRACIA,INDOMET,EMCI,27.2,18.4,0.0,https://indomet.gob.do/wp-content/uploads/2026/02/temperaturas-extremas-y-precipitaciones-2026x02x10-a.pdf
2026-02-10,021,ARPT. LA ISABELA,SANTO DOMINGO,INDOMET,EMCI,28.6,19.6,0.0,https://indomet.gob.do/wp-content/uploads/2026/02/temperaturas-extremas-y-precipitaciones-2026x02x10-a.pdf
2026-02-10,022,ARPT. MARÍA MONTEZ,BARAHONA,INDOMET,EMCI,31.2,18.2,0.0,https://indomet.gob.do/wp-content/uploads/2026/02/temperaturas-extremas-y-precipitaciones-2026x02x10-a.pdf
2026-02-10,023,ARROYO LORO,SAN JUAN,IDIAF,EMCI,30.4,11.7,0.0,https://indomet.gob.do/wp-content/uploads/2026/02/temperaturas-extremas-y-precipitaciones-2026x02x10-a.pdf
2026-02-10,024,BANI (EMA),PERAVIA,MINISTERIO DE AGRICULTURA,EMAP,28.8,22.0,0.0,https://indomet.gob.do/wp-content/uploads/2026/02/temperaturas-extremas-y-precipitaciones-2026x02x10-a.pdf
2026-02-10,025,BASE AÉREA DE SAN ISIDRO,SANTO DOMINGO,FUERZA AÉREA DOMINICANA,EMCV,28.1,17.8,0.0,https://indomet.gob.do/wp-content/uploads/2026/02/temperaturas-extremas-y-precipitaciones-2026x02x10-a.pdf
2026-02-10,026,BAYAGUANA,MONTE PLATA,INDOMET,EMCI,28.4,17.5,0.0,https://indomet.gob.do/wp-content/uploads/2026/02/temperaturas-extremas-y-precipitaciones-2026x02x10-a.pdf
2026-02-10,027,BOCA DE MAO (EMA),VALVERDE,MINISTERIO DE AGRICULTURA,EMAP,27.7,15.7,0.0,https://indomet.gob.do/wp-content/uploads/2026/02/temperaturas-extremas-y-precipitaciones-2026x02x10-a.pdf
2026-02-10,028,BOHECHÍO,SAN JUAN,MINISTERIO DE AGRICULTURA,EMCV,,,0.0,https://indomet.gob.do/wp-content/uploads/2026/02/temperaturas-extremas-y-precipitaciones-2026x02x10-a.pdf
2026-02-10,029,CABRAL,BARAHONA,MINISTERIO DE AGRICULTURA,EMCV,32.0,18.2,0.0,https://indomet.gob.do/wp-content/uploads/2026/02/temperaturas-extremas-y-precipitaciones-2026x02x10-a.pdf
2026-02-10,030,CABRERA,MARÍA TRINIDAD SÁNCHEZ,ESCUELA ARÍSTIDES FIALLO CABRAL,EMCI,26.4,21.5,0.0,https://indomet.gob.do/wp-content/uploads/2026/02/temperaturas-extremas-y-precipitaciones-2026x02x10-a.pdf
2026-02-10,031,CENTRO DE LOS HEROES (EMA),DISTRITO NACIONAL,MINISTERIO DE ENERGIA Y MINA,EMAP,28.2,21.4,0.0,https://indomet.gob.do/wp-content/uploads/2026/02/temperaturas-extremas-y-precipitaciones-2026x02x10-a.pdf
2026-02-10,032,CONSTANZA,LA VEGA,MINISTERIO DE AGRICULTURA,EMCI,25.0,8.0,0.0,https://indomet.gob.do/wp-content/uploads/2026/02/temperaturas-extremas-y-precipitaciones-2026x02x10-a.pdf
2026-02-10,033,CONSTANZA (EMA),LA VEGA,PROGRAMA MUNDIAL DE ALIMENTO,EMAP,19.7,8.5,0.0,https://indomet.gob.do/wp-content/uploads/2026/02/temperaturas-extremas-y-precipitaciones-2026x02x10-a.pdf
2026-02-10,034,DAJABÓN,DAJABÓN,INSTITUTO POLITÉCNICO LOYOLA,EMCI,33.9,18.7,0.0,https://indomet.gob.do/wp-content/uploads/2026/02/temperaturas-extremas-y-precipitaciones-2026x02x10-a.pdf
2026-02-10,035,EL CERCADO,SAN JUAN,MINISTERIO DE AGRICULTURA,EMCV,,,0.0,https://indomet.gob.do/wp-content/uploads/2026/02/temperaturas-extremas-y-precipitaciones-2026x02x10-a.pdf
2026-02-10,036,EL FACTOR (EMA),MARÍA TRINIDAD SÁNCHEZ,INTEC,EMAP,27.8,18.6,0.0,https://indomet.gob.do/wp-content/uploads/2026/02/temperaturas-extremas-y-precipitaciones-2026x02x10-a.pdf
2026-02-10,037,ELÍAS PIÑA,ELÍAS PIÑA,MINISTERIO DE AGRICULTURA,EMCV,,,0.0,https://indomet.gob.do/wp-content/uploads/2026/02/temperaturas-extremas-y-precipitaciones-2026x02x10-a.pdf
2026-02-10,038,ENRIQUILLO,BARAHONA,MINISTERIO DE AGRICULTURA,EMCV,30.8,19.3,0.0,https://indomet.gob.do/wp-content/uploads/2026/02/temperaturas-extremas-y-precipitaciones-2026x02x10-a.pdf
2026-02-10,039,GASPAR HERNÁNDEZ,ESPAILLAT,PROPIEDAD DEL EMPLEADO,EMCI,,,0.0,https://indomet.gob.do/wp-content/uploads/2026/02/temperaturas-extremas-y-precipitaciones-2026x02x10-a.pdf
2026-02-10,040,HATO MAYOR,HATO MAYOR,MINISTERIO DE AGRICULTURA,EMCV,,,0.0,https://indomet.gob.do/wp-content/uploads/2026/02/temperaturas-extremas-y-precipitaciones-2026x02x10-a.pdf
2026-02-10,041,HONDO VALLE,ELÍAS PIÑA,MINISTERIO DE AGRICULTURA,EMCI,21.0,10.8,0.0,https://indomet.gob.do/wp-content/uploads/2026/02/temperaturas-extremas-y-precipitaciones-2026x02x10-a.pdf
2026-02-10,042,JARDÍN BOTÁNICO NACIONAL,DISTRITO NACIONAL,JARDÍN BOTÁNICO NACIONAL,EMCV,28.5,16.8,0.0,https://indomet.gob.do/wp-content/uploads/2026/02/temperaturas-extremas-y-precipitaciones-2026x02x10-a.pdf
2026-02-10,043,JIMANÍ,INDEPENDENCIA,MINISTERIO DE AGRICULTURA,EMCI,32.6,20.0,0.0,https://indomet.gob.do/wp-content/uploads/2026/02/temperaturas-extremas-y-precipitaciones-2026x02x10-a.pdf
2026-02-10,044,JUMA BEJUCAL,MONSEÑOR NOUEL,IDIAF,EMCV,26.4,17.6,0.0,https://indomet.gob.do/wp-content/uploads/2026/02/temperaturas-extremas-y-precipitaciones-2026x02x10-a.pdf
2026-02-10,045,LA VEGA,LA VEGA,IATESA,EMCI,28.0,17.0,0.0,https://indomet.gob.do/wp-content/uploads/2026/02/temperaturas-extremas-y-precipitaciones-2026x02x10-a.pdf
2026-02-10,046,LA VICTORIA,SANTO DOMINGO,CUERPO DE BOMBEROS,EMCI,29.2,17.5,0.0,https://indomet.gob.do/wp-content/uploads/2026/02/temperaturas-extremas-y-precipitaciones-2026x02x10-a.pdf
2026-02-10,047,LAS CANAS (EMA),MONTE CRISTI,PROGRAMA MUNDIAL DE ALIMENTO,EMAP,24.3,18.8,0.0,https://indomet.gob.do/wp-content/uploads/2026/02/temperaturas-extremas-y-precipitaciones-2026x02x10-a.pdf
2026-02-10,048,LAS MATAS DE SANTA CRUZ (EMA,MONTE CRISTI,PROGRAMA MUNDIAL DE ALIMENTO,EMAP,,,0.0,https://indomet.gob.do/wp-content/uploads/2026/02/temperaturas-extremas-y-precipitaciones-2026x02x10-a.pdf
2026-02-10,049,LOS LLANOS,SAN PEDRO DE MACORÍS,MINISTERIO DE AGRICULTURA,EMCI,28.0,16.7,0.0,https://indomet.gob.do/wp-content/uploads/2026/02/temperaturas-extremas-y-precipitaciones-2026x02x10-a.pdf
2026-02-10,050,LOS TRES CHARCOS (EMA),PEDERNALES,PROPIEDAD DEL VOLUNTARIO,EMAP,,,0.0,https://indomet.gob.do/wp-content/uploads/2026/02/temperaturas-extremas-y-precipitaciones-2026x02x10-a.pdf
2026-02-10,051,MAO,VALVERDE,INDRHI / MINISTERIO DE AGRICULTURA,EMCV,,,0.0,https://indomet.gob.do/wp-content/uploads/2026/02/temperaturas-extremas-y-precipitaciones-2026x02x10-a.pdf
2026-02-10,052,OLIVARES,PEDERNALES,INDRHI,EMCI,,,0.0,https://indomet.gob.do/wp-content/uploads/2026/02/temperaturas-extremas-y-precipitaciones-2026x02x10-a.pdf
2026-02-10,053,PADRE LAS CASAS,AZUA,HOSP. NTRA. SRA. DEL CARMEN,EMCI,32.0,12.0,0.0,https://indomet.gob.do/wp-content/uploads/2026/02/temperaturas-extremas-y-precipitaciones-2026x02x10-a.pdf
2026-02-10,054,PEDERNALES,PEDERNALES,INDRHI,EMCI,,,0.0,https://indomet.gob.do/wp-content/uploads/2026/02/temperaturas-extremas-y-precipitaciones-2026x02x10-a.pdf
2026-02-10,055,PERALTA,AZUA,HOSP. MPAL. DE PERALTA,EMCI,29.5,12.1,0.0,https://indomet.gob.do/wp-content/uploads/2026/02/temperaturas-extremas-y-precipitaciones-2026x02x10-a.pdf
2026-02-10,056,POLO,BARAHONA,INDOCAFE,EMCI,,13.5,0.0,https://indomet.gob.do/wp-content/uploads/2026/02/temperaturas-extremas-y-precipitaciones-2026x02x10-a.pdf
2026-02-10,057,PONTÓN ABAJO (EMA),LA VEGA,MINISTERIO DE AGRICULTURA,EMAP,28.4,18.3,0.0,https://indomet.gob.do/wp-content/uploads/2026/02/temperaturas-extremas-y-precipitaciones-2026x02x10-a.pdf
2026-02-10,058,PRESA DE TAVERAS (EMA),LA VEGA,PROGRAMA MUNDIAL DE ALIMENTO,EMAP,26.8,18.3,0.0,https://indomet.gob.do/wp-content/uploads/2026/02/temperaturas-extremas-y-precipitaciones-2026x02x10-a.pdf
2026-02-10,059,RANCHO ARRIBA,SAN JOSÉ DE OCOA,CENTRO TECNOLÓGICO COMUNITARIO,EMCI,22.7,13.4,0.0,https://indomet.gob.do/wp-content/uploads/2026/02/temperaturas-extremas-y-precipitaciones-2026x02x10-a.pdf
2026-02-10,060,RESTAURACIÓN,DAJABÓN,MINISTERIO DE AGRICULTURA,EMCI,24.9,12.3,0.0,https://indomet.gob.do/wp-content/uploads/2026/02/temperaturas-extremas-y-precipitaciones-2026x02x10-a.pdf
2026-02-10,061,RÍO SAN JUAN,MARÍA TRINIDAD SÁNCHEZ,HOSP. MPAL. DR. DESIDERIO ACOSTA,EMCV,27.2,16.6,0.0,https://indomet.gob.do/wp-content/uploads/2026/02/temperaturas-extremas-y-precipitaciones-2026x02x10-a.pdf
2026-02-10,062,SABANA DE LA MAR,HATO MAYOR,INDOMET,EMCI,27.8,19.8,0.0,https://indomet.gob.do/wp-content/uploads/2026/02/temperaturas-extremas-y-precipitaciones-2026x02x10-a.pdf
2026-02-10,063,SABANETA (EMA),SANTIAGO RODRÍGUEZ,PROGRAMA MUNDIAL DE ALIMENTO,EMAP,29.0,16.1,0.0,https://indomet.gob.do/wp-content/uploads/2026/02/temperaturas-extremas-y-precipitaciones-2026x02x10-a.pdf
2026-02-10,064,SAMANÁ,SAMANÁ,COMANDANCIA DE PUERTO DE SAMANÁ,EMCI,27.4,15.6,0.0,https://indomet.gob.do/wp-content/uploads/2026/02/temperaturas-extremas-y-precipitaciones-2026x02x10-a.pdf
2026-02-10,065,SAN CRISTÓBAL,SAN CRISTÓBAL,INSTITUTO POLITÉCNICO LOYOLA,EMCI,30.0,18.2,0.0,https://indomet.gob.do/wp-content/uploads/2026/02/temperaturas-extremas-y-precipitaciones-2026x02x10-a.pdf
2026-02-10,066,SAN FRANCISCO DE MACORÍS,DUARTE,San Francisco de Macorís (UASD),EMCI,25.5,15.6,0.0,https://indomet.gob.do/wp-content/uploads/2026/02/temperaturas-extremas-y-precipitaciones-2026x02x10-a.pdf
2026-02-10,067,SAN JOSÉ DE OCOA,SAN JOSÉ DE OCOA,HOSP. SAN JOSÉ DE OCOA,EMCI,25.8,16.7,0.0,https://indomet.gob.do/wp-content/uploads/2026/02/temperaturas-extremas-y-precipitaciones-2026x02x10-a.pdf
2026-02-10,068,SAN RAFAEL DEL YUMA,LA ALTAGRACIA,MINISTERIO DE AGRICULTURA,EMCI,28.8,17.5,0.0,https://indomet.gob.do/wp-content/uploads/2026/02/temperaturas-extremas-y-precipitaciones-2026x02x10-a.pdf
2026-02-10,069,SÁNCHEZ,SAMANÁ,MINISTERIO DE AGRICULTURA,EMCI,26.6,18.9,0.0,https://indomet.gob.do/wp-content/uploads/2026/02/temperaturas-extremas-y-precipitaciones-2026x02x10-a.pdf
2026-02-10,070,JARDÍN BOTÁNICO SANTIAGO (EMSANTIAGO,,JARDIN BOTANICO SANTIAGO,EMAI,,,0.0,https://indomet.gob.do/wp-content/uploads/2026/02/temperaturas-extremas-y-precipitaciones-2026x02x10-a.pdf
2026-02-10,071,VILLA GONZALE (EMA),SANTIAGO,IGLESIA,EMAI,,,0.0,https://indomet.gob.do/wp-content/uploads/2026/02/temperaturas-extremas-y-precipitaciones-2026x02x10-a.pdf
2026-02-10,072,VILLA VASQUEZ (EMA),MONTE CRISTI,JUNTA DE REGANTES,EMAI,,,0.0,https://indomet.gob.do/wp-content/uploads/2026/02/temperaturas-extremas-y-precipitaciones-2026x02x10-a.pdf
2026-02-10,073,SANTIAGO RODRÍGUEZ,SANTIAGO RODRÍGUEZ,INDOMET,EMCI,29.5,16.6,0.0,https://indomet.gob.do/wp-content/uploads/2026/02/temperaturas-extremas-y-precipitaciones-2026x02x10-a.pdf
2026-02-10,074,SANTO DOMINGO ESTE,SANTO DOMINGO,INDOMET,EMCI,29.2,20.3,0.0,https://indomet.gob.do/wp-content/uploads/2026/02/temperaturas-extremas-y-precipitaciones-2026x02x10-a.pdf
2026-02-10,075,TÁBARA ABAJO,AZUA,INDRHI,EMCI,30.5,18.0,0.0,https://indomet.gob.do/wp-content/uploads/2026/02/temperaturas-extremas-y-precipitaciones-2026x02x10-a.pdf
2026-02-10,076,TAMBORIL,SANTIAGO,MINISTERIO DE AGRICULTURA,EMCV,,,0.0,https://indomet.gob.do/wp-content/uploads/2026/02/temperaturas-extremas-y-precipitaciones-2026x02x10-a.pdf
2026-02-10,077,VALLE NUEVO (EMA),LA VEGA,MARENA,EMAI,16.7,0.3,0.0,https://indomet.gob.do/wp-content/uploads/2026/02/temperaturas-extremas-y-precipitaciones-2026x02x10-a.pdf
2026-02-10,078,VILLA ALTAGRACIA,SAN CRISTÓBAL,ESCUELA JAVIER ANGULO GURIDI,EMCI,,,0.0,https://indomet.gob.do/wp-content/uploads/2026/02/temperaturas-extremas-y-precipitaciones-2026x02x10-a.pdf
2026-02-10,079,VILLA GONZALES,SANTIAGO,MINISTERIO DE AGRICULTURA,EMCI,,,0.0,https://indomet.gob.do/wp-content/uploads/2026/02/temperaturas-extremas-y-precipitaciones-2026x02x10-a.pdf
2026-02-10,080,VILLA RIVA,DUARTE,HOSP. MPAL. ALICIA DE LEGENDRE,EMCI,27.8,16.6,0.0,https://indomet.gob.do/wp-content/uploads/2026/02/temperaturas-extremas-y-precipitaciones-2026x02x10-a.pdf
2026-02-11,001,MONCIÓN (EMA),SANTIAGO RODRÍGUEZ,PROGRAMA MUNDIAL DE ALIMENTO,EMAP,26.7,15.5,7.2,https://indomet.gob.do/wp-content/uploads/2026/02/temperaturas-extremas-y-precipitaciones-2026x02x11-a.pdf
2026-02-11,002,MICHES (EMA),EL SEIBO,PRIVADA,EMAP,27.4,18.6,2.4,https://indomet.gob.do/wp-content/uploads/2026/02/temperaturas-extremas-y-precipitaciones-2026x02x11-a.pdf
2026-02-11,003,BUCARA (EMA),SANTIAGO,MINISTERIO DE AGRICULTURA,EMAI,,,0.8,https://indomet.gob.do/wp-content/uploads/2026/02/temperaturas-extremas-y-precipitaciones-2026x02x11-a.pdf
2026-02-11,004,ALTAMIRA,PUERTO PLATA,HOSP. MPAL. DE ALTAMIRA,EMCI,27.0,15.2,0.2,https://indomet.gob.do/wp-content/uploads/2026/02/temperaturas-extremas-y-precipitaciones-2026x02x11-a.pdf
2026-02-11,005,VALLE NUEVO (EMA),LA VEGA,MARENA,EMAI,18.0,0.7,0.2,https://indomet.gob.do/wp-content/uploads/2026/02/temperaturas-extremas-y-precipitaciones-2026x02x11-a.pdf
2026-02-11,006,ALTO BANDERA (EMA),LA VEGA,INTEC,EMAP,16.9,3.5,0.0,https://indomet.gob.do/wp-content/uploads/2026/02/temperaturas-extremas-y-precipitaciones-2026x02x11-a.pdf
2026-02-11,007,ANAMUYA (EMA),LA ALTAGRACIA,MINISTERIO DE AGRICULTURA,EMAP,27.3,20.8,0.0,https://indomet.gob.do/wp-content/uploads/2026/02/temperaturas-extremas-y-precipitaciones-2026x02x11-a.pdf
2026-02-11,008,ARPT. ARROYO BARRIL,SAMANÁ,INDOMET,EMCI,28.3,20.0,0.0,https://indomet.gob.do/wp-content/uploads/2026/02/temperaturas-extremas-y-precipitaciones-2026x02x11-a.pdf
2026-02-11,009,ARPT. DE LA ROMANA,LA ROMANA,INDOMET,EMCI,28.5,16.4,0.0,https://indomet.gob.do/wp-content/uploads/2026/02/temperaturas-extremas-y-precipitaciones-2026x02x11-a.pdf
2026-02-11,010,ARPT. DE LAS AMÉRICAS,SANTO DOMINGO,INDOMET,EMCI,29.0,17.4,0.0,https://indomet.gob.do/wp-content/uploads/2026/02/temperaturas-extremas-y-precipitaciones-2026x02x11-a.pdf
2026-02-11,011,ARPT. DE PUNTA CANA,LA ALTAGRACIA,INDOMET,EMCI,28.2,18.8,0.0,https://indomet.gob.do/wp-content/uploads/2026/02/temperaturas-extremas-y-precipitaciones-2026x02x11-a.pdf
2026-02-11,012,ARPT. DEL CIBAO,SANTIAGO,INDOMET,EMCI,29.5,14.0,0.0,https://indomet.gob.do/wp-content/uploads/2026/02/temperaturas-extremas-y-precipitaciones-2026x02x11-a.pdf
2026-02-11,013,ARPT. EL CATEY,SAMANÁ,INDOMET,EMCI,28.0,19.5,0.0,https://indomet.gob.do/wp-content/uploads/2026/02/temperaturas-extremas-y-precipitaciones-2026x02x11-a.pdf
2026-02-11,014,ARPT. GREGORIO LUPERÓN,PUERTO PLATA,INDOMET,EMCI,26.5,18.6,0.0,https://indomet.gob.do/wp-content/uploads/2026/02/temperaturas-extremas-y-precipitaciones-2026x02x11-a.pdf
2026-02-11,015,ARPT. LA ISABELA,SANTO DOMINGO,INDOMET,EMCI,30.2,19.7,0.0,https://indomet.gob.do/wp-content/uploads/2026/02/temperaturas-extremas-y-precipitaciones-2026x02x11-a.pdf
2026-02-11,016,ARPT. MARÍA MONTEZ,BARAHONA,INDOMET,EMCI,30.0,18.0,0.0,https://indomet.gob.do/wp-content/uploads/2026/02/temperaturas-extremas-y-precipitaciones-2026x02x11-a.pdf
2026-02-11,017,ARROYO LORO,SAN JUAN,IDIAF,EMCI,31.2,13.5,0.0,https://indomet.gob.do/wp-content/uploads/2026/02/temperaturas-extremas-y-precipitaciones-2026x02x11-a.pdf
2026-02-11,018,BANI (EMA),PERAVIA,MINISTERIO DE AGRICULTURA,EMAP,30.1,21.7,0.0,https://indomet.gob.do/wp-content/uploads/2026/02/temperaturas-extremas-y-precipitaciones-2026x02x11-a.pdf
2026-02-11,019,BASE AÉREA DE SAN ISIDRO,SANTO DOMINGO,FUERZA AÉREA DOMINICANA,EMCV,28.5,18.0,0.0,https://indomet.gob.do/wp-content/uploads/2026/02/temperaturas-extremas-y-precipitaciones-2026x02x11-a.pdf
2026-02-11,020,BAYAGUANA,MONTE PLATA,INDOMET,EMCI,28.6,17.0,0.0,https://indomet.gob.do/wp-content/uploads/2026/02/temperaturas-extremas-y-precipitaciones-2026x02x11-a.pdf
2026-02-11,021,BOCA DE MAO (EMA),VALVERDE,MINISTERIO DE AGRICULTURA,EMAP,31.0,16.9,0.0,https://indomet.gob.do/wp-content/uploads/2026/02/temperaturas-extremas-y-precipitaciones-2026x02x11-a.pdf
2026-02-11,022,BOHECHÍO,SAN JUAN,MINISTERIO DE AGRICULTURA,EMCV,,,0.0,https://indomet.gob.do/wp-content/uploads/2026/02/temperaturas-extremas-y-precipitaciones-2026x02x11-a.pdf
2026-02-11,023,BONAO,MONSEÑOR NOUEL,MINISTERIO DE AGRICULTURA,EMCV,,,0.0,https://indomet.gob.do/wp-content/uploads/2026/02/temperaturas-extremas-y-precipitaciones-2026x02x11-a.pdf
2026-02-11,024,CABRAL,BARAHONA,MINISTERIO DE AGRICULTURA,EMCV,30.0,18.4,0.0,https://indomet.gob.do/wp-content/uploads/2026/02/temperaturas-extremas-y-precipitaciones-2026x02x11-a.pdf
2026-02-11,025,CABRERA,MARÍA TRINIDAD SÁNCHEZ,ESCUELA ARÍSTIDES FIALLO CABRAL,EMCI,28.5,20.2,0.0,https://indomet.gob.do/wp-content/uploads/2026/02/temperaturas-extremas-y-precipitaciones-2026x02x11-a.pdf
2026-02-11,026,CENTRO DE LOS HEROES (EMA),DISTRITO NACIONAL,MINISTERIO DE ENERGIA Y MINA,EMAP,29.1,22.2,0.0,https://indomet.gob.do/wp-content/uploads/2026/02/temperaturas-extremas-y-precipitaciones-2026x02x11-a.pdf
2026-02-11,027,CONSTANZA,LA VEGA,MINISTERIO DE AGRICULTURA,EMCI,21.2,9.4,0.0,https://indomet.gob.do/wp-content/uploads/2026/02/temperaturas-extremas-y-precipitaciones-2026x02x11-a.pdf
2026-02-11,028,CONSTANZA (EMA),LA VEGA,PROGRAMA MUNDIAL DE ALIMENTO,EMAP,20.4,10.8,0.0,https://indomet.gob.do/wp-content/uploads/2026/02/temperaturas-extremas-y-precipitaciones-2026x02x11-a.pdf
2026-02-11,029,DAJABÓN,DAJABÓN,INSTITUTO POLITÉCNICO LOYOLA,EMCI,33.6,19.5,0.0,https://indomet.gob.do/wp-content/uploads/2026/02/temperaturas-extremas-y-precipitaciones-2026x02x11-a.pdf
2026-02-11,030,EL CERCADO,SAN JUAN,MINISTERIO DE AGRICULTURA,EMCV,,,0.0,https://indomet.gob.do/wp-content/uploads/2026/02/temperaturas-extremas-y-precipitaciones-2026x02x11-a.pdf
2026-02-11,031,EL FACTOR (EMA),MARÍA TRINIDAD SÁNCHEZ,INTEC,EMAP,28.8,18.3,0.0,https://indomet.gob.do/wp-content/uploads/2026/02/temperaturas-extremas-y-precipitaciones-2026x02x11-a.pdf
2026-02-11,032,ELÍAS PIÑA,ELÍAS PIÑA,MINISTERIO DE AGRICULTURA,EMCV,,,0.0,https://indomet.gob.do/wp-content/uploads/2026/02/temperaturas-extremas-y-precipitaciones-2026x02x11-a.pdf
2026-02-11,033,ENRIQUILLO,BARAHONA,MINISTERIO DE AGRICULTURA,EMCV,31.0,19.3,0.0,https://indomet.gob.do/wp-content/uploads/2026/02/temperaturas-extremas-y-precipitaciones-2026x02x11-a.pdf
2026-02-11,034,ESCONDIDO,PERAVIA,MINISTERIO DE AGRICULTURA,EMCV,30.0,22.0,0.0,https://indomet.gob.do/wp-content/uploads/2026/02/temperaturas-extremas-y-precipitaciones-2026x02x11-a.pdf
2026-02-11,035,GASPAR HERNÁNDEZ,ESPAILLAT,PROPIEDAD DEL EMPLEADO,EMCI,,,0.0,https://indomet.gob.do/wp-content/uploads/2026/02/temperaturas-extremas-y-precipitaciones-2026x02x11-a.pdf
2026-02-11,036,GURABO,SANTIAGO,MINISTERIO DE AGRICULTURA,EMCV,,,0.0,https://indomet.gob.do/wp-content/uploads/2026/02/temperaturas-extremas-y-precipitaciones-2026x02x11-a.pdf
2026-02-11,037,HATO MAYOR,HATO MAYOR,MINISTERIO DE AGRICULTURA,EMCV,,,0.0,https://indomet.gob.do/wp-content/uploads/2026/02/temperaturas-extremas-y-precipitaciones-2026x02x11-a.pdf
2026-02-11,038,HONDO VALLE,ELÍAS PIÑA,MINISTERIO DE AGRICULTURA,EMCI,21.2,10.5,0.0,https://indomet.gob.do/wp-content/uploads/2026/02/temperaturas-extremas-y-precipitaciones-2026x02x11-a.pdf
2026-02-11,039,JARABACOA,LA VEGA,INDRHI / MARENA,EMCI,26.2,11.2,0.0,https://indomet.gob.do/wp-content/uploads/2026/02/temperaturas-extremas-y-precipitaciones-2026x02x11-a.pdf
2026-02-11,040,JARABACOA (EMA),LA VEGA,PROGRAMA MUNDIAL DE ALIMENTO,EMAP,25.1,14.1,0.0,https://indomet.gob.do/wp-content/uploads/2026/02/temperaturas-extremas-y-precipitaciones-2026x02x11-a.pdf
2026-02-11,041,JARDÍN BOTÁNICO NACIONAL,DISTRITO NACIONAL,JARDÍN BOTÁNICO NACIONAL,EMCV,30.2,16.5,0.0,https://indomet.gob.do/wp-content/uploads/2026/02/temperaturas-extremas-y-precipitaciones-2026x02x11-a.pdf
2026-02-11,042,JARDÍN BOTÁNICO SANTIAGO (EMSANTIAGO,,JARDIN BOTANICO SANTIAGO,EMAI,26.8,17.1,0.0,https://indomet.gob.do/wp-content/uploads/2026/02/temperaturas-extremas-y-precipitaciones-2026x02x11-a.pdf
2026-02-11,043,JIMANÍ,INDEPENDENCIA,MINISTERIO DE AGRICULTURA,EMCI,31.4,21.6,0.0,https://indomet.gob.do/wp-content/uploads/2026/02/temperaturas-extremas-y-precipitaciones-2026x02x11-a.pdf
2026-02-11,044,JUMA BEJUCAL,MONSEÑOR NOUEL,IDIAF,EMCV,28.0,16.2,0.0,https://indomet.gob.do/wp-content/uploads/2026/02/temperaturas-extremas-y-precipitaciones-2026x02x11-a.pdf
2026-02-11,045,LA VEGA,LA VEGA,IATESA,EMCI,28.0,17.5,0.0,https://indomet.gob.do/wp-content/uploads/2026/02/temperaturas-extremas-y-precipitaciones-2026x02x11-a.pdf
2026-02-11,046,LA VICTORIA,SANTO DOMINGO,CUERPO DE BOMBEROS,EMCI,30.5,18.0,0.0,https://indomet.gob.do/wp-content/uploads/2026/02/temperaturas-extremas-y-precipitaciones-2026x02x11-a.pdf
2026-02-11,047,LAS CANAS (EMA),MONTE CRISTI,PROGRAMA MUNDIAL DE ALIMENTO,EMAP,24.9,18.3,0.0,https://indomet.gob.do/wp-content/uploads/2026/02/temperaturas-extremas-y-precipitaciones-2026x02x11-a.pdf
2026-02-11,048,LOS LLANOS,SAN PEDRO DE MACORÍS,MINISTERIO DE AGRICULTURA,EMCI,29.0,17.5,0.0,https://indomet.gob.do/wp-content/uploads/2026/02/temperaturas-extremas-y-precipitaciones-2026x02x11-a.pdf
2026-02-11,049,LOS TRES CHARCOS (EMA),PEDERNALES,PROPIEDAD DEL VOLUNTARIO,EMAP,,,0.0,https://indomet.gob.do/wp-content/uploads/2026/02/temperaturas-extremas-y-precipitaciones-2026x02x11-a.pdf
2026-02-11,050,LUPERÓN,PUERTO PLATA,MINISTERIO DE AGRICULTURA,EMCV,,,0.0,https://indomet.gob.do/wp-content/uploads/2026/02/temperaturas-extremas-y-precipitaciones-2026x02x11-a.pdf
2026-02-11,051,MAO,VALVERDE,INDRHI / MINISTERIO DE AGRICULTURA,EMCV,,,0.0,https://indomet.gob.do/wp-content/uploads/2026/02/temperaturas-extremas-y-precipitaciones-2026x02x11-a.pdf
2026-02-11,052,MONTE CRISTI,MONTE CRISTI,INDOMET,EMCI,28.4,17.8,0.0,https://indomet.gob.do/wp-content/uploads/2026/02/temperaturas-extremas-y-precipitaciones-2026x02x11-a.pdf
2026-02-11,053,NAVARRETE,SANTIAGO,MINISTERIO DE AGRICULTURA,EMCV,,,0.0,https://indomet.gob.do/wp-content/uploads/2026/02/temperaturas-extremas-y-precipitaciones-2026x02x11-a.pdf
2026-02-11,054,OLIVARES,PEDERNALES,INDRHI,EMCI,,,0.0,https://indomet.gob.do/wp-content/uploads/2026/02/temperaturas-extremas-y-precipitaciones-2026x02x11-a.pdf
2026-02-11,055,OVIEDO,PEDERNALES,CLÍNICA RURAL OVIEDO,EMCI,30.0,20.0,0.0,https://indomet.gob.do/wp-content/uploads/2026/02/temperaturas-extremas-y-precipitaciones-2026x02x11-a.pdf
2026-02-11,056,PADRE LAS CASAS,AZUA,HOSP. NTRA. SRA. DEL CARMEN,EMCI,30.7,12.0,0.0,https://indomet.gob.do/wp-content/uploads/2026/02/temperaturas-extremas-y-precipitaciones-2026x02x11-a.pdf
2026-02-11,057,PALO ÍNDIO,PUERTO PLATA,MINISTERIO DE AGRICULTURA,EMCI,,,0.0,https://indomet.gob.do/wp-content/uploads/2026/02/temperaturas-extremas-y-precipitaciones-2026x02x11-a.pdf
2026-02-11,058,PEDERNALES,PEDERNALES,INDRHI,EMCI,,,0.0,https://indomet.gob.do/wp-content/uploads/2026/02/temperaturas-extremas-y-precipitaciones-2026x02x11-a.pdf
2026-02-11,059,PERALTA,AZUA,HOSP. MPAL. DE PERALTA,EMCI,28.7,12.4,0.0,https://indomet.gob.do/wp-content/uploads/2026/02/temperaturas-extremas-y-precipitaciones-2026x02x11-a.pdf
2026-02-11,060,PESCADERIA (EMA),BARAHONA,MINISTERIO DE AGRICULTURA,EMAP,,,0.0,https://indomet.gob.do/wp-content/uploads/2026/02/temperaturas-extremas-y-precipitaciones-2026x02x11-a.pdf
2026-02-11,061,POLO,BARAHONA,INDOCAFE,EMCI,,12.0,0.0,https://indomet.gob.do/wp-content/uploads/2026/02/temperaturas-extremas-y-precipitaciones-2026x02x11-a.pdf
2026-02-11,062,PONTÓN ABAJO (EMA),LA VEGA,MINISTERIO DE AGRICULTURA,EMAP,29.6,17.9,0.0,https://indomet.gob.do/wp-content/uploads/2026/02/temperaturas-extremas-y-precipitaciones-2026x02x11-a.pdf
2026-02-11,063,PRESA DE TAVERAS (EMA),LA VEGA,PROGRAMA MUNDIAL DE ALIMENTO,EMAP,26.5,16.1,0.0,https://indomet.gob.do/wp-content/uploads/2026/02/temperaturas-extremas-y-precipitaciones-2026x02x11-a.pdf
2026-02-11,064,RANCHO ARRIBA,SAN JOSÉ DE OCOA,CENTRO TECNOLÓGICO COMUNITARIO,EMCI,23.3,12.6,0.0,https://indomet.gob.do/wp-content/uploads/2026/02/temperaturas-extremas-y-precipitaciones-2026x02x11-a.pdf
2026-02-11,065,RESTAURACIÓN,DAJABÓN,MINISTERIO DE AGRICULTURA,EMCI,27.6,13.4,0.0,https://indomet.gob.do/wp-content/uploads/2026/02/temperaturas-extremas-y-precipitaciones-2026x02x11-a.pdf
2026-02-11,066,RÍO SAN JUAN,MARÍA TRINIDAD SÁNCHEZ,HOSP. MPAL. DR. DESIDERIO ACOSTA,EMCV,28.3,18.6,0.0,https://indomet.gob.do/wp-content/uploads/2026/02/temperaturas-extremas-y-precipitaciones-2026x02x11-a.pdf
2026-02-11,067,SABANA DE LA MAR,HATO MAYOR,INDOMET,EMCI,27.4,18.2,0.0,https://indomet.gob.do/wp-content/uploads/2026/02/temperaturas-extremas-y-precipitaciones-2026x02x11-a.pdf
2026-02-11,068,SABANA GRANDE DE BOYÁ,MONTE PLATA,MINISTERIO DE AGRICULTURA,EMCV,,,0.0,https://indomet.gob.do/wp-content/uploads/2026/02/temperaturas-extremas-y-precipitaciones-2026x02x11-a.pdf
2026-02-11,069,SABANETA (EMA),SANTIAGO RODRÍGUEZ,PROGRAMA MUNDIAL DE ALIMENTO,EMAP,31.2,16.7,0.0,https://indomet.gob.do/wp-content/uploads/2026/02/temperaturas-extremas-y-precipitaciones-2026x02x11-a.pdf
2026-02-11,070,SALCEDO,HERMANAS MIRABAL,PROPIEDAD DEL EMPLEADO,EMCI,,,0.0,https://indomet.gob.do/wp-content/uploads/2026/02/temperaturas-extremas-y-precipitaciones-2026x02x11-a.pdf
2026-02-11,071,SAMANÁ,SAMANÁ,COMANDANCIA DE PUERTO DE SAMANÁ,EMCI,27.4,15.5,0.0,https://indomet.gob.do/wp-content/uploads/2026/02/temperaturas-extremas-y-precipitaciones-2026x02x11-a.pdf
2026-02-11,072,SAN CRISTÓBAL,SAN CRISTÓBAL,INSTITUTO POLITÉCNICO LOYOLA,EMCI,30.2,17.0,0.0,https://indomet.gob.do/wp-content/uploads/2026/02/temperaturas-extremas-y-precipitaciones-2026x02x11-a.pdf
2026-02-11,073,SAN JOSÉ DE OCOA,SAN JOSÉ DE OCOA,HOSP. SAN JOSÉ DE OCOA,EMCI,27.3,14.4,0.0,https://indomet.gob.do/wp-content/uploads/2026/02/temperaturas-extremas-y-precipitaciones-2026x02x11-a.pdf
2026-02-11,074,SAN RAFAEL DEL YUMA,LA ALTAGRACIA,MINISTERIO DE AGRICULTURA,EMCI,29.6,19.4,0.0,https://indomet.gob.do/wp-content/uploads/2026/02/temperaturas-extremas-y-precipitaciones-2026x02x11-a.pdf
2026-02-11,075,SÁNCHEZ,SAMANÁ,MINISTERIO DE AGRICULTURA,EMCI,26.9,18.2,0.0,https://indomet.gob.do/wp-content/uploads/2026/02/temperaturas-extremas-y-precipitaciones-2026x02x11-a.pdf
2026-02-11,076,SANTIAGO RODRÍGUEZ,SANTIAGO RODRÍGUEZ,INDOMET,EMCI,31.5,17.0,0.0,https://indomet.gob.do/wp-content/uploads/2026/02/temperaturas-extremas-y-precipitaciones-2026x02x11-a.pdf
2026-02-11,077,SANTO DOMINGO ESTE,SANTO DOMINGO,INDOMET,EMCI,30.5,20.0,0.0,https://indomet.gob.do/wp-content/uploads/2026/02/temperaturas-extremas-y-precipitaciones-2026x02x11-a.pdf
2026-02-11,078,TÁBARA ABAJO,AZUA,INDRHI,EMCI,31.0,18.1,0.0,https://indomet.gob.do/wp-content/uploads/2026/02/temperaturas-extremas-y-precipitaciones-2026x02x11-a.pdf
2026-02-11,079,TAMBORIL,SANTIAGO,MINISTERIO DE AGRICULTURA,EMCV,,,0.0,https://indomet.gob.do/wp-content/uploads/2026/02/temperaturas-extremas-y-precipitaciones-2026x02x11-a.pdf
2026-02-11,080,VILLA ALTAGRACIA,SAN CRISTÓBAL,ESCUELA JAVIER ANGULO GURIDI,EMCI,,,0.0,https://indomet.gob.do/wp-content/uploads/2026/02/temperaturas-extremas-y-precipitaciones-2026x02x11-a.pdf
2026-02-11,081,VILLA GONZALES,SANTIAGO,MINISTERIO DE AGRICULTURA,EMCI,,,0.0,https://indomet.gob.do/wp-content/uploads/2026/02/temperaturas-extremas-y-precipitaciones-2026x02x11-a.pdf
2026-02-11,082,VILLA ISABELA,PUERTO PLATA,MINISTERIO DE AGRICULTURA,EMCV,26.0,15.0,0.0,https://indomet.gob.do/wp-content/uploads/2026/02/temperaturas-extremas-y-precipitaciones-2026x02x11-a.pdf
2026-02-11,083,VILLA RIVA,DUARTE,HOSP. MPAL. ALICIA DE LEGENDRE,EMCI,26.5,18.0,0.0,https://indomet.gob.do/wp-content/uploads/2026/02/temperaturas-extremas-y-precipitaciones-2026x02x11-a.pdf
2026-02-11,084,VILLA VASQUEZ (EMA),MONTE CRISTI,JUNTA DE REGANTES,EMAI,,,0.0,https://indomet.gob.do/wp-content/uploads/2026/02/temperaturas-extremas-y-precipitaciones-2026x02x11-a.pdf
2026-02-12,001,LOS JENGIBRES,NAGUA,INDRHI,EMCI,,,36.2,https://indomet.gob.do/wp-content/uploads/2026/02/temperaturas-extremas-y-precipitaciones-2026x02x12-a.pdf
2026-02-12,002,PONTÓN ABAJO (EMA),LA VEGA,MINISTERIO DE AGRICULTURA,EMAP,31.6,19.7,24.6,https://indomet.gob.do/wp-content/uploads/2026/02/temperaturas-extremas-y-precipitaciones-2026x02x12-a.pdf
2026-02-12,003,PALO ÍNDIO,PUERTO PLATA,MINISTERIO DE AGRICULTURA,EMCI,,,23.9,https://indomet.gob.do/wp-content/uploads/2026/02/temperaturas-extremas-y-precipitaciones-2026x02x12-a.pdf
2026-02-12,004,ARPT. GREGORIO LUPERÓN,PUERTO PLATA,INDOMET,EMCI,29.5,18.2,22.0,https://indomet.gob.do/wp-content/uploads/2026/02/temperaturas-extremas-y-precipitaciones-2026x02x12-a.pdf
2026-02-12,005,CABRERA,MARÍA TRINIDAD SÁNCHEZ,ESCUELA ARÍSTIDES FIALLO CABRAL,EMCI,,22.0,17.9,https://indomet.gob.do/wp-content/uploads/2026/02/temperaturas-extremas-y-precipitaciones-2026x02x12-a.pdf
2026-02-12,006,COTUÍ,SÁNCHEZ RAMÍREZ,HOSP. INMACULADA CONCEPCIÓN,EMCV,,,17.4,https://indomet.gob.do/wp-content/uploads/2026/02/temperaturas-extremas-y-precipitaciones-2026x02x12-a.pdf
2026-02-12,007,DAJABÓN,DAJABÓN,INSTITUTO POLITÉCNICO LOYOLA,EMCI,34.2,17.0,13.9,https://indomet.gob.do/wp-content/uploads/2026/02/temperaturas-extremas-y-precipitaciones-2026x02x12-a.pdf
2026-02-12,008,SAN FRANCISCO DE MACORÍS,DUARTE,San Francisco de Macorís (UASD),EMCI,30.6,20.9,11.8,https://indomet.gob.do/wp-content/uploads/2026/02/temperaturas-extremas-y-precipitaciones-2026x02x12-a.pdf
2026-02-12,009,EL FACTOR (EMA),MARÍA TRINIDAD SÁNCHEZ,INTEC,EMAP,31.3,21.4,11.2,https://indomet.gob.do/wp-content/uploads/2026/02/temperaturas-extremas-y-precipitaciones-2026x02x12-a.pdf
2026-02-12,010,VILLA RIVA,DUARTE,HOSP. MPAL. ALICIA DE LEGENDRE,EMCI,29.5,19.4,10.9,https://indomet.gob.do/wp-content/uploads/2026/02/temperaturas-extremas-y-precipitaciones-2026x02x12-a.pdf
2026-02-12,011,VILLA ISABELA,PUERTO PLATA,MINISTERIO DE AGRICULTURA,EMCV,28.5,16.2,7.2,https://indomet.gob.do/wp-content/uploads/2026/02/temperaturas-extremas-y-precipitaciones-2026x02x12-a.pdf
2026-02-12,012,SAN CRISTÓBAL,SAN CRISTÓBAL,INSTITUTO POLITÉCNICO LOYOLA,EMCI,30.0,19.2,6.0,https://indomet.gob.do/wp-content/uploads/2026/02/temperaturas-extremas-y-precipitaciones-2026x02x12-a.pdf
2026-02-12,013,ALTAMIRA,PUERTO PLATA,HOSP. MPAL. DE ALTAMIRA,EMCI,30.4,15.6,3.6,https://indomet.gob.do/wp-content/uploads/2026/02/temperaturas-extremas-y-precipitaciones-2026x02x12-a.pdf
2026-02-12,014,SABANETA (EMA),SANTIAGO RODRÍGUEZ,PROGRAMA MUNDIAL DE ALIMENTO,EMAP,34.4,20.2,3.6,https://indomet.gob.do/wp-content/uploads/2026/02/temperaturas-extremas-y-precipitaciones-2026x02x12-a.pdf
2026-02-12,015,SAN JOSÉ DE OCOA,SAN JOSÉ DE OCOA,HOSP. SAN JOSÉ DE OCOA,EMCI,30.4,15.9,3.4,https://indomet.gob.do/wp-content/uploads/2026/02/temperaturas-extremas-y-precipitaciones-2026x02x12-a.pdf
2026-02-12,016,SANTIAGO RODRÍGUEZ,SANTIAGO RODRÍGUEZ,INDOMET,EMCI,34.0,20.2,3.2,https://indomet.gob.do/wp-content/uploads/2026/02/temperaturas-extremas-y-precipitaciones-2026x02x12-a.pdf
2026-02-12,017,BUCARA (EMA),SANTIAGO,MINISTERIO DE AGRICULTURA,EMAI,,,3.0,https://indomet.gob.do/wp-content/uploads/2026/02/temperaturas-extremas-y-precipitaciones-2026x02x12-a.pdf
2026-02-12,018,CENTRO DE LOS HEROES (EMA),DISTRITO NACIONAL,MINISTERIO DE ENERGIA Y MINA,EMAP,28.9,22.9,2.8,https://indomet.gob.do/wp-content/uploads/2026/02/temperaturas-extremas-y-precipitaciones-2026x02x12-a.pdf
2026-02-12,019,MICHES (EMA),EL SEIBO,PRIVADA,EMAP,29.0,20.2,2.8,https://indomet.gob.do/wp-content/uploads/2026/02/temperaturas-extremas-y-precipitaciones-2026x02x12-a.pdf
2026-02-12,020,SAJOMA (EMA),SANTIAGO,PLAN SIERRA,EMAI,,,2.2,https://indomet.gob.do/wp-content/uploads/2026/02/temperaturas-extremas-y-precipitaciones-2026x02x12-a.pdf
2026-02-12,021,PARQUE MIRADOR SUR,DISTRITO NACIONAL,AYUNTAMIENTO,EMCV,32.0,21.5,2.1,https://indomet.gob.do/wp-content/uploads/2026/02/temperaturas-extremas-y-precipitaciones-2026x02x12-a.pdf
2026-02-12,022,MONCIÓN (EMA),SANTIAGO RODRÍGUEZ,PROGRAMA MUNDIAL DE ALIMENTO,EMAP,29.3,18.7,2.0,https://indomet.gob.do/wp-content/uploads/2026/02/temperaturas-extremas-y-precipitaciones-2026x02x12-a.pdf
2026-02-12,023,RÍO SAN JUAN,MARÍA TRINIDAD SÁNCHEZ,HOSP. MPAL. DR. DESIDERIO ACOSTA,EMCV,32.3,21.2,1.4,https://indomet.gob.do/wp-content/uploads/2026/02/temperaturas-extremas-y-precipitaciones-2026x02x12-a.pdf
2026-02-12,024,SANTO DOMINGO ESTE,SANTO DOMINGO,INDOMET,EMCI,30.0,21.1,1.2,https://indomet.gob.do/wp-content/uploads/2026/02/temperaturas-extremas-y-precipitaciones-2026x02x12-a.pdf
2026-02-12,025,HATO MAYOR,HATO MAYOR,MINISTERIO DE AGRICULTURA,EMCV,,,1.0,https://indomet.gob.do/wp-content/uploads/2026/02/temperaturas-extremas-y-precipitaciones-2026x02x12-a.pdf
2026-02-12,026,JARDÍN BOTÁNICO NACIONAL,DISTRITO NACIONAL,JARDÍN BOTÁNICO NACIONAL,EMCV,30.6,17.2,1.0,https://indomet.gob.do/wp-content/uploads/2026/02/temperaturas-extremas-y-precipitaciones-2026x02x12-a.pdf
2026-02-12,027,ENRIQUILLO,BARAHONA,MINISTERIO DE AGRICULTURA,EMCV,31.0,19.5,0.8,https://indomet.gob.do/wp-content/uploads/2026/02/temperaturas-extremas-y-precipitaciones-2026x02x12-a.pdf
2026-02-12,028,SABANA DE LA MAR,HATO MAYOR,INDOMET,EMCI,29.3,19.2,0.7,https://indomet.gob.do/wp-content/uploads/2026/02/temperaturas-extremas-y-precipitaciones-2026x02x12-a.pdf
2026-02-12,029,SAMANÁ,SAMANÁ,COMANDANCIA DE PUERTO DE SAMANÁ,EMCI,30.1,16.6,0.4,https://indomet.gob.do/wp-content/uploads/2026/02/temperaturas-extremas-y-precipitaciones-2026x02x12-a.pdf
2026-02-12,030,ARPT. MARÍA MONTEZ,BARAHONA,INDOMET,EMCI,31.5,17.0,0.2,https://indomet.gob.do/wp-content/uploads/2026/02/temperaturas-extremas-y-precipitaciones-2026x02x12-a.pdf
2026-02-12,031,HONDO VALLE,ELÍAS PIÑA,MINISTERIO DE AGRICULTURA,EMCI,23.0,11.8,0.1,https://indomet.gob.do/wp-content/uploads/2026/02/temperaturas-extremas-y-precipitaciones-2026x02x12-a.pdf
2026-02-12,032,ALTO BANDERA (EMA),LA VEGA,INTEC,EMAP,14.6,6.5,0.0,https://indomet.gob.do/wp-content/uploads/2026/02/temperaturas-extremas-y-precipitaciones-2026x02x12-a.pdf
2026-02-12,033,ANAMUYA (EMA),LA ALTAGRACIA,MINISTERIO DE AGRICULTURA,EMAP,29.4,20.2,0.0,https://indomet.gob.do/wp-content/uploads/2026/02/temperaturas-extremas-y-precipitaciones-2026x02x12-a.pdf
2026-02-12,034,ARPT. ARROYO BARRIL,SAMANÁ,INDOMET,EMCI,30.5,21.6,0.0,https://indomet.gob.do/wp-content/uploads/2026/02/temperaturas-extremas-y-precipitaciones-2026x02x12-a.pdf
2026-02-12,035,ARPT. DE LA ROMANA,LA ROMANA,INDOMET,EMCI,29.5,18.8,0.0,https://indomet.gob.do/wp-content/uploads/2026/02/temperaturas-extremas-y-precipitaciones-2026x02x12-a.pdf
2026-02-12,036,ARPT. DE LAS AMÉRICAS,SANTO DOMINGO,INDOMET,EMCI,29.5,18.6,0.0,https://indomet.gob.do/wp-content/uploads/2026/02/temperaturas-extremas-y-precipitaciones-2026x02x12-a.pdf
2026-02-12,037,ARPT. DE PUNTA CANA,LA ALTAGRACIA,INDOMET,EMCI,28.5,19.2,0.0,https://indomet.gob.do/wp-content/uploads/2026/02/temperaturas-extremas-y-precipitaciones-2026x02x12-a.pdf
2026-02-12,038,ARPT. DEL CIBAO,SANTIAGO,INDOMET,EMCI,30.6,16.0,0.0,https://indomet.gob.do/wp-content/uploads/2026/02/temperaturas-extremas-y-precipitaciones-2026x02x12-a.pdf
2026-02-12,039,ARPT. EL CATEY,SAMANÁ,INDOMET,EMCI,30.5,21.0,0.0,https://indomet.gob.do/wp-content/uploads/2026/02/temperaturas-extremas-y-precipitaciones-2026x02x12-a.pdf
2026-02-12,040,ARPT. LA ISABELA,SANTO DOMINGO,INDOMET,EMCI,30.7,17.0,0.0,https://indomet.gob.do/wp-content/uploads/2026/02/temperaturas-extremas-y-precipitaciones-2026x02x12-a.pdf
2026-02-12,041,ARROYO LORO,SAN JUAN,IDIAF,EMCI,31.7,16.0,0.0,https://indomet.gob.do/wp-content/uploads/2026/02/temperaturas-extremas-y-precipitaciones-2026x02x12-a.pdf
2026-02-12,042,BANI (EMA),PERAVIA,MINISTERIO DE AGRICULTURA,EMAP,30.1,20.1,0.0,https://indomet.gob.do/wp-content/uploads/2026/02/temperaturas-extremas-y-precipitaciones-2026x02x12-a.pdf
2026-02-12,043,BASE AÉREA DE SAN ISIDRO,SANTO DOMINGO,FUERZA AÉREA DOMINICANA,EMCV,31.0,22.0,0.0,https://indomet.gob.do/wp-content/uploads/2026/02/temperaturas-extremas-y-precipitaciones-2026x02x12-a.pdf
2026-02-12,044,BAYAGUANA,MONTE PLATA,INDOMET,EMCI,31.5,16.5,0.0,https://indomet.gob.do/wp-content/uploads/2026/02/temperaturas-extremas-y-precipitaciones-2026x02x12-a.pdf
2026-02-12,045,BOCA DE MAO (EMA),VALVERDE,MINISTERIO DE AGRICULTURA,EMAP,32.9,19.9,0.0,https://indomet.gob.do/wp-content/uploads/2026/02/temperaturas-extremas-y-precipitaciones-2026x02x12-a.pdf
2026-02-12,046,CABRAL,BARAHONA,MINISTERIO DE AGRICULTURA,EMCV,31.8,18.9,0.0,https://indomet.gob.do/wp-content/uploads/2026/02/temperaturas-extremas-y-precipitaciones-2026x02x12-a.pdf
2026-02-12,047,CONSTANZA,LA VEGA,MINISTERIO DE AGRICULTURA,EMCI,27.2,10.2,0.0,https://indomet.gob.do/wp-content/uploads/2026/02/temperaturas-extremas-y-precipitaciones-2026x02x12-a.pdf
2026-02-12,048,CONSTANZA (EMA),LA VEGA,PROGRAMA MUNDIAL DE ALIMENTO,EMAP,25.8,11.6,0.0,https://indomet.gob.do/wp-content/uploads/2026/02/temperaturas-extremas-y-precipitaciones-2026x02x12-a.pdf
2026-02-12,049,ELÍAS PIÑA,ELÍAS PIÑA,MINISTERIO DE AGRICULTURA,EMCV,,,0.0,https://indomet.gob.do/wp-content/uploads/2026/02/temperaturas-extremas-y-precipitaciones-2026x02x12-a.pdf
2026-02-12,050,GASPAR HERNÁNDEZ,ESPAILLAT,PROPIEDAD DEL EMPLEADO,EMCI,,,0.0,https://indomet.gob.do/wp-content/uploads/2026/02/temperaturas-extremas-y-precipitaciones-2026x02x12-a.pdf
2026-02-12,051,GURABO,SANTIAGO,MINISTERIO DE AGRICULTURA,EMCV,,,0.0,https://indomet.gob.do/wp-content/uploads/2026/02/temperaturas-extremas-y-precipitaciones-2026x02x12-a.pdf
2026-02-12,052,JARABACOA,LA VEGA,INDRHI / MARENA,EMCI,29.2,11.6,0.0,https://indomet.gob.do/wp-content/uploads/2026/02/temperaturas-extremas-y-precipitaciones-2026x02x12-a.pdf
2026-02-12,053,JARABACOA (EMA),LA VEGA,PROGRAMA MUNDIAL DE ALIMENTO,EMAP,27.7,16.4,0.0,https://indomet.gob.do/wp-content/uploads/2026/02/temperaturas-extremas-y-precipitaciones-2026x02x12-a.pdf
2026-02-12,054,JIMANÍ,INDEPENDENCIA,MINISTERIO DE AGRICULTURA,EMCI,33.6,20.0,0.0,https://indomet.gob.do/wp-content/uploads/2026/02/temperaturas-extremas-y-precipitaciones-2026x02x12-a.pdf
2026-02-12,055,JUMA BEJUCAL,MONSEÑOR NOUEL,IDIAF,EMCV,30.8,18.8,0.0,https://indomet.gob.do/wp-content/uploads/2026/02/temperaturas-extremas-y-precipitaciones-2026x02x12-a.pdf
2026-02-12,056,LA VEGA,LA VEGA,IATESA,EMCI,30.5,18.0,0.0,https://indomet.gob.do/wp-content/uploads/2026/02/temperaturas-extremas-y-precipitaciones-2026x02x12-a.pdf
2026-02-12,057,LA VICTORIA,SANTO DOMINGO,CUERPO DE BOMBEROS,EMCI,32.0,20.5,0.0,https://indomet.gob.do/wp-content/uploads/2026/02/temperaturas-extremas-y-precipitaciones-2026x02x12-a.pdf
2026-02-12,058,LAS CANAS (EMA),MONTE CRISTI,PROGRAMA MUNDIAL DE ALIMENTO,EMAP,26.6,20.3,0.0,https://indomet.gob.do/wp-content/uploads/2026/02/temperaturas-extremas-y-precipitaciones-2026x02x12-a.pdf
2026-02-12,059,LAS MATAS DE SANTA CRUZ (EMA),MONTE CRISTI,PROGRAMA MUNDIAL DE ALIMENTO,EMAP,,,0.0,https://indomet.gob.do/wp-content/uploads/2026/02/temperaturas-extremas-y-precipitaciones-2026x02x12-a.pdf
2026-02-12,060,LOS TRES CHARCOS (EMA),PEDERNALES,PROPIEDAD DEL VOLUNTARIO,EMAP,,,0.0,https://indomet.gob.do/wp-content/uploads/2026/02/temperaturas-extremas-y-precipitaciones-2026x02x12-a.pdf
2026-02-12,061,MAO,VALVERDE,INDRHI / MINISTERIO DE AGRICULTURA,EMCV,,,0.0,https://indomet.gob.do/wp-content/uploads/2026/02/temperaturas-extremas-y-precipitaciones-2026x02x12-a.pdf
2026-02-12,062,MONTE CRISTI,MONTE CRISTI,INDOMET,EMCI,30.6,18.0,0.0,https://indomet.gob.do/wp-content/uploads/2026/02/temperaturas-extremas-y-precipitaciones-2026x02x12-a.pdf
2026-02-12,063,NAVARRETE,SANTIAGO,MINISTERIO DE AGRICULTURA,EMCV,,,0.0,https://indomet.gob.do/wp-content/uploads/2026/02/temperaturas-extremas-y-precipitaciones-2026x02x12-a.pdf
2026-02-12,064,OLIVARES,PEDERNALES,INDRHI,EMCI,,,0.0,https://indomet.gob.do/wp-content/uploads/2026/02/temperaturas-extremas-y-precipitaciones-2026x02x12-a.pdf
2026-02-12,065,OVIEDO,PEDERNALES,CLÍNICA RURAL OVIEDO,EMCI,31.0,18.5,0.0,https://indomet.gob.do/wp-content/uploads/2026/02/temperaturas-extremas-y-precipitaciones-2026x02x12-a.pdf
2026-02-12,066,PADRE LAS CASAS,AZUA,HOSP. NTRA. SRA. DEL CARMEN,EMCI,32.0,15.5,0.0,https://indomet.gob.do/wp-content/uploads/2026/02/temperaturas-extremas-y-precipitaciones-2026x02x12-a.pdf
2026-02-12,067,PASO AL MEDIO,SAN PEDRO DE MACORÍS,INDRHI,EMCI,,,0.0,https://indomet.gob.do/wp-content/uploads/2026/02/temperaturas-extremas-y-precipitaciones-2026x02x12-a.pdf
2026-02-12,068,PEDERNALES,PEDERNALES,INDRHI,EMCI,,,0.0,https://indomet.gob.do/wp-content/uploads/2026/02/temperaturas-extremas-y-precipitaciones-2026x02x12-a.pdf
2026-02-12,069,PERALTA,AZUA,HOSP. MPAL. DE PERALTA,EMCI,29.5,14.0,0.0,https://indomet.gob.do/wp-content/uploads/2026/02/temperaturas-extremas-y-precipitaciones-2026x02x12-a.pdf
2026-02-12,070,POLO,BARAHONA,INDOCAFE,EMCI,,13.2,0.0,https://indomet.gob.do/wp-content/uploads/2026/02/temperaturas-extremas-y-precipitaciones-2026x02x12-a.pdf
2026-02-12,071,PRESA DE TAVERAS (EMA),LA VEGA,PROGRAMA MUNDIAL DE ALIMENTO,EMAP,31.7,18.9,0.0,https://indomet.gob.do/wp-content/uploads/2026/02/temperaturas-extremas-y-precipitaciones-2026x02x12-a.pdf
2026-02-12,072,RANCHO ARRIBA,SAN JOSÉ DE OCOA,CENTRO TECNOLÓGICO COMUNITARIO,EMCI,27.3,12.6,0.0,https://indomet.gob.do/wp-content/uploads/2026/02/temperaturas-extremas-y-precipitaciones-2026x02x12-a.pdf
2026-02-12,073,RESTAURACIÓN,DAJABÓN,MINISTERIO DE AGRICULTURA,EMCI,29.2,12.5,0.0,https://indomet.gob.do/wp-content/uploads/2026/02/temperaturas-extremas-y-precipitaciones-2026x02x12-a.pdf
2026-02-12,074,SABANA GRANDE DE BOYÁ,MONTE PLATA,MINISTERIO DE AGRICULTURA,EMCV,,,0.0,https://indomet.gob.do/wp-content/uploads/2026/02/temperaturas-extremas-y-precipitaciones-2026x02x12-a.pdf
2026-02-12,075,SALCEDO,HERMANAS MIRABAL,PROPIEDAD DEL EMPLEADO,EMCI,,,0.0,https://indomet.gob.do/wp-content/uploads/2026/02/temperaturas-extremas-y-precipitaciones-2026x02x12-a.pdf
2026-02-12,076,SAN RAFAEL DEL YUMA,LA ALTAGRACIA,MINISTERIO DE AGRICULTURA,EMCI,30.6,20.4,0.0,https://indomet.gob.do/wp-content/uploads/2026/02/temperaturas-extremas-y-precipitaciones-2026x02x12-a.pdf
2026-02-12,077,SÁNCHEZ,SAMANÁ,MINISTERIO DE AGRICULTURA,EMCI,29.4,20.3,0.0,https://indomet.gob.do/wp-content/uploads/2026/02/temperaturas-extremas-y-precipitaciones-2026x02x12-a.pdf
2026-02-12,078,JARDÍN BOTÁNICO SANTIAGO (EMA),SANTIAGO,JARDIN BOTANICO SANTIAGO,EMAI,,,0.0,https://indomet.gob.do/wp-content/uploads/2026/02/temperaturas-extremas-y-precipitaciones-2026x02x12-a.pdf
2026-02-12,079,VILLA VASQUEZ (EMA),MONTE CRISTI,JUNTA DE REGANTES,EMAI,,,0.0,https://indomet.gob.do/wp-content/uploads/2026/02/temperaturas-extremas-y-precipitaciones-2026x02x12-a.pdf
2026-02-12,080,TÁBARA ABAJO,AZUA,INDRHI,EMCI,30.5,16.4,0.0,https://indomet.gob.do/wp-content/uploads/2026/02/temperaturas-extremas-y-precipitaciones-2026x02x12-a.pdf
2026-02-12,081,TAMBORIL,SANTIAGO,MINISTERIO DE AGRICULTURA,EMCV,,,0.0,https://indomet.gob.do/wp-content/uploads/2026/02/temperaturas-extremas-y-precipitaciones-2026x02x12-a.pdf
2026-02-12,082,TAVERA,SANTIAGO,INDRHI,EMCI,,,0.0,https://indomet.gob.do/wp-content/uploads/2026/02/temperaturas-extremas-y-precipitaciones-2026x02x12-a.pdf
2026-02-12,083,VALLE NUEVO (EMA),LA VEGA,MARENA,EMAI,16.4,4.1,0.0,https://indomet.gob.do/wp-content/uploads/2026/02/temperaturas-extremas-y-precipitaciones-2026x02x12-a.pdf
2026-02-12,084,VILLA ALTAGRACIA,SAN CRISTÓBAL,ESCUELA JAVIER ANGULO GURIDI,EMCI,,,0.0,https://indomet.gob.do/wp-content/uploads/2026/02/temperaturas-extremas-y-precipitaciones-2026x02x12-a.pdf
2026-02-12,085,VILLA GONZALES,SANTIAGO,MINISTERIO DE AGRICULTURA,EMCI,,,0.0,https://indomet.gob.do/wp-content/uploads/2026/02/temperaturas-extremas-y-precipitaciones-2026x02x12-a.pdf
2026-02-13,001,HATO MAYOR,HATO MAYOR,MINISTERIO DE AGRICULTURA,EMCV,,,59.4,https://indomet.gob.do/wp-content/uploads/2026/02/temperaturas-extremas-y-precipitaciones-2026x02x13-a.pdf
2026-02-13,002,VILLA ALTAGRACIA,SAN CRISTÓBAL,ESCUELA JAVIER ANGULO GURIDI,EMCI,,,30.9,https://indomet.gob.do/wp-content/uploads/2026/02/temperaturas-extremas-y-precipitaciones-2026x02x13-a.pdf
2026-02-13,003,ARPT. EL CATEY,SAMANÁ,INDOMET,EMCI,27.8,21.0,16.6,https://indomet.gob.do/wp-content/uploads/2026/02/temperaturas-extremas-y-precipitaciones-2026x02x13-a.pdf
2026-02-13,004,LUPERÓN,PUERTO PLATA,MINISTERIO DE AGRICULTURA,EMCV,,,15.0,https://indomet.gob.do/wp-content/uploads/2026/02/temperaturas-extremas-y-precipitaciones-2026x02x13-a.pdf
2026-02-13,005,MICHES (EMA),EL SEIBO,PRIVADA,EMAP,28.4,21.3,13.2,https://indomet.gob.do/wp-content/uploads/2026/02/temperaturas-extremas-y-precipitaciones-2026x02x13-a.pdf
2026-02-13,006,VILLA ISABELA,PUERTO PLATA,MINISTERIO DE AGRICULTURA,EMCV,28.5,16.5,9.0,https://indomet.gob.do/wp-content/uploads/2026/02/temperaturas-extremas-y-precipitaciones-2026x02x13-a.pdf
2026-02-13,007,BUCARA (EMA),SANTIAGO,MINISTERIO DE AGRICULTURA,EMAI,,,8.4,https://indomet.gob.do/wp-content/uploads/2026/02/temperaturas-extremas-y-precipitaciones-2026x02x13-a.pdf
2026-02-13,008,JARABACOA (EMA),LA VEGA,PROGRAMA MUNDIAL DE ALIMENTO,EMAP,24.2,18.8,7.5,https://indomet.gob.do/wp-content/uploads/2026/02/temperaturas-extremas-y-precipitaciones-2026x02x13-a.pdf
2026-02-13,009,JARABACOA,LA VEGA,INDRHI / MARENA,EMCI,26.2,14.0,6.9,https://indomet.gob.do/wp-content/uploads/2026/02/temperaturas-extremas-y-precipitaciones-2026x02x13-a.pdf
2026-02-13,010,GASPAR HERNÁNDEZ,ESPAILLAT,PROPIEDAD DEL EMPLEADO,EMCI,,,6.6,https://indomet.gob.do/wp-content/uploads/2026/02/temperaturas-extremas-y-precipitaciones-2026x02x13-a.pdf
2026-02-13,011,RANCHO ARRIBA,SAN JOSÉ DE OCOA,CENTRO TECNOLÓGICO COMUNITARIO,EMCI,27.6,16.0,6.1,https://indomet.gob.do/wp-content/uploads/2026/02/temperaturas-extremas-y-precipitaciones-2026x02x13-a.pdf
2026-02-13,012,ARPT. GREGORIO LUPERÓN,PUERTO PLATA,INDOMET,EMCI,25.5,19.3,5.7,https://indomet.gob.do/wp-content/uploads/2026/02/temperaturas-extremas-y-precipitaciones-2026x02x13-a.pdf
2026-02-13,013,ARPT. ARROYO BARRIL,SAMANÁ,INDOMET,EMCI,29.0,20.5,5.5,https://indomet.gob.do/wp-content/uploads/2026/02/temperaturas-extremas-y-precipitaciones-2026x02x13-a.pdf
2026-02-13,014,PALO ÍNDIO,PUERTO PLATA,MINISTERIO DE AGRICULTURA,EMCI,,,5.1,https://indomet.gob.do/wp-content/uploads/2026/02/temperaturas-extremas-y-precipitaciones-2026x02x13-a.pdf
2026-02-13,015,JUMA BEJUCAL,MONSEÑOR NOUEL,IDIAF,EMCV,29.4,20.6,5.0,https://indomet.gob.do/wp-content/uploads/2026/02/temperaturas-extremas-y-precipitaciones-2026x02x13-a.pdf
2026-02-13,016,ANAMUYA (EMA),LA ALTAGRACIA,MINISTERIO DE AGRICULTURA,EMAP,29.2,19.7,3.6,https://indomet.gob.do/wp-content/uploads/2026/02/temperaturas-extremas-y-precipitaciones-2026x02x13-a.pdf
2026-02-13,017,CABRERA,MARÍA TRINIDAD SÁNCHEZ,ESCUELA ARÍSTIDES FIALLO CABRAL,EMCI,28.0,22.0,2.0,https://indomet.gob.do/wp-content/uploads/2026/02/temperaturas-extremas-y-precipitaciones-2026x02x13-a.pdf
2026-02-13,018,RÍO SAN JUAN,MARÍA TRINIDAD SÁNCHEZ,HOSP. MPAL. DR. DESIDERIO ACOSTA,EMCV,28.7,21.8,1.8,https://indomet.gob.do/wp-content/uploads/2026/02/temperaturas-extremas-y-precipitaciones-2026x02x13-a.pdf
2026-02-13,019,SAN RAFAEL DEL YUMA,LA ALTAGRACIA,MINISTERIO DE AGRICULTURA,EMCI,29.0,19.2,1.6,https://indomet.gob.do/wp-content/uploads/2026/02/temperaturas-extremas-y-precipitaciones-2026x02x13-a.pdf
2026-02-13,020,OLIVARES,PEDERNALES,INDRHI,EMCI,,,1.5,https://indomet.gob.do/wp-content/uploads/2026/02/temperaturas-extremas-y-precipitaciones-2026x02x13-a.pdf
2026-02-13,021,VALLE NUEVO (EMA),LA VEGA,MARENA,EMAI,18.8,9.0,1.2,https://indomet.gob.do/wp-content/uploads/2026/02/temperaturas-extremas-y-precipitaciones-2026x02x13-a.pdf
2026-02-13,022,SAMANÁ,SAMANÁ,COMANDANCIA DE PUERTO DE SAMANÁ,EMCI,28.7,17.4,0.8,https://indomet.gob.do/wp-content/uploads/2026/02/temperaturas-extremas-y-precipitaciones-2026x02x13-a.pdf
2026-02-13,023,SABANA DE LA MAR,HATO MAYOR,INDOMET,EMCI,29.4,21.2,0.7,https://indomet.gob.do/wp-content/uploads/2026/02/temperaturas-extremas-y-precipitaciones-2026x02x13-a.pdf
2026-02-13,024,NAVARRETE,SANTIAGO,MINISTERIO DE AGRICULTURA,EMCV,,,0.5,https://indomet.gob.do/wp-content/uploads/2026/02/temperaturas-extremas-y-precipitaciones-2026x02x13-a.pdf
2026-02-13,025,ALTO BANDERA (EMA),LA VEGA,INTEC,EMAP,13.5,6.4,0.5,https://indomet.gob.do/wp-content/uploads/2026/02/temperaturas-extremas-y-precipitaciones-2026x02x13-a.pdf
2026-02-13,026,MONCIÓN (EMA),SANTIAGO RODRÍGUEZ,PROGRAMA MUNDIAL DE ALIMENTO,EMAP,24.9,19.8,0.4,https://indomet.gob.do/wp-content/uploads/2026/02/temperaturas-extremas-y-precipitaciones-2026x02x13-a.pdf
2026-02-13,027,PONTÓN ABAJO (EMA),LA VEGA,MINISTERIO DE AGRICULTURA,EMAP,29.1,21.8,0.4,https://indomet.gob.do/wp-content/uploads/2026/02/temperaturas-extremas-y-precipitaciones-2026x02x13-a.pdf
2026-02-13,028,SALCEDO,HERMANAS MIRABAL,PROPIEDAD DEL EMPLEADO,EMCI,,,0.3,https://indomet.gob.do/wp-content/uploads/2026/02/temperaturas-extremas-y-precipitaciones-2026x02x13-a.pdf
2026-02-13,029,ALTAMIRA,PUERTO PLATA,HOSP. MPAL. DE ALTAMIRA,EMCI,26.3,19.1,0.2,https://indomet.gob.do/wp-content/uploads/2026/02/temperaturas-extremas-y-precipitaciones-2026x02x13-a.pdf
2026-02-13,030,BAYAGUANA,MONTE PLATA,INDOMET,EMCI,30.2,19.2,0.2,https://indomet.gob.do/wp-content/uploads/2026/02/temperaturas-extremas-y-precipitaciones-2026x02x13-a.pdf
2026-02-13,031,SÁNCHEZ,SAMANÁ,MINISTERIO DE AGRICULTURA,EMCI,28.2,21.1,0.2,https://indomet.gob.do/wp-content/uploads/2026/02/temperaturas-extremas-y-precipitaciones-2026x02x13-a.pdf
2026-02-13,032,ARPT. DEL CIBAO,SANTIAGO,INDOMET,EMCI,27.9,19.6,0.1,https://indomet.gob.do/wp-content/uploads/2026/02/temperaturas-extremas-y-precipitaciones-2026x02x13-a.pdf
2026-02-13,033,ARROYO LORO,SAN JUAN,IDIAF,EMCI,31.2,17.2,0.1,https://indomet.gob.do/wp-content/uploads/2026/02/temperaturas-extremas-y-precipitaciones-2026x02x13-a.pdf
2026-02-13,034,HONDO VALLE,ELÍAS PIÑA,MINISTERIO DE AGRICULTURA,EMCI,23.5,12.6,0.1,https://indomet.gob.do/wp-content/uploads/2026/02/temperaturas-extremas-y-precipitaciones-2026x02x13-a.pdf
2026-02-13,035,LA VEGA,LA VEGA,IATESA,EMCI,29.0,20.5,0.1,https://indomet.gob.do/wp-content/uploads/2026/02/temperaturas-extremas-y-precipitaciones-2026x02x13-a.pdf
2026-02-13,036,PEDERNALES,PEDERNALES,INDRHI,EMCI,,,0.1,https://indomet.gob.do/wp-content/uploads/2026/02/temperaturas-extremas-y-precipitaciones-2026x02x13-a.pdf
2026-02-13,037,SANTIAGO RODRÍGUEZ,SANTIAGO RODRÍGUEZ,INDOMET,EMCI,30.0,21.2,0.1,https://indomet.gob.do/wp-content/uploads/2026/02/temperaturas-extremas-y-precipitaciones-2026x02x13-a.pdf
2026-02-13,038,SANTO DOMINGO ESTE,SANTO DOMINGO,INDOMET,EMCI,30.0,21.6,0.1,https://indomet.gob.do/wp-content/uploads/2026/02/temperaturas-extremas-y-precipitaciones-2026x02x13-a.pdf
2026-02-13,039,ARPT. DE LA ROMANA,LA ROMANA,INDOMET,EMCI,29.0,19.2,0.0,https://indomet.gob.do/wp-content/uploads/2026/02/temperaturas-extremas-y-precipitaciones-2026x02x13-a.pdf
2026-02-13,040,ARPT. DE LAS AMÉRICAS,SANTO DOMINGO,INDOMET,EMCI,28.3,21.0,0.0,https://indomet.gob.do/wp-content/uploads/2026/02/temperaturas-extremas-y-precipitaciones-2026x02x13-a.pdf
2026-02-13,041,ARPT. DE PUNTA CANA,LA ALTAGRACIA,INDOMET,EMCI,29.2,17.2,0.0,https://indomet.gob.do/wp-content/uploads/2026/02/temperaturas-extremas-y-precipitaciones-2026x02x13-a.pdf
2026-02-13,042,ARPT. LA ISABELA,SANTO DOMINGO,INDOMET,EMCI,30.8,20.2,0.0,https://indomet.gob.do/wp-content/uploads/2026/02/temperaturas-extremas-y-precipitaciones-2026x02x13-a.pdf
2026-02-13,043,ARPT. MARÍA MONTEZ,BARAHONA,INDOMET,EMCI,32.5,22.0,0.0,https://indomet.gob.do/wp-content/uploads/2026/02/temperaturas-extremas-y-precipitaciones-2026x02x13-a.pdf
2026-02-13,044,BANI (EMA),PERAVIA,MINISTERIO DE AGRICULTURA,EMAP,30.2,20.7,0.0,https://indomet.gob.do/wp-content/uploads/2026/02/temperaturas-extremas-y-precipitaciones-2026x02x13-a.pdf
2026-02-13,045,BOCA DE MAO (EMA),VALVERDE,MINISTERIO DE AGRICULTURA,EMAP,29.4,20.8,0.0,https://indomet.gob.do/wp-content/uploads/2026/02/temperaturas-extremas-y-precipitaciones-2026x02x13-a.pdf
2026-02-13,046,BONAO,MONSEÑOR NOUEL,MINISTERIO DE AGRICULTURA,EMCV,,,0.0,https://indomet.gob.do/wp-content/uploads/2026/02/temperaturas-extremas-y-precipitaciones-2026x02x13-a.pdf
2026-02-13,047,CABRAL,BARAHONA,MINISTERIO DE AGRICULTURA,EMCV,31.5,20.5,0.0,https://indomet.gob.do/wp-content/uploads/2026/02/temperaturas-extremas-y-precipitaciones-2026x02x13-a.pdf
2026-02-13,048,CENTRO DE LOS HEROES (EMA),DISTRITO NACIONAL,MINISTERIO DE ENERGIA Y MINA,EMAP,30.3,23.4,0.0,https://indomet.gob.do/wp-content/uploads/2026/02/temperaturas-extremas-y-precipitaciones-2026x02x13-a.pdf
2026-02-13,049,CONSTANZA,LA VEGA,MINISTERIO DE AGRICULTURA,EMCI,25.6,14.5,0.0,https://indomet.gob.do/wp-content/uploads/2026/02/temperaturas-extremas-y-precipitaciones-2026x02x13-a.pdf
2026-02-13,050,CONSTANZA (EMA),LA VEGA,PROGRAMA MUNDIAL DE ALIMENTO,EMAP,,,0.0,https://indomet.gob.do/wp-content/uploads/2026/02/temperaturas-extremas-y-precipitaciones-2026x02x13-a.pdf
2026-02-13,051,DAJABÓN,DAJABÓN,INSTITUTO POLITÉCNICO LOYOLA,EMCI,33.0,19.6,0.0,https://indomet.gob.do/wp-content/uploads/2026/02/temperaturas-extremas-y-precipitaciones-2026x02x13-a.pdf
2026-02-13,052,EL FACTOR (EMA),MARÍA TRINIDAD SÁNCHEZ,INTEC,EMAP,30.4,22.0,0.0,https://indomet.gob.do/wp-content/uploads/2026/02/temperaturas-extremas-y-precipitaciones-2026x02x13-a.pdf
2026-02-13,053,ELÍAS PIÑA,ELÍAS PIÑA,MINISTERIO DE AGRICULTURA,EMCV,,,0.0,https://indomet.gob.do/wp-content/uploads/2026/02/temperaturas-extremas-y-precipitaciones-2026x02x13-a.pdf
2026-02-13,054,ENRIQUILLO,BARAHONA,MINISTERIO DE AGRICULTURA,EMCV,32.0,19.5,0.0,https://indomet.gob.do/wp-content/uploads/2026/02/temperaturas-extremas-y-precipitaciones-2026x02x13-a.pdf
2026-02-13,055,ESCONDIDO,PERAVIA,MINISTERIO DE AGRICULTURA,EMCV,30.0,20.0,0.0,https://indomet.gob.do/wp-content/uploads/2026/02/temperaturas-extremas-y-precipitaciones-2026x02x13-a.pdf
2026-02-13,056,GURABO,SANTIAGO,MINISTERIO DE AGRICULTURA,EMCV,,,0.0,https://indomet.gob.do/wp-content/uploads/2026/02/temperaturas-extremas-y-precipitaciones-2026x02x13-a.pdf
2026-02-13,057,JARDÍN BOTÁNICO SANTIAGO (EMSANTIAGO,,JARDIN BOTANICO SANTIAGO,EMAI,27.4,19.1,0.0,https://indomet.gob.do/wp-content/uploads/2026/02/temperaturas-extremas-y-precipitaciones-2026x02x13-a.pdf
2026-02-13,058,JIMANÍ,INDEPENDENCIA,MINISTERIO DE AGRICULTURA,EMCI,32.6,20.8,0.0,https://indomet.gob.do/wp-content/uploads/2026/02/temperaturas-extremas-y-precipitaciones-2026x02x13-a.pdf
2026-02-13,059,LA VICTORIA,SANTO DOMINGO,CUERPO DE BOMBEROS,EMCI,28.5,21.5,0.0,https://indomet.gob.do/wp-content/uploads/2026/02/temperaturas-extremas-y-precipitaciones-2026x02x13-a.pdf
2026-02-13,060,LAS CANAS (EMA),MONTE CRISTI,PROGRAMA MUNDIAL DE ALIMENTO,EMAP,25.2,19.9,0.0,https://indomet.gob.do/wp-content/uploads/2026/02/temperaturas-extremas-y-precipitaciones-2026x02x13-a.pdf
2026-02-13,061,LAS MATAS DE SANTA CRUZ (EMA,MONTE CRISTI,PROGRAMA MUNDIAL DE ALIMENTO,EMAP,,,0.0,https://indomet.gob.do/wp-content/uploads/2026/02/temperaturas-extremas-y-precipitaciones-2026x02x13-a.pdf
2026-02-13,062,LOS LLANOS,SAN PEDRO DE MACORÍS,MINISTERIO DE AGRICULTURA,EMCI,30.5,20.0,0.0,https://indomet.gob.do/wp-content/uploads/2026/02/temperaturas-extremas-y-precipitaciones-2026x02x13-a.pdf
2026-02-13,063,LOS TRES CHARCOS (EMA),PEDERNALES,PROPIEDAD DEL VOLUNTARIO,EMAP,,,0.0,https://indomet.gob.do/wp-content/uploads/2026/02/temperaturas-extremas-y-precipitaciones-2026x02x13-a.pdf
2026-02-13,064,MAO,VALVERDE,INDRHI / MINISTERIO DE AGRICULTURA,EMCV,,,0.0,https://indomet.gob.do/wp-content/uploads/2026/02/temperaturas-extremas-y-precipitaciones-2026x02x13-a.pdf
2026-02-13,065,MONTE CRISTI,MONTE CRISTI,INDOMET,EMCI,28.6,21.6,0.0,https://indomet.gob.do/wp-content/uploads/2026/02/temperaturas-extremas-y-precipitaciones-2026x02x13-a.pdf
2026-02-13,066,OVIEDO,PEDERNALES,CLÍNICA RURAL OVIEDO,EMCI,30.8,18.2,0.0,https://indomet.gob.do/wp-content/uploads/2026/02/temperaturas-extremas-y-precipitaciones-2026x02x13-a.pdf
2026-02-13,067,PADRE LAS CASAS,AZUA,HOSP. NTRA. SRA. DEL CARMEN,EMCI,31.3,12.6,0.0,https://indomet.gob.do/wp-content/uploads/2026/02/temperaturas-extremas-y-precipitaciones-2026x02x13-a.pdf
2026-02-13,068,PERALTA,AZUA,HOSP. MPAL. DE PERALTA,EMCI,29.0,17.0,0.0,https://indomet.gob.do/wp-content/uploads/2026/02/temperaturas-extremas-y-precipitaciones-2026x02x13-a.pdf
2026-02-13,069,POLO,BARAHONA,INDOCAFE,EMCI,,11.0,0.0,https://indomet.gob.do/wp-content/uploads/2026/02/temperaturas-extremas-y-precipitaciones-2026x02x13-a.pdf
2026-02-13,070,PRESA DE TAVERAS (EMA),LA VEGA,PROGRAMA MUNDIAL DE ALIMENTO,EMAP,27.3,20.1,0.0,https://indomet.gob.do/wp-content/uploads/2026/02/temperaturas-extremas-y-precipitaciones-2026x02x13-a.pdf
2026-02-13,071,RESTAURACIÓN,DAJABÓN,MINISTERIO DE AGRICULTURA,EMCI,29.5,14.6,0.0,https://indomet.gob.do/wp-content/uploads/2026/02/temperaturas-extremas-y-precipitaciones-2026x02x13-a.pdf
2026-02-13,072,SABANA GRANDE DE BOYÁ,MONTE PLATA,MINISTERIO DE AGRICULTURA,EMCV,,,0.0,https://indomet.gob.do/wp-content/uploads/2026/02/temperaturas-extremas-y-precipitaciones-2026x02x13-a.pdf
2026-02-13,073,SABANETA (EMA),SANTIAGO RODRÍGUEZ,PROGRAMA MUNDIAL DE ALIMENTO,EMAP,,,0.0,https://indomet.gob.do/wp-content/uploads/2026/02/temperaturas-extremas-y-precipitaciones-2026x02x13-a.pdf
2026-02-13,074,SAJOMA (EMA),SANTIAGO,PLAN SIERRA,EMAI,26.1,,0.0,https://indomet.gob.do/wp-content/uploads/2026/02/temperaturas-extremas-y-precipitaciones-2026x02x13-a.pdf
2026-02-13,075,SAN CRISTÓBAL,SAN CRISTÓBAL,INSTITUTO POLITÉCNICO LOYOLA,EMCI,30.0,20.2,0.0,https://indomet.gob.do/wp-content/uploads/2026/02/temperaturas-extremas-y-precipitaciones-2026x02x13-a.pdf
2026-02-13,076,SAN JOSÉ DE OCOA,SAN JOSÉ DE OCOA,HOSP. SAN JOSÉ DE OCOA,EMCI,29.2,19.4,0.0,https://indomet.gob.do/wp-content/uploads/2026/02/temperaturas-extremas-y-precipitaciones-2026x02x13-a.pdf
2026-02-13,077,TÁBARA ABAJO,AZUA,INDRHI,EMCI,31.0,17.1,0.0,https://indomet.gob.do/wp-content/uploads/2026/02/temperaturas-extremas-y-precipitaciones-2026x02x13-a.pdf
2026-02-13,078,TAMBORIL,SANTIAGO,MINISTERIO DE AGRICULTURA,EMCV,,,0.0,https://indomet.gob.do/wp-content/uploads/2026/02/temperaturas-extremas-y-precipitaciones-2026x02x13-a.pdf
2026-02-13,079,VILLA GONZALES,SANTIAGO,MINISTERIO DE AGRICULTURA,EMCI,,,0.0,https://indomet.gob.do/wp-content/uploads/2026/02/temperaturas-extremas-y-precipitaciones-2026x02x13-a.pdf
2026-02-13,080,VILLA RIVA,DUARTE,HOSP. MPAL. ALICIA DE LEGENDRE,EMCI,28.3,20.0,0.0,https://indomet.gob.do/wp-content/uploads/2026/02/temperaturas-extremas-y-precipitaciones-2026x02x13-a.pdf
2026-02-13,081,VILLA VASQUEZ (EMA),MONTE CRISTI,JUNTA DE REGANTES,EMAI,,,0.0,https://indomet.gob.do/wp-content/uploads/2026/02/temperaturas-extremas-y-precipitaciones-2026x02x13-a.pdf
2026-02-14,001,SABANA DE LA MAR,HATO MAYOR,INDOMET,EMCI,28.6,21.2,18.9,https://indomet.gob.do/wp-content/uploads/2026/02/temperaturas-extremas-y-precipitaciones-2026x02x14-a.pdf
2026-02-14,002,JUMA BEJUCAL,MONSEÑOR NOUEL,IDIAF,EMCV,28.6,18.0,12.8,https://indomet.gob.do/wp-content/uploads/2026/02/temperaturas-extremas-y-precipitaciones-2026x02x14-a.pdf
2026-02-14,003,ARPT. GREGORIO LUPERÓN,PUERTO PLATA,INDOMET,EMCI,24.5,20.0,11.5,https://indomet.gob.do/wp-content/uploads/2026/02/temperaturas-extremas-y-precipitaciones-2026x02x14-a.pdf
2026-02-14,004,SÁNCHEZ,SAMANÁ,MINISTERIO DE AGRICULTURA,EMCI,26.0,18.8,10.4,https://indomet.gob.do/wp-content/uploads/2026/02/temperaturas-extremas-y-precipitaciones-2026x02x14-a.pdf
2026-02-14,005,BUCARA (EMA),SANTIAGO,MINISTERIO DE AGRICULTURA,EMAI,,,8.6,https://indomet.gob.do/wp-content/uploads/2026/02/temperaturas-extremas-y-precipitaciones-2026x02x14-a.pdf
2026-02-14,006,RÍO SAN JUAN,MARÍA TRINIDAD SÁNCHEZ,HOSP. MPAL. DR. DESIDERIO ACOSTA,EMCV,26.8,19.3,7.0,https://indomet.gob.do/wp-content/uploads/2026/02/temperaturas-extremas-y-precipitaciones-2026x02x14-a.pdf
2026-02-14,007,LUPERÓN,PUERTO PLATA,MINISTERIO DE AGRICULTURA,EMCV,,,6.1,https://indomet.gob.do/wp-content/uploads/2026/02/temperaturas-extremas-y-precipitaciones-2026x02x14-a.pdf
2026-02-14,008,DAJABÓN,DAJABÓN,INSTITUTO POLITÉCNICO LOYOLA,EMCI,32.4,20.1,5.2,https://indomet.gob.do/wp-content/uploads/2026/02/temperaturas-extremas-y-precipitaciones-2026x02x14-a.pdf
2026-02-14,009,ARPT. DE PUNTA CANA,LA ALTAGRACIA,INDOMET,EMCI,28.0,20.8,4.6,https://indomet.gob.do/wp-content/uploads/2026/02/temperaturas-extremas-y-precipitaciones-2026x02x14-a.pdf
2026-02-14,010,ARPT. EL CATEY,SAMANÁ,INDOMET,EMCI,27.0,20.0,4.2,https://indomet.gob.do/wp-content/uploads/2026/02/temperaturas-extremas-y-precipitaciones-2026x02x14-a.pdf
2026-02-14,011,GASPAR HERNÁNDEZ,ESPAILLAT,PROPIEDAD DEL EMPLEADO,EMCI,,,3.8,https://indomet.gob.do/wp-content/uploads/2026/02/temperaturas-extremas-y-precipitaciones-2026x02x14-a.pdf
2026-02-14,012,CABRERA,MARÍA TRINIDAD SÁNCHEZ,ESCUELA ARÍSTIDES FIALLO CABRAL,EMCI,27.5,21.4,3.4,https://indomet.gob.do/wp-content/uploads/2026/02/temperaturas-extremas-y-precipitaciones-2026x02x14-a.pdf
2026-02-14,013,MICHES (EMA),EL SEIBO,PRIVADA,EMAP,26.4,22.8,3.4,https://indomet.gob.do/wp-content/uploads/2026/02/temperaturas-extremas-y-precipitaciones-2026x02x14-a.pdf
2026-02-14,014,EL FACTOR (EMA),MARÍA TRINIDAD SÁNCHEZ,INTEC,EMAP,27.4,20.2,3.3,https://indomet.gob.do/wp-content/uploads/2026/02/temperaturas-extremas-y-precipitaciones-2026x02x14-a.pdf
2026-02-14,015,SAMANÁ,SAMANÁ,COMANDANCIA DE PUERTO DE SAMANÁ,EMCI,27.3,16.9,2.6,https://indomet.gob.do/wp-content/uploads/2026/02/temperaturas-extremas-y-precipitaciones-2026x02x14-a.pdf
2026-02-14,016,ALTAMIRA,PUERTO PLATA,HOSP. MPAL. DE ALTAMIRA,EMCI,25.4,17.0,2.3,https://indomet.gob.do/wp-content/uploads/2026/02/temperaturas-extremas-y-precipitaciones-2026x02x14-a.pdf
2026-02-14,017,SAN RAFAEL DEL YUMA,LA ALTAGRACIA,MINISTERIO DE AGRICULTURA,EMCI,31.2,20.6,2.3,https://indomet.gob.do/wp-content/uploads/2026/02/temperaturas-extremas-y-precipitaciones-2026x02x14-a.pdf
2026-02-14,018,BONAO,MONSEÑOR NOUEL,MINISTERIO DE AGRICULTURA,EMCV,,,2.0,https://indomet.gob.do/wp-content/uploads/2026/02/temperaturas-extremas-y-precipitaciones-2026x02x14-a.pdf
2026-02-14,019,JARABACOA (EMA),LA VEGA,PROGRAMA MUNDIAL DE ALIMENTO,EMAP,25.1,15.6,2.0,https://indomet.gob.do/wp-content/uploads/2026/02/temperaturas-extremas-y-precipitaciones-2026x02x14-a.pdf
2026-02-14,020,RANCHO ARRIBA,SAN JOSÉ DE OCOA,CENTRO TECNOLÓGICO COMUNITARIO,EMCI,25.4,14.2,2.0,https://indomet.gob.do/wp-content/uploads/2026/02/temperaturas-extremas-y-precipitaciones-2026x02x14-a.pdf
2026-02-14,021,JARABACOA,LA VEGA,INDRHI / MARENA,EMCI,27.0,13.2,1.9,https://indomet.gob.do/wp-content/uploads/2026/02/temperaturas-extremas-y-precipitaciones-2026x02x14-a.pdf
2026-02-14,022,PALO ÍNDIO,PUERTO PLATA,MINISTERIO DE AGRICULTURA,EMCI,,,1.8,https://indomet.gob.do/wp-content/uploads/2026/02/temperaturas-extremas-y-precipitaciones-2026x02x14-a.pdf
2026-02-14,023,HATO MAYOR,HATO MAYOR,MINISTERIO DE AGRICULTURA,EMCV,,,1.5,https://indomet.gob.do/wp-content/uploads/2026/02/temperaturas-extremas-y-precipitaciones-2026x02x14-a.pdf
2026-02-14,024,LA VEGA,LA VEGA,IATESA,EMCI,30.0,18.0,1.4,https://indomet.gob.do/wp-content/uploads/2026/02/temperaturas-extremas-y-precipitaciones-2026x02x14-a.pdf
2026-02-14,025,ANAMUYA (EMA),LA ALTAGRACIA,MINISTERIO DE AGRICULTURA,EMAP,27.7,22.3,1.2,https://indomet.gob.do/wp-content/uploads/2026/02/temperaturas-extremas-y-precipitaciones-2026x02x14-a.pdf
2026-02-14,026,VILLA RIVA,DUARTE,HOSP. MPAL. ALICIA DE LEGENDRE,EMCI,26.5,20.4,1.0,https://indomet.gob.do/wp-content/uploads/2026/02/temperaturas-extremas-y-precipitaciones-2026x02x14-a.pdf
2026-02-14,027,VILLA ISABELA,PUERTO PLATA,MINISTERIO DE AGRICULTURA,EMCV,26.2,17.8,1.0,https://indomet.gob.do/wp-content/uploads/2026/02/temperaturas-extremas-y-precipitaciones-2026x02x14-a.pdf
2026-02-14,028,ENRIQUILLO,BARAHONA,MINISTERIO DE AGRICULTURA,EMCV,32.0,20.0,0.6,https://indomet.gob.do/wp-content/uploads/2026/02/temperaturas-extremas-y-precipitaciones-2026x02x14-a.pdf
2026-02-14,029,BAYAGUANA,MONTE PLATA,INDOMET,EMCI,29.6,20.3,0.2,https://indomet.gob.do/wp-content/uploads/2026/02/temperaturas-extremas-y-precipitaciones-2026x02x14-a.pdf
2026-02-14,030,OVIEDO,PEDERNALES,CLÍNICA RURAL OVIEDO,EMCI,31.5,18.6,0.2,https://indomet.gob.do/wp-content/uploads/2026/02/temperaturas-extremas-y-precipitaciones-2026x02x14-a.pdf
2026-02-14,031,VALLE NUEVO (EMA),LA VEGA,MARENA,EMAI,15.9,3.2,0.2,https://indomet.gob.do/wp-content/uploads/2026/02/temperaturas-extremas-y-precipitaciones-2026x02x14-a.pdf
2026-02-14,032,ARPT. DEL CIBAO,SANTIAGO,INDOMET,EMCI,28.4,19.1,0.1,https://indomet.gob.do/wp-content/uploads/2026/02/temperaturas-extremas-y-precipitaciones-2026x02x14-a.pdf
2026-02-14,033,CABRAL,BARAHONA,MINISTERIO DE AGRICULTURA,EMCV,33.5,21.0,0.1,https://indomet.gob.do/wp-content/uploads/2026/02/temperaturas-extremas-y-precipitaciones-2026x02x14-a.pdf
2026-02-14,034,HONDO VALLE,ELÍAS PIÑA,MINISTERIO DE AGRICULTURA,EMCI,23.9,13.6,0.1,https://indomet.gob.do/wp-content/uploads/2026/02/temperaturas-extremas-y-precipitaciones-2026x02x14-a.pdf
2026-02-14,035,OLIVARES,PEDERNALES,INDRHI,EMCI,,,0.1,https://indomet.gob.do/wp-content/uploads/2026/02/temperaturas-extremas-y-precipitaciones-2026x02x14-a.pdf
2026-02-14,036,PEDERNALES,PEDERNALES,INDRHI,EMCI,,,0.1,https://indomet.gob.do/wp-content/uploads/2026/02/temperaturas-extremas-y-precipitaciones-2026x02x14-a.pdf
2026-02-14,037,PERALTA,AZUA,HOSP. MPAL. DE PERALTA,EMCI,30.0,18.5,0.1,https://indomet.gob.do/wp-content/uploads/2026/02/temperaturas-extremas-y-precipitaciones-2026x02x14-a.pdf
2026-02-14,038,SABANA GRANDE DE BOYÁ,MONTE PLATA,MINISTERIO DE AGRICULTURA,EMCV,,,0.1,https://indomet.gob.do/wp-content/uploads/2026/02/temperaturas-extremas-y-precipitaciones-2026x02x14-a.pdf
2026-02-14,039,ALTO BANDERA (EMA),LA VEGA,INTEC,EMAP,11.3,5.4,0.0,https://indomet.gob.do/wp-content/uploads/2026/02/temperaturas-extremas-y-precipitaciones-2026x02x14-a.pdf
2026-02-14,040,ARPT. ARROYO BARRIL,SAMANÁ,INDOMET,EMCI,26.3,21.0,0.0,https://indomet.gob.do/wp-content/uploads/2026/02/temperaturas-extremas-y-precipitaciones-2026x02x14-a.pdf
2026-02-14,041,ARPT. DE LA ROMANA,LA ROMANA,INDOMET,EMCI,29.2,18.2,0.0,https://indomet.gob.do/wp-content/uploads/2026/02/temperaturas-extremas-y-precipitaciones-2026x02x14-a.pdf
2026-02-14,042,ARPT. DE LAS AMÉRICAS,SANTO DOMINGO,INDOMET,EMCI,30.0,20.2,0.0,https://indomet.gob.do/wp-content/uploads/2026/02/temperaturas-extremas-y-precipitaciones-2026x02x14-a.pdf
2026-02-14,043,ARPT. LA ISABELA,SANTO DOMINGO,INDOMET,EMCI,30.5,20.2,0.0,https://indomet.gob.do/wp-content/uploads/2026/02/temperaturas-extremas-y-precipitaciones-2026x02x14-a.pdf
2026-02-14,044,ARPT. MARÍA MONTEZ,BARAHONA,INDOMET,EMCI,32.1,21.0,0.0,https://indomet.gob.do/wp-content/uploads/2026/02/temperaturas-extremas-y-precipitaciones-2026x02x14-a.pdf
2026-02-14,045,ARROYO LORO,SAN JUAN,IDIAF,EMCI,32.0,16.1,0.0,https://indomet.gob.do/wp-content/uploads/2026/02/temperaturas-extremas-y-precipitaciones-2026x02x14-a.pdf
2026-02-14,046,BASE AÉREA DE SAN ISIDRO,SANTO DOMINGO,FUERZA AÉREA DOMINICANA,EMCV,30.1,20.9,0.0,https://indomet.gob.do/wp-content/uploads/2026/02/temperaturas-extremas-y-precipitaciones-2026x02x14-a.pdf
2026-02-14,047,BOCA DE MAO (EMA),VALVERDE,MINISTERIO DE AGRICULTURA,EMAP,30.1,18.1,0.0,https://indomet.gob.do/wp-content/uploads/2026/02/temperaturas-extremas-y-precipitaciones-2026x02x14-a.pdf
2026-02-14,048,CENTRO DE LOS HEROES (EMA),DISTRITO NACIONAL,MINISTERIO DE ENERGIA Y MINA,EMAP,30.3,22.8,0.0,https://indomet.gob.do/wp-content/uploads/2026/02/temperaturas-extremas-y-precipitaciones-2026x02x14-a.pdf
2026-02-14,049,CONSTANZA,LA VEGA,MINISTERIO DE AGRICULTURA,EMCI,25.0,14.7,0.0,https://indomet.gob.do/wp-content/uploads/2026/02/temperaturas-extremas-y-precipitaciones-2026x02x14-a.pdf
2026-02-14,050,CONSTANZA (EMA),LA VEGA,PROGRAMA MUNDIAL DE ALIMENTO,EMAP,22.6,11.2,0.0,https://indomet.gob.do/wp-content/uploads/2026/02/temperaturas-extremas-y-precipitaciones-2026x02x14-a.pdf
2026-02-14,051,ELÍAS PIÑA,ELÍAS PIÑA,MINISTERIO DE AGRICULTURA,EMCV,,,0.0,https://indomet.gob.do/wp-content/uploads/2026/02/temperaturas-extremas-y-precipitaciones-2026x02x14-a.pdf
2026-02-14,052,ESCONDIDO,PERAVIA,MINISTERIO DE AGRICULTURA,EMCV,30.0,21.0,0.0,https://indomet.gob.do/wp-content/uploads/2026/02/temperaturas-extremas-y-precipitaciones-2026x02x14-a.pdf
2026-02-14,053,GURABO,SANTIAGO,MINISTERIO DE AGRICULTURA,EMCV,,,0.0,https://indomet.gob.do/wp-content/uploads/2026/02/temperaturas-extremas-y-precipitaciones-2026x02x14-a.pdf
2026-02-14,054,JIMANÍ,INDEPENDENCIA,MINISTERIO DE AGRICULTURA,EMCI,34.6,21.0,0.0,https://indomet.gob.do/wp-content/uploads/2026/02/temperaturas-extremas-y-precipitaciones-2026x02x14-a.pdf
2026-02-14,055,LA VICTORIA,SANTO DOMINGO,CUERPO DE BOMBEROS,EMCI,30.6,20.5,0.0,https://indomet.gob.do/wp-content/uploads/2026/02/temperaturas-extremas-y-precipitaciones-2026x02x14-a.pdf
2026-02-14,056,LAS CANAS (EMA),MONTE CRISTI,PROGRAMA MUNDIAL DE ALIMENTO,EMAP,25.3,19.1,0.0,https://indomet.gob.do/wp-content/uploads/2026/02/temperaturas-extremas-y-precipitaciones-2026x02x14-a.pdf
2026-02-14,057,LOS LLANOS,SAN PEDRO DE MACORÍS,MINISTERIO DE AGRICULTURA,EMCI,29.8,20.0,0.0,https://indomet.gob.do/wp-content/uploads/2026/02/temperaturas-extremas-y-precipitaciones-2026x02x14-a.pdf
2026-02-14,058,LOS TRES CHARCOS (EMA),PEDERNALES,PROPIEDAD DEL VOLUNTARIO,EMAP,,,0.0,https://indomet.gob.do/wp-content/uploads/2026/02/temperaturas-extremas-y-precipitaciones-2026x02x14-a.pdf
2026-02-14,059,MONCIÓN (EMA),SANTIAGO RODRÍGUEZ,PROGRAMA MUNDIAL DE ALIMENTO,EMAP,25.9,16.1,0.0,https://indomet.gob.do/wp-content/uploads/2026/02/temperaturas-extremas-y-precipitaciones-2026x02x14-a.pdf
2026-02-14,060,MONTE CRISTI,MONTE CRISTI,INDOMET,EMCI,29.2,21.7,0.0,https://indomet.gob.do/wp-content/uploads/2026/02/temperaturas-extremas-y-precipitaciones-2026x02x14-a.pdf
2026-02-14,061,NAVARRETE,SANTIAGO,MINISTERIO DE AGRICULTURA,EMCV,,,0.0,https://indomet.gob.do/wp-content/uploads/2026/02/temperaturas-extremas-y-precipitaciones-2026x02x14-a.pdf
2026-02-14,062,PADRE LAS CASAS,AZUA,HOSP. NTRA. SRA. DEL CARMEN,EMCI,32.5,15.5,0.0,https://indomet.gob.do/wp-content/uploads/2026/02/temperaturas-extremas-y-precipitaciones-2026x02x14-a.pdf
2026-02-14,063,POLO,BARAHONA,INDOCAFE,EMCI,,,0.0,https://indomet.gob.do/wp-content/uploads/2026/02/temperaturas-extremas-y-precipitaciones-2026x02x14-a.pdf
2026-02-14,064,PONTÓN ABAJO (EMA),LA VEGA,MINISTERIO DE AGRICULTURA,EMAP,30.0,20.1,0.0,https://indomet.gob.do/wp-content/uploads/2026/02/temperaturas-extremas-y-precipitaciones-2026x02x14-a.pdf
2026-02-14,065,RESTAURACIÓN,DAJABÓN,MINISTERIO DE AGRICULTURA,EMCI,30.1,14.9,0.0,https://indomet.gob.do/wp-content/uploads/2026/02/temperaturas-extremas-y-precipitaciones-2026x02x14-a.pdf
2026-02-14,066,SABANETA (EMA),SANTIAGO RODRÍGUEZ,PROGRAMA MUNDIAL DE ALIMENTO,EMAP,,,0.0,https://indomet.gob.do/wp-content/uploads/2026/02/temperaturas-extremas-y-precipitaciones-2026x02x14-a.pdf
2026-02-14,067,SALCEDO,HERMANAS MIRABAL,PROPIEDAD DEL EMPLEADO,EMCI,,,0.0,https://indomet.gob.do/wp-content/uploads/2026/02/temperaturas-extremas-y-precipitaciones-2026x02x14-a.pdf
2026-02-14,068,SAN CRISTÓBAL,SAN CRISTÓBAL,INSTITUTO POLITÉCNICO LOYOLA,EMCI,31.2,21.2,0.0,https://indomet.gob.do/wp-content/uploads/2026/02/temperaturas-extremas-y-precipitaciones-2026x02x14-a.pdf
2026-02-14,069,SAN JOSÉ DE OCOA,SAN JOSÉ DE OCOA,HOSP. SAN JOSÉ DE OCOA,EMCI,29.7,18.0,0.0,https://indomet.gob.do/wp-content/uploads/2026/02/temperaturas-extremas-y-precipitaciones-2026x02x14-a.pdf
2026-02-14,070,VILLA VASQUEZ (EMA),MONTE CRISTI,JUNTA DE REGANTES,EMAI,,,0.0,https://indomet.gob.do/wp-content/uploads/2026/02/temperaturas-extremas-y-precipitaciones-2026x02x14-a.pdf
2026-02-14,071,SANTIAGO RODRÍGUEZ,SANTIAGO RODRÍGUEZ,INDOMET,EMCI,31.4,17.0,0.0,https://indomet.gob.do/wp-content/uploads/2026/02/temperaturas-extremas-y-precipitaciones-2026x02x14-a.pdf
2026-02-14,072,SANTO DOMINGO ESTE,SANTO DOMINGO,INDOMET,EMCI,30.5,23.0,0.0,https://indomet.gob.do/wp-content/uploads/2026/02/temperaturas-extremas-y-precipitaciones-2026x02x14-a.pdf
2026-02-14,073,TÁBARA ABAJO,AZUA,INDRHI,EMCI,31.7,19.0,0.0,https://indomet.gob.do/wp-content/uploads/2026/02/temperaturas-extremas-y-precipitaciones-2026x02x14-a.pdf
2026-02-14,074,VILLA ALTAGRACIA,SAN CRISTÓBAL,ESCUELA JAVIER ANGULO GURIDI,EMCI,,,0.0,https://indomet.gob.do/wp-content/uploads/2026/02/temperaturas-extremas-y-precipitaciones-2026x02x14-a.pdf
2026-02-14,075,VILLA GONZALES,SANTIAGO,MINISTERIO DE AGRICULTURA,EMCI,,,0.0,https://indomet.gob.do/wp-content/uploads/2026/02/temperaturas-extremas-y-precipitaciones-2026x02x14-a.pdf
2026-02-14,076,MAO,VALVERDE,INDRHI / MINISTERIO DE AGRICULTURA,EMCV,,,0.0,https://indomet.gob.do/wp-content/uploads/2026/02/temperaturas-extremas-y-precipitaciones-2026x02x14-a.pdf
2026-02-14,077,JARDÍN BOTÁNICO SANTIAGO (EMSANTIAGO,,JARDIN BOTANICO SANTIAGO,EMAI,27.8,17.6,0.0,https://indomet.gob.do/wp-content/uploads/2026/02/temperaturas-extremas-y-precipitaciones-2026x02x14-a.pdf
2026-02-15,001,ARPT. GREGORIO LUPERÓN,PUERTO PLATA,INDOMET,EMCI,25.5,19.5,8.7,https://indomet.gob.do/wp-content/uploads/2026/02/temperaturas-extremas-y-precipitaciones-2026x02x15-a-1.pdf
2026-02-15,002,PALO ÍNDIO,PUERTO PLATA,MINISTERIO DE AGRICULTURA,EMCI,,,6.9,https://indomet.gob.do/wp-content/uploads/2026/02/temperaturas-extremas-y-precipitaciones-2026x02x15-a-1.pdf
2026-02-15,003,CABRERA,MARÍA TRINIDAD SÁNCHEZ,ESCUELA ARÍSTIDES FIALLO CABRAL,EMCI,29.0,21.4,4.7,https://indomet.gob.do/wp-content/uploads/2026/02/temperaturas-extremas-y-precipitaciones-2026x02x15-a-1.pdf
2026-02-15,004,GASPAR HERNÁNDEZ,ESPAILLAT,PROPIEDAD DEL EMPLEADO,EMCI,,,4.5,https://indomet.gob.do/wp-content/uploads/2026/02/temperaturas-extremas-y-precipitaciones-2026x02x15-a-1.pdf
2026-02-15,005,SAMANÁ,SAMANÁ,COMANDANCIA DE PUERTO DE SAMANÁ,EMCI,27.3,16.0,3.6,https://indomet.gob.do/wp-content/uploads/2026/02/temperaturas-extremas-y-precipitaciones-2026x02x15-a-1.pdf
2026-02-15,006,ARPT. ARROYO BARRIL,SAMANÁ,INDOMET,EMCI,26.9,21.7,3.5,https://indomet.gob.do/wp-content/uploads/2026/02/temperaturas-extremas-y-precipitaciones-2026x02x15-a-1.pdf
2026-02-15,007,LOS JENGIBRES,NAGUA,INDRHI,EMCI,,,2.4,https://indomet.gob.do/wp-content/uploads/2026/02/temperaturas-extremas-y-precipitaciones-2026x02x15-a-1.pdf
2026-02-15,008,MICHES (EMA),EL SEIBO,PRIVADA,EMAP,27.1,19.6,2.4,https://indomet.gob.do/wp-content/uploads/2026/02/temperaturas-extremas-y-precipitaciones-2026x02x15-a-1.pdf
2026-02-15,009,RÍO SAN JUAN,MARÍA TRINIDAD SÁNCHEZ,HOSP. MPAL. DR. DESIDERIO ACOSTA,EMCV,28.3,20.4,2.2,https://indomet.gob.do/wp-content/uploads/2026/02/temperaturas-extremas-y-precipitaciones-2026x02x15-a-1.pdf
2026-02-15,010,LUPERÓN,PUERTO PLATA,MINISTERIO DE AGRICULTURA,EMCV,,,2.0,https://indomet.gob.do/wp-content/uploads/2026/02/temperaturas-extremas-y-precipitaciones-2026x02x15-a-1.pdf
2026-02-15,011,VILLA RIVA,DUARTE,HOSP. MPAL. ALICIA DE LEGENDRE,EMCI,27.6,18.6,1.3,https://indomet.gob.do/wp-content/uploads/2026/02/temperaturas-extremas-y-precipitaciones-2026x02x15-a-1.pdf
2026-02-15,012,ALTAMIRA,PUERTO PLATA,HOSP. MPAL. DE ALTAMIRA,EMCI,26.6,16.5,0.4,https://indomet.gob.do/wp-content/uploads/2026/02/temperaturas-extremas-y-precipitaciones-2026x02x15-a-1.pdf
2026-02-15,013,RANCHO ARRIBA,SAN JOSÉ DE OCOA,CENTRO TECNOLÓGICO COMUNITARIO,EMCI,25.0,14.9,0.4,https://indomet.gob.do/wp-content/uploads/2026/02/temperaturas-extremas-y-precipitaciones-2026x02x15-a-1.pdf
2026-02-15,014,BONAO,MONSEÑOR NOUEL,MINISTERIO DE AGRICULTURA,EMCV,,,0.3,https://indomet.gob.do/wp-content/uploads/2026/02/temperaturas-extremas-y-precipitaciones-2026x02x15-a-1.pdf
2026-02-15,015,HATO MAYOR,HATO MAYOR,MINISTERIO DE AGRICULTURA,EMCV,,,0.3,https://indomet.gob.do/wp-content/uploads/2026/02/temperaturas-extremas-y-precipitaciones-2026x02x15-a-1.pdf
2026-02-15,016,POLO,BARAHONA,INDOCAFE,EMCI,,14.5,0.3,https://indomet.gob.do/wp-content/uploads/2026/02/temperaturas-extremas-y-precipitaciones-2026x02x15-a-1.pdf
2026-02-15,017,JARABACOA,LA VEGA,INDRHI / MARENA,EMCI,27.2,13.0,0.2,https://indomet.gob.do/wp-content/uploads/2026/02/temperaturas-extremas-y-precipitaciones-2026x02x15-a-1.pdf
2026-02-15,018,ARPT. DE LAS AMÉRICAS,SANTO DOMINGO,INDOMET,EMCI,27.5,19.0,0.1,https://indomet.gob.do/wp-content/uploads/2026/02/temperaturas-extremas-y-precipitaciones-2026x02x15-a-1.pdf
2026-02-15,019,ARPT. DEL CIBAO,SANTIAGO,INDOMET,EMCI,29.0,17.4,0.1,https://indomet.gob.do/wp-content/uploads/2026/02/temperaturas-extremas-y-precipitaciones-2026x02x15-a-1.pdf
2026-02-15,020,ALTO BANDERA (EMA),LA VEGA,INTEC,EMAP,15.8,6.0,0.0,https://indomet.gob.do/wp-content/uploads/2026/02/temperaturas-extremas-y-precipitaciones-2026x02x15-a-1.pdf
2026-02-15,021,ANAMUYA (EMA),LA ALTAGRACIA,MINISTERIO DE AGRICULTURA,EMAP,28.7,21.2,0.0,https://indomet.gob.do/wp-content/uploads/2026/02/temperaturas-extremas-y-precipitaciones-2026x02x15-a-1.pdf
2026-02-15,022,ARPT. DE LA ROMANA,LA ROMANA,INDOMET,EMCI,29.5,21.6,0.0,https://indomet.gob.do/wp-content/uploads/2026/02/temperaturas-extremas-y-precipitaciones-2026x02x15-a-1.pdf
2026-02-15,023,ARPT. DE PUNTA CANA,LA ALTAGRACIA,INDOMET,EMCI,28.5,20.5,0.0,https://indomet.gob.do/wp-content/uploads/2026/02/temperaturas-extremas-y-precipitaciones-2026x02x15-a-1.pdf
2026-02-15,024,ARPT. EL CATEY,SAMANÁ,INDOMET,EMCI,29.5,21.0,0.0,https://indomet.gob.do/wp-content/uploads/2026/02/temperaturas-extremas-y-precipitaciones-2026x02x15-a-1.pdf
2026-02-15,025,ARPT. LA ISABELA,SANTO DOMINGO,INDOMET,EMCI,30.0,21.5,0.0,https://indomet.gob.do/wp-content/uploads/2026/02/temperaturas-extremas-y-precipitaciones-2026x02x15-a-1.pdf
2026-02-15,026,ARPT. MARÍA MONTEZ,BARAHONA,INDOMET,EMCI,31.4,21.2,0.0,https://indomet.gob.do/wp-content/uploads/2026/02/temperaturas-extremas-y-precipitaciones-2026x02x15-a-1.pdf
2026-02-15,027,ARROYO LORO,SAN JUAN,IDIAF,EMCI,32.5,16.0,0.0,https://indomet.gob.do/wp-content/uploads/2026/02/temperaturas-extremas-y-precipitaciones-2026x02x15-a-1.pdf
2026-02-15,028,BANI (EMA),PERAVIA,MINISTERIO DE AGRICULTURA,EMAP,30.8,22.9,0.0,https://indomet.gob.do/wp-content/uploads/2026/02/temperaturas-extremas-y-precipitaciones-2026x02x15-a-1.pdf
2026-02-15,029,BASE AÉREA DE SAN ISIDRO,SANTO DOMINGO,FUERZA AÉREA DOMINICANA,EMCV,29.5,19.9,0.0,https://indomet.gob.do/wp-content/uploads/2026/02/temperaturas-extremas-y-precipitaciones-2026x02x15-a-1.pdf
2026-02-15,030,BAYAGUANA,MONTE PLATA,INDOMET,EMCI,28.5,20.0,0.0,https://indomet.gob.do/wp-content/uploads/2026/02/temperaturas-extremas-y-precipitaciones-2026x02x15-a-1.pdf
2026-02-15,031,BOCA DE MAO (EMA),VALVERDE,MINISTERIO DE AGRICULTURA,EMAP,31.8,18.8,0.0,https://indomet.gob.do/wp-content/uploads/2026/02/temperaturas-extremas-y-precipitaciones-2026x02x15-a-1.pdf
2026-02-15,032,BOHECHÍO,SAN JUAN,MINISTERIO DE AGRICULTURA,EMCV,,,0.0,https://indomet.gob.do/wp-content/uploads/2026/02/temperaturas-extremas-y-precipitaciones-2026x02x15-a-1.pdf
2026-02-15,033,BUCARA (EMA),SANTIAGO,MINISTERIO DE AGRICULTURA,EMAI,,,0.0,https://indomet.gob.do/wp-content/uploads/2026/02/temperaturas-extremas-y-precipitaciones-2026x02x15-a-1.pdf
2026-02-15,034,CABRAL,BARAHONA,MINISTERIO DE AGRICULTURA,EMCV,31.7,19.8,0.0,https://indomet.gob.do/wp-content/uploads/2026/02/temperaturas-extremas-y-precipitaciones-2026x02x15-a-1.pdf
2026-02-15,035,CENTRO DE LOS HEROES (EMA),DISTRITO NACIONAL,MINISTERIO DE ENERGIA Y MINA,EMAP,29.0,23.6,0.0,https://indomet.gob.do/wp-content/uploads/2026/02/temperaturas-extremas-y-precipitaciones-2026x02x15-a-1.pdf
2026-02-15,036,CONSTANZA,LA VEGA,MINISTERIO DE AGRICULTURA,EMCI,25.7,10.0,0.0,https://indomet.gob.do/wp-content/uploads/2026/02/temperaturas-extremas-y-precipitaciones-2026x02x15-a-1.pdf
2026-02-15,037,CONSTANZA (EMA),LA VEGA,PROGRAMA MUNDIAL DE ALIMENTO,EMAP,21.3,11.4,0.0,https://indomet.gob.do/wp-content/uploads/2026/02/temperaturas-extremas-y-precipitaciones-2026x02x15-a-1.pdf
2026-02-15,038,DAJABÓN,DAJABÓN,INSTITUTO POLITÉCNICO LOYOLA,EMCI,34.8,19.1,0.0,https://indomet.gob.do/wp-content/uploads/2026/02/temperaturas-extremas-y-precipitaciones-2026x02x15-a-1.pdf
2026-02-15,039,EL CERCADO,SAN JUAN,MINISTERIO DE AGRICULTURA,EMCV,,,0.0,https://indomet.gob.do/wp-content/uploads/2026/02/temperaturas-extremas-y-precipitaciones-2026x02x15-a-1.pdf
2026-02-15,040,EL FACTOR (EMA),MARÍA TRINIDAD SÁNCHEZ,INTEC,EMAP,28.4,19.8,0.0,https://indomet.gob.do/wp-content/uploads/2026/02/temperaturas-extremas-y-precipitaciones-2026x02x15-a-1.pdf
2026-02-15,041,ELÍAS PIÑA,ELÍAS PIÑA,MINISTERIO DE AGRICULTURA,EMCV,,,0.0,https://indomet.gob.do/wp-content/uploads/2026/02/temperaturas-extremas-y-precipitaciones-2026x02x15-a-1.pdf
2026-02-15,042,ENRIQUILLO,BARAHONA,MINISTERIO DE AGRICULTURA,EMCV,31.3,21.5,0.0,https://indomet.gob.do/wp-content/uploads/2026/02/temperaturas-extremas-y-precipitaciones-2026x02x15-a-1.pdf
2026-02-15,043,ESCONDIDO,PERAVIA,MINISTERIO DE AGRICULTURA,EMCV,31.0,24.0,0.0,https://indomet.gob.do/wp-content/uploads/2026/02/temperaturas-extremas-y-precipitaciones-2026x02x15-a-1.pdf
2026-02-15,044,GURABO,SANTIAGO,MINISTERIO DE AGRICULTURA,EMCV,,,0.0,https://indomet.gob.do/wp-content/uploads/2026/02/temperaturas-extremas-y-precipitaciones-2026x02x15-a-1.pdf
2026-02-15,045,HONDO VALLE,ELÍAS PIÑA,MINISTERIO DE AGRICULTURA,EMCI,23.3,13.1,0.0,https://indomet.gob.do/wp-content/uploads/2026/02/temperaturas-extremas-y-precipitaciones-2026x02x15-a-1.pdf
2026-02-15,046,JARABACOA (EMA),LA VEGA,PROGRAMA MUNDIAL DE ALIMENTO,EMAP,,,0.0,https://indomet.gob.do/wp-content/uploads/2026/02/temperaturas-extremas-y-precipitaciones-2026x02x15-a-1.pdf
2026-02-15,047,JARDÍN BOTÁNICO NACIONAL,DISTRITO NACIONAL,JARDÍN BOTÁNICO NACIONAL,EMCV,31.0,16.6,0.0,https://indomet.gob.do/wp-content/uploads/2026/02/temperaturas-extremas-y-precipitaciones-2026x02x15-a-1.pdf
2026-02-15,048,JARDÍN BOTÁNICO SANTIAGO (EMSANTIAGO,,JARDIN BOTANICO SANTIAGO,EMAI,,,0.0,https://indomet.gob.do/wp-content/uploads/2026/02/temperaturas-extremas-y-precipitaciones-2026x02x15-a-1.pdf
2026-02-15,049,JIMANÍ,INDEPENDENCIA,MINISTERIO DE AGRICULTURA,EMCI,34.5,23.0,0.0,https://indomet.gob.do/wp-content/uploads/2026/02/temperaturas-extremas-y-precipitaciones-2026x02x15-a-1.pdf
2026-02-15,050,JUMA BEJUCAL,MONSEÑOR NOUEL,IDIAF,EMCV,29.0,18.2,0.0,https://indomet.gob.do/wp-content/uploads/2026/02/temperaturas-extremas-y-precipitaciones-2026x02x15-a-1.pdf
2026-02-15,051,LA VEGA,LA VEGA,IATESA,EMCI,29.2,18.5,0.0,https://indomet.gob.do/wp-content/uploads/2026/02/temperaturas-extremas-y-precipitaciones-2026x02x15-a-1.pdf
2026-02-15,052,LA VICTORIA,SANTO DOMINGO,CUERPO DE BOMBEROS,EMCI,30.5,19.7,0.0,https://indomet.gob.do/wp-content/uploads/2026/02/temperaturas-extremas-y-precipitaciones-2026x02x15-a-1.pdf
2026-02-15,053,LAS CANAS (EMA),MONTE CRISTI,PROGRAMA MUNDIAL DE ALIMENTO,EMAP,26.0,19.3,0.0,https://indomet.gob.do/wp-content/uploads/2026/02/temperaturas-extremas-y-precipitaciones-2026x02x15-a-1.pdf
2026-02-15,054,LAS MATAS DE SANTA CRUZ (EMA,MONTE CRISTI,PROGRAMA MUNDIAL DE ALIMENTO,EMAP,,,0.0,https://indomet.gob.do/wp-content/uploads/2026/02/temperaturas-extremas-y-precipitaciones-2026x02x15-a-1.pdf
2026-02-15,055,LOS LLANOS,SAN PEDRO DE MACORÍS,MINISTERIO DE AGRICULTURA,EMCI,29.1,19.5,0.0,https://indomet.gob.do/wp-content/uploads/2026/02/temperaturas-extremas-y-precipitaciones-2026x02x15-a-1.pdf
2026-02-15,056,LOS TRES CHARCOS (EMA),PEDERNALES,PROPIEDAD DEL VOLUNTARIO,EMAP,,,0.0,https://indomet.gob.do/wp-content/uploads/2026/02/temperaturas-extremas-y-precipitaciones-2026x02x15-a-1.pdf
2026-02-15,057,MAO,VALVERDE,INDRHI / MINISTERIO DE AGRICULTURA,EMCV,,,0.0,https://indomet.gob.do/wp-content/uploads/2026/02/temperaturas-extremas-y-precipitaciones-2026x02x15-a-1.pdf
2026-02-15,058,MONCIÓN (EMA),SANTIAGO RODRÍGUEZ,PROGRAMA MUNDIAL DE ALIMENTO,EMAP,27.9,17.0,0.0,https://indomet.gob.do/wp-content/uploads/2026/02/temperaturas-extremas-y-precipitaciones-2026x02x15-a-1.pdf
2026-02-15,059,MONTE CRISTI,MONTE CRISTI,INDOMET,EMCI,29.8,20.0,0.0,https://indomet.gob.do/wp-content/uploads/2026/02/temperaturas-extremas-y-precipitaciones-2026x02x15-a-1.pdf
2026-02-15,060,NAVARRETE,SANTIAGO,MINISTERIO DE AGRICULTURA,EMCV,,,0.0,https://indomet.gob.do/wp-content/uploads/2026/02/temperaturas-extremas-y-precipitaciones-2026x02x15-a-1.pdf
2026-02-15,061,OLIVARES,PEDERNALES,INDRHI,EMCI,,,0.0,https://indomet.gob.do/wp-content/uploads/2026/02/temperaturas-extremas-y-precipitaciones-2026x02x15-a-1.pdf
2026-02-15,062,OVIEDO,PEDERNALES,CLÍNICA RURAL OVIEDO,EMCI,31.5,19.0,0.0,https://indomet.gob.do/wp-content/uploads/2026/02/temperaturas-extremas-y-precipitaciones-2026x02x15-a-1.pdf
2026-02-15,063,PADRE LAS CASAS,AZUA,HOSP. NTRA. SRA. DEL CARMEN,EMCI,32.7,15.6,0.0,https://indomet.gob.do/wp-content/uploads/2026/02/temperaturas-extremas-y-precipitaciones-2026x02x15-a-1.pdf
2026-02-15,064,PARQUE MIRADOR SUR,DISTRITO NACIONAL,AYUNTAMIENTO,EMCV,32.0,21.6,0.0,https://indomet.gob.do/wp-content/uploads/2026/02/temperaturas-extremas-y-precipitaciones-2026x02x15-a-1.pdf
2026-02-15,065,PASO AL MEDIO,SAN PEDRO DE MACORÍS,INDRHI,EMCI,,,0.0,https://indomet.gob.do/wp-content/uploads/2026/02/temperaturas-extremas-y-precipitaciones-2026x02x15-a-1.pdf
2026-02-15,066,PEDERNALES,PEDERNALES,INDRHI,EMCI,,,0.0,https://indomet.gob.do/wp-content/uploads/2026/02/temperaturas-extremas-y-precipitaciones-2026x02x15-a-1.pdf
2026-02-15,067,PERALTA,AZUA,HOSP. MPAL. DE PERALTA,EMCI,30.5,16.5,0.0,https://indomet.gob.do/wp-content/uploads/2026/02/temperaturas-extremas-y-precipitaciones-2026x02x15-a-1.pdf
2026-02-15,068,PESCADERIA (EMA),BARAHONA,MINISTERIO DE AGRICULTURA,EMAP,,,0.0,https://indomet.gob.do/wp-content/uploads/2026/02/temperaturas-extremas-y-precipitaciones-2026x02x15-a-1.pdf
2026-02-15,069,PONTÓN ABAJO (EMA),LA VEGA,MINISTERIO DE AGRICULTURA,EMAP,28.7,19.2,0.0,https://indomet.gob.do/wp-content/uploads/2026/02/temperaturas-extremas-y-precipitaciones-2026x02x15-a-1.pdf
2026-02-15,070,PRESA DE TAVERAS (EMA),LA VEGA,PROGRAMA MUNDIAL DE ALIMENTO,EMAP,27.9,17.2,0.0,https://indomet.gob.do/wp-content/uploads/2026/02/temperaturas-extremas-y-precipitaciones-2026x02x15-a-1.pdf
2026-02-15,071,RESTAURACIÓN,DAJABÓN,MINISTERIO DE AGRICULTURA,EMCI,29.8,14.2,0.0,https://indomet.gob.do/wp-content/uploads/2026/02/temperaturas-extremas-y-precipitaciones-2026x02x15-a-1.pdf
2026-02-15,072,SABANA DE LA MAR,HATO MAYOR,INDOMET,EMCI,28.6,19.2,0.0,https://indomet.gob.do/wp-content/uploads/2026/02/temperaturas-extremas-y-precipitaciones-2026x02x15-a-1.pdf
2026-02-15,073,SABANA GRANDE DE BOYÁ,MONTE PLATA,MINISTERIO DE AGRICULTURA,EMCV,,,0.0,https://indomet.gob.do/wp-content/uploads/2026/02/temperaturas-extremas-y-precipitaciones-2026x02x15-a-1.pdf
2026-02-15,074,SABANETA (EMA),SANTIAGO RODRÍGUEZ,PROGRAMA MUNDIAL DE ALIMENTO,EMAP,32.2,18.6,0.0,https://indomet.gob.do/wp-content/uploads/2026/02/temperaturas-extremas-y-precipitaciones-2026x02x15-a-1.pdf
2026-02-15,075,SAJOMA (EMA),SANTIAGO,PLAN SIERRA,EMAI,,,0.0,https://indomet.gob.do/wp-content/uploads/2026/02/temperaturas-extremas-y-precipitaciones-2026x02x15-a-1.pdf
2026-02-15,076,SALCEDO,HERMANAS MIRABAL,PROPIEDAD DEL EMPLEADO,EMCI,,,0.0,https://indomet.gob.do/wp-content/uploads/2026/02/temperaturas-extremas-y-precipitaciones-2026x02x15-a-1.pdf
2026-02-15,077,SAN CRISTÓBAL,SAN CRISTÓBAL,INSTITUTO POLITÉCNICO LOYOLA,EMCI,31.0,18.2,0.0,https://indomet.gob.do/wp-content/uploads/2026/02/temperaturas-extremas-y-precipitaciones-2026x02x15-a-1.pdf
2026-02-15,078,SAN FRANCISCO DE MACORÍS,DUARTE,San Francisco de Macorís (UASD),EMCI,27.8,19.4,0.0,https://indomet.gob.do/wp-content/uploads/2026/02/temperaturas-extremas-y-precipitaciones-2026x02x15-a-1.pdf
2026-02-15,079,SAN JOSÉ DE OCOA,SAN JOSÉ DE OCOA,HOSP. SAN JOSÉ DE OCOA,EMCI,28.6,17.5,0.0,https://indomet.gob.do/wp-content/uploads/2026/02/temperaturas-extremas-y-precipitaciones-2026x02x15-a-1.pdf
2026-02-15,080,SAN RAFAEL DEL YUMA,LA ALTAGRACIA,MINISTERIO DE AGRICULTURA,EMCI,30.9,20.0,0.0,https://indomet.gob.do/wp-content/uploads/2026/02/temperaturas-extremas-y-precipitaciones-2026x02x15-a-1.pdf
2026-02-15,081,SÁNCHEZ,SAMANÁ,MINISTERIO DE AGRICULTURA,EMCI,,,0.0,https://indomet.gob.do/wp-content/uploads/2026/02/temperaturas-extremas-y-precipitaciones-2026x02x15-a-1.pdf
2026-02-15,082,SANTIAGO RODRÍGUEZ,SANTIAGO RODRÍGUEZ,INDOMET,EMCI,32.5,19.0,0.0,https://indomet.gob.do/wp-content/uploads/2026/02/temperaturas-extremas-y-precipitaciones-2026x02x15-a-1.pdf
2026-02-15,083,SANTO DOMINGO ESTE,SANTO DOMINGO,INDOMET,EMCI,32.0,22.1,0.0,https://indomet.gob.do/wp-content/uploads/2026/02/temperaturas-extremas-y-precipitaciones-2026x02x15-a-1.pdf
2026-02-15,084,TÁBARA ABAJO,AZUA,INDRHI,EMCI,30.5,17.0,0.0,https://indomet.gob.do/wp-content/uploads/2026/02/temperaturas-extremas-y-precipitaciones-2026x02x15-a-1.pdf
2026-02-15,085,TAMBORIL,SANTIAGO,MINISTERIO DE AGRICULTURA,EMCV,,,0.0,https://indomet.gob.do/wp-content/uploads/2026/02/temperaturas-extremas-y-precipitaciones-2026x02x15-a-1.pdf
2026-02-15,086,TAVERA,SANTIAGO,INDRHI,EMCI,,,0.0,https://indomet.gob.do/wp-content/uploads/2026/02/temperaturas-extremas-y-precipitaciones-2026x02x15-a-1.pdf
2026-02-15,087,VALLE NUEVO (EMA),LA VEGA,MARENA,EMAI,18.3,2.7,0.0,https://indomet.gob.do/wp-content/uploads/2026/02/temperaturas-extremas-y-precipitaciones-2026x02x15-a-1.pdf
2026-02-15,088,VILLA ALTAGRACIA,SAN CRISTÓBAL,ESCUELA JAVIER ANGULO GURIDI,EMCI,,,0.0,https://indomet.gob.do/wp-content/uploads/2026/02/temperaturas-extremas-y-precipitaciones-2026x02x15-a-1.pdf
2026-02-15,089,VILLA GONZALE (EMA),SANTIAGO,IGLESIA,EMAI,,,0.0,https://indomet.gob.do/wp-content/uploads/2026/02/temperaturas-extremas-y-precipitaciones-2026x02x15-a-1.pdf
2026-02-15,090,VILLA GONZALES,SANTIAGO,MINISTERIO DE AGRICULTURA,EMCI,,,0.0,https://indomet.gob.do/wp-content/uploads/2026/02/temperaturas-extremas-y-precipitaciones-2026x02x15-a-1.pdf
2026-02-15,091,VILLA ISABELA,PUERTO PLATA,MINISTERIO DE AGRICULTURA,EMCV,26.8,16.0,0.0,https://indomet.gob.do/wp-content/uploads/2026/02/temperaturas-extremas-y-precipitaciones-2026x02x15-a-1.pdf
2026-02-15,092,VILLA VASQUEZ (EMA),MONTE CRISTI,JUNTA DE REGANTES,EMAI,,,0.0,https://indomet.gob.do/wp-content/uploads/2026/02/temperaturas-extremas-y-precipitaciones-2026x02x15-a-1.pdf
2026-02-16,001,GURABO,SANTIAGO,MINISTERIO DE AGRICULTURA,EMCV,,,97.8,https://indomet.gob.do/wp-content/uploads/2026/02/temperaturas-extremas-y-precipitaciones-2026x02x16-b.pdf
2026-02-16,002,SANTIAGO (CENTRO),SANTIAGO,HUACALITO,EMCI,,,42.0,https://indomet.gob.do/wp-content/uploads/2026/02/temperaturas-extremas-y-precipitaciones-2026x02x16-b.pdf
2026-02-16,003,TAMBORIL,SANTIAGO,MINISTERIO DE AGRICULTURA,EMCV,,,40.6,https://indomet.gob.do/wp-content/uploads/2026/02/temperaturas-extremas-y-precipitaciones-2026x02x16-b.pdf
2026-02-16,004,PADRE LAS CASAS,AZUA,HOSP. NTRA. SRA. DEL CARMEN,EMCI,32.2,16.7,16.6,https://indomet.gob.do/wp-content/uploads/2026/02/temperaturas-extremas-y-precipitaciones-2026x02x16-b.pdf
2026-02-16,005,PRESA DE TAVERAS (EMA),LA VEGA,PROGRAMA MUNDIAL DE ALIMENTO,EMAP,32.2,22.3,13.0,https://indomet.gob.do/wp-content/uploads/2026/02/temperaturas-extremas-y-precipitaciones-2026x02x16-b.pdf
2026-02-16,006,ARPT. MARÍA MONTEZ,BARAHONA,INDOMET,EMCI,31.5,20.5,12.3,https://indomet.gob.do/wp-content/uploads/2026/02/temperaturas-extremas-y-precipitaciones-2026x02x16-b.pdf
2026-02-16,007,ELÍAS PIÑA,ELÍAS PIÑA,MINISTERIO DE AGRICULTURA,EMCV,,,12.0,https://indomet.gob.do/wp-content/uploads/2026/02/temperaturas-extremas-y-precipitaciones-2026x02x16-b.pdf
2026-02-16,008,EL CERCADO,SAN JUAN,MINISTERIO DE AGRICULTURA,EMCV,,,10.4,https://indomet.gob.do/wp-content/uploads/2026/02/temperaturas-extremas-y-precipitaciones-2026x02x16-b.pdf
2026-02-16,009,MONCIÓN (EMA),SANTIAGO RODRÍGUEZ,PROGRAMA MUNDIAL DE ALIMENTO,EMAP,30.2,18.3,6.2,https://indomet.gob.do/wp-content/uploads/2026/02/temperaturas-extremas-y-precipitaciones-2026x02x16-b.pdf
2026-02-16,010,MICHES (EMA),EL SEIBO,PRIVADA,EMAP,29.2,20.3,5.2,https://indomet.gob.do/wp-content/uploads/2026/02/temperaturas-extremas-y-precipitaciones-2026x02x16-b.pdf
2026-02-16,011,HATO MAYOR,HATO MAYOR,MINISTERIO DE AGRICULTURA,EMCV,,,5.1,https://indomet.gob.do/wp-content/uploads/2026/02/temperaturas-extremas-y-precipitaciones-2026x02x16-b.pdf
2026-02-16,012,ARPT. DEL CIBAO,SANTIAGO,INDOMET,EMCI,32.5,17.0,4.4,https://indomet.gob.do/wp-content/uploads/2026/02/temperaturas-extremas-y-precipitaciones-2026x02x16-b.pdf
2026-02-16,013,LA VEGA,LA VEGA,IATESA,EMCI,32.5,21.0,3.5,https://indomet.gob.do/wp-content/uploads/2026/02/temperaturas-extremas-y-precipitaciones-2026x02x16-b.pdf
2026-02-16,014,HONDO VALLE,ELÍAS PIÑA,MINISTERIO DE AGRICULTURA,EMCI,22.7,13.0,2.4,https://indomet.gob.do/wp-content/uploads/2026/02/temperaturas-extremas-y-precipitaciones-2026x02x16-b.pdf
2026-02-16,015,CONSTANZA,LA VEGA,MINISTERIO DE AGRICULTURA,EMCI,25.8,18.4,2.3,https://indomet.gob.do/wp-content/uploads/2026/02/temperaturas-extremas-y-precipitaciones-2026x02x16-b.pdf
2026-02-16,016,CONSTANZA (EMA),LA VEGA,PROGRAMA MUNDIAL DE ALIMENTO,EMAP,24.6,14.7,2.2,https://indomet.gob.do/wp-content/uploads/2026/02/temperaturas-extremas-y-precipitaciones-2026x02x16-b.pdf
2026-02-16,017,JARABACOA,LA VEGA,INDRHI / MARENA,EMCI,30.8,13.4,1.8,https://indomet.gob.do/wp-content/uploads/2026/02/temperaturas-extremas-y-precipitaciones-2026x02x16-b.pdf
2026-02-16,018,VILLA GONZALES,SANTIAGO,MINISTERIO DE AGRICULTURA,EMCI,,,1.3,https://indomet.gob.do/wp-content/uploads/2026/02/temperaturas-extremas-y-precipitaciones-2026x02x16-b.pdf
2026-02-16,019,JIMANÍ,INDEPENDENCIA,MINISTERIO DE AGRICULTURA,EMCI,34.6,22.2,1.2,https://indomet.gob.do/wp-content/uploads/2026/02/temperaturas-extremas-y-precipitaciones-2026x02x16-b.pdf
2026-02-16,020,ENRIQUILLO,BARAHONA,MINISTERIO DE AGRICULTURA,EMCV,32.0,20.3,0.1,https://indomet.gob.do/wp-content/uploads/2026/02/temperaturas-extremas-y-precipitaciones-2026x02x16-b.pdf
2026-02-16,021,RANCHO ARRIBA,SAN JOSÉ DE OCOA,CENTRO TECNOLÓGICO COMUNITARIO,EMCI,27.7,15.4,0.1,https://indomet.gob.do/wp-content/uploads/2026/02/temperaturas-extremas-y-precipitaciones-2026x02x16-b.pdf
2026-02-16,022,ALTAMIRA,PUERTO PLATA,HOSP. MPAL. DE ALTAMIRA,EMCI,30.6,17.4,0.0,https://indomet.gob.do/wp-content/uploads/2026/02/temperaturas-extremas-y-precipitaciones-2026x02x16-b.pdf
2026-02-16,023,ALTO BANDERA (EMA),LA VEGA,INTEC,EMAP,15.7,6.1,0.0,https://indomet.gob.do/wp-content/uploads/2026/02/temperaturas-extremas-y-precipitaciones-2026x02x16-b.pdf
2026-02-16,024,ANAMUYA (EMA),LA ALTAGRACIA,MINISTERIO DE AGRICULTURA,EMAP,31.1,20.2,0.0,https://indomet.gob.do/wp-content/uploads/2026/02/temperaturas-extremas-y-precipitaciones-2026x02x16-b.pdf
2026-02-16,025,ARPT. ARROYO BARRIL,SAMANÁ,INDOMET,EMCI,30.5,21.3,0.0,https://indomet.gob.do/wp-content/uploads/2026/02/temperaturas-extremas-y-precipitaciones-2026x02x16-b.pdf
2026-02-16,026,ARPT. DE LA ROMANA,LA ROMANA,INDOMET,EMCI,30.2,23.6,0.0,https://indomet.gob.do/wp-content/uploads/2026/02/temperaturas-extremas-y-precipitaciones-2026x02x16-b.pdf
2026-02-16,027,ARPT. DE LAS AMÉRICAS,SANTO DOMINGO,INDOMET,EMCI,30.0,19.5,0.0,https://indomet.gob.do/wp-content/uploads/2026/02/temperaturas-extremas-y-precipitaciones-2026x02x16-b.pdf
2026-02-16,028,ARPT. DE PUNTA CANA,LA ALTAGRACIA,INDOMET,EMCI,28.8,20.6,0.0,https://indomet.gob.do/wp-content/uploads/2026/02/temperaturas-extremas-y-precipitaciones-2026x02x16-b.pdf
2026-02-16,029,ARPT. EL CATEY,SAMANÁ,INDOMET,EMCI,31.5,20.0,0.0,https://indomet.gob.do/wp-content/uploads/2026/02/temperaturas-extremas-y-precipitaciones-2026x02x16-b.pdf
2026-02-16,030,ARPT. GREGORIO LUPERÓN,PUERTO PLATA,INDOMET,EMCI,30.5,18.4,0.0,https://indomet.gob.do/wp-content/uploads/2026/02/temperaturas-extremas-y-precipitaciones-2026x02x16-b.pdf
2026-02-16,031,ARPT. LA ISABELA,SANTO DOMINGO,INDOMET,EMCI,31.5,18.6,0.0,https://indomet.gob.do/wp-content/uploads/2026/02/temperaturas-extremas-y-precipitaciones-2026x02x16-b.pdf
2026-02-16,032,ARROYO LORO,SAN JUAN,IDIAF,EMCI,32.1,16.0,0.0,https://indomet.gob.do/wp-content/uploads/2026/02/temperaturas-extremas-y-precipitaciones-2026x02x16-b.pdf
2026-02-16,033,BANI (EMA),PERAVIA,MINISTERIO DE AGRICULTURA,EMAP,30.4,20.4,0.0,https://indomet.gob.do/wp-content/uploads/2026/02/temperaturas-extremas-y-precipitaciones-2026x02x16-b.pdf
2026-02-16,034,BASE AÉREA DE SAN ISIDRO,SANTO DOMINGO,FUERZA AÉREA DOMINICANA,EMCV,29.9,21.0,0.0,https://indomet.gob.do/wp-content/uploads/2026/02/temperaturas-extremas-y-precipitaciones-2026x02x16-b.pdf
2026-02-16,035,BAYAGUANA,MONTE PLATA,INDOMET,EMCI,32.5,17.8,0.0,https://indomet.gob.do/wp-content/uploads/2026/02/temperaturas-extremas-y-precipitaciones-2026x02x16-b.pdf
2026-02-16,036,BOCA DE MAO (EMA),VALVERDE,MINISTERIO DE AGRICULTURA,EMAP,34.3,19.7,0.0,https://indomet.gob.do/wp-content/uploads/2026/02/temperaturas-extremas-y-precipitaciones-2026x02x16-b.pdf
2026-02-16,037,BOHECHÍO,SAN JUAN,MINISTERIO DE AGRICULTURA,EMCV,,,0.0,https://indomet.gob.do/wp-content/uploads/2026/02/temperaturas-extremas-y-precipitaciones-2026x02x16-b.pdf
2026-02-16,038,BONAO,MONSEÑOR NOUEL,MINISTERIO DE AGRICULTURA,EMCV,,,0.0,https://indomet.gob.do/wp-content/uploads/2026/02/temperaturas-extremas-y-precipitaciones-2026x02x16-b.pdf
2026-02-16,039,CABRAL,BARAHONA,MINISTERIO DE AGRICULTURA,EMCV,32.4,21.4,0.0,https://indomet.gob.do/wp-content/uploads/2026/02/temperaturas-extremas-y-precipitaciones-2026x02x16-b.pdf
2026-02-16,040,CABRERA,MARÍA TRINIDAD SÁNCHEZ,ESCUELA ARÍSTIDES FIALLO CABRAL,EMCI,30.5,21.3,0.0,https://indomet.gob.do/wp-content/uploads/2026/02/temperaturas-extremas-y-precipitaciones-2026x02x16-b.pdf
2026-02-16,041,CENTRO DE LOS HEROES (EMA),DISTRITO NACIONAL,MINISTERIO DE ENERGIA Y MINA,EMAP,29.8,24.2,0.0,https://indomet.gob.do/wp-content/uploads/2026/02/temperaturas-extremas-y-precipitaciones-2026x02x16-b.pdf
2026-02-16,042,COTUÍ,SÁNCHEZ RAMÍREZ,HOSP. INMACULADA CONCEPCIÓN,EMCV,,,0.0,https://indomet.gob.do/wp-content/uploads/2026/02/temperaturas-extremas-y-precipitaciones-2026x02x16-b.pdf
2026-02-16,043,DAJABÓN,DAJABÓN,INSTITUTO POLITÉCNICO LOYOLA,EMCI,34.5,19.0,0.0,https://indomet.gob.do/wp-content/uploads/2026/02/temperaturas-extremas-y-precipitaciones-2026x02x16-b.pdf
2026-02-16,044,EL FACTOR (EMA),MARÍA TRINIDAD SÁNCHEZ,INTEC,EMAP,31.8,21.1,0.0,https://indomet.gob.do/wp-content/uploads/2026/02/temperaturas-extremas-y-precipitaciones-2026x02x16-b.pdf
2026-02-16,045,GASPAR HERNÁNDEZ,ESPAILLAT,PROPIEDAD DEL EMPLEADO,EMCI,,,0.0,https://indomet.gob.do/wp-content/uploads/2026/02/temperaturas-extremas-y-precipitaciones-2026x02x16-b.pdf
2026-02-16,046,JARDÍN BOTÁNICO NACIONAL,DISTRITO NACIONAL,JARDÍN BOTÁNICO NACIONAL,EMCV,31.0,17.5,0.0,https://indomet.gob.do/wp-content/uploads/2026/02/temperaturas-extremas-y-precipitaciones-2026x02x16-b.pdf
2026-02-16,047,JUMA BEJUCAL,MONSEÑOR NOUEL,IDIAF,EMCV,30.2,21.0,0.0,https://indomet.gob.do/wp-content/uploads/2026/02/temperaturas-extremas-y-precipitaciones-2026x02x16-b.pdf
2026-02-16,048,LA VICTORIA,SANTO DOMINGO,CUERPO DE BOMBEROS,EMCI,32.8,21.3,0.0,https://indomet.gob.do/wp-content/uploads/2026/02/temperaturas-extremas-y-precipitaciones-2026x02x16-b.pdf
2026-02-16,049,LAS CANAS (EMA),MONTE CRISTI,PROGRAMA MUNDIAL DE ALIMENTO,EMAP,28.5,18.6,0.0,https://indomet.gob.do/wp-content/uploads/2026/02/temperaturas-extremas-y-precipitaciones-2026x02x16-b.pdf
2026-02-16,050,LAS MATAS DE SANTA CRUZ (EMA,MONTE CRISTI,PROGRAMA MUNDIAL DE ALIMENTO,EMAP,,,0.0,https://indomet.gob.do/wp-content/uploads/2026/02/temperaturas-extremas-y-precipitaciones-2026x02x16-b.pdf
2026-02-16,051,LOS JENGIBRES,NAGUA,INDRHI,EMCI,,,0.0,https://indomet.gob.do/wp-content/uploads/2026/02/temperaturas-extremas-y-precipitaciones-2026x02x16-b.pdf
2026-02-16,052,LOS LLANOS,SAN PEDRO DE MACORÍS,MINISTERIO DE AGRICULTURA,EMCI,30.7,20.0,0.0,https://indomet.gob.do/wp-content/uploads/2026/02/temperaturas-extremas-y-precipitaciones-2026x02x16-b.pdf
2026-02-16,053,LOS TRES CHARCOS (EMA),PEDERNALES,PROPIEDAD DEL VOLUNTARIO,EMAP,,,0.0,https://indomet.gob.do/wp-content/uploads/2026/02/temperaturas-extremas-y-precipitaciones-2026x02x16-b.pdf
2026-02-16,054,MAO,VALVERDE,INDRHI / MINISTERIO DE AGRICULTURA,EMCV,,,0.0,https://indomet.gob.do/wp-content/uploads/2026/02/temperaturas-extremas-y-precipitaciones-2026x02x16-b.pdf
2026-02-16,055,MONTE CRISTI,MONTE CRISTI,INDOMET,EMCI,32.6,20.0,0.0,https://indomet.gob.do/wp-content/uploads/2026/02/temperaturas-extremas-y-precipitaciones-2026x02x16-b.pdf
2026-02-16,056,NAVARRETE,SANTIAGO,MINISTERIO DE AGRICULTURA,EMCV,,,0.0,https://indomet.gob.do/wp-content/uploads/2026/02/temperaturas-extremas-y-precipitaciones-2026x02x16-b.pdf
2026-02-16,057,OLIVARES,PEDERNALES,INDRHI,EMCI,,,0.0,https://indomet.gob.do/wp-content/uploads/2026/02/temperaturas-extremas-y-precipitaciones-2026x02x16-b.pdf
2026-02-16,058,OVIEDO,PEDERNALES,CLÍNICA RURAL OVIEDO,EMCI,32.0,19.0,0.0,https://indomet.gob.do/wp-content/uploads/2026/02/temperaturas-extremas-y-precipitaciones-2026x02x16-b.pdf
2026-02-16,059,PALO ÍNDIO,PUERTO PLATA,MINISTERIO DE AGRICULTURA,EMCI,,,0.0,https://indomet.gob.do/wp-content/uploads/2026/02/temperaturas-extremas-y-precipitaciones-2026x02x16-b.pdf
2026-02-16,060,PARQUE MIRADOR SUR,DISTRITO NACIONAL,AYUNTAMIENTO,EMCV,31.5,21.2,0.0,https://indomet.gob.do/wp-content/uploads/2026/02/temperaturas-extremas-y-precipitaciones-2026x02x16-b.pdf
2026-02-16,061,PASO AL MEDIO,SAN PEDRO DE MACORÍS,INDRHI,EMCI,,,0.0,https://indomet.gob.do/wp-content/uploads/2026/02/temperaturas-extremas-y-precipitaciones-2026x02x16-b.pdf
2026-02-16,062,PEDERNALES,PEDERNALES,INDRHI,EMCI,,,0.0,https://indomet.gob.do/wp-content/uploads/2026/02/temperaturas-extremas-y-precipitaciones-2026x02x16-b.pdf
2026-02-16,063,PERALTA,AZUA,HOSP. MPAL. DE PERALTA,EMCI,31.4,16.0,0.0,https://indomet.gob.do/wp-content/uploads/2026/02/temperaturas-extremas-y-precipitaciones-2026x02x16-b.pdf
2026-02-16,064,POLO,BARAHONA,INDOCAFE,EMCI,,14.0,0.0,https://indomet.gob.do/wp-content/uploads/2026/02/temperaturas-extremas-y-precipitaciones-2026x02x16-b.pdf
2026-02-16,065,PONTÓN ABAJO (EMA),LA VEGA,MINISTERIO DE AGRICULTURA,EMAP,33.2,22.3,0.0,https://indomet.gob.do/wp-content/uploads/2026/02/temperaturas-extremas-y-precipitaciones-2026x02x16-b.pdf
2026-02-16,066,RESTAURACIÓN,DAJABÓN,MINISTERIO DE AGRICULTURA,EMCI,29.5,13.9,0.0,https://indomet.gob.do/wp-content/uploads/2026/02/temperaturas-extremas-y-precipitaciones-2026x02x16-b.pdf
2026-02-16,067,RÍO SAN JUAN,MARÍA TRINIDAD SÁNCHEZ,HOSP. MPAL. DR. DESIDERIO ACOSTA,EMCV,32.4,20.9,0.0,https://indomet.gob.do/wp-content/uploads/2026/02/temperaturas-extremas-y-precipitaciones-2026x02x16-b.pdf
2026-02-16,068,SABANA DE LA MAR,HATO MAYOR,INDOMET,EMCI,30.2,20.4,0.0,https://indomet.gob.do/wp-content/uploads/2026/02/temperaturas-extremas-y-precipitaciones-2026x02x16-b.pdf
2026-02-16,069,SABANA GRANDE DE BOYÁ,MONTE PLATA,MINISTERIO DE AGRICULTURA,EMCV,,,0.0,https://indomet.gob.do/wp-content/uploads/2026/02/temperaturas-extremas-y-precipitaciones-2026x02x16-b.pdf
2026-02-16,070,SABANETA (EMA),SANTIAGO RODRÍGUEZ,PROGRAMA MUNDIAL DE ALIMENTO,EMAP,34.9,19.1,0.0,https://indomet.gob.do/wp-content/uploads/2026/02/temperaturas-extremas-y-precipitaciones-2026x02x16-b.pdf
2026-02-16,071,SALCEDO,HERMANAS MIRABAL,PROPIEDAD DEL EMPLEADO,EMCI,,,0.0,https://indomet.gob.do/wp-content/uploads/2026/02/temperaturas-extremas-y-precipitaciones-2026x02x16-b.pdf
2026-02-16,072,SAMANÁ,SAMANÁ,COMANDANCIA DE PUERTO DE SAMANÁ,EMCI,30.6,17.2,0.0,https://indomet.gob.do/wp-content/uploads/2026/02/temperaturas-extremas-y-precipitaciones-2026x02x16-b.pdf
2026-02-16,073,SAN CRISTÓBAL,SAN CRISTÓBAL,INSTITUTO POLITÉCNICO LOYOLA,EMCI,30.2,19.2,0.0,https://indomet.gob.do/wp-content/uploads/2026/02/temperaturas-extremas-y-precipitaciones-2026x02x16-b.pdf
2026-02-16,074,SAN FRANCISCO DE MACORÍS,DUARTE,San Francisco de Macorís (UASD),EMCI,28.6,21.1,0.0,https://indomet.gob.do/wp-content/uploads/2026/02/temperaturas-extremas-y-precipitaciones-2026x02x16-b.pdf
2026-02-16,075,SAN JOSÉ DE OCOA,SAN JOSÉ DE OCOA,HOSP. SAN JOSÉ DE OCOA,EMCI,30.8,16.6,0.0,https://indomet.gob.do/wp-content/uploads/2026/02/temperaturas-extremas-y-precipitaciones-2026x02x16-b.pdf
2026-02-16,076,SAN RAFAEL DEL YUMA,LA ALTAGRACIA,MINISTERIO DE AGRICULTURA,EMCI,31.4,19.5,0.0,https://indomet.gob.do/wp-content/uploads/2026/02/temperaturas-extremas-y-precipitaciones-2026x02x16-b.pdf
2026-02-16,077,SÁNCHEZ,SAMANÁ,MINISTERIO DE AGRICULTURA,EMCI,29.5,21.4,0.0,https://indomet.gob.do/wp-content/uploads/2026/02/temperaturas-extremas-y-precipitaciones-2026x02x16-b.pdf
2026-02-16,078,SAJOMA (EMA),SANTIAGO,PLAN SIERRA,EMAI,,,0.0,https://indomet.gob.do/wp-content/uploads/2026/02/temperaturas-extremas-y-precipitaciones-2026x02x16-b.pdf
2026-02-16,079,JARDÍN BOTÁNICO SANTIAGO (EMSANTIAGO,,JARDIN BOTANICO SANTIAGO,EMAI,29.9,18.6,0.0,https://indomet.gob.do/wp-content/uploads/2026/02/temperaturas-extremas-y-precipitaciones-2026x02x16-b.pdf
2026-02-16,080,VILLA VASQUEZ (EMA),MONTE CRISTI,JUNTA DE REGANTES,EMAI,,,0.0,https://indomet.gob.do/wp-content/uploads/2026/02/temperaturas-extremas-y-precipitaciones-2026x02x16-b.pdf
2026-02-16,081,SANTIAGO RODRÍGUEZ,SANTIAGO RODRÍGUEZ,INDOMET,EMCI,34.5,19.8,0.0,https://indomet.gob.do/wp-content/uploads/2026/02/temperaturas-extremas-y-precipitaciones-2026x02x16-b.pdf
2026-02-16,082,SANTO DOMINGO ESTE,SANTO DOMINGO,INDOMET,EMCI,30.5,22.0,0.0,https://indomet.gob.do/wp-content/uploads/2026/02/temperaturas-extremas-y-precipitaciones-2026x02x16-b.pdf
2026-02-16,083,TÁBARA ABAJO,AZUA,INDRHI,EMCI,31.5,19.0,0.0,https://indomet.gob.do/wp-content/uploads/2026/02/temperaturas-extremas-y-precipitaciones-2026x02x16-b.pdf
2026-02-16,084,TAVERA,SANTIAGO,INDRHI,EMCI,,,0.0,https://indomet.gob.do/wp-content/uploads/2026/02/temperaturas-extremas-y-precipitaciones-2026x02x16-b.pdf
2026-02-16,085,VALLE NUEVO (EMA),LA VEGA,MARENA,EMAI,18.7,4.3,0.0,https://indomet.gob.do/wp-content/uploads/2026/02/temperaturas-extremas-y-precipitaciones-2026x02x16-b.pdf
2026-02-16,086,VILLA ALTAGRACIA,SAN CRISTÓBAL,ESCUELA JAVIER ANGULO GURIDI,EMCI,,,0.0,https://indomet.gob.do/wp-content/uploads/2026/02/temperaturas-extremas-y-precipitaciones-2026x02x16-b.pdf
2026-02-16,087,VILLA ISABELA,PUERTO PLATA,MINISTERIO DE AGRICULTURA,EMCV,28.8,16.0,0.0,https://indomet.gob.do/wp-content/uploads/2026/02/temperaturas-extremas-y-precipitaciones-2026x02x16-b.pdf
2026-02-16,088,VILLA RIVA,DUARTE,HOSP. MPAL. ALICIA DE LEGENDRE,EMCI,30.1,20.6,0.0,https://indomet.gob.do/wp-content/uploads/2026/02/temperaturas-extremas-y-precipitaciones-2026x02x16-b.pdf
2026-02-17,001,JIMANÍ,INDEPENDENCIA,MINISTERIO DE AGRICULTURA,EMCI,34.0,22.8,37.8,https://indomet.gob.do/wp-content/uploads/2026/02/temperaturas-extremas-y-precipitaciones-2026x02x17-a.pdf
2026-02-17,002,BONAO,MONSEÑOR NOUEL,MINISTERIO DE AGRICULTURA,EMCV,,,25.1,https://indomet.gob.do/wp-content/uploads/2026/02/temperaturas-extremas-y-precipitaciones-2026x02x17-a.pdf
2026-02-17,003,ARPT. LA ISABELA,SANTO DOMINGO,INDOMET,EMCI,32.4,20.7,21.0,https://indomet.gob.do/wp-content/uploads/2026/02/temperaturas-extremas-y-precipitaciones-2026x02x17-a.pdf
2026-02-17,004,LOS LLANOS,SAN PEDRO DE MACORÍS,MINISTERIO DE AGRICULTURA,EMCI,33.5,21.0,17.6,https://indomet.gob.do/wp-content/uploads/2026/02/temperaturas-extremas-y-precipitaciones-2026x02x17-a.pdf
2026-02-17,005,PASO AL MEDIO,SAN PEDRO DE MACORÍS,INDRHI,EMCI,,,12.4,https://indomet.gob.do/wp-content/uploads/2026/02/temperaturas-extremas-y-precipitaciones-2026x02x17-a.pdf
2026-02-17,006,SAN CRISTÓBAL,SAN CRISTÓBAL,INSTITUTO POLITÉCNICO LOYOLA,EMCI,31.0,20.2,11.0,https://indomet.gob.do/wp-content/uploads/2026/02/temperaturas-extremas-y-precipitaciones-2026x02x17-a.pdf
2026-02-17,007,ESCONDIDO,PERAVIA,MINISTERIO DE AGRICULTURA,EMCV,30.0,20.0,9.9,https://indomet.gob.do/wp-content/uploads/2026/02/temperaturas-extremas-y-precipitaciones-2026x02x17-a.pdf
2026-02-17,008,BANI (EMA),PERAVIA,MINISTERIO DE AGRICULTURA,EMAP,30.4,22.1,9.8,https://indomet.gob.do/wp-content/uploads/2026/02/temperaturas-extremas-y-precipitaciones-2026x02x17-a.pdf
2026-02-17,009,JUMA BEJUCAL,MONSEÑOR NOUEL,IDIAF,EMCV,32.0,19.8,6.4,https://indomet.gob.do/wp-content/uploads/2026/02/temperaturas-extremas-y-precipitaciones-2026x02x17-a.pdf
2026-02-17,010,MICHES (EMA),EL SEIBO,PRIVADA,EMAP,32.9,21.1,5.4,https://indomet.gob.do/wp-content/uploads/2026/02/temperaturas-extremas-y-precipitaciones-2026x02x17-a.pdf
2026-02-17,011,SAN RAFAEL DEL YUMA,LA ALTAGRACIA,MINISTERIO DE AGRICULTURA,EMCI,30.6,20.7,5.3,https://indomet.gob.do/wp-content/uploads/2026/02/temperaturas-extremas-y-precipitaciones-2026x02x17-a.pdf
2026-02-17,012,SABANA GRANDE DE BOYÁ,MONTE PLATA,MINISTERIO DE AGRICULTURA,EMCV,,,4.8,https://indomet.gob.do/wp-content/uploads/2026/02/temperaturas-extremas-y-precipitaciones-2026x02x17-a.pdf
2026-02-17,013,MONCIÓN (EMA),SANTIAGO RODRÍGUEZ,PROGRAMA MUNDIAL DE ALIMENTO,EMAP,30.3,16.6,4.4,https://indomet.gob.do/wp-content/uploads/2026/02/temperaturas-extremas-y-precipitaciones-2026x02x17-a.pdf
2026-02-17,014,ARPT. DE LAS AMÉRICAS,SANTO DOMINGO,INDOMET,EMCI,30.9,23.6,4.3,https://indomet.gob.do/wp-content/uploads/2026/02/temperaturas-extremas-y-precipitaciones-2026x02x17-a.pdf
2026-02-17,015,SANTO DOMINGO ESTE,SANTO DOMINGO,INDOMET,EMCI,30.6,23.6,4.3,https://indomet.gob.do/wp-content/uploads/2026/02/temperaturas-extremas-y-precipitaciones-2026x02x17-a.pdf
2026-02-17,016,JARABACOA,LA VEGA,INDRHI / MARENA,EMCI,31.2,13.6,4.2,https://indomet.gob.do/wp-content/uploads/2026/02/temperaturas-extremas-y-precipitaciones-2026x02x17-a.pdf
2026-02-17,017,SÁNCHEZ,SAMANÁ,MINISTERIO DE AGRICULTURA,EMCI,30.5,20.3,3.6,https://indomet.gob.do/wp-content/uploads/2026/02/temperaturas-extremas-y-precipitaciones-2026x02x17-a.pdf
2026-02-17,018,ARPT. DE LA ROMANA,LA ROMANA,INDOMET,EMCI,31.8,19.1,2.4,https://indomet.gob.do/wp-content/uploads/2026/02/temperaturas-extremas-y-precipitaciones-2026x02x17-a.pdf
2026-02-17,019,SAMANÁ,SAMANÁ,COMANDANCIA DE PUERTO DE SAMANÁ,EMCI,30.2,17.4,1.6,https://indomet.gob.do/wp-content/uploads/2026/02/temperaturas-extremas-y-precipitaciones-2026x02x17-a.pdf
2026-02-17,020,SAN FRANCISCO DE MACORÍS,DUARTE,San Francisco de Macorís (UASD),EMCI,31.7,21.1,1.6,https://indomet.gob.do/wp-content/uploads/2026/02/temperaturas-extremas-y-precipitaciones-2026x02x17-a.pdf
2026-02-17,021,ANAMUYA (EMA),LA ALTAGRACIA,MINISTERIO DE AGRICULTURA,EMAP,31.1,22.1,1.4,https://indomet.gob.do/wp-content/uploads/2026/02/temperaturas-extremas-y-precipitaciones-2026x02x17-a.pdf
2026-02-17,022,CABRAL,BARAHONA,MINISTERIO DE AGRICULTURA,EMCV,32.9,11.4,0.7,https://indomet.gob.do/wp-content/uploads/2026/02/temperaturas-extremas-y-precipitaciones-2026x02x17-a.pdf
2026-02-17,023,PERALTA,AZUA,HOSP. MPAL. DE PERALTA,EMCI,30.2,17.5,0.6,https://indomet.gob.do/wp-content/uploads/2026/02/temperaturas-extremas-y-precipitaciones-2026x02x17-a.pdf
2026-02-17,024,HATO MAYOR,HATO MAYOR,MINISTERIO DE AGRICULTURA,EMCV,,,0.5,https://indomet.gob.do/wp-content/uploads/2026/02/temperaturas-extremas-y-precipitaciones-2026x02x17-a.pdf
2026-02-17,025,TAMBORIL,SANTIAGO,MINISTERIO DE AGRICULTURA,EMCV,,,0.5,https://indomet.gob.do/wp-content/uploads/2026/02/temperaturas-extremas-y-precipitaciones-2026x02x17-a.pdf
2026-02-17,026,LA VEGA,LA VEGA,IATESA,EMCI,34.0,20.0,0.3,https://indomet.gob.do/wp-content/uploads/2026/02/temperaturas-extremas-y-precipitaciones-2026x02x17-a.pdf
2026-02-17,027,ENRIQUILLO,BARAHONA,MINISTERIO DE AGRICULTURA,EMCV,32.6,18.0,0.3,https://indomet.gob.do/wp-content/uploads/2026/02/temperaturas-extremas-y-precipitaciones-2026x02x17-a.pdf
2026-02-17,028,CONSTANZA (EMA),LA VEGA,PROGRAMA MUNDIAL DE ALIMENTO,EMAP,24.2,10.3,0.2,https://indomet.gob.do/wp-content/uploads/2026/02/temperaturas-extremas-y-precipitaciones-2026x02x17-a.pdf
2026-02-17,029,ARPT. GREGORIO LUPERÓN,PUERTO PLATA,INDOMET,EMCI,29.2,20.0,0.1,https://indomet.gob.do/wp-content/uploads/2026/02/temperaturas-extremas-y-precipitaciones-2026x02x17-a.pdf
2026-02-17,030,ARROYO LORO,SAN JUAN,IDIAF,EMCI,32.7,17.4,0.1,https://indomet.gob.do/wp-content/uploads/2026/02/temperaturas-extremas-y-precipitaciones-2026x02x17-a.pdf
2026-02-17,031,BAYAGUANA,MONTE PLATA,INDOMET,EMCI,33.5,20.0,0.1,https://indomet.gob.do/wp-content/uploads/2026/02/temperaturas-extremas-y-precipitaciones-2026x02x17-a.pdf
2026-02-17,032,CONSTANZA,LA VEGA,MINISTERIO DE AGRICULTURA,EMCI,24.8,9.0,0.1,https://indomet.gob.do/wp-content/uploads/2026/02/temperaturas-extremas-y-precipitaciones-2026x02x17-a.pdf
2026-02-17,033,OVIEDO,PEDERNALES,CLÍNICA RURAL OVIEDO,EMCI,31.5,18.0,0.1,https://indomet.gob.do/wp-content/uploads/2026/02/temperaturas-extremas-y-precipitaciones-2026x02x17-a.pdf
2026-02-17,034,ALTAMIRA,PUERTO PLATA,HOSP. MPAL. DE ALTAMIRA,EMCI,31.1,17.5,0.0,https://indomet.gob.do/wp-content/uploads/2026/02/temperaturas-extremas-y-precipitaciones-2026x02x17-a.pdf
2026-02-17,035,ALTO BANDERA (EMA),LA VEGA,INTEC,EMAP,12.6,4.8,0.0,https://indomet.gob.do/wp-content/uploads/2026/02/temperaturas-extremas-y-precipitaciones-2026x02x17-a.pdf
2026-02-17,036,ARPT. ARROYO BARRIL,SAMANÁ,INDOMET,EMCI,30.6,21.6,0.0,https://indomet.gob.do/wp-content/uploads/2026/02/temperaturas-extremas-y-precipitaciones-2026x02x17-a.pdf
2026-02-17,037,ARPT. DE PUNTA CANA,LA ALTAGRACIA,INDOMET,EMCI,30.0,20.5,0.0,https://indomet.gob.do/wp-content/uploads/2026/02/temperaturas-extremas-y-precipitaciones-2026x02x17-a.pdf
2026-02-17,038,ARPT. DEL CIBAO,SANTIAGO,INDOMET,EMCI,32.0,20.8,0.0,https://indomet.gob.do/wp-content/uploads/2026/02/temperaturas-extremas-y-precipitaciones-2026x02x17-a.pdf
2026-02-17,039,ARPT. EL CATEY,SAMANÁ,INDOMET,EMCI,30.2,20.0,0.0,https://indomet.gob.do/wp-content/uploads/2026/02/temperaturas-extremas-y-precipitaciones-2026x02x17-a.pdf
2026-02-17,040,ARPT. MARÍA MONTEZ,BARAHONA,INDOMET,EMCI,31.0,20.8,0.0,https://indomet.gob.do/wp-content/uploads/2026/02/temperaturas-extremas-y-precipitaciones-2026x02x17-a.pdf
2026-02-17,041,BASE AÉREA DE SAN ISIDRO,SANTO DOMINGO,FUERZA AÉREA DOMINICANA,EMCV,31.0,21.4,0.0,https://indomet.gob.do/wp-content/uploads/2026/02/temperaturas-extremas-y-precipitaciones-2026x02x17-a.pdf
2026-02-17,042,BOCA DE MAO (EMA),VALVERDE,MINISTERIO DE AGRICULTURA,EMAP,33.9,18.2,0.0,https://indomet.gob.do/wp-content/uploads/2026/02/temperaturas-extremas-y-precipitaciones-2026x02x17-a.pdf
2026-02-17,043,BOHECHÍO,SAN JUAN,MINISTERIO DE AGRICULTURA,EMCV,,,0.0,https://indomet.gob.do/wp-content/uploads/2026/02/temperaturas-extremas-y-precipitaciones-2026x02x17-a.pdf
2026-02-17,044,BUCARA (EMA),SANTIAGO,MINISTERIO DE AGRICULTURA,EMAI,,,0.0,https://indomet.gob.do/wp-content/uploads/2026/02/temperaturas-extremas-y-precipitaciones-2026x02x17-a.pdf
2026-02-17,045,CABRERA,MARÍA TRINIDAD SÁNCHEZ,ESCUELA ARÍSTIDES FIALLO CABRAL,EMCI,31.4,21.8,0.0,https://indomet.gob.do/wp-content/uploads/2026/02/temperaturas-extremas-y-precipitaciones-2026x02x17-a.pdf
2026-02-17,046,DAJABÓN,DAJABÓN,INSTITUTO POLITÉCNICO LOYOLA,EMCI,34.7,19.4,0.0,https://indomet.gob.do/wp-content/uploads/2026/02/temperaturas-extremas-y-precipitaciones-2026x02x17-a.pdf
2026-02-17,047,EL FACTOR (EMA),MARÍA TRINIDAD SÁNCHEZ,INTEC,EMAP,32.8,20.2,0.0,https://indomet.gob.do/wp-content/uploads/2026/02/temperaturas-extremas-y-precipitaciones-2026x02x17-a.pdf
2026-02-17,048,ELÍAS PIÑA,ELÍAS PIÑA,MINISTERIO DE AGRICULTURA,EMCV,,,0.0,https://indomet.gob.do/wp-content/uploads/2026/02/temperaturas-extremas-y-precipitaciones-2026x02x17-a.pdf
2026-02-17,049,GASPAR HERNÁNDEZ,ESPAILLAT,PROPIEDAD DEL EMPLEADO,EMCI,,,0.0,https://indomet.gob.do/wp-content/uploads/2026/02/temperaturas-extremas-y-precipitaciones-2026x02x17-a.pdf
2026-02-17,050,GURABO,SANTIAGO,MINISTERIO DE AGRICULTURA,EMCV,,,0.0,https://indomet.gob.do/wp-content/uploads/2026/02/temperaturas-extremas-y-precipitaciones-2026x02x17-a.pdf
2026-02-17,051,HONDO VALLE,ELÍAS PIÑA,MINISTERIO DE AGRICULTURA,EMCI,22.3,13.1,0.0,https://indomet.gob.do/wp-content/uploads/2026/02/temperaturas-extremas-y-precipitaciones-2026x02x17-a.pdf
2026-02-17,052,JARDÍN BOTÁNICO SANTIAGO (EMSANTIAGO,,JARDIN BOTANICO SANTIAGO,EMAI,,,0.0,https://indomet.gob.do/wp-content/uploads/2026/02/temperaturas-extremas-y-precipitaciones-2026x02x17-a.pdf
2026-02-17,053,LA VICTORIA,SANTO DOMINGO,CUERPO DE BOMBEROS,EMCI,33.0,2.2,0.0,https://indomet.gob.do/wp-content/uploads/2026/02/temperaturas-extremas-y-precipitaciones-2026x02x17-a.pdf
2026-02-17,054,LAS CANAS (EMA),MONTE CRISTI,PROGRAMA MUNDIAL DE ALIMENTO,EMAP,26.8,18.3,0.0,https://indomet.gob.do/wp-content/uploads/2026/02/temperaturas-extremas-y-precipitaciones-2026x02x17-a.pdf
2026-02-17,055,LAS MATAS DE SANTA CRUZ (EMA,MONTE CRISTI,PROGRAMA MUNDIAL DE ALIMENTO,EMAP,,,0.0,https://indomet.gob.do/wp-content/uploads/2026/02/temperaturas-extremas-y-precipitaciones-2026x02x17-a.pdf
2026-02-17,056,LOS JENGIBRES,NAGUA,INDRHI,EMCI,,,0.0,https://indomet.gob.do/wp-content/uploads/2026/02/temperaturas-extremas-y-precipitaciones-2026x02x17-a.pdf
2026-02-17,057,LOS TRES CHARCOS (EMA),PEDERNALES,PROPIEDAD DEL VOLUNTARIO,EMAP,,,0.0,https://indomet.gob.do/wp-content/uploads/2026/02/temperaturas-extremas-y-precipitaciones-2026x02x17-a.pdf
2026-02-17,058,MAO,VALVERDE,INDRHI / MINISTERIO DE AGRICULTURA,EMCV,,,0.0,https://indomet.gob.do/wp-content/uploads/2026/02/temperaturas-extremas-y-precipitaciones-2026x02x17-a.pdf
2026-02-17,059,MONTE CRISTI,MONTE CRISTI,INDOMET,EMCI,31.0,21.4,0.0,https://indomet.gob.do/wp-content/uploads/2026/02/temperaturas-extremas-y-precipitaciones-2026x02x17-a.pdf
2026-02-17,060,NAVARRETE,SANTIAGO,MINISTERIO DE AGRICULTURA,EMCV,,,0.0,https://indomet.gob.do/wp-content/uploads/2026/02/temperaturas-extremas-y-precipitaciones-2026x02x17-a.pdf
2026-02-17,061,OLIVARES,PEDERNALES,INDRHI,EMCI,,,0.0,https://indomet.gob.do/wp-content/uploads/2026/02/temperaturas-extremas-y-precipitaciones-2026x02x17-a.pdf
2026-02-17,062,PADRE LAS CASAS,AZUA,HOSP. NTRA. SRA. DEL CARMEN,EMCI,30.6,17.5,0.0,https://indomet.gob.do/wp-content/uploads/2026/02/temperaturas-extremas-y-precipitaciones-2026x02x17-a.pdf
2026-02-17,063,PALO ÍNDIO,PUERTO PLATA,MINISTERIO DE AGRICULTURA,EMCI,,,0.0,https://indomet.gob.do/wp-content/uploads/2026/02/temperaturas-extremas-y-precipitaciones-2026x02x17-a.pdf
2026-02-17,064,PEDERNALES,PEDERNALES,INDRHI,EMCI,,,0.0,https://indomet.gob.do/wp-content/uploads/2026/02/temperaturas-extremas-y-precipitaciones-2026x02x17-a.pdf
2026-02-17,065,PESCADERIA (EMA),BARAHONA,MINISTERIO DE AGRICULTURA,EMAP,,,0.0,https://indomet.gob.do/wp-content/uploads/2026/02/temperaturas-extremas-y-precipitaciones-2026x02x17-a.pdf
2026-02-17,066,POLO,BARAHONA,INDOCAFE,EMCI,,13.0,0.0,https://indomet.gob.do/wp-content/uploads/2026/02/temperaturas-extremas-y-precipitaciones-2026x02x17-a.pdf
2026-02-17,067,PONTÓN ABAJO (EMA),LA VEGA,MINISTERIO DE AGRICULTURA,EMAP,34.2,20.8,0.0,https://indomet.gob.do/wp-content/uploads/2026/02/temperaturas-extremas-y-precipitaciones-2026x02x17-a.pdf
2026-02-17,068,PRESA DE TAVERAS (EMA),LA VEGA,PROGRAMA MUNDIAL DE ALIMENTO,EMAP,32.2,18.2,0.0,https://indomet.gob.do/wp-content/uploads/2026/02/temperaturas-extremas-y-precipitaciones-2026x02x17-a.pdf
2026-02-17,069,RANCHO ARRIBA,SAN JOSÉ DE OCOA,CENTRO TECNOLÓGICO COMUNITARIO,EMCI,28.7,16.0,0.0,https://indomet.gob.do/wp-content/uploads/2026/02/temperaturas-extremas-y-precipitaciones-2026x02x17-a.pdf
2026-02-17,070,RESTAURACIÓN,DAJABÓN,MINISTERIO DE AGRICULTURA,EMCI,28.6,13.4,0.0,https://indomet.gob.do/wp-content/uploads/2026/02/temperaturas-extremas-y-precipitaciones-2026x02x17-a.pdf
2026-02-17,071,RÍO SAN JUAN,MARÍA TRINIDAD SÁNCHEZ,HOSP. MPAL. DR. DESIDERIO ACOSTA,EMCV,30.3,19.4,0.0,https://indomet.gob.do/wp-content/uploads/2026/02/temperaturas-extremas-y-precipitaciones-2026x02x17-a.pdf
2026-02-17,072,SABANA DE LA MAR,HATO MAYOR,INDOMET,EMCI,32.4,20.6,0.0,https://indomet.gob.do/wp-content/uploads/2026/02/temperaturas-extremas-y-precipitaciones-2026x02x17-a.pdf
2026-02-17,073,SABANETA (EMA),SANTIAGO RODRÍGUEZ,PROGRAMA MUNDIAL DE ALIMENTO,EMAP,30.3,16.6,0.0,https://indomet.gob.do/wp-content/uploads/2026/02/temperaturas-extremas-y-precipitaciones-2026x02x17-a.pdf
2026-02-17,074,SALCEDO,HERMANAS MIRABAL,PROPIEDAD DEL EMPLEADO,EMCI,,,0.0,https://indomet.gob.do/wp-content/uploads/2026/02/temperaturas-extremas-y-precipitaciones-2026x02x17-a.pdf
2026-02-17,075,SAN JOSÉ DE OCOA,SAN JOSÉ DE OCOA,HOSP. SAN JOSÉ DE OCOA,EMCI,29.6,19.0,0.0,https://indomet.gob.do/wp-content/uploads/2026/02/temperaturas-extremas-y-precipitaciones-2026x02x17-a.pdf
2026-02-17,076,SANTIAGO RODRÍGUEZ,SANTIAGO RODRÍGUEZ,INDOMET,EMCI,35.0,18.5,0.0,https://indomet.gob.do/wp-content/uploads/2026/02/temperaturas-extremas-y-precipitaciones-2026x02x17-a.pdf
2026-02-17,077,TÁBARA ABAJO,AZUA,INDRHI,EMCI,31.8,17.3,0.0,https://indomet.gob.do/wp-content/uploads/2026/02/temperaturas-extremas-y-precipitaciones-2026x02x17-a.pdf
2026-02-17,078,TAVERA,SANTIAGO,INDRHI,EMCI,,,0.0,https://indomet.gob.do/wp-content/uploads/2026/02/temperaturas-extremas-y-precipitaciones-2026x02x17-a.pdf
2026-02-17,079,VALLE NUEVO (EMA),LA VEGA,MARENA,EMAI,15.7,2.7,0.0,https://indomet.gob.do/wp-content/uploads/2026/02/temperaturas-extremas-y-precipitaciones-2026x02x17-a.pdf
2026-02-17,080,VILLA GONZALES,SANTIAGO,MINISTERIO DE AGRICULTURA,EMCI,,,0.0,https://indomet.gob.do/wp-content/uploads/2026/02/temperaturas-extremas-y-precipitaciones-2026x02x17-a.pdf
2026-02-17,081,VILLA ISABELA,PUERTO PLATA,MINISTERIO DE AGRICULTURA,EMCV,29.2,18.0,0.0,https://indomet.gob.do/wp-content/uploads/2026/02/temperaturas-extremas-y-precipitaciones-2026x02x17-a.pdf
2026-02-17,082,VILLA RIVA,DUARTE,HOSP. MPAL. ALICIA DE LEGENDRE,EMCI,31.6,19.5,0.0,https://indomet.gob.do/wp-content/uploads/2026/02/temperaturas-extremas-y-precipitaciones-2026x02x17-a.pdf
2026-02-17,083,VILLA VASQUEZ (EMA),MONTE CRISTI,JUNTA DE REGANTES,EMAI,,,0.0,https://indomet.gob.do/wp-content/uploads/2026/02/temperaturas-extremas-y-precipitaciones-2026x02x17-a.pdf
2026-02-18,001,JIMANÍ,INDEPENDENCIA,MINISTERIO DE AGRICULTURA,EMCI,34.5,21.5,16.5,https://indomet.gob.do/wp-content/uploads/2026/02/temperaturas-extremas-y-precipitaciones-2026x02x18-b.pdf
2026-02-18,002,POLO,BARAHONA,INDOCAFE,EMCI,,16.5,10.0,https://indomet.gob.do/wp-content/uploads/2026/02/temperaturas-extremas-y-precipitaciones-2026x02x18-b.pdf
2026-02-18,003,JUAN DOLIO (EMA),SAN PEDRO DE MACORÍS,PRIVADA,EMAP,,,9.4,https://indomet.gob.do/wp-content/uploads/2026/02/temperaturas-extremas-y-precipitaciones-2026x02x18-b.pdf
2026-02-18,004,ENRIQUILLO,BARAHONA,MINISTERIO DE AGRICULTURA,EMCV,31.5,20.5,7.6,https://indomet.gob.do/wp-content/uploads/2026/02/temperaturas-extremas-y-precipitaciones-2026x02x18-b.pdf
2026-02-18,005,MICHES (EMA),EL SEIBO,PRIVADA,EMAP,28.2,20.9,5.2,https://indomet.gob.do/wp-content/uploads/2026/02/temperaturas-extremas-y-precipitaciones-2026x02x18-b.pdf
2026-02-18,006,OLIVARES,PEDERNALES,INDRHI,EMCI,,,5.2,https://indomet.gob.do/wp-content/uploads/2026/02/temperaturas-extremas-y-precipitaciones-2026x02x18-b.pdf
2026-02-18,007,ARPT. MARÍA MONTEZ,BARAHONA,INDOMET,EMCI,32.2,21.0,3.8,https://indomet.gob.do/wp-content/uploads/2026/02/temperaturas-extremas-y-precipitaciones-2026x02x18-b.pdf
2026-02-18,008,PEDERNALES,PEDERNALES,INDRHI,EMCI,,,2.7,https://indomet.gob.do/wp-content/uploads/2026/02/temperaturas-extremas-y-precipitaciones-2026x02x18-b.pdf
2026-02-18,009,OVIEDO,PEDERNALES,CLÍNICA RURAL OVIEDO,EMCI,31.0,20.0,2.0,https://indomet.gob.do/wp-content/uploads/2026/02/temperaturas-extremas-y-precipitaciones-2026x02x18-b.pdf
2026-02-18,010,SÁNCHEZ,SAMANÁ,MINISTERIO DE AGRICULTURA,EMCI,28.4,19.0,1.8,https://indomet.gob.do/wp-content/uploads/2026/02/temperaturas-extremas-y-precipitaciones-2026x02x18-b.pdf
2026-02-18,011,ARPT. LA ISABELA,SANTO DOMINGO,INDOMET,EMCI,31.6,20.0,1.3,https://indomet.gob.do/wp-content/uploads/2026/02/temperaturas-extremas-y-precipitaciones-2026x02x18-b.pdf
2026-02-18,012,BANI (EMA),PERAVIA,MINISTERIO DE AGRICULTURA,EMAP,31.4,22.8,1.2,https://indomet.gob.do/wp-content/uploads/2026/02/temperaturas-extremas-y-precipitaciones-2026x02x18-b.pdf
2026-02-18,013,SAN CRISTÓBAL,SAN CRISTÓBAL,INSTITUTO POLITÉCNICO LOYOLA,EMCI,31.2,19.0,1.2,https://indomet.gob.do/wp-content/uploads/2026/02/temperaturas-extremas-y-precipitaciones-2026x02x18-b.pdf
2026-02-18,014,ANAMUYA (EMA),LA ALTAGRACIA,MINISTERIO DE AGRICULTURA,EMAP,28.9,21.1,1.0,https://indomet.gob.do/wp-content/uploads/2026/02/temperaturas-extremas-y-precipitaciones-2026x02x18-b.pdf
2026-02-18,015,RANCHO ARRIBA,SAN JOSÉ DE OCOA,CENTRO TECNOLÓGICO COMUNITARIO,EMCI,24.7,15.8,0.9,https://indomet.gob.do/wp-content/uploads/2026/02/temperaturas-extremas-y-precipitaciones-2026x02x18-b.pdf
2026-02-18,016,BONAO,MONSEÑOR NOUEL,MINISTERIO DE AGRICULTURA,EMCV,,,0.5,https://indomet.gob.do/wp-content/uploads/2026/02/temperaturas-extremas-y-precipitaciones-2026x02x18-b.pdf
2026-02-18,017,ALTO BANDERA (EMA),LA VEGA,INTEC,EMAP,16.7,3.8,0.5,https://indomet.gob.do/wp-content/uploads/2026/02/temperaturas-extremas-y-precipitaciones-2026x02x18-b.pdf
2026-02-18,018,LA VEGA,LA VEGA,IATESA,EMCI,32.0,20.0,0.5,https://indomet.gob.do/wp-content/uploads/2026/02/temperaturas-extremas-y-precipitaciones-2026x02x18-b.pdf
2026-02-18,019,VILLA ALTAGRACIA,SAN CRISTÓBAL,ESCUELA JAVIER ANGULO GURIDI,EMCI,,,0.5,https://indomet.gob.do/wp-content/uploads/2026/02/temperaturas-extremas-y-precipitaciones-2026x02x18-b.pdf
2026-02-18,020,CABRAL,BARAHONA,MINISTERIO DE AGRICULTURA,EMCV,32.6,21.7,0.4,https://indomet.gob.do/wp-content/uploads/2026/02/temperaturas-extremas-y-precipitaciones-2026x02x18-b.pdf
2026-02-18,021,SABANA DE LA MAR,HATO MAYOR,INDOMET,EMCI,30.2,19.6,0.4,https://indomet.gob.do/wp-content/uploads/2026/02/temperaturas-extremas-y-precipitaciones-2026x02x18-b.pdf
2026-02-18,022,EL FACTOR (EMA),MARÍA TRINIDAD SÁNCHEZ,INTEC,EMAP,31.5,19.8,0.3,https://indomet.gob.do/wp-content/uploads/2026/02/temperaturas-extremas-y-precipitaciones-2026x02x18-b.pdf
2026-02-18,023,TAMBORIL,SANTIAGO,MINISTERIO DE AGRICULTURA,EMCV,,,0.3,https://indomet.gob.do/wp-content/uploads/2026/02/temperaturas-extremas-y-precipitaciones-2026x02x18-b.pdf
2026-02-18,024,HATO MAYOR,HATO MAYOR,MINISTERIO DE AGRICULTURA,EMCV,,,0.2,https://indomet.gob.do/wp-content/uploads/2026/02/temperaturas-extremas-y-precipitaciones-2026x02x18-b.pdf
2026-02-18,025,SANTO DOMINGO ESTE,SANTO DOMINGO,INDOMET,EMCI,31.2,22.7,0.2,https://indomet.gob.do/wp-content/uploads/2026/02/temperaturas-extremas-y-precipitaciones-2026x02x18-b.pdf
2026-02-18,026,VALLE NUEVO (EMA),LA VEGA,MARENA,EMAI,18.3,2.0,0.2,https://indomet.gob.do/wp-content/uploads/2026/02/temperaturas-extremas-y-precipitaciones-2026x02x18-b.pdf
2026-02-18,027,ARPT. DE LA ROMANA,LA ROMANA,INDOMET,EMCI,30.5,20.2,0.1,https://indomet.gob.do/wp-content/uploads/2026/02/temperaturas-extremas-y-precipitaciones-2026x02x18-b.pdf
2026-02-18,028,JUMA BEJUCAL,MONSEÑOR NOUEL,IDIAF,EMCV,30.4,19.6,0.1,https://indomet.gob.do/wp-content/uploads/2026/02/temperaturas-extremas-y-precipitaciones-2026x02x18-b.pdf
2026-02-18,029,PERALTA,AZUA,HOSP. MPAL. DE PERALTA,EMCI,31.8,15.4,0.1,https://indomet.gob.do/wp-content/uploads/2026/02/temperaturas-extremas-y-precipitaciones-2026x02x18-b.pdf
2026-02-18,030,ALTAMIRA,PUERTO PLATA,HOSP. MPAL. DE ALTAMIRA,EMCI,30.1,16.2,0.0,https://indomet.gob.do/wp-content/uploads/2026/02/temperaturas-extremas-y-precipitaciones-2026x02x18-b.pdf
2026-02-18,031,ARPT. ARROYO BARRIL,SAMANÁ,INDOMET,EMCI,28.0,21.8,0.0,https://indomet.gob.do/wp-content/uploads/2026/02/temperaturas-extremas-y-precipitaciones-2026x02x18-b.pdf
2026-02-18,032,ARPT. DE LAS AMÉRICAS,SANTO DOMINGO,INDOMET,EMCI,31.8,20.6,0.0,https://indomet.gob.do/wp-content/uploads/2026/02/temperaturas-extremas-y-precipitaciones-2026x02x18-b.pdf
2026-02-18,033,ARPT. DE PUNTA CANA,LA ALTAGRACIA,INDOMET,EMCI,29.8,22.2,0.0,https://indomet.gob.do/wp-content/uploads/2026/02/temperaturas-extremas-y-precipitaciones-2026x02x18-b.pdf
2026-02-18,034,ARPT. DEL CIBAO,SANTIAGO,INDOMET,EMCI,32.2,17.0,0.0,https://indomet.gob.do/wp-content/uploads/2026/02/temperaturas-extremas-y-precipitaciones-2026x02x18-b.pdf
2026-02-18,035,ARPT. EL CATEY,SAMANÁ,INDOMET,EMCI,30.5,19.0,0.0,https://indomet.gob.do/wp-content/uploads/2026/02/temperaturas-extremas-y-precipitaciones-2026x02x18-b.pdf
2026-02-18,036,ARPT. GREGORIO LUPERÓN,PUERTO PLATA,INDOMET,EMCI,29.2,20.0,0.0,https://indomet.gob.do/wp-content/uploads/2026/02/temperaturas-extremas-y-precipitaciones-2026x02x18-b.pdf
2026-02-18,037,ARROYO LORO,SAN JUAN,IDIAF,EMCI,32.2,17.4,0.0,https://indomet.gob.do/wp-content/uploads/2026/02/temperaturas-extremas-y-precipitaciones-2026x02x18-b.pdf
2026-02-18,038,BASE AÉREA DE SAN ISIDRO,SANTO DOMINGO,FUERZA AÉREA DOMINICANA,EMCV,31.5,20.2,0.0,https://indomet.gob.do/wp-content/uploads/2026/02/temperaturas-extremas-y-precipitaciones-2026x02x18-b.pdf
2026-02-18,039,BAYAGUANA,MONTE PLATA,INDOMET,EMCI,31.6,20.5,0.0,https://indomet.gob.do/wp-content/uploads/2026/02/temperaturas-extremas-y-precipitaciones-2026x02x18-b.pdf
2026-02-18,040,BOCA DE MAO (EMA),VALVERDE,MINISTERIO DE AGRICULTURA,EMAP,33.1,19.8,0.0,https://indomet.gob.do/wp-content/uploads/2026/02/temperaturas-extremas-y-precipitaciones-2026x02x18-b.pdf
2026-02-18,041,BOHECHÍO,SAN JUAN,MINISTERIO DE AGRICULTURA,EMCV,,,0.0,https://indomet.gob.do/wp-content/uploads/2026/02/temperaturas-extremas-y-precipitaciones-2026x02x18-b.pdf
2026-02-18,042,CABRERA,MARÍA TRINIDAD SÁNCHEZ,ESCUELA ARÍSTIDES FIALLO CABRAL,EMCI,31.5,22.4,0.0,https://indomet.gob.do/wp-content/uploads/2026/02/temperaturas-extremas-y-precipitaciones-2026x02x18-b.pdf
2026-02-18,043,CENTRO DE LOS HEROES (EMA),DISTRITO NACIONAL,MINISTERIO DE ENERGIA Y MINA,EMAP,30.9,23.7,0.0,https://indomet.gob.do/wp-content/uploads/2026/02/temperaturas-extremas-y-precipitaciones-2026x02x18-b.pdf
2026-02-18,044,CONSTANZA,LA VEGA,MINISTERIO DE AGRICULTURA,EMCI,22.0,9.3,0.0,https://indomet.gob.do/wp-content/uploads/2026/02/temperaturas-extremas-y-precipitaciones-2026x02x18-b.pdf
2026-02-18,045,CONSTANZA (EMA),LA VEGA,PROGRAMA MUNDIAL DE ALIMENTO,EMAP,23.3,10.8,0.0,https://indomet.gob.do/wp-content/uploads/2026/02/temperaturas-extremas-y-precipitaciones-2026x02x18-b.pdf
2026-02-18,046,COTUÍ,SÁNCHEZ RAMÍREZ,HOSP. INMACULADA CONCEPCIÓN,EMCV,,,0.0,https://indomet.gob.do/wp-content/uploads/2026/02/temperaturas-extremas-y-precipitaciones-2026x02x18-b.pdf
2026-02-18,047,DAJABÓN,DAJABÓN,INSTITUTO POLITÉCNICO LOYOLA,EMCI,35.0,20.6,0.0,https://indomet.gob.do/wp-content/uploads/2026/02/temperaturas-extremas-y-precipitaciones-2026x02x18-b.pdf
2026-02-18,048,ELÍAS PIÑA,ELÍAS PIÑA,MINISTERIO DE AGRICULTURA,EMCV,,,0.0,https://indomet.gob.do/wp-content/uploads/2026/02/temperaturas-extremas-y-precipitaciones-2026x02x18-b.pdf
2026-02-18,049,GASPAR HERNÁNDEZ,ESPAILLAT,PROPIEDAD DEL EMPLEADO,EMCI,,,0.0,https://indomet.gob.do/wp-content/uploads/2026/02/temperaturas-extremas-y-precipitaciones-2026x02x18-b.pdf
2026-02-18,050,GURABO,SANTIAGO,MINISTERIO DE AGRICULTURA,EMCV,,,0.0,https://indomet.gob.do/wp-content/uploads/2026/02/temperaturas-extremas-y-precipitaciones-2026x02x18-b.pdf
2026-02-18,051,HONDO VALLE,ELÍAS PIÑA,MINISTERIO DE AGRICULTURA,EMCI,22.0,13.8,0.0,https://indomet.gob.do/wp-content/uploads/2026/02/temperaturas-extremas-y-precipitaciones-2026x02x18-b.pdf
2026-02-18,052,JARABACOA,LA VEGA,INDRHI / MARENA,EMCI,30.6,13.2,0.0,https://indomet.gob.do/wp-content/uploads/2026/02/temperaturas-extremas-y-precipitaciones-2026x02x18-b.pdf
2026-02-18,053,JARABACOA (EMA),LA VEGA,PROGRAMA MUNDIAL DE ALIMENTO,EMAP,27.7,15.8,0.0,https://indomet.gob.do/wp-content/uploads/2026/02/temperaturas-extremas-y-precipitaciones-2026x02x18-b.pdf
2026-02-18,054,JARDÍN BOTÁNICO NACIONAL,DISTRITO NACIONAL,JARDÍN BOTÁNICO NACIONAL,EMCV,31.7,18.5,0.0,https://indomet.gob.do/wp-content/uploads/2026/02/temperaturas-extremas-y-precipitaciones-2026x02x18-b.pdf
2026-02-18,055,LA VICTORIA,SANTO DOMINGO,CUERPO DE BOMBEROS,EMCI,32.0,20.0,0.0,https://indomet.gob.do/wp-content/uploads/2026/02/temperaturas-extremas-y-precipitaciones-2026x02x18-b.pdf
2026-02-18,056,LAS CANAS (EMA),MONTE CRISTI,PROGRAMA MUNDIAL DE ALIMENTO,EMAP,26.7,20.3,0.0,https://indomet.gob.do/wp-content/uploads/2026/02/temperaturas-extremas-y-precipitaciones-2026x02x18-b.pdf
2026-02-18,057,LAS MATAS DE SANTA CRUZ (EMA,MONTE CRISTI,PROGRAMA MUNDIAL DE ALIMENTO,EMAP,,,0.0,https://indomet.gob.do/wp-content/uploads/2026/02/temperaturas-extremas-y-precipitaciones-2026x02x18-b.pdf
2026-02-18,058,LOS JENGIBRES,NAGUA,INDRHI,EMCI,,,0.0,https://indomet.gob.do/wp-content/uploads/2026/02/temperaturas-extremas-y-precipitaciones-2026x02x18-b.pdf
2026-02-18,059,LOS LLANOS,SAN PEDRO DE MACORÍS,MINISTERIO DE AGRICULTURA,EMCI,31.0,19.0,0.0,https://indomet.gob.do/wp-content/uploads/2026/02/temperaturas-extremas-y-precipitaciones-2026x02x18-b.pdf
2026-02-18,060,MAO,VALVERDE,INDRHI / MINISTERIO DE AGRICULTURA,EMCV,,,0.0,https://indomet.gob.do/wp-content/uploads/2026/02/temperaturas-extremas-y-precipitaciones-2026x02x18-b.pdf
2026-02-18,061,MONCIÓN (EMA),SANTIAGO RODRÍGUEZ,PROGRAMA MUNDIAL DE ALIMENTO,EMAP,30.1,16.3,0.0,https://indomet.gob.do/wp-content/uploads/2026/02/temperaturas-extremas-y-precipitaciones-2026x02x18-b.pdf
2026-02-18,062,MONTE CRISTI,MONTE CRISTI,INDOMET,EMCI,30.5,20.6,0.0,https://indomet.gob.do/wp-content/uploads/2026/02/temperaturas-extremas-y-precipitaciones-2026x02x18-b.pdf
2026-02-18,063,NAVARRETE,SANTIAGO,MINISTERIO DE AGRICULTURA,EMCV,,,0.0,https://indomet.gob.do/wp-content/uploads/2026/02/temperaturas-extremas-y-precipitaciones-2026x02x18-b.pdf
2026-02-18,064,PADRE LAS CASAS,AZUA,HOSP. NTRA. SRA. DEL CARMEN,EMCI,31.2,16.6,0.0,https://indomet.gob.do/wp-content/uploads/2026/02/temperaturas-extremas-y-precipitaciones-2026x02x18-b.pdf
2026-02-18,065,PALO ÍNDIO,PUERTO PLATA,MINISTERIO DE AGRICULTURA,EMCI,,,0.0,https://indomet.gob.do/wp-content/uploads/2026/02/temperaturas-extremas-y-precipitaciones-2026x02x18-b.pdf
2026-02-18,066,PASO AL MEDIO,SAN PEDRO DE MACORÍS,INDRHI,EMCI,,,0.0,https://indomet.gob.do/wp-content/uploads/2026/02/temperaturas-extremas-y-precipitaciones-2026x02x18-b.pdf
2026-02-18,067,PONTÓN ABAJO (EMA),LA VEGA,MINISTERIO DE AGRICULTURA,EMAP,31.9,20.6,0.0,https://indomet.gob.do/wp-content/uploads/2026/02/temperaturas-extremas-y-precipitaciones-2026x02x18-b.pdf
2026-02-18,068,PRESA DE TAVERAS (EMA),LA VEGA,PROGRAMA MUNDIAL DE ALIMENTO,EMAP,30.0,19.1,0.0,https://indomet.gob.do/wp-content/uploads/2026/02/temperaturas-extremas-y-precipitaciones-2026x02x18-b.pdf
2026-02-18,069,RESTAURACIÓN,DAJABÓN,MINISTERIO DE AGRICULTURA,EMCI,28.0,15.7,0.0,https://indomet.gob.do/wp-content/uploads/2026/02/temperaturas-extremas-y-precipitaciones-2026x02x18-b.pdf
2026-02-18,070,RÍO SAN JUAN,MARÍA TRINIDAD SÁNCHEZ,HOSP. MPAL. DR. DESIDERIO ACOSTA,EMCV,29.9,19.9,0.0,https://indomet.gob.do/wp-content/uploads/2026/02/temperaturas-extremas-y-precipitaciones-2026x02x18-b.pdf
2026-02-18,071,SABANA GRANDE DE BOYÁ,MONTE PLATA,MINISTERIO DE AGRICULTURA,EMCV,,,0.0,https://indomet.gob.do/wp-content/uploads/2026/02/temperaturas-extremas-y-precipitaciones-2026x02x18-b.pdf
2026-02-18,072,SABANETA (EMA),SANTIAGO RODRÍGUEZ,PROGRAMA MUNDIAL DE ALIMENTO,EMAP,34.7,18.1,0.0,https://indomet.gob.do/wp-content/uploads/2026/02/temperaturas-extremas-y-precipitaciones-2026x02x18-b.pdf
2026-02-18,073,SALCEDO,HERMANAS MIRABAL,PROPIEDAD DEL EMPLEADO,EMCI,,,0.0,https://indomet.gob.do/wp-content/uploads/2026/02/temperaturas-extremas-y-precipitaciones-2026x02x18-b.pdf
2026-02-18,074,SAMANÁ,SAMANÁ,COMANDANCIA DE PUERTO DE SAMANÁ,EMCI,30.0,16.5,0.0,https://indomet.gob.do/wp-content/uploads/2026/02/temperaturas-extremas-y-precipitaciones-2026x02x18-b.pdf
2026-02-18,075,SAN FRANCISCO DE MACORÍS,DUARTE,San Francisco de Macorís (UASD),EMCI,30.3,18.8,0.0,https://indomet.gob.do/wp-content/uploads/2026/02/temperaturas-extremas-y-precipitaciones-2026x02x18-b.pdf
2026-02-18,076,SAN JOSÉ DE OCOA,SAN JOSÉ DE OCOA,HOSP. SAN JOSÉ DE OCOA,EMCI,30.4,18.5,0.0,https://indomet.gob.do/wp-content/uploads/2026/02/temperaturas-extremas-y-precipitaciones-2026x02x18-b.pdf
2026-02-18,077,SAN RAFAEL DEL YUMA,LA ALTAGRACIA,MINISTERIO DE AGRICULTURA,EMCI,31.2,19.9,0.0,https://indomet.gob.do/wp-content/uploads/2026/02/temperaturas-extremas-y-precipitaciones-2026x02x18-b.pdf
2026-02-18,078,SANTIAGO (CENTRO),SANTIAGO,HUACALITO,EMCI,,,0.0,https://indomet.gob.do/wp-content/uploads/2026/02/temperaturas-extremas-y-precipitaciones-2026x02x18-b.pdf
2026-02-18,079,JARDÍN BOTÁNICO SANTIAGO (EMSANTIAGO,,JARDIN BOTANICO SANTIAGO,EMAI,32.7,18.7,0.0,https://indomet.gob.do/wp-content/uploads/2026/02/temperaturas-extremas-y-precipitaciones-2026x02x18-b.pdf
2026-02-18,080,BUCARA (EMA),SANTIAGO,MINISTERIO DE AGRICULTURA,EMAI,,,0.0,https://indomet.gob.do/wp-content/uploads/2026/02/temperaturas-extremas-y-precipitaciones-2026x02x18-b.pdf
2026-02-18,081,VILLA VASQUEZ (EMA),MONTE CRISTI,JUNTA DE REGANTES,EMAI,,,0.0,https://indomet.gob.do/wp-content/uploads/2026/02/temperaturas-extremas-y-precipitaciones-2026x02x18-b.pdf
2026-02-18,082,SANTIAGO RODRÍGUEZ,SANTIAGO RODRÍGUEZ,INDOMET,EMCI,35.5,18.2,0.0,https://indomet.gob.do/wp-content/uploads/2026/02/temperaturas-extremas-y-precipitaciones-2026x02x18-b.pdf
2026-02-18,083,TÁBARA ABAJO,AZUA,INDRHI,EMCI,32.0,20.0,0.0,https://indomet.gob.do/wp-content/uploads/2026/02/temperaturas-extremas-y-precipitaciones-2026x02x18-b.pdf
2026-02-18,084,TAVERA,SANTIAGO,INDRHI,EMCI,,,0.0,https://indomet.gob.do/wp-content/uploads/2026/02/temperaturas-extremas-y-precipitaciones-2026x02x18-b.pdf
2026-02-18,085,VILLA GONZALES,SANTIAGO,MINISTERIO DE AGRICULTURA,EMCI,,,0.0,https://indomet.gob.do/wp-content/uploads/2026/02/temperaturas-extremas-y-precipitaciones-2026x02x18-b.pdf
2026-02-18,086,VILLA ISABELA,PUERTO PLATA,MINISTERIO DE AGRICULTURA,EMCV,29.0,16.8,0.0,https://indomet.gob.do/wp-content/uploads/2026/02/temperaturas-extremas-y-precipitaciones-2026x02x18-b.pdf
2026-02-18,087,VILLA RIVA,DUARTE,HOSP. MPAL. ALICIA DE LEGENDRE,EMCI,29.0,18.4,0.0,https://indomet.gob.do/wp-content/uploads/2026/02/temperaturas-extremas-y-precipitaciones-2026x02x18-b.pdf
2026-02-19,001,BAYAGUANA,MONTE PLATA,INDOMET,EMCI,32.4,19.8,7.9,https://indomet.gob.do/wp-content/uploads/2026/02/temperaturas-extremas-y-precipitaciones-2026x02x19-a.pdf
2026-02-19,002,SAMANÁ,SAMANÁ,COMANDANCIA DE PUERTO DE SAMANÁ,EMCI,30.6,17.0,6.4,https://indomet.gob.do/wp-content/uploads/2026/02/temperaturas-extremas-y-precipitaciones-2026x02x19-a.pdf
2026-02-19,003,MICHES (EMA),EL SEIBO,PRIVADA,EMAP,29.9,19.6,6.2,https://indomet.gob.do/wp-content/uploads/2026/02/temperaturas-extremas-y-precipitaciones-2026x02x19-a.pdf
2026-02-19,004,PONTÓN ABAJO (EMA),LA VEGA,MINISTERIO DE AGRICULTURA,EMAP,33.3,20.8,4.8,https://indomet.gob.do/wp-content/uploads/2026/02/temperaturas-extremas-y-precipitaciones-2026x02x19-a.pdf
2026-02-19,005,ARPT. ARROYO BARRIL,SAMANÁ,INDOMET,EMCI,30.5,21.6,3.7,https://indomet.gob.do/wp-content/uploads/2026/02/temperaturas-extremas-y-precipitaciones-2026x02x19-a.pdf
2026-02-19,006,LA VEGA,LA VEGA,IATESA,EMCI,32.0,20.5,3.4,https://indomet.gob.do/wp-content/uploads/2026/02/temperaturas-extremas-y-precipitaciones-2026x02x19-a.pdf
2026-02-19,007,SAN RAFAEL DEL YUMA,LA ALTAGRACIA,MINISTERIO DE AGRICULTURA,EMCI,32.1,20.8,3.2,https://indomet.gob.do/wp-content/uploads/2026/02/temperaturas-extremas-y-precipitaciones-2026x02x19-a.pdf
2026-02-19,008,SALCEDO,HERMANAS MIRABAL,PROPIEDAD DEL EMPLEADO,EMCI,,,2.9,https://indomet.gob.do/wp-content/uploads/2026/02/temperaturas-extremas-y-precipitaciones-2026x02x19-a.pdf
2026-02-19,009,JARABACOA (EMA),LA VEGA,PROGRAMA MUNDIAL DE ALIMENTO,EMAP,28.4,15.6,2.8,https://indomet.gob.do/wp-content/uploads/2026/02/temperaturas-extremas-y-precipitaciones-2026x02x19-a.pdf
2026-02-19,010,JARABACOA,LA VEGA,INDRHI / MARENA,EMCI,29.6,13.6,2.5,https://indomet.gob.do/wp-content/uploads/2026/02/temperaturas-extremas-y-precipitaciones-2026x02x19-a.pdf
2026-02-19,011,ARPT. DEL CIBAO,SANTIAGO,INDOMET,EMCI,32.5,17.5,1.8,https://indomet.gob.do/wp-content/uploads/2026/02/temperaturas-extremas-y-precipitaciones-2026x02x19-a.pdf
2026-02-19,012,TAVERA,SANTIAGO,INDRHI,EMCI,,,1.5,https://indomet.gob.do/wp-content/uploads/2026/02/temperaturas-extremas-y-precipitaciones-2026x02x19-a.pdf
2026-02-19,013,BONAO,MONSEÑOR NOUEL,MINISTERIO DE AGRICULTURA,EMCV,,,1.0,https://indomet.gob.do/wp-content/uploads/2026/02/temperaturas-extremas-y-precipitaciones-2026x02x19-a.pdf
2026-02-19,014,PRESA DE TAVERAS (EMA),LA VEGA,PROGRAMA MUNDIAL DE ALIMENTO,EMAP,30.4,19.7,1.0,https://indomet.gob.do/wp-content/uploads/2026/02/temperaturas-extremas-y-precipitaciones-2026x02x19-a.pdf
2026-02-19,015,ARPT. DE PUNTA CANA,LA ALTAGRACIA,INDOMET,EMCI,29.0,23.8,0.8,https://indomet.gob.do/wp-content/uploads/2026/02/temperaturas-extremas-y-precipitaciones-2026x02x19-a.pdf
2026-02-19,016,VALLE NUEVO (EMA),LA VEGA,MARENA,EMAI,18.2,0.9,0.2,https://indomet.gob.do/wp-content/uploads/2026/02/temperaturas-extremas-y-precipitaciones-2026x02x19-a.pdf
2026-02-19,017,ALTAMIRA,PUERTO PLATA,HOSP. MPAL. DE ALTAMIRA,EMCI,31.6,16.5,0.0,https://indomet.gob.do/wp-content/uploads/2026/02/temperaturas-extremas-y-precipitaciones-2026x02x19-a.pdf
2026-02-19,018,ALTO BANDERA (EMA),LA VEGA,INTEC,EMAP,15.6,4.4,0.0,https://indomet.gob.do/wp-content/uploads/2026/02/temperaturas-extremas-y-precipitaciones-2026x02x19-a.pdf
2026-02-19,019,ANAMUYA (EMA),LA ALTAGRACIA,MINISTERIO DE AGRICULTURA,EMAP,30.1,22.1,0.0,https://indomet.gob.do/wp-content/uploads/2026/02/temperaturas-extremas-y-precipitaciones-2026x02x19-a.pdf
2026-02-19,020,ARPT. DE LA ROMANA,LA ROMANA,INDOMET,EMCI,31.2,19.0,0.0,https://indomet.gob.do/wp-content/uploads/2026/02/temperaturas-extremas-y-precipitaciones-2026x02x19-a.pdf
2026-02-19,021,ARPT. DE LAS AMÉRICAS,SANTO DOMINGO,INDOMET,EMCI,30.1,20.1,0.0,https://indomet.gob.do/wp-content/uploads/2026/02/temperaturas-extremas-y-precipitaciones-2026x02x19-a.pdf
2026-02-19,022,ARPT. EL CATEY,SAMANÁ,INDOMET,EMCI,30.5,19.0,0.0,https://indomet.gob.do/wp-content/uploads/2026/02/temperaturas-extremas-y-precipitaciones-2026x02x19-a.pdf
2026-02-19,023,ARPT. GREGORIO LUPERÓN,PUERTO PLATA,INDOMET,EMCI,29.5,19.0,0.0,https://indomet.gob.do/wp-content/uploads/2026/02/temperaturas-extremas-y-precipitaciones-2026x02x19-a.pdf
2026-02-19,024,ARPT. LA ISABELA,SANTO DOMINGO,INDOMET,EMCI,32.4,19.5,0.0,https://indomet.gob.do/wp-content/uploads/2026/02/temperaturas-extremas-y-precipitaciones-2026x02x19-a.pdf
2026-02-19,025,ARPT. MARÍA MONTEZ,BARAHONA,INDOMET,EMCI,30.5,21.5,0.0,https://indomet.gob.do/wp-content/uploads/2026/02/temperaturas-extremas-y-precipitaciones-2026x02x19-a.pdf
2026-02-19,026,ARROYO LORO,SAN JUAN,IDIAF,EMCI,31.2,19.0,0.0,https://indomet.gob.do/wp-content/uploads/2026/02/temperaturas-extremas-y-precipitaciones-2026x02x19-a.pdf
2026-02-19,027,BANI (EMA),PERAVIA,MINISTERIO DE AGRICULTURA,EMAP,30.2,21.9,0.0,https://indomet.gob.do/wp-content/uploads/2026/02/temperaturas-extremas-y-precipitaciones-2026x02x19-a.pdf
2026-02-19,028,BASE AÉREA DE SAN ISIDRO,SANTO DOMINGO,FUERZA AÉREA DOMINICANA,EMCV,30.6,,0.0,https://indomet.gob.do/wp-content/uploads/2026/02/temperaturas-extremas-y-precipitaciones-2026x02x19-a.pdf
2026-02-19,029,BOCA DE MAO (EMA),VALVERDE,MINISTERIO DE AGRICULTURA,EMAP,33.9,22.3,0.0,https://indomet.gob.do/wp-content/uploads/2026/02/temperaturas-extremas-y-precipitaciones-2026x02x19-a.pdf
2026-02-19,030,BUCARA (EMA),SANTIAGO,MINISTERIO DE AGRICULTURA,EMAI,,,0.0,https://indomet.gob.do/wp-content/uploads/2026/02/temperaturas-extremas-y-precipitaciones-2026x02x19-a.pdf
2026-02-19,031,CABRAL,BARAHONA,MINISTERIO DE AGRICULTURA,EMCV,31.9,20.5,0.0,https://indomet.gob.do/wp-content/uploads/2026/02/temperaturas-extremas-y-precipitaciones-2026x02x19-a.pdf
2026-02-19,032,CABRERA,MARÍA TRINIDAD SÁNCHEZ,ESCUELA ARÍSTIDES FIALLO CABRAL,EMCI,30.5,24.0,0.0,https://indomet.gob.do/wp-content/uploads/2026/02/temperaturas-extremas-y-precipitaciones-2026x02x19-a.pdf
2026-02-19,033,CENTRO DE LOS HEROES (EMA),DISTRITO NACIONAL,MINISTERIO DE ENERGIA Y MINA,EMAP,29.4,23.8,0.0,https://indomet.gob.do/wp-content/uploads/2026/02/temperaturas-extremas-y-precipitaciones-2026x02x19-a.pdf
2026-02-19,034,CONSTANZA,LA VEGA,MINISTERIO DE AGRICULTURA,EMCI,25.0,8.7,0.0,https://indomet.gob.do/wp-content/uploads/2026/02/temperaturas-extremas-y-precipitaciones-2026x02x19-a.pdf
2026-02-19,035,CONSTANZA (EMA),LA VEGA,PROGRAMA MUNDIAL DE ALIMENTO,EMAP,24.1,10.3,0.0,https://indomet.gob.do/wp-content/uploads/2026/02/temperaturas-extremas-y-precipitaciones-2026x02x19-a.pdf
2026-02-19,036,DAJABÓN,DAJABÓN,INSTITUTO POLITÉCNICO LOYOLA,EMCI,34.2,21.4,0.0,https://indomet.gob.do/wp-content/uploads/2026/02/temperaturas-extremas-y-precipitaciones-2026x02x19-a.pdf
2026-02-19,037,EL CERCADO,SAN JUAN,MINISTERIO DE AGRICULTURA,EMCV,,,0.0,https://indomet.gob.do/wp-content/uploads/2026/02/temperaturas-extremas-y-precipitaciones-2026x02x19-a.pdf
2026-02-19,038,EL FACTOR (EMA),MARÍA TRINIDAD SÁNCHEZ,INTEC,EMAP,31.4,19.3,0.0,https://indomet.gob.do/wp-content/uploads/2026/02/temperaturas-extremas-y-precipitaciones-2026x02x19-a.pdf
2026-02-19,039,ELÍAS PIÑA,ELÍAS PIÑA,MINISTERIO DE AGRICULTURA,EMCV,,,0.0,https://indomet.gob.do/wp-content/uploads/2026/02/temperaturas-extremas-y-precipitaciones-2026x02x19-a.pdf
2026-02-19,040,ENRIQUILLO,BARAHONA,MINISTERIO DE AGRICULTURA,EMCV,31.0,21.5,0.0,https://indomet.gob.do/wp-content/uploads/2026/02/temperaturas-extremas-y-precipitaciones-2026x02x19-a.pdf
2026-02-19,041,GASPAR HERNÁNDEZ,ESPAILLAT,PROPIEDAD DEL EMPLEADO,EMCI,,,0.0,https://indomet.gob.do/wp-content/uploads/2026/02/temperaturas-extremas-y-precipitaciones-2026x02x19-a.pdf
2026-02-19,042,GURABO,SANTIAGO,MINISTERIO DE AGRICULTURA,EMCV,,,0.0,https://indomet.gob.do/wp-content/uploads/2026/02/temperaturas-extremas-y-precipitaciones-2026x02x19-a.pdf
2026-02-19,043,HATO MAYOR,HATO MAYOR,MINISTERIO DE AGRICULTURA,EMCV,,,0.0,https://indomet.gob.do/wp-content/uploads/2026/02/temperaturas-extremas-y-precipitaciones-2026x02x19-a.pdf
2026-02-19,044,HONDO VALLE,ELÍAS PIÑA,MINISTERIO DE AGRICULTURA,EMCI,22.6,14.3,0.0,https://indomet.gob.do/wp-content/uploads/2026/02/temperaturas-extremas-y-precipitaciones-2026x02x19-a.pdf
2026-02-19,045,JARDÍN BOTÁNICO NACIONAL,DISTRITO NACIONAL,JARDÍN BOTÁNICO NACIONAL,EMCV,31.5,17.3,0.0,https://indomet.gob.do/wp-content/uploads/2026/02/temperaturas-extremas-y-precipitaciones-2026x02x19-a.pdf
2026-02-19,046,JARDÍN BOTÁNICO SANTIAGO (EMSANTIAGO,,JARDIN BOTANICO SANTIAGO,EMAI,31.7,23.3,0.0,https://indomet.gob.do/wp-content/uploads/2026/02/temperaturas-extremas-y-precipitaciones-2026x02x19-a.pdf
2026-02-19,047,JIMANÍ,INDEPENDENCIA,MINISTERIO DE AGRICULTURA,EMCI,34.2,22.0,0.0,https://indomet.gob.do/wp-content/uploads/2026/02/temperaturas-extremas-y-precipitaciones-2026x02x19-a.pdf
2026-02-19,048,LA VICTORIA,SANTO DOMINGO,CUERPO DE BOMBEROS,EMCI,33.5,19.8,0.0,https://indomet.gob.do/wp-content/uploads/2026/02/temperaturas-extremas-y-precipitaciones-2026x02x19-a.pdf
2026-02-19,049,LAS CANAS (EMA),MONTE CRISTI,PROGRAMA MUNDIAL DE ALIMENTO,EMAP,27.7,21.4,0.0,https://indomet.gob.do/wp-content/uploads/2026/02/temperaturas-extremas-y-precipitaciones-2026x02x19-a.pdf
2026-02-19,050,LAS MATAS DE FARFÁN,SAN JUAN,MINISTERIO DE AGRICULTURA,EMCV,,,0.0,https://indomet.gob.do/wp-content/uploads/2026/02/temperaturas-extremas-y-precipitaciones-2026x02x19-a.pdf
2026-02-19,051,LAS MATAS DE SANTA CRUZ (EMA,MONTE CRISTI,PROGRAMA MUNDIAL DE ALIMENTO,EMAP,,,0.0,https://indomet.gob.do/wp-content/uploads/2026/02/temperaturas-extremas-y-precipitaciones-2026x02x19-a.pdf
2026-02-19,052,LOS JENGIBRES,NAGUA,INDRHI,EMCI,,,0.0,https://indomet.gob.do/wp-content/uploads/2026/02/temperaturas-extremas-y-precipitaciones-2026x02x19-a.pdf
2026-02-19,053,LOS LLANOS,SAN PEDRO DE MACORÍS,MINISTERIO DE AGRICULTURA,EMCI,32.5,19.8,0.0,https://indomet.gob.do/wp-content/uploads/2026/02/temperaturas-extremas-y-precipitaciones-2026x02x19-a.pdf
2026-02-19,054,MAO,VALVERDE,INDRHI / MINISTERIO DE AGRICULTURA,EMCV,,,0.0,https://indomet.gob.do/wp-content/uploads/2026/02/temperaturas-extremas-y-precipitaciones-2026x02x19-a.pdf
2026-02-19,055,MONCIÓN (EMA),SANTIAGO RODRÍGUEZ,PROGRAMA MUNDIAL DE ALIMENTO,EMAP,30.2,17.6,0.0,https://indomet.gob.do/wp-content/uploads/2026/02/temperaturas-extremas-y-precipitaciones-2026x02x19-a.pdf
2026-02-19,056,MONTE CRISTI,MONTE CRISTI,INDOMET,EMCI,31.1,20.0,0.0,https://indomet.gob.do/wp-content/uploads/2026/02/temperaturas-extremas-y-precipitaciones-2026x02x19-a.pdf
2026-02-19,057,NAVARRETE,SANTIAGO,MINISTERIO DE AGRICULTURA,EMCV,,,0.0,https://indomet.gob.do/wp-content/uploads/2026/02/temperaturas-extremas-y-precipitaciones-2026x02x19-a.pdf
2026-02-19,058,OLIVARES,PEDERNALES,INDRHI,EMCI,,,0.0,https://indomet.gob.do/wp-content/uploads/2026/02/temperaturas-extremas-y-precipitaciones-2026x02x19-a.pdf
2026-02-19,059,OVIEDO,PEDERNALES,CLÍNICA RURAL OVIEDO,EMCI,30.5,19.5,0.0,https://indomet.gob.do/wp-content/uploads/2026/02/temperaturas-extremas-y-precipitaciones-2026x02x19-a.pdf
2026-02-19,060,PADRE LAS CASAS,AZUA,HOSP. NTRA. SRA. DEL CARMEN,EMCI,32.0,17.5,0.0,https://indomet.gob.do/wp-content/uploads/2026/02/temperaturas-extremas-y-precipitaciones-2026x02x19-a.pdf
2026-02-19,061,PALO ÍNDIO,PUERTO PLATA,MINISTERIO DE AGRICULTURA,EMCI,,,0.0,https://indomet.gob.do/wp-content/uploads/2026/02/temperaturas-extremas-y-precipitaciones-2026x02x19-a.pdf
2026-02-19,062,PASO AL MEDIO,SAN PEDRO DE MACORÍS,INDRHI,EMCI,,,0.0,https://indomet.gob.do/wp-content/uploads/2026/02/temperaturas-extremas-y-precipitaciones-2026x02x19-a.pdf
2026-02-19,063,PEDERNALES,PEDERNALES,INDRHI,EMCI,,,0.0,https://indomet.gob.do/wp-content/uploads/2026/02/temperaturas-extremas-y-precipitaciones-2026x02x19-a.pdf
2026-02-19,064,PERALTA,AZUA,HOSP. MPAL. DE PERALTA,EMCI,30.5,15.5,0.0,https://indomet.gob.do/wp-content/uploads/2026/02/temperaturas-extremas-y-precipitaciones-2026x02x19-a.pdf
2026-02-19,065,PESCADERIA (EMA),BARAHONA,MINISTERIO DE AGRICULTURA,EMAP,,,0.0,https://indomet.gob.do/wp-content/uploads/2026/02/temperaturas-extremas-y-precipitaciones-2026x02x19-a.pdf
2026-02-19,066,POLO,BARAHONA,INDOCAFE,EMCI,,12.0,0.0,https://indomet.gob.do/wp-content/uploads/2026/02/temperaturas-extremas-y-precipitaciones-2026x02x19-a.pdf
2026-02-19,067,RANCHO ARRIBA,SAN JOSÉ DE OCOA,CENTRO TECNOLÓGICO COMUNITARIO,EMCI,28.3,15.7,0.0,https://indomet.gob.do/wp-content/uploads/2026/02/temperaturas-extremas-y-precipitaciones-2026x02x19-a.pdf
2026-02-19,068,RESTAURACIÓN,DAJABÓN,MINISTERIO DE AGRICULTURA,EMCI,28.7,15.5,0.0,https://indomet.gob.do/wp-content/uploads/2026/02/temperaturas-extremas-y-precipitaciones-2026x02x19-a.pdf
2026-02-19,069,RÍO SAN JUAN,MARÍA TRINIDAD SÁNCHEZ,HOSP. MPAL. DR. DESIDERIO ACOSTA,EMCV,31.8,20.3,0.0,https://indomet.gob.do/wp-content/uploads/2026/02/temperaturas-extremas-y-precipitaciones-2026x02x19-a.pdf
2026-02-19,070,SABANA DE LA MAR,HATO MAYOR,INDOMET,EMCI,29.8,19.6,0.0,https://indomet.gob.do/wp-content/uploads/2026/02/temperaturas-extremas-y-precipitaciones-2026x02x19-a.pdf
2026-02-19,071,SABANA GRANDE DE BOYÁ,MONTE PLATA,MINISTERIO DE AGRICULTURA,EMCV,,,0.0,https://indomet.gob.do/wp-content/uploads/2026/02/temperaturas-extremas-y-precipitaciones-2026x02x19-a.pdf
2026-02-19,072,SABANETA (EMA),SANTIAGO RODRÍGUEZ,PROGRAMA MUNDIAL DE ALIMENTO,EMAP,34.9,19.8,0.0,https://indomet.gob.do/wp-content/uploads/2026/02/temperaturas-extremas-y-precipitaciones-2026x02x19-a.pdf
2026-02-19,073,SAN CRISTÓBAL,SAN CRISTÓBAL,INSTITUTO POLITÉCNICO LOYOLA,EMCI,31.0,18.2,0.0,https://indomet.gob.do/wp-content/uploads/2026/02/temperaturas-extremas-y-precipitaciones-2026x02x19-a.pdf
2026-02-19,074,SAN FRANCISCO DE MACORÍS,DUARTE,San Francisco de Macorís (UASD),EMCI,26.4,19.6,0.0,https://indomet.gob.do/wp-content/uploads/2026/02/temperaturas-extremas-y-precipitaciones-2026x02x19-a.pdf
2026-02-19,075,SAN JOSÉ DE OCOA,SAN JOSÉ DE OCOA,HOSP. SAN JOSÉ DE OCOA,EMCI,31.6,17.4,0.0,https://indomet.gob.do/wp-content/uploads/2026/02/temperaturas-extremas-y-precipitaciones-2026x02x19-a.pdf
2026-02-19,076,SÁNCHEZ,SAMANÁ,MINISTERIO DE AGRICULTURA,EMCI,29.2,20.1,0.0,https://indomet.gob.do/wp-content/uploads/2026/02/temperaturas-extremas-y-precipitaciones-2026x02x19-a.pdf
2026-02-19,077,SANTIAGO RODRÍGUEZ,SANTIAGO RODRÍGUEZ,INDOMET,EMCI,34.8,20.0,0.0,https://indomet.gob.do/wp-content/uploads/2026/02/temperaturas-extremas-y-precipitaciones-2026x02x19-a.pdf
2026-02-19,078,SANTO DOMINGO ESTE,SANTO DOMINGO,INDOMET,EMCI,30.6,22.5,0.0,https://indomet.gob.do/wp-content/uploads/2026/02/temperaturas-extremas-y-precipitaciones-2026x02x19-a.pdf
2026-02-19,079,TÁBARA ABAJO,AZUA,INDRHI,EMCI,31.5,17.0,0.0,https://indomet.gob.do/wp-content/uploads/2026/02/temperaturas-extremas-y-precipitaciones-2026x02x19-a.pdf
2026-02-19,080,TAMBORIL,SANTIAGO,MINISTERIO DE AGRICULTURA,EMCV,,,0.0,https://indomet.gob.do/wp-content/uploads/2026/02/temperaturas-extremas-y-precipitaciones-2026x02x19-a.pdf
2026-02-19,081,VILLA ALTAGRACIA,SAN CRISTÓBAL,ESCUELA JAVIER ANGULO GURIDI,EMCI,,,0.0,https://indomet.gob.do/wp-content/uploads/2026/02/temperaturas-extremas-y-precipitaciones-2026x02x19-a.pdf
2026-02-19,082,VILLA GONZALES,SANTIAGO,MINISTERIO DE AGRICULTURA,EMCI,,,0.0,https://indomet.gob.do/wp-content/uploads/2026/02/temperaturas-extremas-y-precipitaciones-2026x02x19-a.pdf
2026-02-19,083,VILLA ISABELA,PUERTO PLATA,MINISTERIO DE AGRICULTURA,EMCV,29.8,16.2,0.0,https://indomet.gob.do/wp-content/uploads/2026/02/temperaturas-extremas-y-precipitaciones-2026x02x19-a.pdf
2026-02-19,084,VILLA RIVA,DUARTE,HOSP. MPAL. ALICIA DE LEGENDRE,EMCI,30.0,19.0,0.0,https://indomet.gob.do/wp-content/uploads/2026/02/temperaturas-extremas-y-precipitaciones-2026x02x19-a.pdf
2026-02-19,085,VILLA VASQUEZ (EMA),MONTE CRISTI,JUNTA DE REGANTES,EMAI,,,0.0,https://indomet.gob.do/wp-content/uploads/2026/02/temperaturas-extremas-y-precipitaciones-2026x02x19-a.pdf
2026-02-20,001,VILLA RIVA,DUARTE,HOSP. MPAL. ALICIA DE LEGENDRE,EMCI,31.1,18.5,8.6,https://indomet.gob.do/wp-content/uploads/2026/02/temperaturas-extremas-y-precipitaciones-2026x02x20-a.pdf
2026-02-20,002,MICHES (EMA),EL SEIBO,PRIVADA,EMAP,30.6,20.7,8.4,https://indomet.gob.do/wp-content/uploads/2026/02/temperaturas-extremas-y-precipitaciones-2026x02x20-a.pdf
2026-02-20,003,ENRIQUILLO,BARAHONA,MINISTERIO DE AGRICULTURA,EMCV,31.5,21.0,6.8,https://indomet.gob.do/wp-content/uploads/2026/02/temperaturas-extremas-y-precipitaciones-2026x02x20-a.pdf
2026-02-20,004,OVIEDO,PEDERNALES,CLÍNICA RURAL OVIEDO,EMCI,32.0,21.0,1.2,https://indomet.gob.do/wp-content/uploads/2026/02/temperaturas-extremas-y-precipitaciones-2026x02x20-a.pdf
2026-02-20,005,VILLA VASQUEZ (EMA),MONTE CRISTI,JUNTA DE REGANTES,EMAI,,,0.8,https://indomet.gob.do/wp-content/uploads/2026/02/temperaturas-extremas-y-precipitaciones-2026x02x20-a.pdf
2026-02-20,006,ARPT. LA ISABELA,SANTO DOMINGO,INDOMET,EMCI,31.4,19.0,0.7,https://indomet.gob.do/wp-content/uploads/2026/02/temperaturas-extremas-y-precipitaciones-2026x02x20-a.pdf
2026-02-20,007,VALLE NUEVO (EMA),LA VEGA,MARENA,EMAI,18.6,0.2,0.2,https://indomet.gob.do/wp-content/uploads/2026/02/temperaturas-extremas-y-precipitaciones-2026x02x20-a.pdf
2026-02-20,008,JARABACOA,LA VEGA,INDRHI / MARENA,EMCI,29.0,11.4,0.1,https://indomet.gob.do/wp-content/uploads/2026/02/temperaturas-extremas-y-precipitaciones-2026x02x20-a.pdf
2026-02-20,009,ALTAMIRA,PUERTO PLATA,HOSP. MPAL. DE ALTAMIRA,EMCI,31.8,17.5,0.0,https://indomet.gob.do/wp-content/uploads/2026/02/temperaturas-extremas-y-precipitaciones-2026x02x20-a.pdf
2026-02-20,010,ALTO BANDERA (EMA),LA VEGA,INTEC,EMAP,16.8,4.9,0.0,https://indomet.gob.do/wp-content/uploads/2026/02/temperaturas-extremas-y-precipitaciones-2026x02x20-a.pdf
2026-02-20,011,ANAMUYA (EMA),LA ALTAGRACIA,MINISTERIO DE AGRICULTURA,EMAP,30.8,20.8,0.0,https://indomet.gob.do/wp-content/uploads/2026/02/temperaturas-extremas-y-precipitaciones-2026x02x20-a.pdf
2026-02-20,012,ARPT. ARROYO BARRIL,SAMANÁ,INDOMET,EMCI,31.0,21.2,0.0,https://indomet.gob.do/wp-content/uploads/2026/02/temperaturas-extremas-y-precipitaciones-2026x02x20-a.pdf
2026-02-20,013,ARPT. DE LA ROMANA,LA ROMANA,INDOMET,EMCI,30.5,21.3,0.0,https://indomet.gob.do/wp-content/uploads/2026/02/temperaturas-extremas-y-precipitaciones-2026x02x20-a.pdf
2026-02-20,014,ARPT. DE LAS AMÉRICAS,SANTO DOMINGO,INDOMET,EMCI,29.8,19.0,0.0,https://indomet.gob.do/wp-content/uploads/2026/02/temperaturas-extremas-y-precipitaciones-2026x02x20-a.pdf
2026-02-20,015,ARPT. DE PUNTA CANA,LA ALTAGRACIA,INDOMET,EMCI,29.0,22.8,0.0,https://indomet.gob.do/wp-content/uploads/2026/02/temperaturas-extremas-y-precipitaciones-2026x02x20-a.pdf
2026-02-20,016,ARPT. DEL CIBAO,SANTIAGO,INDOMET,EMCI,31.8,20.5,0.0,https://indomet.gob.do/wp-content/uploads/2026/02/temperaturas-extremas-y-precipitaciones-2026x02x20-a.pdf
2026-02-20,017,ARPT. EL CATEY,SAMANÁ,INDOMET,EMCI,28.2,18.5,0.0,https://indomet.gob.do/wp-content/uploads/2026/02/temperaturas-extremas-y-precipitaciones-2026x02x20-a.pdf
2026-02-20,018,ARPT. GREGORIO LUPERÓN,PUERTO PLATA,INDOMET,EMCI,31.5,19.2,0.0,https://indomet.gob.do/wp-content/uploads/2026/02/temperaturas-extremas-y-precipitaciones-2026x02x20-a.pdf
2026-02-20,019,ARPT. MARÍA MONTEZ,BARAHONA,INDOMET,EMCI,30.8,22.8,0.0,https://indomet.gob.do/wp-content/uploads/2026/02/temperaturas-extremas-y-precipitaciones-2026x02x20-a.pdf
2026-02-20,020,ARROYO LORO,SAN JUAN,IDIAF,EMCI,31.7,15.7,0.0,https://indomet.gob.do/wp-content/uploads/2026/02/temperaturas-extremas-y-precipitaciones-2026x02x20-a.pdf
2026-02-20,021,BANI (EMA),PERAVIA,MINISTERIO DE AGRICULTURA,EMAP,29.9,22.9,0.0,https://indomet.gob.do/wp-content/uploads/2026/02/temperaturas-extremas-y-precipitaciones-2026x02x20-a.pdf
2026-02-20,022,BASE AÉREA DE SAN ISIDRO,SANTO DOMINGO,FUERZA AÉREA DOMINICANA,EMCV,30.1,24.0,0.0,https://indomet.gob.do/wp-content/uploads/2026/02/temperaturas-extremas-y-precipitaciones-2026x02x20-a.pdf
2026-02-20,023,BAYAGUANA,MONTE PLATA,INDOMET,EMCI,31.0,17.7,0.0,https://indomet.gob.do/wp-content/uploads/2026/02/temperaturas-extremas-y-precipitaciones-2026x02x20-a.pdf
2026-02-20,024,BOCA DE MAO (EMA),VALVERDE,MINISTERIO DE AGRICULTURA,EMAP,33.9,20.3,0.0,https://indomet.gob.do/wp-content/uploads/2026/02/temperaturas-extremas-y-precipitaciones-2026x02x20-a.pdf
2026-02-20,025,BONAO,MONSEÑOR NOUEL,MINISTERIO DE AGRICULTURA,EMCV,,,0.0,https://indomet.gob.do/wp-content/uploads/2026/02/temperaturas-extremas-y-precipitaciones-2026x02x20-a.pdf
2026-02-20,026,CABRAL,BARAHONA,MINISTERIO DE AGRICULTURA,EMCV,31.2,19.8,0.0,https://indomet.gob.do/wp-content/uploads/2026/02/temperaturas-extremas-y-precipitaciones-2026x02x20-a.pdf
2026-02-20,027,CABRERA,MARÍA TRINIDAD SÁNCHEZ,ESCUELA ARÍSTIDES FIALLO CABRAL,EMCI,31.0,23.5,0.0,https://indomet.gob.do/wp-content/uploads/2026/02/temperaturas-extremas-y-precipitaciones-2026x02x20-a.pdf
2026-02-20,028,CENTRO DE LOS HEROES (EMA),DISTRITO NACIONAL,MINISTERIO DE ENERGIA Y MINA,EMAP,30.1,23.7,0.0,https://indomet.gob.do/wp-content/uploads/2026/02/temperaturas-extremas-y-precipitaciones-2026x02x20-a.pdf
2026-02-20,029,CONSTANZA,LA VEGA,MINISTERIO DE AGRICULTURA,EMCI,26.6,17.8,0.0,https://indomet.gob.do/wp-content/uploads/2026/02/temperaturas-extremas-y-precipitaciones-2026x02x20-a.pdf
2026-02-20,030,CONSTANZA (EMA),LA VEGA,PROGRAMA MUNDIAL DE ALIMENTO,EMAP,24.6,8.4,0.0,https://indomet.gob.do/wp-content/uploads/2026/02/temperaturas-extremas-y-precipitaciones-2026x02x20-a.pdf
2026-02-20,031,DAJABÓN,DAJABÓN,INSTITUTO POLITÉCNICO LOYOLA,EMCI,35.1,20.0,0.0,https://indomet.gob.do/wp-content/uploads/2026/02/temperaturas-extremas-y-precipitaciones-2026x02x20-a.pdf
2026-02-20,032,EL FACTOR (EMA),MARÍA TRINIDAD SÁNCHEZ,INTEC,EMAP,32.2,19.6,0.0,https://indomet.gob.do/wp-content/uploads/2026/02/temperaturas-extremas-y-precipitaciones-2026x02x20-a.pdf
2026-02-20,033,ELÍAS PIÑA,ELÍAS PIÑA,MINISTERIO DE AGRICULTURA,EMCV,,,0.0,https://indomet.gob.do/wp-content/uploads/2026/02/temperaturas-extremas-y-precipitaciones-2026x02x20-a.pdf
2026-02-20,034,GASPAR HERNÁNDEZ,ESPAILLAT,PROPIEDAD DEL EMPLEADO,EMCI,,,0.0,https://indomet.gob.do/wp-content/uploads/2026/02/temperaturas-extremas-y-precipitaciones-2026x02x20-a.pdf
2026-02-20,035,GURABO,SANTIAGO,MINISTERIO DE AGRICULTURA,EMCV,,,0.0,https://indomet.gob.do/wp-content/uploads/2026/02/temperaturas-extremas-y-precipitaciones-2026x02x20-a.pdf
2026-02-20,036,HATO MAYOR,HATO MAYOR,MINISTERIO DE AGRICULTURA,EMCV,,,0.0,https://indomet.gob.do/wp-content/uploads/2026/02/temperaturas-extremas-y-precipitaciones-2026x02x20-a.pdf
2026-02-20,037,HONDO VALLE,ELÍAS PIÑA,MINISTERIO DE AGRICULTURA,EMCI,22.9,14.7,0.0,https://indomet.gob.do/wp-content/uploads/2026/02/temperaturas-extremas-y-precipitaciones-2026x02x20-a.pdf
2026-02-20,038,JIMANÍ,INDEPENDENCIA,MINISTERIO DE AGRICULTURA,EMCI,33.2,22.2,0.0,https://indomet.gob.do/wp-content/uploads/2026/02/temperaturas-extremas-y-precipitaciones-2026x02x20-a.pdf
2026-02-20,039,JUMA BEJUCAL,MONSEÑOR NOUEL,IDIAF,EMCV,30.0,17.4,0.0,https://indomet.gob.do/wp-content/uploads/2026/02/temperaturas-extremas-y-precipitaciones-2026x02x20-a.pdf
2026-02-20,040,LA VEGA,LA VEGA,IATESA,EMCI,32.5,19.5,0.0,https://indomet.gob.do/wp-content/uploads/2026/02/temperaturas-extremas-y-precipitaciones-2026x02x20-a.pdf
2026-02-20,041,LA VICTORIA,SANTO DOMINGO,CUERPO DE BOMBEROS,EMCI,32.0,20.0,0.0,https://indomet.gob.do/wp-content/uploads/2026/02/temperaturas-extremas-y-precipitaciones-2026x02x20-a.pdf
2026-02-20,042,LAS CANAS (EMA),MONTE CRISTI,PROGRAMA MUNDIAL DE ALIMENTO,EMAP,28.2,20.9,0.0,https://indomet.gob.do/wp-content/uploads/2026/02/temperaturas-extremas-y-precipitaciones-2026x02x20-a.pdf
2026-02-20,043,LAS MATAS DE SANTA CRUZ (EMA,MONTE CRISTI,PROGRAMA MUNDIAL DE ALIMENTO,EMAP,,,0.0,https://indomet.gob.do/wp-content/uploads/2026/02/temperaturas-extremas-y-precipitaciones-2026x02x20-a.pdf
2026-02-20,044,LOS LLANOS,SAN PEDRO DE MACORÍS,MINISTERIO DE AGRICULTURA,EMCI,32.0,19.5,0.0,https://indomet.gob.do/wp-content/uploads/2026/02/temperaturas-extremas-y-precipitaciones-2026x02x20-a.pdf
2026-02-20,045,LOS TRES CHARCOS (EMA),PEDERNALES,PROPIEDAD DEL VOLUNTARIO,EMAP,,,0.0,https://indomet.gob.do/wp-content/uploads/2026/02/temperaturas-extremas-y-precipitaciones-2026x02x20-a.pdf
2026-02-20,046,MAO,VALVERDE,INDRHI / MINISTERIO DE AGRICULTURA,EMCV,,,0.0,https://indomet.gob.do/wp-content/uploads/2026/02/temperaturas-extremas-y-precipitaciones-2026x02x20-a.pdf
2026-02-20,047,MONCIÓN (EMA),SANTIAGO RODRÍGUEZ,PROGRAMA MUNDIAL DE ALIMENTO,EMAP,30.5,17.5,0.0,https://indomet.gob.do/wp-content/uploads/2026/02/temperaturas-extremas-y-precipitaciones-2026x02x20-a.pdf
2026-02-20,048,MONTE CRISTI,MONTE CRISTI,INDOMET,EMCI,31.5,22.0,0.0,https://indomet.gob.do/wp-content/uploads/2026/02/temperaturas-extremas-y-precipitaciones-2026x02x20-a.pdf
2026-02-20,049,NAVARRETE,SANTIAGO,MINISTERIO DE AGRICULTURA,EMCV,,,0.0,https://indomet.gob.do/wp-content/uploads/2026/02/temperaturas-extremas-y-precipitaciones-2026x02x20-a.pdf
2026-02-20,050,OLIVARES,PEDERNALES,INDRHI,EMCI,,,0.0,https://indomet.gob.do/wp-content/uploads/2026/02/temperaturas-extremas-y-precipitaciones-2026x02x20-a.pdf
2026-02-20,051,PADRE LAS CASAS,AZUA,HOSP. NTRA. SRA. DEL CARMEN,EMCI,31.0,17.0,0.0,https://indomet.gob.do/wp-content/uploads/2026/02/temperaturas-extremas-y-precipitaciones-2026x02x20-a.pdf
2026-02-20,052,PALO ÍNDIO,PUERTO PLATA,MINISTERIO DE AGRICULTURA,EMCI,,,0.0,https://indomet.gob.do/wp-content/uploads/2026/02/temperaturas-extremas-y-precipitaciones-2026x02x20-a.pdf
2026-02-20,053,PEDERNALES,PEDERNALES,INDRHI,EMCI,,,0.0,https://indomet.gob.do/wp-content/uploads/2026/02/temperaturas-extremas-y-precipitaciones-2026x02x20-a.pdf
2026-02-20,054,PERALTA,AZUA,HOSP. MPAL. DE PERALTA,EMCI,30.0,13.5,0.0,https://indomet.gob.do/wp-content/uploads/2026/02/temperaturas-extremas-y-precipitaciones-2026x02x20-a.pdf
2026-02-20,055,POLO,BARAHONA,INDOCAFE,EMCI,,11.0,0.0,https://indomet.gob.do/wp-content/uploads/2026/02/temperaturas-extremas-y-precipitaciones-2026x02x20-a.pdf
2026-02-20,056,PONTÓN ABAJO (EMA),LA VEGA,MINISTERIO DE AGRICULTURA,EMAP,32.8,20.3,0.0,https://indomet.gob.do/wp-content/uploads/2026/02/temperaturas-extremas-y-precipitaciones-2026x02x20-a.pdf
2026-02-20,057,PRESA DE TAVERAS (EMA),LA VEGA,PROGRAMA MUNDIAL DE ALIMENTO,EMAP,29.5,17.4,0.0,https://indomet.gob.do/wp-content/uploads/2026/02/temperaturas-extremas-y-precipitaciones-2026x02x20-a.pdf
2026-02-20,058,RANCHO ARRIBA,SAN JOSÉ DE OCOA,CENTRO TECNOLÓGICO COMUNITARIO,EMCI,27.4,14.3,0.0,https://indomet.gob.do/wp-content/uploads/2026/02/temperaturas-extremas-y-precipitaciones-2026x02x20-a.pdf
2026-02-20,059,RESTAURACIÓN,DAJABÓN,MINISTERIO DE AGRICULTURA,EMCI,29.6,13.1,0.0,https://indomet.gob.do/wp-content/uploads/2026/02/temperaturas-extremas-y-precipitaciones-2026x02x20-a.pdf
2026-02-20,060,RÍO SAN JUAN,MARÍA TRINIDAD SÁNCHEZ,HOSP. MPAL. DR. DESIDERIO ACOSTA,EMCV,32.6,21.0,0.0,https://indomet.gob.do/wp-content/uploads/2026/02/temperaturas-extremas-y-precipitaciones-2026x02x20-a.pdf
2026-02-20,061,SABANA DE LA MAR,HATO MAYOR,INDOMET,EMCI,31.4,18.8,0.0,https://indomet.gob.do/wp-content/uploads/2026/02/temperaturas-extremas-y-precipitaciones-2026x02x20-a.pdf
2026-02-20,062,SABANA GRANDE DE BOYÁ,MONTE PLATA,MINISTERIO DE AGRICULTURA,EMCV,,,0.0,https://indomet.gob.do/wp-content/uploads/2026/02/temperaturas-extremas-y-precipitaciones-2026x02x20-a.pdf
2026-02-20,063,SABANETA (EMA),SANTIAGO RODRÍGUEZ,PROGRAMA MUNDIAL DE ALIMENTO,EMAP,35.4,20.9,0.0,https://indomet.gob.do/wp-content/uploads/2026/02/temperaturas-extremas-y-precipitaciones-2026x02x20-a.pdf
2026-02-20,064,SALCEDO,HERMANAS MIRABAL,PROPIEDAD DEL EMPLEADO,EMCI,,,0.0,https://indomet.gob.do/wp-content/uploads/2026/02/temperaturas-extremas-y-precipitaciones-2026x02x20-a.pdf
2026-02-20,065,SAMANÁ,SAMANÁ,COMANDANCIA DE PUERTO DE SAMANÁ,EMCI,30.0,16.5,0.0,https://indomet.gob.do/wp-content/uploads/2026/02/temperaturas-extremas-y-precipitaciones-2026x02x20-a.pdf
2026-02-20,066,SAN CRISTÓBAL,SAN CRISTÓBAL,INSTITUTO POLITÉCNICO LOYOLA,EMCI,31.2,20.0,0.0,https://indomet.gob.do/wp-content/uploads/2026/02/temperaturas-extremas-y-precipitaciones-2026x02x20-a.pdf
2026-02-20,067,SAN JOSÉ DE OCOA,SAN JOSÉ DE OCOA,HOSP. SAN JOSÉ DE OCOA,EMCI,30.5,16.7,0.0,https://indomet.gob.do/wp-content/uploads/2026/02/temperaturas-extremas-y-precipitaciones-2026x02x20-a.pdf
2026-02-20,068,SAN RAFAEL DEL YUMA,LA ALTAGRACIA,MINISTERIO DE AGRICULTURA,EMCI,30.5,20.0,0.0,https://indomet.gob.do/wp-content/uploads/2026/02/temperaturas-extremas-y-precipitaciones-2026x02x20-a.pdf
2026-02-20,069,SÁNCHEZ,SAMANÁ,MINISTERIO DE AGRICULTURA,EMCI,30.3,19.4,0.0,https://indomet.gob.do/wp-content/uploads/2026/02/temperaturas-extremas-y-precipitaciones-2026x02x20-a.pdf
2026-02-20,070,BUCARA (EMA),SANTIAGO,MINISTERIO DE AGRICULTURA,EMAI,,,0.0,https://indomet.gob.do/wp-content/uploads/2026/02/temperaturas-extremas-y-precipitaciones-2026x02x20-a.pdf
2026-02-20,071,SANTIAGO RODRÍGUEZ,SANTIAGO RODRÍGUEZ,INDOMET,EMCI,35.4,21.0,0.0,https://indomet.gob.do/wp-content/uploads/2026/02/temperaturas-extremas-y-precipitaciones-2026x02x20-a.pdf
2026-02-20,072,SANTO DOMINGO ESTE,SANTO DOMINGO,INDOMET,EMCI,31.1,21.6,0.0,https://indomet.gob.do/wp-content/uploads/2026/02/temperaturas-extremas-y-precipitaciones-2026x02x20-a.pdf
2026-02-20,073,TÁBARA ABAJO,AZUA,INDRHI,EMCI,30.5,18.0,0.0,https://indomet.gob.do/wp-content/uploads/2026/02/temperaturas-extremas-y-precipitaciones-2026x02x20-a.pdf
2026-02-20,074,VILLA ALTAGRACIA,SAN CRISTÓBAL,ESCUELA JAVIER ANGULO GURIDI,EMCI,,,0.0,https://indomet.gob.do/wp-content/uploads/2026/02/temperaturas-extremas-y-precipitaciones-2026x02x20-a.pdf
2026-02-20,075,VILLA GONZALES,SANTIAGO,MINISTERIO DE AGRICULTURA,EMCI,,,0.0,https://indomet.gob.do/wp-content/uploads/2026/02/temperaturas-extremas-y-precipitaciones-2026x02x20-a.pdf
2026-02-20,076,VILLA ISABELA,PUERTO PLATA,MINISTERIO DE AGRICULTURA,EMCV,30.0,17.2,0.0,https://indomet.gob.do/wp-content/uploads/2026/02/temperaturas-extremas-y-precipitaciones-2026x02x20-a.pdf
2026-02-21,001,MICHES (EMA),EL SEIBO,PRIVADA,EMAP,30.6,20.8,5.8,https://indomet.gob.do/wp-content/uploads/2026/02/temperaturas-extremas-y-precipitaciones-2026x02x21-a.pdf
2026-02-21,002,ARPT. DE PUNTA CANA,LA ALTAGRACIA,INDOMET,EMCI,29.2,21.0,5.4,https://indomet.gob.do/wp-content/uploads/2026/02/temperaturas-extremas-y-precipitaciones-2026x02x21-a.pdf
2026-02-21,003,SABANA GRANDE DE BOYÁ,MONTE PLATA,MINISTERIO DE AGRICULTURA,EMCV,,,3.6,https://indomet.gob.do/wp-content/uploads/2026/02/temperaturas-extremas-y-precipitaciones-2026x02x21-a.pdf
2026-02-21,004,BONAO,MONSEÑOR NOUEL,MINISTERIO DE AGRICULTURA,EMCV,,,1.5,https://indomet.gob.do/wp-content/uploads/2026/02/temperaturas-extremas-y-precipitaciones-2026x02x21-a.pdf
2026-02-21,005,JUMA BEJUCAL,MONSEÑOR NOUEL,IDIAF,EMCV,30.6,19.0,1.0,https://indomet.gob.do/wp-content/uploads/2026/02/temperaturas-extremas-y-precipitaciones-2026x02x21-a.pdf
2026-02-21,006,RANCHO ARRIBA,SAN JOSÉ DE OCOA,CENTRO TECNOLÓGICO COMUNITARIO,EMCI,27.3,13.2,0.4,https://indomet.gob.do/wp-content/uploads/2026/02/temperaturas-extremas-y-precipitaciones-2026x02x21-a.pdf
2026-02-21,007,SAMANÁ,SAMANÁ,COMANDANCIA DE PUERTO DE SAMANÁ,EMCI,31.1,17.2,0.2,https://indomet.gob.do/wp-content/uploads/2026/02/temperaturas-extremas-y-precipitaciones-2026x02x21-a.pdf
2026-02-21,008,CABRAL,BARAHONA,MINISTERIO DE AGRICULTURA,EMCV,32.0,19.9,0.1,https://indomet.gob.do/wp-content/uploads/2026/02/temperaturas-extremas-y-precipitaciones-2026x02x21-a.pdf
2026-02-21,009,ENRIQUILLO,BARAHONA,MINISTERIO DE AGRICULTURA,EMCV,30.8,21.5,0.1,https://indomet.gob.do/wp-content/uploads/2026/02/temperaturas-extremas-y-precipitaciones-2026x02x21-a.pdf
2026-02-21,010,LA VEGA,LA VEGA,IATESA,EMCI,32.5,19.0,0.1,https://indomet.gob.do/wp-content/uploads/2026/02/temperaturas-extremas-y-precipitaciones-2026x02x21-a.pdf
2026-02-21,011,ALTAMIRA,PUERTO PLATA,HOSP. MPAL. DE ALTAMIRA,EMCI,30.9,16.5,0.0,https://indomet.gob.do/wp-content/uploads/2026/02/temperaturas-extremas-y-precipitaciones-2026x02x21-a.pdf
2026-02-21,012,ALTO BANDERA (EMA),LA VEGA,INTEC,EMAP,17.1,7.7,0.0,https://indomet.gob.do/wp-content/uploads/2026/02/temperaturas-extremas-y-precipitaciones-2026x02x21-a.pdf
2026-02-21,013,ANAMUYA (EMA),LA ALTAGRACIA,MINISTERIO DE AGRICULTURA,EMAP,31.2,20.7,0.0,https://indomet.gob.do/wp-content/uploads/2026/02/temperaturas-extremas-y-precipitaciones-2026x02x21-a.pdf
2026-02-21,014,ARPT. ARROYO BARRIL,SAMANÁ,INDOMET,EMCI,30.5,21.0,0.0,https://indomet.gob.do/wp-content/uploads/2026/02/temperaturas-extremas-y-precipitaciones-2026x02x21-a.pdf
2026-02-21,015,ARPT. DE LA ROMANA,LA ROMANA,INDOMET,EMCI,31.0,18.2,0.0,https://indomet.gob.do/wp-content/uploads/2026/02/temperaturas-extremas-y-precipitaciones-2026x02x21-a.pdf
2026-02-21,016,ARPT. DE LAS AMÉRICAS,SANTO DOMINGO,INDOMET,EMCI,30.0,20.6,0.0,https://indomet.gob.do/wp-content/uploads/2026/02/temperaturas-extremas-y-precipitaciones-2026x02x21-a.pdf
2026-02-21,017,ARPT. DEL CIBAO,SANTIAGO,INDOMET,EMCI,32.1,20.3,0.0,https://indomet.gob.do/wp-content/uploads/2026/02/temperaturas-extremas-y-precipitaciones-2026x02x21-a.pdf
2026-02-21,018,ARPT. EL CATEY,SAMANÁ,INDOMET,EMCI,31.6,19.0,0.0,https://indomet.gob.do/wp-content/uploads/2026/02/temperaturas-extremas-y-precipitaciones-2026x02x21-a.pdf
2026-02-21,019,ARPT. GREGORIO LUPERÓN,PUERTO PLATA,INDOMET,EMCI,30.5,20.5,0.0,https://indomet.gob.do/wp-content/uploads/2026/02/temperaturas-extremas-y-precipitaciones-2026x02x21-a.pdf
2026-02-21,020,ARPT. LA ISABELA,SANTO DOMINGO,INDOMET,EMCI,31.8,18.8,0.0,https://indomet.gob.do/wp-content/uploads/2026/02/temperaturas-extremas-y-precipitaciones-2026x02x21-a.pdf
2026-02-21,021,ARPT. MARÍA MONTEZ,BARAHONA,INDOMET,EMCI,31.2,20.5,0.0,https://indomet.gob.do/wp-content/uploads/2026/02/temperaturas-extremas-y-precipitaciones-2026x02x21-a.pdf
2026-02-21,022,ARROYO LORO,SAN JUAN,IDIAF,EMCI,32.0,14.5,0.0,https://indomet.gob.do/wp-content/uploads/2026/02/temperaturas-extremas-y-precipitaciones-2026x02x21-a.pdf
2026-02-21,023,BANI (EMA),PERAVIA,MINISTERIO DE AGRICULTURA,EMAP,30.8,22.9,0.0,https://indomet.gob.do/wp-content/uploads/2026/02/temperaturas-extremas-y-precipitaciones-2026x02x21-a.pdf
2026-02-21,024,BASE AÉREA DE SAN ISIDRO,SANTO DOMINGO,FUERZA AÉREA DOMINICANA,EMCV,30.2,21.2,0.0,https://indomet.gob.do/wp-content/uploads/2026/02/temperaturas-extremas-y-precipitaciones-2026x02x21-a.pdf
2026-02-21,025,BAYAGUANA,MONTE PLATA,INDOMET,EMCI,31.4,18.6,0.0,https://indomet.gob.do/wp-content/uploads/2026/02/temperaturas-extremas-y-precipitaciones-2026x02x21-a.pdf
2026-02-21,026,BOCA DE MAO (EMA),VALVERDE,MINISTERIO DE AGRICULTURA,EMAP,33.8,18.9,0.0,https://indomet.gob.do/wp-content/uploads/2026/02/temperaturas-extremas-y-precipitaciones-2026x02x21-a.pdf
2026-02-21,027,BUCARA (EMA),SANTIAGO,MINISTERIO DE AGRICULTURA,EMAI,,,0.0,https://indomet.gob.do/wp-content/uploads/2026/02/temperaturas-extremas-y-precipitaciones-2026x02x21-a.pdf
2026-02-21,028,CABRERA,MARÍA TRINIDAD SÁNCHEZ,ESCUELA ARÍSTIDES FIALLO CABRAL,EMCI,31.2,23.2,0.0,https://indomet.gob.do/wp-content/uploads/2026/02/temperaturas-extremas-y-precipitaciones-2026x02x21-a.pdf
2026-02-21,029,CENTRO DE LOS HEROES (EMA),DISTRITO NACIONAL,MINISTERIO DE ENERGIA Y MINA,EMAP,30.0,24.1,0.0,https://indomet.gob.do/wp-content/uploads/2026/02/temperaturas-extremas-y-precipitaciones-2026x02x21-a.pdf
2026-02-21,030,CONSTANZA,LA VEGA,MINISTERIO DE AGRICULTURA,EMCI,24.0,12.0,0.0,https://indomet.gob.do/wp-content/uploads/2026/02/temperaturas-extremas-y-precipitaciones-2026x02x21-a.pdf
2026-02-21,031,CONSTANZA (EMA),LA VEGA,PROGRAMA MUNDIAL DE ALIMENTO,EMAP,23.3,8.5,0.0,https://indomet.gob.do/wp-content/uploads/2026/02/temperaturas-extremas-y-precipitaciones-2026x02x21-a.pdf
2026-02-21,032,DAJABÓN,DAJABÓN,INSTITUTO POLITÉCNICO LOYOLA,EMCI,34.9,19.4,0.0,https://indomet.gob.do/wp-content/uploads/2026/02/temperaturas-extremas-y-precipitaciones-2026x02x21-a.pdf
2026-02-21,033,EL FACTOR (EMA),MARÍA TRINIDAD SÁNCHEZ,INTEC,EMAP,32.2,21.4,0.0,https://indomet.gob.do/wp-content/uploads/2026/02/temperaturas-extremas-y-precipitaciones-2026x02x21-a.pdf
2026-02-21,034,ELÍAS PIÑA,ELÍAS PIÑA,MINISTERIO DE AGRICULTURA,EMCV,,,0.0,https://indomet.gob.do/wp-content/uploads/2026/02/temperaturas-extremas-y-precipitaciones-2026x02x21-a.pdf
2026-02-21,035,ESCONDIDO,PERAVIA,MINISTERIO DE AGRICULTURA,EMCV,31.0,23.0,0.0,https://indomet.gob.do/wp-content/uploads/2026/02/temperaturas-extremas-y-precipitaciones-2026x02x21-a.pdf
2026-02-21,036,GASPAR HERNÁNDEZ,ESPAILLAT,PROPIEDAD DEL EMPLEADO,EMCI,,,0.0,https://indomet.gob.do/wp-content/uploads/2026/02/temperaturas-extremas-y-precipitaciones-2026x02x21-a.pdf
2026-02-21,037,GURABO,SANTIAGO,MINISTERIO DE AGRICULTURA,EMCV,,,0.0,https://indomet.gob.do/wp-content/uploads/2026/02/temperaturas-extremas-y-precipitaciones-2026x02x21-a.pdf
2026-02-21,038,HATO MAYOR,HATO MAYOR,MINISTERIO DE AGRICULTURA,EMCV,,,0.0,https://indomet.gob.do/wp-content/uploads/2026/02/temperaturas-extremas-y-precipitaciones-2026x02x21-a.pdf
2026-02-21,039,HONDO VALLE,ELÍAS PIÑA,MINISTERIO DE AGRICULTURA,EMCI,22.1,13.0,0.0,https://indomet.gob.do/wp-content/uploads/2026/02/temperaturas-extremas-y-precipitaciones-2026x02x21-a.pdf
2026-02-21,040,JARABACOA,LA VEGA,INDRHI / MARENA,EMCI,30.4,13.2,0.0,https://indomet.gob.do/wp-content/uploads/2026/02/temperaturas-extremas-y-precipitaciones-2026x02x21-a.pdf
2026-02-21,041,JARABACOA (EMA),LA VEGA,PROGRAMA MUNDIAL DE ALIMENTO,EMAP,28.7,15.5,0.0,https://indomet.gob.do/wp-content/uploads/2026/02/temperaturas-extremas-y-precipitaciones-2026x02x21-a.pdf
2026-02-21,042,JARDÍN BOTÁNICO SANTIAGO (EMSANTIAGO,,JARDIN BOTANICO SANTIAGO,EMAI,31.8,20.7,0.0,https://indomet.gob.do/wp-content/uploads/2026/02/temperaturas-extremas-y-precipitaciones-2026x02x21-a.pdf
2026-02-21,043,JIMANÍ,INDEPENDENCIA,MINISTERIO DE AGRICULTURA,EMCI,32.8,22.2,0.0,https://indomet.gob.do/wp-content/uploads/2026/02/temperaturas-extremas-y-precipitaciones-2026x02x21-a.pdf
2026-02-21,044,LA VICTORIA,SANTO DOMINGO,CUERPO DE BOMBEROS,EMCI,32.2,21.0,0.0,https://indomet.gob.do/wp-content/uploads/2026/02/temperaturas-extremas-y-precipitaciones-2026x02x21-a.pdf
2026-02-21,045,LAS CANAS (EMA),MONTE CRISTI,PROGRAMA MUNDIAL DE ALIMENTO,EMAP,28.4,21.0,0.0,https://indomet.gob.do/wp-content/uploads/2026/02/temperaturas-extremas-y-precipitaciones-2026x02x21-a.pdf
2026-02-21,046,LAS MATAS DE SANTA CRUZ (EMA,MONTE CRISTI,PROGRAMA MUNDIAL DE ALIMENTO,EMAP,,,0.0,https://indomet.gob.do/wp-content/uploads/2026/02/temperaturas-extremas-y-precipitaciones-2026x02x21-a.pdf
2026-02-21,047,LOS LLANOS,SAN PEDRO DE MACORÍS,MINISTERIO DE AGRICULTURA,EMCI,31.0,21.0,0.0,https://indomet.gob.do/wp-content/uploads/2026/02/temperaturas-extremas-y-precipitaciones-2026x02x21-a.pdf
2026-02-21,048,LOS TRES CHARCOS (EMA),PEDERNALES,PROPIEDAD DEL VOLUNTARIO,EMAP,,,0.0,https://indomet.gob.do/wp-content/uploads/2026/02/temperaturas-extremas-y-precipitaciones-2026x02x21-a.pdf
2026-02-21,049,MAO,VALVERDE,INDRHI / MINISTERIO DE AGRICULTURA,EMCV,,,0.0,https://indomet.gob.do/wp-content/uploads/2026/02/temperaturas-extremas-y-precipitaciones-2026x02x21-a.pdf
2026-02-21,050,MONCIÓN (EMA),SANTIAGO RODRÍGUEZ,PROGRAMA MUNDIAL DE ALIMENTO,EMAP,30.4,18.1,0.0,https://indomet.gob.do/wp-content/uploads/2026/02/temperaturas-extremas-y-precipitaciones-2026x02x21-a.pdf
2026-02-21,051,MONTE CRISTI,MONTE CRISTI,INDOMET,EMCI,32.3,22.0,0.0,https://indomet.gob.do/wp-content/uploads/2026/02/temperaturas-extremas-y-precipitaciones-2026x02x21-a.pdf
2026-02-21,052,NAVARRETE,SANTIAGO,MINISTERIO DE AGRICULTURA,EMCV,,,0.0,https://indomet.gob.do/wp-content/uploads/2026/02/temperaturas-extremas-y-precipitaciones-2026x02x21-a.pdf
2026-02-21,053,OLIVARES,PEDERNALES,INDRHI,EMCI,,,0.0,https://indomet.gob.do/wp-content/uploads/2026/02/temperaturas-extremas-y-precipitaciones-2026x02x21-a.pdf
2026-02-21,054,OVIEDO,PEDERNALES,CLÍNICA RURAL OVIEDO,EMCI,31.0,19.5,0.0,https://indomet.gob.do/wp-content/uploads/2026/02/temperaturas-extremas-y-precipitaciones-2026x02x21-a.pdf
2026-02-21,055,PADRE LAS CASAS,AZUA,HOSP. NTRA. SRA. DEL CARMEN,EMCI,31.0,15.0,0.0,https://indomet.gob.do/wp-content/uploads/2026/02/temperaturas-extremas-y-precipitaciones-2026x02x21-a.pdf
2026-02-21,056,PALO ÍNDIO,PUERTO PLATA,MINISTERIO DE AGRICULTURA,EMCI,,,0.0,https://indomet.gob.do/wp-content/uploads/2026/02/temperaturas-extremas-y-precipitaciones-2026x02x21-a.pdf
2026-02-21,057,PEDERNALES,PEDERNALES,INDRHI,EMCI,,,0.0,https://indomet.gob.do/wp-content/uploads/2026/02/temperaturas-extremas-y-precipitaciones-2026x02x21-a.pdf
2026-02-21,058,PERALTA,AZUA,HOSP. MPAL. DE PERALTA,EMCI,30.7,13.8,0.0,https://indomet.gob.do/wp-content/uploads/2026/02/temperaturas-extremas-y-precipitaciones-2026x02x21-a.pdf
2026-02-21,059,PESCADERIA (EMA),BARAHONA,MINISTERIO DE AGRICULTURA,EMAP,,,0.0,https://indomet.gob.do/wp-content/uploads/2026/02/temperaturas-extremas-y-precipitaciones-2026x02x21-a.pdf
2026-02-21,060,POLO,BARAHONA,INDOCAFE,EMCI,,12.0,0.0,https://indomet.gob.do/wp-content/uploads/2026/02/temperaturas-extremas-y-precipitaciones-2026x02x21-a.pdf
2026-02-21,061,PONTÓN ABAJO (EMA),LA VEGA,MINISTERIO DE AGRICULTURA,EMAP,33.3,19.8,0.0,https://indomet.gob.do/wp-content/uploads/2026/02/temperaturas-extremas-y-precipitaciones-2026x02x21-a.pdf
2026-02-21,062,PRESA DE TAVERAS (EMA),LA VEGA,PROGRAMA MUNDIAL DE ALIMENTO,EMAP,30.2,19.2,0.0,https://indomet.gob.do/wp-content/uploads/2026/02/temperaturas-extremas-y-precipitaciones-2026x02x21-a.pdf
2026-02-21,063,RESTAURACIÓN,DAJABÓN,MINISTERIO DE AGRICULTURA,EMCI,30.1,14.2,0.0,https://indomet.gob.do/wp-content/uploads/2026/02/temperaturas-extremas-y-precipitaciones-2026x02x21-a.pdf
2026-02-21,064,RÍO SAN JUAN,MARÍA TRINIDAD SÁNCHEZ,HOSP. MPAL. DR. DESIDERIO ACOSTA,EMCV,32.2,21.8,0.0,https://indomet.gob.do/wp-content/uploads/2026/02/temperaturas-extremas-y-precipitaciones-2026x02x21-a.pdf
2026-02-21,065,SABANA DE LA MAR,HATO MAYOR,INDOMET,EMCI,30.6,20.0,0.0,https://indomet.gob.do/wp-content/uploads/2026/02/temperaturas-extremas-y-precipitaciones-2026x02x21-a.pdf
2026-02-21,066,SABANETA (EMA),SANTIAGO RODRÍGUEZ,PROGRAMA MUNDIAL DE ALIMENTO,EMAP,34.6,20.6,0.0,https://indomet.gob.do/wp-content/uploads/2026/02/temperaturas-extremas-y-precipitaciones-2026x02x21-a.pdf
2026-02-21,067,SALCEDO,HERMANAS MIRABAL,PROPIEDAD DEL EMPLEADO,EMCI,,,0.0,https://indomet.gob.do/wp-content/uploads/2026/02/temperaturas-extremas-y-precipitaciones-2026x02x21-a.pdf
2026-02-21,068,SAN CRISTÓBAL,SAN CRISTÓBAL,INSTITUTO POLITÉCNICO LOYOLA,EMCI,31.2,20.0,0.0,https://indomet.gob.do/wp-content/uploads/2026/02/temperaturas-extremas-y-precipitaciones-2026x02x21-a.pdf
2026-02-21,069,SAN JOSÉ DE OCOA,SAN JOSÉ DE OCOA,HOSP. SAN JOSÉ DE OCOA,EMCI,30.1,16.9,0.0,https://indomet.gob.do/wp-content/uploads/2026/02/temperaturas-extremas-y-precipitaciones-2026x02x21-a.pdf
2026-02-21,070,SAN RAFAEL DEL YUMA,LA ALTAGRACIA,MINISTERIO DE AGRICULTURA,EMCI,31.7,20.5,0.0,https://indomet.gob.do/wp-content/uploads/2026/02/temperaturas-extremas-y-precipitaciones-2026x02x21-a.pdf
2026-02-21,071,SÁNCHEZ,SAMANÁ,MINISTERIO DE AGRICULTURA,EMCI,30.2,21.4,0.0,https://indomet.gob.do/wp-content/uploads/2026/02/temperaturas-extremas-y-precipitaciones-2026x02x21-a.pdf
2026-02-21,072,SANTIAGO RODRÍGUEZ,SANTIAGO RODRÍGUEZ,INDOMET,EMCI,35.5,21.0,0.0,https://indomet.gob.do/wp-content/uploads/2026/02/temperaturas-extremas-y-precipitaciones-2026x02x21-a.pdf
2026-02-21,073,SANTO DOMINGO ESTE,SANTO DOMINGO,INDOMET,EMCI,31.5,23.0,0.0,https://indomet.gob.do/wp-content/uploads/2026/02/temperaturas-extremas-y-precipitaciones-2026x02x21-a.pdf
2026-02-21,074,TÁBARA ABAJO,AZUA,INDRHI,EMCI,32.0,16.4,0.0,https://indomet.gob.do/wp-content/uploads/2026/02/temperaturas-extremas-y-precipitaciones-2026x02x21-a.pdf
2026-02-21,075,VILLA ALTAGRACIA,SAN CRISTÓBAL,ESCUELA JAVIER ANGULO GURIDI,EMCI,,,0.0,https://indomet.gob.do/wp-content/uploads/2026/02/temperaturas-extremas-y-precipitaciones-2026x02x21-a.pdf
2026-02-21,076,VILLA GONZALES,SANTIAGO,MINISTERIO DE AGRICULTURA,EMCI,,,0.0,https://indomet.gob.do/wp-content/uploads/2026/02/temperaturas-extremas-y-precipitaciones-2026x02x21-a.pdf
2026-02-21,077,VILLA ISABELA,PUERTO PLATA,MINISTERIO DE AGRICULTURA,EMCV,30.5,16.8,0.0,https://indomet.gob.do/wp-content/uploads/2026/02/temperaturas-extremas-y-precipitaciones-2026x02x21-a.pdf
2026-02-21,078,VILLA RIVA,DUARTE,HOSP. MPAL. ALICIA DE LEGENDRE,EMCI,31.5,18.0,0.0,https://indomet.gob.do/wp-content/uploads/2026/02/temperaturas-extremas-y-precipitaciones-2026x02x21-a.pdf
2026-02-21,079,VILLA VASQUEZ (EMA),MONTE CRISTI,JUNTA DE REGANTES,EMAI,,,0.0,https://indomet.gob.do/wp-content/uploads/2026/02/temperaturas-extremas-y-precipitaciones-2026x02x21-a.pdf
2026-02-22,001,MICHES (EMA),EL SEIBO,PRIVADA,EMAP,,,7.6,https://indomet.gob.do/wp-content/uploads/2026/02/temperaturas-extremas-y-precipitaciones-2026x02x22-a.pdf
2026-02-22,002,POLO,BARAHONA,INDOCAFE,EMCI,,13.0,5.7,https://indomet.gob.do/wp-content/uploads/2026/02/temperaturas-extremas-y-precipitaciones-2026x02x22-a.pdf
2026-02-22,003,ARPT. ARROYO BARRIL,SAMANÁ,INDOMET,EMCI,31.0,22.0,5.2,https://indomet.gob.do/wp-content/uploads/2026/02/temperaturas-extremas-y-precipitaciones-2026x02x22-a.pdf
2026-02-22,004,CABRAL,BARAHONA,MINISTERIO DE AGRICULTURA,EMCV,29.8,20.4,4.5,https://indomet.gob.do/wp-content/uploads/2026/02/temperaturas-extremas-y-precipitaciones-2026x02x22-a.pdf
2026-02-22,005,ARPT. MARÍA MONTEZ,BARAHONA,INDOMET,EMCI,29.9,20.3,4.4,https://indomet.gob.do/wp-content/uploads/2026/02/temperaturas-extremas-y-precipitaciones-2026x02x22-a.pdf
2026-02-22,006,ENRIQUILLO,BARAHONA,MINISTERIO DE AGRICULTURA,EMCV,30.5,19.0,2.0,https://indomet.gob.do/wp-content/uploads/2026/02/temperaturas-extremas-y-precipitaciones-2026x02x22-a.pdf
2026-02-22,007,SAMANÁ,SAMANÁ,COMANDANCIA DE PUERTO DE SAMANÁ,EMCI,31.0,17.2,1.2,https://indomet.gob.do/wp-content/uploads/2026/02/temperaturas-extremas-y-precipitaciones-2026x02x22-a.pdf
2026-02-22,008,SABANA DE LA MAR,HATO MAYOR,INDOMET,EMCI,31.4,20.0,0.9,https://indomet.gob.do/wp-content/uploads/2026/02/temperaturas-extremas-y-precipitaciones-2026x02x22-a.pdf
2026-02-22,009,ARPT. DE PUNTA CANA,LA ALTAGRACIA,INDOMET,EMCI,29.4,20.8,0.2,https://indomet.gob.do/wp-content/uploads/2026/02/temperaturas-extremas-y-precipitaciones-2026x02x22-a.pdf
2026-02-22,010,ALTAMIRA,PUERTO PLATA,HOSP. MPAL. DE ALTAMIRA,EMCI,31.6,17.1,0.0,https://indomet.gob.do/wp-content/uploads/2026/02/temperaturas-extremas-y-precipitaciones-2026x02x22-a.pdf
2026-02-22,011,ALTO BANDERA (EMA),LA VEGA,INTEC,EMAP,16.7,5.8,0.0,https://indomet.gob.do/wp-content/uploads/2026/02/temperaturas-extremas-y-precipitaciones-2026x02x22-a.pdf
2026-02-22,012,ANAMUYA (EMA),LA ALTAGRACIA,MINISTERIO DE AGRICULTURA,EMAP,31.3,20.4,0.0,https://indomet.gob.do/wp-content/uploads/2026/02/temperaturas-extremas-y-precipitaciones-2026x02x22-a.pdf
2026-02-22,013,ARPT. DE LA ROMANA,LA ROMANA,INDOMET,EMCI,31.4,19.5,0.0,https://indomet.gob.do/wp-content/uploads/2026/02/temperaturas-extremas-y-precipitaciones-2026x02x22-a.pdf
2026-02-22,014,ARPT. DE LAS AMÉRICAS,SANTO DOMINGO,INDOMET,EMCI,29.6,20.7,0.0,https://indomet.gob.do/wp-content/uploads/2026/02/temperaturas-extremas-y-precipitaciones-2026x02x22-a.pdf
2026-02-22,015,ARPT. DEL CIBAO,SANTIAGO,INDOMET,EMCI,32.0,19.5,0.0,https://indomet.gob.do/wp-content/uploads/2026/02/temperaturas-extremas-y-precipitaciones-2026x02x22-a.pdf
2026-02-22,016,ARPT. EL CATEY,SAMANÁ,INDOMET,EMCI,30.8,20.0,0.0,https://indomet.gob.do/wp-content/uploads/2026/02/temperaturas-extremas-y-precipitaciones-2026x02x22-a.pdf
2026-02-22,017,ARPT. GREGORIO LUPERÓN,PUERTO PLATA,INDOMET,EMCI,30.5,19.8,0.0,https://indomet.gob.do/wp-content/uploads/2026/02/temperaturas-extremas-y-precipitaciones-2026x02x22-a.pdf
2026-02-22,018,ARPT. LA ISABELA,SANTO DOMINGO,INDOMET,EMCI,31.2,19.5,0.0,https://indomet.gob.do/wp-content/uploads/2026/02/temperaturas-extremas-y-precipitaciones-2026x02x22-a.pdf
2026-02-22,019,ARROYO LORO,SAN JUAN,IDIAF,EMCI,30.5,15.9,0.0,https://indomet.gob.do/wp-content/uploads/2026/02/temperaturas-extremas-y-precipitaciones-2026x02x22-a.pdf
2026-02-22,020,BANI (EMA),PERAVIA,MINISTERIO DE AGRICULTURA,EMAP,29.5,21.1,0.0,https://indomet.gob.do/wp-content/uploads/2026/02/temperaturas-extremas-y-precipitaciones-2026x02x22-a.pdf
2026-02-22,021,BASE AÉREA DE SAN ISIDRO,SANTO DOMINGO,FUERZA AÉREA DOMINICANA,EMCV,31.2,,0.0,https://indomet.gob.do/wp-content/uploads/2026/02/temperaturas-extremas-y-precipitaciones-2026x02x22-a.pdf
2026-02-22,022,BAYAGUANA,MONTE PLATA,INDOMET,EMCI,32.5,9.6,0.0,https://indomet.gob.do/wp-content/uploads/2026/02/temperaturas-extremas-y-precipitaciones-2026x02x22-a.pdf
2026-02-22,023,BOCA DE MAO (EMA),VALVERDE,MINISTERIO DE AGRICULTURA,EMAP,34.1,20.7,0.0,https://indomet.gob.do/wp-content/uploads/2026/02/temperaturas-extremas-y-precipitaciones-2026x02x22-a.pdf
2026-02-22,024,BOHECHÍO,SAN JUAN,MINISTERIO DE AGRICULTURA,EMCV,,,0.0,https://indomet.gob.do/wp-content/uploads/2026/02/temperaturas-extremas-y-precipitaciones-2026x02x22-a.pdf
2026-02-22,025,CABRERA,MARÍA TRINIDAD SÁNCHEZ,ESCUELA ARÍSTIDES FIALLO CABRAL,EMCI,31.5,23.0,0.0,https://indomet.gob.do/wp-content/uploads/2026/02/temperaturas-extremas-y-precipitaciones-2026x02x22-a.pdf
2026-02-22,026,CENTRO DE LOS HEROES (EMA),DISTRITO NACIONAL,MINISTERIO DE ENERGIA Y MINA,EMAP,30.9,24.1,0.0,https://indomet.gob.do/wp-content/uploads/2026/02/temperaturas-extremas-y-precipitaciones-2026x02x22-a.pdf
2026-02-22,027,CONSTANZA,LA VEGA,MINISTERIO DE AGRICULTURA,EMCI,26.0,8.7,0.0,https://indomet.gob.do/wp-content/uploads/2026/02/temperaturas-extremas-y-precipitaciones-2026x02x22-a.pdf
2026-02-22,028,CONSTANZA (EMA),LA VEGA,PROGRAMA MUNDIAL DE ALIMENTO,EMAP,24.4,10.3,0.0,https://indomet.gob.do/wp-content/uploads/2026/02/temperaturas-extremas-y-precipitaciones-2026x02x22-a.pdf
2026-02-22,029,DAJABÓN,DAJABÓN,INSTITUTO POLITÉCNICO LOYOLA,EMCI,34.6,19.2,0.0,https://indomet.gob.do/wp-content/uploads/2026/02/temperaturas-extremas-y-precipitaciones-2026x02x22-a.pdf
2026-02-22,030,EL CERCADO,SAN JUAN,MINISTERIO DE AGRICULTURA,EMCV,,,0.0,https://indomet.gob.do/wp-content/uploads/2026/02/temperaturas-extremas-y-precipitaciones-2026x02x22-a.pdf
2026-02-22,031,EL FACTOR (EMA),MARÍA TRINIDAD SÁNCHEZ,INTEC,EMAP,32.1,19.9,0.0,https://indomet.gob.do/wp-content/uploads/2026/02/temperaturas-extremas-y-precipitaciones-2026x02x22-a.pdf
2026-02-22,032,EL SEIBO,EL SEIBO,MINISTERIO DE AGRICULTURA,EMCV,,,0.0,https://indomet.gob.do/wp-content/uploads/2026/02/temperaturas-extremas-y-precipitaciones-2026x02x22-a.pdf
2026-02-22,033,ELÍAS PIÑA,ELÍAS PIÑA,MINISTERIO DE AGRICULTURA,EMCV,,,0.0,https://indomet.gob.do/wp-content/uploads/2026/02/temperaturas-extremas-y-precipitaciones-2026x02x22-a.pdf
2026-02-22,034,GASPAR HERNÁNDEZ,ESPAILLAT,PROPIEDAD DEL EMPLEADO,EMCI,,,0.0,https://indomet.gob.do/wp-content/uploads/2026/02/temperaturas-extremas-y-precipitaciones-2026x02x22-a.pdf
2026-02-22,035,GURABO,SANTIAGO,MINISTERIO DE AGRICULTURA,EMCV,,,0.0,https://indomet.gob.do/wp-content/uploads/2026/02/temperaturas-extremas-y-precipitaciones-2026x02x22-a.pdf
2026-02-22,036,HATO MAYOR,HATO MAYOR,MINISTERIO DE AGRICULTURA,EMCV,,,0.0,https://indomet.gob.do/wp-content/uploads/2026/02/temperaturas-extremas-y-precipitaciones-2026x02x22-a.pdf
2026-02-22,037,HONDO VALLE,ELÍAS PIÑA,MINISTERIO DE AGRICULTURA,EMCI,22.7,13.8,0.0,https://indomet.gob.do/wp-content/uploads/2026/02/temperaturas-extremas-y-precipitaciones-2026x02x22-a.pdf
2026-02-22,038,JARABACOA,LA VEGA,INDRHI / MARENA,EMCI,31.0,13.8,0.0,https://indomet.gob.do/wp-content/uploads/2026/02/temperaturas-extremas-y-precipitaciones-2026x02x22-a.pdf
2026-02-22,039,JARABACOA (EMA),LA VEGA,PROGRAMA MUNDIAL DE ALIMENTO,EMAP,29.4,16.6,0.0,https://indomet.gob.do/wp-content/uploads/2026/02/temperaturas-extremas-y-precipitaciones-2026x02x22-a.pdf
2026-02-22,040,JARDÍN BOTÁNICO NACIONAL,DISTRITO NACIONAL,JARDÍN BOTÁNICO NACIONAL,EMCV,30.9,19.0,0.0,https://indomet.gob.do/wp-content/uploads/2026/02/temperaturas-extremas-y-precipitaciones-2026x02x22-a.pdf
2026-02-22,041,JIMANÍ,INDEPENDENCIA,MINISTERIO DE AGRICULTURA,EMCI,32.0,22.0,0.0,https://indomet.gob.do/wp-content/uploads/2026/02/temperaturas-extremas-y-precipitaciones-2026x02x22-a.pdf
2026-02-22,042,JUMA BEJUCAL,MONSEÑOR NOUEL,IDIAF,EMCV,29.2,17.6,0.0,https://indomet.gob.do/wp-content/uploads/2026/02/temperaturas-extremas-y-precipitaciones-2026x02x22-a.pdf
2026-02-22,043,LA VEGA,LA VEGA,IATESA,EMCI,33.0,19.0,0.0,https://indomet.gob.do/wp-content/uploads/2026/02/temperaturas-extremas-y-precipitaciones-2026x02x22-a.pdf
2026-02-22,044,LA VICTORIA,SANTO DOMINGO,CUERPO DE BOMBEROS,EMCI,33.8,20.4,0.0,https://indomet.gob.do/wp-content/uploads/2026/02/temperaturas-extremas-y-precipitaciones-2026x02x22-a.pdf
2026-02-22,045,LAS CANAS (EMA),MONTE CRISTI,PROGRAMA MUNDIAL DE ALIMENTO,EMAP,,,0.0,https://indomet.gob.do/wp-content/uploads/2026/02/temperaturas-extremas-y-precipitaciones-2026x02x22-a.pdf
2026-02-22,046,LAS MATAS DE SANTA CRUZ (EMA,MONTE CRISTI,PROGRAMA MUNDIAL DE ALIMENTO,EMAP,,,0.0,https://indomet.gob.do/wp-content/uploads/2026/02/temperaturas-extremas-y-precipitaciones-2026x02x22-a.pdf
2026-02-22,047,LOS LLANOS,SAN PEDRO DE MACORÍS,MINISTERIO DE AGRICULTURA,EMCI,31.6,20.0,0.0,https://indomet.gob.do/wp-content/uploads/2026/02/temperaturas-extremas-y-precipitaciones-2026x02x22-a.pdf
2026-02-22,048,LOS TRES CHARCOS (EMA),PEDERNALES,PROPIEDAD DEL VOLUNTARIO,EMAP,,,0.0,https://indomet.gob.do/wp-content/uploads/2026/02/temperaturas-extremas-y-precipitaciones-2026x02x22-a.pdf
2026-02-22,049,LUPERÓN,PUERTO PLATA,MINISTERIO DE AGRICULTURA,EMCV,,,0.0,https://indomet.gob.do/wp-content/uploads/2026/02/temperaturas-extremas-y-precipitaciones-2026x02x22-a.pdf
2026-02-22,050,MAO,VALVERDE,INDRHI / MINISTERIO DE AGRICULTURA,EMCV,,,0.0,https://indomet.gob.do/wp-content/uploads/2026/02/temperaturas-extremas-y-precipitaciones-2026x02x22-a.pdf
2026-02-22,051,MONCIÓN (EMA),SANTIAGO RODRÍGUEZ,PROGRAMA MUNDIAL DE ALIMENTO,EMAP,29.9,19.3,0.0,https://indomet.gob.do/wp-content/uploads/2026/02/temperaturas-extremas-y-precipitaciones-2026x02x22-a.pdf
2026-02-22,052,MONTE CRISTI,MONTE CRISTI,INDOMET,EMCI,33.3,21.3,0.0,https://indomet.gob.do/wp-content/uploads/2026/02/temperaturas-extremas-y-precipitaciones-2026x02x22-a.pdf
2026-02-22,053,NAVARRETE,SANTIAGO,MINISTERIO DE AGRICULTURA,EMCV,,,0.0,https://indomet.gob.do/wp-content/uploads/2026/02/temperaturas-extremas-y-precipitaciones-2026x02x22-a.pdf
2026-02-22,054,OLIVARES,PEDERNALES,INDRHI,EMCI,,,0.0,https://indomet.gob.do/wp-content/uploads/2026/02/temperaturas-extremas-y-precipitaciones-2026x02x22-a.pdf
2026-02-22,055,OVIEDO,PEDERNALES,CLÍNICA RURAL OVIEDO,EMCI,31.0,19.0,0.0,https://indomet.gob.do/wp-content/uploads/2026/02/temperaturas-extremas-y-precipitaciones-2026x02x22-a.pdf
2026-02-22,056,PADRE LAS CASAS,AZUA,HOSP. NTRA. SRA. DEL CARMEN,EMCI,30.0,16.0,0.0,https://indomet.gob.do/wp-content/uploads/2026/02/temperaturas-extremas-y-precipitaciones-2026x02x22-a.pdf
2026-02-22,057,PALO ÍNDIO,PUERTO PLATA,MINISTERIO DE AGRICULTURA,EMCI,,,0.0,https://indomet.gob.do/wp-content/uploads/2026/02/temperaturas-extremas-y-precipitaciones-2026x02x22-a.pdf
2026-02-22,058,PEDERNALES,PEDERNALES,INDRHI,EMCI,,,0.0,https://indomet.gob.do/wp-content/uploads/2026/02/temperaturas-extremas-y-precipitaciones-2026x02x22-a.pdf
2026-02-22,059,PERALTA,AZUA,HOSP. MPAL. DE PERALTA,EMCI,29.0,15.5,0.0,https://indomet.gob.do/wp-content/uploads/2026/02/temperaturas-extremas-y-precipitaciones-2026x02x22-a.pdf
2026-02-22,060,PONTÓN ABAJO (EMA),LA VEGA,MINISTERIO DE AGRICULTURA,EMAP,32.7,20.2,0.0,https://indomet.gob.do/wp-content/uploads/2026/02/temperaturas-extremas-y-precipitaciones-2026x02x22-a.pdf
2026-02-22,061,PRESA DE TAVERAS (EMA),LA VEGA,PROGRAMA MUNDIAL DE ALIMENTO,EMAP,30.1,18.1,0.0,https://indomet.gob.do/wp-content/uploads/2026/02/temperaturas-extremas-y-precipitaciones-2026x02x22-a.pdf
2026-02-22,062,RANCHO ARRIBA,SAN JOSÉ DE OCOA,CENTRO TECNOLÓGICO COMUNITARIO,EMCI,27.0,11.8,0.0,https://indomet.gob.do/wp-content/uploads/2026/02/temperaturas-extremas-y-precipitaciones-2026x02x22-a.pdf
2026-02-22,063,RESTAURACIÓN,DAJABÓN,MINISTERIO DE AGRICULTURA,EMCI,29.5,14.7,0.0,https://indomet.gob.do/wp-content/uploads/2026/02/temperaturas-extremas-y-precipitaciones-2026x02x22-a.pdf
2026-02-22,064,RÍO SAN JUAN,MARÍA TRINIDAD SÁNCHEZ,HOSP. MPAL. DR. DESIDERIO ACOSTA,EMCV,32.6,22.2,0.0,https://indomet.gob.do/wp-content/uploads/2026/02/temperaturas-extremas-y-precipitaciones-2026x02x22-a.pdf
2026-02-22,065,SABANA GRANDE DE BOYÁ,MONTE PLATA,MINISTERIO DE AGRICULTURA,EMCV,,,0.0,https://indomet.gob.do/wp-content/uploads/2026/02/temperaturas-extremas-y-precipitaciones-2026x02x22-a.pdf
2026-02-22,066,SABANETA (EMA),SANTIAGO RODRÍGUEZ,PROGRAMA MUNDIAL DE ALIMENTO,EMAP,35.1,20.6,0.0,https://indomet.gob.do/wp-content/uploads/2026/02/temperaturas-extremas-y-precipitaciones-2026x02x22-a.pdf
2026-02-22,067,SALCEDO,HERMANAS MIRABAL,PROPIEDAD DEL EMPLEADO,EMCI,,,0.0,https://indomet.gob.do/wp-content/uploads/2026/02/temperaturas-extremas-y-precipitaciones-2026x02x22-a.pdf
2026-02-22,068,SAN CRISTÓBAL,SAN CRISTÓBAL,INSTITUTO POLITÉCNICO LOYOLA,EMCI,30.2,19.2,0.0,https://indomet.gob.do/wp-content/uploads/2026/02/temperaturas-extremas-y-precipitaciones-2026x02x22-a.pdf
2026-02-22,069,SAN FRANCISCO DE MACORÍS,DUARTE,San Francisco de Macorís (UASD),EMCI,24.5,19.3,0.0,https://indomet.gob.do/wp-content/uploads/2026/02/temperaturas-extremas-y-precipitaciones-2026x02x22-a.pdf
2026-02-22,070,SAN JOSÉ DE OCOA,SAN JOSÉ DE OCOA,HOSP. SAN JOSÉ DE OCOA,EMCI,29.5,15.2,0.0,https://indomet.gob.do/wp-content/uploads/2026/02/temperaturas-extremas-y-precipitaciones-2026x02x22-a.pdf
2026-02-22,071,SAN RAFAEL DEL YUMA,LA ALTAGRACIA,MINISTERIO DE AGRICULTURA,EMCI,31.4,19.4,0.0,https://indomet.gob.do/wp-content/uploads/2026/02/temperaturas-extremas-y-precipitaciones-2026x02x22-a.pdf
2026-02-22,072,SÁNCHEZ,SAMANÁ,MINISTERIO DE AGRICULTURA,EMCI,29.9,20.1,0.0,https://indomet.gob.do/wp-content/uploads/2026/02/temperaturas-extremas-y-precipitaciones-2026x02x22-a.pdf
2026-02-22,073,JARDÍN BOTÁNICO SANTIAGO (EMSANTIAGO,,JARDIN BOTANICO SANTIAGO,EMAI,30.9,20.8,0.0,https://indomet.gob.do/wp-content/uploads/2026/02/temperaturas-extremas-y-precipitaciones-2026x02x22-a.pdf
2026-02-22,074,BUCARA (EMA),SANTIAGO,MINISTERIO DE AGRICULTURA,EMAI,,,0.0,https://indomet.gob.do/wp-content/uploads/2026/02/temperaturas-extremas-y-precipitaciones-2026x02x22-a.pdf
2026-02-22,075,VILLA VASQUEZ (EMA),MONTE CRISTI,JUNTA DE REGANTES,EMAI,,,0.0,https://indomet.gob.do/wp-content/uploads/2026/02/temperaturas-extremas-y-precipitaciones-2026x02x22-a.pdf
2026-02-22,076,SANTIAGO RODRÍGUEZ,SANTIAGO RODRÍGUEZ,INDOMET,EMCI,36.0,21.5,0.0,https://indomet.gob.do/wp-content/uploads/2026/02/temperaturas-extremas-y-precipitaciones-2026x02x22-a.pdf
2026-02-22,077,SANTO DOMINGO ESTE,SANTO DOMINGO,INDOMET,EMCI,31.2,22.0,0.0,https://indomet.gob.do/wp-content/uploads/2026/02/temperaturas-extremas-y-precipitaciones-2026x02x22-a.pdf
2026-02-22,078,TÁBARA ABAJO,AZUA,INDRHI,EMCI,29.8,16.0,0.0,https://indomet.gob.do/wp-content/uploads/2026/02/temperaturas-extremas-y-precipitaciones-2026x02x22-a.pdf
2026-02-22,079,TAMBORIL,SANTIAGO,MINISTERIO DE AGRICULTURA,EMCV,,,0.0,https://indomet.gob.do/wp-content/uploads/2026/02/temperaturas-extremas-y-precipitaciones-2026x02x22-a.pdf
2026-02-22,080,VILLA ALTAGRACIA,SAN CRISTÓBAL,ESCUELA JAVIER ANGULO GURIDI,EMCI,,,0.0,https://indomet.gob.do/wp-content/uploads/2026/02/temperaturas-extremas-y-precipitaciones-2026x02x22-a.pdf
2026-02-22,081,VILLA GONZALES,SANTIAGO,MINISTERIO DE AGRICULTURA,EMCI,,,0.0,https://indomet.gob.do/wp-content/uploads/2026/02/temperaturas-extremas-y-precipitaciones-2026x02x22-a.pdf
2026-02-22,082,VILLA ISABELA,PUERTO PLATA,MINISTERIO DE AGRICULTURA,EMCV,30.0,17.8,0.0,https://indomet.gob.do/wp-content/uploads/2026/02/temperaturas-extremas-y-precipitaciones-2026x02x22-a.pdf
2026-02-22,083,VILLA RIVA,DUARTE,HOSP. MPAL. ALICIA DE LEGENDRE,EMCI,30.4,19.0,0.0,https://indomet.gob.do/wp-content/uploads/2026/02/temperaturas-extremas-y-precipitaciones-2026x02x22-a.pdf
2026-02-23,001,ARPT. GREGORIO LUPERÓN,PUERTO PLATA,INDOMET,EMCI,30.8,20.0,33.4,https://indomet.gob.do/wp-content/uploads/2026/02/Temperaturas-extremas-y-precipitaciones-23-de-Febrero-2026.pdf
2026-02-23,002,LA VEGA,LA VEGA,IATESA,EMCI,33.0,21.0,21.5,https://indomet.gob.do/wp-content/uploads/2026/02/Temperaturas-extremas-y-precipitaciones-23-de-Febrero-2026.pdf
2026-02-23,003,CABRERA,MARÍA TRINIDAD SÁNCHEZ,ESCUELA ARÍSTIDES FIALLO CABRAL,EMCI,31.5,23.5,14.2,https://indomet.gob.do/wp-content/uploads/2026/02/Temperaturas-extremas-y-precipitaciones-23-de-Febrero-2026.pdf
2026-02-23,004,ARPT. DEL CIBAO,SANTIAGO,INDOMET,EMCI,32.4,18.6,13.8,https://indomet.gob.do/wp-content/uploads/2026/02/Temperaturas-extremas-y-precipitaciones-23-de-Febrero-2026.pdf
2026-02-23,005,TAVERA,SANTIAGO,INDRHI,EMCI,,,12.9,https://indomet.gob.do/wp-content/uploads/2026/02/Temperaturas-extremas-y-precipitaciones-23-de-Febrero-2026.pdf
2026-02-23,006,SANTIAGO RODRÍGUEZ,SANTIAGO RODRÍGUEZ,INDOMET,EMCI,34.5,20.0,9.5,https://indomet.gob.do/wp-content/uploads/2026/02/Temperaturas-extremas-y-precipitaciones-23-de-Febrero-2026.pdf
2026-02-23,007,ARPT. EL CATEY,SAMANÁ,INDOMET,EMCI,32.4,19.4,9.0,https://indomet.gob.do/wp-content/uploads/2026/02/Temperaturas-extremas-y-precipitaciones-23-de-Febrero-2026.pdf
2026-02-23,008,SALCEDO,HERMANAS MIRABAL,PROPIEDAD DEL EMPLEADO,EMCI,,,8.3,https://indomet.gob.do/wp-content/uploads/2026/02/Temperaturas-extremas-y-precipitaciones-23-de-Febrero-2026.pdf
2026-02-23,009,PRESA DE TAVERAS (EMA),LA VEGA,PROGRAMA MUNDIAL DE ALIMENTO,EMAP,31.1,18.8,7.4,https://indomet.gob.do/wp-content/uploads/2026/02/Temperaturas-extremas-y-precipitaciones-23-de-Febrero-2026.pdf
2026-02-23,010,GURABO,SANTIAGO,MINISTERIO DE AGRICULTURA,EMCV,,,6.9,https://indomet.gob.do/wp-content/uploads/2026/02/Temperaturas-extremas-y-precipitaciones-23-de-Febrero-2026.pdf
2026-02-23,011,JARABACOA,LA VEGA,INDRHI / MARENA,EMCI,30.6,14.5,4.5,https://indomet.gob.do/wp-content/uploads/2026/02/Temperaturas-extremas-y-precipitaciones-23-de-Febrero-2026.pdf
2026-02-23,012,LOS JENGIBRES,NAGUA,INDRHI,EMCI,,,3.9,https://indomet.gob.do/wp-content/uploads/2026/02/Temperaturas-extremas-y-precipitaciones-23-de-Febrero-2026.pdf
2026-02-23,013,VILLA RIVA,DUARTE,HOSP. MPAL. ALICIA DE LEGENDRE,EMCI,32.2,20.5,3.3,https://indomet.gob.do/wp-content/uploads/2026/02/Temperaturas-extremas-y-precipitaciones-23-de-Febrero-2026.pdf
2026-02-23,014,TAMBORIL,SANTIAGO,MINISTERIO DE AGRICULTURA,EMCV,,,3.0,https://indomet.gob.do/wp-content/uploads/2026/02/Temperaturas-extremas-y-precipitaciones-23-de-Febrero-2026.pdf
2026-02-23,015,GASPAR HERNÁNDEZ,ESPAILLAT,PROPIEDAD DEL EMPLEADO,EMCI,,,3.0,https://indomet.gob.do/wp-content/uploads/2026/02/Temperaturas-extremas-y-precipitaciones-23-de-Febrero-2026.pdf
2026-02-23,016,ARPT. MARÍA MONTEZ,BARAHONA,INDOMET,EMCI,30.0,21.0,2.9,https://indomet.gob.do/wp-content/uploads/2026/02/Temperaturas-extremas-y-precipitaciones-23-de-Febrero-2026.pdf
2026-02-23,017,JARDÍN BOTÁNICO SANTIAGO (EMSANTIAGO,,JARDIN BOTANICO SANTIAGO,EMAI,32.3,20.9,2.8,https://indomet.gob.do/wp-content/uploads/2026/02/Temperaturas-extremas-y-precipitaciones-23-de-Febrero-2026.pdf
2026-02-23,018,MONTE CRISTI,MONTE CRISTI,INDOMET,EMCI,32.4,22.7,2.8,https://indomet.gob.do/wp-content/uploads/2026/02/Temperaturas-extremas-y-precipitaciones-23-de-Febrero-2026.pdf
2026-02-23,019,PEDERNALES,PEDERNALES,INDRHI,EMCI,,,2.5,https://indomet.gob.do/wp-content/uploads/2026/02/Temperaturas-extremas-y-precipitaciones-23-de-Febrero-2026.pdf
2026-02-23,020,PONTÓN ABAJO (EMA),LA VEGA,MINISTERIO DE AGRICULTURA,EMAP,33.3,20.1,2.3,https://indomet.gob.do/wp-content/uploads/2026/02/Temperaturas-extremas-y-precipitaciones-23-de-Febrero-2026.pdf
2026-02-23,021,RESTAURACIÓN,DAJABÓN,MINISTERIO DE AGRICULTURA,EMCI,29.0,15.2,1.9,https://indomet.gob.do/wp-content/uploads/2026/02/Temperaturas-extremas-y-precipitaciones-23-de-Febrero-2026.pdf
2026-02-23,022,EL FACTOR (EMA),MARÍA TRINIDAD SÁNCHEZ,INTEC,EMAP,33.4,21.8,1.8,https://indomet.gob.do/wp-content/uploads/2026/02/Temperaturas-extremas-y-precipitaciones-23-de-Febrero-2026.pdf
2026-02-23,023,VILLA VASQUEZ (EMA),MONTE CRISTI,JUNTA DE REGANTES,EMAI,,,1.8,https://indomet.gob.do/wp-content/uploads/2026/02/Temperaturas-extremas-y-precipitaciones-23-de-Febrero-2026.pdf
2026-02-23,024,PADRE LAS CASAS,AZUA,HOSP. NTRA. SRA. DEL CARMEN,EMCI,31.0,16.3,1.2,https://indomet.gob.do/wp-content/uploads/2026/02/Temperaturas-extremas-y-precipitaciones-23-de-Febrero-2026.pdf
2026-02-23,025,SAN FRANCISCO DE MACORÍS,DUARTE,San Francisco de Macorís (UASD),EMCI,,21.6,0.9,https://indomet.gob.do/wp-content/uploads/2026/02/Temperaturas-extremas-y-precipitaciones-23-de-Febrero-2026.pdf
2026-02-23,026,BUCARA (EMA),SANTIAGO,MINISTERIO DE AGRICULTURA,EMAI,,,0.8,https://indomet.gob.do/wp-content/uploads/2026/02/Temperaturas-extremas-y-precipitaciones-23-de-Febrero-2026.pdf
2026-02-23,027,PALO ÍNDIO,PUERTO PLATA,MINISTERIO DE AGRICULTURA,EMCI,,,0.8,https://indomet.gob.do/wp-content/uploads/2026/02/Temperaturas-extremas-y-precipitaciones-23-de-Febrero-2026.pdf
2026-02-23,028,BOCA DE MAO (EMA),VALVERDE,MINISTERIO DE AGRICULTURA,EMAP,34.1,19.8,0.6,https://indomet.gob.do/wp-content/uploads/2026/02/Temperaturas-extremas-y-precipitaciones-23-de-Febrero-2026.pdf
2026-02-23,029,MAO,VALVERDE,INDRHI / MINISTERIO DE AGRICULTURA,EMCV,,,0.5,https://indomet.gob.do/wp-content/uploads/2026/02/Temperaturas-extremas-y-precipitaciones-23-de-Febrero-2026.pdf
2026-02-23,030,VILLA GONZALES,SANTIAGO,MINISTERIO DE AGRICULTURA,EMCI,,,0.3,https://indomet.gob.do/wp-content/uploads/2026/02/Temperaturas-extremas-y-precipitaciones-23-de-Febrero-2026.pdf
2026-02-23,031,JIMANÍ,INDEPENDENCIA,MINISTERIO DE AGRICULTURA,EMCI,33.8,21.2,0.2,https://indomet.gob.do/wp-content/uploads/2026/02/Temperaturas-extremas-y-precipitaciones-23-de-Febrero-2026.pdf
2026-02-23,032,VALLE NUEVO (EMA),LA VEGA,MARENA,EMAI,18.8,3.6,0.2,https://indomet.gob.do/wp-content/uploads/2026/02/Temperaturas-extremas-y-precipitaciones-23-de-Febrero-2026.pdf
2026-02-23,033,ARROYO LORO,SAN JUAN,IDIAF,EMCI,31.9,16.5,0.1,https://indomet.gob.do/wp-content/uploads/2026/02/Temperaturas-extremas-y-precipitaciones-23-de-Febrero-2026.pdf
2026-02-23,034,OVIEDO,PEDERNALES,CLÍNICA RURAL OVIEDO,EMCI,,,0.1,https://indomet.gob.do/wp-content/uploads/2026/02/Temperaturas-extremas-y-precipitaciones-23-de-Febrero-2026.pdf
2026-02-23,035,PERALTA,AZUA,HOSP. MPAL. DE PERALTA,EMCI,29.5,16.5,0.1,https://indomet.gob.do/wp-content/uploads/2026/02/Temperaturas-extremas-y-precipitaciones-23-de-Febrero-2026.pdf
2026-02-23,036,VILLA ISABELA,PUERTO PLATA,MINISTERIO DE AGRICULTURA,EMCV,30.8,19.0,0.1,https://indomet.gob.do/wp-content/uploads/2026/02/Temperaturas-extremas-y-precipitaciones-23-de-Febrero-2026.pdf
2026-02-23,037,ALTAMIRA,PUERTO PLATA,HOSP. MPAL. DE ALTAMIRA,EMCI,31.6,20.0,0.0,https://indomet.gob.do/wp-content/uploads/2026/02/Temperaturas-extremas-y-precipitaciones-23-de-Febrero-2026.pdf
2026-02-23,038,ALTO BANDERA (EMA),LA VEGA,INTEC,EMAP,18.8,3.6,0.0,https://indomet.gob.do/wp-content/uploads/2026/02/Temperaturas-extremas-y-precipitaciones-23-de-Febrero-2026.pdf
2026-02-23,039,ANAMUYA (EMA),LA ALTAGRACIA,MINISTERIO DE AGRICULTURA,EMAP,31.4,19.4,0.0,https://indomet.gob.do/wp-content/uploads/2026/02/Temperaturas-extremas-y-precipitaciones-23-de-Febrero-2026.pdf
2026-02-23,040,ARPT. ARROYO BARRIL,SAMANÁ,INDOMET,EMCI,30.9,21.0,0.0,https://indomet.gob.do/wp-content/uploads/2026/02/Temperaturas-extremas-y-precipitaciones-23-de-Febrero-2026.pdf
2026-02-23,041,ARPT. DE LA ROMANA,LA ROMANA,INDOMET,EMCI,30.9,19.2,0.0,https://indomet.gob.do/wp-content/uploads/2026/02/Temperaturas-extremas-y-precipitaciones-23-de-Febrero-2026.pdf
2026-02-23,042,ARPT. DE LAS AMÉRICAS,SANTO DOMINGO,INDOMET,EMCI,29.9,20.7,0.0,https://indomet.gob.do/wp-content/uploads/2026/02/Temperaturas-extremas-y-precipitaciones-23-de-Febrero-2026.pdf
2026-02-23,043,ARPT. DE PUNTA CANA,LA ALTAGRACIA,INDOMET,EMCI,29.8,21.0,0.0,https://indomet.gob.do/wp-content/uploads/2026/02/Temperaturas-extremas-y-precipitaciones-23-de-Febrero-2026.pdf
2026-02-23,044,ARPT. LA ISABELA,SANTO DOMINGO,INDOMET,EMCI,31.6,18.8,0.0,https://indomet.gob.do/wp-content/uploads/2026/02/Temperaturas-extremas-y-precipitaciones-23-de-Febrero-2026.pdf
2026-02-23,045,BANI (EMA),PERAVIA,MINISTERIO DE AGRICULTURA,EMAP,29.8,19.2,0.0,https://indomet.gob.do/wp-content/uploads/2026/02/Temperaturas-extremas-y-precipitaciones-23-de-Febrero-2026.pdf
2026-02-23,046,BASE AÉREA DE SAN ISIDRO,SANTO DOMINGO,FUERZA AÉREA DOMINICANA,EMCV,30.0,20.5,0.0,https://indomet.gob.do/wp-content/uploads/2026/02/Temperaturas-extremas-y-precipitaciones-23-de-Febrero-2026.pdf
2026-02-23,047,BAYAGUANA,MONTE PLATA,INDOMET,EMCI,32.0,18.2,0.0,https://indomet.gob.do/wp-content/uploads/2026/02/Temperaturas-extremas-y-precipitaciones-23-de-Febrero-2026.pdf
2026-02-23,048,BOHECHÍO,SAN JUAN,MINISTERIO DE AGRICULTURA,EMCV,,,0.0,https://indomet.gob.do/wp-content/uploads/2026/02/Temperaturas-extremas-y-precipitaciones-23-de-Febrero-2026.pdf
2026-02-23,049,CABRAL,BARAHONA,MINISTERIO DE AGRICULTURA,EMCV,31.4,20.7,0.0,https://indomet.gob.do/wp-content/uploads/2026/02/Temperaturas-extremas-y-precipitaciones-23-de-Febrero-2026.pdf
2026-02-23,050,CENTRO DE LOS HEROES (EMA),DISTRITO NACIONAL,MINISTERIO DE ENERGIA Y MINA,EMAP,29.6,24.0,0.0,https://indomet.gob.do/wp-content/uploads/2026/02/Temperaturas-extremas-y-precipitaciones-23-de-Febrero-2026.pdf
2026-02-23,051,CONSTANZA,LA VEGA,MINISTERIO DE AGRICULTURA,EMCI,26.0,10.0,0.0,https://indomet.gob.do/wp-content/uploads/2026/02/Temperaturas-extremas-y-precipitaciones-23-de-Febrero-2026.pdf
2026-02-23,052,CONSTANZA (EMA),LA VEGA,PROGRAMA MUNDIAL DE ALIMENTO,EMAP,,,0.0,https://indomet.gob.do/wp-content/uploads/2026/02/Temperaturas-extremas-y-precipitaciones-23-de-Febrero-2026.pdf
2026-02-23,053,DAJABÓN,DAJABÓN,INSTITUTO POLITÉCNICO LOYOLA,EMCI,34.4,19.0,0.0,https://indomet.gob.do/wp-content/uploads/2026/02/Temperaturas-extremas-y-precipitaciones-23-de-Febrero-2026.pdf
2026-02-23,054,ELÍAS PIÑA,ELÍAS PIÑA,MINISTERIO DE AGRICULTURA,EMCV,,,0.0,https://indomet.gob.do/wp-content/uploads/2026/02/Temperaturas-extremas-y-precipitaciones-23-de-Febrero-2026.pdf
2026-02-23,055,ENRIQUILLO,BARAHONA,MINISTERIO DE AGRICULTURA,EMCV,30.8,19.5,0.0,https://indomet.gob.do/wp-content/uploads/2026/02/Temperaturas-extremas-y-precipitaciones-23-de-Febrero-2026.pdf
2026-02-23,056,ESCONDIDO,PERAVIA,MINISTERIO DE AGRICULTURA,EMCV,30.0,21.0,0.0,https://indomet.gob.do/wp-content/uploads/2026/02/Temperaturas-extremas-y-precipitaciones-23-de-Febrero-2026.pdf
2026-02-23,057,HATO MAYOR,HATO MAYOR,MINISTERIO DE AGRICULTURA,EMCV,,,0.0,https://indomet.gob.do/wp-content/uploads/2026/02/Temperaturas-extremas-y-precipitaciones-23-de-Febrero-2026.pdf
2026-02-23,058,HONDO VALLE,ELÍAS PIÑA,MINISTERIO DE AGRICULTURA,EMCI,22.5,13.3,0.0,https://indomet.gob.do/wp-content/uploads/2026/02/Temperaturas-extremas-y-precipitaciones-23-de-Febrero-2026.pdf
2026-02-23,059,JARABACOA (EMA),LA VEGA,PROGRAMA MUNDIAL DE ALIMENTO,EMAP,28.9,17.2,0.0,https://indomet.gob.do/wp-content/uploads/2026/02/Temperaturas-extremas-y-precipitaciones-23-de-Febrero-2026.pdf
2026-02-23,060,JARDÍN BOTÁNICO NACIONAL,DISTRITO NACIONAL,JARDÍN BOTÁNICO NACIONAL,EMCV,31.3,20.0,0.0,https://indomet.gob.do/wp-content/uploads/2026/02/Temperaturas-extremas-y-precipitaciones-23-de-Febrero-2026.pdf
2026-02-23,061,JUMA BEJUCAL,MONSEÑOR NOUEL,IDIAF,EMCV,32.4,20.0,0.0,https://indomet.gob.do/wp-content/uploads/2026/02/Temperaturas-extremas-y-precipitaciones-23-de-Febrero-2026.pdf
2026-02-23,062,LA VICTORIA,SANTO DOMINGO,CUERPO DE BOMBEROS,EMCI,33.0,20.2,0.0,https://indomet.gob.do/wp-content/uploads/2026/02/Temperaturas-extremas-y-precipitaciones-23-de-Febrero-2026.pdf
2026-02-23,063,LAS CANAS (EMA),MONTE CRISTI,PROGRAMA MUNDIAL DE ALIMENTO,EMAP,27.7,20.8,0.0,https://indomet.gob.do/wp-content/uploads/2026/02/Temperaturas-extremas-y-precipitaciones-23-de-Febrero-2026.pdf
2026-02-23,064,LAS MATAS DE SANTA CRUZ (EMA,MONTE CRISTI,PROGRAMA MUNDIAL DE ALIMENTO,EMAP,,,0.0,https://indomet.gob.do/wp-content/uploads/2026/02/Temperaturas-extremas-y-precipitaciones-23-de-Febrero-2026.pdf
2026-02-23,065,LOS LLANOS,SAN PEDRO DE MACORÍS,MINISTERIO DE AGRICULTURA,EMCI,32.3,20.5,0.0,https://indomet.gob.do/wp-content/uploads/2026/02/Temperaturas-extremas-y-precipitaciones-23-de-Febrero-2026.pdf
2026-02-23,066,MICHES (EMA),EL SEIBO,PRIVADA,EMAP,31.9,13.1,0.0,https://indomet.gob.do/wp-content/uploads/2026/02/Temperaturas-extremas-y-precipitaciones-23-de-Febrero-2026.pdf
2026-02-23,067,MONCIÓN (EMA),SANTIAGO RODRÍGUEZ,PROGRAMA MUNDIAL DE ALIMENTO,EMAP,29.7,21.7,0.0,https://indomet.gob.do/wp-content/uploads/2026/02/Temperaturas-extremas-y-precipitaciones-23-de-Febrero-2026.pdf
2026-02-23,068,NAVARRETE,SANTIAGO,MINISTERIO DE AGRICULTURA,EMCV,,,0.0,https://indomet.gob.do/wp-content/uploads/2026/02/Temperaturas-extremas-y-precipitaciones-23-de-Febrero-2026.pdf
2026-02-23,069,OLIVARES,PEDERNALES,INDRHI,EMCI,30.5,19.0,0.0,https://indomet.gob.do/wp-content/uploads/2026/02/Temperaturas-extremas-y-precipitaciones-23-de-Febrero-2026.pdf
2026-02-23,070,PASO AL MEDIO,SAN PEDRO DE MACORÍS,INDRHI,EMCI,,,0.0,https://indomet.gob.do/wp-content/uploads/2026/02/Temperaturas-extremas-y-precipitaciones-23-de-Febrero-2026.pdf
2026-02-23,071,PESCADERIA (EMA),BARAHONA,MINISTERIO DE AGRICULTURA,EMAP,,,0.0,https://indomet.gob.do/wp-content/uploads/2026/02/Temperaturas-extremas-y-precipitaciones-23-de-Febrero-2026.pdf
2026-02-23,072,POLO,BARAHONA,INDOCAFE,EMCI,,14.0,0.0,https://indomet.gob.do/wp-content/uploads/2026/02/Temperaturas-extremas-y-precipitaciones-23-de-Febrero-2026.pdf
2026-02-23,073,RANCHO ARRIBA,SAN JOSÉ DE OCOA,CENTRO TECNOLÓGICO COMUNITARIO,EMCI,28.4,14.3,0.0,https://indomet.gob.do/wp-content/uploads/2026/02/Temperaturas-extremas-y-precipitaciones-23-de-Febrero-2026.pdf
2026-02-23,074,RÍO SAN JUAN,MARÍA TRINIDAD SÁNCHEZ,HOSP. MPAL. DR. DESIDERIO ACOSTA,EMCV,33.3,22.8,0.0,https://indomet.gob.do/wp-content/uploads/2026/02/Temperaturas-extremas-y-precipitaciones-23-de-Febrero-2026.pdf
2026-02-23,075,SABANA DE LA MAR,HATO MAYOR,INDOMET,EMCI,31.2,20.0,0.0,https://indomet.gob.do/wp-content/uploads/2026/02/Temperaturas-extremas-y-precipitaciones-23-de-Febrero-2026.pdf
2026-02-23,076,SABANA GRANDE DE BOYÁ,MONTE PLATA,MINISTERIO DE AGRICULTURA,EMCV,,,0.0,https://indomet.gob.do/wp-content/uploads/2026/02/Temperaturas-extremas-y-precipitaciones-23-de-Febrero-2026.pdf
2026-02-23,077,SABANETA (EMA),SANTIAGO RODRÍGUEZ,PROGRAMA MUNDIAL DE ALIMENTO,EMAP,32.3,19.9,0.0,https://indomet.gob.do/wp-content/uploads/2026/02/Temperaturas-extremas-y-precipitaciones-23-de-Febrero-2026.pdf
2026-02-23,078,SAJOMA (EMA),SANTIAGO,PLAN SIERRA,EMAI,,,0.0,https://indomet.gob.do/wp-content/uploads/2026/02/Temperaturas-extremas-y-precipitaciones-23-de-Febrero-2026.pdf
2026-02-23,079,SAMANÁ,SAMANÁ,COMANDANCIA DE PUERTO DE SAMANÁ,EMCI,31.0,17.4,0.0,https://indomet.gob.do/wp-content/uploads/2026/02/Temperaturas-extremas-y-precipitaciones-23-de-Febrero-2026.pdf
2026-02-23,080,SAN CRISTÓBAL,SAN CRISTÓBAL,INSTITUTO POLITÉCNICO LOYOLA,EMCI,31.0,20.2,0.0,https://indomet.gob.do/wp-content/uploads/2026/02/Temperaturas-extremas-y-precipitaciones-23-de-Febrero-2026.pdf
2026-02-23,081,SAN JOSÉ DE OCOA,SAN JOSÉ DE OCOA,HOSP. SAN JOSÉ DE OCOA,EMCI,29.8,16.1,0.0,https://indomet.gob.do/wp-content/uploads/2026/02/Temperaturas-extremas-y-precipitaciones-23-de-Febrero-2026.pdf
2026-02-23,082,SAN RAFAEL DEL YUMA,LA ALTAGRACIA,MINISTERIO DE AGRICULTURA,EMCI,31.8,19.3,0.0,https://indomet.gob.do/wp-content/uploads/2026/02/Temperaturas-extremas-y-precipitaciones-23-de-Febrero-2026.pdf
2026-02-23,083,SÁNCHEZ,SAMANÁ,MINISTERIO DE AGRICULTURA,EMCI,31.3,20.4,0.0,https://indomet.gob.do/wp-content/uploads/2026/02/Temperaturas-extremas-y-precipitaciones-23-de-Febrero-2026.pdf
2026-02-23,084,SANTO DOMINGO ESTE,SANTO DOMINGO,INDOMET,EMCI,30.8,23.0,0.0,https://indomet.gob.do/wp-content/uploads/2026/02/Temperaturas-extremas-y-precipitaciones-23-de-Febrero-2026.pdf
2026-02-23,085,TÁBARA ABAJO,AZUA,INDRHI,EMCI,32.1,18.4,0.0,https://indomet.gob.do/wp-content/uploads/2026/02/Temperaturas-extremas-y-precipitaciones-23-de-Febrero-2026.pdf
2026-02-23,086,VILLA ALTAGRACIA,SAN CRISTÓBAL,ESCUELA JAVIER ANGULO GURIDI,EMCI,,,0.0,https://indomet.gob.do/wp-content/uploads/2026/02/Temperaturas-extremas-y-precipitaciones-23-de-Febrero-2026.pdf
2026-02-24,001,EL FACTOR (EMA),MARÍA TRINIDAD SÁNCHEZ,INTEC,EMAP,31.9,20.7,219.2,https://indomet.gob.do/wp-content/uploads/2026/02/temperaturas-extremas-y-precipitaciones-2026x02x24-a.pdf
2026-02-24,002,GASPAR HERNÁNDEZ,ESPAILLAT,PROPIEDAD DEL EMPLEADO,EMCI,,,185.4,https://indomet.gob.do/wp-content/uploads/2026/02/temperaturas-extremas-y-precipitaciones-2026x02x24-a.pdf
2026-02-24,003,MOCA,ESPAILLAT,MINISTERIO DE AGRICULTURA,EMCV,,,164.0,https://indomet.gob.do/wp-content/uploads/2026/02/temperaturas-extremas-y-precipitaciones-2026x02x24-a.pdf
2026-02-24,004,VILLA ALTAGRACIA,SAN CRISTÓBAL,ESCUELA JAVIER ANGULO GURIDI,EMCI,,,120.8,https://indomet.gob.do/wp-content/uploads/2026/02/temperaturas-extremas-y-precipitaciones-2026x02x24-a.pdf
2026-02-24,005,ABREU (EMA),MARÍA TRINIDAD SÁNCHEZ,PRIVADA,EMAP,,,116.6,https://indomet.gob.do/wp-content/uploads/2026/02/temperaturas-extremas-y-precipitaciones-2026x02x24-a.pdf
2026-02-24,006,ARPT. EL CATEY,SAMANÁ,INDOMET,EMCI,30.2,20.0,109.0,https://indomet.gob.do/wp-content/uploads/2026/02/temperaturas-extremas-y-precipitaciones-2026x02x24-a.pdf
2026-02-24,007,BUCARA (EMA),SANTIAGO,MINISTERIO DE AGRICULTURA,EMAI,,,101.2,https://indomet.gob.do/wp-content/uploads/2026/02/temperaturas-extremas-y-precipitaciones-2026x02x24-a.pdf
2026-02-24,008,ARPT. GREGORIO LUPERÓN,PUERTO PLATA,INDOMET,EMCI,26.5,20.4,100.5,https://indomet.gob.do/wp-content/uploads/2026/02/temperaturas-extremas-y-precipitaciones-2026x02x24-a.pdf
2026-02-24,009,CABRERA,MARÍA TRINIDAD SÁNCHEZ,ESCUELA ARÍSTIDES FIALLO CABRAL,EMCI,30.6,22.4,88.4,https://indomet.gob.do/wp-content/uploads/2026/02/temperaturas-extremas-y-precipitaciones-2026x02x24-a.pdf
2026-02-24,010,PLAYA BONITA (EMA),SAMANÁ,PRIVADA,EMAP,,,85.1,https://indomet.gob.do/wp-content/uploads/2026/02/temperaturas-extremas-y-precipitaciones-2026x02x24-a.pdf
2026-02-24,011,TAMBORIL,SANTIAGO,MINISTERIO DE AGRICULTURA,EMCV,,,78.7,https://indomet.gob.do/wp-content/uploads/2026/02/temperaturas-extremas-y-precipitaciones-2026x02x24-a.pdf
2026-02-24,012,LAS COLINAS (EMA),SANTIAGO,PRIVADA,EMAP,,,75.4,https://indomet.gob.do/wp-content/uploads/2026/02/temperaturas-extremas-y-precipitaciones-2026x02x24-a.pdf
2026-02-24,013,PUÑAL (EMA),SANTIAGO,PRIVADA,EMAP,,,69.1,https://indomet.gob.do/wp-content/uploads/2026/02/temperaturas-extremas-y-precipitaciones-2026x02x24-a.pdf
2026-02-24,014,GURABO,SANTIAGO,MINISTERIO DE AGRICULTURA,EMCV,,,63.5,https://indomet.gob.do/wp-content/uploads/2026/02/temperaturas-extremas-y-precipitaciones-2026x02x24-a.pdf
2026-02-24,015,ALTAMIRA,PUERTO PLATA,HOSP. MPAL. DE ALTAMIRA,EMCI,25.5,19.6,58.6,https://indomet.gob.do/wp-content/uploads/2026/02/temperaturas-extremas-y-precipitaciones-2026x02x24-a.pdf
2026-02-24,016,ARPT. DEL CIBAO,SANTIAGO,INDOMET,EMCI,31.5,20.8,55.8,https://indomet.gob.do/wp-content/uploads/2026/02/temperaturas-extremas-y-precipitaciones-2026x02x24-a.pdf
2026-02-24,017,SANTIAGO (CENTRO),SANTIAGO,HUACALITO,EMCI,,,52.0,https://indomet.gob.do/wp-content/uploads/2026/02/temperaturas-extremas-y-precipitaciones-2026x02x24-a.pdf
2026-02-24,018,MONTE CRISTI,MONTE CRISTI,INDOMET,EMCI,25.3,20.5,48.4,https://indomet.gob.do/wp-content/uploads/2026/02/temperaturas-extremas-y-precipitaciones-2026x02x24-a.pdf
2026-02-24,019,LA VEGA,LA VEGA,IATESA,EMCI,32.0,20.5,44.4,https://indomet.gob.do/wp-content/uploads/2026/02/temperaturas-extremas-y-precipitaciones-2026x02x24-a.pdf
2026-02-24,020,SAN FRANCISCO DE MACORÍS,DUARTE,San Francisco de Macorís (UASD),EMCI,30.5,20.4,43.9,https://indomet.gob.do/wp-content/uploads/2026/02/temperaturas-extremas-y-precipitaciones-2026x02x24-a.pdf
2026-02-24,021,DAJABÓN,DAJABÓN,INSTITUTO POLITÉCNICO LOYOLA,EMCI,33.8,18.8,38.4,https://indomet.gob.do/wp-content/uploads/2026/02/temperaturas-extremas-y-precipitaciones-2026x02x24-a.pdf
2026-02-24,022,RÍO SAN JUAN,MARÍA TRINIDAD SÁNCHEZ,HOSP. MPAL. DR. DESIDERIO ACOSTA,EMCV,30.2,21.6,36.4,https://indomet.gob.do/wp-content/uploads/2026/02/temperaturas-extremas-y-precipitaciones-2026x02x24-a.pdf
2026-02-24,023,NAVARRETE,SANTIAGO,MINISTERIO DE AGRICULTURA,EMCV,,,35.6,https://indomet.gob.do/wp-content/uploads/2026/02/temperaturas-extremas-y-precipitaciones-2026x02x24-a.pdf
2026-02-24,024,VILLA GONZALES,SANTIAGO,MINISTERIO DE AGRICULTURA,EMCI,,,32.8,https://indomet.gob.do/wp-content/uploads/2026/02/temperaturas-extremas-y-precipitaciones-2026x02x24-a.pdf
2026-02-24,025,SALCEDO,HERMANAS MIRABAL,PROPIEDAD DEL EMPLEADO,EMCI,,,29.6,https://indomet.gob.do/wp-content/uploads/2026/02/temperaturas-extremas-y-precipitaciones-2026x02x24-a.pdf
2026-02-24,026,SAJOMA (EMA),SANTIAGO,PLAN SIERRA,EMAI,,,28.6,https://indomet.gob.do/wp-content/uploads/2026/02/temperaturas-extremas-y-precipitaciones-2026x02x24-a.pdf
2026-02-24,027,ARPT. LA ISABELA,SANTO DOMINGO,INDOMET,EMCI,31.8,19.0,26.0,https://indomet.gob.do/wp-content/uploads/2026/02/temperaturas-extremas-y-precipitaciones-2026x02x24-a.pdf
2026-02-24,028,CABRAL,BARAHONA,MINISTERIO DE AGRICULTURA,EMCV,32.7,20.2,24.0,https://indomet.gob.do/wp-content/uploads/2026/02/temperaturas-extremas-y-precipitaciones-2026x02x24-a.pdf
2026-02-24,029,SAMANÁ,SAMANÁ,COMANDANCIA DE PUERTO DE SAMANÁ,EMCI,31.0,17.1,22.0,https://indomet.gob.do/wp-content/uploads/2026/02/temperaturas-extremas-y-precipitaciones-2026x02x24-a.pdf
2026-02-24,030,SABANA GRANDE DE BOYÁ,MONTE PLATA,MINISTERIO DE AGRICULTURA,EMCV,,,21.8,https://indomet.gob.do/wp-content/uploads/2026/02/temperaturas-extremas-y-precipitaciones-2026x02x24-a.pdf
2026-02-24,031,MAO,VALVERDE,INDRHI / MINISTERIO DE AGRICULTURA,EMCV,,,20.9,https://indomet.gob.do/wp-content/uploads/2026/02/temperaturas-extremas-y-precipitaciones-2026x02x24-a.pdf
2026-02-24,032,PONTÓN ABAJO (EMA),LA VEGA,MINISTERIO DE AGRICULTURA,EMAP,32.1,20.8,20.8,https://indomet.gob.do/wp-content/uploads/2026/02/temperaturas-extremas-y-precipitaciones-2026x02x24-a.pdf
2026-02-24,033,LUPERÓN,PUERTO PLATA,MINISTERIO DE AGRICULTURA,EMCV,,,20.6,https://indomet.gob.do/wp-content/uploads/2026/02/temperaturas-extremas-y-precipitaciones-2026x02x24-a.pdf
2026-02-24,034,SAN JOSÉ DE OCOA,SAN JOSÉ DE OCOA,HOSP. SAN JOSÉ DE OCOA,EMCI,29.6,18.3,20.2,https://indomet.gob.do/wp-content/uploads/2026/02/temperaturas-extremas-y-precipitaciones-2026x02x24-a.pdf
2026-02-24,035,RESTAURACIÓN,DAJABÓN,MINISTERIO DE AGRICULTURA,EMCI,25.1,15.6,18.9,https://indomet.gob.do/wp-content/uploads/2026/02/temperaturas-extremas-y-precipitaciones-2026x02x24-a.pdf
2026-02-24,036,SÁNCHEZ,SAMANÁ,MINISTERIO DE AGRICULTURA,EMCI,30.2,20.5,18.0,https://indomet.gob.do/wp-content/uploads/2026/02/temperaturas-extremas-y-precipitaciones-2026x02x24-a.pdf
2026-02-24,037,JARABACOA,LA VEGA,INDRHI / MARENA,EMCI,30.0,14.8,16.7,https://indomet.gob.do/wp-content/uploads/2026/02/temperaturas-extremas-y-precipitaciones-2026x02x24-a.pdf
2026-02-24,038,BOCA DE MAO (EMA),VALVERDE,MINISTERIO DE AGRICULTURA,EMAP,30.3,20.6,16.4,https://indomet.gob.do/wp-content/uploads/2026/02/temperaturas-extremas-y-precipitaciones-2026x02x24-a.pdf
2026-02-24,039,SABANETA (EMA),SANTIAGO RODRÍGUEZ,PROGRAMA MUNDIAL DE ALIMENTO,EMAP,29.4,20.2,14.2,https://indomet.gob.do/wp-content/uploads/2026/02/temperaturas-extremas-y-precipitaciones-2026x02x24-a.pdf
2026-02-24,040,VILLA ISABELA,PUERTO PLATA,MINISTERIO DE AGRICULTURA,EMCV,25.8,20.0,13.7,https://indomet.gob.do/wp-content/uploads/2026/02/temperaturas-extremas-y-precipitaciones-2026x02x24-a.pdf
2026-02-24,041,SABANA DE LA MAR,HATO MAYOR,INDOMET,EMCI,30.0,21.8,13.5,https://indomet.gob.do/wp-content/uploads/2026/02/temperaturas-extremas-y-precipitaciones-2026x02x24-a.pdf
2026-02-24,042,SANTIAGO RODRÍGUEZ,SANTIAGO RODRÍGUEZ,INDOMET,EMCI,30.3,20.1,12.7,https://indomet.gob.do/wp-content/uploads/2026/02/temperaturas-extremas-y-precipitaciones-2026x02x24-a.pdf
2026-02-24,043,BAYAGUANA,MONTE PLATA,INDOMET,EMCI,32.8,19.4,12.4,https://indomet.gob.do/wp-content/uploads/2026/02/temperaturas-extremas-y-precipitaciones-2026x02x24-a.pdf
2026-02-24,044,OVIEDO,PEDERNALES,CLÍNICA RURAL OVIEDO,EMCI,32.0,22.5,12.0,https://indomet.gob.do/wp-content/uploads/2026/02/temperaturas-extremas-y-precipitaciones-2026x02x24-a.pdf
2026-02-24,045,HATO MAYOR,HATO MAYOR,MINISTERIO DE AGRICULTURA,EMCV,,,11.9,https://indomet.gob.do/wp-content/uploads/2026/02/temperaturas-extremas-y-precipitaciones-2026x02x24-a.pdf
2026-02-24,046,MONCIÓN (EMA),SANTIAGO RODRÍGUEZ,PROGRAMA MUNDIAL DE ALIMENTO,EMAP,28.2,18.7,10.6,https://indomet.gob.do/wp-content/uploads/2026/02/temperaturas-extremas-y-precipitaciones-2026x02x24-a.pdf
2026-02-24,047,JARABACOA (EMA),LA VEGA,PROGRAMA MUNDIAL DE ALIMENTO,EMAP,27.8,18.4,10.0,https://indomet.gob.do/wp-content/uploads/2026/02/temperaturas-extremas-y-precipitaciones-2026x02x24-a.pdf
2026-02-24,048,ARPT. ARROYO BARRIL,SAMANÁ,INDOMET,EMCI,30.0,20.7,9.8,https://indomet.gob.do/wp-content/uploads/2026/02/temperaturas-extremas-y-precipitaciones-2026x02x24-a.pdf
2026-02-24,049,PERALTA,AZUA,HOSP. MPAL. DE PERALTA,EMCI,29.8,16.3,9.8,https://indomet.gob.do/wp-content/uploads/2026/02/temperaturas-extremas-y-precipitaciones-2026x02x24-a.pdf
2026-02-24,050,ARROYO LORO,SAN JUAN,IDIAF,EMCI,32.0,17.5,9.6,https://indomet.gob.do/wp-content/uploads/2026/02/temperaturas-extremas-y-precipitaciones-2026x02x24-a.pdf
2026-02-24,051,VILLA VASQUEZ (EMA),MONTE CRISTI,JUNTA DE REGANTES,EMAI,,,9.4,https://indomet.gob.do/wp-content/uploads/2026/02/temperaturas-extremas-y-precipitaciones-2026x02x24-a.pdf
2026-02-24,052,PRESA DE TAVERAS (EMA),LA VEGA,PROGRAMA MUNDIAL DE ALIMENTO,EMAP,30.2,19.1,9.0,https://indomet.gob.do/wp-content/uploads/2026/02/temperaturas-extremas-y-precipitaciones-2026x02x24-a.pdf
2026-02-24,053,HONDO VALLE,ELÍAS PIÑA,MINISTERIO DE AGRICULTURA,EMCI,22.1,13.8,8.9,https://indomet.gob.do/wp-content/uploads/2026/02/temperaturas-extremas-y-precipitaciones-2026x02x24-a.pdf
2026-02-24,054,ARPT. DE LA ROMANA,LA ROMANA,INDOMET,EMCI,31.9,18.5,8.4,https://indomet.gob.do/wp-content/uploads/2026/02/temperaturas-extremas-y-precipitaciones-2026x02x24-a.pdf
2026-02-24,055,ARPT. MARÍA MONTEZ,BARAHONA,INDOMET,EMCI,31.2,20.8,7.0,https://indomet.gob.do/wp-content/uploads/2026/02/temperaturas-extremas-y-precipitaciones-2026x02x24-a.pdf
2026-02-24,056,ENRIQUILLO,BARAHONA,MINISTERIO DE AGRICULTURA,EMCV,32.0,20.0,6.8,https://indomet.gob.do/wp-content/uploads/2026/02/temperaturas-extremas-y-precipitaciones-2026x02x24-a.pdf
2026-02-24,057,TÁBARA ABAJO,AZUA,INDRHI,EMCI,31.5,19.0,5.3,https://indomet.gob.do/wp-content/uploads/2026/02/temperaturas-extremas-y-precipitaciones-2026x02x24-a.pdf
2026-02-24,058,SAN RAFAEL DEL YUMA,LA ALTAGRACIA,MINISTERIO DE AGRICULTURA,EMCI,32.4,21.0,5.1,https://indomet.gob.do/wp-content/uploads/2026/02/temperaturas-extremas-y-precipitaciones-2026x02x24-a.pdf
2026-02-24,059,MICHES (EMA),EL SEIBO,PRIVADA,EMAP,29.4,21.6,4.0,https://indomet.gob.do/wp-content/uploads/2026/02/temperaturas-extremas-y-precipitaciones-2026x02x24-a.pdf
2026-02-24,060,BONAO,MONSEÑOR NOUEL,MINISTERIO DE AGRICULTURA,EMCV,,,3.8,https://indomet.gob.do/wp-content/uploads/2026/02/temperaturas-extremas-y-precipitaciones-2026x02x24-a.pdf
2026-02-24,061,LOS LLANOS,SAN PEDRO DE MACORÍS,MINISTERIO DE AGRICULTURA,EMCI,32.8,20.2,3.8,https://indomet.gob.do/wp-content/uploads/2026/02/temperaturas-extremas-y-precipitaciones-2026x02x24-a.pdf
2026-02-24,062,BANI (EMA),PERAVIA,MINISTERIO DE AGRICULTURA,EMAP,31.6,22.9,3.6,https://indomet.gob.do/wp-content/uploads/2026/02/temperaturas-extremas-y-precipitaciones-2026x02x24-a.pdf
2026-02-24,063,VILLA RIVA,DUARTE,HOSP. MPAL. ALICIA DE LEGENDRE,EMCI,30.0,20.0,2.8,https://indomet.gob.do/wp-content/uploads/2026/02/temperaturas-extremas-y-precipitaciones-2026x02x24-a.pdf
2026-02-24,064,POLO,BARAHONA,INDOCAFE,EMCI,,11.0,2.5,https://indomet.gob.do/wp-content/uploads/2026/02/temperaturas-extremas-y-precipitaciones-2026x02x24-a.pdf
2026-02-24,065,ALTO BANDERA (EMA),LA VEGA,INTEC,EMAP,13.6,6.6,2.3,https://indomet.gob.do/wp-content/uploads/2026/02/temperaturas-extremas-y-precipitaciones-2026x02x24-a.pdf
2026-02-24,066,JIMANÍ,INDEPENDENCIA,MINISTERIO DE AGRICULTURA,EMCI,32.8,22.0,2.1,https://indomet.gob.do/wp-content/uploads/2026/02/temperaturas-extremas-y-precipitaciones-2026x02x24-a.pdf
2026-02-24,067,ARPT. DE PUNTA CANA,LA ALTAGRACIA,INDOMET,EMCI,29.6,19.8,2.0,https://indomet.gob.do/wp-content/uploads/2026/02/temperaturas-extremas-y-precipitaciones-2026x02x24-a.pdf
2026-02-24,068,SAN CRISTÓBAL,SAN CRISTÓBAL,INSTITUTO POLITÉCNICO LOYOLA,EMCI,31.2,18.2,1.7,https://indomet.gob.do/wp-content/uploads/2026/02/temperaturas-extremas-y-precipitaciones-2026x02x24-a.pdf
2026-02-24,069,RANCHO ARRIBA,SAN JOSÉ DE OCOA,CENTRO TECNOLÓGICO COMUNITARIO,EMCI,28.5,16.7,1.2,https://indomet.gob.do/wp-content/uploads/2026/02/temperaturas-extremas-y-precipitaciones-2026x02x24-a.pdf
2026-02-24,070,CENTRO DE LOS HEROES (EMA),DISTRITO NACIONAL,MINISTERIO DE ENERGIA Y MINA,EMAP,30.9,23.1,1.0,https://indomet.gob.do/wp-content/uploads/2026/02/temperaturas-extremas-y-precipitaciones-2026x02x24-a.pdf
2026-02-24,071,CONSTANZA,LA VEGA,MINISTERIO DE AGRICULTURA,EMCI,24.8,14.5,0.6,https://indomet.gob.do/wp-content/uploads/2026/02/temperaturas-extremas-y-precipitaciones-2026x02x24-a.pdf
2026-02-24,072,CONSTANZA (EMA),LA VEGA,PROGRAMA MUNDIAL DE ALIMENTO,EMAP,23.7,15.7,0.4,https://indomet.gob.do/wp-content/uploads/2026/02/temperaturas-extremas-y-precipitaciones-2026x02x24-a.pdf
2026-02-24,073,ARPT. DE LAS AMÉRICAS,SANTO DOMINGO,INDOMET,EMCI,29.5,20.3,0.2,https://indomet.gob.do/wp-content/uploads/2026/02/temperaturas-extremas-y-precipitaciones-2026x02x24-a.pdf
2026-02-24,074,SANTO DOMINGO ESTE,SANTO DOMINGO,INDOMET,EMCI,31.6,23.5,0.1,https://indomet.gob.do/wp-content/uploads/2026/02/temperaturas-extremas-y-precipitaciones-2026x02x24-a.pdf
2026-02-24,075,BASE AÉREA DE SAN ISIDRO,SANTO DOMINGO,FUERZA AÉREA DOMINICANA,EMCV,31.5,22.0,0.0,https://indomet.gob.do/wp-content/uploads/2026/02/temperaturas-extremas-y-precipitaciones-2026x02x24-a.pdf
2026-02-24,076,ANAMUYA (EMA),LA ALTAGRACIA,MINISTERIO DE AGRICULTURA,EMAP,31.4,21.8,0.0,https://indomet.gob.do/wp-content/uploads/2026/02/temperaturas-extremas-y-precipitaciones-2026x02x24-a.pdf
2026-02-24,077,ELÍAS PIÑA,ELÍAS PIÑA,MINISTERIO DE AGRICULTURA,EMCV,,,0.0,https://indomet.gob.do/wp-content/uploads/2026/02/temperaturas-extremas-y-precipitaciones-2026x02x24-a.pdf
2026-02-24,078,JARDÍN BOTÁNICO NACIONAL,DISTRITO NACIONAL,JARDÍN BOTÁNICO NACIONAL,EMCV,32.5,19.3,0.0,https://indomet.gob.do/wp-content/uploads/2026/02/temperaturas-extremas-y-precipitaciones-2026x02x24-a.pdf
2026-02-24,079,LA VICTORIA,SANTO DOMINGO,CUERPO DE BOMBEROS,EMCI,33.5,21.0,0.0,https://indomet.gob.do/wp-content/uploads/2026/02/temperaturas-extremas-y-precipitaciones-2026x02x24-a.pdf
2026-02-24,080,LAS CANAS (EMA),MONTE CRISTI,PROGRAMA MUNDIAL DE ALIMENTO,EMAP,23.4,20.6,0.0,https://indomet.gob.do/wp-content/uploads/2026/02/temperaturas-extremas-y-precipitaciones-2026x02x24-a.pdf
2026-02-24,081,LAS MATAS DE SANTA CRUZ (EMA,MONTE CRISTI,PROGRAMA MUNDIAL DE ALIMENTO,EMAP,,,0.0,https://indomet.gob.do/wp-content/uploads/2026/02/temperaturas-extremas-y-precipitaciones-2026x02x24-a.pdf
2026-02-24,082,LOS TRES CHARCOS (EMA),PEDERNALES,PROPIEDAD DEL VOLUNTARIO,EMAP,,,0.0,https://indomet.gob.do/wp-content/uploads/2026/02/temperaturas-extremas-y-precipitaciones-2026x02x24-a.pdf
2026-02-24,083,OLIVARES,PEDERNALES,INDRHI,EMCI,,,0.0,https://indomet.gob.do/wp-content/uploads/2026/02/temperaturas-extremas-y-precipitaciones-2026x02x24-a.pdf
2026-02-24,084,PADRE LAS CASAS,AZUA,HOSP. NTRA. SRA. DEL CARMEN,EMCI,31.0,17.5,0.0,https://indomet.gob.do/wp-content/uploads/2026/02/temperaturas-extremas-y-precipitaciones-2026x02x24-a.pdf
2026-02-24,085,PEDERNALES,PEDERNALES,INDRHI,EMCI,,,0.0,https://indomet.gob.do/wp-content/uploads/2026/02/temperaturas-extremas-y-precipitaciones-2026x02x24-a.pdf
2026-02-24,086,JARDÍN BOTÁNICO SANTIAGO (EMSANTIAGO,,JARDIN BOTANICO SANTIAGO,EMAI,30.7,20.0,0.0,https://indomet.gob.do/wp-content/uploads/2026/02/temperaturas-extremas-y-precipitaciones-2026x02x24-a.pdf
2026-02-24,087,VALLE NUEVO (EMA),LA VEGA,MARENA,EMAI,15.8,6.4,0.0,https://indomet.gob.do/wp-content/uploads/2026/02/temperaturas-extremas-y-precipitaciones-2026x02x24-a.pdf
2026-02-25,001,RÍO SAN JUAN,MARÍA TRINIDAD SÁNCHEZ,HOSP. MPAL. DR. DESIDERIO ACOSTA,EMCV,26.8,21.1,36.8,https://indomet.gob.do/wp-content/uploads/2026/02/Temperaturas-extremas-y-precipitaciones-25-de-Febrero-2026.pdf
2026-02-25,002,CABRERA,MARÍA TRINIDAD SÁNCHEZ,ESCUELA ARÍSTIDES FIALLO CABRAL,EMCI,23.5,20.5,36.4,https://indomet.gob.do/wp-content/uploads/2026/02/Temperaturas-extremas-y-precipitaciones-25-de-Febrero-2026.pdf
2026-02-25,003,MONTE CRISTI,MONTE CRISTI,INDOMET,EMCI,27.2,20.8,31.5,https://indomet.gob.do/wp-content/uploads/2026/02/Temperaturas-extremas-y-precipitaciones-25-de-Febrero-2026.pdf
2026-02-25,004,ALTAMIRA,PUERTO PLATA,HOSP. MPAL. DE ALTAMIRA,EMCI,27.4,17.9,30.2,https://indomet.gob.do/wp-content/uploads/2026/02/Temperaturas-extremas-y-precipitaciones-25-de-Febrero-2026.pdf
2026-02-25,005,DAJABÓN,DAJABÓN,INSTITUTO POLITÉCNICO LOYOLA,EMCI,34.0,18.2,26.5,https://indomet.gob.do/wp-content/uploads/2026/02/Temperaturas-extremas-y-precipitaciones-25-de-Febrero-2026.pdf
2026-02-25,006,SAN RAFAEL DEL YUMA,LA ALTAGRACIA,MINISTERIO DE AGRICULTURA,EMCI,30.8,21.0,21.1,https://indomet.gob.do/wp-content/uploads/2026/02/Temperaturas-extremas-y-precipitaciones-25-de-Febrero-2026.pdf
2026-02-25,007,SABANA GRANDE DE BOYÁ,MONTE PLATA,MINISTERIO DE AGRICULTURA,EMCV,,,20.1,https://indomet.gob.do/wp-content/uploads/2026/02/Temperaturas-extremas-y-precipitaciones-25-de-Febrero-2026.pdf
2026-02-25,008,ARPT. EL CATEY,SAMANÁ,INDOMET,EMCI,26.4,19.5,18.0,https://indomet.gob.do/wp-content/uploads/2026/02/Temperaturas-extremas-y-precipitaciones-25-de-Febrero-2026.pdf
2026-02-25,009,MICHES (EMA),EL SEIBO,PRIVADA,EMAP,29.2,19.8,17.0,https://indomet.gob.do/wp-content/uploads/2026/02/Temperaturas-extremas-y-precipitaciones-25-de-Febrero-2026.pdf
2026-02-25,010,RESTAURACIÓN,DAJABÓN,MINISTERIO DE AGRICULTURA,EMCI,25.8,15.9,17.0,https://indomet.gob.do/wp-content/uploads/2026/02/Temperaturas-extremas-y-precipitaciones-25-de-Febrero-2026.pdf
2026-02-25,011,VILLA ISABELA,PUERTO PLATA,MINISTERIO DE AGRICULTURA,EMCV,27.5,18.2,17.0,https://indomet.gob.do/wp-content/uploads/2026/02/Temperaturas-extremas-y-precipitaciones-25-de-Febrero-2026.pdf
2026-02-25,012,ARPT. GREGORIO LUPERÓN,PUERTO PLATA,INDOMET,EMCI,27.0,20.0,15.6,https://indomet.gob.do/wp-content/uploads/2026/02/Temperaturas-extremas-y-precipitaciones-25-de-Febrero-2026.pdf
2026-02-25,013,ARPT. DEL CIBAO,SANTIAGO,INDOMET,EMCI,29.0,19.0,13.1,https://indomet.gob.do/wp-content/uploads/2026/02/Temperaturas-extremas-y-precipitaciones-25-de-Febrero-2026.pdf
2026-02-25,014,BUCARA (EMA),SANTIAGO,MINISTERIO DE AGRICULTURA,EMAI,,,12.6,https://indomet.gob.do/wp-content/uploads/2026/02/Temperaturas-extremas-y-precipitaciones-25-de-Febrero-2026.pdf
2026-02-25,015,SAMANÁ,SAMANÁ,COMANDANCIA DE PUERTO DE SAMANÁ,EMCI,29.4,16.4,12.4,https://indomet.gob.do/wp-content/uploads/2026/02/Temperaturas-extremas-y-precipitaciones-25-de-Febrero-2026.pdf
2026-02-25,016,TAMBORIL,SANTIAGO,MINISTERIO DE AGRICULTURA,EMCV,,,11.4,https://indomet.gob.do/wp-content/uploads/2026/02/Temperaturas-extremas-y-precipitaciones-25-de-Febrero-2026.pdf
2026-02-25,017,ARPT. ARROYO BARRIL,SAMANÁ,INDOMET,EMCI,25.7,20.0,11.4,https://indomet.gob.do/wp-content/uploads/2026/02/Temperaturas-extremas-y-precipitaciones-25-de-Febrero-2026.pdf
2026-02-25,018,MOCA,ESPAILLAT,MINISTERIO DE AGRICULTURA,EMCV,,,11.4,https://indomet.gob.do/wp-content/uploads/2026/02/Temperaturas-extremas-y-precipitaciones-25-de-Febrero-2026.pdf
2026-02-25,019,SALCEDO,HERMANAS MIRABAL,PROPIEDAD DEL EMPLEADO,EMCI,,,10.9,https://indomet.gob.do/wp-content/uploads/2026/02/Temperaturas-extremas-y-precipitaciones-25-de-Febrero-2026.pdf
2026-02-25,020,MONCIÓN (EMA),SANTIAGO RODRÍGUEZ,PROGRAMA MUNDIAL DE ALIMENTO,EMAP,25.7,17.1,10.8,https://indomet.gob.do/wp-content/uploads/2026/02/Temperaturas-extremas-y-precipitaciones-25-de-Febrero-2026.pdf
2026-02-25,021,VILLA GONZALES,SANTIAGO,MINISTERIO DE AGRICULTURA,EMCI,,,9.4,https://indomet.gob.do/wp-content/uploads/2026/02/Temperaturas-extremas-y-precipitaciones-25-de-Febrero-2026.pdf
2026-02-25,022,GURABO,SANTIAGO,MINISTERIO DE AGRICULTURA,EMCV,,,9.4,https://indomet.gob.do/wp-content/uploads/2026/02/Temperaturas-extremas-y-precipitaciones-25-de-Febrero-2026.pdf
2026-02-25,023,LOS JENGIBRES,NAGUA,INDRHI,EMCI,,,9.2,https://indomet.gob.do/wp-content/uploads/2026/02/Temperaturas-extremas-y-precipitaciones-25-de-Febrero-2026.pdf
2026-02-25,024,NAVARRETE,SANTIAGO,MINISTERIO DE AGRICULTURA,EMCV,,,9.1,https://indomet.gob.do/wp-content/uploads/2026/02/Temperaturas-extremas-y-precipitaciones-25-de-Febrero-2026.pdf
2026-02-25,025,LUPERÓN,PUERTO PLATA,MINISTERIO DE AGRICULTURA,EMCV,,,8.8,https://indomet.gob.do/wp-content/uploads/2026/02/Temperaturas-extremas-y-precipitaciones-25-de-Febrero-2026.pdf
2026-02-25,026,SANTIAGO RODRÍGUEZ,SANTIAGO RODRÍGUEZ,INDOMET,EMCI,29.3,19.5,8.5,https://indomet.gob.do/wp-content/uploads/2026/02/Temperaturas-extremas-y-precipitaciones-25-de-Febrero-2026.pdf
2026-02-25,027,SABANETA (EMA),SANTIAGO RODRÍGUEZ,PROGRAMA MUNDIAL DE ALIMENTO,EMAP,28.9,18.9,8.4,https://indomet.gob.do/wp-content/uploads/2026/02/Temperaturas-extremas-y-precipitaciones-25-de-Febrero-2026.pdf
2026-02-25,028,SAN FRANCISCO DE MACORÍS,DUARTE,San Francisco de Macorís (UASD),EMCI,28.5,20.2,8.4,https://indomet.gob.do/wp-content/uploads/2026/02/Temperaturas-extremas-y-precipitaciones-25-de-Febrero-2026.pdf
2026-02-25,029,VILLA RIVA,DUARTE,HOSP. MPAL. ALICIA DE LEGENDRE,EMCI,26.5,18.0,8.3,https://indomet.gob.do/wp-content/uploads/2026/02/Temperaturas-extremas-y-precipitaciones-25-de-Febrero-2026.pdf
2026-02-25,030,SÁNCHEZ,SAMANÁ,MINISTERIO DE AGRICULTURA,EMCI,28.9,19.7,8.0,https://indomet.gob.do/wp-content/uploads/2026/02/Temperaturas-extremas-y-precipitaciones-25-de-Febrero-2026.pdf
2026-02-25,031,PALO ÍNDIO,PUERTO PLATA,MINISTERIO DE AGRICULTURA,EMCI,,,7.1,https://indomet.gob.do/wp-content/uploads/2026/02/Temperaturas-extremas-y-precipitaciones-25-de-Febrero-2026.pdf
2026-02-25,032,PRESA DE TAVERAS (EMA),LA VEGA,PROGRAMA MUNDIAL DE ALIMENTO,EMAP,26.6,19.6,6.2,https://indomet.gob.do/wp-content/uploads/2026/02/Temperaturas-extremas-y-precipitaciones-25-de-Febrero-2026.pdf
2026-02-25,033,VILLA VASQUEZ (EMA),MONTE CRISTI,JUNTA DE REGANTES,EMAI,,,5.8,https://indomet.gob.do/wp-content/uploads/2026/02/Temperaturas-extremas-y-precipitaciones-25-de-Febrero-2026.pdf
2026-02-25,034,SANTIAGO,SANTIAGO,HUACALITO,EMCI,,,5.7,https://indomet.gob.do/wp-content/uploads/2026/02/Temperaturas-extremas-y-precipitaciones-25-de-Febrero-2026.pdf
2026-02-25,035,JARDÍN BOTÁNICO SANTIAGO (EMSANTIAGO,,JARDIN BOTANICO SANTIAGO,EMAI,28.9,21.1,5.4,https://indomet.gob.do/wp-content/uploads/2026/02/Temperaturas-extremas-y-precipitaciones-25-de-Febrero-2026.pdf
2026-02-25,036,EL FACTOR (EMA),MARÍA TRINIDAD SÁNCHEZ,INTEC,EMAP,28.2,21.0,5.1,https://indomet.gob.do/wp-content/uploads/2026/02/Temperaturas-extremas-y-precipitaciones-25-de-Febrero-2026.pdf
2026-02-25,037,BOCA DE MAO (EMA),VALVERDE,MINISTERIO DE AGRICULTURA,EMAP,30.2,19.7,5.0,https://indomet.gob.do/wp-content/uploads/2026/02/Temperaturas-extremas-y-precipitaciones-25-de-Febrero-2026.pdf
2026-02-25,038,ARPT. LA ISABELA,SANTO DOMINGO,INDOMET,EMCI,30.5,21.2,4.7,https://indomet.gob.do/wp-content/uploads/2026/02/Temperaturas-extremas-y-precipitaciones-25-de-Febrero-2026.pdf
2026-02-25,039,BAYAGUANA,MONTE PLATA,INDOMET,EMCI,30.0,20.5,4.5,https://indomet.gob.do/wp-content/uploads/2026/02/Temperaturas-extremas-y-precipitaciones-25-de-Febrero-2026.pdf
2026-02-25,040,VILLA ALTAGRACIA,SAN CRISTÓBAL,ESCUELA JAVIER ANGULO GURIDI,EMCI,,,3.8,https://indomet.gob.do/wp-content/uploads/2026/02/Temperaturas-extremas-y-precipitaciones-25-de-Febrero-2026.pdf
2026-02-25,041,LA VICTORIA,SANTO DOMINGO,CUERPO DE BOMBEROS,EMCI,27.0,20.0,3.7,https://indomet.gob.do/wp-content/uploads/2026/02/Temperaturas-extremas-y-precipitaciones-25-de-Febrero-2026.pdf
2026-02-25,042,BONAO,MONSEÑOR NOUEL,MINISTERIO DE AGRICULTURA,EMCV,,,3.6,https://indomet.gob.do/wp-content/uploads/2026/02/Temperaturas-extremas-y-precipitaciones-25-de-Febrero-2026.pdf
2026-02-25,043,ARPT. DE LA ROMANA,LA ROMANA,INDOMET,EMCI,30.5,21.3,2.4,https://indomet.gob.do/wp-content/uploads/2026/02/Temperaturas-extremas-y-precipitaciones-25-de-Febrero-2026.pdf
2026-02-25,044,JUMA BEJUCAL,MONSEÑOR NOUEL,IDIAF,EMCV,28.9,20.4,2.3,https://indomet.gob.do/wp-content/uploads/2026/02/Temperaturas-extremas-y-precipitaciones-25-de-Febrero-2026.pdf
2026-02-25,045,HATO MAYOR,HATO MAYOR,MINISTERIO DE AGRICULTURA,EMCV,,,1.8,https://indomet.gob.do/wp-content/uploads/2026/02/Temperaturas-extremas-y-precipitaciones-25-de-Febrero-2026.pdf
2026-02-25,046,PONTÓN ABAJO (EMA),LA VEGA,MINISTERIO DE AGRICULTURA,EMAP,28.1,20.9,1.6,https://indomet.gob.do/wp-content/uploads/2026/02/Temperaturas-extremas-y-precipitaciones-25-de-Febrero-2026.pdf
2026-02-25,047,ARPT. DE PUNTA CANA,LA ALTAGRACIA,INDOMET,EMCI,28.8,21.1,1.4,https://indomet.gob.do/wp-content/uploads/2026/02/Temperaturas-extremas-y-precipitaciones-25-de-Febrero-2026.pdf
2026-02-25,048,POLO,BARAHONA,INDOCAFE,EMCI,,17.0,1.3,https://indomet.gob.do/wp-content/uploads/2026/02/Temperaturas-extremas-y-precipitaciones-25-de-Febrero-2026.pdf
2026-02-25,049,ENRIQUILLO,BARAHONA,MINISTERIO DE AGRICULTURA,EMCV,31.0,21.5,1.2,https://indomet.gob.do/wp-content/uploads/2026/02/Temperaturas-extremas-y-precipitaciones-25-de-Febrero-2026.pdf
2026-02-25,050,RANCHO ARRIBA,SAN JOSÉ DE OCOA,CENTRO TECNOLÓGICO COMUNITARIO,EMCI,24.9,15.4,1.1,https://indomet.gob.do/wp-content/uploads/2026/02/Temperaturas-extremas-y-precipitaciones-25-de-Febrero-2026.pdf
2026-02-25,051,LA VEGA,LA VEGA,IATESA,EMCI,28.3,20.0,0.8,https://indomet.gob.do/wp-content/uploads/2026/02/Temperaturas-extremas-y-precipitaciones-25-de-Febrero-2026.pdf
2026-02-25,052,VALLE NUEVO (EMA),LA VEGA,MARENA,EMAI,14.1,7.6,0.8,https://indomet.gob.do/wp-content/uploads/2026/02/Temperaturas-extremas-y-precipitaciones-25-de-Febrero-2026.pdf
2026-02-25,053,SABANA DE LA MAR,HATO MAYOR,INDOMET,EMCI,28.6,19.8,0.7,https://indomet.gob.do/wp-content/uploads/2026/02/Temperaturas-extremas-y-precipitaciones-25-de-Febrero-2026.pdf
2026-02-25,054,LOS LLANOS,SAN PEDRO DE MACORÍS,MINISTERIO DE AGRICULTURA,EMCI,29.0,19.2,0.6,https://indomet.gob.do/wp-content/uploads/2026/02/Temperaturas-extremas-y-precipitaciones-25-de-Febrero-2026.pdf
2026-02-25,055,JARABACOA,LA VEGA,INDRHI / MARENA,EMCI,27.2,14.0,0.4,https://indomet.gob.do/wp-content/uploads/2026/02/Temperaturas-extremas-y-precipitaciones-25-de-Febrero-2026.pdf
2026-02-25,056,OVIEDO,PEDERNALES,CLÍNICA RURAL OVIEDO,EMCI,31.2,20.0,0.4,https://indomet.gob.do/wp-content/uploads/2026/02/Temperaturas-extremas-y-precipitaciones-25-de-Febrero-2026.pdf
2026-02-25,057,ALTO BANDERA (EMA),LA VEGA,INTEC,EMAP,10.2,5.4,0.3,https://indomet.gob.do/wp-content/uploads/2026/02/Temperaturas-extremas-y-precipitaciones-25-de-Febrero-2026.pdf
2026-02-25,058,ANAMUYA (EMA),LA ALTAGRACIA,MINISTERIO DE AGRICULTURA,EMAP,31.0,22.1,0.2,https://indomet.gob.do/wp-content/uploads/2026/02/Temperaturas-extremas-y-precipitaciones-25-de-Febrero-2026.pdf
2026-02-25,059,JARABACOA (EMA),LA VEGA,PROGRAMA MUNDIAL DE ALIMENTO,EMAP,26.1,16.3,0.2,https://indomet.gob.do/wp-content/uploads/2026/02/Temperaturas-extremas-y-precipitaciones-25-de-Febrero-2026.pdf
2026-02-25,060,SAJOMA (EMA),SANTIAGO,PLAN SIERRA,EMAI,,,0.2,https://indomet.gob.do/wp-content/uploads/2026/02/Temperaturas-extremas-y-precipitaciones-25-de-Febrero-2026.pdf
2026-02-25,061,SAN JOSÉ DE OCOA,SAN JOSÉ DE OCOA,HOSP. SAN JOSÉ DE OCOA,EMCI,27.4,17.8,0.2,https://indomet.gob.do/wp-content/uploads/2026/02/Temperaturas-extremas-y-precipitaciones-25-de-Febrero-2026.pdf
2026-02-25,062,ARROYO LORO,SAN JUAN,IDIAF,EMCI,29.4,15.1,0.1,https://indomet.gob.do/wp-content/uploads/2026/02/Temperaturas-extremas-y-precipitaciones-25-de-Febrero-2026.pdf
2026-02-25,063,ARPT. DE LAS AMÉRICAS,SANTO DOMINGO,INDOMET,EMCI,30.0,20.8,0.0,https://indomet.gob.do/wp-content/uploads/2026/02/Temperaturas-extremas-y-precipitaciones-25-de-Febrero-2026.pdf
2026-02-25,064,ARPT. MARÍA MONTEZ,BARAHONA,INDOMET,EMCI,30.2,20.0,0.0,https://indomet.gob.do/wp-content/uploads/2026/02/Temperaturas-extremas-y-precipitaciones-25-de-Febrero-2026.pdf
2026-02-25,065,BANI (EMA),PERAVIA,MINISTERIO DE AGRICULTURA,EMAP,30.5,23.3,0.0,https://indomet.gob.do/wp-content/uploads/2026/02/Temperaturas-extremas-y-precipitaciones-25-de-Febrero-2026.pdf
2026-02-25,066,BASE AÉREA DE SAN ISIDRO,SANTO DOMINGO,FUERZA AÉREA DOMINICANA,EMCV,30.9,9.8,0.0,https://indomet.gob.do/wp-content/uploads/2026/02/Temperaturas-extremas-y-precipitaciones-25-de-Febrero-2026.pdf
2026-02-25,067,BOHECHÍO,SAN JUAN,MINISTERIO DE AGRICULTURA,EMCV,,,0.0,https://indomet.gob.do/wp-content/uploads/2026/02/Temperaturas-extremas-y-precipitaciones-25-de-Febrero-2026.pdf
2026-02-25,068,CENTRO DE LOS HEROES (EMA),DISTRITO NACIONAL,MINISTERIO DE ENERGIA Y MINA,EMAP,30.8,23.0,0.0,https://indomet.gob.do/wp-content/uploads/2026/02/Temperaturas-extremas-y-precipitaciones-25-de-Febrero-2026.pdf
2026-02-25,069,CONSTANZA,LA VEGA,MINISTERIO DE AGRICULTURA,EMCI,22.8,9.4,0.0,https://indomet.gob.do/wp-content/uploads/2026/02/Temperaturas-extremas-y-precipitaciones-25-de-Febrero-2026.pdf
2026-02-25,070,CONSTANZA (EMA),LA VEGA,PROGRAMA MUNDIAL DE ALIMENTO,EMAP,21.7,11.2,0.0,https://indomet.gob.do/wp-content/uploads/2026/02/Temperaturas-extremas-y-precipitaciones-25-de-Febrero-2026.pdf
2026-02-25,071,ELÍAS PIÑA,ELÍAS PIÑA,MINISTERIO DE AGRICULTURA,EMCV,,,0.0,https://indomet.gob.do/wp-content/uploads/2026/02/Temperaturas-extremas-y-precipitaciones-25-de-Febrero-2026.pdf
2026-02-25,072,ESCONDIDO,PERAVIA,MINISTERIO DE AGRICULTURA,EMCV,31.0,23.0,0.0,https://indomet.gob.do/wp-content/uploads/2026/02/Temperaturas-extremas-y-precipitaciones-25-de-Febrero-2026.pdf
2026-02-25,073,GASPAR HERNÁNDEZ,ESPAILLAT,PROPIEDAD DEL EMPLEADO,EMCI,,,0.0,https://indomet.gob.do/wp-content/uploads/2026/02/Temperaturas-extremas-y-precipitaciones-25-de-Febrero-2026.pdf
2026-02-25,074,HONDO VALLE,ELÍAS PIÑA,MINISTERIO DE AGRICULTURA,EMCI,21.4,12.2,0.0,https://indomet.gob.do/wp-content/uploads/2026/02/Temperaturas-extremas-y-precipitaciones-25-de-Febrero-2026.pdf
2026-02-25,075,JARDÍN BOTÁNICO NACIONAL,DISTRITO NACIONAL,JARDÍN BOTÁNICO NACIONAL,EMCV,29.6,19.1,0.0,https://indomet.gob.do/wp-content/uploads/2026/02/Temperaturas-extremas-y-precipitaciones-25-de-Febrero-2026.pdf
2026-02-25,076,JIMANÍ,INDEPENDENCIA,MINISTERIO DE AGRICULTURA,EMCI,32.0,20.5,0.0,https://indomet.gob.do/wp-content/uploads/2026/02/Temperaturas-extremas-y-precipitaciones-25-de-Febrero-2026.pdf
2026-02-25,077,LAS CANAS (EMA),MONTE CRISTI,PROGRAMA MUNDIAL DE ALIMENTO,EMAP,24.5,19.5,0.0,https://indomet.gob.do/wp-content/uploads/2026/02/Temperaturas-extremas-y-precipitaciones-25-de-Febrero-2026.pdf
2026-02-25,078,LAS MATAS DE SANTA CRUZ (EMA,MONTE CRISTI,PROGRAMA MUNDIAL DE ALIMENTO,EMAP,,,0.0,https://indomet.gob.do/wp-content/uploads/2026/02/Temperaturas-extremas-y-precipitaciones-25-de-Febrero-2026.pdf
2026-02-25,079,OLIVARES,PEDERNALES,INDRHI,EMCI,,,0.0,https://indomet.gob.do/wp-content/uploads/2026/02/Temperaturas-extremas-y-precipitaciones-25-de-Febrero-2026.pdf
2026-02-25,080,PADRE LAS CASAS,AZUA,HOSP. NTRA. SRA. DEL CARMEN,EMCI,28.4,15.7,0.0,https://indomet.gob.do/wp-content/uploads/2026/02/Temperaturas-extremas-y-precipitaciones-25-de-Febrero-2026.pdf
2026-02-25,081,PASO AL MEDIO,SAN PEDRO DE MACORÍS,INDRHI,EMCI,,,0.0,https://indomet.gob.do/wp-content/uploads/2026/02/Temperaturas-extremas-y-precipitaciones-25-de-Febrero-2026.pdf
2026-02-25,082,PEDERNALES,PEDERNALES,INDRHI,EMCI,,,0.0,https://indomet.gob.do/wp-content/uploads/2026/02/Temperaturas-extremas-y-precipitaciones-25-de-Febrero-2026.pdf
2026-02-25,083,PERALTA,AZUA,HOSP. MPAL. DE PERALTA,EMCI,28.9,15.1,0.0,https://indomet.gob.do/wp-content/uploads/2026/02/Temperaturas-extremas-y-precipitaciones-25-de-Febrero-2026.pdf
2026-02-25,084,PESCADERIA (EMA),BARAHONA,MINISTERIO DE AGRICULTURA,EMAP,,,0.0,https://indomet.gob.do/wp-content/uploads/2026/02/Temperaturas-extremas-y-precipitaciones-25-de-Febrero-2026.pdf
2026-02-25,085,SAN CRISTÓBAL,SAN CRISTÓBAL,INSTITUTO POLITÉCNICO LOYOLA,EMCI,32.0,19.0,0.0,https://indomet.gob.do/wp-content/uploads/2026/02/Temperaturas-extremas-y-precipitaciones-25-de-Febrero-2026.pdf
2026-02-25,086,SANTO DOMINGO ESTE,SANTO DOMINGO,INDOMET,EMCI,30.5,22.6,0.0,https://indomet.gob.do/wp-content/uploads/2026/02/Temperaturas-extremas-y-precipitaciones-25-de-Febrero-2026.pdf
2026-02-25,087,TÁBARA ABAJO,AZUA,INDRHI,EMCI,31.5,20.0,0.0,https://indomet.gob.do/wp-content/uploads/2026/02/Temperaturas-extremas-y-precipitaciones-25-de-Febrero-2026.pdf
2026-02-25,088,TAVERA,SANTIAGO,INDRHI,EMCI,,,0.0,https://indomet.gob.do/wp-content/uploads/2026/02/Temperaturas-extremas-y-precipitaciones-25-de-Febrero-2026.pdf
2026-02-26,001,CABRERA,MARÍA TRINIDAD SÁNCHEZ,ESCUELA ARÍSTIDES FIALLO CABRAL,EMCI,29.5,20.0,15.7,https://indomet.gob.do/wp-content/uploads/2026/02/temperaturas-extremas-y-precipitaciones-2026x02x26-a.pdf
2026-02-26,002,ABREU (EMA),MARÍA TRINIDAD SÁNCHEZ,PRIVADA,EMAP,,,11.5,https://indomet.gob.do/wp-content/uploads/2026/02/temperaturas-extremas-y-precipitaciones-2026x02x26-a.pdf
2026-02-26,003,SAMANÁ,SAMANÁ,COMANDANCIA DE PUERTO DE SAMANÁ,EMCI,29.8,17.4,8.8,https://indomet.gob.do/wp-content/uploads/2026/02/temperaturas-extremas-y-precipitaciones-2026x02x26-a.pdf
2026-02-26,004,GASPAR HERNÁNDEZ,ESPAILLAT,PROPIEDAD DEL EMPLEADO,EMCI,,,8.2,https://indomet.gob.do/wp-content/uploads/2026/02/temperaturas-extremas-y-precipitaciones-2026x02x26-a.pdf
2026-02-26,005,MONCIÓN (EMA),SANTIAGO RODRÍGUEZ,PROGRAMA MUNDIAL DE ALIMENTO,EMAP,29.1,17.5,6.4,https://indomet.gob.do/wp-content/uploads/2026/02/temperaturas-extremas-y-precipitaciones-2026x02x26-a.pdf
2026-02-26,006,RÍO SAN JUAN,MARÍA TRINIDAD SÁNCHEZ,HOSP. MPAL. DR. DESIDERIO ACOSTA,EMCV,30.6,22.0,4.2,https://indomet.gob.do/wp-content/uploads/2026/02/temperaturas-extremas-y-precipitaciones-2026x02x26-a.pdf
2026-02-26,007,OVIEDO,PEDERNALES,CLÍNICA RURAL OVIEDO,EMCI,30.5,22.5,3.0,https://indomet.gob.do/wp-content/uploads/2026/02/temperaturas-extremas-y-precipitaciones-2026x02x26-a.pdf
2026-02-26,008,ANAMUYA (EMA),LA ALTAGRACIA,MINISTERIO DE AGRICULTURA,EMAP,30.4,21.8,0.6,https://indomet.gob.do/wp-content/uploads/2026/02/temperaturas-extremas-y-precipitaciones-2026x02x26-a.pdf
2026-02-26,009,ARPT. DE PUNTA CANA,LA ALTAGRACIA,INDOMET,EMCI,29.0,22.0,0.6,https://indomet.gob.do/wp-content/uploads/2026/02/temperaturas-extremas-y-precipitaciones-2026x02x26-a.pdf
2026-02-26,010,SÁNCHEZ,SAMANÁ,MINISTERIO DE AGRICULTURA,EMCI,29.6,21.7,0.6,https://indomet.gob.do/wp-content/uploads/2026/02/temperaturas-extremas-y-precipitaciones-2026x02x26-a.pdf
2026-02-26,011,TAMBORIL,SANTIAGO,MINISTERIO DE AGRICULTURA,EMCV,,,0.5,https://indomet.gob.do/wp-content/uploads/2026/02/temperaturas-extremas-y-precipitaciones-2026x02x26-a.pdf
2026-02-26,012,SAN CRISTÓBAL,SAN CRISTÓBAL,INSTITUTO POLITÉCNICO LOYOLA,EMCI,30.2,20.2,0.5,https://indomet.gob.do/wp-content/uploads/2026/02/temperaturas-extremas-y-precipitaciones-2026x02x26-a.pdf
2026-02-26,013,ENRIQUILLO,BARAHONA,MINISTERIO DE AGRICULTURA,EMCV,30.0,22.0,0.4,https://indomet.gob.do/wp-content/uploads/2026/02/temperaturas-extremas-y-precipitaciones-2026x02x26-a.pdf
2026-02-26,014,POLO,BARAHONA,INDOCAFE,EMCI,,17.5,0.4,https://indomet.gob.do/wp-content/uploads/2026/02/temperaturas-extremas-y-precipitaciones-2026x02x26-a.pdf
2026-02-26,015,SABANA DE LA MAR,HATO MAYOR,INDOMET,EMCI,29.6,21.0,0.4,https://indomet.gob.do/wp-content/uploads/2026/02/temperaturas-extremas-y-precipitaciones-2026x02x26-a.pdf
2026-02-26,016,ALTAMIRA,PUERTO PLATA,HOSP. MPAL. DE ALTAMIRA,EMCI,30.9,18.1,0.3,https://indomet.gob.do/wp-content/uploads/2026/02/temperaturas-extremas-y-precipitaciones-2026x02x26-a.pdf
2026-02-26,017,ALTO BANDERA (EMA),LA VEGA,INTEC,EMAP,14.2,6.8,0.3,https://indomet.gob.do/wp-content/uploads/2026/02/temperaturas-extremas-y-precipitaciones-2026x02x26-a.pdf
2026-02-26,018,SAN RAFAEL DEL YUMA,LA ALTAGRACIA,MINISTERIO DE AGRICULTURA,EMCI,30.8,20.7,0.3,https://indomet.gob.do/wp-content/uploads/2026/02/temperaturas-extremas-y-precipitaciones-2026x02x26-a.pdf
2026-02-26,019,BASE AÉREA DE SAN ISIDRO,SANTO DOMINGO,FUERZA AÉREA DOMINICANA,EMCV,32.0,21.5,0.0,https://indomet.gob.do/wp-content/uploads/2026/02/temperaturas-extremas-y-precipitaciones-2026x02x26-a.pdf
2026-02-26,020,ARPT. ARROYO BARRIL,SAMANÁ,INDOMET,EMCI,31.5,21.2,0.0,https://indomet.gob.do/wp-content/uploads/2026/02/temperaturas-extremas-y-precipitaciones-2026x02x26-a.pdf
2026-02-26,021,ARPT. DE LA ROMANA,LA ROMANA,INDOMET,EMCI,30.5,20.5,0.0,https://indomet.gob.do/wp-content/uploads/2026/02/temperaturas-extremas-y-precipitaciones-2026x02x26-a.pdf
2026-02-26,022,ARPT. DE LAS AMÉRICAS,SANTO DOMINGO,INDOMET,EMCI,30.1,20.8,0.0,https://indomet.gob.do/wp-content/uploads/2026/02/temperaturas-extremas-y-precipitaciones-2026x02x26-a.pdf
2026-02-26,023,ARPT. DEL CIBAO,SANTIAGO,INDOMET,EMCI,31.0,19.0,0.0,https://indomet.gob.do/wp-content/uploads/2026/02/temperaturas-extremas-y-precipitaciones-2026x02x26-a.pdf
2026-02-26,024,ARPT. EL CATEY,SAMANÁ,INDOMET,EMCI,31.5,19.0,0.0,https://indomet.gob.do/wp-content/uploads/2026/02/temperaturas-extremas-y-precipitaciones-2026x02x26-a.pdf
2026-02-26,025,ARPT. GREGORIO LUPERÓN,PUERTO PLATA,INDOMET,EMCI,29.6,18.5,0.0,https://indomet.gob.do/wp-content/uploads/2026/02/temperaturas-extremas-y-precipitaciones-2026x02x26-a.pdf
2026-02-26,026,ARPT. LA ISABELA,SANTO DOMINGO,INDOMET,EMCI,31.5,20.0,0.0,https://indomet.gob.do/wp-content/uploads/2026/02/temperaturas-extremas-y-precipitaciones-2026x02x26-a.pdf
2026-02-26,027,ARPT. MARÍA MONTEZ,BARAHONA,INDOMET,EMCI,30.8,21.8,0.0,https://indomet.gob.do/wp-content/uploads/2026/02/temperaturas-extremas-y-precipitaciones-2026x02x26-a.pdf
2026-02-26,028,ARROYO LORO,SAN JUAN,IDIAF,EMCI,31.3,15.6,0.0,https://indomet.gob.do/wp-content/uploads/2026/02/temperaturas-extremas-y-precipitaciones-2026x02x26-a.pdf
2026-02-26,029,BANI (EMA),PERAVIA,MINISTERIO DE AGRICULTURA,EMAP,30.4,23.6,0.0,https://indomet.gob.do/wp-content/uploads/2026/02/temperaturas-extremas-y-precipitaciones-2026x02x26-a.pdf
2026-02-26,030,BAYAGUANA,MONTE PLATA,INDOMET,EMCI,32.0,19.5,0.0,https://indomet.gob.do/wp-content/uploads/2026/02/temperaturas-extremas-y-precipitaciones-2026x02x26-a.pdf
2026-02-26,031,BOCA DE MAO (EMA),VALVERDE,MINISTERIO DE AGRICULTURA,EMAP,31.7,20.2,0.0,https://indomet.gob.do/wp-content/uploads/2026/02/temperaturas-extremas-y-precipitaciones-2026x02x26-a.pdf
2026-02-26,032,BONAO,MONSEÑOR NOUEL,MINISTERIO DE AGRICULTURA,EMCV,,,0.0,https://indomet.gob.do/wp-content/uploads/2026/02/temperaturas-extremas-y-precipitaciones-2026x02x26-a.pdf
2026-02-26,033,CENTRO DE LOS HEROES (EMA),DISTRITO NACIONAL,MINISTERIO DE ENERGIA Y MINA,EMAP,29.8,24.7,0.0,https://indomet.gob.do/wp-content/uploads/2026/02/temperaturas-extremas-y-precipitaciones-2026x02x26-a.pdf
2026-02-26,034,CONSTANZA,LA VEGA,MINISTERIO DE AGRICULTURA,EMCI,24.0,8.0,0.0,https://indomet.gob.do/wp-content/uploads/2026/02/temperaturas-extremas-y-precipitaciones-2026x02x26-a.pdf
2026-02-26,035,CONSTANZA (EMA),LA VEGA,PROGRAMA MUNDIAL DE ALIMENTO,EMAP,23.2,9.6,0.0,https://indomet.gob.do/wp-content/uploads/2026/02/temperaturas-extremas-y-precipitaciones-2026x02x26-a.pdf
2026-02-26,036,DAJABÓN,DAJABÓN,INSTITUTO POLITÉCNICO LOYOLA,EMCI,33.0,19.5,0.0,https://indomet.gob.do/wp-content/uploads/2026/02/temperaturas-extremas-y-precipitaciones-2026x02x26-a.pdf
2026-02-26,037,EL FACTOR (EMA),MARÍA TRINIDAD SÁNCHEZ,INTEC,EMAP,30.6,22.5,0.0,https://indomet.gob.do/wp-content/uploads/2026/02/temperaturas-extremas-y-precipitaciones-2026x02x26-a.pdf
2026-02-26,038,GURABO,SANTIAGO,MINISTERIO DE AGRICULTURA,EMCV,,,0.0,https://indomet.gob.do/wp-content/uploads/2026/02/temperaturas-extremas-y-precipitaciones-2026x02x26-a.pdf
2026-02-26,039,HATO MAYOR,HATO MAYOR,MINISTERIO DE AGRICULTURA,EMCV,,,0.0,https://indomet.gob.do/wp-content/uploads/2026/02/temperaturas-extremas-y-precipitaciones-2026x02x26-a.pdf
2026-02-26,040,HONDO VALLE,ELÍAS PIÑA,MINISTERIO DE AGRICULTURA,EMCI,22.5,13.9,0.0,https://indomet.gob.do/wp-content/uploads/2026/02/temperaturas-extremas-y-precipitaciones-2026x02x26-a.pdf
2026-02-26,041,JARABACOA,LA VEGA,INDRHI / MARENA,EMCI,30.2,13.6,0.0,https://indomet.gob.do/wp-content/uploads/2026/02/temperaturas-extremas-y-precipitaciones-2026x02x26-a.pdf
2026-02-26,042,JARABACOA (EMA),LA VEGA,PROGRAMA MUNDIAL DE ALIMENTO,EMAP,28.6,15.8,0.0,https://indomet.gob.do/wp-content/uploads/2026/02/temperaturas-extremas-y-precipitaciones-2026x02x26-a.pdf
2026-02-26,043,JIMANÍ,INDEPENDENCIA,MINISTERIO DE AGRICULTURA,EMCI,32.5,22.4,0.0,https://indomet.gob.do/wp-content/uploads/2026/02/temperaturas-extremas-y-precipitaciones-2026x02x26-a.pdf
2026-02-26,044,JUMA BEJUCAL,MONSEÑOR NOUEL,IDIAF,EMCV,30.2,19.8,0.0,https://indomet.gob.do/wp-content/uploads/2026/02/temperaturas-extremas-y-precipitaciones-2026x02x26-a.pdf
2026-02-26,045,LA VEGA,LA VEGA,IATESA,EMCI,31.0,19.5,0.0,https://indomet.gob.do/wp-content/uploads/2026/02/temperaturas-extremas-y-precipitaciones-2026x02x26-a.pdf
2026-02-26,046,LA VICTORIA,SANTO DOMINGO,CUERPO DE BOMBEROS,EMCI,32.5,22.0,0.0,https://indomet.gob.do/wp-content/uploads/2026/02/temperaturas-extremas-y-precipitaciones-2026x02x26-a.pdf
2026-02-26,047,LAS CANAS (EMA),MONTE CRISTI,PROGRAMA MUNDIAL DE ALIMENTO,EMAP,28.3,21.8,0.0,https://indomet.gob.do/wp-content/uploads/2026/02/temperaturas-extremas-y-precipitaciones-2026x02x26-a.pdf
2026-02-26,048,LAS MATAS DE SANTA CRUZ (EMA,MONTE CRISTI,PROGRAMA MUNDIAL DE ALIMENTO,EMAP,,,0.0,https://indomet.gob.do/wp-content/uploads/2026/02/temperaturas-extremas-y-precipitaciones-2026x02x26-a.pdf
2026-02-26,049,LOS LLANOS,SAN PEDRO DE MACORÍS,MINISTERIO DE AGRICULTURA,EMCI,31.9,20.0,0.0,https://indomet.gob.do/wp-content/uploads/2026/02/temperaturas-extremas-y-precipitaciones-2026x02x26-a.pdf
2026-02-26,050,MAO,VALVERDE,INDRHI / MINISTERIO DE AGRICULTURA,EMCV,,,0.0,https://indomet.gob.do/wp-content/uploads/2026/02/temperaturas-extremas-y-precipitaciones-2026x02x26-a.pdf
2026-02-26,051,MICHES (EMA),EL SEIBO,PRIVADA,EMAP,29.8,21.4,0.0,https://indomet.gob.do/wp-content/uploads/2026/02/temperaturas-extremas-y-precipitaciones-2026x02x26-a.pdf
2026-02-26,052,MONTE CRISTI,MONTE CRISTI,INDOMET,EMCI,32.0,20.8,0.0,https://indomet.gob.do/wp-content/uploads/2026/02/temperaturas-extremas-y-precipitaciones-2026x02x26-a.pdf
2026-02-26,053,NAVARRETE,SANTIAGO,MINISTERIO DE AGRICULTURA,EMCV,,,0.0,https://indomet.gob.do/wp-content/uploads/2026/02/temperaturas-extremas-y-precipitaciones-2026x02x26-a.pdf
2026-02-26,054,OLIVARES,PEDERNALES,INDRHI,EMCI,,,0.0,https://indomet.gob.do/wp-content/uploads/2026/02/temperaturas-extremas-y-precipitaciones-2026x02x26-a.pdf
2026-02-26,055,PADRE LAS CASAS,AZUA,HOSP. NTRA. SRA. DEL CARMEN,EMCI,31.0,15.5,0.0,https://indomet.gob.do/wp-content/uploads/2026/02/temperaturas-extremas-y-precipitaciones-2026x02x26-a.pdf
2026-02-26,056,PALO ÍNDIO,PUERTO PLATA,MINISTERIO DE AGRICULTURA,EMCI,,,0.0,https://indomet.gob.do/wp-content/uploads/2026/02/temperaturas-extremas-y-precipitaciones-2026x02x26-a.pdf
2026-02-26,057,PEDERNALES,PEDERNALES,INDRHI,EMCI,,,0.0,https://indomet.gob.do/wp-content/uploads/2026/02/temperaturas-extremas-y-precipitaciones-2026x02x26-a.pdf
2026-02-26,058,PERALTA,AZUA,HOSP. MPAL. DE PERALTA,EMCI,31.0,16.0,0.0,https://indomet.gob.do/wp-content/uploads/2026/02/temperaturas-extremas-y-precipitaciones-2026x02x26-a.pdf
2026-02-26,059,PONTÓN ABAJO (EMA),LA VEGA,MINISTERIO DE AGRICULTURA,EMAP,31.7,19.9,0.0,https://indomet.gob.do/wp-content/uploads/2026/02/temperaturas-extremas-y-precipitaciones-2026x02x26-a.pdf
2026-02-26,060,RANCHO ARRIBA,SAN JOSÉ DE OCOA,CENTRO TECNOLÓGICO COMUNITARIO,EMCI,27.8,14.3,0.0,https://indomet.gob.do/wp-content/uploads/2026/02/temperaturas-extremas-y-precipitaciones-2026x02x26-a.pdf
2026-02-26,061,RESTAURACIÓN,DAJABÓN,MINISTERIO DE AGRICULTURA,EMCI,27.6,15.3,0.0,https://indomet.gob.do/wp-content/uploads/2026/02/temperaturas-extremas-y-precipitaciones-2026x02x26-a.pdf
2026-02-26,062,SABANA GRANDE DE BOYÁ,MONTE PLATA,MINISTERIO DE AGRICULTURA,EMCV,,,0.0,https://indomet.gob.do/wp-content/uploads/2026/02/temperaturas-extremas-y-precipitaciones-2026x02x26-a.pdf
2026-02-26,063,SABANETA (EMA),SANTIAGO RODRÍGUEZ,PROGRAMA MUNDIAL DE ALIMENTO,EMAP,33.3,19.7,0.0,https://indomet.gob.do/wp-content/uploads/2026/02/temperaturas-extremas-y-precipitaciones-2026x02x26-a.pdf
2026-02-26,064,SALCEDO,HERMANAS MIRABAL,PROPIEDAD DEL EMPLEADO,EMCI,,,0.0,https://indomet.gob.do/wp-content/uploads/2026/02/temperaturas-extremas-y-precipitaciones-2026x02x26-a.pdf
2026-02-26,065,SAN JOSÉ DE OCOA,SAN JOSÉ DE OCOA,HOSP. SAN JOSÉ DE OCOA,EMCI,28.4,16.8,0.0,https://indomet.gob.do/wp-content/uploads/2026/02/temperaturas-extremas-y-precipitaciones-2026x02x26-a.pdf
2026-02-26,066,SAJOMA (EMA),SANTIAGO,PLAN SIERRA,EMAI,24.9,,0.0,https://indomet.gob.do/wp-content/uploads/2026/02/temperaturas-extremas-y-precipitaciones-2026x02x26-a.pdf
2026-02-26,067,JARDÍN BOTÁNICO SANTIAGO (EMSANTIAGO,,JARDIN BOTANICO SANTIAGO,EMAI,30.2,20.8,0.0,https://indomet.gob.do/wp-content/uploads/2026/02/temperaturas-extremas-y-precipitaciones-2026x02x26-a.pdf
2026-02-26,068,BUCARA (EMA),SANTIAGO,MINISTERIO DE AGRICULTURA,EMAI,,,0.0,https://indomet.gob.do/wp-content/uploads/2026/02/temperaturas-extremas-y-precipitaciones-2026x02x26-a.pdf
2026-02-26,069,VILLA VASQUEZ (EMA),MONTE CRISTI,JUNTA DE REGANTES,EMAI,,,0.0,https://indomet.gob.do/wp-content/uploads/2026/02/temperaturas-extremas-y-precipitaciones-2026x02x26-a.pdf
2026-02-26,070,SANTIAGO RODRÍGUEZ,SANTIAGO RODRÍGUEZ,INDOMET,EMCI,33.0,20.0,0.0,https://indomet.gob.do/wp-content/uploads/2026/02/temperaturas-extremas-y-precipitaciones-2026x02x26-a.pdf
2026-02-26,071,SANTO DOMINGO ESTE,SANTO DOMINGO,INDOMET,EMCI,30.9,22.5,0.0,https://indomet.gob.do/wp-content/uploads/2026/02/temperaturas-extremas-y-precipitaciones-2026x02x26-a.pdf
2026-02-26,072,TÁBARA ABAJO,AZUA,INDRHI,EMCI,32.0,18.3,0.0,https://indomet.gob.do/wp-content/uploads/2026/02/temperaturas-extremas-y-precipitaciones-2026x02x26-a.pdf
2026-02-26,073,VALLE NUEVO (EMA),LA VEGA,MARENA,EMAI,16.9,8.2,0.0,https://indomet.gob.do/wp-content/uploads/2026/02/temperaturas-extremas-y-precipitaciones-2026x02x26-a.pdf
2026-02-26,074,VILLA GONZALES,SANTIAGO,MINISTERIO DE AGRICULTURA,EMCI,,,0.0,https://indomet.gob.do/wp-content/uploads/2026/02/temperaturas-extremas-y-precipitaciones-2026x02x26-a.pdf
2026-02-26,075,VILLA ISABELA,PUERTO PLATA,MINISTERIO DE AGRICULTURA,EMCV,30.0,18.2,0.0,https://indomet.gob.do/wp-content/uploads/2026/02/temperaturas-extremas-y-precipitaciones-2026x02x26-a.pdf
2026-02-26,076,VILLA RIVA,DUARTE,HOSP. MPAL. ALICIA DE LEGENDRE,EMCI,30.0,17.8,0.0,https://indomet.gob.do/wp-content/uploads/2026/02/temperaturas-extremas-y-precipitaciones-2026x02x26-a.pdf
2026-02-27,001,SABANA GRANDE DE BOYÁ,MONTE PLATA,MINISTERIO DE AGRICULTURA,EMCV,,,50.0,https://indomet.gob.do/wp-content/uploads/2026/02/temperaturas-extremas-y-precipitaciones-2026x02x27-a.pdf
2026-02-27,002,SAMANÁ,SAMANÁ,COMANDANCIA DE PUERTO DE SAMANÁ,EMCI,30.4,16.8,12.8,https://indomet.gob.do/wp-content/uploads/2026/02/temperaturas-extremas-y-precipitaciones-2026x02x27-a.pdf
2026-02-27,003,ARPT. ARROYO BARRIL,SAMANÁ,INDOMET,EMCI,30.6,21.7,6.2,https://indomet.gob.do/wp-content/uploads/2026/02/temperaturas-extremas-y-precipitaciones-2026x02x27-a.pdf
2026-02-27,004,ARPT. GREGORIO LUPERÓN,PUERTO PLATA,INDOMET,EMCI,29.0,21.4,6.2,https://indomet.gob.do/wp-content/uploads/2026/02/temperaturas-extremas-y-precipitaciones-2026x02x27-a.pdf
2026-02-27,005,MONCIÓN (EMA),SANTIAGO RODRÍGUEZ,PROGRAMA MUNDIAL DE ALIMENTO,EMAP,28.5,18.3,4.8,https://indomet.gob.do/wp-content/uploads/2026/02/temperaturas-extremas-y-precipitaciones-2026x02x27-a.pdf
2026-02-27,006,PRESA DE TAVERAS (EMA),LA VEGA,PROGRAMA MUNDIAL DE ALIMENTO,EMAP,28.8,19.6,4.2,https://indomet.gob.do/wp-content/uploads/2026/02/temperaturas-extremas-y-precipitaciones-2026x02x27-a.pdf
2026-02-27,007,ARPT. DE PUNTA CANA,LA ALTAGRACIA,INDOMET,EMCI,29.2,22.5,3.5,https://indomet.gob.do/wp-content/uploads/2026/02/temperaturas-extremas-y-precipitaciones-2026x02x27-a.pdf
2026-02-27,008,SANTO DOMINGO ESTE,SANTO DOMINGO,INDOMET,EMCI,31.0,24.6,3.4,https://indomet.gob.do/wp-content/uploads/2026/02/temperaturas-extremas-y-precipitaciones-2026x02x27-a.pdf
2026-02-27,009,ANAMUYA (EMA),LA ALTAGRACIA,MINISTERIO DE AGRICULTURA,EMAP,30.6,21.5,2.6,https://indomet.gob.do/wp-content/uploads/2026/02/temperaturas-extremas-y-precipitaciones-2026x02x27-a.pdf
2026-02-27,010,SÁNCHEZ,SAMANÁ,MINISTERIO DE AGRICULTURA,EMCI,29.4,20.6,2.5,https://indomet.gob.do/wp-content/uploads/2026/02/temperaturas-extremas-y-precipitaciones-2026x02x27-a.pdf
2026-02-27,011,ARPT. DE LAS AMÉRICAS,SANTO DOMINGO,INDOMET,EMCI,30.3,21.2,2.2,https://indomet.gob.do/wp-content/uploads/2026/02/temperaturas-extremas-y-precipitaciones-2026x02x27-a.pdf
2026-02-27,012,ARPT. DE LA ROMANA,LA ROMANA,INDOMET,EMCI,30.5,21.2,1.0,https://indomet.gob.do/wp-content/uploads/2026/02/temperaturas-extremas-y-precipitaciones-2026x02x27-a.pdf
2026-02-27,013,RÍO SAN JUAN,MARÍA TRINIDAD SÁNCHEZ,HOSP. MPAL. DR. DESIDERIO ACOSTA,EMCV,30.2,22.5,1.0,https://indomet.gob.do/wp-content/uploads/2026/02/temperaturas-extremas-y-precipitaciones-2026x02x27-a.pdf
2026-02-27,014,SABANA DE LA MAR,HATO MAYOR,INDOMET,EMCI,30.2,20.6,1.0,https://indomet.gob.do/wp-content/uploads/2026/02/temperaturas-extremas-y-precipitaciones-2026x02x27-a.pdf
2026-02-27,015,VILLA ALTAGRACIA,SAN CRISTÓBAL,ESCUELA JAVIER ANGULO GURIDI,EMCI,,,0.7,https://indomet.gob.do/wp-content/uploads/2026/02/temperaturas-extremas-y-precipitaciones-2026x02x27-a.pdf
2026-02-27,016,SAN RAFAEL DEL YUMA,LA ALTAGRACIA,MINISTERIO DE AGRICULTURA,EMCI,30.9,21.0,0.5,https://indomet.gob.do/wp-content/uploads/2026/02/temperaturas-extremas-y-precipitaciones-2026x02x27-a.pdf
2026-02-27,017,CENTRO DE LOS HEROES (EMA),DISTRITO NACIONAL,MINISTERIO DE ENERGIA Y MINA,EMAP,29.8,23.6,0.4,https://indomet.gob.do/wp-content/uploads/2026/02/temperaturas-extremas-y-precipitaciones-2026x02x27-a.pdf
2026-02-27,018,MICHES (EMA),EL SEIBO,PRIVADA,EMAP,29.9,20.7,0.2,https://indomet.gob.do/wp-content/uploads/2026/02/temperaturas-extremas-y-precipitaciones-2026x02x27-a.pdf
2026-02-27,019,ALTAMIRA,PUERTO PLATA,HOSP. MPAL. DE ALTAMIRA,EMCI,29.9,17.7,0.1,https://indomet.gob.do/wp-content/uploads/2026/02/temperaturas-extremas-y-precipitaciones-2026x02x27-a.pdf
2026-02-27,020,ENRIQUILLO,BARAHONA,MINISTERIO DE AGRICULTURA,EMCV,29.5,22.0,0.1,https://indomet.gob.do/wp-content/uploads/2026/02/temperaturas-extremas-y-precipitaciones-2026x02x27-a.pdf
2026-02-27,021,ALTO BANDERA (EMA),LA VEGA,INTEC,EMAP,14.2,5.8,0.0,https://indomet.gob.do/wp-content/uploads/2026/02/temperaturas-extremas-y-precipitaciones-2026x02x27-a.pdf
2026-02-27,022,ARPT. DEL CIBAO,SANTIAGO,INDOMET,EMCI,30.8,19.5,0.0,https://indomet.gob.do/wp-content/uploads/2026/02/temperaturas-extremas-y-precipitaciones-2026x02x27-a.pdf
2026-02-27,023,ARPT. EL CATEY,SAMANÁ,INDOMET,EMCI,31.0,21.4,0.0,https://indomet.gob.do/wp-content/uploads/2026/02/temperaturas-extremas-y-precipitaciones-2026x02x27-a.pdf
2026-02-27,024,ARPT. LA ISABELA,SANTO DOMINGO,INDOMET,EMCI,31.0,20.0,0.0,https://indomet.gob.do/wp-content/uploads/2026/02/temperaturas-extremas-y-precipitaciones-2026x02x27-a.pdf
2026-02-27,025,ARPT. MARÍA MONTEZ,BARAHONA,INDOMET,EMCI,31.2,21.7,0.0,https://indomet.gob.do/wp-content/uploads/2026/02/temperaturas-extremas-y-precipitaciones-2026x02x27-a.pdf
2026-02-27,026,ARROYO LORO,SAN JUAN,IDIAF,EMCI,31.0,19.5,0.0,https://indomet.gob.do/wp-content/uploads/2026/02/temperaturas-extremas-y-precipitaciones-2026x02x27-a.pdf
2026-02-27,027,BANI (EMA),PERAVIA,MINISTERIO DE AGRICULTURA,EMAP,30.1,23.1,0.0,https://indomet.gob.do/wp-content/uploads/2026/02/temperaturas-extremas-y-precipitaciones-2026x02x27-a.pdf
2026-02-27,028,BASE AÉREA DE SAN ISIDRO,SANTO DOMINGO,FUERZA AÉREA DOMINICANA,EMCV,33.0,23.0,0.0,https://indomet.gob.do/wp-content/uploads/2026/02/temperaturas-extremas-y-precipitaciones-2026x02x27-a.pdf
2026-02-27,029,BAYAGUANA,MONTE PLATA,INDOMET,EMCI,32.2,20.6,0.0,https://indomet.gob.do/wp-content/uploads/2026/02/temperaturas-extremas-y-precipitaciones-2026x02x27-a.pdf
2026-02-27,030,BOCA DE MAO (EMA),VALVERDE,MINISTERIO DE AGRICULTURA,EMAP,32.9,22.0,0.0,https://indomet.gob.do/wp-content/uploads/2026/02/temperaturas-extremas-y-precipitaciones-2026x02x27-a.pdf
2026-02-27,031,BONAO,MONSEÑOR NOUEL,MINISTERIO DE AGRICULTURA,EMCV,,,0.0,https://indomet.gob.do/wp-content/uploads/2026/02/temperaturas-extremas-y-precipitaciones-2026x02x27-a.pdf
2026-02-27,032,BUCARA (EMA),SANTIAGO,MINISTERIO DE AGRICULTURA,EMAI,,,0.0,https://indomet.gob.do/wp-content/uploads/2026/02/temperaturas-extremas-y-precipitaciones-2026x02x27-a.pdf
2026-02-27,033,CONSTANZA,LA VEGA,MINISTERIO DE AGRICULTURA,EMCI,24.8,10.0,0.0,https://indomet.gob.do/wp-content/uploads/2026/02/temperaturas-extremas-y-precipitaciones-2026x02x27-a.pdf
2026-02-27,034,CONSTANZA (EMA),LA VEGA,PROGRAMA MUNDIAL DE ALIMENTO,EMAP,24.1,11.5,0.0,https://indomet.gob.do/wp-content/uploads/2026/02/temperaturas-extremas-y-precipitaciones-2026x02x27-a.pdf
2026-02-27,035,DAJABÓN,DAJABÓN,INSTITUTO POLITÉCNICO LOYOLA,EMCI,34.3,20.0,0.0,https://indomet.gob.do/wp-content/uploads/2026/02/temperaturas-extremas-y-precipitaciones-2026x02x27-a.pdf
2026-02-27,036,EL FACTOR (EMA),MARÍA TRINIDAD SÁNCHEZ,INTEC,EMAP,31.2,21.8,0.0,https://indomet.gob.do/wp-content/uploads/2026/02/temperaturas-extremas-y-precipitaciones-2026x02x27-a.pdf
2026-02-27,037,ELÍAS PIÑA,ELÍAS PIÑA,MINISTERIO DE AGRICULTURA,EMCV,,,0.0,https://indomet.gob.do/wp-content/uploads/2026/02/temperaturas-extremas-y-precipitaciones-2026x02x27-a.pdf
2026-02-27,038,ESCONDIDO,PERAVIA,MINISTERIO DE AGRICULTURA,EMCV,31.0,21.0,0.0,https://indomet.gob.do/wp-content/uploads/2026/02/temperaturas-extremas-y-precipitaciones-2026x02x27-a.pdf
2026-02-27,039,GASPAR HERNÁNDEZ,ESPAILLAT,PROPIEDAD DEL EMPLEADO,EMCI,,,0.0,https://indomet.gob.do/wp-content/uploads/2026/02/temperaturas-extremas-y-precipitaciones-2026x02x27-a.pdf
2026-02-27,040,GURABO,SANTIAGO,MINISTERIO DE AGRICULTURA,EMCV,,,0.0,https://indomet.gob.do/wp-content/uploads/2026/02/temperaturas-extremas-y-precipitaciones-2026x02x27-a.pdf
2026-02-27,041,HATO MAYOR,HATO MAYOR,MINISTERIO DE AGRICULTURA,EMCV,,,0.0,https://indomet.gob.do/wp-content/uploads/2026/02/temperaturas-extremas-y-precipitaciones-2026x02x27-a.pdf
2026-02-27,042,HONDO VALLE,ELÍAS PIÑA,MINISTERIO DE AGRICULTURA,EMCI,23.1,14.3,0.0,https://indomet.gob.do/wp-content/uploads/2026/02/temperaturas-extremas-y-precipitaciones-2026x02x27-a.pdf
2026-02-27,043,JARABACOA,LA VEGA,INDRHI / MARENA,EMCI,30.6,13.0,0.0,https://indomet.gob.do/wp-content/uploads/2026/02/temperaturas-extremas-y-precipitaciones-2026x02x27-a.pdf
2026-02-27,044,JARABACOA (EMA),LA VEGA,PROGRAMA MUNDIAL DE ALIMENTO,EMAP,29.1,15.6,0.0,https://indomet.gob.do/wp-content/uploads/2026/02/temperaturas-extremas-y-precipitaciones-2026x02x27-a.pdf
2026-02-27,045,JARDÍN BOTÁNICO SANTIAGO (EMSANTIAGO,,JARDIN BOTANICO SANTIAGO,EMAI,30.1,20.8,0.0,https://indomet.gob.do/wp-content/uploads/2026/02/temperaturas-extremas-y-precipitaciones-2026x02x27-a.pdf
2026-02-27,046,JIMANÍ,INDEPENDENCIA,MINISTERIO DE AGRICULTURA,EMCI,32.8,22.6,0.0,https://indomet.gob.do/wp-content/uploads/2026/02/temperaturas-extremas-y-precipitaciones-2026x02x27-a.pdf
2026-02-27,047,JUMA BEJUCAL,MONSEÑOR NOUEL,IDIAF,EMCV,30.0,18.4,0.0,https://indomet.gob.do/wp-content/uploads/2026/02/temperaturas-extremas-y-precipitaciones-2026x02x27-a.pdf
2026-02-27,048,LA VEGA,LA VEGA,IATESA,EMCI,31.0,21.0,0.0,https://indomet.gob.do/wp-content/uploads/2026/02/temperaturas-extremas-y-precipitaciones-2026x02x27-a.pdf
2026-02-27,049,LA VICTORIA,SANTO DOMINGO,CUERPO DE BOMBEROS,EMCI,32.5,21.5,0.0,https://indomet.gob.do/wp-content/uploads/2026/02/temperaturas-extremas-y-precipitaciones-2026x02x27-a.pdf
2026-02-27,050,LAS CANAS (EMA),MONTE CRISTI,PROGRAMA MUNDIAL DE ALIMENTO,EMAP,27.6,21.7,0.0,https://indomet.gob.do/wp-content/uploads/2026/02/temperaturas-extremas-y-precipitaciones-2026x02x27-a.pdf
2026-02-27,051,LAS MATAS DE SANTA CRUZ (EMA,MONTE CRISTI,PROGRAMA MUNDIAL DE ALIMENTO,EMAP,,,0.0,https://indomet.gob.do/wp-content/uploads/2026/02/temperaturas-extremas-y-precipitaciones-2026x02x27-a.pdf
2026-02-27,052,LOS LLANOS,SAN PEDRO DE MACORÍS,MINISTERIO DE AGRICULTURA,EMCI,31.0,22.0,0.0,https://indomet.gob.do/wp-content/uploads/2026/02/temperaturas-extremas-y-precipitaciones-2026x02x27-a.pdf
2026-02-27,053,MAO,VALVERDE,INDRHI / MINISTERIO DE AGRICULTURA,EMCV,,,0.0,https://indomet.gob.do/wp-content/uploads/2026/02/temperaturas-extremas-y-precipitaciones-2026x02x27-a.pdf
2026-02-27,054,MONTE CRISTI,MONTE CRISTI,INDOMET,EMCI,31.6,21.5,0.0,https://indomet.gob.do/wp-content/uploads/2026/02/temperaturas-extremas-y-precipitaciones-2026x02x27-a.pdf
2026-02-27,055,NAVARRETE,SANTIAGO,MINISTERIO DE AGRICULTURA,EMCV,,,0.0,https://indomet.gob.do/wp-content/uploads/2026/02/temperaturas-extremas-y-precipitaciones-2026x02x27-a.pdf
2026-02-27,056,OLIVARES,PEDERNALES,INDRHI,EMCI,,,0.0,https://indomet.gob.do/wp-content/uploads/2026/02/temperaturas-extremas-y-precipitaciones-2026x02x27-a.pdf
2026-02-27,057,OVIEDO,PEDERNALES,CLÍNICA RURAL OVIEDO,EMCI,30.0,21.5,0.0,https://indomet.gob.do/wp-content/uploads/2026/02/temperaturas-extremas-y-precipitaciones-2026x02x27-a.pdf
2026-02-27,058,PADRE LAS CASAS,AZUA,HOSP. NTRA. SRA. DEL CARMEN,EMCI,30.5,15.7,0.0,https://indomet.gob.do/wp-content/uploads/2026/02/temperaturas-extremas-y-precipitaciones-2026x02x27-a.pdf
2026-02-27,059,PEDERNALES,PEDERNALES,INDRHI,EMCI,,,0.0,https://indomet.gob.do/wp-content/uploads/2026/02/temperaturas-extremas-y-precipitaciones-2026x02x27-a.pdf
2026-02-27,060,PERALTA,AZUA,HOSP. MPAL. DE PERALTA,EMCI,31.3,15.5,0.0,https://indomet.gob.do/wp-content/uploads/2026/02/temperaturas-extremas-y-precipitaciones-2026x02x27-a.pdf
2026-02-27,061,PESCADERIA (EMA),BARAHONA,MINISTERIO DE AGRICULTURA,EMAP,,,0.0,https://indomet.gob.do/wp-content/uploads/2026/02/temperaturas-extremas-y-precipitaciones-2026x02x27-a.pdf
2026-02-27,062,POLO,BARAHONA,INDOCAFE,EMCI,,12.4,0.0,https://indomet.gob.do/wp-content/uploads/2026/02/temperaturas-extremas-y-precipitaciones-2026x02x27-a.pdf
2026-02-27,063,PONTÓN ABAJO (EMA),LA VEGA,MINISTERIO DE AGRICULTURA,EMAP,31.5,21.4,0.0,https://indomet.gob.do/wp-content/uploads/2026/02/temperaturas-extremas-y-precipitaciones-2026x02x27-a.pdf
2026-02-27,064,RANCHO ARRIBA,SAN JOSÉ DE OCOA,CENTRO TECNOLÓGICO COMUNITARIO,EMCI,27.3,15.1,0.0,https://indomet.gob.do/wp-content/uploads/2026/02/temperaturas-extremas-y-precipitaciones-2026x02x27-a.pdf
2026-02-27,065,RESTAURACIÓN,DAJABÓN,MINISTERIO DE AGRICULTURA,EMCI,27.4,15.1,0.0,https://indomet.gob.do/wp-content/uploads/2026/02/temperaturas-extremas-y-precipitaciones-2026x02x27-a.pdf
2026-02-27,066,SABANETA (EMA),SANTIAGO RODRÍGUEZ,PROGRAMA MUNDIAL DE ALIMENTO,EMAP,33.0,20.8,0.0,https://indomet.gob.do/wp-content/uploads/2026/02/temperaturas-extremas-y-precipitaciones-2026x02x27-a.pdf
2026-02-27,067,SAJOMA (EMA),SANTIAGO,PLAN SIERRA,EMAI,,,0.0,https://indomet.gob.do/wp-content/uploads/2026/02/temperaturas-extremas-y-precipitaciones-2026x02x27-a.pdf
2026-02-27,068,SALCEDO,HERMANAS MIRABAL,PROPIEDAD DEL EMPLEADO,EMCI,,,0.0,https://indomet.gob.do/wp-content/uploads/2026/02/temperaturas-extremas-y-precipitaciones-2026x02x27-a.pdf
2026-02-27,069,SAN CRISTÓBAL,SAN CRISTÓBAL,INSTITUTO POLITÉCNICO LOYOLA,EMCI,30.2,21.2,0.0,https://indomet.gob.do/wp-content/uploads/2026/02/temperaturas-extremas-y-precipitaciones-2026x02x27-a.pdf
2026-02-27,070,SAN JOSÉ DE OCOA,SAN JOSÉ DE OCOA,HOSP. SAN JOSÉ DE OCOA,EMCI,29.5,17.8,0.0,https://indomet.gob.do/wp-content/uploads/2026/02/temperaturas-extremas-y-precipitaciones-2026x02x27-a.pdf
2026-02-27,071,SANTIAGO RODRÍGUEZ,SANTIAGO RODRÍGUEZ,INDOMET,EMCI,33.2,20.7,0.0,https://indomet.gob.do/wp-content/uploads/2026/02/temperaturas-extremas-y-precipitaciones-2026x02x27-a.pdf
2026-02-27,072,TÁBARA ABAJO,AZUA,INDRHI,EMCI,31.0,19.1,0.0,https://indomet.gob.do/wp-content/uploads/2026/02/temperaturas-extremas-y-precipitaciones-2026x02x27-a.pdf
2026-02-27,073,TAMBORIL,SANTIAGO,MINISTERIO DE AGRICULTURA,EMCV,,,0.0,https://indomet.gob.do/wp-content/uploads/2026/02/temperaturas-extremas-y-precipitaciones-2026x02x27-a.pdf
2026-02-27,074,VILLA GONZALES,SANTIAGO,MINISTERIO DE AGRICULTURA,EMCI,,,0.0,https://indomet.gob.do/wp-content/uploads/2026/02/temperaturas-extremas-y-precipitaciones-2026x02x27-a.pdf
2026-02-27,075,VILLA ISABELA,PUERTO PLATA,MINISTERIO DE AGRICULTURA,EMCV,30.0,18.0,0.0,https://indomet.gob.do/wp-content/uploads/2026/02/temperaturas-extremas-y-precipitaciones-2026x02x27-a.pdf
2026-02-27,076,VILLA VASQUEZ (EMA),MONTE CRISTI,JUNTA DE REGANTES,EMAI,,,0.0,https://indomet.gob.do/wp-content/uploads/2026/02/temperaturas-extremas-y-precipitaciones-2026x02x27-a.pdf
2026-02-28,001,VILLA RIVA,DUARTE,HOSP. MPAL. ALICIA DE LEGENDRE,EMCI,30.0,18.4,11.4,https://indomet.gob.do/wp-content/uploads/2026/03/temperaturas-extremas-y-precipitaciones-2026x02x28-a.pdf
2026-02-28,002,RESTAURACIÓN,DAJABÓN,MINISTERIO DE AGRICULTURA,EMCI,29.4,14.6,10.0,https://indomet.gob.do/wp-content/uploads/2026/03/temperaturas-extremas-y-precipitaciones-2026x02x28-a.pdf
2026-02-28,003,BANI (EMA),PERAVIA,MINISTERIO DE AGRICULTURA,EMAP,,,8.0,https://indomet.gob.do/wp-content/uploads/2026/03/temperaturas-extremas-y-precipitaciones-2026x02x28-a.pdf
2026-02-28,004,SABANA GRANDE DE BOYÁ,MONTE PLATA,MINISTERIO DE AGRICULTURA,EMCV,,,6.9,https://indomet.gob.do/wp-content/uploads/2026/03/temperaturas-extremas-y-precipitaciones-2026x02x28-a.pdf
2026-02-28,005,POLO,BARAHONA,INDOCAFE,EMCI,,12.2,6.2,https://indomet.gob.do/wp-content/uploads/2026/03/temperaturas-extremas-y-precipitaciones-2026x02x28-a.pdf
2026-02-28,006,ENRIQUILLO,BARAHONA,MINISTERIO DE AGRICULTURA,EMCV,30.5,21.0,5.6,https://indomet.gob.do/wp-content/uploads/2026/03/temperaturas-extremas-y-precipitaciones-2026x02x28-a.pdf
2026-02-28,007,MONCIÓN (EMA),SANTIAGO RODRÍGUEZ,PROGRAMA MUNDIAL DE ALIMENTO,EMAP,29.4,20.9,3.8,https://indomet.gob.do/wp-content/uploads/2026/03/temperaturas-extremas-y-precipitaciones-2026x02x28-a.pdf
2026-02-28,008,PRESA DE TAVERAS (EMA),LA VEGA,PROGRAMA MUNDIAL DE ALIMENTO,EMAP,28.8,17.1,3.8,https://indomet.gob.do/wp-content/uploads/2026/03/temperaturas-extremas-y-precipitaciones-2026x02x28-a.pdf
2026-02-28,009,PROLONGACION 27 DE FEBRERO,DISTRITO NACIONAL,PRIVADA,EMAP,,,2.5,https://indomet.gob.do/wp-content/uploads/2026/03/temperaturas-extremas-y-precipitaciones-2026x02x28-a.pdf
2026-02-28,010,ARPT. DE PUNTA CANA,LA ALTAGRACIA,INDOMET,EMCI,29.0,22.0,1.8,https://indomet.gob.do/wp-content/uploads/2026/03/temperaturas-extremas-y-precipitaciones-2026x02x28-a.pdf
2026-02-28,011,EL FACTOR (EMA),MARÍA TRINIDAD SÁNCHEZ,INTEC,EMAP,31.8,19.7,1.5,https://indomet.gob.do/wp-content/uploads/2026/03/temperaturas-extremas-y-precipitaciones-2026x02x28-a.pdf
2026-02-28,012,SÁNCHEZ,SAMANÁ,MINISTERIO DE AGRICULTURA,EMCI,30.1,18.4,1.4,https://indomet.gob.do/wp-content/uploads/2026/03/temperaturas-extremas-y-precipitaciones-2026x02x28-a.pdf
2026-02-28,013,BELLA VISTA (EMA),DISTRITO NACIONAL,PRIVADA,EMAP,,,1.0,https://indomet.gob.do/wp-content/uploads/2026/03/temperaturas-extremas-y-precipitaciones-2026x02x28-a.pdf
2026-02-28,014,LOS CACICAZGOS (EMA),DISTRITO NACIONAL,PRIVADA,EMAP,,,0.5,https://indomet.gob.do/wp-content/uploads/2026/03/temperaturas-extremas-y-precipitaciones-2026x02x28-a.pdf
2026-02-28,015,SANTO DOMINGO ESTE,SANTO DOMINGO,INDOMET,EMCI,30.9,22.5,0.5,https://indomet.gob.do/wp-content/uploads/2026/03/temperaturas-extremas-y-precipitaciones-2026x02x28-a.pdf
2026-02-28,016,VILLA ALTAGRACIA,SAN CRISTÓBAL,ESCUELA JAVIER ANGULO GURIDI,EMCI,,,0.4,https://indomet.gob.do/wp-content/uploads/2026/03/temperaturas-extremas-y-precipitaciones-2026x02x28-a.pdf
2026-02-28,017,CABRERA,MARÍA TRINIDAD SÁNCHEZ,ESCUELA ARÍSTIDES FIALLO CABRAL,EMCI,30.6,23.0,0.2,https://indomet.gob.do/wp-content/uploads/2026/03/temperaturas-extremas-y-precipitaciones-2026x02x28-a.pdf
2026-02-28,018,CENTRO DE LOS HEROES (EMA),DISTRITO NACIONAL,MINISTERIO DE ENERGIA Y MINA,EMAP,29.2,23.5,0.2,https://indomet.gob.do/wp-content/uploads/2026/03/temperaturas-extremas-y-precipitaciones-2026x02x28-a.pdf
2026-02-28,019,SAMANÁ,SAMANÁ,COMANDANCIA DE PUERTO DE SAMANÁ,EMCI,30.4,16.7,0.2,https://indomet.gob.do/wp-content/uploads/2026/03/temperaturas-extremas-y-precipitaciones-2026x02x28-a.pdf
2026-02-28,020,SAJOMA (EMA),SANTIAGO,PLAN SIERRA,EMAI,,,0.2,https://indomet.gob.do/wp-content/uploads/2026/03/temperaturas-extremas-y-precipitaciones-2026x02x28-a.pdf
2026-02-28,021,VALLE NUEVO (EMA),LA VEGA,MARENA,EMAI,,,0.2,https://indomet.gob.do/wp-content/uploads/2026/03/temperaturas-extremas-y-precipitaciones-2026x02x28-a.pdf
2026-02-28,022,ARPT. DE LAS AMÉRICAS,SANTO DOMINGO,INDOMET,EMCI,29.9,20.5,0.1,https://indomet.gob.do/wp-content/uploads/2026/03/temperaturas-extremas-y-precipitaciones-2026x02x28-a.pdf
2026-02-28,023,ARPT. EL CATEY,SAMANÁ,INDOMET,EMCI,31.5,21.4,0.1,https://indomet.gob.do/wp-content/uploads/2026/03/temperaturas-extremas-y-precipitaciones-2026x02x28-a.pdf
2026-02-28,024,BAYAGUANA,MONTE PLATA,INDOMET,EMCI,31.4,20.4,0.1,https://indomet.gob.do/wp-content/uploads/2026/03/temperaturas-extremas-y-precipitaciones-2026x02x28-a.pdf
2026-02-28,025,CABRAL,BARAHONA,MINISTERIO DE AGRICULTURA,EMCV,30.3,21.0,0.1,https://indomet.gob.do/wp-content/uploads/2026/03/temperaturas-extremas-y-precipitaciones-2026x02x28-a.pdf
2026-02-28,026,OVIEDO,PEDERNALES,CLÍNICA RURAL OVIEDO,EMCI,30.0,20.5,0.1,https://indomet.gob.do/wp-content/uploads/2026/03/temperaturas-extremas-y-precipitaciones-2026x02x28-a.pdf
2026-02-28,027,SANTIAGO RODRÍGUEZ,SANTIAGO RODRÍGUEZ,INDOMET,EMCI,34.8,21.0,0.1,https://indomet.gob.do/wp-content/uploads/2026/03/temperaturas-extremas-y-precipitaciones-2026x02x28-a.pdf
2026-02-28,028,ALTAMIRA,PUERTO PLATA,HOSP. MPAL. DE ALTAMIRA,EMCI,31.3,17.5,0.0,https://indomet.gob.do/wp-content/uploads/2026/03/temperaturas-extremas-y-precipitaciones-2026x02x28-a.pdf
2026-02-28,029,ALTO BANDERA (EMA),LA VEGA,INTEC,EMAP,15.1,5.1,0.0,https://indomet.gob.do/wp-content/uploads/2026/03/temperaturas-extremas-y-precipitaciones-2026x02x28-a.pdf
2026-02-28,030,ANAMUYA (EMA),LA ALTAGRACIA,MINISTERIO DE AGRICULTURA,EMAP,30.3,20.6,0.0,https://indomet.gob.do/wp-content/uploads/2026/03/temperaturas-extremas-y-precipitaciones-2026x02x28-a.pdf
2026-02-28,031,ARPT. ARROYO BARRIL,SAMANÁ,INDOMET,EMCI,30.5,21.5,0.0,https://indomet.gob.do/wp-content/uploads/2026/03/temperaturas-extremas-y-precipitaciones-2026x02x28-a.pdf
2026-02-28,032,ARPT. DE LA ROMANA,LA ROMANA,INDOMET,EMCI,30.0,21.2,0.0,https://indomet.gob.do/wp-content/uploads/2026/03/temperaturas-extremas-y-precipitaciones-2026x02x28-a.pdf
2026-02-28,033,ARPT. DEL CIBAO,SANTIAGO,INDOMET,EMCI,31.5,20.0,0.0,https://indomet.gob.do/wp-content/uploads/2026/03/temperaturas-extremas-y-precipitaciones-2026x02x28-a.pdf
2026-02-28,034,ARPT. GREGORIO LUPERÓN,PUERTO PLATA,INDOMET,EMCI,30.2,20.5,0.0,https://indomet.gob.do/wp-content/uploads/2026/03/temperaturas-extremas-y-precipitaciones-2026x02x28-a.pdf
2026-02-28,035,ARPT. LA ISABELA,SANTO DOMINGO,INDOMET,EMCI,31.2,19.0,0.0,https://indomet.gob.do/wp-content/uploads/2026/03/temperaturas-extremas-y-precipitaciones-2026x02x28-a.pdf
2026-02-28,036,ARPT. MARÍA MONTEZ,BARAHONA,INDOMET,EMCI,30.8,22.5,0.0,https://indomet.gob.do/wp-content/uploads/2026/03/temperaturas-extremas-y-precipitaciones-2026x02x28-a.pdf
2026-02-28,037,ARROYO LORO,SAN JUAN,IDIAF,EMCI,31.2,16.0,0.0,https://indomet.gob.do/wp-content/uploads/2026/03/temperaturas-extremas-y-precipitaciones-2026x02x28-a.pdf
2026-02-28,038,BASE AÉREA DE SAN ISIDRO,SANTO DOMINGO,FUERZA AÉREA DOMINICANA,EMCV,31.4,20.6,0.0,https://indomet.gob.do/wp-content/uploads/2026/03/temperaturas-extremas-y-precipitaciones-2026x02x28-a.pdf
2026-02-28,039,BOCA DE MAO (EMA),VALVERDE,MINISTERIO DE AGRICULTURA,EMAP,33.3,20.9,0.0,https://indomet.gob.do/wp-content/uploads/2026/03/temperaturas-extremas-y-precipitaciones-2026x02x28-a.pdf
2026-02-28,040,BONAO,MONSEÑOR NOUEL,MINISTERIO DE AGRICULTURA,EMCV,,,0.0,https://indomet.gob.do/wp-content/uploads/2026/03/temperaturas-extremas-y-precipitaciones-2026x02x28-a.pdf
2026-02-28,041,CONSTANZA,LA VEGA,MINISTERIO DE AGRICULTURA,EMCI,24.5,8.5,0.0,https://indomet.gob.do/wp-content/uploads/2026/03/temperaturas-extremas-y-precipitaciones-2026x02x28-a.pdf
2026-02-28,042,CONSTANZA (EMA),LA VEGA,PROGRAMA MUNDIAL DE ALIMENTO,EMAP,23.8,9.9,0.0,https://indomet.gob.do/wp-content/uploads/2026/03/temperaturas-extremas-y-precipitaciones-2026x02x28-a.pdf
2026-02-28,043,DAJABÓN,DAJABÓN,INSTITUTO POLITÉCNICO LOYOLA,EMCI,35.0,19.4,0.0,https://indomet.gob.do/wp-content/uploads/2026/03/temperaturas-extremas-y-precipitaciones-2026x02x28-a.pdf
2026-02-28,044,GASPAR HERNÁNDEZ,ESPAILLAT,PROPIEDAD DEL EMPLEADO,EMCI,,,0.0,https://indomet.gob.do/wp-content/uploads/2026/03/temperaturas-extremas-y-precipitaciones-2026x02x28-a.pdf
2026-02-28,045,GURABO,SANTIAGO,MINISTERIO DE AGRICULTURA,EMCV,,,0.0,https://indomet.gob.do/wp-content/uploads/2026/03/temperaturas-extremas-y-precipitaciones-2026x02x28-a.pdf
2026-02-28,046,HATO MAYOR,HATO MAYOR,MINISTERIO DE AGRICULTURA,EMCV,,,0.0,https://indomet.gob.do/wp-content/uploads/2026/03/temperaturas-extremas-y-precipitaciones-2026x02x28-a.pdf
2026-02-28,047,HONDO VALLE,ELÍAS PIÑA,MINISTERIO DE AGRICULTURA,EMCI,23.4,14.0,0.0,https://indomet.gob.do/wp-content/uploads/2026/03/temperaturas-extremas-y-precipitaciones-2026x02x28-a.pdf
2026-02-28,048,JARABACOA,LA VEGA,INDRHI / MARENA,EMCI,30.0,12.4,0.0,https://indomet.gob.do/wp-content/uploads/2026/03/temperaturas-extremas-y-precipitaciones-2026x02x28-a.pdf
2026-02-28,049,JARABACOA (EMA),LA VEGA,PROGRAMA MUNDIAL DE ALIMENTO,EMAP,28.7,14.9,0.0,https://indomet.gob.do/wp-content/uploads/2026/03/temperaturas-extremas-y-precipitaciones-2026x02x28-a.pdf
2026-02-28,050,JIMANÍ,INDEPENDENCIA,MINISTERIO DE AGRICULTURA,EMCI,32.5,22.8,0.0,https://indomet.gob.do/wp-content/uploads/2026/03/temperaturas-extremas-y-precipitaciones-2026x02x28-a.pdf
2026-02-28,051,JUMA BEJUCAL,MONSEÑOR NOUEL,IDIAF,EMCV,29.6,18.6,0.0,https://indomet.gob.do/wp-content/uploads/2026/03/temperaturas-extremas-y-precipitaciones-2026x02x28-a.pdf
2026-02-28,052,LA VEGA,LA VEGA,IATESA,EMCI,31.5,18.5,0.0,https://indomet.gob.do/wp-content/uploads/2026/03/temperaturas-extremas-y-precipitaciones-2026x02x28-a.pdf
2026-02-28,053,LA VICTORIA,SANTO DOMINGO,CUERPO DE BOMBEROS,EMCI,30.0,20.5,0.0,https://indomet.gob.do/wp-content/uploads/2026/03/temperaturas-extremas-y-precipitaciones-2026x02x28-a.pdf
2026-02-28,054,LAS CANAS (EMA),MONTE CRISTI,PROGRAMA MUNDIAL DE ALIMENTO,EMAP,,,0.0,https://indomet.gob.do/wp-content/uploads/2026/03/temperaturas-extremas-y-precipitaciones-2026x02x28-a.pdf
2026-02-28,055,LAS MATAS DE SANTA CRUZ (EMA,MONTE CRISTI,PROGRAMA MUNDIAL DE ALIMENTO,EMAP,,,0.0,https://indomet.gob.do/wp-content/uploads/2026/03/temperaturas-extremas-y-precipitaciones-2026x02x28-a.pdf
2026-02-28,056,LOS LLANOS,SAN PEDRO DE MACORÍS,MINISTERIO DE AGRICULTURA,EMCI,30.0,19.4,0.0,https://indomet.gob.do/wp-content/uploads/2026/03/temperaturas-extremas-y-precipitaciones-2026x02x28-a.pdf
2026-02-28,057,MAO,VALVERDE,INDRHI / MINISTERIO DE AGRICULTURA,EMCV,,,0.0,https://indomet.gob.do/wp-content/uploads/2026/03/temperaturas-extremas-y-precipitaciones-2026x02x28-a.pdf
2026-02-28,058,MICHES (EMA),EL SEIBO,PRIVADA,EMAP,30.6,20.2,0.0,https://indomet.gob.do/wp-content/uploads/2026/03/temperaturas-extremas-y-precipitaciones-2026x02x28-a.pdf
2026-02-28,059,MONTE CRISTI,MONTE CRISTI,INDOMET,EMCI,31.8,22.6,0.0,https://indomet.gob.do/wp-content/uploads/2026/03/temperaturas-extremas-y-precipitaciones-2026x02x28-a.pdf
2026-02-28,060,NAVARRETE,SANTIAGO,MINISTERIO DE AGRICULTURA,EMCV,,,0.0,https://indomet.gob.do/wp-content/uploads/2026/03/temperaturas-extremas-y-precipitaciones-2026x02x28-a.pdf
2026-02-28,061,OLIVARES,PEDERNALES,INDRHI,EMCI,,,0.0,https://indomet.gob.do/wp-content/uploads/2026/03/temperaturas-extremas-y-precipitaciones-2026x02x28-a.pdf
2026-02-28,062,PADRE LAS CASAS,AZUA,HOSP. NTRA. SRA. DEL CARMEN,EMCI,30.5,17.0,0.0,https://indomet.gob.do/wp-content/uploads/2026/03/temperaturas-extremas-y-precipitaciones-2026x02x28-a.pdf
2026-02-28,063,PEDERNALES,PEDERNALES,INDRHI,EMCI,,,0.0,https://indomet.gob.do/wp-content/uploads/2026/03/temperaturas-extremas-y-precipitaciones-2026x02x28-a.pdf
2026-02-28,064,PERALTA,AZUA,HOSP. MPAL. DE PERALTA,EMCI,29.9,15.0,0.0,https://indomet.gob.do/wp-content/uploads/2026/03/temperaturas-extremas-y-precipitaciones-2026x02x28-a.pdf
2026-02-28,065,PONTÓN ABAJO (EMA),LA VEGA,MINISTERIO DE AGRICULTURA,EMAP,32.1,18.9,0.0,https://indomet.gob.do/wp-content/uploads/2026/03/temperaturas-extremas-y-precipitaciones-2026x02x28-a.pdf
2026-02-28,066,RANCHO ARRIBA,SAN JOSÉ DE OCOA,CENTRO TECNOLÓGICO COMUNITARIO,EMCI,24.6,13.5,0.0,https://indomet.gob.do/wp-content/uploads/2026/03/temperaturas-extremas-y-precipitaciones-2026x02x28-a.pdf
2026-02-28,067,RÍO SAN JUAN,MARÍA TRINIDAD SÁNCHEZ,HOSP. MPAL. DR. DESIDERIO ACOSTA,EMCV,31.7,21.1,0.0,https://indomet.gob.do/wp-content/uploads/2026/03/temperaturas-extremas-y-precipitaciones-2026x02x28-a.pdf
2026-02-28,068,SABANA DE LA MAR,HATO MAYOR,INDOMET,EMCI,29.8,19.0,0.0,https://indomet.gob.do/wp-content/uploads/2026/03/temperaturas-extremas-y-precipitaciones-2026x02x28-a.pdf
2026-02-28,069,SABANETA (EMA),SANTIAGO RODRÍGUEZ,PROGRAMA MUNDIAL DE ALIMENTO,EMAP,34.4,20.9,0.0,https://indomet.gob.do/wp-content/uploads/2026/03/temperaturas-extremas-y-precipitaciones-2026x02x28-a.pdf
2026-02-28,070,SALCEDO,HERMANAS MIRABAL,PROPIEDAD DEL EMPLEADO,EMCI,,,0.0,https://indomet.gob.do/wp-content/uploads/2026/03/temperaturas-extremas-y-precipitaciones-2026x02x28-a.pdf
2026-02-28,071,SAN CRISTÓBAL,SAN CRISTÓBAL,INSTITUTO POLITÉCNICO LOYOLA,EMCI,31.0,21.0,0.0,https://indomet.gob.do/wp-content/uploads/2026/03/temperaturas-extremas-y-precipitaciones-2026x02x28-a.pdf
2026-02-28,072,SAN JOSÉ DE OCOA,SAN JOSÉ DE OCOA,HOSP. SAN JOSÉ DE OCOA,EMCI,29.4,17.6,0.0,https://indomet.gob.do/wp-content/uploads/2026/03/temperaturas-extremas-y-precipitaciones-2026x02x28-a.pdf
2026-02-28,073,SAN RAFAEL DEL YUMA,LA ALTAGRACIA,MINISTERIO DE AGRICULTURA,EMCI,29.8,20.5,0.0,https://indomet.gob.do/wp-content/uploads/2026/03/temperaturas-extremas-y-precipitaciones-2026x02x28-a.pdf
2026-02-28,074,JARDÍN BOTÁNICO SANTIAGO (EMSANTIAGO,,JARDIN BOTANICO SANTIAGO,EMAI,,,0.0,https://indomet.gob.do/wp-content/uploads/2026/03/temperaturas-extremas-y-precipitaciones-2026x02x28-a.pdf
2026-02-28,075,BUCARA (EMA),SANTIAGO,MINISTERIO DE AGRICULTURA,EMAI,,,0.0,https://indomet.gob.do/wp-content/uploads/2026/03/temperaturas-extremas-y-precipitaciones-2026x02x28-a.pdf
2026-02-28,076,VILLA VASQUEZ (EMA),MONTE CRISTI,JUNTA DE REGANTES,EMAI,,,0.0,https://indomet.gob.do/wp-content/uploads/2026/03/temperaturas-extremas-y-precipitaciones-2026x02x28-a.pdf
2026-02-28,077,TÁBARA ABAJO,AZUA,INDRHI,EMCI,31.5,17.0,0.0,https://indomet.gob.do/wp-content/uploads/2026/03/temperaturas-extremas-y-precipitaciones-2026x02x28-a.pdf
2026-02-28,078,VILLA GONZALES,SANTIAGO,MINISTERIO DE AGRICULTURA,EMCI,,,0.0,https://indomet.gob.do/wp-content/uploads/2026/03/temperaturas-extremas-y-precipitaciones-2026x02x28-a.pdf
2026-02-28,079,VILLA ISABELA,PUERTO PLATA,MINISTERIO DE AGRICULTURA,EMCV,31.0,17.5,0.0,https://indomet.gob.do/wp-content/uploads/2026/03/temperaturas-extremas-y-precipitaciones-2026x02x28-a.pdf
2026-03-01,001,POLO,BARAHONA,INDOCAFE,EMCI,,14.5,38.0,https://indomet.gob.do/wp-content/uploads/2026/03/Temperaturas-extremas-y-precipitaciones-01-de-Marzo-2026.pdf
2026-03-01,002,DAJABÓN,DAJABÓN,INSTITUTO POLITÉCNICO LOYOLA,EMCI,34.1,19.0,21.2,https://indomet.gob.do/wp-content/uploads/2026/03/Temperaturas-extremas-y-precipitaciones-01-de-Marzo-2026.pdf
2026-03-01,003,ENRIQUILLO,BARAHONA,MINISTERIO DE AGRICULTURA,EMCV,30.3,20.5,14.6,https://indomet.gob.do/wp-content/uploads/2026/03/Temperaturas-extremas-y-precipitaciones-01-de-Marzo-2026.pdf
2026-03-01,004,ALTAMIRA,PUERTO PLATA,HOSP. MPAL. DE ALTAMIRA,EMCI,30.6,18.1,13.4,https://indomet.gob.do/wp-content/uploads/2026/03/Temperaturas-extremas-y-precipitaciones-01-de-Marzo-2026.pdf
2026-03-01,005,VILLA ISABELA,PUERTO PLATA,MINISTERIO DE AGRICULTURA,EMCV,31.0,18.8,13.3,https://indomet.gob.do/wp-content/uploads/2026/03/Temperaturas-extremas-y-precipitaciones-01-de-Marzo-2026.pdf
2026-03-01,006,ESCONDIDO,PERAVIA,MINISTERIO DE AGRICULTURA,EMCV,28.0,21.0,13.2,https://indomet.gob.do/wp-content/uploads/2026/03/Temperaturas-extremas-y-precipitaciones-01-de-Marzo-2026.pdf
2026-03-01,007,SALCEDO,HERMANAS MIRABAL,PROPIEDAD DEL EMPLEADO,EMCI,,,13.0,https://indomet.gob.do/wp-content/uploads/2026/03/Temperaturas-extremas-y-precipitaciones-01-de-Marzo-2026.pdf
2026-03-01,008,OVIEDO,PEDERNALES,CLÍNICA RURAL OVIEDO,EMCI,30.5,20.0,10.8,https://indomet.gob.do/wp-content/uploads/2026/03/Temperaturas-extremas-y-precipitaciones-01-de-Marzo-2026.pdf
2026-03-01,009,SAMANÁ,SAMANÁ,COMANDANCIA DE PUERTO DE SAMANÁ,EMCI,31.3,17.6,9.2,https://indomet.gob.do/wp-content/uploads/2026/03/Temperaturas-extremas-y-precipitaciones-01-de-Marzo-2026.pdf
2026-03-01,010,RÍO SAN JUAN,MARÍA TRINIDAD SÁNCHEZ,HOSP. MPAL. DR. DESIDERIO ACOSTA,EMCV,32.0,22.4,7.6,https://indomet.gob.do/wp-content/uploads/2026/03/Temperaturas-extremas-y-precipitaciones-01-de-Marzo-2026.pdf
2026-03-01,011,LOS LLANOS,SAN PEDRO DE MACORÍS,MINISTERIO DE AGRICULTURA,EMCI,31.4,19.5,7.2,https://indomet.gob.do/wp-content/uploads/2026/03/Temperaturas-extremas-y-precipitaciones-01-de-Marzo-2026.pdf
2026-03-01,012,GURABO,SANTIAGO,MINISTERIO DE AGRICULTURA,EMCV,,,6.9,https://indomet.gob.do/wp-content/uploads/2026/03/Temperaturas-extremas-y-precipitaciones-01-de-Marzo-2026.pdf
2026-03-01,013,SAN FRANCISCO DE MACORÍS,DUARTE,San Francisco de Macorís (UASD),EMCI,31.6,19.4,6.9,https://indomet.gob.do/wp-content/uploads/2026/03/Temperaturas-extremas-y-precipitaciones-01-de-Marzo-2026.pdf
2026-03-01,014,TAMBORIL,SANTIAGO,MINISTERIO DE AGRICULTURA,EMCV,,,6.4,https://indomet.gob.do/wp-content/uploads/2026/03/Temperaturas-extremas-y-precipitaciones-01-de-Marzo-2026.pdf
2026-03-01,015,VILLA ALTAGRACIA,SAN CRISTÓBAL,ESCUELA JAVIER ANGULO GURIDI,EMCI,,,6.2,https://indomet.gob.do/wp-content/uploads/2026/03/Temperaturas-extremas-y-precipitaciones-01-de-Marzo-2026.pdf
2026-03-01,016,BANI (EMA),PERAVIA,MINISTERIO DE AGRICULTURA,EMAP,27.6,23.1,5.6,https://indomet.gob.do/wp-content/uploads/2026/03/Temperaturas-extremas-y-precipitaciones-01-de-Marzo-2026.pdf
2026-03-01,017,VILLA VASQUEZ (EMA),MONTE CRISTI,JUNTA DE REGANTES,EMAI,,,5.4,https://indomet.gob.do/wp-content/uploads/2026/03/Temperaturas-extremas-y-precipitaciones-01-de-Marzo-2026.pdf
2026-03-01,018,ARPT. LA ISABELA,SANTO DOMINGO,INDOMET,EMCI,30.0,20.0,5.1,https://indomet.gob.do/wp-content/uploads/2026/03/Temperaturas-extremas-y-precipitaciones-01-de-Marzo-2026.pdf
2026-03-01,019,MONCIÓN (EMA),SANTIAGO RODRÍGUEZ,PROGRAMA MUNDIAL DE ALIMENTO,EMAP,29.4,17.2,3.4,https://indomet.gob.do/wp-content/uploads/2026/03/Temperaturas-extremas-y-precipitaciones-01-de-Marzo-2026.pdf
2026-03-01,020,BUCARA (EMA),SANTIAGO,MINISTERIO DE AGRICULTURA,EMAI,,,3.2,https://indomet.gob.do/wp-content/uploads/2026/03/Temperaturas-extremas-y-precipitaciones-01-de-Marzo-2026.pdf
2026-03-01,021,ARPT. ARROYO BARRIL,SAMANÁ,INDOMET,EMCI,30.9,22.5,3.0,https://indomet.gob.do/wp-content/uploads/2026/03/Temperaturas-extremas-y-precipitaciones-01-de-Marzo-2026.pdf
2026-03-01,022,CABRERA,MARÍA TRINIDAD SÁNCHEZ,ESCUELA ARÍSTIDES FIALLO CABRAL,EMCI,30.5,22.5,3.0,https://indomet.gob.do/wp-content/uploads/2026/03/Temperaturas-extremas-y-precipitaciones-01-de-Marzo-2026.pdf
2026-03-01,023,CABRAL,BARAHONA,MINISTERIO DE AGRICULTURA,EMCV,30.5,19.6,2.9,https://indomet.gob.do/wp-content/uploads/2026/03/Temperaturas-extremas-y-precipitaciones-01-de-Marzo-2026.pdf
2026-03-01,024,SAN CRISTÓBAL,SAN CRISTÓBAL,INSTITUTO POLITÉCNICO LOYOLA,EMCI,26.3,17.6,2.8,https://indomet.gob.do/wp-content/uploads/2026/03/Temperaturas-extremas-y-precipitaciones-01-de-Marzo-2026.pdf
2026-03-01,025,SAN JOSÉ DE OCOA,SAN JOSÉ DE OCOA,HOSP. SAN JOSÉ DE OCOA,EMCI,26.3,17.6,2.8,https://indomet.gob.do/wp-content/uploads/2026/03/Temperaturas-extremas-y-precipitaciones-01-de-Marzo-2026.pdf
2026-03-01,026,ARPT. MARÍA MONTEZ,BARAHONA,INDOMET,EMCI,30.7,20.2,2.0,https://indomet.gob.do/wp-content/uploads/2026/03/Temperaturas-extremas-y-precipitaciones-01-de-Marzo-2026.pdf
2026-03-01,027,LUPERÓN,PUERTO PLATA,MINISTERIO DE AGRICULTURA,EMCV,,,1.5,https://indomet.gob.do/wp-content/uploads/2026/03/Temperaturas-extremas-y-precipitaciones-01-de-Marzo-2026.pdf
2026-03-01,028,RANCHO ARRIBA,SAN JOSÉ DE OCOA,CENTRO TECNOLÓGICO COMUNITARIO,EMCI,25.4,15.7,1.4,https://indomet.gob.do/wp-content/uploads/2026/03/Temperaturas-extremas-y-precipitaciones-01-de-Marzo-2026.pdf
2026-03-01,029,JUMA BEJUCAL,MONSEÑOR NOUEL,IDIAF,EMCV,28.9,18.2,1.0,https://indomet.gob.do/wp-content/uploads/2026/03/Temperaturas-extremas-y-precipitaciones-01-de-Marzo-2026.pdf
2026-03-01,030,VALLE NUEVO (EMA),LA VEGA,MARENA,EMAI,,,1.0,https://indomet.gob.do/wp-content/uploads/2026/03/Temperaturas-extremas-y-precipitaciones-01-de-Marzo-2026.pdf
2026-03-01,031,ALTO BANDERA (EMA),LA VEGA,INTEC,EMAP,13.4,6.2,0.5,https://indomet.gob.do/wp-content/uploads/2026/03/Temperaturas-extremas-y-precipitaciones-01-de-Marzo-2026.pdf
2026-03-01,032,SAN RAFAEL DEL YUMA,LA ALTAGRACIA,MINISTERIO DE AGRICULTURA,EMCI,30.9,20.2,0.4,https://indomet.gob.do/wp-content/uploads/2026/03/Temperaturas-extremas-y-precipitaciones-01-de-Marzo-2026.pdf
2026-03-01,033,OLIVARES,PEDERNALES,INDRHI,EMCI,,,0.3,https://indomet.gob.do/wp-content/uploads/2026/03/Temperaturas-extremas-y-precipitaciones-01-de-Marzo-2026.pdf
2026-03-01,034,PEDERNALES,PEDERNALES,INDRHI,EMCI,,,0.3,https://indomet.gob.do/wp-content/uploads/2026/03/Temperaturas-extremas-y-precipitaciones-01-de-Marzo-2026.pdf
2026-03-01,035,SABANA GRANDE DE BOYÁ,MONTE PLATA,MINISTERIO DE AGRICULTURA,EMCV,,,0.3,https://indomet.gob.do/wp-content/uploads/2026/03/Temperaturas-extremas-y-precipitaciones-01-de-Marzo-2026.pdf
2026-03-01,036,ARROYO LORO,SAN JUAN,IDIAF,EMCI,30.7,16.0,0.1,https://indomet.gob.do/wp-content/uploads/2026/03/Temperaturas-extremas-y-precipitaciones-01-de-Marzo-2026.pdf
2026-03-01,037,LA VEGA,LA VEGA,IATESA,EMCI,31.0,21.0,0.1,https://indomet.gob.do/wp-content/uploads/2026/03/Temperaturas-extremas-y-precipitaciones-01-de-Marzo-2026.pdf
2026-03-01,038,ANAMUYA (EMA),LA ALTAGRACIA,MINISTERIO DE AGRICULTURA,EMAP,31.3,22.3,0.0,https://indomet.gob.do/wp-content/uploads/2026/03/Temperaturas-extremas-y-precipitaciones-01-de-Marzo-2026.pdf
2026-03-01,039,ARPT. DE LA ROMANA,LA ROMANA,INDOMET,EMCI,30.4,19.5,0.0,https://indomet.gob.do/wp-content/uploads/2026/03/Temperaturas-extremas-y-precipitaciones-01-de-Marzo-2026.pdf
2026-03-01,040,ARPT. DE LAS AMÉRICAS,SANTO DOMINGO,INDOMET,EMCI,23.0,19.8,0.0,https://indomet.gob.do/wp-content/uploads/2026/03/Temperaturas-extremas-y-precipitaciones-01-de-Marzo-2026.pdf
2026-03-01,041,ARPT. DE PUNTA CANA,LA ALTAGRACIA,INDOMET,EMCI,29.2,21.5,0.0,https://indomet.gob.do/wp-content/uploads/2026/03/Temperaturas-extremas-y-precipitaciones-01-de-Marzo-2026.pdf
2026-03-01,042,ARPT. DEL CIBAO,SANTIAGO,INDOMET,EMCI,31.2,18.5,0.0,https://indomet.gob.do/wp-content/uploads/2026/03/Temperaturas-extremas-y-precipitaciones-01-de-Marzo-2026.pdf
2026-03-01,043,ARPT. EL CATEY,SAMANÁ,INDOMET,EMCI,32.5,19.5,0.0,https://indomet.gob.do/wp-content/uploads/2026/03/Temperaturas-extremas-y-precipitaciones-01-de-Marzo-2026.pdf
2026-03-01,044,ARPT. GREGORIO LUPERÓN,PUERTO PLATA,INDOMET,EMCI,30.8,20.0,0.0,https://indomet.gob.do/wp-content/uploads/2026/03/Temperaturas-extremas-y-precipitaciones-01-de-Marzo-2026.pdf
2026-03-01,045,BASE AÉREA DE SAN ISIDRO,SANTO DOMINGO,FUERZA AÉREA DOMINICANA,EMCV,32.0,20.0,0.0,https://indomet.gob.do/wp-content/uploads/2026/03/Temperaturas-extremas-y-precipitaciones-01-de-Marzo-2026.pdf
2026-03-01,046,BAYAGUANA,MONTE PLATA,INDOMET,EMCI,31.6,18.6,0.0,https://indomet.gob.do/wp-content/uploads/2026/03/Temperaturas-extremas-y-precipitaciones-01-de-Marzo-2026.pdf
2026-03-01,047,BOCA DE MAO (EMA),VALVERDE,MINISTERIO DE AGRICULTURA,EMAP,34.1,21.7,0.0,https://indomet.gob.do/wp-content/uploads/2026/03/Temperaturas-extremas-y-precipitaciones-01-de-Marzo-2026.pdf
2026-03-01,048,BONAO,MONSEÑOR NOUEL,MINISTERIO DE AGRICULTURA,EMCV,,,0.0,https://indomet.gob.do/wp-content/uploads/2026/03/Temperaturas-extremas-y-precipitaciones-01-de-Marzo-2026.pdf
2026-03-01,049,CENTRO DE LOS HEROES (EMA),DISTRITO NACIONAL,MINISTERIO DE ENERGIA Y MINA,EMAP,29.6,24.2,0.0,https://indomet.gob.do/wp-content/uploads/2026/03/Temperaturas-extremas-y-precipitaciones-01-de-Marzo-2026.pdf
2026-03-01,050,CONSTANZA,LA VEGA,MINISTERIO DE AGRICULTURA,EMCI,24.1,8.0,0.0,https://indomet.gob.do/wp-content/uploads/2026/03/Temperaturas-extremas-y-precipitaciones-01-de-Marzo-2026.pdf
2026-03-01,051,CONSTANZA (EMA),LA VEGA,PROGRAMA MUNDIAL DE ALIMENTO,EMAP,23.1,9.6,0.0,https://indomet.gob.do/wp-content/uploads/2026/03/Temperaturas-extremas-y-precipitaciones-01-de-Marzo-2026.pdf
2026-03-01,052,EL FACTOR (EMA),MARÍA TRINIDAD SÁNCHEZ,INTEC,EMAP,31.8,21.0,0.0,https://indomet.gob.do/wp-content/uploads/2026/03/Temperaturas-extremas-y-precipitaciones-01-de-Marzo-2026.pdf
2026-03-01,053,ELÍAS PIÑA,ELÍAS PIÑA,MINISTERIO DE AGRICULTURA,EMCV,,,0.0,https://indomet.gob.do/wp-content/uploads/2026/03/Temperaturas-extremas-y-precipitaciones-01-de-Marzo-2026.pdf
2026-03-01,054,GASPAR HERNÁNDEZ,ESPAILLAT,PROPIEDAD DEL EMPLEADO,EMCI,,,0.0,https://indomet.gob.do/wp-content/uploads/2026/03/Temperaturas-extremas-y-precipitaciones-01-de-Marzo-2026.pdf
2026-03-01,055,HATO MAYOR,HATO MAYOR,MINISTERIO DE AGRICULTURA,EMCV,,,0.0,https://indomet.gob.do/wp-content/uploads/2026/03/Temperaturas-extremas-y-precipitaciones-01-de-Marzo-2026.pdf
2026-03-01,056,HONDO VALLE,ELÍAS PIÑA,MINISTERIO DE AGRICULTURA,EMCI,23.1,13.5,0.0,https://indomet.gob.do/wp-content/uploads/2026/03/Temperaturas-extremas-y-precipitaciones-01-de-Marzo-2026.pdf
2026-03-01,057,JARABACOA,LA VEGA,INDRHI / MARENA,EMCI,29.0,13.2,0.0,https://indomet.gob.do/wp-content/uploads/2026/03/Temperaturas-extremas-y-precipitaciones-01-de-Marzo-2026.pdf
2026-03-01,058,JARABACOA (EMA),LA VEGA,PROGRAMA MUNDIAL DE ALIMENTO,EMAP,27.8,15.9,0.0,https://indomet.gob.do/wp-content/uploads/2026/03/Temperaturas-extremas-y-precipitaciones-01-de-Marzo-2026.pdf
2026-03-01,059,JARDÍN BOTÁNICO NACIONAL,DISTRITO NACIONAL,JARDÍN BOTÁNICO NACIONAL,EMCV,30.8,20.0,0.0,https://indomet.gob.do/wp-content/uploads/2026/03/Temperaturas-extremas-y-precipitaciones-01-de-Marzo-2026.pdf
2026-03-01,060,JIMANÍ,INDEPENDENCIA,MINISTERIO DE AGRICULTURA,EMCI,31.6,22.5,0.0,https://indomet.gob.do/wp-content/uploads/2026/03/Temperaturas-extremas-y-precipitaciones-01-de-Marzo-2026.pdf
2026-03-01,061,LA VICTORIA,SANTO DOMINGO,CUERPO DE BOMBEROS,EMCI,31.0,20.5,0.0,https://indomet.gob.do/wp-content/uploads/2026/03/Temperaturas-extremas-y-precipitaciones-01-de-Marzo-2026.pdf
2026-03-01,062,LAS CANAS (EMA),MONTE CRISTI,PROGRAMA MUNDIAL DE ALIMENTO,EMAP,28.8,22.6,0.0,https://indomet.gob.do/wp-content/uploads/2026/03/Temperaturas-extremas-y-precipitaciones-01-de-Marzo-2026.pdf
2026-03-01,063,LAS MATAS DE SANTA CRUZ (EMA,MONTE CRISTI,PROGRAMA MUNDIAL DE ALIMENTO,EMAP,,,0.0,https://indomet.gob.do/wp-content/uploads/2026/03/Temperaturas-extremas-y-precipitaciones-01-de-Marzo-2026.pdf
2026-03-01,064,LOS JENGIBRES,NAGUA,INDRHI,EMCI,,,0.0,https://indomet.gob.do/wp-content/uploads/2026/03/Temperaturas-extremas-y-precipitaciones-01-de-Marzo-2026.pdf
2026-03-01,065,MAO,VALVERDE,INDRHI / MINISTERIO DE AGRICULTURA,EMCV,,,0.0,https://indomet.gob.do/wp-content/uploads/2026/03/Temperaturas-extremas-y-precipitaciones-01-de-Marzo-2026.pdf
2026-03-01,066,MICHES (EMA),EL SEIBO,PRIVADA,EMAP,31.5,20.2,0.0,https://indomet.gob.do/wp-content/uploads/2026/03/Temperaturas-extremas-y-precipitaciones-01-de-Marzo-2026.pdf
2026-03-01,067,MONTE CRISTI,MONTE CRISTI,INDOMET,EMCI,31.7,22.5,0.0,https://indomet.gob.do/wp-content/uploads/2026/03/Temperaturas-extremas-y-precipitaciones-01-de-Marzo-2026.pdf
2026-03-01,068,NAVARRETE,SANTIAGO,MINISTERIO DE AGRICULTURA,EMCV,,,0.0,https://indomet.gob.do/wp-content/uploads/2026/03/Temperaturas-extremas-y-precipitaciones-01-de-Marzo-2026.pdf
2026-03-01,069,PADRE LAS CASAS,AZUA,HOSP. NTRA. SRA. DEL CARMEN,EMCI,30.7,16.0,0.0,https://indomet.gob.do/wp-content/uploads/2026/03/Temperaturas-extremas-y-precipitaciones-01-de-Marzo-2026.pdf
2026-03-01,070,PASO AL MEDIO,SAN PEDRO DE MACORÍS,INDRHI,EMCI,,,0.0,https://indomet.gob.do/wp-content/uploads/2026/03/Temperaturas-extremas-y-precipitaciones-01-de-Marzo-2026.pdf
2026-03-01,071,PERALTA,AZUA,HOSP. MPAL. DE PERALTA,EMCI,28.8,14.7,0.0,https://indomet.gob.do/wp-content/uploads/2026/03/Temperaturas-extremas-y-precipitaciones-01-de-Marzo-2026.pdf
2026-03-01,072,PESCADERIA (EMA),BARAHONA,MINISTERIO DE AGRICULTURA,EMAP,,,0.0,https://indomet.gob.do/wp-content/uploads/2026/03/Temperaturas-extremas-y-precipitaciones-01-de-Marzo-2026.pdf
2026-03-01,073,PONTÓN ABAJO (EMA),LA VEGA,MINISTERIO DE AGRICULTURA,EMAP,32.1,21.3,0.0,https://indomet.gob.do/wp-content/uploads/2026/03/Temperaturas-extremas-y-precipitaciones-01-de-Marzo-2026.pdf
2026-03-01,074,PRESA DE TAVERAS (EMA),LA VEGA,PROGRAMA MUNDIAL DE ALIMENTO,EMAP,29.5,19.4,0.0,https://indomet.gob.do/wp-content/uploads/2026/03/Temperaturas-extremas-y-precipitaciones-01-de-Marzo-2026.pdf
2026-03-01,075,RESTAURACIÓN,DAJABÓN,MINISTERIO DE AGRICULTURA,EMCI,28.1,15.0,0.0,https://indomet.gob.do/wp-content/uploads/2026/03/Temperaturas-extremas-y-precipitaciones-01-de-Marzo-2026.pdf
2026-03-01,076,SABANA DE LA MAR,HATO MAYOR,INDOMET,EMCI,29.0,19.0,0.0,https://indomet.gob.do/wp-content/uploads/2026/03/Temperaturas-extremas-y-precipitaciones-01-de-Marzo-2026.pdf
2026-03-01,077,SABANETA (EMA),SANTIAGO RODRÍGUEZ,PROGRAMA MUNDIAL DE ALIMENTO,EMAP,32.8,20.3,0.0,https://indomet.gob.do/wp-content/uploads/2026/03/Temperaturas-extremas-y-precipitaciones-01-de-Marzo-2026.pdf
2026-03-01,078,SÁNCHEZ,SAMANÁ,MINISTERIO DE AGRICULTURA,EMCI,30.0,20.0,0.0,https://indomet.gob.do/wp-content/uploads/2026/03/Temperaturas-extremas-y-precipitaciones-01-de-Marzo-2026.pdf
2026-03-01,079,SANTIAGO RODRÍGUEZ,SANTIAGO RODRÍGUEZ,INDOMET,EMCI,33.0,20.2,0.0,https://indomet.gob.do/wp-content/uploads/2026/03/Temperaturas-extremas-y-precipitaciones-01-de-Marzo-2026.pdf
2026-03-01,080,SANTO DOMINGO ESTE,SANTO DOMINGO,INDOMET,EMCI,31.3,23.0,0.0,https://indomet.gob.do/wp-content/uploads/2026/03/Temperaturas-extremas-y-precipitaciones-01-de-Marzo-2026.pdf
2026-03-01,081,TÁBARA ABAJO,AZUA,INDRHI,EMCI,32.0,19.0,0.0,https://indomet.gob.do/wp-content/uploads/2026/03/Temperaturas-extremas-y-precipitaciones-01-de-Marzo-2026.pdf
2026-03-01,082,TAVERA,SANTIAGO,INDRHI,EMCI,,,0.0,https://indomet.gob.do/wp-content/uploads/2026/03/Temperaturas-extremas-y-precipitaciones-01-de-Marzo-2026.pdf
2026-03-01,083,VILLA GONZALES,SANTIAGO,MINISTERIO DE AGRICULTURA,EMCI,,,0.0,https://indomet.gob.do/wp-content/uploads/2026/03/Temperaturas-extremas-y-precipitaciones-01-de-Marzo-2026.pdf
2026-03-01,084,VILLA RIVA,DUARTE,HOSP. MPAL. ALICIA DE LEGENDRE,EMCI,29.0,20.0,0.0,https://indomet.gob.do/wp-content/uploads/2026/03/Temperaturas-extremas-y-precipitaciones-01-de-Marzo-2026.pdf
2026-03-02,001,PADRE LAS CASAS,AZUA,HOSP. NTRA. SRA. DEL CARMEN,EMCI,31.0,16.0,26.0,https://indomet.gob.do/wp-content/uploads/2026/03/temperaturas-extremas-y-precipitaciones-2026x03x02-a.pdf
2026-03-02,002,LAS COLINAS (EMA),SANTIAGO,PRIVADA,EMAP,,,20.0,https://indomet.gob.do/wp-content/uploads/2026/03/temperaturas-extremas-y-precipitaciones-2026x03x02-a.pdf
2026-03-02,003,HATO MAYOR,HATO MAYOR,MINISTERIO DE AGRICULTURA,EMCV,,,17.0,https://indomet.gob.do/wp-content/uploads/2026/03/temperaturas-extremas-y-precipitaciones-2026x03x02-a.pdf
2026-03-02,004,VILLA ALTAGRACIA,SAN CRISTÓBAL,ESCUELA JAVIER ANGULO GURIDI,EMCI,,,10.5,https://indomet.gob.do/wp-content/uploads/2026/03/temperaturas-extremas-y-precipitaciones-2026x03x02-a.pdf
2026-03-02,005,LA MORALEJA (EMA),SANTIAGO,PRIVADA,EMAP,,,9.4,https://indomet.gob.do/wp-content/uploads/2026/03/temperaturas-extremas-y-precipitaciones-2026x03x02-a.pdf
2026-03-02,006,ALTO BANDERA (EMA),LA VEGA,INTEC,EMAP,15.3,3.4,8.9,https://indomet.gob.do/wp-content/uploads/2026/03/temperaturas-extremas-y-precipitaciones-2026x03x02-a.pdf
2026-03-02,007,JARDÍN BOTÁNICO NACIONAL,DISTRITO NACIONAL,JARDÍN BOTÁNICO NACIONAL,EMCV,32.6,20.5,8.6,https://indomet.gob.do/wp-content/uploads/2026/03/temperaturas-extremas-y-precipitaciones-2026x03x02-a.pdf
2026-03-02,008,SALCEDO,HERMANAS MIRABAL,PROPIEDAD DEL EMPLEADO,EMCI,,,7.9,https://indomet.gob.do/wp-content/uploads/2026/03/temperaturas-extremas-y-precipitaciones-2026x03x02-a.pdf
2026-03-02,009,CENTRO DE LOS HEROES (EMA),DISTRITO NACIONAL,MINISTERIO DE ENERGIA Y MINA,EMAP,30.9,23.8,7.8,https://indomet.gob.do/wp-content/uploads/2026/03/temperaturas-extremas-y-precipitaciones-2026x03x02-a.pdf
2026-03-02,010,RANCHO ARRIBA,SAN JOSÉ DE OCOA,CENTRO TECNOLÓGICO COMUNITARIO,EMCI,29.2,14.8,7.7,https://indomet.gob.do/wp-content/uploads/2026/03/temperaturas-extremas-y-precipitaciones-2026x03x02-a.pdf
2026-03-02,011,PUEBLO NUEVO (EMA),SANTIAGO,PRIVADA,EMAP,,,7.6,https://indomet.gob.do/wp-content/uploads/2026/03/temperaturas-extremas-y-precipitaciones-2026x03x02-a.pdf
2026-03-02,012,PUÑAL (EMA),SANTIAGO,PRIVADA,EMAP,,,6.9,https://indomet.gob.do/wp-content/uploads/2026/03/temperaturas-extremas-y-precipitaciones-2026x03x02-a.pdf
2026-03-02,013,VALLE NUEVO (EMA),LA VEGA,MARENA,EMAI,18.9,4.4,6.6,https://indomet.gob.do/wp-content/uploads/2026/03/temperaturas-extremas-y-precipitaciones-2026x03x02-a.pdf
2026-03-02,014,SABANA GRANDE DE BOYÁ,MONTE PLATA,MINISTERIO DE AGRICULTURA,EMCV,,,6.4,https://indomet.gob.do/wp-content/uploads/2026/03/temperaturas-extremas-y-precipitaciones-2026x03x02-a.pdf
2026-03-02,015,SANTO DOMINGO ESTE,SANTO DOMINGO,INDOMET,EMCI,30.6,23.0,6.2,https://indomet.gob.do/wp-content/uploads/2026/03/temperaturas-extremas-y-precipitaciones-2026x03x02-a.pdf
2026-03-02,016,CABRERA,MARÍA TRINIDAD SÁNCHEZ,ESCUELA ARÍSTIDES FIALLO CABRAL,EMCI,31.8,24.5,5.3,https://indomet.gob.do/wp-content/uploads/2026/03/temperaturas-extremas-y-precipitaciones-2026x03x02-a.pdf
2026-03-02,017,BOHECHÍO,SAN JUAN,MINISTERIO DE AGRICULTURA,EMCV,,,4.8,https://indomet.gob.do/wp-content/uploads/2026/03/temperaturas-extremas-y-precipitaciones-2026x03x02-a.pdf
2026-03-02,018,POLO,BARAHONA,INDOCAFE,EMCI,,15.5,4.8,https://indomet.gob.do/wp-content/uploads/2026/03/temperaturas-extremas-y-precipitaciones-2026x03x02-a.pdf
2026-03-02,019,BELLA VISTA (EMA),DISTRITO NACIONAL,PRIVADA,EMAP,,,4.6,https://indomet.gob.do/wp-content/uploads/2026/03/temperaturas-extremas-y-precipitaciones-2026x03x02-a.pdf
2026-03-02,020,LOS LLANOS,SAN PEDRO DE MACORÍS,MINISTERIO DE AGRICULTURA,EMCI,30.0,20.0,4.2,https://indomet.gob.do/wp-content/uploads/2026/03/temperaturas-extremas-y-precipitaciones-2026x03x02-a.pdf
2026-03-02,021,PARQUE MIRADOR SUR,DISTRITO NACIONAL,AYUNTAMIENTO,EMCV,31.0,20.5,4.0,https://indomet.gob.do/wp-content/uploads/2026/03/temperaturas-extremas-y-precipitaciones-2026x03x02-a.pdf
2026-03-02,022,ARPT. EL CATEY,SAMANÁ,INDOMET,EMCI,28.8,20.0,3.8,https://indomet.gob.do/wp-content/uploads/2026/03/temperaturas-extremas-y-precipitaciones-2026x03x02-a.pdf
2026-03-02,023,ARPT. GREGORIO LUPERÓN,PUERTO PLATA,INDOMET,EMCI,30.2,20.0,3.6,https://indomet.gob.do/wp-content/uploads/2026/03/temperaturas-extremas-y-precipitaciones-2026x03x02-a.pdf
2026-03-02,024,ENSANCHE BERMÚDEZ (EMA),SANTIAGO,PRIVADA,EMAP,,,3.6,https://indomet.gob.do/wp-content/uploads/2026/03/temperaturas-extremas-y-precipitaciones-2026x03x02-a.pdf
2026-03-02,025,ARPT. DEL CIBAO,SANTIAGO,INDOMET,EMCI,32.0,19.4,3.5,https://indomet.gob.do/wp-content/uploads/2026/03/temperaturas-extremas-y-precipitaciones-2026x03x02-a.pdf
2026-03-02,026,LOS CACICAZGOS (EMA),DISTRITO NACIONAL,PRIVADA,EMAP,,,3.3,https://indomet.gob.do/wp-content/uploads/2026/03/temperaturas-extremas-y-precipitaciones-2026x03x02-a.pdf
2026-03-02,027,MONCIÓN (EMA),SANTIAGO RODRÍGUEZ,PROGRAMA MUNDIAL DE ALIMENTO,EMAP,29.9,19.9,3.2,https://indomet.gob.do/wp-content/uploads/2026/03/temperaturas-extremas-y-precipitaciones-2026x03x02-a.pdf
2026-03-02,028,JUMA BEJUCAL,MONSEÑOR NOUEL,IDIAF,EMCV,32.4,20.2,3.0,https://indomet.gob.do/wp-content/uploads/2026/03/temperaturas-extremas-y-precipitaciones-2026x03x02-a.pdf
2026-03-02,029,BAYAGUANA,MONTE PLATA,INDOMET,EMCI,32.6,18.8,2.8,https://indomet.gob.do/wp-content/uploads/2026/03/temperaturas-extremas-y-precipitaciones-2026x03x02-a.pdf
2026-03-02,030,LOS PRADOS (EMA),DISTRITO NACIONAL,PRIVADA,EMAP,,,2.8,https://indomet.gob.do/wp-content/uploads/2026/03/temperaturas-extremas-y-precipitaciones-2026x03x02-a.pdf
2026-03-02,031,JARABACOA (EMA),LA VEGA,PROGRAMA MUNDIAL DE ALIMENTO,EMAP,28.5,16.8,2.4,https://indomet.gob.do/wp-content/uploads/2026/03/temperaturas-extremas-y-precipitaciones-2026x03x02-a.pdf
2026-03-02,032,JARABACOA,LA VEGA,INDRHI / MARENA,EMCI,30.0,14.0,2.3,https://indomet.gob.do/wp-content/uploads/2026/03/temperaturas-extremas-y-precipitaciones-2026x03x02-a.pdf
2026-03-02,033,LOS JARDINES (EMA),DISTRITO NACIONAL,PRIVADA,EMAP,,,2.3,https://indomet.gob.do/wp-content/uploads/2026/03/temperaturas-extremas-y-precipitaciones-2026x03x02-a.pdf
2026-03-02,034,ARPT. DE PUNTA CANA,LA ALTAGRACIA,INDOMET,EMCI,29.4,21.3,2.2,https://indomet.gob.do/wp-content/uploads/2026/03/temperaturas-extremas-y-precipitaciones-2026x03x02-a.pdf
2026-03-02,035,ARPT. LA ISABELA,SANTO DOMINGO,INDOMET,EMCI,30.8,19.2,1.8,https://indomet.gob.do/wp-content/uploads/2026/03/temperaturas-extremas-y-precipitaciones-2026x03x02-a.pdf
2026-03-02,036,ARPT. ARROYO BARRIL,SAMANÁ,INDOMET,EMCI,30.8,21.4,1.6,https://indomet.gob.do/wp-content/uploads/2026/03/temperaturas-extremas-y-precipitaciones-2026x03x02-a.pdf
2026-03-02,037,CONSTANZA,LA VEGA,MINISTERIO DE AGRICULTURA,EMCI,25.2,10.0,1.6,https://indomet.gob.do/wp-content/uploads/2026/03/temperaturas-extremas-y-precipitaciones-2026x03x02-a.pdf
2026-03-02,038,PROLONGACION 27 DE FEBRERO,DISTRITO NACIONAL,PRIVADA,EMAP,,,1.6,https://indomet.gob.do/wp-content/uploads/2026/03/temperaturas-extremas-y-precipitaciones-2026x03x02-a.pdf
2026-03-02,039,CONSTANZA (EMA),LA VEGA,PROGRAMA MUNDIAL DE ALIMENTO,EMAP,24.5,12.8,1.4,https://indomet.gob.do/wp-content/uploads/2026/03/temperaturas-extremas-y-precipitaciones-2026x03x02-a.pdf
2026-03-02,040,ARPT. DE LAS AMÉRICAS,SANTO DOMINGO,INDOMET,EMCI,30.0,19.8,1.0,https://indomet.gob.do/wp-content/uploads/2026/03/temperaturas-extremas-y-precipitaciones-2026x03x02-a.pdf
2026-03-02,041,LA AGUSTINA (EMA),DISTRITO NACIONAL,PRIVADA,EMAP,,,1.0,https://indomet.gob.do/wp-content/uploads/2026/03/temperaturas-extremas-y-precipitaciones-2026x03x02-a.pdf
2026-03-02,042,ENSANCHE LA FE (EMA),DISTRITO NACIONAL,PRIVADA,EMAP,,,1.0,https://indomet.gob.do/wp-content/uploads/2026/03/temperaturas-extremas-y-precipitaciones-2026x03x02-a.pdf
2026-03-02,043,LOS JENGIBRES,NAGUA,INDRHI,EMCI,,,0.9,https://indomet.gob.do/wp-content/uploads/2026/03/temperaturas-extremas-y-precipitaciones-2026x03x02-a.pdf
2026-03-02,044,ANAMUYA (EMA),LA ALTAGRACIA,MINISTERIO DE AGRICULTURA,EMAP,30.8,21.8,0.8,https://indomet.gob.do/wp-content/uploads/2026/03/temperaturas-extremas-y-precipitaciones-2026x03x02-a.pdf
2026-03-02,045,SAN JOSÉ DE OCOA,SAN JOSÉ DE OCOA,HOSP. SAN JOSÉ DE OCOA,EMCI,31.2,18.3,0.6,https://indomet.gob.do/wp-content/uploads/2026/03/temperaturas-extremas-y-precipitaciones-2026x03x02-a.pdf
2026-03-02,046,TAMBORIL,SANTIAGO,MINISTERIO DE AGRICULTURA,EMCV,,,0.5,https://indomet.gob.do/wp-content/uploads/2026/03/temperaturas-extremas-y-precipitaciones-2026x03x02-a.pdf
2026-03-02,047,LA VEGA,LA VEGA,IATESA,EMCI,31.5,21.5,0.4,https://indomet.gob.do/wp-content/uploads/2026/03/temperaturas-extremas-y-precipitaciones-2026x03x02-a.pdf
2026-03-02,048,PRESA DE TAVERAS (EMA),LA VEGA,PROGRAMA MUNDIAL DE ALIMENTO,EMAP,29.4,20.5,0.4,https://indomet.gob.do/wp-content/uploads/2026/03/temperaturas-extremas-y-precipitaciones-2026x03x02-a.pdf
2026-03-02,049,RÍO SAN JUAN,MARÍA TRINIDAD SÁNCHEZ,HOSP. MPAL. DR. DESIDERIO ACOSTA,EMCV,31.3,21.0,0.4,https://indomet.gob.do/wp-content/uploads/2026/03/temperaturas-extremas-y-precipitaciones-2026x03x02-a.pdf
2026-03-02,050,SAMANÁ,SAMANÁ,COMANDANCIA DE PUERTO DE SAMANÁ,EMCI,31.1,18.2,0.2,https://indomet.gob.do/wp-content/uploads/2026/03/temperaturas-extremas-y-precipitaciones-2026x03x02-a.pdf
2026-03-02,051,HONDO VALLE,ELÍAS PIÑA,MINISTERIO DE AGRICULTURA,EMCI,23.8,14.6,0.1,https://indomet.gob.do/wp-content/uploads/2026/03/temperaturas-extremas-y-precipitaciones-2026x03x02-a.pdf
2026-03-02,052,SAN FRANCISCO DE MACORÍS,DUARTE,San Francisco de Macorís (UASD),EMCI,31.4,19.8,0.1,https://indomet.gob.do/wp-content/uploads/2026/03/temperaturas-extremas-y-precipitaciones-2026x03x02-a.pdf
2026-03-02,053,ALTAMIRA,PUERTO PLATA,HOSP. MPAL. DE ALTAMIRA,EMCI,30.5,17.2,0.0,https://indomet.gob.do/wp-content/uploads/2026/03/temperaturas-extremas-y-precipitaciones-2026x03x02-a.pdf
2026-03-02,054,ARPT. DE LA ROMANA,LA ROMANA,INDOMET,EMCI,30.6,19.6,0.0,https://indomet.gob.do/wp-content/uploads/2026/03/temperaturas-extremas-y-precipitaciones-2026x03x02-a.pdf
2026-03-02,055,ARPT. MARÍA MONTEZ,BARAHONA,INDOMET,EMCI,31.0,20.0,0.0,https://indomet.gob.do/wp-content/uploads/2026/03/temperaturas-extremas-y-precipitaciones-2026x03x02-a.pdf
2026-03-02,056,ARROYO LORO,SAN JUAN,IDIAF,EMCI,32.1,16.7,0.0,https://indomet.gob.do/wp-content/uploads/2026/03/temperaturas-extremas-y-precipitaciones-2026x03x02-a.pdf
2026-03-02,057,BOCA DE MAO (EMA),VALVERDE,MINISTERIO DE AGRICULTURA,EMAP,33.9,21.4,0.0,https://indomet.gob.do/wp-content/uploads/2026/03/temperaturas-extremas-y-precipitaciones-2026x03x02-a.pdf
2026-03-02,058,CABRAL,BARAHONA,MINISTERIO DE AGRICULTURA,EMCV,31.6,20.7,0.0,https://indomet.gob.do/wp-content/uploads/2026/03/temperaturas-extremas-y-precipitaciones-2026x03x02-a.pdf
2026-03-02,059,COTUÍ,SÁNCHEZ RAMÍREZ,HOSP. INMACULADA CONCEPCIÓN,EMCV,,,0.0,https://indomet.gob.do/wp-content/uploads/2026/03/temperaturas-extremas-y-precipitaciones-2026x03x02-a.pdf
2026-03-02,060,DAJABÓN,DAJABÓN,INSTITUTO POLITÉCNICO LOYOLA,EMCI,34.5,19.3,0.0,https://indomet.gob.do/wp-content/uploads/2026/03/temperaturas-extremas-y-precipitaciones-2026x03x02-a.pdf
2026-03-02,061,EL CERCADO,SAN JUAN,MINISTERIO DE AGRICULTURA,EMCV,,,0.0,https://indomet.gob.do/wp-content/uploads/2026/03/temperaturas-extremas-y-precipitaciones-2026x03x02-a.pdf
2026-03-02,062,EL FACTOR (EMA),MARÍA TRINIDAD SÁNCHEZ,INTEC,EMAP,31.2,20.7,0.0,https://indomet.gob.do/wp-content/uploads/2026/03/temperaturas-extremas-y-precipitaciones-2026x03x02-a.pdf
2026-03-02,063,ENRIQUILLO,BARAHONA,MINISTERIO DE AGRICULTURA,EMCV,30.5,22.0,0.0,https://indomet.gob.do/wp-content/uploads/2026/03/temperaturas-extremas-y-precipitaciones-2026x03x02-a.pdf
2026-03-02,064,GASPAR HERNÁNDEZ,ESPAILLAT,PROPIEDAD DEL EMPLEADO,EMCI,,,0.0,https://indomet.gob.do/wp-content/uploads/2026/03/temperaturas-extremas-y-precipitaciones-2026x03x02-a.pdf
2026-03-02,065,GURABO,SANTIAGO,MINISTERIO DE AGRICULTURA,EMCV,,,0.0,https://indomet.gob.do/wp-content/uploads/2026/03/temperaturas-extremas-y-precipitaciones-2026x03x02-a.pdf
2026-03-02,066,JIMANÍ,INDEPENDENCIA,MINISTERIO DE AGRICULTURA,EMCI,33.6,22.5,0.0,https://indomet.gob.do/wp-content/uploads/2026/03/temperaturas-extremas-y-precipitaciones-2026x03x02-a.pdf
2026-03-02,067,LA VICTORIA,SANTO DOMINGO,CUERPO DE BOMBEROS,EMCI,33.5,21.0,0.0,https://indomet.gob.do/wp-content/uploads/2026/03/temperaturas-extremas-y-precipitaciones-2026x03x02-a.pdf
2026-03-02,068,LAS CANAS (EMA),MONTE CRISTI,PROGRAMA MUNDIAL DE ALIMENTO,EMAP,28.4,21.7,0.0,https://indomet.gob.do/wp-content/uploads/2026/03/temperaturas-extremas-y-precipitaciones-2026x03x02-a.pdf
2026-03-02,069,LAS MATAS DE SANTA CRUZ (EMA,MONTE CRISTI,PROGRAMA MUNDIAL DE ALIMENTO,EMAP,,,0.0,https://indomet.gob.do/wp-content/uploads/2026/03/temperaturas-extremas-y-precipitaciones-2026x03x02-a.pdf
2026-03-02,070,MAO,VALVERDE,INDRHI / MINISTERIO DE AGRICULTURA,EMCV,,,0.0,https://indomet.gob.do/wp-content/uploads/2026/03/temperaturas-extremas-y-precipitaciones-2026x03x02-a.pdf
2026-03-02,071,MICHES (EMA),EL SEIBO,PRIVADA,EMAP,30.2,21.6,0.0,https://indomet.gob.do/wp-content/uploads/2026/03/temperaturas-extremas-y-precipitaciones-2026x03x02-a.pdf
2026-03-02,072,MONTE CRISTI,MONTE CRISTI,INDOMET,EMCI,32.5,22.4,0.0,https://indomet.gob.do/wp-content/uploads/2026/03/temperaturas-extremas-y-precipitaciones-2026x03x02-a.pdf
2026-03-02,073,NAVARRETE,SANTIAGO,MINISTERIO DE AGRICULTURA,EMCV,,,0.0,https://indomet.gob.do/wp-content/uploads/2026/03/temperaturas-extremas-y-precipitaciones-2026x03x02-a.pdf
2026-03-02,074,OLIVARES,PEDERNALES,INDRHI,EMCI,,,0.0,https://indomet.gob.do/wp-content/uploads/2026/03/temperaturas-extremas-y-precipitaciones-2026x03x02-a.pdf
2026-03-02,075,OVIEDO,PEDERNALES,CLÍNICA RURAL OVIEDO,EMCI,31.5,22.3,0.0,https://indomet.gob.do/wp-content/uploads/2026/03/temperaturas-extremas-y-precipitaciones-2026x03x02-a.pdf
2026-03-02,076,PALO ÍNDIO,PUERTO PLATA,MINISTERIO DE AGRICULTURA,EMCI,,,0.0,https://indomet.gob.do/wp-content/uploads/2026/03/temperaturas-extremas-y-precipitaciones-2026x03x02-a.pdf
2026-03-02,077,PASO AL MEDIO,SAN PEDRO DE MACORÍS,INDRHI,EMCI,,,0.0,https://indomet.gob.do/wp-content/uploads/2026/03/temperaturas-extremas-y-precipitaciones-2026x03x02-a.pdf
2026-03-02,078,PEDERNALES,PEDERNALES,INDRHI,EMCI,,,0.0,https://indomet.gob.do/wp-content/uploads/2026/03/temperaturas-extremas-y-precipitaciones-2026x03x02-a.pdf
2026-03-02,079,PERALTA,AZUA,HOSP. MPAL. DE PERALTA,EMCI,31.8,16.5,0.0,https://indomet.gob.do/wp-content/uploads/2026/03/temperaturas-extremas-y-precipitaciones-2026x03x02-a.pdf
2026-03-02,080,PONTÓN ABAJO (EMA),LA VEGA,MINISTERIO DE AGRICULTURA,EMAP,33.3,21.8,0.0,https://indomet.gob.do/wp-content/uploads/2026/03/temperaturas-extremas-y-precipitaciones-2026x03x02-a.pdf
2026-03-02,081,RESTAURACIÓN,DAJABÓN,MINISTERIO DE AGRICULTURA,EMCI,28.6,15.4,0.0,https://indomet.gob.do/wp-content/uploads/2026/03/temperaturas-extremas-y-precipitaciones-2026x03x02-a.pdf
2026-03-02,082,SABANA DE LA MAR,HATO MAYOR,INDOMET,EMCI,29.8,21.0,0.0,https://indomet.gob.do/wp-content/uploads/2026/03/temperaturas-extremas-y-precipitaciones-2026x03x02-a.pdf
2026-03-02,083,SABANETA (EMA),SANTIAGO RODRÍGUEZ,PROGRAMA MUNDIAL DE ALIMENTO,EMAP,34.9,19.8,0.0,https://indomet.gob.do/wp-content/uploads/2026/03/temperaturas-extremas-y-precipitaciones-2026x03x02-a.pdf
2026-03-02,084,SAN CRISTÓBAL,SAN CRISTÓBAL,INSTITUTO POLITÉCNICO LOYOLA,EMCI,31.0,21.0,0.0,https://indomet.gob.do/wp-content/uploads/2026/03/temperaturas-extremas-y-precipitaciones-2026x03x02-a.pdf
2026-03-02,085,SAN RAFAEL DEL YUMA,LA ALTAGRACIA,MINISTERIO DE AGRICULTURA,EMCI,30.8,20.6,0.0,https://indomet.gob.do/wp-content/uploads/2026/03/temperaturas-extremas-y-precipitaciones-2026x03x02-a.pdf
2026-03-02,086,SÁNCHEZ,SAMANÁ,MINISTERIO DE AGRICULTURA,EMCI,30.1,20.5,0.0,https://indomet.gob.do/wp-content/uploads/2026/03/temperaturas-extremas-y-precipitaciones-2026x03x02-a.pdf
2026-03-02,087,SAJOMA (EMA),SANTIAGO,PLAN SIERRA,EMAI,,,0.0,https://indomet.gob.do/wp-content/uploads/2026/03/temperaturas-extremas-y-precipitaciones-2026x03x02-a.pdf
2026-03-02,088,JARDÍN BOTÁNICO SANTIAGO (EMSANTIAGO,,JARDIN BOTANICO SANTIAGO,EMAI,31.1,19.9,0.0,https://indomet.gob.do/wp-content/uploads/2026/03/temperaturas-extremas-y-precipitaciones-2026x03x02-a.pdf
2026-03-02,089,BUCARA (EMA),SANTIAGO,MINISTERIO DE AGRICULTURA,EMAI,,,0.0,https://indomet.gob.do/wp-content/uploads/2026/03/temperaturas-extremas-y-precipitaciones-2026x03x02-a.pdf
2026-03-02,090,VILLA VASQUEZ (EMA),MONTE CRISTI,JUNTA DE REGANTES,EMAI,,,0.0,https://indomet.gob.do/wp-content/uploads/2026/03/temperaturas-extremas-y-precipitaciones-2026x03x02-a.pdf
2026-03-02,091,SANTIAGO RODRÍGUEZ,SANTIAGO RODRÍGUEZ,INDOMET,EMCI,35.2,20.5,0.0,https://indomet.gob.do/wp-content/uploads/2026/03/temperaturas-extremas-y-precipitaciones-2026x03x02-a.pdf
2026-03-02,092,TÁBARA ABAJO,AZUA,INDRHI,EMCI,32.0,21.0,0.0,https://indomet.gob.do/wp-content/uploads/2026/03/temperaturas-extremas-y-precipitaciones-2026x03x02-a.pdf
2026-03-02,093,TAVERA,SANTIAGO,INDRHI,EMCI,,,0.0,https://indomet.gob.do/wp-content/uploads/2026/03/temperaturas-extremas-y-precipitaciones-2026x03x02-a.pdf
2026-03-02,094,VILLA GONZALES,SANTIAGO,MINISTERIO DE AGRICULTURA,EMCI,,,0.0,https://indomet.gob.do/wp-content/uploads/2026/03/temperaturas-extremas-y-precipitaciones-2026x03x02-a.pdf
2026-03-02,095,VILLA ISABELA,PUERTO PLATA,MINISTERIO DE AGRICULTURA,EMCV,30.0,18.8,0.0,https://indomet.gob.do/wp-content/uploads/2026/03/temperaturas-extremas-y-precipitaciones-2026x03x02-a.pdf
2026-03-02,096,VILLA RIVA,DUARTE,HOSP. MPAL. ALICIA DE LEGENDRE,EMCI,31.0,19.5,0.0,https://indomet.gob.do/wp-content/uploads/2026/03/temperaturas-extremas-y-precipitaciones-2026x03x02-a.pdf
2026-03-03,001,JUMA BEJUCAL,MONSEÑOR NOUEL,IDIAF,EMCV,30.0,19.6,19.0,https://indomet.gob.do/wp-content/uploads/2026/03/Temperaturas-extremas-y-precipitaciones-03-de-Marzo-2026.pdf
2026-03-03,002,EL FACTOR (EMA),MARÍA TRINIDAD SÁNCHEZ,INTEC,EMAP,29.8,20.5,17.3,https://indomet.gob.do/wp-content/uploads/2026/03/Temperaturas-extremas-y-precipitaciones-03-de-Marzo-2026.pdf
2026-03-03,003,BONAO,MONSEÑOR NOUEL,MINISTERIO DE AGRICULTURA,EMCV,,,16.3,https://indomet.gob.do/wp-content/uploads/2026/03/Temperaturas-extremas-y-precipitaciones-03-de-Marzo-2026.pdf
2026-03-03,004,BUCARA (EMA),SANTIAGO,MINISTERIO DE AGRICULTURA,EMAI,,,7.6,https://indomet.gob.do/wp-content/uploads/2026/03/Temperaturas-extremas-y-precipitaciones-03-de-Marzo-2026.pdf
2026-03-03,005,VILLA ALTAGRACIA,SAN CRISTÓBAL,ESCUELA JAVIER ANGULO GURIDI,EMCI,,,7.2,https://indomet.gob.do/wp-content/uploads/2026/03/Temperaturas-extremas-y-precipitaciones-03-de-Marzo-2026.pdf
2026-03-03,006,ARPT. EL CATEY,SAMANÁ,INDOMET,EMCI,31.5,20.5,7.0,https://indomet.gob.do/wp-content/uploads/2026/03/Temperaturas-extremas-y-precipitaciones-03-de-Marzo-2026.pdf
2026-03-03,007,SALCEDO,HERMANAS MIRABAL,PROPIEDAD DEL EMPLEADO,EMCI,,,6.3,https://indomet.gob.do/wp-content/uploads/2026/03/Temperaturas-extremas-y-precipitaciones-03-de-Marzo-2026.pdf
2026-03-03,008,SAN FRANCISCO DE MACORÍS,DUARTE,San Francisco de Macorís (UASD),EMCI,28.9,19.5,5.3,https://indomet.gob.do/wp-content/uploads/2026/03/Temperaturas-extremas-y-precipitaciones-03-de-Marzo-2026.pdf
2026-03-03,009,SAN JOSÉ DE OCOA,SAN JOSÉ DE OCOA,HOSP. SAN JOSÉ DE OCOA,EMCI,30.0,19.1,4.6,https://indomet.gob.do/wp-content/uploads/2026/03/Temperaturas-extremas-y-precipitaciones-03-de-Marzo-2026.pdf
2026-03-03,010,CABRERA,MARÍA TRINIDAD SÁNCHEZ,ESCUELA ARÍSTIDES FIALLO CABRAL,EMCI,30.6,23.0,4.2,https://indomet.gob.do/wp-content/uploads/2026/03/Temperaturas-extremas-y-precipitaciones-03-de-Marzo-2026.pdf
2026-03-03,011,GASPAR HERNÁNDEZ,ESPAILLAT,PROPIEDAD DEL EMPLEADO,EMCI,,,4.2,https://indomet.gob.do/wp-content/uploads/2026/03/Temperaturas-extremas-y-precipitaciones-03-de-Marzo-2026.pdf
2026-03-03,012,RÍO SAN JUAN,MARÍA TRINIDAD SÁNCHEZ,HOSP. MPAL. DR. DESIDERIO ACOSTA,EMCV,31.0,22.5,4.0,https://indomet.gob.do/wp-content/uploads/2026/03/Temperaturas-extremas-y-precipitaciones-03-de-Marzo-2026.pdf
2026-03-03,013,RANCHO ARRIBA,SAN JOSÉ DE OCOA,CENTRO TECNOLÓGICO COMUNITARIO,EMCI,27.1,16.5,3.9,https://indomet.gob.do/wp-content/uploads/2026/03/Temperaturas-extremas-y-precipitaciones-03-de-Marzo-2026.pdf
2026-03-03,014,ALTO BANDERA (EMA),LA VEGA,INTEC,EMAP,13.4,4.0,3.6,https://indomet.gob.do/wp-content/uploads/2026/03/Temperaturas-extremas-y-precipitaciones-03-de-Marzo-2026.pdf
2026-03-03,015,LOS JENGIBRES,NAGUA,INDRHI,EMCI,,,3.6,https://indomet.gob.do/wp-content/uploads/2026/03/Temperaturas-extremas-y-precipitaciones-03-de-Marzo-2026.pdf
2026-03-03,016,GURABO,SANTIAGO,MINISTERIO DE AGRICULTURA,EMCV,,,2.5,https://indomet.gob.do/wp-content/uploads/2026/03/Temperaturas-extremas-y-precipitaciones-03-de-Marzo-2026.pdf
2026-03-03,017,SABANA GRANDE DE BOYÁ,MONTE PLATA,MINISTERIO DE AGRICULTURA,EMCV,,,2.5,https://indomet.gob.do/wp-content/uploads/2026/03/Temperaturas-extremas-y-precipitaciones-03-de-Marzo-2026.pdf
2026-03-03,018,JARDÍN BOTÁNICO SANTIAGO (EMSANTIAGO,,JARDIN BOTANICO SANTIAGO,EMAI,31.4,20.5,2.4,https://indomet.gob.do/wp-content/uploads/2026/03/Temperaturas-extremas-y-precipitaciones-03-de-Marzo-2026.pdf
2026-03-03,019,MICHES (EMA),EL SEIBO,PRIVADA,EMAP,30.7,21.3,2.4,https://indomet.gob.do/wp-content/uploads/2026/03/Temperaturas-extremas-y-precipitaciones-03-de-Marzo-2026.pdf
2026-03-03,020,MONCIÓN (EMA),SANTIAGO RODRÍGUEZ,PROGRAMA MUNDIAL DE ALIMENTO,EMAP,29.4,20.1,2.2,https://indomet.gob.do/wp-content/uploads/2026/03/Temperaturas-extremas-y-precipitaciones-03-de-Marzo-2026.pdf
2026-03-03,021,ARPT. GREGORIO LUPERÓN,PUERTO PLATA,INDOMET,EMCI,29.0,21.0,2.0,https://indomet.gob.do/wp-content/uploads/2026/03/Temperaturas-extremas-y-precipitaciones-03-de-Marzo-2026.pdf
2026-03-03,022,JARABACOA (EMA),LA VEGA,PROGRAMA MUNDIAL DE ALIMENTO,EMAP,26.0,16.3,1.8,https://indomet.gob.do/wp-content/uploads/2026/03/Temperaturas-extremas-y-precipitaciones-03-de-Marzo-2026.pdf
2026-03-03,023,LUPERÓN,PUERTO PLATA,MINISTERIO DE AGRICULTURA,EMCV,,,1.8,https://indomet.gob.do/wp-content/uploads/2026/03/Temperaturas-extremas-y-precipitaciones-03-de-Marzo-2026.pdf
2026-03-03,024,SÁNCHEZ,SAMANÁ,MINISTERIO DE AGRICULTURA,EMCI,30.4,21.3,1.6,https://indomet.gob.do/wp-content/uploads/2026/03/Temperaturas-extremas-y-precipitaciones-03-de-Marzo-2026.pdf
2026-03-03,025,SAMANÁ,SAMANÁ,COMANDANCIA DE PUERTO DE SAMANÁ,EMCI,31.0,18.8,1.4,https://indomet.gob.do/wp-content/uploads/2026/03/Temperaturas-extremas-y-precipitaciones-03-de-Marzo-2026.pdf
2026-03-03,026,SAN RAFAEL DEL YUMA,LA ALTAGRACIA,MINISTERIO DE AGRICULTURA,EMCI,31.6,21.8,1.2,https://indomet.gob.do/wp-content/uploads/2026/03/Temperaturas-extremas-y-precipitaciones-03-de-Marzo-2026.pdf
2026-03-03,027,ARPT. DE LAS AMÉRICAS,SANTO DOMINGO,INDOMET,EMCI,30.2,20.6,1.0,https://indomet.gob.do/wp-content/uploads/2026/03/Temperaturas-extremas-y-precipitaciones-03-de-Marzo-2026.pdf
2026-03-03,028,JARABACOA,LA VEGA,INDRHI / MARENA,EMCI,27.6,14.2,0.8,https://indomet.gob.do/wp-content/uploads/2026/03/Temperaturas-extremas-y-precipitaciones-03-de-Marzo-2026.pdf
2026-03-03,029,PALO ÍNDIO,PUERTO PLATA,MINISTERIO DE AGRICULTURA,EMCI,,,0.8,https://indomet.gob.do/wp-content/uploads/2026/03/Temperaturas-extremas-y-precipitaciones-03-de-Marzo-2026.pdf
2026-03-03,030,HATO MAYOR,HATO MAYOR,MINISTERIO DE AGRICULTURA,EMCV,,,0.5,https://indomet.gob.do/wp-content/uploads/2026/03/Temperaturas-extremas-y-precipitaciones-03-de-Marzo-2026.pdf
2026-03-03,031,LA VEGA,LA VEGA,IATESA,EMCI,30.5,20.5,0.5,https://indomet.gob.do/wp-content/uploads/2026/03/Temperaturas-extremas-y-precipitaciones-03-de-Marzo-2026.pdf
2026-03-03,032,SABANA DE LA MAR,HATO MAYOR,INDOMET,EMCI,30.2,21.0,0.5,https://indomet.gob.do/wp-content/uploads/2026/03/Temperaturas-extremas-y-precipitaciones-03-de-Marzo-2026.pdf
2026-03-03,033,TAMBORIL,SANTIAGO,MINISTERIO DE AGRICULTURA,EMCV,,,0.3,https://indomet.gob.do/wp-content/uploads/2026/03/Temperaturas-extremas-y-precipitaciones-03-de-Marzo-2026.pdf
2026-03-03,034,ALTAMIRA,PUERTO PLATA,HOSP. MPAL. DE ALTAMIRA,EMCI,27.7,17.5,0.2,https://indomet.gob.do/wp-content/uploads/2026/03/Temperaturas-extremas-y-precipitaciones-03-de-Marzo-2026.pdf
2026-03-03,035,ARPT. DEL CIBAO,SANTIAGO,INDOMET,EMCI,30.0,18.4,0.2,https://indomet.gob.do/wp-content/uploads/2026/03/Temperaturas-extremas-y-precipitaciones-03-de-Marzo-2026.pdf
2026-03-03,036,POLO,BARAHONA,INDOCAFE,EMCI,,15.0,0.2,https://indomet.gob.do/wp-content/uploads/2026/03/Temperaturas-extremas-y-precipitaciones-03-de-Marzo-2026.pdf
2026-03-03,037,VILLA ISABELA,PUERTO PLATA,MINISTERIO DE AGRICULTURA,EMCV,29.9,18.8,0.2,https://indomet.gob.do/wp-content/uploads/2026/03/Temperaturas-extremas-y-precipitaciones-03-de-Marzo-2026.pdf
2026-03-03,038,ARROYO LORO,SAN JUAN,IDIAF,EMCI,32.7,13.5,0.1,https://indomet.gob.do/wp-content/uploads/2026/03/Temperaturas-extremas-y-precipitaciones-03-de-Marzo-2026.pdf
2026-03-03,039,ANAMUYA (EMA),LA ALTAGRACIA,MINISTERIO DE AGRICULTURA,EMAP,30.9,22.4,0.0,https://indomet.gob.do/wp-content/uploads/2026/03/Temperaturas-extremas-y-precipitaciones-03-de-Marzo-2026.pdf
2026-03-03,040,ARPT. ARROYO BARRIL,SAMANÁ,INDOMET,EMCI,30.7,21.2,0.0,https://indomet.gob.do/wp-content/uploads/2026/03/Temperaturas-extremas-y-precipitaciones-03-de-Marzo-2026.pdf
2026-03-03,041,ARPT. DE LA ROMANA,LA ROMANA,INDOMET,EMCI,31.5,20.4,0.0,https://indomet.gob.do/wp-content/uploads/2026/03/Temperaturas-extremas-y-precipitaciones-03-de-Marzo-2026.pdf
2026-03-03,042,ARPT. DE PUNTA CANA,LA ALTAGRACIA,INDOMET,EMCI,29.6,22.5,0.0,https://indomet.gob.do/wp-content/uploads/2026/03/Temperaturas-extremas-y-precipitaciones-03-de-Marzo-2026.pdf
2026-03-03,043,ARPT. LA ISABELA,SANTO DOMINGO,INDOMET,EMCI,31.0,21.6,0.0,https://indomet.gob.do/wp-content/uploads/2026/03/Temperaturas-extremas-y-precipitaciones-03-de-Marzo-2026.pdf
2026-03-03,044,ARPT. MARÍA MONTEZ,BARAHONA,INDOMET,EMCI,31.4,21.5,0.0,https://indomet.gob.do/wp-content/uploads/2026/03/Temperaturas-extremas-y-precipitaciones-03-de-Marzo-2026.pdf
2026-03-03,045,BANI (EMA),PERAVIA,MINISTERIO DE AGRICULTURA,EMAP,30.6,24.3,0.0,https://indomet.gob.do/wp-content/uploads/2026/03/Temperaturas-extremas-y-precipitaciones-03-de-Marzo-2026.pdf
2026-03-03,046,BAYAGUANA,MONTE PLATA,INDOMET,EMCI,32.0,19.8,0.0,https://indomet.gob.do/wp-content/uploads/2026/03/Temperaturas-extremas-y-precipitaciones-03-de-Marzo-2026.pdf
2026-03-03,047,BOCA DE MAO (EMA),VALVERDE,MINISTERIO DE AGRICULTURA,EMAP,32.4,21.6,0.0,https://indomet.gob.do/wp-content/uploads/2026/03/Temperaturas-extremas-y-precipitaciones-03-de-Marzo-2026.pdf
2026-03-03,048,BOHECHÍO,SAN JUAN,MINISTERIO DE AGRICULTURA,EMCV,,,0.0,https://indomet.gob.do/wp-content/uploads/2026/03/Temperaturas-extremas-y-precipitaciones-03-de-Marzo-2026.pdf
2026-03-03,049,CABRAL,BARAHONA,MINISTERIO DE AGRICULTURA,EMCV,31.4,20.4,0.0,https://indomet.gob.do/wp-content/uploads/2026/03/Temperaturas-extremas-y-precipitaciones-03-de-Marzo-2026.pdf
2026-03-03,050,CENTRO DE LOS HEROES (EMA),DISTRITO NACIONAL,MINISTERIO DE ENERGIA Y MINA,EMAP,29.7,23.6,0.0,https://indomet.gob.do/wp-content/uploads/2026/03/Temperaturas-extremas-y-precipitaciones-03-de-Marzo-2026.pdf
2026-03-03,051,CONSTANZA,LA VEGA,MINISTERIO DE AGRICULTURA,EMCI,24.0,11.4,0.0,https://indomet.gob.do/wp-content/uploads/2026/03/Temperaturas-extremas-y-precipitaciones-03-de-Marzo-2026.pdf
2026-03-03,052,CONSTANZA (EMA),LA VEGA,PROGRAMA MUNDIAL DE ALIMENTO,EMAP,22.5,15.2,0.0,https://indomet.gob.do/wp-content/uploads/2026/03/Temperaturas-extremas-y-precipitaciones-03-de-Marzo-2026.pdf
2026-03-03,053,DAJABÓN,DAJABÓN,INSTITUTO POLITÉCNICO LOYOLA,EMCI,34.7,19.1,0.0,https://indomet.gob.do/wp-content/uploads/2026/03/Temperaturas-extremas-y-precipitaciones-03-de-Marzo-2026.pdf
2026-03-03,054,EL CERCADO,SAN JUAN,MINISTERIO DE AGRICULTURA,EMCV,,,0.0,https://indomet.gob.do/wp-content/uploads/2026/03/Temperaturas-extremas-y-precipitaciones-03-de-Marzo-2026.pdf
2026-03-03,055,ELÍAS PIÑA,ELÍAS PIÑA,MINISTERIO DE AGRICULTURA,EMCV,,,0.0,https://indomet.gob.do/wp-content/uploads/2026/03/Temperaturas-extremas-y-precipitaciones-03-de-Marzo-2026.pdf
2026-03-03,056,ENRIQUILLO,BARAHONA,MINISTERIO DE AGRICULTURA,EMCV,31.0,22.7,0.0,https://indomet.gob.do/wp-content/uploads/2026/03/Temperaturas-extremas-y-precipitaciones-03-de-Marzo-2026.pdf
2026-03-03,057,ESCONDIDO,PERAVIA,MINISTERIO DE AGRICULTURA,EMCV,31.0,23.0,0.0,https://indomet.gob.do/wp-content/uploads/2026/03/Temperaturas-extremas-y-precipitaciones-03-de-Marzo-2026.pdf
2026-03-03,058,HONDO VALLE,ELÍAS PIÑA,MINISTERIO DE AGRICULTURA,EMCI,23.3,14.1,0.0,https://indomet.gob.do/wp-content/uploads/2026/03/Temperaturas-extremas-y-precipitaciones-03-de-Marzo-2026.pdf
2026-03-03,059,JARDÍN BOTÁNICO NACIONAL,DISTRITO NACIONAL,JARDÍN BOTÁNICO NACIONAL,EMCV,30.4,19.7,0.0,https://indomet.gob.do/wp-content/uploads/2026/03/Temperaturas-extremas-y-precipitaciones-03-de-Marzo-2026.pdf
2026-03-03,060,JIMANÍ,INDEPENDENCIA,MINISTERIO DE AGRICULTURA,EMCI,34.2,22.8,0.0,https://indomet.gob.do/wp-content/uploads/2026/03/Temperaturas-extremas-y-precipitaciones-03-de-Marzo-2026.pdf
2026-03-03,061,LA VICTORIA,SANTO DOMINGO,CUERPO DE BOMBEROS,EMCI,33.0,21.0,0.0,https://indomet.gob.do/wp-content/uploads/2026/03/Temperaturas-extremas-y-precipitaciones-03-de-Marzo-2026.pdf
2026-03-03,062,LAS CANAS (EMA),MONTE CRISTI,PROGRAMA MUNDIAL DE ALIMENTO,EMAP,28.3,21.9,0.0,https://indomet.gob.do/wp-content/uploads/2026/03/Temperaturas-extremas-y-precipitaciones-03-de-Marzo-2026.pdf
2026-03-03,063,LAS MATAS DE SANTA CRUZ (EMA,MONTE CRISTI,PROGRAMA MUNDIAL DE ALIMENTO,EMAP,,,0.0,https://indomet.gob.do/wp-content/uploads/2026/03/Temperaturas-extremas-y-precipitaciones-03-de-Marzo-2026.pdf
2026-03-03,064,LOS LLANOS,SAN PEDRO DE MACORÍS,MINISTERIO DE AGRICULTURA,EMCI,31.5,20.0,0.0,https://indomet.gob.do/wp-content/uploads/2026/03/Temperaturas-extremas-y-precipitaciones-03-de-Marzo-2026.pdf
2026-03-03,065,MAO,VALVERDE,INDRHI / MINISTERIO DE AGRICULTURA,EMCV,,,0.0,https://indomet.gob.do/wp-content/uploads/2026/03/Temperaturas-extremas-y-precipitaciones-03-de-Marzo-2026.pdf
2026-03-03,066,MONTE CRISTI,MONTE CRISTI,INDOMET,EMCI,31.8,21.4,0.0,https://indomet.gob.do/wp-content/uploads/2026/03/Temperaturas-extremas-y-precipitaciones-03-de-Marzo-2026.pdf
2026-03-03,067,OLIVARES,PEDERNALES,INDRHI,EMCI,,,0.0,https://indomet.gob.do/wp-content/uploads/2026/03/Temperaturas-extremas-y-precipitaciones-03-de-Marzo-2026.pdf
2026-03-03,068,OVIEDO,PEDERNALES,CLÍNICA RURAL OVIEDO,EMCI,31.8,22.0,0.0,https://indomet.gob.do/wp-content/uploads/2026/03/Temperaturas-extremas-y-precipitaciones-03-de-Marzo-2026.pdf
2026-03-03,069,PADRE LAS CASAS,AZUA,HOSP. NTRA. SRA. DEL CARMEN,EMCI,31.4,14.2,0.0,https://indomet.gob.do/wp-content/uploads/2026/03/Temperaturas-extremas-y-precipitaciones-03-de-Marzo-2026.pdf
2026-03-03,070,PASO AL MEDIO,SAN PEDRO DE MACORÍS,INDRHI,EMCI,,,0.0,https://indomet.gob.do/wp-content/uploads/2026/03/Temperaturas-extremas-y-precipitaciones-03-de-Marzo-2026.pdf
2026-03-03,071,PEDERNALES,PEDERNALES,INDRHI,EMCI,,,0.0,https://indomet.gob.do/wp-content/uploads/2026/03/Temperaturas-extremas-y-precipitaciones-03-de-Marzo-2026.pdf
2026-03-03,072,PERALTA,AZUA,HOSP. MPAL. DE PERALTA,EMCI,32.0,14.5,0.0,https://indomet.gob.do/wp-content/uploads/2026/03/Temperaturas-extremas-y-precipitaciones-03-de-Marzo-2026.pdf
2026-03-03,073,PESCADERIA (EMA),BARAHONA,MINISTERIO DE AGRICULTURA,EMAP,,,0.0,https://indomet.gob.do/wp-content/uploads/2026/03/Temperaturas-extremas-y-precipitaciones-03-de-Marzo-2026.pdf
2026-03-03,074,PONTÓN ABAJO (EMA),LA VEGA,MINISTERIO DE AGRICULTURA,EMAP,30.3,21.4,0.0,https://indomet.gob.do/wp-content/uploads/2026/03/Temperaturas-extremas-y-precipitaciones-03-de-Marzo-2026.pdf
2026-03-03,075,PRESA DE TAVERAS (EMA),LA VEGA,PROGRAMA MUNDIAL DE ALIMENTO,EMAP,27.9,20.7,0.0,https://indomet.gob.do/wp-content/uploads/2026/03/Temperaturas-extremas-y-precipitaciones-03-de-Marzo-2026.pdf
2026-03-03,076,RESTAURACIÓN,DAJABÓN,MINISTERIO DE AGRICULTURA,EMCI,29.0,15.2,0.0,https://indomet.gob.do/wp-content/uploads/2026/03/Temperaturas-extremas-y-precipitaciones-03-de-Marzo-2026.pdf
2026-03-03,077,SABANETA (EMA),SANTIAGO RODRÍGUEZ,PROGRAMA MUNDIAL DE ALIMENTO,EMAP,33.2,19.5,0.0,https://indomet.gob.do/wp-content/uploads/2026/03/Temperaturas-extremas-y-precipitaciones-03-de-Marzo-2026.pdf
2026-03-03,078,SAN CRISTÓBAL,SAN CRISTÓBAL,INSTITUTO POLITÉCNICO LOYOLA,EMCI,30.0,21.2,0.0,https://indomet.gob.do/wp-content/uploads/2026/03/Temperaturas-extremas-y-precipitaciones-03-de-Marzo-2026.pdf
2026-03-03,079,SANTIAGO RODRÍGUEZ,SANTIAGO RODRÍGUEZ,INDOMET,EMCI,33.5,19.6,0.0,https://indomet.gob.do/wp-content/uploads/2026/03/Temperaturas-extremas-y-precipitaciones-03-de-Marzo-2026.pdf
2026-03-03,080,SANTO DOMINGO ESTE,SANTO DOMINGO,INDOMET,EMCI,31.0,23.0,0.0,https://indomet.gob.do/wp-content/uploads/2026/03/Temperaturas-extremas-y-precipitaciones-03-de-Marzo-2026.pdf
2026-03-03,081,TÁBARA ABAJO,AZUA,INDRHI,EMCI,31.7,18.4,0.0,https://indomet.gob.do/wp-content/uploads/2026/03/Temperaturas-extremas-y-precipitaciones-03-de-Marzo-2026.pdf
2026-03-03,082,TAVERA,SANTIAGO,INDRHI,EMCI,,,0.0,https://indomet.gob.do/wp-content/uploads/2026/03/Temperaturas-extremas-y-precipitaciones-03-de-Marzo-2026.pdf
2026-03-03,083,VILLA GONZALES,SANTIAGO,MINISTERIO DE AGRICULTURA,EMCI,,,0.0,https://indomet.gob.do/wp-content/uploads/2026/03/Temperaturas-extremas-y-precipitaciones-03-de-Marzo-2026.pdf
2026-03-03,084,VILLA RIVA,DUARTE,HOSP. MPAL. ALICIA DE LEGENDRE,EMCI,30.0,20.3,0.0,https://indomet.gob.do/wp-content/uploads/2026/03/Temperaturas-extremas-y-precipitaciones-03-de-Marzo-2026.pdf
2026-03-03,085,VILLA VASQUEZ (EMA),MONTE CRISTI,JUNTA DE REGANTES,EMAI,,,0.0,https://indomet.gob.do/wp-content/uploads/2026/03/Temperaturas-extremas-y-precipitaciones-03-de-Marzo-2026.pdf
2026-03-04,001,VILLA ALTAGRACIA,SAN CRISTÓBAL,ESCUELA JAVIER ANGULO GURIDI,EMCI,,,32.1,https://indomet.gob.do/wp-content/uploads/2026/03/temperaturas-extremas-y-precipitaciones-2026x03x04-a.pdf
2026-03-04,002,ARPT. EL CATEY,SAMANÁ,INDOMET,EMCI,29.5,20.0,28.3,https://indomet.gob.do/wp-content/uploads/2026/03/temperaturas-extremas-y-precipitaciones-2026x03x04-a.pdf
2026-03-04,003,BONAO,MONSEÑOR NOUEL,MINISTERIO DE AGRICULTURA,EMCV,,,22.9,https://indomet.gob.do/wp-content/uploads/2026/03/temperaturas-extremas-y-precipitaciones-2026x03x04-a.pdf
2026-03-04,004,ARPT. LA ISABELA,SANTO DOMINGO,INDOMET,EMCI,32.6,21.6,20.6,https://indomet.gob.do/wp-content/uploads/2026/03/temperaturas-extremas-y-precipitaciones-2026x03x04-a.pdf
2026-03-04,005,RANCHO ARRIBA,SAN JOSÉ DE OCOA,CENTRO TECNOLÓGICO COMUNITARIO,EMCI,27.6,17.4,17.6,https://indomet.gob.do/wp-content/uploads/2026/03/temperaturas-extremas-y-precipitaciones-2026x03x04-a.pdf
2026-03-04,006,BOHECHÍO,SAN JUAN,MINISTERIO DE AGRICULTURA,EMCV,,,15.6,https://indomet.gob.do/wp-content/uploads/2026/03/temperaturas-extremas-y-precipitaciones-2026x03x04-a.pdf
2026-03-04,007,LOS JENGIBRES,NAGUA,INDRHI,EMCI,,,14.6,https://indomet.gob.do/wp-content/uploads/2026/03/temperaturas-extremas-y-precipitaciones-2026x03x04-a.pdf
2026-03-04,008,TAMBORIL,SANTIAGO,MINISTERIO DE AGRICULTURA,EMCV,,,12.7,https://indomet.gob.do/wp-content/uploads/2026/03/temperaturas-extremas-y-precipitaciones-2026x03x04-a.pdf
2026-03-04,009,JUMA BEJUCAL,MONSEÑOR NOUEL,IDIAF,EMCV,30.8,20.4,11.5,https://indomet.gob.do/wp-content/uploads/2026/03/temperaturas-extremas-y-precipitaciones-2026x03x04-a.pdf
2026-03-04,010,LA VICTORIA,SANTO DOMINGO,CUERPO DE BOMBEROS,EMCI,34.0,21.0,10.6,https://indomet.gob.do/wp-content/uploads/2026/03/temperaturas-extremas-y-precipitaciones-2026x03x04-a.pdf
2026-03-04,011,LA VEGA,LA VEGA,IATESA,EMCI,31.3,20.5,10.2,https://indomet.gob.do/wp-content/uploads/2026/03/temperaturas-extremas-y-precipitaciones-2026x03x04-a.pdf
2026-03-04,012,TAVERA,SANTIAGO,INDRHI,EMCI,,,8.1,https://indomet.gob.do/wp-content/uploads/2026/03/temperaturas-extremas-y-precipitaciones-2026x03x04-a.pdf
2026-03-04,013,PRESA DE TAVERAS (EMA),LA VEGA,PROGRAMA MUNDIAL DE ALIMENTO,EMAP,29.1,20.1,6.2,https://indomet.gob.do/wp-content/uploads/2026/03/temperaturas-extremas-y-precipitaciones-2026x03x04-a.pdf
2026-03-04,014,PONTÓN ABAJO (EMA),LA VEGA,MINISTERIO DE AGRICULTURA,EMAP,32.4,21.7,4.8,https://indomet.gob.do/wp-content/uploads/2026/03/temperaturas-extremas-y-precipitaciones-2026x03x04-a.pdf
2026-03-04,015,ALTO BANDERA (EMA),LA VEGA,INTEC,EMAP,11.9,3.7,4.6,https://indomet.gob.do/wp-content/uploads/2026/03/temperaturas-extremas-y-precipitaciones-2026x03x04-a.pdf
2026-03-04,016,EL FACTOR (EMA),MARÍA TRINIDAD SÁNCHEZ,INTEC,EMAP,30.1,20.8,4.1,https://indomet.gob.do/wp-content/uploads/2026/03/temperaturas-extremas-y-precipitaciones-2026x03x04-a.pdf
2026-03-04,017,SALCEDO,HERMANAS MIRABAL,PROPIEDAD DEL EMPLEADO,EMCI,,,4.0,https://indomet.gob.do/wp-content/uploads/2026/03/temperaturas-extremas-y-precipitaciones-2026x03x04-a.pdf
2026-03-04,018,PALO ÍNDIO,PUERTO PLATA,MINISTERIO DE AGRICULTURA,EMCI,,,3.6,https://indomet.gob.do/wp-content/uploads/2026/03/temperaturas-extremas-y-precipitaciones-2026x03x04-a.pdf
2026-03-04,019,GASPAR HERNÁNDEZ,ESPAILLAT,PROPIEDAD DEL EMPLEADO,EMCI,,,3.4,https://indomet.gob.do/wp-content/uploads/2026/03/temperaturas-extremas-y-precipitaciones-2026x03x04-a.pdf
2026-03-04,020,GURABO,SANTIAGO,MINISTERIO DE AGRICULTURA,EMCV,,,3.3,https://indomet.gob.do/wp-content/uploads/2026/03/temperaturas-extremas-y-precipitaciones-2026x03x04-a.pdf
2026-03-04,021,JARDÍN BOTÁNICO NACIONAL,DISTRITO NACIONAL,JARDÍN BOTÁNICO NACIONAL,EMCV,32.3,21.5,3.2,https://indomet.gob.do/wp-content/uploads/2026/03/temperaturas-extremas-y-precipitaciones-2026x03x04-a.pdf
2026-03-04,022,SAN RAFAEL DEL YUMA,LA ALTAGRACIA,MINISTERIO DE AGRICULTURA,EMCI,32.2,21.2,3.2,https://indomet.gob.do/wp-content/uploads/2026/03/temperaturas-extremas-y-precipitaciones-2026x03x04-a.pdf
2026-03-04,023,JARABACOA (EMA),LA VEGA,PROGRAMA MUNDIAL DE ALIMENTO,EMAP,27.7,17.1,3.0,https://indomet.gob.do/wp-content/uploads/2026/03/temperaturas-extremas-y-precipitaciones-2026x03x04-a.pdf
2026-03-04,024,JARABACOA,LA VEGA,INDRHI / MARENA,EMCI,29.4,14.6,2.8,https://indomet.gob.do/wp-content/uploads/2026/03/temperaturas-extremas-y-precipitaciones-2026x03x04-a.pdf
2026-03-04,025,RÍO SAN JUAN,MARÍA TRINIDAD SÁNCHEZ,HOSP. MPAL. DR. DESIDERIO ACOSTA,EMCV,30.2,20.5,2.8,https://indomet.gob.do/wp-content/uploads/2026/03/temperaturas-extremas-y-precipitaciones-2026x03x04-a.pdf
2026-03-04,026,LUPERÓN,PUERTO PLATA,MINISTERIO DE AGRICULTURA,EMCV,,,2.8,https://indomet.gob.do/wp-content/uploads/2026/03/temperaturas-extremas-y-precipitaciones-2026x03x04-a.pdf
2026-03-04,027,ARPT. GREGORIO LUPERÓN,PUERTO PLATA,INDOMET,EMCI,28.8,21.5,2.7,https://indomet.gob.do/wp-content/uploads/2026/03/temperaturas-extremas-y-precipitaciones-2026x03x04-a.pdf
2026-03-04,028,ARPT. DEL CIBAO,SANTIAGO,INDOMET,EMCI,31.0,19.4,1.6,https://indomet.gob.do/wp-content/uploads/2026/03/temperaturas-extremas-y-precipitaciones-2026x03x04-a.pdf
2026-03-04,029,MICHES (EMA),EL SEIBO,PRIVADA,EMAP,29.4,22.4,1.6,https://indomet.gob.do/wp-content/uploads/2026/03/temperaturas-extremas-y-precipitaciones-2026x03x04-a.pdf
2026-03-04,030,SANTO DOMINGO ESTE,SANTO DOMINGO,INDOMET,EMCI,32.0,22.6,1.6,https://indomet.gob.do/wp-content/uploads/2026/03/temperaturas-extremas-y-precipitaciones-2026x03x04-a.pdf
2026-03-04,031,ARPT. DE LA ROMANA,LA ROMANA,INDOMET,EMCI,31.7,21.5,1.2,https://indomet.gob.do/wp-content/uploads/2026/03/temperaturas-extremas-y-precipitaciones-2026x03x04-a.pdf
2026-03-04,032,SAMANÁ,SAMANÁ,COMANDANCIA DE PUERTO DE SAMANÁ,EMCI,30.4,18.0,1.2,https://indomet.gob.do/wp-content/uploads/2026/03/temperaturas-extremas-y-precipitaciones-2026x03x04-a.pdf
2026-03-04,033,ALTAMIRA,PUERTO PLATA,HOSP. MPAL. DE ALTAMIRA,EMCI,30.1,18.5,1.0,https://indomet.gob.do/wp-content/uploads/2026/03/temperaturas-extremas-y-precipitaciones-2026x03x04-a.pdf
2026-03-04,034,MONCIÓN (EMA),SANTIAGO RODRÍGUEZ,PROGRAMA MUNDIAL DE ALIMENTO,EMAP,29.9,19.4,1.0,https://indomet.gob.do/wp-content/uploads/2026/03/temperaturas-extremas-y-precipitaciones-2026x03x04-a.pdf
2026-03-04,035,CABRERA,MARÍA TRINIDAD SÁNCHEZ,ESCUELA ARÍSTIDES FIALLO CABRAL,EMCI,31.6,25.0,0.6,https://indomet.gob.do/wp-content/uploads/2026/03/temperaturas-extremas-y-precipitaciones-2026x03x04-a.pdf
2026-03-04,036,POLO,BARAHONA,INDOCAFE,EMCI,,17.0,0.6,https://indomet.gob.do/wp-content/uploads/2026/03/temperaturas-extremas-y-precipitaciones-2026x03x04-a.pdf
2026-03-04,037,SAN JOSÉ DE OCOA,SAN JOSÉ DE OCOA,HOSP. SAN JOSÉ DE OCOA,EMCI,30.3,19.6,0.6,https://indomet.gob.do/wp-content/uploads/2026/03/temperaturas-extremas-y-precipitaciones-2026x03x04-a.pdf
2026-03-04,038,JARDÍN BOTÁNICO SANTIAGO (EMSANTIAGO,,JARDIN BOTANICO SANTIAGO,EMAI,29.9,20.1,0.6,https://indomet.gob.do/wp-content/uploads/2026/03/temperaturas-extremas-y-precipitaciones-2026x03x04-a.pdf
2026-03-04,039,VILLA GONZALES,SANTIAGO,MINISTERIO DE AGRICULTURA,EMCI,,,0.5,https://indomet.gob.do/wp-content/uploads/2026/03/temperaturas-extremas-y-precipitaciones-2026x03x04-a.pdf
2026-03-04,040,SABANA DE LA MAR,HATO MAYOR,INDOMET,EMCI,29.8,21.0,0.5,https://indomet.gob.do/wp-content/uploads/2026/03/temperaturas-extremas-y-precipitaciones-2026x03x04-a.pdf
2026-03-04,041,CONSTANZA,LA VEGA,MINISTERIO DE AGRICULTURA,EMCI,23.0,14.2,0.4,https://indomet.gob.do/wp-content/uploads/2026/03/temperaturas-extremas-y-precipitaciones-2026x03x04-a.pdf
2026-03-04,042,ENRIQUILLO,BARAHONA,MINISTERIO DE AGRICULTURA,EMCV,31.0,22.5,0.4,https://indomet.gob.do/wp-content/uploads/2026/03/temperaturas-extremas-y-precipitaciones-2026x03x04-a.pdf
2026-03-04,043,SAJOMA (EMA),SANTIAGO,PLAN SIERRA,EMAI,,,0.4,https://indomet.gob.do/wp-content/uploads/2026/03/temperaturas-extremas-y-precipitaciones-2026x03x04-a.pdf
2026-03-04,044,BASE AÉREA DE SAN ISIDRO,SANTO DOMINGO,FUERZA AÉREA DOMINICANA,EMCV,32.9,20.9,0.2,https://indomet.gob.do/wp-content/uploads/2026/03/temperaturas-extremas-y-precipitaciones-2026x03x04-a.pdf
2026-03-04,045,CONSTANZA (EMA),LA VEGA,PROGRAMA MUNDIAL DE ALIMENTO,EMAP,23.2,15.4,0.2,https://indomet.gob.do/wp-content/uploads/2026/03/temperaturas-extremas-y-precipitaciones-2026x03x04-a.pdf
2026-03-04,046,BUCARA (EMA),SANTIAGO,MINISTERIO DE AGRICULTURA,EMAI,,,0.2,https://indomet.gob.do/wp-content/uploads/2026/03/temperaturas-extremas-y-precipitaciones-2026x03x04-a.pdf
2026-03-04,047,ARROYO LORO,SAN JUAN,IDIAF,EMCI,32.8,15.3,0.1,https://indomet.gob.do/wp-content/uploads/2026/03/temperaturas-extremas-y-precipitaciones-2026x03x04-a.pdf
2026-03-04,048,SABANA GRANDE DE BOYÁ,MONTE PLATA,MINISTERIO DE AGRICULTURA,EMCV,,,0.1,https://indomet.gob.do/wp-content/uploads/2026/03/temperaturas-extremas-y-precipitaciones-2026x03x04-a.pdf
2026-03-04,049,ANAMUYA (EMA),LA ALTAGRACIA,MINISTERIO DE AGRICULTURA,EMAP,30.4,23.3,0.0,https://indomet.gob.do/wp-content/uploads/2026/03/temperaturas-extremas-y-precipitaciones-2026x03x04-a.pdf
2026-03-04,050,ARPT. ARROYO BARRIL,SAMANÁ,INDOMET,EMCI,30.9,21.6,0.0,https://indomet.gob.do/wp-content/uploads/2026/03/temperaturas-extremas-y-precipitaciones-2026x03x04-a.pdf
2026-03-04,051,ARPT. DE LAS AMÉRICAS,SANTO DOMINGO,INDOMET,EMCI,31.8,20.4,0.0,https://indomet.gob.do/wp-content/uploads/2026/03/temperaturas-extremas-y-precipitaciones-2026x03x04-a.pdf
2026-03-04,052,ARPT. DE PUNTA CANA,LA ALTAGRACIA,INDOMET,EMCI,30.0,23.2,0.0,https://indomet.gob.do/wp-content/uploads/2026/03/temperaturas-extremas-y-precipitaciones-2026x03x04-a.pdf
2026-03-04,053,ARPT. MARÍA MONTEZ,BARAHONA,INDOMET,EMCI,32.0,20.0,0.0,https://indomet.gob.do/wp-content/uploads/2026/03/temperaturas-extremas-y-precipitaciones-2026x03x04-a.pdf
2026-03-04,054,BANI (EMA),PERAVIA,MINISTERIO DE AGRICULTURA,EMAP,32.3,24.4,0.0,https://indomet.gob.do/wp-content/uploads/2026/03/temperaturas-extremas-y-precipitaciones-2026x03x04-a.pdf
2026-03-04,055,BAYAGUANA,MONTE PLATA,INDOMET,EMCI,31.8,20.0,0.0,https://indomet.gob.do/wp-content/uploads/2026/03/temperaturas-extremas-y-precipitaciones-2026x03x04-a.pdf
2026-03-04,056,BOCA DE MAO (EMA),VALVERDE,MINISTERIO DE AGRICULTURA,EMAP,34.1,21.9,0.0,https://indomet.gob.do/wp-content/uploads/2026/03/temperaturas-extremas-y-precipitaciones-2026x03x04-a.pdf
2026-03-04,057,CABRAL,BARAHONA,MINISTERIO DE AGRICULTURA,EMCV,32.3,21.4,0.0,https://indomet.gob.do/wp-content/uploads/2026/03/temperaturas-extremas-y-precipitaciones-2026x03x04-a.pdf
2026-03-04,058,CENTRO DE LOS HEROES (EMA),DISTRITO NACIONAL,MINISTERIO DE ENERGIA Y MINA,EMAP,31.9,23.9,0.0,https://indomet.gob.do/wp-content/uploads/2026/03/temperaturas-extremas-y-precipitaciones-2026x03x04-a.pdf
2026-03-04,059,COTUÍ,SÁNCHEZ RAMÍREZ,HOSP. INMACULADA CONCEPCIÓN,EMCV,,,0.0,https://indomet.gob.do/wp-content/uploads/2026/03/temperaturas-extremas-y-precipitaciones-2026x03x04-a.pdf
2026-03-04,060,DAJABÓN,DAJABÓN,INSTITUTO POLITÉCNICO LOYOLA,EMCI,35.0,20.6,0.0,https://indomet.gob.do/wp-content/uploads/2026/03/temperaturas-extremas-y-precipitaciones-2026x03x04-a.pdf
2026-03-04,061,EL CERCADO,SAN JUAN,MINISTERIO DE AGRICULTURA,EMCV,,,0.0,https://indomet.gob.do/wp-content/uploads/2026/03/temperaturas-extremas-y-precipitaciones-2026x03x04-a.pdf
2026-03-04,062,ELÍAS PIÑA,ELÍAS PIÑA,MINISTERIO DE AGRICULTURA,EMCV,,,0.0,https://indomet.gob.do/wp-content/uploads/2026/03/temperaturas-extremas-y-precipitaciones-2026x03x04-a.pdf
2026-03-04,063,HATO MAYOR,HATO MAYOR,MINISTERIO DE AGRICULTURA,EMCV,,,0.0,https://indomet.gob.do/wp-content/uploads/2026/03/temperaturas-extremas-y-precipitaciones-2026x03x04-a.pdf
2026-03-04,064,HONDO VALLE,ELÍAS PIÑA,MINISTERIO DE AGRICULTURA,EMCI,23.7,14.5,0.0,https://indomet.gob.do/wp-content/uploads/2026/03/temperaturas-extremas-y-precipitaciones-2026x03x04-a.pdf
2026-03-04,065,JIMANÍ,INDEPENDENCIA,MINISTERIO DE AGRICULTURA,EMCI,35.0,22.6,0.0,https://indomet.gob.do/wp-content/uploads/2026/03/temperaturas-extremas-y-precipitaciones-2026x03x04-a.pdf
2026-03-04,066,LAS CANAS (EMA),MONTE CRISTI,PROGRAMA MUNDIAL DE ALIMENTO,EMAP,27.5,21.8,0.0,https://indomet.gob.do/wp-content/uploads/2026/03/temperaturas-extremas-y-precipitaciones-2026x03x04-a.pdf
2026-03-04,067,LAS MATAS DE SANTA CRUZ (EMA,MONTE CRISTI,PROGRAMA MUNDIAL DE ALIMENTO,EMAP,,,0.0,https://indomet.gob.do/wp-content/uploads/2026/03/temperaturas-extremas-y-precipitaciones-2026x03x04-a.pdf
2026-03-04,068,LOS LLANOS,SAN PEDRO DE MACORÍS,MINISTERIO DE AGRICULTURA,EMCI,32.8,20.8,0.0,https://indomet.gob.do/wp-content/uploads/2026/03/temperaturas-extremas-y-precipitaciones-2026x03x04-a.pdf
2026-03-04,069,MAO,VALVERDE,INDRHI / MINISTERIO DE AGRICULTURA,EMCV,,,0.0,https://indomet.gob.do/wp-content/uploads/2026/03/temperaturas-extremas-y-precipitaciones-2026x03x04-a.pdf
2026-03-04,070,MONTE CRISTI,MONTE CRISTI,INDOMET,EMCI,31.6,21.6,0.0,https://indomet.gob.do/wp-content/uploads/2026/03/temperaturas-extremas-y-precipitaciones-2026x03x04-a.pdf
2026-03-04,071,OLIVARES,PEDERNALES,INDRHI,EMCI,,,0.0,https://indomet.gob.do/wp-content/uploads/2026/03/temperaturas-extremas-y-precipitaciones-2026x03x04-a.pdf
2026-03-04,072,OVIEDO,PEDERNALES,CLÍNICA RURAL OVIEDO,EMCI,33.0,22.8,0.0,https://indomet.gob.do/wp-content/uploads/2026/03/temperaturas-extremas-y-precipitaciones-2026x03x04-a.pdf
2026-03-04,073,PADRE LAS CASAS,AZUA,HOSP. NTRA. SRA. DEL CARMEN,EMCI,32.0,14.5,0.0,https://indomet.gob.do/wp-content/uploads/2026/03/temperaturas-extremas-y-precipitaciones-2026x03x04-a.pdf
2026-03-04,074,PASO AL MEDIO,SAN PEDRO DE MACORÍS,INDRHI,EMCI,,,0.0,https://indomet.gob.do/wp-content/uploads/2026/03/temperaturas-extremas-y-precipitaciones-2026x03x04-a.pdf
2026-03-04,075,PEDERNALES,PEDERNALES,INDRHI,EMCI,,,0.0,https://indomet.gob.do/wp-content/uploads/2026/03/temperaturas-extremas-y-precipitaciones-2026x03x04-a.pdf
2026-03-04,076,PERALTA,AZUA,HOSP. MPAL. DE PERALTA,EMCI,33.0,16.5,0.0,https://indomet.gob.do/wp-content/uploads/2026/03/temperaturas-extremas-y-precipitaciones-2026x03x04-a.pdf
2026-03-04,077,RESTAURACIÓN,DAJABÓN,MINISTERIO DE AGRICULTURA,EMCI,29.4,15.7,0.0,https://indomet.gob.do/wp-content/uploads/2026/03/temperaturas-extremas-y-precipitaciones-2026x03x04-a.pdf
2026-03-04,078,SABANETA (EMA),SANTIAGO RODRÍGUEZ,PROGRAMA MUNDIAL DE ALIMENTO,EMAP,33.2,19.9,0.0,https://indomet.gob.do/wp-content/uploads/2026/03/temperaturas-extremas-y-precipitaciones-2026x03x04-a.pdf
2026-03-04,079,SAN CRISTÓBAL,SAN CRISTÓBAL,INSTITUTO POLITÉCNICO LOYOLA,EMCI,30.2,21.6,0.0,https://indomet.gob.do/wp-content/uploads/2026/03/temperaturas-extremas-y-precipitaciones-2026x03x04-a.pdf
2026-03-04,080,SAN FRANCISCO DE MACORÍS,DUARTE,San Francisco de Macorís (UASD),EMCI,29.5,19.9,0.0,https://indomet.gob.do/wp-content/uploads/2026/03/temperaturas-extremas-y-precipitaciones-2026x03x04-a.pdf
2026-03-04,081,SÁNCHEZ,SAMANÁ,MINISTERIO DE AGRICULTURA,EMCI,29.8,20.1,0.0,https://indomet.gob.do/wp-content/uploads/2026/03/temperaturas-extremas-y-precipitaciones-2026x03x04-a.pdf
2026-03-04,082,VILLA VASQUEZ (EMA),MONTE CRISTI,JUNTA DE REGANTES,EMAI,,,0.0,https://indomet.gob.do/wp-content/uploads/2026/03/temperaturas-extremas-y-precipitaciones-2026x03x04-a.pdf
2026-03-04,083,SANTIAGO RODRÍGUEZ,SANTIAGO RODRÍGUEZ,INDOMET,EMCI,33.3,22.6,0.0,https://indomet.gob.do/wp-content/uploads/2026/03/temperaturas-extremas-y-precipitaciones-2026x03x04-a.pdf
2026-03-04,084,TÁBARA ABAJO,AZUA,INDRHI,EMCI,32.0,20.5,0.0,https://indomet.gob.do/wp-content/uploads/2026/03/temperaturas-extremas-y-precipitaciones-2026x03x04-a.pdf
2026-03-04,085,VILLA ISABELA,PUERTO PLATA,MINISTERIO DE AGRICULTURA,EMCV,29.0,19.0,0.0,https://indomet.gob.do/wp-content/uploads/2026/03/temperaturas-extremas-y-precipitaciones-2026x03x04-a.pdf
2026-03-04,086,VILLA RIVA,DUARTE,HOSP. MPAL. ALICIA DE LEGENDRE,EMCI,29.3,20.0,0.0,https://indomet.gob.do/wp-content/uploads/2026/03/temperaturas-extremas-y-precipitaciones-2026x03x04-a.pdf
2026-03-05,001,ARPT. LA ISABELA,SANTO DOMINGO,INDOMET,EMCI,30.5,21.6,56.1,https://indomet.gob.do/wp-content/uploads/2026/03/Temperaturas-extremas-y-precipitaciones-05-de-Marzo-2026.pdf
2026-03-05,002,SAN CRISTÓBAL,SAN CRISTÓBAL,INSTITUTO POLITÉCNICO LOYOLA,EMCI,32.0,21.0,46.6,https://indomet.gob.do/wp-content/uploads/2026/03/Temperaturas-extremas-y-precipitaciones-05-de-Marzo-2026.pdf
2026-03-05,003,VILLA ALTAGRACIA,SAN CRISTÓBAL,ESCUELA JAVIER ANGULO GURIDI,EMCI,,,46.1,https://indomet.gob.do/wp-content/uploads/2026/03/Temperaturas-extremas-y-precipitaciones-05-de-Marzo-2026.pdf
2026-03-05,004,PONTÓN ABAJO (EMA),LA VEGA,MINISTERIO DE AGRICULTURA,EMAP,29.1,20.6,41.2,https://indomet.gob.do/wp-content/uploads/2026/03/Temperaturas-extremas-y-precipitaciones-05-de-Marzo-2026.pdf
2026-03-05,005,LA VICTORIA,SANTO DOMINGO,CUERPO DE BOMBEROS,EMCI,26.0,20.6,33.6,https://indomet.gob.do/wp-content/uploads/2026/03/Temperaturas-extremas-y-precipitaciones-05-de-Marzo-2026.pdf
2026-03-05,006,ARPT. DEL CIBAO,SANTIAGO,INDOMET,EMCI,29.0,19.6,32.5,https://indomet.gob.do/wp-content/uploads/2026/03/Temperaturas-extremas-y-precipitaciones-05-de-Marzo-2026.pdf
2026-03-05,007,JUMA BEJUCAL,MONSEÑOR NOUEL,IDIAF,EMCV,29.0,19.8,27.5,https://indomet.gob.do/wp-content/uploads/2026/03/Temperaturas-extremas-y-precipitaciones-05-de-Marzo-2026.pdf
2026-03-05,008,BONAO,MONSEÑOR NOUEL,MINISTERIO DE AGRICULTURA,EMCV,,,27.4,https://indomet.gob.do/wp-content/uploads/2026/03/Temperaturas-extremas-y-precipitaciones-05-de-Marzo-2026.pdf
2026-03-05,009,ARPT. DE LAS AMÉRICAS,SANTO DOMINGO,INDOMET,EMCI,29.2,21.0,26.5,https://indomet.gob.do/wp-content/uploads/2026/03/Temperaturas-extremas-y-precipitaciones-05-de-Marzo-2026.pdf
2026-03-05,010,SALCEDO,HERMANAS MIRABAL,PROPIEDAD DEL EMPLEADO,EMCI,,,15.0,https://indomet.gob.do/wp-content/uploads/2026/03/Temperaturas-extremas-y-precipitaciones-05-de-Marzo-2026.pdf
2026-03-05,011,LA VEGA,LA VEGA,IATESA,EMCI,28.0,20.5,14.6,https://indomet.gob.do/wp-content/uploads/2026/03/Temperaturas-extremas-y-precipitaciones-05-de-Marzo-2026.pdf
2026-03-05,012,CENTRO DE LOS HEROES (EMA),DISTRITO NACIONAL,MINISTERIO DE ENERGIA Y MINA,EMAP,29.6,23.4,14.2,https://indomet.gob.do/wp-content/uploads/2026/03/Temperaturas-extremas-y-precipitaciones-05-de-Marzo-2026.pdf
2026-03-05,013,ALTAMIRA,PUERTO PLATA,HOSP. MPAL. DE ALTAMIRA,EMCI,29.7,19.1,12.4,https://indomet.gob.do/wp-content/uploads/2026/03/Temperaturas-extremas-y-precipitaciones-05-de-Marzo-2026.pdf
2026-03-05,014,ALTO BANDERA (EMA),LA VEGA,INTEC,EMAP,11.1,1.8,12.4,https://indomet.gob.do/wp-content/uploads/2026/03/Temperaturas-extremas-y-precipitaciones-05-de-Marzo-2026.pdf
2026-03-05,015,PADRE LAS CASAS,AZUA,HOSP. NTRA. SRA. DEL CARMEN,EMCI,31.9,15.5,10.6,https://indomet.gob.do/wp-content/uploads/2026/03/Temperaturas-extremas-y-precipitaciones-05-de-Marzo-2026.pdf
2026-03-05,016,JARABACOA,LA VEGA,INDRHI / MARENA,EMCI,28.4,14.4,8.8,https://indomet.gob.do/wp-content/uploads/2026/03/Temperaturas-extremas-y-precipitaciones-05-de-Marzo-2026.pdf
2026-03-05,017,VALLE NUEVO (EMA),LA VEGA,MARENA,EMAI,15.4,6.7,8.6,https://indomet.gob.do/wp-content/uploads/2026/03/Temperaturas-extremas-y-precipitaciones-05-de-Marzo-2026.pdf
2026-03-05,018,SANTO DOMINGO ESTE,SANTO DOMINGO,INDOMET,EMCI,29.4,23.3,8.5,https://indomet.gob.do/wp-content/uploads/2026/03/Temperaturas-extremas-y-precipitaciones-05-de-Marzo-2026.pdf
2026-03-05,019,JARABACOA (EMA),LA VEGA,PROGRAMA MUNDIAL DE ALIMENTO,EMAP,26.6,16.7,8.2,https://indomet.gob.do/wp-content/uploads/2026/03/Temperaturas-extremas-y-precipitaciones-05-de-Marzo-2026.pdf
2026-03-05,020,RANCHO ARRIBA,SAN JOSÉ DE OCOA,CENTRO TECNOLÓGICO COMUNITARIO,EMCI,26.3,15.9,7.4,https://indomet.gob.do/wp-content/uploads/2026/03/Temperaturas-extremas-y-precipitaciones-05-de-Marzo-2026.pdf
2026-03-05,021,GASPAR HERNÁNDEZ,ESPAILLAT,PROPIEDAD DEL EMPLEADO,EMCI,,,6.8,https://indomet.gob.do/wp-content/uploads/2026/03/Temperaturas-extremas-y-precipitaciones-05-de-Marzo-2026.pdf
2026-03-05,022,SAMANÁ,SAMANÁ,COMANDANCIA DE PUERTO DE SAMANÁ,EMCI,29.8,17.5,6.8,https://indomet.gob.do/wp-content/uploads/2026/03/Temperaturas-extremas-y-precipitaciones-05-de-Marzo-2026.pdf
2026-03-05,023,VILLA ISABELA,PUERTO PLATA,MINISTERIO DE AGRICULTURA,EMCV,29.9,18.8,6.2,https://indomet.gob.do/wp-content/uploads/2026/03/Temperaturas-extremas-y-precipitaciones-05-de-Marzo-2026.pdf
2026-03-05,024,SAN FRANCISCO DE MACORÍS,DUARTE,San Francisco de Macorís (UASD),EMCI,28.6,19.9,5.5,https://indomet.gob.do/wp-content/uploads/2026/03/Temperaturas-extremas-y-precipitaciones-05-de-Marzo-2026.pdf
2026-03-05,025,PRESA DE TAVERAS (EMA),LA VEGA,PROGRAMA MUNDIAL DE ALIMENTO,EMAP,27.4,20.1,5.4,https://indomet.gob.do/wp-content/uploads/2026/03/Temperaturas-extremas-y-precipitaciones-05-de-Marzo-2026.pdf
2026-03-05,026,CONSTANZA,LA VEGA,MINISTERIO DE AGRICULTURA,EMCI,23.5,13.0,5.3,https://indomet.gob.do/wp-content/uploads/2026/03/Temperaturas-extremas-y-precipitaciones-05-de-Marzo-2026.pdf
2026-03-05,027,ARPT. ARROYO BARRIL,SAMANÁ,INDOMET,EMCI,29.5,21.5,5.2,https://indomet.gob.do/wp-content/uploads/2026/03/Temperaturas-extremas-y-precipitaciones-05-de-Marzo-2026.pdf
2026-03-05,028,CONSTANZA (EMA),LA VEGA,PROGRAMA MUNDIAL DE ALIMENTO,EMAP,22.8,14.4,4.4,https://indomet.gob.do/wp-content/uploads/2026/03/Temperaturas-extremas-y-precipitaciones-05-de-Marzo-2026.pdf
2026-03-05,029,SAN JOSÉ DE OCOA,SAN JOSÉ DE OCOA,HOSP. SAN JOSÉ DE OCOA,EMCI,29.7,18.8,4.4,https://indomet.gob.do/wp-content/uploads/2026/03/Temperaturas-extremas-y-precipitaciones-05-de-Marzo-2026.pdf
2026-03-05,030,SÁNCHEZ,SAMANÁ,MINISTERIO DE AGRICULTURA,EMCI,29.7,19.0,4.2,https://indomet.gob.do/wp-content/uploads/2026/03/Temperaturas-extremas-y-precipitaciones-05-de-Marzo-2026.pdf
2026-03-05,031,ANAMUYA (EMA),LA ALTAGRACIA,MINISTERIO DE AGRICULTURA,EMAP,28.7,22.0,4.0,https://indomet.gob.do/wp-content/uploads/2026/03/Temperaturas-extremas-y-precipitaciones-05-de-Marzo-2026.pdf
2026-03-05,032,RÍO SAN JUAN,MARÍA TRINIDAD SÁNCHEZ,HOSP. MPAL. DR. DESIDERIO ACOSTA,EMCV,29.5,20.8,4.0,https://indomet.gob.do/wp-content/uploads/2026/03/Temperaturas-extremas-y-precipitaciones-05-de-Marzo-2026.pdf
2026-03-05,033,CABRERA,MARÍA TRINIDAD SÁNCHEZ,ESCUELA ARÍSTIDES FIALLO CABRAL,EMCI,30.5,24.5,3.7,https://indomet.gob.do/wp-content/uploads/2026/03/Temperaturas-extremas-y-precipitaciones-05-de-Marzo-2026.pdf
2026-03-05,034,TAMBORIL,SANTIAGO,MINISTERIO DE AGRICULTURA,EMCV,,,3.6,https://indomet.gob.do/wp-content/uploads/2026/03/Temperaturas-extremas-y-precipitaciones-05-de-Marzo-2026.pdf
2026-03-05,035,PASO AL MEDIO,SAN PEDRO DE MACORÍS,INDRHI,EMCI,,,3.5,https://indomet.gob.do/wp-content/uploads/2026/03/Temperaturas-extremas-y-precipitaciones-05-de-Marzo-2026.pdf
2026-03-05,036,BUCARA (EMA),SANTIAGO,MINISTERIO DE AGRICULTURA,EMAI,,,3.2,https://indomet.gob.do/wp-content/uploads/2026/03/Temperaturas-extremas-y-precipitaciones-05-de-Marzo-2026.pdf
2026-03-05,037,BASE AÉREA DE SAN ISIDRO,SANTO DOMINGO,FUERZA AÉREA DOMINICANA,EMCV,29.5,22.1,3.0,https://indomet.gob.do/wp-content/uploads/2026/03/Temperaturas-extremas-y-precipitaciones-05-de-Marzo-2026.pdf
2026-03-05,038,PARQUE MIRADOR SUR,DISTRITO NACIONAL,AYUNTAMIENTO,EMCV,31.0,21.0,3.0,https://indomet.gob.do/wp-content/uploads/2026/03/Temperaturas-extremas-y-precipitaciones-05-de-Marzo-2026.pdf
2026-03-05,039,LOS JENGIBRES,NAGUA,INDRHI,EMCI,,,2.9,https://indomet.gob.do/wp-content/uploads/2026/03/Temperaturas-extremas-y-precipitaciones-05-de-Marzo-2026.pdf
2026-03-05,040,GURABO,SANTIAGO,MINISTERIO DE AGRICULTURA,EMCV,,,2.5,https://indomet.gob.do/wp-content/uploads/2026/03/Temperaturas-extremas-y-precipitaciones-05-de-Marzo-2026.pdf
2026-03-05,041,LUPERÓN,PUERTO PLATA,MINISTERIO DE AGRICULTURA,EMCV,,,2.4,https://indomet.gob.do/wp-content/uploads/2026/03/Temperaturas-extremas-y-precipitaciones-05-de-Marzo-2026.pdf
2026-03-05,042,TAVERA,SANTIAGO,INDRHI,EMCI,,,2.4,https://indomet.gob.do/wp-content/uploads/2026/03/Temperaturas-extremas-y-precipitaciones-05-de-Marzo-2026.pdf
2026-03-05,043,ARPT. GREGORIO LUPERÓN,PUERTO PLATA,INDOMET,EMCI,29.0,21.4,2.3,https://indomet.gob.do/wp-content/uploads/2026/03/Temperaturas-extremas-y-precipitaciones-05-de-Marzo-2026.pdf
2026-03-05,044,VILLA RIVA,DUARTE,HOSP. MPAL. ALICIA DE LEGENDRE,EMCI,29.5,19.5,2.0,https://indomet.gob.do/wp-content/uploads/2026/03/Temperaturas-extremas-y-precipitaciones-05-de-Marzo-2026.pdf
2026-03-05,045,MICHES (EMA),EL SEIBO,PRIVADA,EMAP,27.0,22.0,1.8,https://indomet.gob.do/wp-content/uploads/2026/03/Temperaturas-extremas-y-precipitaciones-05-de-Marzo-2026.pdf
2026-03-05,046,BAYAGUANA,MONTE PLATA,INDOMET,EMCI,31.0,20.2,1.7,https://indomet.gob.do/wp-content/uploads/2026/03/Temperaturas-extremas-y-precipitaciones-05-de-Marzo-2026.pdf
2026-03-05,047,SABANA DE LA MAR,HATO MAYOR,INDOMET,EMCI,29.6,21.0,1.6,https://indomet.gob.do/wp-content/uploads/2026/03/Temperaturas-extremas-y-precipitaciones-05-de-Marzo-2026.pdf
2026-03-05,048,JARDÍN BOTÁNICO SANTIAGO (EMSANTIAGO,,JARDIN BOTANICO SANTIAGO,EMAI,30.0,19.2,1.4,https://indomet.gob.do/wp-content/uploads/2026/03/Temperaturas-extremas-y-precipitaciones-05-de-Marzo-2026.pdf
2026-03-05,049,LOS LLANOS,SAN PEDRO DE MACORÍS,MINISTERIO DE AGRICULTURA,EMCI,30.7,20.0,1.4,https://indomet.gob.do/wp-content/uploads/2026/03/Temperaturas-extremas-y-precipitaciones-05-de-Marzo-2026.pdf
2026-03-05,050,EL FACTOR (EMA),MARÍA TRINIDAD SÁNCHEZ,INTEC,EMAP,29.2,21.5,1.3,https://indomet.gob.do/wp-content/uploads/2026/03/Temperaturas-extremas-y-precipitaciones-05-de-Marzo-2026.pdf
2026-03-05,051,ESCONDIDO,PERAVIA,MINISTERIO DE AGRICULTURA,EMCV,30.0,23.0,1.3,https://indomet.gob.do/wp-content/uploads/2026/03/Temperaturas-extremas-y-precipitaciones-05-de-Marzo-2026.pdf
2026-03-05,052,SAN RAFAEL DEL YUMA,LA ALTAGRACIA,MINISTERIO DE AGRICULTURA,EMCI,29.9,20.3,1.3,https://indomet.gob.do/wp-content/uploads/2026/03/Temperaturas-extremas-y-precipitaciones-05-de-Marzo-2026.pdf
2026-03-05,053,VILLA GONZALES,SANTIAGO,MINISTERIO DE AGRICULTURA,EMCI,,,1.3,https://indomet.gob.do/wp-content/uploads/2026/03/Temperaturas-extremas-y-precipitaciones-05-de-Marzo-2026.pdf
2026-03-05,054,BANI (EMA),PERAVIA,MINISTERIO DE AGRICULTURA,EMAP,,,1.2,https://indomet.gob.do/wp-content/uploads/2026/03/Temperaturas-extremas-y-precipitaciones-05-de-Marzo-2026.pdf
2026-03-05,055,HATO MAYOR,HATO MAYOR,MINISTERIO DE AGRICULTURA,EMCV,,,1.0,https://indomet.gob.do/wp-content/uploads/2026/03/Temperaturas-extremas-y-precipitaciones-05-de-Marzo-2026.pdf
2026-03-05,056,ARPT. DE PUNTA CANA,LA ALTAGRACIA,INDOMET,EMCI,29.6,23.4,0.8,https://indomet.gob.do/wp-content/uploads/2026/03/Temperaturas-extremas-y-precipitaciones-05-de-Marzo-2026.pdf
2026-03-05,057,NAVARRETE,SANTIAGO,MINISTERIO DE AGRICULTURA,EMCV,,,0.8,https://indomet.gob.do/wp-content/uploads/2026/03/Temperaturas-extremas-y-precipitaciones-05-de-Marzo-2026.pdf
2026-03-05,058,PALO ÍNDIO,PUERTO PLATA,MINISTERIO DE AGRICULTURA,EMCI,,,0.8,https://indomet.gob.do/wp-content/uploads/2026/03/Temperaturas-extremas-y-precipitaciones-05-de-Marzo-2026.pdf
2026-03-05,059,ARPT. DE LA ROMANA,LA ROMANA,INDOMET,EMCI,30.0,21.8,0.4,https://indomet.gob.do/wp-content/uploads/2026/03/Temperaturas-extremas-y-precipitaciones-05-de-Marzo-2026.pdf
2026-03-05,060,ARPT. EL CATEY,SAMANÁ,INDOMET,EMCI,29.5,20.0,0.4,https://indomet.gob.do/wp-content/uploads/2026/03/Temperaturas-extremas-y-precipitaciones-05-de-Marzo-2026.pdf
2026-03-05,061,MONCIÓN (EMA),SANTIAGO RODRÍGUEZ,PROGRAMA MUNDIAL DE ALIMENTO,EMAP,29.9,21.9,0.4,https://indomet.gob.do/wp-content/uploads/2026/03/Temperaturas-extremas-y-precipitaciones-05-de-Marzo-2026.pdf
2026-03-05,062,SABANA GRANDE DE BOYÁ,MONTE PLATA,MINISTERIO DE AGRICULTURA,EMCV,,,0.3,https://indomet.gob.do/wp-content/uploads/2026/03/Temperaturas-extremas-y-precipitaciones-05-de-Marzo-2026.pdf
2026-03-05,063,ARROYO LORO,SAN JUAN,IDIAF,EMCI,32.7,14.4,0.1,https://indomet.gob.do/wp-content/uploads/2026/03/Temperaturas-extremas-y-precipitaciones-05-de-Marzo-2026.pdf
2026-03-05,064,CABRAL,BARAHONA,MINISTERIO DE AGRICULTURA,EMCV,32.2,20.3,0.1,https://indomet.gob.do/wp-content/uploads/2026/03/Temperaturas-extremas-y-precipitaciones-05-de-Marzo-2026.pdf
2026-03-05,065,PERALTA,AZUA,HOSP. MPAL. DE PERALTA,EMCI,33.7,14.5,0.1,https://indomet.gob.do/wp-content/uploads/2026/03/Temperaturas-extremas-y-precipitaciones-05-de-Marzo-2026.pdf
2026-03-05,066,ARPT. MARÍA MONTEZ,BARAHONA,INDOMET,EMCI,31.6,22.2,0.0,https://indomet.gob.do/wp-content/uploads/2026/03/Temperaturas-extremas-y-precipitaciones-05-de-Marzo-2026.pdf
2026-03-05,067,BOCA DE MAO (EMA),VALVERDE,MINISTERIO DE AGRICULTURA,EMAP,32.8,21.2,0.0,https://indomet.gob.do/wp-content/uploads/2026/03/Temperaturas-extremas-y-precipitaciones-05-de-Marzo-2026.pdf
2026-03-05,068,DAJABÓN,DAJABÓN,INSTITUTO POLITÉCNICO LOYOLA,EMCI,34.3,21.2,0.0,https://indomet.gob.do/wp-content/uploads/2026/03/Temperaturas-extremas-y-precipitaciones-05-de-Marzo-2026.pdf
2026-03-05,069,ELÍAS PIÑA,ELÍAS PIÑA,MINISTERIO DE AGRICULTURA,EMCV,,,0.0,https://indomet.gob.do/wp-content/uploads/2026/03/Temperaturas-extremas-y-precipitaciones-05-de-Marzo-2026.pdf
2026-03-05,070,ENRIQUILLO,BARAHONA,MINISTERIO DE AGRICULTURA,EMCV,31.3,22.5,0.0,https://indomet.gob.do/wp-content/uploads/2026/03/Temperaturas-extremas-y-precipitaciones-05-de-Marzo-2026.pdf
2026-03-05,071,HONDO VALLE,ELÍAS PIÑA,MINISTERIO DE AGRICULTURA,EMCI,23.2,14.1,0.0,https://indomet.gob.do/wp-content/uploads/2026/03/Temperaturas-extremas-y-precipitaciones-05-de-Marzo-2026.pdf
2026-03-05,072,JIMANÍ,INDEPENDENCIA,MINISTERIO DE AGRICULTURA,EMCI,35.2,23.0,0.0,https://indomet.gob.do/wp-content/uploads/2026/03/Temperaturas-extremas-y-precipitaciones-05-de-Marzo-2026.pdf
2026-03-05,073,LAS CANAS (EMA),MONTE CRISTI,PROGRAMA MUNDIAL DE ALIMENTO,EMAP,28.8,21.4,0.0,https://indomet.gob.do/wp-content/uploads/2026/03/Temperaturas-extremas-y-precipitaciones-05-de-Marzo-2026.pdf
2026-03-05,074,LAS MATAS DE SANTA CRUZ (EMA,MONTE CRISTI,PROGRAMA MUNDIAL DE ALIMENTO,EMAP,,,0.0,https://indomet.gob.do/wp-content/uploads/2026/03/Temperaturas-extremas-y-precipitaciones-05-de-Marzo-2026.pdf
2026-03-05,075,MAO,VALVERDE,INDRHI / MINISTERIO DE AGRICULTURA,EMCV,,,0.0,https://indomet.gob.do/wp-content/uploads/2026/03/Temperaturas-extremas-y-precipitaciones-05-de-Marzo-2026.pdf
2026-03-05,076,MONTE CRISTI,MONTE CRISTI,INDOMET,EMCI,31.3,22.1,0.0,https://indomet.gob.do/wp-content/uploads/2026/03/Temperaturas-extremas-y-precipitaciones-05-de-Marzo-2026.pdf
2026-03-05,077,OLIVARES,PEDERNALES,INDRHI,EMCI,,,0.0,https://indomet.gob.do/wp-content/uploads/2026/03/Temperaturas-extremas-y-precipitaciones-05-de-Marzo-2026.pdf
2026-03-05,078,OVIEDO,PEDERNALES,CLÍNICA RURAL OVIEDO,EMCI,31.2,24.5,0.0,https://indomet.gob.do/wp-content/uploads/2026/03/Temperaturas-extremas-y-precipitaciones-05-de-Marzo-2026.pdf
2026-03-05,079,PEDERNALES,PEDERNALES,INDRHI,EMCI,,,0.0,https://indomet.gob.do/wp-content/uploads/2026/03/Temperaturas-extremas-y-precipitaciones-05-de-Marzo-2026.pdf
2026-03-05,080,PESCADERIA (EMA),BARAHONA,MINISTERIO DE AGRICULTURA,EMAP,,,0.0,https://indomet.gob.do/wp-content/uploads/2026/03/Temperaturas-extremas-y-precipitaciones-05-de-Marzo-2026.pdf
2026-03-05,081,POLO,BARAHONA,INDOCAFE,EMCI,,16.0,0.0,https://indomet.gob.do/wp-content/uploads/2026/03/Temperaturas-extremas-y-precipitaciones-05-de-Marzo-2026.pdf
2026-03-05,082,RESTAURACIÓN,DAJABÓN,MINISTERIO DE AGRICULTURA,EMCI,29.1,15.3,0.0,https://indomet.gob.do/wp-content/uploads/2026/03/Temperaturas-extremas-y-precipitaciones-05-de-Marzo-2026.pdf
2026-03-05,083,SABANETA (EMA),SANTIAGO RODRÍGUEZ,PROGRAMA MUNDIAL DE ALIMENTO,EMAP,32.6,22.8,0.0,https://indomet.gob.do/wp-content/uploads/2026/03/Temperaturas-extremas-y-precipitaciones-05-de-Marzo-2026.pdf
2026-03-05,084,SANTIAGO RODRÍGUEZ,SANTIAGO RODRÍGUEZ,INDOMET,EMCI,32.6,23.0,0.0,https://indomet.gob.do/wp-content/uploads/2026/03/Temperaturas-extremas-y-precipitaciones-05-de-Marzo-2026.pdf
2026-03-05,085,TÁBARA ABAJO,AZUA,INDRHI,EMCI,33.5,19.5,0.0,https://indomet.gob.do/wp-content/uploads/2026/03/Temperaturas-extremas-y-precipitaciones-05-de-Marzo-2026.pdf
2026-03-05,086,VILLA VASQUEZ (EMA),MONTE CRISTI,JUNTA DE REGANTES,EMAI,,,0.0,https://indomet.gob.do/wp-content/uploads/2026/03/Temperaturas-extremas-y-precipitaciones-05-de-Marzo-2026.pdf
2026-03-06,001,ARPT. GREGORIO LUPERÓN,PUERTO PLATA,INDOMET,EMCI,29.0,20.5,67.3,https://indomet.gob.do/wp-content/uploads/2026/03/temperaturas-extremas-y-precipitaciones-2026x03x06-a.pdf
2026-03-06,002,SAN CRISTÓBAL,SAN CRISTÓBAL,INSTITUTO POLITÉCNICO LOYOLA,EMCI,28.2,19.2,52.5,https://indomet.gob.do/wp-content/uploads/2026/03/temperaturas-extremas-y-precipitaciones-2026x03x06-a.pdf
2026-03-06,003,PALO ÍNDIO,PUERTO PLATA,MINISTERIO DE AGRICULTURA,EMCI,,,49.8,https://indomet.gob.do/wp-content/uploads/2026/03/temperaturas-extremas-y-precipitaciones-2026x03x06-a.pdf
2026-03-06,004,LUPERÓN,PUERTO PLATA,MINISTERIO DE AGRICULTURA,EMCV,,,36.8,https://indomet.gob.do/wp-content/uploads/2026/03/temperaturas-extremas-y-precipitaciones-2026x03x06-a.pdf
2026-03-06,005,JUMA BEJUCAL,MONSEÑOR NOUEL,IDIAF,EMCV,28.2,19.6,28.6,https://indomet.gob.do/wp-content/uploads/2026/03/temperaturas-extremas-y-precipitaciones-2026x03x06-a.pdf
2026-03-06,006,PROLONGACION 27 DE FEBRERO,DISTRITO NACIONAL,PRIVADA,EMAP,,,25.4,https://indomet.gob.do/wp-content/uploads/2026/03/temperaturas-extremas-y-precipitaciones-2026x03x06-a.pdf
2026-03-06,007,EL FACTOR (EMA),MARÍA TRINIDAD SÁNCHEZ,INTEC,EMAP,30.4,21.7,24.9,https://indomet.gob.do/wp-content/uploads/2026/03/temperaturas-extremas-y-precipitaciones-2026x03x06-a.pdf
2026-03-06,008,ARPT. DEL CIBAO,SANTIAGO,INDOMET,EMCI,28.3,19.3,24.4,https://indomet.gob.do/wp-content/uploads/2026/03/temperaturas-extremas-y-precipitaciones-2026x03x06-a.pdf
2026-03-06,009,LOS CACICAZGOS (EMA),DISTRITO NACIONAL,PRIVADA,EMAP,,,22.3,https://indomet.gob.do/wp-content/uploads/2026/03/temperaturas-extremas-y-precipitaciones-2026x03x06-a.pdf
2026-03-06,010,LA VEGA,LA VEGA,IATESA,EMCI,29.8,20.0,22.2,https://indomet.gob.do/wp-content/uploads/2026/03/temperaturas-extremas-y-precipitaciones-2026x03x06-a.pdf
2026-03-06,011,RÍO SAN JUAN,MARÍA TRINIDAD SÁNCHEZ,HOSP. MPAL. DR. DESIDERIO ACOSTA,EMCV,30.7,22.0,21.6,https://indomet.gob.do/wp-content/uploads/2026/03/temperaturas-extremas-y-precipitaciones-2026x03x06-a.pdf
2026-03-06,012,LAS COLINAS (EMA),SANTIAGO,PRIVADA,EMAP,,,20.8,https://indomet.gob.do/wp-content/uploads/2026/03/temperaturas-extremas-y-precipitaciones-2026x03x06-a.pdf
2026-03-06,013,GASPAR HERNÁNDEZ,ESPAILLAT,PROPIEDAD DEL EMPLEADO,EMCI,,,20.4,https://indomet.gob.do/wp-content/uploads/2026/03/temperaturas-extremas-y-precipitaciones-2026x03x06-a.pdf
2026-03-06,014,ARPT. LA ISABELA,SANTO DOMINGO,INDOMET,EMCI,29.0,21.0,20.2,https://indomet.gob.do/wp-content/uploads/2026/03/temperaturas-extremas-y-precipitaciones-2026x03x06-a.pdf
2026-03-06,015,VILLA ISABELA,PUERTO PLATA,MINISTERIO DE AGRICULTURA,EMCV,29.0,18.5,20.1,https://indomet.gob.do/wp-content/uploads/2026/03/temperaturas-extremas-y-precipitaciones-2026x03x06-a.pdf
2026-03-06,016,BONAO,MONSEÑOR NOUEL,MINISTERIO DE AGRICULTURA,EMCV,,,19.8,https://indomet.gob.do/wp-content/uploads/2026/03/temperaturas-extremas-y-precipitaciones-2026x03x06-a.pdf
2026-03-06,017,CENTRO DE LOS HEROES (EMA),DISTRITO NACIONAL,MINISTERIO DE ENERGIA Y MINA,EMAP,30.2,23.3,17.8,https://indomet.gob.do/wp-content/uploads/2026/03/temperaturas-extremas-y-precipitaciones-2026x03x06-a.pdf
2026-03-06,018,BUCARA (EMA),SANTIAGO,MINISTERIO DE AGRICULTURA,EMAI,,,16.6,https://indomet.gob.do/wp-content/uploads/2026/03/temperaturas-extremas-y-precipitaciones-2026x03x06-a.pdf
2026-03-06,019,BELLA VISTA (EMA),DISTRITO NACIONAL,PRIVADA,EMAP,,,16.5,https://indomet.gob.do/wp-content/uploads/2026/03/temperaturas-extremas-y-precipitaciones-2026x03x06-a.pdf
2026-03-06,020,VILLA RIVA,DUARTE,HOSP. MPAL. ALICIA DE LEGENDRE,EMCI,28.9,19.0,14.9,https://indomet.gob.do/wp-content/uploads/2026/03/temperaturas-extremas-y-precipitaciones-2026x03x06-a.pdf
2026-03-06,021,EL MILLON (EMA),DISTRITO NACIONAL,PRIVADA,EMAP,,,13.7,https://indomet.gob.do/wp-content/uploads/2026/03/temperaturas-extremas-y-precipitaciones-2026x03x06-a.pdf
2026-03-06,022,SAMANÁ,SAMANÁ,COMANDANCIA DE PUERTO DE SAMANÁ,EMCI,30.2,18.0,12.2,https://indomet.gob.do/wp-content/uploads/2026/03/temperaturas-extremas-y-precipitaciones-2026x03x06-a.pdf
2026-03-06,023,SABANA DE LA MAR,HATO MAYOR,INDOMET,EMCI,29.4,21.2,10.9,https://indomet.gob.do/wp-content/uploads/2026/03/temperaturas-extremas-y-precipitaciones-2026x03x06-a.pdf
2026-03-06,024,SALCEDO,HERMANAS MIRABAL,PROPIEDAD DEL EMPLEADO,EMCI,,,10.8,https://indomet.gob.do/wp-content/uploads/2026/03/temperaturas-extremas-y-precipitaciones-2026x03x06-a.pdf
2026-03-06,025,SANTO DOMINGO ESTE,SANTO DOMINGO,INDOMET,EMCI,30.0,20.5,8.5,https://indomet.gob.do/wp-content/uploads/2026/03/temperaturas-extremas-y-precipitaciones-2026x03x06-a.pdf
2026-03-06,026,BAYAGUANA,MONTE PLATA,INDOMET,EMCI,30.0,19.0,7.6,https://indomet.gob.do/wp-content/uploads/2026/03/temperaturas-extremas-y-precipitaciones-2026x03x06-a.pdf
2026-03-06,027,ENSANCHE LA FE (EMA),DISTRITO NACIONAL,PRIVADA,EMAP,,,7.1,https://indomet.gob.do/wp-content/uploads/2026/03/temperaturas-extremas-y-precipitaciones-2026x03x06-a.pdf
2026-03-06,028,LA AGUSTINA (EMA),DISTRITO NACIONAL,PRIVADA,EMAP,,,7.1,https://indomet.gob.do/wp-content/uploads/2026/03/temperaturas-extremas-y-precipitaciones-2026x03x06-a.pdf
2026-03-06,029,ANAMUYA (EMA),LA ALTAGRACIA,MINISTERIO DE AGRICULTURA,EMAP,29.3,22.3,7.0,https://indomet.gob.do/wp-content/uploads/2026/03/temperaturas-extremas-y-precipitaciones-2026x03x06-a.pdf
2026-03-06,030,GURABO,SANTIAGO,MINISTERIO DE AGRICULTURA,EMCV,,,6.9,https://indomet.gob.do/wp-content/uploads/2026/03/temperaturas-extremas-y-precipitaciones-2026x03x06-a.pdf
2026-03-06,031,POLO,BARAHONA,INDOCAFE,EMCI,,12.2,6.4,https://indomet.gob.do/wp-content/uploads/2026/03/temperaturas-extremas-y-precipitaciones-2026x03x06-a.pdf
2026-03-06,032,VILLA ALTAGRACIA,SAN CRISTÓBAL,ESCUELA JAVIER ANGULO GURIDI,EMCI,,,6.3,https://indomet.gob.do/wp-content/uploads/2026/03/temperaturas-extremas-y-precipitaciones-2026x03x06-a.pdf
2026-03-06,033,CABRERA,MARÍA TRINIDAD SÁNCHEZ,ESCUELA ARÍSTIDES FIALLO CABRAL,EMCI,31.8,24.5,6.2,https://indomet.gob.do/wp-content/uploads/2026/03/temperaturas-extremas-y-precipitaciones-2026x03x06-a.pdf
2026-03-06,034,MICHES (EMA),EL SEIBO,PRIVADA,EMAP,29.6,22.3,6.2,https://indomet.gob.do/wp-content/uploads/2026/03/temperaturas-extremas-y-precipitaciones-2026x03x06-a.pdf
2026-03-06,035,ALTAMIRA,PUERTO PLATA,HOSP. MPAL. DE ALTAMIRA,EMCI,29.9,19.0,6.1,https://indomet.gob.do/wp-content/uploads/2026/03/temperaturas-extremas-y-precipitaciones-2026x03x06-a.pdf
2026-03-06,036,LA VICTORIA,SANTO DOMINGO,CUERPO DE BOMBEROS,EMCI,31.0,20.5,5.6,https://indomet.gob.do/wp-content/uploads/2026/03/temperaturas-extremas-y-precipitaciones-2026x03x06-a.pdf
2026-03-06,037,JARDÍN BOTÁNICO SANTIAGO (EMSANTIAGO,,JARDIN BOTANICO SANTIAGO,EMAI,,,5.6,https://indomet.gob.do/wp-content/uploads/2026/03/temperaturas-extremas-y-precipitaciones-2026x03x06-a.pdf
2026-03-06,038,VILLA GONZALES,SANTIAGO,MINISTERIO DE AGRICULTURA,EMCI,,,5.3,https://indomet.gob.do/wp-content/uploads/2026/03/temperaturas-extremas-y-precipitaciones-2026x03x06-a.pdf
2026-03-06,039,JARABACOA (EMA),LA VEGA,PROGRAMA MUNDIAL DE ALIMENTO,EMAP,26.2,16.6,5.0,https://indomet.gob.do/wp-content/uploads/2026/03/temperaturas-extremas-y-precipitaciones-2026x03x06-a.pdf
2026-03-06,040,ARPT. EL CATEY,SAMANÁ,INDOMET,EMCI,29.9,19.6,4.9,https://indomet.gob.do/wp-content/uploads/2026/03/temperaturas-extremas-y-precipitaciones-2026x03x06-a.pdf
2026-03-06,041,PADRE LAS CASAS,AZUA,HOSP. NTRA. SRA. DEL CARMEN,EMCI,29.7,14.0,4.8,https://indomet.gob.do/wp-content/uploads/2026/03/temperaturas-extremas-y-precipitaciones-2026x03x06-a.pdf
2026-03-06,042,SÁNCHEZ,SAMANÁ,MINISTERIO DE AGRICULTURA,EMCI,29.6,19.7,4.6,https://indomet.gob.do/wp-content/uploads/2026/03/temperaturas-extremas-y-precipitaciones-2026x03x06-a.pdf
2026-03-06,043,JARABACOA,LA VEGA,INDRHI / MARENA,EMCI,27.4,14.2,4.5,https://indomet.gob.do/wp-content/uploads/2026/03/temperaturas-extremas-y-precipitaciones-2026x03x06-a.pdf
2026-03-06,044,LOS PRADOS (EMA),DISTRITO NACIONAL,PRIVADA,EMAP,,,4.3,https://indomet.gob.do/wp-content/uploads/2026/03/temperaturas-extremas-y-precipitaciones-2026x03x06-a.pdf
2026-03-06,045,PRESA DE TAVERAS (EMA),LA VEGA,PROGRAMA MUNDIAL DE ALIMENTO,EMAP,27.6,19.0,3.8,https://indomet.gob.do/wp-content/uploads/2026/03/temperaturas-extremas-y-precipitaciones-2026x03x06-a.pdf
2026-03-06,046,LOS JARDINES (EMA),DISTRITO NACIONAL,PRIVADA,EMAP,,,3.8,https://indomet.gob.do/wp-content/uploads/2026/03/temperaturas-extremas-y-precipitaciones-2026x03x06-a.pdf
2026-03-06,047,VILLA VASQUEZ (EMA),MONTE CRISTI,JUNTA DE REGANTES,EMAI,,,3.6,https://indomet.gob.do/wp-content/uploads/2026/03/temperaturas-extremas-y-precipitaciones-2026x03x06-a.pdf
2026-03-06,048,ARPT. ARROYO BARRIL,SAMANÁ,INDOMET,EMCI,29.0,22.2,3.2,https://indomet.gob.do/wp-content/uploads/2026/03/temperaturas-extremas-y-precipitaciones-2026x03x06-a.pdf
2026-03-06,049,RANCHO ARRIBA,SAN JOSÉ DE OCOA,CENTRO TECNOLÓGICO COMUNITARIO,EMCI,26.6,15.2,3.0,https://indomet.gob.do/wp-content/uploads/2026/03/temperaturas-extremas-y-precipitaciones-2026x03x06-a.pdf
2026-03-06,050,ARPT. DE PUNTA CANA,LA ALTAGRACIA,INDOMET,EMCI,29.4,22.5,2.6,https://indomet.gob.do/wp-content/uploads/2026/03/temperaturas-extremas-y-precipitaciones-2026x03x06-a.pdf
2026-03-06,051,TAMBORIL,SANTIAGO,MINISTERIO DE AGRICULTURA,EMCV,,,2.5,https://indomet.gob.do/wp-content/uploads/2026/03/temperaturas-extremas-y-precipitaciones-2026x03x06-a.pdf
2026-03-06,052,ARPT. DE LAS AMÉRICAS,SANTO DOMINGO,INDOMET,EMCI,29.5,20.2,2.5,https://indomet.gob.do/wp-content/uploads/2026/03/temperaturas-extremas-y-precipitaciones-2026x03x06-a.pdf
2026-03-06,053,ALTO BANDERA (EMA),LA VEGA,INTEC,EMAP,10.2,4.1,2.3,https://indomet.gob.do/wp-content/uploads/2026/03/temperaturas-extremas-y-precipitaciones-2026x03x06-a.pdf
2026-03-06,054,ARPT. DE LA ROMANA,LA ROMANA,INDOMET,EMCI,30.0,21.3,2.3,https://indomet.gob.do/wp-content/uploads/2026/03/temperaturas-extremas-y-precipitaciones-2026x03x06-a.pdf
2026-03-06,055,HONDO VALLE,ELÍAS PIÑA,MINISTERIO DE AGRICULTURA,EMCI,24.9,14.7,2.3,https://indomet.gob.do/wp-content/uploads/2026/03/temperaturas-extremas-y-precipitaciones-2026x03x06-a.pdf
2026-03-06,056,NAVARRETE,SANTIAGO,MINISTERIO DE AGRICULTURA,EMCV,,,2.3,https://indomet.gob.do/wp-content/uploads/2026/03/temperaturas-extremas-y-precipitaciones-2026x03x06-a.pdf
2026-03-06,057,LOS LLANOS,SAN PEDRO DE MACORÍS,MINISTERIO DE AGRICULTURA,EMCI,29.8,19.7,1.9,https://indomet.gob.do/wp-content/uploads/2026/03/temperaturas-extremas-y-precipitaciones-2026x03x06-a.pdf
2026-03-06,058,CONSTANZA,LA VEGA,MINISTERIO DE AGRICULTURA,EMCI,23.0,11.5,1.6,https://indomet.gob.do/wp-content/uploads/2026/03/temperaturas-extremas-y-precipitaciones-2026x03x06-a.pdf
2026-03-06,059,CONSTANZA (EMA),LA VEGA,PROGRAMA MUNDIAL DE ALIMENTO,EMAP,21.9,13.0,1.6,https://indomet.gob.do/wp-content/uploads/2026/03/temperaturas-extremas-y-precipitaciones-2026x03x06-a.pdf
2026-03-06,060,BANI (EMA),PERAVIA,MINISTERIO DE AGRICULTURA,EMAP,30.5,23.5,1.2,https://indomet.gob.do/wp-content/uploads/2026/03/temperaturas-extremas-y-precipitaciones-2026x03x06-a.pdf
2026-03-06,061,ENSANCHE PARAÍSO (EMA),DISTRITO NACIONAL,PRIVADA,EMAP,,,1.2,https://indomet.gob.do/wp-content/uploads/2026/03/temperaturas-extremas-y-precipitaciones-2026x03x06-a.pdf
2026-03-06,062,VALLE NUEVO (EMA),LA VEGA,MARENA,EMAI,13.8,6.6,1.0,https://indomet.gob.do/wp-content/uploads/2026/03/temperaturas-extremas-y-precipitaciones-2026x03x06-a.pdf
2026-03-06,063,HATO MAYOR,HATO MAYOR,MINISTERIO DE AGRICULTURA,EMCV,,,0.9,https://indomet.gob.do/wp-content/uploads/2026/03/temperaturas-extremas-y-precipitaciones-2026x03x06-a.pdf
2026-03-06,064,MONTE CRISTI,MONTE CRISTI,INDOMET,EMCI,32.0,21.5,0.9,https://indomet.gob.do/wp-content/uploads/2026/03/temperaturas-extremas-y-precipitaciones-2026x03x06-a.pdf
2026-03-06,065,PONTÓN ABAJO (EMA),LA VEGA,MINISTERIO DE AGRICULTURA,EMAP,28.7,21.1,0.4,https://indomet.gob.do/wp-content/uploads/2026/03/temperaturas-extremas-y-precipitaciones-2026x03x06-a.pdf
2026-03-06,066,SAN JOSÉ DE OCOA,SAN JOSÉ DE OCOA,HOSP. SAN JOSÉ DE OCOA,EMCI,27.7,19.2,0.4,https://indomet.gob.do/wp-content/uploads/2026/03/temperaturas-extremas-y-precipitaciones-2026x03x06-a.pdf
2026-03-06,067,LAS MATAS DE SANTA CRUZ (EMA,MONTE CRISTI,PROGRAMA MUNDIAL DE ALIMENTO,EMAP,,,0.3,https://indomet.gob.do/wp-content/uploads/2026/03/temperaturas-extremas-y-precipitaciones-2026x03x06-a.pdf
2026-03-06,068,SABANA GRANDE DE BOYÁ,MONTE PLATA,MINISTERIO DE AGRICULTURA,EMCV,,,0.1,https://indomet.gob.do/wp-content/uploads/2026/03/temperaturas-extremas-y-precipitaciones-2026x03x06-a.pdf
2026-03-06,069,SAN RAFAEL DEL YUMA,LA ALTAGRACIA,MINISTERIO DE AGRICULTURA,EMCI,30.9,21.0,0.1,https://indomet.gob.do/wp-content/uploads/2026/03/temperaturas-extremas-y-precipitaciones-2026x03x06-a.pdf
2026-03-06,070,ARPT. MARÍA MONTEZ,BARAHONA,INDOMET,EMCI,32.0,20.0,0.0,https://indomet.gob.do/wp-content/uploads/2026/03/temperaturas-extremas-y-precipitaciones-2026x03x06-a.pdf
2026-03-06,071,ARROYO LORO,SAN JUAN,IDIAF,EMCI,31.6,12.7,0.0,https://indomet.gob.do/wp-content/uploads/2026/03/temperaturas-extremas-y-precipitaciones-2026x03x06-a.pdf
2026-03-06,072,BOCA DE MAO (EMA),VALVERDE,MINISTERIO DE AGRICULTURA,EMAP,32.9,21.7,0.0,https://indomet.gob.do/wp-content/uploads/2026/03/temperaturas-extremas-y-precipitaciones-2026x03x06-a.pdf
2026-03-06,073,CABRAL,BARAHONA,MINISTERIO DE AGRICULTURA,EMCV,32.2,19.2,0.0,https://indomet.gob.do/wp-content/uploads/2026/03/temperaturas-extremas-y-precipitaciones-2026x03x06-a.pdf
2026-03-06,074,DAJABÓN,DAJABÓN,INSTITUTO POLITÉCNICO LOYOLA,EMCI,33.6,20.0,0.0,https://indomet.gob.do/wp-content/uploads/2026/03/temperaturas-extremas-y-precipitaciones-2026x03x06-a.pdf
2026-03-06,075,ELÍAS PIÑA,ELÍAS PIÑA,MINISTERIO DE AGRICULTURA,EMCV,,,0.0,https://indomet.gob.do/wp-content/uploads/2026/03/temperaturas-extremas-y-precipitaciones-2026x03x06-a.pdf
2026-03-06,076,ENRIQUILLO,BARAHONA,MINISTERIO DE AGRICULTURA,EMCV,30.8,22.0,0.0,https://indomet.gob.do/wp-content/uploads/2026/03/temperaturas-extremas-y-precipitaciones-2026x03x06-a.pdf
2026-03-06,077,JIMANÍ,INDEPENDENCIA,MINISTERIO DE AGRICULTURA,EMCI,34.0,22.5,0.0,https://indomet.gob.do/wp-content/uploads/2026/03/temperaturas-extremas-y-precipitaciones-2026x03x06-a.pdf
2026-03-06,078,LOS TRES CHARCOS (EMA),PEDERNALES,PROPIEDAD DEL VOLUNTARIO,EMAP,,,0.0,https://indomet.gob.do/wp-content/uploads/2026/03/temperaturas-extremas-y-precipitaciones-2026x03x06-a.pdf
2026-03-06,079,MAO,VALVERDE,INDRHI / MINISTERIO DE AGRICULTURA,EMCV,,,0.0,https://indomet.gob.do/wp-content/uploads/2026/03/temperaturas-extremas-y-precipitaciones-2026x03x06-a.pdf
2026-03-06,080,OLIVARES,PEDERNALES,INDRHI,EMCI,,,0.0,https://indomet.gob.do/wp-content/uploads/2026/03/temperaturas-extremas-y-precipitaciones-2026x03x06-a.pdf
2026-03-06,081,OVIEDO,PEDERNALES,CLÍNICA RURAL OVIEDO,EMCI,31.5,23.5,0.0,https://indomet.gob.do/wp-content/uploads/2026/03/temperaturas-extremas-y-precipitaciones-2026x03x06-a.pdf
2026-03-06,082,PEDERNALES,PEDERNALES,INDRHI,EMCI,,,0.0,https://indomet.gob.do/wp-content/uploads/2026/03/temperaturas-extremas-y-precipitaciones-2026x03x06-a.pdf
2026-03-06,083,PERALTA,AZUA,HOSP. MPAL. DE PERALTA,EMCI,31.0,19.2,0.0,https://indomet.gob.do/wp-content/uploads/2026/03/temperaturas-extremas-y-precipitaciones-2026x03x06-a.pdf
2026-03-06,084,RESTAURACIÓN,DAJABÓN,MINISTERIO DE AGRICULTURA,EMCI,28.5,15.0,0.0,https://indomet.gob.do/wp-content/uploads/2026/03/temperaturas-extremas-y-precipitaciones-2026x03x06-a.pdf
2026-03-06,085,SABANETA (EMA),SANTIAGO RODRÍGUEZ,PROGRAMA MUNDIAL DE ALIMENTO,EMAP,32.5,19.9,0.0,https://indomet.gob.do/wp-content/uploads/2026/03/temperaturas-extremas-y-precipitaciones-2026x03x06-a.pdf
2026-03-06,086,SANTIAGO RODRÍGUEZ,SANTIAGO RODRÍGUEZ,INDOMET,EMCI,32.5,20.0,0.0,https://indomet.gob.do/wp-content/uploads/2026/03/temperaturas-extremas-y-precipitaciones-2026x03x06-a.pdf
2026-03-06,087,TÁBARA ABAJO,AZUA,INDRHI,EMCI,30.8,19.0,0.0,https://indomet.gob.do/wp-content/uploads/2026/03/temperaturas-extremas-y-precipitaciones-2026x03x06-a.pdf
2026-03-07,001,ANAMUYA (EMA),LA ALTAGRACIA,MINISTERIO DE AGRICULTURA,EMAP,27.1,20.6,48.0,https://indomet.gob.do/wp-content/uploads/2026/03/Temperaturas-extremas-y-precipitaciones-07-de-Marzo-2026.pdf
2026-03-07,002,ARPT. DE LA ROMANA,LA ROMANA,INDOMET,EMCI,29.5,21.2,40.2,https://indomet.gob.do/wp-content/uploads/2026/03/Temperaturas-extremas-y-precipitaciones-07-de-Marzo-2026.pdf
2026-03-07,003,CENTRO DE LOS HEROES (EMA),DISTRITO NACIONAL,MINISTERIO DE ENERGIA Y MINA,EMAP,28.9,21.4,39.6,https://indomet.gob.do/wp-content/uploads/2026/03/Temperaturas-extremas-y-precipitaciones-07-de-Marzo-2026.pdf
2026-03-07,004,EL FACTOR (EMA),MARÍA TRINIDAD SÁNCHEZ,INTEC,EMAP,29.6,21.7,38.6,https://indomet.gob.do/wp-content/uploads/2026/03/Temperaturas-extremas-y-precipitaciones-07-de-Marzo-2026.pdf
2026-03-07,005,ARPT. DEL CIBAO,SANTIAGO,INDOMET,EMCI,28.8,20.6,37.7,https://indomet.gob.do/wp-content/uploads/2026/03/Temperaturas-extremas-y-precipitaciones-07-de-Marzo-2026.pdf
2026-03-07,006,VILLA ALTAGRACIA,SAN CRISTÓBAL,ESCUELA JAVIER ANGULO GURIDI,EMCI,,,37.4,https://indomet.gob.do/wp-content/uploads/2026/03/Temperaturas-extremas-y-precipitaciones-07-de-Marzo-2026.pdf
2026-03-07,007,SAN CRISTÓBAL,SAN CRISTÓBAL,INSTITUTO POLITÉCNICO LOYOLA,EMCI,29.0,19.0,35.5,https://indomet.gob.do/wp-content/uploads/2026/03/Temperaturas-extremas-y-precipitaciones-07-de-Marzo-2026.pdf
2026-03-07,008,SABANA DE LA MAR,HATO MAYOR,INDOMET,EMCI,29.8,20.2,35.4,https://indomet.gob.do/wp-content/uploads/2026/03/Temperaturas-extremas-y-precipitaciones-07-de-Marzo-2026.pdf
2026-03-07,009,LA VEGA,LA VEGA,IATESA,EMCI,29.0,20.5,33.4,https://indomet.gob.do/wp-content/uploads/2026/03/Temperaturas-extremas-y-precipitaciones-07-de-Marzo-2026.pdf
2026-03-07,010,PALO ÍNDIO,PUERTO PLATA,MINISTERIO DE AGRICULTURA,EMCI,,,32.5,https://indomet.gob.do/wp-content/uploads/2026/03/Temperaturas-extremas-y-precipitaciones-07-de-Marzo-2026.pdf
2026-03-07,011,JUMA BEJUCAL,MONSEÑOR NOUEL,IDIAF,EMCV,29.0,19.4,29.9,https://indomet.gob.do/wp-content/uploads/2026/03/Temperaturas-extremas-y-precipitaciones-07-de-Marzo-2026.pdf
2026-03-07,012,ARPT. LA ISABELA,SANTO DOMINGO,INDOMET,EMCI,29.5,19.5,28.4,https://indomet.gob.do/wp-content/uploads/2026/03/Temperaturas-extremas-y-precipitaciones-07-de-Marzo-2026.pdf
2026-03-07,013,SÁNCHEZ,SAMANÁ,MINISTERIO DE AGRICULTURA,EMCI,29.3,19.2,28.4,https://indomet.gob.do/wp-content/uploads/2026/03/Temperaturas-extremas-y-precipitaciones-07-de-Marzo-2026.pdf
2026-03-07,014,SAN RAFAEL DEL YUMA,LA ALTAGRACIA,MINISTERIO DE AGRICULTURA,EMCI,30.1,21.3,27.9,https://indomet.gob.do/wp-content/uploads/2026/03/Temperaturas-extremas-y-precipitaciones-07-de-Marzo-2026.pdf
2026-03-07,015,SANTO DOMINGO ESTE,SANTO DOMINGO,INDOMET,EMCI,29.0,22.2,27.4,https://indomet.gob.do/wp-content/uploads/2026/03/Temperaturas-extremas-y-precipitaciones-07-de-Marzo-2026.pdf
2026-03-07,016,ARPT. DE LAS AMÉRICAS,SANTO DOMINGO,INDOMET,EMCI,27.8,20.0,27.0,https://indomet.gob.do/wp-content/uploads/2026/03/Temperaturas-extremas-y-precipitaciones-07-de-Marzo-2026.pdf
2026-03-07,017,BONAO,MONSEÑOR NOUEL,MINISTERIO DE AGRICULTURA,EMCV,,,25.9,https://indomet.gob.do/wp-content/uploads/2026/03/Temperaturas-extremas-y-precipitaciones-07-de-Marzo-2026.pdf
2026-03-07,018,VILLA RIVA,DUARTE,HOSP. MPAL. ALICIA DE LEGENDRE,EMCI,28.0,18.5,25.6,https://indomet.gob.do/wp-content/uploads/2026/03/Temperaturas-extremas-y-precipitaciones-07-de-Marzo-2026.pdf
2026-03-07,019,SANTIAGO,SANTIAGO,HUACALITO,EMCI,,,24.8,https://indomet.gob.do/wp-content/uploads/2026/03/Temperaturas-extremas-y-precipitaciones-07-de-Marzo-2026.pdf
2026-03-07,020,BASE AÉREA DE SAN ISIDRO,SANTO DOMINGO,FUERZA AÉREA DOMINICANA,EMCV,29.1,19.4,24.2,https://indomet.gob.do/wp-content/uploads/2026/03/Temperaturas-extremas-y-precipitaciones-07-de-Marzo-2026.pdf
2026-03-07,021,POLO,BARAHONA,INDOCAFE,EMCI,,14.0,24.0,https://indomet.gob.do/wp-content/uploads/2026/03/Temperaturas-extremas-y-precipitaciones-07-de-Marzo-2026.pdf
2026-03-07,022,RANCHO ARRIBA,SAN JOSÉ DE OCOA,CENTRO TECNOLÓGICO COMUNITARIO,EMCI,25.4,16.6,22.1,https://indomet.gob.do/wp-content/uploads/2026/03/Temperaturas-extremas-y-precipitaciones-07-de-Marzo-2026.pdf
2026-03-07,023,BANI (EMA),PERAVIA,MINISTERIO DE AGRICULTURA,EMAP,29.9,20.7,21.6,https://indomet.gob.do/wp-content/uploads/2026/03/Temperaturas-extremas-y-precipitaciones-07-de-Marzo-2026.pdf
2026-03-07,024,ESCONDIDO,PERAVIA,MINISTERIO DE AGRICULTURA,EMCV,30.0,21.0,21.5,https://indomet.gob.do/wp-content/uploads/2026/03/Temperaturas-extremas-y-precipitaciones-07-de-Marzo-2026.pdf
2026-03-07,025,ENRIQUILLO,BARAHONA,MINISTERIO DE AGRICULTURA,EMCV,31.5,19.0,21.0,https://indomet.gob.do/wp-content/uploads/2026/03/Temperaturas-extremas-y-precipitaciones-07-de-Marzo-2026.pdf
2026-03-07,026,CABRERA,MARÍA TRINIDAD SÁNCHEZ,ESCUELA ARÍSTIDES FIALLO CABRAL,EMCI,30.5,22.5,19.4,https://indomet.gob.do/wp-content/uploads/2026/03/Temperaturas-extremas-y-precipitaciones-07-de-Marzo-2026.pdf
2026-03-07,027,OVIEDO,PEDERNALES,CLÍNICA RURAL OVIEDO,EMCI,31.0,20.5,19.2,https://indomet.gob.do/wp-content/uploads/2026/03/Temperaturas-extremas-y-precipitaciones-07-de-Marzo-2026.pdf
2026-03-07,028,LA VICTORIA,SANTO DOMINGO,CUERPO DE BOMBEROS,EMCI,30.5,21.0,18.8,https://indomet.gob.do/wp-content/uploads/2026/03/Temperaturas-extremas-y-precipitaciones-07-de-Marzo-2026.pdf
2026-03-07,029,ARPT. DE PUNTA CANA,LA ALTAGRACIA,INDOMET,EMCI,29.2,21.2,16.9,https://indomet.gob.do/wp-content/uploads/2026/03/Temperaturas-extremas-y-precipitaciones-07-de-Marzo-2026.pdf
2026-03-07,030,ARPT. EL CATEY,SAMANÁ,INDOMET,EMCI,28.0,20.2,16.6,https://indomet.gob.do/wp-content/uploads/2026/03/Temperaturas-extremas-y-precipitaciones-07-de-Marzo-2026.pdf
2026-03-07,031,RÍO SAN JUAN,MARÍA TRINIDAD SÁNCHEZ,HOSP. MPAL. DR. DESIDERIO ACOSTA,EMCV,29.8,22.0,13.6,https://indomet.gob.do/wp-content/uploads/2026/03/Temperaturas-extremas-y-precipitaciones-07-de-Marzo-2026.pdf
2026-03-07,032,SALCEDO,HERMANAS MIRABAL,PROPIEDAD DEL EMPLEADO,EMCI,,,12.9,https://indomet.gob.do/wp-content/uploads/2026/03/Temperaturas-extremas-y-precipitaciones-07-de-Marzo-2026.pdf
2026-03-07,033,SABANA GRANDE DE BOYÁ,MONTE PLATA,MINISTERIO DE AGRICULTURA,EMCV,,,12.7,https://indomet.gob.do/wp-content/uploads/2026/03/Temperaturas-extremas-y-precipitaciones-07-de-Marzo-2026.pdf
2026-03-07,034,HATO MAYOR,HATO MAYOR,MINISTERIO DE AGRICULTURA,EMCV,,,12.4,https://indomet.gob.do/wp-content/uploads/2026/03/Temperaturas-extremas-y-precipitaciones-07-de-Marzo-2026.pdf
2026-03-07,035,MICHES (EMA),EL SEIBO,PRIVADA,EMAP,28.9,20.7,12.0,https://indomet.gob.do/wp-content/uploads/2026/03/Temperaturas-extremas-y-precipitaciones-07-de-Marzo-2026.pdf
2026-03-07,036,ALTO BANDERA (EMA),LA VEGA,INTEC,EMAP,10.2,4.3,11.9,https://indomet.gob.do/wp-content/uploads/2026/03/Temperaturas-extremas-y-precipitaciones-07-de-Marzo-2026.pdf
2026-03-07,037,CONSTANZA,LA VEGA,MINISTERIO DE AGRICULTURA,EMCI,22.6,8.2,11.7,https://indomet.gob.do/wp-content/uploads/2026/03/Temperaturas-extremas-y-precipitaciones-07-de-Marzo-2026.pdf
2026-03-07,038,BUCARA (EMA),SANTIAGO,MINISTERIO DE AGRICULTURA,EMAI,,,10.6,https://indomet.gob.do/wp-content/uploads/2026/03/Temperaturas-extremas-y-precipitaciones-07-de-Marzo-2026.pdf
2026-03-07,039,SAN JOSÉ DE OCOA,SAN JOSÉ DE OCOA,HOSP. SAN JOSÉ DE OCOA,EMCI,27.4,17.6,9.8,https://indomet.gob.do/wp-content/uploads/2026/03/Temperaturas-extremas-y-precipitaciones-07-de-Marzo-2026.pdf
2026-03-07,040,ARPT. ARROYO BARRIL,SAMANÁ,INDOMET,EMCI,30.5,21.6,9.6,https://indomet.gob.do/wp-content/uploads/2026/03/Temperaturas-extremas-y-precipitaciones-07-de-Marzo-2026.pdf
2026-03-07,041,LOS LLANOS,SAN PEDRO DE MACORÍS,MINISTERIO DE AGRICULTURA,EMCI,29.3,20.2,9.6,https://indomet.gob.do/wp-content/uploads/2026/03/Temperaturas-extremas-y-precipitaciones-07-de-Marzo-2026.pdf
2026-03-07,042,SAMANÁ,SAMANÁ,COMANDANCIA DE PUERTO DE SAMANÁ,EMCI,30.3,18.2,8.8,https://indomet.gob.do/wp-content/uploads/2026/03/Temperaturas-extremas-y-precipitaciones-07-de-Marzo-2026.pdf
2026-03-07,043,VALLE NUEVO (EMA),LA VEGA,MARENA,EMAI,14.2,8.2,8.8,https://indomet.gob.do/wp-content/uploads/2026/03/Temperaturas-extremas-y-precipitaciones-07-de-Marzo-2026.pdf
2026-03-07,044,VILLA ISABELA,PUERTO PLATA,MINISTERIO DE AGRICULTURA,EMCV,29.0,20.5,8.6,https://indomet.gob.do/wp-content/uploads/2026/03/Temperaturas-extremas-y-precipitaciones-07-de-Marzo-2026.pdf
2026-03-07,045,GASPAR HERNÁNDEZ,ESPAILLAT,PROPIEDAD DEL EMPLEADO,EMCI,,,8.4,https://indomet.gob.do/wp-content/uploads/2026/03/Temperaturas-extremas-y-precipitaciones-07-de-Marzo-2026.pdf
2026-03-07,046,JARABACOA (EMA),LA VEGA,PROGRAMA MUNDIAL DE ALIMENTO,EMAP,24.2,16.8,8.0,https://indomet.gob.do/wp-content/uploads/2026/03/Temperaturas-extremas-y-precipitaciones-07-de-Marzo-2026.pdf
2026-03-07,047,JARABACOA,LA VEGA,INDRHI / MARENA,EMCI,25.0,14.6,7.8,https://indomet.gob.do/wp-content/uploads/2026/03/Temperaturas-extremas-y-precipitaciones-07-de-Marzo-2026.pdf
2026-03-07,048,BAYAGUANA,MONTE PLATA,INDOMET,EMCI,30.8,19.2,7.2,https://indomet.gob.do/wp-content/uploads/2026/03/Temperaturas-extremas-y-precipitaciones-07-de-Marzo-2026.pdf
2026-03-07,049,ARPT. MARÍA MONTEZ,BARAHONA,INDOMET,EMCI,31.7,19.7,5.3,https://indomet.gob.do/wp-content/uploads/2026/03/Temperaturas-extremas-y-precipitaciones-07-de-Marzo-2026.pdf
2026-03-07,050,ALTAMIRA,PUERTO PLATA,HOSP. MPAL. DE ALTAMIRA,EMCI,28.4,20.2,5.0,https://indomet.gob.do/wp-content/uploads/2026/03/Temperaturas-extremas-y-precipitaciones-07-de-Marzo-2026.pdf
2026-03-07,051,CONSTANZA (EMA),LA VEGA,PROGRAMA MUNDIAL DE ALIMENTO,EMAP,21.9,14.4,4.8,https://indomet.gob.do/wp-content/uploads/2026/03/Temperaturas-extremas-y-precipitaciones-07-de-Marzo-2026.pdf
2026-03-07,052,ARPT. GREGORIO LUPERÓN,PUERTO PLATA,INDOMET,EMCI,28.0,20.0,4.6,https://indomet.gob.do/wp-content/uploads/2026/03/Temperaturas-extremas-y-precipitaciones-07-de-Marzo-2026.pdf
2026-03-07,053,JARDÍN BOTÁNICO SANTIAGO (EMSANTIAGO,,JARDIN BOTANICO SANTIAGO,EMAI,,,4.6,https://indomet.gob.do/wp-content/uploads/2026/03/Temperaturas-extremas-y-precipitaciones-07-de-Marzo-2026.pdf
2026-03-07,054,GURABO,SANTIAGO,MINISTERIO DE AGRICULTURA,EMCV,,,4.6,https://indomet.gob.do/wp-content/uploads/2026/03/Temperaturas-extremas-y-precipitaciones-07-de-Marzo-2026.pdf
2026-03-07,055,PRESA DE TAVERAS (EMA),LA VEGA,PROGRAMA MUNDIAL DE ALIMENTO,EMAP,26.4,19.1,4.4,https://indomet.gob.do/wp-content/uploads/2026/03/Temperaturas-extremas-y-precipitaciones-07-de-Marzo-2026.pdf
2026-03-07,056,HONDO VALLE,ELÍAS PIÑA,MINISTERIO DE AGRICULTURA,EMCI,24.7,14.8,4.3,https://indomet.gob.do/wp-content/uploads/2026/03/Temperaturas-extremas-y-precipitaciones-07-de-Marzo-2026.pdf
2026-03-07,057,VILLA VASQUEZ (EMA),MONTE CRISTI,JUNTA DE REGANTES,EMAI,,,4.0,https://indomet.gob.do/wp-content/uploads/2026/03/Temperaturas-extremas-y-precipitaciones-07-de-Marzo-2026.pdf
2026-03-07,058,TÁBARA ABAJO,AZUA,INDRHI,EMCI,31.5,18.0,3.4,https://indomet.gob.do/wp-content/uploads/2026/03/Temperaturas-extremas-y-precipitaciones-07-de-Marzo-2026.pdf
2026-03-07,059,VILLA GONZALES,SANTIAGO,MINISTERIO DE AGRICULTURA,EMCI,,,2.8,https://indomet.gob.do/wp-content/uploads/2026/03/Temperaturas-extremas-y-precipitaciones-07-de-Marzo-2026.pdf
2026-03-07,060,PONTÓN ABAJO (EMA),LA VEGA,MINISTERIO DE AGRICULTURA,EMAP,28.2,20.6,2.6,https://indomet.gob.do/wp-content/uploads/2026/03/Temperaturas-extremas-y-precipitaciones-07-de-Marzo-2026.pdf
2026-03-07,061,SAJOMA (EMA),SANTIAGO,PLAN SIERRA,EMAI,27.8,18.2,2.4,https://indomet.gob.do/wp-content/uploads/2026/03/Temperaturas-extremas-y-precipitaciones-07-de-Marzo-2026.pdf
2026-03-07,062,PERALTA,AZUA,HOSP. MPAL. DE PERALTA,EMCI,31.0,20.5,2.3,https://indomet.gob.do/wp-content/uploads/2026/03/Temperaturas-extremas-y-precipitaciones-07-de-Marzo-2026.pdf
2026-03-07,063,ARROYO LORO,SAN JUAN,IDIAF,EMCI,32.0,14.0,2.2,https://indomet.gob.do/wp-content/uploads/2026/03/Temperaturas-extremas-y-precipitaciones-07-de-Marzo-2026.pdf
2026-03-07,064,CABRAL,BARAHONA,MINISTERIO DE AGRICULTURA,EMCV,31.9,20.6,2.0,https://indomet.gob.do/wp-content/uploads/2026/03/Temperaturas-extremas-y-precipitaciones-07-de-Marzo-2026.pdf
2026-03-07,065,JIMANÍ,INDEPENDENCIA,MINISTERIO DE AGRICULTURA,EMCI,33.5,21.6,1.8,https://indomet.gob.do/wp-content/uploads/2026/03/Temperaturas-extremas-y-precipitaciones-07-de-Marzo-2026.pdf
2026-03-07,066,NAVARRETE,SANTIAGO,MINISTERIO DE AGRICULTURA,EMCV,,,1.5,https://indomet.gob.do/wp-content/uploads/2026/03/Temperaturas-extremas-y-precipitaciones-07-de-Marzo-2026.pdf
2026-03-07,067,MONTE CRISTI,MONTE CRISTI,INDOMET,EMCI,30.3,22.0,1.1,https://indomet.gob.do/wp-content/uploads/2026/03/Temperaturas-extremas-y-precipitaciones-07-de-Marzo-2026.pdf
2026-03-07,068,PADRE LAS CASAS,AZUA,HOSP. NTRA. SRA. DEL CARMEN,EMCI,31.5,17.0,1.1,https://indomet.gob.do/wp-content/uploads/2026/03/Temperaturas-extremas-y-precipitaciones-07-de-Marzo-2026.pdf
2026-03-07,069,SANTIAGO RODRÍGUEZ,SANTIAGO RODRÍGUEZ,INDOMET,EMCI,31.2,21.4,1.1,https://indomet.gob.do/wp-content/uploads/2026/03/Temperaturas-extremas-y-precipitaciones-07-de-Marzo-2026.pdf
2026-03-07,070,SABANETA (EMA),SANTIAGO RODRÍGUEZ,PROGRAMA MUNDIAL DE ALIMENTO,EMAP,31.7,20.9,0.6,https://indomet.gob.do/wp-content/uploads/2026/03/Temperaturas-extremas-y-precipitaciones-07-de-Marzo-2026.pdf
2026-03-07,071,LAS MATAS DE SANTA CRUZ (EMA,MONTE CRISTI,PROGRAMA MUNDIAL DE ALIMENTO,EMAP,,,0.3,https://indomet.gob.do/wp-content/uploads/2026/03/Temperaturas-extremas-y-precipitaciones-07-de-Marzo-2026.pdf
2026-03-07,072,BOCA DE MAO (EMA),VALVERDE,MINISTERIO DE AGRICULTURA,EMAP,31.9,22.1,0.2,https://indomet.gob.do/wp-content/uploads/2026/03/Temperaturas-extremas-y-precipitaciones-07-de-Marzo-2026.pdf
2026-03-07,073,MONCIÓN (EMA),SANTIAGO RODRÍGUEZ,PROGRAMA MUNDIAL DE ALIMENTO,EMAP,28.2,19.1,0.2,https://indomet.gob.do/wp-content/uploads/2026/03/Temperaturas-extremas-y-precipitaciones-07-de-Marzo-2026.pdf
2026-03-07,074,DAJABÓN,DAJABÓN,INSTITUTO POLITÉCNICO LOYOLA,EMCI,34.7,18.8,0.1,https://indomet.gob.do/wp-content/uploads/2026/03/Temperaturas-extremas-y-precipitaciones-07-de-Marzo-2026.pdf
2026-03-07,075,MAO,VALVERDE,INDRHI / MINISTERIO DE AGRICULTURA,EMCV,,,0.1,https://indomet.gob.do/wp-content/uploads/2026/03/Temperaturas-extremas-y-precipitaciones-07-de-Marzo-2026.pdf
2026-03-07,076,OLIVARES,PEDERNALES,INDRHI,EMCI,,,0.1,https://indomet.gob.do/wp-content/uploads/2026/03/Temperaturas-extremas-y-precipitaciones-07-de-Marzo-2026.pdf
2026-03-07,077,PEDERNALES,PEDERNALES,INDRHI,EMCI,,,0.1,https://indomet.gob.do/wp-content/uploads/2026/03/Temperaturas-extremas-y-precipitaciones-07-de-Marzo-2026.pdf
2026-03-07,078,RESTAURACIÓN,DAJABÓN,MINISTERIO DE AGRICULTURA,EMCI,29.2,15.5,0.1,https://indomet.gob.do/wp-content/uploads/2026/03/Temperaturas-extremas-y-precipitaciones-07-de-Marzo-2026.pdf
2026-03-07,079,LAS CANAS (EMA),MONTE CRISTI,PROGRAMA MUNDIAL DE ALIMENTO,EMAP,26.9,21.8,0.0,https://indomet.gob.do/wp-content/uploads/2026/03/Temperaturas-extremas-y-precipitaciones-07-de-Marzo-2026.pdf
2026-03-07,080,PESCADERIA (EMA),BARAHONA,MINISTERIO DE AGRICULTURA,EMAP,,,0.0,https://indomet.gob.do/wp-content/uploads/2026/03/Temperaturas-extremas-y-precipitaciones-07-de-Marzo-2026.pdf
2026-03-08,001,LOS JENGIBRES,NAGUA,INDRHI,EMCI,,,48.5,https://indomet.gob.do/wp-content/uploads/2026/03/temperaturas-extremas-y-precipitaciones-2026x03x08-a.pdf
2026-03-08,002,LA VICTORIA,SANTO DOMINGO,CUERPO DE BOMBEROS,EMCI,31.0,20.0,40.5,https://indomet.gob.do/wp-content/uploads/2026/03/temperaturas-extremas-y-precipitaciones-2026x03x08-a.pdf
2026-03-08,003,RANCHO ARRIBA,SAN JOSÉ DE OCOA,CENTRO TECNOLÓGICO COMUNITARIO,EMCI,26.5,15.7,37.4,https://indomet.gob.do/wp-content/uploads/2026/03/temperaturas-extremas-y-precipitaciones-2026x03x08-a.pdf
2026-03-08,004,MICHES (EMA),EL SEIBO,PRIVADA,EMAP,26.4,21.3,35.6,https://indomet.gob.do/wp-content/uploads/2026/03/temperaturas-extremas-y-precipitaciones-2026x03x08-a.pdf
2026-03-08,005,JUMA BEJUCAL,MONSEÑOR NOUEL,IDIAF,EMCV,28.6,19.6,33.0,https://indomet.gob.do/wp-content/uploads/2026/03/temperaturas-extremas-y-precipitaciones-2026x03x08-a.pdf
2026-03-08,006,ARPT. ARROYO BARRIL,SAMANÁ,INDOMET,EMCI,27.8,21.5,31.8,https://indomet.gob.do/wp-content/uploads/2026/03/temperaturas-extremas-y-precipitaciones-2026x03x08-a.pdf
2026-03-08,007,VILLA ALTAGRACIA,SAN CRISTÓBAL,ESCUELA JAVIER ANGULO GURIDI,EMCI,,,28.2,https://indomet.gob.do/wp-content/uploads/2026/03/temperaturas-extremas-y-precipitaciones-2026x03x08-a.pdf
2026-03-08,008,SÁNCHEZ,SAMANÁ,MINISTERIO DE AGRICULTURA,EMCI,28.2,18.7,21.4,https://indomet.gob.do/wp-content/uploads/2026/03/temperaturas-extremas-y-precipitaciones-2026x03x08-a.pdf
2026-03-08,009,BASE AÉREA DE SAN ISIDRO,SANTO DOMINGO,FUERZA AÉREA DOMINICANA,EMCV,31.0,,21.2,https://indomet.gob.do/wp-content/uploads/2026/03/temperaturas-extremas-y-precipitaciones-2026x03x08-a.pdf
2026-03-08,010,DAJABÓN,DAJABÓN,INSTITUTO POLITÉCNICO LOYOLA,EMCI,33.8,18.6,21.0,https://indomet.gob.do/wp-content/uploads/2026/03/temperaturas-extremas-y-precipitaciones-2026x03x08-a.pdf
2026-03-08,011,ARPT. LA ISABELA,SANTO DOMINGO,INDOMET,EMCI,29.0,19.5,20.9,https://indomet.gob.do/wp-content/uploads/2026/03/temperaturas-extremas-y-precipitaciones-2026x03x08-a.pdf
2026-03-08,012,SAMANÁ,SAMANÁ,COMANDANCIA DE PUERTO DE SAMANÁ,EMCI,29.9,17.9,20.2,https://indomet.gob.do/wp-content/uploads/2026/03/temperaturas-extremas-y-precipitaciones-2026x03x08-a.pdf
2026-03-08,013,BOHECHÍO,SAN JUAN,MINISTERIO DE AGRICULTURA,EMCV,,,19.4,https://indomet.gob.do/wp-content/uploads/2026/03/temperaturas-extremas-y-precipitaciones-2026x03x08-a.pdf
2026-03-08,014,LUPERÓN,PUERTO PLATA,MINISTERIO DE AGRICULTURA,EMCV,,,19.3,https://indomet.gob.do/wp-content/uploads/2026/03/temperaturas-extremas-y-precipitaciones-2026x03x08-a.pdf
2026-03-08,015,SAN FRANCISCO DE MACORÍS,DUARTE,San Francisco de Macorís (UASD),EMCI,29.0,20.2,18.3,https://indomet.gob.do/wp-content/uploads/2026/03/temperaturas-extremas-y-precipitaciones-2026x03x08-a.pdf
2026-03-08,016,LOS LLANOS,SAN PEDRO DE MACORÍS,MINISTERIO DE AGRICULTURA,EMCI,30.5,19.2,17.8,https://indomet.gob.do/wp-content/uploads/2026/03/temperaturas-extremas-y-precipitaciones-2026x03x08-a.pdf
2026-03-08,017,ARPT. EL CATEY,SAMANÁ,INDOMET,EMCI,27.5,20.0,16.8,https://indomet.gob.do/wp-content/uploads/2026/03/temperaturas-extremas-y-precipitaciones-2026x03x08-a.pdf
2026-03-08,018,JARDÍN BOTÁNICO NACIONAL,DISTRITO NACIONAL,JARDÍN BOTÁNICO NACIONAL,EMCV,29.7,20.3,16.0,https://indomet.gob.do/wp-content/uploads/2026/03/temperaturas-extremas-y-precipitaciones-2026x03x08-a.pdf
2026-03-08,019,SABANA DE LA MAR,HATO MAYOR,INDOMET,EMCI,27.6,19.2,14.8,https://indomet.gob.do/wp-content/uploads/2026/03/temperaturas-extremas-y-precipitaciones-2026x03x08-a.pdf
2026-03-08,020,BAYAGUANA,MONTE PLATA,INDOMET,EMCI,30.2,21.2,13.3,https://indomet.gob.do/wp-content/uploads/2026/03/temperaturas-extremas-y-precipitaciones-2026x03x08-a.pdf
2026-03-08,021,VILLA RIVA,DUARTE,HOSP. MPAL. ALICIA DE LEGENDRE,EMCI,27.0,19.0,10.4,https://indomet.gob.do/wp-content/uploads/2026/03/temperaturas-extremas-y-precipitaciones-2026x03x08-a.pdf
2026-03-08,022,RESTAURACIÓN,DAJABÓN,MINISTERIO DE AGRICULTURA,EMCI,29.5,14.9,10.0,https://indomet.gob.do/wp-content/uploads/2026/03/temperaturas-extremas-y-precipitaciones-2026x03x08-a.pdf
2026-03-08,023,CABRERA,MARÍA TRINIDAD SÁNCHEZ,ESCUELA ARÍSTIDES FIALLO CABRAL,EMCI,26.0,23.4,9.6,https://indomet.gob.do/wp-content/uploads/2026/03/temperaturas-extremas-y-precipitaciones-2026x03x08-a.pdf
2026-03-08,024,PASO AL MEDIO,SAN PEDRO DE MACORÍS,INDRHI,EMCI,,,9.6,https://indomet.gob.do/wp-content/uploads/2026/03/temperaturas-extremas-y-precipitaciones-2026x03x08-a.pdf
2026-03-08,025,EL FACTOR (EMA),MARÍA TRINIDAD SÁNCHEZ,INTEC,EMAP,28.2,20.3,9.4,https://indomet.gob.do/wp-content/uploads/2026/03/temperaturas-extremas-y-precipitaciones-2026x03x08-a.pdf
2026-03-08,026,EL MILLON (EMA),DISTRITO NACIONAL,PRIVADA,EMAP,,,9.1,https://indomet.gob.do/wp-content/uploads/2026/03/temperaturas-extremas-y-precipitaciones-2026x03x08-a.pdf
2026-03-08,027,SALCEDO,HERMANAS MIRABAL,PROPIEDAD DEL EMPLEADO,EMCI,,,8.5,https://indomet.gob.do/wp-content/uploads/2026/03/temperaturas-extremas-y-precipitaciones-2026x03x08-a.pdf
2026-03-08,028,ALTO BANDERA (EMA),LA VEGA,INTEC,EMAP,10.9,2.1,7.9,https://indomet.gob.do/wp-content/uploads/2026/03/temperaturas-extremas-y-precipitaciones-2026x03x08-a.pdf
2026-03-08,029,BUCARA (EMA),SANTIAGO,MINISTERIO DE AGRICULTURA,EMAI,,,7.8,https://indomet.gob.do/wp-content/uploads/2026/03/temperaturas-extremas-y-precipitaciones-2026x03x08-a.pdf
2026-03-08,030,PADRE LAS CASAS,AZUA,HOSP. NTRA. SRA. DEL CARMEN,EMCI,29.4,15.5,6.8,https://indomet.gob.do/wp-content/uploads/2026/03/temperaturas-extremas-y-precipitaciones-2026x03x08-a.pdf
2026-03-08,031,SABANA GRANDE DE BOYÁ,MONTE PLATA,MINISTERIO DE AGRICULTURA,EMCV,,,6.1,https://indomet.gob.do/wp-content/uploads/2026/03/temperaturas-extremas-y-precipitaciones-2026x03x08-a.pdf
2026-03-08,032,ELÍAS PIÑA,ELÍAS PIÑA,MINISTERIO DE AGRICULTURA,EMCV,,,6.0,https://indomet.gob.do/wp-content/uploads/2026/03/temperaturas-extremas-y-precipitaciones-2026x03x08-a.pdf
2026-03-08,033,GASPAR HERNÁNDEZ,ESPAILLAT,PROPIEDAD DEL EMPLEADO,EMCI,,,5.6,https://indomet.gob.do/wp-content/uploads/2026/03/temperaturas-extremas-y-precipitaciones-2026x03x08-a.pdf
2026-03-08,034,ENSANCHE LA FE (EMA),DISTRITO NACIONAL,PRIVADA,EMAP,,,4.6,https://indomet.gob.do/wp-content/uploads/2026/03/temperaturas-extremas-y-precipitaciones-2026x03x08-a.pdf
2026-03-08,035,LA AGUSTINA (EMA),DISTRITO NACIONAL,PRIVADA,EMAP,,,4.6,https://indomet.gob.do/wp-content/uploads/2026/03/temperaturas-extremas-y-precipitaciones-2026x03x08-a.pdf
2026-03-08,036,RÍO SAN JUAN,MARÍA TRINIDAD SÁNCHEZ,HOSP. MPAL. DR. DESIDERIO ACOSTA,EMCV,27.8,21.4,4.0,https://indomet.gob.do/wp-content/uploads/2026/03/temperaturas-extremas-y-precipitaciones-2026x03x08-a.pdf
2026-03-08,037,PRESA DE TAVERAS (EMA),LA VEGA,PROGRAMA MUNDIAL DE ALIMENTO,EMAP,25.7,19.9,3.6,https://indomet.gob.do/wp-content/uploads/2026/03/temperaturas-extremas-y-precipitaciones-2026x03x08-a.pdf
2026-03-08,038,VILLA GONZALES,SANTIAGO,MINISTERIO DE AGRICULTURA,EMCI,,,3.6,https://indomet.gob.do/wp-content/uploads/2026/03/temperaturas-extremas-y-precipitaciones-2026x03x08-a.pdf
2026-03-08,039,TAMBORIL,SANTIAGO,MINISTERIO DE AGRICULTURA,EMCV,,,3.3,https://indomet.gob.do/wp-content/uploads/2026/03/temperaturas-extremas-y-precipitaciones-2026x03x08-a.pdf
2026-03-08,040,MONCIÓN (EMA),SANTIAGO RODRÍGUEZ,PROGRAMA MUNDIAL DE ALIMENTO,EMAP,25.1,17.2,3.2,https://indomet.gob.do/wp-content/uploads/2026/03/temperaturas-extremas-y-precipitaciones-2026x03x08-a.pdf
2026-03-08,041,POLO,BARAHONA,INDOCAFE,EMCI,,13.2,3.2,https://indomet.gob.do/wp-content/uploads/2026/03/temperaturas-extremas-y-precipitaciones-2026x03x08-a.pdf
2026-03-08,042,HONDO VALLE,ELÍAS PIÑA,MINISTERIO DE AGRICULTURA,EMCI,24.4,14.3,3.1,https://indomet.gob.do/wp-content/uploads/2026/03/temperaturas-extremas-y-precipitaciones-2026x03x08-a.pdf
2026-03-08,043,ARPT. DE LA ROMANA,LA ROMANA,INDOMET,EMCI,30.0,20.2,3.0,https://indomet.gob.do/wp-content/uploads/2026/03/temperaturas-extremas-y-precipitaciones-2026x03x08-a.pdf
2026-03-08,044,SANTO DOMINGO ESTE,SANTO DOMINGO,INDOMET,EMCI,29.5,21.5,2.9,https://indomet.gob.do/wp-content/uploads/2026/03/temperaturas-extremas-y-precipitaciones-2026x03x08-a.pdf
2026-03-08,045,NAVARRETE,SANTIAGO,MINISTERIO DE AGRICULTURA,EMCV,,,2.5,https://indomet.gob.do/wp-content/uploads/2026/03/temperaturas-extremas-y-precipitaciones-2026x03x08-a.pdf
2026-03-08,046,LA VEGA,LA VEGA,IATESA,EMCI,27.8,19.0,2.3,https://indomet.gob.do/wp-content/uploads/2026/03/temperaturas-extremas-y-precipitaciones-2026x03x08-a.pdf
2026-03-08,047,SAN RAFAEL DEL YUMA,LA ALTAGRACIA,MINISTERIO DE AGRICULTURA,EMCI,30.4,20.9,2.3,https://indomet.gob.do/wp-content/uploads/2026/03/temperaturas-extremas-y-precipitaciones-2026x03x08-a.pdf
2026-03-08,048,GURABO,SANTIAGO,MINISTERIO DE AGRICULTURA,EMCV,,,2.3,https://indomet.gob.do/wp-content/uploads/2026/03/temperaturas-extremas-y-precipitaciones-2026x03x08-a.pdf
2026-03-08,049,PONTÓN ABAJO (EMA),LA VEGA,MINISTERIO DE AGRICULTURA,EMAP,27.7,19.8,2.2,https://indomet.gob.do/wp-content/uploads/2026/03/temperaturas-extremas-y-precipitaciones-2026x03x08-a.pdf
2026-03-08,050,ARPT. GREGORIO LUPERÓN,PUERTO PLATA,INDOMET,EMCI,26.0,21.5,2.1,https://indomet.gob.do/wp-content/uploads/2026/03/temperaturas-extremas-y-precipitaciones-2026x03x08-a.pdf
2026-03-08,051,OVIEDO,PEDERNALES,CLÍNICA RURAL OVIEDO,EMCI,30.0,20.5,2.0,https://indomet.gob.do/wp-content/uploads/2026/03/temperaturas-extremas-y-precipitaciones-2026x03x08-a.pdf
2026-03-08,052,JARDÍN BOTÁNICO SANTIAGO (EMSANTIAGO,,JARDIN BOTANICO SANTIAGO,EMAI,28.4,21.6,1.8,https://indomet.gob.do/wp-content/uploads/2026/03/temperaturas-extremas-y-precipitaciones-2026x03x08-a.pdf
2026-03-08,053,ALTAMIRA,PUERTO PLATA,HOSP. MPAL. DE ALTAMIRA,EMCI,26.1,17.1,1.6,https://indomet.gob.do/wp-content/uploads/2026/03/temperaturas-extremas-y-precipitaciones-2026x03x08-a.pdf
2026-03-08,054,CONSTANZA,LA VEGA,MINISTERIO DE AGRICULTURA,EMCI,22.7,11.3,1.5,https://indomet.gob.do/wp-content/uploads/2026/03/temperaturas-extremas-y-precipitaciones-2026x03x08-a.pdf
2026-03-08,055,CABRAL,BARAHONA,MINISTERIO DE AGRICULTURA,EMCV,31.4,20.0,1.4,https://indomet.gob.do/wp-content/uploads/2026/03/temperaturas-extremas-y-precipitaciones-2026x03x08-a.pdf
2026-03-08,056,TAVERA,SANTIAGO,INDRHI,EMCI,,,1.4,https://indomet.gob.do/wp-content/uploads/2026/03/temperaturas-extremas-y-precipitaciones-2026x03x08-a.pdf
2026-03-08,057,MAO,VALVERDE,INDRHI / MINISTERIO DE AGRICULTURA,EMCV,,,1.3,https://indomet.gob.do/wp-content/uploads/2026/03/temperaturas-extremas-y-precipitaciones-2026x03x08-a.pdf
2026-03-08,058,PALO ÍNDIO,PUERTO PLATA,MINISTERIO DE AGRICULTURA,EMCI,,,1.3,https://indomet.gob.do/wp-content/uploads/2026/03/temperaturas-extremas-y-precipitaciones-2026x03x08-a.pdf
2026-03-08,059,ENRIQUILLO,BARAHONA,MINISTERIO DE AGRICULTURA,EMCV,30.3,21.5,1.2,https://indomet.gob.do/wp-content/uploads/2026/03/temperaturas-extremas-y-precipitaciones-2026x03x08-a.pdf
2026-03-08,060,SAN CRISTÓBAL,SAN CRISTÓBAL,INSTITUTO POLITÉCNICO LOYOLA,EMCI,29.2,20.2,1.2,https://indomet.gob.do/wp-content/uploads/2026/03/temperaturas-extremas-y-precipitaciones-2026x03x08-a.pdf
2026-03-08,061,ARPT. DEL CIBAO,SANTIAGO,INDOMET,EMCI,29.5,20.0,1.1,https://indomet.gob.do/wp-content/uploads/2026/03/temperaturas-extremas-y-precipitaciones-2026x03x08-a.pdf
2026-03-08,062,BOCA DE MAO (EMA),VALVERDE,MINISTERIO DE AGRICULTURA,EMAP,28.2,20.5,1.0,https://indomet.gob.do/wp-content/uploads/2026/03/temperaturas-extremas-y-precipitaciones-2026x03x08-a.pdf
2026-03-08,063,CONSTANZA (EMA),LA VEGA,PROGRAMA MUNDIAL DE ALIMENTO,EMAP,22.3,12.8,1.0,https://indomet.gob.do/wp-content/uploads/2026/03/temperaturas-extremas-y-precipitaciones-2026x03x08-a.pdf
2026-03-08,064,HATO MAYOR,HATO MAYOR,MINISTERIO DE AGRICULTURA,EMCV,,,0.8,https://indomet.gob.do/wp-content/uploads/2026/03/temperaturas-extremas-y-precipitaciones-2026x03x08-a.pdf
2026-03-08,065,JARABACOA,LA VEGA,INDRHI / MARENA,EMCI,26.8,13.6,0.7,https://indomet.gob.do/wp-content/uploads/2026/03/temperaturas-extremas-y-precipitaciones-2026x03x08-a.pdf
2026-03-08,066,CENTRO DE LOS HEROES (EMA),DISTRITO NACIONAL,MINISTERIO DE ENERGIA Y MINA,EMAP,29.5,23.3,0.6,https://indomet.gob.do/wp-content/uploads/2026/03/temperaturas-extremas-y-precipitaciones-2026x03x08-a.pdf
2026-03-08,067,SAN JOSÉ DE OCOA,SAN JOSÉ DE OCOA,HOSP. SAN JOSÉ DE OCOA,EMCI,28.3,18.6,0.6,https://indomet.gob.do/wp-content/uploads/2026/03/temperaturas-extremas-y-precipitaciones-2026x03x08-a.pdf
2026-03-08,068,ANAMUYA (EMA),LA ALTAGRACIA,MINISTERIO DE AGRICULTURA,EMAP,29.3,22.2,0.4,https://indomet.gob.do/wp-content/uploads/2026/03/temperaturas-extremas-y-precipitaciones-2026x03x08-a.pdf
2026-03-08,069,BANI (EMA),PERAVIA,MINISTERIO DE AGRICULTURA,EMAP,29.9,23.8,0.4,https://indomet.gob.do/wp-content/uploads/2026/03/temperaturas-extremas-y-precipitaciones-2026x03x08-a.pdf
2026-03-08,070,SABANETA (EMA),SANTIAGO RODRÍGUEZ,PROGRAMA MUNDIAL DE ALIMENTO,EMAP,29.0,20.0,0.4,https://indomet.gob.do/wp-content/uploads/2026/03/temperaturas-extremas-y-precipitaciones-2026x03x08-a.pdf
2026-03-08,071,SAJOMA (EMA),SANTIAGO,PLAN SIERRA,EMAI,,,0.4,https://indomet.gob.do/wp-content/uploads/2026/03/temperaturas-extremas-y-precipitaciones-2026x03x08-a.pdf
2026-03-08,072,BELLA VISTA (EMA),DISTRITO NACIONAL,PRIVADA,EMAP,,,0.3,https://indomet.gob.do/wp-content/uploads/2026/03/temperaturas-extremas-y-precipitaciones-2026x03x08-a.pdf
2026-03-08,073,ARPT. DE PUNTA CANA,LA ALTAGRACIA,INDOMET,EMCI,29.6,21.2,0.2,https://indomet.gob.do/wp-content/uploads/2026/03/temperaturas-extremas-y-precipitaciones-2026x03x08-a.pdf
2026-03-08,074,JARABACOA (EMA),LA VEGA,PROGRAMA MUNDIAL DE ALIMENTO,EMAP,25.6,15.9,0.2,https://indomet.gob.do/wp-content/uploads/2026/03/temperaturas-extremas-y-precipitaciones-2026x03x08-a.pdf
2026-03-08,075,MONTE CRISTI,MONTE CRISTI,INDOMET,EMCI,28.8,22.2,0.2,https://indomet.gob.do/wp-content/uploads/2026/03/temperaturas-extremas-y-precipitaciones-2026x03x08-a.pdf
2026-03-08,076,VILLA ISABELA,PUERTO PLATA,MINISTERIO DE AGRICULTURA,EMCV,28.8,18.8,0.2,https://indomet.gob.do/wp-content/uploads/2026/03/temperaturas-extremas-y-precipitaciones-2026x03x08-a.pdf
2026-03-08,077,ARROYO LORO,SAN JUAN,IDIAF,EMCI,30.5,19.5,0.1,https://indomet.gob.do/wp-content/uploads/2026/03/temperaturas-extremas-y-precipitaciones-2026x03x08-a.pdf
2026-03-08,078,ARPT. DE LAS AMÉRICAS,SANTO DOMINGO,INDOMET,EMCI,30.0,20.6,0.0,https://indomet.gob.do/wp-content/uploads/2026/03/temperaturas-extremas-y-precipitaciones-2026x03x08-a.pdf
2026-03-08,079,ARPT. MARÍA MONTEZ,BARAHONA,INDOMET,EMCI,31.3,20.1,0.0,https://indomet.gob.do/wp-content/uploads/2026/03/temperaturas-extremas-y-precipitaciones-2026x03x08-a.pdf
2026-03-08,080,EL CERCADO,SAN JUAN,MINISTERIO DE AGRICULTURA,EMCV,,,0.0,https://indomet.gob.do/wp-content/uploads/2026/03/temperaturas-extremas-y-precipitaciones-2026x03x08-a.pdf
2026-03-08,081,EL SEIBO,EL SEIBO,MINISTERIO DE AGRICULTURA,EMCV,,,0.0,https://indomet.gob.do/wp-content/uploads/2026/03/temperaturas-extremas-y-precipitaciones-2026x03x08-a.pdf
2026-03-08,082,JIMANÍ,INDEPENDENCIA,MINISTERIO DE AGRICULTURA,EMCI,33.0,20.8,0.0,https://indomet.gob.do/wp-content/uploads/2026/03/temperaturas-extremas-y-precipitaciones-2026x03x08-a.pdf
2026-03-08,083,LAS CANAS (EMA),MONTE CRISTI,PROGRAMA MUNDIAL DE ALIMENTO,EMAP,24.8,20.7,0.0,https://indomet.gob.do/wp-content/uploads/2026/03/temperaturas-extremas-y-precipitaciones-2026x03x08-a.pdf
2026-03-08,084,LAS MATAS DE SANTA CRUZ (EMA,MONTE CRISTI,PROGRAMA MUNDIAL DE ALIMENTO,EMAP,,,0.0,https://indomet.gob.do/wp-content/uploads/2026/03/temperaturas-extremas-y-precipitaciones-2026x03x08-a.pdf
2026-03-08,085,OLIVARES,PEDERNALES,INDRHI,EMCI,,,0.0,https://indomet.gob.do/wp-content/uploads/2026/03/temperaturas-extremas-y-precipitaciones-2026x03x08-a.pdf
2026-03-08,086,PEDERNALES,PEDERNALES,INDRHI,EMCI,,,0.0,https://indomet.gob.do/wp-content/uploads/2026/03/temperaturas-extremas-y-precipitaciones-2026x03x08-a.pdf
2026-03-08,087,PERALTA,AZUA,HOSP. MPAL. DE PERALTA,EMCI,31.2,14.4,0.0,https://indomet.gob.do/wp-content/uploads/2026/03/temperaturas-extremas-y-precipitaciones-2026x03x08-a.pdf
2026-03-08,088,ENSANCHE PARAÍSO (EMA),DISTRITO NACIONAL,PRIVADA,EMAP,,,0.0,https://indomet.gob.do/wp-content/uploads/2026/03/temperaturas-extremas-y-precipitaciones-2026x03x08-a.pdf
2026-03-08,089,LOS CACICAZGOS (EMA),DISTRITO NACIONAL,PRIVADA,EMAP,,,0.0,https://indomet.gob.do/wp-content/uploads/2026/03/temperaturas-extremas-y-precipitaciones-2026x03x08-a.pdf
2026-03-08,090,PROLONGACION 27 DE FEBRERO,DISTRITO NACIONAL,PRIVADA,EMAP,,,0.0,https://indomet.gob.do/wp-content/uploads/2026/03/temperaturas-extremas-y-precipitaciones-2026x03x08-a.pdf
2026-03-08,091,VILLA VASQUEZ (EMA),MONTE CRISTI,JUNTA DE REGANTES,EMAI,,,0.0,https://indomet.gob.do/wp-content/uploads/2026/03/temperaturas-extremas-y-precipitaciones-2026x03x08-a.pdf
2026-03-08,092,SANTIAGO RODRÍGUEZ,SANTIAGO RODRÍGUEZ,INDOMET,EMCI,29.3,20.0,0.0,https://indomet.gob.do/wp-content/uploads/2026/03/temperaturas-extremas-y-precipitaciones-2026x03x08-a.pdf
2026-03-08,093,TÁBARA ABAJO,AZUA,INDRHI,EMCI,32.0,18.5,0.0,https://indomet.gob.do/wp-content/uploads/2026/03/temperaturas-extremas-y-precipitaciones-2026x03x08-a.pdf
2026-03-09,001,ARPT. ARROYO BARRIL,SAMANÁ,INDOMET,EMCI,29.9,21.6,55.8,https://indomet.gob.do/wp-content/uploads/2026/03/Temperaturas-extremas-y-precipitaciones-09-de-Marzo-2026.pdf
2026-03-09,002,VILLA ALTAGRACIA,SAN CRISTÓBAL,ESCUELA JAVIER ANGULO GURIDI,EMCI,,,50.8,https://indomet.gob.do/wp-content/uploads/2026/03/Temperaturas-extremas-y-precipitaciones-09-de-Marzo-2026.pdf
2026-03-09,003,JUMA BEJUCAL,MONSEÑOR NOUEL,IDIAF,EMCV,29.8,20.2,42.6,https://indomet.gob.do/wp-content/uploads/2026/03/Temperaturas-extremas-y-precipitaciones-09-de-Marzo-2026.pdf
2026-03-09,004,SAMANÁ,SAMANÁ,COMANDANCIA DE PUERTO DE SAMANÁ,EMCI,29.8,17.5,39.2,https://indomet.gob.do/wp-content/uploads/2026/03/Temperaturas-extremas-y-precipitaciones-09-de-Marzo-2026.pdf
2026-03-09,005,RANCHO ARRIBA,SAN JOSÉ DE OCOA,CENTRO TECNOLÓGICO COMUNITARIO,EMCI,25.3,17.4,27.5,https://indomet.gob.do/wp-content/uploads/2026/03/Temperaturas-extremas-y-precipitaciones-09-de-Marzo-2026.pdf
2026-03-09,006,BONAO,MONSEÑOR NOUEL,MINISTERIO DE AGRICULTURA,EMCV,,,25.4,https://indomet.gob.do/wp-content/uploads/2026/03/Temperaturas-extremas-y-precipitaciones-09-de-Marzo-2026.pdf
2026-03-09,007,ALTO BANDERA (EMA),LA VEGA,INTEC,EMAP,12.3,5.8,25.1,https://indomet.gob.do/wp-content/uploads/2026/03/Temperaturas-extremas-y-precipitaciones-09-de-Marzo-2026.pdf
2026-03-09,008,BASE AÉREA DE SAN ISIDRO,SANTO DOMINGO,FUERZA AÉREA DOMINICANA,EMCV,29.0,19.0,24.2,https://indomet.gob.do/wp-content/uploads/2026/03/Temperaturas-extremas-y-precipitaciones-09-de-Marzo-2026.pdf
2026-03-09,009,ARPT. LA ISABELA,SANTO DOMINGO,INDOMET,EMCI,28.5,20.0,22.0,https://indomet.gob.do/wp-content/uploads/2026/03/Temperaturas-extremas-y-precipitaciones-09-de-Marzo-2026.pdf
2026-03-09,010,SABANA DE LA MAR,HATO MAYOR,INDOMET,EMCI,29.6,20.0,21.7,https://indomet.gob.do/wp-content/uploads/2026/03/Temperaturas-extremas-y-precipitaciones-09-de-Marzo-2026.pdf
2026-03-09,011,MICHES (EMA),EL SEIBO,PRIVADA,EMAP,29.7,20.9,18.6,https://indomet.gob.do/wp-content/uploads/2026/03/Temperaturas-extremas-y-precipitaciones-09-de-Marzo-2026.pdf
2026-03-09,012,SALCEDO,HERMANAS MIRABAL,PROPIEDAD DEL EMPLEADO,EMCI,,,18.0,https://indomet.gob.do/wp-content/uploads/2026/03/Temperaturas-extremas-y-precipitaciones-09-de-Marzo-2026.pdf
2026-03-09,013,SAN RAFAEL DEL YUMA,LA ALTAGRACIA,MINISTERIO DE AGRICULTURA,EMCI,29.5,20.0,17.9,https://indomet.gob.do/wp-content/uploads/2026/03/Temperaturas-extremas-y-precipitaciones-09-de-Marzo-2026.pdf
2026-03-09,014,SÁNCHEZ,SAMANÁ,MINISTERIO DE AGRICULTURA,EMCI,29.6,18.9,17.8,https://indomet.gob.do/wp-content/uploads/2026/03/Temperaturas-extremas-y-precipitaciones-09-de-Marzo-2026.pdf
2026-03-09,015,VALLE NUEVO (EMA),LA VEGA,MARENA,EMAI,17.5,8.4,17.8,https://indomet.gob.do/wp-content/uploads/2026/03/Temperaturas-extremas-y-precipitaciones-09-de-Marzo-2026.pdf
2026-03-09,016,ARPT. DE PUNTA CANA,LA ALTAGRACIA,INDOMET,EMCI,29.5,21.9,17.2,https://indomet.gob.do/wp-content/uploads/2026/03/Temperaturas-extremas-y-precipitaciones-09-de-Marzo-2026.pdf
2026-03-09,017,LOS JENGIBRES,NAGUA,INDRHI,EMCI,,,14.4,https://indomet.gob.do/wp-content/uploads/2026/03/Temperaturas-extremas-y-precipitaciones-09-de-Marzo-2026.pdf
2026-03-09,018,JARDÍN BOTÁNICO SANTIAGO (EMSANTIAGO,,JARDIN BOTANICO SANTIAGO,EMAI,28.1,21.4,14.0,https://indomet.gob.do/wp-content/uploads/2026/03/Temperaturas-extremas-y-precipitaciones-09-de-Marzo-2026.pdf
2026-03-09,019,POLO,BARAHONA,INDOCAFE,EMCI,,12.2,13.0,https://indomet.gob.do/wp-content/uploads/2026/03/Temperaturas-extremas-y-precipitaciones-09-de-Marzo-2026.pdf
2026-03-09,020,ARPT. EL CATEY,SAMANÁ,INDOMET,EMCI,31.0,20.0,12.0,https://indomet.gob.do/wp-content/uploads/2026/03/Temperaturas-extremas-y-precipitaciones-09-de-Marzo-2026.pdf
2026-03-09,021,VILLA GONZALES,SANTIAGO,MINISTERIO DE AGRICULTURA,EMCI,,,11.9,https://indomet.gob.do/wp-content/uploads/2026/03/Temperaturas-extremas-y-precipitaciones-09-de-Marzo-2026.pdf
2026-03-09,022,LA VICTORIA,SANTO DOMINGO,CUERPO DE BOMBEROS,EMCI,28.9,20.4,11.3,https://indomet.gob.do/wp-content/uploads/2026/03/Temperaturas-extremas-y-precipitaciones-09-de-Marzo-2026.pdf
2026-03-09,023,JARABACOA (EMA),LA VEGA,PROGRAMA MUNDIAL DE ALIMENTO,EMAP,24.9,17.3,10.6,https://indomet.gob.do/wp-content/uploads/2026/03/Temperaturas-extremas-y-precipitaciones-09-de-Marzo-2026.pdf
2026-03-09,024,JARABACOA,LA VEGA,INDRHI / MARENA,EMCI,26.2,13.4,9.6,https://indomet.gob.do/wp-content/uploads/2026/03/Temperaturas-extremas-y-precipitaciones-09-de-Marzo-2026.pdf
2026-03-09,025,MOCA,ESPAILLAT,MINISTERIO DE AGRICULTURA,EMCV,,,9.4,https://indomet.gob.do/wp-content/uploads/2026/03/Temperaturas-extremas-y-precipitaciones-09-de-Marzo-2026.pdf
2026-03-09,026,GURABO,SANTIAGO,MINISTERIO DE AGRICULTURA,EMCV,,,9.4,https://indomet.gob.do/wp-content/uploads/2026/03/Temperaturas-extremas-y-precipitaciones-09-de-Marzo-2026.pdf
2026-03-09,027,ARROYO LORO,SAN JUAN,IDIAF,EMCI,32.2,16.0,9.0,https://indomet.gob.do/wp-content/uploads/2026/03/Temperaturas-extremas-y-precipitaciones-09-de-Marzo-2026.pdf
2026-03-09,028,EL FACTOR (EMA),MARÍA TRINIDAD SÁNCHEZ,INTEC,EMAP,29.4,21.1,8.9,https://indomet.gob.do/wp-content/uploads/2026/03/Temperaturas-extremas-y-precipitaciones-09-de-Marzo-2026.pdf
2026-03-09,029,ARPT. DEL CIBAO,SANTIAGO,INDOMET,EMCI,28.3,18.5,8.7,https://indomet.gob.do/wp-content/uploads/2026/03/Temperaturas-extremas-y-precipitaciones-09-de-Marzo-2026.pdf
2026-03-09,030,TAMBORIL,SANTIAGO,MINISTERIO DE AGRICULTURA,EMCV,,,8.6,https://indomet.gob.do/wp-content/uploads/2026/03/Temperaturas-extremas-y-precipitaciones-09-de-Marzo-2026.pdf
2026-03-09,031,LOS LLANOS,SAN PEDRO DE MACORÍS,MINISTERIO DE AGRICULTURA,EMCI,28.0,19.6,8.6,https://indomet.gob.do/wp-content/uploads/2026/03/Temperaturas-extremas-y-precipitaciones-09-de-Marzo-2026.pdf
2026-03-09,032,SAN FRANCISCO DE MACORÍS,DUARTE,San Francisco de Macorís (UASD),EMCI,29.3,19.6,8.6,https://indomet.gob.do/wp-content/uploads/2026/03/Temperaturas-extremas-y-precipitaciones-09-de-Marzo-2026.pdf
2026-03-09,033,VILLA RIVA,DUARTE,HOSP. MPAL. ALICIA DE LEGENDRE,EMCI,27.7,18.5,8.3,https://indomet.gob.do/wp-content/uploads/2026/03/Temperaturas-extremas-y-precipitaciones-09-de-Marzo-2026.pdf
2026-03-09,034,CONSTANZA,LA VEGA,MINISTERIO DE AGRICULTURA,EMCI,24.0,13.4,7.9,https://indomet.gob.do/wp-content/uploads/2026/03/Temperaturas-extremas-y-precipitaciones-09-de-Marzo-2026.pdf
2026-03-09,035,NAVARRETE,SANTIAGO,MINISTERIO DE AGRICULTURA,EMCV,,,7.9,https://indomet.gob.do/wp-content/uploads/2026/03/Temperaturas-extremas-y-precipitaciones-09-de-Marzo-2026.pdf
2026-03-09,036,CONSTANZA (EMA),LA VEGA,PROGRAMA MUNDIAL DE ALIMENTO,EMAP,23.0,14.7,7.2,https://indomet.gob.do/wp-content/uploads/2026/03/Temperaturas-extremas-y-precipitaciones-09-de-Marzo-2026.pdf
2026-03-09,037,ESCONDIDO,PERAVIA,MINISTERIO DE AGRICULTURA,EMCV,29.0,22.0,7.1,https://indomet.gob.do/wp-content/uploads/2026/03/Temperaturas-extremas-y-precipitaciones-09-de-Marzo-2026.pdf
2026-03-09,038,BANI (EMA),PERAVIA,MINISTERIO DE AGRICULTURA,EMAP,29.1,23.3,7.0,https://indomet.gob.do/wp-content/uploads/2026/03/Temperaturas-extremas-y-precipitaciones-09-de-Marzo-2026.pdf
2026-03-09,039,ARPT. DE LA ROMANA,LA ROMANA,INDOMET,EMCI,29.5,21.0,6.9,https://indomet.gob.do/wp-content/uploads/2026/03/Temperaturas-extremas-y-precipitaciones-09-de-Marzo-2026.pdf
2026-03-09,040,ANAMUYA (EMA),LA ALTAGRACIA,MINISTERIO DE AGRICULTURA,EMAP,29.6,21.3,6.6,https://indomet.gob.do/wp-content/uploads/2026/03/Temperaturas-extremas-y-precipitaciones-09-de-Marzo-2026.pdf
2026-03-09,041,BOHECHÍO,SAN JUAN,MINISTERIO DE AGRICULTURA,EMCV,,,6.6,https://indomet.gob.do/wp-content/uploads/2026/03/Temperaturas-extremas-y-precipitaciones-09-de-Marzo-2026.pdf
2026-03-09,042,SAN JOSÉ DE OCOA,SAN JOSÉ DE OCOA,HOSP. SAN JOSÉ DE OCOA,EMCI,28.1,17.8,6.6,https://indomet.gob.do/wp-content/uploads/2026/03/Temperaturas-extremas-y-precipitaciones-09-de-Marzo-2026.pdf
2026-03-09,043,LA VEGA,LA VEGA,IATESA,EMCI,28.5,20.5,5.1,https://indomet.gob.do/wp-content/uploads/2026/03/Temperaturas-extremas-y-precipitaciones-09-de-Marzo-2026.pdf
2026-03-09,044,JARDÍN BOTÁNICO NACIONAL,DISTRITO NACIONAL,JARDÍN BOTÁNICO NACIONAL,EMCV,29.1,19.3,5.0,https://indomet.gob.do/wp-content/uploads/2026/03/Temperaturas-extremas-y-precipitaciones-09-de-Marzo-2026.pdf
2026-03-09,045,RÍO SAN JUAN,MARÍA TRINIDAD SÁNCHEZ,HOSP. MPAL. DR. DESIDERIO ACOSTA,EMCV,29.7,21.3,5.0,https://indomet.gob.do/wp-content/uploads/2026/03/Temperaturas-extremas-y-precipitaciones-09-de-Marzo-2026.pdf
2026-03-09,046,HONDO VALLE,ELÍAS PIÑA,MINISTERIO DE AGRICULTURA,EMCI,24.0,14.1,4.9,https://indomet.gob.do/wp-content/uploads/2026/03/Temperaturas-extremas-y-precipitaciones-09-de-Marzo-2026.pdf
2026-03-09,047,CENTRO DE LOS HEROES (EMA),DISTRITO NACIONAL,MINISTERIO DE ENERGIA Y MINA,EMAP,28.7,22.6,4.8,https://indomet.gob.do/wp-content/uploads/2026/03/Temperaturas-extremas-y-precipitaciones-09-de-Marzo-2026.pdf
2026-03-09,048,BAYAGUANA,MONTE PLATA,INDOMET,EMCI,29.8,18.8,4.7,https://indomet.gob.do/wp-content/uploads/2026/03/Temperaturas-extremas-y-precipitaciones-09-de-Marzo-2026.pdf
2026-03-09,049,PADRE LAS CASAS,AZUA,HOSP. NTRA. SRA. DEL CARMEN,EMCI,30.3,15.8,4.5,https://indomet.gob.do/wp-content/uploads/2026/03/Temperaturas-extremas-y-precipitaciones-09-de-Marzo-2026.pdf
2026-03-09,050,VILLA ISABELA,PUERTO PLATA,MINISTERIO DE AGRICULTURA,EMCV,28.2,18.5,3.6,https://indomet.gob.do/wp-content/uploads/2026/03/Temperaturas-extremas-y-precipitaciones-09-de-Marzo-2026.pdf
2026-03-09,051,GASPAR HERNÁNDEZ,ESPAILLAT,PROPIEDAD DEL EMPLEADO,EMCI,,,3.4,https://indomet.gob.do/wp-content/uploads/2026/03/Temperaturas-extremas-y-precipitaciones-09-de-Marzo-2026.pdf
2026-03-09,052,SAN CRISTÓBAL,SAN CRISTÓBAL,INSTITUTO POLITÉCNICO LOYOLA,EMCI,29.4,20.0,3.2,https://indomet.gob.do/wp-content/uploads/2026/03/Temperaturas-extremas-y-precipitaciones-09-de-Marzo-2026.pdf
2026-03-09,053,ARPT. GREGORIO LUPERÓN,PUERTO PLATA,INDOMET,EMCI,28.2,21.4,2.8,https://indomet.gob.do/wp-content/uploads/2026/03/Temperaturas-extremas-y-precipitaciones-09-de-Marzo-2026.pdf
2026-03-09,054,SABANA GRANDE DE BOYÁ,MONTE PLATA,MINISTERIO DE AGRICULTURA,EMCV,,,2.5,https://indomet.gob.do/wp-content/uploads/2026/03/Temperaturas-extremas-y-precipitaciones-09-de-Marzo-2026.pdf
2026-03-09,055,CABRERA,MARÍA TRINIDAD SÁNCHEZ,ESCUELA ARÍSTIDES FIALLO CABRAL,EMCI,30.0,23.0,2.4,https://indomet.gob.do/wp-content/uploads/2026/03/Temperaturas-extremas-y-precipitaciones-09-de-Marzo-2026.pdf
2026-03-09,056,PERALTA,AZUA,HOSP. MPAL. DE PERALTA,EMCI,29.8,15.5,2.2,https://indomet.gob.do/wp-content/uploads/2026/03/Temperaturas-extremas-y-precipitaciones-09-de-Marzo-2026.pdf
2026-03-09,057,ELÍAS PIÑA,ELÍAS PIÑA,MINISTERIO DE AGRICULTURA,EMCV,,,2.0,https://indomet.gob.do/wp-content/uploads/2026/03/Temperaturas-extremas-y-precipitaciones-09-de-Marzo-2026.pdf
2026-03-09,058,PRESA DE TAVERAS (EMA),LA VEGA,PROGRAMA MUNDIAL DE ALIMENTO,EMAP,25.9,19.3,1.6,https://indomet.gob.do/wp-content/uploads/2026/03/Temperaturas-extremas-y-precipitaciones-09-de-Marzo-2026.pdf
2026-03-09,059,PALO ÍNDIO,PUERTO PLATA,MINISTERIO DE AGRICULTURA,EMCI,,,1.5,https://indomet.gob.do/wp-content/uploads/2026/03/Temperaturas-extremas-y-precipitaciones-09-de-Marzo-2026.pdf
2026-03-09,060,ALTAMIRA,PUERTO PLATA,HOSP. MPAL. DE ALTAMIRA,EMCI,28.0,17.9,1.2,https://indomet.gob.do/wp-content/uploads/2026/03/Temperaturas-extremas-y-precipitaciones-09-de-Marzo-2026.pdf
2026-03-09,061,BOCA DE MAO (EMA),VALVERDE,MINISTERIO DE AGRICULTURA,EMAP,30.9,20.6,1.2,https://indomet.gob.do/wp-content/uploads/2026/03/Temperaturas-extremas-y-precipitaciones-09-de-Marzo-2026.pdf
2026-03-09,062,ARPT. DE LAS AMÉRICAS,SANTO DOMINGO,INDOMET,EMCI,28.9,20.2,0.8,https://indomet.gob.do/wp-content/uploads/2026/03/Temperaturas-extremas-y-precipitaciones-09-de-Marzo-2026.pdf
2026-03-09,063,ENRIQUILLO,BARAHONA,MINISTERIO DE AGRICULTURA,EMCV,30.0,22.0,0.8,https://indomet.gob.do/wp-content/uploads/2026/03/Temperaturas-extremas-y-precipitaciones-09-de-Marzo-2026.pdf
2026-03-09,064,SANTO DOMINGO ESTE,SANTO DOMINGO,INDOMET,EMCI,28.5,22.0,0.8,https://indomet.gob.do/wp-content/uploads/2026/03/Temperaturas-extremas-y-precipitaciones-09-de-Marzo-2026.pdf
2026-03-09,065,LUPERÓN,PUERTO PLATA,MINISTERIO DE AGRICULTURA,EMCV,,,0.5,https://indomet.gob.do/wp-content/uploads/2026/03/Temperaturas-extremas-y-precipitaciones-09-de-Marzo-2026.pdf
2026-03-09,066,CABRAL,BARAHONA,MINISTERIO DE AGRICULTURA,EMCV,31.3,21.4,0.1,https://indomet.gob.do/wp-content/uploads/2026/03/Temperaturas-extremas-y-precipitaciones-09-de-Marzo-2026.pdf
2026-03-09,067,JIMANÍ,INDEPENDENCIA,MINISTERIO DE AGRICULTURA,EMCI,34.2,22.5,0.1,https://indomet.gob.do/wp-content/uploads/2026/03/Temperaturas-extremas-y-precipitaciones-09-de-Marzo-2026.pdf
2026-03-09,068,ARPT. MARÍA MONTEZ,BARAHONA,INDOMET,EMCI,30.8,20.0,0.0,https://indomet.gob.do/wp-content/uploads/2026/03/Temperaturas-extremas-y-precipitaciones-09-de-Marzo-2026.pdf
2026-03-09,069,BUCARA (EMA),SANTIAGO,MINISTERIO DE AGRICULTURA,EMAI,,,0.0,https://indomet.gob.do/wp-content/uploads/2026/03/Temperaturas-extremas-y-precipitaciones-09-de-Marzo-2026.pdf
2026-03-09,070,DAJABÓN,DAJABÓN,INSTITUTO POLITÉCNICO LOYOLA,EMCI,34.4,19.1,0.0,https://indomet.gob.do/wp-content/uploads/2026/03/Temperaturas-extremas-y-precipitaciones-09-de-Marzo-2026.pdf
2026-03-09,071,EL CERCADO,SAN JUAN,MINISTERIO DE AGRICULTURA,EMCV,,,0.0,https://indomet.gob.do/wp-content/uploads/2026/03/Temperaturas-extremas-y-precipitaciones-09-de-Marzo-2026.pdf
2026-03-09,072,LAS CANAS (EMA),MONTE CRISTI,PROGRAMA MUNDIAL DE ALIMENTO,EMAP,27.0,21.6,0.0,https://indomet.gob.do/wp-content/uploads/2026/03/Temperaturas-extremas-y-precipitaciones-09-de-Marzo-2026.pdf
2026-03-09,073,LAS MATAS DE SANTA CRUZ (EMA,MONTE CRISTI,PROGRAMA MUNDIAL DE ALIMENTO,EMAP,,,0.0,https://indomet.gob.do/wp-content/uploads/2026/03/Temperaturas-extremas-y-precipitaciones-09-de-Marzo-2026.pdf
2026-03-09,074,MAO,VALVERDE,INDRHI / MINISTERIO DE AGRICULTURA,EMCV,,,0.0,https://indomet.gob.do/wp-content/uploads/2026/03/Temperaturas-extremas-y-precipitaciones-09-de-Marzo-2026.pdf
2026-03-09,075,MONCIÓN (EMA),SANTIAGO RODRÍGUEZ,PROGRAMA MUNDIAL DE ALIMENTO,EMAP,28.2,17.2,0.0,https://indomet.gob.do/wp-content/uploads/2026/03/Temperaturas-extremas-y-precipitaciones-09-de-Marzo-2026.pdf
2026-03-09,076,MONTE CRISTI,MONTE CRISTI,INDOMET,EMCI,31.1,20.7,0.0,https://indomet.gob.do/wp-content/uploads/2026/03/Temperaturas-extremas-y-precipitaciones-09-de-Marzo-2026.pdf
2026-03-09,077,OLIVARES,PEDERNALES,INDRHI,EMCI,,,0.0,https://indomet.gob.do/wp-content/uploads/2026/03/Temperaturas-extremas-y-precipitaciones-09-de-Marzo-2026.pdf
2026-03-09,078,OVIEDO,PEDERNALES,CLÍNICA RURAL OVIEDO,EMCI,31.5,21.0,0.0,https://indomet.gob.do/wp-content/uploads/2026/03/Temperaturas-extremas-y-precipitaciones-09-de-Marzo-2026.pdf
2026-03-09,079,PASO AL MEDIO,SAN PEDRO DE MACORÍS,INDRHI,EMCI,,,0.0,https://indomet.gob.do/wp-content/uploads/2026/03/Temperaturas-extremas-y-precipitaciones-09-de-Marzo-2026.pdf
2026-03-09,080,PEDERNALES,PEDERNALES,INDRHI,EMCI,,,0.0,https://indomet.gob.do/wp-content/uploads/2026/03/Temperaturas-extremas-y-precipitaciones-09-de-Marzo-2026.pdf
2026-03-09,081,PESCADERIA (EMA),BARAHONA,MINISTERIO DE AGRICULTURA,EMAP,,,0.0,https://indomet.gob.do/wp-content/uploads/2026/03/Temperaturas-extremas-y-precipitaciones-09-de-Marzo-2026.pdf
2026-03-09,082,PONTÓN ABAJO (EMA),LA VEGA,MINISTERIO DE AGRICULTURA,EMAP,27.3,20.7,0.0,https://indomet.gob.do/wp-content/uploads/2026/03/Temperaturas-extremas-y-precipitaciones-09-de-Marzo-2026.pdf
2026-03-09,083,RESTAURACIÓN,DAJABÓN,MINISTERIO DE AGRICULTURA,EMCI,28.7,15.4,0.0,https://indomet.gob.do/wp-content/uploads/2026/03/Temperaturas-extremas-y-precipitaciones-09-de-Marzo-2026.pdf
2026-03-09,084,SABANETA (EMA),SANTIAGO RODRÍGUEZ,PROGRAMA MUNDIAL DE ALIMENTO,EMAP,31.1,19.0,0.0,https://indomet.gob.do/wp-content/uploads/2026/03/Temperaturas-extremas-y-precipitaciones-09-de-Marzo-2026.pdf
2026-03-09,085,SAJOMA (EMA),SANTIAGO,PLAN SIERRA,EMAI,,,0.0,https://indomet.gob.do/wp-content/uploads/2026/03/Temperaturas-extremas-y-precipitaciones-09-de-Marzo-2026.pdf
2026-03-09,086,SANTIAGO RODRÍGUEZ,SANTIAGO RODRÍGUEZ,INDOMET,EMCI,31.4,19.5,0.0,https://indomet.gob.do/wp-content/uploads/2026/03/Temperaturas-extremas-y-precipitaciones-09-de-Marzo-2026.pdf
2026-03-09,087,TÁBARA ABAJO,AZUA,INDRHI,EMCI,30.5,17.4,0.0,https://indomet.gob.do/wp-content/uploads/2026/03/Temperaturas-extremas-y-precipitaciones-09-de-Marzo-2026.pdf
2026-03-09,088,VILLA VASQUEZ (EMA),MONTE CRISTI,JUNTA DE REGANTES,EMAI,,,0.0,https://indomet.gob.do/wp-content/uploads/2026/03/Temperaturas-extremas-y-precipitaciones-09-de-Marzo-2026.pdf
2026-03-10,001,PARQUE MIRADOR NORTE,SANTO DOMINGO,AYUNTAMIENTO,EMCV,,,31.2,https://indomet.gob.do/wp-content/uploads/2026/03/temperaturas-extremas-y-precipitaciones-2026x03x10-a.pdf
2026-03-10,002,LOS JENGIBRES,NAGUA,INDRHI,EMCI,,,20.3,https://indomet.gob.do/wp-content/uploads/2026/03/temperaturas-extremas-y-precipitaciones-2026x03x10-a.pdf
2026-03-10,003,GASPAR HERNÁNDEZ,ESPAILLAT,PROPIEDAD DEL EMPLEADO,EMCI,,,20.0,https://indomet.gob.do/wp-content/uploads/2026/03/temperaturas-extremas-y-precipitaciones-2026x03x10-a.pdf
2026-03-10,004,ARPT. LA ISABELA,SANTO DOMINGO,INDOMET,EMCI,29.6,19.0,18.2,https://indomet.gob.do/wp-content/uploads/2026/03/temperaturas-extremas-y-precipitaciones-2026x03x10-a.pdf
2026-03-10,005,SÁNCHEZ,SAMANÁ,MINISTERIO DE AGRICULTURA,EMCI,28.3,17.9,18.1,https://indomet.gob.do/wp-content/uploads/2026/03/temperaturas-extremas-y-precipitaciones-2026x03x10-a.pdf
2026-03-10,006,EL FACTOR (EMA),MARÍA TRINIDAD SÁNCHEZ,INTEC,EMAP,27.8,19.4,17.5,https://indomet.gob.do/wp-content/uploads/2026/03/temperaturas-extremas-y-precipitaciones-2026x03x10-a.pdf
2026-03-10,007,VILLA ALTAGRACIA,SAN CRISTÓBAL,ESCUELA JAVIER ANGULO GURIDI,EMCI,,,17.4,https://indomet.gob.do/wp-content/uploads/2026/03/temperaturas-extremas-y-precipitaciones-2026x03x10-a.pdf
2026-03-10,008,SAMANÁ,SAMANÁ,COMANDANCIA DE PUERTO DE SAMANÁ,EMCI,28.8,16.6,15.8,https://indomet.gob.do/wp-content/uploads/2026/03/temperaturas-extremas-y-precipitaciones-2026x03x10-a.pdf
2026-03-10,009,ARPT. EL CATEY,SAMANÁ,INDOMET,EMCI,28.5,20.0,15.3,https://indomet.gob.do/wp-content/uploads/2026/03/temperaturas-extremas-y-precipitaciones-2026x03x10-a.pdf
2026-03-10,010,JUMA BEJUCAL,MONSEÑOR NOUEL,IDIAF,EMCV,28.0,18.8,14.6,https://indomet.gob.do/wp-content/uploads/2026/03/temperaturas-extremas-y-precipitaciones-2026x03x10-a.pdf
2026-03-10,011,ARPT. ARROYO BARRIL,SAMANÁ,INDOMET,EMCI,27.6,21.4,14.2,https://indomet.gob.do/wp-content/uploads/2026/03/temperaturas-extremas-y-precipitaciones-2026x03x10-a.pdf
2026-03-10,012,BONAO,MONSEÑOR NOUEL,MINISTERIO DE AGRICULTURA,EMCV,,,12.7,https://indomet.gob.do/wp-content/uploads/2026/03/temperaturas-extremas-y-precipitaciones-2026x03x10-a.pdf
2026-03-10,013,ELÍAS PIÑA,ELÍAS PIÑA,MINISTERIO DE AGRICULTURA,EMCV,,,12.0,https://indomet.gob.do/wp-content/uploads/2026/03/temperaturas-extremas-y-precipitaciones-2026x03x10-a.pdf
2026-03-10,014,CABRERA,MARÍA TRINIDAD SÁNCHEZ,ESCUELA ARÍSTIDES FIALLO CABRAL,EMCI,30.2,23.0,11.5,https://indomet.gob.do/wp-content/uploads/2026/03/temperaturas-extremas-y-precipitaciones-2026x03x10-a.pdf
2026-03-10,015,BUCARA (EMA),SANTIAGO,MINISTERIO DE AGRICULTURA,EMAI,,,10.4,https://indomet.gob.do/wp-content/uploads/2026/03/temperaturas-extremas-y-precipitaciones-2026x03x10-a.pdf
2026-03-10,016,VILLA GONZALES,SANTIAGO,MINISTERIO DE AGRICULTURA,EMCI,,,10.2,https://indomet.gob.do/wp-content/uploads/2026/03/temperaturas-extremas-y-precipitaciones-2026x03x10-a.pdf
2026-03-10,017,ALTO BANDERA (EMA),LA VEGA,INTEC,EMAP,10.7,2.9,9.4,https://indomet.gob.do/wp-content/uploads/2026/03/temperaturas-extremas-y-precipitaciones-2026x03x10-a.pdf
2026-03-10,018,SALCEDO,HERMANAS MIRABAL,PROPIEDAD DEL EMPLEADO,EMCI,,,9.2,https://indomet.gob.do/wp-content/uploads/2026/03/temperaturas-extremas-y-precipitaciones-2026x03x10-a.pdf
2026-03-10,019,ARPT. DEL CIBAO,SANTIAGO,INDOMET,EMCI,29.0,19.3,8.2,https://indomet.gob.do/wp-content/uploads/2026/03/temperaturas-extremas-y-precipitaciones-2026x03x10-a.pdf
2026-03-10,020,RANCHO ARRIBA,SAN JOSÉ DE OCOA,CENTRO TECNOLÓGICO COMUNITARIO,EMCI,25.2,15.6,8.1,https://indomet.gob.do/wp-content/uploads/2026/03/temperaturas-extremas-y-precipitaciones-2026x03x10-a.pdf
2026-03-10,021,NAVARRETE,SANTIAGO,MINISTERIO DE AGRICULTURA,EMCV,,,7.9,https://indomet.gob.do/wp-content/uploads/2026/03/temperaturas-extremas-y-precipitaciones-2026x03x10-a.pdf
2026-03-10,022,RÍO SAN JUAN,MARÍA TRINIDAD SÁNCHEZ,HOSP. MPAL. DR. DESIDERIO ACOSTA,EMCV,29.5,20.2,7.8,https://indomet.gob.do/wp-content/uploads/2026/03/temperaturas-extremas-y-precipitaciones-2026x03x10-a.pdf
2026-03-10,023,MAO,VALVERDE,INDRHI / MINISTERIO DE AGRICULTURA,EMCV,,,7.6,https://indomet.gob.do/wp-content/uploads/2026/03/temperaturas-extremas-y-precipitaciones-2026x03x10-a.pdf
2026-03-10,024,BOCA DE MAO (EMA),VALVERDE,MINISTERIO DE AGRICULTURA,EMAP,31.5,20.2,6.4,https://indomet.gob.do/wp-content/uploads/2026/03/temperaturas-extremas-y-precipitaciones-2026x03x10-a.pdf
2026-03-10,025,JARDÍN BOTÁNICO NACIONAL,DISTRITO NACIONAL,JARDÍN BOTÁNICO NACIONAL,EMCV,29.5,18.7,6.0,https://indomet.gob.do/wp-content/uploads/2026/03/temperaturas-extremas-y-precipitaciones-2026x03x10-a.pdf
2026-03-10,026,SABANA GRANDE DE BOYÁ,MONTE PLATA,MINISTERIO DE AGRICULTURA,EMCV,,,5.8,https://indomet.gob.do/wp-content/uploads/2026/03/temperaturas-extremas-y-precipitaciones-2026x03x10-a.pdf
2026-03-10,027,LA VICTORIA,SANTO DOMINGO,CUERPO DE BOMBEROS,EMCI,29.5,20.0,5.4,https://indomet.gob.do/wp-content/uploads/2026/03/temperaturas-extremas-y-precipitaciones-2026x03x10-a.pdf
2026-03-10,028,MICHES (EMA),EL SEIBO,PRIVADA,EMAP,28.8,20.9,5.2,https://indomet.gob.do/wp-content/uploads/2026/03/temperaturas-extremas-y-precipitaciones-2026x03x10-a.pdf
2026-03-10,029,SAN JOSÉ DE OCOA,SAN JOSÉ DE OCOA,HOSP. SAN JOSÉ DE OCOA,EMCI,28.3,17.4,5.0,https://indomet.gob.do/wp-content/uploads/2026/03/temperaturas-extremas-y-precipitaciones-2026x03x10-a.pdf
2026-03-10,030,BOHECHÍO,SAN JUAN,MINISTERIO DE AGRICULTURA,EMCV,,,4.6,https://indomet.gob.do/wp-content/uploads/2026/03/temperaturas-extremas-y-precipitaciones-2026x03x10-a.pdf
2026-03-10,031,SABANA DE LA MAR,HATO MAYOR,INDOMET,EMCI,28.8,20.2,3.9,https://indomet.gob.do/wp-content/uploads/2026/03/temperaturas-extremas-y-precipitaciones-2026x03x10-a.pdf
2026-03-10,032,JARABACOA,LA VEGA,INDRHI / MARENA,EMCI,27.2,13.0,3.8,https://indomet.gob.do/wp-content/uploads/2026/03/temperaturas-extremas-y-precipitaciones-2026x03x10-a.pdf
2026-03-10,033,JARDÍN BOTÁNICO SANTIAGO (EMSANTIAGO,,JARDIN BOTANICO SANTIAGO,EMAI,28.8,20.1,3.6,https://indomet.gob.do/wp-content/uploads/2026/03/temperaturas-extremas-y-precipitaciones-2026x03x10-a.pdf
2026-03-10,034,ALTAMIRA,PUERTO PLATA,HOSP. MPAL. DE ALTAMIRA,EMCI,28.4,16.6,3.4,https://indomet.gob.do/wp-content/uploads/2026/03/temperaturas-extremas-y-precipitaciones-2026x03x10-a.pdf
2026-03-10,035,ARPT. DE PUNTA CANA,LA ALTAGRACIA,INDOMET,EMCI,30.0,21.2,3.2,https://indomet.gob.do/wp-content/uploads/2026/03/temperaturas-extremas-y-precipitaciones-2026x03x10-a.pdf
2026-03-10,036,ARPT. GREGORIO LUPERÓN,PUERTO PLATA,INDOMET,EMCI,28.0,21.0,3.2,https://indomet.gob.do/wp-content/uploads/2026/03/temperaturas-extremas-y-precipitaciones-2026x03x10-a.pdf
2026-03-10,037,BAYAGUANA,MONTE PLATA,INDOMET,EMCI,29.5,20.6,3.0,https://indomet.gob.do/wp-content/uploads/2026/03/temperaturas-extremas-y-precipitaciones-2026x03x10-a.pdf
2026-03-10,038,SAN CRISTÓBAL,SAN CRISTÓBAL,INSTITUTO POLITÉCNICO LOYOLA,EMCI,30.2,20.2,2.8,https://indomet.gob.do/wp-content/uploads/2026/03/temperaturas-extremas-y-precipitaciones-2026x03x10-a.pdf
2026-03-10,039,SANTIAGO (CENTRO),SANTIAGO,HUACALITO,EMCI,,,2.8,https://indomet.gob.do/wp-content/uploads/2026/03/temperaturas-extremas-y-precipitaciones-2026x03x10-a.pdf
2026-03-10,040,HONDO VALLE,ELÍAS PIÑA,MINISTERIO DE AGRICULTURA,EMCI,24.5,14.3,2.7,https://indomet.gob.do/wp-content/uploads/2026/03/temperaturas-extremas-y-precipitaciones-2026x03x10-a.pdf
2026-03-10,041,CONSTANZA,LA VEGA,MINISTERIO DE AGRICULTURA,EMCI,23.5,10.4,2.6,https://indomet.gob.do/wp-content/uploads/2026/03/temperaturas-extremas-y-precipitaciones-2026x03x10-a.pdf
2026-03-10,042,GURABO,SANTIAGO,MINISTERIO DE AGRICULTURA,EMCV,,,2.0,https://indomet.gob.do/wp-content/uploads/2026/03/temperaturas-extremas-y-precipitaciones-2026x03x10-a.pdf
2026-03-10,043,CONSTANZA (EMA),LA VEGA,PROGRAMA MUNDIAL DE ALIMENTO,EMAP,22.6,11.9,2.0,https://indomet.gob.do/wp-content/uploads/2026/03/temperaturas-extremas-y-precipitaciones-2026x03x10-a.pdf
2026-03-10,044,PARQUE MIRADOR SUR,DISTRITO NACIONAL,AYUNTAMIENTO,EMCV,31.0,21.5,2.0,https://indomet.gob.do/wp-content/uploads/2026/03/temperaturas-extremas-y-precipitaciones-2026x03x10-a.pdf
2026-03-10,045,LA VEGA,LA VEGA,IATESA,EMCI,29.0,19.0,1.8,https://indomet.gob.do/wp-content/uploads/2026/03/temperaturas-extremas-y-precipitaciones-2026x03x10-a.pdf
2026-03-10,046,CENTRO DE LOS HEROES (EMA),DISTRITO NACIONAL,MINISTERIO DE ENERGIA Y MINA,EMAP,29.9,23.1,1.6,https://indomet.gob.do/wp-content/uploads/2026/03/temperaturas-extremas-y-precipitaciones-2026x03x10-a.pdf
2026-03-10,047,SAN FRANCISCO DE MACORÍS,DUARTE,San Francisco de Macorís (UASD),EMCI,28.9,19.2,1.5,https://indomet.gob.do/wp-content/uploads/2026/03/temperaturas-extremas-y-precipitaciones-2026x03x10-a.pdf
2026-03-10,048,VILLA RIVA,DUARTE,HOSP. MPAL. ALICIA DE LEGENDRE,EMCI,28.0,18.8,1.5,https://indomet.gob.do/wp-content/uploads/2026/03/temperaturas-extremas-y-precipitaciones-2026x03x10-a.pdf
2026-03-10,049,PRESA DE TAVERAS (EMA),LA VEGA,PROGRAMA MUNDIAL DE ALIMENTO,EMAP,27.1,18.9,1.3,https://indomet.gob.do/wp-content/uploads/2026/03/temperaturas-extremas-y-precipitaciones-2026x03x10-a.pdf
2026-03-10,050,HATO MAYOR,HATO MAYOR,MINISTERIO DE AGRICULTURA,EMCV,,,0.8,https://indomet.gob.do/wp-content/uploads/2026/03/temperaturas-extremas-y-precipitaciones-2026x03x10-a.pdf
2026-03-10,051,POLO,BARAHONA,INDOCAFE,EMCI,,14.2,0.7,https://indomet.gob.do/wp-content/uploads/2026/03/temperaturas-extremas-y-precipitaciones-2026x03x10-a.pdf
2026-03-10,052,ANAMUYA (EMA),LA ALTAGRACIA,MINISTERIO DE AGRICULTURA,EMAP,29.6,21.1,0.2,https://indomet.gob.do/wp-content/uploads/2026/03/temperaturas-extremas-y-precipitaciones-2026x03x10-a.pdf
2026-03-10,053,PONTÓN ABAJO (EMA),LA VEGA,MINISTERIO DE AGRICULTURA,EMAP,29.2,19.9,0.2,https://indomet.gob.do/wp-content/uploads/2026/03/temperaturas-extremas-y-precipitaciones-2026x03x10-a.pdf
2026-03-10,054,ARPT. MARÍA MONTEZ,BARAHONA,INDOMET,EMCI,31.0,20.5,0.1,https://indomet.gob.do/wp-content/uploads/2026/03/temperaturas-extremas-y-precipitaciones-2026x03x10-a.pdf
2026-03-10,055,ARROYO LORO,SAN JUAN,IDIAF,EMCI,31.2,14.7,0.1,https://indomet.gob.do/wp-content/uploads/2026/03/temperaturas-extremas-y-precipitaciones-2026x03x10-a.pdf
2026-03-10,056,CABRAL,BARAHONA,MINISTERIO DE AGRICULTURA,EMCV,31.5,19.7,0.1,https://indomet.gob.do/wp-content/uploads/2026/03/temperaturas-extremas-y-precipitaciones-2026x03x10-a.pdf
2026-03-10,057,SAN RAFAEL DEL YUMA,LA ALTAGRACIA,MINISTERIO DE AGRICULTURA,EMCI,30.8,20.3,0.1,https://indomet.gob.do/wp-content/uploads/2026/03/temperaturas-extremas-y-precipitaciones-2026x03x10-a.pdf
2026-03-10,058,SANTO DOMINGO ESTE,SANTO DOMINGO,INDOMET,EMCI,29.5,21.6,0.1,https://indomet.gob.do/wp-content/uploads/2026/03/temperaturas-extremas-y-precipitaciones-2026x03x10-a.pdf
2026-03-10,059,ARPT. DE LA ROMANA,LA ROMANA,INDOMET,EMCI,30.1,21.2,0.0,https://indomet.gob.do/wp-content/uploads/2026/03/temperaturas-extremas-y-precipitaciones-2026x03x10-a.pdf
2026-03-10,060,ARPT. DE LAS AMÉRICAS,SANTO DOMINGO,INDOMET,EMCI,30.3,20.1,0.0,https://indomet.gob.do/wp-content/uploads/2026/03/temperaturas-extremas-y-precipitaciones-2026x03x10-a.pdf
2026-03-10,061,BANI (EMA),PERAVIA,MINISTERIO DE AGRICULTURA,EMAP,30.3,23.3,0.0,https://indomet.gob.do/wp-content/uploads/2026/03/temperaturas-extremas-y-precipitaciones-2026x03x10-a.pdf
2026-03-10,062,DAJABÓN,DAJABÓN,INSTITUTO POLITÉCNICO LOYOLA,EMCI,34.6,19.3,0.0,https://indomet.gob.do/wp-content/uploads/2026/03/temperaturas-extremas-y-precipitaciones-2026x03x10-a.pdf
2026-03-10,063,ENRIQUILLO,BARAHONA,MINISTERIO DE AGRICULTURA,EMCV,30.5,22.7,0.0,https://indomet.gob.do/wp-content/uploads/2026/03/temperaturas-extremas-y-precipitaciones-2026x03x10-a.pdf
2026-03-10,064,JIMANÍ,INDEPENDENCIA,MINISTERIO DE AGRICULTURA,EMCI,34.2,22.2,0.0,https://indomet.gob.do/wp-content/uploads/2026/03/temperaturas-extremas-y-precipitaciones-2026x03x10-a.pdf
2026-03-10,065,LAS MATAS DE SANTA CRUZ (EMA,MONTE CRISTI,PROGRAMA MUNDIAL DE ALIMENTO,EMAP,,,0.0,https://indomet.gob.do/wp-content/uploads/2026/03/temperaturas-extremas-y-precipitaciones-2026x03x10-a.pdf
2026-03-10,066,LOS LLANOS,SAN PEDRO DE MACORÍS,MINISTERIO DE AGRICULTURA,EMCI,30.0,19.0,0.0,https://indomet.gob.do/wp-content/uploads/2026/03/temperaturas-extremas-y-precipitaciones-2026x03x10-a.pdf
2026-03-10,067,LOS TRES CHARCOS (EMA),PEDERNALES,PROPIEDAD DEL VOLUNTARIO,EMAP,,,0.0,https://indomet.gob.do/wp-content/uploads/2026/03/temperaturas-extremas-y-precipitaciones-2026x03x10-a.pdf
2026-03-10,068,MONCIÓN (EMA),SANTIAGO RODRÍGUEZ,PROGRAMA MUNDIAL DE ALIMENTO,EMAP,28.7,16.5,0.0,https://indomet.gob.do/wp-content/uploads/2026/03/temperaturas-extremas-y-precipitaciones-2026x03x10-a.pdf
2026-03-10,069,MONTE CRISTI,MONTE CRISTI,INDOMET,EMCI,31.5,20.9,0.0,https://indomet.gob.do/wp-content/uploads/2026/03/temperaturas-extremas-y-precipitaciones-2026x03x10-a.pdf
2026-03-10,070,OLIVARES,PEDERNALES,INDRHI,EMCI,,,0.0,https://indomet.gob.do/wp-content/uploads/2026/03/temperaturas-extremas-y-precipitaciones-2026x03x10-a.pdf
2026-03-10,071,OVIEDO,PEDERNALES,CLÍNICA RURAL OVIEDO,EMCI,30.5,22.0,0.0,https://indomet.gob.do/wp-content/uploads/2026/03/temperaturas-extremas-y-precipitaciones-2026x03x10-a.pdf
2026-03-10,072,PADRE LAS CASAS,AZUA,HOSP. NTRA. SRA. DEL CARMEN,EMCI,29.5,15.5,0.0,https://indomet.gob.do/wp-content/uploads/2026/03/temperaturas-extremas-y-precipitaciones-2026x03x10-a.pdf
2026-03-10,073,PALO ÍNDIO,PUERTO PLATA,MINISTERIO DE AGRICULTURA,EMCI,,,0.0,https://indomet.gob.do/wp-content/uploads/2026/03/temperaturas-extremas-y-precipitaciones-2026x03x10-a.pdf
2026-03-10,074,PASO AL MEDIO,SAN PEDRO DE MACORÍS,INDRHI,EMCI,,,0.0,https://indomet.gob.do/wp-content/uploads/2026/03/temperaturas-extremas-y-precipitaciones-2026x03x10-a.pdf
2026-03-10,075,PEDERNALES,PEDERNALES,INDRHI,EMCI,,,0.0,https://indomet.gob.do/wp-content/uploads/2026/03/temperaturas-extremas-y-precipitaciones-2026x03x10-a.pdf
2026-03-10,076,PERALTA,AZUA,HOSP. MPAL. DE PERALTA,EMCI,32.5,14.5,0.0,https://indomet.gob.do/wp-content/uploads/2026/03/temperaturas-extremas-y-precipitaciones-2026x03x10-a.pdf
2026-03-10,077,RESTAURACIÓN,DAJABÓN,MINISTERIO DE AGRICULTURA,EMCI,30.0,15.1,0.0,https://indomet.gob.do/wp-content/uploads/2026/03/temperaturas-extremas-y-precipitaciones-2026x03x10-a.pdf
2026-03-10,078,SABANETA (EMA),SANTIAGO RODRÍGUEZ,PROGRAMA MUNDIAL DE ALIMENTO,EMAP,32.8,18.2,0.0,https://indomet.gob.do/wp-content/uploads/2026/03/temperaturas-extremas-y-precipitaciones-2026x03x10-a.pdf
2026-03-10,079,SAJOMA (EMA),SANTIAGO,PLAN SIERRA,EMAI,,,0.0,https://indomet.gob.do/wp-content/uploads/2026/03/temperaturas-extremas-y-precipitaciones-2026x03x10-a.pdf
2026-03-10,080,VILLA VASQUEZ (EMA),MONTE CRISTI,JUNTA DE REGANTES,EMAI,,,0.0,https://indomet.gob.do/wp-content/uploads/2026/03/temperaturas-extremas-y-precipitaciones-2026x03x10-a.pdf
2026-03-10,081,SANTIAGO RODRÍGUEZ,SANTIAGO RODRÍGUEZ,INDOMET,EMCI,33.0,18.6,0.0,https://indomet.gob.do/wp-content/uploads/2026/03/temperaturas-extremas-y-precipitaciones-2026x03x10-a.pdf
2026-03-10,082,TÁBARA ABAJO,AZUA,INDRHI,EMCI,32.0,20.0,0.0,https://indomet.gob.do/wp-content/uploads/2026/03/temperaturas-extremas-y-precipitaciones-2026x03x10-a.pdf
2026-03-10,083,VILLA ISABELA,PUERTO PLATA,MINISTERIO DE AGRICULTURA,EMCV,29.8,17.5,0.0,https://indomet.gob.do/wp-content/uploads/2026/03/temperaturas-extremas-y-precipitaciones-2026x03x10-a.pdf
2026-03-11,001,LA VICTORIA,SANTO DOMINGO,CUERPO DE BOMBEROS,EMCI,25.5,19.9,57.8,https://indomet.gob.do/wp-content/uploads/2026/03/Temperaturas-extremas-y-precipitaciones-11-de-Marzo-2026.pdf
2026-03-11,002,VILLA ALTAGRACIA,SAN CRISTÓBAL,ESCUELA JAVIER ANGULO GURIDI,EMCI,,,39.4,https://indomet.gob.do/wp-content/uploads/2026/03/Temperaturas-extremas-y-precipitaciones-11-de-Marzo-2026.pdf
2026-03-11,003,SALCEDO,HERMANAS MIRABAL,PROPIEDAD DEL EMPLEADO,EMCI,,,20.6,https://indomet.gob.do/wp-content/uploads/2026/03/Temperaturas-extremas-y-precipitaciones-11-de-Marzo-2026.pdf
2026-03-11,004,MICHES (EMA),EL SEIBO,PRIVADA,EMAP,29.8,19.7,16.4,https://indomet.gob.do/wp-content/uploads/2026/03/Temperaturas-extremas-y-precipitaciones-11-de-Marzo-2026.pdf
2026-03-11,005,ARPT. LA ISABELA,SANTO DOMINGO,INDOMET,EMCI,30.0,19.5,15.1,https://indomet.gob.do/wp-content/uploads/2026/03/Temperaturas-extremas-y-precipitaciones-11-de-Marzo-2026.pdf
2026-03-11,006,SAMANÁ,SAMANÁ,COMANDANCIA DE PUERTO DE SAMANÁ,EMCI,29.2,16.2,14.2,https://indomet.gob.do/wp-content/uploads/2026/03/Temperaturas-extremas-y-precipitaciones-11-de-Marzo-2026.pdf
2026-03-11,007,PONTÓN ABAJO (EMA),LA VEGA,MINISTERIO DE AGRICULTURA,EMAP,27.4,19.8,12.2,https://indomet.gob.do/wp-content/uploads/2026/03/Temperaturas-extremas-y-precipitaciones-11-de-Marzo-2026.pdf
2026-03-11,008,BUCARA (EMA),SANTIAGO,MINISTERIO DE AGRICULTURA,EMAI,,,11.6,https://indomet.gob.do/wp-content/uploads/2026/03/Temperaturas-extremas-y-precipitaciones-11-de-Marzo-2026.pdf
2026-03-11,009,BAYAGUANA,MONTE PLATA,INDOMET,EMCI,30.2,18.5,11.5,https://indomet.gob.do/wp-content/uploads/2026/03/Temperaturas-extremas-y-precipitaciones-11-de-Marzo-2026.pdf
2026-03-11,010,LOS JENGIBRES,NAGUA,INDRHI,EMCI,,,10.2,https://indomet.gob.do/wp-content/uploads/2026/03/Temperaturas-extremas-y-precipitaciones-11-de-Marzo-2026.pdf
2026-03-11,011,ALTAMIRA,PUERTO PLATA,HOSP. MPAL. DE ALTAMIRA,EMCI,27.9,16.6,9.6,https://indomet.gob.do/wp-content/uploads/2026/03/Temperaturas-extremas-y-precipitaciones-11-de-Marzo-2026.pdf
2026-03-11,012,ARPT. ARROYO BARRIL,SAMANÁ,INDOMET,EMCI,27.6,21.3,9.6,https://indomet.gob.do/wp-content/uploads/2026/03/Temperaturas-extremas-y-precipitaciones-11-de-Marzo-2026.pdf
2026-03-11,013,JUMA BEJUCAL,MONSEÑOR NOUEL,IDIAF,EMCV,26.4,19.0,9.6,https://indomet.gob.do/wp-content/uploads/2026/03/Temperaturas-extremas-y-precipitaciones-11-de-Marzo-2026.pdf
2026-03-11,014,CABRERA,MARÍA TRINIDAD SÁNCHEZ,ESCUELA ARÍSTIDES FIALLO CABRAL,EMCI,29.8,25.5,9.5,https://indomet.gob.do/wp-content/uploads/2026/03/Temperaturas-extremas-y-precipitaciones-11-de-Marzo-2026.pdf
2026-03-11,015,BONAO,MONSEÑOR NOUEL,MINISTERIO DE AGRICULTURA,EMCV,,,8.4,https://indomet.gob.do/wp-content/uploads/2026/03/Temperaturas-extremas-y-precipitaciones-11-de-Marzo-2026.pdf
2026-03-11,016,RÍO SAN JUAN,MARÍA TRINIDAD SÁNCHEZ,HOSP. MPAL. DR. DESIDERIO ACOSTA,EMCV,29.5,20.5,8.0,https://indomet.gob.do/wp-content/uploads/2026/03/Temperaturas-extremas-y-precipitaciones-11-de-Marzo-2026.pdf
2026-03-11,017,SABANA DE LA MAR,HATO MAYOR,INDOMET,EMCI,27.6,20.0,8.0,https://indomet.gob.do/wp-content/uploads/2026/03/Temperaturas-extremas-y-precipitaciones-11-de-Marzo-2026.pdf
2026-03-11,018,LA VEGA,LA VEGA,IATESA,EMCI,28.5,19.0,7.8,https://indomet.gob.do/wp-content/uploads/2026/03/Temperaturas-extremas-y-precipitaciones-11-de-Marzo-2026.pdf
2026-03-11,019,RANCHO ARRIBA,SAN JOSÉ DE OCOA,CENTRO TECNOLÓGICO COMUNITARIO,EMCI,24.5,15.6,7.2,https://indomet.gob.do/wp-content/uploads/2026/03/Temperaturas-extremas-y-precipitaciones-11-de-Marzo-2026.pdf
2026-03-11,020,ENSANCHE LA FE (EMA),DISTRITO NACIONAL,PRIVADA,EMAP,,,6.6,https://indomet.gob.do/wp-content/uploads/2026/03/Temperaturas-extremas-y-precipitaciones-11-de-Marzo-2026.pdf
2026-03-11,021,LA AGUSTINA (EMA),DISTRITO NACIONAL,PRIVADA,EMAP,,,6.6,https://indomet.gob.do/wp-content/uploads/2026/03/Temperaturas-extremas-y-precipitaciones-11-de-Marzo-2026.pdf
2026-03-11,022,GASPAR HERNÁNDEZ,ESPAILLAT,PROPIEDAD DEL EMPLEADO,EMCI,,,6.2,https://indomet.gob.do/wp-content/uploads/2026/03/Temperaturas-extremas-y-precipitaciones-11-de-Marzo-2026.pdf
2026-03-11,023,HATO MAYOR,HATO MAYOR,MINISTERIO DE AGRICULTURA,EMCV,,,6.1,https://indomet.gob.do/wp-content/uploads/2026/03/Temperaturas-extremas-y-precipitaciones-11-de-Marzo-2026.pdf
2026-03-11,024,SANTO DOMINGO ESTE,SANTO DOMINGO,INDOMET,EMCI,29.0,22.0,5.9,https://indomet.gob.do/wp-content/uploads/2026/03/Temperaturas-extremas-y-precipitaciones-11-de-Marzo-2026.pdf
2026-03-11,025,ARPT. DE LAS AMÉRICAS,SANTO DOMINGO,INDOMET,EMCI,30.0,19.8,5.4,https://indomet.gob.do/wp-content/uploads/2026/03/Temperaturas-extremas-y-precipitaciones-11-de-Marzo-2026.pdf
2026-03-11,026,SÁNCHEZ,SAMANÁ,MINISTERIO DE AGRICULTURA,EMCI,28.8,18.2,4.6,https://indomet.gob.do/wp-content/uploads/2026/03/Temperaturas-extremas-y-precipitaciones-11-de-Marzo-2026.pdf
2026-03-11,027,BOHECHÍO,SAN JUAN,MINISTERIO DE AGRICULTURA,EMCV,,,4.4,https://indomet.gob.do/wp-content/uploads/2026/03/Temperaturas-extremas-y-precipitaciones-11-de-Marzo-2026.pdf
2026-03-11,028,ALTO BANDERA (EMA),LA VEGA,INTEC,EMAP,10.9,4.4,3.6,https://indomet.gob.do/wp-content/uploads/2026/03/Temperaturas-extremas-y-precipitaciones-11-de-Marzo-2026.pdf
2026-03-11,029,LOS LLANOS,SAN PEDRO DE MACORÍS,MINISTERIO DE AGRICULTURA,EMCI,29.5,18.7,3.6,https://indomet.gob.do/wp-content/uploads/2026/03/Temperaturas-extremas-y-precipitaciones-11-de-Marzo-2026.pdf
2026-03-11,030,EL SEIBO,EL SEIBO,MINISTERIO DE AGRICULTURA,EMCV,,,3.6,https://indomet.gob.do/wp-content/uploads/2026/03/Temperaturas-extremas-y-precipitaciones-11-de-Marzo-2026.pdf
2026-03-11,031,GURABO,SANTIAGO,MINISTERIO DE AGRICULTURA,EMCV,,,3.0,https://indomet.gob.do/wp-content/uploads/2026/03/Temperaturas-extremas-y-precipitaciones-11-de-Marzo-2026.pdf
2026-03-11,032,JARDÍN BOTÁNICO NACIONAL,DISTRITO NACIONAL,JARDÍN BOTÁNICO NACIONAL,EMCV,29.0,18.0,3.0,https://indomet.gob.do/wp-content/uploads/2026/03/Temperaturas-extremas-y-precipitaciones-11-de-Marzo-2026.pdf
2026-03-11,033,VALLE NUEVO (EMA),LA VEGA,MARENA,EMAI,15.6,5.2,3.0,https://indomet.gob.do/wp-content/uploads/2026/03/Temperaturas-extremas-y-precipitaciones-11-de-Marzo-2026.pdf
2026-03-11,034,ARPT. DE PUNTA CANA,LA ALTAGRACIA,INDOMET,EMCI,30.0,22.8,2.8,https://indomet.gob.do/wp-content/uploads/2026/03/Temperaturas-extremas-y-precipitaciones-11-de-Marzo-2026.pdf
2026-03-11,035,SABANA GRANDE DE BOYÁ,MONTE PLATA,MINISTERIO DE AGRICULTURA,EMCV,,,2.5,https://indomet.gob.do/wp-content/uploads/2026/03/Temperaturas-extremas-y-precipitaciones-11-de-Marzo-2026.pdf
2026-03-11,036,SAN JOSÉ DE OCOA,SAN JOSÉ DE OCOA,HOSP. SAN JOSÉ DE OCOA,EMCI,27.4,16.9,2.0,https://indomet.gob.do/wp-content/uploads/2026/03/Temperaturas-extremas-y-precipitaciones-11-de-Marzo-2026.pdf
2026-03-11,037,JARABACOA,LA VEGA,INDRHI / MARENA,EMCI,25.4,13.2,1.9,https://indomet.gob.do/wp-content/uploads/2026/03/Temperaturas-extremas-y-precipitaciones-11-de-Marzo-2026.pdf
2026-03-11,038,PROLONGACION 27 DE FEBRERO,DISTRITO NACIONAL,PRIVADA,EMAP,,,1.8,https://indomet.gob.do/wp-content/uploads/2026/03/Temperaturas-extremas-y-precipitaciones-11-de-Marzo-2026.pdf
2026-03-11,039,SANTIAGO (CENTRO),SANTIAGO,HUACALITO,EMCI,,,1.8,https://indomet.gob.do/wp-content/uploads/2026/03/Temperaturas-extremas-y-precipitaciones-11-de-Marzo-2026.pdf
2026-03-11,040,ARPT. GREGORIO LUPERÓN,PUERTO PLATA,INDOMET,EMCI,29.0,19.5,1.7,https://indomet.gob.do/wp-content/uploads/2026/03/Temperaturas-extremas-y-precipitaciones-11-de-Marzo-2026.pdf
2026-03-11,041,PRESA DE TAVERAS (EMA),LA VEGA,PROGRAMA MUNDIAL DE ALIMENTO,EMAP,26.6,19.2,1.6,https://indomet.gob.do/wp-content/uploads/2026/03/Temperaturas-extremas-y-precipitaciones-11-de-Marzo-2026.pdf
2026-03-11,042,SAN RAFAEL DEL YUMA,LA ALTAGRACIA,MINISTERIO DE AGRICULTURA,EMCI,30.4,19.6,1.5,https://indomet.gob.do/wp-content/uploads/2026/03/Temperaturas-extremas-y-precipitaciones-11-de-Marzo-2026.pdf
2026-03-11,043,ARPT. DEL CIBAO,SANTIAGO,INDOMET,EMCI,28.4,18.4,1.4,https://indomet.gob.do/wp-content/uploads/2026/03/Temperaturas-extremas-y-precipitaciones-11-de-Marzo-2026.pdf
2026-03-11,044,PARQUE MIRADOR SUR,DISTRITO NACIONAL,AYUNTAMIENTO,EMCV,32.5,22.0,1.4,https://indomet.gob.do/wp-content/uploads/2026/03/Temperaturas-extremas-y-precipitaciones-11-de-Marzo-2026.pdf
2026-03-11,045,BELLA VISTA (EMA),DISTRITO NACIONAL,PRIVADA,EMAP,,,1.3,https://indomet.gob.do/wp-content/uploads/2026/03/Temperaturas-extremas-y-precipitaciones-11-de-Marzo-2026.pdf
2026-03-11,046,EL MILLON (EMA),DISTRITO NACIONAL,PRIVADA,EMAP,,,1.3,https://indomet.gob.do/wp-content/uploads/2026/03/Temperaturas-extremas-y-precipitaciones-11-de-Marzo-2026.pdf
2026-03-11,047,ARPT. EL CATEY,SAMANÁ,INDOMET,EMCI,28.5,19.5,1.2,https://indomet.gob.do/wp-content/uploads/2026/03/Temperaturas-extremas-y-precipitaciones-11-de-Marzo-2026.pdf
2026-03-11,048,LOS JARDINES (EMA),DISTRITO NACIONAL,PRIVADA,EMAP,,,1.2,https://indomet.gob.do/wp-content/uploads/2026/03/Temperaturas-extremas-y-precipitaciones-11-de-Marzo-2026.pdf
2026-03-11,049,ANAMUYA (EMA),LA ALTAGRACIA,MINISTERIO DE AGRICULTURA,EMAP,29.2,20.8,1.0,https://indomet.gob.do/wp-content/uploads/2026/03/Temperaturas-extremas-y-precipitaciones-11-de-Marzo-2026.pdf
2026-03-11,050,CENTRO DE LOS HEROES (EMA),DISTRITO NACIONAL,MINISTERIO DE ENERGIA Y MINA,EMAP,29.7,22.7,1.0,https://indomet.gob.do/wp-content/uploads/2026/03/Temperaturas-extremas-y-precipitaciones-11-de-Marzo-2026.pdf
2026-03-11,051,PERALTA,AZUA,HOSP. MPAL. DE PERALTA,EMCI,29.5,15.6,1.0,https://indomet.gob.do/wp-content/uploads/2026/03/Temperaturas-extremas-y-precipitaciones-11-de-Marzo-2026.pdf
2026-03-11,052,SAN CRISTÓBAL,SAN CRISTÓBAL,INSTITUTO POLITÉCNICO LOYOLA,EMCI,30.0,21.0,1.0,https://indomet.gob.do/wp-content/uploads/2026/03/Temperaturas-extremas-y-precipitaciones-11-de-Marzo-2026.pdf
2026-03-11,053,BASE AÉREA DE SAN ISIDRO,SANTO DOMINGO,FUERZA AÉREA DOMINICANA,EMCV,29.6,19.1,0.8,https://indomet.gob.do/wp-content/uploads/2026/03/Temperaturas-extremas-y-precipitaciones-11-de-Marzo-2026.pdf
2026-03-11,054,VILLA RIVA,DUARTE,HOSP. MPAL. ALICIA DE LEGENDRE,EMCI,27.0,19.0,0.8,https://indomet.gob.do/wp-content/uploads/2026/03/Temperaturas-extremas-y-precipitaciones-11-de-Marzo-2026.pdf
2026-03-11,055,LOS CACICAZGOS (EMA),DISTRITO NACIONAL,PRIVADA,EMAP,,,0.7,https://indomet.gob.do/wp-content/uploads/2026/03/Temperaturas-extremas-y-precipitaciones-11-de-Marzo-2026.pdf
2026-03-11,056,CONSTANZA,LA VEGA,MINISTERIO DE AGRICULTURA,EMCI,23.0,9.5,0.6,https://indomet.gob.do/wp-content/uploads/2026/03/Temperaturas-extremas-y-precipitaciones-11-de-Marzo-2026.pdf
2026-03-11,057,JARDÍN BOTÁNICO SANTIAGO (EMSANTIAGO,,JARDIN BOTANICO SANTIAGO,EMAI,28.1,21.9,0.6,https://indomet.gob.do/wp-content/uploads/2026/03/Temperaturas-extremas-y-precipitaciones-11-de-Marzo-2026.pdf
2026-03-11,058,POLO,BARAHONA,INDOCAFE,EMCI,,16.0,0.6,https://indomet.gob.do/wp-content/uploads/2026/03/Temperaturas-extremas-y-precipitaciones-11-de-Marzo-2026.pdf
2026-03-11,059,NAVARRETE,SANTIAGO,MINISTERIO DE AGRICULTURA,EMCV,,,0.5,https://indomet.gob.do/wp-content/uploads/2026/03/Temperaturas-extremas-y-precipitaciones-11-de-Marzo-2026.pdf
2026-03-11,060,VILLA GONZALES,SANTIAGO,MINISTERIO DE AGRICULTURA,EMCI,,,0.5,https://indomet.gob.do/wp-content/uploads/2026/03/Temperaturas-extremas-y-precipitaciones-11-de-Marzo-2026.pdf
2026-03-11,061,ELÍAS PIÑA,ELÍAS PIÑA,MINISTERIO DE AGRICULTURA,EMCV,,,0.3,https://indomet.gob.do/wp-content/uploads/2026/03/Temperaturas-extremas-y-precipitaciones-11-de-Marzo-2026.pdf
2026-03-11,062,ARPT. DE LA ROMANA,LA ROMANA,INDOMET,EMCI,29.9,19.1,0.2,https://indomet.gob.do/wp-content/uploads/2026/03/Temperaturas-extremas-y-precipitaciones-11-de-Marzo-2026.pdf
2026-03-11,063,CONSTANZA (EMA),LA VEGA,PROGRAMA MUNDIAL DE ALIMENTO,EMAP,22.1,10.9,0.2,https://indomet.gob.do/wp-content/uploads/2026/03/Temperaturas-extremas-y-precipitaciones-11-de-Marzo-2026.pdf
2026-03-11,064,ARROYO LORO,SAN JUAN,IDIAF,EMCI,31.1,17.2,0.1,https://indomet.gob.do/wp-content/uploads/2026/03/Temperaturas-extremas-y-precipitaciones-11-de-Marzo-2026.pdf
2026-03-11,065,CABRAL,BARAHONA,MINISTERIO DE AGRICULTURA,EMCV,31.6,21.2,0.1,https://indomet.gob.do/wp-content/uploads/2026/03/Temperaturas-extremas-y-precipitaciones-11-de-Marzo-2026.pdf
2026-03-11,066,HONDO VALLE,ELÍAS PIÑA,MINISTERIO DE AGRICULTURA,EMCI,24.4,14.8,0.1,https://indomet.gob.do/wp-content/uploads/2026/03/Temperaturas-extremas-y-precipitaciones-11-de-Marzo-2026.pdf
2026-03-11,067,ARPT. MARÍA MONTEZ,BARAHONA,INDOMET,EMCI,31.0,19.0,0.0,https://indomet.gob.do/wp-content/uploads/2026/03/Temperaturas-extremas-y-precipitaciones-11-de-Marzo-2026.pdf
2026-03-11,068,BANI (EMA),PERAVIA,MINISTERIO DE AGRICULTURA,EMAP,30.1,23.1,0.0,https://indomet.gob.do/wp-content/uploads/2026/03/Temperaturas-extremas-y-precipitaciones-11-de-Marzo-2026.pdf
2026-03-11,069,BOCA DE MAO (EMA),VALVERDE,MINISTERIO DE AGRICULTURA,EMAP,31.3,20.5,0.0,https://indomet.gob.do/wp-content/uploads/2026/03/Temperaturas-extremas-y-precipitaciones-11-de-Marzo-2026.pdf
2026-03-11,070,DAJABÓN,DAJABÓN,INSTITUTO POLITÉCNICO LOYOLA,EMCI,34.5,20.3,0.0,https://indomet.gob.do/wp-content/uploads/2026/03/Temperaturas-extremas-y-precipitaciones-11-de-Marzo-2026.pdf
2026-03-11,071,EL CERCADO,SAN JUAN,MINISTERIO DE AGRICULTURA,EMCV,,,0.0,https://indomet.gob.do/wp-content/uploads/2026/03/Temperaturas-extremas-y-precipitaciones-11-de-Marzo-2026.pdf
2026-03-11,072,EL FACTOR (EMA),MARÍA TRINIDAD SÁNCHEZ,INTEC,EMAP,28.6,19.5,0.0,https://indomet.gob.do/wp-content/uploads/2026/03/Temperaturas-extremas-y-precipitaciones-11-de-Marzo-2026.pdf
2026-03-11,073,ENRIQUILLO,BARAHONA,MINISTERIO DE AGRICULTURA,EMCV,32.0,22.3,0.0,https://indomet.gob.do/wp-content/uploads/2026/03/Temperaturas-extremas-y-precipitaciones-11-de-Marzo-2026.pdf
2026-03-11,074,ESCONDIDO,PERAVIA,MINISTERIO DE AGRICULTURA,EMCV,30.0,23.0,0.0,https://indomet.gob.do/wp-content/uploads/2026/03/Temperaturas-extremas-y-precipitaciones-11-de-Marzo-2026.pdf
2026-03-11,075,JIMANÍ,INDEPENDENCIA,MINISTERIO DE AGRICULTURA,EMCI,34.5,22.4,0.0,https://indomet.gob.do/wp-content/uploads/2026/03/Temperaturas-extremas-y-precipitaciones-11-de-Marzo-2026.pdf
2026-03-11,076,LAS CANAS (EMA),MONTE CRISTI,PROGRAMA MUNDIAL DE ALIMENTO,EMAP,27.7,20.9,0.0,https://indomet.gob.do/wp-content/uploads/2026/03/Temperaturas-extremas-y-precipitaciones-11-de-Marzo-2026.pdf
2026-03-11,077,LAS MATAS DE FARFÁN,SAN JUAN,MINISTERIO DE AGRICULTURA,EMCV,,,0.0,https://indomet.gob.do/wp-content/uploads/2026/03/Temperaturas-extremas-y-precipitaciones-11-de-Marzo-2026.pdf
2026-03-11,078,LAS MATAS DE SANTA CRUZ (EMA,MONTE CRISTI,PROGRAMA MUNDIAL DE ALIMENTO,EMAP,,,0.0,https://indomet.gob.do/wp-content/uploads/2026/03/Temperaturas-extremas-y-precipitaciones-11-de-Marzo-2026.pdf
2026-03-11,079,LUPERÓN,PUERTO PLATA,MINISTERIO DE AGRICULTURA,EMCV,,,0.0,https://indomet.gob.do/wp-content/uploads/2026/03/Temperaturas-extremas-y-precipitaciones-11-de-Marzo-2026.pdf
2026-03-11,080,MAO,VALVERDE,INDRHI / MINISTERIO DE AGRICULTURA,EMCV,,,0.0,https://indomet.gob.do/wp-content/uploads/2026/03/Temperaturas-extremas-y-precipitaciones-11-de-Marzo-2026.pdf
2026-03-11,081,MONCIÓN (EMA),SANTIAGO RODRÍGUEZ,PROGRAMA MUNDIAL DE ALIMENTO,EMAP,28.7,17.2,0.0,https://indomet.gob.do/wp-content/uploads/2026/03/Temperaturas-extremas-y-precipitaciones-11-de-Marzo-2026.pdf
2026-03-11,082,MONTE CRISTI,MONTE CRISTI,INDOMET,EMCI,31.5,20.7,0.0,https://indomet.gob.do/wp-content/uploads/2026/03/Temperaturas-extremas-y-precipitaciones-11-de-Marzo-2026.pdf
2026-03-11,083,OLIVARES,PEDERNALES,INDRHI,EMCI,,,0.0,https://indomet.gob.do/wp-content/uploads/2026/03/Temperaturas-extremas-y-precipitaciones-11-de-Marzo-2026.pdf
2026-03-11,084,OVIEDO,PEDERNALES,CLÍNICA RURAL OVIEDO,EMCI,31.2,22.0,0.0,https://indomet.gob.do/wp-content/uploads/2026/03/Temperaturas-extremas-y-precipitaciones-11-de-Marzo-2026.pdf
2026-03-11,085,PADRE LAS CASAS,AZUA,HOSP. NTRA. SRA. DEL CARMEN,EMCI,29.5,16.4,0.0,https://indomet.gob.do/wp-content/uploads/2026/03/Temperaturas-extremas-y-precipitaciones-11-de-Marzo-2026.pdf
2026-03-11,086,PALO ÍNDIO,PUERTO PLATA,MINISTERIO DE AGRICULTURA,EMCI,,,0.0,https://indomet.gob.do/wp-content/uploads/2026/03/Temperaturas-extremas-y-precipitaciones-11-de-Marzo-2026.pdf
2026-03-11,087,PASO AL MEDIO,SAN PEDRO DE MACORÍS,INDRHI,EMCI,,,0.0,https://indomet.gob.do/wp-content/uploads/2026/03/Temperaturas-extremas-y-precipitaciones-11-de-Marzo-2026.pdf
2026-03-11,088,PEDERNALES,PEDERNALES,INDRHI,EMCI,,,0.0,https://indomet.gob.do/wp-content/uploads/2026/03/Temperaturas-extremas-y-precipitaciones-11-de-Marzo-2026.pdf
2026-03-11,089,PESCADERIA (EMA),BARAHONA,MINISTERIO DE AGRICULTURA,EMAP,,,0.0,https://indomet.gob.do/wp-content/uploads/2026/03/Temperaturas-extremas-y-precipitaciones-11-de-Marzo-2026.pdf
2026-03-11,090,RESTAURACIÓN,DAJABÓN,MINISTERIO DE AGRICULTURA,EMCI,30.2,14.8,0.0,https://indomet.gob.do/wp-content/uploads/2026/03/Temperaturas-extremas-y-precipitaciones-11-de-Marzo-2026.pdf
2026-03-11,091,SABANETA (EMA),SANTIAGO RODRÍGUEZ,PROGRAMA MUNDIAL DE ALIMENTO,EMAP,32.6,19.7,0.0,https://indomet.gob.do/wp-content/uploads/2026/03/Temperaturas-extremas-y-precipitaciones-11-de-Marzo-2026.pdf
2026-03-11,092,SAJOMA (EMA),SANTIAGO,PLAN SIERRA,EMAI,,,0.0,https://indomet.gob.do/wp-content/uploads/2026/03/Temperaturas-extremas-y-precipitaciones-11-de-Marzo-2026.pdf
2026-03-11,093,SAN FRANCISCO DE MACORÍS,DUARTE,San Francisco de Macorís (UASD),EMCI,28.4,18.5,0.0,https://indomet.gob.do/wp-content/uploads/2026/03/Temperaturas-extremas-y-precipitaciones-11-de-Marzo-2026.pdf
2026-03-11,094,SANTIAGO RODRÍGUEZ,SANTIAGO RODRÍGUEZ,INDOMET,EMCI,33.2,20.0,0.0,https://indomet.gob.do/wp-content/uploads/2026/03/Temperaturas-extremas-y-precipitaciones-11-de-Marzo-2026.pdf
2026-03-11,095,TÁBARA ABAJO,AZUA,INDRHI,EMCI,31.5,17.0,0.0,https://indomet.gob.do/wp-content/uploads/2026/03/Temperaturas-extremas-y-precipitaciones-11-de-Marzo-2026.pdf
2026-03-11,096,VILLA ISABELA,PUERTO PLATA,MINISTERIO DE AGRICULTURA,EMCV,29.8,17.2,0.0,https://indomet.gob.do/wp-content/uploads/2026/03/Temperaturas-extremas-y-precipitaciones-11-de-Marzo-2026.pdf
2026-03-11,097,VILLA VASQUEZ (EMA),MONTE CRISTI,JUNTA DE REGANTES,EMAI,,,0.0,https://indomet.gob.do/wp-content/uploads/2026/03/Temperaturas-extremas-y-precipitaciones-11-de-Marzo-2026.pdf
2026-03-12,001,LOS LLANOS,SAN PEDRO DE MACORÍS,MINISTERIO DE AGRICULTURA,EMCI,30.3,18.4,22.6,https://indomet.gob.do/wp-content/uploads/2026/03/Temperaturas-extremas-y-precipitaciones-12-de-Marzo-2026.pdf
2026-03-12,002,SABANA GRANDE DE BOYÁ,MONTE PLATA,MINISTERIO DE AGRICULTURA,EMCV,,,15.5,https://indomet.gob.do/wp-content/uploads/2026/03/Temperaturas-extremas-y-precipitaciones-12-de-Marzo-2026.pdf
2026-03-12,003,ENRIQUILLO,BARAHONA,MINISTERIO DE AGRICULTURA,EMCV,31.5,20.5,6.0,https://indomet.gob.do/wp-content/uploads/2026/03/Temperaturas-extremas-y-precipitaciones-12-de-Marzo-2026.pdf
2026-03-12,004,HONDO VALLE,ELÍAS PIÑA,MINISTERIO DE AGRICULTURA,EMCI,24.0,14.1,5.3,https://indomet.gob.do/wp-content/uploads/2026/03/Temperaturas-extremas-y-precipitaciones-12-de-Marzo-2026.pdf
2026-03-12,005,JIMANÍ,INDEPENDENCIA,MINISTERIO DE AGRICULTURA,EMCI,34.4,23.5,5.3,https://indomet.gob.do/wp-content/uploads/2026/03/Temperaturas-extremas-y-precipitaciones-12-de-Marzo-2026.pdf
2026-03-12,006,BAYAGUANA,MONTE PLATA,INDOMET,EMCI,30.6,18.5,4.9,https://indomet.gob.do/wp-content/uploads/2026/03/Temperaturas-extremas-y-precipitaciones-12-de-Marzo-2026.pdf
2026-03-12,007,ARPT. EL CATEY,SAMANÁ,INDOMET,EMCI,27.0,19.0,4.0,https://indomet.gob.do/wp-content/uploads/2026/03/Temperaturas-extremas-y-precipitaciones-12-de-Marzo-2026.pdf
2026-03-12,008,OVIEDO,PEDERNALES,CLÍNICA RURAL OVIEDO,EMCI,31.0,21.5,4.0,https://indomet.gob.do/wp-content/uploads/2026/03/Temperaturas-extremas-y-precipitaciones-12-de-Marzo-2026.pdf
2026-03-12,009,POLO,BARAHONA,INDOCAFE,EMCI,,16.5,3.2,https://indomet.gob.do/wp-content/uploads/2026/03/Temperaturas-extremas-y-precipitaciones-12-de-Marzo-2026.pdf
2026-03-12,010,ARPT. DE LAS AMÉRICAS,SANTO DOMINGO,INDOMET,EMCI,29.9,19.6,3.0,https://indomet.gob.do/wp-content/uploads/2026/03/Temperaturas-extremas-y-precipitaciones-12-de-Marzo-2026.pdf
2026-03-12,011,ARPT. LA ISABELA,SANTO DOMINGO,INDOMET,EMCI,30.1,18.0,2.8,https://indomet.gob.do/wp-content/uploads/2026/03/Temperaturas-extremas-y-precipitaciones-12-de-Marzo-2026.pdf
2026-03-12,012,SAMANÁ,SAMANÁ,COMANDANCIA DE PUERTO DE SAMANÁ,EMCI,29.8,16.3,1.8,https://indomet.gob.do/wp-content/uploads/2026/03/Temperaturas-extremas-y-precipitaciones-12-de-Marzo-2026.pdf
2026-03-12,013,LOS JENGIBRES,NAGUA,INDRHI,EMCI,,,1.4,https://indomet.gob.do/wp-content/uploads/2026/03/Temperaturas-extremas-y-precipitaciones-12-de-Marzo-2026.pdf
2026-03-12,014,JUMA BEJUCAL,MONSEÑOR NOUEL,IDIAF,EMCV,30.4,18.6,1.2,https://indomet.gob.do/wp-content/uploads/2026/03/Temperaturas-extremas-y-precipitaciones-12-de-Marzo-2026.pdf
2026-03-12,015,ALTO BANDERA (EMA),LA VEGA,INTEC,EMAP,11.9,3.7,1.0,https://indomet.gob.do/wp-content/uploads/2026/03/Temperaturas-extremas-y-precipitaciones-12-de-Marzo-2026.pdf
2026-03-12,016,PRESA DE TAVERAS (EMA),LA VEGA,PROGRAMA MUNDIAL DE ALIMENTO,EMAP,28.6,18.4,1.0,https://indomet.gob.do/wp-content/uploads/2026/03/Temperaturas-extremas-y-precipitaciones-12-de-Marzo-2026.pdf
2026-03-12,017,CONSTANZA,LA VEGA,MINISTERIO DE AGRICULTURA,EMCI,24.5,10.0,0.8,https://indomet.gob.do/wp-content/uploads/2026/03/Temperaturas-extremas-y-precipitaciones-12-de-Marzo-2026.pdf
2026-03-12,018,MICHES (EMA),EL SEIBO,PRIVADA,EMAP,28.9,20.4,0.8,https://indomet.gob.do/wp-content/uploads/2026/03/Temperaturas-extremas-y-precipitaciones-12-de-Marzo-2026.pdf
2026-03-12,019,ARPT. DEL CIBAO,SANTIAGO,INDOMET,EMCI,30.5,17.7,0.6,https://indomet.gob.do/wp-content/uploads/2026/03/Temperaturas-extremas-y-precipitaciones-12-de-Marzo-2026.pdf
2026-03-12,020,HATO MAYOR,HATO MAYOR,MINISTERIO DE AGRICULTURA,EMCV,,,0.5,https://indomet.gob.do/wp-content/uploads/2026/03/Temperaturas-extremas-y-precipitaciones-12-de-Marzo-2026.pdf
2026-03-12,021,SÁNCHEZ,SAMANÁ,MINISTERIO DE AGRICULTURA,EMCI,30.1,17.7,0.5,https://indomet.gob.do/wp-content/uploads/2026/03/Temperaturas-extremas-y-precipitaciones-12-de-Marzo-2026.pdf
2026-03-12,022,CONSTANZA (EMA),LA VEGA,PROGRAMA MUNDIAL DE ALIMENTO,EMAP,23.6,11.6,0.4,https://indomet.gob.do/wp-content/uploads/2026/03/Temperaturas-extremas-y-precipitaciones-12-de-Marzo-2026.pdf
2026-03-12,023,RANCHO ARRIBA,SAN JOSÉ DE OCOA,CENTRO TECNOLÓGICO COMUNITARIO,EMCI,28.1,14.9,0.4,https://indomet.gob.do/wp-content/uploads/2026/03/Temperaturas-extremas-y-precipitaciones-12-de-Marzo-2026.pdf
2026-03-12,024,BONAO,MONSEÑOR NOUEL,MINISTERIO DE AGRICULTURA,EMCV,,,0.3,https://indomet.gob.do/wp-content/uploads/2026/03/Temperaturas-extremas-y-precipitaciones-12-de-Marzo-2026.pdf
2026-03-12,025,ALTAMIRA,PUERTO PLATA,HOSP. MPAL. DE ALTAMIRA,EMCI,29.5,16.7,0.2,https://indomet.gob.do/wp-content/uploads/2026/03/Temperaturas-extremas-y-precipitaciones-12-de-Marzo-2026.pdf
2026-03-12,026,ARPT. MARÍA MONTEZ,BARAHONA,INDOMET,EMCI,31.4,21.0,0.2,https://indomet.gob.do/wp-content/uploads/2026/03/Temperaturas-extremas-y-precipitaciones-12-de-Marzo-2026.pdf
2026-03-12,027,BASE AÉREA DE SAN ISIDRO,SANTO DOMINGO,FUERZA AÉREA DOMINICANA,EMCV,29.0,19.0,0.2,https://indomet.gob.do/wp-content/uploads/2026/03/Temperaturas-extremas-y-precipitaciones-12-de-Marzo-2026.pdf
2026-03-12,028,BUCARA (EMA),SANTIAGO,MINISTERIO DE AGRICULTURA,EMAI,,,0.2,https://indomet.gob.do/wp-content/uploads/2026/03/Temperaturas-extremas-y-precipitaciones-12-de-Marzo-2026.pdf
2026-03-12,029,VALLE NUEVO (EMA),LA VEGA,MARENA,EMAI,15.1,3.2,0.2,https://indomet.gob.do/wp-content/uploads/2026/03/Temperaturas-extremas-y-precipitaciones-12-de-Marzo-2026.pdf
2026-03-12,030,JARABACOA,LA VEGA,INDRHI / MARENA,EMCI,29.6,13.0,0.1,https://indomet.gob.do/wp-content/uploads/2026/03/Temperaturas-extremas-y-precipitaciones-12-de-Marzo-2026.pdf
2026-03-12,031,SAN RAFAEL DEL YUMA,LA ALTAGRACIA,MINISTERIO DE AGRICULTURA,EMCI,30.4,19.9,0.1,https://indomet.gob.do/wp-content/uploads/2026/03/Temperaturas-extremas-y-precipitaciones-12-de-Marzo-2026.pdf
2026-03-12,032,LA VICTORIA,SANTO DOMINGO,CUERPO DE BOMBEROS,EMCI,32.0,19.5,0.0,https://indomet.gob.do/wp-content/uploads/2026/03/Temperaturas-extremas-y-precipitaciones-12-de-Marzo-2026.pdf
2026-03-12,033,ANAMUYA (EMA),LA ALTAGRACIA,MINISTERIO DE AGRICULTURA,EMAP,29.6,20.9,0.0,https://indomet.gob.do/wp-content/uploads/2026/03/Temperaturas-extremas-y-precipitaciones-12-de-Marzo-2026.pdf
2026-03-12,034,ARPT. ARROYO BARRIL,SAMANÁ,INDOMET,EMCI,30.2,22.0,0.0,https://indomet.gob.do/wp-content/uploads/2026/03/Temperaturas-extremas-y-precipitaciones-12-de-Marzo-2026.pdf
2026-03-12,035,ARPT. DE LA ROMANA,LA ROMANA,INDOMET,EMCI,30.2,19.4,0.0,https://indomet.gob.do/wp-content/uploads/2026/03/Temperaturas-extremas-y-precipitaciones-12-de-Marzo-2026.pdf
2026-03-12,036,ARPT. DE PUNTA CANA,LA ALTAGRACIA,INDOMET,EMCI,28.8,23.3,0.0,https://indomet.gob.do/wp-content/uploads/2026/03/Temperaturas-extremas-y-precipitaciones-12-de-Marzo-2026.pdf
2026-03-12,037,ARPT. GREGORIO LUPERÓN,PUERTO PLATA,INDOMET,EMCI,29.0,19.5,0.0,https://indomet.gob.do/wp-content/uploads/2026/03/Temperaturas-extremas-y-precipitaciones-12-de-Marzo-2026.pdf
2026-03-12,038,ARROYO LORO,SAN JUAN,IDIAF,EMCI,31.1,17.2,0.0,https://indomet.gob.do/wp-content/uploads/2026/03/Temperaturas-extremas-y-precipitaciones-12-de-Marzo-2026.pdf
2026-03-12,039,BANI (EMA),PERAVIA,MINISTERIO DE AGRICULTURA,EMAP,30.7,22.3,0.0,https://indomet.gob.do/wp-content/uploads/2026/03/Temperaturas-extremas-y-precipitaciones-12-de-Marzo-2026.pdf
2026-03-12,040,BOCA DE MAO (EMA),VALVERDE,MINISTERIO DE AGRICULTURA,EMAP,33.1,19.7,0.0,https://indomet.gob.do/wp-content/uploads/2026/03/Temperaturas-extremas-y-precipitaciones-12-de-Marzo-2026.pdf
2026-03-12,041,CABRAL,BARAHONA,MINISTERIO DE AGRICULTURA,EMCV,31.8,21.6,0.0,https://indomet.gob.do/wp-content/uploads/2026/03/Temperaturas-extremas-y-precipitaciones-12-de-Marzo-2026.pdf
2026-03-12,042,CABRERA,MARÍA TRINIDAD SÁNCHEZ,ESCUELA ARÍSTIDES FIALLO CABRAL,EMCI,30.5,23.0,0.0,https://indomet.gob.do/wp-content/uploads/2026/03/Temperaturas-extremas-y-precipitaciones-12-de-Marzo-2026.pdf
2026-03-12,043,CENTRO DE LOS HEROES (EMA),DISTRITO NACIONAL,MINISTERIO DE ENERGIA Y MINA,EMAP,29.8,23.2,0.0,https://indomet.gob.do/wp-content/uploads/2026/03/Temperaturas-extremas-y-precipitaciones-12-de-Marzo-2026.pdf
2026-03-12,044,DAJABÓN,DAJABÓN,INSTITUTO POLITÉCNICO LOYOLA,EMCI,35.2,19.6,0.0,https://indomet.gob.do/wp-content/uploads/2026/03/Temperaturas-extremas-y-precipitaciones-12-de-Marzo-2026.pdf
2026-03-12,045,EL FACTOR (EMA),MARÍA TRINIDAD SÁNCHEZ,INTEC,EMAP,30.6,19.6,0.0,https://indomet.gob.do/wp-content/uploads/2026/03/Temperaturas-extremas-y-precipitaciones-12-de-Marzo-2026.pdf
2026-03-12,046,ELÍAS PIÑA,ELÍAS PIÑA,MINISTERIO DE AGRICULTURA,EMCV,,,0.0,https://indomet.gob.do/wp-content/uploads/2026/03/Temperaturas-extremas-y-precipitaciones-12-de-Marzo-2026.pdf
2026-03-12,047,GASPAR HERNÁNDEZ,ESPAILLAT,PROPIEDAD DEL EMPLEADO,EMCI,,,0.0,https://indomet.gob.do/wp-content/uploads/2026/03/Temperaturas-extremas-y-precipitaciones-12-de-Marzo-2026.pdf
2026-03-12,048,GURABO,SANTIAGO,MINISTERIO DE AGRICULTURA,EMCV,,,0.0,https://indomet.gob.do/wp-content/uploads/2026/03/Temperaturas-extremas-y-precipitaciones-12-de-Marzo-2026.pdf
2026-03-12,049,JARABACOA (EMA),LA VEGA,PROGRAMA MUNDIAL DE ALIMENTO,EMAP,28.3,15.8,0.0,https://indomet.gob.do/wp-content/uploads/2026/03/Temperaturas-extremas-y-precipitaciones-12-de-Marzo-2026.pdf
2026-03-12,050,JARDÍN BOTÁNICO NACIONAL,DISTRITO NACIONAL,JARDÍN BOTÁNICO NACIONAL,EMCV,29.9,18.4,0.0,https://indomet.gob.do/wp-content/uploads/2026/03/Temperaturas-extremas-y-precipitaciones-12-de-Marzo-2026.pdf
2026-03-12,051,LA VEGA,LA VEGA,IATESA,EMCI,30.0,19.0,0.0,https://indomet.gob.do/wp-content/uploads/2026/03/Temperaturas-extremas-y-precipitaciones-12-de-Marzo-2026.pdf
2026-03-12,052,LAS CANAS (EMA),MONTE CRISTI,PROGRAMA MUNDIAL DE ALIMENTO,EMAP,28.2,20.1,0.0,https://indomet.gob.do/wp-content/uploads/2026/03/Temperaturas-extremas-y-precipitaciones-12-de-Marzo-2026.pdf
2026-03-12,053,LOS TRES CHARCOS (EMA),PEDERNALES,PROPIEDAD DEL VOLUNTARIO,EMAP,,,0.0,https://indomet.gob.do/wp-content/uploads/2026/03/Temperaturas-extremas-y-precipitaciones-12-de-Marzo-2026.pdf
2026-03-12,054,MAO,VALVERDE,INDRHI / MINISTERIO DE AGRICULTURA,EMCV,,,0.0,https://indomet.gob.do/wp-content/uploads/2026/03/Temperaturas-extremas-y-precipitaciones-12-de-Marzo-2026.pdf
2026-03-12,055,MONCIÓN (EMA),SANTIAGO RODRÍGUEZ,PROGRAMA MUNDIAL DE ALIMENTO,EMAP,30.6,16.5,0.0,https://indomet.gob.do/wp-content/uploads/2026/03/Temperaturas-extremas-y-precipitaciones-12-de-Marzo-2026.pdf
2026-03-12,056,MONTE CRISTI,MONTE CRISTI,INDOMET,EMCI,32.0,21.4,0.0,https://indomet.gob.do/wp-content/uploads/2026/03/Temperaturas-extremas-y-precipitaciones-12-de-Marzo-2026.pdf
2026-03-12,057,NAVARRETE,SANTIAGO,MINISTERIO DE AGRICULTURA,EMCV,,,0.0,https://indomet.gob.do/wp-content/uploads/2026/03/Temperaturas-extremas-y-precipitaciones-12-de-Marzo-2026.pdf
2026-03-12,058,OLIVARES,PEDERNALES,INDRHI,EMCI,,,0.0,https://indomet.gob.do/wp-content/uploads/2026/03/Temperaturas-extremas-y-precipitaciones-12-de-Marzo-2026.pdf
2026-03-12,059,PADRE LAS CASAS,AZUA,HOSP. NTRA. SRA. DEL CARMEN,EMCI,31.0,16.5,0.0,https://indomet.gob.do/wp-content/uploads/2026/03/Temperaturas-extremas-y-precipitaciones-12-de-Marzo-2026.pdf
2026-03-12,060,PALO ÍNDIO,PUERTO PLATA,MINISTERIO DE AGRICULTURA,EMCI,,,0.0,https://indomet.gob.do/wp-content/uploads/2026/03/Temperaturas-extremas-y-precipitaciones-12-de-Marzo-2026.pdf
2026-03-12,061,PASO AL MEDIO,SAN PEDRO DE MACORÍS,INDRHI,EMCI,,,0.0,https://indomet.gob.do/wp-content/uploads/2026/03/Temperaturas-extremas-y-precipitaciones-12-de-Marzo-2026.pdf
2026-03-12,062,PEDERNALES,PEDERNALES,INDRHI,EMCI,,,0.0,https://indomet.gob.do/wp-content/uploads/2026/03/Temperaturas-extremas-y-precipitaciones-12-de-Marzo-2026.pdf
2026-03-12,063,PERALTA,AZUA,HOSP. MPAL. DE PERALTA,EMCI,30.0,17.0,0.0,https://indomet.gob.do/wp-content/uploads/2026/03/Temperaturas-extremas-y-precipitaciones-12-de-Marzo-2026.pdf
2026-03-12,064,PONTÓN ABAJO (EMA),LA VEGA,MINISTERIO DE AGRICULTURA,EMAP,31.1,19.6,0.0,https://indomet.gob.do/wp-content/uploads/2026/03/Temperaturas-extremas-y-precipitaciones-12-de-Marzo-2026.pdf
2026-03-12,065,BELLA VISTA (EMA),DISTRITO NACIONAL,PRIVADA,EMAP,,,0.0,https://indomet.gob.do/wp-content/uploads/2026/03/Temperaturas-extremas-y-precipitaciones-12-de-Marzo-2026.pdf
2026-03-12,066,ENSANCHE LA FE (EMA),DISTRITO NACIONAL,PRIVADA,EMAP,,,0.0,https://indomet.gob.do/wp-content/uploads/2026/03/Temperaturas-extremas-y-precipitaciones-12-de-Marzo-2026.pdf
2026-03-12,067,LA AGUSTINA (EMA),DISTRITO NACIONAL,PRIVADA,EMAP,,,0.0,https://indomet.gob.do/wp-content/uploads/2026/03/Temperaturas-extremas-y-precipitaciones-12-de-Marzo-2026.pdf
2026-03-12,068,LOS CACICAZGOS (EMA),DISTRITO NACIONAL,PRIVADA,EMAP,,,0.0,https://indomet.gob.do/wp-content/uploads/2026/03/Temperaturas-extremas-y-precipitaciones-12-de-Marzo-2026.pdf
2026-03-12,069,LOS JARDINES (EMA),DISTRITO NACIONAL,PRIVADA,EMAP,,,0.0,https://indomet.gob.do/wp-content/uploads/2026/03/Temperaturas-extremas-y-precipitaciones-12-de-Marzo-2026.pdf
2026-03-12,070,PROLONGACION 27 DE FEBRERO (EMA),DISTRITO NACIONAL,PRIVADA,EMAP,,,0.0,https://indomet.gob.do/wp-content/uploads/2026/03/Temperaturas-extremas-y-precipitaciones-12-de-Marzo-2026.pdf
2026-03-12,071,RESTAURACIÓN,DAJABÓN,MINISTERIO DE AGRICULTURA,EMCI,29.8,14.6,0.0,https://indomet.gob.do/wp-content/uploads/2026/03/Temperaturas-extremas-y-precipitaciones-12-de-Marzo-2026.pdf
2026-03-12,072,RÍO SAN JUAN,MARÍA TRINIDAD SÁNCHEZ,HOSP. MPAL. DR. DESIDERIO ACOSTA,EMCV,31.3,20.0,0.0,https://indomet.gob.do/wp-content/uploads/2026/03/Temperaturas-extremas-y-precipitaciones-12-de-Marzo-2026.pdf
2026-03-12,073,SABANA DE LA MAR,HATO MAYOR,INDOMET,EMCI,29.4,18.6,0.0,https://indomet.gob.do/wp-content/uploads/2026/03/Temperaturas-extremas-y-precipitaciones-12-de-Marzo-2026.pdf
2026-03-12,074,SABANETA (EMA),SANTIAGO RODRÍGUEZ,PROGRAMA MUNDIAL DE ALIMENTO,EMAP,33.3,18.4,0.0,https://indomet.gob.do/wp-content/uploads/2026/03/Temperaturas-extremas-y-precipitaciones-12-de-Marzo-2026.pdf
2026-03-12,075,SAN CRISTÓBAL,SAN CRISTÓBAL,INSTITUTO POLITÉCNICO LOYOLA,EMCI,30.2,19.2,0.0,https://indomet.gob.do/wp-content/uploads/2026/03/Temperaturas-extremas-y-precipitaciones-12-de-Marzo-2026.pdf
2026-03-12,076,SAN FRANCISCO DE MACORÍS,DUARTE,San Francisco de Macorís (UASD),EMCI,31.0,19.2,0.0,https://indomet.gob.do/wp-content/uploads/2026/03/Temperaturas-extremas-y-precipitaciones-12-de-Marzo-2026.pdf
2026-03-12,077,SAN JOSÉ DE OCOA,SAN JOSÉ DE OCOA,HOSP. SAN JOSÉ DE OCOA,EMCI,29.9,17.5,0.0,https://indomet.gob.do/wp-content/uploads/2026/03/Temperaturas-extremas-y-precipitaciones-12-de-Marzo-2026.pdf
2026-03-12,078,SAJOMA (EMA),SANTIAGO,PLAN SIERRA,EMAI,,,0.0,https://indomet.gob.do/wp-content/uploads/2026/03/Temperaturas-extremas-y-precipitaciones-12-de-Marzo-2026.pdf
2026-03-12,079,JARDÍN BOTÁNICO SANTIAGO (EMA),SANTIAGO,JARDIN BOTANICO SANTIAGO,EMAI,30.6,21.8,0.0,https://indomet.gob.do/wp-content/uploads/2026/03/Temperaturas-extremas-y-precipitaciones-12-de-Marzo-2026.pdf
2026-03-12,080,VILLA VASQUEZ (EMA),MONTE CRISTI,JUNTA DE REGANTES,EMAI,,,0.0,https://indomet.gob.do/wp-content/uploads/2026/03/Temperaturas-extremas-y-precipitaciones-12-de-Marzo-2026.pdf
2026-03-12,081,SANTIAGO RODRÍGUEZ,SANTIAGO RODRÍGUEZ,INDOMET,EMCI,34.5,18.6,0.0,https://indomet.gob.do/wp-content/uploads/2026/03/Temperaturas-extremas-y-precipitaciones-12-de-Marzo-2026.pdf
2026-03-12,082,SANTO DOMINGO ESTE,SANTO DOMINGO,INDOMET,EMCI,29.2,21.3,0.0,https://indomet.gob.do/wp-content/uploads/2026/03/Temperaturas-extremas-y-precipitaciones-12-de-Marzo-2026.pdf
2026-03-12,083,TÁBARA ABAJO,AZUA,INDRHI,EMCI,33.0,18.4,0.0,https://indomet.gob.do/wp-content/uploads/2026/03/Temperaturas-extremas-y-precipitaciones-12-de-Marzo-2026.pdf
2026-03-12,084,TAVERA,SANTIAGO,INDRHI,EMCI,,,0.0,https://indomet.gob.do/wp-content/uploads/2026/03/Temperaturas-extremas-y-precipitaciones-12-de-Marzo-2026.pdf
2026-03-12,085,VILLA GONZALES,SANTIAGO,MINISTERIO DE AGRICULTURA,EMCI,,,0.0,https://indomet.gob.do/wp-content/uploads/2026/03/Temperaturas-extremas-y-precipitaciones-12-de-Marzo-2026.pdf
2026-03-12,086,VILLA ISABELA,PUERTO PLATA,MINISTERIO DE AGRICULTURA,EMCV,30.8,17.0,0.0,https://indomet.gob.do/wp-content/uploads/2026/03/Temperaturas-extremas-y-precipitaciones-12-de-Marzo-2026.pdf
2026-03-12,087,VILLA RIVA,DUARTE,HOSP. MPAL. ALICIA DE LEGENDRE,EMCI,29.0,20.0,0.0,https://indomet.gob.do/wp-content/uploads/2026/03/Temperaturas-extremas-y-precipitaciones-12-de-Marzo-2026.pdf
2026-03-13,001,LA VICTORIA,SANTO DOMINGO,CUERPO DE BOMBEROS,EMCI,32.5,20.0,17.0,https://indomet.gob.do/wp-content/uploads/2026/03/temperaturas-extremas-y-precipitaciones-2026x03x13-a.pdf
2026-03-13,002,CABRERA,MARÍA TRINIDAD SÁNCHEZ,ESCUELA ARÍSTIDES FIALLO CABRAL,EMCI,31.5,21.5,12.0,https://indomet.gob.do/wp-content/uploads/2026/03/temperaturas-extremas-y-precipitaciones-2026x03x13-a.pdf
2026-03-13,003,SAMANÁ,SAMANÁ,COMANDANCIA DE PUERTO DE SAMANÁ,EMCI,30.4,16.5,11.2,https://indomet.gob.do/wp-content/uploads/2026/03/temperaturas-extremas-y-precipitaciones-2026x03x13-a.pdf
2026-03-13,004,BAYAGUANA,MONTE PLATA,INDOMET,EMCI,32.5,17.8,8.0,https://indomet.gob.do/wp-content/uploads/2026/03/temperaturas-extremas-y-precipitaciones-2026x03x13-a.pdf
2026-03-13,005,ARPT. ARROYO BARRIL,SAMANÁ,INDOMET,EMCI,30.5,21.0,7.8,https://indomet.gob.do/wp-content/uploads/2026/03/temperaturas-extremas-y-precipitaciones-2026x03x13-a.pdf
2026-03-13,006,RÍO SAN JUAN,MARÍA TRINIDAD SÁNCHEZ,HOSP. MPAL. DR. DESIDERIO ACOSTA,EMCV,31.8,21.2,7.0,https://indomet.gob.do/wp-content/uploads/2026/03/temperaturas-extremas-y-precipitaciones-2026x03x13-a.pdf
2026-03-13,007,LOS LLANOS,SAN PEDRO DE MACORÍS,MINISTERIO DE AGRICULTURA,EMCI,30.2,19.5,6.6,https://indomet.gob.do/wp-content/uploads/2026/03/temperaturas-extremas-y-precipitaciones-2026x03x13-a.pdf
2026-03-13,008,GASPAR HERNÁNDEZ,ESPAILLAT,PROPIEDAD DEL EMPLEADO,EMCI,,,6.0,https://indomet.gob.do/wp-content/uploads/2026/03/temperaturas-extremas-y-precipitaciones-2026x03x13-a.pdf
2026-03-13,009,SALCEDO,HERMANAS MIRABAL,PROPIEDAD DEL EMPLEADO,EMCI,,,5.0,https://indomet.gob.do/wp-content/uploads/2026/03/temperaturas-extremas-y-precipitaciones-2026x03x13-a.pdf
2026-03-13,010,ENRIQUILLO,BARAHONA,MINISTERIO DE AGRICULTURA,EMCV,31.0,20.8,4.4,https://indomet.gob.do/wp-content/uploads/2026/03/temperaturas-extremas-y-precipitaciones-2026x03x13-a.pdf
2026-03-13,011,ALTO BANDERA (EMA),LA VEGA,INTEC,EMAP,15.8,4.4,4.1,https://indomet.gob.do/wp-content/uploads/2026/03/temperaturas-extremas-y-precipitaciones-2026x03x13-a.pdf
2026-03-13,012,VILLA ALTAGRACIA,SAN CRISTÓBAL,ESCUELA JAVIER ANGULO GURIDI,EMCI,,,4.1,https://indomet.gob.do/wp-content/uploads/2026/03/temperaturas-extremas-y-precipitaciones-2026x03x13-a.pdf
2026-03-13,013,ARPT. LA ISABELA,SANTO DOMINGO,INDOMET,EMCI,31.5,18.0,3.5,https://indomet.gob.do/wp-content/uploads/2026/03/temperaturas-extremas-y-precipitaciones-2026x03x13-a.pdf
2026-03-13,014,SÁNCHEZ,SAMANÁ,MINISTERIO DE AGRICULTURA,EMCI,29.8,19.5,3.4,https://indomet.gob.do/wp-content/uploads/2026/03/temperaturas-extremas-y-precipitaciones-2026x03x13-a.pdf
2026-03-13,015,SAN JOSÉ DE OCOA,SAN JOSÉ DE OCOA,HOSP. SAN JOSÉ DE OCOA,EMCI,30.8,18.0,3.0,https://indomet.gob.do/wp-content/uploads/2026/03/temperaturas-extremas-y-precipitaciones-2026x03x13-a.pdf
2026-03-13,016,MICHES (EMA),EL SEIBO,PRIVADA,EMAP,30.4,20.9,2.2,https://indomet.gob.do/wp-content/uploads/2026/03/temperaturas-extremas-y-precipitaciones-2026x03x13-a.pdf
2026-03-13,017,OVIEDO,PEDERNALES,CLÍNICA RURAL OVIEDO,EMCI,30.7,21.2,2.0,https://indomet.gob.do/wp-content/uploads/2026/03/temperaturas-extremas-y-precipitaciones-2026x03x13-a.pdf
2026-03-13,018,VILLA VASQUEZ (EMA),MONTE CRISTI,JUNTA DE REGANTES,EMAI,,,1.4,https://indomet.gob.do/wp-content/uploads/2026/03/temperaturas-extremas-y-precipitaciones-2026x03x13-a.pdf
2026-03-13,019,HONDO VALLE,ELÍAS PIÑA,MINISTERIO DE AGRICULTURA,EMCI,23.8,14.4,1.3,https://indomet.gob.do/wp-content/uploads/2026/03/temperaturas-extremas-y-precipitaciones-2026x03x13-a.pdf
2026-03-13,020,SABANA DE LA MAR,HATO MAYOR,INDOMET,EMCI,29.6,20.4,1.2,https://indomet.gob.do/wp-content/uploads/2026/03/temperaturas-extremas-y-precipitaciones-2026x03x13-a.pdf
2026-03-13,021,POLO,BARAHONA,INDOCAFE,EMCI,,15.0,0.7,https://indomet.gob.do/wp-content/uploads/2026/03/temperaturas-extremas-y-precipitaciones-2026x03x13-a.pdf
2026-03-13,022,PRESA DE TAVERAS (EMA),LA VEGA,PROGRAMA MUNDIAL DE ALIMENTO,EMAP,29.4,19.9,0.6,https://indomet.gob.do/wp-content/uploads/2026/03/temperaturas-extremas-y-precipitaciones-2026x03x13-a.pdf
2026-03-13,023,CONSTANZA,LA VEGA,MINISTERIO DE AGRICULTURA,EMCI,24.8,10.5,0.5,https://indomet.gob.do/wp-content/uploads/2026/03/temperaturas-extremas-y-precipitaciones-2026x03x13-a.pdf
2026-03-13,024,SABANA GRANDE DE BOYÁ,MONTE PLATA,MINISTERIO DE AGRICULTURA,EMCV,,,0.3,https://indomet.gob.do/wp-content/uploads/2026/03/temperaturas-extremas-y-precipitaciones-2026x03x13-a.pdf
2026-03-13,025,ALTAMIRA,PUERTO PLATA,HOSP. MPAL. DE ALTAMIRA,EMCI,30.2,17.0,0.2,https://indomet.gob.do/wp-content/uploads/2026/03/temperaturas-extremas-y-precipitaciones-2026x03x13-a.pdf
2026-03-13,026,ARPT. DE PUNTA CANA,LA ALTAGRACIA,INDOMET,EMCI,29.2,23.0,0.2,https://indomet.gob.do/wp-content/uploads/2026/03/temperaturas-extremas-y-precipitaciones-2026x03x13-a.pdf
2026-03-13,027,BUCARA (EMA),SANTIAGO,MINISTERIO DE AGRICULTURA,EMAI,,,0.2,https://indomet.gob.do/wp-content/uploads/2026/03/temperaturas-extremas-y-precipitaciones-2026x03x13-a.pdf
2026-03-13,028,CONSTANZA (EMA),LA VEGA,PROGRAMA MUNDIAL DE ALIMENTO,EMAP,23.8,12.1,0.2,https://indomet.gob.do/wp-content/uploads/2026/03/temperaturas-extremas-y-precipitaciones-2026x03x13-a.pdf
2026-03-13,029,PERALTA,AZUA,HOSP. MPAL. DE PERALTA,EMCI,31.7,18.2,0.1,https://indomet.gob.do/wp-content/uploads/2026/03/temperaturas-extremas-y-precipitaciones-2026x03x13-a.pdf
2026-03-13,030,ANAMUYA (EMA),LA ALTAGRACIA,MINISTERIO DE AGRICULTURA,EMAP,29.9,21.9,0.0,https://indomet.gob.do/wp-content/uploads/2026/03/temperaturas-extremas-y-precipitaciones-2026x03x13-a.pdf
2026-03-13,031,ARPT. DE LA ROMANA,LA ROMANA,INDOMET,EMCI,30.5,18.8,0.0,https://indomet.gob.do/wp-content/uploads/2026/03/temperaturas-extremas-y-precipitaciones-2026x03x13-a.pdf
2026-03-13,032,ARPT. DE LAS AMÉRICAS,SANTO DOMINGO,INDOMET,EMCI,29.5,19.7,0.0,https://indomet.gob.do/wp-content/uploads/2026/03/temperaturas-extremas-y-precipitaciones-2026x03x13-a.pdf
2026-03-13,033,ARPT. DEL CIBAO,SANTIAGO,INDOMET,EMCI,31.0,17.5,0.0,https://indomet.gob.do/wp-content/uploads/2026/03/temperaturas-extremas-y-precipitaciones-2026x03x13-a.pdf
2026-03-13,034,ARPT. EL CATEY,SAMANÁ,INDOMET,EMCI,30.5,19.5,0.0,https://indomet.gob.do/wp-content/uploads/2026/03/temperaturas-extremas-y-precipitaciones-2026x03x13-a.pdf
2026-03-13,035,ARPT. GREGORIO LUPERÓN,PUERTO PLATA,INDOMET,EMCI,30.0,20.0,0.0,https://indomet.gob.do/wp-content/uploads/2026/03/temperaturas-extremas-y-precipitaciones-2026x03x13-a.pdf
2026-03-13,036,ARPT. MARÍA MONTEZ,BARAHONA,INDOMET,EMCI,31.3,22.0,0.0,https://indomet.gob.do/wp-content/uploads/2026/03/temperaturas-extremas-y-precipitaciones-2026x03x13-a.pdf
2026-03-13,037,ARROYO LORO,SAN JUAN,IDIAF,EMCI,32.1,16.7,0.0,https://indomet.gob.do/wp-content/uploads/2026/03/temperaturas-extremas-y-precipitaciones-2026x03x13-a.pdf
2026-03-13,038,BELLA VISTA (EMA),DISTRITO NACIONAL,PRIVADA,EMAP,,,0.0,https://indomet.gob.do/wp-content/uploads/2026/03/temperaturas-extremas-y-precipitaciones-2026x03x13-a.pdf
2026-03-13,039,BOCA DE MAO (EMA),VALVERDE,MINISTERIO DE AGRICULTURA,EMAP,33.6,21.8,0.0,https://indomet.gob.do/wp-content/uploads/2026/03/temperaturas-extremas-y-precipitaciones-2026x03x13-a.pdf
2026-03-13,040,BONAO,MONSEÑOR NOUEL,MINISTERIO DE AGRICULTURA,EMCV,,,0.0,https://indomet.gob.do/wp-content/uploads/2026/03/temperaturas-extremas-y-precipitaciones-2026x03x13-a.pdf
2026-03-13,041,CABRAL,BARAHONA,MINISTERIO DE AGRICULTURA,EMCV,32.3,21.2,0.0,https://indomet.gob.do/wp-content/uploads/2026/03/temperaturas-extremas-y-precipitaciones-2026x03x13-a.pdf
2026-03-13,042,CENTRO DE LOS HEROES (EMA),DISTRITO NACIONAL,MINISTERIO DE ENERGIA Y MINA,EMAP,29.8,23.3,0.0,https://indomet.gob.do/wp-content/uploads/2026/03/temperaturas-extremas-y-precipitaciones-2026x03x13-a.pdf
2026-03-13,043,DAJABÓN,DAJABÓN,INSTITUTO POLITÉCNICO LOYOLA,EMCI,34.0,20.6,0.0,https://indomet.gob.do/wp-content/uploads/2026/03/temperaturas-extremas-y-precipitaciones-2026x03x13-a.pdf
2026-03-13,044,EL FACTOR (EMA),MARÍA TRINIDAD SÁNCHEZ,INTEC,EMAP,30.7,20.1,0.0,https://indomet.gob.do/wp-content/uploads/2026/03/temperaturas-extremas-y-precipitaciones-2026x03x13-a.pdf
2026-03-13,045,EL MILLON (EMA),DISTRITO NACIONAL,PRIVADA,EMAP,,,0.0,https://indomet.gob.do/wp-content/uploads/2026/03/temperaturas-extremas-y-precipitaciones-2026x03x13-a.pdf
2026-03-13,046,ELÍAS PIÑA,ELÍAS PIÑA,MINISTERIO DE AGRICULTURA,EMCV,,,0.0,https://indomet.gob.do/wp-content/uploads/2026/03/temperaturas-extremas-y-precipitaciones-2026x03x13-a.pdf
2026-03-13,047,ENSANCHE LA FE (EMA),DISTRITO NACIONAL,PRIVADA,EMAP,,,0.0,https://indomet.gob.do/wp-content/uploads/2026/03/temperaturas-extremas-y-precipitaciones-2026x03x13-a.pdf
2026-03-13,048,ESCONDIDO,PERAVIA,MINISTERIO DE AGRICULTURA,EMCV,30.0,22.0,0.0,https://indomet.gob.do/wp-content/uploads/2026/03/temperaturas-extremas-y-precipitaciones-2026x03x13-a.pdf
2026-03-13,049,GURABO,SANTIAGO,MINISTERIO DE AGRICULTURA,EMCV,,,0.0,https://indomet.gob.do/wp-content/uploads/2026/03/temperaturas-extremas-y-precipitaciones-2026x03x13-a.pdf
2026-03-13,050,HATO MAYOR,HATO MAYOR,MINISTERIO DE AGRICULTURA,EMCV,,,0.0,https://indomet.gob.do/wp-content/uploads/2026/03/temperaturas-extremas-y-precipitaciones-2026x03x13-a.pdf
2026-03-13,051,JARABACOA,LA VEGA,INDRHI / MARENA,EMCI,30.0,14.2,0.0,https://indomet.gob.do/wp-content/uploads/2026/03/temperaturas-extremas-y-precipitaciones-2026x03x13-a.pdf
2026-03-13,052,JARABACOA (EMA),LA VEGA,PROGRAMA MUNDIAL DE ALIMENTO,EMAP,29.0,16.1,0.0,https://indomet.gob.do/wp-content/uploads/2026/03/temperaturas-extremas-y-precipitaciones-2026x03x13-a.pdf
2026-03-13,053,JARDÍN BOTÁNICO SANTIAGO (EMSANTIAGO,,JARDIN BOTANICO SANTIAGO,EMAI,31.2,20.8,0.0,https://indomet.gob.do/wp-content/uploads/2026/03/temperaturas-extremas-y-precipitaciones-2026x03x13-a.pdf
2026-03-13,054,JIMANÍ,INDEPENDENCIA,MINISTERIO DE AGRICULTURA,EMCI,33.6,21.2,0.0,https://indomet.gob.do/wp-content/uploads/2026/03/temperaturas-extremas-y-precipitaciones-2026x03x13-a.pdf
2026-03-13,055,JUMA BEJUCAL,MONSEÑOR NOUEL,IDIAF,EMCV,31.6,19.4,0.0,https://indomet.gob.do/wp-content/uploads/2026/03/temperaturas-extremas-y-precipitaciones-2026x03x13-a.pdf
2026-03-13,056,LA AGUSTINA (EMA),DISTRITO NACIONAL,PRIVADA,EMAP,,,0.0,https://indomet.gob.do/wp-content/uploads/2026/03/temperaturas-extremas-y-precipitaciones-2026x03x13-a.pdf
2026-03-13,057,LA VEGA,LA VEGA,IATESA,EMCI,31.0,19.0,0.0,https://indomet.gob.do/wp-content/uploads/2026/03/temperaturas-extremas-y-precipitaciones-2026x03x13-a.pdf
2026-03-13,058,LAS CANAS (EMA),MONTE CRISTI,PROGRAMA MUNDIAL DE ALIMENTO,EMAP,27.8,20.9,0.0,https://indomet.gob.do/wp-content/uploads/2026/03/temperaturas-extremas-y-precipitaciones-2026x03x13-a.pdf
2026-03-13,059,LAS MATAS DE FARFÁN,SAN JUAN,MINISTERIO DE AGRICULTURA,EMCV,,,0.0,https://indomet.gob.do/wp-content/uploads/2026/03/temperaturas-extremas-y-precipitaciones-2026x03x13-a.pdf
2026-03-13,060,LAS MATAS DE SANTA CRUZ (EMA,MONTE CRISTI,PROGRAMA MUNDIAL DE ALIMENTO,EMAP,,,0.0,https://indomet.gob.do/wp-content/uploads/2026/03/temperaturas-extremas-y-precipitaciones-2026x03x13-a.pdf
2026-03-13,061,LOS CACICAZGOS (EMA),DISTRITO NACIONAL,PRIVADA,EMAP,,,0.0,https://indomet.gob.do/wp-content/uploads/2026/03/temperaturas-extremas-y-precipitaciones-2026x03x13-a.pdf
2026-03-13,062,LOS JARDINES (EMA),DISTRITO NACIONAL,PRIVADA,EMAP,,,0.0,https://indomet.gob.do/wp-content/uploads/2026/03/temperaturas-extremas-y-precipitaciones-2026x03x13-a.pdf
2026-03-13,063,LOS PRADOS (EMA),DISTRITO NACIONAL,PRIVADA,EMAP,,,0.0,https://indomet.gob.do/wp-content/uploads/2026/03/temperaturas-extremas-y-precipitaciones-2026x03x13-a.pdf
2026-03-13,064,MAO,VALVERDE,INDRHI / MINISTERIO DE AGRICULTURA,EMCV,,,0.0,https://indomet.gob.do/wp-content/uploads/2026/03/temperaturas-extremas-y-precipitaciones-2026x03x13-a.pdf
2026-03-13,065,MONCIÓN (EMA),SANTIAGO RODRÍGUEZ,PROGRAMA MUNDIAL DE ALIMENTO,EMAP,30.7,16.9,0.0,https://indomet.gob.do/wp-content/uploads/2026/03/temperaturas-extremas-y-precipitaciones-2026x03x13-a.pdf
2026-03-13,066,MONTE CRISTI,MONTE CRISTI,INDOMET,EMCI,31.7,20.8,0.0,https://indomet.gob.do/wp-content/uploads/2026/03/temperaturas-extremas-y-precipitaciones-2026x03x13-a.pdf
2026-03-13,067,NAVARRETE,SANTIAGO,MINISTERIO DE AGRICULTURA,EMCV,,,0.0,https://indomet.gob.do/wp-content/uploads/2026/03/temperaturas-extremas-y-precipitaciones-2026x03x13-a.pdf
2026-03-13,068,OLIVARES,PEDERNALES,INDRHI,EMCI,,,0.0,https://indomet.gob.do/wp-content/uploads/2026/03/temperaturas-extremas-y-precipitaciones-2026x03x13-a.pdf
2026-03-13,069,PADRE LAS CASAS,AZUA,HOSP. NTRA. SRA. DEL CARMEN,EMCI,30.5,17.5,0.0,https://indomet.gob.do/wp-content/uploads/2026/03/temperaturas-extremas-y-precipitaciones-2026x03x13-a.pdf
2026-03-13,070,PALO ÍNDIO,PUERTO PLATA,MINISTERIO DE AGRICULTURA,EMCI,,,0.0,https://indomet.gob.do/wp-content/uploads/2026/03/temperaturas-extremas-y-precipitaciones-2026x03x13-a.pdf
2026-03-13,071,PEDERNALES,PEDERNALES,INDRHI,EMCI,,,0.0,https://indomet.gob.do/wp-content/uploads/2026/03/temperaturas-extremas-y-precipitaciones-2026x03x13-a.pdf
2026-03-13,072,PONTÓN ABAJO (EMA),LA VEGA,MINISTERIO DE AGRICULTURA,EMAP,32.1,21.1,0.0,https://indomet.gob.do/wp-content/uploads/2026/03/temperaturas-extremas-y-precipitaciones-2026x03x13-a.pdf
2026-03-13,073,PROLONGACION 27 DE FEBRERO,DISTRITO NACIONAL,PRIVADA,EMAP,,,0.0,https://indomet.gob.do/wp-content/uploads/2026/03/temperaturas-extremas-y-precipitaciones-2026x03x13-a.pdf
2026-03-13,074,RANCHO ARRIBA,SAN JOSÉ DE OCOA,CENTRO TECNOLÓGICO COMUNITARIO,EMCI,28.3,15.4,0.0,https://indomet.gob.do/wp-content/uploads/2026/03/temperaturas-extremas-y-precipitaciones-2026x03x13-a.pdf
2026-03-13,075,RESTAURACIÓN,DAJABÓN,MINISTERIO DE AGRICULTURA,EMCI,29.5,14.9,0.0,https://indomet.gob.do/wp-content/uploads/2026/03/temperaturas-extremas-y-precipitaciones-2026x03x13-a.pdf
2026-03-13,076,SABANETA (EMA),SANTIAGO RODRÍGUEZ,PROGRAMA MUNDIAL DE ALIMENTO,EMAP,35.5,19.4,0.0,https://indomet.gob.do/wp-content/uploads/2026/03/temperaturas-extremas-y-precipitaciones-2026x03x13-a.pdf
2026-03-13,077,SAJOMA (EMA),SANTIAGO,PLAN SIERRA,EMAI,,,0.0,https://indomet.gob.do/wp-content/uploads/2026/03/temperaturas-extremas-y-precipitaciones-2026x03x13-a.pdf
2026-03-13,078,SAN CRISTÓBAL,SAN CRISTÓBAL,INSTITUTO POLITÉCNICO LOYOLA,EMCI,31.2,21.4,0.0,https://indomet.gob.do/wp-content/uploads/2026/03/temperaturas-extremas-y-precipitaciones-2026x03x13-a.pdf
2026-03-13,079,SAN RAFAEL DEL YUMA,LA ALTAGRACIA,MINISTERIO DE AGRICULTURA,EMCI,31.3,22.2,0.0,https://indomet.gob.do/wp-content/uploads/2026/03/temperaturas-extremas-y-precipitaciones-2026x03x13-a.pdf
2026-03-13,080,SANTIAGO RODRÍGUEZ,SANTIAGO RODRÍGUEZ,INDOMET,EMCI,35.0,19.5,0.0,https://indomet.gob.do/wp-content/uploads/2026/03/temperaturas-extremas-y-precipitaciones-2026x03x13-a.pdf
2026-03-13,081,SANTO DOMINGO ESTE,SANTO DOMINGO,INDOMET,EMCI,30.0,21.6,0.0,https://indomet.gob.do/wp-content/uploads/2026/03/temperaturas-extremas-y-precipitaciones-2026x03x13-a.pdf
2026-03-13,082,TÁBARA ABAJO,AZUA,INDRHI,EMCI,31.5,18.2,0.0,https://indomet.gob.do/wp-content/uploads/2026/03/temperaturas-extremas-y-precipitaciones-2026x03x13-a.pdf
2026-03-13,083,VILLA GONZALES,SANTIAGO,MINISTERIO DE AGRICULTURA,EMCI,,,0.0,https://indomet.gob.do/wp-content/uploads/2026/03/temperaturas-extremas-y-precipitaciones-2026x03x13-a.pdf
2026-03-13,084,VILLA ISABELA,PUERTO PLATA,MINISTERIO DE AGRICULTURA,EMCV,30.0,17.8,0.0,https://indomet.gob.do/wp-content/uploads/2026/03/temperaturas-extremas-y-precipitaciones-2026x03x13-a.pdf
2026-03-13,085,VILLA RIVA,DUARTE,HOSP. MPAL. ALICIA DE LEGENDRE,EMCI,29.4,19.4,0.0,https://indomet.gob.do/wp-content/uploads/2026/03/temperaturas-extremas-y-precipitaciones-2026x03x13-a.pdf
2026-03-13,086,VALLE NUEVO (EMA),LA VEGA,MARENA,EMAI,12.2,,,https://indomet.gob.do/wp-content/uploads/2026/03/temperaturas-extremas-y-precipitaciones-2026x03x13-a.pdf
2026-03-13,087,BANI (EMA),PERAVIA,MINISTERIO DE AGRICULTURA,EMAP,30.4,22.6,,https://indomet.gob.do/wp-content/uploads/2026/03/temperaturas-extremas-y-precipitaciones-2026x03x13-a.pdf
2026-03-14,001,MICHES (EMA),EL SEIBO,PRIVADA,EMAP,29.9,20.7,9.2,https://indomet.gob.do/wp-content/uploads/2026/03/temperaturas-extremas-y-precipitaciones-2026x03x14-a.pdf
2026-03-14,002,ARPT. LA ISABELA,SANTO DOMINGO,INDOMET,EMCI,30.0,18.5,9.0,https://indomet.gob.do/wp-content/uploads/2026/03/temperaturas-extremas-y-precipitaciones-2026x03x14-a.pdf
2026-03-14,003,VILLA ALTAGRACIA,SAN CRISTÓBAL,ESCUELA JAVIER ANGULO GURIDI,EMCI,,,8.1,https://indomet.gob.do/wp-content/uploads/2026/03/temperaturas-extremas-y-precipitaciones-2026x03x14-a.pdf
2026-03-14,004,POLO,BARAHONA,INDOCAFE,EMCI,,13.0,6.0,https://indomet.gob.do/wp-content/uploads/2026/03/temperaturas-extremas-y-precipitaciones-2026x03x14-a.pdf
2026-03-14,005,LA VICTORIA,SANTO DOMINGO,CUERPO DE BOMBEROS,EMCI,32.0,21.0,4.9,https://indomet.gob.do/wp-content/uploads/2026/03/temperaturas-extremas-y-precipitaciones-2026x03x14-a.pdf
2026-03-14,006,RANCHO ARRIBA,SAN JOSÉ DE OCOA,CENTRO TECNOLÓGICO COMUNITARIO,EMCI,27.2,15.4,4.1,https://indomet.gob.do/wp-content/uploads/2026/03/temperaturas-extremas-y-precipitaciones-2026x03x14-a.pdf
2026-03-14,007,BASE AÉREA DE SAN ISIDRO,SANTO DOMINGO,FUERZA AÉREA DOMINICANA,EMCV,30.0,20.1,4.0,https://indomet.gob.do/wp-content/uploads/2026/03/temperaturas-extremas-y-precipitaciones-2026x03x14-a.pdf
2026-03-14,008,ARPT. EL CATEY,SAMANÁ,INDOMET,EMCI,29.5,19.5,3.3,https://indomet.gob.do/wp-content/uploads/2026/03/temperaturas-extremas-y-precipitaciones-2026x03x14-a.pdf
2026-03-14,009,SANTO DOMINGO ESTE,SANTO DOMINGO,INDOMET,EMCI,30.0,22.5,3.3,https://indomet.gob.do/wp-content/uploads/2026/03/temperaturas-extremas-y-precipitaciones-2026x03x14-a.pdf
2026-03-14,010,SAMANÁ,SAMANÁ,COMANDANCIA DE PUERTO DE SAMANÁ,EMCI,29.6,17.0,3.0,https://indomet.gob.do/wp-content/uploads/2026/03/temperaturas-extremas-y-precipitaciones-2026x03x14-a.pdf
2026-03-14,011,SABANA DE LA MAR,HATO MAYOR,INDOMET,EMCI,29.8,20.6,2.4,https://indomet.gob.do/wp-content/uploads/2026/03/temperaturas-extremas-y-precipitaciones-2026x03x14-a.pdf
2026-03-14,012,BANI (EMA),PERAVIA,MINISTERIO DE AGRICULTURA,EMAP,30.5,22.4,2.2,https://indomet.gob.do/wp-content/uploads/2026/03/temperaturas-extremas-y-precipitaciones-2026x03x14-a.pdf
2026-03-14,013,RÍO SAN JUAN,MARÍA TRINIDAD SÁNCHEZ,HOSP. MPAL. DR. DESIDERIO ACOSTA,EMCV,30.8,20.6,2.0,https://indomet.gob.do/wp-content/uploads/2026/03/temperaturas-extremas-y-precipitaciones-2026x03x14-a.pdf
2026-03-14,014,BAYAGUANA,MONTE PLATA,INDOMET,EMCI,31.2,19.5,1.8,https://indomet.gob.do/wp-content/uploads/2026/03/temperaturas-extremas-y-precipitaciones-2026x03x14-a.pdf
2026-03-14,015,HONDO VALLE,ELÍAS PIÑA,MINISTERIO DE AGRICULTURA,EMCI,23.6,14.2,1.8,https://indomet.gob.do/wp-content/uploads/2026/03/temperaturas-extremas-y-precipitaciones-2026x03x14-a.pdf
2026-03-14,016,CENTRO DE LOS HEROES (EMA),DISTRITO NACIONAL,MINISTERIO DE ENERGIA Y MINA,EMAP,30.3,23.1,1.6,https://indomet.gob.do/wp-content/uploads/2026/03/temperaturas-extremas-y-precipitaciones-2026x03x14-a.pdf
2026-03-14,017,CABRERA,MARÍA TRINIDAD SÁNCHEZ,ESCUELA ARÍSTIDES FIALLO CABRAL,EMCI,30.5,,1.5,https://indomet.gob.do/wp-content/uploads/2026/03/temperaturas-extremas-y-precipitaciones-2026x03x14-a.pdf
2026-03-14,018,ENSANCHE LA FE (EMA),DISTRITO NACIONAL,PRIVADA,EMAP,,,1.5,https://indomet.gob.do/wp-content/uploads/2026/03/temperaturas-extremas-y-precipitaciones-2026x03x14-a.pdf
2026-03-14,019,LA AGUSTINA (EMA),DISTRITO NACIONAL,PRIVADA,EMAP,,,1.5,https://indomet.gob.do/wp-content/uploads/2026/03/temperaturas-extremas-y-precipitaciones-2026x03x14-a.pdf
2026-03-14,020,PROLONGACION 27 DE FEBRERO,DISTRITO NACIONAL,PRIVADA,EMAP,,,1.4,https://indomet.gob.do/wp-content/uploads/2026/03/temperaturas-extremas-y-precipitaciones-2026x03x14-a.pdf
2026-03-14,021,ENRIQUILLO,BARAHONA,MINISTERIO DE AGRICULTURA,EMCV,31.0,21.5,1.2,https://indomet.gob.do/wp-content/uploads/2026/03/temperaturas-extremas-y-precipitaciones-2026x03x14-a.pdf
2026-03-14,022,BELLA VISTA (EMA),DISTRITO NACIONAL,PRIVADA,EMAP,,,1.0,https://indomet.gob.do/wp-content/uploads/2026/03/temperaturas-extremas-y-precipitaciones-2026x03x14-a.pdf
2026-03-14,023,ARPT. DEL CIBAO,SANTIAGO,INDOMET,EMCI,31.0,20.0,0.8,https://indomet.gob.do/wp-content/uploads/2026/03/temperaturas-extremas-y-precipitaciones-2026x03x14-a.pdf
2026-03-14,024,LOS PRADOS (EMA),DISTRITO NACIONAL,PRIVADA,EMAP,,,0.8,https://indomet.gob.do/wp-content/uploads/2026/03/temperaturas-extremas-y-precipitaciones-2026x03x14-a.pdf
2026-03-14,025,LOS JARDINES (EMA),DISTRITO NACIONAL,PRIVADA,EMAP,,,0.6,https://indomet.gob.do/wp-content/uploads/2026/03/temperaturas-extremas-y-precipitaciones-2026x03x14-a.pdf
2026-03-14,026,SAN RAFAEL DEL YUMA,LA ALTAGRACIA,MINISTERIO DE AGRICULTURA,EMCI,31.1,21.4,0.6,https://indomet.gob.do/wp-content/uploads/2026/03/temperaturas-extremas-y-precipitaciones-2026x03x14-a.pdf
2026-03-14,027,ALTO BANDERA (EMA),LA VEGA,INTEC,EMAP,14.6,3.4,0.5,https://indomet.gob.do/wp-content/uploads/2026/03/temperaturas-extremas-y-precipitaciones-2026x03x14-a.pdf
2026-03-14,028,ARPT. DE PUNTA CANA,LA ALTAGRACIA,INDOMET,EMCI,29.3,22.2,0.5,https://indomet.gob.do/wp-content/uploads/2026/03/temperaturas-extremas-y-precipitaciones-2026x03x14-a.pdf
2026-03-14,029,LOS CACICAZGOS (EMA),DISTRITO NACIONAL,PRIVADA,EMAP,,,0.5,https://indomet.gob.do/wp-content/uploads/2026/03/temperaturas-extremas-y-precipitaciones-2026x03x14-a.pdf
2026-03-14,030,EL FACTOR (EMA),MARÍA TRINIDAD SÁNCHEZ,INTEC,EMAP,30.6,20.2,0.3,https://indomet.gob.do/wp-content/uploads/2026/03/temperaturas-extremas-y-precipitaciones-2026x03x14-a.pdf
2026-03-14,031,ANAMUYA (EMA),LA ALTAGRACIA,MINISTERIO DE AGRICULTURA,EMAP,30.3,21.8,0.2,https://indomet.gob.do/wp-content/uploads/2026/03/temperaturas-extremas-y-precipitaciones-2026x03x14-a.pdf
2026-03-14,032,JUMA BEJUCAL,MONSEÑOR NOUEL,IDIAF,EMCV,31.2,19.0,0.2,https://indomet.gob.do/wp-content/uploads/2026/03/temperaturas-extremas-y-precipitaciones-2026x03x14-a.pdf
2026-03-14,033,LA VEGA,LA VEGA,IATESA,EMCI,30.5,19.8,0.1,https://indomet.gob.do/wp-content/uploads/2026/03/temperaturas-extremas-y-precipitaciones-2026x03x14-a.pdf
2026-03-14,034,SALCEDO,HERMANAS MIRABAL,PROPIEDAD DEL EMPLEADO,EMCI,,,0.1,https://indomet.gob.do/wp-content/uploads/2026/03/temperaturas-extremas-y-precipitaciones-2026x03x14-a.pdf
2026-03-14,035,SAN JOSÉ DE OCOA,SAN JOSÉ DE OCOA,HOSP. SAN JOSÉ DE OCOA,EMCI,30.0,18.5,0.1,https://indomet.gob.do/wp-content/uploads/2026/03/temperaturas-extremas-y-precipitaciones-2026x03x14-a.pdf
2026-03-14,036,ALTAMIRA,PUERTO PLATA,HOSP. MPAL. DE ALTAMIRA,EMCI,30.4,17.4,0.0,https://indomet.gob.do/wp-content/uploads/2026/03/temperaturas-extremas-y-precipitaciones-2026x03x14-a.pdf
2026-03-14,037,ARPT. ARROYO BARRIL,SAMANÁ,INDOMET,EMCI,30.4,20.5,0.0,https://indomet.gob.do/wp-content/uploads/2026/03/temperaturas-extremas-y-precipitaciones-2026x03x14-a.pdf
2026-03-14,038,ARPT. DE LA ROMANA,LA ROMANA,INDOMET,EMCI,30.7,21.2,0.0,https://indomet.gob.do/wp-content/uploads/2026/03/temperaturas-extremas-y-precipitaciones-2026x03x14-a.pdf
2026-03-14,039,ARPT. DE LAS AMÉRICAS,SANTO DOMINGO,INDOMET,EMCI,29.6,20.0,0.0,https://indomet.gob.do/wp-content/uploads/2026/03/temperaturas-extremas-y-precipitaciones-2026x03x14-a.pdf
2026-03-14,040,ARPT. GREGORIO LUPERÓN,PUERTO PLATA,INDOMET,EMCI,29.5,20.5,0.0,https://indomet.gob.do/wp-content/uploads/2026/03/temperaturas-extremas-y-precipitaciones-2026x03x14-a.pdf
2026-03-14,041,ARPT. MARÍA MONTEZ,BARAHONA,INDOMET,EMCI,31.2,22.5,0.0,https://indomet.gob.do/wp-content/uploads/2026/03/temperaturas-extremas-y-precipitaciones-2026x03x14-a.pdf
2026-03-14,042,ARROYO LORO,SAN JUAN,IDIAF,EMCI,31.7,15.7,0.0,https://indomet.gob.do/wp-content/uploads/2026/03/temperaturas-extremas-y-precipitaciones-2026x03x14-a.pdf
2026-03-14,043,BOCA DE MAO (EMA),VALVERDE,MINISTERIO DE AGRICULTURA,EMAP,33.2,20.8,0.0,https://indomet.gob.do/wp-content/uploads/2026/03/temperaturas-extremas-y-precipitaciones-2026x03x14-a.pdf
2026-03-14,044,BONAO,MONSEÑOR NOUEL,MINISTERIO DE AGRICULTURA,EMCV,,,0.0,https://indomet.gob.do/wp-content/uploads/2026/03/temperaturas-extremas-y-precipitaciones-2026x03x14-a.pdf
2026-03-14,045,CABRAL,BARAHONA,MINISTERIO DE AGRICULTURA,EMCV,31.2,22.2,0.0,https://indomet.gob.do/wp-content/uploads/2026/03/temperaturas-extremas-y-precipitaciones-2026x03x14-a.pdf
2026-03-14,046,CONSTANZA,LA VEGA,MINISTERIO DE AGRICULTURA,EMCI,24.6,13.5,0.0,https://indomet.gob.do/wp-content/uploads/2026/03/temperaturas-extremas-y-precipitaciones-2026x03x14-a.pdf
2026-03-14,047,CONSTANZA (EMA),LA VEGA,PROGRAMA MUNDIAL DE ALIMENTO,EMAP,23.9,14.9,0.0,https://indomet.gob.do/wp-content/uploads/2026/03/temperaturas-extremas-y-precipitaciones-2026x03x14-a.pdf
2026-03-14,048,DAJABÓN,DAJABÓN,INSTITUTO POLITÉCNICO LOYOLA,EMCI,35.3,18.0,0.0,https://indomet.gob.do/wp-content/uploads/2026/03/temperaturas-extremas-y-precipitaciones-2026x03x14-a.pdf
2026-03-14,049,ELÍAS PIÑA,ELÍAS PIÑA,MINISTERIO DE AGRICULTURA,EMCV,,,0.0,https://indomet.gob.do/wp-content/uploads/2026/03/temperaturas-extremas-y-precipitaciones-2026x03x14-a.pdf
2026-03-14,050,GASPAR HERNÁNDEZ,ESPAILLAT,PROPIEDAD DEL EMPLEADO,EMCI,,,0.0,https://indomet.gob.do/wp-content/uploads/2026/03/temperaturas-extremas-y-precipitaciones-2026x03x14-a.pdf
2026-03-14,051,GURABO,SANTIAGO,MINISTERIO DE AGRICULTURA,EMCV,,,0.0,https://indomet.gob.do/wp-content/uploads/2026/03/temperaturas-extremas-y-precipitaciones-2026x03x14-a.pdf
2026-03-14,052,HATO MAYOR,HATO MAYOR,MINISTERIO DE AGRICULTURA,EMCV,,,0.0,https://indomet.gob.do/wp-content/uploads/2026/03/temperaturas-extremas-y-precipitaciones-2026x03x14-a.pdf
2026-03-14,053,JARABACOA,LA VEGA,INDRHI / MARENA,EMCI,29.8,13.2,0.0,https://indomet.gob.do/wp-content/uploads/2026/03/temperaturas-extremas-y-precipitaciones-2026x03x14-a.pdf
2026-03-14,054,JARABACOA (EMA),LA VEGA,PROGRAMA MUNDIAL DE ALIMENTO,EMAP,28.5,15.4,0.0,https://indomet.gob.do/wp-content/uploads/2026/03/temperaturas-extremas-y-precipitaciones-2026x03x14-a.pdf
2026-03-14,055,JIMANÍ,INDEPENDENCIA,MINISTERIO DE AGRICULTURA,EMCI,33.0,23.4,0.0,https://indomet.gob.do/wp-content/uploads/2026/03/temperaturas-extremas-y-precipitaciones-2026x03x14-a.pdf
2026-03-14,056,LAS CANAS (EMA),MONTE CRISTI,PROGRAMA MUNDIAL DE ALIMENTO,EMAP,27.7,20.9,0.0,https://indomet.gob.do/wp-content/uploads/2026/03/temperaturas-extremas-y-precipitaciones-2026x03x14-a.pdf
2026-03-14,057,LAS MATAS DE FARFÁN,SAN JUAN,MINISTERIO DE AGRICULTURA,EMCV,,,0.0,https://indomet.gob.do/wp-content/uploads/2026/03/temperaturas-extremas-y-precipitaciones-2026x03x14-a.pdf
2026-03-14,058,LAS MATAS DE SANTA CRUZ (EMA,MONTE CRISTI,PROGRAMA MUNDIAL DE ALIMENTO,EMAP,,,0.0,https://indomet.gob.do/wp-content/uploads/2026/03/temperaturas-extremas-y-precipitaciones-2026x03x14-a.pdf
2026-03-14,059,LOS LLANOS,SAN PEDRO DE MACORÍS,MINISTERIO DE AGRICULTURA,EMCI,30.9,19.7,0.0,https://indomet.gob.do/wp-content/uploads/2026/03/temperaturas-extremas-y-precipitaciones-2026x03x14-a.pdf
2026-03-14,060,LOS TRES CHARCOS (EMA),PEDERNALES,PROPIEDAD DEL VOLUNTARIO,EMAP,,,0.0,https://indomet.gob.do/wp-content/uploads/2026/03/temperaturas-extremas-y-precipitaciones-2026x03x14-a.pdf
2026-03-14,061,MAO,VALVERDE,INDRHI / MINISTERIO DE AGRICULTURA,EMCV,,,0.0,https://indomet.gob.do/wp-content/uploads/2026/03/temperaturas-extremas-y-precipitaciones-2026x03x14-a.pdf
2026-03-14,062,MONCIÓN (EMA),SANTIAGO RODRÍGUEZ,PROGRAMA MUNDIAL DE ALIMENTO,EMAP,,,0.0,https://indomet.gob.do/wp-content/uploads/2026/03/temperaturas-extremas-y-precipitaciones-2026x03x14-a.pdf
2026-03-14,063,MONTE CRISTI,MONTE CRISTI,INDOMET,EMCI,32.3,21.5,0.0,https://indomet.gob.do/wp-content/uploads/2026/03/temperaturas-extremas-y-precipitaciones-2026x03x14-a.pdf
2026-03-14,064,NAVARRETE,SANTIAGO,MINISTERIO DE AGRICULTURA,EMCV,,,0.0,https://indomet.gob.do/wp-content/uploads/2026/03/temperaturas-extremas-y-precipitaciones-2026x03x14-a.pdf
2026-03-14,065,OLIVARES,PEDERNALES,INDRHI,EMCI,,,0.0,https://indomet.gob.do/wp-content/uploads/2026/03/temperaturas-extremas-y-precipitaciones-2026x03x14-a.pdf
2026-03-14,066,OVIEDO,PEDERNALES,CLÍNICA RURAL OVIEDO,EMCI,31.5,21.5,0.0,https://indomet.gob.do/wp-content/uploads/2026/03/temperaturas-extremas-y-precipitaciones-2026x03x14-a.pdf
2026-03-14,067,PADRE LAS CASAS,AZUA,HOSP. NTRA. SRA. DEL CARMEN,EMCI,31.0,16.5,0.0,https://indomet.gob.do/wp-content/uploads/2026/03/temperaturas-extremas-y-precipitaciones-2026x03x14-a.pdf
2026-03-14,068,PALO ÍNDIO,PUERTO PLATA,MINISTERIO DE AGRICULTURA,EMCI,,,0.0,https://indomet.gob.do/wp-content/uploads/2026/03/temperaturas-extremas-y-precipitaciones-2026x03x14-a.pdf
2026-03-14,069,PEDERNALES,PEDERNALES,INDRHI,EMCI,,,0.0,https://indomet.gob.do/wp-content/uploads/2026/03/temperaturas-extremas-y-precipitaciones-2026x03x14-a.pdf
2026-03-14,070,PERALTA,AZUA,HOSP. MPAL. DE PERALTA,EMCI,30.5,16.0,0.0,https://indomet.gob.do/wp-content/uploads/2026/03/temperaturas-extremas-y-precipitaciones-2026x03x14-a.pdf
2026-03-14,071,PONTÓN ABAJO (EMA),LA VEGA,MINISTERIO DE AGRICULTURA,EMAP,32.5,20.3,0.0,https://indomet.gob.do/wp-content/uploads/2026/03/temperaturas-extremas-y-precipitaciones-2026x03x14-a.pdf
2026-03-14,072,RESTAURACIÓN,DAJABÓN,MINISTERIO DE AGRICULTURA,EMCI,30.1,15.3,0.0,https://indomet.gob.do/wp-content/uploads/2026/03/temperaturas-extremas-y-precipitaciones-2026x03x14-a.pdf
2026-03-14,073,SABANA GRANDE DE BOYÁ,MONTE PLATA,MINISTERIO DE AGRICULTURA,EMCV,,,0.0,https://indomet.gob.do/wp-content/uploads/2026/03/temperaturas-extremas-y-precipitaciones-2026x03x14-a.pdf
2026-03-14,074,SABANETA (EMA),SANTIAGO RODRÍGUEZ,PROGRAMA MUNDIAL DE ALIMENTO,EMAP,34.6,19.8,0.0,https://indomet.gob.do/wp-content/uploads/2026/03/temperaturas-extremas-y-precipitaciones-2026x03x14-a.pdf
2026-03-14,075,SAN CRISTÓBAL,SAN CRISTÓBAL,INSTITUTO POLITÉCNICO LOYOLA,EMCI,,,0.0,https://indomet.gob.do/wp-content/uploads/2026/03/temperaturas-extremas-y-precipitaciones-2026x03x14-a.pdf
2026-03-14,076,SÁNCHEZ,SAMANÁ,MINISTERIO DE AGRICULTURA,EMCI,30.1,19.0,0.0,https://indomet.gob.do/wp-content/uploads/2026/03/temperaturas-extremas-y-precipitaciones-2026x03x14-a.pdf
2026-03-14,077,SANTIAGO RODRÍGUEZ,SANTIAGO RODRÍGUEZ,INDOMET,EMCI,34.5,20.0,0.0,https://indomet.gob.do/wp-content/uploads/2026/03/temperaturas-extremas-y-precipitaciones-2026x03x14-a.pdf
2026-03-14,078,TÁBARA ABAJO,AZUA,INDRHI,EMCI,32.0,22.0,0.0,https://indomet.gob.do/wp-content/uploads/2026/03/temperaturas-extremas-y-precipitaciones-2026x03x14-a.pdf
2026-03-14,079,VILLA GONZALES,SANTIAGO,MINISTERIO DE AGRICULTURA,EMCI,,,0.0,https://indomet.gob.do/wp-content/uploads/2026/03/temperaturas-extremas-y-precipitaciones-2026x03x14-a.pdf
2026-03-14,080,VILLA RIVA,DUARTE,HOSP. MPAL. ALICIA DE LEGENDRE,EMCI,30.0,20.5,0.0,https://indomet.gob.do/wp-content/uploads/2026/03/temperaturas-extremas-y-precipitaciones-2026x03x14-a.pdf
2026-03-15,001,SÁNCHEZ,SAMANÁ,MINISTERIO DE AGRICULTURA,EMCI,30.4,21.0,44.4,https://indomet.gob.do/wp-content/uploads/2026/03/Temperaturas-extremas-y-precipitaciones-15-de-Marzo-2026.pdf
2026-03-15,002,ARPT. EL CATEY,SAMANÁ,INDOMET,EMCI,30.2,19.5,24.0,https://indomet.gob.do/wp-content/uploads/2026/03/Temperaturas-extremas-y-precipitaciones-15-de-Marzo-2026.pdf
2026-03-15,003,TÁBARA ABAJO,AZUA,INDRHI,EMCI,31.5,19.0,16.1,https://indomet.gob.do/wp-content/uploads/2026/03/Temperaturas-extremas-y-precipitaciones-15-de-Marzo-2026.pdf
2026-03-15,004,GURABO,SANTIAGO,MINISTERIO DE AGRICULTURA,EMCV,,,11.9,https://indomet.gob.do/wp-content/uploads/2026/03/Temperaturas-extremas-y-precipitaciones-15-de-Marzo-2026.pdf
2026-03-15,005,SAN CRISTÓBAL,SAN CRISTÓBAL,INSTITUTO POLITÉCNICO LOYOLA,EMCI,30.2,20.2,11.7,https://indomet.gob.do/wp-content/uploads/2026/03/Temperaturas-extremas-y-precipitaciones-15-de-Marzo-2026.pdf
2026-03-15,006,ANAMUYA (EMA),LA ALTAGRACIA,MINISTERIO DE AGRICULTURA,EMAP,29.9,21.6,10.2,https://indomet.gob.do/wp-content/uploads/2026/03/Temperaturas-extremas-y-precipitaciones-15-de-Marzo-2026.pdf
2026-03-15,007,SANTO DOMINGO ESTE,SANTO DOMINGO,INDOMET,EMCI,30.6,22.5,9.8,https://indomet.gob.do/wp-content/uploads/2026/03/Temperaturas-extremas-y-precipitaciones-15-de-Marzo-2026.pdf
2026-03-15,008,ARPT. DE LAS AMÉRICAS,SANTO DOMINGO,INDOMET,EMCI,30.4,20.2,9.5,https://indomet.gob.do/wp-content/uploads/2026/03/Temperaturas-extremas-y-precipitaciones-15-de-Marzo-2026.pdf
2026-03-15,009,JUMA BEJUCAL,MONSEÑOR NOUEL,IDIAF,EMCV,31.4,20.8,9.5,https://indomet.gob.do/wp-content/uploads/2026/03/Temperaturas-extremas-y-precipitaciones-15-de-Marzo-2026.pdf
2026-03-15,010,JARDÍN BOTÁNICO SANTIAGO (EMSANTIAGO,,JARDIN BOTANICO SANTIAGO,EMAI,30.4,21.1,9.0,https://indomet.gob.do/wp-content/uploads/2026/03/Temperaturas-extremas-y-precipitaciones-15-de-Marzo-2026.pdf
2026-03-15,011,JARDÍN BOTÁNICO NACIONAL,DISTRITO NACIONAL,JARDÍN BOTÁNICO NACIONAL,EMCV,30.3,19.4,8.6,https://indomet.gob.do/wp-content/uploads/2026/03/Temperaturas-extremas-y-precipitaciones-15-de-Marzo-2026.pdf
2026-03-15,012,POLO,BARAHONA,INDOCAFE,EMCI,,18.0,8.2,https://indomet.gob.do/wp-content/uploads/2026/03/Temperaturas-extremas-y-precipitaciones-15-de-Marzo-2026.pdf
2026-03-15,013,EL FACTOR (EMA),MARÍA TRINIDAD SÁNCHEZ,INTEC,EMAP,30.7,21.9,7.9,https://indomet.gob.do/wp-content/uploads/2026/03/Temperaturas-extremas-y-precipitaciones-15-de-Marzo-2026.pdf
2026-03-15,014,ENSANCHE LA FE (EMA),DISTRITO NACIONAL,PRIVADA,EMAP,,,7.4,https://indomet.gob.do/wp-content/uploads/2026/03/Temperaturas-extremas-y-precipitaciones-15-de-Marzo-2026.pdf
2026-03-15,015,LA AGUSTINA (EMA),DISTRITO NACIONAL,PRIVADA,EMAP,,,7.4,https://indomet.gob.do/wp-content/uploads/2026/03/Temperaturas-extremas-y-precipitaciones-15-de-Marzo-2026.pdf
2026-03-15,016,PROLONGACION 27 DE FEBRERO,DISTRITO NACIONAL,PRIVADA,EMAP,,,7.2,https://indomet.gob.do/wp-content/uploads/2026/03/Temperaturas-extremas-y-precipitaciones-15-de-Marzo-2026.pdf
2026-03-15,017,OVIEDO,PEDERNALES,CLÍNICA RURAL OVIEDO,EMCI,31.5,21.0,7.0,https://indomet.gob.do/wp-content/uploads/2026/03/Temperaturas-extremas-y-precipitaciones-15-de-Marzo-2026.pdf
2026-03-15,018,BONAO,MONSEÑOR NOUEL,MINISTERIO DE AGRICULTURA,EMCV,,,6.9,https://indomet.gob.do/wp-content/uploads/2026/03/Temperaturas-extremas-y-precipitaciones-15-de-Marzo-2026.pdf
2026-03-15,019,ENRIQUILLO,BARAHONA,MINISTERIO DE AGRICULTURA,EMCV,30.5,20.0,6.8,https://indomet.gob.do/wp-content/uploads/2026/03/Temperaturas-extremas-y-precipitaciones-15-de-Marzo-2026.pdf
2026-03-15,020,RANCHO ARRIBA,SAN JOSÉ DE OCOA,CENTRO TECNOLÓGICO COMUNITARIO,EMCI,26.8,16.5,6.4,https://indomet.gob.do/wp-content/uploads/2026/03/Temperaturas-extremas-y-precipitaciones-15-de-Marzo-2026.pdf
2026-03-15,021,CENTRO DE LOS HEROES (EMA),DISTRITO NACIONAL,MINISTERIO DE ENERGIA Y MINA,EMAP,29.4,23.3,5.8,https://indomet.gob.do/wp-content/uploads/2026/03/Temperaturas-extremas-y-precipitaciones-15-de-Marzo-2026.pdf
2026-03-15,022,MICHES (EMA),EL SEIBO,PRIVADA,EMAP,30.4,20.2,5.8,https://indomet.gob.do/wp-content/uploads/2026/03/Temperaturas-extremas-y-precipitaciones-15-de-Marzo-2026.pdf
2026-03-15,023,ARPT. DEL CIBAO,SANTIAGO,INDOMET,EMCI,30.8,18.5,5.6,https://indomet.gob.do/wp-content/uploads/2026/03/Temperaturas-extremas-y-precipitaciones-15-de-Marzo-2026.pdf
2026-03-15,024,LOS PRADOS (EMA),DISTRITO NACIONAL,PRIVADA,EMAP,,,5.6,https://indomet.gob.do/wp-content/uploads/2026/03/Temperaturas-extremas-y-precipitaciones-15-de-Marzo-2026.pdf
2026-03-15,025,ARPT. DE PUNTA CANA,LA ALTAGRACIA,INDOMET,EMCI,29.4,22.6,5.4,https://indomet.gob.do/wp-content/uploads/2026/03/Temperaturas-extremas-y-precipitaciones-15-de-Marzo-2026.pdf
2026-03-15,026,LOS CACICAZGOS (EMA),DISTRITO NACIONAL,PRIVADA,EMAP,,,5.1,https://indomet.gob.do/wp-content/uploads/2026/03/Temperaturas-extremas-y-precipitaciones-15-de-Marzo-2026.pdf
2026-03-15,027,VILLA GONZALES,SANTIAGO,MINISTERIO DE AGRICULTURA,EMCI,,,5.1,https://indomet.gob.do/wp-content/uploads/2026/03/Temperaturas-extremas-y-precipitaciones-15-de-Marzo-2026.pdf
2026-03-15,028,LOS JARDINES (EMA),DISTRITO NACIONAL,PRIVADA,EMAP,,,5.0,https://indomet.gob.do/wp-content/uploads/2026/03/Temperaturas-extremas-y-precipitaciones-15-de-Marzo-2026.pdf
2026-03-15,029,SALCEDO,HERMANAS MIRABAL,PROPIEDAD DEL EMPLEADO,EMCI,,,4.7,https://indomet.gob.do/wp-content/uploads/2026/03/Temperaturas-extremas-y-precipitaciones-15-de-Marzo-2026.pdf
2026-03-15,030,BANI (EMA),PERAVIA,MINISTERIO DE AGRICULTURA,EMAP,30.1,22.1,4.6,https://indomet.gob.do/wp-content/uploads/2026/03/Temperaturas-extremas-y-precipitaciones-15-de-Marzo-2026.pdf
2026-03-15,031,BELLA VISTA (EMA),DISTRITO NACIONAL,PRIVADA,EMAP,,,4.6,https://indomet.gob.do/wp-content/uploads/2026/03/Temperaturas-extremas-y-precipitaciones-15-de-Marzo-2026.pdf
2026-03-15,032,GASPAR HERNÁNDEZ,ESPAILLAT,PROPIEDAD DEL EMPLEADO,EMCI,,,4.4,https://indomet.gob.do/wp-content/uploads/2026/03/Temperaturas-extremas-y-precipitaciones-15-de-Marzo-2026.pdf
2026-03-15,033,PARQUE MIRADOR SUR,DISTRITO NACIONAL,AYUNTAMIENTO,EMCV,31.5,21.3,4.0,https://indomet.gob.do/wp-content/uploads/2026/03/Temperaturas-extremas-y-precipitaciones-15-de-Marzo-2026.pdf
2026-03-15,034,VALLE NUEVO (EMA),LA VEGA,MARENA,EMAI,15.2,7.2,4.0,https://indomet.gob.do/wp-content/uploads/2026/03/Temperaturas-extremas-y-precipitaciones-15-de-Marzo-2026.pdf
2026-03-15,035,BASE AÉREA DE SAN ISIDRO,SANTO DOMINGO,FUERZA AÉREA DOMINICANA,EMCV,30.5,21.5,3.2,https://indomet.gob.do/wp-content/uploads/2026/03/Temperaturas-extremas-y-precipitaciones-15-de-Marzo-2026.pdf
2026-03-15,036,LA VICTORIA,SANTO DOMINGO,CUERPO DE BOMBEROS,EMCI,31.8,20.8,3.2,https://indomet.gob.do/wp-content/uploads/2026/03/Temperaturas-extremas-y-precipitaciones-15-de-Marzo-2026.pdf
2026-03-15,037,ALTO BANDERA (EMA),LA VEGA,INTEC,EMAP,10.2,4.8,2.8,https://indomet.gob.do/wp-content/uploads/2026/03/Temperaturas-extremas-y-precipitaciones-15-de-Marzo-2026.pdf
2026-03-15,038,JARABACOA (EMA),LA VEGA,PROGRAMA MUNDIAL DE ALIMENTO,EMAP,27.7,16.9,2.8,https://indomet.gob.do/wp-content/uploads/2026/03/Temperaturas-extremas-y-precipitaciones-15-de-Marzo-2026.pdf
2026-03-15,039,RÍO SAN JUAN,MARÍA TRINIDAD SÁNCHEZ,HOSP. MPAL. DR. DESIDERIO ACOSTA,EMCV,31.3,23.0,2.8,https://indomet.gob.do/wp-content/uploads/2026/03/Temperaturas-extremas-y-precipitaciones-15-de-Marzo-2026.pdf
2026-03-15,040,SAN JOSÉ DE OCOA,SAN JOSÉ DE OCOA,HOSP. SAN JOSÉ DE OCOA,EMCI,30.2,18.1,2.8,https://indomet.gob.do/wp-content/uploads/2026/03/Temperaturas-extremas-y-precipitaciones-15-de-Marzo-2026.pdf
2026-03-15,041,JARABACOA,LA VEGA,INDRHI / MARENA,EMCI,29.2,14.0,2.7,https://indomet.gob.do/wp-content/uploads/2026/03/Temperaturas-extremas-y-precipitaciones-15-de-Marzo-2026.pdf
2026-03-15,042,LA VEGA,LA VEGA,IATESA,EMCI,31.0,21.5,2.5,https://indomet.gob.do/wp-content/uploads/2026/03/Temperaturas-extremas-y-precipitaciones-15-de-Marzo-2026.pdf
2026-03-15,043,ARPT. LA ISABELA,SANTO DOMINGO,INDOMET,EMCI,31.0,21.0,2.4,https://indomet.gob.do/wp-content/uploads/2026/03/Temperaturas-extremas-y-precipitaciones-15-de-Marzo-2026.pdf
2026-03-15,044,HATO MAYOR,HATO MAYOR,MINISTERIO DE AGRICULTURA,EMCV,,,2.0,https://indomet.gob.do/wp-content/uploads/2026/03/Temperaturas-extremas-y-precipitaciones-15-de-Marzo-2026.pdf
2026-03-15,045,CABRAL,BARAHONA,MINISTERIO DE AGRICULTURA,EMCV,31.8,22.3,1.8,https://indomet.gob.do/wp-content/uploads/2026/03/Temperaturas-extremas-y-precipitaciones-15-de-Marzo-2026.pdf
2026-03-15,046,CABRERA,MARÍA TRINIDAD SÁNCHEZ,ESCUELA ARÍSTIDES FIALLO CABRAL,EMCI,31.0,22.8,1.8,https://indomet.gob.do/wp-content/uploads/2026/03/Temperaturas-extremas-y-precipitaciones-15-de-Marzo-2026.pdf
2026-03-15,047,ARPT. GREGORIO LUPERÓN,PUERTO PLATA,INDOMET,EMCI,29.6,20.0,1.7,https://indomet.gob.do/wp-content/uploads/2026/03/Temperaturas-extremas-y-precipitaciones-15-de-Marzo-2026.pdf
2026-03-15,048,SAN RAFAEL DEL YUMA,LA ALTAGRACIA,MINISTERIO DE AGRICULTURA,EMCI,31.2,21.0,1.5,https://indomet.gob.do/wp-content/uploads/2026/03/Temperaturas-extremas-y-precipitaciones-15-de-Marzo-2026.pdf
2026-03-15,049,BUCARA (EMA),SANTIAGO,MINISTERIO DE AGRICULTURA,EMAI,,,1.2,https://indomet.gob.do/wp-content/uploads/2026/03/Temperaturas-extremas-y-precipitaciones-15-de-Marzo-2026.pdf
2026-03-15,050,PARQUE MIRADOR NORTE,SANTO DOMINGO,AYUNTAMIENTO,EMCV,,,1.0,https://indomet.gob.do/wp-content/uploads/2026/03/Temperaturas-extremas-y-precipitaciones-15-de-Marzo-2026.pdf
2026-03-15,051,PONTÓN ABAJO (EMA),LA VEGA,MINISTERIO DE AGRICULTURA,EMAP,31.1,22.3,1.0,https://indomet.gob.do/wp-content/uploads/2026/03/Temperaturas-extremas-y-precipitaciones-15-de-Marzo-2026.pdf
2026-03-15,052,BAYAGUANA,MONTE PLATA,INDOMET,EMCI,32.0,18.6,0.9,https://indomet.gob.do/wp-content/uploads/2026/03/Temperaturas-extremas-y-precipitaciones-15-de-Marzo-2026.pdf
2026-03-15,053,LOS LLANOS,SAN PEDRO DE MACORÍS,MINISTERIO DE AGRICULTURA,EMCI,31.7,21.5,0.6,https://indomet.gob.do/wp-content/uploads/2026/03/Temperaturas-extremas-y-precipitaciones-15-de-Marzo-2026.pdf
2026-03-15,054,SABANA DE LA MAR,HATO MAYOR,INDOMET,EMCI,29.6,20.4,0.5,https://indomet.gob.do/wp-content/uploads/2026/03/Temperaturas-extremas-y-precipitaciones-15-de-Marzo-2026.pdf
2026-03-15,055,CONSTANZA,LA VEGA,MINISTERIO DE AGRICULTURA,EMCI,24.5,10.7,0.4,https://indomet.gob.do/wp-content/uploads/2026/03/Temperaturas-extremas-y-precipitaciones-15-de-Marzo-2026.pdf
2026-03-15,056,SABANETA (EMA),SANTIAGO RODRÍGUEZ,PROGRAMA MUNDIAL DE ALIMENTO,EMAP,34.8,21.6,0.4,https://indomet.gob.do/wp-content/uploads/2026/03/Temperaturas-extremas-y-precipitaciones-15-de-Marzo-2026.pdf
2026-03-15,057,SAMANÁ,SAMANÁ,COMANDANCIA DE PUERTO DE SAMANÁ,EMCI,30.1,19.4,0.4,https://indomet.gob.do/wp-content/uploads/2026/03/Temperaturas-extremas-y-precipitaciones-15-de-Marzo-2026.pdf
2026-03-15,058,ALTAMIRA,PUERTO PLATA,HOSP. MPAL. DE ALTAMIRA,EMCI,30.3,16.6,0.2,https://indomet.gob.do/wp-content/uploads/2026/03/Temperaturas-extremas-y-precipitaciones-15-de-Marzo-2026.pdf
2026-03-15,059,CONSTANZA (EMA),LA VEGA,PROGRAMA MUNDIAL DE ALIMENTO,EMAP,23.9,12.4,0.2,https://indomet.gob.do/wp-content/uploads/2026/03/Temperaturas-extremas-y-precipitaciones-15-de-Marzo-2026.pdf
2026-03-15,060,MAO,VALVERDE,INDRHI / MINISTERIO DE AGRICULTURA,EMCV,,,0.2,https://indomet.gob.do/wp-content/uploads/2026/03/Temperaturas-extremas-y-precipitaciones-15-de-Marzo-2026.pdf
2026-03-15,061,ARPT. ARROYO BARRIL,SAMANÁ,INDOMET,EMCI,30.8,21.3,0.0,https://indomet.gob.do/wp-content/uploads/2026/03/Temperaturas-extremas-y-precipitaciones-15-de-Marzo-2026.pdf
2026-03-15,062,ARPT. DE LA ROMANA,LA ROMANA,INDOMET,EMCI,31.0,20.2,0.0,https://indomet.gob.do/wp-content/uploads/2026/03/Temperaturas-extremas-y-precipitaciones-15-de-Marzo-2026.pdf
2026-03-15,063,ARPT. MARÍA MONTEZ,BARAHONA,INDOMET,EMCI,31.0,22.1,0.0,https://indomet.gob.do/wp-content/uploads/2026/03/Temperaturas-extremas-y-precipitaciones-15-de-Marzo-2026.pdf
2026-03-15,064,ARROYO LORO,SAN JUAN,IDIAF,EMCI,31.9,15.6,0.0,https://indomet.gob.do/wp-content/uploads/2026/03/Temperaturas-extremas-y-precipitaciones-15-de-Marzo-2026.pdf
2026-03-15,065,BOCA DE MAO (EMA),VALVERDE,MINISTERIO DE AGRICULTURA,EMAP,33.2,22.4,0.0,https://indomet.gob.do/wp-content/uploads/2026/03/Temperaturas-extremas-y-precipitaciones-15-de-Marzo-2026.pdf
2026-03-15,066,DAJABÓN,DAJABÓN,INSTITUTO POLITÉCNICO LOYOLA,EMCI,33.2,19.0,0.0,https://indomet.gob.do/wp-content/uploads/2026/03/Temperaturas-extremas-y-precipitaciones-15-de-Marzo-2026.pdf
2026-03-15,067,EL CERCADO,SAN JUAN,MINISTERIO DE AGRICULTURA,EMCV,,,0.0,https://indomet.gob.do/wp-content/uploads/2026/03/Temperaturas-extremas-y-precipitaciones-15-de-Marzo-2026.pdf
2026-03-15,068,ELÍAS PIÑA,ELÍAS PIÑA,MINISTERIO DE AGRICULTURA,EMCV,,,0.0,https://indomet.gob.do/wp-content/uploads/2026/03/Temperaturas-extremas-y-precipitaciones-15-de-Marzo-2026.pdf
2026-03-15,069,ESCONDIDO,PERAVIA,MINISTERIO DE AGRICULTURA,EMCV,30.0,22.0,0.0,https://indomet.gob.do/wp-content/uploads/2026/03/Temperaturas-extremas-y-precipitaciones-15-de-Marzo-2026.pdf
2026-03-15,070,HONDO VALLE,ELÍAS PIÑA,MINISTERIO DE AGRICULTURA,EMCI,24.1,14.8,0.0,https://indomet.gob.do/wp-content/uploads/2026/03/Temperaturas-extremas-y-precipitaciones-15-de-Marzo-2026.pdf
2026-03-15,071,JIMANÍ,INDEPENDENCIA,MINISTERIO DE AGRICULTURA,EMCI,33.5,24.0,0.0,https://indomet.gob.do/wp-content/uploads/2026/03/Temperaturas-extremas-y-precipitaciones-15-de-Marzo-2026.pdf
2026-03-15,072,LAS CANAS (EMA),MONTE CRISTI,PROGRAMA MUNDIAL DE ALIMENTO,EMAP,28.8,22.8,0.0,https://indomet.gob.do/wp-content/uploads/2026/03/Temperaturas-extremas-y-precipitaciones-15-de-Marzo-2026.pdf
2026-03-15,073,LAS MATAS DE FARFÁN,SAN JUAN,MINISTERIO DE AGRICULTURA,EMCV,,,0.0,https://indomet.gob.do/wp-content/uploads/2026/03/Temperaturas-extremas-y-precipitaciones-15-de-Marzo-2026.pdf
2026-03-15,074,LUPERÓN,PUERTO PLATA,MINISTERIO DE AGRICULTURA,EMCV,,,0.0,https://indomet.gob.do/wp-content/uploads/2026/03/Temperaturas-extremas-y-precipitaciones-15-de-Marzo-2026.pdf
2026-03-15,075,MONCIÓN (EMA),SANTIAGO RODRÍGUEZ,PROGRAMA MUNDIAL DE ALIMENTO,EMAP,30.6,20.1,0.0,https://indomet.gob.do/wp-content/uploads/2026/03/Temperaturas-extremas-y-precipitaciones-15-de-Marzo-2026.pdf
2026-03-15,076,MONTE CRISTI,MONTE CRISTI,INDOMET,EMCI,32.4,21.7,0.0,https://indomet.gob.do/wp-content/uploads/2026/03/Temperaturas-extremas-y-precipitaciones-15-de-Marzo-2026.pdf
2026-03-15,077,NAVARRETE,SANTIAGO,MINISTERIO DE AGRICULTURA,EMCV,,,0.0,https://indomet.gob.do/wp-content/uploads/2026/03/Temperaturas-extremas-y-precipitaciones-15-de-Marzo-2026.pdf
2026-03-15,078,OLIVARES,PEDERNALES,INDRHI,EMCI,,,0.0,https://indomet.gob.do/wp-content/uploads/2026/03/Temperaturas-extremas-y-precipitaciones-15-de-Marzo-2026.pdf
2026-03-15,079,PADRE LAS CASAS,AZUA,HOSP. NTRA. SRA. DEL CARMEN,EMCI,31.6,17.0,0.0,https://indomet.gob.do/wp-content/uploads/2026/03/Temperaturas-extremas-y-precipitaciones-15-de-Marzo-2026.pdf
2026-03-15,080,PALO ÍNDIO,PUERTO PLATA,MINISTERIO DE AGRICULTURA,EMCI,,,0.0,https://indomet.gob.do/wp-content/uploads/2026/03/Temperaturas-extremas-y-precipitaciones-15-de-Marzo-2026.pdf
2026-03-15,081,PEDERNALES,PEDERNALES,INDRHI,EMCI,,,0.0,https://indomet.gob.do/wp-content/uploads/2026/03/Temperaturas-extremas-y-precipitaciones-15-de-Marzo-2026.pdf
2026-03-15,082,PERALTA,AZUA,HOSP. MPAL. DE PERALTA,EMCI,33.0,16.5,0.0,https://indomet.gob.do/wp-content/uploads/2026/03/Temperaturas-extremas-y-precipitaciones-15-de-Marzo-2026.pdf
2026-03-15,083,PESCADERIA (EMA),BARAHONA,MINISTERIO DE AGRICULTURA,EMAP,,,0.0,https://indomet.gob.do/wp-content/uploads/2026/03/Temperaturas-extremas-y-precipitaciones-15-de-Marzo-2026.pdf
2026-03-15,084,PRESA DE TAVERAS (EMA),LA VEGA,PROGRAMA MUNDIAL DE ALIMENTO,EMAP,29.0,20.3,0.0,https://indomet.gob.do/wp-content/uploads/2026/03/Temperaturas-extremas-y-precipitaciones-15-de-Marzo-2026.pdf
2026-03-15,085,RESTAURACIÓN,DAJABÓN,MINISTERIO DE AGRICULTURA,EMCI,30.4,14.6,0.0,https://indomet.gob.do/wp-content/uploads/2026/03/Temperaturas-extremas-y-precipitaciones-15-de-Marzo-2026.pdf
2026-03-15,086,SABANA GRANDE DE BOYÁ,MONTE PLATA,MINISTERIO DE AGRICULTURA,EMCV,,,0.0,https://indomet.gob.do/wp-content/uploads/2026/03/Temperaturas-extremas-y-precipitaciones-15-de-Marzo-2026.pdf
2026-03-15,087,SAN FRANCISCO DE MACORÍS,DUARTE,San Francisco de Macorís (UASD),EMCI,30.7,19.1,0.0,https://indomet.gob.do/wp-content/uploads/2026/03/Temperaturas-extremas-y-precipitaciones-15-de-Marzo-2026.pdf
2026-03-15,088,SANTIAGO RODRÍGUEZ,SANTIAGO RODRÍGUEZ,INDOMET,EMCI,35.0,23.0,0.0,https://indomet.gob.do/wp-content/uploads/2026/03/Temperaturas-extremas-y-precipitaciones-15-de-Marzo-2026.pdf
2026-03-15,089,VILLA ISABELA,PUERTO PLATA,MINISTERIO DE AGRICULTURA,EMCV,30.8,17.8,0.0,https://indomet.gob.do/wp-content/uploads/2026/03/Temperaturas-extremas-y-precipitaciones-15-de-Marzo-2026.pdf
2026-03-15,090,VILLA RIVA,DUARTE,HOSP. MPAL. ALICIA DE LEGENDRE,EMCI,30.8,20.0,0.0,https://indomet.gob.do/wp-content/uploads/2026/03/Temperaturas-extremas-y-precipitaciones-15-de-Marzo-2026.pdf
2026-03-15,091,VILLA VASQUEZ (EMA),MONTE CRISTI,JUNTA DE REGANTES,EMAI,,,0.0,https://indomet.gob.do/wp-content/uploads/2026/03/Temperaturas-extremas-y-precipitaciones-15-de-Marzo-2026.pdf
2026-03-16,001,POLO,BARAHONA,INDOCAFE,EMCI,,17.2,34.6,https://indomet.gob.do/wp-content/uploads/2026/03/temperaturas-extremas-y-precipitaciones-2026x03x16-a.pdf
2026-03-16,002,VILLA RIVA,DUARTE,HOSP. MPAL. ALICIA DE LEGENDRE,EMCI,31.0,19.0,7.8,https://indomet.gob.do/wp-content/uploads/2026/03/temperaturas-extremas-y-precipitaciones-2026x03x16-a.pdf
2026-03-16,003,ENRIQUILLO,BARAHONA,MINISTERIO DE AGRICULTURA,EMCV,29.2,21.0,7.0,https://indomet.gob.do/wp-content/uploads/2026/03/temperaturas-extremas-y-precipitaciones-2026x03x16-a.pdf
2026-03-16,004,MICHES (EMA),EL SEIBO,PRIVADA,EMAP,,,4.2,https://indomet.gob.do/wp-content/uploads/2026/03/temperaturas-extremas-y-precipitaciones-2026x03x16-a.pdf
2026-03-16,005,CABRAL,BARAHONA,MINISTERIO DE AGRICULTURA,EMCV,29.0,22.5,2.9,https://indomet.gob.do/wp-content/uploads/2026/03/temperaturas-extremas-y-precipitaciones-2026x03x16-a.pdf
2026-03-16,006,OVIEDO,PEDERNALES,CLÍNICA RURAL OVIEDO,EMCI,30.0,21.5,2.4,https://indomet.gob.do/wp-content/uploads/2026/03/temperaturas-extremas-y-precipitaciones-2026x03x16-a.pdf
2026-03-16,007,ARPT. MARÍA MONTEZ,BARAHONA,INDOMET,EMCI,29.2,22.0,1.9,https://indomet.gob.do/wp-content/uploads/2026/03/temperaturas-extremas-y-precipitaciones-2026x03x16-a.pdf
2026-03-16,008,VILLA ALTAGRACIA,SAN CRISTÓBAL,ESCUELA JAVIER ANGULO GURIDI,EMCI,,,1.7,https://indomet.gob.do/wp-content/uploads/2026/03/temperaturas-extremas-y-precipitaciones-2026x03x16-a.pdf
2026-03-16,009,ARPT. DE PUNTA CANA,LA ALTAGRACIA,INDOMET,EMCI,29.6,23.4,1.4,https://indomet.gob.do/wp-content/uploads/2026/03/temperaturas-extremas-y-precipitaciones-2026x03x16-a.pdf
2026-03-16,010,BANI (EMA),PERAVIA,MINISTERIO DE AGRICULTURA,EMAP,,,1.4,https://indomet.gob.do/wp-content/uploads/2026/03/temperaturas-extremas-y-precipitaciones-2026x03x16-a.pdf
2026-03-16,011,BUCARA (EMA),SANTIAGO,MINISTERIO DE AGRICULTURA,EMAI,,,1.4,https://indomet.gob.do/wp-content/uploads/2026/03/temperaturas-extremas-y-precipitaciones-2026x03x16-a.pdf
2026-03-16,012,LOS JENGIBRES,NAGUA,INDRHI,EMCI,,,0.9,https://indomet.gob.do/wp-content/uploads/2026/03/temperaturas-extremas-y-precipitaciones-2026x03x16-a.pdf
2026-03-16,013,RANCHO ARRIBA,SAN JOSÉ DE OCOA,CENTRO TECNOLÓGICO COMUNITARIO,EMCI,25.3,16.1,0.5,https://indomet.gob.do/wp-content/uploads/2026/03/temperaturas-extremas-y-precipitaciones-2026x03x16-a.pdf
2026-03-16,014,PROLONGACION 27 DE FEBRERO,DISTRITO NACIONAL,PRIVADA,EMAP,,,0.4,https://indomet.gob.do/wp-content/uploads/2026/03/temperaturas-extremas-y-precipitaciones-2026x03x16-a.pdf
2026-03-16,015,SÁNCHEZ,SAMANÁ,MINISTERIO DE AGRICULTURA,EMCI,30.6,21.9,0.4,https://indomet.gob.do/wp-content/uploads/2026/03/temperaturas-extremas-y-precipitaciones-2026x03x16-a.pdf
2026-03-16,016,PRESA DE TAVERAS (EMA),LA VEGA,PROGRAMA MUNDIAL DE ALIMENTO,EMAP,,,0.2,https://indomet.gob.do/wp-content/uploads/2026/03/temperaturas-extremas-y-precipitaciones-2026x03x16-a.pdf
2026-03-16,017,SAN RAFAEL DEL YUMA,LA ALTAGRACIA,MINISTERIO DE AGRICULTURA,EMCI,30.5,19.4,0.2,https://indomet.gob.do/wp-content/uploads/2026/03/temperaturas-extremas-y-precipitaciones-2026x03x16-a.pdf
2026-03-16,018,BAYAGUANA,MONTE PLATA,INDOMET,EMCI,32.0,21.2,0.1,https://indomet.gob.do/wp-content/uploads/2026/03/temperaturas-extremas-y-precipitaciones-2026x03x16-a.pdf
2026-03-16,019,ALTAMIRA,PUERTO PLATA,HOSP. MPAL. DE ALTAMIRA,EMCI,30.9,19.6,0.0,https://indomet.gob.do/wp-content/uploads/2026/03/temperaturas-extremas-y-precipitaciones-2026x03x16-a.pdf
2026-03-16,020,ALTO BANDERA (EMA),LA VEGA,INTEC,EMAP,11.1,7.6,0.0,https://indomet.gob.do/wp-content/uploads/2026/03/temperaturas-extremas-y-precipitaciones-2026x03x16-a.pdf
2026-03-16,021,ANAMUYA (EMA),LA ALTAGRACIA,MINISTERIO DE AGRICULTURA,EMAP,30.6,21.8,0.0,https://indomet.gob.do/wp-content/uploads/2026/03/temperaturas-extremas-y-precipitaciones-2026x03x16-a.pdf
2026-03-16,022,ARPT. ARROYO BARRIL,SAMANÁ,INDOMET,EMCI,30.9,22.3,0.0,https://indomet.gob.do/wp-content/uploads/2026/03/temperaturas-extremas-y-precipitaciones-2026x03x16-a.pdf
2026-03-16,023,ARPT. DE LA ROMANA,LA ROMANA,INDOMET,EMCI,30.0,21.0,0.0,https://indomet.gob.do/wp-content/uploads/2026/03/temperaturas-extremas-y-precipitaciones-2026x03x16-a.pdf
2026-03-16,024,ARPT. DE LAS AMÉRICAS,SANTO DOMINGO,INDOMET,EMCI,29.5,20.0,0.0,https://indomet.gob.do/wp-content/uploads/2026/03/temperaturas-extremas-y-precipitaciones-2026x03x16-a.pdf
2026-03-16,025,ARPT. DEL CIBAO,SANTIAGO,INDOMET,EMCI,31.5,21.3,0.0,https://indomet.gob.do/wp-content/uploads/2026/03/temperaturas-extremas-y-precipitaciones-2026x03x16-a.pdf
2026-03-16,026,ARPT. EL CATEY,SAMANÁ,INDOMET,EMCI,32.5,21.0,0.0,https://indomet.gob.do/wp-content/uploads/2026/03/temperaturas-extremas-y-precipitaciones-2026x03x16-a.pdf
2026-03-16,027,ARPT. GREGORIO LUPERÓN,PUERTO PLATA,INDOMET,EMCI,31.2,21.5,0.0,https://indomet.gob.do/wp-content/uploads/2026/03/temperaturas-extremas-y-precipitaciones-2026x03x16-a.pdf
2026-03-16,028,ARPT. LA ISABELA,SANTO DOMINGO,INDOMET,EMCI,31.9,18.5,0.0,https://indomet.gob.do/wp-content/uploads/2026/03/temperaturas-extremas-y-precipitaciones-2026x03x16-a.pdf
2026-03-16,029,ARROYO LORO,SAN JUAN,IDIAF,EMCI,31.6,17.3,0.0,https://indomet.gob.do/wp-content/uploads/2026/03/temperaturas-extremas-y-precipitaciones-2026x03x16-a.pdf
2026-03-16,030,BASE AÉREA DE SAN ISIDRO,SANTO DOMINGO,FUERZA AÉREA DOMINICANA,EMCV,32.0,22.0,0.0,https://indomet.gob.do/wp-content/uploads/2026/03/temperaturas-extremas-y-precipitaciones-2026x03x16-a.pdf
2026-03-16,031,BELLA VISTA (EMA),DISTRITO NACIONAL,PRIVADA,EMAP,,,0.0,https://indomet.gob.do/wp-content/uploads/2026/03/temperaturas-extremas-y-precipitaciones-2026x03x16-a.pdf
2026-03-16,032,BOCA DE MAO (EMA),VALVERDE,MINISTERIO DE AGRICULTURA,EMAP,33.3,22.7,0.0,https://indomet.gob.do/wp-content/uploads/2026/03/temperaturas-extremas-y-precipitaciones-2026x03x16-a.pdf
2026-03-16,033,BOHECHÍO,SAN JUAN,MINISTERIO DE AGRICULTURA,EMCV,,,0.0,https://indomet.gob.do/wp-content/uploads/2026/03/temperaturas-extremas-y-precipitaciones-2026x03x16-a.pdf
2026-03-16,034,CABRERA,MARÍA TRINIDAD SÁNCHEZ,ESCUELA ARÍSTIDES FIALLO CABRAL,EMCI,31.2,23.5,0.0,https://indomet.gob.do/wp-content/uploads/2026/03/temperaturas-extremas-y-precipitaciones-2026x03x16-a.pdf
2026-03-16,035,CENTRO DE LOS HEROES (EMA),DISTRITO NACIONAL,MINISTERIO DE ENERGIA Y MINA,EMAP,30.3,24.7,0.0,https://indomet.gob.do/wp-content/uploads/2026/03/temperaturas-extremas-y-precipitaciones-2026x03x16-a.pdf
2026-03-16,036,CONSTANZA,LA VEGA,MINISTERIO DE AGRICULTURA,EMCI,25.0,7.7,0.0,https://indomet.gob.do/wp-content/uploads/2026/03/temperaturas-extremas-y-precipitaciones-2026x03x16-a.pdf
2026-03-16,037,CONSTANZA (EMA),LA VEGA,PROGRAMA MUNDIAL DE ALIMENTO,EMAP,24.4,9.3,0.0,https://indomet.gob.do/wp-content/uploads/2026/03/temperaturas-extremas-y-precipitaciones-2026x03x16-a.pdf
2026-03-16,038,COTUÍ,SÁNCHEZ RAMÍREZ,HOSP. INMACULADA CONCEPCIÓN,EMCV,,,0.0,https://indomet.gob.do/wp-content/uploads/2026/03/temperaturas-extremas-y-precipitaciones-2026x03x16-a.pdf
2026-03-16,039,DAJABÓN,DAJABÓN,INSTITUTO POLITÉCNICO LOYOLA,EMCI,34.3,19.2,0.0,https://indomet.gob.do/wp-content/uploads/2026/03/temperaturas-extremas-y-precipitaciones-2026x03x16-a.pdf
2026-03-16,040,EL CERCADO,SAN JUAN,MINISTERIO DE AGRICULTURA,EMCV,,,0.0,https://indomet.gob.do/wp-content/uploads/2026/03/temperaturas-extremas-y-precipitaciones-2026x03x16-a.pdf
2026-03-16,041,EL FACTOR (EMA),MARÍA TRINIDAD SÁNCHEZ,INTEC,EMAP,31.3,21.1,0.0,https://indomet.gob.do/wp-content/uploads/2026/03/temperaturas-extremas-y-precipitaciones-2026x03x16-a.pdf
2026-03-16,042,EL MILLON (EMA),DISTRITO NACIONAL,PRIVADA,EMAP,,,0.0,https://indomet.gob.do/wp-content/uploads/2026/03/temperaturas-extremas-y-precipitaciones-2026x03x16-a.pdf
2026-03-16,043,ELÍAS PIÑA,ELÍAS PIÑA,MINISTERIO DE AGRICULTURA,EMCV,,,0.0,https://indomet.gob.do/wp-content/uploads/2026/03/temperaturas-extremas-y-precipitaciones-2026x03x16-a.pdf
2026-03-16,044,ENSANCHE LA FE (EMA),DISTRITO NACIONAL,PRIVADA,EMAP,,,0.0,https://indomet.gob.do/wp-content/uploads/2026/03/temperaturas-extremas-y-precipitaciones-2026x03x16-a.pdf
2026-03-16,045,GASPAR HERNÁNDEZ,ESPAILLAT,PROPIEDAD DEL EMPLEADO,EMCI,,,0.0,https://indomet.gob.do/wp-content/uploads/2026/03/temperaturas-extremas-y-precipitaciones-2026x03x16-a.pdf
2026-03-16,046,GURABO,SANTIAGO,MINISTERIO DE AGRICULTURA,EMCV,,,0.0,https://indomet.gob.do/wp-content/uploads/2026/03/temperaturas-extremas-y-precipitaciones-2026x03x16-a.pdf
2026-03-16,047,HATO MAYOR,HATO MAYOR,MINISTERIO DE AGRICULTURA,EMCV,,,0.0,https://indomet.gob.do/wp-content/uploads/2026/03/temperaturas-extremas-y-precipitaciones-2026x03x16-a.pdf
2026-03-16,048,HONDO VALLE,ELÍAS PIÑA,MINISTERIO DE AGRICULTURA,EMCI,24.5,15.2,0.0,https://indomet.gob.do/wp-content/uploads/2026/03/temperaturas-extremas-y-precipitaciones-2026x03x16-a.pdf
2026-03-16,049,JARABACOA,LA VEGA,INDRHI / MARENA,EMCI,28.6,14.2,0.0,https://indomet.gob.do/wp-content/uploads/2026/03/temperaturas-extremas-y-precipitaciones-2026x03x16-a.pdf
2026-03-16,050,JARABACOA (EMA),LA VEGA,PROGRAMA MUNDIAL DE ALIMENTO,EMAP,,,0.0,https://indomet.gob.do/wp-content/uploads/2026/03/temperaturas-extremas-y-precipitaciones-2026x03x16-a.pdf
2026-03-16,051,JARDÍN BOTÁNICO NACIONAL,DISTRITO NACIONAL,JARDÍN BOTÁNICO NACIONAL,EMCV,29.5,20.2,0.0,https://indomet.gob.do/wp-content/uploads/2026/03/temperaturas-extremas-y-precipitaciones-2026x03x16-a.pdf
2026-03-16,052,JARDÍN BOTÁNICO SANTIAGO (EMSANTIAGO,,JARDIN BOTANICO SANTIAGO,EMAI,,,0.0,https://indomet.gob.do/wp-content/uploads/2026/03/temperaturas-extremas-y-precipitaciones-2026x03x16-a.pdf
2026-03-16,053,JIMANÍ,INDEPENDENCIA,MINISTERIO DE AGRICULTURA,EMCI,31.0,23.0,0.0,https://indomet.gob.do/wp-content/uploads/2026/03/temperaturas-extremas-y-precipitaciones-2026x03x16-a.pdf
2026-03-16,054,LA AGUSTINA (EMA),DISTRITO NACIONAL,PRIVADA,EMAP,,,0.0,https://indomet.gob.do/wp-content/uploads/2026/03/temperaturas-extremas-y-precipitaciones-2026x03x16-a.pdf
2026-03-16,055,LA VEGA,LA VEGA,IATESA,EMCI,30.5,21.5,0.0,https://indomet.gob.do/wp-content/uploads/2026/03/temperaturas-extremas-y-precipitaciones-2026x03x16-a.pdf
2026-03-16,056,LA VICTORIA,SANTO DOMINGO,CUERPO DE BOMBEROS,EMCI,31.7,21.0,0.0,https://indomet.gob.do/wp-content/uploads/2026/03/temperaturas-extremas-y-precipitaciones-2026x03x16-a.pdf
2026-03-16,057,LAS CANAS (EMA),MONTE CRISTI,PROGRAMA MUNDIAL DE ALIMENTO,EMAP,,,0.0,https://indomet.gob.do/wp-content/uploads/2026/03/temperaturas-extremas-y-precipitaciones-2026x03x16-a.pdf
2026-03-16,058,LOS CACICAZGOS (EMA),DISTRITO NACIONAL,PRIVADA,EMAP,,,0.0,https://indomet.gob.do/wp-content/uploads/2026/03/temperaturas-extremas-y-precipitaciones-2026x03x16-a.pdf
2026-03-16,059,LOS JARDINES (EMA),DISTRITO NACIONAL,PRIVADA,EMAP,,,0.0,https://indomet.gob.do/wp-content/uploads/2026/03/temperaturas-extremas-y-precipitaciones-2026x03x16-a.pdf
2026-03-16,060,LOS LLANOS,SAN PEDRO DE MACORÍS,MINISTERIO DE AGRICULTURA,EMCI,31.0,20.5,0.0,https://indomet.gob.do/wp-content/uploads/2026/03/temperaturas-extremas-y-precipitaciones-2026x03x16-a.pdf
2026-03-16,061,LOS PRADOS (EMA),DISTRITO NACIONAL,PRIVADA,EMAP,,,0.0,https://indomet.gob.do/wp-content/uploads/2026/03/temperaturas-extremas-y-precipitaciones-2026x03x16-a.pdf
2026-03-16,062,MAO,VALVERDE,INDRHI / MINISTERIO DE AGRICULTURA,EMCV,,,0.0,https://indomet.gob.do/wp-content/uploads/2026/03/temperaturas-extremas-y-precipitaciones-2026x03x16-a.pdf
2026-03-16,063,MONCIÓN (EMA),SANTIAGO RODRÍGUEZ,PROGRAMA MUNDIAL DE ALIMENTO,EMAP,,,0.0,https://indomet.gob.do/wp-content/uploads/2026/03/temperaturas-extremas-y-precipitaciones-2026x03x16-a.pdf
2026-03-16,064,MONTE CRISTI,MONTE CRISTI,INDOMET,EMCI,35.2,22.7,0.0,https://indomet.gob.do/wp-content/uploads/2026/03/temperaturas-extremas-y-precipitaciones-2026x03x16-a.pdf
2026-03-16,065,NAVARRETE,SANTIAGO,MINISTERIO DE AGRICULTURA,EMCV,,,0.0,https://indomet.gob.do/wp-content/uploads/2026/03/temperaturas-extremas-y-precipitaciones-2026x03x16-a.pdf
2026-03-16,066,OLIVARES,PEDERNALES,INDRHI,EMCI,,,0.0,https://indomet.gob.do/wp-content/uploads/2026/03/temperaturas-extremas-y-precipitaciones-2026x03x16-a.pdf
2026-03-16,067,PADRE LAS CASAS,AZUA,HOSP. NTRA. SRA. DEL CARMEN,EMCI,32.0,15.1,0.0,https://indomet.gob.do/wp-content/uploads/2026/03/temperaturas-extremas-y-precipitaciones-2026x03x16-a.pdf
2026-03-16,068,PALO ÍNDIO,PUERTO PLATA,MINISTERIO DE AGRICULTURA,EMCI,,,0.0,https://indomet.gob.do/wp-content/uploads/2026/03/temperaturas-extremas-y-precipitaciones-2026x03x16-a.pdf
2026-03-16,069,PASO AL MEDIO,SAN PEDRO DE MACORÍS,INDRHI,EMCI,,,0.0,https://indomet.gob.do/wp-content/uploads/2026/03/temperaturas-extremas-y-precipitaciones-2026x03x16-a.pdf
2026-03-16,070,PEDERNALES,PEDERNALES,INDRHI,EMCI,,,0.0,https://indomet.gob.do/wp-content/uploads/2026/03/temperaturas-extremas-y-precipitaciones-2026x03x16-a.pdf
2026-03-16,071,PERALTA,AZUA,HOSP. MPAL. DE PERALTA,EMCI,31.0,15.0,0.0,https://indomet.gob.do/wp-content/uploads/2026/03/temperaturas-extremas-y-precipitaciones-2026x03x16-a.pdf
2026-03-16,072,PONTÓN ABAJO (EMA),LA VEGA,MINISTERIO DE AGRICULTURA,EMAP,,,0.0,https://indomet.gob.do/wp-content/uploads/2026/03/temperaturas-extremas-y-precipitaciones-2026x03x16-a.pdf
2026-03-16,073,RESTAURACIÓN,DAJABÓN,MINISTERIO DE AGRICULTURA,EMCI,30.7,15.2,0.0,https://indomet.gob.do/wp-content/uploads/2026/03/temperaturas-extremas-y-precipitaciones-2026x03x16-a.pdf
2026-03-16,074,RÍO SAN JUAN,MARÍA TRINIDAD SÁNCHEZ,HOSP. MPAL. DR. DESIDERIO ACOSTA,EMCV,31.8,22.5,0.0,https://indomet.gob.do/wp-content/uploads/2026/03/temperaturas-extremas-y-precipitaciones-2026x03x16-a.pdf
2026-03-16,075,SABANA DE LA MAR,HATO MAYOR,INDOMET,EMCI,30.8,20.0,0.0,https://indomet.gob.do/wp-content/uploads/2026/03/temperaturas-extremas-y-precipitaciones-2026x03x16-a.pdf
2026-03-16,076,SABANA GRANDE DE BOYÁ,MONTE PLATA,MINISTERIO DE AGRICULTURA,EMCV,,,0.0,https://indomet.gob.do/wp-content/uploads/2026/03/temperaturas-extremas-y-precipitaciones-2026x03x16-a.pdf
2026-03-16,077,SABANETA (EMA),SANTIAGO RODRÍGUEZ,PROGRAMA MUNDIAL DE ALIMENTO,EMAP,,,0.0,https://indomet.gob.do/wp-content/uploads/2026/03/temperaturas-extremas-y-precipitaciones-2026x03x16-a.pdf
2026-03-16,078,SALCEDO,HERMANAS MIRABAL,PROPIEDAD DEL EMPLEADO,EMCI,,,0.0,https://indomet.gob.do/wp-content/uploads/2026/03/temperaturas-extremas-y-precipitaciones-2026x03x16-a.pdf
2026-03-16,079,SAMANÁ,SAMANÁ,COMANDANCIA DE PUERTO DE SAMANÁ,EMCI,30.9,18.6,0.0,https://indomet.gob.do/wp-content/uploads/2026/03/temperaturas-extremas-y-precipitaciones-2026x03x16-a.pdf
2026-03-16,080,SAN CRISTÓBAL,SAN CRISTÓBAL,INSTITUTO POLITÉCNICO LOYOLA,EMCI,30.0,21.0,0.0,https://indomet.gob.do/wp-content/uploads/2026/03/temperaturas-extremas-y-precipitaciones-2026x03x16-a.pdf
2026-03-16,081,SAN JOSÉ DE OCOA,SAN JOSÉ DE OCOA,HOSP. SAN JOSÉ DE OCOA,EMCI,27.9,19.3,0.0,https://indomet.gob.do/wp-content/uploads/2026/03/temperaturas-extremas-y-precipitaciones-2026x03x16-a.pdf
2026-03-16,082,SANTIAGO RODRÍGUEZ,SANTIAGO RODRÍGUEZ,INDOMET,EMCI,34.0,20.0,0.0,https://indomet.gob.do/wp-content/uploads/2026/03/temperaturas-extremas-y-precipitaciones-2026x03x16-a.pdf
2026-03-16,083,SANTO DOMINGO ESTE,SANTO DOMINGO,INDOMET,EMCI,30.8,23.0,0.0,https://indomet.gob.do/wp-content/uploads/2026/03/temperaturas-extremas-y-precipitaciones-2026x03x16-a.pdf
2026-03-16,084,TÁBARA ABAJO,AZUA,INDRHI,EMCI,31.8,18.5,0.0,https://indomet.gob.do/wp-content/uploads/2026/03/temperaturas-extremas-y-precipitaciones-2026x03x16-a.pdf
2026-03-16,085,TAMBORIL,SANTIAGO,MINISTERIO DE AGRICULTURA,EMCV,,,0.0,https://indomet.gob.do/wp-content/uploads/2026/03/temperaturas-extremas-y-precipitaciones-2026x03x16-a.pdf
2026-03-16,086,TAVERA,SANTIAGO,INDRHI,EMCI,,,0.0,https://indomet.gob.do/wp-content/uploads/2026/03/temperaturas-extremas-y-precipitaciones-2026x03x16-a.pdf
2026-03-16,087,VILLA GONZALE (EMA),SANTIAGO,IGLESIA,EMAI,,,0.0,https://indomet.gob.do/wp-content/uploads/2026/03/temperaturas-extremas-y-precipitaciones-2026x03x16-a.pdf
2026-03-16,088,VILLA GONZALES,SANTIAGO,MINISTERIO DE AGRICULTURA,EMCI,,,0.0,https://indomet.gob.do/wp-content/uploads/2026/03/temperaturas-extremas-y-precipitaciones-2026x03x16-a.pdf
2026-03-16,089,VILLA ISABELA,PUERTO PLATA,MINISTERIO DE AGRICULTURA,EMCV,33.0,20.8,0.0,https://indomet.gob.do/wp-content/uploads/2026/03/temperaturas-extremas-y-precipitaciones-2026x03x16-a.pdf
2026-03-16,090,VILLA VASQUEZ (EMA),MONTE CRISTI,JUNTA DE REGANTES,EMAI,,,0.0,https://indomet.gob.do/wp-content/uploads/2026/03/temperaturas-extremas-y-precipitaciones-2026x03x16-a.pdf
2026-03-17,001,POLO,BARAHONA,INDOCAFE,EMCI,,16.0,6.4,https://indomet.gob.do/wp-content/uploads/2026/03/Temperaturas-extremas-y-precipitaciones-17-de-Marzo-2026.pdf
2026-03-17,002,ENRIQUILLO,BARAHONA,MINISTERIO DE AGRICULTURA,EMCV,30.4,21.0,3.0,https://indomet.gob.do/wp-content/uploads/2026/03/Temperaturas-extremas-y-precipitaciones-17-de-Marzo-2026.pdf
2026-03-17,003,OVIEDO,PEDERNALES,CLÍNICA RURAL OVIEDO,EMCI,31.0,20.5,1.8,https://indomet.gob.do/wp-content/uploads/2026/03/Temperaturas-extremas-y-precipitaciones-17-de-Marzo-2026.pdf
2026-03-17,004,CABRERA,MARÍA TRINIDAD SÁNCHEZ,ESCUELA ARÍSTIDES FIALLO CABRAL,EMCI,30.5,24.5,0.8,https://indomet.gob.do/wp-content/uploads/2026/03/Temperaturas-extremas-y-precipitaciones-17-de-Marzo-2026.pdf
2026-03-17,005,ESCONDIDO,PERAVIA,MINISTERIO DE AGRICULTURA,EMCV,29.0,22.0,0.5,https://indomet.gob.do/wp-content/uploads/2026/03/Temperaturas-extremas-y-precipitaciones-17-de-Marzo-2026.pdf
2026-03-17,006,BANI (EMA),PERAVIA,MINISTERIO DE AGRICULTURA,EMAP,,,0.4,https://indomet.gob.do/wp-content/uploads/2026/03/Temperaturas-extremas-y-precipitaciones-17-de-Marzo-2026.pdf
2026-03-17,007,CABRAL,BARAHONA,MINISTERIO DE AGRICULTURA,EMCV,30.2,21.4,0.4,https://indomet.gob.do/wp-content/uploads/2026/03/Temperaturas-extremas-y-precipitaciones-17-de-Marzo-2026.pdf
2026-03-17,008,PROLONGACION 27 DE FEBRERO,DISTRITO NACIONAL,PRIVADA,EMAP,,,0.4,https://indomet.gob.do/wp-content/uploads/2026/03/Temperaturas-extremas-y-precipitaciones-17-de-Marzo-2026.pdf
2026-03-17,009,RANCHO ARRIBA,SAN JOSÉ DE OCOA,CENTRO TECNOLÓGICO COMUNITARIO,EMCI,26.2,12.4,0.3,https://indomet.gob.do/wp-content/uploads/2026/03/Temperaturas-extremas-y-precipitaciones-17-de-Marzo-2026.pdf
2026-03-17,010,MICHES (EMA),EL SEIBO,PRIVADA,EMAP,30.4,20.4,0.2,https://indomet.gob.do/wp-content/uploads/2026/03/Temperaturas-extremas-y-precipitaciones-17-de-Marzo-2026.pdf
2026-03-17,011,SANTO DOMINGO ESTE,SANTO DOMINGO,INDOMET,EMCI,31.5,22.7,0.2,https://indomet.gob.do/wp-content/uploads/2026/03/Temperaturas-extremas-y-precipitaciones-17-de-Marzo-2026.pdf
2026-03-17,012,VILLA ALTAGRACIA,SAN CRISTÓBAL,ESCUELA JAVIER ANGULO GURIDI,EMCI,,,0.1,https://indomet.gob.do/wp-content/uploads/2026/03/Temperaturas-extremas-y-precipitaciones-17-de-Marzo-2026.pdf
2026-03-17,013,ALTAMIRA,PUERTO PLATA,HOSP. MPAL. DE ALTAMIRA,EMCI,31.0,18.5,0.0,https://indomet.gob.do/wp-content/uploads/2026/03/Temperaturas-extremas-y-precipitaciones-17-de-Marzo-2026.pdf
2026-03-17,014,ALTO BANDERA (EMA),LA VEGA,INTEC,EMAP,15.4,8.3,0.0,https://indomet.gob.do/wp-content/uploads/2026/03/Temperaturas-extremas-y-precipitaciones-17-de-Marzo-2026.pdf
2026-03-17,015,ANAMUYA (EMA),LA ALTAGRACIA,MINISTERIO DE AGRICULTURA,EMAP,30.2,21.9,0.0,https://indomet.gob.do/wp-content/uploads/2026/03/Temperaturas-extremas-y-precipitaciones-17-de-Marzo-2026.pdf
2026-03-17,016,ARPT. ARROYO BARRIL,SAMANÁ,INDOMET,EMCI,30.9,22.5,0.0,https://indomet.gob.do/wp-content/uploads/2026/03/Temperaturas-extremas-y-precipitaciones-17-de-Marzo-2026.pdf
2026-03-17,017,ARPT. DE LA ROMANA,LA ROMANA,INDOMET,EMCI,30.2,20.0,0.0,https://indomet.gob.do/wp-content/uploads/2026/03/Temperaturas-extremas-y-precipitaciones-17-de-Marzo-2026.pdf
2026-03-17,018,ARPT. DE LAS AMÉRICAS,SANTO DOMINGO,INDOMET,EMCI,30.0,20.3,0.0,https://indomet.gob.do/wp-content/uploads/2026/03/Temperaturas-extremas-y-precipitaciones-17-de-Marzo-2026.pdf
2026-03-17,019,ARPT. DE PUNTA CANA,LA ALTAGRACIA,INDOMET,EMCI,29.5,23.4,0.0,https://indomet.gob.do/wp-content/uploads/2026/03/Temperaturas-extremas-y-precipitaciones-17-de-Marzo-2026.pdf
2026-03-17,020,ARPT. DEL CIBAO,SANTIAGO,INDOMET,EMCI,31.8,20.6,0.0,https://indomet.gob.do/wp-content/uploads/2026/03/Temperaturas-extremas-y-precipitaciones-17-de-Marzo-2026.pdf
2026-03-17,021,ARPT. EL CATEY,SAMANÁ,INDOMET,EMCI,30.4,20.5,0.0,https://indomet.gob.do/wp-content/uploads/2026/03/Temperaturas-extremas-y-precipitaciones-17-de-Marzo-2026.pdf
2026-03-17,022,ARPT. GREGORIO LUPERÓN,PUERTO PLATA,INDOMET,EMCI,31.8,21.4,0.0,https://indomet.gob.do/wp-content/uploads/2026/03/Temperaturas-extremas-y-precipitaciones-17-de-Marzo-2026.pdf
2026-03-17,023,ARPT. LA ISABELA,SANTO DOMINGO,INDOMET,EMCI,31.3,20.5,0.0,https://indomet.gob.do/wp-content/uploads/2026/03/Temperaturas-extremas-y-precipitaciones-17-de-Marzo-2026.pdf
2026-03-17,024,ARPT. MARÍA MONTEZ,BARAHONA,INDOMET,EMCI,30.2,23.0,0.0,https://indomet.gob.do/wp-content/uploads/2026/03/Temperaturas-extremas-y-precipitaciones-17-de-Marzo-2026.pdf
2026-03-17,025,ARROYO LORO,SAN JUAN,IDIAF,EMCI,30.2,14.9,0.0,https://indomet.gob.do/wp-content/uploads/2026/03/Temperaturas-extremas-y-precipitaciones-17-de-Marzo-2026.pdf
2026-03-17,026,BAYAGUANA,MONTE PLATA,INDOMET,EMCI,31.8,19.4,0.0,https://indomet.gob.do/wp-content/uploads/2026/03/Temperaturas-extremas-y-precipitaciones-17-de-Marzo-2026.pdf
2026-03-17,027,BELLA VISTA (EMA),DISTRITO NACIONAL,PRIVADA,EMAP,,,0.0,https://indomet.gob.do/wp-content/uploads/2026/03/Temperaturas-extremas-y-precipitaciones-17-de-Marzo-2026.pdf
2026-03-17,028,BOHECHÍO,SAN JUAN,MINISTERIO DE AGRICULTURA,EMCV,,,0.0,https://indomet.gob.do/wp-content/uploads/2026/03/Temperaturas-extremas-y-precipitaciones-17-de-Marzo-2026.pdf
2026-03-17,029,BONAO,MONSEÑOR NOUEL,MINISTERIO DE AGRICULTURA,EMCV,,,0.0,https://indomet.gob.do/wp-content/uploads/2026/03/Temperaturas-extremas-y-precipitaciones-17-de-Marzo-2026.pdf
2026-03-17,030,BUCARA (EMA),SANTIAGO,MINISTERIO DE AGRICULTURA,EMAI,,,0.0,https://indomet.gob.do/wp-content/uploads/2026/03/Temperaturas-extremas-y-precipitaciones-17-de-Marzo-2026.pdf
2026-03-17,031,CENTRO DE LOS HEROES (EMA),DISTRITO NACIONAL,MINISTERIO DE ENERGIA Y MINA,EMAP,30.1,24.2,0.0,https://indomet.gob.do/wp-content/uploads/2026/03/Temperaturas-extremas-y-precipitaciones-17-de-Marzo-2026.pdf
2026-03-17,032,CONSTANZA,LA VEGA,MINISTERIO DE AGRICULTURA,EMCI,22.6,7.7,0.0,https://indomet.gob.do/wp-content/uploads/2026/03/Temperaturas-extremas-y-precipitaciones-17-de-Marzo-2026.pdf
2026-03-17,033,CONSTANZA (EMA),LA VEGA,PROGRAMA MUNDIAL DE ALIMENTO,EMAP,32.5,9.5,0.0,https://indomet.gob.do/wp-content/uploads/2026/03/Temperaturas-extremas-y-precipitaciones-17-de-Marzo-2026.pdf
2026-03-17,034,DAJABÓN,DAJABÓN,INSTITUTO POLITÉCNICO LOYOLA,EMCI,34.6,19.4,0.0,https://indomet.gob.do/wp-content/uploads/2026/03/Temperaturas-extremas-y-precipitaciones-17-de-Marzo-2026.pdf
2026-03-17,035,EL FACTOR (EMA),MARÍA TRINIDAD SÁNCHEZ,INTEC,EMAP,31.4,20.6,0.0,https://indomet.gob.do/wp-content/uploads/2026/03/Temperaturas-extremas-y-precipitaciones-17-de-Marzo-2026.pdf
2026-03-17,036,EL MILLON (EMA),DISTRITO NACIONAL,PRIVADA,EMAP,,,0.0,https://indomet.gob.do/wp-content/uploads/2026/03/Temperaturas-extremas-y-precipitaciones-17-de-Marzo-2026.pdf
2026-03-17,037,ELÍAS PIÑA,ELÍAS PIÑA,MINISTERIO DE AGRICULTURA,EMCV,,,0.0,https://indomet.gob.do/wp-content/uploads/2026/03/Temperaturas-extremas-y-precipitaciones-17-de-Marzo-2026.pdf
2026-03-17,038,ENSANCHE LA FE (EMA),DISTRITO NACIONAL,PRIVADA,EMAP,,,0.0,https://indomet.gob.do/wp-content/uploads/2026/03/Temperaturas-extremas-y-precipitaciones-17-de-Marzo-2026.pdf
2026-03-17,039,GASPAR HERNÁNDEZ,ESPAILLAT,PROPIEDAD DEL EMPLEADO,EMCI,,,0.0,https://indomet.gob.do/wp-content/uploads/2026/03/Temperaturas-extremas-y-precipitaciones-17-de-Marzo-2026.pdf
2026-03-17,040,GURABO,SANTIAGO,MINISTERIO DE AGRICULTURA,EMCV,,,0.0,https://indomet.gob.do/wp-content/uploads/2026/03/Temperaturas-extremas-y-precipitaciones-17-de-Marzo-2026.pdf
2026-03-17,041,HATO MAYOR,HATO MAYOR,MINISTERIO DE AGRICULTURA,EMCV,,,0.0,https://indomet.gob.do/wp-content/uploads/2026/03/Temperaturas-extremas-y-precipitaciones-17-de-Marzo-2026.pdf
2026-03-17,042,HONDO VALLE,ELÍAS PIÑA,MINISTERIO DE AGRICULTURA,EMCI,24.0,14.9,0.0,https://indomet.gob.do/wp-content/uploads/2026/03/Temperaturas-extremas-y-precipitaciones-17-de-Marzo-2026.pdf
2026-03-17,043,JARABACOA (EMA),LA VEGA,PROGRAMA MUNDIAL DE ALIMENTO,EMAP,29.1,15.2,0.0,https://indomet.gob.do/wp-content/uploads/2026/03/Temperaturas-extremas-y-precipitaciones-17-de-Marzo-2026.pdf
2026-03-17,044,JARDÍN BOTÁNICO NACIONAL,DISTRITO NACIONAL,JARDÍN BOTÁNICO NACIONAL,EMCV,31.0,19.6,0.0,https://indomet.gob.do/wp-content/uploads/2026/03/Temperaturas-extremas-y-precipitaciones-17-de-Marzo-2026.pdf
2026-03-17,045,JARDÍN BOTÁNICO SANTIAGO (EMSANTIAGO,,JARDIN BOTANICO SANTIAGO,EMAI,27.7,21.4,0.0,https://indomet.gob.do/wp-content/uploads/2026/03/Temperaturas-extremas-y-precipitaciones-17-de-Marzo-2026.pdf
2026-03-17,046,JIMANÍ,INDEPENDENCIA,MINISTERIO DE AGRICULTURA,EMCI,32.5,23.6,0.0,https://indomet.gob.do/wp-content/uploads/2026/03/Temperaturas-extremas-y-precipitaciones-17-de-Marzo-2026.pdf
2026-03-17,047,JUMA BEJUCAL,MONSEÑOR NOUEL,IDIAF,EMCV,29.4,17.2,0.0,https://indomet.gob.do/wp-content/uploads/2026/03/Temperaturas-extremas-y-precipitaciones-17-de-Marzo-2026.pdf
2026-03-17,048,LA AGUSTINA (EMA),DISTRITO NACIONAL,PRIVADA,EMAP,,,0.0,https://indomet.gob.do/wp-content/uploads/2026/03/Temperaturas-extremas-y-precipitaciones-17-de-Marzo-2026.pdf
2026-03-17,049,LA VEGA,LA VEGA,IATESA,EMCI,31.5,18.5,0.0,https://indomet.gob.do/wp-content/uploads/2026/03/Temperaturas-extremas-y-precipitaciones-17-de-Marzo-2026.pdf
2026-03-17,050,LA VICTORIA,SANTO DOMINGO,CUERPO DE BOMBEROS,EMCI,30.6,20.1,0.0,https://indomet.gob.do/wp-content/uploads/2026/03/Temperaturas-extremas-y-precipitaciones-17-de-Marzo-2026.pdf
2026-03-17,051,LAS CANAS (EMA),MONTE CRISTI,PROGRAMA MUNDIAL DE ALIMENTO,EMAP,31.8,21.5,0.0,https://indomet.gob.do/wp-content/uploads/2026/03/Temperaturas-extremas-y-precipitaciones-17-de-Marzo-2026.pdf
2026-03-17,052,LAS MATAS DE FARFÁN,SAN JUAN,MINISTERIO DE AGRICULTURA,EMCV,,,0.0,https://indomet.gob.do/wp-content/uploads/2026/03/Temperaturas-extremas-y-precipitaciones-17-de-Marzo-2026.pdf
2026-03-17,053,LAS MATAS DE SANTA CRUZ (EMA,MONTE CRISTI,PROGRAMA MUNDIAL DE ALIMENTO,EMAP,,,0.0,https://indomet.gob.do/wp-content/uploads/2026/03/Temperaturas-extremas-y-precipitaciones-17-de-Marzo-2026.pdf
2026-03-17,054,LOS CACICAZGOS (EMA),DISTRITO NACIONAL,PRIVADA,EMAP,,,0.0,https://indomet.gob.do/wp-content/uploads/2026/03/Temperaturas-extremas-y-precipitaciones-17-de-Marzo-2026.pdf
2026-03-17,055,LOS JARDINES (EMA),DISTRITO NACIONAL,PRIVADA,EMAP,,,0.0,https://indomet.gob.do/wp-content/uploads/2026/03/Temperaturas-extremas-y-precipitaciones-17-de-Marzo-2026.pdf
2026-03-17,056,LOS JENGIBRES,NAGUA,INDRHI,EMCI,,,0.0,https://indomet.gob.do/wp-content/uploads/2026/03/Temperaturas-extremas-y-precipitaciones-17-de-Marzo-2026.pdf
2026-03-17,057,LOS LLANOS,SAN PEDRO DE MACORÍS,MINISTERIO DE AGRICULTURA,EMCI,30.9,20.7,0.0,https://indomet.gob.do/wp-content/uploads/2026/03/Temperaturas-extremas-y-precipitaciones-17-de-Marzo-2026.pdf
2026-03-17,058,LOS PRADOS (EMA),DISTRITO NACIONAL,PRIVADA,EMAP,,,0.0,https://indomet.gob.do/wp-content/uploads/2026/03/Temperaturas-extremas-y-precipitaciones-17-de-Marzo-2026.pdf
2026-03-17,059,MAO,VALVERDE,INDRHI / MINISTERIO DE AGRICULTURA,EMCV,,,0.0,https://indomet.gob.do/wp-content/uploads/2026/03/Temperaturas-extremas-y-precipitaciones-17-de-Marzo-2026.pdf
2026-03-17,060,MONCIÓN (EMA),SANTIAGO RODRÍGUEZ,PROGRAMA MUNDIAL DE ALIMENTO,EMAP,30.7,17.4,0.0,https://indomet.gob.do/wp-content/uploads/2026/03/Temperaturas-extremas-y-precipitaciones-17-de-Marzo-2026.pdf
2026-03-17,061,MONTE CRISTI,MONTE CRISTI,INDOMET,EMCI,34.0,23.0,0.0,https://indomet.gob.do/wp-content/uploads/2026/03/Temperaturas-extremas-y-precipitaciones-17-de-Marzo-2026.pdf
2026-03-17,062,NAVARRETE,SANTIAGO,MINISTERIO DE AGRICULTURA,EMCV,,,0.0,https://indomet.gob.do/wp-content/uploads/2026/03/Temperaturas-extremas-y-precipitaciones-17-de-Marzo-2026.pdf
2026-03-17,063,OLIVARES,PEDERNALES,INDRHI,EMCI,,,0.0,https://indomet.gob.do/wp-content/uploads/2026/03/Temperaturas-extremas-y-precipitaciones-17-de-Marzo-2026.pdf
2026-03-17,064,PADRE LAS CASAS,AZUA,HOSP. NTRA. SRA. DEL CARMEN,EMCI,29.5,14.0,0.0,https://indomet.gob.do/wp-content/uploads/2026/03/Temperaturas-extremas-y-precipitaciones-17-de-Marzo-2026.pdf
2026-03-17,065,PALO ÍNDIO,PUERTO PLATA,MINISTERIO DE AGRICULTURA,EMCI,,,0.0,https://indomet.gob.do/wp-content/uploads/2026/03/Temperaturas-extremas-y-precipitaciones-17-de-Marzo-2026.pdf
2026-03-17,066,PASO AL MEDIO,SAN PEDRO DE MACORÍS,INDRHI,EMCI,,,0.0,https://indomet.gob.do/wp-content/uploads/2026/03/Temperaturas-extremas-y-precipitaciones-17-de-Marzo-2026.pdf
2026-03-17,067,PEDERNALES,PEDERNALES,INDRHI,EMCI,,,0.0,https://indomet.gob.do/wp-content/uploads/2026/03/Temperaturas-extremas-y-precipitaciones-17-de-Marzo-2026.pdf
2026-03-17,068,PERALTA,AZUA,HOSP. MPAL. DE PERALTA,EMCI,31.4,14.5,0.0,https://indomet.gob.do/wp-content/uploads/2026/03/Temperaturas-extremas-y-precipitaciones-17-de-Marzo-2026.pdf
2026-03-17,069,PESCADERIA (EMA),BARAHONA,MINISTERIO DE AGRICULTURA,EMAP,,,0.0,https://indomet.gob.do/wp-content/uploads/2026/03/Temperaturas-extremas-y-precipitaciones-17-de-Marzo-2026.pdf
2026-03-17,070,PONTÓN ABAJO (EMA),LA VEGA,MINISTERIO DE AGRICULTURA,EMAP,32.7,19.1,0.0,https://indomet.gob.do/wp-content/uploads/2026/03/Temperaturas-extremas-y-precipitaciones-17-de-Marzo-2026.pdf
2026-03-17,071,PRESA DE TAVERAS (EMA),LA VEGA,PROGRAMA MUNDIAL DE ALIMENTO,EMAP,29.2,17.4,0.0,https://indomet.gob.do/wp-content/uploads/2026/03/Temperaturas-extremas-y-precipitaciones-17-de-Marzo-2026.pdf
2026-03-17,072,RESTAURACIÓN,DAJABÓN,MINISTERIO DE AGRICULTURA,EMCI,30.2,14.8,0.0,https://indomet.gob.do/wp-content/uploads/2026/03/Temperaturas-extremas-y-precipitaciones-17-de-Marzo-2026.pdf
2026-03-17,073,RÍO SAN JUAN,MARÍA TRINIDAD SÁNCHEZ,HOSP. MPAL. DR. DESIDERIO ACOSTA,EMCV,31.9,22.5,0.0,https://indomet.gob.do/wp-content/uploads/2026/03/Temperaturas-extremas-y-precipitaciones-17-de-Marzo-2026.pdf
2026-03-17,074,SABANA DE LA MAR,HATO MAYOR,INDOMET,EMCI,30.2,20.2,0.0,https://indomet.gob.do/wp-content/uploads/2026/03/Temperaturas-extremas-y-precipitaciones-17-de-Marzo-2026.pdf
2026-03-17,075,SABANA GRANDE DE BOYÁ,MONTE PLATA,MINISTERIO DE AGRICULTURA,EMCV,,,0.0,https://indomet.gob.do/wp-content/uploads/2026/03/Temperaturas-extremas-y-precipitaciones-17-de-Marzo-2026.pdf
2026-03-17,076,SABANETA (EMA),SANTIAGO RODRÍGUEZ,PROGRAMA MUNDIAL DE ALIMENTO,EMAP,34.1,20.9,0.0,https://indomet.gob.do/wp-content/uploads/2026/03/Temperaturas-extremas-y-precipitaciones-17-de-Marzo-2026.pdf
2026-03-17,077,SAJOMA (EMA),SANTIAGO,PLAN SIERRA,EMAI,,,0.0,https://indomet.gob.do/wp-content/uploads/2026/03/Temperaturas-extremas-y-precipitaciones-17-de-Marzo-2026.pdf
2026-03-17,078,SALCEDO,HERMANAS MIRABAL,PROPIEDAD DEL EMPLEADO,EMCI,,,0.0,https://indomet.gob.do/wp-content/uploads/2026/03/Temperaturas-extremas-y-precipitaciones-17-de-Marzo-2026.pdf
2026-03-17,079,SAMANÁ,SAMANÁ,COMANDANCIA DE PUERTO DE SAMANÁ,EMCI,31.0,17.5,0.0,https://indomet.gob.do/wp-content/uploads/2026/03/Temperaturas-extremas-y-precipitaciones-17-de-Marzo-2026.pdf
2026-03-17,080,SAN CRISTÓBAL,SAN CRISTÓBAL,INSTITUTO POLITÉCNICO LOYOLA,EMCI,30.0,19.2,0.0,https://indomet.gob.do/wp-content/uploads/2026/03/Temperaturas-extremas-y-precipitaciones-17-de-Marzo-2026.pdf
2026-03-17,081,SAN FRANCISCO DE MACORÍS,DUARTE,San Francisco de Macorís (UASD),EMCI,31.2,20.0,0.0,https://indomet.gob.do/wp-content/uploads/2026/03/Temperaturas-extremas-y-precipitaciones-17-de-Marzo-2026.pdf
2026-03-17,082,SAN JOSÉ DE OCOA,SAN JOSÉ DE OCOA,HOSP. SAN JOSÉ DE OCOA,EMCI,27.9,16.7,0.0,https://indomet.gob.do/wp-content/uploads/2026/03/Temperaturas-extremas-y-precipitaciones-17-de-Marzo-2026.pdf
2026-03-17,083,SAN RAFAEL DEL YUMA,LA ALTAGRACIA,MINISTERIO DE AGRICULTURA,EMCI,30.0,20.0,0.0,https://indomet.gob.do/wp-content/uploads/2026/03/Temperaturas-extremas-y-precipitaciones-17-de-Marzo-2026.pdf
2026-03-17,084,SÁNCHEZ,SAMANÁ,MINISTERIO DE AGRICULTURA,EMCI,30.5,20.8,0.0,https://indomet.gob.do/wp-content/uploads/2026/03/Temperaturas-extremas-y-precipitaciones-17-de-Marzo-2026.pdf
2026-03-17,085,SANTIAGO RODRÍGUEZ,SANTIAGO RODRÍGUEZ,INDOMET,EMCI,35.0,21.2,0.0,https://indomet.gob.do/wp-content/uploads/2026/03/Temperaturas-extremas-y-precipitaciones-17-de-Marzo-2026.pdf
2026-03-17,086,TÁBARA ABAJO,AZUA,INDRHI,EMCI,32.5,18.6,0.0,https://indomet.gob.do/wp-content/uploads/2026/03/Temperaturas-extremas-y-precipitaciones-17-de-Marzo-2026.pdf
2026-03-17,087,TAMBORIL,SANTIAGO,MINISTERIO DE AGRICULTURA,EMCV,,,0.0,https://indomet.gob.do/wp-content/uploads/2026/03/Temperaturas-extremas-y-precipitaciones-17-de-Marzo-2026.pdf
2026-03-17,088,TAVERA,SANTIAGO,INDRHI,EMCI,,,0.0,https://indomet.gob.do/wp-content/uploads/2026/03/Temperaturas-extremas-y-precipitaciones-17-de-Marzo-2026.pdf
2026-03-17,089,VILLA GONZALES,SANTIAGO,MINISTERIO DE AGRICULTURA,EMCI,,,0.0,https://indomet.gob.do/wp-content/uploads/2026/03/Temperaturas-extremas-y-precipitaciones-17-de-Marzo-2026.pdf
2026-03-17,090,VILLA ISABELA,PUERTO PLATA,MINISTERIO DE AGRICULTURA,EMCV,32.5,17.8,0.0,https://indomet.gob.do/wp-content/uploads/2026/03/Temperaturas-extremas-y-precipitaciones-17-de-Marzo-2026.pdf
2026-03-17,091,VILLA RIVA,DUARTE,HOSP. MPAL. ALICIA DE LEGENDRE,EMCI,32.0,19.5,0.0,https://indomet.gob.do/wp-content/uploads/2026/03/Temperaturas-extremas-y-precipitaciones-17-de-Marzo-2026.pdf
2026-03-17,092,VILLA VASQUEZ (EMA),MONTE CRISTI,JUNTA DE REGANTES,EMAI,,,0.0,https://indomet.gob.do/wp-content/uploads/2026/03/Temperaturas-extremas-y-precipitaciones-17-de-Marzo-2026.pdf
2026-03-17,093,BOCA DE MAO (EMA),VALVERDE,MINISTERIO DE AGRICULTURA,EMAP,33.7,21.0,,https://indomet.gob.do/wp-content/uploads/2026/03/Temperaturas-extremas-y-precipitaciones-17-de-Marzo-2026.pdf
2026-03-18,001,ZONA FRANCA INDUSTRIAL,SANTO DOMINGO,PRIVADA,EMAP,,,21.2,https://indomet.gob.do/wp-content/uploads/2026/03/temperaturas-extremas-y-precipitaciones-2026x03x18-b.pdf
2026-03-18,002,PARQUE MIRADOR NORTE,SANTO DOMINGO,AYUNTAMIENTO,EMCV,,,14.5,https://indomet.gob.do/wp-content/uploads/2026/03/temperaturas-extremas-y-precipitaciones-2026x03x18-b.pdf
2026-03-18,003,POLO,BARAHONA,INDOCAFE,EMCI,,14.9,13.3,https://indomet.gob.do/wp-content/uploads/2026/03/temperaturas-extremas-y-precipitaciones-2026x03x18-b.pdf
2026-03-18,004,BASE AÉREA DE SAN ISIDRO,SANTO DOMINGO,FUERZA AÉREA DOMINICANA,EMCV,30.1,,10.2,https://indomet.gob.do/wp-content/uploads/2026/03/temperaturas-extremas-y-precipitaciones-2026x03x18-b.pdf
2026-03-18,005,CENTRO DE LOS HEROES (EMA),DISTRITO NACIONAL,MINISTERIO DE ENERGIA Y MINA,EMAP,29.6,22.8,10.0,https://indomet.gob.do/wp-content/uploads/2026/03/temperaturas-extremas-y-precipitaciones-2026x03x18-b.pdf
2026-03-18,006,ARPT. DE LAS AMÉRICAS,SANTO DOMINGO,INDOMET,EMCI,29.4,20.3,7.8,https://indomet.gob.do/wp-content/uploads/2026/03/temperaturas-extremas-y-precipitaciones-2026x03x18-b.pdf
2026-03-18,007,JARDÍN BOTÁNICO NACIONAL,DISTRITO NACIONAL,JARDÍN BOTÁNICO NACIONAL,EMCV,31.3,19.2,7.0,https://indomet.gob.do/wp-content/uploads/2026/03/temperaturas-extremas-y-precipitaciones-2026x03x18-b.pdf
2026-03-18,008,OVIEDO,PEDERNALES,CLÍNICA RURAL OVIEDO,EMCI,31.0,20.5,6.0,https://indomet.gob.do/wp-content/uploads/2026/03/temperaturas-extremas-y-precipitaciones-2026x03x18-b.pdf
2026-03-18,009,PERALTA,AZUA,HOSP. MPAL. DE PERALTA,EMCI,29.7,14.4,5.4,https://indomet.gob.do/wp-content/uploads/2026/03/temperaturas-extremas-y-precipitaciones-2026x03x18-b.pdf
2026-03-18,010,LOS JARDINES (EMA),DISTRITO NACIONAL,PRIVADA,EMAP,,,4.6,https://indomet.gob.do/wp-content/uploads/2026/03/temperaturas-extremas-y-precipitaciones-2026x03x18-b.pdf
2026-03-18,011,ENRIQUILLO,BARAHONA,MINISTERIO DE AGRICULTURA,EMCV,30.0,20.5,4.4,https://indomet.gob.do/wp-content/uploads/2026/03/temperaturas-extremas-y-precipitaciones-2026x03x18-b.pdf
2026-03-18,012,SANTO DOMINGO ESTE,SANTO DOMINGO,INDOMET,EMCI,30.0,23.5,4.4,https://indomet.gob.do/wp-content/uploads/2026/03/temperaturas-extremas-y-precipitaciones-2026x03x18-b.pdf
2026-03-18,013,LA VICTORIA,SANTO DOMINGO,CUERPO DE BOMBEROS,EMCI,31.4,21.5,4.3,https://indomet.gob.do/wp-content/uploads/2026/03/temperaturas-extremas-y-precipitaciones-2026x03x18-b.pdf
2026-03-18,014,BELLA VISTA (EMA),DISTRITO NACIONAL,PRIVADA,EMAP,,,3.8,https://indomet.gob.do/wp-content/uploads/2026/03/temperaturas-extremas-y-precipitaciones-2026x03x18-b.pdf
2026-03-18,015,ENSANCHE LA FE (EMA),DISTRITO NACIONAL,PRIVADA,EMAP,,,3.3,https://indomet.gob.do/wp-content/uploads/2026/03/temperaturas-extremas-y-precipitaciones-2026x03x18-b.pdf
2026-03-18,016,LA AGUSTINA (EMA),DISTRITO NACIONAL,PRIVADA,EMAP,,,3.3,https://indomet.gob.do/wp-content/uploads/2026/03/temperaturas-extremas-y-precipitaciones-2026x03x18-b.pdf
2026-03-18,017,ARPT. MARÍA MONTEZ,BARAHONA,INDOMET,EMCI,30.0,21.0,2.9,https://indomet.gob.do/wp-content/uploads/2026/03/temperaturas-extremas-y-precipitaciones-2026x03x18-b.pdf
2026-03-18,018,MULTIMODAL CAUCEDO,SANTO DOMINGO,PRIVADA,EMAP,,,2.8,https://indomet.gob.do/wp-content/uploads/2026/03/temperaturas-extremas-y-precipitaciones-2026x03x18-b.pdf
2026-03-18,019,LOS CACICAZGOS (EMA),DISTRITO NACIONAL,PRIVADA,EMAP,,,2.3,https://indomet.gob.do/wp-content/uploads/2026/03/temperaturas-extremas-y-precipitaciones-2026x03x18-b.pdf
2026-03-18,020,LOS LLANOS,SAN PEDRO DE MACORÍS,MINISTERIO DE AGRICULTURA,EMCI,30.5,20.0,1.8,https://indomet.gob.do/wp-content/uploads/2026/03/temperaturas-extremas-y-precipitaciones-2026x03x18-b.pdf
2026-03-18,021,ARPT. LA ISABELA,SANTO DOMINGO,INDOMET,EMCI,31.0,19.5,1.6,https://indomet.gob.do/wp-content/uploads/2026/03/temperaturas-extremas-y-precipitaciones-2026x03x18-b.pdf
2026-03-18,022,SAN CRISTÓBAL,SAN CRISTÓBAL,INSTITUTO POLITÉCNICO LOYOLA,EMCI,29.2,19.2,1.5,https://indomet.gob.do/wp-content/uploads/2026/03/temperaturas-extremas-y-precipitaciones-2026x03x18-b.pdf
2026-03-18,023,CABRAL,BARAHONA,MINISTERIO DE AGRICULTURA,EMCV,29.8,21.0,1.0,https://indomet.gob.do/wp-content/uploads/2026/03/temperaturas-extremas-y-precipitaciones-2026x03x18-b.pdf
2026-03-18,024,SAN RAFAEL DEL YUMA,LA ALTAGRACIA,MINISTERIO DE AGRICULTURA,EMCI,30.5,20.9,0.9,https://indomet.gob.do/wp-content/uploads/2026/03/temperaturas-extremas-y-precipitaciones-2026x03x18-b.pdf
2026-03-18,025,PADRE LAS CASAS,AZUA,HOSP. NTRA. SRA. DEL CARMEN,EMCI,29.6,17.5,0.6,https://indomet.gob.do/wp-content/uploads/2026/03/temperaturas-extremas-y-precipitaciones-2026x03x18-b.pdf
2026-03-18,026,BAYAGUANA,MONTE PLATA,INDOMET,EMCI,31.8,19.2,0.3,https://indomet.gob.do/wp-content/uploads/2026/03/temperaturas-extremas-y-precipitaciones-2026x03x18-b.pdf
2026-03-18,027,CIUDAD JUAN BOSCH,SANTO DOMINGO,PRIVADA,EMAP,,,0.2,https://indomet.gob.do/wp-content/uploads/2026/03/temperaturas-extremas-y-precipitaciones-2026x03x18-b.pdf
2026-03-18,028,ALTAMIRA,PUERTO PLATA,HOSP. MPAL. DE ALTAMIRA,EMCI,32.2,18.5,0.0,https://indomet.gob.do/wp-content/uploads/2026/03/temperaturas-extremas-y-precipitaciones-2026x03x18-b.pdf
2026-03-18,029,ALTO BANDERA (EMA),LA VEGA,INTEC,EMAP,16.5,3.8,0.0,https://indomet.gob.do/wp-content/uploads/2026/03/temperaturas-extremas-y-precipitaciones-2026x03x18-b.pdf
2026-03-18,030,ANAMUYA (EMA),LA ALTAGRACIA,MINISTERIO DE AGRICULTURA,EMAP,30.3,21.1,0.0,https://indomet.gob.do/wp-content/uploads/2026/03/temperaturas-extremas-y-precipitaciones-2026x03x18-b.pdf
2026-03-18,031,ARPT. ARROYO BARRIL,SAMANÁ,INDOMET,EMCI,31.0,22.7,0.0,https://indomet.gob.do/wp-content/uploads/2026/03/temperaturas-extremas-y-precipitaciones-2026x03x18-b.pdf
2026-03-18,032,ARPT. DE LA ROMANA,LA ROMANA,INDOMET,EMCI,30.2,20.3,0.0,https://indomet.gob.do/wp-content/uploads/2026/03/temperaturas-extremas-y-precipitaciones-2026x03x18-b.pdf
2026-03-18,033,ARPT. DE PUNTA CANA,LA ALTAGRACIA,INDOMET,EMCI,29.8,23.0,0.0,https://indomet.gob.do/wp-content/uploads/2026/03/temperaturas-extremas-y-precipitaciones-2026x03x18-b.pdf
2026-03-18,034,ARPT. DEL CIBAO,SANTIAGO,INDOMET,EMCI,32.2,18.3,0.0,https://indomet.gob.do/wp-content/uploads/2026/03/temperaturas-extremas-y-precipitaciones-2026x03x18-b.pdf
2026-03-18,035,ARPT. EL CATEY,SAMANÁ,INDOMET,EMCI,32.4,20.0,0.0,https://indomet.gob.do/wp-content/uploads/2026/03/temperaturas-extremas-y-precipitaciones-2026x03x18-b.pdf
2026-03-18,036,ARPT. GREGORIO LUPERÓN,PUERTO PLATA,INDOMET,EMCI,31.0,21.0,0.0,https://indomet.gob.do/wp-content/uploads/2026/03/temperaturas-extremas-y-precipitaciones-2026x03x18-b.pdf
2026-03-18,037,ARROYO LORO,SAN JUAN,IDIAF,EMCI,31.2,16.4,0.0,https://indomet.gob.do/wp-content/uploads/2026/03/temperaturas-extremas-y-precipitaciones-2026x03x18-b.pdf
2026-03-18,038,BANI (EMA),PERAVIA,MINISTERIO DE AGRICULTURA,EMAP,29.4,20.6,0.0,https://indomet.gob.do/wp-content/uploads/2026/03/temperaturas-extremas-y-precipitaciones-2026x03x18-b.pdf
2026-03-18,039,BOCA DE MAO (EMA),VALVERDE,MINISTERIO DE AGRICULTURA,EMAP,34.2,22.6,0.0,https://indomet.gob.do/wp-content/uploads/2026/03/temperaturas-extremas-y-precipitaciones-2026x03x18-b.pdf
2026-03-18,040,BOHECHÍO,SAN JUAN,MINISTERIO DE AGRICULTURA,EMCV,,,0.0,https://indomet.gob.do/wp-content/uploads/2026/03/temperaturas-extremas-y-precipitaciones-2026x03x18-b.pdf
2026-03-18,041,BONAO,MONSEÑOR NOUEL,MINISTERIO DE AGRICULTURA,EMCV,,,0.0,https://indomet.gob.do/wp-content/uploads/2026/03/temperaturas-extremas-y-precipitaciones-2026x03x18-b.pdf
2026-03-18,042,BUCARA (EMA),SANTIAGO,MINISTERIO DE AGRICULTURA,EMAI,,,0.0,https://indomet.gob.do/wp-content/uploads/2026/03/temperaturas-extremas-y-precipitaciones-2026x03x18-b.pdf
2026-03-18,043,CABRERA,MARÍA TRINIDAD SÁNCHEZ,ESCUELA ARÍSTIDES FIALLO CABRAL,EMCI,30.8,23.0,0.0,https://indomet.gob.do/wp-content/uploads/2026/03/temperaturas-extremas-y-precipitaciones-2026x03x18-b.pdf
2026-03-18,044,CONSTANZA,LA VEGA,MINISTERIO DE AGRICULTURA,EMCI,26.2,11.5,0.0,https://indomet.gob.do/wp-content/uploads/2026/03/temperaturas-extremas-y-precipitaciones-2026x03x18-b.pdf
2026-03-18,045,CONSTANZA (EMA),LA VEGA,PROGRAMA MUNDIAL DE ALIMENTO,EMAP,25.1,13.1,0.0,https://indomet.gob.do/wp-content/uploads/2026/03/temperaturas-extremas-y-precipitaciones-2026x03x18-b.pdf
2026-03-18,046,COTUÍ,SÁNCHEZ RAMÍREZ,HOSP. INMACULADA CONCEPCIÓN,EMCV,,,0.0,https://indomet.gob.do/wp-content/uploads/2026/03/temperaturas-extremas-y-precipitaciones-2026x03x18-b.pdf
2026-03-18,047,DAJABÓN,DAJABÓN,INSTITUTO POLITÉCNICO LOYOLA,EMCI,34.4,20.1,0.0,https://indomet.gob.do/wp-content/uploads/2026/03/temperaturas-extremas-y-precipitaciones-2026x03x18-b.pdf
2026-03-18,048,EL CERCADO,SAN JUAN,MINISTERIO DE AGRICULTURA,EMCV,,,0.0,https://indomet.gob.do/wp-content/uploads/2026/03/temperaturas-extremas-y-precipitaciones-2026x03x18-b.pdf
2026-03-18,049,EL FACTOR (EMA),MARÍA TRINIDAD SÁNCHEZ,INTEC,EMAP,32.2,21.0,0.0,https://indomet.gob.do/wp-content/uploads/2026/03/temperaturas-extremas-y-precipitaciones-2026x03x18-b.pdf
2026-03-18,050,EL MILLON (EMA),DISTRITO NACIONAL,PRIVADA,EMAP,,,0.0,https://indomet.gob.do/wp-content/uploads/2026/03/temperaturas-extremas-y-precipitaciones-2026x03x18-b.pdf
2026-03-18,051,EL SEIBO,EL SEIBO,MINISTERIO DE AGRICULTURA,EMCV,,,0.0,https://indomet.gob.do/wp-content/uploads/2026/03/temperaturas-extremas-y-precipitaciones-2026x03x18-b.pdf
2026-03-18,052,ELÍAS PIÑA,ELÍAS PIÑA,MINISTERIO DE AGRICULTURA,EMCV,,,0.0,https://indomet.gob.do/wp-content/uploads/2026/03/temperaturas-extremas-y-precipitaciones-2026x03x18-b.pdf
2026-03-18,053,GASPAR HERNÁNDEZ,ESPAILLAT,PROPIEDAD DEL EMPLEADO,EMCI,,,0.0,https://indomet.gob.do/wp-content/uploads/2026/03/temperaturas-extremas-y-precipitaciones-2026x03x18-b.pdf
2026-03-18,054,GURABO,SANTIAGO,MINISTERIO DE AGRICULTURA,EMCV,,,0.0,https://indomet.gob.do/wp-content/uploads/2026/03/temperaturas-extremas-y-precipitaciones-2026x03x18-b.pdf
2026-03-18,055,HATO MAYOR,HATO MAYOR,MINISTERIO DE AGRICULTURA,EMCV,,,0.0,https://indomet.gob.do/wp-content/uploads/2026/03/temperaturas-extremas-y-precipitaciones-2026x03x18-b.pdf
2026-03-18,056,HONDO VALLE,ELÍAS PIÑA,MINISTERIO DE AGRICULTURA,EMCI,23.8,14.5,0.0,https://indomet.gob.do/wp-content/uploads/2026/03/temperaturas-extremas-y-precipitaciones-2026x03x18-b.pdf
2026-03-18,057,JARABACOA,LA VEGA,INDRHI / MARENA,EMCI,31.2,13.0,0.0,https://indomet.gob.do/wp-content/uploads/2026/03/temperaturas-extremas-y-precipitaciones-2026x03x18-b.pdf
2026-03-18,058,JARABACOA (EMA),LA VEGA,PROGRAMA MUNDIAL DE ALIMENTO,EMAP,29.8,17.6,0.0,https://indomet.gob.do/wp-content/uploads/2026/03/temperaturas-extremas-y-precipitaciones-2026x03x18-b.pdf
2026-03-18,059,JIMANÍ,INDEPENDENCIA,MINISTERIO DE AGRICULTURA,EMCI,32.5,22.6,0.0,https://indomet.gob.do/wp-content/uploads/2026/03/temperaturas-extremas-y-precipitaciones-2026x03x18-b.pdf
2026-03-18,060,JUMA BEJUCAL,MONSEÑOR NOUEL,IDIAF,EMCV,28.6,17.0,0.0,https://indomet.gob.do/wp-content/uploads/2026/03/temperaturas-extremas-y-precipitaciones-2026x03x18-b.pdf
2026-03-18,061,LA VEGA,LA VEGA,IATESA,EMCI,31.8,18.5,0.0,https://indomet.gob.do/wp-content/uploads/2026/03/temperaturas-extremas-y-precipitaciones-2026x03x18-b.pdf
2026-03-18,062,LAS CANAS (EMA),MONTE CRISTI,PROGRAMA MUNDIAL DE ALIMENTO,EMAP,30.3,21.3,0.0,https://indomet.gob.do/wp-content/uploads/2026/03/temperaturas-extremas-y-precipitaciones-2026x03x18-b.pdf
2026-03-18,063,LOS JENGIBRES,NAGUA,INDRHI,EMCI,,,0.0,https://indomet.gob.do/wp-content/uploads/2026/03/temperaturas-extremas-y-precipitaciones-2026x03x18-b.pdf
2026-03-18,064,LOS PRADOS (EMA),DISTRITO NACIONAL,PRIVADA,EMAP,,,0.0,https://indomet.gob.do/wp-content/uploads/2026/03/temperaturas-extremas-y-precipitaciones-2026x03x18-b.pdf
2026-03-18,065,MAO,VALVERDE,INDRHI / MINISTERIO DE AGRICULTURA,EMCV,,,0.0,https://indomet.gob.do/wp-content/uploads/2026/03/temperaturas-extremas-y-precipitaciones-2026x03x18-b.pdf
2026-03-18,066,MICHES (EMA),EL SEIBO,PRIVADA,EMAP,30.8,21.6,0.0,https://indomet.gob.do/wp-content/uploads/2026/03/temperaturas-extremas-y-precipitaciones-2026x03x18-b.pdf
2026-03-18,067,MONCIÓN (EMA),SANTIAGO RODRÍGUEZ,PROGRAMA MUNDIAL DE ALIMENTO,EMAP,31.3,19.4,0.0,https://indomet.gob.do/wp-content/uploads/2026/03/temperaturas-extremas-y-precipitaciones-2026x03x18-b.pdf
2026-03-18,068,MONTE CRISTI,MONTE CRISTI,INDOMET,EMCI,33.4,23.3,0.0,https://indomet.gob.do/wp-content/uploads/2026/03/temperaturas-extremas-y-precipitaciones-2026x03x18-b.pdf
2026-03-18,069,NAVARRETE,SANTIAGO,MINISTERIO DE AGRICULTURA,EMCV,,,0.0,https://indomet.gob.do/wp-content/uploads/2026/03/temperaturas-extremas-y-precipitaciones-2026x03x18-b.pdf
2026-03-18,070,OLIVARES,PEDERNALES,INDRHI,EMCI,,,0.0,https://indomet.gob.do/wp-content/uploads/2026/03/temperaturas-extremas-y-precipitaciones-2026x03x18-b.pdf
2026-03-18,071,PALO ÍNDIO,PUERTO PLATA,MINISTERIO DE AGRICULTURA,EMCI,,,0.0,https://indomet.gob.do/wp-content/uploads/2026/03/temperaturas-extremas-y-precipitaciones-2026x03x18-b.pdf
2026-03-18,072,PASO AL MEDIO,SAN PEDRO DE MACORÍS,INDRHI,EMCI,,,0.0,https://indomet.gob.do/wp-content/uploads/2026/03/temperaturas-extremas-y-precipitaciones-2026x03x18-b.pdf
2026-03-18,073,PEDERNALES,PEDERNALES,INDRHI,EMCI,,,0.0,https://indomet.gob.do/wp-content/uploads/2026/03/temperaturas-extremas-y-precipitaciones-2026x03x18-b.pdf
2026-03-18,074,PONTÓN ABAJO (EMA),LA VEGA,MINISTERIO DE AGRICULTURA,EMAP,33.2,19.8,0.0,https://indomet.gob.do/wp-content/uploads/2026/03/temperaturas-extremas-y-precipitaciones-2026x03x18-b.pdf
2026-03-18,075,PRESA DE TAVERAS (EMA),LA VEGA,PROGRAMA MUNDIAL DE ALIMENTO,EMAP,30.4,18.8,0.0,https://indomet.gob.do/wp-content/uploads/2026/03/temperaturas-extremas-y-precipitaciones-2026x03x18-b.pdf
2026-03-18,076,RANCHO ARRIBA,SAN JOSÉ DE OCOA,CENTRO TECNOLÓGICO COMUNITARIO,EMCI,27.5,13.8,0.0,https://indomet.gob.do/wp-content/uploads/2026/03/temperaturas-extremas-y-precipitaciones-2026x03x18-b.pdf
2026-03-18,077,RESTAURACIÓN,DAJABÓN,MINISTERIO DE AGRICULTURA,EMCI,31.1,15.4,0.0,https://indomet.gob.do/wp-content/uploads/2026/03/temperaturas-extremas-y-precipitaciones-2026x03x18-b.pdf
2026-03-18,078,RÍO SAN JUAN,MARÍA TRINIDAD SÁNCHEZ,HOSP. MPAL. DR. DESIDERIO ACOSTA,EMCV,32.3,23.3,0.0,https://indomet.gob.do/wp-content/uploads/2026/03/temperaturas-extremas-y-precipitaciones-2026x03x18-b.pdf
2026-03-18,079,SABANA DE LA MAR,HATO MAYOR,INDOMET,EMCI,30.6,19.6,0.0,https://indomet.gob.do/wp-content/uploads/2026/03/temperaturas-extremas-y-precipitaciones-2026x03x18-b.pdf
2026-03-18,080,SABANA GRANDE DE BOYÁ,MONTE PLATA,MINISTERIO DE AGRICULTURA,EMCV,,,0.0,https://indomet.gob.do/wp-content/uploads/2026/03/temperaturas-extremas-y-precipitaciones-2026x03x18-b.pdf
2026-03-18,081,SABANETA (EMA),SANTIAGO RODRÍGUEZ,PROGRAMA MUNDIAL DE ALIMENTO,EMAP,35.4,21.9,0.0,https://indomet.gob.do/wp-content/uploads/2026/03/temperaturas-extremas-y-precipitaciones-2026x03x18-b.pdf
2026-03-18,082,SALCEDO,HERMANAS MIRABAL,PROPIEDAD DEL EMPLEADO,EMCI,,,0.0,https://indomet.gob.do/wp-content/uploads/2026/03/temperaturas-extremas-y-precipitaciones-2026x03x18-b.pdf
2026-03-18,083,SAMANÁ,SAMANÁ,COMANDANCIA DE PUERTO DE SAMANÁ,EMCI,30.9,18.5,0.0,https://indomet.gob.do/wp-content/uploads/2026/03/temperaturas-extremas-y-precipitaciones-2026x03x18-b.pdf
2026-03-18,084,SAN FRANCISCO DE MACORÍS,DUARTE,San Francisco de Macorís (UASD),EMCI,32.2,20.9,0.0,https://indomet.gob.do/wp-content/uploads/2026/03/temperaturas-extremas-y-precipitaciones-2026x03x18-b.pdf
2026-03-18,085,SAN JOSÉ DE OCOA,SAN JOSÉ DE OCOA,HOSP. SAN JOSÉ DE OCOA,EMCI,30.0,14.9,0.0,https://indomet.gob.do/wp-content/uploads/2026/03/temperaturas-extremas-y-precipitaciones-2026x03x18-b.pdf
2026-03-18,086,SÁNCHEZ,SAMANÁ,MINISTERIO DE AGRICULTURA,EMCI,30.6,21.9,0.0,https://indomet.gob.do/wp-content/uploads/2026/03/temperaturas-extremas-y-precipitaciones-2026x03x18-b.pdf
2026-03-18,087,SANTIAGO RODRÍGUEZ,SANTIAGO RODRÍGUEZ,INDOMET,EMCI,35.2,22.0,0.0,https://indomet.gob.do/wp-content/uploads/2026/03/temperaturas-extremas-y-precipitaciones-2026x03x18-b.pdf
2026-03-18,088,TÁBARA ABAJO,AZUA,INDRHI,EMCI,31.0,17.8,0.0,https://indomet.gob.do/wp-content/uploads/2026/03/temperaturas-extremas-y-precipitaciones-2026x03x18-b.pdf
2026-03-18,089,TAMBORIL,SANTIAGO,MINISTERIO DE AGRICULTURA,EMCV,28.0,20.0,0.0,https://indomet.gob.do/wp-content/uploads/2026/03/temperaturas-extremas-y-precipitaciones-2026x03x18-b.pdf
2026-03-18,090,TAVERA,SANTIAGO,INDRHI,EMCI,,,0.0,https://indomet.gob.do/wp-content/uploads/2026/03/temperaturas-extremas-y-precipitaciones-2026x03x18-b.pdf
2026-03-18,091,VALLE NUEVO (EMA),LA VEGA,MARENA,EMAI,19.5,2.8,0.0,https://indomet.gob.do/wp-content/uploads/2026/03/temperaturas-extremas-y-precipitaciones-2026x03x18-b.pdf
2026-03-18,092,VILLA ALTAGRACIA,SAN CRISTÓBAL,ESCUELA JAVIER ANGULO GURIDI,EMCI,,,0.0,https://indomet.gob.do/wp-content/uploads/2026/03/temperaturas-extremas-y-precipitaciones-2026x03x18-b.pdf
2026-03-18,093,VILLA GONZALES,SANTIAGO,MINISTERIO DE AGRICULTURA,EMCI,,,0.0,https://indomet.gob.do/wp-content/uploads/2026/03/temperaturas-extremas-y-precipitaciones-2026x03x18-b.pdf
2026-03-18,094,VILLA ISABELA,PUERTO PLATA,MINISTERIO DE AGRICULTURA,EMCV,32.5,18.8,0.0,https://indomet.gob.do/wp-content/uploads/2026/03/temperaturas-extremas-y-precipitaciones-2026x03x18-b.pdf
2026-03-18,095,VILLA RIVA,DUARTE,HOSP. MPAL. ALICIA DE LEGENDRE,EMCI,31.6,19.4,0.0,https://indomet.gob.do/wp-content/uploads/2026/03/temperaturas-extremas-y-precipitaciones-2026x03x18-b.pdf
2026-03-18,096,VILLA VASQUEZ (EMA),MONTE CRISTI,JUNTA DE REGANTES,EMAI,,,0.0,https://indomet.gob.do/wp-content/uploads/2026/03/temperaturas-extremas-y-precipitaciones-2026x03x18-b.pdf
2026-03-19,001,DAJABÓN,DAJABÓN,INSTITUTO POLITÉCNICO LOYOLA,EMCI,33.5,17.6,71.0,https://indomet.gob.do/wp-content/uploads/2026/03/Temperaturas-extremas-y-precipitaciones-19-de-Marzo-2026.pdf
2026-03-19,002,MONTE CRISTI,MONTE CRISTI,INDOMET,EMCI,33.2,23.8,67.9,https://indomet.gob.do/wp-content/uploads/2026/03/Temperaturas-extremas-y-precipitaciones-19-de-Marzo-2026.pdf
2026-03-19,003,LAS CANAS (EMA),MONTE CRISTI,PROGRAMA MUNDIAL DE ALIMENTO,EMAP,29.1,19.3,66.4,https://indomet.gob.do/wp-content/uploads/2026/03/Temperaturas-extremas-y-precipitaciones-19-de-Marzo-2026.pdf
2026-03-19,004,SABANETA (EMA),SANTIAGO RODRÍGUEZ,PROGRAMA MUNDIAL DE ALIMENTO,EMAP,33.3,20.2,40.8,https://indomet.gob.do/wp-content/uploads/2026/03/Temperaturas-extremas-y-precipitaciones-19-de-Marzo-2026.pdf
2026-03-19,005,SANTIAGO RODRÍGUEZ,SANTIAGO RODRÍGUEZ,INDOMET,EMCI,33.4,20.5,38.5,https://indomet.gob.do/wp-content/uploads/2026/03/Temperaturas-extremas-y-precipitaciones-19-de-Marzo-2026.pdf
2026-03-19,006,ALTAMIRA,PUERTO PLATA,HOSP. MPAL. DE ALTAMIRA,EMCI,32.3,19.2,38.2,https://indomet.gob.do/wp-content/uploads/2026/03/Temperaturas-extremas-y-precipitaciones-19-de-Marzo-2026.pdf
2026-03-19,007,RESTAURACIÓN,DAJABÓN,MINISTERIO DE AGRICULTURA,EMCI,30.8,14.7,37.4,https://indomet.gob.do/wp-content/uploads/2026/03/Temperaturas-extremas-y-precipitaciones-19-de-Marzo-2026.pdf
2026-03-19,008,MAO,VALVERDE,INDRHI / MINISTERIO DE AGRICULTURA,EMCV,,,26.6,https://indomet.gob.do/wp-content/uploads/2026/03/Temperaturas-extremas-y-precipitaciones-19-de-Marzo-2026.pdf
2026-03-19,009,BASE AÉREA DE SAN ISIDRO,SANTO DOMINGO,FUERZA AÉREA DOMINICANA,EMCV,29.0,21.6,22.0,https://indomet.gob.do/wp-content/uploads/2026/03/Temperaturas-extremas-y-precipitaciones-19-de-Marzo-2026.pdf
2026-03-19,010,BOCA DE MAO (EMA),VALVERDE,MINISTERIO DE AGRICULTURA,EMAP,34.4,20.0,21.6,https://indomet.gob.do/wp-content/uploads/2026/03/Temperaturas-extremas-y-precipitaciones-19-de-Marzo-2026.pdf
2026-03-19,011,CENTRO DE LOS HEROES (EMA),DISTRITO NACIONAL,MINISTERIO DE ENERGIA Y MINA,EMAP,29.7,22.8,17.8,https://indomet.gob.do/wp-content/uploads/2026/03/Temperaturas-extremas-y-precipitaciones-19-de-Marzo-2026.pdf
2026-03-19,012,ENRIQUILLO,BARAHONA,MINISTERIO DE AGRICULTURA,EMCV,30.8,19.0,14.6,https://indomet.gob.do/wp-content/uploads/2026/03/Temperaturas-extremas-y-precipitaciones-19-de-Marzo-2026.pdf
2026-03-19,013,JARDÍN BOTÁNICO NACIONAL,DISTRITO NACIONAL,JARDÍN BOTÁNICO NACIONAL,EMCV,30.6,21.0,14.2,https://indomet.gob.do/wp-content/uploads/2026/03/Temperaturas-extremas-y-precipitaciones-19-de-Marzo-2026.pdf
2026-03-19,014,SAJOMA (EMA),SANTIAGO,PLAN SIERRA,EMAI,,,14.0,https://indomet.gob.do/wp-content/uploads/2026/03/Temperaturas-extremas-y-precipitaciones-19-de-Marzo-2026.pdf
2026-03-19,015,LOS JARDINES (EMA),DISTRITO NACIONAL,PRIVADA,EMAP,,,12.0,https://indomet.gob.do/wp-content/uploads/2026/03/Temperaturas-extremas-y-precipitaciones-19-de-Marzo-2026.pdf
2026-03-19,016,BELLA VISTA (EMA),DISTRITO NACIONAL,PRIVADA,EMAP,,,11.4,https://indomet.gob.do/wp-content/uploads/2026/03/Temperaturas-extremas-y-precipitaciones-19-de-Marzo-2026.pdf
2026-03-19,017,SANTO DOMINGO ESTE,SANTO DOMINGO,INDOMET,EMCI,30.0,22.4,9.3,https://indomet.gob.do/wp-content/uploads/2026/03/Temperaturas-extremas-y-precipitaciones-19-de-Marzo-2026.pdf
2026-03-19,018,PARQUE MIRADOR NORTE,SANTO DOMINGO,AYUNTAMIENTO,EMCV,,,8.6,https://indomet.gob.do/wp-content/uploads/2026/03/Temperaturas-extremas-y-precipitaciones-19-de-Marzo-2026.pdf
2026-03-19,019,PALO ÍNDIO,PUERTO PLATA,MINISTERIO DE AGRICULTURA,EMCI,,,8.1,https://indomet.gob.do/wp-content/uploads/2026/03/Temperaturas-extremas-y-precipitaciones-19-de-Marzo-2026.pdf
2026-03-19,020,VILLA GONZALES,SANTIAGO,MINISTERIO DE AGRICULTURA,EMCI,,,8.1,https://indomet.gob.do/wp-content/uploads/2026/03/Temperaturas-extremas-y-precipitaciones-19-de-Marzo-2026.pdf
2026-03-19,021,LA VICTORIA,SANTO DOMINGO,CUERPO DE BOMBEROS,EMCI,30.8,21.8,8.0,https://indomet.gob.do/wp-content/uploads/2026/03/Temperaturas-extremas-y-precipitaciones-19-de-Marzo-2026.pdf
2026-03-19,022,VILLA VASQUEZ (EMA),MONTE CRISTI,JUNTA DE REGANTES,EMAI,,,7.0,https://indomet.gob.do/wp-content/uploads/2026/03/Temperaturas-extremas-y-precipitaciones-19-de-Marzo-2026.pdf
2026-03-19,023,JARDÍN BOTÁNICO SANTIAGO (EMSANTIAGO,,JARDIN BOTANICO SANTIAGO,EMAI,31.2,19.6,5.2,https://indomet.gob.do/wp-content/uploads/2026/03/Temperaturas-extremas-y-precipitaciones-19-de-Marzo-2026.pdf
2026-03-19,024,SANTIAGO (CENTRO),SANTIAGO,HUACALITO,EMCI,,,5.2,https://indomet.gob.do/wp-content/uploads/2026/03/Temperaturas-extremas-y-precipitaciones-19-de-Marzo-2026.pdf
2026-03-19,025,LOS CACICAZGOS (EMA),DISTRITO NACIONAL,PRIVADA,EMAP,,,4.9,https://indomet.gob.do/wp-content/uploads/2026/03/Temperaturas-extremas-y-precipitaciones-19-de-Marzo-2026.pdf
2026-03-19,026,GURABO,SANTIAGO,MINISTERIO DE AGRICULTURA,EMCV,,,4.8,https://indomet.gob.do/wp-content/uploads/2026/03/Temperaturas-extremas-y-precipitaciones-19-de-Marzo-2026.pdf
2026-03-19,027,LA AGUSTINA (EMA),DISTRITO NACIONAL,PRIVADA,EMAP,,,4.8,https://indomet.gob.do/wp-content/uploads/2026/03/Temperaturas-extremas-y-precipitaciones-19-de-Marzo-2026.pdf
2026-03-19,028,BUCARA (EMA),SANTIAGO,MINISTERIO DE AGRICULTURA,EMAI,,,4.6,https://indomet.gob.do/wp-content/uploads/2026/03/Temperaturas-extremas-y-precipitaciones-19-de-Marzo-2026.pdf
2026-03-19,029,ENSANCHE LA FE (EMA),DISTRITO NACIONAL,PRIVADA,EMAP,,,4.6,https://indomet.gob.do/wp-content/uploads/2026/03/Temperaturas-extremas-y-precipitaciones-19-de-Marzo-2026.pdf
2026-03-19,030,LOS PRADOS (EMA),DISTRITO NACIONAL,PRIVADA,EMAP,,,4.5,https://indomet.gob.do/wp-content/uploads/2026/03/Temperaturas-extremas-y-precipitaciones-19-de-Marzo-2026.pdf
2026-03-19,031,ARPT. LA ISABELA,SANTO DOMINGO,INDOMET,EMCI,30.5,19.6,4.4,https://indomet.gob.do/wp-content/uploads/2026/03/Temperaturas-extremas-y-precipitaciones-19-de-Marzo-2026.pdf
2026-03-19,032,MONCIÓN (EMA),SANTIAGO RODRÍGUEZ,PROGRAMA MUNDIAL DE ALIMENTO,EMAP,30.3,18.6,4.2,https://indomet.gob.do/wp-content/uploads/2026/03/Temperaturas-extremas-y-precipitaciones-19-de-Marzo-2026.pdf
2026-03-19,033,LUPERÓN,PUERTO PLATA,MINISTERIO DE AGRICULTURA,EMCV,,,4.1,https://indomet.gob.do/wp-content/uploads/2026/03/Temperaturas-extremas-y-precipitaciones-19-de-Marzo-2026.pdf
2026-03-19,034,TAMBORIL,SANTIAGO,MINISTERIO DE AGRICULTURA,EMCV,29.0,19.0,3.8,https://indomet.gob.do/wp-content/uploads/2026/03/Temperaturas-extremas-y-precipitaciones-19-de-Marzo-2026.pdf
2026-03-19,035,ARPT. GREGORIO LUPERÓN,PUERTO PLATA,INDOMET,EMCI,32.5,19.5,3.7,https://indomet.gob.do/wp-content/uploads/2026/03/Temperaturas-extremas-y-precipitaciones-19-de-Marzo-2026.pdf
2026-03-19,036,BANI (EMA),PERAVIA,MINISTERIO DE AGRICULTURA,EMAP,29.2,21.1,3.6,https://indomet.gob.do/wp-content/uploads/2026/03/Temperaturas-extremas-y-precipitaciones-19-de-Marzo-2026.pdf
2026-03-19,037,POLO,BARAHONA,INDOCAFE,EMCI,,15.0,3.2,https://indomet.gob.do/wp-content/uploads/2026/03/Temperaturas-extremas-y-precipitaciones-19-de-Marzo-2026.pdf
2026-03-19,038,PROLONGACION 27 DE FEBRERO,DISTRITO NACIONAL,PRIVADA,EMAP,,,3.1,https://indomet.gob.do/wp-content/uploads/2026/03/Temperaturas-extremas-y-precipitaciones-19-de-Marzo-2026.pdf
2026-03-19,039,HONDO VALLE,ELÍAS PIÑA,MINISTERIO DE AGRICULTURA,EMCI,23.5,14.1,2.5,https://indomet.gob.do/wp-content/uploads/2026/03/Temperaturas-extremas-y-precipitaciones-19-de-Marzo-2026.pdf
2026-03-19,040,OVIEDO,PEDERNALES,CLÍNICA RURAL OVIEDO,EMCI,30.5,21.0,2.4,https://indomet.gob.do/wp-content/uploads/2026/03/Temperaturas-extremas-y-precipitaciones-19-de-Marzo-2026.pdf
2026-03-19,041,ARPT. MARÍA MONTEZ,BARAHONA,INDOMET,EMCI,30.0,20.8,2.0,https://indomet.gob.do/wp-content/uploads/2026/03/Temperaturas-extremas-y-precipitaciones-19-de-Marzo-2026.pdf
2026-03-19,042,SAN RAFAEL DEL YUMA,LA ALTAGRACIA,MINISTERIO DE AGRICULTURA,EMCI,30.3,19.7,1.6,https://indomet.gob.do/wp-content/uploads/2026/03/Temperaturas-extremas-y-precipitaciones-19-de-Marzo-2026.pdf
2026-03-19,043,ARPT. DE LAS AMÉRICAS,SANTO DOMINGO,INDOMET,EMCI,28.9,20.5,1.4,https://indomet.gob.do/wp-content/uploads/2026/03/Temperaturas-extremas-y-precipitaciones-19-de-Marzo-2026.pdf
2026-03-19,044,ARPT. DE PUNTA CANA,LA ALTAGRACIA,INDOMET,EMCI,29.4,22.8,1.4,https://indomet.gob.do/wp-content/uploads/2026/03/Temperaturas-extremas-y-precipitaciones-19-de-Marzo-2026.pdf
2026-03-19,045,SAMANÁ,SAMANÁ,COMANDANCIA DE PUERTO DE SAMANÁ,EMCI,31.7,19.5,1.4,https://indomet.gob.do/wp-content/uploads/2026/03/Temperaturas-extremas-y-precipitaciones-19-de-Marzo-2026.pdf
2026-03-19,046,PERALTA,AZUA,HOSP. MPAL. DE PERALTA,EMCI,27.2,14.0,1.0,https://indomet.gob.do/wp-content/uploads/2026/03/Temperaturas-extremas-y-precipitaciones-19-de-Marzo-2026.pdf
2026-03-19,047,CABRAL,BARAHONA,MINISTERIO DE AGRICULTURA,EMCV,30.5,20.9,0.9,https://indomet.gob.do/wp-content/uploads/2026/03/Temperaturas-extremas-y-precipitaciones-19-de-Marzo-2026.pdf
2026-03-19,048,ARPT. DEL CIBAO,SANTIAGO,INDOMET,EMCI,32.3,18.4,0.6,https://indomet.gob.do/wp-content/uploads/2026/03/Temperaturas-extremas-y-precipitaciones-19-de-Marzo-2026.pdf
2026-03-19,049,ANAMUYA (EMA),LA ALTAGRACIA,MINISTERIO DE AGRICULTURA,EMAP,30.2,20.9,0.4,https://indomet.gob.do/wp-content/uploads/2026/03/Temperaturas-extremas-y-precipitaciones-19-de-Marzo-2026.pdf
2026-03-19,050,PRESA DE TAVERAS (EMA),LA VEGA,PROGRAMA MUNDIAL DE ALIMENTO,EMAP,29.3,19.3,0.4,https://indomet.gob.do/wp-content/uploads/2026/03/Temperaturas-extremas-y-precipitaciones-19-de-Marzo-2026.pdf
2026-03-19,051,SABANA GRANDE DE BOYÁ,MONTE PLATA,MINISTERIO DE AGRICULTURA,EMCV,,,0.3,https://indomet.gob.do/wp-content/uploads/2026/03/Temperaturas-extremas-y-precipitaciones-19-de-Marzo-2026.pdf
2026-03-19,052,OLIVARES,PEDERNALES,INDRHI,EMCI,,,0.1,https://indomet.gob.do/wp-content/uploads/2026/03/Temperaturas-extremas-y-precipitaciones-19-de-Marzo-2026.pdf
2026-03-19,053,PEDERNALES,PEDERNALES,INDRHI,EMCI,,,0.1,https://indomet.gob.do/wp-content/uploads/2026/03/Temperaturas-extremas-y-precipitaciones-19-de-Marzo-2026.pdf
2026-03-19,054,SAN JOSÉ DE OCOA,SAN JOSÉ DE OCOA,HOSP. SAN JOSÉ DE OCOA,EMCI,29.4,15.2,0.1,https://indomet.gob.do/wp-content/uploads/2026/03/Temperaturas-extremas-y-precipitaciones-19-de-Marzo-2026.pdf
2026-03-19,055,ALTO BANDERA (EMA),LA VEGA,INTEC,EMAP,13.9,6.9,0.0,https://indomet.gob.do/wp-content/uploads/2026/03/Temperaturas-extremas-y-precipitaciones-19-de-Marzo-2026.pdf
2026-03-19,056,ARPT. ARROYO BARRIL,SAMANÁ,INDOMET,EMCI,31.0,22.2,0.0,https://indomet.gob.do/wp-content/uploads/2026/03/Temperaturas-extremas-y-precipitaciones-19-de-Marzo-2026.pdf
2026-03-19,057,ARPT. DE LA ROMANA,LA ROMANA,INDOMET,EMCI,30.1,21.1,0.0,https://indomet.gob.do/wp-content/uploads/2026/03/Temperaturas-extremas-y-precipitaciones-19-de-Marzo-2026.pdf
2026-03-19,058,ARPT. EL CATEY,SAMANÁ,INDOMET,EMCI,33.0,21.4,0.0,https://indomet.gob.do/wp-content/uploads/2026/03/Temperaturas-extremas-y-precipitaciones-19-de-Marzo-2026.pdf
2026-03-19,059,ARROYO LORO,SAN JUAN,IDIAF,EMCI,31.0,17.8,0.0,https://indomet.gob.do/wp-content/uploads/2026/03/Temperaturas-extremas-y-precipitaciones-19-de-Marzo-2026.pdf
2026-03-19,060,BAYAGUANA,MONTE PLATA,INDOMET,EMCI,31.2,19.4,0.0,https://indomet.gob.do/wp-content/uploads/2026/03/Temperaturas-extremas-y-precipitaciones-19-de-Marzo-2026.pdf
2026-03-19,061,BONAO,MONSEÑOR NOUEL,MINISTERIO DE AGRICULTURA,EMCV,,,0.0,https://indomet.gob.do/wp-content/uploads/2026/03/Temperaturas-extremas-y-precipitaciones-19-de-Marzo-2026.pdf
2026-03-19,062,CABRERA,MARÍA TRINIDAD SÁNCHEZ,ESCUELA ARÍSTIDES FIALLO CABRAL,EMCI,31.2,23.5,0.0,https://indomet.gob.do/wp-content/uploads/2026/03/Temperaturas-extremas-y-precipitaciones-19-de-Marzo-2026.pdf
2026-03-19,063,CONSTANZA,LA VEGA,MINISTERIO DE AGRICULTURA,EMCI,27.0,12.5,0.0,https://indomet.gob.do/wp-content/uploads/2026/03/Temperaturas-extremas-y-precipitaciones-19-de-Marzo-2026.pdf
2026-03-19,064,CONSTANZA (EMA),LA VEGA,PROGRAMA MUNDIAL DE ALIMENTO,EMAP,22.1,13.9,0.0,https://indomet.gob.do/wp-content/uploads/2026/03/Temperaturas-extremas-y-precipitaciones-19-de-Marzo-2026.pdf
2026-03-19,065,EL FACTOR (EMA),MARÍA TRINIDAD SÁNCHEZ,INTEC,EMAP,32.1,21.9,0.0,https://indomet.gob.do/wp-content/uploads/2026/03/Temperaturas-extremas-y-precipitaciones-19-de-Marzo-2026.pdf
2026-03-19,066,EL MILLON (EMA),DISTRITO NACIONAL,PRIVADA,EMAP,,,0.0,https://indomet.gob.do/wp-content/uploads/2026/03/Temperaturas-extremas-y-precipitaciones-19-de-Marzo-2026.pdf
2026-03-19,067,ELÍAS PIÑA,ELÍAS PIÑA,MINISTERIO DE AGRICULTURA,EMCV,,,0.0,https://indomet.gob.do/wp-content/uploads/2026/03/Temperaturas-extremas-y-precipitaciones-19-de-Marzo-2026.pdf
2026-03-19,068,ESCONDIDO,PERAVIA,MINISTERIO DE AGRICULTURA,EMCV,29.0,21.0,0.0,https://indomet.gob.do/wp-content/uploads/2026/03/Temperaturas-extremas-y-precipitaciones-19-de-Marzo-2026.pdf
2026-03-19,069,GASPAR HERNÁNDEZ,ESPAILLAT,PROPIEDAD DEL EMPLEADO,EMCI,,,0.0,https://indomet.gob.do/wp-content/uploads/2026/03/Temperaturas-extremas-y-precipitaciones-19-de-Marzo-2026.pdf
2026-03-19,070,HATO MAYOR,HATO MAYOR,MINISTERIO DE AGRICULTURA,EMCV,,,0.0,https://indomet.gob.do/wp-content/uploads/2026/03/Temperaturas-extremas-y-precipitaciones-19-de-Marzo-2026.pdf
2026-03-19,071,JARABACOA,LA VEGA,INDRHI / MARENA,EMCI,30.6,15.4,0.0,https://indomet.gob.do/wp-content/uploads/2026/03/Temperaturas-extremas-y-precipitaciones-19-de-Marzo-2026.pdf
2026-03-19,072,JARABACOA (EMA),LA VEGA,PROGRAMA MUNDIAL DE ALIMENTO,EMAP,28.8,18.5,0.0,https://indomet.gob.do/wp-content/uploads/2026/03/Temperaturas-extremas-y-precipitaciones-19-de-Marzo-2026.pdf
2026-03-19,073,JIMANÍ,INDEPENDENCIA,MINISTERIO DE AGRICULTURA,EMCI,36.4,22.6,0.0,https://indomet.gob.do/wp-content/uploads/2026/03/Temperaturas-extremas-y-precipitaciones-19-de-Marzo-2026.pdf
2026-03-19,074,JUMA BEJUCAL,MONSEÑOR NOUEL,IDIAF,EMCV,29.2,19.6,0.0,https://indomet.gob.do/wp-content/uploads/2026/03/Temperaturas-extremas-y-precipitaciones-19-de-Marzo-2026.pdf
2026-03-19,075,LA VEGA,LA VEGA,IATESA,EMCI,31.5,17.0,0.0,https://indomet.gob.do/wp-content/uploads/2026/03/Temperaturas-extremas-y-precipitaciones-19-de-Marzo-2026.pdf
2026-03-19,076,LOS JENGIBRES,NAGUA,INDRHI,EMCI,,,0.0,https://indomet.gob.do/wp-content/uploads/2026/03/Temperaturas-extremas-y-precipitaciones-19-de-Marzo-2026.pdf
2026-03-19,077,LOS LLANOS,SAN PEDRO DE MACORÍS,MINISTERIO DE AGRICULTURA,EMCI,30.5,20.2,0.0,https://indomet.gob.do/wp-content/uploads/2026/03/Temperaturas-extremas-y-precipitaciones-19-de-Marzo-2026.pdf
2026-03-19,078,MICHES (EMA),EL SEIBO,PRIVADA,EMAP,31.9,20.6,0.0,https://indomet.gob.do/wp-content/uploads/2026/03/Temperaturas-extremas-y-precipitaciones-19-de-Marzo-2026.pdf
2026-03-19,079,NAVARRETE,SANTIAGO,MINISTERIO DE AGRICULTURA,EMCV,,,0.0,https://indomet.gob.do/wp-content/uploads/2026/03/Temperaturas-extremas-y-precipitaciones-19-de-Marzo-2026.pdf
2026-03-19,080,PADRE LAS CASAS,AZUA,HOSP. NTRA. SRA. DEL CARMEN,EMCI,29.0,18.0,0.0,https://indomet.gob.do/wp-content/uploads/2026/03/Temperaturas-extremas-y-precipitaciones-19-de-Marzo-2026.pdf
2026-03-19,081,PASO AL MEDIO,SAN PEDRO DE MACORÍS,INDRHI,EMCI,,,0.0,https://indomet.gob.do/wp-content/uploads/2026/03/Temperaturas-extremas-y-precipitaciones-19-de-Marzo-2026.pdf
2026-03-19,082,PONTÓN ABAJO (EMA),LA VEGA,MINISTERIO DE AGRICULTURA,EMAP,32.9,22.2,0.0,https://indomet.gob.do/wp-content/uploads/2026/03/Temperaturas-extremas-y-precipitaciones-19-de-Marzo-2026.pdf
2026-03-19,083,RANCHO ARRIBA,SAN JOSÉ DE OCOA,CENTRO TECNOLÓGICO COMUNITARIO,EMCI,26.4,14.5,0.0,https://indomet.gob.do/wp-content/uploads/2026/03/Temperaturas-extremas-y-precipitaciones-19-de-Marzo-2026.pdf
2026-03-19,084,RÍO SAN JUAN,MARÍA TRINIDAD SÁNCHEZ,HOSP. MPAL. DR. DESIDERIO ACOSTA,EMCV,32.7,22.6,0.0,https://indomet.gob.do/wp-content/uploads/2026/03/Temperaturas-extremas-y-precipitaciones-19-de-Marzo-2026.pdf
2026-03-19,085,SABANA DE LA MAR,HATO MAYOR,INDOMET,EMCI,31.8,20.2,0.0,https://indomet.gob.do/wp-content/uploads/2026/03/Temperaturas-extremas-y-precipitaciones-19-de-Marzo-2026.pdf
2026-03-19,086,SALCEDO,HERMANAS MIRABAL,PROPIEDAD DEL EMPLEADO,EMCI,,,0.0,https://indomet.gob.do/wp-content/uploads/2026/03/Temperaturas-extremas-y-precipitaciones-19-de-Marzo-2026.pdf
2026-03-19,087,SAN CRISTÓBAL,SAN CRISTÓBAL,INSTITUTO POLITÉCNICO LOYOLA,EMCI,30.0,20.2,0.0,https://indomet.gob.do/wp-content/uploads/2026/03/Temperaturas-extremas-y-precipitaciones-19-de-Marzo-2026.pdf
2026-03-19,088,SAN FRANCISCO DE MACORÍS,DUARTE,San Francisco de Macorís (UASD),EMCI,31.3,21.7,0.0,https://indomet.gob.do/wp-content/uploads/2026/03/Temperaturas-extremas-y-precipitaciones-19-de-Marzo-2026.pdf
2026-03-19,089,SÁNCHEZ,SAMANÁ,MINISTERIO DE AGRICULTURA,EMCI,30.1,21.5,0.0,https://indomet.gob.do/wp-content/uploads/2026/03/Temperaturas-extremas-y-precipitaciones-19-de-Marzo-2026.pdf
2026-03-19,090,TÁBARA ABAJO,AZUA,INDRHI,EMCI,30.9,16.4,0.0,https://indomet.gob.do/wp-content/uploads/2026/03/Temperaturas-extremas-y-precipitaciones-19-de-Marzo-2026.pdf
2026-03-19,091,TAVERA,SANTIAGO,INDRHI,EMCI,,,0.0,https://indomet.gob.do/wp-content/uploads/2026/03/Temperaturas-extremas-y-precipitaciones-19-de-Marzo-2026.pdf
2026-03-19,092,VILLA ALTAGRACIA,SAN CRISTÓBAL,ESCUELA JAVIER ANGULO GURIDI,EMCI,,,0.0,https://indomet.gob.do/wp-content/uploads/2026/03/Temperaturas-extremas-y-precipitaciones-19-de-Marzo-2026.pdf
2026-03-19,093,VILLA ISABELA,PUERTO PLATA,MINISTERIO DE AGRICULTURA,EMCV,31.8,20.0,0.0,https://indomet.gob.do/wp-content/uploads/2026/03/Temperaturas-extremas-y-precipitaciones-19-de-Marzo-2026.pdf
2026-03-19,094,VILLA RIVA,DUARTE,HOSP. MPAL. ALICIA DE LEGENDRE,EMCI,31.0,20.0,0.0,https://indomet.gob.do/wp-content/uploads/2026/03/Temperaturas-extremas-y-precipitaciones-19-de-Marzo-2026.pdf
2026-03-20,001,BUCARA (EMA),SANTIAGO,MINISTERIO DE AGRICULTURA,EMAI,,,47.6,https://indomet.gob.do/wp-content/uploads/2026/03/temperaturas-extremas-y-precipitaciones-2026x03x20-b.pdf
2026-03-20,002,ZONA FRANCA INDUSTRIAL (EMA),SANTO DOMINGO,PRIVADA,EMAP,,,36.6,https://indomet.gob.do/wp-content/uploads/2026/03/temperaturas-extremas-y-precipitaciones-2026x03x20-b.pdf
2026-03-20,003,SABANETA (EMA),SANTIAGO RODRÍGUEZ,PROGRAMA MUNDIAL DE ALIMENTO,EMAP,31.1,19.9,32.6,https://indomet.gob.do/wp-content/uploads/2026/03/temperaturas-extremas-y-precipitaciones-2026x03x20-b.pdf
2026-03-20,004,SANTIAGO RODRÍGUEZ,SANTIAGO RODRÍGUEZ,INDOMET,EMCI,31.2,20.3,31.3,https://indomet.gob.do/wp-content/uploads/2026/03/temperaturas-extremas-y-precipitaciones-2026x03x20-b.pdf
2026-03-20,005,MULTIMODAL CAUCEDO (EMA),SANTO DOMINGO,PRIVADA,EMAP,,,25.4,https://indomet.gob.do/wp-content/uploads/2026/03/temperaturas-extremas-y-precipitaciones-2026x03x20-b.pdf
2026-03-20,006,ARPT. DE LA ROMANA,LA ROMANA,INDOMET,EMCI,29.5,18.5,25.1,https://indomet.gob.do/wp-content/uploads/2026/03/temperaturas-extremas-y-precipitaciones-2026x03x20-b.pdf
2026-03-20,007,DAJABÓN,DAJABÓN,INSTITUTO POLITÉCNICO LOYOLA,EMCI,31.4,19.2,21.4,https://indomet.gob.do/wp-content/uploads/2026/03/temperaturas-extremas-y-precipitaciones-2026x03x20-b.pdf
2026-03-20,008,EL SEIBO,EL SEIBO,MINISTERIO DE AGRICULTURA,EMCV,,,20.3,https://indomet.gob.do/wp-content/uploads/2026/03/temperaturas-extremas-y-precipitaciones-2026x03x20-b.pdf
2026-03-20,009,ARPT. DE LAS AMÉRICAS,SANTO DOMINGO,INDOMET,EMCI,30.0,20.5,18.5,https://indomet.gob.do/wp-content/uploads/2026/03/temperaturas-extremas-y-precipitaciones-2026x03x20-b.pdf
2026-03-20,010,RESTAURACIÓN,DAJABÓN,MINISTERIO DE AGRICULTURA,EMCI,29.1,14.9,16.7,https://indomet.gob.do/wp-content/uploads/2026/03/temperaturas-extremas-y-precipitaciones-2026x03x20-b.pdf
2026-03-20,011,SANTO DOMINGO ESTE,SANTO DOMINGO,INDOMET,EMCI,29.0,23.0,16.1,https://indomet.gob.do/wp-content/uploads/2026/03/temperaturas-extremas-y-precipitaciones-2026x03x20-b.pdf
2026-03-20,012,BASE AÉREA DE SAN ISIDRO,SANTO DOMINGO,FUERZA AÉREA DOMINICANA,EMCV,29.0,21.1,15.4,https://indomet.gob.do/wp-content/uploads/2026/03/temperaturas-extremas-y-precipitaciones-2026x03x20-b.pdf
2026-03-20,013,LOS LLANOS,SAN PEDRO DE MACORÍS,MINISTERIO DE AGRICULTURA,EMCI,30.8,21.3,14.4,https://indomet.gob.do/wp-content/uploads/2026/03/temperaturas-extremas-y-precipitaciones-2026x03x20-b.pdf
2026-03-20,014,CENTRO DE LOS HEROES (EMA),DISTRITO NACIONAL,MINISTERIO DE ENERGIA Y MINA,EMAP,29.1,23.6,12.6,https://indomet.gob.do/wp-content/uploads/2026/03/temperaturas-extremas-y-precipitaciones-2026x03x20-b.pdf
2026-03-20,015,JARABACOA,LA VEGA,INDRHI / MARENA,EMCI,30.0,16.2,12.1,https://indomet.gob.do/wp-content/uploads/2026/03/temperaturas-extremas-y-precipitaciones-2026x03x20-b.pdf
2026-03-20,016,JARABACOA (EMA),LA VEGA,PROGRAMA MUNDIAL DE ALIMENTO,EMAP,27.9,17.9,11.6,https://indomet.gob.do/wp-content/uploads/2026/03/temperaturas-extremas-y-precipitaciones-2026x03x20-b.pdf
2026-03-20,017,LUPERÓN,PUERTO PLATA,MINISTERIO DE AGRICULTURA,EMCV,,,10.2,https://indomet.gob.do/wp-content/uploads/2026/03/temperaturas-extremas-y-precipitaciones-2026x03x20-b.pdf
2026-03-20,018,BANI (EMA),PERAVIA,MINISTERIO DE AGRICULTURA,EMAP,29.5,22.4,9.4,https://indomet.gob.do/wp-content/uploads/2026/03/temperaturas-extremas-y-precipitaciones-2026x03x20-b.pdf
2026-03-20,019,BELLA VISTA (EMA),DISTRITO NACIONAL,PRIVADA,EMAP,,,8.1,https://indomet.gob.do/wp-content/uploads/2026/03/temperaturas-extremas-y-precipitaciones-2026x03x20-b.pdf
2026-03-20,020,ELÍAS PIÑA,ELÍAS PIÑA,MINISTERIO DE AGRICULTURA,EMCV,,,8.1,https://indomet.gob.do/wp-content/uploads/2026/03/temperaturas-extremas-y-precipitaciones-2026x03x20-b.pdf
2026-03-20,021,SAN RAFAEL DEL YUMA,LA ALTAGRACIA,MINISTERIO DE AGRICULTURA,EMCI,30.7,22.5,6.8,https://indomet.gob.do/wp-content/uploads/2026/03/temperaturas-extremas-y-precipitaciones-2026x03x20-b.pdf
2026-03-20,022,BAYAGUANA,MONTE PLATA,INDOMET,EMCI,30.6,20.0,6.6,https://indomet.gob.do/wp-content/uploads/2026/03/temperaturas-extremas-y-precipitaciones-2026x03x20-b.pdf
2026-03-20,023,SAN JOSÉ DE OCOA,SAN JOSÉ DE OCOA,HOSP. SAN JOSÉ DE OCOA,EMCI,26.3,16.8,6.2,https://indomet.gob.do/wp-content/uploads/2026/03/temperaturas-extremas-y-precipitaciones-2026x03x20-b.pdf
2026-03-20,024,ANAMUYA (EMA),LA ALTAGRACIA,MINISTERIO DE AGRICULTURA,EMAP,30.2,22.8,6.0,https://indomet.gob.do/wp-content/uploads/2026/03/temperaturas-extremas-y-precipitaciones-2026x03x20-b.pdf
2026-03-20,025,OVIEDO,PEDERNALES,CLÍNICA RURAL OVIEDO,EMCI,30.0,18.8,5.8,https://indomet.gob.do/wp-content/uploads/2026/03/temperaturas-extremas-y-precipitaciones-2026x03x20-b.pdf
2026-03-20,026,ENSANCHE LA FE (EMA),DISTRITO NACIONAL,PRIVADA,EMAP,,,5.6,https://indomet.gob.do/wp-content/uploads/2026/03/temperaturas-extremas-y-precipitaciones-2026x03x20-b.pdf
2026-03-20,027,LA AGUSTINA (EMA),DISTRITO NACIONAL,PRIVADA,EMAP,,,5.6,https://indomet.gob.do/wp-content/uploads/2026/03/temperaturas-extremas-y-precipitaciones-2026x03x20-b.pdf
2026-03-20,028,MONTE CRISTI,MONTE CRISTI,INDOMET,EMCI,29.4,20.5,5.6,https://indomet.gob.do/wp-content/uploads/2026/03/temperaturas-extremas-y-precipitaciones-2026x03x20-b.pdf
2026-03-20,029,VILLA VASQUEZ (EMA),MONTE CRISTI,JUNTA DE REGANTES,EMAI,,,5.6,https://indomet.gob.do/wp-content/uploads/2026/03/temperaturas-extremas-y-precipitaciones-2026x03x20-b.pdf
2026-03-20,030,TÁBARA ABAJO,AZUA,INDRHI,EMCI,31.5,17.0,4.5,https://indomet.gob.do/wp-content/uploads/2026/03/temperaturas-extremas-y-precipitaciones-2026x03x20-b.pdf
2026-03-20,031,LOS JARDINES (EMA),DISTRITO NACIONAL,PRIVADA,EMAP,,,4.2,https://indomet.gob.do/wp-content/uploads/2026/03/temperaturas-extremas-y-precipitaciones-2026x03x20-b.pdf
2026-03-20,032,SABANA DE LA MAR,HATO MAYOR,INDOMET,EMCI,32.6,22.2,4.2,https://indomet.gob.do/wp-content/uploads/2026/03/temperaturas-extremas-y-precipitaciones-2026x03x20-b.pdf
2026-03-20,033,MONCIÓN (EMA),SANTIAGO RODRÍGUEZ,PROGRAMA MUNDIAL DE ALIMENTO,EMAP,26.8,18.3,3.8,https://indomet.gob.do/wp-content/uploads/2026/03/temperaturas-extremas-y-precipitaciones-2026x03x20-b.pdf
2026-03-20,034,HATO MAYOR,HATO MAYOR,MINISTERIO DE AGRICULTURA,EMCV,,,3.3,https://indomet.gob.do/wp-content/uploads/2026/03/temperaturas-extremas-y-precipitaciones-2026x03x20-b.pdf
2026-03-20,035,LOS CACICAZGOS (EMA),DISTRITO NACIONAL,PRIVADA,EMAP,,,3.3,https://indomet.gob.do/wp-content/uploads/2026/03/temperaturas-extremas-y-precipitaciones-2026x03x20-b.pdf
2026-03-20,036,PROLONGACION 27 DE FEBRERO,DISTRITO NACIONAL,PRIVADA,EMAP,,,3.3,https://indomet.gob.do/wp-content/uploads/2026/03/temperaturas-extremas-y-precipitaciones-2026x03x20-b.pdf
2026-03-20,037,ARPT. GREGORIO LUPERÓN,PUERTO PLATA,INDOMET,EMCI,30.0,21.0,3.2,https://indomet.gob.do/wp-content/uploads/2026/03/temperaturas-extremas-y-precipitaciones-2026x03x20-b.pdf
2026-03-20,038,ENRIQUILLO,BARAHONA,MINISTERIO DE AGRICULTURA,EMCV,30.5,19.5,2.4,https://indomet.gob.do/wp-content/uploads/2026/03/temperaturas-extremas-y-precipitaciones-2026x03x20-b.pdf
2026-03-20,039,GASPAR HERNÁNDEZ,ESPAILLAT,PROPIEDAD DEL EMPLEADO,EMCI,,,2.4,https://indomet.gob.do/wp-content/uploads/2026/03/temperaturas-extremas-y-precipitaciones-2026x03x20-b.pdf
2026-03-20,040,LAS CANAS (EMA),MONTE CRISTI,PROGRAMA MUNDIAL DE ALIMENTO,EMAP,27.7,20.4,2.4,https://indomet.gob.do/wp-content/uploads/2026/03/temperaturas-extremas-y-precipitaciones-2026x03x20-b.pdf
2026-03-20,041,ALTO BANDERA (EMA),LA VEGA,INTEC,EMAP,12.9,7.2,2.3,https://indomet.gob.do/wp-content/uploads/2026/03/temperaturas-extremas-y-precipitaciones-2026x03x20-b.pdf
2026-03-20,042,SAN CRISTÓBAL,SAN CRISTÓBAL,INSTITUTO POLITÉCNICO LOYOLA,EMCI,30.0,21.2,2.3,https://indomet.gob.do/wp-content/uploads/2026/03/temperaturas-extremas-y-precipitaciones-2026x03x20-b.pdf
2026-03-20,043,ALTAMIRA,PUERTO PLATA,HOSP. MPAL. DE ALTAMIRA,EMCI,29.4,19.4,2.2,https://indomet.gob.do/wp-content/uploads/2026/03/temperaturas-extremas-y-precipitaciones-2026x03x20-b.pdf
2026-03-20,044,NAVARRETE,SANTIAGO,MINISTERIO DE AGRICULTURA,EMCV,,,2.0,https://indomet.gob.do/wp-content/uploads/2026/03/temperaturas-extremas-y-precipitaciones-2026x03x20-b.pdf
2026-03-20,045,PARQUE MIRADOR NORTE,SANTO DOMINGO,AYUNTAMIENTO,EMCV,,,2.0,https://indomet.gob.do/wp-content/uploads/2026/03/temperaturas-extremas-y-precipitaciones-2026x03x20-b.pdf
2026-03-20,046,VILLA ISABELA,PUERTO PLATA,MINISTERIO DE AGRICULTURA,EMCV,31.0,19.0,1.8,https://indomet.gob.do/wp-content/uploads/2026/03/temperaturas-extremas-y-precipitaciones-2026x03x20-b.pdf
2026-03-20,047,GURABO,SANTIAGO,MINISTERIO DE AGRICULTURA,EMCV,,,1.8,https://indomet.gob.do/wp-content/uploads/2026/03/temperaturas-extremas-y-precipitaciones-2026x03x20-b.pdf
2026-03-20,048,VILLA GONZALES,SANTIAGO,MINISTERIO DE AGRICULTURA,EMCI,,,1.8,https://indomet.gob.do/wp-content/uploads/2026/03/temperaturas-extremas-y-precipitaciones-2026x03x20-b.pdf
2026-03-20,049,ARPT. LA ISABELA,SANTO DOMINGO,INDOMET,EMCI,30.0,20.8,1.6,https://indomet.gob.do/wp-content/uploads/2026/03/temperaturas-extremas-y-precipitaciones-2026x03x20-b.pdf
2026-03-20,050,HONDO VALLE,ELÍAS PIÑA,MINISTERIO DE AGRICULTURA,EMCI,24.2,14.8,1.6,https://indomet.gob.do/wp-content/uploads/2026/03/temperaturas-extremas-y-precipitaciones-2026x03x20-b.pdf
2026-03-20,051,PEDERNALES,PEDERNALES,INDRHI,EMCI,,,1.4,https://indomet.gob.do/wp-content/uploads/2026/03/temperaturas-extremas-y-precipitaciones-2026x03x20-b.pdf
2026-03-20,052,BOCA DE MAO (EMA),VALVERDE,MINISTERIO DE AGRICULTURA,EMAP,30.6,21.4,1.2,https://indomet.gob.do/wp-content/uploads/2026/03/temperaturas-extremas-y-precipitaciones-2026x03x20-b.pdf
2026-03-20,053,POLO,BARAHONA,INDOCAFE,EMCI,,17.0,1.2,https://indomet.gob.do/wp-content/uploads/2026/03/temperaturas-extremas-y-precipitaciones-2026x03x20-b.pdf
2026-03-20,054,LA VICTORIA,SANTO DOMINGO,CUERPO DE BOMBEROS,EMCI,30.5,23.0,1.1,https://indomet.gob.do/wp-content/uploads/2026/03/temperaturas-extremas-y-precipitaciones-2026x03x20-b.pdf
2026-03-20,055,OLIVARES,PEDERNALES,INDRHI,EMCI,,,1.1,https://indomet.gob.do/wp-content/uploads/2026/03/temperaturas-extremas-y-precipitaciones-2026x03x20-b.pdf
2026-03-20,056,PALO ÍNDIO,PUERTO PLATA,MINISTERIO DE AGRICULTURA,EMCI,,,1.0,https://indomet.gob.do/wp-content/uploads/2026/03/temperaturas-extremas-y-precipitaciones-2026x03x20-b.pdf
2026-03-20,057,SAMANÁ,SAMANÁ,COMANDANCIA DE PUERTO DE SAMANÁ,EMCI,30.5,18.5,1.0,https://indomet.gob.do/wp-content/uploads/2026/03/temperaturas-extremas-y-precipitaciones-2026x03x20-b.pdf
2026-03-20,058,TAMBORIL,SANTIAGO,MINISTERIO DE AGRICULTURA,EMCV,28.0,19.0,0.8,https://indomet.gob.do/wp-content/uploads/2026/03/temperaturas-extremas-y-precipitaciones-2026x03x20-b.pdf
2026-03-20,059,ARROYO LORO,SAN JUAN,IDIAF,EMCI,28.9,18.2,0.6,https://indomet.gob.do/wp-content/uploads/2026/03/temperaturas-extremas-y-precipitaciones-2026x03x20-b.pdf
2026-03-20,060,PERALTA,AZUA,HOSP. MPAL. DE PERALTA,EMCI,26.0,16.6,0.6,https://indomet.gob.do/wp-content/uploads/2026/03/temperaturas-extremas-y-precipitaciones-2026x03x20-b.pdf
2026-03-20,061,RÍO SAN JUAN,MARÍA TRINIDAD SÁNCHEZ,HOSP. MPAL. DR. DESIDERIO ACOSTA,EMCV,32.0,22.6,0.6,https://indomet.gob.do/wp-content/uploads/2026/03/temperaturas-extremas-y-precipitaciones-2026x03x20-b.pdf
2026-03-20,062,ARPT. DE PUNTA CANA,LA ALTAGRACIA,INDOMET,EMCI,29.2,22.2,0.4,https://indomet.gob.do/wp-content/uploads/2026/03/temperaturas-extremas-y-precipitaciones-2026x03x20-b.pdf
2026-03-20,063,CONSTANZA,LA VEGA,MINISTERIO DE AGRICULTURA,EMCI,25.5,14.0,0.2,https://indomet.gob.do/wp-content/uploads/2026/03/temperaturas-extremas-y-precipitaciones-2026x03x20-b.pdf
2026-03-20,064,CONSTANZA (EMA),LA VEGA,PROGRAMA MUNDIAL DE ALIMENTO,EMAP,24.4,15.8,0.2,https://indomet.gob.do/wp-content/uploads/2026/03/temperaturas-extremas-y-precipitaciones-2026x03x20-b.pdf
2026-03-20,065,CABRAL,BARAHONA,MINISTERIO DE AGRICULTURA,EMCV,28.6,21.2,0.1,https://indomet.gob.do/wp-content/uploads/2026/03/temperaturas-extremas-y-precipitaciones-2026x03x20-b.pdf
2026-03-20,066,JIMANÍ,INDEPENDENCIA,MINISTERIO DE AGRICULTURA,EMCI,31.2,23.4,0.1,https://indomet.gob.do/wp-content/uploads/2026/03/temperaturas-extremas-y-precipitaciones-2026x03x20-b.pdf
2026-03-20,067,SABANA GRANDE DE BOYÁ,MONTE PLATA,MINISTERIO DE AGRICULTURA,EMCV,,,0.1,https://indomet.gob.do/wp-content/uploads/2026/03/temperaturas-extremas-y-precipitaciones-2026x03x20-b.pdf
2026-03-20,068,ARPT. ARROYO BARRIL,SAMANÁ,INDOMET,EMCI,30.9,22.2,0.0,https://indomet.gob.do/wp-content/uploads/2026/03/temperaturas-extremas-y-precipitaciones-2026x03x20-b.pdf
2026-03-20,069,ARPT. DEL CIBAO,SANTIAGO,INDOMET,EMCI,29.8,18.3,0.0,https://indomet.gob.do/wp-content/uploads/2026/03/temperaturas-extremas-y-precipitaciones-2026x03x20-b.pdf
2026-03-20,070,ARPT. EL CATEY,SAMANÁ,INDOMET,EMCI,31.0,21.4,0.0,https://indomet.gob.do/wp-content/uploads/2026/03/temperaturas-extremas-y-precipitaciones-2026x03x20-b.pdf
2026-03-20,071,ARPT. MARÍA MONTEZ,BARAHONA,INDOMET,EMCI,28.3,21.0,0.0,https://indomet.gob.do/wp-content/uploads/2026/03/temperaturas-extremas-y-precipitaciones-2026x03x20-b.pdf
2026-03-20,072,BONAO,MONSEÑOR NOUEL,MINISTERIO DE AGRICULTURA,EMCV,,,0.0,https://indomet.gob.do/wp-content/uploads/2026/03/temperaturas-extremas-y-precipitaciones-2026x03x20-b.pdf
2026-03-20,073,CABRERA,MARÍA TRINIDAD SÁNCHEZ,ESCUELA ARÍSTIDES FIALLO CABRAL,EMCI,31.8,23.5,0.0,https://indomet.gob.do/wp-content/uploads/2026/03/temperaturas-extremas-y-precipitaciones-2026x03x20-b.pdf
2026-03-20,074,EL FACTOR (EMA),MARÍA TRINIDAD SÁNCHEZ,INTEC,EMAP,32.6,21.3,0.0,https://indomet.gob.do/wp-content/uploads/2026/03/temperaturas-extremas-y-precipitaciones-2026x03x20-b.pdf
2026-03-20,075,JUMA BEJUCAL,MONSEÑOR NOUEL,IDIAF,EMCV,28.8,20.6,0.0,https://indomet.gob.do/wp-content/uploads/2026/03/temperaturas-extremas-y-precipitaciones-2026x03x20-b.pdf
2026-03-20,076,LA VEGA,LA VEGA,IATESA,EMCI,28.5,21.5,0.0,https://indomet.gob.do/wp-content/uploads/2026/03/temperaturas-extremas-y-precipitaciones-2026x03x20-b.pdf
2026-03-20,077,MAO,VALVERDE,INDRHI / MINISTERIO DE AGRICULTURA,EMCV,,,0.0,https://indomet.gob.do/wp-content/uploads/2026/03/temperaturas-extremas-y-precipitaciones-2026x03x20-b.pdf
2026-03-20,078,MICHES (EMA),EL SEIBO,PRIVADA,EMAP,32.2,22.8,0.0,https://indomet.gob.do/wp-content/uploads/2026/03/temperaturas-extremas-y-precipitaciones-2026x03x20-b.pdf
2026-03-20,079,PADRE LAS CASAS,AZUA,HOSP. NTRA. SRA. DEL CARMEN,EMCI,29.0,14.0,0.0,https://indomet.gob.do/wp-content/uploads/2026/03/temperaturas-extremas-y-precipitaciones-2026x03x20-b.pdf
2026-03-20,080,PONTÓN ABAJO (EMA),LA VEGA,MINISTERIO DE AGRICULTURA,EMAP,31.7,22.1,0.0,https://indomet.gob.do/wp-content/uploads/2026/03/temperaturas-extremas-y-precipitaciones-2026x03x20-b.pdf
2026-03-20,081,PRESA DE TAVERAS (EMA),LA VEGA,PROGRAMA MUNDIAL DE ALIMENTO,EMAP,28.7,19.8,0.0,https://indomet.gob.do/wp-content/uploads/2026/03/temperaturas-extremas-y-precipitaciones-2026x03x20-b.pdf
2026-03-20,082,RANCHO ARRIBA,SAN JOSÉ DE OCOA,CENTRO TECNOLÓGICO COMUNITARIO,EMCI,25.9,16.2,0.0,https://indomet.gob.do/wp-content/uploads/2026/03/temperaturas-extremas-y-precipitaciones-2026x03x20-b.pdf
2026-03-20,083,SALCEDO,HERMANAS MIRABAL,PROPIEDAD DEL EMPLEADO,EMCI,,,0.0,https://indomet.gob.do/wp-content/uploads/2026/03/temperaturas-extremas-y-precipitaciones-2026x03x20-b.pdf
2026-03-20,084,SÁNCHEZ,SAMANÁ,MINISTERIO DE AGRICULTURA,EMCI,32.4,21.8,0.0,https://indomet.gob.do/wp-content/uploads/2026/03/temperaturas-extremas-y-precipitaciones-2026x03x20-b.pdf
2026-03-20,085,VILLA ALTAGRACIA,SAN CRISTÓBAL,ESCUELA JAVIER ANGULO GURIDI,EMCI,,,0.0,https://indomet.gob.do/wp-content/uploads/2026/03/temperaturas-extremas-y-precipitaciones-2026x03x20-b.pdf
2026-03-20,086,VILLA RIVA,DUARTE,HOSP. MPAL. ALICIA DE LEGENDRE,EMCI,30.5,21.0,0.0,https://indomet.gob.do/wp-content/uploads/2026/03/temperaturas-extremas-y-precipitaciones-2026x03x20-b.pdf
2026-03-21,001,ARPT. DE LA ROMANA,LA ROMANA,INDOMET,EMCI,26.5,21.2,63.6,https://indomet.gob.do/wp-content/uploads/2026/03/Temperaturas-extremas-y-precipitaciones-21-de-Marzo-2026.pdf
2026-03-21,002,HATO MAYOR,HATO MAYOR,MINISTERIO DE AGRICULTURA,EMCV,,,36.8,https://indomet.gob.do/wp-content/uploads/2026/03/Temperaturas-extremas-y-precipitaciones-21-de-Marzo-2026.pdf
2026-03-21,003,DAJABÓN,DAJABÓN,INSTITUTO POLITÉCNICO LOYOLA,EMCI,33.0,18.6,30.6,https://indomet.gob.do/wp-content/uploads/2026/03/Temperaturas-extremas-y-precipitaciones-21-de-Marzo-2026.pdf
2026-03-21,004,ESCONDIDO,PERAVIA,MINISTERIO DE AGRICULTURA,EMCV,27.0,22.0,26.4,https://indomet.gob.do/wp-content/uploads/2026/03/Temperaturas-extremas-y-precipitaciones-21-de-Marzo-2026.pdf
2026-03-21,005,EL FACTOR (EMA),MARÍA TRINIDAD SÁNCHEZ,INTEC,EMAP,30.3,20.1,25.9,https://indomet.gob.do/wp-content/uploads/2026/03/Temperaturas-extremas-y-precipitaciones-21-de-Marzo-2026.pdf
2026-03-21,006,VILLA ISABELA,PUERTO PLATA,MINISTERIO DE AGRICULTURA,EMCV,24.8,18.5,25.7,https://indomet.gob.do/wp-content/uploads/2026/03/Temperaturas-extremas-y-precipitaciones-21-de-Marzo-2026.pdf
2026-03-21,007,LUPERÓN,PUERTO PLATA,MINISTERIO DE AGRICULTURA,EMCV,,,23.4,https://indomet.gob.do/wp-content/uploads/2026/03/Temperaturas-extremas-y-precipitaciones-21-de-Marzo-2026.pdf
2026-03-21,008,SABANA DE LA MAR,HATO MAYOR,INDOMET,EMCI,30.4,21.6,22.2,https://indomet.gob.do/wp-content/uploads/2026/03/Temperaturas-extremas-y-precipitaciones-21-de-Marzo-2026.pdf
2026-03-21,009,PALO ÍNDIO,PUERTO PLATA,MINISTERIO DE AGRICULTURA,EMCI,,,20.8,https://indomet.gob.do/wp-content/uploads/2026/03/Temperaturas-extremas-y-precipitaciones-21-de-Marzo-2026.pdf
2026-03-21,010,ANAMUYA (EMA),LA ALTAGRACIA,MINISTERIO DE AGRICULTURA,EMAP,26.2,21.5,19.0,https://indomet.gob.do/wp-content/uploads/2026/03/Temperaturas-extremas-y-precipitaciones-21-de-Marzo-2026.pdf
2026-03-21,011,SAMANÁ,SAMANÁ,COMANDANCIA DE PUERTO DE SAMANÁ,EMCI,29.5,16.4,18.6,https://indomet.gob.do/wp-content/uploads/2026/03/Temperaturas-extremas-y-precipitaciones-21-de-Marzo-2026.pdf
2026-03-21,012,VILLA ALTAGRACIA,SAN CRISTÓBAL,ESCUELA JAVIER ANGULO GURIDI,EMCI,,,18.5,https://indomet.gob.do/wp-content/uploads/2026/03/Temperaturas-extremas-y-precipitaciones-21-de-Marzo-2026.pdf
2026-03-21,013,RÍO SAN JUAN,MARÍA TRINIDAD SÁNCHEZ,HOSP. MPAL. DR. DESIDERIO ACOSTA,EMCV,29.8,20.9,18.2,https://indomet.gob.do/wp-content/uploads/2026/03/Temperaturas-extremas-y-precipitaciones-21-de-Marzo-2026.pdf
2026-03-21,014,BANI (EMA),PERAVIA,MINISTERIO DE AGRICULTURA,EMAP,27.1,19.8,18.0,https://indomet.gob.do/wp-content/uploads/2026/03/Temperaturas-extremas-y-precipitaciones-21-de-Marzo-2026.pdf
2026-03-21,015,MICHES (EMA),EL SEIBO,PRIVADA,EMAP,28.9,23.6,17.2,https://indomet.gob.do/wp-content/uploads/2026/03/Temperaturas-extremas-y-precipitaciones-21-de-Marzo-2026.pdf
2026-03-21,016,ARPT. DE LAS AMÉRICAS,SANTO DOMINGO,INDOMET,EMCI,26.4,20.0,16.9,https://indomet.gob.do/wp-content/uploads/2026/03/Temperaturas-extremas-y-precipitaciones-21-de-Marzo-2026.pdf
2026-03-21,017,SÁNCHEZ,SAMANÁ,MINISTERIO DE AGRICULTURA,EMCI,30.0,19.6,16.3,https://indomet.gob.do/wp-content/uploads/2026/03/Temperaturas-extremas-y-precipitaciones-21-de-Marzo-2026.pdf
2026-03-21,018,ARPT. DE PUNTA CANA,LA ALTAGRACIA,INDOMET,EMCI,29.4,22.4,15.7,https://indomet.gob.do/wp-content/uploads/2026/03/Temperaturas-extremas-y-precipitaciones-21-de-Marzo-2026.pdf
2026-03-21,019,LAS CANAS (EMA),MONTE CRISTI,PROGRAMA MUNDIAL DE ALIMENTO,EMAP,24.3,18.8,15.2,https://indomet.gob.do/wp-content/uploads/2026/03/Temperaturas-extremas-y-precipitaciones-21-de-Marzo-2026.pdf
2026-03-21,020,ARPT. ARROYO BARRIL,SAMANÁ,INDOMET,EMCI,29.4,22.6,14.6,https://indomet.gob.do/wp-content/uploads/2026/03/Temperaturas-extremas-y-precipitaciones-21-de-Marzo-2026.pdf
2026-03-21,021,SAN RAFAEL DEL YUMA,LA ALTAGRACIA,MINISTERIO DE AGRICULTURA,EMCI,28.6,21.6,14.6,https://indomet.gob.do/wp-content/uploads/2026/03/Temperaturas-extremas-y-precipitaciones-21-de-Marzo-2026.pdf
2026-03-21,022,ARPT. GREGORIO LUPERÓN,PUERTO PLATA,INDOMET,EMCI,26.0,20.0,13.7,https://indomet.gob.do/wp-content/uploads/2026/03/Temperaturas-extremas-y-precipitaciones-21-de-Marzo-2026.pdf
2026-03-21,023,SABANETA (EMA),SANTIAGO RODRÍGUEZ,PROGRAMA MUNDIAL DE ALIMENTO,EMAP,24.2,18.6,13.4,https://indomet.gob.do/wp-content/uploads/2026/03/Temperaturas-extremas-y-precipitaciones-21-de-Marzo-2026.pdf
2026-03-21,024,VILLA VASQUEZ (EMA),MONTE CRISTI,JUNTA DE REGANTES,EMAI,,,13.0,https://indomet.gob.do/wp-content/uploads/2026/03/Temperaturas-extremas-y-precipitaciones-21-de-Marzo-2026.pdf
2026-03-21,025,SANTIAGO RODRÍGUEZ,SANTIAGO RODRÍGUEZ,INDOMET,EMCI,25.0,19.5,12.9,https://indomet.gob.do/wp-content/uploads/2026/03/Temperaturas-extremas-y-precipitaciones-21-de-Marzo-2026.pdf
2026-03-21,026,MONTE CRISTI,MONTE CRISTI,INDOMET,EMCI,27.5,21.7,10.8,https://indomet.gob.do/wp-content/uploads/2026/03/Temperaturas-extremas-y-precipitaciones-21-de-Marzo-2026.pdf
2026-03-21,027,ALTAMIRA,PUERTO PLATA,HOSP. MPAL. DE ALTAMIRA,EMCI,24.0,17.9,10.6,https://indomet.gob.do/wp-content/uploads/2026/03/Temperaturas-extremas-y-precipitaciones-21-de-Marzo-2026.pdf
2026-03-21,028,GASPAR HERNÁNDEZ,ESPAILLAT,PROPIEDAD DEL EMPLEADO,EMCI,,,9.6,https://indomet.gob.do/wp-content/uploads/2026/03/Temperaturas-extremas-y-precipitaciones-21-de-Marzo-2026.pdf
2026-03-21,029,CENTRO DE LOS HEROES (EMA),DISTRITO NACIONAL,MINISTERIO DE ENERGIA Y MINA,EMAP,27.1,22.2,9.0,https://indomet.gob.do/wp-content/uploads/2026/03/Temperaturas-extremas-y-precipitaciones-21-de-Marzo-2026.pdf
2026-03-21,030,SANTO DOMINGO ESTE,SANTO DOMINGO,INDOMET,EMCI,26.7,22.0,8.8,https://indomet.gob.do/wp-content/uploads/2026/03/Temperaturas-extremas-y-precipitaciones-21-de-Marzo-2026.pdf
2026-03-21,031,BASE AÉREA DE SAN ISIDRO,SANTO DOMINGO,FUERZA AÉREA DOMINICANA,EMCV,28.1,20.0,8.2,https://indomet.gob.do/wp-content/uploads/2026/03/Temperaturas-extremas-y-precipitaciones-21-de-Marzo-2026.pdf
2026-03-21,032,RESTAURACIÓN,DAJABÓN,MINISTERIO DE AGRICULTURA,EMCI,25.3,13.5,8.1,https://indomet.gob.do/wp-content/uploads/2026/03/Temperaturas-extremas-y-precipitaciones-21-de-Marzo-2026.pdf
2026-03-21,033,ARPT. LA ISABELA,SANTO DOMINGO,INDOMET,EMCI,28.4,21.7,7.9,https://indomet.gob.do/wp-content/uploads/2026/03/Temperaturas-extremas-y-precipitaciones-21-de-Marzo-2026.pdf
2026-03-21,034,LOS LLANOS,SAN PEDRO DE MACORÍS,MINISTERIO DE AGRICULTURA,EMCI,28.0,21.7,7.2,https://indomet.gob.do/wp-content/uploads/2026/03/Temperaturas-extremas-y-precipitaciones-21-de-Marzo-2026.pdf
2026-03-21,035,BAYAGUANA,MONTE PLATA,INDOMET,EMCI,28.4,22.4,7.0,https://indomet.gob.do/wp-content/uploads/2026/03/Temperaturas-extremas-y-precipitaciones-21-de-Marzo-2026.pdf
2026-03-21,036,ENRIQUILLO,BARAHONA,MINISTERIO DE AGRICULTURA,EMCV,30.5,19.0,6.2,https://indomet.gob.do/wp-content/uploads/2026/03/Temperaturas-extremas-y-precipitaciones-21-de-Marzo-2026.pdf
2026-03-21,037,MAO,VALVERDE,INDRHI / MINISTERIO DE AGRICULTURA,EMCV,,,6.2,https://indomet.gob.do/wp-content/uploads/2026/03/Temperaturas-extremas-y-precipitaciones-21-de-Marzo-2026.pdf
2026-03-21,038,ENSANCHE LA FE (EMA),DISTRITO NACIONAL,PRIVADA,EMAP,,,6.1,https://indomet.gob.do/wp-content/uploads/2026/03/Temperaturas-extremas-y-precipitaciones-21-de-Marzo-2026.pdf
2026-03-21,039,LA AGUSTINA (EMA),DISTRITO NACIONAL,PRIVADA,EMAP,,,6.1,https://indomet.gob.do/wp-content/uploads/2026/03/Temperaturas-extremas-y-precipitaciones-21-de-Marzo-2026.pdf
2026-03-21,040,CABRERA,MARÍA TRINIDAD SÁNCHEZ,ESCUELA ARÍSTIDES FIALLO CABRAL,EMCI,30.2,23.5,4.9,https://indomet.gob.do/wp-content/uploads/2026/03/Temperaturas-extremas-y-precipitaciones-21-de-Marzo-2026.pdf
2026-03-21,041,SAN JOSÉ DE OCOA,SAN JOSÉ DE OCOA,HOSP. SAN JOSÉ DE OCOA,EMCI,27.9,17.6,4.8,https://indomet.gob.do/wp-content/uploads/2026/03/Temperaturas-extremas-y-precipitaciones-21-de-Marzo-2026.pdf
2026-03-21,042,BELLA VISTA (EMA),DISTRITO NACIONAL,PRIVADA,EMAP,,,4.6,https://indomet.gob.do/wp-content/uploads/2026/03/Temperaturas-extremas-y-precipitaciones-21-de-Marzo-2026.pdf
2026-03-21,043,OVIEDO,PEDERNALES,CLÍNICA RURAL OVIEDO,EMCI,30.0,21.5,4.4,https://indomet.gob.do/wp-content/uploads/2026/03/Temperaturas-extremas-y-precipitaciones-21-de-Marzo-2026.pdf
2026-03-21,044,NAVARRETE,SANTIAGO,MINISTERIO DE AGRICULTURA,EMCV,,,4.1,https://indomet.gob.do/wp-content/uploads/2026/03/Temperaturas-extremas-y-precipitaciones-21-de-Marzo-2026.pdf
2026-03-21,045,ARPT. EL CATEY,SAMANÁ,INDOMET,EMCI,31.2,21.3,4.0,https://indomet.gob.do/wp-content/uploads/2026/03/Temperaturas-extremas-y-precipitaciones-21-de-Marzo-2026.pdf
2026-03-21,046,LA VICTORIA,SANTO DOMINGO,CUERPO DE BOMBEROS,EMCI,29.5,21.0,4.0,https://indomet.gob.do/wp-content/uploads/2026/03/Temperaturas-extremas-y-precipitaciones-21-de-Marzo-2026.pdf
2026-03-21,047,BOCA DE MAO (EMA),VALVERDE,MINISTERIO DE AGRICULTURA,EMAP,26.4,19.3,3.8,https://indomet.gob.do/wp-content/uploads/2026/03/Temperaturas-extremas-y-precipitaciones-21-de-Marzo-2026.pdf
2026-03-21,048,HONDO VALLE,ELÍAS PIÑA,MINISTERIO DE AGRICULTURA,EMCI,24.0,14.4,3.8,https://indomet.gob.do/wp-content/uploads/2026/03/Temperaturas-extremas-y-precipitaciones-21-de-Marzo-2026.pdf
2026-03-21,049,LOS JARDINES (EMA),DISTRITO NACIONAL,PRIVADA,EMAP,,,3.0,https://indomet.gob.do/wp-content/uploads/2026/03/Temperaturas-extremas-y-precipitaciones-21-de-Marzo-2026.pdf
2026-03-21,050,MONCIÓN (EMA),SANTIAGO RODRÍGUEZ,PROGRAMA MUNDIAL DE ALIMENTO,EMAP,23.1,17.1,2.8,https://indomet.gob.do/wp-content/uploads/2026/03/Temperaturas-extremas-y-precipitaciones-21-de-Marzo-2026.pdf
2026-03-21,051,LOS CACICAZGOS (EMA),DISTRITO NACIONAL,PRIVADA,EMAP,,,2.5,https://indomet.gob.do/wp-content/uploads/2026/03/Temperaturas-extremas-y-precipitaciones-21-de-Marzo-2026.pdf
2026-03-21,052,SAN CRISTÓBAL,SAN CRISTÓBAL,INSTITUTO POLITÉCNICO LOYOLA,EMCI,28.2,20.2,2.5,https://indomet.gob.do/wp-content/uploads/2026/03/Temperaturas-extremas-y-precipitaciones-21-de-Marzo-2026.pdf
2026-03-21,053,ARPT. MARÍA MONTEZ,BARAHONA,INDOMET,EMCI,31.6,21.8,2.3,https://indomet.gob.do/wp-content/uploads/2026/03/Temperaturas-extremas-y-precipitaciones-21-de-Marzo-2026.pdf
2026-03-21,054,ALTO BANDERA (EMA),LA VEGA,INTEC,EMAP,14.9,6.6,1.8,https://indomet.gob.do/wp-content/uploads/2026/03/Temperaturas-extremas-y-precipitaciones-21-de-Marzo-2026.pdf
2026-03-21,055,RANCHO ARRIBA,SAN JOSÉ DE OCOA,CENTRO TECNOLÓGICO COMUNITARIO,EMCI,28.6,14.7,1.6,https://indomet.gob.do/wp-content/uploads/2026/03/Temperaturas-extremas-y-precipitaciones-21-de-Marzo-2026.pdf
2026-03-21,056,PROLONGACION 27 DE FEBRERO,DISTRITO NACIONAL,PRIVADA,EMAP,,,1.1,https://indomet.gob.do/wp-content/uploads/2026/03/Temperaturas-extremas-y-precipitaciones-21-de-Marzo-2026.pdf
2026-03-21,057,GURABO,SANTIAGO,MINISTERIO DE AGRICULTURA,EMCV,,,0.8,https://indomet.gob.do/wp-content/uploads/2026/03/Temperaturas-extremas-y-precipitaciones-21-de-Marzo-2026.pdf
2026-03-21,058,LA VEGA,LA VEGA,IATESA,EMCI,30.5,19.5,0.7,https://indomet.gob.do/wp-content/uploads/2026/03/Temperaturas-extremas-y-precipitaciones-21-de-Marzo-2026.pdf
2026-03-21,059,VILLA GONZALES,SANTIAGO,MINISTERIO DE AGRICULTURA,EMCI,,,0.5,https://indomet.gob.do/wp-content/uploads/2026/03/Temperaturas-extremas-y-precipitaciones-21-de-Marzo-2026.pdf
2026-03-21,060,JARABACOA (EMA),LA VEGA,PROGRAMA MUNDIAL DE ALIMENTO,EMAP,25.3,16.3,0.4,https://indomet.gob.do/wp-content/uploads/2026/03/Temperaturas-extremas-y-precipitaciones-21-de-Marzo-2026.pdf
2026-03-21,061,PRESA DE TAVERAS (EMA),LA VEGA,PROGRAMA MUNDIAL DE ALIMENTO,EMAP,27.9,21.9,0.4,https://indomet.gob.do/wp-content/uploads/2026/03/Temperaturas-extremas-y-precipitaciones-21-de-Marzo-2026.pdf
2026-03-21,062,EL MILLON (EMA),DISTRITO NACIONAL,PRIVADA,EMAP,,,0.3,https://indomet.gob.do/wp-content/uploads/2026/03/Temperaturas-extremas-y-precipitaciones-21-de-Marzo-2026.pdf
2026-03-21,063,ELÍAS PIÑA,ELÍAS PIÑA,MINISTERIO DE AGRICULTURA,EMCV,,,0.3,https://indomet.gob.do/wp-content/uploads/2026/03/Temperaturas-extremas-y-precipitaciones-21-de-Marzo-2026.pdf
2026-03-21,064,SABANA GRANDE DE BOYÁ,MONTE PLATA,MINISTERIO DE AGRICULTURA,EMCV,,,0.3,https://indomet.gob.do/wp-content/uploads/2026/03/Temperaturas-extremas-y-precipitaciones-21-de-Marzo-2026.pdf
2026-03-21,065,BUCARA (EMA),SANTIAGO,MINISTERIO DE AGRICULTURA,EMAI,,,0.2,https://indomet.gob.do/wp-content/uploads/2026/03/Temperaturas-extremas-y-precipitaciones-21-de-Marzo-2026.pdf
2026-03-21,066,JARABACOA,LA VEGA,INDRHI / MARENA,EMCI,27.2,14.0,0.2,https://indomet.gob.do/wp-content/uploads/2026/03/Temperaturas-extremas-y-precipitaciones-21-de-Marzo-2026.pdf
2026-03-21,067,PONTÓN ABAJO (EMA),LA VEGA,MINISTERIO DE AGRICULTURA,EMAP,30.2,19.6,0.2,https://indomet.gob.do/wp-content/uploads/2026/03/Temperaturas-extremas-y-precipitaciones-21-de-Marzo-2026.pdf
2026-03-21,068,CABRAL,BARAHONA,MINISTERIO DE AGRICULTURA,EMCV,33.2,20.7,0.1,https://indomet.gob.do/wp-content/uploads/2026/03/Temperaturas-extremas-y-precipitaciones-21-de-Marzo-2026.pdf
2026-03-21,069,POLO,BARAHONA,INDOCAFE,EMCI,,18.0,0.1,https://indomet.gob.do/wp-content/uploads/2026/03/Temperaturas-extremas-y-precipitaciones-21-de-Marzo-2026.pdf
2026-03-21,070,TAMBORIL,SANTIAGO,MINISTERIO DE AGRICULTURA,EMCV,29.0,20.0,0.1,https://indomet.gob.do/wp-content/uploads/2026/03/Temperaturas-extremas-y-precipitaciones-21-de-Marzo-2026.pdf
2026-03-21,071,ARPT. DEL CIBAO,SANTIAGO,INDOMET,EMCI,28.2,21.3,0.0,https://indomet.gob.do/wp-content/uploads/2026/03/Temperaturas-extremas-y-precipitaciones-21-de-Marzo-2026.pdf
2026-03-21,072,ARROYO LORO,SAN JUAN,IDIAF,EMCI,30.6,18.4,0.0,https://indomet.gob.do/wp-content/uploads/2026/03/Temperaturas-extremas-y-precipitaciones-21-de-Marzo-2026.pdf
2026-03-21,073,BONAO,MONSEÑOR NOUEL,MINISTERIO DE AGRICULTURA,EMCV,,,0.0,https://indomet.gob.do/wp-content/uploads/2026/03/Temperaturas-extremas-y-precipitaciones-21-de-Marzo-2026.pdf
2026-03-21,074,CONSTANZA,LA VEGA,MINISTERIO DE AGRICULTURA,EMCI,,11.0,0.0,https://indomet.gob.do/wp-content/uploads/2026/03/Temperaturas-extremas-y-precipitaciones-21-de-Marzo-2026.pdf
2026-03-21,075,CONSTANZA (EMA),LA VEGA,PROGRAMA MUNDIAL DE ALIMENTO,EMAP,25.6,12.2,0.0,https://indomet.gob.do/wp-content/uploads/2026/03/Temperaturas-extremas-y-precipitaciones-21-de-Marzo-2026.pdf
2026-03-21,076,JARDÍN BOTÁNICO SANTIAGO (EMSANTIAGO,,JARDIN BOTANICO SANTIAGO,EMAI,,,0.0,https://indomet.gob.do/wp-content/uploads/2026/03/Temperaturas-extremas-y-precipitaciones-21-de-Marzo-2026.pdf
2026-03-21,077,JIMANÍ,INDEPENDENCIA,MINISTERIO DE AGRICULTURA,EMCI,32.0,21.8,0.0,https://indomet.gob.do/wp-content/uploads/2026/03/Temperaturas-extremas-y-precipitaciones-21-de-Marzo-2026.pdf
2026-03-21,078,JUMA BEJUCAL,MONSEÑOR NOUEL,IDIAF,EMCV,28.0,19.2,0.0,https://indomet.gob.do/wp-content/uploads/2026/03/Temperaturas-extremas-y-precipitaciones-21-de-Marzo-2026.pdf
2026-03-21,079,OLIVARES,PEDERNALES,INDRHI,EMCI,,,0.0,https://indomet.gob.do/wp-content/uploads/2026/03/Temperaturas-extremas-y-precipitaciones-21-de-Marzo-2026.pdf
2026-03-21,080,PADRE LAS CASAS,AZUA,HOSP. NTRA. SRA. DEL CARMEN,EMCI,32.0,17.0,0.0,https://indomet.gob.do/wp-content/uploads/2026/03/Temperaturas-extremas-y-precipitaciones-21-de-Marzo-2026.pdf
2026-03-21,081,PEDERNALES,PEDERNALES,INDRHI,EMCI,,,0.0,https://indomet.gob.do/wp-content/uploads/2026/03/Temperaturas-extremas-y-precipitaciones-21-de-Marzo-2026.pdf
2026-03-21,082,PERALTA,AZUA,HOSP. MPAL. DE PERALTA,EMCI,30.3,16.0,0.0,https://indomet.gob.do/wp-content/uploads/2026/03/Temperaturas-extremas-y-precipitaciones-21-de-Marzo-2026.pdf
2026-03-21,083,PESCADERIA (EMA),BARAHONA,MINISTERIO DE AGRICULTURA,EMAP,,,0.0,https://indomet.gob.do/wp-content/uploads/2026/03/Temperaturas-extremas-y-precipitaciones-21-de-Marzo-2026.pdf
2026-03-21,084,SAJOMA (EMA),SANTIAGO,PLAN SIERRA,EMAI,,,0.0,https://indomet.gob.do/wp-content/uploads/2026/03/Temperaturas-extremas-y-precipitaciones-21-de-Marzo-2026.pdf
2026-03-21,085,SALCEDO,HERMANAS MIRABAL,PROPIEDAD DEL EMPLEADO,EMCI,,,0.0,https://indomet.gob.do/wp-content/uploads/2026/03/Temperaturas-extremas-y-precipitaciones-21-de-Marzo-2026.pdf
2026-03-21,086,TÁBARA ABAJO,AZUA,INDRHI,EMCI,32.0,19.0,0.0,https://indomet.gob.do/wp-content/uploads/2026/03/Temperaturas-extremas-y-precipitaciones-21-de-Marzo-2026.pdf
2026-03-21,087,VILLA RIVA,DUARTE,HOSP. MPAL. ALICIA DE LEGENDRE,EMCI,28.9,18.5,0.0,https://indomet.gob.do/wp-content/uploads/2026/03/Temperaturas-extremas-y-precipitaciones-21-de-Marzo-2026.pdf
2026-03-22,001,BONAO,MONSEÑOR NOUEL,MINISTERIO DE AGRICULTURA,EMCV,,,11.4,https://indomet.gob.do/wp-content/uploads/2026/03/temperaturas-extremas-y-precipitaciones-2026x03x22-a.pdf
2026-03-22,002,BUCARA (EMA),SANTIAGO,MINISTERIO DE AGRICULTURA,EMAI,,,10.0,https://indomet.gob.do/wp-content/uploads/2026/03/temperaturas-extremas-y-precipitaciones-2026x03x22-a.pdf
2026-03-22,003,JUMA BEJUCAL,MONSEÑOR NOUEL,IDIAF,EMCV,28.0,19.4,7.8,https://indomet.gob.do/wp-content/uploads/2026/03/temperaturas-extremas-y-precipitaciones-2026x03x22-a.pdf
2026-03-22,004,POLO,BARAHONA,INDOCAFE,EMCI,,17.5,6.7,https://indomet.gob.do/wp-content/uploads/2026/03/temperaturas-extremas-y-precipitaciones-2026x03x22-a.pdf
2026-03-22,005,MICHES (EMA),EL SEIBO,PRIVADA,EMAP,27.3,20.7,4.8,https://indomet.gob.do/wp-content/uploads/2026/03/temperaturas-extremas-y-precipitaciones-2026x03x22-a.pdf
2026-03-22,006,JARABACOA,LA VEGA,INDRHI / MARENA,EMCI,25.0,13.6,4.6,https://indomet.gob.do/wp-content/uploads/2026/03/temperaturas-extremas-y-precipitaciones-2026x03x22-a.pdf
2026-03-22,007,VILLA ALTAGRACIA,SAN CRISTÓBAL,ESCUELA JAVIER ANGULO GURIDI,EMCI,,,3.6,https://indomet.gob.do/wp-content/uploads/2026/03/temperaturas-extremas-y-precipitaciones-2026x03x22-a.pdf
2026-03-22,008,GASPAR HERNÁNDEZ,ESPAILLAT,PROPIEDAD DEL EMPLEADO,EMCI,,,2.2,https://indomet.gob.do/wp-content/uploads/2026/03/temperaturas-extremas-y-precipitaciones-2026x03x22-a.pdf
2026-03-22,009,ALTAMIRA,PUERTO PLATA,HOSP. MPAL. DE ALTAMIRA,EMCI,26.0,18.6,2.1,https://indomet.gob.do/wp-content/uploads/2026/03/temperaturas-extremas-y-precipitaciones-2026x03x22-a.pdf
2026-03-22,010,SAJOMA (EMA),SANTIAGO,PLAN SIERRA,EMAI,,,2.0,https://indomet.gob.do/wp-content/uploads/2026/03/temperaturas-extremas-y-precipitaciones-2026x03x22-a.pdf
2026-03-22,011,OVIEDO,PEDERNALES,CLÍNICA RURAL OVIEDO,EMCI,31.5,21.8,2.0,https://indomet.gob.do/wp-content/uploads/2026/03/temperaturas-extremas-y-precipitaciones-2026x03x22-a.pdf
2026-03-22,012,MONCIÓN (EMA),SANTIAGO RODRÍGUEZ,PROGRAMA MUNDIAL DE ALIMENTO,EMAP,,,1.8,https://indomet.gob.do/wp-content/uploads/2026/03/temperaturas-extremas-y-precipitaciones-2026x03x22-a.pdf
2026-03-22,013,ARPT. DE PUNTA CANA,LA ALTAGRACIA,INDOMET,EMCI,29.6,22.2,1.7,https://indomet.gob.do/wp-content/uploads/2026/03/temperaturas-extremas-y-precipitaciones-2026x03x22-a.pdf
2026-03-22,014,LOS JENGIBRES,NAGUA,INDRHI,EMCI,,,1.5,https://indomet.gob.do/wp-content/uploads/2026/03/temperaturas-extremas-y-precipitaciones-2026x03x22-a.pdf
2026-03-22,015,VILLA VASQUEZ (EMA),MONTE CRISTI,JUNTA DE REGANTES,EMAI,,,1.4,https://indomet.gob.do/wp-content/uploads/2026/03/temperaturas-extremas-y-precipitaciones-2026x03x22-a.pdf
2026-03-22,016,RESTAURACIÓN,DAJABÓN,MINISTERIO DE AGRICULTURA,EMCI,27.5,15.3,1.3,https://indomet.gob.do/wp-content/uploads/2026/03/temperaturas-extremas-y-precipitaciones-2026x03x22-a.pdf
2026-03-22,017,LA VEGA,LA VEGA,IATESA,EMCI,29.0,20.5,1.0,https://indomet.gob.do/wp-content/uploads/2026/03/temperaturas-extremas-y-precipitaciones-2026x03x22-a.pdf
2026-03-22,018,ARPT. EL CATEY,SAMANÁ,INDOMET,EMCI,28.4,20.2,1.0,https://indomet.gob.do/wp-content/uploads/2026/03/temperaturas-extremas-y-precipitaciones-2026x03x22-a.pdf
2026-03-22,019,TAVERA,SANTIAGO,INDRHI,EMCI,,,1.0,https://indomet.gob.do/wp-content/uploads/2026/03/temperaturas-extremas-y-precipitaciones-2026x03x22-a.pdf
2026-03-22,020,PRESA DE TAVERAS (EMA),LA VEGA,PROGRAMA MUNDIAL DE ALIMENTO,EMAP,27.3,18.9,0.8,https://indomet.gob.do/wp-content/uploads/2026/03/temperaturas-extremas-y-precipitaciones-2026x03x22-a.pdf
2026-03-22,021,ARPT. DEL CIBAO,SANTIAGO,INDOMET,EMCI,28.5,19.5,0.6,https://indomet.gob.do/wp-content/uploads/2026/03/temperaturas-extremas-y-precipitaciones-2026x03x22-a.pdf
2026-03-22,022,TAMBORIL,SANTIAGO,MINISTERIO DE AGRICULTURA,EMCV,28.0,19.0,0.5,https://indomet.gob.do/wp-content/uploads/2026/03/temperaturas-extremas-y-precipitaciones-2026x03x22-a.pdf
2026-03-22,023,SAN RAFAEL DEL YUMA,LA ALTAGRACIA,MINISTERIO DE AGRICULTURA,EMCI,29.9,20.9,0.4,https://indomet.gob.do/wp-content/uploads/2026/03/temperaturas-extremas-y-precipitaciones-2026x03x22-a.pdf
2026-03-22,024,RANCHO ARRIBA,SAN JOSÉ DE OCOA,CENTRO TECNOLÓGICO COMUNITARIO,EMCI,26.0,17.3,0.4,https://indomet.gob.do/wp-content/uploads/2026/03/temperaturas-extremas-y-precipitaciones-2026x03x22-a.pdf
2026-03-22,025,EL FACTOR (EMA),MARÍA TRINIDAD SÁNCHEZ,INTEC,EMAP,30.3,19.5,0.3,https://indomet.gob.do/wp-content/uploads/2026/03/temperaturas-extremas-y-precipitaciones-2026x03x22-a.pdf
2026-03-22,026,NAVARRETE,SANTIAGO,MINISTERIO DE AGRICULTURA,EMCV,,,0.3,https://indomet.gob.do/wp-content/uploads/2026/03/temperaturas-extremas-y-precipitaciones-2026x03x22-a.pdf
2026-03-22,027,HONDO VALLE,ELÍAS PIÑA,MINISTERIO DE AGRICULTURA,EMCI,24.1,14.2,0.1,https://indomet.gob.do/wp-content/uploads/2026/03/temperaturas-extremas-y-precipitaciones-2026x03x22-a.pdf
2026-03-22,028,MONTE CRISTI,MONTE CRISTI,INDOMET,EMCI,28.5,20.3,0.1,https://indomet.gob.do/wp-content/uploads/2026/03/temperaturas-extremas-y-precipitaciones-2026x03x22-a.pdf
2026-03-22,029,ENRIQUILLO,BARAHONA,MINISTERIO DE AGRICULTURA,EMCV,31.0,20.5,0.1,https://indomet.gob.do/wp-content/uploads/2026/03/temperaturas-extremas-y-precipitaciones-2026x03x22-a.pdf
2026-03-22,030,JARDÍN BOTÁNICO SANTIAGO (EMSANTIAGO,,JARDIN BOTANICO SANTIAGO,EMAI,27.2,23.1,0.0,https://indomet.gob.do/wp-content/uploads/2026/03/temperaturas-extremas-y-precipitaciones-2026x03x22-a.pdf
2026-03-22,031,BELLA VISTA (EMA),DISTRITO NACIONAL,PRIVADA,EMAP,,,0.0,https://indomet.gob.do/wp-content/uploads/2026/03/temperaturas-extremas-y-precipitaciones-2026x03x22-a.pdf
2026-03-22,032,CENTRO DE LOS HEROES (EMA),DISTRITO NACIONAL,MINISTERIO DE ENERGIA Y MINA,EMAP,29.6,22.6,0.0,https://indomet.gob.do/wp-content/uploads/2026/03/temperaturas-extremas-y-precipitaciones-2026x03x22-a.pdf
2026-03-22,033,LOS CACICAZGOS (EMA),DISTRITO NACIONAL,PRIVADA,EMAP,,,0.0,https://indomet.gob.do/wp-content/uploads/2026/03/temperaturas-extremas-y-precipitaciones-2026x03x22-a.pdf
2026-03-22,034,PROLONGACION 27 DE FEBRERO,DISTRITO NACIONAL,PRIVADA,EMAP,,,0.0,https://indomet.gob.do/wp-content/uploads/2026/03/temperaturas-extremas-y-precipitaciones-2026x03x22-a.pdf
2026-03-22,035,ANAMUYA (EMA),LA ALTAGRACIA,MINISTERIO DE AGRICULTURA,EMAP,28.1,22.5,0.0,https://indomet.gob.do/wp-content/uploads/2026/03/temperaturas-extremas-y-precipitaciones-2026x03x22-a.pdf
2026-03-22,036,ALTO BANDERA (EMA),LA VEGA,INTEC,EMAP,15.1,8.0,0.0,https://indomet.gob.do/wp-content/uploads/2026/03/temperaturas-extremas-y-precipitaciones-2026x03x22-a.pdf
2026-03-22,037,CONSTANZA (EMA),LA VEGA,PROGRAMA MUNDIAL DE ALIMENTO,EMAP,21.9,14.9,0.0,https://indomet.gob.do/wp-content/uploads/2026/03/temperaturas-extremas-y-precipitaciones-2026x03x22-a.pdf
2026-03-22,038,PONTÓN ABAJO (EMA),LA VEGA,MINISTERIO DE AGRICULTURA,EMAP,28.6,21.1,0.0,https://indomet.gob.do/wp-content/uploads/2026/03/temperaturas-extremas-y-precipitaciones-2026x03x22-a.pdf
2026-03-22,039,LAS CANAS (EMA),MONTE CRISTI,PROGRAMA MUNDIAL DE ALIMENTO,EMAP,25.1,21.2,0.0,https://indomet.gob.do/wp-content/uploads/2026/03/temperaturas-extremas-y-precipitaciones-2026x03x22-a.pdf
2026-03-22,040,BANI (EMA),PERAVIA,MINISTERIO DE AGRICULTURA,EMAP,31.3,22.8,0.0,https://indomet.gob.do/wp-content/uploads/2026/03/temperaturas-extremas-y-precipitaciones-2026x03x22-a.pdf
2026-03-22,041,SABANETA (EMA),SANTIAGO RODRÍGUEZ,PROGRAMA MUNDIAL DE ALIMENTO,EMAP,28.7,21.3,0.0,https://indomet.gob.do/wp-content/uploads/2026/03/temperaturas-extremas-y-precipitaciones-2026x03x22-a.pdf
2026-03-22,042,BOCA DE MAO (EMA),VALVERDE,MINISTERIO DE AGRICULTURA,EMAP,28.8,21.4,0.0,https://indomet.gob.do/wp-content/uploads/2026/03/temperaturas-extremas-y-precipitaciones-2026x03x22-a.pdf
2026-03-22,043,PADRE LAS CASAS,AZUA,HOSP. NTRA. SRA. DEL CARMEN,EMCI,32.8,16.0,0.0,https://indomet.gob.do/wp-content/uploads/2026/03/temperaturas-extremas-y-precipitaciones-2026x03x22-a.pdf
2026-03-22,044,PERALTA,AZUA,HOSP. MPAL. DE PERALTA,EMCI,31.7,15.0,0.0,https://indomet.gob.do/wp-content/uploads/2026/03/temperaturas-extremas-y-precipitaciones-2026x03x22-a.pdf
2026-03-22,045,TÁBARA ABAJO,AZUA,INDRHI,EMCI,32.5,18.3,0.0,https://indomet.gob.do/wp-content/uploads/2026/03/temperaturas-extremas-y-precipitaciones-2026x03x22-a.pdf
2026-03-22,046,ARPT. MARÍA MONTEZ,BARAHONA,INDOMET,EMCI,33.5,21.0,0.0,https://indomet.gob.do/wp-content/uploads/2026/03/temperaturas-extremas-y-precipitaciones-2026x03x22-a.pdf
2026-03-22,047,DAJABÓN,DAJABÓN,INSTITUTO POLITÉCNICO LOYOLA,EMCI,34.0,19.2,0.0,https://indomet.gob.do/wp-content/uploads/2026/03/temperaturas-extremas-y-precipitaciones-2026x03x22-a.pdf
2026-03-22,048,SAN FRANCISCO DE MACORÍS,DUARTE,San Francisco de Macorís (UASD),EMCI,29.0,18.8,0.0,https://indomet.gob.do/wp-content/uploads/2026/03/temperaturas-extremas-y-precipitaciones-2026x03x22-a.pdf
2026-03-22,049,VILLA RIVA,DUARTE,HOSP. MPAL. ALICIA DE LEGENDRE,EMCI,29.0,20.0,0.0,https://indomet.gob.do/wp-content/uploads/2026/03/temperaturas-extremas-y-precipitaciones-2026x03x22-a.pdf
2026-03-22,050,SABANA DE LA MAR,HATO MAYOR,INDOMET,EMCI,29.4,20.0,0.0,https://indomet.gob.do/wp-content/uploads/2026/03/temperaturas-extremas-y-precipitaciones-2026x03x22-a.pdf
2026-03-22,051,SALCEDO,HERMANAS MIRABAL,PROPIEDAD DEL EMPLEADO,EMCI,,,0.0,https://indomet.gob.do/wp-content/uploads/2026/03/temperaturas-extremas-y-precipitaciones-2026x03x22-a.pdf
2026-03-22,052,JIMANÍ,INDEPENDENCIA,MINISTERIO DE AGRICULTURA,EMCI,35.5,24.5,0.0,https://indomet.gob.do/wp-content/uploads/2026/03/temperaturas-extremas-y-precipitaciones-2026x03x22-a.pdf
2026-03-22,053,ARPT. DE LA ROMANA,LA ROMANA,INDOMET,EMCI,29.5,21.0,0.0,https://indomet.gob.do/wp-content/uploads/2026/03/temperaturas-extremas-y-precipitaciones-2026x03x22-a.pdf
2026-03-22,054,CONSTANZA,LA VEGA,MINISTERIO DE AGRICULTURA,EMCI,,14.7,0.0,https://indomet.gob.do/wp-content/uploads/2026/03/temperaturas-extremas-y-precipitaciones-2026x03x22-a.pdf
2026-03-22,055,CABRERA,MARÍA TRINIDAD SÁNCHEZ,ESCUELA ARÍSTIDES FIALLO CABRAL,EMCI,30.6,24.5,0.0,https://indomet.gob.do/wp-content/uploads/2026/03/temperaturas-extremas-y-precipitaciones-2026x03x22-a.pdf
2026-03-22,056,BAYAGUANA,MONTE PLATA,INDOMET,EMCI,29.4,20.2,0.0,https://indomet.gob.do/wp-content/uploads/2026/03/temperaturas-extremas-y-precipitaciones-2026x03x22-a.pdf
2026-03-22,057,OLIVARES,PEDERNALES,INDRHI,EMCI,,,0.0,https://indomet.gob.do/wp-content/uploads/2026/03/temperaturas-extremas-y-precipitaciones-2026x03x22-a.pdf
2026-03-22,058,PEDERNALES,PEDERNALES,INDRHI,EMCI,,,0.0,https://indomet.gob.do/wp-content/uploads/2026/03/temperaturas-extremas-y-precipitaciones-2026x03x22-a.pdf
2026-03-22,059,ARPT. GREGORIO LUPERÓN,PUERTO PLATA,INDOMET,EMCI,28.2,20.0,0.0,https://indomet.gob.do/wp-content/uploads/2026/03/temperaturas-extremas-y-precipitaciones-2026x03x22-a.pdf
2026-03-22,060,PALO ÍNDIO,PUERTO PLATA,MINISTERIO DE AGRICULTURA,EMCI,,,0.0,https://indomet.gob.do/wp-content/uploads/2026/03/temperaturas-extremas-y-precipitaciones-2026x03x22-a.pdf
2026-03-22,061,ARPT. ARROYO BARRIL,SAMANÁ,INDOMET,EMCI,30.7,21.6,0.0,https://indomet.gob.do/wp-content/uploads/2026/03/temperaturas-extremas-y-precipitaciones-2026x03x22-a.pdf
2026-03-22,062,SAMANÁ,SAMANÁ,COMANDANCIA DE PUERTO DE SAMANÁ,EMCI,29.4,15.9,0.0,https://indomet.gob.do/wp-content/uploads/2026/03/temperaturas-extremas-y-precipitaciones-2026x03x22-a.pdf
2026-03-22,063,SÁNCHEZ,SAMANÁ,MINISTERIO DE AGRICULTURA,EMCI,29.9,20.4,0.0,https://indomet.gob.do/wp-content/uploads/2026/03/temperaturas-extremas-y-precipitaciones-2026x03x22-a.pdf
2026-03-22,064,SAN CRISTÓBAL,SAN CRISTÓBAL,INSTITUTO POLITÉCNICO LOYOLA,EMCI,29.0,21.2,0.0,https://indomet.gob.do/wp-content/uploads/2026/03/temperaturas-extremas-y-precipitaciones-2026x03x22-a.pdf
2026-03-22,065,SAN JOSÉ DE OCOA,SAN JOSÉ DE OCOA,HOSP. SAN JOSÉ DE OCOA,EMCI,28.4,18.2,0.0,https://indomet.gob.do/wp-content/uploads/2026/03/temperaturas-extremas-y-precipitaciones-2026x03x22-a.pdf
2026-03-22,066,ARROYO LORO,SAN JUAN,IDIAF,EMCI,31.7,18.2,0.0,https://indomet.gob.do/wp-content/uploads/2026/03/temperaturas-extremas-y-precipitaciones-2026x03x22-a.pdf
2026-03-22,067,LOS LLANOS,SAN PEDRO DE MACORÍS,MINISTERIO DE AGRICULTURA,EMCI,29.2,19.8,0.0,https://indomet.gob.do/wp-content/uploads/2026/03/temperaturas-extremas-y-precipitaciones-2026x03x22-a.pdf
2026-03-22,068,PASO AL MEDIO,SAN PEDRO DE MACORÍS,INDRHI,EMCI,,,0.0,https://indomet.gob.do/wp-content/uploads/2026/03/temperaturas-extremas-y-precipitaciones-2026x03x22-a.pdf
2026-03-22,069,VILLA GONZALES,SANTIAGO,MINISTERIO DE AGRICULTURA,EMCI,,,0.0,https://indomet.gob.do/wp-content/uploads/2026/03/temperaturas-extremas-y-precipitaciones-2026x03x22-a.pdf
2026-03-22,070,SANTIAGO RODRÍGUEZ,SANTIAGO RODRÍGUEZ,INDOMET,EMCI,29.3,21.0,0.0,https://indomet.gob.do/wp-content/uploads/2026/03/temperaturas-extremas-y-precipitaciones-2026x03x22-a.pdf
2026-03-22,071,ARPT. DE LAS AMÉRICAS,SANTO DOMINGO,INDOMET,EMCI,29.5,20.6,0.0,https://indomet.gob.do/wp-content/uploads/2026/03/temperaturas-extremas-y-precipitaciones-2026x03x22-a.pdf
2026-03-22,072,ARPT. LA ISABELA,SANTO DOMINGO,INDOMET,EMCI,30.0,20.5,0.0,https://indomet.gob.do/wp-content/uploads/2026/03/temperaturas-extremas-y-precipitaciones-2026x03x22-a.pdf
2026-03-22,073,LA VICTORIA,SANTO DOMINGO,CUERPO DE BOMBEROS,EMCI,30.8,20.0,0.0,https://indomet.gob.do/wp-content/uploads/2026/03/temperaturas-extremas-y-precipitaciones-2026x03x22-a.pdf
2026-03-22,074,SANTO DOMINGO ESTE,SANTO DOMINGO,INDOMET,EMCI,30.4,22.0,0.0,https://indomet.gob.do/wp-content/uploads/2026/03/temperaturas-extremas-y-precipitaciones-2026x03x22-a.pdf
2026-03-22,075,CABRAL,BARAHONA,MINISTERIO DE AGRICULTURA,EMCV,34.0,22.5,0.0,https://indomet.gob.do/wp-content/uploads/2026/03/temperaturas-extremas-y-precipitaciones-2026x03x22-a.pdf
2026-03-22,076,JARDÍN BOTÁNICO NACIONAL,DISTRITO NACIONAL,JARDÍN BOTÁNICO NACIONAL,EMCV,30.1,18.6,0.0,https://indomet.gob.do/wp-content/uploads/2026/03/temperaturas-extremas-y-precipitaciones-2026x03x22-a.pdf
2026-03-22,077,EL SEIBO,EL SEIBO,MINISTERIO DE AGRICULTURA,EMCV,,,0.0,https://indomet.gob.do/wp-content/uploads/2026/03/temperaturas-extremas-y-precipitaciones-2026x03x22-a.pdf
2026-03-22,078,ELÍAS PIÑA,ELÍAS PIÑA,MINISTERIO DE AGRICULTURA,EMCV,,,0.0,https://indomet.gob.do/wp-content/uploads/2026/03/temperaturas-extremas-y-precipitaciones-2026x03x22-a.pdf
2026-03-22,079,RÍO SAN JUAN,MARÍA TRINIDAD SÁNCHEZ,HOSP. MPAL. DR. DESIDERIO ACOSTA,EMCV,28.5,19.4,0.0,https://indomet.gob.do/wp-content/uploads/2026/03/temperaturas-extremas-y-precipitaciones-2026x03x22-a.pdf
2026-03-22,080,LUPERÓN,PUERTO PLATA,MINISTERIO DE AGRICULTURA,EMCV,,,0.0,https://indomet.gob.do/wp-content/uploads/2026/03/temperaturas-extremas-y-precipitaciones-2026x03x22-a.pdf
2026-03-22,081,VILLA ISABELA,PUERTO PLATA,MINISTERIO DE AGRICULTURA,EMCV,28.8,18.0,0.0,https://indomet.gob.do/wp-content/uploads/2026/03/temperaturas-extremas-y-precipitaciones-2026x03x22-a.pdf
2026-03-22,082,EL CERCADO,SAN JUAN,MINISTERIO DE AGRICULTURA,EMCV,,,0.0,https://indomet.gob.do/wp-content/uploads/2026/03/temperaturas-extremas-y-precipitaciones-2026x03x22-a.pdf
2026-03-22,083,COTUÍ,SÁNCHEZ RAMÍREZ,HOSP. INMACULADA CONCEPCIÓN,EMCV,,,0.0,https://indomet.gob.do/wp-content/uploads/2026/03/temperaturas-extremas-y-precipitaciones-2026x03x22-a.pdf
2026-03-22,084,GURABO,SANTIAGO,MINISTERIO DE AGRICULTURA,EMCV,,,0.0,https://indomet.gob.do/wp-content/uploads/2026/03/temperaturas-extremas-y-precipitaciones-2026x03x22-a.pdf
2026-03-22,085,BASE AÉREA DE SAN ISIDRO,SANTO DOMINGO,FUERZA AÉREA DOMINICANA,EMCV,29.5,20.0,0.0,https://indomet.gob.do/wp-content/uploads/2026/03/temperaturas-extremas-y-precipitaciones-2026x03x22-a.pdf
2026-03-22,086,PARQUE MIRADOR NORTE,SANTO DOMINGO,AYUNTAMIENTO,EMCV,,,0.0,https://indomet.gob.do/wp-content/uploads/2026/03/temperaturas-extremas-y-precipitaciones-2026x03x22-a.pdf
2026-03-22,087,MAO,VALVERDE,INDRHI / MINISTERIO DE AGRICULTURA,EMCV,,,0.0,https://indomet.gob.do/wp-content/uploads/2026/03/temperaturas-extremas-y-precipitaciones-2026x03x22-a.pdf
2026-03-23,001,ENRIQUILLO,BARAHONA,MINISTERIO DE AGRICULTURA,EMCV,31.5,19.5,49.8,https://indomet.gob.do/wp-content/uploads/2026/03/Temperaturas-extremas-y-precipitaciones-23-de-Marzo-2026.pdf
2026-03-23,002,VILLA VASQUEZ (EMA),MONTE CRISTI,JUNTA DE REGANTES,EMAI,,,5.8,https://indomet.gob.do/wp-content/uploads/2026/03/Temperaturas-extremas-y-precipitaciones-23-de-Marzo-2026.pdf
2026-03-23,003,POLO,BARAHONA,INDOCAFE,EMCI,,15.0,3.1,https://indomet.gob.do/wp-content/uploads/2026/03/Temperaturas-extremas-y-precipitaciones-23-de-Marzo-2026.pdf
2026-03-23,004,MONCIÓN (EMA),SANTIAGO RODRÍGUEZ,PROGRAMA MUNDIAL DE ALIMENTO,EMAP,27.7,16.1,1.4,https://indomet.gob.do/wp-content/uploads/2026/03/Temperaturas-extremas-y-precipitaciones-23-de-Marzo-2026.pdf
2026-03-23,005,BUCARA (EMA),SANTIAGO,MINISTERIO DE AGRICULTURA,EMAI,,,0.2,https://indomet.gob.do/wp-content/uploads/2026/03/Temperaturas-extremas-y-precipitaciones-23-de-Marzo-2026.pdf
2026-03-23,006,ARPT. GREGORIO LUPERÓN,PUERTO PLATA,INDOMET,EMCI,28.2,20.2,0.1,https://indomet.gob.do/wp-content/uploads/2026/03/Temperaturas-extremas-y-precipitaciones-23-de-Marzo-2026.pdf
2026-03-23,007,CABRAL,BARAHONA,MINISTERIO DE AGRICULTURA,EMCV,33.9,21.6,0.1,https://indomet.gob.do/wp-content/uploads/2026/03/Temperaturas-extremas-y-precipitaciones-23-de-Marzo-2026.pdf
2026-03-23,008,JARABACOA,LA VEGA,INDRHI / MARENA,EMCI,27.6,14.4,0.1,https://indomet.gob.do/wp-content/uploads/2026/03/Temperaturas-extremas-y-precipitaciones-23-de-Marzo-2026.pdf
2026-03-23,009,JUMA BEJUCAL,MONSEÑOR NOUEL,IDIAF,EMCV,27.8,20.4,0.1,https://indomet.gob.do/wp-content/uploads/2026/03/Temperaturas-extremas-y-precipitaciones-23-de-Marzo-2026.pdf
2026-03-23,010,ALTAMIRA,PUERTO PLATA,HOSP. MPAL. DE ALTAMIRA,EMCI,27.5,16.1,0.0,https://indomet.gob.do/wp-content/uploads/2026/03/Temperaturas-extremas-y-precipitaciones-23-de-Marzo-2026.pdf
2026-03-23,011,ALTO BANDERA (EMA),LA VEGA,INTEC,EMAP,17.1,7.2,0.0,https://indomet.gob.do/wp-content/uploads/2026/03/Temperaturas-extremas-y-precipitaciones-23-de-Marzo-2026.pdf
2026-03-23,012,ANAMUYA (EMA),LA ALTAGRACIA,MINISTERIO DE AGRICULTURA,EMAP,27.4,22.1,0.0,https://indomet.gob.do/wp-content/uploads/2026/03/Temperaturas-extremas-y-precipitaciones-23-de-Marzo-2026.pdf
2026-03-23,013,ARPT. ARROYO BARRIL,SAMANÁ,INDOMET,EMCI,28.4,21.7,0.0,https://indomet.gob.do/wp-content/uploads/2026/03/Temperaturas-extremas-y-precipitaciones-23-de-Marzo-2026.pdf
2026-03-23,014,ARPT. DE LA ROMANA,LA ROMANA,INDOMET,EMCI,31.5,21.0,0.0,https://indomet.gob.do/wp-content/uploads/2026/03/Temperaturas-extremas-y-precipitaciones-23-de-Marzo-2026.pdf
2026-03-23,015,ARPT. DE LAS AMÉRICAS,SANTO DOMINGO,INDOMET,EMCI,29.5,20.0,0.0,https://indomet.gob.do/wp-content/uploads/2026/03/Temperaturas-extremas-y-precipitaciones-23-de-Marzo-2026.pdf
2026-03-23,016,ARPT. DE PUNTA CANA,LA ALTAGRACIA,INDOMET,EMCI,28.7,22.0,0.0,https://indomet.gob.do/wp-content/uploads/2026/03/Temperaturas-extremas-y-precipitaciones-23-de-Marzo-2026.pdf
2026-03-23,017,ARPT. DEL CIBAO,SANTIAGO,INDOMET,EMCI,30.6,19.8,0.0,https://indomet.gob.do/wp-content/uploads/2026/03/Temperaturas-extremas-y-precipitaciones-23-de-Marzo-2026.pdf
2026-03-23,018,ARPT. EL CATEY,SAMANÁ,INDOMET,EMCI,30.0,20.0,0.0,https://indomet.gob.do/wp-content/uploads/2026/03/Temperaturas-extremas-y-precipitaciones-23-de-Marzo-2026.pdf
2026-03-23,019,ARPT. LA ISABELA,SANTO DOMINGO,INDOMET,EMCI,31.5,20.4,0.0,https://indomet.gob.do/wp-content/uploads/2026/03/Temperaturas-extremas-y-precipitaciones-23-de-Marzo-2026.pdf
2026-03-23,020,ARPT. MARÍA MONTEZ,BARAHONA,INDOMET,EMCI,31.0,23.0,0.0,https://indomet.gob.do/wp-content/uploads/2026/03/Temperaturas-extremas-y-precipitaciones-23-de-Marzo-2026.pdf
2026-03-23,021,ARROYO LORO,SAN JUAN,IDIAF,EMCI,32.2,15.2,0.0,https://indomet.gob.do/wp-content/uploads/2026/03/Temperaturas-extremas-y-precipitaciones-23-de-Marzo-2026.pdf
2026-03-23,022,BANI (EMA),PERAVIA,MINISTERIO DE AGRICULTURA,EMAP,31.3,22.9,0.0,https://indomet.gob.do/wp-content/uploads/2026/03/Temperaturas-extremas-y-precipitaciones-23-de-Marzo-2026.pdf
2026-03-23,023,BASE AÉREA DE SAN ISIDRO,SANTO DOMINGO,FUERZA AÉREA DOMINICANA,EMCV,29.0,19.0,0.0,https://indomet.gob.do/wp-content/uploads/2026/03/Temperaturas-extremas-y-precipitaciones-23-de-Marzo-2026.pdf
2026-03-23,024,BAYAGUANA,MONTE PLATA,INDOMET,EMCI,30.0,19.4,0.0,https://indomet.gob.do/wp-content/uploads/2026/03/Temperaturas-extremas-y-precipitaciones-23-de-Marzo-2026.pdf
2026-03-23,025,BELLA VISTA (EMA),DISTRITO NACIONAL,PRIVADA,EMAP,,,0.0,https://indomet.gob.do/wp-content/uploads/2026/03/Temperaturas-extremas-y-precipitaciones-23-de-Marzo-2026.pdf
2026-03-23,026,BOCA DE MAO (EMA),VALVERDE,MINISTERIO DE AGRICULTURA,EMAP,30.7,18.0,0.0,https://indomet.gob.do/wp-content/uploads/2026/03/Temperaturas-extremas-y-precipitaciones-23-de-Marzo-2026.pdf
2026-03-23,027,BOHECHÍO,SAN JUAN,MINISTERIO DE AGRICULTURA,EMCV,,,0.0,https://indomet.gob.do/wp-content/uploads/2026/03/Temperaturas-extremas-y-precipitaciones-23-de-Marzo-2026.pdf
2026-03-23,028,CABRERA,MARÍA TRINIDAD SÁNCHEZ,ESCUELA ARÍSTIDES FIALLO CABRAL,EMCI,30.6,23.0,0.0,https://indomet.gob.do/wp-content/uploads/2026/03/Temperaturas-extremas-y-precipitaciones-23-de-Marzo-2026.pdf
2026-03-23,029,CENTRO DE LOS HEROES (EMA),DISTRITO NACIONAL,MINISTERIO DE ENERGIA Y MINA,EMAP,30.8,23.4,0.0,https://indomet.gob.do/wp-content/uploads/2026/03/Temperaturas-extremas-y-precipitaciones-23-de-Marzo-2026.pdf
2026-03-23,030,CONSTANZA,LA VEGA,MINISTERIO DE AGRICULTURA,EMCI,,13.0,0.0,https://indomet.gob.do/wp-content/uploads/2026/03/Temperaturas-extremas-y-precipitaciones-23-de-Marzo-2026.pdf
2026-03-23,031,CONSTANZA (EMA),LA VEGA,PROGRAMA MUNDIAL DE ALIMENTO,EMAP,23.1,14.2,0.0,https://indomet.gob.do/wp-content/uploads/2026/03/Temperaturas-extremas-y-precipitaciones-23-de-Marzo-2026.pdf
2026-03-23,032,DAJABÓN,DAJABÓN,INSTITUTO POLITÉCNICO LOYOLA,EMCI,34.3,19.1,0.0,https://indomet.gob.do/wp-content/uploads/2026/03/Temperaturas-extremas-y-precipitaciones-23-de-Marzo-2026.pdf
2026-03-23,033,EL FACTOR (EMA),MARÍA TRINIDAD SÁNCHEZ,INTEC,EMAP,30.5,19.6,0.0,https://indomet.gob.do/wp-content/uploads/2026/03/Temperaturas-extremas-y-precipitaciones-23-de-Marzo-2026.pdf
2026-03-23,034,EL MILLON (EMA),DISTRITO NACIONAL,PRIVADA,EMAP,,,0.0,https://indomet.gob.do/wp-content/uploads/2026/03/Temperaturas-extremas-y-precipitaciones-23-de-Marzo-2026.pdf
2026-03-23,035,ELÍAS PIÑA,ELÍAS PIÑA,MINISTERIO DE AGRICULTURA,EMCV,,,0.0,https://indomet.gob.do/wp-content/uploads/2026/03/Temperaturas-extremas-y-precipitaciones-23-de-Marzo-2026.pdf
2026-03-23,036,ENSANCHE LA FE (EMA),DISTRITO NACIONAL,PRIVADA,EMAP,,,0.0,https://indomet.gob.do/wp-content/uploads/2026/03/Temperaturas-extremas-y-precipitaciones-23-de-Marzo-2026.pdf
2026-03-23,037,ESCONDIDO,PERAVIA,MINISTERIO DE AGRICULTURA,EMCV,31.0,23.0,0.0,https://indomet.gob.do/wp-content/uploads/2026/03/Temperaturas-extremas-y-precipitaciones-23-de-Marzo-2026.pdf
2026-03-23,038,GASPAR HERNÁNDEZ,ESPAILLAT,PROPIEDAD DEL EMPLEADO,EMCI,,,0.0,https://indomet.gob.do/wp-content/uploads/2026/03/Temperaturas-extremas-y-precipitaciones-23-de-Marzo-2026.pdf
2026-03-23,039,GURABO,SANTIAGO,MINISTERIO DE AGRICULTURA,EMCV,,,0.0,https://indomet.gob.do/wp-content/uploads/2026/03/Temperaturas-extremas-y-precipitaciones-23-de-Marzo-2026.pdf
2026-03-23,040,HATO MAYOR,HATO MAYOR,MINISTERIO DE AGRICULTURA,EMCV,,,0.0,https://indomet.gob.do/wp-content/uploads/2026/03/Temperaturas-extremas-y-precipitaciones-23-de-Marzo-2026.pdf
2026-03-23,041,HONDO VALLE,ELÍAS PIÑA,MINISTERIO DE AGRICULTURA,EMCI,24.6,14.9,0.0,https://indomet.gob.do/wp-content/uploads/2026/03/Temperaturas-extremas-y-precipitaciones-23-de-Marzo-2026.pdf
2026-03-23,042,JARABACOA (EMA),LA VEGA,PROGRAMA MUNDIAL DE ALIMENTO,EMAP,,,0.0,https://indomet.gob.do/wp-content/uploads/2026/03/Temperaturas-extremas-y-precipitaciones-23-de-Marzo-2026.pdf
2026-03-23,043,JARDÍN BOTÁNICO NACIONAL,DISTRITO NACIONAL,JARDÍN BOTÁNICO NACIONAL,EMCV,31.1,18.8,0.0,https://indomet.gob.do/wp-content/uploads/2026/03/Temperaturas-extremas-y-precipitaciones-23-de-Marzo-2026.pdf
2026-03-23,044,JARDÍN BOTÁNICO SANTIAGO (EMSANTIAGO,,JARDIN BOTANICO SANTIAGO,EMAI,29.8,22.6,0.0,https://indomet.gob.do/wp-content/uploads/2026/03/Temperaturas-extremas-y-precipitaciones-23-de-Marzo-2026.pdf
2026-03-23,045,JIMANÍ,INDEPENDENCIA,MINISTERIO DE AGRICULTURA,EMCI,34.5,23.4,0.0,https://indomet.gob.do/wp-content/uploads/2026/03/Temperaturas-extremas-y-precipitaciones-23-de-Marzo-2026.pdf
2026-03-23,046,LA AGUSTINA (EMA),DISTRITO NACIONAL,PRIVADA,EMAP,,,0.0,https://indomet.gob.do/wp-content/uploads/2026/03/Temperaturas-extremas-y-precipitaciones-23-de-Marzo-2026.pdf
2026-03-23,047,LA VEGA,LA VEGA,IATESA,EMCI,31.0,20.0,0.0,https://indomet.gob.do/wp-content/uploads/2026/03/Temperaturas-extremas-y-precipitaciones-23-de-Marzo-2026.pdf
2026-03-23,048,LA VICTORIA,SANTO DOMINGO,CUERPO DE BOMBEROS,EMCI,31.0,19.5,0.0,https://indomet.gob.do/wp-content/uploads/2026/03/Temperaturas-extremas-y-precipitaciones-23-de-Marzo-2026.pdf
2026-03-23,049,LAS CANAS (EMA),MONTE CRISTI,PROGRAMA MUNDIAL DE ALIMENTO,EMAP,25.2,18.8,0.0,https://indomet.gob.do/wp-content/uploads/2026/03/Temperaturas-extremas-y-precipitaciones-23-de-Marzo-2026.pdf
2026-03-23,050,LOS CACICAZGOS (EMA),DISTRITO NACIONAL,PRIVADA,EMAP,,,0.0,https://indomet.gob.do/wp-content/uploads/2026/03/Temperaturas-extremas-y-precipitaciones-23-de-Marzo-2026.pdf
2026-03-23,051,LOS JARDINES (EMA),DISTRITO NACIONAL,PRIVADA,EMAP,,,0.0,https://indomet.gob.do/wp-content/uploads/2026/03/Temperaturas-extremas-y-precipitaciones-23-de-Marzo-2026.pdf
2026-03-23,052,LOS LLANOS,SAN PEDRO DE MACORÍS,MINISTERIO DE AGRICULTURA,EMCI,29.3,19.6,0.0,https://indomet.gob.do/wp-content/uploads/2026/03/Temperaturas-extremas-y-precipitaciones-23-de-Marzo-2026.pdf
2026-03-23,053,LOS PRADOS (EMA),DISTRITO NACIONAL,PRIVADA,EMAP,,,0.0,https://indomet.gob.do/wp-content/uploads/2026/03/Temperaturas-extremas-y-precipitaciones-23-de-Marzo-2026.pdf
2026-03-23,054,MAO,VALVERDE,INDRHI / MINISTERIO DE AGRICULTURA,EMCV,,,0.0,https://indomet.gob.do/wp-content/uploads/2026/03/Temperaturas-extremas-y-precipitaciones-23-de-Marzo-2026.pdf
2026-03-23,055,MICHES (EMA),EL SEIBO,PRIVADA,EMAP,27.6,21.4,0.0,https://indomet.gob.do/wp-content/uploads/2026/03/Temperaturas-extremas-y-precipitaciones-23-de-Marzo-2026.pdf
2026-03-23,056,MONTE CRISTI,MONTE CRISTI,INDOMET,EMCI,28.9,22.6,0.0,https://indomet.gob.do/wp-content/uploads/2026/03/Temperaturas-extremas-y-precipitaciones-23-de-Marzo-2026.pdf
2026-03-23,057,NAVARRETE,SANTIAGO,MINISTERIO DE AGRICULTURA,EMCV,,,0.0,https://indomet.gob.do/wp-content/uploads/2026/03/Temperaturas-extremas-y-precipitaciones-23-de-Marzo-2026.pdf
2026-03-23,058,OLIVARES,PEDERNALES,INDRHI,EMCI,,,0.0,https://indomet.gob.do/wp-content/uploads/2026/03/Temperaturas-extremas-y-precipitaciones-23-de-Marzo-2026.pdf
2026-03-23,059,OVIEDO,PEDERNALES,CLÍNICA RURAL OVIEDO,EMCI,31.0,21.0,0.0,https://indomet.gob.do/wp-content/uploads/2026/03/Temperaturas-extremas-y-precipitaciones-23-de-Marzo-2026.pdf
2026-03-23,060,PADRE LAS CASAS,AZUA,HOSP. NTRA. SRA. DEL CARMEN,EMCI,33.4,16.0,0.0,https://indomet.gob.do/wp-content/uploads/2026/03/Temperaturas-extremas-y-precipitaciones-23-de-Marzo-2026.pdf
2026-03-23,061,PALO ÍNDIO,PUERTO PLATA,MINISTERIO DE AGRICULTURA,EMCI,,,0.0,https://indomet.gob.do/wp-content/uploads/2026/03/Temperaturas-extremas-y-precipitaciones-23-de-Marzo-2026.pdf
2026-03-23,062,PEDERNALES,PEDERNALES,INDRHI,EMCI,,,0.0,https://indomet.gob.do/wp-content/uploads/2026/03/Temperaturas-extremas-y-precipitaciones-23-de-Marzo-2026.pdf
2026-03-23,063,PERALTA,AZUA,HOSP. MPAL. DE PERALTA,EMCI,31.2,16.3,0.0,https://indomet.gob.do/wp-content/uploads/2026/03/Temperaturas-extremas-y-precipitaciones-23-de-Marzo-2026.pdf
2026-03-23,064,PESCADERIA (EMA),BARAHONA,MINISTERIO DE AGRICULTURA,EMAP,,,0.0,https://indomet.gob.do/wp-content/uploads/2026/03/Temperaturas-extremas-y-precipitaciones-23-de-Marzo-2026.pdf
2026-03-23,065,PONTÓN ABAJO (EMA),LA VEGA,MINISTERIO DE AGRICULTURA,EMAP,31.2,20.8,0.0,https://indomet.gob.do/wp-content/uploads/2026/03/Temperaturas-extremas-y-precipitaciones-23-de-Marzo-2026.pdf
2026-03-23,066,PRESA DE TAVERAS (EMA),LA VEGA,PROGRAMA MUNDIAL DE ALIMENTO,EMAP,29.4,19.3,0.0,https://indomet.gob.do/wp-content/uploads/2026/03/Temperaturas-extremas-y-precipitaciones-23-de-Marzo-2026.pdf
2026-03-23,067,PROLONGACION 27 DE FEBRERO,DISTRITO NACIONAL,PRIVADA,EMAP,,,0.0,https://indomet.gob.do/wp-content/uploads/2026/03/Temperaturas-extremas-y-precipitaciones-23-de-Marzo-2026.pdf
2026-03-23,068,RANCHO ARRIBA,SAN JOSÉ DE OCOA,CENTRO TECNOLÓGICO COMUNITARIO,EMCI,29.5,18.5,0.0,https://indomet.gob.do/wp-content/uploads/2026/03/Temperaturas-extremas-y-precipitaciones-23-de-Marzo-2026.pdf
2026-03-23,069,RESTAURACIÓN,DAJABÓN,MINISTERIO DE AGRICULTURA,EMCI,26.0,11.1,0.0,https://indomet.gob.do/wp-content/uploads/2026/03/Temperaturas-extremas-y-precipitaciones-23-de-Marzo-2026.pdf
2026-03-23,070,RÍO SAN JUAN,MARÍA TRINIDAD SÁNCHEZ,HOSP. MPAL. DR. DESIDERIO ACOSTA,EMCV,29.0,19.0,0.0,https://indomet.gob.do/wp-content/uploads/2026/03/Temperaturas-extremas-y-precipitaciones-23-de-Marzo-2026.pdf
2026-03-23,071,SABANA DE LA MAR,HATO MAYOR,INDOMET,EMCI,28.8,20.0,0.0,https://indomet.gob.do/wp-content/uploads/2026/03/Temperaturas-extremas-y-precipitaciones-23-de-Marzo-2026.pdf
2026-03-23,072,SABANA GRANDE DE BOYÁ,MONTE PLATA,MINISTERIO DE AGRICULTURA,EMCV,,,0.0,https://indomet.gob.do/wp-content/uploads/2026/03/Temperaturas-extremas-y-precipitaciones-23-de-Marzo-2026.pdf
2026-03-23,073,SABANETA (EMA),SANTIAGO RODRÍGUEZ,PROGRAMA MUNDIAL DE ALIMENTO,EMAP,31.9,17.8,0.0,https://indomet.gob.do/wp-content/uploads/2026/03/Temperaturas-extremas-y-precipitaciones-23-de-Marzo-2026.pdf
2026-03-23,074,SAJOMA (EMA),SANTIAGO,PLAN SIERRA,EMAI,,,0.0,https://indomet.gob.do/wp-content/uploads/2026/03/Temperaturas-extremas-y-precipitaciones-23-de-Marzo-2026.pdf
2026-03-23,075,SALCEDO,HERMANAS MIRABAL,PROPIEDAD DEL EMPLEADO,EMCI,,,0.0,https://indomet.gob.do/wp-content/uploads/2026/03/Temperaturas-extremas-y-precipitaciones-23-de-Marzo-2026.pdf
2026-03-23,076,SAMANÁ,SAMANÁ,COMANDANCIA DE PUERTO DE SAMANÁ,EMCI,29.6,17.1,0.0,https://indomet.gob.do/wp-content/uploads/2026/03/Temperaturas-extremas-y-precipitaciones-23-de-Marzo-2026.pdf
2026-03-23,077,SAN CRISTÓBAL,SAN CRISTÓBAL,INSTITUTO POLITÉCNICO LOYOLA,EMCI,31.2,20.0,0.0,https://indomet.gob.do/wp-content/uploads/2026/03/Temperaturas-extremas-y-precipitaciones-23-de-Marzo-2026.pdf
2026-03-23,078,SAN JOSÉ DE OCOA,SAN JOSÉ DE OCOA,HOSP. SAN JOSÉ DE OCOA,EMCI,29.3,17.6,0.0,https://indomet.gob.do/wp-content/uploads/2026/03/Temperaturas-extremas-y-precipitaciones-23-de-Marzo-2026.pdf
2026-03-23,079,SAN RAFAEL DEL YUMA,LA ALTAGRACIA,MINISTERIO DE AGRICULTURA,EMCI,29.3,20.5,0.0,https://indomet.gob.do/wp-content/uploads/2026/03/Temperaturas-extremas-y-precipitaciones-23-de-Marzo-2026.pdf
2026-03-23,080,SÁNCHEZ,SAMANÁ,MINISTERIO DE AGRICULTURA,EMCI,28.8,18.2,0.0,https://indomet.gob.do/wp-content/uploads/2026/03/Temperaturas-extremas-y-precipitaciones-23-de-Marzo-2026.pdf
2026-03-23,081,SANTIAGO RODRÍGUEZ,SANTIAGO RODRÍGUEZ,INDOMET,EMCI,31.6,18.0,0.0,https://indomet.gob.do/wp-content/uploads/2026/03/Temperaturas-extremas-y-precipitaciones-23-de-Marzo-2026.pdf
2026-03-23,082,SANTO DOMINGO ESTE,SANTO DOMINGO,INDOMET,EMCI,31.5,21.0,0.0,https://indomet.gob.do/wp-content/uploads/2026/03/Temperaturas-extremas-y-precipitaciones-23-de-Marzo-2026.pdf
2026-03-23,083,TÁBARA ABAJO,AZUA,INDRHI,EMCI,30.5,18.3,0.0,https://indomet.gob.do/wp-content/uploads/2026/03/Temperaturas-extremas-y-precipitaciones-23-de-Marzo-2026.pdf
2026-03-23,084,TAMBORIL,SANTIAGO,MINISTERIO DE AGRICULTURA,EMCV,30.0,18.0,0.0,https://indomet.gob.do/wp-content/uploads/2026/03/Temperaturas-extremas-y-precipitaciones-23-de-Marzo-2026.pdf
2026-03-23,085,VILLA ALTAGRACIA,SAN CRISTÓBAL,ESCUELA JAVIER ANGULO GURIDI,EMCI,,,0.0,https://indomet.gob.do/wp-content/uploads/2026/03/Temperaturas-extremas-y-precipitaciones-23-de-Marzo-2026.pdf
2026-03-23,086,VILLA GONZALES,SANTIAGO,MINISTERIO DE AGRICULTURA,EMCI,,,0.0,https://indomet.gob.do/wp-content/uploads/2026/03/Temperaturas-extremas-y-precipitaciones-23-de-Marzo-2026.pdf
2026-03-23,087,VILLA ISABELA,PUERTO PLATA,MINISTERIO DE AGRICULTURA,EMCV,28.0,18.0,0.0,https://indomet.gob.do/wp-content/uploads/2026/03/Temperaturas-extremas-y-precipitaciones-23-de-Marzo-2026.pdf
2026-03-23,088,VILLA RIVA,DUARTE,HOSP. MPAL. ALICIA DE LEGENDRE,EMCI,29.5,18.5,0.0,https://indomet.gob.do/wp-content/uploads/2026/03/Temperaturas-extremas-y-precipitaciones-23-de-Marzo-2026.pdf
2026-03-24,001,ENRIQUILLO,BARAHONA,MINISTERIO DE AGRICULTURA,EMCV,30.8,20.0,27.0,https://indomet.gob.do/wp-content/uploads/2026/03/temperaturas-extremas-y-precipitaciones-2026x03x24-a.pdf
2026-03-24,002,OVIEDO,PEDERNALES,CLÍNICA RURAL OVIEDO,EMCI,31.2,21.0,10.8,https://indomet.gob.do/wp-content/uploads/2026/03/temperaturas-extremas-y-precipitaciones-2026x03x24-a.pdf
2026-03-24,003,EL FACTOR (EMA),MARÍA TRINIDAD SÁNCHEZ,INTEC,EMAP,30.5,21.6,5.1,https://indomet.gob.do/wp-content/uploads/2026/03/temperaturas-extremas-y-precipitaciones-2026x03x24-a.pdf
2026-03-24,004,POLO,BARAHONA,INDOCAFE,EMCI,,14.0,2.1,https://indomet.gob.do/wp-content/uploads/2026/03/temperaturas-extremas-y-precipitaciones-2026x03x24-a.pdf
2026-03-24,005,JUMA BEJUCAL,MONSEÑOR NOUEL,IDIAF,EMCV,28.8,20.6,1.9,https://indomet.gob.do/wp-content/uploads/2026/03/temperaturas-extremas-y-precipitaciones-2026x03x24-a.pdf
2026-03-24,006,MICHES (EMA),EL SEIBO,PRIVADA,EMAP,28.6,18.8,1.2,https://indomet.gob.do/wp-content/uploads/2026/03/temperaturas-extremas-y-precipitaciones-2026x03x24-a.pdf
2026-03-24,007,MONCIÓN (EMA),SANTIAGO RODRÍGUEZ,PROGRAMA MUNDIAL DE ALIMENTO,EMAP,29.3,17.9,0.6,https://indomet.gob.do/wp-content/uploads/2026/03/temperaturas-extremas-y-precipitaciones-2026x03x24-a.pdf
2026-03-24,008,BONAO,MONSEÑOR NOUEL,MINISTERIO DE AGRICULTURA,EMCV,,,0.3,https://indomet.gob.do/wp-content/uploads/2026/03/temperaturas-extremas-y-precipitaciones-2026x03x24-a.pdf
2026-03-24,009,RANCHO ARRIBA,SAN JOSÉ DE OCOA,CENTRO TECNOLÓGICO COMUNITARIO,EMCI,27.0,17.2,0.2,https://indomet.gob.do/wp-content/uploads/2026/03/temperaturas-extremas-y-precipitaciones-2026x03x24-a.pdf
2026-03-24,010,ALTAMIRA,PUERTO PLATA,HOSP. MPAL. DE ALTAMIRA,EMCI,28.6,17.2,0.0,https://indomet.gob.do/wp-content/uploads/2026/03/temperaturas-extremas-y-precipitaciones-2026x03x24-a.pdf
2026-03-24,011,ALTO BANDERA (EMA),LA VEGA,INTEC,EMAP,16.9,6.1,0.0,https://indomet.gob.do/wp-content/uploads/2026/03/temperaturas-extremas-y-precipitaciones-2026x03x24-a.pdf
2026-03-24,012,ANAMUYA (EMA),LA ALTAGRACIA,MINISTERIO DE AGRICULTURA,EMAP,29.2,22.2,0.0,https://indomet.gob.do/wp-content/uploads/2026/03/temperaturas-extremas-y-precipitaciones-2026x03x24-a.pdf
2026-03-24,013,ARPT. ARROYO BARRIL,SAMANÁ,INDOMET,EMCI,30.0,21.5,0.0,https://indomet.gob.do/wp-content/uploads/2026/03/temperaturas-extremas-y-precipitaciones-2026x03x24-a.pdf
2026-03-24,014,ARPT. DE LA ROMANA,LA ROMANA,INDOMET,EMCI,30.4,20.0,0.0,https://indomet.gob.do/wp-content/uploads/2026/03/temperaturas-extremas-y-precipitaciones-2026x03x24-a.pdf
2026-03-24,015,ARPT. DE LAS AMÉRICAS,SANTO DOMINGO,INDOMET,EMCI,30.5,20.3,0.0,https://indomet.gob.do/wp-content/uploads/2026/03/temperaturas-extremas-y-precipitaciones-2026x03x24-a.pdf
2026-03-24,016,ARPT. DE PUNTA CANA,LA ALTAGRACIA,INDOMET,EMCI,30.0,22.8,0.0,https://indomet.gob.do/wp-content/uploads/2026/03/temperaturas-extremas-y-precipitaciones-2026x03x24-a.pdf
2026-03-24,017,ARPT. DEL CIBAO,SANTIAGO,INDOMET,EMCI,31.6,18.8,0.0,https://indomet.gob.do/wp-content/uploads/2026/03/temperaturas-extremas-y-precipitaciones-2026x03x24-a.pdf
2026-03-24,018,ARPT. EL CATEY,SAMANÁ,INDOMET,EMCI,29.5,20.0,0.0,https://indomet.gob.do/wp-content/uploads/2026/03/temperaturas-extremas-y-precipitaciones-2026x03x24-a.pdf
2026-03-24,019,ARPT. GREGORIO LUPERÓN,PUERTO PLATA,INDOMET,EMCI,27.8,19.8,0.0,https://indomet.gob.do/wp-content/uploads/2026/03/temperaturas-extremas-y-precipitaciones-2026x03x24-a.pdf
2026-03-24,020,ARPT. LA ISABELA,SANTO DOMINGO,INDOMET,EMCI,32.0,18.6,0.0,https://indomet.gob.do/wp-content/uploads/2026/03/temperaturas-extremas-y-precipitaciones-2026x03x24-a.pdf
2026-03-24,021,ARPT. MARÍA MONTEZ,BARAHONA,INDOMET,EMCI,32.0,21.6,0.0,https://indomet.gob.do/wp-content/uploads/2026/03/temperaturas-extremas-y-precipitaciones-2026x03x24-a.pdf
2026-03-24,022,ARROYO LORO,SAN JUAN,IDIAF,EMCI,32.6,16.6,0.0,https://indomet.gob.do/wp-content/uploads/2026/03/temperaturas-extremas-y-precipitaciones-2026x03x24-a.pdf
2026-03-24,023,BANI (EMA),PERAVIA,MINISTERIO DE AGRICULTURA,EMAP,31.8,23.1,0.0,https://indomet.gob.do/wp-content/uploads/2026/03/temperaturas-extremas-y-precipitaciones-2026x03x24-a.pdf
2026-03-24,024,BASE AÉREA DE SAN ISIDRO,SANTO DOMINGO,FUERZA AÉREA DOMINICANA,EMCV,32.4,21.5,0.0,https://indomet.gob.do/wp-content/uploads/2026/03/temperaturas-extremas-y-precipitaciones-2026x03x24-a.pdf
2026-03-24,025,BAYAGUANA,MONTE PLATA,INDOMET,EMCI,31.0,18.0,0.0,https://indomet.gob.do/wp-content/uploads/2026/03/temperaturas-extremas-y-precipitaciones-2026x03x24-a.pdf
2026-03-24,026,BOCA DE MAO (EMA),VALVERDE,MINISTERIO DE AGRICULTURA,EMAP,31.2,19.3,0.0,https://indomet.gob.do/wp-content/uploads/2026/03/temperaturas-extremas-y-precipitaciones-2026x03x24-a.pdf
2026-03-24,027,BOHECHÍO,SAN JUAN,MINISTERIO DE AGRICULTURA,EMCV,,,0.0,https://indomet.gob.do/wp-content/uploads/2026/03/temperaturas-extremas-y-precipitaciones-2026x03x24-a.pdf
2026-03-24,028,BUCARA (EMA),SANTIAGO,MINISTERIO DE AGRICULTURA,EMAI,,,0.0,https://indomet.gob.do/wp-content/uploads/2026/03/temperaturas-extremas-y-precipitaciones-2026x03x24-a.pdf
2026-03-24,029,CABRAL,BARAHONA,MINISTERIO DE AGRICULTURA,EMCV,32.6,21.0,0.0,https://indomet.gob.do/wp-content/uploads/2026/03/temperaturas-extremas-y-precipitaciones-2026x03x24-a.pdf
2026-03-24,030,CABRERA,MARÍA TRINIDAD SÁNCHEZ,ESCUELA ARÍSTIDES FIALLO CABRAL,EMCI,31.0,22.5,0.0,https://indomet.gob.do/wp-content/uploads/2026/03/temperaturas-extremas-y-precipitaciones-2026x03x24-a.pdf
2026-03-24,031,CENTRO DE LOS HEROES (EMA),DISTRITO NACIONAL,MINISTERIO DE ENERGIA Y MINA,EMAP,31.3,23.8,0.0,https://indomet.gob.do/wp-content/uploads/2026/03/temperaturas-extremas-y-precipitaciones-2026x03x24-a.pdf
2026-03-24,032,CONSTANZA,LA VEGA,MINISTERIO DE AGRICULTURA,EMCI,,16.0,0.0,https://indomet.gob.do/wp-content/uploads/2026/03/temperaturas-extremas-y-precipitaciones-2026x03x24-a.pdf
2026-03-24,033,CONSTANZA (EMA),LA VEGA,PROGRAMA MUNDIAL DE ALIMENTO,EMAP,23.6,13.7,0.0,https://indomet.gob.do/wp-content/uploads/2026/03/temperaturas-extremas-y-precipitaciones-2026x03x24-a.pdf
2026-03-24,034,DAJABÓN,DAJABÓN,INSTITUTO POLITÉCNICO LOYOLA,EMCI,34.5,19.4,0.0,https://indomet.gob.do/wp-content/uploads/2026/03/temperaturas-extremas-y-precipitaciones-2026x03x24-a.pdf
2026-03-24,035,EL CERCADO,SAN JUAN,MINISTERIO DE AGRICULTURA,EMCV,,,0.0,https://indomet.gob.do/wp-content/uploads/2026/03/temperaturas-extremas-y-precipitaciones-2026x03x24-a.pdf
2026-03-24,036,EL MILLON (EMA),DISTRITO NACIONAL,PRIVADA,EMAP,,,0.0,https://indomet.gob.do/wp-content/uploads/2026/03/temperaturas-extremas-y-precipitaciones-2026x03x24-a.pdf
2026-03-24,037,ELÍAS PIÑA,ELÍAS PIÑA,MINISTERIO DE AGRICULTURA,EMCV,,,0.0,https://indomet.gob.do/wp-content/uploads/2026/03/temperaturas-extremas-y-precipitaciones-2026x03x24-a.pdf
2026-03-24,038,ENSANCHE LA FE (EMA),DISTRITO NACIONAL,PRIVADA,EMAP,,,0.0,https://indomet.gob.do/wp-content/uploads/2026/03/temperaturas-extremas-y-precipitaciones-2026x03x24-a.pdf
2026-03-24,039,GASPAR HERNÁNDEZ,ESPAILLAT,PROPIEDAD DEL EMPLEADO,EMCI,,,0.0,https://indomet.gob.do/wp-content/uploads/2026/03/temperaturas-extremas-y-precipitaciones-2026x03x24-a.pdf
2026-03-24,040,GURABO,SANTIAGO,MINISTERIO DE AGRICULTURA,EMCV,,,0.0,https://indomet.gob.do/wp-content/uploads/2026/03/temperaturas-extremas-y-precipitaciones-2026x03x24-a.pdf
2026-03-24,041,HATO MAYOR,HATO MAYOR,MINISTERIO DE AGRICULTURA,EMCV,,,0.0,https://indomet.gob.do/wp-content/uploads/2026/03/temperaturas-extremas-y-precipitaciones-2026x03x24-a.pdf
2026-03-24,042,HONDO VALLE,ELÍAS PIÑA,MINISTERIO DE AGRICULTURA,EMCI,25.0,15.2,0.0,https://indomet.gob.do/wp-content/uploads/2026/03/temperaturas-extremas-y-precipitaciones-2026x03x24-a.pdf
2026-03-24,043,JARABACOA,LA VEGA,INDRHI / MARENA,EMCI,29.2,16.0,0.0,https://indomet.gob.do/wp-content/uploads/2026/03/temperaturas-extremas-y-precipitaciones-2026x03x24-a.pdf
2026-03-24,044,JARABACOA (EMA),LA VEGA,PROGRAMA MUNDIAL DE ALIMENTO,EMAP,27.2,18.3,0.0,https://indomet.gob.do/wp-content/uploads/2026/03/temperaturas-extremas-y-precipitaciones-2026x03x24-a.pdf
2026-03-24,045,JARDÍN BOTÁNICO NACIONAL,DISTRITO NACIONAL,JARDÍN BOTÁNICO NACIONAL,EMCV,32.2,19.4,0.0,https://indomet.gob.do/wp-content/uploads/2026/03/temperaturas-extremas-y-precipitaciones-2026x03x24-a.pdf
2026-03-24,046,JARDÍN BOTÁNICO SANTIAGO (EMSANTIAGO,,JARDIN BOTANICO SANTIAGO,EMAI,30.0,23.3,0.0,https://indomet.gob.do/wp-content/uploads/2026/03/temperaturas-extremas-y-precipitaciones-2026x03x24-a.pdf
2026-03-24,047,JIMANÍ,INDEPENDENCIA,MINISTERIO DE AGRICULTURA,EMCI,35.2,22.5,0.0,https://indomet.gob.do/wp-content/uploads/2026/03/temperaturas-extremas-y-precipitaciones-2026x03x24-a.pdf
2026-03-24,048,LA AGUSTINA (EMA),DISTRITO NACIONAL,PRIVADA,EMAP,,,0.0,https://indomet.gob.do/wp-content/uploads/2026/03/temperaturas-extremas-y-precipitaciones-2026x03x24-a.pdf
2026-03-24,049,LA VEGA,LA VEGA,IATESA,EMCI,31.0,20.5,0.0,https://indomet.gob.do/wp-content/uploads/2026/03/temperaturas-extremas-y-precipitaciones-2026x03x24-a.pdf
2026-03-24,050,LA VICTORIA,SANTO DOMINGO,CUERPO DE BOMBEROS,EMCI,32.5,20.5,0.0,https://indomet.gob.do/wp-content/uploads/2026/03/temperaturas-extremas-y-precipitaciones-2026x03x24-a.pdf
2026-03-24,051,LAS CANAS (EMA),MONTE CRISTI,PROGRAMA MUNDIAL DE ALIMENTO,EMAP,25.5,19.6,0.0,https://indomet.gob.do/wp-content/uploads/2026/03/temperaturas-extremas-y-precipitaciones-2026x03x24-a.pdf
2026-03-24,052,LOS CACICAZGOS (EMA),DISTRITO NACIONAL,PRIVADA,EMAP,,,0.0,https://indomet.gob.do/wp-content/uploads/2026/03/temperaturas-extremas-y-precipitaciones-2026x03x24-a.pdf
2026-03-24,053,LOS JARDINES (EMA),DISTRITO NACIONAL,PRIVADA,EMAP,,,0.0,https://indomet.gob.do/wp-content/uploads/2026/03/temperaturas-extremas-y-precipitaciones-2026x03x24-a.pdf
2026-03-24,054,LOS LLANOS,SAN PEDRO DE MACORÍS,MINISTERIO DE AGRICULTURA,EMCI,31.5,19.8,0.0,https://indomet.gob.do/wp-content/uploads/2026/03/temperaturas-extremas-y-precipitaciones-2026x03x24-a.pdf
2026-03-24,055,MAO,VALVERDE,INDRHI / MINISTERIO DE AGRICULTURA,EMCV,,,0.0,https://indomet.gob.do/wp-content/uploads/2026/03/temperaturas-extremas-y-precipitaciones-2026x03x24-a.pdf
2026-03-24,056,MONTE CRISTI,MONTE CRISTI,INDOMET,EMCI,29.5,20.5,0.0,https://indomet.gob.do/wp-content/uploads/2026/03/temperaturas-extremas-y-precipitaciones-2026x03x24-a.pdf
2026-03-24,057,NAVARRETE,SANTIAGO,MINISTERIO DE AGRICULTURA,EMCV,,,0.0,https://indomet.gob.do/wp-content/uploads/2026/03/temperaturas-extremas-y-precipitaciones-2026x03x24-a.pdf
2026-03-24,058,OLIVARES,PEDERNALES,INDRHI,EMCI,,,0.0,https://indomet.gob.do/wp-content/uploads/2026/03/temperaturas-extremas-y-precipitaciones-2026x03x24-a.pdf
2026-03-24,059,PADRE LAS CASAS,AZUA,HOSP. NTRA. SRA. DEL CARMEN,EMCI,32.6,17.4,0.0,https://indomet.gob.do/wp-content/uploads/2026/03/temperaturas-extremas-y-precipitaciones-2026x03x24-a.pdf
2026-03-24,060,PALO ÍNDIO,PUERTO PLATA,MINISTERIO DE AGRICULTURA,EMCI,,,0.0,https://indomet.gob.do/wp-content/uploads/2026/03/temperaturas-extremas-y-precipitaciones-2026x03x24-a.pdf
2026-03-24,061,PARQUE MIRADOR SUR,DISTRITO NACIONAL,AYUNTAMIENTO,EMCV,32.3,21.9,0.0,https://indomet.gob.do/wp-content/uploads/2026/03/temperaturas-extremas-y-precipitaciones-2026x03x24-a.pdf
2026-03-24,062,PEDERNALES,PEDERNALES,INDRHI,EMCI,,,0.0,https://indomet.gob.do/wp-content/uploads/2026/03/temperaturas-extremas-y-precipitaciones-2026x03x24-a.pdf
2026-03-24,063,PERALTA,AZUA,HOSP. MPAL. DE PERALTA,EMCI,30.5,15.6,0.0,https://indomet.gob.do/wp-content/uploads/2026/03/temperaturas-extremas-y-precipitaciones-2026x03x24-a.pdf
2026-03-24,064,PONTÓN ABAJO (EMA),LA VEGA,MINISTERIO DE AGRICULTURA,EMAP,32.7,22.3,0.0,https://indomet.gob.do/wp-content/uploads/2026/03/temperaturas-extremas-y-precipitaciones-2026x03x24-a.pdf
2026-03-24,065,PRESA DE TAVERAS (EMA),LA VEGA,PROGRAMA MUNDIAL DE ALIMENTO,EMAP,30.7,19.7,0.0,https://indomet.gob.do/wp-content/uploads/2026/03/temperaturas-extremas-y-precipitaciones-2026x03x24-a.pdf
2026-03-24,066,PROLONGACION 27 DE FEBRERO,DISTRITO NACIONAL,PRIVADA,EMAP,,,0.0,https://indomet.gob.do/wp-content/uploads/2026/03/temperaturas-extremas-y-precipitaciones-2026x03x24-a.pdf
2026-03-24,067,RESTAURACIÓN,DAJABÓN,MINISTERIO DE AGRICULTURA,EMCI,27.9,14.4,0.0,https://indomet.gob.do/wp-content/uploads/2026/03/temperaturas-extremas-y-precipitaciones-2026x03x24-a.pdf
2026-03-24,068,RÍO SAN JUAN,MARÍA TRINIDAD SÁNCHEZ,HOSP. MPAL. DR. DESIDERIO ACOSTA,EMCV,28.7,20.6,0.0,https://indomet.gob.do/wp-content/uploads/2026/03/temperaturas-extremas-y-precipitaciones-2026x03x24-a.pdf
2026-03-24,069,SABANA DE LA MAR,HATO MAYOR,INDOMET,EMCI,29.6,20.0,0.0,https://indomet.gob.do/wp-content/uploads/2026/03/temperaturas-extremas-y-precipitaciones-2026x03x24-a.pdf
2026-03-24,070,SABANA GRANDE DE BOYÁ,MONTE PLATA,MINISTERIO DE AGRICULTURA,EMCV,,,0.0,https://indomet.gob.do/wp-content/uploads/2026/03/temperaturas-extremas-y-precipitaciones-2026x03x24-a.pdf
2026-03-24,071,SABANETA (EMA),SANTIAGO RODRÍGUEZ,PROGRAMA MUNDIAL DE ALIMENTO,EMAP,32.7,18.9,0.0,https://indomet.gob.do/wp-content/uploads/2026/03/temperaturas-extremas-y-precipitaciones-2026x03x24-a.pdf
2026-03-24,072,SAJOMA (EMA),SANTIAGO,PLAN SIERRA,EMAI,,,0.0,https://indomet.gob.do/wp-content/uploads/2026/03/temperaturas-extremas-y-precipitaciones-2026x03x24-a.pdf
2026-03-24,073,SALCEDO,HERMANAS MIRABAL,PROPIEDAD DEL EMPLEADO,EMCI,,,0.0,https://indomet.gob.do/wp-content/uploads/2026/03/temperaturas-extremas-y-precipitaciones-2026x03x24-a.pdf
2026-03-24,074,SAMANÁ,SAMANÁ,COMANDANCIA DE PUERTO DE SAMANÁ,EMCI,30.2,15.6,0.0,https://indomet.gob.do/wp-content/uploads/2026/03/temperaturas-extremas-y-precipitaciones-2026x03x24-a.pdf
2026-03-24,075,SAN CRISTÓBAL,SAN CRISTÓBAL,INSTITUTO POLITÉCNICO LOYOLA,EMCI,32.0,21.0,0.0,https://indomet.gob.do/wp-content/uploads/2026/03/temperaturas-extremas-y-precipitaciones-2026x03x24-a.pdf
2026-03-24,076,SAN JOSÉ DE OCOA,SAN JOSÉ DE OCOA,HOSP. SAN JOSÉ DE OCOA,EMCI,30.0,18.2,0.0,https://indomet.gob.do/wp-content/uploads/2026/03/temperaturas-extremas-y-precipitaciones-2026x03x24-a.pdf
2026-03-24,077,SAN RAFAEL DEL YUMA,LA ALTAGRACIA,MINISTERIO DE AGRICULTURA,EMCI,31.7,20.3,0.0,https://indomet.gob.do/wp-content/uploads/2026/03/temperaturas-extremas-y-precipitaciones-2026x03x24-a.pdf
2026-03-24,078,SÁNCHEZ,SAMANÁ,MINISTERIO DE AGRICULTURA,EMCI,29.8,19.9,0.0,https://indomet.gob.do/wp-content/uploads/2026/03/temperaturas-extremas-y-precipitaciones-2026x03x24-a.pdf
2026-03-24,079,SANTIAGO RODRÍGUEZ,SANTIAGO RODRÍGUEZ,INDOMET,EMCI,33.0,19.5,0.0,https://indomet.gob.do/wp-content/uploads/2026/03/temperaturas-extremas-y-precipitaciones-2026x03x24-a.pdf
2026-03-24,080,SANTO DOMINGO ESTE,SANTO DOMINGO,INDOMET,EMCI,31.5,22.2,0.0,https://indomet.gob.do/wp-content/uploads/2026/03/temperaturas-extremas-y-precipitaciones-2026x03x24-a.pdf
2026-03-24,081,TÁBARA ABAJO,AZUA,INDRHI,EMCI,31.5,20.0,0.0,https://indomet.gob.do/wp-content/uploads/2026/03/temperaturas-extremas-y-precipitaciones-2026x03x24-a.pdf
2026-03-24,082,TAMBORIL,SANTIAGO,MINISTERIO DE AGRICULTURA,EMCV,28.0,19.0,0.0,https://indomet.gob.do/wp-content/uploads/2026/03/temperaturas-extremas-y-precipitaciones-2026x03x24-a.pdf
2026-03-24,083,VILLA ALTAGRACIA,SAN CRISTÓBAL,ESCUELA JAVIER ANGULO GURIDI,EMCI,,,0.0,https://indomet.gob.do/wp-content/uploads/2026/03/temperaturas-extremas-y-precipitaciones-2026x03x24-a.pdf
2026-03-24,084,VILLA GONZALE (EMA),SANTIAGO,IGLESIA,EMAI,,,0.0,https://indomet.gob.do/wp-content/uploads/2026/03/temperaturas-extremas-y-precipitaciones-2026x03x24-a.pdf
2026-03-24,085,VILLA GONZALES,SANTIAGO,MINISTERIO DE AGRICULTURA,EMCI,,,0.0,https://indomet.gob.do/wp-content/uploads/2026/03/temperaturas-extremas-y-precipitaciones-2026x03x24-a.pdf
2026-03-24,086,VILLA ISABELA,PUERTO PLATA,MINISTERIO DE AGRICULTURA,EMCV,28.5,18.2,0.0,https://indomet.gob.do/wp-content/uploads/2026/03/temperaturas-extremas-y-precipitaciones-2026x03x24-a.pdf
2026-03-24,087,VILLA RIVA,DUARTE,HOSP. MPAL. ALICIA DE LEGENDRE,EMCI,31.0,20.0,0.0,https://indomet.gob.do/wp-content/uploads/2026/03/temperaturas-extremas-y-precipitaciones-2026x03x24-a.pdf
2026-03-24,088,VILLA VASQUEZ (EMA),MONTE CRISTI,JUNTA DE REGANTES,EMAI,,,0.0,https://indomet.gob.do/wp-content/uploads/2026/03/temperaturas-extremas-y-precipitaciones-2026x03x24-a.pdf
2026-03-25,001,ARPT. DE LA ROMANA,LA ROMANA,INDOMET,EMCI,28.9,19.4,68.8,https://indomet.gob.do/wp-content/uploads/2026/03/Temperaturas-extremas-y-precipitaciones-25-de-Marzo-2026.pdf
2026-03-25,002,SAMANÁ,SAMANÁ,COMANDANCIA DE PUERTO DE SAMANÁ,EMCI,30.0,16.9,68.8,https://indomet.gob.do/wp-content/uploads/2026/03/Temperaturas-extremas-y-precipitaciones-25-de-Marzo-2026.pdf
2026-03-25,003,CABRERA,MARÍA TRINIDAD SÁNCHEZ,ESCUELA ARÍSTIDES FIALLO CABRAL,EMCI,31.6,21.6,35.0,https://indomet.gob.do/wp-content/uploads/2026/03/Temperaturas-extremas-y-precipitaciones-25-de-Marzo-2026.pdf
2026-03-25,004,POLO,BARAHONA,INDOCAFE,EMCI,,18.0,31.0,https://indomet.gob.do/wp-content/uploads/2026/03/Temperaturas-extremas-y-precipitaciones-25-de-Marzo-2026.pdf
2026-03-25,005,ARPT. GREGORIO LUPERÓN,PUERTO PLATA,INDOMET,EMCI,29.0,20.5,28.6,https://indomet.gob.do/wp-content/uploads/2026/03/Temperaturas-extremas-y-precipitaciones-25-de-Marzo-2026.pdf
2026-03-25,006,ARPT. ARROYO BARRIL,SAMANÁ,INDOMET,EMCI,30.5,19.5,22.0,https://indomet.gob.do/wp-content/uploads/2026/03/Temperaturas-extremas-y-precipitaciones-25-de-Marzo-2026.pdf
2026-03-25,007,MICHES (EMA),EL SEIBO,PRIVADA,EMAP,28.8,19.7,19.4,https://indomet.gob.do/wp-content/uploads/2026/03/Temperaturas-extremas-y-precipitaciones-25-de-Marzo-2026.pdf
2026-03-25,008,PALO ÍNDIO,PUERTO PLATA,MINISTERIO DE AGRICULTURA,EMCI,,,18.0,https://indomet.gob.do/wp-content/uploads/2026/03/Temperaturas-extremas-y-precipitaciones-25-de-Marzo-2026.pdf
2026-03-25,009,LUPERÓN,PUERTO PLATA,MINISTERIO DE AGRICULTURA,EMCV,,,13.0,https://indomet.gob.do/wp-content/uploads/2026/03/Temperaturas-extremas-y-precipitaciones-25-de-Marzo-2026.pdf
2026-03-25,010,ANAMUYA (EMA),LA ALTAGRACIA,MINISTERIO DE AGRICULTURA,EMAP,29.2,22.2,9.4,https://indomet.gob.do/wp-content/uploads/2026/03/Temperaturas-extremas-y-precipitaciones-25-de-Marzo-2026.pdf
2026-03-25,011,JARABACOA (EMA),LA VEGA,PROGRAMA MUNDIAL DE ALIMENTO,EMAP,27.2,18.3,7.0,https://indomet.gob.do/wp-content/uploads/2026/03/Temperaturas-extremas-y-precipitaciones-25-de-Marzo-2026.pdf
2026-03-25,012,JARABACOA,LA VEGA,INDRHI / MARENA,EMCI,29.0,15.2,6.7,https://indomet.gob.do/wp-content/uploads/2026/03/Temperaturas-extremas-y-precipitaciones-25-de-Marzo-2026.pdf
2026-03-25,013,LOS JENGIBRES,NAGUA,INDRHI,EMCI,,,5.5,https://indomet.gob.do/wp-content/uploads/2026/03/Temperaturas-extremas-y-precipitaciones-25-de-Marzo-2026.pdf
2026-03-25,014,BOHECHÍO,SAN JUAN,MINISTERIO DE AGRICULTURA,EMCV,,,4.6,https://indomet.gob.do/wp-content/uploads/2026/03/Temperaturas-extremas-y-precipitaciones-25-de-Marzo-2026.pdf
2026-03-25,015,ARPT. DE PUNTA CANA,LA ALTAGRACIA,INDOMET,EMCI,29.5,22.8,4.4,https://indomet.gob.do/wp-content/uploads/2026/03/Temperaturas-extremas-y-precipitaciones-25-de-Marzo-2026.pdf
2026-03-25,016,VILLA VASQUEZ (EMA),MONTE CRISTI,JUNTA DE REGANTES,EMAI,,,4.0,https://indomet.gob.do/wp-content/uploads/2026/03/Temperaturas-extremas-y-precipitaciones-25-de-Marzo-2026.pdf
2026-03-25,017,EL FACTOR (EMA),MARÍA TRINIDAD SÁNCHEZ,INTEC,EMAP,30.5,21.6,3.8,https://indomet.gob.do/wp-content/uploads/2026/03/Temperaturas-extremas-y-precipitaciones-25-de-Marzo-2026.pdf
2026-03-25,018,JIMANÍ,INDEPENDENCIA,MINISTERIO DE AGRICULTURA,EMCI,35.8,24.8,3.4,https://indomet.gob.do/wp-content/uploads/2026/03/Temperaturas-extremas-y-precipitaciones-25-de-Marzo-2026.pdf
2026-03-25,019,SAN RAFAEL DEL YUMA,LA ALTAGRACIA,MINISTERIO DE AGRICULTURA,EMCI,30.5,21.0,3.2,https://indomet.gob.do/wp-content/uploads/2026/03/Temperaturas-extremas-y-precipitaciones-25-de-Marzo-2026.pdf
2026-03-25,020,ENRIQUILLO,BARAHONA,MINISTERIO DE AGRICULTURA,EMCV,30.5,21.5,2.6,https://indomet.gob.do/wp-content/uploads/2026/03/Temperaturas-extremas-y-precipitaciones-25-de-Marzo-2026.pdf
2026-03-25,021,ARPT. DEL CIBAO,SANTIAGO,INDOMET,EMCI,30.5,19.5,1.2,https://indomet.gob.do/wp-content/uploads/2026/03/Temperaturas-extremas-y-precipitaciones-25-de-Marzo-2026.pdf
2026-03-25,022,ARPT. DE LAS AMÉRICAS,SANTO DOMINGO,INDOMET,EMCI,31.0,19.8,1.0,https://indomet.gob.do/wp-content/uploads/2026/03/Temperaturas-extremas-y-precipitaciones-25-de-Marzo-2026.pdf
2026-03-25,023,MONCIÓN (EMA),SANTIAGO RODRÍGUEZ,PROGRAMA MUNDIAL DE ALIMENTO,EMAP,29.3,17.9,1.0,https://indomet.gob.do/wp-content/uploads/2026/03/Temperaturas-extremas-y-precipitaciones-25-de-Marzo-2026.pdf
2026-03-25,024,ARPT. EL CATEY,SAMANÁ,INDOMET,EMCI,30.1,20.0,0.9,https://indomet.gob.do/wp-content/uploads/2026/03/Temperaturas-extremas-y-precipitaciones-25-de-Marzo-2026.pdf
2026-03-25,025,PADRE LAS CASAS,AZUA,HOSP. NTRA. SRA. DEL CARMEN,EMCI,32.5,18.5,0.8,https://indomet.gob.do/wp-content/uploads/2026/03/Temperaturas-extremas-y-precipitaciones-25-de-Marzo-2026.pdf
2026-03-25,026,BASE AÉREA DE SAN ISIDRO,SANTO DOMINGO,FUERZA AÉREA DOMINICANA,EMCV,31.6,22.1,0.8,https://indomet.gob.do/wp-content/uploads/2026/03/Temperaturas-extremas-y-precipitaciones-25-de-Marzo-2026.pdf
2026-03-25,027,HATO MAYOR,HATO MAYOR,MINISTERIO DE AGRICULTURA,EMCV,,,0.8,https://indomet.gob.do/wp-content/uploads/2026/03/Temperaturas-extremas-y-precipitaciones-25-de-Marzo-2026.pdf
2026-03-25,028,RÍO SAN JUAN,MARÍA TRINIDAD SÁNCHEZ,HOSP. MPAL. DR. DESIDERIO ACOSTA,EMCV,30.5,22.4,0.4,https://indomet.gob.do/wp-content/uploads/2026/03/Temperaturas-extremas-y-precipitaciones-25-de-Marzo-2026.pdf
2026-03-25,029,JUMA BEJUCAL,MONSEÑOR NOUEL,IDIAF,EMCV,28.6,22.8,0.2,https://indomet.gob.do/wp-content/uploads/2026/03/Temperaturas-extremas-y-precipitaciones-25-de-Marzo-2026.pdf
2026-03-25,030,PRESA DE TAVERAS (EMA),LA VEGA,PROGRAMA MUNDIAL DE ALIMENTO,EMAP,29.8,20.0,0.2,https://indomet.gob.do/wp-content/uploads/2026/03/Temperaturas-extremas-y-precipitaciones-25-de-Marzo-2026.pdf
2026-03-25,031,OVIEDO,PEDERNALES,CLÍNICA RURAL OVIEDO,EMCI,30.2,22.5,0.1,https://indomet.gob.do/wp-content/uploads/2026/03/Temperaturas-extremas-y-precipitaciones-25-de-Marzo-2026.pdf
2026-03-25,032,ALTAMIRA,PUERTO PLATA,HOSP. MPAL. DE ALTAMIRA,EMCI,29.9,18.1,0.0,https://indomet.gob.do/wp-content/uploads/2026/03/Temperaturas-extremas-y-precipitaciones-25-de-Marzo-2026.pdf
2026-03-25,033,ALTO BANDERA (EMA),LA VEGA,INTEC,EMAP,16.9,6.1,0.0,https://indomet.gob.do/wp-content/uploads/2026/03/Temperaturas-extremas-y-precipitaciones-25-de-Marzo-2026.pdf
2026-03-25,034,ARPT. LA ISABELA,SANTO DOMINGO,INDOMET,EMCI,32.5,22.1,0.0,https://indomet.gob.do/wp-content/uploads/2026/03/Temperaturas-extremas-y-precipitaciones-25-de-Marzo-2026.pdf
2026-03-25,035,ARPT. MARÍA MONTEZ,BARAHONA,INDOMET,EMCI,32.2,21.0,0.0,https://indomet.gob.do/wp-content/uploads/2026/03/Temperaturas-extremas-y-precipitaciones-25-de-Marzo-2026.pdf
2026-03-25,036,ARROYO LORO,SAN JUAN,IDIAF,EMCI,34.0,18.6,0.0,https://indomet.gob.do/wp-content/uploads/2026/03/Temperaturas-extremas-y-precipitaciones-25-de-Marzo-2026.pdf
2026-03-25,037,BANI (EMA),PERAVIA,MINISTERIO DE AGRICULTURA,EMAP,31.8,23.1,0.0,https://indomet.gob.do/wp-content/uploads/2026/03/Temperaturas-extremas-y-precipitaciones-25-de-Marzo-2026.pdf
2026-03-25,038,BAYAGUANA,MONTE PLATA,INDOMET,EMCI,31.2,19.0,0.0,https://indomet.gob.do/wp-content/uploads/2026/03/Temperaturas-extremas-y-precipitaciones-25-de-Marzo-2026.pdf
2026-03-25,039,BOCA DE MAO (EMA),VALVERDE,MINISTERIO DE AGRICULTURA,EMAP,,,0.0,https://indomet.gob.do/wp-content/uploads/2026/03/Temperaturas-extremas-y-precipitaciones-25-de-Marzo-2026.pdf
2026-03-25,040,BUCARA (EMA),SANTIAGO,MINISTERIO DE AGRICULTURA,EMAI,,,0.0,https://indomet.gob.do/wp-content/uploads/2026/03/Temperaturas-extremas-y-precipitaciones-25-de-Marzo-2026.pdf
2026-03-25,041,CABRAL,BARAHONA,MINISTERIO DE AGRICULTURA,EMCV,32.8,21.7,0.0,https://indomet.gob.do/wp-content/uploads/2026/03/Temperaturas-extremas-y-precipitaciones-25-de-Marzo-2026.pdf
2026-03-25,042,CENTRO DE LOS HEROES (EMA),DISTRITO NACIONAL,MINISTERIO DE ENERGIA Y MINA,EMAP,31.3,23.8,0.0,https://indomet.gob.do/wp-content/uploads/2026/03/Temperaturas-extremas-y-precipitaciones-25-de-Marzo-2026.pdf
2026-03-25,043,CONSTANZA,LA VEGA,MINISTERIO DE AGRICULTURA,EMCI,,12.0,0.0,https://indomet.gob.do/wp-content/uploads/2026/03/Temperaturas-extremas-y-precipitaciones-25-de-Marzo-2026.pdf
2026-03-25,044,CONSTANZA (EMA),LA VEGA,PROGRAMA MUNDIAL DE ALIMENTO,EMAP,23.6,13.7,0.0,https://indomet.gob.do/wp-content/uploads/2026/03/Temperaturas-extremas-y-precipitaciones-25-de-Marzo-2026.pdf
2026-03-25,045,DAJABÓN,DAJABÓN,INSTITUTO POLITÉCNICO LOYOLA,EMCI,34.4,20.6,0.0,https://indomet.gob.do/wp-content/uploads/2026/03/Temperaturas-extremas-y-precipitaciones-25-de-Marzo-2026.pdf
2026-03-25,046,EL MILLON (EMA),DISTRITO NACIONAL,PRIVADA,EMAP,,,0.0,https://indomet.gob.do/wp-content/uploads/2026/03/Temperaturas-extremas-y-precipitaciones-25-de-Marzo-2026.pdf
2026-03-25,047,ELÍAS PIÑA,ELÍAS PIÑA,MINISTERIO DE AGRICULTURA,EMCV,,,0.0,https://indomet.gob.do/wp-content/uploads/2026/03/Temperaturas-extremas-y-precipitaciones-25-de-Marzo-2026.pdf
2026-03-25,048,ENSANCHE LA FE (EMA),DISTRITO NACIONAL,PRIVADA,EMAP,,,0.0,https://indomet.gob.do/wp-content/uploads/2026/03/Temperaturas-extremas-y-precipitaciones-25-de-Marzo-2026.pdf
2026-03-25,049,ESCONDIDO,PERAVIA,MINISTERIO DE AGRICULTURA,EMCV,32.0,23.0,0.0,https://indomet.gob.do/wp-content/uploads/2026/03/Temperaturas-extremas-y-precipitaciones-25-de-Marzo-2026.pdf
2026-03-25,050,GASPAR HERNÁNDEZ,ESPAILLAT,PROPIEDAD DEL EMPLEADO,EMCI,,,0.0,https://indomet.gob.do/wp-content/uploads/2026/03/Temperaturas-extremas-y-precipitaciones-25-de-Marzo-2026.pdf
2026-03-25,051,GURABO,SANTIAGO,MINISTERIO DE AGRICULTURA,EMCV,,,0.0,https://indomet.gob.do/wp-content/uploads/2026/03/Temperaturas-extremas-y-precipitaciones-25-de-Marzo-2026.pdf
2026-03-25,052,HONDO VALLE,ELÍAS PIÑA,MINISTERIO DE AGRICULTURA,EMCI,25.3,15.5,0.0,https://indomet.gob.do/wp-content/uploads/2026/03/Temperaturas-extremas-y-precipitaciones-25-de-Marzo-2026.pdf
2026-03-25,053,JARDÍN BOTÁNICO NACIONAL,DISTRITO NACIONAL,JARDÍN BOTÁNICO NACIONAL,EMCV,32.0,18.5,0.0,https://indomet.gob.do/wp-content/uploads/2026/03/Temperaturas-extremas-y-precipitaciones-25-de-Marzo-2026.pdf
2026-03-25,054,JARDÍN BOTÁNICO SANTIAGO (EMSANTIAGO,,JARDIN BOTANICO SANTIAGO,EMAI,30.0,23.3,0.0,https://indomet.gob.do/wp-content/uploads/2026/03/Temperaturas-extremas-y-precipitaciones-25-de-Marzo-2026.pdf
2026-03-25,055,LA AGUSTINA (EMA),DISTRITO NACIONAL,PRIVADA,EMAP,,,0.0,https://indomet.gob.do/wp-content/uploads/2026/03/Temperaturas-extremas-y-precipitaciones-25-de-Marzo-2026.pdf
2026-03-25,056,LA VEGA,LA VEGA,IATESA,EMCI,30.8,21.0,0.0,https://indomet.gob.do/wp-content/uploads/2026/03/Temperaturas-extremas-y-precipitaciones-25-de-Marzo-2026.pdf
2026-03-25,057,LA VICTORIA,SANTO DOMINGO,CUERPO DE BOMBEROS,EMCI,32.5,21.0,0.0,https://indomet.gob.do/wp-content/uploads/2026/03/Temperaturas-extremas-y-precipitaciones-25-de-Marzo-2026.pdf
2026-03-25,058,LAS CANAS (EMA),MONTE CRISTI,PROGRAMA MUNDIAL DE ALIMENTO,EMAP,25.5,19.5,0.0,https://indomet.gob.do/wp-content/uploads/2026/03/Temperaturas-extremas-y-precipitaciones-25-de-Marzo-2026.pdf
2026-03-25,059,LOS CACICAZGOS (EMA),DISTRITO NACIONAL,PRIVADA,EMAP,,,0.0,https://indomet.gob.do/wp-content/uploads/2026/03/Temperaturas-extremas-y-precipitaciones-25-de-Marzo-2026.pdf
2026-03-25,060,LOS JARDINES (EMA),DISTRITO NACIONAL,PRIVADA,EMAP,,,0.0,https://indomet.gob.do/wp-content/uploads/2026/03/Temperaturas-extremas-y-precipitaciones-25-de-Marzo-2026.pdf
2026-03-25,061,LOS LLANOS,SAN PEDRO DE MACORÍS,MINISTERIO DE AGRICULTURA,EMCI,30.9,20.5,0.0,https://indomet.gob.do/wp-content/uploads/2026/03/Temperaturas-extremas-y-precipitaciones-25-de-Marzo-2026.pdf
2026-03-25,062,LOS PRADOS (EMA),DISTRITO NACIONAL,PRIVADA,EMAP,,,0.0,https://indomet.gob.do/wp-content/uploads/2026/03/Temperaturas-extremas-y-precipitaciones-25-de-Marzo-2026.pdf
2026-03-25,063,LOS TRES CHARCOS (EMA),PEDERNALES,PROPIEDAD DEL VOLUNTARIO,EMAP,,,0.0,https://indomet.gob.do/wp-content/uploads/2026/03/Temperaturas-extremas-y-precipitaciones-25-de-Marzo-2026.pdf
2026-03-25,064,MAO,VALVERDE,INDRHI / MINISTERIO DE AGRICULTURA,EMCV,,,0.0,https://indomet.gob.do/wp-content/uploads/2026/03/Temperaturas-extremas-y-precipitaciones-25-de-Marzo-2026.pdf
2026-03-25,065,MONTE CRISTI,MONTE CRISTI,INDOMET,EMCI,30.2,21.3,0.0,https://indomet.gob.do/wp-content/uploads/2026/03/Temperaturas-extremas-y-precipitaciones-25-de-Marzo-2026.pdf
2026-03-25,066,OLIVARES,PEDERNALES,INDRHI,EMCI,,,0.0,https://indomet.gob.do/wp-content/uploads/2026/03/Temperaturas-extremas-y-precipitaciones-25-de-Marzo-2026.pdf
2026-03-25,067,PASO AL MEDIO,SAN PEDRO DE MACORÍS,INDRHI,EMCI,,,0.0,https://indomet.gob.do/wp-content/uploads/2026/03/Temperaturas-extremas-y-precipitaciones-25-de-Marzo-2026.pdf
2026-03-25,068,PEDERNALES,PEDERNALES,INDRHI,EMCI,,,0.0,https://indomet.gob.do/wp-content/uploads/2026/03/Temperaturas-extremas-y-precipitaciones-25-de-Marzo-2026.pdf
2026-03-25,069,PERALTA,AZUA,HOSP. MPAL. DE PERALTA,EMCI,30.9,16.0,0.0,https://indomet.gob.do/wp-content/uploads/2026/03/Temperaturas-extremas-y-precipitaciones-25-de-Marzo-2026.pdf
2026-03-25,070,PESCADERIA (EMA),BARAHONA,MINISTERIO DE AGRICULTURA,EMAP,,,0.0,https://indomet.gob.do/wp-content/uploads/2026/03/Temperaturas-extremas-y-precipitaciones-25-de-Marzo-2026.pdf
2026-03-25,071,PONTÓN ABAJO (EMA),LA VEGA,MINISTERIO DE AGRICULTURA,EMAP,32.2,21.9,0.0,https://indomet.gob.do/wp-content/uploads/2026/03/Temperaturas-extremas-y-precipitaciones-25-de-Marzo-2026.pdf
2026-03-25,072,PROLONGACION 27 DE FEBRERO,DISTRITO NACIONAL,PRIVADA,EMAP,,,0.0,https://indomet.gob.do/wp-content/uploads/2026/03/Temperaturas-extremas-y-precipitaciones-25-de-Marzo-2026.pdf
2026-03-25,073,RANCHO ARRIBA,SAN JOSÉ DE OCOA,CENTRO TECNOLÓGICO COMUNITARIO,EMCI,27.8,16.4,0.0,https://indomet.gob.do/wp-content/uploads/2026/03/Temperaturas-extremas-y-precipitaciones-25-de-Marzo-2026.pdf
2026-03-25,074,RESTAURACIÓN,DAJABÓN,MINISTERIO DE AGRICULTURA,EMCI,28.2,14.7,0.0,https://indomet.gob.do/wp-content/uploads/2026/03/Temperaturas-extremas-y-precipitaciones-25-de-Marzo-2026.pdf
2026-03-25,075,SABANA DE LA MAR,HATO MAYOR,INDOMET,EMCI,29.8,20.6,0.0,https://indomet.gob.do/wp-content/uploads/2026/03/Temperaturas-extremas-y-precipitaciones-25-de-Marzo-2026.pdf
2026-03-25,076,SABANA GRANDE DE BOYÁ,MONTE PLATA,MINISTERIO DE AGRICULTURA,EMCV,,,0.0,https://indomet.gob.do/wp-content/uploads/2026/03/Temperaturas-extremas-y-precipitaciones-25-de-Marzo-2026.pdf
2026-03-25,077,SABANETA (EMA),SANTIAGO RODRÍGUEZ,PROGRAMA MUNDIAL DE ALIMENTO,EMAP,32.3,18.9,0.0,https://indomet.gob.do/wp-content/uploads/2026/03/Temperaturas-extremas-y-precipitaciones-25-de-Marzo-2026.pdf
2026-03-25,078,SAJOMA (EMA),SANTIAGO,PLAN SIERRA,EMAI,,,0.0,https://indomet.gob.do/wp-content/uploads/2026/03/Temperaturas-extremas-y-precipitaciones-25-de-Marzo-2026.pdf
2026-03-25,079,SALCEDO,HERMANAS MIRABAL,PROPIEDAD DEL EMPLEADO,EMCI,,,0.0,https://indomet.gob.do/wp-content/uploads/2026/03/Temperaturas-extremas-y-precipitaciones-25-de-Marzo-2026.pdf
2026-03-25,080,SAN CRISTÓBAL,SAN CRISTÓBAL,INSTITUTO POLITÉCNICO LOYOLA,EMCI,32.2,22.2,0.0,https://indomet.gob.do/wp-content/uploads/2026/03/Temperaturas-extremas-y-precipitaciones-25-de-Marzo-2026.pdf
2026-03-25,081,SAN FRANCISCO DE MACORÍS,DUARTE,San Francisco de Macorís (UASD),EMCI,30.3,20.5,0.0,https://indomet.gob.do/wp-content/uploads/2026/03/Temperaturas-extremas-y-precipitaciones-25-de-Marzo-2026.pdf
2026-03-25,082,SAN JOSÉ DE OCOA,SAN JOSÉ DE OCOA,HOSP. SAN JOSÉ DE OCOA,EMCI,30.8,18.7,0.0,https://indomet.gob.do/wp-content/uploads/2026/03/Temperaturas-extremas-y-precipitaciones-25-de-Marzo-2026.pdf
2026-03-25,083,SÁNCHEZ,SAMANÁ,MINISTERIO DE AGRICULTURA,EMCI,29.4,20.1,0.0,https://indomet.gob.do/wp-content/uploads/2026/03/Temperaturas-extremas-y-precipitaciones-25-de-Marzo-2026.pdf
2026-03-25,084,SANTIAGO RODRÍGUEZ,SANTIAGO RODRÍGUEZ,INDOMET,EMCI,32.8,19.4,0.0,https://indomet.gob.do/wp-content/uploads/2026/03/Temperaturas-extremas-y-precipitaciones-25-de-Marzo-2026.pdf
2026-03-25,085,SANTO DOMINGO ESTE,SANTO DOMINGO,INDOMET,EMCI,31.0,19.8,0.0,https://indomet.gob.do/wp-content/uploads/2026/03/Temperaturas-extremas-y-precipitaciones-25-de-Marzo-2026.pdf
2026-03-25,086,TÁBARA ABAJO,AZUA,INDRHI,EMCI,30.7,19.0,0.0,https://indomet.gob.do/wp-content/uploads/2026/03/Temperaturas-extremas-y-precipitaciones-25-de-Marzo-2026.pdf
2026-03-25,087,TAMBORIL,SANTIAGO,MINISTERIO DE AGRICULTURA,EMCV,27.0,18.0,0.0,https://indomet.gob.do/wp-content/uploads/2026/03/Temperaturas-extremas-y-precipitaciones-25-de-Marzo-2026.pdf
2026-03-25,088,TAVERA,SANTIAGO,INDRHI,EMCI,,,0.0,https://indomet.gob.do/wp-content/uploads/2026/03/Temperaturas-extremas-y-precipitaciones-25-de-Marzo-2026.pdf
2026-03-25,089,VILLA ALTAGRACIA,SAN CRISTÓBAL,ESCUELA JAVIER ANGULO GURIDI,EMCI,,,0.0,https://indomet.gob.do/wp-content/uploads/2026/03/Temperaturas-extremas-y-precipitaciones-25-de-Marzo-2026.pdf
2026-03-25,090,VILLA GONZALES,SANTIAGO,MINISTERIO DE AGRICULTURA,EMCI,,,0.0,https://indomet.gob.do/wp-content/uploads/2026/03/Temperaturas-extremas-y-precipitaciones-25-de-Marzo-2026.pdf
2026-03-25,091,VILLA ISABELA,PUERTO PLATA,MINISTERIO DE AGRICULTURA,EMCV,29.8,18.8,0.0,https://indomet.gob.do/wp-content/uploads/2026/03/Temperaturas-extremas-y-precipitaciones-25-de-Marzo-2026.pdf
2026-03-25,092,VILLA RIVA,DUARTE,HOSP. MPAL. ALICIA DE LEGENDRE,EMCI,30.5,20.6,0.0,https://indomet.gob.do/wp-content/uploads/2026/03/Temperaturas-extremas-y-precipitaciones-25-de-Marzo-2026.pdf
2026-03-26,001,LA VICTORIA,SANTO DOMINGO,CUERPO DE BOMBEROS,EMCI,33.0,21.0,71.0,https://indomet.gob.do/wp-content/uploads/2026/03/temperaturas-extremas-y-precipitaciones-2026x03x26-a.pdf
2026-03-26,002,HATO MAYOR,HATO MAYOR,MINISTERIO DE AGRICULTURA,EMCV,,,61.2,https://indomet.gob.do/wp-content/uploads/2026/03/temperaturas-extremas-y-precipitaciones-2026x03x26-a.pdf
2026-03-26,003,JARDÍN BOTÁNICO NACIONAL,DISTRITO NACIONAL,JARDÍN BOTÁNICO NACIONAL,EMCV,31.2,18.1,57.8,https://indomet.gob.do/wp-content/uploads/2026/03/temperaturas-extremas-y-precipitaciones-2026x03x26-a.pdf
2026-03-26,004,SANTO DOMINGO ESTE,SANTO DOMINGO,INDOMET,EMCI,30.4,21.8,57.5,https://indomet.gob.do/wp-content/uploads/2026/03/temperaturas-extremas-y-precipitaciones-2026x03x26-a.pdf
2026-03-26,005,ARPT. DE PUNTA CANA,LA ALTAGRACIA,INDOMET,EMCI,29.2,21.8,48.8,https://indomet.gob.do/wp-content/uploads/2026/03/temperaturas-extremas-y-precipitaciones-2026x03x26-a.pdf
2026-03-26,006,SAMANÁ,SAMANÁ,COMANDANCIA DE PUERTO DE SAMANÁ,EMCI,30.5,17.0,44.0,https://indomet.gob.do/wp-content/uploads/2026/03/temperaturas-extremas-y-precipitaciones-2026x03x26-a.pdf
2026-03-26,007,EL CERCADO,SAN JUAN,MINISTERIO DE AGRICULTURA,EMCV,,,40.4,https://indomet.gob.do/wp-content/uploads/2026/03/temperaturas-extremas-y-precipitaciones-2026x03x26-a.pdf
2026-03-26,008,BONAO,MONSEÑOR NOUEL,MINISTERIO DE AGRICULTURA,EMCV,,,38.1,https://indomet.gob.do/wp-content/uploads/2026/03/temperaturas-extremas-y-precipitaciones-2026x03x26-a.pdf
2026-03-26,009,LOS PRADOS (EMA),DISTRITO NACIONAL,PRIVADA,EMAP,,,37.6,https://indomet.gob.do/wp-content/uploads/2026/03/temperaturas-extremas-y-precipitaciones-2026x03x26-a.pdf
2026-03-26,010,CENTRO DE LOS HEROES (EMA),DISTRITO NACIONAL,MINISTERIO DE ENERGIA Y MINA,EMAP,30.3,23.1,37.2,https://indomet.gob.do/wp-content/uploads/2026/03/temperaturas-extremas-y-precipitaciones-2026x03x26-a.pdf
2026-03-26,011,PROLONGACION 27 DE FEBRERO,DISTRITO NACIONAL,PRIVADA,EMAP,,,35.8,https://indomet.gob.do/wp-content/uploads/2026/03/temperaturas-extremas-y-precipitaciones-2026x03x26-a.pdf
2026-03-26,012,ENSANCHE LA FE (EMA),DISTRITO NACIONAL,PRIVADA,EMAP,,,35.3,https://indomet.gob.do/wp-content/uploads/2026/03/temperaturas-extremas-y-precipitaciones-2026x03x26-a.pdf
2026-03-26,013,LA AGUSTINA (EMA),DISTRITO NACIONAL,PRIVADA,EMAP,,,35.3,https://indomet.gob.do/wp-content/uploads/2026/03/temperaturas-extremas-y-precipitaciones-2026x03x26-a.pdf
2026-03-26,014,ARPT. DE LAS AMÉRICAS,SANTO DOMINGO,INDOMET,EMCI,30.0,19.0,35.0,https://indomet.gob.do/wp-content/uploads/2026/03/temperaturas-extremas-y-precipitaciones-2026x03x26-a.pdf
2026-03-26,015,ARPT. DE LA ROMANA,LA ROMANA,INDOMET,EMCI,28.2,19.0,34.4,https://indomet.gob.do/wp-content/uploads/2026/03/temperaturas-extremas-y-precipitaciones-2026x03x26-a.pdf
2026-03-26,016,PARQUE MIRADOR NORTE,SANTO DOMINGO,AYUNTAMIENTO,EMCV,,,34.0,https://indomet.gob.do/wp-content/uploads/2026/03/temperaturas-extremas-y-precipitaciones-2026x03x26-a.pdf
2026-03-26,017,LOS CACICAZGOS (EMA),DISTRITO NACIONAL,PRIVADA,EMAP,,,31.0,https://indomet.gob.do/wp-content/uploads/2026/03/temperaturas-extremas-y-precipitaciones-2026x03x26-a.pdf
2026-03-26,018,SABANA DE LA MAR,HATO MAYOR,INDOMET,EMCI,29.6,20.4,29.0,https://indomet.gob.do/wp-content/uploads/2026/03/temperaturas-extremas-y-precipitaciones-2026x03x26-a.pdf
2026-03-26,019,SAN JOSÉ DE OCOA,SAN JOSÉ DE OCOA,HOSP. SAN JOSÉ DE OCOA,EMCI,30.2,17.1,27.0,https://indomet.gob.do/wp-content/uploads/2026/03/temperaturas-extremas-y-precipitaciones-2026x03x26-a.pdf
2026-03-26,020,BELLA VISTA (EMA),DISTRITO NACIONAL,PRIVADA,EMAP,,,23.9,https://indomet.gob.do/wp-content/uploads/2026/03/temperaturas-extremas-y-precipitaciones-2026x03x26-a.pdf
2026-03-26,021,ARPT. LA ISABELA,SANTO DOMINGO,INDOMET,EMCI,32.0,20.2,22.8,https://indomet.gob.do/wp-content/uploads/2026/03/temperaturas-extremas-y-precipitaciones-2026x03x26-a.pdf
2026-03-26,022,LOS JARDINES (EMA),DISTRITO NACIONAL,PRIVADA,EMAP,,,22.4,https://indomet.gob.do/wp-content/uploads/2026/03/temperaturas-extremas-y-precipitaciones-2026x03x26-a.pdf
2026-03-26,023,SÁNCHEZ,SAMANÁ,MINISTERIO DE AGRICULTURA,EMCI,30.9,19.4,20.6,https://indomet.gob.do/wp-content/uploads/2026/03/temperaturas-extremas-y-precipitaciones-2026x03x26-a.pdf
2026-03-26,024,PASO AL MEDIO,SAN PEDRO DE MACORÍS,INDRHI,EMCI,,,19.4,https://indomet.gob.do/wp-content/uploads/2026/03/temperaturas-extremas-y-precipitaciones-2026x03x26-a.pdf
2026-03-26,025,ARPT. EL CATEY,SAMANÁ,INDOMET,EMCI,28.8,20.4,18.7,https://indomet.gob.do/wp-content/uploads/2026/03/temperaturas-extremas-y-precipitaciones-2026x03x26-a.pdf
2026-03-26,026,SABANA GRANDE DE BOYÁ,MONTE PLATA,MINISTERIO DE AGRICULTURA,EMCV,,,17.3,https://indomet.gob.do/wp-content/uploads/2026/03/temperaturas-extremas-y-precipitaciones-2026x03x26-a.pdf
2026-03-26,027,OLIVARES,PEDERNALES,INDRHI,EMCI,,,16.4,https://indomet.gob.do/wp-content/uploads/2026/03/temperaturas-extremas-y-precipitaciones-2026x03x26-a.pdf
2026-03-26,028,CABRERA,MARÍA TRINIDAD SÁNCHEZ,ESCUELA ARÍSTIDES FIALLO CABRAL,EMCI,30.0,21.6,16.2,https://indomet.gob.do/wp-content/uploads/2026/03/temperaturas-extremas-y-precipitaciones-2026x03x26-a.pdf
2026-03-26,029,BASE AÉREA DE SAN ISIDRO,SANTO DOMINGO,FUERZA AÉREA DOMINICANA,EMCV,30.5,22.0,15.1,https://indomet.gob.do/wp-content/uploads/2026/03/temperaturas-extremas-y-precipitaciones-2026x03x26-a.pdf
2026-03-26,030,VALLE NUEVO (EMA),LA VEGA,MARENA,EMAI,17.0,3.9,14.8,https://indomet.gob.do/wp-content/uploads/2026/03/temperaturas-extremas-y-precipitaciones-2026x03x26-a.pdf
2026-03-26,031,RANCHO ARRIBA,SAN JOSÉ DE OCOA,CENTRO TECNOLÓGICO COMUNITARIO,EMCI,29.1,15.5,14.7,https://indomet.gob.do/wp-content/uploads/2026/03/temperaturas-extremas-y-precipitaciones-2026x03x26-a.pdf
2026-03-26,032,ELÍAS PIÑA,ELÍAS PIÑA,MINISTERIO DE AGRICULTURA,EMCV,,,14.1,https://indomet.gob.do/wp-content/uploads/2026/03/temperaturas-extremas-y-precipitaciones-2026x03x26-a.pdf
2026-03-26,033,ALTO BANDERA (EMA),LA VEGA,INTEC,EMAP,14.3,4.3,14.0,https://indomet.gob.do/wp-content/uploads/2026/03/temperaturas-extremas-y-precipitaciones-2026x03x26-a.pdf
2026-03-26,034,ARPT. ARROYO BARRIL,SAMANÁ,INDOMET,EMCI,30.3,21.2,13.2,https://indomet.gob.do/wp-content/uploads/2026/03/temperaturas-extremas-y-precipitaciones-2026x03x26-a.pdf
2026-03-26,035,HONDO VALLE,ELÍAS PIÑA,MINISTERIO DE AGRICULTURA,EMCI,25.0,15.1,12.7,https://indomet.gob.do/wp-content/uploads/2026/03/temperaturas-extremas-y-precipitaciones-2026x03x26-a.pdf
2026-03-26,036,SABANETA (EMA),SANTIAGO RODRÍGUEZ,PROGRAMA MUNDIAL DE ALIMENTO,EMAP,33.5,18.8,12.4,https://indomet.gob.do/wp-content/uploads/2026/03/temperaturas-extremas-y-precipitaciones-2026x03x26-a.pdf
2026-03-26,037,SALCEDO,HERMANAS MIRABAL,PROPIEDAD DEL EMPLEADO,EMCI,,,12.3,https://indomet.gob.do/wp-content/uploads/2026/03/temperaturas-extremas-y-precipitaciones-2026x03x26-a.pdf
2026-03-26,038,SANTIAGO RODRÍGUEZ,SANTIAGO RODRÍGUEZ,INDOMET,EMCI,34.0,19.2,11.8,https://indomet.gob.do/wp-content/uploads/2026/03/temperaturas-extremas-y-precipitaciones-2026x03x26-a.pdf
2026-03-26,039,ANAMUYA (EMA),LA ALTAGRACIA,MINISTERIO DE AGRICULTURA,EMAP,27.4,21.4,10.0,https://indomet.gob.do/wp-content/uploads/2026/03/temperaturas-extremas-y-precipitaciones-2026x03x26-a.pdf
2026-03-26,040,RÍO SAN JUAN,MARÍA TRINIDAD SÁNCHEZ,HOSP. MPAL. DR. DESIDERIO ACOSTA,EMCV,31.8,21.8,9.2,https://indomet.gob.do/wp-content/uploads/2026/03/temperaturas-extremas-y-precipitaciones-2026x03x26-a.pdf
2026-03-26,041,MICHES (EMA),EL SEIBO,PRIVADA,EMAP,28.2,20.1,8.6,https://indomet.gob.do/wp-content/uploads/2026/03/temperaturas-extremas-y-precipitaciones-2026x03x26-a.pdf
2026-03-26,042,VILLA RIVA,DUARTE,HOSP. MPAL. ALICIA DE LEGENDRE,EMCI,30.0,19.0,8.1,https://indomet.gob.do/wp-content/uploads/2026/03/temperaturas-extremas-y-precipitaciones-2026x03x26-a.pdf
2026-03-26,043,PARQUE MIRADOR SUR,DISTRITO NACIONAL,AYUNTAMIENTO,EMCV,32.0,22.0,8.0,https://indomet.gob.do/wp-content/uploads/2026/03/temperaturas-extremas-y-precipitaciones-2026x03x26-a.pdf
2026-03-26,044,SAN CRISTÓBAL,SAN CRISTÓBAL,INSTITUTO POLITÉCNICO LOYOLA,EMCI,32.0,20.0,7.6,https://indomet.gob.do/wp-content/uploads/2026/03/temperaturas-extremas-y-precipitaciones-2026x03x26-a.pdf
2026-03-26,045,PADRE LAS CASAS,AZUA,HOSP. NTRA. SRA. DEL CARMEN,EMCI,30.5,17.4,6.4,https://indomet.gob.do/wp-content/uploads/2026/03/temperaturas-extremas-y-precipitaciones-2026x03x26-a.pdf
2026-03-26,046,VILLA ALTAGRACIA,SAN CRISTÓBAL,ESCUELA JAVIER ANGULO GURIDI,EMCI,,,6.1,https://indomet.gob.do/wp-content/uploads/2026/03/temperaturas-extremas-y-precipitaciones-2026x03x26-a.pdf
2026-03-26,047,ENRIQUILLO,BARAHONA,MINISTERIO DE AGRICULTURA,EMCV,30.7,19.8,5.4,https://indomet.gob.do/wp-content/uploads/2026/03/temperaturas-extremas-y-precipitaciones-2026x03x26-a.pdf
2026-03-26,048,SAJOMA (EMA),SANTIAGO,PLAN SIERRA,EMAI,,,4.8,https://indomet.gob.do/wp-content/uploads/2026/03/temperaturas-extremas-y-precipitaciones-2026x03x26-a.pdf
2026-03-26,049,EL FACTOR (EMA),MARÍA TRINIDAD SÁNCHEZ,INTEC,EMAP,31.3,21.3,4.8,https://indomet.gob.do/wp-content/uploads/2026/03/temperaturas-extremas-y-precipitaciones-2026x03x26-a.pdf
2026-03-26,050,JIMANÍ,INDEPENDENCIA,MINISTERIO DE AGRICULTURA,EMCI,34.2,22.0,4.4,https://indomet.gob.do/wp-content/uploads/2026/03/temperaturas-extremas-y-precipitaciones-2026x03x26-a.pdf
2026-03-26,051,CONSTANZA,LA VEGA,MINISTERIO DE AGRICULTURA,EMCI,24.4,9.7,4.3,https://indomet.gob.do/wp-content/uploads/2026/03/temperaturas-extremas-y-precipitaciones-2026x03x26-a.pdf
2026-03-26,052,SAN RAFAEL DEL YUMA,LA ALTAGRACIA,MINISTERIO DE AGRICULTURA,EMCI,30.9,20.7,3.9,https://indomet.gob.do/wp-content/uploads/2026/03/temperaturas-extremas-y-precipitaciones-2026x03x26-a.pdf
2026-03-26,053,BAYAGUANA,MONTE PLATA,INDOMET,EMCI,32.0,19.8,3.7,https://indomet.gob.do/wp-content/uploads/2026/03/temperaturas-extremas-y-precipitaciones-2026x03x26-a.pdf
2026-03-26,054,RESTAURACIÓN,DAJABÓN,MINISTERIO DE AGRICULTURA,EMCI,29.3,14.1,3.7,https://indomet.gob.do/wp-content/uploads/2026/03/temperaturas-extremas-y-precipitaciones-2026x03x26-a.pdf
2026-03-26,055,PERALTA,AZUA,HOSP. MPAL. DE PERALTA,EMCI,29.9,16.7,3.6,https://indomet.gob.do/wp-content/uploads/2026/03/temperaturas-extremas-y-precipitaciones-2026x03x26-a.pdf
2026-03-26,056,JUMA BEJUCAL,MONSEÑOR NOUEL,IDIAF,EMCV,29.6,19.2,3.2,https://indomet.gob.do/wp-content/uploads/2026/03/temperaturas-extremas-y-precipitaciones-2026x03x26-a.pdf
2026-03-26,057,ARROYO LORO,SAN JUAN,IDIAF,EMCI,32.0,17.2,2.8,https://indomet.gob.do/wp-content/uploads/2026/03/temperaturas-extremas-y-precipitaciones-2026x03x26-a.pdf
2026-03-26,058,LOS LLANOS,SAN PEDRO DE MACORÍS,MINISTERIO DE AGRICULTURA,EMCI,31.5,21.3,2.8,https://indomet.gob.do/wp-content/uploads/2026/03/temperaturas-extremas-y-precipitaciones-2026x03x26-a.pdf
2026-03-26,059,TÁBARA ABAJO,AZUA,INDRHI,EMCI,32.0,19.1,2.2,https://indomet.gob.do/wp-content/uploads/2026/03/temperaturas-extremas-y-precipitaciones-2026x03x26-a.pdf
2026-03-26,060,ARPT. DEL CIBAO,SANTIAGO,INDOMET,EMCI,32.0,19.3,2.1,https://indomet.gob.do/wp-content/uploads/2026/03/temperaturas-extremas-y-precipitaciones-2026x03x26-a.pdf
2026-03-26,061,LA VEGA,LA VEGA,IATESA,EMCI,32.0,19.5,1.9,https://indomet.gob.do/wp-content/uploads/2026/03/temperaturas-extremas-y-precipitaciones-2026x03x26-a.pdf
2026-03-26,062,BANI (EMA),PERAVIA,MINISTERIO DE AGRICULTURA,EMAP,31.6,22.0,1.8,https://indomet.gob.do/wp-content/uploads/2026/03/temperaturas-extremas-y-precipitaciones-2026x03x26-a.pdf
2026-03-26,063,JARABACOA,LA VEGA,INDRHI / MARENA,EMCI,28.4,14.0,1.8,https://indomet.gob.do/wp-content/uploads/2026/03/temperaturas-extremas-y-precipitaciones-2026x03x26-a.pdf
2026-03-26,064,PONTÓN ABAJO (EMA),LA VEGA,MINISTERIO DE AGRICULTURA,EMAP,32.7,19.8,1.6,https://indomet.gob.do/wp-content/uploads/2026/03/temperaturas-extremas-y-precipitaciones-2026x03x26-a.pdf
2026-03-26,065,PEDERNALES,PEDERNALES,INDRHI,EMCI,,,1.2,https://indomet.gob.do/wp-content/uploads/2026/03/temperaturas-extremas-y-precipitaciones-2026x03x26-a.pdf
2026-03-26,066,MONCIÓN (EMA),SANTIAGO RODRÍGUEZ,PROGRAMA MUNDIAL DE ALIMENTO,EMAP,30.8,16.8,0.6,https://indomet.gob.do/wp-content/uploads/2026/03/temperaturas-extremas-y-precipitaciones-2026x03x26-a.pdf
2026-03-26,067,PRESA DE TAVERAS (EMA),LA VEGA,PROGRAMA MUNDIAL DE ALIMENTO,EMAP,31.3,17.9,0.6,https://indomet.gob.do/wp-content/uploads/2026/03/temperaturas-extremas-y-precipitaciones-2026x03x26-a.pdf
2026-03-26,068,OVIEDO,PEDERNALES,CLÍNICA RURAL OVIEDO,EMCI,30.5,19.5,0.4,https://indomet.gob.do/wp-content/uploads/2026/03/temperaturas-extremas-y-precipitaciones-2026x03x26-a.pdf
2026-03-26,069,SAN FRANCISCO DE MACORÍS,DUARTE,San Francisco de Macorís (UASD),EMCI,31.2,20.7,0.4,https://indomet.gob.do/wp-content/uploads/2026/03/temperaturas-extremas-y-precipitaciones-2026x03x26-a.pdf
2026-03-26,070,POLO,BARAHONA,INDOCAFE,EMCI,,15.5,0.2,https://indomet.gob.do/wp-content/uploads/2026/03/temperaturas-extremas-y-precipitaciones-2026x03x26-a.pdf
2026-03-26,071,JARDÍN BOTÁNICO SANTIAGO (EMSANTIAGO,,JARDIN BOTANICO SANTIAGO,EMAI,34.1,19.6,0.0,https://indomet.gob.do/wp-content/uploads/2026/03/temperaturas-extremas-y-precipitaciones-2026x03x26-a.pdf
2026-03-26,072,BOCA DE MAO (EMA),VALVERDE,MINISTERIO DE AGRICULTURA,EMAP,34.1,19.6,0.0,https://indomet.gob.do/wp-content/uploads/2026/03/temperaturas-extremas-y-precipitaciones-2026x03x26-a.pdf
2026-03-26,073,ALTAMIRA,PUERTO PLATA,HOSP. MPAL. DE ALTAMIRA,EMCI,30.3,18.6,0.0,https://indomet.gob.do/wp-content/uploads/2026/03/temperaturas-extremas-y-precipitaciones-2026x03x26-a.pdf
2026-03-26,074,ARPT. GREGORIO LUPERÓN,PUERTO PLATA,INDOMET,EMCI,29.4,20.5,0.0,https://indomet.gob.do/wp-content/uploads/2026/03/temperaturas-extremas-y-precipitaciones-2026x03x26-a.pdf
2026-03-26,075,ARPT. MARÍA MONTEZ,BARAHONA,INDOMET,EMCI,31.2,21.3,0.0,https://indomet.gob.do/wp-content/uploads/2026/03/temperaturas-extremas-y-precipitaciones-2026x03x26-a.pdf
2026-03-26,076,DAJABÓN,DAJABÓN,INSTITUTO POLITÉCNICO LOYOLA,EMCI,35.1,19.8,0.0,https://indomet.gob.do/wp-content/uploads/2026/03/temperaturas-extremas-y-precipitaciones-2026x03x26-a.pdf
2026-03-26,077,GASPAR HERNÁNDEZ,ESPAILLAT,PROPIEDAD DEL EMPLEADO,EMCI,,,0.0,https://indomet.gob.do/wp-content/uploads/2026/03/temperaturas-extremas-y-precipitaciones-2026x03x26-a.pdf
2026-03-26,078,LOS JENGIBRES,NAGUA,INDRHI,EMCI,,,0.0,https://indomet.gob.do/wp-content/uploads/2026/03/temperaturas-extremas-y-precipitaciones-2026x03x26-a.pdf
2026-03-26,079,MONTE CRISTI,MONTE CRISTI,INDOMET,EMCI,31.5,21.0,0.0,https://indomet.gob.do/wp-content/uploads/2026/03/temperaturas-extremas-y-precipitaciones-2026x03x26-a.pdf
2026-03-26,080,PALO ÍNDIO,PUERTO PLATA,MINISTERIO DE AGRICULTURA,EMCI,,,0.0,https://indomet.gob.do/wp-content/uploads/2026/03/temperaturas-extremas-y-precipitaciones-2026x03x26-a.pdf
2026-03-26,081,TAVERA,SANTIAGO,INDRHI,EMCI,,,0.0,https://indomet.gob.do/wp-content/uploads/2026/03/temperaturas-extremas-y-precipitaciones-2026x03x26-a.pdf
2026-03-26,082,VILLA GONZALES,SANTIAGO,MINISTERIO DE AGRICULTURA,EMCI,,,0.0,https://indomet.gob.do/wp-content/uploads/2026/03/temperaturas-extremas-y-precipitaciones-2026x03x26-a.pdf
2026-03-26,083,CABRAL,BARAHONA,MINISTERIO DE AGRICULTURA,EMCV,32.4,21.4,0.0,https://indomet.gob.do/wp-content/uploads/2026/03/temperaturas-extremas-y-precipitaciones-2026x03x26-a.pdf
2026-03-26,084,GURABO,SANTIAGO,MINISTERIO DE AGRICULTURA,EMCV,,,0.0,https://indomet.gob.do/wp-content/uploads/2026/03/temperaturas-extremas-y-precipitaciones-2026x03x26-a.pdf
2026-03-26,085,MAO,VALVERDE,INDRHI / MINISTERIO DE AGRICULTURA,EMCV,,,0.0,https://indomet.gob.do/wp-content/uploads/2026/03/temperaturas-extremas-y-precipitaciones-2026x03x26-a.pdf
2026-03-26,086,NAVARRETE,SANTIAGO,MINISTERIO DE AGRICULTURA,EMCV,,,0.0,https://indomet.gob.do/wp-content/uploads/2026/03/temperaturas-extremas-y-precipitaciones-2026x03x26-a.pdf
2026-03-26,087,TAMBORIL,SANTIAGO,MINISTERIO DE AGRICULTURA,EMCV,,,0.0,https://indomet.gob.do/wp-content/uploads/2026/03/temperaturas-extremas-y-precipitaciones-2026x03x26-a.pdf
2026-03-26,088,VILLA ISABELA,PUERTO PLATA,MINISTERIO DE AGRICULTURA,EMCV,30.0,18.8,0.0,https://indomet.gob.do/wp-content/uploads/2026/03/temperaturas-extremas-y-precipitaciones-2026x03x26-a.pdf
2026-03-27,001,BUCARA (EMA),SANTIAGO,MINISTERIO DE AGRICULTURA,EMAI,,,52.6,https://indomet.gob.do/wp-content/uploads/2026/03/Temperaturas-extremas-y-precipitaciones-27-de-Marzo-2026.pdf
2026-03-27,002,LOS LLANOS,SAN PEDRO DE MACORÍS,MINISTERIO DE AGRICULTURA,EMCI,30.5,20.2,33.6,https://indomet.gob.do/wp-content/uploads/2026/03/Temperaturas-extremas-y-precipitaciones-27-de-Marzo-2026.pdf
2026-03-27,003,HATO MAYOR,HATO MAYOR,MINISTERIO DE AGRICULTURA,EMCV,,,33.3,https://indomet.gob.do/wp-content/uploads/2026/03/Temperaturas-extremas-y-precipitaciones-27-de-Marzo-2026.pdf
2026-03-27,004,CABRAL,BARAHONA,MINISTERIO DE AGRICULTURA,EMCV,32.5,20.6,28.0,https://indomet.gob.do/wp-content/uploads/2026/03/Temperaturas-extremas-y-precipitaciones-27-de-Marzo-2026.pdf
2026-03-27,005,SAN JOSÉ DE OCOA,SAN JOSÉ DE OCOA,HOSP. SAN JOSÉ DE OCOA,EMCI,29.2,17.7,27.2,https://indomet.gob.do/wp-content/uploads/2026/03/Temperaturas-extremas-y-precipitaciones-27-de-Marzo-2026.pdf
2026-03-27,006,VILLA RIVA,DUARTE,HOSP. MPAL. ALICIA DE LEGENDRE,EMCI,28.0,18.5,26.4,https://indomet.gob.do/wp-content/uploads/2026/03/Temperaturas-extremas-y-precipitaciones-27-de-Marzo-2026.pdf
2026-03-27,007,ALTO BANDERA (EMA),LA VEGA,INTEC,EMAP,14.1,5.1,26.2,https://indomet.gob.do/wp-content/uploads/2026/03/Temperaturas-extremas-y-precipitaciones-27-de-Marzo-2026.pdf
2026-03-27,008,RANCHO ARRIBA,SAN JOSÉ DE OCOA,CENTRO TECNOLÓGICO COMUNITARIO,EMCI,28.0,16.6,23.7,https://indomet.gob.do/wp-content/uploads/2026/03/Temperaturas-extremas-y-precipitaciones-27-de-Marzo-2026.pdf
2026-03-27,009,SABANA GRANDE DE BOYÁ,MONTE PLATA,MINISTERIO DE AGRICULTURA,EMCV,,,21.6,https://indomet.gob.do/wp-content/uploads/2026/03/Temperaturas-extremas-y-precipitaciones-27-de-Marzo-2026.pdf
2026-03-27,010,JIMANÍ,INDEPENDENCIA,MINISTERIO DE AGRICULTURA,EMCI,33.6,21.8,21.0,https://indomet.gob.do/wp-content/uploads/2026/03/Temperaturas-extremas-y-precipitaciones-27-de-Marzo-2026.pdf
2026-03-27,011,SABANA DE LA MAR,HATO MAYOR,INDOMET,EMCI,29.4,21.4,21.0,https://indomet.gob.do/wp-content/uploads/2026/03/Temperaturas-extremas-y-precipitaciones-27-de-Marzo-2026.pdf
2026-03-27,012,SANTO DOMINGO ESTE,SANTO DOMINGO,INDOMET,EMCI,29.5,21.4,20.5,https://indomet.gob.do/wp-content/uploads/2026/03/Temperaturas-extremas-y-precipitaciones-27-de-Marzo-2026.pdf
2026-03-27,013,ARPT. DE LA ROMANA,LA ROMANA,INDOMET,EMCI,30.0,20.6,20.1,https://indomet.gob.do/wp-content/uploads/2026/03/Temperaturas-extremas-y-precipitaciones-27-de-Marzo-2026.pdf
2026-03-27,014,PARQUE MIRADOR NORTE,SANTO DOMINGO,AYUNTAMIENTO,EMCV,,,20.1,https://indomet.gob.do/wp-content/uploads/2026/03/Temperaturas-extremas-y-precipitaciones-27-de-Marzo-2026.pdf
2026-03-27,015,SALCEDO,HERMANAS MIRABAL,PROPIEDAD DEL EMPLEADO,EMCI,,,20.0,https://indomet.gob.do/wp-content/uploads/2026/03/Temperaturas-extremas-y-precipitaciones-27-de-Marzo-2026.pdf
2026-03-27,016,VALLE NUEVO (EMA),LA VEGA,MARENA,EMAI,16.0,7.9,19.8,https://indomet.gob.do/wp-content/uploads/2026/03/Temperaturas-extremas-y-precipitaciones-27-de-Marzo-2026.pdf
2026-03-27,017,EL SEIBO,EL SEIBO,MINISTERIO DE AGRICULTURA,EMCV,,,18.5,https://indomet.gob.do/wp-content/uploads/2026/03/Temperaturas-extremas-y-precipitaciones-27-de-Marzo-2026.pdf
2026-03-27,018,ARROYO LORO,SAN JUAN,IDIAF,EMCI,32.0,17.3,18.1,https://indomet.gob.do/wp-content/uploads/2026/03/Temperaturas-extremas-y-precipitaciones-27-de-Marzo-2026.pdf
2026-03-27,019,HONDO VALLE,ELÍAS PIÑA,MINISTERIO DE AGRICULTURA,EMCI,24.8,15.0,17.4,https://indomet.gob.do/wp-content/uploads/2026/03/Temperaturas-extremas-y-precipitaciones-27-de-Marzo-2026.pdf
2026-03-27,020,PERALTA,AZUA,HOSP. MPAL. DE PERALTA,EMCI,28.5,15.5,17.0,https://indomet.gob.do/wp-content/uploads/2026/03/Temperaturas-extremas-y-precipitaciones-27-de-Marzo-2026.pdf
2026-03-27,021,BOHECHÍO,SAN JUAN,MINISTERIO DE AGRICULTURA,EMCV,,,14.4,https://indomet.gob.do/wp-content/uploads/2026/03/Temperaturas-extremas-y-precipitaciones-27-de-Marzo-2026.pdf
2026-03-27,022,BONAO,MONSEÑOR NOUEL,MINISTERIO DE AGRICULTURA,EMCV,,,14.2,https://indomet.gob.do/wp-content/uploads/2026/03/Temperaturas-extremas-y-precipitaciones-27-de-Marzo-2026.pdf
2026-03-27,023,PADRE LAS CASAS,AZUA,HOSP. NTRA. SRA. DEL CARMEN,EMCI,30.4,17.5,14.2,https://indomet.gob.do/wp-content/uploads/2026/03/Temperaturas-extremas-y-precipitaciones-27-de-Marzo-2026.pdf
2026-03-27,024,POLO,BARAHONA,INDOCAFE,EMCI,,16.0,13.4,https://indomet.gob.do/wp-content/uploads/2026/03/Temperaturas-extremas-y-precipitaciones-27-de-Marzo-2026.pdf
2026-03-27,025,BASE AÉREA DE SAN ISIDRO,SANTO DOMINGO,FUERZA AÉREA DOMINICANA,EMCV,29.1,23.0,13.3,https://indomet.gob.do/wp-content/uploads/2026/03/Temperaturas-extremas-y-precipitaciones-27-de-Marzo-2026.pdf
2026-03-27,026,ARPT. GREGORIO LUPERÓN,PUERTO PLATA,INDOMET,EMCI,29.5,21.8,12.4,https://indomet.gob.do/wp-content/uploads/2026/03/Temperaturas-extremas-y-precipitaciones-27-de-Marzo-2026.pdf
2026-03-27,027,VILLA ALTAGRACIA,SAN CRISTÓBAL,ESCUELA JAVIER ANGULO GURIDI,EMCI,,,12.4,https://indomet.gob.do/wp-content/uploads/2026/03/Temperaturas-extremas-y-precipitaciones-27-de-Marzo-2026.pdf
2026-03-27,028,CONSTANZA,LA VEGA,MINISTERIO DE AGRICULTURA,EMCI,26.5,12.2,12.2,https://indomet.gob.do/wp-content/uploads/2026/03/Temperaturas-extremas-y-precipitaciones-27-de-Marzo-2026.pdf
2026-03-27,029,ARPT. MARÍA MONTEZ,BARAHONA,INDOMET,EMCI,31.4,20.4,12.0,https://indomet.gob.do/wp-content/uploads/2026/03/Temperaturas-extremas-y-precipitaciones-27-de-Marzo-2026.pdf
2026-03-27,030,CENTRO DE LOS HEROES (EMA),DISTRITO NACIONAL,MINISTERIO DE ENERGIA Y MINA,EMAP,29.8,22.5,12.0,https://indomet.gob.do/wp-content/uploads/2026/03/Temperaturas-extremas-y-precipitaciones-27-de-Marzo-2026.pdf
2026-03-27,031,BAYAGUANA,MONTE PLATA,INDOMET,EMCI,30.6,20.6,11.5,https://indomet.gob.do/wp-content/uploads/2026/03/Temperaturas-extremas-y-precipitaciones-27-de-Marzo-2026.pdf
2026-03-27,032,CONSTANZA (EMA),LA VEGA,PROGRAMA MUNDIAL DE ALIMENTO,EMAP,24.4,14.1,11.2,https://indomet.gob.do/wp-content/uploads/2026/03/Temperaturas-extremas-y-precipitaciones-27-de-Marzo-2026.pdf
2026-03-27,033,LA VICTORIA,SANTO DOMINGO,CUERPO DE BOMBEROS,EMCI,31.4,20.4,10.3,https://indomet.gob.do/wp-content/uploads/2026/03/Temperaturas-extremas-y-precipitaciones-27-de-Marzo-2026.pdf
2026-03-27,034,VILLA ISABELA,PUERTO PLATA,MINISTERIO DE AGRICULTURA,EMCV,29.8,18.5,9.2,https://indomet.gob.do/wp-content/uploads/2026/03/Temperaturas-extremas-y-precipitaciones-27-de-Marzo-2026.pdf
2026-03-27,035,PALO ÍNDIO,PUERTO PLATA,MINISTERIO DE AGRICULTURA,EMCI,,,9.1,https://indomet.gob.do/wp-content/uploads/2026/03/Temperaturas-extremas-y-precipitaciones-27-de-Marzo-2026.pdf
2026-03-27,036,RESTAURACIÓN,DAJABÓN,MINISTERIO DE AGRICULTURA,EMCI,28.0,15.1,8.9,https://indomet.gob.do/wp-content/uploads/2026/03/Temperaturas-extremas-y-precipitaciones-27-de-Marzo-2026.pdf
2026-03-27,037,EL FACTOR (EMA),MARÍA TRINIDAD SÁNCHEZ,INTEC,EMAP,30.6,20.7,8.4,https://indomet.gob.do/wp-content/uploads/2026/03/Temperaturas-extremas-y-precipitaciones-27-de-Marzo-2026.pdf
2026-03-27,038,RÍO SAN JUAN,MARÍA TRINIDAD SÁNCHEZ,HOSP. MPAL. DR. DESIDERIO ACOSTA,EMCV,30.0,20.7,8.4,https://indomet.gob.do/wp-content/uploads/2026/03/Temperaturas-extremas-y-precipitaciones-27-de-Marzo-2026.pdf
2026-03-27,039,TÁBARA ABAJO,AZUA,INDRHI,EMCI,31.7,20.0,8.3,https://indomet.gob.do/wp-content/uploads/2026/03/Temperaturas-extremas-y-precipitaciones-27-de-Marzo-2026.pdf
2026-03-27,040,JUMA BEJUCAL,MONSEÑOR NOUEL,IDIAF,EMCV,30.0,20.6,7.5,https://indomet.gob.do/wp-content/uploads/2026/03/Temperaturas-extremas-y-precipitaciones-27-de-Marzo-2026.pdf
2026-03-27,041,BELLA VISTA (EMA),DISTRITO NACIONAL,PRIVADA,EMAP,,,7.4,https://indomet.gob.do/wp-content/uploads/2026/03/Temperaturas-extremas-y-precipitaciones-27-de-Marzo-2026.pdf
2026-03-27,042,ARPT. DE LAS AMÉRICAS,SANTO DOMINGO,INDOMET,EMCI,29.2,20.0,7.0,https://indomet.gob.do/wp-content/uploads/2026/03/Temperaturas-extremas-y-precipitaciones-27-de-Marzo-2026.pdf
2026-03-27,043,SAN CRISTÓBAL,SAN CRISTÓBAL,INSTITUTO POLITÉCNICO LOYOLA,EMCI,30.0,20.0,7.0,https://indomet.gob.do/wp-content/uploads/2026/03/Temperaturas-extremas-y-precipitaciones-27-de-Marzo-2026.pdf
2026-03-27,044,ARPT. DEL CIBAO,SANTIAGO,INDOMET,EMCI,32.0,19.0,6.8,https://indomet.gob.do/wp-content/uploads/2026/03/Temperaturas-extremas-y-precipitaciones-27-de-Marzo-2026.pdf
2026-03-27,045,ARPT. LA ISABELA,SANTO DOMINGO,INDOMET,EMCI,30.9,18.6,6.7,https://indomet.gob.do/wp-content/uploads/2026/03/Temperaturas-extremas-y-precipitaciones-27-de-Marzo-2026.pdf
2026-03-27,046,ENSANCHE LA FE (EMA),DISTRITO NACIONAL,PRIVADA,EMAP,,,6.6,https://indomet.gob.do/wp-content/uploads/2026/03/Temperaturas-extremas-y-precipitaciones-27-de-Marzo-2026.pdf
2026-03-27,047,LA AGUSTINA (EMA),DISTRITO NACIONAL,PRIVADA,EMAP,,,6.6,https://indomet.gob.do/wp-content/uploads/2026/03/Temperaturas-extremas-y-precipitaciones-27-de-Marzo-2026.pdf
2026-03-27,048,SÁNCHEZ,SAMANÁ,MINISTERIO DE AGRICULTURA,EMCI,29.5,18.6,6.3,https://indomet.gob.do/wp-content/uploads/2026/03/Temperaturas-extremas-y-precipitaciones-27-de-Marzo-2026.pdf
2026-03-27,049,ELÍAS PIÑA,ELÍAS PIÑA,MINISTERIO DE AGRICULTURA,EMCV,,,6.0,https://indomet.gob.do/wp-content/uploads/2026/03/Temperaturas-extremas-y-precipitaciones-27-de-Marzo-2026.pdf
2026-03-27,050,ALTAMIRA,PUERTO PLATA,HOSP. MPAL. DE ALTAMIRA,EMCI,30.9,17.6,5.4,https://indomet.gob.do/wp-content/uploads/2026/03/Temperaturas-extremas-y-precipitaciones-27-de-Marzo-2026.pdf
2026-03-27,051,LOS PRADOS (EMA),DISTRITO NACIONAL,PRIVADA,EMAP,,,5.3,https://indomet.gob.do/wp-content/uploads/2026/03/Temperaturas-extremas-y-precipitaciones-27-de-Marzo-2026.pdf
2026-03-27,052,LOS JARDINES (EMA),DISTRITO NACIONAL,PRIVADA,EMAP,,,5.2,https://indomet.gob.do/wp-content/uploads/2026/03/Temperaturas-extremas-y-precipitaciones-27-de-Marzo-2026.pdf
2026-03-27,053,PEDERNALES,PEDERNALES,INDRHI,EMCI,,,5.2,https://indomet.gob.do/wp-content/uploads/2026/03/Temperaturas-extremas-y-precipitaciones-27-de-Marzo-2026.pdf
2026-03-27,054,LUPERÓN,PUERTO PLATA,MINISTERIO DE AGRICULTURA,EMCV,,,5.1,https://indomet.gob.do/wp-content/uploads/2026/03/Temperaturas-extremas-y-precipitaciones-27-de-Marzo-2026.pdf
2026-03-27,055,ANAMUYA (EMA),LA ALTAGRACIA,MINISTERIO DE AGRICULTURA,EMAP,30.4,21.1,5.0,https://indomet.gob.do/wp-content/uploads/2026/03/Temperaturas-extremas-y-precipitaciones-27-de-Marzo-2026.pdf
2026-03-27,056,LOS CACICAZGOS (EMA),DISTRITO NACIONAL,PRIVADA,EMAP,,,4.9,https://indomet.gob.do/wp-content/uploads/2026/03/Temperaturas-extremas-y-precipitaciones-27-de-Marzo-2026.pdf
2026-03-27,057,MICHES (EMA),EL SEIBO,PRIVADA,EMAP,27.9,21.1,4.6,https://indomet.gob.do/wp-content/uploads/2026/03/Temperaturas-extremas-y-precipitaciones-27-de-Marzo-2026.pdf
2026-03-27,058,PROLONGACION 27 DE FEBRERO,DISTRITO NACIONAL,PRIVADA,EMAP,,,4.6,https://indomet.gob.do/wp-content/uploads/2026/03/Temperaturas-extremas-y-precipitaciones-27-de-Marzo-2026.pdf
2026-03-27,059,JARABACOA,LA VEGA,INDRHI / MARENA,EMCI,29.4,14.6,4.2,https://indomet.gob.do/wp-content/uploads/2026/03/Temperaturas-extremas-y-precipitaciones-27-de-Marzo-2026.pdf
2026-03-27,060,JARABACOA (EMA),LA VEGA,PROGRAMA MUNDIAL DE ALIMENTO,EMAP,28.4,17.1,4.2,https://indomet.gob.do/wp-content/uploads/2026/03/Temperaturas-extremas-y-precipitaciones-27-de-Marzo-2026.pdf
2026-03-27,061,SAN RAFAEL DEL YUMA,LA ALTAGRACIA,MINISTERIO DE AGRICULTURA,EMCI,30.8,20.8,3.5,https://indomet.gob.do/wp-content/uploads/2026/03/Temperaturas-extremas-y-precipitaciones-27-de-Marzo-2026.pdf
2026-03-27,062,GASPAR HERNÁNDEZ,ESPAILLAT,PROPIEDAD DEL EMPLEADO,EMCI,,,3.4,https://indomet.gob.do/wp-content/uploads/2026/03/Temperaturas-extremas-y-precipitaciones-27-de-Marzo-2026.pdf
2026-03-27,063,OLIVARES,PEDERNALES,INDRHI,EMCI,,,3.0,https://indomet.gob.do/wp-content/uploads/2026/03/Temperaturas-extremas-y-precipitaciones-27-de-Marzo-2026.pdf
2026-03-27,064,LA VEGA,LA VEGA,IATESA,EMCI,31.0,19.5,2.3,https://indomet.gob.do/wp-content/uploads/2026/03/Temperaturas-extremas-y-precipitaciones-27-de-Marzo-2026.pdf
2026-03-27,065,SAJOMA (EMA),SANTIAGO,PLAN SIERRA,EMAI,22.7,,1.8,https://indomet.gob.do/wp-content/uploads/2026/03/Temperaturas-extremas-y-precipitaciones-27-de-Marzo-2026.pdf
2026-03-27,066,ARPT. EL CATEY,SAMANÁ,INDOMET,EMCI,27.8,19.8,1.5,https://indomet.gob.do/wp-content/uploads/2026/03/Temperaturas-extremas-y-precipitaciones-27-de-Marzo-2026.pdf
2026-03-27,067,SAMANÁ,SAMANÁ,COMANDANCIA DE PUERTO DE SAMANÁ,EMCI,31.0,16.7,1.4,https://indomet.gob.do/wp-content/uploads/2026/03/Temperaturas-extremas-y-precipitaciones-27-de-Marzo-2026.pdf
2026-03-27,068,EL MILLON (EMA),DISTRITO NACIONAL,PRIVADA,EMAP,,,1.3,https://indomet.gob.do/wp-content/uploads/2026/03/Temperaturas-extremas-y-precipitaciones-27-de-Marzo-2026.pdf
2026-03-27,069,ENRIQUILLO,BARAHONA,MINISTERIO DE AGRICULTURA,EMCV,30.5,20.5,1.2,https://indomet.gob.do/wp-content/uploads/2026/03/Temperaturas-extremas-y-precipitaciones-27-de-Marzo-2026.pdf
2026-03-27,070,PRESA DE TAVERAS (EMA),LA VEGA,PROGRAMA MUNDIAL DE ALIMENTO,EMAP,29.9,19.2,1.2,https://indomet.gob.do/wp-content/uploads/2026/03/Temperaturas-extremas-y-precipitaciones-27-de-Marzo-2026.pdf
2026-03-27,071,SANTIAGO RODRÍGUEZ,SANTIAGO RODRÍGUEZ,INDOMET,EMCI,32.5,19.0,1.1,https://indomet.gob.do/wp-content/uploads/2026/03/Temperaturas-extremas-y-precipitaciones-27-de-Marzo-2026.pdf
2026-03-27,072,GURABO,SANTIAGO,MINISTERIO DE AGRICULTURA,EMCV,,,0.8,https://indomet.gob.do/wp-content/uploads/2026/03/Temperaturas-extremas-y-precipitaciones-27-de-Marzo-2026.pdf
2026-03-27,073,PONTÓN ABAJO (EMA),LA VEGA,MINISTERIO DE AGRICULTURA,EMAP,33.0,21.3,0.6,https://indomet.gob.do/wp-content/uploads/2026/03/Temperaturas-extremas-y-precipitaciones-27-de-Marzo-2026.pdf
2026-03-27,074,MONCIÓN (EMA),SANTIAGO RODRÍGUEZ,PROGRAMA MUNDIAL DE ALIMENTO,EMAP,29.6,17.2,0.4,https://indomet.gob.do/wp-content/uploads/2026/03/Temperaturas-extremas-y-precipitaciones-27-de-Marzo-2026.pdf
2026-03-27,075,SABANETA (EMA),SANTIAGO RODRÍGUEZ,PROGRAMA MUNDIAL DE ALIMENTO,EMAP,31.9,18.8,0.4,https://indomet.gob.do/wp-content/uploads/2026/03/Temperaturas-extremas-y-precipitaciones-27-de-Marzo-2026.pdf
2026-03-27,076,DAJABÓN,DAJABÓN,INSTITUTO POLITÉCNICO LOYOLA,EMCI,33.4,20.0,0.3,https://indomet.gob.do/wp-content/uploads/2026/03/Temperaturas-extremas-y-precipitaciones-27-de-Marzo-2026.pdf
2026-03-27,077,VILLA GONZALES,SANTIAGO,MINISTERIO DE AGRICULTURA,EMCI,,,0.3,https://indomet.gob.do/wp-content/uploads/2026/03/Temperaturas-extremas-y-precipitaciones-27-de-Marzo-2026.pdf
2026-03-27,078,CABRERA,MARÍA TRINIDAD SÁNCHEZ,ESCUELA ARÍSTIDES FIALLO CABRAL,EMCI,30.6,21.6,0.2,https://indomet.gob.do/wp-content/uploads/2026/03/Temperaturas-extremas-y-precipitaciones-27-de-Marzo-2026.pdf
2026-03-27,079,ARPT. ARROYO BARRIL,SAMANÁ,INDOMET,EMCI,29.0,21.6,0.0,https://indomet.gob.do/wp-content/uploads/2026/03/Temperaturas-extremas-y-precipitaciones-27-de-Marzo-2026.pdf
2026-03-27,080,ARPT. DE PUNTA CANA,LA ALTAGRACIA,INDOMET,EMCI,29.0,21.5,0.0,https://indomet.gob.do/wp-content/uploads/2026/03/Temperaturas-extremas-y-precipitaciones-27-de-Marzo-2026.pdf
2026-03-27,081,BANI (EMA),PERAVIA,MINISTERIO DE AGRICULTURA,EMAP,31.0,22.3,0.0,https://indomet.gob.do/wp-content/uploads/2026/03/Temperaturas-extremas-y-precipitaciones-27-de-Marzo-2026.pdf
2026-03-27,082,BOCA DE MAO (EMA),VALVERDE,MINISTERIO DE AGRICULTURA,EMAP,,,0.0,https://indomet.gob.do/wp-content/uploads/2026/03/Temperaturas-extremas-y-precipitaciones-27-de-Marzo-2026.pdf
2026-03-27,083,JARDÍN BOTÁNICO SANTIAGO (EMSANTIAGO,,JARDIN BOTANICO SANTIAGO,EMAI,,,0.0,https://indomet.gob.do/wp-content/uploads/2026/03/Temperaturas-extremas-y-precipitaciones-27-de-Marzo-2026.pdf
2026-03-27,084,LAS CANAS (EMA),MONTE CRISTI,PROGRAMA MUNDIAL DE ALIMENTO,EMAP,27.2,20.8,0.0,https://indomet.gob.do/wp-content/uploads/2026/03/Temperaturas-extremas-y-precipitaciones-27-de-Marzo-2026.pdf
2026-03-27,085,LOS TRES CHARCOS (EMA),PEDERNALES,PROPIEDAD DEL VOLUNTARIO,EMAP,,,0.0,https://indomet.gob.do/wp-content/uploads/2026/03/Temperaturas-extremas-y-precipitaciones-27-de-Marzo-2026.pdf
2026-03-27,086,MAO,VALVERDE,INDRHI / MINISTERIO DE AGRICULTURA,EMCV,,,0.0,https://indomet.gob.do/wp-content/uploads/2026/03/Temperaturas-extremas-y-precipitaciones-27-de-Marzo-2026.pdf
2026-03-27,087,MONTE CRISTI,MONTE CRISTI,INDOMET,EMCI,31.5,21.5,0.0,https://indomet.gob.do/wp-content/uploads/2026/03/Temperaturas-extremas-y-precipitaciones-27-de-Marzo-2026.pdf
2026-03-27,088,NAVARRETE,SANTIAGO,MINISTERIO DE AGRICULTURA,EMCV,,,0.0,https://indomet.gob.do/wp-content/uploads/2026/03/Temperaturas-extremas-y-precipitaciones-27-de-Marzo-2026.pdf
2026-03-27,089,OVIEDO,PEDERNALES,CLÍNICA RURAL OVIEDO,EMCI,31.0,21.2,0.0,https://indomet.gob.do/wp-content/uploads/2026/03/Temperaturas-extremas-y-precipitaciones-27-de-Marzo-2026.pdf
2026-03-27,090,VILLA VASQUEZ (EMA),MONTE CRISTI,JUNTA DE REGANTES,EMAI,,,0.0,https://indomet.gob.do/wp-content/uploads/2026/03/Temperaturas-extremas-y-precipitaciones-27-de-Marzo-2026.pdf
2026-03-28,001,OVIEDO,PEDERNALES,CLÍNICA RURAL OVIEDO,EMCI,30.2,20.0,32.2,https://indomet.gob.do/wp-content/uploads/2026/03/temperaturas-extremas-y-precipitaciones-2026x03x28-a-2.pdf
2026-03-28,002,ENRIQUILLO,BARAHONA,MINISTERIO DE AGRICULTURA,EMCV,31.0,20.3,27.0,https://indomet.gob.do/wp-content/uploads/2026/03/temperaturas-extremas-y-precipitaciones-2026x03x28-a-2.pdf
2026-03-28,003,PERALTA,AZUA,HOSP. MPAL. DE PERALTA,EMCI,28.0,16.0,21.4,https://indomet.gob.do/wp-content/uploads/2026/03/temperaturas-extremas-y-precipitaciones-2026x03x28-a-2.pdf
2026-03-28,004,CENTRO DE LOS HEROES (EMA),DISTRITO NACIONAL,MINISTERIO DE ENERGIA Y MINA,EMAP,30.0,22.8,19.2,https://indomet.gob.do/wp-content/uploads/2026/03/temperaturas-extremas-y-precipitaciones-2026x03x28-a-2.pdf
2026-03-28,005,LA VICTORIA,SANTO DOMINGO,CUERPO DE BOMBEROS,EMCI,32.0,20.0,13.8,https://indomet.gob.do/wp-content/uploads/2026/03/temperaturas-extremas-y-precipitaciones-2026x03x28-a-2.pdf
2026-03-28,006,ELÍAS PIÑA,ELÍAS PIÑA,MINISTERIO DE AGRICULTURA,EMCV,,,12.1,https://indomet.gob.do/wp-content/uploads/2026/03/temperaturas-extremas-y-precipitaciones-2026x03x28-a-2.pdf
2026-03-28,007,SAN CRISTÓBAL,SAN CRISTÓBAL,INSTITUTO POLITÉCNICO LOYOLA,EMCI,31.0,20.2,10.2,https://indomet.gob.do/wp-content/uploads/2026/03/temperaturas-extremas-y-precipitaciones-2026x03x28-a-2.pdf
2026-03-28,008,LOS LLANOS,SAN PEDRO DE MACORÍS,MINISTERIO DE AGRICULTURA,EMCI,29.5,19.4,9.6,https://indomet.gob.do/wp-content/uploads/2026/03/temperaturas-extremas-y-precipitaciones-2026x03x28-a-2.pdf
2026-03-28,009,RANCHO ARRIBA,SAN JOSÉ DE OCOA,CENTRO TECNOLÓGICO COMUNITARIO,EMCI,27.3,16.8,8.3,https://indomet.gob.do/wp-content/uploads/2026/03/temperaturas-extremas-y-precipitaciones-2026x03x28-a-2.pdf
2026-03-28,010,GASPAR HERNÁNDEZ,ESPAILLAT,PROPIEDAD DEL EMPLEADO,EMCI,,,8.2,https://indomet.gob.do/wp-content/uploads/2026/03/temperaturas-extremas-y-precipitaciones-2026x03x28-a-2.pdf
2026-03-28,011,JUMA BEJUCAL,MONSEÑOR NOUEL,IDIAF,EMCV,29.8,19.0,7.9,https://indomet.gob.do/wp-content/uploads/2026/03/temperaturas-extremas-y-precipitaciones-2026x03x28-a-2.pdf
2026-03-28,012,NAVARRETE,SANTIAGO,MINISTERIO DE AGRICULTURA,EMCV,,,7.6,https://indomet.gob.do/wp-content/uploads/2026/03/temperaturas-extremas-y-precipitaciones-2026x03x28-a-2.pdf
2026-03-28,013,BONAO,MONSEÑOR NOUEL,MINISTERIO DE AGRICULTURA,EMCV,,,6.9,https://indomet.gob.do/wp-content/uploads/2026/03/temperaturas-extremas-y-precipitaciones-2026x03x28-a-2.pdf
2026-03-28,014,BANI (EMA),PERAVIA,MINISTERIO DE AGRICULTURA,EMAP,31.8,23.2,6.8,https://indomet.gob.do/wp-content/uploads/2026/03/temperaturas-extremas-y-precipitaciones-2026x03x28-a-2.pdf
2026-03-28,015,LA VEGA,LA VEGA,IATESA,EMCI,30.0,19.0,6.6,https://indomet.gob.do/wp-content/uploads/2026/03/temperaturas-extremas-y-precipitaciones-2026x03x28-a-2.pdf
2026-03-28,016,SALCEDO,HERMANAS MIRABAL,PROPIEDAD DEL EMPLEADO,EMCI,,,6.3,https://indomet.gob.do/wp-content/uploads/2026/03/temperaturas-extremas-y-precipitaciones-2026x03x28-a-2.pdf
2026-03-28,017,JARABACOA (EMA),LA VEGA,PROGRAMA MUNDIAL DE ALIMENTO,EMAP,28.3,16.2,5.6,https://indomet.gob.do/wp-content/uploads/2026/03/temperaturas-extremas-y-precipitaciones-2026x03x28-a-2.pdf
2026-03-28,018,JIMANÍ,INDEPENDENCIA,MINISTERIO DE AGRICULTURA,EMCI,33.4,20.6,5.4,https://indomet.gob.do/wp-content/uploads/2026/03/temperaturas-extremas-y-precipitaciones-2026x03x28-a-2.pdf
2026-03-28,019,BUCARA (EMA),SANTIAGO,MINISTERIO DE AGRICULTURA,EMAI,,,5.2,https://indomet.gob.do/wp-content/uploads/2026/03/temperaturas-extremas-y-precipitaciones-2026x03x28-a-2.pdf
2026-03-28,020,JARABACOA,LA VEGA,INDRHI / MARENA,EMCI,29.2,13.8,5.1,https://indomet.gob.do/wp-content/uploads/2026/03/temperaturas-extremas-y-precipitaciones-2026x03x28-a-2.pdf
2026-03-28,021,ALTO BANDERA (EMA),LA VEGA,INTEC,EMAP,13.9,1.8,4.8,https://indomet.gob.do/wp-content/uploads/2026/03/temperaturas-extremas-y-precipitaciones-2026x03x28-a-2.pdf
2026-03-28,022,ARPT. DE LA ROMANA,LA ROMANA,INDOMET,EMCI,28.5,21.5,4.7,https://indomet.gob.do/wp-content/uploads/2026/03/temperaturas-extremas-y-precipitaciones-2026x03x28-a-2.pdf
2026-03-28,023,ENSANCHE LA FE (EMA),DISTRITO NACIONAL,PRIVADA,EMAP,,,4.6,https://indomet.gob.do/wp-content/uploads/2026/03/temperaturas-extremas-y-precipitaciones-2026x03x28-a-2.pdf
2026-03-28,024,LA AGUSTINA (EMA),DISTRITO NACIONAL,PRIVADA,EMAP,,,4.6,https://indomet.gob.do/wp-content/uploads/2026/03/temperaturas-extremas-y-precipitaciones-2026x03x28-a-2.pdf
2026-03-28,025,VILLA RIVA,DUARTE,HOSP. MPAL. ALICIA DE LEGENDRE,EMCI,30.0,19.5,4.6,https://indomet.gob.do/wp-content/uploads/2026/03/temperaturas-extremas-y-precipitaciones-2026x03x28-a-2.pdf
2026-03-28,026,SABANA DE LA MAR,HATO MAYOR,INDOMET,EMCI,29.6,21.2,3.6,https://indomet.gob.do/wp-content/uploads/2026/03/temperaturas-extremas-y-precipitaciones-2026x03x28-a-2.pdf
2026-03-28,027,TÁBARA ABAJO,AZUA,INDRHI,EMCI,31.5,19.0,3.5,https://indomet.gob.do/wp-content/uploads/2026/03/temperaturas-extremas-y-precipitaciones-2026x03x28-a-2.pdf
2026-03-28,028,SANTO DOMINGO ESTE,SANTO DOMINGO,INDOMET,EMCI,30.5,21.6,3.0,https://indomet.gob.do/wp-content/uploads/2026/03/temperaturas-extremas-y-precipitaciones-2026x03x28-a-2.pdf
2026-03-28,029,VILLA ISABELA,PUERTO PLATA,MINISTERIO DE AGRICULTURA,EMCV,30.0,18.2,2.5,https://indomet.gob.do/wp-content/uploads/2026/03/temperaturas-extremas-y-precipitaciones-2026x03x28-a-2.pdf
2026-03-28,030,LOS JARDINES (EMA),DISTRITO NACIONAL,PRIVADA,EMAP,,,2.4,https://indomet.gob.do/wp-content/uploads/2026/03/temperaturas-extremas-y-precipitaciones-2026x03x28-a-2.pdf
2026-03-28,031,OLIVARES,PEDERNALES,INDRHI,EMCI,,,2.2,https://indomet.gob.do/wp-content/uploads/2026/03/temperaturas-extremas-y-precipitaciones-2026x03x28-a-2.pdf
2026-03-28,032,HONDO VALLE,ELÍAS PIÑA,MINISTERIO DE AGRICULTURA,EMCI,24.6,14.7,2.1,https://indomet.gob.do/wp-content/uploads/2026/03/temperaturas-extremas-y-precipitaciones-2026x03x28-a-2.pdf
2026-03-28,033,ARPT. LA ISABELA,SANTO DOMINGO,INDOMET,EMCI,31.4,20.0,2.0,https://indomet.gob.do/wp-content/uploads/2026/03/temperaturas-extremas-y-precipitaciones-2026x03x28-a-2.pdf
2026-03-28,034,BASE AÉREA DE SAN ISIDRO,SANTO DOMINGO,FUERZA AÉREA DOMINICANA,EMCV,29.8,20.1,2.0,https://indomet.gob.do/wp-content/uploads/2026/03/temperaturas-extremas-y-precipitaciones-2026x03x28-a-2.pdf
2026-03-28,035,PEDERNALES,PEDERNALES,INDRHI,EMCI,,,2.0,https://indomet.gob.do/wp-content/uploads/2026/03/temperaturas-extremas-y-precipitaciones-2026x03x28-a-2.pdf
2026-03-28,036,PONTÓN ABAJO (EMA),LA VEGA,MINISTERIO DE AGRICULTURA,EMAP,32.5,19.7,1.8,https://indomet.gob.do/wp-content/uploads/2026/03/temperaturas-extremas-y-precipitaciones-2026x03x28-a-2.pdf
2026-03-28,037,BELLA VISTA (EMA),DISTRITO NACIONAL,PRIVADA,EMAP,,,1.8,https://indomet.gob.do/wp-content/uploads/2026/03/temperaturas-extremas-y-precipitaciones-2026x03x28-a-2.pdf
2026-03-28,038,LOS PRADOS (EMA),DISTRITO NACIONAL,PRIVADA,EMAP,,,1.8,https://indomet.gob.do/wp-content/uploads/2026/03/temperaturas-extremas-y-precipitaciones-2026x03x28-a-2.pdf
2026-03-28,039,SAN RAFAEL DEL YUMA,LA ALTAGRACIA,MINISTERIO DE AGRICULTURA,EMCI,29.5,18.7,1.8,https://indomet.gob.do/wp-content/uploads/2026/03/temperaturas-extremas-y-precipitaciones-2026x03x28-a-2.pdf
2026-03-28,040,ARPT. DEL CIBAO,SANTIAGO,INDOMET,EMCI,30.1,19.2,1.6,https://indomet.gob.do/wp-content/uploads/2026/03/temperaturas-extremas-y-precipitaciones-2026x03x28-a-2.pdf
2026-03-28,041,SAMANÁ,SAMANÁ,COMANDANCIA DE PUERTO DE SAMANÁ,EMCI,30.1,15.2,1.6,https://indomet.gob.do/wp-content/uploads/2026/03/temperaturas-extremas-y-precipitaciones-2026x03x28-a-2.pdf
2026-03-28,042,PALO ÍNDIO,PUERTO PLATA,MINISTERIO DE AGRICULTURA,EMCI,,,1.3,https://indomet.gob.do/wp-content/uploads/2026/03/temperaturas-extremas-y-precipitaciones-2026x03x28-a-2.pdf
2026-03-28,043,ARPT. GREGORIO LUPERÓN,PUERTO PLATA,INDOMET,EMCI,28.5,20.5,1.2,https://indomet.gob.do/wp-content/uploads/2026/03/temperaturas-extremas-y-precipitaciones-2026x03x28-a-2.pdf
2026-03-28,044,PADRE LAS CASAS,AZUA,HOSP. NTRA. SRA. DEL CARMEN,EMCI,30.3,16.3,1.2,https://indomet.gob.do/wp-content/uploads/2026/03/temperaturas-extremas-y-precipitaciones-2026x03x28-a-2.pdf
2026-03-28,045,CABRERA,MARÍA TRINIDAD SÁNCHEZ,ESCUELA ARÍSTIDES FIALLO CABRAL,EMCI,31.0,24.2,1.0,https://indomet.gob.do/wp-content/uploads/2026/03/temperaturas-extremas-y-precipitaciones-2026x03x28-a-2.pdf
2026-03-28,046,MICHES (EMA),EL SEIBO,PRIVADA,EMAP,28.2,19.9,1.0,https://indomet.gob.do/wp-content/uploads/2026/03/temperaturas-extremas-y-precipitaciones-2026x03x28-a-2.pdf
2026-03-28,047,ARPT. DE LAS AMÉRICAS,SANTO DOMINGO,INDOMET,EMCI,29.0,19.8,0.9,https://indomet.gob.do/wp-content/uploads/2026/03/temperaturas-extremas-y-precipitaciones-2026x03x28-a-2.pdf
2026-03-28,048,RÍO SAN JUAN,MARÍA TRINIDAD SÁNCHEZ,HOSP. MPAL. DR. DESIDERIO ACOSTA,EMCV,29.3,19.5,0.8,https://indomet.gob.do/wp-content/uploads/2026/03/temperaturas-extremas-y-precipitaciones-2026x03x28-a-2.pdf
2026-03-28,049,CONSTANZA,LA VEGA,MINISTERIO DE AGRICULTURA,EMCI,25.4,10.7,0.7,https://indomet.gob.do/wp-content/uploads/2026/03/temperaturas-extremas-y-precipitaciones-2026x03x28-a-2.pdf
2026-03-28,050,ANAMUYA (EMA),LA ALTAGRACIA,MINISTERIO DE AGRICULTURA,EMAP,28.5,21.0,0.6,https://indomet.gob.do/wp-content/uploads/2026/03/temperaturas-extremas-y-precipitaciones-2026x03x28-a-2.pdf
2026-03-28,051,LAS CANAS (EMA),MONTE CRISTI,PROGRAMA MUNDIAL DE ALIMENTO,EMAP,26.9,20.4,0.6,https://indomet.gob.do/wp-content/uploads/2026/03/temperaturas-extremas-y-precipitaciones-2026x03x28-a-2.pdf
2026-03-28,052,ALTAMIRA,PUERTO PLATA,HOSP. MPAL. DE ALTAMIRA,EMCI,29.6,17.6,0.4,https://indomet.gob.do/wp-content/uploads/2026/03/temperaturas-extremas-y-precipitaciones-2026x03x28-a-2.pdf
2026-03-28,053,CONSTANZA (EMA),LA VEGA,PROGRAMA MUNDIAL DE ALIMENTO,EMAP,23.8,12.3,0.4,https://indomet.gob.do/wp-content/uploads/2026/03/temperaturas-extremas-y-precipitaciones-2026x03x28-a-2.pdf
2026-03-28,054,MONCIÓN (EMA),SANTIAGO RODRÍGUEZ,PROGRAMA MUNDIAL DE ALIMENTO,EMAP,30.2,17.4,0.4,https://indomet.gob.do/wp-content/uploads/2026/03/temperaturas-extremas-y-precipitaciones-2026x03x28-a-2.pdf
2026-03-28,055,PRESA DE TAVERAS (EMA),LA VEGA,PROGRAMA MUNDIAL DE ALIMENTO,EMAP,30.6,18.1,0.4,https://indomet.gob.do/wp-content/uploads/2026/03/temperaturas-extremas-y-precipitaciones-2026x03x28-a-2.pdf
2026-03-28,056,HATO MAYOR,HATO MAYOR,MINISTERIO DE AGRICULTURA,EMCV,,,0.3,https://indomet.gob.do/wp-content/uploads/2026/03/temperaturas-extremas-y-precipitaciones-2026x03x28-a-2.pdf
2026-03-28,057,ARPT. MARÍA MONTEZ,BARAHONA,INDOMET,EMCI,30.5,20.5,0.2,https://indomet.gob.do/wp-content/uploads/2026/03/temperaturas-extremas-y-precipitaciones-2026x03x28-a-2.pdf
2026-03-28,058,ARROYO LORO,SAN JUAN,IDIAF,EMCI,31.0,17.5,0.1,https://indomet.gob.do/wp-content/uploads/2026/03/temperaturas-extremas-y-precipitaciones-2026x03x28-a-2.pdf
2026-03-28,059,CABRAL,BARAHONA,MINISTERIO DE AGRICULTURA,EMCV,31.9,20.6,0.1,https://indomet.gob.do/wp-content/uploads/2026/03/temperaturas-extremas-y-precipitaciones-2026x03x28-a-2.pdf
2026-03-28,060,POLO,BARAHONA,INDOCAFE,EMCI,,17.0,0.1,https://indomet.gob.do/wp-content/uploads/2026/03/temperaturas-extremas-y-precipitaciones-2026x03x28-a-2.pdf
2026-03-28,061,SABANA GRANDE DE BOYÁ,MONTE PLATA,MINISTERIO DE AGRICULTURA,EMCV,,,0.1,https://indomet.gob.do/wp-content/uploads/2026/03/temperaturas-extremas-y-precipitaciones-2026x03x28-a-2.pdf
2026-03-28,062,SAN JOSÉ DE OCOA,SAN JOSÉ DE OCOA,HOSP. SAN JOSÉ DE OCOA,EMCI,29.1,18.0,0.1,https://indomet.gob.do/wp-content/uploads/2026/03/temperaturas-extremas-y-precipitaciones-2026x03x28-a-2.pdf
2026-03-28,063,VILLA ALTAGRACIA,SAN CRISTÓBAL,ESCUELA JAVIER ANGULO GURIDI,EMCI,,,0.1,https://indomet.gob.do/wp-content/uploads/2026/03/temperaturas-extremas-y-precipitaciones-2026x03x28-a-2.pdf
2026-03-28,064,ARPT. ARROYO BARRIL,SAMANÁ,INDOMET,EMCI,29.2,21.7,0.0,https://indomet.gob.do/wp-content/uploads/2026/03/temperaturas-extremas-y-precipitaciones-2026x03x28-a-2.pdf
2026-03-28,065,ARPT. DE PUNTA CANA,LA ALTAGRACIA,INDOMET,EMCI,29.5,21.8,0.0,https://indomet.gob.do/wp-content/uploads/2026/03/temperaturas-extremas-y-precipitaciones-2026x03x28-a-2.pdf
2026-03-28,066,ARPT. EL CATEY,SAMANÁ,INDOMET,EMCI,30.2,20.0,0.0,https://indomet.gob.do/wp-content/uploads/2026/03/temperaturas-extremas-y-precipitaciones-2026x03x28-a-2.pdf
2026-03-28,067,BAYAGUANA,MONTE PLATA,INDOMET,EMCI,30.4,20.4,0.0,https://indomet.gob.do/wp-content/uploads/2026/03/temperaturas-extremas-y-precipitaciones-2026x03x28-a-2.pdf
2026-03-28,068,BOCA DE MAO (EMA),VALVERDE,MINISTERIO DE AGRICULTURA,EMAP,32.2,19.0,0.0,https://indomet.gob.do/wp-content/uploads/2026/03/temperaturas-extremas-y-precipitaciones-2026x03x28-a-2.pdf
2026-03-28,069,DAJABÓN,DAJABÓN,INSTITUTO POLITÉCNICO LOYOLA,EMCI,34.1,18.5,0.0,https://indomet.gob.do/wp-content/uploads/2026/03/temperaturas-extremas-y-precipitaciones-2026x03x28-a-2.pdf
2026-03-28,070,EL FACTOR (EMA),MARÍA TRINIDAD SÁNCHEZ,INTEC,EMAP,30.6,20.6,0.0,https://indomet.gob.do/wp-content/uploads/2026/03/temperaturas-extremas-y-precipitaciones-2026x03x28-a-2.pdf
2026-03-28,071,GURABO,SANTIAGO,MINISTERIO DE AGRICULTURA,EMCV,,,0.0,https://indomet.gob.do/wp-content/uploads/2026/03/temperaturas-extremas-y-precipitaciones-2026x03x28-a-2.pdf
2026-03-28,072,MONTE CRISTI,MONTE CRISTI,INDOMET,EMCI,31.0,20.8,0.0,https://indomet.gob.do/wp-content/uploads/2026/03/temperaturas-extremas-y-precipitaciones-2026x03x28-a-2.pdf
2026-03-28,073,LOS CACICAZGOS (EMA),DISTRITO NACIONAL,PRIVADA,EMAP,,,0.0,https://indomet.gob.do/wp-content/uploads/2026/03/temperaturas-extremas-y-precipitaciones-2026x03x28-a-2.pdf
2026-03-28,074,PROLONGACION 27 DE FEBRERO,DISTRITO NACIONAL,PRIVADA,EMAP,,,0.0,https://indomet.gob.do/wp-content/uploads/2026/03/temperaturas-extremas-y-precipitaciones-2026x03x28-a-2.pdf
2026-03-28,075,RESTAURACIÓN,DAJABÓN,MINISTERIO DE AGRICULTURA,EMCI,29.4,15.8,0.0,https://indomet.gob.do/wp-content/uploads/2026/03/temperaturas-extremas-y-precipitaciones-2026x03x28-a-2.pdf
2026-03-28,076,SABANETA (EMA),SANTIAGO RODRÍGUEZ,PROGRAMA MUNDIAL DE ALIMENTO,EMAP,33.1,18.3,0.0,https://indomet.gob.do/wp-content/uploads/2026/03/temperaturas-extremas-y-precipitaciones-2026x03x28-a-2.pdf
2026-03-28,077,SÁNCHEZ,SAMANÁ,MINISTERIO DE AGRICULTURA,EMCI,30.1,18.5,0.0,https://indomet.gob.do/wp-content/uploads/2026/03/temperaturas-extremas-y-precipitaciones-2026x03x28-a-2.pdf
2026-03-28,078,SAJOMA (EMA),SANTIAGO,PLAN SIERRA,EMAI,,,0.0,https://indomet.gob.do/wp-content/uploads/2026/03/temperaturas-extremas-y-precipitaciones-2026x03x28-a-2.pdf
2026-03-28,079,JARDÍN BOTÁNICO SANTIAGO (EMSANTIAGO,,JARDIN BOTANICO SANTIAGO,EMAI,,,0.0,https://indomet.gob.do/wp-content/uploads/2026/03/temperaturas-extremas-y-precipitaciones-2026x03x28-a-2.pdf
2026-03-28,080,VILLA VASQUEZ (EMA),MONTE CRISTI,JUNTA DE REGANTES,EMAI,,,0.0,https://indomet.gob.do/wp-content/uploads/2026/03/temperaturas-extremas-y-precipitaciones-2026x03x28-a-2.pdf
2026-03-28,081,SANTIAGO RODRÍGUEZ,SANTIAGO RODRÍGUEZ,INDOMET,EMCI,33.1,19.0,0.0,https://indomet.gob.do/wp-content/uploads/2026/03/temperaturas-extremas-y-precipitaciones-2026x03x28-a-2.pdf
2026-03-28,082,VILLA GONZALES,SANTIAGO,MINISTERIO DE AGRICULTURA,EMCI,,,0.0,https://indomet.gob.do/wp-content/uploads/2026/03/temperaturas-extremas-y-precipitaciones-2026x03x28-a-2.pdf
2026-03-29,001,BUCARA (EMA),SANTIAGO,MINISTERIO DE AGRICULTURA,EMAI,,,22.4,https://indomet.gob.do/wp-content/uploads/2026/03/Temperaturas-extremas-y-precipitaciones-29-de-Marzo-2026.pdf
2026-03-29,002,OLIVARES,PEDERNALES,INDRHI,EMCI,,,22.0,https://indomet.gob.do/wp-content/uploads/2026/03/Temperaturas-extremas-y-precipitaciones-29-de-Marzo-2026.pdf
2026-03-29,003,VILLA ISABELA,PUERTO PLATA,MINISTERIO DE AGRICULTURA,EMCV,28.8,18.2,18.0,https://indomet.gob.do/wp-content/uploads/2026/03/Temperaturas-extremas-y-precipitaciones-29-de-Marzo-2026.pdf
2026-03-29,004,ALTAMIRA,PUERTO PLATA,HOSP. MPAL. DE ALTAMIRA,EMCI,28.1,18.5,16.0,https://indomet.gob.do/wp-content/uploads/2026/03/Temperaturas-extremas-y-precipitaciones-29-de-Marzo-2026.pdf
2026-03-29,005,JUMA BEJUCAL,MONSEÑOR NOUEL,IDIAF,EMCV,29.0,20.0,14.5,https://indomet.gob.do/wp-content/uploads/2026/03/Temperaturas-extremas-y-precipitaciones-29-de-Marzo-2026.pdf
2026-03-29,006,CABRERA,MARÍA TRINIDAD SÁNCHEZ,ESCUELA ARÍSTIDES FIALLO CABRAL,EMCI,30.0,22.5,11.1,https://indomet.gob.do/wp-content/uploads/2026/03/Temperaturas-extremas-y-precipitaciones-29-de-Marzo-2026.pdf
2026-03-29,007,PEDERNALES,PEDERNALES,INDRHI,EMCI,,,11.0,https://indomet.gob.do/wp-content/uploads/2026/03/Temperaturas-extremas-y-precipitaciones-29-de-Marzo-2026.pdf
2026-03-29,008,RANCHO ARRIBA,SAN JOSÉ DE OCOA,CENTRO TECNOLÓGICO COMUNITARIO,EMCI,26.4,15.6,10.8,https://indomet.gob.do/wp-content/uploads/2026/03/Temperaturas-extremas-y-precipitaciones-29-de-Marzo-2026.pdf
2026-03-29,009,ALTO BANDERA (EMA),LA VEGA,INTEC,EMAP,13.2,2.1,10.7,https://indomet.gob.do/wp-content/uploads/2026/03/Temperaturas-extremas-y-precipitaciones-29-de-Marzo-2026.pdf
2026-03-29,010,BONAO,MONSEÑOR NOUEL,MINISTERIO DE AGRICULTURA,EMCV,,,10.4,https://indomet.gob.do/wp-content/uploads/2026/03/Temperaturas-extremas-y-precipitaciones-29-de-Marzo-2026.pdf
2026-03-29,011,SÁNCHEZ,SAMANÁ,MINISTERIO DE AGRICULTURA,EMCI,29.8,18.6,10.4,https://indomet.gob.do/wp-content/uploads/2026/03/Temperaturas-extremas-y-precipitaciones-29-de-Marzo-2026.pdf
2026-03-29,012,GASPAR HERNÁNDEZ,ESPAILLAT,PROPIEDAD DEL EMPLEADO,EMCI,,,9.4,https://indomet.gob.do/wp-content/uploads/2026/03/Temperaturas-extremas-y-precipitaciones-29-de-Marzo-2026.pdf
2026-03-29,013,PALO ÍNDIO,PUERTO PLATA,MINISTERIO DE AGRICULTURA,EMCI,,,9.4,https://indomet.gob.do/wp-content/uploads/2026/03/Temperaturas-extremas-y-precipitaciones-29-de-Marzo-2026.pdf
2026-03-29,014,VILLA RIVA,DUARTE,HOSP. MPAL. ALICIA DE LEGENDRE,EMCI,30.4,19.0,9.3,https://indomet.gob.do/wp-content/uploads/2026/03/Temperaturas-extremas-y-precipitaciones-29-de-Marzo-2026.pdf
2026-03-29,015,VILLA GONZALES,SANTIAGO,MINISTERIO DE AGRICULTURA,EMCI,,,7.4,https://indomet.gob.do/wp-content/uploads/2026/03/Temperaturas-extremas-y-precipitaciones-29-de-Marzo-2026.pdf
2026-03-29,016,LUPERÓN,PUERTO PLATA,MINISTERIO DE AGRICULTURA,EMCV,,,6.7,https://indomet.gob.do/wp-content/uploads/2026/03/Temperaturas-extremas-y-precipitaciones-29-de-Marzo-2026.pdf
2026-03-29,017,VILLA ALTAGRACIA,SAN CRISTÓBAL,ESCUELA JAVIER ANGULO GURIDI,EMCI,,,6.5,https://indomet.gob.do/wp-content/uploads/2026/03/Temperaturas-extremas-y-precipitaciones-29-de-Marzo-2026.pdf
2026-03-29,018,TAMBORIL,SANTIAGO,MINISTERIO DE AGRICULTURA,EMCV,,,6.4,https://indomet.gob.do/wp-content/uploads/2026/03/Temperaturas-extremas-y-precipitaciones-29-de-Marzo-2026.pdf
2026-03-29,019,JARABACOA (EMA),LA VEGA,PROGRAMA MUNDIAL DE ALIMENTO,EMAP,27.3,16.4,5.6,https://indomet.gob.do/wp-content/uploads/2026/03/Temperaturas-extremas-y-precipitaciones-29-de-Marzo-2026.pdf
2026-03-29,020,JARABACOA,LA VEGA,INDRHI / MARENA,EMCI,28.6,14.0,5.3,https://indomet.gob.do/wp-content/uploads/2026/03/Temperaturas-extremas-y-precipitaciones-29-de-Marzo-2026.pdf
2026-03-29,021,PRESA DE TAVERAS (EMA),LA VEGA,PROGRAMA MUNDIAL DE ALIMENTO,EMAP,29.6,18.4,5.0,https://indomet.gob.do/wp-content/uploads/2026/03/Temperaturas-extremas-y-precipitaciones-29-de-Marzo-2026.pdf
2026-03-29,022,SALCEDO,HERMANAS MIRABAL,PROPIEDAD DEL EMPLEADO,EMCI,,,4.9,https://indomet.gob.do/wp-content/uploads/2026/03/Temperaturas-extremas-y-precipitaciones-29-de-Marzo-2026.pdf
2026-03-29,023,SAMANÁ,SAMANÁ,COMANDANCIA DE PUERTO DE SAMANÁ,EMCI,30.2,15.9,4.4,https://indomet.gob.do/wp-content/uploads/2026/03/Temperaturas-extremas-y-precipitaciones-29-de-Marzo-2026.pdf
2026-03-29,024,JARDÍN BOTÁNICO SANTIAGO (EMSANTIAGO,,JARDIN BOTANICO SANTIAGO,EMAI,28.9,20.5,4.0,https://indomet.gob.do/wp-content/uploads/2026/03/Temperaturas-extremas-y-precipitaciones-29-de-Marzo-2026.pdf
2026-03-29,025,RÍO SAN JUAN,MARÍA TRINIDAD SÁNCHEZ,HOSP. MPAL. DR. DESIDERIO ACOSTA,EMCV,29.0,20.0,2.8,https://indomet.gob.do/wp-content/uploads/2026/03/Temperaturas-extremas-y-precipitaciones-29-de-Marzo-2026.pdf
2026-03-29,026,ARPT. EL CATEY,SAMANÁ,INDOMET,EMCI,30.0,20.0,2.6,https://indomet.gob.do/wp-content/uploads/2026/03/Temperaturas-extremas-y-precipitaciones-29-de-Marzo-2026.pdf
2026-03-29,027,ARPT. GREGORIO LUPERÓN,PUERTO PLATA,INDOMET,EMCI,28.4,20.0,2.1,https://indomet.gob.do/wp-content/uploads/2026/03/Temperaturas-extremas-y-precipitaciones-29-de-Marzo-2026.pdf
2026-03-29,028,EL FACTOR (EMA),MARÍA TRINIDAD SÁNCHEZ,INTEC,EMAP,30.3,22.1,2.0,https://indomet.gob.do/wp-content/uploads/2026/03/Temperaturas-extremas-y-precipitaciones-29-de-Marzo-2026.pdf
2026-03-29,029,VILLA VASQUEZ (EMA),MONTE CRISTI,JUNTA DE REGANTES,EMAI,,,2.0,https://indomet.gob.do/wp-content/uploads/2026/03/Temperaturas-extremas-y-precipitaciones-29-de-Marzo-2026.pdf
2026-03-29,030,ARROYO LORO,SAN JUAN,IDIAF,EMCI,32.9,15.7,1.8,https://indomet.gob.do/wp-content/uploads/2026/03/Temperaturas-extremas-y-precipitaciones-29-de-Marzo-2026.pdf
2026-03-29,031,CONSTANZA,LA VEGA,MINISTERIO DE AGRICULTURA,EMCI,24.6,12.0,1.8,https://indomet.gob.do/wp-content/uploads/2026/03/Temperaturas-extremas-y-precipitaciones-29-de-Marzo-2026.pdf
2026-03-29,032,GURABO,SANTIAGO,MINISTERIO DE AGRICULTURA,EMCV,,,1.8,https://indomet.gob.do/wp-content/uploads/2026/03/Temperaturas-extremas-y-precipitaciones-29-de-Marzo-2026.pdf
2026-03-29,033,CONSTANZA (EMA),LA VEGA,PROGRAMA MUNDIAL DE ALIMENTO,EMAP,23.3,13.7,1.6,https://indomet.gob.do/wp-content/uploads/2026/03/Temperaturas-extremas-y-precipitaciones-29-de-Marzo-2026.pdf
2026-03-29,034,NAVARRETE,SANTIAGO,MINISTERIO DE AGRICULTURA,EMCV,,,1.5,https://indomet.gob.do/wp-content/uploads/2026/03/Temperaturas-extremas-y-precipitaciones-29-de-Marzo-2026.pdf
2026-03-29,035,MAO,VALVERDE,INDRHI / MINISTERIO DE AGRICULTURA,EMCV,,,1.2,https://indomet.gob.do/wp-content/uploads/2026/03/Temperaturas-extremas-y-precipitaciones-29-de-Marzo-2026.pdf
2026-03-29,036,MONTE CRISTI,MONTE CRISTI,INDOMET,EMCI,30.5,21.0,1.2,https://indomet.gob.do/wp-content/uploads/2026/03/Temperaturas-extremas-y-precipitaciones-29-de-Marzo-2026.pdf
2026-03-29,037,SAN JOSÉ DE OCOA,SAN JOSÉ DE OCOA,HOSP. SAN JOSÉ DE OCOA,EMCI,28.4,17.1,1.2,https://indomet.gob.do/wp-content/uploads/2026/03/Temperaturas-extremas-y-precipitaciones-29-de-Marzo-2026.pdf
2026-03-29,038,LA VEGA,LA VEGA,IATESA,EMCI,30.0,19.5,1.0,https://indomet.gob.do/wp-content/uploads/2026/03/Temperaturas-extremas-y-precipitaciones-29-de-Marzo-2026.pdf
2026-03-29,039,BAYAGUANA,MONTE PLATA,INDOMET,EMCI,30.4,19.6,0.9,https://indomet.gob.do/wp-content/uploads/2026/03/Temperaturas-extremas-y-precipitaciones-29-de-Marzo-2026.pdf
2026-03-29,040,BOCA DE MAO (EMA),VALVERDE,MINISTERIO DE AGRICULTURA,EMAP,30.9,19.3,0.8,https://indomet.gob.do/wp-content/uploads/2026/03/Temperaturas-extremas-y-precipitaciones-29-de-Marzo-2026.pdf
2026-03-29,041,ANAMUYA (EMA),LA ALTAGRACIA,MINISTERIO DE AGRICULTURA,EMAP,28.7,21.2,0.6,https://indomet.gob.do/wp-content/uploads/2026/03/Temperaturas-extremas-y-precipitaciones-29-de-Marzo-2026.pdf
2026-03-29,042,MICHES (EMA),EL SEIBO,PRIVADA,EMAP,28.2,20.3,0.4,https://indomet.gob.do/wp-content/uploads/2026/03/Temperaturas-extremas-y-precipitaciones-29-de-Marzo-2026.pdf
2026-03-29,043,SAJOMA (EMA),SANTIAGO,PLAN SIERRA,EMAI,,,0.4,https://indomet.gob.do/wp-content/uploads/2026/03/Temperaturas-extremas-y-precipitaciones-29-de-Marzo-2026.pdf
2026-03-29,044,ENRIQUILLO,BARAHONA,MINISTERIO DE AGRICULTURA,EMCV,31.5,21.7,0.3,https://indomet.gob.do/wp-content/uploads/2026/03/Temperaturas-extremas-y-precipitaciones-29-de-Marzo-2026.pdf
2026-03-29,045,HATO MAYOR,HATO MAYOR,MINISTERIO DE AGRICULTURA,EMCV,,,0.3,https://indomet.gob.do/wp-content/uploads/2026/03/Temperaturas-extremas-y-precipitaciones-29-de-Marzo-2026.pdf
2026-03-29,046,LAS CANAS (EMA),MONTE CRISTI,PROGRAMA MUNDIAL DE ALIMENTO,EMAP,26.2,22.1,0.2,https://indomet.gob.do/wp-content/uploads/2026/03/Temperaturas-extremas-y-precipitaciones-29-de-Marzo-2026.pdf
2026-03-29,047,MONCIÓN (EMA),SANTIAGO RODRÍGUEZ,PROGRAMA MUNDIAL DE ALIMENTO,EMAP,28.4,17.6,0.2,https://indomet.gob.do/wp-content/uploads/2026/03/Temperaturas-extremas-y-precipitaciones-29-de-Marzo-2026.pdf
2026-03-29,048,PONTÓN ABAJO (EMA),LA VEGA,MINISTERIO DE AGRICULTURA,EMAP,31.8,20.2,0.2,https://indomet.gob.do/wp-content/uploads/2026/03/Temperaturas-extremas-y-precipitaciones-29-de-Marzo-2026.pdf
2026-03-29,049,ARPT. DEL CIBAO,SANTIAGO,INDOMET,EMCI,30.1,17.6,0.1,https://indomet.gob.do/wp-content/uploads/2026/03/Temperaturas-extremas-y-precipitaciones-29-de-Marzo-2026.pdf
2026-03-29,050,SAN FRANCISCO DE MACORÍS,DUARTE,San Francisco de Macorís (UASD),EMCI,29.4,18.9,0.0,https://indomet.gob.do/wp-content/uploads/2026/03/Temperaturas-extremas-y-precipitaciones-29-de-Marzo-2026.pdf
2026-03-29,051,ARPT. ARROYO BARRIL,SAMANÁ,INDOMET,EMCI,30.0,21.4,0.0,https://indomet.gob.do/wp-content/uploads/2026/03/Temperaturas-extremas-y-precipitaciones-29-de-Marzo-2026.pdf
2026-03-29,052,ARPT. DE LA ROMANA,LA ROMANA,INDOMET,EMCI,29.4,18.5,0.0,https://indomet.gob.do/wp-content/uploads/2026/03/Temperaturas-extremas-y-precipitaciones-29-de-Marzo-2026.pdf
2026-03-29,053,ARPT. DE LAS AMÉRICAS,SANTO DOMINGO,INDOMET,EMCI,30.5,20.1,0.0,https://indomet.gob.do/wp-content/uploads/2026/03/Temperaturas-extremas-y-precipitaciones-29-de-Marzo-2026.pdf
2026-03-29,054,ARPT. DE PUNTA CANA,LA ALTAGRACIA,INDOMET,EMCI,29.8,22.8,0.0,https://indomet.gob.do/wp-content/uploads/2026/03/Temperaturas-extremas-y-precipitaciones-29-de-Marzo-2026.pdf
2026-03-29,055,ARPT. LA ISABELA,SANTO DOMINGO,INDOMET,EMCI,31.8,20.1,0.0,https://indomet.gob.do/wp-content/uploads/2026/03/Temperaturas-extremas-y-precipitaciones-29-de-Marzo-2026.pdf
2026-03-29,056,ARPT. MARÍA MONTEZ,BARAHONA,INDOMET,EMCI,31.8,22.0,0.0,https://indomet.gob.do/wp-content/uploads/2026/03/Temperaturas-extremas-y-precipitaciones-29-de-Marzo-2026.pdf
2026-03-29,057,BANI (EMA),PERAVIA,MINISTERIO DE AGRICULTURA,EMAP,31.5,23.6,0.0,https://indomet.gob.do/wp-content/uploads/2026/03/Temperaturas-extremas-y-precipitaciones-29-de-Marzo-2026.pdf
2026-03-29,058,BASE AÉREA DE SAN ISIDRO,SANTO DOMINGO,FUERZA AÉREA DOMINICANA,EMCV,30.0,20.5,0.0,https://indomet.gob.do/wp-content/uploads/2026/03/Temperaturas-extremas-y-precipitaciones-29-de-Marzo-2026.pdf
2026-03-29,059,BELLA VISTA (EMA),DISTRITO NACIONAL,PRIVADA,EMAP,,,0.0,https://indomet.gob.do/wp-content/uploads/2026/03/Temperaturas-extremas-y-precipitaciones-29-de-Marzo-2026.pdf
2026-03-29,060,CENTRO DE LOS HEROES (EMA),DISTRITO NACIONAL,MINISTERIO DE ENERGIA Y MINA,EMAP,30.7,22.8,0.0,https://indomet.gob.do/wp-content/uploads/2026/03/Temperaturas-extremas-y-precipitaciones-29-de-Marzo-2026.pdf
2026-03-29,061,DAJABÓN,DAJABÓN,INSTITUTO POLITÉCNICO LOYOLA,EMCI,33.0,19.1,0.0,https://indomet.gob.do/wp-content/uploads/2026/03/Temperaturas-extremas-y-precipitaciones-29-de-Marzo-2026.pdf
2026-03-29,062,EL CERCADO,SAN JUAN,MINISTERIO DE AGRICULTURA,EMCV,,,0.0,https://indomet.gob.do/wp-content/uploads/2026/03/Temperaturas-extremas-y-precipitaciones-29-de-Marzo-2026.pdf
2026-03-29,063,EL SEIBO,EL SEIBO,MINISTERIO DE AGRICULTURA,EMCV,,,0.0,https://indomet.gob.do/wp-content/uploads/2026/03/Temperaturas-extremas-y-precipitaciones-29-de-Marzo-2026.pdf
2026-03-29,064,ELÍAS PIÑA,ELÍAS PIÑA,MINISTERIO DE AGRICULTURA,EMCV,,,0.0,https://indomet.gob.do/wp-content/uploads/2026/03/Temperaturas-extremas-y-precipitaciones-29-de-Marzo-2026.pdf
2026-03-29,065,ENSANCHE LA FE (EMA),DISTRITO NACIONAL,PRIVADA,EMAP,,,0.0,https://indomet.gob.do/wp-content/uploads/2026/03/Temperaturas-extremas-y-precipitaciones-29-de-Marzo-2026.pdf
2026-03-29,066,ESCONDIDO,PERAVIA,MINISTERIO DE AGRICULTURA,EMCV,31.0,23.0,0.0,https://indomet.gob.do/wp-content/uploads/2026/03/Temperaturas-extremas-y-precipitaciones-29-de-Marzo-2026.pdf
2026-03-29,067,HONDO VALLE,ELÍAS PIÑA,MINISTERIO DE AGRICULTURA,EMCI,24.0,14.1,0.0,https://indomet.gob.do/wp-content/uploads/2026/03/Temperaturas-extremas-y-precipitaciones-29-de-Marzo-2026.pdf
2026-03-29,068,JARDÍN BOTÁNICO NACIONAL,DISTRITO NACIONAL,JARDÍN BOTÁNICO NACIONAL,EMCV,31.3,18.2,0.0,https://indomet.gob.do/wp-content/uploads/2026/03/Temperaturas-extremas-y-precipitaciones-29-de-Marzo-2026.pdf
2026-03-29,069,JIMANÍ,INDEPENDENCIA,MINISTERIO DE AGRICULTURA,EMCI,34.0,21.8,0.0,https://indomet.gob.do/wp-content/uploads/2026/03/Temperaturas-extremas-y-precipitaciones-29-de-Marzo-2026.pdf
2026-03-29,070,LA AGUSTINA (EMA),DISTRITO NACIONAL,PRIVADA,EMAP,,,0.0,https://indomet.gob.do/wp-content/uploads/2026/03/Temperaturas-extremas-y-precipitaciones-29-de-Marzo-2026.pdf
2026-03-29,071,LA VICTORIA,SANTO DOMINGO,CUERPO DE BOMBEROS,EMCI,31.5,20.2,0.0,https://indomet.gob.do/wp-content/uploads/2026/03/Temperaturas-extremas-y-precipitaciones-29-de-Marzo-2026.pdf
2026-03-29,072,LOS CACICAZGOS (EMA),DISTRITO NACIONAL,PRIVADA,EMAP,,,0.0,https://indomet.gob.do/wp-content/uploads/2026/03/Temperaturas-extremas-y-precipitaciones-29-de-Marzo-2026.pdf
2026-03-29,073,LOS LLANOS,SAN PEDRO DE MACORÍS,MINISTERIO DE AGRICULTURA,EMCI,30.2,20.2,0.0,https://indomet.gob.do/wp-content/uploads/2026/03/Temperaturas-extremas-y-precipitaciones-29-de-Marzo-2026.pdf
2026-03-29,074,LOS PRADOS (EMA),DISTRITO NACIONAL,PRIVADA,EMAP,,,0.0,https://indomet.gob.do/wp-content/uploads/2026/03/Temperaturas-extremas-y-precipitaciones-29-de-Marzo-2026.pdf
2026-03-29,075,OVIEDO,PEDERNALES,CLÍNICA RURAL OVIEDO,EMCI,32.0,21.8,0.0,https://indomet.gob.do/wp-content/uploads/2026/03/Temperaturas-extremas-y-precipitaciones-29-de-Marzo-2026.pdf
2026-03-29,076,PADRE LAS CASAS,AZUA,HOSP. NTRA. SRA. DEL CARMEN,EMCI,31.5,16.2,0.0,https://indomet.gob.do/wp-content/uploads/2026/03/Temperaturas-extremas-y-precipitaciones-29-de-Marzo-2026.pdf
2026-03-29,077,PERALTA,AZUA,HOSP. MPAL. DE PERALTA,EMCI,30.1,17.6,0.0,https://indomet.gob.do/wp-content/uploads/2026/03/Temperaturas-extremas-y-precipitaciones-29-de-Marzo-2026.pdf
2026-03-29,078,PESCADERIA (EMA),BARAHONA,MINISTERIO DE AGRICULTURA,EMAP,,,0.0,https://indomet.gob.do/wp-content/uploads/2026/03/Temperaturas-extremas-y-precipitaciones-29-de-Marzo-2026.pdf
2026-03-29,079,POLO,BARAHONA,INDOCAFE,EMCI,,15.0,0.0,https://indomet.gob.do/wp-content/uploads/2026/03/Temperaturas-extremas-y-precipitaciones-29-de-Marzo-2026.pdf
2026-03-29,080,PROLONGACION 27 DE FEBRERO,DISTRITO NACIONAL,PRIVADA,EMAP,,,0.0,https://indomet.gob.do/wp-content/uploads/2026/03/Temperaturas-extremas-y-precipitaciones-29-de-Marzo-2026.pdf
2026-03-29,081,RESTAURACIÓN,DAJABÓN,MINISTERIO DE AGRICULTURA,EMCI,28.1,15.0,0.0,https://indomet.gob.do/wp-content/uploads/2026/03/Temperaturas-extremas-y-precipitaciones-29-de-Marzo-2026.pdf
2026-03-29,082,SABANA DE LA MAR,HATO MAYOR,INDOMET,EMCI,29.4,21.4,0.0,https://indomet.gob.do/wp-content/uploads/2026/03/Temperaturas-extremas-y-precipitaciones-29-de-Marzo-2026.pdf
2026-03-29,083,SABANA GRANDE DE BOYÁ,MONTE PLATA,MINISTERIO DE AGRICULTURA,EMCV,,,0.0,https://indomet.gob.do/wp-content/uploads/2026/03/Temperaturas-extremas-y-precipitaciones-29-de-Marzo-2026.pdf
2026-03-29,084,SABANETA (EMA),SANTIAGO RODRÍGUEZ,PROGRAMA MUNDIAL DE ALIMENTO,EMAP,31.8,18.6,0.0,https://indomet.gob.do/wp-content/uploads/2026/03/Temperaturas-extremas-y-precipitaciones-29-de-Marzo-2026.pdf
2026-03-29,085,SAN CRISTÓBAL,SAN CRISTÓBAL,INSTITUTO POLITÉCNICO LOYOLA,EMCI,30.2,21.0,0.0,https://indomet.gob.do/wp-content/uploads/2026/03/Temperaturas-extremas-y-precipitaciones-29-de-Marzo-2026.pdf
2026-03-29,086,SAN RAFAEL DEL YUMA,LA ALTAGRACIA,MINISTERIO DE AGRICULTURA,EMCI,30.7,20.0,0.0,https://indomet.gob.do/wp-content/uploads/2026/03/Temperaturas-extremas-y-precipitaciones-29-de-Marzo-2026.pdf
2026-03-29,087,SANTIAGO RODRÍGUEZ,SANTIAGO RODRÍGUEZ,INDOMET,EMCI,32.0,19.4,0.0,https://indomet.gob.do/wp-content/uploads/2026/03/Temperaturas-extremas-y-precipitaciones-29-de-Marzo-2026.pdf
2026-03-29,088,SANTO DOMINGO ESTE,SANTO DOMINGO,INDOMET,EMCI,34.4,21.6,0.0,https://indomet.gob.do/wp-content/uploads/2026/03/Temperaturas-extremas-y-precipitaciones-29-de-Marzo-2026.pdf
2026-03-29,089,TÁBARA ABAJO,AZUA,INDRHI,EMCI,32.0,22.0,0.0,https://indomet.gob.do/wp-content/uploads/2026/03/Temperaturas-extremas-y-precipitaciones-29-de-Marzo-2026.pdf
2026-03-31,001,VILLA ISABELA,PUERTO PLATA,MINISTERIO DE AGRICULTURA,EMCV,27.2,18.5,35.2,https://indomet.gob.do/wp-content/uploads/2026/04/Temperaturas-extremas-y-precipitaciones-31-de-Marzo-2026.pdf
2026-03-31,002,JUMA BEJUCAL,MONSEÑOR NOUEL,IDIAF,EMCV,27.8,20.4,29.6,https://indomet.gob.do/wp-content/uploads/2026/04/Temperaturas-extremas-y-precipitaciones-31-de-Marzo-2026.pdf
2026-03-31,003,ARPT. DEL CIBAO,SANTIAGO,INDOMET,EMCI,27.1,18.0,23.9,https://indomet.gob.do/wp-content/uploads/2026/04/Temperaturas-extremas-y-precipitaciones-31-de-Marzo-2026.pdf
2026-03-31,004,BONAO,MONSEÑOR NOUEL,MINISTERIO DE AGRICULTURA,EMCV,,,23.1,https://indomet.gob.do/wp-content/uploads/2026/04/Temperaturas-extremas-y-precipitaciones-31-de-Marzo-2026.pdf
2026-03-31,005,LA VEGA,LA VEGA,IATESA,EMCI,28.5,20.0,21.0,https://indomet.gob.do/wp-content/uploads/2026/04/Temperaturas-extremas-y-precipitaciones-31-de-Marzo-2026.pdf
2026-03-31,006,PRESA DE TAVERAS (EMA),LA VEGA,PROGRAMA MUNDIAL DE ALIMENTO,EMAP,26.1,18.9,17.2,https://indomet.gob.do/wp-content/uploads/2026/04/Temperaturas-extremas-y-precipitaciones-31-de-Marzo-2026.pdf
2026-03-31,007,LUPERÓN,PUERTO PLATA,MINISTERIO DE AGRICULTURA,EMCV,,,16.5,https://indomet.gob.do/wp-content/uploads/2026/04/Temperaturas-extremas-y-precipitaciones-31-de-Marzo-2026.pdf
2026-03-31,008,TAMBORIL,SANTIAGO,MINISTERIO DE AGRICULTURA,EMCV,,,16.5,https://indomet.gob.do/wp-content/uploads/2026/04/Temperaturas-extremas-y-precipitaciones-31-de-Marzo-2026.pdf
2026-03-31,009,ARPT. DE LAS AMÉRICAS,SANTO DOMINGO,INDOMET,EMCI,30.5,20.4,16.4,https://indomet.gob.do/wp-content/uploads/2026/04/Temperaturas-extremas-y-precipitaciones-31-de-Marzo-2026.pdf
2026-03-31,010,PALO ÍNDIO,PUERTO PLATA,MINISTERIO DE AGRICULTURA,EMCI,,,15.7,https://indomet.gob.do/wp-content/uploads/2026/04/Temperaturas-extremas-y-precipitaciones-31-de-Marzo-2026.pdf
2026-03-31,011,VILLA GONZALES,SANTIAGO,MINISTERIO DE AGRICULTURA,EMCI,,,15.5,https://indomet.gob.do/wp-content/uploads/2026/04/Temperaturas-extremas-y-precipitaciones-31-de-Marzo-2026.pdf
2026-03-31,012,RÍO SAN JUAN,MARÍA TRINIDAD SÁNCHEZ,HOSP. MPAL. DR. DESIDERIO ACOSTA,EMCV,28.6,20.8,15.4,https://indomet.gob.do/wp-content/uploads/2026/04/Temperaturas-extremas-y-precipitaciones-31-de-Marzo-2026.pdf
2026-03-31,013,SAN CRISTÓBAL,SAN CRISTÓBAL,INSTITUTO POLITÉCNICO LOYOLA,EMCI,30.0,20.2,15.4,https://indomet.gob.do/wp-content/uploads/2026/04/Temperaturas-extremas-y-precipitaciones-31-de-Marzo-2026.pdf
2026-03-31,014,NAVARRETE,SANTIAGO,MINISTERIO DE AGRICULTURA,EMCV,,,15.2,https://indomet.gob.do/wp-content/uploads/2026/04/Temperaturas-extremas-y-precipitaciones-31-de-Marzo-2026.pdf
2026-03-31,015,DAJABÓN,DAJABÓN,INSTITUTO POLITÉCNICO LOYOLA,EMCI,34.0,18.7,13.1,https://indomet.gob.do/wp-content/uploads/2026/04/Temperaturas-extremas-y-precipitaciones-31-de-Marzo-2026.pdf
2026-03-31,016,JARABACOA (EMA),LA VEGA,PROGRAMA MUNDIAL DE ALIMENTO,EMAP,26.0,17.4,12.8,https://indomet.gob.do/wp-content/uploads/2026/04/Temperaturas-extremas-y-precipitaciones-31-de-Marzo-2026.pdf
2026-03-31,017,SALCEDO,HERMANAS MIRABAL,PROPIEDAD DEL EMPLEADO,EMCI,,,12.8,https://indomet.gob.do/wp-content/uploads/2026/04/Temperaturas-extremas-y-precipitaciones-31-de-Marzo-2026.pdf
2026-03-31,018,PONTÓN ABAJO (EMA),LA VEGA,MINISTERIO DE AGRICULTURA,EMAP,29.1,20.3,12.6,https://indomet.gob.do/wp-content/uploads/2026/04/Temperaturas-extremas-y-precipitaciones-31-de-Marzo-2026.pdf
2026-03-31,019,ALTAMIRA,PUERTO PLATA,HOSP. MPAL. DE ALTAMIRA,EMCI,27.0,19.4,11.7,https://indomet.gob.do/wp-content/uploads/2026/04/Temperaturas-extremas-y-precipitaciones-31-de-Marzo-2026.pdf
2026-03-31,020,JARABACOA,LA VEGA,INDRHI / MARENA,EMCI,37.0,15.2,11.7,https://indomet.gob.do/wp-content/uploads/2026/04/Temperaturas-extremas-y-precipitaciones-31-de-Marzo-2026.pdf
2026-03-31,021,CENTRO DE LOS HEROES (EMA),DISTRITO NACIONAL,MINISTERIO DE ENERGIA Y MINA,EMAP,30.6,23.7,11.2,https://indomet.gob.do/wp-content/uploads/2026/04/Temperaturas-extremas-y-precipitaciones-31-de-Marzo-2026.pdf
2026-03-31,022,JARDÍN BOTÁNICO SANTIAGO (EMSANTIAGO,,JARDIN BOTANICO SANTIAGO,EMAI,27.2,23.2,11.0,https://indomet.gob.do/wp-content/uploads/2026/04/Temperaturas-extremas-y-precipitaciones-31-de-Marzo-2026.pdf
2026-03-31,023,GURABO,SANTIAGO,MINISTERIO DE AGRICULTURA,EMCV,,,10.2,https://indomet.gob.do/wp-content/uploads/2026/04/Temperaturas-extremas-y-precipitaciones-31-de-Marzo-2026.pdf
2026-03-31,024,LAS CANAS (EMA),MONTE CRISTI,PROGRAMA MUNDIAL DE ALIMENTO,EMAP,25.4,21.2,8.4,https://indomet.gob.do/wp-content/uploads/2026/04/Temperaturas-extremas-y-precipitaciones-31-de-Marzo-2026.pdf
2026-03-31,025,BOCA DE MAO (EMA),VALVERDE,MINISTERIO DE AGRICULTURA,EMAP,28.1,19.8,7.8,https://indomet.gob.do/wp-content/uploads/2026/04/Temperaturas-extremas-y-precipitaciones-31-de-Marzo-2026.pdf
2026-03-31,026,BELLA VISTA (EMA),DISTRITO NACIONAL,PRIVADA,EMAP,,,7.1,https://indomet.gob.do/wp-content/uploads/2026/04/Temperaturas-extremas-y-precipitaciones-31-de-Marzo-2026.pdf
2026-03-31,027,LOS CACICAZGOS (EMA),DISTRITO NACIONAL,PRIVADA,EMAP,,,6.9,https://indomet.gob.do/wp-content/uploads/2026/04/Temperaturas-extremas-y-precipitaciones-31-de-Marzo-2026.pdf
2026-03-31,028,CABRERA,MARÍA TRINIDAD SÁNCHEZ,ESCUELA ARÍSTIDES FIALLO CABRAL,EMCI,30.0,24.0,6.7,https://indomet.gob.do/wp-content/uploads/2026/04/Temperaturas-extremas-y-precipitaciones-31-de-Marzo-2026.pdf
2026-03-31,029,ALTO BANDERA (EMA),LA VEGA,INTEC,EMAP,10.4,2.7,6.4,https://indomet.gob.do/wp-content/uploads/2026/04/Temperaturas-extremas-y-precipitaciones-31-de-Marzo-2026.pdf
2026-03-31,030,MONTE CRISTI,MONTE CRISTI,INDOMET,EMCI,27.8,20.4,6.2,https://indomet.gob.do/wp-content/uploads/2026/04/Temperaturas-extremas-y-precipitaciones-31-de-Marzo-2026.pdf
2026-03-31,031,ARPT. EL CATEY,SAMANÁ,INDOMET,EMCI,31.0,20.0,6.0,https://indomet.gob.do/wp-content/uploads/2026/04/Temperaturas-extremas-y-precipitaciones-31-de-Marzo-2026.pdf
2026-03-31,032,SAMANÁ,SAMANÁ,COMANDANCIA DE PUERTO DE SAMANÁ,EMCI,29.4,16.8,5.6,https://indomet.gob.do/wp-content/uploads/2026/04/Temperaturas-extremas-y-precipitaciones-31-de-Marzo-2026.pdf
2026-03-31,033,PROLONGACION 27 DE FEBRERO,DISTRITO NACIONAL,PRIVADA,EMAP,,,5.5,https://indomet.gob.do/wp-content/uploads/2026/04/Temperaturas-extremas-y-precipitaciones-31-de-Marzo-2026.pdf
2026-03-31,034,EL CERCADO,SAN JUAN,MINISTERIO DE AGRICULTURA,EMCV,,,4.8,https://indomet.gob.do/wp-content/uploads/2026/04/Temperaturas-extremas-y-precipitaciones-31-de-Marzo-2026.pdf
2026-03-31,035,ARPT. ARROYO BARRIL,SAMANÁ,INDOMET,EMCI,29.0,20.5,4.5,https://indomet.gob.do/wp-content/uploads/2026/04/Temperaturas-extremas-y-precipitaciones-31-de-Marzo-2026.pdf
2026-03-31,036,ENSANCHE LA FE (EMA),DISTRITO NACIONAL,PRIVADA,EMAP,,,4.1,https://indomet.gob.do/wp-content/uploads/2026/04/Temperaturas-extremas-y-precipitaciones-31-de-Marzo-2026.pdf
2026-03-31,037,SAN FRANCISCO DE MACORÍS,DUARTE,San Francisco de Macorís (UASD),EMCI,29.2,20.0,4.1,https://indomet.gob.do/wp-content/uploads/2026/04/Temperaturas-extremas-y-precipitaciones-31-de-Marzo-2026.pdf
2026-03-31,038,CONSTANZA (EMA),LA VEGA,PROGRAMA MUNDIAL DE ALIMENTO,EMAP,20.7,14.9,4.0,https://indomet.gob.do/wp-content/uploads/2026/04/Temperaturas-extremas-y-precipitaciones-31-de-Marzo-2026.pdf
2026-03-31,039,MAO,VALVERDE,INDRHI / MINISTERIO DE AGRICULTURA,EMCV,,,3.8,https://indomet.gob.do/wp-content/uploads/2026/04/Temperaturas-extremas-y-precipitaciones-31-de-Marzo-2026.pdf
2026-03-31,040,OVIEDO,PEDERNALES,CLÍNICA RURAL OVIEDO,EMCI,31.0,20.5,3.8,https://indomet.gob.do/wp-content/uploads/2026/04/Temperaturas-extremas-y-precipitaciones-31-de-Marzo-2026.pdf
2026-03-31,041,ARPT. GREGORIO LUPERÓN,PUERTO PLATA,INDOMET,EMCI,28.2,20.6,3.6,https://indomet.gob.do/wp-content/uploads/2026/04/Temperaturas-extremas-y-precipitaciones-31-de-Marzo-2026.pdf
2026-03-31,042,BUCARA (EMA),SANTIAGO,MINISTERIO DE AGRICULTURA,EMAI,,,3.6,https://indomet.gob.do/wp-content/uploads/2026/04/Temperaturas-extremas-y-precipitaciones-31-de-Marzo-2026.pdf
2026-03-31,043,BANI (EMA),PERAVIA,MINISTERIO DE AGRICULTURA,EMAP,31.4,23.4,3.4,https://indomet.gob.do/wp-content/uploads/2026/04/Temperaturas-extremas-y-precipitaciones-31-de-Marzo-2026.pdf
2026-03-31,044,RESTAURACIÓN,DAJABÓN,MINISTERIO DE AGRICULTURA,EMCI,27.6,15.3,3.4,https://indomet.gob.do/wp-content/uploads/2026/04/Temperaturas-extremas-y-precipitaciones-31-de-Marzo-2026.pdf
2026-03-31,045,ESCONDIDO,PERAVIA,MINISTERIO DE AGRICULTURA,EMCV,31.0,22.0,3.3,https://indomet.gob.do/wp-content/uploads/2026/04/Temperaturas-extremas-y-precipitaciones-31-de-Marzo-2026.pdf
2026-03-31,046,JARDÍN BOTÁNICO NACIONAL,DISTRITO NACIONAL,JARDÍN BOTÁNICO NACIONAL,EMCV,29.6,20.7,3.2,https://indomet.gob.do/wp-content/uploads/2026/04/Temperaturas-extremas-y-precipitaciones-31-de-Marzo-2026.pdf
2026-03-31,047,SABANA DE LA MAR,HATO MAYOR,INDOMET,EMCI,29.4,22.4,3.2,https://indomet.gob.do/wp-content/uploads/2026/04/Temperaturas-extremas-y-precipitaciones-31-de-Marzo-2026.pdf
2026-03-31,048,CONSTANZA,LA VEGA,MINISTERIO DE AGRICULTURA,EMCI,22.5,13.5,3.0,https://indomet.gob.do/wp-content/uploads/2026/04/Temperaturas-extremas-y-precipitaciones-31-de-Marzo-2026.pdf
2026-03-31,049,JIMANÍ,INDEPENDENCIA,MINISTERIO DE AGRICULTURA,EMCI,33.0,20.6,3.0,https://indomet.gob.do/wp-content/uploads/2026/04/Temperaturas-extremas-y-precipitaciones-31-de-Marzo-2026.pdf
2026-03-31,050,HONDO VALLE,ELÍAS PIÑA,MINISTERIO DE AGRICULTURA,EMCI,24.1,14.3,2.9,https://indomet.gob.do/wp-content/uploads/2026/04/Temperaturas-extremas-y-precipitaciones-31-de-Marzo-2026.pdf
2026-03-31,051,EL FACTOR (EMA),MARÍA TRINIDAD SÁNCHEZ,INTEC,EMAP,29.9,21.7,2.8,https://indomet.gob.do/wp-content/uploads/2026/04/Temperaturas-extremas-y-precipitaciones-31-de-Marzo-2026.pdf
2026-03-31,052,SÁNCHEZ,SAMANÁ,MINISTERIO DE AGRICULTURA,EMCI,29.6,19.4,2.6,https://indomet.gob.do/wp-content/uploads/2026/04/Temperaturas-extremas-y-precipitaciones-31-de-Marzo-2026.pdf
2026-03-31,053,SAJOMA (EMA),SANTIAGO,PLAN SIERRA,EMAI,19.1,,2.4,https://indomet.gob.do/wp-content/uploads/2026/04/Temperaturas-extremas-y-precipitaciones-31-de-Marzo-2026.pdf
2026-03-31,054,LOS LLANOS,SAN PEDRO DE MACORÍS,MINISTERIO DE AGRICULTURA,EMCI,30.6,20.0,2.2,https://indomet.gob.do/wp-content/uploads/2026/04/Temperaturas-extremas-y-precipitaciones-31-de-Marzo-2026.pdf
2026-03-31,055,GASPAR HERNÁNDEZ,ESPAILLAT,PROPIEDAD DEL EMPLEADO,EMCI,,,1.6,https://indomet.gob.do/wp-content/uploads/2026/04/Temperaturas-extremas-y-precipitaciones-31-de-Marzo-2026.pdf
2026-03-31,056,LOS PRADOS (EMA),DISTRITO NACIONAL,PRIVADA,EMAP,,,1.5,https://indomet.gob.do/wp-content/uploads/2026/04/Temperaturas-extremas-y-precipitaciones-31-de-Marzo-2026.pdf
2026-03-31,057,RANCHO ARRIBA,SAN JOSÉ DE OCOA,CENTRO TECNOLÓGICO COMUNITARIO,EMCI,26.2,17.3,1.4,https://indomet.gob.do/wp-content/uploads/2026/04/Temperaturas-extremas-y-precipitaciones-31-de-Marzo-2026.pdf
2026-03-31,058,LOS JARDINES (EMA),DISTRITO NACIONAL,PRIVADA,EMAP,,,1.0,https://indomet.gob.do/wp-content/uploads/2026/04/Temperaturas-extremas-y-precipitaciones-31-de-Marzo-2026.pdf
2026-03-31,059,ARPT. DE LA ROMANA,LA ROMANA,INDOMET,EMCI,30.3,19.5,0.8,https://indomet.gob.do/wp-content/uploads/2026/04/Temperaturas-extremas-y-precipitaciones-31-de-Marzo-2026.pdf
2026-03-31,060,ARPT. LA ISABELA,SANTO DOMINGO,INDOMET,EMCI,30.5,20.5,0.8,https://indomet.gob.do/wp-content/uploads/2026/04/Temperaturas-extremas-y-precipitaciones-31-de-Marzo-2026.pdf
2026-03-31,061,MONCIÓN (EMA),SANTIAGO RODRÍGUEZ,PROGRAMA MUNDIAL DE ALIMENTO,EMAP,26.7,17.9,0.8,https://indomet.gob.do/wp-content/uploads/2026/04/Temperaturas-extremas-y-precipitaciones-31-de-Marzo-2026.pdf
2026-03-31,062,SANTO DOMINGO ESTE,SANTO DOMINGO,INDOMET,EMCI,31.0,22.0,0.7,https://indomet.gob.do/wp-content/uploads/2026/04/Temperaturas-extremas-y-precipitaciones-31-de-Marzo-2026.pdf
2026-03-31,063,EL MILLON (EMA),DISTRITO NACIONAL,PRIVADA,EMAP,,,0.5,https://indomet.gob.do/wp-content/uploads/2026/04/Temperaturas-extremas-y-precipitaciones-31-de-Marzo-2026.pdf
2026-03-31,064,MICHES (EMA),EL SEIBO,PRIVADA,EMAP,28.3,21.7,0.4,https://indomet.gob.do/wp-content/uploads/2026/04/Temperaturas-extremas-y-precipitaciones-31-de-Marzo-2026.pdf
2026-03-31,065,SAN RAFAEL DEL YUMA,LA ALTAGRACIA,MINISTERIO DE AGRICULTURA,EMCI,31.0,20.9,0.4,https://indomet.gob.do/wp-content/uploads/2026/04/Temperaturas-extremas-y-precipitaciones-31-de-Marzo-2026.pdf
2026-03-31,066,PERALTA,AZUA,HOSP. MPAL. DE PERALTA,EMCI,29.0,14.9,0.2,https://indomet.gob.do/wp-content/uploads/2026/04/Temperaturas-extremas-y-precipitaciones-31-de-Marzo-2026.pdf
2026-03-31,067,ARROYO LORO,SAN JUAN,IDIAF,EMCI,31.6,15.9,0.1,https://indomet.gob.do/wp-content/uploads/2026/04/Temperaturas-extremas-y-precipitaciones-31-de-Marzo-2026.pdf
2026-03-31,068,SANTIAGO RODRÍGUEZ,SANTIAGO RODRÍGUEZ,INDOMET,EMCI,31.1,19.5,0.1,https://indomet.gob.do/wp-content/uploads/2026/04/Temperaturas-extremas-y-precipitaciones-31-de-Marzo-2026.pdf
2026-03-31,069,ANAMUYA (EMA),LA ALTAGRACIA,MINISTERIO DE AGRICULTURA,EMAP,28.8,22.9,0.0,https://indomet.gob.do/wp-content/uploads/2026/04/Temperaturas-extremas-y-precipitaciones-31-de-Marzo-2026.pdf
2026-03-31,070,ARPT. DE PUNTA CANA,LA ALTAGRACIA,INDOMET,EMCI,28.2,23.2,0.0,https://indomet.gob.do/wp-content/uploads/2026/04/Temperaturas-extremas-y-precipitaciones-31-de-Marzo-2026.pdf
2026-03-31,071,ARPT. MARÍA MONTEZ,BARAHONA,INDOMET,EMCI,27.4,20.0,0.0,https://indomet.gob.do/wp-content/uploads/2026/04/Temperaturas-extremas-y-precipitaciones-31-de-Marzo-2026.pdf
2026-03-31,072,BASE AÉREA DE SAN ISIDRO,SANTO DOMINGO,FUERZA AÉREA DOMINICANA,EMCV,30.5,21.2,0.0,https://indomet.gob.do/wp-content/uploads/2026/04/Temperaturas-extremas-y-precipitaciones-31-de-Marzo-2026.pdf
2026-03-31,073,BAYAGUANA,MONTE PLATA,INDOMET,EMCI,30.5,20.8,0.0,https://indomet.gob.do/wp-content/uploads/2026/04/Temperaturas-extremas-y-precipitaciones-31-de-Marzo-2026.pdf
2026-03-31,074,BOHECHÍO,SAN JUAN,MINISTERIO DE AGRICULTURA,EMCV,,,0.0,https://indomet.gob.do/wp-content/uploads/2026/04/Temperaturas-extremas-y-precipitaciones-31-de-Marzo-2026.pdf
2026-03-31,075,EL SEIBO,EL SEIBO,MINISTERIO DE AGRICULTURA,EMCV,,,0.0,https://indomet.gob.do/wp-content/uploads/2026/04/Temperaturas-extremas-y-precipitaciones-31-de-Marzo-2026.pdf
2026-03-31,076,ELÍAS PIÑA,ELÍAS PIÑA,MINISTERIO DE AGRICULTURA,EMCV,,,0.0,https://indomet.gob.do/wp-content/uploads/2026/04/Temperaturas-extremas-y-precipitaciones-31-de-Marzo-2026.pdf
2026-03-31,077,ENRIQUILLO,BARAHONA,MINISTERIO DE AGRICULTURA,EMCV,31.5,22.2,0.0,https://indomet.gob.do/wp-content/uploads/2026/04/Temperaturas-extremas-y-precipitaciones-31-de-Marzo-2026.pdf
2026-03-31,078,HATO MAYOR,HATO MAYOR,MINISTERIO DE AGRICULTURA,EMCV,,,0.0,https://indomet.gob.do/wp-content/uploads/2026/04/Temperaturas-extremas-y-precipitaciones-31-de-Marzo-2026.pdf
2026-03-31,079,LA AGUSTINA (EMA),DISTRITO NACIONAL,PRIVADA,EMAP,,,0.0,https://indomet.gob.do/wp-content/uploads/2026/04/Temperaturas-extremas-y-precipitaciones-31-de-Marzo-2026.pdf
2026-03-31,080,LA VICTORIA,SANTO DOMINGO,CUERPO DE BOMBEROS,EMCI,32.0,21.0,0.0,https://indomet.gob.do/wp-content/uploads/2026/04/Temperaturas-extremas-y-precipitaciones-31-de-Marzo-2026.pdf
2026-03-31,081,LAS MATAS DE FARFÁN,SAN JUAN,MINISTERIO DE AGRICULTURA,EMCV,,,0.0,https://indomet.gob.do/wp-content/uploads/2026/04/Temperaturas-extremas-y-precipitaciones-31-de-Marzo-2026.pdf
2026-03-31,082,LOS TRES CHARCOS (EMA),PEDERNALES,PROPIEDAD DEL VOLUNTARIO,EMAP,,,0.0,https://indomet.gob.do/wp-content/uploads/2026/04/Temperaturas-extremas-y-precipitaciones-31-de-Marzo-2026.pdf
2026-03-31,083,OLIVARES,PEDERNALES,INDRHI,EMCI,,,0.0,https://indomet.gob.do/wp-content/uploads/2026/04/Temperaturas-extremas-y-precipitaciones-31-de-Marzo-2026.pdf
2026-03-31,084,PADRE LAS CASAS,AZUA,HOSP. NTRA. SRA. DEL CARMEN,EMCI,31.0,16.5,0.0,https://indomet.gob.do/wp-content/uploads/2026/04/Temperaturas-extremas-y-precipitaciones-31-de-Marzo-2026.pdf
2026-03-31,085,PEDERNALES,PEDERNALES,INDRHI,EMCI,,,0.0,https://indomet.gob.do/wp-content/uploads/2026/04/Temperaturas-extremas-y-precipitaciones-31-de-Marzo-2026.pdf
2026-03-31,086,PESCADERIA (EMA),BARAHONA,MINISTERIO DE AGRICULTURA,EMAP,,,0.0,https://indomet.gob.do/wp-content/uploads/2026/04/Temperaturas-extremas-y-precipitaciones-31-de-Marzo-2026.pdf
2026-03-31,087,POLO,BARAHONA,INDOCAFE,EMCI,,13.0,0.0,https://indomet.gob.do/wp-content/uploads/2026/04/Temperaturas-extremas-y-precipitaciones-31-de-Marzo-2026.pdf
2026-03-31,088,SABANA GRANDE DE BOYÁ,MONTE PLATA,MINISTERIO DE AGRICULTURA,EMCV,,,0.0,https://indomet.gob.do/wp-content/uploads/2026/04/Temperaturas-extremas-y-precipitaciones-31-de-Marzo-2026.pdf
2026-03-31,089,SABANETA (EMA),SANTIAGO RODRÍGUEZ,PROGRAMA MUNDIAL DE ALIMENTO,EMAP,30.6,19.8,0.0,https://indomet.gob.do/wp-content/uploads/2026/04/Temperaturas-extremas-y-precipitaciones-31-de-Marzo-2026.pdf
2026-03-31,090,SAN JOSÉ DE OCOA,SAN JOSÉ DE OCOA,HOSP. SAN JOSÉ DE OCOA,EMCI,28.8,18.9,0.0,https://indomet.gob.do/wp-content/uploads/2026/04/Temperaturas-extremas-y-precipitaciones-31-de-Marzo-2026.pdf
2026-03-31,091,TÁBARA ABAJO,AZUA,INDRHI,EMCI,32.5,20.0,0.0,https://indomet.gob.do/wp-content/uploads/2026/04/Temperaturas-extremas-y-precipitaciones-31-de-Marzo-2026.pdf
2026-03-31,092,VILLA VASQUEZ (EMA),MONTE CRISTI,JUNTA DE REGANTES,EMAI,,,0.0,https://indomet.gob.do/wp-content/uploads/2026/04/Temperaturas-extremas-y-precipitaciones-31-de-Marzo-2026.pdf
2026-04-02,001,JUMA BEJUCAL,MONSEÑOR NOUEL,IDIAF,EMCV,27.6,19.8,82.6,https://indomet.gob.do/wp-content/uploads/2026/04/Temperaturas-extremas-y-precipitaciones-02-de-Abril-2026.pdf
2026-04-02,002,BUCARA (EMA),SANTIAGO,MINISTERIO DE AGRICULTURA,EMAI,,,68.2,https://indomet.gob.do/wp-content/uploads/2026/04/Temperaturas-extremas-y-precipitaciones-02-de-Abril-2026.pdf
2026-04-02,003,BONAO,MONSEÑOR NOUEL,MINISTERIO DE AGRICULTURA,EMCV,,,58.2,https://indomet.gob.do/wp-content/uploads/2026/04/Temperaturas-extremas-y-precipitaciones-02-de-Abril-2026.pdf
2026-04-02,004,MICHES (EMA),EL SEIBO,PRIVADA,EMAP,28.4,22.8,40.8,https://indomet.gob.do/wp-content/uploads/2026/04/Temperaturas-extremas-y-precipitaciones-02-de-Abril-2026.pdf
2026-04-02,005,PONTÓN ABAJO (EMA),LA VEGA,MINISTERIO DE AGRICULTURA,EMAP,28.3,20.9,39.2,https://indomet.gob.do/wp-content/uploads/2026/04/Temperaturas-extremas-y-precipitaciones-02-de-Abril-2026.pdf
2026-04-02,006,VILLA RIVA,DUARTE,HOSP. MPAL. ALICIA DE LEGENDRE,EMCI,27.0,19.4,34.0,https://indomet.gob.do/wp-content/uploads/2026/04/Temperaturas-extremas-y-precipitaciones-02-de-Abril-2026.pdf
2026-04-02,007,PARQUE MIRADOR NORTE,SANTO DOMINGO,AYUNTAMIENTO,EMCV,,,33.5,https://indomet.gob.do/wp-content/uploads/2026/04/Temperaturas-extremas-y-precipitaciones-02-de-Abril-2026.pdf
2026-04-02,008,JARABACOA,LA VEGA,INDRHI / MARENA,EMCI,27.2,15.6,31.0,https://indomet.gob.do/wp-content/uploads/2026/04/Temperaturas-extremas-y-precipitaciones-02-de-Abril-2026.pdf
2026-04-02,009,RANCHO ARRIBA,SAN JOSÉ DE OCOA,CENTRO TECNOLÓGICO COMUNITARIO,EMCI,25.8,17.3,25.4,https://indomet.gob.do/wp-content/uploads/2026/04/Temperaturas-extremas-y-precipitaciones-02-de-Abril-2026.pdf
2026-04-02,010,LOS PRADOS (EMA),DISTRITO NACIONAL,PRIVADA,EMAP,,,23.9,https://indomet.gob.do/wp-content/uploads/2026/04/Temperaturas-extremas-y-precipitaciones-02-de-Abril-2026.pdf
2026-04-02,011,LA VICTORIA,SANTO DOMINGO,CUERPO DE BOMBEROS,EMCI,30.0,20.5,23.8,https://indomet.gob.do/wp-content/uploads/2026/04/Temperaturas-extremas-y-precipitaciones-02-de-Abril-2026.pdf
2026-04-02,012,CENTRO DE LOS HEROES (EMA),DISTRITO NACIONAL,MINISTERIO DE ENERGIA Y MINA,EMAP,27.7,23.2,21.8,https://indomet.gob.do/wp-content/uploads/2026/04/Temperaturas-extremas-y-precipitaciones-02-de-Abril-2026.pdf
2026-04-02,013,LA AGUSTINA (EMA),DISTRITO NACIONAL,PRIVADA,EMAP,,,20.1,https://indomet.gob.do/wp-content/uploads/2026/04/Temperaturas-extremas-y-precipitaciones-02-de-Abril-2026.pdf
2026-04-02,014,ALTAMIRA,PUERTO PLATA,HOSP. MPAL. DE ALTAMIRA,EMCI,26.4,13.6,20.0,https://indomet.gob.do/wp-content/uploads/2026/04/Temperaturas-extremas-y-precipitaciones-02-de-Abril-2026.pdf
2026-04-02,015,ENSANCHE LA FE (EMA),DISTRITO NACIONAL,PRIVADA,EMAP,,,20.0,https://indomet.gob.do/wp-content/uploads/2026/04/Temperaturas-extremas-y-precipitaciones-02-de-Abril-2026.pdf
2026-04-02,016,ALTO BANDERA (EMA),LA VEGA,INTEC,EMAP,10.0,4.1,18.5,https://indomet.gob.do/wp-content/uploads/2026/04/Temperaturas-extremas-y-precipitaciones-02-de-Abril-2026.pdf
2026-04-02,017,BELLA VISTA (EMA),DISTRITO NACIONAL,PRIVADA,EMAP,,,17.8,https://indomet.gob.do/wp-content/uploads/2026/04/Temperaturas-extremas-y-precipitaciones-02-de-Abril-2026.pdf
2026-04-02,018,VILLA ALTAGRACIA,SAN CRISTÓBAL,ESCUELA JAVIER ANGULO GURIDI,EMCI,,,16.4,https://indomet.gob.do/wp-content/uploads/2026/04/Temperaturas-extremas-y-precipitaciones-02-de-Abril-2026.pdf
2026-04-02,019,VILLA GONZALES,SANTIAGO,MINISTERIO DE AGRICULTURA,EMCI,,,16.3,https://indomet.gob.do/wp-content/uploads/2026/04/Temperaturas-extremas-y-precipitaciones-02-de-Abril-2026.pdf
2026-04-02,020,GASPAR HERNÁNDEZ,ESPAILLAT,PROPIEDAD DEL EMPLEADO,EMCI,,,15.6,https://indomet.gob.do/wp-content/uploads/2026/04/Temperaturas-extremas-y-precipitaciones-02-de-Abril-2026.pdf
2026-04-02,021,LOS CACICAZGOS (EMA),DISTRITO NACIONAL,PRIVADA,EMAP,,,15.5,https://indomet.gob.do/wp-content/uploads/2026/04/Temperaturas-extremas-y-precipitaciones-02-de-Abril-2026.pdf
2026-04-02,022,BASE AÉREA DE SAN ISIDRO,SANTO DOMINGO,FUERZA AÉREA DOMINICANA,EMCV,30.1,20.1,15.1,https://indomet.gob.do/wp-content/uploads/2026/04/Temperaturas-extremas-y-precipitaciones-02-de-Abril-2026.pdf
2026-04-02,023,PROLONGACION 27 DE FEBRERO,DISTRITO NACIONAL,PRIVADA,EMAP,,,14.5,https://indomet.gob.do/wp-content/uploads/2026/04/Temperaturas-extremas-y-precipitaciones-02-de-Abril-2026.pdf
2026-04-02,024,SALCEDO,HERMANAS MIRABAL,PROPIEDAD DEL EMPLEADO,EMCI,,,14.5,https://indomet.gob.do/wp-content/uploads/2026/04/Temperaturas-extremas-y-precipitaciones-02-de-Abril-2026.pdf
2026-04-02,025,ARPT. DEL CIBAO,SANTIAGO,INDOMET,EMCI,28.5,19.6,14.3,https://indomet.gob.do/wp-content/uploads/2026/04/Temperaturas-extremas-y-precipitaciones-02-de-Abril-2026.pdf
2026-04-02,026,SAN CRISTÓBAL,SAN CRISTÓBAL,INSTITUTO POLITÉCNICO LOYOLA,EMCI,28.2,20.2,14.1,https://indomet.gob.do/wp-content/uploads/2026/04/Temperaturas-extremas-y-precipitaciones-02-de-Abril-2026.pdf
2026-04-02,027,LOS JARDINES (EMA),DISTRITO NACIONAL,PRIVADA,EMAP,,,13.8,https://indomet.gob.do/wp-content/uploads/2026/04/Temperaturas-extremas-y-precipitaciones-02-de-Abril-2026.pdf
2026-04-02,028,JARDÍN BOTÁNICO SANTIAGO (EMSANTIAGO,,JARDIN BOTANICO SANTIAGO,EMAI,28.6,22.6,13.0,https://indomet.gob.do/wp-content/uploads/2026/04/Temperaturas-extremas-y-precipitaciones-02-de-Abril-2026.pdf
2026-04-02,029,SAN JOSÉ DE OCOA,SAN JOSÉ DE OCOA,HOSP. SAN JOSÉ DE OCOA,EMCI,21.3,18.1,10.4,https://indomet.gob.do/wp-content/uploads/2026/04/Temperaturas-extremas-y-precipitaciones-02-de-Abril-2026.pdf
2026-04-02,030,ARPT. GREGORIO LUPERÓN,PUERTO PLATA,INDOMET,EMCI,28.6,21.0,10.3,https://indomet.gob.do/wp-content/uploads/2026/04/Temperaturas-extremas-y-precipitaciones-02-de-Abril-2026.pdf
2026-04-02,031,ARPT. DE LAS AMÉRICAS,SANTO DOMINGO,INDOMET,EMCI,28.8,21.2,10.1,https://indomet.gob.do/wp-content/uploads/2026/04/Temperaturas-extremas-y-precipitaciones-02-de-Abril-2026.pdf
2026-04-02,032,VILLA ISABELA,PUERTO PLATA,MINISTERIO DE AGRICULTURA,EMCV,28.8,18.8,9.9,https://indomet.gob.do/wp-content/uploads/2026/04/Temperaturas-extremas-y-precipitaciones-02-de-Abril-2026.pdf
2026-04-02,033,ARPT. EL CATEY,SAMANÁ,INDOMET,EMCI,29.0,20.0,9.2,https://indomet.gob.do/wp-content/uploads/2026/04/Temperaturas-extremas-y-precipitaciones-02-de-Abril-2026.pdf
2026-04-02,034,PRESA DE TAVERAS (EMA),LA VEGA,PROGRAMA MUNDIAL DE ALIMENTO,EMAP,26.6,19.5,9.2,https://indomet.gob.do/wp-content/uploads/2026/04/Temperaturas-extremas-y-precipitaciones-02-de-Abril-2026.pdf
2026-04-02,035,SANTO DOMINGO ESTE,SANTO DOMINGO,INDOMET,EMCI,26.5,20.5,9.2,https://indomet.gob.do/wp-content/uploads/2026/04/Temperaturas-extremas-y-precipitaciones-02-de-Abril-2026.pdf
2026-04-02,036,LUPERÓN,PUERTO PLATA,MINISTERIO DE AGRICULTURA,EMCV,,,9.1,https://indomet.gob.do/wp-content/uploads/2026/04/Temperaturas-extremas-y-precipitaciones-02-de-Abril-2026.pdf
2026-04-02,037,CONSTANZA,LA VEGA,MINISTERIO DE AGRICULTURA,EMCI,22.0,13.0,9.0,https://indomet.gob.do/wp-content/uploads/2026/04/Temperaturas-extremas-y-precipitaciones-02-de-Abril-2026.pdf
2026-04-02,038,CONSTANZA (EMA),LA VEGA,PROGRAMA MUNDIAL DE ALIMENTO,EMAP,20.7,15.1,8.8,https://indomet.gob.do/wp-content/uploads/2026/04/Temperaturas-extremas-y-precipitaciones-02-de-Abril-2026.pdf
2026-04-02,039,LA VEGA,LA VEGA,IATESA,EMCI,27.0,20.5,8.7,https://indomet.gob.do/wp-content/uploads/2026/04/Temperaturas-extremas-y-precipitaciones-02-de-Abril-2026.pdf
2026-04-02,040,GURABO,SANTIAGO,MINISTERIO DE AGRICULTURA,EMCV,,,8.4,https://indomet.gob.do/wp-content/uploads/2026/04/Temperaturas-extremas-y-precipitaciones-02-de-Abril-2026.pdf
2026-04-02,041,LOS LLANOS,SAN PEDRO DE MACORÍS,MINISTERIO DE AGRICULTURA,EMCI,30.2,19.8,8.2,https://indomet.gob.do/wp-content/uploads/2026/04/Temperaturas-extremas-y-precipitaciones-02-de-Abril-2026.pdf
2026-04-02,042,BAYAGUANA,MONTE PLATA,INDOMET,EMCI,30.5,21.0,6.4,https://indomet.gob.do/wp-content/uploads/2026/04/Temperaturas-extremas-y-precipitaciones-02-de-Abril-2026.pdf
2026-04-02,043,PEDERNALES,PEDERNALES,INDRHI,EMCI,,,6.2,https://indomet.gob.do/wp-content/uploads/2026/04/Temperaturas-extremas-y-precipitaciones-02-de-Abril-2026.pdf
2026-04-02,044,SABANA DE LA MAR,HATO MAYOR,INDOMET,EMCI,29.0,22.4,6.1,https://indomet.gob.do/wp-content/uploads/2026/04/Temperaturas-extremas-y-precipitaciones-02-de-Abril-2026.pdf
2026-04-02,045,BANI (EMA),PERAVIA,MINISTERIO DE AGRICULTURA,EMAP,30.3,23.9,5.8,https://indomet.gob.do/wp-content/uploads/2026/04/Temperaturas-extremas-y-precipitaciones-02-de-Abril-2026.pdf
2026-04-02,046,ESCONDIDO,PERAVIA,MINISTERIO DE AGRICULTURA,EMCV,32.0,22.0,5.8,https://indomet.gob.do/wp-content/uploads/2026/04/Temperaturas-extremas-y-precipitaciones-02-de-Abril-2026.pdf
2026-04-02,047,HONDO VALLE,ELÍAS PIÑA,MINISTERIO DE AGRICULTURA,EMCI,24.4,14.7,5.8,https://indomet.gob.do/wp-content/uploads/2026/04/Temperaturas-extremas-y-precipitaciones-02-de-Abril-2026.pdf
2026-04-02,048,OLIVARES,PEDERNALES,INDRHI,EMCI,,,5.0,https://indomet.gob.do/wp-content/uploads/2026/04/Temperaturas-extremas-y-precipitaciones-02-de-Abril-2026.pdf
2026-04-02,049,RÍO SAN JUAN,MARÍA TRINIDAD SÁNCHEZ,HOSP. MPAL. DR. DESIDERIO ACOSTA,EMCV,29.8,21.5,4.6,https://indomet.gob.do/wp-content/uploads/2026/04/Temperaturas-extremas-y-precipitaciones-02-de-Abril-2026.pdf
2026-04-02,050,SAMANÁ,SAMANÁ,COMANDANCIA DE PUERTO DE SAMANÁ,EMCI,29.8,17.5,4.4,https://indomet.gob.do/wp-content/uploads/2026/04/Temperaturas-extremas-y-precipitaciones-02-de-Abril-2026.pdf
2026-04-02,051,EL FACTOR (EMA),MARÍA TRINIDAD SÁNCHEZ,INTEC,EMAP,30.2,22.7,3.8,https://indomet.gob.do/wp-content/uploads/2026/04/Temperaturas-extremas-y-precipitaciones-02-de-Abril-2026.pdf
2026-04-02,052,PALO ÍNDIO,PUERTO PLATA,MINISTERIO DE AGRICULTURA,EMCI,,,3.0,https://indomet.gob.do/wp-content/uploads/2026/04/Temperaturas-extremas-y-precipitaciones-02-de-Abril-2026.pdf
2026-04-02,053,LAS CANAS (EMA),MONTE CRISTI,PROGRAMA MUNDIAL DE ALIMENTO,EMAP,26.3,21.9,2.8,https://indomet.gob.do/wp-content/uploads/2026/04/Temperaturas-extremas-y-precipitaciones-02-de-Abril-2026.pdf
2026-04-02,054,ARPT. DE LA ROMANA,LA ROMANA,INDOMET,EMCI,29.7,20.7,2.7,https://indomet.gob.do/wp-content/uploads/2026/04/Temperaturas-extremas-y-precipitaciones-02-de-Abril-2026.pdf
2026-04-02,055,ARPT. DE PUNTA CANA,LA ALTAGRACIA,INDOMET,EMCI,29.0,20.0,2.6,https://indomet.gob.do/wp-content/uploads/2026/04/Temperaturas-extremas-y-precipitaciones-02-de-Abril-2026.pdf
2026-04-02,056,JIMANÍ,INDEPENDENCIA,MINISTERIO DE AGRICULTURA,EMCI,32.5,22.0,2.2,https://indomet.gob.do/wp-content/uploads/2026/04/Temperaturas-extremas-y-precipitaciones-02-de-Abril-2026.pdf
2026-04-02,057,SÁNCHEZ,SAMANÁ,MINISTERIO DE AGRICULTURA,EMCI,30.1,20.1,2.2,https://indomet.gob.do/wp-content/uploads/2026/04/Temperaturas-extremas-y-precipitaciones-02-de-Abril-2026.pdf
2026-04-02,058,ARPT. ARROYO BARRIL,SAMANÁ,INDOMET,EMCI,30.4,20.5,2.0,https://indomet.gob.do/wp-content/uploads/2026/04/Temperaturas-extremas-y-precipitaciones-02-de-Abril-2026.pdf
2026-04-02,059,ARROYO LORO,SAN JUAN,IDIAF,EMCI,31.4,17.2,1.9,https://indomet.gob.do/wp-content/uploads/2026/04/Temperaturas-extremas-y-precipitaciones-02-de-Abril-2026.pdf
2026-04-02,060,SAJOMA (EMA),SANTIAGO,PLAN SIERRA,EMAI,,,1.2,https://indomet.gob.do/wp-content/uploads/2026/04/Temperaturas-extremas-y-precipitaciones-02-de-Abril-2026.pdf
2026-04-02,061,ANAMUYA (EMA),LA ALTAGRACIA,MINISTERIO DE AGRICULTURA,EMAP,28.9,22.6,0.8,https://indomet.gob.do/wp-content/uploads/2026/04/Temperaturas-extremas-y-precipitaciones-02-de-Abril-2026.pdf
2026-04-02,062,SAN RAFAEL DEL YUMA,LA ALTAGRACIA,MINISTERIO DE AGRICULTURA,EMCI,31.0,21.7,0.6,https://indomet.gob.do/wp-content/uploads/2026/04/Temperaturas-extremas-y-precipitaciones-02-de-Abril-2026.pdf
2026-04-02,063,HATO MAYOR,HATO MAYOR,MINISTERIO DE AGRICULTURA,EMCV,,,0.5,https://indomet.gob.do/wp-content/uploads/2026/04/Temperaturas-extremas-y-precipitaciones-02-de-Abril-2026.pdf
2026-04-02,064,CABRERA,MARÍA TRINIDAD SÁNCHEZ,ESCUELA ARÍSTIDES FIALLO CABRAL,EMCI,30.2,24.4,0.5,https://indomet.gob.do/wp-content/uploads/2026/04/Temperaturas-extremas-y-precipitaciones-02-de-Abril-2026.pdf
2026-04-02,065,POLO,BARAHONA,INDOCAFE,EMCI,,13.0,0.4,https://indomet.gob.do/wp-content/uploads/2026/04/Temperaturas-extremas-y-precipitaciones-02-de-Abril-2026.pdf
2026-04-02,066,VILLA VASQUEZ (EMA),MONTE CRISTI,JUNTA DE REGANTES,EMAI,,,0.4,https://indomet.gob.do/wp-content/uploads/2026/04/Temperaturas-extremas-y-precipitaciones-02-de-Abril-2026.pdf
2026-04-02,067,EL MILLON (EMA),DISTRITO NACIONAL,PRIVADA,EMAP,,,0.3,https://indomet.gob.do/wp-content/uploads/2026/04/Temperaturas-extremas-y-precipitaciones-02-de-Abril-2026.pdf
2026-04-02,068,SABANA GRANDE DE BOYÁ,MONTE PLATA,MINISTERIO DE AGRICULTURA,EMCV,,,0.3,https://indomet.gob.do/wp-content/uploads/2026/04/Temperaturas-extremas-y-precipitaciones-02-de-Abril-2026.pdf
2026-04-02,069,MONCIÓN (EMA),SANTIAGO RODRÍGUEZ,PROGRAMA MUNDIAL DE ALIMENTO,EMAP,28.8,20.1,0.2,https://indomet.gob.do/wp-content/uploads/2026/04/Temperaturas-extremas-y-precipitaciones-02-de-Abril-2026.pdf
2026-04-02,070,PERALTA,AZUA,HOSP. MPAL. DE PERALTA,EMCI,28.5,15.0,0.2,https://indomet.gob.do/wp-content/uploads/2026/04/Temperaturas-extremas-y-precipitaciones-02-de-Abril-2026.pdf
2026-04-02,071,ARPT. MARÍA MONTEZ,BARAHONA,INDOMET,EMCI,32.0,20.2,0.0,https://indomet.gob.do/wp-content/uploads/2026/04/Temperaturas-extremas-y-precipitaciones-02-de-Abril-2026.pdf
2026-04-02,072,BOCA DE MAO (EMA),VALVERDE,MINISTERIO DE AGRICULTURA,EMAP,30.4,19.9,0.0,https://indomet.gob.do/wp-content/uploads/2026/04/Temperaturas-extremas-y-precipitaciones-02-de-Abril-2026.pdf
2026-04-02,073,CABRAL,BARAHONA,MINISTERIO DE AGRICULTURA,EMCV,31.3,20.4,0.0,https://indomet.gob.do/wp-content/uploads/2026/04/Temperaturas-extremas-y-precipitaciones-02-de-Abril-2026.pdf
2026-04-02,074,DAJABÓN,DAJABÓN,INSTITUTO POLITÉCNICO LOYOLA,EMCI,35.0,20.5,0.0,https://indomet.gob.do/wp-content/uploads/2026/04/Temperaturas-extremas-y-precipitaciones-02-de-Abril-2026.pdf
2026-04-02,075,ELÍAS PIÑA,ELÍAS PIÑA,MINISTERIO DE AGRICULTURA,EMCV,,,0.0,https://indomet.gob.do/wp-content/uploads/2026/04/Temperaturas-extremas-y-precipitaciones-02-de-Abril-2026.pdf
2026-04-02,076,ENRIQUILLO,BARAHONA,MINISTERIO DE AGRICULTURA,EMCV,31.0,22.0,0.0,https://indomet.gob.do/wp-content/uploads/2026/04/Temperaturas-extremas-y-precipitaciones-02-de-Abril-2026.pdf
2026-04-02,077,LOS TRES CHARCOS (EMA),PEDERNALES,PROPIEDAD DEL VOLUNTARIO,EMAP,,,0.0,https://indomet.gob.do/wp-content/uploads/2026/04/Temperaturas-extremas-y-precipitaciones-02-de-Abril-2026.pdf
2026-04-02,078,MAO,VALVERDE,INDRHI / MINISTERIO DE AGRICULTURA,EMCV,,,0.0,https://indomet.gob.do/wp-content/uploads/2026/04/Temperaturas-extremas-y-precipitaciones-02-de-Abril-2026.pdf
2026-04-02,079,MONTE CRISTI,MONTE CRISTI,INDOMET,EMCI,30.2,21.6,0.0,https://indomet.gob.do/wp-content/uploads/2026/04/Temperaturas-extremas-y-precipitaciones-02-de-Abril-2026.pdf
2026-04-02,080,NAVARRETE,SANTIAGO,MINISTERIO DE AGRICULTURA,EMCV,,,0.0,https://indomet.gob.do/wp-content/uploads/2026/04/Temperaturas-extremas-y-precipitaciones-02-de-Abril-2026.pdf
2026-04-02,081,OVIEDO,PEDERNALES,CLÍNICA RURAL OVIEDO,EMCI,30.2,20.0,0.0,https://indomet.gob.do/wp-content/uploads/2026/04/Temperaturas-extremas-y-precipitaciones-02-de-Abril-2026.pdf
2026-04-02,082,PADRE LAS CASAS,AZUA,HOSP. NTRA. SRA. DEL CARMEN,EMCI,28.6,16.4,0.0,https://indomet.gob.do/wp-content/uploads/2026/04/Temperaturas-extremas-y-precipitaciones-02-de-Abril-2026.pdf
2026-04-02,083,PESCADERIA (EMA),BARAHONA,MINISTERIO DE AGRICULTURA,EMAP,,,0.0,https://indomet.gob.do/wp-content/uploads/2026/04/Temperaturas-extremas-y-precipitaciones-02-de-Abril-2026.pdf
2026-04-02,084,SABANETA (EMA),SANTIAGO RODRÍGUEZ,PROGRAMA MUNDIAL DE ALIMENTO,EMAP,32.4,22.4,0.0,https://indomet.gob.do/wp-content/uploads/2026/04/Temperaturas-extremas-y-precipitaciones-02-de-Abril-2026.pdf
2026-04-02,085,SANTIAGO RODRÍGUEZ,SANTIAGO RODRÍGUEZ,INDOMET,EMCI,32.5,23.2,0.0,https://indomet.gob.do/wp-content/uploads/2026/04/Temperaturas-extremas-y-precipitaciones-02-de-Abril-2026.pdf
2026-04-02,086,TÁBARA ABAJO,AZUA,INDRHI,EMCI,31.5,20.0,0.0,https://indomet.gob.do/wp-content/uploads/2026/04/Temperaturas-extremas-y-precipitaciones-02-de-Abril-2026.pdf
2026-04-04,001,JUMA BEJUCAL,MONSEÑOR NOUEL,IDIAF,EMCV,28.8,21.6,82.8,https://indomet.gob.do/wp-content/uploads/2026/04/Temperaturas-extremas-y-precipitaciones-04-de-Abril-2026.pdf
2026-04-04,002,BONAO,MONSEÑOR NOUEL,MINISTERIO DE AGRICULTURA,EMCV,,,76.7,https://indomet.gob.do/wp-content/uploads/2026/04/Temperaturas-extremas-y-precipitaciones-04-de-Abril-2026.pdf
2026-04-04,003,LA VICTORIA,SANTO DOMINGO,CUERPO DE BOMBEROS,EMCI,31.6,20.6,65.6,https://indomet.gob.do/wp-content/uploads/2026/04/Temperaturas-extremas-y-precipitaciones-04-de-Abril-2026.pdf
2026-04-04,004,SABANA GRANDE DE BOYÁ,MONTE PLATA,MINISTERIO DE AGRICULTURA,EMCV,,,64.3,https://indomet.gob.do/wp-content/uploads/2026/04/Temperaturas-extremas-y-precipitaciones-04-de-Abril-2026.pdf
2026-04-04,005,VILLA ISABELA,PUERTO PLATA,MINISTERIO DE AGRICULTURA,EMCV,30.5,18.5,62.0,https://indomet.gob.do/wp-content/uploads/2026/04/Temperaturas-extremas-y-precipitaciones-04-de-Abril-2026.pdf
2026-04-04,006,OVIEDO,PEDERNALES,CLÍNICA RURAL OVIEDO,EMCI,31.5,21.5,58.0,https://indomet.gob.do/wp-content/uploads/2026/04/Temperaturas-extremas-y-precipitaciones-04-de-Abril-2026.pdf
2026-04-04,007,LOS LLANOS,SAN PEDRO DE MACORÍS,MINISTERIO DE AGRICULTURA,EMCI,30.8,20.5,46.2,https://indomet.gob.do/wp-content/uploads/2026/04/Temperaturas-extremas-y-precipitaciones-04-de-Abril-2026.pdf
2026-04-04,008,CABRERA,MARÍA TRINIDAD SÁNCHEZ,ESCUELA ARÍSTIDES FIALLO CABRAL,EMCI,31.5,24.0,43.2,https://indomet.gob.do/wp-content/uploads/2026/04/Temperaturas-extremas-y-precipitaciones-04-de-Abril-2026.pdf
2026-04-04,009,ALTAMIRA,PUERTO PLATA,HOSP. MPAL. DE ALTAMIRA,EMCI,30.5,18.6,41.0,https://indomet.gob.do/wp-content/uploads/2026/04/Temperaturas-extremas-y-precipitaciones-04-de-Abril-2026.pdf
2026-04-04,010,ARPT. LA ISABELA,SANTO DOMINGO,INDOMET,EMCI,31.0,18.5,36.6,https://indomet.gob.do/wp-content/uploads/2026/04/Temperaturas-extremas-y-precipitaciones-04-de-Abril-2026.pdf
2026-04-04,011,GURABO,SANTIAGO,MINISTERIO DE AGRICULTURA,EMCV,,,34.3,https://indomet.gob.do/wp-content/uploads/2026/04/Temperaturas-extremas-y-precipitaciones-04-de-Abril-2026.pdf
2026-04-04,012,EL FACTOR (EMA),MARÍA TRINIDAD SÁNCHEZ,INTEC,EMAP,31.1,21.3,33.5,https://indomet.gob.do/wp-content/uploads/2026/04/Temperaturas-extremas-y-precipitaciones-04-de-Abril-2026.pdf
2026-04-04,013,PERALTA,AZUA,HOSP. MPAL. DE PERALTA,EMCI,29.7,16.0,33.4,https://indomet.gob.do/wp-content/uploads/2026/04/Temperaturas-extremas-y-precipitaciones-04-de-Abril-2026.pdf
2026-04-04,014,POLO,BARAHONA,INDOCAFE,EMCI,,18.2,31.3,https://indomet.gob.do/wp-content/uploads/2026/04/Temperaturas-extremas-y-precipitaciones-04-de-Abril-2026.pdf
2026-04-04,015,JARDÍN BOTÁNICO SANTIAGO (EMSANTIAGO,,JARDIN BOTANICO SANTIAGO,EMAI,,,26.2,https://indomet.gob.do/wp-content/uploads/2026/04/Temperaturas-extremas-y-precipitaciones-04-de-Abril-2026.pdf
2026-04-04,016,ARPT. DEL CIBAO,SANTIAGO,INDOMET,EMCI,31.3,18.6,25.3,https://indomet.gob.do/wp-content/uploads/2026/04/Temperaturas-extremas-y-precipitaciones-04-de-Abril-2026.pdf
2026-04-04,017,PONTÓN ABAJO (EMA),LA VEGA,MINISTERIO DE AGRICULTURA,EMAP,32.4,19.6,25.0,https://indomet.gob.do/wp-content/uploads/2026/04/Temperaturas-extremas-y-precipitaciones-04-de-Abril-2026.pdf
2026-04-04,018,ALTO BANDERA (EMA),LA VEGA,INTEC,EMAP,14.3,5.2,22.6,https://indomet.gob.do/wp-content/uploads/2026/04/Temperaturas-extremas-y-precipitaciones-04-de-Abril-2026.pdf
2026-04-04,019,DAJABÓN,DAJABÓN,INSTITUTO POLITÉCNICO LOYOLA,EMCI,34.4,19.0,21.3,https://indomet.gob.do/wp-content/uploads/2026/04/Temperaturas-extremas-y-precipitaciones-04-de-Abril-2026.pdf
2026-04-04,020,LA VEGA,LA VEGA,IATESA,EMCI,31.0,18.5,18.2,https://indomet.gob.do/wp-content/uploads/2026/04/Temperaturas-extremas-y-precipitaciones-04-de-Abril-2026.pdf
2026-04-04,021,ENSANCHE LA FE (EMA),DISTRITO NACIONAL,PRIVADA,EMAP,,,15.8,https://indomet.gob.do/wp-content/uploads/2026/04/Temperaturas-extremas-y-precipitaciones-04-de-Abril-2026.pdf
2026-04-04,022,LA AGUSTINA (EMA),DISTRITO NACIONAL,PRIVADA,EMAP,,,15.7,https://indomet.gob.do/wp-content/uploads/2026/04/Temperaturas-extremas-y-precipitaciones-04-de-Abril-2026.pdf
2026-04-04,023,RANCHO ARRIBA,SAN JOSÉ DE OCOA,CENTRO TECNOLÓGICO COMUNITARIO,EMCI,28.1,15.8,14.4,https://indomet.gob.do/wp-content/uploads/2026/04/Temperaturas-extremas-y-precipitaciones-04-de-Abril-2026.pdf
2026-04-04,024,ARPT. EL CATEY,SAMANÁ,INDOMET,EMCI,30.5,19.5,13.4,https://indomet.gob.do/wp-content/uploads/2026/04/Temperaturas-extremas-y-precipitaciones-04-de-Abril-2026.pdf
2026-04-04,025,CONSTANZA,LA VEGA,MINISTERIO DE AGRICULTURA,EMCI,24.5,10.2,10.6,https://indomet.gob.do/wp-content/uploads/2026/04/Temperaturas-extremas-y-precipitaciones-04-de-Abril-2026.pdf
2026-04-04,026,CONSTANZA (EMA),LA VEGA,PROGRAMA MUNDIAL DE ALIMENTO,EMAP,23.0,11.8,10.2,https://indomet.gob.do/wp-content/uploads/2026/04/Temperaturas-extremas-y-precipitaciones-04-de-Abril-2026.pdf
2026-04-04,027,CABRAL,BARAHONA,MINISTERIO DE AGRICULTURA,EMCV,32.4,22.0,10.0,https://indomet.gob.do/wp-content/uploads/2026/04/Temperaturas-extremas-y-precipitaciones-04-de-Abril-2026.pdf
2026-04-04,028,SALCEDO,HERMANAS MIRABAL,PROPIEDAD DEL EMPLEADO,EMCI,,,10.0,https://indomet.gob.do/wp-content/uploads/2026/04/Temperaturas-extremas-y-precipitaciones-04-de-Abril-2026.pdf
2026-04-04,029,SAN JOSÉ DE OCOA,SAN JOSÉ DE OCOA,HOSP. SAN JOSÉ DE OCOA,EMCI,30.7,17.6,9.2,https://indomet.gob.do/wp-content/uploads/2026/04/Temperaturas-extremas-y-precipitaciones-04-de-Abril-2026.pdf
2026-04-04,030,RESTAURACIÓN,DAJABÓN,MINISTERIO DE AGRICULTURA,EMCI,29.8,14.7,8.2,https://indomet.gob.do/wp-content/uploads/2026/04/Temperaturas-extremas-y-precipitaciones-04-de-Abril-2026.pdf
2026-04-04,031,JARABACOA,LA VEGA,INDRHI / MARENA,EMCI,29.4,12.4,7.0,https://indomet.gob.do/wp-content/uploads/2026/04/Temperaturas-extremas-y-precipitaciones-04-de-Abril-2026.pdf
2026-04-04,032,VILLA RIVA,DUARTE,HOSP. MPAL. ALICIA DE LEGENDRE,EMCI,29.3,18.5,5.8,https://indomet.gob.do/wp-content/uploads/2026/04/Temperaturas-extremas-y-precipitaciones-04-de-Abril-2026.pdf
2026-04-04,033,HATO MAYOR,HATO MAYOR,MINISTERIO DE AGRICULTURA,EMCV,,,5.1,https://indomet.gob.do/wp-content/uploads/2026/04/Temperaturas-extremas-y-precipitaciones-04-de-Abril-2026.pdf
2026-04-04,034,RÍO SAN JUAN,MARÍA TRINIDAD SÁNCHEZ,HOSP. MPAL. DR. DESIDERIO ACOSTA,EMCV,31.3,22.6,4.8,https://indomet.gob.do/wp-content/uploads/2026/04/Temperaturas-extremas-y-precipitaciones-04-de-Abril-2026.pdf
2026-04-04,035,OLIVARES,PEDERNALES,INDRHI,EMCI,,,4.3,https://indomet.gob.do/wp-content/uploads/2026/04/Temperaturas-extremas-y-precipitaciones-04-de-Abril-2026.pdf
2026-04-04,036,SÁNCHEZ,SAMANÁ,MINISTERIO DE AGRICULTURA,EMCI,30.9,18.7,4.2,https://indomet.gob.do/wp-content/uploads/2026/04/Temperaturas-extremas-y-precipitaciones-04-de-Abril-2026.pdf
2026-04-04,037,PRESA DE TAVERAS (EMA),LA VEGA,PROGRAMA MUNDIAL DE ALIMENTO,EMAP,28.5,18.3,4.0,https://indomet.gob.do/wp-content/uploads/2026/04/Temperaturas-extremas-y-precipitaciones-04-de-Abril-2026.pdf
2026-04-04,038,BUCARA (EMA),SANTIAGO,MINISTERIO DE AGRICULTURA,EMAI,,,3.8,https://indomet.gob.do/wp-content/uploads/2026/04/Temperaturas-extremas-y-precipitaciones-04-de-Abril-2026.pdf
2026-04-04,039,BAYAGUANA,MONTE PLATA,INDOMET,EMCI,32.2,18.6,3.5,https://indomet.gob.do/wp-content/uploads/2026/04/Temperaturas-extremas-y-precipitaciones-04-de-Abril-2026.pdf
2026-04-04,040,PALO ÍNDIO,PUERTO PLATA,MINISTERIO DE AGRICULTURA,EMCI,,,3.0,https://indomet.gob.do/wp-content/uploads/2026/04/Temperaturas-extremas-y-precipitaciones-04-de-Abril-2026.pdf
2026-04-04,041,ARPT. GREGORIO LUPERÓN,PUERTO PLATA,INDOMET,EMCI,30.0,20.0,3.0,https://indomet.gob.do/wp-content/uploads/2026/04/Temperaturas-extremas-y-precipitaciones-04-de-Abril-2026.pdf
2026-04-04,042,ENRIQUILLO,BARAHONA,MINISTERIO DE AGRICULTURA,EMCV,31.5,21.0,3.0,https://indomet.gob.do/wp-content/uploads/2026/04/Temperaturas-extremas-y-precipitaciones-04-de-Abril-2026.pdf
2026-04-04,043,SABANA DE LA MAR,HATO MAYOR,INDOMET,EMCI,30.0,21.6,2.7,https://indomet.gob.do/wp-content/uploads/2026/04/Temperaturas-extremas-y-precipitaciones-04-de-Abril-2026.pdf
2026-04-04,044,GASPAR HERNÁNDEZ,ESPAILLAT,PROPIEDAD DEL EMPLEADO,EMCI,,,2.6,https://indomet.gob.do/wp-content/uploads/2026/04/Temperaturas-extremas-y-precipitaciones-04-de-Abril-2026.pdf
2026-04-04,045,NAVARRETE,SANTIAGO,MINISTERIO DE AGRICULTURA,EMCV,,,2.5,https://indomet.gob.do/wp-content/uploads/2026/04/Temperaturas-extremas-y-precipitaciones-04-de-Abril-2026.pdf
2026-04-04,046,SAMANÁ,SAMANÁ,COMANDANCIA DE PUERTO DE SAMANÁ,EMCI,31.0,18.6,2.2,https://indomet.gob.do/wp-content/uploads/2026/04/Temperaturas-extremas-y-precipitaciones-04-de-Abril-2026.pdf
2026-04-04,047,ARROYO LORO,SAN JUAN,IDIAF,EMCI,32.0,18.3,2.0,https://indomet.gob.do/wp-content/uploads/2026/04/Temperaturas-extremas-y-precipitaciones-04-de-Abril-2026.pdf
2026-04-04,048,MONCIÓN (EMA),SANTIAGO RODRÍGUEZ,PROGRAMA MUNDIAL DE ALIMENTO,EMAP,29.6,17.2,1.8,https://indomet.gob.do/wp-content/uploads/2026/04/Temperaturas-extremas-y-precipitaciones-04-de-Abril-2026.pdf
2026-04-04,049,ARPT. DE LA ROMANA,LA ROMANA,INDOMET,EMCI,31.0,19.5,1.7,https://indomet.gob.do/wp-content/uploads/2026/04/Temperaturas-extremas-y-precipitaciones-04-de-Abril-2026.pdf
2026-04-04,050,SANTO DOMINGO ESTE,SANTO DOMINGO,INDOMET,EMCI,31.0,19.5,1.7,https://indomet.gob.do/wp-content/uploads/2026/04/Temperaturas-extremas-y-precipitaciones-04-de-Abril-2026.pdf
2026-04-04,051,ARPT. DE PUNTA CANA,LA ALTAGRACIA,INDOMET,EMCI,29.2,22.2,1.2,https://indomet.gob.do/wp-content/uploads/2026/04/Temperaturas-extremas-y-precipitaciones-04-de-Abril-2026.pdf
2026-04-04,052,SANTIAGO RODRÍGUEZ,SANTIAGO RODRÍGUEZ,INDOMET,EMCI,34.5,20.0,1.1,https://indomet.gob.do/wp-content/uploads/2026/04/Temperaturas-extremas-y-precipitaciones-04-de-Abril-2026.pdf
2026-04-04,053,ARPT. DE LAS AMÉRICAS,SANTO DOMINGO,INDOMET,EMCI,30.1,20.4,1.0,https://indomet.gob.do/wp-content/uploads/2026/04/Temperaturas-extremas-y-precipitaciones-04-de-Abril-2026.pdf
2026-04-04,054,SABANETA (EMA),SANTIAGO RODRÍGUEZ,PROGRAMA MUNDIAL DE ALIMENTO,EMAP,34.4,19.4,1.0,https://indomet.gob.do/wp-content/uploads/2026/04/Temperaturas-extremas-y-precipitaciones-04-de-Abril-2026.pdf
2026-04-04,055,VILLA GONZALES,SANTIAGO,MINISTERIO DE AGRICULTURA,EMCI,,,0.8,https://indomet.gob.do/wp-content/uploads/2026/04/Temperaturas-extremas-y-precipitaciones-04-de-Abril-2026.pdf
2026-04-04,056,EL MILLON (EMA),DISTRITO NACIONAL,PRIVADA,EMAP,,,0.3,https://indomet.gob.do/wp-content/uploads/2026/04/Temperaturas-extremas-y-precipitaciones-04-de-Abril-2026.pdf
2026-04-04,057,HONDO VALLE,ELÍAS PIÑA,MINISTERIO DE AGRICULTURA,EMCI,24.7,14.6,0.1,https://indomet.gob.do/wp-content/uploads/2026/04/Temperaturas-extremas-y-precipitaciones-04-de-Abril-2026.pdf
2026-04-04,058,MONTE CRISTI,MONTE CRISTI,INDOMET,EMCI,31.7,20.2,0.1,https://indomet.gob.do/wp-content/uploads/2026/04/Temperaturas-extremas-y-precipitaciones-04-de-Abril-2026.pdf
2026-04-04,059,PEDERNALES,PEDERNALES,INDRHI,EMCI,,,0.1,https://indomet.gob.do/wp-content/uploads/2026/04/Temperaturas-extremas-y-precipitaciones-04-de-Abril-2026.pdf
2026-04-04,060,ANAMUYA (EMA),LA ALTAGRACIA,MINISTERIO DE AGRICULTURA,EMAP,30.0,22.8,0.0,https://indomet.gob.do/wp-content/uploads/2026/04/Temperaturas-extremas-y-precipitaciones-04-de-Abril-2026.pdf
2026-04-04,061,ARPT. ARROYO BARRIL,SAMANÁ,INDOMET,EMCI,30.0,21.2,0.0,https://indomet.gob.do/wp-content/uploads/2026/04/Temperaturas-extremas-y-precipitaciones-04-de-Abril-2026.pdf
2026-04-04,062,ARPT. MARÍA MONTEZ,BARAHONA,INDOMET,EMCI,31.4,20.5,0.0,https://indomet.gob.do/wp-content/uploads/2026/04/Temperaturas-extremas-y-precipitaciones-04-de-Abril-2026.pdf
2026-04-04,063,BANI (EMA),PERAVIA,MINISTERIO DE AGRICULTURA,EMAP,30.4,22.2,0.0,https://indomet.gob.do/wp-content/uploads/2026/04/Temperaturas-extremas-y-precipitaciones-04-de-Abril-2026.pdf
2026-04-04,064,BELLA VISTA (EMA),DISTRITO NACIONAL,PRIVADA,EMAP,,,0.0,https://indomet.gob.do/wp-content/uploads/2026/04/Temperaturas-extremas-y-precipitaciones-04-de-Abril-2026.pdf
2026-04-04,065,BOCA DE MAO (EMA),VALVERDE,MINISTERIO DE AGRICULTURA,EMAP,33.6,19.9,0.0,https://indomet.gob.do/wp-content/uploads/2026/04/Temperaturas-extremas-y-precipitaciones-04-de-Abril-2026.pdf
2026-04-04,066,CENTRO DE LOS HEROES (EMA),DISTRITO NACIONAL,MINISTERIO DE ENERGIA Y MINA,EMAP,30.2,24.2,0.0,https://indomet.gob.do/wp-content/uploads/2026/04/Temperaturas-extremas-y-precipitaciones-04-de-Abril-2026.pdf
2026-04-04,067,ESCONDIDO,PERAVIA,MINISTERIO DE AGRICULTURA,EMCV,30.0,23.0,0.0,https://indomet.gob.do/wp-content/uploads/2026/04/Temperaturas-extremas-y-precipitaciones-04-de-Abril-2026.pdf
2026-04-04,068,JIMANÍ,INDEPENDENCIA,MINISTERIO DE AGRICULTURA,EMCI,33.2,22.5,0.0,https://indomet.gob.do/wp-content/uploads/2026/04/Temperaturas-extremas-y-precipitaciones-04-de-Abril-2026.pdf
2026-04-04,069,LOS CACICAZGOS (EMA),DISTRITO NACIONAL,PRIVADA,EMAP,,,0.0,https://indomet.gob.do/wp-content/uploads/2026/04/Temperaturas-extremas-y-precipitaciones-04-de-Abril-2026.pdf
2026-04-04,070,LOS COCOS (EMA),BAHORUCO,PRIVADA,EMAP,,,0.0,https://indomet.gob.do/wp-content/uploads/2026/04/Temperaturas-extremas-y-precipitaciones-04-de-Abril-2026.pdf
2026-04-04,071,LOS PRADOS (EMA),DISTRITO NACIONAL,PRIVADA,EMAP,,,0.0,https://indomet.gob.do/wp-content/uploads/2026/04/Temperaturas-extremas-y-precipitaciones-04-de-Abril-2026.pdf
2026-04-04,072,MAO,VALVERDE,INDRHI / MINISTERIO DE AGRICULTURA,EMCV,,,0.0,https://indomet.gob.do/wp-content/uploads/2026/04/Temperaturas-extremas-y-precipitaciones-04-de-Abril-2026.pdf
2026-04-04,073,MICHES (EMA),EL SEIBO,PRIVADA,EMAP,31.4,21.5,0.0,https://indomet.gob.do/wp-content/uploads/2026/04/Temperaturas-extremas-y-precipitaciones-04-de-Abril-2026.pdf
2026-04-04,074,PADRE LAS CASAS,AZUA,HOSP. NTRA. SRA. DEL CARMEN,EMCI,31.0,18.5,0.0,https://indomet.gob.do/wp-content/uploads/2026/04/Temperaturas-extremas-y-precipitaciones-04-de-Abril-2026.pdf
2026-04-04,075,PESCADERIA (EMA),BARAHONA,MINISTERIO DE AGRICULTURA,EMAP,,,0.0,https://indomet.gob.do/wp-content/uploads/2026/04/Temperaturas-extremas-y-precipitaciones-04-de-Abril-2026.pdf
2026-04-04,076,PROLONGACION 27 DE FEBRERO,DISTRITO NACIONAL,PRIVADA,EMAP,,,0.0,https://indomet.gob.do/wp-content/uploads/2026/04/Temperaturas-extremas-y-precipitaciones-04-de-Abril-2026.pdf
2026-04-04,077,SAN CRISTÓBAL,SAN CRISTÓBAL,INSTITUTO POLITÉCNICO LOYOLA,EMCI,30.2,21.2,0.0,https://indomet.gob.do/wp-content/uploads/2026/04/Temperaturas-extremas-y-precipitaciones-04-de-Abril-2026.pdf
2026-04-04,078,SAN RAFAEL DEL YUMA,LA ALTAGRACIA,MINISTERIO DE AGRICULTURA,EMCI,32.2,22.4,0.0,https://indomet.gob.do/wp-content/uploads/2026/04/Temperaturas-extremas-y-precipitaciones-04-de-Abril-2026.pdf
2026-04-04,079,TÁBARA ABAJO,AZUA,INDRHI,EMCI,30.9,18.2,0.0,https://indomet.gob.do/wp-content/uploads/2026/04/Temperaturas-extremas-y-precipitaciones-04-de-Abril-2026.pdf
2026-04-04,080,VILLA VASQUEZ (EMA),MONTE CRISTI,JUNTA DE REGANTES,EMAI,,,0.0,https://indomet.gob.do/wp-content/uploads/2026/04/Temperaturas-extremas-y-precipitaciones-04-de-Abril-2026.pdf
2026-04-04,081,LAS CANAS (EMA),MONTE CRISTI,PROGRAMA MUNDIAL DE ALIMENTO,EMAP,27.6,19.7,,https://indomet.gob.do/wp-content/uploads/2026/04/Temperaturas-extremas-y-precipitaciones-04-de-Abril-2026.pdf
2026-04-05,001,RESTAURACIÓN,DAJABÓN,MINISTERIO DE AGRICULTURA,EMCI,31.5,15.0,64.6,https://indomet.gob.do/wp-content/uploads/2026/04/temperaturas-extremas-y-precipitaciones-2026x04x05-a.pdf
2026-04-05,002,MICHES (EMA),EL SEIBO,PRIVADA,EMAP,,,41.2,https://indomet.gob.do/wp-content/uploads/2026/04/temperaturas-extremas-y-precipitaciones-2026x04x05-a.pdf
2026-04-05,003,HATO MAYOR,HATO MAYOR,MINISTERIO DE AGRICULTURA,EMCV,,,39.9,https://indomet.gob.do/wp-content/uploads/2026/04/temperaturas-extremas-y-precipitaciones-2026x04x05-a.pdf
2026-04-05,004,JUMA BEJUCAL,MONSEÑOR NOUEL,IDIAF,EMCV,28.0,22.2,34.7,https://indomet.gob.do/wp-content/uploads/2026/04/temperaturas-extremas-y-precipitaciones-2026x04x05-a.pdf
2026-04-05,005,ARPT. DE PUNTA CANA,LA ALTAGRACIA,INDOMET,EMCI,28.5,22.0,29.3,https://indomet.gob.do/wp-content/uploads/2026/04/temperaturas-extremas-y-precipitaciones-2026x04x05-a.pdf
2026-04-05,006,ARPT. DE LA ROMANA,LA ROMANA,INDOMET,EMCI,29.5,22.0,28.6,https://indomet.gob.do/wp-content/uploads/2026/04/temperaturas-extremas-y-precipitaciones-2026x04x05-a.pdf
2026-04-05,007,ARPT. DE LAS AMÉRICAS,SANTO DOMINGO,INDOMET,EMCI,29.5,21.0,28.0,https://indomet.gob.do/wp-content/uploads/2026/04/temperaturas-extremas-y-precipitaciones-2026x04x05-a.pdf
2026-04-05,008,GURABO,SANTIAGO,MINISTERIO DE AGRICULTURA,EMCV,,,27.7,https://indomet.gob.do/wp-content/uploads/2026/04/temperaturas-extremas-y-precipitaciones-2026x04x05-a.pdf
2026-04-05,009,PONTÓN ABAJO (EMA),LA VEGA,MINISTERIO DE AGRICULTURA,EMAP,31.0,21.4,27.0,https://indomet.gob.do/wp-content/uploads/2026/04/temperaturas-extremas-y-precipitaciones-2026x04x05-a.pdf
2026-04-05,010,BAYAGUANA,MONTE PLATA,INDOMET,EMCI,30.4,20.2,25.3,https://indomet.gob.do/wp-content/uploads/2026/04/temperaturas-extremas-y-precipitaciones-2026x04x05-a.pdf
2026-04-05,011,ALTAMIRA,PUERTO PLATA,HOSP. MPAL. DE ALTAMIRA,EMCI,29.4,19.0,25.0,https://indomet.gob.do/wp-content/uploads/2026/04/temperaturas-extremas-y-precipitaciones-2026x04x05-a.pdf
2026-04-05,012,BONAO,MONSEÑOR NOUEL,MINISTERIO DE AGRICULTURA,EMCV,,,24.9,https://indomet.gob.do/wp-content/uploads/2026/04/temperaturas-extremas-y-precipitaciones-2026x04x05-a.pdf
2026-04-05,013,MAO,VALVERDE,INDRHI / MINISTERIO DE AGRICULTURA,EMCV,,,24.0,https://indomet.gob.do/wp-content/uploads/2026/04/temperaturas-extremas-y-precipitaciones-2026x04x05-a.pdf
2026-04-05,014,SABANA DE LA MAR,HATO MAYOR,INDOMET,EMCI,30.0,20.4,23.2,https://indomet.gob.do/wp-content/uploads/2026/04/temperaturas-extremas-y-precipitaciones-2026x04x05-a.pdf
2026-04-05,015,LA VEGA,LA VEGA,IATESA,EMCI,31.0,21.5,22.8,https://indomet.gob.do/wp-content/uploads/2026/04/temperaturas-extremas-y-precipitaciones-2026x04x05-a.pdf
2026-04-05,016,LUPERÓN,PUERTO PLATA,MINISTERIO DE AGRICULTURA,EMCV,,,22.1,https://indomet.gob.do/wp-content/uploads/2026/04/temperaturas-extremas-y-precipitaciones-2026x04x05-a.pdf
2026-04-05,017,BOCA DE MAO (EMA),VALVERDE,MINISTERIO DE AGRICULTURA,EMAP,34.4,21.5,19.6,https://indomet.gob.do/wp-content/uploads/2026/04/temperaturas-extremas-y-precipitaciones-2026x04x05-a.pdf
2026-04-05,018,SAMANÁ,SAMANÁ,COMANDANCIA DE PUERTO DE SAMANÁ,EMCI,30.4,16.8,18.2,https://indomet.gob.do/wp-content/uploads/2026/04/temperaturas-extremas-y-precipitaciones-2026x04x05-a.pdf
2026-04-05,019,ANAMUYA (EMA),LA ALTAGRACIA,MINISTERIO DE AGRICULTURA,EMAP,30.0,20.8,16.4,https://indomet.gob.do/wp-content/uploads/2026/04/temperaturas-extremas-y-precipitaciones-2026x04x05-a.pdf
2026-04-05,020,SAN RAFAEL DEL YUMA,LA ALTAGRACIA,MINISTERIO DE AGRICULTURA,EMCI,30.6,21.4,16.0,https://indomet.gob.do/wp-content/uploads/2026/04/temperaturas-extremas-y-precipitaciones-2026x04x05-a.pdf
2026-04-05,021,ARPT. DEL CIBAO,SANTIAGO,INDOMET,EMCI,31.2,18.6,15.3,https://indomet.gob.do/wp-content/uploads/2026/04/temperaturas-extremas-y-precipitaciones-2026x04x05-a.pdf
2026-04-05,022,LOS JENGIBRES,NAGUA,INDRHI,EMCI,,,14.1,https://indomet.gob.do/wp-content/uploads/2026/04/temperaturas-extremas-y-precipitaciones-2026x04x05-a.pdf
2026-04-05,023,EL FACTOR (EMA),MARÍA TRINIDAD SÁNCHEZ,INTEC,EMAP,30.0,21.3,13.2,https://indomet.gob.do/wp-content/uploads/2026/04/temperaturas-extremas-y-precipitaciones-2026x04x05-a.pdf
2026-04-05,024,DAJABÓN,DAJABÓN,INSTITUTO POLITÉCNICO LOYOLA,EMCI,34.0,18.8,11.2,https://indomet.gob.do/wp-content/uploads/2026/04/temperaturas-extremas-y-precipitaciones-2026x04x05-a.pdf
2026-04-05,025,ARPT. EL CATEY,SAMANÁ,INDOMET,EMCI,30.0,20.2,10.6,https://indomet.gob.do/wp-content/uploads/2026/04/temperaturas-extremas-y-precipitaciones-2026x04x05-a.pdf
2026-04-05,026,VILLA ALTAGRACIA,SAN CRISTÓBAL,ESCUELA JAVIER ANGULO GURIDI,EMCI,,,10.1,https://indomet.gob.do/wp-content/uploads/2026/04/temperaturas-extremas-y-precipitaciones-2026x04x05-a.pdf
2026-04-05,027,PARQUE MIRADOR SUR,DISTRITO NACIONAL,AYUNTAMIENTO,EMCV,32.0,22.0,10.0,https://indomet.gob.do/wp-content/uploads/2026/04/temperaturas-extremas-y-precipitaciones-2026x04x05-a.pdf
2026-04-05,028,JARDÍN BOTÁNICO SANTIAGO (EMSANTIAGO,,JARDIN BOTANICO SANTIAGO,EMAI,,,9.2,https://indomet.gob.do/wp-content/uploads/2026/04/temperaturas-extremas-y-precipitaciones-2026x04x05-a.pdf
2026-04-05,029,RÍO SAN JUAN,MARÍA TRINIDAD SÁNCHEZ,HOSP. MPAL. DR. DESIDERIO ACOSTA,EMCV,31.0,21.9,8.6,https://indomet.gob.do/wp-content/uploads/2026/04/temperaturas-extremas-y-precipitaciones-2026x04x05-a.pdf
2026-04-05,030,ARPT. ARROYO BARRIL,SAMANÁ,INDOMET,EMCI,29.8,22.7,8.2,https://indomet.gob.do/wp-content/uploads/2026/04/temperaturas-extremas-y-precipitaciones-2026x04x05-a.pdf
2026-04-05,031,ALTO BANDERA (EMA),LA VEGA,INTEC,EMAP,13.3,7.1,8.1,https://indomet.gob.do/wp-content/uploads/2026/04/temperaturas-extremas-y-precipitaciones-2026x04x05-a.pdf
2026-04-05,032,RANCHO ARRIBA,SAN JOSÉ DE OCOA,CENTRO TECNOLÓGICO COMUNITARIO,EMCI,26.7,17.4,7.2,https://indomet.gob.do/wp-content/uploads/2026/04/temperaturas-extremas-y-precipitaciones-2026x04x05-a.pdf
2026-04-05,033,BUCARA (EMA),SANTIAGO,MINISTERIO DE AGRICULTURA,EMAI,,,7.2,https://indomet.gob.do/wp-content/uploads/2026/04/temperaturas-extremas-y-precipitaciones-2026x04x05-a.pdf
2026-04-05,034,NAVARRETE,SANTIAGO,MINISTERIO DE AGRICULTURA,EMCV,,,7.1,https://indomet.gob.do/wp-content/uploads/2026/04/temperaturas-extremas-y-precipitaciones-2026x04x05-a.pdf
2026-04-05,035,SALCEDO,HERMANAS MIRABAL,PROPIEDAD DEL EMPLEADO,EMCI,,,6.8,https://indomet.gob.do/wp-content/uploads/2026/04/temperaturas-extremas-y-precipitaciones-2026x04x05-a.pdf
2026-04-05,036,TAVERA,SANTIAGO,INDRHI,EMCI,,,6.8,https://indomet.gob.do/wp-content/uploads/2026/04/temperaturas-extremas-y-precipitaciones-2026x04x05-a.pdf
2026-04-05,037,SÁNCHEZ,SAMANÁ,MINISTERIO DE AGRICULTURA,EMCI,29.9,19.5,6.4,https://indomet.gob.do/wp-content/uploads/2026/04/temperaturas-extremas-y-precipitaciones-2026x04x05-a.pdf
2026-04-05,038,PALO ÍNDIO,PUERTO PLATA,MINISTERIO DE AGRICULTURA,EMCI,,,6.4,https://indomet.gob.do/wp-content/uploads/2026/04/temperaturas-extremas-y-precipitaciones-2026x04x05-a.pdf
2026-04-05,039,TAMBORIL,SANTIAGO,MINISTERIO DE AGRICULTURA,EMCV,,,6.4,https://indomet.gob.do/wp-content/uploads/2026/04/temperaturas-extremas-y-precipitaciones-2026x04x05-a.pdf
2026-04-05,040,ENRIQUILLO,BARAHONA,MINISTERIO DE AGRICULTURA,EMCV,31.6,20.5,5.4,https://indomet.gob.do/wp-content/uploads/2026/04/temperaturas-extremas-y-precipitaciones-2026x04x05-a.pdf
2026-04-05,041,PERALTA,AZUA,HOSP. MPAL. DE PERALTA,EMCI,27.6,15.0,5.2,https://indomet.gob.do/wp-content/uploads/2026/04/temperaturas-extremas-y-precipitaciones-2026x04x05-a.pdf
2026-04-05,042,VILLA GONZALES,SANTIAGO,MINISTERIO DE AGRICULTURA,EMCI,,,4.6,https://indomet.gob.do/wp-content/uploads/2026/04/temperaturas-extremas-y-precipitaciones-2026x04x05-a.pdf
2026-04-05,043,ARPT. LA ISABELA,SANTO DOMINGO,INDOMET,EMCI,30.5,19.8,4.5,https://indomet.gob.do/wp-content/uploads/2026/04/temperaturas-extremas-y-precipitaciones-2026x04x05-a.pdf
2026-04-05,044,PRESA DE TAVERAS (EMA),LA VEGA,PROGRAMA MUNDIAL DE ALIMENTO,EMAP,27.5,19.1,3.6,https://indomet.gob.do/wp-content/uploads/2026/04/temperaturas-extremas-y-precipitaciones-2026x04x05-a.pdf
2026-04-05,045,TÁBARA ABAJO,AZUA,INDRHI,EMCI,31.0,19.4,3.5,https://indomet.gob.do/wp-content/uploads/2026/04/temperaturas-extremas-y-precipitaciones-2026x04x05-a.pdf
2026-04-05,046,SANTO DOMINGO ESTE,SANTO DOMINGO,INDOMET,EMCI,29.2,23.0,3.4,https://indomet.gob.do/wp-content/uploads/2026/04/temperaturas-extremas-y-precipitaciones-2026x04x05-a.pdf
2026-04-05,047,LA VICTORIA,SANTO DOMINGO,CUERPO DE BOMBEROS,EMCI,31.5,21.3,3.0,https://indomet.gob.do/wp-content/uploads/2026/04/temperaturas-extremas-y-precipitaciones-2026x04x05-a.pdf
2026-04-05,048,CABRERA,MARÍA TRINIDAD SÁNCHEZ,ESCUELA ARÍSTIDES FIALLO CABRAL,EMCI,31.2,22.0,2.8,https://indomet.gob.do/wp-content/uploads/2026/04/temperaturas-extremas-y-precipitaciones-2026x04x05-a.pdf
2026-04-05,049,GASPAR HERNÁNDEZ,ESPAILLAT,PROPIEDAD DEL EMPLEADO,EMCI,,,2.5,https://indomet.gob.do/wp-content/uploads/2026/04/temperaturas-extremas-y-precipitaciones-2026x04x05-a.pdf
2026-04-05,050,CABRAL,BARAHONA,MINISTERIO DE AGRICULTURA,EMCV,31.7,22.6,2.4,https://indomet.gob.do/wp-content/uploads/2026/04/temperaturas-extremas-y-precipitaciones-2026x04x05-a.pdf
2026-04-05,051,LAS CANAS (EMA),MONTE CRISTI,PROGRAMA MUNDIAL DE ALIMENTO,EMAP,27.9,21.0,2.3,https://indomet.gob.do/wp-content/uploads/2026/04/temperaturas-extremas-y-precipitaciones-2026x04x05-a.pdf
2026-04-05,052,BOHECHÍO,SAN JUAN,MINISTERIO DE AGRICULTURA,EMCV,,,2.2,https://indomet.gob.do/wp-content/uploads/2026/04/temperaturas-extremas-y-precipitaciones-2026x04x05-a.pdf
2026-04-05,053,JARDÍN BOTÁNICO NACIONAL,DISTRITO NACIONAL,JARDÍN BOTÁNICO NACIONAL,EMCV,30.7,19.4,2.2,https://indomet.gob.do/wp-content/uploads/2026/04/temperaturas-extremas-y-precipitaciones-2026x04x05-a.pdf
2026-04-05,054,SANTIAGO RODRÍGUEZ,SANTIAGO RODRÍGUEZ,INDOMET,EMCI,34.8,20.0,2.2,https://indomet.gob.do/wp-content/uploads/2026/04/temperaturas-extremas-y-precipitaciones-2026x04x05-a.pdf
2026-04-05,055,LOS JARDINES (EMA),DISTRITO NACIONAL,PRIVADA,EMAP,,,2.2,https://indomet.gob.do/wp-content/uploads/2026/04/temperaturas-extremas-y-precipitaciones-2026x04x05-a.pdf
2026-04-05,056,SAJOMA (EMA),SANTIAGO,PLAN SIERRA,EMAI,,,2.0,https://indomet.gob.do/wp-content/uploads/2026/04/temperaturas-extremas-y-precipitaciones-2026x04x05-a.pdf
2026-04-05,057,SABANETA (EMA),SANTIAGO RODRÍGUEZ,PROGRAMA MUNDIAL DE ALIMENTO,EMAP,34.8,19.4,2.0,https://indomet.gob.do/wp-content/uploads/2026/04/temperaturas-extremas-y-precipitaciones-2026x04x05-a.pdf
2026-04-05,058,CONSTANZA,LA VEGA,MINISTERIO DE AGRICULTURA,EMCI,25.9,17.7,1.9,https://indomet.gob.do/wp-content/uploads/2026/04/temperaturas-extremas-y-precipitaciones-2026x04x05-a.pdf
2026-04-05,059,CONSTANZA (EMA),LA VEGA,PROGRAMA MUNDIAL DE ALIMENTO,EMAP,24.9,13.9,1.8,https://indomet.gob.do/wp-content/uploads/2026/04/temperaturas-extremas-y-precipitaciones-2026x04x05-a.pdf
2026-04-05,060,VILLA VASQUEZ (EMA),MONTE CRISTI,JUNTA DE REGANTES,EMAI,,,1.8,https://indomet.gob.do/wp-content/uploads/2026/04/temperaturas-extremas-y-precipitaciones-2026x04x05-a.pdf
2026-04-05,061,ARPT. GREGORIO LUPERÓN,PUERTO PLATA,INDOMET,EMCI,30.5,20.5,1.5,https://indomet.gob.do/wp-content/uploads/2026/04/temperaturas-extremas-y-precipitaciones-2026x04x05-a.pdf
2026-04-05,062,JARABACOA,LA VEGA,INDRHI / MARENA,EMCI,29.8,14.0,1.1,https://indomet.gob.do/wp-content/uploads/2026/04/temperaturas-extremas-y-precipitaciones-2026x04x05-a.pdf
2026-04-05,063,MONCIÓN (EMA),SANTIAGO RODRÍGUEZ,PROGRAMA MUNDIAL DE ALIMENTO,EMAP,,,1.0,https://indomet.gob.do/wp-content/uploads/2026/04/temperaturas-extremas-y-precipitaciones-2026x04x05-a.pdf
2026-04-05,064,HONDO VALLE,ELÍAS PIÑA,MINISTERIO DE AGRICULTURA,EMCI,,,0.1,https://indomet.gob.do/wp-content/uploads/2026/04/temperaturas-extremas-y-precipitaciones-2026x04x05-a.pdf
2026-04-05,065,ARPT. MARÍA MONTEZ,BARAHONA,INDOMET,EMCI,31.4,24.3,0.0,https://indomet.gob.do/wp-content/uploads/2026/04/temperaturas-extremas-y-precipitaciones-2026x04x05-a.pdf
2026-04-05,066,ARROYO LORO,SAN JUAN,IDIAF,EMCI,31.8,18.6,0.0,https://indomet.gob.do/wp-content/uploads/2026/04/temperaturas-extremas-y-precipitaciones-2026x04x05-a.pdf
2026-04-05,067,COTUÍ,SÁNCHEZ RAMÍREZ,HOSP. INMACULADA CONCEPCIÓN,EMCV,,,0.0,https://indomet.gob.do/wp-content/uploads/2026/04/temperaturas-extremas-y-precipitaciones-2026x04x05-a.pdf
2026-04-05,068,EL CERCADO,SAN JUAN,MINISTERIO DE AGRICULTURA,EMCV,,,0.0,https://indomet.gob.do/wp-content/uploads/2026/04/temperaturas-extremas-y-precipitaciones-2026x04x05-a.pdf
2026-04-05,069,ELÍAS PIÑA,ELÍAS PIÑA,MINISTERIO DE AGRICULTURA,EMCV,,,0.0,https://indomet.gob.do/wp-content/uploads/2026/04/temperaturas-extremas-y-precipitaciones-2026x04x05-a.pdf
2026-04-05,070,JIMANÍ,INDEPENDENCIA,MINISTERIO DE AGRICULTURA,EMCI,32.4,23.4,0.0,https://indomet.gob.do/wp-content/uploads/2026/04/temperaturas-extremas-y-precipitaciones-2026x04x05-a.pdf
2026-04-05,071,MONTE CRISTI,MONTE CRISTI,INDOMET,EMCI,32.4,20.7,0.0,https://indomet.gob.do/wp-content/uploads/2026/04/temperaturas-extremas-y-precipitaciones-2026x04x05-a.pdf
2026-04-05,072,OLIVARES,PEDERNALES,INDRHI,EMCI,,,0.0,https://indomet.gob.do/wp-content/uploads/2026/04/temperaturas-extremas-y-precipitaciones-2026x04x05-a.pdf
2026-04-05,073,PADRE LAS CASAS,AZUA,HOSP. NTRA. SRA. DEL CARMEN,EMCI,30.5,19.0,0.0,https://indomet.gob.do/wp-content/uploads/2026/04/temperaturas-extremas-y-precipitaciones-2026x04x05-a.pdf
2026-04-05,074,PEDERNALES,PEDERNALES,INDRHI,EMCI,,,0.0,https://indomet.gob.do/wp-content/uploads/2026/04/temperaturas-extremas-y-precipitaciones-2026x04x05-a.pdf
2026-04-05,075,SAN CRISTÓBAL,SAN CRISTÓBAL,INSTITUTO POLITÉCNICO LOYOLA,EMCI,30.0,21.0,0.0,https://indomet.gob.do/wp-content/uploads/2026/04/temperaturas-extremas-y-precipitaciones-2026x04x05-a.pdf
2026-04-05,076,SAN JOSÉ DE OCOA,SAN JOSÉ DE OCOA,HOSP. SAN JOSÉ DE OCOA,EMCI,27.2,18.5,0.0,https://indomet.gob.do/wp-content/uploads/2026/04/temperaturas-extremas-y-precipitaciones-2026x04x05-a.pdf
2026-04-05,077,PESCADERIA (EMA),BARAHONA,MINISTERIO DE AGRICULTURA,EMAP,,,0.0,https://indomet.gob.do/wp-content/uploads/2026/04/temperaturas-extremas-y-precipitaciones-2026x04x05-a.pdf
2026-04-06,001,SAN CRISTÓBAL (EMA),SAN CRISTÓBAL,PRIVADA,EMAP,,,119.6,https://indomet.gob.do/wp-content/uploads/2026/04/Temperaturas-extremas-y-precipitaciones-06-de-Abril-2026.pdf
2026-04-06,002,ARPT. MARÍA MONTEZ,BARAHONA,INDOMET,EMCI,32.2,24.3,98.0,https://indomet.gob.do/wp-content/uploads/2026/04/Temperaturas-extremas-y-precipitaciones-06-de-Abril-2026.pdf
2026-04-06,003,PERALTA,AZUA,HOSP. MPAL. DE PERALTA,EMCI,28.3,18.5,38.0,https://indomet.gob.do/wp-content/uploads/2026/04/Temperaturas-extremas-y-precipitaciones-06-de-Abril-2026.pdf
2026-04-06,004,SAN RAFAEL DEL YUMA,LA ALTAGRACIA,MINISTERIO DE AGRICULTURA,EMCI,30.4,22.0,34.4,https://indomet.gob.do/wp-content/uploads/2026/04/Temperaturas-extremas-y-precipitaciones-06-de-Abril-2026.pdf
2026-04-06,005,ALTAMIRA,PUERTO PLATA,HOSP. MPAL. DE ALTAMIRA,EMCI,30.6,20.0,30.9,https://indomet.gob.do/wp-content/uploads/2026/04/Temperaturas-extremas-y-precipitaciones-06-de-Abril-2026.pdf
2026-04-06,006,ALTO BANDERA (EMA),LA VEGA,INTEC,EMAP,15.0,7.1,22.6,https://indomet.gob.do/wp-content/uploads/2026/04/Temperaturas-extremas-y-precipitaciones-06-de-Abril-2026.pdf
2026-04-06,007,LOS JENGIBRES,NAGUA,INDRHI,EMCI,,,22.1,https://indomet.gob.do/wp-content/uploads/2026/04/Temperaturas-extremas-y-precipitaciones-06-de-Abril-2026.pdf
2026-04-06,008,ELÍAS PIÑA,ELÍAS PIÑA,MINISTERIO DE AGRICULTURA,EMCV,,,22.0,https://indomet.gob.do/wp-content/uploads/2026/04/Temperaturas-extremas-y-precipitaciones-06-de-Abril-2026.pdf
2026-04-06,009,SAJOMA (EMA),SANTIAGO,PLAN SIERRA,EMAI,,,20.4,https://indomet.gob.do/wp-content/uploads/2026/04/Temperaturas-extremas-y-precipitaciones-06-de-Abril-2026.pdf
2026-04-06,010,SAN FRANCISCO DE MACORÍS,DUARTE,San Francisco de Macorís (UASD),EMCI,32.2,20.8,16.8,https://indomet.gob.do/wp-content/uploads/2026/04/Temperaturas-extremas-y-precipitaciones-06-de-Abril-2026.pdf
2026-04-06,011,ARPT. LA ISABELA,SANTO DOMINGO,INDOMET,EMCI,31.8,19.8,15.0,https://indomet.gob.do/wp-content/uploads/2026/04/Temperaturas-extremas-y-precipitaciones-06-de-Abril-2026.pdf
2026-04-06,012,VILLA GONZALES,SANTIAGO,MINISTERIO DE AGRICULTURA,EMCI,,,15.0,https://indomet.gob.do/wp-content/uploads/2026/04/Temperaturas-extremas-y-precipitaciones-06-de-Abril-2026.pdf
2026-04-06,013,SANTO DOMINGO ESTE,SANTO DOMINGO,INDOMET,EMCI,30.0,21.1,14.3,https://indomet.gob.do/wp-content/uploads/2026/04/Temperaturas-extremas-y-precipitaciones-06-de-Abril-2026.pdf
2026-04-06,014,SAN CRISTÓBAL,SAN CRISTÓBAL,INSTITUTO POLITÉCNICO LOYOLA,EMCI,30.0,19.0,14.2,https://indomet.gob.do/wp-content/uploads/2026/04/Temperaturas-extremas-y-precipitaciones-06-de-Abril-2026.pdf
2026-04-06,015,EL SEIBO,EL SEIBO,MINISTERIO DE AGRICULTURA,EMCV,,,12.7,https://indomet.gob.do/wp-content/uploads/2026/04/Temperaturas-extremas-y-precipitaciones-06-de-Abril-2026.pdf
2026-04-06,016,PASO AL MEDIO,SAN PEDRO DE MACORÍS,INDRHI,EMCI,,,11.4,https://indomet.gob.do/wp-content/uploads/2026/04/Temperaturas-extremas-y-precipitaciones-06-de-Abril-2026.pdf
2026-04-06,017,NAVARRETE,SANTIAGO,MINISTERIO DE AGRICULTURA,EMCV,,,11.2,https://indomet.gob.do/wp-content/uploads/2026/04/Temperaturas-extremas-y-precipitaciones-06-de-Abril-2026.pdf
2026-04-06,018,ARPT. DE LA ROMANA,LA ROMANA,INDOMET,EMCI,29.6,20.5,11.0,https://indomet.gob.do/wp-content/uploads/2026/04/Temperaturas-extremas-y-precipitaciones-06-de-Abril-2026.pdf
2026-04-06,019,SÁNCHEZ,SAMANÁ,MINISTERIO DE AGRICULTURA,EMCI,30.2,19.8,10.4,https://indomet.gob.do/wp-content/uploads/2026/04/Temperaturas-extremas-y-precipitaciones-06-de-Abril-2026.pdf
2026-04-06,020,PROLONGACION 27 DE FEBRERO,DISTRITO NACIONAL,PRIVADA,EMAP,,,9.8,https://indomet.gob.do/wp-content/uploads/2026/04/Temperaturas-extremas-y-precipitaciones-06-de-Abril-2026.pdf
2026-04-06,021,JARABACOA (EMA),LA VEGA,PROGRAMA MUNDIAL DE ALIMENTO,EMAP,26.6,17.6,9.6,https://indomet.gob.do/wp-content/uploads/2026/04/Temperaturas-extremas-y-precipitaciones-06-de-Abril-2026.pdf
2026-04-06,022,SAMANÁ,SAMANÁ,COMANDANCIA DE PUERTO DE SAMANÁ,EMCI,30.9,17.4,9.4,https://indomet.gob.do/wp-content/uploads/2026/04/Temperaturas-extremas-y-precipitaciones-06-de-Abril-2026.pdf
2026-04-06,023,TAVERA,SANTIAGO,INDRHI,EMCI,,,8.9,https://indomet.gob.do/wp-content/uploads/2026/04/Temperaturas-extremas-y-precipitaciones-06-de-Abril-2026.pdf
2026-04-06,024,ANAMUYA (EMA),LA ALTAGRACIA,MINISTERIO DE AGRICULTURA,EMAP,30.0,23.3,8.8,https://indomet.gob.do/wp-content/uploads/2026/04/Temperaturas-extremas-y-precipitaciones-06-de-Abril-2026.pdf
2026-04-06,025,JARABACOA,LA VEGA,INDRHI / MARENA,EMCI,28.0,14.6,8.5,https://indomet.gob.do/wp-content/uploads/2026/04/Temperaturas-extremas-y-precipitaciones-06-de-Abril-2026.pdf
2026-04-06,026,EL CERCADO,SAN JUAN,MINISTERIO DE AGRICULTURA,EMCV,,,7.8,https://indomet.gob.do/wp-content/uploads/2026/04/Temperaturas-extremas-y-precipitaciones-06-de-Abril-2026.pdf
2026-04-06,027,BUCARA (EMA),SANTIAGO,MINISTERIO DE AGRICULTURA,EMAI,,,7.4,https://indomet.gob.do/wp-content/uploads/2026/04/Temperaturas-extremas-y-precipitaciones-06-de-Abril-2026.pdf
2026-04-06,028,JUMA BEJUCAL,MONSEÑOR NOUEL,IDIAF,EMCV,29.4,21.4,7.2,https://indomet.gob.do/wp-content/uploads/2026/04/Temperaturas-extremas-y-precipitaciones-06-de-Abril-2026.pdf
2026-04-06,029,SALCEDO,HERMANAS MIRABAL,PROPIEDAD DEL EMPLEADO,EMCI,,,7.2,https://indomet.gob.do/wp-content/uploads/2026/04/Temperaturas-extremas-y-precipitaciones-06-de-Abril-2026.pdf
2026-04-06,030,JARDÍN BOTÁNICO SANTIAGO (EMSANTIAGO,,JARDIN BOTANICO SANTIAGO,EMAI,31.9,22.8,7.0,https://indomet.gob.do/wp-content/uploads/2026/04/Temperaturas-extremas-y-precipitaciones-06-de-Abril-2026.pdf
2026-04-06,031,CONSTANZA,LA VEGA,MINISTERIO DE AGRICULTURA,EMCI,27.7,13.2,6.5,https://indomet.gob.do/wp-content/uploads/2026/04/Temperaturas-extremas-y-precipitaciones-06-de-Abril-2026.pdf
2026-04-06,032,PARQUE MIRADOR NORTE,SANTO DOMINGO,AYUNTAMIENTO,EMCV,,,6.1,https://indomet.gob.do/wp-content/uploads/2026/04/Temperaturas-extremas-y-precipitaciones-06-de-Abril-2026.pdf
2026-04-06,033,TAMBORIL,SANTIAGO,MINISTERIO DE AGRICULTURA,EMCV,,,6.1,https://indomet.gob.do/wp-content/uploads/2026/04/Temperaturas-extremas-y-precipitaciones-06-de-Abril-2026.pdf
2026-04-06,034,CONSTANZA (EMA),LA VEGA,PROGRAMA MUNDIAL DE ALIMENTO,EMAP,25.8,14.8,5.8,https://indomet.gob.do/wp-content/uploads/2026/04/Temperaturas-extremas-y-precipitaciones-06-de-Abril-2026.pdf
2026-04-06,035,SABANA DE LA MAR,HATO MAYOR,INDOMET,EMCI,29.6,22.0,5.6,https://indomet.gob.do/wp-content/uploads/2026/04/Temperaturas-extremas-y-precipitaciones-06-de-Abril-2026.pdf
2026-04-06,036,TÁBARA ABAJO,AZUA,INDRHI,EMCI,31.5,18.4,5.3,https://indomet.gob.do/wp-content/uploads/2026/04/Temperaturas-extremas-y-precipitaciones-06-de-Abril-2026.pdf
2026-04-06,037,PRESA DE TAVERAS (EMA),LA VEGA,PROGRAMA MUNDIAL DE ALIMENTO,EMAP,29.5,20.1,5.0,https://indomet.gob.do/wp-content/uploads/2026/04/Temperaturas-extremas-y-precipitaciones-06-de-Abril-2026.pdf
2026-04-06,038,ARPT. DEL CIBAO,SANTIAGO,INDOMET,EMCI,31.4,20.7,4.9,https://indomet.gob.do/wp-content/uploads/2026/04/Temperaturas-extremas-y-precipitaciones-06-de-Abril-2026.pdf
2026-04-06,039,HONDO VALLE,ELÍAS PIÑA,MINISTERIO DE AGRICULTURA,EMCI,25.8,16.5,4.8,https://indomet.gob.do/wp-content/uploads/2026/04/Temperaturas-extremas-y-precipitaciones-06-de-Abril-2026.pdf
2026-04-06,040,SABANETA (EMA),SANTIAGO RODRÍGUEZ,PROGRAMA MUNDIAL DE ALIMENTO,EMAP,,,4.8,https://indomet.gob.do/wp-content/uploads/2026/04/Temperaturas-extremas-y-precipitaciones-06-de-Abril-2026.pdf
2026-04-06,041,LOS CACICAZGOS (EMA),DISTRITO NACIONAL,PRIVADA,EMAP,,,4.3,https://indomet.gob.do/wp-content/uploads/2026/04/Temperaturas-extremas-y-precipitaciones-06-de-Abril-2026.pdf
2026-04-06,042,HATO MAYOR,HATO MAYOR,MINISTERIO DE AGRICULTURA,EMCV,,,4.1,https://indomet.gob.do/wp-content/uploads/2026/04/Temperaturas-extremas-y-precipitaciones-06-de-Abril-2026.pdf
2026-04-06,043,BANI (EMA),PERAVIA,MINISTERIO DE AGRICULTURA,EMAP,30.6,22.9,4.0,https://indomet.gob.do/wp-content/uploads/2026/04/Temperaturas-extremas-y-precipitaciones-06-de-Abril-2026.pdf
2026-04-06,044,MICHES (EMA),EL SEIBO,PRIVADA,EMAP,30.7,23.0,4.0,https://indomet.gob.do/wp-content/uploads/2026/04/Temperaturas-extremas-y-precipitaciones-06-de-Abril-2026.pdf
2026-04-06,045,POLO,BARAHONA,INDOCAFE,EMCI,,18.5,4.0,https://indomet.gob.do/wp-content/uploads/2026/04/Temperaturas-extremas-y-precipitaciones-06-de-Abril-2026.pdf
2026-04-06,046,PALO ÍNDIO,PUERTO PLATA,MINISTERIO DE AGRICULTURA,EMCI,,,3.8,https://indomet.gob.do/wp-content/uploads/2026/04/Temperaturas-extremas-y-precipitaciones-06-de-Abril-2026.pdf
2026-04-06,047,ENRIQUILLO,BARAHONA,MINISTERIO DE AGRICULTURA,EMCV,32.0,20.5,3.8,https://indomet.gob.do/wp-content/uploads/2026/04/Temperaturas-extremas-y-precipitaciones-06-de-Abril-2026.pdf
2026-04-06,048,SANTIAGO RODRÍGUEZ,SANTIAGO RODRÍGUEZ,INDOMET,EMCI,35.4,21.5,3.5,https://indomet.gob.do/wp-content/uploads/2026/04/Temperaturas-extremas-y-precipitaciones-06-de-Abril-2026.pdf
2026-04-06,049,OVIEDO,PEDERNALES,CLÍNICA RURAL OVIEDO,EMCI,31.8,20.0,3.4,https://indomet.gob.do/wp-content/uploads/2026/04/Temperaturas-extremas-y-precipitaciones-06-de-Abril-2026.pdf
2026-04-06,050,BONAO,MONSEÑOR NOUEL,MINISTERIO DE AGRICULTURA,EMCV,,,3.0,https://indomet.gob.do/wp-content/uploads/2026/04/Temperaturas-extremas-y-precipitaciones-06-de-Abril-2026.pdf
2026-04-06,051,JARDÍN BOTÁNICO NACIONAL,DISTRITO NACIONAL,JARDÍN BOTÁNICO NACIONAL,EMCV,31.8,19.0,2.6,https://indomet.gob.do/wp-content/uploads/2026/04/Temperaturas-extremas-y-precipitaciones-06-de-Abril-2026.pdf
2026-04-06,052,RANCHO ARRIBA,SAN JOSÉ DE OCOA,CENTRO TECNOLÓGICO COMUNITARIO,EMCI,28.4,18.3,2.6,https://indomet.gob.do/wp-content/uploads/2026/04/Temperaturas-extremas-y-precipitaciones-06-de-Abril-2026.pdf
2026-04-06,053,ARPT. ARROYO BARRIL,SAMANÁ,INDOMET,EMCI,30.7,21.5,2.5,https://indomet.gob.do/wp-content/uploads/2026/04/Temperaturas-extremas-y-precipitaciones-06-de-Abril-2026.pdf
2026-04-06,054,CABRERA,MARÍA TRINIDAD SÁNCHEZ,ESCUELA ARÍSTIDES FIALLO CABRAL,EMCI,31.5,22.5,2.5,https://indomet.gob.do/wp-content/uploads/2026/04/Temperaturas-extremas-y-precipitaciones-06-de-Abril-2026.pdf
2026-04-06,055,GASPAR HERNÁNDEZ,ESPAILLAT,PROPIEDAD DEL EMPLEADO,EMCI,,,2.4,https://indomet.gob.do/wp-content/uploads/2026/04/Temperaturas-extremas-y-precipitaciones-06-de-Abril-2026.pdf
2026-04-06,056,LA VEGA,LA VEGA,IATESA,EMCI,31.0,21.0,2.0,https://indomet.gob.do/wp-content/uploads/2026/04/Temperaturas-extremas-y-precipitaciones-06-de-Abril-2026.pdf
2026-04-06,057,EL FACTOR (EMA),MARÍA TRINIDAD SÁNCHEZ,INTEC,EMAP,32.2,22.9,1.8,https://indomet.gob.do/wp-content/uploads/2026/04/Temperaturas-extremas-y-precipitaciones-06-de-Abril-2026.pdf
2026-04-06,058,PONTÓN ABAJO (EMA),LA VEGA,MINISTERIO DE AGRICULTURA,EMAP,32.3,21.6,1.6,https://indomet.gob.do/wp-content/uploads/2026/04/Temperaturas-extremas-y-precipitaciones-06-de-Abril-2026.pdf
2026-04-06,059,SAN JOSÉ DE OCOA,SAN JOSÉ DE OCOA,HOSP. SAN JOSÉ DE OCOA,EMCI,29.4,18.6,1.6,https://indomet.gob.do/wp-content/uploads/2026/04/Temperaturas-extremas-y-precipitaciones-06-de-Abril-2026.pdf
2026-04-06,060,CENTRO DE LOS HEROES (EMA),DISTRITO NACIONAL,MINISTERIO DE ENERGIA Y MINA,EMAP,30.2,24.8,1.4,https://indomet.gob.do/wp-content/uploads/2026/04/Temperaturas-extremas-y-precipitaciones-06-de-Abril-2026.pdf
2026-04-06,061,ARPT. GREGORIO LUPERÓN,PUERTO PLATA,INDOMET,EMCI,30.0,21.0,1.3,https://indomet.gob.do/wp-content/uploads/2026/04/Temperaturas-extremas-y-precipitaciones-06-de-Abril-2026.pdf
2026-04-06,062,MONCIÓN (EMA),SANTIAGO RODRÍGUEZ,PROGRAMA MUNDIAL DE ALIMENTO,EMAP,31.2,18.9,1.2,https://indomet.gob.do/wp-content/uploads/2026/04/Temperaturas-extremas-y-precipitaciones-06-de-Abril-2026.pdf
2026-04-06,063,ARPT. EL CATEY,SAMANÁ,INDOMET,EMCI,29.3,20.4,1.0,https://indomet.gob.do/wp-content/uploads/2026/04/Temperaturas-extremas-y-precipitaciones-06-de-Abril-2026.pdf
2026-04-06,064,ENSANCHE LA FE (EMA),DISTRITO NACIONAL,PRIVADA,EMAP,,,1.0,https://indomet.gob.do/wp-content/uploads/2026/04/Temperaturas-extremas-y-precipitaciones-06-de-Abril-2026.pdf
2026-04-06,065,LA AGUSTINA (EMA),DISTRITO NACIONAL,PRIVADA,EMAP,,,1.0,https://indomet.gob.do/wp-content/uploads/2026/04/Temperaturas-extremas-y-precipitaciones-06-de-Abril-2026.pdf
2026-04-06,066,ARPT. DE LAS AMÉRICAS,SANTO DOMINGO,INDOMET,EMCI,29.5,20.6,0.8,https://indomet.gob.do/wp-content/uploads/2026/04/Temperaturas-extremas-y-precipitaciones-06-de-Abril-2026.pdf
2026-04-06,067,VILLA VASQUEZ (EMA),MONTE CRISTI,JUNTA DE REGANTES,EMAI,,,0.8,https://indomet.gob.do/wp-content/uploads/2026/04/Temperaturas-extremas-y-precipitaciones-06-de-Abril-2026.pdf
2026-04-06,068,BASE AÉREA DE SAN ISIDRO,SANTO DOMINGO,FUERZA AÉREA DOMINICANA,EMCV,29.0,22.0,0.8,https://indomet.gob.do/wp-content/uploads/2026/04/Temperaturas-extremas-y-precipitaciones-06-de-Abril-2026.pdf
2026-04-06,069,JIMANÍ,INDEPENDENCIA,MINISTERIO DE AGRICULTURA,EMCI,34.0,23.5,0.6,https://indomet.gob.do/wp-content/uploads/2026/04/Temperaturas-extremas-y-precipitaciones-06-de-Abril-2026.pdf
2026-04-06,070,ARPT. DE PUNTA CANA,LA ALTAGRACIA,INDOMET,EMCI,29.5,20.0,0.4,https://indomet.gob.do/wp-content/uploads/2026/04/Temperaturas-extremas-y-precipitaciones-06-de-Abril-2026.pdf
2026-04-06,071,BOCA DE MAO (EMA),VALVERDE,MINISTERIO DE AGRICULTURA,EMAP,33.1,21.2,0.4,https://indomet.gob.do/wp-content/uploads/2026/04/Temperaturas-extremas-y-precipitaciones-06-de-Abril-2026.pdf
2026-04-06,072,MAO,VALVERDE,INDRHI / MINISTERIO DE AGRICULTURA,EMCV,,,0.4,https://indomet.gob.do/wp-content/uploads/2026/04/Temperaturas-extremas-y-precipitaciones-06-de-Abril-2026.pdf
2026-04-06,073,RÍO SAN JUAN,MARÍA TRINIDAD SÁNCHEZ,HOSP. MPAL. DR. DESIDERIO ACOSTA,EMCV,33.0,23.5,0.4,https://indomet.gob.do/wp-content/uploads/2026/04/Temperaturas-extremas-y-precipitaciones-06-de-Abril-2026.pdf
2026-04-06,074,LA VICTORIA,SANTO DOMINGO,CUERPO DE BOMBEROS,EMCI,32.0,23.0,0.2,https://indomet.gob.do/wp-content/uploads/2026/04/Temperaturas-extremas-y-precipitaciones-06-de-Abril-2026.pdf
2026-04-06,075,LOS LLANOS,SAN PEDRO DE MACORÍS,MINISTERIO DE AGRICULTURA,EMCI,30.5,22.5,0.2,https://indomet.gob.do/wp-content/uploads/2026/04/Temperaturas-extremas-y-precipitaciones-06-de-Abril-2026.pdf
2026-04-06,076,RESTAURACIÓN,DAJABÓN,MINISTERIO DE AGRICULTURA,EMCI,30.3,15.9,0.1,https://indomet.gob.do/wp-content/uploads/2026/04/Temperaturas-extremas-y-precipitaciones-06-de-Abril-2026.pdf
2026-04-06,077,ARROYO LORO,SAN JUAN,IDIAF,EMCI,32.9,20.2,0.0,https://indomet.gob.do/wp-content/uploads/2026/04/Temperaturas-extremas-y-precipitaciones-06-de-Abril-2026.pdf
2026-04-06,078,BAYAGUANA,MONTE PLATA,INDOMET,EMCI,31.4,19.6,0.0,https://indomet.gob.do/wp-content/uploads/2026/04/Temperaturas-extremas-y-precipitaciones-06-de-Abril-2026.pdf
2026-04-06,079,BOHECHÍO,SAN JUAN,MINISTERIO DE AGRICULTURA,EMCV,,,0.0,https://indomet.gob.do/wp-content/uploads/2026/04/Temperaturas-extremas-y-precipitaciones-06-de-Abril-2026.pdf
2026-04-06,080,DAJABÓN,DAJABÓN,INSTITUTO POLITÉCNICO LOYOLA,EMCI,34.3,19.0,0.0,https://indomet.gob.do/wp-content/uploads/2026/04/Temperaturas-extremas-y-precipitaciones-06-de-Abril-2026.pdf
2026-04-06,081,EL MILLON (EMA),DISTRITO NACIONAL,PRIVADA,EMAP,,,0.0,https://indomet.gob.do/wp-content/uploads/2026/04/Temperaturas-extremas-y-precipitaciones-06-de-Abril-2026.pdf
2026-04-06,082,ESCONDIDO,PERAVIA,MINISTERIO DE AGRICULTURA,EMCV,31.0,22.0,0.0,https://indomet.gob.do/wp-content/uploads/2026/04/Temperaturas-extremas-y-precipitaciones-06-de-Abril-2026.pdf
2026-04-06,083,GURABO,SANTIAGO,MINISTERIO DE AGRICULTURA,EMCV,,,0.0,https://indomet.gob.do/wp-content/uploads/2026/04/Temperaturas-extremas-y-precipitaciones-06-de-Abril-2026.pdf
2026-04-06,084,LAS CANAS (EMA),MONTE CRISTI,PROGRAMA MUNDIAL DE ALIMENTO,EMAP,29.1,20.8,0.0,https://indomet.gob.do/wp-content/uploads/2026/04/Temperaturas-extremas-y-precipitaciones-06-de-Abril-2026.pdf
2026-04-06,085,LOS COCOS (EMA),BAHORUCO,PRIVADA,EMAP,,,0.0,https://indomet.gob.do/wp-content/uploads/2026/04/Temperaturas-extremas-y-precipitaciones-06-de-Abril-2026.pdf
2026-04-06,086,MONTE CRISTI,MONTE CRISTI,INDOMET,EMCI,33.0,21.0,0.0,https://indomet.gob.do/wp-content/uploads/2026/04/Temperaturas-extremas-y-precipitaciones-06-de-Abril-2026.pdf
2026-04-06,087,OLIVARES,PEDERNALES,INDRHI,EMCI,,,0.0,https://indomet.gob.do/wp-content/uploads/2026/04/Temperaturas-extremas-y-precipitaciones-06-de-Abril-2026.pdf
2026-04-06,088,PADRE LAS CASAS,AZUA,HOSP. NTRA. SRA. DEL CARMEN,EMCI,31.6,19.0,0.0,https://indomet.gob.do/wp-content/uploads/2026/04/Temperaturas-extremas-y-precipitaciones-06-de-Abril-2026.pdf
2026-04-06,089,PEDERNALES,PEDERNALES,INDRHI,EMCI,,,0.0,https://indomet.gob.do/wp-content/uploads/2026/04/Temperaturas-extremas-y-precipitaciones-06-de-Abril-2026.pdf
2026-04-06,090,PESCADERIA (EMA),BARAHONA,MINISTERIO DE AGRICULTURA,EMAP,,,0.0,https://indomet.gob.do/wp-content/uploads/2026/04/Temperaturas-extremas-y-precipitaciones-06-de-Abril-2026.pdf
2026-04-06,091,VILLA ISABELA,PUERTO PLATA,MINISTERIO DE AGRICULTURA,EMCV,31.2,20.2,0.0,https://indomet.gob.do/wp-content/uploads/2026/04/Temperaturas-extremas-y-precipitaciones-06-de-Abril-2026.pdf
2026-04-06,092,VILLA RIVA,DUARTE,HOSP. MPAL. ALICIA DE LEGENDRE,EMCI,31.0,21.2,0.0,https://indomet.gob.do/wp-content/uploads/2026/04/Temperaturas-extremas-y-precipitaciones-06-de-Abril-2026.pdf
2026-04-07,001,ENSANCHE JULIETA (EMA),DISTRITO NACIONAL,PRIVADA,EMAP,,,314.0,https://indomet.gob.do/wp-content/uploads/2026/04/temperaturas-extremas-y-precipitaciones-2026x04x07-a.pdf
2026-04-07,002,JARDÍN BOTÁNICO NACIONAL,DISTRITO NACIONAL,JARDÍN BOTÁNICO NACIONAL,EMCV,30.5,20.4,283.4,https://indomet.gob.do/wp-content/uploads/2026/04/temperaturas-extremas-y-precipitaciones-2026x04x07-a.pdf
2026-04-07,003,VILLA MARINA (EMA),DISTRITO NACIONAL,PRIVADA,EMAP,,,280.2,https://indomet.gob.do/wp-content/uploads/2026/04/temperaturas-extremas-y-precipitaciones-2026x04x07-a.pdf
2026-04-07,004,SERRALLÉS (EMA),DISTRITO NACIONAL,PRIVADA,EMAP,,,220.0,https://indomet.gob.do/wp-content/uploads/2026/04/temperaturas-extremas-y-precipitaciones-2026x04x07-a.pdf
2026-04-07,005,LOS JARDINES DEL SUR (EMA),DISTRITO NACIONAL,PRIVADA,EMAP,,,200.9,https://indomet.gob.do/wp-content/uploads/2026/04/temperaturas-extremas-y-precipitaciones-2026x04x07-a.pdf
2026-04-07,006,LOS CACICAZGOS (EMA),DISTRITO NACIONAL,PRIVADA,EMAP,,,181.6,https://indomet.gob.do/wp-content/uploads/2026/04/temperaturas-extremas-y-precipitaciones-2026x04x07-a.pdf
2026-04-07,007,PROLONGACION 27 DE FEBRERO,DISTRITO NACIONAL,PRIVADA,EMAP,,,180.9,https://indomet.gob.do/wp-content/uploads/2026/04/temperaturas-extremas-y-precipitaciones-2026x04x07-a.pdf
2026-04-07,008,LA AGUSTINA (EMA),DISTRITO NACIONAL,PRIVADA,EMAP,,,124.9,https://indomet.gob.do/wp-content/uploads/2026/04/temperaturas-extremas-y-precipitaciones-2026x04x07-a.pdf
2026-04-07,009,ENSANCHE LA FE (EMA),DISTRITO NACIONAL,PRIVADA,EMAP,,,123.7,https://indomet.gob.do/wp-content/uploads/2026/04/temperaturas-extremas-y-precipitaciones-2026x04x07-a.pdf
2026-04-07,010,ARPT. LA ISABELA,SANTO DOMINGO,INDOMET,EMCI,30.4,22.0,112.0,https://indomet.gob.do/wp-content/uploads/2026/04/temperaturas-extremas-y-precipitaciones-2026x04x07-a.pdf
2026-04-07,011,GUARICANO (EMA),SANTO DOMINGO,PRIVADA,EMAP,,,98.5,https://indomet.gob.do/wp-content/uploads/2026/04/temperaturas-extremas-y-precipitaciones-2026x04x07-a.pdf
2026-04-07,012,PARQUE MIRADOR NORTE,SANTO DOMINGO,AYUNTAMIENTO,EMCV,,,90.4,https://indomet.gob.do/wp-content/uploads/2026/04/temperaturas-extremas-y-precipitaciones-2026x04x07-a.pdf
2026-04-07,013,SAN CRISTÓBAL,SAN CRISTÓBAL,INSTITUTO POLITÉCNICO LOYOLA,EMCI,29.0,20.0,65.7,https://indomet.gob.do/wp-content/uploads/2026/04/temperaturas-extremas-y-precipitaciones-2026x04x07-a.pdf
2026-04-07,014,CENTRO DE LOS HEROES (EMA),DISTRITO NACIONAL,MINISTERIO DE ENERGIA Y MINA,EMAP,30.6,22.9,62.6,https://indomet.gob.do/wp-content/uploads/2026/04/temperaturas-extremas-y-precipitaciones-2026x04x07-a.pdf
2026-04-07,015,SABANETA (EMA),SANTIAGO RODRÍGUEZ,PROGRAMA MUNDIAL DE ALIMENTO,EMAP,35.7,19.9,58.8,https://indomet.gob.do/wp-content/uploads/2026/04/temperaturas-extremas-y-precipitaciones-2026x04x07-a.pdf
2026-04-07,016,SANTIAGO RODRÍGUEZ,SANTIAGO RODRÍGUEZ,INDOMET,EMCI,36.0,20.6,55.5,https://indomet.gob.do/wp-content/uploads/2026/04/temperaturas-extremas-y-precipitaciones-2026x04x07-a.pdf
2026-04-07,017,SAN JOSÉ DE OCOA,SAN JOSÉ DE OCOA,HOSP. SAN JOSÉ DE OCOA,EMCI,27.2,18.8,50.6,https://indomet.gob.do/wp-content/uploads/2026/04/temperaturas-extremas-y-precipitaciones-2026x04x07-a.pdf
2026-04-07,018,EL FACTOR (EMA),MARÍA TRINIDAD SÁNCHEZ,INTEC,EMAP,31.7,23.2,41.7,https://indomet.gob.do/wp-content/uploads/2026/04/temperaturas-extremas-y-precipitaciones-2026x04x07-a.pdf
2026-04-07,019,CABRAL,BARAHONA,MINISTERIO DE AGRICULTURA,EMCV,30.3,21.4,37.7,https://indomet.gob.do/wp-content/uploads/2026/04/temperaturas-extremas-y-precipitaciones-2026x04x07-a.pdf
2026-04-07,020,ALTAMIRA,PUERTO PLATA,HOSP. MPAL. DE ALTAMIRA,EMCI,33.4,19.6,32.7,https://indomet.gob.do/wp-content/uploads/2026/04/temperaturas-extremas-y-precipitaciones-2026x04x07-a.pdf
2026-04-07,021,VILLA ALTAGRACIA,SAN CRISTÓBAL,ESCUELA JAVIER ANGULO GURIDI,EMCI,,,32.1,https://indomet.gob.do/wp-content/uploads/2026/04/temperaturas-extremas-y-precipitaciones-2026x04x07-a.pdf
2026-04-07,022,LOS JENGIBRES,NAGUA,INDRHI,EMCI,,,29.6,https://indomet.gob.do/wp-content/uploads/2026/04/temperaturas-extremas-y-precipitaciones-2026x04x07-a.pdf
2026-04-07,023,ESCONDIDO,PERAVIA,MINISTERIO DE AGRICULTURA,EMCV,29.0,23.0,29.2,https://indomet.gob.do/wp-content/uploads/2026/04/temperaturas-extremas-y-precipitaciones-2026x04x07-a.pdf
2026-04-07,024,ARPT. MARÍA MONTEZ,BARAHONA,INDOMET,EMCI,31.5,21.0,28.0,https://indomet.gob.do/wp-content/uploads/2026/04/temperaturas-extremas-y-precipitaciones-2026x04x07-a.pdf
2026-04-07,025,BANI (EMA),PERAVIA,MINISTERIO DE AGRICULTURA,EMAP,22.9,22.1,25.6,https://indomet.gob.do/wp-content/uploads/2026/04/temperaturas-extremas-y-precipitaciones-2026x04x07-a.pdf
2026-04-07,026,MAO,VALVERDE,INDRHI / MINISTERIO DE AGRICULTURA,EMCV,,,23.4,https://indomet.gob.do/wp-content/uploads/2026/04/temperaturas-extremas-y-precipitaciones-2026x04x07-a.pdf
2026-04-07,027,ENRIQUILLO,BARAHONA,MINISTERIO DE AGRICULTURA,EMCV,30.0,20.8,21.4,https://indomet.gob.do/wp-content/uploads/2026/04/temperaturas-extremas-y-precipitaciones-2026x04x07-a.pdf
2026-04-07,028,SANTO DOMINGO ESTE,SANTO DOMINGO,INDOMET,EMCI,34.2,22.5,20.4,https://indomet.gob.do/wp-content/uploads/2026/04/temperaturas-extremas-y-precipitaciones-2026x04x07-a.pdf
2026-04-07,029,JARABACOA (EMA),LA VEGA,PROGRAMA MUNDIAL DE ALIMENTO,EMAP,,,18.4,https://indomet.gob.do/wp-content/uploads/2026/04/temperaturas-extremas-y-precipitaciones-2026x04x07-a.pdf
2026-04-07,030,PERALTA,AZUA,HOSP. MPAL. DE PERALTA,EMCI,28.5,17.4,18.2,https://indomet.gob.do/wp-content/uploads/2026/04/temperaturas-extremas-y-precipitaciones-2026x04x07-a.pdf
2026-04-07,031,BOCA DE MAO (EMA),VALVERDE,MINISTERIO DE AGRICULTURA,EMAP,34.3,20.6,17.8,https://indomet.gob.do/wp-content/uploads/2026/04/temperaturas-extremas-y-precipitaciones-2026x04x07-a.pdf
2026-04-07,032,ARPT. DE LAS AMÉRICAS,SANTO DOMINGO,INDOMET,EMCI,29.5,21.4,17.8,https://indomet.gob.do/wp-content/uploads/2026/04/temperaturas-extremas-y-precipitaciones-2026x04x07-a.pdf
2026-04-07,033,LA VICTORIA,SANTO DOMINGO,CUERPO DE BOMBEROS,EMCI,30.0,18.0,17.4,https://indomet.gob.do/wp-content/uploads/2026/04/temperaturas-extremas-y-precipitaciones-2026x04x07-a.pdf
2026-04-07,034,RÍO SAN JUAN,MARÍA TRINIDAD SÁNCHEZ,HOSP. MPAL. DR. DESIDERIO ACOSTA,EMCV,32.0,23.7,17.4,https://indomet.gob.do/wp-content/uploads/2026/04/temperaturas-extremas-y-precipitaciones-2026x04x07-a.pdf
2026-04-07,035,JARABACOA,LA VEGA,INDRHI / MARENA,EMCI,30.8,14.8,17.3,https://indomet.gob.do/wp-content/uploads/2026/04/temperaturas-extremas-y-precipitaciones-2026x04x07-a.pdf
2026-04-07,036,SABANA GRANDE DE BOYÁ,MONTE PLATA,MINISTERIO DE AGRICULTURA,EMCV,,,16.5,https://indomet.gob.do/wp-content/uploads/2026/04/temperaturas-extremas-y-precipitaciones-2026x04x07-a.pdf
2026-04-07,037,POLO,BARAHONA,INDOCAFE,EMCI,,19.5,15.5,https://indomet.gob.do/wp-content/uploads/2026/04/temperaturas-extremas-y-precipitaciones-2026x04x07-a.pdf
2026-04-07,038,ARPT. EL CATEY,SAMANÁ,INDOMET,EMCI,28.6,21.0,14.0,https://indomet.gob.do/wp-content/uploads/2026/04/temperaturas-extremas-y-precipitaciones-2026x04x07-a.pdf
2026-04-07,039,BASE AÉREA DE SAN ISIDRO,SANTO DOMINGO,FUERZA AÉREA DOMINICANA,EMCV,30.0,24.0,13.0,https://indomet.gob.do/wp-content/uploads/2026/04/temperaturas-extremas-y-precipitaciones-2026x04x07-a.pdf
2026-04-07,040,RANCHO ARRIBA,SAN JOSÉ DE OCOA,CENTRO TECNOLÓGICO COMUNITARIO,EMCI,27.0,18.6,12.4,https://indomet.gob.do/wp-content/uploads/2026/04/temperaturas-extremas-y-precipitaciones-2026x04x07-a.pdf
2026-04-07,041,LAS CANAS (EMA),MONTE CRISTI,PROGRAMA MUNDIAL DE ALIMENTO,EMAP,28.8,20.7,11.8,https://indomet.gob.do/wp-content/uploads/2026/04/temperaturas-extremas-y-precipitaciones-2026x04x07-a.pdf
2026-04-07,042,VILLA VASQUEZ (EMA),MONTE CRISTI,JUNTA DE REGANTES,EMAI,,,11.4,https://indomet.gob.do/wp-content/uploads/2026/04/temperaturas-extremas-y-precipitaciones-2026x04x07-a.pdf
2026-04-07,043,LOS LLANOS,SAN PEDRO DE MACORÍS,MINISTERIO DE AGRICULTURA,EMCI,30.8,23.3,7.6,https://indomet.gob.do/wp-content/uploads/2026/04/temperaturas-extremas-y-precipitaciones-2026x04x07-a.pdf
2026-04-07,044,NAVARRETE,SANTIAGO,MINISTERIO DE AGRICULTURA,EMCV,,,6.6,https://indomet.gob.do/wp-content/uploads/2026/04/temperaturas-extremas-y-precipitaciones-2026x04x07-a.pdf
2026-04-07,045,OVIEDO,PEDERNALES,CLÍNICA RURAL OVIEDO,EMCI,31.5,22.2,6.6,https://indomet.gob.do/wp-content/uploads/2026/04/temperaturas-extremas-y-precipitaciones-2026x04x07-a.pdf
2026-04-07,046,VILLA ISABELA,PUERTO PLATA,MINISTERIO DE AGRICULTURA,EMCV,31.8,18.5,5.4,https://indomet.gob.do/wp-content/uploads/2026/04/temperaturas-extremas-y-precipitaciones-2026x04x07-a.pdf
2026-04-07,047,VILLA RIVA,DUARTE,HOSP. MPAL. ALICIA DE LEGENDRE,EMCI,30.5,22.0,5.2,https://indomet.gob.do/wp-content/uploads/2026/04/temperaturas-extremas-y-precipitaciones-2026x04x07-a.pdf
2026-04-07,048,SALCEDO,HERMANAS MIRABAL,PROPIEDAD DEL EMPLEADO,EMCI,,,5.0,https://indomet.gob.do/wp-content/uploads/2026/04/temperaturas-extremas-y-precipitaciones-2026x04x07-a.pdf
2026-04-07,049,CABRERA,MARÍA TRINIDAD SÁNCHEZ,ESCUELA ARÍSTIDES FIALLO CABRAL,EMCI,32.0,23.0,4.2,https://indomet.gob.do/wp-content/uploads/2026/04/temperaturas-extremas-y-precipitaciones-2026x04x07-a.pdf
2026-04-07,050,DAJABÓN,DAJABÓN,INSTITUTO POLITÉCNICO LOYOLA,EMCI,34.0,18.9,4.2,https://indomet.gob.do/wp-content/uploads/2026/04/temperaturas-extremas-y-precipitaciones-2026x04x07-a.pdf
2026-04-07,051,SÁNCHEZ,SAMANÁ,MINISTERIO DE AGRICULTURA,EMCI,31.5,21.9,4.2,https://indomet.gob.do/wp-content/uploads/2026/04/temperaturas-extremas-y-precipitaciones-2026x04x07-a.pdf
2026-04-07,052,ARPT. DE LA ROMANA,LA ROMANA,INDOMET,EMCI,30.1,22.5,3.7,https://indomet.gob.do/wp-content/uploads/2026/04/temperaturas-extremas-y-precipitaciones-2026x04x07-a.pdf
2026-04-07,053,ALTO BANDERA (EMA),LA VEGA,INTEC,EMAP,14.2,7.8,3.6,https://indomet.gob.do/wp-content/uploads/2026/04/temperaturas-extremas-y-precipitaciones-2026x04x07-a.pdf
2026-04-07,054,SAMANÁ,SAMANÁ,COMANDANCIA DE PUERTO DE SAMANÁ,EMCI,31.5,19.2,3.6,https://indomet.gob.do/wp-content/uploads/2026/04/temperaturas-extremas-y-precipitaciones-2026x04x07-a.pdf
2026-04-07,055,PRESA DE TAVERAS (EMA),LA VEGA,PROGRAMA MUNDIAL DE ALIMENTO,EMAP,29.2,19.6,3.4,https://indomet.gob.do/wp-content/uploads/2026/04/temperaturas-extremas-y-precipitaciones-2026x04x07-a.pdf
2026-04-07,056,PALO ÍNDIO,PUERTO PLATA,MINISTERIO DE AGRICULTURA,EMCI,,,3.3,https://indomet.gob.do/wp-content/uploads/2026/04/temperaturas-extremas-y-precipitaciones-2026x04x07-a.pdf
2026-04-07,057,BAYAGUANA,MONTE PLATA,INDOMET,EMCI,31.5,22.2,3.1,https://indomet.gob.do/wp-content/uploads/2026/04/temperaturas-extremas-y-precipitaciones-2026x04x07-a.pdf
2026-04-07,058,JIMANÍ,INDEPENDENCIA,MINISTERIO DE AGRICULTURA,EMCI,32.6,24.5,2.7,https://indomet.gob.do/wp-content/uploads/2026/04/temperaturas-extremas-y-precipitaciones-2026x04x07-a.pdf
2026-04-07,059,SAJOMA (EMA),SANTIAGO,PLAN SIERRA,EMAI,,,2.6,https://indomet.gob.do/wp-content/uploads/2026/04/temperaturas-extremas-y-precipitaciones-2026x04x07-a.pdf
2026-04-07,060,LOS COCOS (EMA),BAHORUCO,PRIVADA,EMAP,,,2.4,https://indomet.gob.do/wp-content/uploads/2026/04/temperaturas-extremas-y-precipitaciones-2026x04x07-a.pdf
2026-04-07,061,MONCIÓN (EMA),SANTIAGO RODRÍGUEZ,PROGRAMA MUNDIAL DE ALIMENTO,EMAP,30.0,18.3,1.6,https://indomet.gob.do/wp-content/uploads/2026/04/temperaturas-extremas-y-precipitaciones-2026x04x07-a.pdf
2026-04-07,062,VILLA GONZALES,SANTIAGO,MINISTERIO DE AGRICULTURA,EMCI,,,1.5,https://indomet.gob.do/wp-content/uploads/2026/04/temperaturas-extremas-y-precipitaciones-2026x04x07-a.pdf
2026-04-07,063,ARPT. GREGORIO LUPERÓN,PUERTO PLATA,INDOMET,EMCI,33.0,21.7,1.5,https://indomet.gob.do/wp-content/uploads/2026/04/temperaturas-extremas-y-precipitaciones-2026x04x07-a.pdf
2026-04-07,064,TÁBARA ABAJO,AZUA,INDRHI,EMCI,30.5,23.0,1.4,https://indomet.gob.do/wp-content/uploads/2026/04/temperaturas-extremas-y-precipitaciones-2026x04x07-a.pdf
2026-04-07,065,LA VEGA,LA VEGA,IATESA,EMCI,31.5,20.5,1.0,https://indomet.gob.do/wp-content/uploads/2026/04/temperaturas-extremas-y-precipitaciones-2026x04x07-a.pdf
2026-04-07,066,SAN RAFAEL DEL YUMA,LA ALTAGRACIA,MINISTERIO DE AGRICULTURA,EMCI,30.3,19.3,0.9,https://indomet.gob.do/wp-content/uploads/2026/04/temperaturas-extremas-y-precipitaciones-2026x04x07-a.pdf
2026-04-07,067,BUCARA (EMA),SANTIAGO,MINISTERIO DE AGRICULTURA,EMAI,,,0.8,https://indomet.gob.do/wp-content/uploads/2026/04/temperaturas-extremas-y-precipitaciones-2026x04x07-a.pdf
2026-04-07,068,ARPT. DE PUNTA CANA,LA ALTAGRACIA,INDOMET,EMCI,29.7,24.8,0.8,https://indomet.gob.do/wp-content/uploads/2026/04/temperaturas-extremas-y-precipitaciones-2026x04x07-a.pdf
2026-04-07,069,MONTE CRISTI,MONTE CRISTI,INDOMET,EMCI,32.6,22.5,0.6,https://indomet.gob.do/wp-content/uploads/2026/04/temperaturas-extremas-y-precipitaciones-2026x04x07-a.pdf
2026-04-07,070,TAMBORIL,SANTIAGO,MINISTERIO DE AGRICULTURA,EMCV,,,0.5,https://indomet.gob.do/wp-content/uploads/2026/04/temperaturas-extremas-y-precipitaciones-2026x04x07-a.pdf
2026-04-07,071,SAN FRANCISCO DE MACORÍS,DUARTE,San Francisco de Macorís (UASD),EMCI,31.6,23.2,0.5,https://indomet.gob.do/wp-content/uploads/2026/04/temperaturas-extremas-y-precipitaciones-2026x04x07-a.pdf
2026-04-07,072,BONAO,MONSEÑOR NOUEL,MINISTERIO DE AGRICULTURA,EMCV,,,0.5,https://indomet.gob.do/wp-content/uploads/2026/04/temperaturas-extremas-y-precipitaciones-2026x04x07-a.pdf
2026-04-07,073,SABANA DE LA MAR,HATO MAYOR,INDOMET,EMCI,31.4,22.4,0.5,https://indomet.gob.do/wp-content/uploads/2026/04/temperaturas-extremas-y-precipitaciones-2026x04x07-a.pdf
2026-04-07,074,MICHES (EMA),EL SEIBO,PRIVADA,EMAP,,,0.4,https://indomet.gob.do/wp-content/uploads/2026/04/temperaturas-extremas-y-precipitaciones-2026x04x07-a.pdf
2026-04-07,075,ARPT. DEL CIBAO,SANTIAGO,INDOMET,EMCI,32.0,22.5,0.4,https://indomet.gob.do/wp-content/uploads/2026/04/temperaturas-extremas-y-precipitaciones-2026x04x07-a.pdf
2026-04-07,076,HATO MAYOR,HATO MAYOR,MINISTERIO DE AGRICULTURA,EMCV,,,0.3,https://indomet.gob.do/wp-content/uploads/2026/04/temperaturas-extremas-y-precipitaciones-2026x04x07-a.pdf
2026-04-07,077,ARROYO LORO,SAN JUAN,IDIAF,EMCI,31.7,20.6,0.1,https://indomet.gob.do/wp-content/uploads/2026/04/temperaturas-extremas-y-precipitaciones-2026x04x07-a.pdf
2026-04-07,078,HONDO VALLE,ELÍAS PIÑA,MINISTERIO DE AGRICULTURA,EMCI,26.0,16.8,0.1,https://indomet.gob.do/wp-content/uploads/2026/04/temperaturas-extremas-y-precipitaciones-2026x04x07-a.pdf
2026-04-07,079,OLIVARES,PEDERNALES,INDRHI,EMCI,,,0.1,https://indomet.gob.do/wp-content/uploads/2026/04/temperaturas-extremas-y-precipitaciones-2026x04x07-a.pdf
2026-04-07,080,PEDERNALES,PEDERNALES,INDRHI,EMCI,,,0.1,https://indomet.gob.do/wp-content/uploads/2026/04/temperaturas-extremas-y-precipitaciones-2026x04x07-a.pdf
2026-04-07,081,ELÍAS PIÑA,ELÍAS PIÑA,MINISTERIO DE AGRICULTURA,EMCV,,,0.1,https://indomet.gob.do/wp-content/uploads/2026/04/temperaturas-extremas-y-precipitaciones-2026x04x07-a.pdf
2026-04-07,082,JARDÍN BOTÁNICO SANTIAGO (EMSANTIAGO,,JARDIN BOTANICO SANTIAGO,EMAI,,,0.0,https://indomet.gob.do/wp-content/uploads/2026/04/temperaturas-extremas-y-precipitaciones-2026x04x07-a.pdf
2026-04-07,083,ANAMUYA (EMA),LA ALTAGRACIA,MINISTERIO DE AGRICULTURA,EMAP,30.3,23.7,0.0,https://indomet.gob.do/wp-content/uploads/2026/04/temperaturas-extremas-y-precipitaciones-2026x04x07-a.pdf
2026-04-07,084,CONSTANZA (EMA),LA VEGA,PROGRAMA MUNDIAL DE ALIMENTO,EMAP,25.7,14.2,0.0,https://indomet.gob.do/wp-content/uploads/2026/04/temperaturas-extremas-y-precipitaciones-2026x04x07-a.pdf
2026-04-07,085,PESCADERIA (EMA),BARAHONA,MINISTERIO DE AGRICULTURA,EMAP,,,0.0,https://indomet.gob.do/wp-content/uploads/2026/04/temperaturas-extremas-y-precipitaciones-2026x04x07-a.pdf
2026-04-07,086,PONTÓN ABAJO (EMA),LA VEGA,MINISTERIO DE AGRICULTURA,EMAP,32.3,20.9,0.0,https://indomet.gob.do/wp-content/uploads/2026/04/temperaturas-extremas-y-precipitaciones-2026x04x07-a.pdf
2026-04-07,087,ARPT. ARROYO BARRIL,SAMANÁ,INDOMET,EMCI,30.6,21.8,0.0,https://indomet.gob.do/wp-content/uploads/2026/04/temperaturas-extremas-y-precipitaciones-2026x04x07-a.pdf
2026-04-07,088,CONSTANZA,LA VEGA,MINISTERIO DE AGRICULTURA,EMCI,27.5,12.7,0.0,https://indomet.gob.do/wp-content/uploads/2026/04/temperaturas-extremas-y-precipitaciones-2026x04x07-a.pdf
2026-04-07,089,GASPAR HERNÁNDEZ,ESPAILLAT,PROPIEDAD DEL EMPLEADO,EMCI,,,0.0,https://indomet.gob.do/wp-content/uploads/2026/04/temperaturas-extremas-y-precipitaciones-2026x04x07-a.pdf
2026-04-07,090,PADRE LAS CASAS,AZUA,HOSP. NTRA. SRA. DEL CARMEN,EMCI,30.4,20.5,0.0,https://indomet.gob.do/wp-content/uploads/2026/04/temperaturas-extremas-y-precipitaciones-2026x04x07-a.pdf
2026-04-07,091,RESTAURACIÓN,DAJABÓN,MINISTERIO DE AGRICULTURA,EMCI,31.4,15.6,0.0,https://indomet.gob.do/wp-content/uploads/2026/04/temperaturas-extremas-y-precipitaciones-2026x04x07-a.pdf
2026-04-07,092,TAVERA,SANTIAGO,INDRHI,EMCI,,,0.0,https://indomet.gob.do/wp-content/uploads/2026/04/temperaturas-extremas-y-precipitaciones-2026x04x07-a.pdf
2026-04-07,093,EL CERCADO,SAN JUAN,MINISTERIO DE AGRICULTURA,EMCV,,,0.0,https://indomet.gob.do/wp-content/uploads/2026/04/temperaturas-extremas-y-precipitaciones-2026x04x07-a.pdf
2026-04-07,094,GURABO,SANTIAGO,MINISTERIO DE AGRICULTURA,EMCV,,,0.0,https://indomet.gob.do/wp-content/uploads/2026/04/temperaturas-extremas-y-precipitaciones-2026x04x07-a.pdf
2026-04-07,095,JUMA BEJUCAL,MONSEÑOR NOUEL,IDIAF,EMCV,28.6,21.6,0.0,https://indomet.gob.do/wp-content/uploads/2026/04/temperaturas-extremas-y-precipitaciones-2026x04x07-a.pdf
2026-04-07,096,MOCA,ESPAILLAT,MINISTERIO DE AGRICULTURA,EMCV,,,0.0,https://indomet.gob.do/wp-content/uploads/2026/04/temperaturas-extremas-y-precipitaciones-2026x04x07-a.pdf
2026-04-08,001,CABRAL,BARAHONA,MINISTERIO DE AGRICULTURA,EMCV,33.3,22.2,33.8,https://indomet.gob.do/wp-content/uploads/2026/04/Temperaturas-extremas-y-precipitaciones-08-de-Abril-2026.pdf
2026-04-08,002,POLO,BARAHONA,INDOCAFE,EMCI,,15.0,28.3,https://indomet.gob.do/wp-content/uploads/2026/04/Temperaturas-extremas-y-precipitaciones-08-de-Abril-2026.pdf
2026-04-08,003,ARPT. MARÍA MONTEZ,BARAHONA,INDOMET,EMCI,28.8,23.0,22.6,https://indomet.gob.do/wp-content/uploads/2026/04/Temperaturas-extremas-y-precipitaciones-08-de-Abril-2026.pdf
2026-04-08,004,ESCONDIDO,PERAVIA,MINISTERIO DE AGRICULTURA,EMCV,29.0,23.0,22.0,https://indomet.gob.do/wp-content/uploads/2026/04/Temperaturas-extremas-y-precipitaciones-08-de-Abril-2026.pdf
2026-04-08,005,LOS CACICAZGOS (EMA),DISTRITO NACIONAL,PRIVADA,EMAP,,,20.1,https://indomet.gob.do/wp-content/uploads/2026/04/Temperaturas-extremas-y-precipitaciones-08-de-Abril-2026.pdf
2026-04-08,006,ARPT. ARROYO BARRIL,SAMANÁ,INDOMET,EMCI,33.0,21.0,17.4,https://indomet.gob.do/wp-content/uploads/2026/04/Temperaturas-extremas-y-precipitaciones-08-de-Abril-2026.pdf
2026-04-08,007,PROLONGACION 27 DE FEBRERO,DISTRITO NACIONAL,PRIVADA,EMAP,,,13.6,https://indomet.gob.do/wp-content/uploads/2026/04/Temperaturas-extremas-y-precipitaciones-08-de-Abril-2026.pdf
2026-04-08,008,PERALTA,AZUA,HOSP. MPAL. DE PERALTA,EMCI,27.0,17.0,13.0,https://indomet.gob.do/wp-content/uploads/2026/04/Temperaturas-extremas-y-precipitaciones-08-de-Abril-2026.pdf
2026-04-08,009,VILLA ALTAGRACIA,SAN CRISTÓBAL,ESCUELA JAVIER ANGULO GURIDI,EMCI,,,12.2,https://indomet.gob.do/wp-content/uploads/2026/04/Temperaturas-extremas-y-precipitaciones-08-de-Abril-2026.pdf
2026-04-08,010,ENRIQUILLO,BARAHONA,MINISTERIO DE AGRICULTURA,EMCV,30.3,21.8,12.0,https://indomet.gob.do/wp-content/uploads/2026/04/Temperaturas-extremas-y-precipitaciones-08-de-Abril-2026.pdf
2026-04-08,011,BANI (EMA),PERAVIA,MINISTERIO DE AGRICULTURA,EMAP,28.6,23.8,9.4,https://indomet.gob.do/wp-content/uploads/2026/04/Temperaturas-extremas-y-precipitaciones-08-de-Abril-2026.pdf
2026-04-08,012,BONAO,MONSEÑOR NOUEL,MINISTERIO DE AGRICULTURA,EMCV,,,9.4,https://indomet.gob.do/wp-content/uploads/2026/04/Temperaturas-extremas-y-precipitaciones-08-de-Abril-2026.pdf
2026-04-08,013,EL FACTOR (EMA),MARÍA TRINIDAD SÁNCHEZ,INTEC,EMAP,31.3,22.1,8.9,https://indomet.gob.do/wp-content/uploads/2026/04/Temperaturas-extremas-y-precipitaciones-08-de-Abril-2026.pdf
2026-04-08,014,PARQUE MIRADOR NORTE,SANTO DOMINGO,AYUNTAMIENTO,EMCV,,,8.6,https://indomet.gob.do/wp-content/uploads/2026/04/Temperaturas-extremas-y-precipitaciones-08-de-Abril-2026.pdf
2026-04-08,015,SALCEDO,HERMANAS MIRABAL,PROPIEDAD DEL EMPLEADO,EMCI,,,8.3,https://indomet.gob.do/wp-content/uploads/2026/04/Temperaturas-extremas-y-precipitaciones-08-de-Abril-2026.pdf
2026-04-08,016,PARQUE MIRADOR SUR,DISTRITO NACIONAL,AYUNTAMIENTO,EMCV,,,8.0,https://indomet.gob.do/wp-content/uploads/2026/04/Temperaturas-extremas-y-precipitaciones-08-de-Abril-2026.pdf
2026-04-08,017,CENTRO DE LOS HEROES (EMA),DISTRITO NACIONAL,MINISTERIO DE ENERGIA Y MINA,EMAP,30.1,25.1,7.2,https://indomet.gob.do/wp-content/uploads/2026/04/Temperaturas-extremas-y-precipitaciones-08-de-Abril-2026.pdf
2026-04-08,018,ARROYO LORO,SAN JUAN,IDIAF,EMCI,29.0,19.0,6.9,https://indomet.gob.do/wp-content/uploads/2026/04/Temperaturas-extremas-y-precipitaciones-08-de-Abril-2026.pdf
2026-04-08,019,SANTIAGO RODRÍGUEZ,SANTIAGO RODRÍGUEZ,INDOMET,EMCI,35.0,22.5,6.7,https://indomet.gob.do/wp-content/uploads/2026/04/Temperaturas-extremas-y-precipitaciones-08-de-Abril-2026.pdf
2026-04-08,020,ARPT. LA ISABELA,SANTO DOMINGO,INDOMET,EMCI,30.5,19.0,6.6,https://indomet.gob.do/wp-content/uploads/2026/04/Temperaturas-extremas-y-precipitaciones-08-de-Abril-2026.pdf
2026-04-08,021,HONDO VALLE,ELÍAS PIÑA,MINISTERIO DE AGRICULTURA,EMCI,26.8,17.6,6.4,https://indomet.gob.do/wp-content/uploads/2026/04/Temperaturas-extremas-y-precipitaciones-08-de-Abril-2026.pdf
2026-04-08,022,OVIEDO,PEDERNALES,CLÍNICA RURAL OVIEDO,EMCI,30.5,21.5,6.2,https://indomet.gob.do/wp-content/uploads/2026/04/Temperaturas-extremas-y-precipitaciones-08-de-Abril-2026.pdf
2026-04-08,023,LA AGUSTINA (EMA),DISTRITO NACIONAL,PRIVADA,EMAP,,,5.8,https://indomet.gob.do/wp-content/uploads/2026/04/Temperaturas-extremas-y-precipitaciones-08-de-Abril-2026.pdf
2026-04-08,024,RANCHO ARRIBA,SAN JOSÉ DE OCOA,CENTRO TECNOLÓGICO COMUNITARIO,EMCI,27.2,17.0,5.8,https://indomet.gob.do/wp-content/uploads/2026/04/Temperaturas-extremas-y-precipitaciones-08-de-Abril-2026.pdf
2026-04-08,025,ENSANCHE LA FE (EMA),DISTRITO NACIONAL,PRIVADA,EMAP,,,4.9,https://indomet.gob.do/wp-content/uploads/2026/04/Temperaturas-extremas-y-precipitaciones-08-de-Abril-2026.pdf
2026-04-08,026,SAMANÁ,SAMANÁ,COMANDANCIA DE PUERTO DE SAMANÁ,EMCI,33.0,17.6,4.8,https://indomet.gob.do/wp-content/uploads/2026/04/Temperaturas-extremas-y-precipitaciones-08-de-Abril-2026.pdf
2026-04-08,027,SAN JOSÉ DE OCOA,SAN JOSÉ DE OCOA,HOSP. SAN JOSÉ DE OCOA,EMCI,26.9,16.8,4.8,https://indomet.gob.do/wp-content/uploads/2026/04/Temperaturas-extremas-y-precipitaciones-08-de-Abril-2026.pdf
2026-04-08,028,TÁBARA ABAJO,AZUA,INDRHI,EMCI,31.7,19.5,4.3,https://indomet.gob.do/wp-content/uploads/2026/04/Temperaturas-extremas-y-precipitaciones-08-de-Abril-2026.pdf
2026-04-08,029,SABANA DE LA MAR,HATO MAYOR,INDOMET,EMCI,32.2,22.0,4.1,https://indomet.gob.do/wp-content/uploads/2026/04/Temperaturas-extremas-y-precipitaciones-08-de-Abril-2026.pdf
2026-04-08,030,ALTAMIRA,PUERTO PLATA,HOSP. MPAL. DE ALTAMIRA,EMCI,32.1,20.4,4.0,https://indomet.gob.do/wp-content/uploads/2026/04/Temperaturas-extremas-y-precipitaciones-08-de-Abril-2026.pdf
2026-04-08,031,VILLA RIVA,DUARTE,HOSP. MPAL. ALICIA DE LEGENDRE,EMCI,31.0,21.0,3.8,https://indomet.gob.do/wp-content/uploads/2026/04/Temperaturas-extremas-y-precipitaciones-08-de-Abril-2026.pdf
2026-04-08,032,SAN CRISTÓBAL,SAN CRISTÓBAL,INSTITUTO POLITÉCNICO LOYOLA,EMCI,29.2,21.0,3.7,https://indomet.gob.do/wp-content/uploads/2026/04/Temperaturas-extremas-y-precipitaciones-08-de-Abril-2026.pdf
2026-04-08,033,ARPT. EL CATEY,SAMANÁ,INDOMET,EMCI,32.2,22.5,3.5,https://indomet.gob.do/wp-content/uploads/2026/04/Temperaturas-extremas-y-precipitaciones-08-de-Abril-2026.pdf
2026-04-08,034,PADRE LAS CASAS,AZUA,HOSP. NTRA. SRA. DEL CARMEN,EMCI,28.5,18.0,3.4,https://indomet.gob.do/wp-content/uploads/2026/04/Temperaturas-extremas-y-precipitaciones-08-de-Abril-2026.pdf
2026-04-08,035,JARDÍN BOTÁNICO NACIONAL,DISTRITO NACIONAL,JARDÍN BOTÁNICO NACIONAL,EMCV,30.1,19.8,2.6,https://indomet.gob.do/wp-content/uploads/2026/04/Temperaturas-extremas-y-precipitaciones-08-de-Abril-2026.pdf
2026-04-08,036,SANTO DOMINGO ESTE,SANTO DOMINGO,INDOMET,EMCI,30.4,24.0,2.6,https://indomet.gob.do/wp-content/uploads/2026/04/Temperaturas-extremas-y-precipitaciones-08-de-Abril-2026.pdf
2026-04-08,037,VILLA ISABELA,PUERTO PLATA,MINISTERIO DE AGRICULTURA,EMCV,32.8,21.0,2.4,https://indomet.gob.do/wp-content/uploads/2026/04/Temperaturas-extremas-y-precipitaciones-08-de-Abril-2026.pdf
2026-04-08,038,ELÍAS PIÑA,ELÍAS PIÑA,MINISTERIO DE AGRICULTURA,EMCV,,,2.1,https://indomet.gob.do/wp-content/uploads/2026/04/Temperaturas-extremas-y-precipitaciones-08-de-Abril-2026.pdf
2026-04-08,039,ALTO BANDERA (EMA),LA VEGA,INTEC,EMAP,14.6,8.5,2.0,https://indomet.gob.do/wp-content/uploads/2026/04/Temperaturas-extremas-y-precipitaciones-08-de-Abril-2026.pdf
2026-04-08,040,CONSTANZA,LA VEGA,MINISTERIO DE AGRICULTURA,EMCI,26.3,15.8,1.8,https://indomet.gob.do/wp-content/uploads/2026/04/Temperaturas-extremas-y-precipitaciones-08-de-Abril-2026.pdf
2026-04-08,041,CONSTANZA (EMA),LA VEGA,PROGRAMA MUNDIAL DE ALIMENTO,EMAP,24.7,15.4,1.6,https://indomet.gob.do/wp-content/uploads/2026/04/Temperaturas-extremas-y-precipitaciones-08-de-Abril-2026.pdf
2026-04-08,042,PALO ÍNDIO,PUERTO PLATA,MINISTERIO DE AGRICULTURA,EMCI,,,1.5,https://indomet.gob.do/wp-content/uploads/2026/04/Temperaturas-extremas-y-precipitaciones-08-de-Abril-2026.pdf
2026-04-08,043,MONCIÓN (EMA),SANTIAGO RODRÍGUEZ,PROGRAMA MUNDIAL DE ALIMENTO,EMAP,30.2,19.7,1.4,https://indomet.gob.do/wp-content/uploads/2026/04/Temperaturas-extremas-y-precipitaciones-08-de-Abril-2026.pdf
2026-04-08,044,JIMANÍ,INDEPENDENCIA,MINISTERIO DE AGRICULTURA,EMCI,32.0,24.0,1.3,https://indomet.gob.do/wp-content/uploads/2026/04/Temperaturas-extremas-y-precipitaciones-08-de-Abril-2026.pdf
2026-04-08,045,SAJOMA (EMA),SANTIAGO,PLAN SIERRA,EMAI,,,1.2,https://indomet.gob.do/wp-content/uploads/2026/04/Temperaturas-extremas-y-precipitaciones-08-de-Abril-2026.pdf
2026-04-08,046,CABRERA,MARÍA TRINIDAD SÁNCHEZ,ESCUELA ARÍSTIDES FIALLO CABRAL,EMCI,32.6,24.0,1.0,https://indomet.gob.do/wp-content/uploads/2026/04/Temperaturas-extremas-y-precipitaciones-08-de-Abril-2026.pdf
2026-04-08,047,NAVARRETE,SANTIAGO,MINISTERIO DE AGRICULTURA,EMCV,,,0.5,https://indomet.gob.do/wp-content/uploads/2026/04/Temperaturas-extremas-y-precipitaciones-08-de-Abril-2026.pdf
2026-04-08,048,VILLA GONZALES,SANTIAGO,MINISTERIO DE AGRICULTURA,EMCI,,,0.5,https://indomet.gob.do/wp-content/uploads/2026/04/Temperaturas-extremas-y-precipitaciones-08-de-Abril-2026.pdf
2026-04-08,049,EL MILLON (EMA),DISTRITO NACIONAL,PRIVADA,EMAP,,,0.5,https://indomet.gob.do/wp-content/uploads/2026/04/Temperaturas-extremas-y-precipitaciones-08-de-Abril-2026.pdf
2026-04-08,050,LOS COCOS (EMA),BAHORUCO,PRIVADA,EMAP,,,0.5,https://indomet.gob.do/wp-content/uploads/2026/04/Temperaturas-extremas-y-precipitaciones-08-de-Abril-2026.pdf
2026-04-08,051,BUCARA (EMA),SANTIAGO,MINISTERIO DE AGRICULTURA,EMAI,,,0.4,https://indomet.gob.do/wp-content/uploads/2026/04/Temperaturas-extremas-y-precipitaciones-08-de-Abril-2026.pdf
2026-04-08,052,SABANA GRANDE DE BOYÁ,MONTE PLATA,MINISTERIO DE AGRICULTURA,EMCV,,,0.3,https://indomet.gob.do/wp-content/uploads/2026/04/Temperaturas-extremas-y-precipitaciones-08-de-Abril-2026.pdf
2026-04-08,053,ARPT. DE LAS AMÉRICAS,SANTO DOMINGO,INDOMET,EMCI,29.5,23.6,0.2,https://indomet.gob.do/wp-content/uploads/2026/04/Temperaturas-extremas-y-precipitaciones-08-de-Abril-2026.pdf
2026-04-08,054,BASE AÉREA DE SAN ISIDRO,SANTO DOMINGO,FUERZA AÉREA DOMINICANA,EMCV,30.4,22.5,0.2,https://indomet.gob.do/wp-content/uploads/2026/04/Temperaturas-extremas-y-precipitaciones-08-de-Abril-2026.pdf
2026-04-08,055,LOS LLANOS,SAN PEDRO DE MACORÍS,MINISTERIO DE AGRICULTURA,EMCI,30.7,22.5,0.2,https://indomet.gob.do/wp-content/uploads/2026/04/Temperaturas-extremas-y-precipitaciones-08-de-Abril-2026.pdf
2026-04-08,056,PRESA DE TAVERAS (EMA),LA VEGA,PROGRAMA MUNDIAL DE ALIMENTO,EMAP,28.7,20.6,0.2,https://indomet.gob.do/wp-content/uploads/2026/04/Temperaturas-extremas-y-precipitaciones-08-de-Abril-2026.pdf
2026-04-08,057,SABANETA (EMA),SANTIAGO RODRÍGUEZ,PROGRAMA MUNDIAL DE ALIMENTO,EMAP,35.1,22.3,0.2,https://indomet.gob.do/wp-content/uploads/2026/04/Temperaturas-extremas-y-precipitaciones-08-de-Abril-2026.pdf
2026-04-08,058,VILLA VASQUEZ (EMA),MONTE CRISTI,JUNTA DE REGANTES,EMAI,,,0.2,https://indomet.gob.do/wp-content/uploads/2026/04/Temperaturas-extremas-y-precipitaciones-08-de-Abril-2026.pdf
2026-04-08,059,BAYAGUANA,MONTE PLATA,INDOMET,EMCI,31.6,23.6,0.1,https://indomet.gob.do/wp-content/uploads/2026/04/Temperaturas-extremas-y-precipitaciones-08-de-Abril-2026.pdf
2026-04-08,060,DAJABÓN,DAJABÓN,INSTITUTO POLITÉCNICO LOYOLA,EMCI,34.6,20.2,0.1,https://indomet.gob.do/wp-content/uploads/2026/04/Temperaturas-extremas-y-precipitaciones-08-de-Abril-2026.pdf
2026-04-08,061,JARABACOA,LA VEGA,INDRHI / MARENA,EMCI,29.4,15.2,0.1,https://indomet.gob.do/wp-content/uploads/2026/04/Temperaturas-extremas-y-precipitaciones-08-de-Abril-2026.pdf
2026-04-08,062,ANAMUYA (EMA),LA ALTAGRACIA,MINISTERIO DE AGRICULTURA,EMAP,31.1,22.6,0.0,https://indomet.gob.do/wp-content/uploads/2026/04/Temperaturas-extremas-y-precipitaciones-08-de-Abril-2026.pdf
2026-04-08,063,ARPT. DE LA ROMANA,LA ROMANA,INDOMET,EMCI,30.4,23.5,0.0,https://indomet.gob.do/wp-content/uploads/2026/04/Temperaturas-extremas-y-precipitaciones-08-de-Abril-2026.pdf
2026-04-08,064,ARPT. DE PUNTA CANA,LA ALTAGRACIA,INDOMET,EMCI,30.0,24.0,0.0,https://indomet.gob.do/wp-content/uploads/2026/04/Temperaturas-extremas-y-precipitaciones-08-de-Abril-2026.pdf
2026-04-08,065,ARPT. DEL CIBAO,SANTIAGO,INDOMET,EMCI,31.7,22.0,0.0,https://indomet.gob.do/wp-content/uploads/2026/04/Temperaturas-extremas-y-precipitaciones-08-de-Abril-2026.pdf
2026-04-08,066,ARPT. GREGORIO LUPERÓN,PUERTO PLATA,INDOMET,EMCI,33.2,22.0,0.0,https://indomet.gob.do/wp-content/uploads/2026/04/Temperaturas-extremas-y-precipitaciones-08-de-Abril-2026.pdf
2026-04-08,067,EL CERCADO,SAN JUAN,MINISTERIO DE AGRICULTURA,EMCV,,,0.0,https://indomet.gob.do/wp-content/uploads/2026/04/Temperaturas-extremas-y-precipitaciones-08-de-Abril-2026.pdf
2026-04-08,068,GASPAR HERNÁNDEZ,ESPAILLAT,PROPIEDAD DEL EMPLEADO,EMCI,,,0.0,https://indomet.gob.do/wp-content/uploads/2026/04/Temperaturas-extremas-y-precipitaciones-08-de-Abril-2026.pdf
2026-04-08,069,GURABO,SANTIAGO,MINISTERIO DE AGRICULTURA,EMCV,,,0.0,https://indomet.gob.do/wp-content/uploads/2026/04/Temperaturas-extremas-y-precipitaciones-08-de-Abril-2026.pdf
2026-04-08,070,HATO MAYOR,HATO MAYOR,MINISTERIO DE AGRICULTURA,EMCV,,,0.0,https://indomet.gob.do/wp-content/uploads/2026/04/Temperaturas-extremas-y-precipitaciones-08-de-Abril-2026.pdf
2026-04-08,071,JARABACOA (EMA),LA VEGA,PROGRAMA MUNDIAL DE ALIMENTO,EMAP,28.6,17.9,0.0,https://indomet.gob.do/wp-content/uploads/2026/04/Temperaturas-extremas-y-precipitaciones-08-de-Abril-2026.pdf
2026-04-08,072,JARDÍN BOTÁNICO SANTIAGO (EMSANTIAGO,,JARDIN BOTANICO SANTIAGO,EMAI,30.9,23.5,0.0,https://indomet.gob.do/wp-content/uploads/2026/04/Temperaturas-extremas-y-precipitaciones-08-de-Abril-2026.pdf
2026-04-08,073,JUMA BEJUCAL,MONSEÑOR NOUEL,IDIAF,EMCV,28.4,21.2,0.0,https://indomet.gob.do/wp-content/uploads/2026/04/Temperaturas-extremas-y-precipitaciones-08-de-Abril-2026.pdf
2026-04-08,074,LA VEGA,LA VEGA,IATESA,EMCI,31.2,21.5,0.0,https://indomet.gob.do/wp-content/uploads/2026/04/Temperaturas-extremas-y-precipitaciones-08-de-Abril-2026.pdf
2026-04-08,075,LA VICTORIA,SANTO DOMINGO,CUERPO DE BOMBEROS,EMCI,32.0,22.5,0.0,https://indomet.gob.do/wp-content/uploads/2026/04/Temperaturas-extremas-y-precipitaciones-08-de-Abril-2026.pdf
2026-04-08,076,LAS CANAS (EMA),MONTE CRISTI,PROGRAMA MUNDIAL DE ALIMENTO,EMAP,30.1,21.9,0.0,https://indomet.gob.do/wp-content/uploads/2026/04/Temperaturas-extremas-y-precipitaciones-08-de-Abril-2026.pdf
2026-04-08,077,MAO,VALVERDE,INDRHI / MINISTERIO DE AGRICULTURA,EMCV,,,0.0,https://indomet.gob.do/wp-content/uploads/2026/04/Temperaturas-extremas-y-precipitaciones-08-de-Abril-2026.pdf
2026-04-08,078,MICHES (EMA),EL SEIBO,PRIVADA,EMAP,32.4,22.4,0.0,https://indomet.gob.do/wp-content/uploads/2026/04/Temperaturas-extremas-y-precipitaciones-08-de-Abril-2026.pdf
2026-04-08,079,MONTE CRISTI,MONTE CRISTI,INDOMET,EMCI,32.7,21.8,0.0,https://indomet.gob.do/wp-content/uploads/2026/04/Temperaturas-extremas-y-precipitaciones-08-de-Abril-2026.pdf
2026-04-08,080,OLIVARES,PEDERNALES,INDRHI,EMCI,,,0.0,https://indomet.gob.do/wp-content/uploads/2026/04/Temperaturas-extremas-y-precipitaciones-08-de-Abril-2026.pdf
2026-04-08,081,PEDERNALES,PEDERNALES,INDRHI,EMCI,,,0.0,https://indomet.gob.do/wp-content/uploads/2026/04/Temperaturas-extremas-y-precipitaciones-08-de-Abril-2026.pdf
2026-04-08,082,PESCADERIA (EMA),BARAHONA,MINISTERIO DE AGRICULTURA,EMAP,,,0.0,https://indomet.gob.do/wp-content/uploads/2026/04/Temperaturas-extremas-y-precipitaciones-08-de-Abril-2026.pdf
2026-04-08,083,PONTÓN ABAJO (EMA),LA VEGA,MINISTERIO DE AGRICULTURA,EMAP,31.6,21.7,0.0,https://indomet.gob.do/wp-content/uploads/2026/04/Temperaturas-extremas-y-precipitaciones-08-de-Abril-2026.pdf
2026-04-08,084,RESTAURACIÓN,DAJABÓN,MINISTERIO DE AGRICULTURA,EMCI,31.7,16.1,0.0,https://indomet.gob.do/wp-content/uploads/2026/04/Temperaturas-extremas-y-precipitaciones-08-de-Abril-2026.pdf
2026-04-08,085,RÍO SAN JUAN,MARÍA TRINIDAD SÁNCHEZ,HOSP. MPAL. DR. DESIDERIO ACOSTA,EMCV,33.0,24.2,0.0,https://indomet.gob.do/wp-content/uploads/2026/04/Temperaturas-extremas-y-precipitaciones-08-de-Abril-2026.pdf
2026-04-08,086,SAN FRANCISCO DE MACORÍS,DUARTE,San Francisco de Macorís (UASD),EMCI,30.8,23.6,0.0,https://indomet.gob.do/wp-content/uploads/2026/04/Temperaturas-extremas-y-precipitaciones-08-de-Abril-2026.pdf
2026-04-08,087,SAN RAFAEL DEL YUMA,LA ALTAGRACIA,MINISTERIO DE AGRICULTURA,EMCI,30.6,22.8,0.0,https://indomet.gob.do/wp-content/uploads/2026/04/Temperaturas-extremas-y-precipitaciones-08-de-Abril-2026.pdf
2026-04-08,088,SÁNCHEZ,SAMANÁ,MINISTERIO DE AGRICULTURA,EMCI,30.6,20.4,0.0,https://indomet.gob.do/wp-content/uploads/2026/04/Temperaturas-extremas-y-precipitaciones-08-de-Abril-2026.pdf
2026-04-08,089,TAMBORIL,SANTIAGO,MINISTERIO DE AGRICULTURA,EMCV,,,0.0,https://indomet.gob.do/wp-content/uploads/2026/04/Temperaturas-extremas-y-precipitaciones-08-de-Abril-2026.pdf
2026-04-08,090,BOCA DE MAO (EMA),VALVERDE,MINISTERIO DE AGRICULTURA,EMAP,32.7,22.3,0.0,https://indomet.gob.do/wp-content/uploads/2026/04/Temperaturas-extremas-y-precipitaciones-08-de-Abril-2026.pdf
2026-04-09,001,VILLA VASQUEZ (EMA),MONTE CRISTI,JUNTA DE REGANTES,EMAI,,,42.6,https://indomet.gob.do/wp-content/uploads/2026/04/temperaturas-extremas-y-precipitaciones-2026x04x09-mv.pdf
2026-04-09,002,LAS CANAS (EMA),MONTE CRISTI,PROGRAMA MUNDIAL DE ALIMENTO,EMAP,29.8,21.7,41.2,https://indomet.gob.do/wp-content/uploads/2026/04/temperaturas-extremas-y-precipitaciones-2026x04x09-mv.pdf
2026-04-09,003,LOS JARDINES (EMA),DISTRITO NACIONAL,PRIVADA,EMAP,,,34.0,https://indomet.gob.do/wp-content/uploads/2026/04/temperaturas-extremas-y-precipitaciones-2026x04x09-mv.pdf
2026-04-09,004,HONDO VALLE,ELÍAS PIÑA,MINISTERIO DE AGRICULTURA,EMCI,26.1,16.9,9.3,https://indomet.gob.do/wp-content/uploads/2026/04/temperaturas-extremas-y-precipitaciones-2026x04x09-mv.pdf
2026-04-09,005,SABANA DE LA MAR,HATO MAYOR,INDOMET,EMCI,31.4,21.6,7.7,https://indomet.gob.do/wp-content/uploads/2026/04/temperaturas-extremas-y-precipitaciones-2026x04x09-mv.pdf
2026-04-09,006,SANTIAGO RODRÍGUEZ,SANTIAGO RODRÍGUEZ,INDOMET,EMCI,34.4,25.0,2.3,https://indomet.gob.do/wp-content/uploads/2026/04/temperaturas-extremas-y-precipitaciones-2026x04x09-mv.pdf
2026-04-09,007,SABANETA (EMA),SANTIAGO RODRÍGUEZ,PROGRAMA MUNDIAL DE ALIMENTO,EMAP,34.1,23.4,1.8,https://indomet.gob.do/wp-content/uploads/2026/04/temperaturas-extremas-y-precipitaciones-2026x04x09-mv.pdf
2026-04-09,008,PONTÓN ABAJO (EMA),LA VEGA,MINISTERIO DE AGRICULTURA,EMAP,34.4,22.7,1.2,https://indomet.gob.do/wp-content/uploads/2026/04/temperaturas-extremas-y-precipitaciones-2026x04x09-mv.pdf
2026-04-09,009,MONCIÓN (EMA),SANTIAGO RODRÍGUEZ,PROGRAMA MUNDIAL DE ALIMENTO,EMAP,,,0.8,https://indomet.gob.do/wp-content/uploads/2026/04/temperaturas-extremas-y-precipitaciones-2026x04x09-mv.pdf
2026-04-09,010,JARABACOA,LA VEGA,INDRHI / MARENA,EMCI,31.2,15.6,0.6,https://indomet.gob.do/wp-content/uploads/2026/04/temperaturas-extremas-y-precipitaciones-2026x04x09-mv.pdf
2026-04-09,011,EL MILLON (EMA),DISTRITO NACIONAL,PRIVADA,EMAP,,,0.5,https://indomet.gob.do/wp-content/uploads/2026/04/temperaturas-extremas-y-precipitaciones-2026x04x09-mv.pdf
2026-04-09,012,ARPT. DE PUNTA CANA,LA ALTAGRACIA,INDOMET,EMCI,30.0,23.0,0.4,https://indomet.gob.do/wp-content/uploads/2026/04/temperaturas-extremas-y-precipitaciones-2026x04x09-mv.pdf
2026-04-09,013,JARABACOA (EMA),LA VEGA,PROGRAMA MUNDIAL DE ALIMENTO,EMAP,,,0.4,https://indomet.gob.do/wp-content/uploads/2026/04/temperaturas-extremas-y-precipitaciones-2026x04x09-mv.pdf
2026-04-09,014,POLO,BARAHONA,INDOCAFE,EMCI,26.5,15.0,0.2,https://indomet.gob.do/wp-content/uploads/2026/04/temperaturas-extremas-y-precipitaciones-2026x04x09-mv.pdf
2026-04-09,015,RANCHO ARRIBA,SAN JOSÉ DE OCOA,CENTRO TECNOLÓGICO COMUNITARIO,EMCI,29.5,17.3,0.2,https://indomet.gob.do/wp-content/uploads/2026/04/temperaturas-extremas-y-precipitaciones-2026x04x09-mv.pdf
2026-04-09,016,CABRAL,BARAHONA,MINISTERIO DE AGRICULTURA,EMCV,31.5,21.8,0.1,https://indomet.gob.do/wp-content/uploads/2026/04/temperaturas-extremas-y-precipitaciones-2026x04x09-mv.pdf
2026-04-09,017,HATO MAYOR,HATO MAYOR,MINISTERIO DE AGRICULTURA,EMCV,,,0.1,https://indomet.gob.do/wp-content/uploads/2026/04/temperaturas-extremas-y-precipitaciones-2026x04x09-mv.pdf
2026-04-09,018,MONTE CRISTI,MONTE CRISTI,INDOMET,EMCI,33.7,22.3,0.1,https://indomet.gob.do/wp-content/uploads/2026/04/temperaturas-extremas-y-precipitaciones-2026x04x09-mv.pdf
2026-04-09,019,ALTAMIRA,PUERTO PLATA,HOSP. MPAL. DE ALTAMIRA,EMCI,33.6,21.0,0.0,https://indomet.gob.do/wp-content/uploads/2026/04/temperaturas-extremas-y-precipitaciones-2026x04x09-mv.pdf
2026-04-09,020,ALTO BANDERA (EMA),LA VEGA,INTEC,EMAP,17.2,8.5,0.0,https://indomet.gob.do/wp-content/uploads/2026/04/temperaturas-extremas-y-precipitaciones-2026x04x09-mv.pdf
2026-04-09,021,ANAMUYA (EMA),LA ALTAGRACIA,MINISTERIO DE AGRICULTURA,EMAP,31.5,23.7,0.0,https://indomet.gob.do/wp-content/uploads/2026/04/temperaturas-extremas-y-precipitaciones-2026x04x09-mv.pdf
2026-04-09,022,ARPT. ARROYO BARRIL,SAMANÁ,INDOMET,EMCI,32.2,22.0,0.0,https://indomet.gob.do/wp-content/uploads/2026/04/temperaturas-extremas-y-precipitaciones-2026x04x09-mv.pdf
2026-04-09,023,ARPT. DE LA ROMANA,LA ROMANA,INDOMET,EMCI,30.7,22.2,0.0,https://indomet.gob.do/wp-content/uploads/2026/04/temperaturas-extremas-y-precipitaciones-2026x04x09-mv.pdf
2026-04-09,024,ARPT. DE LAS AMÉRICAS,SANTO DOMINGO,INDOMET,EMCI,32.0,23.4,0.0,https://indomet.gob.do/wp-content/uploads/2026/04/temperaturas-extremas-y-precipitaciones-2026x04x09-mv.pdf
2026-04-09,025,ARPT. DEL CIBAO,SANTIAGO,INDOMET,EMCI,32.6,21.8,0.0,https://indomet.gob.do/wp-content/uploads/2026/04/temperaturas-extremas-y-precipitaciones-2026x04x09-mv.pdf
2026-04-09,026,ARPT. EL CATEY,SAMANÁ,INDOMET,EMCI,30.5,22.4,0.0,https://indomet.gob.do/wp-content/uploads/2026/04/temperaturas-extremas-y-precipitaciones-2026x04x09-mv.pdf
2026-04-09,027,ARPT. GREGORIO LUPERÓN,PUERTO PLATA,INDOMET,EMCI,33.5,22.6,0.0,https://indomet.gob.do/wp-content/uploads/2026/04/temperaturas-extremas-y-precipitaciones-2026x04x09-mv.pdf
2026-04-09,028,ARPT. MARÍA MONTEZ,BARAHONA,INDOMET,EMCI,30.0,22.0,0.0,https://indomet.gob.do/wp-content/uploads/2026/04/temperaturas-extremas-y-precipitaciones-2026x04x09-mv.pdf
2026-04-09,029,ARROYO LORO,SAN JUAN,IDIAF,EMCI,32.8,19.7,0.0,https://indomet.gob.do/wp-content/uploads/2026/04/temperaturas-extremas-y-precipitaciones-2026x04x09-mv.pdf
2026-04-09,030,BASE AÉREA DE SAN ISIDRO,SANTO DOMINGO,FUERZA AÉREA DOMINICANA,EMCV,30.6,22.2,0.0,https://indomet.gob.do/wp-content/uploads/2026/04/temperaturas-extremas-y-precipitaciones-2026x04x09-mv.pdf
2026-04-09,031,BAYAGUANA,MONTE PLATA,INDOMET,EMCI,31.8,21.0,0.0,https://indomet.gob.do/wp-content/uploads/2026/04/temperaturas-extremas-y-precipitaciones-2026x04x09-mv.pdf
2026-04-09,032,BOCA DE MAO (EMA),VALVERDE,MINISTERIO DE AGRICULTURA,EMAP,,,0.0,https://indomet.gob.do/wp-content/uploads/2026/04/temperaturas-extremas-y-precipitaciones-2026x04x09-mv.pdf
2026-04-09,033,BONAO,MONSEÑOR NOUEL,MINISTERIO DE AGRICULTURA,EMCV,,,0.0,https://indomet.gob.do/wp-content/uploads/2026/04/temperaturas-extremas-y-precipitaciones-2026x04x09-mv.pdf
2026-04-09,034,CABRERA,MARÍA TRINIDAD SÁNCHEZ,ESCUELA ARÍSTIDES FIALLO CABRAL,EMCI,32.0,25.0,0.0,https://indomet.gob.do/wp-content/uploads/2026/04/temperaturas-extremas-y-precipitaciones-2026x04x09-mv.pdf
2026-04-09,035,CONSTANZA,LA VEGA,MINISTERIO DE AGRICULTURA,EMCI,29.5,14.8,0.0,https://indomet.gob.do/wp-content/uploads/2026/04/temperaturas-extremas-y-precipitaciones-2026x04x09-mv.pdf
2026-04-09,036,DAJABÓN,DAJABÓN,INSTITUTO POLITÉCNICO LOYOLA,EMCI,33.7,19.0,0.0,https://indomet.gob.do/wp-content/uploads/2026/04/temperaturas-extremas-y-precipitaciones-2026x04x09-mv.pdf
2026-04-09,037,ENRIQUILLO,BARAHONA,MINISTERIO DE AGRICULTURA,EMCV,31.0,21.8,0.0,https://indomet.gob.do/wp-content/uploads/2026/04/temperaturas-extremas-y-precipitaciones-2026x04x09-mv.pdf
2026-04-09,038,GASPAR HERNÁNDEZ,ESPAILLAT,PROPIEDAD DEL EMPLEADO,EMCI,,,0.0,https://indomet.gob.do/wp-content/uploads/2026/04/temperaturas-extremas-y-precipitaciones-2026x04x09-mv.pdf
2026-04-09,039,GURABO,SANTIAGO,MINISTERIO DE AGRICULTURA,EMCV,,,0.0,https://indomet.gob.do/wp-content/uploads/2026/04/temperaturas-extremas-y-precipitaciones-2026x04x09-mv.pdf
2026-04-09,040,JARDÍN BOTÁNICO NACIONAL,DISTRITO NACIONAL,JARDÍN BOTÁNICO NACIONAL,EMCV,31.0,19.5,0.0,https://indomet.gob.do/wp-content/uploads/2026/04/temperaturas-extremas-y-precipitaciones-2026x04x09-mv.pdf
2026-04-09,041,JIMANÍ,INDEPENDENCIA,MINISTERIO DE AGRICULTURA,EMCI,32.2,23.0,0.0,https://indomet.gob.do/wp-content/uploads/2026/04/temperaturas-extremas-y-precipitaciones-2026x04x09-mv.pdf
2026-04-09,042,JUMA BEJUCAL,MONSEÑOR NOUEL,IDIAF,EMCV,30.6,22.8,0.0,https://indomet.gob.do/wp-content/uploads/2026/04/temperaturas-extremas-y-precipitaciones-2026x04x09-mv.pdf
2026-04-09,043,LA VEGA,LA VEGA,IATESA,EMCI,32.5,22.5,0.0,https://indomet.gob.do/wp-content/uploads/2026/04/temperaturas-extremas-y-precipitaciones-2026x04x09-mv.pdf
2026-04-09,044,LA VICTORIA,SANTO DOMINGO,CUERPO DE BOMBEROS,EMCI,32.5,22.5,0.0,https://indomet.gob.do/wp-content/uploads/2026/04/temperaturas-extremas-y-precipitaciones-2026x04x09-mv.pdf
2026-04-09,045,LOS LLANOS,SAN PEDRO DE MACORÍS,MINISTERIO DE AGRICULTURA,EMCI,31.4,22.2,0.0,https://indomet.gob.do/wp-content/uploads/2026/04/temperaturas-extremas-y-precipitaciones-2026x04x09-mv.pdf
2026-04-09,046,MAO,VALVERDE,INDRHI / MINISTERIO DE AGRICULTURA,EMCV,,,0.0,https://indomet.gob.do/wp-content/uploads/2026/04/temperaturas-extremas-y-precipitaciones-2026x04x09-mv.pdf
2026-04-09,047,NAVARRETE,SANTIAGO,MINISTERIO DE AGRICULTURA,EMCV,,,0.0,https://indomet.gob.do/wp-content/uploads/2026/04/temperaturas-extremas-y-precipitaciones-2026x04x09-mv.pdf
2026-04-09,048,OLIVARES,PEDERNALES,INDRHI,EMCI,,,0.0,https://indomet.gob.do/wp-content/uploads/2026/04/temperaturas-extremas-y-precipitaciones-2026x04x09-mv.pdf
2026-04-09,049,OVIEDO,PEDERNALES,CLÍNICA RURAL OVIEDO,EMCI,31.0,21.5,0.0,https://indomet.gob.do/wp-content/uploads/2026/04/temperaturas-extremas-y-precipitaciones-2026x04x09-mv.pdf
2026-04-09,050,PADRE LAS CASAS,AZUA,HOSP. NTRA. SRA. DEL CARMEN,EMCI,31.3,18.5,0.0,https://indomet.gob.do/wp-content/uploads/2026/04/temperaturas-extremas-y-precipitaciones-2026x04x09-mv.pdf
2026-04-09,051,PALO ÍNDIO,PUERTO PLATA,MINISTERIO DE AGRICULTURA,EMCI,,,0.0,https://indomet.gob.do/wp-content/uploads/2026/04/temperaturas-extremas-y-precipitaciones-2026x04x09-mv.pdf
2026-04-09,052,PEDERNALES,PEDERNALES,INDRHI,EMCI,,,0.0,https://indomet.gob.do/wp-content/uploads/2026/04/temperaturas-extremas-y-precipitaciones-2026x04x09-mv.pdf
2026-04-09,053,PERALTA,AZUA,HOSP. MPAL. DE PERALTA,EMCI,29.5,16.0,0.0,https://indomet.gob.do/wp-content/uploads/2026/04/temperaturas-extremas-y-precipitaciones-2026x04x09-mv.pdf
2026-04-09,054,RESTAURACIÓN,DAJABÓN,MINISTERIO DE AGRICULTURA,EMCI,30.8,16.6,0.0,https://indomet.gob.do/wp-content/uploads/2026/04/temperaturas-extremas-y-precipitaciones-2026x04x09-mv.pdf
2026-04-09,055,RÍO SAN JUAN,MARÍA TRINIDAD SÁNCHEZ,HOSP. MPAL. DR. DESIDERIO ACOSTA,EMCV,33.8,24.4,0.0,https://indomet.gob.do/wp-content/uploads/2026/04/temperaturas-extremas-y-precipitaciones-2026x04x09-mv.pdf
2026-04-09,056,SABANA GRANDE DE BOYÁ,MONTE PLATA,MINISTERIO DE AGRICULTURA,EMCV,,,0.0,https://indomet.gob.do/wp-content/uploads/2026/04/temperaturas-extremas-y-precipitaciones-2026x04x09-mv.pdf
2026-04-09,057,SALCEDO,HERMANAS MIRABAL,PROPIEDAD DEL EMPLEADO,EMCI,,,0.0,https://indomet.gob.do/wp-content/uploads/2026/04/temperaturas-extremas-y-precipitaciones-2026x04x09-mv.pdf
2026-04-09,058,SAMANÁ,SAMANÁ,COMANDANCIA DE PUERTO DE SAMANÁ,EMCI,32.2,18.4,0.0,https://indomet.gob.do/wp-content/uploads/2026/04/temperaturas-extremas-y-precipitaciones-2026x04x09-mv.pdf
2026-04-09,059,SAN CRISTÓBAL,SAN CRISTÓBAL,INSTITUTO POLITÉCNICO LOYOLA,EMCI,30.0,21.2,0.0,https://indomet.gob.do/wp-content/uploads/2026/04/temperaturas-extremas-y-precipitaciones-2026x04x09-mv.pdf
2026-04-09,060,SAN JOSÉ DE OCOA,SAN JOSÉ DE OCOA,HOSP. SAN JOSÉ DE OCOA,EMCI,29.7,17.2,0.0,https://indomet.gob.do/wp-content/uploads/2026/04/temperaturas-extremas-y-precipitaciones-2026x04x09-mv.pdf
2026-04-09,061,SAN RAFAEL DEL YUMA,LA ALTAGRACIA,MINISTERIO DE AGRICULTURA,EMCI,30.9,23.3,0.0,https://indomet.gob.do/wp-content/uploads/2026/04/temperaturas-extremas-y-precipitaciones-2026x04x09-mv.pdf
2026-04-09,062,SÁNCHEZ,SAMANÁ,MINISTERIO DE AGRICULTURA,EMCI,33.5,21.7,0.0,https://indomet.gob.do/wp-content/uploads/2026/04/temperaturas-extremas-y-precipitaciones-2026x04x09-mv.pdf
2026-04-09,063,TÁBARA ABAJO,AZUA,INDRHI,EMCI,31.0,21.0,0.0,https://indomet.gob.do/wp-content/uploads/2026/04/temperaturas-extremas-y-precipitaciones-2026x04x09-mv.pdf
2026-04-09,064,VILLA ALTAGRACIA,SAN CRISTÓBAL,ESCUELA JAVIER ANGULO GURIDI,EMCI,,,0.0,https://indomet.gob.do/wp-content/uploads/2026/04/temperaturas-extremas-y-precipitaciones-2026x04x09-mv.pdf
2026-04-09,065,VILLA GONZALES,SANTIAGO,MINISTERIO DE AGRICULTURA,EMCI,,,0.0,https://indomet.gob.do/wp-content/uploads/2026/04/temperaturas-extremas-y-precipitaciones-2026x04x09-mv.pdf
2026-04-09,066,VILLA ISABELA,PUERTO PLATA,MINISTERIO DE AGRICULTURA,EMCV,32.5,21.2,0.0,https://indomet.gob.do/wp-content/uploads/2026/04/temperaturas-extremas-y-precipitaciones-2026x04x09-mv.pdf
2026-04-09,067,VILLA RIVA,DUARTE,HOSP. MPAL. ALICIA DE LEGENDRE,EMCI,32.2,21.7,0.0,https://indomet.gob.do/wp-content/uploads/2026/04/temperaturas-extremas-y-precipitaciones-2026x04x09-mv.pdf
2026-04-09,068,ARPT. LA ISABELA,SANTO DOMINGO,INDOMET,EMCI,31.7,21.5,0.0,https://indomet.gob.do/wp-content/uploads/2026/04/temperaturas-extremas-y-precipitaciones-2026x04x09-mv.pdf
2026-04-09,069,BANI (EMA),PERAVIA,MINISTERIO DE AGRICULTURA,EMAP,,,0.0,https://indomet.gob.do/wp-content/uploads/2026/04/temperaturas-extremas-y-precipitaciones-2026x04x09-mv.pdf
2026-04-09,070,BUCARA (EMA),SANTIAGO,MINISTERIO DE AGRICULTURA,EMAI,,,0.0,https://indomet.gob.do/wp-content/uploads/2026/04/temperaturas-extremas-y-precipitaciones-2026x04x09-mv.pdf
2026-04-09,071,EL FACTOR (EMA),MARÍA TRINIDAD SÁNCHEZ,INTEC,EMAP,32.8,2.8,0.0,https://indomet.gob.do/wp-content/uploads/2026/04/temperaturas-extremas-y-precipitaciones-2026x04x09-mv.pdf
2026-04-09,072,LOS COCOS (EMA),BAHORUCO,PRIVADA,EMAP,,,0.0,https://indomet.gob.do/wp-content/uploads/2026/04/temperaturas-extremas-y-precipitaciones-2026x04x09-mv.pdf
2026-04-09,073,PESCADERIA (EMA),BARAHONA,MINISTERIO DE AGRICULTURA,EMAP,,,0.0,https://indomet.gob.do/wp-content/uploads/2026/04/temperaturas-extremas-y-precipitaciones-2026x04x09-mv.pdf
2026-04-09,074,PRESA DE TAVERAS (EMA),LA VEGA,PROGRAMA MUNDIAL DE ALIMENTO,EMAP,30.0,21.9,0.0,https://indomet.gob.do/wp-content/uploads/2026/04/temperaturas-extremas-y-precipitaciones-2026x04x09-mv.pdf
2026-04-09,075,PROLONGACION 27 DE FEBRERO,DISTRITO NACIONAL,PRIVADA,EMAP,,,0.0,https://indomet.gob.do/wp-content/uploads/2026/04/temperaturas-extremas-y-precipitaciones-2026x04x09-mv.pdf
2026-04-09,076,SAJOMA (EMA),SANTIAGO,PLAN SIERRA,EMAI,,,0.0,https://indomet.gob.do/wp-content/uploads/2026/04/temperaturas-extremas-y-precipitaciones-2026x04x09-mv.pdf
2026-04-09,077,SANTO DOMINGO ESTE,SANTO DOMINGO,INDOMET,EMCI,32.0,23.4,0.0,https://indomet.gob.do/wp-content/uploads/2026/04/temperaturas-extremas-y-precipitaciones-2026x04x09-mv.pdf
2026-04-09,078,TAMBORIL,SANTIAGO,MINISTERIO DE AGRICULTURA,EMCV,,,0.0,https://indomet.gob.do/wp-content/uploads/2026/04/temperaturas-extremas-y-precipitaciones-2026x04x09-mv.pdf
2026-04-09,079,CENTRO DE LOS HEROES (EMA),DISTRITO NACIONAL,MINISTERIO DE ENERGIA Y MINA,EMAP,,,0.0,https://indomet.gob.do/wp-content/uploads/2026/04/temperaturas-extremas-y-precipitaciones-2026x04x09-mv.pdf
2026-04-09,080,CONSTANZA (EMA),LA VEGA,PROGRAMA MUNDIAL DE ALIMENTO,EMAP,,,0.0,https://indomet.gob.do/wp-content/uploads/2026/04/temperaturas-extremas-y-precipitaciones-2026x04x09-mv.pdf
2026-04-09,081,EL CERCADO,SAN JUAN,MINISTERIO DE AGRICULTURA,EMCV,,,0.0,https://indomet.gob.do/wp-content/uploads/2026/04/temperaturas-extremas-y-precipitaciones-2026x04x09-mv.pdf
2026-04-09,082,ENSANCHE LA FE (EMA),DISTRITO NACIONAL,PRIVADA,EMAP,,,0.0,https://indomet.gob.do/wp-content/uploads/2026/04/temperaturas-extremas-y-precipitaciones-2026x04x09-mv.pdf
2026-04-10,001,ELÍAS PIÑA,ELÍAS PIÑA,MINISTERIO DE AGRICULTURA,EMCV,,,64.0,https://indomet.gob.do/wp-content/uploads/2026/04/Temperaturas-extremas-y-precipitaciones-10-de-Abril-2026.pdf
2026-04-10,002,ARPT. GREGORIO LUPERÓN,PUERTO PLATA,INDOMET,EMCI,31.0,22.0,44.6,https://indomet.gob.do/wp-content/uploads/2026/04/Temperaturas-extremas-y-precipitaciones-10-de-Abril-2026.pdf
2026-04-10,003,MONTE CRISTI,MONTE CRISTI,INDOMET,EMCI,33.4,24.6,41.1,https://indomet.gob.do/wp-content/uploads/2026/04/Temperaturas-extremas-y-precipitaciones-10-de-Abril-2026.pdf
2026-04-10,004,JIMANÍ,INDEPENDENCIA,MINISTERIO DE AGRICULTURA,EMCI,35.5,23.0,38.7,https://indomet.gob.do/wp-content/uploads/2026/04/Temperaturas-extremas-y-precipitaciones-10-de-Abril-2026.pdf
2026-04-10,005,COFRESI,PUERTO PLATA,PRIVADA,EMAP,,,29.0,https://indomet.gob.do/wp-content/uploads/2026/04/Temperaturas-extremas-y-precipitaciones-10-de-Abril-2026.pdf
2026-04-10,006,LUPERÓN,PUERTO PLATA,MINISTERIO DE AGRICULTURA,EMCV,,,29.0,https://indomet.gob.do/wp-content/uploads/2026/04/Temperaturas-extremas-y-precipitaciones-10-de-Abril-2026.pdf
2026-04-10,007,JARABACOA,LA VEGA,INDRHI / MARENA,EMCI,31.0,19.0,27.0,https://indomet.gob.do/wp-content/uploads/2026/04/Temperaturas-extremas-y-precipitaciones-10-de-Abril-2026.pdf
2026-04-10,008,JARABACOA (EMA),LA VEGA,PROGRAMA MUNDIAL DE ALIMENTO,EMAP,30.2,19.3,25.4,https://indomet.gob.do/wp-content/uploads/2026/04/Temperaturas-extremas-y-precipitaciones-10-de-Abril-2026.pdf
2026-04-10,009,RANCHO ARRIBA,SAN JOSÉ DE OCOA,CENTRO TECNOLÓGICO COMUNITARIO,EMCI,30.6,17.8,25.2,https://indomet.gob.do/wp-content/uploads/2026/04/Temperaturas-extremas-y-precipitaciones-10-de-Abril-2026.pdf
2026-04-10,010,LAS CANAS (EMA),MONTE CRISTI,PROGRAMA MUNDIAL DE ALIMENTO,EMAP,29.4,22.2,20.0,https://indomet.gob.do/wp-content/uploads/2026/04/Temperaturas-extremas-y-precipitaciones-10-de-Abril-2026.pdf
2026-04-10,011,LA VEGA,LA VEGA,IATESA,EMCI,33.0,22.5,19.8,https://indomet.gob.do/wp-content/uploads/2026/04/Temperaturas-extremas-y-precipitaciones-10-de-Abril-2026.pdf
2026-04-10,012,POLO,BARAHONA,INDOCAFE,EMCI,,29.0,17.5,https://indomet.gob.do/wp-content/uploads/2026/04/Temperaturas-extremas-y-precipitaciones-10-de-Abril-2026.pdf
2026-04-10,013,SABANETA (EMA),SANTIAGO RODRÍGUEZ,PROGRAMA MUNDIAL DE ALIMENTO,EMAP,34.9,21.9,16.2,https://indomet.gob.do/wp-content/uploads/2026/04/Temperaturas-extremas-y-precipitaciones-10-de-Abril-2026.pdf
2026-04-10,014,ALTAMIRA,PUERTO PLATA,HOSP. MPAL. DE ALTAMIRA,EMCI,33.2,21.4,16.0,https://indomet.gob.do/wp-content/uploads/2026/04/Temperaturas-extremas-y-precipitaciones-10-de-Abril-2026.pdf
2026-04-10,015,SANTIAGO RODRÍGUEZ,SANTIAGO RODRÍGUEZ,INDOMET,EMCI,35.0,22.5,15.3,https://indomet.gob.do/wp-content/uploads/2026/04/Temperaturas-extremas-y-precipitaciones-10-de-Abril-2026.pdf
2026-04-10,016,PALO ÍNDIO,PUERTO PLATA,MINISTERIO DE AGRICULTURA,EMCI,,,13.5,https://indomet.gob.do/wp-content/uploads/2026/04/Temperaturas-extremas-y-precipitaciones-10-de-Abril-2026.pdf
2026-04-10,017,CENTRO DE LOS HEROES (EMA),DISTRITO NACIONAL,MINISTERIO DE ENERGIA Y MINA,EMAP,30.6,24.4,9.6,https://indomet.gob.do/wp-content/uploads/2026/04/Temperaturas-extremas-y-precipitaciones-10-de-Abril-2026.pdf
2026-04-10,018,CONSTANZA,LA VEGA,MINISTERIO DE AGRICULTURA,EMCI,28.5,14.5,8.1,https://indomet.gob.do/wp-content/uploads/2026/04/Temperaturas-extremas-y-precipitaciones-10-de-Abril-2026.pdf
2026-04-10,019,CONSTANZA (EMA),LA VEGA,PROGRAMA MUNDIAL DE ALIMENTO,EMAP,26.9,16.1,7.6,https://indomet.gob.do/wp-content/uploads/2026/04/Temperaturas-extremas-y-precipitaciones-10-de-Abril-2026.pdf
2026-04-10,020,HONDO VALLE,ELÍAS PIÑA,MINISTERIO DE AGRICULTURA,EMCI,25.9,16.6,6.4,https://indomet.gob.do/wp-content/uploads/2026/04/Temperaturas-extremas-y-precipitaciones-10-de-Abril-2026.pdf
2026-04-10,021,PONTÓN ABAJO (EMA),LA VEGA,MINISTERIO DE AGRICULTURA,EMAP,34.8,22.9,6.2,https://indomet.gob.do/wp-content/uploads/2026/04/Temperaturas-extremas-y-precipitaciones-10-de-Abril-2026.pdf
2026-04-10,022,SAJOMA (EMA),SANTIAGO,PLAN SIERRA,EMAI,21.5,,6.2,https://indomet.gob.do/wp-content/uploads/2026/04/Temperaturas-extremas-y-precipitaciones-10-de-Abril-2026.pdf
2026-04-10,023,SALCEDO,HERMANAS MIRABAL,PROPIEDAD DEL EMPLEADO,EMCI,,,5.9,https://indomet.gob.do/wp-content/uploads/2026/04/Temperaturas-extremas-y-precipitaciones-10-de-Abril-2026.pdf
2026-04-10,024,ARPT. MARÍA MONTEZ,BARAHONA,INDOMET,EMCI,30.7,21.4,4.7,https://indomet.gob.do/wp-content/uploads/2026/04/Temperaturas-extremas-y-precipitaciones-10-de-Abril-2026.pdf
2026-04-10,025,VILLA RIVA,DUARTE,HOSP. MPAL. ALICIA DE LEGENDRE,EMCI,32.7,22.0,4.3,https://indomet.gob.do/wp-content/uploads/2026/04/Temperaturas-extremas-y-precipitaciones-10-de-Abril-2026.pdf
2026-04-10,026,SAN JOSÉ DE OCOA,SAN JOSÉ DE OCOA,HOSP. SAN JOSÉ DE OCOA,EMCI,30.7,20.0,4.2,https://indomet.gob.do/wp-content/uploads/2026/04/Temperaturas-extremas-y-precipitaciones-10-de-Abril-2026.pdf
2026-04-10,027,MICHES (EMA),EL SEIBO,PRIVADA,EMAP,31.1,23.1,3.8,https://indomet.gob.do/wp-content/uploads/2026/04/Temperaturas-extremas-y-precipitaciones-10-de-Abril-2026.pdf
2026-04-10,028,BONAO,MONSEÑOR NOUEL,MINISTERIO DE AGRICULTURA,EMCV,,,2.8,https://indomet.gob.do/wp-content/uploads/2026/04/Temperaturas-extremas-y-precipitaciones-10-de-Abril-2026.pdf
2026-04-10,029,CABRERA,MARÍA TRINIDAD SÁNCHEZ,ESCUELA ARÍSTIDES FIALLO CABRAL,EMCI,32.5,25.0,2.6,https://indomet.gob.do/wp-content/uploads/2026/04/Temperaturas-extremas-y-precipitaciones-10-de-Abril-2026.pdf
2026-04-10,030,BANI (EMA),PERAVIA,MINISTERIO DE AGRICULTURA,EMAP,30.8,23.8,2.4,https://indomet.gob.do/wp-content/uploads/2026/04/Temperaturas-extremas-y-precipitaciones-10-de-Abril-2026.pdf
2026-04-10,031,GASPAR HERNÁNDEZ,ESPAILLAT,PROPIEDAD DEL EMPLEADO,EMCI,,,2.2,https://indomet.gob.do/wp-content/uploads/2026/04/Temperaturas-extremas-y-precipitaciones-10-de-Abril-2026.pdf
2026-04-10,032,SAN RAFAEL DEL YUMA,LA ALTAGRACIA,MINISTERIO DE AGRICULTURA,EMCI,30.5,23.3,2.1,https://indomet.gob.do/wp-content/uploads/2026/04/Temperaturas-extremas-y-precipitaciones-10-de-Abril-2026.pdf
2026-04-10,033,ENSANCHE LA FE (EMA),DISTRITO NACIONAL,PRIVADA,EMAP,,,2.0,https://indomet.gob.do/wp-content/uploads/2026/04/Temperaturas-extremas-y-precipitaciones-10-de-Abril-2026.pdf
2026-04-10,034,LA AGUSTINA (EMA),DISTRITO NACIONAL,PRIVADA,EMAP,,,2.0,https://indomet.gob.do/wp-content/uploads/2026/04/Temperaturas-extremas-y-precipitaciones-10-de-Abril-2026.pdf
2026-04-10,035,LOS CACICAZGOS (EMA),DISTRITO NACIONAL,PRIVADA,EMAP,,,2.0,https://indomet.gob.do/wp-content/uploads/2026/04/Temperaturas-extremas-y-precipitaciones-10-de-Abril-2026.pdf
2026-04-10,036,PERALTA,AZUA,HOSP. MPAL. DE PERALTA,EMCI,29.8,18.5,2.0,https://indomet.gob.do/wp-content/uploads/2026/04/Temperaturas-extremas-y-precipitaciones-10-de-Abril-2026.pdf
2026-04-10,037,JARDÍN BOTÁNICO SANTIAGO (EMSANTIAGO,,JARDIN BOTANICO SANTIAGO,EMAI,36.3,,1.9,https://indomet.gob.do/wp-content/uploads/2026/04/Temperaturas-extremas-y-precipitaciones-10-de-Abril-2026.pdf
2026-04-10,038,BUCARA (EMA),SANTIAGO,MINISTERIO DE AGRICULTURA,EMAI,,,1.8,https://indomet.gob.do/wp-content/uploads/2026/04/Temperaturas-extremas-y-precipitaciones-10-de-Abril-2026.pdf
2026-04-10,039,JUMA BEJUCAL,MONSEÑOR NOUEL,IDIAF,EMCV,33.8,23.4,1.5,https://indomet.gob.do/wp-content/uploads/2026/04/Temperaturas-extremas-y-precipitaciones-10-de-Abril-2026.pdf
2026-04-10,040,VILLA GONZALE (EMA),SANTIAGO,IGLESIA,EMAI,,,1.0,https://indomet.gob.do/wp-content/uploads/2026/04/Temperaturas-extremas-y-precipitaciones-10-de-Abril-2026.pdf
2026-04-10,041,GURABO,SANTIAGO,MINISTERIO DE AGRICULTURA,EMCV,,,1.0,https://indomet.gob.do/wp-content/uploads/2026/04/Temperaturas-extremas-y-precipitaciones-10-de-Abril-2026.pdf
2026-04-10,042,ARPT. DEL CIBAO,SANTIAGO,INDOMET,EMCI,32.8,22.4,1.0,https://indomet.gob.do/wp-content/uploads/2026/04/Temperaturas-extremas-y-precipitaciones-10-de-Abril-2026.pdf
2026-04-10,043,MONCIÓN (EMA),SANTIAGO RODRÍGUEZ,PROGRAMA MUNDIAL DE ALIMENTO,EMAP,31.7,20.0,0.8,https://indomet.gob.do/wp-content/uploads/2026/04/Temperaturas-extremas-y-precipitaciones-10-de-Abril-2026.pdf
2026-04-10,044,PROLONGACION 27 DE FEBRERO,DISTRITO NACIONAL,PRIVADA,EMAP,,,0.8,https://indomet.gob.do/wp-content/uploads/2026/04/Temperaturas-extremas-y-precipitaciones-10-de-Abril-2026.pdf
2026-04-10,045,PADRE LAS CASAS,AZUA,HOSP. NTRA. SRA. DEL CARMEN,EMCI,32.0,22.0,0.6,https://indomet.gob.do/wp-content/uploads/2026/04/Temperaturas-extremas-y-precipitaciones-10-de-Abril-2026.pdf
2026-04-10,046,RÍO SAN JUAN,MARÍA TRINIDAD SÁNCHEZ,HOSP. MPAL. DR. DESIDERIO ACOSTA,EMCV,34.5,24.3,0.4,https://indomet.gob.do/wp-content/uploads/2026/04/Temperaturas-extremas-y-precipitaciones-10-de-Abril-2026.pdf
2026-04-10,047,ALTO BANDERA (EMA),LA VEGA,INTEC,EMAP,15.9,8.4,0.3,https://indomet.gob.do/wp-content/uploads/2026/04/Temperaturas-extremas-y-precipitaciones-10-de-Abril-2026.pdf
2026-04-10,048,ARPT. DE LAS AMÉRICAS,SANTO DOMINGO,INDOMET,EMCI,30.0,23.0,0.3,https://indomet.gob.do/wp-content/uploads/2026/04/Temperaturas-extremas-y-precipitaciones-10-de-Abril-2026.pdf
2026-04-10,049,ARROYO LORO,SAN JUAN,IDIAF,EMCI,33.2,19.3,0.3,https://indomet.gob.do/wp-content/uploads/2026/04/Temperaturas-extremas-y-precipitaciones-10-de-Abril-2026.pdf
2026-04-10,050,VILLA VASQUEZ (EMA),MONTE CRISTI,JUNTA DE REGANTES,EMAI,,,0.2,https://indomet.gob.do/wp-content/uploads/2026/04/Temperaturas-extremas-y-precipitaciones-10-de-Abril-2026.pdf
2026-04-10,051,ARPT. EL CATEY,SAMANÁ,INDOMET,EMCI,32.5,22.4,0.1,https://indomet.gob.do/wp-content/uploads/2026/04/Temperaturas-extremas-y-precipitaciones-10-de-Abril-2026.pdf
2026-04-10,052,ANAMUYA (EMA),LA ALTAGRACIA,MINISTERIO DE AGRICULTURA,EMAP,32.1,23.1,0.0,https://indomet.gob.do/wp-content/uploads/2026/04/Temperaturas-extremas-y-precipitaciones-10-de-Abril-2026.pdf
2026-04-10,053,ARPT. ARROYO BARRIL,SAMANÁ,INDOMET,EMCI,31.9,22.0,0.0,https://indomet.gob.do/wp-content/uploads/2026/04/Temperaturas-extremas-y-precipitaciones-10-de-Abril-2026.pdf
2026-04-10,054,ARPT. DE LA ROMANA,LA ROMANA,INDOMET,EMCI,31.0,22.4,0.0,https://indomet.gob.do/wp-content/uploads/2026/04/Temperaturas-extremas-y-precipitaciones-10-de-Abril-2026.pdf
2026-04-10,055,ARPT. DE PUNTA CANA,LA ALTAGRACIA,INDOMET,EMCI,29.8,23.5,0.0,https://indomet.gob.do/wp-content/uploads/2026/04/Temperaturas-extremas-y-precipitaciones-10-de-Abril-2026.pdf
2026-04-10,056,ARPT. LA ISABELA,SANTO DOMINGO,INDOMET,EMCI,31.8,20.5,0.0,https://indomet.gob.do/wp-content/uploads/2026/04/Temperaturas-extremas-y-precipitaciones-10-de-Abril-2026.pdf
2026-04-10,057,BASE AÉREA DE SAN ISIDRO,SANTO DOMINGO,FUERZA AÉREA DOMINICANA,EMCV,31.0,24.1,0.0,https://indomet.gob.do/wp-content/uploads/2026/04/Temperaturas-extremas-y-precipitaciones-10-de-Abril-2026.pdf
2026-04-10,058,BAYAGUANA,MONTE PLATA,INDOMET,EMCI,32.4,21.2,0.0,https://indomet.gob.do/wp-content/uploads/2026/04/Temperaturas-extremas-y-precipitaciones-10-de-Abril-2026.pdf
2026-04-10,059,BOCA DE MAO (EMA),VALVERDE,MINISTERIO DE AGRICULTURA,EMAP,34.3,,0.0,https://indomet.gob.do/wp-content/uploads/2026/04/Temperaturas-extremas-y-precipitaciones-10-de-Abril-2026.pdf
2026-04-10,060,CABRAL,BARAHONA,MINISTERIO DE AGRICULTURA,EMCV,32.4,23.3,0.0,https://indomet.gob.do/wp-content/uploads/2026/04/Temperaturas-extremas-y-precipitaciones-10-de-Abril-2026.pdf
2026-04-10,061,DAJABÓN,DAJABÓN,INSTITUTO POLITÉCNICO LOYOLA,EMCI,34.2,18.5,0.0,https://indomet.gob.do/wp-content/uploads/2026/04/Temperaturas-extremas-y-precipitaciones-10-de-Abril-2026.pdf
2026-04-10,062,EL FACTOR (EMA),MARÍA TRINIDAD SÁNCHEZ,INTEC,EMAP,33.3,23.5,0.0,https://indomet.gob.do/wp-content/uploads/2026/04/Temperaturas-extremas-y-precipitaciones-10-de-Abril-2026.pdf
2026-04-10,063,ENRIQUILLO,BARAHONA,MINISTERIO DE AGRICULTURA,EMCV,31.7,22.0,0.0,https://indomet.gob.do/wp-content/uploads/2026/04/Temperaturas-extremas-y-precipitaciones-10-de-Abril-2026.pdf
2026-04-10,064,ESCONDIDO,PERAVIA,MINISTERIO DE AGRICULTURA,EMCV,31.0,22.0,0.0,https://indomet.gob.do/wp-content/uploads/2026/04/Temperaturas-extremas-y-precipitaciones-10-de-Abril-2026.pdf
2026-04-10,065,HATO MAYOR,HATO MAYOR,MINISTERIO DE AGRICULTURA,EMCV,,,0.0,https://indomet.gob.do/wp-content/uploads/2026/04/Temperaturas-extremas-y-precipitaciones-10-de-Abril-2026.pdf
2026-04-10,066,LA VICTORIA,SANTO DOMINGO,CUERPO DE BOMBEROS,EMCI,32.6,23.2,0.0,https://indomet.gob.do/wp-content/uploads/2026/04/Temperaturas-extremas-y-precipitaciones-10-de-Abril-2026.pdf
2026-04-10,067,LOS COCOS (EMA),BAHORUCO,PRIVADA,EMAP,,,0.0,https://indomet.gob.do/wp-content/uploads/2026/04/Temperaturas-extremas-y-precipitaciones-10-de-Abril-2026.pdf
2026-04-10,068,LOS JARDINES (EMA),DISTRITO NACIONAL,PRIVADA,EMAP,,,0.0,https://indomet.gob.do/wp-content/uploads/2026/04/Temperaturas-extremas-y-precipitaciones-10-de-Abril-2026.pdf
2026-04-10,069,LOS LLANOS,SAN PEDRO DE MACORÍS,MINISTERIO DE AGRICULTURA,EMCI,32.0,23.5,0.0,https://indomet.gob.do/wp-content/uploads/2026/04/Temperaturas-extremas-y-precipitaciones-10-de-Abril-2026.pdf
2026-04-10,070,LOS PRADOS (EMA),DISTRITO NACIONAL,PRIVADA,EMAP,,,0.0,https://indomet.gob.do/wp-content/uploads/2026/04/Temperaturas-extremas-y-precipitaciones-10-de-Abril-2026.pdf
2026-04-10,071,MAO,VALVERDE,INDRHI / MINISTERIO DE AGRICULTURA,EMCV,,,0.0,https://indomet.gob.do/wp-content/uploads/2026/04/Temperaturas-extremas-y-precipitaciones-10-de-Abril-2026.pdf
2026-04-10,072,NAVARRETE,SANTIAGO,MINISTERIO DE AGRICULTURA,EMCV,,,0.0,https://indomet.gob.do/wp-content/uploads/2026/04/Temperaturas-extremas-y-precipitaciones-10-de-Abril-2026.pdf
2026-04-10,073,OLIVARES,PEDERNALES,INDRHI,EMCI,,,0.0,https://indomet.gob.do/wp-content/uploads/2026/04/Temperaturas-extremas-y-precipitaciones-10-de-Abril-2026.pdf
2026-04-10,074,OVIEDO,PEDERNALES,CLÍNICA RURAL OVIEDO,EMCI,31.8,22.0,0.0,https://indomet.gob.do/wp-content/uploads/2026/04/Temperaturas-extremas-y-precipitaciones-10-de-Abril-2026.pdf
2026-04-10,075,PEDERNALES,PEDERNALES,INDRHI,EMCI,,,0.0,https://indomet.gob.do/wp-content/uploads/2026/04/Temperaturas-extremas-y-precipitaciones-10-de-Abril-2026.pdf
2026-04-10,076,PESCADERIA (EMA),BARAHONA,MINISTERIO DE AGRICULTURA,EMAP,,,0.0,https://indomet.gob.do/wp-content/uploads/2026/04/Temperaturas-extremas-y-precipitaciones-10-de-Abril-2026.pdf
2026-04-10,077,PRESA DE TAVERAS (EMA),LA VEGA,PROGRAMA MUNDIAL DE ALIMENTO,EMAP,31.6,20.9,0.0,https://indomet.gob.do/wp-content/uploads/2026/04/Temperaturas-extremas-y-precipitaciones-10-de-Abril-2026.pdf
2026-04-10,078,RESTAURACIÓN,DAJABÓN,MINISTERIO DE AGRICULTURA,EMCI,31.1,17.4,0.0,https://indomet.gob.do/wp-content/uploads/2026/04/Temperaturas-extremas-y-precipitaciones-10-de-Abril-2026.pdf
2026-04-10,079,SABANA DE LA MAR,HATO MAYOR,INDOMET,EMCI,31.2,21.4,0.0,https://indomet.gob.do/wp-content/uploads/2026/04/Temperaturas-extremas-y-precipitaciones-10-de-Abril-2026.pdf
2026-04-10,080,SABANA GRANDE DE BOYÁ,MONTE PLATA,MINISTERIO DE AGRICULTURA,EMCV,,,0.0,https://indomet.gob.do/wp-content/uploads/2026/04/Temperaturas-extremas-y-precipitaciones-10-de-Abril-2026.pdf
2026-04-10,081,SAMANÁ,SAMANÁ,COMANDANCIA DE PUERTO DE SAMANÁ,EMCI,32.8,19.5,0.0,https://indomet.gob.do/wp-content/uploads/2026/04/Temperaturas-extremas-y-precipitaciones-10-de-Abril-2026.pdf
2026-04-10,082,SAN CRISTÓBAL,SAN CRISTÓBAL,INSTITUTO POLITÉCNICO LOYOLA,EMCI,30.2,20.2,0.0,https://indomet.gob.do/wp-content/uploads/2026/04/Temperaturas-extremas-y-precipitaciones-10-de-Abril-2026.pdf
2026-04-10,083,SÁNCHEZ,SAMANÁ,MINISTERIO DE AGRICULTURA,EMCI,30.4,21.5,0.0,https://indomet.gob.do/wp-content/uploads/2026/04/Temperaturas-extremas-y-precipitaciones-10-de-Abril-2026.pdf
2026-04-10,084,SANTO DOMINGO ESTE,SANTO DOMINGO,INDOMET,EMCI,31.0,24.5,0.0,https://indomet.gob.do/wp-content/uploads/2026/04/Temperaturas-extremas-y-precipitaciones-10-de-Abril-2026.pdf
2026-04-10,085,TÁBARA ABAJO,AZUA,INDRHI,EMCI,31.0,18.5,0.0,https://indomet.gob.do/wp-content/uploads/2026/04/Temperaturas-extremas-y-precipitaciones-10-de-Abril-2026.pdf
2026-04-10,086,VILLA ALTAGRACIA,SAN CRISTÓBAL,ESCUELA JAVIER ANGULO GURIDI,EMCI,,,0.0,https://indomet.gob.do/wp-content/uploads/2026/04/Temperaturas-extremas-y-precipitaciones-10-de-Abril-2026.pdf
2026-04-10,087,VILLA ISABELA,PUERTO PLATA,MINISTERIO DE AGRICULTURA,EMCV,32.5,21.5,0.0,https://indomet.gob.do/wp-content/uploads/2026/04/Temperaturas-extremas-y-precipitaciones-10-de-Abril-2026.pdf
2026-04-11,001,LAS CANAS (EMA),MONTE CRISTI,PROGRAMA MUNDIAL DE ALIMENTO,EMAP,26.4,21.3,181.2,https://indomet.gob.do/wp-content/uploads/2026/04/temperaturas-extremas-y-precipitaciones-2026x04x11-apb-1.pdf
2026-04-11,002,SAJOMA (EMA),SANTIAGO,PLAN SIERRA,EMAI,19.3,,123.0,https://indomet.gob.do/wp-content/uploads/2026/04/temperaturas-extremas-y-precipitaciones-2026x04x11-apb-1.pdf
2026-04-11,003,GASPAR HERNÁNDEZ,ESPAILLAT,PROPIEDAD DEL EMPLEADO,EMCI,,,106.8,https://indomet.gob.do/wp-content/uploads/2026/04/temperaturas-extremas-y-precipitaciones-2026x04x11-apb-1.pdf
2026-04-11,004,CABRERA,MARÍA TRINIDAD SÁNCHEZ,ESCUELA ARÍSTIDES FIALLO CABRAL,EMCI,32.0,24.2,104.9,https://indomet.gob.do/wp-content/uploads/2026/04/temperaturas-extremas-y-precipitaciones-2026x04x11-apb-1.pdf
2026-04-11,005,RÍO SAN JUAN,MARÍA TRINIDAD SÁNCHEZ,HOSP. MPAL. DR. DESIDERIO ACOSTA,EMCV,30.3,22.2,97.4,https://indomet.gob.do/wp-content/uploads/2026/04/temperaturas-extremas-y-precipitaciones-2026x04x11-apb-1.pdf
2026-04-11,006,MONTE CRISTI,MONTE CRISTI,INDOMET,EMCI,31.2,23.2,97.3,https://indomet.gob.do/wp-content/uploads/2026/04/temperaturas-extremas-y-precipitaciones-2026x04x11-apb-1.pdf
2026-04-11,007,ALTAMIRA,PUERTO PLATA,HOSP. MPAL. DE ALTAMIRA,EMCI,30.1,20.0,68.8,https://indomet.gob.do/wp-content/uploads/2026/04/temperaturas-extremas-y-precipitaciones-2026x04x11-apb-1.pdf
2026-04-11,008,JIMANÍ,INDEPENDENCIA,MINISTERIO DE AGRICULTURA,EMCI,34.6,21.0,54.7,https://indomet.gob.do/wp-content/uploads/2026/04/temperaturas-extremas-y-precipitaciones-2026x04x11-apb-1.pdf
2026-04-11,009,ARPT. GREGORIO LUPERÓN,PUERTO PLATA,INDOMET,EMCI,30.0,21.0,53.5,https://indomet.gob.do/wp-content/uploads/2026/04/temperaturas-extremas-y-precipitaciones-2026x04x11-apb-1.pdf
2026-04-11,010,VILLA GONZALES,SANTIAGO,MINISTERIO DE AGRICULTURA,EMCI,,,44.2,https://indomet.gob.do/wp-content/uploads/2026/04/temperaturas-extremas-y-precipitaciones-2026x04x11-apb-1.pdf
2026-04-11,011,BAYAGUANA,MONTE PLATA,INDOMET,EMCI,32.0,23.6,42.1,https://indomet.gob.do/wp-content/uploads/2026/04/temperaturas-extremas-y-precipitaciones-2026x04x11-apb-1.pdf
2026-04-11,012,VILLA ALTAGRACIA,SAN CRISTÓBAL,ESCUELA JAVIER ANGULO GURIDI,EMCI,,,38.2,https://indomet.gob.do/wp-content/uploads/2026/04/temperaturas-extremas-y-precipitaciones-2026x04x11-apb-1.pdf
2026-04-11,013,BUCARA (EMA),SANTIAGO,MINISTERIO DE AGRICULTURA,EMAI,,,35.6,https://indomet.gob.do/wp-content/uploads/2026/04/temperaturas-extremas-y-precipitaciones-2026x04x11-apb-1.pdf
2026-04-11,014,EL FACTOR (EMA),MARÍA TRINIDAD SÁNCHEZ,INTEC,EMAP,32.8,22.3,32.5,https://indomet.gob.do/wp-content/uploads/2026/04/temperaturas-extremas-y-precipitaciones-2026x04x11-apb-1.pdf
2026-04-11,015,JARDÍN BOTÁNICO SANTIAGO (EMSANTIAGO,,JARDIN BOTANICO SANTIAGO,EMAI,32.9,19.4,29.6,https://indomet.gob.do/wp-content/uploads/2026/04/temperaturas-extremas-y-precipitaciones-2026x04x11-apb-1.pdf
2026-04-11,016,PRESA DE TAVERAS (EMA),LA VEGA,PROGRAMA MUNDIAL DE ALIMENTO,EMAP,32.0,19.8,29.4,https://indomet.gob.do/wp-content/uploads/2026/04/temperaturas-extremas-y-precipitaciones-2026x04x11-apb-1.pdf
2026-04-11,017,GURABO,SANTIAGO,MINISTERIO DE AGRICULTURA,EMCV,,,27.7,https://indomet.gob.do/wp-content/uploads/2026/04/temperaturas-extremas-y-precipitaciones-2026x04x11-apb-1.pdf
2026-04-11,018,HATO MAYOR,HATO MAYOR,MINISTERIO DE AGRICULTURA,EMCV,,,27.7,https://indomet.gob.do/wp-content/uploads/2026/04/temperaturas-extremas-y-precipitaciones-2026x04x11-apb-1.pdf
2026-04-11,019,ARPT. MARÍA MONTEZ,BARAHONA,INDOMET,EMCI,30.8,22.0,27.6,https://indomet.gob.do/wp-content/uploads/2026/04/temperaturas-extremas-y-precipitaciones-2026x04x11-apb-1.pdf
2026-04-11,020,VILLA ISABELA,PUERTO PLATA,MINISTERIO DE AGRICULTURA,EMCV,29.0,21.0,24.5,https://indomet.gob.do/wp-content/uploads/2026/04/temperaturas-extremas-y-precipitaciones-2026x04x11-apb-1.pdf
2026-04-11,021,ARPT. EL CATEY,SAMANÁ,INDOMET,EMCI,29.0,22.5,24.2,https://indomet.gob.do/wp-content/uploads/2026/04/temperaturas-extremas-y-precipitaciones-2026x04x11-apb-1.pdf
2026-04-11,022,JARABACOA (EMA),LA VEGA,PROGRAMA MUNDIAL DE ALIMENTO,EMAP,29.4,18.4,23.8,https://indomet.gob.do/wp-content/uploads/2026/04/temperaturas-extremas-y-precipitaciones-2026x04x11-apb-1.pdf
2026-04-11,023,JARABACOA,LA VEGA,INDRHI / MARENA,EMCI,30.0,16.6,21.1,https://indomet.gob.do/wp-content/uploads/2026/04/temperaturas-extremas-y-precipitaciones-2026x04x11-apb-1.pdf
2026-04-11,024,RESTAURACIÓN,DAJABÓN,MINISTERIO DE AGRICULTURA,EMCI,30.2,16.0,21.1,https://indomet.gob.do/wp-content/uploads/2026/04/temperaturas-extremas-y-precipitaciones-2026x04x11-apb-1.pdf
2026-04-11,025,SAMANÁ,SAMANÁ,COMANDANCIA DE PUERTO DE SAMANÁ,EMCI,30.0,16.6,21.1,https://indomet.gob.do/wp-content/uploads/2026/04/temperaturas-extremas-y-precipitaciones-2026x04x11-apb-1.pdf
2026-04-11,026,PALO ÍNDIO,PUERTO PLATA,MINISTERIO DE AGRICULTURA,EMCI,,,19.1,https://indomet.gob.do/wp-content/uploads/2026/04/temperaturas-extremas-y-precipitaciones-2026x04x11-apb-1.pdf
2026-04-11,027,RANCHO ARRIBA,SAN JOSÉ DE OCOA,CENTRO TECNOLÓGICO COMUNITARIO,EMCI,30.4,19.0,17.3,https://indomet.gob.do/wp-content/uploads/2026/04/temperaturas-extremas-y-precipitaciones-2026x04x11-apb-1.pdf
2026-04-11,028,SABANA GRANDE DE BOYÁ,MONTE PLATA,MINISTERIO DE AGRICULTURA,EMCV,,,16.5,https://indomet.gob.do/wp-content/uploads/2026/04/temperaturas-extremas-y-precipitaciones-2026x04x11-apb-1.pdf
2026-04-11,029,ALTO BANDERA (EMA),LA VEGA,INTEC,EMAP,15.6,6.8,14.2,https://indomet.gob.do/wp-content/uploads/2026/04/temperaturas-extremas-y-precipitaciones-2026x04x11-apb-1.pdf
2026-04-11,030,JUMA BEJUCAL,MONSEÑOR NOUEL,IDIAF,EMCV,32.2,22.0,14.1,https://indomet.gob.do/wp-content/uploads/2026/04/temperaturas-extremas-y-precipitaciones-2026x04x11-apb-1.pdf
2026-04-11,031,SABANETA (EMA),SANTIAGO RODRÍGUEZ,PROGRAMA MUNDIAL DE ALIMENTO,EMAP,30.1,21.2,13.0,https://indomet.gob.do/wp-content/uploads/2026/04/temperaturas-extremas-y-precipitaciones-2026x04x11-apb-1.pdf
2026-04-11,032,SALCEDO,HERMANAS MIRABAL,PROPIEDAD DEL EMPLEADO,EMCI,,,12.0,https://indomet.gob.do/wp-content/uploads/2026/04/temperaturas-extremas-y-precipitaciones-2026x04x11-apb-1.pdf
2026-04-11,033,SABANA DE LA MAR,HATO MAYOR,INDOMET,EMCI,32.2,22.0,11.3,https://indomet.gob.do/wp-content/uploads/2026/04/temperaturas-extremas-y-precipitaciones-2026x04x11-apb-1.pdf
2026-04-11,034,DAJABÓN,DAJABÓN,INSTITUTO POLITÉCNICO LOYOLA,EMCI,32.3,19.0,10.3,https://indomet.gob.do/wp-content/uploads/2026/04/temperaturas-extremas-y-precipitaciones-2026x04x11-apb-1.pdf
2026-04-11,035,SÁNCHEZ,SAMANÁ,MINISTERIO DE AGRICULTURA,EMCI,31.4,20.6,10.2,https://indomet.gob.do/wp-content/uploads/2026/04/temperaturas-extremas-y-precipitaciones-2026x04x11-apb-1.pdf
2026-04-11,036,NAVARRETE,SANTIAGO,MINISTERIO DE AGRICULTURA,EMCV,,,9.7,https://indomet.gob.do/wp-content/uploads/2026/04/temperaturas-extremas-y-precipitaciones-2026x04x11-apb-1.pdf
2026-04-11,037,PONTÓN ABAJO (EMA),LA VEGA,MINISTERIO DE AGRICULTURA,EMAP,33.8,22.1,9.2,https://indomet.gob.do/wp-content/uploads/2026/04/temperaturas-extremas-y-precipitaciones-2026x04x11-apb-1.pdf
2026-04-11,038,ARROYO LORO,SAN JUAN,IDIAF,EMCI,35.0,18.9,8.3,https://indomet.gob.do/wp-content/uploads/2026/04/temperaturas-extremas-y-precipitaciones-2026x04x11-apb-1.pdf
2026-04-11,039,CONSTANZA,LA VEGA,MINISTERIO DE AGRICULTURA,EMCI,28.0,13.3,7.6,https://indomet.gob.do/wp-content/uploads/2026/04/temperaturas-extremas-y-precipitaciones-2026x04x11-apb-1.pdf
2026-04-11,040,CONSTANZA (EMA),LA VEGA,PROGRAMA MUNDIAL DE ALIMENTO,EMAP,26.1,14.9,7.4,https://indomet.gob.do/wp-content/uploads/2026/04/temperaturas-extremas-y-precipitaciones-2026x04x11-apb-1.pdf
2026-04-11,041,LOS COCOS (EMA),BAHORUCO,PRIVADA,EMAP,,,7.3,https://indomet.gob.do/wp-content/uploads/2026/04/temperaturas-extremas-y-precipitaciones-2026x04x11-apb-1.pdf
2026-04-11,042,ARPT. DEL CIBAO,SANTIAGO,INDOMET,EMCI,33.2,22.3,5.8,https://indomet.gob.do/wp-content/uploads/2026/04/temperaturas-extremas-y-precipitaciones-2026x04x11-apb-1.pdf
2026-04-11,043,ARPT. ARROYO BARRIL,SAMANÁ,INDOMET,EMCI,32.2,22.8,5.2,https://indomet.gob.do/wp-content/uploads/2026/04/temperaturas-extremas-y-precipitaciones-2026x04x11-apb-1.pdf
2026-04-11,044,SANTO DOMINGO ESTE,SANTO DOMINGO,INDOMET,EMCI,30.4,25.0,4.3,https://indomet.gob.do/wp-content/uploads/2026/04/temperaturas-extremas-y-precipitaciones-2026x04x11-apb-1.pdf
2026-04-11,045,VILLA RIVA,DUARTE,HOSP. MPAL. ALICIA DE LEGENDRE,EMCI,31.6,21.2,4.1,https://indomet.gob.do/wp-content/uploads/2026/04/temperaturas-extremas-y-precipitaciones-2026x04x11-apb-1.pdf
2026-04-11,046,SAN JOSÉ DE OCOA,SAN JOSÉ DE OCOA,HOSP. SAN JOSÉ DE OCOA,EMCI,29.3,19.9,2.4,https://indomet.gob.do/wp-content/uploads/2026/04/temperaturas-extremas-y-precipitaciones-2026x04x11-apb-1.pdf
2026-04-11,047,TÁBARA ABAJO,AZUA,INDRHI,EMCI,31.5,20.0,2.4,https://indomet.gob.do/wp-content/uploads/2026/04/temperaturas-extremas-y-precipitaciones-2026x04x11-apb-1.pdf
2026-04-11,048,LOS LLANOS,SAN PEDRO DE MACORÍS,MINISTERIO DE AGRICULTURA,EMCI,32.2,22.8,2.0,https://indomet.gob.do/wp-content/uploads/2026/04/temperaturas-extremas-y-precipitaciones-2026x04x11-apb-1.pdf
2026-04-11,049,VILLA VASQUEZ (EMA),MONTE CRISTI,JUNTA DE REGANTES,EMAI,,,1.6,https://indomet.gob.do/wp-content/uploads/2026/04/temperaturas-extremas-y-precipitaciones-2026x04x11-apb-1.pdf
2026-04-11,050,CABRAL,BARAHONA,MINISTERIO DE AGRICULTURA,EMCV,32.3,22.8,1.5,https://indomet.gob.do/wp-content/uploads/2026/04/temperaturas-extremas-y-precipitaciones-2026x04x11-apb-1.pdf
2026-04-11,051,BANI (EMA),PERAVIA,MINISTERIO DE AGRICULTURA,EMAP,30.3,23.1,1.4,https://indomet.gob.do/wp-content/uploads/2026/04/temperaturas-extremas-y-precipitaciones-2026x04x11-apb-1.pdf
2026-04-11,052,ARPT. DE LAS AMÉRICAS,SANTO DOMINGO,INDOMET,EMCI,30.4,23.0,1.2,https://indomet.gob.do/wp-content/uploads/2026/04/temperaturas-extremas-y-precipitaciones-2026x04x11-apb-1.pdf
2026-04-11,053,MAO,VALVERDE,INDRHI / MINISTERIO DE AGRICULTURA,EMCV,,,1.2,https://indomet.gob.do/wp-content/uploads/2026/04/temperaturas-extremas-y-precipitaciones-2026x04x11-apb-1.pdf
2026-04-11,054,ANAMUYA (EMA),LA ALTAGRACIA,MINISTERIO DE AGRICULTURA,EMAP,32.6,22.6,1.2,https://indomet.gob.do/wp-content/uploads/2026/04/temperaturas-extremas-y-precipitaciones-2026x04x11-apb-1.pdf
2026-04-11,055,MICHES (EMA),EL SEIBO,PRIVADA,EMAP,30.2,23.2,1.2,https://indomet.gob.do/wp-content/uploads/2026/04/temperaturas-extremas-y-precipitaciones-2026x04x11-apb-1.pdf
2026-04-11,056,ARPT. DE PUNTA CANA,LA ALTAGRACIA,INDOMET,EMCI,29.2,22.5,1.0,https://indomet.gob.do/wp-content/uploads/2026/04/temperaturas-extremas-y-precipitaciones-2026x04x11-apb-1.pdf
2026-04-11,057,ENRIQUILLO,BARAHONA,MINISTERIO DE AGRICULTURA,EMCV,32.3,20.5,1.0,https://indomet.gob.do/wp-content/uploads/2026/04/temperaturas-extremas-y-precipitaciones-2026x04x11-apb-1.pdf
2026-04-11,058,PERALTA,AZUA,HOSP. MPAL. DE PERALTA,EMCI,29.3,19.0,1.0,https://indomet.gob.do/wp-content/uploads/2026/04/temperaturas-extremas-y-precipitaciones-2026x04x11-apb-1.pdf
2026-04-11,059,BOCA DE MAO (EMA),VALVERDE,MINISTERIO DE AGRICULTURA,EMAP,33.1,20.9,0.8,https://indomet.gob.do/wp-content/uploads/2026/04/temperaturas-extremas-y-precipitaciones-2026x04x11-apb-1.pdf
2026-04-11,060,MONCIÓN (EMA),SANTIAGO RODRÍGUEZ,PROGRAMA MUNDIAL DE ALIMENTO,EMAP,27.8,18.8,0.8,https://indomet.gob.do/wp-content/uploads/2026/04/temperaturas-extremas-y-precipitaciones-2026x04x11-apb-1.pdf
2026-04-11,061,LOS CACICAZGOS (EMA),DISTRITO NACIONAL,PRIVADA,EMAP,,,0.8,https://indomet.gob.do/wp-content/uploads/2026/04/temperaturas-extremas-y-precipitaciones-2026x04x11-apb-1.pdf
2026-04-11,062,PROLONGACION 27 DE FEBRERO,DISTRITO NACIONAL,PRIVADA,EMAP,,,0.7,https://indomet.gob.do/wp-content/uploads/2026/04/temperaturas-extremas-y-precipitaciones-2026x04x11-apb-1.pdf
2026-04-11,063,POLO,BARAHONA,INDOCAFE,EMCI,28.5,17.5,0.4,https://indomet.gob.do/wp-content/uploads/2026/04/temperaturas-extremas-y-precipitaciones-2026x04x11-apb-1.pdf
2026-04-11,064,SAN RAFAEL DEL YUMA,LA ALTAGRACIA,MINISTERIO DE AGRICULTURA,EMCI,31.4,22.5,0.2,https://indomet.gob.do/wp-content/uploads/2026/04/temperaturas-extremas-y-precipitaciones-2026x04x11-apb-1.pdf
2026-04-11,065,CENTRO DE LOS HEROES (EMA),DISTRITO NACIONAL,MINISTERIO DE ENERGIA Y MINA,EMAP,30.1,24.2,0.2,https://indomet.gob.do/wp-content/uploads/2026/04/temperaturas-extremas-y-precipitaciones-2026x04x11-apb-1.pdf
2026-04-11,066,ARPT. LA ISABELA,SANTO DOMINGO,INDOMET,EMCI,32.1,21.5,0.1,https://indomet.gob.do/wp-content/uploads/2026/04/temperaturas-extremas-y-precipitaciones-2026x04x11-apb-1.pdf
2026-04-11,067,OVIEDO,PEDERNALES,CLÍNICA RURAL OVIEDO,EMCI,31.0,22.0,0.1,https://indomet.gob.do/wp-content/uploads/2026/04/temperaturas-extremas-y-precipitaciones-2026x04x11-apb-1.pdf
2026-04-11,068,ARPT. DE LA ROMANA,LA ROMANA,INDOMET,EMCI,30.5,22.2,0.0,https://indomet.gob.do/wp-content/uploads/2026/04/temperaturas-extremas-y-precipitaciones-2026x04x11-apb-1.pdf
2026-04-11,069,SAN CRISTÓBAL,SAN CRISTÓBAL,INSTITUTO POLITÉCNICO LOYOLA,EMCI,31.0,22.2,0.0,https://indomet.gob.do/wp-content/uploads/2026/04/temperaturas-extremas-y-precipitaciones-2026x04x11-apb-1.pdf
2026-04-11,070,ENSANCHE LA FE (EMA),DISTRITO NACIONAL,PRIVADA,EMAP,,,0.0,https://indomet.gob.do/wp-content/uploads/2026/04/temperaturas-extremas-y-precipitaciones-2026x04x11-apb-1.pdf
2026-04-11,071,LA AGUSTINA (EMA),DISTRITO NACIONAL,PRIVADA,EMAP,,,0.0,https://indomet.gob.do/wp-content/uploads/2026/04/temperaturas-extremas-y-precipitaciones-2026x04x11-apb-1.pdf
2026-04-11,072,PESCADERIA (EMA),BARAHONA,MINISTERIO DE AGRICULTURA,EMAP,,,0.0,https://indomet.gob.do/wp-content/uploads/2026/04/temperaturas-extremas-y-precipitaciones-2026x04x11-apb-1.pdf
2026-04-11,073,LOS TRES CHARCOS (EMA),PEDERNALES,PROPIEDAD DEL VOLUNTARIO,EMAP,,,0.0,https://indomet.gob.do/wp-content/uploads/2026/04/temperaturas-extremas-y-precipitaciones-2026x04x11-apb-1.pdf
2026-04-12,001,SÁNCHEZ,SAMANÁ,MINISTERIO DE AGRICULTURA,EMCI,32.4,19.1,119.4,https://indomet.gob.do/wp-content/uploads/2026/04/Temperaturas-extremas-y-precipitaciones-12-de-Abril-2026.pdf
2026-04-12,002,LUPERÓN,PUERTO PLATA,MINISTERIO DE AGRICULTURA,EMCV,,,119.1,https://indomet.gob.do/wp-content/uploads/2026/04/Temperaturas-extremas-y-precipitaciones-12-de-Abril-2026.pdf
2026-04-12,003,VILLA ALTAGRACIA,SAN CRISTÓBAL,ESCUELA JAVIER ANGULO GURIDI,EMCI,,,102.4,https://indomet.gob.do/wp-content/uploads/2026/04/Temperaturas-extremas-y-precipitaciones-12-de-Abril-2026.pdf
2026-04-12,004,BAYAGUANA,MONTE PLATA,INDOMET,EMCI,32.4,22.4,81.1,https://indomet.gob.do/wp-content/uploads/2026/04/Temperaturas-extremas-y-precipitaciones-12-de-Abril-2026.pdf
2026-04-12,005,EL SEIBO,EL SEIBO,MINISTERIO DE AGRICULTURA,EMCV,,,76.2,https://indomet.gob.do/wp-content/uploads/2026/04/Temperaturas-extremas-y-precipitaciones-12-de-Abril-2026.pdf
2026-04-12,006,HATO MAYOR,HATO MAYOR,MINISTERIO DE AGRICULTURA,EMCV,,,73.7,https://indomet.gob.do/wp-content/uploads/2026/04/Temperaturas-extremas-y-precipitaciones-12-de-Abril-2026.pdf
2026-04-12,007,ARPT. DE PUNTA CANA,LA ALTAGRACIA,INDOMET,EMCI,29.4,22.2,72.2,https://indomet.gob.do/wp-content/uploads/2026/04/Temperaturas-extremas-y-precipitaciones-12-de-Abril-2026.pdf
2026-04-12,008,PALO ÍNDIO,PUERTO PLATA,MINISTERIO DE AGRICULTURA,EMCI,,,69.3,https://indomet.gob.do/wp-content/uploads/2026/04/Temperaturas-extremas-y-precipitaciones-12-de-Abril-2026.pdf
2026-04-12,009,VILLA ISABELA,PUERTO PLATA,MINISTERIO DE AGRICULTURA,EMCV,29.8,20.0,66.4,https://indomet.gob.do/wp-content/uploads/2026/04/Temperaturas-extremas-y-precipitaciones-12-de-Abril-2026.pdf
2026-04-12,010,LOS LLANOS,SAN PEDRO DE MACORÍS,MINISTERIO DE AGRICULTURA,EMCI,33.0,21.3,61.4,https://indomet.gob.do/wp-content/uploads/2026/04/Temperaturas-extremas-y-precipitaciones-12-de-Abril-2026.pdf
2026-04-12,011,MOCA,ESPAILLAT,MINISTERIO DE AGRICULTURA,EMCV,,,52.8,https://indomet.gob.do/wp-content/uploads/2026/04/Temperaturas-extremas-y-precipitaciones-12-de-Abril-2026.pdf
2026-04-12,012,ARPT. MARÍA MONTEZ,BARAHONA,INDOMET,EMCI,31.0,22.3,47.2,https://indomet.gob.do/wp-content/uploads/2026/04/Temperaturas-extremas-y-precipitaciones-12-de-Abril-2026.pdf
2026-04-12,013,LA VEGA,LA VEGA,IATESA,EMCI,33.0,20.5,45.0,https://indomet.gob.do/wp-content/uploads/2026/04/Temperaturas-extremas-y-precipitaciones-12-de-Abril-2026.pdf
2026-04-12,014,SAN CRISTÓBAL,SAN CRISTÓBAL,INSTITUTO POLITÉCNICO LOYOLA,EMCI,32.0,20.2,42.4,https://indomet.gob.do/wp-content/uploads/2026/04/Temperaturas-extremas-y-precipitaciones-12-de-Abril-2026.pdf
2026-04-12,015,CABRERA,MARÍA TRINIDAD SÁNCHEZ,ESCUELA ARÍSTIDES FIALLO CABRAL,EMCI,30.0,23.0,40.6,https://indomet.gob.do/wp-content/uploads/2026/04/Temperaturas-extremas-y-precipitaciones-12-de-Abril-2026.pdf
2026-04-12,016,SAJOMA (EMA),SANTIAGO,PLAN SIERRA,EMAI,19.2,,38.0,https://indomet.gob.do/wp-content/uploads/2026/04/Temperaturas-extremas-y-precipitaciones-12-de-Abril-2026.pdf
2026-04-12,017,PERALTA,AZUA,HOSP. MPAL. DE PERALTA,EMCI,28.0,17.0,34.0,https://indomet.gob.do/wp-content/uploads/2026/04/Temperaturas-extremas-y-precipitaciones-12-de-Abril-2026.pdf
2026-04-12,018,JARABACOA,LA VEGA,INDRHI / MARENA,EMCI,29.8,16.2,32.3,https://indomet.gob.do/wp-content/uploads/2026/04/Temperaturas-extremas-y-precipitaciones-12-de-Abril-2026.pdf
2026-04-12,019,ARPT. EL CATEY,SAMANÁ,INDOMET,EMCI,29.0,20.0,31.7,https://indomet.gob.do/wp-content/uploads/2026/04/Temperaturas-extremas-y-precipitaciones-12-de-Abril-2026.pdf
2026-04-12,020,DAJABÓN,DAJABÓN,INSTITUTO POLITÉCNICO LOYOLA,EMCI,32.9,18.7,30.4,https://indomet.gob.do/wp-content/uploads/2026/04/Temperaturas-extremas-y-precipitaciones-12-de-Abril-2026.pdf
2026-04-12,021,VILLA VASQUEZ (EMA),MONTE CRISTI,JUNTA DE REGANTES,EMAI,,,30.4,https://indomet.gob.do/wp-content/uploads/2026/04/Temperaturas-extremas-y-precipitaciones-12-de-Abril-2026.pdf
2026-04-12,022,OVIEDO,PEDERNALES,CLÍNICA RURAL OVIEDO,EMCI,33.0,21.5,30.0,https://indomet.gob.do/wp-content/uploads/2026/04/Temperaturas-extremas-y-precipitaciones-12-de-Abril-2026.pdf
2026-04-12,023,SAMANÁ,SAMANÁ,COMANDANCIA DE PUERTO DE SAMANÁ,EMCI,31.0,19.9,29.4,https://indomet.gob.do/wp-content/uploads/2026/04/Temperaturas-extremas-y-precipitaciones-12-de-Abril-2026.pdf
2026-04-12,024,ARPT. ARROYO BARRIL,SAMANÁ,INDOMET,EMCI,30.4,22.6,28.4,https://indomet.gob.do/wp-content/uploads/2026/04/Temperaturas-extremas-y-precipitaciones-12-de-Abril-2026.pdf
2026-04-12,025,ENRIQUILLO,BARAHONA,MINISTERIO DE AGRICULTURA,EMCV,32.5,20.0,27.0,https://indomet.gob.do/wp-content/uploads/2026/04/Temperaturas-extremas-y-precipitaciones-12-de-Abril-2026.pdf
2026-04-12,026,LOS COCOS (EMA),BAHORUCO,PRIVADA,EMAP,,,26.5,https://indomet.gob.do/wp-content/uploads/2026/04/Temperaturas-extremas-y-precipitaciones-12-de-Abril-2026.pdf
2026-04-12,027,SABANA GRANDE DE BOYÁ,MONTE PLATA,MINISTERIO DE AGRICULTURA,EMCV,,,22.4,https://indomet.gob.do/wp-content/uploads/2026/04/Temperaturas-extremas-y-precipitaciones-12-de-Abril-2026.pdf
2026-04-12,028,JARDÍN BOTÁNICO SANTIAGO (EMA),SANTIAGO,JARDIN BOTANICO SANTIAGO,EMAI,31.5,24.4,22.0,https://indomet.gob.do/wp-content/uploads/2026/04/Temperaturas-extremas-y-precipitaciones-12-de-Abril-2026.pdf
2026-04-12,029,SABANA DE LA MAR,HATO MAYOR,INDOMET,EMCI,31.2,21.0,21.0,https://indomet.gob.do/wp-content/uploads/2026/04/Temperaturas-extremas-y-precipitaciones-12-de-Abril-2026.pdf
2026-04-12,030,PRESA DE TAVERAS (EMA),LA VEGA,PROGRAMA MUNDIAL DE ALIMENTO,EMAP,30.2,19.8,20.8,https://indomet.gob.do/wp-content/uploads/2026/04/Temperaturas-extremas-y-precipitaciones-12-de-Abril-2026.pdf
2026-04-12,031,ALTO BANDERA (EMA),LA VEGA,INTEC,EMAP,15.5,7.1,20.1,https://indomet.gob.do/wp-content/uploads/2026/04/Temperaturas-extremas-y-precipitaciones-12-de-Abril-2026.pdf
2026-04-12,032,LAS CANAS (EMA),MONTE CRISTI,PROGRAMA MUNDIAL DE ALIMENTO,EMAP,26.9,20.4,19.2,https://indomet.gob.do/wp-content/uploads/2026/04/Temperaturas-extremas-y-precipitaciones-12-de-Abril-2026.pdf
2026-04-12,033,ARPT. DEL CIBAO,SANTIAGO,INDOMET,EMCI,31.1,20.3,18.7,https://indomet.gob.do/wp-content/uploads/2026/04/Temperaturas-extremas-y-precipitaciones-12-de-Abril-2026.pdf
2026-04-12,034,VILLA RIVA,DUARTE,HOSP. MPAL. ALICIA DE LEGENDRE,EMCI,29.0,20.0,18.5,https://indomet.gob.do/wp-content/uploads/2026/04/Temperaturas-extremas-y-precipitaciones-12-de-Abril-2026.pdf
2026-04-12,035,PADRE LAS CASAS,AZUA,HOSP. NTRA. SRA. DEL CARMEN,EMCI,33.4,18.5,17.3,https://indomet.gob.do/wp-content/uploads/2026/04/Temperaturas-extremas-y-precipitaciones-12-de-Abril-2026.pdf
2026-04-12,036,BONAO,MONSEÑOR NOUEL,MINISTERIO DE AGRICULTURA,EMCV,,,17.0,https://indomet.gob.do/wp-content/uploads/2026/04/Temperaturas-extremas-y-precipitaciones-12-de-Abril-2026.pdf
2026-04-12,037,ARPT. LA ISABELA,SANTO DOMINGO,INDOMET,EMCI,33.2,20.6,16.6,https://indomet.gob.do/wp-content/uploads/2026/04/Temperaturas-extremas-y-precipitaciones-12-de-Abril-2026.pdf
2026-04-12,038,GURABO,SANTIAGO,MINISTERIO DE AGRICULTURA,EMCV,,,16.5,https://indomet.gob.do/wp-content/uploads/2026/04/Temperaturas-extremas-y-precipitaciones-12-de-Abril-2026.pdf
2026-04-12,039,SALCEDO,HERMANAS MIRABAL,PROPIEDAD DEL EMPLEADO,EMCI,,,16.0,https://indomet.gob.do/wp-content/uploads/2026/04/Temperaturas-extremas-y-precipitaciones-12-de-Abril-2026.pdf
2026-04-12,040,ARPT. GREGORIO LUPERÓN,PUERTO PLATA,INDOMET,EMCI,28.8,20.5,15.0,https://indomet.gob.do/wp-content/uploads/2026/04/Temperaturas-extremas-y-precipitaciones-12-de-Abril-2026.pdf
2026-04-12,041,NAVARRETE,SANTIAGO,MINISTERIO DE AGRICULTURA,EMCV,,,13.2,https://indomet.gob.do/wp-content/uploads/2026/04/Temperaturas-extremas-y-precipitaciones-12-de-Abril-2026.pdf
2026-04-12,042,JUMA BEJUCAL,MONSEÑOR NOUEL,IDIAF,EMCV,32.6,21.2,12.9,https://indomet.gob.do/wp-content/uploads/2026/04/Temperaturas-extremas-y-precipitaciones-12-de-Abril-2026.pdf
2026-04-12,043,ALTAMIRA,PUERTO PLATA,HOSP. MPAL. DE ALTAMIRA,EMCI,29.6,19.9,12.6,https://indomet.gob.do/wp-content/uploads/2026/04/Temperaturas-extremas-y-precipitaciones-12-de-Abril-2026.pdf
2026-04-12,044,PONTÓN ABAJO (EMA),LA VEGA,MINISTERIO DE AGRICULTURA,EMAP,32.4,21.5,12.0,https://indomet.gob.do/wp-content/uploads/2026/04/Temperaturas-extremas-y-precipitaciones-12-de-Abril-2026.pdf
2026-04-12,045,EL FACTOR (EMA),MARÍA TRINIDAD SÁNCHEZ,INTEC,EMAP,31.7,21.9,11.2,https://indomet.gob.do/wp-content/uploads/2026/04/Temperaturas-extremas-y-precipitaciones-12-de-Abril-2026.pdf
2026-04-12,046,RESTAURACIÓN,DAJABÓN,MINISTERIO DE AGRICULTURA,EMCI,28.0,17.6,10.9,https://indomet.gob.do/wp-content/uploads/2026/04/Temperaturas-extremas-y-precipitaciones-12-de-Abril-2026.pdf
2026-04-12,047,GASPAR HERNÁNDEZ,ESPAILLAT,PROPIEDAD DEL EMPLEADO,EMCI,,,10.4,https://indomet.gob.do/wp-content/uploads/2026/04/Temperaturas-extremas-y-precipitaciones-12-de-Abril-2026.pdf
2026-04-12,048,SAN JOSÉ DE OCOA,SAN JOSÉ DE OCOA,HOSP. SAN JOSÉ DE OCOA,EMCI,30.8,18.7,10.4,https://indomet.gob.do/wp-content/uploads/2026/04/Temperaturas-extremas-y-precipitaciones-12-de-Abril-2026.pdf
2026-04-12,049,MAO,VALVERDE,INDRHI / MINISTERIO DE AGRICULTURA,EMCV,,,10.2,https://indomet.gob.do/wp-content/uploads/2026/04/Temperaturas-extremas-y-precipitaciones-12-de-Abril-2026.pdf
2026-04-12,050,CABRAL,BARAHONA,MINISTERIO DE AGRICULTURA,EMCV,32.4,21.6,10.0,https://indomet.gob.do/wp-content/uploads/2026/04/Temperaturas-extremas-y-precipitaciones-12-de-Abril-2026.pdf
2026-04-12,051,ARROYO LORO,SAN JUAN,IDIAF,EMCI,32.8,18.3,9.4,https://indomet.gob.do/wp-content/uploads/2026/04/Temperaturas-extremas-y-precipitaciones-12-de-Abril-2026.pdf
2026-04-12,052,LA VICTORIA,SANTO DOMINGO,CUERPO DE BOMBEROS,EMCI,35.0,21.6,9.3,https://indomet.gob.do/wp-content/uploads/2026/04/Temperaturas-extremas-y-precipitaciones-12-de-Abril-2026.pdf
2026-04-12,053,MICHES (EMA),EL SEIBO,PRIVADA,EMAP,29.9,21.0,9.0,https://indomet.gob.do/wp-content/uploads/2026/04/Temperaturas-extremas-y-precipitaciones-12-de-Abril-2026.pdf
2026-04-12,054,PEDERNALES,PEDERNALES,INDRHI,EMCI,,,9.0,https://indomet.gob.do/wp-content/uploads/2026/04/Temperaturas-extremas-y-precipitaciones-12-de-Abril-2026.pdf
2026-04-12,055,BOCA DE MAO (EMA),VALVERDE,MINISTERIO DE AGRICULTURA,EMAP,34.3,21.0,8.6,https://indomet.gob.do/wp-content/uploads/2026/04/Temperaturas-extremas-y-precipitaciones-12-de-Abril-2026.pdf
2026-04-12,056,BOHECHÍO,SAN JUAN,MINISTERIO DE AGRICULTURA,EMCV,,,8.3,https://indomet.gob.do/wp-content/uploads/2026/04/Temperaturas-extremas-y-precipitaciones-12-de-Abril-2026.pdf
2026-04-12,057,CONSTANZA,LA VEGA,MINISTERIO DE AGRICULTURA,EMCI,27.0,13.7,7.7,https://indomet.gob.do/wp-content/uploads/2026/04/Temperaturas-extremas-y-precipitaciones-12-de-Abril-2026.pdf
2026-04-12,058,SAN FRANCISCO DE MACORÍS,DUARTE,San Francisco de Macorís (UASD),EMCI,31.9,21.2,7.1,https://indomet.gob.do/wp-content/uploads/2026/04/Temperaturas-extremas-y-precipitaciones-12-de-Abril-2026.pdf
2026-04-12,059,JIMANÍ,INDEPENDENCIA,MINISTERIO DE AGRICULTURA,EMCI,34.0,22.0,7.1,https://indomet.gob.do/wp-content/uploads/2026/04/Temperaturas-extremas-y-precipitaciones-12-de-Abril-2026.pdf
2026-04-12,060,CONSTANZA (EMA),LA VEGA,PROGRAMA MUNDIAL DE ALIMENTO,EMAP,25.4,15.3,7.0,https://indomet.gob.do/wp-content/uploads/2026/04/Temperaturas-extremas-y-precipitaciones-12-de-Abril-2026.pdf
2026-04-12,061,RANCHO ARRIBA,SAN JOSÉ DE OCOA,CENTRO TECNOLÓGICO COMUNITARIO,EMCI,30.2,17.8,6.7,https://indomet.gob.do/wp-content/uploads/2026/04/Temperaturas-extremas-y-precipitaciones-12-de-Abril-2026.pdf
2026-04-12,062,RÍO SAN JUAN,MARÍA TRINIDAD SÁNCHEZ,HOSP. MPAL. DR. DESIDERIO ACOSTA,EMCV,29.0,21.6,6.0,https://indomet.gob.do/wp-content/uploads/2026/04/Temperaturas-extremas-y-precipitaciones-12-de-Abril-2026.pdf
2026-04-12,063,PARQUE MIRADOR NORTE,SANTO DOMINGO,AYUNTAMIENTO,EMCV,,,5.8,https://indomet.gob.do/wp-content/uploads/2026/04/Temperaturas-extremas-y-precipitaciones-12-de-Abril-2026.pdf
2026-04-12,064,POLO,BARAHONA,INDOCAFE,EMCI,28.0,18.0,5.6,https://indomet.gob.do/wp-content/uploads/2026/04/Temperaturas-extremas-y-precipitaciones-12-de-Abril-2026.pdf
2026-04-12,065,LAS MATAS DE SANTA CRUZ,MONTE CRISTI,INDRHI,EMCV,,,5.5,https://indomet.gob.do/wp-content/uploads/2026/04/Temperaturas-extremas-y-precipitaciones-12-de-Abril-2026.pdf
2026-04-12,066,OLIVARES,PEDERNALES,INDRHI,EMCI,,,5.3,https://indomet.gob.do/wp-content/uploads/2026/04/Temperaturas-extremas-y-precipitaciones-12-de-Abril-2026.pdf
2026-04-12,067,SANTIAGO RODRÍGUEZ,SANTIAGO RODRÍGUEZ,INDOMET,EMCI,32.0,22.4,5.3,https://indomet.gob.do/wp-content/uploads/2026/04/Temperaturas-extremas-y-precipitaciones-12-de-Abril-2026.pdf
2026-04-12,068,VILLA GONZALES,SANTIAGO,MINISTERIO DE AGRICULTURA,EMCI,,,5.3,https://indomet.gob.do/wp-content/uploads/2026/04/Temperaturas-extremas-y-precipitaciones-12-de-Abril-2026.pdf
2026-04-12,069,SABANETA (EMA),SANTIAGO RODRÍGUEZ,PROGRAMA MUNDIAL DE ALIMENTO,EMAP,31.4,21.2,5.2,https://indomet.gob.do/wp-content/uploads/2026/04/Temperaturas-extremas-y-precipitaciones-12-de-Abril-2026.pdf
2026-04-12,070,ARPT. DE LAS AMÉRICAS,SANTO DOMINGO,INDOMET,EMCI,31.0,22.5,5.0,https://indomet.gob.do/wp-content/uploads/2026/04/Temperaturas-extremas-y-precipitaciones-12-de-Abril-2026.pdf
2026-04-12,071,ELÍAS PIÑA,ELÍAS PIÑA,MINISTERIO DE AGRICULTURA,EMCV,,,4.0,https://indomet.gob.do/wp-content/uploads/2026/04/Temperaturas-extremas-y-precipitaciones-12-de-Abril-2026.pdf
2026-04-12,072,LA AGUSTINA (EMA),DISTRITO NACIONAL,PRIVADA,EMAP,,,3.9,https://indomet.gob.do/wp-content/uploads/2026/04/Temperaturas-extremas-y-precipitaciones-12-de-Abril-2026.pdf
2026-04-12,073,ENSANCHE LA FE (EMA),DISTRITO NACIONAL,PRIVADA,EMAP,,,3.8,https://indomet.gob.do/wp-content/uploads/2026/04/Temperaturas-extremas-y-precipitaciones-12-de-Abril-2026.pdf
2026-04-12,074,JARDÍN BOTÁNICO NACIONAL,DISTRITO NACIONAL,JARDÍN BOTÁNICO NACIONAL,EMCV,30.8,21.0,3.6,https://indomet.gob.do/wp-content/uploads/2026/04/Temperaturas-extremas-y-precipitaciones-12-de-Abril-2026.pdf
2026-04-12,075,LOS PRADOS (EMA),DISTRITO NACIONAL,PRIVADA,EMAP,,,3.6,https://indomet.gob.do/wp-content/uploads/2026/04/Temperaturas-extremas-y-precipitaciones-12-de-Abril-2026.pdf
2026-04-12,076,MONTE CRISTI,MONTE CRISTI,INDOMET,EMCI,28.5,22.2,3.1,https://indomet.gob.do/wp-content/uploads/2026/04/Temperaturas-extremas-y-precipitaciones-12-de-Abril-2026.pdf
2026-04-12,077,PROLONGACION 27 DE FEBRERO (EMA),DISTRITO NACIONAL,PRIVADA,EMAP,,,3.0,https://indomet.gob.do/wp-content/uploads/2026/04/Temperaturas-extremas-y-precipitaciones-12-de-Abril-2026.pdf
2026-04-12,078,LOS CACICAZGOS (EMA),DISTRITO NACIONAL,PRIVADA,EMAP,,,2.8,https://indomet.gob.do/wp-content/uploads/2026/04/Temperaturas-extremas-y-precipitaciones-12-de-Abril-2026.pdf
2026-04-12,079,HONDO VALLE,ELÍAS PIÑA,MINISTERIO DE AGRICULTURA,EMCI,25.9,16.6,2.4,https://indomet.gob.do/wp-content/uploads/2026/04/Temperaturas-extremas-y-precipitaciones-12-de-Abril-2026.pdf
2026-04-12,080,BUCARA (EMA),SANTIAGO,MINISTERIO DE AGRICULTURA,EMAI,,,2.2,https://indomet.gob.do/wp-content/uploads/2026/04/Temperaturas-extremas-y-precipitaciones-12-de-Abril-2026.pdf
2026-04-12,081,EL CERCADO,SAN JUAN,MINISTERIO DE AGRICULTURA,EMCV,,,1.6,https://indomet.gob.do/wp-content/uploads/2026/04/Temperaturas-extremas-y-precipitaciones-12-de-Abril-2026.pdf
2026-04-12,082,CENTRO DE LOS HEROES (EMA),DISTRITO NACIONAL,MINISTERIO DE ENERGIA Y MINA,EMAP,32.7,23.6,1.6,https://indomet.gob.do/wp-content/uploads/2026/04/Temperaturas-extremas-y-precipitaciones-12-de-Abril-2026.pdf
2026-04-12,083,SANTO DOMINGO ESTE,SANTO DOMINGO,INDOMET,EMCI,32.2,23.5,1.6,https://indomet.gob.do/wp-content/uploads/2026/04/Temperaturas-extremas-y-precipitaciones-12-de-Abril-2026.pdf
2026-04-12,084,TÁBARA ABAJO,AZUA,INDRHI,EMCI,30.5,21.0,1.4,https://indomet.gob.do/wp-content/uploads/2026/04/Temperaturas-extremas-y-precipitaciones-12-de-Abril-2026.pdf
2026-04-12,085,BASE AÉREA DE SAN ISIDRO,SANTO DOMINGO,FUERZA AÉREA DOMINICANA,EMCV,31.5,21.5,1.1,https://indomet.gob.do/wp-content/uploads/2026/04/Temperaturas-extremas-y-precipitaciones-12-de-Abril-2026.pdf
2026-04-12,086,ARPT. DE LA ROMANA,LA ROMANA,INDOMET,EMCI,31.0,21.5,0.6,https://indomet.gob.do/wp-content/uploads/2026/04/Temperaturas-extremas-y-precipitaciones-12-de-Abril-2026.pdf
2026-04-12,087,MONCIÓN (EMA),SANTIAGO RODRÍGUEZ,PROGRAMA MUNDIAL DE ALIMENTO,EMAP,28.5,19.4,0.6,https://indomet.gob.do/wp-content/uploads/2026/04/Temperaturas-extremas-y-precipitaciones-12-de-Abril-2026.pdf
2026-04-12,088,TAMBORIL,SANTIAGO,MINISTERIO DE AGRICULTURA,EMCV,,,0.5,https://indomet.gob.do/wp-content/uploads/2026/04/Temperaturas-extremas-y-precipitaciones-12-de-Abril-2026.pdf
2026-04-12,089,SAN RAFAEL DEL YUMA,LA ALTAGRACIA,MINISTERIO DE AGRICULTURA,EMCI,32.2,22.0,0.4,https://indomet.gob.do/wp-content/uploads/2026/04/Temperaturas-extremas-y-precipitaciones-12-de-Abril-2026.pdf
2026-04-12,090,ANAMUYA (EMA),LA ALTAGRACIA,MINISTERIO DE AGRICULTURA,EMAP,31.3,21.2,0.2,https://indomet.gob.do/wp-content/uploads/2026/04/Temperaturas-extremas-y-precipitaciones-12-de-Abril-2026.pdf
2026-04-12,091,BANI (EMA),PERAVIA,MINISTERIO DE AGRICULTURA,EMAP,32.4,23.6,0.0,https://indomet.gob.do/wp-content/uploads/2026/04/Temperaturas-extremas-y-precipitaciones-12-de-Abril-2026.pdf
2026-04-12,092,LAS MATAS DE FARFÁN,SAN JUAN,MINISTERIO DE AGRICULTURA,EMCV,,,0.0,https://indomet.gob.do/wp-content/uploads/2026/04/Temperaturas-extremas-y-precipitaciones-12-de-Abril-2026.pdf
2026-04-12,093,PESCADERIA (EMA),BARAHONA,MINISTERIO DE AGRICULTURA,EMAP,,,0.0,https://indomet.gob.do/wp-content/uploads/2026/04/Temperaturas-extremas-y-precipitaciones-12-de-Abril-2026.pdf
2026-04-13,001,PALO ÍNDIO,PUERTO PLATA,MINISTERIO DE AGRICULTURA,EMCI,,,60.5,https://indomet.gob.do/wp-content/uploads/2026/04/temperaturas-extremas-y-precipitaciones-2026x04x13-a.pdf
2026-04-13,002,ARPT. DE LAS AMÉRICAS,SANTO DOMINGO,INDOMET,EMCI,30.1,20.0,58.4,https://indomet.gob.do/wp-content/uploads/2026/04/temperaturas-extremas-y-precipitaciones-2026x04x13-a.pdf
2026-04-13,003,VILLA ALTAGRACIA,SAN CRISTÓBAL,ESCUELA JAVIER ANGULO GURIDI,EMCI,,,48.2,https://indomet.gob.do/wp-content/uploads/2026/04/temperaturas-extremas-y-precipitaciones-2026x04x13-a.pdf
2026-04-13,004,JARABACOA (EMA),LA VEGA,PROGRAMA MUNDIAL DE ALIMENTO,EMAP,,,45.4,https://indomet.gob.do/wp-content/uploads/2026/04/temperaturas-extremas-y-precipitaciones-2026x04x13-a.pdf
2026-04-13,005,CENTRO DE LOS HEROES (EMA),DISTRITO NACIONAL,MINISTERIO DE ENERGIA Y MINA,EMAP,32.2,22.4,45.0,https://indomet.gob.do/wp-content/uploads/2026/04/temperaturas-extremas-y-precipitaciones-2026x04x13-a.pdf
2026-04-13,006,LA VEGA,LA VEGA,IATESA,EMCI,30.3,19.5,40.5,https://indomet.gob.do/wp-content/uploads/2026/04/temperaturas-extremas-y-precipitaciones-2026x04x13-a.pdf
2026-04-13,007,JIMANÍ,INDEPENDENCIA,MINISTERIO DE AGRICULTURA,EMCI,34.2,21.0,36.2,https://indomet.gob.do/wp-content/uploads/2026/04/temperaturas-extremas-y-precipitaciones-2026x04x13-a.pdf
2026-04-13,008,ARPT. DE LA ROMANA,LA ROMANA,INDOMET,EMCI,31.5,20.5,35.6,https://indomet.gob.do/wp-content/uploads/2026/04/temperaturas-extremas-y-precipitaciones-2026x04x13-a.pdf
2026-04-13,009,PERALTA,AZUA,HOSP. MPAL. DE PERALTA,EMCI,29.6,14.5,34.2,https://indomet.gob.do/wp-content/uploads/2026/04/temperaturas-extremas-y-precipitaciones-2026x04x13-a.pdf
2026-04-13,010,JARABACOA,LA VEGA,INDRHI / MARENA,EMCI,29.6,14.0,33.5,https://indomet.gob.do/wp-content/uploads/2026/04/temperaturas-extremas-y-precipitaciones-2026x04x13-a.pdf
2026-04-13,011,SANTO DOMINGO ESTE,SANTO DOMINGO,INDOMET,EMCI,31.5,23.0,31.9,https://indomet.gob.do/wp-content/uploads/2026/04/temperaturas-extremas-y-precipitaciones-2026x04x13-a.pdf
2026-04-13,012,ALTAMIRA,PUERTO PLATA,HOSP. MPAL. DE ALTAMIRA,EMCI,27.9,17.1,29.1,https://indomet.gob.do/wp-content/uploads/2026/04/temperaturas-extremas-y-precipitaciones-2026x04x13-a.pdf
2026-04-13,013,EL CERCADO,SAN JUAN,MINISTERIO DE AGRICULTURA,EMCV,,,25.4,https://indomet.gob.do/wp-content/uploads/2026/04/temperaturas-extremas-y-precipitaciones-2026x04x13-a.pdf
2026-04-13,014,BASE AÉREA DE SAN ISIDRO,SANTO DOMINGO,FUERZA AÉREA DOMINICANA,EMCV,33.0,21.9,22.0,https://indomet.gob.do/wp-content/uploads/2026/04/temperaturas-extremas-y-precipitaciones-2026x04x13-a.pdf
2026-04-13,015,LUPERÓN,PUERTO PLATA,MINISTERIO DE AGRICULTURA,EMCV,,,20.1,https://indomet.gob.do/wp-content/uploads/2026/04/temperaturas-extremas-y-precipitaciones-2026x04x13-a.pdf
2026-04-13,016,PONTÓN ABAJO (EMA),LA VEGA,MINISTERIO DE AGRICULTURA,EMAP,31.1,20.2,18.0,https://indomet.gob.do/wp-content/uploads/2026/04/temperaturas-extremas-y-precipitaciones-2026x04x13-a.pdf
2026-04-13,017,VILLA GONZALES,SANTIAGO,MINISTERIO DE AGRICULTURA,EMCI,,,14.7,https://indomet.gob.do/wp-content/uploads/2026/04/temperaturas-extremas-y-precipitaciones-2026x04x13-a.pdf
2026-04-13,018,SAJOMA (EMA),SANTIAGO,PLAN SIERRA,EMAI,,,14.4,https://indomet.gob.do/wp-content/uploads/2026/04/temperaturas-extremas-y-precipitaciones-2026x04x13-a.pdf
2026-04-13,019,HATO MAYOR,HATO MAYOR,MINISTERIO DE AGRICULTURA,EMCV,,,12.4,https://indomet.gob.do/wp-content/uploads/2026/04/temperaturas-extremas-y-precipitaciones-2026x04x13-a.pdf
2026-04-13,020,BELLA VISTA (EMA),DISTRITO NACIONAL,PRIVADA,EMAP,,,11.9,https://indomet.gob.do/wp-content/uploads/2026/04/temperaturas-extremas-y-precipitaciones-2026x04x13-a.pdf
2026-04-13,021,RÍO SAN JUAN,MARÍA TRINIDAD SÁNCHEZ,HOSP. MPAL. DR. DESIDERIO ACOSTA,EMCV,29.3,21.3,11.8,https://indomet.gob.do/wp-content/uploads/2026/04/temperaturas-extremas-y-precipitaciones-2026x04x13-a.pdf
2026-04-13,022,ARPT. LA ISABELA,SANTO DOMINGO,INDOMET,EMCI,31.4,20.6,11.0,https://indomet.gob.do/wp-content/uploads/2026/04/temperaturas-extremas-y-precipitaciones-2026x04x13-a.pdf
2026-04-13,023,PARQUE MIRADOR SUR,DISTRITO NACIONAL,AYUNTAMIENTO,EMCV,31.5,21.3,10.6,https://indomet.gob.do/wp-content/uploads/2026/04/temperaturas-extremas-y-precipitaciones-2026x04x13-a.pdf
2026-04-13,024,SAN CRISTÓBAL,SAN CRISTÓBAL,INSTITUTO POLITÉCNICO LOYOLA,EMCI,32.0,20.0,9.6,https://indomet.gob.do/wp-content/uploads/2026/04/temperaturas-extremas-y-precipitaciones-2026x04x13-a.pdf
2026-04-13,025,HONDO VALLE,ELÍAS PIÑA,MINISTERIO DE AGRICULTURA,EMCI,25.1,15.8,9.3,https://indomet.gob.do/wp-content/uploads/2026/04/temperaturas-extremas-y-precipitaciones-2026x04x13-a.pdf
2026-04-13,026,ALTO BANDERA (EMA),LA VEGA,INTEC,EMAP,14.4,4.6,9.1,https://indomet.gob.do/wp-content/uploads/2026/04/temperaturas-extremas-y-precipitaciones-2026x04x13-a.pdf
2026-04-13,027,BONAO,MONSEÑOR NOUEL,MINISTERIO DE AGRICULTURA,EMCV,,,8.4,https://indomet.gob.do/wp-content/uploads/2026/04/temperaturas-extremas-y-precipitaciones-2026x04x13-a.pdf
2026-04-13,028,LOS LLANOS,SAN PEDRO DE MACORÍS,MINISTERIO DE AGRICULTURA,EMCI,32.3,20.0,8.0,https://indomet.gob.do/wp-content/uploads/2026/04/temperaturas-extremas-y-precipitaciones-2026x04x13-a.pdf
2026-04-13,029,CONSTANZA,LA VEGA,MINISTERIO DE AGRICULTURA,EMCI,26.0,10.0,7.3,https://indomet.gob.do/wp-content/uploads/2026/04/temperaturas-extremas-y-precipitaciones-2026x04x13-a.pdf
2026-04-13,030,CONSTANZA (EMA),LA VEGA,PROGRAMA MUNDIAL DE ALIMENTO,EMAP,24.8,12.8,6.8,https://indomet.gob.do/wp-content/uploads/2026/04/temperaturas-extremas-y-precipitaciones-2026x04x13-a.pdf
2026-04-13,031,NAVARRETE,SANTIAGO,MINISTERIO DE AGRICULTURA,EMCV,,,6.6,https://indomet.gob.do/wp-content/uploads/2026/04/temperaturas-extremas-y-precipitaciones-2026x04x13-a.pdf
2026-04-13,032,ARROYO LORO,SAN JUAN,IDIAF,EMCI,31.5,17.3,6.0,https://indomet.gob.do/wp-content/uploads/2026/04/temperaturas-extremas-y-precipitaciones-2026x04x13-a.pdf
2026-04-13,033,ANAMUYA (EMA),LA ALTAGRACIA,MINISTERIO DE AGRICULTURA,EMAP,32.2,20.7,5.6,https://indomet.gob.do/wp-content/uploads/2026/04/temperaturas-extremas-y-precipitaciones-2026x04x13-a.pdf
2026-04-13,034,ARPT. DE PUNTA CANA,LA ALTAGRACIA,INDOMET,EMCI,29.4,21.4,5.6,https://indomet.gob.do/wp-content/uploads/2026/04/temperaturas-extremas-y-precipitaciones-2026x04x13-a.pdf
2026-04-13,035,LOS COCOS (EMA),BAHORUCO,PRIVADA,EMAP,,,5.4,https://indomet.gob.do/wp-content/uploads/2026/04/temperaturas-extremas-y-precipitaciones-2026x04x13-a.pdf
2026-04-13,036,MICHES (EMA),EL SEIBO,PRIVADA,EMAP,,,5.2,https://indomet.gob.do/wp-content/uploads/2026/04/temperaturas-extremas-y-precipitaciones-2026x04x13-a.pdf
2026-04-13,037,SAN JOSÉ DE OCOA,SAN JOSÉ DE OCOA,HOSP. SAN JOSÉ DE OCOA,EMCI,29.6,19.0,5.2,https://indomet.gob.do/wp-content/uploads/2026/04/temperaturas-extremas-y-precipitaciones-2026x04x13-a.pdf
2026-04-13,038,GURABO,SANTIAGO,MINISTERIO DE AGRICULTURA,EMCV,,,5.1,https://indomet.gob.do/wp-content/uploads/2026/04/temperaturas-extremas-y-precipitaciones-2026x04x13-a.pdf
2026-04-13,039,ELÍAS PIÑA,ELÍAS PIÑA,MINISTERIO DE AGRICULTURA,EMCV,,,5.1,https://indomet.gob.do/wp-content/uploads/2026/04/temperaturas-extremas-y-precipitaciones-2026x04x13-a.pdf
2026-04-13,040,SAN RAFAEL DEL YUMA,LA ALTAGRACIA,MINISTERIO DE AGRICULTURA,EMCI,32.4,20.2,4.3,https://indomet.gob.do/wp-content/uploads/2026/04/temperaturas-extremas-y-precipitaciones-2026x04x13-a.pdf
2026-04-13,041,POLO,BARAHONA,INDOCAFE,EMCI,28.5,14.5,4.2,https://indomet.gob.do/wp-content/uploads/2026/04/temperaturas-extremas-y-precipitaciones-2026x04x13-a.pdf
2026-04-13,042,JUMA BEJUCAL,MONSEÑOR NOUEL,IDIAF,EMCV,30.4,21.4,4.1,https://indomet.gob.do/wp-content/uploads/2026/04/temperaturas-extremas-y-precipitaciones-2026x04x13-a.pdf
2026-04-13,043,GASPAR HERNÁNDEZ,ESPAILLAT,PROPIEDAD DEL EMPLEADO,EMCI,,,3.8,https://indomet.gob.do/wp-content/uploads/2026/04/temperaturas-extremas-y-precipitaciones-2026x04x13-a.pdf
2026-04-13,044,VILLA ISABELA,PUERTO PLATA,MINISTERIO DE AGRICULTURA,EMCV,29.5,18.0,3.8,https://indomet.gob.do/wp-content/uploads/2026/04/temperaturas-extremas-y-precipitaciones-2026x04x13-a.pdf
2026-04-13,045,JARDÍN BOTÁNICO SANTIAGO (EMSANTIAGO,,JARDIN BOTANICO SANTIAGO,EMAI,24.3,17.9,3.6,https://indomet.gob.do/wp-content/uploads/2026/04/temperaturas-extremas-y-precipitaciones-2026x04x13-a.pdf
2026-04-13,046,ARPT. ARROYO BARRIL,SAMANÁ,INDOMET,EMCI,29.5,21.0,2.8,https://indomet.gob.do/wp-content/uploads/2026/04/temperaturas-extremas-y-precipitaciones-2026x04x13-a.pdf
2026-04-13,047,ENRIQUILLO,BARAHONA,MINISTERIO DE AGRICULTURA,EMCV,31.0,19.0,2.8,https://indomet.gob.do/wp-content/uploads/2026/04/temperaturas-extremas-y-precipitaciones-2026x04x13-a.pdf
2026-04-13,048,JARDÍN BOTÁNICO NACIONAL,DISTRITO NACIONAL,JARDÍN BOTÁNICO NACIONAL,EMCV,29.2,19.3,2.8,https://indomet.gob.do/wp-content/uploads/2026/04/temperaturas-extremas-y-precipitaciones-2026x04x13-a.pdf
2026-04-13,049,LA VICTORIA,SANTO DOMINGO,CUERPO DE BOMBEROS,EMCI,27.1,20.5,2.7,https://indomet.gob.do/wp-content/uploads/2026/04/temperaturas-extremas-y-precipitaciones-2026x04x13-a.pdf
2026-04-13,050,ARPT. GREGORIO LUPERÓN,PUERTO PLATA,INDOMET,EMCI,27.8,20.6,2.3,https://indomet.gob.do/wp-content/uploads/2026/04/temperaturas-extremas-y-precipitaciones-2026x04x13-a.pdf
2026-04-13,051,PROLONGACION 27 DE FEBRERO,DISTRITO NACIONAL,PRIVADA,EMAP,,,2.2,https://indomet.gob.do/wp-content/uploads/2026/04/temperaturas-extremas-y-precipitaciones-2026x04x13-a.pdf
2026-04-13,052,SABANA DE LA MAR,HATO MAYOR,INDOMET,EMCI,29.8,20.2,2.1,https://indomet.gob.do/wp-content/uploads/2026/04/temperaturas-extremas-y-precipitaciones-2026x04x13-a.pdf
2026-04-13,053,PRESA DE TAVERAS (EMA),LA VEGA,PROGRAMA MUNDIAL DE ALIMENTO,EMAP,29.7,18.2,2.0,https://indomet.gob.do/wp-content/uploads/2026/04/temperaturas-extremas-y-precipitaciones-2026x04x13-a.pdf
2026-04-13,054,VILLA RIVA,DUARTE,HOSP. MPAL. ALICIA DE LEGENDRE,EMCI,28.0,19.5,1.8,https://indomet.gob.do/wp-content/uploads/2026/04/temperaturas-extremas-y-precipitaciones-2026x04x13-a.pdf
2026-04-13,055,LAS CANAS (EMA),MONTE CRISTI,PROGRAMA MUNDIAL DE ALIMENTO,EMAP,31.9,18.9,1.6,https://indomet.gob.do/wp-content/uploads/2026/04/temperaturas-extremas-y-precipitaciones-2026x04x13-a.pdf
2026-04-13,056,SÁNCHEZ,SAMANÁ,MINISTERIO DE AGRICULTURA,EMCI,30.1,18.4,1.4,https://indomet.gob.do/wp-content/uploads/2026/04/temperaturas-extremas-y-precipitaciones-2026x04x13-a.pdf
2026-04-13,057,MONTE CRISTI,MONTE CRISTI,INDOMET,EMCI,29.6,21.9,1.2,https://indomet.gob.do/wp-content/uploads/2026/04/temperaturas-extremas-y-precipitaciones-2026x04x13-a.pdf
2026-04-13,058,RESTAURACIÓN,DAJABÓN,MINISTERIO DE AGRICULTURA,EMCI,27.1,15.4,1.1,https://indomet.gob.do/wp-content/uploads/2026/04/temperaturas-extremas-y-precipitaciones-2026x04x13-a.pdf
2026-04-13,059,EL FACTOR (EMA),MARÍA TRINIDAD SÁNCHEZ,INTEC,EMAP,31.0,20.9,1.0,https://indomet.gob.do/wp-content/uploads/2026/04/temperaturas-extremas-y-precipitaciones-2026x04x13-a.pdf
2026-04-13,060,MONCIÓN (EMA),SANTIAGO RODRÍGUEZ,PROGRAMA MUNDIAL DE ALIMENTO,EMAP,28.2,17.2,0.6,https://indomet.gob.do/wp-content/uploads/2026/04/temperaturas-extremas-y-precipitaciones-2026x04x13-a.pdf
2026-04-13,061,PADRE LAS CASAS,AZUA,HOSP. NTRA. SRA. DEL CARMEN,EMCI,30.1,15.8,0.6,https://indomet.gob.do/wp-content/uploads/2026/04/temperaturas-extremas-y-precipitaciones-2026x04x13-a.pdf
2026-04-13,062,ENSANCHE LA FE (EMA),DISTRITO NACIONAL,PRIVADA,EMAP,,,0.5,https://indomet.gob.do/wp-content/uploads/2026/04/temperaturas-extremas-y-precipitaciones-2026x04x13-a.pdf
2026-04-13,063,LA AGUSTINA (EMA),DISTRITO NACIONAL,PRIVADA,EMAP,,,0.5,https://indomet.gob.do/wp-content/uploads/2026/04/temperaturas-extremas-y-precipitaciones-2026x04x13-a.pdf
2026-04-13,064,ARPT. MARÍA MONTEZ,BARAHONA,INDOMET,EMCI,31.0,21.0,0.3,https://indomet.gob.do/wp-content/uploads/2026/04/temperaturas-extremas-y-precipitaciones-2026x04x13-a.pdf
2026-04-13,065,BAYAGUANA,MONTE PLATA,INDOMET,EMCI,32.0,21.6,0.3,https://indomet.gob.do/wp-content/uploads/2026/04/temperaturas-extremas-y-precipitaciones-2026x04x13-a.pdf
2026-04-13,066,ARPT. DEL CIBAO,SANTIAGO,INDOMET,EMCI,30.8,19.5,0.2,https://indomet.gob.do/wp-content/uploads/2026/04/temperaturas-extremas-y-precipitaciones-2026x04x13-a.pdf
2026-04-13,067,OVIEDO,PEDERNALES,CLÍNICA RURAL OVIEDO,EMCI,31.5,19.5,0.2,https://indomet.gob.do/wp-content/uploads/2026/04/temperaturas-extremas-y-precipitaciones-2026x04x13-a.pdf
2026-04-13,068,RANCHO ARRIBA,SAN JOSÉ DE OCOA,CENTRO TECNOLÓGICO COMUNITARIO,EMCI,27.5,16.4,0.1,https://indomet.gob.do/wp-content/uploads/2026/04/temperaturas-extremas-y-precipitaciones-2026x04x13-a.pdf
2026-04-13,069,SABANA GRANDE DE BOYÁ,MONTE PLATA,MINISTERIO DE AGRICULTURA,EMCV,,,0.1,https://indomet.gob.do/wp-content/uploads/2026/04/temperaturas-extremas-y-precipitaciones-2026x04x13-a.pdf
2026-04-13,070,SANTIAGO RODRÍGUEZ,SANTIAGO RODRÍGUEZ,INDOMET,EMCI,31.6,19.8,0.1,https://indomet.gob.do/wp-content/uploads/2026/04/temperaturas-extremas-y-precipitaciones-2026x04x13-a.pdf
2026-04-13,071,ARPT. EL CATEY,SAMANÁ,INDOMET,EMCI,30.5,20.5,0.0,https://indomet.gob.do/wp-content/uploads/2026/04/temperaturas-extremas-y-precipitaciones-2026x04x13-a.pdf
2026-04-13,072,BANI (EMA),PERAVIA,MINISTERIO DE AGRICULTURA,EMAP,34.1,20.9,0.0,https://indomet.gob.do/wp-content/uploads/2026/04/temperaturas-extremas-y-precipitaciones-2026x04x13-a.pdf
2026-04-13,073,BOCA DE MAO (EMA),VALVERDE,MINISTERIO DE AGRICULTURA,EMAP,31.2,18.6,0.0,https://indomet.gob.do/wp-content/uploads/2026/04/temperaturas-extremas-y-precipitaciones-2026x04x13-a.pdf
2026-04-13,074,BUCARA (EMA),SANTIAGO,MINISTERIO DE AGRICULTURA,EMAI,,,0.0,https://indomet.gob.do/wp-content/uploads/2026/04/temperaturas-extremas-y-precipitaciones-2026x04x13-a.pdf
2026-04-13,075,CABRERA,MARÍA TRINIDAD SÁNCHEZ,ESCUELA ARÍSTIDES FIALLO CABRAL,EMCI,30.5,20.5,0.0,https://indomet.gob.do/wp-content/uploads/2026/04/temperaturas-extremas-y-precipitaciones-2026x04x13-a.pdf
2026-04-13,076,DAJABÓN,DAJABÓN,INSTITUTO POLITÉCNICO LOYOLA,EMCI,33.8,19.1,0.0,https://indomet.gob.do/wp-content/uploads/2026/04/temperaturas-extremas-y-precipitaciones-2026x04x13-a.pdf
2026-04-13,077,EL MILLON (EMA),DISTRITO NACIONAL,PRIVADA,EMAP,,,0.0,https://indomet.gob.do/wp-content/uploads/2026/04/temperaturas-extremas-y-precipitaciones-2026x04x13-a.pdf
2026-04-13,078,ESCONDIDO,PERAVIA,MINISTERIO DE AGRICULTURA,EMCV,34.0,24.0,0.0,https://indomet.gob.do/wp-content/uploads/2026/04/temperaturas-extremas-y-precipitaciones-2026x04x13-a.pdf
2026-04-13,079,MAO,VALVERDE,INDRHI / MINISTERIO DE AGRICULTURA,EMCV,,,0.0,https://indomet.gob.do/wp-content/uploads/2026/04/temperaturas-extremas-y-precipitaciones-2026x04x13-a.pdf
2026-04-13,080,PEDERNALES,PEDERNALES,INDRHI,EMCI,,,0.0,https://indomet.gob.do/wp-content/uploads/2026/04/temperaturas-extremas-y-precipitaciones-2026x04x13-a.pdf
2026-04-13,081,PESCADERIA (EMA),BARAHONA,MINISTERIO DE AGRICULTURA,EMAP,,,0.0,https://indomet.gob.do/wp-content/uploads/2026/04/temperaturas-extremas-y-precipitaciones-2026x04x13-a.pdf
2026-04-13,082,SABANETA (EMA),SANTIAGO RODRÍGUEZ,PROGRAMA MUNDIAL DE ALIMENTO,EMAP,31.2,19.3,0.0,https://indomet.gob.do/wp-content/uploads/2026/04/temperaturas-extremas-y-precipitaciones-2026x04x13-a.pdf
2026-04-13,083,SALCEDO,HERMANAS MIRABAL,PROPIEDAD DEL EMPLEADO,EMCI,,,0.0,https://indomet.gob.do/wp-content/uploads/2026/04/temperaturas-extremas-y-precipitaciones-2026x04x13-a.pdf
2026-04-13,084,SAMANÁ,SAMANÁ,COMANDANCIA DE PUERTO DE SAMANÁ,EMCI,30.4,15.5,0.0,https://indomet.gob.do/wp-content/uploads/2026/04/temperaturas-extremas-y-precipitaciones-2026x04x13-a.pdf
2026-04-13,085,SAN FRANCISCO DE MACORÍS,DUARTE,San Francisco de Macorís (UASD),EMCI,30.8,20.8,0.0,https://indomet.gob.do/wp-content/uploads/2026/04/temperaturas-extremas-y-precipitaciones-2026x04x13-a.pdf
2026-04-13,086,TÁBARA ABAJO,AZUA,INDRHI,EMCI,31.7,20.0,0.0,https://indomet.gob.do/wp-content/uploads/2026/04/temperaturas-extremas-y-precipitaciones-2026x04x13-a.pdf
2026-04-13,087,VILLA VASQUEZ (EMA),MONTE CRISTI,JUNTA DE REGANTES,EMAI,,,0.0,https://indomet.gob.do/wp-content/uploads/2026/04/temperaturas-extremas-y-precipitaciones-2026x04x13-a.pdf
2026-04-13,088,TAMBORIL,SANTIAGO,MINISTERIO DE AGRICULTURA,EMCV,,,0.0,https://indomet.gob.do/wp-content/uploads/2026/04/temperaturas-extremas-y-precipitaciones-2026x04x13-a.pdf
2026-04-14,001,BOHECHÍO,SAN JUAN,MINISTERIO DE AGRICULTURA,EMCV,,,47.2,https://indomet.gob.do/wp-content/uploads/2026/04/Temperaturas-extremas-y-precipitaciones-14-de-Abril-2026.pdf
2026-04-14,002,EL FACTOR (EMA),MARÍA TRINIDAD SÁNCHEZ,INTEC,EMAP,29.9,20.6,20.8,https://indomet.gob.do/wp-content/uploads/2026/04/Temperaturas-extremas-y-precipitaciones-14-de-Abril-2026.pdf
2026-04-14,003,ARPT. EL CATEY,SAMANÁ,INDOMET,EMCI,30.5,20.5,19.0,https://indomet.gob.do/wp-content/uploads/2026/04/Temperaturas-extremas-y-precipitaciones-14-de-Abril-2026.pdf
2026-04-14,004,PALO ÍNDIO,PUERTO PLATA,MINISTERIO DE AGRICULTURA,EMCI,,,17.0,https://indomet.gob.do/wp-content/uploads/2026/04/Temperaturas-extremas-y-precipitaciones-14-de-Abril-2026.pdf
2026-04-14,005,ARPT. DE LAS AMÉRICAS,SANTO DOMINGO,INDOMET,EMCI,31.0,20.0,12.5,https://indomet.gob.do/wp-content/uploads/2026/04/Temperaturas-extremas-y-precipitaciones-14-de-Abril-2026.pdf
2026-04-14,006,ARROYO LORO,SAN JUAN,IDIAF,EMCI,31.7,17.7,12.5,https://indomet.gob.do/wp-content/uploads/2026/04/Temperaturas-extremas-y-precipitaciones-14-de-Abril-2026.pdf
2026-04-14,007,BANI (EMA),PERAVIA,MINISTERIO DE AGRICULTURA,EMAP,,,12.4,https://indomet.gob.do/wp-content/uploads/2026/04/Temperaturas-extremas-y-precipitaciones-14-de-Abril-2026.pdf
2026-04-14,008,ESCONDIDO,PERAVIA,MINISTERIO DE AGRICULTURA,EMCV,32.0,21.0,12.4,https://indomet.gob.do/wp-content/uploads/2026/04/Temperaturas-extremas-y-precipitaciones-14-de-Abril-2026.pdf
2026-04-14,009,ARPT. GREGORIO LUPERÓN,PUERTO PLATA,INDOMET,EMCI,28.4,20.6,11.8,https://indomet.gob.do/wp-content/uploads/2026/04/Temperaturas-extremas-y-precipitaciones-14-de-Abril-2026.pdf
2026-04-14,010,JUMA BEJUCAL,MONSEÑOR NOUEL,IDIAF,EMCV,30.8,20.0,11.2,https://indomet.gob.do/wp-content/uploads/2026/04/Temperaturas-extremas-y-precipitaciones-14-de-Abril-2026.pdf
2026-04-14,011,RÍO SAN JUAN,MARÍA TRINIDAD SÁNCHEZ,HOSP. MPAL. DR. DESIDERIO ACOSTA,EMCV,28.7,21.3,11.0,https://indomet.gob.do/wp-content/uploads/2026/04/Temperaturas-extremas-y-precipitaciones-14-de-Abril-2026.pdf
2026-04-14,012,BONAO,MONSEÑOR NOUEL,MINISTERIO DE AGRICULTURA,EMCV,,,10.9,https://indomet.gob.do/wp-content/uploads/2026/04/Temperaturas-extremas-y-precipitaciones-14-de-Abril-2026.pdf
2026-04-14,013,SANTIAGO RODRÍGUEZ,SANTIAGO RODRÍGUEZ,INDOMET,EMCI,32.0,19.5,8.6,https://indomet.gob.do/wp-content/uploads/2026/04/Temperaturas-extremas-y-precipitaciones-14-de-Abril-2026.pdf
2026-04-14,014,SABANETA (EMA),SANTIAGO RODRÍGUEZ,PROGRAMA MUNDIAL DE ALIMENTO,EMAP,31.9,18.9,8.4,https://indomet.gob.do/wp-content/uploads/2026/04/Temperaturas-extremas-y-precipitaciones-14-de-Abril-2026.pdf
2026-04-14,015,PERALTA,AZUA,HOSP. MPAL. DE PERALTA,EMCI,28.8,15.0,7.6,https://indomet.gob.do/wp-content/uploads/2026/04/Temperaturas-extremas-y-precipitaciones-14-de-Abril-2026.pdf
2026-04-14,016,MONTE CRISTI,MONTE CRISTI,INDOMET,EMCI,29.2,20.4,7.1,https://indomet.gob.do/wp-content/uploads/2026/04/Temperaturas-extremas-y-precipitaciones-14-de-Abril-2026.pdf
2026-04-14,017,GASPAR HERNÁNDEZ,ESPAILLAT,PROPIEDAD DEL EMPLEADO,EMCI,,,6.7,https://indomet.gob.do/wp-content/uploads/2026/04/Temperaturas-extremas-y-precipitaciones-14-de-Abril-2026.pdf
2026-04-14,018,PADRE LAS CASAS,AZUA,HOSP. NTRA. SRA. DEL CARMEN,EMCI,32.4,17.2,4.8,https://indomet.gob.do/wp-content/uploads/2026/04/Temperaturas-extremas-y-precipitaciones-14-de-Abril-2026.pdf
2026-04-14,019,RESTAURACIÓN,DAJABÓN,MINISTERIO DE AGRICULTURA,EMCI,28.5,15.2,4.1,https://indomet.gob.do/wp-content/uploads/2026/04/Temperaturas-extremas-y-precipitaciones-14-de-Abril-2026.pdf
2026-04-14,020,MICHES (EMA),EL SEIBO,PRIVADA,EMAP,32.6,20.9,4.0,https://indomet.gob.do/wp-content/uploads/2026/04/Temperaturas-extremas-y-precipitaciones-14-de-Abril-2026.pdf
2026-04-14,021,VILLA ISABELA,PUERTO PLATA,MINISTERIO DE AGRICULTURA,EMCV,29.0,19.0,3.3,https://indomet.gob.do/wp-content/uploads/2026/04/Temperaturas-extremas-y-precipitaciones-14-de-Abril-2026.pdf
2026-04-14,022,LUPERÓN,PUERTO PLATA,MINISTERIO DE AGRICULTURA,EMCV,,,2.3,https://indomet.gob.do/wp-content/uploads/2026/04/Temperaturas-extremas-y-precipitaciones-14-de-Abril-2026.pdf
2026-04-14,023,SÁNCHEZ,SAMANÁ,MINISTERIO DE AGRICULTURA,EMCI,30.1,18.9,2.1,https://indomet.gob.do/wp-content/uploads/2026/04/Temperaturas-extremas-y-precipitaciones-14-de-Abril-2026.pdf
2026-04-14,024,ALTO BANDERA (EMA),LA VEGA,INTEC,EMAP,13.1,4.0,2.0,https://indomet.gob.do/wp-content/uploads/2026/04/Temperaturas-extremas-y-precipitaciones-14-de-Abril-2026.pdf
2026-04-14,025,TÁBARA ABAJO,AZUA,INDRHI,EMCI,30.5,19.0,1.9,https://indomet.gob.do/wp-content/uploads/2026/04/Temperaturas-extremas-y-precipitaciones-14-de-Abril-2026.pdf
2026-04-14,026,RANCHO ARRIBA,SAN JOSÉ DE OCOA,CENTRO TECNOLÓGICO COMUNITARIO,EMCI,28.0,15.5,1.6,https://indomet.gob.do/wp-content/uploads/2026/04/Temperaturas-extremas-y-precipitaciones-14-de-Abril-2026.pdf
2026-04-14,027,ALTAMIRA,PUERTO PLATA,HOSP. MPAL. DE ALTAMIRA,EMCI,27.7,18.1,1.5,https://indomet.gob.do/wp-content/uploads/2026/04/Temperaturas-extremas-y-precipitaciones-14-de-Abril-2026.pdf
2026-04-14,028,OLIVARES,PEDERNALES,INDRHI,EMCI,,,1.5,https://indomet.gob.do/wp-content/uploads/2026/04/Temperaturas-extremas-y-precipitaciones-14-de-Abril-2026.pdf
2026-04-14,029,LAS CANAS (EMA),MONTE CRISTI,PROGRAMA MUNDIAL DE ALIMENTO,EMAP,25.8,19.6,1.4,https://indomet.gob.do/wp-content/uploads/2026/04/Temperaturas-extremas-y-precipitaciones-14-de-Abril-2026.pdf
2026-04-14,030,CONSTANZA,LA VEGA,MINISTERIO DE AGRICULTURA,EMCI,24.5,10.0,1.2,https://indomet.gob.do/wp-content/uploads/2026/04/Temperaturas-extremas-y-precipitaciones-14-de-Abril-2026.pdf
2026-04-14,031,CONSTANZA (EMA),LA VEGA,PROGRAMA MUNDIAL DE ALIMENTO,EMAP,23.2,11.7,1.0,https://indomet.gob.do/wp-content/uploads/2026/04/Temperaturas-extremas-y-precipitaciones-14-de-Abril-2026.pdf
2026-04-14,032,SAJOMA (EMA),SANTIAGO,PLAN SIERRA,EMAI,,,1.0,https://indomet.gob.do/wp-content/uploads/2026/04/Temperaturas-extremas-y-precipitaciones-14-de-Abril-2026.pdf
2026-04-14,033,VILLA RIVA,DUARTE,HOSP. MPAL. ALICIA DE LEGENDRE,EMCI,31.1,20.4,0.8,https://indomet.gob.do/wp-content/uploads/2026/04/Temperaturas-extremas-y-precipitaciones-14-de-Abril-2026.pdf
2026-04-14,034,TAMBORIL,SANTIAGO,MINISTERIO DE AGRICULTURA,EMCV,,,0.8,https://indomet.gob.do/wp-content/uploads/2026/04/Temperaturas-extremas-y-precipitaciones-14-de-Abril-2026.pdf
2026-04-14,035,MONCIÓN (EMA),SANTIAGO RODRÍGUEZ,PROGRAMA MUNDIAL DE ALIMENTO,EMAP,27.9,17.1,0.6,https://indomet.gob.do/wp-content/uploads/2026/04/Temperaturas-extremas-y-precipitaciones-14-de-Abril-2026.pdf
2026-04-14,036,NAVARRETE,SANTIAGO,MINISTERIO DE AGRICULTURA,EMCV,,,0.5,https://indomet.gob.do/wp-content/uploads/2026/04/Temperaturas-extremas-y-precipitaciones-14-de-Abril-2026.pdf
2026-04-14,037,VILLA ALTAGRACIA,SAN CRISTÓBAL,ESCUELA JAVIER ANGULO GURIDI,EMCI,,,0.4,https://indomet.gob.do/wp-content/uploads/2026/04/Temperaturas-extremas-y-precipitaciones-14-de-Abril-2026.pdf
2026-04-14,038,ARPT. DEL CIBAO,SANTIAGO,INDOMET,EMCI,29.9,19.9,0.3,https://indomet.gob.do/wp-content/uploads/2026/04/Temperaturas-extremas-y-precipitaciones-14-de-Abril-2026.pdf
2026-04-14,039,ARPT. DE LA ROMANA,LA ROMANA,INDOMET,EMCI,30.3,19.5,0.1,https://indomet.gob.do/wp-content/uploads/2026/04/Temperaturas-extremas-y-precipitaciones-14-de-Abril-2026.pdf
2026-04-14,040,BAYAGUANA,MONTE PLATA,INDOMET,EMCI,31.4,20.4,0.1,https://indomet.gob.do/wp-content/uploads/2026/04/Temperaturas-extremas-y-precipitaciones-14-de-Abril-2026.pdf
2026-04-14,041,ENRIQUILLO,BARAHONA,MINISTERIO DE AGRICULTURA,EMCV,31.5,19.3,0.1,https://indomet.gob.do/wp-content/uploads/2026/04/Temperaturas-extremas-y-precipitaciones-14-de-Abril-2026.pdf
2026-04-14,042,HATO MAYOR,HATO MAYOR,MINISTERIO DE AGRICULTURA,EMCV,,,0.1,https://indomet.gob.do/wp-content/uploads/2026/04/Temperaturas-extremas-y-precipitaciones-14-de-Abril-2026.pdf
2026-04-14,043,PEDERNALES,PEDERNALES,INDRHI,EMCI,,,0.1,https://indomet.gob.do/wp-content/uploads/2026/04/Temperaturas-extremas-y-precipitaciones-14-de-Abril-2026.pdf
2026-04-14,044,SALCEDO,HERMANAS MIRABAL,PROPIEDAD DEL EMPLEADO,EMCI,,,0.1,https://indomet.gob.do/wp-content/uploads/2026/04/Temperaturas-extremas-y-precipitaciones-14-de-Abril-2026.pdf
2026-04-14,045,SAN JOSÉ DE OCOA,SAN JOSÉ DE OCOA,HOSP. SAN JOSÉ DE OCOA,EMCI,30.2,17.1,0.1,https://indomet.gob.do/wp-content/uploads/2026/04/Temperaturas-extremas-y-precipitaciones-14-de-Abril-2026.pdf
2026-04-14,046,ANAMUYA (EMA),LA ALTAGRACIA,MINISTERIO DE AGRICULTURA,EMAP,32.6,20.0,0.0,https://indomet.gob.do/wp-content/uploads/2026/04/Temperaturas-extremas-y-precipitaciones-14-de-Abril-2026.pdf
2026-04-14,047,ARPT. ARROYO BARRIL,SAMANÁ,INDOMET,EMCI,30.5,21.0,0.0,https://indomet.gob.do/wp-content/uploads/2026/04/Temperaturas-extremas-y-precipitaciones-14-de-Abril-2026.pdf
2026-04-14,048,ARPT. DE PUNTA CANA,LA ALTAGRACIA,INDOMET,EMCI,29.6,22.0,0.0,https://indomet.gob.do/wp-content/uploads/2026/04/Temperaturas-extremas-y-precipitaciones-14-de-Abril-2026.pdf
2026-04-14,049,ARPT. LA ISABELA,SANTO DOMINGO,INDOMET,EMCI,32.5,20.5,0.0,https://indomet.gob.do/wp-content/uploads/2026/04/Temperaturas-extremas-y-precipitaciones-14-de-Abril-2026.pdf
2026-04-14,050,ARPT. MARÍA MONTEZ,BARAHONA,INDOMET,EMCI,31.2,20.5,0.0,https://indomet.gob.do/wp-content/uploads/2026/04/Temperaturas-extremas-y-precipitaciones-14-de-Abril-2026.pdf
2026-04-14,051,BASE AÉREA DE SAN ISIDRO,SANTO DOMINGO,FUERZA AÉREA DOMINICANA,EMCV,31.0,24.0,0.0,https://indomet.gob.do/wp-content/uploads/2026/04/Temperaturas-extremas-y-precipitaciones-14-de-Abril-2026.pdf
2026-04-14,052,BELLA VISTA (EMA),DISTRITO NACIONAL,PRIVADA,EMAP,,,0.0,https://indomet.gob.do/wp-content/uploads/2026/04/Temperaturas-extremas-y-precipitaciones-14-de-Abril-2026.pdf
2026-04-14,053,BOCA DE MAO (EMA),VALVERDE,MINISTERIO DE AGRICULTURA,EMAP,31.3,19.1,0.0,https://indomet.gob.do/wp-content/uploads/2026/04/Temperaturas-extremas-y-precipitaciones-14-de-Abril-2026.pdf
2026-04-14,054,BUCARA (EMA),SANTIAGO,MINISTERIO DE AGRICULTURA,EMAI,,,0.0,https://indomet.gob.do/wp-content/uploads/2026/04/Temperaturas-extremas-y-precipitaciones-14-de-Abril-2026.pdf
2026-04-14,055,CABRERA,MARÍA TRINIDAD SÁNCHEZ,ESCUELA ARÍSTIDES FIALLO CABRAL,EMCI,30.0,22.0,0.0,https://indomet.gob.do/wp-content/uploads/2026/04/Temperaturas-extremas-y-precipitaciones-14-de-Abril-2026.pdf
2026-04-14,056,CENTRO DE LOS HEROES (EMA),DISTRITO NACIONAL,MINISTERIO DE ENERGIA Y MINA,EMAP,31.8,23.5,0.0,https://indomet.gob.do/wp-content/uploads/2026/04/Temperaturas-extremas-y-precipitaciones-14-de-Abril-2026.pdf
2026-04-14,057,DAJABÓN,DAJABÓN,INSTITUTO POLITÉCNICO LOYOLA,EMCI,34.0,18.9,0.0,https://indomet.gob.do/wp-content/uploads/2026/04/Temperaturas-extremas-y-precipitaciones-14-de-Abril-2026.pdf
2026-04-14,058,EL MILLON (EMA),DISTRITO NACIONAL,PRIVADA,EMAP,,,0.0,https://indomet.gob.do/wp-content/uploads/2026/04/Temperaturas-extremas-y-precipitaciones-14-de-Abril-2026.pdf
2026-04-14,059,ELÍAS PIÑA,ELÍAS PIÑA,MINISTERIO DE AGRICULTURA,EMCV,,,0.0,https://indomet.gob.do/wp-content/uploads/2026/04/Temperaturas-extremas-y-precipitaciones-14-de-Abril-2026.pdf
2026-04-14,060,ENSANCHE LA FE (EMA),DISTRITO NACIONAL,PRIVADA,EMAP,,,0.0,https://indomet.gob.do/wp-content/uploads/2026/04/Temperaturas-extremas-y-precipitaciones-14-de-Abril-2026.pdf
2026-04-14,061,GURABO,SANTIAGO,MINISTERIO DE AGRICULTURA,EMCV,,,0.0,https://indomet.gob.do/wp-content/uploads/2026/04/Temperaturas-extremas-y-precipitaciones-14-de-Abril-2026.pdf
2026-04-14,062,HONDO VALLE,ELÍAS PIÑA,MINISTERIO DE AGRICULTURA,EMCI,25.4,16.3,0.0,https://indomet.gob.do/wp-content/uploads/2026/04/Temperaturas-extremas-y-precipitaciones-14-de-Abril-2026.pdf
2026-04-14,063,JARABACOA,LA VEGA,INDRHI / MARENA,EMCI,28.4,13.8,0.0,https://indomet.gob.do/wp-content/uploads/2026/04/Temperaturas-extremas-y-precipitaciones-14-de-Abril-2026.pdf
2026-04-14,064,JARABACOA (EMA),LA VEGA,PROGRAMA MUNDIAL DE ALIMENTO,EMAP,30.2,16.3,0.0,https://indomet.gob.do/wp-content/uploads/2026/04/Temperaturas-extremas-y-precipitaciones-14-de-Abril-2026.pdf
2026-04-14,065,JARDÍN BOTÁNICO NACIONAL,DISTRITO NACIONAL,JARDÍN BOTÁNICO NACIONAL,EMCV,31.7,19.1,0.0,https://indomet.gob.do/wp-content/uploads/2026/04/Temperaturas-extremas-y-precipitaciones-14-de-Abril-2026.pdf
2026-04-14,066,JARDÍN BOTÁNICO SANTIAGO (EMSANTIAGO,,JARDIN BOTANICO SANTIAGO,EMAI,19.8,,0.0,https://indomet.gob.do/wp-content/uploads/2026/04/Temperaturas-extremas-y-precipitaciones-14-de-Abril-2026.pdf
2026-04-14,067,JIMANÍ,INDEPENDENCIA,MINISTERIO DE AGRICULTURA,EMCI,32.5,19.8,0.0,https://indomet.gob.do/wp-content/uploads/2026/04/Temperaturas-extremas-y-precipitaciones-14-de-Abril-2026.pdf
2026-04-14,068,LA AGUSTINA (EMA),DISTRITO NACIONAL,PRIVADA,EMAP,,,0.0,https://indomet.gob.do/wp-content/uploads/2026/04/Temperaturas-extremas-y-precipitaciones-14-de-Abril-2026.pdf
2026-04-14,069,LA VEGA,LA VEGA,IATESA,EMCI,29.5,19.5,0.0,https://indomet.gob.do/wp-content/uploads/2026/04/Temperaturas-extremas-y-precipitaciones-14-de-Abril-2026.pdf
2026-04-14,070,LA VICTORIA,SANTO DOMINGO,CUERPO DE BOMBEROS,EMCI,32.7,20.5,0.0,https://indomet.gob.do/wp-content/uploads/2026/04/Temperaturas-extremas-y-precipitaciones-14-de-Abril-2026.pdf
2026-04-14,071,LAS MATAS DE SANTA CRUZ (EMA,MONTE CRISTI,PROGRAMA MUNDIAL DE ALIMENTO,EMAP,,,0.0,https://indomet.gob.do/wp-content/uploads/2026/04/Temperaturas-extremas-y-precipitaciones-14-de-Abril-2026.pdf
2026-04-14,072,LOS CACICAZGOS (EMA),DISTRITO NACIONAL,PRIVADA,EMAP,,,0.0,https://indomet.gob.do/wp-content/uploads/2026/04/Temperaturas-extremas-y-precipitaciones-14-de-Abril-2026.pdf
2026-04-14,073,LOS JARDINES (EMA),DISTRITO NACIONAL,PRIVADA,EMAP,,,0.0,https://indomet.gob.do/wp-content/uploads/2026/04/Temperaturas-extremas-y-precipitaciones-14-de-Abril-2026.pdf
2026-04-14,074,LOS JENGIBRES,NAGUA,INDRHI,EMCI,,,0.0,https://indomet.gob.do/wp-content/uploads/2026/04/Temperaturas-extremas-y-precipitaciones-14-de-Abril-2026.pdf
2026-04-14,075,LOS LLANOS,SAN PEDRO DE MACORÍS,MINISTERIO DE AGRICULTURA,EMCI,31.5,20.0,0.0,https://indomet.gob.do/wp-content/uploads/2026/04/Temperaturas-extremas-y-precipitaciones-14-de-Abril-2026.pdf
2026-04-14,076,LOS PRADOS (EMA),DISTRITO NACIONAL,PRIVADA,EMAP,,,0.0,https://indomet.gob.do/wp-content/uploads/2026/04/Temperaturas-extremas-y-precipitaciones-14-de-Abril-2026.pdf
2026-04-14,077,MAO,VALVERDE,INDRHI / MINISTERIO DE AGRICULTURA,EMCV,,,0.0,https://indomet.gob.do/wp-content/uploads/2026/04/Temperaturas-extremas-y-precipitaciones-14-de-Abril-2026.pdf
2026-04-14,078,OVIEDO,PEDERNALES,CLÍNICA RURAL OVIEDO,EMCI,31.0,19.5,0.0,https://indomet.gob.do/wp-content/uploads/2026/04/Temperaturas-extremas-y-precipitaciones-14-de-Abril-2026.pdf
2026-04-14,079,PASO AL MEDIO,SAN PEDRO DE MACORÍS,INDRHI,EMCI,,,0.0,https://indomet.gob.do/wp-content/uploads/2026/04/Temperaturas-extremas-y-precipitaciones-14-de-Abril-2026.pdf
2026-04-14,080,PESCADERIA (EMA),BARAHONA,MINISTERIO DE AGRICULTURA,EMAP,,,0.0,https://indomet.gob.do/wp-content/uploads/2026/04/Temperaturas-extremas-y-precipitaciones-14-de-Abril-2026.pdf
2026-04-14,081,POLO,BARAHONA,INDOCAFE,EMCI,29.0,15.0,0.0,https://indomet.gob.do/wp-content/uploads/2026/04/Temperaturas-extremas-y-precipitaciones-14-de-Abril-2026.pdf
2026-04-14,082,PONTÓN ABAJO (EMA),LA VEGA,MINISTERIO DE AGRICULTURA,EMAP,34.8,20.1,0.0,https://indomet.gob.do/wp-content/uploads/2026/04/Temperaturas-extremas-y-precipitaciones-14-de-Abril-2026.pdf
2026-04-14,083,PRESA DE TAVERAS (EMA),LA VEGA,PROGRAMA MUNDIAL DE ALIMENTO,EMAP,29.9,18.2,0.0,https://indomet.gob.do/wp-content/uploads/2026/04/Temperaturas-extremas-y-precipitaciones-14-de-Abril-2026.pdf
2026-04-14,084,PROLONGACION 27 DE FEBRERO,DISTRITO NACIONAL,PRIVADA,EMAP,,,0.0,https://indomet.gob.do/wp-content/uploads/2026/04/Temperaturas-extremas-y-precipitaciones-14-de-Abril-2026.pdf
2026-04-14,085,SABANA DE LA MAR,HATO MAYOR,INDOMET,EMCI,30.2,20.4,0.0,https://indomet.gob.do/wp-content/uploads/2026/04/Temperaturas-extremas-y-precipitaciones-14-de-Abril-2026.pdf
2026-04-14,086,SABANA GRANDE DE BOYÁ,MONTE PLATA,MINISTERIO DE AGRICULTURA,EMCV,,,0.0,https://indomet.gob.do/wp-content/uploads/2026/04/Temperaturas-extremas-y-precipitaciones-14-de-Abril-2026.pdf
2026-04-14,087,SAMANÁ,SAMANÁ,COMANDANCIA DE PUERTO DE SAMANÁ,EMCI,29.9,16.0,0.0,https://indomet.gob.do/wp-content/uploads/2026/04/Temperaturas-extremas-y-precipitaciones-14-de-Abril-2026.pdf
2026-04-14,088,SAN CRISTÓBAL,SAN CRISTÓBAL,INSTITUTO POLITÉCNICO LOYOLA,EMCI,32.2,20.2,0.0,https://indomet.gob.do/wp-content/uploads/2026/04/Temperaturas-extremas-y-precipitaciones-14-de-Abril-2026.pdf
2026-04-14,089,SAN FRANCISCO DE MACORÍS,DUARTE,San Francisco de Macorís (UASD),EMCI,29.8,20.0,0.0,https://indomet.gob.do/wp-content/uploads/2026/04/Temperaturas-extremas-y-precipitaciones-14-de-Abril-2026.pdf
2026-04-14,090,SAN RAFAEL DEL YUMA,LA ALTAGRACIA,MINISTERIO DE AGRICULTURA,EMCI,32.3,19.1,0.0,https://indomet.gob.do/wp-content/uploads/2026/04/Temperaturas-extremas-y-precipitaciones-14-de-Abril-2026.pdf
2026-04-14,091,SANTO DOMINGO ESTE,SANTO DOMINGO,INDOMET,EMCI,31.3,21.6,0.0,https://indomet.gob.do/wp-content/uploads/2026/04/Temperaturas-extremas-y-precipitaciones-14-de-Abril-2026.pdf
2026-04-14,092,TAVERA,SANTIAGO,INDRHI,EMCI,,,0.0,https://indomet.gob.do/wp-content/uploads/2026/04/Temperaturas-extremas-y-precipitaciones-14-de-Abril-2026.pdf
2026-04-14,093,VILLA GONZALES,SANTIAGO,MINISTERIO DE AGRICULTURA,EMCI,,,0.0,https://indomet.gob.do/wp-content/uploads/2026/04/Temperaturas-extremas-y-precipitaciones-14-de-Abril-2026.pdf
2026-04-14,094,VILLA VASQUEZ (EMA),MONTE CRISTI,JUNTA DE REGANTES,EMAI,,,0.0,https://indomet.gob.do/wp-content/uploads/2026/04/Temperaturas-extremas-y-precipitaciones-14-de-Abril-2026.pdf
2026-04-16,001,DAJABÓN,DAJABÓN,INSTITUTO POLITÉCNICO LOYOLA,EMCI,24.4,18.1,64.6,https://indomet.gob.do/wp-content/uploads/2026/04/Temperaturas-extremas-y-precipitaciones-16-de-Abril-2026.pdf
2026-04-16,002,ARPT. DE LA ROMANA,LA ROMANA,INDOMET,EMCI,30.4,20.5,61.2,https://indomet.gob.do/wp-content/uploads/2026/04/Temperaturas-extremas-y-precipitaciones-16-de-Abril-2026.pdf
2026-04-16,003,TAMBORIL,SANTIAGO,MINISTERIO DE AGRICULTURA,EMCV,,,53.3,https://indomet.gob.do/wp-content/uploads/2026/04/Temperaturas-extremas-y-precipitaciones-16-de-Abril-2026.pdf
2026-04-16,004,ARPT. DEL CIBAO,SANTIAGO,INDOMET,EMCI,31.2,20.2,49.3,https://indomet.gob.do/wp-content/uploads/2026/04/Temperaturas-extremas-y-precipitaciones-16-de-Abril-2026.pdf
2026-04-16,005,CONSTANZA,LA VEGA,MINISTERIO DE AGRICULTURA,EMCI,25.2,12.7,39.7,https://indomet.gob.do/wp-content/uploads/2026/04/Temperaturas-extremas-y-precipitaciones-16-de-Abril-2026.pdf
2026-04-16,006,CONSTANZA (EMA),LA VEGA,PROGRAMA MUNDIAL DE ALIMENTO,EMAP,23.1,13.4,36.2,https://indomet.gob.do/wp-content/uploads/2026/04/Temperaturas-extremas-y-precipitaciones-16-de-Abril-2026.pdf
2026-04-16,007,SABANA DE LA MAR,HATO MAYOR,INDOMET,EMCI,30.0,21.4,34.7,https://indomet.gob.do/wp-content/uploads/2026/04/Temperaturas-extremas-y-precipitaciones-16-de-Abril-2026.pdf
2026-04-16,008,ALTAMIRA,PUERTO PLATA,HOSP. MPAL. DE ALTAMIRA,EMCI,26.6,18.3,32.2,https://indomet.gob.do/wp-content/uploads/2026/04/Temperaturas-extremas-y-precipitaciones-16-de-Abril-2026.pdf
2026-04-16,009,BAYAGUANA,MONTE PLATA,INDOMET,EMCI,30.5,19.5,31.7,https://indomet.gob.do/wp-content/uploads/2026/04/Temperaturas-extremas-y-precipitaciones-16-de-Abril-2026.pdf
2026-04-16,010,ALTO BANDERA (EMA),LA VEGA,INTEC,EMAP,13.8,6.7,26.7,https://indomet.gob.do/wp-content/uploads/2026/04/Temperaturas-extremas-y-precipitaciones-16-de-Abril-2026.pdf
2026-04-16,011,SAMANÁ,SAMANÁ,COMANDANCIA DE PUERTO DE SAMANÁ,EMCI,31.4,16.3,26.6,https://indomet.gob.do/wp-content/uploads/2026/04/Temperaturas-extremas-y-precipitaciones-16-de-Abril-2026.pdf
2026-04-16,012,EL FACTOR (EMA),MARÍA TRINIDAD SÁNCHEZ,INTEC,EMAP,33.5,21.1,25.7,https://indomet.gob.do/wp-content/uploads/2026/04/Temperaturas-extremas-y-precipitaciones-16-de-Abril-2026.pdf
2026-04-16,013,JARABACOA (EMA),LA VEGA,PROGRAMA MUNDIAL DE ALIMENTO,EMAP,27.3,16.6,24.0,https://indomet.gob.do/wp-content/uploads/2026/04/Temperaturas-extremas-y-precipitaciones-16-de-Abril-2026.pdf
2026-04-16,014,SANTIAGO RODRÍGUEZ,SANTIAGO RODRÍGUEZ,INDOMET,EMCI,31.2,21.0,23.4,https://indomet.gob.do/wp-content/uploads/2026/04/Temperaturas-extremas-y-precipitaciones-16-de-Abril-2026.pdf
2026-04-16,015,JARDÍN BOTÁNICO SANTIAGO (EMSANTIAGO,,JARDIN BOTANICO SANTIAGO,EMAI,28.9,25.1,23.2,https://indomet.gob.do/wp-content/uploads/2026/04/Temperaturas-extremas-y-precipitaciones-16-de-Abril-2026.pdf
2026-04-16,016,SAN JOSÉ DE OCOA,SAN JOSÉ DE OCOA,HOSP. SAN JOSÉ DE OCOA,EMCI,27.8,18.4,23.2,https://indomet.gob.do/wp-content/uploads/2026/04/Temperaturas-extremas-y-precipitaciones-16-de-Abril-2026.pdf
2026-04-16,017,SAJOMA (EMA),SANTIAGO,PLAN SIERRA,EMAI,,,22.6,https://indomet.gob.do/wp-content/uploads/2026/04/Temperaturas-extremas-y-precipitaciones-16-de-Abril-2026.pdf
2026-04-16,018,LA VEGA,LA VEGA,IATESA,EMCI,31.5,21.0,21.6,https://indomet.gob.do/wp-content/uploads/2026/04/Temperaturas-extremas-y-precipitaciones-16-de-Abril-2026.pdf
2026-04-16,019,JARABACOA,LA VEGA,INDRHI / MARENA,EMCI,28.2,14.0,21.4,https://indomet.gob.do/wp-content/uploads/2026/04/Temperaturas-extremas-y-precipitaciones-16-de-Abril-2026.pdf
2026-04-16,020,OLIVARES,PEDERNALES,INDRHI,EMCI,,,21.1,https://indomet.gob.do/wp-content/uploads/2026/04/Temperaturas-extremas-y-precipitaciones-16-de-Abril-2026.pdf
2026-04-16,021,JUMA BEJUCAL,MONSEÑOR NOUEL,IDIAF,EMCV,29.4,21.8,20.4,https://indomet.gob.do/wp-content/uploads/2026/04/Temperaturas-extremas-y-precipitaciones-16-de-Abril-2026.pdf
2026-04-16,022,POLO,BARAHONA,INDOCAFE,EMCI,29.0,16.0,20.3,https://indomet.gob.do/wp-content/uploads/2026/04/Temperaturas-extremas-y-precipitaciones-16-de-Abril-2026.pdf
2026-04-16,023,VILLA RIVA,DUARTE,HOSP. MPAL. ALICIA DE LEGENDRE,EMCI,28.5,19.5,20.3,https://indomet.gob.do/wp-content/uploads/2026/04/Temperaturas-extremas-y-precipitaciones-16-de-Abril-2026.pdf
2026-04-16,024,LOS LLANOS,SAN PEDRO DE MACORÍS,MINISTERIO DE AGRICULTURA,EMCI,30.3,20.5,20.2,https://indomet.gob.do/wp-content/uploads/2026/04/Temperaturas-extremas-y-precipitaciones-16-de-Abril-2026.pdf
2026-04-16,025,RESTAURACIÓN,DAJABÓN,MINISTERIO DE AGRICULTURA,EMCI,27.5,15.1,19.7,https://indomet.gob.do/wp-content/uploads/2026/04/Temperaturas-extremas-y-precipitaciones-16-de-Abril-2026.pdf
2026-04-16,026,PEDERNALES,PEDERNALES,INDRHI,EMCI,,,19.6,https://indomet.gob.do/wp-content/uploads/2026/04/Temperaturas-extremas-y-precipitaciones-16-de-Abril-2026.pdf
2026-04-16,027,BANI (EMA),PERAVIA,MINISTERIO DE AGRICULTURA,EMAP,34.1,21.2,18.8,https://indomet.gob.do/wp-content/uploads/2026/04/Temperaturas-extremas-y-precipitaciones-16-de-Abril-2026.pdf
2026-04-16,028,VILLA GONZALES,SANTIAGO,MINISTERIO DE AGRICULTURA,EMCI,,,15.2,https://indomet.gob.do/wp-content/uploads/2026/04/Temperaturas-extremas-y-precipitaciones-16-de-Abril-2026.pdf
2026-04-16,029,ARPT. EL CATEY,SAMANÁ,INDOMET,EMCI,28.4,21.0,15.0,https://indomet.gob.do/wp-content/uploads/2026/04/Temperaturas-extremas-y-precipitaciones-16-de-Abril-2026.pdf
2026-04-16,030,HATO MAYOR,HATO MAYOR,MINISTERIO DE AGRICULTURA,EMCV,,,15.0,https://indomet.gob.do/wp-content/uploads/2026/04/Temperaturas-extremas-y-precipitaciones-16-de-Abril-2026.pdf
2026-04-16,031,SALCEDO,HERMANAS MIRABAL,PROPIEDAD DEL EMPLEADO,EMCI,,,13.5,https://indomet.gob.do/wp-content/uploads/2026/04/Temperaturas-extremas-y-precipitaciones-16-de-Abril-2026.pdf
2026-04-16,032,LAS MATAS DE SANTA CRUZ (EMA,MONTE CRISTI,PROGRAMA MUNDIAL DE ALIMENTO,EMAP,,,13.2,https://indomet.gob.do/wp-content/uploads/2026/04/Temperaturas-extremas-y-precipitaciones-16-de-Abril-2026.pdf
2026-04-16,033,PONTÓN ABAJO (EMA),LA VEGA,MINISTERIO DE AGRICULTURA,EMAP,32.6,21.8,11.6,https://indomet.gob.do/wp-content/uploads/2026/04/Temperaturas-extremas-y-precipitaciones-16-de-Abril-2026.pdf
2026-04-16,034,PERALTA,AZUA,HOSP. MPAL. DE PERALTA,EMCI,27.5,16.5,11.0,https://indomet.gob.do/wp-content/uploads/2026/04/Temperaturas-extremas-y-precipitaciones-16-de-Abril-2026.pdf
2026-04-16,035,SAN CRISTÓBAL,SAN CRISTÓBAL,INSTITUTO POLITÉCNICO LOYOLA,EMCI,30.0,20.0,9.4,https://indomet.gob.do/wp-content/uploads/2026/04/Temperaturas-extremas-y-precipitaciones-16-de-Abril-2026.pdf
2026-04-16,036,ARPT. GREGORIO LUPERÓN,PUERTO PLATA,INDOMET,EMCI,28.0,19.2,8.5,https://indomet.gob.do/wp-content/uploads/2026/04/Temperaturas-extremas-y-precipitaciones-16-de-Abril-2026.pdf
2026-04-16,037,VILLA ISABELA,PUERTO PLATA,MINISTERIO DE AGRICULTURA,EMCV,29.0,19.0,8.5,https://indomet.gob.do/wp-content/uploads/2026/04/Temperaturas-extremas-y-precipitaciones-16-de-Abril-2026.pdf
2026-04-16,038,LA VICTORIA,SANTO DOMINGO,CUERPO DE BOMBEROS,EMCI,31.4,21.7,8.3,https://indomet.gob.do/wp-content/uploads/2026/04/Temperaturas-extremas-y-precipitaciones-16-de-Abril-2026.pdf
2026-04-16,039,JIMANÍ,INDEPENDENCIA,MINISTERIO DE AGRICULTURA,EMCI,32.2,22.0,7.1,https://indomet.gob.do/wp-content/uploads/2026/04/Temperaturas-extremas-y-precipitaciones-16-de-Abril-2026.pdf
2026-04-16,040,RANCHO ARRIBA,SAN JOSÉ DE OCOA,CENTRO TECNOLÓGICO COMUNITARIO,EMCI,27.3,18.1,7.0,https://indomet.gob.do/wp-content/uploads/2026/04/Temperaturas-extremas-y-precipitaciones-16-de-Abril-2026.pdf
2026-04-16,041,ARPT. ARROYO BARRIL,SAMANÁ,INDOMET,EMCI,28.0,21.0,6.4,https://indomet.gob.do/wp-content/uploads/2026/04/Temperaturas-extremas-y-precipitaciones-16-de-Abril-2026.pdf
2026-04-16,042,HONDO VALLE,ELÍAS PIÑA,MINISTERIO DE AGRICULTURA,EMCI,24.4,15.1,6.3,https://indomet.gob.do/wp-content/uploads/2026/04/Temperaturas-extremas-y-precipitaciones-16-de-Abril-2026.pdf
2026-04-16,043,SABANA GRANDE DE BOYÁ,MONTE PLATA,MINISTERIO DE AGRICULTURA,EMCV,,,6.1,https://indomet.gob.do/wp-content/uploads/2026/04/Temperaturas-extremas-y-precipitaciones-16-de-Abril-2026.pdf
2026-04-16,044,SAN RAFAEL DEL YUMA,LA ALTAGRACIA,MINISTERIO DE AGRICULTURA,EMCI,31.5,21.3,5.7,https://indomet.gob.do/wp-content/uploads/2026/04/Temperaturas-extremas-y-precipitaciones-16-de-Abril-2026.pdf
2026-04-16,045,ENRIQUILLO,BARAHONA,MINISTERIO DE AGRICULTURA,EMCV,30.5,20.3,5.4,https://indomet.gob.do/wp-content/uploads/2026/04/Temperaturas-extremas-y-precipitaciones-16-de-Abril-2026.pdf
2026-04-16,046,RÍO SAN JUAN,MARÍA TRINIDAD SÁNCHEZ,HOSP. MPAL. DR. DESIDERIO ACOSTA,EMCV,32.0,21.8,5.0,https://indomet.gob.do/wp-content/uploads/2026/04/Temperaturas-extremas-y-precipitaciones-16-de-Abril-2026.pdf
2026-04-16,047,OVIEDO,PEDERNALES,CLÍNICA RURAL OVIEDO,EMCI,31.0,20.0,4.4,https://indomet.gob.do/wp-content/uploads/2026/04/Temperaturas-extremas-y-precipitaciones-16-de-Abril-2026.pdf
2026-04-16,048,BOHECHÍO,SAN JUAN,MINISTERIO DE AGRICULTURA,EMCV,,,4.2,https://indomet.gob.do/wp-content/uploads/2026/04/Temperaturas-extremas-y-precipitaciones-16-de-Abril-2026.pdf
2026-04-16,049,ESCONDIDO,PERAVIA,MINISTERIO DE AGRICULTURA,EMCV,30.0,22.0,3.6,https://indomet.gob.do/wp-content/uploads/2026/04/Temperaturas-extremas-y-precipitaciones-16-de-Abril-2026.pdf
2026-04-16,050,PADRE LAS CASAS,AZUA,HOSP. NTRA. SRA. DEL CARMEN,EMCI,29.2,17.0,3.6,https://indomet.gob.do/wp-content/uploads/2026/04/Temperaturas-extremas-y-precipitaciones-16-de-Abril-2026.pdf
2026-04-16,051,TÁBARA ABAJO,AZUA,INDRHI,EMCI,31.9,19.0,3.2,https://indomet.gob.do/wp-content/uploads/2026/04/Temperaturas-extremas-y-precipitaciones-16-de-Abril-2026.pdf
2026-04-16,052,SÁNCHEZ,SAMANÁ,MINISTERIO DE AGRICULTURA,EMCI,31.0,20.2,2.8,https://indomet.gob.do/wp-content/uploads/2026/04/Temperaturas-extremas-y-precipitaciones-16-de-Abril-2026.pdf
2026-04-16,053,ARPT. DE LAS AMÉRICAS,SANTO DOMINGO,INDOMET,EMCI,29.4,21.5,2.3,https://indomet.gob.do/wp-content/uploads/2026/04/Temperaturas-extremas-y-precipitaciones-16-de-Abril-2026.pdf
2026-04-16,054,CABRERA,MARÍA TRINIDAD SÁNCHEZ,ESCUELA ARÍSTIDES FIALLO CABRAL,EMCI,32.8,23.0,2.0,https://indomet.gob.do/wp-content/uploads/2026/04/Temperaturas-extremas-y-precipitaciones-16-de-Abril-2026.pdf
2026-04-16,055,ARPT. LA ISABELA,SANTO DOMINGO,INDOMET,EMCI,31.3,19.9,1.6,https://indomet.gob.do/wp-content/uploads/2026/04/Temperaturas-extremas-y-precipitaciones-16-de-Abril-2026.pdf
2026-04-16,056,LOS COCOS (EMA),BAHORUCO,PRIVADA,EMAP,,,1.4,https://indomet.gob.do/wp-content/uploads/2026/04/Temperaturas-extremas-y-precipitaciones-16-de-Abril-2026.pdf
2026-04-16,057,NAVARRETE,SANTIAGO,MINISTERIO DE AGRICULTURA,EMCV,,,1.3,https://indomet.gob.do/wp-content/uploads/2026/04/Temperaturas-extremas-y-precipitaciones-16-de-Abril-2026.pdf
2026-04-16,058,PALO ÍNDIO,PUERTO PLATA,MINISTERIO DE AGRICULTURA,EMCI,,,1.3,https://indomet.gob.do/wp-content/uploads/2026/04/Temperaturas-extremas-y-precipitaciones-16-de-Abril-2026.pdf
2026-04-16,059,ANAMUYA (EMA),LA ALTAGRACIA,MINISTERIO DE AGRICULTURA,EMAP,29.6,21.5,1.2,https://indomet.gob.do/wp-content/uploads/2026/04/Temperaturas-extremas-y-precipitaciones-16-de-Abril-2026.pdf
2026-04-16,060,MAO,VALVERDE,INDRHI / MINISTERIO DE AGRICULTURA,EMCV,,,1.2,https://indomet.gob.do/wp-content/uploads/2026/04/Temperaturas-extremas-y-precipitaciones-16-de-Abril-2026.pdf
2026-04-16,061,PRESA DE TAVERAS (EMA),LA VEGA,PROGRAMA MUNDIAL DE ALIMENTO,EMAP,31.0,21.6,1.2,https://indomet.gob.do/wp-content/uploads/2026/04/Temperaturas-extremas-y-precipitaciones-16-de-Abril-2026.pdf
2026-04-16,062,JARDÍN BOTÁNICO NACIONAL,DISTRITO NACIONAL,JARDÍN BOTÁNICO NACIONAL,EMCV,31.2,20.6,1.0,https://indomet.gob.do/wp-content/uploads/2026/04/Temperaturas-extremas-y-precipitaciones-16-de-Abril-2026.pdf
2026-04-16,063,ARROYO LORO,SAN JUAN,IDIAF,EMCI,30.0,17.6,0.8,https://indomet.gob.do/wp-content/uploads/2026/04/Temperaturas-extremas-y-precipitaciones-16-de-Abril-2026.pdf
2026-04-16,064,GURABO,SANTIAGO,MINISTERIO DE AGRICULTURA,EMCV,,,0.7,https://indomet.gob.do/wp-content/uploads/2026/04/Temperaturas-extremas-y-precipitaciones-16-de-Abril-2026.pdf
2026-04-16,065,BOCA DE MAO (EMA),VALVERDE,MINISTERIO DE AGRICULTURA,EMAP,31.9,20.1,0.6,https://indomet.gob.do/wp-content/uploads/2026/04/Temperaturas-extremas-y-precipitaciones-16-de-Abril-2026.pdf
2026-04-16,066,SAN FRANCISCO DE MACORÍS,DUARTE,San Francisco de Macorís (UASD),EMCI,31.6,20.5,0.6,https://indomet.gob.do/wp-content/uploads/2026/04/Temperaturas-extremas-y-precipitaciones-16-de-Abril-2026.pdf
2026-04-16,067,MONCIÓN (EMA),SANTIAGO RODRÍGUEZ,PROGRAMA MUNDIAL DE ALIMENTO,EMAP,28.3,17.4,0.4,https://indomet.gob.do/wp-content/uploads/2026/04/Temperaturas-extremas-y-precipitaciones-16-de-Abril-2026.pdf
2026-04-16,068,EL MILLON (EMA),DISTRITO NACIONAL,PRIVADA,EMAP,,,0.3,https://indomet.gob.do/wp-content/uploads/2026/04/Temperaturas-extremas-y-precipitaciones-16-de-Abril-2026.pdf
2026-04-16,069,BUCARA (EMA),SANTIAGO,MINISTERIO DE AGRICULTURA,EMAI,,,0.2,https://indomet.gob.do/wp-content/uploads/2026/04/Temperaturas-extremas-y-precipitaciones-16-de-Abril-2026.pdf
2026-04-16,070,CENTRO DE LOS HEROES (EMA),DISTRITO NACIONAL,MINISTERIO DE ENERGIA Y MINA,EMAP,29.2,24.0,0.2,https://indomet.gob.do/wp-content/uploads/2026/04/Temperaturas-extremas-y-precipitaciones-16-de-Abril-2026.pdf
2026-04-16,071,VILLA ALTAGRACIA,SAN CRISTÓBAL,ESCUELA JAVIER ANGULO GURIDI,EMCI,,,0.1,https://indomet.gob.do/wp-content/uploads/2026/04/Temperaturas-extremas-y-precipitaciones-16-de-Abril-2026.pdf
2026-04-16,072,ARPT. DE PUNTA CANA,LA ALTAGRACIA,INDOMET,EMCI,30.3,20.8,0.0,https://indomet.gob.do/wp-content/uploads/2026/04/Temperaturas-extremas-y-precipitaciones-16-de-Abril-2026.pdf
2026-04-16,073,ARPT. MARÍA MONTEZ,BARAHONA,INDOMET,EMCI,29.5,22.0,0.0,https://indomet.gob.do/wp-content/uploads/2026/04/Temperaturas-extremas-y-precipitaciones-16-de-Abril-2026.pdf
2026-04-16,074,BASE AÉREA DE SAN ISIDRO,SANTO DOMINGO,FUERZA AÉREA DOMINICANA,EMCV,30.2,,0.0,https://indomet.gob.do/wp-content/uploads/2026/04/Temperaturas-extremas-y-precipitaciones-16-de-Abril-2026.pdf
2026-04-16,075,BELLA VISTA (EMA),DISTRITO NACIONAL,PRIVADA,EMAP,,,0.0,https://indomet.gob.do/wp-content/uploads/2026/04/Temperaturas-extremas-y-precipitaciones-16-de-Abril-2026.pdf
2026-04-16,076,ENSANCHE LA FE (EMA),DISTRITO NACIONAL,PRIVADA,EMAP,,,0.0,https://indomet.gob.do/wp-content/uploads/2026/04/Temperaturas-extremas-y-precipitaciones-16-de-Abril-2026.pdf
2026-04-16,077,GASPAR HERNÁNDEZ,ESPAILLAT,PROPIEDAD DEL EMPLEADO,EMCI,,,0.0,https://indomet.gob.do/wp-content/uploads/2026/04/Temperaturas-extremas-y-precipitaciones-16-de-Abril-2026.pdf
2026-04-16,078,LA AGUSTINA (EMA),DISTRITO NACIONAL,PRIVADA,EMAP,,,0.0,https://indomet.gob.do/wp-content/uploads/2026/04/Temperaturas-extremas-y-precipitaciones-16-de-Abril-2026.pdf
2026-04-16,079,LAS CANAS (EMA),MONTE CRISTI,PROGRAMA MUNDIAL DE ALIMENTO,EMAP,27.1,20.6,0.0,https://indomet.gob.do/wp-content/uploads/2026/04/Temperaturas-extremas-y-precipitaciones-16-de-Abril-2026.pdf
2026-04-16,080,LOS CACICAZGOS (EMA),DISTRITO NACIONAL,PRIVADA,EMAP,,,0.0,https://indomet.gob.do/wp-content/uploads/2026/04/Temperaturas-extremas-y-precipitaciones-16-de-Abril-2026.pdf
2026-04-16,081,LOS JARDINES (EMA),DISTRITO NACIONAL,PRIVADA,EMAP,,,0.0,https://indomet.gob.do/wp-content/uploads/2026/04/Temperaturas-extremas-y-precipitaciones-16-de-Abril-2026.pdf
2026-04-16,082,LOS PRADOS (EMA),DISTRITO NACIONAL,PRIVADA,EMAP,,,0.0,https://indomet.gob.do/wp-content/uploads/2026/04/Temperaturas-extremas-y-precipitaciones-16-de-Abril-2026.pdf
2026-04-16,083,MICHES (EMA),EL SEIBO,PRIVADA,EMAP,30.6,22.2,0.0,https://indomet.gob.do/wp-content/uploads/2026/04/Temperaturas-extremas-y-precipitaciones-16-de-Abril-2026.pdf
2026-04-16,084,MOCA,ESPAILLAT,MINISTERIO DE AGRICULTURA,EMCV,,,0.0,https://indomet.gob.do/wp-content/uploads/2026/04/Temperaturas-extremas-y-precipitaciones-16-de-Abril-2026.pdf
2026-04-16,085,MONTE CRISTI,MONTE CRISTI,INDOMET,EMCI,30.5,21.6,0.0,https://indomet.gob.do/wp-content/uploads/2026/04/Temperaturas-extremas-y-precipitaciones-16-de-Abril-2026.pdf
2026-04-16,086,PESCADERIA (EMA),BARAHONA,MINISTERIO DE AGRICULTURA,EMAP,,,0.0,https://indomet.gob.do/wp-content/uploads/2026/04/Temperaturas-extremas-y-precipitaciones-16-de-Abril-2026.pdf
2026-04-16,087,PROLONGACION 27 DE FEBRERO,DISTRITO NACIONAL,PRIVADA,EMAP,,,0.0,https://indomet.gob.do/wp-content/uploads/2026/04/Temperaturas-extremas-y-precipitaciones-16-de-Abril-2026.pdf
2026-04-16,088,SABANETA (EMA),SANTIAGO RODRÍGUEZ,PROGRAMA MUNDIAL DE ALIMENTO,EMAP,35.7,18.9,0.0,https://indomet.gob.do/wp-content/uploads/2026/04/Temperaturas-extremas-y-precipitaciones-16-de-Abril-2026.pdf
2026-04-16,089,SANTO DOMINGO ESTE,SANTO DOMINGO,INDOMET,EMCI,30.5,23.5,0.0,https://indomet.gob.do/wp-content/uploads/2026/04/Temperaturas-extremas-y-precipitaciones-16-de-Abril-2026.pdf
2026-04-16,090,VILLA VASQUEZ (EMA),MONTE CRISTI,JUNTA DE REGANTES,EMAI,,,0.0,https://indomet.gob.do/wp-content/uploads/2026/04/Temperaturas-extremas-y-precipitaciones-16-de-Abril-2026.pdf
2026-04-18,001,ARPT. ARROYO BARRIL,SAMANÁ,INDOMET,EMCI,30.9,21.6,83.4,https://indomet.gob.do/wp-content/uploads/2026/04/Temperaturas-extremas-y-precipitaciones-18-de-Abril-2026.pdf
2026-04-18,002,LA VICTORIA,SANTO DOMINGO,CUERPO DE BOMBEROS,EMCI,31.0,21.5,51.2,https://indomet.gob.do/wp-content/uploads/2026/04/Temperaturas-extremas-y-precipitaciones-18-de-Abril-2026.pdf
2026-04-18,003,BONAO,MONSEÑOR NOUEL,MINISTERIO DE AGRICULTURA,EMCV,,,47.0,https://indomet.gob.do/wp-content/uploads/2026/04/Temperaturas-extremas-y-precipitaciones-18-de-Abril-2026.pdf
2026-04-18,004,SAMANÁ,SAMANÁ,COMANDANCIA DE PUERTO DE SAMANÁ,EMCI,31.2,17.3,36.8,https://indomet.gob.do/wp-content/uploads/2026/04/Temperaturas-extremas-y-precipitaciones-18-de-Abril-2026.pdf
2026-04-18,005,JUMA BEJUCAL,MONSEÑOR NOUEL,IDIAF,EMCV,31.6,22.2,31.0,https://indomet.gob.do/wp-content/uploads/2026/04/Temperaturas-extremas-y-precipitaciones-18-de-Abril-2026.pdf
2026-04-18,006,BASE AÉREA DE SAN ISIDRO,SANTO DOMINGO,FUERZA AÉREA DOMINICANA,EMCV,30.0,20.2,28.0,https://indomet.gob.do/wp-content/uploads/2026/04/Temperaturas-extremas-y-precipitaciones-18-de-Abril-2026.pdf
2026-04-18,007,PEDERNALES,PEDERNALES,INDRHI,EMCI,,,27.3,https://indomet.gob.do/wp-content/uploads/2026/04/Temperaturas-extremas-y-precipitaciones-18-de-Abril-2026.pdf
2026-04-18,008,OLIVARES,PEDERNALES,INDRHI,EMCI,,,23.0,https://indomet.gob.do/wp-content/uploads/2026/04/Temperaturas-extremas-y-precipitaciones-18-de-Abril-2026.pdf
2026-04-18,009,CABRERA,MARÍA TRINIDAD SÁNCHEZ,ESCUELA ARÍSTIDES FIALLO CABRAL,EMCI,31.6,22.5,22.0,https://indomet.gob.do/wp-content/uploads/2026/04/Temperaturas-extremas-y-precipitaciones-18-de-Abril-2026.pdf
2026-04-18,010,VALLE NUEVO (EMA),LA VEGA,MARENA,EMAI,18.6,7.6,20.4,https://indomet.gob.do/wp-content/uploads/2026/04/Temperaturas-extremas-y-precipitaciones-18-de-Abril-2026.pdf
2026-04-18,011,BUCARA (EMA),SANTIAGO,MINISTERIO DE AGRICULTURA,EMAI,,,20.2,https://indomet.gob.do/wp-content/uploads/2026/04/Temperaturas-extremas-y-precipitaciones-18-de-Abril-2026.pdf
2026-04-18,012,VILLA RIVA,DUARTE,HOSP. MPAL. ALICIA DE LEGENDRE,EMCI,29.0,20.4,19.5,https://indomet.gob.do/wp-content/uploads/2026/04/Temperaturas-extremas-y-precipitaciones-18-de-Abril-2026.pdf
2026-04-18,013,RÍO SAN JUAN,MARÍA TRINIDAD SÁNCHEZ,HOSP. MPAL. DR. DESIDERIO ACOSTA,EMCV,31.6,22.2,15.7,https://indomet.gob.do/wp-content/uploads/2026/04/Temperaturas-extremas-y-precipitaciones-18-de-Abril-2026.pdf
2026-04-18,014,RESTAURACIÓN,DAJABÓN,MINISTERIO DE AGRICULTURA,EMCI,29.1,16.5,13.3,https://indomet.gob.do/wp-content/uploads/2026/04/Temperaturas-extremas-y-precipitaciones-18-de-Abril-2026.pdf
2026-04-18,015,SABANA DE LA MAR,HATO MAYOR,INDOMET,EMCI,30.0,20.4,12.0,https://indomet.gob.do/wp-content/uploads/2026/04/Temperaturas-extremas-y-precipitaciones-18-de-Abril-2026.pdf
2026-04-18,016,ARPT. EL CATEY,SAMANÁ,INDOMET,EMCI,31.5,20.5,11.9,https://indomet.gob.do/wp-content/uploads/2026/04/Temperaturas-extremas-y-precipitaciones-18-de-Abril-2026.pdf
2026-04-18,017,ENRIQUILLO,BARAHONA,MINISTERIO DE AGRICULTURA,EMCV,30.7,20.5,11.0,https://indomet.gob.do/wp-content/uploads/2026/04/Temperaturas-extremas-y-precipitaciones-18-de-Abril-2026.pdf
2026-04-18,018,JARABACOA (EMA),LA VEGA,PROGRAMA MUNDIAL DE ALIMENTO,EMAP,29.6,17.8,10.6,https://indomet.gob.do/wp-content/uploads/2026/04/Temperaturas-extremas-y-precipitaciones-18-de-Abril-2026.pdf
2026-04-18,019,SALCEDO,HERMANAS MIRABAL,PROPIEDAD DEL EMPLEADO,EMCI,,,10.2,https://indomet.gob.do/wp-content/uploads/2026/04/Temperaturas-extremas-y-precipitaciones-18-de-Abril-2026.pdf
2026-04-18,020,LOS CACICAZGOS (EMA),DISTRITO NACIONAL,PRIVADA,EMAP,,,10.1,https://indomet.gob.do/wp-content/uploads/2026/04/Temperaturas-extremas-y-precipitaciones-18-de-Abril-2026.pdf
2026-04-18,021,ARPT. LA ISABELA,SANTO DOMINGO,INDOMET,EMCI,31.5,19.0,9.6,https://indomet.gob.do/wp-content/uploads/2026/04/Temperaturas-extremas-y-precipitaciones-18-de-Abril-2026.pdf
2026-04-18,022,JARABACOA,LA VEGA,INDRHI / MARENA,EMCI,30.8,15.2,9.4,https://indomet.gob.do/wp-content/uploads/2026/04/Temperaturas-extremas-y-precipitaciones-18-de-Abril-2026.pdf
2026-04-18,023,BAYAGUANA,MONTE PLATA,INDOMET,EMCI,31.2,20.4,9.1,https://indomet.gob.do/wp-content/uploads/2026/04/Temperaturas-extremas-y-precipitaciones-18-de-Abril-2026.pdf
2026-04-18,024,PROLONGACION 27 DE FEBRERO,DISTRITO NACIONAL,PRIVADA,EMAP,,,8.8,https://indomet.gob.do/wp-content/uploads/2026/04/Temperaturas-extremas-y-precipitaciones-18-de-Abril-2026.pdf
2026-04-18,025,EL FACTOR (EMA),MARÍA TRINIDAD SÁNCHEZ,INTEC,EMAP,31.3,21.8,8.6,https://indomet.gob.do/wp-content/uploads/2026/04/Temperaturas-extremas-y-precipitaciones-18-de-Abril-2026.pdf
2026-04-18,026,RANCHO ARRIBA,SAN JOSÉ DE OCOA,CENTRO TECNOLÓGICO COMUNITARIO,EMCI,29.5,18.4,8.5,https://indomet.gob.do/wp-content/uploads/2026/04/Temperaturas-extremas-y-precipitaciones-18-de-Abril-2026.pdf
2026-04-18,027,ENSANCHE LA FE (EMA),DISTRITO NACIONAL,PRIVADA,EMAP,,,8.4,https://indomet.gob.do/wp-content/uploads/2026/04/Temperaturas-extremas-y-precipitaciones-18-de-Abril-2026.pdf
2026-04-18,028,LA AGUSTINA (EMA),DISTRITO NACIONAL,PRIVADA,EMAP,,,8.4,https://indomet.gob.do/wp-content/uploads/2026/04/Temperaturas-extremas-y-precipitaciones-18-de-Abril-2026.pdf
2026-04-18,029,TÁBARA ABAJO,AZUA,INDRHI,EMCI,30.8,17.5,8.2,https://indomet.gob.do/wp-content/uploads/2026/04/Temperaturas-extremas-y-precipitaciones-18-de-Abril-2026.pdf
2026-04-18,030,ALTO BANDERA (EMA),LA VEGA,INTEC,EMAP,14.4,6.2,8.1,https://indomet.gob.do/wp-content/uploads/2026/04/Temperaturas-extremas-y-precipitaciones-18-de-Abril-2026.pdf
2026-04-18,031,LOS PRADOS (EMA),DISTRITO NACIONAL,PRIVADA,EMAP,,,8.1,https://indomet.gob.do/wp-content/uploads/2026/04/Temperaturas-extremas-y-precipitaciones-18-de-Abril-2026.pdf
2026-04-18,032,BELLA VISTA (EMA),DISTRITO NACIONAL,PRIVADA,EMAP,,,7.4,https://indomet.gob.do/wp-content/uploads/2026/04/Temperaturas-extremas-y-precipitaciones-18-de-Abril-2026.pdf
2026-04-18,033,JIMANÍ,INDEPENDENCIA,MINISTERIO DE AGRICULTURA,EMCI,33.2,22.2,6.9,https://indomet.gob.do/wp-content/uploads/2026/04/Temperaturas-extremas-y-precipitaciones-18-de-Abril-2026.pdf
2026-04-18,034,LOS JARDINES (EMA),DISTRITO NACIONAL,PRIVADA,EMAP,,,6.6,https://indomet.gob.do/wp-content/uploads/2026/04/Temperaturas-extremas-y-precipitaciones-18-de-Abril-2026.pdf
2026-04-18,035,DAJABÓN,DAJABÓN,INSTITUTO POLITÉCNICO LOYOLA,EMCI,34.4,19.0,6.4,https://indomet.gob.do/wp-content/uploads/2026/04/Temperaturas-extremas-y-precipitaciones-18-de-Abril-2026.pdf
2026-04-18,036,ELÍAS PIÑA,ELÍAS PIÑA,MINISTERIO DE AGRICULTURA,EMCV,,,6.1,https://indomet.gob.do/wp-content/uploads/2026/04/Temperaturas-extremas-y-precipitaciones-18-de-Abril-2026.pdf
2026-04-18,037,SANTO DOMINGO ESTE,SANTO DOMINGO,INDOMET,EMCI,30.0,21.5,5.7,https://indomet.gob.do/wp-content/uploads/2026/04/Temperaturas-extremas-y-precipitaciones-18-de-Abril-2026.pdf
2026-04-18,038,CENTRO DE LOS HEROES (EMA),DISTRITO NACIONAL,MINISTERIO DE ENERGIA Y MINA,EMAP,30.1,24.0,5.4,https://indomet.gob.do/wp-content/uploads/2026/04/Temperaturas-extremas-y-precipitaciones-18-de-Abril-2026.pdf
2026-04-18,039,PERALTA,AZUA,HOSP. MPAL. DE PERALTA,EMCI,28.5,15.5,5.4,https://indomet.gob.do/wp-content/uploads/2026/04/Temperaturas-extremas-y-precipitaciones-18-de-Abril-2026.pdf
2026-04-18,040,LOS LLANOS,SAN PEDRO DE MACORÍS,MINISTERIO DE AGRICULTURA,EMCI,30.7,20.4,5.2,https://indomet.gob.do/wp-content/uploads/2026/04/Temperaturas-extremas-y-precipitaciones-18-de-Abril-2026.pdf
2026-04-18,041,VILLA ALTAGRACIA,SAN CRISTÓBAL,ESCUELA JAVIER ANGULO GURIDI,EMCI,,,5.2,https://indomet.gob.do/wp-content/uploads/2026/04/Temperaturas-extremas-y-precipitaciones-18-de-Abril-2026.pdf
2026-04-18,042,SAN CRISTÓBAL,SAN CRISTÓBAL,INSTITUTO POLITÉCNICO LOYOLA,EMCI,30.2,19.2,4.7,https://indomet.gob.do/wp-content/uploads/2026/04/Temperaturas-extremas-y-precipitaciones-18-de-Abril-2026.pdf
2026-04-18,043,ALTAMIRA,PUERTO PLATA,HOSP. MPAL. DE ALTAMIRA,EMCI,30.7,18.9,4.6,https://indomet.gob.do/wp-content/uploads/2026/04/Temperaturas-extremas-y-precipitaciones-18-de-Abril-2026.pdf
2026-04-18,044,PARQUE MIRADOR NORTE,SANTO DOMINGO,AYUNTAMIENTO,EMCV,,,4.6,https://indomet.gob.do/wp-content/uploads/2026/04/Temperaturas-extremas-y-precipitaciones-18-de-Abril-2026.pdf
2026-04-18,045,SÁNCHEZ,SAMANÁ,MINISTERIO DE AGRICULTURA,EMCI,31.3,19.4,4.2,https://indomet.gob.do/wp-content/uploads/2026/04/Temperaturas-extremas-y-precipitaciones-18-de-Abril-2026.pdf
2026-04-18,046,PRESA DE TAVERAS (EMA),LA VEGA,PROGRAMA MUNDIAL DE ALIMENTO,EMAP,29.7,20.0,3.8,https://indomet.gob.do/wp-content/uploads/2026/04/Temperaturas-extremas-y-precipitaciones-18-de-Abril-2026.pdf
2026-04-18,047,POLO,BARAHONA,INDOCAFE,EMCI,27.5,18.0,3.5,https://indomet.gob.do/wp-content/uploads/2026/04/Temperaturas-extremas-y-precipitaciones-18-de-Abril-2026.pdf
2026-04-18,048,OVIEDO,PEDERNALES,CLÍNICA RURAL OVIEDO,EMCI,30.8,20.0,3.4,https://indomet.gob.do/wp-content/uploads/2026/04/Temperaturas-extremas-y-precipitaciones-18-de-Abril-2026.pdf
2026-04-18,049,ESCONDIDO,PERAVIA,MINISTERIO DE AGRICULTURA,EMCV,30.0,22.0,2.5,https://indomet.gob.do/wp-content/uploads/2026/04/Temperaturas-extremas-y-precipitaciones-18-de-Abril-2026.pdf
2026-04-18,050,LUPERÓN,PUERTO PLATA,MINISTERIO DE AGRICULTURA,EMCV,,,1.8,https://indomet.gob.do/wp-content/uploads/2026/04/Temperaturas-extremas-y-precipitaciones-18-de-Abril-2026.pdf
2026-04-18,051,ARPT. DE PUNTA CANA,LA ALTAGRACIA,INDOMET,EMCI,29.8,21.0,1.7,https://indomet.gob.do/wp-content/uploads/2026/04/Temperaturas-extremas-y-precipitaciones-18-de-Abril-2026.pdf
2026-04-18,052,BANI (EMA),PERAVIA,MINISTERIO DE AGRICULTURA,EMAP,30.2,23.1,1.5,https://indomet.gob.do/wp-content/uploads/2026/04/Temperaturas-extremas-y-precipitaciones-18-de-Abril-2026.pdf
2026-04-18,053,LA VEGA,LA VEGA,IATESA,EMCI,32.0,20.0,1.4,https://indomet.gob.do/wp-content/uploads/2026/04/Temperaturas-extremas-y-precipitaciones-18-de-Abril-2026.pdf
2026-04-18,054,SAN JOSÉ DE OCOA,SAN JOSÉ DE OCOA,HOSP. SAN JOSÉ DE OCOA,EMCI,29.9,19.5,1.4,https://indomet.gob.do/wp-content/uploads/2026/04/Temperaturas-extremas-y-precipitaciones-18-de-Abril-2026.pdf
2026-04-18,055,ANAMUYA (EMA),LA ALTAGRACIA,MINISTERIO DE AGRICULTURA,EMAP,32.1,22.2,1.2,https://indomet.gob.do/wp-content/uploads/2026/04/Temperaturas-extremas-y-precipitaciones-18-de-Abril-2026.pdf
2026-04-18,056,ARPT. DE LA ROMANA,LA ROMANA,INDOMET,EMCI,30.2,19.4,1.2,https://indomet.gob.do/wp-content/uploads/2026/04/Temperaturas-extremas-y-precipitaciones-18-de-Abril-2026.pdf
2026-04-18,057,PONTÓN ABAJO (EMA),LA VEGA,MINISTERIO DE AGRICULTURA,EMAP,33.1,21.6,1.2,https://indomet.gob.do/wp-content/uploads/2026/04/Temperaturas-extremas-y-precipitaciones-18-de-Abril-2026.pdf
2026-04-18,058,ARPT. DE LAS AMÉRICAS,SANTO DOMINGO,INDOMET,EMCI,28.9,21.3,1.0,https://indomet.gob.do/wp-content/uploads/2026/04/Temperaturas-extremas-y-precipitaciones-18-de-Abril-2026.pdf
2026-04-18,059,LOS COCOS (EMA),BAHORUCO,PRIVADA,EMAP,,,1.0,https://indomet.gob.do/wp-content/uploads/2026/04/Temperaturas-extremas-y-precipitaciones-18-de-Abril-2026.pdf
2026-04-18,060,HATO MAYOR,HATO MAYOR,MINISTERIO DE AGRICULTURA,EMCV,,,0.5,https://indomet.gob.do/wp-content/uploads/2026/04/Temperaturas-extremas-y-precipitaciones-18-de-Abril-2026.pdf
2026-04-18,061,CONSTANZA,LA VEGA,MINISTERIO DE AGRICULTURA,EMCI,26.0,12.6,0.5,https://indomet.gob.do/wp-content/uploads/2026/04/Temperaturas-extremas-y-precipitaciones-18-de-Abril-2026.pdf
2026-04-18,062,SAN RAFAEL DEL YUMA,LA ALTAGRACIA,MINISTERIO DE AGRICULTURA,EMCI,31.8,21.1,0.4,https://indomet.gob.do/wp-content/uploads/2026/04/Temperaturas-extremas-y-precipitaciones-18-de-Abril-2026.pdf
2026-04-18,063,SABANA GRANDE DE BOYÁ,MONTE PLATA,MINISTERIO DE AGRICULTURA,EMCV,,,0.3,https://indomet.gob.do/wp-content/uploads/2026/04/Temperaturas-extremas-y-precipitaciones-18-de-Abril-2026.pdf
2026-04-18,064,VILLA GONZALES,SANTIAGO,MINISTERIO DE AGRICULTURA,EMCI,,,0.3,https://indomet.gob.do/wp-content/uploads/2026/04/Temperaturas-extremas-y-precipitaciones-18-de-Abril-2026.pdf
2026-04-18,065,ARPT. MARÍA MONTEZ,BARAHONA,INDOMET,EMCI,29.8,22.5,0.2,https://indomet.gob.do/wp-content/uploads/2026/04/Temperaturas-extremas-y-precipitaciones-18-de-Abril-2026.pdf
2026-04-18,066,ARROYO LORO,SAN JUAN,IDIAF,EMCI,31.7,19.7,0.2,https://indomet.gob.do/wp-content/uploads/2026/04/Temperaturas-extremas-y-precipitaciones-18-de-Abril-2026.pdf
2026-04-18,067,CONSTANZA (EMA),LA VEGA,PROGRAMA MUNDIAL DE ALIMENTO,EMAP,24.4,14.4,0.2,https://indomet.gob.do/wp-content/uploads/2026/04/Temperaturas-extremas-y-precipitaciones-18-de-Abril-2026.pdf
2026-04-18,068,MICHES (EMA),EL SEIBO,PRIVADA,EMAP,30.6,21.3,0.2,https://indomet.gob.do/wp-content/uploads/2026/04/Temperaturas-extremas-y-precipitaciones-18-de-Abril-2026.pdf
2026-04-18,069,MONCIÓN (EMA),SANTIAGO RODRÍGUEZ,PROGRAMA MUNDIAL DE ALIMENTO,EMAP,29.8,18.3,0.2,https://indomet.gob.do/wp-content/uploads/2026/04/Temperaturas-extremas-y-precipitaciones-18-de-Abril-2026.pdf
2026-04-18,070,VILLA VASQUEZ (EMA),MONTE CRISTI,JUNTA DE REGANTES,EMAI,,,0.2,https://indomet.gob.do/wp-content/uploads/2026/04/Temperaturas-extremas-y-precipitaciones-18-de-Abril-2026.pdf
2026-04-18,071,ARPT. DEL CIBAO,SANTIAGO,INDOMET,EMCI,31.7,19.6,0.0,https://indomet.gob.do/wp-content/uploads/2026/04/Temperaturas-extremas-y-precipitaciones-18-de-Abril-2026.pdf
2026-04-18,072,ARPT. GREGORIO LUPERÓN,PUERTO PLATA,INDOMET,EMCI,30.5,20.0,0.0,https://indomet.gob.do/wp-content/uploads/2026/04/Temperaturas-extremas-y-precipitaciones-18-de-Abril-2026.pdf
2026-04-18,073,BOCA DE MAO (EMA),VALVERDE,MINISTERIO DE AGRICULTURA,EMAP,33.7,21.4,0.0,https://indomet.gob.do/wp-content/uploads/2026/04/Temperaturas-extremas-y-precipitaciones-18-de-Abril-2026.pdf
2026-04-18,074,EL MILLON (EMA),DISTRITO NACIONAL,PRIVADA,EMAP,,,0.0,https://indomet.gob.do/wp-content/uploads/2026/04/Temperaturas-extremas-y-precipitaciones-18-de-Abril-2026.pdf
2026-04-18,075,GASPAR HERNÁNDEZ,ESPAILLAT,PROPIEDAD DEL EMPLEADO,EMCI,,,0.0,https://indomet.gob.do/wp-content/uploads/2026/04/Temperaturas-extremas-y-precipitaciones-18-de-Abril-2026.pdf
2026-04-18,076,GURABO,SANTIAGO,MINISTERIO DE AGRICULTURA,EMCV,,,0.0,https://indomet.gob.do/wp-content/uploads/2026/04/Temperaturas-extremas-y-precipitaciones-18-de-Abril-2026.pdf
2026-04-18,077,JARDÍN BOTÁNICO SANTIAGO (EMSANTIAGO,,JARDIN BOTANICO SANTIAGO,EMAI,,,0.0,https://indomet.gob.do/wp-content/uploads/2026/04/Temperaturas-extremas-y-precipitaciones-18-de-Abril-2026.pdf
2026-04-18,078,LAS CANAS (EMA),MONTE CRISTI,PROGRAMA MUNDIAL DE ALIMENTO,EMAP,27.8,24.3,0.0,https://indomet.gob.do/wp-content/uploads/2026/04/Temperaturas-extremas-y-precipitaciones-18-de-Abril-2026.pdf
2026-04-18,079,MAO,VALVERDE,INDRHI / MINISTERIO DE AGRICULTURA,EMCV,,,0.0,https://indomet.gob.do/wp-content/uploads/2026/04/Temperaturas-extremas-y-precipitaciones-18-de-Abril-2026.pdf
2026-04-18,080,MONTE CRISTI,MONTE CRISTI,INDOMET,EMCI,31.5,21.8,0.0,https://indomet.gob.do/wp-content/uploads/2026/04/Temperaturas-extremas-y-precipitaciones-18-de-Abril-2026.pdf
2026-04-18,081,PADRE LAS CASAS,AZUA,HOSP. NTRA. SRA. DEL CARMEN,EMCI,29.0,18.3,0.0,https://indomet.gob.do/wp-content/uploads/2026/04/Temperaturas-extremas-y-precipitaciones-18-de-Abril-2026.pdf
2026-04-18,082,PALO ÍNDIO,PUERTO PLATA,MINISTERIO DE AGRICULTURA,EMCI,,,0.0,https://indomet.gob.do/wp-content/uploads/2026/04/Temperaturas-extremas-y-precipitaciones-18-de-Abril-2026.pdf
2026-04-18,083,PESCADERIA (EMA),BARAHONA,MINISTERIO DE AGRICULTURA,EMAP,,,0.0,https://indomet.gob.do/wp-content/uploads/2026/04/Temperaturas-extremas-y-precipitaciones-18-de-Abril-2026.pdf
2026-04-18,084,SABANETA (EMA),SANTIAGO RODRÍGUEZ,PROGRAMA MUNDIAL DE ALIMENTO,EMAP,32.8,20.3,0.0,https://indomet.gob.do/wp-content/uploads/2026/04/Temperaturas-extremas-y-precipitaciones-18-de-Abril-2026.pdf
2026-04-18,085,SAJOMA (EMA),SANTIAGO,PLAN SIERRA,EMAI,29.8,22.7,0.0,https://indomet.gob.do/wp-content/uploads/2026/04/Temperaturas-extremas-y-precipitaciones-18-de-Abril-2026.pdf
2026-04-18,086,SANTIAGO RODRÍGUEZ,SANTIAGO RODRÍGUEZ,INDOMET,EMCI,33.2,21.5,0.0,https://indomet.gob.do/wp-content/uploads/2026/04/Temperaturas-extremas-y-precipitaciones-18-de-Abril-2026.pdf
2026-04-18,087,VILLA ISABELA,PUERTO PLATA,MINISTERIO DE AGRICULTURA,EMCV,31.0,19.8,0.0,https://indomet.gob.do/wp-content/uploads/2026/04/Temperaturas-extremas-y-precipitaciones-18-de-Abril-2026.pdf
2026-04-19,001,BOHECHÍO,SAN JUAN,MINISTERIO DE AGRICULTURA,EMCV,,,102.6,https://indomet.gob.do/wp-content/uploads/2026/04/temperaturas-extremas-y-precipitaciones-2026x04x19-a-1.pdf
2026-04-19,002,ENRIQUILLO,BARAHONA,MINISTERIO DE AGRICULTURA,EMCV,30.4,19.3,54.6,https://indomet.gob.do/wp-content/uploads/2026/04/temperaturas-extremas-y-precipitaciones-2026x04x19-a-1.pdf
2026-04-19,003,LOS COCOS (EMA),BAHORUCO,PRIVADA,EMAP,,,27.7,https://indomet.gob.do/wp-content/uploads/2026/04/temperaturas-extremas-y-precipitaciones-2026x04x19-a-1.pdf
2026-04-19,004,ELÍAS PIÑA,ELÍAS PIÑA,MINISTERIO DE AGRICULTURA,EMCV,,,27.5,https://indomet.gob.do/wp-content/uploads/2026/04/temperaturas-extremas-y-precipitaciones-2026x04x19-a-1.pdf
2026-04-19,005,POLO,BARAHONA,INDOCAFE,EMCI,27.5,17.0,26.1,https://indomet.gob.do/wp-content/uploads/2026/04/temperaturas-extremas-y-precipitaciones-2026x04x19-a-1.pdf
2026-04-19,006,JARDÍN BOTÁNICO NACIONAL,DISTRITO NACIONAL,JARDÍN BOTÁNICO NACIONAL,EMCV,31.5,19.7,24.1,https://indomet.gob.do/wp-content/uploads/2026/04/temperaturas-extremas-y-precipitaciones-2026x04x19-a-1.pdf
2026-04-19,007,VILLA ALTAGRACIA,SAN CRISTÓBAL,ESCUELA JAVIER ANGULO GURIDI,EMCI,,,22.8,https://indomet.gob.do/wp-content/uploads/2026/04/temperaturas-extremas-y-precipitaciones-2026x04x19-a-1.pdf
2026-04-19,008,PADRE LAS CASAS,AZUA,HOSP. NTRA. SRA. DEL CARMEN,EMCI,30.7,19.0,16.0,https://indomet.gob.do/wp-content/uploads/2026/04/temperaturas-extremas-y-precipitaciones-2026x04x19-a-1.pdf
2026-04-19,009,SÁNCHEZ,SAMANÁ,MINISTERIO DE AGRICULTURA,EMCI,30.5,20.2,15.8,https://indomet.gob.do/wp-content/uploads/2026/04/temperaturas-extremas-y-precipitaciones-2026x04x19-a-1.pdf
2026-04-19,010,LOS PRADOS (EMA),DISTRITO NACIONAL,PRIVADA,EMAP,,,13.5,https://indomet.gob.do/wp-content/uploads/2026/04/temperaturas-extremas-y-precipitaciones-2026x04x19-a-1.pdf
2026-04-19,011,OVIEDO,PEDERNALES,CLÍNICA RURAL OVIEDO,EMCI,31.0,22.0,12.4,https://indomet.gob.do/wp-content/uploads/2026/04/temperaturas-extremas-y-precipitaciones-2026x04x19-a-1.pdf
2026-04-19,012,ALTO BANDERA (EMA),LA VEGA,INTEC,EMAP,16.3,5.6,7.9,https://indomet.gob.do/wp-content/uploads/2026/04/temperaturas-extremas-y-precipitaciones-2026x04x19-a-1.pdf
2026-04-19,013,VILLA RIVA,DUARTE,HOSP. MPAL. ALICIA DE LEGENDRE,EMCI,30.5,20.5,7.1,https://indomet.gob.do/wp-content/uploads/2026/04/temperaturas-extremas-y-precipitaciones-2026x04x19-a-1.pdf
2026-04-19,014,LOS JARDINES (EMA),DISTRITO NACIONAL,PRIVADA,EMAP,,,6.8,https://indomet.gob.do/wp-content/uploads/2026/04/temperaturas-extremas-y-precipitaciones-2026x04x19-a-1.pdf
2026-04-19,015,TÁBARA ABAJO,AZUA,INDRHI,EMCI,31.5,20.0,6.5,https://indomet.gob.do/wp-content/uploads/2026/04/temperaturas-extremas-y-precipitaciones-2026x04x19-a-1.pdf
2026-04-19,016,SANTO DOMINGO ESTE,SANTO DOMINGO,INDOMET,EMCI,30.4,23.0,6.3,https://indomet.gob.do/wp-content/uploads/2026/04/temperaturas-extremas-y-precipitaciones-2026x04x19-a-1.pdf
2026-04-19,017,RANCHO ARRIBA,SAN JOSÉ DE OCOA,CENTRO TECNOLÓGICO COMUNITARIO,EMCI,28.6,19.1,6.2,https://indomet.gob.do/wp-content/uploads/2026/04/temperaturas-extremas-y-precipitaciones-2026x04x19-a-1.pdf
2026-04-19,018,SALCEDO,HERMANAS MIRABAL,PROPIEDAD DEL EMPLEADO,EMCI,,,6.0,https://indomet.gob.do/wp-content/uploads/2026/04/temperaturas-extremas-y-precipitaciones-2026x04x19-a-1.pdf
2026-04-19,019,PERALTA,AZUA,HOSP. MPAL. DE PERALTA,EMCI,29.3,16.2,5.8,https://indomet.gob.do/wp-content/uploads/2026/04/temperaturas-extremas-y-precipitaciones-2026x04x19-a-1.pdf
2026-04-19,020,JUMA BEJUCAL,MONSEÑOR NOUEL,IDIAF,EMCV,31.8,23.4,5.2,https://indomet.gob.do/wp-content/uploads/2026/04/temperaturas-extremas-y-precipitaciones-2026x04x19-a-1.pdf
2026-04-19,021,LA VICTORIA,SANTO DOMINGO,CUERPO DE BOMBEROS,EMCI,32.1,22.5,4.2,https://indomet.gob.do/wp-content/uploads/2026/04/temperaturas-extremas-y-precipitaciones-2026x04x19-a-1.pdf
2026-04-19,022,BELLA VISTA (EMA),DISTRITO NACIONAL,PRIVADA,EMAP,,,4.1,https://indomet.gob.do/wp-content/uploads/2026/04/temperaturas-extremas-y-precipitaciones-2026x04x19-a-1.pdf
2026-04-19,023,LOS LLANOS,SAN PEDRO DE MACORÍS,MINISTERIO DE AGRICULTURA,EMCI,31.2,21.1,4.0,https://indomet.gob.do/wp-content/uploads/2026/04/temperaturas-extremas-y-precipitaciones-2026x04x19-a-1.pdf
2026-04-19,024,BAYAGUANA,MONTE PLATA,INDOMET,EMCI,31.6,21.6,3.7,https://indomet.gob.do/wp-content/uploads/2026/04/temperaturas-extremas-y-precipitaciones-2026x04x19-a-1.pdf
2026-04-19,025,HONDO VALLE,ELÍAS PIÑA,MINISTERIO DE AGRICULTURA,EMCI,25.3,16.4,2.8,https://indomet.gob.do/wp-content/uploads/2026/04/temperaturas-extremas-y-precipitaciones-2026x04x19-a-1.pdf
2026-04-19,026,BANI (EMA),PERAVIA,MINISTERIO DE AGRICULTURA,EMAP,31.0,23.0,2.3,https://indomet.gob.do/wp-content/uploads/2026/04/temperaturas-extremas-y-precipitaciones-2026x04x19-a-1.pdf
2026-04-19,027,LOS JENGIBRES,NAGUA,INDRHI,EMCI,,,1.9,https://indomet.gob.do/wp-content/uploads/2026/04/temperaturas-extremas-y-precipitaciones-2026x04x19-a-1.pdf
2026-04-19,028,CENTRO DE LOS HEROES (EMA),DISTRITO NACIONAL,MINISTERIO DE ENERGIA Y MINA,EMAP,30.4,24.8,1.8,https://indomet.gob.do/wp-content/uploads/2026/04/temperaturas-extremas-y-precipitaciones-2026x04x19-a-1.pdf
2026-04-19,029,PROLONGACION 27 DE FEBRERO,DISTRITO NACIONAL,PRIVADA,EMAP,,,1.8,https://indomet.gob.do/wp-content/uploads/2026/04/temperaturas-extremas-y-precipitaciones-2026x04x19-a-1.pdf
2026-04-19,030,ENSANCHE LA FE (EMA),DISTRITO NACIONAL,PRIVADA,EMAP,,,1.5,https://indomet.gob.do/wp-content/uploads/2026/04/temperaturas-extremas-y-precipitaciones-2026x04x19-a-1.pdf
2026-04-19,031,LA AGUSTINA (EMA),DISTRITO NACIONAL,PRIVADA,EMAP,,,1.5,https://indomet.gob.do/wp-content/uploads/2026/04/temperaturas-extremas-y-precipitaciones-2026x04x19-a-1.pdf
2026-04-19,032,SAN CRISTÓBAL,SAN CRISTÓBAL,INSTITUTO POLITÉCNICO LOYOLA,EMCI,30.2,21.2,1.5,https://indomet.gob.do/wp-content/uploads/2026/04/temperaturas-extremas-y-precipitaciones-2026x04x19-a-1.pdf
2026-04-19,033,ARPT. DE LAS AMÉRICAS,SANTO DOMINGO,INDOMET,EMCI,30.0,21.0,1.4,https://indomet.gob.do/wp-content/uploads/2026/04/temperaturas-extremas-y-precipitaciones-2026x04x19-a-1.pdf
2026-04-19,034,ARPT. EL CATEY,SAMANÁ,INDOMET,EMCI,30.6,19.0,1.4,https://indomet.gob.do/wp-content/uploads/2026/04/temperaturas-extremas-y-precipitaciones-2026x04x19-a-1.pdf
2026-04-19,035,CABRERA,MARÍA TRINIDAD SÁNCHEZ,ESCUELA ARÍSTIDES FIALLO CABRAL,EMCI,31.0,22.8,1.4,https://indomet.gob.do/wp-content/uploads/2026/04/temperaturas-extremas-y-precipitaciones-2026x04x19-a-1.pdf
2026-04-19,036,CONSTANZA,LA VEGA,MINISTERIO DE AGRICULTURA,EMCI,25.8,13.7,1.3,https://indomet.gob.do/wp-content/uploads/2026/04/temperaturas-extremas-y-precipitaciones-2026x04x19-a-1.pdf
2026-04-19,037,RESTAURACIÓN,DAJABÓN,MINISTERIO DE AGRICULTURA,EMCI,29.4,16.0,1.2,https://indomet.gob.do/wp-content/uploads/2026/04/temperaturas-extremas-y-precipitaciones-2026x04x19-a-1.pdf
2026-04-19,038,RÍO SAN JUAN,MARÍA TRINIDAD SÁNCHEZ,HOSP. MPAL. DR. DESIDERIO ACOSTA,EMCV,31.6,22.5,1.2,https://indomet.gob.do/wp-content/uploads/2026/04/temperaturas-extremas-y-precipitaciones-2026x04x19-a-1.pdf
2026-04-19,039,SAN JOSÉ DE OCOA,SAN JOSÉ DE OCOA,HOSP. SAN JOSÉ DE OCOA,EMCI,30.9,20.0,1.2,https://indomet.gob.do/wp-content/uploads/2026/04/temperaturas-extremas-y-precipitaciones-2026x04x19-a-1.pdf
2026-04-19,040,LOS CACICAZGOS (EMA),DISTRITO NACIONAL,PRIVADA,EMAP,,,1.0,https://indomet.gob.do/wp-content/uploads/2026/04/temperaturas-extremas-y-precipitaciones-2026x04x19-a-1.pdf
2026-04-19,041,SABANA GRANDE DE BOYÁ,MONTE PLATA,MINISTERIO DE AGRICULTURA,EMCV,,,0.6,https://indomet.gob.do/wp-content/uploads/2026/04/temperaturas-extremas-y-precipitaciones-2026x04x19-a-1.pdf
2026-04-19,042,CONSTANZA (EMA),LA VEGA,PROGRAMA MUNDIAL DE ALIMENTO,EMAP,24.4,15.1,0.6,https://indomet.gob.do/wp-content/uploads/2026/04/temperaturas-extremas-y-precipitaciones-2026x04x19-a-1.pdf
2026-04-19,043,BONAO,MONSEÑOR NOUEL,MINISTERIO DE AGRICULTURA,EMCV,,,0.3,https://indomet.gob.do/wp-content/uploads/2026/04/temperaturas-extremas-y-precipitaciones-2026x04x19-a-1.pdf
2026-04-19,044,EL FACTOR (EMA),MARÍA TRINIDAD SÁNCHEZ,INTEC,EMAP,31.2,22.2,0.3,https://indomet.gob.do/wp-content/uploads/2026/04/temperaturas-extremas-y-precipitaciones-2026x04x19-a-1.pdf
2026-04-19,045,SABANA DE LA MAR,HATO MAYOR,INDOMET,EMCI,30.0,20.0,0.3,https://indomet.gob.do/wp-content/uploads/2026/04/temperaturas-extremas-y-precipitaciones-2026x04x19-a-1.pdf
2026-04-19,046,ARPT. LA ISABELA,SANTO DOMINGO,INDOMET,EMCI,31.7,20.5,0.2,https://indomet.gob.do/wp-content/uploads/2026/04/temperaturas-extremas-y-precipitaciones-2026x04x19-a-1.pdf
2026-04-19,047,BUCARA (EMA),SANTIAGO,MINISTERIO DE AGRICULTURA,EMAI,,,0.2,https://indomet.gob.do/wp-content/uploads/2026/04/temperaturas-extremas-y-precipitaciones-2026x04x19-a-1.pdf
2026-04-19,048,MONCIÓN (EMA),SANTIAGO RODRÍGUEZ,PROGRAMA MUNDIAL DE ALIMENTO,EMAP,31.2,19.2,0.2,https://indomet.gob.do/wp-content/uploads/2026/04/temperaturas-extremas-y-precipitaciones-2026x04x19-a-1.pdf
2026-04-19,049,HATO MAYOR,HATO MAYOR,MINISTERIO DE AGRICULTURA,EMCV,,,0.1,https://indomet.gob.do/wp-content/uploads/2026/04/temperaturas-extremas-y-precipitaciones-2026x04x19-a-1.pdf
2026-04-19,050,JARABACOA,LA VEGA,INDRHI / MARENA,EMCI,30.2,15.6,0.1,https://indomet.gob.do/wp-content/uploads/2026/04/temperaturas-extremas-y-precipitaciones-2026x04x19-a-1.pdf
2026-04-19,051,SAN FRANCISCO DE MACORÍS,DUARTE,San Francisco de Macorís (UASD),EMCI,31.0,21.8,0.0,https://indomet.gob.do/wp-content/uploads/2026/04/temperaturas-extremas-y-precipitaciones-2026x04x19-a-1.pdf
2026-04-19,052,ALTAMIRA,PUERTO PLATA,HOSP. MPAL. DE ALTAMIRA,EMCI,31.9,19.5,0.0,https://indomet.gob.do/wp-content/uploads/2026/04/temperaturas-extremas-y-precipitaciones-2026x04x19-a-1.pdf
2026-04-19,053,ANAMUYA (EMA),LA ALTAGRACIA,MINISTERIO DE AGRICULTURA,EMAP,30.5,22.8,0.0,https://indomet.gob.do/wp-content/uploads/2026/04/temperaturas-extremas-y-precipitaciones-2026x04x19-a-1.pdf
2026-04-19,054,ARPT. ARROYO BARRIL,SAMANÁ,INDOMET,EMCI,29.7,21.7,0.0,https://indomet.gob.do/wp-content/uploads/2026/04/temperaturas-extremas-y-precipitaciones-2026x04x19-a-1.pdf
2026-04-19,055,ARPT. DE LA ROMANA,LA ROMANA,INDOMET,EMCI,31.0,21.0,0.0,https://indomet.gob.do/wp-content/uploads/2026/04/temperaturas-extremas-y-precipitaciones-2026x04x19-a-1.pdf
2026-04-19,056,ARPT. DE PUNTA CANA,LA ALTAGRACIA,INDOMET,EMCI,29.5,22.5,0.0,https://indomet.gob.do/wp-content/uploads/2026/04/temperaturas-extremas-y-precipitaciones-2026x04x19-a-1.pdf
2026-04-19,057,ARPT. DEL CIBAO,SANTIAGO,INDOMET,EMCI,31.8,20.5,0.0,https://indomet.gob.do/wp-content/uploads/2026/04/temperaturas-extremas-y-precipitaciones-2026x04x19-a-1.pdf
2026-04-19,058,ARPT. GREGORIO LUPERÓN,PUERTO PLATA,INDOMET,EMCI,31.0,21.5,0.0,https://indomet.gob.do/wp-content/uploads/2026/04/temperaturas-extremas-y-precipitaciones-2026x04x19-a-1.pdf
2026-04-19,059,ARPT. MARÍA MONTEZ,BARAHONA,INDOMET,EMCI,30.3,22.5,0.0,https://indomet.gob.do/wp-content/uploads/2026/04/temperaturas-extremas-y-precipitaciones-2026x04x19-a-1.pdf
2026-04-19,060,ARROYO LORO,SAN JUAN,IDIAF,EMCI,32.2,19.6,0.0,https://indomet.gob.do/wp-content/uploads/2026/04/temperaturas-extremas-y-precipitaciones-2026x04x19-a-1.pdf
2026-04-19,061,BASE AÉREA DE SAN ISIDRO,SANTO DOMINGO,FUERZA AÉREA DOMINICANA,EMCV,30.1,21.0,0.0,https://indomet.gob.do/wp-content/uploads/2026/04/temperaturas-extremas-y-precipitaciones-2026x04x19-a-1.pdf
2026-04-19,062,BOCA DE MAO (EMA),VALVERDE,MINISTERIO DE AGRICULTURA,EMAP,33.8,22.1,0.0,https://indomet.gob.do/wp-content/uploads/2026/04/temperaturas-extremas-y-precipitaciones-2026x04x19-a-1.pdf
2026-04-19,063,DAJABÓN,DAJABÓN,INSTITUTO POLITÉCNICO LOYOLA,EMCI,34.1,18.9,0.0,https://indomet.gob.do/wp-content/uploads/2026/04/temperaturas-extremas-y-precipitaciones-2026x04x19-a-1.pdf
2026-04-19,064,EL MILLON (EMA),DISTRITO NACIONAL,PRIVADA,EMAP,,,0.0,https://indomet.gob.do/wp-content/uploads/2026/04/temperaturas-extremas-y-precipitaciones-2026x04x19-a-1.pdf
2026-04-19,065,GASPAR HERNÁNDEZ,ESPAILLAT,PROPIEDAD DEL EMPLEADO,EMCI,,,0.0,https://indomet.gob.do/wp-content/uploads/2026/04/temperaturas-extremas-y-precipitaciones-2026x04x19-a-1.pdf
2026-04-19,066,GURABO,SANTIAGO,MINISTERIO DE AGRICULTURA,EMCV,,,0.0,https://indomet.gob.do/wp-content/uploads/2026/04/temperaturas-extremas-y-precipitaciones-2026x04x19-a-1.pdf
2026-04-19,067,JARABACOA (EMA),LA VEGA,PROGRAMA MUNDIAL DE ALIMENTO,EMAP,,,0.0,https://indomet.gob.do/wp-content/uploads/2026/04/temperaturas-extremas-y-precipitaciones-2026x04x19-a-1.pdf
2026-04-19,068,JIMANÍ,INDEPENDENCIA,MINISTERIO DE AGRICULTURA,EMCI,32.5,22.2,0.0,https://indomet.gob.do/wp-content/uploads/2026/04/temperaturas-extremas-y-precipitaciones-2026x04x19-a-1.pdf
2026-04-19,069,LA VEGA,LA VEGA,IATESA,EMCI,31.5,20.5,0.0,https://indomet.gob.do/wp-content/uploads/2026/04/temperaturas-extremas-y-precipitaciones-2026x04x19-a-1.pdf
2026-04-19,070,LAS CANAS (EMA),MONTE CRISTI,PROGRAMA MUNDIAL DE ALIMENTO,EMAP,28.8,22.3,0.0,https://indomet.gob.do/wp-content/uploads/2026/04/temperaturas-extremas-y-precipitaciones-2026x04x19-a-1.pdf
2026-04-19,071,MAO,VALVERDE,INDRHI / MINISTERIO DE AGRICULTURA,EMCV,,,0.0,https://indomet.gob.do/wp-content/uploads/2026/04/temperaturas-extremas-y-precipitaciones-2026x04x19-a-1.pdf
2026-04-19,072,MICHES (EMA),EL SEIBO,PRIVADA,EMAP,30.0,21.7,0.0,https://indomet.gob.do/wp-content/uploads/2026/04/temperaturas-extremas-y-precipitaciones-2026x04x19-a-1.pdf
2026-04-19,073,MONTE CRISTI,MONTE CRISTI,INDOMET,EMCI,32.5,21.5,0.0,https://indomet.gob.do/wp-content/uploads/2026/04/temperaturas-extremas-y-precipitaciones-2026x04x19-a-1.pdf
2026-04-19,074,PEDERNALES,PEDERNALES,INDRHI,EMCI,,,0.0,https://indomet.gob.do/wp-content/uploads/2026/04/temperaturas-extremas-y-precipitaciones-2026x04x19-a-1.pdf
2026-04-19,075,PESCADERIA (EMA),BARAHONA,MINISTERIO DE AGRICULTURA,EMAP,,,0.0,https://indomet.gob.do/wp-content/uploads/2026/04/temperaturas-extremas-y-precipitaciones-2026x04x19-a-1.pdf
2026-04-19,076,PONTÓN ABAJO (EMA),LA VEGA,MINISTERIO DE AGRICULTURA,EMAP,33.1,22.3,0.0,https://indomet.gob.do/wp-content/uploads/2026/04/temperaturas-extremas-y-precipitaciones-2026x04x19-a-1.pdf
2026-04-19,077,PRESA DE TAVERAS (EMA),LA VEGA,PROGRAMA MUNDIAL DE ALIMENTO,EMAP,29.0,20.6,0.0,https://indomet.gob.do/wp-content/uploads/2026/04/temperaturas-extremas-y-precipitaciones-2026x04x19-a-1.pdf
2026-04-19,078,SABANETA (EMA),SANTIAGO RODRÍGUEZ,PROGRAMA MUNDIAL DE ALIMENTO,EMAP,34.2,21.7,0.0,https://indomet.gob.do/wp-content/uploads/2026/04/temperaturas-extremas-y-precipitaciones-2026x04x19-a-1.pdf
2026-04-19,079,SAJOMA (EMA),SANTIAGO,PLAN SIERRA,EMAI,29.8,20.2,0.0,https://indomet.gob.do/wp-content/uploads/2026/04/temperaturas-extremas-y-precipitaciones-2026x04x19-a-1.pdf
2026-04-19,080,SAMANÁ,SAMANÁ,COMANDANCIA DE PUERTO DE SAMANÁ,EMCI,31.0,18.3,0.0,https://indomet.gob.do/wp-content/uploads/2026/04/temperaturas-extremas-y-precipitaciones-2026x04x19-a-1.pdf
2026-04-19,081,SAN RAFAEL DEL YUMA,LA ALTAGRACIA,MINISTERIO DE AGRICULTURA,EMCI,32.4,21.7,0.0,https://indomet.gob.do/wp-content/uploads/2026/04/temperaturas-extremas-y-precipitaciones-2026x04x19-a-1.pdf
2026-04-19,082,SANTIAGO RODRÍGUEZ,SANTIAGO RODRÍGUEZ,INDOMET,EMCI,34.0,22.5,0.0,https://indomet.gob.do/wp-content/uploads/2026/04/temperaturas-extremas-y-precipitaciones-2026x04x19-a-1.pdf
2026-04-19,083,TAMBORIL,SANTIAGO,MINISTERIO DE AGRICULTURA,EMCV,,,0.0,https://indomet.gob.do/wp-content/uploads/2026/04/temperaturas-extremas-y-precipitaciones-2026x04x19-a-1.pdf
2026-04-19,084,TAVERA,SANTIAGO,INDRHI,EMCI,,,0.0,https://indomet.gob.do/wp-content/uploads/2026/04/temperaturas-extremas-y-precipitaciones-2026x04x19-a-1.pdf
2026-04-19,085,VILLA GONZALES,SANTIAGO,MINISTERIO DE AGRICULTURA,EMCI,,,0.0,https://indomet.gob.do/wp-content/uploads/2026/04/temperaturas-extremas-y-precipitaciones-2026x04x19-a-1.pdf
2026-04-19,086,VILLA ISABELA,PUERTO PLATA,MINISTERIO DE AGRICULTURA,EMCV,31.8,20.5,0.0,https://indomet.gob.do/wp-content/uploads/2026/04/temperaturas-extremas-y-precipitaciones-2026x04x19-a-1.pdf
2026-04-19,087,VILLA VÁSQUEZ,MONTE CRISTI,PROPIEDAD DEL EMPLEADO,EMCI,,,0.0,https://indomet.gob.do/wp-content/uploads/2026/04/temperaturas-extremas-y-precipitaciones-2026x04x19-a-1.pdf
2026-04-19,088,VILLA VASQUEZ (EMA),MONTE CRISTI,JUNTA DE REGANTES,EMAI,,,0.0,https://indomet.gob.do/wp-content/uploads/2026/04/temperaturas-extremas-y-precipitaciones-2026x04x19-a-1.pdf
2026-04-20,001,SANTIAGO RODRÍGUEZ,SANTIAGO RODRÍGUEZ,INDOMET,EMCI,35.0,23.0,81.2,https://indomet.gob.do/wp-content/uploads/2026/04/Temperaturas-extremas-y-precipitaciones-20-de-Abril-2026.pdf
2026-04-20,002,PERALTA,AZUA,HOSP. MPAL. DE PERALTA,EMCI,27.9,18.0,30.2,https://indomet.gob.do/wp-content/uploads/2026/04/Temperaturas-extremas-y-precipitaciones-20-de-Abril-2026.pdf
2026-04-20,003,EL CERCADO,SAN JUAN,MINISTERIO DE AGRICULTURA,EMCV,,,13.4,https://indomet.gob.do/wp-content/uploads/2026/04/Temperaturas-extremas-y-precipitaciones-20-de-Abril-2026.pdf
2026-04-20,004,TÁBARA ABAJO,AZUA,INDRHI,EMCI,30.0,22.0,10.2,https://indomet.gob.do/wp-content/uploads/2026/04/Temperaturas-extremas-y-precipitaciones-20-de-Abril-2026.pdf
2026-04-20,005,OVIEDO,PEDERNALES,CLÍNICA RURAL OVIEDO,EMCI,31.0,23.5,8.4,https://indomet.gob.do/wp-content/uploads/2026/04/Temperaturas-extremas-y-precipitaciones-20-de-Abril-2026.pdf
2026-04-20,006,HONDO VALLE,ELÍAS PIÑA,MINISTERIO DE AGRICULTURA,EMCI,25.0,15.7,8.3,https://indomet.gob.do/wp-content/uploads/2026/04/Temperaturas-extremas-y-precipitaciones-20-de-Abril-2026.pdf
2026-04-20,007,ALTO BANDERA (EMA),LA VEGA,INTEC,EMAP,15.4,5.2,7.9,https://indomet.gob.do/wp-content/uploads/2026/04/Temperaturas-extremas-y-precipitaciones-20-de-Abril-2026.pdf
2026-04-20,008,ENRIQUILLO,BARAHONA,MINISTERIO DE AGRICULTURA,EMCV,30.0,19.0,7.8,https://indomet.gob.do/wp-content/uploads/2026/04/Temperaturas-extremas-y-precipitaciones-20-de-Abril-2026.pdf
2026-04-20,009,JIMANÍ,INDEPENDENCIA,MINISTERIO DE AGRICULTURA,EMCI,32.5,23.0,7.3,https://indomet.gob.do/wp-content/uploads/2026/04/Temperaturas-extremas-y-precipitaciones-20-de-Abril-2026.pdf
2026-04-20,010,PEDERNALES,PEDERNALES,INDRHI,EMCI,,,6.5,https://indomet.gob.do/wp-content/uploads/2026/04/Temperaturas-extremas-y-precipitaciones-20-de-Abril-2026.pdf
2026-04-20,011,VILLA VASQUEZ (EMA),MONTE CRISTI,JUNTA DE REGANTES,EMAI,,,5.2,https://indomet.gob.do/wp-content/uploads/2026/04/Temperaturas-extremas-y-precipitaciones-20-de-Abril-2026.pdf
2026-04-20,012,POLO,BARAHONA,INDOCAFE,EMCI,32.0,21.3,4.4,https://indomet.gob.do/wp-content/uploads/2026/04/Temperaturas-extremas-y-precipitaciones-20-de-Abril-2026.pdf
2026-04-20,013,LOS COCOS (EMA),BAHORUCO,PRIVADA,EMAP,,,2.7,https://indomet.gob.do/wp-content/uploads/2026/04/Temperaturas-extremas-y-precipitaciones-20-de-Abril-2026.pdf
2026-04-20,014,SABANA DE LA MAR,HATO MAYOR,INDOMET,EMCI,30.6,20.5,2.0,https://indomet.gob.do/wp-content/uploads/2026/04/Temperaturas-extremas-y-precipitaciones-20-de-Abril-2026.pdf
2026-04-20,015,OLIVARES,PEDERNALES,INDRHI,EMCI,,,1.7,https://indomet.gob.do/wp-content/uploads/2026/04/Temperaturas-extremas-y-precipitaciones-20-de-Abril-2026.pdf
2026-04-20,016,ELÍAS PIÑA,ELÍAS PIÑA,MINISTERIO DE AGRICULTURA,EMCV,,,1.1,https://indomet.gob.do/wp-content/uploads/2026/04/Temperaturas-extremas-y-precipitaciones-20-de-Abril-2026.pdf
2026-04-20,017,PROLONGACION 27 DE FEBRERO,DISTRITO NACIONAL,PRIVADA,EMAP,,,1.0,https://indomet.gob.do/wp-content/uploads/2026/04/Temperaturas-extremas-y-precipitaciones-20-de-Abril-2026.pdf
2026-04-20,018,SAMANÁ,SAMANÁ,COMANDANCIA DE PUERTO DE SAMANÁ,EMCI,31.8,18.3,1.0,https://indomet.gob.do/wp-content/uploads/2026/04/Temperaturas-extremas-y-precipitaciones-20-de-Abril-2026.pdf
2026-04-20,019,ESCONDIDO,PERAVIA,MINISTERIO DE AGRICULTURA,EMCV,30.0,23.0,0.5,https://indomet.gob.do/wp-content/uploads/2026/04/Temperaturas-extremas-y-precipitaciones-20-de-Abril-2026.pdf
2026-04-20,020,SABANETA (EMA),SANTIAGO RODRÍGUEZ,PROGRAMA MUNDIAL DE ALIMENTO,EMAP,35.1,22.4,0.4,https://indomet.gob.do/wp-content/uploads/2026/04/Temperaturas-extremas-y-precipitaciones-20-de-Abril-2026.pdf
2026-04-20,021,BOCA DE MAO (EMA),VALVERDE,MINISTERIO DE AGRICULTURA,EMAP,34.9,22.2,0.2,https://indomet.gob.do/wp-content/uploads/2026/04/Temperaturas-extremas-y-precipitaciones-20-de-Abril-2026.pdf
2026-04-20,022,BOHECHÍO,SAN JUAN,MINISTERIO DE AGRICULTURA,EMCV,,,0.2,https://indomet.gob.do/wp-content/uploads/2026/04/Temperaturas-extremas-y-precipitaciones-20-de-Abril-2026.pdf
2026-04-20,023,CONSTANZA,LA VEGA,MINISTERIO DE AGRICULTURA,EMCI,27.5,14.8,0.2,https://indomet.gob.do/wp-content/uploads/2026/04/Temperaturas-extremas-y-precipitaciones-20-de-Abril-2026.pdf
2026-04-20,024,MICHES (EMA),EL SEIBO,PRIVADA,EMAP,31.5,21.6,0.2,https://indomet.gob.do/wp-content/uploads/2026/04/Temperaturas-extremas-y-precipitaciones-20-de-Abril-2026.pdf
2026-04-20,025,MONCIÓN (EMA),SANTIAGO RODRÍGUEZ,PROGRAMA MUNDIAL DE ALIMENTO,EMAP,31.3,20.4,0.2,https://indomet.gob.do/wp-content/uploads/2026/04/Temperaturas-extremas-y-precipitaciones-20-de-Abril-2026.pdf
2026-04-20,026,ARROYO LORO,SAN JUAN,IDIAF,EMCI,31.4,20.7,0.1,https://indomet.gob.do/wp-content/uploads/2026/04/Temperaturas-extremas-y-precipitaciones-20-de-Abril-2026.pdf
2026-04-20,027,BAYAGUANA,MONTE PLATA,INDOMET,EMCI,31.2,21.2,0.1,https://indomet.gob.do/wp-content/uploads/2026/04/Temperaturas-extremas-y-precipitaciones-20-de-Abril-2026.pdf
2026-04-20,028,RANCHO ARRIBA,SAN JOSÉ DE OCOA,CENTRO TECNOLÓGICO COMUNITARIO,EMCI,28.3,17.5,0.1,https://indomet.gob.do/wp-content/uploads/2026/04/Temperaturas-extremas-y-precipitaciones-20-de-Abril-2026.pdf
2026-04-20,029,SAN FRANCISCO DE MACORÍS,DUARTE,San Francisco de Macorís (UASD),EMCI,32.9,21.8,0.1,https://indomet.gob.do/wp-content/uploads/2026/04/Temperaturas-extremas-y-precipitaciones-20-de-Abril-2026.pdf
2026-04-20,030,PARQUE MIRADOR SUR,DISTRITO NACIONAL,AYUNTAMIENTO,EMCV,32.0,22.4,0.0,https://indomet.gob.do/wp-content/uploads/2026/04/Temperaturas-extremas-y-precipitaciones-20-de-Abril-2026.pdf
2026-04-20,031,ALTAMIRA,PUERTO PLATA,HOSP. MPAL. DE ALTAMIRA,EMCI,33.6,20.2,0.0,https://indomet.gob.do/wp-content/uploads/2026/04/Temperaturas-extremas-y-precipitaciones-20-de-Abril-2026.pdf
2026-04-20,032,ANAMUYA (EMA),LA ALTAGRACIA,MINISTERIO DE AGRICULTURA,EMAP,31.7,21.6,0.0,https://indomet.gob.do/wp-content/uploads/2026/04/Temperaturas-extremas-y-precipitaciones-20-de-Abril-2026.pdf
2026-04-20,033,ARPT. ARROYO BARRIL,SAMANÁ,INDOMET,EMCI,32.0,22.4,0.0,https://indomet.gob.do/wp-content/uploads/2026/04/Temperaturas-extremas-y-precipitaciones-20-de-Abril-2026.pdf
2026-04-20,034,ARPT. DE LA ROMANA,LA ROMANA,INDOMET,EMCI,30.4,21.6,0.0,https://indomet.gob.do/wp-content/uploads/2026/04/Temperaturas-extremas-y-precipitaciones-20-de-Abril-2026.pdf
2026-04-20,035,ARPT. DE LAS AMÉRICAS,SANTO DOMINGO,INDOMET,EMCI,29.6,20.9,0.0,https://indomet.gob.do/wp-content/uploads/2026/04/Temperaturas-extremas-y-precipitaciones-20-de-Abril-2026.pdf
2026-04-20,036,ARPT. DE PUNTA CANA,LA ALTAGRACIA,INDOMET,EMCI,29.8,22.4,0.0,https://indomet.gob.do/wp-content/uploads/2026/04/Temperaturas-extremas-y-precipitaciones-20-de-Abril-2026.pdf
2026-04-20,037,ARPT. DEL CIBAO,SANTIAGO,INDOMET,EMCI,33.5,21.3,0.0,https://indomet.gob.do/wp-content/uploads/2026/04/Temperaturas-extremas-y-precipitaciones-20-de-Abril-2026.pdf
2026-04-20,038,ARPT. EL CATEY,SAMANÁ,INDOMET,EMCI,32.0,21.6,0.0,https://indomet.gob.do/wp-content/uploads/2026/04/Temperaturas-extremas-y-precipitaciones-20-de-Abril-2026.pdf
2026-04-20,039,ARPT. GREGORIO LUPERÓN,PUERTO PLATA,INDOMET,EMCI,31.8,21.6,0.0,https://indomet.gob.do/wp-content/uploads/2026/04/Temperaturas-extremas-y-precipitaciones-20-de-Abril-2026.pdf
2026-04-20,040,ARPT. LA ISABELA,SANTO DOMINGO,INDOMET,EMCI,31.3,22.0,0.0,https://indomet.gob.do/wp-content/uploads/2026/04/Temperaturas-extremas-y-precipitaciones-20-de-Abril-2026.pdf
2026-04-20,041,ARPT. MARÍA MONTEZ,BARAHONA,INDOMET,EMCI,30.5,23.5,0.0,https://indomet.gob.do/wp-content/uploads/2026/04/Temperaturas-extremas-y-precipitaciones-20-de-Abril-2026.pdf
2026-04-20,042,BANI (EMA),PERAVIA,MINISTERIO DE AGRICULTURA,EMAP,30.1,21.7,0.0,https://indomet.gob.do/wp-content/uploads/2026/04/Temperaturas-extremas-y-precipitaciones-20-de-Abril-2026.pdf
2026-04-20,043,BASE AÉREA DE SAN ISIDRO,SANTO DOMINGO,FUERZA AÉREA DOMINICANA,EMCV,30.5,,0.0,https://indomet.gob.do/wp-content/uploads/2026/04/Temperaturas-extremas-y-precipitaciones-20-de-Abril-2026.pdf
2026-04-20,044,BELLA VISTA (EMA),DISTRITO NACIONAL,PRIVADA,EMAP,,,0.0,https://indomet.gob.do/wp-content/uploads/2026/04/Temperaturas-extremas-y-precipitaciones-20-de-Abril-2026.pdf
2026-04-20,045,BONAO,MONSEÑOR NOUEL,MINISTERIO DE AGRICULTURA,EMCV,,,0.0,https://indomet.gob.do/wp-content/uploads/2026/04/Temperaturas-extremas-y-precipitaciones-20-de-Abril-2026.pdf
2026-04-20,046,BUCARA (EMA),SANTIAGO,MINISTERIO DE AGRICULTURA,EMAI,,,0.0,https://indomet.gob.do/wp-content/uploads/2026/04/Temperaturas-extremas-y-precipitaciones-20-de-Abril-2026.pdf
2026-04-20,047,CABRERA,MARÍA TRINIDAD SÁNCHEZ,ESCUELA ARÍSTIDES FIALLO CABRAL,EMCI,31.6,24.2,0.0,https://indomet.gob.do/wp-content/uploads/2026/04/Temperaturas-extremas-y-precipitaciones-20-de-Abril-2026.pdf
2026-04-20,048,CENTRO DE LOS HEROES (EMA),DISTRITO NACIONAL,MINISTERIO DE ENERGIA Y MINA,EMAP,30.3,24.4,0.0,https://indomet.gob.do/wp-content/uploads/2026/04/Temperaturas-extremas-y-precipitaciones-20-de-Abril-2026.pdf
2026-04-20,049,CONSTANZA (EMA),LA VEGA,PROGRAMA MUNDIAL DE ALIMENTO,EMAP,25.8,15.8,0.0,https://indomet.gob.do/wp-content/uploads/2026/04/Temperaturas-extremas-y-precipitaciones-20-de-Abril-2026.pdf
2026-04-20,050,DAJABÓN,DAJABÓN,INSTITUTO POLITÉCNICO LOYOLA,EMCI,34.4,19.1,0.0,https://indomet.gob.do/wp-content/uploads/2026/04/Temperaturas-extremas-y-precipitaciones-20-de-Abril-2026.pdf
2026-04-20,051,EL FACTOR (EMA),MARÍA TRINIDAD SÁNCHEZ,INTEC,EMAP,32.3,21.1,0.0,https://indomet.gob.do/wp-content/uploads/2026/04/Temperaturas-extremas-y-precipitaciones-20-de-Abril-2026.pdf
2026-04-20,052,EL MILLON (EMA),DISTRITO NACIONAL,PRIVADA,EMAP,,,0.0,https://indomet.gob.do/wp-content/uploads/2026/04/Temperaturas-extremas-y-precipitaciones-20-de-Abril-2026.pdf
2026-04-20,053,ENSANCHE LA FE (EMA),DISTRITO NACIONAL,PRIVADA,EMAP,,,0.0,https://indomet.gob.do/wp-content/uploads/2026/04/Temperaturas-extremas-y-precipitaciones-20-de-Abril-2026.pdf
2026-04-20,054,GASPAR HERNÁNDEZ,ESPAILLAT,PROPIEDAD DEL EMPLEADO,EMCI,,,0.0,https://indomet.gob.do/wp-content/uploads/2026/04/Temperaturas-extremas-y-precipitaciones-20-de-Abril-2026.pdf
2026-04-20,055,GURABO,SANTIAGO,MINISTERIO DE AGRICULTURA,EMCV,,,0.0,https://indomet.gob.do/wp-content/uploads/2026/04/Temperaturas-extremas-y-precipitaciones-20-de-Abril-2026.pdf
2026-04-20,056,HATO MAYOR,HATO MAYOR,MINISTERIO DE AGRICULTURA,EMCV,,,0.0,https://indomet.gob.do/wp-content/uploads/2026/04/Temperaturas-extremas-y-precipitaciones-20-de-Abril-2026.pdf
2026-04-20,057,JARABACOA,LA VEGA,INDRHI / MARENA,EMCI,31.6,16.2,0.0,https://indomet.gob.do/wp-content/uploads/2026/04/Temperaturas-extremas-y-precipitaciones-20-de-Abril-2026.pdf
2026-04-20,058,JARABACOA (EMA),LA VEGA,PROGRAMA MUNDIAL DE ALIMENTO,EMAP,30.2,18.9,0.0,https://indomet.gob.do/wp-content/uploads/2026/04/Temperaturas-extremas-y-precipitaciones-20-de-Abril-2026.pdf
2026-04-20,059,JARDÍN BOTÁNICO NACIONAL,DISTRITO NACIONAL,JARDÍN BOTÁNICO NACIONAL,EMCV,31.1,19.2,0.0,https://indomet.gob.do/wp-content/uploads/2026/04/Temperaturas-extremas-y-precipitaciones-20-de-Abril-2026.pdf
2026-04-20,060,JARDÍN BOTÁNICO SANTIAGO (EMSANTIAGO,,JARDIN BOTANICO SANTIAGO,EMAI,,,0.0,https://indomet.gob.do/wp-content/uploads/2026/04/Temperaturas-extremas-y-precipitaciones-20-de-Abril-2026.pdf
2026-04-20,061,JUMA BEJUCAL,MONSEÑOR NOUEL,IDIAF,EMCV,30.0,21.2,0.0,https://indomet.gob.do/wp-content/uploads/2026/04/Temperaturas-extremas-y-precipitaciones-20-de-Abril-2026.pdf
2026-04-20,062,LA AGUSTINA (EMA),DISTRITO NACIONAL,PRIVADA,EMAP,,,0.0,https://indomet.gob.do/wp-content/uploads/2026/04/Temperaturas-extremas-y-precipitaciones-20-de-Abril-2026.pdf
2026-04-20,063,LA VEGA,LA VEGA,IATESA,EMCI,32.5,21.0,0.0,https://indomet.gob.do/wp-content/uploads/2026/04/Temperaturas-extremas-y-precipitaciones-20-de-Abril-2026.pdf
2026-04-20,064,LA VICTORIA,SANTO DOMINGO,CUERPO DE BOMBEROS,EMCI,31.8,21.0,0.0,https://indomet.gob.do/wp-content/uploads/2026/04/Temperaturas-extremas-y-precipitaciones-20-de-Abril-2026.pdf
2026-04-20,065,LAS CANAS (EMA),MONTE CRISTI,PROGRAMA MUNDIAL DE ALIMENTO,EMAP,29.4,21.7,0.0,https://indomet.gob.do/wp-content/uploads/2026/04/Temperaturas-extremas-y-precipitaciones-20-de-Abril-2026.pdf
2026-04-20,066,LAS MATAS DE SANTA CRUZ,MONTE CRISTI,INDRHI,EMCV,,,0.0,https://indomet.gob.do/wp-content/uploads/2026/04/Temperaturas-extremas-y-precipitaciones-20-de-Abril-2026.pdf
2026-04-20,067,LOS CACICAZGOS (EMA),DISTRITO NACIONAL,PRIVADA,EMAP,,,0.0,https://indomet.gob.do/wp-content/uploads/2026/04/Temperaturas-extremas-y-precipitaciones-20-de-Abril-2026.pdf
2026-04-20,068,LOS JARDINES (EMA),DISTRITO NACIONAL,PRIVADA,EMAP,,,0.0,https://indomet.gob.do/wp-content/uploads/2026/04/Temperaturas-extremas-y-precipitaciones-20-de-Abril-2026.pdf
2026-04-20,069,LOS JENGIBRES,NAGUA,INDRHI,EMCI,,,0.0,https://indomet.gob.do/wp-content/uploads/2026/04/Temperaturas-extremas-y-precipitaciones-20-de-Abril-2026.pdf
2026-04-20,070,LOS LLANOS,SAN PEDRO DE MACORÍS,MINISTERIO DE AGRICULTURA,EMCI,30.5,20.9,0.0,https://indomet.gob.do/wp-content/uploads/2026/04/Temperaturas-extremas-y-precipitaciones-20-de-Abril-2026.pdf
2026-04-20,071,LOS PRADOS (EMA),DISTRITO NACIONAL,PRIVADA,EMAP,,,0.0,https://indomet.gob.do/wp-content/uploads/2026/04/Temperaturas-extremas-y-precipitaciones-20-de-Abril-2026.pdf
2026-04-20,072,MAO,VALVERDE,INDRHI / MINISTERIO DE AGRICULTURA,EMCV,,,0.0,https://indomet.gob.do/wp-content/uploads/2026/04/Temperaturas-extremas-y-precipitaciones-20-de-Abril-2026.pdf
2026-04-20,073,MONTE CRISTI,MONTE CRISTI,INDOMET,EMCI,32.4,23.1,0.0,https://indomet.gob.do/wp-content/uploads/2026/04/Temperaturas-extremas-y-precipitaciones-20-de-Abril-2026.pdf
2026-04-20,074,NAVARRETE,SANTIAGO,MINISTERIO DE AGRICULTURA,EMCV,,,0.0,https://indomet.gob.do/wp-content/uploads/2026/04/Temperaturas-extremas-y-precipitaciones-20-de-Abril-2026.pdf
2026-04-20,075,PADRE LAS CASAS,AZUA,HOSP. NTRA. SRA. DEL CARMEN,EMCI,29.5,19.5,0.0,https://indomet.gob.do/wp-content/uploads/2026/04/Temperaturas-extremas-y-precipitaciones-20-de-Abril-2026.pdf
2026-04-20,076,PALO ÍNDIO,PUERTO PLATA,MINISTERIO DE AGRICULTURA,EMCI,,,0.0,https://indomet.gob.do/wp-content/uploads/2026/04/Temperaturas-extremas-y-precipitaciones-20-de-Abril-2026.pdf
2026-04-20,077,PARQUE MIRADOR NORTE,SANTO DOMINGO,AYUNTAMIENTO,EMCV,,,0.0,https://indomet.gob.do/wp-content/uploads/2026/04/Temperaturas-extremas-y-precipitaciones-20-de-Abril-2026.pdf
2026-04-20,078,PASO AL MEDIO,SAN PEDRO DE MACORÍS,INDRHI,EMCI,,,0.0,https://indomet.gob.do/wp-content/uploads/2026/04/Temperaturas-extremas-y-precipitaciones-20-de-Abril-2026.pdf
2026-04-20,079,PESCADERIA (EMA),BARAHONA,MINISTERIO DE AGRICULTURA,EMAP,,,0.0,https://indomet.gob.do/wp-content/uploads/2026/04/Temperaturas-extremas-y-precipitaciones-20-de-Abril-2026.pdf
2026-04-20,080,PONTÓN ABAJO (EMA),LA VEGA,MINISTERIO DE AGRICULTURA,EMAP,34.4,21.8,0.0,https://indomet.gob.do/wp-content/uploads/2026/04/Temperaturas-extremas-y-precipitaciones-20-de-Abril-2026.pdf
2026-04-20,081,PRESA DE TAVERAS (EMA),LA VEGA,PROGRAMA MUNDIAL DE ALIMENTO,EMAP,29.2,20.1,0.0,https://indomet.gob.do/wp-content/uploads/2026/04/Temperaturas-extremas-y-precipitaciones-20-de-Abril-2026.pdf
2026-04-20,082,RESTAURACIÓN,DAJABÓN,MINISTERIO DE AGRICULTURA,EMCI,30.2,16.7,0.0,https://indomet.gob.do/wp-content/uploads/2026/04/Temperaturas-extremas-y-precipitaciones-20-de-Abril-2026.pdf
2026-04-20,083,RÍO SAN JUAN,MARÍA TRINIDAD SÁNCHEZ,HOSP. MPAL. DR. DESIDERIO ACOSTA,EMCV,32.6,23.5,0.0,https://indomet.gob.do/wp-content/uploads/2026/04/Temperaturas-extremas-y-precipitaciones-20-de-Abril-2026.pdf
2026-04-20,084,SABANA GRANDE DE BOYÁ,MONTE PLATA,MINISTERIO DE AGRICULTURA,EMCV,,,0.0,https://indomet.gob.do/wp-content/uploads/2026/04/Temperaturas-extremas-y-precipitaciones-20-de-Abril-2026.pdf
2026-04-20,085,SAJOMA (EMA),SANTIAGO,PLAN SIERRA,EMAI,30.2,22.6,0.0,https://indomet.gob.do/wp-content/uploads/2026/04/Temperaturas-extremas-y-precipitaciones-20-de-Abril-2026.pdf
2026-04-20,086,SALCEDO,HERMANAS MIRABAL,PROPIEDAD DEL EMPLEADO,EMCI,,,0.0,https://indomet.gob.do/wp-content/uploads/2026/04/Temperaturas-extremas-y-precipitaciones-20-de-Abril-2026.pdf
2026-04-20,087,SAN CRISTÓBAL,SAN CRISTÓBAL,INSTITUTO POLITÉCNICO LOYOLA,EMCI,30.0,20.2,0.0,https://indomet.gob.do/wp-content/uploads/2026/04/Temperaturas-extremas-y-precipitaciones-20-de-Abril-2026.pdf
2026-04-20,088,SAN JOSÉ DE OCOA,SAN JOSÉ DE OCOA,HOSP. SAN JOSÉ DE OCOA,EMCI,29.3,17.0,0.0,https://indomet.gob.do/wp-content/uploads/2026/04/Temperaturas-extremas-y-precipitaciones-20-de-Abril-2026.pdf
2026-04-20,089,SAN RAFAEL DEL YUMA,LA ALTAGRACIA,MINISTERIO DE AGRICULTURA,EMCI,31.9,22.6,0.0,https://indomet.gob.do/wp-content/uploads/2026/04/Temperaturas-extremas-y-precipitaciones-20-de-Abril-2026.pdf
2026-04-20,090,SÁNCHEZ,SAMANÁ,MINISTERIO DE AGRICULTURA,EMCI,31.8,20.6,0.0,https://indomet.gob.do/wp-content/uploads/2026/04/Temperaturas-extremas-y-precipitaciones-20-de-Abril-2026.pdf
2026-04-20,091,SANTO DOMINGO ESTE,SANTO DOMINGO,INDOMET,EMCI,30.8,24.5,0.0,https://indomet.gob.do/wp-content/uploads/2026/04/Temperaturas-extremas-y-precipitaciones-20-de-Abril-2026.pdf
2026-04-20,092,TAMBORIL,SANTIAGO,MINISTERIO DE AGRICULTURA,EMCV,,,0.0,https://indomet.gob.do/wp-content/uploads/2026/04/Temperaturas-extremas-y-precipitaciones-20-de-Abril-2026.pdf
2026-04-20,093,TAVERA,SANTIAGO,INDRHI,EMCI,,,0.0,https://indomet.gob.do/wp-content/uploads/2026/04/Temperaturas-extremas-y-precipitaciones-20-de-Abril-2026.pdf
2026-04-20,094,VILLA ALTAGRACIA,SAN CRISTÓBAL,ESCUELA JAVIER ANGULO GURIDI,EMCI,,,0.0,https://indomet.gob.do/wp-content/uploads/2026/04/Temperaturas-extremas-y-precipitaciones-20-de-Abril-2026.pdf
2026-04-20,095,VILLA ISABELA,PUERTO PLATA,MINISTERIO DE AGRICULTURA,EMCV,32.5,20.5,0.0,https://indomet.gob.do/wp-content/uploads/2026/04/Temperaturas-extremas-y-precipitaciones-20-de-Abril-2026.pdf
2026-04-20,096,VILLA RIVA,DUARTE,HOSP. MPAL. ALICIA DE LEGENDRE,EMCI,32.0,21.3,0.0,https://indomet.gob.do/wp-content/uploads/2026/04/Temperaturas-extremas-y-precipitaciones-20-de-Abril-2026.pdf
2026-04-21,001,LA VEGA,LA VEGA,IATESA,EMCI,33.8,21.5,79.8,https://indomet.gob.do/wp-content/uploads/2026/04/temperaturas-extremas-y-precipitaciones-2026x04x21-a.pdf
2026-04-21,002,ALTAMIRA,PUERTO PLATA,HOSP. MPAL. DE ALTAMIRA,EMCI,31.6,19.9,77.2,https://indomet.gob.do/wp-content/uploads/2026/04/temperaturas-extremas-y-precipitaciones-2026x04x21-a.pdf
2026-04-21,003,PONTÓN ABAJO (EMA),LA VEGA,MINISTERIO DE AGRICULTURA,EMAP,,,56.2,https://indomet.gob.do/wp-content/uploads/2026/04/temperaturas-extremas-y-precipitaciones-2026x04x21-a.pdf
2026-04-21,004,ARPT. GREGORIO LUPERÓN,PUERTO PLATA,INDOMET,EMCI,29.7,21.2,35.8,https://indomet.gob.do/wp-content/uploads/2026/04/temperaturas-extremas-y-precipitaciones-2026x04x21-a.pdf
2026-04-21,005,JIMANÍ,INDEPENDENCIA,MINISTERIO DE AGRICULTURA,EMCI,30.6,22.0,23.1,https://indomet.gob.do/wp-content/uploads/2026/04/temperaturas-extremas-y-precipitaciones-2026x04x21-a.pdf
2026-04-21,006,PALO ÍNDIO,PUERTO PLATA,MINISTERIO DE AGRICULTURA,EMCI,,,21.8,https://indomet.gob.do/wp-content/uploads/2026/04/temperaturas-extremas-y-precipitaciones-2026x04x21-a.pdf
2026-04-21,007,CABRERA,MARÍA TRINIDAD SÁNCHEZ,ESCUELA ARÍSTIDES FIALLO CABRAL,EMCI,32.0,24.0,21.4,https://indomet.gob.do/wp-content/uploads/2026/04/temperaturas-extremas-y-precipitaciones-2026x04x21-a.pdf
2026-04-21,008,ELÍAS PIÑA,ELÍAS PIÑA,MINISTERIO DE AGRICULTURA,EMCV,,,15.1,https://indomet.gob.do/wp-content/uploads/2026/04/temperaturas-extremas-y-precipitaciones-2026x04x21-a.pdf
2026-04-21,009,JARABACOA (EMA),LA VEGA,PROGRAMA MUNDIAL DE ALIMENTO,EMAP,29.3,17.8,15.0,https://indomet.gob.do/wp-content/uploads/2026/04/temperaturas-extremas-y-precipitaciones-2026x04x21-a.pdf
2026-04-21,010,VALLE NUEVO (EMA),LA VEGA,MARENA,EMAI,,,14.4,https://indomet.gob.do/wp-content/uploads/2026/04/temperaturas-extremas-y-precipitaciones-2026x04x21-a.pdf
2026-04-21,011,JARABACOA,LA VEGA,INDRHI / MARENA,EMCI,31.0,15.4,13.3,https://indomet.gob.do/wp-content/uploads/2026/04/temperaturas-extremas-y-precipitaciones-2026x04x21-a.pdf
2026-04-21,012,HONDO VALLE,ELÍAS PIÑA,MINISTERIO DE AGRICULTURA,EMCI,25.4,15.5,12.6,https://indomet.gob.do/wp-content/uploads/2026/04/temperaturas-extremas-y-precipitaciones-2026x04x21-a.pdf
2026-04-21,013,LOS JENGIBRES,NAGUA,INDRHI,EMCI,,,12.5,https://indomet.gob.do/wp-content/uploads/2026/04/temperaturas-extremas-y-precipitaciones-2026x04x21-a.pdf
2026-04-21,014,RÍO SAN JUAN,MARÍA TRINIDAD SÁNCHEZ,HOSP. MPAL. DR. DESIDERIO ACOSTA,EMCV,33.1,21.9,12.4,https://indomet.gob.do/wp-content/uploads/2026/04/temperaturas-extremas-y-precipitaciones-2026x04x21-a.pdf
2026-04-21,015,NAVARRETE,SANTIAGO,MINISTERIO DE AGRICULTURA,EMCV,,,10.7,https://indomet.gob.do/wp-content/uploads/2026/04/temperaturas-extremas-y-precipitaciones-2026x04x21-a.pdf
2026-04-21,016,SÁNCHEZ,SAMANÁ,MINISTERIO DE AGRICULTURA,EMCI,30.6,20.5,8.6,https://indomet.gob.do/wp-content/uploads/2026/04/temperaturas-extremas-y-precipitaciones-2026x04x21-a.pdf
2026-04-21,017,CONSTANZA,LA VEGA,MINISTERIO DE AGRICULTURA,EMCI,26.0,12.7,7.7,https://indomet.gob.do/wp-content/uploads/2026/04/temperaturas-extremas-y-precipitaciones-2026x04x21-a.pdf
2026-04-21,018,ALTO BANDERA (EMA),LA VEGA,INTEC,EMAP,15.1,5.8,7.6,https://indomet.gob.do/wp-content/uploads/2026/04/temperaturas-extremas-y-precipitaciones-2026x04x21-a.pdf
2026-04-21,019,RANCHO ARRIBA,SAN JOSÉ DE OCOA,CENTRO TECNOLÓGICO COMUNITARIO,EMCI,29.2,17.4,7.0,https://indomet.gob.do/wp-content/uploads/2026/04/temperaturas-extremas-y-precipitaciones-2026x04x21-a.pdf
2026-04-21,020,SALCEDO,HERMANAS MIRABAL,PROPIEDAD DEL EMPLEADO,EMCI,,,5.6,https://indomet.gob.do/wp-content/uploads/2026/04/temperaturas-extremas-y-precipitaciones-2026x04x21-a.pdf
2026-04-21,021,SAN JOSÉ DE OCOA,SAN JOSÉ DE OCOA,HOSP. SAN JOSÉ DE OCOA,EMCI,29.1,18.4,5.6,https://indomet.gob.do/wp-content/uploads/2026/04/temperaturas-extremas-y-precipitaciones-2026x04x21-a.pdf
2026-04-21,022,CONSTANZA (EMA),LA VEGA,PROGRAMA MUNDIAL DE ALIMENTO,EMAP,24.2,14.3,4.8,https://indomet.gob.do/wp-content/uploads/2026/04/temperaturas-extremas-y-precipitaciones-2026x04x21-a.pdf
2026-04-21,023,LAS CANAS (EMA),MONTE CRISTI,PROGRAMA MUNDIAL DE ALIMENTO,EMAP,28.8,21.5,4.8,https://indomet.gob.do/wp-content/uploads/2026/04/temperaturas-extremas-y-precipitaciones-2026x04x21-a.pdf
2026-04-21,024,MAO,VALVERDE,INDRHI / MINISTERIO DE AGRICULTURA,EMCV,,,4.6,https://indomet.gob.do/wp-content/uploads/2026/04/temperaturas-extremas-y-precipitaciones-2026x04x21-a.pdf
2026-04-21,025,BOCA DE MAO (EMA),VALVERDE,MINISTERIO DE AGRICULTURA,EMAP,34.3,21.4,3.4,https://indomet.gob.do/wp-content/uploads/2026/04/temperaturas-extremas-y-precipitaciones-2026x04x21-a.pdf
2026-04-21,026,LUPERÓN,PUERTO PLATA,MINISTERIO DE AGRICULTURA,EMCV,,,3.1,https://indomet.gob.do/wp-content/uploads/2026/04/temperaturas-extremas-y-precipitaciones-2026x04x21-a.pdf
2026-04-21,027,TAVERA,SANTIAGO,INDRHI,EMCI,,,3.1,https://indomet.gob.do/wp-content/uploads/2026/04/temperaturas-extremas-y-precipitaciones-2026x04x21-a.pdf
2026-04-21,028,VILLA RIVA,DUARTE,HOSP. MPAL. ALICIA DE LEGENDRE,EMCI,32.4,21.6,2.8,https://indomet.gob.do/wp-content/uploads/2026/04/temperaturas-extremas-y-precipitaciones-2026x04x21-a.pdf
2026-04-21,029,EL CERCADO,SAN JUAN,MINISTERIO DE AGRICULTURA,EMCV,,,2.4,https://indomet.gob.do/wp-content/uploads/2026/04/temperaturas-extremas-y-precipitaciones-2026x04x21-a.pdf
2026-04-21,030,PERALTA,AZUA,HOSP. MPAL. DE PERALTA,EMCI,27.3,19.0,2.4,https://indomet.gob.do/wp-content/uploads/2026/04/temperaturas-extremas-y-precipitaciones-2026x04x21-a.pdf
2026-04-21,031,BONAO,MONSEÑOR NOUEL,MINISTERIO DE AGRICULTURA,EMCV,,,2.3,https://indomet.gob.do/wp-content/uploads/2026/04/temperaturas-extremas-y-precipitaciones-2026x04x21-a.pdf
2026-04-21,032,OVIEDO,PEDERNALES,CLÍNICA RURAL OVIEDO,EMCI,32.5,22.5,2.0,https://indomet.gob.do/wp-content/uploads/2026/04/temperaturas-extremas-y-precipitaciones-2026x04x21-a.pdf
2026-04-21,033,PADRE LAS CASAS,AZUA,HOSP. NTRA. SRA. DEL CARMEN,EMCI,30.0,20.4,1.8,https://indomet.gob.do/wp-content/uploads/2026/04/temperaturas-extremas-y-precipitaciones-2026x04x21-a.pdf
2026-04-21,034,ARPT. DEL CIBAO,SANTIAGO,INDOMET,EMCI,33.4,21.3,1.6,https://indomet.gob.do/wp-content/uploads/2026/04/temperaturas-extremas-y-precipitaciones-2026x04x21-a.pdf
2026-04-21,035,ARPT. EL CATEY,SAMANÁ,INDOMET,EMCI,29.4,20.5,1.5,https://indomet.gob.do/wp-content/uploads/2026/04/temperaturas-extremas-y-precipitaciones-2026x04x21-a.pdf
2026-04-21,036,JUMA BEJUCAL,MONSEÑOR NOUEL,IDIAF,EMCV,31.6,20.0,1.4,https://indomet.gob.do/wp-content/uploads/2026/04/temperaturas-extremas-y-precipitaciones-2026x04x21-a.pdf
2026-04-21,037,ARROYO LORO,SAN JUAN,IDIAF,EMCI,31.3,18.7,1.3,https://indomet.gob.do/wp-content/uploads/2026/04/temperaturas-extremas-y-precipitaciones-2026x04x21-a.pdf
2026-04-21,038,SAN FRANCISCO DE MACORÍS,DUARTE,San Francisco de Macorís (UASD),EMCI,32.9,21.2,0.8,https://indomet.gob.do/wp-content/uploads/2026/04/temperaturas-extremas-y-precipitaciones-2026x04x21-a.pdf
2026-04-21,039,POLO,BARAHONA,INDOCAFE,EMCI,26.5,17.0,0.6,https://indomet.gob.do/wp-content/uploads/2026/04/temperaturas-extremas-y-precipitaciones-2026x04x21-a.pdf
2026-04-21,040,LOS COCOS (EMA),BAHORUCO,PRIVADA,EMAP,,,0.5,https://indomet.gob.do/wp-content/uploads/2026/04/temperaturas-extremas-y-precipitaciones-2026x04x21-a.pdf
2026-04-21,041,VILLA ISABELA,PUERTO PLATA,MINISTERIO DE AGRICULTURA,EMCV,32.5,20.5,0.5,https://indomet.gob.do/wp-content/uploads/2026/04/temperaturas-extremas-y-precipitaciones-2026x04x21-a.pdf
2026-04-21,042,ARPT. MARÍA MONTEZ,BARAHONA,INDOMET,EMCI,30.6,22.2,0.4,https://indomet.gob.do/wp-content/uploads/2026/04/temperaturas-extremas-y-precipitaciones-2026x04x21-a.pdf
2026-04-21,043,HATO MAYOR,HATO MAYOR,MINISTERIO DE AGRICULTURA,EMCV,,,0.3,https://indomet.gob.do/wp-content/uploads/2026/04/temperaturas-extremas-y-precipitaciones-2026x04x21-a.pdf
2026-04-21,044,MONTE CRISTI,MONTE CRISTI,INDOMET,EMCI,33.0,23.5,0.2,https://indomet.gob.do/wp-content/uploads/2026/04/temperaturas-extremas-y-precipitaciones-2026x04x21-a.pdf
2026-04-21,045,SABANA GRANDE DE BOYÁ,MONTE PLATA,MINISTERIO DE AGRICULTURA,EMCV,,,0.1,https://indomet.gob.do/wp-content/uploads/2026/04/temperaturas-extremas-y-precipitaciones-2026x04x21-a.pdf
2026-04-21,046,ANAMUYA (EMA),LA ALTAGRACIA,MINISTERIO DE AGRICULTURA,EMAP,31.3,20.7,0.0,https://indomet.gob.do/wp-content/uploads/2026/04/temperaturas-extremas-y-precipitaciones-2026x04x21-a.pdf
2026-04-21,047,ARPT. ARROYO BARRIL,SAMANÁ,INDOMET,EMCI,31.5,20.6,0.0,https://indomet.gob.do/wp-content/uploads/2026/04/temperaturas-extremas-y-precipitaciones-2026x04x21-a.pdf
2026-04-21,048,ARPT. DE LA ROMANA,LA ROMANA,INDOMET,EMCI,29.5,20.3,0.0,https://indomet.gob.do/wp-content/uploads/2026/04/temperaturas-extremas-y-precipitaciones-2026x04x21-a.pdf
2026-04-21,049,ARPT. DE LAS AMÉRICAS,SANTO DOMINGO,INDOMET,EMCI,29.2,20.6,0.0,https://indomet.gob.do/wp-content/uploads/2026/04/temperaturas-extremas-y-precipitaciones-2026x04x21-a.pdf
2026-04-21,050,ARPT. DE PUNTA CANA,LA ALTAGRACIA,INDOMET,EMCI,30.0,22.8,0.0,https://indomet.gob.do/wp-content/uploads/2026/04/temperaturas-extremas-y-precipitaciones-2026x04x21-a.pdf
2026-04-21,051,ARPT. LA ISABELA,SANTO DOMINGO,INDOMET,EMCI,31.2,19.4,0.0,https://indomet.gob.do/wp-content/uploads/2026/04/temperaturas-extremas-y-precipitaciones-2026x04x21-a.pdf
2026-04-21,052,BANI (EMA),PERAVIA,MINISTERIO DE AGRICULTURA,EMAP,30.2,21.7,0.0,https://indomet.gob.do/wp-content/uploads/2026/04/temperaturas-extremas-y-precipitaciones-2026x04x21-a.pdf
2026-04-21,053,BASE AÉREA DE SAN ISIDRO,SANTO DOMINGO,FUERZA AÉREA DOMINICANA,EMCV,29.5,21.0,0.0,https://indomet.gob.do/wp-content/uploads/2026/04/temperaturas-extremas-y-precipitaciones-2026x04x21-a.pdf
2026-04-21,054,BAYAGUANA,MONTE PLATA,INDOMET,EMCI,31.5,19.8,0.0,https://indomet.gob.do/wp-content/uploads/2026/04/temperaturas-extremas-y-precipitaciones-2026x04x21-a.pdf
2026-04-21,055,BELLA VISTA (EMA),DISTRITO NACIONAL,PRIVADA,EMAP,,,0.0,https://indomet.gob.do/wp-content/uploads/2026/04/temperaturas-extremas-y-precipitaciones-2026x04x21-a.pdf
2026-04-21,056,BUCARA (EMA),SANTIAGO,MINISTERIO DE AGRICULTURA,EMAI,,,0.0,https://indomet.gob.do/wp-content/uploads/2026/04/temperaturas-extremas-y-precipitaciones-2026x04x21-a.pdf
2026-04-21,057,CENTRO DE LOS HEROES (EMA),DISTRITO NACIONAL,MINISTERIO DE ENERGIA Y MINA,EMAP,30.1,24.8,0.0,https://indomet.gob.do/wp-content/uploads/2026/04/temperaturas-extremas-y-precipitaciones-2026x04x21-a.pdf
2026-04-21,058,DAJABÓN,DAJABÓN,INSTITUTO POLITÉCNICO LOYOLA,EMCI,33.9,18.4,0.0,https://indomet.gob.do/wp-content/uploads/2026/04/temperaturas-extremas-y-precipitaciones-2026x04x21-a.pdf
2026-04-21,059,EL FACTOR (EMA),MARÍA TRINIDAD SÁNCHEZ,INTEC,EMAP,32.2,20.4,0.0,https://indomet.gob.do/wp-content/uploads/2026/04/temperaturas-extremas-y-precipitaciones-2026x04x21-a.pdf
2026-04-21,060,EL MILLON (EMA),DISTRITO NACIONAL,PRIVADA,EMAP,,,0.0,https://indomet.gob.do/wp-content/uploads/2026/04/temperaturas-extremas-y-precipitaciones-2026x04x21-a.pdf
2026-04-21,061,ENRIQUILLO,BARAHONA,MINISTERIO DE AGRICULTURA,EMCV,30.5,19.8,0.0,https://indomet.gob.do/wp-content/uploads/2026/04/temperaturas-extremas-y-precipitaciones-2026x04x21-a.pdf
2026-04-21,062,ESCONDIDO,PERAVIA,MINISTERIO DE AGRICULTURA,EMCV,30.0,22.0,0.0,https://indomet.gob.do/wp-content/uploads/2026/04/temperaturas-extremas-y-precipitaciones-2026x04x21-a.pdf
2026-04-21,063,GASPAR HERNÁNDEZ,ESPAILLAT,PROPIEDAD DEL EMPLEADO,EMCI,,,0.0,https://indomet.gob.do/wp-content/uploads/2026/04/temperaturas-extremas-y-precipitaciones-2026x04x21-a.pdf
2026-04-21,064,GURABO,SANTIAGO,MINISTERIO DE AGRICULTURA,EMCV,,,0.0,https://indomet.gob.do/wp-content/uploads/2026/04/temperaturas-extremas-y-precipitaciones-2026x04x21-a.pdf
2026-04-21,065,JARDÍN BOTÁNICO NACIONAL,DISTRITO NACIONAL,JARDÍN BOTÁNICO NACIONAL,EMCV,32.4,19.6,0.0,https://indomet.gob.do/wp-content/uploads/2026/04/temperaturas-extremas-y-precipitaciones-2026x04x21-a.pdf
2026-04-21,066,JARDÍN BOTÁNICO SANTIAGO (EMSANTIAGO,,JARDIN BOTANICO SANTIAGO,EMAI,,,0.0,https://indomet.gob.do/wp-content/uploads/2026/04/temperaturas-extremas-y-precipitaciones-2026x04x21-a.pdf
2026-04-21,067,LA AGUSTINA (EMA),DISTRITO NACIONAL,PRIVADA,EMAP,,,0.0,https://indomet.gob.do/wp-content/uploads/2026/04/temperaturas-extremas-y-precipitaciones-2026x04x21-a.pdf
2026-04-21,068,LA VICTORIA,SANTO DOMINGO,CUERPO DE BOMBEROS,EMCI,32.2,22.4,0.0,https://indomet.gob.do/wp-content/uploads/2026/04/temperaturas-extremas-y-precipitaciones-2026x04x21-a.pdf
2026-04-21,069,LOS CACICAZGOS (EMA),DISTRITO NACIONAL,PRIVADA,EMAP,,,0.0,https://indomet.gob.do/wp-content/uploads/2026/04/temperaturas-extremas-y-precipitaciones-2026x04x21-a.pdf
2026-04-21,070,LOS LLANOS,SAN PEDRO DE MACORÍS,MINISTERIO DE AGRICULTURA,EMCI,30.5,21.2,0.0,https://indomet.gob.do/wp-content/uploads/2026/04/temperaturas-extremas-y-precipitaciones-2026x04x21-a.pdf
2026-04-21,071,LOS PRADOS (EMA),DISTRITO NACIONAL,PRIVADA,EMAP,,,0.0,https://indomet.gob.do/wp-content/uploads/2026/04/temperaturas-extremas-y-precipitaciones-2026x04x21-a.pdf
2026-04-21,072,MICHES (EMA),EL SEIBO,PRIVADA,EMAP,30.6,21.6,0.0,https://indomet.gob.do/wp-content/uploads/2026/04/temperaturas-extremas-y-precipitaciones-2026x04x21-a.pdf
2026-04-21,073,MONCIÓN (EMA),SANTIAGO RODRÍGUEZ,PROGRAMA MUNDIAL DE ALIMENTO,EMAP,30.2,19.1,0.0,https://indomet.gob.do/wp-content/uploads/2026/04/temperaturas-extremas-y-precipitaciones-2026x04x21-a.pdf
2026-04-21,074,OLIVARES,PEDERNALES,INDRHI,EMCI,,,0.0,https://indomet.gob.do/wp-content/uploads/2026/04/temperaturas-extremas-y-precipitaciones-2026x04x21-a.pdf
2026-04-21,075,PEDERNALES,PEDERNALES,INDRHI,EMCI,,,0.0,https://indomet.gob.do/wp-content/uploads/2026/04/temperaturas-extremas-y-precipitaciones-2026x04x21-a.pdf
2026-04-21,076,PESCADERIA (EMA),BARAHONA,MINISTERIO DE AGRICULTURA,EMAP,,,0.0,https://indomet.gob.do/wp-content/uploads/2026/04/temperaturas-extremas-y-precipitaciones-2026x04x21-a.pdf
2026-04-21,077,PROLONGACION 27 DE FEBRERO,DISTRITO NACIONAL,PRIVADA,EMAP,,,0.0,https://indomet.gob.do/wp-content/uploads/2026/04/temperaturas-extremas-y-precipitaciones-2026x04x21-a.pdf
2026-04-21,078,RESTAURACIÓN,DAJABÓN,MINISTERIO DE AGRICULTURA,EMCI,30.6,17.4,0.0,https://indomet.gob.do/wp-content/uploads/2026/04/temperaturas-extremas-y-precipitaciones-2026x04x21-a.pdf
2026-04-21,079,SABANA DE LA MAR,HATO MAYOR,INDOMET,EMCI,30.6,20.8,0.0,https://indomet.gob.do/wp-content/uploads/2026/04/temperaturas-extremas-y-precipitaciones-2026x04x21-a.pdf
2026-04-21,080,SABANETA (EMA),SANTIAGO RODRÍGUEZ,PROGRAMA MUNDIAL DE ALIMENTO,EMAP,34.1,21.8,0.0,https://indomet.gob.do/wp-content/uploads/2026/04/temperaturas-extremas-y-precipitaciones-2026x04x21-a.pdf
2026-04-21,081,SAJOMA (EMA),SANTIAGO,PLAN SIERRA,EMAI,31.1,23.8,0.0,https://indomet.gob.do/wp-content/uploads/2026/04/temperaturas-extremas-y-precipitaciones-2026x04x21-a.pdf
2026-04-21,082,SAMANÁ,SAMANÁ,COMANDANCIA DE PUERTO DE SAMANÁ,EMCI,32.2,16.8,0.0,https://indomet.gob.do/wp-content/uploads/2026/04/temperaturas-extremas-y-precipitaciones-2026x04x21-a.pdf
2026-04-21,083,SAN CRISTÓBAL,SAN CRISTÓBAL,INSTITUTO POLITÉCNICO LOYOLA,EMCI,30.0,20.0,0.0,https://indomet.gob.do/wp-content/uploads/2026/04/temperaturas-extremas-y-precipitaciones-2026x04x21-a.pdf
2026-04-21,084,SAN RAFAEL DEL YUMA,LA ALTAGRACIA,MINISTERIO DE AGRICULTURA,EMCI,32.6,20.6,0.0,https://indomet.gob.do/wp-content/uploads/2026/04/temperaturas-extremas-y-precipitaciones-2026x04x21-a.pdf
2026-04-21,085,SANTIAGO RODRÍGUEZ,SANTIAGO RODRÍGUEZ,INDOMET,EMCI,35.1,22.8,0.0,https://indomet.gob.do/wp-content/uploads/2026/04/temperaturas-extremas-y-precipitaciones-2026x04x21-a.pdf
2026-04-21,086,SANTO DOMINGO ESTE,SANTO DOMINGO,INDOMET,EMCI,30.5,23.5,0.0,https://indomet.gob.do/wp-content/uploads/2026/04/temperaturas-extremas-y-precipitaciones-2026x04x21-a.pdf
2026-04-21,087,TÁBARA ABAJO,AZUA,INDRHI,EMCI,31.5,19.5,0.0,https://indomet.gob.do/wp-content/uploads/2026/04/temperaturas-extremas-y-precipitaciones-2026x04x21-a.pdf
2026-04-21,088,TAMBORIL,SANTIAGO,MINISTERIO DE AGRICULTURA,EMCV,,,0.0,https://indomet.gob.do/wp-content/uploads/2026/04/temperaturas-extremas-y-precipitaciones-2026x04x21-a.pdf
2026-04-21,089,VILLA ALTAGRACIA,SAN CRISTÓBAL,ESCUELA JAVIER ANGULO GURIDI,EMCI,,,0.0,https://indomet.gob.do/wp-content/uploads/2026/04/temperaturas-extremas-y-precipitaciones-2026x04x21-a.pdf
2026-04-21,090,VILLA GONZALES,SANTIAGO,MINISTERIO DE AGRICULTURA,EMCI,,,0.0,https://indomet.gob.do/wp-content/uploads/2026/04/temperaturas-extremas-y-precipitaciones-2026x04x21-a.pdf
2026-04-21,091,COTUÍ,SÁNCHEZ RAMÍREZ,HOSP. INMACULADA CONCEPCIÓN,EMCV,,,0.0,https://indomet.gob.do/wp-content/uploads/2026/04/temperaturas-extremas-y-precipitaciones-2026x04x21-a.pdf
2026-04-21,092,PASO AL MEDIO,SAN PEDRO DE MACORÍS,INDRHI,EMCI,,,0.0,https://indomet.gob.do/wp-content/uploads/2026/04/temperaturas-extremas-y-precipitaciones-2026x04x21-a.pdf
2026-04-22,001,SAN JOSÉ DE OCOA,SAN JOSÉ DE OCOA,HOSP. SAN JOSÉ DE OCOA,EMCI,28.5,18.2,104.6,https://indomet.gob.do/wp-content/uploads/2026/04/Temperaturas-extremas-y-precipitaciones-22-de-Abril-2026.pdf
2026-04-22,002,LAS CANAS (EMA),MONTE CRISTI,PROGRAMA MUNDIAL DE ALIMENTO,EMAP,26.1,20.8,91.0,https://indomet.gob.do/wp-content/uploads/2026/04/Temperaturas-extremas-y-precipitaciones-22-de-Abril-2026.pdf
2026-04-22,003,PALO ÍNDIO,PUERTO PLATA,MINISTERIO DE AGRICULTURA,EMCI,,,71.9,https://indomet.gob.do/wp-content/uploads/2026/04/Temperaturas-extremas-y-precipitaciones-22-de-Abril-2026.pdf
2026-04-22,004,PEDERNALES,PEDERNALES,INDRHI,EMCI,,,54.8,https://indomet.gob.do/wp-content/uploads/2026/04/Temperaturas-extremas-y-precipitaciones-22-de-Abril-2026.pdf
2026-04-22,005,VILLA ISABELA,PUERTO PLATA,MINISTERIO DE AGRICULTURA,EMCV,30.5,20.5,52.5,https://indomet.gob.do/wp-content/uploads/2026/04/Temperaturas-extremas-y-precipitaciones-22-de-Abril-2026.pdf
2026-04-22,006,BANI (EMA),PERAVIA,MINISTERIO DE AGRICULTURA,EMAP,30.1,21.7,45.8,https://indomet.gob.do/wp-content/uploads/2026/04/Temperaturas-extremas-y-precipitaciones-22-de-Abril-2026.pdf
2026-04-22,007,LUPERÓN,PUERTO PLATA,MINISTERIO DE AGRICULTURA,EMCV,,,40.9,https://indomet.gob.do/wp-content/uploads/2026/04/Temperaturas-extremas-y-precipitaciones-22-de-Abril-2026.pdf
2026-04-22,008,VILLA VASQUEZ (EMA),MONTE CRISTI,JUNTA DE REGANTES,EMAI,,,39.8,https://indomet.gob.do/wp-content/uploads/2026/04/Temperaturas-extremas-y-precipitaciones-22-de-Abril-2026.pdf
2026-04-22,009,ESCONDIDO,PERAVIA,MINISTERIO DE AGRICULTURA,EMCV,30.0,22.0,34.7,https://indomet.gob.do/wp-content/uploads/2026/04/Temperaturas-extremas-y-precipitaciones-22-de-Abril-2026.pdf
2026-04-22,010,MONTE CRISTI,MONTE CRISTI,INDOMET,EMCI,30.0,22.5,34.2,https://indomet.gob.do/wp-content/uploads/2026/04/Temperaturas-extremas-y-precipitaciones-22-de-Abril-2026.pdf
2026-04-22,011,CONSTANZA,LA VEGA,MINISTERIO DE AGRICULTURA,EMCI,26.0,13.5,25.5,https://indomet.gob.do/wp-content/uploads/2026/04/Temperaturas-extremas-y-precipitaciones-22-de-Abril-2026.pdf
2026-04-22,012,ARPT. GREGORIO LUPERÓN,PUERTO PLATA,INDOMET,EMCI,28.1,21.1,24.0,https://indomet.gob.do/wp-content/uploads/2026/04/Temperaturas-extremas-y-precipitaciones-22-de-Abril-2026.pdf
2026-04-22,013,SABANA GRANDE DE BOYÁ,MONTE PLATA,MINISTERIO DE AGRICULTURA,EMCV,,,22.9,https://indomet.gob.do/wp-content/uploads/2026/04/Temperaturas-extremas-y-precipitaciones-22-de-Abril-2026.pdf
2026-04-22,014,CONSTANZA (EMA),LA VEGA,PROGRAMA MUNDIAL DE ALIMENTO,EMAP,24.3,15.0,21.6,https://indomet.gob.do/wp-content/uploads/2026/04/Temperaturas-extremas-y-precipitaciones-22-de-Abril-2026.pdf
2026-04-22,015,LOS COCOS (EMA),BAHORUCO,PRIVADA,EMAP,,,19.0,https://indomet.gob.do/wp-content/uploads/2026/04/Temperaturas-extremas-y-precipitaciones-22-de-Abril-2026.pdf
2026-04-22,016,SAMANÁ,SAMANÁ,COMANDANCIA DE PUERTO DE SAMANÁ,EMCI,29.4,16.9,18.6,https://indomet.gob.do/wp-content/uploads/2026/04/Temperaturas-extremas-y-precipitaciones-22-de-Abril-2026.pdf
2026-04-22,017,RANCHO ARRIBA,SAN JOSÉ DE OCOA,CENTRO TECNOLÓGICO COMUNITARIO,EMCI,28.4,19.6,18.1,https://indomet.gob.do/wp-content/uploads/2026/04/Temperaturas-extremas-y-precipitaciones-22-de-Abril-2026.pdf
2026-04-22,018,BUCARA (EMA),SANTIAGO,MINISTERIO DE AGRICULTURA,EMAI,,,16.8,https://indomet.gob.do/wp-content/uploads/2026/04/Temperaturas-extremas-y-precipitaciones-22-de-Abril-2026.pdf
2026-04-22,019,ALTO BANDERA (EMA),LA VEGA,INTEC,EMAP,14.6,6.9,16.5,https://indomet.gob.do/wp-content/uploads/2026/04/Temperaturas-extremas-y-precipitaciones-22-de-Abril-2026.pdf
2026-04-22,020,SÁNCHEZ,SAMANÁ,MINISTERIO DE AGRICULTURA,EMCI,31.3,20.1,16.2,https://indomet.gob.do/wp-content/uploads/2026/04/Temperaturas-extremas-y-precipitaciones-22-de-Abril-2026.pdf
2026-04-22,021,OLIVARES,PEDERNALES,INDRHI,EMCI,,,15.5,https://indomet.gob.do/wp-content/uploads/2026/04/Temperaturas-extremas-y-precipitaciones-22-de-Abril-2026.pdf
2026-04-22,022,ARPT. ARROYO BARRIL,SAMANÁ,INDOMET,EMCI,29.3,23.0,15.0,https://indomet.gob.do/wp-content/uploads/2026/04/Temperaturas-extremas-y-precipitaciones-22-de-Abril-2026.pdf
2026-04-22,023,CABRERA,MARÍA TRINIDAD SÁNCHEZ,ESCUELA ARÍSTIDES FIALLO CABRAL,EMCI,29.5,23.0,15.0,https://indomet.gob.do/wp-content/uploads/2026/04/Temperaturas-extremas-y-precipitaciones-22-de-Abril-2026.pdf
2026-04-22,024,SAN CRISTÓBAL,SAN CRISTÓBAL,INSTITUTO POLITÉCNICO LOYOLA,EMCI,30.0,20.2,14.2,https://indomet.gob.do/wp-content/uploads/2026/04/Temperaturas-extremas-y-precipitaciones-22-de-Abril-2026.pdf
2026-04-22,025,JIMANÍ,INDEPENDENCIA,MINISTERIO DE AGRICULTURA,EMCI,33.0,21.5,12.9,https://indomet.gob.do/wp-content/uploads/2026/04/Temperaturas-extremas-y-precipitaciones-22-de-Abril-2026.pdf
2026-04-22,026,SABANA DE LA MAR,HATO MAYOR,INDOMET,EMCI,30.4,20.0,11.5,https://indomet.gob.do/wp-content/uploads/2026/04/Temperaturas-extremas-y-precipitaciones-22-de-Abril-2026.pdf
2026-04-22,027,ELÍAS PIÑA,ELÍAS PIÑA,MINISTERIO DE AGRICULTURA,EMCV,,,10.1,https://indomet.gob.do/wp-content/uploads/2026/04/Temperaturas-extremas-y-precipitaciones-22-de-Abril-2026.pdf
2026-04-22,028,BONAO,MONSEÑOR NOUEL,MINISTERIO DE AGRICULTURA,EMCV,,,8.1,https://indomet.gob.do/wp-content/uploads/2026/04/Temperaturas-extremas-y-precipitaciones-22-de-Abril-2026.pdf
2026-04-22,029,GURABO,SANTIAGO,MINISTERIO DE AGRICULTURA,EMCV,,,7.6,https://indomet.gob.do/wp-content/uploads/2026/04/Temperaturas-extremas-y-precipitaciones-22-de-Abril-2026.pdf
2026-04-22,030,JARDÍN BOTÁNICO SANTIAGO (EMSANTIAGO,,JARDIN BOTANICO SANTIAGO,EMAI,,,6.8,https://indomet.gob.do/wp-content/uploads/2026/04/Temperaturas-extremas-y-precipitaciones-22-de-Abril-2026.pdf
2026-04-22,031,HONDO VALLE,ELÍAS PIÑA,MINISTERIO DE AGRICULTURA,EMCI,25.2,15.1,6.6,https://indomet.gob.do/wp-content/uploads/2026/04/Temperaturas-extremas-y-precipitaciones-22-de-Abril-2026.pdf
2026-04-22,032,EL FACTOR (EMA),MARÍA TRINIDAD SÁNCHEZ,INTEC,EMAP,28.3,21.8,5.1,https://indomet.gob.do/wp-content/uploads/2026/04/Temperaturas-extremas-y-precipitaciones-22-de-Abril-2026.pdf
2026-04-22,033,TAMBORIL,SANTIAGO,MINISTERIO DE AGRICULTURA,EMCV,,,4.8,https://indomet.gob.do/wp-content/uploads/2026/04/Temperaturas-extremas-y-precipitaciones-22-de-Abril-2026.pdf
2026-04-22,034,RÍO SAN JUAN,MARÍA TRINIDAD SÁNCHEZ,HOSP. MPAL. DR. DESIDERIO ACOSTA,EMCV,28.0,22.5,4.8,https://indomet.gob.do/wp-content/uploads/2026/04/Temperaturas-extremas-y-precipitaciones-22-de-Abril-2026.pdf
2026-04-22,035,SALCEDO,HERMANAS MIRABAL,PROPIEDAD DEL EMPLEADO,EMCI,,,4.5,https://indomet.gob.do/wp-content/uploads/2026/04/Temperaturas-extremas-y-precipitaciones-22-de-Abril-2026.pdf
2026-04-22,036,HATO MAYOR,HATO MAYOR,MINISTERIO DE AGRICULTURA,EMCV,,,4.3,https://indomet.gob.do/wp-content/uploads/2026/04/Temperaturas-extremas-y-precipitaciones-22-de-Abril-2026.pdf
2026-04-22,037,PERALTA,AZUA,HOSP. MPAL. DE PERALTA,EMCI,28.5,19.8,4.0,https://indomet.gob.do/wp-content/uploads/2026/04/Temperaturas-extremas-y-precipitaciones-22-de-Abril-2026.pdf
2026-04-22,038,PRESA DE TAVERAS (EMA),LA VEGA,PROGRAMA MUNDIAL DE ALIMENTO,EMAP,28.2,20.4,4.0,https://indomet.gob.do/wp-content/uploads/2026/04/Temperaturas-extremas-y-precipitaciones-22-de-Abril-2026.pdf
2026-04-22,039,ALTAMIRA,PUERTO PLATA,HOSP. MPAL. DE ALTAMIRA,EMCI,27.3,20.6,3.6,https://indomet.gob.do/wp-content/uploads/2026/04/Temperaturas-extremas-y-precipitaciones-22-de-Abril-2026.pdf
2026-04-22,040,ARPT. DEL CIBAO,SANTIAGO,INDOMET,EMCI,31.5,21.4,3.2,https://indomet.gob.do/wp-content/uploads/2026/04/Temperaturas-extremas-y-precipitaciones-22-de-Abril-2026.pdf
2026-04-22,041,SAN FRANCISCO DE MACORÍS,DUARTE,San Francisco de Macorís (UASD),EMCI,31.4,20.8,3.0,https://indomet.gob.do/wp-content/uploads/2026/04/Temperaturas-extremas-y-precipitaciones-22-de-Abril-2026.pdf
2026-04-22,042,GASPAR HERNÁNDEZ,ESPAILLAT,PROPIEDAD DEL EMPLEADO,EMCI,,,2.4,https://indomet.gob.do/wp-content/uploads/2026/04/Temperaturas-extremas-y-precipitaciones-22-de-Abril-2026.pdf
2026-04-22,043,PADRE LAS CASAS,AZUA,HOSP. NTRA. SRA. DEL CARMEN,EMCI,31.1,20.2,2.2,https://indomet.gob.do/wp-content/uploads/2026/04/Temperaturas-extremas-y-precipitaciones-22-de-Abril-2026.pdf
2026-04-22,044,DAJABÓN,DAJABÓN,INSTITUTO POLITÉCNICO LOYOLA,EMCI,33.8,18.9,2.1,https://indomet.gob.do/wp-content/uploads/2026/04/Temperaturas-extremas-y-precipitaciones-22-de-Abril-2026.pdf
2026-04-22,045,VILLA RIVA,DUARTE,HOSP. MPAL. ALICIA DE LEGENDRE,EMCI,27.7,21.2,1.5,https://indomet.gob.do/wp-content/uploads/2026/04/Temperaturas-extremas-y-precipitaciones-22-de-Abril-2026.pdf
2026-04-22,046,EL CERCADO,SAN JUAN,MINISTERIO DE AGRICULTURA,EMCV,,,1.4,https://indomet.gob.do/wp-content/uploads/2026/04/Temperaturas-extremas-y-precipitaciones-22-de-Abril-2026.pdf
2026-04-22,047,JARABACOA (EMA),LA VEGA,PROGRAMA MUNDIAL DE ALIMENTO,EMAP,27.2,18.6,1.4,https://indomet.gob.do/wp-content/uploads/2026/04/Temperaturas-extremas-y-precipitaciones-22-de-Abril-2026.pdf
2026-04-22,048,JARABACOA,LA VEGA,INDRHI / MARENA,EMCI,28.6,15.2,1.3,https://indomet.gob.do/wp-content/uploads/2026/04/Temperaturas-extremas-y-precipitaciones-22-de-Abril-2026.pdf
2026-04-22,049,LOS CACICAZGOS (EMA),DISTRITO NACIONAL,PRIVADA,EMAP,,,1.3,https://indomet.gob.do/wp-content/uploads/2026/04/Temperaturas-extremas-y-precipitaciones-22-de-Abril-2026.pdf
2026-04-22,050,OVIEDO,PEDERNALES,CLÍNICA RURAL OVIEDO,EMCI,30.5,20.0,1.2,https://indomet.gob.do/wp-content/uploads/2026/04/Temperaturas-extremas-y-precipitaciones-22-de-Abril-2026.pdf
2026-04-22,051,ARROYO LORO,SAN JUAN,IDIAF,EMCI,33.1,18.7,0.9,https://indomet.gob.do/wp-content/uploads/2026/04/Temperaturas-extremas-y-precipitaciones-22-de-Abril-2026.pdf
2026-04-22,052,JUMA BEJUCAL,MONSEÑOR NOUEL,IDIAF,EMCV,30.4,21.8,0.8,https://indomet.gob.do/wp-content/uploads/2026/04/Temperaturas-extremas-y-precipitaciones-22-de-Abril-2026.pdf
2026-04-22,053,ARPT. DE LAS AMÉRICAS,SANTO DOMINGO,INDOMET,EMCI,29.4,21.6,0.7,https://indomet.gob.do/wp-content/uploads/2026/04/Temperaturas-extremas-y-precipitaciones-22-de-Abril-2026.pdf
2026-04-22,054,POLO,BARAHONA,INDOCAFE,EMCI,26.0,17.5,0.6,https://indomet.gob.do/wp-content/uploads/2026/04/Temperaturas-extremas-y-precipitaciones-22-de-Abril-2026.pdf
2026-04-22,055,ARPT. EL CATEY,SAMANÁ,INDOMET,EMCI,26.6,20.0,0.5,https://indomet.gob.do/wp-content/uploads/2026/04/Temperaturas-extremas-y-precipitaciones-22-de-Abril-2026.pdf
2026-04-22,056,ARPT. LA ISABELA,SANTO DOMINGO,INDOMET,EMCI,31.4,21.0,0.5,https://indomet.gob.do/wp-content/uploads/2026/04/Temperaturas-extremas-y-precipitaciones-22-de-Abril-2026.pdf
2026-04-22,057,ARPT. MARÍA MONTEZ,BARAHONA,INDOMET,EMCI,30.6,23.4,0.3,https://indomet.gob.do/wp-content/uploads/2026/04/Temperaturas-extremas-y-precipitaciones-22-de-Abril-2026.pdf
2026-04-22,058,LA VEGA,LA VEGA,IATESA,EMCI,30.0,21.5,0.3,https://indomet.gob.do/wp-content/uploads/2026/04/Temperaturas-extremas-y-precipitaciones-22-de-Abril-2026.pdf
2026-04-22,059,MONCIÓN (EMA),SANTIAGO RODRÍGUEZ,PROGRAMA MUNDIAL DE ALIMENTO,EMAP,28.1,20.8,0.2,https://indomet.gob.do/wp-content/uploads/2026/04/Temperaturas-extremas-y-precipitaciones-22-de-Abril-2026.pdf
2026-04-22,060,ENRIQUILLO,BARAHONA,MINISTERIO DE AGRICULTURA,EMCV,30.5,19.5,0.1,https://indomet.gob.do/wp-content/uploads/2026/04/Temperaturas-extremas-y-precipitaciones-22-de-Abril-2026.pdf
2026-04-22,061,PROLONGACION 27 DE FEBRERO,DISTRITO NACIONAL,PRIVADA,EMAP,,,0.1,https://indomet.gob.do/wp-content/uploads/2026/04/Temperaturas-extremas-y-precipitaciones-22-de-Abril-2026.pdf
2026-04-22,062,TÁBARA ABAJO,AZUA,INDRHI,EMCI,,,0.1,https://indomet.gob.do/wp-content/uploads/2026/04/Temperaturas-extremas-y-precipitaciones-22-de-Abril-2026.pdf
2026-04-22,063,ANAMUYA (EMA),LA ALTAGRACIA,MINISTERIO DE AGRICULTURA,EMAP,30.9,21.3,0.0,https://indomet.gob.do/wp-content/uploads/2026/04/Temperaturas-extremas-y-precipitaciones-22-de-Abril-2026.pdf
2026-04-22,064,ARPT. DE LA ROMANA,LA ROMANA,INDOMET,EMCI,30.7,19.0,0.0,https://indomet.gob.do/wp-content/uploads/2026/04/Temperaturas-extremas-y-precipitaciones-22-de-Abril-2026.pdf
2026-04-22,065,ARPT. DE PUNTA CANA,LA ALTAGRACIA,INDOMET,EMCI,30.2,22.4,0.0,https://indomet.gob.do/wp-content/uploads/2026/04/Temperaturas-extremas-y-precipitaciones-22-de-Abril-2026.pdf
2026-04-22,066,BASE AÉREA DE SAN ISIDRO,SANTO DOMINGO,FUERZA AÉREA DOMINICANA,EMCV,30.5,22.3,0.0,https://indomet.gob.do/wp-content/uploads/2026/04/Temperaturas-extremas-y-precipitaciones-22-de-Abril-2026.pdf
2026-04-22,067,BAYAGUANA,MONTE PLATA,INDOMET,EMCI,30.8,21.0,0.0,https://indomet.gob.do/wp-content/uploads/2026/04/Temperaturas-extremas-y-precipitaciones-22-de-Abril-2026.pdf
2026-04-22,068,BELLA VISTA (EMA),DISTRITO NACIONAL,PRIVADA,EMAP,,,0.0,https://indomet.gob.do/wp-content/uploads/2026/04/Temperaturas-extremas-y-precipitaciones-22-de-Abril-2026.pdf
2026-04-22,069,BOCA DE MAO (EMA),VALVERDE,MINISTERIO DE AGRICULTURA,EMAP,30.7,22.2,0.0,https://indomet.gob.do/wp-content/uploads/2026/04/Temperaturas-extremas-y-precipitaciones-22-de-Abril-2026.pdf
2026-04-22,070,CENTRO DE LOS HEROES (EMA),DISTRITO NACIONAL,MINISTERIO DE ENERGIA Y MINA,EMAP,30.7,24.7,0.0,https://indomet.gob.do/wp-content/uploads/2026/04/Temperaturas-extremas-y-precipitaciones-22-de-Abril-2026.pdf
2026-04-22,071,EL MILLON (EMA),DISTRITO NACIONAL,PRIVADA,EMAP,,,0.0,https://indomet.gob.do/wp-content/uploads/2026/04/Temperaturas-extremas-y-precipitaciones-22-de-Abril-2026.pdf
2026-04-22,072,JARDÍN BOTÁNICO NACIONAL,DISTRITO NACIONAL,JARDÍN BOTÁNICO NACIONAL,EMCV,31.3,21.1,0.0,https://indomet.gob.do/wp-content/uploads/2026/04/Temperaturas-extremas-y-precipitaciones-22-de-Abril-2026.pdf
2026-04-22,073,LA AGUSTINA (EMA),DISTRITO NACIONAL,PRIVADA,EMAP,,,0.0,https://indomet.gob.do/wp-content/uploads/2026/04/Temperaturas-extremas-y-precipitaciones-22-de-Abril-2026.pdf
2026-04-22,074,LA VICTORIA,SANTO DOMINGO,CUERPO DE BOMBEROS,EMCI,32.5,22.0,0.0,https://indomet.gob.do/wp-content/uploads/2026/04/Temperaturas-extremas-y-precipitaciones-22-de-Abril-2026.pdf
2026-04-22,075,LOS LLANOS,SAN PEDRO DE MACORÍS,MINISTERIO DE AGRICULTURA,EMCI,31.5,21.5,0.0,https://indomet.gob.do/wp-content/uploads/2026/04/Temperaturas-extremas-y-precipitaciones-22-de-Abril-2026.pdf
2026-04-22,076,LOS PRADOS (EMA),DISTRITO NACIONAL,PRIVADA,EMAP,,,0.0,https://indomet.gob.do/wp-content/uploads/2026/04/Temperaturas-extremas-y-precipitaciones-22-de-Abril-2026.pdf
2026-04-22,077,MAO,VALVERDE,INDRHI / MINISTERIO DE AGRICULTURA,EMCV,,,0.0,https://indomet.gob.do/wp-content/uploads/2026/04/Temperaturas-extremas-y-precipitaciones-22-de-Abril-2026.pdf
2026-04-22,078,MICHES (EMA),EL SEIBO,PRIVADA,EMAP,29.8,21.9,0.0,https://indomet.gob.do/wp-content/uploads/2026/04/Temperaturas-extremas-y-precipitaciones-22-de-Abril-2026.pdf
2026-04-22,079,NAVARRETE,SANTIAGO,MINISTERIO DE AGRICULTURA,EMCV,,,0.0,https://indomet.gob.do/wp-content/uploads/2026/04/Temperaturas-extremas-y-precipitaciones-22-de-Abril-2026.pdf
2026-04-22,080,PESCADERIA (EMA),BARAHONA,MINISTERIO DE AGRICULTURA,EMAP,,,0.0,https://indomet.gob.do/wp-content/uploads/2026/04/Temperaturas-extremas-y-precipitaciones-22-de-Abril-2026.pdf
2026-04-22,081,PONTÓN ABAJO (EMA),LA VEGA,MINISTERIO DE AGRICULTURA,EMAP,30.3,22.4,0.0,https://indomet.gob.do/wp-content/uploads/2026/04/Temperaturas-extremas-y-precipitaciones-22-de-Abril-2026.pdf
2026-04-22,082,RESTAURACIÓN,DAJABÓN,MINISTERIO DE AGRICULTURA,EMCI,30.1,17.2,0.0,https://indomet.gob.do/wp-content/uploads/2026/04/Temperaturas-extremas-y-precipitaciones-22-de-Abril-2026.pdf
2026-04-22,083,SABANETA (EMA),SANTIAGO RODRÍGUEZ,PROGRAMA MUNDIAL DE ALIMENTO,EMAP,32.1,22.6,0.0,https://indomet.gob.do/wp-content/uploads/2026/04/Temperaturas-extremas-y-precipitaciones-22-de-Abril-2026.pdf
2026-04-22,084,SAJOMA (EMA),SANTIAGO,PLAN SIERRA,EMAI,30.2,22.0,0.0,https://indomet.gob.do/wp-content/uploads/2026/04/Temperaturas-extremas-y-precipitaciones-22-de-Abril-2026.pdf
2026-04-22,085,SAN RAFAEL DEL YUMA,LA ALTAGRACIA,MINISTERIO DE AGRICULTURA,EMCI,32.6,21.4,0.0,https://indomet.gob.do/wp-content/uploads/2026/04/Temperaturas-extremas-y-precipitaciones-22-de-Abril-2026.pdf
2026-04-22,086,SANTIAGO RODRÍGUEZ,SANTIAGO RODRÍGUEZ,INDOMET,EMCI,32.6,23.0,0.0,https://indomet.gob.do/wp-content/uploads/2026/04/Temperaturas-extremas-y-precipitaciones-22-de-Abril-2026.pdf
2026-04-22,087,SANTO DOMINGO ESTE,SANTO DOMINGO,INDOMET,EMCI,30.2,24.0,0.0,https://indomet.gob.do/wp-content/uploads/2026/04/Temperaturas-extremas-y-precipitaciones-22-de-Abril-2026.pdf
2026-04-22,088,VILLA ALTAGRACIA,SAN CRISTÓBAL,ESCUELA JAVIER ANGULO GURIDI,EMCI,,,0.0,https://indomet.gob.do/wp-content/uploads/2026/04/Temperaturas-extremas-y-precipitaciones-22-de-Abril-2026.pdf
2026-04-22,089,VILLA GONZALES,SANTIAGO,MINISTERIO DE AGRICULTURA,EMCI,,,0.0,https://indomet.gob.do/wp-content/uploads/2026/04/Temperaturas-extremas-y-precipitaciones-22-de-Abril-2026.pdf
2026-04-23,001,SAMANÁ,SAMANÁ,COMANDANCIA DE PUERTO DE SAMANÁ,EMCI,29.4,17.0,112.4,https://indomet.gob.do/wp-content/uploads/2026/04/temperaturas-extremas-y-precipitaciones-2026x04x23-a.pdf
2026-04-23,002,CABRERA,MARÍA TRINIDAD SÁNCHEZ,ESCUELA ARÍSTIDES FIALLO CABRAL,EMCI,29.5,22.5,63.0,https://indomet.gob.do/wp-content/uploads/2026/04/temperaturas-extremas-y-precipitaciones-2026x04x23-a.pdf
2026-04-23,003,BUCARA (EMA),SANTIAGO,MINISTERIO DE AGRICULTURA,EMAI,,,60.6,https://indomet.gob.do/wp-content/uploads/2026/04/temperaturas-extremas-y-precipitaciones-2026x04x23-a.pdf
2026-04-23,004,ELÍAS PIÑA,ELÍAS PIÑA,MINISTERIO DE AGRICULTURA,EMCV,,,54.8,https://indomet.gob.do/wp-content/uploads/2026/04/temperaturas-extremas-y-precipitaciones-2026x04x23-a.pdf
2026-04-23,005,ALTAMIRA,PUERTO PLATA,HOSP. MPAL. DE ALTAMIRA,EMCI,27.4,21.0,51.9,https://indomet.gob.do/wp-content/uploads/2026/04/temperaturas-extremas-y-precipitaciones-2026x04x23-a.pdf
2026-04-23,006,EL SEIBO,EL SEIBO,MINISTERIO DE AGRICULTURA,EMCV,,,45.2,https://indomet.gob.do/wp-content/uploads/2026/04/temperaturas-extremas-y-precipitaciones-2026x04x23-a.pdf
2026-04-23,007,SABANA DE LA MAR,HATO MAYOR,INDOMET,EMCI,28.6,21.4,35.6,https://indomet.gob.do/wp-content/uploads/2026/04/temperaturas-extremas-y-precipitaciones-2026x04x23-a.pdf
2026-04-23,008,VILLA VASQUEZ (EMA),MONTE CRISTI,JUNTA DE REGANTES,EMAI,,,35.4,https://indomet.gob.do/wp-content/uploads/2026/04/temperaturas-extremas-y-precipitaciones-2026x04x23-a.pdf
2026-04-23,009,ARPT. ARROYO BARRIL,SAMANÁ,INDOMET,EMCI,28.9,21.7,31.8,https://indomet.gob.do/wp-content/uploads/2026/04/temperaturas-extremas-y-precipitaciones-2026x04x23-a.pdf
2026-04-23,010,VILLA ISABELA,PUERTO PLATA,MINISTERIO DE AGRICULTURA,EMCV,30.0,20.0,25.5,https://indomet.gob.do/wp-content/uploads/2026/04/temperaturas-extremas-y-precipitaciones-2026x04x23-a.pdf
2026-04-23,011,HATO MAYOR,HATO MAYOR,MINISTERIO DE AGRICULTURA,EMCV,,,24.6,https://indomet.gob.do/wp-content/uploads/2026/04/temperaturas-extremas-y-precipitaciones-2026x04x23-a.pdf
2026-04-23,012,BONAO,MONSEÑOR NOUEL,MINISTERIO DE AGRICULTURA,EMCV,,,22.4,https://indomet.gob.do/wp-content/uploads/2026/04/temperaturas-extremas-y-precipitaciones-2026x04x23-a.pdf
2026-04-23,013,ARPT. GREGORIO LUPERÓN,PUERTO PLATA,INDOMET,EMCI,27.0,20.7,18.2,https://indomet.gob.do/wp-content/uploads/2026/04/temperaturas-extremas-y-precipitaciones-2026x04x23-a.pdf
2026-04-23,014,SANTIAGO RODRÍGUEZ,SANTIAGO RODRÍGUEZ,INDOMET,EMCI,31.5,22.0,16.2,https://indomet.gob.do/wp-content/uploads/2026/04/temperaturas-extremas-y-precipitaciones-2026x04x23-a.pdf
2026-04-23,015,LUPERÓN,PUERTO PLATA,MINISTERIO DE AGRICULTURA,EMCV,,,16.1,https://indomet.gob.do/wp-content/uploads/2026/04/temperaturas-extremas-y-precipitaciones-2026x04x23-a.pdf
2026-04-23,016,VILLA ALTAGRACIA,SAN CRISTÓBAL,ESCUELA JAVIER ANGULO GURIDI,EMCI,,,15.6,https://indomet.gob.do/wp-content/uploads/2026/04/temperaturas-extremas-y-precipitaciones-2026x04x23-a.pdf
2026-04-23,017,PALO ÍNDIO,PUERTO PLATA,MINISTERIO DE AGRICULTURA,EMCI,,,15.5,https://indomet.gob.do/wp-content/uploads/2026/04/temperaturas-extremas-y-precipitaciones-2026x04x23-a.pdf
2026-04-23,018,SABANETA (EMA),SANTIAGO RODRÍGUEZ,PROGRAMA MUNDIAL DE ALIMENTO,EMAP,31.0,21.4,13.8,https://indomet.gob.do/wp-content/uploads/2026/04/temperaturas-extremas-y-precipitaciones-2026x04x23-a.pdf
2026-04-23,019,SAJOMA (EMA),SANTIAGO,PLAN SIERRA,EMAI,,,13.2,https://indomet.gob.do/wp-content/uploads/2026/04/temperaturas-extremas-y-precipitaciones-2026x04x23-a.pdf
2026-04-23,020,BAYAGUANA,MONTE PLATA,INDOMET,EMCI,31.6,21.1,12.7,https://indomet.gob.do/wp-content/uploads/2026/04/temperaturas-extremas-y-precipitaciones-2026x04x23-a.pdf
2026-04-23,021,ESCONDIDO,PERAVIA,MINISTERIO DE AGRICULTURA,EMCV,30.0,22.0,12.2,https://indomet.gob.do/wp-content/uploads/2026/04/temperaturas-extremas-y-precipitaciones-2026x04x23-a.pdf
2026-04-23,022,VILLA RIVA,DUARTE,HOSP. MPAL. ALICIA DE LEGENDRE,EMCI,28.3,20.4,11.9,https://indomet.gob.do/wp-content/uploads/2026/04/temperaturas-extremas-y-precipitaciones-2026x04x23-a.pdf
2026-04-23,023,HONDO VALLE,ELÍAS PIÑA,MINISTERIO DE AGRICULTURA,EMCI,24.8,14.6,9.7,https://indomet.gob.do/wp-content/uploads/2026/04/temperaturas-extremas-y-precipitaciones-2026x04x23-a.pdf
2026-04-23,024,ARPT. MARÍA MONTEZ,BARAHONA,INDOMET,EMCI,28.8,21.2,9.6,https://indomet.gob.do/wp-content/uploads/2026/04/temperaturas-extremas-y-precipitaciones-2026x04x23-a.pdf
2026-04-23,025,MONTE CRISTI,MONTE CRISTI,INDOMET,EMCI,28.8,21.2,9.6,https://indomet.gob.do/wp-content/uploads/2026/04/temperaturas-extremas-y-precipitaciones-2026x04x23-a.pdf
2026-04-23,026,VALLE NUEVO (EMA),LA VEGA,MARENA,EMAI,,10.8,9.0,https://indomet.gob.do/wp-content/uploads/2026/04/temperaturas-extremas-y-precipitaciones-2026x04x23-a.pdf
2026-04-23,027,EL FACTOR (EMA),MARÍA TRINIDAD SÁNCHEZ,INTEC,EMAP,29.8,22.0,8.4,https://indomet.gob.do/wp-content/uploads/2026/04/temperaturas-extremas-y-precipitaciones-2026x04x23-a.pdf
2026-04-23,028,PRESA DE TAVERAS (EMA),LA VEGA,PROGRAMA MUNDIAL DE ALIMENTO,EMAP,28.1,20.7,8.2,https://indomet.gob.do/wp-content/uploads/2026/04/temperaturas-extremas-y-precipitaciones-2026x04x23-a.pdf
2026-04-23,029,LOS LLANOS,SAN PEDRO DE MACORÍS,MINISTERIO DE AGRICULTURA,EMCI,31.8,22.0,7.2,https://indomet.gob.do/wp-content/uploads/2026/04/temperaturas-extremas-y-precipitaciones-2026x04x23-a.pdf
2026-04-23,030,PONTÓN ABAJO (EMA),LA VEGA,MINISTERIO DE AGRICULTURA,EMAP,30.5,22.7,7.2,https://indomet.gob.do/wp-content/uploads/2026/04/temperaturas-extremas-y-precipitaciones-2026x04x23-a.pdf
2026-04-23,031,SALCEDO,HERMANAS MIRABAL,PROPIEDAD DEL EMPLEADO,EMCI,,,7.0,https://indomet.gob.do/wp-content/uploads/2026/04/temperaturas-extremas-y-precipitaciones-2026x04x23-a.pdf
2026-04-23,032,TÁBARA ABAJO,AZUA,INDRHI,EMCI,30.0,18.5,6.4,https://indomet.gob.do/wp-content/uploads/2026/04/temperaturas-extremas-y-precipitaciones-2026x04x23-a.pdf
2026-04-23,033,LAS CANAS (EMA),MONTE CRISTI,PROGRAMA MUNDIAL DE ALIMENTO,EMAP,25.7,21.6,6.2,https://indomet.gob.do/wp-content/uploads/2026/04/temperaturas-extremas-y-precipitaciones-2026x04x23-a.pdf
2026-04-23,034,RÍO SAN JUAN,MARÍA TRINIDAD SÁNCHEZ,HOSP. MPAL. DR. DESIDERIO ACOSTA,EMCV,27.5,23.0,6.0,https://indomet.gob.do/wp-content/uploads/2026/04/temperaturas-extremas-y-precipitaciones-2026x04x23-a.pdf
2026-04-23,035,CONSTANZA,LA VEGA,MINISTERIO DE AGRICULTURA,EMCI,26.8,14.3,5.6,https://indomet.gob.do/wp-content/uploads/2026/04/temperaturas-extremas-y-precipitaciones-2026x04x23-a.pdf
2026-04-23,036,CONSTANZA (EMA),LA VEGA,PROGRAMA MUNDIAL DE ALIMENTO,EMAP,25.1,15.6,5.2,https://indomet.gob.do/wp-content/uploads/2026/04/temperaturas-extremas-y-precipitaciones-2026x04x23-a.pdf
2026-04-23,037,GASPAR HERNÁNDEZ,ESPAILLAT,PROPIEDAD DEL EMPLEADO,EMCI,,,4.8,https://indomet.gob.do/wp-content/uploads/2026/04/temperaturas-extremas-y-precipitaciones-2026x04x23-a.pdf
2026-04-23,038,RANCHO ARRIBA,SAN JOSÉ DE OCOA,CENTRO TECNOLÓGICO COMUNITARIO,EMCI,31.0,17.7,4.5,https://indomet.gob.do/wp-content/uploads/2026/04/temperaturas-extremas-y-precipitaciones-2026x04x23-a.pdf
2026-04-23,039,SAN RAFAEL DEL YUMA,LA ALTAGRACIA,MINISTERIO DE AGRICULTURA,EMCI,33.3,21.3,4.3,https://indomet.gob.do/wp-content/uploads/2026/04/temperaturas-extremas-y-precipitaciones-2026x04x23-a.pdf
2026-04-23,040,POLO,BARAHONA,INDOCAFE,EMCI,28.5,16.0,3.0,https://indomet.gob.do/wp-content/uploads/2026/04/temperaturas-extremas-y-precipitaciones-2026x04x23-a.pdf
2026-04-23,041,JARDÍN BOTÁNICO SANTIAGO (EMSANTIAGO,,JARDIN BOTANICO SANTIAGO,EMAI,,,2.8,https://indomet.gob.do/wp-content/uploads/2026/04/temperaturas-extremas-y-precipitaciones-2026x04x23-a.pdf
2026-04-23,042,SAN JOSÉ DE OCOA,SAN JOSÉ DE OCOA,HOSP. SAN JOSÉ DE OCOA,EMCI,27.6,17.7,2.6,https://indomet.gob.do/wp-content/uploads/2026/04/temperaturas-extremas-y-precipitaciones-2026x04x23-a.pdf
2026-04-23,043,JIMANÍ,INDEPENDENCIA,MINISTERIO DE AGRICULTURA,EMCI,31.8,21.6,2.4,https://indomet.gob.do/wp-content/uploads/2026/04/temperaturas-extremas-y-precipitaciones-2026x04x23-a.pdf
2026-04-23,044,SÁNCHEZ,SAMANÁ,MINISTERIO DE AGRICULTURA,EMCI,29.6,21.4,2.4,https://indomet.gob.do/wp-content/uploads/2026/04/temperaturas-extremas-y-precipitaciones-2026x04x23-a.pdf
2026-04-23,045,SAN FRANCISCO DE MACORÍS,DUARTE,San Francisco de Macorís (UASD),EMCI,29.6,20.9,2.0,https://indomet.gob.do/wp-content/uploads/2026/04/temperaturas-extremas-y-precipitaciones-2026x04x23-a.pdf
2026-04-23,046,ALTO BANDERA (EMA),LA VEGA,INTEC,EMAP,12.0,7.8,2.0,https://indomet.gob.do/wp-content/uploads/2026/04/temperaturas-extremas-y-precipitaciones-2026x04x23-a.pdf
2026-04-23,047,ARPT. DEL CIBAO,SANTIAGO,INDOMET,EMCI,31.5,21.4,1.6,https://indomet.gob.do/wp-content/uploads/2026/04/temperaturas-extremas-y-precipitaciones-2026x04x23-a.pdf
2026-04-23,048,TAMBORIL,SANTIAGO,MINISTERIO DE AGRICULTURA,EMCV,,,1.3,https://indomet.gob.do/wp-content/uploads/2026/04/temperaturas-extremas-y-precipitaciones-2026x04x23-a.pdf
2026-04-23,049,VILLA GONZALES,SANTIAGO,MINISTERIO DE AGRICULTURA,EMCI,,,1.3,https://indomet.gob.do/wp-content/uploads/2026/04/temperaturas-extremas-y-precipitaciones-2026x04x23-a.pdf
2026-04-23,050,JARABACOA,LA VEGA,INDRHI / MARENA,EMCI,28.2,14.6,1.2,https://indomet.gob.do/wp-content/uploads/2026/04/temperaturas-extremas-y-precipitaciones-2026x04x23-a.pdf
2026-04-23,051,ARPT. DE PUNTA CANA,LA ALTAGRACIA,INDOMET,EMCI,30.0,21.7,1.0,https://indomet.gob.do/wp-content/uploads/2026/04/temperaturas-extremas-y-precipitaciones-2026x04x23-a.pdf
2026-04-23,052,CENTRO DE LOS HEROES (EMA),DISTRITO NACIONAL,MINISTERIO DE ENERGIA Y MINA,EMAP,30.0,23.9,1.0,https://indomet.gob.do/wp-content/uploads/2026/04/temperaturas-extremas-y-precipitaciones-2026x04x23-a.pdf
2026-04-23,053,JARABACOA (EMA),LA VEGA,PROGRAMA MUNDIAL DE ALIMENTO,EMAP,26.5,17.4,1.0,https://indomet.gob.do/wp-content/uploads/2026/04/temperaturas-extremas-y-precipitaciones-2026x04x23-a.pdf
2026-04-23,054,ARROYO LORO,SAN JUAN,IDIAF,EMCI,33.2,18.4,0.9,https://indomet.gob.do/wp-content/uploads/2026/04/temperaturas-extremas-y-precipitaciones-2026x04x23-a.pdf
2026-04-23,055,SABANA GRANDE DE BOYÁ,MONTE PLATA,MINISTERIO DE AGRICULTURA,EMCV,,,0.8,https://indomet.gob.do/wp-content/uploads/2026/04/temperaturas-extremas-y-precipitaciones-2026x04x23-a.pdf
2026-04-23,056,LA VEGA,LA VEGA,IATESA,EMCI,30.5,22.5,0.7,https://indomet.gob.do/wp-content/uploads/2026/04/temperaturas-extremas-y-precipitaciones-2026x04x23-a.pdf
2026-04-23,057,LA VICTORIA,SANTO DOMINGO,CUERPO DE BOMBEROS,EMCI,33.0,22.5,0.5,https://indomet.gob.do/wp-content/uploads/2026/04/temperaturas-extremas-y-precipitaciones-2026x04x23-a.pdf
2026-04-23,058,ARPT. DE LA ROMANA,LA ROMANA,INDOMET,EMCI,31.3,19.7,0.4,https://indomet.gob.do/wp-content/uploads/2026/04/temperaturas-extremas-y-precipitaciones-2026x04x23-a.pdf
2026-04-23,059,PADRE LAS CASAS,AZUA,HOSP. NTRA. SRA. DEL CARMEN,EMCI,30.1,20.2,0.4,https://indomet.gob.do/wp-content/uploads/2026/04/temperaturas-extremas-y-precipitaciones-2026x04x23-a.pdf
2026-04-23,060,ARPT. EL CATEY,SAMANÁ,INDOMET,EMCI,29.4,20.5,0.3,https://indomet.gob.do/wp-content/uploads/2026/04/temperaturas-extremas-y-precipitaciones-2026x04x23-a.pdf
2026-04-23,061,BELLA VISTA (EMA),DISTRITO NACIONAL,PRIVADA,EMAP,,,0.3,https://indomet.gob.do/wp-content/uploads/2026/04/temperaturas-extremas-y-precipitaciones-2026x04x23-a.pdf
2026-04-23,062,MICHES (EMA),EL SEIBO,PRIVADA,EMAP,30.0,22.5,0.2,https://indomet.gob.do/wp-content/uploads/2026/04/temperaturas-extremas-y-precipitaciones-2026x04x23-a.pdf
2026-04-23,063,MONCIÓN (EMA),SANTIAGO RODRÍGUEZ,PROGRAMA MUNDIAL DE ALIMENTO,EMAP,27.3,19.4,0.2,https://indomet.gob.do/wp-content/uploads/2026/04/temperaturas-extremas-y-precipitaciones-2026x04x23-a.pdf
2026-04-23,064,OVIEDO,PEDERNALES,CLÍNICA RURAL OVIEDO,EMCI,30.5,21.0,0.2,https://indomet.gob.do/wp-content/uploads/2026/04/temperaturas-extremas-y-precipitaciones-2026x04x23-a.pdf
2026-04-23,065,SANTO DOMINGO ESTE,SANTO DOMINGO,INDOMET,EMCI,30.4,23.5,0.2,https://indomet.gob.do/wp-content/uploads/2026/04/temperaturas-extremas-y-precipitaciones-2026x04x23-a.pdf
2026-04-23,066,GURABO,SANTIAGO,MINISTERIO DE AGRICULTURA,EMCV,,,0.2,https://indomet.gob.do/wp-content/uploads/2026/04/temperaturas-extremas-y-precipitaciones-2026x04x23-a.pdf
2026-04-23,067,JARDÍN BOTÁNICO NACIONAL,DISTRITO NACIONAL,JARDÍN BOTÁNICO NACIONAL,EMCV,31.6,18.8,0.1,https://indomet.gob.do/wp-content/uploads/2026/04/temperaturas-extremas-y-precipitaciones-2026x04x23-a.pdf
2026-04-23,068,PERALTA,AZUA,HOSP. MPAL. DE PERALTA,EMCI,30.2,18.8,0.1,https://indomet.gob.do/wp-content/uploads/2026/04/temperaturas-extremas-y-precipitaciones-2026x04x23-a.pdf
2026-04-23,069,ANAMUYA (EMA),LA ALTAGRACIA,MINISTERIO DE AGRICULTURA,EMAP,30.1,21.7,0.0,https://indomet.gob.do/wp-content/uploads/2026/04/temperaturas-extremas-y-precipitaciones-2026x04x23-a.pdf
2026-04-23,070,ARPT. DE LAS AMÉRICAS,SANTO DOMINGO,INDOMET,EMCI,29.7,22.2,0.0,https://indomet.gob.do/wp-content/uploads/2026/04/temperaturas-extremas-y-precipitaciones-2026x04x23-a.pdf
2026-04-23,071,ARPT. LA ISABELA,SANTO DOMINGO,INDOMET,EMCI,32.0,20.5,0.0,https://indomet.gob.do/wp-content/uploads/2026/04/temperaturas-extremas-y-precipitaciones-2026x04x23-a.pdf
2026-04-23,072,BANI (EMA),PERAVIA,MINISTERIO DE AGRICULTURA,EMAP,29.7,22.7,0.0,https://indomet.gob.do/wp-content/uploads/2026/04/temperaturas-extremas-y-precipitaciones-2026x04x23-a.pdf
2026-04-23,073,BASE AÉREA DE SAN ISIDRO,SANTO DOMINGO,FUERZA AÉREA DOMINICANA,EMCV,30.0,22.4,0.0,https://indomet.gob.do/wp-content/uploads/2026/04/temperaturas-extremas-y-precipitaciones-2026x04x23-a.pdf
2026-04-23,074,BOCA DE MAO (EMA),VALVERDE,MINISTERIO DE AGRICULTURA,EMAP,30.7,22.0,0.0,https://indomet.gob.do/wp-content/uploads/2026/04/temperaturas-extremas-y-precipitaciones-2026x04x23-a.pdf
2026-04-23,075,CABRAL,BARAHONA,MINISTERIO DE AGRICULTURA,EMCV,29.8,21.7,0.0,https://indomet.gob.do/wp-content/uploads/2026/04/temperaturas-extremas-y-precipitaciones-2026x04x23-a.pdf
2026-04-23,076,DAJABÓN,DAJABÓN,INSTITUTO POLITÉCNICO LOYOLA,EMCI,27.5,23.0,0.0,https://indomet.gob.do/wp-content/uploads/2026/04/temperaturas-extremas-y-precipitaciones-2026x04x23-a.pdf
2026-04-23,077,EL MILLON (EMA),DISTRITO NACIONAL,PRIVADA,EMAP,,,0.0,https://indomet.gob.do/wp-content/uploads/2026/04/temperaturas-extremas-y-precipitaciones-2026x04x23-a.pdf
2026-04-23,078,ENRIQUILLO,BARAHONA,MINISTERIO DE AGRICULTURA,EMCV,30.8,20.5,0.0,https://indomet.gob.do/wp-content/uploads/2026/04/temperaturas-extremas-y-precipitaciones-2026x04x23-a.pdf
2026-04-23,079,LA AGUSTINA (EMA),DISTRITO NACIONAL,PRIVADA,EMAP,,,0.0,https://indomet.gob.do/wp-content/uploads/2026/04/temperaturas-extremas-y-precipitaciones-2026x04x23-a.pdf
2026-04-23,080,LOS CACICAZGOS (EMA),DISTRITO NACIONAL,PRIVADA,EMAP,,,0.0,https://indomet.gob.do/wp-content/uploads/2026/04/temperaturas-extremas-y-precipitaciones-2026x04x23-a.pdf
2026-04-23,081,LOS JARDINES (EMA),DISTRITO NACIONAL,PRIVADA,EMAP,,,0.0,https://indomet.gob.do/wp-content/uploads/2026/04/temperaturas-extremas-y-precipitaciones-2026x04x23-a.pdf
2026-04-23,082,LOS PRADOS (EMA),DISTRITO NACIONAL,PRIVADA,EMAP,,,0.0,https://indomet.gob.do/wp-content/uploads/2026/04/temperaturas-extremas-y-precipitaciones-2026x04x23-a.pdf
2026-04-23,083,MAO,VALVERDE,INDRHI / MINISTERIO DE AGRICULTURA,EMCV,,,0.0,https://indomet.gob.do/wp-content/uploads/2026/04/temperaturas-extremas-y-precipitaciones-2026x04x23-a.pdf
2026-04-23,084,NAVARRETE,SANTIAGO,MINISTERIO DE AGRICULTURA,EMCV,,,0.0,https://indomet.gob.do/wp-content/uploads/2026/04/temperaturas-extremas-y-precipitaciones-2026x04x23-a.pdf
2026-04-23,085,LOS COCOS (EMA),BAHORUCO,PRIVADA,EMAP,,,0.0,https://indomet.gob.do/wp-content/uploads/2026/04/temperaturas-extremas-y-precipitaciones-2026x04x23-a.pdf
2026-04-23,086,OLIVARES,PEDERNALES,INDRHI,EMCI,,,0.0,https://indomet.gob.do/wp-content/uploads/2026/04/temperaturas-extremas-y-precipitaciones-2026x04x23-a.pdf
2026-04-23,087,PEDERNALES,PEDERNALES,INDRHI,EMCI,,,0.0,https://indomet.gob.do/wp-content/uploads/2026/04/temperaturas-extremas-y-precipitaciones-2026x04x23-a.pdf
2026-04-23,088,PESCADERIA (EMA),BARAHONA,MINISTERIO DE AGRICULTURA,EMAP,,,0.0,https://indomet.gob.do/wp-content/uploads/2026/04/temperaturas-extremas-y-precipitaciones-2026x04x23-a.pdf
2026-04-23,089,PROLONGACION 27 DE FEBRERO,DISTRITO NACIONAL,PRIVADA,EMAP,,,0.0,https://indomet.gob.do/wp-content/uploads/2026/04/temperaturas-extremas-y-precipitaciones-2026x04x23-a.pdf
2026-04-23,090,RESTAURACIÓN,DAJABÓN,MINISTERIO DE AGRICULTURA,EMCI,30.9,17.8,0.0,https://indomet.gob.do/wp-content/uploads/2026/04/temperaturas-extremas-y-precipitaciones-2026x04x23-a.pdf
2026-04-23,091,SAN CRISTÓBAL,SAN CRISTÓBAL,INSTITUTO POLITÉCNICO LOYOLA,EMCI,31.0,21.2,0.0,https://indomet.gob.do/wp-content/uploads/2026/04/temperaturas-extremas-y-precipitaciones-2026x04x23-a.pdf
2026-04-24,001,GASPAR HERNÁNDEZ,ESPAILLAT,PROPIEDAD DEL EMPLEADO,EMCI,,,95.4,https://indomet.gob.do/wp-content/uploads/2026/04/Temperaturas-extremas-y-precipitaciones-24-de-Abril-2026.pdf
2026-04-24,002,ALTAMIRA,PUERTO PLATA,HOSP. MPAL. DE ALTAMIRA,EMCI,27.6,19.0,82.8,https://indomet.gob.do/wp-content/uploads/2026/04/Temperaturas-extremas-y-precipitaciones-24-de-Abril-2026.pdf
2026-04-24,003,CABRERA,MARÍA TRINIDAD SÁNCHEZ,ESCUELA ARÍSTIDES FIALLO CABRAL,EMCI,30.0,22.5,74.9,https://indomet.gob.do/wp-content/uploads/2026/04/Temperaturas-extremas-y-precipitaciones-24-de-Abril-2026.pdf
2026-04-24,004,RÍO SAN JUAN,MARÍA TRINIDAD SÁNCHEZ,HOSP. MPAL. DR. DESIDERIO ACOSTA,EMCV,30.0,21.2,58.2,https://indomet.gob.do/wp-content/uploads/2026/04/Temperaturas-extremas-y-precipitaciones-24-de-Abril-2026.pdf
2026-04-24,005,ARPT. GREGORIO LUPERÓN,PUERTO PLATA,INDOMET,EMCI,28.0,21.6,47.9,https://indomet.gob.do/wp-content/uploads/2026/04/Temperaturas-extremas-y-precipitaciones-24-de-Abril-2026.pdf
2026-04-24,006,VILLA VASQUEZ (EMA),MONTE CRISTI,JUNTA DE REGANTES,EMAI,,,47.0,https://indomet.gob.do/wp-content/uploads/2026/04/Temperaturas-extremas-y-precipitaciones-24-de-Abril-2026.pdf
2026-04-24,007,TAMBORIL,SANTIAGO,MINISTERIO DE AGRICULTURA,EMCV,,,38.1,https://indomet.gob.do/wp-content/uploads/2026/04/Temperaturas-extremas-y-precipitaciones-24-de-Abril-2026.pdf
2026-04-24,008,ELÍAS PIÑA,ELÍAS PIÑA,MINISTERIO DE AGRICULTURA,EMCV,,,36.0,https://indomet.gob.do/wp-content/uploads/2026/04/Temperaturas-extremas-y-precipitaciones-24-de-Abril-2026.pdf
2026-04-24,009,SALCEDO,HERMANAS MIRABAL,PROPIEDAD DEL EMPLEADO,EMCI,,,30.0,https://indomet.gob.do/wp-content/uploads/2026/04/Temperaturas-extremas-y-precipitaciones-24-de-Abril-2026.pdf
2026-04-24,010,VILLA ISABELA,PUERTO PLATA,MINISTERIO DE AGRICULTURA,EMCV,29.0,19.5,28.5,https://indomet.gob.do/wp-content/uploads/2026/04/Temperaturas-extremas-y-precipitaciones-24-de-Abril-2026.pdf
2026-04-24,011,SABANA DE LA MAR,HATO MAYOR,INDOMET,EMCI,28.6,21.4,28.2,https://indomet.gob.do/wp-content/uploads/2026/04/Temperaturas-extremas-y-precipitaciones-24-de-Abril-2026.pdf
2026-04-24,012,GURABO,SANTIAGO,MINISTERIO DE AGRICULTURA,EMCV,,,27.9,https://indomet.gob.do/wp-content/uploads/2026/04/Temperaturas-extremas-y-precipitaciones-24-de-Abril-2026.pdf
2026-04-24,013,BUCARA (EMA),SANTIAGO,MINISTERIO DE AGRICULTURA,EMAI,,,26.0,https://indomet.gob.do/wp-content/uploads/2026/04/Temperaturas-extremas-y-precipitaciones-24-de-Abril-2026.pdf
2026-04-24,014,DAJABÓN,DAJABÓN,INSTITUTO POLITÉCNICO LOYOLA,EMCI,33.7,18.6,25.6,https://indomet.gob.do/wp-content/uploads/2026/04/Temperaturas-extremas-y-precipitaciones-24-de-Abril-2026.pdf
2026-04-24,015,SAN JOSÉ DE OCOA,SAN JOSÉ DE OCOA,HOSP. SAN JOSÉ DE OCOA,EMCI,31.4,18.3,24.2,https://indomet.gob.do/wp-content/uploads/2026/04/Temperaturas-extremas-y-precipitaciones-24-de-Abril-2026.pdf
2026-04-24,016,LUPERÓN,PUERTO PLATA,MINISTERIO DE AGRICULTURA,EMCV,,,22.0,https://indomet.gob.do/wp-content/uploads/2026/04/Temperaturas-extremas-y-precipitaciones-24-de-Abril-2026.pdf
2026-04-24,017,PALO ÍNDIO,PUERTO PLATA,MINISTERIO DE AGRICULTURA,EMCI,,,19.8,https://indomet.gob.do/wp-content/uploads/2026/04/Temperaturas-extremas-y-precipitaciones-24-de-Abril-2026.pdf
2026-04-24,018,JARABACOA (EMA),LA VEGA,PROGRAMA MUNDIAL DE ALIMENTO,EMAP,24.6,18.2,18.6,https://indomet.gob.do/wp-content/uploads/2026/04/Temperaturas-extremas-y-precipitaciones-24-de-Abril-2026.pdf
2026-04-24,019,LAS CANAS (EMA),MONTE CRISTI,PROGRAMA MUNDIAL DE ALIMENTO,EMAP,26.9,19.4,17.8,https://indomet.gob.do/wp-content/uploads/2026/04/Temperaturas-extremas-y-precipitaciones-24-de-Abril-2026.pdf
2026-04-24,020,SANTIAGO RODRÍGUEZ,SANTIAGO RODRÍGUEZ,INDOMET,EMCI,31.7,21.5,17.4,https://indomet.gob.do/wp-content/uploads/2026/04/Temperaturas-extremas-y-precipitaciones-24-de-Abril-2026.pdf
2026-04-24,021,JARABACOA,LA VEGA,INDRHI / MARENA,EMCI,25.8,15.0,16.6,https://indomet.gob.do/wp-content/uploads/2026/04/Temperaturas-extremas-y-precipitaciones-24-de-Abril-2026.pdf
2026-04-24,022,ARPT. DEL CIBAO,SANTIAGO,INDOMET,EMCI,31.5,21.6,13.6,https://indomet.gob.do/wp-content/uploads/2026/04/Temperaturas-extremas-y-precipitaciones-24-de-Abril-2026.pdf
2026-04-24,023,JARDÍN BOTÁNICO SANTIAGO (EMSANTIAGO,,JARDIN BOTANICO SANTIAGO,EMAI,30.6,19.1,13.6,https://indomet.gob.do/wp-content/uploads/2026/04/Temperaturas-extremas-y-precipitaciones-24-de-Abril-2026.pdf
2026-04-24,024,PRESA DE TAVERAS (EMA),LA VEGA,PROGRAMA MUNDIAL DE ALIMENTO,EMAP,27.6,14.3,12.6,https://indomet.gob.do/wp-content/uploads/2026/04/Temperaturas-extremas-y-precipitaciones-24-de-Abril-2026.pdf
2026-04-24,025,MONTE CRISTI,MONTE CRISTI,INDOMET,EMCI,30.3,22.5,10.9,https://indomet.gob.do/wp-content/uploads/2026/04/Temperaturas-extremas-y-precipitaciones-24-de-Abril-2026.pdf
2026-04-24,026,VALLE NUEVO (EMA),LA VEGA,MARENA,EMAI,16.0,8.3,9.8,https://indomet.gob.do/wp-content/uploads/2026/04/Temperaturas-extremas-y-precipitaciones-24-de-Abril-2026.pdf
2026-04-24,027,ARPT. EL CATEY,SAMANÁ,INDOMET,EMCI,29.8,20.5,9.3,https://indomet.gob.do/wp-content/uploads/2026/04/Temperaturas-extremas-y-precipitaciones-24-de-Abril-2026.pdf
2026-04-24,028,JUMA BEJUCAL,MONSEÑOR NOUEL,IDIAF,EMCV,28.2,22.6,8.7,https://indomet.gob.do/wp-content/uploads/2026/04/Temperaturas-extremas-y-precipitaciones-24-de-Abril-2026.pdf
2026-04-24,029,CONSTANZA,LA VEGA,MINISTERIO DE AGRICULTURA,EMCI,26.0,14.8,7.8,https://indomet.gob.do/wp-content/uploads/2026/04/Temperaturas-extremas-y-precipitaciones-24-de-Abril-2026.pdf
2026-04-24,030,CONSTANZA (EMA),LA VEGA,PROGRAMA MUNDIAL DE ALIMENTO,EMAP,24.2,16.2,7.8,https://indomet.gob.do/wp-content/uploads/2026/04/Temperaturas-extremas-y-precipitaciones-24-de-Abril-2026.pdf
2026-04-24,031,MAO,VALVERDE,INDRHI / MINISTERIO DE AGRICULTURA,EMCV,,,7.2,https://indomet.gob.do/wp-content/uploads/2026/04/Temperaturas-extremas-y-precipitaciones-24-de-Abril-2026.pdf
2026-04-24,032,BOCA DE MAO (EMA),VALVERDE,MINISTERIO DE AGRICULTURA,EMAP,31.8,20.2,6.0,https://indomet.gob.do/wp-content/uploads/2026/04/Temperaturas-extremas-y-precipitaciones-24-de-Abril-2026.pdf
2026-04-24,033,CABRAL,BARAHONA,MINISTERIO DE AGRICULTURA,EMCV,34.2,20.2,5.0,https://indomet.gob.do/wp-content/uploads/2026/04/Temperaturas-extremas-y-precipitaciones-24-de-Abril-2026.pdf
2026-04-24,034,SAJOMA (EMA),SANTIAGO,PLAN SIERRA,EMAI,27.7,24.0,4.2,https://indomet.gob.do/wp-content/uploads/2026/04/Temperaturas-extremas-y-precipitaciones-24-de-Abril-2026.pdf
2026-04-24,035,ALTO BANDERA (EMA),LA VEGA,INTEC,EMAP,13.1,6.1,4.1,https://indomet.gob.do/wp-content/uploads/2026/04/Temperaturas-extremas-y-precipitaciones-24-de-Abril-2026.pdf
2026-04-24,036,ARROYO LORO,SAN JUAN,IDIAF,EMCI,29.8,19.7,3.9,https://indomet.gob.do/wp-content/uploads/2026/04/Temperaturas-extremas-y-precipitaciones-24-de-Abril-2026.pdf
2026-04-24,037,POLO,BARAHONA,INDOCAFE,EMCI,25.5,17.4,3.5,https://indomet.gob.do/wp-content/uploads/2026/04/Temperaturas-extremas-y-precipitaciones-24-de-Abril-2026.pdf
2026-04-24,038,ARPT. ARROYO BARRIL,SAMANÁ,INDOMET,EMCI,27.2,21.3,3.0,https://indomet.gob.do/wp-content/uploads/2026/04/Temperaturas-extremas-y-precipitaciones-24-de-Abril-2026.pdf
2026-04-24,039,HONDO VALLE,ELÍAS PIÑA,MINISTERIO DE AGRICULTURA,EMCI,25.4,15.1,2.7,https://indomet.gob.do/wp-content/uploads/2026/04/Temperaturas-extremas-y-precipitaciones-24-de-Abril-2026.pdf
2026-04-24,040,EL FACTOR (EMA),MARÍA TRINIDAD SÁNCHEZ,INTEC,EMAP,29.9,22.3,2.3,https://indomet.gob.do/wp-content/uploads/2026/04/Temperaturas-extremas-y-precipitaciones-24-de-Abril-2026.pdf
2026-04-24,041,BONAO,MONSEÑOR NOUEL,MINISTERIO DE AGRICULTURA,EMCV,,,2.3,https://indomet.gob.do/wp-content/uploads/2026/04/Temperaturas-extremas-y-precipitaciones-24-de-Abril-2026.pdf
2026-04-24,042,SABANETA (EMA),SANTIAGO RODRÍGUEZ,PROGRAMA MUNDIAL DE ALIMENTO,EMAP,31.1,20.8,2.0,https://indomet.gob.do/wp-content/uploads/2026/04/Temperaturas-extremas-y-precipitaciones-24-de-Abril-2026.pdf
2026-04-24,043,JIMANÍ,INDEPENDENCIA,MINISTERIO DE AGRICULTURA,EMCI,31.6,22.2,1.7,https://indomet.gob.do/wp-content/uploads/2026/04/Temperaturas-extremas-y-precipitaciones-24-de-Abril-2026.pdf
2026-04-24,044,BAYAGUANA,MONTE PLATA,INDOMET,EMCI,29.2,21.7,1.6,https://indomet.gob.do/wp-content/uploads/2026/04/Temperaturas-extremas-y-precipitaciones-24-de-Abril-2026.pdf
2026-04-24,045,PEDERNALES,PEDERNALES,INDRHI,EMCI,,,1.4,https://indomet.gob.do/wp-content/uploads/2026/04/Temperaturas-extremas-y-precipitaciones-24-de-Abril-2026.pdf
2026-04-24,046,PERALTA,AZUA,HOSP. MPAL. DE PERALTA,EMCI,29.0,18.0,1.2,https://indomet.gob.do/wp-content/uploads/2026/04/Temperaturas-extremas-y-precipitaciones-24-de-Abril-2026.pdf
2026-04-24,047,BASE AÉREA DE SAN ISIDRO,SANTO DOMINGO,FUERZA AÉREA DOMINICANA,EMCV,30.0,25.1,1.1,https://indomet.gob.do/wp-content/uploads/2026/04/Temperaturas-extremas-y-precipitaciones-24-de-Abril-2026.pdf
2026-04-24,048,OLIVARES,PEDERNALES,INDRHI,EMCI,,,1.1,https://indomet.gob.do/wp-content/uploads/2026/04/Temperaturas-extremas-y-precipitaciones-24-de-Abril-2026.pdf
2026-04-24,049,LA VEGA,LA VEGA,IATESA,EMCI,31.5,21.0,1.0,https://indomet.gob.do/wp-content/uploads/2026/04/Temperaturas-extremas-y-precipitaciones-24-de-Abril-2026.pdf
2026-04-24,050,SAMANÁ,SAMANÁ,COMANDANCIA DE PUERTO DE SAMANÁ,EMCI,29.3,18.0,1.0,https://indomet.gob.do/wp-content/uploads/2026/04/Temperaturas-extremas-y-precipitaciones-24-de-Abril-2026.pdf
2026-04-24,051,SÁNCHEZ,SAMANÁ,MINISTERIO DE AGRICULTURA,EMCI,29.9,21.0,0.8,https://indomet.gob.do/wp-content/uploads/2026/04/Temperaturas-extremas-y-precipitaciones-24-de-Abril-2026.pdf
2026-04-24,052,HATO MAYOR,HATO MAYOR,MINISTERIO DE AGRICULTURA,EMCV,,,0.8,https://indomet.gob.do/wp-content/uploads/2026/04/Temperaturas-extremas-y-precipitaciones-24-de-Abril-2026.pdf
2026-04-24,053,NAVARRETE,SANTIAGO,MINISTERIO DE AGRICULTURA,EMCV,,,0.8,https://indomet.gob.do/wp-content/uploads/2026/04/Temperaturas-extremas-y-precipitaciones-24-de-Abril-2026.pdf
2026-04-24,054,ENRIQUILLO,BARAHONA,MINISTERIO DE AGRICULTURA,EMCV,31.3,20.5,0.6,https://indomet.gob.do/wp-content/uploads/2026/04/Temperaturas-extremas-y-precipitaciones-24-de-Abril-2026.pdf
2026-04-24,055,ARPT. DE LAS AMÉRICAS,SANTO DOMINGO,INDOMET,EMCI,28.9,22.0,0.5,https://indomet.gob.do/wp-content/uploads/2026/04/Temperaturas-extremas-y-precipitaciones-24-de-Abril-2026.pdf
2026-04-24,056,RANCHO ARRIBA,SAN JOSÉ DE OCOA,CENTRO TECNOLÓGICO COMUNITARIO,EMCI,26.9,18.3,0.4,https://indomet.gob.do/wp-content/uploads/2026/04/Temperaturas-extremas-y-precipitaciones-24-de-Abril-2026.pdf
2026-04-24,057,VILLA GONZALES,SANTIAGO,MINISTERIO DE AGRICULTURA,EMCI,,,0.3,https://indomet.gob.do/wp-content/uploads/2026/04/Temperaturas-extremas-y-precipitaciones-24-de-Abril-2026.pdf
2026-04-24,058,MICHES (EMA),EL SEIBO,PRIVADA,EMAP,29.3,23.1,0.2,https://indomet.gob.do/wp-content/uploads/2026/04/Temperaturas-extremas-y-precipitaciones-24-de-Abril-2026.pdf
2026-04-24,059,MONCIÓN (EMA),SANTIAGO RODRÍGUEZ,PROGRAMA MUNDIAL DE ALIMENTO,EMAP,27.9,19.2,0.2,https://indomet.gob.do/wp-content/uploads/2026/04/Temperaturas-extremas-y-precipitaciones-24-de-Abril-2026.pdf
2026-04-24,060,OVIEDO,PEDERNALES,CLÍNICA RURAL OVIEDO,EMCI,30.8,20.0,0.1,https://indomet.gob.do/wp-content/uploads/2026/04/Temperaturas-extremas-y-precipitaciones-24-de-Abril-2026.pdf
2026-04-24,061,ANAMUYA (EMA),LA ALTAGRACIA,MINISTERIO DE AGRICULTURA,EMAP,31.7,21.3,0.0,https://indomet.gob.do/wp-content/uploads/2026/04/Temperaturas-extremas-y-precipitaciones-24-de-Abril-2026.pdf
2026-04-24,062,ARPT. DE LA ROMANA,LA ROMANA,INDOMET,EMCI,30.0,20.9,0.0,https://indomet.gob.do/wp-content/uploads/2026/04/Temperaturas-extremas-y-precipitaciones-24-de-Abril-2026.pdf
2026-04-24,063,ARPT. DE PUNTA CANA,LA ALTAGRACIA,INDOMET,EMCI,30.0,21.4,0.0,https://indomet.gob.do/wp-content/uploads/2026/04/Temperaturas-extremas-y-precipitaciones-24-de-Abril-2026.pdf
2026-04-24,064,ARPT. LA ISABELA,SANTO DOMINGO,INDOMET,EMCI,31.2,21.0,0.0,https://indomet.gob.do/wp-content/uploads/2026/04/Temperaturas-extremas-y-precipitaciones-24-de-Abril-2026.pdf
2026-04-24,065,ARPT. MARÍA MONTEZ,BARAHONA,INDOMET,EMCI,26.5,21.7,0.0,https://indomet.gob.do/wp-content/uploads/2026/04/Temperaturas-extremas-y-precipitaciones-24-de-Abril-2026.pdf
2026-04-24,066,BANI (EMA),PERAVIA,MINISTERIO DE AGRICULTURA,EMAP,29.1,21.6,0.0,https://indomet.gob.do/wp-content/uploads/2026/04/Temperaturas-extremas-y-precipitaciones-24-de-Abril-2026.pdf
2026-04-24,067,BELLA VISTA (EMA),DISTRITO NACIONAL,PRIVADA,EMAP,,,0.0,https://indomet.gob.do/wp-content/uploads/2026/04/Temperaturas-extremas-y-precipitaciones-24-de-Abril-2026.pdf
2026-04-24,068,CENTRO DE LOS HEROES (EMA),DISTRITO NACIONAL,MINISTERIO DE ENERGIA Y MINA,EMAP,29.0,25.9,0.0,https://indomet.gob.do/wp-content/uploads/2026/04/Temperaturas-extremas-y-precipitaciones-24-de-Abril-2026.pdf
2026-04-24,069,EL MILLON (EMA),DISTRITO NACIONAL,PRIVADA,EMAP,,,0.0,https://indomet.gob.do/wp-content/uploads/2026/04/Temperaturas-extremas-y-precipitaciones-24-de-Abril-2026.pdf
2026-04-24,070,ENSANCHE LA FE (EMA),DISTRITO NACIONAL,PRIVADA,EMAP,,,0.0,https://indomet.gob.do/wp-content/uploads/2026/04/Temperaturas-extremas-y-precipitaciones-24-de-Abril-2026.pdf
2026-04-24,071,ESCONDIDO,PERAVIA,MINISTERIO DE AGRICULTURA,EMCV,31.0,21.0,0.0,https://indomet.gob.do/wp-content/uploads/2026/04/Temperaturas-extremas-y-precipitaciones-24-de-Abril-2026.pdf
2026-04-24,072,LA AGUSTINA (EMA),DISTRITO NACIONAL,PRIVADA,EMAP,,,0.0,https://indomet.gob.do/wp-content/uploads/2026/04/Temperaturas-extremas-y-precipitaciones-24-de-Abril-2026.pdf
2026-04-24,073,LA VICTORIA,SANTO DOMINGO,CUERPO DE BOMBEROS,EMCI,32.5,22.5,0.0,https://indomet.gob.do/wp-content/uploads/2026/04/Temperaturas-extremas-y-precipitaciones-24-de-Abril-2026.pdf
2026-04-24,074,LOS CACICAZGOS (EMA),DISTRITO NACIONAL,PRIVADA,EMAP,,,0.0,https://indomet.gob.do/wp-content/uploads/2026/04/Temperaturas-extremas-y-precipitaciones-24-de-Abril-2026.pdf
2026-04-24,075,LOS COCOS (EMA),BAHORUCO,PRIVADA,EMAP,,,0.0,https://indomet.gob.do/wp-content/uploads/2026/04/Temperaturas-extremas-y-precipitaciones-24-de-Abril-2026.pdf
2026-04-24,076,LOS JARDINES (EMA),DISTRITO NACIONAL,PRIVADA,EMAP,,,0.0,https://indomet.gob.do/wp-content/uploads/2026/04/Temperaturas-extremas-y-precipitaciones-24-de-Abril-2026.pdf
2026-04-24,077,LOS LLANOS,SAN PEDRO DE MACORÍS,MINISTERIO DE AGRICULTURA,EMCI,30.0,21.3,0.0,https://indomet.gob.do/wp-content/uploads/2026/04/Temperaturas-extremas-y-precipitaciones-24-de-Abril-2026.pdf
2026-04-24,078,LOS PRADOS (EMA),DISTRITO NACIONAL,PRIVADA,EMAP,,,0.0,https://indomet.gob.do/wp-content/uploads/2026/04/Temperaturas-extremas-y-precipitaciones-24-de-Abril-2026.pdf
2026-04-24,079,PADRE LAS CASAS,AZUA,HOSP. NTRA. SRA. DEL CARMEN,EMCI,29.7,20.5,0.0,https://indomet.gob.do/wp-content/uploads/2026/04/Temperaturas-extremas-y-precipitaciones-24-de-Abril-2026.pdf
2026-04-24,080,PONTÓN ABAJO (EMA),LA VEGA,MINISTERIO DE AGRICULTURA,EMAP,30.0,21.4,0.0,https://indomet.gob.do/wp-content/uploads/2026/04/Temperaturas-extremas-y-precipitaciones-24-de-Abril-2026.pdf
2026-04-24,081,PROLONGACION 27 DE FEBRERO,DISTRITO NACIONAL,PRIVADA,EMAP,,,0.0,https://indomet.gob.do/wp-content/uploads/2026/04/Temperaturas-extremas-y-precipitaciones-24-de-Abril-2026.pdf
2026-04-24,082,RESTAURACIÓN,DAJABÓN,MINISTERIO DE AGRICULTURA,EMCI,31.2,16.9,0.0,https://indomet.gob.do/wp-content/uploads/2026/04/Temperaturas-extremas-y-precipitaciones-24-de-Abril-2026.pdf
2026-04-24,083,SABANA GRANDE DE BOYÁ,MONTE PLATA,MINISTERIO DE AGRICULTURA,EMCV,,,0.0,https://indomet.gob.do/wp-content/uploads/2026/04/Temperaturas-extremas-y-precipitaciones-24-de-Abril-2026.pdf
2026-04-24,084,SAN CRISTÓBAL,SAN CRISTÓBAL,INSTITUTO POLITÉCNICO LOYOLA,EMCI,31.2,20.2,0.0,https://indomet.gob.do/wp-content/uploads/2026/04/Temperaturas-extremas-y-precipitaciones-24-de-Abril-2026.pdf
2026-04-24,085,SAN RAFAEL DEL YUMA,LA ALTAGRACIA,MINISTERIO DE AGRICULTURA,EMCI,32.0,20.3,0.0,https://indomet.gob.do/wp-content/uploads/2026/04/Temperaturas-extremas-y-precipitaciones-24-de-Abril-2026.pdf
2026-04-24,086,SANTO DOMINGO ESTE,SANTO DOMINGO,INDOMET,EMCI,29.8,23.5,0.0,https://indomet.gob.do/wp-content/uploads/2026/04/Temperaturas-extremas-y-precipitaciones-24-de-Abril-2026.pdf
2026-04-24,087,TÁBARA ABAJO,AZUA,INDRHI,EMCI,31.7,20.5,0.0,https://indomet.gob.do/wp-content/uploads/2026/04/Temperaturas-extremas-y-precipitaciones-24-de-Abril-2026.pdf
2026-04-24,088,VILLA ALTAGRACIA,SAN CRISTÓBAL,ESCUELA JAVIER ANGULO GURIDI,EMCI,,,0.0,https://indomet.gob.do/wp-content/uploads/2026/04/Temperaturas-extremas-y-precipitaciones-24-de-Abril-2026.pdf
2026-04-24,089,VILLA RIVA,DUARTE,HOSP. MPAL. ALICIA DE LEGENDRE,EMCI,29.5,21.0,0.0,https://indomet.gob.do/wp-content/uploads/2026/04/Temperaturas-extremas-y-precipitaciones-24-de-Abril-2026.pdf
2026-04-25,001,SANTIAGO (CENTRO),SANTIAGO,HUACALITO,EMCI,,,89.7,https://indomet.gob.do/wp-content/uploads/2026/04/temperaturas-extremas-y-precipitaciones-2026x04x25-a-1.pdf
2026-04-25,002,TAMBORIL,SANTIAGO,MINISTERIO DE AGRICULTURA,EMCV,,,44.5,https://indomet.gob.do/wp-content/uploads/2026/04/temperaturas-extremas-y-precipitaciones-2026x04x25-a-1.pdf
2026-04-25,003,RESTAURACIÓN,DAJABÓN,MINISTERIO DE AGRICULTURA,EMCI,32.5,17.3,38.2,https://indomet.gob.do/wp-content/uploads/2026/04/temperaturas-extremas-y-precipitaciones-2026x04x25-a-1.pdf
2026-04-25,004,JARDÍN BOTÁNICO SANTIAGO (EMSANTIAGO,,JARDIN BOTANICO SANTIAGO,EMAI,33.4,20.1,34.4,https://indomet.gob.do/wp-content/uploads/2026/04/temperaturas-extremas-y-precipitaciones-2026x04x25-a-1.pdf
2026-04-25,005,SABANETA (EMA),SANTIAGO RODRÍGUEZ,PROGRAMA MUNDIAL DE ALIMENTO,EMAP,32.9,21.6,30.0,https://indomet.gob.do/wp-content/uploads/2026/04/temperaturas-extremas-y-precipitaciones-2026x04x25-a-1.pdf
2026-04-25,006,SABANA DE LA MAR,HATO MAYOR,INDOMET,EMCI,28.6,21.4,28.2,https://indomet.gob.do/wp-content/uploads/2026/04/temperaturas-extremas-y-precipitaciones-2026x04x25-a-1.pdf
2026-04-25,007,DAJABÓN,DAJABÓN,INSTITUTO POLITÉCNICO LOYOLA,EMCI,33.8,18.9,28.1,https://indomet.gob.do/wp-content/uploads/2026/04/temperaturas-extremas-y-precipitaciones-2026x04x25-a-1.pdf
2026-04-25,008,JARABACOA (EMA),LA VEGA,PROGRAMA MUNDIAL DE ALIMENTO,EMAP,28.3,18.8,26.6,https://indomet.gob.do/wp-content/uploads/2026/04/temperaturas-extremas-y-precipitaciones-2026x04x25-a-1.pdf
2026-04-25,009,JARABACOA,LA VEGA,INDRHI / MARENA,EMCI,29.8,16.4,25.2,https://indomet.gob.do/wp-content/uploads/2026/04/temperaturas-extremas-y-precipitaciones-2026x04x25-a-1.pdf
2026-04-25,010,BUCARA (EMA),SANTIAGO,MINISTERIO DE AGRICULTURA,EMAI,,,24.0,https://indomet.gob.do/wp-content/uploads/2026/04/temperaturas-extremas-y-precipitaciones-2026x04x25-a-1.pdf
2026-04-25,011,EL FACTOR (EMA),MARÍA TRINIDAD SÁNCHEZ,INTEC,EMAP,33.6,21.2,21.3,https://indomet.gob.do/wp-content/uploads/2026/04/temperaturas-extremas-y-precipitaciones-2026x04x25-a-1.pdf
2026-04-25,012,JUMA BEJUCAL,MONSEÑOR NOUEL,IDIAF,EMCV,31.8,22.2,18.7,https://indomet.gob.do/wp-content/uploads/2026/04/temperaturas-extremas-y-precipitaciones-2026x04x25-a-1.pdf
2026-04-25,013,ARPT. DEL CIBAO,SANTIAGO,INDOMET,EMCI,33.0,19.8,17.3,https://indomet.gob.do/wp-content/uploads/2026/04/temperaturas-extremas-y-precipitaciones-2026x04x25-a-1.pdf
2026-04-25,014,ARROYO LORO,SAN JUAN,IDIAF,EMCI,31.2,20.0,16.9,https://indomet.gob.do/wp-content/uploads/2026/04/temperaturas-extremas-y-precipitaciones-2026x04x25-a-1.pdf
2026-04-25,015,PESCADERIA (EMA),BARAHONA,MINISTERIO DE AGRICULTURA,EMAP,,,15.4,https://indomet.gob.do/wp-content/uploads/2026/04/temperaturas-extremas-y-precipitaciones-2026x04x25-a-1.pdf
2026-04-25,016,PONTÓN ABAJO (EMA),LA VEGA,MINISTERIO DE AGRICULTURA,EMAP,32.7,22.2,15.4,https://indomet.gob.do/wp-content/uploads/2026/04/temperaturas-extremas-y-precipitaciones-2026x04x25-a-1.pdf
2026-04-25,017,LOS COCOS (EMA),BAHORUCO,PRIVADA,EMAP,,,14.5,https://indomet.gob.do/wp-content/uploads/2026/04/temperaturas-extremas-y-precipitaciones-2026x04x25-a-1.pdf
2026-04-25,018,CONSTANZA (EMA),LA VEGA,PROGRAMA MUNDIAL DE ALIMENTO,EMAP,27.2,15.0,14.4,https://indomet.gob.do/wp-content/uploads/2026/04/temperaturas-extremas-y-precipitaciones-2026x04x25-a-1.pdf
2026-04-25,019,SALCEDO,HERMANAS MIRABAL,PROPIEDAD DEL EMPLEADO,EMCI,,,13.0,https://indomet.gob.do/wp-content/uploads/2026/04/temperaturas-extremas-y-precipitaciones-2026x04x25-a-1.pdf
2026-04-25,020,CONSTANZA,LA VEGA,MINISTERIO DE AGRICULTURA,EMCI,27.4,11.6,12.4,https://indomet.gob.do/wp-content/uploads/2026/04/temperaturas-extremas-y-precipitaciones-2026x04x25-a-1.pdf
2026-04-25,021,BONAO,MONSEÑOR NOUEL,MINISTERIO DE AGRICULTURA,EMCV,,,11.9,https://indomet.gob.do/wp-content/uploads/2026/04/temperaturas-extremas-y-precipitaciones-2026x04x25-a-1.pdf
2026-04-25,022,ARPT. MARÍA MONTEZ,BARAHONA,INDOMET,EMCI,30.7,21.7,11.4,https://indomet.gob.do/wp-content/uploads/2026/04/temperaturas-extremas-y-precipitaciones-2026x04x25-a-1.pdf
2026-04-25,023,JIMANÍ,INDEPENDENCIA,MINISTERIO DE AGRICULTURA,EMCI,32.8,22.4,11.4,https://indomet.gob.do/wp-content/uploads/2026/04/temperaturas-extremas-y-precipitaciones-2026x04x25-a-1.pdf
2026-04-25,024,PRESA DE TAVERAS (EMA),LA VEGA,PROGRAMA MUNDIAL DE ALIMENTO,EMAP,29.9,20.5,8.0,https://indomet.gob.do/wp-content/uploads/2026/04/temperaturas-extremas-y-precipitaciones-2026x04x25-a-1.pdf
2026-04-25,025,LAS CANAS (EMA),MONTE CRISTI,PROGRAMA MUNDIAL DE ALIMENTO,EMAP,28.4,21.2,7.8,https://indomet.gob.do/wp-content/uploads/2026/04/temperaturas-extremas-y-precipitaciones-2026x04x25-a-1.pdf
2026-04-25,026,LA VEGA,LA VEGA,IATESA,EMCI,32.0,21.4,7.0,https://indomet.gob.do/wp-content/uploads/2026/04/temperaturas-extremas-y-precipitaciones-2026x04x25-a-1.pdf
2026-04-25,027,ARPT. DE LAS AMÉRICAS,SANTO DOMINGO,INDOMET,EMCI,29.5,23.0,6.8,https://indomet.gob.do/wp-content/uploads/2026/04/temperaturas-extremas-y-precipitaciones-2026x04x25-a-1.pdf
2026-04-25,028,NAVARRETE,SANTIAGO,MINISTERIO DE AGRICULTURA,EMCV,,,6.4,https://indomet.gob.do/wp-content/uploads/2026/04/temperaturas-extremas-y-precipitaciones-2026x04x25-a-1.pdf
2026-04-25,029,VILLA GONZALES,SANTIAGO,MINISTERIO DE AGRICULTURA,EMCI,,,6.4,https://indomet.gob.do/wp-content/uploads/2026/04/temperaturas-extremas-y-precipitaciones-2026x04x25-a-1.pdf
2026-04-25,030,MAO,VALVERDE,INDRHI / MINISTERIO DE AGRICULTURA,EMCV,,,5.0,https://indomet.gob.do/wp-content/uploads/2026/04/temperaturas-extremas-y-precipitaciones-2026x04x25-a-1.pdf
2026-04-25,031,BOCA DE MAO (EMA),VALVERDE,MINISTERIO DE AGRICULTURA,EMAP,33.5,22.2,4.0,https://indomet.gob.do/wp-content/uploads/2026/04/temperaturas-extremas-y-precipitaciones-2026x04x25-a-1.pdf
2026-04-25,032,GASPAR HERNÁNDEZ,ESPAILLAT,PROPIEDAD DEL EMPLEADO,EMCI,,,3.6,https://indomet.gob.do/wp-content/uploads/2026/04/temperaturas-extremas-y-precipitaciones-2026x04x25-a-1.pdf
2026-04-25,033,ALTAMIRA,PUERTO PLATA,HOSP. MPAL. DE ALTAMIRA,EMCI,29.7,2.5,3.2,https://indomet.gob.do/wp-content/uploads/2026/04/temperaturas-extremas-y-precipitaciones-2026x04x25-a-1.pdf
2026-04-25,034,VILLA ISABELA,PUERTO PLATA,MINISTERIO DE AGRICULTURA,EMCV,30.0,21.5,2.6,https://indomet.gob.do/wp-content/uploads/2026/04/temperaturas-extremas-y-precipitaciones-2026x04x25-a-1.pdf
2026-04-25,035,HONDO VALLE,ELÍAS PIÑA,MINISTERIO DE AGRICULTURA,EMCI,25.8,15.5,2.5,https://indomet.gob.do/wp-content/uploads/2026/04/temperaturas-extremas-y-precipitaciones-2026x04x25-a-1.pdf
2026-04-25,036,PALO ÍNDIO,PUERTO PLATA,MINISTERIO DE AGRICULTURA,EMCI,,,1.3,https://indomet.gob.do/wp-content/uploads/2026/04/temperaturas-extremas-y-precipitaciones-2026x04x25-a-1.pdf
2026-04-25,037,LOS LLANOS,SAN PEDRO DE MACORÍS,MINISTERIO DE AGRICULTURA,EMCI,31.5,22.5,1.2,https://indomet.gob.do/wp-content/uploads/2026/04/temperaturas-extremas-y-precipitaciones-2026x04x25-a-1.pdf
2026-04-25,038,VILLA ALTAGRACIA,SAN CRISTÓBAL,ESCUELA JAVIER ANGULO GURIDI,EMCI,,,0.8,https://indomet.gob.do/wp-content/uploads/2026/04/temperaturas-extremas-y-precipitaciones-2026x04x25-a-1.pdf
2026-04-25,039,RÍO SAN JUAN,MARÍA TRINIDAD SÁNCHEZ,HOSP. MPAL. DR. DESIDERIO ACOSTA,EMCV,29.5,22.5,0.4,https://indomet.gob.do/wp-content/uploads/2026/04/temperaturas-extremas-y-precipitaciones-2026x04x25-a-1.pdf
2026-04-25,040,SÁNCHEZ,SAMANÁ,MINISTERIO DE AGRICULTURA,EMCI,33.6,20.4,0.4,https://indomet.gob.do/wp-content/uploads/2026/04/temperaturas-extremas-y-precipitaciones-2026x04x25-a-1.pdf
2026-04-25,041,ARPT. EL CATEY,SAMANÁ,INDOMET,EMCI,33.5,21.4,0.2,https://indomet.gob.do/wp-content/uploads/2026/04/temperaturas-extremas-y-precipitaciones-2026x04x25-a-1.pdf
2026-04-25,042,MONCIÓN (EMA),SANTIAGO RODRÍGUEZ,PROGRAMA MUNDIAL DE ALIMENTO,EMAP,29.2,19.9,0.2,https://indomet.gob.do/wp-content/uploads/2026/04/temperaturas-extremas-y-precipitaciones-2026x04x25-a-1.pdf
2026-04-25,043,POLO,BARAHONA,INDOCAFE,EMCI,28.5,15.5,0.1,https://indomet.gob.do/wp-content/uploads/2026/04/temperaturas-extremas-y-precipitaciones-2026x04x25-a-1.pdf
2026-04-25,044,SAN JOSÉ DE OCOA,SAN JOSÉ DE OCOA,HOSP. SAN JOSÉ DE OCOA,EMCI,27.7,16.9,0.1,https://indomet.gob.do/wp-content/uploads/2026/04/temperaturas-extremas-y-precipitaciones-2026x04x25-a-1.pdf
2026-04-25,045,ARPT. DE LA ROMANA,LA ROMANA,INDOMET,EMCI,30.0,19.5,0.0,https://indomet.gob.do/wp-content/uploads/2026/04/temperaturas-extremas-y-precipitaciones-2026x04x25-a-1.pdf
2026-04-25,046,ARPT. DE PUNTA CANA,LA ALTAGRACIA,INDOMET,EMCI,30.6,21.5,0.0,https://indomet.gob.do/wp-content/uploads/2026/04/temperaturas-extremas-y-precipitaciones-2026x04x25-a-1.pdf
2026-04-25,047,ARPT. GREGORIO LUPERÓN,PUERTO PLATA,INDOMET,EMCI,29.5,20.0,0.0,https://indomet.gob.do/wp-content/uploads/2026/04/temperaturas-extremas-y-precipitaciones-2026x04x25-a-1.pdf
2026-04-25,048,ARPT. LA ISABELA,SANTO DOMINGO,INDOMET,EMCI,32.5,20.0,0.0,https://indomet.gob.do/wp-content/uploads/2026/04/temperaturas-extremas-y-precipitaciones-2026x04x25-a-1.pdf
2026-04-25,049,BAYAGUANA,MONTE PLATA,INDOMET,EMCI,31.0,20.6,0.0,https://indomet.gob.do/wp-content/uploads/2026/04/temperaturas-extremas-y-precipitaciones-2026x04x25-a-1.pdf
2026-04-25,050,CABRAL,BARAHONA,MINISTERIO DE AGRICULTURA,EMCV,31.7,22.5,0.0,https://indomet.gob.do/wp-content/uploads/2026/04/temperaturas-extremas-y-precipitaciones-2026x04x25-a-1.pdf
2026-04-25,051,CABRERA,MARÍA TRINIDAD SÁNCHEZ,ESCUELA ARÍSTIDES FIALLO CABRAL,EMCI,30.5,21.5,0.0,https://indomet.gob.do/wp-content/uploads/2026/04/temperaturas-extremas-y-precipitaciones-2026x04x25-a-1.pdf
2026-04-25,052,ENRIQUILLO,BARAHONA,MINISTERIO DE AGRICULTURA,EMCV,31.7,19.3,0.0,https://indomet.gob.do/wp-content/uploads/2026/04/temperaturas-extremas-y-precipitaciones-2026x04x25-a-1.pdf
2026-04-25,053,ESCONDIDO,PERAVIA,MINISTERIO DE AGRICULTURA,EMCV,31.0,22.0,0.0,https://indomet.gob.do/wp-content/uploads/2026/04/temperaturas-extremas-y-precipitaciones-2026x04x25-a-1.pdf
2026-04-25,054,OVIEDO,PEDERNALES,CLÍNICA RURAL OVIEDO,EMCI,32.0,19.5,0.0,https://indomet.gob.do/wp-content/uploads/2026/04/temperaturas-extremas-y-precipitaciones-2026x04x25-a-1.pdf
2026-04-25,055,PADRE LAS CASAS,AZUA,HOSP. NTRA. SRA. DEL CARMEN,EMCI,31.2,18.6,0.0,https://indomet.gob.do/wp-content/uploads/2026/04/temperaturas-extremas-y-precipitaciones-2026x04x25-a-1.pdf
2026-04-25,056,PEDERNALES,PEDERNALES,INDRHI,EMCI,,,0.0,https://indomet.gob.do/wp-content/uploads/2026/04/temperaturas-extremas-y-precipitaciones-2026x04x25-a-1.pdf
2026-04-25,057,PERALTA,AZUA,HOSP. MPAL. DE PERALTA,EMCI,31.3,17.0,0.0,https://indomet.gob.do/wp-content/uploads/2026/04/temperaturas-extremas-y-precipitaciones-2026x04x25-a-1.pdf
2026-04-25,058,RANCHO ARRIBA,SAN JOSÉ DE OCOA,CENTRO TECNOLÓGICO COMUNITARIO,EMCI,28.1,17.9,0.0,https://indomet.gob.do/wp-content/uploads/2026/04/temperaturas-extremas-y-precipitaciones-2026x04x25-a-1.pdf
2026-04-25,059,SABANA GRANDE DE BOYÁ,MONTE PLATA,MINISTERIO DE AGRICULTURA,EMCV,,,0.0,https://indomet.gob.do/wp-content/uploads/2026/04/temperaturas-extremas-y-precipitaciones-2026x04x25-a-1.pdf
2026-04-25,060,SAMANÁ,SAMANÁ,COMANDANCIA DE PUERTO DE SAMANÁ,EMCI,33.3,16.6,0.0,https://indomet.gob.do/wp-content/uploads/2026/04/temperaturas-extremas-y-precipitaciones-2026x04x25-a-1.pdf
2026-04-25,061,SAN CRISTÓBAL,SAN CRISTÓBAL,INSTITUTO POLITÉCNICO LOYOLA,EMCI,31.2,20.0,0.0,https://indomet.gob.do/wp-content/uploads/2026/04/temperaturas-extremas-y-precipitaciones-2026x04x25-a-1.pdf
2026-04-25,062,SAN RAFAEL DEL YUMA,LA ALTAGRACIA,MINISTERIO DE AGRICULTURA,EMCI,33.8,20.5,0.0,https://indomet.gob.do/wp-content/uploads/2026/04/temperaturas-extremas-y-precipitaciones-2026x04x25-a-1.pdf
2026-04-25,063,SANTO DOMINGO ESTE,SANTO DOMINGO,INDOMET,EMCI,30.0,23.9,0.0,https://indomet.gob.do/wp-content/uploads/2026/04/temperaturas-extremas-y-precipitaciones-2026x04x25-a-1.pdf
2026-04-25,064,VILLA RIVA,DUARTE,HOSP. MPAL. ALICIA DE LEGENDRE,EMCI,32.2,21.5,0.0,https://indomet.gob.do/wp-content/uploads/2026/04/temperaturas-extremas-y-precipitaciones-2026x04x25-a-1.pdf
2026-04-25,065,ALTO BANDERA (EMA),LA VEGA,INTEC,EMAP,13.3,6.6,0.0,https://indomet.gob.do/wp-content/uploads/2026/04/temperaturas-extremas-y-precipitaciones-2026x04x25-a-1.pdf
2026-04-25,066,ANAMUYA (EMA),LA ALTAGRACIA,MINISTERIO DE AGRICULTURA,EMAP,32.0,20.8,0.0,https://indomet.gob.do/wp-content/uploads/2026/04/temperaturas-extremas-y-precipitaciones-2026x04x25-a-1.pdf
2026-04-25,067,BANI (EMA),PERAVIA,MINISTERIO DE AGRICULTURA,EMAP,,,0.0,https://indomet.gob.do/wp-content/uploads/2026/04/temperaturas-extremas-y-precipitaciones-2026x04x25-a-1.pdf
2026-04-25,068,CENTRO DE LOS HEROES (EMA),DISTRITO NACIONAL,MINISTERIO DE ENERGIA Y MINA,EMAP,30.8,24.9,0.0,https://indomet.gob.do/wp-content/uploads/2026/04/temperaturas-extremas-y-precipitaciones-2026x04x25-a-1.pdf
2026-04-25,069,ENSANCHE LA FE (EMA),DISTRITO NACIONAL,PRIVADA,EMAP,,,0.0,https://indomet.gob.do/wp-content/uploads/2026/04/temperaturas-extremas-y-precipitaciones-2026x04x25-a-1.pdf
2026-04-25,070,PROLONGACION 27 DE FEBRERO,DISTRITO NACIONAL,PRIVADA,EMAP,,,0.0,https://indomet.gob.do/wp-content/uploads/2026/04/temperaturas-extremas-y-precipitaciones-2026x04x25-a-1.pdf
2026-04-26,001,JARDÍN BOTÁNICO SANTIAGO (EMSANTIAGO,,JARDIN BOTANICO SANTIAGO,EMAI,33.0,22.8,59.6,https://indomet.gob.do/wp-content/uploads/2026/04/Temperaturas-extremas-y-precipitaciones-26-de-Abril-2026.pdf
2026-04-26,002,GURABO,SANTIAGO,MINISTERIO DE AGRICULTURA,EMCV,,,46.2,https://indomet.gob.do/wp-content/uploads/2026/04/Temperaturas-extremas-y-precipitaciones-26-de-Abril-2026.pdf
2026-04-26,003,TAVERA,SANTIAGO,INDRHI,EMCI,,,37.0,https://indomet.gob.do/wp-content/uploads/2026/04/Temperaturas-extremas-y-precipitaciones-26-de-Abril-2026.pdf
2026-04-26,004,EL CERCADO,SAN JUAN,MINISTERIO DE AGRICULTURA,EMCV,,,22.0,https://indomet.gob.do/wp-content/uploads/2026/04/Temperaturas-extremas-y-precipitaciones-26-de-Abril-2026.pdf
2026-04-26,005,SALCEDO,HERMANAS MIRABAL,PROPIEDAD DEL EMPLEADO,EMCI,,,16.8,https://indomet.gob.do/wp-content/uploads/2026/04/Temperaturas-extremas-y-precipitaciones-26-de-Abril-2026.pdf
2026-04-26,006,SAJOMA (EMA),SANTIAGO,PLAN SIERRA,EMAI,,,16.0,https://indomet.gob.do/wp-content/uploads/2026/04/Temperaturas-extremas-y-precipitaciones-26-de-Abril-2026.pdf
2026-04-26,007,ALTAMIRA,PUERTO PLATA,HOSP. MPAL. DE ALTAMIRA,EMCI,30.4,19.5,12.6,https://indomet.gob.do/wp-content/uploads/2026/04/Temperaturas-extremas-y-precipitaciones-26-de-Abril-2026.pdf
2026-04-26,008,MAO,VALVERDE,INDRHI / MINISTERIO DE AGRICULTURA,EMCV,,,10.6,https://indomet.gob.do/wp-content/uploads/2026/04/Temperaturas-extremas-y-precipitaciones-26-de-Abril-2026.pdf
2026-04-26,009,MOCA,ESPAILLAT,MINISTERIO DE AGRICULTURA,EMCV,,,10.0,https://indomet.gob.do/wp-content/uploads/2026/04/Temperaturas-extremas-y-precipitaciones-26-de-Abril-2026.pdf
2026-04-26,010,SABANETA (EMA),SANTIAGO RODRÍGUEZ,PROGRAMA MUNDIAL DE ALIMENTO,EMAP,35.7,21.1,10.0,https://indomet.gob.do/wp-content/uploads/2026/04/Temperaturas-extremas-y-precipitaciones-26-de-Abril-2026.pdf
2026-04-26,011,SANTIAGO RODRÍGUEZ,SANTIAGO RODRÍGUEZ,INDOMET,EMCI,33.3,21.0,9.5,https://indomet.gob.do/wp-content/uploads/2026/04/Temperaturas-extremas-y-precipitaciones-26-de-Abril-2026.pdf
2026-04-26,012,GASPAR HERNÁNDEZ,ESPAILLAT,PROPIEDAD DEL EMPLEADO,EMCI,,,9.2,https://indomet.gob.do/wp-content/uploads/2026/04/Temperaturas-extremas-y-precipitaciones-26-de-Abril-2026.pdf
2026-04-26,013,BOCA DE MAO (EMA),VALVERDE,MINISTERIO DE AGRICULTURA,EMAP,,,9.0,https://indomet.gob.do/wp-content/uploads/2026/04/Temperaturas-extremas-y-precipitaciones-26-de-Abril-2026.pdf
2026-04-26,014,ARPT. DEL CIBAO,SANTIAGO,INDOMET,EMCI,32.1,20.9,8.7,https://indomet.gob.do/wp-content/uploads/2026/04/Temperaturas-extremas-y-precipitaciones-26-de-Abril-2026.pdf
2026-04-26,015,VILLA VASQUEZ (EMA),MONTE CRISTI,JUNTA DE REGANTES,EMAI,,,7.6,https://indomet.gob.do/wp-content/uploads/2026/04/Temperaturas-extremas-y-precipitaciones-26-de-Abril-2026.pdf
2026-04-26,016,ELÍAS PIÑA,ELÍAS PIÑA,MINISTERIO DE AGRICULTURA,EMCV,,,6.1,https://indomet.gob.do/wp-content/uploads/2026/04/Temperaturas-extremas-y-precipitaciones-26-de-Abril-2026.pdf
2026-04-26,017,ARROYO LORO,SAN JUAN,IDIAF,EMCI,31.8,18.3,3.6,https://indomet.gob.do/wp-content/uploads/2026/04/Temperaturas-extremas-y-precipitaciones-26-de-Abril-2026.pdf
2026-04-26,018,DAJABÓN,DAJABÓN,INSTITUTO POLITÉCNICO LOYOLA,EMCI,34.0,19.2,3.4,https://indomet.gob.do/wp-content/uploads/2026/04/Temperaturas-extremas-y-precipitaciones-26-de-Abril-2026.pdf
2026-04-26,019,HONDO VALLE,ELÍAS PIÑA,MINISTERIO DE AGRICULTURA,EMCI,25.6,15.1,3.1,https://indomet.gob.do/wp-content/uploads/2026/04/Temperaturas-extremas-y-precipitaciones-26-de-Abril-2026.pdf
2026-04-26,020,ARPT. GREGORIO LUPERÓN,PUERTO PLATA,INDOMET,EMCI,30.0,21.6,2.5,https://indomet.gob.do/wp-content/uploads/2026/04/Temperaturas-extremas-y-precipitaciones-26-de-Abril-2026.pdf
2026-04-26,021,JARABACOA (EMA),LA VEGA,PROGRAMA MUNDIAL DE ALIMENTO,EMAP,29.5,17.9,2.4,https://indomet.gob.do/wp-content/uploads/2026/04/Temperaturas-extremas-y-precipitaciones-26-de-Abril-2026.pdf
2026-04-26,022,JARABACOA,LA VEGA,INDRHI / MARENA,EMCI,30.6,15.2,2.1,https://indomet.gob.do/wp-content/uploads/2026/04/Temperaturas-extremas-y-precipitaciones-26-de-Abril-2026.pdf
2026-04-26,023,SANTO DOMINGO ESTE,SANTO DOMINGO,INDOMET,EMCI,31.0,23.9,1.6,https://indomet.gob.do/wp-content/uploads/2026/04/Temperaturas-extremas-y-precipitaciones-26-de-Abril-2026.pdf
2026-04-26,024,EL FACTOR (EMA),MARÍA TRINIDAD SÁNCHEZ,INTEC,EMAP,33.1,21.1,1.5,https://indomet.gob.do/wp-content/uploads/2026/04/Temperaturas-extremas-y-precipitaciones-26-de-Abril-2026.pdf
2026-04-26,025,NAVARRETE,SANTIAGO,MINISTERIO DE AGRICULTURA,EMCV,,,1.2,https://indomet.gob.do/wp-content/uploads/2026/04/Temperaturas-extremas-y-precipitaciones-26-de-Abril-2026.pdf
2026-04-26,026,RÍO SAN JUAN,MARÍA TRINIDAD SÁNCHEZ,HOSP. MPAL. DR. DESIDERIO ACOSTA,EMCV,32.0,21.9,0.8,https://indomet.gob.do/wp-content/uploads/2026/04/Temperaturas-extremas-y-precipitaciones-26-de-Abril-2026.pdf
2026-04-26,027,BUCARA (EMA),SANTIAGO,MINISTERIO DE AGRICULTURA,EMAI,,,0.6,https://indomet.gob.do/wp-content/uploads/2026/04/Temperaturas-extremas-y-precipitaciones-26-de-Abril-2026.pdf
2026-04-26,028,LA VEGA,LA VEGA,IATESA,EMCI,32.6,20.8,0.6,https://indomet.gob.do/wp-content/uploads/2026/04/Temperaturas-extremas-y-precipitaciones-26-de-Abril-2026.pdf
2026-04-26,029,ARPT. EL CATEY,SAMANÁ,INDOMET,EMCI,29.4,21.2,0.5,https://indomet.gob.do/wp-content/uploads/2026/04/Temperaturas-extremas-y-precipitaciones-26-de-Abril-2026.pdf
2026-04-26,030,VILLA GONZALES,SANTIAGO,MINISTERIO DE AGRICULTURA,EMCI,,,0.4,https://indomet.gob.do/wp-content/uploads/2026/04/Temperaturas-extremas-y-precipitaciones-26-de-Abril-2026.pdf
2026-04-26,031,BONAO,MONSEÑOR NOUEL,MINISTERIO DE AGRICULTURA,EMCV,,,0.3,https://indomet.gob.do/wp-content/uploads/2026/04/Temperaturas-extremas-y-precipitaciones-26-de-Abril-2026.pdf
2026-04-26,032,POLO,BARAHONA,INDOCAFE,EMCI,28.0,15.4,0.2,https://indomet.gob.do/wp-content/uploads/2026/04/Temperaturas-extremas-y-precipitaciones-26-de-Abril-2026.pdf
2026-04-26,033,TAMBORIL,SANTIAGO,MINISTERIO DE AGRICULTURA,EMCV,,,0.1,https://indomet.gob.do/wp-content/uploads/2026/04/Temperaturas-extremas-y-precipitaciones-26-de-Abril-2026.pdf
2026-04-26,034,ALTO BANDERA (EMA),LA VEGA,INTEC,EMAP,15.2,7.0,0.0,https://indomet.gob.do/wp-content/uploads/2026/04/Temperaturas-extremas-y-precipitaciones-26-de-Abril-2026.pdf
2026-04-26,035,ANAMUYA (EMA),LA ALTAGRACIA,MINISTERIO DE AGRICULTURA,EMAP,32.3,21.9,0.0,https://indomet.gob.do/wp-content/uploads/2026/04/Temperaturas-extremas-y-precipitaciones-26-de-Abril-2026.pdf
2026-04-26,036,ARPT. ARROYO BARRIL,SAMANÁ,INDOMET,EMCI,32.0,22.4,0.0,https://indomet.gob.do/wp-content/uploads/2026/04/Temperaturas-extremas-y-precipitaciones-26-de-Abril-2026.pdf
2026-04-26,037,ARPT. DE LA ROMANA,LA ROMANA,INDOMET,EMCI,30.5,21.0,0.0,https://indomet.gob.do/wp-content/uploads/2026/04/Temperaturas-extremas-y-precipitaciones-26-de-Abril-2026.pdf
2026-04-26,038,ARPT. DE LAS AMÉRICAS,SANTO DOMINGO,INDOMET,EMCI,29.4,21.1,0.0,https://indomet.gob.do/wp-content/uploads/2026/04/Temperaturas-extremas-y-precipitaciones-26-de-Abril-2026.pdf
2026-04-26,039,ARPT. DE PUNTA CANA,LA ALTAGRACIA,INDOMET,EMCI,29.8,22.0,0.0,https://indomet.gob.do/wp-content/uploads/2026/04/Temperaturas-extremas-y-precipitaciones-26-de-Abril-2026.pdf
2026-04-26,040,ARPT. LA ISABELA,SANTO DOMINGO,INDOMET,EMCI,32.8,20.1,0.0,https://indomet.gob.do/wp-content/uploads/2026/04/Temperaturas-extremas-y-precipitaciones-26-de-Abril-2026.pdf
2026-04-26,041,ARPT. MARÍA MONTEZ,BARAHONA,INDOMET,EMCI,30.8,23.1,0.0,https://indomet.gob.do/wp-content/uploads/2026/04/Temperaturas-extremas-y-precipitaciones-26-de-Abril-2026.pdf
2026-04-26,042,BANI (EMA),PERAVIA,MINISTERIO DE AGRICULTURA,EMAP,30.4,21.6,0.0,https://indomet.gob.do/wp-content/uploads/2026/04/Temperaturas-extremas-y-precipitaciones-26-de-Abril-2026.pdf
2026-04-26,043,BAYAGUANA,MONTE PLATA,INDOMET,EMCI,32.0,21.2,0.0,https://indomet.gob.do/wp-content/uploads/2026/04/Temperaturas-extremas-y-precipitaciones-26-de-Abril-2026.pdf
2026-04-26,044,BELLA VISTA (EMA),DISTRITO NACIONAL,PRIVADA,EMAP,,,0.0,https://indomet.gob.do/wp-content/uploads/2026/04/Temperaturas-extremas-y-precipitaciones-26-de-Abril-2026.pdf
2026-04-26,045,CABRAL,BARAHONA,MINISTERIO DE AGRICULTURA,EMCV,30.4,21.5,0.0,https://indomet.gob.do/wp-content/uploads/2026/04/Temperaturas-extremas-y-precipitaciones-26-de-Abril-2026.pdf
2026-04-26,046,CABRERA,MARÍA TRINIDAD SÁNCHEZ,ESCUELA ARÍSTIDES FIALLO CABRAL,EMCI,32.5,21.5,0.0,https://indomet.gob.do/wp-content/uploads/2026/04/Temperaturas-extremas-y-precipitaciones-26-de-Abril-2026.pdf
2026-04-26,047,CENTRO DE LOS HEROES (EMA),DISTRITO NACIONAL,MINISTERIO DE ENERGIA Y MINA,EMAP,30.4,25.4,0.0,https://indomet.gob.do/wp-content/uploads/2026/04/Temperaturas-extremas-y-precipitaciones-26-de-Abril-2026.pdf
2026-04-26,048,CONSTANZA,LA VEGA,MINISTERIO DE AGRICULTURA,EMCI,28.6,12.0,0.0,https://indomet.gob.do/wp-content/uploads/2026/04/Temperaturas-extremas-y-precipitaciones-26-de-Abril-2026.pdf
2026-04-26,049,CONSTANZA (EMA),LA VEGA,PROGRAMA MUNDIAL DE ALIMENTO,EMAP,26.8,13.7,0.0,https://indomet.gob.do/wp-content/uploads/2026/04/Temperaturas-extremas-y-precipitaciones-26-de-Abril-2026.pdf
2026-04-26,050,EL MILLON (EMA),DISTRITO NACIONAL,PRIVADA,EMAP,,,0.0,https://indomet.gob.do/wp-content/uploads/2026/04/Temperaturas-extremas-y-precipitaciones-26-de-Abril-2026.pdf
2026-04-26,051,EL SEIBO,EL SEIBO,MINISTERIO DE AGRICULTURA,EMCV,,,0.0,https://indomet.gob.do/wp-content/uploads/2026/04/Temperaturas-extremas-y-precipitaciones-26-de-Abril-2026.pdf
2026-04-26,052,ENRIQUILLO,BARAHONA,MINISTERIO DE AGRICULTURA,EMCV,32.5,19.7,0.0,https://indomet.gob.do/wp-content/uploads/2026/04/Temperaturas-extremas-y-precipitaciones-26-de-Abril-2026.pdf
2026-04-26,053,ENSANCHE LA FE (EMA),DISTRITO NACIONAL,PRIVADA,EMAP,,,0.0,https://indomet.gob.do/wp-content/uploads/2026/04/Temperaturas-extremas-y-precipitaciones-26-de-Abril-2026.pdf
2026-04-26,054,ESCONDIDO,PERAVIA,MINISTERIO DE AGRICULTURA,EMCV,30.0,21.0,0.0,https://indomet.gob.do/wp-content/uploads/2026/04/Temperaturas-extremas-y-precipitaciones-26-de-Abril-2026.pdf
2026-04-26,055,HATO MAYOR,HATO MAYOR,MINISTERIO DE AGRICULTURA,EMCV,,,0.0,https://indomet.gob.do/wp-content/uploads/2026/04/Temperaturas-extremas-y-precipitaciones-26-de-Abril-2026.pdf
2026-04-26,056,JARDÍN BOTÁNICO NACIONAL,DISTRITO NACIONAL,JARDÍN BOTÁNICO NACIONAL,EMCV,31.4,21.5,0.0,https://indomet.gob.do/wp-content/uploads/2026/04/Temperaturas-extremas-y-precipitaciones-26-de-Abril-2026.pdf
2026-04-26,057,JIMANÍ,INDEPENDENCIA,MINISTERIO DE AGRICULTURA,EMCI,33.5,21.8,0.0,https://indomet.gob.do/wp-content/uploads/2026/04/Temperaturas-extremas-y-precipitaciones-26-de-Abril-2026.pdf
2026-04-26,058,JUMA BEJUCAL,MONSEÑOR NOUEL,IDIAF,EMCV,31.2,21.6,0.0,https://indomet.gob.do/wp-content/uploads/2026/04/Temperaturas-extremas-y-precipitaciones-26-de-Abril-2026.pdf
2026-04-26,059,LA AGUSTINA (EMA),DISTRITO NACIONAL,PRIVADA,EMAP,,,0.0,https://indomet.gob.do/wp-content/uploads/2026/04/Temperaturas-extremas-y-precipitaciones-26-de-Abril-2026.pdf
2026-04-26,060,LA VICTORIA,SANTO DOMINGO,CUERPO DE BOMBEROS,EMCI,32.4,22.8,0.0,https://indomet.gob.do/wp-content/uploads/2026/04/Temperaturas-extremas-y-precipitaciones-26-de-Abril-2026.pdf
2026-04-26,061,LAS CANAS (EMA),MONTE CRISTI,PROGRAMA MUNDIAL DE ALIMENTO,EMAP,28.1,20.1,0.0,https://indomet.gob.do/wp-content/uploads/2026/04/Temperaturas-extremas-y-precipitaciones-26-de-Abril-2026.pdf
2026-04-26,062,LOS CACICAZGOS (EMA),DISTRITO NACIONAL,PRIVADA,EMAP,,,0.0,https://indomet.gob.do/wp-content/uploads/2026/04/Temperaturas-extremas-y-precipitaciones-26-de-Abril-2026.pdf
2026-04-26,063,LOS COCOS (EMA),BAHORUCO,PRIVADA,EMAP,,,0.0,https://indomet.gob.do/wp-content/uploads/2026/04/Temperaturas-extremas-y-precipitaciones-26-de-Abril-2026.pdf
2026-04-26,064,LOS LLANOS,SAN PEDRO DE MACORÍS,MINISTERIO DE AGRICULTURA,EMCI,32.2,21.9,0.0,https://indomet.gob.do/wp-content/uploads/2026/04/Temperaturas-extremas-y-precipitaciones-26-de-Abril-2026.pdf
2026-04-26,065,LOS PRADOS (EMA),DISTRITO NACIONAL,PRIVADA,EMAP,,,0.0,https://indomet.gob.do/wp-content/uploads/2026/04/Temperaturas-extremas-y-precipitaciones-26-de-Abril-2026.pdf
2026-04-26,066,MICHES (EMA),EL SEIBO,PRIVADA,EMAP,31.6,21.8,0.0,https://indomet.gob.do/wp-content/uploads/2026/04/Temperaturas-extremas-y-precipitaciones-26-de-Abril-2026.pdf
2026-04-26,067,MONCIÓN (EMA),SANTIAGO RODRÍGUEZ,PROGRAMA MUNDIAL DE ALIMENTO,EMAP,29.0,18.9,0.0,https://indomet.gob.do/wp-content/uploads/2026/04/Temperaturas-extremas-y-precipitaciones-26-de-Abril-2026.pdf
2026-04-26,068,MONTE CRISTI,MONTE CRISTI,INDOMET,EMCI,31.7,21.7,0.0,https://indomet.gob.do/wp-content/uploads/2026/04/Temperaturas-extremas-y-precipitaciones-26-de-Abril-2026.pdf
2026-04-26,069,OLIVARES,PEDERNALES,INDRHI,EMCI,,,0.0,https://indomet.gob.do/wp-content/uploads/2026/04/Temperaturas-extremas-y-precipitaciones-26-de-Abril-2026.pdf
2026-04-26,070,OVIEDO,PEDERNALES,CLÍNICA RURAL OVIEDO,EMCI,32.0,19.0,0.0,https://indomet.gob.do/wp-content/uploads/2026/04/Temperaturas-extremas-y-precipitaciones-26-de-Abril-2026.pdf
2026-04-26,071,PADRE LAS CASAS,AZUA,HOSP. NTRA. SRA. DEL CARMEN,EMCI,32.0,18.0,0.0,https://indomet.gob.do/wp-content/uploads/2026/04/Temperaturas-extremas-y-precipitaciones-26-de-Abril-2026.pdf
2026-04-26,072,PALO ÍNDIO,PUERTO PLATA,MINISTERIO DE AGRICULTURA,EMCI,,,0.0,https://indomet.gob.do/wp-content/uploads/2026/04/Temperaturas-extremas-y-precipitaciones-26-de-Abril-2026.pdf
2026-04-26,073,PASO AL MEDIO,SAN PEDRO DE MACORÍS,INDRHI,EMCI,,,0.0,https://indomet.gob.do/wp-content/uploads/2026/04/Temperaturas-extremas-y-precipitaciones-26-de-Abril-2026.pdf
2026-04-26,074,PEDERNALES,PEDERNALES,INDRHI,EMCI,,,0.0,https://indomet.gob.do/wp-content/uploads/2026/04/Temperaturas-extremas-y-precipitaciones-26-de-Abril-2026.pdf
2026-04-26,075,PERALTA,AZUA,HOSP. MPAL. DE PERALTA,EMCI,30.2,16.5,0.0,https://indomet.gob.do/wp-content/uploads/2026/04/Temperaturas-extremas-y-precipitaciones-26-de-Abril-2026.pdf
2026-04-26,076,PESCADERIA (EMA),BARAHONA,MINISTERIO DE AGRICULTURA,EMAP,,,0.0,https://indomet.gob.do/wp-content/uploads/2026/04/Temperaturas-extremas-y-precipitaciones-26-de-Abril-2026.pdf
2026-04-26,077,PONTÓN ABAJO (EMA),LA VEGA,MINISTERIO DE AGRICULTURA,EMAP,33.0,21.4,0.0,https://indomet.gob.do/wp-content/uploads/2026/04/Temperaturas-extremas-y-precipitaciones-26-de-Abril-2026.pdf
2026-04-26,078,PROLONGACION 27 DE FEBRERO,DISTRITO NACIONAL,PRIVADA,EMAP,,,0.0,https://indomet.gob.do/wp-content/uploads/2026/04/Temperaturas-extremas-y-precipitaciones-26-de-Abril-2026.pdf
2026-04-26,079,RANCHO ARRIBA,SAN JOSÉ DE OCOA,CENTRO TECNOLÓGICO COMUNITARIO,EMCI,27.9,17.8,0.0,https://indomet.gob.do/wp-content/uploads/2026/04/Temperaturas-extremas-y-precipitaciones-26-de-Abril-2026.pdf
2026-04-26,080,RESTAURACIÓN,DAJABÓN,MINISTERIO DE AGRICULTURA,EMCI,31.0,17.5,0.0,https://indomet.gob.do/wp-content/uploads/2026/04/Temperaturas-extremas-y-precipitaciones-26-de-Abril-2026.pdf
2026-04-26,081,SABANA DE LA MAR,HATO MAYOR,INDOMET,EMCI,33.4,21.6,0.0,https://indomet.gob.do/wp-content/uploads/2026/04/Temperaturas-extremas-y-precipitaciones-26-de-Abril-2026.pdf
2026-04-26,082,SABANA GRANDE DE BOYÁ,MONTE PLATA,MINISTERIO DE AGRICULTURA,EMCV,,,0.0,https://indomet.gob.do/wp-content/uploads/2026/04/Temperaturas-extremas-y-precipitaciones-26-de-Abril-2026.pdf
2026-04-26,083,SAMANÁ,SAMANÁ,COMANDANCIA DE PUERTO DE SAMANÁ,EMCI,32.7,17.5,0.0,https://indomet.gob.do/wp-content/uploads/2026/04/Temperaturas-extremas-y-precipitaciones-26-de-Abril-2026.pdf
2026-04-26,084,SAN CRISTÓBAL,SAN CRISTÓBAL,INSTITUTO POLITÉCNICO LOYOLA,EMCI,32.0,21.2,0.0,https://indomet.gob.do/wp-content/uploads/2026/04/Temperaturas-extremas-y-precipitaciones-26-de-Abril-2026.pdf
2026-04-26,085,SAN FRANCISCO DE MACORÍS,DUARTE,San Francisco de Macorís (UASD),EMCI,32.2,21.3,0.0,https://indomet.gob.do/wp-content/uploads/2026/04/Temperaturas-extremas-y-precipitaciones-26-de-Abril-2026.pdf
2026-04-26,086,SAN JOSÉ DE OCOA,SAN JOSÉ DE OCOA,HOSP. SAN JOSÉ DE OCOA,EMCI,28.4,19.5,0.0,https://indomet.gob.do/wp-content/uploads/2026/04/Temperaturas-extremas-y-precipitaciones-26-de-Abril-2026.pdf
2026-04-26,087,SAN RAFAEL DEL YUMA,LA ALTAGRACIA,MINISTERIO DE AGRICULTURA,EMCI,34.9,21.8,0.0,https://indomet.gob.do/wp-content/uploads/2026/04/Temperaturas-extremas-y-precipitaciones-26-de-Abril-2026.pdf
2026-04-26,088,SÁNCHEZ,SAMANÁ,MINISTERIO DE AGRICULTURA,EMCI,31.5,21.4,0.0,https://indomet.gob.do/wp-content/uploads/2026/04/Temperaturas-extremas-y-precipitaciones-26-de-Abril-2026.pdf
2026-04-26,089,TÁBARA ABAJO,AZUA,INDRHI,EMCI,31.5,19.0,0.0,https://indomet.gob.do/wp-content/uploads/2026/04/Temperaturas-extremas-y-precipitaciones-26-de-Abril-2026.pdf
2026-04-26,090,VALLE NUEVO (EMA),LA VEGA,MARENA,EMAI,15.7,7.0,0.0,https://indomet.gob.do/wp-content/uploads/2026/04/Temperaturas-extremas-y-precipitaciones-26-de-Abril-2026.pdf
2026-04-26,091,VILLA ALTAGRACIA,SAN CRISTÓBAL,ESCUELA JAVIER ANGULO GURIDI,EMCI,,,0.0,https://indomet.gob.do/wp-content/uploads/2026/04/Temperaturas-extremas-y-precipitaciones-26-de-Abril-2026.pdf
2026-04-26,092,VILLA ISABELA,PUERTO PLATA,MINISTERIO DE AGRICULTURA,EMCV,30.5,20.0,0.0,https://indomet.gob.do/wp-content/uploads/2026/04/Temperaturas-extremas-y-precipitaciones-26-de-Abril-2026.pdf
2026-04-26,093,VILLA RIVA,DUARTE,HOSP. MPAL. ALICIA DE LEGENDRE,EMCI,32.4,21.0,0.0,https://indomet.gob.do/wp-content/uploads/2026/04/Temperaturas-extremas-y-precipitaciones-26-de-Abril-2026.pdf
2026-04-26,094,PRESA DE TAVERAS (EMA),LA VEGA,PROGRAMA MUNDIAL DE ALIMENTO,EMAP,31.0,19.6,,https://indomet.gob.do/wp-content/uploads/2026/04/Temperaturas-extremas-y-precipitaciones-26-de-Abril-2026.pdf
2026-04-27,001,EL FACTOR (EMA),MARÍA TRINIDAD SÁNCHEZ,INTEC,EMAP,31.3,21.1,72.4,https://indomet.gob.do/wp-content/uploads/2026/04/temperaturas-extremas-y-precipitaciones-2026x04x27-a.pdf
2026-04-27,002,EL CERCADO,SAN JUAN,MINISTERIO DE AGRICULTURA,EMCV,,,48.8,https://indomet.gob.do/wp-content/uploads/2026/04/temperaturas-extremas-y-precipitaciones-2026x04x27-a.pdf
2026-04-27,003,ARPT. EL CATEY,SAMANÁ,INDOMET,EMCI,30.0,21.0,47.5,https://indomet.gob.do/wp-content/uploads/2026/04/temperaturas-extremas-y-precipitaciones-2026x04x27-a.pdf
2026-04-27,004,SÁNCHEZ,SAMANÁ,MINISTERIO DE AGRICULTURA,EMCI,33.7,19.8,43.6,https://indomet.gob.do/wp-content/uploads/2026/04/temperaturas-extremas-y-precipitaciones-2026x04x27-a.pdf
2026-04-27,005,ARROYO LORO,SAN JUAN,IDIAF,EMCI,33.1,19.8,42.1,https://indomet.gob.do/wp-content/uploads/2026/04/temperaturas-extremas-y-precipitaciones-2026x04x27-a.pdf
2026-04-27,006,ARPT. MARÍA MONTEZ,BARAHONA,INDOMET,EMCI,31.5,22.8,39.6,https://indomet.gob.do/wp-content/uploads/2026/04/temperaturas-extremas-y-precipitaciones-2026x04x27-a.pdf
2026-04-27,007,LA VEGA,LA VEGA,IATESA,EMCI,29.5,21.5,36.3,https://indomet.gob.do/wp-content/uploads/2026/04/temperaturas-extremas-y-precipitaciones-2026x04x27-a.pdf
2026-04-27,008,VILLA RIVA,DUARTE,HOSP. MPAL. ALICIA DE LEGENDRE,EMCI,33.0,22.0,21.0,https://indomet.gob.do/wp-content/uploads/2026/04/temperaturas-extremas-y-precipitaciones-2026x04x27-a.pdf
2026-04-27,009,PRESA DE TAVERAS (EMA),LA VEGA,PROGRAMA MUNDIAL DE ALIMENTO,EMAP,24.7,20.3,20.8,https://indomet.gob.do/wp-content/uploads/2026/04/temperaturas-extremas-y-precipitaciones-2026x04x27-a.pdf
2026-04-27,010,SAJOMA (EMA),SANTIAGO,PLAN SIERRA,EMAI,,,20.6,https://indomet.gob.do/wp-content/uploads/2026/04/temperaturas-extremas-y-precipitaciones-2026x04x27-a.pdf
2026-04-27,011,JUMA BEJUCAL,MONSEÑOR NOUEL,IDIAF,EMCV,31.6,21.4,19.2,https://indomet.gob.do/wp-content/uploads/2026/04/temperaturas-extremas-y-precipitaciones-2026x04x27-a.pdf
2026-04-27,012,SAMANÁ,SAMANÁ,COMANDANCIA DE PUERTO DE SAMANÁ,EMCI,32.7,16.9,19.0,https://indomet.gob.do/wp-content/uploads/2026/04/temperaturas-extremas-y-precipitaciones-2026x04x27-a.pdf
2026-04-27,013,SAN FRANCISCO DE MACORÍS,DUARTE,San Francisco de Macorís (UASD),EMCI,,,13.2,https://indomet.gob.do/wp-content/uploads/2026/04/temperaturas-extremas-y-precipitaciones-2026x04x27-a.pdf
2026-04-27,014,SALCEDO,HERMANAS MIRABAL,PROPIEDAD DEL EMPLEADO,EMCI,,,12.4,https://indomet.gob.do/wp-content/uploads/2026/04/temperaturas-extremas-y-precipitaciones-2026x04x27-a.pdf
2026-04-27,015,BONAO,MONSEÑOR NOUEL,MINISTERIO DE AGRICULTURA,EMCV,,,12.2,https://indomet.gob.do/wp-content/uploads/2026/04/temperaturas-extremas-y-precipitaciones-2026x04x27-a.pdf
2026-04-27,016,OLIVARES,PEDERNALES,INDRHI,EMCI,,,10.0,https://indomet.gob.do/wp-content/uploads/2026/04/temperaturas-extremas-y-precipitaciones-2026x04x27-a.pdf
2026-04-27,017,CABRERA,MARÍA TRINIDAD SÁNCHEZ,ESCUELA ARÍSTIDES FIALLO CABRAL,EMCI,32.8,22.5,9.3,https://indomet.gob.do/wp-content/uploads/2026/04/temperaturas-extremas-y-precipitaciones-2026x04x27-a.pdf
2026-04-27,018,ARPT. ARROYO BARRIL,SAMANÁ,INDOMET,EMCI,32.6,21.5,8.8,https://indomet.gob.do/wp-content/uploads/2026/04/temperaturas-extremas-y-precipitaciones-2026x04x27-a.pdf
2026-04-27,019,RÍO SAN JUAN,MARÍA TRINIDAD SÁNCHEZ,HOSP. MPAL. DR. DESIDERIO ACOSTA,EMCV,31.2,22.4,3.8,https://indomet.gob.do/wp-content/uploads/2026/04/temperaturas-extremas-y-precipitaciones-2026x04x27-a.pdf
2026-04-27,020,ARPT. DEL CIBAO,SANTIAGO,INDOMET,EMCI,32.8,20.8,3.6,https://indomet.gob.do/wp-content/uploads/2026/04/temperaturas-extremas-y-precipitaciones-2026x04x27-a.pdf
2026-04-27,021,SANTIAGO RODRÍGUEZ,SANTIAGO RODRÍGUEZ,INDOMET,EMCI,33.7,22.1,3.2,https://indomet.gob.do/wp-content/uploads/2026/04/temperaturas-extremas-y-precipitaciones-2026x04x27-a.pdf
2026-04-27,022,SABANETA (EMA),SANTIAGO RODRÍGUEZ,PROGRAMA MUNDIAL DE ALIMENTO,EMAP,34.3,20.3,2.8,https://indomet.gob.do/wp-content/uploads/2026/04/temperaturas-extremas-y-precipitaciones-2026x04x27-a.pdf
2026-04-27,023,NAVARRETE,SANTIAGO,MINISTERIO DE AGRICULTURA,EMCV,,,2.8,https://indomet.gob.do/wp-content/uploads/2026/04/temperaturas-extremas-y-precipitaciones-2026x04x27-a.pdf
2026-04-27,024,SABANA DE LA MAR,HATO MAYOR,INDOMET,EMCI,32.4,21.0,2.4,https://indomet.gob.do/wp-content/uploads/2026/04/temperaturas-extremas-y-precipitaciones-2026x04x27-a.pdf
2026-04-27,025,JARDÍN BOTÁNICO SANTIAGO (EMSANTIAGO,,JARDIN BOTANICO SANTIAGO,EMAI,32.5,25.4,2.2,https://indomet.gob.do/wp-content/uploads/2026/04/temperaturas-extremas-y-precipitaciones-2026x04x27-a.pdf
2026-04-27,026,LOS COCOS (EMA),BAHORUCO,PRIVADA,EMAP,,,2.2,https://indomet.gob.do/wp-content/uploads/2026/04/temperaturas-extremas-y-precipitaciones-2026x04x27-a.pdf
2026-04-27,027,POLO,BARAHONA,INDOCAFE,EMCI,29.0,16.0,2.0,https://indomet.gob.do/wp-content/uploads/2026/04/temperaturas-extremas-y-precipitaciones-2026x04x27-a.pdf
2026-04-27,028,BOCA DE MAO (EMA),VALVERDE,MINISTERIO DE AGRICULTURA,EMAP,33.3,22.7,1.8,https://indomet.gob.do/wp-content/uploads/2026/04/temperaturas-extremas-y-precipitaciones-2026x04x27-a.pdf
2026-04-27,029,JIMANÍ,INDEPENDENCIA,MINISTERIO DE AGRICULTURA,EMCI,34.5,22.5,1.8,https://indomet.gob.do/wp-content/uploads/2026/04/temperaturas-extremas-y-precipitaciones-2026x04x27-a.pdf
2026-04-27,030,VILLA GONZALES,SANTIAGO,MINISTERIO DE AGRICULTURA,EMCI,,,1.8,https://indomet.gob.do/wp-content/uploads/2026/04/temperaturas-extremas-y-precipitaciones-2026x04x27-a.pdf
2026-04-27,031,ARPT. GREGORIO LUPERÓN,PUERTO PLATA,INDOMET,EMCI,29.0,21.2,1.5,https://indomet.gob.do/wp-content/uploads/2026/04/temperaturas-extremas-y-precipitaciones-2026x04x27-a.pdf
2026-04-27,032,ALTAMIRA,PUERTO PLATA,HOSP. MPAL. DE ALTAMIRA,EMCI,31.6,20.9,1.4,https://indomet.gob.do/wp-content/uploads/2026/04/temperaturas-extremas-y-precipitaciones-2026x04x27-a.pdf
2026-04-27,033,JARABACOA,LA VEGA,INDRHI / MARENA,EMCI,31.0,15.6,1.1,https://indomet.gob.do/wp-content/uploads/2026/04/temperaturas-extremas-y-precipitaciones-2026x04x27-a.pdf
2026-04-27,034,SAN JOSÉ DE OCOA,SAN JOSÉ DE OCOA,HOSP. SAN JOSÉ DE OCOA,EMCI,30.8,17.6,0.8,https://indomet.gob.do/wp-content/uploads/2026/04/temperaturas-extremas-y-precipitaciones-2026x04x27-a.pdf
2026-04-27,035,PEDERNALES,PEDERNALES,INDRHI,EMCI,,,0.7,https://indomet.gob.do/wp-content/uploads/2026/04/temperaturas-extremas-y-precipitaciones-2026x04x27-a.pdf
2026-04-27,036,ARPT. DE LAS AMÉRICAS,SANTO DOMINGO,INDOMET,EMCI,30.8,21.7,0.3,https://indomet.gob.do/wp-content/uploads/2026/04/temperaturas-extremas-y-precipitaciones-2026x04x27-a.pdf
2026-04-27,037,SANTO DOMINGO ESTE,SANTO DOMINGO,INDOMET,EMCI,30.8,23.5,0.3,https://indomet.gob.do/wp-content/uploads/2026/04/temperaturas-extremas-y-precipitaciones-2026x04x27-a.pdf
2026-04-27,038,BASE AÉREA DE SAN ISIDRO,SANTO DOMINGO,FUERZA AÉREA DOMINICANA,EMCV,29.0,21.4,0.2,https://indomet.gob.do/wp-content/uploads/2026/04/temperaturas-extremas-y-precipitaciones-2026x04x27-a.pdf
2026-04-27,039,MONCIÓN (EMA),SANTIAGO RODRÍGUEZ,PROGRAMA MUNDIAL DE ALIMENTO,EMAP,31.6,17.3,0.2,https://indomet.gob.do/wp-content/uploads/2026/04/temperaturas-extremas-y-precipitaciones-2026x04x27-a.pdf
2026-04-27,040,PERALTA,AZUA,HOSP. MPAL. DE PERALTA,EMCI,30.8,17.4,0.1,https://indomet.gob.do/wp-content/uploads/2026/04/temperaturas-extremas-y-precipitaciones-2026x04x27-a.pdf
2026-04-27,041,ALTO BANDERA (EMA),LA VEGA,INTEC,EMAP,11.1,7.6,0.0,https://indomet.gob.do/wp-content/uploads/2026/04/temperaturas-extremas-y-precipitaciones-2026x04x27-a.pdf
2026-04-27,042,ANAMUYA (EMA),LA ALTAGRACIA,MINISTERIO DE AGRICULTURA,EMAP,30.6,21.8,0.0,https://indomet.gob.do/wp-content/uploads/2026/04/temperaturas-extremas-y-precipitaciones-2026x04x27-a.pdf
2026-04-27,043,ARPT. DE LA ROMANA,LA ROMANA,INDOMET,EMCI,30.8,21.0,0.0,https://indomet.gob.do/wp-content/uploads/2026/04/temperaturas-extremas-y-precipitaciones-2026x04x27-a.pdf
2026-04-27,044,ARPT. DE PUNTA CANA,LA ALTAGRACIA,INDOMET,EMCI,29.7,22.5,0.0,https://indomet.gob.do/wp-content/uploads/2026/04/temperaturas-extremas-y-precipitaciones-2026x04x27-a.pdf
2026-04-27,045,ARPT. LA ISABELA,SANTO DOMINGO,INDOMET,EMCI,32.8,20.5,0.0,https://indomet.gob.do/wp-content/uploads/2026/04/temperaturas-extremas-y-precipitaciones-2026x04x27-a.pdf
2026-04-27,046,BANI (EMA),PERAVIA,MINISTERIO DE AGRICULTURA,EMAP,29.3,24.5,0.0,https://indomet.gob.do/wp-content/uploads/2026/04/temperaturas-extremas-y-precipitaciones-2026x04x27-a.pdf
2026-04-27,047,BAYAGUANA,MONTE PLATA,INDOMET,EMCI,32.0,20.6,0.0,https://indomet.gob.do/wp-content/uploads/2026/04/temperaturas-extremas-y-precipitaciones-2026x04x27-a.pdf
2026-04-27,048,BELLA VISTA (EMA),DISTRITO NACIONAL,PRIVADA,EMAP,,,0.0,https://indomet.gob.do/wp-content/uploads/2026/04/temperaturas-extremas-y-precipitaciones-2026x04x27-a.pdf
2026-04-27,049,BUCARA (EMA),SANTIAGO,MINISTERIO DE AGRICULTURA,EMAI,,,0.0,https://indomet.gob.do/wp-content/uploads/2026/04/temperaturas-extremas-y-precipitaciones-2026x04x27-a.pdf
2026-04-27,050,CABRAL,BARAHONA,MINISTERIO DE AGRICULTURA,EMCV,31.8,22.7,0.0,https://indomet.gob.do/wp-content/uploads/2026/04/temperaturas-extremas-y-precipitaciones-2026x04x27-a.pdf
2026-04-27,051,CENTRO DE LOS HEROES (EMA),DISTRITO NACIONAL,MINISTERIO DE ENERGIA Y MINA,EMAP,30.3,24.7,0.0,https://indomet.gob.do/wp-content/uploads/2026/04/temperaturas-extremas-y-precipitaciones-2026x04x27-a.pdf
2026-04-27,052,CONSTANZA,LA VEGA,MINISTERIO DE AGRICULTURA,EMCI,29.5,13.3,0.0,https://indomet.gob.do/wp-content/uploads/2026/04/temperaturas-extremas-y-precipitaciones-2026x04x27-a.pdf
2026-04-27,053,CONSTANZA (EMA),LA VEGA,PROGRAMA MUNDIAL DE ALIMENTO,EMAP,24.4,9.3,0.0,https://indomet.gob.do/wp-content/uploads/2026/04/temperaturas-extremas-y-precipitaciones-2026x04x27-a.pdf
2026-04-27,054,DAJABÓN,DAJABÓN,INSTITUTO POLITÉCNICO LOYOLA,EMCI,34.4,19.3,0.0,https://indomet.gob.do/wp-content/uploads/2026/04/temperaturas-extremas-y-precipitaciones-2026x04x27-a.pdf
2026-04-27,055,EL MILLON (EMA),DISTRITO NACIONAL,PRIVADA,EMAP,,,0.0,https://indomet.gob.do/wp-content/uploads/2026/04/temperaturas-extremas-y-precipitaciones-2026x04x27-a.pdf
2026-04-27,056,ELÍAS PIÑA,ELÍAS PIÑA,MINISTERIO DE AGRICULTURA,EMCV,,,0.0,https://indomet.gob.do/wp-content/uploads/2026/04/temperaturas-extremas-y-precipitaciones-2026x04x27-a.pdf
2026-04-27,057,ENRIQUILLO,BARAHONA,MINISTERIO DE AGRICULTURA,EMCV,32.5,22.0,0.0,https://indomet.gob.do/wp-content/uploads/2026/04/temperaturas-extremas-y-precipitaciones-2026x04x27-a.pdf
2026-04-27,058,ENSANCHE LA FE (EMA),DISTRITO NACIONAL,PRIVADA,EMAP,,,0.0,https://indomet.gob.do/wp-content/uploads/2026/04/temperaturas-extremas-y-precipitaciones-2026x04x27-a.pdf
2026-04-27,059,ESCONDIDO,PERAVIA,MINISTERIO DE AGRICULTURA,EMCV,31.0,22.0,0.0,https://indomet.gob.do/wp-content/uploads/2026/04/temperaturas-extremas-y-precipitaciones-2026x04x27-a.pdf
2026-04-27,060,GASPAR HERNÁNDEZ,ESPAILLAT,PROPIEDAD DEL EMPLEADO,EMCI,,,0.0,https://indomet.gob.do/wp-content/uploads/2026/04/temperaturas-extremas-y-precipitaciones-2026x04x27-a.pdf
2026-04-27,061,GURABO,SANTIAGO,MINISTERIO DE AGRICULTURA,EMCV,,,0.0,https://indomet.gob.do/wp-content/uploads/2026/04/temperaturas-extremas-y-precipitaciones-2026x04x27-a.pdf
2026-04-27,062,HATO MAYOR,HATO MAYOR,MINISTERIO DE AGRICULTURA,EMCV,,,0.0,https://indomet.gob.do/wp-content/uploads/2026/04/temperaturas-extremas-y-precipitaciones-2026x04x27-a.pdf
2026-04-27,063,JARABACOA (EMA),LA VEGA,PROGRAMA MUNDIAL DE ALIMENTO,EMAP,27.4,16.2,0.0,https://indomet.gob.do/wp-content/uploads/2026/04/temperaturas-extremas-y-precipitaciones-2026x04x27-a.pdf
2026-04-27,064,LA AGUSTINA (EMA),DISTRITO NACIONAL,PRIVADA,EMAP,,,0.0,https://indomet.gob.do/wp-content/uploads/2026/04/temperaturas-extremas-y-precipitaciones-2026x04x27-a.pdf
2026-04-27,065,LA VICTORIA,SANTO DOMINGO,CUERPO DE BOMBEROS,EMCI,31.0,22.5,0.0,https://indomet.gob.do/wp-content/uploads/2026/04/temperaturas-extremas-y-precipitaciones-2026x04x27-a.pdf
2026-04-27,066,LAS CANAS (EMA),MONTE CRISTI,PROGRAMA MUNDIAL DE ALIMENTO,EMAP,,,0.0,https://indomet.gob.do/wp-content/uploads/2026/04/temperaturas-extremas-y-precipitaciones-2026x04x27-a.pdf
2026-04-27,067,LOS CACICAZGOS (EMA),DISTRITO NACIONAL,PRIVADA,EMAP,,,0.0,https://indomet.gob.do/wp-content/uploads/2026/04/temperaturas-extremas-y-precipitaciones-2026x04x27-a.pdf
2026-04-27,068,LOS LLANOS,SAN PEDRO DE MACORÍS,MINISTERIO DE AGRICULTURA,EMCI,33.0,22.7,0.0,https://indomet.gob.do/wp-content/uploads/2026/04/temperaturas-extremas-y-precipitaciones-2026x04x27-a.pdf
2026-04-27,069,LOS PRADOS (EMA),DISTRITO NACIONAL,PRIVADA,EMAP,,,0.0,https://indomet.gob.do/wp-content/uploads/2026/04/temperaturas-extremas-y-precipitaciones-2026x04x27-a.pdf
2026-04-27,070,MICHES (EMA),EL SEIBO,PRIVADA,EMAP,30.6,20.1,0.0,https://indomet.gob.do/wp-content/uploads/2026/04/temperaturas-extremas-y-precipitaciones-2026x04x27-a.pdf
2026-04-27,071,MONTE CRISTI,MONTE CRISTI,INDOMET,EMCI,32.0,21.9,0.0,https://indomet.gob.do/wp-content/uploads/2026/04/temperaturas-extremas-y-precipitaciones-2026x04x27-a.pdf
2026-04-27,072,OVIEDO,PEDERNALES,CLÍNICA RURAL OVIEDO,EMCI,32.0,19.0,0.0,https://indomet.gob.do/wp-content/uploads/2026/04/temperaturas-extremas-y-precipitaciones-2026x04x27-a.pdf
2026-04-27,073,PADRE LAS CASAS,AZUA,HOSP. NTRA. SRA. DEL CARMEN,EMCI,33.0,19.0,0.0,https://indomet.gob.do/wp-content/uploads/2026/04/temperaturas-extremas-y-precipitaciones-2026x04x27-a.pdf
2026-04-27,074,PALO ÍNDIO,PUERTO PLATA,MINISTERIO DE AGRICULTURA,EMCI,,,0.0,https://indomet.gob.do/wp-content/uploads/2026/04/temperaturas-extremas-y-precipitaciones-2026x04x27-a.pdf
2026-04-27,075,PESCADERIA (EMA),BARAHONA,MINISTERIO DE AGRICULTURA,EMAP,,,0.0,https://indomet.gob.do/wp-content/uploads/2026/04/temperaturas-extremas-y-precipitaciones-2026x04x27-a.pdf
2026-04-27,076,PONTÓN ABAJO (EMA),LA VEGA,MINISTERIO DE AGRICULTURA,EMAP,31.2,22.3,0.0,https://indomet.gob.do/wp-content/uploads/2026/04/temperaturas-extremas-y-precipitaciones-2026x04x27-a.pdf
2026-04-27,077,PROLONGACION 27 DE FEBRERO,DISTRITO NACIONAL,PRIVADA,EMAP,,,0.0,https://indomet.gob.do/wp-content/uploads/2026/04/temperaturas-extremas-y-precipitaciones-2026x04x27-a.pdf
2026-04-27,078,RANCHO ARRIBA,SAN JOSÉ DE OCOA,CENTRO TECNOLÓGICO COMUNITARIO,EMCI,30.3,18.7,0.0,https://indomet.gob.do/wp-content/uploads/2026/04/temperaturas-extremas-y-precipitaciones-2026x04x27-a.pdf
2026-04-27,079,RESTAURACIÓN,DAJABÓN,MINISTERIO DE AGRICULTURA,EMCI,30.4,16.7,0.0,https://indomet.gob.do/wp-content/uploads/2026/04/temperaturas-extremas-y-precipitaciones-2026x04x27-a.pdf
2026-04-27,080,SABANA GRANDE DE BOYÁ,MONTE PLATA,MINISTERIO DE AGRICULTURA,EMCV,,,0.0,https://indomet.gob.do/wp-content/uploads/2026/04/temperaturas-extremas-y-precipitaciones-2026x04x27-a.pdf
2026-04-27,081,SAN CRISTÓBAL,SAN CRISTÓBAL,INSTITUTO POLITÉCNICO LOYOLA,EMCI,31.2,20.2,0.0,https://indomet.gob.do/wp-content/uploads/2026/04/temperaturas-extremas-y-precipitaciones-2026x04x27-a.pdf
2026-04-27,082,SAN RAFAEL DEL YUMA,LA ALTAGRACIA,MINISTERIO DE AGRICULTURA,EMCI,33.0,22.8,0.0,https://indomet.gob.do/wp-content/uploads/2026/04/temperaturas-extremas-y-precipitaciones-2026x04x27-a.pdf
2026-04-27,083,TÁBARA ABAJO,AZUA,INDRHI,EMCI,31.8,21.0,0.0,https://indomet.gob.do/wp-content/uploads/2026/04/temperaturas-extremas-y-precipitaciones-2026x04x27-a.pdf
2026-04-27,084,VILLA ISABELA,PUERTO PLATA,MINISTERIO DE AGRICULTURA,EMCV,31.8,20.0,0.0,https://indomet.gob.do/wp-content/uploads/2026/04/temperaturas-extremas-y-precipitaciones-2026x04x27-a.pdf
2026-04-27,085,VILLA VASQUEZ (EMA),MONTE CRISTI,JUNTA DE REGANTES,EMAI,,,0.0,https://indomet.gob.do/wp-content/uploads/2026/04/temperaturas-extremas-y-precipitaciones-2026x04x27-a.pdf
2026-04-27,086,JARDÍN BOTÁNICO NACIONAL,DISTRITO NACIONAL,JARDÍN BOTÁNICO NACIONAL,EMCV,31.7,19.1,0.0,https://indomet.gob.do/wp-content/uploads/2026/04/temperaturas-extremas-y-precipitaciones-2026x04x27-a.pdf
2026-04-28,001,EL CERCADO,SAN JUAN,MINISTERIO DE AGRICULTURA,EMCV,,,60.6,https://indomet.gob.do/wp-content/uploads/2026/04/Temperaturas-extremas-y-precipitaciones-28-de-Abril-2026.pdf
2026-04-28,002,LUPERÓN,PUERTO PLATA,MINISTERIO DE AGRICULTURA,EMCV,,,56.9,https://indomet.gob.do/wp-content/uploads/2026/04/Temperaturas-extremas-y-precipitaciones-28-de-Abril-2026.pdf
2026-04-28,003,JIMANÍ,INDEPENDENCIA,MINISTERIO DE AGRICULTURA,EMCI,33.8,22.0,41.5,https://indomet.gob.do/wp-content/uploads/2026/04/Temperaturas-extremas-y-precipitaciones-28-de-Abril-2026.pdf
2026-04-28,004,DAJABÓN,DAJABÓN,INSTITUTO POLITÉCNICO LOYOLA,EMCI,33.9,18.7,39.6,https://indomet.gob.do/wp-content/uploads/2026/04/Temperaturas-extremas-y-precipitaciones-28-de-Abril-2026.pdf
2026-04-28,005,SAN JOSÉ DE OCOA,SAN JOSÉ DE OCOA,HOSP. SAN JOSÉ DE OCOA,EMCI,30.6,17.6,38.2,https://indomet.gob.do/wp-content/uploads/2026/04/Temperaturas-extremas-y-precipitaciones-28-de-Abril-2026.pdf
2026-04-28,006,SAMANÁ,SAMANÁ,COMANDANCIA DE PUERTO DE SAMANÁ,EMCI,32.8,17.4,35.0,https://indomet.gob.do/wp-content/uploads/2026/04/Temperaturas-extremas-y-precipitaciones-28-de-Abril-2026.pdf
2026-04-28,007,ALTAMIRA,PUERTO PLATA,HOSP. MPAL. DE ALTAMIRA,EMCI,32.1,19.6,30.0,https://indomet.gob.do/wp-content/uploads/2026/04/Temperaturas-extremas-y-precipitaciones-28-de-Abril-2026.pdf
2026-04-28,008,VILLA VASQUEZ (EMA),MONTE CRISTI,JUNTA DE REGANTES,EMAI,,,26.1,https://indomet.gob.do/wp-content/uploads/2026/04/Temperaturas-extremas-y-precipitaciones-28-de-Abril-2026.pdf
2026-04-28,009,SANTIAGO RODRÍGUEZ,SANTIAGO RODRÍGUEZ,INDOMET,EMCI,34.2,22.0,25.1,https://indomet.gob.do/wp-content/uploads/2026/04/Temperaturas-extremas-y-precipitaciones-28-de-Abril-2026.pdf
2026-04-28,010,SABANETA (EMA),SANTIAGO RODRÍGUEZ,PROGRAMA MUNDIAL DE ALIMENTO,EMAP,33.8,21.3,23.2,https://indomet.gob.do/wp-content/uploads/2026/04/Temperaturas-extremas-y-precipitaciones-28-de-Abril-2026.pdf
2026-04-28,011,LA VICTORIA,SANTO DOMINGO,CUERPO DE BOMBEROS,EMCI,34.5,22.2,22.8,https://indomet.gob.do/wp-content/uploads/2026/04/Temperaturas-extremas-y-precipitaciones-28-de-Abril-2026.pdf
2026-04-28,012,CABRERA,MARÍA TRINIDAD SÁNCHEZ,ESCUELA ARÍSTIDES FIALLO CABRAL,EMCI,32.2,23.0,22.2,https://indomet.gob.do/wp-content/uploads/2026/04/Temperaturas-extremas-y-precipitaciones-28-de-Abril-2026.pdf
2026-04-28,013,GASPAR HERNÁNDEZ,ESPAILLAT,PROPIEDAD DEL EMPLEADO,EMCI,,,20.6,https://indomet.gob.do/wp-content/uploads/2026/04/Temperaturas-extremas-y-precipitaciones-28-de-Abril-2026.pdf
2026-04-28,014,SAN FRANCISCO DE MACORÍS,DUARTE,San Francisco de Macorís (UASD),EMCI,32.3,21.2,19.8,https://indomet.gob.do/wp-content/uploads/2026/04/Temperaturas-extremas-y-precipitaciones-28-de-Abril-2026.pdf
2026-04-28,015,RANCHO ARRIBA,SAN JOSÉ DE OCOA,CENTRO TECNOLÓGICO COMUNITARIO,EMCI,30.5,17.6,19.5,https://indomet.gob.do/wp-content/uploads/2026/04/Temperaturas-extremas-y-precipitaciones-28-de-Abril-2026.pdf
2026-04-28,016,PALO ÍNDIO,PUERTO PLATA,MINISTERIO DE AGRICULTURA,EMCI,,,18.3,https://indomet.gob.do/wp-content/uploads/2026/04/Temperaturas-extremas-y-precipitaciones-28-de-Abril-2026.pdf
2026-04-28,017,ELÍAS PIÑA,ELÍAS PIÑA,MINISTERIO DE AGRICULTURA,EMCV,,,18.1,https://indomet.gob.do/wp-content/uploads/2026/04/Temperaturas-extremas-y-precipitaciones-28-de-Abril-2026.pdf
2026-04-28,018,VILLA RIVA,DUARTE,HOSP. MPAL. ALICIA DE LEGENDRE,EMCI,31.2,21.4,17.5,https://indomet.gob.do/wp-content/uploads/2026/04/Temperaturas-extremas-y-precipitaciones-28-de-Abril-2026.pdf
2026-04-28,019,LOS LLANOS,SAN PEDRO DE MACORÍS,MINISTERIO DE AGRICULTURA,EMCI,32.0,22.6,17.2,https://indomet.gob.do/wp-content/uploads/2026/04/Temperaturas-extremas-y-precipitaciones-28-de-Abril-2026.pdf
2026-04-28,020,LAS CANAS (EMA),MONTE CRISTI,PROGRAMA MUNDIAL DE ALIMENTO,EMAP,28.0,21.0,15.6,https://indomet.gob.do/wp-content/uploads/2026/04/Temperaturas-extremas-y-precipitaciones-28-de-Abril-2026.pdf
2026-04-28,021,ARPT. GREGORIO LUPERÓN,PUERTO PLATA,INDOMET,EMCI,30.5,22.0,13.7,https://indomet.gob.do/wp-content/uploads/2026/04/Temperaturas-extremas-y-precipitaciones-28-de-Abril-2026.pdf
2026-04-28,022,BONAO,MONSEÑOR NOUEL,MINISTERIO DE AGRICULTURA,EMCV,,,11.7,https://indomet.gob.do/wp-content/uploads/2026/04/Temperaturas-extremas-y-precipitaciones-28-de-Abril-2026.pdf
2026-04-28,023,SABANA GRANDE DE BOYÁ,MONTE PLATA,MINISTERIO DE AGRICULTURA,EMCV,,,11.4,https://indomet.gob.do/wp-content/uploads/2026/04/Temperaturas-extremas-y-precipitaciones-28-de-Abril-2026.pdf
2026-04-28,024,BAYAGUANA,MONTE PLATA,INDOMET,EMCI,32.2,22.9,9.2,https://indomet.gob.do/wp-content/uploads/2026/04/Temperaturas-extremas-y-precipitaciones-28-de-Abril-2026.pdf
2026-04-28,025,JARABACOA (EMA),LA VEGA,PROGRAMA MUNDIAL DE ALIMENTO,EMAP,29.2,18.5,9.2,https://indomet.gob.do/wp-content/uploads/2026/04/Temperaturas-extremas-y-precipitaciones-28-de-Abril-2026.pdf
2026-04-28,026,ARPT. ARROYO BARRIL,SAMANÁ,INDOMET,EMCI,31.2,21.6,9.0,https://indomet.gob.do/wp-content/uploads/2026/04/Temperaturas-extremas-y-precipitaciones-28-de-Abril-2026.pdf
2026-04-28,027,PERALTA,AZUA,HOSP. MPAL. DE PERALTA,EMCI,29.0,17.0,9.0,https://indomet.gob.do/wp-content/uploads/2026/04/Temperaturas-extremas-y-precipitaciones-28-de-Abril-2026.pdf
2026-04-28,028,ENRIQUILLO,BARAHONA,MINISTERIO DE AGRICULTURA,EMCV,32.8,21.7,8.4,https://indomet.gob.do/wp-content/uploads/2026/04/Temperaturas-extremas-y-precipitaciones-28-de-Abril-2026.pdf
2026-04-28,029,JARABACOA,LA VEGA,INDRHI / MARENA,EMCI,30.8,16.2,7.8,https://indomet.gob.do/wp-content/uploads/2026/04/Temperaturas-extremas-y-precipitaciones-28-de-Abril-2026.pdf
2026-04-28,030,ARPT. LA ISABELA,SANTO DOMINGO,INDOMET,EMCI,33.5,20.0,6.8,https://indomet.gob.do/wp-content/uploads/2026/04/Temperaturas-extremas-y-precipitaciones-28-de-Abril-2026.pdf
2026-04-28,031,JUMA BEJUCAL,MONSEÑOR NOUEL,IDIAF,EMCV,31.0,21.2,6.8,https://indomet.gob.do/wp-content/uploads/2026/04/Temperaturas-extremas-y-precipitaciones-28-de-Abril-2026.pdf
2026-04-28,032,SABANA DE LA MAR,HATO MAYOR,INDOMET,EMCI,31.4,23.0,6.8,https://indomet.gob.do/wp-content/uploads/2026/04/Temperaturas-extremas-y-precipitaciones-28-de-Abril-2026.pdf
2026-04-28,033,PRESA DE TAVERAS (EMA),LA VEGA,PROGRAMA MUNDIAL DE ALIMENTO,EMAP,29.4,20.5,6.2,https://indomet.gob.do/wp-content/uploads/2026/04/Temperaturas-extremas-y-precipitaciones-28-de-Abril-2026.pdf
2026-04-28,034,BASE AÉREA DE SAN ISIDRO,SANTO DOMINGO,FUERZA AÉREA DOMINICANA,EMCV,32.0,22.5,5.9,https://indomet.gob.do/wp-content/uploads/2026/04/Temperaturas-extremas-y-precipitaciones-28-de-Abril-2026.pdf
2026-04-28,035,SALCEDO,HERMANAS MIRABAL,PROPIEDAD DEL EMPLEADO,EMCI,,,5.0,https://indomet.gob.do/wp-content/uploads/2026/04/Temperaturas-extremas-y-precipitaciones-28-de-Abril-2026.pdf
2026-04-28,036,HONDO VALLE,ELÍAS PIÑA,MINISTERIO DE AGRICULTURA,EMCI,25.8,15.5,4.8,https://indomet.gob.do/wp-content/uploads/2026/04/Temperaturas-extremas-y-precipitaciones-28-de-Abril-2026.pdf
2026-04-28,037,RÍO SAN JUAN,MARÍA TRINIDAD SÁNCHEZ,HOSP. MPAL. DR. DESIDERIO ACOSTA,EMCV,33.3,22.9,4.8,https://indomet.gob.do/wp-content/uploads/2026/04/Temperaturas-extremas-y-precipitaciones-28-de-Abril-2026.pdf
2026-04-28,038,SAJOMA (EMA),SANTIAGO,PLAN SIERRA,EMAI,,,4.4,https://indomet.gob.do/wp-content/uploads/2026/04/Temperaturas-extremas-y-precipitaciones-28-de-Abril-2026.pdf
2026-04-28,039,ALTO BANDERA (EMA),LA VEGA,INTEC,EMAP,15.8,8.2,4.3,https://indomet.gob.do/wp-content/uploads/2026/04/Temperaturas-extremas-y-precipitaciones-28-de-Abril-2026.pdf
2026-04-28,040,ANAMUYA (EMA),LA ALTAGRACIA,MINISTERIO DE AGRICULTURA,EMAP,28.6,23.1,4.0,https://indomet.gob.do/wp-content/uploads/2026/04/Temperaturas-extremas-y-precipitaciones-28-de-Abril-2026.pdf
2026-04-28,041,LA VEGA,LA VEGA,IATESA,EMCI,33.0,21.5,2.9,https://indomet.gob.do/wp-content/uploads/2026/04/Temperaturas-extremas-y-precipitaciones-28-de-Abril-2026.pdf
2026-04-28,042,VILLA ISABELA,PUERTO PLATA,MINISTERIO DE AGRICULTURA,EMCV,30.5,20.5,2.8,https://indomet.gob.do/wp-content/uploads/2026/04/Temperaturas-extremas-y-precipitaciones-28-de-Abril-2026.pdf
2026-04-28,043,EL FACTOR (EMA),MARÍA TRINIDAD SÁNCHEZ,INTEC,EMAP,32.6,22.2,2.5,https://indomet.gob.do/wp-content/uploads/2026/04/Temperaturas-extremas-y-precipitaciones-28-de-Abril-2026.pdf
2026-04-28,044,SAN RAFAEL DEL YUMA,LA ALTAGRACIA,MINISTERIO DE AGRICULTURA,EMCI,34.0,22.5,2.1,https://indomet.gob.do/wp-content/uploads/2026/04/Temperaturas-extremas-y-precipitaciones-28-de-Abril-2026.pdf
2026-04-28,045,SANTO DOMINGO ESTE,SANTO DOMINGO,INDOMET,EMCI,31.4,24.5,2.1,https://indomet.gob.do/wp-content/uploads/2026/04/Temperaturas-extremas-y-precipitaciones-28-de-Abril-2026.pdf
2026-04-28,046,CONSTANZA (EMA),LA VEGA,PROGRAMA MUNDIAL DE ALIMENTO,EMAP,27.7,14.9,1.8,https://indomet.gob.do/wp-content/uploads/2026/04/Temperaturas-extremas-y-precipitaciones-28-de-Abril-2026.pdf
2026-04-28,047,ARPT. DE LAS AMÉRICAS,SANTO DOMINGO,INDOMET,EMCI,30.6,22.1,1.7,https://indomet.gob.do/wp-content/uploads/2026/04/Temperaturas-extremas-y-precipitaciones-28-de-Abril-2026.pdf
2026-04-28,048,HATO MAYOR,HATO MAYOR,MINISTERIO DE AGRICULTURA,EMCV,,,1.5,https://indomet.gob.do/wp-content/uploads/2026/04/Temperaturas-extremas-y-precipitaciones-28-de-Abril-2026.pdf
2026-04-28,049,SÁNCHEZ,SAMANÁ,MINISTERIO DE AGRICULTURA,EMCI,33.1,20.6,1.4,https://indomet.gob.do/wp-content/uploads/2026/04/Temperaturas-extremas-y-precipitaciones-28-de-Abril-2026.pdf
2026-04-28,050,OVIEDO,PEDERNALES,CLÍNICA RURAL OVIEDO,EMCI,32.2,19.4,1.2,https://indomet.gob.do/wp-content/uploads/2026/04/Temperaturas-extremas-y-precipitaciones-28-de-Abril-2026.pdf
2026-04-28,051,ARPT. DE LA ROMANA,LA ROMANA,INDOMET,EMCI,29.4,22.0,1.0,https://indomet.gob.do/wp-content/uploads/2026/04/Temperaturas-extremas-y-precipitaciones-28-de-Abril-2026.pdf
2026-04-28,052,BANI (EMA),PERAVIA,MINISTERIO DE AGRICULTURA,EMAP,31.2,22.9,0.6,https://indomet.gob.do/wp-content/uploads/2026/04/Temperaturas-extremas-y-precipitaciones-28-de-Abril-2026.pdf
2026-04-28,053,MAO,VALVERDE,INDRHI / MINISTERIO DE AGRICULTURA,EMCV,,,0.6,https://indomet.gob.do/wp-content/uploads/2026/04/Temperaturas-extremas-y-precipitaciones-28-de-Abril-2026.pdf
2026-04-28,054,NAVARRETE,SANTIAGO,MINISTERIO DE AGRICULTURA,EMCV,,,0.5,https://indomet.gob.do/wp-content/uploads/2026/04/Temperaturas-extremas-y-precipitaciones-28-de-Abril-2026.pdf
2026-04-28,055,MONTE CRISTI,MONTE CRISTI,INDOMET,EMCI,31.5,22.9,0.5,https://indomet.gob.do/wp-content/uploads/2026/04/Temperaturas-extremas-y-precipitaciones-28-de-Abril-2026.pdf
2026-04-28,056,ARPT. DE PUNTA CANA,LA ALTAGRACIA,INDOMET,EMCI,29.0,22.5,0.4,https://indomet.gob.do/wp-content/uploads/2026/04/Temperaturas-extremas-y-precipitaciones-28-de-Abril-2026.pdf
2026-04-28,057,BOCA DE MAO (EMA),VALVERDE,MINISTERIO DE AGRICULTURA,EMAP,33.1,21.5,0.4,https://indomet.gob.do/wp-content/uploads/2026/04/Temperaturas-extremas-y-precipitaciones-28-de-Abril-2026.pdf
2026-04-28,058,ARPT. DEL CIBAO,SANTIAGO,INDOMET,EMCI,33.2,20.6,0.1,https://indomet.gob.do/wp-content/uploads/2026/04/Temperaturas-extremas-y-precipitaciones-28-de-Abril-2026.pdf
2026-04-28,059,ARROYO LORO,SAN JUAN,IDIAF,EMCI,32.0,19.8,0.1,https://indomet.gob.do/wp-content/uploads/2026/04/Temperaturas-extremas-y-precipitaciones-28-de-Abril-2026.pdf
2026-04-28,060,TAMBORIL,SANTIAGO,MINISTERIO DE AGRICULTURA,EMCV,,,0.0,https://indomet.gob.do/wp-content/uploads/2026/04/Temperaturas-extremas-y-precipitaciones-28-de-Abril-2026.pdf
2026-04-28,061,VILLA GONZALES,SANTIAGO,MINISTERIO DE AGRICULTURA,EMCI,,,0.0,https://indomet.gob.do/wp-content/uploads/2026/04/Temperaturas-extremas-y-precipitaciones-28-de-Abril-2026.pdf
2026-04-28,062,ARPT. EL CATEY,SAMANÁ,INDOMET,EMCI,32.0,20.5,0.0,https://indomet.gob.do/wp-content/uploads/2026/04/Temperaturas-extremas-y-precipitaciones-28-de-Abril-2026.pdf
2026-04-28,063,ARPT. MARÍA MONTEZ,BARAHONA,INDOMET,EMCI,30.8,22.8,0.0,https://indomet.gob.do/wp-content/uploads/2026/04/Temperaturas-extremas-y-precipitaciones-28-de-Abril-2026.pdf
2026-04-28,064,BELLA VISTA (EMA),DISTRITO NACIONAL,PRIVADA,EMAP,,,0.0,https://indomet.gob.do/wp-content/uploads/2026/04/Temperaturas-extremas-y-precipitaciones-28-de-Abril-2026.pdf
2026-04-28,065,BUCARA (EMA),SANTIAGO,MINISTERIO DE AGRICULTURA,EMAI,,,0.0,https://indomet.gob.do/wp-content/uploads/2026/04/Temperaturas-extremas-y-precipitaciones-28-de-Abril-2026.pdf
2026-04-28,066,CABRAL,BARAHONA,MINISTERIO DE AGRICULTURA,EMCV,32.4,21.9,0.0,https://indomet.gob.do/wp-content/uploads/2026/04/Temperaturas-extremas-y-precipitaciones-28-de-Abril-2026.pdf
2026-04-28,067,CENTRO DE LOS HEROES (EMA),DISTRITO NACIONAL,MINISTERIO DE ENERGIA Y MINA,EMAP,31.4,24.9,0.0,https://indomet.gob.do/wp-content/uploads/2026/04/Temperaturas-extremas-y-precipitaciones-28-de-Abril-2026.pdf
2026-04-28,068,CONSTANZA,LA VEGA,MINISTERIO DE AGRICULTURA,EMCI,29.5,12.4,0.0,https://indomet.gob.do/wp-content/uploads/2026/04/Temperaturas-extremas-y-precipitaciones-28-de-Abril-2026.pdf
2026-04-28,069,EL MILLON (EMA),DISTRITO NACIONAL,PRIVADA,EMAP,,,0.0,https://indomet.gob.do/wp-content/uploads/2026/04/Temperaturas-extremas-y-precipitaciones-28-de-Abril-2026.pdf
2026-04-28,070,ENSANCHE LA FE (EMA),DISTRITO NACIONAL,PRIVADA,EMAP,,,0.0,https://indomet.gob.do/wp-content/uploads/2026/04/Temperaturas-extremas-y-precipitaciones-28-de-Abril-2026.pdf
2026-04-28,071,ESCONDIDO,PERAVIA,MINISTERIO DE AGRICULTURA,EMCV,31.0,22.0,0.0,https://indomet.gob.do/wp-content/uploads/2026/04/Temperaturas-extremas-y-precipitaciones-28-de-Abril-2026.pdf
2026-04-28,072,GURABO,SANTIAGO,MINISTERIO DE AGRICULTURA,EMCV,,,0.0,https://indomet.gob.do/wp-content/uploads/2026/04/Temperaturas-extremas-y-precipitaciones-28-de-Abril-2026.pdf
2026-04-28,073,JARDÍN BOTÁNICO NACIONAL,DISTRITO NACIONAL,JARDÍN BOTÁNICO NACIONAL,EMCV,32.2,20.0,0.0,https://indomet.gob.do/wp-content/uploads/2026/04/Temperaturas-extremas-y-precipitaciones-28-de-Abril-2026.pdf
2026-04-28,074,JARDÍN BOTÁNICO SANTIAGO (EMSANTIAGO,,JARDIN BOTANICO SANTIAGO,EMAI,32.6,24.8,0.0,https://indomet.gob.do/wp-content/uploads/2026/04/Temperaturas-extremas-y-precipitaciones-28-de-Abril-2026.pdf
2026-04-28,075,LA AGUSTINA (EMA),DISTRITO NACIONAL,PRIVADA,EMAP,,,0.0,https://indomet.gob.do/wp-content/uploads/2026/04/Temperaturas-extremas-y-precipitaciones-28-de-Abril-2026.pdf
2026-04-28,076,LOS CACICAZGOS (EMA),DISTRITO NACIONAL,PRIVADA,EMAP,,,0.0,https://indomet.gob.do/wp-content/uploads/2026/04/Temperaturas-extremas-y-precipitaciones-28-de-Abril-2026.pdf
2026-04-28,077,LOS COCOS (EMA),BAHORUCO,PRIVADA,EMAP,,,0.0,https://indomet.gob.do/wp-content/uploads/2026/04/Temperaturas-extremas-y-precipitaciones-28-de-Abril-2026.pdf
2026-04-28,078,LOS PRADOS (EMA),DISTRITO NACIONAL,PRIVADA,EMAP,,,0.0,https://indomet.gob.do/wp-content/uploads/2026/04/Temperaturas-extremas-y-precipitaciones-28-de-Abril-2026.pdf
2026-04-28,079,MICHES (EMA),EL SEIBO,PRIVADA,EMAP,28.9,23.1,0.0,https://indomet.gob.do/wp-content/uploads/2026/04/Temperaturas-extremas-y-precipitaciones-28-de-Abril-2026.pdf
2026-04-28,080,MONCIÓN (EMA),SANTIAGO RODRÍGUEZ,PROGRAMA MUNDIAL DE ALIMENTO,EMAP,30.9,19.5,0.0,https://indomet.gob.do/wp-content/uploads/2026/04/Temperaturas-extremas-y-precipitaciones-28-de-Abril-2026.pdf
2026-04-28,081,OLIVARES,PEDERNALES,INDRHI,EMCI,,,0.0,https://indomet.gob.do/wp-content/uploads/2026/04/Temperaturas-extremas-y-precipitaciones-28-de-Abril-2026.pdf
2026-04-28,082,PADRE LAS CASAS,AZUA,HOSP. NTRA. SRA. DEL CARMEN,EMCI,32.4,20.2,0.0,https://indomet.gob.do/wp-content/uploads/2026/04/Temperaturas-extremas-y-precipitaciones-28-de-Abril-2026.pdf
2026-04-28,083,PEDERNALES,PEDERNALES,INDRHI,EMCI,,,0.0,https://indomet.gob.do/wp-content/uploads/2026/04/Temperaturas-extremas-y-precipitaciones-28-de-Abril-2026.pdf
2026-04-28,084,PESCADERIA (EMA),BARAHONA,MINISTERIO DE AGRICULTURA,EMAP,,,0.0,https://indomet.gob.do/wp-content/uploads/2026/04/Temperaturas-extremas-y-precipitaciones-28-de-Abril-2026.pdf
2026-04-28,085,POLO,BARAHONA,INDOCAFE,EMCI,30.0,18.4,0.0,https://indomet.gob.do/wp-content/uploads/2026/04/Temperaturas-extremas-y-precipitaciones-28-de-Abril-2026.pdf
2026-04-28,086,PONTÓN ABAJO (EMA),LA VEGA,MINISTERIO DE AGRICULTURA,EMAP,32.8,22.1,0.0,https://indomet.gob.do/wp-content/uploads/2026/04/Temperaturas-extremas-y-precipitaciones-28-de-Abril-2026.pdf
2026-04-28,087,PROLONGACION 27 DE FEBRERO,DISTRITO NACIONAL,PRIVADA,EMAP,,,0.0,https://indomet.gob.do/wp-content/uploads/2026/04/Temperaturas-extremas-y-precipitaciones-28-de-Abril-2026.pdf
2026-04-28,088,RESTAURACIÓN,DAJABÓN,MINISTERIO DE AGRICULTURA,EMCI,30.9,16.4,0.0,https://indomet.gob.do/wp-content/uploads/2026/04/Temperaturas-extremas-y-precipitaciones-28-de-Abril-2026.pdf
2026-04-28,089,SAN CRISTÓBAL,SAN CRISTÓBAL,INSTITUTO POLITÉCNICO LOYOLA,EMCI,32.2,21.0,0.0,https://indomet.gob.do/wp-content/uploads/2026/04/Temperaturas-extremas-y-precipitaciones-28-de-Abril-2026.pdf
2026-04-28,090,TÁBARA ABAJO,AZUA,INDRHI,EMCI,32.0,22.1,0.0,https://indomet.gob.do/wp-content/uploads/2026/04/Temperaturas-extremas-y-precipitaciones-28-de-Abril-2026.pdf
2026-04-28,091,VILLA ALTAGRACIA,SAN CRISTÓBAL,ESCUELA JAVIER ANGULO GURIDI,EMCI,,,0.0,https://indomet.gob.do/wp-content/uploads/2026/04/Temperaturas-extremas-y-precipitaciones-28-de-Abril-2026.pdf
2026-04-30,001,EL SEIBO,EL SEIBO,MINISTERIO DE AGRICULTURA,EMCV,,,118.1,https://indomet.gob.do/wp-content/uploads/2026/05/Temperaturas-extremas-y-precipitaciones-30-de-Abril-2026.pdf
2026-04-30,002,JUMA BEJUCAL,MONSEÑOR NOUEL,IDIAF,EMCV,30.6,21.6,63.5,https://indomet.gob.do/wp-content/uploads/2026/05/Temperaturas-extremas-y-precipitaciones-30-de-Abril-2026.pdf
2026-04-30,003,BAYAGUANA,MONTE PLATA,INDOMET,EMCI,32.4,21.6,55.2,https://indomet.gob.do/wp-content/uploads/2026/05/Temperaturas-extremas-y-precipitaciones-30-de-Abril-2026.pdf
2026-04-30,004,BONAO,MONSEÑOR NOUEL,MINISTERIO DE AGRICULTURA,EMCV,,,37.3,https://indomet.gob.do/wp-content/uploads/2026/05/Temperaturas-extremas-y-precipitaciones-30-de-Abril-2026.pdf
2026-04-30,005,LOS CACICAZGOS (EMA),DISTRITO NACIONAL,PRIVADA,EMAP,,,36.8,https://indomet.gob.do/wp-content/uploads/2026/05/Temperaturas-extremas-y-precipitaciones-30-de-Abril-2026.pdf
2026-04-30,006,SAN RAFAEL DEL YUMA,LA ALTAGRACIA,MINISTERIO DE AGRICULTURA,EMCI,34.1,22.9,36.6,https://indomet.gob.do/wp-content/uploads/2026/05/Temperaturas-extremas-y-precipitaciones-30-de-Abril-2026.pdf
2026-04-30,007,LA VEGA,LA VEGA,IATESA,EMCI,33.0,21.0,35.8,https://indomet.gob.do/wp-content/uploads/2026/05/Temperaturas-extremas-y-precipitaciones-30-de-Abril-2026.pdf
2026-04-30,008,JARDÍN BOTÁNICO NACIONAL,DISTRITO NACIONAL,JARDÍN BOTÁNICO NACIONAL,EMCV,30.9,21.4,31.4,https://indomet.gob.do/wp-content/uploads/2026/05/Temperaturas-extremas-y-precipitaciones-30-de-Abril-2026.pdf
2026-04-30,009,PROLONGACION 27 DE FEBRERO (E,DISTRITO NACIONAL,PRIVADA,EMAP,,,31.4,https://indomet.gob.do/wp-content/uploads/2026/05/Temperaturas-extremas-y-precipitaciones-30-de-Abril-2026.pdf
2026-04-30,010,PARQUE MIRADOR SUR,DISTRITO NACIONAL,AYUNTAMIENTO,EMCV,33.0,22.9,28.2,https://indomet.gob.do/wp-content/uploads/2026/05/Temperaturas-extremas-y-precipitaciones-30-de-Abril-2026.pdf
2026-04-30,011,ANAMUYA (EMA),LA ALTAGRACIA,MINISTERIO DE AGRICULTURA,EMAP,29.8,22.4,28.0,https://indomet.gob.do/wp-content/uploads/2026/05/Temperaturas-extremas-y-precipitaciones-30-de-Abril-2026.pdf
2026-04-30,012,ARPT. ARROYO BARRIL,SAMANÁ,INDOMET,EMCI,29.3,22.0,21.5,https://indomet.gob.do/wp-content/uploads/2026/05/Temperaturas-extremas-y-precipitaciones-30-de-Abril-2026.pdf
2026-04-30,013,ARPT. LA ISABELA,SANTO DOMINGO,INDOMET,EMCI,32.8,20.5,21.2,https://indomet.gob.do/wp-content/uploads/2026/05/Temperaturas-extremas-y-precipitaciones-30-de-Abril-2026.pdf
2026-04-30,014,SABANETA (EMA),SANTIAGO RODRÍGUEZ,PROGRAMA MUNDIAL DE ALIMENTO,EMAP,33.1,20.4,20.4,https://indomet.gob.do/wp-content/uploads/2026/05/Temperaturas-extremas-y-precipitaciones-30-de-Abril-2026.pdf
2026-04-30,015,PARQUE MIRADOR NORTE,SANTO DOMINGO,AYUNTAMIENTO,EMCV,,,19.8,https://indomet.gob.do/wp-content/uploads/2026/05/Temperaturas-extremas-y-precipitaciones-30-de-Abril-2026.pdf
2026-04-30,016,SAMANÁ,SAMANÁ,COMANDANCIA DE PUERTO DE SAMANÁ,EMCI,31.8,17.6,19.6,https://indomet.gob.do/wp-content/uploads/2026/05/Temperaturas-extremas-y-precipitaciones-30-de-Abril-2026.pdf
2026-04-30,017,SANTIAGO RODRÍGUEZ,SANTIAGO RODRÍGUEZ,INDOMET,EMCI,33.6,21.7,19.6,https://indomet.gob.do/wp-content/uploads/2026/05/Temperaturas-extremas-y-precipitaciones-30-de-Abril-2026.pdf
2026-04-30,018,SANTO DOMINGO ESTE,SANTO DOMINGO,INDOMET,EMCI,31.8,23.2,19.0,https://indomet.gob.do/wp-content/uploads/2026/05/Temperaturas-extremas-y-precipitaciones-30-de-Abril-2026.pdf
2026-04-30,019,RANCHO ARRIBA,SAN JOSÉ DE OCOA,CENTRO TECNOLÓGICO COMUNITARIO,EMCI,29.3,18.3,18.8,https://indomet.gob.do/wp-content/uploads/2026/05/Temperaturas-extremas-y-precipitaciones-30-de-Abril-2026.pdf
2026-04-30,020,BELLA VISTA (EMA),DISTRITO NACIONAL,PRIVADA,EMAP,,,17.8,https://indomet.gob.do/wp-content/uploads/2026/05/Temperaturas-extremas-y-precipitaciones-30-de-Abril-2026.pdf
2026-04-30,021,LA VICTORIA,SANTO DOMINGO,CUERPO DE BOMBEROS,EMCI,32.0,21.8,16.1,https://indomet.gob.do/wp-content/uploads/2026/05/Temperaturas-extremas-y-precipitaciones-30-de-Abril-2026.pdf
2026-04-30,022,GASPAR HERNÁNDEZ,ESPAILLAT,PROPIEDAD DEL EMPLEADO,EMCI,,,14.6,https://indomet.gob.do/wp-content/uploads/2026/05/Temperaturas-extremas-y-precipitaciones-30-de-Abril-2026.pdf
2026-04-30,023,EL MILLON (EMA),DISTRITO NACIONAL,PRIVADA,EMAP,,,14.5,https://indomet.gob.do/wp-content/uploads/2026/05/Temperaturas-extremas-y-precipitaciones-30-de-Abril-2026.pdf
2026-04-30,024,CENTRO DE LOS HEROES (EMA),DISTRITO NACIONAL,MINISTERIO DE ENERGIA Y MINA,EMAP,32.1,23.7,12.8,https://indomet.gob.do/wp-content/uploads/2026/05/Temperaturas-extremas-y-precipitaciones-30-de-Abril-2026.pdf
2026-04-30,025,EL FACTOR (EMA),MARÍA TRINIDAD SÁNCHEZ,INTEC,EMAP,31.8,21.1,12.2,https://indomet.gob.do/wp-content/uploads/2026/05/Temperaturas-extremas-y-precipitaciones-30-de-Abril-2026.pdf
2026-04-30,026,ENSANCHE LA FE (EMA),DISTRITO NACIONAL,PRIVADA,EMAP,,,11.7,https://indomet.gob.do/wp-content/uploads/2026/05/Temperaturas-extremas-y-precipitaciones-30-de-Abril-2026.pdf
2026-04-30,027,LOS PRADOS (EMA),DISTRITO NACIONAL,PRIVADA,EMAP,,,11.7,https://indomet.gob.do/wp-content/uploads/2026/05/Temperaturas-extremas-y-precipitaciones-30-de-Abril-2026.pdf
2026-04-30,028,LA AGUSTINA (EMA),DISTRITO NACIONAL,PRIVADA,EMAP,,,11.6,https://indomet.gob.do/wp-content/uploads/2026/05/Temperaturas-extremas-y-precipitaciones-30-de-Abril-2026.pdf
2026-04-30,029,LOS LLANOS,SAN PEDRO DE MACORÍS,MINISTERIO DE AGRICULTURA,EMCI,32.4,23.0,10.2,https://indomet.gob.do/wp-content/uploads/2026/05/Temperaturas-extremas-y-precipitaciones-30-de-Abril-2026.pdf
2026-04-30,030,BUCARA (EMA),SANTIAGO,MINISTERIO DE AGRICULTURA,EMAI,,,9.8,https://indomet.gob.do/wp-content/uploads/2026/05/Temperaturas-extremas-y-precipitaciones-30-de-Abril-2026.pdf
2026-04-30,031,BASE AÉREA DE SAN ISIDRO,SANTO DOMINGO,FUERZA AÉREA DOMINICANA,EMCV,31.6,21.5,9.1,https://indomet.gob.do/wp-content/uploads/2026/05/Temperaturas-extremas-y-precipitaciones-30-de-Abril-2026.pdf
2026-04-30,032,ARPT. DE LA ROMANA,LA ROMANA,INDOMET,EMCI,29.8,23.2,7.1,https://indomet.gob.do/wp-content/uploads/2026/05/Temperaturas-extremas-y-precipitaciones-30-de-Abril-2026.pdf
2026-04-30,033,SALCEDO,HERMANAS MIRABAL,PROPIEDAD DEL EMPLEADO,EMCI,,,7.0,https://indomet.gob.do/wp-content/uploads/2026/05/Temperaturas-extremas-y-precipitaciones-30-de-Abril-2026.pdf
2026-04-30,034,VILLA ALTAGRACIA,SAN CRISTÓBAL,ESCUELA JAVIER ANGULO GURIDI,EMCI,,,7.0,https://indomet.gob.do/wp-content/uploads/2026/05/Temperaturas-extremas-y-precipitaciones-30-de-Abril-2026.pdf
2026-04-30,035,ARPT. GREGORIO LUPERÓN,PUERTO PLATA,INDOMET,EMCI,29.4,21.4,6.8,https://indomet.gob.do/wp-content/uploads/2026/05/Temperaturas-extremas-y-precipitaciones-30-de-Abril-2026.pdf
2026-04-30,036,OLIVARES,PEDERNALES,INDRHI,EMCI,,,6.7,https://indomet.gob.do/wp-content/uploads/2026/05/Temperaturas-extremas-y-precipitaciones-30-de-Abril-2026.pdf
2026-04-30,037,LOS JARDINES (EMA),DISTRITO NACIONAL,PRIVADA,EMAP,,,6.4,https://indomet.gob.do/wp-content/uploads/2026/05/Temperaturas-extremas-y-precipitaciones-30-de-Abril-2026.pdf
2026-04-30,038,SAN CRISTÓBAL,SAN CRISTÓBAL,INSTITUTO POLITÉCNICO LOYOLA,EMCI,32.0,20.0,6.3,https://indomet.gob.do/wp-content/uploads/2026/05/Temperaturas-extremas-y-precipitaciones-30-de-Abril-2026.pdf
2026-04-30,039,ARPT. EL CATEY,SAMANÁ,INDOMET,EMCI,31.5,21.4,5.7,https://indomet.gob.do/wp-content/uploads/2026/05/Temperaturas-extremas-y-precipitaciones-30-de-Abril-2026.pdf
2026-04-30,040,SABANA DE LA MAR,HATO MAYOR,INDOMET,EMCI,31.0,21.6,5.3,https://indomet.gob.do/wp-content/uploads/2026/05/Temperaturas-extremas-y-precipitaciones-30-de-Abril-2026.pdf
2026-04-30,041,LUPERÓN,PUERTO PLATA,MINISTERIO DE AGRICULTURA,EMCV,,,3.8,https://indomet.gob.do/wp-content/uploads/2026/05/Temperaturas-extremas-y-precipitaciones-30-de-Abril-2026.pdf
2026-04-30,042,CONSTANZA,LA VEGA,MINISTERIO DE AGRICULTURA,EMCI,27.6,12.9,2.9,https://indomet.gob.do/wp-content/uploads/2026/05/Temperaturas-extremas-y-precipitaciones-30-de-Abril-2026.pdf
2026-04-30,043,ALTO BANDERA (EMA),LA VEGA,INTEC,EMAP,13.5,8.4,2.8,https://indomet.gob.do/wp-content/uploads/2026/05/Temperaturas-extremas-y-precipitaciones-30-de-Abril-2026.pdf
2026-04-30,044,ARPT. DE LAS AMÉRICAS,SANTO DOMINGO,INDOMET,EMCI,32.0,21.5,2.7,https://indomet.gob.do/wp-content/uploads/2026/05/Temperaturas-extremas-y-precipitaciones-30-de-Abril-2026.pdf
2026-04-30,045,CONSTANZA (EMA),LA VEGA,PROGRAMA MUNDIAL DE ALIMENTO,EMAP,26.3,14.6,2.6,https://indomet.gob.do/wp-content/uploads/2026/05/Temperaturas-extremas-y-precipitaciones-30-de-Abril-2026.pdf
2026-04-30,046,SÁNCHEZ,SAMANÁ,MINISTERIO DE AGRICULTURA,EMCI,31.5,19.1,2.2,https://indomet.gob.do/wp-content/uploads/2026/05/Temperaturas-extremas-y-precipitaciones-30-de-Abril-2026.pdf
2026-04-30,047,VILLA RIVA,DUARTE,HOSP. MPAL. ALICIA DE LEGENDRE,EMCI,31.0,20.6,2.0,https://indomet.gob.do/wp-content/uploads/2026/05/Temperaturas-extremas-y-precipitaciones-30-de-Abril-2026.pdf
2026-04-30,048,ARROYO LORO,SAN JUAN,IDIAF,EMCI,31.1,20.1,1.4,https://indomet.gob.do/wp-content/uploads/2026/05/Temperaturas-extremas-y-precipitaciones-30-de-Abril-2026.pdf
2026-04-30,049,PALO ÍNDIO,PUERTO PLATA,MINISTERIO DE AGRICULTURA,EMCI,,,1.3,https://indomet.gob.do/wp-content/uploads/2026/05/Temperaturas-extremas-y-precipitaciones-30-de-Abril-2026.pdf
2026-04-30,050,SAN JOSÉ DE OCOA,SAN JOSÉ DE OCOA,HOSP. SAN JOSÉ DE OCOA,EMCI,30.1,18.6,1.2,https://indomet.gob.do/wp-content/uploads/2026/05/Temperaturas-extremas-y-precipitaciones-30-de-Abril-2026.pdf
2026-04-30,051,HATO MAYOR,HATO MAYOR,MINISTERIO DE AGRICULTURA,EMCV,,,1.1,https://indomet.gob.do/wp-content/uploads/2026/05/Temperaturas-extremas-y-precipitaciones-30-de-Abril-2026.pdf
2026-04-30,052,ENRIQUILLO,BARAHONA,MINISTERIO DE AGRICULTURA,EMCV,32.5,21.8,1.0,https://indomet.gob.do/wp-content/uploads/2026/05/Temperaturas-extremas-y-precipitaciones-30-de-Abril-2026.pdf
2026-04-30,053,OVIEDO,PEDERNALES,CLÍNICA RURAL OVIEDO,EMCI,33.0,21.6,1.0,https://indomet.gob.do/wp-content/uploads/2026/05/Temperaturas-extremas-y-precipitaciones-30-de-Abril-2026.pdf
2026-04-30,054,PADRE LAS CASAS,AZUA,HOSP. NTRA. SRA. DEL CARMEN,EMCI,31.5,20.0,1.0,https://indomet.gob.do/wp-content/uploads/2026/05/Temperaturas-extremas-y-precipitaciones-30-de-Abril-2026.pdf
2026-04-30,055,RÍO SAN JUAN,MARÍA TRINIDAD SÁNCHEZ,HOSP. MPAL. DR. DESIDERIO ACOSTA,EMCV,30.6,22.0,1.0,https://indomet.gob.do/wp-content/uploads/2026/05/Temperaturas-extremas-y-precipitaciones-30-de-Abril-2026.pdf
2026-04-30,056,ARPT. DE PUNTA CANA,LA ALTAGRACIA,INDOMET,EMCI,30.0,24.0,0.9,https://indomet.gob.do/wp-content/uploads/2026/05/Temperaturas-extremas-y-precipitaciones-30-de-Abril-2026.pdf
2026-04-30,057,SABANA GRANDE DE BOYÁ,MONTE PLATA,MINISTERIO DE AGRICULTURA,EMCV,,,0.5,https://indomet.gob.do/wp-content/uploads/2026/05/Temperaturas-extremas-y-precipitaciones-30-de-Abril-2026.pdf
2026-04-30,058,NAVARRETE,SANTIAGO,MINISTERIO DE AGRICULTURA,EMCV,,,0.3,https://indomet.gob.do/wp-content/uploads/2026/05/Temperaturas-extremas-y-precipitaciones-30-de-Abril-2026.pdf
2026-04-30,059,ALTAMIRA,PUERTO PLATA,HOSP. MPAL. DE ALTAMIRA,EMCI,30.5,19.4,0.2,https://indomet.gob.do/wp-content/uploads/2026/05/Temperaturas-extremas-y-precipitaciones-30-de-Abril-2026.pdf
2026-04-30,060,MICHES (EMA),EL SEIBO,PRIVADA,EMAP,28.8,21.4,0.2,https://indomet.gob.do/wp-content/uploads/2026/05/Temperaturas-extremas-y-precipitaciones-30-de-Abril-2026.pdf
2026-04-30,061,MONCIÓN (EMA),SANTIAGO RODRÍGUEZ,PROGRAMA MUNDIAL DE ALIMENTO,EMAP,30.6,18.8,0.2,https://indomet.gob.do/wp-content/uploads/2026/05/Temperaturas-extremas-y-precipitaciones-30-de-Abril-2026.pdf
2026-04-30,062,PONTÓN ABAJO (EMA),LA VEGA,MINISTERIO DE AGRICULTURA,EMAP,33.0,21.9,0.2,https://indomet.gob.do/wp-content/uploads/2026/05/Temperaturas-extremas-y-precipitaciones-30-de-Abril-2026.pdf
2026-04-30,063,SAJOMA (EMA),SANTIAGO,PLAN SIERRA,EMAI,,,0.2,https://indomet.gob.do/wp-content/uploads/2026/05/Temperaturas-extremas-y-precipitaciones-30-de-Abril-2026.pdf
2026-04-30,064,VILLA ISABELA,PUERTO PLATA,MINISTERIO DE AGRICULTURA,EMCV,30.0,20.5,0.2,https://indomet.gob.do/wp-content/uploads/2026/05/Temperaturas-extremas-y-precipitaciones-30-de-Abril-2026.pdf
2026-04-30,065,SAN FRANCISCO DE MACORÍS,DUARTE,San Francisco de Macorís (UASD),EMCI,32.5,21.6,0.2,https://indomet.gob.do/wp-content/uploads/2026/05/Temperaturas-extremas-y-precipitaciones-30-de-Abril-2026.pdf
2026-04-30,066,CABRAL,BARAHONA,MINISTERIO DE AGRICULTURA,EMCV,32.3,22.4,0.1,https://indomet.gob.do/wp-content/uploads/2026/05/Temperaturas-extremas-y-precipitaciones-30-de-Abril-2026.pdf
2026-04-30,067,HONDO VALLE,ELÍAS PIÑA,MINISTERIO DE AGRICULTURA,EMCI,25.7,15.5,0.1,https://indomet.gob.do/wp-content/uploads/2026/05/Temperaturas-extremas-y-precipitaciones-30-de-Abril-2026.pdf
2026-04-30,068,JARABACOA,LA VEGA,INDRHI / MARENA,EMCI,30.2,15.6,0.1,https://indomet.gob.do/wp-content/uploads/2026/05/Temperaturas-extremas-y-precipitaciones-30-de-Abril-2026.pdf
2026-04-30,069,PEDERNALES,PEDERNALES,INDRHI,EMCI,,,0.1,https://indomet.gob.do/wp-content/uploads/2026/05/Temperaturas-extremas-y-precipitaciones-30-de-Abril-2026.pdf
2026-04-30,070,ESCONDIDO,PERAVIA,MINISTERIO DE AGRICULTURA,EMCV,32.0,23.0,0.0,https://indomet.gob.do/wp-content/uploads/2026/05/Temperaturas-extremas-y-precipitaciones-30-de-Abril-2026.pdf
2026-04-30,071,ARPT. DEL CIBAO,SANTIAGO,INDOMET,EMCI,33.2,21.1,0.0,https://indomet.gob.do/wp-content/uploads/2026/05/Temperaturas-extremas-y-precipitaciones-30-de-Abril-2026.pdf
2026-04-30,072,ARPT. MARÍA MONTEZ,BARAHONA,INDOMET,EMCI,30.8,23.3,0.0,https://indomet.gob.do/wp-content/uploads/2026/05/Temperaturas-extremas-y-precipitaciones-30-de-Abril-2026.pdf
2026-04-30,073,BOCA DE MAO (EMA),VALVERDE,MINISTERIO DE AGRICULTURA,EMAP,33.7,21.1,0.0,https://indomet.gob.do/wp-content/uploads/2026/05/Temperaturas-extremas-y-precipitaciones-30-de-Abril-2026.pdf
2026-04-30,074,CABRERA,MARÍA TRINIDAD SÁNCHEZ,ESCUELA ARÍSTIDES FIALLO CABRAL,EMCI,31.8,23.5,0.0,https://indomet.gob.do/wp-content/uploads/2026/05/Temperaturas-extremas-y-precipitaciones-30-de-Abril-2026.pdf
2026-04-30,075,DAJABÓN,DAJABÓN,INSTITUTO POLITÉCNICO LOYOLA,EMCI,33.8,18.1,0.0,https://indomet.gob.do/wp-content/uploads/2026/05/Temperaturas-extremas-y-precipitaciones-30-de-Abril-2026.pdf
2026-04-30,076,GURABO,SANTIAGO,MINISTERIO DE AGRICULTURA,EMCV,,,0.0,https://indomet.gob.do/wp-content/uploads/2026/05/Temperaturas-extremas-y-precipitaciones-30-de-Abril-2026.pdf
2026-04-30,077,JARABACOA (EMA),LA VEGA,PROGRAMA MUNDIAL DE ALIMENTO,EMAP,28.4,18.3,0.0,https://indomet.gob.do/wp-content/uploads/2026/05/Temperaturas-extremas-y-precipitaciones-30-de-Abril-2026.pdf
2026-04-30,078,JARDÍN BOTÁNICO SANTIAGO (EMA),SANTIAGO,JARDIN BOTANICO SANTIAGO,EMAI,32.1,26.2,0.0,https://indomet.gob.do/wp-content/uploads/2026/05/Temperaturas-extremas-y-precipitaciones-30-de-Abril-2026.pdf
2026-04-30,079,JIMANÍ,INDEPENDENCIA,MINISTERIO DE AGRICULTURA,EMCI,33.5,22.6,0.0,https://indomet.gob.do/wp-content/uploads/2026/05/Temperaturas-extremas-y-precipitaciones-30-de-Abril-2026.pdf
2026-04-30,080,LAS CANAS (EMA),MONTE CRISTI,PROGRAMA MUNDIAL DE ALIMENTO,EMAP,27.4,21.0,0.0,https://indomet.gob.do/wp-content/uploads/2026/05/Temperaturas-extremas-y-precipitaciones-30-de-Abril-2026.pdf
2026-04-30,081,LAS MATAS DE SANTA CRUZ,MONTE CRISTI,INDRHI,EMCV,,,0.0,https://indomet.gob.do/wp-content/uploads/2026/05/Temperaturas-extremas-y-precipitaciones-30-de-Abril-2026.pdf
2026-04-30,082,LOS COCOS (EMA),BAHORUCO,PRIVADA,EMAP,,,0.0,https://indomet.gob.do/wp-content/uploads/2026/05/Temperaturas-extremas-y-precipitaciones-30-de-Abril-2026.pdf
2026-04-30,083,MAO,VALVERDE,INDRHI / MINISTERIO DE AGRICULTURA,EMCV,,,0.0,https://indomet.gob.do/wp-content/uploads/2026/05/Temperaturas-extremas-y-precipitaciones-30-de-Abril-2026.pdf
2026-04-30,084,MONTE CRISTI,MONTE CRISTI,INDOMET,EMCI,32.5,21.6,0.0,https://indomet.gob.do/wp-content/uploads/2026/05/Temperaturas-extremas-y-precipitaciones-30-de-Abril-2026.pdf
2026-04-30,085,PERALTA,AZUA,HOSP. MPAL. DE PERALTA,EMCI,30.0,18.0,0.0,https://indomet.gob.do/wp-content/uploads/2026/05/Temperaturas-extremas-y-precipitaciones-30-de-Abril-2026.pdf
2026-04-30,086,PESCADERIA (EMA),BARAHONA,MINISTERIO DE AGRICULTURA,EMAP,,,0.0,https://indomet.gob.do/wp-content/uploads/2026/05/Temperaturas-extremas-y-precipitaciones-30-de-Abril-2026.pdf
2026-04-30,087,POLO,BARAHONA,INDOCAFE,EMCI,29.0,17.0,0.0,https://indomet.gob.do/wp-content/uploads/2026/05/Temperaturas-extremas-y-precipitaciones-30-de-Abril-2026.pdf
2026-04-30,088,PRESA DE TAVERAS (EMA),LA VEGA,PROGRAMA MUNDIAL DE ALIMENTO,EMAP,30.6,21.1,0.0,https://indomet.gob.do/wp-content/uploads/2026/05/Temperaturas-extremas-y-precipitaciones-30-de-Abril-2026.pdf
2026-04-30,089,RESTAURACIÓN,DAJABÓN,MINISTERIO DE AGRICULTURA,EMCI,30.5,16.8,0.0,https://indomet.gob.do/wp-content/uploads/2026/05/Temperaturas-extremas-y-precipitaciones-30-de-Abril-2026.pdf
2026-04-30,090,TÁBARA ABAJO,AZUA,INDRHI,EMCI,32.0,22.0,0.0,https://indomet.gob.do/wp-content/uploads/2026/05/Temperaturas-extremas-y-precipitaciones-30-de-Abril-2026.pdf
2026-04-30,091,TAMBORIL,SANTIAGO,MINISTERIO DE AGRICULTURA,EMCV,,,0.0,https://indomet.gob.do/wp-content/uploads/2026/05/Temperaturas-extremas-y-precipitaciones-30-de-Abril-2026.pdf
2026-04-30,092,VILLA GONZALES,SANTIAGO,MINISTERIO DE AGRICULTURA,EMCI,,,0.0,https://indomet.gob.do/wp-content/uploads/2026/05/Temperaturas-extremas-y-precipitaciones-30-de-Abril-2026.pdf
2026-04-30,093,VILLA VASQUEZ (EMA),MONTE CRISTI,JUNTA DE REGANTES,EMAI,,,0.0,https://indomet.gob.do/wp-content/uploads/2026/05/Temperaturas-extremas-y-precipitaciones-30-de-Abril-2026.pdf
2026-05-01,001,HATO MAYOR,HATO MAYOR,MINISTERIO DE AGRICULTURA,EMCV,,,44.2,https://indomet.gob.do/wp-content/uploads/2026/05/Temperaturas-extremas-y-precipitaciones-01-de-Mayo-2026.pdf
2026-05-01,002,VALLE NUEVO (EMA),LA VEGA,MARENA,EMAI,,,23.0,https://indomet.gob.do/wp-content/uploads/2026/05/Temperaturas-extremas-y-precipitaciones-01-de-Mayo-2026.pdf
2026-05-01,003,ELÍAS PIÑA,ELÍAS PIÑA,MINISTERIO DE AGRICULTURA,EMCV,,,15.0,https://indomet.gob.do/wp-content/uploads/2026/05/Temperaturas-extremas-y-precipitaciones-01-de-Mayo-2026.pdf
2026-05-01,004,RANCHO ARRIBA,SAN JOSÉ DE OCOA,CENTRO TECNOLÓGICO COMUNITARIO,EMCI,30.3,18.2,14.0,https://indomet.gob.do/wp-content/uploads/2026/05/Temperaturas-extremas-y-precipitaciones-01-de-Mayo-2026.pdf
2026-05-01,005,BONAO,MONSEÑOR NOUEL,MINISTERIO DE AGRICULTURA,EMCV,,,9.1,https://indomet.gob.do/wp-content/uploads/2026/05/Temperaturas-extremas-y-precipitaciones-01-de-Mayo-2026.pdf
2026-05-01,006,SAN JOSÉ DE OCOA,SAN JOSÉ DE OCOA,HOSP. SAN JOSÉ DE OCOA,EMCI,31.0,19.9,6.8,https://indomet.gob.do/wp-content/uploads/2026/05/Temperaturas-extremas-y-precipitaciones-01-de-Mayo-2026.pdf
2026-05-01,007,JUMA BEJUCAL,MONSEÑOR NOUEL,IDIAF,EMCV,32.2,23.2,5.5,https://indomet.gob.do/wp-content/uploads/2026/05/Temperaturas-extremas-y-precipitaciones-01-de-Mayo-2026.pdf
2026-05-01,008,ALTO BANDERA (EMA),LA VEGA,INTEC,EMAP,14.9,8.0,3.0,https://indomet.gob.do/wp-content/uploads/2026/05/Temperaturas-extremas-y-precipitaciones-01-de-Mayo-2026.pdf
2026-05-01,009,HONDO VALLE,ELÍAS PIÑA,MINISTERIO DE AGRICULTURA,EMCI,25.9,16.1,3.0,https://indomet.gob.do/wp-content/uploads/2026/05/Temperaturas-extremas-y-precipitaciones-01-de-Mayo-2026.pdf
2026-05-01,010,PERALTA,AZUA,HOSP. MPAL. DE PERALTA,EMCI,28.8,17.2,2.4,https://indomet.gob.do/wp-content/uploads/2026/05/Temperaturas-extremas-y-precipitaciones-01-de-Mayo-2026.pdf
2026-05-01,011,MICHES,EL SEIBO,MINISTERIO DE AGRICULTURA,EMCV,29.9,22.9,2.0,https://indomet.gob.do/wp-content/uploads/2026/05/Temperaturas-extremas-y-precipitaciones-01-de-Mayo-2026.pdf
2026-05-01,012,EL FACTOR (EMA),MARÍA TRINIDAD SÁNCHEZ,INTEC,EMAP,31.8,22.9,1.8,https://indomet.gob.do/wp-content/uploads/2026/05/Temperaturas-extremas-y-precipitaciones-01-de-Mayo-2026.pdf
2026-05-01,013,PONTÓN ABAJO (EMA),LA VEGA,MINISTERIO DE AGRICULTURA,EMAP,34.2,23.4,1.8,https://indomet.gob.do/wp-content/uploads/2026/05/Temperaturas-extremas-y-precipitaciones-01-de-Mayo-2026.pdf
2026-05-01,014,TAMBORIL,SANTIAGO,MINISTERIO DE AGRICULTURA,EMCV,,,1.3,https://indomet.gob.do/wp-content/uploads/2026/05/Temperaturas-extremas-y-precipitaciones-01-de-Mayo-2026.pdf
2026-05-01,015,LA VICTORIA,SANTO DOMINGO,CUERPO DE BOMBEROS,EMCI,33.2,22.5,1.1,https://indomet.gob.do/wp-content/uploads/2026/05/Temperaturas-extremas-y-precipitaciones-01-de-Mayo-2026.pdf
2026-05-01,016,TÁBARA ABAJO,AZUA,INDRHI,EMCI,31.5,19.5,0.9,https://indomet.gob.do/wp-content/uploads/2026/05/Temperaturas-extremas-y-precipitaciones-01-de-Mayo-2026.pdf
2026-05-01,017,JARABACOA,LA VEGA,INDRHI / MARENA,EMCI,32.2,16.4,0.7,https://indomet.gob.do/wp-content/uploads/2026/05/Temperaturas-extremas-y-precipitaciones-01-de-Mayo-2026.pdf
2026-05-01,018,ARPT. DE LAS AMÉRICAS,SANTO DOMINGO,ONAMET,EMCI,31.4,21.6,0.4,https://indomet.gob.do/wp-content/uploads/2026/05/Temperaturas-extremas-y-precipitaciones-01-de-Mayo-2026.pdf
2026-05-01,019,SANTO DOMINGO ESTE,SANTO DOMINGO,ONAMET,EMCI,31.0,23.2,0.2,https://indomet.gob.do/wp-content/uploads/2026/05/Temperaturas-extremas-y-precipitaciones-01-de-Mayo-2026.pdf
2026-05-01,020,CABRAL,BARAHONA,MINISTERIO DE AGRICULTURA,EMCV,33.4,23.8,0.1,https://indomet.gob.do/wp-content/uploads/2026/05/Temperaturas-extremas-y-precipitaciones-01-de-Mayo-2026.pdf
2026-05-01,021,SABANA GRANDE DE BOYÁ,MONTE PLATA,MINISTERIO DE AGRICULTURA,EMCV,,,0.1,https://indomet.gob.do/wp-content/uploads/2026/05/Temperaturas-extremas-y-precipitaciones-01-de-Mayo-2026.pdf
2026-05-01,022,ALTAMIRA,PUERTO PLATA,HOSP. MPAL. DE ALTAMIRA,EMCI,32.2,20.2,0.0,https://indomet.gob.do/wp-content/uploads/2026/05/Temperaturas-extremas-y-precipitaciones-01-de-Mayo-2026.pdf
2026-05-01,023,ARPT. ARROYO BARRIL,SAMANÁ,ONAMET,EMCI,30.2,21.6,0.0,https://indomet.gob.do/wp-content/uploads/2026/05/Temperaturas-extremas-y-precipitaciones-01-de-Mayo-2026.pdf
2026-05-01,024,ARPT. DE LA ROMANA,LA ROMANA,ONAMET,EMCI,30.5,21.9,0.0,https://indomet.gob.do/wp-content/uploads/2026/05/Temperaturas-extremas-y-precipitaciones-01-de-Mayo-2026.pdf
2026-05-01,025,ARPT. DE PUNTA CANA,LA ALTAGRACIA,ONAMET,EMCI,30.5,22.6,0.0,https://indomet.gob.do/wp-content/uploads/2026/05/Temperaturas-extremas-y-precipitaciones-01-de-Mayo-2026.pdf
2026-05-01,026,ARPT. DEL CIBAO,SANTIAGO,ONAMET,EMCI,33.6,20.4,0.0,https://indomet.gob.do/wp-content/uploads/2026/05/Temperaturas-extremas-y-precipitaciones-01-de-Mayo-2026.pdf
2026-05-01,027,ARPT. EL CATEY,SAMANÁ,ONAMET,EMCI,29.0,21.0,0.0,https://indomet.gob.do/wp-content/uploads/2026/05/Temperaturas-extremas-y-precipitaciones-01-de-Mayo-2026.pdf
2026-05-01,028,ARPT. GREGORIO LUPERÓN,PUERTO PLATA,ONAMET,EMCI,31.5,20.3,0.0,https://indomet.gob.do/wp-content/uploads/2026/05/Temperaturas-extremas-y-precipitaciones-01-de-Mayo-2026.pdf
2026-05-01,029,ARPT. LA ISABELA,SANTO DOMINGO,ONAMET,EMCI,33.0,19.2,0.0,https://indomet.gob.do/wp-content/uploads/2026/05/Temperaturas-extremas-y-precipitaciones-01-de-Mayo-2026.pdf
2026-05-01,030,ARPT. MARÍA MONTEZ,BARAHONA,ONAMET,EMCI,32.0,22.8,0.0,https://indomet.gob.do/wp-content/uploads/2026/05/Temperaturas-extremas-y-precipitaciones-01-de-Mayo-2026.pdf
2026-05-01,031,ARROYO LORO,SAN JUAN,IDIAF,EMCI,32.5,20.6,0.0,https://indomet.gob.do/wp-content/uploads/2026/05/Temperaturas-extremas-y-precipitaciones-01-de-Mayo-2026.pdf
2026-05-01,032,BANI (EMA),PERAVIA,MINISTERIO DE AGRICULTURA,EMAP,32.8,24.4,0.0,https://indomet.gob.do/wp-content/uploads/2026/05/Temperaturas-extremas-y-precipitaciones-01-de-Mayo-2026.pdf
2026-05-01,033,BAYAGUANA,MONTE PLATA,ONAMET,EMCI,32.6,21.0,0.0,https://indomet.gob.do/wp-content/uploads/2026/05/Temperaturas-extremas-y-precipitaciones-01-de-Mayo-2026.pdf
2026-05-01,034,BOCA DE MAO (EMA),VALVERDE,MINISTERIO DE AGRICULTURA,EMAP,35.2,23.3,0.0,https://indomet.gob.do/wp-content/uploads/2026/05/Temperaturas-extremas-y-precipitaciones-01-de-Mayo-2026.pdf
2026-05-01,035,CABRERA,MARÍA TRINIDAD SÁNCHEZ,ESCUELA ARÍSTIDES FIALLO CABRAL,EMCI,32.0,23.5,0.0,https://indomet.gob.do/wp-content/uploads/2026/05/Temperaturas-extremas-y-precipitaciones-01-de-Mayo-2026.pdf
2026-05-01,036,CENTRO DE LOS HEROES (EMA),DISTRITO NACIONAL,MINISTERIO DE ENERGIA Y MINA,EMAP,31.6,25.7,0.0,https://indomet.gob.do/wp-content/uploads/2026/05/Temperaturas-extremas-y-precipitaciones-01-de-Mayo-2026.pdf
2026-05-01,037,CONSTANZA,LA VEGA,MINISTERIO DE AGRICULTURA,EMCI,28.5,13.6,0.0,https://indomet.gob.do/wp-content/uploads/2026/05/Temperaturas-extremas-y-precipitaciones-01-de-Mayo-2026.pdf
2026-05-01,038,CONSTANZA (EMA),LA VEGA,PROGRAMA MUNDIAL DE ALIMENTO,EMAP,26.3,15.2,0.0,https://indomet.gob.do/wp-content/uploads/2026/05/Temperaturas-extremas-y-precipitaciones-01-de-Mayo-2026.pdf
2026-05-01,039,DAJABÓN,DAJABÓN,INSTITUTO POLITÉCNICO LOYOLA,EMCI,34.0,18.7,0.0,https://indomet.gob.do/wp-content/uploads/2026/05/Temperaturas-extremas-y-precipitaciones-01-de-Mayo-2026.pdf
2026-05-01,040,ENRIQUILLO,BARAHONA,MINISTERIO DE AGRICULTURA,EMCV,32.7,23.0,0.0,https://indomet.gob.do/wp-content/uploads/2026/05/Temperaturas-extremas-y-precipitaciones-01-de-Mayo-2026.pdf
2026-05-01,041,GASPAR HERNÁNDEZ,ESPAILLAT,PROPIEDAD DEL EMPLEADO,EMCI,,,0.0,https://indomet.gob.do/wp-content/uploads/2026/05/Temperaturas-extremas-y-precipitaciones-01-de-Mayo-2026.pdf
2026-05-01,042,GURABO,SANTIAGO,MINISTERIO DE AGRICULTURA,EMCV,,,0.0,https://indomet.gob.do/wp-content/uploads/2026/05/Temperaturas-extremas-y-precipitaciones-01-de-Mayo-2026.pdf
2026-05-01,043,JIMANÍ,INDEPENDENCIA,MINISTERIO DE AGRICULTURA,EMCI,34.4,23.4,0.0,https://indomet.gob.do/wp-content/uploads/2026/05/Temperaturas-extremas-y-precipitaciones-01-de-Mayo-2026.pdf
2026-05-01,044,LA VEGA,LA VEGA,IATESA,EMCI,32.0,21.5,0.0,https://indomet.gob.do/wp-content/uploads/2026/05/Temperaturas-extremas-y-precipitaciones-01-de-Mayo-2026.pdf
2026-05-01,045,LAS CANAS (EMA),MONTE CRISTI,PROGRAMA MUNDIAL DE ALIMENTO,EMAP,28.4,23.1,0.0,https://indomet.gob.do/wp-content/uploads/2026/05/Temperaturas-extremas-y-precipitaciones-01-de-Mayo-2026.pdf
2026-05-01,046,LOS LLANOS,SAN PEDRO DE MACORÍS,MINISTERIO DE AGRICULTURA,EMCI,32.0,22.8,0.0,https://indomet.gob.do/wp-content/uploads/2026/05/Temperaturas-extremas-y-precipitaciones-01-de-Mayo-2026.pdf
2026-05-01,047,LOS TRES CHARCOS (EMA),PEDERNALES,PROPIEDAD DEL VOLUNTARIO,EMAP,,,0.0,https://indomet.gob.do/wp-content/uploads/2026/05/Temperaturas-extremas-y-precipitaciones-01-de-Mayo-2026.pdf
2026-05-01,048,MAO,VALVERDE,INDRHI / MINISTERIO DE AGRICULTURA,EMCV,,,0.0,https://indomet.gob.do/wp-content/uploads/2026/05/Temperaturas-extremas-y-precipitaciones-01-de-Mayo-2026.pdf
2026-05-01,049,MONCIÓN (EMA),SANTIAGO RODRÍGUEZ,PROGRAMA MUNDIAL DE ALIMENTO,EMAP,31.8,21.3,0.0,https://indomet.gob.do/wp-content/uploads/2026/05/Temperaturas-extremas-y-precipitaciones-01-de-Mayo-2026.pdf
2026-05-01,050,MONTE CRISTI,MONTE CRISTI,ONAMET,EMCI,33.0,22.7,0.0,https://indomet.gob.do/wp-content/uploads/2026/05/Temperaturas-extremas-y-precipitaciones-01-de-Mayo-2026.pdf
2026-05-01,051,OLIVARES,PEDERNALES,INDRHI,EMCI,,,0.0,https://indomet.gob.do/wp-content/uploads/2026/05/Temperaturas-extremas-y-precipitaciones-01-de-Mayo-2026.pdf
2026-05-01,052,OVIEDO,PEDERNALES,CLÍNICA RURAL OVIEDO,EMCI,33.2,25.0,0.0,https://indomet.gob.do/wp-content/uploads/2026/05/Temperaturas-extremas-y-precipitaciones-01-de-Mayo-2026.pdf
2026-05-01,053,PADRE LAS CASAS,AZUA,HOSP. NTRA. SRA. DEL CARMEN,EMCI,32.0,20.2,0.0,https://indomet.gob.do/wp-content/uploads/2026/05/Temperaturas-extremas-y-precipitaciones-01-de-Mayo-2026.pdf
2026-05-01,054,PALO ÍNDIO,PUERTO PLATA,MINISTERIO DE AGRICULTURA,EMCI,,,0.0,https://indomet.gob.do/wp-content/uploads/2026/05/Temperaturas-extremas-y-precipitaciones-01-de-Mayo-2026.pdf
2026-05-01,055,PEDERNALES,PEDERNALES,INDRHI,EMCI,,,0.0,https://indomet.gob.do/wp-content/uploads/2026/05/Temperaturas-extremas-y-precipitaciones-01-de-Mayo-2026.pdf
2026-05-01,056,PESCADERIA (EMA),BARAHONA,MINISTERIO DE AGRICULTURA,EMAP,,,0.0,https://indomet.gob.do/wp-content/uploads/2026/05/Temperaturas-extremas-y-precipitaciones-01-de-Mayo-2026.pdf
2026-05-01,057,POLO,BARAHONA,INDOCAFE,EMCI,30.0,16.5,0.0,https://indomet.gob.do/wp-content/uploads/2026/05/Temperaturas-extremas-y-precipitaciones-01-de-Mayo-2026.pdf
2026-05-01,058,PRESA DE TAVERAS (EMA),LA VEGA,PROGRAMA MUNDIAL DE ALIMENTO,EMAP,30.4,21.6,0.0,https://indomet.gob.do/wp-content/uploads/2026/05/Temperaturas-extremas-y-precipitaciones-01-de-Mayo-2026.pdf
2026-05-01,059,RESTAURACIÓN,DAJABÓN,MINISTERIO DE AGRICULTURA,EMCI,31.7,17.6,0.0,https://indomet.gob.do/wp-content/uploads/2026/05/Temperaturas-extremas-y-precipitaciones-01-de-Mayo-2026.pdf
2026-05-01,060,RÍO SAN JUAN,MARÍA TRINIDAD SÁNCHEZ,HOSP. MPAL. DR. DESIDERIO ACOSTA,EMCV,33.0,23.4,0.0,https://indomet.gob.do/wp-content/uploads/2026/05/Temperaturas-extremas-y-precipitaciones-01-de-Mayo-2026.pdf
2026-05-01,061,SABANA DE LA MAR,HATO MAYOR,ONAMET,EMCI,30.4,21.6,0.0,https://indomet.gob.do/wp-content/uploads/2026/05/Temperaturas-extremas-y-precipitaciones-01-de-Mayo-2026.pdf
2026-05-01,062,SABANETA (EMA),SANTIAGO RODRÍGUEZ,PROGRAMA MUNDIAL DE ALIMENTO,EMAP,34.8,24.0,0.0,https://indomet.gob.do/wp-content/uploads/2026/05/Temperaturas-extremas-y-precipitaciones-01-de-Mayo-2026.pdf
2026-05-01,063,SALCEDO,HERMANAS MIRABAL,PROPIEDAD DEL EMPLEADO,EMCI,,,0.0,https://indomet.gob.do/wp-content/uploads/2026/05/Temperaturas-extremas-y-precipitaciones-01-de-Mayo-2026.pdf
2026-05-01,064,SAMANÁ,SAMANÁ,COMANDANCIA DE PUERTO DE SAMANÁ,EMCI,32.0,18.4,0.0,https://indomet.gob.do/wp-content/uploads/2026/05/Temperaturas-extremas-y-precipitaciones-01-de-Mayo-2026.pdf
2026-05-01,065,SAN RAFAEL DEL YUMA,LA ALTAGRACIA,MINISTERIO DE AGRICULTURA,EMCI,32.0,22.9,0.0,https://indomet.gob.do/wp-content/uploads/2026/05/Temperaturas-extremas-y-precipitaciones-01-de-Mayo-2026.pdf
2026-05-01,066,SÁNCHEZ,SAMANÁ,MINISTERIO DE AGRICULTURA,EMCI,31.9,21.3,0.0,https://indomet.gob.do/wp-content/uploads/2026/05/Temperaturas-extremas-y-precipitaciones-01-de-Mayo-2026.pdf
2026-05-01,067,SANTIAGO RODRÍGUEZ,SANTIAGO RODRÍGUEZ,ONAMET,EMCI,34.5,24.0,0.0,https://indomet.gob.do/wp-content/uploads/2026/05/Temperaturas-extremas-y-precipitaciones-01-de-Mayo-2026.pdf
2026-05-01,068,VILLA ALTAGRACIA,SAN CRISTÓBAL,ESCUELA JAVIER ANGULO GURIDI,EMCI,,,0.0,https://indomet.gob.do/wp-content/uploads/2026/05/Temperaturas-extremas-y-precipitaciones-01-de-Mayo-2026.pdf
2026-05-01,069,VILLA GONZALES,SANTIAGO,MINISTERIO DE AGRICULTURA,EMCI,,,0.0,https://indomet.gob.do/wp-content/uploads/2026/05/Temperaturas-extremas-y-precipitaciones-01-de-Mayo-2026.pdf
2026-05-01,070,VILLA ISABELA,PUERTO PLATA,MINISTERIO DE AGRICULTURA,EMCV,31.0,21.0,0.0,https://indomet.gob.do/wp-content/uploads/2026/05/Temperaturas-extremas-y-precipitaciones-01-de-Mayo-2026.pdf
2026-05-01,071,VILLA RIVA,DUARTE,HOSP. MPAL. ALICIA DE LEGENDRE,EMCI,32.4,18.4,0.0,https://indomet.gob.do/wp-content/uploads/2026/05/Temperaturas-extremas-y-precipitaciones-01-de-Mayo-2026.pdf
2026-05-01,072,ANAMUYA (EMA),LA ALTAGRACIA,MINISTERIO DE AGRICULTURA,EMAP,31.3,23.9,0.0,https://indomet.gob.do/wp-content/uploads/2026/05/Temperaturas-extremas-y-precipitaciones-01-de-Mayo-2026.pdf
2026-05-01,073,BASE AÉREA DE SAN ISIDRO,SANTO DOMINGO,FUERZA AÉREA DOMINICANA,EMCV,31.1,22.4,0.0,https://indomet.gob.do/wp-content/uploads/2026/05/Temperaturas-extremas-y-precipitaciones-01-de-Mayo-2026.pdf
2026-05-01,074,NAVARRETE,SANTIAGO,MINISTERIO DE AGRICULTURA,EMCV,,,0.0,https://indomet.gob.do/wp-content/uploads/2026/05/Temperaturas-extremas-y-precipitaciones-01-de-Mayo-2026.pdf
2026-05-01,075,SAN CRISTÓBAL,SAN CRISTÓBAL,INSTITUTO POLITÉCNICO LOYOLA,EMCI,31.2,21.2,0.0,https://indomet.gob.do/wp-content/uploads/2026/05/Temperaturas-extremas-y-precipitaciones-01-de-Mayo-2026.pdf
2026-05-02,001,MICHES (EMA),EL SEIBO,PRIVADA,EMAP,31.9,22.9,4.6,https://indomet.gob.do/wp-content/uploads/2026/05/Temperaturas-extremas-y-precipitaciones-02-de-Mayo-2026.pdf
2026-05-02,002,CABRAL,BARAHONA,MINISTERIO DE AGRICULTURA,EMCV,32.5,21.9,0.1,https://indomet.gob.do/wp-content/uploads/2026/05/Temperaturas-extremas-y-precipitaciones-02-de-Mayo-2026.pdf
2026-05-02,003,ENRIQUILLO,BARAHONA,MINISTERIO DE AGRICULTURA,EMCV,32.0,22.5,0.1,https://indomet.gob.do/wp-content/uploads/2026/05/Temperaturas-extremas-y-precipitaciones-02-de-Mayo-2026.pdf
2026-05-02,004,OVIEDO,PEDERNALES,CLÍNICA RURAL OVIEDO,EMCI,32.8,23.0,0.1,https://indomet.gob.do/wp-content/uploads/2026/05/Temperaturas-extremas-y-precipitaciones-02-de-Mayo-2026.pdf
2026-05-02,005,ALTAMIRA,PUERTO PLATA,HOSP. MPAL. DE ALTAMIRA,EMCI,33.4,20.9,0.0,https://indomet.gob.do/wp-content/uploads/2026/05/Temperaturas-extremas-y-precipitaciones-02-de-Mayo-2026.pdf
2026-05-02,006,ALTO BANDERA (EMA),LA VEGA,INTEC,EMAP,18.1,8.7,0.0,https://indomet.gob.do/wp-content/uploads/2026/05/Temperaturas-extremas-y-precipitaciones-02-de-Mayo-2026.pdf
2026-05-02,007,ANAMUYA (EMA),LA ALTAGRACIA,MINISTERIO DE AGRICULTURA,EMAP,32.4,23.2,0.0,https://indomet.gob.do/wp-content/uploads/2026/05/Temperaturas-extremas-y-precipitaciones-02-de-Mayo-2026.pdf
2026-05-02,008,ARPT. ARROYO BARRIL,SAMANÁ,INDOMET,EMCI,31.5,21.8,0.0,https://indomet.gob.do/wp-content/uploads/2026/05/Temperaturas-extremas-y-precipitaciones-02-de-Mayo-2026.pdf
2026-05-02,009,ARPT. DE LA ROMANA,LA ROMANA,INDOMET,EMCI,32.0,22.0,0.0,https://indomet.gob.do/wp-content/uploads/2026/05/Temperaturas-extremas-y-precipitaciones-02-de-Mayo-2026.pdf
2026-05-02,010,ARPT. DE LAS AMÉRICAS,SANTO DOMINGO,INDOMET,EMCI,31.5,22.7,0.0,https://indomet.gob.do/wp-content/uploads/2026/05/Temperaturas-extremas-y-precipitaciones-02-de-Mayo-2026.pdf
2026-05-02,011,ARPT. DE PUNTA CANA,LA ALTAGRACIA,INDOMET,EMCI,30.8,22.6,0.0,https://indomet.gob.do/wp-content/uploads/2026/05/Temperaturas-extremas-y-precipitaciones-02-de-Mayo-2026.pdf
2026-05-02,012,ARPT. DEL CIBAO,SANTIAGO,INDOMET,EMCI,34.2,21.5,0.0,https://indomet.gob.do/wp-content/uploads/2026/05/Temperaturas-extremas-y-precipitaciones-02-de-Mayo-2026.pdf
2026-05-02,013,ARPT. EL CATEY,SAMANÁ,INDOMET,EMCI,31.4,22.5,0.0,https://indomet.gob.do/wp-content/uploads/2026/05/Temperaturas-extremas-y-precipitaciones-02-de-Mayo-2026.pdf
2026-05-02,014,ARPT. GREGORIO LUPERÓN,PUERTO PLATA,INDOMET,EMCI,31.5,22.5,0.0,https://indomet.gob.do/wp-content/uploads/2026/05/Temperaturas-extremas-y-precipitaciones-02-de-Mayo-2026.pdf
2026-05-02,015,ARPT. LA ISABELA,SANTO DOMINGO,INDOMET,EMCI,32.5,20.5,0.0,https://indomet.gob.do/wp-content/uploads/2026/05/Temperaturas-extremas-y-precipitaciones-02-de-Mayo-2026.pdf
2026-05-02,016,ARPT. MARÍA MONTEZ,BARAHONA,INDOMET,EMCI,31.0,24.5,0.0,https://indomet.gob.do/wp-content/uploads/2026/05/Temperaturas-extremas-y-precipitaciones-02-de-Mayo-2026.pdf
2026-05-02,017,ARROYO LORO,SAN JUAN,IDIAF,EMCI,32.0,19.7,0.0,https://indomet.gob.do/wp-content/uploads/2026/05/Temperaturas-extremas-y-precipitaciones-02-de-Mayo-2026.pdf
2026-05-02,018,BANI (EMA),PERAVIA,MINISTERIO DE AGRICULTURA,EMAP,30.9,23.6,0.0,https://indomet.gob.do/wp-content/uploads/2026/05/Temperaturas-extremas-y-precipitaciones-02-de-Mayo-2026.pdf
2026-05-02,019,BASE AÉREA DE SAN ISIDRO,SANTO DOMINGO,FUERZA AÉREA DOMINICANA,EMCV,33.1,24.0,0.0,https://indomet.gob.do/wp-content/uploads/2026/05/Temperaturas-extremas-y-precipitaciones-02-de-Mayo-2026.pdf
2026-05-02,020,BAYAGUANA,MONTE PLATA,INDOMET,EMCI,33.0,21.2,0.0,https://indomet.gob.do/wp-content/uploads/2026/05/Temperaturas-extremas-y-precipitaciones-02-de-Mayo-2026.pdf
2026-05-02,021,BELLA VISTA (EMA),DISTRITO NACIONAL,PRIVADA,EMAP,,,0.0,https://indomet.gob.do/wp-content/uploads/2026/05/Temperaturas-extremas-y-precipitaciones-02-de-Mayo-2026.pdf
2026-05-02,022,BOCA DE MAO (EMA),VALVERDE,MINISTERIO DE AGRICULTURA,EMAP,35.6,23.9,0.0,https://indomet.gob.do/wp-content/uploads/2026/05/Temperaturas-extremas-y-precipitaciones-02-de-Mayo-2026.pdf
2026-05-02,023,BONAO,MONSEÑOR NOUEL,MINISTERIO DE AGRICULTURA,EMCV,,,0.0,https://indomet.gob.do/wp-content/uploads/2026/05/Temperaturas-extremas-y-precipitaciones-02-de-Mayo-2026.pdf
2026-05-02,024,BUCARA (EMA),SANTIAGO,MINISTERIO DE AGRICULTURA,EMAI,,,0.0,https://indomet.gob.do/wp-content/uploads/2026/05/Temperaturas-extremas-y-precipitaciones-02-de-Mayo-2026.pdf
2026-05-02,025,CABRERA,MARÍA TRINIDAD SÁNCHEZ,ESCUELA ARÍSTIDES FIALLO CABRAL,EMCI,32.0,25.0,0.0,https://indomet.gob.do/wp-content/uploads/2026/05/Temperaturas-extremas-y-precipitaciones-02-de-Mayo-2026.pdf
2026-05-02,026,CENTRO DE LOS HEROES (EMA),DISTRITO NACIONAL,MINISTERIO DE ENERGIA Y MINA,EMAP,30.8,25.6,0.0,https://indomet.gob.do/wp-content/uploads/2026/05/Temperaturas-extremas-y-precipitaciones-02-de-Mayo-2026.pdf
2026-05-02,027,CONSTANZA,LA VEGA,MINISTERIO DE AGRICULTURA,EMCI,28.6,12.8,0.0,https://indomet.gob.do/wp-content/uploads/2026/05/Temperaturas-extremas-y-precipitaciones-02-de-Mayo-2026.pdf
2026-05-02,028,CONSTANZA (EMA),LA VEGA,PROGRAMA MUNDIAL DE ALIMENTO,EMAP,26.2,14.6,0.0,https://indomet.gob.do/wp-content/uploads/2026/05/Temperaturas-extremas-y-precipitaciones-02-de-Mayo-2026.pdf
2026-05-02,029,DAJABÓN,DAJABÓN,INSTITUTO POLITÉCNICO LOYOLA,EMCI,34.3,19.0,0.0,https://indomet.gob.do/wp-content/uploads/2026/05/Temperaturas-extremas-y-precipitaciones-02-de-Mayo-2026.pdf
2026-05-02,030,EL FACTOR (EMA),MARÍA TRINIDAD SÁNCHEZ,INTEC,EMAP,32.5,22.1,0.0,https://indomet.gob.do/wp-content/uploads/2026/05/Temperaturas-extremas-y-precipitaciones-02-de-Mayo-2026.pdf
2026-05-02,031,EL MILLON (EMA),DISTRITO NACIONAL,PRIVADA,EMAP,,,0.0,https://indomet.gob.do/wp-content/uploads/2026/05/Temperaturas-extremas-y-precipitaciones-02-de-Mayo-2026.pdf
2026-05-02,032,ELÍAS PIÑA,ELÍAS PIÑA,MINISTERIO DE AGRICULTURA,EMCV,,,0.0,https://indomet.gob.do/wp-content/uploads/2026/05/Temperaturas-extremas-y-precipitaciones-02-de-Mayo-2026.pdf
2026-05-02,033,ENSANCHE LA FE (EMA),DISTRITO NACIONAL,PRIVADA,EMAP,,,0.0,https://indomet.gob.do/wp-content/uploads/2026/05/Temperaturas-extremas-y-precipitaciones-02-de-Mayo-2026.pdf
2026-05-02,034,ESCONDIDO,PERAVIA,MINISTERIO DE AGRICULTURA,EMCV,31.0,24.0,0.0,https://indomet.gob.do/wp-content/uploads/2026/05/Temperaturas-extremas-y-precipitaciones-02-de-Mayo-2026.pdf
2026-05-02,035,GASPAR HERNÁNDEZ,ESPAILLAT,PROPIEDAD DEL EMPLEADO,EMCI,,,0.0,https://indomet.gob.do/wp-content/uploads/2026/05/Temperaturas-extremas-y-precipitaciones-02-de-Mayo-2026.pdf
2026-05-02,036,GURABO,SANTIAGO,MINISTERIO DE AGRICULTURA,EMCV,,,0.0,https://indomet.gob.do/wp-content/uploads/2026/05/Temperaturas-extremas-y-precipitaciones-02-de-Mayo-2026.pdf
2026-05-02,037,HATO MAYOR,HATO MAYOR,MINISTERIO DE AGRICULTURA,EMCV,,,0.0,https://indomet.gob.do/wp-content/uploads/2026/05/Temperaturas-extremas-y-precipitaciones-02-de-Mayo-2026.pdf
2026-05-02,038,HONDO VALLE,ELÍAS PIÑA,MINISTERIO DE AGRICULTURA,EMCI,25.8,15.7,0.0,https://indomet.gob.do/wp-content/uploads/2026/05/Temperaturas-extremas-y-precipitaciones-02-de-Mayo-2026.pdf
2026-05-02,039,JARABACOA,LA VEGA,INDRHI / MARENA,EMCI,32.6,17.0,0.0,https://indomet.gob.do/wp-content/uploads/2026/05/Temperaturas-extremas-y-precipitaciones-02-de-Mayo-2026.pdf
2026-05-02,040,JARDÍN BOTÁNICO SANTIAGO (EMSANTIAGO,,JARDIN BOTANICO SANTIAGO,EMAI,33.1,,0.0,https://indomet.gob.do/wp-content/uploads/2026/05/Temperaturas-extremas-y-precipitaciones-02-de-Mayo-2026.pdf
2026-05-02,041,JIMANÍ,INDEPENDENCIA,MINISTERIO DE AGRICULTURA,EMCI,33.6,23.6,0.0,https://indomet.gob.do/wp-content/uploads/2026/05/Temperaturas-extremas-y-precipitaciones-02-de-Mayo-2026.pdf
2026-05-02,042,JUMA BEJUCAL,MONSEÑOR NOUEL,IDIAF,EMCV,31.4,22.6,0.0,https://indomet.gob.do/wp-content/uploads/2026/05/Temperaturas-extremas-y-precipitaciones-02-de-Mayo-2026.pdf
2026-05-02,043,LA AGUSTINA (EMA),DISTRITO NACIONAL,PRIVADA,EMAP,,,0.0,https://indomet.gob.do/wp-content/uploads/2026/05/Temperaturas-extremas-y-precipitaciones-02-de-Mayo-2026.pdf
2026-05-02,044,LA VEGA,LA VEGA,IATESA,EMCI,30.6,20.4,0.0,https://indomet.gob.do/wp-content/uploads/2026/05/Temperaturas-extremas-y-precipitaciones-02-de-Mayo-2026.pdf
2026-05-02,045,LA VICTORIA,SANTO DOMINGO,CUERPO DE BOMBEROS,EMCI,32.8,23.0,0.0,https://indomet.gob.do/wp-content/uploads/2026/05/Temperaturas-extremas-y-precipitaciones-02-de-Mayo-2026.pdf
2026-05-02,046,LAS CANAS (EMA),MONTE CRISTI,PROGRAMA MUNDIAL DE ALIMENTO,EMAP,29.1,22.7,0.0,https://indomet.gob.do/wp-content/uploads/2026/05/Temperaturas-extremas-y-precipitaciones-02-de-Mayo-2026.pdf
2026-05-02,047,LOS CACICAZGOS (EMA),DISTRITO NACIONAL,PRIVADA,EMAP,,,0.0,https://indomet.gob.do/wp-content/uploads/2026/05/Temperaturas-extremas-y-precipitaciones-02-de-Mayo-2026.pdf
2026-05-02,048,LOS COCOS (EMA),BAHORUCO,PRIVADA,EMAP,,,0.0,https://indomet.gob.do/wp-content/uploads/2026/05/Temperaturas-extremas-y-precipitaciones-02-de-Mayo-2026.pdf
2026-05-02,049,LOS LLANOS,SAN PEDRO DE MACORÍS,MINISTERIO DE AGRICULTURA,EMCI,32.2,22.6,0.0,https://indomet.gob.do/wp-content/uploads/2026/05/Temperaturas-extremas-y-precipitaciones-02-de-Mayo-2026.pdf
2026-05-02,050,LOS PRADOS (EMA),DISTRITO NACIONAL,PRIVADA,EMAP,,,0.0,https://indomet.gob.do/wp-content/uploads/2026/05/Temperaturas-extremas-y-precipitaciones-02-de-Mayo-2026.pdf
2026-05-02,051,LOS TRES CHARCOS (EMA),PEDERNALES,PROPIEDAD DEL VOLUNTARIO,EMAP,,,0.0,https://indomet.gob.do/wp-content/uploads/2026/05/Temperaturas-extremas-y-precipitaciones-02-de-Mayo-2026.pdf
2026-05-02,052,MAO,VALVERDE,INDRHI / MINISTERIO DE AGRICULTURA,EMCV,,,0.0,https://indomet.gob.do/wp-content/uploads/2026/05/Temperaturas-extremas-y-precipitaciones-02-de-Mayo-2026.pdf
2026-05-02,053,MONCIÓN (EMA),SANTIAGO RODRÍGUEZ,PROGRAMA MUNDIAL DE ALIMENTO,EMAP,32.3,21.8,0.0,https://indomet.gob.do/wp-content/uploads/2026/05/Temperaturas-extremas-y-precipitaciones-02-de-Mayo-2026.pdf
2026-05-02,054,MONTE CRISTI,MONTE CRISTI,INDOMET,EMCI,33.8,23.5,0.0,https://indomet.gob.do/wp-content/uploads/2026/05/Temperaturas-extremas-y-precipitaciones-02-de-Mayo-2026.pdf
2026-05-02,055,NAVARRETE,SANTIAGO,MINISTERIO DE AGRICULTURA,EMCV,,,0.0,https://indomet.gob.do/wp-content/uploads/2026/05/Temperaturas-extremas-y-precipitaciones-02-de-Mayo-2026.pdf
2026-05-02,056,OLIVARES,PEDERNALES,INDRHI,EMCI,,,0.0,https://indomet.gob.do/wp-content/uploads/2026/05/Temperaturas-extremas-y-precipitaciones-02-de-Mayo-2026.pdf
2026-05-02,057,PADRE LAS CASAS,AZUA,HOSP. NTRA. SRA. DEL CARMEN,EMCI,31.0,19.2,0.0,https://indomet.gob.do/wp-content/uploads/2026/05/Temperaturas-extremas-y-precipitaciones-02-de-Mayo-2026.pdf
2026-05-02,058,PALO ÍNDIO,PUERTO PLATA,MINISTERIO DE AGRICULTURA,EMCI,,,0.0,https://indomet.gob.do/wp-content/uploads/2026/05/Temperaturas-extremas-y-precipitaciones-02-de-Mayo-2026.pdf
2026-05-02,059,PEDERNALES,PEDERNALES,INDRHI,EMCI,,,0.0,https://indomet.gob.do/wp-content/uploads/2026/05/Temperaturas-extremas-y-precipitaciones-02-de-Mayo-2026.pdf
2026-05-02,060,PERALTA,AZUA,HOSP. MPAL. DE PERALTA,EMCI,29.0,15.5,0.0,https://indomet.gob.do/wp-content/uploads/2026/05/Temperaturas-extremas-y-precipitaciones-02-de-Mayo-2026.pdf
2026-05-02,061,PESCADERIA (EMA),BARAHONA,MINISTERIO DE AGRICULTURA,EMAP,,,0.0,https://indomet.gob.do/wp-content/uploads/2026/05/Temperaturas-extremas-y-precipitaciones-02-de-Mayo-2026.pdf
2026-05-02,062,POLO,BARAHONA,INDOCAFE,EMCI,29.5,15.0,0.0,https://indomet.gob.do/wp-content/uploads/2026/05/Temperaturas-extremas-y-precipitaciones-02-de-Mayo-2026.pdf
2026-05-02,063,PONTÓN ABAJO (EMA),LA VEGA,MINISTERIO DE AGRICULTURA,EMAP,35.0,21.7,0.0,https://indomet.gob.do/wp-content/uploads/2026/05/Temperaturas-extremas-y-precipitaciones-02-de-Mayo-2026.pdf
2026-05-02,064,PRESA DE TAVERAS (EMA),LA VEGA,PROGRAMA MUNDIAL DE ALIMENTO,EMAP,30.7,21.4,0.0,https://indomet.gob.do/wp-content/uploads/2026/05/Temperaturas-extremas-y-precipitaciones-02-de-Mayo-2026.pdf
2026-05-02,065,PROLONGACION 27 DE FEBRERO,DISTRITO NACIONAL,PRIVADA,EMAP,,,0.0,https://indomet.gob.do/wp-content/uploads/2026/05/Temperaturas-extremas-y-precipitaciones-02-de-Mayo-2026.pdf
2026-05-02,066,RANCHO ARRIBA,SAN JOSÉ DE OCOA,CENTRO TECNOLÓGICO COMUNITARIO,EMCI,29.4,15.8,0.0,https://indomet.gob.do/wp-content/uploads/2026/05/Temperaturas-extremas-y-precipitaciones-02-de-Mayo-2026.pdf
2026-05-02,067,RESTAURACIÓN,DAJABÓN,MINISTERIO DE AGRICULTURA,EMCI,31.4,17.2,0.0,https://indomet.gob.do/wp-content/uploads/2026/05/Temperaturas-extremas-y-precipitaciones-02-de-Mayo-2026.pdf
2026-05-02,068,RÍO SAN JUAN,MARÍA TRINIDAD SÁNCHEZ,HOSP. MPAL. DR. DESIDERIO ACOSTA,EMCV,33.0,24.0,0.0,https://indomet.gob.do/wp-content/uploads/2026/05/Temperaturas-extremas-y-precipitaciones-02-de-Mayo-2026.pdf
2026-05-02,069,SABANA DE LA MAR,HATO MAYOR,INDOMET,EMCI,31.6,22.6,0.0,https://indomet.gob.do/wp-content/uploads/2026/05/Temperaturas-extremas-y-precipitaciones-02-de-Mayo-2026.pdf
2026-05-02,070,SABANA GRANDE DE BOYÁ,MONTE PLATA,MINISTERIO DE AGRICULTURA,EMCV,,,0.0,https://indomet.gob.do/wp-content/uploads/2026/05/Temperaturas-extremas-y-precipitaciones-02-de-Mayo-2026.pdf
2026-05-02,071,SABANETA (EMA),SANTIAGO RODRÍGUEZ,PROGRAMA MUNDIAL DE ALIMENTO,EMAP,35.8,24.1,0.0,https://indomet.gob.do/wp-content/uploads/2026/05/Temperaturas-extremas-y-precipitaciones-02-de-Mayo-2026.pdf
2026-05-02,072,SAJOMA (EMA),SANTIAGO,PLAN SIERRA,EMAI,24.4,21.5,0.0,https://indomet.gob.do/wp-content/uploads/2026/05/Temperaturas-extremas-y-precipitaciones-02-de-Mayo-2026.pdf
2026-05-02,073,SALCEDO,HERMANAS MIRABAL,PROPIEDAD DEL EMPLEADO,EMCI,,,0.0,https://indomet.gob.do/wp-content/uploads/2026/05/Temperaturas-extremas-y-precipitaciones-02-de-Mayo-2026.pdf
2026-05-02,074,SAMANÁ,SAMANÁ,COMANDANCIA DE PUERTO DE SAMANÁ,EMCI,32.6,18.5,0.0,https://indomet.gob.do/wp-content/uploads/2026/05/Temperaturas-extremas-y-precipitaciones-02-de-Mayo-2026.pdf
2026-05-02,075,SAN CRISTÓBAL,SAN CRISTÓBAL,INSTITUTO POLITÉCNICO LOYOLA,EMCI,31.0,21.0,0.0,https://indomet.gob.do/wp-content/uploads/2026/05/Temperaturas-extremas-y-precipitaciones-02-de-Mayo-2026.pdf
2026-05-02,076,SAN JOSÉ DE OCOA,SAN JOSÉ DE OCOA,HOSP. SAN JOSÉ DE OCOA,EMCI,31.4,17.2,0.0,https://indomet.gob.do/wp-content/uploads/2026/05/Temperaturas-extremas-y-precipitaciones-02-de-Mayo-2026.pdf
2026-05-02,077,SAN RAFAEL DEL YUMA,LA ALTAGRACIA,MINISTERIO DE AGRICULTURA,EMCI,32.7,23.0,0.0,https://indomet.gob.do/wp-content/uploads/2026/05/Temperaturas-extremas-y-precipitaciones-02-de-Mayo-2026.pdf
2026-05-02,078,SÁNCHEZ,SAMANÁ,MINISTERIO DE AGRICULTURA,EMCI,30.6,20.4,0.0,https://indomet.gob.do/wp-content/uploads/2026/05/Temperaturas-extremas-y-precipitaciones-02-de-Mayo-2026.pdf
2026-05-02,079,SANTIAGO RODRÍGUEZ,SANTIAGO RODRÍGUEZ,INDOMET,EMCI,35.4,24.2,0.0,https://indomet.gob.do/wp-content/uploads/2026/05/Temperaturas-extremas-y-precipitaciones-02-de-Mayo-2026.pdf
2026-05-02,080,SANTO DOMINGO ESTE,SANTO DOMINGO,INDOMET,EMCI,32.0,24.5,0.0,https://indomet.gob.do/wp-content/uploads/2026/05/Temperaturas-extremas-y-precipitaciones-02-de-Mayo-2026.pdf
2026-05-02,081,TÁBARA ABAJO,AZUA,INDRHI,EMCI,30.5,20.0,0.0,https://indomet.gob.do/wp-content/uploads/2026/05/Temperaturas-extremas-y-precipitaciones-02-de-Mayo-2026.pdf
2026-05-02,082,VILLA ALTAGRACIA,SAN CRISTÓBAL,ESCUELA JAVIER ANGULO GURIDI,EMCI,,,0.0,https://indomet.gob.do/wp-content/uploads/2026/05/Temperaturas-extremas-y-precipitaciones-02-de-Mayo-2026.pdf
2026-05-02,083,VILLA GONZALES,SANTIAGO,MINISTERIO DE AGRICULTURA,EMCI,,,0.0,https://indomet.gob.do/wp-content/uploads/2026/05/Temperaturas-extremas-y-precipitaciones-02-de-Mayo-2026.pdf
2026-05-02,084,VILLA ISABELA,PUERTO PLATA,MINISTERIO DE AGRICULTURA,EMCV,33.0,21.5,0.0,https://indomet.gob.do/wp-content/uploads/2026/05/Temperaturas-extremas-y-precipitaciones-02-de-Mayo-2026.pdf
2026-05-02,085,VILLA RIVA,DUARTE,HOSP. MPAL. ALICIA DE LEGENDRE,EMCI,33.2,21.6,0.0,https://indomet.gob.do/wp-content/uploads/2026/05/Temperaturas-extremas-y-precipitaciones-02-de-Mayo-2026.pdf
2026-05-02,086,VILLA VASQUEZ (EMA),MONTE CRISTI,JUNTA DE REGANTES,EMAI,,,0.0,https://indomet.gob.do/wp-content/uploads/2026/05/Temperaturas-extremas-y-precipitaciones-02-de-Mayo-2026.pdf
2026-05-03,001,MICHES (EMA),EL SEIBO,PRIVADA,EMAP,32.6,22.7,2.6,https://indomet.gob.do/wp-content/uploads/2026/05/Temperaturas-extremas-y-precipitaciones-03-de-Mayo-2026.pdf
2026-05-03,002,BUCARA (EMA),SANTIAGO,MINISTERIO DE AGRICULTURA,EMAI,,,0.2,https://indomet.gob.do/wp-content/uploads/2026/05/Temperaturas-extremas-y-precipitaciones-03-de-Mayo-2026.pdf
2026-05-03,003,JARDÍN BOTÁNICO SANTIAGO (EMSANTIAGO,,JARDIN BOTANICO SANTIAGO,EMAI,33.5,20.9,0.2,https://indomet.gob.do/wp-content/uploads/2026/05/Temperaturas-extremas-y-precipitaciones-03-de-Mayo-2026.pdf
2026-05-03,004,JANICO (EMA),LA VEGA,PLAN SIERRA,EMAI,,,0.2,https://indomet.gob.do/wp-content/uploads/2026/05/Temperaturas-extremas-y-precipitaciones-03-de-Mayo-2026.pdf
2026-05-03,005,ENRIQUILLO,BARAHONA,MINISTERIO DE AGRICULTURA,EMCV,32.5,22.5,0.1,https://indomet.gob.do/wp-content/uploads/2026/05/Temperaturas-extremas-y-precipitaciones-03-de-Mayo-2026.pdf
2026-05-03,006,OVIEDO,PEDERNALES,CLÍNICA RURAL OVIEDO,EMCI,32.8,22.5,0.1,https://indomet.gob.do/wp-content/uploads/2026/05/Temperaturas-extremas-y-precipitaciones-03-de-Mayo-2026.pdf
2026-05-03,007,ALTAMIRA,PUERTO PLATA,HOSP. MPAL. DE ALTAMIRA,EMCI,34.3,20.6,0.0,https://indomet.gob.do/wp-content/uploads/2026/05/Temperaturas-extremas-y-precipitaciones-03-de-Mayo-2026.pdf
2026-05-03,008,ALTO BANDERA (EMA),LA VEGA,INTEC,EMAP,18.5,8.0,0.0,https://indomet.gob.do/wp-content/uploads/2026/05/Temperaturas-extremas-y-precipitaciones-03-de-Mayo-2026.pdf
2026-05-03,009,ANAMUYA (EMA),LA ALTAGRACIA,MINISTERIO DE AGRICULTURA,EMAP,32.4,23.2,0.0,https://indomet.gob.do/wp-content/uploads/2026/05/Temperaturas-extremas-y-precipitaciones-03-de-Mayo-2026.pdf
2026-05-03,010,ARPT. ARROYO BARRIL,SAMANÁ,INDOMET,EMCI,31.6,23.0,0.0,https://indomet.gob.do/wp-content/uploads/2026/05/Temperaturas-extremas-y-precipitaciones-03-de-Mayo-2026.pdf
2026-05-03,011,ARPT. DE LA ROMANA,LA ROMANA,INDOMET,EMCI,32.0,22.2,0.0,https://indomet.gob.do/wp-content/uploads/2026/05/Temperaturas-extremas-y-precipitaciones-03-de-Mayo-2026.pdf
2026-05-03,012,ARPT. DE LAS AMÉRICAS,SANTO DOMINGO,INDOMET,EMCI,31.5,22.6,0.0,https://indomet.gob.do/wp-content/uploads/2026/05/Temperaturas-extremas-y-precipitaciones-03-de-Mayo-2026.pdf
2026-05-03,013,ARPT. DE PUNTA CANA,LA ALTAGRACIA,INDOMET,EMCI,30.5,22.6,0.0,https://indomet.gob.do/wp-content/uploads/2026/05/Temperaturas-extremas-y-precipitaciones-03-de-Mayo-2026.pdf
2026-05-03,014,ARPT. DEL CIBAO,SANTIAGO,INDOMET,EMCI,34.2,21.7,0.0,https://indomet.gob.do/wp-content/uploads/2026/05/Temperaturas-extremas-y-precipitaciones-03-de-Mayo-2026.pdf
2026-05-03,015,ARPT. EL CATEY,SAMANÁ,INDOMET,EMCI,32.5,22.0,0.0,https://indomet.gob.do/wp-content/uploads/2026/05/Temperaturas-extremas-y-precipitaciones-03-de-Mayo-2026.pdf
2026-05-03,016,ARPT. GREGORIO LUPERÓN,PUERTO PLATA,INDOMET,EMCI,33.0,21.5,0.0,https://indomet.gob.do/wp-content/uploads/2026/05/Temperaturas-extremas-y-precipitaciones-03-de-Mayo-2026.pdf
2026-05-03,017,ARPT. LA ISABELA,SANTO DOMINGO,INDOMET,EMCI,32.7,20.7,0.0,https://indomet.gob.do/wp-content/uploads/2026/05/Temperaturas-extremas-y-precipitaciones-03-de-Mayo-2026.pdf
2026-05-03,018,ARPT. MARÍA MONTEZ,BARAHONA,INDOMET,EMCI,30.6,23.5,0.0,https://indomet.gob.do/wp-content/uploads/2026/05/Temperaturas-extremas-y-precipitaciones-03-de-Mayo-2026.pdf
2026-05-03,019,ARROYO LORO,SAN JUAN,IDIAF,EMCI,32.0,19.6,0.0,https://indomet.gob.do/wp-content/uploads/2026/05/Temperaturas-extremas-y-precipitaciones-03-de-Mayo-2026.pdf
2026-05-03,020,BASE AÉREA DE SAN ISIDRO,SANTO DOMINGO,FUERZA AÉREA DOMINICANA,EMCV,32.0,22.0,0.0,https://indomet.gob.do/wp-content/uploads/2026/05/Temperaturas-extremas-y-precipitaciones-03-de-Mayo-2026.pdf
2026-05-03,021,BAYAGUANA,MONTE PLATA,INDOMET,EMCI,33.2,21.5,0.0,https://indomet.gob.do/wp-content/uploads/2026/05/Temperaturas-extremas-y-precipitaciones-03-de-Mayo-2026.pdf
2026-05-03,022,BELLA VISTA (EMA),DISTRITO NACIONAL,PRIVADA,EMAP,,,0.0,https://indomet.gob.do/wp-content/uploads/2026/05/Temperaturas-extremas-y-precipitaciones-03-de-Mayo-2026.pdf
2026-05-03,023,BOCA DE MAO (EMA),VALVERDE,MINISTERIO DE AGRICULTURA,EMAP,35.9,23.6,0.0,https://indomet.gob.do/wp-content/uploads/2026/05/Temperaturas-extremas-y-precipitaciones-03-de-Mayo-2026.pdf
2026-05-03,024,BONAO,MONSEÑOR NOUEL,MINISTERIO DE AGRICULTURA,EMCV,,,0.0,https://indomet.gob.do/wp-content/uploads/2026/05/Temperaturas-extremas-y-precipitaciones-03-de-Mayo-2026.pdf
2026-05-03,025,CABRAL,BARAHONA,MINISTERIO DE AGRICULTURA,EMCV,31.7,23.2,0.0,https://indomet.gob.do/wp-content/uploads/2026/05/Temperaturas-extremas-y-precipitaciones-03-de-Mayo-2026.pdf
2026-05-03,026,CABRERA,MARÍA TRINIDAD SÁNCHEZ,ESCUELA ARÍSTIDES FIALLO CABRAL,EMCI,32.5,25.0,0.0,https://indomet.gob.do/wp-content/uploads/2026/05/Temperaturas-extremas-y-precipitaciones-03-de-Mayo-2026.pdf
2026-05-03,027,CENTRO DE LOS HEROES (EMA),DISTRITO NACIONAL,MINISTERIO DE ENERGIA Y MINA,EMAP,31.2,25.1,0.0,https://indomet.gob.do/wp-content/uploads/2026/05/Temperaturas-extremas-y-precipitaciones-03-de-Mayo-2026.pdf
2026-05-03,028,CONSTANZA,LA VEGA,MINISTERIO DE AGRICULTURA,EMCI,29.0,15.4,0.0,https://indomet.gob.do/wp-content/uploads/2026/05/Temperaturas-extremas-y-precipitaciones-03-de-Mayo-2026.pdf
2026-05-03,029,CONSTANZA (EMA),LA VEGA,PROGRAMA MUNDIAL DE ALIMENTO,EMAP,27.3,16.2,0.0,https://indomet.gob.do/wp-content/uploads/2026/05/Temperaturas-extremas-y-precipitaciones-03-de-Mayo-2026.pdf
2026-05-03,030,DAJABÓN,DAJABÓN,INSTITUTO POLITÉCNICO LOYOLA,EMCI,34.6,19.4,0.0,https://indomet.gob.do/wp-content/uploads/2026/05/Temperaturas-extremas-y-precipitaciones-03-de-Mayo-2026.pdf
2026-05-03,031,EL FACTOR (EMA),MARÍA TRINIDAD SÁNCHEZ,INTEC,EMAP,33.0,21.6,0.0,https://indomet.gob.do/wp-content/uploads/2026/05/Temperaturas-extremas-y-precipitaciones-03-de-Mayo-2026.pdf
2026-05-03,032,EL MILLON (EMA),DISTRITO NACIONAL,PRIVADA,EMAP,,,0.0,https://indomet.gob.do/wp-content/uploads/2026/05/Temperaturas-extremas-y-precipitaciones-03-de-Mayo-2026.pdf
2026-05-03,033,ELÍAS PIÑA,ELÍAS PIÑA,MINISTERIO DE AGRICULTURA,EMCV,,,0.0,https://indomet.gob.do/wp-content/uploads/2026/05/Temperaturas-extremas-y-precipitaciones-03-de-Mayo-2026.pdf
2026-05-03,034,ENSANCHE LA FE (EMA),DISTRITO NACIONAL,PRIVADA,EMAP,,,0.0,https://indomet.gob.do/wp-content/uploads/2026/05/Temperaturas-extremas-y-precipitaciones-03-de-Mayo-2026.pdf
2026-05-03,035,ESCONDIDO,PERAVIA,MINISTERIO DE AGRICULTURA,EMCV,31.0,23.0,0.0,https://indomet.gob.do/wp-content/uploads/2026/05/Temperaturas-extremas-y-precipitaciones-03-de-Mayo-2026.pdf
2026-05-03,036,GASPAR HERNÁNDEZ,ESPAILLAT,PROPIEDAD DEL EMPLEADO,EMCI,,,0.0,https://indomet.gob.do/wp-content/uploads/2026/05/Temperaturas-extremas-y-precipitaciones-03-de-Mayo-2026.pdf
2026-05-03,037,GURABO,SANTIAGO,MINISTERIO DE AGRICULTURA,EMCV,,,0.0,https://indomet.gob.do/wp-content/uploads/2026/05/Temperaturas-extremas-y-precipitaciones-03-de-Mayo-2026.pdf
2026-05-03,038,HONDO VALLE,ELÍAS PIÑA,MINISTERIO DE AGRICULTURA,EMCI,26.4,16.2,0.0,https://indomet.gob.do/wp-content/uploads/2026/05/Temperaturas-extremas-y-precipitaciones-03-de-Mayo-2026.pdf
2026-05-03,039,JARABACOA,LA VEGA,INDRHI / MARENA,EMCI,32.0,16.2,0.0,https://indomet.gob.do/wp-content/uploads/2026/05/Temperaturas-extremas-y-precipitaciones-03-de-Mayo-2026.pdf
2026-05-03,040,JARABACOA (EMA),LA VEGA,PROGRAMA MUNDIAL DE ALIMENTO,EMAP,,,0.0,https://indomet.gob.do/wp-content/uploads/2026/05/Temperaturas-extremas-y-precipitaciones-03-de-Mayo-2026.pdf
2026-05-03,041,JIMANÍ,INDEPENDENCIA,MINISTERIO DE AGRICULTURA,EMCI,34.0,22.0,0.0,https://indomet.gob.do/wp-content/uploads/2026/05/Temperaturas-extremas-y-precipitaciones-03-de-Mayo-2026.pdf
2026-05-03,042,JUMA BEJUCAL,MONSEÑOR NOUEL,IDIAF,EMCV,31.6,23.0,0.0,https://indomet.gob.do/wp-content/uploads/2026/05/Temperaturas-extremas-y-precipitaciones-03-de-Mayo-2026.pdf
2026-05-03,043,LA VEGA,LA VEGA,IATESA,EMCI,33.0,20.5,0.0,https://indomet.gob.do/wp-content/uploads/2026/05/Temperaturas-extremas-y-precipitaciones-03-de-Mayo-2026.pdf
2026-05-03,044,LA VICTORIA,SANTO DOMINGO,CUERPO DE BOMBEROS,EMCI,33.5,22.0,0.0,https://indomet.gob.do/wp-content/uploads/2026/05/Temperaturas-extremas-y-precipitaciones-03-de-Mayo-2026.pdf
2026-05-03,045,LAS CANAS (EMA),MONTE CRISTI,PROGRAMA MUNDIAL DE ALIMENTO,EMAP,30.9,22.8,0.0,https://indomet.gob.do/wp-content/uploads/2026/05/Temperaturas-extremas-y-precipitaciones-03-de-Mayo-2026.pdf
2026-05-03,046,LOS CACICAZGOS (EMA),DISTRITO NACIONAL,PRIVADA,EMAP,,,0.0,https://indomet.gob.do/wp-content/uploads/2026/05/Temperaturas-extremas-y-precipitaciones-03-de-Mayo-2026.pdf
2026-05-03,047,LOS TRES CHARCOS (EMA),PEDERNALES,PROPIEDAD DEL VOLUNTARIO,EMAP,,,0.0,https://indomet.gob.do/wp-content/uploads/2026/05/Temperaturas-extremas-y-precipitaciones-03-de-Mayo-2026.pdf
2026-05-03,048,MAO,VALVERDE,INDRHI / MINISTERIO DE AGRICULTURA,EMCV,,,0.0,https://indomet.gob.do/wp-content/uploads/2026/05/Temperaturas-extremas-y-precipitaciones-03-de-Mayo-2026.pdf
2026-05-03,049,MONCIÓN (EMA),SANTIAGO RODRÍGUEZ,PROGRAMA MUNDIAL DE ALIMENTO,EMAP,32.3,21.1,0.0,https://indomet.gob.do/wp-content/uploads/2026/05/Temperaturas-extremas-y-precipitaciones-03-de-Mayo-2026.pdf
2026-05-03,050,MONTE CRISTI,MONTE CRISTI,INDOMET,EMCI,34.2,24.8,0.0,https://indomet.gob.do/wp-content/uploads/2026/05/Temperaturas-extremas-y-precipitaciones-03-de-Mayo-2026.pdf
2026-05-03,051,NAVARRETE,SANTIAGO,MINISTERIO DE AGRICULTURA,EMCV,,,0.0,https://indomet.gob.do/wp-content/uploads/2026/05/Temperaturas-extremas-y-precipitaciones-03-de-Mayo-2026.pdf
2026-05-03,052,LOS COCOS (EMA),BAHORUCO,PRIVADA,EMAP,,,0.0,https://indomet.gob.do/wp-content/uploads/2026/05/Temperaturas-extremas-y-precipitaciones-03-de-Mayo-2026.pdf
2026-05-03,053,OLIVARES,PEDERNALES,INDRHI,EMCI,,,0.0,https://indomet.gob.do/wp-content/uploads/2026/05/Temperaturas-extremas-y-precipitaciones-03-de-Mayo-2026.pdf
2026-05-03,054,PADRE LAS CASAS,AZUA,HOSP. NTRA. SRA. DEL CARMEN,EMCI,31.7,21.2,0.0,https://indomet.gob.do/wp-content/uploads/2026/05/Temperaturas-extremas-y-precipitaciones-03-de-Mayo-2026.pdf
2026-05-03,055,PALO ÍNDIO,PUERTO PLATA,MINISTERIO DE AGRICULTURA,EMCI,,,0.0,https://indomet.gob.do/wp-content/uploads/2026/05/Temperaturas-extremas-y-precipitaciones-03-de-Mayo-2026.pdf
2026-05-03,056,PEDERNALES,PEDERNALES,INDRHI,EMCI,,,0.0,https://indomet.gob.do/wp-content/uploads/2026/05/Temperaturas-extremas-y-precipitaciones-03-de-Mayo-2026.pdf
2026-05-03,057,PERALTA,AZUA,HOSP. MPAL. DE PERALTA,EMCI,31.0,18.4,0.0,https://indomet.gob.do/wp-content/uploads/2026/05/Temperaturas-extremas-y-precipitaciones-03-de-Mayo-2026.pdf
2026-05-03,058,PESCADERIA (EMA),BARAHONA,MINISTERIO DE AGRICULTURA,EMAP,,,0.0,https://indomet.gob.do/wp-content/uploads/2026/05/Temperaturas-extremas-y-precipitaciones-03-de-Mayo-2026.pdf
2026-05-03,059,POLO,BARAHONA,INDOCAFE,EMCI,26.0,14.2,0.0,https://indomet.gob.do/wp-content/uploads/2026/05/Temperaturas-extremas-y-precipitaciones-03-de-Mayo-2026.pdf
2026-05-03,060,PONTÓN ABAJO (EMA),LA VEGA,MINISTERIO DE AGRICULTURA,EMAP,34.7,21.3,0.0,https://indomet.gob.do/wp-content/uploads/2026/05/Temperaturas-extremas-y-precipitaciones-03-de-Mayo-2026.pdf
2026-05-03,061,PRESA DE TAVERAS (EMA),LA VEGA,PROGRAMA MUNDIAL DE ALIMENTO,EMAP,,,0.0,https://indomet.gob.do/wp-content/uploads/2026/05/Temperaturas-extremas-y-precipitaciones-03-de-Mayo-2026.pdf
2026-05-03,062,PROLONGACION 27 DE FEBRERO,DISTRITO NACIONAL,PRIVADA,EMAP,,,0.0,https://indomet.gob.do/wp-content/uploads/2026/05/Temperaturas-extremas-y-precipitaciones-03-de-Mayo-2026.pdf
2026-05-03,063,RANCHO ARRIBA,SAN JOSÉ DE OCOA,CENTRO TECNOLÓGICO COMUNITARIO,EMCI,30.5,15.4,0.0,https://indomet.gob.do/wp-content/uploads/2026/05/Temperaturas-extremas-y-precipitaciones-03-de-Mayo-2026.pdf
2026-05-03,064,RESTAURACIÓN,DAJABÓN,MINISTERIO DE AGRICULTURA,EMCI,31.9,17.4,0.0,https://indomet.gob.do/wp-content/uploads/2026/05/Temperaturas-extremas-y-precipitaciones-03-de-Mayo-2026.pdf
2026-05-03,065,RÍO SAN JUAN,MARÍA TRINIDAD SÁNCHEZ,HOSP. MPAL. DR. DESIDERIO ACOSTA,EMCV,33.8,23.7,0.0,https://indomet.gob.do/wp-content/uploads/2026/05/Temperaturas-extremas-y-precipitaciones-03-de-Mayo-2026.pdf
2026-05-03,066,SABANA DE LA MAR,HATO MAYOR,INDOMET,EMCI,31.2,21.4,0.0,https://indomet.gob.do/wp-content/uploads/2026/05/Temperaturas-extremas-y-precipitaciones-03-de-Mayo-2026.pdf
2026-05-03,067,SABANETA (EMA),SANTIAGO RODRÍGUEZ,PROGRAMA MUNDIAL DE ALIMENTO,EMAP,35.2,23.6,0.0,https://indomet.gob.do/wp-content/uploads/2026/05/Temperaturas-extremas-y-precipitaciones-03-de-Mayo-2026.pdf
2026-05-03,068,SALCEDO,HERMANAS MIRABAL,PROPIEDAD DEL EMPLEADO,EMCI,,,0.0,https://indomet.gob.do/wp-content/uploads/2026/05/Temperaturas-extremas-y-precipitaciones-03-de-Mayo-2026.pdf
2026-05-03,069,SAMANÁ,SAMANÁ,COMANDANCIA DE PUERTO DE SAMANÁ,EMCI,32.8,18.3,0.0,https://indomet.gob.do/wp-content/uploads/2026/05/Temperaturas-extremas-y-precipitaciones-03-de-Mayo-2026.pdf
2026-05-03,070,SAN CRISTÓBAL,SAN CRISTÓBAL,INSTITUTO POLITÉCNICO LOYOLA,EMCI,31.2,21.2,0.0,https://indomet.gob.do/wp-content/uploads/2026/05/Temperaturas-extremas-y-precipitaciones-03-de-Mayo-2026.pdf
2026-05-03,071,SAN JOSÉ DE OCOA,SAN JOSÉ DE OCOA,HOSP. SAN JOSÉ DE OCOA,EMCI,30.9,18.3,0.0,https://indomet.gob.do/wp-content/uploads/2026/05/Temperaturas-extremas-y-precipitaciones-03-de-Mayo-2026.pdf
2026-05-03,072,SAN RAFAEL DEL YUMA,LA ALTAGRACIA,MINISTERIO DE AGRICULTURA,EMCI,33.4,23.7,0.0,https://indomet.gob.do/wp-content/uploads/2026/05/Temperaturas-extremas-y-precipitaciones-03-de-Mayo-2026.pdf
2026-05-03,073,SÁNCHEZ,SAMANÁ,MINISTERIO DE AGRICULTURA,EMCI,33.1,20.7,0.0,https://indomet.gob.do/wp-content/uploads/2026/05/Temperaturas-extremas-y-precipitaciones-03-de-Mayo-2026.pdf
2026-05-03,074,SANTIAGO RODRÍGUEZ,SANTIAGO RODRÍGUEZ,INDOMET,EMCI,36.0,24.0,0.0,https://indomet.gob.do/wp-content/uploads/2026/05/Temperaturas-extremas-y-precipitaciones-03-de-Mayo-2026.pdf
2026-05-03,075,SANTO DOMINGO ESTE,SANTO DOMINGO,INDOMET,EMCI,31.5,25.2,0.0,https://indomet.gob.do/wp-content/uploads/2026/05/Temperaturas-extremas-y-precipitaciones-03-de-Mayo-2026.pdf
2026-05-03,076,TÁBARA ABAJO,AZUA,INDRHI,EMCI,32.5,23.0,0.0,https://indomet.gob.do/wp-content/uploads/2026/05/Temperaturas-extremas-y-precipitaciones-03-de-Mayo-2026.pdf
2026-05-03,077,VILLA GONZALES,SANTIAGO,MINISTERIO DE AGRICULTURA,EMCI,,,0.0,https://indomet.gob.do/wp-content/uploads/2026/05/Temperaturas-extremas-y-precipitaciones-03-de-Mayo-2026.pdf
2026-05-03,078,VILLA ISABELA,PUERTO PLATA,MINISTERIO DE AGRICULTURA,EMCV,33.0,21.0,0.0,https://indomet.gob.do/wp-content/uploads/2026/05/Temperaturas-extremas-y-precipitaciones-03-de-Mayo-2026.pdf
2026-05-03,079,VILLA RIVA,DUARTE,HOSP. MPAL. ALICIA DE LEGENDRE,EMCI,32.8,22.0,0.0,https://indomet.gob.do/wp-content/uploads/2026/05/Temperaturas-extremas-y-precipitaciones-03-de-Mayo-2026.pdf
2026-05-03,080,BANI (EMA),PERAVIA,MINISTERIO DE AGRICULTURA,EMAP,,,0.0,https://indomet.gob.do/wp-content/uploads/2026/05/Temperaturas-extremas-y-precipitaciones-03-de-Mayo-2026.pdf
2026-05-03,081,LA AGUSTINA (EMA),DISTRITO NACIONAL,PRIVADA,EMAP,,,0.0,https://indomet.gob.do/wp-content/uploads/2026/05/Temperaturas-extremas-y-precipitaciones-03-de-Mayo-2026.pdf
2026-05-03,082,SAJOMA (EMA),SANTIAGO,PLAN SIERRA,EMAI,,,0.0,https://indomet.gob.do/wp-content/uploads/2026/05/Temperaturas-extremas-y-precipitaciones-03-de-Mayo-2026.pdf
2026-05-04,001,SAN FRANCISCO DE MACORÍS,DUARTE,San Francisco de Macorís (UASD),EMCI,33.5,21.4,0.5,https://indomet.gob.do/wp-content/uploads/2026/05/Temperaturas-extremas-y-precipitaciones-04-de-Mayo-2026.pdf
2026-05-04,002,BONAO,MONSEÑOR NOUEL,MINISTERIO DE AGRICULTURA,EMCV,,,0.3,https://indomet.gob.do/wp-content/uploads/2026/05/Temperaturas-extremas-y-precipitaciones-04-de-Mayo-2026.pdf
2026-05-04,003,ARPT. DE LAS AMÉRICAS,SANTO DOMINGO,INDOMET,EMCI,30.8,22.0,0.1,https://indomet.gob.do/wp-content/uploads/2026/05/Temperaturas-extremas-y-precipitaciones-04-de-Mayo-2026.pdf
2026-05-04,004,ALTAMIRA,PUERTO PLATA,HOSP. MPAL. DE ALTAMIRA,EMCI,35.6,20.5,0.0,https://indomet.gob.do/wp-content/uploads/2026/05/Temperaturas-extremas-y-precipitaciones-04-de-Mayo-2026.pdf
2026-05-04,005,ALTO BANDERA (EMA),LA VEGA,INTEC,EMAP,15.8,8.2,0.0,https://indomet.gob.do/wp-content/uploads/2026/05/Temperaturas-extremas-y-precipitaciones-04-de-Mayo-2026.pdf
2026-05-04,006,ANAMUYA (EMA),LA ALTAGRACIA,MINISTERIO DE AGRICULTURA,EMAP,28.6,23.1,0.0,https://indomet.gob.do/wp-content/uploads/2026/05/Temperaturas-extremas-y-precipitaciones-04-de-Mayo-2026.pdf
2026-05-04,007,ARPT. ARROYO BARRIL,SAMANÁ,INDOMET,EMCI,31.8,22.5,0.0,https://indomet.gob.do/wp-content/uploads/2026/05/Temperaturas-extremas-y-precipitaciones-04-de-Mayo-2026.pdf
2026-05-04,008,ARPT. DE LA ROMANA,LA ROMANA,INDOMET,EMCI,30.8,22.0,0.0,https://indomet.gob.do/wp-content/uploads/2026/05/Temperaturas-extremas-y-precipitaciones-04-de-Mayo-2026.pdf
2026-05-04,009,ARPT. DE PUNTA CANA,LA ALTAGRACIA,INDOMET,EMCI,31.2,22.7,0.0,https://indomet.gob.do/wp-content/uploads/2026/05/Temperaturas-extremas-y-precipitaciones-04-de-Mayo-2026.pdf
2026-05-04,010,ARPT. DEL CIBAO,SANTIAGO,INDOMET,EMCI,34.3,21.5,0.0,https://indomet.gob.do/wp-content/uploads/2026/05/Temperaturas-extremas-y-precipitaciones-04-de-Mayo-2026.pdf
2026-05-04,011,ARPT. EL CATEY,SAMANÁ,INDOMET,EMCI,32.8,21.0,0.0,https://indomet.gob.do/wp-content/uploads/2026/05/Temperaturas-extremas-y-precipitaciones-04-de-Mayo-2026.pdf
2026-05-04,012,ARPT. GREGORIO LUPERÓN,PUERTO PLATA,INDOMET,EMCI,33.5,22.4,0.0,https://indomet.gob.do/wp-content/uploads/2026/05/Temperaturas-extremas-y-precipitaciones-04-de-Mayo-2026.pdf
2026-05-04,013,ARPT. LA ISABELA,SANTO DOMINGO,INDOMET,EMCI,32.8,19.5,0.0,https://indomet.gob.do/wp-content/uploads/2026/05/Temperaturas-extremas-y-precipitaciones-04-de-Mayo-2026.pdf
2026-05-04,014,ARPT. MARÍA MONTEZ,BARAHONA,INDOMET,EMCI,30.6,24.0,0.0,https://indomet.gob.do/wp-content/uploads/2026/05/Temperaturas-extremas-y-precipitaciones-04-de-Mayo-2026.pdf
2026-05-04,015,ARROYO LORO,SAN JUAN,IDIAF,EMCI,31.2,18.0,0.0,https://indomet.gob.do/wp-content/uploads/2026/05/Temperaturas-extremas-y-precipitaciones-04-de-Mayo-2026.pdf
2026-05-04,016,BANI (EMA),PERAVIA,MINISTERIO DE AGRICULTURA,EMAP,31.2,22.9,0.0,https://indomet.gob.do/wp-content/uploads/2026/05/Temperaturas-extremas-y-precipitaciones-04-de-Mayo-2026.pdf
2026-05-04,017,BASE AÉREA DE SAN ISIDRO,SANTO DOMINGO,FUERZA AÉREA DOMINICANA,EMCV,31.0,21.5,0.0,https://indomet.gob.do/wp-content/uploads/2026/05/Temperaturas-extremas-y-precipitaciones-04-de-Mayo-2026.pdf
2026-05-04,018,BAYAGUANA,MONTE PLATA,INDOMET,EMCI,32.4,20.6,0.0,https://indomet.gob.do/wp-content/uploads/2026/05/Temperaturas-extremas-y-precipitaciones-04-de-Mayo-2026.pdf
2026-05-04,019,BELLA VISTA (EMA),DISTRITO NACIONAL,PRIVADA,EMAP,,,0.0,https://indomet.gob.do/wp-content/uploads/2026/05/Temperaturas-extremas-y-precipitaciones-04-de-Mayo-2026.pdf
2026-05-04,020,BOCA DE MAO (EMA),VALVERDE,MINISTERIO DE AGRICULTURA,EMAP,33.1,21.5,0.0,https://indomet.gob.do/wp-content/uploads/2026/05/Temperaturas-extremas-y-precipitaciones-04-de-Mayo-2026.pdf
2026-05-04,021,BOHECHÍO,SAN JUAN,MINISTERIO DE AGRICULTURA,EMCV,,,0.0,https://indomet.gob.do/wp-content/uploads/2026/05/Temperaturas-extremas-y-precipitaciones-04-de-Mayo-2026.pdf
2026-05-04,022,BUCARA (EMA),SANTIAGO,MINISTERIO DE AGRICULTURA,EMAI,,,0.0,https://indomet.gob.do/wp-content/uploads/2026/05/Temperaturas-extremas-y-precipitaciones-04-de-Mayo-2026.pdf
2026-05-04,023,CABRAL,BARAHONA,MINISTERIO DE AGRICULTURA,EMCV,32.5,20.4,0.0,https://indomet.gob.do/wp-content/uploads/2026/05/Temperaturas-extremas-y-precipitaciones-04-de-Mayo-2026.pdf
2026-05-04,024,CABRERA,MARÍA TRINIDAD SÁNCHEZ,ESCUELA ARÍSTIDES FIALLO CABRAL,EMCI,33.0,24.0,0.0,https://indomet.gob.do/wp-content/uploads/2026/05/Temperaturas-extremas-y-precipitaciones-04-de-Mayo-2026.pdf
2026-05-04,025,CENTRO DE LOS HEROES (EMA),DISTRITO NACIONAL,MINISTERIO DE ENERGIA Y MINA,EMAP,31.4,24.9,0.0,https://indomet.gob.do/wp-content/uploads/2026/05/Temperaturas-extremas-y-precipitaciones-04-de-Mayo-2026.pdf
2026-05-04,026,CONSTANZA,LA VEGA,MINISTERIO DE AGRICULTURA,EMCI,29.2,13.0,0.0,https://indomet.gob.do/wp-content/uploads/2026/05/Temperaturas-extremas-y-precipitaciones-04-de-Mayo-2026.pdf
2026-05-04,027,CONSTANZA (EMA),LA VEGA,PROGRAMA MUNDIAL DE ALIMENTO,EMAP,27.7,14.9,0.0,https://indomet.gob.do/wp-content/uploads/2026/05/Temperaturas-extremas-y-precipitaciones-04-de-Mayo-2026.pdf
2026-05-04,028,DAJABÓN,DAJABÓN,INSTITUTO POLITÉCNICO LOYOLA,EMCI,34.7,19.2,0.0,https://indomet.gob.do/wp-content/uploads/2026/05/Temperaturas-extremas-y-precipitaciones-04-de-Mayo-2026.pdf
2026-05-04,029,EL CERCADO,SAN JUAN,MINISTERIO DE AGRICULTURA,EMCV,,,0.0,https://indomet.gob.do/wp-content/uploads/2026/05/Temperaturas-extremas-y-precipitaciones-04-de-Mayo-2026.pdf
2026-05-04,030,EL FACTOR (EMA),MARÍA TRINIDAD SÁNCHEZ,INTEC,EMAP,32.6,22.2,0.0,https://indomet.gob.do/wp-content/uploads/2026/05/Temperaturas-extremas-y-precipitaciones-04-de-Mayo-2026.pdf
2026-05-04,031,EL MILLON (EMA),DISTRITO NACIONAL,PRIVADA,EMAP,,,0.0,https://indomet.gob.do/wp-content/uploads/2026/05/Temperaturas-extremas-y-precipitaciones-04-de-Mayo-2026.pdf
2026-05-04,032,ELÍAS PIÑA,ELÍAS PIÑA,MINISTERIO DE AGRICULTURA,EMCV,,,0.0,https://indomet.gob.do/wp-content/uploads/2026/05/Temperaturas-extremas-y-precipitaciones-04-de-Mayo-2026.pdf
2026-05-04,033,ENRIQUILLO,BARAHONA,MINISTERIO DE AGRICULTURA,EMCV,32.0,20.8,0.0,https://indomet.gob.do/wp-content/uploads/2026/05/Temperaturas-extremas-y-precipitaciones-04-de-Mayo-2026.pdf
2026-05-04,034,ENSANCHE LA FE (EMA),DISTRITO NACIONAL,PRIVADA,EMAP,,,0.0,https://indomet.gob.do/wp-content/uploads/2026/05/Temperaturas-extremas-y-precipitaciones-04-de-Mayo-2026.pdf
2026-05-04,035,ESCONDIDO,PERAVIA,MINISTERIO DE AGRICULTURA,EMCV,32.0,23.0,0.0,https://indomet.gob.do/wp-content/uploads/2026/05/Temperaturas-extremas-y-precipitaciones-04-de-Mayo-2026.pdf
2026-05-04,036,GASPAR HERNÁNDEZ,ESPAILLAT,PROPIEDAD DEL EMPLEADO,EMCI,,,0.0,https://indomet.gob.do/wp-content/uploads/2026/05/Temperaturas-extremas-y-precipitaciones-04-de-Mayo-2026.pdf
2026-05-04,037,GURABO,SANTIAGO,MINISTERIO DE AGRICULTURA,EMCV,,,0.0,https://indomet.gob.do/wp-content/uploads/2026/05/Temperaturas-extremas-y-precipitaciones-04-de-Mayo-2026.pdf
2026-05-04,038,HATO MAYOR,HATO MAYOR,MINISTERIO DE AGRICULTURA,EMCV,,,0.0,https://indomet.gob.do/wp-content/uploads/2026/05/Temperaturas-extremas-y-precipitaciones-04-de-Mayo-2026.pdf
2026-05-04,039,HONDO VALLE,ELÍAS PIÑA,MINISTERIO DE AGRICULTURA,EMCI,26.7,16.6,0.0,https://indomet.gob.do/wp-content/uploads/2026/05/Temperaturas-extremas-y-precipitaciones-04-de-Mayo-2026.pdf
2026-05-04,040,JARABACOA,LA VEGA,INDRHI / MARENA,EMCI,33.2,16.0,0.0,https://indomet.gob.do/wp-content/uploads/2026/05/Temperaturas-extremas-y-precipitaciones-04-de-Mayo-2026.pdf
2026-05-04,041,JARABACOA (EMA),LA VEGA,PROGRAMA MUNDIAL DE ALIMENTO,EMAP,29.2,18.5,0.0,https://indomet.gob.do/wp-content/uploads/2026/05/Temperaturas-extremas-y-precipitaciones-04-de-Mayo-2026.pdf
2026-05-04,042,JARDÍN BOTÁNICO NACIONAL,DISTRITO NACIONAL,JARDÍN BOTÁNICO NACIONAL,EMCV,32.8,21.0,0.0,https://indomet.gob.do/wp-content/uploads/2026/05/Temperaturas-extremas-y-precipitaciones-04-de-Mayo-2026.pdf
2026-05-04,043,JARDÍN BOTÁNICO SANTIAGO (EMSANTIAGO,,JARDIN BOTANICO SANTIAGO,EMAI,,,0.0,https://indomet.gob.do/wp-content/uploads/2026/05/Temperaturas-extremas-y-precipitaciones-04-de-Mayo-2026.pdf
2026-05-04,044,JIMANÍ,INDEPENDENCIA,MINISTERIO DE AGRICULTURA,EMCI,33.5,23.0,0.0,https://indomet.gob.do/wp-content/uploads/2026/05/Temperaturas-extremas-y-precipitaciones-04-de-Mayo-2026.pdf
2026-05-04,045,JUMA BEJUCAL,MONSEÑOR NOUEL,IDIAF,EMCV,30.8,22.2,0.0,https://indomet.gob.do/wp-content/uploads/2026/05/Temperaturas-extremas-y-precipitaciones-04-de-Mayo-2026.pdf
2026-05-04,046,LA AGUSTINA (EMA),DISTRITO NACIONAL,PRIVADA,EMAP,,,0.0,https://indomet.gob.do/wp-content/uploads/2026/05/Temperaturas-extremas-y-precipitaciones-04-de-Mayo-2026.pdf
2026-05-04,047,LA VEGA,LA VEGA,IATESA,EMCI,33.0,20.5,0.0,https://indomet.gob.do/wp-content/uploads/2026/05/Temperaturas-extremas-y-precipitaciones-04-de-Mayo-2026.pdf
2026-05-04,048,LA VICTORIA,SANTO DOMINGO,CUERPO DE BOMBEROS,EMCI,32.5,22.0,0.0,https://indomet.gob.do/wp-content/uploads/2026/05/Temperaturas-extremas-y-precipitaciones-04-de-Mayo-2026.pdf
2026-05-04,049,LAS CANAS (EMA),MONTE CRISTI,PROGRAMA MUNDIAL DE ALIMENTO,EMAP,28.0,21.0,0.0,https://indomet.gob.do/wp-content/uploads/2026/05/Temperaturas-extremas-y-precipitaciones-04-de-Mayo-2026.pdf
2026-05-04,050,LOS CACICAZGOS (EMA),DISTRITO NACIONAL,PRIVADA,EMAP,,,0.0,https://indomet.gob.do/wp-content/uploads/2026/05/Temperaturas-extremas-y-precipitaciones-04-de-Mayo-2026.pdf
2026-05-04,051,LOS COCOS (EMA),BAHORUCO,PRIVADA,EMAP,,,0.0,https://indomet.gob.do/wp-content/uploads/2026/05/Temperaturas-extremas-y-precipitaciones-04-de-Mayo-2026.pdf
2026-05-04,052,LOS JARDINES (EMA),DISTRITO NACIONAL,PRIVADA,EMAP,,,0.0,https://indomet.gob.do/wp-content/uploads/2026/05/Temperaturas-extremas-y-precipitaciones-04-de-Mayo-2026.pdf
2026-05-04,053,LOS JENGIBRES,NAGUA,INDRHI,EMCI,,,0.0,https://indomet.gob.do/wp-content/uploads/2026/05/Temperaturas-extremas-y-precipitaciones-04-de-Mayo-2026.pdf
2026-05-04,054,LOS LLANOS,SAN PEDRO DE MACORÍS,MINISTERIO DE AGRICULTURA,EMCI,32.2,21.9,0.0,https://indomet.gob.do/wp-content/uploads/2026/05/Temperaturas-extremas-y-precipitaciones-04-de-Mayo-2026.pdf
2026-05-04,055,LOS PRADOS (EMA),DISTRITO NACIONAL,PRIVADA,EMAP,,,0.0,https://indomet.gob.do/wp-content/uploads/2026/05/Temperaturas-extremas-y-precipitaciones-04-de-Mayo-2026.pdf
2026-05-04,056,LUPERÓN,PUERTO PLATA,MINISTERIO DE AGRICULTURA,EMCV,,,0.0,https://indomet.gob.do/wp-content/uploads/2026/05/Temperaturas-extremas-y-precipitaciones-04-de-Mayo-2026.pdf
2026-05-04,057,MAO,VALVERDE,INDRHI / MINISTERIO DE AGRICULTURA,EMCV,,,0.0,https://indomet.gob.do/wp-content/uploads/2026/05/Temperaturas-extremas-y-precipitaciones-04-de-Mayo-2026.pdf
2026-05-04,058,MICHES (EMA),EL SEIBO,PRIVADA,EMAP,29.7,22.4,0.0,https://indomet.gob.do/wp-content/uploads/2026/05/Temperaturas-extremas-y-precipitaciones-04-de-Mayo-2026.pdf
2026-05-04,059,MONCIÓN (EMA),SANTIAGO RODRÍGUEZ,PROGRAMA MUNDIAL DE ALIMENTO,EMAP,33.3,22.3,0.0,https://indomet.gob.do/wp-content/uploads/2026/05/Temperaturas-extremas-y-precipitaciones-04-de-Mayo-2026.pdf
2026-05-04,060,MONTE CRISTI,MONTE CRISTI,INDOMET,EMCI,34.4,24.7,0.0,https://indomet.gob.do/wp-content/uploads/2026/05/Temperaturas-extremas-y-precipitaciones-04-de-Mayo-2026.pdf
2026-05-04,061,OLIVARES,PEDERNALES,INDRHI,EMCI,,,0.0,https://indomet.gob.do/wp-content/uploads/2026/05/Temperaturas-extremas-y-precipitaciones-04-de-Mayo-2026.pdf
2026-05-04,062,OVIEDO,PEDERNALES,CLÍNICA RURAL OVIEDO,EMCI,31.8,21.0,0.0,https://indomet.gob.do/wp-content/uploads/2026/05/Temperaturas-extremas-y-precipitaciones-04-de-Mayo-2026.pdf
2026-05-04,063,PADRE LAS CASAS,AZUA,HOSP. NTRA. SRA. DEL CARMEN,EMCI,30.5,17.5,0.0,https://indomet.gob.do/wp-content/uploads/2026/05/Temperaturas-extremas-y-precipitaciones-04-de-Mayo-2026.pdf
2026-05-04,064,PALO ÍNDIO,PUERTO PLATA,MINISTERIO DE AGRICULTURA,EMCI,,,0.0,https://indomet.gob.do/wp-content/uploads/2026/05/Temperaturas-extremas-y-precipitaciones-04-de-Mayo-2026.pdf
2026-05-04,065,PASO AL MEDIO,SAN PEDRO DE MACORÍS,INDRHI,EMCI,,,0.0,https://indomet.gob.do/wp-content/uploads/2026/05/Temperaturas-extremas-y-precipitaciones-04-de-Mayo-2026.pdf
2026-05-04,066,PEDERNALES,PEDERNALES,INDRHI,EMCI,,,0.0,https://indomet.gob.do/wp-content/uploads/2026/05/Temperaturas-extremas-y-precipitaciones-04-de-Mayo-2026.pdf
2026-05-04,067,PERALTA,AZUA,HOSP. MPAL. DE PERALTA,EMCI,28.7,16.0,0.0,https://indomet.gob.do/wp-content/uploads/2026/05/Temperaturas-extremas-y-precipitaciones-04-de-Mayo-2026.pdf
2026-05-04,068,PESCADERIA (EMA),BARAHONA,MINISTERIO DE AGRICULTURA,EMAP,,,0.0,https://indomet.gob.do/wp-content/uploads/2026/05/Temperaturas-extremas-y-precipitaciones-04-de-Mayo-2026.pdf
2026-05-04,069,POLO,BARAHONA,INDOCAFE,EMCI,29.0,14.5,0.0,https://indomet.gob.do/wp-content/uploads/2026/05/Temperaturas-extremas-y-precipitaciones-04-de-Mayo-2026.pdf
2026-05-04,070,PONTÓN ABAJO (EMA),LA VEGA,MINISTERIO DE AGRICULTURA,EMAP,32.8,22.1,0.0,https://indomet.gob.do/wp-content/uploads/2026/05/Temperaturas-extremas-y-precipitaciones-04-de-Mayo-2026.pdf
2026-05-04,071,PRESA DE TAVERAS (EMA),LA VEGA,PROGRAMA MUNDIAL DE ALIMENTO,EMAP,29.4,20.5,0.0,https://indomet.gob.do/wp-content/uploads/2026/05/Temperaturas-extremas-y-precipitaciones-04-de-Mayo-2026.pdf
2026-05-04,072,PROLONGACION 27 DE FEBRERO,DISTRITO NACIONAL,PRIVADA,EMAP,,,0.0,https://indomet.gob.do/wp-content/uploads/2026/05/Temperaturas-extremas-y-precipitaciones-04-de-Mayo-2026.pdf
2026-05-04,073,RANCHO ARRIBA,SAN JOSÉ DE OCOA,CENTRO TECNOLÓGICO COMUNITARIO,EMCI,29.3,15.5,0.0,https://indomet.gob.do/wp-content/uploads/2026/05/Temperaturas-extremas-y-precipitaciones-04-de-Mayo-2026.pdf
2026-05-04,074,RESTAURACIÓN,DAJABÓN,MINISTERIO DE AGRICULTURA,EMCI,32.1,17.8,0.0,https://indomet.gob.do/wp-content/uploads/2026/05/Temperaturas-extremas-y-precipitaciones-04-de-Mayo-2026.pdf
2026-05-04,075,RÍO SAN JUAN,MARÍA TRINIDAD SÁNCHEZ,HOSP. MPAL. DR. DESIDERIO ACOSTA,EMCV,33.9,24.5,0.0,https://indomet.gob.do/wp-content/uploads/2026/05/Temperaturas-extremas-y-precipitaciones-04-de-Mayo-2026.pdf
2026-05-04,076,SABANA DE LA MAR,HATO MAYOR,INDOMET,EMCI,32.6,22.0,0.0,https://indomet.gob.do/wp-content/uploads/2026/05/Temperaturas-extremas-y-precipitaciones-04-de-Mayo-2026.pdf
2026-05-04,077,SABANA GRANDE DE BOYÁ,MONTE PLATA,MINISTERIO DE AGRICULTURA,EMCV,,,0.0,https://indomet.gob.do/wp-content/uploads/2026/05/Temperaturas-extremas-y-precipitaciones-04-de-Mayo-2026.pdf
2026-05-04,078,SABANETA (EMA),SANTIAGO RODRÍGUEZ,PROGRAMA MUNDIAL DE ALIMENTO,EMAP,30.9,19.5,0.0,https://indomet.gob.do/wp-content/uploads/2026/05/Temperaturas-extremas-y-precipitaciones-04-de-Mayo-2026.pdf
2026-05-04,079,SAJOMA (EMA),SANTIAGO,PLAN SIERRA,EMAI,33.8,21.3,0.0,https://indomet.gob.do/wp-content/uploads/2026/05/Temperaturas-extremas-y-precipitaciones-04-de-Mayo-2026.pdf
2026-05-04,080,SALCEDO,HERMANAS MIRABAL,PROPIEDAD DEL EMPLEADO,EMCI,,,0.0,https://indomet.gob.do/wp-content/uploads/2026/05/Temperaturas-extremas-y-precipitaciones-04-de-Mayo-2026.pdf
2026-05-04,081,SAMANÁ,SAMANÁ,COMANDANCIA DE PUERTO DE SAMANÁ,EMCI,32.9,18.9,0.0,https://indomet.gob.do/wp-content/uploads/2026/05/Temperaturas-extremas-y-precipitaciones-04-de-Mayo-2026.pdf
2026-05-04,082,SAN CRISTÓBAL,SAN CRISTÓBAL,INSTITUTO POLITÉCNICO LOYOLA,EMCI,32.0,20.0,0.0,https://indomet.gob.do/wp-content/uploads/2026/05/Temperaturas-extremas-y-precipitaciones-04-de-Mayo-2026.pdf
2026-05-04,083,SAN JOSÉ DE OCOA,SAN JOSÉ DE OCOA,HOSP. SAN JOSÉ DE OCOA,EMCI,29.8,17.2,0.0,https://indomet.gob.do/wp-content/uploads/2026/05/Temperaturas-extremas-y-precipitaciones-04-de-Mayo-2026.pdf
2026-05-04,084,SAN RAFAEL DEL YUMA,LA ALTAGRACIA,MINISTERIO DE AGRICULTURA,EMCI,33.3,21.8,0.0,https://indomet.gob.do/wp-content/uploads/2026/05/Temperaturas-extremas-y-precipitaciones-04-de-Mayo-2026.pdf
2026-05-04,085,SÁNCHEZ,SAMANÁ,MINISTERIO DE AGRICULTURA,EMCI,34.2,22.2,0.0,https://indomet.gob.do/wp-content/uploads/2026/05/Temperaturas-extremas-y-precipitaciones-04-de-Mayo-2026.pdf
2026-05-04,086,SANTIAGO (CENTRO),SANTIAGO,HUACALITO,EMCI,,,0.0,https://indomet.gob.do/wp-content/uploads/2026/05/Temperaturas-extremas-y-precipitaciones-04-de-Mayo-2026.pdf
2026-05-04,087,SANTIAGO RODRÍGUEZ,SANTIAGO RODRÍGUEZ,INDOMET,EMCI,37.1,22.5,0.0,https://indomet.gob.do/wp-content/uploads/2026/05/Temperaturas-extremas-y-precipitaciones-04-de-Mayo-2026.pdf
2026-05-04,088,SANTO DOMINGO ESTE,SANTO DOMINGO,INDOMET,EMCI,30.5,24.5,0.0,https://indomet.gob.do/wp-content/uploads/2026/05/Temperaturas-extremas-y-precipitaciones-04-de-Mayo-2026.pdf
2026-05-04,089,TÁBARA ABAJO,AZUA,INDRHI,EMCI,30.8,22.0,0.0,https://indomet.gob.do/wp-content/uploads/2026/05/Temperaturas-extremas-y-precipitaciones-04-de-Mayo-2026.pdf
2026-05-04,090,TAMBORIL,SANTIAGO,MINISTERIO DE AGRICULTURA,EMCV,,,0.0,https://indomet.gob.do/wp-content/uploads/2026/05/Temperaturas-extremas-y-precipitaciones-04-de-Mayo-2026.pdf
2026-05-04,091,TAVERA,SANTIAGO,INDRHI,EMCI,,,0.0,https://indomet.gob.do/wp-content/uploads/2026/05/Temperaturas-extremas-y-precipitaciones-04-de-Mayo-2026.pdf
2026-05-04,092,VALLE NUEVO (EMA),LA VEGA,MARENA,EMAI,,,0.0,https://indomet.gob.do/wp-content/uploads/2026/05/Temperaturas-extremas-y-precipitaciones-04-de-Mayo-2026.pdf
2026-05-04,093,VILLA ALTAGRACIA,SAN CRISTÓBAL,ESCUELA JAVIER ANGULO GURIDI,EMCI,,,0.0,https://indomet.gob.do/wp-content/uploads/2026/05/Temperaturas-extremas-y-precipitaciones-04-de-Mayo-2026.pdf
2026-05-04,094,VILLA GONZALES,SANTIAGO,MINISTERIO DE AGRICULTURA,EMCI,,,0.0,https://indomet.gob.do/wp-content/uploads/2026/05/Temperaturas-extremas-y-precipitaciones-04-de-Mayo-2026.pdf
2026-05-04,095,VILLA ISABELA,PUERTO PLATA,MINISTERIO DE AGRICULTURA,EMCV,35.0,20.8,0.0,https://indomet.gob.do/wp-content/uploads/2026/05/Temperaturas-extremas-y-precipitaciones-04-de-Mayo-2026.pdf
2026-05-04,096,VILLA RIVA,DUARTE,HOSP. MPAL. ALICIA DE LEGENDRE,EMCI,33.3,21.3,0.0,https://indomet.gob.do/wp-content/uploads/2026/05/Temperaturas-extremas-y-precipitaciones-04-de-Mayo-2026.pdf
2026-05-04,097,VILLA VASQUEZ (EMA),MONTE CRISTI,JUNTA DE REGANTES,EMAI,,,0.0,https://indomet.gob.do/wp-content/uploads/2026/05/Temperaturas-extremas-y-precipitaciones-04-de-Mayo-2026.pdf
2026-05-05,001,VILLA VASQUEZ (EMA),MONTE CRISTI,JUNTA DE REGANTES,EMAI,,,2.6,https://indomet.gob.do/wp-content/uploads/2026/05/temperaturas-extremas-y-precipitaciones-2026x05x05.pdf
2026-05-05,002,MICHES (EMA),EL SEIBO,PRIVADA,EMAP,29.0,20.6,0.6,https://indomet.gob.do/wp-content/uploads/2026/05/temperaturas-extremas-y-precipitaciones-2026x05x05.pdf
2026-05-05,003,JANICO (EMA),LA VEGA,PLAN SIERRA,EMAI,,,0.2,https://indomet.gob.do/wp-content/uploads/2026/05/temperaturas-extremas-y-precipitaciones-2026x05x05.pdf
2026-05-05,004,ARPT. DE LAS AMÉRICAS,SANTO DOMINGO,INDOMET,EMCI,31.0,22.3,0.1,https://indomet.gob.do/wp-content/uploads/2026/05/temperaturas-extremas-y-precipitaciones-2026x05x05.pdf
2026-05-05,005,ALTAMIRA,PUERTO PLATA,HOSP. MPAL. DE ALTAMIRA,EMCI,35.1,18.1,0.0,https://indomet.gob.do/wp-content/uploads/2026/05/temperaturas-extremas-y-precipitaciones-2026x05x05.pdf
2026-05-05,006,ALTO BANDERA (EMA),LA VEGA,INTEC,EMAP,11.7,3.2,0.0,https://indomet.gob.do/wp-content/uploads/2026/05/temperaturas-extremas-y-precipitaciones-2026x05x05.pdf
2026-05-05,007,ANAMUYA (EMA),LA ALTAGRACIA,MINISTERIO DE AGRICULTURA,EMAP,29.1,22.1,0.0,https://indomet.gob.do/wp-content/uploads/2026/05/temperaturas-extremas-y-precipitaciones-2026x05x05.pdf
2026-05-05,008,ARPT. ARROYO BARRIL,SAMANÁ,INDOMET,EMCI,31.6,22.3,0.0,https://indomet.gob.do/wp-content/uploads/2026/05/temperaturas-extremas-y-precipitaciones-2026x05x05.pdf
2026-05-05,009,ARPT. DE LA ROMANA,LA ROMANA,INDOMET,EMCI,32.0,20.3,0.0,https://indomet.gob.do/wp-content/uploads/2026/05/temperaturas-extremas-y-precipitaciones-2026x05x05.pdf
2026-05-05,010,ARPT. DE PUNTA CANA,LA ALTAGRACIA,INDOMET,EMCI,30.8,23.5,0.0,https://indomet.gob.do/wp-content/uploads/2026/05/temperaturas-extremas-y-precipitaciones-2026x05x05.pdf
2026-05-05,011,ARPT. DEL CIBAO,SANTIAGO,INDOMET,EMCI,33.7,20.1,0.0,https://indomet.gob.do/wp-content/uploads/2026/05/temperaturas-extremas-y-precipitaciones-2026x05x05.pdf
2026-05-05,012,ARPT. EL CATEY,SAMANÁ,INDOMET,EMCI,34.6,21.4,0.0,https://indomet.gob.do/wp-content/uploads/2026/05/temperaturas-extremas-y-precipitaciones-2026x05x05.pdf
2026-05-05,013,ARPT. GREGORIO LUPERÓN,PUERTO PLATA,INDOMET,EMCI,35.0,21.5,0.0,https://indomet.gob.do/wp-content/uploads/2026/05/temperaturas-extremas-y-precipitaciones-2026x05x05.pdf
2026-05-05,014,ARPT. LA ISABELA,SANTO DOMINGO,INDOMET,EMCI,32.8,19.5,0.0,https://indomet.gob.do/wp-content/uploads/2026/05/temperaturas-extremas-y-precipitaciones-2026x05x05.pdf
2026-05-05,015,ARPT. MARÍA MONTEZ,BARAHONA,INDOMET,EMCI,31.2,21.5,0.0,https://indomet.gob.do/wp-content/uploads/2026/05/temperaturas-extremas-y-precipitaciones-2026x05x05.pdf
2026-05-05,016,ARROYO LORO,SAN JUAN,IDIAF,EMCI,32.0,18.2,0.0,https://indomet.gob.do/wp-content/uploads/2026/05/temperaturas-extremas-y-precipitaciones-2026x05x05.pdf
2026-05-05,017,BANI (EMA),PERAVIA,MINISTERIO DE AGRICULTURA,EMAP,31.1,22.9,0.0,https://indomet.gob.do/wp-content/uploads/2026/05/temperaturas-extremas-y-precipitaciones-2026x05x05.pdf
2026-05-05,018,BASE AÉREA DE SAN ISIDRO,SANTO DOMINGO,FUERZA AÉREA DOMINICANA,EMCV,31.5,22.0,0.0,https://indomet.gob.do/wp-content/uploads/2026/05/temperaturas-extremas-y-precipitaciones-2026x05x05.pdf
2026-05-05,019,BAYAGUANA,MONTE PLATA,INDOMET,EMCI,33.0,20.6,0.0,https://indomet.gob.do/wp-content/uploads/2026/05/temperaturas-extremas-y-precipitaciones-2026x05x05.pdf
2026-05-05,020,BELLA VISTA (EMA),DISTRITO NACIONAL,PRIVADA,EMAP,,,0.0,https://indomet.gob.do/wp-content/uploads/2026/05/temperaturas-extremas-y-precipitaciones-2026x05x05.pdf
2026-05-05,021,BOCA DE MAO (EMA),VALVERDE,MINISTERIO DE AGRICULTURA,EMAP,30.7,20.1,0.0,https://indomet.gob.do/wp-content/uploads/2026/05/temperaturas-extremas-y-precipitaciones-2026x05x05.pdf
2026-05-05,022,BOHECHÍO,SAN JUAN,MINISTERIO DE AGRICULTURA,EMCV,,,0.0,https://indomet.gob.do/wp-content/uploads/2026/05/temperaturas-extremas-y-precipitaciones-2026x05x05.pdf
2026-05-05,023,BONAO,MONSEÑOR NOUEL,MINISTERIO DE AGRICULTURA,EMCV,,,0.0,https://indomet.gob.do/wp-content/uploads/2026/05/temperaturas-extremas-y-precipitaciones-2026x05x05.pdf
2026-05-05,024,BUCARA (EMA),SANTIAGO,MINISTERIO DE AGRICULTURA,EMAI,,,0.0,https://indomet.gob.do/wp-content/uploads/2026/05/temperaturas-extremas-y-precipitaciones-2026x05x05.pdf
2026-05-05,025,CABRERA,MARÍA TRINIDAD SÁNCHEZ,ESCUELA ARÍSTIDES FIALLO CABRAL,EMCI,33.0,24.5,0.0,https://indomet.gob.do/wp-content/uploads/2026/05/temperaturas-extremas-y-precipitaciones-2026x05x05.pdf
2026-05-05,026,CENTRO DE LOS HEROES (EMA),DISTRITO NACIONAL,MINISTERIO DE ENERGIA Y MINA,EMAP,,,0.0,https://indomet.gob.do/wp-content/uploads/2026/05/temperaturas-extremas-y-precipitaciones-2026x05x05.pdf
2026-05-05,027,CONSTANZA,LA VEGA,MINISTERIO DE AGRICULTURA,EMCI,29.5,14.5,0.0,https://indomet.gob.do/wp-content/uploads/2026/05/temperaturas-extremas-y-precipitaciones-2026x05x05.pdf
2026-05-05,028,CONSTANZA (EMA),LA VEGA,PROGRAMA MUNDIAL DE ALIMENTO,EMAP,22.6,11.2,0.0,https://indomet.gob.do/wp-content/uploads/2026/05/temperaturas-extremas-y-precipitaciones-2026x05x05.pdf
2026-05-05,029,COTUÍ,SÁNCHEZ RAMÍREZ,HOSP. INMACULADA CONCEPCIÓN,EMCV,,,0.0,https://indomet.gob.do/wp-content/uploads/2026/05/temperaturas-extremas-y-precipitaciones-2026x05x05.pdf
2026-05-05,030,DAJABÓN,DAJABÓN,INSTITUTO POLITÉCNICO LOYOLA,EMCI,34.4,19.2,0.0,https://indomet.gob.do/wp-content/uploads/2026/05/temperaturas-extremas-y-precipitaciones-2026x05x05.pdf
2026-05-05,031,EL CERCADO,SAN JUAN,MINISTERIO DE AGRICULTURA,EMCV,,,0.0,https://indomet.gob.do/wp-content/uploads/2026/05/temperaturas-extremas-y-precipitaciones-2026x05x05.pdf
2026-05-05,032,EL FACTOR (EMA),MARÍA TRINIDAD SÁNCHEZ,INTEC,EMAP,29.9,20.2,0.0,https://indomet.gob.do/wp-content/uploads/2026/05/temperaturas-extremas-y-precipitaciones-2026x05x05.pdf
2026-05-05,033,EL MILLON (EMA),DISTRITO NACIONAL,PRIVADA,EMAP,,,0.0,https://indomet.gob.do/wp-content/uploads/2026/05/temperaturas-extremas-y-precipitaciones-2026x05x05.pdf
2026-05-05,034,EL SEIBO,EL SEIBO,MINISTERIO DE AGRICULTURA,EMCV,,,0.0,https://indomet.gob.do/wp-content/uploads/2026/05/temperaturas-extremas-y-precipitaciones-2026x05x05.pdf
2026-05-05,035,ELÍAS PIÑA,ELÍAS PIÑA,MINISTERIO DE AGRICULTURA,EMCV,,,0.0,https://indomet.gob.do/wp-content/uploads/2026/05/temperaturas-extremas-y-precipitaciones-2026x05x05.pdf
2026-05-05,036,ENRIQUILLO,BARAHONA,MINISTERIO DE AGRICULTURA,EMCV,32.5,22.8,0.0,https://indomet.gob.do/wp-content/uploads/2026/05/temperaturas-extremas-y-precipitaciones-2026x05x05.pdf
2026-05-05,037,ENSANCHE LA FE (EMA),DISTRITO NACIONAL,PRIVADA,EMAP,,,0.0,https://indomet.gob.do/wp-content/uploads/2026/05/temperaturas-extremas-y-precipitaciones-2026x05x05.pdf
2026-05-05,038,ESCONDIDO,PERAVIA,MINISTERIO DE AGRICULTURA,EMCV,31.0,23.0,0.0,https://indomet.gob.do/wp-content/uploads/2026/05/temperaturas-extremas-y-precipitaciones-2026x05x05.pdf
2026-05-05,039,GASPAR HERNÁNDEZ,ESPAILLAT,PROPIEDAD DEL EMPLEADO,EMCI,,,0.0,https://indomet.gob.do/wp-content/uploads/2026/05/temperaturas-extremas-y-precipitaciones-2026x05x05.pdf
2026-05-05,040,GURABO,SANTIAGO,MINISTERIO DE AGRICULTURA,EMCV,,,0.0,https://indomet.gob.do/wp-content/uploads/2026/05/temperaturas-extremas-y-precipitaciones-2026x05x05.pdf
2026-05-05,041,HATO MAYOR,HATO MAYOR,MINISTERIO DE AGRICULTURA,EMCV,,,0.0,https://indomet.gob.do/wp-content/uploads/2026/05/temperaturas-extremas-y-precipitaciones-2026x05x05.pdf
2026-05-05,042,HONDO VALLE,ELÍAS PIÑA,MINISTERIO DE AGRICULTURA,EMCI,26.9,17.0,0.0,https://indomet.gob.do/wp-content/uploads/2026/05/temperaturas-extremas-y-precipitaciones-2026x05x05.pdf
2026-05-05,043,JARABACOA,LA VEGA,INDRHI / MARENA,EMCI,33.6,15.6,0.0,https://indomet.gob.do/wp-content/uploads/2026/05/temperaturas-extremas-y-precipitaciones-2026x05x05.pdf
2026-05-05,044,JARABACOA (EMA),LA VEGA,PROGRAMA MUNDIAL DE ALIMENTO,EMAP,,,0.0,https://indomet.gob.do/wp-content/uploads/2026/05/temperaturas-extremas-y-precipitaciones-2026x05x05.pdf
2026-05-05,045,JARDÍN BOTÁNICO NACIONAL,DISTRITO NACIONAL,JARDÍN BOTÁNICO NACIONAL,EMCV,32.5,19.9,0.0,https://indomet.gob.do/wp-content/uploads/2026/05/temperaturas-extremas-y-precipitaciones-2026x05x05.pdf
2026-05-05,046,JARDÍN BOTÁNICO SANTIAGO (EMSANTIAGO,,JARDIN BOTANICO SANTIAGO,EMAI,,,0.0,https://indomet.gob.do/wp-content/uploads/2026/05/temperaturas-extremas-y-precipitaciones-2026x05x05.pdf
2026-05-05,047,JIMANÍ,INDEPENDENCIA,MINISTERIO DE AGRICULTURA,EMCI,33.6,22.5,0.0,https://indomet.gob.do/wp-content/uploads/2026/05/temperaturas-extremas-y-precipitaciones-2026x05x05.pdf
2026-05-05,048,JUMA BEJUCAL,MONSEÑOR NOUEL,IDIAF,EMCV,31.2,21.0,0.0,https://indomet.gob.do/wp-content/uploads/2026/05/temperaturas-extremas-y-precipitaciones-2026x05x05.pdf
2026-05-05,049,LA AGUSTINA (EMA),DISTRITO NACIONAL,PRIVADA,EMAP,,,0.0,https://indomet.gob.do/wp-content/uploads/2026/05/temperaturas-extremas-y-precipitaciones-2026x05x05.pdf
2026-05-05,050,LA VEGA,LA VEGA,IATESA,EMCI,33.5,20.0,0.0,https://indomet.gob.do/wp-content/uploads/2026/05/temperaturas-extremas-y-precipitaciones-2026x05x05.pdf
2026-05-05,051,LA VICTORIA,SANTO DOMINGO,CUERPO DE BOMBEROS,EMCI,32.3,21.5,0.0,https://indomet.gob.do/wp-content/uploads/2026/05/temperaturas-extremas-y-precipitaciones-2026x05x05.pdf
2026-05-05,052,LAS CANAS (EMA),MONTE CRISTI,PROGRAMA MUNDIAL DE ALIMENTO,EMAP,26.4,20.0,0.0,https://indomet.gob.do/wp-content/uploads/2026/05/temperaturas-extremas-y-precipitaciones-2026x05x05.pdf
2026-05-05,053,LOS CACICAZGOS (EMA),DISTRITO NACIONAL,PRIVADA,EMAP,,,0.0,https://indomet.gob.do/wp-content/uploads/2026/05/temperaturas-extremas-y-precipitaciones-2026x05x05.pdf
2026-05-05,054,LOS JARDINES (EMA),DISTRITO NACIONAL,PRIVADA,EMAP,,,0.0,https://indomet.gob.do/wp-content/uploads/2026/05/temperaturas-extremas-y-precipitaciones-2026x05x05.pdf
2026-05-05,055,LOS JENGIBRES,NAGUA,INDRHI,EMCI,,,0.0,https://indomet.gob.do/wp-content/uploads/2026/05/temperaturas-extremas-y-precipitaciones-2026x05x05.pdf
2026-05-05,056,LOS LLANOS,SAN PEDRO DE MACORÍS,MINISTERIO DE AGRICULTURA,EMCI,32.3,22.4,0.0,https://indomet.gob.do/wp-content/uploads/2026/05/temperaturas-extremas-y-precipitaciones-2026x05x05.pdf
2026-05-05,057,LOS PRADOS (EMA),DISTRITO NACIONAL,PRIVADA,EMAP,,,0.0,https://indomet.gob.do/wp-content/uploads/2026/05/temperaturas-extremas-y-precipitaciones-2026x05x05.pdf
2026-05-05,058,LOS TRES CHARCOS (EMA),PEDERNALES,PROPIEDAD DEL VOLUNTARIO,EMAP,,,0.0,https://indomet.gob.do/wp-content/uploads/2026/05/temperaturas-extremas-y-precipitaciones-2026x05x05.pdf
2026-05-05,059,MONCIÓN (EMA),SANTIAGO RODRÍGUEZ,PROGRAMA MUNDIAL DE ALIMENTO,EMAP,31.7,19.8,0.0,https://indomet.gob.do/wp-content/uploads/2026/05/temperaturas-extremas-y-precipitaciones-2026x05x05.pdf
2026-05-05,060,MONTE CRISTI,MONTE CRISTI,INDOMET,EMCI,33.4,23.6,0.0,https://indomet.gob.do/wp-content/uploads/2026/05/temperaturas-extremas-y-precipitaciones-2026x05x05.pdf
2026-05-05,061,NAVARRETE,SANTIAGO,MINISTERIO DE AGRICULTURA,EMCV,,,0.0,https://indomet.gob.do/wp-content/uploads/2026/05/temperaturas-extremas-y-precipitaciones-2026x05x05.pdf
2026-05-05,062,LOS COCOS (EMA),BAHORUCO,PRIVADA,EMAP,,,0.0,https://indomet.gob.do/wp-content/uploads/2026/05/temperaturas-extremas-y-precipitaciones-2026x05x05.pdf
2026-05-05,063,OVIEDO,PEDERNALES,CLÍNICA RURAL OVIEDO,EMCI,32.0,21.8,0.0,https://indomet.gob.do/wp-content/uploads/2026/05/temperaturas-extremas-y-precipitaciones-2026x05x05.pdf
2026-05-05,064,PADRE LAS CASAS,AZUA,HOSP. NTRA. SRA. DEL CARMEN,EMCI,31.2,19.0,0.0,https://indomet.gob.do/wp-content/uploads/2026/05/temperaturas-extremas-y-precipitaciones-2026x05x05.pdf
2026-05-05,065,PALO ÍNDIO,PUERTO PLATA,MINISTERIO DE AGRICULTURA,EMCI,,,0.0,https://indomet.gob.do/wp-content/uploads/2026/05/temperaturas-extremas-y-precipitaciones-2026x05x05.pdf
2026-05-05,066,PASO AL MEDIO,SAN PEDRO DE MACORÍS,INDRHI,EMCI,,,0.0,https://indomet.gob.do/wp-content/uploads/2026/05/temperaturas-extremas-y-precipitaciones-2026x05x05.pdf
2026-05-05,067,PEDERNALES,PEDERNALES,INDRHI,EMCI,,,0.0,https://indomet.gob.do/wp-content/uploads/2026/05/temperaturas-extremas-y-precipitaciones-2026x05x05.pdf
2026-05-05,068,PERALTA,AZUA,HOSP. MPAL. DE PERALTA,EMCI,30.1,15.6,0.0,https://indomet.gob.do/wp-content/uploads/2026/05/temperaturas-extremas-y-precipitaciones-2026x05x05.pdf
2026-05-05,069,PESCADERIA (EMA),BARAHONA,MINISTERIO DE AGRICULTURA,EMAP,,,0.0,https://indomet.gob.do/wp-content/uploads/2026/05/temperaturas-extremas-y-precipitaciones-2026x05x05.pdf
2026-05-05,070,POLO,BARAHONA,INDOCAFE,EMCI,29.2,14.0,0.0,https://indomet.gob.do/wp-content/uploads/2026/05/temperaturas-extremas-y-precipitaciones-2026x05x05.pdf
2026-05-05,071,PONTÓN ABAJO (EMA),LA VEGA,MINISTERIO DE AGRICULTURA,EMAP,29.4,20.0,0.0,https://indomet.gob.do/wp-content/uploads/2026/05/temperaturas-extremas-y-precipitaciones-2026x05x05.pdf
2026-05-05,072,PRESA DE TAVERAS (EMA),LA VEGA,PROGRAMA MUNDIAL DE ALIMENTO,EMAP,27.2,18.6,0.0,https://indomet.gob.do/wp-content/uploads/2026/05/temperaturas-extremas-y-precipitaciones-2026x05x05.pdf
2026-05-05,073,PROLONGACION 27 DE FEBRERO,DISTRITO NACIONAL,PRIVADA,EMAP,,,0.0,https://indomet.gob.do/wp-content/uploads/2026/05/temperaturas-extremas-y-precipitaciones-2026x05x05.pdf
2026-05-05,074,RANCHO ARRIBA,SAN JOSÉ DE OCOA,CENTRO TECNOLÓGICO COMUNITARIO,EMCI,29.8,14.2,0.0,https://indomet.gob.do/wp-content/uploads/2026/05/temperaturas-extremas-y-precipitaciones-2026x05x05.pdf
2026-05-05,075,RESTAURACIÓN,DAJABÓN,MINISTERIO DE AGRICULTURA,EMCI,32.5,17.3,0.0,https://indomet.gob.do/wp-content/uploads/2026/05/temperaturas-extremas-y-precipitaciones-2026x05x05.pdf
2026-05-05,076,RÍO SAN JUAN,MARÍA TRINIDAD SÁNCHEZ,HOSP. MPAL. DR. DESIDERIO ACOSTA,EMCV,34.3,23.2,0.0,https://indomet.gob.do/wp-content/uploads/2026/05/temperaturas-extremas-y-precipitaciones-2026x05x05.pdf
2026-05-05,077,SABANA DE LA MAR,HATO MAYOR,INDOMET,EMCI,33.2,21.4,0.0,https://indomet.gob.do/wp-content/uploads/2026/05/temperaturas-extremas-y-precipitaciones-2026x05x05.pdf
2026-05-05,078,SABANA GRANDE DE BOYÁ,MONTE PLATA,MINISTERIO DE AGRICULTURA,EMCV,,,0.0,https://indomet.gob.do/wp-content/uploads/2026/05/temperaturas-extremas-y-precipitaciones-2026x05x05.pdf
2026-05-05,079,SABANETA (EMA),SANTIAGO RODRÍGUEZ,PROGRAMA MUNDIAL DE ALIMENTO,EMAP,27.9,16.8,0.0,https://indomet.gob.do/wp-content/uploads/2026/05/temperaturas-extremas-y-precipitaciones-2026x05x05.pdf
2026-05-05,080,SAJOMA (EMA),SANTIAGO,PLAN SIERRA,EMAI,32.1,18.6,0.0,https://indomet.gob.do/wp-content/uploads/2026/05/temperaturas-extremas-y-precipitaciones-2026x05x05.pdf
2026-05-05,081,SALCEDO,HERMANAS MIRABAL,PROPIEDAD DEL EMPLEADO,EMCI,,,0.0,https://indomet.gob.do/wp-content/uploads/2026/05/temperaturas-extremas-y-precipitaciones-2026x05x05.pdf
2026-05-05,082,SAMANÁ,SAMANÁ,COMANDANCIA DE PUERTO DE SAMANÁ,EMCI,33.8,18.2,0.0,https://indomet.gob.do/wp-content/uploads/2026/05/temperaturas-extremas-y-precipitaciones-2026x05x05.pdf
2026-05-05,083,SAN CRISTÓBAL,SAN CRISTÓBAL,INSTITUTO POLITÉCNICO LOYOLA,EMCI,31.0,19.2,0.0,https://indomet.gob.do/wp-content/uploads/2026/05/temperaturas-extremas-y-precipitaciones-2026x05x05.pdf
2026-05-05,084,SAN FRANCISCO DE MACORÍS,DUARTE,San Francisco de Macorís (UASD),EMCI,34.0,21.6,0.0,https://indomet.gob.do/wp-content/uploads/2026/05/temperaturas-extremas-y-precipitaciones-2026x05x05.pdf
2026-05-05,085,SAN JOSÉ DE OCOA,SAN JOSÉ DE OCOA,HOSP. SAN JOSÉ DE OCOA,EMCI,31.2,18.0,0.0,https://indomet.gob.do/wp-content/uploads/2026/05/temperaturas-extremas-y-precipitaciones-2026x05x05.pdf
2026-05-05,086,SAN RAFAEL DEL YUMA,LA ALTAGRACIA,MINISTERIO DE AGRICULTURA,EMCI,33.6,22.8,0.0,https://indomet.gob.do/wp-content/uploads/2026/05/temperaturas-extremas-y-precipitaciones-2026x05x05.pdf
2026-05-05,087,SÁNCHEZ,SAMANÁ,MINISTERIO DE AGRICULTURA,EMCI,33.6,20.6,0.0,https://indomet.gob.do/wp-content/uploads/2026/05/temperaturas-extremas-y-precipitaciones-2026x05x05.pdf
2026-05-05,088,SANTIAGO (CENTRO),SANTIAGO,HUACALITO,EMCI,,,0.0,https://indomet.gob.do/wp-content/uploads/2026/05/temperaturas-extremas-y-precipitaciones-2026x05x05.pdf
2026-05-05,089,SANTIAGO RODRÍGUEZ,SANTIAGO RODRÍGUEZ,INDOMET,EMCI,36.2,22.4,0.0,https://indomet.gob.do/wp-content/uploads/2026/05/temperaturas-extremas-y-precipitaciones-2026x05x05.pdf
2026-05-05,090,SANTO DOMINGO ESTE,SANTO DOMINGO,INDOMET,EMCI,32.0,24.5,0.0,https://indomet.gob.do/wp-content/uploads/2026/05/temperaturas-extremas-y-precipitaciones-2026x05x05.pdf
2026-05-05,091,TÁBARA ABAJO,AZUA,INDRHI,EMCI,32.5,19.5,0.0,https://indomet.gob.do/wp-content/uploads/2026/05/temperaturas-extremas-y-precipitaciones-2026x05x05.pdf
2026-05-05,092,TAMBORIL,SANTIAGO,MINISTERIO DE AGRICULTURA,EMCV,,,0.0,https://indomet.gob.do/wp-content/uploads/2026/05/temperaturas-extremas-y-precipitaciones-2026x05x05.pdf
2026-05-05,093,TAVERA,SANTIAGO,INDRHI,EMCI,,,0.0,https://indomet.gob.do/wp-content/uploads/2026/05/temperaturas-extremas-y-precipitaciones-2026x05x05.pdf
2026-05-05,094,VILLA ALTAGRACIA,SAN CRISTÓBAL,ESCUELA JAVIER ANGULO GURIDI,EMCI,,,0.0,https://indomet.gob.do/wp-content/uploads/2026/05/temperaturas-extremas-y-precipitaciones-2026x05x05.pdf
2026-05-05,095,VILLA GONZALES,SANTIAGO,MINISTERIO DE AGRICULTURA,EMCI,,,0.0,https://indomet.gob.do/wp-content/uploads/2026/05/temperaturas-extremas-y-precipitaciones-2026x05x05.pdf
2026-05-05,096,VILLA ISABELA,PUERTO PLATA,MINISTERIO DE AGRICULTURA,EMCV,33.5,15.6,0.0,https://indomet.gob.do/wp-content/uploads/2026/05/temperaturas-extremas-y-precipitaciones-2026x05x05.pdf
2026-05-05,097,VILLA RIVA,DUARTE,HOSP. MPAL. ALICIA DE LEGENDRE,EMCI,33.4,20.6,0.0,https://indomet.gob.do/wp-content/uploads/2026/05/temperaturas-extremas-y-precipitaciones-2026x05x05.pdf
2026-05-06,001,VILLA VASQUEZ (EMA),MONTE CRISTI,JUNTA DE REGANTES,EMAI,,,1.0,https://indomet.gob.do/wp-content/uploads/2026/05/temperaturas-extremas-y-precipitaciones-2026x05x06.pdf
2026-05-06,002,MICHES (EMA),EL SEIBO,PRIVADA,EMAP,34.2,23.1,0.4,https://indomet.gob.do/wp-content/uploads/2026/05/temperaturas-extremas-y-precipitaciones-2026x05x06.pdf
2026-05-06,003,ENRIQUILLO,BARAHONA,MINISTERIO DE AGRICULTURA,EMCV,32.5,22.7,0.2,https://indomet.gob.do/wp-content/uploads/2026/05/temperaturas-extremas-y-precipitaciones-2026x05x06.pdf
2026-05-06,004,JANICO (EMA),LA VEGA,PLAN SIERRA,EMAI,,,0.2,https://indomet.gob.do/wp-content/uploads/2026/05/temperaturas-extremas-y-precipitaciones-2026x05x06.pdf
2026-05-06,005,SAJOMA (EMA),SANTIAGO,PLAN SIERRA,EMAI,,,0.2,https://indomet.gob.do/wp-content/uploads/2026/05/temperaturas-extremas-y-precipitaciones-2026x05x06.pdf
2026-05-06,006,ARPT. LA ISABELA,SANTO DOMINGO,INDOMET,EMCI,34.1,20.0,0.1,https://indomet.gob.do/wp-content/uploads/2026/05/temperaturas-extremas-y-precipitaciones-2026x05x06.pdf
2026-05-06,007,ALTAMIRA,PUERTO PLATA,HOSP. MPAL. DE ALTAMIRA,EMCI,36.2,18.1,0.0,https://indomet.gob.do/wp-content/uploads/2026/05/temperaturas-extremas-y-precipitaciones-2026x05x06.pdf
2026-05-06,008,ALTO BANDERA (EMA),LA VEGA,INTEC,EMAP,20.4,8.5,0.0,https://indomet.gob.do/wp-content/uploads/2026/05/temperaturas-extremas-y-precipitaciones-2026x05x06.pdf
2026-05-06,009,ANAMUYA (EMA),LA ALTAGRACIA,MINISTERIO DE AGRICULTURA,EMAP,32.5,21.7,0.0,https://indomet.gob.do/wp-content/uploads/2026/05/temperaturas-extremas-y-precipitaciones-2026x05x06.pdf
2026-05-06,010,ARPT. ARROYO BARRIL,SAMANÁ,INDOMET,EMCI,31.4,22.3,0.0,https://indomet.gob.do/wp-content/uploads/2026/05/temperaturas-extremas-y-precipitaciones-2026x05x06.pdf
2026-05-06,011,ARPT. DE LA ROMANA,LA ROMANA,INDOMET,EMCI,31.8,21.3,0.0,https://indomet.gob.do/wp-content/uploads/2026/05/temperaturas-extremas-y-precipitaciones-2026x05x06.pdf
2026-05-06,012,ARPT. DE LAS AMÉRICAS,SANTO DOMINGO,INDOMET,EMCI,31.5,22.0,0.0,https://indomet.gob.do/wp-content/uploads/2026/05/temperaturas-extremas-y-precipitaciones-2026x05x06.pdf
2026-05-06,013,ARPT. DE PUNTA CANA,LA ALTAGRACIA,INDOMET,EMCI,30.6,23.4,0.0,https://indomet.gob.do/wp-content/uploads/2026/05/temperaturas-extremas-y-precipitaciones-2026x05x06.pdf
2026-05-06,014,ARPT. DEL CIBAO,SANTIAGO,INDOMET,EMCI,34.9,19.9,0.0,https://indomet.gob.do/wp-content/uploads/2026/05/temperaturas-extremas-y-precipitaciones-2026x05x06.pdf
2026-05-06,015,ARPT. EL CATEY,SAMANÁ,INDOMET,EMCI,34.6,21.0,0.0,https://indomet.gob.do/wp-content/uploads/2026/05/temperaturas-extremas-y-precipitaciones-2026x05x06.pdf
2026-05-06,016,ARPT. GREGORIO LUPERÓN,PUERTO PLATA,INDOMET,EMCI,34.0,22.0,0.0,https://indomet.gob.do/wp-content/uploads/2026/05/temperaturas-extremas-y-precipitaciones-2026x05x06.pdf
2026-05-06,017,ARPT. MARÍA MONTEZ,BARAHONA,INDOMET,EMCI,31.3,21.0,0.0,https://indomet.gob.do/wp-content/uploads/2026/05/temperaturas-extremas-y-precipitaciones-2026x05x06.pdf
2026-05-06,018,ARROYO LORO,SAN JUAN,IDIAF,EMCI,32.2,19.2,0.0,https://indomet.gob.do/wp-content/uploads/2026/05/temperaturas-extremas-y-precipitaciones-2026x05x06.pdf
2026-05-06,019,BANI (EMA),PERAVIA,MINISTERIO DE AGRICULTURA,EMAP,32.2,24.4,0.0,https://indomet.gob.do/wp-content/uploads/2026/05/temperaturas-extremas-y-precipitaciones-2026x05x06.pdf
2026-05-06,020,BASE AÉREA DE SAN ISIDRO,SANTO DOMINGO,FUERZA AÉREA DOMINICANA,EMCV,30.7,22.6,0.0,https://indomet.gob.do/wp-content/uploads/2026/05/temperaturas-extremas-y-precipitaciones-2026x05x06.pdf
2026-05-06,021,BAYAGUANA,MONTE PLATA,INDOMET,EMCI,32.4,20.8,0.0,https://indomet.gob.do/wp-content/uploads/2026/05/temperaturas-extremas-y-precipitaciones-2026x05x06.pdf
2026-05-06,022,BELLA VISTA (EMA),DISTRITO NACIONAL,PRIVADA,EMAP,,,0.0,https://indomet.gob.do/wp-content/uploads/2026/05/temperaturas-extremas-y-precipitaciones-2026x05x06.pdf
2026-05-06,023,BOCA DE MAO (EMA),VALVERDE,MINISTERIO DE AGRICULTURA,EMAP,,,0.0,https://indomet.gob.do/wp-content/uploads/2026/05/temperaturas-extremas-y-precipitaciones-2026x05x06.pdf
2026-05-06,024,BOHECHÍO,SAN JUAN,MINISTERIO DE AGRICULTURA,EMCV,,,0.0,https://indomet.gob.do/wp-content/uploads/2026/05/temperaturas-extremas-y-precipitaciones-2026x05x06.pdf
2026-05-06,025,BONAO,MONSEÑOR NOUEL,MINISTERIO DE AGRICULTURA,EMCV,,,0.0,https://indomet.gob.do/wp-content/uploads/2026/05/temperaturas-extremas-y-precipitaciones-2026x05x06.pdf
2026-05-06,026,BUCARA (EMA),SANTIAGO,MINISTERIO DE AGRICULTURA,EMAI,,,0.0,https://indomet.gob.do/wp-content/uploads/2026/05/temperaturas-extremas-y-precipitaciones-2026x05x06.pdf
2026-05-06,027,CABRERA,MARÍA TRINIDAD SÁNCHEZ,ESCUELA ARÍSTIDES FIALLO CABRAL,EMCI,33.0,25.0,0.0,https://indomet.gob.do/wp-content/uploads/2026/05/temperaturas-extremas-y-precipitaciones-2026x05x06.pdf
2026-05-06,028,CENTRO DE LOS HEROES (EMA),DISTRITO NACIONAL,MINISTERIO DE ENERGIA Y MINA,EMAP,31.3,25.4,0.0,https://indomet.gob.do/wp-content/uploads/2026/05/temperaturas-extremas-y-precipitaciones-2026x05x06.pdf
2026-05-06,029,CONSTANZA,LA VEGA,MINISTERIO DE AGRICULTURA,EMCI,29.5,12.5,0.0,https://indomet.gob.do/wp-content/uploads/2026/05/temperaturas-extremas-y-precipitaciones-2026x05x06.pdf
2026-05-06,030,CONSTANZA (EMA),LA VEGA,PROGRAMA MUNDIAL DE ALIMENTO,EMAP,27.9,14.2,0.0,https://indomet.gob.do/wp-content/uploads/2026/05/temperaturas-extremas-y-precipitaciones-2026x05x06.pdf
2026-05-06,031,DAJABÓN,DAJABÓN,INSTITUTO POLITÉCNICO LOYOLA,EMCI,35.0,20.0,0.0,https://indomet.gob.do/wp-content/uploads/2026/05/temperaturas-extremas-y-precipitaciones-2026x05x06.pdf
2026-05-06,032,EL CERCADO,SAN JUAN,MINISTERIO DE AGRICULTURA,EMCV,,,0.0,https://indomet.gob.do/wp-content/uploads/2026/05/temperaturas-extremas-y-precipitaciones-2026x05x06.pdf
2026-05-06,033,EL FACTOR (EMA),MARÍA TRINIDAD SÁNCHEZ,INTEC,EMAP,34.8,21.6,0.0,https://indomet.gob.do/wp-content/uploads/2026/05/temperaturas-extremas-y-precipitaciones-2026x05x06.pdf
2026-05-06,034,EL MILLON (EMA),DISTRITO NACIONAL,PRIVADA,EMAP,,,0.0,https://indomet.gob.do/wp-content/uploads/2026/05/temperaturas-extremas-y-precipitaciones-2026x05x06.pdf
2026-05-06,035,ELÍAS PIÑA,ELÍAS PIÑA,MINISTERIO DE AGRICULTURA,EMCV,,,0.0,https://indomet.gob.do/wp-content/uploads/2026/05/temperaturas-extremas-y-precipitaciones-2026x05x06.pdf
2026-05-06,036,ENSANCHE LA FE (EMA),DISTRITO NACIONAL,PRIVADA,EMAP,,,0.0,https://indomet.gob.do/wp-content/uploads/2026/05/temperaturas-extremas-y-precipitaciones-2026x05x06.pdf
2026-05-06,037,ESCONDIDO,PERAVIA,MINISTERIO DE AGRICULTURA,EMCV,32.0,23.0,0.0,https://indomet.gob.do/wp-content/uploads/2026/05/temperaturas-extremas-y-precipitaciones-2026x05x06.pdf
2026-05-06,038,GASPAR HERNÁNDEZ,ESPAILLAT,PROPIEDAD DEL EMPLEADO,EMCI,,,0.0,https://indomet.gob.do/wp-content/uploads/2026/05/temperaturas-extremas-y-precipitaciones-2026x05x06.pdf
2026-05-06,039,GURABO,SANTIAGO,MINISTERIO DE AGRICULTURA,EMCV,,,0.0,https://indomet.gob.do/wp-content/uploads/2026/05/temperaturas-extremas-y-precipitaciones-2026x05x06.pdf
2026-05-06,040,HATO MAYOR,HATO MAYOR,MINISTERIO DE AGRICULTURA,EMCV,,,0.0,https://indomet.gob.do/wp-content/uploads/2026/05/temperaturas-extremas-y-precipitaciones-2026x05x06.pdf
2026-05-06,041,HONDO VALLE,ELÍAS PIÑA,MINISTERIO DE AGRICULTURA,EMCI,26.9,16.5,0.0,https://indomet.gob.do/wp-content/uploads/2026/05/temperaturas-extremas-y-precipitaciones-2026x05x06.pdf
2026-05-06,042,JARABACOA,LA VEGA,INDRHI / MARENA,EMCI,34.0,15.2,0.0,https://indomet.gob.do/wp-content/uploads/2026/05/temperaturas-extremas-y-precipitaciones-2026x05x06.pdf
2026-05-06,043,JARABACOA (EMA),LA VEGA,PROGRAMA MUNDIAL DE ALIMENTO,EMAP,32.3,18.1,0.0,https://indomet.gob.do/wp-content/uploads/2026/05/temperaturas-extremas-y-precipitaciones-2026x05x06.pdf
2026-05-06,044,JARDÍN BOTÁNICO NACIONAL,DISTRITO NACIONAL,JARDÍN BOTÁNICO NACIONAL,EMCV,32.3,20.8,0.0,https://indomet.gob.do/wp-content/uploads/2026/05/temperaturas-extremas-y-precipitaciones-2026x05x06.pdf
2026-05-06,045,JARDÍN BOTÁNICO SANTIAGO (EMSANTIAGO,,JARDIN BOTANICO SANTIAGO,EMAI,,,0.0,https://indomet.gob.do/wp-content/uploads/2026/05/temperaturas-extremas-y-precipitaciones-2026x05x06.pdf
2026-05-06,046,JIMANÍ,INDEPENDENCIA,MINISTERIO DE AGRICULTURA,EMCI,33.5,22.5,0.0,https://indomet.gob.do/wp-content/uploads/2026/05/temperaturas-extremas-y-precipitaciones-2026x05x06.pdf
2026-05-06,047,JUMA BEJUCAL,MONSEÑOR NOUEL,IDIAF,EMCV,31.6,21.8,0.0,https://indomet.gob.do/wp-content/uploads/2026/05/temperaturas-extremas-y-precipitaciones-2026x05x06.pdf
2026-05-06,048,LA AGUSTINA (EMA),DISTRITO NACIONAL,PRIVADA,EMAP,,,0.0,https://indomet.gob.do/wp-content/uploads/2026/05/temperaturas-extremas-y-precipitaciones-2026x05x06.pdf
2026-05-06,049,LA VEGA,LA VEGA,IATESA,EMCI,33.3,22.0,0.0,https://indomet.gob.do/wp-content/uploads/2026/05/temperaturas-extremas-y-precipitaciones-2026x05x06.pdf
2026-05-06,050,LA VICTORIA,SANTO DOMINGO,CUERPO DE BOMBEROS,EMCI,33.5,22.2,0.0,https://indomet.gob.do/wp-content/uploads/2026/05/temperaturas-extremas-y-precipitaciones-2026x05x06.pdf
2026-05-06,051,LAS CANAS (EMA),MONTE CRISTI,PROGRAMA MUNDIAL DE ALIMENTO,EMAP,30.9,22.1,0.0,https://indomet.gob.do/wp-content/uploads/2026/05/temperaturas-extremas-y-precipitaciones-2026x05x06.pdf
2026-05-06,052,LAS MATAS DE FARFÁN,SAN JUAN,MINISTERIO DE AGRICULTURA,EMCV,,,0.0,https://indomet.gob.do/wp-content/uploads/2026/05/temperaturas-extremas-y-precipitaciones-2026x05x06.pdf
2026-05-06,053,LOS CACICAZGOS (EMA),DISTRITO NACIONAL,PRIVADA,EMAP,,,0.0,https://indomet.gob.do/wp-content/uploads/2026/05/temperaturas-extremas-y-precipitaciones-2026x05x06.pdf
2026-05-06,054,LOS COCOS (EMA),BAHORUCO,PRIVADA,EMAP,,,0.0,https://indomet.gob.do/wp-content/uploads/2026/05/temperaturas-extremas-y-precipitaciones-2026x05x06.pdf
2026-05-06,055,LOS JARDINES (EMA),DISTRITO NACIONAL,PRIVADA,EMAP,,,0.0,https://indomet.gob.do/wp-content/uploads/2026/05/temperaturas-extremas-y-precipitaciones-2026x05x06.pdf
2026-05-06,056,LOS JENGIBRES,NAGUA,INDRHI,EMCI,,,0.0,https://indomet.gob.do/wp-content/uploads/2026/05/temperaturas-extremas-y-precipitaciones-2026x05x06.pdf
2026-05-06,057,LOS LLANOS,SAN PEDRO DE MACORÍS,MINISTERIO DE AGRICULTURA,EMCI,33.0,23.0,0.0,https://indomet.gob.do/wp-content/uploads/2026/05/temperaturas-extremas-y-precipitaciones-2026x05x06.pdf
2026-05-06,058,LOS PRADOS (EMA),DISTRITO NACIONAL,PRIVADA,EMAP,,,0.0,https://indomet.gob.do/wp-content/uploads/2026/05/temperaturas-extremas-y-precipitaciones-2026x05x06.pdf
2026-05-06,059,LOS TRES CHARCOS (EMA),PEDERNALES,PROPIEDAD DEL VOLUNTARIO,EMAP,,,0.0,https://indomet.gob.do/wp-content/uploads/2026/05/temperaturas-extremas-y-precipitaciones-2026x05x06.pdf
2026-05-06,060,LUPERÓN,PUERTO PLATA,MINISTERIO DE AGRICULTURA,EMCV,,,0.0,https://indomet.gob.do/wp-content/uploads/2026/05/temperaturas-extremas-y-precipitaciones-2026x05x06.pdf
2026-05-06,061,MAO,VALVERDE,INDRHI / MINISTERIO DE AGRICULTURA,EMCV,,,0.0,https://indomet.gob.do/wp-content/uploads/2026/05/temperaturas-extremas-y-precipitaciones-2026x05x06.pdf
2026-05-06,062,MONCIÓN (EMA),SANTIAGO RODRÍGUEZ,PROGRAMA MUNDIAL DE ALIMENTO,EMAP,33.6,20.3,0.0,https://indomet.gob.do/wp-content/uploads/2026/05/temperaturas-extremas-y-precipitaciones-2026x05x06.pdf
2026-05-06,063,MONTE CRISTI,MONTE CRISTI,INDOMET,EMCI,34.4,24.0,0.0,https://indomet.gob.do/wp-content/uploads/2026/05/temperaturas-extremas-y-precipitaciones-2026x05x06.pdf
2026-05-06,064,NAVARRETE,SANTIAGO,MINISTERIO DE AGRICULTURA,EMCV,,,0.0,https://indomet.gob.do/wp-content/uploads/2026/05/temperaturas-extremas-y-precipitaciones-2026x05x06.pdf
2026-05-06,065,OLIVARES,PEDERNALES,INDRHI,EMCI,,,0.0,https://indomet.gob.do/wp-content/uploads/2026/05/temperaturas-extremas-y-precipitaciones-2026x05x06.pdf
2026-05-06,066,OVIEDO,PEDERNALES,CLÍNICA RURAL OVIEDO,EMCI,31.8,22.2,0.0,https://indomet.gob.do/wp-content/uploads/2026/05/temperaturas-extremas-y-precipitaciones-2026x05x06.pdf
2026-05-06,067,PADRE LAS CASAS,AZUA,HOSP. NTRA. SRA. DEL CARMEN,EMCI,31.5,18.5,0.0,https://indomet.gob.do/wp-content/uploads/2026/05/temperaturas-extremas-y-precipitaciones-2026x05x06.pdf
2026-05-06,068,PALO ÍNDIO,PUERTO PLATA,MINISTERIO DE AGRICULTURA,EMCI,,,0.0,https://indomet.gob.do/wp-content/uploads/2026/05/temperaturas-extremas-y-precipitaciones-2026x05x06.pdf
2026-05-06,069,PASO AL MEDIO,SAN PEDRO DE MACORÍS,INDRHI,EMCI,,,0.0,https://indomet.gob.do/wp-content/uploads/2026/05/temperaturas-extremas-y-precipitaciones-2026x05x06.pdf
2026-05-06,070,PEDERNALES,PEDERNALES,INDRHI,EMCI,,,0.0,https://indomet.gob.do/wp-content/uploads/2026/05/temperaturas-extremas-y-precipitaciones-2026x05x06.pdf
2026-05-06,071,PERALTA,AZUA,HOSP. MPAL. DE PERALTA,EMCI,30.0,15.7,0.0,https://indomet.gob.do/wp-content/uploads/2026/05/temperaturas-extremas-y-precipitaciones-2026x05x06.pdf
2026-05-06,072,PESCADERIA (EMA),BARAHONA,MINISTERIO DE AGRICULTURA,EMAP,,,0.0,https://indomet.gob.do/wp-content/uploads/2026/05/temperaturas-extremas-y-precipitaciones-2026x05x06.pdf
2026-05-06,073,POLO,BARAHONA,INDOCAFE,EMCI,30.0,15.0,0.0,https://indomet.gob.do/wp-content/uploads/2026/05/temperaturas-extremas-y-precipitaciones-2026x05x06.pdf
2026-05-06,074,PONTÓN ABAJO (EMA),LA VEGA,MINISTERIO DE AGRICULTURA,EMAP,35.9,22.3,0.0,https://indomet.gob.do/wp-content/uploads/2026/05/temperaturas-extremas-y-precipitaciones-2026x05x06.pdf
2026-05-06,075,PRESA DE TAVERAS (EMA),LA VEGA,PROGRAMA MUNDIAL DE ALIMENTO,EMAP,31.6,20.0,0.0,https://indomet.gob.do/wp-content/uploads/2026/05/temperaturas-extremas-y-precipitaciones-2026x05x06.pdf
2026-05-06,076,PROLONGACION 27 DE FEBRERO,DISTRITO NACIONAL,PRIVADA,EMAP,,,0.0,https://indomet.gob.do/wp-content/uploads/2026/05/temperaturas-extremas-y-precipitaciones-2026x05x06.pdf
2026-05-06,077,RANCHO ARRIBA,SAN JOSÉ DE OCOA,CENTRO TECNOLÓGICO COMUNITARIO,EMCI,29.9,16.0,0.0,https://indomet.gob.do/wp-content/uploads/2026/05/temperaturas-extremas-y-precipitaciones-2026x05x06.pdf
2026-05-06,078,RESTAURACIÓN,DAJABÓN,MINISTERIO DE AGRICULTURA,EMCI,32.9,18.0,0.0,https://indomet.gob.do/wp-content/uploads/2026/05/temperaturas-extremas-y-precipitaciones-2026x05x06.pdf
2026-05-06,079,RÍO SAN JUAN,MARÍA TRINIDAD SÁNCHEZ,HOSP. MPAL. DR. DESIDERIO ACOSTA,EMCV,34.7,23.0,0.0,https://indomet.gob.do/wp-content/uploads/2026/05/temperaturas-extremas-y-precipitaciones-2026x05x06.pdf
2026-05-06,080,SABANA DE LA MAR,HATO MAYOR,INDOMET,EMCI,33.0,22.0,0.0,https://indomet.gob.do/wp-content/uploads/2026/05/temperaturas-extremas-y-precipitaciones-2026x05x06.pdf
2026-05-06,081,SABANA GRANDE DE BOYÁ,MONTE PLATA,MINISTERIO DE AGRICULTURA,EMCV,,,0.0,https://indomet.gob.do/wp-content/uploads/2026/05/temperaturas-extremas-y-precipitaciones-2026x05x06.pdf
2026-05-06,082,SABANETA (EMA),SANTIAGO RODRÍGUEZ,PROGRAMA MUNDIAL DE ALIMENTO,EMAP,37.3,23.4,0.0,https://indomet.gob.do/wp-content/uploads/2026/05/temperaturas-extremas-y-precipitaciones-2026x05x06.pdf
2026-05-06,083,SALCEDO,HERMANAS MIRABAL,PROPIEDAD DEL EMPLEADO,EMCI,,,0.0,https://indomet.gob.do/wp-content/uploads/2026/05/temperaturas-extremas-y-precipitaciones-2026x05x06.pdf
2026-05-06,084,SAMANÁ,SAMANÁ,COMANDANCIA DE PUERTO DE SAMANÁ,EMCI,33.5,19.9,0.0,https://indomet.gob.do/wp-content/uploads/2026/05/temperaturas-extremas-y-precipitaciones-2026x05x06.pdf
2026-05-06,085,SAN CRISTÓBAL,SAN CRISTÓBAL,INSTITUTO POLITÉCNICO LOYOLA,EMCI,31.2,20.2,0.0,https://indomet.gob.do/wp-content/uploads/2026/05/temperaturas-extremas-y-precipitaciones-2026x05x06.pdf
2026-05-06,086,SAN JOSÉ DE OCOA,SAN JOSÉ DE OCOA,HOSP. SAN JOSÉ DE OCOA,EMCI,31.4,18.4,0.0,https://indomet.gob.do/wp-content/uploads/2026/05/temperaturas-extremas-y-precipitaciones-2026x05x06.pdf
2026-05-06,087,SAN RAFAEL DEL YUMA,LA ALTAGRACIA,MINISTERIO DE AGRICULTURA,EMCI,33.6,23.5,0.0,https://indomet.gob.do/wp-content/uploads/2026/05/temperaturas-extremas-y-precipitaciones-2026x05x06.pdf
2026-05-06,088,SÁNCHEZ,SAMANÁ,MINISTERIO DE AGRICULTURA,EMCI,33.3,21.2,0.0,https://indomet.gob.do/wp-content/uploads/2026/05/temperaturas-extremas-y-precipitaciones-2026x05x06.pdf
2026-05-06,089,SANTIAGO (CENTRO),SANTIAGO,HUACALITO,EMCI,,,0.0,https://indomet.gob.do/wp-content/uploads/2026/05/temperaturas-extremas-y-precipitaciones-2026x05x06.pdf
2026-05-06,090,SANTIAGO RODRÍGUEZ,SANTIAGO RODRÍGUEZ,INDOMET,EMCI,36.8,23.4,0.0,https://indomet.gob.do/wp-content/uploads/2026/05/temperaturas-extremas-y-precipitaciones-2026x05x06.pdf
2026-05-06,091,SANTO DOMINGO ESTE,SANTO DOMINGO,INDOMET,EMCI,31.6,22.5,0.0,https://indomet.gob.do/wp-content/uploads/2026/05/temperaturas-extremas-y-precipitaciones-2026x05x06.pdf
2026-05-06,092,TÁBARA ABAJO,AZUA,INDRHI,EMCI,31.5,19.2,0.0,https://indomet.gob.do/wp-content/uploads/2026/05/temperaturas-extremas-y-precipitaciones-2026x05x06.pdf
2026-05-06,093,TAMBORIL,SANTIAGO,MINISTERIO DE AGRICULTURA,EMCV,,,0.0,https://indomet.gob.do/wp-content/uploads/2026/05/temperaturas-extremas-y-precipitaciones-2026x05x06.pdf
2026-05-06,094,TAVERA,SANTIAGO,INDRHI,EMCI,,,0.0,https://indomet.gob.do/wp-content/uploads/2026/05/temperaturas-extremas-y-precipitaciones-2026x05x06.pdf
2026-05-06,095,VILLA ALTAGRACIA,SAN CRISTÓBAL,ESCUELA JAVIER ANGULO GURIDI,EMCI,,,0.0,https://indomet.gob.do/wp-content/uploads/2026/05/temperaturas-extremas-y-precipitaciones-2026x05x06.pdf
2026-05-06,096,VILLA GONZALES,SANTIAGO,MINISTERIO DE AGRICULTURA,EMCI,,,0.0,https://indomet.gob.do/wp-content/uploads/2026/05/temperaturas-extremas-y-precipitaciones-2026x05x06.pdf
2026-05-06,097,VILLA ISABELA,PUERTO PLATA,MINISTERIO DE AGRICULTURA,EMCV,33.0,19.8,0.0,https://indomet.gob.do/wp-content/uploads/2026/05/temperaturas-extremas-y-precipitaciones-2026x05x06.pdf
2026-05-07,001,CONSTANZA,LA VEGA,MINISTERIO DE AGRICULTURA,EMCI,29.1,14.4,3.9,https://indomet.gob.do/wp-content/uploads/2026/05/temperaturas-extremas-y-precipitaciones-2026x05x07-1.pdf
2026-05-07,002,CONSTANZA (EMA),LA VEGA,PROGRAMA MUNDIAL DE ALIMENTO,EMAP,24.7,15.4,2.8,https://indomet.gob.do/wp-content/uploads/2026/05/temperaturas-extremas-y-precipitaciones-2026x05x07-1.pdf
2026-05-07,003,SÁNCHEZ,SAMANÁ,MINISTERIO DE AGRICULTURA,EMCI,34.4,20.2,1.6,https://indomet.gob.do/wp-content/uploads/2026/05/temperaturas-extremas-y-precipitaciones-2026x05x07-1.pdf
2026-05-07,004,ENRIQUILLO,BARAHONA,MINISTERIO DE AGRICULTURA,EMCV,33.0,23.0,0.8,https://indomet.gob.do/wp-content/uploads/2026/05/temperaturas-extremas-y-precipitaciones-2026x05x07-1.pdf
2026-05-07,005,HATO MAYOR,HATO MAYOR,MINISTERIO DE AGRICULTURA,EMCV,,,0.5,https://indomet.gob.do/wp-content/uploads/2026/05/temperaturas-extremas-y-precipitaciones-2026x05x07-1.pdf
2026-05-07,006,BAYAGUANA,MONTE PLATA,INDOMET,EMCI,32.5,21.1,0.1,https://indomet.gob.do/wp-content/uploads/2026/05/temperaturas-extremas-y-precipitaciones-2026x05x07-1.pdf
2026-05-07,007,CABRAL,BARAHONA,MINISTERIO DE AGRICULTURA,EMCV,33.4,23.3,0.1,https://indomet.gob.do/wp-content/uploads/2026/05/temperaturas-extremas-y-precipitaciones-2026x05x07-1.pdf
2026-05-07,008,POLO,BARAHONA,INDOCAFE,EMCI,29.6,14.2,0.1,https://indomet.gob.do/wp-content/uploads/2026/05/temperaturas-extremas-y-precipitaciones-2026x05x07-1.pdf
2026-05-07,009,ALTAMIRA,PUERTO PLATA,HOSP. MPAL. DE ALTAMIRA,EMCI,35.0,20.0,0.0,https://indomet.gob.do/wp-content/uploads/2026/05/temperaturas-extremas-y-precipitaciones-2026x05x07-1.pdf
2026-05-07,010,ARPT. ARROYO BARRIL,SAMANÁ,INDOMET,EMCI,32.0,22.6,0.0,https://indomet.gob.do/wp-content/uploads/2026/05/temperaturas-extremas-y-precipitaciones-2026x05x07-1.pdf
2026-05-07,011,ARPT. DE LA ROMANA,LA ROMANA,INDOMET,EMCI,31.8,21.3,0.0,https://indomet.gob.do/wp-content/uploads/2026/05/temperaturas-extremas-y-precipitaciones-2026x05x07-1.pdf
2026-05-07,012,ARPT. DE LAS AMÉRICAS,SANTO DOMINGO,INDOMET,EMCI,31.4,22.4,0.0,https://indomet.gob.do/wp-content/uploads/2026/05/temperaturas-extremas-y-precipitaciones-2026x05x07-1.pdf
2026-05-07,013,ARPT. DE PUNTA CANA,LA ALTAGRACIA,INDOMET,EMCI,31.0,23.2,0.0,https://indomet.gob.do/wp-content/uploads/2026/05/temperaturas-extremas-y-precipitaciones-2026x05x07-1.pdf
2026-05-07,014,ARPT. DEL CIBAO,SANTIAGO,INDOMET,EMCI,35.0,21.2,0.0,https://indomet.gob.do/wp-content/uploads/2026/05/temperaturas-extremas-y-precipitaciones-2026x05x07-1.pdf
2026-05-07,015,ARPT. EL CATEY,SAMANÁ,INDOMET,EMCI,31.4,19.0,0.0,https://indomet.gob.do/wp-content/uploads/2026/05/temperaturas-extremas-y-precipitaciones-2026x05x07-1.pdf
2026-05-07,016,ARPT. GREGORIO LUPERÓN,PUERTO PLATA,INDOMET,EMCI,32.3,23.0,0.0,https://indomet.gob.do/wp-content/uploads/2026/05/temperaturas-extremas-y-precipitaciones-2026x05x07-1.pdf
2026-05-07,017,ARPT. LA ISABELA,SANTO DOMINGO,INDOMET,EMCI,33.5,21.5,0.0,https://indomet.gob.do/wp-content/uploads/2026/05/temperaturas-extremas-y-precipitaciones-2026x05x07-1.pdf
2026-05-07,018,ARPT. MARÍA MONTEZ,BARAHONA,INDOMET,EMCI,31.4,22.5,0.0,https://indomet.gob.do/wp-content/uploads/2026/05/temperaturas-extremas-y-precipitaciones-2026x05x07-1.pdf
2026-05-07,019,ARROYO LORO,SAN JUAN,IDIAF,EMCI,33.0,20.1,0.0,https://indomet.gob.do/wp-content/uploads/2026/05/temperaturas-extremas-y-precipitaciones-2026x05x07-1.pdf
2026-05-07,020,BOCA DE MAO (EMA),VALVERDE,MINISTERIO DE AGRICULTURA,EMAP,32.7,22.3,0.0,https://indomet.gob.do/wp-content/uploads/2026/05/temperaturas-extremas-y-precipitaciones-2026x05x07-1.pdf
2026-05-07,021,CABRERA,MARÍA TRINIDAD SÁNCHEZ,ESCUELA ARÍSTIDES FIALLO CABRAL,EMCI,33.0,25.5,0.0,https://indomet.gob.do/wp-content/uploads/2026/05/temperaturas-extremas-y-precipitaciones-2026x05x07-1.pdf
2026-05-07,022,ENSANCHE LA FE (EMA),DISTRITO NACIONAL,PRIVADA,EMAP,,,0.0,https://indomet.gob.do/wp-content/uploads/2026/05/temperaturas-extremas-y-precipitaciones-2026x05x07-1.pdf
2026-05-07,023,GASPAR HERNÁNDEZ,ESPAILLAT,PROPIEDAD DEL EMPLEADO,EMCI,,,0.0,https://indomet.gob.do/wp-content/uploads/2026/05/temperaturas-extremas-y-precipitaciones-2026x05x07-1.pdf
2026-05-07,024,GURABO,SANTIAGO,MINISTERIO DE AGRICULTURA,EMCV,,,0.0,https://indomet.gob.do/wp-content/uploads/2026/05/temperaturas-extremas-y-precipitaciones-2026x05x07-1.pdf
2026-05-07,025,HONDO VALLE,ELÍAS PIÑA,MINISTERIO DE AGRICULTURA,EMCI,27.4,16.8,0.0,https://indomet.gob.do/wp-content/uploads/2026/05/temperaturas-extremas-y-precipitaciones-2026x05x07-1.pdf
2026-05-07,026,JANICO (EMA),LA VEGA,PLAN SIERRA,EMAI,,,0.0,https://indomet.gob.do/wp-content/uploads/2026/05/temperaturas-extremas-y-precipitaciones-2026x05x07-1.pdf
2026-05-07,027,JARABACOA,LA VEGA,INDRHI / MARENA,EMCI,32.8,16.0,0.0,https://indomet.gob.do/wp-content/uploads/2026/05/temperaturas-extremas-y-precipitaciones-2026x05x07-1.pdf
2026-05-07,028,JARDÍN BOTÁNICO NACIONAL,DISTRITO NACIONAL,JARDÍN BOTÁNICO NACIONAL,EMCV,32.7,19.5,0.0,https://indomet.gob.do/wp-content/uploads/2026/05/temperaturas-extremas-y-precipitaciones-2026x05x07-1.pdf
2026-05-07,029,JIMANÍ,INDEPENDENCIA,MINISTERIO DE AGRICULTURA,EMCI,34.8,22.6,0.0,https://indomet.gob.do/wp-content/uploads/2026/05/temperaturas-extremas-y-precipitaciones-2026x05x07-1.pdf
2026-05-07,030,LA AGUSTINA (EMA),DISTRITO NACIONAL,PRIVADA,EMAP,,,0.0,https://indomet.gob.do/wp-content/uploads/2026/05/temperaturas-extremas-y-precipitaciones-2026x05x07-1.pdf
2026-05-07,031,LA VEGA,LA VEGA,IATESA,EMCI,34.0,22.0,0.0,https://indomet.gob.do/wp-content/uploads/2026/05/temperaturas-extremas-y-precipitaciones-2026x05x07-1.pdf
2026-05-07,032,MAO,VALVERDE,INDRHI / MINISTERIO DE AGRICULTURA,EMCV,,,0.0,https://indomet.gob.do/wp-content/uploads/2026/05/temperaturas-extremas-y-precipitaciones-2026x05x07-1.pdf
2026-05-07,033,MONCIÓN (EMA),SANTIAGO RODRÍGUEZ,PROGRAMA MUNDIAL DE ALIMENTO,EMAP,30.3,22.8,0.0,https://indomet.gob.do/wp-content/uploads/2026/05/temperaturas-extremas-y-precipitaciones-2026x05x07-1.pdf
2026-05-07,034,MONTE CRISTI,MONTE CRISTI,INDOMET,EMCI,33.4,24.0,0.0,https://indomet.gob.do/wp-content/uploads/2026/05/temperaturas-extremas-y-precipitaciones-2026x05x07-1.pdf
2026-05-07,035,LOS COCOS (EMA),BAHORUCO,PRIVADA,EMAP,,,0.0,https://indomet.gob.do/wp-content/uploads/2026/05/temperaturas-extremas-y-precipitaciones-2026x05x07-1.pdf
2026-05-07,036,PADRE LAS CASAS,AZUA,HOSP. NTRA. SRA. DEL CARMEN,EMCI,32.0,19.5,0.0,https://indomet.gob.do/wp-content/uploads/2026/05/temperaturas-extremas-y-precipitaciones-2026x05x07-1.pdf
2026-05-07,037,PALO ÍNDIO,PUERTO PLATA,MINISTERIO DE AGRICULTURA,EMCI,,,0.0,https://indomet.gob.do/wp-content/uploads/2026/05/temperaturas-extremas-y-precipitaciones-2026x05x07-1.pdf
2026-05-07,038,PEDERNALES,PEDERNALES,INDRHI,EMCI,,,0.0,https://indomet.gob.do/wp-content/uploads/2026/05/temperaturas-extremas-y-precipitaciones-2026x05x07-1.pdf
2026-05-07,039,PERALTA,AZUA,HOSP. MPAL. DE PERALTA,EMCI,31.5,16.0,0.0,https://indomet.gob.do/wp-content/uploads/2026/05/temperaturas-extremas-y-precipitaciones-2026x05x07-1.pdf
2026-05-07,040,PESCADERIA (EMA),BARAHONA,MINISTERIO DE AGRICULTURA,EMAP,,,0.0,https://indomet.gob.do/wp-content/uploads/2026/05/temperaturas-extremas-y-precipitaciones-2026x05x07-1.pdf
2026-05-07,041,PROLONGACION 27 DE FEBRERO,DISTRITO NACIONAL,PRIVADA,EMAP,,,0.0,https://indomet.gob.do/wp-content/uploads/2026/05/temperaturas-extremas-y-precipitaciones-2026x05x07-1.pdf
2026-05-07,042,RESTAURACIÓN,DAJABÓN,MINISTERIO DE AGRICULTURA,EMCI,33.1,18.6,0.0,https://indomet.gob.do/wp-content/uploads/2026/05/temperaturas-extremas-y-precipitaciones-2026x05x07-1.pdf
2026-05-07,043,RÍO SAN JUAN,MARÍA TRINIDAD SÁNCHEZ,HOSP. MPAL. DR. DESIDERIO ACOSTA,EMCV,33.6,23.9,0.0,https://indomet.gob.do/wp-content/uploads/2026/05/temperaturas-extremas-y-precipitaciones-2026x05x07-1.pdf
2026-05-07,044,SABANA DE LA MAR,HATO MAYOR,INDOMET,EMCI,32.0,22.2,0.0,https://indomet.gob.do/wp-content/uploads/2026/05/temperaturas-extremas-y-precipitaciones-2026x05x07-1.pdf
2026-05-07,045,SABANETA (EMA),SANTIAGO RODRÍGUEZ,PROGRAMA MUNDIAL DE ALIMENTO,EMAP,30.2,19.7,0.0,https://indomet.gob.do/wp-content/uploads/2026/05/temperaturas-extremas-y-precipitaciones-2026x05x07-1.pdf
2026-05-07,046,SAJOMA (EMA),SANTIAGO,PLAN SIERRA,EMAI,,,0.0,https://indomet.gob.do/wp-content/uploads/2026/05/temperaturas-extremas-y-precipitaciones-2026x05x07-1.pdf
2026-05-07,047,SALCEDO,HERMANAS MIRABAL,PROPIEDAD DEL EMPLEADO,EMCI,,,0.0,https://indomet.gob.do/wp-content/uploads/2026/05/temperaturas-extremas-y-precipitaciones-2026x05x07-1.pdf
2026-05-07,048,SAMANÁ,SAMANÁ,COMANDANCIA DE PUERTO DE SAMANÁ,EMCI,33.2,19.4,0.0,https://indomet.gob.do/wp-content/uploads/2026/05/temperaturas-extremas-y-precipitaciones-2026x05x07-1.pdf
2026-05-07,049,SAN CRISTÓBAL,SAN CRISTÓBAL,INSTITUTO POLITÉCNICO LOYOLA,EMCI,31.2,21.0,0.0,https://indomet.gob.do/wp-content/uploads/2026/05/temperaturas-extremas-y-precipitaciones-2026x05x07-1.pdf
2026-05-07,050,SAN RAFAEL DEL YUMA,LA ALTAGRACIA,MINISTERIO DE AGRICULTURA,EMCI,34.0,22.8,0.0,https://indomet.gob.do/wp-content/uploads/2026/05/temperaturas-extremas-y-precipitaciones-2026x05x07-1.pdf
2026-05-07,051,SANTIAGO RODRÍGUEZ,SANTIAGO RODRÍGUEZ,INDOMET,EMCI,37.0,24.5,0.0,https://indomet.gob.do/wp-content/uploads/2026/05/temperaturas-extremas-y-precipitaciones-2026x05x07-1.pdf
2026-05-07,052,SANTO DOMINGO ESTE,SANTO DOMINGO,INDOMET,EMCI,32.0,24.2,0.0,https://indomet.gob.do/wp-content/uploads/2026/05/temperaturas-extremas-y-precipitaciones-2026x05x07-1.pdf
2026-05-07,053,TÁBARA ABAJO,AZUA,INDRHI,EMCI,32.0,22.1,0.0,https://indomet.gob.do/wp-content/uploads/2026/05/temperaturas-extremas-y-precipitaciones-2026x05x07-1.pdf
2026-05-07,054,VILLA ALTAGRACIA,SAN CRISTÓBAL,ESCUELA JAVIER ANGULO GURIDI,EMCI,,,0.0,https://indomet.gob.do/wp-content/uploads/2026/05/temperaturas-extremas-y-precipitaciones-2026x05x07-1.pdf
2026-05-07,055,VILLA ISABELA,PUERTO PLATA,MINISTERIO DE AGRICULTURA,EMCV,32.5,21.0,0.0,https://indomet.gob.do/wp-content/uploads/2026/05/temperaturas-extremas-y-precipitaciones-2026x05x07-1.pdf
2026-05-07,056,VILLA RIVA,DUARTE,HOSP. MPAL. ALICIA DE LEGENDRE,EMCI,33.2,21.7,0.0,https://indomet.gob.do/wp-content/uploads/2026/05/temperaturas-extremas-y-precipitaciones-2026x05x07-1.pdf
2026-05-07,057,ALTO BANDERA (EMA),LA VEGA,INTEC,EMAP,14.6,8.5,0.0,https://indomet.gob.do/wp-content/uploads/2026/05/temperaturas-extremas-y-precipitaciones-2026x05x07-1.pdf
2026-05-07,058,ANAMUYA (EMA),LA ALTAGRACIA,MINISTERIO DE AGRICULTURA,EMAP,31.1,22.6,0.0,https://indomet.gob.do/wp-content/uploads/2026/05/temperaturas-extremas-y-precipitaciones-2026x05x07-1.pdf
2026-05-07,059,BANI (EMA),PERAVIA,MINISTERIO DE AGRICULTURA,EMAP,28.6,23.8,0.0,https://indomet.gob.do/wp-content/uploads/2026/05/temperaturas-extremas-y-precipitaciones-2026x05x07-1.pdf
2026-05-07,060,BELLA VISTA (EMA),DISTRITO NACIONAL,PRIVADA,EMAP,,,0.0,https://indomet.gob.do/wp-content/uploads/2026/05/temperaturas-extremas-y-precipitaciones-2026x05x07-1.pdf
2026-05-07,061,BUCARA (EMA),SANTIAGO,MINISTERIO DE AGRICULTURA,EMAI,,,0.0,https://indomet.gob.do/wp-content/uploads/2026/05/temperaturas-extremas-y-precipitaciones-2026x05x07-1.pdf
2026-05-07,062,CENTRO DE LOS HEROES (EMA),DISTRITO NACIONAL,MINISTERIO DE ENERGIA Y MINA,EMAP,30.1,25.1,0.0,https://indomet.gob.do/wp-content/uploads/2026/05/temperaturas-extremas-y-precipitaciones-2026x05x07-1.pdf
2026-05-07,063,EL FACTOR (EMA),MARÍA TRINIDAD SÁNCHEZ,INTEC,EMAP,31.3,22.1,0.0,https://indomet.gob.do/wp-content/uploads/2026/05/temperaturas-extremas-y-precipitaciones-2026x05x07-1.pdf
2026-05-07,064,JARABACOA (EMA),LA VEGA,PROGRAMA MUNDIAL DE ALIMENTO,EMAP,28.6,17.9,0.0,https://indomet.gob.do/wp-content/uploads/2026/05/temperaturas-extremas-y-precipitaciones-2026x05x07-1.pdf
2026-05-07,065,COTUÍ,SÁNCHEZ RAMÍREZ,HOSP. INMACULADA CONCEPCIÓN,EMCV,,,0.0,https://indomet.gob.do/wp-content/uploads/2026/05/temperaturas-extremas-y-precipitaciones-2026x05x07-1.pdf
2026-05-07,066,LAS CANAS (EMA),MONTE CRISTI,PROGRAMA MUNDIAL DE ALIMENTO,EMAP,30.1,21.9,0.0,https://indomet.gob.do/wp-content/uploads/2026/05/temperaturas-extremas-y-precipitaciones-2026x05x07-1.pdf
2026-05-07,067,LOS JENGIBRES,NAGUA,INDRHI,EMCI,,,0.0,https://indomet.gob.do/wp-content/uploads/2026/05/temperaturas-extremas-y-precipitaciones-2026x05x07-1.pdf
2026-05-07,068,PONTÓN ABAJO (EMA),LA VEGA,MINISTERIO DE AGRICULTURA,EMAP,31.6,21.7,0.0,https://indomet.gob.do/wp-content/uploads/2026/05/temperaturas-extremas-y-precipitaciones-2026x05x07-1.pdf
2026-05-07,069,TAVERA,SANTIAGO,INDRHI,EMCI,,,0.0,https://indomet.gob.do/wp-content/uploads/2026/05/temperaturas-extremas-y-precipitaciones-2026x05x07-1.pdf
2026-05-08,001,VILLA ALTAGRACIA,SAN CRISTÓBAL,ESCUELA JAVIER ANGULO GURIDI,EMCI,,,12.4,https://indomet.gob.do/wp-content/uploads/2026/05/Temperaturas-extremas-y-precipitaciones-08-de-Mayo-2026.pdf
2026-05-08,002,SÁNCHEZ,SAMANÁ,MINISTERIO DE AGRICULTURA,EMCI,33.2,20.3,8.2,https://indomet.gob.do/wp-content/uploads/2026/05/Temperaturas-extremas-y-precipitaciones-08-de-Mayo-2026.pdf
2026-05-08,003,OVIEDO,PEDERNALES,CLÍNICA RURAL OVIEDO,EMCI,31.5,24.5,6.4,https://indomet.gob.do/wp-content/uploads/2026/05/Temperaturas-extremas-y-precipitaciones-08-de-Mayo-2026.pdf
2026-05-08,004,LOS COCOS (EMA),BAHORUCO,PRIVADA,EMAP,,,5.7,https://indomet.gob.do/wp-content/uploads/2026/05/Temperaturas-extremas-y-precipitaciones-08-de-Mayo-2026.pdf
2026-05-08,005,HATO MAYOR,HATO MAYOR,MINISTERIO DE AGRICULTURA,EMCV,,,4.3,https://indomet.gob.do/wp-content/uploads/2026/05/Temperaturas-extremas-y-precipitaciones-08-de-Mayo-2026.pdf
2026-05-08,006,BAYAGUANA,MONTE PLATA,INDOMET,EMCI,33.6,21.4,3.8,https://indomet.gob.do/wp-content/uploads/2026/05/Temperaturas-extremas-y-precipitaciones-08-de-Mayo-2026.pdf
2026-05-08,007,POLO,BARAHONA,INDOCAFE,EMCI,29.0,17.0,3.0,https://indomet.gob.do/wp-content/uploads/2026/05/Temperaturas-extremas-y-precipitaciones-08-de-Mayo-2026.pdf
2026-05-08,008,CABRERA,MARÍA TRINIDAD SÁNCHEZ,ESCUELA ARÍSTIDES FIALLO CABRAL,EMCI,33.0,22.5,1.8,https://indomet.gob.do/wp-content/uploads/2026/05/Temperaturas-extremas-y-precipitaciones-08-de-Mayo-2026.pdf
2026-05-08,009,ENRIQUILLO,BARAHONA,MINISTERIO DE AGRICULTURA,EMCV,32.7,23.5,0.8,https://indomet.gob.do/wp-content/uploads/2026/05/Temperaturas-extremas-y-precipitaciones-08-de-Mayo-2026.pdf
2026-05-08,010,ARPT. DE PUNTA CANA,LA ALTAGRACIA,INDOMET,EMCI,31.2,24.0,0.2,https://indomet.gob.do/wp-content/uploads/2026/05/Temperaturas-extremas-y-precipitaciones-08-de-Mayo-2026.pdf
2026-05-08,011,ARPT. MARÍA MONTEZ,BARAHONA,INDOMET,EMCI,31.8,25.2,0.2,https://indomet.gob.do/wp-content/uploads/2026/05/Temperaturas-extremas-y-precipitaciones-08-de-Mayo-2026.pdf
2026-05-08,012,PERALTA,AZUA,HOSP. MPAL. DE PERALTA,EMCI,32.2,18.7,0.1,https://indomet.gob.do/wp-content/uploads/2026/05/Temperaturas-extremas-y-precipitaciones-08-de-Mayo-2026.pdf
2026-05-08,013,ALTAMIRA,PUERTO PLATA,HOSP. MPAL. DE ALTAMIRA,EMCI,34.1,19.4,0.0,https://indomet.gob.do/wp-content/uploads/2026/05/Temperaturas-extremas-y-precipitaciones-08-de-Mayo-2026.pdf
2026-05-08,014,ALTO BANDERA (EMA),LA VEGA,INTEC,EMAP,18.7,6.8,0.0,https://indomet.gob.do/wp-content/uploads/2026/05/Temperaturas-extremas-y-precipitaciones-08-de-Mayo-2026.pdf
2026-05-08,015,ANAMUYA (EMA),LA ALTAGRACIA,MINISTERIO DE AGRICULTURA,EMAP,32.8,23.5,0.0,https://indomet.gob.do/wp-content/uploads/2026/05/Temperaturas-extremas-y-precipitaciones-08-de-Mayo-2026.pdf
2026-05-08,016,ARPT. ARROYO BARRIL,SAMANÁ,INDOMET,EMCI,31.4,23.5,0.0,https://indomet.gob.do/wp-content/uploads/2026/05/Temperaturas-extremas-y-precipitaciones-08-de-Mayo-2026.pdf
2026-05-08,017,ARPT. DE LA ROMANA,LA ROMANA,INDOMET,EMCI,33.0,21.6,0.0,https://indomet.gob.do/wp-content/uploads/2026/05/Temperaturas-extremas-y-precipitaciones-08-de-Mayo-2026.pdf
2026-05-08,018,ARPT. DE LAS AMÉRICAS,SANTO DOMINGO,INDOMET,EMCI,31.6,22.2,0.0,https://indomet.gob.do/wp-content/uploads/2026/05/Temperaturas-extremas-y-precipitaciones-08-de-Mayo-2026.pdf
2026-05-08,019,ARPT. DEL CIBAO,SANTIAGO,INDOMET,EMCI,34.8,22.1,0.0,https://indomet.gob.do/wp-content/uploads/2026/05/Temperaturas-extremas-y-precipitaciones-08-de-Mayo-2026.pdf
2026-05-08,020,ARPT. EL CATEY,SAMANÁ,INDOMET,EMCI,32.4,22.0,0.0,https://indomet.gob.do/wp-content/uploads/2026/05/Temperaturas-extremas-y-precipitaciones-08-de-Mayo-2026.pdf
2026-05-08,021,ARPT. GREGORIO LUPERÓN,PUERTO PLATA,INDOMET,EMCI,32.2,23.2,0.0,https://indomet.gob.do/wp-content/uploads/2026/05/Temperaturas-extremas-y-precipitaciones-08-de-Mayo-2026.pdf
2026-05-08,022,ARPT. LA ISABELA,SANTO DOMINGO,INDOMET,EMCI,33.0,22.5,0.0,https://indomet.gob.do/wp-content/uploads/2026/05/Temperaturas-extremas-y-precipitaciones-08-de-Mayo-2026.pdf
2026-05-08,023,ARROYO LORO,SAN JUAN,IDIAF,EMCI,33.4,21.7,0.0,https://indomet.gob.do/wp-content/uploads/2026/05/Temperaturas-extremas-y-precipitaciones-08-de-Mayo-2026.pdf
2026-05-08,024,BANI (EMA),PERAVIA,MINISTERIO DE AGRICULTURA,EMAP,31.8,24.9,0.0,https://indomet.gob.do/wp-content/uploads/2026/05/Temperaturas-extremas-y-precipitaciones-08-de-Mayo-2026.pdf
2026-05-08,025,BASE AÉREA DE SAN ISIDRO,SANTO DOMINGO,FUERZA AÉREA DOMINICANA,EMCV,32.0,,0.0,https://indomet.gob.do/wp-content/uploads/2026/05/Temperaturas-extremas-y-precipitaciones-08-de-Mayo-2026.pdf
2026-05-08,026,BELLA VISTA (EMA),DISTRITO NACIONAL,PRIVADA,EMAP,,,0.0,https://indomet.gob.do/wp-content/uploads/2026/05/Temperaturas-extremas-y-precipitaciones-08-de-Mayo-2026.pdf
2026-05-08,027,BOCA DE MAO (EMA),VALVERDE,MINISTERIO DE AGRICULTURA,EMAP,36.6,23.2,0.0,https://indomet.gob.do/wp-content/uploads/2026/05/Temperaturas-extremas-y-precipitaciones-08-de-Mayo-2026.pdf
2026-05-08,028,BONAO,MONSEÑOR NOUEL,MINISTERIO DE AGRICULTURA,EMCV,,,0.0,https://indomet.gob.do/wp-content/uploads/2026/05/Temperaturas-extremas-y-precipitaciones-08-de-Mayo-2026.pdf
2026-05-08,029,BUCARA (EMA),SANTIAGO,MINISTERIO DE AGRICULTURA,EMAI,,,0.0,https://indomet.gob.do/wp-content/uploads/2026/05/Temperaturas-extremas-y-precipitaciones-08-de-Mayo-2026.pdf
2026-05-08,030,CABRAL,BARAHONA,MINISTERIO DE AGRICULTURA,EMCV,33.2,24.7,0.0,https://indomet.gob.do/wp-content/uploads/2026/05/Temperaturas-extremas-y-precipitaciones-08-de-Mayo-2026.pdf
2026-05-08,031,CENTRO DE LOS HEROES (EMA),DISTRITO NACIONAL,MINISTERIO DE ENERGIA Y MINA,EMAP,31.1,25.1,0.0,https://indomet.gob.do/wp-content/uploads/2026/05/Temperaturas-extremas-y-precipitaciones-08-de-Mayo-2026.pdf
2026-05-08,032,CONSTANZA,LA VEGA,MINISTERIO DE AGRICULTURA,EMCI,28.7,11.3,0.0,https://indomet.gob.do/wp-content/uploads/2026/05/Temperaturas-extremas-y-precipitaciones-08-de-Mayo-2026.pdf
2026-05-08,033,CONSTANZA (EMA),LA VEGA,PROGRAMA MUNDIAL DE ALIMENTO,EMAP,27.2,12.8,0.0,https://indomet.gob.do/wp-content/uploads/2026/05/Temperaturas-extremas-y-precipitaciones-08-de-Mayo-2026.pdf
2026-05-08,034,DAJABÓN,DAJABÓN,INSTITUTO POLITÉCNICO LOYOLA,EMCI,33.6,19.1,0.0,https://indomet.gob.do/wp-content/uploads/2026/05/Temperaturas-extremas-y-precipitaciones-08-de-Mayo-2026.pdf
2026-05-08,035,EL FACTOR (EMA),MARÍA TRINIDAD SÁNCHEZ,INTEC,EMAP,33.2,22.1,0.0,https://indomet.gob.do/wp-content/uploads/2026/05/Temperaturas-extremas-y-precipitaciones-08-de-Mayo-2026.pdf
2026-05-08,036,EL MILLON (EMA),DISTRITO NACIONAL,PRIVADA,EMAP,,,0.0,https://indomet.gob.do/wp-content/uploads/2026/05/Temperaturas-extremas-y-precipitaciones-08-de-Mayo-2026.pdf
2026-05-08,037,ELÍAS PIÑA,ELÍAS PIÑA,MINISTERIO DE AGRICULTURA,EMCV,,,0.0,https://indomet.gob.do/wp-content/uploads/2026/05/Temperaturas-extremas-y-precipitaciones-08-de-Mayo-2026.pdf
2026-05-08,038,ENSANCHE LA FE (EMA),DISTRITO NACIONAL,PRIVADA,EMAP,,,0.0,https://indomet.gob.do/wp-content/uploads/2026/05/Temperaturas-extremas-y-precipitaciones-08-de-Mayo-2026.pdf
2026-05-08,039,ESCONDIDO,PERAVIA,MINISTERIO DE AGRICULTURA,EMCV,31.0,24.0,0.0,https://indomet.gob.do/wp-content/uploads/2026/05/Temperaturas-extremas-y-precipitaciones-08-de-Mayo-2026.pdf
2026-05-08,040,GASPAR HERNÁNDEZ,ESPAILLAT,PROPIEDAD DEL EMPLEADO,EMCI,,,0.0,https://indomet.gob.do/wp-content/uploads/2026/05/Temperaturas-extremas-y-precipitaciones-08-de-Mayo-2026.pdf
2026-05-08,041,GURABO,SANTIAGO,MINISTERIO DE AGRICULTURA,EMCV,,,0.0,https://indomet.gob.do/wp-content/uploads/2026/05/Temperaturas-extremas-y-precipitaciones-08-de-Mayo-2026.pdf
2026-05-08,042,HONDO VALLE,ELÍAS PIÑA,MINISTERIO DE AGRICULTURA,EMCI,27.7,17.4,0.0,https://indomet.gob.do/wp-content/uploads/2026/05/Temperaturas-extremas-y-precipitaciones-08-de-Mayo-2026.pdf
2026-05-08,043,JARABACOA,LA VEGA,INDRHI / MARENA,EMCI,32.6,14.8,0.0,https://indomet.gob.do/wp-content/uploads/2026/05/Temperaturas-extremas-y-precipitaciones-08-de-Mayo-2026.pdf
2026-05-08,044,JARABACOA (EMA),LA VEGA,PROGRAMA MUNDIAL DE ALIMENTO,EMAP,30.8,17.1,0.0,https://indomet.gob.do/wp-content/uploads/2026/05/Temperaturas-extremas-y-precipitaciones-08-de-Mayo-2026.pdf
2026-05-08,045,JARDÍN BOTÁNICO SANTIAGO (EMSANTIAGO,,JARDIN BOTANICO SANTIAGO,EMAI,33.6,22.6,0.0,https://indomet.gob.do/wp-content/uploads/2026/05/Temperaturas-extremas-y-precipitaciones-08-de-Mayo-2026.pdf
2026-05-08,046,JIMANÍ,INDEPENDENCIA,MINISTERIO DE AGRICULTURA,EMCI,35.0,24.0,0.0,https://indomet.gob.do/wp-content/uploads/2026/05/Temperaturas-extremas-y-precipitaciones-08-de-Mayo-2026.pdf
2026-05-08,047,JUMA BEJUCAL,MONSEÑOR NOUEL,IDIAF,EMCV,33.4,22.0,0.0,https://indomet.gob.do/wp-content/uploads/2026/05/Temperaturas-extremas-y-precipitaciones-08-de-Mayo-2026.pdf
2026-05-08,048,LA AGUSTINA (EMA),DISTRITO NACIONAL,PRIVADA,EMAP,,,0.0,https://indomet.gob.do/wp-content/uploads/2026/05/Temperaturas-extremas-y-precipitaciones-08-de-Mayo-2026.pdf
2026-05-08,049,LA VEGA,LA VEGA,IATESA,EMCI,33.5,22.5,0.0,https://indomet.gob.do/wp-content/uploads/2026/05/Temperaturas-extremas-y-precipitaciones-08-de-Mayo-2026.pdf
2026-05-08,050,LA VICTORIA,SANTO DOMINGO,CUERPO DE BOMBEROS,EMCI,33.5,22.2,0.0,https://indomet.gob.do/wp-content/uploads/2026/05/Temperaturas-extremas-y-precipitaciones-08-de-Mayo-2026.pdf
2026-05-08,051,LAS CANAS (EMA),MONTE CRISTI,PROGRAMA MUNDIAL DE ALIMENTO,EMAP,30.3,22.5,0.0,https://indomet.gob.do/wp-content/uploads/2026/05/Temperaturas-extremas-y-precipitaciones-08-de-Mayo-2026.pdf
2026-05-08,052,LOS CACICAZGOS (EMA),DISTRITO NACIONAL,PRIVADA,EMAP,,,0.0,https://indomet.gob.do/wp-content/uploads/2026/05/Temperaturas-extremas-y-precipitaciones-08-de-Mayo-2026.pdf
2026-05-08,053,LOS JARDINES (EMA),DISTRITO NACIONAL,PRIVADA,EMAP,,,0.0,https://indomet.gob.do/wp-content/uploads/2026/05/Temperaturas-extremas-y-precipitaciones-08-de-Mayo-2026.pdf
2026-05-08,054,LOS PRADOS (EMA),DISTRITO NACIONAL,PRIVADA,EMAP,,,0.0,https://indomet.gob.do/wp-content/uploads/2026/05/Temperaturas-extremas-y-precipitaciones-08-de-Mayo-2026.pdf
2026-05-08,055,LOS TRES CHARCOS (EMA),PEDERNALES,PROPIEDAD DEL VOLUNTARIO,EMAP,,,0.0,https://indomet.gob.do/wp-content/uploads/2026/05/Temperaturas-extremas-y-precipitaciones-08-de-Mayo-2026.pdf
2026-05-08,056,MAO,VALVERDE,INDRHI / MINISTERIO DE AGRICULTURA,EMCV,,,0.0,https://indomet.gob.do/wp-content/uploads/2026/05/Temperaturas-extremas-y-precipitaciones-08-de-Mayo-2026.pdf
2026-05-08,057,MONCIÓN (EMA),SANTIAGO RODRÍGUEZ,PROGRAMA MUNDIAL DE ALIMENTO,EMAP,32.8,18.6,0.0,https://indomet.gob.do/wp-content/uploads/2026/05/Temperaturas-extremas-y-precipitaciones-08-de-Mayo-2026.pdf
2026-05-08,058,MONTE CRISTI,MONTE CRISTI,INDOMET,EMCI,34.0,24.2,0.0,https://indomet.gob.do/wp-content/uploads/2026/05/Temperaturas-extremas-y-precipitaciones-08-de-Mayo-2026.pdf
2026-05-08,059,NAVARRETE,SANTIAGO,MINISTERIO DE AGRICULTURA,EMCV,,,0.0,https://indomet.gob.do/wp-content/uploads/2026/05/Temperaturas-extremas-y-precipitaciones-08-de-Mayo-2026.pdf
2026-05-08,060,OLIVARES,PEDERNALES,INDRHI,EMCI,,,0.0,https://indomet.gob.do/wp-content/uploads/2026/05/Temperaturas-extremas-y-precipitaciones-08-de-Mayo-2026.pdf
2026-05-08,061,PADRE LAS CASAS,AZUA,HOSP. NTRA. SRA. DEL CARMEN,EMCI,33.0,19.0,0.0,https://indomet.gob.do/wp-content/uploads/2026/05/Temperaturas-extremas-y-precipitaciones-08-de-Mayo-2026.pdf
2026-05-08,062,PALO ÍNDIO,PUERTO PLATA,MINISTERIO DE AGRICULTURA,EMCI,,,0.0,https://indomet.gob.do/wp-content/uploads/2026/05/Temperaturas-extremas-y-precipitaciones-08-de-Mayo-2026.pdf
2026-05-08,063,PEDERNALES,PEDERNALES,INDRHI,EMCI,,,0.0,https://indomet.gob.do/wp-content/uploads/2026/05/Temperaturas-extremas-y-precipitaciones-08-de-Mayo-2026.pdf
2026-05-08,064,PESCADERIA (EMA),BARAHONA,MINISTERIO DE AGRICULTURA,EMAP,,,0.0,https://indomet.gob.do/wp-content/uploads/2026/05/Temperaturas-extremas-y-precipitaciones-08-de-Mayo-2026.pdf
2026-05-08,065,PONTÓN ABAJO (EMA),LA VEGA,MINISTERIO DE AGRICULTURA,EMAP,36.7,23.4,0.0,https://indomet.gob.do/wp-content/uploads/2026/05/Temperaturas-extremas-y-precipitaciones-08-de-Mayo-2026.pdf
2026-05-08,066,PRESA DE TAVERAS (EMA),LA VEGA,PROGRAMA MUNDIAL DE ALIMENTO,EMAP,,,0.0,https://indomet.gob.do/wp-content/uploads/2026/05/Temperaturas-extremas-y-precipitaciones-08-de-Mayo-2026.pdf
2026-05-08,067,PROLONGACION 27 DE FEBRERO,DISTRITO NACIONAL,PRIVADA,EMAP,,,0.0,https://indomet.gob.do/wp-content/uploads/2026/05/Temperaturas-extremas-y-precipitaciones-08-de-Mayo-2026.pdf
2026-05-08,068,RANCHO ARRIBA,SAN JOSÉ DE OCOA,CENTRO TECNOLÓGICO COMUNITARIO,EMCI,31.1,16.8,0.0,https://indomet.gob.do/wp-content/uploads/2026/05/Temperaturas-extremas-y-precipitaciones-08-de-Mayo-2026.pdf
2026-05-08,069,RESTAURACIÓN,DAJABÓN,MINISTERIO DE AGRICULTURA,EMCI,32.8,18.3,0.0,https://indomet.gob.do/wp-content/uploads/2026/05/Temperaturas-extremas-y-precipitaciones-08-de-Mayo-2026.pdf
2026-05-08,070,RÍO SAN JUAN,MARÍA TRINIDAD SÁNCHEZ,HOSP. MPAL. DR. DESIDERIO ACOSTA,EMCV,33.9,22.6,0.0,https://indomet.gob.do/wp-content/uploads/2026/05/Temperaturas-extremas-y-precipitaciones-08-de-Mayo-2026.pdf
2026-05-08,071,SABANA DE LA MAR,HATO MAYOR,INDOMET,EMCI,32.2,21.2,0.0,https://indomet.gob.do/wp-content/uploads/2026/05/Temperaturas-extremas-y-precipitaciones-08-de-Mayo-2026.pdf
2026-05-08,072,SABANA GRANDE DE BOYÁ,MONTE PLATA,MINISTERIO DE AGRICULTURA,EMCV,,,0.0,https://indomet.gob.do/wp-content/uploads/2026/05/Temperaturas-extremas-y-precipitaciones-08-de-Mayo-2026.pdf
2026-05-08,073,SABANETA (EMA),SANTIAGO RODRÍGUEZ,PROGRAMA MUNDIAL DE ALIMENTO,EMAP,36.6,21.4,0.0,https://indomet.gob.do/wp-content/uploads/2026/05/Temperaturas-extremas-y-precipitaciones-08-de-Mayo-2026.pdf
2026-05-08,074,SAJOMA (EMA),SANTIAGO,PLAN SIERRA,EMAI,31.8,20.5,0.0,https://indomet.gob.do/wp-content/uploads/2026/05/Temperaturas-extremas-y-precipitaciones-08-de-Mayo-2026.pdf
2026-05-08,075,SALCEDO,HERMANAS MIRABAL,PROPIEDAD DEL EMPLEADO,EMCI,,,0.0,https://indomet.gob.do/wp-content/uploads/2026/05/Temperaturas-extremas-y-precipitaciones-08-de-Mayo-2026.pdf
2026-05-08,076,SAMANÁ,SAMANÁ,COMANDANCIA DE PUERTO DE SAMANÁ,EMCI,32.7,19.3,0.0,https://indomet.gob.do/wp-content/uploads/2026/05/Temperaturas-extremas-y-precipitaciones-08-de-Mayo-2026.pdf
2026-05-08,077,SAN CRISTÓBAL,SAN CRISTÓBAL,INSTITUTO POLITÉCNICO LOYOLA,EMCI,31.2,20.2,0.0,https://indomet.gob.do/wp-content/uploads/2026/05/Temperaturas-extremas-y-precipitaciones-08-de-Mayo-2026.pdf
2026-05-08,078,SAN JOSÉ DE OCOA,SAN JOSÉ DE OCOA,HOSP. SAN JOSÉ DE OCOA,EMCI,29.5,18.2,0.0,https://indomet.gob.do/wp-content/uploads/2026/05/Temperaturas-extremas-y-precipitaciones-08-de-Mayo-2026.pdf
2026-05-08,079,SAN RAFAEL DEL YUMA,LA ALTAGRACIA,MINISTERIO DE AGRICULTURA,EMCI,34.3,22.3,0.0,https://indomet.gob.do/wp-content/uploads/2026/05/Temperaturas-extremas-y-precipitaciones-08-de-Mayo-2026.pdf
2026-05-08,080,SANTIAGO RODRÍGUEZ,SANTIAGO RODRÍGUEZ,INDOMET,EMCI,36.5,22.4,0.0,https://indomet.gob.do/wp-content/uploads/2026/05/Temperaturas-extremas-y-precipitaciones-08-de-Mayo-2026.pdf
2026-05-08,081,SANTO DOMINGO ESTE,SANTO DOMINGO,INDOMET,EMCI,32.0,25.5,0.0,https://indomet.gob.do/wp-content/uploads/2026/05/Temperaturas-extremas-y-precipitaciones-08-de-Mayo-2026.pdf
2026-05-08,082,TÁBARA ABAJO,AZUA,INDRHI,EMCI,30.5,19.0,0.0,https://indomet.gob.do/wp-content/uploads/2026/05/Temperaturas-extremas-y-precipitaciones-08-de-Mayo-2026.pdf
2026-05-08,083,VILLA GONZALES,SANTIAGO,MINISTERIO DE AGRICULTURA,EMCI,,,0.0,https://indomet.gob.do/wp-content/uploads/2026/05/Temperaturas-extremas-y-precipitaciones-08-de-Mayo-2026.pdf
2026-05-08,084,VILLA ISABELA,PUERTO PLATA,MINISTERIO DE AGRICULTURA,EMCV,33.8,20.5,0.0,https://indomet.gob.do/wp-content/uploads/2026/05/Temperaturas-extremas-y-precipitaciones-08-de-Mayo-2026.pdf
2026-05-08,085,VILLA RIVA,DUARTE,HOSP. MPAL. ALICIA DE LEGENDRE,EMCI,32.5,21.0,0.0,https://indomet.gob.do/wp-content/uploads/2026/05/Temperaturas-extremas-y-precipitaciones-08-de-Mayo-2026.pdf
2026-05-08,086,VILLA VASQUEZ (EMA),MONTE CRISTI,JUNTA DE REGANTES,EMAI,,,0.0,https://indomet.gob.do/wp-content/uploads/2026/05/Temperaturas-extremas-y-precipitaciones-08-de-Mayo-2026.pdf
2026-05-09,001,CENTRO DE LOS HEROES (EMA),DISTRITO NACIONAL,MINISTERIO DE ENERGIA Y MINA,EMAP,31.3,22.9,14.8,https://indomet.gob.do/wp-content/uploads/2026/05/temperaturas-extremas-y-precipitaciones-2026x05x09.pdf
2026-05-09,002,SAN RAFAEL DEL YUMA,LA ALTAGRACIA,MINISTERIO DE AGRICULTURA,EMCI,34.4,22.1,14.4,https://indomet.gob.do/wp-content/uploads/2026/05/temperaturas-extremas-y-precipitaciones-2026x05x09.pdf
2026-05-09,003,LOS CACICAZGOS (EMA),DISTRITO NACIONAL,PRIVADA,EMAP,,,13.2,https://indomet.gob.do/wp-content/uploads/2026/05/temperaturas-extremas-y-precipitaciones-2026x05x09.pdf
2026-05-09,004,PROLONGACION 27 DE FEBRERO,DISTRITO NACIONAL,PRIVADA,EMAP,,,12.4,https://indomet.gob.do/wp-content/uploads/2026/05/temperaturas-extremas-y-precipitaciones-2026x05x09.pdf
2026-05-09,005,ARPT. DE LA ROMANA,LA ROMANA,INDOMET,EMCI,33.0,21.5,11.3,https://indomet.gob.do/wp-content/uploads/2026/05/temperaturas-extremas-y-precipitaciones-2026x05x09.pdf
2026-05-09,006,CABRAL,BARAHONA,MINISTERIO DE AGRICULTURA,EMCV,32.4,23.2,11.2,https://indomet.gob.do/wp-content/uploads/2026/05/temperaturas-extremas-y-precipitaciones-2026x05x09.pdf
2026-05-09,007,VILLA ALTAGRACIA,SAN CRISTÓBAL,ESCUELA JAVIER ANGULO GURIDI,EMCI,,,8.6,https://indomet.gob.do/wp-content/uploads/2026/05/temperaturas-extremas-y-precipitaciones-2026x05x09.pdf
2026-05-09,008,BELLA VISTA (EMA),DISTRITO NACIONAL,PRIVADA,EMAP,,,7.6,https://indomet.gob.do/wp-content/uploads/2026/05/temperaturas-extremas-y-precipitaciones-2026x05x09.pdf
2026-05-09,009,ENRIQUILLO,BARAHONA,MINISTERIO DE AGRICULTURA,EMCV,31.5,20.0,7.0,https://indomet.gob.do/wp-content/uploads/2026/05/temperaturas-extremas-y-precipitaciones-2026x05x09.pdf
2026-05-09,010,VILLA RIVA,DUARTE,HOSP. MPAL. ALICIA DE LEGENDRE,EMCI,33.0,21.7,6.8,https://indomet.gob.do/wp-content/uploads/2026/05/temperaturas-extremas-y-precipitaciones-2026x05x09.pdf
2026-05-09,011,ARPT. MARÍA MONTEZ,BARAHONA,INDOMET,EMCI,31.4,25.5,6.6,https://indomet.gob.do/wp-content/uploads/2026/05/temperaturas-extremas-y-precipitaciones-2026x05x09.pdf
2026-05-09,012,SANTO DOMINGO ESTE,SANTO DOMINGO,INDOMET,EMCI,32.7,24.5,4.6,https://indomet.gob.do/wp-content/uploads/2026/05/temperaturas-extremas-y-precipitaciones-2026x05x09.pdf
2026-05-09,013,EL MILLON (EMA),DISTRITO NACIONAL,PRIVADA,EMAP,,,4.3,https://indomet.gob.do/wp-content/uploads/2026/05/temperaturas-extremas-y-precipitaciones-2026x05x09.pdf
2026-05-09,014,ENSANCHE LA FE (EMA),DISTRITO NACIONAL,PRIVADA,EMAP,,,3.6,https://indomet.gob.do/wp-content/uploads/2026/05/temperaturas-extremas-y-precipitaciones-2026x05x09.pdf
2026-05-09,015,LA AGUSTINA (EMA),DISTRITO NACIONAL,PRIVADA,EMAP,,,3.6,https://indomet.gob.do/wp-content/uploads/2026/05/temperaturas-extremas-y-precipitaciones-2026x05x09.pdf
2026-05-09,016,SÁNCHEZ,SAMANÁ,MINISTERIO DE AGRICULTURA,EMCI,33.5,19.5,3.6,https://indomet.gob.do/wp-content/uploads/2026/05/temperaturas-extremas-y-precipitaciones-2026x05x09.pdf
2026-05-09,017,OVIEDO,PEDERNALES,CLÍNICA RURAL OVIEDO,EMCI,32.0,22.0,3.4,https://indomet.gob.do/wp-content/uploads/2026/05/temperaturas-extremas-y-precipitaciones-2026x05x09.pdf
2026-05-09,018,BASE AÉREA DE SAN ISIDRO,SANTO DOMINGO,FUERZA AÉREA DOMINICANA,EMCV,30.6,25.1,3.2,https://indomet.gob.do/wp-content/uploads/2026/05/temperaturas-extremas-y-precipitaciones-2026x05x09.pdf
2026-05-09,019,ARPT. DE LAS AMÉRICAS,SANTO DOMINGO,INDOMET,EMCI,31.8,21.5,2.9,https://indomet.gob.do/wp-content/uploads/2026/05/temperaturas-extremas-y-precipitaciones-2026x05x09.pdf
2026-05-09,020,PALO ÍNDIO,PUERTO PLATA,MINISTERIO DE AGRICULTURA,EMCI,,,2.3,https://indomet.gob.do/wp-content/uploads/2026/05/temperaturas-extremas-y-precipitaciones-2026x05x09.pdf
2026-05-09,021,SAMANÁ,SAMANÁ,COMANDANCIA DE PUERTO DE SAMANÁ,EMCI,32.6,18.9,2.2,https://indomet.gob.do/wp-content/uploads/2026/05/temperaturas-extremas-y-precipitaciones-2026x05x09.pdf
2026-05-09,022,LOS COCOS (EMA),BAHORUCO,PRIVADA,EMAP,,,2.1,https://indomet.gob.do/wp-content/uploads/2026/05/temperaturas-extremas-y-precipitaciones-2026x05x09.pdf
2026-05-09,023,SABANA DE LA MAR,HATO MAYOR,INDOMET,EMCI,31.4,22.6,2.1,https://indomet.gob.do/wp-content/uploads/2026/05/temperaturas-extremas-y-precipitaciones-2026x05x09.pdf
2026-05-09,024,JUMA BEJUCAL,MONSEÑOR NOUEL,IDIAF,EMCV,32.2,21.8,1.6,https://indomet.gob.do/wp-content/uploads/2026/05/temperaturas-extremas-y-precipitaciones-2026x05x09.pdf
2026-05-09,025,ARPT. EL CATEY,SAMANÁ,INDOMET,EMCI,33.2,21.5,1.5,https://indomet.gob.do/wp-content/uploads/2026/05/temperaturas-extremas-y-precipitaciones-2026x05x09.pdf
2026-05-09,026,LA VEGA,LA VEGA,IATESA,EMCI,33.5,22.5,1.5,https://indomet.gob.do/wp-content/uploads/2026/05/temperaturas-extremas-y-precipitaciones-2026x05x09.pdf
2026-05-09,027,ARPT. ARROYO BARRIL,SAMANÁ,INDOMET,EMCI,32.0,23.2,1.4,https://indomet.gob.do/wp-content/uploads/2026/05/temperaturas-extremas-y-precipitaciones-2026x05x09.pdf
2026-05-09,028,PRESA DE TAVERAS (EMA),LA VEGA,PROGRAMA MUNDIAL DE ALIMENTO,EMAP,31.3,20.8,1.4,https://indomet.gob.do/wp-content/uploads/2026/05/temperaturas-extremas-y-precipitaciones-2026x05x09.pdf
2026-05-09,029,RANCHO ARRIBA,SAN JOSÉ DE OCOA,CENTRO TECNOLÓGICO COMUNITARIO,EMCI,29.6,19.5,1.4,https://indomet.gob.do/wp-content/uploads/2026/05/temperaturas-extremas-y-precipitaciones-2026x05x09.pdf
2026-05-09,030,LOS LLANOS,SAN PEDRO DE MACORÍS,MINISTERIO DE AGRICULTURA,EMCI,33.3,22.4,1.2,https://indomet.gob.do/wp-content/uploads/2026/05/temperaturas-extremas-y-precipitaciones-2026x05x09.pdf
2026-05-09,031,ARPT. DEL CIBAO,SANTIAGO,INDOMET,EMCI,34.0,21.9,1.1,https://indomet.gob.do/wp-content/uploads/2026/05/temperaturas-extremas-y-precipitaciones-2026x05x09.pdf
2026-05-09,032,ALTO BANDERA (EMA),LA VEGA,INTEC,EMAP,17.3,5.5,1.0,https://indomet.gob.do/wp-content/uploads/2026/05/temperaturas-extremas-y-precipitaciones-2026x05x09.pdf
2026-05-09,033,LA VICTORIA,SANTO DOMINGO,CUERPO DE BOMBEROS,EMCI,34.5,22.5,1.0,https://indomet.gob.do/wp-content/uploads/2026/05/temperaturas-extremas-y-precipitaciones-2026x05x09.pdf
2026-05-09,034,JIMANÍ,INDEPENDENCIA,MINISTERIO DE AGRICULTURA,EMCI,33.8,24.8,0.8,https://indomet.gob.do/wp-content/uploads/2026/05/temperaturas-extremas-y-precipitaciones-2026x05x09.pdf
2026-05-09,035,RÍO SAN JUAN,MARÍA TRINIDAD SÁNCHEZ,HOSP. MPAL. DR. DESIDERIO ACOSTA,EMCV,33.0,23.0,0.8,https://indomet.gob.do/wp-content/uploads/2026/05/temperaturas-extremas-y-precipitaciones-2026x05x09.pdf
2026-05-09,036,JARABACOA,LA VEGA,INDRHI / MARENA,EMCI,32.8,16.6,0.6,https://indomet.gob.do/wp-content/uploads/2026/05/temperaturas-extremas-y-precipitaciones-2026x05x09.pdf
2026-05-09,037,JARABACOA (EMA),LA VEGA,PROGRAMA MUNDIAL DE ALIMENTO,EMAP,31.2,19.4,0.6,https://indomet.gob.do/wp-content/uploads/2026/05/temperaturas-extremas-y-precipitaciones-2026x05x09.pdf
2026-05-09,038,GURABO,SANTIAGO,MINISTERIO DE AGRICULTURA,EMCV,,,0.5,https://indomet.gob.do/wp-content/uploads/2026/05/temperaturas-extremas-y-precipitaciones-2026x05x09.pdf
2026-05-09,039,EL FACTOR (EMA),MARÍA TRINIDAD SÁNCHEZ,INTEC,EMAP,33.1,22.0,0.5,https://indomet.gob.do/wp-content/uploads/2026/05/temperaturas-extremas-y-precipitaciones-2026x05x09.pdf
2026-05-09,040,ARPT. DE PUNTA CANA,LA ALTAGRACIA,INDOMET,EMCI,31.3,24.8,0.4,https://indomet.gob.do/wp-content/uploads/2026/05/temperaturas-extremas-y-precipitaciones-2026x05x09.pdf
2026-05-09,041,BANI (EMA),PERAVIA,MINISTERIO DE AGRICULTURA,EMAP,32.0,22.2,0.4,https://indomet.gob.do/wp-content/uploads/2026/05/temperaturas-extremas-y-precipitaciones-2026x05x09.pdf
2026-05-09,042,PONTÓN ABAJO (EMA),LA VEGA,MINISTERIO DE AGRICULTURA,EMAP,35.7,23.3,0.4,https://indomet.gob.do/wp-content/uploads/2026/05/temperaturas-extremas-y-precipitaciones-2026x05x09.pdf
2026-05-09,043,BAYAGUANA,MONTE PLATA,INDOMET,EMCI,33.0,20.7,0.1,https://indomet.gob.do/wp-content/uploads/2026/05/temperaturas-extremas-y-precipitaciones-2026x05x09.pdf
2026-05-09,044,ESCONDIDO,PERAVIA,MINISTERIO DE AGRICULTURA,EMCV,32.9,23.0,0.1,https://indomet.gob.do/wp-content/uploads/2026/05/temperaturas-extremas-y-precipitaciones-2026x05x09.pdf
2026-05-09,045,ALTAMIRA,PUERTO PLATA,HOSP. MPAL. DE ALTAMIRA,EMCI,34.3,21.4,0.0,https://indomet.gob.do/wp-content/uploads/2026/05/temperaturas-extremas-y-precipitaciones-2026x05x09.pdf
2026-05-09,046,ANAMUYA (EMA),LA ALTAGRACIA,MINISTERIO DE AGRICULTURA,EMAP,32.7,23.4,0.0,https://indomet.gob.do/wp-content/uploads/2026/05/temperaturas-extremas-y-precipitaciones-2026x05x09.pdf
2026-05-09,047,ARPT. GREGORIO LUPERÓN,PUERTO PLATA,INDOMET,EMCI,31.5,22.5,0.0,https://indomet.gob.do/wp-content/uploads/2026/05/temperaturas-extremas-y-precipitaciones-2026x05x09.pdf
2026-05-09,048,ARPT. LA ISABELA,SANTO DOMINGO,INDOMET,EMCI,33.3,21.5,0.0,https://indomet.gob.do/wp-content/uploads/2026/05/temperaturas-extremas-y-precipitaciones-2026x05x09.pdf
2026-05-09,049,ARROYO LORO,SAN JUAN,IDIAF,EMCI,32.2,20.7,0.0,https://indomet.gob.do/wp-content/uploads/2026/05/temperaturas-extremas-y-precipitaciones-2026x05x09.pdf
2026-05-09,050,BOCA DE MAO (EMA),VALVERDE,MINISTERIO DE AGRICULTURA,EMAP,35.8,23.9,0.0,https://indomet.gob.do/wp-content/uploads/2026/05/temperaturas-extremas-y-precipitaciones-2026x05x09.pdf
2026-05-09,051,CABRERA,MARÍA TRINIDAD SÁNCHEZ,ESCUELA ARÍSTIDES FIALLO CABRAL,EMCI,32.5,25.5,0.0,https://indomet.gob.do/wp-content/uploads/2026/05/temperaturas-extremas-y-precipitaciones-2026x05x09.pdf
2026-05-09,052,CONSTANZA,LA VEGA,MINISTERIO DE AGRICULTURA,EMCI,29.0,11.5,0.0,https://indomet.gob.do/wp-content/uploads/2026/05/temperaturas-extremas-y-precipitaciones-2026x05x09.pdf
2026-05-09,053,CONSTANZA (EMA),LA VEGA,PROGRAMA MUNDIAL DE ALIMENTO,EMAP,25.4,16.3,0.0,https://indomet.gob.do/wp-content/uploads/2026/05/temperaturas-extremas-y-precipitaciones-2026x05x09.pdf
2026-05-09,054,DAJABÓN,DAJABÓN,INSTITUTO POLITÉCNICO LOYOLA,EMCI,34.5,20.4,0.0,https://indomet.gob.do/wp-content/uploads/2026/05/temperaturas-extremas-y-precipitaciones-2026x05x09.pdf
2026-05-09,055,GASPAR HERNÁNDEZ,ESPAILLAT,PROPIEDAD DEL EMPLEADO,EMCI,,,0.0,https://indomet.gob.do/wp-content/uploads/2026/05/temperaturas-extremas-y-precipitaciones-2026x05x09.pdf
2026-05-09,056,HATO MAYOR,HATO MAYOR,MINISTERIO DE AGRICULTURA,EMCV,,,0.0,https://indomet.gob.do/wp-content/uploads/2026/05/temperaturas-extremas-y-precipitaciones-2026x05x09.pdf
2026-05-09,057,LAS CANAS (EMA),MONTE CRISTI,PROGRAMA MUNDIAL DE ALIMENTO,EMAP,30.8,23.9,0.0,https://indomet.gob.do/wp-content/uploads/2026/05/temperaturas-extremas-y-precipitaciones-2026x05x09.pdf
2026-05-09,058,LOS JARDINES (EMA),DISTRITO NACIONAL,PRIVADA,EMAP,,,0.0,https://indomet.gob.do/wp-content/uploads/2026/05/temperaturas-extremas-y-precipitaciones-2026x05x09.pdf
2026-05-09,059,LOS TRES CHARCOS (EMA),PEDERNALES,PROPIEDAD DEL VOLUNTARIO,EMAP,,,0.0,https://indomet.gob.do/wp-content/uploads/2026/05/temperaturas-extremas-y-precipitaciones-2026x05x09.pdf
2026-05-09,060,MAO,VALVERDE,INDRHI / MINISTERIO DE AGRICULTURA,EMCV,,,0.0,https://indomet.gob.do/wp-content/uploads/2026/05/temperaturas-extremas-y-precipitaciones-2026x05x09.pdf
2026-05-09,061,MONCIÓN (EMA),SANTIAGO RODRÍGUEZ,PROGRAMA MUNDIAL DE ALIMENTO,EMAP,32.6,23.2,0.0,https://indomet.gob.do/wp-content/uploads/2026/05/temperaturas-extremas-y-precipitaciones-2026x05x09.pdf
2026-05-09,062,MONTE CRISTI,MONTE CRISTI,INDOMET,EMCI,33.7,24.2,0.0,https://indomet.gob.do/wp-content/uploads/2026/05/temperaturas-extremas-y-precipitaciones-2026x05x09.pdf
2026-05-09,063,NAVARRETE,SANTIAGO,MINISTERIO DE AGRICULTURA,EMCV,,,0.0,https://indomet.gob.do/wp-content/uploads/2026/05/temperaturas-extremas-y-precipitaciones-2026x05x09.pdf
2026-05-09,064,OLIVARES,PEDERNALES,INDRHI,EMCI,,,0.0,https://indomet.gob.do/wp-content/uploads/2026/05/temperaturas-extremas-y-precipitaciones-2026x05x09.pdf
2026-05-09,065,PADRE LAS CASAS,AZUA,HOSP. NTRA. SRA. DEL CARMEN,EMCI,32.0,20.3,0.0,https://indomet.gob.do/wp-content/uploads/2026/05/temperaturas-extremas-y-precipitaciones-2026x05x09.pdf
2026-05-09,066,PEDERNALES,PEDERNALES,INDRHI,EMCI,,,0.0,https://indomet.gob.do/wp-content/uploads/2026/05/temperaturas-extremas-y-precipitaciones-2026x05x09.pdf
2026-05-09,067,PERALTA,AZUA,HOSP. MPAL. DE PERALTA,EMCI,32.0,17.0,0.0,https://indomet.gob.do/wp-content/uploads/2026/05/temperaturas-extremas-y-precipitaciones-2026x05x09.pdf
2026-05-09,068,PESCADERIA (EMA),BARAHONA,MINISTERIO DE AGRICULTURA,EMAP,,,0.0,https://indomet.gob.do/wp-content/uploads/2026/05/temperaturas-extremas-y-precipitaciones-2026x05x09.pdf
2026-05-09,069,RESTAURACIÓN,DAJABÓN,MINISTERIO DE AGRICULTURA,EMCI,33.4,18.8,0.0,https://indomet.gob.do/wp-content/uploads/2026/05/temperaturas-extremas-y-precipitaciones-2026x05x09.pdf
2026-05-09,070,SABANA GRANDE DE BOYÁ,MONTE PLATA,MINISTERIO DE AGRICULTURA,EMCV,,,0.0,https://indomet.gob.do/wp-content/uploads/2026/05/temperaturas-extremas-y-precipitaciones-2026x05x09.pdf
2026-05-09,071,SABANETA (EMA),SANTIAGO RODRÍGUEZ,PROGRAMA MUNDIAL DE ALIMENTO,EMAP,36.6,23.2,0.0,https://indomet.gob.do/wp-content/uploads/2026/05/temperaturas-extremas-y-precipitaciones-2026x05x09.pdf
2026-05-09,072,SAJOMA (EMA),SANTIAGO,PLAN SIERRA,EMAI,29.4,20.5,0.0,https://indomet.gob.do/wp-content/uploads/2026/05/temperaturas-extremas-y-precipitaciones-2026x05x09.pdf
2026-05-09,073,SALCEDO,HERMANAS MIRABAL,PROPIEDAD DEL EMPLEADO,EMCI,,,0.0,https://indomet.gob.do/wp-content/uploads/2026/05/temperaturas-extremas-y-precipitaciones-2026x05x09.pdf
2026-05-09,074,SAN CRISTÓBAL,SAN CRISTÓBAL,INSTITUTO POLITÉCNICO LOYOLA,EMCI,32.0,21.1,0.0,https://indomet.gob.do/wp-content/uploads/2026/05/temperaturas-extremas-y-precipitaciones-2026x05x09.pdf
2026-05-09,075,SAN JOSÉ DE OCOA,SAN JOSÉ DE OCOA,HOSP. SAN JOSÉ DE OCOA,EMCI,31.8,19.2,0.0,https://indomet.gob.do/wp-content/uploads/2026/05/temperaturas-extremas-y-precipitaciones-2026x05x09.pdf
2026-05-09,076,SANTIAGO RODRÍGUEZ,SANTIAGO RODRÍGUEZ,INDOMET,EMCI,36.2,23.1,0.0,https://indomet.gob.do/wp-content/uploads/2026/05/temperaturas-extremas-y-precipitaciones-2026x05x09.pdf
2026-05-09,077,TÁBARA ABAJO,AZUA,INDRHI,EMCI,32.0,20.5,0.0,https://indomet.gob.do/wp-content/uploads/2026/05/temperaturas-extremas-y-precipitaciones-2026x05x09.pdf
2026-05-09,078,VILLA GONZALES,SANTIAGO,MINISTERIO DE AGRICULTURA,EMCI,,,0.0,https://indomet.gob.do/wp-content/uploads/2026/05/temperaturas-extremas-y-precipitaciones-2026x05x09.pdf
2026-05-10,001,POLO,BARAHONA,INDOCAFE,EMCI,28.0,16.4,18.2,https://indomet.gob.do/wp-content/uploads/2026/05/temperaturas-extremas-y-precipitaciones-2026x05x10.pdf
2026-05-10,002,OVIEDO,PEDERNALES,CLÍNICA RURAL OVIEDO,EMCI,31.8,23.0,15.2,https://indomet.gob.do/wp-content/uploads/2026/05/temperaturas-extremas-y-precipitaciones-2026x05x10.pdf
2026-05-10,003,LA VEGA,LA VEGA,IATESA,EMCI,32.0,21.8,14.4,https://indomet.gob.do/wp-content/uploads/2026/05/temperaturas-extremas-y-precipitaciones-2026x05x10.pdf
2026-05-10,004,ARPT. ARROYO BARRIL,SAMANÁ,INDOMET,EMCI,32.0,22.0,11.0,https://indomet.gob.do/wp-content/uploads/2026/05/temperaturas-extremas-y-precipitaciones-2026x05x10.pdf
2026-05-10,005,ENRIQUILLO,BARAHONA,MINISTERIO DE AGRICULTURA,EMCV,29.3,21.0,10.8,https://indomet.gob.do/wp-content/uploads/2026/05/temperaturas-extremas-y-precipitaciones-2026x05x10.pdf
2026-05-10,006,PONTÓN ABAJO (EMA),LA VEGA,MINISTERIO DE AGRICULTURA,EMAP,34.6,22.6,10.4,https://indomet.gob.do/wp-content/uploads/2026/05/temperaturas-extremas-y-precipitaciones-2026x05x10.pdf
2026-05-10,007,VILLA RIVA,DUARTE,HOSP. MPAL. ALICIA DE LEGENDRE,EMCI,32.5,21.5,10.4,https://indomet.gob.do/wp-content/uploads/2026/05/temperaturas-extremas-y-precipitaciones-2026x05x10.pdf
2026-05-10,008,SABANA DE LA MAR,HATO MAYOR,INDOMET,EMCI,31.0,22.6,9.6,https://indomet.gob.do/wp-content/uploads/2026/05/temperaturas-extremas-y-precipitaciones-2026x05x10.pdf
2026-05-10,009,ARPT. DE PUNTA CANA,LA ALTAGRACIA,INDOMET,EMCI,31.0,21.6,8.4,https://indomet.gob.do/wp-content/uploads/2026/05/temperaturas-extremas-y-precipitaciones-2026x05x10.pdf
2026-05-10,010,EL SEIBO,EL SEIBO,MINISTERIO DE AGRICULTURA,EMCV,,,8.1,https://indomet.gob.do/wp-content/uploads/2026/05/temperaturas-extremas-y-precipitaciones-2026x05x10.pdf
2026-05-10,011,GASPAR HERNÁNDEZ,ESPAILLAT,PROPIEDAD DEL EMPLEADO,EMCI,,,7.6,https://indomet.gob.do/wp-content/uploads/2026/05/temperaturas-extremas-y-precipitaciones-2026x05x10.pdf
2026-05-10,012,SAJOMA (EMA),SANTIAGO,PLAN SIERRA,EMAI,,,7.3,https://indomet.gob.do/wp-content/uploads/2026/05/temperaturas-extremas-y-precipitaciones-2026x05x10.pdf
2026-05-10,013,PRESA DE TAVERAS (EMA),LA VEGA,PROGRAMA MUNDIAL DE ALIMENTO,EMAP,30.2,20.4,7.0,https://indomet.gob.do/wp-content/uploads/2026/05/temperaturas-extremas-y-precipitaciones-2026x05x10.pdf
2026-05-10,014,TAVERA,SANTIAGO,INDRHI,EMCI,,,6.7,https://indomet.gob.do/wp-content/uploads/2026/05/temperaturas-extremas-y-precipitaciones-2026x05x10.pdf
2026-05-10,015,SALCEDO,HERMANAS MIRABAL,PROPIEDAD DEL EMPLEADO,EMCI,,,6.4,https://indomet.gob.do/wp-content/uploads/2026/05/temperaturas-extremas-y-precipitaciones-2026x05x10.pdf
2026-05-10,016,SAN CRISTÓBAL,SAN CRISTÓBAL,INSTITUTO POLITÉCNICO LOYOLA,EMCI,31.2,21.2,6.4,https://indomet.gob.do/wp-content/uploads/2026/05/temperaturas-extremas-y-precipitaciones-2026x05x10.pdf
2026-05-10,017,SÁNCHEZ,SAMANÁ,MINISTERIO DE AGRICULTURA,EMCI,32.2,20.1,6.2,https://indomet.gob.do/wp-content/uploads/2026/05/temperaturas-extremas-y-precipitaciones-2026x05x10.pdf
2026-05-10,018,BONAO,MONSEÑOR NOUEL,MINISTERIO DE AGRICULTURA,EMCV,,,5.6,https://indomet.gob.do/wp-content/uploads/2026/05/temperaturas-extremas-y-precipitaciones-2026x05x10.pdf
2026-05-10,019,EL FACTOR (EMA),MARÍA TRINIDAD SÁNCHEZ,INTEC,EMAP,,,5.3,https://indomet.gob.do/wp-content/uploads/2026/05/temperaturas-extremas-y-precipitaciones-2026x05x10.pdf
2026-05-10,020,PASO AL MEDIO,SAN PEDRO DE MACORÍS,INDRHI,EMCI,,,5.2,https://indomet.gob.do/wp-content/uploads/2026/05/temperaturas-extremas-y-precipitaciones-2026x05x10.pdf
2026-05-10,021,ARPT. DEL CIBAO,SANTIAGO,INDOMET,EMCI,33.0,21.4,4.5,https://indomet.gob.do/wp-content/uploads/2026/05/temperaturas-extremas-y-precipitaciones-2026x05x10.pdf
2026-05-10,022,JARABACOA (EMA),LA VEGA,PROGRAMA MUNDIAL DE ALIMENTO,EMAP,30.8,19.3,4.2,https://indomet.gob.do/wp-content/uploads/2026/05/temperaturas-extremas-y-precipitaciones-2026x05x10.pdf
2026-05-10,023,JARABACOA,LA VEGA,INDRHI / MARENA,EMCI,32.2,17.2,4.1,https://indomet.gob.do/wp-content/uploads/2026/05/temperaturas-extremas-y-precipitaciones-2026x05x10.pdf
2026-05-10,024,ANAMUYA (EMA),LA ALTAGRACIA,MINISTERIO DE AGRICULTURA,EMAP,32.7,22.9,4.0,https://indomet.gob.do/wp-content/uploads/2026/05/temperaturas-extremas-y-precipitaciones-2026x05x10.pdf
2026-05-10,025,SAMANÁ,SAMANÁ,COMANDANCIA DE PUERTO DE SAMANÁ,EMCI,32.7,18.9,3.4,https://indomet.gob.do/wp-content/uploads/2026/05/temperaturas-extremas-y-precipitaciones-2026x05x10.pdf
2026-05-10,026,HATO MAYOR,HATO MAYOR,MINISTERIO DE AGRICULTURA,EMCV,,,2.8,https://indomet.gob.do/wp-content/uploads/2026/05/temperaturas-extremas-y-precipitaciones-2026x05x10.pdf
2026-05-10,027,JUMA BEJUCAL,MONSEÑOR NOUEL,IDIAF,EMCV,32.6,22.2,2.4,https://indomet.gob.do/wp-content/uploads/2026/05/temperaturas-extremas-y-precipitaciones-2026x05x10.pdf
2026-05-10,028,RANCHO ARRIBA,SAN JOSÉ DE OCOA,CENTRO TECNOLÓGICO COMUNITARIO,EMCI,28.1,18.6,2.4,https://indomet.gob.do/wp-content/uploads/2026/05/temperaturas-extremas-y-precipitaciones-2026x05x10.pdf
2026-05-10,029,ALTO BANDERA (EMA),LA VEGA,INTEC,EMAP,14.4,8.2,2.0,https://indomet.gob.do/wp-content/uploads/2026/05/temperaturas-extremas-y-precipitaciones-2026x05x10.pdf
2026-05-10,030,SAN RAFAEL DEL YUMA,LA ALTAGRACIA,MINISTERIO DE AGRICULTURA,EMCI,31.9,22.5,1.4,https://indomet.gob.do/wp-content/uploads/2026/05/temperaturas-extremas-y-precipitaciones-2026x05x10.pdf
2026-05-10,031,GURABO,SANTIAGO,MINISTERIO DE AGRICULTURA,EMCV,,,1.3,https://indomet.gob.do/wp-content/uploads/2026/05/temperaturas-extremas-y-precipitaciones-2026x05x10.pdf
2026-05-10,032,SANTIAGO (CENTRO),SANTIAGO,HUACALITO,EMCI,,,1.2,https://indomet.gob.do/wp-content/uploads/2026/05/temperaturas-extremas-y-precipitaciones-2026x05x10.pdf
2026-05-10,033,TAMBORIL,SANTIAGO,MINISTERIO DE AGRICULTURA,EMCV,,,1.0,https://indomet.gob.do/wp-content/uploads/2026/05/temperaturas-extremas-y-precipitaciones-2026x05x10.pdf
2026-05-10,034,JANICO (EMA),LA VEGA,PLAN SIERRA,EMAI,,,1.0,https://indomet.gob.do/wp-content/uploads/2026/05/temperaturas-extremas-y-precipitaciones-2026x05x10.pdf
2026-05-10,035,ARPT. DE LA ROMANA,LA ROMANA,INDOMET,EMCI,30.5,22.0,0.8,https://indomet.gob.do/wp-content/uploads/2026/05/temperaturas-extremas-y-precipitaciones-2026x05x10.pdf
2026-05-10,036,JARDÍN BOTÁNICO NACIONAL,DISTRITO NACIONAL,JARDÍN BOTÁNICO NACIONAL,EMCV,32.4,21.4,0.7,https://indomet.gob.do/wp-content/uploads/2026/05/temperaturas-extremas-y-precipitaciones-2026x05x10.pdf
2026-05-10,037,RÍO SAN JUAN,MARÍA TRINIDAD SÁNCHEZ,HOSP. MPAL. DR. DESIDERIO ACOSTA,EMCV,32.0,21.8,0.6,https://indomet.gob.do/wp-content/uploads/2026/05/temperaturas-extremas-y-precipitaciones-2026x05x10.pdf
2026-05-10,038,ARPT. GREGORIO LUPERÓN,PUERTO PLATA,INDOMET,EMCI,31.5,23.5,0.5,https://indomet.gob.do/wp-content/uploads/2026/05/temperaturas-extremas-y-precipitaciones-2026x05x10.pdf
2026-05-10,039,LOS JENGIBRES,NAGUA,INDRHI,EMCI,,,0.5,https://indomet.gob.do/wp-content/uploads/2026/05/temperaturas-extremas-y-precipitaciones-2026x05x10.pdf
2026-05-10,040,ARPT. EL CATEY,SAMANÁ,INDOMET,EMCI,33.0,21.9,0.4,https://indomet.gob.do/wp-content/uploads/2026/05/temperaturas-extremas-y-precipitaciones-2026x05x10.pdf
2026-05-10,041,SAN FRANCISCO DE MACORÍS,DUARTE,San Francisco de Macorís (UASD),EMCI,30.2,23.2,0.4,https://indomet.gob.do/wp-content/uploads/2026/05/temperaturas-extremas-y-precipitaciones-2026x05x10.pdf
2026-05-10,042,MONCIÓN (EMA),SANTIAGO RODRÍGUEZ,PROGRAMA MUNDIAL DE ALIMENTO,EMAP,32.5,21.1,0.3,https://indomet.gob.do/wp-content/uploads/2026/05/temperaturas-extremas-y-precipitaciones-2026x05x10.pdf
2026-05-10,043,BANI (EMA),PERAVIA,MINISTERIO DE AGRICULTURA,EMAP,30.7,24.8,0.2,https://indomet.gob.do/wp-content/uploads/2026/05/temperaturas-extremas-y-precipitaciones-2026x05x10.pdf
2026-05-10,044,LOS JARDINES (EMA),DISTRITO NACIONAL,PRIVADA,EMAP,,,0.2,https://indomet.gob.do/wp-content/uploads/2026/05/temperaturas-extremas-y-precipitaciones-2026x05x10.pdf
2026-05-10,045,BAYAGUANA,MONTE PLATA,INDOMET,EMCI,32.6,22.6,0.1,https://indomet.gob.do/wp-content/uploads/2026/05/temperaturas-extremas-y-precipitaciones-2026x05x10.pdf
2026-05-10,046,SABANA GRANDE DE BOYÁ,MONTE PLATA,MINISTERIO DE AGRICULTURA,EMCV,,,0.1,https://indomet.gob.do/wp-content/uploads/2026/05/temperaturas-extremas-y-precipitaciones-2026x05x10.pdf
2026-05-10,047,VILLA GONZALES,SANTIAGO,MINISTERIO DE AGRICULTURA,EMCI,,,0.1,https://indomet.gob.do/wp-content/uploads/2026/05/temperaturas-extremas-y-precipitaciones-2026x05x10.pdf
2026-05-10,048,ALTAMIRA,PUERTO PLATA,HOSP. MPAL. DE ALTAMIRA,EMCI,33.6,21.4,0.0,https://indomet.gob.do/wp-content/uploads/2026/05/temperaturas-extremas-y-precipitaciones-2026x05x10.pdf
2026-05-10,049,ARPT. DE LAS AMÉRICAS,SANTO DOMINGO,INDOMET,EMCI,30.5,22.3,0.0,https://indomet.gob.do/wp-content/uploads/2026/05/temperaturas-extremas-y-precipitaciones-2026x05x10.pdf
2026-05-10,050,ARPT. LA ISABELA,SANTO DOMINGO,INDOMET,EMCI,33.0,21.4,0.0,https://indomet.gob.do/wp-content/uploads/2026/05/temperaturas-extremas-y-precipitaciones-2026x05x10.pdf
2026-05-10,051,ARPT. MARÍA MONTEZ,BARAHONA,INDOMET,EMCI,30.6,24.5,0.0,https://indomet.gob.do/wp-content/uploads/2026/05/temperaturas-extremas-y-precipitaciones-2026x05x10.pdf
2026-05-10,052,ARROYO LORO,SAN JUAN,IDIAF,EMCI,32.2,21.1,0.0,https://indomet.gob.do/wp-content/uploads/2026/05/temperaturas-extremas-y-precipitaciones-2026x05x10.pdf
2026-05-10,053,BASE AÉREA DE SAN ISIDRO,SANTO DOMINGO,FUERZA AÉREA DOMINICANA,EMCV,32.5,23.0,0.0,https://indomet.gob.do/wp-content/uploads/2026/05/temperaturas-extremas-y-precipitaciones-2026x05x10.pdf
2026-05-10,054,BOCA DE MAO (EMA),VALVERDE,MINISTERIO DE AGRICULTURA,EMAP,35.6,23.1,0.0,https://indomet.gob.do/wp-content/uploads/2026/05/temperaturas-extremas-y-precipitaciones-2026x05x10.pdf
2026-05-10,055,BOHECHÍO,SAN JUAN,MINISTERIO DE AGRICULTURA,EMCV,,,0.0,https://indomet.gob.do/wp-content/uploads/2026/05/temperaturas-extremas-y-precipitaciones-2026x05x10.pdf
2026-05-10,056,BUCARA (EMA),SANTIAGO,MINISTERIO DE AGRICULTURA,EMAI,,,0.0,https://indomet.gob.do/wp-content/uploads/2026/05/temperaturas-extremas-y-precipitaciones-2026x05x10.pdf
2026-05-10,057,CABRAL,BARAHONA,MINISTERIO DE AGRICULTURA,EMCV,31.7,22.4,0.0,https://indomet.gob.do/wp-content/uploads/2026/05/temperaturas-extremas-y-precipitaciones-2026x05x10.pdf
2026-05-10,058,CABRERA,MARÍA TRINIDAD SÁNCHEZ,ESCUELA ARÍSTIDES FIALLO CABRAL,EMCI,32.5,25.0,0.0,https://indomet.gob.do/wp-content/uploads/2026/05/temperaturas-extremas-y-precipitaciones-2026x05x10.pdf
2026-05-10,059,CENTRO DE LOS HEROES (EMA),DISTRITO NACIONAL,MINISTERIO DE ENERGIA Y MINA,EMAP,30.8,24.8,0.0,https://indomet.gob.do/wp-content/uploads/2026/05/temperaturas-extremas-y-precipitaciones-2026x05x10.pdf
2026-05-10,060,CONSTANZA,LA VEGA,MINISTERIO DE AGRICULTURA,EMCI,28.9,13.8,0.0,https://indomet.gob.do/wp-content/uploads/2026/05/temperaturas-extremas-y-precipitaciones-2026x05x10.pdf
2026-05-10,061,CONSTANZA (EMA),LA VEGA,PROGRAMA MUNDIAL DE ALIMENTO,EMAP,27.1,15.3,0.0,https://indomet.gob.do/wp-content/uploads/2026/05/temperaturas-extremas-y-precipitaciones-2026x05x10.pdf
2026-05-10,062,COTUÍ,SÁNCHEZ RAMÍREZ,HOSP. INMACULADA CONCEPCIÓN,EMCV,,,0.0,https://indomet.gob.do/wp-content/uploads/2026/05/temperaturas-extremas-y-precipitaciones-2026x05x10.pdf
2026-05-10,063,DAJABÓN,DAJABÓN,INSTITUTO POLITÉCNICO LOYOLA,EMCI,35.9,18.8,0.0,https://indomet.gob.do/wp-content/uploads/2026/05/temperaturas-extremas-y-precipitaciones-2026x05x10.pdf
2026-05-10,064,EL CERCADO,SAN JUAN,MINISTERIO DE AGRICULTURA,EMCV,,,0.0,https://indomet.gob.do/wp-content/uploads/2026/05/temperaturas-extremas-y-precipitaciones-2026x05x10.pdf
2026-05-10,065,EL MILLON (EMA),DISTRITO NACIONAL,PRIVADA,EMAP,,,0.0,https://indomet.gob.do/wp-content/uploads/2026/05/temperaturas-extremas-y-precipitaciones-2026x05x10.pdf
2026-05-10,066,ELÍAS PIÑA,ELÍAS PIÑA,MINISTERIO DE AGRICULTURA,EMCV,,,0.0,https://indomet.gob.do/wp-content/uploads/2026/05/temperaturas-extremas-y-precipitaciones-2026x05x10.pdf
2026-05-10,067,ENSANCHE LA FE (EMA),DISTRITO NACIONAL,PRIVADA,EMAP,,,0.0,https://indomet.gob.do/wp-content/uploads/2026/05/temperaturas-extremas-y-precipitaciones-2026x05x10.pdf
2026-05-10,068,ESCONDIDO,PERAVIA,MINISTERIO DE AGRICULTURA,EMCV,31.0,22.0,0.0,https://indomet.gob.do/wp-content/uploads/2026/05/temperaturas-extremas-y-precipitaciones-2026x05x10.pdf
2026-05-10,069,HONDO VALLE,ELÍAS PIÑA,MINISTERIO DE AGRICULTURA,EMCI,27.4,17.3,0.0,https://indomet.gob.do/wp-content/uploads/2026/05/temperaturas-extremas-y-precipitaciones-2026x05x10.pdf
2026-05-10,070,JARDÍN BOTÁNICO SANTIAGO (EMSANTIAGO,,JARDIN BOTANICO SANTIAGO,EMAI,31.9,23.5,0.0,https://indomet.gob.do/wp-content/uploads/2026/05/temperaturas-extremas-y-precipitaciones-2026x05x10.pdf
2026-05-10,071,JIMANÍ,INDEPENDENCIA,MINISTERIO DE AGRICULTURA,EMCI,33.5,22.5,0.0,https://indomet.gob.do/wp-content/uploads/2026/05/temperaturas-extremas-y-precipitaciones-2026x05x10.pdf
2026-05-10,072,LA AGUSTINA (EMA),DISTRITO NACIONAL,PRIVADA,EMAP,,,0.0,https://indomet.gob.do/wp-content/uploads/2026/05/temperaturas-extremas-y-precipitaciones-2026x05x10.pdf
2026-05-10,073,LA VICTORIA,SANTO DOMINGO,CUERPO DE BOMBEROS,EMCI,30.0,23.5,0.0,https://indomet.gob.do/wp-content/uploads/2026/05/temperaturas-extremas-y-precipitaciones-2026x05x10.pdf
2026-05-10,074,LAS CANAS (EMA),MONTE CRISTI,PROGRAMA MUNDIAL DE ALIMENTO,EMAP,30.9,23.0,0.0,https://indomet.gob.do/wp-content/uploads/2026/05/temperaturas-extremas-y-precipitaciones-2026x05x10.pdf
2026-05-10,075,LOS CACICAZGOS (EMA),DISTRITO NACIONAL,PRIVADA,EMAP,,,0.0,https://indomet.gob.do/wp-content/uploads/2026/05/temperaturas-extremas-y-precipitaciones-2026x05x10.pdf
2026-05-10,076,LOS LLANOS,SAN PEDRO DE MACORÍS,MINISTERIO DE AGRICULTURA,EMCI,32.0,22.8,0.0,https://indomet.gob.do/wp-content/uploads/2026/05/temperaturas-extremas-y-precipitaciones-2026x05x10.pdf
2026-05-10,077,LOS TRES CHARCOS (EMA),PEDERNALES,PROPIEDAD DEL VOLUNTARIO,EMAP,,,0.0,https://indomet.gob.do/wp-content/uploads/2026/05/temperaturas-extremas-y-precipitaciones-2026x05x10.pdf
2026-05-10,078,LUPERÓN,PUERTO PLATA,MINISTERIO DE AGRICULTURA,EMCV,,,0.0,https://indomet.gob.do/wp-content/uploads/2026/05/temperaturas-extremas-y-precipitaciones-2026x05x10.pdf
2026-05-10,079,MAO,VALVERDE,INDRHI / MINISTERIO DE AGRICULTURA,EMCV,,,0.0,https://indomet.gob.do/wp-content/uploads/2026/05/temperaturas-extremas-y-precipitaciones-2026x05x10.pdf
2026-05-10,080,MONTE CRISTI,MONTE CRISTI,INDOMET,EMCI,34.8,24.2,0.0,https://indomet.gob.do/wp-content/uploads/2026/05/temperaturas-extremas-y-precipitaciones-2026x05x10.pdf
2026-05-10,081,NAVARRETE,SANTIAGO,MINISTERIO DE AGRICULTURA,EMCV,,,0.0,https://indomet.gob.do/wp-content/uploads/2026/05/temperaturas-extremas-y-precipitaciones-2026x05x10.pdf
2026-05-10,082,LOS COCOS (EMA),BAHORUCO,PRIVADA,EMAP,,,0.0,https://indomet.gob.do/wp-content/uploads/2026/05/temperaturas-extremas-y-precipitaciones-2026x05x10.pdf
2026-05-10,083,OLIVARES,PEDERNALES,INDRHI,EMCI,,,0.0,https://indomet.gob.do/wp-content/uploads/2026/05/temperaturas-extremas-y-precipitaciones-2026x05x10.pdf
2026-05-10,084,PADRE LAS CASAS,AZUA,HOSP. NTRA. SRA. DEL CARMEN,EMCI,32.5,20.3,0.0,https://indomet.gob.do/wp-content/uploads/2026/05/temperaturas-extremas-y-precipitaciones-2026x05x10.pdf
2026-05-10,085,PALO ÍNDIO,PUERTO PLATA,MINISTERIO DE AGRICULTURA,EMCI,,,0.0,https://indomet.gob.do/wp-content/uploads/2026/05/temperaturas-extremas-y-precipitaciones-2026x05x10.pdf
2026-05-10,086,PEDERNALES,PEDERNALES,INDRHI,EMCI,,,0.0,https://indomet.gob.do/wp-content/uploads/2026/05/temperaturas-extremas-y-precipitaciones-2026x05x10.pdf
2026-05-10,087,PERALTA,AZUA,HOSP. MPAL. DE PERALTA,EMCI,32.3,18.5,0.0,https://indomet.gob.do/wp-content/uploads/2026/05/temperaturas-extremas-y-precipitaciones-2026x05x10.pdf
2026-05-10,088,PESCADERIA (EMA),BARAHONA,MINISTERIO DE AGRICULTURA,EMAP,,,0.0,https://indomet.gob.do/wp-content/uploads/2026/05/temperaturas-extremas-y-precipitaciones-2026x05x10.pdf
2026-05-10,089,PROLONGACION 27 DE FEBRERO,DISTRITO NACIONAL,PRIVADA,EMAP,,,0.0,https://indomet.gob.do/wp-content/uploads/2026/05/temperaturas-extremas-y-precipitaciones-2026x05x10.pdf
2026-05-10,090,RESTAURACIÓN,DAJABÓN,MINISTERIO DE AGRICULTURA,EMCI,32.6,18.1,0.0,https://indomet.gob.do/wp-content/uploads/2026/05/temperaturas-extremas-y-precipitaciones-2026x05x10.pdf
2026-05-10,091,SABANETA (EMA),SANTIAGO RODRÍGUEZ,PROGRAMA MUNDIAL DE ALIMENTO,EMAP,36.6,23.2,0.0,https://indomet.gob.do/wp-content/uploads/2026/05/temperaturas-extremas-y-precipitaciones-2026x05x10.pdf
2026-05-10,092,SAN JOSÉ DE OCOA,SAN JOSÉ DE OCOA,HOSP. SAN JOSÉ DE OCOA,EMCI,30.5,21.3,0.0,https://indomet.gob.do/wp-content/uploads/2026/05/temperaturas-extremas-y-precipitaciones-2026x05x10.pdf
2026-05-10,093,SANTIAGO RODRÍGUEZ,SANTIAGO RODRÍGUEZ,INDOMET,EMCI,36.4,24.2,0.0,https://indomet.gob.do/wp-content/uploads/2026/05/temperaturas-extremas-y-precipitaciones-2026x05x10.pdf
2026-05-10,094,SANTO DOMINGO ESTE,SANTO DOMINGO,INDOMET,EMCI,31.5,24.5,0.0,https://indomet.gob.do/wp-content/uploads/2026/05/temperaturas-extremas-y-precipitaciones-2026x05x10.pdf
2026-05-10,095,TÁBARA ABAJO,AZUA,INDRHI,EMCI,30.8,20.0,0.0,https://indomet.gob.do/wp-content/uploads/2026/05/temperaturas-extremas-y-precipitaciones-2026x05x10.pdf
2026-05-10,096,VILLA ALTAGRACIA,SAN CRISTÓBAL,ESCUELA JAVIER ANGULO GURIDI,EMCI,,,0.0,https://indomet.gob.do/wp-content/uploads/2026/05/temperaturas-extremas-y-precipitaciones-2026x05x10.pdf
2026-05-10,097,VILLA ISABELA,PUERTO PLATA,MINISTERIO DE AGRICULTURA,EMCV,33.5,22.8,0.0,https://indomet.gob.do/wp-content/uploads/2026/05/temperaturas-extremas-y-precipitaciones-2026x05x10.pdf
2026-05-10,098,VILLA VASQUEZ (EMA),MONTE CRISTI,JUNTA DE REGANTES,EMAI,,,0.0,https://indomet.gob.do/wp-content/uploads/2026/05/temperaturas-extremas-y-precipitaciones-2026x05x10.pdf
2026-05-11,001,POLO,BARAHONA,INDOCAFE,EMCI,26.5,17.0,15.0,https://indomet.gob.do/wp-content/uploads/2026/05/temperaturas-extremas-y-precipitaciones-2026x05x11.pdf
2026-05-11,002,ENRIQUILLO,BARAHONA,MINISTERIO DE AGRICULTURA,EMCV,30.3,21.4,11.0,https://indomet.gob.do/wp-content/uploads/2026/05/temperaturas-extremas-y-precipitaciones-2026x05x11.pdf
2026-05-11,003,CABRERA,MARÍA TRINIDAD SÁNCHEZ,ESCUELA ARÍSTIDES FIALLO CABRAL,EMCI,32.6,24.0,9.5,https://indomet.gob.do/wp-content/uploads/2026/05/temperaturas-extremas-y-precipitaciones-2026x05x11.pdf
2026-05-11,004,LA AGUSTINA (EMA),DISTRITO NACIONAL,PRIVADA,EMAP,,,9.4,https://indomet.gob.do/wp-content/uploads/2026/05/temperaturas-extremas-y-precipitaciones-2026x05x11.pdf
2026-05-11,005,ENSANCHE LA FE (EMA),DISTRITO NACIONAL,PRIVADA,EMAP,,,9.3,https://indomet.gob.do/wp-content/uploads/2026/05/temperaturas-extremas-y-precipitaciones-2026x05x11.pdf
2026-05-11,006,JARDÍN BOTÁNICO NACIONAL,DISTRITO NACIONAL,JARDÍN BOTÁNICO NACIONAL,EMCV,32.2,22.5,8.4,https://indomet.gob.do/wp-content/uploads/2026/05/temperaturas-extremas-y-precipitaciones-2026x05x11.pdf
2026-05-11,007,SANTO DOMINGO ESTE,SANTO DOMINGO,INDOMET,EMCI,34.0,24.5,8.4,https://indomet.gob.do/wp-content/uploads/2026/05/temperaturas-extremas-y-precipitaciones-2026x05x11.pdf
2026-05-11,008,OVIEDO,PEDERNALES,CLÍNICA RURAL OVIEDO,EMCI,30.5,24.5,5.2,https://indomet.gob.do/wp-content/uploads/2026/05/temperaturas-extremas-y-precipitaciones-2026x05x11.pdf
2026-05-11,009,SALCEDO,HERMANAS MIRABAL,PROPIEDAD DEL EMPLEADO,EMCI,,,4.0,https://indomet.gob.do/wp-content/uploads/2026/05/temperaturas-extremas-y-precipitaciones-2026x05x11.pdf
2026-05-11,010,ARPT. DE PUNTA CANA,LA ALTAGRACIA,INDOMET,EMCI,31.2,21.6,3.8,https://indomet.gob.do/wp-content/uploads/2026/05/temperaturas-extremas-y-precipitaciones-2026x05x11.pdf
2026-05-11,011,LOS JARDINES (EMA),DISTRITO NACIONAL,PRIVADA,EMAP,,,3.6,https://indomet.gob.do/wp-content/uploads/2026/05/temperaturas-extremas-y-precipitaciones-2026x05x11.pdf
2026-05-11,012,ARPT. EL CATEY,SAMANÁ,INDOMET,EMCI,33.5,22.5,3.5,https://indomet.gob.do/wp-content/uploads/2026/05/temperaturas-extremas-y-precipitaciones-2026x05x11.pdf
2026-05-11,013,EL FACTOR (EMA),MARÍA TRINIDAD SÁNCHEZ,INTEC,EMAP,,,3.3,https://indomet.gob.do/wp-content/uploads/2026/05/temperaturas-extremas-y-precipitaciones-2026x05x11.pdf
2026-05-11,014,CENTRO DE LOS HEROES (EMA),DISTRITO NACIONAL,MINISTERIO DE ENERGIA Y MINA,EMAP,32.7,24.7,2.8,https://indomet.gob.do/wp-content/uploads/2026/05/temperaturas-extremas-y-precipitaciones-2026x05x11.pdf
2026-05-11,015,ARPT. LA ISABELA,SANTO DOMINGO,INDOMET,EMCI,33.0,20.8,2.5,https://indomet.gob.do/wp-content/uploads/2026/05/temperaturas-extremas-y-precipitaciones-2026x05x11.pdf
2026-05-11,016,BELLA VISTA (EMA),DISTRITO NACIONAL,PRIVADA,EMAP,,,2.5,https://indomet.gob.do/wp-content/uploads/2026/05/temperaturas-extremas-y-precipitaciones-2026x05x11.pdf
2026-05-11,017,SAN CRISTÓBAL,SAN CRISTÓBAL,INSTITUTO POLITÉCNICO LOYOLA,EMCI,31.2,22.0,2.4,https://indomet.gob.do/wp-content/uploads/2026/05/temperaturas-extremas-y-precipitaciones-2026x05x11.pdf
2026-05-11,018,PROLONGACION 27 DE FEBRERO,DISTRITO NACIONAL,PRIVADA,EMAP,,,2.2,https://indomet.gob.do/wp-content/uploads/2026/05/temperaturas-extremas-y-precipitaciones-2026x05x11.pdf
2026-05-11,019,GASPAR HERNÁNDEZ,ESPAILLAT,PROPIEDAD DEL EMPLEADO,EMCI,,,2.0,https://indomet.gob.do/wp-content/uploads/2026/05/temperaturas-extremas-y-precipitaciones-2026x05x11.pdf
2026-05-11,020,HATO MAYOR,HATO MAYOR,MINISTERIO DE AGRICULTURA,EMCV,,,1.8,https://indomet.gob.do/wp-content/uploads/2026/05/temperaturas-extremas-y-precipitaciones-2026x05x11.pdf
2026-05-11,021,RÍO SAN JUAN,MARÍA TRINIDAD SÁNCHEZ,HOSP. MPAL. DR. DESIDERIO ACOSTA,EMCV,32.4,24.2,1.4,https://indomet.gob.do/wp-content/uploads/2026/05/temperaturas-extremas-y-precipitaciones-2026x05x11.pdf
2026-05-11,022,PONTÓN ABAJO (EMA),LA VEGA,MINISTERIO DE AGRICULTURA,EMAP,33.0,21.8,1.0,https://indomet.gob.do/wp-content/uploads/2026/05/temperaturas-extremas-y-precipitaciones-2026x05x11.pdf
2026-05-11,023,ALTO BANDERA (EMA),LA VEGA,INTEC,EMAP,11.9,6.7,0.8,https://indomet.gob.do/wp-content/uploads/2026/05/temperaturas-extremas-y-precipitaciones-2026x05x11.pdf
2026-05-11,024,JUMA BEJUCAL,MONSEÑOR NOUEL,IDIAF,EMCV,31.8,22.6,0.7,https://indomet.gob.do/wp-content/uploads/2026/05/temperaturas-extremas-y-precipitaciones-2026x05x11.pdf
2026-05-11,025,RANCHO ARRIBA,SAN JOSÉ DE OCOA,CENTRO TECNOLÓGICO COMUNITARIO,EMCI,28.2,16.2,0.6,https://indomet.gob.do/wp-content/uploads/2026/05/temperaturas-extremas-y-precipitaciones-2026x05x11.pdf
2026-05-11,026,LOS CACICAZGOS (EMA),DISTRITO NACIONAL,PRIVADA,EMAP,,,0.5,https://indomet.gob.do/wp-content/uploads/2026/05/temperaturas-extremas-y-precipitaciones-2026x05x11.pdf
2026-05-11,027,ARPT. DEL CIBAO,SANTIAGO,INDOMET,EMCI,32.2,21.9,0.3,https://indomet.gob.do/wp-content/uploads/2026/05/temperaturas-extremas-y-precipitaciones-2026x05x11.pdf
2026-05-11,028,BASE AÉREA DE SAN ISIDRO,SANTO DOMINGO,FUERZA AÉREA DOMINICANA,EMCV,32.0,23.0,0.3,https://indomet.gob.do/wp-content/uploads/2026/05/temperaturas-extremas-y-precipitaciones-2026x05x11.pdf
2026-05-11,029,ANAMUYA (EMA),LA ALTAGRACIA,MINISTERIO DE AGRICULTURA,EMAP,32.3,22.4,0.2,https://indomet.gob.do/wp-content/uploads/2026/05/temperaturas-extremas-y-precipitaciones-2026x05x11.pdf
2026-05-11,030,CABRAL,BARAHONA,MINISTERIO DE AGRICULTURA,EMCV,32.7,22.5,0.2,https://indomet.gob.do/wp-content/uploads/2026/05/temperaturas-extremas-y-precipitaciones-2026x05x11.pdf
2026-05-11,031,SAN FRANCISCO DE MACORÍS,DUARTE,San Francisco de Macorís (UASD),EMCI,31.3,22.3,0.2,https://indomet.gob.do/wp-content/uploads/2026/05/temperaturas-extremas-y-precipitaciones-2026x05x11.pdf
2026-05-11,032,SABANA GRANDE DE BOYÁ,MONTE PLATA,MINISTERIO DE AGRICULTURA,EMCV,,,0.1,https://indomet.gob.do/wp-content/uploads/2026/05/temperaturas-extremas-y-precipitaciones-2026x05x11.pdf
2026-05-11,033,SAN RAFAEL DEL YUMA,LA ALTAGRACIA,MINISTERIO DE AGRICULTURA,EMCI,32.7,22.1,0.1,https://indomet.gob.do/wp-content/uploads/2026/05/temperaturas-extremas-y-precipitaciones-2026x05x11.pdf
2026-05-11,034,ALTAMIRA,PUERTO PLATA,HOSP. MPAL. DE ALTAMIRA,EMCI,33.7,20.0,0.0,https://indomet.gob.do/wp-content/uploads/2026/05/temperaturas-extremas-y-precipitaciones-2026x05x11.pdf
2026-05-11,035,ARPT. ARROYO BARRIL,SAMANÁ,INDOMET,EMCI,31.6,22.8,0.0,https://indomet.gob.do/wp-content/uploads/2026/05/temperaturas-extremas-y-precipitaciones-2026x05x11.pdf
2026-05-11,036,ARPT. DE LA ROMANA,LA ROMANA,INDOMET,EMCI,32.0,22.0,0.0,https://indomet.gob.do/wp-content/uploads/2026/05/temperaturas-extremas-y-precipitaciones-2026x05x11.pdf
2026-05-11,037,ARPT. DE LAS AMÉRICAS,SANTO DOMINGO,INDOMET,EMCI,31.5,22.8,0.0,https://indomet.gob.do/wp-content/uploads/2026/05/temperaturas-extremas-y-precipitaciones-2026x05x11.pdf
2026-05-11,038,ARPT. GREGORIO LUPERÓN,PUERTO PLATA,INDOMET,EMCI,31.8,23.4,0.0,https://indomet.gob.do/wp-content/uploads/2026/05/temperaturas-extremas-y-precipitaciones-2026x05x11.pdf
2026-05-11,039,ARPT. MARÍA MONTEZ,BARAHONA,INDOMET,EMCI,31.0,23.0,0.0,https://indomet.gob.do/wp-content/uploads/2026/05/temperaturas-extremas-y-precipitaciones-2026x05x11.pdf
2026-05-11,040,ARROYO LORO,SAN JUAN,IDIAF,EMCI,32.0,17.6,0.0,https://indomet.gob.do/wp-content/uploads/2026/05/temperaturas-extremas-y-precipitaciones-2026x05x11.pdf
2026-05-11,041,BANI (EMA),PERAVIA,MINISTERIO DE AGRICULTURA,EMAP,31.7,22.9,0.0,https://indomet.gob.do/wp-content/uploads/2026/05/temperaturas-extremas-y-precipitaciones-2026x05x11.pdf
2026-05-11,042,BAYAGUANA,MONTE PLATA,INDOMET,EMCI,33.8,22.2,0.0,https://indomet.gob.do/wp-content/uploads/2026/05/temperaturas-extremas-y-precipitaciones-2026x05x11.pdf
2026-05-11,043,BOCA DE MAO (EMA),VALVERDE,MINISTERIO DE AGRICULTURA,EMAP,,,0.0,https://indomet.gob.do/wp-content/uploads/2026/05/temperaturas-extremas-y-precipitaciones-2026x05x11.pdf
2026-05-11,044,BOHECHÍO,SAN JUAN,MINISTERIO DE AGRICULTURA,EMCV,,,0.0,https://indomet.gob.do/wp-content/uploads/2026/05/temperaturas-extremas-y-precipitaciones-2026x05x11.pdf
2026-05-11,045,BONAO,MONSEÑOR NOUEL,MINISTERIO DE AGRICULTURA,EMCV,,,0.0,https://indomet.gob.do/wp-content/uploads/2026/05/temperaturas-extremas-y-precipitaciones-2026x05x11.pdf
2026-05-11,046,BUCARA (EMA),SANTIAGO,MINISTERIO DE AGRICULTURA,EMAI,,,0.0,https://indomet.gob.do/wp-content/uploads/2026/05/temperaturas-extremas-y-precipitaciones-2026x05x11.pdf
2026-05-11,047,CONSTANZA,LA VEGA,MINISTERIO DE AGRICULTURA,EMCI,27.5,10.7,0.0,https://indomet.gob.do/wp-content/uploads/2026/05/temperaturas-extremas-y-precipitaciones-2026x05x11.pdf
2026-05-11,048,CONSTANZA (EMA),LA VEGA,PROGRAMA MUNDIAL DE ALIMENTO,EMAP,26.0,12.5,0.0,https://indomet.gob.do/wp-content/uploads/2026/05/temperaturas-extremas-y-precipitaciones-2026x05x11.pdf
2026-05-11,049,DAJABÓN,DAJABÓN,INSTITUTO POLITÉCNICO LOYOLA,EMCI,34.7,19.0,0.0,https://indomet.gob.do/wp-content/uploads/2026/05/temperaturas-extremas-y-precipitaciones-2026x05x11.pdf
2026-05-11,050,EL CERCADO,SAN JUAN,MINISTERIO DE AGRICULTURA,EMCV,,,0.0,https://indomet.gob.do/wp-content/uploads/2026/05/temperaturas-extremas-y-precipitaciones-2026x05x11.pdf
2026-05-11,051,EL MILLON (EMA),DISTRITO NACIONAL,PRIVADA,EMAP,,,0.0,https://indomet.gob.do/wp-content/uploads/2026/05/temperaturas-extremas-y-precipitaciones-2026x05x11.pdf
2026-05-11,052,EL SEIBO,EL SEIBO,MINISTERIO DE AGRICULTURA,EMCV,,,0.0,https://indomet.gob.do/wp-content/uploads/2026/05/temperaturas-extremas-y-precipitaciones-2026x05x11.pdf
2026-05-11,053,ELÍAS PIÑA,ELÍAS PIÑA,MINISTERIO DE AGRICULTURA,EMCV,,,0.0,https://indomet.gob.do/wp-content/uploads/2026/05/temperaturas-extremas-y-precipitaciones-2026x05x11.pdf
2026-05-11,054,ESCONDIDO,PERAVIA,MINISTERIO DE AGRICULTURA,EMCV,32.0,25.0,0.0,https://indomet.gob.do/wp-content/uploads/2026/05/temperaturas-extremas-y-precipitaciones-2026x05x11.pdf
2026-05-11,055,GURABO,SANTIAGO,MINISTERIO DE AGRICULTURA,EMCV,,,0.0,https://indomet.gob.do/wp-content/uploads/2026/05/temperaturas-extremas-y-precipitaciones-2026x05x11.pdf
2026-05-11,056,HONDO VALLE,ELÍAS PIÑA,MINISTERIO DE AGRICULTURA,EMCI,27.0,16.8,0.0,https://indomet.gob.do/wp-content/uploads/2026/05/temperaturas-extremas-y-precipitaciones-2026x05x11.pdf
2026-05-11,057,JARABACOA,LA VEGA,INDRHI / MARENA,EMCI,31.6,15.0,0.0,https://indomet.gob.do/wp-content/uploads/2026/05/temperaturas-extremas-y-precipitaciones-2026x05x11.pdf
2026-05-11,058,JARABACOA (EMA),LA VEGA,PROGRAMA MUNDIAL DE ALIMENTO,EMAP,30.1,17.6,0.0,https://indomet.gob.do/wp-content/uploads/2026/05/temperaturas-extremas-y-precipitaciones-2026x05x11.pdf
2026-05-11,059,JARDÍN BOTÁNICO SANTIAGO (EMSANTIAGO,,JARDIN BOTANICO SANTIAGO,EMAI,32.1,26.4,0.0,https://indomet.gob.do/wp-content/uploads/2026/05/temperaturas-extremas-y-precipitaciones-2026x05x11.pdf
2026-05-11,060,JIMANÍ,INDEPENDENCIA,MINISTERIO DE AGRICULTURA,EMCI,33.5,23.6,0.0,https://indomet.gob.do/wp-content/uploads/2026/05/temperaturas-extremas-y-precipitaciones-2026x05x11.pdf
2026-05-11,061,LA VEGA,LA VEGA,IATESA,EMCI,32.0,21.5,0.0,https://indomet.gob.do/wp-content/uploads/2026/05/temperaturas-extremas-y-precipitaciones-2026x05x11.pdf
2026-05-11,062,LA VICTORIA,SANTO DOMINGO,CUERPO DE BOMBEROS,EMCI,33.8,23.6,0.0,https://indomet.gob.do/wp-content/uploads/2026/05/temperaturas-extremas-y-precipitaciones-2026x05x11.pdf
2026-05-11,063,LAS CANAS (EMA),MONTE CRISTI,PROGRAMA MUNDIAL DE ALIMENTO,EMAP,31.2,23.4,0.0,https://indomet.gob.do/wp-content/uploads/2026/05/temperaturas-extremas-y-precipitaciones-2026x05x11.pdf
2026-05-11,064,LAS MATAS DE FARFÁN,SAN JUAN,MINISTERIO DE AGRICULTURA,EMCV,,,0.0,https://indomet.gob.do/wp-content/uploads/2026/05/temperaturas-extremas-y-precipitaciones-2026x05x11.pdf
2026-05-11,065,LOS LLANOS,SAN PEDRO DE MACORÍS,MINISTERIO DE AGRICULTURA,EMCI,33.5,22.5,0.0,https://indomet.gob.do/wp-content/uploads/2026/05/temperaturas-extremas-y-precipitaciones-2026x05x11.pdf
2026-05-11,066,LOS TRES CHARCOS (EMA),PEDERNALES,PROPIEDAD DEL VOLUNTARIO,EMAP,,,0.0,https://indomet.gob.do/wp-content/uploads/2026/05/temperaturas-extremas-y-precipitaciones-2026x05x11.pdf
2026-05-11,067,LUPERÓN,PUERTO PLATA,MINISTERIO DE AGRICULTURA,EMCV,,,0.0,https://indomet.gob.do/wp-content/uploads/2026/05/temperaturas-extremas-y-precipitaciones-2026x05x11.pdf
2026-05-11,068,MAO,VALVERDE,INDRHI / MINISTERIO DE AGRICULTURA,EMCV,,,0.0,https://indomet.gob.do/wp-content/uploads/2026/05/temperaturas-extremas-y-precipitaciones-2026x05x11.pdf
2026-05-11,069,MICHES (EMA),EL SEIBO,PRIVADA,EMAP,32.7,21.5,0.0,https://indomet.gob.do/wp-content/uploads/2026/05/temperaturas-extremas-y-precipitaciones-2026x05x11.pdf
2026-05-11,070,MONCIÓN (EMA),SANTIAGO RODRÍGUEZ,PROGRAMA MUNDIAL DE ALIMENTO,EMAP,32.2,20.3,0.0,https://indomet.gob.do/wp-content/uploads/2026/05/temperaturas-extremas-y-precipitaciones-2026x05x11.pdf
2026-05-11,071,MONTE CRISTI,MONTE CRISTI,INDOMET,EMCI,34.5,23.7,0.0,https://indomet.gob.do/wp-content/uploads/2026/05/temperaturas-extremas-y-precipitaciones-2026x05x11.pdf
2026-05-11,072,NAVARRETE,SANTIAGO,MINISTERIO DE AGRICULTURA,EMCV,,,0.0,https://indomet.gob.do/wp-content/uploads/2026/05/temperaturas-extremas-y-precipitaciones-2026x05x11.pdf
2026-05-11,073,LOS COCOS (EMA),BAHORUCO,PRIVADA,EMAP,,,0.0,https://indomet.gob.do/wp-content/uploads/2026/05/temperaturas-extremas-y-precipitaciones-2026x05x11.pdf
2026-05-11,074,OLIVARES,PEDERNALES,INDRHI,EMCI,,,0.0,https://indomet.gob.do/wp-content/uploads/2026/05/temperaturas-extremas-y-precipitaciones-2026x05x11.pdf
2026-05-11,075,PADRE LAS CASAS,AZUA,HOSP. NTRA. SRA. DEL CARMEN,EMCI,32.5,18.3,0.0,https://indomet.gob.do/wp-content/uploads/2026/05/temperaturas-extremas-y-precipitaciones-2026x05x11.pdf
2026-05-11,076,PALO ÍNDIO,PUERTO PLATA,MINISTERIO DE AGRICULTURA,EMCI,,,0.0,https://indomet.gob.do/wp-content/uploads/2026/05/temperaturas-extremas-y-precipitaciones-2026x05x11.pdf
2026-05-11,077,PEDERNALES,PEDERNALES,INDRHI,EMCI,,,0.0,https://indomet.gob.do/wp-content/uploads/2026/05/temperaturas-extremas-y-precipitaciones-2026x05x11.pdf
2026-05-11,078,PERALTA,AZUA,HOSP. MPAL. DE PERALTA,EMCI,31.9,17.5,0.0,https://indomet.gob.do/wp-content/uploads/2026/05/temperaturas-extremas-y-precipitaciones-2026x05x11.pdf
2026-05-11,079,PESCADERIA (EMA),BARAHONA,MINISTERIO DE AGRICULTURA,EMAP,,,0.0,https://indomet.gob.do/wp-content/uploads/2026/05/temperaturas-extremas-y-precipitaciones-2026x05x11.pdf
2026-05-11,080,PRESA DE TAVERAS (EMA),LA VEGA,PROGRAMA MUNDIAL DE ALIMENTO,EMAP,29.5,20.9,0.0,https://indomet.gob.do/wp-content/uploads/2026/05/temperaturas-extremas-y-precipitaciones-2026x05x11.pdf
2026-05-11,081,RESTAURACIÓN,DAJABÓN,MINISTERIO DE AGRICULTURA,EMCI,32.4,17.5,0.0,https://indomet.gob.do/wp-content/uploads/2026/05/temperaturas-extremas-y-precipitaciones-2026x05x11.pdf
2026-05-11,082,SABANA DE LA MAR,HATO MAYOR,INDOMET,EMCI,31.0,22.4,0.0,https://indomet.gob.do/wp-content/uploads/2026/05/temperaturas-extremas-y-precipitaciones-2026x05x11.pdf
2026-05-11,083,SABANETA (EMA),SANTIAGO RODRÍGUEZ,PROGRAMA MUNDIAL DE ALIMENTO,EMAP,36.3,22.5,0.0,https://indomet.gob.do/wp-content/uploads/2026/05/temperaturas-extremas-y-precipitaciones-2026x05x11.pdf
2026-05-11,084,SAJOMA (EMA),SANTIAGO,PLAN SIERRA,EMAI,,,0.0,https://indomet.gob.do/wp-content/uploads/2026/05/temperaturas-extremas-y-precipitaciones-2026x05x11.pdf
2026-05-11,085,SAMANÁ,SAMANÁ,COMANDANCIA DE PUERTO DE SAMANÁ,EMCI,32.2,18.9,0.0,https://indomet.gob.do/wp-content/uploads/2026/05/temperaturas-extremas-y-precipitaciones-2026x05x11.pdf
2026-05-11,086,SAN JOSÉ DE OCOA,SAN JOSÉ DE OCOA,HOSP. SAN JOSÉ DE OCOA,EMCI,30.1,19.5,0.0,https://indomet.gob.do/wp-content/uploads/2026/05/temperaturas-extremas-y-precipitaciones-2026x05x11.pdf
2026-05-11,087,SÁNCHEZ,SAMANÁ,MINISTERIO DE AGRICULTURA,EMCI,32.9,19.6,0.0,https://indomet.gob.do/wp-content/uploads/2026/05/temperaturas-extremas-y-precipitaciones-2026x05x11.pdf
2026-05-11,088,SANTIAGO (CENTRO),SANTIAGO,HUACALITO,EMCI,,,0.0,https://indomet.gob.do/wp-content/uploads/2026/05/temperaturas-extremas-y-precipitaciones-2026x05x11.pdf
2026-05-11,089,SANTIAGO RODRÍGUEZ,SANTIAGO RODRÍGUEZ,INDOMET,EMCI,36.5,23.0,0.0,https://indomet.gob.do/wp-content/uploads/2026/05/temperaturas-extremas-y-precipitaciones-2026x05x11.pdf
2026-05-11,090,TÁBARA ABAJO,AZUA,INDRHI,EMCI,32.0,22.0,0.0,https://indomet.gob.do/wp-content/uploads/2026/05/temperaturas-extremas-y-precipitaciones-2026x05x11.pdf
2026-05-11,091,VILLA ALTAGRACIA,SAN CRISTÓBAL,ESCUELA JAVIER ANGULO GURIDI,EMCI,,,0.0,https://indomet.gob.do/wp-content/uploads/2026/05/temperaturas-extremas-y-precipitaciones-2026x05x11.pdf
2026-05-11,092,VILLA GONZALES,SANTIAGO,MINISTERIO DE AGRICULTURA,EMCI,,,0.0,https://indomet.gob.do/wp-content/uploads/2026/05/temperaturas-extremas-y-precipitaciones-2026x05x11.pdf
2026-05-11,093,VILLA ISABELA,PUERTO PLATA,MINISTERIO DE AGRICULTURA,EMCV,32.8,21.0,0.0,https://indomet.gob.do/wp-content/uploads/2026/05/temperaturas-extremas-y-precipitaciones-2026x05x11.pdf
2026-05-11,094,VILLA RIVA,DUARTE,HOSP. MPAL. ALICIA DE LEGENDRE,EMCI,32.2,22.2,0.0,https://indomet.gob.do/wp-content/uploads/2026/05/temperaturas-extremas-y-precipitaciones-2026x05x11.pdf
2026-05-11,095,VILLA VASQUEZ (EMA),MONTE CRISTI,JUNTA DE REGANTES,EMAI,,,0.0,https://indomet.gob.do/wp-content/uploads/2026/05/temperaturas-extremas-y-precipitaciones-2026x05x11.pdf
2026-05-12,001,SÁNCHEZ,SAMANÁ,MINISTERIO DE AGRICULTURA,EMCI,32.4,19.0,33.8,https://indomet.gob.do/wp-content/uploads/2026/05/temperaturas-extremas-y-precipitaciones-2026x05x12.pdf
2026-05-12,002,POLO,BARAHONA,INDOCAFE,EMCI,28.5,17.5,14.5,https://indomet.gob.do/wp-content/uploads/2026/05/temperaturas-extremas-y-precipitaciones-2026x05x12.pdf
2026-05-12,003,ENRIQUILLO,BARAHONA,MINISTERIO DE AGRICULTURA,EMCV,31.0,20.5,11.6,https://indomet.gob.do/wp-content/uploads/2026/05/temperaturas-extremas-y-precipitaciones-2026x05x12.pdf
2026-05-12,004,SABANA GRANDE DE BOYÁ,MONTE PLATA,MINISTERIO DE AGRICULTURA,EMCV,,,11.4,https://indomet.gob.do/wp-content/uploads/2026/05/temperaturas-extremas-y-precipitaciones-2026x05x12.pdf
2026-05-12,005,ARPT. EL CATEY,SAMANÁ,INDOMET,EMCI,33.0,22.5,9.0,https://indomet.gob.do/wp-content/uploads/2026/05/temperaturas-extremas-y-precipitaciones-2026x05x12.pdf
2026-05-12,006,CABRAL,BARAHONA,MINISTERIO DE AGRICULTURA,EMCV,32.0,22.9,6.4,https://indomet.gob.do/wp-content/uploads/2026/05/temperaturas-extremas-y-precipitaciones-2026x05x12.pdf
2026-05-12,007,LOS JARDINES (EMA),DISTRITO NACIONAL,PRIVADA,EMAP,,,5.4,https://indomet.gob.do/wp-content/uploads/2026/05/temperaturas-extremas-y-precipitaciones-2026x05x12.pdf
2026-05-12,008,BANI (EMA),PERAVIA,MINISTERIO DE AGRICULTURA,EMAP,30.7,22.8,4.8,https://indomet.gob.do/wp-content/uploads/2026/05/temperaturas-extremas-y-precipitaciones-2026x05x12.pdf
2026-05-12,009,BAYAGUANA,MONTE PLATA,INDOMET,EMCI,31.8,23.8,4.4,https://indomet.gob.do/wp-content/uploads/2026/05/temperaturas-extremas-y-precipitaciones-2026x05x12.pdf
2026-05-12,010,PARQUE MIRADOR SUR,DISTRITO NACIONAL,AYUNTAMIENTO,EMCV,33.0,23.0,4.2,https://indomet.gob.do/wp-content/uploads/2026/05/temperaturas-extremas-y-precipitaciones-2026x05x12.pdf
2026-05-12,011,ARPT. DE PUNTA CANA,LA ALTAGRACIA,INDOMET,EMCI,30.8,22.0,4.0,https://indomet.gob.do/wp-content/uploads/2026/05/temperaturas-extremas-y-precipitaciones-2026x05x12.pdf
2026-05-12,012,LOS JENGIBRES,NAGUA,INDRHI,EMCI,,,3.6,https://indomet.gob.do/wp-content/uploads/2026/05/temperaturas-extremas-y-precipitaciones-2026x05x12.pdf
2026-05-12,013,EL FACTOR (EMA),MARÍA TRINIDAD SÁNCHEZ,INTEC,EMAP,32.3,22.8,3.0,https://indomet.gob.do/wp-content/uploads/2026/05/temperaturas-extremas-y-precipitaciones-2026x05x12.pdf
2026-05-12,014,SAN CRISTÓBAL,SAN CRISTÓBAL,INSTITUTO POLITÉCNICO LOYOLA,EMCI,31.0,22.2,2.9,https://indomet.gob.do/wp-content/uploads/2026/05/temperaturas-extremas-y-precipitaciones-2026x05x12.pdf
2026-05-12,015,JARDÍN BOTÁNICO NACIONAL,DISTRITO NACIONAL,JARDÍN BOTÁNICO NACIONAL,EMCV,31.5,22.1,2.8,https://indomet.gob.do/wp-content/uploads/2026/05/temperaturas-extremas-y-precipitaciones-2026x05x12.pdf
2026-05-12,016,SABANA DE LA MAR,HATO MAYOR,INDOMET,EMCI,32.0,23.2,2.8,https://indomet.gob.do/wp-content/uploads/2026/05/temperaturas-extremas-y-precipitaciones-2026x05x12.pdf
2026-05-12,017,LOS CACICAZGOS (EMA),DISTRITO NACIONAL,PRIVADA,EMAP,,,2.6,https://indomet.gob.do/wp-content/uploads/2026/05/temperaturas-extremas-y-precipitaciones-2026x05x12.pdf
2026-05-12,018,ARPT. LA ISABELA,SANTO DOMINGO,INDOMET,EMCI,31.9,22.6,2.2,https://indomet.gob.do/wp-content/uploads/2026/05/temperaturas-extremas-y-precipitaciones-2026x05x12.pdf
2026-05-12,019,ANAMUYA (EMA),LA ALTAGRACIA,MINISTERIO DE AGRICULTURA,EMAP,31.2,22.4,2.0,https://indomet.gob.do/wp-content/uploads/2026/05/temperaturas-extremas-y-precipitaciones-2026x05x12.pdf
2026-05-12,020,SAN RAFAEL DEL YUMA,LA ALTAGRACIA,MINISTERIO DE AGRICULTURA,EMCI,32.8,22.9,2.0,https://indomet.gob.do/wp-content/uploads/2026/05/temperaturas-extremas-y-precipitaciones-2026x05x12.pdf
2026-05-12,021,SAMANÁ,SAMANÁ,COMANDANCIA DE PUERTO DE SAMANÁ,EMCI,32.4,18.6,1.8,https://indomet.gob.do/wp-content/uploads/2026/05/temperaturas-extremas-y-precipitaciones-2026x05x12.pdf
2026-05-12,022,VILLA RIVA,DUARTE,HOSP. MPAL. ALICIA DE LEGENDRE,EMCI,31.5,22.0,1.8,https://indomet.gob.do/wp-content/uploads/2026/05/temperaturas-extremas-y-precipitaciones-2026x05x12.pdf
2026-05-12,023,OVIEDO,PEDERNALES,CLÍNICA RURAL OVIEDO,EMCI,31.2,23.7,1.6,https://indomet.gob.do/wp-content/uploads/2026/05/temperaturas-extremas-y-precipitaciones-2026x05x12.pdf
2026-05-12,024,BELLA VISTA (EMA),DISTRITO NACIONAL,PRIVADA,EMAP,,,1.3,https://indomet.gob.do/wp-content/uploads/2026/05/temperaturas-extremas-y-precipitaciones-2026x05x12.pdf
2026-05-12,025,VILLA ALTAGRACIA,SAN CRISTÓBAL,ESCUELA JAVIER ANGULO GURIDI,EMCI,,,1.2,https://indomet.gob.do/wp-content/uploads/2026/05/temperaturas-extremas-y-precipitaciones-2026x05x12.pdf
2026-05-12,026,ARPT. MARÍA MONTEZ,BARAHONA,INDOMET,EMCI,30.6,23.0,1.1,https://indomet.gob.do/wp-content/uploads/2026/05/temperaturas-extremas-y-precipitaciones-2026x05x12.pdf
2026-05-12,027,EL MILLON (EMA),DISTRITO NACIONAL,PRIVADA,EMAP,,,1.0,https://indomet.gob.do/wp-content/uploads/2026/05/temperaturas-extremas-y-precipitaciones-2026x05x12.pdf
2026-05-12,028,PROLONGACION 27 DE FEBRERO (EMA),DISTRITO NACIONAL,PRIVADA,EMAP,,,1.0,https://indomet.gob.do/wp-content/uploads/2026/05/temperaturas-extremas-y-precipitaciones-2026x05x12.pdf
2026-05-12,029,RÍO SAN JUAN,MARÍA TRINIDAD SÁNCHEZ,HOSP. MPAL. DR. DESIDERIO ACOSTA,EMCV,33.2,23.5,1.0,https://indomet.gob.do/wp-content/uploads/2026/05/temperaturas-extremas-y-precipitaciones-2026x05x12.pdf
2026-05-12,030,RANCHO ARRIBA,SAN JOSÉ DE OCOA,CENTRO TECNOLÓGICO COMUNITARIO,EMCI,28.5,17.3,0.7,https://indomet.gob.do/wp-content/uploads/2026/05/temperaturas-extremas-y-precipitaciones-2026x05x12.pdf
2026-05-12,031,MICHES (EMA),EL SEIBO,PRIVADA,EMAP,31.6,22.2,0.4,https://indomet.gob.do/wp-content/uploads/2026/05/temperaturas-extremas-y-precipitaciones-2026x05x12.pdf
2026-05-12,032,ALTO BANDERA (EMA),LA VEGA,INTEC,EMAP,14.3,7.4,0.3,https://indomet.gob.do/wp-content/uploads/2026/05/temperaturas-extremas-y-precipitaciones-2026x05x12.pdf
2026-05-12,033,CENTRO DE LOS HEROES (EMA),DISTRITO NACIONAL,MINISTERIO DE ENERGIA Y MINA,EMAP,30.6,25.3,0.2,https://indomet.gob.do/wp-content/uploads/2026/05/temperaturas-extremas-y-precipitaciones-2026x05x12.pdf
2026-05-12,034,JANICO (EMA),LA VEGA,PLAN SIERRA,EMAI,,,0.2,https://indomet.gob.do/wp-content/uploads/2026/05/temperaturas-extremas-y-precipitaciones-2026x05x12.pdf
2026-05-12,035,SAN FRANCISCO DE MACORÍS,DUARTE,San Francisco de Macorís (UASD),EMCI,31.3,22.3,0.2,https://indomet.gob.do/wp-content/uploads/2026/05/temperaturas-extremas-y-precipitaciones-2026x05x12.pdf
2026-05-12,036,VALLE NUEVO (EMA),LA VEGA,MARENA,EMAI,18.4,12.3,0.2,https://indomet.gob.do/wp-content/uploads/2026/05/temperaturas-extremas-y-precipitaciones-2026x05x12.pdf
2026-05-12,037,OLIVARES,PEDERNALES,INDRHI,EMCI,,,0.1,https://indomet.gob.do/wp-content/uploads/2026/05/temperaturas-extremas-y-precipitaciones-2026x05x12.pdf
2026-05-12,038,PEDERNALES,PEDERNALES,INDRHI,EMCI,,,0.1,https://indomet.gob.do/wp-content/uploads/2026/05/temperaturas-extremas-y-precipitaciones-2026x05x12.pdf
2026-05-12,039,SAN JOSÉ DE OCOA,SAN JOSÉ DE OCOA,HOSP. SAN JOSÉ DE OCOA,EMCI,29.7,20.6,0.1,https://indomet.gob.do/wp-content/uploads/2026/05/temperaturas-extremas-y-precipitaciones-2026x05x12.pdf
2026-05-12,040,ALTAMIRA,PUERTO PLATA,HOSP. MPAL. DE ALTAMIRA,EMCI,34.7,21.0,0.0,https://indomet.gob.do/wp-content/uploads/2026/05/temperaturas-extremas-y-precipitaciones-2026x05x12.pdf
2026-05-12,041,ARPT. ARROYO BARRIL,SAMANÁ,INDOMET,EMCI,31.7,23.5,0.0,https://indomet.gob.do/wp-content/uploads/2026/05/temperaturas-extremas-y-precipitaciones-2026x05x12.pdf
2026-05-12,042,ARPT. DE LA ROMANA,LA ROMANA,INDOMET,EMCI,32.0,22.0,0.0,https://indomet.gob.do/wp-content/uploads/2026/05/temperaturas-extremas-y-precipitaciones-2026x05x12.pdf
2026-05-12,043,ARPT. DE LAS AMÉRICAS,SANTO DOMINGO,INDOMET,EMCI,31.4,23.0,0.0,https://indomet.gob.do/wp-content/uploads/2026/05/temperaturas-extremas-y-precipitaciones-2026x05x12.pdf
2026-05-12,044,ARPT. DEL CIBAO,SANTIAGO,INDOMET,EMCI,34.0,21.7,0.0,https://indomet.gob.do/wp-content/uploads/2026/05/temperaturas-extremas-y-precipitaciones-2026x05x12.pdf
2026-05-12,045,ARPT. GREGORIO LUPERÓN,PUERTO PLATA,INDOMET,EMCI,31.6,23.0,0.0,https://indomet.gob.do/wp-content/uploads/2026/05/temperaturas-extremas-y-precipitaciones-2026x05x12.pdf
2026-05-12,046,ARROYO LORO,SAN JUAN,IDIAF,EMCI,31.6,17.6,0.0,https://indomet.gob.do/wp-content/uploads/2026/05/temperaturas-extremas-y-precipitaciones-2026x05x12.pdf
2026-05-12,047,BASE AÉREA DE SAN ISIDRO,SANTO DOMINGO,FUERZA AÉREA DOMINICANA,EMCV,31.0,22.0,0.0,https://indomet.gob.do/wp-content/uploads/2026/05/temperaturas-extremas-y-precipitaciones-2026x05x12.pdf
2026-05-12,048,BOCA DE MAO (EMA),VALVERDE,MINISTERIO DE AGRICULTURA,EMAP,36.8,24.5,0.0,https://indomet.gob.do/wp-content/uploads/2026/05/temperaturas-extremas-y-precipitaciones-2026x05x12.pdf
2026-05-12,049,BOHECHÍO,SAN JUAN,MINISTERIO DE AGRICULTURA,EMCV,,,0.0,https://indomet.gob.do/wp-content/uploads/2026/05/temperaturas-extremas-y-precipitaciones-2026x05x12.pdf
2026-05-12,050,BONAO,MONSEÑOR NOUEL,MINISTERIO DE AGRICULTURA,EMCV,,,0.0,https://indomet.gob.do/wp-content/uploads/2026/05/temperaturas-extremas-y-precipitaciones-2026x05x12.pdf
2026-05-12,051,BUCARA (EMA),SANTIAGO,MINISTERIO DE AGRICULTURA,EMAI,,,0.0,https://indomet.gob.do/wp-content/uploads/2026/05/temperaturas-extremas-y-precipitaciones-2026x05x12.pdf
2026-05-12,052,CABRERA,MARÍA TRINIDAD SÁNCHEZ,ESCUELA ARÍSTIDES FIALLO CABRAL,EMCI,32.6,24.0,0.0,https://indomet.gob.do/wp-content/uploads/2026/05/temperaturas-extremas-y-precipitaciones-2026x05x12.pdf
2026-05-12,053,CONSTANZA,LA VEGA,MINISTERIO DE AGRICULTURA,EMCI,27.0,14.7,0.0,https://indomet.gob.do/wp-content/uploads/2026/05/temperaturas-extremas-y-precipitaciones-2026x05x12.pdf
2026-05-12,054,CONSTANZA (EMA),LA VEGA,PROGRAMA MUNDIAL DE ALIMENTO,EMAP,26.0,16.2,0.0,https://indomet.gob.do/wp-content/uploads/2026/05/temperaturas-extremas-y-precipitaciones-2026x05x12.pdf
2026-05-12,055,COTUÍ,SÁNCHEZ RAMÍREZ,HOSP. INMACULADA CONCEPCIÓN,EMCV,,,0.0,https://indomet.gob.do/wp-content/uploads/2026/05/temperaturas-extremas-y-precipitaciones-2026x05x12.pdf
2026-05-12,056,DAJABÓN,DAJABÓN,INSTITUTO POLITÉCNICO LOYOLA,EMCI,35.0,18.9,0.0,https://indomet.gob.do/wp-content/uploads/2026/05/temperaturas-extremas-y-precipitaciones-2026x05x12.pdf
2026-05-12,057,EL CERCADO,SAN JUAN,MINISTERIO DE AGRICULTURA,EMCV,,,0.0,https://indomet.gob.do/wp-content/uploads/2026/05/temperaturas-extremas-y-precipitaciones-2026x05x12.pdf
2026-05-12,058,ELÍAS PIÑA,ELÍAS PIÑA,MINISTERIO DE AGRICULTURA,EMCV,,,0.0,https://indomet.gob.do/wp-content/uploads/2026/05/temperaturas-extremas-y-precipitaciones-2026x05x12.pdf
2026-05-12,059,ENSANCHE LA FE (EMA),DISTRITO NACIONAL,PRIVADA,EMAP,,,0.0,https://indomet.gob.do/wp-content/uploads/2026/05/temperaturas-extremas-y-precipitaciones-2026x05x12.pdf
2026-05-12,060,GASPAR HERNÁNDEZ,ESPAILLAT,PROPIEDAD DEL EMPLEADO,EMCI,,,0.0,https://indomet.gob.do/wp-content/uploads/2026/05/temperaturas-extremas-y-precipitaciones-2026x05x12.pdf
2026-05-12,061,GURABO,SANTIAGO,MINISTERIO DE AGRICULTURA,EMCV,,,0.0,https://indomet.gob.do/wp-content/uploads/2026/05/temperaturas-extremas-y-precipitaciones-2026x05x12.pdf
2026-05-12,062,HATO MAYOR,HATO MAYOR,MINISTERIO DE AGRICULTURA,EMCV,,,0.0,https://indomet.gob.do/wp-content/uploads/2026/05/temperaturas-extremas-y-precipitaciones-2026x05x12.pdf
2026-05-12,063,HONDO VALLE,ELÍAS PIÑA,MINISTERIO DE AGRICULTURA,EMCI,27.5,17.3,0.0,https://indomet.gob.do/wp-content/uploads/2026/05/temperaturas-extremas-y-precipitaciones-2026x05x12.pdf
2026-05-12,064,JARABACOA,LA VEGA,INDRHI / MARENA,EMCI,32.0,17.0,0.0,https://indomet.gob.do/wp-content/uploads/2026/05/temperaturas-extremas-y-precipitaciones-2026x05x12.pdf
2026-05-12,065,JARABACOA (EMA),LA VEGA,PROGRAMA MUNDIAL DE ALIMENTO,EMAP,,,0.0,https://indomet.gob.do/wp-content/uploads/2026/05/temperaturas-extremas-y-precipitaciones-2026x05x12.pdf
2026-05-12,066,JARDÍN BOTÁNICO SANTIAGO (EMA),SANTIAGO,JARDIN BOTANICO SANTIAGO,EMAI,32.9,25.2,0.0,https://indomet.gob.do/wp-content/uploads/2026/05/temperaturas-extremas-y-precipitaciones-2026x05x12.pdf
2026-05-12,067,JIMANÍ,INDEPENDENCIA,MINISTERIO DE AGRICULTURA,EMCI,32.8,23.5,0.0,https://indomet.gob.do/wp-content/uploads/2026/05/temperaturas-extremas-y-precipitaciones-2026x05x12.pdf
2026-05-12,068,JUMA BEJUCAL,MONSEÑOR NOUEL,IDIAF,EMCV,31.4,23.4,0.0,https://indomet.gob.do/wp-content/uploads/2026/05/temperaturas-extremas-y-precipitaciones-2026x05x12.pdf
2026-05-12,069,LA AGUSTINA (EMA),DISTRITO NACIONAL,PRIVADA,EMAP,,,0.0,https://indomet.gob.do/wp-content/uploads/2026/05/temperaturas-extremas-y-precipitaciones-2026x05x12.pdf
2026-05-12,070,LA VEGA,LA VEGA,IATESA,EMCI,32.5,21.5,0.0,https://indomet.gob.do/wp-content/uploads/2026/05/temperaturas-extremas-y-precipitaciones-2026x05x12.pdf
2026-05-12,071,LA VICTORIA,SANTO DOMINGO,CUERPO DE BOMBEROS,EMCI,33.5,23.5,0.0,https://indomet.gob.do/wp-content/uploads/2026/05/temperaturas-extremas-y-precipitaciones-2026x05x12.pdf
2026-05-12,072,LAS CANAS (EMA),MONTE CRISTI,PROGRAMA MUNDIAL DE ALIMENTO,EMAP,31.0,23.3,0.0,https://indomet.gob.do/wp-content/uploads/2026/05/temperaturas-extremas-y-precipitaciones-2026x05x12.pdf
2026-05-12,073,LAS MATAS DE SANTA CRUZ (EMA),MONTE CRISTI,PROGRAMA MUNDIAL DE ALIMENTO,EMAP,,,0.0,https://indomet.gob.do/wp-content/uploads/2026/05/temperaturas-extremas-y-precipitaciones-2026x05x12.pdf
2026-05-12,074,LOS COCOS (EMA),BAHORUCO,PRIVADA,EMAP,,,0.0,https://indomet.gob.do/wp-content/uploads/2026/05/temperaturas-extremas-y-precipitaciones-2026x05x12.pdf
2026-05-12,075,LOS LLANOS,SAN PEDRO DE MACORÍS,MINISTERIO DE AGRICULTURA,EMCI,33.0,23.7,0.0,https://indomet.gob.do/wp-content/uploads/2026/05/temperaturas-extremas-y-precipitaciones-2026x05x12.pdf
2026-05-12,076,MAO,VALVERDE,INDRHI / MINISTERIO DE AGRICULTURA,EMCV,,,0.0,https://indomet.gob.do/wp-content/uploads/2026/05/temperaturas-extremas-y-precipitaciones-2026x05x12.pdf
2026-05-12,077,MONCIÓN (EMA),SANTIAGO RODRÍGUEZ,PROGRAMA MUNDIAL DE ALIMENTO,EMAP,32.4,21.3,0.0,https://indomet.gob.do/wp-content/uploads/2026/05/temperaturas-extremas-y-precipitaciones-2026x05x12.pdf
2026-05-12,078,MONTE CRISTI,MONTE CRISTI,INDOMET,EMCI,35.2,25.0,0.0,https://indomet.gob.do/wp-content/uploads/2026/05/temperaturas-extremas-y-precipitaciones-2026x05x12.pdf
2026-05-12,079,PADRE LAS CASAS,AZUA,HOSP. NTRA. SRA. DEL CARMEN,EMCI,31.4,20.0,0.0,https://indomet.gob.do/wp-content/uploads/2026/05/temperaturas-extremas-y-precipitaciones-2026x05x12.pdf
2026-05-12,080,PALO ÍNDIO,PUERTO PLATA,MINISTERIO DE AGRICULTURA,EMCI,,,0.0,https://indomet.gob.do/wp-content/uploads/2026/05/temperaturas-extremas-y-precipitaciones-2026x05x12.pdf
2026-05-12,081,PASO AL MEDIO,SAN PEDRO DE MACORÍS,INDRHI,EMCI,,,0.0,https://indomet.gob.do/wp-content/uploads/2026/05/temperaturas-extremas-y-precipitaciones-2026x05x12.pdf
2026-05-12,082,PERALTA,AZUA,HOSP. MPAL. DE PERALTA,EMCI,30.0,17.1,0.0,https://indomet.gob.do/wp-content/uploads/2026/05/temperaturas-extremas-y-precipitaciones-2026x05x12.pdf
2026-05-12,083,PONTÓN ABAJO (EMA),LA VEGA,MINISTERIO DE AGRICULTURA,EMAP,34.2,23.3,0.0,https://indomet.gob.do/wp-content/uploads/2026/05/temperaturas-extremas-y-precipitaciones-2026x05x12.pdf
2026-05-12,084,PRESA DE TAVERAS (EMA),LA VEGA,PROGRAMA MUNDIAL DE ALIMENTO,EMAP,30.7,21.8,0.0,https://indomet.gob.do/wp-content/uploads/2026/05/temperaturas-extremas-y-precipitaciones-2026x05x12.pdf
2026-05-12,085,RESTAURACIÓN,DAJABÓN,MINISTERIO DE AGRICULTURA,EMCI,32.9,18.0,0.0,https://indomet.gob.do/wp-content/uploads/2026/05/temperaturas-extremas-y-precipitaciones-2026x05x12.pdf
2026-05-12,086,SABANETA (EMA),SANTIAGO RODRÍGUEZ,PROGRAMA MUNDIAL DE ALIMENTO,EMAP,36.3,23.8,0.0,https://indomet.gob.do/wp-content/uploads/2026/05/temperaturas-extremas-y-precipitaciones-2026x05x12.pdf
2026-05-12,087,SAJOMA (EMA),SANTIAGO,PLAN SIERRA,EMAI,,,0.0,https://indomet.gob.do/wp-content/uploads/2026/05/temperaturas-extremas-y-precipitaciones-2026x05x12.pdf
2026-05-12,088,SALCEDO,HERMANAS MIRABAL,PROPIEDAD DEL EMPLEADO,EMCI,,,0.0,https://indomet.gob.do/wp-content/uploads/2026/05/temperaturas-extremas-y-precipitaciones-2026x05x12.pdf
2026-05-12,089,SANTIAGO (CENTRO),SANTIAGO,HUACALITO,EMCI,,,0.0,https://indomet.gob.do/wp-content/uploads/2026/05/temperaturas-extremas-y-precipitaciones-2026x05x12.pdf
2026-05-12,090,SANTIAGO RODRÍGUEZ,SANTIAGO RODRÍGUEZ,INDOMET,EMCI,36.6,24.8,0.0,https://indomet.gob.do/wp-content/uploads/2026/05/temperaturas-extremas-y-precipitaciones-2026x05x12.pdf
2026-05-12,091,SANTO DOMINGO ESTE,SANTO DOMINGO,INDOMET,EMCI,32.6,24.2,0.0,https://indomet.gob.do/wp-content/uploads/2026/05/temperaturas-extremas-y-precipitaciones-2026x05x12.pdf
2026-05-12,092,TÁBARA ABAJO,AZUA,INDRHI,EMCI,30.5,19.3,0.0,https://indomet.gob.do/wp-content/uploads/2026/05/temperaturas-extremas-y-precipitaciones-2026x05x12.pdf
2026-05-12,093,TAVERA,SANTIAGO,INDRHI,EMCI,,,0.0,https://indomet.gob.do/wp-content/uploads/2026/05/temperaturas-extremas-y-precipitaciones-2026x05x12.pdf
2026-05-12,094,VILLA GONZALES,SANTIAGO,MINISTERIO DE AGRICULTURA,EMCI,,,0.0,https://indomet.gob.do/wp-content/uploads/2026/05/temperaturas-extremas-y-precipitaciones-2026x05x12.pdf
2026-05-12,095,VILLA ISABELA,PUERTO PLATA,MINISTERIO DE AGRICULTURA,EMCV,33.0,21.0,0.0,https://indomet.gob.do/wp-content/uploads/2026/05/temperaturas-extremas-y-precipitaciones-2026x05x12.pdf
2026-05-12,096,VILLA VASQUEZ (EMA),MONTE CRISTI,JUNTA DE REGANTES,EMAI,,,0.0,https://indomet.gob.do/wp-content/uploads/2026/05/temperaturas-extremas-y-precipitaciones-2026x05x12.pdf
2026-05-13,001,CABRAL,BARAHONA,MINISTERIO DE AGRICULTURA,EMCV,30.7,22.9,87.4,https://indomet.gob.do/wp-content/uploads/2026/05/temperaturas-extremas-y-precipitaciones-2026x05x13-1.pdf
2026-05-13,002,POLO,BARAHONA,INDOCAFE,EMCI,26.0,16.3,33.0,https://indomet.gob.do/wp-content/uploads/2026/05/temperaturas-extremas-y-precipitaciones-2026x05x13-1.pdf
2026-05-13,003,ARPT. MARÍA MONTEZ,BARAHONA,INDOMET,EMCI,30.6,23.5,27.5,https://indomet.gob.do/wp-content/uploads/2026/05/temperaturas-extremas-y-precipitaciones-2026x05x13-1.pdf
2026-05-13,004,SABANA DE LA MAR,HATO MAYOR,INDOMET,EMCI,31.2,22.6,7.7,https://indomet.gob.do/wp-content/uploads/2026/05/temperaturas-extremas-y-precipitaciones-2026x05x13-1.pdf
2026-05-13,005,VILLA ALTAGRACIA,SAN CRISTÓBAL,ESCUELA JAVIER ANGULO GURIDI,EMCI,,,6.5,https://indomet.gob.do/wp-content/uploads/2026/05/temperaturas-extremas-y-precipitaciones-2026x05x13-1.pdf
2026-05-13,006,SÁNCHEZ,SAMANÁ,MINISTERIO DE AGRICULTURA,EMCI,32.6,20.2,6.4,https://indomet.gob.do/wp-content/uploads/2026/05/temperaturas-extremas-y-precipitaciones-2026x05x13-1.pdf
2026-05-13,007,ESCONDIDO,PERAVIA,MINISTERIO DE AGRICULTURA,EMCV,31.0,23.0,6.1,https://indomet.gob.do/wp-content/uploads/2026/05/temperaturas-extremas-y-precipitaciones-2026x05x13-1.pdf
2026-05-13,008,LOS COCOS (EMA),BAHORUCO,PRIVADA,EMAP,,,5.5,https://indomet.gob.do/wp-content/uploads/2026/05/temperaturas-extremas-y-precipitaciones-2026x05x13-1.pdf
2026-05-13,009,ENRIQUILLO,BARAHONA,MINISTERIO DE AGRICULTURA,EMCV,31.0,21.4,4.2,https://indomet.gob.do/wp-content/uploads/2026/05/temperaturas-extremas-y-precipitaciones-2026x05x13-1.pdf
2026-05-13,010,SABANETA (EMA),SANTIAGO RODRÍGUEZ,PROGRAMA MUNDIAL DE ALIMENTO,EMAP,36.4,23.1,3.6,https://indomet.gob.do/wp-content/uploads/2026/05/temperaturas-extremas-y-precipitaciones-2026x05x13-1.pdf
2026-05-13,011,LA VICTORIA,SANTO DOMINGO,CUERPO DE BOMBEROS,EMCI,33.0,23.0,3.3,https://indomet.gob.do/wp-content/uploads/2026/05/temperaturas-extremas-y-precipitaciones-2026x05x13-1.pdf
2026-05-13,012,SANTIAGO RODRÍGUEZ,SANTIAGO RODRÍGUEZ,INDOMET,EMCI,36.3,23.5,3.2,https://indomet.gob.do/wp-content/uploads/2026/05/temperaturas-extremas-y-precipitaciones-2026x05x13-1.pdf
2026-05-13,013,LOS LLANOS,SAN PEDRO DE MACORÍS,MINISTERIO DE AGRICULTURA,EMCI,32.5,23.5,2.5,https://indomet.gob.do/wp-content/uploads/2026/05/temperaturas-extremas-y-precipitaciones-2026x05x13-1.pdf
2026-05-13,014,PERALTA,AZUA,HOSP. MPAL. DE PERALTA,EMCI,28.7,16.9,2.4,https://indomet.gob.do/wp-content/uploads/2026/05/temperaturas-extremas-y-precipitaciones-2026x05x13-1.pdf
2026-05-13,015,OVIEDO,PEDERNALES,CLÍNICA RURAL OVIEDO,EMCI,32.0,22.0,1.8,https://indomet.gob.do/wp-content/uploads/2026/05/temperaturas-extremas-y-precipitaciones-2026x05x13-1.pdf
2026-05-13,016,BANI (EMA),PERAVIA,MINISTERIO DE AGRICULTURA,EMAP,30.6,24.4,1.8,https://indomet.gob.do/wp-content/uploads/2026/05/temperaturas-extremas-y-precipitaciones-2026x05x13-1.pdf
2026-05-13,017,ARPT. DE LA ROMANA,LA ROMANA,INDOMET,EMCI,31.3,23.0,1.3,https://indomet.gob.do/wp-content/uploads/2026/05/temperaturas-extremas-y-precipitaciones-2026x05x13-1.pdf
2026-05-13,018,SAJOMA (EMA),SANTIAGO,PLAN SIERRA,EMAI,,,1.2,https://indomet.gob.do/wp-content/uploads/2026/05/temperaturas-extremas-y-precipitaciones-2026x05x13-1.pdf
2026-05-13,019,RANCHO ARRIBA,SAN JOSÉ DE OCOA,CENTRO TECNOLÓGICO COMUNITARIO,EMCI,27.4,17.1,0.8,https://indomet.gob.do/wp-content/uploads/2026/05/temperaturas-extremas-y-precipitaciones-2026x05x13-1.pdf
2026-05-13,020,SAN JOSÉ DE OCOA,SAN JOSÉ DE OCOA,HOSP. SAN JOSÉ DE OCOA,EMCI,28.6,17.3,0.8,https://indomet.gob.do/wp-content/uploads/2026/05/temperaturas-extremas-y-precipitaciones-2026x05x13-1.pdf
2026-05-13,021,HATO MAYOR,HATO MAYOR,MINISTERIO DE AGRICULTURA,EMCV,,,0.5,https://indomet.gob.do/wp-content/uploads/2026/05/temperaturas-extremas-y-precipitaciones-2026x05x13-1.pdf
2026-05-13,022,EL FACTOR (EMA),MARÍA TRINIDAD SÁNCHEZ,INTEC,EMAP,32.6,22.7,0.5,https://indomet.gob.do/wp-content/uploads/2026/05/temperaturas-extremas-y-precipitaciones-2026x05x13-1.pdf
2026-05-13,023,ARPT. DE LAS AMÉRICAS,SANTO DOMINGO,INDOMET,EMCI,31.2,22.7,0.3,https://indomet.gob.do/wp-content/uploads/2026/05/temperaturas-extremas-y-precipitaciones-2026x05x13-1.pdf
2026-05-13,024,PROLONGACION 27 DE FEBRERO,DISTRITO NACIONAL,PRIVADA,EMAP,,,0.3,https://indomet.gob.do/wp-content/uploads/2026/05/temperaturas-extremas-y-precipitaciones-2026x05x13-1.pdf
2026-05-13,025,LOS JARDINES (EMA),DISTRITO NACIONAL,PRIVADA,EMAP,,,0.2,https://indomet.gob.do/wp-content/uploads/2026/05/temperaturas-extremas-y-precipitaciones-2026x05x13-1.pdf
2026-05-13,026,HONDO VALLE,ELÍAS PIÑA,MINISTERIO DE AGRICULTURA,EMCI,27.1,17.5,0.1,https://indomet.gob.do/wp-content/uploads/2026/05/temperaturas-extremas-y-precipitaciones-2026x05x13-1.pdf
2026-05-13,027,JIMANÍ,INDEPENDENCIA,MINISTERIO DE AGRICULTURA,EMCI,32.0,23.5,0.1,https://indomet.gob.do/wp-content/uploads/2026/05/temperaturas-extremas-y-precipitaciones-2026x05x13-1.pdf
2026-05-13,028,SABANA GRANDE DE BOYÁ,MONTE PLATA,MINISTERIO DE AGRICULTURA,EMCV,,,0.1,https://indomet.gob.do/wp-content/uploads/2026/05/temperaturas-extremas-y-precipitaciones-2026x05x13-1.pdf
2026-05-13,029,TÁBARA ABAJO,AZUA,INDRHI,EMCI,31.8,19.5,0.1,https://indomet.gob.do/wp-content/uploads/2026/05/temperaturas-extremas-y-precipitaciones-2026x05x13-1.pdf
2026-05-13,030,ALTAMIRA,PUERTO PLATA,HOSP. MPAL. DE ALTAMIRA,EMCI,34.3,22.7,0.0,https://indomet.gob.do/wp-content/uploads/2026/05/temperaturas-extremas-y-precipitaciones-2026x05x13-1.pdf
2026-05-13,031,ARPT. ARROYO BARRIL,SAMANÁ,INDOMET,EMCI,31.9,23.3,0.0,https://indomet.gob.do/wp-content/uploads/2026/05/temperaturas-extremas-y-precipitaciones-2026x05x13-1.pdf
2026-05-13,032,ARPT. DE PUNTA CANA,LA ALTAGRACIA,INDOMET,EMCI,30.7,21.0,0.0,https://indomet.gob.do/wp-content/uploads/2026/05/temperaturas-extremas-y-precipitaciones-2026x05x13-1.pdf
2026-05-13,033,ARPT. DEL CIBAO,SANTIAGO,INDOMET,EMCI,33.8,22.7,0.0,https://indomet.gob.do/wp-content/uploads/2026/05/temperaturas-extremas-y-precipitaciones-2026x05x13-1.pdf
2026-05-13,034,ARPT. EL CATEY,SAMANÁ,INDOMET,EMCI,33.0,22.0,0.0,https://indomet.gob.do/wp-content/uploads/2026/05/temperaturas-extremas-y-precipitaciones-2026x05x13-1.pdf
2026-05-13,035,ARPT. GREGORIO LUPERÓN,PUERTO PLATA,INDOMET,EMCI,33.5,23.0,0.0,https://indomet.gob.do/wp-content/uploads/2026/05/temperaturas-extremas-y-precipitaciones-2026x05x13-1.pdf
2026-05-13,036,ARPT. LA ISABELA,SANTO DOMINGO,INDOMET,EMCI,33.5,23.0,0.0,https://indomet.gob.do/wp-content/uploads/2026/05/temperaturas-extremas-y-precipitaciones-2026x05x13-1.pdf
2026-05-13,037,ARROYO LORO,SAN JUAN,IDIAF,EMCI,31.0,20.5,0.0,https://indomet.gob.do/wp-content/uploads/2026/05/temperaturas-extremas-y-precipitaciones-2026x05x13-1.pdf
2026-05-13,038,BASE AÉREA DE SAN ISIDRO,SANTO DOMINGO,FUERZA AÉREA DOMINICANA,EMCV,31.0,23.5,0.0,https://indomet.gob.do/wp-content/uploads/2026/05/temperaturas-extremas-y-precipitaciones-2026x05x13-1.pdf
2026-05-13,039,BAYAGUANA,MONTE PLATA,INDOMET,EMCI,32.8,22.5,0.0,https://indomet.gob.do/wp-content/uploads/2026/05/temperaturas-extremas-y-precipitaciones-2026x05x13-1.pdf
2026-05-13,040,BOHECHÍO,SAN JUAN,MINISTERIO DE AGRICULTURA,EMCV,,,0.0,https://indomet.gob.do/wp-content/uploads/2026/05/temperaturas-extremas-y-precipitaciones-2026x05x13-1.pdf
2026-05-13,041,BONAO,MONSEÑOR NOUEL,MINISTERIO DE AGRICULTURA,EMCV,,,0.0,https://indomet.gob.do/wp-content/uploads/2026/05/temperaturas-extremas-y-precipitaciones-2026x05x13-1.pdf
2026-05-13,042,CABRERA,MARÍA TRINIDAD SÁNCHEZ,ESCUELA ARÍSTIDES FIALLO CABRAL,EMCI,32.0,25.2,0.0,https://indomet.gob.do/wp-content/uploads/2026/05/temperaturas-extremas-y-precipitaciones-2026x05x13-1.pdf
2026-05-13,043,CENTRO DE LOS HEROES (EMA),DISTRITO NACIONAL,MINISTERIO DE ENERGIA Y MINA,EMAP,31.4,27.6,0.0,https://indomet.gob.do/wp-content/uploads/2026/05/temperaturas-extremas-y-precipitaciones-2026x05x13-1.pdf
2026-05-13,044,CONSTANZA,LA VEGA,MINISTERIO DE AGRICULTURA,EMCI,26.7,17.5,0.0,https://indomet.gob.do/wp-content/uploads/2026/05/temperaturas-extremas-y-precipitaciones-2026x05x13-1.pdf
2026-05-13,045,CONSTANZA (EMA),LA VEGA,PROGRAMA MUNDIAL DE ALIMENTO,EMAP,24.6,14.1,0.0,https://indomet.gob.do/wp-content/uploads/2026/05/temperaturas-extremas-y-precipitaciones-2026x05x13-1.pdf
2026-05-13,046,DAJABÓN,DAJABÓN,INSTITUTO POLITÉCNICO LOYOLA,EMCI,34.3,19.1,0.0,https://indomet.gob.do/wp-content/uploads/2026/05/temperaturas-extremas-y-precipitaciones-2026x05x13-1.pdf
2026-05-13,047,EL CERCADO,SAN JUAN,MINISTERIO DE AGRICULTURA,EMCV,,,0.0,https://indomet.gob.do/wp-content/uploads/2026/05/temperaturas-extremas-y-precipitaciones-2026x05x13-1.pdf
2026-05-13,048,EL MILLON (EMA),DISTRITO NACIONAL,PRIVADA,EMAP,,,0.0,https://indomet.gob.do/wp-content/uploads/2026/05/temperaturas-extremas-y-precipitaciones-2026x05x13-1.pdf
2026-05-13,049,ELÍAS PIÑA,ELÍAS PIÑA,MINISTERIO DE AGRICULTURA,EMCV,,,0.0,https://indomet.gob.do/wp-content/uploads/2026/05/temperaturas-extremas-y-precipitaciones-2026x05x13-1.pdf
2026-05-13,050,ENSANCHE LA FE (EMA),DISTRITO NACIONAL,PRIVADA,EMAP,,,0.0,https://indomet.gob.do/wp-content/uploads/2026/05/temperaturas-extremas-y-precipitaciones-2026x05x13-1.pdf
2026-05-13,051,JARABACOA,LA VEGA,INDRHI / MARENA,EMCI,32.4,17.2,0.0,https://indomet.gob.do/wp-content/uploads/2026/05/temperaturas-extremas-y-precipitaciones-2026x05x13-1.pdf
2026-05-13,052,JUMA BEJUCAL,MONSEÑOR NOUEL,IDIAF,EMCV,32.0,22.2,0.0,https://indomet.gob.do/wp-content/uploads/2026/05/temperaturas-extremas-y-precipitaciones-2026x05x13-1.pdf
2026-05-13,053,LA VEGA,LA VEGA,IATESA,EMCI,33.0,22.0,0.0,https://indomet.gob.do/wp-content/uploads/2026/05/temperaturas-extremas-y-precipitaciones-2026x05x13-1.pdf
2026-05-13,054,LAS CANAS (EMA),MONTE CRISTI,PROGRAMA MUNDIAL DE ALIMENTO,EMAP,30.5,23.4,0.0,https://indomet.gob.do/wp-content/uploads/2026/05/temperaturas-extremas-y-precipitaciones-2026x05x13-1.pdf
2026-05-13,055,LUPERÓN,PUERTO PLATA,MINISTERIO DE AGRICULTURA,EMCV,,,0.0,https://indomet.gob.do/wp-content/uploads/2026/05/temperaturas-extremas-y-precipitaciones-2026x05x13-1.pdf
2026-05-13,056,MAO,VALVERDE,INDRHI / MINISTERIO DE AGRICULTURA,EMCV,,,0.0,https://indomet.gob.do/wp-content/uploads/2026/05/temperaturas-extremas-y-precipitaciones-2026x05x13-1.pdf
2026-05-13,057,MICHES (EMA),EL SEIBO,PRIVADA,EMAP,33.4,24.3,0.0,https://indomet.gob.do/wp-content/uploads/2026/05/temperaturas-extremas-y-precipitaciones-2026x05x13-1.pdf
2026-05-13,058,MONCIÓN (EMA),SANTIAGO RODRÍGUEZ,PROGRAMA MUNDIAL DE ALIMENTO,EMAP,31.0,21.0,0.0,https://indomet.gob.do/wp-content/uploads/2026/05/temperaturas-extremas-y-precipitaciones-2026x05x13-1.pdf
2026-05-13,059,MONTE CRISTI,MONTE CRISTI,INDOMET,EMCI,35.0,24.8,0.0,https://indomet.gob.do/wp-content/uploads/2026/05/temperaturas-extremas-y-precipitaciones-2026x05x13-1.pdf
2026-05-13,060,OLIVARES,PEDERNALES,INDRHI,EMCI,,,0.0,https://indomet.gob.do/wp-content/uploads/2026/05/temperaturas-extremas-y-precipitaciones-2026x05x13-1.pdf
2026-05-13,061,PADRE LAS CASAS,AZUA,HOSP. NTRA. SRA. DEL CARMEN,EMCI,29.0,19.0,0.0,https://indomet.gob.do/wp-content/uploads/2026/05/temperaturas-extremas-y-precipitaciones-2026x05x13-1.pdf
2026-05-13,062,PALO ÍNDIO,PUERTO PLATA,MINISTERIO DE AGRICULTURA,EMCI,,,0.0,https://indomet.gob.do/wp-content/uploads/2026/05/temperaturas-extremas-y-precipitaciones-2026x05x13-1.pdf
2026-05-13,063,PEDERNALES,PEDERNALES,INDRHI,EMCI,,,0.0,https://indomet.gob.do/wp-content/uploads/2026/05/temperaturas-extremas-y-precipitaciones-2026x05x13-1.pdf
2026-05-13,064,PESCADERIA (EMA),BARAHONA,MINISTERIO DE AGRICULTURA,EMAP,,,0.0,https://indomet.gob.do/wp-content/uploads/2026/05/temperaturas-extremas-y-precipitaciones-2026x05x13-1.pdf
2026-05-13,065,PONTÓN ABAJO (EMA),LA VEGA,MINISTERIO DE AGRICULTURA,EMAP,34.1,22.4,0.0,https://indomet.gob.do/wp-content/uploads/2026/05/temperaturas-extremas-y-precipitaciones-2026x05x13-1.pdf
2026-05-13,066,RESTAURACIÓN,DAJABÓN,MINISTERIO DE AGRICULTURA,EMCI,31.6,17.3,0.0,https://indomet.gob.do/wp-content/uploads/2026/05/temperaturas-extremas-y-precipitaciones-2026x05x13-1.pdf
2026-05-13,067,RÍO SAN JUAN,MARÍA TRINIDAD SÁNCHEZ,HOSP. MPAL. DR. DESIDERIO ACOSTA,EMCV,33.6,24.3,0.0,https://indomet.gob.do/wp-content/uploads/2026/05/temperaturas-extremas-y-precipitaciones-2026x05x13-1.pdf
2026-05-13,068,SALCEDO,HERMANAS MIRABAL,PROPIEDAD DEL EMPLEADO,EMCI,,,0.0,https://indomet.gob.do/wp-content/uploads/2026/05/temperaturas-extremas-y-precipitaciones-2026x05x13-1.pdf
2026-05-13,069,SAMANÁ,SAMANÁ,COMANDANCIA DE PUERTO DE SAMANÁ,EMCI,32.8,20.6,0.0,https://indomet.gob.do/wp-content/uploads/2026/05/temperaturas-extremas-y-precipitaciones-2026x05x13-1.pdf
2026-05-13,070,SAN CRISTÓBAL,SAN CRISTÓBAL,INSTITUTO POLITÉCNICO LOYOLA,EMCI,31.2,21.2,0.0,https://indomet.gob.do/wp-content/uploads/2026/05/temperaturas-extremas-y-precipitaciones-2026x05x13-1.pdf
2026-05-13,071,SAN FRANCISCO DE MACORÍS,DUARTE,San Francisco de Macorís (UASD),EMCI,29.8,22.8,0.0,https://indomet.gob.do/wp-content/uploads/2026/05/temperaturas-extremas-y-precipitaciones-2026x05x13-1.pdf
2026-05-13,072,SAN RAFAEL DEL YUMA,LA ALTAGRACIA,MINISTERIO DE AGRICULTURA,EMCI,32.6,25.4,0.0,https://indomet.gob.do/wp-content/uploads/2026/05/temperaturas-extremas-y-precipitaciones-2026x05x13-1.pdf
2026-05-13,073,SANTIAGO (CENTRO),SANTIAGO,HUACALITO,EMCI,,,0.0,https://indomet.gob.do/wp-content/uploads/2026/05/temperaturas-extremas-y-precipitaciones-2026x05x13-1.pdf
2026-05-13,074,SANTO DOMINGO ESTE,SANTO DOMINGO,INDOMET,EMCI,32.3,25.0,0.0,https://indomet.gob.do/wp-content/uploads/2026/05/temperaturas-extremas-y-precipitaciones-2026x05x13-1.pdf
2026-05-13,075,VILLA GONZALES,SANTIAGO,MINISTERIO DE AGRICULTURA,EMCI,,,0.0,https://indomet.gob.do/wp-content/uploads/2026/05/temperaturas-extremas-y-precipitaciones-2026x05x13-1.pdf
2026-05-13,076,VILLA ISABELA,PUERTO PLATA,MINISTERIO DE AGRICULTURA,EMCV,33.2,21.2,0.0,https://indomet.gob.do/wp-content/uploads/2026/05/temperaturas-extremas-y-precipitaciones-2026x05x13-1.pdf
2026-05-13,077,VILLA RIVA,DUARTE,HOSP. MPAL. ALICIA DE LEGENDRE,EMCI,32.7,22.7,0.0,https://indomet.gob.do/wp-content/uploads/2026/05/temperaturas-extremas-y-precipitaciones-2026x05x13-1.pdf
2026-05-13,078,VILLA VASQUEZ (EMA),MONTE CRISTI,JUNTA DE REGANTES,EMAI,,,0.0,https://indomet.gob.do/wp-content/uploads/2026/05/temperaturas-extremas-y-precipitaciones-2026x05x13-1.pdf
2026-05-13,079,JARABACOA (EMA),LA VEGA,PROGRAMA MUNDIAL DE ALIMENTO,EMAP,30.7,19.3,0.0,https://indomet.gob.do/wp-content/uploads/2026/05/temperaturas-extremas-y-precipitaciones-2026x05x13-1.pdf
2026-05-13,080,JARDÍN BOTÁNICO SANTIAGO (EMSANTIAGO,,JARDIN BOTANICO SANTIAGO,EMAI,32.6,26.8,0.0,https://indomet.gob.do/wp-content/uploads/2026/05/temperaturas-extremas-y-precipitaciones-2026x05x13-1.pdf
2026-05-13,081,BOCA DE MAO (EMA),VALVERDE,MINISTERIO DE AGRICULTURA,EMAP,35.3,24.2,0.0,https://indomet.gob.do/wp-content/uploads/2026/05/temperaturas-extremas-y-precipitaciones-2026x05x13-1.pdf
2026-05-13,082,ALTO BANDERA (EMA),LA VEGA,INTEC,EMAP,13.1,6.2,0.0,https://indomet.gob.do/wp-content/uploads/2026/05/temperaturas-extremas-y-precipitaciones-2026x05x13-1.pdf
2026-05-13,083,ANAMUYA (EMA),LA ALTAGRACIA,MINISTERIO DE AGRICULTURA,EMAP,31.8,23.4,0.0,https://indomet.gob.do/wp-content/uploads/2026/05/temperaturas-extremas-y-precipitaciones-2026x05x13-1.pdf
2026-05-13,084,COTUÍ,SÁNCHEZ RAMÍREZ,HOSP. INMACULADA CONCEPCIÓN,EMCV,,,0.0,https://indomet.gob.do/wp-content/uploads/2026/05/temperaturas-extremas-y-precipitaciones-2026x05x13-1.pdf
2026-05-13,085,JANICO (EMA),LA VEGA,PLAN SIERRA,EMAI,,,0.0,https://indomet.gob.do/wp-content/uploads/2026/05/temperaturas-extremas-y-precipitaciones-2026x05x13-1.pdf
2026-05-13,086,LOS JENGIBRES,NAGUA,INDRHI,EMCI,,,0.0,https://indomet.gob.do/wp-content/uploads/2026/05/temperaturas-extremas-y-precipitaciones-2026x05x13-1.pdf
2026-05-13,087,PASO AL MEDIO,SAN PEDRO DE MACORÍS,INDRHI,EMCI,,,0.0,https://indomet.gob.do/wp-content/uploads/2026/05/temperaturas-extremas-y-precipitaciones-2026x05x13-1.pdf
2026-05-13,088,TAVERA,SANTIAGO,INDRHI,EMCI,,,0.0,https://indomet.gob.do/wp-content/uploads/2026/05/temperaturas-extremas-y-precipitaciones-2026x05x13-1.pdf
2026-05-14,001,DAJABÓN,DAJABÓN,INSTITUTO POLITÉCNICO LOYOLA,EMCI,33.0,18.0,65.1,https://indomet.gob.do/wp-content/uploads/2026/05/temperaturas-extremas-y-precipitaciones-2026x05x14-a.pdf
2026-05-14,002,RESTAURACIÓN,DAJABÓN,MINISTERIO DE AGRICULTURA,EMCI,30.9,18.8,43.8,https://indomet.gob.do/wp-content/uploads/2026/05/temperaturas-extremas-y-precipitaciones-2026x05x14-a.pdf
2026-05-14,003,LOS JENGIBRES,NAGUA,INDRHI,EMCI,,,36.1,https://indomet.gob.do/wp-content/uploads/2026/05/temperaturas-extremas-y-precipitaciones-2026x05x14-a.pdf
2026-05-14,004,RÍO SAN JUAN,MARÍA TRINIDAD SÁNCHEZ,HOSP. MPAL. DR. DESIDERIO ACOSTA,EMCV,34.2,23.9,17.0,https://indomet.gob.do/wp-content/uploads/2026/05/temperaturas-extremas-y-precipitaciones-2026x05x14-a.pdf
2026-05-14,005,PERALTA,AZUA,HOSP. MPAL. DE PERALTA,EMCI,27.3,16.5,15.8,https://indomet.gob.do/wp-content/uploads/2026/05/temperaturas-extremas-y-precipitaciones-2026x05x14-a.pdf
2026-05-14,006,TÁBARA ABAJO,AZUA,INDRHI,EMCI,32.9,19.0,14.8,https://indomet.gob.do/wp-content/uploads/2026/05/temperaturas-extremas-y-precipitaciones-2026x05x14-a.pdf
2026-05-14,007,CABRAL,BARAHONA,MINISTERIO DE AGRICULTURA,EMCV,29.4,22.7,13.4,https://indomet.gob.do/wp-content/uploads/2026/05/temperaturas-extremas-y-precipitaciones-2026x05x14-a.pdf
2026-05-14,008,CENTRO DE LOS HEROES (EMA),DISTRITO NACIONAL,MINISTERIO DE ENERGIA Y MINA,EMAP,,,11.2,https://indomet.gob.do/wp-content/uploads/2026/05/temperaturas-extremas-y-precipitaciones-2026x05x14-a.pdf
2026-05-14,009,VILLA ALTAGRACIA,SAN CRISTÓBAL,ESCUELA JAVIER ANGULO GURIDI,EMCI,,,10.7,https://indomet.gob.do/wp-content/uploads/2026/05/temperaturas-extremas-y-precipitaciones-2026x05x14-a.pdf
2026-05-14,010,EL FACTOR (EMA),MARÍA TRINIDAD SÁNCHEZ,INTEC,EMAP,,,9.4,https://indomet.gob.do/wp-content/uploads/2026/05/temperaturas-extremas-y-precipitaciones-2026x05x14-a.pdf
2026-05-14,011,SAN CRISTÓBAL,SAN CRISTÓBAL,INSTITUTO POLITÉCNICO LOYOLA,EMCI,30.1,21.2,9.4,https://indomet.gob.do/wp-content/uploads/2026/05/temperaturas-extremas-y-precipitaciones-2026x05x14-a.pdf
2026-05-14,012,BANI (EMA),PERAVIA,MINISTERIO DE AGRICULTURA,EMAP,,,7.8,https://indomet.gob.do/wp-content/uploads/2026/05/temperaturas-extremas-y-precipitaciones-2026x05x14-a.pdf
2026-05-14,013,ALTO BANDERA (EMA),LA VEGA,INTEC,EMAP,,,6.6,https://indomet.gob.do/wp-content/uploads/2026/05/temperaturas-extremas-y-precipitaciones-2026x05x14-a.pdf
2026-05-14,014,ARPT. MARÍA MONTEZ,BARAHONA,INDOMET,EMCI,29.8,23.1,6.6,https://indomet.gob.do/wp-content/uploads/2026/05/temperaturas-extremas-y-precipitaciones-2026x05x14-a.pdf
2026-05-14,015,SAN JOSÉ DE OCOA,SAN JOSÉ DE OCOA,HOSP. SAN JOSÉ DE OCOA,EMCI,25.9,17.0,6.2,https://indomet.gob.do/wp-content/uploads/2026/05/temperaturas-extremas-y-precipitaciones-2026x05x14-a.pdf
2026-05-14,016,POLO,BARAHONA,INDOCAFE,EMCI,26.5,17.0,5.7,https://indomet.gob.do/wp-content/uploads/2026/05/temperaturas-extremas-y-precipitaciones-2026x05x14-a.pdf
2026-05-14,017,MONTE CRISTI,MONTE CRISTI,INDOMET,EMCI,33.7,25.1,3.6,https://indomet.gob.do/wp-content/uploads/2026/05/temperaturas-extremas-y-precipitaciones-2026x05x14-a.pdf
2026-05-14,018,SANTIAGO RODRÍGUEZ,SANTIAGO RODRÍGUEZ,INDOMET,EMCI,36.5,24.3,3.6,https://indomet.gob.do/wp-content/uploads/2026/05/temperaturas-extremas-y-precipitaciones-2026x05x14-a.pdf
2026-05-14,019,SABANETA (EMA),SANTIAGO RODRÍGUEZ,PROGRAMA MUNDIAL DE ALIMENTO,EMAP,,,3.4,https://indomet.gob.do/wp-content/uploads/2026/05/temperaturas-extremas-y-precipitaciones-2026x05x14-a.pdf
2026-05-14,020,PADRE LAS CASAS,AZUA,HOSP. NTRA. SRA. DEL CARMEN,EMCI,28.0,17.5,3.2,https://indomet.gob.do/wp-content/uploads/2026/05/temperaturas-extremas-y-precipitaciones-2026x05x14-a.pdf
2026-05-14,021,PROLONGACION 27 DE FEBRERO,DISTRITO NACIONAL,PRIVADA,EMAP,,,3.2,https://indomet.gob.do/wp-content/uploads/2026/05/temperaturas-extremas-y-precipitaciones-2026x05x14-a.pdf
2026-05-14,022,EL MILLON (EMA),DISTRITO NACIONAL,PRIVADA,EMAP,,,3.0,https://indomet.gob.do/wp-content/uploads/2026/05/temperaturas-extremas-y-precipitaciones-2026x05x14-a.pdf
2026-05-14,023,ENSANCHE LA FE (EMA),DISTRITO NACIONAL,PRIVADA,EMAP,,,2.6,https://indomet.gob.do/wp-content/uploads/2026/05/temperaturas-extremas-y-precipitaciones-2026x05x14-a.pdf
2026-05-14,024,JARDÍN BOTÁNICO NACIONAL,DISTRITO NACIONAL,JARDÍN BOTÁNICO NACIONAL,EMCV,32.1,22.3,2.6,https://indomet.gob.do/wp-content/uploads/2026/05/temperaturas-extremas-y-precipitaciones-2026x05x14-a.pdf
2026-05-14,025,LA AGUSTINA (EMA),DISTRITO NACIONAL,PRIVADA,EMAP,,,2.5,https://indomet.gob.do/wp-content/uploads/2026/05/temperaturas-extremas-y-precipitaciones-2026x05x14-a.pdf
2026-05-14,026,RANCHO ARRIBA,SAN JOSÉ DE OCOA,CENTRO TECNOLÓGICO COMUNITARIO,EMCI,26.0,17.4,2.4,https://indomet.gob.do/wp-content/uploads/2026/05/temperaturas-extremas-y-precipitaciones-2026x05x14-a.pdf
2026-05-14,027,SAMANÁ,SAMANÁ,COMANDANCIA DE PUERTO DE SAMANÁ,EMCI,33.1,19.1,2.2,https://indomet.gob.do/wp-content/uploads/2026/05/temperaturas-extremas-y-precipitaciones-2026x05x14-a.pdf
2026-05-14,028,BASE AÉREA DE SAN ISIDRO,SANTO DOMINGO,FUERZA AÉREA DOMINICANA,EMCV,31.5,22.5,2.0,https://indomet.gob.do/wp-content/uploads/2026/05/temperaturas-extremas-y-precipitaciones-2026x05x14-a.pdf
2026-05-14,029,LOS JARDINES (EMA),DISTRITO NACIONAL,PRIVADA,EMAP,,,2.0,https://indomet.gob.do/wp-content/uploads/2026/05/temperaturas-extremas-y-precipitaciones-2026x05x14-a.pdf
2026-05-14,030,BAYAGUANA,MONTE PLATA,INDOMET,EMCI,33.2,23.0,1.8,https://indomet.gob.do/wp-content/uploads/2026/05/temperaturas-extremas-y-precipitaciones-2026x05x14-a.pdf
2026-05-14,031,LOS CACICAZGOS (EMA),DISTRITO NACIONAL,PRIVADA,EMAP,,,1.8,https://indomet.gob.do/wp-content/uploads/2026/05/temperaturas-extremas-y-precipitaciones-2026x05x14-a.pdf
2026-05-14,032,ARPT. DE PUNTA CANA,LA ALTAGRACIA,INDOMET,EMCI,30.8,23.0,1.6,https://indomet.gob.do/wp-content/uploads/2026/05/temperaturas-extremas-y-precipitaciones-2026x05x14-a.pdf
2026-05-14,033,ARPT. LA ISABELA,SANTO DOMINGO,INDOMET,EMCI,32.8,22.7,1.0,https://indomet.gob.do/wp-content/uploads/2026/05/temperaturas-extremas-y-precipitaciones-2026x05x14-a.pdf
2026-05-14,034,ARPT. DE LAS AMÉRICAS,SANTO DOMINGO,INDOMET,EMCI,31.6,23.8,0.7,https://indomet.gob.do/wp-content/uploads/2026/05/temperaturas-extremas-y-precipitaciones-2026x05x14-a.pdf
2026-05-14,035,LAS CANAS (EMA),MONTE CRISTI,PROGRAMA MUNDIAL DE ALIMENTO,EMAP,,,0.6,https://indomet.gob.do/wp-content/uploads/2026/05/temperaturas-extremas-y-precipitaciones-2026x05x14-a.pdf
2026-05-14,036,ESCONDIDO,PERAVIA,MINISTERIO DE AGRICULTURA,EMCV,31.0,24.0,0.5,https://indomet.gob.do/wp-content/uploads/2026/05/temperaturas-extremas-y-precipitaciones-2026x05x14-a.pdf
2026-05-14,037,LA VICTORIA,SANTO DOMINGO,CUERPO DE BOMBEROS,EMCI,33.5,23.5,0.5,https://indomet.gob.do/wp-content/uploads/2026/05/temperaturas-extremas-y-precipitaciones-2026x05x14-a.pdf
2026-05-14,038,ENRIQUILLO,BARAHONA,MINISTERIO DE AGRICULTURA,EMCV,31.5,22.5,0.4,https://indomet.gob.do/wp-content/uploads/2026/05/temperaturas-extremas-y-precipitaciones-2026x05x14-a.pdf
2026-05-14,039,ARPT. DE LA ROMANA,LA ROMANA,INDOMET,EMCI,32.2,22.5,0.3,https://indomet.gob.do/wp-content/uploads/2026/05/temperaturas-extremas-y-precipitaciones-2026x05x14-a.pdf
2026-05-14,040,ARPT. DEL CIBAO,SANTIAGO,INDOMET,EMCI,32.8,23.0,0.2,https://indomet.gob.do/wp-content/uploads/2026/05/temperaturas-extremas-y-precipitaciones-2026x05x14-a.pdf
2026-05-14,041,JANICO (EMA),LA VEGA,PLAN SIERRA,EMAI,,,0.2,https://indomet.gob.do/wp-content/uploads/2026/05/temperaturas-extremas-y-precipitaciones-2026x05x14-a.pdf
2026-05-14,042,OVIEDO,PEDERNALES,CLÍNICA RURAL OVIEDO,EMCI,32.0,23.0,0.2,https://indomet.gob.do/wp-content/uploads/2026/05/temperaturas-extremas-y-precipitaciones-2026x05x14-a.pdf
2026-05-14,043,JUMA BEJUCAL,MONSEÑOR NOUEL,IDIAF,EMCV,30.2,22.6,0.1,https://indomet.gob.do/wp-content/uploads/2026/05/temperaturas-extremas-y-precipitaciones-2026x05x14-a.pdf
2026-05-14,044,SABANA GRANDE DE BOYÁ,MONTE PLATA,MINISTERIO DE AGRICULTURA,EMCV,,,0.1,https://indomet.gob.do/wp-content/uploads/2026/05/temperaturas-extremas-y-precipitaciones-2026x05x14-a.pdf
2026-05-14,045,SANTO DOMINGO ESTE,SANTO DOMINGO,INDOMET,EMCI,32.2,26.2,0.1,https://indomet.gob.do/wp-content/uploads/2026/05/temperaturas-extremas-y-precipitaciones-2026x05x14-a.pdf
2026-05-14,046,VILLA ISABELA,PUERTO PLATA,MINISTERIO DE AGRICULTURA,EMCV,33.5,21.0,0.1,https://indomet.gob.do/wp-content/uploads/2026/05/temperaturas-extremas-y-precipitaciones-2026x05x14-a.pdf
2026-05-14,047,ALTAMIRA,PUERTO PLATA,HOSP. MPAL. DE ALTAMIRA,EMCI,34.5,22.4,0.0,https://indomet.gob.do/wp-content/uploads/2026/05/temperaturas-extremas-y-precipitaciones-2026x05x14-a.pdf
2026-05-14,048,ANAMUYA (EMA),LA ALTAGRACIA,MINISTERIO DE AGRICULTURA,EMAP,,,0.0,https://indomet.gob.do/wp-content/uploads/2026/05/temperaturas-extremas-y-precipitaciones-2026x05x14-a.pdf
2026-05-14,049,ARPT. ARROYO BARRIL,SAMANÁ,INDOMET,EMCI,31.3,23.5,0.0,https://indomet.gob.do/wp-content/uploads/2026/05/temperaturas-extremas-y-precipitaciones-2026x05x14-a.pdf
2026-05-14,050,ARPT. EL CATEY,SAMANÁ,INDOMET,EMCI,35.0,22.0,0.0,https://indomet.gob.do/wp-content/uploads/2026/05/temperaturas-extremas-y-precipitaciones-2026x05x14-a.pdf
2026-05-14,051,ARPT. GREGORIO LUPERÓN,PUERTO PLATA,INDOMET,EMCI,33.2,23.2,0.0,https://indomet.gob.do/wp-content/uploads/2026/05/temperaturas-extremas-y-precipitaciones-2026x05x14-a.pdf
2026-05-14,052,ARROYO LORO,SAN JUAN,IDIAF,EMCI,30.0,18.2,0.0,https://indomet.gob.do/wp-content/uploads/2026/05/temperaturas-extremas-y-precipitaciones-2026x05x14-a.pdf
2026-05-14,053,BOCA DE MAO (EMA),VALVERDE,MINISTERIO DE AGRICULTURA,EMAP,,,0.0,https://indomet.gob.do/wp-content/uploads/2026/05/temperaturas-extremas-y-precipitaciones-2026x05x14-a.pdf
2026-05-14,054,BONAO,MONSEÑOR NOUEL,MINISTERIO DE AGRICULTURA,EMCV,,,0.0,https://indomet.gob.do/wp-content/uploads/2026/05/temperaturas-extremas-y-precipitaciones-2026x05x14-a.pdf
2026-05-14,055,BUCARA (EMA),SANTIAGO,MINISTERIO DE AGRICULTURA,EMAI,,,0.0,https://indomet.gob.do/wp-content/uploads/2026/05/temperaturas-extremas-y-precipitaciones-2026x05x14-a.pdf
2026-05-14,056,CABRERA,MARÍA TRINIDAD SÁNCHEZ,ESCUELA ARÍSTIDES FIALLO CABRAL,EMCI,32.5,25.5,0.0,https://indomet.gob.do/wp-content/uploads/2026/05/temperaturas-extremas-y-precipitaciones-2026x05x14-a.pdf
2026-05-14,057,CONSTANZA,LA VEGA,MINISTERIO DE AGRICULTURA,EMCI,27.1,11.5,0.0,https://indomet.gob.do/wp-content/uploads/2026/05/temperaturas-extremas-y-precipitaciones-2026x05x14-a.pdf
2026-05-14,059,EL CERCADO,SAN JUAN,MINISTERIO DE AGRICULTURA,EMCV,,,0.0,https://indomet.gob.do/wp-content/uploads/2026/05/temperaturas-extremas-y-precipitaciones-2026x05x14-a.pdf
2026-05-14,060,EL SEIBO,EL SEIBO,MINISTERIO DE AGRICULTURA,EMCV,,,0.0,https://indomet.gob.do/wp-content/uploads/2026/05/temperaturas-extremas-y-precipitaciones-2026x05x14-a.pdf
2026-05-14,061,GASPAR HERNÁNDEZ,ESPAILLAT,PROPIEDAD DEL EMPLEADO,EMCI,,,0.0,https://indomet.gob.do/wp-content/uploads/2026/05/temperaturas-extremas-y-precipitaciones-2026x05x14-a.pdf
2026-05-14,062,GURABO,SANTIAGO,MINISTERIO DE AGRICULTURA,EMCV,,,0.0,https://indomet.gob.do/wp-content/uploads/2026/05/temperaturas-extremas-y-precipitaciones-2026x05x14-a.pdf
2026-05-14,063,HATO MAYOR,HATO MAYOR,MINISTERIO DE AGRICULTURA,EMCV,,,0.0,https://indomet.gob.do/wp-content/uploads/2026/05/temperaturas-extremas-y-precipitaciones-2026x05x14-a.pdf
2026-05-14,064,HONDO VALLE,ELÍAS PIÑA,MINISTERIO DE AGRICULTURA,EMCI,27.6,17.7,0.0,https://indomet.gob.do/wp-content/uploads/2026/05/temperaturas-extremas-y-precipitaciones-2026x05x14-a.pdf
2026-05-14,065,JARABACOA,LA VEGA,INDRHI / MARENA,EMCI,30.0,16.2,0.0,https://indomet.gob.do/wp-content/uploads/2026/05/temperaturas-extremas-y-precipitaciones-2026x05x14-a.pdf
2026-05-14,066,JARABACOA (EMA),LA VEGA,PROGRAMA MUNDIAL DE ALIMENTO,EMAP,,,0.0,https://indomet.gob.do/wp-content/uploads/2026/05/temperaturas-extremas-y-precipitaciones-2026x05x14-a.pdf
2026-05-14,068,JIMANÍ,INDEPENDENCIA,MINISTERIO DE AGRICULTURA,EMCI,32.0,23.8,0.0,https://indomet.gob.do/wp-content/uploads/2026/05/temperaturas-extremas-y-precipitaciones-2026x05x14-a.pdf
2026-05-14,069,LA VEGA,LA VEGA,IATESA,EMCI,31.5,22.0,0.0,https://indomet.gob.do/wp-content/uploads/2026/05/temperaturas-extremas-y-precipitaciones-2026x05x14-a.pdf
2026-05-14,070,LOS COCOS (EMA),BAHORUCO,PRIVADA,EMAP,,,0.0,https://indomet.gob.do/wp-content/uploads/2026/05/temperaturas-extremas-y-precipitaciones-2026x05x14-a.pdf
2026-05-14,071,LOS LLANOS,SAN PEDRO DE MACORÍS,MINISTERIO DE AGRICULTURA,EMCI,33.0,23.4,0.0,https://indomet.gob.do/wp-content/uploads/2026/05/temperaturas-extremas-y-precipitaciones-2026x05x14-a.pdf
2026-05-14,072,MICHES (EMA),EL SEIBO,PRIVADA,EMAP,,,0.0,https://indomet.gob.do/wp-content/uploads/2026/05/temperaturas-extremas-y-precipitaciones-2026x05x14-a.pdf
2026-05-14,073,MONCIÓN (EMA),SANTIAGO RODRÍGUEZ,PROGRAMA MUNDIAL DE ALIMENTO,EMAP,,,0.0,https://indomet.gob.do/wp-content/uploads/2026/05/temperaturas-extremas-y-precipitaciones-2026x05x14-a.pdf
2026-05-14,074,NAVARRETE,SANTIAGO,MINISTERIO DE AGRICULTURA,EMCV,,,0.0,https://indomet.gob.do/wp-content/uploads/2026/05/temperaturas-extremas-y-precipitaciones-2026x05x14-a.pdf
2026-05-14,075,OLIVARES,PEDERNALES,INDRHI,EMCI,,,0.0,https://indomet.gob.do/wp-content/uploads/2026/05/temperaturas-extremas-y-precipitaciones-2026x05x14-a.pdf
2026-05-14,076,PALO ÍNDIO,PUERTO PLATA,MINISTERIO DE AGRICULTURA,EMCI,,,0.0,https://indomet.gob.do/wp-content/uploads/2026/05/temperaturas-extremas-y-precipitaciones-2026x05x14-a.pdf
2026-05-14,077,PASO AL MEDIO,SAN PEDRO DE MACORÍS,INDRHI,EMCI,,,0.0,https://indomet.gob.do/wp-content/uploads/2026/05/temperaturas-extremas-y-precipitaciones-2026x05x14-a.pdf
2026-05-14,078,PEDERNALES,PEDERNALES,INDRHI,EMCI,,,0.0,https://indomet.gob.do/wp-content/uploads/2026/05/temperaturas-extremas-y-precipitaciones-2026x05x14-a.pdf
2026-05-14,080,PRESA DE TAVERAS (EMA),LA VEGA,PROGRAMA MUNDIAL DE ALIMENTO,EMAP,,,0.0,https://indomet.gob.do/wp-content/uploads/2026/05/temperaturas-extremas-y-precipitaciones-2026x05x14-a.pdf
2026-05-14,081,SABANA DE LA MAR,HATO MAYOR,INDOMET,EMCI,32.6,22.6,0.0,https://indomet.gob.do/wp-content/uploads/2026/05/temperaturas-extremas-y-precipitaciones-2026x05x14-a.pdf
2026-05-14,083,SALCEDO,HERMANAS MIRABAL,PROPIEDAD DEL EMPLEADO,EMCI,,,0.0,https://indomet.gob.do/wp-content/uploads/2026/05/temperaturas-extremas-y-precipitaciones-2026x05x14-a.pdf
2026-05-14,084,SAN FRANCISCO DE MACORÍS,DUARTE,San Francisco de Macorís (UASD),EMCI,32.2,23.8,0.0,https://indomet.gob.do/wp-content/uploads/2026/05/temperaturas-extremas-y-precipitaciones-2026x05x14-a.pdf
2026-05-14,085,SAN RAFAEL DEL YUMA,LA ALTAGRACIA,MINISTERIO DE AGRICULTURA,EMCI,33.9,23.2,0.0,https://indomet.gob.do/wp-content/uploads/2026/05/temperaturas-extremas-y-precipitaciones-2026x05x14-a.pdf
2026-05-14,086,SÁNCHEZ,SAMANÁ,MINISTERIO DE AGRICULTURA,EMCI,33.4,19.6,0.0,https://indomet.gob.do/wp-content/uploads/2026/05/temperaturas-extremas-y-precipitaciones-2026x05x14-a.pdf
2026-05-14,087,TAMBORIL,SANTIAGO,MINISTERIO DE AGRICULTURA,EMCV,,,0.0,https://indomet.gob.do/wp-content/uploads/2026/05/temperaturas-extremas-y-precipitaciones-2026x05x14-a.pdf
2026-05-14,088,TAVERA,SANTIAGO,INDRHI,EMCI,,,0.0,https://indomet.gob.do/wp-content/uploads/2026/05/temperaturas-extremas-y-precipitaciones-2026x05x14-a.pdf
2026-05-14,089,VILLA GONZALES,SANTIAGO,MINISTERIO DE AGRICULTURA,EMCI,,,0.0,https://indomet.gob.do/wp-content/uploads/2026/05/temperaturas-extremas-y-precipitaciones-2026x05x14-a.pdf
2026-05-14,090,VILLA RIVA,DUARTE,HOSP. MPAL. ALICIA DE LEGENDRE,EMCI,33.4,22.0,0.0,https://indomet.gob.do/wp-content/uploads/2026/05/temperaturas-extremas-y-precipitaciones-2026x05x14-a.pdf
2026-05-14,091,VILLA VASQUEZ (EMA),MONTE CRISTI,JUNTA DE REGANTES,EMAI,,,0.0,https://indomet.gob.do/wp-content/uploads/2026/05/temperaturas-extremas-y-precipitaciones-2026x05x14-a.pdf
2026-05-15,001,RESTAURACIÓN,DAJABÓN,MINISTERIO DE AGRICULTURA,EMCI,31.7,18.4,86.0,https://indomet.gob.do/wp-content/uploads/2026/05/temperaturas-extremas-y-precipitaciones-2026x05x15-b.pdf
2026-05-15,002,SAMANÁ,SAMANÁ,COMANDANCIA DE PUERTO DE SAMANÁ,EMCI,33.9,18.5,29.8,https://indomet.gob.do/wp-content/uploads/2026/05/temperaturas-extremas-y-precipitaciones-2026x05x15-b.pdf
2026-05-15,003,ARPT. ARROYO BARRIL,SAMANÁ,INDOMET,EMCI,32.4,23.2,18.5,https://indomet.gob.do/wp-content/uploads/2026/05/temperaturas-extremas-y-precipitaciones-2026x05x15-b.pdf
2026-05-15,004,EL FACTOR (EMA),MARÍA TRINIDAD SÁNCHEZ,INTEC,EMAP,33.5,23.4,16.5,https://indomet.gob.do/wp-content/uploads/2026/05/temperaturas-extremas-y-precipitaciones-2026x05x15-b.pdf
2026-05-15,005,LOS CACICAZGOS (EMA),DISTRITO NACIONAL,PRIVADA,EMAP,,,15.2,https://indomet.gob.do/wp-content/uploads/2026/05/temperaturas-extremas-y-precipitaciones-2026x05x15-b.pdf
2026-05-15,006,ESCONDIDO,PERAVIA,MINISTERIO DE AGRICULTURA,EMCV,32.0,24.0,7.9,https://indomet.gob.do/wp-content/uploads/2026/05/temperaturas-extremas-y-precipitaciones-2026x05x15-b.pdf
2026-05-15,007,SAN CRISTÓBAL,SAN CRISTÓBAL,INSTITUTO POLITÉCNICO LOYOLA,EMCI,30.2,22.0,7.2,https://indomet.gob.do/wp-content/uploads/2026/05/temperaturas-extremas-y-precipitaciones-2026x05x15-b.pdf
2026-05-15,008,CONSTANZA,LA VEGA,MINISTERIO DE AGRICULTURA,EMCI,29.6,12.4,5.9,https://indomet.gob.do/wp-content/uploads/2026/05/temperaturas-extremas-y-precipitaciones-2026x05x15-b.pdf
2026-05-15,009,CONSTANZA (EMA),LA VEGA,PROGRAMA MUNDIAL DE ALIMENTO,EMAP,28.1,13.9,5.6,https://indomet.gob.do/wp-content/uploads/2026/05/temperaturas-extremas-y-precipitaciones-2026x05x15-b.pdf
2026-05-15,010,SABANA DE LA MAR,HATO MAYOR,INDOMET,EMCI,31.6,22.6,5.2,https://indomet.gob.do/wp-content/uploads/2026/05/temperaturas-extremas-y-precipitaciones-2026x05x15-b.pdf
2026-05-15,011,LA VEGA,LA VEGA,IATESA,EMCI,34.0,23.0,5.0,https://indomet.gob.do/wp-content/uploads/2026/05/temperaturas-extremas-y-precipitaciones-2026x05x15-b.pdf
2026-05-15,012,POLO,BARAHONA,INDOCAFE,EMCI,27.0,14.0,4.2,https://indomet.gob.do/wp-content/uploads/2026/05/temperaturas-extremas-y-precipitaciones-2026x05x15-b.pdf
2026-05-15,013,SALCEDO,HERMANAS MIRABAL,PROPIEDAD DEL EMPLEADO,EMCI,,,3.9,https://indomet.gob.do/wp-content/uploads/2026/05/temperaturas-extremas-y-precipitaciones-2026x05x15-b.pdf
2026-05-15,014,ALTO BANDERA (EMA),LA VEGA,INTEC,EMAP,13.9,6.1,3.6,https://indomet.gob.do/wp-content/uploads/2026/05/temperaturas-extremas-y-precipitaciones-2026x05x15-b.pdf
2026-05-15,015,PROLONGACION 27 DE FEBRERO,DISTRITO NACIONAL,PRIVADA,EMAP,,,3.6,https://indomet.gob.do/wp-content/uploads/2026/05/temperaturas-extremas-y-precipitaciones-2026x05x15-b.pdf
2026-05-15,016,DAJABÓN,DAJABÓN,INSTITUTO POLITÉCNICO LOYOLA,EMCI,34.5,19.0,2.1,https://indomet.gob.do/wp-content/uploads/2026/05/temperaturas-extremas-y-precipitaciones-2026x05x15-b.pdf
2026-05-15,017,EL MILLON (EMA),DISTRITO NACIONAL,PRIVADA,EMAP,,,2.0,https://indomet.gob.do/wp-content/uploads/2026/05/temperaturas-extremas-y-precipitaciones-2026x05x15-b.pdf
2026-05-15,018,SAN RAFAEL DEL YUMA,LA ALTAGRACIA,MINISTERIO DE AGRICULTURA,EMCI,33.5,23.0,2.0,https://indomet.gob.do/wp-content/uploads/2026/05/temperaturas-extremas-y-precipitaciones-2026x05x15-b.pdf
2026-05-15,019,ANAMUYA (EMA),LA ALTAGRACIA,MINISTERIO DE AGRICULTURA,EMAP,32.9,23.6,1.4,https://indomet.gob.do/wp-content/uploads/2026/05/temperaturas-extremas-y-precipitaciones-2026x05x15-b.pdf
2026-05-15,020,ENRIQUILLO,BARAHONA,MINISTERIO DE AGRICULTURA,EMCV,31.8,22.3,1.2,https://indomet.gob.do/wp-content/uploads/2026/05/temperaturas-extremas-y-precipitaciones-2026x05x15-b.pdf
2026-05-15,021,PERALTA,AZUA,HOSP. MPAL. DE PERALTA,EMCI,30.0,16.6,0.8,https://indomet.gob.do/wp-content/uploads/2026/05/temperaturas-extremas-y-precipitaciones-2026x05x15-b.pdf
2026-05-15,022,ARPT. DE PUNTA CANA,LA ALTAGRACIA,INDOMET,EMCI,31.0,23.2,0.6,https://indomet.gob.do/wp-content/uploads/2026/05/temperaturas-extremas-y-precipitaciones-2026x05x15-b.pdf
2026-05-15,023,CENTRO DE LOS HEROES (EMA),DISTRITO NACIONAL,MINISTERIO DE ENERGIA Y MINA,EMAP,31.3,25.8,0.6,https://indomet.gob.do/wp-content/uploads/2026/05/temperaturas-extremas-y-precipitaciones-2026x05x15-b.pdf
2026-05-15,024,RÍO SAN JUAN,MARÍA TRINIDAD SÁNCHEZ,HOSP. MPAL. DR. DESIDERIO ACOSTA,EMCV,35.0,24.3,0.4,https://indomet.gob.do/wp-content/uploads/2026/05/temperaturas-extremas-y-precipitaciones-2026x05x15-b.pdf
2026-05-15,025,ARPT. GREGORIO LUPERÓN,PUERTO PLATA,INDOMET,EMCI,34.0,22.5,0.3,https://indomet.gob.do/wp-content/uploads/2026/05/temperaturas-extremas-y-precipitaciones-2026x05x15-b.pdf
2026-05-15,026,ARPT. DEL CIBAO,SANTIAGO,INDOMET,EMCI,34.2,23.2,0.2,https://indomet.gob.do/wp-content/uploads/2026/05/temperaturas-extremas-y-precipitaciones-2026x05x15-b.pdf
2026-05-15,027,BANI (EMA),PERAVIA,MINISTERIO DE AGRICULTURA,EMAP,31.7,24.2,0.2,https://indomet.gob.do/wp-content/uploads/2026/05/temperaturas-extremas-y-precipitaciones-2026x05x15-b.pdf
2026-05-15,028,CABRAL,BARAHONA,MINISTERIO DE AGRICULTURA,EMCV,31.2,22.9,0.2,https://indomet.gob.do/wp-content/uploads/2026/05/temperaturas-extremas-y-precipitaciones-2026x05x15-b.pdf
2026-05-15,029,OVIEDO,PEDERNALES,CLÍNICA RURAL OVIEDO,EMCI,31.2,3.0,0.2,https://indomet.gob.do/wp-content/uploads/2026/05/temperaturas-extremas-y-precipitaciones-2026x05x15-b.pdf
2026-05-15,030,PONTÓN ABAJO (EMA),LA VEGA,MINISTERIO DE AGRICULTURA,EMAP,36.2,23.9,0.2,https://indomet.gob.do/wp-content/uploads/2026/05/temperaturas-extremas-y-precipitaciones-2026x05x15-b.pdf
2026-05-15,031,SABANETA (EMA),SANTIAGO RODRÍGUEZ,PROGRAMA MUNDIAL DE ALIMENTO,EMAP,37.2,22.7,0.2,https://indomet.gob.do/wp-content/uploads/2026/05/temperaturas-extremas-y-precipitaciones-2026x05x15-b.pdf
2026-05-15,032,SANTIAGO RODRÍGUEZ,SANTIAGO RODRÍGUEZ,INDOMET,EMCI,37.3,23.1,0.1,https://indomet.gob.do/wp-content/uploads/2026/05/temperaturas-extremas-y-precipitaciones-2026x05x15-b.pdf
2026-05-15,033,ALTAMIRA,PUERTO PLATA,HOSP. MPAL. DE ALTAMIRA,EMCI,37.0,21.5,0.0,https://indomet.gob.do/wp-content/uploads/2026/05/temperaturas-extremas-y-precipitaciones-2026x05x15-b.pdf
2026-05-15,034,ARPT. DE LA ROMANA,LA ROMANA,INDOMET,EMCI,32.5,22.7,0.0,https://indomet.gob.do/wp-content/uploads/2026/05/temperaturas-extremas-y-precipitaciones-2026x05x15-b.pdf
2026-05-15,035,ARPT. DE LAS AMÉRICAS,SANTO DOMINGO,INDOMET,EMCI,31.8,23.0,0.0,https://indomet.gob.do/wp-content/uploads/2026/05/temperaturas-extremas-y-precipitaciones-2026x05x15-b.pdf
2026-05-15,036,ARPT. EL CATEY,SAMANÁ,INDOMET,EMCI,33.0,22.0,0.0,https://indomet.gob.do/wp-content/uploads/2026/05/temperaturas-extremas-y-precipitaciones-2026x05x15-b.pdf
2026-05-15,037,ARPT. LA ISABELA,SANTO DOMINGO,INDOMET,EMCI,33.9,23.0,0.0,https://indomet.gob.do/wp-content/uploads/2026/05/temperaturas-extremas-y-precipitaciones-2026x05x15-b.pdf
2026-05-15,038,ARPT. MARÍA MONTEZ,BARAHONA,INDOMET,EMCI,30.6,23.8,0.0,https://indomet.gob.do/wp-content/uploads/2026/05/temperaturas-extremas-y-precipitaciones-2026x05x15-b.pdf
2026-05-15,039,ARROYO LORO,SAN JUAN,IDIAF,EMCI,32.2,18.5,0.0,https://indomet.gob.do/wp-content/uploads/2026/05/temperaturas-extremas-y-precipitaciones-2026x05x15-b.pdf
2026-05-15,040,BAYAGUANA,MONTE PLATA,INDOMET,EMCI,33.6,22.2,0.0,https://indomet.gob.do/wp-content/uploads/2026/05/temperaturas-extremas-y-precipitaciones-2026x05x15-b.pdf
2026-05-15,041,BOCA DE MAO (EMA),VALVERDE,MINISTERIO DE AGRICULTURA,EMAP,36.8,24.5,0.0,https://indomet.gob.do/wp-content/uploads/2026/05/temperaturas-extremas-y-precipitaciones-2026x05x15-b.pdf
2026-05-15,042,BONAO,MONSEÑOR NOUEL,MINISTERIO DE AGRICULTURA,EMCV,32.4,24.6,0.0,https://indomet.gob.do/wp-content/uploads/2026/05/temperaturas-extremas-y-precipitaciones-2026x05x15-b.pdf
2026-05-15,043,BUCARA (EMA),SANTIAGO,MINISTERIO DE AGRICULTURA,EMAI,,,0.0,https://indomet.gob.do/wp-content/uploads/2026/05/temperaturas-extremas-y-precipitaciones-2026x05x15-b.pdf
2026-05-15,044,CABRERA,MARÍA TRINIDAD SÁNCHEZ,ESCUELA ARÍSTIDES FIALLO CABRAL,EMCI,33.0,25.5,0.0,https://indomet.gob.do/wp-content/uploads/2026/05/temperaturas-extremas-y-precipitaciones-2026x05x15-b.pdf
2026-05-15,045,ELÍAS PIÑA,ELÍAS PIÑA,MINISTERIO DE AGRICULTURA,EMCV,,,0.0,https://indomet.gob.do/wp-content/uploads/2026/05/temperaturas-extremas-y-precipitaciones-2026x05x15-b.pdf
2026-05-15,046,ENSANCHE LA FE (EMA),DISTRITO NACIONAL,PRIVADA,EMAP,,,0.0,https://indomet.gob.do/wp-content/uploads/2026/05/temperaturas-extremas-y-precipitaciones-2026x05x15-b.pdf
2026-05-15,047,GASPAR HERNÁNDEZ,ESPAILLAT,PROPIEDAD DEL EMPLEADO,EMCI,,,0.0,https://indomet.gob.do/wp-content/uploads/2026/05/temperaturas-extremas-y-precipitaciones-2026x05x15-b.pdf
2026-05-15,048,GURABO,SANTIAGO,MINISTERIO DE AGRICULTURA,EMCV,,,0.0,https://indomet.gob.do/wp-content/uploads/2026/05/temperaturas-extremas-y-precipitaciones-2026x05x15-b.pdf
2026-05-15,049,HATO MAYOR,HATO MAYOR,MINISTERIO DE AGRICULTURA,EMCV,,,0.0,https://indomet.gob.do/wp-content/uploads/2026/05/temperaturas-extremas-y-precipitaciones-2026x05x15-b.pdf
2026-05-15,050,JANICO (EMA),LA VEGA,PLAN SIERRA,EMAI,,,0.0,https://indomet.gob.do/wp-content/uploads/2026/05/temperaturas-extremas-y-precipitaciones-2026x05x15-b.pdf
2026-05-15,051,JARABACOA,LA VEGA,INDRHI / MARENA,EMCI,33.4,17.0,0.0,https://indomet.gob.do/wp-content/uploads/2026/05/temperaturas-extremas-y-precipitaciones-2026x05x15-b.pdf
2026-05-15,052,JARABACOA (EMA),LA VEGA,PROGRAMA MUNDIAL DE ALIMENTO,EMAP,32.1,19.4,0.0,https://indomet.gob.do/wp-content/uploads/2026/05/temperaturas-extremas-y-precipitaciones-2026x05x15-b.pdf
2026-05-15,053,JARDÍN BOTÁNICO SANTIAGO (EMSANTIAGO,,JARDIN BOTANICO SANTIAGO,EMAI,,,0.0,https://indomet.gob.do/wp-content/uploads/2026/05/temperaturas-extremas-y-precipitaciones-2026x05x15-b.pdf
2026-05-15,054,JIMANÍ,INDEPENDENCIA,MINISTERIO DE AGRICULTURA,EMCI,34.6,24.4,0.0,https://indomet.gob.do/wp-content/uploads/2026/05/temperaturas-extremas-y-precipitaciones-2026x05x15-b.pdf
2026-05-15,055,LA AGUSTINA (EMA),DISTRITO NACIONAL,PRIVADA,EMAP,,,0.0,https://indomet.gob.do/wp-content/uploads/2026/05/temperaturas-extremas-y-precipitaciones-2026x05x15-b.pdf
2026-05-15,056,LA VICTORIA,SANTO DOMINGO,CUERPO DE BOMBEROS,EMCI,33.7,23.2,0.0,https://indomet.gob.do/wp-content/uploads/2026/05/temperaturas-extremas-y-precipitaciones-2026x05x15-b.pdf
2026-05-15,057,LAS CANAS (EMA),MONTE CRISTI,PROGRAMA MUNDIAL DE ALIMENTO,EMAP,31.4,23.3,0.0,https://indomet.gob.do/wp-content/uploads/2026/05/temperaturas-extremas-y-precipitaciones-2026x05x15-b.pdf
2026-05-15,058,LOS JARDINES (EMA),DISTRITO NACIONAL,PRIVADA,EMAP,,,0.0,https://indomet.gob.do/wp-content/uploads/2026/05/temperaturas-extremas-y-precipitaciones-2026x05x15-b.pdf
2026-05-15,059,LOS LLANOS,SAN PEDRO DE MACORÍS,MINISTERIO DE AGRICULTURA,EMCI,33.6,23.5,0.0,https://indomet.gob.do/wp-content/uploads/2026/05/temperaturas-extremas-y-precipitaciones-2026x05x15-b.pdf
2026-05-15,060,MAO,VALVERDE,INDRHI / MINISTERIO DE AGRICULTURA,EMCV,,,0.0,https://indomet.gob.do/wp-content/uploads/2026/05/temperaturas-extremas-y-precipitaciones-2026x05x15-b.pdf
2026-05-15,061,MICHES (EMA),EL SEIBO,PRIVADA,EMAP,32.7,23.9,0.0,https://indomet.gob.do/wp-content/uploads/2026/05/temperaturas-extremas-y-precipitaciones-2026x05x15-b.pdf
2026-05-15,062,MONCIÓN (EMA),SANTIAGO RODRÍGUEZ,PROGRAMA MUNDIAL DE ALIMENTO,EMAP,33.6,20.7,0.0,https://indomet.gob.do/wp-content/uploads/2026/05/temperaturas-extremas-y-precipitaciones-2026x05x15-b.pdf
2026-05-15,063,MONTE CRISTI,MONTE CRISTI,INDOMET,EMCI,34.0,23.8,0.0,https://indomet.gob.do/wp-content/uploads/2026/05/temperaturas-extremas-y-precipitaciones-2026x05x15-b.pdf
2026-05-15,064,NAVARRETE,SANTIAGO,MINISTERIO DE AGRICULTURA,EMCV,,,0.0,https://indomet.gob.do/wp-content/uploads/2026/05/temperaturas-extremas-y-precipitaciones-2026x05x15-b.pdf
2026-05-15,065,LOS COCOS (EMA),BAHORUCO,PRIVADA,EMAP,,,0.0,https://indomet.gob.do/wp-content/uploads/2026/05/temperaturas-extremas-y-precipitaciones-2026x05x15-b.pdf
2026-05-15,066,OLIVARES,PEDERNALES,INDRHI,EMCI,,,0.0,https://indomet.gob.do/wp-content/uploads/2026/05/temperaturas-extremas-y-precipitaciones-2026x05x15-b.pdf
2026-05-15,067,PADRE LAS CASAS,AZUA,HOSP. NTRA. SRA. DEL CARMEN,EMCI,31.5,18.5,0.0,https://indomet.gob.do/wp-content/uploads/2026/05/temperaturas-extremas-y-precipitaciones-2026x05x15-b.pdf
2026-05-15,068,PALO ÍNDIO,PUERTO PLATA,MINISTERIO DE AGRICULTURA,EMCI,,,0.0,https://indomet.gob.do/wp-content/uploads/2026/05/temperaturas-extremas-y-precipitaciones-2026x05x15-b.pdf
2026-05-15,069,PEDERNALES,PEDERNALES,INDRHI,EMCI,,,0.0,https://indomet.gob.do/wp-content/uploads/2026/05/temperaturas-extremas-y-precipitaciones-2026x05x15-b.pdf
2026-05-15,070,PESCADERIA (EMA),BARAHONA,MINISTERIO DE AGRICULTURA,EMAP,,,0.0,https://indomet.gob.do/wp-content/uploads/2026/05/temperaturas-extremas-y-precipitaciones-2026x05x15-b.pdf
2026-05-15,071,PRESA DE TAVERAS (EMA),LA VEGA,PROGRAMA MUNDIAL DE ALIMENTO,EMAP,31.6,22.3,0.0,https://indomet.gob.do/wp-content/uploads/2026/05/temperaturas-extremas-y-precipitaciones-2026x05x15-b.pdf
2026-05-15,072,RANCHO ARRIBA,SAN JOSÉ DE OCOA,CENTRO TECNOLÓGICO COMUNITARIO,EMCI,29.3,15.2,0.0,https://indomet.gob.do/wp-content/uploads/2026/05/temperaturas-extremas-y-precipitaciones-2026x05x15-b.pdf
2026-05-15,073,SABANA GRANDE DE BOYÁ,MONTE PLATA,MINISTERIO DE AGRICULTURA,EMCV,,,0.0,https://indomet.gob.do/wp-content/uploads/2026/05/temperaturas-extremas-y-precipitaciones-2026x05x15-b.pdf
2026-05-15,074,SAJOMA (EMA),SANTIAGO,PLAN SIERRA,EMAI,,,0.0,https://indomet.gob.do/wp-content/uploads/2026/05/temperaturas-extremas-y-precipitaciones-2026x05x15-b.pdf
2026-05-15,075,SAN JOSÉ DE OCOA,SAN JOSÉ DE OCOA,HOSP. SAN JOSÉ DE OCOA,EMCI,29.8,18.9,0.0,https://indomet.gob.do/wp-content/uploads/2026/05/temperaturas-extremas-y-precipitaciones-2026x05x15-b.pdf
2026-05-15,076,SÁNCHEZ,SAMANÁ,MINISTERIO DE AGRICULTURA,EMCI,33.2,19.7,0.0,https://indomet.gob.do/wp-content/uploads/2026/05/temperaturas-extremas-y-precipitaciones-2026x05x15-b.pdf
2026-05-15,077,SANTO DOMINGO ESTE,SANTO DOMINGO,INDOMET,EMCI,32.2,25.5,0.0,https://indomet.gob.do/wp-content/uploads/2026/05/temperaturas-extremas-y-precipitaciones-2026x05x15-b.pdf
2026-05-15,078,TÁBARA ABAJO,AZUA,INDRHI,EMCI,30.5,20.0,0.0,https://indomet.gob.do/wp-content/uploads/2026/05/temperaturas-extremas-y-precipitaciones-2026x05x15-b.pdf
2026-05-15,079,VILLA GONZALES,SANTIAGO,MINISTERIO DE AGRICULTURA,EMCI,,,0.0,https://indomet.gob.do/wp-content/uploads/2026/05/temperaturas-extremas-y-precipitaciones-2026x05x15-b.pdf
2026-05-15,080,VILLA ISABELA,PUERTO PLATA,MINISTERIO DE AGRICULTURA,EMCV,34.8,22.0,0.0,https://indomet.gob.do/wp-content/uploads/2026/05/temperaturas-extremas-y-precipitaciones-2026x05x15-b.pdf
2026-05-15,081,VILLA RIVA,DUARTE,HOSP. MPAL. ALICIA DE LEGENDRE,EMCI,33.8,21.7,0.0,https://indomet.gob.do/wp-content/uploads/2026/05/temperaturas-extremas-y-precipitaciones-2026x05x15-b.pdf
2026-05-15,082,VILLA VASQUEZ (EMA),MONTE CRISTI,JUNTA DE REGANTES,EMAI,,,0.0,https://indomet.gob.do/wp-content/uploads/2026/05/temperaturas-extremas-y-precipitaciones-2026x05x15-b.pdf
2026-05-15,083,HONDO VALLE,ELÍAS PIÑA,MINISTERIO DE AGRICULTURA,EMCI,26.3,17.5,0.0,https://indomet.gob.do/wp-content/uploads/2026/05/temperaturas-extremas-y-precipitaciones-2026x05x15-b.pdf
2026-05-15,084,JUMA BEJUCAL,MONSEÑOR NOUEL,IDIAF,EMCV,32.4,24.6,0.0,https://indomet.gob.do/wp-content/uploads/2026/05/temperaturas-extremas-y-precipitaciones-2026x05x15-b.pdf
2026-05-16,001,LAS GORDAS (EMA),MARÍA TRINIDAD SÁNCHEZ,PRIVADA,EMAP,,,88.9,https://indomet.gob.do/wp-content/uploads/2026/05/temperaturas-extremas-y-precipitaciones-2026x05x16-a.pdf
2026-05-16,002,EL FACTOR (EMA),MARÍA TRINIDAD SÁNCHEZ,INTEC,EMAP,33.4,22.4,41.4,https://indomet.gob.do/wp-content/uploads/2026/05/temperaturas-extremas-y-precipitaciones-2026x05x16-a.pdf
2026-05-16,003,CABRERA,MARÍA TRINIDAD SÁNCHEZ,ESCUELA ARÍSTIDES FIALLO CABRAL,EMCI,32.5,25.5,38.5,https://indomet.gob.do/wp-content/uploads/2026/05/temperaturas-extremas-y-precipitaciones-2026x05x16-a.pdf
2026-05-16,004,SÁNCHEZ,SAMANÁ,MINISTERIO DE AGRICULTURA,EMCI,32.6,19.8,32.4,https://indomet.gob.do/wp-content/uploads/2026/05/temperaturas-extremas-y-precipitaciones-2026x05x16-a.pdf
2026-05-16,005,BARRAQUITO (EMA),DUARTE,PROGRAMA MUNDIAL DE ALIMENTO,EMAP,,,30.0,https://indomet.gob.do/wp-content/uploads/2026/05/temperaturas-extremas-y-precipitaciones-2026x05x16-a.pdf
2026-05-16,006,ARPT. EL CATEY,SAMANÁ,INDOMET,EMCI,32.2,23.0,23.5,https://indomet.gob.do/wp-content/uploads/2026/05/temperaturas-extremas-y-precipitaciones-2026x05x16-a.pdf
2026-05-16,007,ARENOSO (EMA),DUARTE,PROGRAMA MUNDIAL DE ALIMENTO,EMAP,,,19.0,https://indomet.gob.do/wp-content/uploads/2026/05/temperaturas-extremas-y-precipitaciones-2026x05x16-a.pdf
2026-05-16,008,VILLA RIVA,DUARTE,HOSP. MPAL. ALICIA DE LEGENDRE,EMCI,32.2,22.0,13.4,https://indomet.gob.do/wp-content/uploads/2026/05/temperaturas-extremas-y-precipitaciones-2026x05x16-a.pdf
2026-05-16,009,RESTAURACIÓN,DAJABÓN,MINISTERIO DE AGRICULTURA,EMCI,30.6,17.5,12.0,https://indomet.gob.do/wp-content/uploads/2026/05/temperaturas-extremas-y-precipitaciones-2026x05x16-a.pdf
2026-05-16,010,SALCEDO,HERMANAS MIRABAL,PROPIEDAD DEL EMPLEADO,EMCI,,,10.0,https://indomet.gob.do/wp-content/uploads/2026/05/temperaturas-extremas-y-precipitaciones-2026x05x16-a.pdf
2026-05-16,011,ENSANCHE LA FE (EMA),DISTRITO NACIONAL,PRIVADA,EMAP,,,9.4,https://indomet.gob.do/wp-content/uploads/2026/05/temperaturas-extremas-y-precipitaciones-2026x05x16-a.pdf
2026-05-16,012,LA AGUSTINA (EMA),DISTRITO NACIONAL,PRIVADA,EMAP,,,9.4,https://indomet.gob.do/wp-content/uploads/2026/05/temperaturas-extremas-y-precipitaciones-2026x05x16-a.pdf
2026-05-16,013,DAJABÓN,DAJABÓN,INSTITUTO POLITÉCNICO LOYOLA,EMCI,35.0,19.1,8.2,https://indomet.gob.do/wp-content/uploads/2026/05/temperaturas-extremas-y-precipitaciones-2026x05x16-a.pdf
2026-05-16,014,SABANA DE LA MAR,HATO MAYOR,INDOMET,EMCI,32.2,23.4,6.0,https://indomet.gob.do/wp-content/uploads/2026/05/temperaturas-extremas-y-precipitaciones-2026x05x16-a.pdf
2026-05-16,015,OVIEDO,PEDERNALES,CLÍNICA RURAL OVIEDO,EMCI,32.5,23.5,4.8,https://indomet.gob.do/wp-content/uploads/2026/05/temperaturas-extremas-y-precipitaciones-2026x05x16-a.pdf
2026-05-16,016,LOS PRADOS (EMA),DISTRITO NACIONAL,PRIVADA,EMAP,,,3.8,https://indomet.gob.do/wp-content/uploads/2026/05/temperaturas-extremas-y-precipitaciones-2026x05x16-a.pdf
2026-05-16,017,ARROYO LORO,SAN JUAN,IDIAF,EMCI,31.2,20.2,3.5,https://indomet.gob.do/wp-content/uploads/2026/05/temperaturas-extremas-y-precipitaciones-2026x05x16-a.pdf
2026-05-16,018,GASPAR HERNÁNDEZ,ESPAILLAT,PROPIEDAD DEL EMPLEADO,EMCI,,,3.4,https://indomet.gob.do/wp-content/uploads/2026/05/temperaturas-extremas-y-precipitaciones-2026x05x16-a.pdf
2026-05-16,019,ARPT. DE PUNTA CANA,LA ALTAGRACIA,INDOMET,EMCI,31.5,23.0,3.3,https://indomet.gob.do/wp-content/uploads/2026/05/temperaturas-extremas-y-precipitaciones-2026x05x16-a.pdf
2026-05-16,020,EL MILLON (EMA),DISTRITO NACIONAL,PRIVADA,EMAP,,,3.0,https://indomet.gob.do/wp-content/uploads/2026/05/temperaturas-extremas-y-precipitaciones-2026x05x16-a.pdf
2026-05-16,021,CABRAL,BARAHONA,MINISTERIO DE AGRICULTURA,EMCV,31.4,23.2,2.6,https://indomet.gob.do/wp-content/uploads/2026/05/temperaturas-extremas-y-precipitaciones-2026x05x16-a.pdf
2026-05-16,022,POLO,BARAHONA,INDOCAFE,EMCI,29.5,16.0,2.5,https://indomet.gob.do/wp-content/uploads/2026/05/temperaturas-extremas-y-precipitaciones-2026x05x16-a.pdf
2026-05-16,023,LOS LLANOS,SAN PEDRO DE MACORÍS,MINISTERIO DE AGRICULTURA,EMCI,33.4,23.5,2.4,https://indomet.gob.do/wp-content/uploads/2026/05/temperaturas-extremas-y-precipitaciones-2026x05x16-a.pdf
2026-05-16,024,PROLONGACION 27 DE FEBRERO,DISTRITO NACIONAL,PRIVADA,EMAP,,,1.8,https://indomet.gob.do/wp-content/uploads/2026/05/temperaturas-extremas-y-precipitaciones-2026x05x16-a.pdf
2026-05-16,025,ENRIQUILLO,BARAHONA,MINISTERIO DE AGRICULTURA,EMCV,32.0,22.5,1.4,https://indomet.gob.do/wp-content/uploads/2026/05/temperaturas-extremas-y-precipitaciones-2026x05x16-a.pdf
2026-05-16,026,PALO ÍNDIO,PUERTO PLATA,MINISTERIO DE AGRICULTURA,EMCI,,,1.3,https://indomet.gob.do/wp-content/uploads/2026/05/temperaturas-extremas-y-precipitaciones-2026x05x16-a.pdf
2026-05-16,027,ARPT. ARROYO BARRIL,SAMANÁ,INDOMET,EMCI,32.2,22.7,1.2,https://indomet.gob.do/wp-content/uploads/2026/05/temperaturas-extremas-y-precipitaciones-2026x05x16-a.pdf
2026-05-16,028,BELLA VISTA (EMA),DISTRITO NACIONAL,PRIVADA,EMAP,,,0.8,https://indomet.gob.do/wp-content/uploads/2026/05/temperaturas-extremas-y-precipitaciones-2026x05x16-a.pdf
2026-05-16,029,CENTRO DE LOS HEROES (EMA),DISTRITO NACIONAL,MINISTERIO DE ENERGIA Y MINA,EMAP,31.3,26.3,0.8,https://indomet.gob.do/wp-content/uploads/2026/05/temperaturas-extremas-y-precipitaciones-2026x05x16-a.pdf
2026-05-16,030,BANI (EMA),PERAVIA,MINISTERIO DE AGRICULTURA,EMAP,,,0.6,https://indomet.gob.do/wp-content/uploads/2026/05/temperaturas-extremas-y-precipitaciones-2026x05x16-a.pdf
2026-05-16,031,PADRE LAS CASAS,AZUA,HOSP. NTRA. SRA. DEL CARMEN,EMCI,31.0,17.5,0.6,https://indomet.gob.do/wp-content/uploads/2026/05/temperaturas-extremas-y-precipitaciones-2026x05x16-a.pdf
2026-05-16,032,RÍO SAN JUAN,MARÍA TRINIDAD SÁNCHEZ,HOSP. MPAL. DR. DESIDERIO ACOSTA,EMCV,33.8,23.6,0.6,https://indomet.gob.do/wp-content/uploads/2026/05/temperaturas-extremas-y-precipitaciones-2026x05x16-a.pdf
2026-05-16,033,SANTO DOMINGO ESTE,SANTO DOMINGO,INDOMET,EMCI,32.5,25.5,0.6,https://indomet.gob.do/wp-content/uploads/2026/05/temperaturas-extremas-y-precipitaciones-2026x05x16-a.pdf
2026-05-16,034,NAVARRETE,SANTIAGO,MINISTERIO DE AGRICULTURA,EMCV,,,0.5,https://indomet.gob.do/wp-content/uploads/2026/05/temperaturas-extremas-y-precipitaciones-2026x05x16-a.pdf
2026-05-16,035,SAN RAFAEL DEL YUMA,LA ALTAGRACIA,MINISTERIO DE AGRICULTURA,EMCI,33.3,23.8,0.3,https://indomet.gob.do/wp-content/uploads/2026/05/temperaturas-extremas-y-precipitaciones-2026x05x16-a.pdf
2026-05-16,036,ANAMUYA (EMA),LA ALTAGRACIA,MINISTERIO DE AGRICULTURA,EMAP,33.2,24.4,0.2,https://indomet.gob.do/wp-content/uploads/2026/05/temperaturas-extremas-y-precipitaciones-2026x05x16-a.pdf
2026-05-16,037,ARPT. GREGORIO LUPERÓN,PUERTO PLATA,INDOMET,EMCI,30.5,23.0,0.2,https://indomet.gob.do/wp-content/uploads/2026/05/temperaturas-extremas-y-precipitaciones-2026x05x16-a.pdf
2026-05-16,038,CONSTANZA (EMA),LA VEGA,PROGRAMA MUNDIAL DE ALIMENTO,EMAP,25.9,12.4,0.2,https://indomet.gob.do/wp-content/uploads/2026/05/temperaturas-extremas-y-precipitaciones-2026x05x16-a.pdf
2026-05-16,039,MICHES (EMA),EL SEIBO,PRIVADA,EMAP,32.6,24.2,0.2,https://indomet.gob.do/wp-content/uploads/2026/05/temperaturas-extremas-y-precipitaciones-2026x05x16-a.pdf
2026-05-16,040,RANCHO ARRIBA,SAN JOSÉ DE OCOA,CENTRO TECNOLÓGICO COMUNITARIO,EMCI,27.7,16.4,0.2,https://indomet.gob.do/wp-content/uploads/2026/05/temperaturas-extremas-y-precipitaciones-2026x05x16-a.pdf
2026-05-16,041,BAYAGUANA,MONTE PLATA,INDOMET,EMCI,33.6,22.4,0.1,https://indomet.gob.do/wp-content/uploads/2026/05/temperaturas-extremas-y-precipitaciones-2026x05x16-a.pdf
2026-05-16,042,VILLA ALTAGRACIA,SAN CRISTÓBAL,ESCUELA JAVIER ANGULO GURIDI,EMCI,,,0.1,https://indomet.gob.do/wp-content/uploads/2026/05/temperaturas-extremas-y-precipitaciones-2026x05x16-a.pdf
2026-05-16,043,ALTAMIRA,PUERTO PLATA,HOSP. MPAL. DE ALTAMIRA,EMCI,33.9,22.4,0.0,https://indomet.gob.do/wp-content/uploads/2026/05/temperaturas-extremas-y-precipitaciones-2026x05x16-a.pdf
2026-05-16,044,ALTO BANDERA (EMA),LA VEGA,INTEC,EMAP,17.4,8.3,0.0,https://indomet.gob.do/wp-content/uploads/2026/05/temperaturas-extremas-y-precipitaciones-2026x05x16-a.pdf
2026-05-16,045,ARPT. DE LA ROMANA,LA ROMANA,INDOMET,EMCI,33.0,23.7,0.0,https://indomet.gob.do/wp-content/uploads/2026/05/temperaturas-extremas-y-precipitaciones-2026x05x16-a.pdf
2026-05-16,046,ARPT. DE LAS AMÉRICAS,SANTO DOMINGO,INDOMET,EMCI,31.5,23.2,0.0,https://indomet.gob.do/wp-content/uploads/2026/05/temperaturas-extremas-y-precipitaciones-2026x05x16-a.pdf
2026-05-16,047,ARPT. DEL CIBAO,SANTIAGO,INDOMET,EMCI,35.0,23.0,0.0,https://indomet.gob.do/wp-content/uploads/2026/05/temperaturas-extremas-y-precipitaciones-2026x05x16-a.pdf
2026-05-16,048,ARPT. LA ISABELA,SANTO DOMINGO,INDOMET,EMCI,33.4,22.5,0.0,https://indomet.gob.do/wp-content/uploads/2026/05/temperaturas-extremas-y-precipitaciones-2026x05x16-a.pdf
2026-05-16,049,ARPT. MARÍA MONTEZ,BARAHONA,INDOMET,EMCI,31.0,23.2,0.0,https://indomet.gob.do/wp-content/uploads/2026/05/temperaturas-extremas-y-precipitaciones-2026x05x16-a.pdf
2026-05-16,050,BOCA DE MAO (EMA),VALVERDE,MINISTERIO DE AGRICULTURA,EMAP,36.2,24.4,0.0,https://indomet.gob.do/wp-content/uploads/2026/05/temperaturas-extremas-y-precipitaciones-2026x05x16-a.pdf
2026-05-16,051,BONAO,MONSEÑOR NOUEL,MINISTERIO DE AGRICULTURA,EMCV,,,0.0,https://indomet.gob.do/wp-content/uploads/2026/05/temperaturas-extremas-y-precipitaciones-2026x05x16-a.pdf
2026-05-16,052,BUCARA (EMA),SANTIAGO,MINISTERIO DE AGRICULTURA,EMAI,,,0.0,https://indomet.gob.do/wp-content/uploads/2026/05/temperaturas-extremas-y-precipitaciones-2026x05x16-a.pdf
2026-05-16,053,CONSTANZA,LA VEGA,MINISTERIO DE AGRICULTURA,EMCI,28.5,11.0,0.0,https://indomet.gob.do/wp-content/uploads/2026/05/temperaturas-extremas-y-precipitaciones-2026x05x16-a.pdf
2026-05-16,054,ELÍAS PIÑA,ELÍAS PIÑA,MINISTERIO DE AGRICULTURA,EMCV,,,0.0,https://indomet.gob.do/wp-content/uploads/2026/05/temperaturas-extremas-y-precipitaciones-2026x05x16-a.pdf
2026-05-16,055,GURABO,SANTIAGO,MINISTERIO DE AGRICULTURA,EMCV,,,0.0,https://indomet.gob.do/wp-content/uploads/2026/05/temperaturas-extremas-y-precipitaciones-2026x05x16-a.pdf
2026-05-16,056,HATO MAYOR,HATO MAYOR,MINISTERIO DE AGRICULTURA,EMCV,,,0.0,https://indomet.gob.do/wp-content/uploads/2026/05/temperaturas-extremas-y-precipitaciones-2026x05x16-a.pdf
2026-05-16,057,HONDO VALLE,ELÍAS PIÑA,MINISTERIO DE AGRICULTURA,EMCI,26.6,17.9,0.0,https://indomet.gob.do/wp-content/uploads/2026/05/temperaturas-extremas-y-precipitaciones-2026x05x16-a.pdf
2026-05-16,058,JARABACOA,LA VEGA,INDRHI / MARENA,EMCI,33.2,16.0,0.0,https://indomet.gob.do/wp-content/uploads/2026/05/temperaturas-extremas-y-precipitaciones-2026x05x16-a.pdf
2026-05-16,059,JARABACOA (EMA),LA VEGA,PROGRAMA MUNDIAL DE ALIMENTO,EMAP,31.3,18.1,0.0,https://indomet.gob.do/wp-content/uploads/2026/05/temperaturas-extremas-y-precipitaciones-2026x05x16-a.pdf
2026-05-16,060,JARDÍN BOTÁNICO SANTIAGO (EMSANTIAGO,,JARDIN BOTANICO SANTIAGO,EMAI,,,0.0,https://indomet.gob.do/wp-content/uploads/2026/05/temperaturas-extremas-y-precipitaciones-2026x05x16-a.pdf
2026-05-16,061,JIMANÍ,INDEPENDENCIA,MINISTERIO DE AGRICULTURA,EMCI,33.6,24.8,0.0,https://indomet.gob.do/wp-content/uploads/2026/05/temperaturas-extremas-y-precipitaciones-2026x05x16-a.pdf
2026-05-16,062,JUMA BEJUCAL,MONSEÑOR NOUEL,IDIAF,EMCV,31.6,23.2,0.0,https://indomet.gob.do/wp-content/uploads/2026/05/temperaturas-extremas-y-precipitaciones-2026x05x16-a.pdf
2026-05-16,063,LA VEGA,LA VEGA,IATESA,EMCI,33.0,23.0,0.0,https://indomet.gob.do/wp-content/uploads/2026/05/temperaturas-extremas-y-precipitaciones-2026x05x16-a.pdf
2026-05-16,064,LA VICTORIA,SANTO DOMINGO,CUERPO DE BOMBEROS,EMCI,34.7,23.8,0.0,https://indomet.gob.do/wp-content/uploads/2026/05/temperaturas-extremas-y-precipitaciones-2026x05x16-a.pdf
2026-05-16,065,LAS CANAS (EMA),MONTE CRISTI,PROGRAMA MUNDIAL DE ALIMENTO,EMAP,29.3,22.9,0.0,https://indomet.gob.do/wp-content/uploads/2026/05/temperaturas-extremas-y-precipitaciones-2026x05x16-a.pdf
2026-05-16,066,LOS CACICAZGOS (EMA),DISTRITO NACIONAL,PRIVADA,EMAP,,,0.0,https://indomet.gob.do/wp-content/uploads/2026/05/temperaturas-extremas-y-precipitaciones-2026x05x16-a.pdf
2026-05-16,067,LOS COCOS (EMA),BAHORUCO,PRIVADA,EMAP,,,0.0,https://indomet.gob.do/wp-content/uploads/2026/05/temperaturas-extremas-y-precipitaciones-2026x05x16-a.pdf
2026-05-16,068,MAO,VALVERDE,INDRHI / MINISTERIO DE AGRICULTURA,EMCV,,,0.0,https://indomet.gob.do/wp-content/uploads/2026/05/temperaturas-extremas-y-precipitaciones-2026x05x16-a.pdf
2026-05-16,069,MONCIÓN (EMA),SANTIAGO RODRÍGUEZ,PROGRAMA MUNDIAL DE ALIMENTO,EMAP,31.9,20.7,0.0,https://indomet.gob.do/wp-content/uploads/2026/05/temperaturas-extremas-y-precipitaciones-2026x05x16-a.pdf
2026-05-16,070,MONTE CRISTI,MONTE CRISTI,INDOMET,EMCI,33.8,24.4,0.0,https://indomet.gob.do/wp-content/uploads/2026/05/temperaturas-extremas-y-precipitaciones-2026x05x16-a.pdf
2026-05-16,071,OLIVARES,PEDERNALES,INDRHI,EMCI,,,0.0,https://indomet.gob.do/wp-content/uploads/2026/05/temperaturas-extremas-y-precipitaciones-2026x05x16-a.pdf
2026-05-16,072,PEDERNALES,PEDERNALES,INDRHI,EMCI,,,0.0,https://indomet.gob.do/wp-content/uploads/2026/05/temperaturas-extremas-y-precipitaciones-2026x05x16-a.pdf
2026-05-16,073,PERALTA,AZUA,HOSP. MPAL. DE PERALTA,EMCI,28.8,15.6,0.0,https://indomet.gob.do/wp-content/uploads/2026/05/temperaturas-extremas-y-precipitaciones-2026x05x16-a.pdf
2026-05-16,074,PONTÓN ABAJO (EMA),LA VEGA,MINISTERIO DE AGRICULTURA,EMAP,34.9,22.9,0.0,https://indomet.gob.do/wp-content/uploads/2026/05/temperaturas-extremas-y-precipitaciones-2026x05x16-a.pdf
2026-05-16,075,PRESA DE TAVERAS (EMA),LA VEGA,PROGRAMA MUNDIAL DE ALIMENTO,EMAP,31.4,21.2,0.0,https://indomet.gob.do/wp-content/uploads/2026/05/temperaturas-extremas-y-precipitaciones-2026x05x16-a.pdf
2026-05-16,076,SABANA GRANDE DE BOYÁ,MONTE PLATA,MINISTERIO DE AGRICULTURA,EMCV,,,0.0,https://indomet.gob.do/wp-content/uploads/2026/05/temperaturas-extremas-y-precipitaciones-2026x05x16-a.pdf
2026-05-16,077,SABANETA (EMA),SANTIAGO RODRÍGUEZ,PROGRAMA MUNDIAL DE ALIMENTO,EMAP,35.9,22.8,0.0,https://indomet.gob.do/wp-content/uploads/2026/05/temperaturas-extremas-y-precipitaciones-2026x05x16-a.pdf
2026-05-16,078,SAJOMA (EMA),SANTIAGO,PLAN SIERRA,EMAI,,,0.0,https://indomet.gob.do/wp-content/uploads/2026/05/temperaturas-extremas-y-precipitaciones-2026x05x16-a.pdf
2026-05-16,079,SAMANÁ,SAMANÁ,COMANDANCIA DE PUERTO DE SAMANÁ,EMCI,33.2,20.1,0.0,https://indomet.gob.do/wp-content/uploads/2026/05/temperaturas-extremas-y-precipitaciones-2026x05x16-a.pdf
2026-05-16,080,SAN CRISTÓBAL,SAN CRISTÓBAL,INSTITUTO POLITÉCNICO LOYOLA,EMCI,31.0,22.2,0.0,https://indomet.gob.do/wp-content/uploads/2026/05/temperaturas-extremas-y-precipitaciones-2026x05x16-a.pdf
2026-05-16,081,SAN JOSÉ DE OCOA,SAN JOSÉ DE OCOA,HOSP. SAN JOSÉ DE OCOA,EMCI,30.6,20.3,0.0,https://indomet.gob.do/wp-content/uploads/2026/05/temperaturas-extremas-y-precipitaciones-2026x05x16-a.pdf
2026-05-16,082,SANTIAGO RODRÍGUEZ,SANTIAGO RODRÍGUEZ,INDOMET,EMCI,36.0,23.0,0.0,https://indomet.gob.do/wp-content/uploads/2026/05/temperaturas-extremas-y-precipitaciones-2026x05x16-a.pdf
2026-05-16,083,TÁBARA ABAJO,AZUA,INDRHI,EMCI,32.0,21.3,0.0,https://indomet.gob.do/wp-content/uploads/2026/05/temperaturas-extremas-y-precipitaciones-2026x05x16-a.pdf
2026-05-16,084,VILLA GONZALES,SANTIAGO,MINISTERIO DE AGRICULTURA,EMCI,,,0.0,https://indomet.gob.do/wp-content/uploads/2026/05/temperaturas-extremas-y-precipitaciones-2026x05x16-a.pdf
2026-05-16,085,VILLA ISABELA,PUERTO PLATA,MINISTERIO DE AGRICULTURA,EMCV,32.5,21.8,0.0,https://indomet.gob.do/wp-content/uploads/2026/05/temperaturas-extremas-y-precipitaciones-2026x05x16-a.pdf
2026-05-16,086,VILLA VASQUEZ (EMA),MONTE CRISTI,JUNTA DE REGANTES,EMAI,,,0.0,https://indomet.gob.do/wp-content/uploads/2026/05/temperaturas-extremas-y-precipitaciones-2026x05x16-a.pdf
2026-05-17,001,ENRIQUILLO,BARAHONA,MINISTERIO DE AGRICULTURA,EMCV,31.0,20.5,56.2,https://indomet.gob.do/wp-content/uploads/2026/05/temperaturas-extremas-y-precipitaciones-2026x05x18-a.pdf
2026-05-17,002,RESTAURACIÓN,DAJABÓN,MINISTERIO DE AGRICULTURA,EMCI,30.3,17.2,48.5,https://indomet.gob.do/wp-content/uploads/2026/05/temperaturas-extremas-y-precipitaciones-2026x05x18-a.pdf
2026-05-17,003,BANI (EMA),PERAVIA,MINISTERIO DE AGRICULTURA,EMAP,,,41.2,https://indomet.gob.do/wp-content/uploads/2026/05/temperaturas-extremas-y-precipitaciones-2026x05x18-a.pdf
2026-05-17,004,ESCONDIDO,PERAVIA,MINISTERIO DE AGRICULTURA,EMCV,29.0,23.0,39.8,https://indomet.gob.do/wp-content/uploads/2026/05/temperaturas-extremas-y-precipitaciones-2026x05x18-a.pdf
2026-05-17,005,DAJABÓN,DAJABÓN,INSTITUTO POLITÉCNICO LOYOLA,EMCI,34.9,18.8,27.2,https://indomet.gob.do/wp-content/uploads/2026/05/temperaturas-extremas-y-precipitaciones-2026x05x18-a.pdf
2026-05-17,006,VILLA RIVA,DUARTE,HOSP. MPAL. ALICIA DE LEGENDRE,EMCI,32.0,22.4,23.6,https://indomet.gob.do/wp-content/uploads/2026/05/temperaturas-extremas-y-precipitaciones-2026x05x18-a.pdf
2026-05-17,007,LA VEGA,LA VEGA,IATESA,EMCI,33.5,22.0,23.3,https://indomet.gob.do/wp-content/uploads/2026/05/temperaturas-extremas-y-precipitaciones-2026x05x18-a.pdf
2026-05-17,008,JUMA BEJUCAL,MONSEÑOR NOUEL,IDIAF,EMCV,32.2,23.4,22.4,https://indomet.gob.do/wp-content/uploads/2026/05/temperaturas-extremas-y-precipitaciones-2026x05x18-a.pdf
2026-05-17,009,GURABO,SANTIAGO,MINISTERIO DE AGRICULTURA,EMCV,,,17.0,https://indomet.gob.do/wp-content/uploads/2026/05/temperaturas-extremas-y-precipitaciones-2026x05x18-a.pdf
2026-05-17,010,SÁNCHEZ,SAMANÁ,MINISTERIO DE AGRICULTURA,EMCI,33.7,19.8,16.2,https://indomet.gob.do/wp-content/uploads/2026/05/temperaturas-extremas-y-precipitaciones-2026x05x18-a.pdf
2026-05-17,011,BAYAGUANA,MONTE PLATA,INDOMET,EMCI,32.8,22.8,15.6,https://indomet.gob.do/wp-content/uploads/2026/05/temperaturas-extremas-y-precipitaciones-2026x05x18-a.pdf
2026-05-17,012,POLO,BARAHONA,INDOCAFE,EMCI,26.4,19.5,12.6,https://indomet.gob.do/wp-content/uploads/2026/05/temperaturas-extremas-y-precipitaciones-2026x05x18-a.pdf
2026-05-17,013,PROLONGACION 27 DE FEBRERO,DISTRITO NACIONAL,PRIVADA,EMAP,,,11.2,https://indomet.gob.do/wp-content/uploads/2026/05/temperaturas-extremas-y-precipitaciones-2026x05x18-a.pdf
2026-05-17,014,PONTÓN ABAJO (EMA),LA VEGA,MINISTERIO DE AGRICULTURA,EMAP,,,10.8,https://indomet.gob.do/wp-content/uploads/2026/05/temperaturas-extremas-y-precipitaciones-2026x05x18-a.pdf
2026-05-17,015,SAN CRISTÓBAL,SAN CRISTÓBAL,INSTITUTO POLITÉCNICO LOYOLA,EMCI,31.0,22.0,10.4,https://indomet.gob.do/wp-content/uploads/2026/05/temperaturas-extremas-y-precipitaciones-2026x05x18-a.pdf
2026-05-17,016,CENTRO DE LOS HEROES (EMA),DISTRITO NACIONAL,MINISTERIO DE ENERGIA Y MINA,EMAP,31.1,25.3,9.4,https://indomet.gob.do/wp-content/uploads/2026/05/temperaturas-extremas-y-precipitaciones-2026x05x18-a.pdf
2026-05-17,017,LOS CACICAZGOS (EMA),DISTRITO NACIONAL,PRIVADA,EMAP,,,8.6,https://indomet.gob.do/wp-content/uploads/2026/05/temperaturas-extremas-y-precipitaciones-2026x05x18-a.pdf
2026-05-17,018,BELLA VISTA (EMA),DISTRITO NACIONAL,PRIVADA,EMAP,,,7.6,https://indomet.gob.do/wp-content/uploads/2026/05/temperaturas-extremas-y-precipitaciones-2026x05x18-a.pdf
2026-05-17,019,ARPT. EL CATEY,SAMANÁ,INDOMET,EMCI,32.0,21.6,7.0,https://indomet.gob.do/wp-content/uploads/2026/05/temperaturas-extremas-y-precipitaciones-2026x05x18-a.pdf
2026-05-17,020,ARPT. DE PUNTA CANA,LA ALTAGRACIA,INDOMET,EMCI,31.3,24.5,6.8,https://indomet.gob.do/wp-content/uploads/2026/05/temperaturas-extremas-y-precipitaciones-2026x05x18-a.pdf
2026-05-17,021,GASPAR HERNÁNDEZ,ESPAILLAT,PROPIEDAD DEL EMPLEADO,EMCI,,,6.4,https://indomet.gob.do/wp-content/uploads/2026/05/temperaturas-extremas-y-precipitaciones-2026x05x18-a.pdf
2026-05-17,022,SANTO DOMINGO ESTE,SANTO DOMINGO,INDOMET,EMCI,32.3,26.4,5.9,https://indomet.gob.do/wp-content/uploads/2026/05/temperaturas-extremas-y-precipitaciones-2026x05x18-a.pdf
2026-05-17,023,ALTAMIRA,PUERTO PLATA,HOSP. MPAL. DE ALTAMIRA,EMCI,34.1,21.5,5.8,https://indomet.gob.do/wp-content/uploads/2026/05/temperaturas-extremas-y-precipitaciones-2026x05x18-a.pdf
2026-05-17,024,LUPERÓN,PUERTO PLATA,MINISTERIO DE AGRICULTURA,EMCV,,,5.8,https://indomet.gob.do/wp-content/uploads/2026/05/temperaturas-extremas-y-precipitaciones-2026x05x18-a.pdf
2026-05-17,025,SALCEDO,HERMANAS MIRABAL,PROPIEDAD DEL EMPLEADO,EMCI,,,5.4,https://indomet.gob.do/wp-content/uploads/2026/05/temperaturas-extremas-y-precipitaciones-2026x05x18-a.pdf
2026-05-17,026,SAN RAFAEL DEL YUMA,LA ALTAGRACIA,MINISTERIO DE AGRICULTURA,EMCI,32.0,23.4,5.3,https://indomet.gob.do/wp-content/uploads/2026/05/temperaturas-extremas-y-precipitaciones-2026x05x18-a.pdf
2026-05-17,027,TAMBORIL,SANTIAGO,MINISTERIO DE AGRICULTURA,EMCV,,,5.1,https://indomet.gob.do/wp-content/uploads/2026/05/temperaturas-extremas-y-precipitaciones-2026x05x18-a.pdf
2026-05-17,028,OVIEDO,PEDERNALES,CLÍNICA RURAL OVIEDO,EMCI,30.5,25.5,4.3,https://indomet.gob.do/wp-content/uploads/2026/05/temperaturas-extremas-y-precipitaciones-2026x05x18-a.pdf
2026-05-17,029,ARPT. DE LA ROMANA,LA ROMANA,INDOMET,EMCI,31.5,23.8,3.5,https://indomet.gob.do/wp-content/uploads/2026/05/temperaturas-extremas-y-precipitaciones-2026x05x18-a.pdf
2026-05-17,030,CABRAL,BARAHONA,MINISTERIO DE AGRICULTURA,EMCV,30.8,23.4,3.5,https://indomet.gob.do/wp-content/uploads/2026/05/temperaturas-extremas-y-precipitaciones-2026x05x18-a.pdf
2026-05-17,031,EL MILLON (EMA),DISTRITO NACIONAL,PRIVADA,EMAP,,,3.0,https://indomet.gob.do/wp-content/uploads/2026/05/temperaturas-extremas-y-precipitaciones-2026x05x18-a.pdf
2026-05-17,032,EL FACTOR (EMA),MARÍA TRINIDAD SÁNCHEZ,INTEC,EMAP,,,2.5,https://indomet.gob.do/wp-content/uploads/2026/05/temperaturas-extremas-y-precipitaciones-2026x05x18-a.pdf
2026-05-17,033,SABANA DE LA MAR,HATO MAYOR,INDOMET,EMCI,31.6,24.4,2.3,https://indomet.gob.do/wp-content/uploads/2026/05/temperaturas-extremas-y-precipitaciones-2026x05x18-a.pdf
2026-05-17,034,BOHECHÍO,SAN JUAN,MINISTERIO DE AGRICULTURA,EMCV,,,2.0,https://indomet.gob.do/wp-content/uploads/2026/05/temperaturas-extremas-y-precipitaciones-2026x05x18-a.pdf
2026-05-17,035,LOS PRADOS (EMA),DISTRITO NACIONAL,PRIVADA,EMAP,,,2.0,https://indomet.gob.do/wp-content/uploads/2026/05/temperaturas-extremas-y-precipitaciones-2026x05x18-a.pdf
2026-05-17,036,RÍO SAN JUAN,MARÍA TRINIDAD SÁNCHEZ,HOSP. MPAL. DR. DESIDERIO ACOSTA,EMCV,34.2,25.0,1.8,https://indomet.gob.do/wp-content/uploads/2026/05/temperaturas-extremas-y-precipitaciones-2026x05x18-a.pdf
2026-05-17,037,ARPT. DEL CIBAO,SANTIAGO,INDOMET,EMCI,35.0,23.5,1.7,https://indomet.gob.do/wp-content/uploads/2026/05/temperaturas-extremas-y-precipitaciones-2026x05x18-a.pdf
2026-05-17,038,LA AGUSTINA (EMA),DISTRITO NACIONAL,PRIVADA,EMAP,,,1.6,https://indomet.gob.do/wp-content/uploads/2026/05/temperaturas-extremas-y-precipitaciones-2026x05x18-a.pdf
2026-05-17,039,ENSANCHE LA FE (EMA),DISTRITO NACIONAL,PRIVADA,EMAP,,,1.5,https://indomet.gob.do/wp-content/uploads/2026/05/temperaturas-extremas-y-precipitaciones-2026x05x18-a.pdf
2026-05-17,040,ARPT. DE LAS AMÉRICAS,SANTO DOMINGO,INDOMET,EMCI,30.5,23.6,1.4,https://indomet.gob.do/wp-content/uploads/2026/05/temperaturas-extremas-y-precipitaciones-2026x05x18-a.pdf
2026-05-17,041,CONSTANZA (EMA),LA VEGA,PROGRAMA MUNDIAL DE ALIMENTO,EMAP,,,1.4,https://indomet.gob.do/wp-content/uploads/2026/05/temperaturas-extremas-y-precipitaciones-2026x05x18-a.pdf
2026-05-17,042,LOS COCOS (EMA),BAHORUCO,PRIVADA,EMAP,,,1.1,https://indomet.gob.do/wp-content/uploads/2026/05/temperaturas-extremas-y-precipitaciones-2026x05x18-a.pdf
2026-05-17,043,SABANETA (EMA),SANTIAGO RODRÍGUEZ,PROGRAMA MUNDIAL DE ALIMENTO,EMAP,37.1,22.3,0.6,https://indomet.gob.do/wp-content/uploads/2026/05/temperaturas-extremas-y-precipitaciones-2026x05x18-a.pdf
2026-05-17,044,PADRE LAS CASAS,AZUA,HOSP. NTRA. SRA. DEL CARMEN,EMCI,31.5,19.5,0.4,https://indomet.gob.do/wp-content/uploads/2026/05/temperaturas-extremas-y-precipitaciones-2026x05x18-a.pdf
2026-05-17,045,RANCHO ARRIBA,SAN JOSÉ DE OCOA,CENTRO TECNOLÓGICO COMUNITARIO,EMCI,27.1,18.2,0.4,https://indomet.gob.do/wp-content/uploads/2026/05/temperaturas-extremas-y-precipitaciones-2026x05x18-a.pdf
2026-05-17,046,ARROYO LORO,SAN JUAN,IDIAF,EMCI,31.4,20.2,0.3,https://indomet.gob.do/wp-content/uploads/2026/05/temperaturas-extremas-y-precipitaciones-2026x05x18-a.pdf
2026-05-17,047,JARABACOA,LA VEGA,INDRHI / MARENA,EMCI,32.6,16.4,0.3,https://indomet.gob.do/wp-content/uploads/2026/05/temperaturas-extremas-y-precipitaciones-2026x05x18-a.pdf
2026-05-17,048,ANAMUYA (EMA),LA ALTAGRACIA,MINISTERIO DE AGRICULTURA,EMAP,32.1,24.2,0.2,https://indomet.gob.do/wp-content/uploads/2026/05/temperaturas-extremas-y-precipitaciones-2026x05x18-a.pdf
2026-05-17,049,JANICO (EMA),LA VEGA,PLAN SIERRA,EMAI,,,0.2,https://indomet.gob.do/wp-content/uploads/2026/05/temperaturas-extremas-y-precipitaciones-2026x05x18-a.pdf
2026-05-17,050,JARABACOA (EMA),LA VEGA,PROGRAMA MUNDIAL DE ALIMENTO,EMAP,,,0.2,https://indomet.gob.do/wp-content/uploads/2026/05/temperaturas-extremas-y-precipitaciones-2026x05x18-a.pdf
2026-05-17,051,JARDÍN BOTÁNICO NACIONAL,DISTRITO NACIONAL,JARDÍN BOTÁNICO NACIONAL,EMCV,32.8,22.7,0.1,https://indomet.gob.do/wp-content/uploads/2026/05/temperaturas-extremas-y-precipitaciones-2026x05x18-a.pdf
2026-05-17,052,JIMANÍ,INDEPENDENCIA,MINISTERIO DE AGRICULTURA,EMCI,34.2,24.8,0.1,https://indomet.gob.do/wp-content/uploads/2026/05/temperaturas-extremas-y-precipitaciones-2026x05x18-a.pdf
2026-05-17,053,SAN JOSÉ DE OCOA,SAN JOSÉ DE OCOA,HOSP. SAN JOSÉ DE OCOA,EMCI,30.4,21.3,0.1,https://indomet.gob.do/wp-content/uploads/2026/05/temperaturas-extremas-y-precipitaciones-2026x05x18-a.pdf
2026-05-17,054,SANTIAGO RODRÍGUEZ,SANTIAGO RODRÍGUEZ,INDOMET,EMCI,37.0,22.5,0.1,https://indomet.gob.do/wp-content/uploads/2026/05/temperaturas-extremas-y-precipitaciones-2026x05x18-a.pdf
2026-05-17,055,ALTO BANDERA (EMA),LA VEGA,INTEC,EMAP,,,0.0,https://indomet.gob.do/wp-content/uploads/2026/05/temperaturas-extremas-y-precipitaciones-2026x05x18-a.pdf
2026-05-17,056,ARPT. ARROYO BARRIL,SAMANÁ,INDOMET,EMCI,32.7,21.4,0.0,https://indomet.gob.do/wp-content/uploads/2026/05/temperaturas-extremas-y-precipitaciones-2026x05x18-a.pdf
2026-05-17,057,ARPT. GREGORIO LUPERÓN,PUERTO PLATA,INDOMET,EMCI,32.0,24.0,0.0,https://indomet.gob.do/wp-content/uploads/2026/05/temperaturas-extremas-y-precipitaciones-2026x05x18-a.pdf
2026-05-17,058,ARPT. LA ISABELA,SANTO DOMINGO,INDOMET,EMCI,33.4,22.3,0.0,https://indomet.gob.do/wp-content/uploads/2026/05/temperaturas-extremas-y-precipitaciones-2026x05x18-a.pdf
2026-05-17,059,ARPT. MARÍA MONTEZ,BARAHONA,INDOMET,EMCI,30.5,24.3,0.0,https://indomet.gob.do/wp-content/uploads/2026/05/temperaturas-extremas-y-precipitaciones-2026x05x18-a.pdf
2026-05-17,060,BOCA DE MAO (EMA),VALVERDE,MINISTERIO DE AGRICULTURA,EMAP,,,0.0,https://indomet.gob.do/wp-content/uploads/2026/05/temperaturas-extremas-y-precipitaciones-2026x05x18-a.pdf
2026-05-17,061,BUCARA (EMA),SANTIAGO,MINISTERIO DE AGRICULTURA,EMAI,,,0.0,https://indomet.gob.do/wp-content/uploads/2026/05/temperaturas-extremas-y-precipitaciones-2026x05x18-a.pdf
2026-05-17,062,CABRERA,MARÍA TRINIDAD SÁNCHEZ,ESCUELA ARÍSTIDES FIALLO CABRAL,EMCI,32.2,25.0,0.0,https://indomet.gob.do/wp-content/uploads/2026/05/temperaturas-extremas-y-precipitaciones-2026x05x18-a.pdf
2026-05-17,063,CONSTANZA,LA VEGA,MINISTERIO DE AGRICULTURA,EMCI,28.0,14.4,0.0,https://indomet.gob.do/wp-content/uploads/2026/05/temperaturas-extremas-y-precipitaciones-2026x05x18-a.pdf
2026-05-17,064,EL CERCADO,SAN JUAN,MINISTERIO DE AGRICULTURA,EMCV,,,0.0,https://indomet.gob.do/wp-content/uploads/2026/05/temperaturas-extremas-y-precipitaciones-2026x05x18-a.pdf
2026-05-17,065,ELÍAS PIÑA,ELÍAS PIÑA,MINISTERIO DE AGRICULTURA,EMCV,,,0.0,https://indomet.gob.do/wp-content/uploads/2026/05/temperaturas-extremas-y-precipitaciones-2026x05x18-a.pdf
2026-05-17,066,HATO MAYOR,HATO MAYOR,MINISTERIO DE AGRICULTURA,EMCV,,,0.0,https://indomet.gob.do/wp-content/uploads/2026/05/temperaturas-extremas-y-precipitaciones-2026x05x18-a.pdf
2026-05-17,067,HONDO VALLE,ELÍAS PIÑA,MINISTERIO DE AGRICULTURA,EMCI,29.5,17.5,0.0,https://indomet.gob.do/wp-content/uploads/2026/05/temperaturas-extremas-y-precipitaciones-2026x05x18-a.pdf
2026-05-17,068,LA VICTORIA,SANTO DOMINGO,CUERPO DE BOMBEROS,EMCI,32.5,24.0,0.0,https://indomet.gob.do/wp-content/uploads/2026/05/temperaturas-extremas-y-precipitaciones-2026x05x18-a.pdf
2026-05-17,069,LAS CANAS (EMA),MONTE CRISTI,PROGRAMA MUNDIAL DE ALIMENTO,EMAP,,,0.0,https://indomet.gob.do/wp-content/uploads/2026/05/temperaturas-extremas-y-precipitaciones-2026x05x18-a.pdf
2026-05-17,070,LAS MATAS DE FARFÁN,SAN JUAN,MINISTERIO DE AGRICULTURA,EMCV,,,0.0,https://indomet.gob.do/wp-content/uploads/2026/05/temperaturas-extremas-y-precipitaciones-2026x05x18-a.pdf
2026-05-17,071,LOS LLANOS,SAN PEDRO DE MACORÍS,MINISTERIO DE AGRICULTURA,EMCI,33.2,23.3,0.0,https://indomet.gob.do/wp-content/uploads/2026/05/temperaturas-extremas-y-precipitaciones-2026x05x18-a.pdf
2026-05-17,072,MAO,VALVERDE,INDRHI / MINISTERIO DE AGRICULTURA,EMCV,,,0.0,https://indomet.gob.do/wp-content/uploads/2026/05/temperaturas-extremas-y-precipitaciones-2026x05x18-a.pdf
2026-05-17,073,MICHES (EMA),EL SEIBO,PRIVADA,EMAP,31.4,24.7,0.0,https://indomet.gob.do/wp-content/uploads/2026/05/temperaturas-extremas-y-precipitaciones-2026x05x18-a.pdf
2026-05-17,074,MONCIÓN (EMA),SANTIAGO RODRÍGUEZ,PROGRAMA MUNDIAL DE ALIMENTO,EMAP,32.7,20.4,0.0,https://indomet.gob.do/wp-content/uploads/2026/05/temperaturas-extremas-y-precipitaciones-2026x05x18-a.pdf
2026-05-17,075,MONTE CRISTI,MONTE CRISTI,INDOMET,EMCI,34.6,24.7,0.0,https://indomet.gob.do/wp-content/uploads/2026/05/temperaturas-extremas-y-precipitaciones-2026x05x18-a.pdf
2026-05-17,076,NAVARRETE,SANTIAGO,MINISTERIO DE AGRICULTURA,EMCV,,,0.0,https://indomet.gob.do/wp-content/uploads/2026/05/temperaturas-extremas-y-precipitaciones-2026x05x18-a.pdf
2026-05-17,077,OLIVARES,PEDERNALES,INDRHI,EMCI,,,0.0,https://indomet.gob.do/wp-content/uploads/2026/05/temperaturas-extremas-y-precipitaciones-2026x05x18-a.pdf
2026-05-17,078,PALO ÍNDIO,PUERTO PLATA,MINISTERIO DE AGRICULTURA,EMCI,,,0.0,https://indomet.gob.do/wp-content/uploads/2026/05/temperaturas-extremas-y-precipitaciones-2026x05x18-a.pdf
2026-05-17,079,PEDERNALES,PEDERNALES,INDRHI,EMCI,,,0.0,https://indomet.gob.do/wp-content/uploads/2026/05/temperaturas-extremas-y-precipitaciones-2026x05x18-a.pdf
2026-05-17,080,PERALTA,AZUA,HOSP. MPAL. DE PERALTA,EMCI,31.5,17.5,0.0,https://indomet.gob.do/wp-content/uploads/2026/05/temperaturas-extremas-y-precipitaciones-2026x05x18-a.pdf
2026-05-17,081,PESCADERIA (EMA),BARAHONA,MINISTERIO DE AGRICULTURA,EMAP,,,0.0,https://indomet.gob.do/wp-content/uploads/2026/05/temperaturas-extremas-y-precipitaciones-2026x05x18-a.pdf
2026-05-17,082,PRESA DE TAVERAS (EMA),LA VEGA,PROGRAMA MUNDIAL DE ALIMENTO,EMAP,31.7,21.8,0.0,https://indomet.gob.do/wp-content/uploads/2026/05/temperaturas-extremas-y-precipitaciones-2026x05x18-a.pdf
2026-05-17,083,SABANA GRANDE DE BOYÁ,MONTE PLATA,MINISTERIO DE AGRICULTURA,EMCV,,,0.0,https://indomet.gob.do/wp-content/uploads/2026/05/temperaturas-extremas-y-precipitaciones-2026x05x18-a.pdf
2026-05-17,084,SAMANÁ,SAMANÁ,COMANDANCIA DE PUERTO DE SAMANÁ,EMCI,33.3,20.9,0.0,https://indomet.gob.do/wp-content/uploads/2026/05/temperaturas-extremas-y-precipitaciones-2026x05x18-a.pdf
2026-05-17,085,SAN FRANCISCO DE MACORÍS,DUARTE,San Francisco de Macorís (UASD),EMCI,33.8,23.4,0.0,https://indomet.gob.do/wp-content/uploads/2026/05/temperaturas-extremas-y-precipitaciones-2026x05x18-a.pdf
2026-05-17,086,SANTIAGO (CENTRO),SANTIAGO,HUACALITO,EMCI,,,0.0,https://indomet.gob.do/wp-content/uploads/2026/05/temperaturas-extremas-y-precipitaciones-2026x05x18-a.pdf
2026-05-17,087,TÁBARA ABAJO,AZUA,INDRHI,EMCI,32.0,21.0,0.0,https://indomet.gob.do/wp-content/uploads/2026/05/temperaturas-extremas-y-precipitaciones-2026x05x18-a.pdf
2026-05-17,088,VILLA ISABELA,PUERTO PLATA,MINISTERIO DE AGRICULTURA,EMCV,34.5,22.0,0.0,https://indomet.gob.do/wp-content/uploads/2026/05/temperaturas-extremas-y-precipitaciones-2026x05x18-a.pdf
2026-05-17,089,VILLA VASQUEZ (EMA),MONTE CRISTI,JUNTA DE REGANTES,EMAI,,,0.0,https://indomet.gob.do/wp-content/uploads/2026/05/temperaturas-extremas-y-precipitaciones-2026x05x18-a.pdf
2026-05-18,001,SABANA GRANDE DE BOYÁ,MONTE PLATA,MINISTERIO DE AGRICULTURA,EMCV,,,64.8,https://indomet.gob.do/wp-content/uploads/2026/05/temperaturas-extremas-y-precipitaciones-2026x05x18-a-1.pdf
2026-05-18,002,OVIEDO,PEDERNALES,CLÍNICA RURAL OVIEDO,EMCI,31.5,22.5,26.4,https://indomet.gob.do/wp-content/uploads/2026/05/temperaturas-extremas-y-precipitaciones-2026x05x18-a-1.pdf
2026-05-18,003,ARPT. LA ISABELA,SANTO DOMINGO,INDOMET,EMCI,34.4,22.0,21.4,https://indomet.gob.do/wp-content/uploads/2026/05/temperaturas-extremas-y-precipitaciones-2026x05x18-a-1.pdf
2026-05-18,004,LA VICTORIA,SANTO DOMINGO,CUERPO DE BOMBEROS,EMCI,34.8,22.0,18.5,https://indomet.gob.do/wp-content/uploads/2026/05/temperaturas-extremas-y-precipitaciones-2026x05x18-a-1.pdf
2026-05-18,005,BAYAGUANA,MONTE PLATA,INDOMET,EMCI,32.8,22.6,13.4,https://indomet.gob.do/wp-content/uploads/2026/05/temperaturas-extremas-y-precipitaciones-2026x05x18-a-1.pdf
2026-05-18,006,JUMA BEJUCAL,MONSEÑOR NOUEL,IDIAF,EMCV,32.0,23.2,12.7,https://indomet.gob.do/wp-content/uploads/2026/05/temperaturas-extremas-y-precipitaciones-2026x05x18-a-1.pdf
2026-05-18,007,LOS PRADOS (EMA),DISTRITO NACIONAL,PRIVADA,EMAP,,,12.2,https://indomet.gob.do/wp-content/uploads/2026/05/temperaturas-extremas-y-precipitaciones-2026x05x18-a-1.pdf
2026-05-18,008,BONAO,MONSEÑOR NOUEL,MINISTERIO DE AGRICULTURA,EMCV,,,12.2,https://indomet.gob.do/wp-content/uploads/2026/05/temperaturas-extremas-y-precipitaciones-2026x05x18-a-1.pdf
2026-05-18,009,JARDÍN BOTÁNICO NACIONAL,DISTRITO NACIONAL,JARDÍN BOTÁNICO NACIONAL,EMCV,29.9,21.6,11.1,https://indomet.gob.do/wp-content/uploads/2026/05/temperaturas-extremas-y-precipitaciones-2026x05x18-a-1.pdf
2026-05-18,010,LOS JARDINES (EMA),DISTRITO NACIONAL,PRIVADA,EMAP,,,11.0,https://indomet.gob.do/wp-content/uploads/2026/05/temperaturas-extremas-y-precipitaciones-2026x05x18-a-1.pdf
2026-05-18,011,POLO,BARAHONA,INDOCAFE,EMCI,28.0,18.0,9.4,https://indomet.gob.do/wp-content/uploads/2026/05/temperaturas-extremas-y-precipitaciones-2026x05x18-a-1.pdf
2026-05-18,012,BUCARA (EMA),SANTIAGO,MINISTERIO DE AGRICULTURA,EMAI,,,8.8,https://indomet.gob.do/wp-content/uploads/2026/05/temperaturas-extremas-y-precipitaciones-2026x05x18-a-1.pdf
2026-05-18,013,ENSANCHE LA FE (EMA),DISTRITO NACIONAL,PRIVADA,EMAP,,,7.4,https://indomet.gob.do/wp-content/uploads/2026/05/temperaturas-extremas-y-precipitaciones-2026x05x18-a-1.pdf
2026-05-18,014,LA AGUSTINA (EMA),DISTRITO NACIONAL,PRIVADA,EMAP,,,7.3,https://indomet.gob.do/wp-content/uploads/2026/05/temperaturas-extremas-y-precipitaciones-2026x05x18-a-1.pdf
2026-05-18,015,SAN CRISTÓBAL,SAN CRISTÓBAL,INSTITUTO POLITÉCNICO LOYOLA,EMCI,30.2,20.2,6.8,https://indomet.gob.do/wp-content/uploads/2026/05/temperaturas-extremas-y-precipitaciones-2026x05x18-a-1.pdf
2026-05-18,016,PROLONGACION 27 DE FEBRERO,DISTRITO NACIONAL,PRIVADA,EMAP,,,5.1,https://indomet.gob.do/wp-content/uploads/2026/05/temperaturas-extremas-y-precipitaciones-2026x05x18-a-1.pdf
2026-05-18,017,RANCHO ARRIBA,SAN JOSÉ DE OCOA,CENTRO TECNOLÓGICO COMUNITARIO,EMCI,30.4,18.4,4.6,https://indomet.gob.do/wp-content/uploads/2026/05/temperaturas-extremas-y-precipitaciones-2026x05x18-a-1.pdf
2026-05-18,018,SAMANÁ,SAMANÁ,COMANDANCIA DE PUERTO DE SAMANÁ,EMCI,32.2,19.4,4.6,https://indomet.gob.do/wp-content/uploads/2026/05/temperaturas-extremas-y-precipitaciones-2026x05x18-a-1.pdf
2026-05-18,019,JARABACOA,LA VEGA,INDRHI / MARENA,EMCI,32.0,16.2,4.2,https://indomet.gob.do/wp-content/uploads/2026/05/temperaturas-extremas-y-precipitaciones-2026x05x18-a-1.pdf
2026-05-18,020,PARQUE MIRADOR SUR,DISTRITO NACIONAL,AYUNTAMIENTO,EMCV,33.6,22.4,4.0,https://indomet.gob.do/wp-content/uploads/2026/05/temperaturas-extremas-y-precipitaciones-2026x05x18-a-1.pdf
2026-05-18,021,SAN JOSÉ DE OCOA,SAN JOSÉ DE OCOA,HOSP. SAN JOSÉ DE OCOA,EMCI,30.6,19.7,4.0,https://indomet.gob.do/wp-content/uploads/2026/05/temperaturas-extremas-y-precipitaciones-2026x05x18-a-1.pdf
2026-05-18,022,LOS CACICAZGOS (EMA),DISTRITO NACIONAL,PRIVADA,EMAP,,,3.3,https://indomet.gob.do/wp-content/uploads/2026/05/temperaturas-extremas-y-precipitaciones-2026x05x18-a-1.pdf
2026-05-18,023,LA VEGA,LA VEGA,IATESA,EMCI,33.5,22.0,3.1,https://indomet.gob.do/wp-content/uploads/2026/05/temperaturas-extremas-y-precipitaciones-2026x05x18-a-1.pdf
2026-05-18,024,ALTO BANDERA (EMA),LA VEGA,INTEC,EMAP,19.1,3.7,3.0,https://indomet.gob.do/wp-content/uploads/2026/05/temperaturas-extremas-y-precipitaciones-2026x05x18-a-1.pdf
2026-05-18,025,ENRIQUILLO,BARAHONA,MINISTERIO DE AGRICULTURA,EMCV,31.0,20.5,3.0,https://indomet.gob.do/wp-content/uploads/2026/05/temperaturas-extremas-y-precipitaciones-2026x05x18-a-1.pdf
2026-05-18,026,MICHES (EMA),EL SEIBO,PRIVADA,EMAP,32.9,22.5,3.0,https://indomet.gob.do/wp-content/uploads/2026/05/temperaturas-extremas-y-precipitaciones-2026x05x18-a-1.pdf
2026-05-18,027,SALCEDO,HERMANAS MIRABAL,PROPIEDAD DEL EMPLEADO,EMCI,,,2.8,https://indomet.gob.do/wp-content/uploads/2026/05/temperaturas-extremas-y-precipitaciones-2026x05x18-a-1.pdf
2026-05-18,028,VILLA VASQUEZ (EMA),MONTE CRISTI,JUNTA DE REGANTES,EMAI,,,2.6,https://indomet.gob.do/wp-content/uploads/2026/05/temperaturas-extremas-y-precipitaciones-2026x05x18-a-1.pdf
2026-05-18,029,ESCONDIDO,PERAVIA,MINISTERIO DE AGRICULTURA,EMCV,31.0,24.0,2.5,https://indomet.gob.do/wp-content/uploads/2026/05/temperaturas-extremas-y-precipitaciones-2026x05x18-a-1.pdf
2026-05-18,030,ARPT. ARROYO BARRIL,SAMANÁ,INDOMET,EMCI,32.0,25.0,2.4,https://indomet.gob.do/wp-content/uploads/2026/05/temperaturas-extremas-y-precipitaciones-2026x05x18-a-1.pdf
2026-05-18,031,BOHECHÍO,SAN JUAN,MINISTERIO DE AGRICULTURA,EMCV,,,2.4,https://indomet.gob.do/wp-content/uploads/2026/05/temperaturas-extremas-y-precipitaciones-2026x05x18-a-1.pdf
2026-05-18,032,EL MILLON (EMA),DISTRITO NACIONAL,PRIVADA,EMAP,,,2.0,https://indomet.gob.do/wp-content/uploads/2026/05/temperaturas-extremas-y-precipitaciones-2026x05x18-a-1.pdf
2026-05-18,033,SÁNCHEZ,SAMANÁ,MINISTERIO DE AGRICULTURA,EMCI,32.9,19.8,1.8,https://indomet.gob.do/wp-content/uploads/2026/05/temperaturas-extremas-y-precipitaciones-2026x05x18-a-1.pdf
2026-05-18,034,BELLA VISTA (EMA),DISTRITO NACIONAL,PRIVADA,EMAP,,,1.5,https://indomet.gob.do/wp-content/uploads/2026/05/temperaturas-extremas-y-precipitaciones-2026x05x18-a-1.pdf
2026-05-18,035,BANI (EMA),PERAVIA,MINISTERIO DE AGRICULTURA,EMAP,30.8,23.7,1.4,https://indomet.gob.do/wp-content/uploads/2026/05/temperaturas-extremas-y-precipitaciones-2026x05x18-a-1.pdf
2026-05-18,036,CONSTANZA,LA VEGA,MINISTERIO DE AGRICULTURA,EMCI,26.0,14.0,1.4,https://indomet.gob.do/wp-content/uploads/2026/05/temperaturas-extremas-y-precipitaciones-2026x05x18-a-1.pdf
2026-05-18,037,CONSTANZA (EMA),LA VEGA,PROGRAMA MUNDIAL DE ALIMENTO,EMAP,24.8,15.4,1.4,https://indomet.gob.do/wp-content/uploads/2026/05/temperaturas-extremas-y-precipitaciones-2026x05x18-a-1.pdf
2026-05-18,038,JARABACOA (EMA),LA VEGA,PROGRAMA MUNDIAL DE ALIMENTO,EMAP,30.4,18.0,1.4,https://indomet.gob.do/wp-content/uploads/2026/05/temperaturas-extremas-y-precipitaciones-2026x05x18-a-1.pdf
2026-05-18,039,PRESA DE TAVERAS (EMA),LA VEGA,PROGRAMA MUNDIAL DE ALIMENTO,EMAP,31.2,21.2,1.4,https://indomet.gob.do/wp-content/uploads/2026/05/temperaturas-extremas-y-precipitaciones-2026x05x18-a-1.pdf
2026-05-18,040,PADRE LAS CASAS,AZUA,HOSP. NTRA. SRA. DEL CARMEN,EMCI,32.3,21.2,1.2,https://indomet.gob.do/wp-content/uploads/2026/05/temperaturas-extremas-y-precipitaciones-2026x05x18-a-1.pdf
2026-05-18,041,PONTÓN ABAJO (EMA),LA VEGA,MINISTERIO DE AGRICULTURA,EMAP,34.3,22.8,1.2,https://indomet.gob.do/wp-content/uploads/2026/05/temperaturas-extremas-y-precipitaciones-2026x05x18-a-1.pdf
2026-05-18,042,ELÍAS PIÑA,ELÍAS PIÑA,MINISTERIO DE AGRICULTURA,EMCV,,,1.1,https://indomet.gob.do/wp-content/uploads/2026/05/temperaturas-extremas-y-precipitaciones-2026x05x18-a-1.pdf
2026-05-18,043,JANICO (EMA),LA VEGA,PLAN SIERRA,EMAI,,,1.0,https://indomet.gob.do/wp-content/uploads/2026/05/temperaturas-extremas-y-precipitaciones-2026x05x18-a-1.pdf
2026-05-18,044,ARROYO LORO,SAN JUAN,IDIAF,EMCI,31.5,20.5,0.8,https://indomet.gob.do/wp-content/uploads/2026/05/temperaturas-extremas-y-precipitaciones-2026x05x18-a-1.pdf
2026-05-18,045,RÍO SAN JUAN,MARÍA TRINIDAD SÁNCHEZ,HOSP. MPAL. DR. DESIDERIO ACOSTA,EMCV,33.8,23.2,0.8,https://indomet.gob.do/wp-content/uploads/2026/05/temperaturas-extremas-y-precipitaciones-2026x05x18-a-1.pdf
2026-05-18,046,JIMANÍ,INDEPENDENCIA,MINISTERIO DE AGRICULTURA,EMCI,33.8,24.4,0.7,https://indomet.gob.do/wp-content/uploads/2026/05/temperaturas-extremas-y-precipitaciones-2026x05x18-a-1.pdf
2026-05-18,047,ARPT. DEL CIBAO,SANTIAGO,INDOMET,EMCI,34.0,20.9,0.6,https://indomet.gob.do/wp-content/uploads/2026/05/temperaturas-extremas-y-precipitaciones-2026x05x18-a-1.pdf
2026-05-18,048,ARPT. EL CATEY,SAMANÁ,INDOMET,EMCI,33.5,22.0,0.4,https://indomet.gob.do/wp-content/uploads/2026/05/temperaturas-extremas-y-precipitaciones-2026x05x18-a-1.pdf
2026-05-18,049,CENTRO DE LOS HEROES (EMA),DISTRITO NACIONAL,MINISTERIO DE ENERGIA Y MINA,EMAP,31.1,24.9,0.4,https://indomet.gob.do/wp-content/uploads/2026/05/temperaturas-extremas-y-precipitaciones-2026x05x18-a-1.pdf
2026-05-18,050,EL FACTOR (EMA),MARÍA TRINIDAD SÁNCHEZ,INTEC,EMAP,33.3,22.4,0.3,https://indomet.gob.do/wp-content/uploads/2026/05/temperaturas-extremas-y-precipitaciones-2026x05x18-a-1.pdf
2026-05-18,051,ARPT. DE LA ROMANA,LA ROMANA,INDOMET,EMCI,31.1,23.3,0.2,https://indomet.gob.do/wp-content/uploads/2026/05/temperaturas-extremas-y-precipitaciones-2026x05x18-a-1.pdf
2026-05-18,052,SANTO DOMINGO ESTE,SANTO DOMINGO,INDOMET,EMCI,31.1,23.3,0.2,https://indomet.gob.do/wp-content/uploads/2026/05/temperaturas-extremas-y-precipitaciones-2026x05x18-a-1.pdf
2026-05-18,053,CABRAL,BARAHONA,MINISTERIO DE AGRICULTURA,EMCV,31.3,24.7,0.1,https://indomet.gob.do/wp-content/uploads/2026/05/temperaturas-extremas-y-precipitaciones-2026x05x18-a-1.pdf
2026-05-18,054,HONDO VALLE,ELÍAS PIÑA,MINISTERIO DE AGRICULTURA,EMCI,29.9,17.9,0.1,https://indomet.gob.do/wp-content/uploads/2026/05/temperaturas-extremas-y-precipitaciones-2026x05x18-a-1.pdf
2026-05-18,055,ALTAMIRA,PUERTO PLATA,HOSP. MPAL. DE ALTAMIRA,EMCI,34.0,20.0,0.0,https://indomet.gob.do/wp-content/uploads/2026/05/temperaturas-extremas-y-precipitaciones-2026x05x18-a-1.pdf
2026-05-18,056,ANAMUYA (EMA),LA ALTAGRACIA,MINISTERIO DE AGRICULTURA,EMAP,31.7,22.7,0.0,https://indomet.gob.do/wp-content/uploads/2026/05/temperaturas-extremas-y-precipitaciones-2026x05x18-a-1.pdf
2026-05-18,057,ARPT. DE LAS AMÉRICAS,SANTO DOMINGO,INDOMET,EMCI,31.5,23.8,0.0,https://indomet.gob.do/wp-content/uploads/2026/05/temperaturas-extremas-y-precipitaciones-2026x05x18-a-1.pdf
2026-05-18,058,ARPT. DE PUNTA CANA,LA ALTAGRACIA,INDOMET,EMCI,31.0,22.6,0.0,https://indomet.gob.do/wp-content/uploads/2026/05/temperaturas-extremas-y-precipitaciones-2026x05x18-a-1.pdf
2026-05-18,059,ARPT. GREGORIO LUPERÓN,PUERTO PLATA,INDOMET,EMCI,33.2,24.7,0.0,https://indomet.gob.do/wp-content/uploads/2026/05/temperaturas-extremas-y-precipitaciones-2026x05x18-a-1.pdf
2026-05-18,060,ARPT. MARÍA MONTEZ,BARAHONA,INDOMET,EMCI,31.2,24.0,0.0,https://indomet.gob.do/wp-content/uploads/2026/05/temperaturas-extremas-y-precipitaciones-2026x05x18-a-1.pdf
2026-05-18,061,BOCA DE MAO (EMA),VALVERDE,MINISTERIO DE AGRICULTURA,EMAP,36.8,24.1,0.0,https://indomet.gob.do/wp-content/uploads/2026/05/temperaturas-extremas-y-precipitaciones-2026x05x18-a-1.pdf
2026-05-18,062,CABRERA,MARÍA TRINIDAD SÁNCHEZ,ESCUELA ARÍSTIDES FIALLO CABRAL,EMCI,32.5,26.5,0.0,https://indomet.gob.do/wp-content/uploads/2026/05/temperaturas-extremas-y-precipitaciones-2026x05x18-a-1.pdf
2026-05-18,063,COTUÍ,SÁNCHEZ RAMÍREZ,HOSP. INMACULADA CONCEPCIÓN,EMCV,,,0.0,https://indomet.gob.do/wp-content/uploads/2026/05/temperaturas-extremas-y-precipitaciones-2026x05x18-a-1.pdf
2026-05-18,064,DAJABÓN,DAJABÓN,INSTITUTO POLITÉCNICO LOYOLA,EMCI,34.8,19.0,0.0,https://indomet.gob.do/wp-content/uploads/2026/05/temperaturas-extremas-y-precipitaciones-2026x05x18-a-1.pdf
2026-05-18,065,EL CERCADO,SAN JUAN,MINISTERIO DE AGRICULTURA,EMCV,,,0.0,https://indomet.gob.do/wp-content/uploads/2026/05/temperaturas-extremas-y-precipitaciones-2026x05x18-a-1.pdf
2026-05-18,066,GASPAR HERNÁNDEZ,ESPAILLAT,PROPIEDAD DEL EMPLEADO,EMCI,,,0.0,https://indomet.gob.do/wp-content/uploads/2026/05/temperaturas-extremas-y-precipitaciones-2026x05x18-a-1.pdf
2026-05-18,067,GURABO,SANTIAGO,MINISTERIO DE AGRICULTURA,EMCV,,,0.0,https://indomet.gob.do/wp-content/uploads/2026/05/temperaturas-extremas-y-precipitaciones-2026x05x18-a-1.pdf
2026-05-18,068,HATO MAYOR,HATO MAYOR,MINISTERIO DE AGRICULTURA,EMCV,,,0.0,https://indomet.gob.do/wp-content/uploads/2026/05/temperaturas-extremas-y-precipitaciones-2026x05x18-a-1.pdf
2026-05-18,069,JARDÍN BOTÁNICO SANTIAGO (EMSANTIAGO,,JARDIN BOTANICO SANTIAGO,EMAI,32.6,25.0,0.0,https://indomet.gob.do/wp-content/uploads/2026/05/temperaturas-extremas-y-precipitaciones-2026x05x18-a-1.pdf
2026-05-18,070,LAS CANAS (EMA),MONTE CRISTI,PROGRAMA MUNDIAL DE ALIMENTO,EMAP,29.8,23.4,0.0,https://indomet.gob.do/wp-content/uploads/2026/05/temperaturas-extremas-y-precipitaciones-2026x05x18-a-1.pdf
2026-05-18,071,LOS COCOS (EMA),BAHORUCO,PRIVADA,EMAP,,,0.0,https://indomet.gob.do/wp-content/uploads/2026/05/temperaturas-extremas-y-precipitaciones-2026x05x18-a-1.pdf
2026-05-18,072,LOS JENGIBRES,NAGUA,INDRHI,EMCI,,,0.0,https://indomet.gob.do/wp-content/uploads/2026/05/temperaturas-extremas-y-precipitaciones-2026x05x18-a-1.pdf
2026-05-18,073,LOS LLANOS,SAN PEDRO DE MACORÍS,MINISTERIO DE AGRICULTURA,EMCI,32.0,22.0,0.0,https://indomet.gob.do/wp-content/uploads/2026/05/temperaturas-extremas-y-precipitaciones-2026x05x18-a-1.pdf
2026-05-18,074,LUPERÓN,PUERTO PLATA,MINISTERIO DE AGRICULTURA,EMCV,,,0.0,https://indomet.gob.do/wp-content/uploads/2026/05/temperaturas-extremas-y-precipitaciones-2026x05x18-a-1.pdf
2026-05-18,075,MAO,VALVERDE,INDRHI / MINISTERIO DE AGRICULTURA,EMCV,,,0.0,https://indomet.gob.do/wp-content/uploads/2026/05/temperaturas-extremas-y-precipitaciones-2026x05x18-a-1.pdf
2026-05-18,076,MONCIÓN (EMA),SANTIAGO RODRÍGUEZ,PROGRAMA MUNDIAL DE ALIMENTO,EMAP,32.4,21.7,0.0,https://indomet.gob.do/wp-content/uploads/2026/05/temperaturas-extremas-y-precipitaciones-2026x05x18-a-1.pdf
2026-05-18,077,MONTE CRISTI,MONTE CRISTI,INDOMET,EMCI,34.4,23.4,0.0,https://indomet.gob.do/wp-content/uploads/2026/05/temperaturas-extremas-y-precipitaciones-2026x05x18-a-1.pdf
2026-05-18,078,NAVARRETE,SANTIAGO,MINISTERIO DE AGRICULTURA,EMCV,,,0.0,https://indomet.gob.do/wp-content/uploads/2026/05/temperaturas-extremas-y-precipitaciones-2026x05x18-a-1.pdf
2026-05-18,079,OLIVARES,PEDERNALES,INDRHI,EMCI,,,0.0,https://indomet.gob.do/wp-content/uploads/2026/05/temperaturas-extremas-y-precipitaciones-2026x05x18-a-1.pdf
2026-05-18,080,PALO ÍNDIO,PUERTO PLATA,MINISTERIO DE AGRICULTURA,EMCI,,,0.0,https://indomet.gob.do/wp-content/uploads/2026/05/temperaturas-extremas-y-precipitaciones-2026x05x18-a-1.pdf
2026-05-18,081,PASO AL MEDIO,SAN PEDRO DE MACORÍS,INDRHI,EMCI,,,0.0,https://indomet.gob.do/wp-content/uploads/2026/05/temperaturas-extremas-y-precipitaciones-2026x05x18-a-1.pdf
2026-05-18,082,PEDERNALES,PEDERNALES,INDRHI,EMCI,,,0.0,https://indomet.gob.do/wp-content/uploads/2026/05/temperaturas-extremas-y-precipitaciones-2026x05x18-a-1.pdf
2026-05-18,083,PERALTA,AZUA,HOSP. MPAL. DE PERALTA,EMCI,30.3,18.1,0.0,https://indomet.gob.do/wp-content/uploads/2026/05/temperaturas-extremas-y-precipitaciones-2026x05x18-a-1.pdf
2026-05-18,084,RESTAURACIÓN,DAJABÓN,MINISTERIO DE AGRICULTURA,EMCI,30.1,18.4,0.0,https://indomet.gob.do/wp-content/uploads/2026/05/temperaturas-extremas-y-precipitaciones-2026x05x18-a-1.pdf
2026-05-18,085,SABANA DE LA MAR,HATO MAYOR,INDOMET,EMCI,31.4,22.0,0.0,https://indomet.gob.do/wp-content/uploads/2026/05/temperaturas-extremas-y-precipitaciones-2026x05x18-a-1.pdf
2026-05-18,086,SABANETA (EMA),SANTIAGO RODRÍGUEZ,PROGRAMA MUNDIAL DE ALIMENTO,EMAP,36.7,24.0,0.0,https://indomet.gob.do/wp-content/uploads/2026/05/temperaturas-extremas-y-precipitaciones-2026x05x18-a-1.pdf
2026-05-18,087,SAJOMA (EMA),SANTIAGO,PLAN SIERRA,EMAI,31.9,22.9,0.0,https://indomet.gob.do/wp-content/uploads/2026/05/temperaturas-extremas-y-precipitaciones-2026x05x18-a-1.pdf
2026-05-18,088,SAN FRANCISCO DE MACORÍS,DUARTE,San Francisco de Macorís (UASD),EMCI,33.8,23.4,0.0,https://indomet.gob.do/wp-content/uploads/2026/05/temperaturas-extremas-y-precipitaciones-2026x05x18-a-1.pdf
2026-05-18,089,SAN RAFAEL DEL YUMA,LA ALTAGRACIA,MINISTERIO DE AGRICULTURA,EMCI,31.9,22.0,0.0,https://indomet.gob.do/wp-content/uploads/2026/05/temperaturas-extremas-y-precipitaciones-2026x05x18-a-1.pdf
2026-05-18,090,SANTIAGO (CENTRO),SANTIAGO,HUACALITO,EMCI,,,0.0,https://indomet.gob.do/wp-content/uploads/2026/05/temperaturas-extremas-y-precipitaciones-2026x05x18-a-1.pdf
2026-05-18,091,SANTIAGO RODRÍGUEZ,SANTIAGO RODRÍGUEZ,INDOMET,EMCI,36.3,24.2,0.0,https://indomet.gob.do/wp-content/uploads/2026/05/temperaturas-extremas-y-precipitaciones-2026x05x18-a-1.pdf
2026-05-18,092,TÁBARA ABAJO,AZUA,INDRHI,EMCI,30.5,20.0,0.0,https://indomet.gob.do/wp-content/uploads/2026/05/temperaturas-extremas-y-precipitaciones-2026x05x18-a-1.pdf
2026-05-18,093,TAMBORIL,SANTIAGO,MINISTERIO DE AGRICULTURA,EMCV,,,0.0,https://indomet.gob.do/wp-content/uploads/2026/05/temperaturas-extremas-y-precipitaciones-2026x05x18-a-1.pdf
2026-05-18,094,TAVERA,SANTIAGO,INDRHI,EMCI,,,0.0,https://indomet.gob.do/wp-content/uploads/2026/05/temperaturas-extremas-y-precipitaciones-2026x05x18-a-1.pdf
2026-05-18,095,VILLA GONZALES,SANTIAGO,MINISTERIO DE AGRICULTURA,EMCI,,,0.0,https://indomet.gob.do/wp-content/uploads/2026/05/temperaturas-extremas-y-precipitaciones-2026x05x18-a-1.pdf
2026-05-18,096,VILLA ISABELA,PUERTO PLATA,MINISTERIO DE AGRICULTURA,EMCV,34.0,21.0,0.0,https://indomet.gob.do/wp-content/uploads/2026/05/temperaturas-extremas-y-precipitaciones-2026x05x18-a-1.pdf
2026-05-20,001,PONTÓN ABAJO (EMA),LA VEGA,MINISTERIO DE AGRICULTURA,EMAP,30.9,22.6,67.8,https://indomet.gob.do/wp-content/uploads/2026/05/temperaturas-extremas-y-precipitaciones-2026x05x20-a.pdf
2026-05-20,002,JUNTA DE REGANTES ANGELINA (,SÁNCHEZ RAMÍREZ,PROGRAMA MUNDIAL DE ALIMENTO,EMAP,,,64.2,https://indomet.gob.do/wp-content/uploads/2026/05/temperaturas-extremas-y-precipitaciones-2026x05x20-a.pdf
2026-05-20,003,COTUI HOSP.MUNICIPAL (EMA),SÁNCHEZ RAMÍREZ,PROGRAMA MUNDIAL DE ALIMENTO,EMAP,,,59.0,https://indomet.gob.do/wp-content/uploads/2026/05/temperaturas-extremas-y-precipitaciones-2026x05x20-a.pdf
2026-05-20,004,DAJABÓN,DAJABÓN,INSTITUTO POLITÉCNICO LOYOLA,EMCI,35.0,18.0,32.7,https://indomet.gob.do/wp-content/uploads/2026/05/temperaturas-extremas-y-precipitaciones-2026x05x20-a.pdf
2026-05-20,005,LA VEGA,LA VEGA,IATESA,EMCI,31.0,22.5,28.5,https://indomet.gob.do/wp-content/uploads/2026/05/temperaturas-extremas-y-precipitaciones-2026x05x20-a.pdf
2026-05-20,006,LA VICTORIA,SANTO DOMINGO,CUERPO DE BOMBEROS,EMCI,30.0,23.0,27.0,https://indomet.gob.do/wp-content/uploads/2026/05/temperaturas-extremas-y-precipitaciones-2026x05x20-a.pdf
2026-05-20,007,TAMBORIL,SANTIAGO,MINISTERIO DE AGRICULTURA,EMCV,,,24.1,https://indomet.gob.do/wp-content/uploads/2026/05/temperaturas-extremas-y-precipitaciones-2026x05x20-a.pdf
2026-05-20,008,SABANA GRANDE DE BOYÁ,MONTE PLATA,MINISTERIO DE AGRICULTURA,EMCV,,,19.3,https://indomet.gob.do/wp-content/uploads/2026/05/temperaturas-extremas-y-precipitaciones-2026x05x20-a.pdf
2026-05-20,009,MOCA,ESPAILLAT,MINISTERIO DE AGRICULTURA,EMCV,,,17.2,https://indomet.gob.do/wp-content/uploads/2026/05/temperaturas-extremas-y-precipitaciones-2026x05x20-a.pdf
2026-05-20,010,POLO,BARAHONA,INDOCAFE,EMCI,26.0,14.2,15.6,https://indomet.gob.do/wp-content/uploads/2026/05/temperaturas-extremas-y-precipitaciones-2026x05x20-a.pdf
2026-05-20,011,EL FACTOR (EMA),MARÍA TRINIDAD SÁNCHEZ,INTEC,EMAP,31.1,22.4,14.0,https://indomet.gob.do/wp-content/uploads/2026/05/temperaturas-extremas-y-precipitaciones-2026x05x20-a.pdf
2026-05-20,012,VILLA ALTAGRACIA,SAN CRISTÓBAL,ESCUELA JAVIER ANGULO GURIDI,EMCI,,,13.5,https://indomet.gob.do/wp-content/uploads/2026/05/temperaturas-extremas-y-precipitaciones-2026x05x20-a.pdf
2026-05-20,013,BUCARA (EMA),SANTIAGO,MINISTERIO DE AGRICULTURA,EMAI,,,12.8,https://indomet.gob.do/wp-content/uploads/2026/05/temperaturas-extremas-y-precipitaciones-2026x05x20-a.pdf
2026-05-20,014,ARPT. DEL CIBAO,SANTIAGO,INDOMET,EMCI,32.8,21.8,10.8,https://indomet.gob.do/wp-content/uploads/2026/05/temperaturas-extremas-y-precipitaciones-2026x05x20-a.pdf
2026-05-20,015,SALCEDO,HERMANAS MIRABAL,PROPIEDAD DEL EMPLEADO,EMCI,,,10.3,https://indomet.gob.do/wp-content/uploads/2026/05/temperaturas-extremas-y-precipitaciones-2026x05x20-a.pdf
2026-05-20,016,ENRIQUILLO,BARAHONA,MINISTERIO DE AGRICULTURA,EMCV,30.5,20.0,9.2,https://indomet.gob.do/wp-content/uploads/2026/05/temperaturas-extremas-y-precipitaciones-2026x05x20-a.pdf
2026-05-20,017,ESCONDIDO,PERAVIA,MINISTERIO DE AGRICULTURA,EMCV,30.0,23.0,8.9,https://indomet.gob.do/wp-content/uploads/2026/05/temperaturas-extremas-y-precipitaciones-2026x05x20-a.pdf
2026-05-20,018,GURABO,SANTIAGO,MINISTERIO DE AGRICULTURA,EMCV,,,8.9,https://indomet.gob.do/wp-content/uploads/2026/05/temperaturas-extremas-y-precipitaciones-2026x05x20-a.pdf
2026-05-20,019,ARPT. DE PUNTA CANA,LA ALTAGRACIA,INDOMET,EMCI,30.7,21.0,8.6,https://indomet.gob.do/wp-content/uploads/2026/05/temperaturas-extremas-y-precipitaciones-2026x05x20-a.pdf
2026-05-20,020,ANAMUYA (EMA),LA ALTAGRACIA,MINISTERIO DE AGRICULTURA,EMAP,31.1,23.4,7.0,https://indomet.gob.do/wp-content/uploads/2026/05/temperaturas-extremas-y-precipitaciones-2026x05x20-a.pdf
2026-05-20,021,BANI (EMA),PERAVIA,MINISTERIO DE AGRICULTURA,EMAP,30.3,23.3,7.0,https://indomet.gob.do/wp-content/uploads/2026/05/temperaturas-extremas-y-precipitaciones-2026x05x20-a.pdf
2026-05-20,022,SAMANÁ,SAMANÁ,COMANDANCIA DE PUERTO DE SAMANÁ,EMCI,31.8,17.6,7.0,https://indomet.gob.do/wp-content/uploads/2026/05/temperaturas-extremas-y-precipitaciones-2026x05x20-a.pdf
2026-05-20,023,VILLA VASQUEZ (EMA),MONTE CRISTI,JUNTA DE REGANTES,EMAI,,,6.8,https://indomet.gob.do/wp-content/uploads/2026/05/temperaturas-extremas-y-precipitaciones-2026x05x20-a.pdf
2026-05-20,024,JUMA BEJUCAL,MONSEÑOR NOUEL,IDIAF,EMCV,30.8,22.8,6.7,https://indomet.gob.do/wp-content/uploads/2026/05/temperaturas-extremas-y-precipitaciones-2026x05x20-a.pdf
2026-05-20,025,VILLA GONZALES,SANTIAGO,MINISTERIO DE AGRICULTURA,EMCI,,,6.1,https://indomet.gob.do/wp-content/uploads/2026/05/temperaturas-extremas-y-precipitaciones-2026x05x20-a.pdf
2026-05-20,026,JIMANÍ,INDEPENDENCIA,MINISTERIO DE AGRICULTURA,EMCI,32.2,23.4,5.1,https://indomet.gob.do/wp-content/uploads/2026/05/temperaturas-extremas-y-precipitaciones-2026x05x20-a.pdf
2026-05-20,027,ARPT. ARROYO BARRIL,SAMANÁ,INDOMET,EMCI,31.0,22.3,5.0,https://indomet.gob.do/wp-content/uploads/2026/05/temperaturas-extremas-y-precipitaciones-2026x05x20-a.pdf
2026-05-20,028,SANTIAGO (CENTRO),SANTIAGO,HUACALITO,EMCI,,,5.0,https://indomet.gob.do/wp-content/uploads/2026/05/temperaturas-extremas-y-precipitaciones-2026x05x20-a.pdf
2026-05-20,029,JARDÍN BOTÁNICO NACIONAL,DISTRITO NACIONAL,JARDÍN BOTÁNICO NACIONAL,EMCV,31.7,22.2,4.6,https://indomet.gob.do/wp-content/uploads/2026/05/temperaturas-extremas-y-precipitaciones-2026x05x20-a.pdf
2026-05-20,030,BONAO,MONSEÑOR NOUEL,MINISTERIO DE AGRICULTURA,EMCV,,,4.6,https://indomet.gob.do/wp-content/uploads/2026/05/temperaturas-extremas-y-precipitaciones-2026x05x20-a.pdf
2026-05-20,031,OVIEDO,PEDERNALES,CLÍNICA RURAL OVIEDO,EMCI,30.5,23.2,4.0,https://indomet.gob.do/wp-content/uploads/2026/05/temperaturas-extremas-y-precipitaciones-2026x05x20-a.pdf
2026-05-20,032,LOS COCOS (EMA),BAHORUCO,PRIVADA,EMAP,,,3.9,https://indomet.gob.do/wp-content/uploads/2026/05/temperaturas-extremas-y-precipitaciones-2026x05x20-a.pdf
2026-05-20,033,RANCHO ARRIBA,SAN JOSÉ DE OCOA,CENTRO TECNOLÓGICO COMUNITARIO,EMCI,25.4,19.3,3.6,https://indomet.gob.do/wp-content/uploads/2026/05/temperaturas-extremas-y-precipitaciones-2026x05x20-a.pdf
2026-05-20,034,SAN CRISTÓBAL,SAN CRISTÓBAL,INSTITUTO POLITÉCNICO LOYOLA,EMCI,30.1,21.2,3.2,https://indomet.gob.do/wp-content/uploads/2026/05/temperaturas-extremas-y-precipitaciones-2026x05x20-a.pdf
2026-05-20,035,JARDÍN BOTÁNICO SANTIAGO (EMSANTIAGO,,JARDIN BOTANICO SANTIAGO,EMAI,32.1,26.0,3.0,https://indomet.gob.do/wp-content/uploads/2026/05/temperaturas-extremas-y-precipitaciones-2026x05x20-a.pdf
2026-05-20,036,ALTAMIRA,PUERTO PLATA,HOSP. MPAL. DE ALTAMIRA,EMCI,32.2,22.4,2.6,https://indomet.gob.do/wp-content/uploads/2026/05/temperaturas-extremas-y-precipitaciones-2026x05x20-a.pdf
2026-05-20,037,ARPT. LA ISABELA,SANTO DOMINGO,INDOMET,EMCI,32.2,21.8,2.5,https://indomet.gob.do/wp-content/uploads/2026/05/temperaturas-extremas-y-precipitaciones-2026x05x20-a.pdf
2026-05-20,038,PRESA DE TAVERAS (EMA),LA VEGA,PROGRAMA MUNDIAL DE ALIMENTO,EMAP,29.2,21.1,2.4,https://indomet.gob.do/wp-content/uploads/2026/05/temperaturas-extremas-y-precipitaciones-2026x05x20-a.pdf
2026-05-20,039,ARPT. EL CATEY,SAMANÁ,INDOMET,EMCI,32.5,22.3,2.3,https://indomet.gob.do/wp-content/uploads/2026/05/temperaturas-extremas-y-precipitaciones-2026x05x20-a.pdf
2026-05-20,040,SANTIAGO RODRÍGUEZ,SANTIAGO RODRÍGUEZ,INDOMET,EMCI,34.4,22.0,1.9,https://indomet.gob.do/wp-content/uploads/2026/05/temperaturas-extremas-y-precipitaciones-2026x05x20-a.pdf
2026-05-20,041,SABANETA (EMA),SANTIAGO RODRÍGUEZ,PROGRAMA MUNDIAL DE ALIMENTO,EMAP,33.9,21.5,1.8,https://indomet.gob.do/wp-content/uploads/2026/05/temperaturas-extremas-y-precipitaciones-2026x05x20-a.pdf
2026-05-20,042,VILLA RIVA,DUARTE,HOSP. MPAL. ALICIA DE LEGENDRE,EMCI,31.1,21.7,1.8,https://indomet.gob.do/wp-content/uploads/2026/05/temperaturas-extremas-y-precipitaciones-2026x05x20-a.pdf
2026-05-20,043,TAVERA,SANTIAGO,INDRHI,EMCI,,,1.7,https://indomet.gob.do/wp-content/uploads/2026/05/temperaturas-extremas-y-precipitaciones-2026x05x20-a.pdf
2026-05-20,044,RÍO SAN JUAN,MARÍA TRINIDAD SÁNCHEZ,HOSP. MPAL. DR. DESIDERIO ACOSTA,EMCV,32.8,23.1,1.6,https://indomet.gob.do/wp-content/uploads/2026/05/temperaturas-extremas-y-precipitaciones-2026x05x20-a.pdf
2026-05-20,045,HATO MAYOR,HATO MAYOR,MINISTERIO DE AGRICULTURA,EMCV,,,1.5,https://indomet.gob.do/wp-content/uploads/2026/05/temperaturas-extremas-y-precipitaciones-2026x05x20-a.pdf
2026-05-20,046,LA AGUSTINA (EMA),DISTRITO NACIONAL,PRIVADA,EMAP,,,1.5,https://indomet.gob.do/wp-content/uploads/2026/05/temperaturas-extremas-y-precipitaciones-2026x05x20-a.pdf
2026-05-20,047,PADRE LAS CASAS,AZUA,HOSP. NTRA. SRA. DEL CARMEN,EMCI,29.0,19.0,1.4,https://indomet.gob.do/wp-content/uploads/2026/05/temperaturas-extremas-y-precipitaciones-2026x05x20-a.pdf
2026-05-20,048,SÁNCHEZ,SAMANÁ,MINISTERIO DE AGRICULTURA,EMCI,32.2,20.1,1.4,https://indomet.gob.do/wp-content/uploads/2026/05/temperaturas-extremas-y-precipitaciones-2026x05x20-a.pdf
2026-05-20,049,ALTO BANDERA (EMA),LA VEGA,INTEC,EMAP,13.1,7.3,1.3,https://indomet.gob.do/wp-content/uploads/2026/05/temperaturas-extremas-y-precipitaciones-2026x05x20-a.pdf
2026-05-20,050,ARPT. DE LA ROMANA,LA ROMANA,INDOMET,EMCI,32.5,22.5,1.2,https://indomet.gob.do/wp-content/uploads/2026/05/temperaturas-extremas-y-precipitaciones-2026x05x20-a.pdf
2026-05-20,051,SANTO DOMINGO ESTE,SANTO DOMINGO,INDOMET,EMCI,32.0,25.5,1.2,https://indomet.gob.do/wp-content/uploads/2026/05/temperaturas-extremas-y-precipitaciones-2026x05x20-a.pdf
2026-05-20,052,ARPT. GREGORIO LUPERÓN,PUERTO PLATA,INDOMET,EMCI,31.2,23.2,1.0,https://indomet.gob.do/wp-content/uploads/2026/05/temperaturas-extremas-y-precipitaciones-2026x05x20-a.pdf
2026-05-20,053,BOHECHÍO,SAN JUAN,MINISTERIO DE AGRICULTURA,EMCV,,,1.0,https://indomet.gob.do/wp-content/uploads/2026/05/temperaturas-extremas-y-precipitaciones-2026x05x20-a.pdf
2026-05-20,054,SAN JOSÉ DE OCOA,SAN JOSÉ DE OCOA,HOSP. SAN JOSÉ DE OCOA,EMCI,30.3,20.4,1.0,https://indomet.gob.do/wp-content/uploads/2026/05/temperaturas-extremas-y-precipitaciones-2026x05x20-a.pdf
2026-05-20,055,CABRAL,BARAHONA,MINISTERIO DE AGRICULTURA,EMCV,30.4,23.3,0.7,https://indomet.gob.do/wp-content/uploads/2026/05/temperaturas-extremas-y-precipitaciones-2026x05x20-a.pdf
2026-05-20,056,SAN RAFAEL DEL YUMA,LA ALTAGRACIA,MINISTERIO DE AGRICULTURA,EMCI,32.8,23.0,0.7,https://indomet.gob.do/wp-content/uploads/2026/05/temperaturas-extremas-y-precipitaciones-2026x05x20-a.pdf
2026-05-20,057,LOS JENGIBRES,NAGUA,INDRHI,EMCI,,,0.6,https://indomet.gob.do/wp-content/uploads/2026/05/temperaturas-extremas-y-precipitaciones-2026x05x20-a.pdf
2026-05-20,058,MICHES (EMA),EL SEIBO,PRIVADA,EMAP,31.6,23.2,0.6,https://indomet.gob.do/wp-content/uploads/2026/05/temperaturas-extremas-y-precipitaciones-2026x05x20-a.pdf
2026-05-20,059,SAN FRANCISCO DE MACORÍS,DUARTE,San Francisco de Macorís (UASD),EMCI,31.5,21.8,0.4,https://indomet.gob.do/wp-content/uploads/2026/05/temperaturas-extremas-y-precipitaciones-2026x05x20-a.pdf
2026-05-20,060,ARPT. MARÍA MONTEZ,BARAHONA,INDOMET,EMCI,31.0,24.2,0.3,https://indomet.gob.do/wp-content/uploads/2026/05/temperaturas-extremas-y-precipitaciones-2026x05x20-a.pdf
2026-05-20,061,CONSTANZA,LA VEGA,MINISTERIO DE AGRICULTURA,EMCI,26.0,14.2,0.2,https://indomet.gob.do/wp-content/uploads/2026/05/temperaturas-extremas-y-precipitaciones-2026x05x20-a.pdf
2026-05-20,062,ARROYO LORO,SAN JUAN,IDIAF,EMCI,30.5,20.2,0.1,https://indomet.gob.do/wp-content/uploads/2026/05/temperaturas-extremas-y-precipitaciones-2026x05x20-a.pdf
2026-05-20,063,JARABACOA,LA VEGA,INDRHI / MARENA,EMCI,31.2,17.6,0.1,https://indomet.gob.do/wp-content/uploads/2026/05/temperaturas-extremas-y-precipitaciones-2026x05x20-a.pdf
2026-05-20,064,ARPT. DE LAS AMÉRICAS,SANTO DOMINGO,INDOMET,EMCI,32.0,23.0,0.0,https://indomet.gob.do/wp-content/uploads/2026/05/temperaturas-extremas-y-precipitaciones-2026x05x20-a.pdf
2026-05-20,065,BASE AÉREA DE SAN ISIDRO,SANTO DOMINGO,FUERZA AÉREA DOMINICANA,EMCV,32.5,23.4,0.0,https://indomet.gob.do/wp-content/uploads/2026/05/temperaturas-extremas-y-precipitaciones-2026x05x20-a.pdf
2026-05-20,066,BAYAGUANA,MONTE PLATA,INDOMET,EMCI,32.8,22.2,0.0,https://indomet.gob.do/wp-content/uploads/2026/05/temperaturas-extremas-y-precipitaciones-2026x05x20-a.pdf
2026-05-20,067,BOCA DE MAO (EMA),VALVERDE,MINISTERIO DE AGRICULTURA,EMAP,35.1,23.2,0.0,https://indomet.gob.do/wp-content/uploads/2026/05/temperaturas-extremas-y-precipitaciones-2026x05x20-a.pdf
2026-05-20,068,CABRERA,MARÍA TRINIDAD SÁNCHEZ,ESCUELA ARÍSTIDES FIALLO CABRAL,EMCI,32.0,24.0,0.0,https://indomet.gob.do/wp-content/uploads/2026/05/temperaturas-extremas-y-precipitaciones-2026x05x20-a.pdf
2026-05-20,069,CENTRO DE LOS HEROES (EMA),DISTRITO NACIONAL,MINISTERIO DE ENERGIA Y MINA,EMAP,30.8,25.8,0.0,https://indomet.gob.do/wp-content/uploads/2026/05/temperaturas-extremas-y-precipitaciones-2026x05x20-a.pdf
2026-05-20,070,CONSTANZA (EMA),LA VEGA,PROGRAMA MUNDIAL DE ALIMENTO,EMAP,24.4,15.9,0.0,https://indomet.gob.do/wp-content/uploads/2026/05/temperaturas-extremas-y-precipitaciones-2026x05x20-a.pdf
2026-05-20,071,EL CERCADO,SAN JUAN,MINISTERIO DE AGRICULTURA,EMCV,,,0.0,https://indomet.gob.do/wp-content/uploads/2026/05/temperaturas-extremas-y-precipitaciones-2026x05x20-a.pdf
2026-05-20,072,EL MILLON (EMA),DISTRITO NACIONAL,PRIVADA,EMAP,,,0.0,https://indomet.gob.do/wp-content/uploads/2026/05/temperaturas-extremas-y-precipitaciones-2026x05x20-a.pdf
2026-05-20,073,ELÍAS PIÑA,ELÍAS PIÑA,MINISTERIO DE AGRICULTURA,EMCV,,,0.0,https://indomet.gob.do/wp-content/uploads/2026/05/temperaturas-extremas-y-precipitaciones-2026x05x20-a.pdf
2026-05-20,074,HONDO VALLE,ELÍAS PIÑA,MINISTERIO DE AGRICULTURA,EMCI,29.7,17.7,0.0,https://indomet.gob.do/wp-content/uploads/2026/05/temperaturas-extremas-y-precipitaciones-2026x05x20-a.pdf
2026-05-20,075,JARABACOA (EMA),LA VEGA,PROGRAMA MUNDIAL DE ALIMENTO,EMAP,29.4,19.9,0.0,https://indomet.gob.do/wp-content/uploads/2026/05/temperaturas-extremas-y-precipitaciones-2026x05x20-a.pdf
2026-05-20,076,LAS CANAS (EMA),MONTE CRISTI,PROGRAMA MUNDIAL DE ALIMENTO,EMAP,28.4,23.5,0.0,https://indomet.gob.do/wp-content/uploads/2026/05/temperaturas-extremas-y-precipitaciones-2026x05x20-a.pdf
2026-05-20,077,LOS JARDINES (EMA),DISTRITO NACIONAL,PRIVADA,EMAP,,,0.0,https://indomet.gob.do/wp-content/uploads/2026/05/temperaturas-extremas-y-precipitaciones-2026x05x20-a.pdf
2026-05-20,078,LOS LLANOS,SAN PEDRO DE MACORÍS,MINISTERIO DE AGRICULTURA,EMCI,33.3,24.6,0.0,https://indomet.gob.do/wp-content/uploads/2026/05/temperaturas-extremas-y-precipitaciones-2026x05x20-a.pdf
2026-05-20,079,LOS PRADOS (EMA),DISTRITO NACIONAL,PRIVADA,EMAP,,,0.0,https://indomet.gob.do/wp-content/uploads/2026/05/temperaturas-extremas-y-precipitaciones-2026x05x20-a.pdf
2026-05-20,080,LUPERÓN,PUERTO PLATA,MINISTERIO DE AGRICULTURA,EMCV,,,0.0,https://indomet.gob.do/wp-content/uploads/2026/05/temperaturas-extremas-y-precipitaciones-2026x05x20-a.pdf
2026-05-20,081,MAO,VALVERDE,INDRHI / MINISTERIO DE AGRICULTURA,EMCV,,,0.0,https://indomet.gob.do/wp-content/uploads/2026/05/temperaturas-extremas-y-precipitaciones-2026x05x20-a.pdf
2026-05-20,082,MONCIÓN (EMA),SANTIAGO RODRÍGUEZ,PROGRAMA MUNDIAL DE ALIMENTO,EMAP,30.9,19.3,0.0,https://indomet.gob.do/wp-content/uploads/2026/05/temperaturas-extremas-y-precipitaciones-2026x05x20-a.pdf
2026-05-20,083,MONTE CRISTI,MONTE CRISTI,INDOMET,EMCI,33.6,24.0,0.0,https://indomet.gob.do/wp-content/uploads/2026/05/temperaturas-extremas-y-precipitaciones-2026x05x20-a.pdf
2026-05-20,084,OLIVARES,PEDERNALES,INDRHI,EMCI,,,0.0,https://indomet.gob.do/wp-content/uploads/2026/05/temperaturas-extremas-y-precipitaciones-2026x05x20-a.pdf
2026-05-20,085,PALO ÍNDIO,PUERTO PLATA,MINISTERIO DE AGRICULTURA,EMCI,,,0.0,https://indomet.gob.do/wp-content/uploads/2026/05/temperaturas-extremas-y-precipitaciones-2026x05x20-a.pdf
2026-05-20,086,PASO AL MEDIO,SAN PEDRO DE MACORÍS,INDRHI,EMCI,,,0.0,https://indomet.gob.do/wp-content/uploads/2026/05/temperaturas-extremas-y-precipitaciones-2026x05x20-a.pdf
2026-05-20,087,PEDERNALES,PEDERNALES,INDRHI,EMCI,,,0.0,https://indomet.gob.do/wp-content/uploads/2026/05/temperaturas-extremas-y-precipitaciones-2026x05x20-a.pdf
2026-05-20,088,PERALTA,AZUA,HOSP. MPAL. DE PERALTA,EMCI,30.0,18.5,0.0,https://indomet.gob.do/wp-content/uploads/2026/05/temperaturas-extremas-y-precipitaciones-2026x05x20-a.pdf
2026-05-20,089,PROLONGACION 27 DE FEBRERO,DISTRITO NACIONAL,PRIVADA,EMAP,,,0.0,https://indomet.gob.do/wp-content/uploads/2026/05/temperaturas-extremas-y-precipitaciones-2026x05x20-a.pdf
2026-05-20,090,RESTAURACIÓN,DAJABÓN,MINISTERIO DE AGRICULTURA,EMCI,30.7,17.9,0.0,https://indomet.gob.do/wp-content/uploads/2026/05/temperaturas-extremas-y-precipitaciones-2026x05x20-a.pdf
2026-05-20,091,SABANA DE LA MAR,HATO MAYOR,INDOMET,EMCI,,,0.0,https://indomet.gob.do/wp-content/uploads/2026/05/temperaturas-extremas-y-precipitaciones-2026x05x20-a.pdf
2026-05-20,092,SAJOMA (EMA),SANTIAGO,PLAN SIERRA,EMAI,30.1,23.2,0.0,https://indomet.gob.do/wp-content/uploads/2026/05/temperaturas-extremas-y-precipitaciones-2026x05x20-a.pdf
2026-05-20,093,TÁBARA ABAJO,AZUA,INDRHI,EMCI,33.0,21.0,0.0,https://indomet.gob.do/wp-content/uploads/2026/05/temperaturas-extremas-y-precipitaciones-2026x05x20-a.pdf
2026-05-20,094,VILLA ISABELA,PUERTO PLATA,MINISTERIO DE AGRICULTURA,EMCV,32.8,22.8,0.0,https://indomet.gob.do/wp-content/uploads/2026/05/temperaturas-extremas-y-precipitaciones-2026x05x20-a.pdf
2026-05-22,001,SABANA GRANDE DE BOYÁ,MONTE PLATA,MINISTERIO DE AGRICULTURA,EMCV,,,58.7,https://indomet.gob.do/wp-content/uploads/2026/05/temperaturas-extremas-y-precipitaciones-2026x05x22-a.pdf
2026-05-22,002,BAYAGUANA,MONTE PLATA,INDOMET,EMCI,32.4,21.6,58.2,https://indomet.gob.do/wp-content/uploads/2026/05/temperaturas-extremas-y-precipitaciones-2026x05x22-a.pdf
2026-05-22,003,MONTE CRISTI,MONTE CRISTI,INDOMET,EMCI,33.2,22.5,25.2,https://indomet.gob.do/wp-content/uploads/2026/05/temperaturas-extremas-y-precipitaciones-2026x05x22-a.pdf
2026-05-22,004,CABRERA,MARÍA TRINIDAD SÁNCHEZ,ESCUELA ARÍSTIDES FIALLO CABRAL,EMCI,31.0,24.2,16.2,https://indomet.gob.do/wp-content/uploads/2026/05/temperaturas-extremas-y-precipitaciones-2026x05x22-a.pdf
2026-05-22,005,PRESA DE TAVERAS (EMA),LA VEGA,PROGRAMA MUNDIAL DE ALIMENTO,EMAP,30.8,22.0,15.6,https://indomet.gob.do/wp-content/uploads/2026/05/temperaturas-extremas-y-precipitaciones-2026x05x22-a.pdf
2026-05-22,006,LA VEGA,LA VEGA,IATESA,EMCI,32.5,23.0,14.0,https://indomet.gob.do/wp-content/uploads/2026/05/temperaturas-extremas-y-precipitaciones-2026x05x22-a.pdf
2026-05-22,007,JARABACOA,LA VEGA,INDRHI / MARENA,EMCI,32.2,18.0,13.9,https://indomet.gob.do/wp-content/uploads/2026/05/temperaturas-extremas-y-precipitaciones-2026x05x22-a.pdf
2026-05-22,008,JARABACOA (EMA),LA VEGA,PROGRAMA MUNDIAL DE ALIMENTO,EMAP,30.3,20.3,11.8,https://indomet.gob.do/wp-content/uploads/2026/05/temperaturas-extremas-y-precipitaciones-2026x05x22-a.pdf
2026-05-22,009,BONAO,MONSEÑOR NOUEL,MINISTERIO DE AGRICULTURA,EMCV,,,11.2,https://indomet.gob.do/wp-content/uploads/2026/05/temperaturas-extremas-y-precipitaciones-2026x05x22-a.pdf
2026-05-22,010,ELÍAS PIÑA,ELÍAS PIÑA,MINISTERIO DE AGRICULTURA,EMCV,,,10.8,https://indomet.gob.do/wp-content/uploads/2026/05/temperaturas-extremas-y-precipitaciones-2026x05x22-a.pdf
2026-05-22,011,SÁNCHEZ,SAMANÁ,MINISTERIO DE AGRICULTURA,EMCI,32.4,20.1,10.6,https://indomet.gob.do/wp-content/uploads/2026/05/temperaturas-extremas-y-precipitaciones-2026x05x22-a.pdf
2026-05-22,012,VILLA VASQUEZ (EMA),MONTE CRISTI,JUNTA DE REGANTES,EMAI,,,10.2,https://indomet.gob.do/wp-content/uploads/2026/05/temperaturas-extremas-y-precipitaciones-2026x05x22-a.pdf
2026-05-22,013,ARPT. MARÍA MONTEZ,BARAHONA,INDOMET,EMCI,31.2,24.3,9.3,https://indomet.gob.do/wp-content/uploads/2026/05/temperaturas-extremas-y-precipitaciones-2026x05x22-a.pdf
2026-05-22,014,DAJABÓN,DAJABÓN,INSTITUTO POLITÉCNICO LOYOLA,EMCI,35.6,20.1,8.6,https://indomet.gob.do/wp-content/uploads/2026/05/temperaturas-extremas-y-precipitaciones-2026x05x22-a.pdf
2026-05-22,015,EL FACTOR (EMA),MARÍA TRINIDAD SÁNCHEZ,INTEC,EMAP,31.1,23.9,8.4,https://indomet.gob.do/wp-content/uploads/2026/05/temperaturas-extremas-y-precipitaciones-2026x05x22-a.pdf
2026-05-22,016,RÍO SAN JUAN,MARÍA TRINIDAD SÁNCHEZ,HOSP. MPAL. DR. DESIDERIO ACOSTA,EMCV,32.2,24.2,8.0,https://indomet.gob.do/wp-content/uploads/2026/05/temperaturas-extremas-y-precipitaciones-2026x05x22-a.pdf
2026-05-22,017,POLO,BARAHONA,INDOCAFE,EMCI,28.0,19.5,7.4,https://indomet.gob.do/wp-content/uploads/2026/05/temperaturas-extremas-y-precipitaciones-2026x05x22-a.pdf
2026-05-22,018,LA VICTORIA,SANTO DOMINGO,CUERPO DE BOMBEROS,EMCI,31.5,23.5,7.1,https://indomet.gob.do/wp-content/uploads/2026/05/temperaturas-extremas-y-precipitaciones-2026x05x22-a.pdf
2026-05-22,019,SALCEDO,HERMANAS MIRABAL,PROPIEDAD DEL EMPLEADO,EMCI,,,6.0,https://indomet.gob.do/wp-content/uploads/2026/05/temperaturas-extremas-y-precipitaciones-2026x05x22-a.pdf
2026-05-22,020,OVIEDO,PEDERNALES,CLÍNICA RURAL OVIEDO,EMCI,31.0,18.5,5.8,https://indomet.gob.do/wp-content/uploads/2026/05/temperaturas-extremas-y-precipitaciones-2026x05x22-a.pdf
2026-05-22,021,VILLA RIVA,DUARTE,HOSP. MPAL. ALICIA DE LEGENDRE,EMCI,30.0,22.7,5.8,https://indomet.gob.do/wp-content/uploads/2026/05/temperaturas-extremas-y-precipitaciones-2026x05x22-a.pdf
2026-05-22,022,LOS PRADOS (EMA),DISTRITO NACIONAL,PRIVADA,EMAP,,,5.6,https://indomet.gob.do/wp-content/uploads/2026/05/temperaturas-extremas-y-precipitaciones-2026x05x22-a.pdf
2026-05-22,023,PADRE LAS CASAS,AZUA,HOSP. NTRA. SRA. DEL CARMEN,EMCI,32.8,22.0,4.6,https://indomet.gob.do/wp-content/uploads/2026/05/temperaturas-extremas-y-precipitaciones-2026x05x22-a.pdf
2026-05-22,024,ARPT. LA ISABELA,SANTO DOMINGO,INDOMET,EMCI,30.6,21.0,4.3,https://indomet.gob.do/wp-content/uploads/2026/05/temperaturas-extremas-y-precipitaciones-2026x05x22-a.pdf
2026-05-22,025,ARPT. EL CATEY,SAMANÁ,INDOMET,EMCI,29.0,21.8,4.2,https://indomet.gob.do/wp-content/uploads/2026/05/temperaturas-extremas-y-precipitaciones-2026x05x22-a.pdf
2026-05-22,026,MICHES (EMA),EL SEIBO,PRIVADA,EMAP,30.5,23.5,4.2,https://indomet.gob.do/wp-content/uploads/2026/05/temperaturas-extremas-y-precipitaciones-2026x05x22-a.pdf
2026-05-22,027,PARQUE MIRADOR NORTE,SANTO DOMINGO,AYUNTAMIENTO,EMCV,,,4.1,https://indomet.gob.do/wp-content/uploads/2026/05/temperaturas-extremas-y-precipitaciones-2026x05x22-a.pdf
2026-05-22,028,BASE AÉREA DE SAN ISIDRO,SANTO DOMINGO,FUERZA AÉREA DOMINICANA,EMCV,31.5,23.4,4.0,https://indomet.gob.do/wp-content/uploads/2026/05/temperaturas-extremas-y-precipitaciones-2026x05x22-a.pdf
2026-05-22,029,RANCHO ARRIBA,SAN JOSÉ DE OCOA,CENTRO TECNOLÓGICO COMUNITARIO,EMCI,30.5,20.3,4.0,https://indomet.gob.do/wp-content/uploads/2026/05/temperaturas-extremas-y-precipitaciones-2026x05x22-a.pdf
2026-05-22,030,SAN CRISTÓBAL,SAN CRISTÓBAL,INSTITUTO POLITÉCNICO LOYOLA,EMCI,30.2,23.0,4.0,https://indomet.gob.do/wp-content/uploads/2026/05/temperaturas-extremas-y-precipitaciones-2026x05x22-a.pdf
2026-05-22,031,EL MILLON (EMA),DISTRITO NACIONAL,PRIVADA,EMAP,,,3.8,https://indomet.gob.do/wp-content/uploads/2026/05/temperaturas-extremas-y-precipitaciones-2026x05x22-a.pdf
2026-05-22,032,CENTRO DE LOS HEROES (EMA),DISTRITO NACIONAL,MINISTERIO DE ENERGIA Y MINA,EMAP,30.8,25.7,3.4,https://indomet.gob.do/wp-content/uploads/2026/05/temperaturas-extremas-y-precipitaciones-2026x05x22-a.pdf
2026-05-22,033,ENRIQUILLO,BARAHONA,MINISTERIO DE AGRICULTURA,EMCV,31.0,21.5,3.4,https://indomet.gob.do/wp-content/uploads/2026/05/temperaturas-extremas-y-precipitaciones-2026x05x22-a.pdf
2026-05-22,034,PROLONGACION 27 DE FEBRERO,DISTRITO NACIONAL,PRIVADA,EMAP,,,3.2,https://indomet.gob.do/wp-content/uploads/2026/05/temperaturas-extremas-y-precipitaciones-2026x05x22-a.pdf
2026-05-22,035,PONTÓN ABAJO (EMA),LA VEGA,MINISTERIO DE AGRICULTURA,EMAP,34.5,24.1,3.0,https://indomet.gob.do/wp-content/uploads/2026/05/temperaturas-extremas-y-precipitaciones-2026x05x22-a.pdf
2026-05-22,036,VILLA ALTAGRACIA,SAN CRISTÓBAL,ESCUELA JAVIER ANGULO GURIDI,EMCI,,,2.7,https://indomet.gob.do/wp-content/uploads/2026/05/temperaturas-extremas-y-precipitaciones-2026x05x22-a.pdf
2026-05-22,037,SANTO DOMINGO ESTE,SANTO DOMINGO,INDOMET,EMCI,32.2,24.6,2.6,https://indomet.gob.do/wp-content/uploads/2026/05/temperaturas-extremas-y-precipitaciones-2026x05x22-a.pdf
2026-05-22,038,LOS CACICAZGOS (EMA),DISTRITO NACIONAL,PRIVADA,EMAP,,,2.5,https://indomet.gob.do/wp-content/uploads/2026/05/temperaturas-extremas-y-precipitaciones-2026x05x22-a.pdf
2026-05-22,039,LOS LLANOS,SAN PEDRO DE MACORÍS,MINISTERIO DE AGRICULTURA,EMCI,32.0,22.8,2.4,https://indomet.gob.do/wp-content/uploads/2026/05/temperaturas-extremas-y-precipitaciones-2026x05x22-a.pdf
2026-05-22,040,SAN JOSÉ DE OCOA,SAN JOSÉ DE OCOA,HOSP. SAN JOSÉ DE OCOA,EMCI,30.8,21.2,2.4,https://indomet.gob.do/wp-content/uploads/2026/05/temperaturas-extremas-y-precipitaciones-2026x05x22-a.pdf
2026-05-22,041,SAJOMA (EMA),SANTIAGO,PLAN SIERRA,EMAI,31.0,21.7,2.2,https://indomet.gob.do/wp-content/uploads/2026/05/temperaturas-extremas-y-precipitaciones-2026x05x22-a.pdf
2026-05-22,042,LA AGUSTINA (EMA),DISTRITO NACIONAL,PRIVADA,EMAP,,,1.6,https://indomet.gob.do/wp-content/uploads/2026/05/temperaturas-extremas-y-precipitaciones-2026x05x22-a.pdf
2026-05-22,043,LOS JARDINES (EMA),DISTRITO NACIONAL,PRIVADA,EMAP,,,1.6,https://indomet.gob.do/wp-content/uploads/2026/05/temperaturas-extremas-y-precipitaciones-2026x05x22-a.pdf
2026-05-22,044,MONCIÓN (EMA),SANTIAGO RODRÍGUEZ,PROGRAMA MUNDIAL DE ALIMENTO,EMAP,31.8,21.0,1.6,https://indomet.gob.do/wp-content/uploads/2026/05/temperaturas-extremas-y-precipitaciones-2026x05x22-a.pdf
2026-05-22,045,ENSANCHE LA FE (EMA),DISTRITO NACIONAL,PRIVADA,EMAP,,,1.5,https://indomet.gob.do/wp-content/uploads/2026/05/temperaturas-extremas-y-precipitaciones-2026x05x22-a.pdf
2026-05-22,046,CABRAL,BARAHONA,MINISTERIO DE AGRICULTURA,EMCV,31.4,24.5,1.4,https://indomet.gob.do/wp-content/uploads/2026/05/temperaturas-extremas-y-precipitaciones-2026x05x22-a.pdf
2026-05-22,047,ARPT. DE PUNTA CANA,LA ALTAGRACIA,INDOMET,EMCI,31.4,21.8,1.0,https://indomet.gob.do/wp-content/uploads/2026/05/temperaturas-extremas-y-precipitaciones-2026x05x22-a.pdf
2026-05-22,048,ALTO BANDERA (EMA),LA VEGA,INTEC,EMAP,16.6,9.1,0.8,https://indomet.gob.do/wp-content/uploads/2026/05/temperaturas-extremas-y-precipitaciones-2026x05x22-a.pdf
2026-05-22,049,JIMANÍ,INDEPENDENCIA,MINISTERIO DE AGRICULTURA,EMCI,35.5,24.6,0.8,https://indomet.gob.do/wp-content/uploads/2026/05/temperaturas-extremas-y-precipitaciones-2026x05x22-a.pdf
2026-05-22,050,SAMANÁ,SAMANÁ,COMANDANCIA DE PUERTO DE SAMANÁ,EMCI,32.1,19.0,0.8,https://indomet.gob.do/wp-content/uploads/2026/05/temperaturas-extremas-y-precipitaciones-2026x05x22-a.pdf
2026-05-22,051,ARPT. DE LAS AMÉRICAS,SANTO DOMINGO,INDOMET,EMCI,31.3,23.8,0.6,https://indomet.gob.do/wp-content/uploads/2026/05/temperaturas-extremas-y-precipitaciones-2026x05x22-a.pdf
2026-05-22,052,SAN RAFAEL DEL YUMA,LA ALTAGRACIA,MINISTERIO DE AGRICULTURA,EMCI,32.4,23.2,0.6,https://indomet.gob.do/wp-content/uploads/2026/05/temperaturas-extremas-y-precipitaciones-2026x05x22-a.pdf
2026-05-22,053,ARPT. DEL CIBAO,SANTIAGO,INDOMET,EMCI,34.0,22.0,0.5,https://indomet.gob.do/wp-content/uploads/2026/05/temperaturas-extremas-y-precipitaciones-2026x05x22-a.pdf
2026-05-22,054,HATO MAYOR,HATO MAYOR,MINISTERIO DE AGRICULTURA,EMCV,,,0.2,https://indomet.gob.do/wp-content/uploads/2026/05/temperaturas-extremas-y-precipitaciones-2026x05x22-a.pdf
2026-05-22,055,JANICO (EMA),LA VEGA,PLAN SIERRA,EMAI,,,0.2,https://indomet.gob.do/wp-content/uploads/2026/05/temperaturas-extremas-y-precipitaciones-2026x05x22-a.pdf
2026-05-22,056,HONDO VALLE,ELÍAS PIÑA,MINISTERIO DE AGRICULTURA,EMCI,29.4,17.6,0.1,https://indomet.gob.do/wp-content/uploads/2026/05/temperaturas-extremas-y-precipitaciones-2026x05x22-a.pdf
2026-05-22,057,LOS COCOS (EMA),BAHORUCO,PRIVADA,EMAP,,,0.1,https://indomet.gob.do/wp-content/uploads/2026/05/temperaturas-extremas-y-precipitaciones-2026x05x22-a.pdf
2026-05-22,058,SANTIAGO RODRÍGUEZ,SANTIAGO RODRÍGUEZ,INDOMET,EMCI,35.4,23.2,0.1,https://indomet.gob.do/wp-content/uploads/2026/05/temperaturas-extremas-y-precipitaciones-2026x05x22-a.pdf
2026-05-22,059,ALTAMIRA,PUERTO PLATA,HOSP. MPAL. DE ALTAMIRA,EMCI,33.2,21.3,0.0,https://indomet.gob.do/wp-content/uploads/2026/05/temperaturas-extremas-y-precipitaciones-2026x05x22-a.pdf
2026-05-22,060,ANAMUYA (EMA),LA ALTAGRACIA,MINISTERIO DE AGRICULTURA,EMAP,32.3,24.3,0.0,https://indomet.gob.do/wp-content/uploads/2026/05/temperaturas-extremas-y-precipitaciones-2026x05x22-a.pdf
2026-05-22,061,ARPT. ARROYO BARRIL,SAMANÁ,INDOMET,EMCI,31.2,23.0,0.0,https://indomet.gob.do/wp-content/uploads/2026/05/temperaturas-extremas-y-precipitaciones-2026x05x22-a.pdf
2026-05-22,062,ARPT. DE LA ROMANA,LA ROMANA,INDOMET,EMCI,32.5,23.4,0.0,https://indomet.gob.do/wp-content/uploads/2026/05/temperaturas-extremas-y-precipitaciones-2026x05x22-a.pdf
2026-05-22,063,ARPT. GREGORIO LUPERÓN,PUERTO PLATA,INDOMET,EMCI,31.6,23.2,0.0,https://indomet.gob.do/wp-content/uploads/2026/05/temperaturas-extremas-y-precipitaciones-2026x05x22-a.pdf
2026-05-22,064,ARROYO LORO,SAN JUAN,IDIAF,EMCI,32.9,22.5,0.0,https://indomet.gob.do/wp-content/uploads/2026/05/temperaturas-extremas-y-precipitaciones-2026x05x22-a.pdf
2026-05-22,065,BANI (EMA),PERAVIA,MINISTERIO DE AGRICULTURA,EMAP,,,0.0,https://indomet.gob.do/wp-content/uploads/2026/05/temperaturas-extremas-y-precipitaciones-2026x05x22-a.pdf
2026-05-22,066,BOCA DE MAO (EMA),VALVERDE,MINISTERIO DE AGRICULTURA,EMAP,36.1,24.4,0.0,https://indomet.gob.do/wp-content/uploads/2026/05/temperaturas-extremas-y-precipitaciones-2026x05x22-a.pdf
2026-05-22,067,BUCARA (EMA),SANTIAGO,MINISTERIO DE AGRICULTURA,EMAI,,,0.0,https://indomet.gob.do/wp-content/uploads/2026/05/temperaturas-extremas-y-precipitaciones-2026x05x22-a.pdf
2026-05-22,068,CONSTANZA,LA VEGA,MINISTERIO DE AGRICULTURA,EMCI,28.6,17.2,0.0,https://indomet.gob.do/wp-content/uploads/2026/05/temperaturas-extremas-y-precipitaciones-2026x05x22-a.pdf
2026-05-22,069,CONSTANZA (EMA),LA VEGA,PROGRAMA MUNDIAL DE ALIMENTO,EMAP,26.9,18.5,0.0,https://indomet.gob.do/wp-content/uploads/2026/05/temperaturas-extremas-y-precipitaciones-2026x05x22-a.pdf
2026-05-22,070,GASPAR HERNÁNDEZ,ESPAILLAT,PROPIEDAD DEL EMPLEADO,EMCI,,,0.0,https://indomet.gob.do/wp-content/uploads/2026/05/temperaturas-extremas-y-precipitaciones-2026x05x22-a.pdf
2026-05-22,071,GURABO,SANTIAGO,MINISTERIO DE AGRICULTURA,EMCV,,,0.0,https://indomet.gob.do/wp-content/uploads/2026/05/temperaturas-extremas-y-precipitaciones-2026x05x22-a.pdf
2026-05-22,072,MAO,VALVERDE,INDRHI / MINISTERIO DE AGRICULTURA,EMCV,,,0.0,https://indomet.gob.do/wp-content/uploads/2026/05/temperaturas-extremas-y-precipitaciones-2026x05x22-a.pdf
2026-05-22,073,NAVARRETE,SANTIAGO,MINISTERIO DE AGRICULTURA,EMCV,,,0.0,https://indomet.gob.do/wp-content/uploads/2026/05/temperaturas-extremas-y-precipitaciones-2026x05x22-a.pdf
2026-05-22,074,OLIVARES,PEDERNALES,INDRHI,EMCI,,,0.0,https://indomet.gob.do/wp-content/uploads/2026/05/temperaturas-extremas-y-precipitaciones-2026x05x22-a.pdf
2026-05-22,075,PALO ÍNDIO,PUERTO PLATA,MINISTERIO DE AGRICULTURA,EMCI,,,0.0,https://indomet.gob.do/wp-content/uploads/2026/05/temperaturas-extremas-y-precipitaciones-2026x05x22-a.pdf
2026-05-22,076,PEDERNALES,PEDERNALES,INDRHI,EMCI,,,0.0,https://indomet.gob.do/wp-content/uploads/2026/05/temperaturas-extremas-y-precipitaciones-2026x05x22-a.pdf
2026-05-22,077,PERALTA,AZUA,HOSP. MPAL. DE PERALTA,EMCI,30.0,19.3,0.0,https://indomet.gob.do/wp-content/uploads/2026/05/temperaturas-extremas-y-precipitaciones-2026x05x22-a.pdf
2026-05-22,078,RESTAURACIÓN,DAJABÓN,MINISTERIO DE AGRICULTURA,EMCI,30.0,18.1,0.0,https://indomet.gob.do/wp-content/uploads/2026/05/temperaturas-extremas-y-precipitaciones-2026x05x22-a.pdf
2026-05-22,079,SABANA DE LA MAR,HATO MAYOR,INDOMET,EMCI,31.0,23.2,0.0,https://indomet.gob.do/wp-content/uploads/2026/05/temperaturas-extremas-y-precipitaciones-2026x05x22-a.pdf
2026-05-22,080,SABANETA (EMA),SANTIAGO RODRÍGUEZ,PROGRAMA MUNDIAL DE ALIMENTO,EMAP,35.2,23.1,0.0,https://indomet.gob.do/wp-content/uploads/2026/05/temperaturas-extremas-y-precipitaciones-2026x05x22-a.pdf
2026-05-22,081,TÁBARA ABAJO,AZUA,INDRHI,EMCI,32.0,20.0,0.0,https://indomet.gob.do/wp-content/uploads/2026/05/temperaturas-extremas-y-precipitaciones-2026x05x22-a.pdf
2026-05-22,082,VILLA GONZALES,SANTIAGO,MINISTERIO DE AGRICULTURA,EMCI,,,0.0,https://indomet.gob.do/wp-content/uploads/2026/05/temperaturas-extremas-y-precipitaciones-2026x05x22-a.pdf
2026-05-22,083,VILLA ISABELA,PUERTO PLATA,MINISTERIO DE AGRICULTURA,EMCV,32.8,22.8,0.0,https://indomet.gob.do/wp-content/uploads/2026/05/temperaturas-extremas-y-precipitaciones-2026x05x22-a.pdf
2026-05-23,001,BAYAGUANA,MONTE PLATA,INDOMET,EMCI,32.0,22.4,73.5,https://indomet.gob.do/wp-content/uploads/2026/05/temperaturas-extremas-y-precipitaciones-2026x05x23-a.pdf
2026-05-23,002,ARPT. LA ISABELA,SANTO DOMINGO,INDOMET,EMCI,32.0,22.6,72.0,https://indomet.gob.do/wp-content/uploads/2026/05/temperaturas-extremas-y-precipitaciones-2026x05x23-a.pdf
2026-05-23,003,LA VICTORIA,SANTO DOMINGO,CUERPO DE BOMBEROS,EMCI,31.2,22.5,59.1,https://indomet.gob.do/wp-content/uploads/2026/05/temperaturas-extremas-y-precipitaciones-2026x05x23-a.pdf
2026-05-23,004,BUCARA (EMA),SANTIAGO,MINISTERIO DE AGRICULTURA,EMAI,,,20.8,https://indomet.gob.do/wp-content/uploads/2026/05/temperaturas-extremas-y-precipitaciones-2026x05x23-a.pdf
2026-05-23,005,SABANA GRANDE DE BOYÁ,MONTE PLATA,MINISTERIO DE AGRICULTURA,EMCV,,,20.3,https://indomet.gob.do/wp-content/uploads/2026/05/temperaturas-extremas-y-precipitaciones-2026x05x23-a.pdf
2026-05-23,006,ARPT. EL CATEY,SAMANÁ,INDOMET,EMCI,29.5,23.0,16.3,https://indomet.gob.do/wp-content/uploads/2026/05/temperaturas-extremas-y-precipitaciones-2026x05x23-a.pdf
2026-05-23,007,LA VEGA,LA VEGA,IATESA,EMCI,31.0,22.5,16.2,https://indomet.gob.do/wp-content/uploads/2026/05/temperaturas-extremas-y-precipitaciones-2026x05x23-a.pdf
2026-05-23,008,SALCEDO,HERMANAS MIRABAL,PROPIEDAD DEL EMPLEADO,EMCI,,,16.0,https://indomet.gob.do/wp-content/uploads/2026/05/temperaturas-extremas-y-precipitaciones-2026x05x23-a.pdf
2026-05-23,009,PONTÓN ABAJO (EMA),LA VEGA,MINISTERIO DE AGRICULTURA,EMAP,,,9.6,https://indomet.gob.do/wp-content/uploads/2026/05/temperaturas-extremas-y-precipitaciones-2026x05x23-a.pdf
2026-05-23,010,EL FACTOR (EMA),MARÍA TRINIDAD SÁNCHEZ,INTEC,EMAP,30.4,23.3,8.1,https://indomet.gob.do/wp-content/uploads/2026/05/temperaturas-extremas-y-precipitaciones-2026x05x23-a.pdf
2026-05-23,011,ALTO BANDERA (EMA),LA VEGA,INTEC,EMAP,16.1,7.1,6.9,https://indomet.gob.do/wp-content/uploads/2026/05/temperaturas-extremas-y-precipitaciones-2026x05x23-a.pdf
2026-05-23,012,VILLA RIVA,DUARTE,HOSP. MPAL. ALICIA DE LEGENDRE,EMCI,30.5,21.7,6.5,https://indomet.gob.do/wp-content/uploads/2026/05/temperaturas-extremas-y-precipitaciones-2026x05x23-a.pdf
2026-05-23,013,PARQUE MIRADOR NORTE,SANTO DOMINGO,AYUNTAMIENTO,EMCV,,,6.4,https://indomet.gob.do/wp-content/uploads/2026/05/temperaturas-extremas-y-precipitaciones-2026x05x23-a.pdf
2026-05-23,014,VILLA VASQUEZ (EMA),MONTE CRISTI,JUNTA DE REGANTES,EMAI,,,6.0,https://indomet.gob.do/wp-content/uploads/2026/05/temperaturas-extremas-y-precipitaciones-2026x05x23-a.pdf
2026-05-23,015,GURABO,SANTIAGO,MINISTERIO DE AGRICULTURA,EMCV,,,5.6,https://indomet.gob.do/wp-content/uploads/2026/05/temperaturas-extremas-y-precipitaciones-2026x05x23-a.pdf
2026-05-23,016,POLO,BARAHONA,INDOCAFE,EMCI,27.0,18.0,5.5,https://indomet.gob.do/wp-content/uploads/2026/05/temperaturas-extremas-y-precipitaciones-2026x05x23-a.pdf
2026-05-23,017,PADRE LAS CASAS,AZUA,HOSP. NTRA. SRA. DEL CARMEN,EMCI,31.3,19.0,4.8,https://indomet.gob.do/wp-content/uploads/2026/05/temperaturas-extremas-y-precipitaciones-2026x05x23-a.pdf
2026-05-23,018,ARPT. DEL CIBAO,SANTIAGO,INDOMET,EMCI,32.8,22.5,4.5,https://indomet.gob.do/wp-content/uploads/2026/05/temperaturas-extremas-y-precipitaciones-2026x05x23-a.pdf
2026-05-23,019,RANCHO ARRIBA,SAN JOSÉ DE OCOA,CENTRO TECNOLÓGICO COMUNITARIO,EMCI,30.4,19.1,4.5,https://indomet.gob.do/wp-content/uploads/2026/05/temperaturas-extremas-y-precipitaciones-2026x05x23-a.pdf
2026-05-23,020,SAN JOSÉ DE OCOA,SAN JOSÉ DE OCOA,HOSP. SAN JOSÉ DE OCOA,EMCI,31.7,20.8,4.2,https://indomet.gob.do/wp-content/uploads/2026/05/temperaturas-extremas-y-precipitaciones-2026x05x23-a.pdf
2026-05-23,021,HONDO VALLE,ELÍAS PIÑA,MINISTERIO DE AGRICULTURA,EMCI,29.1,17.5,3.8,https://indomet.gob.do/wp-content/uploads/2026/05/temperaturas-extremas-y-precipitaciones-2026x05x23-a.pdf
2026-05-23,022,NAVARRETE,SANTIAGO,MINISTERIO DE AGRICULTURA,EMCV,,,3.0,https://indomet.gob.do/wp-content/uploads/2026/05/temperaturas-extremas-y-precipitaciones-2026x05x23-a.pdf
2026-05-23,023,ARROYO LORO,SAN JUAN,IDIAF,EMCI,32.6,20.1,2.8,https://indomet.gob.do/wp-content/uploads/2026/05/temperaturas-extremas-y-precipitaciones-2026x05x23-a.pdf
2026-05-23,024,LOS COCOS (EMA),BAHORUCO,PRIVADA,EMAP,,,2.8,https://indomet.gob.do/wp-content/uploads/2026/05/temperaturas-extremas-y-precipitaciones-2026x05x23-a.pdf
2026-05-23,025,VILLA GONZALES,SANTIAGO,MINISTERIO DE AGRICULTURA,EMCI,,,2.3,https://indomet.gob.do/wp-content/uploads/2026/05/temperaturas-extremas-y-precipitaciones-2026x05x23-a.pdf
2026-05-23,026,ARPT. ARROYO BARRIL,SAMANÁ,INDOMET,EMCI,31.5,22.5,2.0,https://indomet.gob.do/wp-content/uploads/2026/05/temperaturas-extremas-y-precipitaciones-2026x05x23-a.pdf
2026-05-23,027,PRESA DE TAVERAS (EMA),LA VEGA,PROGRAMA MUNDIAL DE ALIMENTO,EMAP,,,1.8,https://indomet.gob.do/wp-content/uploads/2026/05/temperaturas-extremas-y-precipitaciones-2026x05x23-a.pdf
2026-05-23,028,CABRERA,MARÍA TRINIDAD SÁNCHEZ,ESCUELA ARÍSTIDES FIALLO CABRAL,EMCI,32.0,24.2,0.9,https://indomet.gob.do/wp-content/uploads/2026/05/temperaturas-extremas-y-precipitaciones-2026x05x23-a.pdf
2026-05-23,029,RÍO SAN JUAN,MARÍA TRINIDAD SÁNCHEZ,HOSP. MPAL. DR. DESIDERIO ACOSTA,EMCV,32.2,23.7,0.8,https://indomet.gob.do/wp-content/uploads/2026/05/temperaturas-extremas-y-precipitaciones-2026x05x23-a.pdf
2026-05-23,030,SAMANÁ,SAMANÁ,COMANDANCIA DE PUERTO DE SAMANÁ,EMCI,31.9,19.8,0.8,https://indomet.gob.do/wp-content/uploads/2026/05/temperaturas-extremas-y-precipitaciones-2026x05x23-a.pdf
2026-05-23,031,ENRIQUILLO,BARAHONA,MINISTERIO DE AGRICULTURA,EMCV,31.0,19.5,0.6,https://indomet.gob.do/wp-content/uploads/2026/05/temperaturas-extremas-y-precipitaciones-2026x05x23-a.pdf
2026-05-23,032,JARABACOA,LA VEGA,INDRHI / MARENA,EMCI,30.0,18.6,0.4,https://indomet.gob.do/wp-content/uploads/2026/05/temperaturas-extremas-y-precipitaciones-2026x05x23-a.pdf
2026-05-23,033,LOS JARDINES (EMA),DISTRITO NACIONAL,PRIVADA,EMAP,,,0.4,https://indomet.gob.do/wp-content/uploads/2026/05/temperaturas-extremas-y-precipitaciones-2026x05x23-a.pdf
2026-05-23,034,MICHES (EMA),EL SEIBO,PRIVADA,EMAP,,,0.4,https://indomet.gob.do/wp-content/uploads/2026/05/temperaturas-extremas-y-precipitaciones-2026x05x23-a.pdf
2026-05-23,035,JANICO (EMA),LA VEGA,PLAN SIERRA,EMAI,,,0.4,https://indomet.gob.do/wp-content/uploads/2026/05/temperaturas-extremas-y-precipitaciones-2026x05x23-a.pdf
2026-05-23,036,MONCIÓN (EMA),SANTIAGO RODRÍGUEZ,PROGRAMA MUNDIAL DE ALIMENTO,EMAP,31.3,21.7,0.4,https://indomet.gob.do/wp-content/uploads/2026/05/temperaturas-extremas-y-precipitaciones-2026x05x23-a.pdf
2026-05-23,037,ARPT. DE LAS AMÉRICAS,SANTO DOMINGO,INDOMET,EMCI,32.6,23.0,0.3,https://indomet.gob.do/wp-content/uploads/2026/05/temperaturas-extremas-y-precipitaciones-2026x05x23-a.pdf
2026-05-23,038,ENSANCHE LA FE (EMA),DISTRITO NACIONAL,PRIVADA,EMAP,,,0.3,https://indomet.gob.do/wp-content/uploads/2026/05/temperaturas-extremas-y-precipitaciones-2026x05x23-a.pdf
2026-05-23,039,DAJABÓN,DAJABÓN,INSTITUTO POLITÉCNICO LOYOLA,EMCI,34.0,18.4,0.2,https://indomet.gob.do/wp-content/uploads/2026/05/temperaturas-extremas-y-precipitaciones-2026x05x23-a.pdf
2026-05-23,040,JARABACOA (EMA),LA VEGA,PROGRAMA MUNDIAL DE ALIMENTO,EMAP,,,0.2,https://indomet.gob.do/wp-content/uploads/2026/05/temperaturas-extremas-y-precipitaciones-2026x05x23-a.pdf
2026-05-23,041,LA AGUSTINA (EMA),DISTRITO NACIONAL,PRIVADA,EMAP,,,0.2,https://indomet.gob.do/wp-content/uploads/2026/05/temperaturas-extremas-y-precipitaciones-2026x05x23-a.pdf
2026-05-23,042,ALTAMIRA,PUERTO PLATA,HOSP. MPAL. DE ALTAMIRA,EMCI,32.9,21.6,0.1,https://indomet.gob.do/wp-content/uploads/2026/05/temperaturas-extremas-y-precipitaciones-2026x05x23-a.pdf
2026-05-23,043,CABRAL,BARAHONA,MINISTERIO DE AGRICULTURA,EMCV,32.0,24.2,0.1,https://indomet.gob.do/wp-content/uploads/2026/05/temperaturas-extremas-y-precipitaciones-2026x05x23-a.pdf
2026-05-23,044,SANTO DOMINGO ESTE,SANTO DOMINGO,INDOMET,EMCI,31.5,24.2,0.1,https://indomet.gob.do/wp-content/uploads/2026/05/temperaturas-extremas-y-precipitaciones-2026x05x23-a.pdf
2026-05-23,045,ANAMUYA (EMA),LA ALTAGRACIA,MINISTERIO DE AGRICULTURA,EMAP,31.4,24.1,0.0,https://indomet.gob.do/wp-content/uploads/2026/05/temperaturas-extremas-y-precipitaciones-2026x05x23-a.pdf
2026-05-23,046,ARPT. DE LA ROMANA,LA ROMANA,INDOMET,EMCI,33.0,23.5,0.0,https://indomet.gob.do/wp-content/uploads/2026/05/temperaturas-extremas-y-precipitaciones-2026x05x23-a.pdf
2026-05-23,047,ARPT. DE PUNTA CANA,LA ALTAGRACIA,INDOMET,EMCI,30.8,23.0,0.0,https://indomet.gob.do/wp-content/uploads/2026/05/temperaturas-extremas-y-precipitaciones-2026x05x23-a.pdf
2026-05-23,048,ARPT. GREGORIO LUPERÓN,PUERTO PLATA,INDOMET,EMCI,31.5,23.5,0.0,https://indomet.gob.do/wp-content/uploads/2026/05/temperaturas-extremas-y-precipitaciones-2026x05x23-a.pdf
2026-05-23,049,ARPT. MARÍA MONTEZ,BARAHONA,INDOMET,EMCI,31.0,25.0,0.0,https://indomet.gob.do/wp-content/uploads/2026/05/temperaturas-extremas-y-precipitaciones-2026x05x23-a.pdf
2026-05-23,050,BANI (EMA),PERAVIA,MINISTERIO DE AGRICULTURA,EMAP,31.7,25.7,0.0,https://indomet.gob.do/wp-content/uploads/2026/05/temperaturas-extremas-y-precipitaciones-2026x05x23-a.pdf
2026-05-23,051,BELLA VISTA (EMA),DISTRITO NACIONAL,PRIVADA,EMAP,,,0.0,https://indomet.gob.do/wp-content/uploads/2026/05/temperaturas-extremas-y-precipitaciones-2026x05x23-a.pdf
2026-05-23,052,BOCA DE MAO (EMA),VALVERDE,MINISTERIO DE AGRICULTURA,EMAP,35.6,23.8,0.0,https://indomet.gob.do/wp-content/uploads/2026/05/temperaturas-extremas-y-precipitaciones-2026x05x23-a.pdf
2026-05-23,053,CENTRO DE LOS HEROES (EMA),DISTRITO NACIONAL,MINISTERIO DE ENERGIA Y MINA,EMAP,31.5,25.5,0.0,https://indomet.gob.do/wp-content/uploads/2026/05/temperaturas-extremas-y-precipitaciones-2026x05x23-a.pdf
2026-05-23,054,CONSTANZA,LA VEGA,MINISTERIO DE AGRICULTURA,EMCI,26.4,16.0,0.0,https://indomet.gob.do/wp-content/uploads/2026/05/temperaturas-extremas-y-precipitaciones-2026x05x23-a.pdf
2026-05-23,055,CONSTANZA (EMA),LA VEGA,PROGRAMA MUNDIAL DE ALIMENTO,EMAP,24.9,17.6,0.0,https://indomet.gob.do/wp-content/uploads/2026/05/temperaturas-extremas-y-precipitaciones-2026x05x23-a.pdf
2026-05-23,056,EL MILLON (EMA),DISTRITO NACIONAL,PRIVADA,EMAP,,,0.0,https://indomet.gob.do/wp-content/uploads/2026/05/temperaturas-extremas-y-precipitaciones-2026x05x23-a.pdf
2026-05-23,057,ESCONDIDO,PERAVIA,MINISTERIO DE AGRICULTURA,EMCV,30.0,23.0,0.0,https://indomet.gob.do/wp-content/uploads/2026/05/temperaturas-extremas-y-precipitaciones-2026x05x23-a.pdf
2026-05-23,058,GASPAR HERNÁNDEZ,ESPAILLAT,PROPIEDAD DEL EMPLEADO,EMCI,,,0.0,https://indomet.gob.do/wp-content/uploads/2026/05/temperaturas-extremas-y-precipitaciones-2026x05x23-a.pdf
2026-05-23,059,HATO MAYOR,HATO MAYOR,MINISTERIO DE AGRICULTURA,EMCV,,,0.0,https://indomet.gob.do/wp-content/uploads/2026/05/temperaturas-extremas-y-precipitaciones-2026x05x23-a.pdf
2026-05-23,060,JIMANÍ,INDEPENDENCIA,MINISTERIO DE AGRICULTURA,EMCI,33.8,24.2,0.0,https://indomet.gob.do/wp-content/uploads/2026/05/temperaturas-extremas-y-precipitaciones-2026x05x23-a.pdf
2026-05-23,061,LAS CANAS (EMA),MONTE CRISTI,PROGRAMA MUNDIAL DE ALIMENTO,EMAP,29.8,23.4,0.0,https://indomet.gob.do/wp-content/uploads/2026/05/temperaturas-extremas-y-precipitaciones-2026x05x23-a.pdf
2026-05-23,062,LOS CACICAZGOS (EMA),DISTRITO NACIONAL,PRIVADA,EMAP,,,0.0,https://indomet.gob.do/wp-content/uploads/2026/05/temperaturas-extremas-y-precipitaciones-2026x05x23-a.pdf
2026-05-23,063,LOS LLANOS,SAN PEDRO DE MACORÍS,MINISTERIO DE AGRICULTURA,EMCI,33.8,22.3,0.0,https://indomet.gob.do/wp-content/uploads/2026/05/temperaturas-extremas-y-precipitaciones-2026x05x23-a.pdf
2026-05-23,064,MAO,VALVERDE,INDRHI / MINISTERIO DE AGRICULTURA,EMCV,,,0.0,https://indomet.gob.do/wp-content/uploads/2026/05/temperaturas-extremas-y-precipitaciones-2026x05x23-a.pdf
2026-05-23,065,MONTE CRISTI,MONTE CRISTI,INDOMET,EMCI,33.2,23.0,0.0,https://indomet.gob.do/wp-content/uploads/2026/05/temperaturas-extremas-y-precipitaciones-2026x05x23-a.pdf
2026-05-23,066,OVIEDO,PEDERNALES,CLÍNICA RURAL OVIEDO,EMCI,31.2,18.0,0.0,https://indomet.gob.do/wp-content/uploads/2026/05/temperaturas-extremas-y-precipitaciones-2026x05x23-a.pdf
2026-05-23,067,PALO ÍNDIO,PUERTO PLATA,MINISTERIO DE AGRICULTURA,EMCI,,,0.0,https://indomet.gob.do/wp-content/uploads/2026/05/temperaturas-extremas-y-precipitaciones-2026x05x23-a.pdf
2026-05-23,068,PEDERNALES,PEDERNALES,INDRHI,EMCI,,,0.0,https://indomet.gob.do/wp-content/uploads/2026/05/temperaturas-extremas-y-precipitaciones-2026x05x23-a.pdf
2026-05-23,069,PERALTA,AZUA,HOSP. MPAL. DE PERALTA,EMCI,29.0,17.5,0.0,https://indomet.gob.do/wp-content/uploads/2026/05/temperaturas-extremas-y-precipitaciones-2026x05x23-a.pdf
2026-05-23,070,PESCADERIA (EMA),BARAHONA,MINISTERIO DE AGRICULTURA,EMAP,,,0.0,https://indomet.gob.do/wp-content/uploads/2026/05/temperaturas-extremas-y-precipitaciones-2026x05x23-a.pdf
2026-05-23,071,PROLONGACION 27 DE FEBRERO,DISTRITO NACIONAL,PRIVADA,EMAP,,,0.0,https://indomet.gob.do/wp-content/uploads/2026/05/temperaturas-extremas-y-precipitaciones-2026x05x23-a.pdf
2026-05-23,072,RESTAURACIÓN,DAJABÓN,MINISTERIO DE AGRICULTURA,EMCI,31.1,17.5,0.0,https://indomet.gob.do/wp-content/uploads/2026/05/temperaturas-extremas-y-precipitaciones-2026x05x23-a.pdf
2026-05-23,073,SABANA DE LA MAR,HATO MAYOR,INDOMET,EMCI,31.5,23.2,0.0,https://indomet.gob.do/wp-content/uploads/2026/05/temperaturas-extremas-y-precipitaciones-2026x05x23-a.pdf
2026-05-23,074,SAN CRISTÓBAL,SAN CRISTÓBAL,INSTITUTO POLITÉCNICO LOYOLA,EMCI,31.0,22.0,0.0,https://indomet.gob.do/wp-content/uploads/2026/05/temperaturas-extremas-y-precipitaciones-2026x05x23-a.pdf
2026-05-23,075,SÁNCHEZ,SAMANÁ,MINISTERIO DE AGRICULTURA,EMCI,32.0,20.3,0.0,https://indomet.gob.do/wp-content/uploads/2026/05/temperaturas-extremas-y-precipitaciones-2026x05x23-a.pdf
2026-05-23,076,SANTIAGO RODRÍGUEZ,SANTIAGO RODRÍGUEZ,INDOMET,EMCI,35.5,23.7,0.0,https://indomet.gob.do/wp-content/uploads/2026/05/temperaturas-extremas-y-precipitaciones-2026x05x23-a.pdf
2026-05-23,077,TÁBARA ABAJO,AZUA,INDRHI,EMCI,30.8,19.4,0.0,https://indomet.gob.do/wp-content/uploads/2026/05/temperaturas-extremas-y-precipitaciones-2026x05x23-a.pdf
2026-05-23,078,VILLA ISABELA,PUERTO PLATA,MINISTERIO DE AGRICULTURA,EMCV,32.8,22.5,0.0,https://indomet.gob.do/wp-content/uploads/2026/05/temperaturas-extremas-y-precipitaciones-2026x05x23-a.pdf
2026-05-23,079,SABANETA (EMA),SANTIAGO RODRÍGUEZ,PROGRAMA MUNDIAL DE ALIMENTO,EMAP,35.8,22.9,0.0,https://indomet.gob.do/wp-content/uploads/2026/05/temperaturas-extremas-y-precipitaciones-2026x05x23-a.pdf
2026-05-23,080,LOS PRADOS (EMA),DISTRITO NACIONAL,PRIVADA,EMAP,,,0.0,https://indomet.gob.do/wp-content/uploads/2026/05/temperaturas-extremas-y-precipitaciones-2026x05x23-a.pdf
2026-05-24,001,SERRALLÉS (EMA),DISTRITO NACIONAL,PRIVADA,EMAP,,,84.3,https://indomet.gob.do/wp-content/uploads/2026/05/temperaturas-extremas-y-precipitaciones-2026x05x24-b.pdf
2026-05-24,002,ENSANCHE JULIETA (EMA),DISTRITO NACIONAL,PRIVADA,EMAP,,,78.5,https://indomet.gob.do/wp-content/uploads/2026/05/temperaturas-extremas-y-precipitaciones-2026x05x24-b.pdf
2026-05-24,003,VILLA MARINA (EMA),DISTRITO NACIONAL,PRIVADA,EMAP,,,75.4,https://indomet.gob.do/wp-content/uploads/2026/05/temperaturas-extremas-y-precipitaciones-2026x05x24-b.pdf
2026-05-24,004,JARDÍN BOTÁNICO NACIONAL,DISTRITO NACIONAL,JARDÍN BOTÁNICO NACIONAL,EMCV,30.7,20.6,66.9,https://indomet.gob.do/wp-content/uploads/2026/05/temperaturas-extremas-y-precipitaciones-2026x05x24-b.pdf
2026-05-24,005,JUMA BEJUCAL,MONSEÑOR NOUEL,IDIAF,EMCV,31.2,22.4,66.9,https://indomet.gob.do/wp-content/uploads/2026/05/temperaturas-extremas-y-precipitaciones-2026x05x24-b.pdf
2026-05-24,006,LOS PRADOS (EMA),DISTRITO NACIONAL,PRIVADA,EMAP,,,64.0,https://indomet.gob.do/wp-content/uploads/2026/05/temperaturas-extremas-y-precipitaciones-2026x05x24-b.pdf
2026-05-24,007,ENSANCHE LA FE (EMA),DISTRITO NACIONAL,PRIVADA,EMAP,,,59.2,https://indomet.gob.do/wp-content/uploads/2026/05/temperaturas-extremas-y-precipitaciones-2026x05x24-b.pdf
2026-05-24,008,LA AGUSTINA (EMA),DISTRITO NACIONAL,PRIVADA,EMAP,,,59.2,https://indomet.gob.do/wp-content/uploads/2026/05/temperaturas-extremas-y-precipitaciones-2026x05x24-b.pdf
2026-05-24,009,PIANTINI (EMA),DISTRITO NACIONAL,PRIVADA,EMAP,,,58.2,https://indomet.gob.do/wp-content/uploads/2026/05/temperaturas-extremas-y-precipitaciones-2026x05x24-b.pdf
2026-05-24,010,SAN RAFAEL DEL YUMA,LA ALTAGRACIA,MINISTERIO DE AGRICULTURA,EMCI,33.8,22.3,57.3,https://indomet.gob.do/wp-content/uploads/2026/05/temperaturas-extremas-y-precipitaciones-2026x05x24-b.pdf
2026-05-24,011,BARRAQUITO (EMA),DUARTE,PROGRAMA MUNDIAL DE ALIMENTO,EMAP,,,53.0,https://indomet.gob.do/wp-content/uploads/2026/05/temperaturas-extremas-y-precipitaciones-2026x05x24-b.pdf
2026-05-24,012,NACO (EMA),DISTRITO NACIONAL,PRIVADA,EMAP,,,51.1,https://indomet.gob.do/wp-content/uploads/2026/05/temperaturas-extremas-y-precipitaciones-2026x05x24-b.pdf
2026-05-24,013,BASE AÉREA DE SAN ISIDRO,SANTO DOMINGO,FUERZA AÉREA DOMINICANA,EMCV,32.0,22.5,49.0,https://indomet.gob.do/wp-content/uploads/2026/05/temperaturas-extremas-y-precipitaciones-2026x05x24-b.pdf
2026-05-24,014,CENTRO DE LOS HEROES (EMA),DISTRITO NACIONAL,MINISTERIO DE ENERGIA Y MINA,EMAP,31.2,24.4,43.4,https://indomet.gob.do/wp-content/uploads/2026/05/temperaturas-extremas-y-precipitaciones-2026x05x24-b.pdf
2026-05-24,015,EL MILLON (EMA),DISTRITO NACIONAL,PRIVADA,EMAP,,,42.9,https://indomet.gob.do/wp-content/uploads/2026/05/temperaturas-extremas-y-precipitaciones-2026x05x24-b.pdf
2026-05-24,016,ARROYO HONDO (EMA),DISTRITO NACIONAL,PRIVADA,EMAP,,,42.7,https://indomet.gob.do/wp-content/uploads/2026/05/temperaturas-extremas-y-precipitaciones-2026x05x24-b.pdf
2026-05-24,017,LOS JARDINES (EMA),DISTRITO NACIONAL,PRIVADA,EMAP,,,42.2,https://indomet.gob.do/wp-content/uploads/2026/05/temperaturas-extremas-y-precipitaciones-2026x05x24-b.pdf
2026-05-24,018,ELÍAS PIÑA,ELÍAS PIÑA,MINISTERIO DE AGRICULTURA,EMCV,,,40.2,https://indomet.gob.do/wp-content/uploads/2026/05/temperaturas-extremas-y-precipitaciones-2026x05x24-b.pdf
2026-05-24,019,MULTIMODAL CAUCEDO (EMA),SANTO DOMINGO,PRIVADA,EMAP,,,37.2,https://indomet.gob.do/wp-content/uploads/2026/05/temperaturas-extremas-y-precipitaciones-2026x05x24-b.pdf
2026-05-24,020,PROLONGACION 27 DE FEBRERO,DISTRITO NACIONAL,PRIVADA,EMAP,,,35.2,https://indomet.gob.do/wp-content/uploads/2026/05/temperaturas-extremas-y-precipitaciones-2026x05x24-b.pdf
2026-05-24,021,BELLA VISTA (EMA),DISTRITO NACIONAL,PRIVADA,EMAP,,,34.0,https://indomet.gob.do/wp-content/uploads/2026/05/temperaturas-extremas-y-precipitaciones-2026x05x24-b.pdf
2026-05-24,022,SANTO DOMINGO ESTE,SANTO DOMINGO,INDOMET,EMCI,32.0,23.9,32.1,https://indomet.gob.do/wp-content/uploads/2026/05/temperaturas-extremas-y-precipitaciones-2026x05x24-b.pdf
2026-05-24,023,ARPT. LA ISABELA,SANTO DOMINGO,INDOMET,EMCI,32.0,21.8,31.7,https://indomet.gob.do/wp-content/uploads/2026/05/temperaturas-extremas-y-precipitaciones-2026x05x24-b.pdf
2026-05-24,024,PONTÓN ABAJO (EMA),LA VEGA,MINISTERIO DE AGRICULTURA,EMAP,30.9,22.6,31.6,https://indomet.gob.do/wp-content/uploads/2026/05/temperaturas-extremas-y-precipitaciones-2026x05x24-b.pdf
2026-05-24,025,BONAO,MONSEÑOR NOUEL,MINISTERIO DE AGRICULTURA,EMCV,,,27.7,https://indomet.gob.do/wp-content/uploads/2026/05/temperaturas-extremas-y-precipitaciones-2026x05x24-b.pdf
2026-05-24,026,ARPT. DE PUNTA CANA,LA ALTAGRACIA,INDOMET,EMCI,30.6,22.2,27.6,https://indomet.gob.do/wp-content/uploads/2026/05/temperaturas-extremas-y-precipitaciones-2026x05x24-b.pdf
2026-05-24,027,ARPT. DE LA ROMANA,LA ROMANA,INDOMET,EMCI,32.5,23.2,27.3,https://indomet.gob.do/wp-content/uploads/2026/05/temperaturas-extremas-y-precipitaciones-2026x05x24-b.pdf
2026-05-24,028,LOS LLANOS,SAN PEDRO DE MACORÍS,MINISTERIO DE AGRICULTURA,EMCI,33.1,22.5,25.0,https://indomet.gob.do/wp-content/uploads/2026/05/temperaturas-extremas-y-precipitaciones-2026x05x24-b.pdf
2026-05-24,029,LOS CACICAZGOS (EMA),DISTRITO NACIONAL,PRIVADA,EMAP,,,24.1,https://indomet.gob.do/wp-content/uploads/2026/05/temperaturas-extremas-y-precipitaciones-2026x05x24-b.pdf
2026-05-24,030,SAN CRISTÓBAL,SAN CRISTÓBAL,INSTITUTO POLITÉCNICO LOYOLA,EMCI,31.2,22.0,23.0,https://indomet.gob.do/wp-content/uploads/2026/05/temperaturas-extremas-y-precipitaciones-2026x05x24-b.pdf
2026-05-24,031,LA VICTORIA,SANTO DOMINGO,CUERPO DE BOMBEROS,EMCI,,,19.1,https://indomet.gob.do/wp-content/uploads/2026/05/temperaturas-extremas-y-precipitaciones-2026x05x24-b.pdf
2026-05-24,032,BAYAGUANA,MONTE PLATA,INDOMET,EMCI,31.4,21.8,18.8,https://indomet.gob.do/wp-content/uploads/2026/05/temperaturas-extremas-y-precipitaciones-2026x05x24-b.pdf
2026-05-24,033,PALO ÍNDIO,PUERTO PLATA,MINISTERIO DE AGRICULTURA,EMCI,,,17.8,https://indomet.gob.do/wp-content/uploads/2026/05/temperaturas-extremas-y-precipitaciones-2026x05x24-b.pdf
2026-05-24,034,LUPERÓN,PUERTO PLATA,MINISTERIO DE AGRICULTURA,EMCV,,,17.0,https://indomet.gob.do/wp-content/uploads/2026/05/temperaturas-extremas-y-precipitaciones-2026x05x24-b.pdf
2026-05-24,035,ARPT. DE LAS AMÉRICAS,SANTO DOMINGO,INDOMET,EMCI,31.2,22.5,15.4,https://indomet.gob.do/wp-content/uploads/2026/05/temperaturas-extremas-y-precipitaciones-2026x05x24-b.pdf
2026-05-24,036,SANTIAGO (CENTRO),SANTIAGO,HUACALITO,EMCI,,,14.0,https://indomet.gob.do/wp-content/uploads/2026/05/temperaturas-extremas-y-precipitaciones-2026x05x24-b.pdf
2026-05-24,037,JARABACOA (EMA),LA VEGA,PROGRAMA MUNDIAL DE ALIMENTO,EMAP,29.3,20.2,13.8,https://indomet.gob.do/wp-content/uploads/2026/05/temperaturas-extremas-y-precipitaciones-2026x05x24-b.pdf
2026-05-24,038,JARABACOA,LA VEGA,INDRHI / MARENA,EMCI,31.0,18.2,13.6,https://indomet.gob.do/wp-content/uploads/2026/05/temperaturas-extremas-y-precipitaciones-2026x05x24-b.pdf
2026-05-24,039,VILLA RIVA,DUARTE,HOSP. MPAL. ALICIA DE LEGENDRE,EMCI,29.4,21.8,12.9,https://indomet.gob.do/wp-content/uploads/2026/05/temperaturas-extremas-y-precipitaciones-2026x05x24-b.pdf
2026-05-24,040,SALCEDO,HERMANAS MIRABAL,PROPIEDAD DEL EMPLEADO,EMCI,,,12.8,https://indomet.gob.do/wp-content/uploads/2026/05/temperaturas-extremas-y-precipitaciones-2026x05x24-b.pdf
2026-05-24,041,VILLA ALTAGRACIA,SAN CRISTÓBAL,ESCUELA JAVIER ANGULO GURIDI,EMCI,,,11.3,https://indomet.gob.do/wp-content/uploads/2026/05/temperaturas-extremas-y-precipitaciones-2026x05x24-b.pdf
2026-05-24,042,PRESA DE TAVERAS (EMA),LA VEGA,PROGRAMA MUNDIAL DE ALIMENTO,EMAP,29.1,20.8,10.2,https://indomet.gob.do/wp-content/uploads/2026/05/temperaturas-extremas-y-precipitaciones-2026x05x24-b.pdf
2026-05-24,043,GURABO,SANTIAGO,MINISTERIO DE AGRICULTURA,EMCV,,,10.2,https://indomet.gob.do/wp-content/uploads/2026/05/temperaturas-extremas-y-precipitaciones-2026x05x24-b.pdf
2026-05-24,044,BUCARA (EMA),SANTIAGO,MINISTERIO DE AGRICULTURA,EMAI,,,10.0,https://indomet.gob.do/wp-content/uploads/2026/05/temperaturas-extremas-y-precipitaciones-2026x05x24-b.pdf
2026-05-24,045,PARQUE MIRADOR SUR,DISTRITO NACIONAL,AYUNTAMIENTO,EMCV,33.3,23.0,10.0,https://indomet.gob.do/wp-content/uploads/2026/05/temperaturas-extremas-y-precipitaciones-2026x05x24-b.pdf
2026-05-24,046,JANICO (EMA),LA VEGA,PLAN SIERRA,EMAI,,,9.4,https://indomet.gob.do/wp-content/uploads/2026/05/temperaturas-extremas-y-precipitaciones-2026x05x24-b.pdf
2026-05-24,047,PARQUE MIRADOR NORTE,SANTO DOMINGO,AYUNTAMIENTO,EMCV,,,9.4,https://indomet.gob.do/wp-content/uploads/2026/05/temperaturas-extremas-y-precipitaciones-2026x05x24-b.pdf
2026-05-24,048,TAVERA,SANTIAGO,INDRHI,EMCI,,,9.3,https://indomet.gob.do/wp-content/uploads/2026/05/temperaturas-extremas-y-precipitaciones-2026x05x24-b.pdf
2026-05-24,049,LA VEGA,LA VEGA,IATESA,EMCI,30.5,22.5,8.1,https://indomet.gob.do/wp-content/uploads/2026/05/temperaturas-extremas-y-precipitaciones-2026x05x24-b.pdf
2026-05-24,050,RANCHO ARRIBA,SAN JOSÉ DE OCOA,CENTRO TECNOLÓGICO COMUNITARIO,EMCI,28.3,19.6,7.9,https://indomet.gob.do/wp-content/uploads/2026/05/temperaturas-extremas-y-precipitaciones-2026x05x24-b.pdf
2026-05-24,051,ARPT. GREGORIO LUPERÓN,PUERTO PLATA,INDOMET,EMCI,30.7,24.0,7.7,https://indomet.gob.do/wp-content/uploads/2026/05/temperaturas-extremas-y-precipitaciones-2026x05x24-b.pdf
2026-05-24,052,ALTO BANDERA (EMA),LA VEGA,INTEC,EMAP,15.7,8.4,7.6,https://indomet.gob.do/wp-content/uploads/2026/05/temperaturas-extremas-y-precipitaciones-2026x05x24-b.pdf
2026-05-24,053,ARPT. DEL CIBAO,SANTIAGO,INDOMET,EMCI,31.0,21.7,7.3,https://indomet.gob.do/wp-content/uploads/2026/05/temperaturas-extremas-y-precipitaciones-2026x05x24-b.pdf
2026-05-24,054,HONDO VALLE,ELÍAS PIÑA,MINISTERIO DE AGRICULTURA,EMCI,29.5,17.9,7.2,https://indomet.gob.do/wp-content/uploads/2026/05/temperaturas-extremas-y-precipitaciones-2026x05x24-b.pdf
2026-05-24,055,ARPT. EL CATEY,SAMANÁ,INDOMET,EMCI,29.0,23.0,7.0,https://indomet.gob.do/wp-content/uploads/2026/05/temperaturas-extremas-y-precipitaciones-2026x05x24-b.pdf
2026-05-24,056,LOS JENGIBRES,NAGUA,INDRHI,EMCI,,,6.9,https://indomet.gob.do/wp-content/uploads/2026/05/temperaturas-extremas-y-precipitaciones-2026x05x24-b.pdf
2026-05-24,057,ANAMUYA (EMA),LA ALTAGRACIA,MINISTERIO DE AGRICULTURA,EMAP,31.8,23.5,6.4,https://indomet.gob.do/wp-content/uploads/2026/05/temperaturas-extremas-y-precipitaciones-2026x05x24-b.pdf
2026-05-24,058,PASO AL MEDIO,SAN PEDRO DE MACORÍS,INDRHI,EMCI,,,5.8,https://indomet.gob.do/wp-content/uploads/2026/05/temperaturas-extremas-y-precipitaciones-2026x05x24-b.pdf
2026-05-24,059,MICHES (EMA),EL SEIBO,PRIVADA,EMAP,30.7,23.8,5.4,https://indomet.gob.do/wp-content/uploads/2026/05/temperaturas-extremas-y-precipitaciones-2026x05x24-b.pdf
2026-05-24,060,SABANA GRANDE DE BOYÁ,MONTE PLATA,MINISTERIO DE AGRICULTURA,EMCV,,,5.3,https://indomet.gob.do/wp-content/uploads/2026/05/temperaturas-extremas-y-precipitaciones-2026x05x24-b.pdf
2026-05-24,061,ALTAMIRA,PUERTO PLATA,HOSP. MPAL. DE ALTAMIRA,EMCI,31.5,22.1,5.0,https://indomet.gob.do/wp-content/uploads/2026/05/temperaturas-extremas-y-precipitaciones-2026x05x24-b.pdf
2026-05-24,062,SAJOMA (EMA),SANTIAGO,PLAN SIERRA,EMAI,30.0,20.9,4.8,https://indomet.gob.do/wp-content/uploads/2026/05/temperaturas-extremas-y-precipitaciones-2026x05x24-b.pdf
2026-05-24,063,SAMANÁ,SAMANÁ,COMANDANCIA DE PUERTO DE SAMANÁ,EMCI,31.4,19.0,4.8,https://indomet.gob.do/wp-content/uploads/2026/05/temperaturas-extremas-y-precipitaciones-2026x05x24-b.pdf
2026-05-24,064,SABANA DE LA MAR,HATO MAYOR,INDOMET,EMCI,31.0,23.2,4.6,https://indomet.gob.do/wp-content/uploads/2026/05/temperaturas-extremas-y-precipitaciones-2026x05x24-b.pdf
2026-05-24,065,POLO,BARAHONA,INDOCAFE,EMCI,26.8,16.4,4.2,https://indomet.gob.do/wp-content/uploads/2026/05/temperaturas-extremas-y-precipitaciones-2026x05x24-b.pdf
2026-05-24,066,OVIEDO,PEDERNALES,CLÍNICA RURAL OVIEDO,EMCI,31.2,23.5,2.8,https://indomet.gob.do/wp-content/uploads/2026/05/temperaturas-extremas-y-precipitaciones-2026x05x24-b.pdf
2026-05-24,067,TAMBORIL,SANTIAGO,MINISTERIO DE AGRICULTURA,EMCV,,,2.8,https://indomet.gob.do/wp-content/uploads/2026/05/temperaturas-extremas-y-precipitaciones-2026x05x24-b.pdf
2026-05-24,068,SÁNCHEZ,SAMANÁ,MINISTERIO DE AGRICULTURA,EMCI,30.9,20.8,2.4,https://indomet.gob.do/wp-content/uploads/2026/05/temperaturas-extremas-y-precipitaciones-2026x05x24-b.pdf
2026-05-24,069,RÍO SAN JUAN,MARÍA TRINIDAD SÁNCHEZ,HOSP. MPAL. DR. DESIDERIO ACOSTA,EMCV,32.2,25.0,2.0,https://indomet.gob.do/wp-content/uploads/2026/05/temperaturas-extremas-y-precipitaciones-2026x05x24-b.pdf
2026-05-24,070,ARPT. ARROYO BARRIL,SAMANÁ,INDOMET,EMCI,31.0,22.2,1.7,https://indomet.gob.do/wp-content/uploads/2026/05/temperaturas-extremas-y-precipitaciones-2026x05x24-b.pdf
2026-05-24,071,SAN JOSÉ DE OCOA,SAN JOSÉ DE OCOA,HOSP. SAN JOSÉ DE OCOA,EMCI,31.8,20.6,1.6,https://indomet.gob.do/wp-content/uploads/2026/05/temperaturas-extremas-y-precipitaciones-2026x05x24-b.pdf
2026-05-24,072,NAVARRETE,SANTIAGO,MINISTERIO DE AGRICULTURA,EMCV,,,1.5,https://indomet.gob.do/wp-content/uploads/2026/05/temperaturas-extremas-y-precipitaciones-2026x05x24-b.pdf
2026-05-24,073,VILLA GONZALES,SANTIAGO,MINISTERIO DE AGRICULTURA,EMCI,,,1.5,https://indomet.gob.do/wp-content/uploads/2026/05/temperaturas-extremas-y-precipitaciones-2026x05x24-b.pdf
2026-05-24,074,LOS COCOS (EMA),BAHORUCO,PRIVADA,EMAP,,,1.1,https://indomet.gob.do/wp-content/uploads/2026/05/temperaturas-extremas-y-precipitaciones-2026x05x24-b.pdf
2026-05-24,075,CABRAL,BARAHONA,MINISTERIO DE AGRICULTURA,EMCV,31.8,25.0,0.9,https://indomet.gob.do/wp-content/uploads/2026/05/temperaturas-extremas-y-precipitaciones-2026x05x24-b.pdf
2026-05-24,076,CONSTANZA,LA VEGA,MINISTERIO DE AGRICULTURA,EMCI,27.3,16.0,0.8,https://indomet.gob.do/wp-content/uploads/2026/05/temperaturas-extremas-y-precipitaciones-2026x05x24-b.pdf
2026-05-24,077,JARDÍN BOTÁNICO SANTIAGO (EMSANTIAGO,,JARDIN BOTANICO SANTIAGO,EMAI,30.4,23.2,0.8,https://indomet.gob.do/wp-content/uploads/2026/05/temperaturas-extremas-y-precipitaciones-2026x05x24-b.pdf
2026-05-24,078,HATO MAYOR,HATO MAYOR,MINISTERIO DE AGRICULTURA,EMCV,,,0.7,https://indomet.gob.do/wp-content/uploads/2026/05/temperaturas-extremas-y-precipitaciones-2026x05x24-b.pdf
2026-05-24,079,CONSTANZA (EMA),LA VEGA,PROGRAMA MUNDIAL DE ALIMENTO,EMAP,25.9,17.3,0.6,https://indomet.gob.do/wp-content/uploads/2026/05/temperaturas-extremas-y-precipitaciones-2026x05x24-b.pdf
2026-05-24,080,SAN FRANCISCO DE MACORÍS,DUARTE,San Francisco de Macorís (UASD),EMCI,28.9,22.5,0.5,https://indomet.gob.do/wp-content/uploads/2026/05/temperaturas-extremas-y-precipitaciones-2026x05x24-b.pdf
2026-05-24,081,VILLA ISABELA,PUERTO PLATA,MINISTERIO DE AGRICULTURA,EMCV,32.0,22.0,0.5,https://indomet.gob.do/wp-content/uploads/2026/05/temperaturas-extremas-y-precipitaciones-2026x05x24-b.pdf
2026-05-24,082,CABRERA,MARÍA TRINIDAD SÁNCHEZ,ESCUELA ARÍSTIDES FIALLO CABRAL,EMCI,32.5,26.0,0.2,https://indomet.gob.do/wp-content/uploads/2026/05/temperaturas-extremas-y-precipitaciones-2026x05x24-b.pdf
2026-05-24,083,ARROYO LORO,SAN JUAN,IDIAF,EMCI,31.4,20.2,0.1,https://indomet.gob.do/wp-content/uploads/2026/05/temperaturas-extremas-y-precipitaciones-2026x05x24-b.pdf
2026-05-24,084,ARPT. MARÍA MONTEZ,BARAHONA,INDOMET,EMCI,31.4,24.0,0.0,https://indomet.gob.do/wp-content/uploads/2026/05/temperaturas-extremas-y-precipitaciones-2026x05x24-b.pdf
2026-05-24,085,BANI (EMA),PERAVIA,MINISTERIO DE AGRICULTURA,EMAP,,,0.0,https://indomet.gob.do/wp-content/uploads/2026/05/temperaturas-extremas-y-precipitaciones-2026x05x24-b.pdf
2026-05-24,086,BOCA DE MAO (EMA),VALVERDE,MINISTERIO DE AGRICULTURA,EMAP,34.7,22.9,0.0,https://indomet.gob.do/wp-content/uploads/2026/05/temperaturas-extremas-y-precipitaciones-2026x05x24-b.pdf
2026-05-24,087,BOHECHÍO,SAN JUAN,MINISTERIO DE AGRICULTURA,EMCV,,,0.0,https://indomet.gob.do/wp-content/uploads/2026/05/temperaturas-extremas-y-precipitaciones-2026x05x24-b.pdf
2026-05-24,088,COTUÍ,SÁNCHEZ RAMÍREZ,HOSP. INMACULADA CONCEPCIÓN,EMCV,,,0.0,https://indomet.gob.do/wp-content/uploads/2026/05/temperaturas-extremas-y-precipitaciones-2026x05x24-b.pdf
2026-05-24,089,DAJABÓN,DAJABÓN,INSTITUTO POLITÉCNICO LOYOLA,EMCI,33.2,19.0,0.0,https://indomet.gob.do/wp-content/uploads/2026/05/temperaturas-extremas-y-precipitaciones-2026x05x24-b.pdf
2026-05-24,090,EL CERCADO,SAN JUAN,MINISTERIO DE AGRICULTURA,EMCV,,,0.0,https://indomet.gob.do/wp-content/uploads/2026/05/temperaturas-extremas-y-precipitaciones-2026x05x24-b.pdf
2026-05-24,091,EL FACTOR (EMA),MARÍA TRINIDAD SÁNCHEZ,INTEC,EMAP,29.9,23.6,0.0,https://indomet.gob.do/wp-content/uploads/2026/05/temperaturas-extremas-y-precipitaciones-2026x05x24-b.pdf
2026-05-24,092,ENRIQUILLO,BARAHONA,MINISTERIO DE AGRICULTURA,EMCV,31.0,22.7,0.0,https://indomet.gob.do/wp-content/uploads/2026/05/temperaturas-extremas-y-precipitaciones-2026x05x24-b.pdf
2026-05-24,093,ESCONDIDO,PERAVIA,MINISTERIO DE AGRICULTURA,EMCV,32.0,25.0,0.0,https://indomet.gob.do/wp-content/uploads/2026/05/temperaturas-extremas-y-precipitaciones-2026x05x24-b.pdf
2026-05-24,094,GASPAR HERNÁNDEZ,ESPAILLAT,PROPIEDAD DEL EMPLEADO,EMCI,,,0.0,https://indomet.gob.do/wp-content/uploads/2026/05/temperaturas-extremas-y-precipitaciones-2026x05x24-b.pdf
2026-05-24,095,JIMANÍ,INDEPENDENCIA,MINISTERIO DE AGRICULTURA,EMCI,34.8,24.0,0.0,https://indomet.gob.do/wp-content/uploads/2026/05/temperaturas-extremas-y-precipitaciones-2026x05x24-b.pdf
2026-05-24,096,LAS CANAS (EMA),MONTE CRISTI,PROGRAMA MUNDIAL DE ALIMENTO,EMAP,29.2,23.3,0.0,https://indomet.gob.do/wp-content/uploads/2026/05/temperaturas-extremas-y-precipitaciones-2026x05x24-b.pdf
2026-05-24,097,LAS MATAS DE SANTA CRUZ,MONTE CRISTI,INDRHI,EMCV,,,0.0,https://indomet.gob.do/wp-content/uploads/2026/05/temperaturas-extremas-y-precipitaciones-2026x05x24-b.pdf
2026-05-24,098,MAO,VALVERDE,INDRHI / MINISTERIO DE AGRICULTURA,EMCV,,,0.0,https://indomet.gob.do/wp-content/uploads/2026/05/temperaturas-extremas-y-precipitaciones-2026x05x24-b.pdf
2026-05-24,099,MONCIÓN (EMA),SANTIAGO RODRÍGUEZ,PROGRAMA MUNDIAL DE ALIMENTO,EMAP,31.4,22.1,0.0,https://indomet.gob.do/wp-content/uploads/2026/05/temperaturas-extremas-y-precipitaciones-2026x05x24-b.pdf
2026-05-24,100,MONTE CRISTI,MONTE CRISTI,INDOMET,EMCI,32.5,23.6,0.0,https://indomet.gob.do/wp-content/uploads/2026/05/temperaturas-extremas-y-precipitaciones-2026x05x24-b.pdf
2026-05-24,101,OLIVARES,PEDERNALES,INDRHI,EMCI,,,0.0,https://indomet.gob.do/wp-content/uploads/2026/05/temperaturas-extremas-y-precipitaciones-2026x05x24-b.pdf
2026-05-24,102,PADRE LAS CASAS,AZUA,HOSP. NTRA. SRA. DEL CARMEN,EMCI,31.5,19.0,0.0,https://indomet.gob.do/wp-content/uploads/2026/05/temperaturas-extremas-y-precipitaciones-2026x05x24-b.pdf
2026-05-24,103,PEDERNALES,PEDERNALES,INDRHI,EMCI,,,0.0,https://indomet.gob.do/wp-content/uploads/2026/05/temperaturas-extremas-y-precipitaciones-2026x05x24-b.pdf
2026-05-24,104,PERALTA,AZUA,HOSP. MPAL. DE PERALTA,EMCI,30.9,17.3,0.0,https://indomet.gob.do/wp-content/uploads/2026/05/temperaturas-extremas-y-precipitaciones-2026x05x24-b.pdf
2026-05-24,105,RESTAURACIÓN,DAJABÓN,MINISTERIO DE AGRICULTURA,EMCI,31.3,17.7,0.0,https://indomet.gob.do/wp-content/uploads/2026/05/temperaturas-extremas-y-precipitaciones-2026x05x24-b.pdf
2026-05-24,106,SABANETA (EMA),SANTIAGO RODRÍGUEZ,PROGRAMA MUNDIAL DE ALIMENTO,EMAP,35.1,24.4,0.0,https://indomet.gob.do/wp-content/uploads/2026/05/temperaturas-extremas-y-precipitaciones-2026x05x24-b.pdf
2026-05-24,107,SANTIAGO RODRÍGUEZ,SANTIAGO RODRÍGUEZ,INDOMET,EMCI,35.0,24.8,0.0,https://indomet.gob.do/wp-content/uploads/2026/05/temperaturas-extremas-y-precipitaciones-2026x05x24-b.pdf
2026-05-24,108,TÁBARA ABAJO,AZUA,INDRHI,EMCI,33.0,22.0,0.0,https://indomet.gob.do/wp-content/uploads/2026/05/temperaturas-extremas-y-precipitaciones-2026x05x24-b.pdf
2026-05-24,109,VILLA VASQUEZ (EMA),MONTE CRISTI,JUNTA DE REGANTES,EMAI,,,0.0,https://indomet.gob.do/wp-content/uploads/2026/05/temperaturas-extremas-y-precipitaciones-2026x05x24-b.pdf
2026-05-25,001,ARPT. DE PUNTA CANA,LA ALTAGRACIA,INDOMET,EMCI,30.2,23.4,61.1,https://indomet.gob.do/wp-content/uploads/2026/05/temperaturas-extremas-y-precipitaciones-2026x05x25-b.pdf
2026-05-25,002,SÁNCHEZ,SAMANÁ,MINISTERIO DE AGRICULTURA,EMCI,32.9,19.4,50.0,https://indomet.gob.do/wp-content/uploads/2026/05/temperaturas-extremas-y-precipitaciones-2026x05x25-b.pdf
2026-05-25,003,RÍO SAN JUAN,MARÍA TRINIDAD SÁNCHEZ,HOSP. MPAL. DR. DESIDERIO ACOSTA,EMCV,32.6,23.5,35.4,https://indomet.gob.do/wp-content/uploads/2026/05/temperaturas-extremas-y-precipitaciones-2026x05x25-b.pdf
2026-05-25,004,ANAMUYA (EMA),LA ALTAGRACIA,MINISTERIO DE AGRICULTURA,EMAP,31.1,22.1,29.2,https://indomet.gob.do/wp-content/uploads/2026/05/temperaturas-extremas-y-precipitaciones-2026x05x25-b.pdf
2026-05-25,005,VILLA ALTAGRACIA,SAN CRISTÓBAL,ESCUELA JAVIER ANGULO GURIDI,EMCI,,,25.4,https://indomet.gob.do/wp-content/uploads/2026/05/temperaturas-extremas-y-precipitaciones-2026x05x25-b.pdf
2026-05-25,006,POLO,BARAHONA,INDOCAFE,EMCI,26.5,15.0,21.0,https://indomet.gob.do/wp-content/uploads/2026/05/temperaturas-extremas-y-precipitaciones-2026x05x25-b.pdf
2026-05-25,007,ARPT. EL CATEY,SAMANÁ,INDOMET,EMCI,31.5,22.6,20.2,https://indomet.gob.do/wp-content/uploads/2026/05/temperaturas-extremas-y-precipitaciones-2026x05x25-b.pdf
2026-05-25,008,SABANA DE LA MAR,HATO MAYOR,INDOMET,EMCI,30.4,23.0,18.4,https://indomet.gob.do/wp-content/uploads/2026/05/temperaturas-extremas-y-precipitaciones-2026x05x25-b.pdf
2026-05-25,009,SAN RAFAEL DEL YUMA,LA ALTAGRACIA,MINISTERIO DE AGRICULTURA,EMCI,31.4,22.8,13.8,https://indomet.gob.do/wp-content/uploads/2026/05/temperaturas-extremas-y-precipitaciones-2026x05x25-b.pdf
2026-05-25,010,MICHES (EMA),EL SEIBO,PRIVADA,EMAP,31.4,24.4,13.4,https://indomet.gob.do/wp-content/uploads/2026/05/temperaturas-extremas-y-precipitaciones-2026x05x25-b.pdf
2026-05-25,011,JANICO (EMA),LA VEGA,PLAN SIERRA,EMAI,,,9.0,https://indomet.gob.do/wp-content/uploads/2026/05/temperaturas-extremas-y-precipitaciones-2026x05x25-b.pdf
2026-05-25,012,RANCHO ARRIBA,SAN JOSÉ DE OCOA,CENTRO TECNOLÓGICO COMUNITARIO,EMCI,27.9,19.2,6.8,https://indomet.gob.do/wp-content/uploads/2026/05/temperaturas-extremas-y-precipitaciones-2026x05x25-b.pdf
2026-05-25,013,SAN FRANCISCO DE MACORÍS,DUARTE,San Francisco de Macorís (UASD),EMCI,28.9,22.5,6.6,https://indomet.gob.do/wp-content/uploads/2026/05/temperaturas-extremas-y-precipitaciones-2026x05x25-b.pdf
2026-05-25,014,CABRERA,MARÍA TRINIDAD SÁNCHEZ,ESCUELA ARÍSTIDES FIALLO CABRAL,EMCI,32.2,26.4,6.6,https://indomet.gob.do/wp-content/uploads/2026/05/temperaturas-extremas-y-precipitaciones-2026x05x25-b.pdf
2026-05-25,015,ARPT. ARROYO BARRIL,SAMANÁ,INDOMET,EMCI,31.2,22.2,6.2,https://indomet.gob.do/wp-content/uploads/2026/05/temperaturas-extremas-y-precipitaciones-2026x05x25-b.pdf
2026-05-25,016,PRESA DE TAVERAS (EMA),LA VEGA,PROGRAMA MUNDIAL DE ALIMENTO,EMAP,29.3,21.7,5.8,https://indomet.gob.do/wp-content/uploads/2026/05/temperaturas-extremas-y-precipitaciones-2026x05x25-b.pdf
2026-05-25,017,EL FACTOR (EMA),MARÍA TRINIDAD SÁNCHEZ,INTEC,EMAP,32.6,23.2,5.8,https://indomet.gob.do/wp-content/uploads/2026/05/temperaturas-extremas-y-precipitaciones-2026x05x25-b.pdf
2026-05-25,018,JUMA BEJUCAL,MONSEÑOR NOUEL,IDIAF,EMCV,31.4,22.8,4.5,https://indomet.gob.do/wp-content/uploads/2026/05/temperaturas-extremas-y-precipitaciones-2026x05x25-b.pdf
2026-05-25,019,EL MILLON (EMA),DISTRITO NACIONAL,PRIVADA,EMAP,,,4.3,https://indomet.gob.do/wp-content/uploads/2026/05/temperaturas-extremas-y-precipitaciones-2026x05x25-b.pdf
2026-05-25,020,ARPT. DE LA ROMANA,LA ROMANA,INDOMET,EMCI,31.8,22.2,4.2,https://indomet.gob.do/wp-content/uploads/2026/05/temperaturas-extremas-y-precipitaciones-2026x05x25-b.pdf
2026-05-25,021,SAN CRISTÓBAL,SAN CRISTÓBAL,INSTITUTO POLITÉCNICO LOYOLA,EMCI,30.2,22.2,3.8,https://indomet.gob.do/wp-content/uploads/2026/05/temperaturas-extremas-y-precipitaciones-2026x05x25-b.pdf
2026-05-25,022,ALTO BANDERA (EMA),LA VEGA,INTEC,EMAP,15.8,6.6,3.6,https://indomet.gob.do/wp-content/uploads/2026/05/temperaturas-extremas-y-precipitaciones-2026x05x25-b.pdf
2026-05-25,023,VILLA RIVA,DUARTE,HOSP. MPAL. ALICIA DE LEGENDRE,EMCI,32.0,22.0,3.1,https://indomet.gob.do/wp-content/uploads/2026/05/temperaturas-extremas-y-precipitaciones-2026x05x25-b.pdf
2026-05-25,024,BONAO,MONSEÑOR NOUEL,MINISTERIO DE AGRICULTURA,EMCV,,,3.0,https://indomet.gob.do/wp-content/uploads/2026/05/temperaturas-extremas-y-precipitaciones-2026x05x25-b.pdf
2026-05-25,025,ARPT. DEL CIBAO,SANTIAGO,INDOMET,EMCI,33.0,21.6,2.6,https://indomet.gob.do/wp-content/uploads/2026/05/temperaturas-extremas-y-precipitaciones-2026x05x25-b.pdf
2026-05-25,026,PONTÓN ABAJO (EMA),LA VEGA,MINISTERIO DE AGRICULTURA,EMAP,32.4,23.7,2.4,https://indomet.gob.do/wp-content/uploads/2026/05/temperaturas-extremas-y-precipitaciones-2026x05x25-b.pdf
2026-05-25,027,ENRIQUILLO,BARAHONA,MINISTERIO DE AGRICULTURA,EMCV,30.5,21.4,2.2,https://indomet.gob.do/wp-content/uploads/2026/05/temperaturas-extremas-y-precipitaciones-2026x05x25-b.pdf
2026-05-25,028,SANTIAGO (CENTRO),SANTIAGO,HUACALITO,EMCI,,,2.2,https://indomet.gob.do/wp-content/uploads/2026/05/temperaturas-extremas-y-precipitaciones-2026x05x25-b.pdf
2026-05-25,029,BELLA VISTA (EMA),DISTRITO NACIONAL,PRIVADA,EMAP,,,1.8,https://indomet.gob.do/wp-content/uploads/2026/05/temperaturas-extremas-y-precipitaciones-2026x05x25-b.pdf
2026-05-25,030,SAMANÁ,SAMANÁ,COMANDANCIA DE PUERTO DE SAMANÁ,EMCI,31.5,19.0,1.8,https://indomet.gob.do/wp-content/uploads/2026/05/temperaturas-extremas-y-precipitaciones-2026x05x25-b.pdf
2026-05-25,031,JARABACOA (EMA),LA VEGA,PROGRAMA MUNDIAL DE ALIMENTO,EMAP,28.7,19.7,1.6,https://indomet.gob.do/wp-content/uploads/2026/05/temperaturas-extremas-y-precipitaciones-2026x05x25-b.pdf
2026-05-25,032,PROLONGACION 27 DE FEBRERO,DISTRITO NACIONAL,PRIVADA,EMAP,,,1.6,https://indomet.gob.do/wp-content/uploads/2026/05/temperaturas-extremas-y-precipitaciones-2026x05x25-b.pdf
2026-05-25,033,GURABO,SANTIAGO,MINISTERIO DE AGRICULTURA,EMCV,,,1.5,https://indomet.gob.do/wp-content/uploads/2026/05/temperaturas-extremas-y-precipitaciones-2026x05x25-b.pdf
2026-05-25,034,ARPT. LA ISABELA,SANTO DOMINGO,INDOMET,EMCI,32.5,23.8,1.3,https://indomet.gob.do/wp-content/uploads/2026/05/temperaturas-extremas-y-precipitaciones-2026x05x25-b.pdf
2026-05-25,035,JARABACOA,LA VEGA,INDRHI / MARENA,EMCI,30.0,17.6,1.2,https://indomet.gob.do/wp-content/uploads/2026/05/temperaturas-extremas-y-precipitaciones-2026x05x25-b.pdf
2026-05-25,036,TAMBORIL,SANTIAGO,MINISTERIO DE AGRICULTURA,EMCV,,,0.8,https://indomet.gob.do/wp-content/uploads/2026/05/temperaturas-extremas-y-precipitaciones-2026x05x25-b.pdf
2026-05-25,037,CENTRO DE LOS HEROES (EMA),DISTRITO NACIONAL,MINISTERIO DE ENERGIA Y MINA,EMAP,30.8,25.8,0.6,https://indomet.gob.do/wp-content/uploads/2026/05/temperaturas-extremas-y-precipitaciones-2026x05x25-b.pdf
2026-05-25,038,CONSTANZA,LA VEGA,MINISTERIO DE AGRICULTURA,EMCI,25.5,14.2,0.6,https://indomet.gob.do/wp-content/uploads/2026/05/temperaturas-extremas-y-precipitaciones-2026x05x25-b.pdf
2026-05-25,039,PARQUE MIRADOR SUR,DISTRITO NACIONAL,AYUNTAMIENTO,EMCV,,,0.5,https://indomet.gob.do/wp-content/uploads/2026/05/temperaturas-extremas-y-precipitaciones-2026x05x25-b.pdf
2026-05-25,040,HATO MAYOR,HATO MAYOR,MINISTERIO DE AGRICULTURA,EMCV,,,0.5,https://indomet.gob.do/wp-content/uploads/2026/05/temperaturas-extremas-y-precipitaciones-2026x05x25-b.pdf
2026-05-25,041,CONSTANZA (EMA),LA VEGA,PROGRAMA MUNDIAL DE ALIMENTO,EMAP,24.0,15.8,0.4,https://indomet.gob.do/wp-content/uploads/2026/05/temperaturas-extremas-y-precipitaciones-2026x05x25-b.pdf
2026-05-25,042,LOS CACICAZGOS (EMA),DISTRITO NACIONAL,PRIVADA,EMAP,,,0.3,https://indomet.gob.do/wp-content/uploads/2026/05/temperaturas-extremas-y-precipitaciones-2026x05x25-b.pdf
2026-05-25,043,NAVARRETE,SANTIAGO,MINISTERIO DE AGRICULTURA,EMCV,,,0.3,https://indomet.gob.do/wp-content/uploads/2026/05/temperaturas-extremas-y-precipitaciones-2026x05x25-b.pdf
2026-05-25,044,CABRAL,BARAHONA,MINISTERIO DE AGRICULTURA,EMCV,31.4,25.3,0.1,https://indomet.gob.do/wp-content/uploads/2026/05/temperaturas-extremas-y-precipitaciones-2026x05x25-b.pdf
2026-05-25,045,LA VICTORIA,SANTO DOMINGO,CUERPO DE BOMBEROS,EMCI,34.7,23.8,0.1,https://indomet.gob.do/wp-content/uploads/2026/05/temperaturas-extremas-y-precipitaciones-2026x05x25-b.pdf
2026-05-25,046,SALCEDO,HERMANAS MIRABAL,PROPIEDAD DEL EMPLEADO,EMCI,,,0.1,https://indomet.gob.do/wp-content/uploads/2026/05/temperaturas-extremas-y-precipitaciones-2026x05x25-b.pdf
2026-05-25,047,VILLA GONZALES,SANTIAGO,MINISTERIO DE AGRICULTURA,EMCI,,,0.0,https://indomet.gob.do/wp-content/uploads/2026/05/temperaturas-extremas-y-precipitaciones-2026x05x25-b.pdf
2026-05-25,048,ALTAMIRA,PUERTO PLATA,HOSP. MPAL. DE ALTAMIRA,EMCI,32.6,21.4,0.0,https://indomet.gob.do/wp-content/uploads/2026/05/temperaturas-extremas-y-precipitaciones-2026x05x25-b.pdf
2026-05-25,049,ARPT. DE LAS AMÉRICAS,SANTO DOMINGO,INDOMET,EMCI,31.8,22.2,0.0,https://indomet.gob.do/wp-content/uploads/2026/05/temperaturas-extremas-y-precipitaciones-2026x05x25-b.pdf
2026-05-25,050,ARPT. GREGORIO LUPERÓN,PUERTO PLATA,INDOMET,EMCI,31.0,23.0,0.0,https://indomet.gob.do/wp-content/uploads/2026/05/temperaturas-extremas-y-precipitaciones-2026x05x25-b.pdf
2026-05-25,051,ARPT. MARÍA MONTEZ,BARAHONA,INDOMET,EMCI,31.5,26.5,0.0,https://indomet.gob.do/wp-content/uploads/2026/05/temperaturas-extremas-y-precipitaciones-2026x05x25-b.pdf
2026-05-25,052,ARROYO LORO,SAN JUAN,IDIAF,EMCI,32.4,20.6,0.0,https://indomet.gob.do/wp-content/uploads/2026/05/temperaturas-extremas-y-precipitaciones-2026x05x25-b.pdf
2026-05-25,053,BOCA DE MAO (EMA),VALVERDE,MINISTERIO DE AGRICULTURA,EMAP,34.7,24.5,0.0,https://indomet.gob.do/wp-content/uploads/2026/05/temperaturas-extremas-y-precipitaciones-2026x05x25-b.pdf
2026-05-25,054,BOHECHÍO,SAN JUAN,MINISTERIO DE AGRICULTURA,EMCV,,,0.0,https://indomet.gob.do/wp-content/uploads/2026/05/temperaturas-extremas-y-precipitaciones-2026x05x25-b.pdf
2026-05-25,055,DAJABÓN,DAJABÓN,INSTITUTO POLITÉCNICO LOYOLA,EMCI,34.8,18.9,0.0,https://indomet.gob.do/wp-content/uploads/2026/05/temperaturas-extremas-y-precipitaciones-2026x05x25-b.pdf
2026-05-25,056,EL CERCADO,SAN JUAN,MINISTERIO DE AGRICULTURA,EMCV,,,0.0,https://indomet.gob.do/wp-content/uploads/2026/05/temperaturas-extremas-y-precipitaciones-2026x05x25-b.pdf
2026-05-25,057,ELÍAS PIÑA,ELÍAS PIÑA,MINISTERIO DE AGRICULTURA,EMCV,,,0.0,https://indomet.gob.do/wp-content/uploads/2026/05/temperaturas-extremas-y-precipitaciones-2026x05x25-b.pdf
2026-05-25,058,ENSANCHE LA FE (EMA),DISTRITO NACIONAL,PRIVADA,EMAP,,,0.0,https://indomet.gob.do/wp-content/uploads/2026/05/temperaturas-extremas-y-precipitaciones-2026x05x25-b.pdf
2026-05-25,059,ESCONDIDO,PERAVIA,MINISTERIO DE AGRICULTURA,EMCV,31.0,23.0,0.0,https://indomet.gob.do/wp-content/uploads/2026/05/temperaturas-extremas-y-precipitaciones-2026x05x25-b.pdf
2026-05-25,060,HONDO VALLE,ELÍAS PIÑA,MINISTERIO DE AGRICULTURA,EMCI,28.8,17.3,0.0,https://indomet.gob.do/wp-content/uploads/2026/05/temperaturas-extremas-y-precipitaciones-2026x05x25-b.pdf
2026-05-25,061,JARDÍN BOTÁNICO NACIONAL,DISTRITO NACIONAL,JARDÍN BOTÁNICO NACIONAL,EMCV,31.6,21.1,0.0,https://indomet.gob.do/wp-content/uploads/2026/05/temperaturas-extremas-y-precipitaciones-2026x05x25-b.pdf
2026-05-25,062,JARDÍN BOTÁNICO SANTIAGO (EMSANTIAGO,,JARDIN BOTANICO SANTIAGO,EMAI,,,0.0,https://indomet.gob.do/wp-content/uploads/2026/05/temperaturas-extremas-y-precipitaciones-2026x05x25-b.pdf
2026-05-25,063,JIMANÍ,INDEPENDENCIA,MINISTERIO DE AGRICULTURA,EMCI,35.2,25.8,0.0,https://indomet.gob.do/wp-content/uploads/2026/05/temperaturas-extremas-y-precipitaciones-2026x05x25-b.pdf
2026-05-25,064,LA AGUSTINA (EMA),DISTRITO NACIONAL,PRIVADA,EMAP,,,0.0,https://indomet.gob.do/wp-content/uploads/2026/05/temperaturas-extremas-y-precipitaciones-2026x05x25-b.pdf
2026-05-25,065,LA VEGA,LA VEGA,IATESA,EMCI,32.0,23.0,0.0,https://indomet.gob.do/wp-content/uploads/2026/05/temperaturas-extremas-y-precipitaciones-2026x05x25-b.pdf
2026-05-25,066,LOS JARDINES (EMA),DISTRITO NACIONAL,PRIVADA,EMAP,,,0.0,https://indomet.gob.do/wp-content/uploads/2026/05/temperaturas-extremas-y-precipitaciones-2026x05x25-b.pdf
2026-05-25,067,LOS LLANOS,SAN PEDRO DE MACORÍS,MINISTERIO DE AGRICULTURA,EMCI,33.2,23.8,0.0,https://indomet.gob.do/wp-content/uploads/2026/05/temperaturas-extremas-y-precipitaciones-2026x05x25-b.pdf
2026-05-25,068,LOS PRADOS (EMA),DISTRITO NACIONAL,PRIVADA,EMAP,,,0.0,https://indomet.gob.do/wp-content/uploads/2026/05/temperaturas-extremas-y-precipitaciones-2026x05x25-b.pdf
2026-05-25,069,LUPERÓN,PUERTO PLATA,MINISTERIO DE AGRICULTURA,EMCV,,,0.0,https://indomet.gob.do/wp-content/uploads/2026/05/temperaturas-extremas-y-precipitaciones-2026x05x25-b.pdf
2026-05-25,070,MAO,VALVERDE,INDRHI / MINISTERIO DE AGRICULTURA,EMCV,,,0.0,https://indomet.gob.do/wp-content/uploads/2026/05/temperaturas-extremas-y-precipitaciones-2026x05x25-b.pdf
2026-05-25,071,MONCIÓN (EMA),SANTIAGO RODRÍGUEZ,PROGRAMA MUNDIAL DE ALIMENTO,EMAP,31.6,21.3,0.0,https://indomet.gob.do/wp-content/uploads/2026/05/temperaturas-extremas-y-precipitaciones-2026x05x25-b.pdf
2026-05-25,072,MONTE CRISTI,MONTE CRISTI,INDOMET,EMCI,33.0,24.4,0.0,https://indomet.gob.do/wp-content/uploads/2026/05/temperaturas-extremas-y-precipitaciones-2026x05x25-b.pdf
2026-05-25,073,LOS COCOS (EMA),BAHORUCO,PRIVADA,EMAP,,,0.0,https://indomet.gob.do/wp-content/uploads/2026/05/temperaturas-extremas-y-precipitaciones-2026x05x25-b.pdf
2026-05-25,074,OLIVARES,PEDERNALES,INDRHI,EMCI,,,0.0,https://indomet.gob.do/wp-content/uploads/2026/05/temperaturas-extremas-y-precipitaciones-2026x05x25-b.pdf
2026-05-25,075,OVIEDO,PEDERNALES,CLÍNICA RURAL OVIEDO,EMCI,30.6,25.0,0.0,https://indomet.gob.do/wp-content/uploads/2026/05/temperaturas-extremas-y-precipitaciones-2026x05x25-b.pdf
2026-05-25,076,PADRE LAS CASAS,AZUA,HOSP. NTRA. SRA. DEL CARMEN,EMCI,32.0,19.2,0.0,https://indomet.gob.do/wp-content/uploads/2026/05/temperaturas-extremas-y-precipitaciones-2026x05x25-b.pdf
2026-05-25,077,PALO ÍNDIO,PUERTO PLATA,MINISTERIO DE AGRICULTURA,EMCI,,,0.0,https://indomet.gob.do/wp-content/uploads/2026/05/temperaturas-extremas-y-precipitaciones-2026x05x25-b.pdf
2026-05-25,078,PEDERNALES,PEDERNALES,INDRHI,EMCI,,,0.0,https://indomet.gob.do/wp-content/uploads/2026/05/temperaturas-extremas-y-precipitaciones-2026x05x25-b.pdf
2026-05-25,079,PERALTA,AZUA,HOSP. MPAL. DE PERALTA,EMCI,32.1,19.9,0.0,https://indomet.gob.do/wp-content/uploads/2026/05/temperaturas-extremas-y-precipitaciones-2026x05x25-b.pdf
2026-05-25,080,PESCADERIA (EMA),BARAHONA,MINISTERIO DE AGRICULTURA,EMAP,,,0.0,https://indomet.gob.do/wp-content/uploads/2026/05/temperaturas-extremas-y-precipitaciones-2026x05x25-b.pdf
2026-05-25,081,RESTAURACIÓN,DAJABÓN,MINISTERIO DE AGRICULTURA,EMCI,30.9,18.0,0.0,https://indomet.gob.do/wp-content/uploads/2026/05/temperaturas-extremas-y-precipitaciones-2026x05x25-b.pdf
2026-05-25,082,SABANA GRANDE DE BOYÁ,MONTE PLATA,MINISTERIO DE AGRICULTURA,EMCV,,,0.0,https://indomet.gob.do/wp-content/uploads/2026/05/temperaturas-extremas-y-precipitaciones-2026x05x25-b.pdf
2026-05-25,083,SABANETA (EMA),SANTIAGO RODRÍGUEZ,PROGRAMA MUNDIAL DE ALIMENTO,EMAP,34.8,22.3,0.0,https://indomet.gob.do/wp-content/uploads/2026/05/temperaturas-extremas-y-precipitaciones-2026x05x25-b.pdf
2026-05-25,084,SAJOMA (EMA),SANTIAGO,PLAN SIERRA,EMAI,30.0,20.9,0.0,https://indomet.gob.do/wp-content/uploads/2026/05/temperaturas-extremas-y-precipitaciones-2026x05x25-b.pdf
2026-05-25,085,SANTIAGO RODRÍGUEZ,SANTIAGO RODRÍGUEZ,INDOMET,EMCI,34.8,23.1,0.0,https://indomet.gob.do/wp-content/uploads/2026/05/temperaturas-extremas-y-precipitaciones-2026x05x25-b.pdf
2026-05-25,086,SANTO DOMINGO ESTE,SANTO DOMINGO,INDOMET,EMCI,32.0,23.8,0.0,https://indomet.gob.do/wp-content/uploads/2026/05/temperaturas-extremas-y-precipitaciones-2026x05x25-b.pdf
2026-05-25,087,TÁBARA ABAJO,AZUA,INDRHI,EMCI,30.5,20.0,0.0,https://indomet.gob.do/wp-content/uploads/2026/05/temperaturas-extremas-y-precipitaciones-2026x05x25-b.pdf
2026-05-25,088,VILLA ISABELA,PUERTO PLATA,MINISTERIO DE AGRICULTURA,EMCV,32.0,21.8,0.0,https://indomet.gob.do/wp-content/uploads/2026/05/temperaturas-extremas-y-precipitaciones-2026x05x25-b.pdf
2026-05-25,089,LAS CANAS (EMA),MONTE CRISTI,PROGRAMA MUNDIAL DE ALIMENTO,EMAP,29.1,23.3,0.0,https://indomet.gob.do/wp-content/uploads/2026/05/temperaturas-extremas-y-precipitaciones-2026x05x25-b.pdf
2026-05-26,001,RÍO SAN JUAN,MARÍA TRINIDAD SÁNCHEZ,HOSP. MPAL. DR. DESIDERIO ACOSTA,EMCV,30.4,23.5,68.6,https://indomet.gob.do/wp-content/uploads/2026/05/temperaturas-extremas-y-precipitaciones-2026x05x26-a.pdf
2026-05-26,002,ARPT. ARROYO BARRIL,SAMANÁ,INDOMET,EMCI,28.0,22.6,64.7,https://indomet.gob.do/wp-content/uploads/2026/05/temperaturas-extremas-y-precipitaciones-2026x05x26-a.pdf
2026-05-26,003,LAS GORDAS (EMA),MARÍA TRINIDAD SÁNCHEZ,PRIVADA,EMAP,,,56.9,https://indomet.gob.do/wp-content/uploads/2026/05/temperaturas-extremas-y-precipitaciones-2026x05x26-a.pdf
2026-05-26,004,SÁNCHEZ,SAMANÁ,MINISTERIO DE AGRICULTURA,EMCI,32.8,19.6,56.6,https://indomet.gob.do/wp-content/uploads/2026/05/temperaturas-extremas-y-precipitaciones-2026x05x26-a.pdf
2026-05-26,005,PLAYA BONITA (EMA),SAMANÁ,PRIVADA,EMAP,,,49.5,https://indomet.gob.do/wp-content/uploads/2026/05/temperaturas-extremas-y-precipitaciones-2026x05x26-a.pdf
2026-05-26,006,LOS JENGIBRES,NAGUA,INDRHI,EMCI,,,45.6,https://indomet.gob.do/wp-content/uploads/2026/05/temperaturas-extremas-y-precipitaciones-2026x05x26-a.pdf
2026-05-26,007,BARRAQUITO (EMA),DUARTE,PROGRAMA MUNDIAL DE ALIMENTO,EMAP,,,44.6,https://indomet.gob.do/wp-content/uploads/2026/05/temperaturas-extremas-y-precipitaciones-2026x05x26-a.pdf
2026-05-26,008,EL FACTOR (EMA),MARÍA TRINIDAD SÁNCHEZ,INTEC,EMAP,30.6,23.1,44.4,https://indomet.gob.do/wp-content/uploads/2026/05/temperaturas-extremas-y-precipitaciones-2026x05x26-a.pdf
2026-05-26,009,ARPT. LA ISABELA,SANTO DOMINGO,INDOMET,EMCI,30.5,22.0,42.7,https://indomet.gob.do/wp-content/uploads/2026/05/temperaturas-extremas-y-precipitaciones-2026x05x26-a.pdf
2026-05-26,010,ENSANCHE JULIETA (EMA),DISTRITO NACIONAL,PRIVADA,EMAP,,,39.1,https://indomet.gob.do/wp-content/uploads/2026/05/temperaturas-extremas-y-precipitaciones-2026x05x26-a.pdf
2026-05-26,011,JARDÍN BOTÁNICO NACIONAL,DISTRITO NACIONAL,JARDÍN BOTÁNICO NACIONAL,EMCV,31.1,20.6,37.4,https://indomet.gob.do/wp-content/uploads/2026/05/temperaturas-extremas-y-precipitaciones-2026x05x26-a.pdf
2026-05-26,012,VILLA MARINA (EMA),DISTRITO NACIONAL,PRIVADA,EMAP,,,32.5,https://indomet.gob.do/wp-content/uploads/2026/05/temperaturas-extremas-y-precipitaciones-2026x05x26-a.pdf
2026-05-26,013,SERRALLÉS (EMA),DISTRITO NACIONAL,PRIVADA,EMAP,,,30.7,https://indomet.gob.do/wp-content/uploads/2026/05/temperaturas-extremas-y-precipitaciones-2026x05x26-a.pdf
2026-05-26,014,LOS JARDINES (EMA),DISTRITO NACIONAL,PRIVADA,EMAP,,,30.2,https://indomet.gob.do/wp-content/uploads/2026/05/temperaturas-extremas-y-precipitaciones-2026x05x26-a.pdf
2026-05-26,015,POLO,BARAHONA,INDOCAFE,EMCI,27.0,18.0,29.1,https://indomet.gob.do/wp-content/uploads/2026/05/temperaturas-extremas-y-precipitaciones-2026x05x26-a.pdf
2026-05-26,016,LOS PRADOS (EMA),DISTRITO NACIONAL,PRIVADA,EMAP,,,27.2,https://indomet.gob.do/wp-content/uploads/2026/05/temperaturas-extremas-y-precipitaciones-2026x05x26-a.pdf
2026-05-26,017,LA AGUSTINA (EMA),DISTRITO NACIONAL,PRIVADA,EMAP,,,24.4,https://indomet.gob.do/wp-content/uploads/2026/05/temperaturas-extremas-y-precipitaciones-2026x05x26-a.pdf
2026-05-26,018,ENSANCHE LA FE (EMA),DISTRITO NACIONAL,PRIVADA,EMAP,,,24.3,https://indomet.gob.do/wp-content/uploads/2026/05/temperaturas-extremas-y-precipitaciones-2026x05x26-a.pdf
2026-05-26,019,ESCONDIDO,PERAVIA,MINISTERIO DE AGRICULTURA,EMCV,31.0,23.0,23.9,https://indomet.gob.do/wp-content/uploads/2026/05/temperaturas-extremas-y-precipitaciones-2026x05x26-a.pdf
2026-05-26,020,BANI (EMA),PERAVIA,MINISTERIO DE AGRICULTURA,EMAP,30.6,23.1,23.8,https://indomet.gob.do/wp-content/uploads/2026/05/temperaturas-extremas-y-precipitaciones-2026x05x26-a.pdf
2026-05-26,021,SABANA DE LA MAR,HATO MAYOR,INDOMET,EMCI,28.8,22.6,21.2,https://indomet.gob.do/wp-content/uploads/2026/05/temperaturas-extremas-y-precipitaciones-2026x05x26-a.pdf
2026-05-26,022,LA VICTORIA,SANTO DOMINGO,CUERPO DE BOMBEROS,EMCI,30.3,22.7,20.4,https://indomet.gob.do/wp-content/uploads/2026/05/temperaturas-extremas-y-precipitaciones-2026x05x26-a.pdf
2026-05-26,023,GASPAR HERNÁNDEZ,ESPAILLAT,PROPIEDAD DEL EMPLEADO,EMCI,,,20.2,https://indomet.gob.do/wp-content/uploads/2026/05/temperaturas-extremas-y-precipitaciones-2026x05x26-a.pdf
2026-05-26,024,CABRERA,MARÍA TRINIDAD SÁNCHEZ,ESCUELA ARÍSTIDES FIALLO CABRAL,EMCI,30.0,25.2,19.7,https://indomet.gob.do/wp-content/uploads/2026/05/temperaturas-extremas-y-precipitaciones-2026x05x26-a.pdf
2026-05-26,025,BAYAGUANA,MONTE PLATA,INDOMET,EMCI,32.0,23.2,19.5,https://indomet.gob.do/wp-content/uploads/2026/05/temperaturas-extremas-y-precipitaciones-2026x05x26-a.pdf
2026-05-26,026,SABANA GRANDE DE BOYÁ,MONTE PLATA,MINISTERIO DE AGRICULTURA,EMCV,,,18.3,https://indomet.gob.do/wp-content/uploads/2026/05/temperaturas-extremas-y-precipitaciones-2026x05x26-a.pdf
2026-05-26,027,SAMANÁ,SAMANÁ,COMANDANCIA DE PUERTO DE SAMANÁ,EMCI,31.4,17.5,17.8,https://indomet.gob.do/wp-content/uploads/2026/05/temperaturas-extremas-y-precipitaciones-2026x05x26-a.pdf
2026-05-26,028,BOHECHÍO,SAN JUAN,MINISTERIO DE AGRICULTURA,EMCV,,,17.1,https://indomet.gob.do/wp-content/uploads/2026/05/temperaturas-extremas-y-precipitaciones-2026x05x26-a.pdf
2026-05-26,029,BUCARA (EMA),SANTIAGO,MINISTERIO DE AGRICULTURA,EMAI,,,16.8,https://indomet.gob.do/wp-content/uploads/2026/05/temperaturas-extremas-y-precipitaciones-2026x05x26-a.pdf
2026-05-26,030,PONTÓN ABAJO (EMA),LA VEGA,MINISTERIO DE AGRICULTURA,EMAP,31.8,23.8,13.4,https://indomet.gob.do/wp-content/uploads/2026/05/temperaturas-extremas-y-precipitaciones-2026x05x26-a.pdf
2026-05-26,031,CENTRO DE LOS HEROES (EMA),DISTRITO NACIONAL,MINISTERIO DE ENERGIA Y MINA,EMAP,29.6,25.3,13.2,https://indomet.gob.do/wp-content/uploads/2026/05/temperaturas-extremas-y-precipitaciones-2026x05x26-a.pdf
2026-05-26,032,LOS CACICAZGOS (EMA),DISTRITO NACIONAL,PRIVADA,EMAP,,,12.9,https://indomet.gob.do/wp-content/uploads/2026/05/temperaturas-extremas-y-precipitaciones-2026x05x26-a.pdf
2026-05-26,033,ARPT. DE PUNTA CANA,LA ALTAGRACIA,INDOMET,EMCI,30.0,23.6,12.2,https://indomet.gob.do/wp-content/uploads/2026/05/temperaturas-extremas-y-precipitaciones-2026x05x26-a.pdf
2026-05-26,034,EL MILLON (EMA),DISTRITO NACIONAL,PRIVADA,EMAP,,,12.2,https://indomet.gob.do/wp-content/uploads/2026/05/temperaturas-extremas-y-precipitaciones-2026x05x26-a.pdf
2026-05-26,035,RANCHO ARRIBA,SAN JOSÉ DE OCOA,CENTRO TECNOLÓGICO COMUNITARIO,EMCI,27.1,19.9,10.7,https://indomet.gob.do/wp-content/uploads/2026/05/temperaturas-extremas-y-precipitaciones-2026x05x26-a.pdf
2026-05-26,036,SANTO DOMINGO ESTE,SANTO DOMINGO,INDOMET,EMCI,32.5,24.5,9.2,https://indomet.gob.do/wp-content/uploads/2026/05/temperaturas-extremas-y-precipitaciones-2026x05x26-a.pdf
2026-05-26,037,SALCEDO,HERMANAS MIRABAL,PROPIEDAD DEL EMPLEADO,EMCI,,,9.0,https://indomet.gob.do/wp-content/uploads/2026/05/temperaturas-extremas-y-precipitaciones-2026x05x26-a.pdf
2026-05-26,038,HATO MAYOR,HATO MAYOR,MINISTERIO DE AGRICULTURA,EMCV,,,8.1,https://indomet.gob.do/wp-content/uploads/2026/05/temperaturas-extremas-y-precipitaciones-2026x05x26-a.pdf
2026-05-26,039,VILLA RIVA,DUARTE,HOSP. MPAL. ALICIA DE LEGENDRE,EMCI,28.0,22.2,7.6,https://indomet.gob.do/wp-content/uploads/2026/05/temperaturas-extremas-y-precipitaciones-2026x05x26-a.pdf
2026-05-26,040,MICHES (EMA),EL SEIBO,PRIVADA,EMAP,29.1,23.8,6.8,https://indomet.gob.do/wp-content/uploads/2026/05/temperaturas-extremas-y-precipitaciones-2026x05x26-a.pdf
2026-05-26,041,ENRIQUILLO,BARAHONA,MINISTERIO DE AGRICULTURA,EMCV,30.8,22.5,6.6,https://indomet.gob.do/wp-content/uploads/2026/05/temperaturas-extremas-y-precipitaciones-2026x05x26-a.pdf
2026-05-26,042,BELLA VISTA (EMA),DISTRITO NACIONAL,PRIVADA,EMAP,,,6.4,https://indomet.gob.do/wp-content/uploads/2026/05/temperaturas-extremas-y-precipitaciones-2026x05x26-a.pdf
2026-05-26,043,EL CERCADO,SAN JUAN,MINISTERIO DE AGRICULTURA,EMCV,,,6.4,https://indomet.gob.do/wp-content/uploads/2026/05/temperaturas-extremas-y-precipitaciones-2026x05x26-a.pdf
2026-05-26,044,EL SEIBO,EL SEIBO,MINISTERIO DE AGRICULTURA,EMCV,,,6.4,https://indomet.gob.do/wp-content/uploads/2026/05/temperaturas-extremas-y-precipitaciones-2026x05x26-a.pdf
2026-05-26,045,PARQUE MIRADOR SUR,DISTRITO NACIONAL,AYUNTAMIENTO,EMCV,33.0,22.2,6.0,https://indomet.gob.do/wp-content/uploads/2026/05/temperaturas-extremas-y-precipitaciones-2026x05x26-a.pdf
2026-05-26,046,PROLONGACION 27 DE FEBRERO,DISTRITO NACIONAL,PRIVADA,EMAP,,,5.6,https://indomet.gob.do/wp-content/uploads/2026/05/temperaturas-extremas-y-precipitaciones-2026x05x26-a.pdf
2026-05-26,047,SAN RAFAEL DEL YUMA,LA ALTAGRACIA,MINISTERIO DE AGRICULTURA,EMCI,30.2,22.9,5.4,https://indomet.gob.do/wp-content/uploads/2026/05/temperaturas-extremas-y-precipitaciones-2026x05x26-a.pdf
2026-05-26,048,ARPT. GREGORIO LUPERÓN,PUERTO PLATA,INDOMET,EMCI,29.8,23.2,5.2,https://indomet.gob.do/wp-content/uploads/2026/05/temperaturas-extremas-y-precipitaciones-2026x05x26-a.pdf
2026-05-26,049,VILLA ALTAGRACIA,SAN CRISTÓBAL,ESCUELA JAVIER ANGULO GURIDI,EMCI,,,5.2,https://indomet.gob.do/wp-content/uploads/2026/05/temperaturas-extremas-y-precipitaciones-2026x05x26-a.pdf
2026-05-26,050,SAN CRISTÓBAL,SAN CRISTÓBAL,INSTITUTO POLITÉCNICO LOYOLA,EMCI,30.0,22.0,4.8,https://indomet.gob.do/wp-content/uploads/2026/05/temperaturas-extremas-y-precipitaciones-2026x05x26-a.pdf
2026-05-26,051,GURABO,SANTIAGO,MINISTERIO DE AGRICULTURA,EMCV,,,4.3,https://indomet.gob.do/wp-content/uploads/2026/05/temperaturas-extremas-y-precipitaciones-2026x05x26-a.pdf
2026-05-26,052,SAN FRANCISCO DE MACORÍS,DUARTE,San Francisco de Macorís (UASD),EMCI,31.9,23.2,4.2,https://indomet.gob.do/wp-content/uploads/2026/05/temperaturas-extremas-y-precipitaciones-2026x05x26-a.pdf
2026-05-26,053,BONAO,MONSEÑOR NOUEL,MINISTERIO DE AGRICULTURA,EMCV,,,4.1,https://indomet.gob.do/wp-content/uploads/2026/05/temperaturas-extremas-y-precipitaciones-2026x05x26-a.pdf
2026-05-26,054,TAMBORIL,SANTIAGO,MINISTERIO DE AGRICULTURA,EMCV,,,3.8,https://indomet.gob.do/wp-content/uploads/2026/05/temperaturas-extremas-y-precipitaciones-2026x05x26-a.pdf
2026-05-26,055,LA VEGA,LA VEGA,IATESA,EMCI,31.5,23.0,3.8,https://indomet.gob.do/wp-content/uploads/2026/05/temperaturas-extremas-y-precipitaciones-2026x05x26-a.pdf
2026-05-26,056,LOS COCOS (EMA),BAHORUCO,PRIVADA,EMAP,,,3.4,https://indomet.gob.do/wp-content/uploads/2026/05/temperaturas-extremas-y-precipitaciones-2026x05x26-a.pdf
2026-05-26,057,LOS LLANOS,SAN PEDRO DE MACORÍS,MINISTERIO DE AGRICULTURA,EMCI,32.8,22.0,2.8,https://indomet.gob.do/wp-content/uploads/2026/05/temperaturas-extremas-y-precipitaciones-2026x05x26-a.pdf
2026-05-26,058,ARPT. DE LA ROMANA,LA ROMANA,INDOMET,EMCI,30.5,22.2,2.7,https://indomet.gob.do/wp-content/uploads/2026/05/temperaturas-extremas-y-precipitaciones-2026x05x26-a.pdf
2026-05-26,059,PRESA DE TAVERAS (EMA),LA VEGA,PROGRAMA MUNDIAL DE ALIMENTO,EMAP,28.5,21.8,2.6,https://indomet.gob.do/wp-content/uploads/2026/05/temperaturas-extremas-y-precipitaciones-2026x05x26-a.pdf
2026-05-26,060,ANAMUYA (EMA),LA ALTAGRACIA,MINISTERIO DE AGRICULTURA,EMAP,29.9,23.9,2.4,https://indomet.gob.do/wp-content/uploads/2026/05/temperaturas-extremas-y-precipitaciones-2026x05x26-a.pdf
2026-05-26,061,TAVERA,SANTIAGO,INDRHI,EMCI,,,2.4,https://indomet.gob.do/wp-content/uploads/2026/05/temperaturas-extremas-y-precipitaciones-2026x05x26-a.pdf
2026-05-26,062,JUMA BEJUCAL,MONSEÑOR NOUEL,IDIAF,EMCV,30.8,24.6,2.2,https://indomet.gob.do/wp-content/uploads/2026/05/temperaturas-extremas-y-precipitaciones-2026x05x26-a.pdf
2026-05-26,063,JARABACOA (EMA),LA VEGA,PROGRAMA MUNDIAL DE ALIMENTO,EMAP,28.8,20.2,1.8,https://indomet.gob.do/wp-content/uploads/2026/05/temperaturas-extremas-y-precipitaciones-2026x05x26-a.pdf
2026-05-26,064,OVIEDO,PEDERNALES,CLÍNICA RURAL OVIEDO,EMCI,31.0,25.0,1.8,https://indomet.gob.do/wp-content/uploads/2026/05/temperaturas-extremas-y-precipitaciones-2026x05x26-a.pdf
2026-05-26,065,PADRE LAS CASAS,AZUA,HOSP. NTRA. SRA. DEL CARMEN,EMCI,32.0,18.5,1.8,https://indomet.gob.do/wp-content/uploads/2026/05/temperaturas-extremas-y-precipitaciones-2026x05x26-a.pdf
2026-05-26,066,SANTIAGO (CENTRO),SANTIAGO,HUACALITO,EMCI,,,1.8,https://indomet.gob.do/wp-content/uploads/2026/05/temperaturas-extremas-y-precipitaciones-2026x05x26-a.pdf
2026-05-26,067,JARABACOA,LA VEGA,INDRHI / MARENA,EMCI,29.8,18.0,1.6,https://indomet.gob.do/wp-content/uploads/2026/05/temperaturas-extremas-y-precipitaciones-2026x05x26-a.pdf
2026-05-26,068,PALO ÍNDIO,PUERTO PLATA,MINISTERIO DE AGRICULTURA,EMCI,,,1.5,https://indomet.gob.do/wp-content/uploads/2026/05/temperaturas-extremas-y-precipitaciones-2026x05x26-a.pdf
2026-05-26,069,ARPT. DE LAS AMÉRICAS,SANTO DOMINGO,INDOMET,EMCI,31.0,22.8,1.2,https://indomet.gob.do/wp-content/uploads/2026/05/temperaturas-extremas-y-precipitaciones-2026x05x26-a.pdf
2026-05-26,070,ALTAMIRA,PUERTO PLATA,HOSP. MPAL. DE ALTAMIRA,EMCI,31.1,21.6,1.0,https://indomet.gob.do/wp-content/uploads/2026/05/temperaturas-extremas-y-precipitaciones-2026x05x26-a.pdf
2026-05-26,071,VILLA VASQUEZ (EMA),MONTE CRISTI,JUNTA DE REGANTES,EMAI,,,0.8,https://indomet.gob.do/wp-content/uploads/2026/05/temperaturas-extremas-y-precipitaciones-2026x05x26-a.pdf
2026-05-26,072,ARPT. DEL CIBAO,SANTIAGO,INDOMET,EMCI,32.4,17.8,0.7,https://indomet.gob.do/wp-content/uploads/2026/05/temperaturas-extremas-y-precipitaciones-2026x05x26-a.pdf
2026-05-26,073,JIMANÍ,INDEPENDENCIA,MINISTERIO DE AGRICULTURA,EMCI,34.5,25.5,0.7,https://indomet.gob.do/wp-content/uploads/2026/05/temperaturas-extremas-y-precipitaciones-2026x05x26-a.pdf
2026-05-26,074,ALTO BANDERA (EMA),LA VEGA,INTEC,EMAP,16.1,8.8,0.5,https://indomet.gob.do/wp-content/uploads/2026/05/temperaturas-extremas-y-precipitaciones-2026x05x26-a.pdf
2026-05-26,075,CONSTANZA (EMA),LA VEGA,PROGRAMA MUNDIAL DE ALIMENTO,EMAP,24.9,16.1,0.4,https://indomet.gob.do/wp-content/uploads/2026/05/temperaturas-extremas-y-precipitaciones-2026x05x26-a.pdf
2026-05-26,076,SAN JOSÉ DE OCOA,SAN JOSÉ DE OCOA,HOSP. SAN JOSÉ DE OCOA,EMCI,30.4,21.6,0.4,https://indomet.gob.do/wp-content/uploads/2026/05/temperaturas-extremas-y-precipitaciones-2026x05x26-a.pdf
2026-05-26,077,ARPT. MARÍA MONTEZ,BARAHONA,INDOMET,EMCI,32.0,26.5,0.2,https://indomet.gob.do/wp-content/uploads/2026/05/temperaturas-extremas-y-precipitaciones-2026x05x26-a.pdf
2026-05-26,078,CABRAL,BARAHONA,MINISTERIO DE AGRICULTURA,EMCV,31.5,25.3,0.2,https://indomet.gob.do/wp-content/uploads/2026/05/temperaturas-extremas-y-precipitaciones-2026x05x26-a.pdf
2026-05-26,079,JANICO (EMA),LA VEGA,PLAN SIERRA,EMAI,,,0.2,https://indomet.gob.do/wp-content/uploads/2026/05/temperaturas-extremas-y-precipitaciones-2026x05x26-a.pdf
2026-05-26,080,ARROYO LORO,SAN JUAN,IDIAF,EMCI,31.9,20.0,0.1,https://indomet.gob.do/wp-content/uploads/2026/05/temperaturas-extremas-y-precipitaciones-2026x05x26-a.pdf
2026-05-26,081,DAJABÓN,DAJABÓN,INSTITUTO POLITÉCNICO LOYOLA,EMCI,34.4,19.0,0.1,https://indomet.gob.do/wp-content/uploads/2026/05/temperaturas-extremas-y-precipitaciones-2026x05x26-a.pdf
2026-05-26,082,ELÍAS PIÑA,ELÍAS PIÑA,MINISTERIO DE AGRICULTURA,EMCV,,,0.1,https://indomet.gob.do/wp-content/uploads/2026/05/temperaturas-extremas-y-precipitaciones-2026x05x26-a.pdf
2026-05-26,083,BOCA DE MAO (EMA),VALVERDE,MINISTERIO DE AGRICULTURA,EMAP,35.2,24.2,0.0,https://indomet.gob.do/wp-content/uploads/2026/05/temperaturas-extremas-y-precipitaciones-2026x05x26-a.pdf
2026-05-26,084,CONSTANZA,LA VEGA,MINISTERIO DE AGRICULTURA,EMCI,26.0,14.5,0.0,https://indomet.gob.do/wp-content/uploads/2026/05/temperaturas-extremas-y-precipitaciones-2026x05x26-a.pdf
2026-05-26,085,HONDO VALLE,ELÍAS PIÑA,MINISTERIO DE AGRICULTURA,EMCI,29.4,17.7,0.0,https://indomet.gob.do/wp-content/uploads/2026/05/temperaturas-extremas-y-precipitaciones-2026x05x26-a.pdf
2026-05-26,086,JARDÍN BOTÁNICO SANTIAGO (EMSANTIAGO,,JARDIN BOTANICO SANTIAGO,EMAI,,,0.0,https://indomet.gob.do/wp-content/uploads/2026/05/temperaturas-extremas-y-precipitaciones-2026x05x26-a.pdf
2026-05-26,087,LAS CANAS (EMA),MONTE CRISTI,PROGRAMA MUNDIAL DE ALIMENTO,EMAP,29.4,23.9,0.0,https://indomet.gob.do/wp-content/uploads/2026/05/temperaturas-extremas-y-precipitaciones-2026x05x26-a.pdf
2026-05-26,088,LUPERÓN,PUERTO PLATA,MINISTERIO DE AGRICULTURA,EMCV,,,0.0,https://indomet.gob.do/wp-content/uploads/2026/05/temperaturas-extremas-y-precipitaciones-2026x05x26-a.pdf
2026-05-26,089,MAO,VALVERDE,INDRHI / MINISTERIO DE AGRICULTURA,EMCV,,,0.0,https://indomet.gob.do/wp-content/uploads/2026/05/temperaturas-extremas-y-precipitaciones-2026x05x26-a.pdf
2026-05-26,090,MONCIÓN (EMA),SANTIAGO RODRÍGUEZ,PROGRAMA MUNDIAL DE ALIMENTO,EMAP,31.6,19.5,0.0,https://indomet.gob.do/wp-content/uploads/2026/05/temperaturas-extremas-y-precipitaciones-2026x05x26-a.pdf
2026-05-26,091,MONTE CRISTI,MONTE CRISTI,INDOMET,EMCI,33.4,23.5,0.0,https://indomet.gob.do/wp-content/uploads/2026/05/temperaturas-extremas-y-precipitaciones-2026x05x26-a.pdf
2026-05-26,092,NAVARRETE,SANTIAGO,MINISTERIO DE AGRICULTURA,EMCV,,,0.0,https://indomet.gob.do/wp-content/uploads/2026/05/temperaturas-extremas-y-precipitaciones-2026x05x26-a.pdf
2026-05-26,093,OLIVARES,PEDERNALES,INDRHI,EMCI,,,0.0,https://indomet.gob.do/wp-content/uploads/2026/05/temperaturas-extremas-y-precipitaciones-2026x05x26-a.pdf
2026-05-26,094,PASO AL MEDIO,SAN PEDRO DE MACORÍS,INDRHI,EMCI,,,0.0,https://indomet.gob.do/wp-content/uploads/2026/05/temperaturas-extremas-y-precipitaciones-2026x05x26-a.pdf
2026-05-26,095,PEDERNALES,PEDERNALES,INDRHI,EMCI,,,0.0,https://indomet.gob.do/wp-content/uploads/2026/05/temperaturas-extremas-y-precipitaciones-2026x05x26-a.pdf
2026-05-26,096,PERALTA,AZUA,HOSP. MPAL. DE PERALTA,EMCI,33.5,19.0,0.0,https://indomet.gob.do/wp-content/uploads/2026/05/temperaturas-extremas-y-precipitaciones-2026x05x26-a.pdf
2026-05-26,097,RESTAURACIÓN,DAJABÓN,MINISTERIO DE AGRICULTURA,EMCI,31.3,18.6,0.0,https://indomet.gob.do/wp-content/uploads/2026/05/temperaturas-extremas-y-precipitaciones-2026x05x26-a.pdf
2026-05-26,098,SABANETA (EMA),SANTIAGO RODRÍGUEZ,PROGRAMA MUNDIAL DE ALIMENTO,EMAP,35.3,21.6,0.0,https://indomet.gob.do/wp-content/uploads/2026/05/temperaturas-extremas-y-precipitaciones-2026x05x26-a.pdf
2026-05-26,099,SAJOMA (EMA),SANTIAGO,PLAN SIERRA,EMAI,29.4,21.1,0.0,https://indomet.gob.do/wp-content/uploads/2026/05/temperaturas-extremas-y-precipitaciones-2026x05x26-a.pdf
2026-05-26,100,SANTIAGO RODRÍGUEZ,SANTIAGO RODRÍGUEZ,INDOMET,EMCI,35.2,22.5,0.0,https://indomet.gob.do/wp-content/uploads/2026/05/temperaturas-extremas-y-precipitaciones-2026x05x26-a.pdf
2026-05-26,101,TÁBARA ABAJO,AZUA,INDRHI,EMCI,32.0,19.5,0.0,https://indomet.gob.do/wp-content/uploads/2026/05/temperaturas-extremas-y-precipitaciones-2026x05x26-a.pdf
2026-05-26,102,VILLA GONZALES,SANTIAGO,MINISTERIO DE AGRICULTURA,EMCI,,,0.0,https://indomet.gob.do/wp-content/uploads/2026/05/temperaturas-extremas-y-precipitaciones-2026x05x26-a.pdf
2026-05-26,103,VILLA ISABELA,PUERTO PLATA,MINISTERIO DE AGRICULTURA,EMCV,31.8,21.0,0.0,https://indomet.gob.do/wp-content/uploads/2026/05/temperaturas-extremas-y-precipitaciones-2026x05x26-a.pdf
2026-05-27,001,SAMANÁ,SAMANÁ,COMANDANCIA DE PUERTO DE SAMANÁ,EMCI,31.7,18.4,50.4,https://indomet.gob.do/wp-content/uploads/2026/05/temperaturas-extremas-y-precipitaciones-2026x05x27-a.pdf
2026-05-27,002,SÁNCHEZ,SAMANÁ,MINISTERIO DE AGRICULTURA,EMCI,31.4,19.1,39.8,https://indomet.gob.do/wp-content/uploads/2026/05/temperaturas-extremas-y-precipitaciones-2026x05x27-a.pdf
2026-05-27,003,BAYAGUANA,MONTE PLATA,INDOMET,EMCI,32.4,22.0,37.7,https://indomet.gob.do/wp-content/uploads/2026/05/temperaturas-extremas-y-precipitaciones-2026x05x27-a.pdf
2026-05-27,004,LOS LLANOS,SAN PEDRO DE MACORÍS,MINISTERIO DE AGRICULTURA,EMCI,32.3,21.7,32.2,https://indomet.gob.do/wp-content/uploads/2026/05/temperaturas-extremas-y-precipitaciones-2026x05x27-a.pdf
2026-05-27,005,ELÍAS PIÑA,ELÍAS PIÑA,MINISTERIO DE AGRICULTURA,EMCV,,,29.4,https://indomet.gob.do/wp-content/uploads/2026/05/temperaturas-extremas-y-precipitaciones-2026x05x27-a.pdf
2026-05-27,006,BOHECHÍO,SAN JUAN,MINISTERIO DE AGRICULTURA,EMCV,,,29.2,https://indomet.gob.do/wp-content/uploads/2026/05/temperaturas-extremas-y-precipitaciones-2026x05x27-a.pdf
2026-05-27,007,RÍO SAN JUAN,MARÍA TRINIDAD SÁNCHEZ,HOSP. MPAL. DR. DESIDERIO ACOSTA,EMCV,30.0,23.8,28.2,https://indomet.gob.do/wp-content/uploads/2026/05/temperaturas-extremas-y-precipitaciones-2026x05x27-a.pdf
2026-05-27,008,SABANA DE LA MAR,HATO MAYOR,INDOMET,EMCI,28.8,22.6,21.2,https://indomet.gob.do/wp-content/uploads/2026/05/temperaturas-extremas-y-precipitaciones-2026x05x27-a.pdf
2026-05-27,009,MICHES (EMA),EL SEIBO,PRIVADA,EMAP,30.0,23.9,18.2,https://indomet.gob.do/wp-content/uploads/2026/05/temperaturas-extremas-y-precipitaciones-2026x05x27-a.pdf
2026-05-27,010,GASPAR HERNÁNDEZ,ESPAILLAT,PROPIEDAD DEL EMPLEADO,EMCI,,,16.4,https://indomet.gob.do/wp-content/uploads/2026/05/temperaturas-extremas-y-precipitaciones-2026x05x27-a.pdf
2026-05-27,011,LA VICTORIA,SANTO DOMINGO,CUERPO DE BOMBEROS,EMCI,31.5,22.5,11.0,https://indomet.gob.do/wp-content/uploads/2026/05/temperaturas-extremas-y-precipitaciones-2026x05x27-a.pdf
2026-05-27,012,BONAO,MONSEÑOR NOUEL,MINISTERIO DE AGRICULTURA,EMCV,,,10.2,https://indomet.gob.do/wp-content/uploads/2026/05/temperaturas-extremas-y-precipitaciones-2026x05x27-a.pdf
2026-05-27,013,PARQUE MIRADOR NORTE,SANTO DOMINGO,AYUNTAMIENTO,EMCV,,,9.7,https://indomet.gob.do/wp-content/uploads/2026/05/temperaturas-extremas-y-precipitaciones-2026x05x27-a.pdf
2026-05-27,014,ARPT. ARROYO BARRIL,SAMANÁ,INDOMET,EMCI,30.0,21.6,9.6,https://indomet.gob.do/wp-content/uploads/2026/05/temperaturas-extremas-y-precipitaciones-2026x05x27-a.pdf
2026-05-27,015,SALCEDO,HERMANAS MIRABAL,PROPIEDAD DEL EMPLEADO,EMCI,,,7.5,https://indomet.gob.do/wp-content/uploads/2026/05/temperaturas-extremas-y-precipitaciones-2026x05x27-a.pdf
2026-05-27,016,ARPT. DEL CIBAO,SANTIAGO,INDOMET,EMCI,33.0,22.9,6.9,https://indomet.gob.do/wp-content/uploads/2026/05/temperaturas-extremas-y-precipitaciones-2026x05x27-a.pdf
2026-05-27,017,POLO,BARAHONA,INDOCAFE,EMCI,26.0,16.3,5.8,https://indomet.gob.do/wp-content/uploads/2026/05/temperaturas-extremas-y-precipitaciones-2026x05x27-a.pdf
2026-05-27,018,SAN FRANCISCO DE MACORÍS,DUARTE,San Francisco de Macorís (UASD),EMCI,31.1,22.6,5.8,https://indomet.gob.do/wp-content/uploads/2026/05/temperaturas-extremas-y-precipitaciones-2026x05x27-a.pdf
2026-05-27,019,BARRAQUITO (EMA),DUARTE,PROGRAMA MUNDIAL DE ALIMENTO,EMAP,,,4.8,https://indomet.gob.do/wp-content/uploads/2026/05/temperaturas-extremas-y-precipitaciones-2026x05x27-a.pdf
2026-05-27,020,ARPT. EL CATEY,SAMANÁ,INDOMET,EMCI,28.4,21.0,4.7,https://indomet.gob.do/wp-content/uploads/2026/05/temperaturas-extremas-y-precipitaciones-2026x05x27-a.pdf
2026-05-27,021,ALTO BANDERA (EMA),LA VEGA,INTEC,EMAP,16.6,9.5,4.6,https://indomet.gob.do/wp-content/uploads/2026/05/temperaturas-extremas-y-precipitaciones-2026x05x27-a.pdf
2026-05-27,022,PRESA DE TAVERAS (EMA),LA VEGA,PROGRAMA MUNDIAL DE ALIMENTO,EMAP,,,4.4,https://indomet.gob.do/wp-content/uploads/2026/05/temperaturas-extremas-y-precipitaciones-2026x05x27-a.pdf
2026-05-27,023,SABANA GRANDE DE BOYÁ,MONTE PLATA,MINISTERIO DE AGRICULTURA,EMCV,,,3.8,https://indomet.gob.do/wp-content/uploads/2026/05/temperaturas-extremas-y-precipitaciones-2026x05x27-a.pdf
2026-05-27,024,HONDO VALLE,ELÍAS PIÑA,MINISTERIO DE AGRICULTURA,EMCI,28.8,17.5,3.7,https://indomet.gob.do/wp-content/uploads/2026/05/temperaturas-extremas-y-precipitaciones-2026x05x27-a.pdf
2026-05-27,025,ENRIQUILLO,BARAHONA,MINISTERIO DE AGRICULTURA,EMCV,30.5,22.8,3.6,https://indomet.gob.do/wp-content/uploads/2026/05/temperaturas-extremas-y-precipitaciones-2026x05x27-a.pdf
2026-05-27,026,TAVERA,SANTIAGO,INDRHI,EMCI,,,3.6,https://indomet.gob.do/wp-content/uploads/2026/05/temperaturas-extremas-y-precipitaciones-2026x05x27-a.pdf
2026-05-27,027,LA VEGA,LA VEGA,IATESA,EMCI,31.5,22.0,3.3,https://indomet.gob.do/wp-content/uploads/2026/05/temperaturas-extremas-y-precipitaciones-2026x05x27-a.pdf
2026-05-27,028,LOS JENGIBRES,NAGUA,INDRHI,EMCI,,,3.1,https://indomet.gob.do/wp-content/uploads/2026/05/temperaturas-extremas-y-precipitaciones-2026x05x27-a.pdf
2026-05-27,029,VILLA RIVA,DUARTE,HOSP. MPAL. ALICIA DE LEGENDRE,EMCI,29.4,21.5,2.5,https://indomet.gob.do/wp-content/uploads/2026/05/temperaturas-extremas-y-precipitaciones-2026x05x27-a.pdf
2026-05-27,030,PONTÓN ABAJO (EMA),LA VEGA,MINISTERIO DE AGRICULTURA,EMAP,,,2.4,https://indomet.gob.do/wp-content/uploads/2026/05/temperaturas-extremas-y-precipitaciones-2026x05x27-a.pdf
2026-05-27,031,BASE AÉREA DE SAN ISIDRO,SANTO DOMINGO,FUERZA AÉREA DOMINICANA,EMCV,31.2,2.4,2.3,https://indomet.gob.do/wp-content/uploads/2026/05/temperaturas-extremas-y-precipitaciones-2026x05x27-a.pdf
2026-05-27,032,ARPT. LA ISABELA,SANTO DOMINGO,INDOMET,EMCI,31.6,20.8,2.0,https://indomet.gob.do/wp-content/uploads/2026/05/temperaturas-extremas-y-precipitaciones-2026x05x27-a.pdf
2026-05-27,033,PADRE LAS CASAS,AZUA,HOSP. NTRA. SRA. DEL CARMEN,EMCI,32.2,19.5,1.9,https://indomet.gob.do/wp-content/uploads/2026/05/temperaturas-extremas-y-precipitaciones-2026x05x27-a.pdf
2026-05-27,034,JARABACOA,LA VEGA,INDRHI / MARENA,EMCI,31.8,16.6,1.8,https://indomet.gob.do/wp-content/uploads/2026/05/temperaturas-extremas-y-precipitaciones-2026x05x27-a.pdf
2026-05-27,035,JARABACOA (EMA),LA VEGA,PROGRAMA MUNDIAL DE ALIMENTO,EMAP,30.8,18.9,1.8,https://indomet.gob.do/wp-content/uploads/2026/05/temperaturas-extremas-y-precipitaciones-2026x05x27-a.pdf
2026-05-27,036,ARROYO LORO,SAN JUAN,IDIAF,EMCI,32.2,20.5,1.2,https://indomet.gob.do/wp-content/uploads/2026/05/temperaturas-extremas-y-precipitaciones-2026x05x27-a.pdf
2026-05-27,037,SANTIAGO (CENTRO),SANTIAGO,HUACALITO,EMCI,,,1.0,https://indomet.gob.do/wp-content/uploads/2026/05/temperaturas-extremas-y-precipitaciones-2026x05x27-a.pdf
2026-05-27,038,DAJABÓN,DAJABÓN,INSTITUTO POLITÉCNICO LOYOLA,EMCI,34.9,22.0,0.9,https://indomet.gob.do/wp-content/uploads/2026/05/temperaturas-extremas-y-precipitaciones-2026x05x27-a.pdf
2026-05-27,039,ANAMUYA (EMA),LA ALTAGRACIA,MINISTERIO DE AGRICULTURA,EMAP,,,0.8,https://indomet.gob.do/wp-content/uploads/2026/05/temperaturas-extremas-y-precipitaciones-2026x05x27-a.pdf
2026-05-27,040,CONSTANZA,LA VEGA,MINISTERIO DE AGRICULTURA,EMCI,30.5,22.8,0.8,https://indomet.gob.do/wp-content/uploads/2026/05/temperaturas-extremas-y-precipitaciones-2026x05x27-a.pdf
2026-05-27,041,CONSTANZA (EMA),LA VEGA,PROGRAMA MUNDIAL DE ALIMENTO,EMAP,26.7,14.9,0.6,https://indomet.gob.do/wp-content/uploads/2026/05/temperaturas-extremas-y-precipitaciones-2026x05x27-a.pdf
2026-05-27,042,JUMA BEJUCAL,MONSEÑOR NOUEL,IDIAF,EMCV,31.6,22.4,0.6,https://indomet.gob.do/wp-content/uploads/2026/05/temperaturas-extremas-y-precipitaciones-2026x05x27-a.pdf
2026-05-27,043,TAMBORIL,SANTIAGO,MINISTERIO DE AGRICULTURA,EMCV,,,0.5,https://indomet.gob.do/wp-content/uploads/2026/05/temperaturas-extremas-y-precipitaciones-2026x05x27-a.pdf
2026-05-27,044,RANCHO ARRIBA,SAN JOSÉ DE OCOA,CENTRO TECNOLÓGICO COMUNITARIO,EMCI,26.5,19.3,0.4,https://indomet.gob.do/wp-content/uploads/2026/05/temperaturas-extremas-y-precipitaciones-2026x05x27-a.pdf
2026-05-27,045,ARPT. GREGORIO LUPERÓN,PUERTO PLATA,INDOMET,EMCI,29.5,23.0,0.3,https://indomet.gob.do/wp-content/uploads/2026/05/temperaturas-extremas-y-precipitaciones-2026x05x27-a.pdf
2026-05-27,046,ARPT. DE PUNTA CANA,LA ALTAGRACIA,INDOMET,EMCI,30.2,23.6,0.1,https://indomet.gob.do/wp-content/uploads/2026/05/temperaturas-extremas-y-precipitaciones-2026x05x27-a.pdf
2026-05-27,047,CABRAL,BARAHONA,MINISTERIO DE AGRICULTURA,EMCV,31.6,24.7,0.1,https://indomet.gob.do/wp-content/uploads/2026/05/temperaturas-extremas-y-precipitaciones-2026x05x27-a.pdf
2026-05-27,048,HATO MAYOR,HATO MAYOR,MINISTERIO DE AGRICULTURA,EMCV,,,0.1,https://indomet.gob.do/wp-content/uploads/2026/05/temperaturas-extremas-y-precipitaciones-2026x05x27-a.pdf
2026-05-27,049,OVIEDO,PEDERNALES,CLÍNICA RURAL OVIEDO,EMCI,31.8,23.8,0.1,https://indomet.gob.do/wp-content/uploads/2026/05/temperaturas-extremas-y-precipitaciones-2026x05x27-a.pdf
2026-05-27,050,SAN RAFAEL DEL YUMA,LA ALTAGRACIA,MINISTERIO DE AGRICULTURA,EMCI,31.7,23.3,0.1,https://indomet.gob.do/wp-content/uploads/2026/05/temperaturas-extremas-y-precipitaciones-2026x05x27-a.pdf
2026-05-27,051,ALTAMIRA,PUERTO PLATA,HOSP. MPAL. DE ALTAMIRA,EMCI,31.4,20.6,0.0,https://indomet.gob.do/wp-content/uploads/2026/05/temperaturas-extremas-y-precipitaciones-2026x05x27-a.pdf
2026-05-27,052,ARPT. DE LA ROMANA,LA ROMANA,INDOMET,EMCI,32.1,23.0,0.0,https://indomet.gob.do/wp-content/uploads/2026/05/temperaturas-extremas-y-precipitaciones-2026x05x27-a.pdf
2026-05-27,053,ARPT. DE LAS AMÉRICAS,SANTO DOMINGO,INDOMET,EMCI,32.2,23.1,0.0,https://indomet.gob.do/wp-content/uploads/2026/05/temperaturas-extremas-y-precipitaciones-2026x05x27-a.pdf
2026-05-27,054,ARPT. MARÍA MONTEZ,BARAHONA,INDOMET,EMCI,31.6,26.0,0.0,https://indomet.gob.do/wp-content/uploads/2026/05/temperaturas-extremas-y-precipitaciones-2026x05x27-a.pdf
2026-05-27,055,BANI (EMA),PERAVIA,MINISTERIO DE AGRICULTURA,EMAP,,,0.0,https://indomet.gob.do/wp-content/uploads/2026/05/temperaturas-extremas-y-precipitaciones-2026x05x27-a.pdf
2026-05-27,056,BUCARA (EMA),SANTIAGO,MINISTERIO DE AGRICULTURA,EMAI,,,0.0,https://indomet.gob.do/wp-content/uploads/2026/05/temperaturas-extremas-y-precipitaciones-2026x05x27-a.pdf
2026-05-27,057,CABRERA,MARÍA TRINIDAD SÁNCHEZ,ESCUELA ARÍSTIDES FIALLO CABRAL,EMCI,31.0,26.0,0.0,https://indomet.gob.do/wp-content/uploads/2026/05/temperaturas-extremas-y-precipitaciones-2026x05x27-a.pdf
2026-05-27,058,CENTRO DE LOS HEROES (EMA),DISTRITO NACIONAL,MINISTERIO DE ENERGIA Y MINA,EMAP,31.5,25.4,0.0,https://indomet.gob.do/wp-content/uploads/2026/05/temperaturas-extremas-y-precipitaciones-2026x05x27-a.pdf
2026-05-27,059,EL MILLON (EMA),DISTRITO NACIONAL,PRIVADA,EMAP,,,0.0,https://indomet.gob.do/wp-content/uploads/2026/05/temperaturas-extremas-y-precipitaciones-2026x05x27-a.pdf
2026-05-27,060,ENSANCHE LA FE (EMA),DISTRITO NACIONAL,PRIVADA,EMAP,,,0.0,https://indomet.gob.do/wp-content/uploads/2026/05/temperaturas-extremas-y-precipitaciones-2026x05x27-a.pdf
2026-05-27,061,ESCONDIDO,PERAVIA,MINISTERIO DE AGRICULTURA,EMCV,31.0,25.0,0.0,https://indomet.gob.do/wp-content/uploads/2026/05/temperaturas-extremas-y-precipitaciones-2026x05x27-a.pdf
2026-05-27,062,GURABO,SANTIAGO,MINISTERIO DE AGRICULTURA,EMCV,,,0.0,https://indomet.gob.do/wp-content/uploads/2026/05/temperaturas-extremas-y-precipitaciones-2026x05x27-a.pdf
2026-05-27,063,JARDÍN BOTÁNICO NACIONAL,DISTRITO NACIONAL,JARDÍN BOTÁNICO NACIONAL,EMCV,30.9,22.3,0.0,https://indomet.gob.do/wp-content/uploads/2026/05/temperaturas-extremas-y-precipitaciones-2026x05x27-a.pdf
2026-05-27,064,JIMANÍ,INDEPENDENCIA,MINISTERIO DE AGRICULTURA,EMCI,34.2,25.4,0.0,https://indomet.gob.do/wp-content/uploads/2026/05/temperaturas-extremas-y-precipitaciones-2026x05x27-a.pdf
2026-05-27,065,LA AGUSTINA (EMA),DISTRITO NACIONAL,PRIVADA,EMAP,,,0.0,https://indomet.gob.do/wp-content/uploads/2026/05/temperaturas-extremas-y-precipitaciones-2026x05x27-a.pdf
2026-05-27,066,LAS CANAS (EMA),MONTE CRISTI,PROGRAMA MUNDIAL DE ALIMENTO,EMAP,29.0,23.0,0.0,https://indomet.gob.do/wp-content/uploads/2026/05/temperaturas-extremas-y-precipitaciones-2026x05x27-a.pdf
2026-05-27,067,LOS CACICAZGOS (EMA),DISTRITO NACIONAL,PRIVADA,EMAP,,,0.0,https://indomet.gob.do/wp-content/uploads/2026/05/temperaturas-extremas-y-precipitaciones-2026x05x27-a.pdf
2026-05-27,068,LOS JARDINES (EMA),DISTRITO NACIONAL,PRIVADA,EMAP,,,0.0,https://indomet.gob.do/wp-content/uploads/2026/05/temperaturas-extremas-y-precipitaciones-2026x05x27-a.pdf
2026-05-27,069,LOS PRADOS (EMA),DISTRITO NACIONAL,PRIVADA,EMAP,,,0.0,https://indomet.gob.do/wp-content/uploads/2026/05/temperaturas-extremas-y-precipitaciones-2026x05x27-a.pdf
2026-05-27,070,LUPERÓN,PUERTO PLATA,MINISTERIO DE AGRICULTURA,EMCV,,,0.0,https://indomet.gob.do/wp-content/uploads/2026/05/temperaturas-extremas-y-precipitaciones-2026x05x27-a.pdf
2026-05-27,071,MAO,VALVERDE,INDRHI / MINISTERIO DE AGRICULTURA,EMCV,,,0.0,https://indomet.gob.do/wp-content/uploads/2026/05/temperaturas-extremas-y-precipitaciones-2026x05x27-a.pdf
2026-05-27,072,MONCIÓN (EMA),SANTIAGO RODRÍGUEZ,PROGRAMA MUNDIAL DE ALIMENTO,EMAP,32.6,21.1,0.0,https://indomet.gob.do/wp-content/uploads/2026/05/temperaturas-extremas-y-precipitaciones-2026x05x27-a.pdf
2026-05-27,073,MONTE CRISTI,MONTE CRISTI,INDOMET,EMCI,32.8,24.2,0.0,https://indomet.gob.do/wp-content/uploads/2026/05/temperaturas-extremas-y-precipitaciones-2026x05x27-a.pdf
2026-05-27,074,LOS COCOS (EMA),BAHORUCO,PRIVADA,EMAP,,,0.0,https://indomet.gob.do/wp-content/uploads/2026/05/temperaturas-extremas-y-precipitaciones-2026x05x27-a.pdf
2026-05-27,075,OLIVARES,PEDERNALES,INDRHI,EMCI,,,0.0,https://indomet.gob.do/wp-content/uploads/2026/05/temperaturas-extremas-y-precipitaciones-2026x05x27-a.pdf
2026-05-27,076,PALO ÍNDIO,PUERTO PLATA,MINISTERIO DE AGRICULTURA,EMCI,,,0.0,https://indomet.gob.do/wp-content/uploads/2026/05/temperaturas-extremas-y-precipitaciones-2026x05x27-a.pdf
2026-05-27,077,PASO AL MEDIO,SAN PEDRO DE MACORÍS,INDRHI,EMCI,,,0.0,https://indomet.gob.do/wp-content/uploads/2026/05/temperaturas-extremas-y-precipitaciones-2026x05x27-a.pdf
2026-05-27,078,PEDERNALES,PEDERNALES,INDRHI,EMCI,,,0.0,https://indomet.gob.do/wp-content/uploads/2026/05/temperaturas-extremas-y-precipitaciones-2026x05x27-a.pdf
2026-05-27,079,PERALTA,AZUA,HOSP. MPAL. DE PERALTA,EMCI,32.0,17.6,0.0,https://indomet.gob.do/wp-content/uploads/2026/05/temperaturas-extremas-y-precipitaciones-2026x05x27-a.pdf
2026-05-27,080,PESCADERIA (EMA),BARAHONA,MINISTERIO DE AGRICULTURA,EMAP,,,0.0,https://indomet.gob.do/wp-content/uploads/2026/05/temperaturas-extremas-y-precipitaciones-2026x05x27-a.pdf
2026-05-27,081,PROLONGACION 27 DE FEBRERO,DISTRITO NACIONAL,PRIVADA,EMAP,,,0.0,https://indomet.gob.do/wp-content/uploads/2026/05/temperaturas-extremas-y-precipitaciones-2026x05x27-a.pdf
2026-05-27,082,RESTAURACIÓN,DAJABÓN,MINISTERIO DE AGRICULTURA,EMCI,31.5,18.3,0.0,https://indomet.gob.do/wp-content/uploads/2026/05/temperaturas-extremas-y-precipitaciones-2026x05x27-a.pdf
2026-05-27,083,SABANETA (EMA),SANTIAGO RODRÍGUEZ,PROGRAMA MUNDIAL DE ALIMENTO,EMAP,35.7,2.6,0.0,https://indomet.gob.do/wp-content/uploads/2026/05/temperaturas-extremas-y-precipitaciones-2026x05x27-a.pdf
2026-05-27,084,SAJOMA (EMA),SANTIAGO,PLAN SIERRA,EMAI,29.8,21.3,0.0,https://indomet.gob.do/wp-content/uploads/2026/05/temperaturas-extremas-y-precipitaciones-2026x05x27-a.pdf
2026-05-27,085,ENSANCHE JULIETA (EMA),DISTRITO NACIONAL,PRIVADA,EMAP,,,0.0,https://indomet.gob.do/wp-content/uploads/2026/05/temperaturas-extremas-y-precipitaciones-2026x05x27-a.pdf
2026-05-27,086,SAN CRISTÓBAL,SAN CRISTÓBAL,INSTITUTO POLITÉCNICO LOYOLA,EMCI,31.0,22.2,0.0,https://indomet.gob.do/wp-content/uploads/2026/05/temperaturas-extremas-y-precipitaciones-2026x05x27-a.pdf
2026-05-27,087,SAN JOSÉ DE OCOA,SAN JOSÉ DE OCOA,HOSP. SAN JOSÉ DE OCOA,EMCI,30.8,21.1,0.0,https://indomet.gob.do/wp-content/uploads/2026/05/temperaturas-extremas-y-precipitaciones-2026x05x27-a.pdf
2026-05-27,088,SANTIAGO RODRÍGUEZ,SANTIAGO RODRÍGUEZ,INDOMET,EMCI,36.1,23.2,0.0,https://indomet.gob.do/wp-content/uploads/2026/05/temperaturas-extremas-y-precipitaciones-2026x05x27-a.pdf
2026-05-27,089,SANTO DOMINGO ESTE,SANTO DOMINGO,INDOMET,EMCI,31.8,24.3,0.0,https://indomet.gob.do/wp-content/uploads/2026/05/temperaturas-extremas-y-precipitaciones-2026x05x27-a.pdf
2026-05-27,090,TÁBARA ABAJO,AZUA,INDRHI,EMCI,30.8,20.0,0.0,https://indomet.gob.do/wp-content/uploads/2026/05/temperaturas-extremas-y-precipitaciones-2026x05x27-a.pdf
2026-05-27,091,VILLA GONZALES,SANTIAGO,MINISTERIO DE AGRICULTURA,EMCI,,,0.0,https://indomet.gob.do/wp-content/uploads/2026/05/temperaturas-extremas-y-precipitaciones-2026x05x27-a.pdf
2026-05-27,092,VILLA ISABELA,PUERTO PLATA,MINISTERIO DE AGRICULTURA,EMCV,32.5,21.5,0.0,https://indomet.gob.do/wp-content/uploads/2026/05/temperaturas-extremas-y-precipitaciones-2026x05x27-a.pdf
2026-05-27,093,VILLA VASQUEZ (EMA),MONTE CRISTI,JUNTA DE REGANTES,EMAI,,,0.0,https://indomet.gob.do/wp-content/uploads/2026/05/temperaturas-extremas-y-precipitaciones-2026x05x27-a.pdf
2026-05-27,094,BOCA DE MAO (EMA),VALVERDE,MINISTERIO DE AGRICULTURA,EMAP,35.4,24.1,0.0,https://indomet.gob.do/wp-content/uploads/2026/05/temperaturas-extremas-y-precipitaciones-2026x05x27-a.pdf
2026-05-28,001,BARRAQUITO (EMA),DUARTE,PROGRAMA MUNDIAL DE ALIMENTO,EMAP,31.1,22.8,28.2,https://indomet.gob.do/wp-content/uploads/2026/05/temperaturas-extremas-y-precipitaciones-2026x05x28-a.pdf
2026-05-28,002,ARPT. ARROYO BARRIL,SAMANÁ,INDOMET,EMCI,28.2,21.4,16.8,https://indomet.gob.do/wp-content/uploads/2026/05/temperaturas-extremas-y-precipitaciones-2026x05x28-a.pdf
2026-05-28,003,SAMANÁ,SAMANÁ,COMANDANCIA DE PUERTO DE SAMANÁ,EMCI,31.3,17.9,13.0,https://indomet.gob.do/wp-content/uploads/2026/05/temperaturas-extremas-y-precipitaciones-2026x05x28-a.pdf
2026-05-28,004,SABANA GRANDE DE BOYÁ,MONTE PLATA,MINISTERIO DE AGRICULTURA,EMCV,,,6.4,https://indomet.gob.do/wp-content/uploads/2026/05/temperaturas-extremas-y-precipitaciones-2026x05x28-a.pdf
2026-05-28,005,MICHES (EMA),EL SEIBO,PRIVADA,EMAP,29.8,22.8,5.6,https://indomet.gob.do/wp-content/uploads/2026/05/temperaturas-extremas-y-precipitaciones-2026x05x28-a.pdf
2026-05-28,006,ARPT. EL CATEY,SAMANÁ,INDOMET,EMCI,28.6,21.5,5.0,https://indomet.gob.do/wp-content/uploads/2026/05/temperaturas-extremas-y-precipitaciones-2026x05x28-a.pdf
2026-05-28,007,PADRE LAS CASAS,AZUA,HOSP. NTRA. SRA. DEL CARMEN,EMCI,32.0,19.5,5.0,https://indomet.gob.do/wp-content/uploads/2026/05/temperaturas-extremas-y-precipitaciones-2026x05x28-a.pdf
2026-05-28,008,BANI (EMA),PERAVIA,MINISTERIO DE AGRICULTURA,EMAP,31.1,24.2,4.8,https://indomet.gob.do/wp-content/uploads/2026/05/temperaturas-extremas-y-precipitaciones-2026x05x28-a.pdf
2026-05-28,009,HATO MAYOR,HATO MAYOR,MINISTERIO DE AGRICULTURA,EMCV,,,2.8,https://indomet.gob.do/wp-content/uploads/2026/05/temperaturas-extremas-y-precipitaciones-2026x05x28-a.pdf
2026-05-28,010,GASPAR HERNÁNDEZ,ESPAILLAT,PROPIEDAD DEL EMPLEADO,EMCI,,,2.2,https://indomet.gob.do/wp-content/uploads/2026/05/temperaturas-extremas-y-precipitaciones-2026x05x28-a.pdf
2026-05-28,011,RÍO SAN JUAN,MARÍA TRINIDAD SÁNCHEZ,HOSP. MPAL. DR. DESIDERIO ACOSTA,EMCV,31.3,24.2,2.2,https://indomet.gob.do/wp-content/uploads/2026/05/temperaturas-extremas-y-precipitaciones-2026x05x28-a.pdf
2026-05-28,012,SABANA DE LA MAR,HATO MAYOR,INDOMET,EMCI,28.6,21.6,2.2,https://indomet.gob.do/wp-content/uploads/2026/05/temperaturas-extremas-y-precipitaciones-2026x05x28-a.pdf
2026-05-28,013,PERALTA,AZUA,HOSP. MPAL. DE PERALTA,EMCI,32.4,18.0,2.0,https://indomet.gob.do/wp-content/uploads/2026/05/temperaturas-extremas-y-precipitaciones-2026x05x28-a.pdf
2026-05-28,014,LA VEGA,LA VEGA,IATESA,EMCI,32.0,23.5,1.9,https://indomet.gob.do/wp-content/uploads/2026/05/temperaturas-extremas-y-precipitaciones-2026x05x28-a.pdf
2026-05-28,015,VILLA ALTAGRACIA,SAN CRISTÓBAL,ESCUELA JAVIER ANGULO GURIDI,EMCI,,,1.4,https://indomet.gob.do/wp-content/uploads/2026/05/temperaturas-extremas-y-precipitaciones-2026x05x28-a.pdf
2026-05-28,016,ALTO BANDERA (EMA),LA VEGA,INTEC,EMAP,18.6,9.8,0.8,https://indomet.gob.do/wp-content/uploads/2026/05/temperaturas-extremas-y-precipitaciones-2026x05x28-a.pdf
2026-05-28,017,ARPT. LA ISABELA,SANTO DOMINGO,INDOMET,EMCI,31.6,21.0,0.8,https://indomet.gob.do/wp-content/uploads/2026/05/temperaturas-extremas-y-precipitaciones-2026x05x28-a.pdf
2026-05-28,018,VILLA RIVA,DUARTE,HOSP. MPAL. ALICIA DE LEGENDRE,EMCI,28.9,21.2,0.8,https://indomet.gob.do/wp-content/uploads/2026/05/temperaturas-extremas-y-precipitaciones-2026x05x28-a.pdf
2026-05-28,019,BAYAGUANA,MONTE PLATA,INDOMET,EMCI,32.2,21.6,0.7,https://indomet.gob.do/wp-content/uploads/2026/05/temperaturas-extremas-y-precipitaciones-2026x05x28-a.pdf
2026-05-28,020,PROLONGACION 27 DE FEBRERO,DISTRITO NACIONAL,PRIVADA,EMAP,,,0.5,https://indomet.gob.do/wp-content/uploads/2026/05/temperaturas-extremas-y-precipitaciones-2026x05x28-a.pdf
2026-05-28,021,ENRIQUILLO,BARAHONA,MINISTERIO DE AGRICULTURA,EMCV,32.0,23.2,0.4,https://indomet.gob.do/wp-content/uploads/2026/05/temperaturas-extremas-y-precipitaciones-2026x05x28-a.pdf
2026-05-28,022,SÁNCHEZ,SAMANÁ,MINISTERIO DE AGRICULTURA,EMCI,30.3,19.6,0.4,https://indomet.gob.do/wp-content/uploads/2026/05/temperaturas-extremas-y-precipitaciones-2026x05x28-a.pdf
2026-05-28,023,CABRAL,BARAHONA,MINISTERIO DE AGRICULTURA,EMCV,32.3,24.4,0.3,https://indomet.gob.do/wp-content/uploads/2026/05/temperaturas-extremas-y-precipitaciones-2026x05x28-a.pdf
2026-05-28,024,ARPT. MARÍA MONTEZ,BARAHONA,INDOMET,EMCI,32.8,25.5,0.2,https://indomet.gob.do/wp-content/uploads/2026/05/temperaturas-extremas-y-precipitaciones-2026x05x28-a.pdf
2026-05-28,025,POLO,BARAHONA,INDOCAFE,EMCI,27.0,18.5,0.2,https://indomet.gob.do/wp-content/uploads/2026/05/temperaturas-extremas-y-precipitaciones-2026x05x28-a.pdf
2026-05-28,026,SABANETA (EMA),SANTIAGO RODRÍGUEZ,PROGRAMA MUNDIAL DE ALIMENTO,EMAP,35.6,24.2,0.2,https://indomet.gob.do/wp-content/uploads/2026/05/temperaturas-extremas-y-precipitaciones-2026x05x28-a.pdf
2026-05-28,027,ALTAMIRA,PUERTO PLATA,HOSP. MPAL. DE ALTAMIRA,EMCI,32.6,21.9,0.0,https://indomet.gob.do/wp-content/uploads/2026/05/temperaturas-extremas-y-precipitaciones-2026x05x28-a.pdf
2026-05-28,028,ANAMUYA (EMA),LA ALTAGRACIA,MINISTERIO DE AGRICULTURA,EMAP,31.2,23.8,0.0,https://indomet.gob.do/wp-content/uploads/2026/05/temperaturas-extremas-y-precipitaciones-2026x05x28-a.pdf
2026-05-28,029,ARPT. DE LA ROMANA,LA ROMANA,INDOMET,EMCI,32.3,22.7,0.0,https://indomet.gob.do/wp-content/uploads/2026/05/temperaturas-extremas-y-precipitaciones-2026x05x28-a.pdf
2026-05-28,030,ARPT. DE LAS AMÉRICAS,SANTO DOMINGO,INDOMET,EMCI,32.3,23.3,0.0,https://indomet.gob.do/wp-content/uploads/2026/05/temperaturas-extremas-y-precipitaciones-2026x05x28-a.pdf
2026-05-28,031,ARPT. DE PUNTA CANA,LA ALTAGRACIA,INDOMET,EMCI,31.0,22.6,0.0,https://indomet.gob.do/wp-content/uploads/2026/05/temperaturas-extremas-y-precipitaciones-2026x05x28-a.pdf
2026-05-28,032,ARPT. DEL CIBAO,SANTIAGO,INDOMET,EMCI,34.0,23.2,0.0,https://indomet.gob.do/wp-content/uploads/2026/05/temperaturas-extremas-y-precipitaciones-2026x05x28-a.pdf
2026-05-28,033,ARPT. GREGORIO LUPERÓN,PUERTO PLATA,INDOMET,EMCI,30.2,23.0,0.0,https://indomet.gob.do/wp-content/uploads/2026/05/temperaturas-extremas-y-precipitaciones-2026x05x28-a.pdf
2026-05-28,034,ARROYO LORO,SAN JUAN,IDIAF,EMCI,32.9,22.4,0.0,https://indomet.gob.do/wp-content/uploads/2026/05/temperaturas-extremas-y-precipitaciones-2026x05x28-a.pdf
2026-05-28,035,BOCA DE MAO (EMA),VALVERDE,MINISTERIO DE AGRICULTURA,EMAP,36.6,25.3,0.0,https://indomet.gob.do/wp-content/uploads/2026/05/temperaturas-extremas-y-precipitaciones-2026x05x28-a.pdf
2026-05-28,036,CABRERA,MARÍA TRINIDAD SÁNCHEZ,ESCUELA ARÍSTIDES FIALLO CABRAL,EMCI,28.7,25.0,0.0,https://indomet.gob.do/wp-content/uploads/2026/05/temperaturas-extremas-y-precipitaciones-2026x05x28-a.pdf
2026-05-28,037,CENTRO DE LOS HEROES (EMA),DISTRITO NACIONAL,MINISTERIO DE ENERGIA Y MINA,EMAP,31.2,25.8,0.0,https://indomet.gob.do/wp-content/uploads/2026/05/temperaturas-extremas-y-precipitaciones-2026x05x28-a.pdf
2026-05-28,038,CONSTANZA,LA VEGA,MINISTERIO DE AGRICULTURA,EMCI,29.0,17.7,0.0,https://indomet.gob.do/wp-content/uploads/2026/05/temperaturas-extremas-y-precipitaciones-2026x05x28-a.pdf
2026-05-28,039,CONSTANZA (EMA),LA VEGA,PROGRAMA MUNDIAL DE ALIMENTO,EMAP,27.5,18.8,0.0,https://indomet.gob.do/wp-content/uploads/2026/05/temperaturas-extremas-y-precipitaciones-2026x05x28-a.pdf
2026-05-28,040,DAJABÓN,DAJABÓN,INSTITUTO POLITÉCNICO LOYOLA,EMCI,35.0,23.1,0.0,https://indomet.gob.do/wp-content/uploads/2026/05/temperaturas-extremas-y-precipitaciones-2026x05x28-a.pdf
2026-05-28,041,EL CERCADO,SAN JUAN,MINISTERIO DE AGRICULTURA,EMCV,,,0.0,https://indomet.gob.do/wp-content/uploads/2026/05/temperaturas-extremas-y-precipitaciones-2026x05x28-a.pdf
2026-05-28,042,EL MILLON (EMA),DISTRITO NACIONAL,PRIVADA,EMAP,,,0.0,https://indomet.gob.do/wp-content/uploads/2026/05/temperaturas-extremas-y-precipitaciones-2026x05x28-a.pdf
2026-05-28,043,ELÍAS PIÑA,ELÍAS PIÑA,MINISTERIO DE AGRICULTURA,EMCV,,,0.0,https://indomet.gob.do/wp-content/uploads/2026/05/temperaturas-extremas-y-precipitaciones-2026x05x28-a.pdf
2026-05-28,044,ENSANCHE LA FE (EMA),DISTRITO NACIONAL,PRIVADA,EMAP,,,0.0,https://indomet.gob.do/wp-content/uploads/2026/05/temperaturas-extremas-y-precipitaciones-2026x05x28-a.pdf
2026-05-28,045,GURABO,SANTIAGO,MINISTERIO DE AGRICULTURA,EMCV,,,0.0,https://indomet.gob.do/wp-content/uploads/2026/05/temperaturas-extremas-y-precipitaciones-2026x05x28-a.pdf
2026-05-28,046,HONDO VALLE,ELÍAS PIÑA,MINISTERIO DE AGRICULTURA,EMCI,29.3,18.2,0.0,https://indomet.gob.do/wp-content/uploads/2026/05/temperaturas-extremas-y-precipitaciones-2026x05x28-a.pdf
2026-05-28,047,JARABACOA,LA VEGA,INDRHI / MARENA,EMCI,31.4,17.0,0.0,https://indomet.gob.do/wp-content/uploads/2026/05/temperaturas-extremas-y-precipitaciones-2026x05x28-a.pdf
2026-05-28,048,JARABACOA (EMA),LA VEGA,PROGRAMA MUNDIAL DE ALIMENTO,EMAP,30.3,20.7,0.0,https://indomet.gob.do/wp-content/uploads/2026/05/temperaturas-extremas-y-precipitaciones-2026x05x28-a.pdf
2026-05-28,049,JARDÍN BOTÁNICO NACIONAL,DISTRITO NACIONAL,JARDÍN BOTÁNICO NACIONAL,EMCV,31.2,23.0,0.0,https://indomet.gob.do/wp-content/uploads/2026/05/temperaturas-extremas-y-precipitaciones-2026x05x28-a.pdf
2026-05-28,050,JIMANÍ,INDEPENDENCIA,MINISTERIO DE AGRICULTURA,EMCI,35.5,24.8,0.0,https://indomet.gob.do/wp-content/uploads/2026/05/temperaturas-extremas-y-precipitaciones-2026x05x28-a.pdf
2026-05-28,051,JUMA BEJUCAL,MONSEÑOR NOUEL,IDIAF,EMCV,32.4,23.0,0.0,https://indomet.gob.do/wp-content/uploads/2026/05/temperaturas-extremas-y-precipitaciones-2026x05x28-a.pdf
2026-05-28,052,LA AGUSTINA (EMA),DISTRITO NACIONAL,PRIVADA,EMAP,,,0.0,https://indomet.gob.do/wp-content/uploads/2026/05/temperaturas-extremas-y-precipitaciones-2026x05x28-a.pdf
2026-05-28,053,LA VICTORIA,SANTO DOMINGO,CUERPO DE BOMBEROS,EMCI,34.0,23.0,0.0,https://indomet.gob.do/wp-content/uploads/2026/05/temperaturas-extremas-y-precipitaciones-2026x05x28-a.pdf
2026-05-28,054,LAS MATAS DE FARFÁN,SAN JUAN,MINISTERIO DE AGRICULTURA,EMCV,,,0.0,https://indomet.gob.do/wp-content/uploads/2026/05/temperaturas-extremas-y-precipitaciones-2026x05x28-a.pdf
2026-05-28,055,LOS CACICAZGOS (EMA),DISTRITO NACIONAL,PRIVADA,EMAP,,,0.0,https://indomet.gob.do/wp-content/uploads/2026/05/temperaturas-extremas-y-precipitaciones-2026x05x28-a.pdf
2026-05-28,056,LOS COCOS (EMA),BAHORUCO,PRIVADA,EMAP,,,0.0,https://indomet.gob.do/wp-content/uploads/2026/05/temperaturas-extremas-y-precipitaciones-2026x05x28-a.pdf
2026-05-28,057,LOS JARDINES (EMA),DISTRITO NACIONAL,PRIVADA,EMAP,,,0.0,https://indomet.gob.do/wp-content/uploads/2026/05/temperaturas-extremas-y-precipitaciones-2026x05x28-a.pdf
2026-05-28,058,LOS LLANOS,SAN PEDRO DE MACORÍS,MINISTERIO DE AGRICULTURA,EMCI,31.8,22.7,0.0,https://indomet.gob.do/wp-content/uploads/2026/05/temperaturas-extremas-y-precipitaciones-2026x05x28-a.pdf
2026-05-28,059,LOS PRADOS (EMA),DISTRITO NACIONAL,PRIVADA,EMAP,,,0.0,https://indomet.gob.do/wp-content/uploads/2026/05/temperaturas-extremas-y-precipitaciones-2026x05x28-a.pdf
2026-05-28,060,MAO,VALVERDE,INDRHI / MINISTERIO DE AGRICULTURA,EMCV,,,0.0,https://indomet.gob.do/wp-content/uploads/2026/05/temperaturas-extremas-y-precipitaciones-2026x05x28-a.pdf
2026-05-28,061,MONCIÓN (EMA),SANTIAGO RODRÍGUEZ,PROGRAMA MUNDIAL DE ALIMENTO,EMAP,32.8,22.3,0.0,https://indomet.gob.do/wp-content/uploads/2026/05/temperaturas-extremas-y-precipitaciones-2026x05x28-a.pdf
2026-05-28,062,MONTE CRISTI,MONTE CRISTI,INDOMET,EMCI,33.8,24.0,0.0,https://indomet.gob.do/wp-content/uploads/2026/05/temperaturas-extremas-y-precipitaciones-2026x05x28-a.pdf
2026-05-28,063,NAVARRETE,SANTIAGO,MINISTERIO DE AGRICULTURA,EMCV,,,0.0,https://indomet.gob.do/wp-content/uploads/2026/05/temperaturas-extremas-y-precipitaciones-2026x05x28-a.pdf
2026-05-28,064,OLIVARES,PEDERNALES,INDRHI,EMCI,,,0.0,https://indomet.gob.do/wp-content/uploads/2026/05/temperaturas-extremas-y-precipitaciones-2026x05x28-a.pdf
2026-05-28,065,OVIEDO,PEDERNALES,CLÍNICA RURAL OVIEDO,EMCI,32.0,25.6,0.0,https://indomet.gob.do/wp-content/uploads/2026/05/temperaturas-extremas-y-precipitaciones-2026x05x28-a.pdf
2026-05-28,066,PEDERNALES,PEDERNALES,INDRHI,EMCI,,,0.0,https://indomet.gob.do/wp-content/uploads/2026/05/temperaturas-extremas-y-precipitaciones-2026x05x28-a.pdf
2026-05-28,067,PONTÓN ABAJO (EMA),LA VEGA,MINISTERIO DE AGRICULTURA,EMAP,33.2,23.4,0.0,https://indomet.gob.do/wp-content/uploads/2026/05/temperaturas-extremas-y-precipitaciones-2026x05x28-a.pdf
2026-05-28,068,PRESA DE TAVERAS (EMA),LA VEGA,PROGRAMA MUNDIAL DE ALIMENTO,EMAP,30.4,22.2,0.0,https://indomet.gob.do/wp-content/uploads/2026/05/temperaturas-extremas-y-precipitaciones-2026x05x28-a.pdf
2026-05-28,069,RANCHO ARRIBA,SAN JOSÉ DE OCOA,CENTRO TECNOLÓGICO COMUNITARIO,EMCI,30.5,17.7,0.0,https://indomet.gob.do/wp-content/uploads/2026/05/temperaturas-extremas-y-precipitaciones-2026x05x28-a.pdf
2026-05-28,070,RESTAURACIÓN,DAJABÓN,MINISTERIO DE AGRICULTURA,EMCI,31.8,17.9,0.0,https://indomet.gob.do/wp-content/uploads/2026/05/temperaturas-extremas-y-precipitaciones-2026x05x28-a.pdf
2026-05-28,071,SALCEDO,HERMANAS MIRABAL,PROPIEDAD DEL EMPLEADO,EMCI,,,0.0,https://indomet.gob.do/wp-content/uploads/2026/05/temperaturas-extremas-y-precipitaciones-2026x05x28-a.pdf
2026-05-28,072,SAN CRISTÓBAL,SAN CRISTÓBAL,INSTITUTO POLITÉCNICO LOYOLA,EMCI,31.2,22.0,0.0,https://indomet.gob.do/wp-content/uploads/2026/05/temperaturas-extremas-y-precipitaciones-2026x05x28-a.pdf
2026-05-28,073,SAN JOSÉ DE OCOA,SAN JOSÉ DE OCOA,HOSP. SAN JOSÉ DE OCOA,EMCI,33.0,19.3,0.0,https://indomet.gob.do/wp-content/uploads/2026/05/temperaturas-extremas-y-precipitaciones-2026x05x28-a.pdf
2026-05-28,074,SAN RAFAEL DEL YUMA,LA ALTAGRACIA,MINISTERIO DE AGRICULTURA,EMCI,32.2,23.3,0.0,https://indomet.gob.do/wp-content/uploads/2026/05/temperaturas-extremas-y-precipitaciones-2026x05x28-a.pdf
2026-05-28,075,SANTIAGO (CENTRO),SANTIAGO,HUACALITO,EMCI,,,0.0,https://indomet.gob.do/wp-content/uploads/2026/05/temperaturas-extremas-y-precipitaciones-2026x05x28-a.pdf
2026-05-28,076,SANTIAGO RODRÍGUEZ,SANTIAGO RODRÍGUEZ,INDOMET,EMCI,36.3,24.5,0.0,https://indomet.gob.do/wp-content/uploads/2026/05/temperaturas-extremas-y-precipitaciones-2026x05x28-a.pdf
2026-05-28,077,SANTO DOMINGO ESTE,SANTO DOMINGO,INDOMET,EMCI,32.0,24.5,0.0,https://indomet.gob.do/wp-content/uploads/2026/05/temperaturas-extremas-y-precipitaciones-2026x05x28-a.pdf
2026-05-28,078,TÁBARA ABAJO,AZUA,INDRHI,EMCI,30.8,20.5,0.0,https://indomet.gob.do/wp-content/uploads/2026/05/temperaturas-extremas-y-precipitaciones-2026x05x28-a.pdf
2026-05-28,079,VILLA GONZALES,SANTIAGO,MINISTERIO DE AGRICULTURA,EMCI,,,0.0,https://indomet.gob.do/wp-content/uploads/2026/05/temperaturas-extremas-y-precipitaciones-2026x05x28-a.pdf
2026-05-28,080,VILLA ISABELA,PUERTO PLATA,MINISTERIO DE AGRICULTURA,EMCV,32.0,22.0,0.0,https://indomet.gob.do/wp-content/uploads/2026/05/temperaturas-extremas-y-precipitaciones-2026x05x28-a.pdf
2026-05-29,001,SABANETA (EMA),SANTIAGO RODRÍGUEZ,PROGRAMA MUNDIAL DE ALIMENTO,EMAP,35.8,22.7,46.8,https://indomet.gob.do/wp-content/uploads/2026/05/temperaturas-extremas-y-precipitaciones-2026x05x29-a.pdf
2026-05-29,002,SANTIAGO RODRÍGUEZ,SANTIAGO RODRÍGUEZ,INDOMET,EMCI,36.0,23.5,44.3,https://indomet.gob.do/wp-content/uploads/2026/05/temperaturas-extremas-y-precipitaciones-2026x05x29-a.pdf
2026-05-29,003,CONSTANZA (EMA),LA VEGA,PROGRAMA MUNDIAL DE ALIMENTO,EMAP,26.7,15.3,10.4,https://indomet.gob.do/wp-content/uploads/2026/05/temperaturas-extremas-y-precipitaciones-2026x05x29-a.pdf
2026-05-29,004,ALTAMIRA,PUERTO PLATA,HOSP. MPAL. DE ALTAMIRA,EMCI,33.7,21.0,8.6,https://indomet.gob.do/wp-content/uploads/2026/05/temperaturas-extremas-y-precipitaciones-2026x05x29-a.pdf
2026-05-29,005,VILLA ISABELA,PUERTO PLATA,MINISTERIO DE AGRICULTURA,EMCV,34.0,22.0,5.0,https://indomet.gob.do/wp-content/uploads/2026/05/temperaturas-extremas-y-precipitaciones-2026x05x29-a.pdf
2026-05-29,006,ESCONDIDO,PERAVIA,MINISTERIO DE AGRICULTURA,EMCV,31.0,24.0,4.8,https://indomet.gob.do/wp-content/uploads/2026/05/temperaturas-extremas-y-precipitaciones-2026x05x29-a.pdf
2026-05-29,007,ELÍAS PIÑA,ELÍAS PIÑA,MINISTERIO DE AGRICULTURA,EMCV,,,3.1,https://indomet.gob.do/wp-content/uploads/2026/05/temperaturas-extremas-y-precipitaciones-2026x05x29-a.pdf
2026-05-29,008,BONAO,MONSEÑOR NOUEL,MINISTERIO DE AGRICULTURA,EMCV,,,2.3,https://indomet.gob.do/wp-content/uploads/2026/05/temperaturas-extremas-y-precipitaciones-2026x05x29-a.pdf
2026-05-29,009,ALTO BANDERA (EMA),LA VEGA,INTEC,EMAP,18.0,9.7,2.0,https://indomet.gob.do/wp-content/uploads/2026/05/temperaturas-extremas-y-precipitaciones-2026x05x29-a.pdf
2026-05-29,010,SABANA DE LA MAR,HATO MAYOR,INDOMET,EMCI,30.8,23.2,1.6,https://indomet.gob.do/wp-content/uploads/2026/05/temperaturas-extremas-y-precipitaciones-2026x05x29-a.pdf
2026-05-29,011,BASE AÉREA DE SAN ISIDRO,SANTO DOMINGO,FUERZA AÉREA DOMINICANA,EMCV,31.0,23.4,1.5,https://indomet.gob.do/wp-content/uploads/2026/05/temperaturas-extremas-y-precipitaciones-2026x05x29-a.pdf
2026-05-29,012,ENSANCHE LA FE (EMA),DISTRITO NACIONAL,PRIVADA,EMAP,,,1.1,https://indomet.gob.do/wp-content/uploads/2026/05/temperaturas-extremas-y-precipitaciones-2026x05x29-a.pdf
2026-05-29,013,LA AGUSTINA (EMA),DISTRITO NACIONAL,PRIVADA,EMAP,,,1.0,https://indomet.gob.do/wp-content/uploads/2026/05/temperaturas-extremas-y-precipitaciones-2026x05x29-a.pdf
2026-05-29,014,PONTÓN ABAJO (EMA),LA VEGA,MINISTERIO DE AGRICULTURA,EMAP,35.6,23.7,1.0,https://indomet.gob.do/wp-content/uploads/2026/05/temperaturas-extremas-y-precipitaciones-2026x05x29-a.pdf
2026-05-29,015,CONSTANZA,LA VEGA,MINISTERIO DE AGRICULTURA,EMCI,28.9,13.7,0.6,https://indomet.gob.do/wp-content/uploads/2026/05/temperaturas-extremas-y-precipitaciones-2026x05x29-a.pdf
2026-05-29,016,BOCA DE MAO (EMA),VALVERDE,MINISTERIO DE AGRICULTURA,EMAP,36.1,23.3,0.4,https://indomet.gob.do/wp-content/uploads/2026/05/temperaturas-extremas-y-precipitaciones-2026x05x29-a.pdf
2026-05-29,017,JARABACOA,LA VEGA,INDRHI / MARENA,EMCI,32.8,18.2,0.4,https://indomet.gob.do/wp-content/uploads/2026/05/temperaturas-extremas-y-precipitaciones-2026x05x29-a.pdf
2026-05-29,018,JARABACOA (EMA),LA VEGA,PROGRAMA MUNDIAL DE ALIMENTO,EMAP,31.2,20.2,0.2,https://indomet.gob.do/wp-content/uploads/2026/05/temperaturas-extremas-y-precipitaciones-2026x05x29-a.pdf
2026-05-29,019,ARPT. DE LAS AMÉRICAS,SANTO DOMINGO,INDOMET,EMCI,31.4,22.8,0.2,https://indomet.gob.do/wp-content/uploads/2026/05/temperaturas-extremas-y-precipitaciones-2026x05x29-a.pdf
2026-05-29,020,HONDO VALLE,ELÍAS PIÑA,MINISTERIO DE AGRICULTURA,EMCI,29.7,18.5,0.1,https://indomet.gob.do/wp-content/uploads/2026/05/temperaturas-extremas-y-precipitaciones-2026x05x29-a.pdf
2026-05-29,021,POLO,BARAHONA,INDOCAFE,EMCI,27.5,17.5,0.1,https://indomet.gob.do/wp-content/uploads/2026/05/temperaturas-extremas-y-precipitaciones-2026x05x29-a.pdf
2026-05-29,022,ANAMUYA (EMA),LA ALTAGRACIA,MINISTERIO DE AGRICULTURA,EMAP,32.6,24.1,0.0,https://indomet.gob.do/wp-content/uploads/2026/05/temperaturas-extremas-y-precipitaciones-2026x05x29-a.pdf
2026-05-29,023,ARROYO LORO,SAN JUAN,IDIAF,EMCI,33.0,21.7,0.0,https://indomet.gob.do/wp-content/uploads/2026/05/temperaturas-extremas-y-precipitaciones-2026x05x29-a.pdf
2026-05-29,024,BELLA VISTA (EMA),DISTRITO NACIONAL,PRIVADA,EMAP,,,0.0,https://indomet.gob.do/wp-content/uploads/2026/05/temperaturas-extremas-y-precipitaciones-2026x05x29-a.pdf
2026-05-29,025,CABRAL,BARAHONA,MINISTERIO DE AGRICULTURA,EMCV,32.8,23.7,0.0,https://indomet.gob.do/wp-content/uploads/2026/05/temperaturas-extremas-y-precipitaciones-2026x05x29-a.pdf
2026-05-29,026,CENTRO DE LOS HEROES (EMA),DISTRITO NACIONAL,MINISTERIO DE ENERGIA Y MINA,EMAP,31.3,26.7,0.0,https://indomet.gob.do/wp-content/uploads/2026/05/temperaturas-extremas-y-precipitaciones-2026x05x29-a.pdf
2026-05-29,027,EL MILLON (EMA),DISTRITO NACIONAL,PRIVADA,EMAP,,,0.0,https://indomet.gob.do/wp-content/uploads/2026/05/temperaturas-extremas-y-precipitaciones-2026x05x29-a.pdf
2026-05-29,028,ENRIQUILLO,BARAHONA,MINISTERIO DE AGRICULTURA,EMCV,32.5,23.5,0.0,https://indomet.gob.do/wp-content/uploads/2026/05/temperaturas-extremas-y-precipitaciones-2026x05x29-a.pdf
2026-05-29,029,GASPAR HERNÁNDEZ,ESPAILLAT,PROPIEDAD DEL EMPLEADO,EMCI,,,0.0,https://indomet.gob.do/wp-content/uploads/2026/05/temperaturas-extremas-y-precipitaciones-2026x05x29-a.pdf
2026-05-29,030,GURABO,SANTIAGO,MINISTERIO DE AGRICULTURA,EMCV,,,0.0,https://indomet.gob.do/wp-content/uploads/2026/05/temperaturas-extremas-y-precipitaciones-2026x05x29-a.pdf
2026-05-29,031,JIMANÍ,INDEPENDENCIA,MINISTERIO DE AGRICULTURA,EMCI,,,0.0,https://indomet.gob.do/wp-content/uploads/2026/05/temperaturas-extremas-y-precipitaciones-2026x05x29-a.pdf
2026-05-29,032,LA VEGA,LA VEGA,IATESA,EMCI,33.0,23.0,0.0,https://indomet.gob.do/wp-content/uploads/2026/05/temperaturas-extremas-y-precipitaciones-2026x05x29-a.pdf
2026-05-29,033,LAS CANAS (EMA),MONTE CRISTI,PROGRAMA MUNDIAL DE ALIMENTO,EMAP,30.8,23.2,0.0,https://indomet.gob.do/wp-content/uploads/2026/05/temperaturas-extremas-y-precipitaciones-2026x05x29-a.pdf
2026-05-29,034,LOS CACICAZGOS (EMA),DISTRITO NACIONAL,PRIVADA,EMAP,,,0.0,https://indomet.gob.do/wp-content/uploads/2026/05/temperaturas-extremas-y-precipitaciones-2026x05x29-a.pdf
2026-05-29,035,LOS JARDINES (EMA),DISTRITO NACIONAL,PRIVADA,EMAP,,,0.0,https://indomet.gob.do/wp-content/uploads/2026/05/temperaturas-extremas-y-precipitaciones-2026x05x29-a.pdf
2026-05-29,036,LOS LLANOS,SAN PEDRO DE MACORÍS,MINISTERIO DE AGRICULTURA,EMCI,32.7,23.2,0.0,https://indomet.gob.do/wp-content/uploads/2026/05/temperaturas-extremas-y-precipitaciones-2026x05x29-a.pdf
2026-05-29,037,LOS PRADOS (EMA),DISTRITO NACIONAL,PRIVADA,EMAP,,,0.0,https://indomet.gob.do/wp-content/uploads/2026/05/temperaturas-extremas-y-precipitaciones-2026x05x29-a.pdf
2026-05-29,038,MAO,VALVERDE,INDRHI / MINISTERIO DE AGRICULTURA,EMCV,,,0.0,https://indomet.gob.do/wp-content/uploads/2026/05/temperaturas-extremas-y-precipitaciones-2026x05x29-a.pdf
2026-05-29,039,MICHES (EMA),EL SEIBO,PRIVADA,EMAP,32.2,23.0,0.0,https://indomet.gob.do/wp-content/uploads/2026/05/temperaturas-extremas-y-precipitaciones-2026x05x29-a.pdf
2026-05-29,040,MONCIÓN (EMA),SANTIAGO RODRÍGUEZ,PROGRAMA MUNDIAL DE ALIMENTO,EMAP,32.2,21.2,0.0,https://indomet.gob.do/wp-content/uploads/2026/05/temperaturas-extremas-y-precipitaciones-2026x05x29-a.pdf
2026-05-29,041,NAVARRETE,SANTIAGO,MINISTERIO DE AGRICULTURA,EMCV,,,0.0,https://indomet.gob.do/wp-content/uploads/2026/05/temperaturas-extremas-y-precipitaciones-2026x05x29-a.pdf
2026-05-29,042,LOS COCOS (EMA),BAHORUCO,PRIVADA,EMAP,,,0.0,https://indomet.gob.do/wp-content/uploads/2026/05/temperaturas-extremas-y-precipitaciones-2026x05x29-a.pdf
2026-05-29,043,OVIEDO,PEDERNALES,CLÍNICA RURAL OVIEDO,EMCI,32.0,25.8,0.0,https://indomet.gob.do/wp-content/uploads/2026/05/temperaturas-extremas-y-precipitaciones-2026x05x29-a.pdf
2026-05-29,044,PADRE LAS CASAS,AZUA,HOSP. NTRA. SRA. DEL CARMEN,EMCI,31.5,19.6,0.0,https://indomet.gob.do/wp-content/uploads/2026/05/temperaturas-extremas-y-precipitaciones-2026x05x29-a.pdf
2026-05-29,045,PALO ÍNDIO,PUERTO PLATA,MINISTERIO DE AGRICULTURA,EMCI,,,0.0,https://indomet.gob.do/wp-content/uploads/2026/05/temperaturas-extremas-y-precipitaciones-2026x05x29-a.pdf
2026-05-29,046,PERALTA,AZUA,HOSP. MPAL. DE PERALTA,EMCI,30.5,17.5,0.0,https://indomet.gob.do/wp-content/uploads/2026/05/temperaturas-extremas-y-precipitaciones-2026x05x29-a.pdf
2026-05-29,047,PESCADERIA (EMA),BARAHONA,MINISTERIO DE AGRICULTURA,EMAP,,,0.0,https://indomet.gob.do/wp-content/uploads/2026/05/temperaturas-extremas-y-precipitaciones-2026x05x29-a.pdf
2026-05-29,048,PRESA DE TAVERAS (EMA),LA VEGA,PROGRAMA MUNDIAL DE ALIMENTO,EMAP,31.7,22.2,0.0,https://indomet.gob.do/wp-content/uploads/2026/05/temperaturas-extremas-y-precipitaciones-2026x05x29-a.pdf
2026-05-29,049,PROLONGACION 27 DE FEBRERO,DISTRITO NACIONAL,PRIVADA,EMAP,,,0.0,https://indomet.gob.do/wp-content/uploads/2026/05/temperaturas-extremas-y-precipitaciones-2026x05x29-a.pdf
2026-05-29,050,RANCHO ARRIBA,SAN JOSÉ DE OCOA,CENTRO TECNOLÓGICO COMUNITARIO,EMCI,30.5,17.8,0.0,https://indomet.gob.do/wp-content/uploads/2026/05/temperaturas-extremas-y-precipitaciones-2026x05x29-a.pdf
2026-05-29,051,RESTAURACIÓN,DAJABÓN,MINISTERIO DE AGRICULTURA,EMCI,31.4,18.2,0.0,https://indomet.gob.do/wp-content/uploads/2026/05/temperaturas-extremas-y-precipitaciones-2026x05x29-a.pdf
2026-05-29,052,RÍO SAN JUAN,MARÍA TRINIDAD SÁNCHEZ,HOSP. MPAL. DR. DESIDERIO ACOSTA,EMCV,33.8,25.2,0.0,https://indomet.gob.do/wp-content/uploads/2026/05/temperaturas-extremas-y-precipitaciones-2026x05x29-a.pdf
2026-05-29,053,SABANA GRANDE DE BOYÁ,MONTE PLATA,MINISTERIO DE AGRICULTURA,EMCV,,,0.0,https://indomet.gob.do/wp-content/uploads/2026/05/temperaturas-extremas-y-precipitaciones-2026x05x29-a.pdf
2026-05-29,054,SALCEDO,HERMANAS MIRABAL,PROPIEDAD DEL EMPLEADO,EMCI,,,0.0,https://indomet.gob.do/wp-content/uploads/2026/05/temperaturas-extremas-y-precipitaciones-2026x05x29-a.pdf
2026-05-29,055,SAMANÁ,SAMANÁ,COMANDANCIA DE PUERTO DE SAMANÁ,EMCI,33.3,19.3,0.0,https://indomet.gob.do/wp-content/uploads/2026/05/temperaturas-extremas-y-precipitaciones-2026x05x29-a.pdf
2026-05-29,056,SAN CRISTÓBAL,SAN CRISTÓBAL,INSTITUTO POLITÉCNICO LOYOLA,EMCI,31.2,23.0,0.0,https://indomet.gob.do/wp-content/uploads/2026/05/temperaturas-extremas-y-precipitaciones-2026x05x29-a.pdf
2026-05-29,057,SAN JOSÉ DE OCOA,SAN JOSÉ DE OCOA,HOSP. SAN JOSÉ DE OCOA,EMCI,32.2,18.1,0.0,https://indomet.gob.do/wp-content/uploads/2026/05/temperaturas-extremas-y-precipitaciones-2026x05x29-a.pdf
2026-05-29,058,SAN RAFAEL DEL YUMA,LA ALTAGRACIA,MINISTERIO DE AGRICULTURA,EMCI,32.7,22.5,0.0,https://indomet.gob.do/wp-content/uploads/2026/05/temperaturas-extremas-y-precipitaciones-2026x05x29-a.pdf
2026-05-29,059,SÁNCHEZ,SAMANÁ,MINISTERIO DE AGRICULTURA,EMCI,30.4,19.8,0.0,https://indomet.gob.do/wp-content/uploads/2026/05/temperaturas-extremas-y-precipitaciones-2026x05x29-a.pdf
2026-05-29,060,TÁBARA ABAJO,AZUA,INDRHI,EMCI,30.5,19.0,0.0,https://indomet.gob.do/wp-content/uploads/2026/05/temperaturas-extremas-y-precipitaciones-2026x05x29-a.pdf
2026-05-29,061,BANI (EMA),PERAVIA,MINISTERIO DE AGRICULTURA,EMAP,30.8,25.0,0.0,https://indomet.gob.do/wp-content/uploads/2026/05/temperaturas-extremas-y-precipitaciones-2026x05x29-a.pdf
2026-05-29,062,ARPT. ARROYO BARRIL,SAMANÁ,INDOMET,EMCI,31.4,23.3,0.0,https://indomet.gob.do/wp-content/uploads/2026/05/temperaturas-extremas-y-precipitaciones-2026x05x29-a.pdf
2026-05-29,063,ARPT. DE LA ROMANA,LA ROMANA,INDOMET,EMCI,31.5,22.3,0.0,https://indomet.gob.do/wp-content/uploads/2026/05/temperaturas-extremas-y-precipitaciones-2026x05x29-a.pdf
2026-05-29,064,ARPT. DE PUNTA CANA,LA ALTAGRACIA,INDOMET,EMCI,30.8,24.2,0.0,https://indomet.gob.do/wp-content/uploads/2026/05/temperaturas-extremas-y-precipitaciones-2026x05x29-a.pdf
2026-05-29,065,ARPT. DEL CIBAO,SANTIAGO,INDOMET,EMCI,34.8,23.2,0.0,https://indomet.gob.do/wp-content/uploads/2026/05/temperaturas-extremas-y-precipitaciones-2026x05x29-a.pdf
2026-05-29,066,ARPT. EL CATEY,SAMANÁ,INDOMET,EMCI,32.5,22.0,0.0,https://indomet.gob.do/wp-content/uploads/2026/05/temperaturas-extremas-y-precipitaciones-2026x05x29-a.pdf
2026-05-29,067,ARPT. GREGORIO LUPERÓN,PUERTO PLATA,INDOMET,EMCI,32.5,23.2,0.0,https://indomet.gob.do/wp-content/uploads/2026/05/temperaturas-extremas-y-precipitaciones-2026x05x29-a.pdf
2026-05-29,068,ARPT. LA ISABELA,SANTO DOMINGO,INDOMET,EMCI,32.0,21.0,0.0,https://indomet.gob.do/wp-content/uploads/2026/05/temperaturas-extremas-y-precipitaciones-2026x05x29-a.pdf
2026-05-29,069,ARPT. MARÍA MONTEZ,BARAHONA,INDOMET,EMCI,31.9,25.0,0.0,https://indomet.gob.do/wp-content/uploads/2026/05/temperaturas-extremas-y-precipitaciones-2026x05x29-a.pdf
2026-05-29,070,BAYAGUANA,MONTE PLATA,INDOMET,EMCI,32.6,21.8,0.0,https://indomet.gob.do/wp-content/uploads/2026/05/temperaturas-extremas-y-precipitaciones-2026x05x29-a.pdf
2026-05-29,071,CABRERA,MARÍA TRINIDAD SÁNCHEZ,ESCUELA ARÍSTIDES FIALLO CABRAL,EMCI,32.5,25.0,0.0,https://indomet.gob.do/wp-content/uploads/2026/05/temperaturas-extremas-y-precipitaciones-2026x05x29-a.pdf
2026-05-29,072,MONTE CRISTI,MONTE CRISTI,INDOMET,EMCI,33.8,25.1,0.0,https://indomet.gob.do/wp-content/uploads/2026/05/temperaturas-extremas-y-precipitaciones-2026x05x29-a.pdf
2026-05-29,073,SANTO DOMINGO ESTE,SANTO DOMINGO,INDOMET,EMCI,32.0,25.0,0.0,https://indomet.gob.do/wp-content/uploads/2026/05/temperaturas-extremas-y-precipitaciones-2026x05x29-a.pdf
2026-05-29,074,DAJABÓN,DAJABÓN,INSTITUTO POLITÉCNICO LOYOLA,EMCI,34.5,20.2,0.0,https://indomet.gob.do/wp-content/uploads/2026/05/temperaturas-extremas-y-precipitaciones-2026x05x29-a.pdf
2026-05-29,075,HATO MAYOR,HATO MAYOR,MINISTERIO DE AGRICULTURA,EMCV,,,0.0,https://indomet.gob.do/wp-content/uploads/2026/05/temperaturas-extremas-y-precipitaciones-2026x05x29-a.pdf
2026-05-29,076,JUMA BEJUCAL,MONSEÑOR NOUEL,IDIAF,EMCV,32.6,23.4,0.0,https://indomet.gob.do/wp-content/uploads/2026/05/temperaturas-extremas-y-precipitaciones-2026x05x29-a.pdf
2026-05-29,077,VILLA GONZALES,SANTIAGO,MINISTERIO DE AGRICULTURA,EMCI,,,0.0,https://indomet.gob.do/wp-content/uploads/2026/05/temperaturas-extremas-y-precipitaciones-2026x05x29-a.pdf
2026-05-29,078,VILLA RIVA,DUARTE,HOSP. MPAL. ALICIA DE LEGENDRE,EMCI,33.8,23.0,0.0,https://indomet.gob.do/wp-content/uploads/2026/05/temperaturas-extremas-y-precipitaciones-2026x05x29-a.pdf
2026-05-30,001,SABANA DE LA MAR,HATO MAYOR,INDOMET,EMCI,30.8,23.2,1.6,https://indomet.gob.do/wp-content/uploads/2026/05/temperaturas-extremas-y-precipitaciones-2026x05x30-a.pdf
2026-05-30,002,CABRAL,BARAHONA,MINISTERIO DE AGRICULTURA,EMCV,32.7,24.0,0.4,https://indomet.gob.do/wp-content/uploads/2026/05/temperaturas-extremas-y-precipitaciones-2026x05x30-a.pdf
2026-05-30,003,OVIEDO,PEDERNALES,CLÍNICA RURAL OVIEDO,EMCI,32.0,24.5,0.1,https://indomet.gob.do/wp-content/uploads/2026/05/temperaturas-extremas-y-precipitaciones-2026x05x30-a.pdf
2026-05-30,004,ALTAMIRA,PUERTO PLATA,HOSP. MPAL. DE ALTAMIRA,EMCI,35.4,21.5,0.0,https://indomet.gob.do/wp-content/uploads/2026/05/temperaturas-extremas-y-precipitaciones-2026x05x30-a.pdf
2026-05-30,005,ALTO BANDERA (EMA),LA VEGA,INTEC,EMAP,19.6,9.7,0.0,https://indomet.gob.do/wp-content/uploads/2026/05/temperaturas-extremas-y-precipitaciones-2026x05x30-a.pdf
2026-05-30,006,ANAMUYA (EMA),LA ALTAGRACIA,MINISTERIO DE AGRICULTURA,EMAP,32.6,23.8,0.0,https://indomet.gob.do/wp-content/uploads/2026/05/temperaturas-extremas-y-precipitaciones-2026x05x30-a.pdf
2026-05-30,007,ARPT. ARROYO BARRIL,SAMANÁ,INDOMET,EMCI,32.0,22.7,0.0,https://indomet.gob.do/wp-content/uploads/2026/05/temperaturas-extremas-y-precipitaciones-2026x05x30-a.pdf
2026-05-30,008,ARPT. DE LA ROMANA,LA ROMANA,INDOMET,EMCI,32.2,22.5,0.0,https://indomet.gob.do/wp-content/uploads/2026/05/temperaturas-extremas-y-precipitaciones-2026x05x30-a.pdf
2026-05-30,009,ARPT. DE LAS AMÉRICAS,SANTO DOMINGO,INDOMET,EMCI,31.5,22.7,0.0,https://indomet.gob.do/wp-content/uploads/2026/05/temperaturas-extremas-y-precipitaciones-2026x05x30-a.pdf
2026-05-30,010,ARPT. DE PUNTA CANA,LA ALTAGRACIA,INDOMET,EMCI,31.6,23.5,0.0,https://indomet.gob.do/wp-content/uploads/2026/05/temperaturas-extremas-y-precipitaciones-2026x05x30-a.pdf
2026-05-30,011,ARPT. DEL CIBAO,SANTIAGO,INDOMET,EMCI,35.2,24.2,0.0,https://indomet.gob.do/wp-content/uploads/2026/05/temperaturas-extremas-y-precipitaciones-2026x05x30-a.pdf
2026-05-30,012,ARPT. EL CATEY,SAMANÁ,INDOMET,EMCI,35.0,22.5,0.0,https://indomet.gob.do/wp-content/uploads/2026/05/temperaturas-extremas-y-precipitaciones-2026x05x30-a.pdf
2026-05-30,013,ARPT. GREGORIO LUPERÓN,PUERTO PLATA,INDOMET,EMCI,34.5,23.0,0.0,https://indomet.gob.do/wp-content/uploads/2026/05/temperaturas-extremas-y-precipitaciones-2026x05x30-a.pdf
2026-05-30,014,ARPT. LA ISABELA,SANTO DOMINGO,INDOMET,EMCI,33.2,23.7,0.0,https://indomet.gob.do/wp-content/uploads/2026/05/temperaturas-extremas-y-precipitaciones-2026x05x30-a.pdf
2026-05-30,015,ARPT. MARÍA MONTEZ,BARAHONA,INDOMET,EMCI,31.8,24.4,0.0,https://indomet.gob.do/wp-content/uploads/2026/05/temperaturas-extremas-y-precipitaciones-2026x05x30-a.pdf
2026-05-30,016,ARROYO LORO,SAN JUAN,IDIAF,EMCI,33.2,22.2,0.0,https://indomet.gob.do/wp-content/uploads/2026/05/temperaturas-extremas-y-precipitaciones-2026x05x30-a.pdf
2026-05-30,017,BANI (EMA),PERAVIA,MINISTERIO DE AGRICULTURA,EMAP,31.5,23.9,0.0,https://indomet.gob.do/wp-content/uploads/2026/05/temperaturas-extremas-y-precipitaciones-2026x05x30-a.pdf
2026-05-30,018,BASE AÉREA DE SAN ISIDRO,SANTO DOMINGO,FUERZA AÉREA DOMINICANA,EMCV,31.0,24.3,0.0,https://indomet.gob.do/wp-content/uploads/2026/05/temperaturas-extremas-y-precipitaciones-2026x05x30-a.pdf
2026-05-30,019,BAYAGUANA,MONTE PLATA,INDOMET,EMCI,33.2,22.6,0.0,https://indomet.gob.do/wp-content/uploads/2026/05/temperaturas-extremas-y-precipitaciones-2026x05x30-a.pdf
2026-05-30,020,BOCA DE MAO (EMA),VALVERDE,MINISTERIO DE AGRICULTURA,EMAP,37.4,23.8,0.0,https://indomet.gob.do/wp-content/uploads/2026/05/temperaturas-extremas-y-precipitaciones-2026x05x30-a.pdf
2026-05-30,021,CABRERA,MARÍA TRINIDAD SÁNCHEZ,ESCUELA ARÍSTIDES FIALLO CABRAL,EMCI,33.2,25.0,0.0,https://indomet.gob.do/wp-content/uploads/2026/05/temperaturas-extremas-y-precipitaciones-2026x05x30-a.pdf
2026-05-30,022,CENTRO DE LOS HEROES (EMA),DISTRITO NACIONAL,MINISTERIO DE ENERGIA Y MINA,EMAP,31.8,27.6,0.0,https://indomet.gob.do/wp-content/uploads/2026/05/temperaturas-extremas-y-precipitaciones-2026x05x30-a.pdf
2026-05-30,023,CONSTANZA,LA VEGA,MINISTERIO DE AGRICULTURA,EMCI,30.5,14.2,0.0,https://indomet.gob.do/wp-content/uploads/2026/05/temperaturas-extremas-y-precipitaciones-2026x05x30-a.pdf
2026-05-30,024,CONSTANZA (EMA),LA VEGA,PROGRAMA MUNDIAL DE ALIMENTO,EMAP,28.9,15.7,0.0,https://indomet.gob.do/wp-content/uploads/2026/05/temperaturas-extremas-y-precipitaciones-2026x05x30-a.pdf
2026-05-30,025,DAJABÓN,DAJABÓN,INSTITUTO POLITÉCNICO LOYOLA,EMCI,35.9,19.4,0.0,https://indomet.gob.do/wp-content/uploads/2026/05/temperaturas-extremas-y-precipitaciones-2026x05x30-a.pdf
2026-05-30,026,EL MILLON (EMA),DISTRITO NACIONAL,PRIVADA,EMAP,,,0.0,https://indomet.gob.do/wp-content/uploads/2026/05/temperaturas-extremas-y-precipitaciones-2026x05x30-a.pdf
2026-05-30,027,ELÍAS PIÑA,ELÍAS PIÑA,MINISTERIO DE AGRICULTURA,EMCV,,,0.0,https://indomet.gob.do/wp-content/uploads/2026/05/temperaturas-extremas-y-precipitaciones-2026x05x30-a.pdf
2026-05-30,028,ENRIQUILLO,BARAHONA,MINISTERIO DE AGRICULTURA,EMCV,32.0,23.0,0.0,https://indomet.gob.do/wp-content/uploads/2026/05/temperaturas-extremas-y-precipitaciones-2026x05x30-a.pdf
2026-05-30,029,ENSANCHE LA FE (EMA),DISTRITO NACIONAL,PRIVADA,EMAP,,,0.0,https://indomet.gob.do/wp-content/uploads/2026/05/temperaturas-extremas-y-precipitaciones-2026x05x30-a.pdf
2026-05-30,030,GASPAR HERNÁNDEZ,ESPAILLAT,PROPIEDAD DEL EMPLEADO,EMCI,,,0.0,https://indomet.gob.do/wp-content/uploads/2026/05/temperaturas-extremas-y-precipitaciones-2026x05x30-a.pdf
2026-05-30,031,GURABO,SANTIAGO,MINISTERIO DE AGRICULTURA,EMCV,,,0.0,https://indomet.gob.do/wp-content/uploads/2026/05/temperaturas-extremas-y-precipitaciones-2026x05x30-a.pdf
2026-05-30,032,HATO MAYOR,HATO MAYOR,MINISTERIO DE AGRICULTURA,EMCV,,,0.0,https://indomet.gob.do/wp-content/uploads/2026/05/temperaturas-extremas-y-precipitaciones-2026x05x30-a.pdf
2026-05-30,033,HONDO VALLE,ELÍAS PIÑA,MINISTERIO DE AGRICULTURA,EMCI,29.9,19.4,0.0,https://indomet.gob.do/wp-content/uploads/2026/05/temperaturas-extremas-y-precipitaciones-2026x05x30-a.pdf
2026-05-30,034,JARABACOA,LA VEGA,INDRHI / MARENA,EMCI,34.0,17.4,0.0,https://indomet.gob.do/wp-content/uploads/2026/05/temperaturas-extremas-y-precipitaciones-2026x05x30-a.pdf
2026-05-30,035,JARABACOA (EMA),LA VEGA,PROGRAMA MUNDIAL DE ALIMENTO,EMAP,32.7,19.7,0.0,https://indomet.gob.do/wp-content/uploads/2026/05/temperaturas-extremas-y-precipitaciones-2026x05x30-a.pdf
2026-05-30,036,JIMANÍ,INDEPENDENCIA,MINISTERIO DE AGRICULTURA,EMCI,35.6,24.6,0.0,https://indomet.gob.do/wp-content/uploads/2026/05/temperaturas-extremas-y-precipitaciones-2026x05x30-a.pdf
2026-05-30,037,JUMA BEJUCAL,MONSEÑOR NOUEL,IDIAF,EMCV,31.8,23.8,0.0,https://indomet.gob.do/wp-content/uploads/2026/05/temperaturas-extremas-y-precipitaciones-2026x05x30-a.pdf
2026-05-30,038,LA AGUSTINA (EMA),DISTRITO NACIONAL,PRIVADA,EMAP,,,0.0,https://indomet.gob.do/wp-content/uploads/2026/05/temperaturas-extremas-y-precipitaciones-2026x05x30-a.pdf
2026-05-30,039,LA VEGA,LA VEGA,IATESA,EMCI,33.0,21.5,0.0,https://indomet.gob.do/wp-content/uploads/2026/05/temperaturas-extremas-y-precipitaciones-2026x05x30-a.pdf
2026-05-30,040,LAS CANAS (EMA),MONTE CRISTI,PROGRAMA MUNDIAL DE ALIMENTO,EMAP,30.6,23.1,0.0,https://indomet.gob.do/wp-content/uploads/2026/05/temperaturas-extremas-y-precipitaciones-2026x05x30-a.pdf
2026-05-30,041,LOS CACICAZGOS (EMA),DISTRITO NACIONAL,PRIVADA,EMAP,,,0.0,https://indomet.gob.do/wp-content/uploads/2026/05/temperaturas-extremas-y-precipitaciones-2026x05x30-a.pdf
2026-05-30,042,LOS COCOS (EMA),BAHORUCO,PRIVADA,EMAP,,,0.0,https://indomet.gob.do/wp-content/uploads/2026/05/temperaturas-extremas-y-precipitaciones-2026x05x30-a.pdf
2026-05-30,043,LOS JARDINES (EMA),DISTRITO NACIONAL,PRIVADA,EMAP,,,0.0,https://indomet.gob.do/wp-content/uploads/2026/05/temperaturas-extremas-y-precipitaciones-2026x05x30-a.pdf
2026-05-30,044,LOS LLANOS,SAN PEDRO DE MACORÍS,MINISTERIO DE AGRICULTURA,EMCI,33.0,23.5,0.0,https://indomet.gob.do/wp-content/uploads/2026/05/temperaturas-extremas-y-precipitaciones-2026x05x30-a.pdf
2026-05-30,045,LOS PRADOS (EMA),DISTRITO NACIONAL,PRIVADA,EMAP,,,0.0,https://indomet.gob.do/wp-content/uploads/2026/05/temperaturas-extremas-y-precipitaciones-2026x05x30-a.pdf
2026-05-30,046,MAO,VALVERDE,INDRHI / MINISTERIO DE AGRICULTURA,EMCV,,,0.0,https://indomet.gob.do/wp-content/uploads/2026/05/temperaturas-extremas-y-precipitaciones-2026x05x30-a.pdf
2026-05-30,047,MICHES (EMA),EL SEIBO,PRIVADA,EMAP,34.6,23.6,0.0,https://indomet.gob.do/wp-content/uploads/2026/05/temperaturas-extremas-y-precipitaciones-2026x05x30-a.pdf
2026-05-30,048,MONCIÓN (EMA),SANTIAGO RODRÍGUEZ,PROGRAMA MUNDIAL DE ALIMENTO,EMAP,33.1,21.0,0.0,https://indomet.gob.do/wp-content/uploads/2026/05/temperaturas-extremas-y-precipitaciones-2026x05x30-a.pdf
2026-05-30,049,MONTE CRISTI,MONTE CRISTI,INDOMET,EMCI,34.7,24.5,0.0,https://indomet.gob.do/wp-content/uploads/2026/05/temperaturas-extremas-y-precipitaciones-2026x05x30-a.pdf
2026-05-30,050,NAVARRETE,SANTIAGO,MINISTERIO DE AGRICULTURA,EMCV,,,0.0,https://indomet.gob.do/wp-content/uploads/2026/05/temperaturas-extremas-y-precipitaciones-2026x05x30-a.pdf
2026-05-30,051,OLIVARES,PEDERNALES,INDRHI,EMCI,,,0.0,https://indomet.gob.do/wp-content/uploads/2026/05/temperaturas-extremas-y-precipitaciones-2026x05x30-a.pdf
2026-05-30,052,PADRE LAS CASAS,AZUA,HOSP. NTRA. SRA. DEL CARMEN,EMCI,31.0,20.5,0.0,https://indomet.gob.do/wp-content/uploads/2026/05/temperaturas-extremas-y-precipitaciones-2026x05x30-a.pdf
2026-05-30,053,PALO ÍNDIO,PUERTO PLATA,MINISTERIO DE AGRICULTURA,EMCI,,,0.0,https://indomet.gob.do/wp-content/uploads/2026/05/temperaturas-extremas-y-precipitaciones-2026x05x30-a.pdf
2026-05-30,054,PEDERNALES,PEDERNALES,INDRHI,EMCI,,,0.0,https://indomet.gob.do/wp-content/uploads/2026/05/temperaturas-extremas-y-precipitaciones-2026x05x30-a.pdf
2026-05-30,055,PERALTA,AZUA,HOSP. MPAL. DE PERALTA,EMCI,29.6,17.2,0.0,https://indomet.gob.do/wp-content/uploads/2026/05/temperaturas-extremas-y-precipitaciones-2026x05x30-a.pdf
2026-05-30,056,POLO,BARAHONA,INDOCAFE,EMCI,28.5,18.0,0.0,https://indomet.gob.do/wp-content/uploads/2026/05/temperaturas-extremas-y-precipitaciones-2026x05x30-a.pdf
2026-05-30,057,PONTÓN ABAJO (EMA),LA VEGA,MINISTERIO DE AGRICULTURA,EMAP,35.7,22.1,0.0,https://indomet.gob.do/wp-content/uploads/2026/05/temperaturas-extremas-y-precipitaciones-2026x05x30-a.pdf
2026-05-30,058,PRESA DE TAVERAS (EMA),LA VEGA,PROGRAMA MUNDIAL DE ALIMENTO,EMAP,32.2,21.3,0.0,https://indomet.gob.do/wp-content/uploads/2026/05/temperaturas-extremas-y-precipitaciones-2026x05x30-a.pdf
2026-05-30,059,PROLONGACION 27 DE FEBRERO,DISTRITO NACIONAL,PRIVADA,EMAP,,,0.0,https://indomet.gob.do/wp-content/uploads/2026/05/temperaturas-extremas-y-precipitaciones-2026x05x30-a.pdf
2026-05-30,060,RANCHO ARRIBA,SAN JOSÉ DE OCOA,CENTRO TECNOLÓGICO COMUNITARIO,EMCI,30.9,16.1,0.0,https://indomet.gob.do/wp-content/uploads/2026/05/temperaturas-extremas-y-precipitaciones-2026x05x30-a.pdf
2026-05-30,061,RESTAURACIÓN,DAJABÓN,MINISTERIO DE AGRICULTURA,EMCI,32.1,18.5,0.0,https://indomet.gob.do/wp-content/uploads/2026/05/temperaturas-extremas-y-precipitaciones-2026x05x30-a.pdf
2026-05-30,062,RÍO SAN JUAN,MARÍA TRINIDAD SÁNCHEZ,HOSP. MPAL. DR. DESIDERIO ACOSTA,EMCV,34.4,24.7,0.0,https://indomet.gob.do/wp-content/uploads/2026/05/temperaturas-extremas-y-precipitaciones-2026x05x30-a.pdf
2026-05-30,063,SABANA GRANDE DE BOYÁ,MONTE PLATA,MINISTERIO DE AGRICULTURA,EMCV,,,0.0,https://indomet.gob.do/wp-content/uploads/2026/05/temperaturas-extremas-y-precipitaciones-2026x05x30-a.pdf
2026-05-30,064,SABANETA (EMA),SANTIAGO RODRÍGUEZ,PROGRAMA MUNDIAL DE ALIMENTO,EMAP,36.4,23.4,0.0,https://indomet.gob.do/wp-content/uploads/2026/05/temperaturas-extremas-y-precipitaciones-2026x05x30-a.pdf
2026-05-30,065,SALCEDO,HERMANAS MIRABAL,PROPIEDAD DEL EMPLEADO,EMCI,,,0.0,https://indomet.gob.do/wp-content/uploads/2026/05/temperaturas-extremas-y-precipitaciones-2026x05x30-a.pdf
2026-05-30,066,SAMANÁ,SAMANÁ,COMANDANCIA DE PUERTO DE SAMANÁ,EMCI,34.2,20.6,0.0,https://indomet.gob.do/wp-content/uploads/2026/05/temperaturas-extremas-y-precipitaciones-2026x05x30-a.pdf
2026-05-30,067,SAN CRISTÓBAL,SAN CRISTÓBAL,INSTITUTO POLITÉCNICO LOYOLA,EMCI,31.2,23.2,0.0,https://indomet.gob.do/wp-content/uploads/2026/05/temperaturas-extremas-y-precipitaciones-2026x05x30-a.pdf
2026-05-30,068,SAN JOSÉ DE OCOA,SAN JOSÉ DE OCOA,HOSP. SAN JOSÉ DE OCOA,EMCI,32.6,17.8,0.0,https://indomet.gob.do/wp-content/uploads/2026/05/temperaturas-extremas-y-precipitaciones-2026x05x30-a.pdf
2026-05-30,069,SAN RAFAEL DEL YUMA,LA ALTAGRACIA,MINISTERIO DE AGRICULTURA,EMCI,32.7,24.0,0.0,https://indomet.gob.do/wp-content/uploads/2026/05/temperaturas-extremas-y-precipitaciones-2026x05x30-a.pdf
2026-05-30,070,SÁNCHEZ,SAMANÁ,MINISTERIO DE AGRICULTURA,EMCI,31.4,20.1,0.0,https://indomet.gob.do/wp-content/uploads/2026/05/temperaturas-extremas-y-precipitaciones-2026x05x30-a.pdf
2026-05-30,071,SANTIAGO RODRÍGUEZ,SANTIAGO RODRÍGUEZ,INDOMET,EMCI,36.5,24.0,0.0,https://indomet.gob.do/wp-content/uploads/2026/05/temperaturas-extremas-y-precipitaciones-2026x05x30-a.pdf
2026-05-30,072,SANTO DOMINGO ESTE,SANTO DOMINGO,INDOMET,EMCI,31.9,25.3,0.0,https://indomet.gob.do/wp-content/uploads/2026/05/temperaturas-extremas-y-precipitaciones-2026x05x30-a.pdf
2026-05-30,073,TÁBARA ABAJO,AZUA,INDRHI,EMCI,30.8,18.5,0.0,https://indomet.gob.do/wp-content/uploads/2026/05/temperaturas-extremas-y-precipitaciones-2026x05x30-a.pdf
2026-05-30,074,TAMBORIL,SANTIAGO,MINISTERIO DE AGRICULTURA,EMCV,,,0.0,https://indomet.gob.do/wp-content/uploads/2026/05/temperaturas-extremas-y-precipitaciones-2026x05x30-a.pdf
2026-05-30,075,VILLA ALTAGRACIA,SAN CRISTÓBAL,ESCUELA JAVIER ANGULO GURIDI,EMCI,,,0.0,https://indomet.gob.do/wp-content/uploads/2026/05/temperaturas-extremas-y-precipitaciones-2026x05x30-a.pdf
2026-05-30,076,VILLA GONZALES,SANTIAGO,MINISTERIO DE AGRICULTURA,EMCI,,,0.0,https://indomet.gob.do/wp-content/uploads/2026/05/temperaturas-extremas-y-precipitaciones-2026x05x30-a.pdf
2026-05-30,077,VILLA ISABELA,PUERTO PLATA,MINISTERIO DE AGRICULTURA,EMCV,34.8,21.0,0.0,https://indomet.gob.do/wp-content/uploads/2026/05/temperaturas-extremas-y-precipitaciones-2026x05x30-a.pdf
2026-05-30,078,VILLA RIVA,DUARTE,HOSP. MPAL. ALICIA DE LEGENDRE,EMCI,33.0,22.0,0.0,https://indomet.gob.do/wp-content/uploads/2026/05/temperaturas-extremas-y-precipitaciones-2026x05x30-a.pdf
2026-06-01,001,ENRIQUILLO,BARAHONA,MINISTERIO DE AGRICULTURA,EMCV,32.0,23.7,2.2,https://indomet.gob.do/wp-content/uploads/2026/06/temperaturas-extremas-y-precipitaciones-2026x06x01-a.pdf
2026-06-01,002,LOS CACICAZGOS (EMA),DISTRITO NACIONAL,PRIVADA,EMAP,,,0.6,https://indomet.gob.do/wp-content/uploads/2026/06/temperaturas-extremas-y-precipitaciones-2026x06x01-a.pdf
2026-06-01,003,ARPT. DE LAS AMÉRICAS,SANTO DOMINGO,INDOMET,EMCI,31.4,24.4,0.1,https://indomet.gob.do/wp-content/uploads/2026/06/temperaturas-extremas-y-precipitaciones-2026x06x01-a.pdf
2026-06-01,004,ALTAMIRA,PUERTO PLATA,HOSP. MPAL. DE ALTAMIRA,EMCI,36.7,21.1,0.0,https://indomet.gob.do/wp-content/uploads/2026/06/temperaturas-extremas-y-precipitaciones-2026x06x01-a.pdf
2026-06-01,005,ALTO BANDERA (EMA),LA VEGA,INTEC,EMAP,20.4,9.2,0.0,https://indomet.gob.do/wp-content/uploads/2026/06/temperaturas-extremas-y-precipitaciones-2026x06x01-a.pdf
2026-06-01,006,ANAMUYA (EMA),LA ALTAGRACIA,MINISTERIO DE AGRICULTURA,EMAP,33.4,24.2,0.0,https://indomet.gob.do/wp-content/uploads/2026/06/temperaturas-extremas-y-precipitaciones-2026x06x01-a.pdf
2026-06-01,007,ARPT. ARROYO BARRIL,SAMANÁ,INDOMET,EMCI,32.8,25.0,0.0,https://indomet.gob.do/wp-content/uploads/2026/06/temperaturas-extremas-y-precipitaciones-2026x06x01-a.pdf
2026-06-01,008,ARPT. DE LA ROMANA,LA ROMANA,INDOMET,EMCI,31.4,24.5,0.0,https://indomet.gob.do/wp-content/uploads/2026/06/temperaturas-extremas-y-precipitaciones-2026x06x01-a.pdf
2026-06-01,009,ARPT. DE PUNTA CANA,LA ALTAGRACIA,INDOMET,EMCI,32.2,24.5,0.0,https://indomet.gob.do/wp-content/uploads/2026/06/temperaturas-extremas-y-precipitaciones-2026x06x01-a.pdf
2026-06-01,010,ARPT. DEL CIBAO,SANTIAGO,INDOMET,EMCI,36.0,23.0,0.0,https://indomet.gob.do/wp-content/uploads/2026/06/temperaturas-extremas-y-precipitaciones-2026x06x01-a.pdf
2026-06-01,011,ARPT. EL CATEY,SAMANÁ,INDOMET,EMCI,32.0,23.0,0.0,https://indomet.gob.do/wp-content/uploads/2026/06/temperaturas-extremas-y-precipitaciones-2026x06x01-a.pdf
2026-06-01,012,ARPT. GREGORIO LUPERÓN,PUERTO PLATA,INDOMET,EMCI,34.2,23.0,0.0,https://indomet.gob.do/wp-content/uploads/2026/06/temperaturas-extremas-y-precipitaciones-2026x06x01-a.pdf
2026-06-01,013,ARPT. LA ISABELA,SANTO DOMINGO,INDOMET,EMCI,32.4,24.2,0.0,https://indomet.gob.do/wp-content/uploads/2026/06/temperaturas-extremas-y-precipitaciones-2026x06x01-a.pdf
2026-06-01,014,ARPT. MARÍA MONTEZ,BARAHONA,INDOMET,EMCI,32.2,25.6,0.0,https://indomet.gob.do/wp-content/uploads/2026/06/temperaturas-extremas-y-precipitaciones-2026x06x01-a.pdf
2026-06-01,015,ARROYO LORO,SAN JUAN,IDIAF,EMCI,33.2,20.7,0.0,https://indomet.gob.do/wp-content/uploads/2026/06/temperaturas-extremas-y-precipitaciones-2026x06x01-a.pdf
2026-06-01,016,BANI (EMA),PERAVIA,MINISTERIO DE AGRICULTURA,EMAP,30.9,25.5,0.0,https://indomet.gob.do/wp-content/uploads/2026/06/temperaturas-extremas-y-precipitaciones-2026x06x01-a.pdf
2026-06-01,017,BASE AÉREA DE SAN ISIDRO,SANTO DOMINGO,FUERZA AÉREA DOMINICANA,EMCV,31.0,24.0,0.0,https://indomet.gob.do/wp-content/uploads/2026/06/temperaturas-extremas-y-precipitaciones-2026x06x01-a.pdf
2026-06-01,018,BAYAGUANA,MONTE PLATA,INDOMET,EMCI,33.6,23.6,0.0,https://indomet.gob.do/wp-content/uploads/2026/06/temperaturas-extremas-y-precipitaciones-2026x06x01-a.pdf
2026-06-01,019,BELLA VISTA (EMA),DISTRITO NACIONAL,PRIVADA,EMAP,,,0.0,https://indomet.gob.do/wp-content/uploads/2026/06/temperaturas-extremas-y-precipitaciones-2026x06x01-a.pdf
2026-06-01,020,BOCA DE MAO (EMA),VALVERDE,MINISTERIO DE AGRICULTURA,EMAP,38.3,24.4,0.0,https://indomet.gob.do/wp-content/uploads/2026/06/temperaturas-extremas-y-precipitaciones-2026x06x01-a.pdf
2026-06-01,021,CABRAL,BARAHONA,MINISTERIO DE AGRICULTURA,EMCV,32.9,24.3,0.0,https://indomet.gob.do/wp-content/uploads/2026/06/temperaturas-extremas-y-precipitaciones-2026x06x01-a.pdf
2026-06-01,022,CABRERA,MARÍA TRINIDAD SÁNCHEZ,ESCUELA ARÍSTIDES FIALLO CABRAL,EMCI,33.2,26.4,0.0,https://indomet.gob.do/wp-content/uploads/2026/06/temperaturas-extremas-y-precipitaciones-2026x06x01-a.pdf
2026-06-01,023,CENTRO DE LOS HEROES (EMA),DISTRITO NACIONAL,MINISTERIO DE ENERGIA Y MINA,EMAP,31.6,27.4,0.0,https://indomet.gob.do/wp-content/uploads/2026/06/temperaturas-extremas-y-precipitaciones-2026x06x01-a.pdf
2026-06-01,024,CONSTANZA,LA VEGA,MINISTERIO DE AGRICULTURA,EMCI,30.2,11.5,0.0,https://indomet.gob.do/wp-content/uploads/2026/06/temperaturas-extremas-y-precipitaciones-2026x06x01-a.pdf
2026-06-01,025,CONSTANZA (EMA),LA VEGA,PROGRAMA MUNDIAL DE ALIMENTO,EMAP,28.3,13.1,0.0,https://indomet.gob.do/wp-content/uploads/2026/06/temperaturas-extremas-y-precipitaciones-2026x06x01-a.pdf
2026-06-01,026,COTUÍ,SÁNCHEZ RAMÍREZ,HOSP. INMACULADA CONCEPCIÓN,EMCV,,,0.0,https://indomet.gob.do/wp-content/uploads/2026/06/temperaturas-extremas-y-precipitaciones-2026x06x01-a.pdf
2026-06-01,027,DAJABÓN,DAJABÓN,INSTITUTO POLITÉCNICO LOYOLA,EMCI,35.6,20.0,0.0,https://indomet.gob.do/wp-content/uploads/2026/06/temperaturas-extremas-y-precipitaciones-2026x06x01-a.pdf
2026-06-01,028,EL CERCADO,SAN JUAN,MINISTERIO DE AGRICULTURA,EMCV,,,0.0,https://indomet.gob.do/wp-content/uploads/2026/06/temperaturas-extremas-y-precipitaciones-2026x06x01-a.pdf
2026-06-01,029,EL MILLON (EMA),DISTRITO NACIONAL,PRIVADA,EMAP,,,0.0,https://indomet.gob.do/wp-content/uploads/2026/06/temperaturas-extremas-y-precipitaciones-2026x06x01-a.pdf
2026-06-01,030,ELÍAS PIÑA,ELÍAS PIÑA,MINISTERIO DE AGRICULTURA,EMCV,,,0.0,https://indomet.gob.do/wp-content/uploads/2026/06/temperaturas-extremas-y-precipitaciones-2026x06x01-a.pdf
2026-06-01,031,ENSANCHE LA FE (EMA),DISTRITO NACIONAL,PRIVADA,EMAP,,,0.0,https://indomet.gob.do/wp-content/uploads/2026/06/temperaturas-extremas-y-precipitaciones-2026x06x01-a.pdf
2026-06-01,032,GASPAR HERNÁNDEZ,ESPAILLAT,PROPIEDAD DEL EMPLEADO,EMCI,,,0.0,https://indomet.gob.do/wp-content/uploads/2026/06/temperaturas-extremas-y-precipitaciones-2026x06x01-a.pdf
2026-06-01,033,GURABO,SANTIAGO,MINISTERIO DE AGRICULTURA,EMCV,,,0.0,https://indomet.gob.do/wp-content/uploads/2026/06/temperaturas-extremas-y-precipitaciones-2026x06x01-a.pdf
2026-06-01,034,HATO MAYOR,HATO MAYOR,MINISTERIO DE AGRICULTURA,EMCV,,,0.0,https://indomet.gob.do/wp-content/uploads/2026/06/temperaturas-extremas-y-precipitaciones-2026x06x01-a.pdf
2026-06-01,035,HONDO VALLE,ELÍAS PIÑA,MINISTERIO DE AGRICULTURA,EMCI,30.0,19.1,0.0,https://indomet.gob.do/wp-content/uploads/2026/06/temperaturas-extremas-y-precipitaciones-2026x06x01-a.pdf
2026-06-01,036,JARABACOA,LA VEGA,INDRHI / MARENA,EMCI,34.2,15.0,0.0,https://indomet.gob.do/wp-content/uploads/2026/06/temperaturas-extremas-y-precipitaciones-2026x06x01-a.pdf
2026-06-01,037,JARABACOA (EMA),LA VEGA,PROGRAMA MUNDIAL DE ALIMENTO,EMAP,32.6,17.3,0.0,https://indomet.gob.do/wp-content/uploads/2026/06/temperaturas-extremas-y-precipitaciones-2026x06x01-a.pdf
2026-06-01,038,JARDÍN BOTÁNICO NACIONAL,DISTRITO NACIONAL,JARDÍN BOTÁNICO NACIONAL,EMCV,31.5,23.2,0.0,https://indomet.gob.do/wp-content/uploads/2026/06/temperaturas-extremas-y-precipitaciones-2026x06x01-a.pdf
2026-06-01,039,JIMANÍ,INDEPENDENCIA,MINISTERIO DE AGRICULTURA,EMCI,36.2,25.8,0.0,https://indomet.gob.do/wp-content/uploads/2026/06/temperaturas-extremas-y-precipitaciones-2026x06x01-a.pdf
2026-06-01,040,JUMA BEJUCAL,MONSEÑOR NOUEL,IDIAF,EMCV,33.0,25.6,0.0,https://indomet.gob.do/wp-content/uploads/2026/06/temperaturas-extremas-y-precipitaciones-2026x06x01-a.pdf
2026-06-01,041,LA AGUSTINA (EMA),DISTRITO NACIONAL,PRIVADA,EMAP,,,0.0,https://indomet.gob.do/wp-content/uploads/2026/06/temperaturas-extremas-y-precipitaciones-2026x06x01-a.pdf
2026-06-01,042,LA VEGA,LA VEGA,IATESA,EMCI,34.0,21.0,0.0,https://indomet.gob.do/wp-content/uploads/2026/06/temperaturas-extremas-y-precipitaciones-2026x06x01-a.pdf
2026-06-01,043,LA VICTORIA,SANTO DOMINGO,CUERPO DE BOMBEROS,EMCI,31.5,24.5,0.0,https://indomet.gob.do/wp-content/uploads/2026/06/temperaturas-extremas-y-precipitaciones-2026x06x01-a.pdf
2026-06-01,044,LOS COCOS (EMA),BAHORUCO,PRIVADA,EMAP,,,0.0,https://indomet.gob.do/wp-content/uploads/2026/06/temperaturas-extremas-y-precipitaciones-2026x06x01-a.pdf
2026-06-01,045,LOS JARDINES (EMA),DISTRITO NACIONAL,PRIVADA,EMAP,,,0.0,https://indomet.gob.do/wp-content/uploads/2026/06/temperaturas-extremas-y-precipitaciones-2026x06x01-a.pdf
2026-06-01,046,LOS JENGIBRES,NAGUA,INDRHI,EMCI,,,0.0,https://indomet.gob.do/wp-content/uploads/2026/06/temperaturas-extremas-y-precipitaciones-2026x06x01-a.pdf
2026-06-01,047,LOS LLANOS,SAN PEDRO DE MACORÍS,MINISTERIO DE AGRICULTURA,EMCI,32.6,23.7,0.0,https://indomet.gob.do/wp-content/uploads/2026/06/temperaturas-extremas-y-precipitaciones-2026x06x01-a.pdf
2026-06-01,048,LOS PRADOS (EMA),DISTRITO NACIONAL,PRIVADA,EMAP,,,0.0,https://indomet.gob.do/wp-content/uploads/2026/06/temperaturas-extremas-y-precipitaciones-2026x06x01-a.pdf
2026-06-01,049,MAO,VALVERDE,INDRHI / MINISTERIO DE AGRICULTURA,EMCV,,,0.0,https://indomet.gob.do/wp-content/uploads/2026/06/temperaturas-extremas-y-precipitaciones-2026x06x01-a.pdf
2026-06-01,050,MICHES (EMA),EL SEIBO,PRIVADA,EMAP,34.1,23.7,0.0,https://indomet.gob.do/wp-content/uploads/2026/06/temperaturas-extremas-y-precipitaciones-2026x06x01-a.pdf
2026-06-01,051,MONCIÓN (EMA),SANTIAGO RODRÍGUEZ,PROGRAMA MUNDIAL DE ALIMENTO,EMAP,34.4,23.1,0.0,https://indomet.gob.do/wp-content/uploads/2026/06/temperaturas-extremas-y-precipitaciones-2026x06x01-a.pdf
2026-06-01,052,MONTE CRISTI,MONTE CRISTI,INDOMET,EMCI,34.2,25.6,0.0,https://indomet.gob.do/wp-content/uploads/2026/06/temperaturas-extremas-y-precipitaciones-2026x06x01-a.pdf
2026-06-01,053,NAVARRETE,SANTIAGO,MINISTERIO DE AGRICULTURA,EMCV,,,0.0,https://indomet.gob.do/wp-content/uploads/2026/06/temperaturas-extremas-y-precipitaciones-2026x06x01-a.pdf
2026-06-01,054,OVIEDO,PEDERNALES,CLÍNICA RURAL OVIEDO,EMCI,32.4,24.5,0.0,https://indomet.gob.do/wp-content/uploads/2026/06/temperaturas-extremas-y-precipitaciones-2026x06x01-a.pdf
2026-06-01,055,PADRE LAS CASAS,AZUA,HOSP. NTRA. SRA. DEL CARMEN,EMCI,31.5,19.0,0.0,https://indomet.gob.do/wp-content/uploads/2026/06/temperaturas-extremas-y-precipitaciones-2026x06x01-a.pdf
2026-06-01,056,PALO ÍNDIO,PUERTO PLATA,MINISTERIO DE AGRICULTURA,EMCI,,,0.0,https://indomet.gob.do/wp-content/uploads/2026/06/temperaturas-extremas-y-precipitaciones-2026x06x01-a.pdf
2026-06-01,057,PARQUE MIRADOR SUR,DISTRITO NACIONAL,AYUNTAMIENTO,EMCV,33.5,24.0,0.0,https://indomet.gob.do/wp-content/uploads/2026/06/temperaturas-extremas-y-precipitaciones-2026x06x01-a.pdf
2026-06-01,058,PASO AL MEDIO,SAN PEDRO DE MACORÍS,INDRHI,EMCI,,,0.0,https://indomet.gob.do/wp-content/uploads/2026/06/temperaturas-extremas-y-precipitaciones-2026x06x01-a.pdf
2026-06-01,059,PERALTA,AZUA,HOSP. MPAL. DE PERALTA,EMCI,33.0,20.3,0.0,https://indomet.gob.do/wp-content/uploads/2026/06/temperaturas-extremas-y-precipitaciones-2026x06x01-a.pdf
2026-06-01,060,POLO,BARAHONA,INDOCAFE,EMCI,29.2,14.0,0.0,https://indomet.gob.do/wp-content/uploads/2026/06/temperaturas-extremas-y-precipitaciones-2026x06x01-a.pdf
2026-06-01,061,PONTÓN ABAJO (EMA),LA VEGA,MINISTERIO DE AGRICULTURA,EMAP,36.7,22.3,0.0,https://indomet.gob.do/wp-content/uploads/2026/06/temperaturas-extremas-y-precipitaciones-2026x06x01-a.pdf
2026-06-01,062,PRESA DE TAVERAS (EMA),LA VEGA,PROGRAMA MUNDIAL DE ALIMENTO,EMAP,32.8,19.1,0.0,https://indomet.gob.do/wp-content/uploads/2026/06/temperaturas-extremas-y-precipitaciones-2026x06x01-a.pdf
2026-06-01,063,PROLONGACION 27 DE FEBRERO,DISTRITO NACIONAL,PRIVADA,EMAP,,,0.0,https://indomet.gob.do/wp-content/uploads/2026/06/temperaturas-extremas-y-precipitaciones-2026x06x01-a.pdf
2026-06-01,064,RANCHO ARRIBA,SAN JOSÉ DE OCOA,CENTRO TECNOLÓGICO COMUNITARIO,EMCI,32.2,16.7,0.0,https://indomet.gob.do/wp-content/uploads/2026/06/temperaturas-extremas-y-precipitaciones-2026x06x01-a.pdf
2026-06-01,065,RESTAURACIÓN,DAJABÓN,MINISTERIO DE AGRICULTURA,EMCI,33.7,18.4,0.0,https://indomet.gob.do/wp-content/uploads/2026/06/temperaturas-extremas-y-precipitaciones-2026x06x01-a.pdf
2026-06-01,066,RÍO SAN JUAN,MARÍA TRINIDAD SÁNCHEZ,HOSP. MPAL. DR. DESIDERIO ACOSTA,EMCV,35.1,24.7,0.0,https://indomet.gob.do/wp-content/uploads/2026/06/temperaturas-extremas-y-precipitaciones-2026x06x01-a.pdf
2026-06-01,067,SABANA DE LA MAR,HATO MAYOR,INDOMET,EMCI,31.8,23.5,0.0,https://indomet.gob.do/wp-content/uploads/2026/06/temperaturas-extremas-y-precipitaciones-2026x06x01-a.pdf
2026-06-01,068,SABANA GRANDE DE BOYÁ,MONTE PLATA,MINISTERIO DE AGRICULTURA,EMCV,,,0.0,https://indomet.gob.do/wp-content/uploads/2026/06/temperaturas-extremas-y-precipitaciones-2026x06x01-a.pdf
2026-06-01,069,SABANETA (EMA),SANTIAGO RODRÍGUEZ,PROGRAMA MUNDIAL DE ALIMENTO,EMAP,37.4,25.3,0.0,https://indomet.gob.do/wp-content/uploads/2026/06/temperaturas-extremas-y-precipitaciones-2026x06x01-a.pdf
2026-06-01,070,SALCEDO,HERMANAS MIRABAL,PROPIEDAD DEL EMPLEADO,EMCI,,,0.0,https://indomet.gob.do/wp-content/uploads/2026/06/temperaturas-extremas-y-precipitaciones-2026x06x01-a.pdf
2026-06-01,071,SAMANÁ,SAMANÁ,COMANDANCIA DE PUERTO DE SAMANÁ,EMCI,33.9,20.9,0.0,https://indomet.gob.do/wp-content/uploads/2026/06/temperaturas-extremas-y-precipitaciones-2026x06x01-a.pdf
2026-06-01,072,SAN CRISTÓBAL,SAN CRISTÓBAL,INSTITUTO POLITÉCNICO LOYOLA,EMCI,31.2,23.0,0.0,https://indomet.gob.do/wp-content/uploads/2026/06/temperaturas-extremas-y-precipitaciones-2026x06x01-a.pdf
2026-06-01,073,SAN FRANCISCO DE MACORÍS,DUARTE,San Francisco de Macorís (UASD),EMCI,34.3,28.4,0.0,https://indomet.gob.do/wp-content/uploads/2026/06/temperaturas-extremas-y-precipitaciones-2026x06x01-a.pdf
2026-06-01,074,SAN JOSÉ DE OCOA,SAN JOSÉ DE OCOA,HOSP. SAN JOSÉ DE OCOA,EMCI,31.3,19.8,0.0,https://indomet.gob.do/wp-content/uploads/2026/06/temperaturas-extremas-y-precipitaciones-2026x06x01-a.pdf
2026-06-01,075,SAN RAFAEL DEL YUMA,LA ALTAGRACIA,MINISTERIO DE AGRICULTURA,EMCI,33.6,24.9,0.0,https://indomet.gob.do/wp-content/uploads/2026/06/temperaturas-extremas-y-precipitaciones-2026x06x01-a.pdf
2026-06-01,076,SÁNCHEZ,SAMANÁ,MINISTERIO DE AGRICULTURA,EMCI,34.2,,0.0,https://indomet.gob.do/wp-content/uploads/2026/06/temperaturas-extremas-y-precipitaciones-2026x06x01-a.pdf
2026-06-01,077,SANTIAGO RODRÍGUEZ,SANTIAGO RODRÍGUEZ,INDOMET,EMCI,37.3,25.2,0.0,https://indomet.gob.do/wp-content/uploads/2026/06/temperaturas-extremas-y-precipitaciones-2026x06x01-a.pdf
2026-06-01,078,SANTO DOMINGO ESTE,SANTO DOMINGO,INDOMET,EMCI,32.6,26.5,0.0,https://indomet.gob.do/wp-content/uploads/2026/06/temperaturas-extremas-y-precipitaciones-2026x06x01-a.pdf
2026-06-01,079,TÁBARA ABAJO,AZUA,INDRHI,EMCI,30.5,19.5,0.0,https://indomet.gob.do/wp-content/uploads/2026/06/temperaturas-extremas-y-precipitaciones-2026x06x01-a.pdf
2026-06-01,080,TAMBORIL,SANTIAGO,MINISTERIO DE AGRICULTURA,EMCV,,,0.0,https://indomet.gob.do/wp-content/uploads/2026/06/temperaturas-extremas-y-precipitaciones-2026x06x01-a.pdf
2026-06-01,081,TAVERA,SANTIAGO,INDRHI,EMCI,,,0.0,https://indomet.gob.do/wp-content/uploads/2026/06/temperaturas-extremas-y-precipitaciones-2026x06x01-a.pdf
2026-06-01,082,VILLA ALTAGRACIA,SAN CRISTÓBAL,ESCUELA JAVIER ANGULO GURIDI,EMCI,,,0.0,https://indomet.gob.do/wp-content/uploads/2026/06/temperaturas-extremas-y-precipitaciones-2026x06x01-a.pdf
2026-06-01,083,VILLA GONZALES,SANTIAGO,MINISTERIO DE AGRICULTURA,EMCI,,,0.0,https://indomet.gob.do/wp-content/uploads/2026/06/temperaturas-extremas-y-precipitaciones-2026x06x01-a.pdf
2026-06-01,084,VILLA RIVA,DUARTE,HOSP. MPAL. ALICIA DE LEGENDRE,EMCI,33.3,23.2,0.0,https://indomet.gob.do/wp-content/uploads/2026/06/temperaturas-extremas-y-precipitaciones-2026x06x01-a.pdf
2026-06-02,001,ARPT. DE LA ROMANA,LA ROMANA,INDOMET,EMCI,32.7,22.7,0.4,https://indomet.gob.do/wp-content/uploads/2026/06/temperaturas-extremas-y-precipitaciones-2026x06x02-a.pdf
2026-06-02,002,CABRAL,BARAHONA,MINISTERIO DE AGRICULTURA,EMCV,32.0,22.5,0.1,https://indomet.gob.do/wp-content/uploads/2026/06/temperaturas-extremas-y-precipitaciones-2026x06x02-a.pdf
2026-06-02,003,DAJABÓN,DAJABÓN,INSTITUTO POLITÉCNICO LOYOLA,EMCI,34.2,23.0,0.1,https://indomet.gob.do/wp-content/uploads/2026/06/temperaturas-extremas-y-precipitaciones-2026x06x02-a.pdf
2026-06-02,004,RESTAURACIÓN,DAJABÓN,MINISTERIO DE AGRICULTURA,EMCI,34.0,18.7,0.1,https://indomet.gob.do/wp-content/uploads/2026/06/temperaturas-extremas-y-precipitaciones-2026x06x02-a.pdf
2026-06-02,005,ALTAMIRA,PUERTO PLATA,HOSP. MPAL. DE ALTAMIRA,EMCI,36.4,19.6,0.0,https://indomet.gob.do/wp-content/uploads/2026/06/temperaturas-extremas-y-precipitaciones-2026x06x02-a.pdf
2026-06-02,006,ALTO BANDERA (EMA),LA VEGA,INTEC,EMAP,18.3,6.8,0.0,https://indomet.gob.do/wp-content/uploads/2026/06/temperaturas-extremas-y-precipitaciones-2026x06x02-a.pdf
2026-06-02,007,ANAMUYA (EMA),LA ALTAGRACIA,MINISTERIO DE AGRICULTURA,EMAP,32.4,23.7,0.0,https://indomet.gob.do/wp-content/uploads/2026/06/temperaturas-extremas-y-precipitaciones-2026x06x02-a.pdf
2026-06-02,008,ARPT. ARROYO BARRIL,SAMANÁ,INDOMET,EMCI,32.9,23.9,0.0,https://indomet.gob.do/wp-content/uploads/2026/06/temperaturas-extremas-y-precipitaciones-2026x06x02-a.pdf
2026-06-02,009,ARPT. DE LAS AMÉRICAS,SANTO DOMINGO,INDOMET,EMCI,31.6,24.0,0.0,https://indomet.gob.do/wp-content/uploads/2026/06/temperaturas-extremas-y-precipitaciones-2026x06x02-a.pdf
2026-06-02,010,ARPT. DE PUNTA CANA,LA ALTAGRACIA,INDOMET,EMCI,31.0,26.0,0.0,https://indomet.gob.do/wp-content/uploads/2026/06/temperaturas-extremas-y-precipitaciones-2026x06x02-a.pdf
2026-06-02,011,ARPT. DEL CIBAO,SANTIAGO,INDOMET,EMCI,35.5,22.4,0.0,https://indomet.gob.do/wp-content/uploads/2026/06/temperaturas-extremas-y-precipitaciones-2026x06x02-a.pdf
2026-06-02,012,ARPT. EL CATEY,SAMANÁ,INDOMET,EMCI,33.0,22.0,0.0,https://indomet.gob.do/wp-content/uploads/2026/06/temperaturas-extremas-y-precipitaciones-2026x06x02-a.pdf
2026-06-02,013,ARPT. GREGORIO LUPERÓN,PUERTO PLATA,INDOMET,EMCI,36.7,24.0,0.0,https://indomet.gob.do/wp-content/uploads/2026/06/temperaturas-extremas-y-precipitaciones-2026x06x02-a.pdf
2026-06-02,014,ARPT. LA ISABELA,SANTO DOMINGO,INDOMET,EMCI,32.0,22.8,0.0,https://indomet.gob.do/wp-content/uploads/2026/06/temperaturas-extremas-y-precipitaciones-2026x06x02-a.pdf
2026-06-02,015,ARPT. MARÍA MONTEZ,BARAHONA,INDOMET,EMCI,31.8,25.2,0.0,https://indomet.gob.do/wp-content/uploads/2026/06/temperaturas-extremas-y-precipitaciones-2026x06x02-a.pdf
2026-06-02,016,ARROYO LORO,SAN JUAN,IDIAF,EMCI,34.0,21.8,0.0,https://indomet.gob.do/wp-content/uploads/2026/06/temperaturas-extremas-y-precipitaciones-2026x06x02-a.pdf
2026-06-02,017,BANI (EMA),PERAVIA,MINISTERIO DE AGRICULTURA,EMAP,34.1,23.8,0.0,https://indomet.gob.do/wp-content/uploads/2026/06/temperaturas-extremas-y-precipitaciones-2026x06x02-a.pdf
2026-06-02,018,BASE AÉREA DE SAN ISIDRO,SANTO DOMINGO,FUERZA AÉREA DOMINICANA,EMCV,32.0,23.0,0.0,https://indomet.gob.do/wp-content/uploads/2026/06/temperaturas-extremas-y-precipitaciones-2026x06x02-a.pdf
2026-06-02,019,BAYAGUANA,MONTE PLATA,INDOMET,EMCI,33.0,23.5,0.0,https://indomet.gob.do/wp-content/uploads/2026/06/temperaturas-extremas-y-precipitaciones-2026x06x02-a.pdf
2026-06-02,020,BOCA DE MAO (EMA),VALVERDE,MINISTERIO DE AGRICULTURA,EMAP,38.2,22.7,0.0,https://indomet.gob.do/wp-content/uploads/2026/06/temperaturas-extremas-y-precipitaciones-2026x06x02-a.pdf
2026-06-02,021,BOHECHÍO,SAN JUAN,MINISTERIO DE AGRICULTURA,EMCV,,,0.0,https://indomet.gob.do/wp-content/uploads/2026/06/temperaturas-extremas-y-precipitaciones-2026x06x02-a.pdf
2026-06-02,022,BONAO,MONSEÑOR NOUEL,MINISTERIO DE AGRICULTURA,EMCV,,,0.0,https://indomet.gob.do/wp-content/uploads/2026/06/temperaturas-extremas-y-precipitaciones-2026x06x02-a.pdf
2026-06-02,023,CABRERA,MARÍA TRINIDAD SÁNCHEZ,ESCUELA ARÍSTIDES FIALLO CABRAL,EMCI,32.5,23.9,0.0,https://indomet.gob.do/wp-content/uploads/2026/06/temperaturas-extremas-y-precipitaciones-2026x06x02-a.pdf
2026-06-02,024,CENTRO DE LOS HEROES (EMA),DISTRITO NACIONAL,MINISTERIO DE ENERGIA Y MINA,EMAP,32.2,25.9,0.0,https://indomet.gob.do/wp-content/uploads/2026/06/temperaturas-extremas-y-precipitaciones-2026x06x02-a.pdf
2026-06-02,025,CONSTANZA (EMA),LA VEGA,PROGRAMA MUNDIAL DE ALIMENTO,EMAP,30.6,12.4,0.0,https://indomet.gob.do/wp-content/uploads/2026/06/temperaturas-extremas-y-precipitaciones-2026x06x02-a.pdf
2026-06-02,026,EL CERCADO,SAN JUAN,MINISTERIO DE AGRICULTURA,EMCV,,,0.0,https://indomet.gob.do/wp-content/uploads/2026/06/temperaturas-extremas-y-precipitaciones-2026x06x02-a.pdf
2026-06-02,027,EL MILLON (EMA),DISTRITO NACIONAL,PRIVADA,EMAP,,,0.0,https://indomet.gob.do/wp-content/uploads/2026/06/temperaturas-extremas-y-precipitaciones-2026x06x02-a.pdf
2026-06-02,028,ELÍAS PIÑA,ELÍAS PIÑA,MINISTERIO DE AGRICULTURA,EMCV,,,0.0,https://indomet.gob.do/wp-content/uploads/2026/06/temperaturas-extremas-y-precipitaciones-2026x06x02-a.pdf
2026-06-02,029,ENRIQUILLO,BARAHONA,MINISTERIO DE AGRICULTURA,EMCV,32.7,23.0,0.0,https://indomet.gob.do/wp-content/uploads/2026/06/temperaturas-extremas-y-precipitaciones-2026x06x02-a.pdf
2026-06-02,030,ESCONDIDO,PERAVIA,MINISTERIO DE AGRICULTURA,EMCV,32.0,26.0,0.0,https://indomet.gob.do/wp-content/uploads/2026/06/temperaturas-extremas-y-precipitaciones-2026x06x02-a.pdf
2026-06-02,031,GURABO,SANTIAGO,MINISTERIO DE AGRICULTURA,EMCV,,,0.0,https://indomet.gob.do/wp-content/uploads/2026/06/temperaturas-extremas-y-precipitaciones-2026x06x02-a.pdf
2026-06-02,032,HATO MAYOR,HATO MAYOR,MINISTERIO DE AGRICULTURA,EMCV,,,0.0,https://indomet.gob.do/wp-content/uploads/2026/06/temperaturas-extremas-y-precipitaciones-2026x06x02-a.pdf
2026-06-02,033,HONDO VALLE,ELÍAS PIÑA,MINISTERIO DE AGRICULTURA,EMCI,28.9,18.8,0.0,https://indomet.gob.do/wp-content/uploads/2026/06/temperaturas-extremas-y-precipitaciones-2026x06x02-a.pdf
2026-06-02,034,JARABACOA,LA VEGA,INDRHI / MARENA,EMCI,35.2,15.4,0.0,https://indomet.gob.do/wp-content/uploads/2026/06/temperaturas-extremas-y-precipitaciones-2026x06x02-a.pdf
2026-06-02,035,JARABACOA (EMA),LA VEGA,PROGRAMA MUNDIAL DE ALIMENTO,EMAP,33.2,17.7,0.0,https://indomet.gob.do/wp-content/uploads/2026/06/temperaturas-extremas-y-precipitaciones-2026x06x02-a.pdf
2026-06-02,036,JARDÍN BOTÁNICO NACIONAL,DISTRITO NACIONAL,JARDÍN BOTÁNICO NACIONAL,EMCV,32.0,20.5,0.0,https://indomet.gob.do/wp-content/uploads/2026/06/temperaturas-extremas-y-precipitaciones-2026x06x02-a.pdf
2026-06-02,037,JIMANÍ,INDEPENDENCIA,MINISTERIO DE AGRICULTURA,EMCI,35.6,25.2,0.0,https://indomet.gob.do/wp-content/uploads/2026/06/temperaturas-extremas-y-precipitaciones-2026x06x02-a.pdf
2026-06-02,038,JUMA BEJUCAL,MONSEÑOR NOUEL,IDIAF,EMCV,32.2,23.2,0.0,https://indomet.gob.do/wp-content/uploads/2026/06/temperaturas-extremas-y-precipitaciones-2026x06x02-a.pdf
2026-06-02,039,LA AGUSTINA (EMA),DISTRITO NACIONAL,PRIVADA,EMAP,,,0.0,https://indomet.gob.do/wp-content/uploads/2026/06/temperaturas-extremas-y-precipitaciones-2026x06x02-a.pdf
2026-06-02,040,LA VEGA,LA VEGA,IATESA,EMCI,34.0,21.5,0.0,https://indomet.gob.do/wp-content/uploads/2026/06/temperaturas-extremas-y-precipitaciones-2026x06x02-a.pdf
2026-06-02,041,LA VICTORIA,SANTO DOMINGO,CUERPO DE BOMBEROS,EMCI,33.6,23.0,0.0,https://indomet.gob.do/wp-content/uploads/2026/06/temperaturas-extremas-y-precipitaciones-2026x06x02-a.pdf
2026-06-02,042,LAS CANAS (EMA),MONTE CRISTI,PROGRAMA MUNDIAL DE ALIMENTO,EMAP,31.9,23.7,0.0,https://indomet.gob.do/wp-content/uploads/2026/06/temperaturas-extremas-y-precipitaciones-2026x06x02-a.pdf
2026-06-02,043,LOS CACICAZGOS (EMA),DISTRITO NACIONAL,PRIVADA,EMAP,,,0.0,https://indomet.gob.do/wp-content/uploads/2026/06/temperaturas-extremas-y-precipitaciones-2026x06x02-a.pdf
2026-06-02,044,LOS JARDINES (EMA),DISTRITO NACIONAL,PRIVADA,EMAP,,,0.0,https://indomet.gob.do/wp-content/uploads/2026/06/temperaturas-extremas-y-precipitaciones-2026x06x02-a.pdf
2026-06-02,045,LOS LLANOS,SAN PEDRO DE MACORÍS,MINISTERIO DE AGRICULTURA,EMCI,33.0,23.2,0.0,https://indomet.gob.do/wp-content/uploads/2026/06/temperaturas-extremas-y-precipitaciones-2026x06x02-a.pdf
2026-06-02,046,LOS PRADOS (EMA),DISTRITO NACIONAL,PRIVADA,EMAP,,,0.0,https://indomet.gob.do/wp-content/uploads/2026/06/temperaturas-extremas-y-precipitaciones-2026x06x02-a.pdf
2026-06-02,047,MAO,VALVERDE,INDRHI / MINISTERIO DE AGRICULTURA,EMCV,,,0.0,https://indomet.gob.do/wp-content/uploads/2026/06/temperaturas-extremas-y-precipitaciones-2026x06x02-a.pdf
2026-06-02,048,MICHES (EMA),EL SEIBO,PRIVADA,EMAP,35.2,24.0,0.0,https://indomet.gob.do/wp-content/uploads/2026/06/temperaturas-extremas-y-precipitaciones-2026x06x02-a.pdf
2026-06-02,049,MONTE CRISTI,MONTE CRISTI,INDOMET,EMCI,34.6,25.0,0.0,https://indomet.gob.do/wp-content/uploads/2026/06/temperaturas-extremas-y-precipitaciones-2026x06x02-a.pdf
2026-06-02,050,LOS COCOS (EMA),BAHORUCO,PRIVADA,EMAP,,,0.0,https://indomet.gob.do/wp-content/uploads/2026/06/temperaturas-extremas-y-precipitaciones-2026x06x02-a.pdf
2026-06-02,051,OLIVARES,PEDERNALES,INDRHI,EMCI,,,0.0,https://indomet.gob.do/wp-content/uploads/2026/06/temperaturas-extremas-y-precipitaciones-2026x06x02-a.pdf
2026-06-02,052,OVIEDO,PEDERNALES,CLÍNICA RURAL OVIEDO,EMCI,33.0,24.6,0.0,https://indomet.gob.do/wp-content/uploads/2026/06/temperaturas-extremas-y-precipitaciones-2026x06x02-a.pdf
2026-06-02,053,PADRE LAS CASAS,AZUA,HOSP. NTRA. SRA. DEL CARMEN,EMCI,32.8,18.0,0.0,https://indomet.gob.do/wp-content/uploads/2026/06/temperaturas-extremas-y-precipitaciones-2026x06x02-a.pdf
2026-06-02,054,PEDERNALES,PEDERNALES,INDRHI,EMCI,,,0.0,https://indomet.gob.do/wp-content/uploads/2026/06/temperaturas-extremas-y-precipitaciones-2026x06x02-a.pdf
2026-06-02,055,PERALTA,AZUA,HOSP. MPAL. DE PERALTA,EMCI,31.5,17.1,0.0,https://indomet.gob.do/wp-content/uploads/2026/06/temperaturas-extremas-y-precipitaciones-2026x06x02-a.pdf
2026-06-02,056,PESCADERIA (EMA),BARAHONA,MINISTERIO DE AGRICULTURA,EMAP,,,0.0,https://indomet.gob.do/wp-content/uploads/2026/06/temperaturas-extremas-y-precipitaciones-2026x06x02-a.pdf
2026-06-02,057,POLO,BARAHONA,INDOCAFE,EMCI,29.0,16.0,0.0,https://indomet.gob.do/wp-content/uploads/2026/06/temperaturas-extremas-y-precipitaciones-2026x06x02-a.pdf
2026-06-02,058,PONTÓN ABAJO (EMA),LA VEGA,MINISTERIO DE AGRICULTURA,EMAP,36.3,21.7,0.0,https://indomet.gob.do/wp-content/uploads/2026/06/temperaturas-extremas-y-precipitaciones-2026x06x02-a.pdf
2026-06-02,059,PRESA DE TAVERAS (EMA),LA VEGA,PROGRAMA MUNDIAL DE ALIMENTO,EMAP,33.3,20.2,0.0,https://indomet.gob.do/wp-content/uploads/2026/06/temperaturas-extremas-y-precipitaciones-2026x06x02-a.pdf
2026-06-02,060,PROLONGACION 27 DE FEBRERO,DISTRITO NACIONAL,PRIVADA,EMAP,,,0.0,https://indomet.gob.do/wp-content/uploads/2026/06/temperaturas-extremas-y-precipitaciones-2026x06x02-a.pdf
2026-06-02,061,RANCHO ARRIBA,SAN JOSÉ DE OCOA,CENTRO TECNOLÓGICO COMUNITARIO,EMCI,31.2,15.2,0.0,https://indomet.gob.do/wp-content/uploads/2026/06/temperaturas-extremas-y-precipitaciones-2026x06x02-a.pdf
2026-06-02,062,RÍO SAN JUAN,MARÍA TRINIDAD SÁNCHEZ,HOSP. MPAL. DR. DESIDERIO ACOSTA,EMCV,34.8,24.0,0.0,https://indomet.gob.do/wp-content/uploads/2026/06/temperaturas-extremas-y-precipitaciones-2026x06x02-a.pdf
2026-06-02,063,SABANA DE LA MAR,HATO MAYOR,INDOMET,EMCI,35.0,22.4,0.0,https://indomet.gob.do/wp-content/uploads/2026/06/temperaturas-extremas-y-precipitaciones-2026x06x02-a.pdf
2026-06-02,064,SABANA GRANDE DE BOYÁ,MONTE PLATA,MINISTERIO DE AGRICULTURA,EMCV,,,0.0,https://indomet.gob.do/wp-content/uploads/2026/06/temperaturas-extremas-y-precipitaciones-2026x06x02-a.pdf
2026-06-02,065,SABANETA (EMA),SANTIAGO RODRÍGUEZ,PROGRAMA MUNDIAL DE ALIMENTO,EMAP,37.4,22.3,0.0,https://indomet.gob.do/wp-content/uploads/2026/06/temperaturas-extremas-y-precipitaciones-2026x06x02-a.pdf
2026-06-02,066,SALCEDO,HERMANAS MIRABAL,PROPIEDAD DEL EMPLEADO,EMCI,,,0.0,https://indomet.gob.do/wp-content/uploads/2026/06/temperaturas-extremas-y-precipitaciones-2026x06x02-a.pdf
2026-06-02,067,SAMANÁ,SAMANÁ,COMANDANCIA DE PUERTO DE SAMANÁ,EMCI,34.4,18.7,0.0,https://indomet.gob.do/wp-content/uploads/2026/06/temperaturas-extremas-y-precipitaciones-2026x06x02-a.pdf
2026-06-02,068,SAN CRISTÓBAL,SAN CRISTÓBAL,INSTITUTO POLITÉCNICO LOYOLA,EMCI,32.0,22.0,0.0,https://indomet.gob.do/wp-content/uploads/2026/06/temperaturas-extremas-y-precipitaciones-2026x06x02-a.pdf
2026-06-02,069,SAN FRANCISCO DE MACORÍS,DUARTE,San Francisco de Macorís (UASD),EMCI,34.0,23.5,0.0,https://indomet.gob.do/wp-content/uploads/2026/06/temperaturas-extremas-y-precipitaciones-2026x06x02-a.pdf
2026-06-02,070,SAN JOSÉ DE OCOA,SAN JOSÉ DE OCOA,HOSP. SAN JOSÉ DE OCOA,EMCI,33.0,19.5,0.0,https://indomet.gob.do/wp-content/uploads/2026/06/temperaturas-extremas-y-precipitaciones-2026x06x02-a.pdf
2026-06-02,071,SAN RAFAEL DEL YUMA,LA ALTAGRACIA,MINISTERIO DE AGRICULTURA,EMCI,33.1,22.8,0.0,https://indomet.gob.do/wp-content/uploads/2026/06/temperaturas-extremas-y-precipitaciones-2026x06x02-a.pdf
2026-06-02,072,SÁNCHEZ,SAMANÁ,MINISTERIO DE AGRICULTURA,EMCI,34.4,,0.0,https://indomet.gob.do/wp-content/uploads/2026/06/temperaturas-extremas-y-precipitaciones-2026x06x02-a.pdf
2026-06-02,073,SANTIAGO (CENTRO),SANTIAGO,HUACALITO,EMCI,,,0.0,https://indomet.gob.do/wp-content/uploads/2026/06/temperaturas-extremas-y-precipitaciones-2026x06x02-a.pdf
2026-06-02,074,SANTIAGO RODRÍGUEZ,SANTIAGO RODRÍGUEZ,INDOMET,EMCI,37.1,23.0,0.0,https://indomet.gob.do/wp-content/uploads/2026/06/temperaturas-extremas-y-precipitaciones-2026x06x02-a.pdf
2026-06-02,075,SANTO DOMINGO ESTE,SANTO DOMINGO,INDOMET,EMCI,32.4,26.4,0.0,https://indomet.gob.do/wp-content/uploads/2026/06/temperaturas-extremas-y-precipitaciones-2026x06x02-a.pdf
2026-06-02,076,TÁBARA ABAJO,AZUA,INDRHI,EMCI,33.0,20.5,0.0,https://indomet.gob.do/wp-content/uploads/2026/06/temperaturas-extremas-y-precipitaciones-2026x06x02-a.pdf
2026-06-02,077,VILLA ALTAGRACIA,SAN CRISTÓBAL,ESCUELA JAVIER ANGULO GURIDI,EMCI,,,0.0,https://indomet.gob.do/wp-content/uploads/2026/06/temperaturas-extremas-y-precipitaciones-2026x06x02-a.pdf
2026-06-02,078,VILLA GONZALES,SANTIAGO,MINISTERIO DE AGRICULTURA,EMCI,,,0.0,https://indomet.gob.do/wp-content/uploads/2026/06/temperaturas-extremas-y-precipitaciones-2026x06x02-a.pdf
2026-06-02,079,VILLA ISABELA,PUERTO PLATA,MINISTERIO DE AGRICULTURA,EMCV,36.2,18.8,0.0,https://indomet.gob.do/wp-content/uploads/2026/06/temperaturas-extremas-y-precipitaciones-2026x06x02-a.pdf
2026-06-02,080,VILLA RIVA,DUARTE,HOSP. MPAL. ALICIA DE LEGENDRE,EMCI,34.0,23.0,0.0,https://indomet.gob.do/wp-content/uploads/2026/06/temperaturas-extremas-y-precipitaciones-2026x06x02-a.pdf
2026-06-02,081,MONCIÓN (EMA),SANTIAGO RODRÍGUEZ,PROGRAMA MUNDIAL DE ALIMENTO,EMAP,34.3,20.3,0.0,https://indomet.gob.do/wp-content/uploads/2026/06/temperaturas-extremas-y-precipitaciones-2026x06x02-a.pdf
2026-06-03,001,BARRAQUITO (EMA),DUARTE,PROGRAMA MUNDIAL DE ALIMENTO,EMAP,,,16.8,https://indomet.gob.do/wp-content/uploads/2026/06/temperaturas-extremas-y-precipitaciones-2026x06x03-a.pdf
2026-06-03,002,SABANA GRANDE DE BOYÁ,MONTE PLATA,MINISTERIO DE AGRICULTURA,EMCV,,,15.0,https://indomet.gob.do/wp-content/uploads/2026/06/temperaturas-extremas-y-precipitaciones-2026x06x03-a.pdf
2026-06-03,003,MULTIMODAL CAUCEDO (EMA),SANTO DOMINGO,PRIVADA,EMAP,,,14.0,https://indomet.gob.do/wp-content/uploads/2026/06/temperaturas-extremas-y-precipitaciones-2026x06x03-a.pdf
2026-06-03,004,VILLA ALTAGRACIA,SAN CRISTÓBAL,ESCUELA JAVIER ANGULO GURIDI,EMCI,,,10.4,https://indomet.gob.do/wp-content/uploads/2026/06/temperaturas-extremas-y-precipitaciones-2026x06x03-a.pdf
2026-06-03,005,ARPT. EL CATEY,SAMANÁ,INDOMET,EMCI,32.6,21.5,10.1,https://indomet.gob.do/wp-content/uploads/2026/06/temperaturas-extremas-y-precipitaciones-2026x06x03-a.pdf
2026-06-03,006,CENTRO DE LOS HEROES (EMA),DISTRITO NACIONAL,MINISTERIO DE ENERGIA Y MINA,EMAP,31.8,24.9,9.4,https://indomet.gob.do/wp-content/uploads/2026/06/temperaturas-extremas-y-precipitaciones-2026x06x03-a.pdf
2026-06-03,007,LOS CACICAZGOS (EMA),DISTRITO NACIONAL,PRIVADA,EMAP,,,9.4,https://indomet.gob.do/wp-content/uploads/2026/06/temperaturas-extremas-y-precipitaciones-2026x06x03-a.pdf
2026-06-03,008,SAN CRISTÓBAL,SAN CRISTÓBAL,INSTITUTO POLITÉCNICO LOYOLA,EMCI,,,9.1,https://indomet.gob.do/wp-content/uploads/2026/06/temperaturas-extremas-y-precipitaciones-2026x06x03-a.pdf
2026-06-03,009,PROLONGACION 27 DE FEBRERO,DISTRITO NACIONAL,PRIVADA,EMAP,,,7.5,https://indomet.gob.do/wp-content/uploads/2026/06/temperaturas-extremas-y-precipitaciones-2026x06x03-a.pdf
2026-06-03,010,SANTO DOMINGO ESTE,SANTO DOMINGO,INDOMET,EMCI,32.4,25.1,7.0,https://indomet.gob.do/wp-content/uploads/2026/06/temperaturas-extremas-y-precipitaciones-2026x06x03-a.pdf
2026-06-03,011,ARPT. DE LAS AMÉRICAS,SANTO DOMINGO,INDOMET,EMCI,33.5,23.0,5.9,https://indomet.gob.do/wp-content/uploads/2026/06/temperaturas-extremas-y-precipitaciones-2026x06x03-a.pdf
2026-06-03,012,BELLA VISTA (EMA),DISTRITO NACIONAL,PRIVADA,EMAP,,,5.8,https://indomet.gob.do/wp-content/uploads/2026/06/temperaturas-extremas-y-precipitaciones-2026x06x03-a.pdf
2026-06-03,013,LA AGUSTINA (EMA),DISTRITO NACIONAL,PRIVADA,EMAP,,,5.0,https://indomet.gob.do/wp-content/uploads/2026/06/temperaturas-extremas-y-precipitaciones-2026x06x03-a.pdf
2026-06-03,014,LOS PRADOS (EMA),DISTRITO NACIONAL,PRIVADA,EMAP,,,3.6,https://indomet.gob.do/wp-content/uploads/2026/06/temperaturas-extremas-y-precipitaciones-2026x06x03-a.pdf
2026-06-03,015,EL MILLON (EMA),DISTRITO NACIONAL,PRIVADA,EMAP,,,3.3,https://indomet.gob.do/wp-content/uploads/2026/06/temperaturas-extremas-y-precipitaciones-2026x06x03-a.pdf
2026-06-03,016,ARPT. DE PUNTA CANA,LA ALTAGRACIA,INDOMET,EMCI,31.0,21.6,3.0,https://indomet.gob.do/wp-content/uploads/2026/06/temperaturas-extremas-y-precipitaciones-2026x06x03-a.pdf
2026-06-03,017,ARPT. LA ISABELA,SANTO DOMINGO,INDOMET,EMCI,33.2,21.0,2.6,https://indomet.gob.do/wp-content/uploads/2026/06/temperaturas-extremas-y-precipitaciones-2026x06x03-a.pdf
2026-06-03,018,LOS JARDINES (EMA),DISTRITO NACIONAL,PRIVADA,EMAP,,,2.6,https://indomet.gob.do/wp-content/uploads/2026/06/temperaturas-extremas-y-precipitaciones-2026x06x03-a.pdf
2026-06-03,019,BASE AÉREA DE SAN ISIDRO,SANTO DOMINGO,FUERZA AÉREA DOMINICANA,EMCV,32.6,23.2,2.0,https://indomet.gob.do/wp-content/uploads/2026/06/temperaturas-extremas-y-precipitaciones-2026x06x03-a.pdf
2026-06-03,020,RÍO SAN JUAN,MARÍA TRINIDAD SÁNCHEZ,HOSP. MPAL. DR. DESIDERIO ACOSTA,EMCV,33.7,23.5,1.6,https://indomet.gob.do/wp-content/uploads/2026/06/temperaturas-extremas-y-precipitaciones-2026x06x03-a.pdf
2026-06-03,021,BANI (EMA),PERAVIA,MINISTERIO DE AGRICULTURA,EMAP,,,1.4,https://indomet.gob.do/wp-content/uploads/2026/06/temperaturas-extremas-y-precipitaciones-2026x06x03-a.pdf
2026-06-03,022,CABRAL,BARAHONA,MINISTERIO DE AGRICULTURA,EMCV,32.9,23.0,1.0,https://indomet.gob.do/wp-content/uploads/2026/06/temperaturas-extremas-y-precipitaciones-2026x06x03-a.pdf
2026-06-03,023,SAN RAFAEL DEL YUMA,LA ALTAGRACIA,MINISTERIO DE AGRICULTURA,EMCI,33.3,23.0,0.8,https://indomet.gob.do/wp-content/uploads/2026/06/temperaturas-extremas-y-precipitaciones-2026x06x03-a.pdf
2026-06-03,024,ARPT. DE LA ROMANA,LA ROMANA,INDOMET,EMCI,32.7,21.0,0.3,https://indomet.gob.do/wp-content/uploads/2026/06/temperaturas-extremas-y-precipitaciones-2026x06x03-a.pdf
2026-06-03,025,TAMBORIL,SANTIAGO,MINISTERIO DE AGRICULTURA,EMCV,,,0.3,https://indomet.gob.do/wp-content/uploads/2026/06/temperaturas-extremas-y-precipitaciones-2026x06x03-a.pdf
2026-06-03,026,POLO,BARAHONA,INDOCAFE,EMCI,28.0,15.5,0.1,https://indomet.gob.do/wp-content/uploads/2026/06/temperaturas-extremas-y-precipitaciones-2026x06x03-a.pdf
2026-06-03,027,SAN JOSÉ DE OCOA,SAN JOSÉ DE OCOA,HOSP. SAN JOSÉ DE OCOA,EMCI,33.1,18.8,0.1,https://indomet.gob.do/wp-content/uploads/2026/06/temperaturas-extremas-y-precipitaciones-2026x06x03-a.pdf
2026-06-03,028,ALTAMIRA,PUERTO PLATA,HOSP. MPAL. DE ALTAMIRA,EMCI,35.4,20.6,0.0,https://indomet.gob.do/wp-content/uploads/2026/06/temperaturas-extremas-y-precipitaciones-2026x06x03-a.pdf
2026-06-03,029,ALTO BANDERA (EMA),LA VEGA,INTEC,EMAP,18.2,7.2,0.0,https://indomet.gob.do/wp-content/uploads/2026/06/temperaturas-extremas-y-precipitaciones-2026x06x03-a.pdf
2026-06-03,030,ANAMUYA (EMA),LA ALTAGRACIA,MINISTERIO DE AGRICULTURA,EMAP,32.7,23.7,0.0,https://indomet.gob.do/wp-content/uploads/2026/06/temperaturas-extremas-y-precipitaciones-2026x06x03-a.pdf
2026-06-03,031,ARPT. ARROYO BARRIL,SAMANÁ,INDOMET,EMCI,32.9,23.4,0.0,https://indomet.gob.do/wp-content/uploads/2026/06/temperaturas-extremas-y-precipitaciones-2026x06x03-a.pdf
2026-06-03,032,ARPT. DEL CIBAO,SANTIAGO,INDOMET,EMCI,35.0,21.2,0.0,https://indomet.gob.do/wp-content/uploads/2026/06/temperaturas-extremas-y-precipitaciones-2026x06x03-a.pdf
2026-06-03,033,ARPT. GREGORIO LUPERÓN,PUERTO PLATA,INDOMET,EMCI,34.2,24.0,0.0,https://indomet.gob.do/wp-content/uploads/2026/06/temperaturas-extremas-y-precipitaciones-2026x06x03-a.pdf
2026-06-03,034,ARPT. MARÍA MONTEZ,BARAHONA,INDOMET,EMCI,32.5,22.8,0.0,https://indomet.gob.do/wp-content/uploads/2026/06/temperaturas-extremas-y-precipitaciones-2026x06x03-a.pdf
2026-06-03,035,ARROYO LORO,SAN JUAN,IDIAF,EMCI,34.0,20.3,0.0,https://indomet.gob.do/wp-content/uploads/2026/06/temperaturas-extremas-y-precipitaciones-2026x06x03-a.pdf
2026-06-03,036,BAYAGUANA,MONTE PLATA,INDOMET,EMCI,33.6,22.0,0.0,https://indomet.gob.do/wp-content/uploads/2026/06/temperaturas-extremas-y-precipitaciones-2026x06x03-a.pdf
2026-06-03,037,BOCA DE MAO (EMA),VALVERDE,MINISTERIO DE AGRICULTURA,EMAP,37.1,24.1,0.0,https://indomet.gob.do/wp-content/uploads/2026/06/temperaturas-extremas-y-precipitaciones-2026x06x03-a.pdf
2026-06-03,038,BONAO,MONSEÑOR NOUEL,MINISTERIO DE AGRICULTURA,EMCV,,,0.0,https://indomet.gob.do/wp-content/uploads/2026/06/temperaturas-extremas-y-precipitaciones-2026x06x03-a.pdf
2026-06-03,039,CONSTANZA,LA VEGA,MINISTERIO DE AGRICULTURA,EMCI,31.7,11.0,0.0,https://indomet.gob.do/wp-content/uploads/2026/06/temperaturas-extremas-y-precipitaciones-2026x06x03-a.pdf
2026-06-03,040,CONSTANZA (EMA),LA VEGA,PROGRAMA MUNDIAL DE ALIMENTO,EMAP,27.2,13.0,0.0,https://indomet.gob.do/wp-content/uploads/2026/06/temperaturas-extremas-y-precipitaciones-2026x06x03-a.pdf
2026-06-03,041,DAJABÓN,DAJABÓN,INSTITUTO POLITÉCNICO LOYOLA,EMCI,36.3,22.5,0.0,https://indomet.gob.do/wp-content/uploads/2026/06/temperaturas-extremas-y-precipitaciones-2026x06x03-a.pdf
2026-06-03,042,ELÍAS PIÑA,ELÍAS PIÑA,MINISTERIO DE AGRICULTURA,EMCV,,,0.0,https://indomet.gob.do/wp-content/uploads/2026/06/temperaturas-extremas-y-precipitaciones-2026x06x03-a.pdf
2026-06-03,043,ENRIQUILLO,BARAHONA,MINISTERIO DE AGRICULTURA,EMCV,33.0,22.5,0.0,https://indomet.gob.do/wp-content/uploads/2026/06/temperaturas-extremas-y-precipitaciones-2026x06x03-a.pdf
2026-06-03,044,GASPAR HERNÁNDEZ,ESPAILLAT,PROPIEDAD DEL EMPLEADO,EMCI,,,0.0,https://indomet.gob.do/wp-content/uploads/2026/06/temperaturas-extremas-y-precipitaciones-2026x06x03-a.pdf
2026-06-03,045,GURABO,SANTIAGO,MINISTERIO DE AGRICULTURA,EMCV,,,0.0,https://indomet.gob.do/wp-content/uploads/2026/06/temperaturas-extremas-y-precipitaciones-2026x06x03-a.pdf
2026-06-03,046,HATO MAYOR,HATO MAYOR,MINISTERIO DE AGRICULTURA,EMCV,,,0.0,https://indomet.gob.do/wp-content/uploads/2026/06/temperaturas-extremas-y-precipitaciones-2026x06x03-a.pdf
2026-06-03,047,HONDO VALLE,ELÍAS PIÑA,MINISTERIO DE AGRICULTURA,EMCI,28.6,18.7,0.0,https://indomet.gob.do/wp-content/uploads/2026/06/temperaturas-extremas-y-precipitaciones-2026x06x03-a.pdf
2026-06-03,048,JARABACOA,LA VEGA,INDRHI / MARENA,EMCI,33.0,16.0,0.0,https://indomet.gob.do/wp-content/uploads/2026/06/temperaturas-extremas-y-precipitaciones-2026x06x03-a.pdf
2026-06-03,049,JARABACOA (EMA),LA VEGA,PROGRAMA MUNDIAL DE ALIMENTO,EMAP,31.5,19.1,0.0,https://indomet.gob.do/wp-content/uploads/2026/06/temperaturas-extremas-y-precipitaciones-2026x06x03-a.pdf
2026-06-03,050,JIMANÍ,INDEPENDENCIA,MINISTERIO DE AGRICULTURA,EMCI,36.2,24.8,0.0,https://indomet.gob.do/wp-content/uploads/2026/06/temperaturas-extremas-y-precipitaciones-2026x06x03-a.pdf
2026-06-03,051,JUMA BEJUCAL,MONSEÑOR NOUEL,IDIAF,EMCV,33.4,22.8,0.0,https://indomet.gob.do/wp-content/uploads/2026/06/temperaturas-extremas-y-precipitaciones-2026x06x03-a.pdf
2026-06-03,052,LA VEGA,LA VEGA,IATESA,EMCI,34.0,22.0,0.0,https://indomet.gob.do/wp-content/uploads/2026/06/temperaturas-extremas-y-precipitaciones-2026x06x03-a.pdf
2026-06-03,053,LA VICTORIA,SANTO DOMINGO,CUERPO DE BOMBEROS,EMCI,35.0,23.1,0.0,https://indomet.gob.do/wp-content/uploads/2026/06/temperaturas-extremas-y-precipitaciones-2026x06x03-a.pdf
2026-06-03,054,LAS CANAS (EMA),MONTE CRISTI,PROGRAMA MUNDIAL DE ALIMENTO,EMAP,30.1,23.7,0.0,https://indomet.gob.do/wp-content/uploads/2026/06/temperaturas-extremas-y-precipitaciones-2026x06x03-a.pdf
2026-06-03,055,LOS COCOS (EMA),BAHORUCO,PRIVADA,EMAP,,,0.0,https://indomet.gob.do/wp-content/uploads/2026/06/temperaturas-extremas-y-precipitaciones-2026x06x03-a.pdf
2026-06-03,056,LOS LLANOS,SAN PEDRO DE MACORÍS,MINISTERIO DE AGRICULTURA,EMCI,33.5,22.6,0.0,https://indomet.gob.do/wp-content/uploads/2026/06/temperaturas-extremas-y-precipitaciones-2026x06x03-a.pdf
2026-06-03,057,MAO,VALVERDE,INDRHI / MINISTERIO DE AGRICULTURA,EMCV,,,0.0,https://indomet.gob.do/wp-content/uploads/2026/06/temperaturas-extremas-y-precipitaciones-2026x06x03-a.pdf
2026-06-03,058,MICHES (EMA),EL SEIBO,PRIVADA,EMAP,31.8,23.1,0.0,https://indomet.gob.do/wp-content/uploads/2026/06/temperaturas-extremas-y-precipitaciones-2026x06x03-a.pdf
2026-06-03,059,MONCIÓN (EMA),SANTIAGO RODRÍGUEZ,PROGRAMA MUNDIAL DE ALIMENTO,EMAP,33.9,21.9,0.0,https://indomet.gob.do/wp-content/uploads/2026/06/temperaturas-extremas-y-precipitaciones-2026x06x03-a.pdf
2026-06-03,060,MONTE CRISTI,MONTE CRISTI,INDOMET,EMCI,34.3,24.5,0.0,https://indomet.gob.do/wp-content/uploads/2026/06/temperaturas-extremas-y-precipitaciones-2026x06x03-a.pdf
2026-06-03,061,NAVARRETE,SANTIAGO,MINISTERIO DE AGRICULTURA,EMCV,,,0.0,https://indomet.gob.do/wp-content/uploads/2026/06/temperaturas-extremas-y-precipitaciones-2026x06x03-a.pdf
2026-06-03,062,OLIVARES,PEDERNALES,INDRHI,EMCI,,,0.0,https://indomet.gob.do/wp-content/uploads/2026/06/temperaturas-extremas-y-precipitaciones-2026x06x03-a.pdf
2026-06-03,063,OVIEDO,PEDERNALES,CLÍNICA RURAL OVIEDO,EMCI,32.5,24.0,0.0,https://indomet.gob.do/wp-content/uploads/2026/06/temperaturas-extremas-y-precipitaciones-2026x06x03-a.pdf
2026-06-03,064,PADRE LAS CASAS,AZUA,HOSP. NTRA. SRA. DEL CARMEN,EMCI,32.5,19.0,0.0,https://indomet.gob.do/wp-content/uploads/2026/06/temperaturas-extremas-y-precipitaciones-2026x06x03-a.pdf
2026-06-03,065,PALO ÍNDIO,PUERTO PLATA,MINISTERIO DE AGRICULTURA,EMCI,,,0.0,https://indomet.gob.do/wp-content/uploads/2026/06/temperaturas-extremas-y-precipitaciones-2026x06x03-a.pdf
2026-06-03,066,PEDERNALES,PEDERNALES,INDRHI,EMCI,,,0.0,https://indomet.gob.do/wp-content/uploads/2026/06/temperaturas-extremas-y-precipitaciones-2026x06x03-a.pdf
2026-06-03,067,PERALTA,AZUA,HOSP. MPAL. DE PERALTA,EMCI,32.3,16.5,0.0,https://indomet.gob.do/wp-content/uploads/2026/06/temperaturas-extremas-y-precipitaciones-2026x06x03-a.pdf
2026-06-03,068,PONTÓN ABAJO (EMA),LA VEGA,MINISTERIO DE AGRICULTURA,EMAP,35.9,22.6,0.0,https://indomet.gob.do/wp-content/uploads/2026/06/temperaturas-extremas-y-precipitaciones-2026x06x03-a.pdf
2026-06-03,069,PRESA DE TAVERAS (EMA),LA VEGA,PROGRAMA MUNDIAL DE ALIMENTO,EMAP,31.2,20.6,0.0,https://indomet.gob.do/wp-content/uploads/2026/06/temperaturas-extremas-y-precipitaciones-2026x06x03-a.pdf
2026-06-03,070,RANCHO ARRIBA,SAN JOSÉ DE OCOA,CENTRO TECNOLÓGICO COMUNITARIO,EMCI,32.5,15.4,0.0,https://indomet.gob.do/wp-content/uploads/2026/06/temperaturas-extremas-y-precipitaciones-2026x06x03-a.pdf
2026-06-03,071,RESTAURACIÓN,DAJABÓN,MINISTERIO DE AGRICULTURA,EMCI,32.4,17.9,0.0,https://indomet.gob.do/wp-content/uploads/2026/06/temperaturas-extremas-y-precipitaciones-2026x06x03-a.pdf
2026-06-03,072,SABANA DE LA MAR,HATO MAYOR,INDOMET,EMCI,31.6,22.4,0.0,https://indomet.gob.do/wp-content/uploads/2026/06/temperaturas-extremas-y-precipitaciones-2026x06x03-a.pdf
2026-06-03,073,SABANETA (EMA),SANTIAGO RODRÍGUEZ,PROGRAMA MUNDIAL DE ALIMENTO,EMAP,37.3,24.8,0.0,https://indomet.gob.do/wp-content/uploads/2026/06/temperaturas-extremas-y-precipitaciones-2026x06x03-a.pdf
2026-06-03,074,SALCEDO,HERMANAS MIRABAL,PROPIEDAD DEL EMPLEADO,EMCI,,,0.0,https://indomet.gob.do/wp-content/uploads/2026/06/temperaturas-extremas-y-precipitaciones-2026x06x03-a.pdf
2026-06-03,075,SAMANÁ,SAMANÁ,COMANDANCIA DE PUERTO DE SAMANÁ,EMCI,33.3,18.4,0.0,https://indomet.gob.do/wp-content/uploads/2026/06/temperaturas-extremas-y-precipitaciones-2026x06x03-a.pdf
2026-06-03,076,SÁNCHEZ,SAMANÁ,MINISTERIO DE AGRICULTURA,EMCI,34.6,,0.0,https://indomet.gob.do/wp-content/uploads/2026/06/temperaturas-extremas-y-precipitaciones-2026x06x03-a.pdf
2026-06-03,077,SANTIAGO RODRÍGUEZ,SANTIAGO RODRÍGUEZ,INDOMET,EMCI,37.0,25.5,0.0,https://indomet.gob.do/wp-content/uploads/2026/06/temperaturas-extremas-y-precipitaciones-2026x06x03-a.pdf
2026-06-03,078,TÁBARA ABAJO,AZUA,INDRHI,EMCI,32.0,18.5,0.0,https://indomet.gob.do/wp-content/uploads/2026/06/temperaturas-extremas-y-precipitaciones-2026x06x03-a.pdf
2026-06-03,079,VILLA GONZALES,SANTIAGO,MINISTERIO DE AGRICULTURA,EMCI,,,0.0,https://indomet.gob.do/wp-content/uploads/2026/06/temperaturas-extremas-y-precipitaciones-2026x06x03-a.pdf
2026-06-04,001,ARPT. ARROYO BARRIL,SAMANÁ,INDOMET,EMCI,32.5,23.0,72.0,https://indomet.gob.do/wp-content/uploads/2026/06/temperaturas-extremas-y-precipitaciones-2026x06x04-a.pdf
2026-06-04,002,SANTIAGO RODRÍGUEZ,SANTIAGO RODRÍGUEZ,INDOMET,EMCI,36.5,24.4,12.3,https://indomet.gob.do/wp-content/uploads/2026/06/temperaturas-extremas-y-precipitaciones-2026x06x04-a.pdf
2026-06-04,003,SABANETA (EMA),SANTIAGO RODRÍGUEZ,PROGRAMA MUNDIAL DE ALIMENTO,EMAP,35.0,23.8,10.8,https://indomet.gob.do/wp-content/uploads/2026/06/temperaturas-extremas-y-precipitaciones-2026x06x04-a.pdf
2026-06-04,004,ARPT. LA ISABELA,SANTO DOMINGO,INDOMET,EMCI,32.2,21.0,9.3,https://indomet.gob.do/wp-content/uploads/2026/06/temperaturas-extremas-y-precipitaciones-2026x06x04-a.pdf
2026-06-04,005,ARPT. DE LAS AMÉRICAS,SANTO DOMINGO,INDOMET,EMCI,30.5,22.4,7.0,https://indomet.gob.do/wp-content/uploads/2026/06/temperaturas-extremas-y-precipitaciones-2026x06x04-a.pdf
2026-06-04,006,VILLA ALTAGRACIA,SAN CRISTÓBAL,ESCUELA JAVIER ANGULO GURIDI,EMCI,,,6.2,https://indomet.gob.do/wp-content/uploads/2026/06/temperaturas-extremas-y-precipitaciones-2026x06x04-a.pdf
2026-06-04,007,JARDÍN BOTÁNICO NACIONAL,DISTRITO NACIONAL,JARDÍN BOTÁNICO NACIONAL,EMCV,31.7,21.5,4.2,https://indomet.gob.do/wp-content/uploads/2026/06/temperaturas-extremas-y-precipitaciones-2026x06x04-a.pdf
2026-06-04,008,BASE AÉREA DE SAN ISIDRO,SANTO DOMINGO,FUERZA AÉREA DOMINICANA,EMCV,32.1,24.0,4.0,https://indomet.gob.do/wp-content/uploads/2026/06/temperaturas-extremas-y-precipitaciones-2026x06x04-a.pdf
2026-06-04,009,SAMANÁ,SAMANÁ,COMANDANCIA DE PUERTO DE SAMANÁ,EMCI,33.3,19.7,2.4,https://indomet.gob.do/wp-content/uploads/2026/06/temperaturas-extremas-y-precipitaciones-2026x06x04-a.pdf
2026-06-04,010,POLO,BARAHONA,INDOCAFE,EMCI,28.5,14.0,2.0,https://indomet.gob.do/wp-content/uploads/2026/06/temperaturas-extremas-y-precipitaciones-2026x06x04-a.pdf
2026-06-04,011,PARQUE MIRADOR NORTE,SANTO DOMINGO,AYUNTAMIENTO,EMCV,,,1.5,https://indomet.gob.do/wp-content/uploads/2026/06/temperaturas-extremas-y-precipitaciones-2026x06x04-a.pdf
2026-06-04,012,SAN CRISTÓBAL,SAN CRISTÓBAL,INSTITUTO POLITÉCNICO LOYOLA,EMCI,30.2,20.2,1.3,https://indomet.gob.do/wp-content/uploads/2026/06/temperaturas-extremas-y-precipitaciones-2026x06x04-a.pdf
2026-06-04,013,SÁNCHEZ,SAMANÁ,MINISTERIO DE AGRICULTURA,EMCI,34.2,,0.9,https://indomet.gob.do/wp-content/uploads/2026/06/temperaturas-extremas-y-precipitaciones-2026x06x04-a.pdf
2026-06-04,014,ENRIQUILLO,BARAHONA,MINISTERIO DE AGRICULTURA,EMCV,33.0,22.8,0.8,https://indomet.gob.do/wp-content/uploads/2026/06/temperaturas-extremas-y-precipitaciones-2026x06x04-a.pdf
2026-06-04,015,CONSTANZA (EMA),LA VEGA,PROGRAMA MUNDIAL DE ALIMENTO,EMAP,27.8,19.9,0.8,https://indomet.gob.do/wp-content/uploads/2026/06/temperaturas-extremas-y-precipitaciones-2026x06x04-a.pdf
2026-06-04,016,SANTO DOMINGO ESTE,SANTO DOMINGO,INDOMET,EMCI,31.7,24.0,0.7,https://indomet.gob.do/wp-content/uploads/2026/06/temperaturas-extremas-y-precipitaciones-2026x06x04-a.pdf
2026-06-04,017,CONSTANZA,LA VEGA,MINISTERIO DE AGRICULTURA,EMCI,30.5,14.3,0.6,https://indomet.gob.do/wp-content/uploads/2026/06/temperaturas-extremas-y-precipitaciones-2026x06x04-a.pdf
2026-06-04,018,LOS CACICAZGOS (EMA),DISTRITO NACIONAL,PRIVADA,EMAP,,,0.6,https://indomet.gob.do/wp-content/uploads/2026/06/temperaturas-extremas-y-precipitaciones-2026x06x04-a.pdf
2026-06-04,019,PERALTA,AZUA,HOSP. MPAL. DE PERALTA,EMCI,31.3,18.0,0.6,https://indomet.gob.do/wp-content/uploads/2026/06/temperaturas-extremas-y-precipitaciones-2026x06x04-a.pdf
2026-06-04,020,CENTRO DE LOS HEROES (EMA),DISTRITO NACIONAL,MINISTERIO DE ENERGIA Y MINA,EMAP,31.4,21.7,0.4,https://indomet.gob.do/wp-content/uploads/2026/06/temperaturas-extremas-y-precipitaciones-2026x06x04-a.pdf
2026-06-04,021,SABANA DE LA MAR,HATO MAYOR,INDOMET,EMCI,31.6,22.2,0.3,https://indomet.gob.do/wp-content/uploads/2026/06/temperaturas-extremas-y-precipitaciones-2026x06x04-a.pdf
2026-06-04,022,SAN RAFAEL DEL YUMA,LA ALTAGRACIA,MINISTERIO DE AGRICULTURA,EMCI,32.8,23.1,0.3,https://indomet.gob.do/wp-content/uploads/2026/06/temperaturas-extremas-y-precipitaciones-2026x06x04-a.pdf
2026-06-04,023,CABRAL,BARAHONA,MINISTERIO DE AGRICULTURA,EMCV,32.6,22.5,0.1,https://indomet.gob.do/wp-content/uploads/2026/06/temperaturas-extremas-y-precipitaciones-2026x06x04-a.pdf
2026-06-04,024,HONDO VALLE,ELÍAS PIÑA,MINISTERIO DE AGRICULTURA,EMCI,29.2,18.5,0.1,https://indomet.gob.do/wp-content/uploads/2026/06/temperaturas-extremas-y-precipitaciones-2026x06x04-a.pdf
2026-06-04,025,LA VICTORIA,SANTO DOMINGO,CUERPO DE BOMBEROS,EMCI,33.5,23.5,0.1,https://indomet.gob.do/wp-content/uploads/2026/06/temperaturas-extremas-y-precipitaciones-2026x06x04-a.pdf
2026-06-04,026,TÁBARA ABAJO,AZUA,INDRHI,EMCI,32.5,22.0,0.1,https://indomet.gob.do/wp-content/uploads/2026/06/temperaturas-extremas-y-precipitaciones-2026x06x04-a.pdf
2026-06-04,027,ALTAMIRA,PUERTO PLATA,HOSP. MPAL. DE ALTAMIRA,EMCI,35.1,20.9,0.0,https://indomet.gob.do/wp-content/uploads/2026/06/temperaturas-extremas-y-precipitaciones-2026x06x04-a.pdf
2026-06-04,028,ALTO BANDERA (EMA),LA VEGA,INTEC,EMAP,16.6,8.3,0.0,https://indomet.gob.do/wp-content/uploads/2026/06/temperaturas-extremas-y-precipitaciones-2026x06x04-a.pdf
2026-06-04,029,ARPT. DE LA ROMANA,LA ROMANA,INDOMET,EMCI,32.3,21.8,0.0,https://indomet.gob.do/wp-content/uploads/2026/06/temperaturas-extremas-y-precipitaciones-2026x06x04-a.pdf
2026-06-04,030,ARPT. DE PUNTA CANA,LA ALTAGRACIA,INDOMET,EMCI,30.8,21.6,0.0,https://indomet.gob.do/wp-content/uploads/2026/06/temperaturas-extremas-y-precipitaciones-2026x06x04-a.pdf
2026-06-04,031,ARPT. DEL CIBAO,SANTIAGO,INDOMET,EMCI,35.0,22.7,0.0,https://indomet.gob.do/wp-content/uploads/2026/06/temperaturas-extremas-y-precipitaciones-2026x06x04-a.pdf
2026-06-04,032,ARPT. GREGORIO LUPERÓN,PUERTO PLATA,INDOMET,EMCI,34.0,24.0,0.0,https://indomet.gob.do/wp-content/uploads/2026/06/temperaturas-extremas-y-precipitaciones-2026x06x04-a.pdf
2026-06-04,033,ARPT. MARÍA MONTEZ,BARAHONA,INDOMET,EMCI,32.0,23.5,0.0,https://indomet.gob.do/wp-content/uploads/2026/06/temperaturas-extremas-y-precipitaciones-2026x06x04-a.pdf
2026-06-04,034,ARROYO LORO,SAN JUAN,IDIAF,EMCI,33.0,21.3,0.0,https://indomet.gob.do/wp-content/uploads/2026/06/temperaturas-extremas-y-precipitaciones-2026x06x04-a.pdf
2026-06-04,035,BAYAGUANA,MONTE PLATA,INDOMET,EMCI,33.5,21.0,0.0,https://indomet.gob.do/wp-content/uploads/2026/06/temperaturas-extremas-y-precipitaciones-2026x06x04-a.pdf
2026-06-04,036,BOCA DE MAO (EMA),VALVERDE,MINISTERIO DE AGRICULTURA,EMAP,,,0.0,https://indomet.gob.do/wp-content/uploads/2026/06/temperaturas-extremas-y-precipitaciones-2026x06x04-a.pdf
2026-06-04,037,BONAO,MONSEÑOR NOUEL,MINISTERIO DE AGRICULTURA,EMCV,,,0.0,https://indomet.gob.do/wp-content/uploads/2026/06/temperaturas-extremas-y-precipitaciones-2026x06x04-a.pdf
2026-06-04,038,CABRERA,MARÍA TRINIDAD SÁNCHEZ,ESCUELA ARÍSTIDES FIALLO CABRAL,EMCI,32.5,25.5,0.0,https://indomet.gob.do/wp-content/uploads/2026/06/temperaturas-extremas-y-precipitaciones-2026x06x04-a.pdf
2026-06-04,039,DAJABÓN,DAJABÓN,INSTITUTO POLITÉCNICO LOYOLA,EMCI,34.1,21.7,0.0,https://indomet.gob.do/wp-content/uploads/2026/06/temperaturas-extremas-y-precipitaciones-2026x06x04-a.pdf
2026-06-04,040,EL CERCADO,SAN JUAN,MINISTERIO DE AGRICULTURA,EMCV,,,0.0,https://indomet.gob.do/wp-content/uploads/2026/06/temperaturas-extremas-y-precipitaciones-2026x06x04-a.pdf
2026-06-04,041,EL SEIBO,EL SEIBO,MINISTERIO DE AGRICULTURA,EMCV,,,0.0,https://indomet.gob.do/wp-content/uploads/2026/06/temperaturas-extremas-y-precipitaciones-2026x06x04-a.pdf
2026-06-04,042,ESCONDIDO,PERAVIA,MINISTERIO DE AGRICULTURA,EMCV,31.0,23.0,0.0,https://indomet.gob.do/wp-content/uploads/2026/06/temperaturas-extremas-y-precipitaciones-2026x06x04-a.pdf
2026-06-04,043,GASPAR HERNÁNDEZ,ESPAILLAT,PROPIEDAD DEL EMPLEADO,EMCI,,,0.0,https://indomet.gob.do/wp-content/uploads/2026/06/temperaturas-extremas-y-precipitaciones-2026x06x04-a.pdf
2026-06-04,044,GURABO,SANTIAGO,MINISTERIO DE AGRICULTURA,EMCV,,,0.0,https://indomet.gob.do/wp-content/uploads/2026/06/temperaturas-extremas-y-precipitaciones-2026x06x04-a.pdf
2026-06-04,045,HATO MAYOR,HATO MAYOR,MINISTERIO DE AGRICULTURA,EMCV,,,0.0,https://indomet.gob.do/wp-content/uploads/2026/06/temperaturas-extremas-y-precipitaciones-2026x06x04-a.pdf
2026-06-04,046,JARABACOA,LA VEGA,INDRHI / MARENA,EMCI,33.2,17.0,0.0,https://indomet.gob.do/wp-content/uploads/2026/06/temperaturas-extremas-y-precipitaciones-2026x06x04-a.pdf
2026-06-04,047,JIMANÍ,INDEPENDENCIA,MINISTERIO DE AGRICULTURA,EMCI,35.4,25.2,0.0,https://indomet.gob.do/wp-content/uploads/2026/06/temperaturas-extremas-y-precipitaciones-2026x06x04-a.pdf
2026-06-04,048,JUMA BEJUCAL,MONSEÑOR NOUEL,IDIAF,EMCV,32.6,22.4,0.0,https://indomet.gob.do/wp-content/uploads/2026/06/temperaturas-extremas-y-precipitaciones-2026x06x04-a.pdf
2026-06-04,049,LA VEGA,LA VEGA,IATESA,EMCI,33.5,22.0,0.0,https://indomet.gob.do/wp-content/uploads/2026/06/temperaturas-extremas-y-precipitaciones-2026x06x04-a.pdf
2026-06-04,050,LOS JARDINES (EMA),DISTRITO NACIONAL,PRIVADA,EMAP,,,0.0,https://indomet.gob.do/wp-content/uploads/2026/06/temperaturas-extremas-y-precipitaciones-2026x06x04-a.pdf
2026-06-04,051,LOS LLANOS,SAN PEDRO DE MACORÍS,MINISTERIO DE AGRICULTURA,EMCI,32.9,23.8,0.0,https://indomet.gob.do/wp-content/uploads/2026/06/temperaturas-extremas-y-precipitaciones-2026x06x04-a.pdf
2026-06-04,052,LOS PRADOS (EMA),DISTRITO NACIONAL,PRIVADA,EMAP,,,0.0,https://indomet.gob.do/wp-content/uploads/2026/06/temperaturas-extremas-y-precipitaciones-2026x06x04-a.pdf
2026-06-04,053,MICHES (EMA),EL SEIBO,PRIVADA,EMAP,32.6,22.9,0.0,https://indomet.gob.do/wp-content/uploads/2026/06/temperaturas-extremas-y-precipitaciones-2026x06x04-a.pdf
2026-06-04,054,MONCIÓN (EMA),SANTIAGO RODRÍGUEZ,PROGRAMA MUNDIAL DE ALIMENTO,EMAP,,,0.0,https://indomet.gob.do/wp-content/uploads/2026/06/temperaturas-extremas-y-precipitaciones-2026x06x04-a.pdf
2026-06-04,055,MONTE CRISTI,MONTE CRISTI,INDOMET,EMCI,33.8,25.0,0.0,https://indomet.gob.do/wp-content/uploads/2026/06/temperaturas-extremas-y-precipitaciones-2026x06x04-a.pdf
2026-06-04,056,LOS COCOS (EMA),BAHORUCO,PRIVADA,EMAP,,,0.0,https://indomet.gob.do/wp-content/uploads/2026/06/temperaturas-extremas-y-precipitaciones-2026x06x04-a.pdf
2026-06-04,057,OLIVARES,PEDERNALES,INDRHI,EMCI,,,0.0,https://indomet.gob.do/wp-content/uploads/2026/06/temperaturas-extremas-y-precipitaciones-2026x06x04-a.pdf
2026-06-04,058,OVIEDO,PEDERNALES,CLÍNICA RURAL OVIEDO,EMCI,32.0,24.0,0.0,https://indomet.gob.do/wp-content/uploads/2026/06/temperaturas-extremas-y-precipitaciones-2026x06x04-a.pdf
2026-06-04,059,PADRE LAS CASAS,AZUA,HOSP. NTRA. SRA. DEL CARMEN,EMCI,31.7,19.0,0.0,https://indomet.gob.do/wp-content/uploads/2026/06/temperaturas-extremas-y-precipitaciones-2026x06x04-a.pdf
2026-06-04,060,PALO ÍNDIO,PUERTO PLATA,MINISTERIO DE AGRICULTURA,EMCI,,,0.0,https://indomet.gob.do/wp-content/uploads/2026/06/temperaturas-extremas-y-precipitaciones-2026x06x04-a.pdf
2026-06-04,061,PEDERNALES,PEDERNALES,INDRHI,EMCI,,,0.0,https://indomet.gob.do/wp-content/uploads/2026/06/temperaturas-extremas-y-precipitaciones-2026x06x04-a.pdf
2026-06-04,062,PESCADERIA (EMA),BARAHONA,MINISTERIO DE AGRICULTURA,EMAP,,,0.0,https://indomet.gob.do/wp-content/uploads/2026/06/temperaturas-extremas-y-precipitaciones-2026x06x04-a.pdf
2026-06-04,063,PONTÓN ABAJO (EMA),LA VEGA,MINISTERIO DE AGRICULTURA,EMAP,,,0.0,https://indomet.gob.do/wp-content/uploads/2026/06/temperaturas-extremas-y-precipitaciones-2026x06x04-a.pdf
2026-06-04,064,PRESA DE TAVERAS (EMA),LA VEGA,PROGRAMA MUNDIAL DE ALIMENTO,EMAP,31.7,20.7,0.0,https://indomet.gob.do/wp-content/uploads/2026/06/temperaturas-extremas-y-precipitaciones-2026x06x04-a.pdf
2026-06-04,065,PROLONGACION 27 DE FEBRERO,DISTRITO NACIONAL,PRIVADA,EMAP,,,0.0,https://indomet.gob.do/wp-content/uploads/2026/06/temperaturas-extremas-y-precipitaciones-2026x06x04-a.pdf
2026-06-04,066,RANCHO ARRIBA,SAN JOSÉ DE OCOA,CENTRO TECNOLÓGICO COMUNITARIO,EMCI,31.4,17.9,0.0,https://indomet.gob.do/wp-content/uploads/2026/06/temperaturas-extremas-y-precipitaciones-2026x06x04-a.pdf
2026-06-04,067,RESTAURACIÓN,DAJABÓN,MINISTERIO DE AGRICULTURA,EMCI,33.2,18.4,0.0,https://indomet.gob.do/wp-content/uploads/2026/06/temperaturas-extremas-y-precipitaciones-2026x06x04-a.pdf
2026-06-04,068,RÍO SAN JUAN,MARÍA TRINIDAD SÁNCHEZ,HOSP. MPAL. DR. DESIDERIO ACOSTA,EMCV,34.3,24.9,0.0,https://indomet.gob.do/wp-content/uploads/2026/06/temperaturas-extremas-y-precipitaciones-2026x06x04-a.pdf
2026-06-04,069,SABANA GRANDE DE BOYÁ,MONTE PLATA,MINISTERIO DE AGRICULTURA,EMCV,,,0.0,https://indomet.gob.do/wp-content/uploads/2026/06/temperaturas-extremas-y-precipitaciones-2026x06x04-a.pdf
2026-06-04,070,SALCEDO,HERMANAS MIRABAL,PROPIEDAD DEL EMPLEADO,EMCI,,,0.0,https://indomet.gob.do/wp-content/uploads/2026/06/temperaturas-extremas-y-precipitaciones-2026x06x04-a.pdf
2026-06-04,071,SAN FRANCISCO DE MACORÍS,DUARTE,San Francisco de Macorís (UASD),EMCI,33.6,23.1,0.0,https://indomet.gob.do/wp-content/uploads/2026/06/temperaturas-extremas-y-precipitaciones-2026x06x04-a.pdf
2026-06-04,072,SAN JOSÉ DE OCOA,SAN JOSÉ DE OCOA,HOSP. SAN JOSÉ DE OCOA,EMCI,32.3,19.5,0.0,https://indomet.gob.do/wp-content/uploads/2026/06/temperaturas-extremas-y-precipitaciones-2026x06x04-a.pdf
2026-06-04,073,SANTIAGO (CENTRO),SANTIAGO,HUACALITO,EMCI,,,0.0,https://indomet.gob.do/wp-content/uploads/2026/06/temperaturas-extremas-y-precipitaciones-2026x06x04-a.pdf
2026-06-04,074,VILLA GONZALES,SANTIAGO,MINISTERIO DE AGRICULTURA,EMCI,,,0.0,https://indomet.gob.do/wp-content/uploads/2026/06/temperaturas-extremas-y-precipitaciones-2026x06x04-a.pdf
2026-06-04,075,VILLA RIVA,DUARTE,HOSP. MPAL. ALICIA DE LEGENDRE,EMCI,33.3,21.7,0.0,https://indomet.gob.do/wp-content/uploads/2026/06/temperaturas-extremas-y-precipitaciones-2026x06x04-a.pdf
2026-06-04,076,EL MILLON (EMA),DISTRITO NACIONAL,PRIVADA,EMAP,,,0.0,https://indomet.gob.do/wp-content/uploads/2026/06/temperaturas-extremas-y-precipitaciones-2026x06x04-a.pdf
2026-06-04,077,JARABACOA (EMA),LA VEGA,PROGRAMA MUNDIAL DE ALIMENTO,EMAP,31.8,19.0,0.0,https://indomet.gob.do/wp-content/uploads/2026/06/temperaturas-extremas-y-precipitaciones-2026x06x04-a.pdf
2026-06-04,078,LAS CANAS (EMA),MONTE CRISTI,PROGRAMA MUNDIAL DE ALIMENTO,EMAP,31.0,23.4,0.0,https://indomet.gob.do/wp-content/uploads/2026/06/temperaturas-extremas-y-precipitaciones-2026x06x04-a.pdf
2026-06-05,001,NAVARRETE,SANTIAGO,MINISTERIO DE AGRICULTURA,EMCV,,,102.9,https://indomet.gob.do/wp-content/uploads/2026/06/temperaturas-extremas-y-precipitaciones-2026x06x05-a.pdf
2026-06-05,002,SAN CRISTÓBAL,SAN CRISTÓBAL,INSTITUTO POLITÉCNICO LOYOLA,EMCI,32.0,21.2,66.0,https://indomet.gob.do/wp-content/uploads/2026/06/temperaturas-extremas-y-precipitaciones-2026x06x05-a.pdf
2026-06-05,003,MAO,VALVERDE,INDRHI / MINISTERIO DE AGRICULTURA,EMCV,,,60.0,https://indomet.gob.do/wp-content/uploads/2026/06/temperaturas-extremas-y-precipitaciones-2026x06x05-a.pdf
2026-06-05,004,BANI (EMA),PERAVIA,MINISTERIO DE AGRICULTURA,EMAP,30.7,24.2,58.8,https://indomet.gob.do/wp-content/uploads/2026/06/temperaturas-extremas-y-precipitaciones-2026x06x05-a.pdf
2026-06-05,005,LOS CACICAZGOS (EMA),DISTRITO NACIONAL,PRIVADA,EMAP,,,58.4,https://indomet.gob.do/wp-content/uploads/2026/06/temperaturas-extremas-y-precipitaciones-2026x06x05-a.pdf
2026-06-05,006,ALTAMIRA,PUERTO PLATA,HOSP. MPAL. DE ALTAMIRA,EMCI,35.0,20.4,57.6,https://indomet.gob.do/wp-content/uploads/2026/06/temperaturas-extremas-y-precipitaciones-2026x06x05-a.pdf
2026-06-05,007,PROLONGACION 27 DE FEBRERO,DISTRITO NACIONAL,PRIVADA,EMAP,,,49.3,https://indomet.gob.do/wp-content/uploads/2026/06/temperaturas-extremas-y-precipitaciones-2026x06x05-a.pdf
2026-06-05,008,BOCA DE MAO (EMA),VALVERDE,MINISTERIO DE AGRICULTURA,EMAP,36.8,22.0,47.8,https://indomet.gob.do/wp-content/uploads/2026/06/temperaturas-extremas-y-precipitaciones-2026x06x05-a.pdf
2026-06-05,009,LAS COLINAS (EMA),SANTIAGO,PRIVADA,EMAP,,,47.8,https://indomet.gob.do/wp-content/uploads/2026/06/temperaturas-extremas-y-precipitaciones-2026x06x05-a.pdf
2026-06-05,010,GURABO,SANTIAGO,MINISTERIO DE AGRICULTURA,EMCV,,,33.8,https://indomet.gob.do/wp-content/uploads/2026/06/temperaturas-extremas-y-precipitaciones-2026x06x05-a.pdf
2026-06-05,011,HATO DEL YAQUE (EMA),SANTIAGO,PRIVADA,EMAP,,,32.2,https://indomet.gob.do/wp-content/uploads/2026/06/temperaturas-extremas-y-precipitaciones-2026x06x05-a.pdf
2026-06-05,012,ENSANCHE BERMÚDEZ (EMA),SANTIAGO,PRIVADA,EMAP,,,29.7,https://indomet.gob.do/wp-content/uploads/2026/06/temperaturas-extremas-y-precipitaciones-2026x06x05-a.pdf
2026-06-05,013,VILLA GONZALES,SANTIAGO,MINISTERIO DE AGRICULTURA,EMCI,,,29.5,https://indomet.gob.do/wp-content/uploads/2026/06/temperaturas-extremas-y-precipitaciones-2026x06x05-a.pdf
2026-06-05,014,LA MORALEJA (EMA),SANTIAGO,PRIVADA,EMAP,,,21.8,https://indomet.gob.do/wp-content/uploads/2026/06/temperaturas-extremas-y-precipitaciones-2026x06x05-a.pdf
2026-06-05,015,ARPT. DEL CIBAO,SANTIAGO,INDOMET,EMCI,35.0,22.7,19.9,https://indomet.gob.do/wp-content/uploads/2026/06/temperaturas-extremas-y-precipitaciones-2026x06x05-a.pdf
2026-06-05,016,SABANETA (EMA),SANTIAGO RODRÍGUEZ,PROGRAMA MUNDIAL DE ALIMENTO,EMAP,34.4,22.3,19.6,https://indomet.gob.do/wp-content/uploads/2026/06/temperaturas-extremas-y-precipitaciones-2026x06x05-a.pdf
2026-06-05,017,ENRIQUILLO,BARAHONA,MINISTERIO DE AGRICULTURA,EMCV,31.7,20.5,18.4,https://indomet.gob.do/wp-content/uploads/2026/06/temperaturas-extremas-y-precipitaciones-2026x06x05-a.pdf
2026-06-05,018,SANTIAGO RODRÍGUEZ,SANTIAGO RODRÍGUEZ,INDOMET,EMCI,35.0,22.6,17.2,https://indomet.gob.do/wp-content/uploads/2026/06/temperaturas-extremas-y-precipitaciones-2026x06x05-a.pdf
2026-06-05,019,PALO ÍNDIO,PUERTO PLATA,MINISTERIO DE AGRICULTURA,EMCI,,,16.3,https://indomet.gob.do/wp-content/uploads/2026/06/temperaturas-extremas-y-precipitaciones-2026x06x05-a.pdf
2026-06-05,020,PRESA DE TAVERAS (EMA),LA VEGA,PROGRAMA MUNDIAL DE ALIMENTO,EMAP,31.1,20.7,15.0,https://indomet.gob.do/wp-content/uploads/2026/06/temperaturas-extremas-y-precipitaciones-2026x06x05-a.pdf
2026-06-05,021,TAMBORIL,SANTIAGO,MINISTERIO DE AGRICULTURA,EMCV,,,12.7,https://indomet.gob.do/wp-content/uploads/2026/06/temperaturas-extremas-y-precipitaciones-2026x06x05-a.pdf
2026-06-05,022,OVIEDO,PEDERNALES,CLÍNICA RURAL OVIEDO,EMCI,32.0,22.0,12.0,https://indomet.gob.do/wp-content/uploads/2026/06/temperaturas-extremas-y-precipitaciones-2026x06x05-a.pdf
2026-06-05,023,PERALTA,AZUA,HOSP. MPAL. DE PERALTA,EMCI,30.4,18.8,10.0,https://indomet.gob.do/wp-content/uploads/2026/06/temperaturas-extremas-y-precipitaciones-2026x06x05-a.pdf
2026-06-05,024,ARPT. LA ISABELA,SANTO DOMINGO,INDOMET,EMCI,33.4,23.1,9.0,https://indomet.gob.do/wp-content/uploads/2026/06/temperaturas-extremas-y-precipitaciones-2026x06x05-a.pdf
2026-06-05,025,VILLA ALTAGRACIA,SAN CRISTÓBAL,ESCUELA JAVIER ANGULO GURIDI,EMCI,,,8.1,https://indomet.gob.do/wp-content/uploads/2026/06/temperaturas-extremas-y-precipitaciones-2026x06x05-a.pdf
2026-06-05,026,ARPT. DE LAS AMÉRICAS,SANTO DOMINGO,INDOMET,EMCI,31.0,23.5,5.0,https://indomet.gob.do/wp-content/uploads/2026/06/temperaturas-extremas-y-precipitaciones-2026x06x05-a.pdf
2026-06-05,027,ARPT. GREGORIO LUPERÓN,PUERTO PLATA,INDOMET,EMCI,34.8,22.0,5.0,https://indomet.gob.do/wp-content/uploads/2026/06/temperaturas-extremas-y-precipitaciones-2026x06x05-a.pdf
2026-06-05,028,HONDO VALLE,ELÍAS PIÑA,MINISTERIO DE AGRICULTURA,EMCI,28.6,18.3,4.9,https://indomet.gob.do/wp-content/uploads/2026/06/temperaturas-extremas-y-precipitaciones-2026x06x05-a.pdf
2026-06-05,029,ALTO BANDERA (EMA),LA VEGA,INTEC,EMAP,18.2,8.8,4.0,https://indomet.gob.do/wp-content/uploads/2026/06/temperaturas-extremas-y-precipitaciones-2026x06x05-a.pdf
2026-06-05,030,POLO,BARAHONA,INDOCAFE,EMCI,27.5,17.5,3.7,https://indomet.gob.do/wp-content/uploads/2026/06/temperaturas-extremas-y-precipitaciones-2026x06x05-a.pdf
2026-06-05,031,CABRAL,BARAHONA,MINISTERIO DE AGRICULTURA,EMCV,32.0,23.3,2.8,https://indomet.gob.do/wp-content/uploads/2026/06/temperaturas-extremas-y-precipitaciones-2026x06x05-a.pdf
2026-06-05,032,BELLA VISTA (EMA),DISTRITO NACIONAL,PRIVADA,EMAP,,,2.3,https://indomet.gob.do/wp-content/uploads/2026/06/temperaturas-extremas-y-precipitaciones-2026x06x05-a.pdf
2026-06-05,033,LOS PRADOS (EMA),DISTRITO NACIONAL,PRIVADA,EMAP,,,2.3,https://indomet.gob.do/wp-content/uploads/2026/06/temperaturas-extremas-y-precipitaciones-2026x06x05-a.pdf
2026-06-05,034,SANTO DOMINGO ESTE,SANTO DOMINGO,INDOMET,EMCI,31.8,25.5,2.3,https://indomet.gob.do/wp-content/uploads/2026/06/temperaturas-extremas-y-precipitaciones-2026x06x05-a.pdf
2026-06-05,035,LA AGUSTINA (EMA),DISTRITO NACIONAL,PRIVADA,EMAP,,,2.1,https://indomet.gob.do/wp-content/uploads/2026/06/temperaturas-extremas-y-precipitaciones-2026x06x05-a.pdf
2026-06-05,036,PARQUE MIRADOR NORTE,SANTO DOMINGO,AYUNTAMIENTO,EMCV,,,2.0,https://indomet.gob.do/wp-content/uploads/2026/06/temperaturas-extremas-y-precipitaciones-2026x06x05-a.pdf
2026-06-05,037,ENSANCHE LA FE (EMA),DISTRITO NACIONAL,PRIVADA,EMAP,,,2.0,https://indomet.gob.do/wp-content/uploads/2026/06/temperaturas-extremas-y-precipitaciones-2026x06x05-a.pdf
2026-06-05,038,LOS JARDINES (EMA),DISTRITO NACIONAL,PRIVADA,EMAP,,,1.6,https://indomet.gob.do/wp-content/uploads/2026/06/temperaturas-extremas-y-precipitaciones-2026x06x05-a.pdf
2026-06-05,039,ARPT. DE LA ROMANA,LA ROMANA,INDOMET,EMCI,32.0,22.1,1.0,https://indomet.gob.do/wp-content/uploads/2026/06/temperaturas-extremas-y-precipitaciones-2026x06x05-a.pdf
2026-06-05,040,ARPT. DE PUNTA CANA,LA ALTAGRACIA,INDOMET,EMCI,30.8,23.1,0.6,https://indomet.gob.do/wp-content/uploads/2026/06/temperaturas-extremas-y-precipitaciones-2026x06x05-a.pdf
2026-06-05,041,CENTRO DE LOS HEROES (EMA),DISTRITO NACIONAL,MINISTERIO DE ENERGIA Y MINA,EMAP,31.1,26.3,0.6,https://indomet.gob.do/wp-content/uploads/2026/06/temperaturas-extremas-y-precipitaciones-2026x06x05-a.pdf
2026-06-05,042,SABANA DE LA MAR,HATO MAYOR,INDOMET,EMCI,32.4,22.6,0.4,https://indomet.gob.do/wp-content/uploads/2026/06/temperaturas-extremas-y-precipitaciones-2026x06x05-a.pdf
2026-06-05,043,RÍO SAN JUAN,MARÍA TRINIDAD SÁNCHEZ,HOSP. MPAL. DR. DESIDERIO ACOSTA,EMCV,34.1,24.5,0.3,https://indomet.gob.do/wp-content/uploads/2026/06/temperaturas-extremas-y-precipitaciones-2026x06x05-a.pdf
2026-06-05,044,PONTÓN ABAJO (EMA),LA VEGA,MINISTERIO DE AGRICULTURA,EMAP,35.7,22.5,0.2,https://indomet.gob.do/wp-content/uploads/2026/06/temperaturas-extremas-y-precipitaciones-2026x06x05-a.pdf
2026-06-05,045,ELÍAS PIÑA,ELÍAS PIÑA,MINISTERIO DE AGRICULTURA,EMCV,,,0.1,https://indomet.gob.do/wp-content/uploads/2026/06/temperaturas-extremas-y-precipitaciones-2026x06x05-a.pdf
2026-06-05,046,ANAMUYA (EMA),LA ALTAGRACIA,MINISTERIO DE AGRICULTURA,EMAP,32.8,24.0,0.0,https://indomet.gob.do/wp-content/uploads/2026/06/temperaturas-extremas-y-precipitaciones-2026x06x05-a.pdf
2026-06-05,047,ARPT. ARROYO BARRIL,SAMANÁ,INDOMET,EMCI,32.5,22.5,0.0,https://indomet.gob.do/wp-content/uploads/2026/06/temperaturas-extremas-y-precipitaciones-2026x06x05-a.pdf
2026-06-05,048,ARPT. EL CATEY,SAMANÁ,INDOMET,EMCI,33.5,22.0,0.0,https://indomet.gob.do/wp-content/uploads/2026/06/temperaturas-extremas-y-precipitaciones-2026x06x05-a.pdf
2026-06-05,049,ARPT. MARÍA MONTEZ,BARAHONA,INDOMET,EMCI,31.6,23.8,0.0,https://indomet.gob.do/wp-content/uploads/2026/06/temperaturas-extremas-y-precipitaciones-2026x06x05-a.pdf
2026-06-05,050,ARROYO LORO,SAN JUAN,IDIAF,EMCI,32.7,21.2,0.0,https://indomet.gob.do/wp-content/uploads/2026/06/temperaturas-extremas-y-precipitaciones-2026x06x05-a.pdf
2026-06-05,051,BAYAGUANA,MONTE PLATA,INDOMET,EMCI,33.0,22.6,0.0,https://indomet.gob.do/wp-content/uploads/2026/06/temperaturas-extremas-y-precipitaciones-2026x06x05-a.pdf
2026-06-05,052,BONAO,MONSEÑOR NOUEL,MINISTERIO DE AGRICULTURA,EMCV,,,0.0,https://indomet.gob.do/wp-content/uploads/2026/06/temperaturas-extremas-y-precipitaciones-2026x06x05-a.pdf
2026-06-05,053,CABRERA,MARÍA TRINIDAD SÁNCHEZ,ESCUELA ARÍSTIDES FIALLO CABRAL,EMCI,33.5,25.5,0.0,https://indomet.gob.do/wp-content/uploads/2026/06/temperaturas-extremas-y-precipitaciones-2026x06x05-a.pdf
2026-06-05,054,CONSTANZA,LA VEGA,MINISTERIO DE AGRICULTURA,EMCI,29.0,14.2,0.0,https://indomet.gob.do/wp-content/uploads/2026/06/temperaturas-extremas-y-precipitaciones-2026x06x05-a.pdf
2026-06-05,055,CONSTANZA (EMA),LA VEGA,PROGRAMA MUNDIAL DE ALIMENTO,EMAP,27.0,15.7,0.0,https://indomet.gob.do/wp-content/uploads/2026/06/temperaturas-extremas-y-precipitaciones-2026x06x05-a.pdf
2026-06-05,056,DAJABÓN,DAJABÓN,INSTITUTO POLITÉCNICO LOYOLA,EMCI,35.0,23.5,0.0,https://indomet.gob.do/wp-content/uploads/2026/06/temperaturas-extremas-y-precipitaciones-2026x06x05-a.pdf
2026-06-05,057,EL MILLON (EMA),DISTRITO NACIONAL,PRIVADA,EMAP,,,0.0,https://indomet.gob.do/wp-content/uploads/2026/06/temperaturas-extremas-y-precipitaciones-2026x06x05-a.pdf
2026-06-05,058,GASPAR HERNÁNDEZ,ESPAILLAT,PROPIEDAD DEL EMPLEADO,EMCI,,,0.0,https://indomet.gob.do/wp-content/uploads/2026/06/temperaturas-extremas-y-precipitaciones-2026x06x05-a.pdf
2026-06-05,059,HATO MAYOR,HATO MAYOR,MINISTERIO DE AGRICULTURA,EMCV,,,0.0,https://indomet.gob.do/wp-content/uploads/2026/06/temperaturas-extremas-y-precipitaciones-2026x06x05-a.pdf
2026-06-05,060,JARABACOA,LA VEGA,INDRHI / MARENA,EMCI,33.0,16.6,0.0,https://indomet.gob.do/wp-content/uploads/2026/06/temperaturas-extremas-y-precipitaciones-2026x06x05-a.pdf
2026-06-05,061,JARABACOA (EMA),LA VEGA,PROGRAMA MUNDIAL DE ALIMENTO,EMAP,31.6,18.9,0.0,https://indomet.gob.do/wp-content/uploads/2026/06/temperaturas-extremas-y-precipitaciones-2026x06x05-a.pdf
2026-06-05,062,JIMANÍ,INDEPENDENCIA,MINISTERIO DE AGRICULTURA,EMCI,34.6,25.0,0.0,https://indomet.gob.do/wp-content/uploads/2026/06/temperaturas-extremas-y-precipitaciones-2026x06x05-a.pdf
2026-06-05,063,JUMA BEJUCAL,MONSEÑOR NOUEL,IDIAF,EMCV,32.0,22.6,0.0,https://indomet.gob.do/wp-content/uploads/2026/06/temperaturas-extremas-y-precipitaciones-2026x06x05-a.pdf
2026-06-05,064,LA VEGA,LA VEGA,IATESA,EMCI,33.0,22.0,0.0,https://indomet.gob.do/wp-content/uploads/2026/06/temperaturas-extremas-y-precipitaciones-2026x06x05-a.pdf
2026-06-05,065,LA VICTORIA,SANTO DOMINGO,CUERPO DE BOMBEROS,EMCI,32.6,24.0,0.0,https://indomet.gob.do/wp-content/uploads/2026/06/temperaturas-extremas-y-precipitaciones-2026x06x05-a.pdf
2026-06-05,066,LAS CANAS (EMA),MONTE CRISTI,PROGRAMA MUNDIAL DE ALIMENTO,EMAP,30.3,22.4,0.0,https://indomet.gob.do/wp-content/uploads/2026/06/temperaturas-extremas-y-precipitaciones-2026x06x05-a.pdf
2026-06-05,067,LOS COCOS (EMA),BAHORUCO,PRIVADA,EMAP,,,0.0,https://indomet.gob.do/wp-content/uploads/2026/06/temperaturas-extremas-y-precipitaciones-2026x06x05-a.pdf
2026-06-05,068,LOS LLANOS,SAN PEDRO DE MACORÍS,MINISTERIO DE AGRICULTURA,EMCI,33.0,23.5,0.0,https://indomet.gob.do/wp-content/uploads/2026/06/temperaturas-extremas-y-precipitaciones-2026x06x05-a.pdf
2026-06-05,069,MICHES (EMA),EL SEIBO,PRIVADA,EMAP,33.5,23.3,0.0,https://indomet.gob.do/wp-content/uploads/2026/06/temperaturas-extremas-y-precipitaciones-2026x06x05-a.pdf
2026-06-05,070,MONCIÓN (EMA),SANTIAGO RODRÍGUEZ,PROGRAMA MUNDIAL DE ALIMENTO,EMAP,30.9,19.9,0.0,https://indomet.gob.do/wp-content/uploads/2026/06/temperaturas-extremas-y-precipitaciones-2026x06x05-a.pdf
2026-06-05,071,MONTE CRISTI,MONTE CRISTI,INDOMET,EMCI,33.5,25.2,0.0,https://indomet.gob.do/wp-content/uploads/2026/06/temperaturas-extremas-y-precipitaciones-2026x06x05-a.pdf
2026-06-05,072,OLIVARES,PEDERNALES,INDRHI,EMCI,,,0.0,https://indomet.gob.do/wp-content/uploads/2026/06/temperaturas-extremas-y-precipitaciones-2026x06x05-a.pdf
2026-06-05,073,PADRE LAS CASAS,AZUA,HOSP. NTRA. SRA. DEL CARMEN,EMCI,32.5,20.0,0.0,https://indomet.gob.do/wp-content/uploads/2026/06/temperaturas-extremas-y-precipitaciones-2026x06x05-a.pdf
2026-06-05,074,PEDERNALES,PEDERNALES,INDRHI,EMCI,,,0.0,https://indomet.gob.do/wp-content/uploads/2026/06/temperaturas-extremas-y-precipitaciones-2026x06x05-a.pdf
2026-06-05,075,RANCHO ARRIBA,SAN JOSÉ DE OCOA,CENTRO TECNOLÓGICO COMUNITARIO,EMCI,31.3,18.2,0.0,https://indomet.gob.do/wp-content/uploads/2026/06/temperaturas-extremas-y-precipitaciones-2026x06x05-a.pdf
2026-06-05,076,RESTAURACIÓN,DAJABÓN,MINISTERIO DE AGRICULTURA,EMCI,33.6,18.7,0.0,https://indomet.gob.do/wp-content/uploads/2026/06/temperaturas-extremas-y-precipitaciones-2026x06x05-a.pdf
2026-06-05,077,SABANA GRANDE DE BOYÁ,MONTE PLATA,MINISTERIO DE AGRICULTURA,EMCV,,,0.0,https://indomet.gob.do/wp-content/uploads/2026/06/temperaturas-extremas-y-precipitaciones-2026x06x05-a.pdf
2026-06-05,078,SALCEDO,HERMANAS MIRABAL,PROPIEDAD DEL EMPLEADO,EMCI,,,0.0,https://indomet.gob.do/wp-content/uploads/2026/06/temperaturas-extremas-y-precipitaciones-2026x06x05-a.pdf
2026-06-05,079,SAMANÁ,SAMANÁ,COMANDANCIA DE PUERTO DE SAMANÁ,EMCI,33.5,20.0,0.0,https://indomet.gob.do/wp-content/uploads/2026/06/temperaturas-extremas-y-precipitaciones-2026x06x05-a.pdf
2026-06-05,080,SAN JOSÉ DE OCOA,SAN JOSÉ DE OCOA,HOSP. SAN JOSÉ DE OCOA,EMCI,32.7,17.8,0.0,https://indomet.gob.do/wp-content/uploads/2026/06/temperaturas-extremas-y-precipitaciones-2026x06x05-a.pdf
2026-06-05,081,SÁNCHEZ,SAMANÁ,MINISTERIO DE AGRICULTURA,EMCI,33.9,,0.0,https://indomet.gob.do/wp-content/uploads/2026/06/temperaturas-extremas-y-precipitaciones-2026x06x05-a.pdf
2026-06-05,082,TÁBARA ABAJO,AZUA,INDRHI,EMCI,35.5,20.3,0.0,https://indomet.gob.do/wp-content/uploads/2026/06/temperaturas-extremas-y-precipitaciones-2026x06x05-a.pdf
2026-06-05,083,VILLA ISABELA,PUERTO PLATA,MINISTERIO DE AGRICULTURA,EMCV,33.0,21.0,0.0,https://indomet.gob.do/wp-content/uploads/2026/06/temperaturas-extremas-y-precipitaciones-2026x06x05-a.pdf
2026-06-05,084,VILLA RIVA,DUARTE,HOSP. MPAL. ALICIA DE LEGENDRE,EMCI,33.0,22.0,0.0,https://indomet.gob.do/wp-content/uploads/2026/06/temperaturas-extremas-y-precipitaciones-2026x06x05-a.pdf
2026-06-06,001,ESCONDIDO,PERAVIA,MINISTERIO DE AGRICULTURA,EMCV,29.0,22.0,96.2,https://indomet.gob.do/wp-content/uploads/2026/06/temperaturas-extremas-y-precipitaciones-2026x06x06-a.pdf
2026-06-06,002,LOS CACICAZGOS (EMA),DISTRITO NACIONAL,PRIVADA,EMAP,,,47.5,https://indomet.gob.do/wp-content/uploads/2026/06/temperaturas-extremas-y-precipitaciones-2026x06x06-a.pdf
2026-06-06,003,DAJABÓN,DAJABÓN,INSTITUTO POLITÉCNICO LOYOLA,EMCI,33.9,21.6,45.7,https://indomet.gob.do/wp-content/uploads/2026/06/temperaturas-extremas-y-precipitaciones-2026x06x06-a.pdf
2026-06-06,004,SAN CRISTÓBAL,SAN CRISTÓBAL,INSTITUTO POLITÉCNICO LOYOLA,EMCI,29.8,21.0,44.4,https://indomet.gob.do/wp-content/uploads/2026/06/temperaturas-extremas-y-precipitaciones-2026x06x06-a.pdf
2026-06-06,005,PROLONGACION 27 DE FEBRERO,DISTRITO NACIONAL,PRIVADA,EMAP,,,42.9,https://indomet.gob.do/wp-content/uploads/2026/06/temperaturas-extremas-y-precipitaciones-2026x06x06-a.pdf
2026-06-06,006,ALTO BANDERA (EMA),LA VEGA,INTEC,EMAP,13.3,9.4,34.5,https://indomet.gob.do/wp-content/uploads/2026/06/temperaturas-extremas-y-precipitaciones-2026x06x06-a.pdf
2026-06-06,007,PARQUE MIRADOR NORTE,SANTO DOMINGO,AYUNTAMIENTO,EMCV,,,28.2,https://indomet.gob.do/wp-content/uploads/2026/06/temperaturas-extremas-y-precipitaciones-2026x06x06-a.pdf
2026-06-06,008,ENSANCHE LA FE (EMA),DISTRITO NACIONAL,PRIVADA,EMAP,,,26.7,https://indomet.gob.do/wp-content/uploads/2026/06/temperaturas-extremas-y-precipitaciones-2026x06x06-a.pdf
2026-06-06,009,LA AGUSTINA (EMA),DISTRITO NACIONAL,PRIVADA,EMAP,,,26.6,https://indomet.gob.do/wp-content/uploads/2026/06/temperaturas-extremas-y-precipitaciones-2026x06x06-a.pdf
2026-06-06,010,ENRIQUILLO,BARAHONA,MINISTERIO DE AGRICULTURA,EMCV,29.0,20.0,26.4,https://indomet.gob.do/wp-content/uploads/2026/06/temperaturas-extremas-y-precipitaciones-2026x06x06-a.pdf
2026-06-06,011,ARPT. LA ISABELA,SANTO DOMINGO,INDOMET,EMCI,30.2,22.0,21.3,https://indomet.gob.do/wp-content/uploads/2026/06/temperaturas-extremas-y-precipitaciones-2026x06x06-a.pdf
2026-06-06,012,ARPT. MARÍA MONTEZ,BARAHONA,INDOMET,EMCI,29.5,23.5,19.6,https://indomet.gob.do/wp-content/uploads/2026/06/temperaturas-extremas-y-precipitaciones-2026x06x06-a.pdf
2026-06-06,013,EL MILLON (EMA),DISTRITO NACIONAL,PRIVADA,EMAP,,,19.3,https://indomet.gob.do/wp-content/uploads/2026/06/temperaturas-extremas-y-precipitaciones-2026x06x06-a.pdf
2026-06-06,014,SABANA DE LA MAR,HATO MAYOR,INDOMET,EMCI,32.6,22.0,19.2,https://indomet.gob.do/wp-content/uploads/2026/06/temperaturas-extremas-y-precipitaciones-2026x06x06-a.pdf
2026-06-06,015,LOS JARDINES (EMA),DISTRITO NACIONAL,PRIVADA,EMAP,,,17.4,https://indomet.gob.do/wp-content/uploads/2026/06/temperaturas-extremas-y-precipitaciones-2026x06x06-a.pdf
2026-06-06,016,BASE AÉREA DE SAN ISIDRO,SANTO DOMINGO,FUERZA AÉREA DOMINICANA,EMCV,30.0,22.0,15.0,https://indomet.gob.do/wp-content/uploads/2026/06/temperaturas-extremas-y-precipitaciones-2026x06x06-a.pdf
2026-06-06,017,CENTRO DE LOS HEROES (EMA),DISTRITO NACIONAL,MINISTERIO DE ENERGIA Y MINA,EMAP,28.8,25.6,12.8,https://indomet.gob.do/wp-content/uploads/2026/06/temperaturas-extremas-y-precipitaciones-2026x06x06-a.pdf
2026-06-06,018,RESTAURACIÓN,DAJABÓN,MINISTERIO DE AGRICULTURA,EMCI,31.9,17.0,9.2,https://indomet.gob.do/wp-content/uploads/2026/06/temperaturas-extremas-y-precipitaciones-2026x06x06-a.pdf
2026-06-06,019,OVIEDO,PEDERNALES,CLÍNICA RURAL OVIEDO,EMCI,28.0,23.0,9.0,https://indomet.gob.do/wp-content/uploads/2026/06/temperaturas-extremas-y-precipitaciones-2026x06x06-a.pdf
2026-06-06,020,BANI (EMA),PERAVIA,MINISTERIO DE AGRICULTURA,EMAP,29.1,23.9,8.8,https://indomet.gob.do/wp-content/uploads/2026/06/temperaturas-extremas-y-precipitaciones-2026x06x06-a.pdf
2026-06-06,021,HATO MAYOR,HATO MAYOR,MINISTERIO DE AGRICULTURA,EMCV,,,8.1,https://indomet.gob.do/wp-content/uploads/2026/06/temperaturas-extremas-y-precipitaciones-2026x06x06-a.pdf
2026-06-06,022,ARPT. ARROYO BARRIL,SAMANÁ,INDOMET,EMCI,31.6,24.0,8.1,https://indomet.gob.do/wp-content/uploads/2026/06/temperaturas-extremas-y-precipitaciones-2026x06x06-a.pdf
2026-06-06,023,SÁNCHEZ,SAMANÁ,MINISTERIO DE AGRICULTURA,EMCI,33.7,,6.9,https://indomet.gob.do/wp-content/uploads/2026/06/temperaturas-extremas-y-precipitaciones-2026x06x06-a.pdf
2026-06-06,024,SAMANÁ,SAMANÁ,COMANDANCIA DE PUERTO DE SAMANÁ,EMCI,33.2,18.4,5.8,https://indomet.gob.do/wp-content/uploads/2026/06/temperaturas-extremas-y-precipitaciones-2026x06x06-a.pdf
2026-06-06,025,SANTO DOMINGO ESTE,SANTO DOMINGO,INDOMET,EMCI,30.0,25.6,5.6,https://indomet.gob.do/wp-content/uploads/2026/06/temperaturas-extremas-y-precipitaciones-2026x06x06-a.pdf
2026-06-06,026,SABANETA (EMA),SANTIAGO RODRÍGUEZ,PROGRAMA MUNDIAL DE ALIMENTO,EMAP,33.7,21.8,4.0,https://indomet.gob.do/wp-content/uploads/2026/06/temperaturas-extremas-y-precipitaciones-2026x06x06-a.pdf
2026-06-06,027,ALTAMIRA,PUERTO PLATA,HOSP. MPAL. DE ALTAMIRA,EMCI,31.0,20.7,3.6,https://indomet.gob.do/wp-content/uploads/2026/06/temperaturas-extremas-y-precipitaciones-2026x06x06-a.pdf
2026-06-06,028,CONSTANZA,LA VEGA,MINISTERIO DE AGRICULTURA,EMCI,29.0,14.0,3.3,https://indomet.gob.do/wp-content/uploads/2026/06/temperaturas-extremas-y-precipitaciones-2026x06x06-a.pdf
2026-06-06,029,MONTE CRISTI,MONTE CRISTI,INDOMET,EMCI,33.7,23.4,3.3,https://indomet.gob.do/wp-content/uploads/2026/06/temperaturas-extremas-y-precipitaciones-2026x06x06-a.pdf
2026-06-06,030,SANTIAGO RODRÍGUEZ,SANTIAGO RODRÍGUEZ,INDOMET,EMCI,34.0,22.3,3.2,https://indomet.gob.do/wp-content/uploads/2026/06/temperaturas-extremas-y-precipitaciones-2026x06x06-a.pdf
2026-06-06,031,ARPT. DE LA ROMANA,LA ROMANA,INDOMET,EMCI,31.5,22.5,3.0,https://indomet.gob.do/wp-content/uploads/2026/06/temperaturas-extremas-y-precipitaciones-2026x06x06-a.pdf
2026-06-06,032,VILLA ISABELA,PUERTO PLATA,MINISTERIO DE AGRICULTURA,EMCV,34.0,21.0,2.8,https://indomet.gob.do/wp-content/uploads/2026/06/temperaturas-extremas-y-precipitaciones-2026x06x06-a.pdf
2026-06-06,033,CABRAL,BARAHONA,MINISTERIO DE AGRICULTURA,EMCV,30.4,22.7,2.4,https://indomet.gob.do/wp-content/uploads/2026/06/temperaturas-extremas-y-precipitaciones-2026x06x06-a.pdf
2026-06-06,034,ELÍAS PIÑA,ELÍAS PIÑA,MINISTERIO DE AGRICULTURA,EMCV,,,2.0,https://indomet.gob.do/wp-content/uploads/2026/06/temperaturas-extremas-y-precipitaciones-2026x06x06-a.pdf
2026-06-06,035,ARPT. EL CATEY,SAMANÁ,INDOMET,EMCI,30.4,22.2,2.0,https://indomet.gob.do/wp-content/uploads/2026/06/temperaturas-extremas-y-precipitaciones-2026x06x06-a.pdf
2026-06-06,036,LAS CANAS (EMA),MONTE CRISTI,PROGRAMA MUNDIAL DE ALIMENTO,EMAP,30.0,21.3,2.0,https://indomet.gob.do/wp-content/uploads/2026/06/temperaturas-extremas-y-precipitaciones-2026x06x06-a.pdf
2026-06-06,037,PALO ÍNDIO,PUERTO PLATA,MINISTERIO DE AGRICULTURA,EMCI,,,1.8,https://indomet.gob.do/wp-content/uploads/2026/06/temperaturas-extremas-y-precipitaciones-2026x06x06-a.pdf
2026-06-06,038,VILLA ALTAGRACIA,SAN CRISTÓBAL,ESCUELA JAVIER ANGULO GURIDI,EMCI,,,0.8,https://indomet.gob.do/wp-content/uploads/2026/06/temperaturas-extremas-y-precipitaciones-2026x06x06-a.pdf
2026-06-06,039,ARPT. DE LAS AMÉRICAS,SANTO DOMINGO,INDOMET,EMCI,31.0,23.5,0.4,https://indomet.gob.do/wp-content/uploads/2026/06/temperaturas-extremas-y-precipitaciones-2026x06x06-a.pdf
2026-06-06,040,JARABACOA,LA VEGA,INDRHI / MARENA,EMCI,32.0,16.4,0.3,https://indomet.gob.do/wp-content/uploads/2026/06/temperaturas-extremas-y-precipitaciones-2026x06x06-a.pdf
2026-06-06,041,LOS LLANOS,SAN PEDRO DE MACORÍS,MINISTERIO DE AGRICULTURA,EMCI,33.0,23.9,0.3,https://indomet.gob.do/wp-content/uploads/2026/06/temperaturas-extremas-y-precipitaciones-2026x06x06-a.pdf
2026-06-06,042,JARABACOA (EMA),LA VEGA,PROGRAMA MUNDIAL DE ALIMENTO,EMAP,30.7,18.2,0.2,https://indomet.gob.do/wp-content/uploads/2026/06/temperaturas-extremas-y-precipitaciones-2026x06x06-a.pdf
2026-06-06,043,PERALTA,AZUA,HOSP. MPAL. DE PERALTA,EMCI,32.0,19.2,0.1,https://indomet.gob.do/wp-content/uploads/2026/06/temperaturas-extremas-y-precipitaciones-2026x06x06-a.pdf
2026-06-06,044,ARPT. DE PUNTA CANA,LA ALTAGRACIA,INDOMET,EMCI,31.0,22.5,0.0,https://indomet.gob.do/wp-content/uploads/2026/06/temperaturas-extremas-y-precipitaciones-2026x06x06-a.pdf
2026-06-06,045,ARPT. DEL CIBAO,SANTIAGO,INDOMET,EMCI,33.5,21.0,0.0,https://indomet.gob.do/wp-content/uploads/2026/06/temperaturas-extremas-y-precipitaciones-2026x06x06-a.pdf
2026-06-06,046,ARPT. GREGORIO LUPERÓN,PUERTO PLATA,INDOMET,EMCI,32.5,22.0,0.0,https://indomet.gob.do/wp-content/uploads/2026/06/temperaturas-extremas-y-precipitaciones-2026x06x06-a.pdf
2026-06-06,047,ARROYO LORO,SAN JUAN,IDIAF,EMCI,31.0,20.7,0.0,https://indomet.gob.do/wp-content/uploads/2026/06/temperaturas-extremas-y-precipitaciones-2026x06x06-a.pdf
2026-06-06,048,BAYAGUANA,MONTE PLATA,INDOMET,EMCI,32.8,22.8,0.0,https://indomet.gob.do/wp-content/uploads/2026/06/temperaturas-extremas-y-precipitaciones-2026x06x06-a.pdf
2026-06-06,049,CABRERA,MARÍA TRINIDAD SÁNCHEZ,ESCUELA ARÍSTIDES FIALLO CABRAL,EMCI,33.2,25.5,0.0,https://indomet.gob.do/wp-content/uploads/2026/06/temperaturas-extremas-y-precipitaciones-2026x06x06-a.pdf
2026-06-06,050,GASPAR HERNÁNDEZ,ESPAILLAT,PROPIEDAD DEL EMPLEADO,EMCI,,,0.0,https://indomet.gob.do/wp-content/uploads/2026/06/temperaturas-extremas-y-precipitaciones-2026x06x06-a.pdf
2026-06-06,051,GURABO,SANTIAGO,MINISTERIO DE AGRICULTURA,EMCV,,,0.0,https://indomet.gob.do/wp-content/uploads/2026/06/temperaturas-extremas-y-precipitaciones-2026x06x06-a.pdf
2026-06-06,052,JIMANÍ,INDEPENDENCIA,MINISTERIO DE AGRICULTURA,EMCI,31.0,22.5,0.0,https://indomet.gob.do/wp-content/uploads/2026/06/temperaturas-extremas-y-precipitaciones-2026x06x06-a.pdf
2026-06-06,053,JUMA BEJUCAL,MONSEÑOR NOUEL,IDIAF,EMCV,31.6,24.4,0.0,https://indomet.gob.do/wp-content/uploads/2026/06/temperaturas-extremas-y-precipitaciones-2026x06x06-a.pdf
2026-06-06,054,LA VEGA,LA VEGA,IATESA,EMCI,32.5,22.5,0.0,https://indomet.gob.do/wp-content/uploads/2026/06/temperaturas-extremas-y-precipitaciones-2026x06x06-a.pdf
2026-06-06,055,LA VICTORIA,SANTO DOMINGO,CUERPO DE BOMBEROS,EMCI,31.0,22.0,0.0,https://indomet.gob.do/wp-content/uploads/2026/06/temperaturas-extremas-y-precipitaciones-2026x06x06-a.pdf
2026-06-06,056,MAO,VALVERDE,INDRHI / MINISTERIO DE AGRICULTURA,EMCV,,,0.0,https://indomet.gob.do/wp-content/uploads/2026/06/temperaturas-extremas-y-precipitaciones-2026x06x06-a.pdf
2026-06-06,057,NAVARRETE,SANTIAGO,MINISTERIO DE AGRICULTURA,EMCV,,,0.0,https://indomet.gob.do/wp-content/uploads/2026/06/temperaturas-extremas-y-precipitaciones-2026x06x06-a.pdf
2026-06-06,058,OLIVARES,PEDERNALES,INDRHI,EMCI,,,0.0,https://indomet.gob.do/wp-content/uploads/2026/06/temperaturas-extremas-y-precipitaciones-2026x06x06-a.pdf
2026-06-06,059,PADRE LAS CASAS,AZUA,HOSP. NTRA. SRA. DEL CARMEN,EMCI,30.0,19.5,0.0,https://indomet.gob.do/wp-content/uploads/2026/06/temperaturas-extremas-y-precipitaciones-2026x06x06-a.pdf
2026-06-06,060,PEDERNALES,PEDERNALES,INDRHI,EMCI,,,0.0,https://indomet.gob.do/wp-content/uploads/2026/06/temperaturas-extremas-y-precipitaciones-2026x06x06-a.pdf
2026-06-06,061,RANCHO ARRIBA,SAN JOSÉ DE OCOA,CENTRO TECNOLÓGICO COMUNITARIO,EMCI,30.0,17.3,0.0,https://indomet.gob.do/wp-content/uploads/2026/06/temperaturas-extremas-y-precipitaciones-2026x06x06-a.pdf
2026-06-06,062,RÍO SAN JUAN,MARÍA TRINIDAD SÁNCHEZ,HOSP. MPAL. DR. DESIDERIO ACOSTA,EMCV,34.7,24.7,0.0,https://indomet.gob.do/wp-content/uploads/2026/06/temperaturas-extremas-y-precipitaciones-2026x06x06-a.pdf
2026-06-06,063,SALCEDO,HERMANAS MIRABAL,PROPIEDAD DEL EMPLEADO,EMCI,,,0.0,https://indomet.gob.do/wp-content/uploads/2026/06/temperaturas-extremas-y-precipitaciones-2026x06x06-a.pdf
2026-06-06,064,SAN RAFAEL DEL YUMA,LA ALTAGRACIA,MINISTERIO DE AGRICULTURA,EMCI,33.2,23.5,0.0,https://indomet.gob.do/wp-content/uploads/2026/06/temperaturas-extremas-y-precipitaciones-2026x06x06-a.pdf
2026-06-06,065,TÁBARA ABAJO,AZUA,INDRHI,EMCI,33.0,19.5,0.0,https://indomet.gob.do/wp-content/uploads/2026/06/temperaturas-extremas-y-precipitaciones-2026x06x06-a.pdf
2026-06-06,066,TAMBORIL,SANTIAGO,MINISTERIO DE AGRICULTURA,EMCV,,,0.0,https://indomet.gob.do/wp-content/uploads/2026/06/temperaturas-extremas-y-precipitaciones-2026x06x06-a.pdf
2026-06-06,067,VILLA GONZALES,SANTIAGO,MINISTERIO DE AGRICULTURA,EMCI,,,0.0,https://indomet.gob.do/wp-content/uploads/2026/06/temperaturas-extremas-y-precipitaciones-2026x06x06-a.pdf
2026-06-06,068,VILLA RIVA,DUARTE,HOSP. MPAL. ALICIA DE LEGENDRE,EMCI,31.1,21.7,0.0,https://indomet.gob.do/wp-content/uploads/2026/06/temperaturas-extremas-y-precipitaciones-2026x06x06-a.pdf
2026-06-06,069,MICHES (EMA),EL SEIBO,PRIVADA,EMAP,33.2,22.0,0.0,https://indomet.gob.do/wp-content/uploads/2026/06/temperaturas-extremas-y-precipitaciones-2026x06x06-a.pdf
2026-06-06,070,MONCIÓN (EMA),SANTIAGO RODRÍGUEZ,PROGRAMA MUNDIAL DE ALIMENTO,EMAP,29.7,19.8,0.0,https://indomet.gob.do/wp-content/uploads/2026/06/temperaturas-extremas-y-precipitaciones-2026x06x06-a.pdf
2026-06-06,071,PONTÓN ABAJO (EMA),LA VEGA,MINISTERIO DE AGRICULTURA,EMAP,35.0,22.8,0.0,https://indomet.gob.do/wp-content/uploads/2026/06/temperaturas-extremas-y-precipitaciones-2026x06x06-a.pdf
2026-06-06,072,PRESA DE TAVERAS (EMA),LA VEGA,PROGRAMA MUNDIAL DE ALIMENTO,EMAP,31.6,20.8,0.0,https://indomet.gob.do/wp-content/uploads/2026/06/temperaturas-extremas-y-precipitaciones-2026x06x06-a.pdf
2026-06-07,001,DAJABÓN,DAJABÓN,INSTITUTO POLITÉCNICO LOYOLA,EMCI,34.1,19.3,35.2,https://indomet.gob.do/wp-content/uploads/2026/06/temperaturas-extremas-y-precipitaciones-2026x06x07-a.pdf
2026-06-07,002,WALTERIO (EMA),MONTE CRISTI,PRIVADA,EMAP,,,26.4,https://indomet.gob.do/wp-content/uploads/2026/06/temperaturas-extremas-y-precipitaciones-2026x06x07-a.pdf
2026-06-07,003,SAN JOSE DE LAS MATAS (EMA),SANTIAGO,PRIVADA,EMAP,,,18.2,https://indomet.gob.do/wp-content/uploads/2026/06/temperaturas-extremas-y-precipitaciones-2026x06x07-a.pdf
2026-06-07,004,CABRAL,BARAHONA,MINISTERIO DE AGRICULTURA,EMCV,32.7,24.0,12.2,https://indomet.gob.do/wp-content/uploads/2026/06/temperaturas-extremas-y-precipitaciones-2026x06x07-a.pdf
2026-06-07,005,VILLA ISABELA,PUERTO PLATA,MINISTERIO DE AGRICULTURA,EMCV,34.0,21.0,11.3,https://indomet.gob.do/wp-content/uploads/2026/06/temperaturas-extremas-y-precipitaciones-2026x06x07-a.pdf
2026-06-07,006,HATO MAYOR,HATO MAYOR,MINISTERIO DE AGRICULTURA,EMCV,,,10.7,https://indomet.gob.do/wp-content/uploads/2026/06/temperaturas-extremas-y-precipitaciones-2026x06x07-a.pdf
2026-06-07,007,ARPT. MARÍA MONTEZ,BARAHONA,INDOMET,EMCI,31.5,23.5,10.6,https://indomet.gob.do/wp-content/uploads/2026/06/temperaturas-extremas-y-precipitaciones-2026x06x07-a.pdf
2026-06-07,008,VILLA RIVA,DUARTE,HOSP. MPAL. ALICIA DE LEGENDRE,EMCI,32.7,23.3,9.3,https://indomet.gob.do/wp-content/uploads/2026/06/temperaturas-extremas-y-precipitaciones-2026x06x07-a.pdf
2026-06-07,009,MONTE CRISTI,MONTE CRISTI,INDOMET,EMCI,33.8,22.3,6.0,https://indomet.gob.do/wp-content/uploads/2026/06/temperaturas-extremas-y-precipitaciones-2026x06x07-a.pdf
2026-06-07,010,RESTAURACIÓN,DAJABÓN,MINISTERIO DE AGRICULTURA,EMCI,31.5,17.8,5.7,https://indomet.gob.do/wp-content/uploads/2026/06/temperaturas-extremas-y-precipitaciones-2026x06x07-a.pdf
2026-06-07,011,SABANA GRANDE DE BOYÁ,MONTE PLATA,MINISTERIO DE AGRICULTURA,EMCV,,,5.6,https://indomet.gob.do/wp-content/uploads/2026/06/temperaturas-extremas-y-precipitaciones-2026x06x07-a.pdf
2026-06-07,012,POLO,BARAHONA,INDOCAFE,EMCI,26.0,13.2,4.0,https://indomet.gob.do/wp-content/uploads/2026/06/temperaturas-extremas-y-precipitaciones-2026x06x07-a.pdf
2026-06-07,013,SAMANÁ,SAMANÁ,COMANDANCIA DE PUERTO DE SAMANÁ,EMCI,33.4,19.3,3.0,https://indomet.gob.do/wp-content/uploads/2026/06/temperaturas-extremas-y-precipitaciones-2026x06x07-a.pdf
2026-06-07,014,SABANA DE LA MAR,HATO MAYOR,INDOMET,EMCI,31.4,23.0,2.3,https://indomet.gob.do/wp-content/uploads/2026/06/temperaturas-extremas-y-precipitaciones-2026x06x07-a.pdf
2026-06-07,015,SAN CRISTÓBAL,SAN CRISTÓBAL,INSTITUTO POLITÉCNICO LOYOLA,EMCI,30.0,23.0,2.0,https://indomet.gob.do/wp-content/uploads/2026/06/temperaturas-extremas-y-precipitaciones-2026x06x07-a.pdf
2026-06-07,016,SAN JOSÉ DE OCOA,SAN JOSÉ DE OCOA,HOSP. SAN JOSÉ DE OCOA,EMCI,32.3,22.9,0.8,https://indomet.gob.do/wp-content/uploads/2026/06/temperaturas-extremas-y-precipitaciones-2026x06x07-a.pdf
2026-06-07,017,CONSTANZA (EMA),LA VEGA,PROGRAMA MUNDIAL DE ALIMENTO,EMAP,26.5,15.2,0.4,https://indomet.gob.do/wp-content/uploads/2026/06/temperaturas-extremas-y-precipitaciones-2026x06x07-a.pdf
2026-06-07,018,BELLA VISTA (EMA),DISTRITO NACIONAL,PRIVADA,EMAP,,,0.3,https://indomet.gob.do/wp-content/uploads/2026/06/temperaturas-extremas-y-precipitaciones-2026x06x07-a.pdf
2026-06-07,019,LOS CACICAZGOS (EMA),DISTRITO NACIONAL,PRIVADA,EMAP,,,0.3,https://indomet.gob.do/wp-content/uploads/2026/06/temperaturas-extremas-y-precipitaciones-2026x06x07-a.pdf
2026-06-07,020,CENTRO DE LOS HEROES (EMA),DISTRITO NACIONAL,MINISTERIO DE ENERGIA Y MINA,EMAP,31.8,26.4,0.2,https://indomet.gob.do/wp-content/uploads/2026/06/temperaturas-extremas-y-precipitaciones-2026x06x07-a.pdf
2026-06-07,021,MONCIÓN (EMA),SANTIAGO RODRÍGUEZ,PROGRAMA MUNDIAL DE ALIMENTO,EMAP,30.6,19.7,0.2,https://indomet.gob.do/wp-content/uploads/2026/06/temperaturas-extremas-y-precipitaciones-2026x06x07-a.pdf
2026-06-07,022,SABANETA (EMA),SANTIAGO RODRÍGUEZ,PROGRAMA MUNDIAL DE ALIMENTO,EMAP,34.7,21.2,0.2,https://indomet.gob.do/wp-content/uploads/2026/06/temperaturas-extremas-y-precipitaciones-2026x06x07-a.pdf
2026-06-07,023,CONSTANZA,LA VEGA,MINISTERIO DE AGRICULTURA,EMCI,28.0,13.5,0.2,https://indomet.gob.do/wp-content/uploads/2026/06/temperaturas-extremas-y-precipitaciones-2026x06x07-a.pdf
2026-06-07,024,LA VICTORIA,SANTO DOMINGO,CUERPO DE BOMBEROS,EMCI,34.0,23.0,0.2,https://indomet.gob.do/wp-content/uploads/2026/06/temperaturas-extremas-y-precipitaciones-2026x06x07-a.pdf
2026-06-07,025,ARPT. DE LA ROMANA,LA ROMANA,INDOMET,EMCI,31.4,22.5,0.1,https://indomet.gob.do/wp-content/uploads/2026/06/temperaturas-extremas-y-precipitaciones-2026x06x07-a.pdf
2026-06-07,026,BAYAGUANA,MONTE PLATA,INDOMET,EMCI,34.0,26.6,0.1,https://indomet.gob.do/wp-content/uploads/2026/06/temperaturas-extremas-y-precipitaciones-2026x06x07-a.pdf
2026-06-07,027,SANTIAGO RODRÍGUEZ,SANTIAGO RODRÍGUEZ,INDOMET,EMCI,34.8,22.0,0.1,https://indomet.gob.do/wp-content/uploads/2026/06/temperaturas-extremas-y-precipitaciones-2026x06x07-a.pdf
2026-06-07,028,ENRIQUILLO,BARAHONA,MINISTERIO DE AGRICULTURA,EMCV,32.5,23.7,0.1,https://indomet.gob.do/wp-content/uploads/2026/06/temperaturas-extremas-y-precipitaciones-2026x06x07-a.pdf
2026-06-07,029,JARDÍN BOTÁNICO NACIONAL,DISTRITO NACIONAL,JARDÍN BOTÁNICO NACIONAL,EMCV,32.6,21.3,0.1,https://indomet.gob.do/wp-content/uploads/2026/06/temperaturas-extremas-y-precipitaciones-2026x06x07-a.pdf
2026-06-07,030,ALTO BANDERA (EMA),LA VEGA,INTEC,EMAP,16.8,8.6,0.0,https://indomet.gob.do/wp-content/uploads/2026/06/temperaturas-extremas-y-precipitaciones-2026x06x07-a.pdf
2026-06-07,031,ANAMUYA (EMA),LA ALTAGRACIA,MINISTERIO DE AGRICULTURA,EMAP,32.4,24.4,0.0,https://indomet.gob.do/wp-content/uploads/2026/06/temperaturas-extremas-y-precipitaciones-2026x06x07-a.pdf
2026-06-07,032,BANI (EMA),PERAVIA,MINISTERIO DE AGRICULTURA,EMAP,31.7,25.6,0.0,https://indomet.gob.do/wp-content/uploads/2026/06/temperaturas-extremas-y-precipitaciones-2026x06x07-a.pdf
2026-06-07,033,BOCA DE MAO (EMA),VALVERDE,MINISTERIO DE AGRICULTURA,EMAP,35.1,22.7,0.0,https://indomet.gob.do/wp-content/uploads/2026/06/temperaturas-extremas-y-precipitaciones-2026x06x07-a.pdf
2026-06-07,034,JARABACOA (EMA),LA VEGA,PROGRAMA MUNDIAL DE ALIMENTO,EMAP,32.9,20.2,0.0,https://indomet.gob.do/wp-content/uploads/2026/06/temperaturas-extremas-y-precipitaciones-2026x06x07-a.pdf
2026-06-07,035,LOS COCOS (EMA),BAHORUCO,PRIVADA,EMAP,,,0.0,https://indomet.gob.do/wp-content/uploads/2026/06/temperaturas-extremas-y-precipitaciones-2026x06x07-a.pdf
2026-06-07,036,LOS PRADOS (EMA),DISTRITO NACIONAL,PRIVADA,EMAP,,,0.0,https://indomet.gob.do/wp-content/uploads/2026/06/temperaturas-extremas-y-precipitaciones-2026x06x07-a.pdf
2026-06-07,037,MICHES (EMA),EL SEIBO,PRIVADA,EMAP,32.3,24.2,0.0,https://indomet.gob.do/wp-content/uploads/2026/06/temperaturas-extremas-y-precipitaciones-2026x06x07-a.pdf
2026-06-07,038,PONTÓN ABAJO (EMA),LA VEGA,MINISTERIO DE AGRICULTURA,EMAP,37.3,24.2,0.0,https://indomet.gob.do/wp-content/uploads/2026/06/temperaturas-extremas-y-precipitaciones-2026x06x07-a.pdf
2026-06-07,039,PRESA DE TAVERAS (EMA),LA VEGA,PROGRAMA MUNDIAL DE ALIMENTO,EMAP,31.9,24.2,0.0,https://indomet.gob.do/wp-content/uploads/2026/06/temperaturas-extremas-y-precipitaciones-2026x06x07-a.pdf
2026-06-07,040,PROLONGACION 27 DE FEBRERO,DISTRITO NACIONAL,PRIVADA,EMAP,,,0.0,https://indomet.gob.do/wp-content/uploads/2026/06/temperaturas-extremas-y-precipitaciones-2026x06x07-a.pdf
2026-06-07,041,ALTAMIRA,PUERTO PLATA,HOSP. MPAL. DE ALTAMIRA,EMCI,33.2,21.4,0.0,https://indomet.gob.do/wp-content/uploads/2026/06/temperaturas-extremas-y-precipitaciones-2026x06x07-a.pdf
2026-06-07,042,ARPT. ARROYO BARRIL,SAMANÁ,INDOMET,EMCI,32.4,23.8,0.0,https://indomet.gob.do/wp-content/uploads/2026/06/temperaturas-extremas-y-precipitaciones-2026x06x07-a.pdf
2026-06-07,043,ARPT. DE LAS AMÉRICAS,SANTO DOMINGO,INDOMET,EMCI,31.3,22.8,0.0,https://indomet.gob.do/wp-content/uploads/2026/06/temperaturas-extremas-y-precipitaciones-2026x06x07-a.pdf
2026-06-07,044,ARPT. DE PUNTA CANA,LA ALTAGRACIA,INDOMET,EMCI,31.4,23.2,0.0,https://indomet.gob.do/wp-content/uploads/2026/06/temperaturas-extremas-y-precipitaciones-2026x06x07-a.pdf
2026-06-07,045,ARPT. DEL CIBAO,SANTIAGO,INDOMET,EMCI,34.9,23.0,0.0,https://indomet.gob.do/wp-content/uploads/2026/06/temperaturas-extremas-y-precipitaciones-2026x06x07-a.pdf
2026-06-07,046,ARPT. EL CATEY,SAMANÁ,INDOMET,EMCI,31.4,22.5,0.0,https://indomet.gob.do/wp-content/uploads/2026/06/temperaturas-extremas-y-precipitaciones-2026x06x07-a.pdf
2026-06-07,047,ARPT. GREGORIO LUPERÓN,PUERTO PLATA,INDOMET,EMCI,32.0,24.0,0.0,https://indomet.gob.do/wp-content/uploads/2026/06/temperaturas-extremas-y-precipitaciones-2026x06x07-a.pdf
2026-06-07,048,ARPT. LA ISABELA,SANTO DOMINGO,INDOMET,EMCI,32.6,22.5,0.0,https://indomet.gob.do/wp-content/uploads/2026/06/temperaturas-extremas-y-precipitaciones-2026x06x07-a.pdf
2026-06-07,049,ARROYO LORO,SAN JUAN,IDIAF,EMCI,,,0.0,https://indomet.gob.do/wp-content/uploads/2026/06/temperaturas-extremas-y-precipitaciones-2026x06x07-a.pdf
2026-06-07,050,CABRERA,MARÍA TRINIDAD SÁNCHEZ,ESCUELA ARÍSTIDES FIALLO CABRAL,EMCI,33.5,25.5,0.0,https://indomet.gob.do/wp-content/uploads/2026/06/temperaturas-extremas-y-precipitaciones-2026x06x07-a.pdf
2026-06-07,051,GASPAR HERNÁNDEZ,ESPAILLAT,PROPIEDAD DEL EMPLEADO,EMCI,,,0.0,https://indomet.gob.do/wp-content/uploads/2026/06/temperaturas-extremas-y-precipitaciones-2026x06x07-a.pdf
2026-06-07,052,HONDO VALLE,ELÍAS PIÑA,MINISTERIO DE AGRICULTURA,EMCI,28.9,18.5,0.0,https://indomet.gob.do/wp-content/uploads/2026/06/temperaturas-extremas-y-precipitaciones-2026x06x07-a.pdf
2026-06-07,053,JARABACOA,LA VEGA,INDRHI / MARENA,EMCI,34.0,16.6,0.0,https://indomet.gob.do/wp-content/uploads/2026/06/temperaturas-extremas-y-precipitaciones-2026x06x07-a.pdf
2026-06-07,054,JIMANÍ,INDEPENDENCIA,MINISTERIO DE AGRICULTURA,EMCI,35.5,24.6,0.0,https://indomet.gob.do/wp-content/uploads/2026/06/temperaturas-extremas-y-precipitaciones-2026x06x07-a.pdf
2026-06-07,055,LA VEGA,LA VEGA,IATESA,EMCI,34.5,22.5,0.0,https://indomet.gob.do/wp-content/uploads/2026/06/temperaturas-extremas-y-precipitaciones-2026x06x07-a.pdf
2026-06-07,056,LOS JENGIBRES,NAGUA,INDRHI,EMCI,,,0.0,https://indomet.gob.do/wp-content/uploads/2026/06/temperaturas-extremas-y-precipitaciones-2026x06x07-a.pdf
2026-06-07,057,LOS LLANOS,SAN PEDRO DE MACORÍS,MINISTERIO DE AGRICULTURA,EMCI,34.2,24.0,0.0,https://indomet.gob.do/wp-content/uploads/2026/06/temperaturas-extremas-y-precipitaciones-2026x06x07-a.pdf
2026-06-07,058,OLIVARES,PEDERNALES,INDRHI,EMCI,,,0.0,https://indomet.gob.do/wp-content/uploads/2026/06/temperaturas-extremas-y-precipitaciones-2026x06x07-a.pdf
2026-06-07,059,OVIEDO,PEDERNALES,CLÍNICA RURAL OVIEDO,EMCI,31.0,23.2,0.0,https://indomet.gob.do/wp-content/uploads/2026/06/temperaturas-extremas-y-precipitaciones-2026x06x07-a.pdf
2026-06-07,060,PADRE LAS CASAS,AZUA,HOSP. NTRA. SRA. DEL CARMEN,EMCI,32.0,21.6,0.0,https://indomet.gob.do/wp-content/uploads/2026/06/temperaturas-extremas-y-precipitaciones-2026x06x07-a.pdf
2026-06-07,061,PALO ÍNDIO,PUERTO PLATA,MINISTERIO DE AGRICULTURA,EMCI,,,0.0,https://indomet.gob.do/wp-content/uploads/2026/06/temperaturas-extremas-y-precipitaciones-2026x06x07-a.pdf
2026-06-07,062,PASO AL MEDIO,SAN PEDRO DE MACORÍS,INDRHI,EMCI,,,0.0,https://indomet.gob.do/wp-content/uploads/2026/06/temperaturas-extremas-y-precipitaciones-2026x06x07-a.pdf
2026-06-07,063,PEDERNALES,PEDERNALES,INDRHI,EMCI,,,0.0,https://indomet.gob.do/wp-content/uploads/2026/06/temperaturas-extremas-y-precipitaciones-2026x06x07-a.pdf
2026-06-07,064,PERALTA,AZUA,HOSP. MPAL. DE PERALTA,EMCI,32.8,17.6,0.0,https://indomet.gob.do/wp-content/uploads/2026/06/temperaturas-extremas-y-precipitaciones-2026x06x07-a.pdf
2026-06-07,065,RANCHO ARRIBA,SAN JOSÉ DE OCOA,CENTRO TECNOLÓGICO COMUNITARIO,EMCI,30.5,19.1,0.0,https://indomet.gob.do/wp-content/uploads/2026/06/temperaturas-extremas-y-precipitaciones-2026x06x07-a.pdf
2026-06-07,066,SALCEDO,HERMANAS MIRABAL,PROPIEDAD DEL EMPLEADO,EMCI,,,0.0,https://indomet.gob.do/wp-content/uploads/2026/06/temperaturas-extremas-y-precipitaciones-2026x06x07-a.pdf
2026-06-07,067,SAN FRANCISCO DE MACORÍS,DUARTE,San Francisco de Macorís (UASD),EMCI,33.6,23.1,0.0,https://indomet.gob.do/wp-content/uploads/2026/06/temperaturas-extremas-y-precipitaciones-2026x06x07-a.pdf
2026-06-07,068,SAN RAFAEL DEL YUMA,LA ALTAGRACIA,MINISTERIO DE AGRICULTURA,EMCI,34.2,24.4,0.0,https://indomet.gob.do/wp-content/uploads/2026/06/temperaturas-extremas-y-precipitaciones-2026x06x07-a.pdf
2026-06-07,069,SÁNCHEZ,SAMANÁ,MINISTERIO DE AGRICULTURA,EMCI,33.9,,0.0,https://indomet.gob.do/wp-content/uploads/2026/06/temperaturas-extremas-y-precipitaciones-2026x06x07-a.pdf
2026-06-07,070,SANTIAGO (CENTRO),SANTIAGO,HUACALITO,EMCI,,,0.0,https://indomet.gob.do/wp-content/uploads/2026/06/temperaturas-extremas-y-precipitaciones-2026x06x07-a.pdf
2026-06-07,071,SANTO DOMINGO ESTE,SANTO DOMINGO,INDOMET,EMCI,31.7,24.2,0.0,https://indomet.gob.do/wp-content/uploads/2026/06/temperaturas-extremas-y-precipitaciones-2026x06x07-a.pdf
2026-06-07,072,TÁBARA ABAJO,AZUA,INDRHI,EMCI,32.5,22.0,0.0,https://indomet.gob.do/wp-content/uploads/2026/06/temperaturas-extremas-y-precipitaciones-2026x06x07-a.pdf
2026-06-07,073,TAVERA,SANTIAGO,INDRHI,EMCI,,,0.0,https://indomet.gob.do/wp-content/uploads/2026/06/temperaturas-extremas-y-precipitaciones-2026x06x07-a.pdf
2026-06-07,074,VILLA ALTAGRACIA,SAN CRISTÓBAL,ESCUELA JAVIER ANGULO GURIDI,EMCI,,,0.0,https://indomet.gob.do/wp-content/uploads/2026/06/temperaturas-extremas-y-precipitaciones-2026x06x07-a.pdf
2026-06-07,075,VILLA GONZALES,SANTIAGO,MINISTERIO DE AGRICULTURA,EMCI,,,0.0,https://indomet.gob.do/wp-content/uploads/2026/06/temperaturas-extremas-y-precipitaciones-2026x06x07-a.pdf
2026-06-07,076,BASE AÉREA DE SAN ISIDRO,SANTO DOMINGO,FUERZA AÉREA DOMINICANA,EMCV,32.0,24.0,0.0,https://indomet.gob.do/wp-content/uploads/2026/06/temperaturas-extremas-y-precipitaciones-2026x06x07-a.pdf
2026-06-07,077,BONAO,MONSEÑOR NOUEL,MINISTERIO DE AGRICULTURA,EMCV,,,0.0,https://indomet.gob.do/wp-content/uploads/2026/06/temperaturas-extremas-y-precipitaciones-2026x06x07-a.pdf
2026-06-07,078,COTUÍ,SÁNCHEZ RAMÍREZ,HOSP. INMACULADA CONCEPCIÓN,EMCV,,,0.0,https://indomet.gob.do/wp-content/uploads/2026/06/temperaturas-extremas-y-precipitaciones-2026x06x07-a.pdf
2026-06-07,079,EL CERCADO,SAN JUAN,MINISTERIO DE AGRICULTURA,EMCV,,,0.0,https://indomet.gob.do/wp-content/uploads/2026/06/temperaturas-extremas-y-precipitaciones-2026x06x07-a.pdf
2026-06-07,080,EL SEIBO,EL SEIBO,MINISTERIO DE AGRICULTURA,EMCV,,,0.0,https://indomet.gob.do/wp-content/uploads/2026/06/temperaturas-extremas-y-precipitaciones-2026x06x07-a.pdf
2026-06-07,081,ELÍAS PIÑA,ELÍAS PIÑA,MINISTERIO DE AGRICULTURA,EMCV,,,0.0,https://indomet.gob.do/wp-content/uploads/2026/06/temperaturas-extremas-y-precipitaciones-2026x06x07-a.pdf
2026-06-07,082,GURABO,SANTIAGO,MINISTERIO DE AGRICULTURA,EMCV,,,0.0,https://indomet.gob.do/wp-content/uploads/2026/06/temperaturas-extremas-y-precipitaciones-2026x06x07-a.pdf
2026-06-07,083,JUMA BEJUCAL,MONSEÑOR NOUEL,IDIAF,EMCV,33.0,24.8,0.0,https://indomet.gob.do/wp-content/uploads/2026/06/temperaturas-extremas-y-precipitaciones-2026x06x07-a.pdf
2026-06-07,084,MAO,VALVERDE,INDRHI / MINISTERIO DE AGRICULTURA,EMCV,,,0.0,https://indomet.gob.do/wp-content/uploads/2026/06/temperaturas-extremas-y-precipitaciones-2026x06x07-a.pdf
2026-06-07,085,NAVARRETE,SANTIAGO,MINISTERIO DE AGRICULTURA,EMCV,,,0.0,https://indomet.gob.do/wp-content/uploads/2026/06/temperaturas-extremas-y-precipitaciones-2026x06x07-a.pdf
2026-06-07,086,RÍO SAN JUAN,MARÍA TRINIDAD SÁNCHEZ,HOSP. MPAL. DR. DESIDERIO ACOSTA,EMCV,36.0,25.7,0.0,https://indomet.gob.do/wp-content/uploads/2026/06/temperaturas-extremas-y-precipitaciones-2026x06x07-a.pdf
2026-06-07,087,TAMBORIL,SANTIAGO,MINISTERIO DE AGRICULTURA,EMCV,,,0.0,https://indomet.gob.do/wp-content/uploads/2026/06/temperaturas-extremas-y-precipitaciones-2026x06x07-a.pdf
2026-06-08,001,LAS CANAS (EMA),MONTE CRISTI,PROGRAMA MUNDIAL DE ALIMENTO,EMAP,27.4,23.4,5.0,https://indomet.gob.do/wp-content/uploads/2026/06/temperaturas-extremas-y-precipitaciones-2026x06x08-a.pdf
2026-06-08,002,CABRAL,BARAHONA,MINISTERIO DE AGRICULTURA,EMCV,31.7,22.0,3.0,https://indomet.gob.do/wp-content/uploads/2026/06/temperaturas-extremas-y-precipitaciones-2026x06x08-a.pdf
2026-06-08,003,ARPT. LA ISABELA,SANTO DOMINGO,INDOMET,EMCI,32.7,22.8,2.0,https://indomet.gob.do/wp-content/uploads/2026/06/temperaturas-extremas-y-precipitaciones-2026x06x08-a.pdf
2026-06-08,004,EL MILLON (EMA),DISTRITO NACIONAL,PRIVADA,EMAP,,,0.3,https://indomet.gob.do/wp-content/uploads/2026/06/temperaturas-extremas-y-precipitaciones-2026x06x08-a.pdf
2026-06-08,005,ARPT. DE LAS AMÉRICAS,SANTO DOMINGO,INDOMET,EMCI,31.5,24.0,0.1,https://indomet.gob.do/wp-content/uploads/2026/06/temperaturas-extremas-y-precipitaciones-2026x06x08-a.pdf
2026-06-08,006,ARPT. DE PUNTA CANA,LA ALTAGRACIA,INDOMET,EMCI,31.6,23.6,0.1,https://indomet.gob.do/wp-content/uploads/2026/06/temperaturas-extremas-y-precipitaciones-2026x06x08-a.pdf
2026-06-08,007,DAJABÓN,DAJABÓN,INSTITUTO POLITÉCNICO LOYOLA,EMCI,35.1,19.6,0.1,https://indomet.gob.do/wp-content/uploads/2026/06/temperaturas-extremas-y-precipitaciones-2026x06x08-a.pdf
2026-06-08,008,ALTAMIRA,PUERTO PLATA,HOSP. MPAL. DE ALTAMIRA,EMCI,34.0,23.6,0.0,https://indomet.gob.do/wp-content/uploads/2026/06/temperaturas-extremas-y-precipitaciones-2026x06x08-a.pdf
2026-06-08,009,ALTO BANDERA (EMA),LA VEGA,INTEC,EMAP,17.2,9.8,0.0,https://indomet.gob.do/wp-content/uploads/2026/06/temperaturas-extremas-y-precipitaciones-2026x06x08-a.pdf
2026-06-08,010,ANAMUYA (EMA),LA ALTAGRACIA,MINISTERIO DE AGRICULTURA,EMAP,33.3,24.2,0.0,https://indomet.gob.do/wp-content/uploads/2026/06/temperaturas-extremas-y-precipitaciones-2026x06x08-a.pdf
2026-06-08,011,ARPT. ARROYO BARRIL,SAMANÁ,INDOMET,EMCI,32.6,24.4,0.0,https://indomet.gob.do/wp-content/uploads/2026/06/temperaturas-extremas-y-precipitaciones-2026x06x08-a.pdf
2026-06-08,012,ARPT. DE LA ROMANA,LA ROMANA,INDOMET,EMCI,32.9,22.4,0.0,https://indomet.gob.do/wp-content/uploads/2026/06/temperaturas-extremas-y-precipitaciones-2026x06x08-a.pdf
2026-06-08,013,ARPT. DEL CIBAO,SANTIAGO,INDOMET,EMCI,34.4,23.6,0.0,https://indomet.gob.do/wp-content/uploads/2026/06/temperaturas-extremas-y-precipitaciones-2026x06x08-a.pdf
2026-06-08,014,ARPT. EL CATEY,SAMANÁ,INDOMET,EMCI,33.5,23.0,0.0,https://indomet.gob.do/wp-content/uploads/2026/06/temperaturas-extremas-y-precipitaciones-2026x06x08-a.pdf
2026-06-08,015,ARPT. GREGORIO LUPERÓN,PUERTO PLATA,INDOMET,EMCI,35.0,23.8,0.0,https://indomet.gob.do/wp-content/uploads/2026/06/temperaturas-extremas-y-precipitaciones-2026x06x08-a.pdf
2026-06-08,016,ARPT. MARÍA MONTEZ,BARAHONA,INDOMET,EMCI,31.2,24.5,0.0,https://indomet.gob.do/wp-content/uploads/2026/06/temperaturas-extremas-y-precipitaciones-2026x06x08-a.pdf
2026-06-08,017,ARROYO LORO,SAN JUAN,IDIAF,EMCI,32.6,22.0,0.0,https://indomet.gob.do/wp-content/uploads/2026/06/temperaturas-extremas-y-precipitaciones-2026x06x08-a.pdf
2026-06-08,018,BANI (EMA),PERAVIA,MINISTERIO DE AGRICULTURA,EMAP,31.9,,0.0,https://indomet.gob.do/wp-content/uploads/2026/06/temperaturas-extremas-y-precipitaciones-2026x06x08-a.pdf
2026-06-08,019,BASE AÉREA DE SAN ISIDRO,SANTO DOMINGO,FUERZA AÉREA DOMINICANA,EMCV,31.0,23.0,0.0,https://indomet.gob.do/wp-content/uploads/2026/06/temperaturas-extremas-y-precipitaciones-2026x06x08-a.pdf
2026-06-08,020,BAYAGUANA,MONTE PLATA,INDOMET,EMCI,34.2,23.4,0.0,https://indomet.gob.do/wp-content/uploads/2026/06/temperaturas-extremas-y-precipitaciones-2026x06x08-a.pdf
2026-06-08,021,BELLA VISTA (EMA),DISTRITO NACIONAL,PRIVADA,EMAP,,,0.0,https://indomet.gob.do/wp-content/uploads/2026/06/temperaturas-extremas-y-precipitaciones-2026x06x08-a.pdf
2026-06-08,022,BOCA DE MAO (EMA),VALVERDE,MINISTERIO DE AGRICULTURA,EMAP,36.1,23.8,0.0,https://indomet.gob.do/wp-content/uploads/2026/06/temperaturas-extremas-y-precipitaciones-2026x06x08-a.pdf
2026-06-08,023,BONAO,MONSEÑOR NOUEL,MINISTERIO DE AGRICULTURA,EMCV,,,0.0,https://indomet.gob.do/wp-content/uploads/2026/06/temperaturas-extremas-y-precipitaciones-2026x06x08-a.pdf
2026-06-08,024,CENTRO DE LOS HEROES (EMA),DISTRITO NACIONAL,MINISTERIO DE ENERGIA Y MINA,EMAP,31.8,26.9,0.0,https://indomet.gob.do/wp-content/uploads/2026/06/temperaturas-extremas-y-precipitaciones-2026x06x08-a.pdf
2026-06-08,025,CONSTANZA (EMA),LA VEGA,PROGRAMA MUNDIAL DE ALIMENTO,EMAP,27.5,16.2,0.0,https://indomet.gob.do/wp-content/uploads/2026/06/temperaturas-extremas-y-precipitaciones-2026x06x08-a.pdf
2026-06-08,026,ELÍAS PIÑA,ELÍAS PIÑA,MINISTERIO DE AGRICULTURA,EMCV,,,0.0,https://indomet.gob.do/wp-content/uploads/2026/06/temperaturas-extremas-y-precipitaciones-2026x06x08-a.pdf
2026-06-08,027,ENRIQUILLO,BARAHONA,MINISTERIO DE AGRICULTURA,EMCV,32.5,23.0,0.0,https://indomet.gob.do/wp-content/uploads/2026/06/temperaturas-extremas-y-precipitaciones-2026x06x08-a.pdf
2026-06-08,028,ENSANCHE LA FE (EMA),DISTRITO NACIONAL,PRIVADA,EMAP,,,0.0,https://indomet.gob.do/wp-content/uploads/2026/06/temperaturas-extremas-y-precipitaciones-2026x06x08-a.pdf
2026-06-08,029,ESCONDIDO,PERAVIA,MINISTERIO DE AGRICULTURA,EMCV,32.0,25.0,0.0,https://indomet.gob.do/wp-content/uploads/2026/06/temperaturas-extremas-y-precipitaciones-2026x06x08-a.pdf
2026-06-08,030,GURABO,SANTIAGO,MINISTERIO DE AGRICULTURA,EMCV,,,0.0,https://indomet.gob.do/wp-content/uploads/2026/06/temperaturas-extremas-y-precipitaciones-2026x06x08-a.pdf
2026-06-08,031,HATO MAYOR,HATO MAYOR,MINISTERIO DE AGRICULTURA,EMCV,,,0.0,https://indomet.gob.do/wp-content/uploads/2026/06/temperaturas-extremas-y-precipitaciones-2026x06x08-a.pdf
2026-06-08,032,HONDO VALLE,ELÍAS PIÑA,MINISTERIO DE AGRICULTURA,EMCI,29.4,19.0,0.0,https://indomet.gob.do/wp-content/uploads/2026/06/temperaturas-extremas-y-precipitaciones-2026x06x08-a.pdf
2026-06-08,033,JARABACOA,LA VEGA,INDRHI / MARENA,EMCI,35.0,18.6,0.0,https://indomet.gob.do/wp-content/uploads/2026/06/temperaturas-extremas-y-precipitaciones-2026x06x08-a.pdf
2026-06-08,034,JARABACOA (EMA),LA VEGA,PROGRAMA MUNDIAL DE ALIMENTO,EMAP,33.8,20.4,0.0,https://indomet.gob.do/wp-content/uploads/2026/06/temperaturas-extremas-y-precipitaciones-2026x06x08-a.pdf
2026-06-08,035,JIMANÍ,INDEPENDENCIA,MINISTERIO DE AGRICULTURA,EMCI,34.4,26.8,0.0,https://indomet.gob.do/wp-content/uploads/2026/06/temperaturas-extremas-y-precipitaciones-2026x06x08-a.pdf
2026-06-08,036,JUMA BEJUCAL,MONSEÑOR NOUEL,IDIAF,EMCV,32.4,23.2,0.0,https://indomet.gob.do/wp-content/uploads/2026/06/temperaturas-extremas-y-precipitaciones-2026x06x08-a.pdf
2026-06-08,037,LA AGUSTINA (EMA),DISTRITO NACIONAL,PRIVADA,EMAP,,,0.0,https://indomet.gob.do/wp-content/uploads/2026/06/temperaturas-extremas-y-precipitaciones-2026x06x08-a.pdf
2026-06-08,038,LA VEGA,LA VEGA,IATESA,EMCI,34.0,24.5,0.0,https://indomet.gob.do/wp-content/uploads/2026/06/temperaturas-extremas-y-precipitaciones-2026x06x08-a.pdf
2026-06-08,039,LOS CACICAZGOS (EMA),DISTRITO NACIONAL,PRIVADA,EMAP,,,0.0,https://indomet.gob.do/wp-content/uploads/2026/06/temperaturas-extremas-y-precipitaciones-2026x06x08-a.pdf
2026-06-08,040,LOS JARDINES (EMA),DISTRITO NACIONAL,PRIVADA,EMAP,,,0.0,https://indomet.gob.do/wp-content/uploads/2026/06/temperaturas-extremas-y-precipitaciones-2026x06x08-a.pdf
2026-06-08,041,LOS LLANOS,SAN PEDRO DE MACORÍS,MINISTERIO DE AGRICULTURA,EMCI,33.6,23.0,0.0,https://indomet.gob.do/wp-content/uploads/2026/06/temperaturas-extremas-y-precipitaciones-2026x06x08-a.pdf
2026-06-08,042,LOS PRADOS (EMA),DISTRITO NACIONAL,PRIVADA,EMAP,,,0.0,https://indomet.gob.do/wp-content/uploads/2026/06/temperaturas-extremas-y-precipitaciones-2026x06x08-a.pdf
2026-06-08,043,MAO,VALVERDE,INDRHI / MINISTERIO DE AGRICULTURA,EMCV,,,0.0,https://indomet.gob.do/wp-content/uploads/2026/06/temperaturas-extremas-y-precipitaciones-2026x06x08-a.pdf
2026-06-08,044,MICHES (EMA),EL SEIBO,PRIVADA,EMAP,34.8,23.5,0.0,https://indomet.gob.do/wp-content/uploads/2026/06/temperaturas-extremas-y-precipitaciones-2026x06x08-a.pdf
2026-06-08,045,MONCIÓN (EMA),SANTIAGO RODRÍGUEZ,PROGRAMA MUNDIAL DE ALIMENTO,EMAP,32.3,21.6,0.0,https://indomet.gob.do/wp-content/uploads/2026/06/temperaturas-extremas-y-precipitaciones-2026x06x08-a.pdf
2026-06-08,046,MONTE CRISTI,MONTE CRISTI,INDOMET,EMCI,34.8,22.6,0.0,https://indomet.gob.do/wp-content/uploads/2026/06/temperaturas-extremas-y-precipitaciones-2026x06x08-a.pdf
2026-06-08,047,NAVARRETE,SANTIAGO,MINISTERIO DE AGRICULTURA,EMCV,,,0.0,https://indomet.gob.do/wp-content/uploads/2026/06/temperaturas-extremas-y-precipitaciones-2026x06x08-a.pdf
2026-06-08,048,LOS COCOS (EMA),BAHORUCO,PRIVADA,EMAP,,,0.0,https://indomet.gob.do/wp-content/uploads/2026/06/temperaturas-extremas-y-precipitaciones-2026x06x08-a.pdf
2026-06-08,049,OVIEDO,PEDERNALES,CLÍNICA RURAL OVIEDO,EMCI,32.8,24.0,0.0,https://indomet.gob.do/wp-content/uploads/2026/06/temperaturas-extremas-y-precipitaciones-2026x06x08-a.pdf
2026-06-08,050,PADRE LAS CASAS,AZUA,HOSP. NTRA. SRA. DEL CARMEN,EMCI,32.4,21.0,0.0,https://indomet.gob.do/wp-content/uploads/2026/06/temperaturas-extremas-y-precipitaciones-2026x06x08-a.pdf
2026-06-08,051,PALO ÍNDIO,PUERTO PLATA,MINISTERIO DE AGRICULTURA,EMCI,,,0.0,https://indomet.gob.do/wp-content/uploads/2026/06/temperaturas-extremas-y-precipitaciones-2026x06x08-a.pdf
2026-06-08,052,PERALTA,AZUA,HOSP. MPAL. DE PERALTA,EMCI,31.5,18.5,0.0,https://indomet.gob.do/wp-content/uploads/2026/06/temperaturas-extremas-y-precipitaciones-2026x06x08-a.pdf
2026-06-08,053,PESCADERIA (EMA),BARAHONA,MINISTERIO DE AGRICULTURA,EMAP,,,0.0,https://indomet.gob.do/wp-content/uploads/2026/06/temperaturas-extremas-y-precipitaciones-2026x06x08-a.pdf
2026-06-08,054,POLO,BARAHONA,INDOCAFE,EMCI,27.0,15.5,0.0,https://indomet.gob.do/wp-content/uploads/2026/06/temperaturas-extremas-y-precipitaciones-2026x06x08-a.pdf
2026-06-08,055,PONTÓN ABAJO (EMA),LA VEGA,MINISTERIO DE AGRICULTURA,EMAP,36.4,24.3,0.0,https://indomet.gob.do/wp-content/uploads/2026/06/temperaturas-extremas-y-precipitaciones-2026x06x08-a.pdf
2026-06-08,056,PRESA DE TAVERAS (EMA),LA VEGA,PROGRAMA MUNDIAL DE ALIMENTO,EMAP,,,0.0,https://indomet.gob.do/wp-content/uploads/2026/06/temperaturas-extremas-y-precipitaciones-2026x06x08-a.pdf
2026-06-08,057,PROLONGACION 27 DE FEBRERO,DISTRITO NACIONAL,PRIVADA,EMAP,,,0.0,https://indomet.gob.do/wp-content/uploads/2026/06/temperaturas-extremas-y-precipitaciones-2026x06x08-a.pdf
2026-06-08,058,RANCHO ARRIBA,SAN JOSÉ DE OCOA,CENTRO TECNOLÓGICO COMUNITARIO,EMCI,31.0,16.9,0.0,https://indomet.gob.do/wp-content/uploads/2026/06/temperaturas-extremas-y-precipitaciones-2026x06x08-a.pdf
2026-06-08,059,RESTAURACIÓN,DAJABÓN,MINISTERIO DE AGRICULTURA,EMCI,32.0,18.3,0.0,https://indomet.gob.do/wp-content/uploads/2026/06/temperaturas-extremas-y-precipitaciones-2026x06x08-a.pdf
2026-06-08,060,RÍO SAN JUAN,MARÍA TRINIDAD SÁNCHEZ,HOSP. MPAL. DR. DESIDERIO ACOSTA,EMCV,35.0,25.7,0.0,https://indomet.gob.do/wp-content/uploads/2026/06/temperaturas-extremas-y-precipitaciones-2026x06x08-a.pdf
2026-06-08,061,SABANA DE LA MAR,HATO MAYOR,INDOMET,EMCI,32.0,23.2,0.0,https://indomet.gob.do/wp-content/uploads/2026/06/temperaturas-extremas-y-precipitaciones-2026x06x08-a.pdf
2026-06-08,062,SABANA GRANDE DE BOYÁ,MONTE PLATA,MINISTERIO DE AGRICULTURA,EMCV,,,0.0,https://indomet.gob.do/wp-content/uploads/2026/06/temperaturas-extremas-y-precipitaciones-2026x06x08-a.pdf
2026-06-08,063,SABANETA (EMA),SANTIAGO RODRÍGUEZ,PROGRAMA MUNDIAL DE ALIMENTO,EMAP,35.3,23.3,0.0,https://indomet.gob.do/wp-content/uploads/2026/06/temperaturas-extremas-y-precipitaciones-2026x06x08-a.pdf
2026-06-08,064,SALCEDO,HERMANAS MIRABAL,PROPIEDAD DEL EMPLEADO,EMCI,,,0.0,https://indomet.gob.do/wp-content/uploads/2026/06/temperaturas-extremas-y-precipitaciones-2026x06x08-a.pdf
2026-06-08,065,SAN CRISTÓBAL,SAN CRISTÓBAL,INSTITUTO POLITÉCNICO LOYOLA,EMCI,32.0,23.2,0.0,https://indomet.gob.do/wp-content/uploads/2026/06/temperaturas-extremas-y-precipitaciones-2026x06x08-a.pdf
2026-06-08,066,SAN FRANCISCO DE MACORÍS,DUARTE,San Francisco de Macorís (UASD),EMCI,34.2,28.1,0.0,https://indomet.gob.do/wp-content/uploads/2026/06/temperaturas-extremas-y-precipitaciones-2026x06x08-a.pdf
2026-06-08,067,SAN JOSÉ DE OCOA,SAN JOSÉ DE OCOA,HOSP. SAN JOSÉ DE OCOA,EMCI,31.9,18.6,0.0,https://indomet.gob.do/wp-content/uploads/2026/06/temperaturas-extremas-y-precipitaciones-2026x06x08-a.pdf
2026-06-08,068,SAN RAFAEL DEL YUMA,LA ALTAGRACIA,MINISTERIO DE AGRICULTURA,EMCI,33.8,24.0,0.0,https://indomet.gob.do/wp-content/uploads/2026/06/temperaturas-extremas-y-precipitaciones-2026x06x08-a.pdf
2026-06-08,069,SÁNCHEZ,SAMANÁ,MINISTERIO DE AGRICULTURA,EMCI,33.9,,0.0,https://indomet.gob.do/wp-content/uploads/2026/06/temperaturas-extremas-y-precipitaciones-2026x06x08-a.pdf
2026-06-08,070,SANTIAGO RODRÍGUEZ,SANTIAGO RODRÍGUEZ,INDOMET,EMCI,35.2,24.0,0.0,https://indomet.gob.do/wp-content/uploads/2026/06/temperaturas-extremas-y-precipitaciones-2026x06x08-a.pdf
2026-06-08,071,SANTO DOMINGO ESTE,SANTO DOMINGO,INDOMET,EMCI,32.1,25.0,0.0,https://indomet.gob.do/wp-content/uploads/2026/06/temperaturas-extremas-y-precipitaciones-2026x06x08-a.pdf
2026-06-08,072,TÁBARA ABAJO,AZUA,INDRHI,EMCI,32.5,19.3,0.0,https://indomet.gob.do/wp-content/uploads/2026/06/temperaturas-extremas-y-precipitaciones-2026x06x08-a.pdf
2026-06-08,073,VILLA ALTAGRACIA,SAN CRISTÓBAL,ESCUELA JAVIER ANGULO GURIDI,EMCI,,,0.0,https://indomet.gob.do/wp-content/uploads/2026/06/temperaturas-extremas-y-precipitaciones-2026x06x08-a.pdf
2026-06-08,074,VILLA GONZALES,SANTIAGO,MINISTERIO DE AGRICULTURA,EMCI,,,0.0,https://indomet.gob.do/wp-content/uploads/2026/06/temperaturas-extremas-y-precipitaciones-2026x06x08-a.pdf
2026-06-08,075,VILLA RIVA,DUARTE,HOSP. MPAL. ALICIA DE LEGENDRE,EMCI,34.4,23.4,0.0,https://indomet.gob.do/wp-content/uploads/2026/06/temperaturas-extremas-y-precipitaciones-2026x06x08-a.pdf
2026-06-09,001,SANTIAGO RODRÍGUEZ,SANTIAGO RODRÍGUEZ,INDOMET,EMCI,34.5,24.2,38.3,https://indomet.gob.do/wp-content/uploads/2026/06/temperaturas-extremas-y-precipitaciones-2026x06x09-b.pdf
2026-06-09,002,SABANETA (EMA),SANTIAGO RODRÍGUEZ,PROGRAMA MUNDIAL DE ALIMENTO,EMAP,35.4,23.7,36.6,https://indomet.gob.do/wp-content/uploads/2026/06/temperaturas-extremas-y-precipitaciones-2026x06x09-b.pdf
2026-06-09,003,EL SEIBO,EL SEIBO,MINISTERIO DE AGRICULTURA,EMCV,,,25.4,https://indomet.gob.do/wp-content/uploads/2026/06/temperaturas-extremas-y-precipitaciones-2026x06x09-b.pdf
2026-06-09,004,ALTO BANDERA (EMA),LA VEGA,INTEC,EMAP,18.3,8.0,5.6,https://indomet.gob.do/wp-content/uploads/2026/06/temperaturas-extremas-y-precipitaciones-2026x06x09-b.pdf
2026-06-09,005,CONSTANZA (EMA),LA VEGA,PROGRAMA MUNDIAL DE ALIMENTO,EMAP,27.1,15.4,4.4,https://indomet.gob.do/wp-content/uploads/2026/06/temperaturas-extremas-y-precipitaciones-2026x06x09-b.pdf
2026-06-09,006,CONSTANZA,LA VEGA,MINISTERIO DE AGRICULTURA,EMCI,28.5,13.7,4.1,https://indomet.gob.do/wp-content/uploads/2026/06/temperaturas-extremas-y-precipitaciones-2026x06x09-b.pdf
2026-06-09,007,ARPT. MARÍA MONTEZ,BARAHONA,INDOMET,EMCI,31.0,23.0,1.6,https://indomet.gob.do/wp-content/uploads/2026/06/temperaturas-extremas-y-precipitaciones-2026x06x09-b.pdf
2026-06-09,008,CABRAL,BARAHONA,MINISTERIO DE AGRICULTURA,EMCV,32.8,23.7,0.2,https://indomet.gob.do/wp-content/uploads/2026/06/temperaturas-extremas-y-precipitaciones-2026x06x09-b.pdf
2026-06-09,009,OVIEDO,PEDERNALES,CLÍNICA RURAL OVIEDO,EMCI,32.5,23.8,0.1,https://indomet.gob.do/wp-content/uploads/2026/06/temperaturas-extremas-y-precipitaciones-2026x06x09-b.pdf
2026-06-09,010,POLO,BARAHONA,INDOCAFE,EMCI,27.0,14.0,0.1,https://indomet.gob.do/wp-content/uploads/2026/06/temperaturas-extremas-y-precipitaciones-2026x06x09-b.pdf
2026-06-09,011,ALTAMIRA,PUERTO PLATA,HOSP. MPAL. DE ALTAMIRA,EMCI,34.1,22.7,0.0,https://indomet.gob.do/wp-content/uploads/2026/06/temperaturas-extremas-y-precipitaciones-2026x06x09-b.pdf
2026-06-09,012,ANAMUYA (EMA),LA ALTAGRACIA,MINISTERIO DE AGRICULTURA,EMAP,32.1,23.2,0.0,https://indomet.gob.do/wp-content/uploads/2026/06/temperaturas-extremas-y-precipitaciones-2026x06x09-b.pdf
2026-06-09,013,ARPT. ARROYO BARRIL,SAMANÁ,INDOMET,EMCI,31.8,23.2,0.0,https://indomet.gob.do/wp-content/uploads/2026/06/temperaturas-extremas-y-precipitaciones-2026x06x09-b.pdf
2026-06-09,014,ARPT. DE LA ROMANA,LA ROMANA,INDOMET,EMCI,32.2,22.1,0.0,https://indomet.gob.do/wp-content/uploads/2026/06/temperaturas-extremas-y-precipitaciones-2026x06x09-b.pdf
2026-06-09,015,ARPT. DE LAS AMÉRICAS,SANTO DOMINGO,INDOMET,EMCI,31.8,23.2,0.0,https://indomet.gob.do/wp-content/uploads/2026/06/temperaturas-extremas-y-precipitaciones-2026x06x09-b.pdf
2026-06-09,016,ARPT. DE PUNTA CANA,LA ALTAGRACIA,INDOMET,EMCI,31.2,24.8,0.0,https://indomet.gob.do/wp-content/uploads/2026/06/temperaturas-extremas-y-precipitaciones-2026x06x09-b.pdf
2026-06-09,017,ARPT. DEL CIBAO,SANTIAGO,INDOMET,EMCI,34.5,23.0,0.0,https://indomet.gob.do/wp-content/uploads/2026/06/temperaturas-extremas-y-precipitaciones-2026x06x09-b.pdf
2026-06-09,018,ARPT. EL CATEY,SAMANÁ,INDOMET,EMCI,32.6,23.9,0.0,https://indomet.gob.do/wp-content/uploads/2026/06/temperaturas-extremas-y-precipitaciones-2026x06x09-b.pdf
2026-06-09,019,ARPT. GREGORIO LUPERÓN,PUERTO PLATA,INDOMET,EMCI,32.5,24.0,0.0,https://indomet.gob.do/wp-content/uploads/2026/06/temperaturas-extremas-y-precipitaciones-2026x06x09-b.pdf
2026-06-09,020,ARPT. LA ISABELA,SANTO DOMINGO,INDOMET,EMCI,32.8,21.8,0.0,https://indomet.gob.do/wp-content/uploads/2026/06/temperaturas-extremas-y-precipitaciones-2026x06x09-b.pdf
2026-06-09,021,ARROYO LORO,SAN JUAN,IDIAF,EMCI,32.8,20.4,0.0,https://indomet.gob.do/wp-content/uploads/2026/06/temperaturas-extremas-y-precipitaciones-2026x06x09-b.pdf
2026-06-09,022,BANI (EMA),PERAVIA,MINISTERIO DE AGRICULTURA,EMAP,31.6,24.2,0.0,https://indomet.gob.do/wp-content/uploads/2026/06/temperaturas-extremas-y-precipitaciones-2026x06x09-b.pdf
2026-06-09,023,BAYAGUANA,MONTE PLATA,INDOMET,EMCI,33.4,22.2,0.0,https://indomet.gob.do/wp-content/uploads/2026/06/temperaturas-extremas-y-precipitaciones-2026x06x09-b.pdf
2026-06-09,024,BELLA VISTA (EMA),DISTRITO NACIONAL,PRIVADA,EMAP,,,0.0,https://indomet.gob.do/wp-content/uploads/2026/06/temperaturas-extremas-y-precipitaciones-2026x06x09-b.pdf
2026-06-09,025,BOCA DE MAO (EMA),VALVERDE,MINISTERIO DE AGRICULTURA,EMAP,35.2,24.8,0.0,https://indomet.gob.do/wp-content/uploads/2026/06/temperaturas-extremas-y-precipitaciones-2026x06x09-b.pdf
2026-06-09,026,BOHECHÍO,SAN JUAN,MINISTERIO DE AGRICULTURA,EMCV,,,0.0,https://indomet.gob.do/wp-content/uploads/2026/06/temperaturas-extremas-y-precipitaciones-2026x06x09-b.pdf
2026-06-09,027,BONAO,MONSEÑOR NOUEL,MINISTERIO DE AGRICULTURA,EMCV,,,0.0,https://indomet.gob.do/wp-content/uploads/2026/06/temperaturas-extremas-y-precipitaciones-2026x06x09-b.pdf
2026-06-09,028,CABRERA,MARÍA TRINIDAD SÁNCHEZ,ESCUELA ARÍSTIDES FIALLO CABRAL,EMCI,33.0,25.4,0.0,https://indomet.gob.do/wp-content/uploads/2026/06/temperaturas-extremas-y-precipitaciones-2026x06x09-b.pdf
2026-06-09,029,CENTRO DE LOS HEROES (EMA),DISTRITO NACIONAL,MINISTERIO DE ENERGIA Y MINA,EMAP,31.3,26.8,0.0,https://indomet.gob.do/wp-content/uploads/2026/06/temperaturas-extremas-y-precipitaciones-2026x06x09-b.pdf
2026-06-09,030,DAJABÓN,DAJABÓN,INSTITUTO POLITÉCNICO LOYOLA,EMCI,36.0,21.4,0.0,https://indomet.gob.do/wp-content/uploads/2026/06/temperaturas-extremas-y-precipitaciones-2026x06x09-b.pdf
2026-06-09,031,EL CERCADO,SAN JUAN,MINISTERIO DE AGRICULTURA,EMCV,,,0.0,https://indomet.gob.do/wp-content/uploads/2026/06/temperaturas-extremas-y-precipitaciones-2026x06x09-b.pdf
2026-06-09,032,EL MILLON (EMA),DISTRITO NACIONAL,PRIVADA,EMAP,,,0.0,https://indomet.gob.do/wp-content/uploads/2026/06/temperaturas-extremas-y-precipitaciones-2026x06x09-b.pdf
2026-06-09,033,ELÍAS PIÑA,ELÍAS PIÑA,MINISTERIO DE AGRICULTURA,EMCV,,,0.0,https://indomet.gob.do/wp-content/uploads/2026/06/temperaturas-extremas-y-precipitaciones-2026x06x09-b.pdf
2026-06-09,034,ENRIQUILLO,BARAHONA,MINISTERIO DE AGRICULTURA,EMCV,33.2,22.8,0.0,https://indomet.gob.do/wp-content/uploads/2026/06/temperaturas-extremas-y-precipitaciones-2026x06x09-b.pdf
2026-06-09,035,ENSANCHE LA FE (EMA),DISTRITO NACIONAL,PRIVADA,EMAP,,,0.0,https://indomet.gob.do/wp-content/uploads/2026/06/temperaturas-extremas-y-precipitaciones-2026x06x09-b.pdf
2026-06-09,036,ESCONDIDO,PERAVIA,MINISTERIO DE AGRICULTURA,EMCV,32.0,23.0,0.0,https://indomet.gob.do/wp-content/uploads/2026/06/temperaturas-extremas-y-precipitaciones-2026x06x09-b.pdf
2026-06-09,037,GASPAR HERNÁNDEZ,ESPAILLAT,PROPIEDAD DEL EMPLEADO,EMCI,,,0.0,https://indomet.gob.do/wp-content/uploads/2026/06/temperaturas-extremas-y-precipitaciones-2026x06x09-b.pdf
2026-06-09,038,GURABO,SANTIAGO,MINISTERIO DE AGRICULTURA,EMCV,,,0.0,https://indomet.gob.do/wp-content/uploads/2026/06/temperaturas-extremas-y-precipitaciones-2026x06x09-b.pdf
2026-06-09,039,HATO MAYOR,HATO MAYOR,MINISTERIO DE AGRICULTURA,EMCV,,,0.0,https://indomet.gob.do/wp-content/uploads/2026/06/temperaturas-extremas-y-precipitaciones-2026x06x09-b.pdf
2026-06-09,040,HONDO VALLE,ELÍAS PIÑA,MINISTERIO DE AGRICULTURA,EMCI,29.8,19.5,0.0,https://indomet.gob.do/wp-content/uploads/2026/06/temperaturas-extremas-y-precipitaciones-2026x06x09-b.pdf
2026-06-09,041,JARABACOA,LA VEGA,INDRHI / MARENA,EMCI,31.4,19.0,0.0,https://indomet.gob.do/wp-content/uploads/2026/06/temperaturas-extremas-y-precipitaciones-2026x06x09-b.pdf
2026-06-09,042,JARABACOA (EMA),LA VEGA,PROGRAMA MUNDIAL DE ALIMENTO,EMAP,30.1,21.0,0.0,https://indomet.gob.do/wp-content/uploads/2026/06/temperaturas-extremas-y-precipitaciones-2026x06x09-b.pdf
2026-06-09,043,JARDÍN BOTÁNICO NACIONAL,DISTRITO NACIONAL,JARDÍN BOTÁNICO NACIONAL,EMCV,32.2,22.8,0.0,https://indomet.gob.do/wp-content/uploads/2026/06/temperaturas-extremas-y-precipitaciones-2026x06x09-b.pdf
2026-06-09,044,JIMANÍ,INDEPENDENCIA,MINISTERIO DE AGRICULTURA,EMCI,34.5,25.4,0.0,https://indomet.gob.do/wp-content/uploads/2026/06/temperaturas-extremas-y-precipitaciones-2026x06x09-b.pdf
2026-06-09,045,JUMA BEJUCAL,MONSEÑOR NOUEL,IDIAF,EMCV,33.2,25.0,0.0,https://indomet.gob.do/wp-content/uploads/2026/06/temperaturas-extremas-y-precipitaciones-2026x06x09-b.pdf
2026-06-09,046,LA AGUSTINA (EMA),DISTRITO NACIONAL,PRIVADA,EMAP,,,0.0,https://indomet.gob.do/wp-content/uploads/2026/06/temperaturas-extremas-y-precipitaciones-2026x06x09-b.pdf
2026-06-09,047,LA VEGA,LA VEGA,IATESA,EMCI,34.0,24.5,0.0,https://indomet.gob.do/wp-content/uploads/2026/06/temperaturas-extremas-y-precipitaciones-2026x06x09-b.pdf
2026-06-09,048,LA VICTORIA,SANTO DOMINGO,CUERPO DE BOMBEROS,EMCI,33.5,24.5,0.0,https://indomet.gob.do/wp-content/uploads/2026/06/temperaturas-extremas-y-precipitaciones-2026x06x09-b.pdf
2026-06-09,049,LOS CACICAZGOS (EMA),DISTRITO NACIONAL,PRIVADA,EMAP,,,0.0,https://indomet.gob.do/wp-content/uploads/2026/06/temperaturas-extremas-y-precipitaciones-2026x06x09-b.pdf
2026-06-09,050,LOS COCOS (EMA),BAHORUCO,PRIVADA,EMAP,,,0.0,https://indomet.gob.do/wp-content/uploads/2026/06/temperaturas-extremas-y-precipitaciones-2026x06x09-b.pdf
2026-06-09,051,LOS JARDINES (EMA),DISTRITO NACIONAL,PRIVADA,EMAP,,,0.0,https://indomet.gob.do/wp-content/uploads/2026/06/temperaturas-extremas-y-precipitaciones-2026x06x09-b.pdf
2026-06-09,052,LOS JENGIBRES,NAGUA,INDRHI,EMCI,,,0.0,https://indomet.gob.do/wp-content/uploads/2026/06/temperaturas-extremas-y-precipitaciones-2026x06x09-b.pdf
2026-06-09,053,LOS LLANOS,SAN PEDRO DE MACORÍS,MINISTERIO DE AGRICULTURA,EMCI,33.4,23.8,0.0,https://indomet.gob.do/wp-content/uploads/2026/06/temperaturas-extremas-y-precipitaciones-2026x06x09-b.pdf
2026-06-09,054,LOS PRADOS (EMA),DISTRITO NACIONAL,PRIVADA,EMAP,,,0.0,https://indomet.gob.do/wp-content/uploads/2026/06/temperaturas-extremas-y-precipitaciones-2026x06x09-b.pdf
2026-06-09,055,MAO,VALVERDE,INDRHI / MINISTERIO DE AGRICULTURA,EMCV,,,0.0,https://indomet.gob.do/wp-content/uploads/2026/06/temperaturas-extremas-y-precipitaciones-2026x06x09-b.pdf
2026-06-09,056,MICHES (EMA),EL SEIBO,PRIVADA,EMAP,31.3,22.9,0.0,https://indomet.gob.do/wp-content/uploads/2026/06/temperaturas-extremas-y-precipitaciones-2026x06x09-b.pdf
2026-06-09,057,MONCIÓN (EMA),SANTIAGO RODRÍGUEZ,PROGRAMA MUNDIAL DE ALIMENTO,EMAP,,,0.0,https://indomet.gob.do/wp-content/uploads/2026/06/temperaturas-extremas-y-precipitaciones-2026x06x09-b.pdf
2026-06-09,058,MONTE CRISTI,MONTE CRISTI,INDOMET,EMCI,36.0,24.8,0.0,https://indomet.gob.do/wp-content/uploads/2026/06/temperaturas-extremas-y-precipitaciones-2026x06x09-b.pdf
2026-06-09,059,OLIVARES,PEDERNALES,INDRHI,EMCI,,,0.0,https://indomet.gob.do/wp-content/uploads/2026/06/temperaturas-extremas-y-precipitaciones-2026x06x09-b.pdf
2026-06-09,060,PADRE LAS CASAS,AZUA,HOSP. NTRA. SRA. DEL CARMEN,EMCI,33.0,22.0,0.0,https://indomet.gob.do/wp-content/uploads/2026/06/temperaturas-extremas-y-precipitaciones-2026x06x09-b.pdf
2026-06-09,061,PALO ÍNDIO,PUERTO PLATA,MINISTERIO DE AGRICULTURA,EMCI,,,0.0,https://indomet.gob.do/wp-content/uploads/2026/06/temperaturas-extremas-y-precipitaciones-2026x06x09-b.pdf
2026-06-09,062,PASO AL MEDIO,SAN PEDRO DE MACORÍS,INDRHI,EMCI,,,0.0,https://indomet.gob.do/wp-content/uploads/2026/06/temperaturas-extremas-y-precipitaciones-2026x06x09-b.pdf
2026-06-09,063,PEDERNALES,PEDERNALES,INDRHI,EMCI,,,0.0,https://indomet.gob.do/wp-content/uploads/2026/06/temperaturas-extremas-y-precipitaciones-2026x06x09-b.pdf
2026-06-09,064,PERALTA,AZUA,HOSP. MPAL. DE PERALTA,EMCI,32.0,18.3,0.0,https://indomet.gob.do/wp-content/uploads/2026/06/temperaturas-extremas-y-precipitaciones-2026x06x09-b.pdf
2026-06-09,065,PONTÓN ABAJO (EMA),LA VEGA,MINISTERIO DE AGRICULTURA,EMAP,33.0,25.1,0.0,https://indomet.gob.do/wp-content/uploads/2026/06/temperaturas-extremas-y-precipitaciones-2026x06x09-b.pdf
2026-06-09,066,PRESA DE TAVERAS (EMA),LA VEGA,PROGRAMA MUNDIAL DE ALIMENTO,EMAP,32.8,22.8,0.0,https://indomet.gob.do/wp-content/uploads/2026/06/temperaturas-extremas-y-precipitaciones-2026x06x09-b.pdf
2026-06-09,067,PROLONGACION 27 DE FEBRERO,DISTRITO NACIONAL,PRIVADA,EMAP,,,0.0,https://indomet.gob.do/wp-content/uploads/2026/06/temperaturas-extremas-y-precipitaciones-2026x06x09-b.pdf
2026-06-09,068,RANCHO ARRIBA,SAN JOSÉ DE OCOA,CENTRO TECNOLÓGICO COMUNITARIO,EMCI,31.2,18.0,0.0,https://indomet.gob.do/wp-content/uploads/2026/06/temperaturas-extremas-y-precipitaciones-2026x06x09-b.pdf
2026-06-09,069,RESTAURACIÓN,DAJABÓN,MINISTERIO DE AGRICULTURA,EMCI,33.1,17.9,0.0,https://indomet.gob.do/wp-content/uploads/2026/06/temperaturas-extremas-y-precipitaciones-2026x06x09-b.pdf
2026-06-09,070,RÍO SAN JUAN,MARÍA TRINIDAD SÁNCHEZ,HOSP. MPAL. DR. DESIDERIO ACOSTA,EMCV,34.3,24.8,0.0,https://indomet.gob.do/wp-content/uploads/2026/06/temperaturas-extremas-y-precipitaciones-2026x06x09-b.pdf
2026-06-09,071,SABANA DE LA MAR,HATO MAYOR,INDOMET,EMCI,32.6,23.0,0.0,https://indomet.gob.do/wp-content/uploads/2026/06/temperaturas-extremas-y-precipitaciones-2026x06x09-b.pdf
2026-06-09,072,SABANA GRANDE DE BOYÁ,MONTE PLATA,MINISTERIO DE AGRICULTURA,EMCV,,,0.0,https://indomet.gob.do/wp-content/uploads/2026/06/temperaturas-extremas-y-precipitaciones-2026x06x09-b.pdf
2026-06-09,073,SALCEDO,HERMANAS MIRABAL,PROPIEDAD DEL EMPLEADO,EMCI,,,0.0,https://indomet.gob.do/wp-content/uploads/2026/06/temperaturas-extremas-y-precipitaciones-2026x06x09-b.pdf
2026-06-09,074,SAMANÁ,SAMANÁ,COMANDANCIA DE PUERTO DE SAMANÁ,EMCI,33.4,18.5,0.0,https://indomet.gob.do/wp-content/uploads/2026/06/temperaturas-extremas-y-precipitaciones-2026x06x09-b.pdf
2026-06-09,075,SAN CRISTÓBAL,SAN CRISTÓBAL,INSTITUTO POLITÉCNICO LOYOLA,EMCI,32.0,21.0,0.0,https://indomet.gob.do/wp-content/uploads/2026/06/temperaturas-extremas-y-precipitaciones-2026x06x09-b.pdf
2026-06-09,076,SAN FRANCISCO DE MACORÍS,DUARTE,SAN FRANCISCO DE MACORÍS (UASD),EMCI,31.7,27.4,0.0,https://indomet.gob.do/wp-content/uploads/2026/06/temperaturas-extremas-y-precipitaciones-2026x06x09-b.pdf
2026-06-09,077,SAN JOSÉ DE OCOA,SAN JOSÉ DE OCOA,HOSP. SAN JOSÉ DE OCOA,EMCI,32.0,21.3,0.0,https://indomet.gob.do/wp-content/uploads/2026/06/temperaturas-extremas-y-precipitaciones-2026x06x09-b.pdf
2026-06-09,078,SAN RAFAEL DEL YUMA,LA ALTAGRACIA,MINISTERIO DE AGRICULTURA,EMCI,33.6,23.5,0.0,https://indomet.gob.do/wp-content/uploads/2026/06/temperaturas-extremas-y-precipitaciones-2026x06x09-b.pdf
2026-06-09,079,SÁNCHEZ,SAMANÁ,MINISTERIO DE AGRICULTURA,EMCI,33.4,,0.0,https://indomet.gob.do/wp-content/uploads/2026/06/temperaturas-extremas-y-precipitaciones-2026x06x09-b.pdf
2026-06-09,080,SANTO DOMINGO ESTE,SANTO DOMINGO,INDOMET,EMCI,31.6,24.5,0.0,https://indomet.gob.do/wp-content/uploads/2026/06/temperaturas-extremas-y-precipitaciones-2026x06x09-b.pdf
2026-06-09,081,TÁBARA ABAJO,AZUA,INDRHI,EMCI,30.5,18.5,0.0,https://indomet.gob.do/wp-content/uploads/2026/06/temperaturas-extremas-y-precipitaciones-2026x06x09-b.pdf
2026-06-09,082,TAVERA,SANTIAGO,INDRHI,EMCI,,,0.0,https://indomet.gob.do/wp-content/uploads/2026/06/temperaturas-extremas-y-precipitaciones-2026x06x09-b.pdf
2026-06-09,083,VILLA ALTAGRACIA,SAN CRISTÓBAL,ESCUELA JAVIER ANGULO GURIDI,EMCI,,,0.0,https://indomet.gob.do/wp-content/uploads/2026/06/temperaturas-extremas-y-precipitaciones-2026x06x09-b.pdf
2026-06-09,084,VILLA GONZALES,SANTIAGO,MINISTERIO DE AGRICULTURA,EMCI,,,0.0,https://indomet.gob.do/wp-content/uploads/2026/06/temperaturas-extremas-y-precipitaciones-2026x06x09-b.pdf
2026-06-09,085,VILLA ISABELA,PUERTO PLATA,MINISTERIO DE AGRICULTURA,EMCV,33.8,22.8,0.0,https://indomet.gob.do/wp-content/uploads/2026/06/temperaturas-extremas-y-precipitaciones-2026x06x09-b.pdf
2026-06-09,086,VILLA RIVA,DUARTE,HOSP. MPAL. ALICIA DE LEGENDRE,EMCI,33.8,22.7,0.0,https://indomet.gob.do/wp-content/uploads/2026/06/temperaturas-extremas-y-precipitaciones-2026x06x09-b.pdf
2026-06-10,001,EL CERCADO,SAN JUAN,MINISTERIO DE AGRICULTURA,EMCV,,,31.6,https://indomet.gob.do/wp-content/uploads/2026/06/temperaturas-extremas-y-precipitaciones-2026x06x10-a.pdf
2026-06-10,002,ARPT. MARÍA MONTEZ,BARAHONA,INDOMET,EMCI,31.5,24.0,9.5,https://indomet.gob.do/wp-content/uploads/2026/06/temperaturas-extremas-y-precipitaciones-2026x06x10-a.pdf
2026-06-10,003,HATO MAYOR,HATO MAYOR,MINISTERIO DE AGRICULTURA,EMCV,,,9.1,https://indomet.gob.do/wp-content/uploads/2026/06/temperaturas-extremas-y-precipitaciones-2026x06x10-a.pdf
2026-06-10,004,ARROYO LORO,SAN JUAN,IDIAF,EMCI,33.6,22.3,9.1,https://indomet.gob.do/wp-content/uploads/2026/06/temperaturas-extremas-y-precipitaciones-2026x06x10-a.pdf
2026-06-10,005,BAYAGUANA,MONTE PLATA,INDOMET,EMCI,34.5,22.8,5.7,https://indomet.gob.do/wp-content/uploads/2026/06/temperaturas-extremas-y-precipitaciones-2026x06x10-a.pdf
2026-06-10,006,PERALTA,AZUA,HOSP. MPAL. DE PERALTA,EMCI,30.5,20.4,5.6,https://indomet.gob.do/wp-content/uploads/2026/06/temperaturas-extremas-y-precipitaciones-2026x06x10-a.pdf
2026-06-10,007,LAS MATAS DE FARFÁN,SAN JUAN,MINISTERIO DE AGRICULTURA,EMCV,,,4.8,https://indomet.gob.do/wp-content/uploads/2026/06/temperaturas-extremas-y-precipitaciones-2026x06x10-a.pdf
2026-06-10,008,ARPT. DE PUNTA CANA,LA ALTAGRACIA,INDOMET,EMCI,31.0,24.2,3.8,https://indomet.gob.do/wp-content/uploads/2026/06/temperaturas-extremas-y-precipitaciones-2026x06x10-a.pdf
2026-06-10,009,LOS COCOS (EMA),BAHORUCO,PRIVADA,EMAP,,,3.8,https://indomet.gob.do/wp-content/uploads/2026/06/temperaturas-extremas-y-precipitaciones-2026x06x10-a.pdf
2026-06-10,010,LOS LLANOS,SAN PEDRO DE MACORÍS,MINISTERIO DE AGRICULTURA,EMCI,34.9,22.7,2.6,https://indomet.gob.do/wp-content/uploads/2026/06/temperaturas-extremas-y-precipitaciones-2026x06x10-a.pdf
2026-06-10,011,ELÍAS PIÑA,ELÍAS PIÑA,MINISTERIO DE AGRICULTURA,EMCV,,,2.0,https://indomet.gob.do/wp-content/uploads/2026/06/temperaturas-extremas-y-precipitaciones-2026x06x10-a.pdf
2026-06-10,012,JIMANÍ,INDEPENDENCIA,MINISTERIO DE AGRICULTURA,EMCI,36.6,25.4,1.7,https://indomet.gob.do/wp-content/uploads/2026/06/temperaturas-extremas-y-precipitaciones-2026x06x10-a.pdf
2026-06-10,013,CABRAL,BARAHONA,MINISTERIO DE AGRICULTURA,EMCV,33.4,24.5,0.8,https://indomet.gob.do/wp-content/uploads/2026/06/temperaturas-extremas-y-precipitaciones-2026x06x10-a.pdf
2026-06-10,014,BOHECHÍO,SAN JUAN,MINISTERIO DE AGRICULTURA,EMCV,,,0.6,https://indomet.gob.do/wp-content/uploads/2026/06/temperaturas-extremas-y-precipitaciones-2026x06x10-a.pdf
2026-06-10,015,PADRE LAS CASAS,AZUA,HOSP. NTRA. SRA. DEL CARMEN,EMCI,32.5,20.5,0.6,https://indomet.gob.do/wp-content/uploads/2026/06/temperaturas-extremas-y-precipitaciones-2026x06x10-a.pdf
2026-06-10,016,ARPT. DE LAS AMÉRICAS,SANTO DOMINGO,INDOMET,EMCI,31.4,23.5,0.4,https://indomet.gob.do/wp-content/uploads/2026/06/temperaturas-extremas-y-precipitaciones-2026x06x10-a.pdf
2026-06-10,017,POLO,BARAHONA,INDOCAFE,EMCI,30.2,17.5,0.4,https://indomet.gob.do/wp-content/uploads/2026/06/temperaturas-extremas-y-precipitaciones-2026x06x10-a.pdf
2026-06-10,018,LA AGUSTINA (EMA),DISTRITO NACIONAL,PRIVADA,EMAP,,,0.3,https://indomet.gob.do/wp-content/uploads/2026/06/temperaturas-extremas-y-precipitaciones-2026x06x10-a.pdf
2026-06-10,019,ARPT. DE LA ROMANA,LA ROMANA,INDOMET,EMCI,32.2,21.9,0.2,https://indomet.gob.do/wp-content/uploads/2026/06/temperaturas-extremas-y-precipitaciones-2026x06x10-a.pdf
2026-06-10,020,ENSANCHE LA FE (EMA),DISTRITO NACIONAL,PRIVADA,EMAP,,,0.2,https://indomet.gob.do/wp-content/uploads/2026/06/temperaturas-extremas-y-precipitaciones-2026x06x10-a.pdf
2026-06-10,021,VILLA ALTAGRACIA,SAN CRISTÓBAL,ESCUELA JAVIER ANGULO GURIDI,EMCI,,,0.2,https://indomet.gob.do/wp-content/uploads/2026/06/temperaturas-extremas-y-precipitaciones-2026x06x10-a.pdf
2026-06-10,022,HONDO VALLE,ELÍAS PIÑA,MINISTERIO DE AGRICULTURA,EMCI,29.4,18.6,0.1,https://indomet.gob.do/wp-content/uploads/2026/06/temperaturas-extremas-y-precipitaciones-2026x06x10-a.pdf
2026-06-10,023,SALCEDO,HERMANAS MIRABAL,PROPIEDAD DEL EMPLEADO,EMCI,,,0.1,https://indomet.gob.do/wp-content/uploads/2026/06/temperaturas-extremas-y-precipitaciones-2026x06x10-a.pdf
2026-06-10,024,ALTAMIRA,PUERTO PLATA,HOSP. MPAL. DE ALTAMIRA,EMCI,35.0,21.9,0.0,https://indomet.gob.do/wp-content/uploads/2026/06/temperaturas-extremas-y-precipitaciones-2026x06x10-a.pdf
2026-06-10,025,ALTO BANDERA (EMA),LA VEGA,INTEC,EMAP,,,0.0,https://indomet.gob.do/wp-content/uploads/2026/06/temperaturas-extremas-y-precipitaciones-2026x06x10-a.pdf
2026-06-10,026,ANAMUYA (EMA),LA ALTAGRACIA,MINISTERIO DE AGRICULTURA,EMAP,32.1,23.2,0.0,https://indomet.gob.do/wp-content/uploads/2026/06/temperaturas-extremas-y-precipitaciones-2026x06x10-a.pdf
2026-06-10,027,ARPT. ARROYO BARRIL,SAMANÁ,INDOMET,EMCI,33.0,24.2,0.0,https://indomet.gob.do/wp-content/uploads/2026/06/temperaturas-extremas-y-precipitaciones-2026x06x10-a.pdf
2026-06-10,028,ARPT. DEL CIBAO,SANTIAGO,INDOMET,EMCI,36.3,22.9,0.0,https://indomet.gob.do/wp-content/uploads/2026/06/temperaturas-extremas-y-precipitaciones-2026x06x10-a.pdf
2026-06-10,029,ARPT. EL CATEY,SAMANÁ,INDOMET,EMCI,33.5,23.2,0.0,https://indomet.gob.do/wp-content/uploads/2026/06/temperaturas-extremas-y-precipitaciones-2026x06x10-a.pdf
2026-06-10,030,ARPT. GREGORIO LUPERÓN,PUERTO PLATA,INDOMET,EMCI,33.4,24.0,0.0,https://indomet.gob.do/wp-content/uploads/2026/06/temperaturas-extremas-y-precipitaciones-2026x06x10-a.pdf
2026-06-10,031,ARPT. LA ISABELA,SANTO DOMINGO,INDOMET,EMCI,32.3,22.5,0.0,https://indomet.gob.do/wp-content/uploads/2026/06/temperaturas-extremas-y-precipitaciones-2026x06x10-a.pdf
2026-06-10,032,BANI (EMA),PERAVIA,MINISTERIO DE AGRICULTURA,EMAP,31.2,25.1,0.0,https://indomet.gob.do/wp-content/uploads/2026/06/temperaturas-extremas-y-precipitaciones-2026x06x10-a.pdf
2026-06-10,033,BASE AÉREA DE SAN ISIDRO,SANTO DOMINGO,FUERZA AÉREA DOMINICANA,EMCV,31.5,23.2,0.0,https://indomet.gob.do/wp-content/uploads/2026/06/temperaturas-extremas-y-precipitaciones-2026x06x10-a.pdf
2026-06-10,034,BOCA DE MAO (EMA),VALVERDE,MINISTERIO DE AGRICULTURA,EMAP,35.8,24.3,0.0,https://indomet.gob.do/wp-content/uploads/2026/06/temperaturas-extremas-y-precipitaciones-2026x06x10-a.pdf
2026-06-10,035,BONAO,MONSEÑOR NOUEL,MINISTERIO DE AGRICULTURA,EMCV,,,0.0,https://indomet.gob.do/wp-content/uploads/2026/06/temperaturas-extremas-y-precipitaciones-2026x06x10-a.pdf
2026-06-10,036,CABRERA,MARÍA TRINIDAD SÁNCHEZ,ESCUELA ARÍSTIDES FIALLO CABRAL,EMCI,34.0,26.0,0.0,https://indomet.gob.do/wp-content/uploads/2026/06/temperaturas-extremas-y-precipitaciones-2026x06x10-a.pdf
2026-06-10,037,CENTRO DE LOS HEROES (EMA),DISTRITO NACIONAL,MINISTERIO DE ENERGIA Y MINA,EMAP,32.5,24.3,0.0,https://indomet.gob.do/wp-content/uploads/2026/06/temperaturas-extremas-y-precipitaciones-2026x06x10-a.pdf
2026-06-10,038,CONSTANZA,LA VEGA,MINISTERIO DE AGRICULTURA,EMCI,29.1,13.5,0.0,https://indomet.gob.do/wp-content/uploads/2026/06/temperaturas-extremas-y-precipitaciones-2026x06x10-a.pdf
2026-06-10,039,CONSTANZA (EMA),LA VEGA,PROGRAMA MUNDIAL DE ALIMENTO,EMAP,27.7,15.0,0.0,https://indomet.gob.do/wp-content/uploads/2026/06/temperaturas-extremas-y-precipitaciones-2026x06x10-a.pdf
2026-06-10,040,DAJABÓN,DAJABÓN,INSTITUTO POLITÉCNICO LOYOLA,EMCI,34.3,22.9,0.0,https://indomet.gob.do/wp-content/uploads/2026/06/temperaturas-extremas-y-precipitaciones-2026x06x10-a.pdf
2026-06-10,041,EL MILLON (EMA),DISTRITO NACIONAL,PRIVADA,EMAP,,,0.0,https://indomet.gob.do/wp-content/uploads/2026/06/temperaturas-extremas-y-precipitaciones-2026x06x10-a.pdf
2026-06-10,042,ENRIQUILLO,BARAHONA,MINISTERIO DE AGRICULTURA,EMCV,32.8,23.5,0.0,https://indomet.gob.do/wp-content/uploads/2026/06/temperaturas-extremas-y-precipitaciones-2026x06x10-a.pdf
2026-06-10,043,ESCONDIDO,PERAVIA,MINISTERIO DE AGRICULTURA,EMCV,31.0,24.0,0.0,https://indomet.gob.do/wp-content/uploads/2026/06/temperaturas-extremas-y-precipitaciones-2026x06x10-a.pdf
2026-06-10,044,GASPAR HERNÁNDEZ,ESPAILLAT,PROPIEDAD DEL EMPLEADO,EMCI,,,0.0,https://indomet.gob.do/wp-content/uploads/2026/06/temperaturas-extremas-y-precipitaciones-2026x06x10-a.pdf
2026-06-10,045,GURABO,SANTIAGO,MINISTERIO DE AGRICULTURA,EMCV,,,0.0,https://indomet.gob.do/wp-content/uploads/2026/06/temperaturas-extremas-y-precipitaciones-2026x06x10-a.pdf
2026-06-10,046,JARABACOA,LA VEGA,INDRHI / MARENA,EMCI,34.8,17.2,0.0,https://indomet.gob.do/wp-content/uploads/2026/06/temperaturas-extremas-y-precipitaciones-2026x06x10-a.pdf
2026-06-10,047,JARABACOA (EMA),LA VEGA,PROGRAMA MUNDIAL DE ALIMENTO,EMAP,32.9,19.3,0.0,https://indomet.gob.do/wp-content/uploads/2026/06/temperaturas-extremas-y-precipitaciones-2026x06x10-a.pdf
2026-06-10,048,JARDÍN BOTÁNICO NACIONAL,DISTRITO NACIONAL,JARDÍN BOTÁNICO NACIONAL,EMCV,33.0,23.1,0.0,https://indomet.gob.do/wp-content/uploads/2026/06/temperaturas-extremas-y-precipitaciones-2026x06x10-a.pdf
2026-06-10,049,JUMA BEJUCAL,MONSEÑOR NOUEL,IDIAF,EMCV,33.8,25.4,0.0,https://indomet.gob.do/wp-content/uploads/2026/06/temperaturas-extremas-y-precipitaciones-2026x06x10-a.pdf
2026-06-10,050,LA VEGA,LA VEGA,IATESA,EMCI,35.5,24.5,0.0,https://indomet.gob.do/wp-content/uploads/2026/06/temperaturas-extremas-y-precipitaciones-2026x06x10-a.pdf
2026-06-10,051,LA VICTORIA,SANTO DOMINGO,CUERPO DE BOMBEROS,EMCI,33.5,24.0,0.0,https://indomet.gob.do/wp-content/uploads/2026/06/temperaturas-extremas-y-precipitaciones-2026x06x10-a.pdf
2026-06-10,052,LOS CACICAZGOS (EMA),DISTRITO NACIONAL,PRIVADA,EMAP,,,0.0,https://indomet.gob.do/wp-content/uploads/2026/06/temperaturas-extremas-y-precipitaciones-2026x06x10-a.pdf
2026-06-10,053,LOS JARDINES (EMA),DISTRITO NACIONAL,PRIVADA,EMAP,,,0.0,https://indomet.gob.do/wp-content/uploads/2026/06/temperaturas-extremas-y-precipitaciones-2026x06x10-a.pdf
2026-06-10,054,MAO,VALVERDE,INDRHI / MINISTERIO DE AGRICULTURA,EMCV,,,0.0,https://indomet.gob.do/wp-content/uploads/2026/06/temperaturas-extremas-y-precipitaciones-2026x06x10-a.pdf
2026-06-10,055,MICHES (EMA),EL SEIBO,PRIVADA,EMAP,30.7,23.2,0.0,https://indomet.gob.do/wp-content/uploads/2026/06/temperaturas-extremas-y-precipitaciones-2026x06x10-a.pdf
2026-06-10,056,MONTE CRISTI,MONTE CRISTI,INDOMET,EMCI,34.5,25.0,0.0,https://indomet.gob.do/wp-content/uploads/2026/06/temperaturas-extremas-y-precipitaciones-2026x06x10-a.pdf
2026-06-10,057,NAVARRETE,SANTIAGO,MINISTERIO DE AGRICULTURA,EMCV,,,0.0,https://indomet.gob.do/wp-content/uploads/2026/06/temperaturas-extremas-y-precipitaciones-2026x06x10-a.pdf
2026-06-10,058,OLIVARES,PEDERNALES,INDRHI,EMCI,,,0.0,https://indomet.gob.do/wp-content/uploads/2026/06/temperaturas-extremas-y-precipitaciones-2026x06x10-a.pdf
2026-06-10,059,OVIEDO,PEDERNALES,CLÍNICA RURAL OVIEDO,EMCI,32.4,23.0,0.0,https://indomet.gob.do/wp-content/uploads/2026/06/temperaturas-extremas-y-precipitaciones-2026x06x10-a.pdf
2026-06-10,060,PALO ÍNDIO,PUERTO PLATA,MINISTERIO DE AGRICULTURA,EMCI,,,0.0,https://indomet.gob.do/wp-content/uploads/2026/06/temperaturas-extremas-y-precipitaciones-2026x06x10-a.pdf
2026-06-10,061,PARQUE MIRADOR SUR,DISTRITO NACIONAL,AYUNTAMIENTO,EMCV,33.5,23.0,0.0,https://indomet.gob.do/wp-content/uploads/2026/06/temperaturas-extremas-y-precipitaciones-2026x06x10-a.pdf
2026-06-10,062,PEDERNALES,PEDERNALES,INDRHI,EMCI,,,0.0,https://indomet.gob.do/wp-content/uploads/2026/06/temperaturas-extremas-y-precipitaciones-2026x06x10-a.pdf
2026-06-10,063,PESCADERIA (EMA),BARAHONA,MINISTERIO DE AGRICULTURA,EMAP,,,0.0,https://indomet.gob.do/wp-content/uploads/2026/06/temperaturas-extremas-y-precipitaciones-2026x06x10-a.pdf
2026-06-10,064,PONTÓN ABAJO (EMA),LA VEGA,MINISTERIO DE AGRICULTURA,EMAP,33.0,25.1,0.0,https://indomet.gob.do/wp-content/uploads/2026/06/temperaturas-extremas-y-precipitaciones-2026x06x10-a.pdf
2026-06-10,065,PRESA DE TAVERAS (EMA),LA VEGA,PROGRAMA MUNDIAL DE ALIMENTO,EMAP,32.8,22.8,0.0,https://indomet.gob.do/wp-content/uploads/2026/06/temperaturas-extremas-y-precipitaciones-2026x06x10-a.pdf
2026-06-10,066,PROLONGACION 27 DE FEBRERO,DISTRITO NACIONAL,PRIVADA,EMAP,,,0.0,https://indomet.gob.do/wp-content/uploads/2026/06/temperaturas-extremas-y-precipitaciones-2026x06x10-a.pdf
2026-06-10,067,RANCHO ARRIBA,SAN JOSÉ DE OCOA,CENTRO TECNOLÓGICO COMUNITARIO,EMCI,32.8,18.9,0.0,https://indomet.gob.do/wp-content/uploads/2026/06/temperaturas-extremas-y-precipitaciones-2026x06x10-a.pdf
2026-06-10,068,RESTAURACIÓN,DAJABÓN,MINISTERIO DE AGRICULTURA,EMCI,33.5,18.3,0.0,https://indomet.gob.do/wp-content/uploads/2026/06/temperaturas-extremas-y-precipitaciones-2026x06x10-a.pdf
2026-06-10,069,RÍO SAN JUAN,MARÍA TRINIDAD SÁNCHEZ,HOSP. MPAL. DR. DESIDERIO ACOSTA,EMCV,35.4,24.0,0.0,https://indomet.gob.do/wp-content/uploads/2026/06/temperaturas-extremas-y-precipitaciones-2026x06x10-a.pdf
2026-06-10,070,SABANA DE LA MAR,HATO MAYOR,INDOMET,EMCI,32.0,23.0,0.0,https://indomet.gob.do/wp-content/uploads/2026/06/temperaturas-extremas-y-precipitaciones-2026x06x10-a.pdf
2026-06-10,071,SABANA GRANDE DE BOYÁ,MONTE PLATA,MINISTERIO DE AGRICULTURA,EMCV,,,0.0,https://indomet.gob.do/wp-content/uploads/2026/06/temperaturas-extremas-y-precipitaciones-2026x06x10-a.pdf
2026-06-10,072,SABANETA (EMA),SANTIAGO RODRÍGUEZ,PROGRAMA MUNDIAL DE ALIMENTO,EMAP,35.6,22.8,0.0,https://indomet.gob.do/wp-content/uploads/2026/06/temperaturas-extremas-y-precipitaciones-2026x06x10-a.pdf
2026-06-10,073,SAMANÁ,SAMANÁ,COMANDANCIA DE PUERTO DE SAMANÁ,EMCI,33.7,18.5,0.0,https://indomet.gob.do/wp-content/uploads/2026/06/temperaturas-extremas-y-precipitaciones-2026x06x10-a.pdf
2026-06-10,074,SAN CRISTÓBAL,SAN CRISTÓBAL,INSTITUTO POLITÉCNICO LOYOLA,EMCI,31.2,23.0,0.0,https://indomet.gob.do/wp-content/uploads/2026/06/temperaturas-extremas-y-precipitaciones-2026x06x10-a.pdf
2026-06-10,075,SAN FRANCISCO DE MACORÍS,DUARTE,San Francisco de Macorís (UASD),EMCI,27.6,25.6,0.0,https://indomet.gob.do/wp-content/uploads/2026/06/temperaturas-extremas-y-precipitaciones-2026x06x10-a.pdf
2026-06-10,076,SAN JOSÉ DE OCOA,SAN JOSÉ DE OCOA,HOSP. SAN JOSÉ DE OCOA,EMCI,32.5,21.4,0.0,https://indomet.gob.do/wp-content/uploads/2026/06/temperaturas-extremas-y-precipitaciones-2026x06x10-a.pdf
2026-06-10,077,SAN RAFAEL DEL YUMA,LA ALTAGRACIA,MINISTERIO DE AGRICULTURA,EMCI,35.6,23.0,0.0,https://indomet.gob.do/wp-content/uploads/2026/06/temperaturas-extremas-y-precipitaciones-2026x06x10-a.pdf
2026-06-10,078,SÁNCHEZ,SAMANÁ,MINISTERIO DE AGRICULTURA,EMCI,34.0,,0.0,https://indomet.gob.do/wp-content/uploads/2026/06/temperaturas-extremas-y-precipitaciones-2026x06x10-a.pdf
2026-06-10,079,SANTIAGO (CENTRO),SANTIAGO,HUACALITO,EMCI,,,0.0,https://indomet.gob.do/wp-content/uploads/2026/06/temperaturas-extremas-y-precipitaciones-2026x06x10-a.pdf
2026-06-10,080,SANTO DOMINGO ESTE,SANTO DOMINGO,INDOMET,EMCI,32.0,26.0,0.0,https://indomet.gob.do/wp-content/uploads/2026/06/temperaturas-extremas-y-precipitaciones-2026x06x10-a.pdf
2026-06-10,081,TÁBARA ABAJO,AZUA,INDRHI,EMCI,32.0,19.5,0.0,https://indomet.gob.do/wp-content/uploads/2026/06/temperaturas-extremas-y-precipitaciones-2026x06x10-a.pdf
2026-06-10,082,TAMBORIL,SANTIAGO,MINISTERIO DE AGRICULTURA,EMCV,,,0.0,https://indomet.gob.do/wp-content/uploads/2026/06/temperaturas-extremas-y-precipitaciones-2026x06x10-a.pdf
2026-06-10,083,VILLA GONZALE (EMA),SANTIAGO,IGLESIA,EMAI,,,0.0,https://indomet.gob.do/wp-content/uploads/2026/06/temperaturas-extremas-y-precipitaciones-2026x06x10-a.pdf
2026-06-10,084,VILLA ISABELA,PUERTO PLATA,MINISTERIO DE AGRICULTURA,EMCV,34.0,22.0,0.0,https://indomet.gob.do/wp-content/uploads/2026/06/temperaturas-extremas-y-precipitaciones-2026x06x10-a.pdf
2026-06-10,085,EL SEIBO,EL SEIBO,MINISTERIO DE AGRICULTURA,EMCV,,,0.0,https://indomet.gob.do/wp-content/uploads/2026/06/temperaturas-extremas-y-precipitaciones-2026x06x10-a.pdf
2026-06-10,086,MONCIÓN (EMA),SANTIAGO RODRÍGUEZ,PROGRAMA MUNDIAL DE ALIMENTO,EMAP,34.1,20.5,0.0,https://indomet.gob.do/wp-content/uploads/2026/06/temperaturas-extremas-y-precipitaciones-2026x06x10-a.pdf
2026-06-10,087,SANTIAGO RODRÍGUEZ,SANTIAGO RODRÍGUEZ,INDOMET,EMCI,35.1,23.5,0.0,https://indomet.gob.do/wp-content/uploads/2026/06/temperaturas-extremas-y-precipitaciones-2026x06x10-a.pdf
2026-06-11,001,ELÍAS PIÑA,ELÍAS PIÑA,MINISTERIO DE AGRICULTURA,EMCV,,,38.0,https://indomet.gob.do/wp-content/uploads/2026/06/temperaturas-extremas-y-precipitaciones-2026x06x11-a.pdf
2026-06-11,002,RESTAURACIÓN,DAJABÓN,MINISTERIO DE AGRICULTURA,EMCI,32.2,17.0,35.5,https://indomet.gob.do/wp-content/uploads/2026/06/temperaturas-extremas-y-precipitaciones-2026x06x11-a.pdf
2026-06-11,003,ARPT. EL CATEY,SAMANÁ,INDOMET,EMCI,30.4,23.0,35.0,https://indomet.gob.do/wp-content/uploads/2026/06/temperaturas-extremas-y-precipitaciones-2026x06x11-a.pdf
2026-06-11,004,LAS PLACETAS (EMA),SANTIAGO,PRIVADA,EMAP,,,26.9,https://indomet.gob.do/wp-content/uploads/2026/06/temperaturas-extremas-y-precipitaciones-2026x06x11-a.pdf
2026-06-11,005,ARENOSO (EMA),DUARTE,PROGRAMA MUNDIAL DE ALIMENTO,EMAP,,,26.2,https://indomet.gob.do/wp-content/uploads/2026/06/temperaturas-extremas-y-precipitaciones-2026x06x11-a.pdf
2026-06-11,006,VILLA RIVA,DUARTE,HOSP. MPAL. ALICIA DE LEGENDRE,EMCI,32.4,23.0,20.9,https://indomet.gob.do/wp-content/uploads/2026/06/temperaturas-extremas-y-precipitaciones-2026x06x11-a.pdf
2026-06-11,007,SABANA DE LA MAR,HATO MAYOR,INDOMET,EMCI,31.2,23.4,12.5,https://indomet.gob.do/wp-content/uploads/2026/06/temperaturas-extremas-y-precipitaciones-2026x06x11-a.pdf
2026-06-11,008,HATO MAYOR,HATO MAYOR,MINISTERIO DE AGRICULTURA,EMCV,,,11.9,https://indomet.gob.do/wp-content/uploads/2026/06/temperaturas-extremas-y-precipitaciones-2026x06x11-a.pdf
2026-06-11,009,VILLA ALTAGRACIA,SAN CRISTÓBAL,ESCUELA JAVIER ANGULO GURIDI,EMCI,,,10.1,https://indomet.gob.do/wp-content/uploads/2026/06/temperaturas-extremas-y-precipitaciones-2026x06x11-a.pdf
2026-06-11,010,JARDÍN BOTÁNICO NACIONAL,DISTRITO NACIONAL,JARDÍN BOTÁNICO NACIONAL,EMCV,32.7,22.5,8.8,https://indomet.gob.do/wp-content/uploads/2026/06/temperaturas-extremas-y-precipitaciones-2026x06x11-a.pdf
2026-06-11,011,ALTO BANDERA (EMA),LA VEGA,INTEC,EMAP,19.6,9.8,6.6,https://indomet.gob.do/wp-content/uploads/2026/06/temperaturas-extremas-y-precipitaciones-2026x06x11-a.pdf
2026-06-11,012,HONDO VALLE,ELÍAS PIÑA,MINISTERIO DE AGRICULTURA,EMCI,29.0,18.1,5.8,https://indomet.gob.do/wp-content/uploads/2026/06/temperaturas-extremas-y-precipitaciones-2026x06x11-a.pdf
2026-06-11,013,SAN CRISTÓBAL,SAN CRISTÓBAL,INSTITUTO POLITÉCNICO LOYOLA,EMCI,31.2,22.2,5.4,https://indomet.gob.do/wp-content/uploads/2026/06/temperaturas-extremas-y-precipitaciones-2026x06x11-a.pdf
2026-06-11,014,DAJABÓN,DAJABÓN,INSTITUTO POLITÉCNICO LOYOLA,EMCI,33.0,19.2,4.9,https://indomet.gob.do/wp-content/uploads/2026/06/temperaturas-extremas-y-precipitaciones-2026x06x11-a.pdf
2026-06-11,015,PROLONGACION 27 DE FEBRERO,DISTRITO NACIONAL,PRIVADA,EMAP,,,4.7,https://indomet.gob.do/wp-content/uploads/2026/06/temperaturas-extremas-y-precipitaciones-2026x06x11-a.pdf
2026-06-11,016,ARROYO LORO,SAN JUAN,IDIAF,EMCI,32.5,20.6,4.7,https://indomet.gob.do/wp-content/uploads/2026/06/temperaturas-extremas-y-precipitaciones-2026x06x11-a.pdf
2026-06-11,017,CONSTANZA (EMA),LA VEGA,PROGRAMA MUNDIAL DE ALIMENTO,EMAP,26.6,15.9,4.4,https://indomet.gob.do/wp-content/uploads/2026/06/temperaturas-extremas-y-precipitaciones-2026x06x11-a.pdf
2026-06-11,018,CONSTANZA,LA VEGA,MINISTERIO DE AGRICULTURA,EMCI,28.6,14.5,4.0,https://indomet.gob.do/wp-content/uploads/2026/06/temperaturas-extremas-y-precipitaciones-2026x06x11-a.pdf
2026-06-11,019,EL CERCADO,SAN JUAN,MINISTERIO DE AGRICULTURA,EMCV,,,3.8,https://indomet.gob.do/wp-content/uploads/2026/06/temperaturas-extremas-y-precipitaciones-2026x06x11-a.pdf
2026-06-11,020,TÁBARA ABAJO,AZUA,INDRHI,EMCI,33.0,18.5,3.4,https://indomet.gob.do/wp-content/uploads/2026/06/temperaturas-extremas-y-precipitaciones-2026x06x11-a.pdf
2026-06-11,021,PADRE LAS CASAS,AZUA,HOSP. NTRA. SRA. DEL CARMEN,EMCI,32.3,20.2,2.9,https://indomet.gob.do/wp-content/uploads/2026/06/temperaturas-extremas-y-precipitaciones-2026x06x11-a.pdf
2026-06-11,022,LOS JARDINES (EMA),DISTRITO NACIONAL,PRIVADA,EMAP,,,2.8,https://indomet.gob.do/wp-content/uploads/2026/06/temperaturas-extremas-y-precipitaciones-2026x06x11-a.pdf
2026-06-11,023,PERALTA,AZUA,HOSP. MPAL. DE PERALTA,EMCI,29.8,19.2,2.8,https://indomet.gob.do/wp-content/uploads/2026/06/temperaturas-extremas-y-precipitaciones-2026x06x11-a.pdf
2026-06-11,024,RANCHO ARRIBA,SAN JOSÉ DE OCOA,CENTRO TECNOLÓGICO COMUNITARIO,EMCI,31.9,19.3,2.8,https://indomet.gob.do/wp-content/uploads/2026/06/temperaturas-extremas-y-precipitaciones-2026x06x11-a.pdf
2026-06-11,025,SAN JOSÉ DE OCOA,SAN JOSÉ DE OCOA,HOSP. SAN JOSÉ DE OCOA,EMCI,32.8,20.1,2.2,https://indomet.gob.do/wp-content/uploads/2026/06/temperaturas-extremas-y-precipitaciones-2026x06x11-a.pdf
2026-06-11,026,PARQUE MIRADOR SUR,DISTRITO NACIONAL,AYUNTAMIENTO,EMCV,31.2,22.0,2.2,https://indomet.gob.do/wp-content/uploads/2026/06/temperaturas-extremas-y-precipitaciones-2026x06x11-a.pdf
2026-06-11,027,PARQUE MIRADOR NORTE,SANTO DOMINGO,AYUNTAMIENTO,EMCV,,,2.0,https://indomet.gob.do/wp-content/uploads/2026/06/temperaturas-extremas-y-precipitaciones-2026x06x11-a.pdf
2026-06-11,028,ENRIQUILLO,BARAHONA,MINISTERIO DE AGRICULTURA,EMCV,33.0,22.7,2.0,https://indomet.gob.do/wp-content/uploads/2026/06/temperaturas-extremas-y-precipitaciones-2026x06x11-a.pdf
2026-06-11,029,MICHES (EMA),EL SEIBO,PRIVADA,EMAP,31.4,24.2,1.8,https://indomet.gob.do/wp-content/uploads/2026/06/temperaturas-extremas-y-precipitaciones-2026x06x11-a.pdf
2026-06-11,030,LA VICTORIA,SANTO DOMINGO,CUERPO DE BOMBEROS,EMCI,31.5,24.2,1.5,https://indomet.gob.do/wp-content/uploads/2026/06/temperaturas-extremas-y-precipitaciones-2026x06x11-a.pdf
2026-06-11,031,CABRAL,BARAHONA,MINISTERIO DE AGRICULTURA,EMCV,33.4,23.7,1.4,https://indomet.gob.do/wp-content/uploads/2026/06/temperaturas-extremas-y-precipitaciones-2026x06x11-a.pdf
2026-06-11,032,EL MILLON (EMA),DISTRITO NACIONAL,PRIVADA,EMAP,,,1.3,https://indomet.gob.do/wp-content/uploads/2026/06/temperaturas-extremas-y-precipitaciones-2026x06x11-a.pdf
2026-06-11,033,ENSANCHE LA FE (EMA),DISTRITO NACIONAL,PRIVADA,EMAP,,,1.1,https://indomet.gob.do/wp-content/uploads/2026/06/temperaturas-extremas-y-precipitaciones-2026x06x11-a.pdf
2026-06-11,034,ARPT. LA ISABELA,SANTO DOMINGO,INDOMET,EMCI,33.5,22.7,1.0,https://indomet.gob.do/wp-content/uploads/2026/06/temperaturas-extremas-y-precipitaciones-2026x06x11-a.pdf
2026-06-11,035,ARPT. MARÍA MONTEZ,BARAHONA,INDOMET,EMCI,31.0,24.5,1.0,https://indomet.gob.do/wp-content/uploads/2026/06/temperaturas-extremas-y-precipitaciones-2026x06x11-a.pdf
2026-06-11,036,POLO,BARAHONA,INDOCAFE,EMCI,29.0,17.5,0.8,https://indomet.gob.do/wp-content/uploads/2026/06/temperaturas-extremas-y-precipitaciones-2026x06x11-a.pdf
2026-06-11,037,CENTRO DE LOS HEROES (EMA),DISTRITO NACIONAL,MINISTERIO DE ENERGIA Y MINA,EMAP,31.5,26.3,0.6,https://indomet.gob.do/wp-content/uploads/2026/06/temperaturas-extremas-y-precipitaciones-2026x06x11-a.pdf
2026-06-11,038,BAYAGUANA,MONTE PLATA,INDOMET,EMCI,33.5,22.4,0.6,https://indomet.gob.do/wp-content/uploads/2026/06/temperaturas-extremas-y-precipitaciones-2026x06x11-a.pdf
2026-06-11,039,SÁNCHEZ,SAMANÁ,MINISTERIO DE AGRICULTURA,EMCI,33.4,,0.5,https://indomet.gob.do/wp-content/uploads/2026/06/temperaturas-extremas-y-precipitaciones-2026x06x11-a.pdf
2026-06-11,040,SANTO DOMINGO ESTE,SANTO DOMINGO,INDOMET,EMCI,32.5,25.5,0.4,https://indomet.gob.do/wp-content/uploads/2026/06/temperaturas-extremas-y-precipitaciones-2026x06x11-a.pdf
2026-06-11,041,JIMANÍ,INDEPENDENCIA,MINISTERIO DE AGRICULTURA,EMCI,35.2,25.2,0.3,https://indomet.gob.do/wp-content/uploads/2026/06/temperaturas-extremas-y-precipitaciones-2026x06x11-a.pdf
2026-06-11,042,JUMA BEJUCAL,MONSEÑOR NOUEL,IDIAF,EMCV,33.4,24.6,0.3,https://indomet.gob.do/wp-content/uploads/2026/06/temperaturas-extremas-y-precipitaciones-2026x06x11-a.pdf
2026-06-11,043,LOS COCOS (EMA),BAHORUCO,PRIVADA,EMAP,,,0.2,https://indomet.gob.do/wp-content/uploads/2026/06/temperaturas-extremas-y-precipitaciones-2026x06x11-a.pdf
2026-06-11,044,SABANETA (EMA),SANTIAGO RODRÍGUEZ,PROGRAMA MUNDIAL DE ALIMENTO,EMAP,34.9,21.9,0.2,https://indomet.gob.do/wp-content/uploads/2026/06/temperaturas-extremas-y-precipitaciones-2026x06x11-a.pdf
2026-06-11,045,JARABACOA,LA VEGA,INDRHI / MARENA,EMCI,33.0,17.6,0.2,https://indomet.gob.do/wp-content/uploads/2026/06/temperaturas-extremas-y-precipitaciones-2026x06x11-a.pdf
2026-06-11,046,ARPT. DE LAS AMÉRICAS,SANTO DOMINGO,INDOMET,EMCI,31.8,23.3,0.1,https://indomet.gob.do/wp-content/uploads/2026/06/temperaturas-extremas-y-precipitaciones-2026x06x11-a.pdf
2026-06-11,047,SANTIAGO RODRÍGUEZ,SANTIAGO RODRÍGUEZ,INDOMET,EMCI,35.0,23.1,0.1,https://indomet.gob.do/wp-content/uploads/2026/06/temperaturas-extremas-y-precipitaciones-2026x06x11-a.pdf
2026-06-11,048,SABANA GRANDE DE BOYÁ,MONTE PLATA,MINISTERIO DE AGRICULTURA,EMCV,,,0.1,https://indomet.gob.do/wp-content/uploads/2026/06/temperaturas-extremas-y-precipitaciones-2026x06x11-a.pdf
2026-06-11,049,BASE AÉREA DE SAN ISIDRO,SANTO DOMINGO,FUERZA AÉREA DOMINICANA,EMCV,31.4,23.9,0.0,https://indomet.gob.do/wp-content/uploads/2026/06/temperaturas-extremas-y-precipitaciones-2026x06x11-a.pdf
2026-06-11,050,BANI (EMA),PERAVIA,MINISTERIO DE AGRICULTURA,EMAP,31.5,25.1,0.0,https://indomet.gob.do/wp-content/uploads/2026/06/temperaturas-extremas-y-precipitaciones-2026x06x11-a.pdf
2026-06-11,051,BOCA DE MAO (EMA),VALVERDE,MINISTERIO DE AGRICULTURA,EMAP,35.5,22.8,0.0,https://indomet.gob.do/wp-content/uploads/2026/06/temperaturas-extremas-y-precipitaciones-2026x06x11-a.pdf
2026-06-11,052,JARABACOA (EMA),LA VEGA,PROGRAMA MUNDIAL DE ALIMENTO,EMAP,31.0,19.4,0.0,https://indomet.gob.do/wp-content/uploads/2026/06/temperaturas-extremas-y-precipitaciones-2026x06x11-a.pdf
2026-06-11,053,MONCIÓN (EMA),SANTIAGO RODRÍGUEZ,PROGRAMA MUNDIAL DE ALIMENTO,EMAP,31.8,20.3,0.0,https://indomet.gob.do/wp-content/uploads/2026/06/temperaturas-extremas-y-precipitaciones-2026x06x11-a.pdf
2026-06-11,054,PONTÓN ABAJO (EMA),LA VEGA,MINISTERIO DE AGRICULTURA,EMAP,36.3,23.6,0.0,https://indomet.gob.do/wp-content/uploads/2026/06/temperaturas-extremas-y-precipitaciones-2026x06x11-a.pdf
2026-06-11,055,PRESA DE TAVERAS (EMA),LA VEGA,PROGRAMA MUNDIAL DE ALIMENTO,EMAP,32.4,21.8,0.0,https://indomet.gob.do/wp-content/uploads/2026/06/temperaturas-extremas-y-precipitaciones-2026x06x11-a.pdf
2026-06-11,056,ALTAMIRA,PUERTO PLATA,HOSP. MPAL. DE ALTAMIRA,EMCI,34.5,21.6,0.0,https://indomet.gob.do/wp-content/uploads/2026/06/temperaturas-extremas-y-precipitaciones-2026x06x11-a.pdf
2026-06-11,057,ARPT. ARROYO BARRIL,SAMANÁ,INDOMET,EMCI,32.6,23.0,0.0,https://indomet.gob.do/wp-content/uploads/2026/06/temperaturas-extremas-y-precipitaciones-2026x06x11-a.pdf
2026-06-11,058,ARPT. DE LA ROMANA,LA ROMANA,INDOMET,EMCI,32.8,21.0,0.0,https://indomet.gob.do/wp-content/uploads/2026/06/temperaturas-extremas-y-precipitaciones-2026x06x11-a.pdf
2026-06-11,059,ARPT. DE PUNTA CANA,LA ALTAGRACIA,INDOMET,EMCI,30.6,23.4,0.0,https://indomet.gob.do/wp-content/uploads/2026/06/temperaturas-extremas-y-precipitaciones-2026x06x11-a.pdf
2026-06-11,060,ARPT. DEL CIBAO,SANTIAGO,INDOMET,EMCI,34.8,23.6,0.0,https://indomet.gob.do/wp-content/uploads/2026/06/temperaturas-extremas-y-precipitaciones-2026x06x11-a.pdf
2026-06-11,061,ARPT. GREGORIO LUPERÓN,PUERTO PLATA,INDOMET,EMCI,32.4,23.6,0.0,https://indomet.gob.do/wp-content/uploads/2026/06/temperaturas-extremas-y-precipitaciones-2026x06x11-a.pdf
2026-06-11,062,CABRERA,MARÍA TRINIDAD SÁNCHEZ,ESCUELA ARÍSTIDES FIALLO CABRAL,EMCI,33.0,26.2,0.0,https://indomet.gob.do/wp-content/uploads/2026/06/temperaturas-extremas-y-precipitaciones-2026x06x11-a.pdf
2026-06-11,063,GASPAR HERNÁNDEZ,ESPAILLAT,PROPIEDAD DEL EMPLEADO,EMCI,,,0.0,https://indomet.gob.do/wp-content/uploads/2026/06/temperaturas-extremas-y-precipitaciones-2026x06x11-a.pdf
2026-06-11,064,LA VEGA,LA VEGA,IATESA,EMCI,34.5,23.5,0.0,https://indomet.gob.do/wp-content/uploads/2026/06/temperaturas-extremas-y-precipitaciones-2026x06x11-a.pdf
2026-06-11,065,LOS JENGIBRES,NAGUA,INDRHI,EMCI,,,0.0,https://indomet.gob.do/wp-content/uploads/2026/06/temperaturas-extremas-y-precipitaciones-2026x06x11-a.pdf
2026-06-11,066,LOS LLANOS,SAN PEDRO DE MACORÍS,MINISTERIO DE AGRICULTURA,EMCI,33.5,24.2,0.0,https://indomet.gob.do/wp-content/uploads/2026/06/temperaturas-extremas-y-precipitaciones-2026x06x11-a.pdf
2026-06-11,067,MONTE CRISTI,MONTE CRISTI,INDOMET,EMCI,33.8,25.3,0.0,https://indomet.gob.do/wp-content/uploads/2026/06/temperaturas-extremas-y-precipitaciones-2026x06x11-a.pdf
2026-06-11,068,OLIVARES,PEDERNALES,INDRHI,EMCI,,,0.0,https://indomet.gob.do/wp-content/uploads/2026/06/temperaturas-extremas-y-precipitaciones-2026x06x11-a.pdf
2026-06-11,069,OVIEDO,PEDERNALES,CLÍNICA RURAL OVIEDO,EMCI,32.6,22.5,0.0,https://indomet.gob.do/wp-content/uploads/2026/06/temperaturas-extremas-y-precipitaciones-2026x06x11-a.pdf
2026-06-11,070,PALO ÍNDIO,PUERTO PLATA,MINISTERIO DE AGRICULTURA,EMCI,,,0.0,https://indomet.gob.do/wp-content/uploads/2026/06/temperaturas-extremas-y-precipitaciones-2026x06x11-a.pdf
2026-06-11,071,PASO AL MEDIO,SAN PEDRO DE MACORÍS,INDRHI,EMCI,,,0.0,https://indomet.gob.do/wp-content/uploads/2026/06/temperaturas-extremas-y-precipitaciones-2026x06x11-a.pdf
2026-06-11,072,PEDERNALES,PEDERNALES,INDRHI,EMCI,,,0.0,https://indomet.gob.do/wp-content/uploads/2026/06/temperaturas-extremas-y-precipitaciones-2026x06x11-a.pdf
2026-06-11,073,SALCEDO,HERMANAS MIRABAL,PROPIEDAD DEL EMPLEADO,EMCI,,,0.0,https://indomet.gob.do/wp-content/uploads/2026/06/temperaturas-extremas-y-precipitaciones-2026x06x11-a.pdf
2026-06-11,074,SAMANÁ,SAMANÁ,COMANDANCIA DE PUERTO DE SAMANÁ,EMCI,33.4,20.0,0.0,https://indomet.gob.do/wp-content/uploads/2026/06/temperaturas-extremas-y-precipitaciones-2026x06x11-a.pdf
2026-06-11,075,SAN FRANCISCO DE MACORÍS,DUARTE,San Francisco de Macorís (UASD),EMCI,28.1,24.2,0.0,https://indomet.gob.do/wp-content/uploads/2026/06/temperaturas-extremas-y-precipitaciones-2026x06x11-a.pdf
2026-06-11,076,SAN RAFAEL DEL YUMA,LA ALTAGRACIA,MINISTERIO DE AGRICULTURA,EMCI,34.9,24.8,0.0,https://indomet.gob.do/wp-content/uploads/2026/06/temperaturas-extremas-y-precipitaciones-2026x06x11-a.pdf
2026-06-11,077,TAVERA,SANTIAGO,INDRHI,EMCI,,,0.0,https://indomet.gob.do/wp-content/uploads/2026/06/temperaturas-extremas-y-precipitaciones-2026x06x11-a.pdf
2026-06-11,078,VILLA GONZALES,SANTIAGO,MINISTERIO DE AGRICULTURA,EMCI,,,0.0,https://indomet.gob.do/wp-content/uploads/2026/06/temperaturas-extremas-y-precipitaciones-2026x06x11-a.pdf
2026-06-11,079,BONAO,MONSEÑOR NOUEL,MINISTERIO DE AGRICULTURA,EMCV,,,0.0,https://indomet.gob.do/wp-content/uploads/2026/06/temperaturas-extremas-y-precipitaciones-2026x06x11-a.pdf
2026-06-11,080,COTUÍ,SÁNCHEZ RAMÍREZ,HOSP. INMACULADA CONCEPCIÓN,EMCV,,,0.0,https://indomet.gob.do/wp-content/uploads/2026/06/temperaturas-extremas-y-precipitaciones-2026x06x11-a.pdf
2026-06-11,081,EL SEIBO,EL SEIBO,MINISTERIO DE AGRICULTURA,EMCV,,,0.0,https://indomet.gob.do/wp-content/uploads/2026/06/temperaturas-extremas-y-precipitaciones-2026x06x11-a.pdf
2026-06-11,082,ESCONDIDO,PERAVIA,MINISTERIO DE AGRICULTURA,EMCV,31.0,25.0,0.0,https://indomet.gob.do/wp-content/uploads/2026/06/temperaturas-extremas-y-precipitaciones-2026x06x11-a.pdf
2026-06-11,083,GURABO,SANTIAGO,MINISTERIO DE AGRICULTURA,EMCV,,,0.0,https://indomet.gob.do/wp-content/uploads/2026/06/temperaturas-extremas-y-precipitaciones-2026x06x11-a.pdf
2026-06-11,084,MAO,VALVERDE,INDRHI / MINISTERIO DE AGRICULTURA,EMCV,,,0.0,https://indomet.gob.do/wp-content/uploads/2026/06/temperaturas-extremas-y-precipitaciones-2026x06x11-a.pdf
2026-06-11,085,NAVARRETE,SANTIAGO,MINISTERIO DE AGRICULTURA,EMCV,,,0.0,https://indomet.gob.do/wp-content/uploads/2026/06/temperaturas-extremas-y-precipitaciones-2026x06x11-a.pdf
2026-06-11,086,RÍO SAN JUAN,MARÍA TRINIDAD SÁNCHEZ,HOSP. MPAL. DR. DESIDERIO ACOSTA,EMCV,34.6,25.0,0.0,https://indomet.gob.do/wp-content/uploads/2026/06/temperaturas-extremas-y-precipitaciones-2026x06x11-a.pdf
2026-06-11,087,VILLA ISABELA,PUERTO PLATA,MINISTERIO DE AGRICULTURA,EMCV,34.0,21.5,0.0,https://indomet.gob.do/wp-content/uploads/2026/06/temperaturas-extremas-y-precipitaciones-2026x06x11-a.pdf
2026-06-12,001,HATO MAYOR,HATO MAYOR,MINISTERIO DE AGRICULTURA,EMCV,,,61.0,https://indomet.gob.do/wp-content/uploads/2026/06/temperaturas-extremas-y-precipitaciones-2026x06x12-a.pdf
2026-06-12,002,BAYAGUANA,MONTE PLATA,INDOMET,EMCI,30.6,21.8,45.6,https://indomet.gob.do/wp-content/uploads/2026/06/temperaturas-extremas-y-precipitaciones-2026x06x12-a.pdf
2026-06-12,003,PONTÓN ABAJO (EMA),LA VEGA,MINISTERIO DE AGRICULTURA,EMAP,33.8,22.2,33.2,https://indomet.gob.do/wp-content/uploads/2026/06/temperaturas-extremas-y-precipitaciones-2026x06x12-a.pdf
2026-06-12,004,VILLA GONZALES,SANTIAGO,MINISTERIO DE AGRICULTURA,EMCI,,,32.0,https://indomet.gob.do/wp-content/uploads/2026/06/temperaturas-extremas-y-precipitaciones-2026x06x12-a.pdf
2026-06-12,005,VILLA RIVA,DUARTE,HOSP. MPAL. ALICIA DE LEGENDRE,EMCI,30.0,21.7,27.4,https://indomet.gob.do/wp-content/uploads/2026/06/temperaturas-extremas-y-precipitaciones-2026x06x12-a.pdf
2026-06-12,006,SABANA DE LA MAR,HATO MAYOR,INDOMET,EMCI,30.6,23.2,23.9,https://indomet.gob.do/wp-content/uploads/2026/06/temperaturas-extremas-y-precipitaciones-2026x06x12-a.pdf
2026-06-12,007,LA VEGA,LA VEGA,IATESA,EMCI,34.5,22.5,22.7,https://indomet.gob.do/wp-content/uploads/2026/06/temperaturas-extremas-y-precipitaciones-2026x06x12-a.pdf
2026-06-12,008,SAN CRISTÓBAL,SAN CRISTÓBAL,INSTITUTO POLITÉCNICO LOYOLA,EMCI,34.5,22.5,22.7,https://indomet.gob.do/wp-content/uploads/2026/06/temperaturas-extremas-y-precipitaciones-2026x06x12-a.pdf
2026-06-12,009,SAN RAFAEL DEL YUMA,LA ALTAGRACIA,MINISTERIO DE AGRICULTURA,EMCI,33.8,24.1,21.0,https://indomet.gob.do/wp-content/uploads/2026/06/temperaturas-extremas-y-precipitaciones-2026x06x12-a.pdf
2026-06-12,010,CONSTANZA (EMA),LA VEGA,PROGRAMA MUNDIAL DE ALIMENTO,EMAP,25.2,13.4,13.6,https://indomet.gob.do/wp-content/uploads/2026/06/temperaturas-extremas-y-precipitaciones-2026x06x12-a.pdf
2026-06-12,011,CONSTANZA,LA VEGA,MINISTERIO DE AGRICULTURA,EMCI,27.5,12.0,12.4,https://indomet.gob.do/wp-content/uploads/2026/06/temperaturas-extremas-y-precipitaciones-2026x06x12-a.pdf
2026-06-12,012,JARABACOA (EMA),LA VEGA,PROGRAMA MUNDIAL DE ALIMENTO,EMAP,30.8,18.1,11.2,https://indomet.gob.do/wp-content/uploads/2026/06/temperaturas-extremas-y-precipitaciones-2026x06x12-a.pdf
2026-06-12,013,ARPT. DE LA ROMANA,LA ROMANA,INDOMET,EMCI,31.5,23.3,10.0,https://indomet.gob.do/wp-content/uploads/2026/06/temperaturas-extremas-y-precipitaciones-2026x06x12-a.pdf
2026-06-12,014,JARABACOA,LA VEGA,INDRHI / MARENA,EMCI,32.2,16.0,9.9,https://indomet.gob.do/wp-content/uploads/2026/06/temperaturas-extremas-y-precipitaciones-2026x06x12-a.pdf
2026-06-12,015,MICHES (EMA),EL SEIBO,PRIVADA,EMAP,31.2,24.5,8.2,https://indomet.gob.do/wp-content/uploads/2026/06/temperaturas-extremas-y-precipitaciones-2026x06x12-a.pdf
2026-06-12,016,ELÍAS PIÑA,ELÍAS PIÑA,MINISTERIO DE AGRICULTURA,EMCV,,,8.1,https://indomet.gob.do/wp-content/uploads/2026/06/temperaturas-extremas-y-precipitaciones-2026x06x12-a.pdf
2026-06-12,017,ARPT. EL CATEY,SAMANÁ,INDOMET,EMCI,28.0,22.0,7.5,https://indomet.gob.do/wp-content/uploads/2026/06/temperaturas-extremas-y-precipitaciones-2026x06x12-a.pdf
2026-06-12,019,PRESA DE TAVERAS (EMA),LA VEGA,PROGRAMA MUNDIAL DE ALIMENTO,EMAP,30.0,21.5,6.6,https://indomet.gob.do/wp-content/uploads/2026/06/temperaturas-extremas-y-precipitaciones-2026x06x12-a.pdf
2026-06-12,020,JUMA BEJUCAL,MONSEÑOR NOUEL,IDIAF,EMCV,32.0,22.8,6.3,https://indomet.gob.do/wp-content/uploads/2026/06/temperaturas-extremas-y-precipitaciones-2026x06x12-a.pdf
2026-06-12,021,SÁNCHEZ,SAMANÁ,MINISTERIO DE AGRICULTURA,EMCI,31.0,,6.0,https://indomet.gob.do/wp-content/uploads/2026/06/temperaturas-extremas-y-precipitaciones-2026x06x12-a.pdf
2026-06-12,022,SANTIAGO RODRÍGUEZ,SANTIAGO RODRÍGUEZ,INDOMET,EMCI,35.2,22.0,5.9,https://indomet.gob.do/wp-content/uploads/2026/06/temperaturas-extremas-y-precipitaciones-2026x06x12-a.pdf
2026-06-12,023,SABANETA (EMA),SANTIAGO RODRÍGUEZ,PROGRAMA MUNDIAL DE ALIMENTO,EMAP,35.0,21.1,5.6,https://indomet.gob.do/wp-content/uploads/2026/06/temperaturas-extremas-y-precipitaciones-2026x06x12-a.pdf
2026-06-12,024,ARPT. ARROYO BARRIL,SAMANÁ,INDOMET,EMCI,28.4,23.6,5.1,https://indomet.gob.do/wp-content/uploads/2026/06/temperaturas-extremas-y-precipitaciones-2026x06x12-a.pdf
2026-06-12,025,ALTO BANDERA (EMA),LA VEGA,INTEC,EMAP,16.2,9.2,5.1,https://indomet.gob.do/wp-content/uploads/2026/06/temperaturas-extremas-y-precipitaciones-2026x06x12-a.pdf
2026-06-12,026,CENTRO DE LOS HEROES (EMA),DISTRITO NACIONAL,MINISTERIO DE ENERGIA Y MINA,EMAP,30.8,26.2,5.0,https://indomet.gob.do/wp-content/uploads/2026/06/temperaturas-extremas-y-precipitaciones-2026x06x12-a.pdf
2026-06-12,027,ALTAMIRA,PUERTO PLATA,HOSP. MPAL. DE ALTAMIRA,EMCI,33.4,20.9,4.8,https://indomet.gob.do/wp-content/uploads/2026/06/temperaturas-extremas-y-precipitaciones-2026x06x12-a.pdf
2026-06-12,028,SAMANÁ,SAMANÁ,COMANDANCIA DE PUERTO DE SAMANÁ,EMCI,32.0,18.8,4.6,https://indomet.gob.do/wp-content/uploads/2026/06/temperaturas-extremas-y-precipitaciones-2026x06x12-a.pdf
2026-06-12,029,SABANA GRANDE DE BOYÁ,MONTE PLATA,MINISTERIO DE AGRICULTURA,EMCV,,,4.3,https://indomet.gob.do/wp-content/uploads/2026/06/temperaturas-extremas-y-precipitaciones-2026x06x12-a.pdf
2026-06-12,030,LOS LLANOS,SAN PEDRO DE MACORÍS,MINISTERIO DE AGRICULTURA,EMCI,32.5,23.0,4.3,https://indomet.gob.do/wp-content/uploads/2026/06/temperaturas-extremas-y-precipitaciones-2026x06x12-a.pdf
2026-06-12,031,ARPT. LA ISABELA,SANTO DOMINGO,INDOMET,EMCI,32.0,22.8,4.0,https://indomet.gob.do/wp-content/uploads/2026/06/temperaturas-extremas-y-precipitaciones-2026x06x12-a.pdf
2026-06-12,032,LOS CACICAZGOS (EMA),DISTRITO NACIONAL,PRIVADA,EMAP,,,3.8,https://indomet.gob.do/wp-content/uploads/2026/06/temperaturas-extremas-y-precipitaciones-2026x06x12-a.pdf
2026-06-12,033,PROLONGACION 27 DE FEBRERO (EMA),DISTRITO NACIONAL,PRIVADA,EMAP,,,3.5,https://indomet.gob.do/wp-content/uploads/2026/06/temperaturas-extremas-y-precipitaciones-2026x06x12-a.pdf
2026-06-12,034,CABRERA,MARÍA TRINIDAD SÁNCHEZ,ESCUELA ARÍSTIDES FIALLO CABRAL,EMCI,32.0,26.2,2.6,https://indomet.gob.do/wp-content/uploads/2026/06/temperaturas-extremas-y-precipitaciones-2026x06x12-a.pdf
2026-06-12,035,EL MILLON (EMA),DISTRITO NACIONAL,PRIVADA,EMAP,,,2.3,https://indomet.gob.do/wp-content/uploads/2026/06/temperaturas-extremas-y-precipitaciones-2026x06x12-a.pdf
2026-06-12,036,BELLA VISTA (EMA),DISTRITO NACIONAL,PRIVADA,EMAP,,,2.0,https://indomet.gob.do/wp-content/uploads/2026/06/temperaturas-extremas-y-precipitaciones-2026x06x12-a.pdf
2026-06-12,037,SAN JOSÉ DE OCOA,SAN JOSÉ DE OCOA,HOSP. SAN JOSÉ DE OCOA,EMCI,31.9,21.0,2.0,https://indomet.gob.do/wp-content/uploads/2026/06/temperaturas-extremas-y-precipitaciones-2026x06x12-a.pdf
2026-06-12,038,SANTO DOMINGO ESTE,SANTO DOMINGO,INDOMET,EMCI,30.0,23.0,1.6,https://indomet.gob.do/wp-content/uploads/2026/06/temperaturas-extremas-y-precipitaciones-2026x06x12-a.pdf
2026-06-12,039,LOS PRADOS (EMA),DISTRITO NACIONAL,PRIVADA,EMAP,,,1.5,https://indomet.gob.do/wp-content/uploads/2026/06/temperaturas-extremas-y-precipitaciones-2026x06x12-a.pdf
2026-06-12,040,ANAMUYA (EMA),LA ALTAGRACIA,MINISTERIO DE AGRICULTURA,EMAP,31.8,24.2,1.2,https://indomet.gob.do/wp-content/uploads/2026/06/temperaturas-extremas-y-precipitaciones-2026x06x12-a.pdf
2026-06-12,041,PERALTA,AZUA,HOSP. MPAL. DE PERALTA,EMCI,31.7,17.5,1.2,https://indomet.gob.do/wp-content/uploads/2026/06/temperaturas-extremas-y-precipitaciones-2026x06x12-a.pdf
2026-06-12,042,GURABO,SANTIAGO,MINISTERIO DE AGRICULTURA,EMCV,,,1.0,https://indomet.gob.do/wp-content/uploads/2026/06/temperaturas-extremas-y-precipitaciones-2026x06x12-a.pdf
2026-06-12,043,ENSANCHE LA FE (EMA),DISTRITO NACIONAL,PRIVADA,EMAP,,,1.0,https://indomet.gob.do/wp-content/uploads/2026/06/temperaturas-extremas-y-precipitaciones-2026x06x12-a.pdf
2026-06-12,044,LA AGUSTINA (EMA),DISTRITO NACIONAL,PRIVADA,EMAP,,,1.0,https://indomet.gob.do/wp-content/uploads/2026/06/temperaturas-extremas-y-precipitaciones-2026x06x12-a.pdf
2026-06-12,045,LA VICTORIA,SANTO DOMINGO,CUERPO DE BOMBEROS,EMCI,29.0,24.0,1.0,https://indomet.gob.do/wp-content/uploads/2026/06/temperaturas-extremas-y-precipitaciones-2026x06x12-a.pdf
2026-06-12,046,NAVARRETE,SANTIAGO,MINISTERIO DE AGRICULTURA,EMCV,,,0.8,https://indomet.gob.do/wp-content/uploads/2026/06/temperaturas-extremas-y-precipitaciones-2026x06x12-a.pdf
2026-06-12,047,ARPT. DE LAS AMÉRICAS,SANTO DOMINGO,INDOMET,EMCI,31.8,23.4,0.6,https://indomet.gob.do/wp-content/uploads/2026/06/temperaturas-extremas-y-precipitaciones-2026x06x12-a.pdf
2026-06-12,048,ARPT. DEL CIBAO,SANTIAGO,INDOMET,EMCI,33.0,22.4,0.6,https://indomet.gob.do/wp-content/uploads/2026/06/temperaturas-extremas-y-precipitaciones-2026x06x12-a.pdf
2026-06-12,049,CABRAL,BARAHONA,MINISTERIO DE AGRICULTURA,EMCV,32.5,24.2,0.1,https://indomet.gob.do/wp-content/uploads/2026/06/temperaturas-extremas-y-precipitaciones-2026x06x12-a.pdf
2026-06-12,050,HONDO VALLE,ELÍAS PIÑA,MINISTERIO DE AGRICULTURA,EMCI,29.5,18.7,0.1,https://indomet.gob.do/wp-content/uploads/2026/06/temperaturas-extremas-y-precipitaciones-2026x06x12-a.pdf
2026-06-12,051,ARPT. DE PUNTA CANA,LA ALTAGRACIA,INDOMET,EMCI,30.4,23.4,0.0,https://indomet.gob.do/wp-content/uploads/2026/06/temperaturas-extremas-y-precipitaciones-2026x06x12-a.pdf
2026-06-12,052,ARPT. GREGORIO LUPERÓN,PUERTO PLATA,INDOMET,EMCI,33.5,23.0,0.0,https://indomet.gob.do/wp-content/uploads/2026/06/temperaturas-extremas-y-precipitaciones-2026x06x12-a.pdf
2026-06-12,053,ARPT. MARÍA MONTEZ,BARAHONA,INDOMET,EMCI,31.5,23.8,0.0,https://indomet.gob.do/wp-content/uploads/2026/06/temperaturas-extremas-y-precipitaciones-2026x06x12-a.pdf
2026-06-12,054,BANI (EMA),PERAVIA,MINISTERIO DE AGRICULTURA,EMAP,31.4,25.9,0.0,https://indomet.gob.do/wp-content/uploads/2026/06/temperaturas-extremas-y-precipitaciones-2026x06x12-a.pdf
2026-06-12,055,BOCA DE MAO (EMA),VALVERDE,MINISTERIO DE AGRICULTURA,EMAP,34.6,22.1,0.0,https://indomet.gob.do/wp-content/uploads/2026/06/temperaturas-extremas-y-precipitaciones-2026x06x12-a.pdf
2026-06-12,056,DAJABÓN,DAJABÓN,INSTITUTO POLITÉCNICO LOYOLA,EMCI,35.1,20.7,0.0,https://indomet.gob.do/wp-content/uploads/2026/06/temperaturas-extremas-y-precipitaciones-2026x06x12-a.pdf
2026-06-12,057,ENRIQUILLO,BARAHONA,MINISTERIO DE AGRICULTURA,EMCV,33.0,24.0,0.0,https://indomet.gob.do/wp-content/uploads/2026/06/temperaturas-extremas-y-precipitaciones-2026x06x12-a.pdf
2026-06-12,058,GASPAR HERNÁNDEZ,ESPAILLAT,PROPIEDAD DEL EMPLEADO,EMCI,,,0.0,https://indomet.gob.do/wp-content/uploads/2026/06/temperaturas-extremas-y-precipitaciones-2026x06x12-a.pdf
2026-06-12,059,JIMANÍ,INDEPENDENCIA,MINISTERIO DE AGRICULTURA,EMCI,33.6,25.6,0.0,https://indomet.gob.do/wp-content/uploads/2026/06/temperaturas-extremas-y-precipitaciones-2026x06x12-a.pdf
2026-06-12,060,LAS CANAS (EMA),MONTE CRISTI,PROGRAMA MUNDIAL DE ALIMENTO,EMAP,30.6,22.8,0.0,https://indomet.gob.do/wp-content/uploads/2026/06/temperaturas-extremas-y-precipitaciones-2026x06x12-a.pdf
2026-06-12,061,MAO,VALVERDE,INDRHI / MINISTERIO DE AGRICULTURA,EMCV,,,0.0,https://indomet.gob.do/wp-content/uploads/2026/06/temperaturas-extremas-y-precipitaciones-2026x06x12-a.pdf
2026-06-12,062,MONCIÓN (EMA),SANTIAGO RODRÍGUEZ,PROGRAMA MUNDIAL DE ALIMENTO,EMAP,,,0.0,https://indomet.gob.do/wp-content/uploads/2026/06/temperaturas-extremas-y-precipitaciones-2026x06x12-a.pdf
2026-06-12,063,MONTE CRISTI,MONTE CRISTI,INDOMET,EMCI,35.0,23.8,0.0,https://indomet.gob.do/wp-content/uploads/2026/06/temperaturas-extremas-y-precipitaciones-2026x06x12-a.pdf
2026-06-12,064,LOS COCOS (EMA),BAHORUCO,PRIVADA,EMAP,,,0.0,https://indomet.gob.do/wp-content/uploads/2026/06/temperaturas-extremas-y-precipitaciones-2026x06x12-a.pdf
2026-06-12,065,OLIVARES,PEDERNALES,INDRHI,EMCI,,,0.0,https://indomet.gob.do/wp-content/uploads/2026/06/temperaturas-extremas-y-precipitaciones-2026x06x12-a.pdf
2026-06-12,066,OVIEDO,PEDERNALES,CLÍNICA RURAL OVIEDO,EMCI,33.5,25.0,0.0,https://indomet.gob.do/wp-content/uploads/2026/06/temperaturas-extremas-y-precipitaciones-2026x06x12-a.pdf
2026-06-12,067,PADRE LAS CASAS,AZUA,HOSP. NTRA. SRA. DEL CARMEN,EMCI,31.2,18.5,0.0,https://indomet.gob.do/wp-content/uploads/2026/06/temperaturas-extremas-y-precipitaciones-2026x06x12-a.pdf
2026-06-12,068,PALO ÍNDIO,PUERTO PLATA,MINISTERIO DE AGRICULTURA,EMCI,,,0.0,https://indomet.gob.do/wp-content/uploads/2026/06/temperaturas-extremas-y-precipitaciones-2026x06x12-a.pdf
2026-06-12,069,PEDERNALES,PEDERNALES,INDRHI,EMCI,,,0.0,https://indomet.gob.do/wp-content/uploads/2026/06/temperaturas-extremas-y-precipitaciones-2026x06x12-a.pdf
2026-06-12,070,PESCADERIA (EMA),BARAHONA,MINISTERIO DE AGRICULTURA,EMAP,,,0.0,https://indomet.gob.do/wp-content/uploads/2026/06/temperaturas-extremas-y-precipitaciones-2026x06x12-a.pdf
2026-06-12,071,RESTAURACIÓN,DAJABÓN,MINISTERIO DE AGRICULTURA,EMCI,30.5,16.5,0.0,https://indomet.gob.do/wp-content/uploads/2026/06/temperaturas-extremas-y-precipitaciones-2026x06x12-a.pdf
2026-06-12,072,RÍO SAN JUAN,MARÍA TRINIDAD SÁNCHEZ,HOSP. MPAL. DR. DESIDERIO ACOSTA,EMCV,32.3,24.6,0.0,https://indomet.gob.do/wp-content/uploads/2026/06/temperaturas-extremas-y-precipitaciones-2026x06x12-a.pdf
2026-06-12,073,VILLA ISABELA,PUERTO PLATA,MINISTERIO DE AGRICULTURA,EMCV,33.8,21.0,0.0,https://indomet.gob.do/wp-content/uploads/2026/06/temperaturas-extremas-y-precipitaciones-2026x06x12-a.pdf
2026-06-13,001,POLO,BARAHONA,INDOCAFE,EMCI,30.0,17.5,1.2,https://indomet.gob.do/wp-content/uploads/2026/06/temperaturas-extremas-y-precipitaciones-2026x06x13-a.pdf
2026-06-13,002,BELLA VISTA (EMA),DISTRITO NACIONAL,PRIVADA,EMAP,,,0.3,https://indomet.gob.do/wp-content/uploads/2026/06/temperaturas-extremas-y-precipitaciones-2026x06x13-a.pdf
2026-06-13,003,CONSTANZA (EMA),LA VEGA,PROGRAMA MUNDIAL DE ALIMENTO,EMAP,26.8,11.7,0.2,https://indomet.gob.do/wp-content/uploads/2026/06/temperaturas-extremas-y-precipitaciones-2026x06x13-a.pdf
2026-06-13,004,ENRIQUILLO,BARAHONA,MINISTERIO DE AGRICULTURA,EMCV,32.5,24.0,0.1,https://indomet.gob.do/wp-content/uploads/2026/06/temperaturas-extremas-y-precipitaciones-2026x06x13-a.pdf
2026-06-13,005,ALTAMIRA,PUERTO PLATA,HOSP. MPAL. DE ALTAMIRA,EMCI,35.0,21.0,0.0,https://indomet.gob.do/wp-content/uploads/2026/06/temperaturas-extremas-y-precipitaciones-2026x06x13-a.pdf
2026-06-13,006,ALTO BANDERA (EMA),LA VEGA,INTEC,EMAP,15.4,9.8,0.0,https://indomet.gob.do/wp-content/uploads/2026/06/temperaturas-extremas-y-precipitaciones-2026x06x13-a.pdf
2026-06-13,007,ANAMUYA (EMA),LA ALTAGRACIA,MINISTERIO DE AGRICULTURA,EMAP,33.7,24.7,0.0,https://indomet.gob.do/wp-content/uploads/2026/06/temperaturas-extremas-y-precipitaciones-2026x06x13-a.pdf
2026-06-13,008,ARPT. ARROYO BARRIL,SAMANÁ,INDOMET,EMCI,33.0,23.4,0.0,https://indomet.gob.do/wp-content/uploads/2026/06/temperaturas-extremas-y-precipitaciones-2026x06x13-a.pdf
2026-06-13,009,ARPT. DE LA ROMANA,LA ROMANA,INDOMET,EMCI,32.5,23.0,0.0,https://indomet.gob.do/wp-content/uploads/2026/06/temperaturas-extremas-y-precipitaciones-2026x06x13-a.pdf
2026-06-13,010,ARPT. DE LAS AMÉRICAS,SANTO DOMINGO,INDOMET,EMCI,32.3,23.0,0.0,https://indomet.gob.do/wp-content/uploads/2026/06/temperaturas-extremas-y-precipitaciones-2026x06x13-a.pdf
2026-06-13,011,ARPT. DE PUNTA CANA,LA ALTAGRACIA,INDOMET,EMCI,30.8,23.6,0.0,https://indomet.gob.do/wp-content/uploads/2026/06/temperaturas-extremas-y-precipitaciones-2026x06x13-a.pdf
2026-06-13,012,ARPT. DEL CIBAO,SANTIAGO,INDOMET,EMCI,35.0,22.0,0.0,https://indomet.gob.do/wp-content/uploads/2026/06/temperaturas-extremas-y-precipitaciones-2026x06x13-a.pdf
2026-06-13,013,ARPT. EL CATEY,SAMANÁ,INDOMET,EMCI,32.5,21.0,0.0,https://indomet.gob.do/wp-content/uploads/2026/06/temperaturas-extremas-y-precipitaciones-2026x06x13-a.pdf
2026-06-13,014,ARPT. GREGORIO LUPERÓN,PUERTO PLATA,INDOMET,EMCI,34.0,24.0,0.0,https://indomet.gob.do/wp-content/uploads/2026/06/temperaturas-extremas-y-precipitaciones-2026x06x13-a.pdf
2026-06-13,015,ARPT. LA ISABELA,SANTO DOMINGO,INDOMET,EMCI,32.8,22.6,0.0,https://indomet.gob.do/wp-content/uploads/2026/06/temperaturas-extremas-y-precipitaciones-2026x06x13-a.pdf
2026-06-13,016,ARPT. MARÍA MONTEZ,BARAHONA,INDOMET,EMCI,32.0,25.0,0.0,https://indomet.gob.do/wp-content/uploads/2026/06/temperaturas-extremas-y-precipitaciones-2026x06x13-a.pdf
2026-06-13,017,ARROYO LORO,SAN JUAN,IDIAF,EMCI,33.0,18.3,0.0,https://indomet.gob.do/wp-content/uploads/2026/06/temperaturas-extremas-y-precipitaciones-2026x06x13-a.pdf
2026-06-13,018,BANI (EMA),PERAVIA,MINISTERIO DE AGRICULTURA,EMAP,32.2,25.5,0.0,https://indomet.gob.do/wp-content/uploads/2026/06/temperaturas-extremas-y-precipitaciones-2026x06x13-a.pdf
2026-06-13,019,BAYAGUANA,MONTE PLATA,INDOMET,EMCI,33.2,23.4,0.0,https://indomet.gob.do/wp-content/uploads/2026/06/temperaturas-extremas-y-precipitaciones-2026x06x13-a.pdf
2026-06-13,020,BOCA DE MAO (EMA),VALVERDE,MINISTERIO DE AGRICULTURA,EMAP,36.3,22.9,0.0,https://indomet.gob.do/wp-content/uploads/2026/06/temperaturas-extremas-y-precipitaciones-2026x06x13-a.pdf
2026-06-13,021,BONAO,MONSEÑOR NOUEL,MINISTERIO DE AGRICULTURA,EMCV,,,0.0,https://indomet.gob.do/wp-content/uploads/2026/06/temperaturas-extremas-y-precipitaciones-2026x06x13-a.pdf
2026-06-13,022,CABRAL,BARAHONA,MINISTERIO DE AGRICULTURA,EMCV,33.2,23.0,0.0,https://indomet.gob.do/wp-content/uploads/2026/06/temperaturas-extremas-y-precipitaciones-2026x06x13-a.pdf
2026-06-13,023,CABRERA,MARÍA TRINIDAD SÁNCHEZ,ESCUELA ARÍSTIDES FIALLO CABRAL,EMCI,33.2,25.0,0.0,https://indomet.gob.do/wp-content/uploads/2026/06/temperaturas-extremas-y-precipitaciones-2026x06x13-a.pdf
2026-06-13,024,CENTRO DE LOS HEROES (EMA),DISTRITO NACIONAL,MINISTERIO DE ENERGIA Y MINA,EMAP,31.8,26.4,0.0,https://indomet.gob.do/wp-content/uploads/2026/06/temperaturas-extremas-y-precipitaciones-2026x06x13-a.pdf
2026-06-13,025,CONSTANZA,LA VEGA,MINISTERIO DE AGRICULTURA,EMCI,27.5,10.0,0.0,https://indomet.gob.do/wp-content/uploads/2026/06/temperaturas-extremas-y-precipitaciones-2026x06x13-a.pdf
2026-06-13,026,DAJABÓN,DAJABÓN,INSTITUTO POLITÉCNICO LOYOLA,EMCI,34.5,22.0,0.0,https://indomet.gob.do/wp-content/uploads/2026/06/temperaturas-extremas-y-precipitaciones-2026x06x13-a.pdf
2026-06-13,027,EL MILLON (EMA),DISTRITO NACIONAL,PRIVADA,EMAP,,,0.0,https://indomet.gob.do/wp-content/uploads/2026/06/temperaturas-extremas-y-precipitaciones-2026x06x13-a.pdf
2026-06-13,028,ELÍAS PIÑA,ELÍAS PIÑA,MINISTERIO DE AGRICULTURA,EMCV,,,0.0,https://indomet.gob.do/wp-content/uploads/2026/06/temperaturas-extremas-y-precipitaciones-2026x06x13-a.pdf
2026-06-13,029,ENSANCHE LA FE (EMA),DISTRITO NACIONAL,PRIVADA,EMAP,,,0.0,https://indomet.gob.do/wp-content/uploads/2026/06/temperaturas-extremas-y-precipitaciones-2026x06x13-a.pdf
2026-06-13,030,GASPAR HERNÁNDEZ,ESPAILLAT,PROPIEDAD DEL EMPLEADO,EMCI,,,0.0,https://indomet.gob.do/wp-content/uploads/2026/06/temperaturas-extremas-y-precipitaciones-2026x06x13-a.pdf
2026-06-13,031,GURABO,SANTIAGO,MINISTERIO DE AGRICULTURA,EMCV,,,0.0,https://indomet.gob.do/wp-content/uploads/2026/06/temperaturas-extremas-y-precipitaciones-2026x06x13-a.pdf
2026-06-13,032,HATO MAYOR,HATO MAYOR,MINISTERIO DE AGRICULTURA,EMCV,,,0.0,https://indomet.gob.do/wp-content/uploads/2026/06/temperaturas-extremas-y-precipitaciones-2026x06x13-a.pdf
2026-06-13,033,HONDO VALLE,ELÍAS PIÑA,MINISTERIO DE AGRICULTURA,EMCI,29.4,18.5,0.0,https://indomet.gob.do/wp-content/uploads/2026/06/temperaturas-extremas-y-precipitaciones-2026x06x13-a.pdf
2026-06-13,034,JARABACOA,LA VEGA,INDRHI / MARENA,EMCI,34.0,15.2,0.0,https://indomet.gob.do/wp-content/uploads/2026/06/temperaturas-extremas-y-precipitaciones-2026x06x13-a.pdf
2026-06-13,035,JARABACOA (EMA),LA VEGA,PROGRAMA MUNDIAL DE ALIMENTO,EMAP,32.3,17.6,0.0,https://indomet.gob.do/wp-content/uploads/2026/06/temperaturas-extremas-y-precipitaciones-2026x06x13-a.pdf
2026-06-13,036,JIMANÍ,INDEPENDENCIA,MINISTERIO DE AGRICULTURA,EMCI,35.2,25.6,0.0,https://indomet.gob.do/wp-content/uploads/2026/06/temperaturas-extremas-y-precipitaciones-2026x06x13-a.pdf
2026-06-13,037,LA AGUSTINA (EMA),DISTRITO NACIONAL,PRIVADA,EMAP,,,0.0,https://indomet.gob.do/wp-content/uploads/2026/06/temperaturas-extremas-y-precipitaciones-2026x06x13-a.pdf
2026-06-13,038,LA VEGA,LA VEGA,IATESA,EMCI,33.5,21.0,0.0,https://indomet.gob.do/wp-content/uploads/2026/06/temperaturas-extremas-y-precipitaciones-2026x06x13-a.pdf
2026-06-13,039,LA VICTORIA,SANTO DOMINGO,CUERPO DE BOMBEROS,EMCI,34.0,23.0,0.0,https://indomet.gob.do/wp-content/uploads/2026/06/temperaturas-extremas-y-precipitaciones-2026x06x13-a.pdf
2026-06-13,040,LAS CANAS (EMA),MONTE CRISTI,PROGRAMA MUNDIAL DE ALIMENTO,EMAP,31.9,23.8,0.0,https://indomet.gob.do/wp-content/uploads/2026/06/temperaturas-extremas-y-precipitaciones-2026x06x13-a.pdf
2026-06-13,041,LOS CACICAZGOS (EMA),DISTRITO NACIONAL,PRIVADA,EMAP,,,0.0,https://indomet.gob.do/wp-content/uploads/2026/06/temperaturas-extremas-y-precipitaciones-2026x06x13-a.pdf
2026-06-13,042,LOS COCOS (EMA),BAHORUCO,PRIVADA,EMAP,,,0.0,https://indomet.gob.do/wp-content/uploads/2026/06/temperaturas-extremas-y-precipitaciones-2026x06x13-a.pdf
2026-06-13,043,LOS LLANOS,SAN PEDRO DE MACORÍS,MINISTERIO DE AGRICULTURA,EMCI,33.5,22.5,0.0,https://indomet.gob.do/wp-content/uploads/2026/06/temperaturas-extremas-y-precipitaciones-2026x06x13-a.pdf
2026-06-13,044,LOS PRADOS (EMA),DISTRITO NACIONAL,PRIVADA,EMAP,,,0.0,https://indomet.gob.do/wp-content/uploads/2026/06/temperaturas-extremas-y-precipitaciones-2026x06x13-a.pdf
2026-06-13,045,MAO,VALVERDE,INDRHI / MINISTERIO DE AGRICULTURA,EMCV,,,0.0,https://indomet.gob.do/wp-content/uploads/2026/06/temperaturas-extremas-y-precipitaciones-2026x06x13-a.pdf
2026-06-13,046,MICHES (EMA),EL SEIBO,PRIVADA,EMAP,31.8,24.6,0.0,https://indomet.gob.do/wp-content/uploads/2026/06/temperaturas-extremas-y-precipitaciones-2026x06x13-a.pdf
2026-06-13,047,MONCIÓN (EMA),SANTIAGO RODRÍGUEZ,PROGRAMA MUNDIAL DE ALIMENTO,EMAP,33.2,19.9,0.0,https://indomet.gob.do/wp-content/uploads/2026/06/temperaturas-extremas-y-precipitaciones-2026x06x13-a.pdf
2026-06-13,048,MONTE CRISTI,MONTE CRISTI,INDOMET,EMCI,35.8,22.8,0.0,https://indomet.gob.do/wp-content/uploads/2026/06/temperaturas-extremas-y-precipitaciones-2026x06x13-a.pdf
2026-06-13,049,NAVARRETE,SANTIAGO,MINISTERIO DE AGRICULTURA,EMCV,,,0.0,https://indomet.gob.do/wp-content/uploads/2026/06/temperaturas-extremas-y-precipitaciones-2026x06x13-a.pdf
2026-06-13,050,OLIVARES,PEDERNALES,INDRHI,EMCI,,,0.0,https://indomet.gob.do/wp-content/uploads/2026/06/temperaturas-extremas-y-precipitaciones-2026x06x13-a.pdf
2026-06-13,051,OVIEDO,PEDERNALES,CLÍNICA RURAL OVIEDO,EMCI,33.0,25.0,0.0,https://indomet.gob.do/wp-content/uploads/2026/06/temperaturas-extremas-y-precipitaciones-2026x06x13-a.pdf
2026-06-13,052,PADRE LAS CASAS,AZUA,HOSP. NTRA. SRA. DEL CARMEN,EMCI,32.5,18.0,0.0,https://indomet.gob.do/wp-content/uploads/2026/06/temperaturas-extremas-y-precipitaciones-2026x06x13-a.pdf
2026-06-13,053,PALO ÍNDIO,PUERTO PLATA,MINISTERIO DE AGRICULTURA,EMCI,,,0.0,https://indomet.gob.do/wp-content/uploads/2026/06/temperaturas-extremas-y-precipitaciones-2026x06x13-a.pdf
2026-06-13,054,PEDERNALES,PEDERNALES,INDRHI,EMCI,,,0.0,https://indomet.gob.do/wp-content/uploads/2026/06/temperaturas-extremas-y-precipitaciones-2026x06x13-a.pdf
2026-06-13,055,PERALTA,AZUA,HOSP. MPAL. DE PERALTA,EMCI,32.0,17.0,0.0,https://indomet.gob.do/wp-content/uploads/2026/06/temperaturas-extremas-y-precipitaciones-2026x06x13-a.pdf
2026-06-13,056,PONTÓN ABAJO (EMA),LA VEGA,MINISTERIO DE AGRICULTURA,EMAP,34.6,21.9,0.0,https://indomet.gob.do/wp-content/uploads/2026/06/temperaturas-extremas-y-precipitaciones-2026x06x13-a.pdf
2026-06-13,057,PRESA DE TAVERAS (EMA),LA VEGA,PROGRAMA MUNDIAL DE ALIMENTO,EMAP,31.2,20.6,0.0,https://indomet.gob.do/wp-content/uploads/2026/06/temperaturas-extremas-y-precipitaciones-2026x06x13-a.pdf
2026-06-13,058,PROLONGACION 27 DE FEBRERO,DISTRITO NACIONAL,PRIVADA,EMAP,,,0.0,https://indomet.gob.do/wp-content/uploads/2026/06/temperaturas-extremas-y-precipitaciones-2026x06x13-a.pdf
2026-06-13,059,RANCHO ARRIBA,SAN JOSÉ DE OCOA,CENTRO TECNOLÓGICO COMUNITARIO,EMCI,30.8,16.6,0.0,https://indomet.gob.do/wp-content/uploads/2026/06/temperaturas-extremas-y-precipitaciones-2026x06x13-a.pdf
2026-06-13,060,RESTAURACIÓN,DAJABÓN,MINISTERIO DE AGRICULTURA,EMCI,31.7,17.8,0.0,https://indomet.gob.do/wp-content/uploads/2026/06/temperaturas-extremas-y-precipitaciones-2026x06x13-a.pdf
2026-06-13,061,RÍO SAN JUAN,MARÍA TRINIDAD SÁNCHEZ,HOSP. MPAL. DR. DESIDERIO ACOSTA,EMCV,35.2,25.0,0.0,https://indomet.gob.do/wp-content/uploads/2026/06/temperaturas-extremas-y-precipitaciones-2026x06x13-a.pdf
2026-06-13,062,SABANA DE LA MAR,HATO MAYOR,INDOMET,EMCI,31.0,22.6,0.0,https://indomet.gob.do/wp-content/uploads/2026/06/temperaturas-extremas-y-precipitaciones-2026x06x13-a.pdf
2026-06-13,063,SABANA GRANDE DE BOYÁ,MONTE PLATA,MINISTERIO DE AGRICULTURA,EMCV,,,0.0,https://indomet.gob.do/wp-content/uploads/2026/06/temperaturas-extremas-y-precipitaciones-2026x06x13-a.pdf
2026-06-13,064,SABANETA (EMA),SANTIAGO RODRÍGUEZ,PROGRAMA MUNDIAL DE ALIMENTO,EMAP,37.6,22.2,0.0,https://indomet.gob.do/wp-content/uploads/2026/06/temperaturas-extremas-y-precipitaciones-2026x06x13-a.pdf
2026-06-13,065,SALCEDO,HERMANAS MIRABAL,PROPIEDAD DEL EMPLEADO,EMCI,,,0.0,https://indomet.gob.do/wp-content/uploads/2026/06/temperaturas-extremas-y-precipitaciones-2026x06x13-a.pdf
2026-06-13,066,SAMANÁ,SAMANÁ,COMANDANCIA DE PUERTO DE SAMANÁ,EMCI,34.0,20.5,0.0,https://indomet.gob.do/wp-content/uploads/2026/06/temperaturas-extremas-y-precipitaciones-2026x06x13-a.pdf
2026-06-13,067,SAN CRISTÓBAL,SAN CRISTÓBAL,INSTITUTO POLITÉCNICO LOYOLA,EMCI,32.0,21.0,0.0,https://indomet.gob.do/wp-content/uploads/2026/06/temperaturas-extremas-y-precipitaciones-2026x06x13-a.pdf
2026-06-13,068,SAN JOSÉ DE OCOA,SAN JOSÉ DE OCOA,HOSP. SAN JOSÉ DE OCOA,EMCI,32.7,20.5,0.0,https://indomet.gob.do/wp-content/uploads/2026/06/temperaturas-extremas-y-precipitaciones-2026x06x13-a.pdf
2026-06-13,069,SAN RAFAEL DEL YUMA,LA ALTAGRACIA,MINISTERIO DE AGRICULTURA,EMCI,32.6,23.2,0.0,https://indomet.gob.do/wp-content/uploads/2026/06/temperaturas-extremas-y-precipitaciones-2026x06x13-a.pdf
2026-06-13,070,SÁNCHEZ,SAMANÁ,MINISTERIO DE AGRICULTURA,EMCI,34.1,,0.0,https://indomet.gob.do/wp-content/uploads/2026/06/temperaturas-extremas-y-precipitaciones-2026x06x13-a.pdf
2026-06-13,071,SANTIAGO RODRÍGUEZ,SANTIAGO RODRÍGUEZ,INDOMET,EMCI,36.5,23.0,0.0,https://indomet.gob.do/wp-content/uploads/2026/06/temperaturas-extremas-y-precipitaciones-2026x06x13-a.pdf
2026-06-13,072,SANTO DOMINGO ESTE,SANTO DOMINGO,INDOMET,EMCI,32.0,25.5,0.0,https://indomet.gob.do/wp-content/uploads/2026/06/temperaturas-extremas-y-precipitaciones-2026x06x13-a.pdf
2026-06-13,073,TÁBARA ABAJO,AZUA,INDRHI,EMCI,33.5,20.0,0.0,https://indomet.gob.do/wp-content/uploads/2026/06/temperaturas-extremas-y-precipitaciones-2026x06x13-a.pdf
2026-06-13,074,VILLA ALTAGRACIA,SAN CRISTÓBAL,ESCUELA JAVIER ANGULO GURIDI,EMCI,,,0.0,https://indomet.gob.do/wp-content/uploads/2026/06/temperaturas-extremas-y-precipitaciones-2026x06x13-a.pdf
2026-06-13,075,VILLA GONZALES,SANTIAGO,MINISTERIO DE AGRICULTURA,EMCI,,,0.0,https://indomet.gob.do/wp-content/uploads/2026/06/temperaturas-extremas-y-precipitaciones-2026x06x13-a.pdf
2026-06-13,076,VILLA ISABELA,PUERTO PLATA,MINISTERIO DE AGRICULTURA,EMCV,36.0,22.2,0.0,https://indomet.gob.do/wp-content/uploads/2026/06/temperaturas-extremas-y-precipitaciones-2026x06x13-a.pdf
2026-06-14,001,ELÍAS PIÑA,ELÍAS PIÑA,MINISTERIO DE AGRICULTURA,EMCV,,,5.8,https://indomet.gob.do/wp-content/uploads/2026/06/temperaturas-extremas-y-precipitaciones-2026x06x14-a.pdf
2026-06-14,002,TAVERA,SANTIAGO,INDRHI,EMCI,,,4.8,https://indomet.gob.do/wp-content/uploads/2026/06/temperaturas-extremas-y-precipitaciones-2026x06x14-a.pdf
2026-06-14,003,POLO,BARAHONA,INDOCAFE,EMCI,30.5,17.5,3.2,https://indomet.gob.do/wp-content/uploads/2026/06/temperaturas-extremas-y-precipitaciones-2026x06x14-a.pdf
2026-06-14,004,SAN RAFAEL DEL YUMA,LA ALTAGRACIA,MINISTERIO DE AGRICULTURA,EMCI,34.9,23.1,2.1,https://indomet.gob.do/wp-content/uploads/2026/06/temperaturas-extremas-y-precipitaciones-2026x06x14-a.pdf
2026-06-14,005,SAMANÁ,SAMANÁ,COMANDANCIA DE PUERTO DE SAMANÁ,EMCI,32.9,18.8,1.2,https://indomet.gob.do/wp-content/uploads/2026/06/temperaturas-extremas-y-precipitaciones-2026x06x14-a.pdf
2026-06-14,006,ARPT. DE PUNTA CANA,LA ALTAGRACIA,INDOMET,EMCI,30.7,23.1,0.6,https://indomet.gob.do/wp-content/uploads/2026/06/temperaturas-extremas-y-precipitaciones-2026x06x14-a.pdf
2026-06-14,007,ARPT. DEL CIBAO,SANTIAGO,INDOMET,EMCI,35.2,22.4,0.2,https://indomet.gob.do/wp-content/uploads/2026/06/temperaturas-extremas-y-precipitaciones-2026x06x14-a.pdf
2026-06-14,008,ARPT. EL CATEY,SAMANÁ,INDOMET,EMCI,34.0,23.9,0.1,https://indomet.gob.do/wp-content/uploads/2026/06/temperaturas-extremas-y-precipitaciones-2026x06x14-a.pdf
2026-06-14,009,CABRAL,BARAHONA,MINISTERIO DE AGRICULTURA,EMCV,34.2,24.8,0.1,https://indomet.gob.do/wp-content/uploads/2026/06/temperaturas-extremas-y-precipitaciones-2026x06x14-a.pdf
2026-06-14,010,CABRERA,MARÍA TRINIDAD SÁNCHEZ,ESCUELA ARÍSTIDES FIALLO CABRAL,EMCI,33.0,27.5,0.1,https://indomet.gob.do/wp-content/uploads/2026/06/temperaturas-extremas-y-precipitaciones-2026x06x14-a.pdf
2026-06-14,011,HATO MAYOR,HATO MAYOR,MINISTERIO DE AGRICULTURA,EMCV,,,0.1,https://indomet.gob.do/wp-content/uploads/2026/06/temperaturas-extremas-y-precipitaciones-2026x06x14-a.pdf
2026-06-14,012,JARABACOA,LA VEGA,INDRHI / MARENA,EMCI,34.2,16.2,0.1,https://indomet.gob.do/wp-content/uploads/2026/06/temperaturas-extremas-y-precipitaciones-2026x06x14-a.pdf
2026-06-14,013,SAN FRANCISCO DE MACORÍS,DUARTE,San Francisco de Macorís (UASD),EMCI,25.8,22.9,0.1,https://indomet.gob.do/wp-content/uploads/2026/06/temperaturas-extremas-y-precipitaciones-2026x06x14-a.pdf
2026-06-14,014,ALTAMIRA,PUERTO PLATA,HOSP. MPAL. DE ALTAMIRA,EMCI,36.4,21.0,0.0,https://indomet.gob.do/wp-content/uploads/2026/06/temperaturas-extremas-y-precipitaciones-2026x06x14-a.pdf
2026-06-14,015,ALTO BANDERA (EMA),LA VEGA,INTEC,EMAP,15.8,8.1,0.0,https://indomet.gob.do/wp-content/uploads/2026/06/temperaturas-extremas-y-precipitaciones-2026x06x14-a.pdf
2026-06-14,016,ANAMUYA (EMA),LA ALTAGRACIA,MINISTERIO DE AGRICULTURA,EMAP,33.7,24.6,0.0,https://indomet.gob.do/wp-content/uploads/2026/06/temperaturas-extremas-y-precipitaciones-2026x06x14-a.pdf
2026-06-14,017,ARPT. ARROYO BARRIL,SAMANÁ,INDOMET,EMCI,33.5,24.5,0.0,https://indomet.gob.do/wp-content/uploads/2026/06/temperaturas-extremas-y-precipitaciones-2026x06x14-a.pdf
2026-06-14,018,ARPT. DE LA ROMANA,LA ROMANA,INDOMET,EMCI,33.6,22.0,0.0,https://indomet.gob.do/wp-content/uploads/2026/06/temperaturas-extremas-y-precipitaciones-2026x06x14-a.pdf
2026-06-14,019,ARPT. DE LAS AMÉRICAS,SANTO DOMINGO,INDOMET,EMCI,33.0,23.4,0.0,https://indomet.gob.do/wp-content/uploads/2026/06/temperaturas-extremas-y-precipitaciones-2026x06x14-a.pdf
2026-06-14,020,ARPT. GREGORIO LUPERÓN,PUERTO PLATA,INDOMET,EMCI,33.2,23.0,0.0,https://indomet.gob.do/wp-content/uploads/2026/06/temperaturas-extremas-y-precipitaciones-2026x06x14-a.pdf
2026-06-14,021,ARPT. LA ISABELA,SANTO DOMINGO,INDOMET,EMCI,33.8,21.5,0.0,https://indomet.gob.do/wp-content/uploads/2026/06/temperaturas-extremas-y-precipitaciones-2026x06x14-a.pdf
2026-06-14,022,ARPT. MARÍA MONTEZ,BARAHONA,INDOMET,EMCI,33.1,23.5,0.0,https://indomet.gob.do/wp-content/uploads/2026/06/temperaturas-extremas-y-precipitaciones-2026x06x14-a.pdf
2026-06-14,023,BANI (EMA),PERAVIA,MINISTERIO DE AGRICULTURA,EMAP,33.0,,0.0,https://indomet.gob.do/wp-content/uploads/2026/06/temperaturas-extremas-y-precipitaciones-2026x06x14-a.pdf
2026-06-14,024,BAYAGUANA,MONTE PLATA,INDOMET,EMCI,33.8,22.0,0.0,https://indomet.gob.do/wp-content/uploads/2026/06/temperaturas-extremas-y-precipitaciones-2026x06x14-a.pdf
2026-06-14,025,BOCA DE MAO (EMA),VALVERDE,MINISTERIO DE AGRICULTURA,EMAP,36.6,24.2,0.0,https://indomet.gob.do/wp-content/uploads/2026/06/temperaturas-extremas-y-precipitaciones-2026x06x14-a.pdf
2026-06-14,026,CENTRO DE LOS HEROES (EMA),DISTRITO NACIONAL,MINISTERIO DE ENERGIA Y MINA,EMAP,32.2,26.7,0.0,https://indomet.gob.do/wp-content/uploads/2026/06/temperaturas-extremas-y-precipitaciones-2026x06x14-a.pdf
2026-06-14,027,CONSTANZA (EMA),LA VEGA,PROGRAMA MUNDIAL DE ALIMENTO,EMAP,27.4,13.0,0.0,https://indomet.gob.do/wp-content/uploads/2026/06/temperaturas-extremas-y-precipitaciones-2026x06x14-a.pdf
2026-06-14,028,DAJABÓN,DAJABÓN,INSTITUTO POLITÉCNICO LOYOLA,EMCI,36.6,23.1,0.0,https://indomet.gob.do/wp-content/uploads/2026/06/temperaturas-extremas-y-precipitaciones-2026x06x14-a.pdf
2026-06-14,029,EL CERCADO,SAN JUAN,MINISTERIO DE AGRICULTURA,EMCV,,,0.0,https://indomet.gob.do/wp-content/uploads/2026/06/temperaturas-extremas-y-precipitaciones-2026x06x14-a.pdf
2026-06-14,030,EL MILLON (EMA),DISTRITO NACIONAL,PRIVADA,EMAP,,,0.0,https://indomet.gob.do/wp-content/uploads/2026/06/temperaturas-extremas-y-precipitaciones-2026x06x14-a.pdf
2026-06-14,031,EL SEIBO,EL SEIBO,MINISTERIO DE AGRICULTURA,EMCV,,,0.0,https://indomet.gob.do/wp-content/uploads/2026/06/temperaturas-extremas-y-precipitaciones-2026x06x14-a.pdf
2026-06-14,032,ENRIQUILLO,BARAHONA,MINISTERIO DE AGRICULTURA,EMCV,32.7,24.0,0.0,https://indomet.gob.do/wp-content/uploads/2026/06/temperaturas-extremas-y-precipitaciones-2026x06x14-a.pdf
2026-06-14,033,ESCONDIDO,PERAVIA,MINISTERIO DE AGRICULTURA,EMCV,33.0,26.0,0.0,https://indomet.gob.do/wp-content/uploads/2026/06/temperaturas-extremas-y-precipitaciones-2026x06x14-a.pdf
2026-06-14,034,GASPAR HERNÁNDEZ,ESPAILLAT,PROPIEDAD DEL EMPLEADO,EMCI,,,0.0,https://indomet.gob.do/wp-content/uploads/2026/06/temperaturas-extremas-y-precipitaciones-2026x06x14-a.pdf
2026-06-14,035,JARDÍN BOTÁNICO NACIONAL,DISTRITO NACIONAL,JARDÍN BOTÁNICO NACIONAL,EMCV,33.1,22.6,0.0,https://indomet.gob.do/wp-content/uploads/2026/06/temperaturas-extremas-y-precipitaciones-2026x06x14-a.pdf
2026-06-14,036,JIMANÍ,INDEPENDENCIA,MINISTERIO DE AGRICULTURA,EMCI,36.8,25.4,0.0,https://indomet.gob.do/wp-content/uploads/2026/06/temperaturas-extremas-y-precipitaciones-2026x06x14-a.pdf
2026-06-14,037,JUMA BEJUCAL,MONSEÑOR NOUEL,IDIAF,EMCV,,,0.0,https://indomet.gob.do/wp-content/uploads/2026/06/temperaturas-extremas-y-precipitaciones-2026x06x14-a.pdf
2026-06-14,038,LA AGUSTINA (EMA),DISTRITO NACIONAL,PRIVADA,EMAP,33.6,5.2,0.0,https://indomet.gob.do/wp-content/uploads/2026/06/temperaturas-extremas-y-precipitaciones-2026x06x14-a.pdf
2026-06-14,039,LA VEGA,LA VEGA,IATESA,EMCI,34.0,23.0,0.0,https://indomet.gob.do/wp-content/uploads/2026/06/temperaturas-extremas-y-precipitaciones-2026x06x14-a.pdf
2026-06-14,040,LA VICTORIA,SANTO DOMINGO,CUERPO DE BOMBEROS,EMCI,35.1,23.8,0.0,https://indomet.gob.do/wp-content/uploads/2026/06/temperaturas-extremas-y-precipitaciones-2026x06x14-a.pdf
2026-06-14,041,LAS MATAS DE FARFÁN,SAN JUAN,MINISTERIO DE AGRICULTURA,EMCV,,,0.0,https://indomet.gob.do/wp-content/uploads/2026/06/temperaturas-extremas-y-precipitaciones-2026x06x14-a.pdf
2026-06-14,042,LOS CACICAZGOS (EMA),DISTRITO NACIONAL,PRIVADA,EMAP,,,0.0,https://indomet.gob.do/wp-content/uploads/2026/06/temperaturas-extremas-y-precipitaciones-2026x06x14-a.pdf
2026-06-14,043,LOS LLANOS,SAN PEDRO DE MACORÍS,MINISTERIO DE AGRICULTURA,EMCI,35.0,23.5,0.0,https://indomet.gob.do/wp-content/uploads/2026/06/temperaturas-extremas-y-precipitaciones-2026x06x14-a.pdf
2026-06-14,044,MAO,VALVERDE,INDRHI / MINISTERIO DE AGRICULTURA,EMCV,,,0.0,https://indomet.gob.do/wp-content/uploads/2026/06/temperaturas-extremas-y-precipitaciones-2026x06x14-a.pdf
2026-06-14,045,MICHES (EMA),EL SEIBO,PRIVADA,EMAP,32.2,23.9,0.0,https://indomet.gob.do/wp-content/uploads/2026/06/temperaturas-extremas-y-precipitaciones-2026x06x14-a.pdf
2026-06-14,046,MONCIÓN (EMA),SANTIAGO RODRÍGUEZ,PROGRAMA MUNDIAL DE ALIMENTO,EMAP,33.2,20.4,0.0,https://indomet.gob.do/wp-content/uploads/2026/06/temperaturas-extremas-y-precipitaciones-2026x06x14-a.pdf
2026-06-14,047,MONTE CRISTI,MONTE CRISTI,INDOMET,EMCI,35.4,24.7,0.0,https://indomet.gob.do/wp-content/uploads/2026/06/temperaturas-extremas-y-precipitaciones-2026x06x14-a.pdf
2026-06-14,048,NAVARRETE,SANTIAGO,MINISTERIO DE AGRICULTURA,EMCV,,,0.0,https://indomet.gob.do/wp-content/uploads/2026/06/temperaturas-extremas-y-precipitaciones-2026x06x14-a.pdf
2026-06-14,049,LOS COCOS (EMA),BAHORUCO,PRIVADA,EMAP,,,0.0,https://indomet.gob.do/wp-content/uploads/2026/06/temperaturas-extremas-y-precipitaciones-2026x06x14-a.pdf
2026-06-14,050,OVIEDO,PEDERNALES,CLÍNICA RURAL OVIEDO,EMCI,32.5,23.0,0.0,https://indomet.gob.do/wp-content/uploads/2026/06/temperaturas-extremas-y-precipitaciones-2026x06x14-a.pdf
2026-06-14,051,PADRE LAS CASAS,AZUA,HOSP. NTRA. SRA. DEL CARMEN,EMCI,33.8,18.0,0.0,https://indomet.gob.do/wp-content/uploads/2026/06/temperaturas-extremas-y-precipitaciones-2026x06x14-a.pdf
2026-06-14,052,PERALTA,AZUA,HOSP. MPAL. DE PERALTA,EMCI,34.0,17.5,0.0,https://indomet.gob.do/wp-content/uploads/2026/06/temperaturas-extremas-y-precipitaciones-2026x06x14-a.pdf
2026-06-14,053,PESCADERIA (EMA),BARAHONA,MINISTERIO DE AGRICULTURA,EMAP,,,0.0,https://indomet.gob.do/wp-content/uploads/2026/06/temperaturas-extremas-y-precipitaciones-2026x06x14-a.pdf
2026-06-14,054,PONTÓN ABAJO (EMA),LA VEGA,MINISTERIO DE AGRICULTURA,EMAP,36.1,24.8,0.0,https://indomet.gob.do/wp-content/uploads/2026/06/temperaturas-extremas-y-precipitaciones-2026x06x14-a.pdf
2026-06-14,055,PRESA DE TAVERAS (EMA),LA VEGA,PROGRAMA MUNDIAL DE ALIMENTO,EMAP,32.3,22.3,0.0,https://indomet.gob.do/wp-content/uploads/2026/06/temperaturas-extremas-y-precipitaciones-2026x06x14-a.pdf
2026-06-14,056,PROLONGACION 27 DE FEBRERO,DISTRITO NACIONAL,PRIVADA,EMAP,,,0.0,https://indomet.gob.do/wp-content/uploads/2026/06/temperaturas-extremas-y-precipitaciones-2026x06x14-a.pdf
2026-06-14,057,RESTAURACIÓN,DAJABÓN,MINISTERIO DE AGRICULTURA,EMCI,31.9,18.1,0.0,https://indomet.gob.do/wp-content/uploads/2026/06/temperaturas-extremas-y-precipitaciones-2026x06x14-a.pdf
2026-06-14,058,RÍO SAN JUAN,MARÍA TRINIDAD SÁNCHEZ,HOSP. MPAL. DR. DESIDERIO ACOSTA,EMCV,34.4,25.5,0.0,https://indomet.gob.do/wp-content/uploads/2026/06/temperaturas-extremas-y-precipitaciones-2026x06x14-a.pdf
2026-06-14,059,SABANA DE LA MAR,HATO MAYOR,INDOMET,EMCI,31.8,22.4,0.0,https://indomet.gob.do/wp-content/uploads/2026/06/temperaturas-extremas-y-precipitaciones-2026x06x14-a.pdf
2026-06-14,060,SABANA GRANDE DE BOYÁ,MONTE PLATA,MINISTERIO DE AGRICULTURA,EMCV,,,0.0,https://indomet.gob.do/wp-content/uploads/2026/06/temperaturas-extremas-y-precipitaciones-2026x06x14-a.pdf
2026-06-14,061,SABANETA (EMA),SANTIAGO RODRÍGUEZ,PROGRAMA MUNDIAL DE ALIMENTO,EMAP,36.6,22.8,0.0,https://indomet.gob.do/wp-content/uploads/2026/06/temperaturas-extremas-y-precipitaciones-2026x06x14-a.pdf
2026-06-14,062,SALCEDO,HERMANAS MIRABAL,PROPIEDAD DEL EMPLEADO,EMCI,,,0.0,https://indomet.gob.do/wp-content/uploads/2026/06/temperaturas-extremas-y-precipitaciones-2026x06x14-a.pdf
2026-06-14,063,SAN CRISTÓBAL,SAN CRISTÓBAL,INSTITUTO POLITÉCNICO LOYOLA,EMCI,32.2,23.0,0.0,https://indomet.gob.do/wp-content/uploads/2026/06/temperaturas-extremas-y-precipitaciones-2026x06x14-a.pdf
2026-06-14,064,SAN JOSÉ DE OCOA,SAN JOSÉ DE OCOA,HOSP. SAN JOSÉ DE OCOA,EMCI,33.5,21.9,0.0,https://indomet.gob.do/wp-content/uploads/2026/06/temperaturas-extremas-y-precipitaciones-2026x06x14-a.pdf
2026-06-14,065,SÁNCHEZ,SAMANÁ,MINISTERIO DE AGRICULTURA,EMCI,33.7,,0.0,https://indomet.gob.do/wp-content/uploads/2026/06/temperaturas-extremas-y-precipitaciones-2026x06x14-a.pdf
2026-06-14,066,SANTIAGO (CENTRO),SANTIAGO,HUACALITO,EMCI,,,0.0,https://indomet.gob.do/wp-content/uploads/2026/06/temperaturas-extremas-y-precipitaciones-2026x06x14-a.pdf
2026-06-14,067,SANTIAGO RODRÍGUEZ,SANTIAGO RODRÍGUEZ,INDOMET,EMCI,36.0,23.5,0.0,https://indomet.gob.do/wp-content/uploads/2026/06/temperaturas-extremas-y-precipitaciones-2026x06x14-a.pdf
2026-06-14,068,SANTO DOMINGO ESTE,SANTO DOMINGO,INDOMET,EMCI,34.0,29.2,0.0,https://indomet.gob.do/wp-content/uploads/2026/06/temperaturas-extremas-y-precipitaciones-2026x06x14-a.pdf
2026-06-14,069,TÁBARA ABAJO,AZUA,INDRHI,EMCI,32.5,21.0,0.0,https://indomet.gob.do/wp-content/uploads/2026/06/temperaturas-extremas-y-precipitaciones-2026x06x14-a.pdf
2026-06-14,070,TAMBORIL,SANTIAGO,MINISTERIO DE AGRICULTURA,EMCV,,,0.0,https://indomet.gob.do/wp-content/uploads/2026/06/temperaturas-extremas-y-precipitaciones-2026x06x14-a.pdf
2026-06-14,071,VILLA ALTAGRACIA,SAN CRISTÓBAL,ESCUELA JAVIER ANGULO GURIDI,EMCI,,,0.0,https://indomet.gob.do/wp-content/uploads/2026/06/temperaturas-extremas-y-precipitaciones-2026x06x14-a.pdf
2026-06-14,072,VILLA GONZALE (EMA),SANTIAGO,IGLESIA,EMAI,,,0.0,https://indomet.gob.do/wp-content/uploads/2026/06/temperaturas-extremas-y-precipitaciones-2026x06x14-a.pdf
2026-06-14,073,VILLA ISABELA,PUERTO PLATA,MINISTERIO DE AGRICULTURA,EMCV,33.8,22.0,0.0,https://indomet.gob.do/wp-content/uploads/2026/06/temperaturas-extremas-y-precipitaciones-2026x06x14-a.pdf
2026-06-14,074,VILLA RIVA,DUARTE,HOSP. MPAL. ALICIA DE LEGENDRE,EMCI,32.0,22.0,0.0,https://indomet.gob.do/wp-content/uploads/2026/06/temperaturas-extremas-y-precipitaciones-2026x06x14-a.pdf
2026-06-14,075,JARABACOA (EMA),LA VEGA,PROGRAMA MUNDIAL DE ALIMENTO,EMAP,32.3,18.4,0.0,https://indomet.gob.do/wp-content/uploads/2026/06/temperaturas-extremas-y-precipitaciones-2026x06x14-a.pdf
2026-06-14,076,LAS CANAS (EMA),MONTE CRISTI,PROGRAMA MUNDIAL DE ALIMENTO,EMAP,31.9,23.9,0.0,https://indomet.gob.do/wp-content/uploads/2026/06/temperaturas-extremas-y-precipitaciones-2026x06x14-a.pdf
2026-06-14,077,COTUÍ,SÁNCHEZ RAMÍREZ,HOSP. INMACULADA CONCEPCIÓN,EMCV,,,0.0,https://indomet.gob.do/wp-content/uploads/2026/06/temperaturas-extremas-y-precipitaciones-2026x06x14-a.pdf
2026-06-14,078,LOS JENGIBRES,NAGUA,INDRHI,EMCI,,,0.0,https://indomet.gob.do/wp-content/uploads/2026/06/temperaturas-extremas-y-precipitaciones-2026x06x14-a.pdf
2026-06-14,079,PASO AL MEDIO,SAN PEDRO DE MACORÍS,INDRHI,EMCI,,,0.0,https://indomet.gob.do/wp-content/uploads/2026/06/temperaturas-extremas-y-precipitaciones-2026x06x14-a.pdf
2026-06-15,001,POLO,BARAHONA,INDOCAFE,EMCI,28.5,17.5,10.9,https://indomet.gob.do/wp-content/uploads/2026/06/temperaturas-extremas-y-precipitaciones-2026x06x15-a.pdf
2026-06-15,002,ENRIQUILLO,BARAHONA,MINISTERIO DE AGRICULTURA,EMCV,32.3,21.5,9.8,https://indomet.gob.do/wp-content/uploads/2026/06/temperaturas-extremas-y-precipitaciones-2026x06x15-a.pdf
2026-06-15,003,OVIEDO,PEDERNALES,CLÍNICA RURAL OVIEDO,EMCI,33.5,25.0,3.0,https://indomet.gob.do/wp-content/uploads/2026/06/temperaturas-extremas-y-precipitaciones-2026x06x15-a.pdf
2026-06-15,004,ARPT. MARÍA MONTEZ,BARAHONA,INDOMET,EMCI,31.7,25.1,2.6,https://indomet.gob.do/wp-content/uploads/2026/06/temperaturas-extremas-y-precipitaciones-2026x06x15-a.pdf
2026-06-15,005,ESCONDIDO,PERAVIA,MINISTERIO DE AGRICULTURA,EMCV,31.0,24.0,0.8,https://indomet.gob.do/wp-content/uploads/2026/06/temperaturas-extremas-y-precipitaciones-2026x06x15-a.pdf
2026-06-15,006,SAN RAFAEL DEL YUMA,LA ALTAGRACIA,MINISTERIO DE AGRICULTURA,EMCI,33.7,23.2,0.3,https://indomet.gob.do/wp-content/uploads/2026/06/temperaturas-extremas-y-precipitaciones-2026x06x15-a.pdf
2026-06-15,007,CABRAL,BARAHONA,MINISTERIO DE AGRICULTURA,EMCV,32.4,24.3,0.1,https://indomet.gob.do/wp-content/uploads/2026/06/temperaturas-extremas-y-precipitaciones-2026x06x15-a.pdf
2026-06-15,008,ELÍAS PIÑA,ELÍAS PIÑA,MINISTERIO DE AGRICULTURA,EMCV,,,0.1,https://indomet.gob.do/wp-content/uploads/2026/06/temperaturas-extremas-y-precipitaciones-2026x06x15-a.pdf
2026-06-15,009,VILLA ALTAGRACIA,SAN CRISTÓBAL,ESCUELA JAVIER ANGULO GURIDI,EMCI,,,0.1,https://indomet.gob.do/wp-content/uploads/2026/06/temperaturas-extremas-y-precipitaciones-2026x06x15-a.pdf
2026-06-15,010,ALTAMIRA,PUERTO PLATA,HOSP. MPAL. DE ALTAMIRA,EMCI,34.7,21.1,0.0,https://indomet.gob.do/wp-content/uploads/2026/06/temperaturas-extremas-y-precipitaciones-2026x06x15-a.pdf
2026-06-15,011,ALTO BANDERA (EMA),LA VEGA,INTEC,EMAP,18.4,9.6,0.0,https://indomet.gob.do/wp-content/uploads/2026/06/temperaturas-extremas-y-precipitaciones-2026x06x15-a.pdf
2026-06-15,012,ANAMUYA (EMA),LA ALTAGRACIA,MINISTERIO DE AGRICULTURA,EMAP,33.1,24.3,0.0,https://indomet.gob.do/wp-content/uploads/2026/06/temperaturas-extremas-y-precipitaciones-2026x06x15-a.pdf
2026-06-15,013,ARPT. ARROYO BARRIL,SAMANÁ,INDOMET,EMCI,32.5,24.5,0.0,https://indomet.gob.do/wp-content/uploads/2026/06/temperaturas-extremas-y-precipitaciones-2026x06x15-a.pdf
2026-06-15,014,ARPT. DE LA ROMANA,LA ROMANA,INDOMET,EMCI,33.6,22.0,0.0,https://indomet.gob.do/wp-content/uploads/2026/06/temperaturas-extremas-y-precipitaciones-2026x06x15-a.pdf
2026-06-15,015,ARPT. DE LAS AMÉRICAS,SANTO DOMINGO,INDOMET,EMCI,32.0,24.7,0.0,https://indomet.gob.do/wp-content/uploads/2026/06/temperaturas-extremas-y-precipitaciones-2026x06x15-a.pdf
2026-06-15,016,ARPT. DE PUNTA CANA,LA ALTAGRACIA,INDOMET,EMCI,31.4,23.2,0.0,https://indomet.gob.do/wp-content/uploads/2026/06/temperaturas-extremas-y-precipitaciones-2026x06x15-a.pdf
2026-06-15,017,ARPT. DEL CIBAO,SANTIAGO,INDOMET,EMCI,34.8,23.0,0.0,https://indomet.gob.do/wp-content/uploads/2026/06/temperaturas-extremas-y-precipitaciones-2026x06x15-a.pdf
2026-06-15,018,ARPT. EL CATEY,SAMANÁ,INDOMET,EMCI,33.6,22.5,0.0,https://indomet.gob.do/wp-content/uploads/2026/06/temperaturas-extremas-y-precipitaciones-2026x06x15-a.pdf
2026-06-15,019,ARPT. GREGORIO LUPERÓN,PUERTO PLATA,INDOMET,EMCI,33.0,23.2,0.0,https://indomet.gob.do/wp-content/uploads/2026/06/temperaturas-extremas-y-precipitaciones-2026x06x15-a.pdf
2026-06-15,020,ARPT. LA ISABELA,SANTO DOMINGO,INDOMET,EMCI,33.2,22.4,0.0,https://indomet.gob.do/wp-content/uploads/2026/06/temperaturas-extremas-y-precipitaciones-2026x06x15-a.pdf
2026-06-15,021,ARROYO LORO,SAN JUAN,IDIAF,EMCI,33.0,21.7,0.0,https://indomet.gob.do/wp-content/uploads/2026/06/temperaturas-extremas-y-precipitaciones-2026x06x15-a.pdf
2026-06-15,022,BANI (EMA),PERAVIA,MINISTERIO DE AGRICULTURA,EMAP,31.4,25.1,0.0,https://indomet.gob.do/wp-content/uploads/2026/06/temperaturas-extremas-y-precipitaciones-2026x06x15-a.pdf
2026-06-15,023,BAYAGUANA,MONTE PLATA,INDOMET,EMCI,33.4,22.6,0.0,https://indomet.gob.do/wp-content/uploads/2026/06/temperaturas-extremas-y-precipitaciones-2026x06x15-a.pdf
2026-06-15,024,BOCA DE MAO (EMA),VALVERDE,MINISTERIO DE AGRICULTURA,EMAP,36.9,24.7,0.0,https://indomet.gob.do/wp-content/uploads/2026/06/temperaturas-extremas-y-precipitaciones-2026x06x15-a.pdf
2026-06-15,025,BOHECHÍO,SAN JUAN,MINISTERIO DE AGRICULTURA,EMCV,,,0.0,https://indomet.gob.do/wp-content/uploads/2026/06/temperaturas-extremas-y-precipitaciones-2026x06x15-a.pdf
2026-06-15,026,CABRERA,MARÍA TRINIDAD SÁNCHEZ,ESCUELA ARÍSTIDES FIALLO CABRAL,EMCI,32.0,24.7,0.0,https://indomet.gob.do/wp-content/uploads/2026/06/temperaturas-extremas-y-precipitaciones-2026x06x15-a.pdf
2026-06-15,027,CENTRO DE LOS HEROES (EMA),DISTRITO NACIONAL,MINISTERIO DE ENERGIA Y MINA,EMAP,31.8,26.6,0.0,https://indomet.gob.do/wp-content/uploads/2026/06/temperaturas-extremas-y-precipitaciones-2026x06x15-a.pdf
2026-06-15,028,CONSTANZA,LA VEGA,MINISTERIO DE AGRICULTURA,EMCI,28.7,12.3,0.0,https://indomet.gob.do/wp-content/uploads/2026/06/temperaturas-extremas-y-precipitaciones-2026x06x15-a.pdf
2026-06-15,029,CONSTANZA (EMA),LA VEGA,PROGRAMA MUNDIAL DE ALIMENTO,EMAP,27.4,14.1,0.0,https://indomet.gob.do/wp-content/uploads/2026/06/temperaturas-extremas-y-precipitaciones-2026x06x15-a.pdf
2026-06-15,030,DAJABÓN,DAJABÓN,INSTITUTO POLITÉCNICO LOYOLA,EMCI,35.1,22.0,0.0,https://indomet.gob.do/wp-content/uploads/2026/06/temperaturas-extremas-y-precipitaciones-2026x06x15-a.pdf
2026-06-15,031,EL CERCADO,SAN JUAN,MINISTERIO DE AGRICULTURA,EMCV,,,0.0,https://indomet.gob.do/wp-content/uploads/2026/06/temperaturas-extremas-y-precipitaciones-2026x06x15-a.pdf
2026-06-15,032,EL MILLON (EMA),DISTRITO NACIONAL,PRIVADA,EMAP,,,0.0,https://indomet.gob.do/wp-content/uploads/2026/06/temperaturas-extremas-y-precipitaciones-2026x06x15-a.pdf
2026-06-15,033,ENSANCHE LA FE (EMA),DISTRITO NACIONAL,PRIVADA,EMAP,,,0.0,https://indomet.gob.do/wp-content/uploads/2026/06/temperaturas-extremas-y-precipitaciones-2026x06x15-a.pdf
2026-06-15,034,GASPAR HERNÁNDEZ,ESPAILLAT,PROPIEDAD DEL EMPLEADO,EMCI,,,0.0,https://indomet.gob.do/wp-content/uploads/2026/06/temperaturas-extremas-y-precipitaciones-2026x06x15-a.pdf
2026-06-15,035,GURABO,SANTIAGO,MINISTERIO DE AGRICULTURA,EMCV,,,0.0,https://indomet.gob.do/wp-content/uploads/2026/06/temperaturas-extremas-y-precipitaciones-2026x06x15-a.pdf
2026-06-15,036,HATO MAYOR,HATO MAYOR,MINISTERIO DE AGRICULTURA,EMCV,,,0.0,https://indomet.gob.do/wp-content/uploads/2026/06/temperaturas-extremas-y-precipitaciones-2026x06x15-a.pdf
2026-06-15,037,HONDO VALLE,ELÍAS PIÑA,MINISTERIO DE AGRICULTURA,EMCI,29.7,19.1,0.0,https://indomet.gob.do/wp-content/uploads/2026/06/temperaturas-extremas-y-precipitaciones-2026x06x15-a.pdf
2026-06-15,038,JARABACOA,LA VEGA,INDRHI / MARENA,EMCI,34.6,17.0,0.0,https://indomet.gob.do/wp-content/uploads/2026/06/temperaturas-extremas-y-precipitaciones-2026x06x15-a.pdf
2026-06-15,039,JARABACOA (EMA),LA VEGA,PROGRAMA MUNDIAL DE ALIMENTO,EMAP,32.8,18.9,0.0,https://indomet.gob.do/wp-content/uploads/2026/06/temperaturas-extremas-y-precipitaciones-2026x06x15-a.pdf
2026-06-15,040,JARDÍN BOTÁNICO NACIONAL,DISTRITO NACIONAL,JARDÍN BOTÁNICO NACIONAL,EMCV,31.0,23.5,0.0,https://indomet.gob.do/wp-content/uploads/2026/06/temperaturas-extremas-y-precipitaciones-2026x06x15-a.pdf
2026-06-15,041,JIMANÍ,INDEPENDENCIA,MINISTERIO DE AGRICULTURA,EMCI,34.8,25.5,0.0,https://indomet.gob.do/wp-content/uploads/2026/06/temperaturas-extremas-y-precipitaciones-2026x06x15-a.pdf
2026-06-15,042,JUMA BEJUCAL,MONSEÑOR NOUEL,IDIAF,EMCV,32.2,23.0,0.0,https://indomet.gob.do/wp-content/uploads/2026/06/temperaturas-extremas-y-precipitaciones-2026x06x15-a.pdf
2026-06-15,043,LA AGUSTINA (EMA),DISTRITO NACIONAL,PRIVADA,EMAP,,,0.0,https://indomet.gob.do/wp-content/uploads/2026/06/temperaturas-extremas-y-precipitaciones-2026x06x15-a.pdf
2026-06-15,044,LA VEGA,LA VEGA,IATESA,EMCI,34.0,23.0,0.0,https://indomet.gob.do/wp-content/uploads/2026/06/temperaturas-extremas-y-precipitaciones-2026x06x15-a.pdf
2026-06-15,045,LA VICTORIA,SANTO DOMINGO,CUERPO DE BOMBEROS,EMCI,34.5,23.9,0.0,https://indomet.gob.do/wp-content/uploads/2026/06/temperaturas-extremas-y-precipitaciones-2026x06x15-a.pdf
2026-06-15,046,LAS CANAS (EMA),MONTE CRISTI,PROGRAMA MUNDIAL DE ALIMENTO,EMAP,,,0.0,https://indomet.gob.do/wp-content/uploads/2026/06/temperaturas-extremas-y-precipitaciones-2026x06x15-a.pdf
2026-06-15,047,LOS CACICAZGOS (EMA),DISTRITO NACIONAL,PRIVADA,EMAP,,,0.0,https://indomet.gob.do/wp-content/uploads/2026/06/temperaturas-extremas-y-precipitaciones-2026x06x15-a.pdf
2026-06-15,048,LOS COCOS (EMA),BAHORUCO,PRIVADA,EMAP,,,0.0,https://indomet.gob.do/wp-content/uploads/2026/06/temperaturas-extremas-y-precipitaciones-2026x06x15-a.pdf
2026-06-15,049,LOS JENGIBRES,NAGUA,INDRHI,EMCI,,,0.0,https://indomet.gob.do/wp-content/uploads/2026/06/temperaturas-extremas-y-precipitaciones-2026x06x15-a.pdf
2026-06-15,050,LOS LLANOS,SAN PEDRO DE MACORÍS,MINISTERIO DE AGRICULTURA,EMCI,33.8,22.6,0.0,https://indomet.gob.do/wp-content/uploads/2026/06/temperaturas-extremas-y-precipitaciones-2026x06x15-a.pdf
2026-06-15,051,LOS PRADOS (EMA),DISTRITO NACIONAL,PRIVADA,EMAP,,,0.0,https://indomet.gob.do/wp-content/uploads/2026/06/temperaturas-extremas-y-precipitaciones-2026x06x15-a.pdf
2026-06-15,052,MAO,VALVERDE,INDRHI / MINISTERIO DE AGRICULTURA,EMCV,,,0.0,https://indomet.gob.do/wp-content/uploads/2026/06/temperaturas-extremas-y-precipitaciones-2026x06x15-a.pdf
2026-06-15,053,MICHES (EMA),EL SEIBO,PRIVADA,EMAP,32.4,23.5,0.0,https://indomet.gob.do/wp-content/uploads/2026/06/temperaturas-extremas-y-precipitaciones-2026x06x15-a.pdf
2026-06-15,054,MONCIÓN (EMA),SANTIAGO RODRÍGUEZ,PROGRAMA MUNDIAL DE ALIMENTO,EMAP,32.9,22.4,0.0,https://indomet.gob.do/wp-content/uploads/2026/06/temperaturas-extremas-y-precipitaciones-2026x06x15-a.pdf
2026-06-15,055,MONTE CRISTI,MONTE CRISTI,INDOMET,EMCI,35.3,24.6,0.0,https://indomet.gob.do/wp-content/uploads/2026/06/temperaturas-extremas-y-precipitaciones-2026x06x15-a.pdf
2026-06-15,056,OLIVARES,PEDERNALES,INDRHI,EMCI,,,0.0,https://indomet.gob.do/wp-content/uploads/2026/06/temperaturas-extremas-y-precipitaciones-2026x06x15-a.pdf
2026-06-15,057,PADRE LAS CASAS,AZUA,HOSP. NTRA. SRA. DEL CARMEN,EMCI,32.9,19.5,0.0,https://indomet.gob.do/wp-content/uploads/2026/06/temperaturas-extremas-y-precipitaciones-2026x06x15-a.pdf
2026-06-15,058,PALO ÍNDIO,PUERTO PLATA,MINISTERIO DE AGRICULTURA,EMCI,,,0.0,https://indomet.gob.do/wp-content/uploads/2026/06/temperaturas-extremas-y-precipitaciones-2026x06x15-a.pdf
2026-06-15,059,PASO AL MEDIO,SAN PEDRO DE MACORÍS,INDRHI,EMCI,,,0.0,https://indomet.gob.do/wp-content/uploads/2026/06/temperaturas-extremas-y-precipitaciones-2026x06x15-a.pdf
2026-06-15,060,PEDERNALES,PEDERNALES,INDRHI,EMCI,,,0.0,https://indomet.gob.do/wp-content/uploads/2026/06/temperaturas-extremas-y-precipitaciones-2026x06x15-a.pdf
2026-06-15,061,PERALTA,AZUA,HOSP. MPAL. DE PERALTA,EMCI,31.7,18.0,0.0,https://indomet.gob.do/wp-content/uploads/2026/06/temperaturas-extremas-y-precipitaciones-2026x06x15-a.pdf
2026-06-15,062,PONTÓN ABAJO (EMA),LA VEGA,MINISTERIO DE AGRICULTURA,EMAP,35.8,24.1,0.0,https://indomet.gob.do/wp-content/uploads/2026/06/temperaturas-extremas-y-precipitaciones-2026x06x15-a.pdf
2026-06-15,063,PRESA DE TAVERAS (EMA),LA VEGA,PROGRAMA MUNDIAL DE ALIMENTO,EMAP,32.7,22.2,0.0,https://indomet.gob.do/wp-content/uploads/2026/06/temperaturas-extremas-y-precipitaciones-2026x06x15-a.pdf
2026-06-15,064,PROLONGACION 27 DE FEBRERO,DISTRITO NACIONAL,PRIVADA,EMAP,,,0.0,https://indomet.gob.do/wp-content/uploads/2026/06/temperaturas-extremas-y-precipitaciones-2026x06x15-a.pdf
2026-06-15,065,RANCHO ARRIBA,SAN JOSÉ DE OCOA,CENTRO TECNOLÓGICO COMUNITARIO,EMCI,30.0,17.3,0.0,https://indomet.gob.do/wp-content/uploads/2026/06/temperaturas-extremas-y-precipitaciones-2026x06x15-a.pdf
2026-06-15,066,RESTAURACIÓN,DAJABÓN,MINISTERIO DE AGRICULTURA,EMCI,32.1,18.3,0.0,https://indomet.gob.do/wp-content/uploads/2026/06/temperaturas-extremas-y-precipitaciones-2026x06x15-a.pdf
2026-06-15,067,RÍO SAN JUAN,MARÍA TRINIDAD SÁNCHEZ,HOSP. MPAL. DR. DESIDERIO ACOSTA,EMCV,34.8,24.6,0.0,https://indomet.gob.do/wp-content/uploads/2026/06/temperaturas-extremas-y-precipitaciones-2026x06x15-a.pdf
2026-06-15,068,SABANA DE LA MAR,HATO MAYOR,INDOMET,EMCI,31.8,22.4,0.0,https://indomet.gob.do/wp-content/uploads/2026/06/temperaturas-extremas-y-precipitaciones-2026x06x15-a.pdf
2026-06-15,069,SABANA GRANDE DE BOYÁ,MONTE PLATA,MINISTERIO DE AGRICULTURA,EMCV,,,0.0,https://indomet.gob.do/wp-content/uploads/2026/06/temperaturas-extremas-y-precipitaciones-2026x06x15-a.pdf
2026-06-15,070,SABANETA (EMA),SANTIAGO RODRÍGUEZ,PROGRAMA MUNDIAL DE ALIMENTO,EMAP,36.8,25.7,0.0,https://indomet.gob.do/wp-content/uploads/2026/06/temperaturas-extremas-y-precipitaciones-2026x06x15-a.pdf
2026-06-15,071,SALCEDO,HERMANAS MIRABAL,PROPIEDAD DEL EMPLEADO,EMCI,,,0.0,https://indomet.gob.do/wp-content/uploads/2026/06/temperaturas-extremas-y-precipitaciones-2026x06x15-a.pdf
2026-06-15,072,SAMANÁ,SAMANÁ,COMANDANCIA DE PUERTO DE SAMANÁ,EMCI,33.0,20.4,0.0,https://indomet.gob.do/wp-content/uploads/2026/06/temperaturas-extremas-y-precipitaciones-2026x06x15-a.pdf
2026-06-15,073,SAN CRISTÓBAL,SAN CRISTÓBAL,INSTITUTO POLITÉCNICO LOYOLA,EMCI,32.0,22.2,0.0,https://indomet.gob.do/wp-content/uploads/2026/06/temperaturas-extremas-y-precipitaciones-2026x06x15-a.pdf
2026-06-15,074,SAN FRANCISCO DE MACORÍS,DUARTE,San Francisco de Macorís (UASD),EMCI,26.2,23.0,0.0,https://indomet.gob.do/wp-content/uploads/2026/06/temperaturas-extremas-y-precipitaciones-2026x06x15-a.pdf
2026-06-15,075,SAN JOSÉ DE OCOA,SAN JOSÉ DE OCOA,HOSP. SAN JOSÉ DE OCOA,EMCI,32.3,21.6,0.0,https://indomet.gob.do/wp-content/uploads/2026/06/temperaturas-extremas-y-precipitaciones-2026x06x15-a.pdf
2026-06-15,076,SÁNCHEZ,SAMANÁ,MINISTERIO DE AGRICULTURA,EMCI,32.5,,0.0,https://indomet.gob.do/wp-content/uploads/2026/06/temperaturas-extremas-y-precipitaciones-2026x06x15-a.pdf
2026-06-15,077,SANTIAGO RODRÍGUEZ,SANTIAGO RODRÍGUEZ,INDOMET,EMCI,37.0,25.0,0.0,https://indomet.gob.do/wp-content/uploads/2026/06/temperaturas-extremas-y-precipitaciones-2026x06x15-a.pdf
2026-06-15,078,SANTO DOMINGO ESTE,SANTO DOMINGO,INDOMET,EMCI,33.3,25.5,0.0,https://indomet.gob.do/wp-content/uploads/2026/06/temperaturas-extremas-y-precipitaciones-2026x06x15-a.pdf
2026-06-15,079,TÁBARA ABAJO,AZUA,INDRHI,EMCI,32.5,22.5,0.0,https://indomet.gob.do/wp-content/uploads/2026/06/temperaturas-extremas-y-precipitaciones-2026x06x15-a.pdf
2026-06-15,080,TAMBORIL,SANTIAGO,MINISTERIO DE AGRICULTURA,EMCV,,,0.0,https://indomet.gob.do/wp-content/uploads/2026/06/temperaturas-extremas-y-precipitaciones-2026x06x15-a.pdf
2026-06-15,081,TAVERA,SANTIAGO,INDRHI,EMCI,,,0.0,https://indomet.gob.do/wp-content/uploads/2026/06/temperaturas-extremas-y-precipitaciones-2026x06x15-a.pdf
2026-06-15,082,VILLA GONZALES,SANTIAGO,MINISTERIO DE AGRICULTURA,EMCI,,,0.0,https://indomet.gob.do/wp-content/uploads/2026/06/temperaturas-extremas-y-precipitaciones-2026x06x15-a.pdf
2026-06-15,083,VILLA ISABELA,PUERTO PLATA,MINISTERIO DE AGRICULTURA,EMCV,33.8,22.0,0.0,https://indomet.gob.do/wp-content/uploads/2026/06/temperaturas-extremas-y-precipitaciones-2026x06x15-a.pdf
2026-06-15,084,VILLA RIVA,DUARTE,HOSP. MPAL. ALICIA DE LEGENDRE,EMCI,32.5,22.5,0.0,https://indomet.gob.do/wp-content/uploads/2026/06/temperaturas-extremas-y-precipitaciones-2026x06x15-a.pdf
2026-06-16,001,VILLA RIVA,DUARTE,HOSP. MPAL. ALICIA DE LEGENDRE,EMCI,33.4,22.8,6.5,https://indomet.gob.do/wp-content/uploads/2026/06/temperaturas-extremas-y-precipitaciones-2026x06x16-a.pdf
2026-06-16,002,PARQUE MIRADOR SUR,DISTRITO NACIONAL,AYUNTAMIENTO,EMCV,33.5,23.0,2.0,https://indomet.gob.do/wp-content/uploads/2026/06/temperaturas-extremas-y-precipitaciones-2026x06x16-a.pdf
2026-06-16,003,ARPT. DE LA ROMANA,LA ROMANA,INDOMET,EMCI,33.4,22.6,1.9,https://indomet.gob.do/wp-content/uploads/2026/06/temperaturas-extremas-y-precipitaciones-2026x06x16-a.pdf
2026-06-16,004,CABRAL,BARAHONA,MINISTERIO DE AGRICULTURA,EMCV,33.3,23.2,1.2,https://indomet.gob.do/wp-content/uploads/2026/06/temperaturas-extremas-y-precipitaciones-2026x06x16-a.pdf
2026-06-16,005,SAN RAFAEL DEL YUMA,LA ALTAGRACIA,MINISTERIO DE AGRICULTURA,EMCI,34.0,23.0,0.6,https://indomet.gob.do/wp-content/uploads/2026/06/temperaturas-extremas-y-precipitaciones-2026x06x16-a.pdf
2026-06-16,006,LA VEGA,LA VEGA,IATESA,EMCI,33.0,22.5,0.2,https://indomet.gob.do/wp-content/uploads/2026/06/temperaturas-extremas-y-precipitaciones-2026x06x16-a.pdf
2026-06-16,007,OVIEDO,PEDERNALES,CLÍNICA RURAL OVIEDO,EMCI,32.0,22.5,0.1,https://indomet.gob.do/wp-content/uploads/2026/06/temperaturas-extremas-y-precipitaciones-2026x06x16-a.pdf
2026-06-16,008,POLO,BARAHONA,INDOCAFE,EMCI,30.0,17.5,0.1,https://indomet.gob.do/wp-content/uploads/2026/06/temperaturas-extremas-y-precipitaciones-2026x06x16-a.pdf
2026-06-16,009,ALTAMIRA,PUERTO PLATA,HOSP. MPAL. DE ALTAMIRA,EMCI,35.0,20.9,0.0,https://indomet.gob.do/wp-content/uploads/2026/06/temperaturas-extremas-y-precipitaciones-2026x06x16-a.pdf
2026-06-16,010,ALTO BANDERA (EMA),LA VEGA,INTEC,EMAP,16.2,10.2,0.0,https://indomet.gob.do/wp-content/uploads/2026/06/temperaturas-extremas-y-precipitaciones-2026x06x16-a.pdf
2026-06-16,011,ANAMUYA (EMA),LA ALTAGRACIA,MINISTERIO DE AGRICULTURA,EMAP,33.8,24.6,0.0,https://indomet.gob.do/wp-content/uploads/2026/06/temperaturas-extremas-y-precipitaciones-2026x06x16-a.pdf
2026-06-16,012,ARPT. ARROYO BARRIL,SAMANÁ,INDOMET,EMCI,33.0,25.0,0.0,https://indomet.gob.do/wp-content/uploads/2026/06/temperaturas-extremas-y-precipitaciones-2026x06x16-a.pdf
2026-06-16,013,ARPT. DE LAS AMÉRICAS,SANTO DOMINGO,INDOMET,EMCI,32.4,23.5,0.0,https://indomet.gob.do/wp-content/uploads/2026/06/temperaturas-extremas-y-precipitaciones-2026x06x16-a.pdf
2026-06-16,014,ARPT. DE PUNTA CANA,LA ALTAGRACIA,INDOMET,EMCI,31.8,23.6,0.0,https://indomet.gob.do/wp-content/uploads/2026/06/temperaturas-extremas-y-precipitaciones-2026x06x16-a.pdf
2026-06-16,015,ARPT. DEL CIBAO,SANTIAGO,INDOMET,EMCI,34.6,23.3,0.0,https://indomet.gob.do/wp-content/uploads/2026/06/temperaturas-extremas-y-precipitaciones-2026x06x16-a.pdf
2026-06-16,016,ARPT. EL CATEY,SAMANÁ,INDOMET,EMCI,32.4,22.5,0.0,https://indomet.gob.do/wp-content/uploads/2026/06/temperaturas-extremas-y-precipitaciones-2026x06x16-a.pdf
2026-06-16,017,ARPT. GREGORIO LUPERÓN,PUERTO PLATA,INDOMET,EMCI,34.6,23.3,0.0,https://indomet.gob.do/wp-content/uploads/2026/06/temperaturas-extremas-y-precipitaciones-2026x06x16-a.pdf
2026-06-16,018,ARPT. LA ISABELA,SANTO DOMINGO,INDOMET,EMCI,33.3,21.9,0.0,https://indomet.gob.do/wp-content/uploads/2026/06/temperaturas-extremas-y-precipitaciones-2026x06x16-a.pdf
2026-06-16,019,ARPT. MARÍA MONTEZ,BARAHONA,INDOMET,EMCI,31.6,24.5,0.0,https://indomet.gob.do/wp-content/uploads/2026/06/temperaturas-extremas-y-precipitaciones-2026x06x16-a.pdf
2026-06-16,020,ARROYO LORO,SAN JUAN,IDIAF,EMCI,31.7,19.0,0.0,https://indomet.gob.do/wp-content/uploads/2026/06/temperaturas-extremas-y-precipitaciones-2026x06x16-a.pdf
2026-06-16,021,BANI (EMA),PERAVIA,MINISTERIO DE AGRICULTURA,EMAP,31.3,25.4,0.0,https://indomet.gob.do/wp-content/uploads/2026/06/temperaturas-extremas-y-precipitaciones-2026x06x16-a.pdf
2026-06-16,022,BASE AÉREA DE SAN ISIDRO,SANTO DOMINGO,FUERZA AÉREA DOMINICANA,EMCV,33.0,23.0,0.0,https://indomet.gob.do/wp-content/uploads/2026/06/temperaturas-extremas-y-precipitaciones-2026x06x16-a.pdf
2026-06-16,023,BAYAGUANA,MONTE PLATA,INDOMET,EMCI,33.6,22.0,0.0,https://indomet.gob.do/wp-content/uploads/2026/06/temperaturas-extremas-y-precipitaciones-2026x06x16-a.pdf
2026-06-16,024,BELLA VISTA (EMA),DISTRITO NACIONAL,PRIVADA,EMAP,,,0.0,https://indomet.gob.do/wp-content/uploads/2026/06/temperaturas-extremas-y-precipitaciones-2026x06x16-a.pdf
2026-06-16,025,BOHECHÍO,SAN JUAN,MINISTERIO DE AGRICULTURA,EMCV,,,0.0,https://indomet.gob.do/wp-content/uploads/2026/06/temperaturas-extremas-y-precipitaciones-2026x06x16-a.pdf
2026-06-16,026,BONAO,MONSEÑOR NOUEL,MINISTERIO DE AGRICULTURA,EMCV,,,0.0,https://indomet.gob.do/wp-content/uploads/2026/06/temperaturas-extremas-y-precipitaciones-2026x06x16-a.pdf
2026-06-16,027,CABRERA,MARÍA TRINIDAD SÁNCHEZ,ESCUELA ARÍSTIDES FIALLO CABRAL,EMCI,33.2,27.0,0.0,https://indomet.gob.do/wp-content/uploads/2026/06/temperaturas-extremas-y-precipitaciones-2026x06x16-a.pdf
2026-06-16,028,CONSTANZA,LA VEGA,MINISTERIO DE AGRICULTURA,EMCI,27.3,11.0,0.0,https://indomet.gob.do/wp-content/uploads/2026/06/temperaturas-extremas-y-precipitaciones-2026x06x16-a.pdf
2026-06-16,029,DAJABÓN,DAJABÓN,INSTITUTO POLITÉCNICO LOYOLA,EMCI,36.0,21.0,0.0,https://indomet.gob.do/wp-content/uploads/2026/06/temperaturas-extremas-y-precipitaciones-2026x06x16-a.pdf
2026-06-16,030,EL CERCADO,SAN JUAN,MINISTERIO DE AGRICULTURA,EMCV,,,0.0,https://indomet.gob.do/wp-content/uploads/2026/06/temperaturas-extremas-y-precipitaciones-2026x06x16-a.pdf
2026-06-16,031,ELÍAS PIÑA,ELÍAS PIÑA,MINISTERIO DE AGRICULTURA,EMCV,,,0.0,https://indomet.gob.do/wp-content/uploads/2026/06/temperaturas-extremas-y-precipitaciones-2026x06x16-a.pdf
2026-06-16,032,ENRIQUILLO,BARAHONA,MINISTERIO DE AGRICULTURA,EMCV,31.8,22.7,0.0,https://indomet.gob.do/wp-content/uploads/2026/06/temperaturas-extremas-y-precipitaciones-2026x06x16-a.pdf
2026-06-16,033,ESCONDIDO,PERAVIA,MINISTERIO DE AGRICULTURA,EMCV,31.0,25.0,0.0,https://indomet.gob.do/wp-content/uploads/2026/06/temperaturas-extremas-y-precipitaciones-2026x06x16-a.pdf
2026-06-16,034,GASPAR HERNÁNDEZ,ESPAILLAT,PROPIEDAD DEL EMPLEADO,EMCI,,,0.0,https://indomet.gob.do/wp-content/uploads/2026/06/temperaturas-extremas-y-precipitaciones-2026x06x16-a.pdf
2026-06-16,035,GURABO,SANTIAGO,MINISTERIO DE AGRICULTURA,EMCV,,,0.0,https://indomet.gob.do/wp-content/uploads/2026/06/temperaturas-extremas-y-precipitaciones-2026x06x16-a.pdf
2026-06-16,036,HATO MAYOR,HATO MAYOR,MINISTERIO DE AGRICULTURA,EMCV,,,0.0,https://indomet.gob.do/wp-content/uploads/2026/06/temperaturas-extremas-y-precipitaciones-2026x06x16-a.pdf
2026-06-16,037,HONDO VALLE,ELÍAS PIÑA,MINISTERIO DE AGRICULTURA,EMCI,29.5,19.4,0.0,https://indomet.gob.do/wp-content/uploads/2026/06/temperaturas-extremas-y-precipitaciones-2026x06x16-a.pdf
2026-06-16,038,JARABACOA,LA VEGA,INDRHI / MARENA,EMCI,32.4,16.0,0.0,https://indomet.gob.do/wp-content/uploads/2026/06/temperaturas-extremas-y-precipitaciones-2026x06x16-a.pdf
2026-06-16,039,JARDÍN BOTÁNICO NACIONAL,DISTRITO NACIONAL,JARDÍN BOTÁNICO NACIONAL,EMCV,32.1,22.7,0.0,https://indomet.gob.do/wp-content/uploads/2026/06/temperaturas-extremas-y-precipitaciones-2026x06x16-a.pdf
2026-06-16,040,JIMANÍ,INDEPENDENCIA,MINISTERIO DE AGRICULTURA,EMCI,34.2,26.0,0.0,https://indomet.gob.do/wp-content/uploads/2026/06/temperaturas-extremas-y-precipitaciones-2026x06x16-a.pdf
2026-06-16,041,JUMA BEJUCAL,MONSEÑOR NOUEL,IDIAF,EMCV,32.6,22.8,0.0,https://indomet.gob.do/wp-content/uploads/2026/06/temperaturas-extremas-y-precipitaciones-2026x06x16-a.pdf
2026-06-16,042,LA VICTORIA,SANTO DOMINGO,CUERPO DE BOMBEROS,EMCI,34.5,23.8,0.0,https://indomet.gob.do/wp-content/uploads/2026/06/temperaturas-extremas-y-precipitaciones-2026x06x16-a.pdf
2026-06-16,043,LOS LLANOS,SAN PEDRO DE MACORÍS,MINISTERIO DE AGRICULTURA,EMCI,34.0,23.2,0.0,https://indomet.gob.do/wp-content/uploads/2026/06/temperaturas-extremas-y-precipitaciones-2026x06x16-a.pdf
2026-06-16,044,MAO,VALVERDE,INDRHI / MINISTERIO DE AGRICULTURA,EMCV,,,0.0,https://indomet.gob.do/wp-content/uploads/2026/06/temperaturas-extremas-y-precipitaciones-2026x06x16-a.pdf
2026-06-16,045,MONTE CRISTI,MONTE CRISTI,INDOMET,EMCI,34.9,26.0,0.0,https://indomet.gob.do/wp-content/uploads/2026/06/temperaturas-extremas-y-precipitaciones-2026x06x16-a.pdf
2026-06-16,046,NAVARRETE,SANTIAGO,MINISTERIO DE AGRICULTURA,EMCV,,,0.0,https://indomet.gob.do/wp-content/uploads/2026/06/temperaturas-extremas-y-precipitaciones-2026x06x16-a.pdf
2026-06-16,047,OLIVARES,PEDERNALES,INDRHI,EMCI,,,0.0,https://indomet.gob.do/wp-content/uploads/2026/06/temperaturas-extremas-y-precipitaciones-2026x06x16-a.pdf
2026-06-16,048,PADRE LAS CASAS,AZUA,HOSP. NTRA. SRA. DEL CARMEN,EMCI,31.0,19.1,0.0,https://indomet.gob.do/wp-content/uploads/2026/06/temperaturas-extremas-y-precipitaciones-2026x06x16-a.pdf
2026-06-16,049,PALO ÍNDIO,PUERTO PLATA,MINISTERIO DE AGRICULTURA,EMCI,,,0.0,https://indomet.gob.do/wp-content/uploads/2026/06/temperaturas-extremas-y-precipitaciones-2026x06x16-a.pdf
2026-06-16,050,PEDERNALES,PEDERNALES,INDRHI,EMCI,,,0.0,https://indomet.gob.do/wp-content/uploads/2026/06/temperaturas-extremas-y-precipitaciones-2026x06x16-a.pdf
2026-06-16,051,PERALTA,AZUA,HOSP. MPAL. DE PERALTA,EMCI,31.4,17.0,0.0,https://indomet.gob.do/wp-content/uploads/2026/06/temperaturas-extremas-y-precipitaciones-2026x06x16-a.pdf
2026-06-16,052,PESCADERIA (EMA),BARAHONA,MINISTERIO DE AGRICULTURA,EMAP,,,0.0,https://indomet.gob.do/wp-content/uploads/2026/06/temperaturas-extremas-y-precipitaciones-2026x06x16-a.pdf
2026-06-16,053,RANCHO ARRIBA,SAN JOSÉ DE OCOA,CENTRO TECNOLÓGICO COMUNITARIO,EMCI,31.1,16.4,0.0,https://indomet.gob.do/wp-content/uploads/2026/06/temperaturas-extremas-y-precipitaciones-2026x06x16-a.pdf
2026-06-16,054,RESTAURACIÓN,DAJABÓN,MINISTERIO DE AGRICULTURA,EMCI,32.7,18.5,0.0,https://indomet.gob.do/wp-content/uploads/2026/06/temperaturas-extremas-y-precipitaciones-2026x06x16-a.pdf
2026-06-16,055,RÍO SAN JUAN,MARÍA TRINIDAD SÁNCHEZ,HOSP. MPAL. DR. DESIDERIO ACOSTA,EMCV,34.3,24.7,0.0,https://indomet.gob.do/wp-content/uploads/2026/06/temperaturas-extremas-y-precipitaciones-2026x06x16-a.pdf
2026-06-16,056,SABANA DE LA MAR,HATO MAYOR,INDOMET,EMCI,31.6,23.0,0.0,https://indomet.gob.do/wp-content/uploads/2026/06/temperaturas-extremas-y-precipitaciones-2026x06x16-a.pdf
2026-06-16,057,SABANA GRANDE DE BOYÁ,MONTE PLATA,MINISTERIO DE AGRICULTURA,EMCV,,,0.0,https://indomet.gob.do/wp-content/uploads/2026/06/temperaturas-extremas-y-precipitaciones-2026x06x16-a.pdf
2026-06-16,058,SABANETA (EMA),SANTIAGO RODRÍGUEZ,PROGRAMA MUNDIAL DE ALIMENTO,EMAP,35.7,23.7,0.0,https://indomet.gob.do/wp-content/uploads/2026/06/temperaturas-extremas-y-precipitaciones-2026x06x16-a.pdf
2026-06-16,059,SALCEDO,HERMANAS MIRABAL,PROPIEDAD DEL EMPLEADO,EMCI,,,0.0,https://indomet.gob.do/wp-content/uploads/2026/06/temperaturas-extremas-y-precipitaciones-2026x06x16-a.pdf
2026-06-16,060,SAMANÁ,SAMANÁ,COMANDANCIA DE PUERTO DE SAMANÁ,EMCI,33.7,20.4,0.0,https://indomet.gob.do/wp-content/uploads/2026/06/temperaturas-extremas-y-precipitaciones-2026x06x16-a.pdf
2026-06-16,061,SAN CRISTÓBAL,SAN CRISTÓBAL,INSTITUTO POLITÉCNICO LOYOLA,EMCI,30.5,20.4,0.0,https://indomet.gob.do/wp-content/uploads/2026/06/temperaturas-extremas-y-precipitaciones-2026x06x16-a.pdf
2026-06-16,062,SAN FRANCISCO DE MACORÍS,DUARTE,San Francisco de Macorís (UASD),EMCI,33.7,23.0,0.0,https://indomet.gob.do/wp-content/uploads/2026/06/temperaturas-extremas-y-precipitaciones-2026x06x16-a.pdf
2026-06-16,063,SAN JOSÉ DE OCOA,SAN JOSÉ DE OCOA,HOSP. SAN JOSÉ DE OCOA,EMCI,32.6,21.2,0.0,https://indomet.gob.do/wp-content/uploads/2026/06/temperaturas-extremas-y-precipitaciones-2026x06x16-a.pdf
2026-06-16,064,SÁNCHEZ,SAMANÁ,MINISTERIO DE AGRICULTURA,EMCI,32.9,,0.0,https://indomet.gob.do/wp-content/uploads/2026/06/temperaturas-extremas-y-precipitaciones-2026x06x16-a.pdf
2026-06-16,065,SANTIAGO RODRÍGUEZ,SANTIAGO RODRÍGUEZ,INDOMET,EMCI,35.5,25.0,0.0,https://indomet.gob.do/wp-content/uploads/2026/06/temperaturas-extremas-y-precipitaciones-2026x06x16-a.pdf
2026-06-16,066,SANTO DOMINGO ESTE,SANTO DOMINGO,INDOMET,EMCI,32.5,24.7,0.0,https://indomet.gob.do/wp-content/uploads/2026/06/temperaturas-extremas-y-precipitaciones-2026x06x16-a.pdf
2026-06-16,067,TÁBARA ABAJO,AZUA,INDRHI,EMCI,34.3,24.7,0.0,https://indomet.gob.do/wp-content/uploads/2026/06/temperaturas-extremas-y-precipitaciones-2026x06x16-a.pdf
2026-06-16,068,TAMBORIL,SANTIAGO,MINISTERIO DE AGRICULTURA,EMCV,,,0.0,https://indomet.gob.do/wp-content/uploads/2026/06/temperaturas-extremas-y-precipitaciones-2026x06x16-a.pdf
2026-06-16,069,VILLA ALTAGRACIA,SAN CRISTÓBAL,ESCUELA JAVIER ANGULO GURIDI,EMCI,,,0.0,https://indomet.gob.do/wp-content/uploads/2026/06/temperaturas-extremas-y-precipitaciones-2026x06x16-a.pdf
2026-06-16,070,VILLA GONZALE (EMA),SANTIAGO,IGLESIA,EMAI,,,0.0,https://indomet.gob.do/wp-content/uploads/2026/06/temperaturas-extremas-y-precipitaciones-2026x06x16-a.pdf
2026-06-16,071,VILLA ISABELA,PUERTO PLATA,MINISTERIO DE AGRICULTURA,EMCV,35.0,21.8,0.0,https://indomet.gob.do/wp-content/uploads/2026/06/temperaturas-extremas-y-precipitaciones-2026x06x16-a.pdf
2026-06-16,072,BOCA DE MAO (EMA),VALVERDE,MINISTERIO DE AGRICULTURA,EMAP,35.8,24.7,0.0,https://indomet.gob.do/wp-content/uploads/2026/06/temperaturas-extremas-y-precipitaciones-2026x06x16-a.pdf
2026-06-16,073,CENTRO DE LOS HEROES (EMA),DISTRITO NACIONAL,MINISTERIO DE ENERGIA Y MINA,EMAP,32.0,26.7,0.0,https://indomet.gob.do/wp-content/uploads/2026/06/temperaturas-extremas-y-precipitaciones-2026x06x16-a.pdf
2026-06-16,074,CONSTANZA (EMA),LA VEGA,PROGRAMA MUNDIAL DE ALIMENTO,EMAP,25.3,12.7,0.0,https://indomet.gob.do/wp-content/uploads/2026/06/temperaturas-extremas-y-precipitaciones-2026x06x16-a.pdf
2026-06-16,075,EL SEIBO,EL SEIBO,MINISTERIO DE AGRICULTURA,EMCV,,,0.0,https://indomet.gob.do/wp-content/uploads/2026/06/temperaturas-extremas-y-precipitaciones-2026x06x16-a.pdf
2026-06-16,076,LAS CANAS (EMA),MONTE CRISTI,PROGRAMA MUNDIAL DE ALIMENTO,EMAP,31.3,24.4,0.0,https://indomet.gob.do/wp-content/uploads/2026/06/temperaturas-extremas-y-precipitaciones-2026x06x16-a.pdf
2026-06-16,077,MICHES (EMA),EL SEIBO,PRIVADA,EMAP,,,0.0,https://indomet.gob.do/wp-content/uploads/2026/06/temperaturas-extremas-y-precipitaciones-2026x06x16-a.pdf
2026-06-16,078,MONCIÓN,SANTIAGO RODRÍGUEZ,HOSP. MPAL. MONCIÓN,EMCV,32.1,21.2,0.0,https://indomet.gob.do/wp-content/uploads/2026/06/temperaturas-extremas-y-precipitaciones-2026x06x16-a.pdf
2026-06-16,079,MONCIÓN (EMA),SANTIAGO RODRÍGUEZ,PROGRAMA MUNDIAL DE ALIMENTO,EMAP,,,0.0,https://indomet.gob.do/wp-content/uploads/2026/06/temperaturas-extremas-y-precipitaciones-2026x06x16-a.pdf
2026-06-16,080,LOS COCOS (EMA),BAHORUCO,PRIVADA,EMAP,,,0.0,https://indomet.gob.do/wp-content/uploads/2026/06/temperaturas-extremas-y-precipitaciones-2026x06x16-a.pdf
2026-06-16,081,PONTÓN ABAJO (EMA),LA VEGA,MINISTERIO DE AGRICULTURA,EMAP,,,0.0,https://indomet.gob.do/wp-content/uploads/2026/06/temperaturas-extremas-y-precipitaciones-2026x06x16-a.pdf
2026-06-16,082,PRESA DE TAVERAS (EMA),LA VEGA,PROGRAMA MUNDIAL DE ALIMENTO,EMAP,,,0.0,https://indomet.gob.do/wp-content/uploads/2026/06/temperaturas-extremas-y-precipitaciones-2026x06x16-a.pdf
2026-06-16,083,PROLONGACION 27 DE FEBRERO,DISTRITO NACIONAL,PRIVADA,EMAP,,,0.0,https://indomet.gob.do/wp-content/uploads/2026/06/temperaturas-extremas-y-precipitaciones-2026x06x16-a.pdf
2026-06-16,084,COTUÍ,SÁNCHEZ RAMÍREZ,HOSP. INMACULADA CONCEPCIÓN,EMCV,,,0.0,https://indomet.gob.do/wp-content/uploads/2026/06/temperaturas-extremas-y-precipitaciones-2026x06x16-a.pdf
2026-06-16,085,LOS JARDINES (EMA),DISTRITO NACIONAL,PRIVADA,EMAP,,,0.0,https://indomet.gob.do/wp-content/uploads/2026/06/temperaturas-extremas-y-precipitaciones-2026x06x16-a.pdf
2026-06-16,086,LOS JENGIBRES,NAGUA,INDRHI,EMCI,,,0.0,https://indomet.gob.do/wp-content/uploads/2026/06/temperaturas-extremas-y-precipitaciones-2026x06x16-a.pdf
2026-06-16,087,PASO AL MEDIO,SAN PEDRO DE MACORÍS,INDRHI,EMCI,,,0.0,https://indomet.gob.do/wp-content/uploads/2026/06/temperaturas-extremas-y-precipitaciones-2026x06x16-a.pdf
2026-06-16,088,TAVERA,SANTIAGO,INDRHI,EMCI,,,0.0,https://indomet.gob.do/wp-content/uploads/2026/06/temperaturas-extremas-y-precipitaciones-2026x06x16-a.pdf
2026-06-17,001,SABANA GRANDE DE BOYÁ,MONTE PLATA,MINISTERIO DE AGRICULTURA,EMCV,,,5.3,https://indomet.gob.do/wp-content/uploads/2026/06/temperaturas-extremas-y-precipitaciones-2026x06x17-a.pdf
2026-06-17,002,EL SEIBO,EL SEIBO,MINISTERIO DE AGRICULTURA,EMCV,,,3.8,https://indomet.gob.do/wp-content/uploads/2026/06/temperaturas-extremas-y-precipitaciones-2026x06x17-a.pdf
2026-06-17,003,ANAMUYA (EMA),LA ALTAGRACIA,MINISTERIO DE AGRICULTURA,EMAP,34.0,23.7,3.8,https://indomet.gob.do/wp-content/uploads/2026/06/temperaturas-extremas-y-precipitaciones-2026x06x17-a.pdf
2026-06-17,004,SAN CRISTÓBAL,SAN CRISTÓBAL,INSTITUTO POLITÉCNICO LOYOLA,EMCI,32.2,21.2,3.8,https://indomet.gob.do/wp-content/uploads/2026/06/temperaturas-extremas-y-precipitaciones-2026x06x17-a.pdf
2026-06-17,005,ARPT. DE PUNTA CANA,LA ALTAGRACIA,INDOMET,EMCI,31.4,24.5,3.4,https://indomet.gob.do/wp-content/uploads/2026/06/temperaturas-extremas-y-precipitaciones-2026x06x17-a.pdf
2026-06-17,006,PROLONGACION 27 DE FEBRERO,DISTRITO NACIONAL,PRIVADA,EMAP,,,3.3,https://indomet.gob.do/wp-content/uploads/2026/06/temperaturas-extremas-y-precipitaciones-2026x06x17-a.pdf
2026-06-17,007,POLO,BARAHONA,INDOCAFE,EMCI,30.3,19.2,1.7,https://indomet.gob.do/wp-content/uploads/2026/06/temperaturas-extremas-y-precipitaciones-2026x06x17-a.pdf
2026-06-17,008,LOS COCOS (EMA),BAHORUCO,PRIVADA,EMAP,,,1.6,https://indomet.gob.do/wp-content/uploads/2026/06/temperaturas-extremas-y-precipitaciones-2026x06x17-a.pdf
2026-06-17,009,BONAO,MONSEÑOR NOUEL,MINISTERIO DE AGRICULTURA,EMCV,,,1.5,https://indomet.gob.do/wp-content/uploads/2026/06/temperaturas-extremas-y-precipitaciones-2026x06x17-a.pdf
2026-06-17,010,ENRIQUILLO,BARAHONA,MINISTERIO DE AGRICULTURA,EMCV,32.5,22.5,1.4,https://indomet.gob.do/wp-content/uploads/2026/06/temperaturas-extremas-y-precipitaciones-2026x06x17-a.pdf
2026-06-17,011,JUMA BEJUCAL,MONSEÑOR NOUEL,IDIAF,EMCV,33.2,23.6,1.4,https://indomet.gob.do/wp-content/uploads/2026/06/temperaturas-extremas-y-precipitaciones-2026x06x17-a.pdf
2026-06-17,012,BANI (EMA),PERAVIA,MINISTERIO DE AGRICULTURA,EMAP,32.0,24.6,1.0,https://indomet.gob.do/wp-content/uploads/2026/06/temperaturas-extremas-y-precipitaciones-2026x06x17-a.pdf
2026-06-17,013,LOS CACICAZGOS (EMA),DISTRITO NACIONAL,PRIVADA,EMAP,,,0.8,https://indomet.gob.do/wp-content/uploads/2026/06/temperaturas-extremas-y-precipitaciones-2026x06x17-a.pdf
2026-06-17,014,ARPT. DE LA ROMANA,LA ROMANA,INDOMET,EMCI,34.0,23.5,0.5,https://indomet.gob.do/wp-content/uploads/2026/06/temperaturas-extremas-y-precipitaciones-2026x06x17-a.pdf
2026-06-17,015,SABANA DE LA MAR,HATO MAYOR,INDOMET,EMCI,32.0,23.5,0.5,https://indomet.gob.do/wp-content/uploads/2026/06/temperaturas-extremas-y-precipitaciones-2026x06x17-a.pdf
2026-06-17,016,RANCHO ARRIBA,SAN JOSÉ DE OCOA,CENTRO TECNOLÓGICO COMUNITARIO,EMCI,32.2,19.7,0.3,https://indomet.gob.do/wp-content/uploads/2026/06/temperaturas-extremas-y-precipitaciones-2026x06x17-a.pdf
2026-06-17,017,HATO MAYOR,HATO MAYOR,MINISTERIO DE AGRICULTURA,EMCV,,,0.1,https://indomet.gob.do/wp-content/uploads/2026/06/temperaturas-extremas-y-precipitaciones-2026x06x17-a.pdf
2026-06-17,018,OVIEDO,PEDERNALES,CLÍNICA RURAL OVIEDO,EMCI,32.2,25.0,0.1,https://indomet.gob.do/wp-content/uploads/2026/06/temperaturas-extremas-y-precipitaciones-2026x06x17-a.pdf
2026-06-17,019,ALTAMIRA,PUERTO PLATA,HOSP. MPAL. DE ALTAMIRA,EMCI,35.3,20.5,0.0,https://indomet.gob.do/wp-content/uploads/2026/06/temperaturas-extremas-y-precipitaciones-2026x06x17-a.pdf
2026-06-17,020,ALTO BANDERA (EMA),LA VEGA,INTEC,EMAP,19.4,5.9,0.0,https://indomet.gob.do/wp-content/uploads/2026/06/temperaturas-extremas-y-precipitaciones-2026x06x17-a.pdf
2026-06-17,021,ARPT. ARROYO BARRIL,SAMANÁ,INDOMET,EMCI,32.7,24.9,0.0,https://indomet.gob.do/wp-content/uploads/2026/06/temperaturas-extremas-y-precipitaciones-2026x06x17-a.pdf
2026-06-17,022,ARPT. DE LAS AMÉRICAS,SANTO DOMINGO,INDOMET,EMCI,32.4,23.4,0.0,https://indomet.gob.do/wp-content/uploads/2026/06/temperaturas-extremas-y-precipitaciones-2026x06x17-a.pdf
2026-06-17,023,ARPT. DEL CIBAO,SANTIAGO,INDOMET,EMCI,36.0,23.0,0.0,https://indomet.gob.do/wp-content/uploads/2026/06/temperaturas-extremas-y-precipitaciones-2026x06x17-a.pdf
2026-06-17,024,ARPT. EL CATEY,SAMANÁ,INDOMET,EMCI,31.0,23.0,0.0,https://indomet.gob.do/wp-content/uploads/2026/06/temperaturas-extremas-y-precipitaciones-2026x06x17-a.pdf
2026-06-17,025,ARPT. GREGORIO LUPERÓN,PUERTO PLATA,INDOMET,EMCI,33.4,23.6,0.0,https://indomet.gob.do/wp-content/uploads/2026/06/temperaturas-extremas-y-precipitaciones-2026x06x17-a.pdf
2026-06-17,026,ARPT. LA ISABELA,SANTO DOMINGO,INDOMET,EMCI,34.6,22.0,0.0,https://indomet.gob.do/wp-content/uploads/2026/06/temperaturas-extremas-y-precipitaciones-2026x06x17-a.pdf
2026-06-17,027,ARPT. MARÍA MONTEZ,BARAHONA,INDOMET,EMCI,32.0,24.3,0.0,https://indomet.gob.do/wp-content/uploads/2026/06/temperaturas-extremas-y-precipitaciones-2026x06x17-a.pdf
2026-06-17,028,ARROYO LORO,SAN JUAN,IDIAF,EMCI,34.4,21.3,0.0,https://indomet.gob.do/wp-content/uploads/2026/06/temperaturas-extremas-y-precipitaciones-2026x06x17-a.pdf
2026-06-17,029,BASE AÉREA DE SAN ISIDRO,SANTO DOMINGO,FUERZA AÉREA DOMINICANA,EMCV,32.4,23.8,0.0,https://indomet.gob.do/wp-content/uploads/2026/06/temperaturas-extremas-y-precipitaciones-2026x06x17-a.pdf
2026-06-17,030,BAYAGUANA,MONTE PLATA,INDOMET,EMCI,34.0,22.2,0.0,https://indomet.gob.do/wp-content/uploads/2026/06/temperaturas-extremas-y-precipitaciones-2026x06x17-a.pdf
2026-06-17,031,BOCA DE MAO (EMA),VALVERDE,MINISTERIO DE AGRICULTURA,EMAP,36.8,24.7,0.0,https://indomet.gob.do/wp-content/uploads/2026/06/temperaturas-extremas-y-precipitaciones-2026x06x17-a.pdf
2026-06-17,032,BOHECHÍO,SAN JUAN,MINISTERIO DE AGRICULTURA,EMCV,,,0.0,https://indomet.gob.do/wp-content/uploads/2026/06/temperaturas-extremas-y-precipitaciones-2026x06x17-a.pdf
2026-06-17,033,CABRAL,BARAHONA,MINISTERIO DE AGRICULTURA,EMCV,33.4,26.2,0.0,https://indomet.gob.do/wp-content/uploads/2026/06/temperaturas-extremas-y-precipitaciones-2026x06x17-a.pdf
2026-06-17,034,CABRERA,MARÍA TRINIDAD SÁNCHEZ,ESCUELA ARÍSTIDES FIALLO CABRAL,EMCI,34.0,27.5,0.0,https://indomet.gob.do/wp-content/uploads/2026/06/temperaturas-extremas-y-precipitaciones-2026x06x17-a.pdf
2026-06-17,035,CENTRO DE LOS HEROES (EMA),DISTRITO NACIONAL,MINISTERIO DE ENERGIA Y MINA,EMAP,31.9,26.1,0.0,https://indomet.gob.do/wp-content/uploads/2026/06/temperaturas-extremas-y-precipitaciones-2026x06x17-a.pdf
2026-06-17,036,CONSTANZA,LA VEGA,MINISTERIO DE AGRICULTURA,EMCI,29.5,14.0,0.0,https://indomet.gob.do/wp-content/uploads/2026/06/temperaturas-extremas-y-precipitaciones-2026x06x17-a.pdf
2026-06-17,037,CONSTANZA (EMA),LA VEGA,PROGRAMA MUNDIAL DE ALIMENTO,EMAP,28.3,15.6,0.0,https://indomet.gob.do/wp-content/uploads/2026/06/temperaturas-extremas-y-precipitaciones-2026x06x17-a.pdf
2026-06-17,038,COTUÍ,SÁNCHEZ RAMÍREZ,HOSP. INMACULADA CONCEPCIÓN,EMCV,,,0.0,https://indomet.gob.do/wp-content/uploads/2026/06/temperaturas-extremas-y-precipitaciones-2026x06x17-a.pdf
2026-06-17,039,DAJABÓN,DAJABÓN,INSTITUTO POLITÉCNICO LOYOLA,EMCI,35.7,22.0,0.0,https://indomet.gob.do/wp-content/uploads/2026/06/temperaturas-extremas-y-precipitaciones-2026x06x17-a.pdf
2026-06-17,040,EL MILLON (EMA),DISTRITO NACIONAL,PRIVADA,EMAP,,,0.0,https://indomet.gob.do/wp-content/uploads/2026/06/temperaturas-extremas-y-precipitaciones-2026x06x17-a.pdf
2026-06-17,041,ELÍAS PIÑA,ELÍAS PIÑA,MINISTERIO DE AGRICULTURA,EMCV,,,0.0,https://indomet.gob.do/wp-content/uploads/2026/06/temperaturas-extremas-y-precipitaciones-2026x06x17-a.pdf
2026-06-17,042,ENSANCHE LA FE (EMA),DISTRITO NACIONAL,PRIVADA,EMAP,,,0.0,https://indomet.gob.do/wp-content/uploads/2026/06/temperaturas-extremas-y-precipitaciones-2026x06x17-a.pdf
2026-06-17,043,ESCONDIDO,PERAVIA,MINISTERIO DE AGRICULTURA,EMCV,32.0,24.0,0.0,https://indomet.gob.do/wp-content/uploads/2026/06/temperaturas-extremas-y-precipitaciones-2026x06x17-a.pdf
2026-06-17,044,GURABO,SANTIAGO,MINISTERIO DE AGRICULTURA,EMCV,,,0.0,https://indomet.gob.do/wp-content/uploads/2026/06/temperaturas-extremas-y-precipitaciones-2026x06x17-a.pdf
2026-06-17,045,HONDO VALLE,ELÍAS PIÑA,MINISTERIO DE AGRICULTURA,EMCI,29.2,19.0,0.0,https://indomet.gob.do/wp-content/uploads/2026/06/temperaturas-extremas-y-precipitaciones-2026x06x17-a.pdf
2026-06-17,046,JARABACOA,LA VEGA,INDRHI / MARENA,EMCI,33.6,16.0,0.0,https://indomet.gob.do/wp-content/uploads/2026/06/temperaturas-extremas-y-precipitaciones-2026x06x17-a.pdf
2026-06-17,047,JARABACOA (EMA),LA VEGA,PROGRAMA MUNDIAL DE ALIMENTO,EMAP,32.1,19.1,0.0,https://indomet.gob.do/wp-content/uploads/2026/06/temperaturas-extremas-y-precipitaciones-2026x06x17-a.pdf
2026-06-17,048,JARDÍN BOTÁNICO NACIONAL,DISTRITO NACIONAL,JARDÍN BOTÁNICO NACIONAL,EMCV,31.8,22.3,0.0,https://indomet.gob.do/wp-content/uploads/2026/06/temperaturas-extremas-y-precipitaciones-2026x06x17-a.pdf
2026-06-17,049,JIMANÍ,INDEPENDENCIA,MINISTERIO DE AGRICULTURA,EMCI,37.2,25.5,0.0,https://indomet.gob.do/wp-content/uploads/2026/06/temperaturas-extremas-y-precipitaciones-2026x06x17-a.pdf
2026-06-17,050,LA AGUSTINA (EMA),DISTRITO NACIONAL,PRIVADA,EMAP,,,0.0,https://indomet.gob.do/wp-content/uploads/2026/06/temperaturas-extremas-y-precipitaciones-2026x06x17-a.pdf
2026-06-17,051,LA VEGA,LA VEGA,IATESA,EMCI,34.5,24.5,0.0,https://indomet.gob.do/wp-content/uploads/2026/06/temperaturas-extremas-y-precipitaciones-2026x06x17-a.pdf
2026-06-17,052,LA VICTORIA,SANTO DOMINGO,CUERPO DE BOMBEROS,EMCI,34.0,23.0,0.0,https://indomet.gob.do/wp-content/uploads/2026/06/temperaturas-extremas-y-precipitaciones-2026x06x17-a.pdf
2026-06-17,053,LAS CANAS (EMA),MONTE CRISTI,PROGRAMA MUNDIAL DE ALIMENTO,EMAP,31.8,23.7,0.0,https://indomet.gob.do/wp-content/uploads/2026/06/temperaturas-extremas-y-precipitaciones-2026x06x17-a.pdf
2026-06-17,054,LOS JARDINES (EMA),DISTRITO NACIONAL,PRIVADA,EMAP,,,0.0,https://indomet.gob.do/wp-content/uploads/2026/06/temperaturas-extremas-y-precipitaciones-2026x06x17-a.pdf
2026-06-17,055,LOS JENGIBRES,NAGUA,INDRHI,EMCI,,,0.0,https://indomet.gob.do/wp-content/uploads/2026/06/temperaturas-extremas-y-precipitaciones-2026x06x17-a.pdf
2026-06-17,056,LOS LLANOS,SAN PEDRO DE MACORÍS,MINISTERIO DE AGRICULTURA,EMCI,34.8,23.4,0.0,https://indomet.gob.do/wp-content/uploads/2026/06/temperaturas-extremas-y-precipitaciones-2026x06x17-a.pdf
2026-06-17,057,LOS PRADOS (EMA),DISTRITO NACIONAL,PRIVADA,EMAP,,,0.0,https://indomet.gob.do/wp-content/uploads/2026/06/temperaturas-extremas-y-precipitaciones-2026x06x17-a.pdf
2026-06-17,058,MAO,VALVERDE,INDRHI / MINISTERIO DE AGRICULTURA,EMCV,,,0.0,https://indomet.gob.do/wp-content/uploads/2026/06/temperaturas-extremas-y-precipitaciones-2026x06x17-a.pdf
2026-06-17,059,MICHES (EMA),EL SEIBO,PRIVADA,EMAP,31.9,23.9,0.0,https://indomet.gob.do/wp-content/uploads/2026/06/temperaturas-extremas-y-precipitaciones-2026x06x17-a.pdf
2026-06-17,060,MONCIÓN (EMA),SANTIAGO RODRÍGUEZ,PROGRAMA MUNDIAL DE ALIMENTO,EMAP,33.4,21.6,0.0,https://indomet.gob.do/wp-content/uploads/2026/06/temperaturas-extremas-y-precipitaciones-2026x06x17-a.pdf
2026-06-17,061,MONTE CRISTI,MONTE CRISTI,INDOMET,EMCI,35.0,24.5,0.0,https://indomet.gob.do/wp-content/uploads/2026/06/temperaturas-extremas-y-precipitaciones-2026x06x17-a.pdf
2026-06-17,062,NAVARRETE,SANTIAGO,MINISTERIO DE AGRICULTURA,EMCV,,,0.0,https://indomet.gob.do/wp-content/uploads/2026/06/temperaturas-extremas-y-precipitaciones-2026x06x17-a.pdf
2026-06-17,063,OLIVARES,PEDERNALES,INDRHI,EMCI,,,0.0,https://indomet.gob.do/wp-content/uploads/2026/06/temperaturas-extremas-y-precipitaciones-2026x06x17-a.pdf
2026-06-17,064,PADRE LAS CASAS,AZUA,HOSP. NTRA. SRA. DEL CARMEN,EMCI,33.0,20.5,0.0,https://indomet.gob.do/wp-content/uploads/2026/06/temperaturas-extremas-y-precipitaciones-2026x06x17-a.pdf
2026-06-17,065,PALO ÍNDIO,PUERTO PLATA,MINISTERIO DE AGRICULTURA,EMCI,,,0.0,https://indomet.gob.do/wp-content/uploads/2026/06/temperaturas-extremas-y-precipitaciones-2026x06x17-a.pdf
2026-06-17,066,PASO AL MEDIO,SAN PEDRO DE MACORÍS,INDRHI,EMCI,,,0.0,https://indomet.gob.do/wp-content/uploads/2026/06/temperaturas-extremas-y-precipitaciones-2026x06x17-a.pdf
2026-06-17,067,PEDERNALES,PEDERNALES,INDRHI,EMCI,,,0.0,https://indomet.gob.do/wp-content/uploads/2026/06/temperaturas-extremas-y-precipitaciones-2026x06x17-a.pdf
2026-06-17,068,PERALTA,AZUA,HOSP. MPAL. DE PERALTA,EMCI,33.0,19.5,0.0,https://indomet.gob.do/wp-content/uploads/2026/06/temperaturas-extremas-y-precipitaciones-2026x06x17-a.pdf
2026-06-17,069,PONTÓN ABAJO (EMA),LA VEGA,MINISTERIO DE AGRICULTURA,EMAP,36.7,24.7,0.0,https://indomet.gob.do/wp-content/uploads/2026/06/temperaturas-extremas-y-precipitaciones-2026x06x17-a.pdf
2026-06-17,070,PRESA DE TAVERAS (EMA),LA VEGA,PROGRAMA MUNDIAL DE ALIMENTO,EMAP,32.7,22.7,0.0,https://indomet.gob.do/wp-content/uploads/2026/06/temperaturas-extremas-y-precipitaciones-2026x06x17-a.pdf
2026-06-17,071,RESTAURACIÓN,DAJABÓN,MINISTERIO DE AGRICULTURA,EMCI,32.9,18.9,0.0,https://indomet.gob.do/wp-content/uploads/2026/06/temperaturas-extremas-y-precipitaciones-2026x06x17-a.pdf
2026-06-17,072,RÍO SAN JUAN,MARÍA TRINIDAD SÁNCHEZ,HOSP. MPAL. DR. DESIDERIO ACOSTA,EMCV,34.8,24.4,0.0,https://indomet.gob.do/wp-content/uploads/2026/06/temperaturas-extremas-y-precipitaciones-2026x06x17-a.pdf
2026-06-17,073,SABANETA (EMA),SANTIAGO RODRÍGUEZ,PROGRAMA MUNDIAL DE ALIMENTO,EMAP,37.2,22.9,0.0,https://indomet.gob.do/wp-content/uploads/2026/06/temperaturas-extremas-y-precipitaciones-2026x06x17-a.pdf
2026-06-17,074,SALCEDO,HERMANAS MIRABAL,PROPIEDAD DEL EMPLEADO,EMCI,,,0.0,https://indomet.gob.do/wp-content/uploads/2026/06/temperaturas-extremas-y-precipitaciones-2026x06x17-a.pdf
2026-06-17,075,SAMANÁ,SAMANÁ,COMANDANCIA DE PUERTO DE SAMANÁ,EMCI,34.0,19.3,0.0,https://indomet.gob.do/wp-content/uploads/2026/06/temperaturas-extremas-y-precipitaciones-2026x06x17-a.pdf
2026-06-17,076,SAN FRANCISCO DE MACORÍS,DUARTE,San Francisco de Macorís (UASD),EMCI,34.8,23.7,0.0,https://indomet.gob.do/wp-content/uploads/2026/06/temperaturas-extremas-y-precipitaciones-2026x06x17-a.pdf
2026-06-17,077,SAN JOSÉ DE OCOA,SAN JOSÉ DE OCOA,HOSP. SAN JOSÉ DE OCOA,EMCI,33.8,22.7,0.0,https://indomet.gob.do/wp-content/uploads/2026/06/temperaturas-extremas-y-precipitaciones-2026x06x17-a.pdf
2026-06-17,078,SÁNCHEZ,SAMANÁ,MINISTERIO DE AGRICULTURA,EMCI,33.5,,0.0,https://indomet.gob.do/wp-content/uploads/2026/06/temperaturas-extremas-y-precipitaciones-2026x06x17-a.pdf
2026-06-17,079,SANTIAGO (CENTRO),SANTIAGO,HUACALITO,EMCI,,,0.0,https://indomet.gob.do/wp-content/uploads/2026/06/temperaturas-extremas-y-precipitaciones-2026x06x17-a.pdf
2026-06-17,080,SANTIAGO RODRÍGUEZ,SANTIAGO RODRÍGUEZ,INDOMET,EMCI,37.0,24.5,0.0,https://indomet.gob.do/wp-content/uploads/2026/06/temperaturas-extremas-y-precipitaciones-2026x06x17-a.pdf
2026-06-17,081,SANTO DOMINGO ESTE,SANTO DOMINGO,INDOMET,EMCI,34.0,25.7,0.0,https://indomet.gob.do/wp-content/uploads/2026/06/temperaturas-extremas-y-precipitaciones-2026x06x17-a.pdf
2026-06-17,082,TÁBARA ABAJO,AZUA,INDRHI,EMCI,33.5,22.0,0.0,https://indomet.gob.do/wp-content/uploads/2026/06/temperaturas-extremas-y-precipitaciones-2026x06x17-a.pdf
2026-06-17,083,TAMBORIL,SANTIAGO,MINISTERIO DE AGRICULTURA,EMCV,,,0.0,https://indomet.gob.do/wp-content/uploads/2026/06/temperaturas-extremas-y-precipitaciones-2026x06x17-a.pdf
2026-06-17,084,VILLA GONZALES,SANTIAGO,MINISTERIO DE AGRICULTURA,EMCI,,,0.0,https://indomet.gob.do/wp-content/uploads/2026/06/temperaturas-extremas-y-precipitaciones-2026x06x17-a.pdf
2026-06-17,085,VILLA ISABELA,PUERTO PLATA,MINISTERIO DE AGRICULTURA,EMCV,34.8,21.8,0.0,https://indomet.gob.do/wp-content/uploads/2026/06/temperaturas-extremas-y-precipitaciones-2026x06x17-a.pdf
2026-06-17,086,VILLA RIVA,DUARTE,HOSP. MPAL. ALICIA DE LEGENDRE,EMCI,33.0,22.5,0.0,https://indomet.gob.do/wp-content/uploads/2026/06/temperaturas-extremas-y-precipitaciones-2026x06x17-a.pdf
2026-06-19,001,COTUI HOSP.MUNICIPAL,SÁNCHEZ RAMÍREZ,PROGRAMA MUNDIAL DE ALIMENTO,EMAP,,,5.8,https://indomet.gob.do/wp-content/uploads/2026/06/temperaturas-extremas-y-precipitaciones-2026x06x19-a.pdf
2026-06-19,002,SÁNCHEZ RAMÍREZ,SÁNCHEZ RAMÍREZ,PRIVADA,EMAP,,,3.3,https://indomet.gob.do/wp-content/uploads/2026/06/temperaturas-extremas-y-precipitaciones-2026x06x19-a.pdf
2026-06-19,003,RÍO SAN JUAN,MARÍA TRINIDAD SÁNCHEZ,HOSP. MPAL. DR. DESIDERIO ACOSTA,EMCV,34.7,25.0,0.8,https://indomet.gob.do/wp-content/uploads/2026/06/temperaturas-extremas-y-precipitaciones-2026x06x19-a.pdf
2026-06-19,004,PONTÓN ABAJO (EMA),LA VEGA,MINISTERIO DE AGRICULTURA,EMAP,35.8,24.6,0.6,https://indomet.gob.do/wp-content/uploads/2026/06/temperaturas-extremas-y-precipitaciones-2026x06x19-a.pdf
2026-06-19,005,BAYAGUANA,MONTE PLATA,INDOMET,EMCI,34.8,22.6,0.3,https://indomet.gob.do/wp-content/uploads/2026/06/temperaturas-extremas-y-precipitaciones-2026x06x19-a.pdf
2026-06-19,006,CABRAL,BARAHONA,MINISTERIO DE AGRICULTURA,EMCV,34.7,25.2,0.1,https://indomet.gob.do/wp-content/uploads/2026/06/temperaturas-extremas-y-precipitaciones-2026x06x19-a.pdf
2026-06-19,007,LA VEGA,LA VEGA,IATESA,EMCI,34.7,24.0,0.1,https://indomet.gob.do/wp-content/uploads/2026/06/temperaturas-extremas-y-precipitaciones-2026x06x19-a.pdf
2026-06-19,008,POLO,BARAHONA,INDOCAFE,EMCI,30.0,17.6,0.1,https://indomet.gob.do/wp-content/uploads/2026/06/temperaturas-extremas-y-precipitaciones-2026x06x19-a.pdf
2026-06-19,009,SABANA GRANDE DE BOYÁ,MONTE PLATA,MINISTERIO DE AGRICULTURA,EMCV,,,0.1,https://indomet.gob.do/wp-content/uploads/2026/06/temperaturas-extremas-y-precipitaciones-2026x06x19-a.pdf
2026-06-19,010,ALTAMIRA,PUERTO PLATA,HOSP. MPAL. DE ALTAMIRA,EMCI,35.2,22.6,0.0,https://indomet.gob.do/wp-content/uploads/2026/06/temperaturas-extremas-y-precipitaciones-2026x06x19-a.pdf
2026-06-19,011,ALTO BANDERA (EMA),LA VEGA,INTEC,EMAP,16.2,9.4,0.0,https://indomet.gob.do/wp-content/uploads/2026/06/temperaturas-extremas-y-precipitaciones-2026x06x19-a.pdf
2026-06-19,012,ANAMUYA (EMA),LA ALTAGRACIA,MINISTERIO DE AGRICULTURA,EMAP,34.1,25.7,0.0,https://indomet.gob.do/wp-content/uploads/2026/06/temperaturas-extremas-y-precipitaciones-2026x06x19-a.pdf
2026-06-19,013,ARPT. ARROYO BARRIL,SAMANÁ,INDOMET,EMCI,32.7,24.7,0.0,https://indomet.gob.do/wp-content/uploads/2026/06/temperaturas-extremas-y-precipitaciones-2026x06x19-a.pdf
2026-06-19,014,ARPT. DE LA ROMANA,LA ROMANA,INDOMET,EMCI,34.5,23.5,0.0,https://indomet.gob.do/wp-content/uploads/2026/06/temperaturas-extremas-y-precipitaciones-2026x06x19-a.pdf
2026-06-19,015,ARPT. DE LAS AMÉRICAS,SANTO DOMINGO,INDOMET,EMCI,34.5,23.3,0.0,https://indomet.gob.do/wp-content/uploads/2026/06/temperaturas-extremas-y-precipitaciones-2026x06x19-a.pdf
2026-06-19,016,ARPT. DE PUNTA CANA,LA ALTAGRACIA,INDOMET,EMCI,32.0,24.6,0.0,https://indomet.gob.do/wp-content/uploads/2026/06/temperaturas-extremas-y-precipitaciones-2026x06x19-a.pdf
2026-06-19,017,ARPT. DEL CIBAO,SANTIAGO,INDOMET,EMCI,35.5,23.0,0.0,https://indomet.gob.do/wp-content/uploads/2026/06/temperaturas-extremas-y-precipitaciones-2026x06x19-a.pdf
2026-06-19,018,ARPT. EL CATEY,SAMANÁ,INDOMET,EMCI,32.7,22.6,0.0,https://indomet.gob.do/wp-content/uploads/2026/06/temperaturas-extremas-y-precipitaciones-2026x06x19-a.pdf
2026-06-19,019,ARPT. GREGORIO LUPERÓN,PUERTO PLATA,INDOMET,EMCI,33.0,23.7,0.0,https://indomet.gob.do/wp-content/uploads/2026/06/temperaturas-extremas-y-precipitaciones-2026x06x19-a.pdf
2026-06-19,020,ARPT. LA ISABELA,SANTO DOMINGO,INDOMET,EMCI,34.8,22.5,0.0,https://indomet.gob.do/wp-content/uploads/2026/06/temperaturas-extremas-y-precipitaciones-2026x06x19-a.pdf
2026-06-19,021,ARPT. MARÍA MONTEZ,BARAHONA,INDOMET,EMCI,33.8,22.6,0.0,https://indomet.gob.do/wp-content/uploads/2026/06/temperaturas-extremas-y-precipitaciones-2026x06x19-a.pdf
2026-06-19,022,ARROYO LORO,SAN JUAN,IDIAF,EMCI,35.0,20.7,0.0,https://indomet.gob.do/wp-content/uploads/2026/06/temperaturas-extremas-y-precipitaciones-2026x06x19-a.pdf
2026-06-19,023,BANI (EMA),PERAVIA,MINISTERIO DE AGRICULTURA,EMAP,33.3,25.8,0.0,https://indomet.gob.do/wp-content/uploads/2026/06/temperaturas-extremas-y-precipitaciones-2026x06x19-a.pdf
2026-06-19,024,BELLA VISTA (EMA),DISTRITO NACIONAL,PRIVADA,EMAP,,,0.0,https://indomet.gob.do/wp-content/uploads/2026/06/temperaturas-extremas-y-precipitaciones-2026x06x19-a.pdf
2026-06-19,025,BOCA DE MAO (EMA),VALVERDE,MINISTERIO DE AGRICULTURA,EMAP,36.3,25.5,0.0,https://indomet.gob.do/wp-content/uploads/2026/06/temperaturas-extremas-y-precipitaciones-2026x06x19-a.pdf
2026-06-19,026,BONAO,MONSEÑOR NOUEL,MINISTERIO DE AGRICULTURA,EMCV,,,0.0,https://indomet.gob.do/wp-content/uploads/2026/06/temperaturas-extremas-y-precipitaciones-2026x06x19-a.pdf
2026-06-19,027,CABRERA,MARÍA TRINIDAD SÁNCHEZ,ESCUELA ARÍSTIDES FIALLO CABRAL,EMCI,33.6,27.0,0.0,https://indomet.gob.do/wp-content/uploads/2026/06/temperaturas-extremas-y-precipitaciones-2026x06x19-a.pdf
2026-06-19,028,CENTRO DE LOS HEROES (EMA),DISTRITO NACIONAL,MINISTERIO DE ENERGIA Y MINA,EMAP,32.6,26.8,0.0,https://indomet.gob.do/wp-content/uploads/2026/06/temperaturas-extremas-y-precipitaciones-2026x06x19-a.pdf
2026-06-19,029,CONSTANZA,LA VEGA,MINISTERIO DE AGRICULTURA,EMCI,29.8,12.0,0.0,https://indomet.gob.do/wp-content/uploads/2026/06/temperaturas-extremas-y-precipitaciones-2026x06x19-a.pdf
2026-06-19,030,CONSTANZA (EMA),LA VEGA,PROGRAMA MUNDIAL DE ALIMENTO,EMAP,28.5,13.8,0.0,https://indomet.gob.do/wp-content/uploads/2026/06/temperaturas-extremas-y-precipitaciones-2026x06x19-a.pdf
2026-06-19,031,DAJABÓN,DAJABÓN,INSTITUTO POLITÉCNICO LOYOLA,EMCI,36.4,21.0,0.0,https://indomet.gob.do/wp-content/uploads/2026/06/temperaturas-extremas-y-precipitaciones-2026x06x19-a.pdf
2026-06-19,032,EL MILLON (EMA),DISTRITO NACIONAL,PRIVADA,EMAP,,,0.0,https://indomet.gob.do/wp-content/uploads/2026/06/temperaturas-extremas-y-precipitaciones-2026x06x19-a.pdf
2026-06-19,033,ELÍAS PIÑA,ELÍAS PIÑA,MINISTERIO DE AGRICULTURA,EMCV,,,0.0,https://indomet.gob.do/wp-content/uploads/2026/06/temperaturas-extremas-y-precipitaciones-2026x06x19-a.pdf
2026-06-19,034,ENRIQUILLO,BARAHONA,MINISTERIO DE AGRICULTURA,EMCV,33.0,24.5,0.0,https://indomet.gob.do/wp-content/uploads/2026/06/temperaturas-extremas-y-precipitaciones-2026x06x19-a.pdf
2026-06-19,035,ENSANCHE LA FE (EMA),DISTRITO NACIONAL,PRIVADA,EMAP,,,0.0,https://indomet.gob.do/wp-content/uploads/2026/06/temperaturas-extremas-y-precipitaciones-2026x06x19-a.pdf
2026-06-19,036,GASPAR HERNÁNDEZ,ESPAILLAT,PROPIEDAD DEL EMPLEADO,EMCI,,,0.0,https://indomet.gob.do/wp-content/uploads/2026/06/temperaturas-extremas-y-precipitaciones-2026x06x19-a.pdf
2026-06-19,037,GURABO,SANTIAGO,MINISTERIO DE AGRICULTURA,EMCV,,,0.0,https://indomet.gob.do/wp-content/uploads/2026/06/temperaturas-extremas-y-precipitaciones-2026x06x19-a.pdf
2026-06-19,038,HATO MAYOR,HATO MAYOR,MINISTERIO DE AGRICULTURA,EMCV,,,0.0,https://indomet.gob.do/wp-content/uploads/2026/06/temperaturas-extremas-y-precipitaciones-2026x06x19-a.pdf
2026-06-19,039,HONDO VALLE,ELÍAS PIÑA,MINISTERIO DE AGRICULTURA,EMCI,29.2,19.9,0.0,https://indomet.gob.do/wp-content/uploads/2026/06/temperaturas-extremas-y-precipitaciones-2026x06x19-a.pdf
2026-06-19,040,JARABACOA,LA VEGA,INDRHI / MARENA,EMCI,33.8,15.6,0.0,https://indomet.gob.do/wp-content/uploads/2026/06/temperaturas-extremas-y-precipitaciones-2026x06x19-a.pdf
2026-06-19,041,JARABACOA (EMA),LA VEGA,PROGRAMA MUNDIAL DE ALIMENTO,EMAP,32.2,18.0,0.0,https://indomet.gob.do/wp-content/uploads/2026/06/temperaturas-extremas-y-precipitaciones-2026x06x19-a.pdf
2026-06-19,042,JIMANÍ,INDEPENDENCIA,MINISTERIO DE AGRICULTURA,EMCI,36.2,25.2,0.0,https://indomet.gob.do/wp-content/uploads/2026/06/temperaturas-extremas-y-precipitaciones-2026x06x19-a.pdf
2026-06-19,043,JUMA BEJUCAL,MONSEÑOR NOUEL,IDIAF,EMCV,33.6,23.2,0.0,https://indomet.gob.do/wp-content/uploads/2026/06/temperaturas-extremas-y-precipitaciones-2026x06x19-a.pdf
2026-06-19,044,LA AGUSTINA (EMA),DISTRITO NACIONAL,PRIVADA,EMAP,,,0.0,https://indomet.gob.do/wp-content/uploads/2026/06/temperaturas-extremas-y-precipitaciones-2026x06x19-a.pdf
2026-06-19,045,LA VICTORIA,SANTO DOMINGO,CUERPO DE BOMBEROS,EMCI,35.2,23.6,0.0,https://indomet.gob.do/wp-content/uploads/2026/06/temperaturas-extremas-y-precipitaciones-2026x06x19-a.pdf
2026-06-19,046,LAS CANAS (EMA),MONTE CRISTI,PROGRAMA MUNDIAL DE ALIMENTO,EMAP,31.4,24.4,0.0,https://indomet.gob.do/wp-content/uploads/2026/06/temperaturas-extremas-y-precipitaciones-2026x06x19-a.pdf
2026-06-19,047,LOS COCOS (EMA),BAHORUCO,PRIVADA,EMAP,,,0.0,https://indomet.gob.do/wp-content/uploads/2026/06/temperaturas-extremas-y-precipitaciones-2026x06x19-a.pdf
2026-06-19,048,LOS JARDINES (EMA),DISTRITO NACIONAL,PRIVADA,EMAP,,,0.0,https://indomet.gob.do/wp-content/uploads/2026/06/temperaturas-extremas-y-precipitaciones-2026x06x19-a.pdf
2026-06-19,049,LOS LLANOS,SAN PEDRO DE MACORÍS,MINISTERIO DE AGRICULTURA,EMCI,35.3,23.5,0.0,https://indomet.gob.do/wp-content/uploads/2026/06/temperaturas-extremas-y-precipitaciones-2026x06x19-a.pdf
2026-06-19,050,LOS PRADOS (EMA),DISTRITO NACIONAL,PRIVADA,EMAP,,,0.0,https://indomet.gob.do/wp-content/uploads/2026/06/temperaturas-extremas-y-precipitaciones-2026x06x19-a.pdf
2026-06-19,051,MAO,VALVERDE,INDRHI / MINISTERIO DE AGRICULTURA,EMCV,,,0.0,https://indomet.gob.do/wp-content/uploads/2026/06/temperaturas-extremas-y-precipitaciones-2026x06x19-a.pdf
2026-06-19,052,MICHES (EMA),EL SEIBO,PRIVADA,EMAP,32.1,24.1,0.0,https://indomet.gob.do/wp-content/uploads/2026/06/temperaturas-extremas-y-precipitaciones-2026x06x19-a.pdf
2026-06-19,053,MONCIÓN (EMA),SANTIAGO RODRÍGUEZ,PROGRAMA MUNDIAL DE ALIMENTO,EMAP,32.4,22.6,0.0,https://indomet.gob.do/wp-content/uploads/2026/06/temperaturas-extremas-y-precipitaciones-2026x06x19-a.pdf
2026-06-19,054,MONTE CRISTI,MONTE CRISTI,INDOMET,EMCI,36.0,25.8,0.0,https://indomet.gob.do/wp-content/uploads/2026/06/temperaturas-extremas-y-precipitaciones-2026x06x19-a.pdf
2026-06-19,055,NAVARRETE,SANTIAGO,MINISTERIO DE AGRICULTURA,EMCV,,,0.0,https://indomet.gob.do/wp-content/uploads/2026/06/temperaturas-extremas-y-precipitaciones-2026x06x19-a.pdf
2026-06-19,056,OVIEDO,PEDERNALES,CLÍNICA RURAL OVIEDO,EMCI,32.5,25.0,0.0,https://indomet.gob.do/wp-content/uploads/2026/06/temperaturas-extremas-y-precipitaciones-2026x06x19-a.pdf
2026-06-19,057,PADRE LAS CASAS,AZUA,HOSP. NTRA. SRA. DEL CARMEN,EMCI,34.0,19.5,0.0,https://indomet.gob.do/wp-content/uploads/2026/06/temperaturas-extremas-y-precipitaciones-2026x06x19-a.pdf
2026-06-19,058,PALO ÍNDIO,PUERTO PLATA,MINISTERIO DE AGRICULTURA,EMCI,,,0.0,https://indomet.gob.do/wp-content/uploads/2026/06/temperaturas-extremas-y-precipitaciones-2026x06x19-a.pdf
2026-06-19,059,PERALTA,AZUA,HOSP. MPAL. DE PERALTA,EMCI,34.2,18.0,0.0,https://indomet.gob.do/wp-content/uploads/2026/06/temperaturas-extremas-y-precipitaciones-2026x06x19-a.pdf
2026-06-19,060,PRESA DE TAVERAS (EMA),LA VEGA,PROGRAMA MUNDIAL DE ALIMENTO,EMAP,32.4,21.8,0.0,https://indomet.gob.do/wp-content/uploads/2026/06/temperaturas-extremas-y-precipitaciones-2026x06x19-a.pdf
2026-06-19,061,PROLONGACION 27 DE FEBRERO,DISTRITO NACIONAL,PRIVADA,EMAP,,,0.0,https://indomet.gob.do/wp-content/uploads/2026/06/temperaturas-extremas-y-precipitaciones-2026x06x19-a.pdf
2026-06-19,062,RANCHO ARRIBA,SAN JOSÉ DE OCOA,CENTRO TECNOLÓGICO COMUNITARIO,EMCI,32.3,17.8,0.0,https://indomet.gob.do/wp-content/uploads/2026/06/temperaturas-extremas-y-precipitaciones-2026x06x19-a.pdf
2026-06-19,063,RESTAURACIÓN,DAJABÓN,MINISTERIO DE AGRICULTURA,EMCI,33.1,18.3,0.0,https://indomet.gob.do/wp-content/uploads/2026/06/temperaturas-extremas-y-precipitaciones-2026x06x19-a.pdf
2026-06-19,064,SABANA DE LA MAR,HATO MAYOR,INDOMET,EMCI,31.5,22.4,0.0,https://indomet.gob.do/wp-content/uploads/2026/06/temperaturas-extremas-y-precipitaciones-2026x06x19-a.pdf
2026-06-19,065,SABANETA (EMA),SANTIAGO RODRÍGUEZ,PROGRAMA MUNDIAL DE ALIMENTO,EMAP,36.6,24.8,0.0,https://indomet.gob.do/wp-content/uploads/2026/06/temperaturas-extremas-y-precipitaciones-2026x06x19-a.pdf
2026-06-19,066,SALCEDO,HERMANAS MIRABAL,PROPIEDAD DEL EMPLEADO,EMCI,,,0.0,https://indomet.gob.do/wp-content/uploads/2026/06/temperaturas-extremas-y-precipitaciones-2026x06x19-a.pdf
2026-06-19,067,SAMANÁ,SAMANÁ,COMANDANCIA DE PUERTO DE SAMANÁ,EMCI,33.8,19.9,0.0,https://indomet.gob.do/wp-content/uploads/2026/06/temperaturas-extremas-y-precipitaciones-2026x06x19-a.pdf
2026-06-19,068,SAN CRISTÓBAL,SAN CRISTÓBAL,INSTITUTO POLITÉCNICO LOYOLA,EMCI,34.0,23.0,0.0,https://indomet.gob.do/wp-content/uploads/2026/06/temperaturas-extremas-y-precipitaciones-2026x06x19-a.pdf
2026-06-19,069,SAN JOSÉ DE OCOA,SAN JOSÉ DE OCOA,HOSP. SAN JOSÉ DE OCOA,EMCI,33.5,21.0,0.0,https://indomet.gob.do/wp-content/uploads/2026/06/temperaturas-extremas-y-precipitaciones-2026x06x19-a.pdf
2026-06-19,070,SAN RAFAEL DEL YUMA,LA ALTAGRACIA,MINISTERIO DE AGRICULTURA,EMCI,35.6,25.0,0.0,https://indomet.gob.do/wp-content/uploads/2026/06/temperaturas-extremas-y-precipitaciones-2026x06x19-a.pdf
2026-06-19,071,SÁNCHEZ,SAMANÁ,MINISTERIO DE AGRICULTURA,EMCI,32.7,,0.0,https://indomet.gob.do/wp-content/uploads/2026/06/temperaturas-extremas-y-precipitaciones-2026x06x19-a.pdf
2026-06-19,072,SANTIAGO RODRÍGUEZ,SANTIAGO RODRÍGUEZ,INDOMET,EMCI,36.5,25.6,0.0,https://indomet.gob.do/wp-content/uploads/2026/06/temperaturas-extremas-y-precipitaciones-2026x06x19-a.pdf
2026-06-19,073,SANTO DOMINGO ESTE,SANTO DOMINGO,INDOMET,EMCI,33.6,25.5,0.0,https://indomet.gob.do/wp-content/uploads/2026/06/temperaturas-extremas-y-precipitaciones-2026x06x19-a.pdf
2026-06-19,074,TÁBARA ABAJO,AZUA,INDRHI,EMCI,35.0,20.1,0.0,https://indomet.gob.do/wp-content/uploads/2026/06/temperaturas-extremas-y-precipitaciones-2026x06x19-a.pdf
2026-06-19,075,VILLA ALTAGRACIA,SAN CRISTÓBAL,ESCUELA JAVIER ANGULO GURIDI,EMCI,,,0.0,https://indomet.gob.do/wp-content/uploads/2026/06/temperaturas-extremas-y-precipitaciones-2026x06x19-a.pdf
2026-06-19,076,VILLA GONZALES,SANTIAGO,MINISTERIO DE AGRICULTURA,EMCI,,,0.0,https://indomet.gob.do/wp-content/uploads/2026/06/temperaturas-extremas-y-precipitaciones-2026x06x19-a.pdf
2026-06-19,077,VILLA ISABELA,PUERTO PLATA,MINISTERIO DE AGRICULTURA,EMCV,34.2,22.8,0.0,https://indomet.gob.do/wp-content/uploads/2026/06/temperaturas-extremas-y-precipitaciones-2026x06x19-a.pdf
2026-06-19,078,VILLA RIVA,DUARTE,HOSP. MPAL. ALICIA DE LEGENDRE,EMCI,34.0,23.0,0.0,https://indomet.gob.do/wp-content/uploads/2026/06/temperaturas-extremas-y-precipitaciones-2026x06x19-a.pdf
2026-06-20,001,DAJABÓN,DAJABÓN,INSTITUTO POLITÉCNICO LOYOLA,EMCI,35.8,20.5,4.2,https://indomet.gob.do/wp-content/uploads/2026/06/temperaturas-extremas-y-precipitaciones-2026x06x20-a.pdf
2026-06-20,002,BAYAGUANA,MONTE PLATA,INDOMET,EMCI,34.6,22.4,0.1,https://indomet.gob.do/wp-content/uploads/2026/06/temperaturas-extremas-y-precipitaciones-2026x06x20-a.pdf
2026-06-20,003,CABRAL,BARAHONA,MINISTERIO DE AGRICULTURA,EMCV,35.7,25.3,0.1,https://indomet.gob.do/wp-content/uploads/2026/06/temperaturas-extremas-y-precipitaciones-2026x06x20-a.pdf
2026-06-20,004,ALTAMIRA,PUERTO PLATA,HOSP. MPAL. DE ALTAMIRA,EMCI,35.6,21.0,0.0,https://indomet.gob.do/wp-content/uploads/2026/06/temperaturas-extremas-y-precipitaciones-2026x06x20-a.pdf
2026-06-20,005,ARPT. ARROYO BARRIL,SAMANÁ,INDOMET,EMCI,32.6,24.6,0.0,https://indomet.gob.do/wp-content/uploads/2026/06/temperaturas-extremas-y-precipitaciones-2026x06x20-a.pdf
2026-06-20,006,ARPT. DE LA ROMANA,LA ROMANA,INDOMET,EMCI,34.2,23.6,0.0,https://indomet.gob.do/wp-content/uploads/2026/06/temperaturas-extremas-y-precipitaciones-2026x06x20-a.pdf
2026-06-20,007,ARPT. DE LAS AMÉRICAS,SANTO DOMINGO,INDOMET,EMCI,34.0,23.9,0.0,https://indomet.gob.do/wp-content/uploads/2026/06/temperaturas-extremas-y-precipitaciones-2026x06x20-a.pdf
2026-06-20,008,ARPT. DE PUNTA CANA,LA ALTAGRACIA,INDOMET,EMCI,32.1,24.5,0.0,https://indomet.gob.do/wp-content/uploads/2026/06/temperaturas-extremas-y-precipitaciones-2026x06x20-a.pdf
2026-06-20,009,ARPT. DEL CIBAO,SANTIAGO,INDOMET,EMCI,36.4,23.5,0.0,https://indomet.gob.do/wp-content/uploads/2026/06/temperaturas-extremas-y-precipitaciones-2026x06x20-a.pdf
2026-06-20,010,ARPT. EL CATEY,SAMANÁ,INDOMET,EMCI,32.6,23.6,0.0,https://indomet.gob.do/wp-content/uploads/2026/06/temperaturas-extremas-y-precipitaciones-2026x06x20-a.pdf
2026-06-20,011,ARPT. GREGORIO LUPERÓN,PUERTO PLATA,INDOMET,EMCI,33.0,23.0,0.0,https://indomet.gob.do/wp-content/uploads/2026/06/temperaturas-extremas-y-precipitaciones-2026x06x20-a.pdf
2026-06-20,012,ARPT. LA ISABELA,SANTO DOMINGO,INDOMET,EMCI,35.2,22.0,0.0,https://indomet.gob.do/wp-content/uploads/2026/06/temperaturas-extremas-y-precipitaciones-2026x06x20-a.pdf
2026-06-20,013,ARPT. MARÍA MONTEZ,BARAHONA,INDOMET,EMCI,35.0,26.1,0.0,https://indomet.gob.do/wp-content/uploads/2026/06/temperaturas-extremas-y-precipitaciones-2026x06x20-a.pdf
2026-06-20,014,ARROYO LORO,SAN JUAN,IDIAF,EMCI,35.5,20.8,0.0,https://indomet.gob.do/wp-content/uploads/2026/06/temperaturas-extremas-y-precipitaciones-2026x06x20-a.pdf
2026-06-20,015,BONAO,MONSEÑOR NOUEL,MINISTERIO DE AGRICULTURA,EMCV,,,0.0,https://indomet.gob.do/wp-content/uploads/2026/06/temperaturas-extremas-y-precipitaciones-2026x06x20-a.pdf
2026-06-20,016,CABRERA,MARÍA TRINIDAD SÁNCHEZ,ESCUELA ARÍSTIDES FIALLO CABRAL,EMCI,33.6,27.5,0.0,https://indomet.gob.do/wp-content/uploads/2026/06/temperaturas-extremas-y-precipitaciones-2026x06x20-a.pdf
2026-06-20,017,CONSTANZA,LA VEGA,MINISTERIO DE AGRICULTURA,EMCI,31.6,10.9,0.0,https://indomet.gob.do/wp-content/uploads/2026/06/temperaturas-extremas-y-precipitaciones-2026x06x20-a.pdf
2026-06-20,018,ELÍAS PIÑA,ELÍAS PIÑA,MINISTERIO DE AGRICULTURA,EMCV,,,0.0,https://indomet.gob.do/wp-content/uploads/2026/06/temperaturas-extremas-y-precipitaciones-2026x06x20-a.pdf
2026-06-20,019,ENRIQUILLO,BARAHONA,MINISTERIO DE AGRICULTURA,EMCV,33.7,24.0,0.0,https://indomet.gob.do/wp-content/uploads/2026/06/temperaturas-extremas-y-precipitaciones-2026x06x20-a.pdf
2026-06-20,020,ESCONDIDO,PERAVIA,MINISTERIO DE AGRICULTURA,EMCV,34.0,26.0,0.0,https://indomet.gob.do/wp-content/uploads/2026/06/temperaturas-extremas-y-precipitaciones-2026x06x20-a.pdf
2026-06-20,021,GASPAR HERNÁNDEZ,ESPAILLAT,PROPIEDAD DEL EMPLEADO,EMCI,,,0.0,https://indomet.gob.do/wp-content/uploads/2026/06/temperaturas-extremas-y-precipitaciones-2026x06x20-a.pdf
2026-06-20,022,GURABO,SANTIAGO,MINISTERIO DE AGRICULTURA,EMCV,,,0.0,https://indomet.gob.do/wp-content/uploads/2026/06/temperaturas-extremas-y-precipitaciones-2026x06x20-a.pdf
2026-06-20,023,HATO MAYOR,HATO MAYOR,MINISTERIO DE AGRICULTURA,EMCV,,,0.0,https://indomet.gob.do/wp-content/uploads/2026/06/temperaturas-extremas-y-precipitaciones-2026x06x20-a.pdf
2026-06-20,024,HONDO VALLE,ELÍAS PIÑA,MINISTERIO DE AGRICULTURA,EMCI,29.8,19.6,0.0,https://indomet.gob.do/wp-content/uploads/2026/06/temperaturas-extremas-y-precipitaciones-2026x06x20-a.pdf
2026-06-20,025,JARABACOA,LA VEGA,INDRHI / MARENA,EMCI,34.6,16.4,0.0,https://indomet.gob.do/wp-content/uploads/2026/06/temperaturas-extremas-y-precipitaciones-2026x06x20-a.pdf
2026-06-20,026,JIMANÍ,INDEPENDENCIA,MINISTERIO DE AGRICULTURA,EMCI,37.2,26.4,0.0,https://indomet.gob.do/wp-content/uploads/2026/06/temperaturas-extremas-y-precipitaciones-2026x06x20-a.pdf
2026-06-20,027,JUMA BEJUCAL,MONSEÑOR NOUEL,IDIAF,EMCV,34.2,24.4,0.0,https://indomet.gob.do/wp-content/uploads/2026/06/temperaturas-extremas-y-precipitaciones-2026x06x20-a.pdf
2026-06-20,028,LA VEGA,LA VEGA,IATESA,EMCI,35.5,22.5,0.0,https://indomet.gob.do/wp-content/uploads/2026/06/temperaturas-extremas-y-precipitaciones-2026x06x20-a.pdf
2026-06-20,029,LA VICTORIA,SANTO DOMINGO,CUERPO DE BOMBEROS,EMCI,35.5,23.0,0.0,https://indomet.gob.do/wp-content/uploads/2026/06/temperaturas-extremas-y-precipitaciones-2026x06x20-a.pdf
2026-06-20,030,LOS LLANOS,SAN PEDRO DE MACORÍS,MINISTERIO DE AGRICULTURA,EMCI,35.6,23.7,0.0,https://indomet.gob.do/wp-content/uploads/2026/06/temperaturas-extremas-y-precipitaciones-2026x06x20-a.pdf
2026-06-20,031,MAO,VALVERDE,INDRHI / MINISTERIO DE AGRICULTURA,EMCV,,,0.0,https://indomet.gob.do/wp-content/uploads/2026/06/temperaturas-extremas-y-precipitaciones-2026x06x20-a.pdf
2026-06-20,032,MONTE CRISTI,MONTE CRISTI,INDOMET,EMCI,35.0,25.5,0.0,https://indomet.gob.do/wp-content/uploads/2026/06/temperaturas-extremas-y-precipitaciones-2026x06x20-a.pdf
2026-06-20,033,OVIEDO,PEDERNALES,CLÍNICA RURAL OVIEDO,EMCI,32.8,24.6,0.0,https://indomet.gob.do/wp-content/uploads/2026/06/temperaturas-extremas-y-precipitaciones-2026x06x20-a.pdf
2026-06-20,034,PADRE LAS CASAS,AZUA,HOSP. NTRA. SRA. DEL CARMEN,EMCI,34.5,18.5,0.0,https://indomet.gob.do/wp-content/uploads/2026/06/temperaturas-extremas-y-precipitaciones-2026x06x20-a.pdf
2026-06-20,035,PALO ÍNDIO,PUERTO PLATA,MINISTERIO DE AGRICULTURA,EMCI,,,0.0,https://indomet.gob.do/wp-content/uploads/2026/06/temperaturas-extremas-y-precipitaciones-2026x06x20-a.pdf
2026-06-20,036,PERALTA,AZUA,HOSP. MPAL. DE PERALTA,EMCI,34.5,20.2,0.0,https://indomet.gob.do/wp-content/uploads/2026/06/temperaturas-extremas-y-precipitaciones-2026x06x20-a.pdf
2026-06-20,037,POLO,BARAHONA,INDOCAFE,EMCI,30.2,18.0,0.0,https://indomet.gob.do/wp-content/uploads/2026/06/temperaturas-extremas-y-precipitaciones-2026x06x20-a.pdf
2026-06-20,038,RANCHO ARRIBA,SAN JOSÉ DE OCOA,CENTRO TECNOLÓGICO COMUNITARIO,EMCI,34.7,16.6,0.0,https://indomet.gob.do/wp-content/uploads/2026/06/temperaturas-extremas-y-precipitaciones-2026x06x20-a.pdf
2026-06-20,039,RESTAURACIÓN,DAJABÓN,MINISTERIO DE AGRICULTURA,EMCI,33.4,18.5,0.0,https://indomet.gob.do/wp-content/uploads/2026/06/temperaturas-extremas-y-precipitaciones-2026x06x20-a.pdf
2026-06-20,040,RÍO SAN JUAN,MARÍA TRINIDAD SÁNCHEZ,HOSP. MPAL. DR. DESIDERIO ACOSTA,EMCV,34.6,23.9,0.0,https://indomet.gob.do/wp-content/uploads/2026/06/temperaturas-extremas-y-precipitaciones-2026x06x20-a.pdf
2026-06-20,041,SABANA DE LA MAR,HATO MAYOR,INDOMET,EMCI,32.0,22.4,0.0,https://indomet.gob.do/wp-content/uploads/2026/06/temperaturas-extremas-y-precipitaciones-2026x06x20-a.pdf
2026-06-20,042,SABANA GRANDE DE BOYÁ,MONTE PLATA,MINISTERIO DE AGRICULTURA,EMCV,,,0.0,https://indomet.gob.do/wp-content/uploads/2026/06/temperaturas-extremas-y-precipitaciones-2026x06x20-a.pdf
2026-06-20,043,SALCEDO,HERMANAS MIRABAL,PROPIEDAD DEL EMPLEADO,EMCI,,,0.0,https://indomet.gob.do/wp-content/uploads/2026/06/temperaturas-extremas-y-precipitaciones-2026x06x20-a.pdf
2026-06-20,044,SAMANÁ,SAMANÁ,COMANDANCIA DE PUERTO DE SAMANÁ,EMCI,34.0,18.6,0.0,https://indomet.gob.do/wp-content/uploads/2026/06/temperaturas-extremas-y-precipitaciones-2026x06x20-a.pdf
2026-06-20,045,SAN CRISTÓBAL,SAN CRISTÓBAL,INSTITUTO POLITÉCNICO LOYOLA,EMCI,34.5,21.5,0.0,https://indomet.gob.do/wp-content/uploads/2026/06/temperaturas-extremas-y-precipitaciones-2026x06x20-a.pdf
2026-06-20,046,SAN RAFAEL DEL YUMA,LA ALTAGRACIA,MINISTERIO DE AGRICULTURA,EMCI,35.7,24.0,0.0,https://indomet.gob.do/wp-content/uploads/2026/06/temperaturas-extremas-y-precipitaciones-2026x06x20-a.pdf
2026-06-20,047,SÁNCHEZ,SAMANÁ,MINISTERIO DE AGRICULTURA,EMCI,32.2,,0.0,https://indomet.gob.do/wp-content/uploads/2026/06/temperaturas-extremas-y-precipitaciones-2026x06x20-a.pdf
2026-06-20,048,SANTIAGO RODRÍGUEZ,SANTIAGO RODRÍGUEZ,INDOMET,EMCI,37.5,23.2,0.0,https://indomet.gob.do/wp-content/uploads/2026/06/temperaturas-extremas-y-precipitaciones-2026x06x20-a.pdf
2026-06-20,049,SANTO DOMINGO ESTE,SANTO DOMINGO,INDOMET,EMCI,36.5,25.0,0.0,https://indomet.gob.do/wp-content/uploads/2026/06/temperaturas-extremas-y-precipitaciones-2026x06x20-a.pdf
2026-06-20,050,TÁBARA ABAJO,AZUA,INDRHI,EMCI,35.5,20.4,0.0,https://indomet.gob.do/wp-content/uploads/2026/06/temperaturas-extremas-y-precipitaciones-2026x06x20-a.pdf
2026-06-20,051,VILLA ALTAGRACIA,SAN CRISTÓBAL,ESCUELA JAVIER ANGULO GURIDI,EMCI,,,0.0,https://indomet.gob.do/wp-content/uploads/2026/06/temperaturas-extremas-y-precipitaciones-2026x06x20-a.pdf
2026-06-20,052,VILLA GONZALES,SANTIAGO,MINISTERIO DE AGRICULTURA,EMCI,,,0.0,https://indomet.gob.do/wp-content/uploads/2026/06/temperaturas-extremas-y-precipitaciones-2026x06x20-a.pdf
2026-06-20,053,VILLA RIVA,DUARTE,HOSP. MPAL. ALICIA DE LEGENDRE,EMCI,34.4,23.2,0.0,https://indomet.gob.do/wp-content/uploads/2026/06/temperaturas-extremas-y-precipitaciones-2026x06x20-a.pdf
2026-06-20,054,ALTO BANDERA (EMA),LA VEGA,INTEC,EMAP,17.9,7.8,0.0,https://indomet.gob.do/wp-content/uploads/2026/06/temperaturas-extremas-y-precipitaciones-2026x06x20-a.pdf
2026-06-20,055,ANAMUYA (EMA),LA ALTAGRACIA,MINISTERIO DE AGRICULTURA,EMAP,33.1,25.2,0.0,https://indomet.gob.do/wp-content/uploads/2026/06/temperaturas-extremas-y-precipitaciones-2026x06x20-a.pdf
2026-06-20,056,BANI (EMA),PERAVIA,MINISTERIO DE AGRICULTURA,EMAP,,,0.0,https://indomet.gob.do/wp-content/uploads/2026/06/temperaturas-extremas-y-precipitaciones-2026x06x20-a.pdf
2026-06-20,057,BOCA DE MAO (EMA),VALVERDE,MINISTERIO DE AGRICULTURA,EMAP,37.6,23.9,0.0,https://indomet.gob.do/wp-content/uploads/2026/06/temperaturas-extremas-y-precipitaciones-2026x06x20-a.pdf
2026-06-20,058,CONSTANZA (EMA),LA VEGA,PROGRAMA MUNDIAL DE ALIMENTO,EMAP,,,0.0,https://indomet.gob.do/wp-content/uploads/2026/06/temperaturas-extremas-y-precipitaciones-2026x06x20-a.pdf
2026-06-20,059,EL MILLON (EMA),DISTRITO NACIONAL,PRIVADA,EMAP,,,0.0,https://indomet.gob.do/wp-content/uploads/2026/06/temperaturas-extremas-y-precipitaciones-2026x06x20-a.pdf
2026-06-20,060,ENSANCHE LA FE (EMA),DISTRITO NACIONAL,PRIVADA,EMAP,,,0.0,https://indomet.gob.do/wp-content/uploads/2026/06/temperaturas-extremas-y-precipitaciones-2026x06x20-a.pdf
2026-06-20,061,JARABACOA (EMA),LA VEGA,PROGRAMA MUNDIAL DE ALIMENTO,EMAP,,,0.0,https://indomet.gob.do/wp-content/uploads/2026/06/temperaturas-extremas-y-precipitaciones-2026x06x20-a.pdf
2026-06-20,062,LA AGUSTINA (EMA),DISTRITO NACIONAL,PRIVADA,EMAP,,,0.0,https://indomet.gob.do/wp-content/uploads/2026/06/temperaturas-extremas-y-precipitaciones-2026x06x20-a.pdf
2026-06-20,063,LOS PRADOS (EMA),DISTRITO NACIONAL,PRIVADA,EMAP,,,0.0,https://indomet.gob.do/wp-content/uploads/2026/06/temperaturas-extremas-y-precipitaciones-2026x06x20-a.pdf
2026-06-20,064,MICHES (EMA),EL SEIBO,PRIVADA,EMAP,35.6,23.4,0.0,https://indomet.gob.do/wp-content/uploads/2026/06/temperaturas-extremas-y-precipitaciones-2026x06x20-a.pdf
2026-06-20,065,MONCIÓN (EMA),SANTIAGO RODRÍGUEZ,PROGRAMA MUNDIAL DE ALIMENTO,EMAP,34.7,19.4,0.0,https://indomet.gob.do/wp-content/uploads/2026/06/temperaturas-extremas-y-precipitaciones-2026x06x20-a.pdf
2026-06-20,066,LOS COCOS (EMA),BAHORUCO,PRIVADA,EMAP,,,0.0,https://indomet.gob.do/wp-content/uploads/2026/06/temperaturas-extremas-y-precipitaciones-2026x06x20-a.pdf
2026-06-20,067,PONTÓN ABAJO (EMA),LA VEGA,MINISTERIO DE AGRICULTURA,EMAP,37.1,22.9,0.0,https://indomet.gob.do/wp-content/uploads/2026/06/temperaturas-extremas-y-precipitaciones-2026x06x20-a.pdf
2026-06-20,068,PRESA DE TAVERAS (EMA),LA VEGA,PROGRAMA MUNDIAL DE ALIMENTO,EMAP,33.8,21.2,0.0,https://indomet.gob.do/wp-content/uploads/2026/06/temperaturas-extremas-y-precipitaciones-2026x06x20-a.pdf
2026-06-20,069,PROLONGACION 27 DE FEBRERO,DISTRITO NACIONAL,PRIVADA,EMAP,,,0.0,https://indomet.gob.do/wp-content/uploads/2026/06/temperaturas-extremas-y-precipitaciones-2026x06x20-a.pdf
2026-06-20,070,SABANETA (EMA),SANTIAGO RODRÍGUEZ,PROGRAMA MUNDIAL DE ALIMENTO,EMAP,37.8,22.7,0.0,https://indomet.gob.do/wp-content/uploads/2026/06/temperaturas-extremas-y-precipitaciones-2026x06x20-a.pdf
2026-06-20,071,TAMBORIL,SANTIAGO,MINISTERIO DE AGRICULTURA,EMCV,,,0.0,https://indomet.gob.do/wp-content/uploads/2026/06/temperaturas-extremas-y-precipitaciones-2026x06x20-a.pdf
2026-06-20,072,VILLA ISABELA,PUERTO PLATA,MINISTERIO DE AGRICULTURA,EMCV,34.5,22.5,0.0,https://indomet.gob.do/wp-content/uploads/2026/06/temperaturas-extremas-y-precipitaciones-2026x06x20-a.pdf
2026-06-20,073,OLIVARES,PEDERNALES,INDRHI,EMCI,,,0.0,https://indomet.gob.do/wp-content/uploads/2026/06/temperaturas-extremas-y-precipitaciones-2026x06x20-a.pdf
2026-06-20,074,PEDERNALES,PEDERNALES,INDRHI,EMCI,,,0.0,https://indomet.gob.do/wp-content/uploads/2026/06/temperaturas-extremas-y-precipitaciones-2026x06x20-a.pdf
2026-06-21,001,SABANA DE LA MAR,HATO MAYOR,INDOMET,EMCI,31.6,24.0,32.3,https://indomet.gob.do/wp-content/uploads/2026/06/temperaturas-extremas-y-precipitaciones-2026x06x21-a.pdf
2026-06-21,002,BARRAQUITO (EMA),DUARTE,PROGRAMA MUNDIAL DE ALIMENTO,EMAP,,,28.2,https://indomet.gob.do/wp-content/uploads/2026/06/temperaturas-extremas-y-precipitaciones-2026x06x21-a.pdf
2026-06-21,003,RÍO SAN JUAN,MARÍA TRINIDAD SÁNCHEZ,HOSP. MPAL. DR. DESIDERIO ACOSTA,EMCV,,24.5,24.6,https://indomet.gob.do/wp-content/uploads/2026/06/temperaturas-extremas-y-precipitaciones-2026x06x21-a.pdf
2026-06-21,004,CABRERA,MARÍA TRINIDAD SÁNCHEZ,ESCUELA ARÍSTIDES FIALLO CABRAL,EMCI,34.0,27.0,22.8,https://indomet.gob.do/wp-content/uploads/2026/06/temperaturas-extremas-y-precipitaciones-2026x06x21-a.pdf
2026-06-21,005,SAMANÁ,SAMANÁ,COMANDANCIA DE PUERTO DE SAMANÁ,EMCI,33.9,19.2,17.0,https://indomet.gob.do/wp-content/uploads/2026/06/temperaturas-extremas-y-precipitaciones-2026x06x21-a.pdf
2026-06-21,006,ARPT. LA ISABELA,SANTO DOMINGO,INDOMET,EMCI,33.5,23.0,15.0,https://indomet.gob.do/wp-content/uploads/2026/06/temperaturas-extremas-y-precipitaciones-2026x06x21-a.pdf
2026-06-21,007,PLAYA BONITA (EMA),SAMANÁ,PRIVADA,EMAP,,,14.5,https://indomet.gob.do/wp-content/uploads/2026/06/temperaturas-extremas-y-precipitaciones-2026x06x21-a.pdf
2026-06-21,008,SABANA GRANDE DE BOYÁ,MONTE PLATA,MINISTERIO DE AGRICULTURA,EMCV,,,14.0,https://indomet.gob.do/wp-content/uploads/2026/06/temperaturas-extremas-y-precipitaciones-2026x06x21-a.pdf
2026-06-21,009,BAYAGUANA,MONTE PLATA,INDOMET,EMCI,35.2,22.6,13.5,https://indomet.gob.do/wp-content/uploads/2026/06/temperaturas-extremas-y-precipitaciones-2026x06x21-a.pdf
2026-06-21,010,MICHES (EMA),EL SEIBO,PRIVADA,EMAP,32.2,24.7,10.8,https://indomet.gob.do/wp-content/uploads/2026/06/temperaturas-extremas-y-precipitaciones-2026x06x21-a.pdf
2026-06-21,011,ARENOSO (EMA),DUARTE,PROGRAMA MUNDIAL DE ALIMENTO,EMAP,,,10.6,https://indomet.gob.do/wp-content/uploads/2026/06/temperaturas-extremas-y-precipitaciones-2026x06x21-a.pdf
2026-06-21,012,POLO,BARAHONA,INDOCAFE,EMCI,30.7,16.5,8.6,https://indomet.gob.do/wp-content/uploads/2026/06/temperaturas-extremas-y-precipitaciones-2026x06x21-a.pdf
2026-06-21,013,ARPT. EL CATEY,SAMANÁ,INDOMET,EMCI,30.4,22.0,8.5,https://indomet.gob.do/wp-content/uploads/2026/06/temperaturas-extremas-y-precipitaciones-2026x06x21-a.pdf
2026-06-21,014,LOS LLANOS,SAN PEDRO DE MACORÍS,MINISTERIO DE AGRICULTURA,EMCI,35.5,23.4,8.4,https://indomet.gob.do/wp-content/uploads/2026/06/temperaturas-extremas-y-precipitaciones-2026x06x21-a.pdf
2026-06-21,015,ANAMUYA (EMA),LA ALTAGRACIA,MINISTERIO DE AGRICULTURA,EMAP,32.5,25.1,7.6,https://indomet.gob.do/wp-content/uploads/2026/06/temperaturas-extremas-y-precipitaciones-2026x06x21-a.pdf
2026-06-21,016,LA VICTORIA,SANTO DOMINGO,CUERPO DE BOMBEROS,EMCI,31.4,23.5,7.0,https://indomet.gob.do/wp-content/uploads/2026/06/temperaturas-extremas-y-precipitaciones-2026x06x21-a.pdf
2026-06-21,017,GASPAR HERNÁNDEZ,ESPAILLAT,PROPIEDAD DEL EMPLEADO,EMCI,,,6.6,https://indomet.gob.do/wp-content/uploads/2026/06/temperaturas-extremas-y-precipitaciones-2026x06x21-a.pdf
2026-06-21,018,JARABACOA (EMA),LA VEGA,PROGRAMA MUNDIAL DE ALIMENTO,EMAP,33.4,20.2,6.6,https://indomet.gob.do/wp-content/uploads/2026/06/temperaturas-extremas-y-precipitaciones-2026x06x21-a.pdf
2026-06-21,019,JUMA BEJUCAL,MONSEÑOR NOUEL,IDIAF,EMCV,34.6,24.0,6.1,https://indomet.gob.do/wp-content/uploads/2026/06/temperaturas-extremas-y-precipitaciones-2026x06x21-a.pdf
2026-06-21,020,ARPT. ARROYO BARRIL,SAMANÁ,INDOMET,EMCI,33.5,23.3,6.0,https://indomet.gob.do/wp-content/uploads/2026/06/temperaturas-extremas-y-precipitaciones-2026x06x21-a.pdf
2026-06-21,021,JARABACOA,LA VEGA,INDRHI / MARENA,EMCI,35.2,17.0,5.7,https://indomet.gob.do/wp-content/uploads/2026/06/temperaturas-extremas-y-precipitaciones-2026x06x21-a.pdf
2026-06-21,022,LOS JENGIBRES,NAGUA,INDRHI,EMCI,,,4.9,https://indomet.gob.do/wp-content/uploads/2026/06/temperaturas-extremas-y-precipitaciones-2026x06x21-a.pdf
2026-06-21,023,ARPT. DE PUNTA CANA,LA ALTAGRACIA,INDOMET,EMCI,32.0,23.8,4.2,https://indomet.gob.do/wp-content/uploads/2026/06/temperaturas-extremas-y-precipitaciones-2026x06x21-a.pdf
2026-06-21,024,VILLA RIVA,DUARTE,HOSP. MPAL. ALICIA DE LEGENDRE,EMCI,33.0,23.3,3.3,https://indomet.gob.do/wp-content/uploads/2026/06/temperaturas-extremas-y-precipitaciones-2026x06x21-a.pdf
2026-06-21,025,JARDÍN BOTÁNICO NACIONAL,DISTRITO NACIONAL,JARDÍN BOTÁNICO NACIONAL,EMCV,32.6,21.9,3.0,https://indomet.gob.do/wp-content/uploads/2026/06/temperaturas-extremas-y-precipitaciones-2026x06x21-a.pdf
2026-06-21,026,SAN RAFAEL DEL YUMA,LA ALTAGRACIA,MINISTERIO DE AGRICULTURA,EMCI,35.0,24.4,2.6,https://indomet.gob.do/wp-content/uploads/2026/06/temperaturas-extremas-y-precipitaciones-2026x06x21-a.pdf
2026-06-21,027,SANTO DOMINGO ESTE,SANTO DOMINGO,INDOMET,EMCI,33.5,24.5,2.3,https://indomet.gob.do/wp-content/uploads/2026/06/temperaturas-extremas-y-precipitaciones-2026x06x21-a.pdf
2026-06-21,028,LOS COCOS (EMA),BAHORUCO,PRIVADA,EMAP,,,2.1,https://indomet.gob.do/wp-content/uploads/2026/06/temperaturas-extremas-y-precipitaciones-2026x06x21-a.pdf
2026-06-21,029,ENSANCHE LA FE (EMA),DISTRITO NACIONAL,PRIVADA,EMAP,,,2.0,https://indomet.gob.do/wp-content/uploads/2026/06/temperaturas-extremas-y-precipitaciones-2026x06x21-a.pdf
2026-06-21,030,ALTO BANDERA (EMA),LA VEGA,INTEC,EMAP,30.6,16.3,1.8,https://indomet.gob.do/wp-content/uploads/2026/06/temperaturas-extremas-y-precipitaciones-2026x06x21-a.pdf
2026-06-21,031,SÁNCHEZ,SAMANÁ,MINISTERIO DE AGRICULTURA,EMCI,33.0,,1.2,https://indomet.gob.do/wp-content/uploads/2026/06/temperaturas-extremas-y-precipitaciones-2026x06x21-a.pdf
2026-06-21,032,BOHECHÍO,SAN JUAN,MINISTERIO DE AGRICULTURA,EMCV,,,1.0,https://indomet.gob.do/wp-content/uploads/2026/06/temperaturas-extremas-y-precipitaciones-2026x06x21-a.pdf
2026-06-21,033,RANCHO ARRIBA,SAN JOSÉ DE OCOA,CENTRO TECNOLÓGICO COMUNITARIO,EMCI,33.3,20.4,1.0,https://indomet.gob.do/wp-content/uploads/2026/06/temperaturas-extremas-y-precipitaciones-2026x06x21-a.pdf
2026-06-21,034,PADRE LAS CASAS,AZUA,HOSP. NTRA. SRA. DEL CARMEN,EMCI,34.8,19.2,0.4,https://indomet.gob.do/wp-content/uploads/2026/06/temperaturas-extremas-y-precipitaciones-2026x06x21-a.pdf
2026-06-21,035,TAMBORIL,SANTIAGO,MINISTERIO DE AGRICULTURA,EMCV,,,0.3,https://indomet.gob.do/wp-content/uploads/2026/06/temperaturas-extremas-y-precipitaciones-2026x06x21-a.pdf
2026-06-21,036,ARPT. DE LAS AMÉRICAS,SANTO DOMINGO,INDOMET,EMCI,34.4,23.6,0.2,https://indomet.gob.do/wp-content/uploads/2026/06/temperaturas-extremas-y-precipitaciones-2026x06x21-a.pdf
2026-06-21,037,PONTÓN ABAJO (EMA),LA VEGA,MINISTERIO DE AGRICULTURA,EMAP,37.3,24.5,0.2,https://indomet.gob.do/wp-content/uploads/2026/06/temperaturas-extremas-y-precipitaciones-2026x06x21-a.pdf
2026-06-21,038,ARPT. DEL CIBAO,SANTIAGO,INDOMET,EMCI,35.8,22.8,0.1,https://indomet.gob.do/wp-content/uploads/2026/06/temperaturas-extremas-y-precipitaciones-2026x06x21-a.pdf
2026-06-21,039,ARROYO LORO,SAN JUAN,IDIAF,EMCI,35.4,21.7,0.1,https://indomet.gob.do/wp-content/uploads/2026/06/temperaturas-extremas-y-precipitaciones-2026x06x21-a.pdf
2026-06-21,040,SAN JOSÉ DE OCOA,SAN JOSÉ DE OCOA,HOSP. SAN JOSÉ DE OCOA,EMCI,33.1,23.2,0.1,https://indomet.gob.do/wp-content/uploads/2026/06/temperaturas-extremas-y-precipitaciones-2026x06x21-a.pdf
2026-06-21,041,ALTAMIRA,PUERTO PLATA,HOSP. MPAL. DE ALTAMIRA,EMCI,36.4,22.6,0.0,https://indomet.gob.do/wp-content/uploads/2026/06/temperaturas-extremas-y-precipitaciones-2026x06x21-a.pdf
2026-06-21,042,ARPT. DE LA ROMANA,LA ROMANA,INDOMET,EMCI,34.0,23.5,0.0,https://indomet.gob.do/wp-content/uploads/2026/06/temperaturas-extremas-y-precipitaciones-2026x06x21-a.pdf
2026-06-21,043,ARPT. GREGORIO LUPERÓN,PUERTO PLATA,INDOMET,EMCI,33.2,22.5,0.0,https://indomet.gob.do/wp-content/uploads/2026/06/temperaturas-extremas-y-precipitaciones-2026x06x21-a.pdf
2026-06-21,044,ARPT. MARÍA MONTEZ,BARAHONA,INDOMET,EMCI,34.2,25.0,0.0,https://indomet.gob.do/wp-content/uploads/2026/06/temperaturas-extremas-y-precipitaciones-2026x06x21-a.pdf
2026-06-21,046,BELLA VISTA (EMA),DISTRITO NACIONAL,PRIVADA,EMAP,,,0.0,https://indomet.gob.do/wp-content/uploads/2026/06/temperaturas-extremas-y-precipitaciones-2026x06x21-a.pdf
2026-06-21,047,BOCA DE MAO (EMA),VALVERDE,MINISTERIO DE AGRICULTURA,EMAP,37.1,25.3,0.0,https://indomet.gob.do/wp-content/uploads/2026/06/temperaturas-extremas-y-precipitaciones-2026x06x21-a.pdf
2026-06-21,048,BONAO,MONSEÑOR NOUEL,MINISTERIO DE AGRICULTURA,EMCV,,,0.0,https://indomet.gob.do/wp-content/uploads/2026/06/temperaturas-extremas-y-precipitaciones-2026x06x21-a.pdf
2026-06-21,049,CABRAL,BARAHONA,MINISTERIO DE AGRICULTURA,EMCV,35.3,25.7,0.0,https://indomet.gob.do/wp-content/uploads/2026/06/temperaturas-extremas-y-precipitaciones-2026x06x21-a.pdf
2026-06-21,050,CENTRO DE LOS HEROES (EMA),DISTRITO NACIONAL,MINISTERIO DE ENERGIA Y MINA,EMAP,33.4,26.4,0.0,https://indomet.gob.do/wp-content/uploads/2026/06/temperaturas-extremas-y-precipitaciones-2026x06x21-a.pdf
2026-06-21,051,CONSTANZA,LA VEGA,MINISTERIO DE AGRICULTURA,EMCI,29.6,14.0,0.0,https://indomet.gob.do/wp-content/uploads/2026/06/temperaturas-extremas-y-precipitaciones-2026x06x21-a.pdf
2026-06-21,052,CONSTANZA (EMA),LA VEGA,PROGRAMA MUNDIAL DE ALIMENTO,EMAP,27.8,16.3,0.0,https://indomet.gob.do/wp-content/uploads/2026/06/temperaturas-extremas-y-precipitaciones-2026x06x21-a.pdf
2026-06-21,053,COTUÍ,SÁNCHEZ RAMÍREZ,HOSP. INMACULADA CONCEPCIÓN,EMCV,,,0.0,https://indomet.gob.do/wp-content/uploads/2026/06/temperaturas-extremas-y-precipitaciones-2026x06x21-a.pdf
2026-06-21,054,DAJABÓN,DAJABÓN,INSTITUTO POLITÉCNICO LOYOLA,EMCI,36.4,21.0,0.0,https://indomet.gob.do/wp-content/uploads/2026/06/temperaturas-extremas-y-precipitaciones-2026x06x21-a.pdf
2026-06-21,055,EL CERCADO,SAN JUAN,MINISTERIO DE AGRICULTURA,EMCV,,,0.0,https://indomet.gob.do/wp-content/uploads/2026/06/temperaturas-extremas-y-precipitaciones-2026x06x21-a.pdf
2026-06-21,057,ELÍAS PIÑA,ELÍAS PIÑA,MINISTERIO DE AGRICULTURA,EMCV,,,0.0,https://indomet.gob.do/wp-content/uploads/2026/06/temperaturas-extremas-y-precipitaciones-2026x06x21-a.pdf
2026-06-21,058,ENRIQUILLO,BARAHONA,MINISTERIO DE AGRICULTURA,EMCV,33.5,23.8,0.0,https://indomet.gob.do/wp-content/uploads/2026/06/temperaturas-extremas-y-precipitaciones-2026x06x21-a.pdf
2026-06-21,059,GURABO,SANTIAGO,MINISTERIO DE AGRICULTURA,EMCV,,,0.0,https://indomet.gob.do/wp-content/uploads/2026/06/temperaturas-extremas-y-precipitaciones-2026x06x21-a.pdf
2026-06-21,060,HATO MAYOR,HATO MAYOR,MINISTERIO DE AGRICULTURA,EMCV,,,0.0,https://indomet.gob.do/wp-content/uploads/2026/06/temperaturas-extremas-y-precipitaciones-2026x06x21-a.pdf
2026-06-21,061,HONDO VALLE,ELÍAS PIÑA,MINISTERIO DE AGRICULTURA,EMCI,29.4,19.2,0.0,https://indomet.gob.do/wp-content/uploads/2026/06/temperaturas-extremas-y-precipitaciones-2026x06x21-a.pdf
2026-06-21,062,JIMANÍ,INDEPENDENCIA,MINISTERIO DE AGRICULTURA,EMCI,37.5,26.0,0.0,https://indomet.gob.do/wp-content/uploads/2026/06/temperaturas-extremas-y-precipitaciones-2026x06x21-a.pdf
2026-06-21,063,LA AGUSTINA (EMA),DISTRITO NACIONAL,PRIVADA,EMAP,,,0.0,https://indomet.gob.do/wp-content/uploads/2026/06/temperaturas-extremas-y-precipitaciones-2026x06x21-a.pdf
2026-06-21,064,LA VEGA,LA VEGA,IATESA,EMCI,36.3,24.0,0.0,https://indomet.gob.do/wp-content/uploads/2026/06/temperaturas-extremas-y-precipitaciones-2026x06x21-a.pdf
2026-06-21,065,LAS CANAS (EMA),MONTE CRISTI,PROGRAMA MUNDIAL DE ALIMENTO,EMAP,30.5,25.0,0.0,https://indomet.gob.do/wp-content/uploads/2026/06/temperaturas-extremas-y-precipitaciones-2026x06x21-a.pdf
2026-06-21,066,LAS MATAS DE FARFÁN,SAN JUAN,MINISTERIO DE AGRICULTURA,EMCV,,,0.0,https://indomet.gob.do/wp-content/uploads/2026/06/temperaturas-extremas-y-precipitaciones-2026x06x21-a.pdf
2026-06-21,068,MAO,VALVERDE,INDRHI / MINISTERIO DE AGRICULTURA,EMCV,,,0.0,https://indomet.gob.do/wp-content/uploads/2026/06/temperaturas-extremas-y-precipitaciones-2026x06x21-a.pdf
2026-06-21,069,MONCIÓN (EMA),SANTIAGO RODRÍGUEZ,PROGRAMA MUNDIAL DE ALIMENTO,EMAP,34.1,22.0,0.0,https://indomet.gob.do/wp-content/uploads/2026/06/temperaturas-extremas-y-precipitaciones-2026x06x21-a.pdf
2026-06-21,070,MONTE CRISTI,MONTE CRISTI,INDOMET,EMCI,34.2,25.2,0.0,https://indomet.gob.do/wp-content/uploads/2026/06/temperaturas-extremas-y-precipitaciones-2026x06x21-a.pdf
2026-06-21,071,NAVARRETE,SANTIAGO,MINISTERIO DE AGRICULTURA,EMCV,,,0.0,https://indomet.gob.do/wp-content/uploads/2026/06/temperaturas-extremas-y-precipitaciones-2026x06x21-a.pdf
2026-06-21,072,OLIVARES,PEDERNALES,INDRHI,EMCI,,,0.0,https://indomet.gob.do/wp-content/uploads/2026/06/temperaturas-extremas-y-precipitaciones-2026x06x21-a.pdf
2026-06-21,073,OVIEDO,PEDERNALES,CLÍNICA RURAL OVIEDO,EMCI,32.8,24.5,0.0,https://indomet.gob.do/wp-content/uploads/2026/06/temperaturas-extremas-y-precipitaciones-2026x06x21-a.pdf
2026-06-21,074,PALO ÍNDIO,PUERTO PLATA,MINISTERIO DE AGRICULTURA,EMCI,,,0.0,https://indomet.gob.do/wp-content/uploads/2026/06/temperaturas-extremas-y-precipitaciones-2026x06x21-a.pdf
2026-06-21,075,PASO AL MEDIO,SAN PEDRO DE MACORÍS,INDRHI,EMCI,,,0.0,https://indomet.gob.do/wp-content/uploads/2026/06/temperaturas-extremas-y-precipitaciones-2026x06x21-a.pdf
2026-06-21,076,PEDERNALES,PEDERNALES,INDRHI,EMCI,,,0.0,https://indomet.gob.do/wp-content/uploads/2026/06/temperaturas-extremas-y-precipitaciones-2026x06x21-a.pdf
2026-06-21,077,PERALTA,AZUA,HOSP. MPAL. DE PERALTA,EMCI,35.7,19.0,0.0,https://indomet.gob.do/wp-content/uploads/2026/06/temperaturas-extremas-y-precipitaciones-2026x06x21-a.pdf
2026-06-21,078,PRESA DE TAVERAS (EMA),LA VEGA,PROGRAMA MUNDIAL DE ALIMENTO,EMAP,34.3,22.8,0.0,https://indomet.gob.do/wp-content/uploads/2026/06/temperaturas-extremas-y-precipitaciones-2026x06x21-a.pdf
2026-06-21,079,PROLONGACION 27 DE FEBRERO,DISTRITO NACIONAL,PRIVADA,EMAP,,,0.0,https://indomet.gob.do/wp-content/uploads/2026/06/temperaturas-extremas-y-precipitaciones-2026x06x21-a.pdf
2026-06-21,080,RESTAURACIÓN,DAJABÓN,MINISTERIO DE AGRICULTURA,EMCI,33.7,18.8,0.0,https://indomet.gob.do/wp-content/uploads/2026/06/temperaturas-extremas-y-precipitaciones-2026x06x21-a.pdf
2026-06-21,081,SABANETA (EMA),SANTIAGO RODRÍGUEZ,PROGRAMA MUNDIAL DE ALIMENTO,EMAP,38.3,24.4,0.0,https://indomet.gob.do/wp-content/uploads/2026/06/temperaturas-extremas-y-precipitaciones-2026x06x21-a.pdf
2026-06-21,082,SALCEDO,HERMANAS MIRABAL,PROPIEDAD DEL EMPLEADO,EMCI,,,0.0,https://indomet.gob.do/wp-content/uploads/2026/06/temperaturas-extremas-y-precipitaciones-2026x06x21-a.pdf
2026-06-21,083,SAN CRISTÓBAL,SAN CRISTÓBAL,INSTITUTO POLITÉCNICO LOYOLA,EMCI,32.2,22.0,0.0,https://indomet.gob.do/wp-content/uploads/2026/06/temperaturas-extremas-y-precipitaciones-2026x06x21-a.pdf
2026-06-21,084,SAN FRANCISCO DE MACORÍS,DUARTE,San Francisco de Macorís (UASD),EMCI,34.5,23.9,0.0,https://indomet.gob.do/wp-content/uploads/2026/06/temperaturas-extremas-y-precipitaciones-2026x06x21-a.pdf
2026-06-21,085,SANTIAGO (CENTRO),SANTIAGO,HUACALITO,EMCI,,,0.0,https://indomet.gob.do/wp-content/uploads/2026/06/temperaturas-extremas-y-precipitaciones-2026x06x21-a.pdf
2026-06-21,086,SANTIAGO RODRÍGUEZ,SANTIAGO RODRÍGUEZ,INDOMET,EMCI,37.7,25.0,0.0,https://indomet.gob.do/wp-content/uploads/2026/06/temperaturas-extremas-y-precipitaciones-2026x06x21-a.pdf
2026-06-21,087,TÁBARA ABAJO,AZUA,INDRHI,EMCI,35.5,22.0,0.0,https://indomet.gob.do/wp-content/uploads/2026/06/temperaturas-extremas-y-precipitaciones-2026x06x21-a.pdf
2026-06-21,088,TAVERA,SANTIAGO,INDRHI,EMCI,,,0.0,https://indomet.gob.do/wp-content/uploads/2026/06/temperaturas-extremas-y-precipitaciones-2026x06x21-a.pdf
2026-06-21,089,VILLA GONZALES,SANTIAGO,MINISTERIO DE AGRICULTURA,EMCI,,,0.0,https://indomet.gob.do/wp-content/uploads/2026/06/temperaturas-extremas-y-precipitaciones-2026x06x21-a.pdf
2026-06-21,090,VILLA ISABELA,PUERTO PLATA,MINISTERIO DE AGRICULTURA,EMCV,32.5,22.5,0.0,https://indomet.gob.do/wp-content/uploads/2026/06/temperaturas-extremas-y-precipitaciones-2026x06x21-a.pdf
2026-06-22,001,ANAMUYA (EMA),LA ALTAGRACIA,MINISTERIO DE AGRICULTURA,EMAP,32.5,25.1,7.6,https://indomet.gob.do/wp-content/uploads/2026/06/temperaturas-extremas-y-precipitaciones-2026x06x22-1.pdf
2026-06-22,002,POLO,BARAHONA,INDOCAFE,EMCI,28.5,18.0,3.1,https://indomet.gob.do/wp-content/uploads/2026/06/temperaturas-extremas-y-precipitaciones-2026x06x22-1.pdf
2026-06-22,003,ENRIQUILLO,BARAHONA,MINISTERIO DE AGRICULTURA,EMCV,32.5,23.5,2.2,https://indomet.gob.do/wp-content/uploads/2026/06/temperaturas-extremas-y-precipitaciones-2026x06x22-1.pdf
2026-06-22,004,ALTO BANDERA (EMA),LA VEGA,INTEC,EMAP,30.6,16.3,1.8,https://indomet.gob.do/wp-content/uploads/2026/06/temperaturas-extremas-y-precipitaciones-2026x06x22-1.pdf
2026-06-22,005,SABANA DE LA MAR,HATO MAYOR,INDOMET,EMCI,31.6,24.4,0.3,https://indomet.gob.do/wp-content/uploads/2026/06/temperaturas-extremas-y-precipitaciones-2026x06x22-1.pdf
2026-06-22,006,CABRAL,BARAHONA,MINISTERIO DE AGRICULTURA,EMCV,33.8,24.7,0.1,https://indomet.gob.do/wp-content/uploads/2026/06/temperaturas-extremas-y-precipitaciones-2026x06x22-1.pdf
2026-06-22,007,JARABACOA,LA VEGA,INDRHI / MARENA,EMCI,33.4,19.2,0.1,https://indomet.gob.do/wp-content/uploads/2026/06/temperaturas-extremas-y-precipitaciones-2026x06x22-1.pdf
2026-06-22,008,ALTAMIRA,PUERTO PLATA,HOSP. MPAL. DE ALTAMIRA,EMCI,35.5,22.6,0.0,https://indomet.gob.do/wp-content/uploads/2026/06/temperaturas-extremas-y-precipitaciones-2026x06x22-1.pdf
2026-06-22,009,ARPT. ARROYO BARRIL,SAMANÁ,INDOMET,EMCI,33.0,24.5,0.0,https://indomet.gob.do/wp-content/uploads/2026/06/temperaturas-extremas-y-precipitaciones-2026x06x22-1.pdf
2026-06-22,010,ARPT. DE LA ROMANA,LA ROMANA,INDOMET,EMCI,34.3,24.0,0.0,https://indomet.gob.do/wp-content/uploads/2026/06/temperaturas-extremas-y-precipitaciones-2026x06x22-1.pdf
2026-06-22,011,ARPT. DE LAS AMÉRICAS,SANTO DOMINGO,INDOMET,EMCI,33.6,24.0,0.0,https://indomet.gob.do/wp-content/uploads/2026/06/temperaturas-extremas-y-precipitaciones-2026x06x22-1.pdf
2026-06-22,012,ARPT. DE PUNTA CANA,LA ALTAGRACIA,INDOMET,EMCI,32.2,24.0,0.0,https://indomet.gob.do/wp-content/uploads/2026/06/temperaturas-extremas-y-precipitaciones-2026x06x22-1.pdf
2026-06-22,013,ARPT. DEL CIBAO,SANTIAGO,INDOMET,EMCI,35.5,23.5,0.0,https://indomet.gob.do/wp-content/uploads/2026/06/temperaturas-extremas-y-precipitaciones-2026x06x22-1.pdf
2026-06-22,014,ARPT. EL CATEY,SAMANÁ,INDOMET,EMCI,32.4,22.5,0.0,https://indomet.gob.do/wp-content/uploads/2026/06/temperaturas-extremas-y-precipitaciones-2026x06x22-1.pdf
2026-06-22,015,ARPT. GREGORIO LUPERÓN,PUERTO PLATA,INDOMET,EMCI,33.0,23.6,0.0,https://indomet.gob.do/wp-content/uploads/2026/06/temperaturas-extremas-y-precipitaciones-2026x06x22-1.pdf
2026-06-22,016,ARPT. LA ISABELA,SANTO DOMINGO,INDOMET,EMCI,34.2,23.5,0.0,https://indomet.gob.do/wp-content/uploads/2026/06/temperaturas-extremas-y-precipitaciones-2026x06x22-1.pdf
2026-06-22,017,ARPT. MARÍA MONTEZ,BARAHONA,INDOMET,EMCI,32.6,25.5,0.0,https://indomet.gob.do/wp-content/uploads/2026/06/temperaturas-extremas-y-precipitaciones-2026x06x22-1.pdf
2026-06-22,018,ARROYO LORO,SAN JUAN,IDIAF,EMCI,34.5,18.5,0.0,https://indomet.gob.do/wp-content/uploads/2026/06/temperaturas-extremas-y-precipitaciones-2026x06x22-1.pdf
2026-06-22,019,BANI (EMA),PERAVIA,MINISTERIO DE AGRICULTURA,EMAP,,,0.0,https://indomet.gob.do/wp-content/uploads/2026/06/temperaturas-extremas-y-precipitaciones-2026x06x22-1.pdf
2026-06-22,020,BASE AÉREA DE SAN ISIDRO,SANTO DOMINGO,FUERZA AÉREA DOMINICANA,EMCV,32.0,23.0,0.0,https://indomet.gob.do/wp-content/uploads/2026/06/temperaturas-extremas-y-precipitaciones-2026x06x22-1.pdf
2026-06-22,021,BAYAGUANA,MONTE PLATA,INDOMET,EMCI,34.4,23.2,0.0,https://indomet.gob.do/wp-content/uploads/2026/06/temperaturas-extremas-y-precipitaciones-2026x06x22-1.pdf
2026-06-22,022,BOHECHÍO,SAN JUAN,MINISTERIO DE AGRICULTURA,EMCV,,,0.0,https://indomet.gob.do/wp-content/uploads/2026/06/temperaturas-extremas-y-precipitaciones-2026x06x22-1.pdf
2026-06-22,023,CONSTANZA,LA VEGA,MINISTERIO DE AGRICULTURA,EMCI,29.3,14.4,0.0,https://indomet.gob.do/wp-content/uploads/2026/06/temperaturas-extremas-y-precipitaciones-2026x06x22-1.pdf
2026-06-22,024,DAJABÓN,DAJABÓN,INSTITUTO POLITÉCNICO LOYOLA,EMCI,35.8,21.3,0.0,https://indomet.gob.do/wp-content/uploads/2026/06/temperaturas-extremas-y-precipitaciones-2026x06x22-1.pdf
2026-06-22,025,EL SEIBO,EL SEIBO,MINISTERIO DE AGRICULTURA,EMCV,,,0.0,https://indomet.gob.do/wp-content/uploads/2026/06/temperaturas-extremas-y-precipitaciones-2026x06x22-1.pdf
2026-06-22,026,ELÍAS PIÑA,ELÍAS PIÑA,MINISTERIO DE AGRICULTURA,EMCV,,,0.0,https://indomet.gob.do/wp-content/uploads/2026/06/temperaturas-extremas-y-precipitaciones-2026x06x22-1.pdf
2026-06-22,027,ESCONDIDO,PERAVIA,MINISTERIO DE AGRICULTURA,EMCV,33.0,24.0,0.0,https://indomet.gob.do/wp-content/uploads/2026/06/temperaturas-extremas-y-precipitaciones-2026x06x22-1.pdf
2026-06-22,028,GASPAR HERNÁNDEZ,ESPAILLAT,PROPIEDAD DEL EMPLEADO,EMCI,,,0.0,https://indomet.gob.do/wp-content/uploads/2026/06/temperaturas-extremas-y-precipitaciones-2026x06x22-1.pdf
2026-06-22,029,GURABO,SANTIAGO,MINISTERIO DE AGRICULTURA,EMCV,,,0.0,https://indomet.gob.do/wp-content/uploads/2026/06/temperaturas-extremas-y-precipitaciones-2026x06x22-1.pdf
2026-06-22,030,HONDO VALLE,ELÍAS PIÑA,MINISTERIO DE AGRICULTURA,EMCI,29.9,19.8,0.0,https://indomet.gob.do/wp-content/uploads/2026/06/temperaturas-extremas-y-precipitaciones-2026x06x22-1.pdf
2026-06-22,031,JARDÍN BOTÁNICO NACIONAL,DISTRITO NACIONAL,JARDÍN BOTÁNICO NACIONAL,EMCV,32.1,21.6,0.0,https://indomet.gob.do/wp-content/uploads/2026/06/temperaturas-extremas-y-precipitaciones-2026x06x22-1.pdf
2026-06-22,032,JIMANÍ,INDEPENDENCIA,MINISTERIO DE AGRICULTURA,EMCI,34.5,26.8,0.0,https://indomet.gob.do/wp-content/uploads/2026/06/temperaturas-extremas-y-precipitaciones-2026x06x22-1.pdf
2026-06-22,033,JUMA BEJUCAL,MONSEÑOR NOUEL,IDIAF,EMCV,33.8,25.2,0.0,https://indomet.gob.do/wp-content/uploads/2026/06/temperaturas-extremas-y-precipitaciones-2026x06x22-1.pdf
2026-06-22,034,LA VEGA,LA VEGA,IATESA,EMCI,36.0,25.0,0.0,https://indomet.gob.do/wp-content/uploads/2026/06/temperaturas-extremas-y-precipitaciones-2026x06x22-1.pdf
2026-06-22,035,LA VICTORIA,SANTO DOMINGO,CUERPO DE BOMBEROS,EMCI,34.5,24.0,0.0,https://indomet.gob.do/wp-content/uploads/2026/06/temperaturas-extremas-y-precipitaciones-2026x06x22-1.pdf
2026-06-22,036,LOS JARDINES (EMA),DISTRITO NACIONAL,PRIVADA,EMAP,,,0.0,https://indomet.gob.do/wp-content/uploads/2026/06/temperaturas-extremas-y-precipitaciones-2026x06x22-1.pdf
2026-06-22,037,LOS LLANOS,SAN PEDRO DE MACORÍS,MINISTERIO DE AGRICULTURA,EMCI,34.6,23.4,0.0,https://indomet.gob.do/wp-content/uploads/2026/06/temperaturas-extremas-y-precipitaciones-2026x06x22-1.pdf
2026-06-22,038,MAO,VALVERDE,INDRHI / MINISTERIO DE AGRICULTURA,EMCV,,,0.0,https://indomet.gob.do/wp-content/uploads/2026/06/temperaturas-extremas-y-precipitaciones-2026x06x22-1.pdf
2026-06-22,039,MONTE CRISTI,MONTE CRISTI,INDOMET,EMCI,35.0,25.6,0.0,https://indomet.gob.do/wp-content/uploads/2026/06/temperaturas-extremas-y-precipitaciones-2026x06x22-1.pdf
2026-06-22,040,NAVARRETE,SANTIAGO,MINISTERIO DE AGRICULTURA,EMCV,,,0.0,https://indomet.gob.do/wp-content/uploads/2026/06/temperaturas-extremas-y-precipitaciones-2026x06x22-1.pdf
2026-06-22,041,LOS COCOS (EMA),BAHORUCO,PRIVADA,EMAP,,,0.0,https://indomet.gob.do/wp-content/uploads/2026/06/temperaturas-extremas-y-precipitaciones-2026x06x22-1.pdf
2026-06-22,042,OLIVARES,PEDERNALES,INDRHI,EMCI,,,0.0,https://indomet.gob.do/wp-content/uploads/2026/06/temperaturas-extremas-y-precipitaciones-2026x06x22-1.pdf
2026-06-22,043,OVIEDO,PEDERNALES,CLÍNICA RURAL OVIEDO,EMCI,32.5,24.8,0.0,https://indomet.gob.do/wp-content/uploads/2026/06/temperaturas-extremas-y-precipitaciones-2026x06x22-1.pdf
2026-06-22,044,PADRE LAS CASAS,AZUA,HOSP. NTRA. SRA. DEL CARMEN,EMCI,33.5,20.1,0.0,https://indomet.gob.do/wp-content/uploads/2026/06/temperaturas-extremas-y-precipitaciones-2026x06x22-1.pdf
2026-06-22,045,PALO ÍNDIO,PUERTO PLATA,MINISTERIO DE AGRICULTURA,EMCI,,,0.0,https://indomet.gob.do/wp-content/uploads/2026/06/temperaturas-extremas-y-precipitaciones-2026x06x22-1.pdf
2026-06-22,046,PEDERNALES,PEDERNALES,INDRHI,EMCI,,,0.0,https://indomet.gob.do/wp-content/uploads/2026/06/temperaturas-extremas-y-precipitaciones-2026x06x22-1.pdf
2026-06-22,047,PERALTA,AZUA,HOSP. MPAL. DE PERALTA,EMCI,34.0,19.5,0.0,https://indomet.gob.do/wp-content/uploads/2026/06/temperaturas-extremas-y-precipitaciones-2026x06x22-1.pdf
2026-06-22,048,RANCHO ARRIBA,SAN JOSÉ DE OCOA,CENTRO TECNOLÓGICO COMUNITARIO,EMCI,32.6,20.1,0.0,https://indomet.gob.do/wp-content/uploads/2026/06/temperaturas-extremas-y-precipitaciones-2026x06x22-1.pdf
2026-06-22,049,RESTAURACIÓN,DAJABÓN,MINISTERIO DE AGRICULTURA,EMCI,33.9,18.4,0.0,https://indomet.gob.do/wp-content/uploads/2026/06/temperaturas-extremas-y-precipitaciones-2026x06x22-1.pdf
2026-06-22,050,RÍO SAN JUAN,MARÍA TRINIDAD SÁNCHEZ,HOSP. MPAL. DR. DESIDERIO ACOSTA,EMCV,33.7,25.5,0.0,https://indomet.gob.do/wp-content/uploads/2026/06/temperaturas-extremas-y-precipitaciones-2026x06x22-1.pdf
2026-06-22,051,SABANA GRANDE DE BOYÁ,MONTE PLATA,MINISTERIO DE AGRICULTURA,EMCV,,,0.0,https://indomet.gob.do/wp-content/uploads/2026/06/temperaturas-extremas-y-precipitaciones-2026x06x22-1.pdf
2026-06-22,052,SALCEDO,HERMANAS MIRABAL,PROPIEDAD DEL EMPLEADO,EMCI,,,0.0,https://indomet.gob.do/wp-content/uploads/2026/06/temperaturas-extremas-y-precipitaciones-2026x06x22-1.pdf
2026-06-22,053,SAN FRANCISCO DE MACORÍS,DUARTE,San Francisco de Macorís (UASD),EMCI,34.4,23.9,0.0,https://indomet.gob.do/wp-content/uploads/2026/06/temperaturas-extremas-y-precipitaciones-2026x06x22-1.pdf
2026-06-22,054,SAN RAFAEL DEL YUMA,LA ALTAGRACIA,MINISTERIO DE AGRICULTURA,EMCI,35.3,25.0,0.0,https://indomet.gob.do/wp-content/uploads/2026/06/temperaturas-extremas-y-precipitaciones-2026x06x22-1.pdf
2026-06-22,055,SÁNCHEZ,SAMANÁ,MINISTERIO DE AGRICULTURA,EMCI,33.4,,0.0,https://indomet.gob.do/wp-content/uploads/2026/06/temperaturas-extremas-y-precipitaciones-2026x06x22-1.pdf
2026-06-22,056,SANTIAGO (CENTRO),SANTIAGO,HUACALITO,EMCI,,,0.0,https://indomet.gob.do/wp-content/uploads/2026/06/temperaturas-extremas-y-precipitaciones-2026x06x22-1.pdf
2026-06-22,057,SANTIAGO RODRÍGUEZ,SANTIAGO RODRÍGUEZ,INDOMET,EMCI,37.6,25.0,0.0,https://indomet.gob.do/wp-content/uploads/2026/06/temperaturas-extremas-y-precipitaciones-2026x06x22-1.pdf
2026-06-22,058,SANTO DOMINGO ESTE,SANTO DOMINGO,INDOMET,EMCI,33.7,25.1,0.0,https://indomet.gob.do/wp-content/uploads/2026/06/temperaturas-extremas-y-precipitaciones-2026x06x22-1.pdf
2026-06-22,059,TÁBARA ABAJO,AZUA,INDRHI,EMCI,32.0,19.5,0.0,https://indomet.gob.do/wp-content/uploads/2026/06/temperaturas-extremas-y-precipitaciones-2026x06x22-1.pdf
2026-06-22,060,VILLA ALTAGRACIA,SAN CRISTÓBAL,ESCUELA JAVIER ANGULO GURIDI,EMCI,,,0.0,https://indomet.gob.do/wp-content/uploads/2026/06/temperaturas-extremas-y-precipitaciones-2026x06x22-1.pdf
2026-06-22,061,VILLA GONZALES,SANTIAGO,MINISTERIO DE AGRICULTURA,EMCI,,,0.0,https://indomet.gob.do/wp-content/uploads/2026/06/temperaturas-extremas-y-precipitaciones-2026x06x22-1.pdf
2026-06-22,062,VILLA ISABELA,PUERTO PLATA,MINISTERIO DE AGRICULTURA,EMCV,,,0.0,https://indomet.gob.do/wp-content/uploads/2026/06/temperaturas-extremas-y-precipitaciones-2026x06x22-1.pdf
2026-06-22,063,VILLA RIVA,DUARTE,HOSP. MPAL. ALICIA DE LEGENDRE,EMCI,33.5,23.8,0.0,https://indomet.gob.do/wp-content/uploads/2026/06/temperaturas-extremas-y-precipitaciones-2026x06x22-1.pdf
2026-06-22,064,BOCA DE MAO (EMA),VALVERDE,MINISTERIO DE AGRICULTURA,EMAP,37.1,25.3,0.0,https://indomet.gob.do/wp-content/uploads/2026/06/temperaturas-extremas-y-precipitaciones-2026x06x22-1.pdf
2026-06-22,065,CENTRO DE LOS HEROES (EMA),DISTRITO NACIONAL,MINISTERIO DE ENERGIA Y MINA,EMAP,33.4,26.4,0.0,https://indomet.gob.do/wp-content/uploads/2026/06/temperaturas-extremas-y-precipitaciones-2026x06x22-1.pdf
2026-06-22,066,CONSTANZA (EMA),LA VEGA,PROGRAMA MUNDIAL DE ALIMENTO,EMAP,27.8,16.3,0.0,https://indomet.gob.do/wp-content/uploads/2026/06/temperaturas-extremas-y-precipitaciones-2026x06x22-1.pdf
2026-06-22,067,LAS CANAS (EMA),MONTE CRISTI,PROGRAMA MUNDIAL DE ALIMENTO,EMAP,30.5,25.0,0.0,https://indomet.gob.do/wp-content/uploads/2026/06/temperaturas-extremas-y-precipitaciones-2026x06x22-1.pdf
2026-06-22,068,MICHES (EMA),EL SEIBO,PRIVADA,EMAP,34.5,23.0,0.0,https://indomet.gob.do/wp-content/uploads/2026/06/temperaturas-extremas-y-precipitaciones-2026x06x22-1.pdf
2026-06-22,069,MONCIÓN (EMA),SANTIAGO RODRÍGUEZ,PROGRAMA MUNDIAL DE ALIMENTO,EMAP,33.3,23.0,0.0,https://indomet.gob.do/wp-content/uploads/2026/06/temperaturas-extremas-y-precipitaciones-2026x06x22-1.pdf
2026-06-22,070,PRESA DE TAVERAS (EMA),LA VEGA,PROGRAMA MUNDIAL DE ALIMENTO,EMAP,34.4,23.4,0.0,https://indomet.gob.do/wp-content/uploads/2026/06/temperaturas-extremas-y-precipitaciones-2026x06x22-1.pdf
2026-06-22,071,SABANETA (EMA),SANTIAGO RODRÍGUEZ,PROGRAMA MUNDIAL DE ALIMENTO,EMAP,37.5,24.7,0.0,https://indomet.gob.do/wp-content/uploads/2026/06/temperaturas-extremas-y-precipitaciones-2026x06x22-1.pdf
2026-06-22,072,EL MILLON (EMA),DISTRITO NACIONAL,PRIVADA,EMAP,,,0.0,https://indomet.gob.do/wp-content/uploads/2026/06/temperaturas-extremas-y-precipitaciones-2026x06x22-1.pdf
2026-06-22,073,ENSANCHE LA FE (EMA),DISTRITO NACIONAL,PRIVADA,EMAP,,,0.0,https://indomet.gob.do/wp-content/uploads/2026/06/temperaturas-extremas-y-precipitaciones-2026x06x22-1.pdf
2026-06-22,074,JARABACOA (EMA),LA VEGA,PROGRAMA MUNDIAL DE ALIMENTO,EMAP,,,0.0,https://indomet.gob.do/wp-content/uploads/2026/06/temperaturas-extremas-y-precipitaciones-2026x06x22-1.pdf
2026-06-22,075,LA AGUSTINA (EMA),DISTRITO NACIONAL,PRIVADA,EMAP,,,0.0,https://indomet.gob.do/wp-content/uploads/2026/06/temperaturas-extremas-y-precipitaciones-2026x06x22-1.pdf
2026-06-22,076,LOS PRADOS (EMA),DISTRITO NACIONAL,PRIVADA,EMAP,,,0.0,https://indomet.gob.do/wp-content/uploads/2026/06/temperaturas-extremas-y-precipitaciones-2026x06x22-1.pdf
2026-06-22,077,PROLONGACION 27 DE FEBRERO,DISTRITO NACIONAL,PRIVADA,EMAP,,,0.0,https://indomet.gob.do/wp-content/uploads/2026/06/temperaturas-extremas-y-precipitaciones-2026x06x22-1.pdf
2026-06-23,001,SANTO DOMINGO ESTE,SANTO DOMINGO,INDOMET,EMCI,35.0,24.0,31.2,https://indomet.gob.do/wp-content/uploads/2026/06/temperaturas-extremas-y-precipitaciones-2026x06x23-a.pdf
2026-06-23,002,LA DESCUBIERTA (EMA),INDEPENDENCIA,PRIVADA,EMAP,35.7,23.2,20.8,https://indomet.gob.do/wp-content/uploads/2026/06/temperaturas-extremas-y-precipitaciones-2026x06x23-a.pdf
2026-06-23,003,CENTRO DE LOS HEROES (EMA),DISTRITO NACIONAL,MINISTERIO DE ENERGIA Y MINA,EMAP,32.9,26.4,11.8,https://indomet.gob.do/wp-content/uploads/2026/06/temperaturas-extremas-y-precipitaciones-2026x06x23-a.pdf
2026-06-23,004,MICHES (EMA),EL SEIBO,PRIVADA,EMAP,31.7,24.3,11.0,https://indomet.gob.do/wp-content/uploads/2026/06/temperaturas-extremas-y-precipitaciones-2026x06x23-a.pdf
2026-06-23,005,SABANA DE LA MAR,HATO MAYOR,INDOMET,EMCI,31.6,23.0,9.3,https://indomet.gob.do/wp-content/uploads/2026/06/temperaturas-extremas-y-precipitaciones-2026x06x23-a.pdf
2026-06-23,006,BASE AÉREA DE SAN ISIDRO,SANTO DOMINGO,FUERZA AÉREA DOMINICANA,EMCV,34.0,23.6,6.1,https://indomet.gob.do/wp-content/uploads/2026/06/temperaturas-extremas-y-precipitaciones-2026x06x23-a.pdf
2026-06-23,007,LOS JENGIBRES,NAGUA,INDRHI,EMCI,,,5.9,https://indomet.gob.do/wp-content/uploads/2026/06/temperaturas-extremas-y-precipitaciones-2026x06x23-a.pdf
2026-06-23,008,BELLA VISTA (EMA),DISTRITO NACIONAL,PRIVADA,EMAP,,,5.3,https://indomet.gob.do/wp-content/uploads/2026/06/temperaturas-extremas-y-precipitaciones-2026x06x23-a.pdf
2026-06-23,009,EL MILLON (EMA),DISTRITO NACIONAL,PRIVADA,EMAP,,,5.1,https://indomet.gob.do/wp-content/uploads/2026/06/temperaturas-extremas-y-precipitaciones-2026x06x23-a.pdf
2026-06-23,010,HONDO VALLE,ELÍAS PIÑA,MINISTERIO DE AGRICULTURA,EMCI,29.0,18.9,4.2,https://indomet.gob.do/wp-content/uploads/2026/06/temperaturas-extremas-y-precipitaciones-2026x06x23-a.pdf
2026-06-23,011,RÍO SAN JUAN,MARÍA TRINIDAD SÁNCHEZ,HOSP. MPAL. DR. DESIDERIO ACOSTA,EMCV,33.2,24.0,3.2,https://indomet.gob.do/wp-content/uploads/2026/06/temperaturas-extremas-y-precipitaciones-2026x06x23-a.pdf
2026-06-23,012,OVIEDO,PEDERNALES,CLÍNICA RURAL OVIEDO,EMCI,33.0,22.5,2.4,https://indomet.gob.do/wp-content/uploads/2026/06/temperaturas-extremas-y-precipitaciones-2026x06x23-a.pdf
2026-06-23,013,PROLONGACION 27 DE FEBRERO,DISTRITO NACIONAL,PRIVADA,EMAP,,,1.7,https://indomet.gob.do/wp-content/uploads/2026/06/temperaturas-extremas-y-precipitaciones-2026x06x23-a.pdf
2026-06-23,014,LOS CACICAZGOS (EMA),DISTRITO NACIONAL,PRIVADA,EMAP,,,1.5,https://indomet.gob.do/wp-content/uploads/2026/06/temperaturas-extremas-y-precipitaciones-2026x06x23-a.pdf
2026-06-23,015,LOS JARDINES (EMA),DISTRITO NACIONAL,PRIVADA,EMAP,,,1.4,https://indomet.gob.do/wp-content/uploads/2026/06/temperaturas-extremas-y-precipitaciones-2026x06x23-a.pdf
2026-06-23,016,ARPT. DE PUNTA CANA,LA ALTAGRACIA,INDOMET,EMCI,32.5,24.0,1.2,https://indomet.gob.do/wp-content/uploads/2026/06/temperaturas-extremas-y-precipitaciones-2026x06x23-a.pdf
2026-06-23,017,ARPT. DEL CIBAO,SANTIAGO,INDOMET,EMCI,35.3,24.0,1.0,https://indomet.gob.do/wp-content/uploads/2026/06/temperaturas-extremas-y-precipitaciones-2026x06x23-a.pdf
2026-06-23,018,SAMANÁ,SAMANÁ,COMANDANCIA DE PUERTO DE SAMANÁ,EMCI,33.4,19.9,0.6,https://indomet.gob.do/wp-content/uploads/2026/06/temperaturas-extremas-y-precipitaciones-2026x06x23-a.pdf
2026-06-23,019,ALTO BANDERA (EMA),LA VEGA,INTEC,EMAP,18.7,5.3,0.5,https://indomet.gob.do/wp-content/uploads/2026/06/temperaturas-extremas-y-precipitaciones-2026x06x23-a.pdf
2026-06-23,020,RANCHO ARRIBA,SAN JOSÉ DE OCOA,CENTRO TECNOLÓGICO COMUNITARIO,EMCI,33.1,20.0,0.4,https://indomet.gob.do/wp-content/uploads/2026/06/temperaturas-extremas-y-precipitaciones-2026x06x23-a.pdf
2026-06-23,021,ENSANCHE LA FE (EMA),DISTRITO NACIONAL,PRIVADA,EMAP,,,0.3,https://indomet.gob.do/wp-content/uploads/2026/06/temperaturas-extremas-y-precipitaciones-2026x06x23-a.pdf
2026-06-23,022,PONTÓN ABAJO (EMA),LA VEGA,MINISTERIO DE AGRICULTURA,EMAP,36.4,24.3,0.2,https://indomet.gob.do/wp-content/uploads/2026/06/temperaturas-extremas-y-precipitaciones-2026x06x23-a.pdf
2026-06-23,023,ARROYO LORO,SAN JUAN,IDIAF,EMCI,36.0,18.2,0.1,https://indomet.gob.do/wp-content/uploads/2026/06/temperaturas-extremas-y-precipitaciones-2026x06x23-a.pdf
2026-06-23,024,JARABACOA,LA VEGA,INDRHI / MARENA,EMCI,33.0,18.0,0.1,https://indomet.gob.do/wp-content/uploads/2026/06/temperaturas-extremas-y-precipitaciones-2026x06x23-a.pdf
2026-06-23,025,SABANA GRANDE DE BOYÁ,MONTE PLATA,MINISTERIO DE AGRICULTURA,EMCV,,,0.1,https://indomet.gob.do/wp-content/uploads/2026/06/temperaturas-extremas-y-precipitaciones-2026x06x23-a.pdf
2026-06-23,026,ALTAMIRA,PUERTO PLATA,HOSP. MPAL. DE ALTAMIRA,EMCI,33.0,18.0,0.0,https://indomet.gob.do/wp-content/uploads/2026/06/temperaturas-extremas-y-precipitaciones-2026x06x23-a.pdf
2026-06-23,027,ANAMUYA (EMA),LA ALTAGRACIA,MINISTERIO DE AGRICULTURA,EMAP,32.2,25.3,0.0,https://indomet.gob.do/wp-content/uploads/2026/06/temperaturas-extremas-y-precipitaciones-2026x06x23-a.pdf
2026-06-23,028,ARPT. ARROYO BARRIL,SAMANÁ,INDOMET,EMCI,32.9,24.5,0.0,https://indomet.gob.do/wp-content/uploads/2026/06/temperaturas-extremas-y-precipitaciones-2026x06x23-a.pdf
2026-06-23,029,ARPT. DE LA ROMANA,LA ROMANA,INDOMET,EMCI,34.1,24.0,0.0,https://indomet.gob.do/wp-content/uploads/2026/06/temperaturas-extremas-y-precipitaciones-2026x06x23-a.pdf
2026-06-23,030,ARPT. DE LAS AMÉRICAS,SANTO DOMINGO,INDOMET,EMCI,35.9,24.0,0.0,https://indomet.gob.do/wp-content/uploads/2026/06/temperaturas-extremas-y-precipitaciones-2026x06x23-a.pdf
2026-06-23,031,ARPT. EL CATEY,SAMANÁ,INDOMET,EMCI,31.0,22.5,0.0,https://indomet.gob.do/wp-content/uploads/2026/06/temperaturas-extremas-y-precipitaciones-2026x06x23-a.pdf
2026-06-23,032,ARPT. GREGORIO LUPERÓN,PUERTO PLATA,INDOMET,EMCI,33.2,24.0,0.0,https://indomet.gob.do/wp-content/uploads/2026/06/temperaturas-extremas-y-precipitaciones-2026x06x23-a.pdf
2026-06-23,033,ARPT. LA ISABELA,SANTO DOMINGO,INDOMET,EMCI,35.5,24.0,0.0,https://indomet.gob.do/wp-content/uploads/2026/06/temperaturas-extremas-y-precipitaciones-2026x06x23-a.pdf
2026-06-23,034,ARPT. MARÍA MONTEZ,BARAHONA,INDOMET,EMCI,34.0,26.0,0.0,https://indomet.gob.do/wp-content/uploads/2026/06/temperaturas-extremas-y-precipitaciones-2026x06x23-a.pdf
2026-06-23,035,BANI (EMA),PERAVIA,MINISTERIO DE AGRICULTURA,EMAP,33.9,26.8,0.0,https://indomet.gob.do/wp-content/uploads/2026/06/temperaturas-extremas-y-precipitaciones-2026x06x23-a.pdf
2026-06-23,036,BAYAGUANA,MONTE PLATA,INDOMET,EMCI,34.2,23.6,0.0,https://indomet.gob.do/wp-content/uploads/2026/06/temperaturas-extremas-y-precipitaciones-2026x06x23-a.pdf
2026-06-23,037,BOCA DE MAO (EMA),VALVERDE,MINISTERIO DE AGRICULTURA,EMAP,36.9,24.3,0.0,https://indomet.gob.do/wp-content/uploads/2026/06/temperaturas-extremas-y-precipitaciones-2026x06x23-a.pdf
2026-06-23,038,BOHECHÍO,SAN JUAN,MINISTERIO DE AGRICULTURA,EMCV,,,0.0,https://indomet.gob.do/wp-content/uploads/2026/06/temperaturas-extremas-y-precipitaciones-2026x06x23-a.pdf
2026-06-23,039,BONAO,MONSEÑOR NOUEL,MINISTERIO DE AGRICULTURA,EMCV,,,0.0,https://indomet.gob.do/wp-content/uploads/2026/06/temperaturas-extremas-y-precipitaciones-2026x06x23-a.pdf
2026-06-23,040,CABRAL,BARAHONA,MINISTERIO DE AGRICULTURA,EMCV,35.0,23.2,0.0,https://indomet.gob.do/wp-content/uploads/2026/06/temperaturas-extremas-y-precipitaciones-2026x06x23-a.pdf
2026-06-23,041,CABRERA,MARÍA TRINIDAD SÁNCHEZ,ESCUELA ARÍSTIDES FIALLO CABRAL,EMCI,33.0,27.5,0.0,https://indomet.gob.do/wp-content/uploads/2026/06/temperaturas-extremas-y-precipitaciones-2026x06x23-a.pdf
2026-06-23,042,CONSTANZA (EMA),LA VEGA,PROGRAMA MUNDIAL DE ALIMENTO,EMAP,37.5,15.0,0.0,https://indomet.gob.do/wp-content/uploads/2026/06/temperaturas-extremas-y-precipitaciones-2026x06x23-a.pdf
2026-06-23,043,DAJABÓN,DAJABÓN,INSTITUTO POLITÉCNICO LOYOLA,EMCI,36.2,20.8,0.0,https://indomet.gob.do/wp-content/uploads/2026/06/temperaturas-extremas-y-precipitaciones-2026x06x23-a.pdf
2026-06-23,044,ELÍAS PIÑA,ELÍAS PIÑA,MINISTERIO DE AGRICULTURA,EMCV,,,0.0,https://indomet.gob.do/wp-content/uploads/2026/06/temperaturas-extremas-y-precipitaciones-2026x06x23-a.pdf
2026-06-23,045,ENRIQUILLO,BARAHONA,MINISTERIO DE AGRICULTURA,EMCV,33.8,24.3,0.0,https://indomet.gob.do/wp-content/uploads/2026/06/temperaturas-extremas-y-precipitaciones-2026x06x23-a.pdf
2026-06-23,046,ESCONDIDO,PERAVIA,MINISTERIO DE AGRICULTURA,EMCV,34.0,27.0,0.0,https://indomet.gob.do/wp-content/uploads/2026/06/temperaturas-extremas-y-precipitaciones-2026x06x23-a.pdf
2026-06-23,047,GASPAR HERNÁNDEZ,ESPAILLAT,PROPIEDAD DEL EMPLEADO,EMCI,,,0.0,https://indomet.gob.do/wp-content/uploads/2026/06/temperaturas-extremas-y-precipitaciones-2026x06x23-a.pdf
2026-06-23,048,GURABO,SANTIAGO,MINISTERIO DE AGRICULTURA,EMCV,,,0.0,https://indomet.gob.do/wp-content/uploads/2026/06/temperaturas-extremas-y-precipitaciones-2026x06x23-a.pdf
2026-06-23,049,HATO MAYOR,HATO MAYOR,MINISTERIO DE AGRICULTURA,EMCV,,,0.0,https://indomet.gob.do/wp-content/uploads/2026/06/temperaturas-extremas-y-precipitaciones-2026x06x23-a.pdf
2026-06-23,050,JARABACOA (EMA),LA VEGA,PROGRAMA MUNDIAL DE ALIMENTO,EMAP,32.0,18.9,0.0,https://indomet.gob.do/wp-content/uploads/2026/06/temperaturas-extremas-y-precipitaciones-2026x06x23-a.pdf
2026-06-23,051,JIMANÍ,INDEPENDENCIA,MINISTERIO DE AGRICULTURA,EMCI,37.5,26.4,0.0,https://indomet.gob.do/wp-content/uploads/2026/06/temperaturas-extremas-y-precipitaciones-2026x06x23-a.pdf
2026-06-23,052,JUMA BEJUCAL,MONSEÑOR NOUEL,IDIAF,EMCV,34.4,24.8,0.0,https://indomet.gob.do/wp-content/uploads/2026/06/temperaturas-extremas-y-precipitaciones-2026x06x23-a.pdf
2026-06-23,053,LA VEGA,LA VEGA,IATESA,EMCI,34.0,22.0,0.0,https://indomet.gob.do/wp-content/uploads/2026/06/temperaturas-extremas-y-precipitaciones-2026x06x23-a.pdf
2026-06-23,054,LA VICTORIA,SANTO DOMINGO,CUERPO DE BOMBEROS,EMCI,35.0,24.2,0.0,https://indomet.gob.do/wp-content/uploads/2026/06/temperaturas-extremas-y-precipitaciones-2026x06x23-a.pdf
2026-06-23,055,LAS CANAS (EMA),MONTE CRISTI,PROGRAMA MUNDIAL DE ALIMENTO,EMAP,30.1,23.7,0.0,https://indomet.gob.do/wp-content/uploads/2026/06/temperaturas-extremas-y-precipitaciones-2026x06x23-a.pdf
2026-06-23,056,LOS COCOS (EMA),BAHORUCO,PRIVADA,EMAP,,,0.0,https://indomet.gob.do/wp-content/uploads/2026/06/temperaturas-extremas-y-precipitaciones-2026x06x23-a.pdf
2026-06-23,057,LOS LLANOS,SAN PEDRO DE MACORÍS,MINISTERIO DE AGRICULTURA,EMCI,35.0,23.3,0.0,https://indomet.gob.do/wp-content/uploads/2026/06/temperaturas-extremas-y-precipitaciones-2026x06x23-a.pdf
2026-06-23,058,LUPERÓN,PUERTO PLATA,MINISTERIO DE AGRICULTURA,EMCV,,,0.0,https://indomet.gob.do/wp-content/uploads/2026/06/temperaturas-extremas-y-precipitaciones-2026x06x23-a.pdf
2026-06-23,059,MAO,VALVERDE,INDRHI / MINISTERIO DE AGRICULTURA,EMCV,,,0.0,https://indomet.gob.do/wp-content/uploads/2026/06/temperaturas-extremas-y-precipitaciones-2026x06x23-a.pdf
2026-06-23,060,MONCIÓN (EMA),SANTIAGO RODRÍGUEZ,PROGRAMA MUNDIAL DE ALIMENTO,EMAP,33.2,20.6,0.0,https://indomet.gob.do/wp-content/uploads/2026/06/temperaturas-extremas-y-precipitaciones-2026x06x23-a.pdf
2026-06-23,061,MONTE CRISTI,MONTE CRISTI,INDOMET,EMCI,34.6,27.5,0.0,https://indomet.gob.do/wp-content/uploads/2026/06/temperaturas-extremas-y-precipitaciones-2026x06x23-a.pdf
2026-06-23,062,NAVARRETE,SANTIAGO,MINISTERIO DE AGRICULTURA,EMCV,,,0.0,https://indomet.gob.do/wp-content/uploads/2026/06/temperaturas-extremas-y-precipitaciones-2026x06x23-a.pdf
2026-06-23,063,OLIVARES,PEDERNALES,INDRHI,EMCI,,,0.0,https://indomet.gob.do/wp-content/uploads/2026/06/temperaturas-extremas-y-precipitaciones-2026x06x23-a.pdf
2026-06-23,064,PADRE LAS CASAS,AZUA,HOSP. NTRA. SRA. DEL CARMEN,EMCI,35.5,23.7,0.0,https://indomet.gob.do/wp-content/uploads/2026/06/temperaturas-extremas-y-precipitaciones-2026x06x23-a.pdf
2026-06-23,065,PALO ÍNDIO,PUERTO PLATA,MINISTERIO DE AGRICULTURA,EMCI,,,0.0,https://indomet.gob.do/wp-content/uploads/2026/06/temperaturas-extremas-y-precipitaciones-2026x06x23-a.pdf
2026-06-23,066,PASO AL MEDIO,SAN PEDRO DE MACORÍS,INDRHI,EMCI,,,0.0,https://indomet.gob.do/wp-content/uploads/2026/06/temperaturas-extremas-y-precipitaciones-2026x06x23-a.pdf
2026-06-23,067,PEDERNALES,PEDERNALES,INDRHI,EMCI,,,0.0,https://indomet.gob.do/wp-content/uploads/2026/06/temperaturas-extremas-y-precipitaciones-2026x06x23-a.pdf
2026-06-23,068,PERALTA,AZUA,HOSP. MPAL. DE PERALTA,EMCI,34.3,18.5,0.0,https://indomet.gob.do/wp-content/uploads/2026/06/temperaturas-extremas-y-precipitaciones-2026x06x23-a.pdf
2026-06-23,069,POLO,BARAHONA,INDOCAFE,EMCI,30.0,17.6,0.0,https://indomet.gob.do/wp-content/uploads/2026/06/temperaturas-extremas-y-precipitaciones-2026x06x23-a.pdf
2026-06-23,070,PRESA DE TAVERAS (EMA),LA VEGA,PROGRAMA MUNDIAL DE ALIMENTO,EMAP,32.7,22.1,0.0,https://indomet.gob.do/wp-content/uploads/2026/06/temperaturas-extremas-y-precipitaciones-2026x06x23-a.pdf
2026-06-23,071,RESTAURACIÓN,DAJABÓN,MINISTERIO DE AGRICULTURA,EMCI,34.1,19.0,0.0,https://indomet.gob.do/wp-content/uploads/2026/06/temperaturas-extremas-y-precipitaciones-2026x06x23-a.pdf
2026-06-23,072,SABANETA (EMA),SANTIAGO RODRÍGUEZ,PROGRAMA MUNDIAL DE ALIMENTO,EMAP,37.1,22.3,0.0,https://indomet.gob.do/wp-content/uploads/2026/06/temperaturas-extremas-y-precipitaciones-2026x06x23-a.pdf
2026-06-23,073,SALCEDO,HERMANAS MIRABAL,PROPIEDAD DEL EMPLEADO,EMCI,,,0.0,https://indomet.gob.do/wp-content/uploads/2026/06/temperaturas-extremas-y-precipitaciones-2026x06x23-a.pdf
2026-06-23,074,SAN CRISTÓBAL,SAN CRISTÓBAL,INSTITUTO POLITÉCNICO LOYOLA,EMCI,33.8,22.5,0.0,https://indomet.gob.do/wp-content/uploads/2026/06/temperaturas-extremas-y-precipitaciones-2026x06x23-a.pdf
2026-06-23,075,SAN FRANCISCO DE MACORÍS,DUARTE,San Francisco de Macorís (UASD),EMCI,34.4,23.5,0.0,https://indomet.gob.do/wp-content/uploads/2026/06/temperaturas-extremas-y-precipitaciones-2026x06x23-a.pdf
2026-06-23,076,SAN JOSÉ DE OCOA,SAN JOSÉ DE OCOA,HOSP. SAN JOSÉ DE OCOA,EMCI,33.8,23.1,0.0,https://indomet.gob.do/wp-content/uploads/2026/06/temperaturas-extremas-y-precipitaciones-2026x06x23-a.pdf
2026-06-23,077,SAN RAFAEL DEL YUMA,LA ALTAGRACIA,MINISTERIO DE AGRICULTURA,EMCI,35.2,24.4,0.0,https://indomet.gob.do/wp-content/uploads/2026/06/temperaturas-extremas-y-precipitaciones-2026x06x23-a.pdf
2026-06-23,078,SÁNCHEZ,SAMANÁ,MINISTERIO DE AGRICULTURA,EMCI,32.5,,0.0,https://indomet.gob.do/wp-content/uploads/2026/06/temperaturas-extremas-y-precipitaciones-2026x06x23-a.pdf
2026-06-23,079,SANTIAGO (CENTRO),SANTIAGO,HUACALITO,EMCI,,,0.0,https://indomet.gob.do/wp-content/uploads/2026/06/temperaturas-extremas-y-precipitaciones-2026x06x23-a.pdf
2026-06-23,080,SANTIAGO RODRÍGUEZ,SANTIAGO RODRÍGUEZ,INDOMET,EMCI,37.0,23.5,0.0,https://indomet.gob.do/wp-content/uploads/2026/06/temperaturas-extremas-y-precipitaciones-2026x06x23-a.pdf
2026-06-23,081,TÁBARA ABAJO,AZUA,INDRHI,EMCI,33.5,20.0,0.0,https://indomet.gob.do/wp-content/uploads/2026/06/temperaturas-extremas-y-precipitaciones-2026x06x23-a.pdf
2026-06-23,082,TAMBORIL,SANTIAGO,MINISTERIO DE AGRICULTURA,EMCV,,,0.0,https://indomet.gob.do/wp-content/uploads/2026/06/temperaturas-extremas-y-precipitaciones-2026x06x23-a.pdf
2026-06-23,083,TAVERA,SANTIAGO,INDRHI,EMCI,,,0.0,https://indomet.gob.do/wp-content/uploads/2026/06/temperaturas-extremas-y-precipitaciones-2026x06x23-a.pdf
2026-06-23,084,VILLA ALTAGRACIA,SAN CRISTÓBAL,ESCUELA JAVIER ANGULO GURIDI,EMCI,,,0.0,https://indomet.gob.do/wp-content/uploads/2026/06/temperaturas-extremas-y-precipitaciones-2026x06x23-a.pdf
2026-06-23,085,VILLA GONZALES,SANTIAGO,MINISTERIO DE AGRICULTURA,EMCI,,,0.0,https://indomet.gob.do/wp-content/uploads/2026/06/temperaturas-extremas-y-precipitaciones-2026x06x23-a.pdf
2026-06-23,086,VILLA ISABELA,PUERTO PLATA,MINISTERIO DE AGRICULTURA,EMCV,31.5,21.5,0.0,https://indomet.gob.do/wp-content/uploads/2026/06/temperaturas-extremas-y-precipitaciones-2026x06x23-a.pdf
2026-06-23,087,VILLA RIVA,DUARTE,HOSP. MPAL. ALICIA DE LEGENDRE,EMCI,32.7,23.0,0.0,https://indomet.gob.do/wp-content/uploads/2026/06/temperaturas-extremas-y-precipitaciones-2026x06x23-a.pdf
2026-06-24,001,SÁNCHEZ,SAMANÁ,MINISTERIO DE AGRICULTURA,EMCI,33.7,,61.0,https://indomet.gob.do/wp-content/uploads/2026/06/temperaturas-extremas-y-precipitaciones-2026x06x24-a.pdf
2026-06-24,002,JUMA BEJUCAL,MONSEÑOR NOUEL,IDIAF,EMCV,34.8,23.6,24.5,https://indomet.gob.do/wp-content/uploads/2026/06/temperaturas-extremas-y-precipitaciones-2026x06x24-a.pdf
2026-06-24,003,BONAO,MONSEÑOR NOUEL,MINISTERIO DE AGRICULTURA,EMCV,,,19.8,https://indomet.gob.do/wp-content/uploads/2026/06/temperaturas-extremas-y-precipitaciones-2026x06x24-a.pdf
2026-06-24,004,VILLA RIVA,DUARTE,HOSP. MPAL. ALICIA DE LEGENDRE,EMCI,33.0,23.8,13.7,https://indomet.gob.do/wp-content/uploads/2026/06/temperaturas-extremas-y-precipitaciones-2026x06x24-a.pdf
2026-06-24,005,ARPT. DE LAS AMÉRICAS,SANTO DOMINGO,INDOMET,EMCI,33.8,24.0,12.0,https://indomet.gob.do/wp-content/uploads/2026/06/temperaturas-extremas-y-precipitaciones-2026x06x24-a.pdf
2026-06-24,006,JARABACOA,LA VEGA,INDRHI / MARENA,EMCI,33.4,18.6,11.4,https://indomet.gob.do/wp-content/uploads/2026/06/temperaturas-extremas-y-precipitaciones-2026x06x24-a.pdf
2026-06-24,007,SABANA GRANDE DE BOYÁ,MONTE PLATA,MINISTERIO DE AGRICULTURA,EMCV,,,10.4,https://indomet.gob.do/wp-content/uploads/2026/06/temperaturas-extremas-y-precipitaciones-2026x06x24-a.pdf
2026-06-24,008,SAN CRISTÓBAL,SAN CRISTÓBAL,INSTITUTO POLITÉCNICO LOYOLA,EMCI,33.5,23.5,7.0,https://indomet.gob.do/wp-content/uploads/2026/06/temperaturas-extremas-y-precipitaciones-2026x06x24-a.pdf
2026-06-24,009,BAYAGUANA,MONTE PLATA,INDOMET,EMCI,35.5,23.5,5.6,https://indomet.gob.do/wp-content/uploads/2026/06/temperaturas-extremas-y-precipitaciones-2026x06x24-a.pdf
2026-06-24,010,PRESA DE TAVERAS (EMA),LA VEGA,PROGRAMA MUNDIAL DE ALIMENTO,EMAP,32.2,23.3,5.4,https://indomet.gob.do/wp-content/uploads/2026/06/temperaturas-extremas-y-precipitaciones-2026x06x24-a.pdf
2026-06-24,011,SABANA DE LA MAR,HATO MAYOR,INDOMET,EMCI,31.4,23.2,5.0,https://indomet.gob.do/wp-content/uploads/2026/06/temperaturas-extremas-y-precipitaciones-2026x06x24-a.pdf
2026-06-24,012,TAVERA,SANTIAGO,INDRHI,EMCI,,,4.5,https://indomet.gob.do/wp-content/uploads/2026/06/temperaturas-extremas-y-precipitaciones-2026x06x24-a.pdf
2026-06-24,013,RESTAURACIÓN,DAJABÓN,MINISTERIO DE AGRICULTURA,EMCI,33.6,19.7,4.4,https://indomet.gob.do/wp-content/uploads/2026/06/temperaturas-extremas-y-precipitaciones-2026x06x24-a.pdf
2026-06-24,014,ARPT. EL CATEY,SAMANÁ,INDOMET,EMCI,31.6,22.5,4.0,https://indomet.gob.do/wp-content/uploads/2026/06/temperaturas-extremas-y-precipitaciones-2026x06x24-a.pdf
2026-06-24,015,ALTO BANDERA (EMA),LA VEGA,INTEC,EMAP,16.8,7.8,3.8,https://indomet.gob.do/wp-content/uploads/2026/06/temperaturas-extremas-y-precipitaciones-2026x06x24-a.pdf
2026-06-24,016,RANCHO ARRIBA,SAN JOSÉ DE OCOA,CENTRO TECNOLÓGICO COMUNITARIO,EMCI,32.0,21.3,3.6,https://indomet.gob.do/wp-content/uploads/2026/06/temperaturas-extremas-y-precipitaciones-2026x06x24-a.pdf
2026-06-24,017,SAN RAFAEL DEL YUMA,LA ALTAGRACIA,MINISTERIO DE AGRICULTURA,EMCI,35.0,25.5,3.5,https://indomet.gob.do/wp-content/uploads/2026/06/temperaturas-extremas-y-precipitaciones-2026x06x24-a.pdf
2026-06-24,018,CONSTANZA,LA VEGA,MINISTERIO DE AGRICULTURA,EMCI,29.2,17.2,3.4,https://indomet.gob.do/wp-content/uploads/2026/06/temperaturas-extremas-y-precipitaciones-2026x06x24-a.pdf
2026-06-24,019,LOS JENGIBRES,NAGUA,INDRHI,EMCI,,,2.9,https://indomet.gob.do/wp-content/uploads/2026/06/temperaturas-extremas-y-precipitaciones-2026x06x24-a.pdf
2026-06-24,020,CONSTANZA (EMA),LA VEGA,PROGRAMA MUNDIAL DE ALIMENTO,EMAP,27.8,18.8,2.8,https://indomet.gob.do/wp-content/uploads/2026/06/temperaturas-extremas-y-precipitaciones-2026x06x24-a.pdf
2026-06-24,021,ANAMUYA (EMA),LA ALTAGRACIA,MINISTERIO DE AGRICULTURA,EMAP,33.6,25.5,2.6,https://indomet.gob.do/wp-content/uploads/2026/06/temperaturas-extremas-y-precipitaciones-2026x06x24-a.pdf
2026-06-24,022,RÍO SAN JUAN,MARÍA TRINIDAD SÁNCHEZ,HOSP. MPAL. DR. DESIDERIO ACOSTA,EMCV,33.5,25.7,2.2,https://indomet.gob.do/wp-content/uploads/2026/06/temperaturas-extremas-y-precipitaciones-2026x06x24-a.pdf
2026-06-24,023,POLO,BARAHONA,INDOCAFE,EMCI,29.5,16.5,2.1,https://indomet.gob.do/wp-content/uploads/2026/06/temperaturas-extremas-y-precipitaciones-2026x06x24-a.pdf
2026-06-24,024,SANTO DOMINGO ESTE,SANTO DOMINGO,INDOMET,EMCI,33.0,24.3,2.1,https://indomet.gob.do/wp-content/uploads/2026/06/temperaturas-extremas-y-precipitaciones-2026x06x24-a.pdf
2026-06-24,025,MICHES (EMA),EL SEIBO,PRIVADA,EMAP,34.6,24.6,1.6,https://indomet.gob.do/wp-content/uploads/2026/06/temperaturas-extremas-y-precipitaciones-2026x06x24-a.pdf
2026-06-24,026,JARABACOA (EMA),LA VEGA,PROGRAMA MUNDIAL DE ALIMENTO,EMAP,32.0,20.8,1.2,https://indomet.gob.do/wp-content/uploads/2026/06/temperaturas-extremas-y-precipitaciones-2026x06x24-a.pdf
2026-06-24,027,LUPERÓN,PUERTO PLATA,MINISTERIO DE AGRICULTURA,EMCV,,,1.0,https://indomet.gob.do/wp-content/uploads/2026/06/temperaturas-extremas-y-precipitaciones-2026x06x24-a.pdf
2026-06-24,028,SAMANÁ,SAMANÁ,COMANDANCIA DE PUERTO DE SAMANÁ,EMCI,33.3,20.9,1.0,https://indomet.gob.do/wp-content/uploads/2026/06/temperaturas-extremas-y-precipitaciones-2026x06x24-a.pdf
2026-06-24,029,LA VEGA,LA VEGA,IATESA,EMCI,35.0,23.0,0.9,https://indomet.gob.do/wp-content/uploads/2026/06/temperaturas-extremas-y-precipitaciones-2026x06x24-a.pdf
2026-06-24,030,BANI (EMA),PERAVIA,MINISTERIO DE AGRICULTURA,EMAP,33.3,25.7,0.8,https://indomet.gob.do/wp-content/uploads/2026/06/temperaturas-extremas-y-precipitaciones-2026x06x24-a.pdf
2026-06-24,031,SAN FRANCISCO DE MACORÍS,DUARTE,San Francisco de Macorís (UASD),EMCI,34.6,23.2,0.8,https://indomet.gob.do/wp-content/uploads/2026/06/temperaturas-extremas-y-precipitaciones-2026x06x24-a.pdf
2026-06-24,032,ARPT. DE LA ROMANA,LA ROMANA,INDOMET,EMCI,34.7,24.4,0.6,https://indomet.gob.do/wp-content/uploads/2026/06/temperaturas-extremas-y-precipitaciones-2026x06x24-a.pdf
2026-06-24,033,LOS LLANOS,SAN PEDRO DE MACORÍS,MINISTERIO DE AGRICULTURA,EMCI,35.0,24.5,0.6,https://indomet.gob.do/wp-content/uploads/2026/06/temperaturas-extremas-y-precipitaciones-2026x06x24-a.pdf
2026-06-24,034,SAN JOSÉ DE OCOA,SAN JOSÉ DE OCOA,HOSP. SAN JOSÉ DE OCOA,EMCI,34.2,22.9,0.6,https://indomet.gob.do/wp-content/uploads/2026/06/temperaturas-extremas-y-precipitaciones-2026x06x24-a.pdf
2026-06-24,035,ENSANCHE LA FE (EMA),DISTRITO NACIONAL,PRIVADA,EMAP,,,0.5,https://indomet.gob.do/wp-content/uploads/2026/06/temperaturas-extremas-y-precipitaciones-2026x06x24-a.pdf
2026-06-24,036,LA AGUSTINA (EMA),DISTRITO NACIONAL,PRIVADA,EMAP,,,0.5,https://indomet.gob.do/wp-content/uploads/2026/06/temperaturas-extremas-y-precipitaciones-2026x06x24-a.pdf
2026-06-24,037,PROLONGACION 27 DE FEBRERO,DISTRITO NACIONAL,PRIVADA,EMAP,,,0.5,https://indomet.gob.do/wp-content/uploads/2026/06/temperaturas-extremas-y-precipitaciones-2026x06x24-a.pdf
2026-06-24,038,BELLA VISTA (EMA),DISTRITO NACIONAL,PRIVADA,EMAP,,,0.3,https://indomet.gob.do/wp-content/uploads/2026/06/temperaturas-extremas-y-precipitaciones-2026x06x24-a.pdf
2026-06-24,039,LOS CACICAZGOS (EMA),DISTRITO NACIONAL,PRIVADA,EMAP,,,0.3,https://indomet.gob.do/wp-content/uploads/2026/06/temperaturas-extremas-y-precipitaciones-2026x06x24-a.pdf
2026-06-24,040,VILLA ALTAGRACIA,SAN CRISTÓBAL,ESCUELA JAVIER ANGULO GURIDI,EMCI,,,0.3,https://indomet.gob.do/wp-content/uploads/2026/06/temperaturas-extremas-y-precipitaciones-2026x06x24-a.pdf
2026-06-24,041,BASE AÉREA DE SAN ISIDRO,SANTO DOMINGO,FUERZA AÉREA DOMINICANA,EMCV,33.5,24.4,0.2,https://indomet.gob.do/wp-content/uploads/2026/06/temperaturas-extremas-y-precipitaciones-2026x06x24-a.pdf
2026-06-24,042,CENTRO DE LOS HEROES (EMA),DISTRITO NACIONAL,MINISTERIO DE ENERGIA Y MINA,EMAP,32.6,26.5,0.2,https://indomet.gob.do/wp-content/uploads/2026/06/temperaturas-extremas-y-precipitaciones-2026x06x24-a.pdf
2026-06-24,043,ALTAMIRA,PUERTO PLATA,HOSP. MPAL. DE ALTAMIRA,EMCI,35.1,21.9,0.0,https://indomet.gob.do/wp-content/uploads/2026/06/temperaturas-extremas-y-precipitaciones-2026x06x24-a.pdf
2026-06-24,044,ARPT. ARROYO BARRIL,SAMANÁ,INDOMET,EMCI,32.3,24.4,0.0,https://indomet.gob.do/wp-content/uploads/2026/06/temperaturas-extremas-y-precipitaciones-2026x06x24-a.pdf
2026-06-24,045,ARPT. DE PUNTA CANA,LA ALTAGRACIA,INDOMET,EMCI,32.2,25.0,0.0,https://indomet.gob.do/wp-content/uploads/2026/06/temperaturas-extremas-y-precipitaciones-2026x06x24-a.pdf
2026-06-24,046,ARPT. DEL CIBAO,SANTIAGO,INDOMET,EMCI,34.0,22.6,0.0,https://indomet.gob.do/wp-content/uploads/2026/06/temperaturas-extremas-y-precipitaciones-2026x06x24-a.pdf
2026-06-24,047,ARPT. GREGORIO LUPERÓN,PUERTO PLATA,INDOMET,EMCI,32.6,23.8,0.0,https://indomet.gob.do/wp-content/uploads/2026/06/temperaturas-extremas-y-precipitaciones-2026x06x24-a.pdf
2026-06-24,048,ARPT. LA ISABELA,SANTO DOMINGO,INDOMET,EMCI,35.6,24.4,0.0,https://indomet.gob.do/wp-content/uploads/2026/06/temperaturas-extremas-y-precipitaciones-2026x06x24-a.pdf
2026-06-24,049,ARPT. MARÍA MONTEZ,BARAHONA,INDOMET,EMCI,33.6,24.4,0.0,https://indomet.gob.do/wp-content/uploads/2026/06/temperaturas-extremas-y-precipitaciones-2026x06x24-a.pdf
2026-06-24,050,ARROYO LORO,SAN JUAN,IDIAF,EMCI,34.5,19.0,0.0,https://indomet.gob.do/wp-content/uploads/2026/06/temperaturas-extremas-y-precipitaciones-2026x06x24-a.pdf
2026-06-24,051,BOCA DE MAO (EMA),VALVERDE,MINISTERIO DE AGRICULTURA,EMAP,36.8,25.3,0.0,https://indomet.gob.do/wp-content/uploads/2026/06/temperaturas-extremas-y-precipitaciones-2026x06x24-a.pdf
2026-06-24,052,BUCARA (EMA),SANTIAGO,MINISTERIO DE AGRICULTURA,EMAI,,,0.0,https://indomet.gob.do/wp-content/uploads/2026/06/temperaturas-extremas-y-precipitaciones-2026x06x24-a.pdf
2026-06-24,053,CABRERA,MARÍA TRINIDAD SÁNCHEZ,ESCUELA ARÍSTIDES FIALLO CABRAL,EMCI,33.5,27.9,0.0,https://indomet.gob.do/wp-content/uploads/2026/06/temperaturas-extremas-y-precipitaciones-2026x06x24-a.pdf
2026-06-24,054,DAJABÓN,DAJABÓN,INSTITUTO POLITÉCNICO LOYOLA,EMCI,36.0,22.1,0.0,https://indomet.gob.do/wp-content/uploads/2026/06/temperaturas-extremas-y-precipitaciones-2026x06x24-a.pdf
2026-06-24,055,EL MILLON (EMA),DISTRITO NACIONAL,PRIVADA,EMAP,,,0.0,https://indomet.gob.do/wp-content/uploads/2026/06/temperaturas-extremas-y-precipitaciones-2026x06x24-a.pdf
2026-06-24,056,ELÍAS PIÑA,ELÍAS PIÑA,MINISTERIO DE AGRICULTURA,EMCV,,,0.0,https://indomet.gob.do/wp-content/uploads/2026/06/temperaturas-extremas-y-precipitaciones-2026x06x24-a.pdf
2026-06-24,057,ENRIQUILLO,BARAHONA,MINISTERIO DE AGRICULTURA,EMCV,33.0,24.8,0.0,https://indomet.gob.do/wp-content/uploads/2026/06/temperaturas-extremas-y-precipitaciones-2026x06x24-a.pdf
2026-06-24,058,ESCONDIDO,PERAVIA,MINISTERIO DE AGRICULTURA,EMCV,33.0,27.0,0.0,https://indomet.gob.do/wp-content/uploads/2026/06/temperaturas-extremas-y-precipitaciones-2026x06x24-a.pdf
2026-06-24,059,GASPAR HERNÁNDEZ,ESPAILLAT,PROPIEDAD DEL EMPLEADO,EMCI,,,0.0,https://indomet.gob.do/wp-content/uploads/2026/06/temperaturas-extremas-y-precipitaciones-2026x06x24-a.pdf
2026-06-24,060,GURABO,SANTIAGO,MINISTERIO DE AGRICULTURA,EMCV,,,0.0,https://indomet.gob.do/wp-content/uploads/2026/06/temperaturas-extremas-y-precipitaciones-2026x06x24-a.pdf
2026-06-24,061,HATO MAYOR,HATO MAYOR,MINISTERIO DE AGRICULTURA,EMCV,,,0.0,https://indomet.gob.do/wp-content/uploads/2026/06/temperaturas-extremas-y-precipitaciones-2026x06x24-a.pdf
2026-06-24,062,HONDO VALLE,ELÍAS PIÑA,MINISTERIO DE AGRICULTURA,EMCI,29.3,19.2,0.0,https://indomet.gob.do/wp-content/uploads/2026/06/temperaturas-extremas-y-precipitaciones-2026x06x24-a.pdf
2026-06-24,063,JARDÍN BOTÁNICO SANTIAGO (EMSANTIAGO,,JARDIN BOTANICO SANTIAGO,EMAI,34.6,26.6,0.0,https://indomet.gob.do/wp-content/uploads/2026/06/temperaturas-extremas-y-precipitaciones-2026x06x24-a.pdf
2026-06-24,064,JIMANÍ,INDEPENDENCIA,MINISTERIO DE AGRICULTURA,EMCI,36.0,25.4,0.0,https://indomet.gob.do/wp-content/uploads/2026/06/temperaturas-extremas-y-precipitaciones-2026x06x24-a.pdf
2026-06-24,065,LA VICTORIA,SANTO DOMINGO,CUERPO DE BOMBEROS,EMCI,34.9,25.5,0.0,https://indomet.gob.do/wp-content/uploads/2026/06/temperaturas-extremas-y-precipitaciones-2026x06x24-a.pdf
2026-06-24,066,LAS CANAS (EMA),MONTE CRISTI,PROGRAMA MUNDIAL DE ALIMENTO,EMAP,30.3,24.5,0.0,https://indomet.gob.do/wp-content/uploads/2026/06/temperaturas-extremas-y-precipitaciones-2026x06x24-a.pdf
2026-06-24,067,LAS MATAS DE FARFÁN,SAN JUAN,MINISTERIO DE AGRICULTURA,EMCV,,,0.0,https://indomet.gob.do/wp-content/uploads/2026/06/temperaturas-extremas-y-precipitaciones-2026x06x24-a.pdf
2026-06-24,068,LOS COCOS (EMA),BAHORUCO,PRIVADA,EMAP,,,0.0,https://indomet.gob.do/wp-content/uploads/2026/06/temperaturas-extremas-y-precipitaciones-2026x06x24-a.pdf
2026-06-24,069,LOS JARDINES (EMA),DISTRITO NACIONAL,PRIVADA,EMAP,,,0.0,https://indomet.gob.do/wp-content/uploads/2026/06/temperaturas-extremas-y-precipitaciones-2026x06x24-a.pdf
2026-06-24,070,MAO,VALVERDE,INDRHI / MINISTERIO DE AGRICULTURA,EMCV,,,0.0,https://indomet.gob.do/wp-content/uploads/2026/06/temperaturas-extremas-y-precipitaciones-2026x06x24-a.pdf
2026-06-24,071,MONCIÓN (EMA),SANTIAGO RODRÍGUEZ,PROGRAMA MUNDIAL DE ALIMENTO,EMAP,32.6,22.4,0.0,https://indomet.gob.do/wp-content/uploads/2026/06/temperaturas-extremas-y-precipitaciones-2026x06x24-a.pdf
2026-06-24,072,MONTE CRISTI,MONTE CRISTI,INDOMET,EMCI,34.5,24.5,0.0,https://indomet.gob.do/wp-content/uploads/2026/06/temperaturas-extremas-y-precipitaciones-2026x06x24-a.pdf
2026-06-24,073,NAVARRETE,SANTIAGO,MINISTERIO DE AGRICULTURA,EMCV,,,0.0,https://indomet.gob.do/wp-content/uploads/2026/06/temperaturas-extremas-y-precipitaciones-2026x06x24-a.pdf
2026-06-24,074,OLIVARES,PEDERNALES,INDRHI,EMCI,,,0.0,https://indomet.gob.do/wp-content/uploads/2026/06/temperaturas-extremas-y-precipitaciones-2026x06x24-a.pdf
2026-06-24,075,OVIEDO,PEDERNALES,CLÍNICA RURAL OVIEDO,EMCI,32.5,25.0,0.0,https://indomet.gob.do/wp-content/uploads/2026/06/temperaturas-extremas-y-precipitaciones-2026x06x24-a.pdf
2026-06-24,076,PADRE LAS CASAS,AZUA,HOSP. NTRA. SRA. DEL CARMEN,EMCI,34.0,20.4,0.0,https://indomet.gob.do/wp-content/uploads/2026/06/temperaturas-extremas-y-precipitaciones-2026x06x24-a.pdf
2026-06-24,077,PALO ÍNDIO,PUERTO PLATA,MINISTERIO DE AGRICULTURA,EMCI,,,0.0,https://indomet.gob.do/wp-content/uploads/2026/06/temperaturas-extremas-y-precipitaciones-2026x06x24-a.pdf
2026-06-24,078,PEDERNALES,PEDERNALES,INDRHI,EMCI,,,0.0,https://indomet.gob.do/wp-content/uploads/2026/06/temperaturas-extremas-y-precipitaciones-2026x06x24-a.pdf
2026-06-24,079,PERALTA,AZUA,HOSP. MPAL. DE PERALTA,EMCI,33.8,18.0,0.0,https://indomet.gob.do/wp-content/uploads/2026/06/temperaturas-extremas-y-precipitaciones-2026x06x24-a.pdf
2026-06-24,080,PONTÓN ABAJO (EMA),LA VEGA,MINISTERIO DE AGRICULTURA,EMAP,35.9,26.2,0.0,https://indomet.gob.do/wp-content/uploads/2026/06/temperaturas-extremas-y-precipitaciones-2026x06x24-a.pdf
2026-06-24,081,SABANETA (EMA),SANTIAGO RODRÍGUEZ,PROGRAMA MUNDIAL DE ALIMENTO,EMAP,36.1,23.3,0.0,https://indomet.gob.do/wp-content/uploads/2026/06/temperaturas-extremas-y-precipitaciones-2026x06x24-a.pdf
2026-06-24,082,SAJOMA (EMA),SANTIAGO,PLAN SIERRA,EMAI,31.8,25.2,0.0,https://indomet.gob.do/wp-content/uploads/2026/06/temperaturas-extremas-y-precipitaciones-2026x06x24-a.pdf
2026-06-24,083,SALCEDO,HERMANAS MIRABAL,PROPIEDAD DEL EMPLEADO,EMCI,,,0.0,https://indomet.gob.do/wp-content/uploads/2026/06/temperaturas-extremas-y-precipitaciones-2026x06x24-a.pdf
2026-06-24,084,SANTIAGO (CENTRO),SANTIAGO,HUACALITO,EMCI,,,0.0,https://indomet.gob.do/wp-content/uploads/2026/06/temperaturas-extremas-y-precipitaciones-2026x06x24-a.pdf
2026-06-24,085,SANTIAGO RODRÍGUEZ,SANTIAGO RODRÍGUEZ,INDOMET,EMCI,36.1,24.5,0.0,https://indomet.gob.do/wp-content/uploads/2026/06/temperaturas-extremas-y-precipitaciones-2026x06x24-a.pdf
2026-06-24,086,TÁBARA ABAJO,AZUA,INDRHI,EMCI,32.5,21.3,0.0,https://indomet.gob.do/wp-content/uploads/2026/06/temperaturas-extremas-y-precipitaciones-2026x06x24-a.pdf
2026-06-24,087,VILLA GONZALE (EMA),SANTIAGO,IGLESIA,EMAI,,,0.0,https://indomet.gob.do/wp-content/uploads/2026/06/temperaturas-extremas-y-precipitaciones-2026x06x24-a.pdf
2026-06-24,088,VILLA GONZALES,SANTIAGO,MINISTERIO DE AGRICULTURA,EMCI,,,0.0,https://indomet.gob.do/wp-content/uploads/2026/06/temperaturas-extremas-y-precipitaciones-2026x06x24-a.pdf
2026-06-24,089,VILLA ISABELA,PUERTO PLATA,MINISTERIO DE AGRICULTURA,EMCV,34.8,22.5,0.0,https://indomet.gob.do/wp-content/uploads/2026/06/temperaturas-extremas-y-precipitaciones-2026x06x24-a.pdf
2026-06-24,090,VILLA VASQUEZ (EMA),MONTE CRISTI,JUNTA DE REGANTES,EMAI,,,0.0,https://indomet.gob.do/wp-content/uploads/2026/06/temperaturas-extremas-y-precipitaciones-2026x06x24-a.pdf
2026-06-24,091,COTUÍ,SÁNCHEZ RAMÍREZ,HOSP. INMACULADA CONCEPCIÓN,EMCV,,,0.0,https://indomet.gob.do/wp-content/uploads/2026/06/temperaturas-extremas-y-precipitaciones-2026x06x24-a.pdf
2026-06-24,092,PASO AL MEDIO,SAN PEDRO DE MACORÍS,INDRHI,EMCI,,,0.0,https://indomet.gob.do/wp-content/uploads/2026/06/temperaturas-extremas-y-precipitaciones-2026x06x24-a.pdf
2026-06-25,001,CASTILLO (EMA),DUARTE,PRIVADA,EMAP,,,41.7,https://indomet.gob.do/wp-content/uploads/2026/06/temperaturas-extremas-y-precipitaciones-2026x06x25-a.pdf
2026-06-25,002,BARRAQUITO (EMA),DUARTE,PROGRAMA MUNDIAL DE ALIMENTO,EMAP,,,20.8,https://indomet.gob.do/wp-content/uploads/2026/06/temperaturas-extremas-y-precipitaciones-2026x06x25-a.pdf
2026-06-25,003,GASPAR HERNÁNDEZ,ESPAILLAT,PROPIEDAD DEL EMPLEADO,EMCI,,,16.6,https://indomet.gob.do/wp-content/uploads/2026/06/temperaturas-extremas-y-precipitaciones-2026x06x25-a.pdf
2026-06-25,004,TAMBORIL,SANTIAGO,MINISTERIO DE AGRICULTURA,EMCV,,,16.5,https://indomet.gob.do/wp-content/uploads/2026/06/temperaturas-extremas-y-precipitaciones-2026x06x25-a.pdf
2026-06-25,005,SALCEDO,HERMANAS MIRABAL,PROPIEDAD DEL EMPLEADO,EMCI,,,13.7,https://indomet.gob.do/wp-content/uploads/2026/06/temperaturas-extremas-y-precipitaciones-2026x06x25-a.pdf
2026-06-25,006,BANI (EMA),PERAVIA,MINISTERIO DE AGRICULTURA,EMAP,30.7,26.4,13.6,https://indomet.gob.do/wp-content/uploads/2026/06/temperaturas-extremas-y-precipitaciones-2026x06x25-a.pdf
2026-06-25,007,JUAN DOLIO (EMA),SAN PEDRO DE MACORÍS,PRIVADA,EMAP,,,11.8,https://indomet.gob.do/wp-content/uploads/2026/06/temperaturas-extremas-y-precipitaciones-2026x06x25-a.pdf
2026-06-25,008,LOS JENGIBRES,NAGUA,INDRHI,EMCI,,,11.6,https://indomet.gob.do/wp-content/uploads/2026/06/temperaturas-extremas-y-precipitaciones-2026x06x25-a.pdf
2026-06-25,009,POLO,BARAHONA,INDOCAFE,EMCI,27.0,18.3,11.2,https://indomet.gob.do/wp-content/uploads/2026/06/temperaturas-extremas-y-precipitaciones-2026x06x25-a.pdf
2026-06-25,010,PONTÓN ABAJO (EMA),LA VEGA,MINISTERIO DE AGRICULTURA,EMAP,32.4,24.5,10.4,https://indomet.gob.do/wp-content/uploads/2026/06/temperaturas-extremas-y-precipitaciones-2026x06x25-a.pdf
2026-06-25,011,GURABO,SANTIAGO,MINISTERIO DE AGRICULTURA,EMCV,,,9.4,https://indomet.gob.do/wp-content/uploads/2026/06/temperaturas-extremas-y-precipitaciones-2026x06x25-a.pdf
2026-06-25,012,SAN FRANCISCO DE MACORÍS,DUARTE,San Francisco de Macorís (UASD),EMCI,31.4,23.7,7.6,https://indomet.gob.do/wp-content/uploads/2026/06/temperaturas-extremas-y-precipitaciones-2026x06x25-a.pdf
2026-06-25,013,SAN JOSÉ DE OCOA,SAN JOSÉ DE OCOA,HOSP. SAN JOSÉ DE OCOA,EMCI,30.1,21.2,6.8,https://indomet.gob.do/wp-content/uploads/2026/06/temperaturas-extremas-y-precipitaciones-2026x06x25-a.pdf
2026-06-25,014,ESCONDIDO,PERAVIA,MINISTERIO DE AGRICULTURA,EMCV,,,5.6,https://indomet.gob.do/wp-content/uploads/2026/06/temperaturas-extremas-y-precipitaciones-2026x06x25-a.pdf
2026-06-25,015,LA VEGA,LA VEGA,IATESA,EMCI,32.5,24.0,5.5,https://indomet.gob.do/wp-content/uploads/2026/06/temperaturas-extremas-y-precipitaciones-2026x06x25-a.pdf
2026-06-25,016,ARPT. LA ISABELA,SANTO DOMINGO,INDOMET,EMCI,32.0,25.0,5.0,https://indomet.gob.do/wp-content/uploads/2026/06/temperaturas-extremas-y-precipitaciones-2026x06x25-a.pdf
2026-06-25,017,LA VICTORIA,SANTO DOMINGO,CUERPO DE BOMBEROS,EMCI,31.5,24.5,5.0,https://indomet.gob.do/wp-content/uploads/2026/06/temperaturas-extremas-y-precipitaciones-2026x06x25-a.pdf
2026-06-25,018,ALTO BANDERA (EMA),LA VEGA,INTEC,EMAP,19.9,10.2,4.3,https://indomet.gob.do/wp-content/uploads/2026/06/temperaturas-extremas-y-precipitaciones-2026x06x25-a.pdf
2026-06-25,019,ARPT. EL CATEY,SAMANÁ,INDOMET,EMCI,33.5,22.6,4.2,https://indomet.gob.do/wp-content/uploads/2026/06/temperaturas-extremas-y-precipitaciones-2026x06x25-a.pdf
2026-06-25,020,SÁNCHEZ,SAMANÁ,MINISTERIO DE AGRICULTURA,EMCI,32.4,,4.2,https://indomet.gob.do/wp-content/uploads/2026/06/temperaturas-extremas-y-precipitaciones-2026x06x25-a.pdf
2026-06-25,021,PERALTA,AZUA,HOSP. MPAL. DE PERALTA,EMCI,33.2,16.1,4.0,https://indomet.gob.do/wp-content/uploads/2026/06/temperaturas-extremas-y-precipitaciones-2026x06x25-a.pdf
2026-06-25,022,SABANA GRANDE DE BOYÁ,MONTE PLATA,MINISTERIO DE AGRICULTURA,EMCV,,,3.8,https://indomet.gob.do/wp-content/uploads/2026/06/temperaturas-extremas-y-precipitaciones-2026x06x25-a.pdf
2026-06-25,023,ARPT. DE LAS AMÉRICAS,SANTO DOMINGO,INDOMET,EMCI,32.2,24.3,3.6,https://indomet.gob.do/wp-content/uploads/2026/06/temperaturas-extremas-y-precipitaciones-2026x06x25-a.pdf
2026-06-25,024,ARPT. GREGORIO LUPERÓN,PUERTO PLATA,INDOMET,EMCI,30.2,23.6,3.5,https://indomet.gob.do/wp-content/uploads/2026/06/temperaturas-extremas-y-precipitaciones-2026x06x25-a.pdf
2026-06-25,025,BASE AÉREA DE SAN ISIDRO,SANTO DOMINGO,FUERZA AÉREA DOMINICANA,EMCV,33.5,23.9,3.0,https://indomet.gob.do/wp-content/uploads/2026/06/temperaturas-extremas-y-precipitaciones-2026x06x25-a.pdf
2026-06-25,026,RÍO SAN JUAN,MARÍA TRINIDAD SÁNCHEZ,HOSP. MPAL. DR. DESIDERIO ACOSTA,EMCV,32.5,25.7,2.8,https://indomet.gob.do/wp-content/uploads/2026/06/temperaturas-extremas-y-precipitaciones-2026x06x25-a.pdf
2026-06-25,027,BAYAGUANA,MONTE PLATA,INDOMET,EMCI,33.0,24.5,2.6,https://indomet.gob.do/wp-content/uploads/2026/06/temperaturas-extremas-y-precipitaciones-2026x06x25-a.pdf
2026-06-25,028,JARDÍN BOTÁNICO SANTIAGO (EMSANTIAGO,,JARDIN BOTANICO SANTIAGO,EMAI,,,2.0,https://indomet.gob.do/wp-content/uploads/2026/06/temperaturas-extremas-y-precipitaciones-2026x06x25-a.pdf
2026-06-25,029,LOS LLANOS,SAN PEDRO DE MACORÍS,MINISTERIO DE AGRICULTURA,EMCI,32.3,23.7,2.0,https://indomet.gob.do/wp-content/uploads/2026/06/temperaturas-extremas-y-precipitaciones-2026x06x25-a.pdf
2026-06-25,030,EL CERCADO,SAN JUAN,MINISTERIO DE AGRICULTURA,EMCV,,,1.8,https://indomet.gob.do/wp-content/uploads/2026/06/temperaturas-extremas-y-precipitaciones-2026x06x25-a.pdf
2026-06-25,031,RANCHO ARRIBA,SAN JOSÉ DE OCOA,CENTRO TECNOLÓGICO COMUNITARIO,EMCI,28.1,17.9,1.2,https://indomet.gob.do/wp-content/uploads/2026/06/temperaturas-extremas-y-precipitaciones-2026x06x25-a.pdf
2026-06-25,032,ARPT. DEL CIBAO,SANTIAGO,INDOMET,EMCI,31.0,24.0,1.0,https://indomet.gob.do/wp-content/uploads/2026/06/temperaturas-extremas-y-precipitaciones-2026x06x25-a.pdf
2026-06-25,033,CONSTANZA,LA VEGA,MINISTERIO DE AGRICULTURA,EMCI,28.0,13.3,1.0,https://indomet.gob.do/wp-content/uploads/2026/06/temperaturas-extremas-y-precipitaciones-2026x06x25-a.pdf
2026-06-25,034,TAVERA,SANTIAGO,INDRHI,EMCI,,,1.0,https://indomet.gob.do/wp-content/uploads/2026/06/temperaturas-extremas-y-precipitaciones-2026x06x25-a.pdf
2026-06-25,035,BELLA VISTA (EMA),DISTRITO NACIONAL,PRIVADA,EMAP,,,0.8,https://indomet.gob.do/wp-content/uploads/2026/06/temperaturas-extremas-y-precipitaciones-2026x06x25-a.pdf
2026-06-25,036,BUCARA (EMA),SANTIAGO,MINISTERIO DE AGRICULTURA,EMAI,,,0.8,https://indomet.gob.do/wp-content/uploads/2026/06/temperaturas-extremas-y-precipitaciones-2026x06x25-a.pdf
2026-06-25,037,CONSTANZA (EMA),LA VEGA,PROGRAMA MUNDIAL DE ALIMENTO,EMAP,26.8,15.5,0.8,https://indomet.gob.do/wp-content/uploads/2026/06/temperaturas-extremas-y-precipitaciones-2026x06x25-a.pdf
2026-06-25,038,JARABACOA,LA VEGA,INDRHI / MARENA,EMCI,32.2,17.6,0.8,https://indomet.gob.do/wp-content/uploads/2026/06/temperaturas-extremas-y-precipitaciones-2026x06x25-a.pdf
2026-06-25,039,JARABACOA (EMA),LA VEGA,PROGRAMA MUNDIAL DE ALIMENTO,EMAP,31.1,19.2,0.6,https://indomet.gob.do/wp-content/uploads/2026/06/temperaturas-extremas-y-precipitaciones-2026x06x25-a.pdf
2026-06-25,040,SAJOMA (EMA),SANTIAGO,PLAN SIERRA,EMAI,32.1,25.0,0.6,https://indomet.gob.do/wp-content/uploads/2026/06/temperaturas-extremas-y-precipitaciones-2026x06x25-a.pdf
2026-06-25,041,NAVARRETE,SANTIAGO,MINISTERIO DE AGRICULTURA,EMCV,,,0.5,https://indomet.gob.do/wp-content/uploads/2026/06/temperaturas-extremas-y-precipitaciones-2026x06x25-a.pdf
2026-06-25,042,VILLA GONZALES,SANTIAGO,MINISTERIO DE AGRICULTURA,EMCI,,,0.5,https://indomet.gob.do/wp-content/uploads/2026/06/temperaturas-extremas-y-precipitaciones-2026x06x25-a.pdf
2026-06-25,043,MICHES (EMA),EL SEIBO,PRIVADA,EMAP,32.6,25.2,0.4,https://indomet.gob.do/wp-content/uploads/2026/06/temperaturas-extremas-y-precipitaciones-2026x06x25-a.pdf
2026-06-25,044,PRESA DE TAVERAS (EMA),LA VEGA,PROGRAMA MUNDIAL DE ALIMENTO,EMAP,30.7,23.3,0.4,https://indomet.gob.do/wp-content/uploads/2026/06/temperaturas-extremas-y-precipitaciones-2026x06x25-a.pdf
2026-06-25,045,PADRE LAS CASAS,AZUA,HOSP. NTRA. SRA. DEL CARMEN,EMCI,33.0,17.5,0.3,https://indomet.gob.do/wp-content/uploads/2026/06/temperaturas-extremas-y-precipitaciones-2026x06x25-a.pdf
2026-06-25,046,JANICO (EMA),LA VEGA,PLAN SIERRA,EMAI,,,0.2,https://indomet.gob.do/wp-content/uploads/2026/06/temperaturas-extremas-y-precipitaciones-2026x06x25-a.pdf
2026-06-25,047,MONCIÓN (EMA),SANTIAGO RODRÍGUEZ,PROGRAMA MUNDIAL DE ALIMENTO,EMAP,32.1,22.2,0.2,https://indomet.gob.do/wp-content/uploads/2026/06/temperaturas-extremas-y-precipitaciones-2026x06x25-a.pdf
2026-06-25,048,TÁBARA ABAJO,AZUA,INDRHI,EMCI,32.5,19.0,0.2,https://indomet.gob.do/wp-content/uploads/2026/06/temperaturas-extremas-y-precipitaciones-2026x06x25-a.pdf
2026-06-25,049,ALTAMIRA,PUERTO PLATA,HOSP. MPAL. DE ALTAMIRA,EMCI,33.2,21.5,0.1,https://indomet.gob.do/wp-content/uploads/2026/06/temperaturas-extremas-y-precipitaciones-2026x06x25-a.pdf
2026-06-25,050,ARROYO LORO,SAN JUAN,IDIAF,EMCI,33.5,17.3,0.1,https://indomet.gob.do/wp-content/uploads/2026/06/temperaturas-extremas-y-precipitaciones-2026x06x25-a.pdf
2026-06-25,051,JUMA BEJUCAL,MONSEÑOR NOUEL,IDIAF,EMCV,32.0,24.4,0.1,https://indomet.gob.do/wp-content/uploads/2026/06/temperaturas-extremas-y-precipitaciones-2026x06x25-a.pdf
2026-06-25,052,SANTIAGO (CENTRO),SANTIAGO,HUACALITO,EMCI,,,0.1,https://indomet.gob.do/wp-content/uploads/2026/06/temperaturas-extremas-y-precipitaciones-2026x06x25-a.pdf
2026-06-25,053,SANTO DOMINGO ESTE,SANTO DOMINGO,INDOMET,EMCI,31.8,25.5,0.1,https://indomet.gob.do/wp-content/uploads/2026/06/temperaturas-extremas-y-precipitaciones-2026x06x25-a.pdf
2026-06-25,054,ANAMUYA (EMA),LA ALTAGRACIA,MINISTERIO DE AGRICULTURA,EMAP,32.9,25.6,0.0,https://indomet.gob.do/wp-content/uploads/2026/06/temperaturas-extremas-y-precipitaciones-2026x06x25-a.pdf
2026-06-25,055,ARPT. ARROYO BARRIL,SAMANÁ,INDOMET,EMCI,31.0,24.5,0.0,https://indomet.gob.do/wp-content/uploads/2026/06/temperaturas-extremas-y-precipitaciones-2026x06x25-a.pdf
2026-06-25,056,ARPT. DE LA ROMANA,LA ROMANA,INDOMET,EMCI,33.5,25.0,0.0,https://indomet.gob.do/wp-content/uploads/2026/06/temperaturas-extremas-y-precipitaciones-2026x06x25-a.pdf
2026-06-25,057,ARPT. DE PUNTA CANA,LA ALTAGRACIA,INDOMET,EMCI,31.8,25.5,0.0,https://indomet.gob.do/wp-content/uploads/2026/06/temperaturas-extremas-y-precipitaciones-2026x06x25-a.pdf
2026-06-25,058,ARPT. MARÍA MONTEZ,BARAHONA,INDOMET,EMCI,33.2,24.9,0.0,https://indomet.gob.do/wp-content/uploads/2026/06/temperaturas-extremas-y-precipitaciones-2026x06x25-a.pdf
2026-06-25,059,BOCA DE MAO (EMA),VALVERDE,MINISTERIO DE AGRICULTURA,EMAP,34.8,25.4,0.0,https://indomet.gob.do/wp-content/uploads/2026/06/temperaturas-extremas-y-precipitaciones-2026x06x25-a.pdf
2026-06-25,060,BOHECHÍO,SAN JUAN,MINISTERIO DE AGRICULTURA,EMCV,,,0.0,https://indomet.gob.do/wp-content/uploads/2026/06/temperaturas-extremas-y-precipitaciones-2026x06x25-a.pdf
2026-06-25,061,CABRERA,MARÍA TRINIDAD SÁNCHEZ,ESCUELA ARÍSTIDES FIALLO CABRAL,EMCI,33.2,27.5,0.0,https://indomet.gob.do/wp-content/uploads/2026/06/temperaturas-extremas-y-precipitaciones-2026x06x25-a.pdf
2026-06-25,062,CENTRO DE LOS HEROES (EMA),DISTRITO NACIONAL,MINISTERIO DE ENERGIA Y MINA,EMAP,31.6,26.8,0.0,https://indomet.gob.do/wp-content/uploads/2026/06/temperaturas-extremas-y-precipitaciones-2026x06x25-a.pdf
2026-06-25,063,DAJABÓN,DAJABÓN,INSTITUTO POLITÉCNICO LOYOLA,EMCI,35.6,22.7,0.0,https://indomet.gob.do/wp-content/uploads/2026/06/temperaturas-extremas-y-precipitaciones-2026x06x25-a.pdf
2026-06-25,064,EL MILLON (EMA),DISTRITO NACIONAL,PRIVADA,EMAP,,,0.0,https://indomet.gob.do/wp-content/uploads/2026/06/temperaturas-extremas-y-precipitaciones-2026x06x25-a.pdf
2026-06-25,065,EL SEIBO,EL SEIBO,MINISTERIO DE AGRICULTURA,EMCV,,,0.0,https://indomet.gob.do/wp-content/uploads/2026/06/temperaturas-extremas-y-precipitaciones-2026x06x25-a.pdf
2026-06-25,066,ELÍAS PIÑA,ELÍAS PIÑA,MINISTERIO DE AGRICULTURA,EMCV,,,0.0,https://indomet.gob.do/wp-content/uploads/2026/06/temperaturas-extremas-y-precipitaciones-2026x06x25-a.pdf
2026-06-25,067,ENRIQUILLO,BARAHONA,MINISTERIO DE AGRICULTURA,EMCV,32.2,24.5,0.0,https://indomet.gob.do/wp-content/uploads/2026/06/temperaturas-extremas-y-precipitaciones-2026x06x25-a.pdf
2026-06-25,068,ENSANCHE LA FE (EMA),DISTRITO NACIONAL,PRIVADA,EMAP,,,0.0,https://indomet.gob.do/wp-content/uploads/2026/06/temperaturas-extremas-y-precipitaciones-2026x06x25-a.pdf
2026-06-25,069,HATO MAYOR,HATO MAYOR,MINISTERIO DE AGRICULTURA,EMCV,,,0.0,https://indomet.gob.do/wp-content/uploads/2026/06/temperaturas-extremas-y-precipitaciones-2026x06x25-a.pdf
2026-06-25,070,HONDO VALLE,ELÍAS PIÑA,MINISTERIO DE AGRICULTURA,EMCI,29.9,18.4,0.0,https://indomet.gob.do/wp-content/uploads/2026/06/temperaturas-extremas-y-precipitaciones-2026x06x25-a.pdf
2026-06-25,071,JARDÍN BOTÁNICO NACIONAL,DISTRITO NACIONAL,JARDÍN BOTÁNICO NACIONAL,EMCV,34.3,24.0,0.0,https://indomet.gob.do/wp-content/uploads/2026/06/temperaturas-extremas-y-precipitaciones-2026x06x25-a.pdf
2026-06-25,072,JIMANÍ,INDEPENDENCIA,MINISTERIO DE AGRICULTURA,EMCI,36.0,26.0,0.0,https://indomet.gob.do/wp-content/uploads/2026/06/temperaturas-extremas-y-precipitaciones-2026x06x25-a.pdf
2026-06-25,073,LA AGUSTINA (EMA),DISTRITO NACIONAL,PRIVADA,EMAP,,,0.0,https://indomet.gob.do/wp-content/uploads/2026/06/temperaturas-extremas-y-precipitaciones-2026x06x25-a.pdf
2026-06-25,074,LAS MATAS DE FARFÁN,SAN JUAN,MINISTERIO DE AGRICULTURA,EMCV,,,0.0,https://indomet.gob.do/wp-content/uploads/2026/06/temperaturas-extremas-y-precipitaciones-2026x06x25-a.pdf
2026-06-25,075,LOS CACICAZGOS (EMA),DISTRITO NACIONAL,PRIVADA,EMAP,,,0.0,https://indomet.gob.do/wp-content/uploads/2026/06/temperaturas-extremas-y-precipitaciones-2026x06x25-a.pdf
2026-06-25,076,LOS COCOS (EMA),BAHORUCO,PRIVADA,EMAP,,,0.0,https://indomet.gob.do/wp-content/uploads/2026/06/temperaturas-extremas-y-precipitaciones-2026x06x25-a.pdf
2026-06-25,077,LOS JARDINES (EMA),DISTRITO NACIONAL,PRIVADA,EMAP,,,0.0,https://indomet.gob.do/wp-content/uploads/2026/06/temperaturas-extremas-y-precipitaciones-2026x06x25-a.pdf
2026-06-25,078,LUPERÓN,PUERTO PLATA,MINISTERIO DE AGRICULTURA,EMCV,,,0.0,https://indomet.gob.do/wp-content/uploads/2026/06/temperaturas-extremas-y-precipitaciones-2026x06x25-a.pdf
2026-06-25,079,MAO,VALVERDE,INDRHI / MINISTERIO DE AGRICULTURA,EMCV,,,0.0,https://indomet.gob.do/wp-content/uploads/2026/06/temperaturas-extremas-y-precipitaciones-2026x06x25-a.pdf
2026-06-25,080,MONTE CRISTI,MONTE CRISTI,INDOMET,EMCI,35.0,25.5,0.0,https://indomet.gob.do/wp-content/uploads/2026/06/temperaturas-extremas-y-precipitaciones-2026x06x25-a.pdf
2026-06-25,081,OLIVARES,PEDERNALES,INDRHI,EMCI,,,0.0,https://indomet.gob.do/wp-content/uploads/2026/06/temperaturas-extremas-y-precipitaciones-2026x06x25-a.pdf
2026-06-25,082,OVIEDO,PEDERNALES,CLÍNICA RURAL OVIEDO,EMCI,32.0,25.0,0.0,https://indomet.gob.do/wp-content/uploads/2026/06/temperaturas-extremas-y-precipitaciones-2026x06x25-a.pdf
2026-06-25,083,PALO ÍNDIO,PUERTO PLATA,MINISTERIO DE AGRICULTURA,EMCI,,,0.0,https://indomet.gob.do/wp-content/uploads/2026/06/temperaturas-extremas-y-precipitaciones-2026x06x25-a.pdf
2026-06-25,084,PASO AL MEDIO,SAN PEDRO DE MACORÍS,INDRHI,EMCI,,,0.0,https://indomet.gob.do/wp-content/uploads/2026/06/temperaturas-extremas-y-precipitaciones-2026x06x25-a.pdf
2026-06-25,085,PEDERNALES,PEDERNALES,INDRHI,EMCI,,,0.0,https://indomet.gob.do/wp-content/uploads/2026/06/temperaturas-extremas-y-precipitaciones-2026x06x25-a.pdf
2026-06-25,086,PROLONGACION 27 DE FEBRERO,DISTRITO NACIONAL,PRIVADA,EMAP,,,0.0,https://indomet.gob.do/wp-content/uploads/2026/06/temperaturas-extremas-y-precipitaciones-2026x06x25-a.pdf
2026-06-25,087,RESTAURACIÓN,DAJABÓN,MINISTERIO DE AGRICULTURA,EMCI,33.8,19.4,0.0,https://indomet.gob.do/wp-content/uploads/2026/06/temperaturas-extremas-y-precipitaciones-2026x06x25-a.pdf
2026-06-25,088,SABANA DE LA MAR,HATO MAYOR,INDOMET,EMCI,31.6,24.0,0.0,https://indomet.gob.do/wp-content/uploads/2026/06/temperaturas-extremas-y-precipitaciones-2026x06x25-a.pdf
2026-06-25,089,SABANETA (EMA),SANTIAGO RODRÍGUEZ,PROGRAMA MUNDIAL DE ALIMENTO,EMAP,26.2,23.1,0.0,https://indomet.gob.do/wp-content/uploads/2026/06/temperaturas-extremas-y-precipitaciones-2026x06x25-a.pdf
2026-06-25,090,SAMANÁ,SAMANÁ,COMANDANCIA DE PUERTO DE SAMANÁ,EMCI,33.0,20.6,0.0,https://indomet.gob.do/wp-content/uploads/2026/06/temperaturas-extremas-y-precipitaciones-2026x06x25-a.pdf
2026-06-25,091,SAN CRISTÓBAL,SAN CRISTÓBAL,INSTITUTO POLITÉCNICO LOYOLA,EMCI,34.0,23.5,0.0,https://indomet.gob.do/wp-content/uploads/2026/06/temperaturas-extremas-y-precipitaciones-2026x06x25-a.pdf
2026-06-25,092,SAN RAFAEL DEL YUMA,LA ALTAGRACIA,MINISTERIO DE AGRICULTURA,EMCI,33.0,24.8,0.0,https://indomet.gob.do/wp-content/uploads/2026/06/temperaturas-extremas-y-precipitaciones-2026x06x25-a.pdf
2026-06-25,093,SANTIAGO RODRÍGUEZ,SANTIAGO RODRÍGUEZ,INDOMET,EMCI,36.5,24.0,0.0,https://indomet.gob.do/wp-content/uploads/2026/06/temperaturas-extremas-y-precipitaciones-2026x06x25-a.pdf
2026-06-25,094,VILLA ALTAGRACIA,SAN CRISTÓBAL,ESCUELA JAVIER ANGULO GURIDI,EMCI,,,0.0,https://indomet.gob.do/wp-content/uploads/2026/06/temperaturas-extremas-y-precipitaciones-2026x06x25-a.pdf
2026-06-25,095,VILLA ISABELA,PUERTO PLATA,MINISTERIO DE AGRICULTURA,EMCV,34.0,23.5,0.0,https://indomet.gob.do/wp-content/uploads/2026/06/temperaturas-extremas-y-precipitaciones-2026x06x25-a.pdf
2026-06-25,096,VILLA VASQUEZ (EMA),MONTE CRISTI,JUNTA DE REGANTES,EMAI,,,0.0,https://indomet.gob.do/wp-content/uploads/2026/06/temperaturas-extremas-y-precipitaciones-2026x06x25-a.pdf
2026-06-26,001,SABANA DE LA MAR,HATO MAYOR,INDOMET,EMCI,31.8,24.4,3.1,https://indomet.gob.do/wp-content/uploads/2026/06/temperaturas-extremas-y-precipitaciones-2026x06x26-a.pdf
2026-06-26,002,ANAMUYA (EMA),LA ALTAGRACIA,MINISTERIO DE AGRICULTURA,EMAP,33.1,24.8,1.2,https://indomet.gob.do/wp-content/uploads/2026/06/temperaturas-extremas-y-precipitaciones-2026x06x26-a.pdf
2026-06-26,003,SÁNCHEZ,SAMANÁ,MINISTERIO DE AGRICULTURA,EMCI,33.0,,1.2,https://indomet.gob.do/wp-content/uploads/2026/06/temperaturas-extremas-y-precipitaciones-2026x06x26-a.pdf
2026-06-26,004,ARPT. EL CATEY,SAMANÁ,INDOMET,EMCI,31.4,22.4,1.0,https://indomet.gob.do/wp-content/uploads/2026/06/temperaturas-extremas-y-precipitaciones-2026x06x26-a.pdf
2026-06-26,005,RÍO SAN JUAN,MARÍA TRINIDAD SÁNCHEZ,HOSP. MPAL. DR. DESIDERIO ACOSTA,EMCV,34.2,24.2,0.6,https://indomet.gob.do/wp-content/uploads/2026/06/temperaturas-extremas-y-precipitaciones-2026x06x26-a.pdf
2026-06-26,006,CABRERA,MARÍA TRINIDAD SÁNCHEZ,ESCUELA ARÍSTIDES FIALLO CABRAL,EMCI,33.2,27.5,0.1,https://indomet.gob.do/wp-content/uploads/2026/06/temperaturas-extremas-y-precipitaciones-2026x06x26-a.pdf
2026-06-26,007,ALTAMIRA,PUERTO PLATA,HOSP. MPAL. DE ALTAMIRA,EMCI,35.7,21.3,0.0,https://indomet.gob.do/wp-content/uploads/2026/06/temperaturas-extremas-y-precipitaciones-2026x06x26-a.pdf
2026-06-26,008,ALTO BANDERA (EMA),LA VEGA,INTEC,EMAP,18.4,6.6,0.0,https://indomet.gob.do/wp-content/uploads/2026/06/temperaturas-extremas-y-precipitaciones-2026x06x26-a.pdf
2026-06-26,009,ARPT. ARROYO BARRIL,SAMANÁ,INDOMET,EMCI,33.5,24.6,0.0,https://indomet.gob.do/wp-content/uploads/2026/06/temperaturas-extremas-y-precipitaciones-2026x06x26-a.pdf
2026-06-26,010,ARPT. DE LA ROMANA,LA ROMANA,INDOMET,EMCI,34.0,24.5,0.0,https://indomet.gob.do/wp-content/uploads/2026/06/temperaturas-extremas-y-precipitaciones-2026x06x26-a.pdf
2026-06-26,011,ARPT. DE LAS AMÉRICAS,SANTO DOMINGO,INDOMET,EMCI,32.8,24.0,0.0,https://indomet.gob.do/wp-content/uploads/2026/06/temperaturas-extremas-y-precipitaciones-2026x06x26-a.pdf
2026-06-26,012,ARPT. DE PUNTA CANA,LA ALTAGRACIA,INDOMET,EMCI,31.7,26.2,0.0,https://indomet.gob.do/wp-content/uploads/2026/06/temperaturas-extremas-y-precipitaciones-2026x06x26-a.pdf
2026-06-26,013,ARPT. DEL CIBAO,SANTIAGO,INDOMET,EMCI,34.0,23.0,0.0,https://indomet.gob.do/wp-content/uploads/2026/06/temperaturas-extremas-y-precipitaciones-2026x06x26-a.pdf
2026-06-26,014,ARPT. GREGORIO LUPERÓN,PUERTO PLATA,INDOMET,EMCI,33.0,23.8,0.0,https://indomet.gob.do/wp-content/uploads/2026/06/temperaturas-extremas-y-precipitaciones-2026x06x26-a.pdf
2026-06-26,015,ARPT. LA ISABELA,SANTO DOMINGO,INDOMET,EMCI,34.5,25.5,0.0,https://indomet.gob.do/wp-content/uploads/2026/06/temperaturas-extremas-y-precipitaciones-2026x06x26-a.pdf
2026-06-26,016,ARPT. MARÍA MONTEZ,BARAHONA,INDOMET,EMCI,33.4,23.2,0.0,https://indomet.gob.do/wp-content/uploads/2026/06/temperaturas-extremas-y-precipitaciones-2026x06x26-a.pdf
2026-06-26,017,ARROYO LORO,SAN JUAN,IDIAF,EMCI,35.0,19.1,0.0,https://indomet.gob.do/wp-content/uploads/2026/06/temperaturas-extremas-y-precipitaciones-2026x06x26-a.pdf
2026-06-26,018,BANI (EMA),PERAVIA,MINISTERIO DE AGRICULTURA,EMAP,32.3,26.2,0.0,https://indomet.gob.do/wp-content/uploads/2026/06/temperaturas-extremas-y-precipitaciones-2026x06x26-a.pdf
2026-06-26,019,BAYAGUANA,MONTE PLATA,INDOMET,EMCI,35.0,23.0,0.0,https://indomet.gob.do/wp-content/uploads/2026/06/temperaturas-extremas-y-precipitaciones-2026x06x26-a.pdf
2026-06-26,020,BELLA VISTA (EMA),DISTRITO NACIONAL,PRIVADA,EMAP,,,0.0,https://indomet.gob.do/wp-content/uploads/2026/06/temperaturas-extremas-y-precipitaciones-2026x06x26-a.pdf
2026-06-26,021,BOCA DE MAO (EMA),VALVERDE,MINISTERIO DE AGRICULTURA,EMAP,36.3,24.7,0.0,https://indomet.gob.do/wp-content/uploads/2026/06/temperaturas-extremas-y-precipitaciones-2026x06x26-a.pdf
2026-06-26,022,BONAO,MONSEÑOR NOUEL,MINISTERIO DE AGRICULTURA,EMCV,,,0.0,https://indomet.gob.do/wp-content/uploads/2026/06/temperaturas-extremas-y-precipitaciones-2026x06x26-a.pdf
2026-06-26,023,BUCARA (EMA),SANTIAGO,MINISTERIO DE AGRICULTURA,EMAI,,,0.0,https://indomet.gob.do/wp-content/uploads/2026/06/temperaturas-extremas-y-precipitaciones-2026x06x26-a.pdf
2026-06-26,024,CENTRO DE LOS HEROES (EMA),DISTRITO NACIONAL,MINISTERIO DE ENERGIA Y MINA,EMAP,32.6,26.6,0.0,https://indomet.gob.do/wp-content/uploads/2026/06/temperaturas-extremas-y-precipitaciones-2026x06x26-a.pdf
2026-06-26,025,CONSTANZA,LA VEGA,MINISTERIO DE AGRICULTURA,EMCI,29.1,16.3,0.0,https://indomet.gob.do/wp-content/uploads/2026/06/temperaturas-extremas-y-precipitaciones-2026x06x26-a.pdf
2026-06-26,026,CONSTANZA (EMA),LA VEGA,PROGRAMA MUNDIAL DE ALIMENTO,EMAP,27.6,17.8,0.0,https://indomet.gob.do/wp-content/uploads/2026/06/temperaturas-extremas-y-precipitaciones-2026x06x26-a.pdf
2026-06-26,027,DAJABÓN,DAJABÓN,INSTITUTO POLITÉCNICO LOYOLA,EMCI,36.9,23.6,0.0,https://indomet.gob.do/wp-content/uploads/2026/06/temperaturas-extremas-y-precipitaciones-2026x06x26-a.pdf
2026-06-26,028,EL MILLON (EMA),DISTRITO NACIONAL,PRIVADA,EMAP,,,0.0,https://indomet.gob.do/wp-content/uploads/2026/06/temperaturas-extremas-y-precipitaciones-2026x06x26-a.pdf
2026-06-26,029,ELÍAS PIÑA,ELÍAS PIÑA,MINISTERIO DE AGRICULTURA,EMCV,,,0.0,https://indomet.gob.do/wp-content/uploads/2026/06/temperaturas-extremas-y-precipitaciones-2026x06x26-a.pdf
2026-06-26,030,ENRIQUILLO,BARAHONA,MINISTERIO DE AGRICULTURA,EMCV,32.5,23.5,0.0,https://indomet.gob.do/wp-content/uploads/2026/06/temperaturas-extremas-y-precipitaciones-2026x06x26-a.pdf
2026-06-26,031,ENSANCHE LA FE (EMA),DISTRITO NACIONAL,PRIVADA,EMAP,,,0.0,https://indomet.gob.do/wp-content/uploads/2026/06/temperaturas-extremas-y-precipitaciones-2026x06x26-a.pdf
2026-06-26,032,ESCONDIDO,PERAVIA,MINISTERIO DE AGRICULTURA,EMCV,32.0,24.0,0.0,https://indomet.gob.do/wp-content/uploads/2026/06/temperaturas-extremas-y-precipitaciones-2026x06x26-a.pdf
2026-06-26,033,GASPAR HERNÁNDEZ,ESPAILLAT,PROPIEDAD DEL EMPLEADO,EMCI,,,0.0,https://indomet.gob.do/wp-content/uploads/2026/06/temperaturas-extremas-y-precipitaciones-2026x06x26-a.pdf
2026-06-26,034,GURABO,SANTIAGO,MINISTERIO DE AGRICULTURA,EMCV,,,0.0,https://indomet.gob.do/wp-content/uploads/2026/06/temperaturas-extremas-y-precipitaciones-2026x06x26-a.pdf
2026-06-26,035,HONDO VALLE,ELÍAS PIÑA,MINISTERIO DE AGRICULTURA,EMCI,29.6,18.1,0.0,https://indomet.gob.do/wp-content/uploads/2026/06/temperaturas-extremas-y-precipitaciones-2026x06x26-a.pdf
2026-06-26,036,JARABACOA,LA VEGA,INDRHI / MARENA,EMCI,32.8,18.4,0.0,https://indomet.gob.do/wp-content/uploads/2026/06/temperaturas-extremas-y-precipitaciones-2026x06x26-a.pdf
2026-06-26,037,JARABACOA (EMA),LA VEGA,PROGRAMA MUNDIAL DE ALIMENTO,EMAP,32.1,19.9,0.0,https://indomet.gob.do/wp-content/uploads/2026/06/temperaturas-extremas-y-precipitaciones-2026x06x26-a.pdf
2026-06-26,038,JARDÍN BOTÁNICO SANTIAGO (EMSANTIAGO,,JARDIN BOTANICO SANTIAGO,EMAI,32.2,23.8,0.0,https://indomet.gob.do/wp-content/uploads/2026/06/temperaturas-extremas-y-precipitaciones-2026x06x26-a.pdf
2026-06-26,039,JIMANÍ,INDEPENDENCIA,MINISTERIO DE AGRICULTURA,EMCI,36.8,25.8,0.0,https://indomet.gob.do/wp-content/uploads/2026/06/temperaturas-extremas-y-precipitaciones-2026x06x26-a.pdf
2026-06-26,040,JUMA BEJUCAL,MONSEÑOR NOUEL,IDIAF,EMCV,33.2,25.4,0.0,https://indomet.gob.do/wp-content/uploads/2026/06/temperaturas-extremas-y-precipitaciones-2026x06x26-a.pdf
2026-06-26,041,LA AGUSTINA (EMA),DISTRITO NACIONAL,PRIVADA,EMAP,,,0.0,https://indomet.gob.do/wp-content/uploads/2026/06/temperaturas-extremas-y-precipitaciones-2026x06x26-a.pdf
2026-06-26,042,LA VEGA,LA VEGA,IATESA,EMCI,34.5,23.5,0.0,https://indomet.gob.do/wp-content/uploads/2026/06/temperaturas-extremas-y-precipitaciones-2026x06x26-a.pdf
2026-06-26,043,LA VICTORIA,SANTO DOMINGO,CUERPO DE BOMBEROS,EMCI,35.0,24.0,0.0,https://indomet.gob.do/wp-content/uploads/2026/06/temperaturas-extremas-y-precipitaciones-2026x06x26-a.pdf
2026-06-26,044,LAS CANAS (EMA),MONTE CRISTI,PROGRAMA MUNDIAL DE ALIMENTO,EMAP,31.1,24.3,0.0,https://indomet.gob.do/wp-content/uploads/2026/06/temperaturas-extremas-y-precipitaciones-2026x06x26-a.pdf
2026-06-26,045,LOS LLANOS,SAN PEDRO DE MACORÍS,MINISTERIO DE AGRICULTURA,EMCI,35.0,23.5,0.0,https://indomet.gob.do/wp-content/uploads/2026/06/temperaturas-extremas-y-precipitaciones-2026x06x26-a.pdf
2026-06-26,046,LOS PRADOS (EMA),DISTRITO NACIONAL,PRIVADA,EMAP,,,0.0,https://indomet.gob.do/wp-content/uploads/2026/06/temperaturas-extremas-y-precipitaciones-2026x06x26-a.pdf
2026-06-26,047,MAO,VALVERDE,INDRHI / MINISTERIO DE AGRICULTURA,EMCV,,,0.0,https://indomet.gob.do/wp-content/uploads/2026/06/temperaturas-extremas-y-precipitaciones-2026x06x26-a.pdf
2026-06-26,048,MICHES (EMA),EL SEIBO,PRIVADA,EMAP,,,0.0,https://indomet.gob.do/wp-content/uploads/2026/06/temperaturas-extremas-y-precipitaciones-2026x06x26-a.pdf
2026-06-26,049,MONCIÓN (EMA),SANTIAGO RODRÍGUEZ,PROGRAMA MUNDIAL DE ALIMENTO,EMAP,33.3,20.9,0.0,https://indomet.gob.do/wp-content/uploads/2026/06/temperaturas-extremas-y-precipitaciones-2026x06x26-a.pdf
2026-06-26,050,MONTE CRISTI,MONTE CRISTI,INDOMET,EMCI,35.0,24.7,0.0,https://indomet.gob.do/wp-content/uploads/2026/06/temperaturas-extremas-y-precipitaciones-2026x06x26-a.pdf
2026-06-26,051,NAVARRETE,SANTIAGO,MINISTERIO DE AGRICULTURA,EMCV,,,0.0,https://indomet.gob.do/wp-content/uploads/2026/06/temperaturas-extremas-y-precipitaciones-2026x06x26-a.pdf
2026-06-26,052,LOS COCOS (EMA),BAHORUCO,PRIVADA,EMAP,,,0.0,https://indomet.gob.do/wp-content/uploads/2026/06/temperaturas-extremas-y-precipitaciones-2026x06x26-a.pdf
2026-06-26,053,OLIVARES,PEDERNALES,INDRHI,EMCI,,,0.0,https://indomet.gob.do/wp-content/uploads/2026/06/temperaturas-extremas-y-precipitaciones-2026x06x26-a.pdf
2026-06-26,054,OVIEDO,PEDERNALES,CLÍNICA RURAL OVIEDO,EMCI,32.0,23.0,0.0,https://indomet.gob.do/wp-content/uploads/2026/06/temperaturas-extremas-y-precipitaciones-2026x06x26-a.pdf
2026-06-26,055,PADRE LAS CASAS,AZUA,HOSP. NTRA. SRA. DEL CARMEN,EMCI,34.5,18.8,0.0,https://indomet.gob.do/wp-content/uploads/2026/06/temperaturas-extremas-y-precipitaciones-2026x06x26-a.pdf
2026-06-26,056,PALO ÍNDIO,PUERTO PLATA,MINISTERIO DE AGRICULTURA,EMCI,,,0.0,https://indomet.gob.do/wp-content/uploads/2026/06/temperaturas-extremas-y-precipitaciones-2026x06x26-a.pdf
2026-06-26,057,PEDERNALES,PEDERNALES,INDRHI,EMCI,,,0.0,https://indomet.gob.do/wp-content/uploads/2026/06/temperaturas-extremas-y-precipitaciones-2026x06x26-a.pdf
2026-06-26,058,PERALTA,AZUA,HOSP. MPAL. DE PERALTA,EMCI,32.6,17.5,0.0,https://indomet.gob.do/wp-content/uploads/2026/06/temperaturas-extremas-y-precipitaciones-2026x06x26-a.pdf
2026-06-26,059,POLO,BARAHONA,INDOCAFE,EMCI,29.0,16.5,0.0,https://indomet.gob.do/wp-content/uploads/2026/06/temperaturas-extremas-y-precipitaciones-2026x06x26-a.pdf
2026-06-26,060,PONTÓN ABAJO (EMA),LA VEGA,MINISTERIO DE AGRICULTURA,EMAP,34.8,24.2,0.0,https://indomet.gob.do/wp-content/uploads/2026/06/temperaturas-extremas-y-precipitaciones-2026x06x26-a.pdf
2026-06-26,061,PRESA DE TAVERAS (EMA),LA VEGA,PROGRAMA MUNDIAL DE ALIMENTO,EMAP,32.3,22.6,0.0,https://indomet.gob.do/wp-content/uploads/2026/06/temperaturas-extremas-y-precipitaciones-2026x06x26-a.pdf
2026-06-26,062,PROLONGACION 27 DE FEBRERO,DISTRITO NACIONAL,PRIVADA,EMAP,,,0.0,https://indomet.gob.do/wp-content/uploads/2026/06/temperaturas-extremas-y-precipitaciones-2026x06x26-a.pdf
2026-06-26,063,RANCHO ARRIBA,SAN JOSÉ DE OCOA,CENTRO TECNOLÓGICO COMUNITARIO,EMCI,32.8,19.4,0.0,https://indomet.gob.do/wp-content/uploads/2026/06/temperaturas-extremas-y-precipitaciones-2026x06x26-a.pdf
2026-06-26,064,SABANA GRANDE DE BOYÁ,MONTE PLATA,MINISTERIO DE AGRICULTURA,EMCV,,,0.0,https://indomet.gob.do/wp-content/uploads/2026/06/temperaturas-extremas-y-precipitaciones-2026x06x26-a.pdf
2026-06-26,065,SABANETA (EMA),SANTIAGO RODRÍGUEZ,PROGRAMA MUNDIAL DE ALIMENTO,EMAP,37.5,23.1,0.0,https://indomet.gob.do/wp-content/uploads/2026/06/temperaturas-extremas-y-precipitaciones-2026x06x26-a.pdf
2026-06-26,066,SAJOMA (EMA),SANTIAGO,PLAN SIERRA,EMAI,31.2,21.8,0.0,https://indomet.gob.do/wp-content/uploads/2026/06/temperaturas-extremas-y-precipitaciones-2026x06x26-a.pdf
2026-06-26,067,SALCEDO,HERMANAS MIRABAL,PROPIEDAD DEL EMPLEADO,EMCI,,,0.0,https://indomet.gob.do/wp-content/uploads/2026/06/temperaturas-extremas-y-precipitaciones-2026x06x26-a.pdf
2026-06-26,068,SAMANÁ,SAMANÁ,COMANDANCIA DE PUERTO DE SAMANÁ,EMCI,33.9,19.3,0.0,https://indomet.gob.do/wp-content/uploads/2026/06/temperaturas-extremas-y-precipitaciones-2026x06x26-a.pdf
2026-06-26,069,SAN CRISTÓBAL,SAN CRISTÓBAL,INSTITUTO POLITÉCNICO LOYOLA,EMCI,33.0,23.0,0.0,https://indomet.gob.do/wp-content/uploads/2026/06/temperaturas-extremas-y-precipitaciones-2026x06x26-a.pdf
2026-06-26,070,SAN JOSÉ DE OCOA,SAN JOSÉ DE OCOA,HOSP. SAN JOSÉ DE OCOA,EMCI,33.5,22.3,0.0,https://indomet.gob.do/wp-content/uploads/2026/06/temperaturas-extremas-y-precipitaciones-2026x06x26-a.pdf
2026-06-26,071,SAN RAFAEL DEL YUMA,LA ALTAGRACIA,MINISTERIO DE AGRICULTURA,EMCI,34.8,23.9,0.0,https://indomet.gob.do/wp-content/uploads/2026/06/temperaturas-extremas-y-precipitaciones-2026x06x26-a.pdf
2026-06-26,072,SANTIAGO RODRÍGUEZ,SANTIAGO RODRÍGUEZ,INDOMET,EMCI,37.4,23.6,0.0,https://indomet.gob.do/wp-content/uploads/2026/06/temperaturas-extremas-y-precipitaciones-2026x06x26-a.pdf
2026-06-26,073,SANTO DOMINGO ESTE,SANTO DOMINGO,INDOMET,EMCI,32.2,25.8,0.0,https://indomet.gob.do/wp-content/uploads/2026/06/temperaturas-extremas-y-precipitaciones-2026x06x26-a.pdf
2026-06-26,074,TÁBARA ABAJO,AZUA,INDRHI,EMCI,33.5,20.0,0.0,https://indomet.gob.do/wp-content/uploads/2026/06/temperaturas-extremas-y-precipitaciones-2026x06x26-a.pdf
2026-06-26,075,VILLA GONZALES,SANTIAGO,MINISTERIO DE AGRICULTURA,EMCI,,,0.0,https://indomet.gob.do/wp-content/uploads/2026/06/temperaturas-extremas-y-precipitaciones-2026x06x26-a.pdf
2026-06-26,076,VILLA ISABELA,PUERTO PLATA,MINISTERIO DE AGRICULTURA,EMCV,33.9,19.3,0.0,https://indomet.gob.do/wp-content/uploads/2026/06/temperaturas-extremas-y-precipitaciones-2026x06x26-a.pdf
2026-06-26,077,VILLA RIVA,DUARTE,HOSP. MPAL. ALICIA DE LEGENDRE,EMCI,32.7,23.3,0.0,https://indomet.gob.do/wp-content/uploads/2026/06/temperaturas-extremas-y-precipitaciones-2026x06x26-a.pdf
2026-06-26,078,VILLA VASQUEZ (EMA),MONTE CRISTI,JUNTA DE REGANTES,EMAI,,,0.0,https://indomet.gob.do/wp-content/uploads/2026/06/temperaturas-extremas-y-precipitaciones-2026x06x26-a.pdf
2026-06-27,001,LA AGUSTINA (EMA),DISTRITO NACIONAL,PRIVADA,EMAP,,,37.9,https://indomet.gob.do/wp-content/uploads/2026/06/temperaturas-extremas-y-precipitaciones-2026x06x27-a.pdf
2026-06-27,002,ENSANCHE LA FE (EMA),DISTRITO NACIONAL,PRIVADA,EMAP,,,37.8,https://indomet.gob.do/wp-content/uploads/2026/06/temperaturas-extremas-y-precipitaciones-2026x06x27-a.pdf
2026-06-27,003,VILLA MARINA (EMA),DISTRITO NACIONAL,PRIVADA,EMAP,,,34.6,https://indomet.gob.do/wp-content/uploads/2026/06/temperaturas-extremas-y-precipitaciones-2026x06x27-a.pdf
2026-06-27,004,SERRALLÉS (EMA),DISTRITO NACIONAL,PRIVADA,EMAP,,,34.3,https://indomet.gob.do/wp-content/uploads/2026/06/temperaturas-extremas-y-precipitaciones-2026x06x27-a.pdf
2026-06-27,005,BARRAQUITO (EMA),DUARTE,PROGRAMA MUNDIAL DE ALIMENTO,EMAP,,,32.2,https://indomet.gob.do/wp-content/uploads/2026/06/temperaturas-extremas-y-precipitaciones-2026x06x27-a.pdf
2026-06-27,006,LOS PRADOS (EMA),DISTRITO NACIONAL,PRIVADA,EMAP,,,30.2,https://indomet.gob.do/wp-content/uploads/2026/06/temperaturas-extremas-y-precipitaciones-2026x06x27-a.pdf
2026-06-27,007,ENSANCHE JULIETA (EMA),DISTRITO NACIONAL,PRIVADA,EMAP,,,29.0,https://indomet.gob.do/wp-content/uploads/2026/06/temperaturas-extremas-y-precipitaciones-2026x06x27-a.pdf
2026-06-27,008,SÁNCHEZ,SAMANÁ,MINISTERIO DE AGRICULTURA,EMCI,30.0,,29.0,https://indomet.gob.do/wp-content/uploads/2026/06/temperaturas-extremas-y-precipitaciones-2026x06x27-a.pdf
2026-06-27,009,SANTO DOMINGO ESTE,SANTO DOMINGO,INDOMET,EMCI,34.0,25.4,26.4,https://indomet.gob.do/wp-content/uploads/2026/06/temperaturas-extremas-y-precipitaciones-2026x06x27-a.pdf
2026-06-27,010,EL MILLON (EMA),DISTRITO NACIONAL,PRIVADA,EMAP,,,20.1,https://indomet.gob.do/wp-content/uploads/2026/06/temperaturas-extremas-y-precipitaciones-2026x06x27-a.pdf
2026-06-27,011,CENTRO DE LOS HEROES (EMA),DISTRITO NACIONAL,MINISTERIO DE ENERGIA Y MINA,EMAP,32.7,26.2,19.4,https://indomet.gob.do/wp-content/uploads/2026/06/temperaturas-extremas-y-precipitaciones-2026x06x27-a.pdf
2026-06-27,012,BELLA VISTA (EMA),DISTRITO NACIONAL,PRIVADA,EMAP,,,17.3,https://indomet.gob.do/wp-content/uploads/2026/06/temperaturas-extremas-y-precipitaciones-2026x06x27-a.pdf
2026-06-27,013,PROLONGACION 27 DE FEBRERO,DISTRITO NACIONAL,PRIVADA,EMAP,,,16.7,https://indomet.gob.do/wp-content/uploads/2026/06/temperaturas-extremas-y-precipitaciones-2026x06x27-a.pdf
2026-06-27,014,LOS LLANOS,SAN PEDRO DE MACORÍS,MINISTERIO DE AGRICULTURA,EMCI,34.3,22.7,15.0,https://indomet.gob.do/wp-content/uploads/2026/06/temperaturas-extremas-y-precipitaciones-2026x06x27-a.pdf
2026-06-27,015,JARDÍN BOTÁNICO SANTIAGO (EMSANTIAGO,,JARDIN BOTANICO SANTIAGO,EMAI,34.6,23.4,14.6,https://indomet.gob.do/wp-content/uploads/2026/06/temperaturas-extremas-y-precipitaciones-2026x06x27-a.pdf
2026-06-27,016,LOS CACICAZGOS (EMA),DISTRITO NACIONAL,PRIVADA,EMAP,,,13.9,https://indomet.gob.do/wp-content/uploads/2026/06/temperaturas-extremas-y-precipitaciones-2026x06x27-a.pdf
2026-06-27,017,LA VICTORIA,SANTO DOMINGO,CUERPO DE BOMBEROS,EMCI,34.5,24.0,12.6,https://indomet.gob.do/wp-content/uploads/2026/06/temperaturas-extremas-y-precipitaciones-2026x06x27-a.pdf
2026-06-27,018,SABANA DE LA MAR,HATO MAYOR,INDOMET,EMCI,30.4,23.0,12.5,https://indomet.gob.do/wp-content/uploads/2026/06/temperaturas-extremas-y-precipitaciones-2026x06x27-a.pdf
2026-06-27,019,ARPT. EL CATEY,SAMANÁ,INDOMET,EMCI,30.4,23.0,12.2,https://indomet.gob.do/wp-content/uploads/2026/06/temperaturas-extremas-y-precipitaciones-2026x06x27-a.pdf
2026-06-27,020,MICHES (EMA),EL SEIBO,PRIVADA,EMAP,30.3,22.8,11.6,https://indomet.gob.do/wp-content/uploads/2026/06/temperaturas-extremas-y-precipitaciones-2026x06x27-a.pdf
2026-06-27,021,GASPAR HERNÁNDEZ,ESPAILLAT,PROPIEDAD DEL EMPLEADO,EMCI,,,10.8,https://indomet.gob.do/wp-content/uploads/2026/06/temperaturas-extremas-y-precipitaciones-2026x06x27-a.pdf
2026-06-27,022,POLO,BARAHONA,INDOCAFE,EMCI,30.2,17.5,10.6,https://indomet.gob.do/wp-content/uploads/2026/06/temperaturas-extremas-y-precipitaciones-2026x06x27-a.pdf
2026-06-27,023,SAN CRISTÓBAL,SAN CRISTÓBAL,INSTITUTO POLITÉCNICO LOYOLA,EMCI,34.5,22.0,9.4,https://indomet.gob.do/wp-content/uploads/2026/06/temperaturas-extremas-y-precipitaciones-2026x06x27-a.pdf
2026-06-27,024,LA VEGA,LA VEGA,IATESA,EMCI,34.0,24.0,9.2,https://indomet.gob.do/wp-content/uploads/2026/06/temperaturas-extremas-y-precipitaciones-2026x06x27-a.pdf
2026-06-27,025,SAMANÁ,SAMANÁ,COMANDANCIA DE PUERTO DE SAMANÁ,EMCI,32.9,18.2,9.0,https://indomet.gob.do/wp-content/uploads/2026/06/temperaturas-extremas-y-precipitaciones-2026x06x27-a.pdf
2026-06-27,026,ARPT. DE PUNTA CANA,LA ALTAGRACIA,INDOMET,EMCI,32.5,21.5,8.6,https://indomet.gob.do/wp-content/uploads/2026/06/temperaturas-extremas-y-precipitaciones-2026x06x27-a.pdf
2026-06-27,027,GURABO,SANTIAGO,MINISTERIO DE AGRICULTURA,EMCV,,,7.6,https://indomet.gob.do/wp-content/uploads/2026/06/temperaturas-extremas-y-precipitaciones-2026x06x27-a.pdf
2026-06-27,028,ARPT. LA ISABELA,SANTO DOMINGO,INDOMET,EMCI,34.6,24.0,7.6,https://indomet.gob.do/wp-content/uploads/2026/06/temperaturas-extremas-y-precipitaciones-2026x06x27-a.pdf
2026-06-27,029,LOS JARDINES (EMA),DISTRITO NACIONAL,PRIVADA,EMAP,,,6.6,https://indomet.gob.do/wp-content/uploads/2026/06/temperaturas-extremas-y-precipitaciones-2026x06x27-a.pdf
2026-06-27,030,SALCEDO,HERMANAS MIRABAL,PROPIEDAD DEL EMPLEADO,EMCI,,,6.4,https://indomet.gob.do/wp-content/uploads/2026/06/temperaturas-extremas-y-precipitaciones-2026x06x27-a.pdf
2026-06-27,031,SAN RAFAEL DEL YUMA,LA ALTAGRACIA,MINISTERIO DE AGRICULTURA,EMCI,35.9,23.1,6.3,https://indomet.gob.do/wp-content/uploads/2026/06/temperaturas-extremas-y-precipitaciones-2026x06x27-a.pdf
2026-06-27,032,PRESA DE TAVERAS (EMA),LA VEGA,PROGRAMA MUNDIAL DE ALIMENTO,EMAP,32.2,22.4,5.4,https://indomet.gob.do/wp-content/uploads/2026/06/temperaturas-extremas-y-precipitaciones-2026x06x27-a.pdf
2026-06-27,033,ALTO BANDERA (EMA),LA VEGA,INTEC,EMAP,15.9,8.6,5.1,https://indomet.gob.do/wp-content/uploads/2026/06/temperaturas-extremas-y-precipitaciones-2026x06x27-a.pdf
2026-06-27,034,ARPT. ARROYO BARRIL,SAMANÁ,INDOMET,EMCI,32.2,23.5,4.1,https://indomet.gob.do/wp-content/uploads/2026/06/temperaturas-extremas-y-precipitaciones-2026x06x27-a.pdf
2026-06-27,035,ARPT. DEL CIBAO,SANTIAGO,INDOMET,EMCI,31.8,23.0,4.1,https://indomet.gob.do/wp-content/uploads/2026/06/temperaturas-extremas-y-precipitaciones-2026x06x27-a.pdf
2026-06-27,036,RANCHO ARRIBA,SAN JOSÉ DE OCOA,CENTRO TECNOLÓGICO COMUNITARIO,EMCI,30.2,20.5,3.8,https://indomet.gob.do/wp-content/uploads/2026/06/temperaturas-extremas-y-precipitaciones-2026x06x27-a.pdf
2026-06-27,037,CABRERA,MARÍA TRINIDAD SÁNCHEZ,ESCUELA ARÍSTIDES FIALLO CABRAL,EMCI,33.6,27.0,3.6,https://indomet.gob.do/wp-content/uploads/2026/06/temperaturas-extremas-y-precipitaciones-2026x06x27-a.pdf
2026-06-27,038,JUMA BEJUCAL,MONSEÑOR NOUEL,IDIAF,EMCV,33.6,23.2,3.3,https://indomet.gob.do/wp-content/uploads/2026/06/temperaturas-extremas-y-precipitaciones-2026x06x27-a.pdf
2026-06-27,039,ANAMUYA (EMA),LA ALTAGRACIA,MINISTERIO DE AGRICULTURA,EMAP,32.8,23.8,3.2,https://indomet.gob.do/wp-content/uploads/2026/06/temperaturas-extremas-y-precipitaciones-2026x06x27-a.pdf
2026-06-27,040,RÍO SAN JUAN,MARÍA TRINIDAD SÁNCHEZ,HOSP. MPAL. DR. DESIDERIO ACOSTA,EMCV,33.4,24.0,3.2,https://indomet.gob.do/wp-content/uploads/2026/06/temperaturas-extremas-y-precipitaciones-2026x06x27-a.pdf
2026-06-27,041,VILLA RIVA,DUARTE,HOSP. MPAL. ALICIA DE LEGENDRE,EMCI,31.6,22.7,2.5,https://indomet.gob.do/wp-content/uploads/2026/06/temperaturas-extremas-y-precipitaciones-2026x06x27-a.pdf
2026-06-27,042,ARPT. DE LA ROMANA,LA ROMANA,INDOMET,EMCI,33.0,22.6,1.6,https://indomet.gob.do/wp-content/uploads/2026/06/temperaturas-extremas-y-precipitaciones-2026x06x27-a.pdf
2026-06-27,043,HONDO VALLE,ELÍAS PIÑA,MINISTERIO DE AGRICULTURA,EMCI,29.8,18.5,1.4,https://indomet.gob.do/wp-content/uploads/2026/06/temperaturas-extremas-y-precipitaciones-2026x06x27-a.pdf
2026-06-27,044,BONAO,MONSEÑOR NOUEL,MINISTERIO DE AGRICULTURA,EMCV,,,1.3,https://indomet.gob.do/wp-content/uploads/2026/06/temperaturas-extremas-y-precipitaciones-2026x06x27-a.pdf
2026-06-27,045,BASE AÉREA DE SAN ISIDRO,SANTO DOMINGO,FUERZA AÉREA DOMINICANA,EMCV,30.5,21.8,1.0,https://indomet.gob.do/wp-content/uploads/2026/06/temperaturas-extremas-y-precipitaciones-2026x06x27-a.pdf
2026-06-27,046,BUCARA (EMA),SANTIAGO,MINISTERIO DE AGRICULTURA,EMAI,,,0.8,https://indomet.gob.do/wp-content/uploads/2026/06/temperaturas-extremas-y-precipitaciones-2026x06x27-a.pdf
2026-06-27,047,HATO MAYOR,HATO MAYOR,MINISTERIO DE AGRICULTURA,EMCV,,,0.5,https://indomet.gob.do/wp-content/uploads/2026/06/temperaturas-extremas-y-precipitaciones-2026x06x27-a.pdf
2026-06-27,048,JARABACOA,LA VEGA,INDRHI / MARENA,EMCI,32.4,18.6,0.2,https://indomet.gob.do/wp-content/uploads/2026/06/temperaturas-extremas-y-precipitaciones-2026x06x27-a.pdf
2026-06-27,049,ARPT. DE LAS AMÉRICAS,SANTO DOMINGO,INDOMET,EMCI,33.0,24.0,0.1,https://indomet.gob.do/wp-content/uploads/2026/06/temperaturas-extremas-y-precipitaciones-2026x06x27-a.pdf
2026-06-27,050,CONSTANZA,LA VEGA,MINISTERIO DE AGRICULTURA,EMCI,27.5,16.2,0.1,https://indomet.gob.do/wp-content/uploads/2026/06/temperaturas-extremas-y-precipitaciones-2026x06x27-a.pdf
2026-06-27,051,ALTAMIRA,PUERTO PLATA,HOSP. MPAL. DE ALTAMIRA,EMCI,33.9,21.6,0.0,https://indomet.gob.do/wp-content/uploads/2026/06/temperaturas-extremas-y-precipitaciones-2026x06x27-a.pdf
2026-06-27,052,ARPT. GREGORIO LUPERÓN,PUERTO PLATA,INDOMET,EMCI,32.5,23.5,0.0,https://indomet.gob.do/wp-content/uploads/2026/06/temperaturas-extremas-y-precipitaciones-2026x06x27-a.pdf
2026-06-27,053,ARPT. MARÍA MONTEZ,BARAHONA,INDOMET,EMCI,34.2,23.5,0.0,https://indomet.gob.do/wp-content/uploads/2026/06/temperaturas-extremas-y-precipitaciones-2026x06x27-a.pdf
2026-06-27,054,ARROYO LORO,SAN JUAN,IDIAF,EMCI,35.7,20.7,0.0,https://indomet.gob.do/wp-content/uploads/2026/06/temperaturas-extremas-y-precipitaciones-2026x06x27-a.pdf
2026-06-27,055,BANI (EMA),PERAVIA,MINISTERIO DE AGRICULTURA,EMAP,33.7,26.2,0.0,https://indomet.gob.do/wp-content/uploads/2026/06/temperaturas-extremas-y-precipitaciones-2026x06x27-a.pdf
2026-06-27,056,BAYAGUANA,MONTE PLATA,INDOMET,EMCI,33.2,23.6,0.0,https://indomet.gob.do/wp-content/uploads/2026/06/temperaturas-extremas-y-precipitaciones-2026x06x27-a.pdf
2026-06-27,057,BOCA DE MAO (EMA),VALVERDE,MINISTERIO DE AGRICULTURA,EMAP,35.7,25.1,0.0,https://indomet.gob.do/wp-content/uploads/2026/06/temperaturas-extremas-y-precipitaciones-2026x06x27-a.pdf
2026-06-27,058,CONSTANZA (EMA),LA VEGA,PROGRAMA MUNDIAL DE ALIMENTO,EMAP,25.4,17.9,0.0,https://indomet.gob.do/wp-content/uploads/2026/06/temperaturas-extremas-y-precipitaciones-2026x06x27-a.pdf
2026-06-27,059,DAJABÓN,DAJABÓN,INSTITUTO POLITÉCNICO LOYOLA,EMCI,35.2,22.0,0.0,https://indomet.gob.do/wp-content/uploads/2026/06/temperaturas-extremas-y-precipitaciones-2026x06x27-a.pdf
2026-06-27,060,ELÍAS PIÑA,ELÍAS PIÑA,MINISTERIO DE AGRICULTURA,EMCV,,,0.0,https://indomet.gob.do/wp-content/uploads/2026/06/temperaturas-extremas-y-precipitaciones-2026x06x27-a.pdf
2026-06-27,061,ENRIQUILLO,BARAHONA,MINISTERIO DE AGRICULTURA,EMCV,34.0,24.0,0.0,https://indomet.gob.do/wp-content/uploads/2026/06/temperaturas-extremas-y-precipitaciones-2026x06x27-a.pdf
2026-06-27,062,JARABACOA (EMA),LA VEGA,PROGRAMA MUNDIAL DE ALIMENTO,EMAP,31.3,20.1,0.0,https://indomet.gob.do/wp-content/uploads/2026/06/temperaturas-extremas-y-precipitaciones-2026x06x27-a.pdf
2026-06-27,063,JIMANÍ,INDEPENDENCIA,MINISTERIO DE AGRICULTURA,EMCI,38.0,25.8,0.0,https://indomet.gob.do/wp-content/uploads/2026/06/temperaturas-extremas-y-precipitaciones-2026x06x27-a.pdf
2026-06-27,064,LAS CANAS (EMA),MONTE CRISTI,PROGRAMA MUNDIAL DE ALIMENTO,EMAP,29.9,23.9,0.0,https://indomet.gob.do/wp-content/uploads/2026/06/temperaturas-extremas-y-precipitaciones-2026x06x27-a.pdf
2026-06-27,065,LOS COCOS (EMA),BAHORUCO,PRIVADA,EMAP,,,0.0,https://indomet.gob.do/wp-content/uploads/2026/06/temperaturas-extremas-y-precipitaciones-2026x06x27-a.pdf
2026-06-27,066,MAO,VALVERDE,INDRHI / MINISTERIO DE AGRICULTURA,EMCV,,,0.0,https://indomet.gob.do/wp-content/uploads/2026/06/temperaturas-extremas-y-precipitaciones-2026x06x27-a.pdf
2026-06-27,067,MONCIÓN (EMA),SANTIAGO RODRÍGUEZ,PROGRAMA MUNDIAL DE ALIMENTO,EMAP,32.1,20.8,0.0,https://indomet.gob.do/wp-content/uploads/2026/06/temperaturas-extremas-y-precipitaciones-2026x06x27-a.pdf
2026-06-27,068,MONTE CRISTI,MONTE CRISTI,INDOMET,EMCI,33.5,25.3,0.0,https://indomet.gob.do/wp-content/uploads/2026/06/temperaturas-extremas-y-precipitaciones-2026x06x27-a.pdf
2026-06-27,069,NAVARRETE,SANTIAGO,MINISTERIO DE AGRICULTURA,EMCV,,,0.0,https://indomet.gob.do/wp-content/uploads/2026/06/temperaturas-extremas-y-precipitaciones-2026x06x27-a.pdf
2026-06-27,070,OLIVARES,PEDERNALES,INDRHI,EMCI,,,0.0,https://indomet.gob.do/wp-content/uploads/2026/06/temperaturas-extremas-y-precipitaciones-2026x06x27-a.pdf
2026-06-27,071,OVIEDO,PEDERNALES,CLÍNICA RURAL OVIEDO,EMCI,32.8,25.0,0.0,https://indomet.gob.do/wp-content/uploads/2026/06/temperaturas-extremas-y-precipitaciones-2026x06x27-a.pdf
2026-06-27,072,PADRE LAS CASAS,AZUA,HOSP. NTRA. SRA. DEL CARMEN,EMCI,35.0,20.5,0.0,https://indomet.gob.do/wp-content/uploads/2026/06/temperaturas-extremas-y-precipitaciones-2026x06x27-a.pdf
2026-06-27,073,PALO ÍNDIO,PUERTO PLATA,MINISTERIO DE AGRICULTURA,EMCI,,,0.0,https://indomet.gob.do/wp-content/uploads/2026/06/temperaturas-extremas-y-precipitaciones-2026x06x27-a.pdf
2026-06-27,074,PEDERNALES,PEDERNALES,INDRHI,EMCI,,,0.0,https://indomet.gob.do/wp-content/uploads/2026/06/temperaturas-extremas-y-precipitaciones-2026x06x27-a.pdf
2026-06-27,075,PERALTA,AZUA,HOSP. MPAL. DE PERALTA,EMCI,35.0,20.4,0.0,https://indomet.gob.do/wp-content/uploads/2026/06/temperaturas-extremas-y-precipitaciones-2026x06x27-a.pdf
2026-06-27,076,PONTÓN ABAJO (EMA),LA VEGA,MINISTERIO DE AGRICULTURA,EMAP,34.7,24.8,0.0,https://indomet.gob.do/wp-content/uploads/2026/06/temperaturas-extremas-y-precipitaciones-2026x06x27-a.pdf
2026-06-27,077,RESTAURACIÓN,DAJABÓN,MINISTERIO DE AGRICULTURA,EMCI,33.5,18.1,0.0,https://indomet.gob.do/wp-content/uploads/2026/06/temperaturas-extremas-y-precipitaciones-2026x06x27-a.pdf
2026-06-27,078,SABANA GRANDE DE BOYÁ,MONTE PLATA,MINISTERIO DE AGRICULTURA,EMCV,,,0.0,https://indomet.gob.do/wp-content/uploads/2026/06/temperaturas-extremas-y-precipitaciones-2026x06x27-a.pdf
2026-06-27,079,SABANETA (EMA),SANTIAGO RODRÍGUEZ,PROGRAMA MUNDIAL DE ALIMENTO,EMAP,35.9,23.2,0.0,https://indomet.gob.do/wp-content/uploads/2026/06/temperaturas-extremas-y-precipitaciones-2026x06x27-a.pdf
2026-06-27,080,SAJOMA (EMA),SANTIAGO,PLAN SIERRA,EMAI,32.1,22.0,0.0,https://indomet.gob.do/wp-content/uploads/2026/06/temperaturas-extremas-y-precipitaciones-2026x06x27-a.pdf
2026-06-27,081,SAN JOSÉ DE OCOA,SAN JOSÉ DE OCOA,HOSP. SAN JOSÉ DE OCOA,EMCI,32.2,23.0,0.0,https://indomet.gob.do/wp-content/uploads/2026/06/temperaturas-extremas-y-precipitaciones-2026x06x27-a.pdf
2026-06-27,082,SANTIAGO RODRÍGUEZ,SANTIAGO RODRÍGUEZ,INDOMET,EMCI,36.0,24.1,0.0,https://indomet.gob.do/wp-content/uploads/2026/06/temperaturas-extremas-y-precipitaciones-2026x06x27-a.pdf
2026-06-27,083,TÁBARA ABAJO,AZUA,INDRHI,EMCI,32.5,18.5,0.0,https://indomet.gob.do/wp-content/uploads/2026/06/temperaturas-extremas-y-precipitaciones-2026x06x27-a.pdf
2026-06-27,084,VILLA ALTAGRACIA,SAN CRISTÓBAL,ESCUELA JAVIER ANGULO GURIDI,EMCI,,,0.0,https://indomet.gob.do/wp-content/uploads/2026/06/temperaturas-extremas-y-precipitaciones-2026x06x27-a.pdf
2026-06-27,085,VILLA GONZALES,SANTIAGO,MINISTERIO DE AGRICULTURA,EMCI,,,0.0,https://indomet.gob.do/wp-content/uploads/2026/06/temperaturas-extremas-y-precipitaciones-2026x06x27-a.pdf
2026-06-27,086,VILLA ISABELA,PUERTO PLATA,MINISTERIO DE AGRICULTURA,EMCV,34.0,22.0,0.0,https://indomet.gob.do/wp-content/uploads/2026/06/temperaturas-extremas-y-precipitaciones-2026x06x27-a.pdf
2026-06-27,087,VILLA VASQUEZ (EMA),MONTE CRISTI,JUNTA DE REGANTES,EMAI,,,0.0,https://indomet.gob.do/wp-content/uploads/2026/06/temperaturas-extremas-y-precipitaciones-2026x06x27-a.pdf
2026-06-28,001,JARDÍN BOTÁNICO NACIONAL,DISTRITO NACIONAL,JARDÍN BOTÁNICO NACIONAL,EMCV,34.0,23.0,2.0,https://indomet.gob.do/wp-content/uploads/2026/06/temperaturas-extremas-y-precipitaciones-2026x06x28-a.pdf
2026-06-28,002,ARPT. DE PUNTA CANA,LA ALTAGRACIA,INDOMET,EMCI,32.4,21.5,1.4,https://indomet.gob.do/wp-content/uploads/2026/06/temperaturas-extremas-y-precipitaciones-2026x06x28-a.pdf
2026-06-28,003,EL MILLON (EMA),DISTRITO NACIONAL,PRIVADA,EMAP,,,0.8,https://indomet.gob.do/wp-content/uploads/2026/06/temperaturas-extremas-y-precipitaciones-2026x06x28-a.pdf
2026-06-28,004,MICHES (EMA),EL SEIBO,PRIVADA,EMAP,34.2,23.3,0.6,https://indomet.gob.do/wp-content/uploads/2026/06/temperaturas-extremas-y-precipitaciones-2026x06x28-a.pdf
2026-06-28,005,SABANA DE LA MAR,HATO MAYOR,INDOMET,EMCI,32.0,23.8,0.5,https://indomet.gob.do/wp-content/uploads/2026/06/temperaturas-extremas-y-precipitaciones-2026x06x28-a.pdf
2026-06-28,006,RANCHO ARRIBA,SAN JOSÉ DE OCOA,CENTRO TECNOLÓGICO COMUNITARIO,EMCI,31.6,16.4,0.2,https://indomet.gob.do/wp-content/uploads/2026/06/temperaturas-extremas-y-precipitaciones-2026x06x28-a.pdf
2026-06-28,007,ALTAMIRA,PUERTO PLATA,HOSP. MPAL. DE ALTAMIRA,EMCI,34.7,21.6,0.0,https://indomet.gob.do/wp-content/uploads/2026/06/temperaturas-extremas-y-precipitaciones-2026x06x28-a.pdf
2026-06-28,008,ARPT. ARROYO BARRIL,SAMANÁ,INDOMET,EMCI,32.6,23.5,0.0,https://indomet.gob.do/wp-content/uploads/2026/06/temperaturas-extremas-y-precipitaciones-2026x06x28-a.pdf
2026-06-28,009,ARPT. DE LA ROMANA,LA ROMANA,INDOMET,EMCI,34.5,22.5,0.0,https://indomet.gob.do/wp-content/uploads/2026/06/temperaturas-extremas-y-precipitaciones-2026x06x28-a.pdf
2026-06-28,010,ARPT. DE LAS AMÉRICAS,SANTO DOMINGO,INDOMET,EMCI,31.7,23.3,0.0,https://indomet.gob.do/wp-content/uploads/2026/06/temperaturas-extremas-y-precipitaciones-2026x06x28-a.pdf
2026-06-28,011,ARPT. DEL CIBAO,SANTIAGO,INDOMET,EMCI,35.5,22.6,0.0,https://indomet.gob.do/wp-content/uploads/2026/06/temperaturas-extremas-y-precipitaciones-2026x06x28-a.pdf
2026-06-28,012,ARPT. EL CATEY,SAMANÁ,INDOMET,EMCI,32.5,22.5,0.0,https://indomet.gob.do/wp-content/uploads/2026/06/temperaturas-extremas-y-precipitaciones-2026x06x28-a.pdf
2026-06-28,013,ARPT. GREGORIO LUPERÓN,PUERTO PLATA,INDOMET,EMCI,31.3,23.0,0.0,https://indomet.gob.do/wp-content/uploads/2026/06/temperaturas-extremas-y-precipitaciones-2026x06x28-a.pdf
2026-06-28,014,ARPT. LA ISABELA,SANTO DOMINGO,INDOMET,EMCI,35.3,23.5,0.0,https://indomet.gob.do/wp-content/uploads/2026/06/temperaturas-extremas-y-precipitaciones-2026x06x28-a.pdf
2026-06-28,015,ARPT. MARÍA MONTEZ,BARAHONA,INDOMET,EMCI,34.2,28.0,0.0,https://indomet.gob.do/wp-content/uploads/2026/06/temperaturas-extremas-y-precipitaciones-2026x06x28-a.pdf
2026-06-28,016,ARROYO LORO,SAN JUAN,IDIAF,EMCI,33.8,19.7,0.0,https://indomet.gob.do/wp-content/uploads/2026/06/temperaturas-extremas-y-precipitaciones-2026x06x28-a.pdf
2026-06-28,017,BAYAGUANA,MONTE PLATA,INDOMET,EMCI,35.1,23.0,0.0,https://indomet.gob.do/wp-content/uploads/2026/06/temperaturas-extremas-y-precipitaciones-2026x06x28-a.pdf
2026-06-28,018,BOHECHÍO,SAN JUAN,MINISTERIO DE AGRICULTURA,EMCV,,,0.0,https://indomet.gob.do/wp-content/uploads/2026/06/temperaturas-extremas-y-precipitaciones-2026x06x28-a.pdf
2026-06-28,019,CABRAL,BARAHONA,MINISTERIO DE AGRICULTURA,EMCV,33.9,22.8,0.0,https://indomet.gob.do/wp-content/uploads/2026/06/temperaturas-extremas-y-precipitaciones-2026x06x28-a.pdf
2026-06-28,020,CONSTANZA,LA VEGA,MINISTERIO DE AGRICULTURA,EMCI,29.3,11.0,0.0,https://indomet.gob.do/wp-content/uploads/2026/06/temperaturas-extremas-y-precipitaciones-2026x06x28-a.pdf
2026-06-28,021,DAJABÓN,DAJABÓN,INSTITUTO POLITÉCNICO LOYOLA,EMCI,37.1,21.0,0.0,https://indomet.gob.do/wp-content/uploads/2026/06/temperaturas-extremas-y-precipitaciones-2026x06x28-a.pdf
2026-06-28,022,ELÍAS PIÑA,ELÍAS PIÑA,MINISTERIO DE AGRICULTURA,EMCV,,,0.0,https://indomet.gob.do/wp-content/uploads/2026/06/temperaturas-extremas-y-precipitaciones-2026x06x28-a.pdf
2026-06-28,023,ENRIQUILLO,BARAHONA,MINISTERIO DE AGRICULTURA,EMCV,33.0,24.0,0.0,https://indomet.gob.do/wp-content/uploads/2026/06/temperaturas-extremas-y-precipitaciones-2026x06x28-a.pdf
2026-06-28,024,GASPAR HERNÁNDEZ,ESPAILLAT,PROPIEDAD DEL EMPLEADO,EMCI,,,0.0,https://indomet.gob.do/wp-content/uploads/2026/06/temperaturas-extremas-y-precipitaciones-2026x06x28-a.pdf
2026-06-28,025,HATO MAYOR,HATO MAYOR,MINISTERIO DE AGRICULTURA,EMCV,,,0.0,https://indomet.gob.do/wp-content/uploads/2026/06/temperaturas-extremas-y-precipitaciones-2026x06x28-a.pdf
2026-06-28,026,HONDO VALLE,ELÍAS PIÑA,MINISTERIO DE AGRICULTURA,EMCI,29.6,18.4,0.0,https://indomet.gob.do/wp-content/uploads/2026/06/temperaturas-extremas-y-precipitaciones-2026x06x28-a.pdf
2026-06-28,027,JARABACOA,LA VEGA,INDRHI / MARENA,EMCI,33.6,16.6,0.0,https://indomet.gob.do/wp-content/uploads/2026/06/temperaturas-extremas-y-precipitaciones-2026x06x28-a.pdf
2026-06-28,028,JIMANÍ,INDEPENDENCIA,MINISTERIO DE AGRICULTURA,EMCI,36.5,27.0,0.0,https://indomet.gob.do/wp-content/uploads/2026/06/temperaturas-extremas-y-precipitaciones-2026x06x28-a.pdf
2026-06-28,029,JUMA BEJUCAL,MONSEÑOR NOUEL,IDIAF,EMCV,33.8,24.0,0.0,https://indomet.gob.do/wp-content/uploads/2026/06/temperaturas-extremas-y-precipitaciones-2026x06x28-a.pdf
2026-06-28,030,LA VEGA,LA VEGA,IATESA,EMCI,345.0,23.6,0.0,https://indomet.gob.do/wp-content/uploads/2026/06/temperaturas-extremas-y-precipitaciones-2026x06x28-a.pdf
2026-06-28,031,MAO,VALVERDE,INDRHI / MINISTERIO DE AGRICULTURA,EMCV,,,0.0,https://indomet.gob.do/wp-content/uploads/2026/06/temperaturas-extremas-y-precipitaciones-2026x06x28-a.pdf
2026-06-28,032,MONTE CRISTI,MONTE CRISTI,INDOMET,EMCI,34.6,24.7,0.0,https://indomet.gob.do/wp-content/uploads/2026/06/temperaturas-extremas-y-precipitaciones-2026x06x28-a.pdf
2026-06-28,033,NAVARRETE,SANTIAGO,MINISTERIO DE AGRICULTURA,EMCV,,,0.0,https://indomet.gob.do/wp-content/uploads/2026/06/temperaturas-extremas-y-precipitaciones-2026x06x28-a.pdf
2026-06-28,034,OLIVARES,PEDERNALES,INDRHI,EMCI,,,0.0,https://indomet.gob.do/wp-content/uploads/2026/06/temperaturas-extremas-y-precipitaciones-2026x06x28-a.pdf
2026-06-28,035,OVIEDO,PEDERNALES,CLÍNICA RURAL OVIEDO,EMCI,34.0,24.5,0.0,https://indomet.gob.do/wp-content/uploads/2026/06/temperaturas-extremas-y-precipitaciones-2026x06x28-a.pdf
2026-06-28,036,PADRE LAS CASAS,AZUA,HOSP. NTRA. SRA. DEL CARMEN,EMCI,33.0,19.5,0.0,https://indomet.gob.do/wp-content/uploads/2026/06/temperaturas-extremas-y-precipitaciones-2026x06x28-a.pdf
2026-06-28,037,PALO ÍNDIO,PUERTO PLATA,MINISTERIO DE AGRICULTURA,EMCI,,,0.0,https://indomet.gob.do/wp-content/uploads/2026/06/temperaturas-extremas-y-precipitaciones-2026x06x28-a.pdf
2026-06-28,038,PEDERNALES,PEDERNALES,INDRHI,EMCI,,,0.0,https://indomet.gob.do/wp-content/uploads/2026/06/temperaturas-extremas-y-precipitaciones-2026x06x28-a.pdf
2026-06-28,039,POLO,BARAHONA,INDOCAFE,EMCI,30.5,18.0,0.0,https://indomet.gob.do/wp-content/uploads/2026/06/temperaturas-extremas-y-precipitaciones-2026x06x28-a.pdf
2026-06-28,040,RESTAURACIÓN,DAJABÓN,MINISTERIO DE AGRICULTURA,EMCI,34.2,20.6,0.0,https://indomet.gob.do/wp-content/uploads/2026/06/temperaturas-extremas-y-precipitaciones-2026x06x28-a.pdf
2026-06-28,041,SABANA GRANDE DE BOYÁ,MONTE PLATA,MINISTERIO DE AGRICULTURA,EMCV,,,0.0,https://indomet.gob.do/wp-content/uploads/2026/06/temperaturas-extremas-y-precipitaciones-2026x06x28-a.pdf
2026-06-28,042,SALCEDO,HERMANAS MIRABAL,PROPIEDAD DEL EMPLEADO,EMCI,,,0.0,https://indomet.gob.do/wp-content/uploads/2026/06/temperaturas-extremas-y-precipitaciones-2026x06x28-a.pdf
2026-06-28,043,SAN CRISTÓBAL,SAN CRISTÓBAL,INSTITUTO POLITÉCNICO LOYOLA,EMCI,32.0,21.5,0.0,https://indomet.gob.do/wp-content/uploads/2026/06/temperaturas-extremas-y-precipitaciones-2026x06x28-a.pdf
2026-06-28,044,SAN FRANCISCO DE MACORÍS,DUARTE,San Francisco de Macorís (UASD),EMCI,32.3,23.3,0.0,https://indomet.gob.do/wp-content/uploads/2026/06/temperaturas-extremas-y-precipitaciones-2026x06x28-a.pdf
2026-06-28,045,SAN JOSÉ DE OCOA,SAN JOSÉ DE OCOA,HOSP. SAN JOSÉ DE OCOA,EMCI,33.4,21.2,0.0,https://indomet.gob.do/wp-content/uploads/2026/06/temperaturas-extremas-y-precipitaciones-2026x06x28-a.pdf
2026-06-28,046,SÁNCHEZ,SAMANÁ,MINISTERIO DE AGRICULTURA,EMCI,33.1,19.4,0.0,https://indomet.gob.do/wp-content/uploads/2026/06/temperaturas-extremas-y-precipitaciones-2026x06x28-a.pdf
2026-06-28,047,SANTO DOMINGO ESTE,SANTO DOMINGO,INDOMET,EMCI,34.2,25.2,0.0,https://indomet.gob.do/wp-content/uploads/2026/06/temperaturas-extremas-y-precipitaciones-2026x06x28-a.pdf
2026-06-28,048,TÁBARA ABAJO,AZUA,INDRHI,EMCI,35.0,19.4,0.0,https://indomet.gob.do/wp-content/uploads/2026/06/temperaturas-extremas-y-precipitaciones-2026x06x28-a.pdf
2026-06-28,049,VILLA ALTAGRACIA,SAN CRISTÓBAL,ESCUELA JAVIER ANGULO GURIDI,EMCI,,,0.0,https://indomet.gob.do/wp-content/uploads/2026/06/temperaturas-extremas-y-precipitaciones-2026x06x28-a.pdf
2026-06-28,050,VILLA GONZALES,SANTIAGO,MINISTERIO DE AGRICULTURA,EMCI,,,0.0,https://indomet.gob.do/wp-content/uploads/2026/06/temperaturas-extremas-y-precipitaciones-2026x06x28-a.pdf
2026-06-28,051,VILLA RIVA,DUARTE,HOSP. MPAL. ALICIA DE LEGENDRE,EMCI,32.5,23.0,0.0,https://indomet.gob.do/wp-content/uploads/2026/06/temperaturas-extremas-y-precipitaciones-2026x06x28-a.pdf
2026-06-28,052,ALTO BANDERA (EMA),LA VEGA,INTEC,EMAP,17.6,12.2,0.0,https://indomet.gob.do/wp-content/uploads/2026/06/temperaturas-extremas-y-precipitaciones-2026x06x28-a.pdf
2026-06-28,053,ANAMUYA (EMA),LA ALTAGRACIA,MINISTERIO DE AGRICULTURA,EMAP,33.8,26.1,0.0,https://indomet.gob.do/wp-content/uploads/2026/06/temperaturas-extremas-y-precipitaciones-2026x06x28-a.pdf
2026-06-28,054,BANI (EMA),PERAVIA,MINISTERIO DE AGRICULTURA,EMAP,32.0,24.6,0.0,https://indomet.gob.do/wp-content/uploads/2026/06/temperaturas-extremas-y-precipitaciones-2026x06x28-a.pdf
2026-06-28,055,BOCA DE MAO (EMA),VALVERDE,MINISTERIO DE AGRICULTURA,EMAP,36.9,24.7,0.0,https://indomet.gob.do/wp-content/uploads/2026/06/temperaturas-extremas-y-precipitaciones-2026x06x28-a.pdf
2026-06-28,056,CENTRO DE LOS HEROES (EMA),DISTRITO NACIONAL,MINISTERIO DE ENERGIA Y MINA,EMAP,31.5,26.3,0.0,https://indomet.gob.do/wp-content/uploads/2026/06/temperaturas-extremas-y-precipitaciones-2026x06x28-a.pdf
2026-06-28,057,JARABACOA (EMA),LA VEGA,PROGRAMA MUNDIAL DE ALIMENTO,EMAP,32.9,17.9,0.0,https://indomet.gob.do/wp-content/uploads/2026/06/temperaturas-extremas-y-precipitaciones-2026x06x28-a.pdf
2026-06-28,058,LAS CANAS (EMA),MONTE CRISTI,PROGRAMA MUNDIAL DE ALIMENTO,EMAP,30.7,24.5,0.0,https://indomet.gob.do/wp-content/uploads/2026/06/temperaturas-extremas-y-precipitaciones-2026x06x28-a.pdf
2026-06-28,059,MONCIÓN (EMA),SANTIAGO RODRÍGUEZ,PROGRAMA MUNDIAL DE ALIMENTO,EMAP,33.7,20.8,0.0,https://indomet.gob.do/wp-content/uploads/2026/06/temperaturas-extremas-y-precipitaciones-2026x06x28-a.pdf
2026-06-28,060,PONTÓN ABAJO (EMA),LA VEGA,MINISTERIO DE AGRICULTURA,EMAP,36.7,24.3,0.0,https://indomet.gob.do/wp-content/uploads/2026/06/temperaturas-extremas-y-precipitaciones-2026x06x28-a.pdf
2026-06-28,061,PROLONGACION 27 DE FEBRERO,DISTRITO NACIONAL,PRIVADA,EMAP,,,0.0,https://indomet.gob.do/wp-content/uploads/2026/06/temperaturas-extremas-y-precipitaciones-2026x06x28-a.pdf
2026-06-28,062,SABANETA (EMA),SANTIAGO RODRÍGUEZ,PROGRAMA MUNDIAL DE ALIMENTO,EMAP,36.5,24.6,0.0,https://indomet.gob.do/wp-content/uploads/2026/06/temperaturas-extremas-y-precipitaciones-2026x06x28-a.pdf
2026-06-28,063,EL SEIBO,EL SEIBO,MINISTERIO DE AGRICULTURA,EMCV,,,0.0,https://indomet.gob.do/wp-content/uploads/2026/06/temperaturas-extremas-y-precipitaciones-2026x06x28-a.pdf
2026-06-28,064,LAS MATAS DE FARFÁN,SAN JUAN,MINISTERIO DE AGRICULTURA,EMCV,,,0.0,https://indomet.gob.do/wp-content/uploads/2026/06/temperaturas-extremas-y-precipitaciones-2026x06x28-a.pdf
2026-06-28,065,PASO AL MEDIO,SAN PEDRO DE MACORÍS,INDRHI,EMCI,34.2,19.8,0.0,https://indomet.gob.do/wp-content/uploads/2026/06/temperaturas-extremas-y-precipitaciones-2026x06x28-a.pdf
2026-06-28,066,SAN RAFAEL DEL YUMA,LA ALTAGRACIA,MINISTERIO DE AGRICULTURA,EMCI,34.4,24.5,0.0,https://indomet.gob.do/wp-content/uploads/2026/06/temperaturas-extremas-y-precipitaciones-2026x06x28-a.pdf
2026-06-28,067,CONSTANZA (EMA),LA VEGA,PROGRAMA MUNDIAL DE ALIMENTO,EMAP,,,0.0,https://indomet.gob.do/wp-content/uploads/2026/06/temperaturas-extremas-y-precipitaciones-2026x06x28-a.pdf
2026-06-28,068,ENSANCHE LA FE (EMA),DISTRITO NACIONAL,PRIVADA,EMAP,,,0.0,https://indomet.gob.do/wp-content/uploads/2026/06/temperaturas-extremas-y-precipitaciones-2026x06x28-a.pdf
2026-06-28,069,JARDÍN BOTÁNICO SANTIAGO (EMSANTIAGO,,JARDIN BOTANICO SANTIAGO,EMAI,34.1,26.6,0.0,https://indomet.gob.do/wp-content/uploads/2026/06/temperaturas-extremas-y-precipitaciones-2026x06x28-a.pdf
2026-06-28,070,LA AGUSTINA (EMA),DISTRITO NACIONAL,PRIVADA,EMAP,,,0.0,https://indomet.gob.do/wp-content/uploads/2026/06/temperaturas-extremas-y-precipitaciones-2026x06x28-a.pdf
2026-06-28,071,LOS JARDINES (EMA),DISTRITO NACIONAL,PRIVADA,EMAP,,,0.0,https://indomet.gob.do/wp-content/uploads/2026/06/temperaturas-extremas-y-precipitaciones-2026x06x28-a.pdf
2026-06-28,072,LOS PRADOS (EMA),DISTRITO NACIONAL,PRIVADA,EMAP,,,0.0,https://indomet.gob.do/wp-content/uploads/2026/06/temperaturas-extremas-y-precipitaciones-2026x06x28-a.pdf
2026-06-29,001,EL SEIBO,EL SEIBO,MINISTERIO DE AGRICULTURA,EMCV,,,31.8,https://indomet.gob.do/wp-content/uploads/2026/06/temperaturas-extremas-y-precipitaciones-2026x06x29-a.pdf
2026-06-29,002,LAS PLACETAS (EMA),SANTIAGO,PRIVADA,EMAP,,,24.6,https://indomet.gob.do/wp-content/uploads/2026/06/temperaturas-extremas-y-precipitaciones-2026x06x29-a.pdf
2026-06-29,003,BAYAGUANA,MONTE PLATA,INDOMET,EMCI,35.8,23.2,22.7,https://indomet.gob.do/wp-content/uploads/2026/06/temperaturas-extremas-y-precipitaciones-2026x06x29-a.pdf
2026-06-29,004,SABANA GRANDE DE BOYÁ,MONTE PLATA,MINISTERIO DE AGRICULTURA,EMCV,,,15.2,https://indomet.gob.do/wp-content/uploads/2026/06/temperaturas-extremas-y-precipitaciones-2026x06x29-a.pdf
2026-06-29,005,CONSTANZA (EMA),LA VEGA,PROGRAMA MUNDIAL DE ALIMENTO,EMAP,30.4,15.4,12.2,https://indomet.gob.do/wp-content/uploads/2026/06/temperaturas-extremas-y-precipitaciones-2026x06x29-a.pdf
2026-06-29,006,CONSTANZA,LA VEGA,MINISTERIO DE AGRICULTURA,EMCI,31.0,13.7,12.1,https://indomet.gob.do/wp-content/uploads/2026/06/temperaturas-extremas-y-precipitaciones-2026x06x29-a.pdf
2026-06-29,007,SABANA DE LA MAR,HATO MAYOR,INDOMET,EMCI,32.4,23.0,10.0,https://indomet.gob.do/wp-content/uploads/2026/06/temperaturas-extremas-y-precipitaciones-2026x06x29-a.pdf
2026-06-29,008,ARPT. ARROYO BARRIL,SAMANÁ,INDOMET,EMCI,32.8,24.4,9.3,https://indomet.gob.do/wp-content/uploads/2026/06/temperaturas-extremas-y-precipitaciones-2026x06x29-a.pdf
2026-06-29,009,PERALTA,AZUA,HOSP. MPAL. DE PERALTA,EMCI,33.5,20.5,5.2,https://indomet.gob.do/wp-content/uploads/2026/06/temperaturas-extremas-y-precipitaciones-2026x06x29-a.pdf
2026-06-29,010,SAMANÁ,SAMANÁ,COMANDANCIA DE PUERTO DE SAMANÁ,EMCI,35.7,18.6,5.2,https://indomet.gob.do/wp-content/uploads/2026/06/temperaturas-extremas-y-precipitaciones-2026x06x29-a.pdf
2026-06-29,011,SANTIAGO RODRÍGUEZ,SANTIAGO RODRÍGUEZ,INDOMET,EMCI,38.4,24.0,4.3,https://indomet.gob.do/wp-content/uploads/2026/06/temperaturas-extremas-y-precipitaciones-2026x06x29-a.pdf
2026-06-29,012,BOHECHÍO,SAN JUAN,MINISTERIO DE AGRICULTURA,EMCV,,,4.2,https://indomet.gob.do/wp-content/uploads/2026/06/temperaturas-extremas-y-precipitaciones-2026x06x29-a.pdf
2026-06-29,013,SABANETA (EMA),SANTIAGO RODRÍGUEZ,PROGRAMA MUNDIAL DE ALIMENTO,EMAP,39.9,22.4,4.2,https://indomet.gob.do/wp-content/uploads/2026/06/temperaturas-extremas-y-precipitaciones-2026x06x29-a.pdf
2026-06-29,014,SÁNCHEZ,SAMANÁ,MINISTERIO DE AGRICULTURA,EMCI,32.3,19.3,3.5,https://indomet.gob.do/wp-content/uploads/2026/06/temperaturas-extremas-y-precipitaciones-2026x06x29-a.pdf
2026-06-29,015,GASPAR HERNÁNDEZ,ESPAILLAT,PROPIEDAD DEL EMPLEADO,EMCI,,,2.6,https://indomet.gob.do/wp-content/uploads/2026/06/temperaturas-extremas-y-precipitaciones-2026x06x29-a.pdf
2026-06-29,016,HONDO VALLE,ELÍAS PIÑA,MINISTERIO DE AGRICULTURA,EMCI,29.2,18.1,2.3,https://indomet.gob.do/wp-content/uploads/2026/06/temperaturas-extremas-y-precipitaciones-2026x06x29-a.pdf
2026-06-29,017,ARPT. EL CATEY,SAMANÁ,INDOMET,EMCI,33.4,22.6,2.2,https://indomet.gob.do/wp-content/uploads/2026/06/temperaturas-extremas-y-precipitaciones-2026x06x29-a.pdf
2026-06-29,018,ENRIQUILLO,BARAHONA,MINISTERIO DE AGRICULTURA,EMCV,34.7,23.0,2.2,https://indomet.gob.do/wp-content/uploads/2026/06/temperaturas-extremas-y-precipitaciones-2026x06x29-a.pdf
2026-06-29,019,LOS COCOS (EMA),BAHORUCO,PRIVADA,EMAP,,,2.2,https://indomet.gob.do/wp-content/uploads/2026/06/temperaturas-extremas-y-precipitaciones-2026x06x29-a.pdf
2026-06-29,020,ARROYO LORO,SAN JUAN,IDIAF,EMCI,35.9,21.5,1.8,https://indomet.gob.do/wp-content/uploads/2026/06/temperaturas-extremas-y-precipitaciones-2026x06x29-a.pdf
2026-06-29,021,PADRE LAS CASAS,AZUA,HOSP. NTRA. SRA. DEL CARMEN,EMCI,34.8,20.0,1.4,https://indomet.gob.do/wp-content/uploads/2026/06/temperaturas-extremas-y-precipitaciones-2026x06x29-a.pdf
2026-06-29,022,HATO MAYOR,HATO MAYOR,MINISTERIO DE AGRICULTURA,EMCV,,,1.3,https://indomet.gob.do/wp-content/uploads/2026/06/temperaturas-extremas-y-precipitaciones-2026x06x29-a.pdf
2026-06-29,023,OVIEDO,PEDERNALES,CLÍNICA RURAL OVIEDO,EMCI,34.5,24.0,1.2,https://indomet.gob.do/wp-content/uploads/2026/06/temperaturas-extremas-y-precipitaciones-2026x06x29-a.pdf
2026-06-29,024,LOS JENGIBRES,NAGUA,INDRHI,EMCI,,,1.1,https://indomet.gob.do/wp-content/uploads/2026/06/temperaturas-extremas-y-precipitaciones-2026x06x29-a.pdf
2026-06-29,025,ANAMUYA (EMA),LA ALTAGRACIA,MINISTERIO DE AGRICULTURA,EMAP,33.7,23.2,0.4,https://indomet.gob.do/wp-content/uploads/2026/06/temperaturas-extremas-y-precipitaciones-2026x06x29-a.pdf
2026-06-29,026,POLO,BARAHONA,INDOCAFE,EMCI,,,0.4,https://indomet.gob.do/wp-content/uploads/2026/06/temperaturas-extremas-y-precipitaciones-2026x06x29-a.pdf
2026-06-29,027,MONCIÓN (EMA),SANTIAGO RODRÍGUEZ,PROGRAMA MUNDIAL DE ALIMENTO,EMAP,36.2,20.3,0.2,https://indomet.gob.do/wp-content/uploads/2026/06/temperaturas-extremas-y-precipitaciones-2026x06x29-a.pdf
2026-06-29,028,ARPT. DE LA ROMANA,LA ROMANA,INDOMET,EMCI,33.6,22.8,0.1,https://indomet.gob.do/wp-content/uploads/2026/06/temperaturas-extremas-y-precipitaciones-2026x06x29-a.pdf
2026-06-29,029,CABRAL,BARAHONA,MINISTERIO DE AGRICULTURA,EMCV,36.3,25.0,0.1,https://indomet.gob.do/wp-content/uploads/2026/06/temperaturas-extremas-y-precipitaciones-2026x06x29-a.pdf
2026-06-29,030,SAN JOSÉ DE OCOA,SAN JOSÉ DE OCOA,HOSP. SAN JOSÉ DE OCOA,EMCI,35.6,22.9,0.1,https://indomet.gob.do/wp-content/uploads/2026/06/temperaturas-extremas-y-precipitaciones-2026x06x29-a.pdf
2026-06-29,031,TÁBARA ABAJO,AZUA,INDRHI,EMCI,35.0,22.3,0.1,https://indomet.gob.do/wp-content/uploads/2026/06/temperaturas-extremas-y-precipitaciones-2026x06x29-a.pdf
2026-06-29,032,ALTAMIRA,PUERTO PLATA,HOSP. MPAL. DE ALTAMIRA,EMCI,37.0,22.6,0.0,https://indomet.gob.do/wp-content/uploads/2026/06/temperaturas-extremas-y-precipitaciones-2026x06x29-a.pdf
2026-06-29,033,ALTO BANDERA (EMA),LA VEGA,INTEC,EMAP,18.7,9.4,0.0,https://indomet.gob.do/wp-content/uploads/2026/06/temperaturas-extremas-y-precipitaciones-2026x06x29-a.pdf
2026-06-29,034,ARPT. DE LAS AMÉRICAS,SANTO DOMINGO,INDOMET,EMCI,33.0,23.6,0.0,https://indomet.gob.do/wp-content/uploads/2026/06/temperaturas-extremas-y-precipitaciones-2026x06x29-a.pdf
2026-06-29,035,ARPT. DE PUNTA CANA,LA ALTAGRACIA,INDOMET,EMCI,32.0,24.0,0.0,https://indomet.gob.do/wp-content/uploads/2026/06/temperaturas-extremas-y-precipitaciones-2026x06x29-a.pdf
2026-06-29,036,ARPT. DEL CIBAO,SANTIAGO,INDOMET,EMCI,36.0,24.0,0.0,https://indomet.gob.do/wp-content/uploads/2026/06/temperaturas-extremas-y-precipitaciones-2026x06x29-a.pdf
2026-06-29,037,ARPT. GREGORIO LUPERÓN,PUERTO PLATA,INDOMET,EMCI,32.6,24.0,0.0,https://indomet.gob.do/wp-content/uploads/2026/06/temperaturas-extremas-y-precipitaciones-2026x06x29-a.pdf
2026-06-29,038,ARPT. LA ISABELA,SANTO DOMINGO,INDOMET,EMCI,35.0,23.0,0.0,https://indomet.gob.do/wp-content/uploads/2026/06/temperaturas-extremas-y-precipitaciones-2026x06x29-a.pdf
2026-06-29,039,ARPT. MARÍA MONTEZ,BARAHONA,INDOMET,EMCI,34.9,24.7,0.0,https://indomet.gob.do/wp-content/uploads/2026/06/temperaturas-extremas-y-precipitaciones-2026x06x29-a.pdf
2026-06-29,040,BANI (EMA),PERAVIA,MINISTERIO DE AGRICULTURA,EMAP,34.3,25.9,0.0,https://indomet.gob.do/wp-content/uploads/2026/06/temperaturas-extremas-y-precipitaciones-2026x06x29-a.pdf
2026-06-29,041,BASE AÉREA DE SAN ISIDRO,SANTO DOMINGO,FUERZA AÉREA DOMINICANA,EMCV,31.0,24.0,0.0,https://indomet.gob.do/wp-content/uploads/2026/06/temperaturas-extremas-y-precipitaciones-2026x06x29-a.pdf
2026-06-29,042,BOCA DE MAO (EMA),VALVERDE,MINISTERIO DE AGRICULTURA,EMAP,38.4,23.4,0.0,https://indomet.gob.do/wp-content/uploads/2026/06/temperaturas-extremas-y-precipitaciones-2026x06x29-a.pdf
2026-06-29,043,BONAO,MONSEÑOR NOUEL,MINISTERIO DE AGRICULTURA,EMCV,,,0.0,https://indomet.gob.do/wp-content/uploads/2026/06/temperaturas-extremas-y-precipitaciones-2026x06x29-a.pdf
2026-06-29,044,BUCARA (EMA),SANTIAGO,MINISTERIO DE AGRICULTURA,EMAI,,,0.0,https://indomet.gob.do/wp-content/uploads/2026/06/temperaturas-extremas-y-precipitaciones-2026x06x29-a.pdf
2026-06-29,045,CABRERA,MARÍA TRINIDAD SÁNCHEZ,ESCUELA ARÍSTIDES FIALLO CABRAL,EMCI,34.2,27.5,0.0,https://indomet.gob.do/wp-content/uploads/2026/06/temperaturas-extremas-y-precipitaciones-2026x06x29-a.pdf
2026-06-29,046,CENTRO DE LOS HEROES (EMA),DISTRITO NACIONAL,MINISTERIO DE ENERGIA Y MINA,EMAP,32.7,26.7,0.0,https://indomet.gob.do/wp-content/uploads/2026/06/temperaturas-extremas-y-precipitaciones-2026x06x29-a.pdf
2026-06-29,047,DAJABÓN,DAJABÓN,INSTITUTO POLITÉCNICO LOYOLA,EMCI,36.8,21.2,0.0,https://indomet.gob.do/wp-content/uploads/2026/06/temperaturas-extremas-y-precipitaciones-2026x06x29-a.pdf
2026-06-29,048,EL MILLON (EMA),DISTRITO NACIONAL,PRIVADA,EMAP,,,0.0,https://indomet.gob.do/wp-content/uploads/2026/06/temperaturas-extremas-y-precipitaciones-2026x06x29-a.pdf
2026-06-29,049,ELÍAS PIÑA,ELÍAS PIÑA,MINISTERIO DE AGRICULTURA,EMCV,,,0.0,https://indomet.gob.do/wp-content/uploads/2026/06/temperaturas-extremas-y-precipitaciones-2026x06x29-a.pdf
2026-06-29,050,ENSANCHE LA FE (EMA),DISTRITO NACIONAL,PRIVADA,EMAP,,,0.0,https://indomet.gob.do/wp-content/uploads/2026/06/temperaturas-extremas-y-precipitaciones-2026x06x29-a.pdf
2026-06-29,051,ESCONDIDO,PERAVIA,MINISTERIO DE AGRICULTURA,EMCV,34.0,25.0,0.0,https://indomet.gob.do/wp-content/uploads/2026/06/temperaturas-extremas-y-precipitaciones-2026x06x29-a.pdf
2026-06-29,052,GURABO,SANTIAGO,MINISTERIO DE AGRICULTURA,EMCV,,,0.0,https://indomet.gob.do/wp-content/uploads/2026/06/temperaturas-extremas-y-precipitaciones-2026x06x29-a.pdf
2026-06-29,053,JARABACOA,LA VEGA,INDRHI / MARENA,EMCI,34.2,18.0,0.0,https://indomet.gob.do/wp-content/uploads/2026/06/temperaturas-extremas-y-precipitaciones-2026x06x29-a.pdf
2026-06-29,054,JARABACOA (EMA),LA VEGA,PROGRAMA MUNDIAL DE ALIMENTO,EMAP,33.7,19.7,0.0,https://indomet.gob.do/wp-content/uploads/2026/06/temperaturas-extremas-y-precipitaciones-2026x06x29-a.pdf
2026-06-29,055,JARDÍN BOTÁNICO NACIONAL,DISTRITO NACIONAL,JARDÍN BOTÁNICO NACIONAL,EMCV,33.7,23.3,0.0,https://indomet.gob.do/wp-content/uploads/2026/06/temperaturas-extremas-y-precipitaciones-2026x06x29-a.pdf
2026-06-29,056,JARDÍN BOTÁNICO SANTIAGO (EMSANTIAGO,,JARDIN BOTANICO SANTIAGO,EMAI,36.1,28.2,0.0,https://indomet.gob.do/wp-content/uploads/2026/06/temperaturas-extremas-y-precipitaciones-2026x06x29-a.pdf
2026-06-29,057,JIMANÍ,INDEPENDENCIA,MINISTERIO DE AGRICULTURA,EMCI,38.2,25.8,0.0,https://indomet.gob.do/wp-content/uploads/2026/06/temperaturas-extremas-y-precipitaciones-2026x06x29-a.pdf
2026-06-29,058,JUMA BEJUCAL,MONSEÑOR NOUEL,IDIAF,EMCV,34.8,25.6,0.0,https://indomet.gob.do/wp-content/uploads/2026/06/temperaturas-extremas-y-precipitaciones-2026x06x29-a.pdf
2026-06-29,059,LA AGUSTINA (EMA),DISTRITO NACIONAL,PRIVADA,EMAP,,,0.0,https://indomet.gob.do/wp-content/uploads/2026/06/temperaturas-extremas-y-precipitaciones-2026x06x29-a.pdf
2026-06-29,060,LA VEGA,LA VEGA,IATESA,EMCI,34.0,23.0,0.0,https://indomet.gob.do/wp-content/uploads/2026/06/temperaturas-extremas-y-precipitaciones-2026x06x29-a.pdf
2026-06-29,061,LA VICTORIA,SANTO DOMINGO,CUERPO DE BOMBEROS,EMCI,33.8,23.2,0.0,https://indomet.gob.do/wp-content/uploads/2026/06/temperaturas-extremas-y-precipitaciones-2026x06x29-a.pdf
2026-06-29,062,LAS CANAS (EMA),MONTE CRISTI,PROGRAMA MUNDIAL DE ALIMENTO,EMAP,30.7,23.8,0.0,https://indomet.gob.do/wp-content/uploads/2026/06/temperaturas-extremas-y-precipitaciones-2026x06x29-a.pdf
2026-06-29,063,LOS CACICAZGOS (EMA),DISTRITO NACIONAL,PRIVADA,EMAP,,,0.0,https://indomet.gob.do/wp-content/uploads/2026/06/temperaturas-extremas-y-precipitaciones-2026x06x29-a.pdf
2026-06-29,064,LOS JARDINES (EMA),DISTRITO NACIONAL,PRIVADA,EMAP,,,0.0,https://indomet.gob.do/wp-content/uploads/2026/06/temperaturas-extremas-y-precipitaciones-2026x06x29-a.pdf
2026-06-29,065,LOS LLANOS,SAN PEDRO DE MACORÍS,MINISTERIO DE AGRICULTURA,EMCI,35.7,23.8,0.0,https://indomet.gob.do/wp-content/uploads/2026/06/temperaturas-extremas-y-precipitaciones-2026x06x29-a.pdf
2026-06-29,066,LUPERÓN,PUERTO PLATA,MINISTERIO DE AGRICULTURA,EMCV,,,0.0,https://indomet.gob.do/wp-content/uploads/2026/06/temperaturas-extremas-y-precipitaciones-2026x06x29-a.pdf
2026-06-29,067,MAO,VALVERDE,INDRHI / MINISTERIO DE AGRICULTURA,EMCV,,,0.0,https://indomet.gob.do/wp-content/uploads/2026/06/temperaturas-extremas-y-precipitaciones-2026x06x29-a.pdf
2026-06-29,068,MICHES (EMA),EL SEIBO,PRIVADA,EMAP,32.9,23.6,0.0,https://indomet.gob.do/wp-content/uploads/2026/06/temperaturas-extremas-y-precipitaciones-2026x06x29-a.pdf
2026-06-29,069,MONTE CRISTI,MONTE CRISTI,INDOMET,EMCI,34.8,25.4,0.0,https://indomet.gob.do/wp-content/uploads/2026/06/temperaturas-extremas-y-precipitaciones-2026x06x29-a.pdf
2026-06-29,070,NAVARRETE,SANTIAGO,MINISTERIO DE AGRICULTURA,EMCV,,,0.0,https://indomet.gob.do/wp-content/uploads/2026/06/temperaturas-extremas-y-precipitaciones-2026x06x29-a.pdf
2026-06-29,071,OLIVARES,PEDERNALES,INDRHI,EMCI,,,0.0,https://indomet.gob.do/wp-content/uploads/2026/06/temperaturas-extremas-y-precipitaciones-2026x06x29-a.pdf
2026-06-29,072,PALO ÍNDIO,PUERTO PLATA,MINISTERIO DE AGRICULTURA,EMCI,,,0.0,https://indomet.gob.do/wp-content/uploads/2026/06/temperaturas-extremas-y-precipitaciones-2026x06x29-a.pdf
2026-06-29,073,PASO AL MEDIO,SAN PEDRO DE MACORÍS,INDRHI,EMCI,,,0.0,https://indomet.gob.do/wp-content/uploads/2026/06/temperaturas-extremas-y-precipitaciones-2026x06x29-a.pdf
2026-06-29,074,PEDERNALES,PEDERNALES,INDRHI,EMCI,,,0.0,https://indomet.gob.do/wp-content/uploads/2026/06/temperaturas-extremas-y-precipitaciones-2026x06x29-a.pdf
2026-06-29,075,PONTÓN ABAJO (EMA),LA VEGA,MINISTERIO DE AGRICULTURA,EMAP,37.7,23.6,0.0,https://indomet.gob.do/wp-content/uploads/2026/06/temperaturas-extremas-y-precipitaciones-2026x06x29-a.pdf
2026-06-29,076,PRESA DE TAVERAS (EMA),LA VEGA,PROGRAMA MUNDIAL DE ALIMENTO,EMAP,34.9,21.3,0.0,https://indomet.gob.do/wp-content/uploads/2026/06/temperaturas-extremas-y-precipitaciones-2026x06x29-a.pdf
2026-06-29,077,PROLONGACION 27 DE FEBRERO,DISTRITO NACIONAL,PRIVADA,EMAP,,,0.0,https://indomet.gob.do/wp-content/uploads/2026/06/temperaturas-extremas-y-precipitaciones-2026x06x29-a.pdf
2026-06-29,078,RANCHO ARRIBA,SAN JOSÉ DE OCOA,CENTRO TECNOLÓGICO COMUNITARIO,EMCI,34.3,18.6,0.0,https://indomet.gob.do/wp-content/uploads/2026/06/temperaturas-extremas-y-precipitaciones-2026x06x29-a.pdf
2026-06-29,079,RESTAURACIÓN,DAJABÓN,MINISTERIO DE AGRICULTURA,EMCI,34.0,19.8,0.0,https://indomet.gob.do/wp-content/uploads/2026/06/temperaturas-extremas-y-precipitaciones-2026x06x29-a.pdf
2026-06-29,080,RÍO SAN JUAN,MARÍA TRINIDAD SÁNCHEZ,HOSP. MPAL. DR. DESIDERIO ACOSTA,EMCV,35.7,25.4,0.0,https://indomet.gob.do/wp-content/uploads/2026/06/temperaturas-extremas-y-precipitaciones-2026x06x29-a.pdf
2026-06-29,081,SAJOMA (EMA),SANTIAGO,PLAN SIERRA,EMAI,35.8,26.1,0.0,https://indomet.gob.do/wp-content/uploads/2026/06/temperaturas-extremas-y-precipitaciones-2026x06x29-a.pdf
2026-06-29,082,SALCEDO,HERMANAS MIRABAL,PROPIEDAD DEL EMPLEADO,EMCI,,,0.0,https://indomet.gob.do/wp-content/uploads/2026/06/temperaturas-extremas-y-precipitaciones-2026x06x29-a.pdf
2026-06-29,083,SAN CRISTÓBAL,SAN CRISTÓBAL,INSTITUTO POLITÉCNICO LOYOLA,EMCI,34.0,22.5,0.0,https://indomet.gob.do/wp-content/uploads/2026/06/temperaturas-extremas-y-precipitaciones-2026x06x29-a.pdf
2026-06-29,084,SAN FRANCISCO DE MACORÍS,DUARTE,San Francisco de Macorís (UASD),EMCI,35.2,23.0,0.0,https://indomet.gob.do/wp-content/uploads/2026/06/temperaturas-extremas-y-precipitaciones-2026x06x29-a.pdf
2026-06-29,085,SAN RAFAEL DEL YUMA,LA ALTAGRACIA,MINISTERIO DE AGRICULTURA,EMCI,35.4,23.0,0.0,https://indomet.gob.do/wp-content/uploads/2026/06/temperaturas-extremas-y-precipitaciones-2026x06x29-a.pdf
2026-06-29,086,SANTIAGO (CENTRO),SANTIAGO,HUACALITO,EMCI,,,0.0,https://indomet.gob.do/wp-content/uploads/2026/06/temperaturas-extremas-y-precipitaciones-2026x06x29-a.pdf
2026-06-29,087,SANTO DOMINGO ESTE,SANTO DOMINGO,INDOMET,EMCI,33.0,24.6,0.0,https://indomet.gob.do/wp-content/uploads/2026/06/temperaturas-extremas-y-precipitaciones-2026x06x29-a.pdf
2026-06-29,088,TAVERA,SANTIAGO,INDRHI,EMCI,,,0.0,https://indomet.gob.do/wp-content/uploads/2026/06/temperaturas-extremas-y-precipitaciones-2026x06x29-a.pdf
2026-06-29,089,VILLA ALTAGRACIA,SAN CRISTÓBAL,ESCUELA JAVIER ANGULO GURIDI,EMCI,,,0.0,https://indomet.gob.do/wp-content/uploads/2026/06/temperaturas-extremas-y-precipitaciones-2026x06x29-a.pdf
2026-06-29,090,VILLA GONZALES,SANTIAGO,MINISTERIO DE AGRICULTURA,EMCI,,,0.0,https://indomet.gob.do/wp-content/uploads/2026/06/temperaturas-extremas-y-precipitaciones-2026x06x29-a.pdf
2026-06-29,091,VILLA ISABELA,PUERTO PLATA,MINISTERIO DE AGRICULTURA,EMCV,35.0,23.0,0.0,https://indomet.gob.do/wp-content/uploads/2026/06/temperaturas-extremas-y-precipitaciones-2026x06x29-a.pdf
2026-06-29,092,VILLA RIVA,DUARTE,HOSP. MPAL. ALICIA DE LEGENDRE,EMCI,33.8,23.2,0.0,https://indomet.gob.do/wp-content/uploads/2026/06/temperaturas-extremas-y-precipitaciones-2026x06x29-a.pdf
2026-06-29,093,VILLA VASQUEZ (EMA),MONTE CRISTI,JUNTA DE REGANTES,EMAI,,,0.0,https://indomet.gob.do/wp-content/uploads/2026/06/temperaturas-extremas-y-precipitaciones-2026x06x29-a.pdf
2026-06-30,001,PADRE LAS CASAS,AZUA,HOSP. NTRA. SRA. DEL CARMEN,EMCI,32.5,19.5,24.6,https://indomet.gob.do/wp-content/uploads/2026/07/temperaturas-extremas-y-precipitaciones-2026x06x30-a-1.pdf
2026-06-30,002,SÁNCHEZ,SAMANÁ,MINISTERIO DE AGRICULTURA,EMCI,34.3,,17.2,https://indomet.gob.do/wp-content/uploads/2026/07/temperaturas-extremas-y-precipitaciones-2026x06x30-a-1.pdf
2026-06-30,003,HONDO VALLE,ELÍAS PIÑA,MINISTERIO DE AGRICULTURA,EMCI,28.8,17.6,12.3,https://indomet.gob.do/wp-content/uploads/2026/07/temperaturas-extremas-y-precipitaciones-2026x06x30-a-1.pdf
2026-06-30,004,SANTIAGO RODRÍGUEZ,SANTIAGO RODRÍGUEZ,INDOMET,EMCI,38.0,22.5,12.3,https://indomet.gob.do/wp-content/uploads/2026/07/temperaturas-extremas-y-precipitaciones-2026x06x30-a-1.pdf
2026-06-30,005,SABANETA (EMA),SANTIAGO RODRÍGUEZ,PROGRAMA MUNDIAL DE ALIMENTO,EMAP,37.7,21.8,12.2,https://indomet.gob.do/wp-content/uploads/2026/07/temperaturas-extremas-y-precipitaciones-2026x06x30-a-1.pdf
2026-06-30,006,DAJABÓN,DAJABÓN,INSTITUTO POLITÉCNICO LOYOLA,EMCI,35.9,20.7,12.1,https://indomet.gob.do/wp-content/uploads/2026/07/temperaturas-extremas-y-precipitaciones-2026x06x30-a-1.pdf
2026-06-30,007,SAN CRISTÓBAL,SAN CRISTÓBAL,INSTITUTO POLITÉCNICO LOYOLA,EMCI,32.5,23.0,11.0,https://indomet.gob.do/wp-content/uploads/2026/07/temperaturas-extremas-y-precipitaciones-2026x06x30-a-1.pdf
2026-06-30,008,RESTAURACIÓN,DAJABÓN,MINISTERIO DE AGRICULTURA,EMCI,34.4,19.1,8.7,https://indomet.gob.do/wp-content/uploads/2026/07/temperaturas-extremas-y-precipitaciones-2026x06x30-a-1.pdf
2026-06-30,009,BOHECHÍO,SAN JUAN,MINISTERIO DE AGRICULTURA,EMCV,,,6.2,https://indomet.gob.do/wp-content/uploads/2026/07/temperaturas-extremas-y-precipitaciones-2026x06x30-a-1.pdf
2026-06-30,010,ELÍAS PIÑA,ELÍAS PIÑA,MINISTERIO DE AGRICULTURA,EMCV,,,6.0,https://indomet.gob.do/wp-content/uploads/2026/07/temperaturas-extremas-y-precipitaciones-2026x06x30-a-1.pdf
2026-06-30,011,ENRIQUILLO,BARAHONA,MINISTERIO DE AGRICULTURA,EMCV,33.0,22.0,6.0,https://indomet.gob.do/wp-content/uploads/2026/07/temperaturas-extremas-y-precipitaciones-2026x06x30-a-1.pdf
2026-06-30,012,ARPT. EL CATEY,SAMANÁ,INDOMET,EMCI,35.2,22.6,5.0,https://indomet.gob.do/wp-content/uploads/2026/07/temperaturas-extremas-y-precipitaciones-2026x06x30-a-1.pdf
2026-06-30,013,CONSTANZA,LA VEGA,MINISTERIO DE AGRICULTURA,EMCI,29.3,13.5,3.0,https://indomet.gob.do/wp-content/uploads/2026/07/temperaturas-extremas-y-precipitaciones-2026x06x30-a-1.pdf
2026-06-30,014,ALTO BANDERA (EMA),LA VEGA,INTEC,EMAP,18.9,8.6,2.8,https://indomet.gob.do/wp-content/uploads/2026/07/temperaturas-extremas-y-precipitaciones-2026x06x30-a-1.pdf
2026-06-30,015,CONSTANZA (EMA),LA VEGA,PROGRAMA MUNDIAL DE ALIMENTO,EMAP,28.1,14.9,2.8,https://indomet.gob.do/wp-content/uploads/2026/07/temperaturas-extremas-y-precipitaciones-2026x06x30-a-1.pdf
2026-06-30,016,ARROYO LORO,SAN JUAN,IDIAF,EMCI,34.4,20.7,2.1,https://indomet.gob.do/wp-content/uploads/2026/07/temperaturas-extremas-y-precipitaciones-2026x06x30-a-1.pdf
2026-06-30,017,SAN RAFAEL DEL YUMA,LA ALTAGRACIA,MINISTERIO DE AGRICULTURA,EMCI,35.1,24.7,2.1,https://indomet.gob.do/wp-content/uploads/2026/07/temperaturas-extremas-y-precipitaciones-2026x06x30-a-1.pdf
2026-06-30,018,OVIEDO,PEDERNALES,CLÍNICA RURAL OVIEDO,EMCI,34.8,24.0,2.0,https://indomet.gob.do/wp-content/uploads/2026/07/temperaturas-extremas-y-precipitaciones-2026x06x30-a-1.pdf
2026-06-30,019,ARPT. ARROYO BARRIL,SAMANÁ,INDOMET,EMCI,32.5,23.7,1.9,https://indomet.gob.do/wp-content/uploads/2026/07/temperaturas-extremas-y-precipitaciones-2026x06x30-a-1.pdf
2026-06-30,020,LOS JARDINES (EMA),DISTRITO NACIONAL,PRIVADA,EMAP,,,1.8,https://indomet.gob.do/wp-content/uploads/2026/07/temperaturas-extremas-y-precipitaciones-2026x06x30-a-1.pdf
2026-06-30,021,JARDÍN BOTÁNICO NACIONAL,DISTRITO NACIONAL,JARDÍN BOTÁNICO NACIONAL,EMCV,33.2,22.0,1.0,https://indomet.gob.do/wp-content/uploads/2026/07/temperaturas-extremas-y-precipitaciones-2026x06x30-a-1.pdf
2026-06-30,022,LOS PRADOS (EMA),DISTRITO NACIONAL,PRIVADA,EMAP,,,1.0,https://indomet.gob.do/wp-content/uploads/2026/07/temperaturas-extremas-y-precipitaciones-2026x06x30-a-1.pdf
2026-06-30,023,PROLONGACION 27 DE FEBRERO,DISTRITO NACIONAL,PRIVADA,EMAP,,,1.0,https://indomet.gob.do/wp-content/uploads/2026/07/temperaturas-extremas-y-precipitaciones-2026x06x30-a-1.pdf
2026-06-30,024,LOS CACICAZGOS (EMA),DISTRITO NACIONAL,PRIVADA,EMAP,,,0.8,https://indomet.gob.do/wp-content/uploads/2026/07/temperaturas-extremas-y-precipitaciones-2026x06x30-a-1.pdf
2026-06-30,025,CABRERA,MARÍA TRINIDAD SÁNCHEZ,ESCUELA ARÍSTIDES FIALLO CABRAL,EMCI,34.5,26.5,0.6,https://indomet.gob.do/wp-content/uploads/2026/07/temperaturas-extremas-y-precipitaciones-2026x06x30-a-1.pdf
2026-06-30,026,BELLA VISTA (EMA),DISTRITO NACIONAL,PRIVADA,EMAP,,,0.5,https://indomet.gob.do/wp-content/uploads/2026/07/temperaturas-extremas-y-precipitaciones-2026x06x30-a-1.pdf
2026-06-30,027,EL MILLON (EMA),DISTRITO NACIONAL,PRIVADA,EMAP,,,0.5,https://indomet.gob.do/wp-content/uploads/2026/07/temperaturas-extremas-y-precipitaciones-2026x06x30-a-1.pdf
2026-06-30,028,CABRAL,BARAHONA,MINISTERIO DE AGRICULTURA,EMCV,34.8,25.6,0.4,https://indomet.gob.do/wp-content/uploads/2026/07/temperaturas-extremas-y-precipitaciones-2026x06x30-a-1.pdf
2026-06-30,029,PARQUE MIRADOR SUR,DISTRITO NACIONAL,AYUNTAMIENTO,EMCV,33.5,23.3,0.4,https://indomet.gob.do/wp-content/uploads/2026/07/temperaturas-extremas-y-precipitaciones-2026x06x30-a-1.pdf
2026-06-30,030,CENTRO DE LOS HEROES (EMA),DISTRITO NACIONAL,MINISTERIO DE ENERGIA Y MINA,EMAP,32.1,27.1,0.2,https://indomet.gob.do/wp-content/uploads/2026/07/temperaturas-extremas-y-precipitaciones-2026x06x30-a-1.pdf
2026-06-30,031,POLO,BARAHONA,INDOCAFE,EMCI,31.0,17.5,0.2,https://indomet.gob.do/wp-content/uploads/2026/07/temperaturas-extremas-y-precipitaciones-2026x06x30-a-1.pdf
2026-06-30,032,HATO MAYOR,HATO MAYOR,MINISTERIO DE AGRICULTURA,EMCV,,,0.1,https://indomet.gob.do/wp-content/uploads/2026/07/temperaturas-extremas-y-precipitaciones-2026x06x30-a-1.pdf
2026-06-30,033,LAS MATAS DE FARFÁN,SAN JUAN,MINISTERIO DE AGRICULTURA,EMCV,,,0.1,https://indomet.gob.do/wp-content/uploads/2026/07/temperaturas-extremas-y-precipitaciones-2026x06x30-a-1.pdf
2026-06-30,034,ALTAMIRA,PUERTO PLATA,HOSP. MPAL. DE ALTAMIRA,EMCI,36.5,22.2,0.0,https://indomet.gob.do/wp-content/uploads/2026/07/temperaturas-extremas-y-precipitaciones-2026x06x30-a-1.pdf
2026-06-30,035,ANAMUYA (EMA),LA ALTAGRACIA,MINISTERIO DE AGRICULTURA,EMAP,34.3,25.3,0.0,https://indomet.gob.do/wp-content/uploads/2026/07/temperaturas-extremas-y-precipitaciones-2026x06x30-a-1.pdf
2026-06-30,036,ARPT. DE LA ROMANA,LA ROMANA,INDOMET,EMCI,34.3,22.8,0.0,https://indomet.gob.do/wp-content/uploads/2026/07/temperaturas-extremas-y-precipitaciones-2026x06x30-a-1.pdf
2026-06-30,037,ARPT. DE LAS AMÉRICAS,SANTO DOMINGO,INDOMET,EMCI,33.5,23.5,0.0,https://indomet.gob.do/wp-content/uploads/2026/07/temperaturas-extremas-y-precipitaciones-2026x06x30-a-1.pdf
2026-06-30,038,ARPT. DE PUNTA CANA,LA ALTAGRACIA,INDOMET,EMCI,31.8,23.6,0.0,https://indomet.gob.do/wp-content/uploads/2026/07/temperaturas-extremas-y-precipitaciones-2026x06x30-a-1.pdf
2026-06-30,039,ARPT. DEL CIBAO,SANTIAGO,INDOMET,EMCI,36.0,23.2,0.0,https://indomet.gob.do/wp-content/uploads/2026/07/temperaturas-extremas-y-precipitaciones-2026x06x30-a-1.pdf
2026-06-30,040,ARPT. GREGORIO LUPERÓN,PUERTO PLATA,INDOMET,EMCI,33.0,24.2,0.0,https://indomet.gob.do/wp-content/uploads/2026/07/temperaturas-extremas-y-precipitaciones-2026x06x30-a-1.pdf
2026-06-30,041,ARPT. LA ISABELA,SANTO DOMINGO,INDOMET,EMCI,34.5,23.7,0.0,https://indomet.gob.do/wp-content/uploads/2026/07/temperaturas-extremas-y-precipitaciones-2026x06x30-a-1.pdf
2026-06-30,042,ARPT. MARÍA MONTEZ,BARAHONA,INDOMET,EMCI,33.0,27.1,0.0,https://indomet.gob.do/wp-content/uploads/2026/07/temperaturas-extremas-y-precipitaciones-2026x06x30-a-1.pdf
2026-06-30,043,BANI (EMA),PERAVIA,MINISTERIO DE AGRICULTURA,EMAP,32.4,25.5,0.0,https://indomet.gob.do/wp-content/uploads/2026/07/temperaturas-extremas-y-precipitaciones-2026x06x30-a-1.pdf
2026-06-30,044,BASE AÉREA DE SAN ISIDRO,SANTO DOMINGO,FUERZA AÉREA DOMINICANA,EMCV,32.0,23.0,0.0,https://indomet.gob.do/wp-content/uploads/2026/07/temperaturas-extremas-y-precipitaciones-2026x06x30-a-1.pdf
2026-06-30,045,BAYAGUANA,MONTE PLATA,INDOMET,EMCI,34.2,22.5,0.0,https://indomet.gob.do/wp-content/uploads/2026/07/temperaturas-extremas-y-precipitaciones-2026x06x30-a-1.pdf
2026-06-30,046,BOCA DE MAO (EMA),VALVERDE,MINISTERIO DE AGRICULTURA,EMAP,38.3,22.6,0.0,https://indomet.gob.do/wp-content/uploads/2026/07/temperaturas-extremas-y-precipitaciones-2026x06x30-a-1.pdf
2026-06-30,047,BONAO,MONSEÑOR NOUEL,MINISTERIO DE AGRICULTURA,EMCV,,,0.0,https://indomet.gob.do/wp-content/uploads/2026/07/temperaturas-extremas-y-precipitaciones-2026x06x30-a-1.pdf
2026-06-30,048,BUCARA (EMA),SANTIAGO,MINISTERIO DE AGRICULTURA,EMAI,,,0.0,https://indomet.gob.do/wp-content/uploads/2026/07/temperaturas-extremas-y-precipitaciones-2026x06x30-a-1.pdf
2026-06-30,049,ENSANCHE LA FE (EMA),DISTRITO NACIONAL,PRIVADA,EMAP,,,0.0,https://indomet.gob.do/wp-content/uploads/2026/07/temperaturas-extremas-y-precipitaciones-2026x06x30-a-1.pdf
2026-06-30,050,ESCONDIDO,PERAVIA,MINISTERIO DE AGRICULTURA,EMCV,32.0,26.0,0.0,https://indomet.gob.do/wp-content/uploads/2026/07/temperaturas-extremas-y-precipitaciones-2026x06x30-a-1.pdf
2026-06-30,051,GASPAR HERNÁNDEZ,ESPAILLAT,PROPIEDAD DEL EMPLEADO,EMCI,,,0.0,https://indomet.gob.do/wp-content/uploads/2026/07/temperaturas-extremas-y-precipitaciones-2026x06x30-a-1.pdf
2026-06-30,052,GURABO,SANTIAGO,MINISTERIO DE AGRICULTURA,EMCV,,,0.0,https://indomet.gob.do/wp-content/uploads/2026/07/temperaturas-extremas-y-precipitaciones-2026x06x30-a-1.pdf
2026-06-30,053,JARABACOA,LA VEGA,INDRHI / MARENA,EMCI,34.0,17.6,0.0,https://indomet.gob.do/wp-content/uploads/2026/07/temperaturas-extremas-y-precipitaciones-2026x06x30-a-1.pdf
2026-06-30,054,JARABACOA (EMA),LA VEGA,PROGRAMA MUNDIAL DE ALIMENTO,EMAP,33.0,18.9,0.0,https://indomet.gob.do/wp-content/uploads/2026/07/temperaturas-extremas-y-precipitaciones-2026x06x30-a-1.pdf
2026-06-30,055,JARDÍN BOTÁNICO SANTIAGO (EMSANTIAGO,,JARDIN BOTANICO SANTIAGO,EMAI,35.9,27.5,0.0,https://indomet.gob.do/wp-content/uploads/2026/07/temperaturas-extremas-y-precipitaciones-2026x06x30-a-1.pdf
2026-06-30,056,JUMA BEJUCAL,MONSEÑOR NOUEL,IDIAF,EMCV,34.0,24.2,0.0,https://indomet.gob.do/wp-content/uploads/2026/07/temperaturas-extremas-y-precipitaciones-2026x06x30-a-1.pdf
2026-06-30,057,LA AGUSTINA (EMA),DISTRITO NACIONAL,PRIVADA,EMAP,,,0.0,https://indomet.gob.do/wp-content/uploads/2026/07/temperaturas-extremas-y-precipitaciones-2026x06x30-a-1.pdf
2026-06-30,058,LA VEGA,LA VEGA,IATESA,EMCI,35.3,22.5,0.0,https://indomet.gob.do/wp-content/uploads/2026/07/temperaturas-extremas-y-precipitaciones-2026x06x30-a-1.pdf
2026-06-30,059,LA VICTORIA,SANTO DOMINGO,CUERPO DE BOMBEROS,EMCI,35.0,24.5,0.0,https://indomet.gob.do/wp-content/uploads/2026/07/temperaturas-extremas-y-precipitaciones-2026x06x30-a-1.pdf
2026-06-30,060,LAS CANAS (EMA),MONTE CRISTI,PROGRAMA MUNDIAL DE ALIMENTO,EMAP,33.5,23.4,0.0,https://indomet.gob.do/wp-content/uploads/2026/07/temperaturas-extremas-y-precipitaciones-2026x06x30-a-1.pdf
2026-06-30,061,MAO,VALVERDE,INDRHI / MINISTERIO DE AGRICULTURA,EMCV,,,0.0,https://indomet.gob.do/wp-content/uploads/2026/07/temperaturas-extremas-y-precipitaciones-2026x06x30-a-1.pdf
2026-06-30,062,MICHES (EMA),EL SEIBO,PRIVADA,EMAP,34.0,23.6,0.0,https://indomet.gob.do/wp-content/uploads/2026/07/temperaturas-extremas-y-precipitaciones-2026x06x30-a-1.pdf
2026-06-30,063,MONCIÓN (EMA),SANTIAGO RODRÍGUEZ,PROGRAMA MUNDIAL DE ALIMENTO,EMAP,34.3,20.1,0.0,https://indomet.gob.do/wp-content/uploads/2026/07/temperaturas-extremas-y-precipitaciones-2026x06x30-a-1.pdf
2026-06-30,064,MONTE CRISTI,MONTE CRISTI,INDOMET,EMCI,35.8,25.1,0.0,https://indomet.gob.do/wp-content/uploads/2026/07/temperaturas-extremas-y-precipitaciones-2026x06x30-a-1.pdf
2026-06-30,065,NAVARRETE,SANTIAGO,MINISTERIO DE AGRICULTURA,EMCV,,,0.0,https://indomet.gob.do/wp-content/uploads/2026/07/temperaturas-extremas-y-precipitaciones-2026x06x30-a-1.pdf
2026-06-30,066,OLIVARES,PEDERNALES,INDRHI,EMCI,,,0.0,https://indomet.gob.do/wp-content/uploads/2026/07/temperaturas-extremas-y-precipitaciones-2026x06x30-a-1.pdf
2026-06-30,067,PALO ÍNDIO,PUERTO PLATA,MINISTERIO DE AGRICULTURA,EMCI,,,0.0,https://indomet.gob.do/wp-content/uploads/2026/07/temperaturas-extremas-y-precipitaciones-2026x06x30-a-1.pdf
2026-06-30,068,PEDERNALES,PEDERNALES,INDRHI,EMCI,,,0.0,https://indomet.gob.do/wp-content/uploads/2026/07/temperaturas-extremas-y-precipitaciones-2026x06x30-a-1.pdf
2026-06-30,069,PERALTA,AZUA,HOSP. MPAL. DE PERALTA,EMCI,32.2,19.6,0.0,https://indomet.gob.do/wp-content/uploads/2026/07/temperaturas-extremas-y-precipitaciones-2026x06x30-a-1.pdf
2026-06-30,070,PONTÓN ABAJO (EMA),LA VEGA,MINISTERIO DE AGRICULTURA,EMAP,37.7,23.2,0.0,https://indomet.gob.do/wp-content/uploads/2026/07/temperaturas-extremas-y-precipitaciones-2026x06x30-a-1.pdf
2026-06-30,071,PRESA DE TAVERAS (EMA),LA VEGA,PROGRAMA MUNDIAL DE ALIMENTO,EMAP,33.6,20.7,0.0,https://indomet.gob.do/wp-content/uploads/2026/07/temperaturas-extremas-y-precipitaciones-2026x06x30-a-1.pdf
2026-06-30,072,RANCHO ARRIBA,SAN JOSÉ DE OCOA,CENTRO TECNOLÓGICO COMUNITARIO,EMCI,32.5,19.0,0.0,https://indomet.gob.do/wp-content/uploads/2026/07/temperaturas-extremas-y-precipitaciones-2026x06x30-a-1.pdf
2026-06-30,073,RÍO SAN JUAN,MARÍA TRINIDAD SÁNCHEZ,HOSP. MPAL. DR. DESIDERIO ACOSTA,EMCV,,26.0,0.0,https://indomet.gob.do/wp-content/uploads/2026/07/temperaturas-extremas-y-precipitaciones-2026x06x30-a-1.pdf
2026-06-30,074,SABANA DE LA MAR,HATO MAYOR,INDOMET,EMCI,31.6,23.6,0.0,https://indomet.gob.do/wp-content/uploads/2026/07/temperaturas-extremas-y-precipitaciones-2026x06x30-a-1.pdf
2026-06-30,075,SAJOMA (EMA),SANTIAGO,PLAN SIERRA,EMAI,33.7,26.1,0.0,https://indomet.gob.do/wp-content/uploads/2026/07/temperaturas-extremas-y-precipitaciones-2026x06x30-a-1.pdf
2026-06-30,076,SALCEDO,HERMANAS MIRABAL,PROPIEDAD DEL EMPLEADO,EMCI,,,0.0,https://indomet.gob.do/wp-content/uploads/2026/07/temperaturas-extremas-y-precipitaciones-2026x06x30-a-1.pdf
2026-06-30,077,SAMANÁ,SAMANÁ,COMANDANCIA DE PUERTO DE SAMANÁ,EMCI,34.7,19.8,0.0,https://indomet.gob.do/wp-content/uploads/2026/07/temperaturas-extremas-y-precipitaciones-2026x06x30-a-1.pdf
2026-06-30,078,SAN FRANCISCO DE MACORÍS,DUARTE,San Francisco de Macorís (UASD),EMCI,35.3,23.8,0.0,https://indomet.gob.do/wp-content/uploads/2026/07/temperaturas-extremas-y-precipitaciones-2026x06x30-a-1.pdf
2026-06-30,079,SAN JOSÉ DE OCOA,SAN JOSÉ DE OCOA,HOSP. SAN JOSÉ DE OCOA,EMCI,34.2,22.1,0.0,https://indomet.gob.do/wp-content/uploads/2026/07/temperaturas-extremas-y-precipitaciones-2026x06x30-a-1.pdf
2026-06-30,080,SANTIAGO (CENTRO),SANTIAGO,HUACALITO,EMCI,,,0.0,https://indomet.gob.do/wp-content/uploads/2026/07/temperaturas-extremas-y-precipitaciones-2026x06x30-a-1.pdf
2026-06-30,081,SANTO DOMINGO ESTE,SANTO DOMINGO,INDOMET,EMCI,36.6,25.5,0.0,https://indomet.gob.do/wp-content/uploads/2026/07/temperaturas-extremas-y-precipitaciones-2026x06x30-a-1.pdf
2026-06-30,082,TÁBARA ABAJO,AZUA,INDRHI,EMCI,33.5,23.5,0.0,https://indomet.gob.do/wp-content/uploads/2026/07/temperaturas-extremas-y-precipitaciones-2026x06x30-a-1.pdf
2026-06-30,083,TAMBORIL,SANTIAGO,MINISTERIO DE AGRICULTURA,EMCV,,,0.0,https://indomet.gob.do/wp-content/uploads/2026/07/temperaturas-extremas-y-precipitaciones-2026x06x30-a-1.pdf
2026-06-30,084,VILLA ALTAGRACIA,SAN CRISTÓBAL,ESCUELA JAVIER ANGULO GURIDI,EMCI,,,0.0,https://indomet.gob.do/wp-content/uploads/2026/07/temperaturas-extremas-y-precipitaciones-2026x06x30-a-1.pdf
2026-06-30,085,VILLA GONZALES,SANTIAGO,MINISTERIO DE AGRICULTURA,EMCI,,,0.0,https://indomet.gob.do/wp-content/uploads/2026/07/temperaturas-extremas-y-precipitaciones-2026x06x30-a-1.pdf
2026-06-30,086,VILLA ISABELA,PUERTO PLATA,MINISTERIO DE AGRICULTURA,EMCV,36.0,22.5,0.0,https://indomet.gob.do/wp-content/uploads/2026/07/temperaturas-extremas-y-precipitaciones-2026x06x30-a-1.pdf
2026-06-30,087,VILLA RIVA,DUARTE,HOSP. MPAL. ALICIA DE LEGENDRE,EMCI,35.0,23.5,0.0,https://indomet.gob.do/wp-content/uploads/2026/07/temperaturas-extremas-y-precipitaciones-2026x06x30-a-1.pdf
2026-06-30,088,VILLA VASQUEZ (EMA),MONTE CRISTI,JUNTA DE REGANTES,EMAI,,,0.0,https://indomet.gob.do/wp-content/uploads/2026/07/temperaturas-extremas-y-precipitaciones-2026x06x30-a-1.pdf
2026-06-30,089,COTUÍ,SÁNCHEZ RAMÍREZ,HOSP. INMACULADA CONCEPCIÓN,EMCV,,,0.0,https://indomet.gob.do/wp-content/uploads/2026/07/temperaturas-extremas-y-precipitaciones-2026x06x30-a-1.pdf
2026-06-30,090,LOS JENGIBRES,NAGUA,INDRHI,EMCI,,,0.0,https://indomet.gob.do/wp-content/uploads/2026/07/temperaturas-extremas-y-precipitaciones-2026x06x30-a-1.pdf
2026-06-30,091,PASO AL MEDIO,SAN PEDRO DE MACORÍS,INDRHI,EMCI,,,0.0,https://indomet.gob.do/wp-content/uploads/2026/07/temperaturas-extremas-y-precipitaciones-2026x06x30-a-1.pdf
2026-06-30,092,TAVERA,SANTIAGO,INDRHI,EMCI,,,0.0,https://indomet.gob.do/wp-content/uploads/2026/07/temperaturas-extremas-y-precipitaciones-2026x06x30-a-1.pdf
2026-07-01,001,PERALTA,AZUA,HOSP. MPAL. DE PERALTA,EMCI,32.8,18.0,49.0,https://indomet.gob.do/wp-content/uploads/2026/07/temperaturas-extremas-y-precipitaciones-2026x07x01-a.pdf
2026-07-01,002,"HONDO VALLE, NORTE (EMA)",ELÍAS PIÑA,PRIVADA,EMAP,,,36.1,https://indomet.gob.do/wp-content/uploads/2026/07/temperaturas-extremas-y-precipitaciones-2026x07x01-a.pdf
2026-07-01,003,ARROYO LORO,SAN JUAN,IDIAF,EMCI,33.7,20.1,25.6,https://indomet.gob.do/wp-content/uploads/2026/07/temperaturas-extremas-y-precipitaciones-2026x07x01-a.pdf
2026-07-01,004,ARPT. ARROYO BARRIL,SAMANÁ,INDOMET,EMCI,31.9,23.5,24.5,https://indomet.gob.do/wp-content/uploads/2026/07/temperaturas-extremas-y-precipitaciones-2026x07x01-a.pdf
2026-07-01,005,SABANA GRANDE DE BOYÁ,MONTE PLATA,MINISTERIO DE AGRICULTURA,EMCV,,,24.1,https://indomet.gob.do/wp-content/uploads/2026/07/temperaturas-extremas-y-precipitaciones-2026x07x01-a.pdf
2026-07-01,006,ELÍAS PIÑA,ELÍAS PIÑA,MINISTERIO DE AGRICULTURA,EMCV,,,20.6,https://indomet.gob.do/wp-content/uploads/2026/07/temperaturas-extremas-y-precipitaciones-2026x07x01-a.pdf
2026-07-01,007,ARENOSO (EMA),DUARTE,PROGRAMA MUNDIAL DE ALIMENTO,EMAP,,,19.2,https://indomet.gob.do/wp-content/uploads/2026/07/temperaturas-extremas-y-precipitaciones-2026x07x01-a.pdf
2026-07-01,008,TÁBARA ABAJO,AZUA,INDRHI,EMCI,33.0,21.0,18.2,https://indomet.gob.do/wp-content/uploads/2026/07/temperaturas-extremas-y-precipitaciones-2026x07x01-a.pdf
2026-07-01,009,BAYAGUANA,MONTE PLATA,INDOMET,EMCI,33.0,21.0,18.0,https://indomet.gob.do/wp-content/uploads/2026/07/temperaturas-extremas-y-precipitaciones-2026x07x01-a.pdf
2026-07-01,010,RESTAURACIÓN,DAJABÓN,MINISTERIO DE AGRICULTURA,EMCI,33.0,17.3,17.8,https://indomet.gob.do/wp-content/uploads/2026/07/temperaturas-extremas-y-precipitaciones-2026x07x01-a.pdf
2026-07-01,011,POLO,BARAHONA,INDOCAFE,EMCI,34.8,19.0,16.1,https://indomet.gob.do/wp-content/uploads/2026/07/temperaturas-extremas-y-precipitaciones-2026x07x01-a.pdf
2026-07-01,012,LA VICTORIA,SANTO DOMINGO,CUERPO DE BOMBEROS,EMCI,29.0,22.5,12.1,https://indomet.gob.do/wp-content/uploads/2026/07/temperaturas-extremas-y-precipitaciones-2026x07x01-a.pdf
2026-07-01,013,BUCARA (EMA),SANTIAGO,MINISTERIO DE AGRICULTURA,EMAI,,,10.0,https://indomet.gob.do/wp-content/uploads/2026/07/temperaturas-extremas-y-precipitaciones-2026x07x01-a.pdf
2026-07-01,014,SAMANÁ,SAMANÁ,COMANDANCIA DE PUERTO DE SAMANÁ,EMCI,34.8,19.0,9.4,https://indomet.gob.do/wp-content/uploads/2026/07/temperaturas-extremas-y-precipitaciones-2026x07x01-a.pdf
2026-07-01,015,RANCHO ARRIBA,SAN JOSÉ DE OCOA,CENTRO TECNOLÓGICO COMUNITARIO,EMCI,29.0,18.8,6.7,https://indomet.gob.do/wp-content/uploads/2026/07/temperaturas-extremas-y-precipitaciones-2026x07x01-a.pdf
2026-07-01,016,SANTIAGO RODRÍGUEZ,SANTIAGO RODRÍGUEZ,INDOMET,EMCI,36.5,22.4,6.5,https://indomet.gob.do/wp-content/uploads/2026/07/temperaturas-extremas-y-precipitaciones-2026x07x01-a.pdf
2026-07-01,017,VILLA ALTAGRACIA,SAN CRISTÓBAL,ESCUELA JAVIER ANGULO GURIDI,EMCI,,,6.3,https://indomet.gob.do/wp-content/uploads/2026/07/temperaturas-extremas-y-precipitaciones-2026x07x01-a.pdf
2026-07-01,018,ARPT. LA ISABELA,SANTO DOMINGO,INDOMET,EMCI,32.0,24.0,6.0,https://indomet.gob.do/wp-content/uploads/2026/07/temperaturas-extremas-y-precipitaciones-2026x07x01-a.pdf
2026-07-01,019,SABANETA (EMA),SANTIAGO RODRÍGUEZ,PROGRAMA MUNDIAL DE ALIMENTO,EMAP,,,5.0,https://indomet.gob.do/wp-content/uploads/2026/07/temperaturas-extremas-y-precipitaciones-2026x07x01-a.pdf
2026-07-01,020,CONSTANZA,LA VEGA,MINISTERIO DE AGRICULTURA,EMCI,28.9,12.5,4.5,https://indomet.gob.do/wp-content/uploads/2026/07/temperaturas-extremas-y-precipitaciones-2026x07x01-a.pdf
2026-07-01,021,ALTO BANDERA (EMA),LA VEGA,INTEC,EMAP,,,4.1,https://indomet.gob.do/wp-content/uploads/2026/07/temperaturas-extremas-y-precipitaciones-2026x07x01-a.pdf
2026-07-01,022,HATO MAYOR,HATO MAYOR,MINISTERIO DE AGRICULTURA,EMCV,,,4.1,https://indomet.gob.do/wp-content/uploads/2026/07/temperaturas-extremas-y-precipitaciones-2026x07x01-a.pdf
2026-07-01,023,ENRIQUILLO,BARAHONA,MINISTERIO DE AGRICULTURA,EMCV,33.0,21.0,4.0,https://indomet.gob.do/wp-content/uploads/2026/07/temperaturas-extremas-y-precipitaciones-2026x07x01-a.pdf
2026-07-01,024,CONSTANZA (EMA),LA VEGA,PROGRAMA MUNDIAL DE ALIMENTO,EMAP,,,3.4,https://indomet.gob.do/wp-content/uploads/2026/07/temperaturas-extremas-y-precipitaciones-2026x07x01-a.pdf
2026-07-01,025,OVIEDO,PEDERNALES,CLÍNICA RURAL OVIEDO,EMCI,34.0,22.0,3.2,https://indomet.gob.do/wp-content/uploads/2026/07/temperaturas-extremas-y-precipitaciones-2026x07x01-a.pdf
2026-07-01,026,ARPT. DE LAS AMÉRICAS,SANTO DOMINGO,INDOMET,EMCI,32.5,24.0,3.0,https://indomet.gob.do/wp-content/uploads/2026/07/temperaturas-extremas-y-precipitaciones-2026x07x01-a.pdf
2026-07-01,027,NAVARRETE,SANTIAGO,MINISTERIO DE AGRICULTURA,EMCV,,,2.8,https://indomet.gob.do/wp-content/uploads/2026/07/temperaturas-extremas-y-precipitaciones-2026x07x01-a.pdf
2026-07-01,028,ARPT. EL CATEY,SAMANÁ,INDOMET,EMCI,31.0,23.0,2.5,https://indomet.gob.do/wp-content/uploads/2026/07/temperaturas-extremas-y-precipitaciones-2026x07x01-a.pdf
2026-07-01,029,HONDO VALLE,ELÍAS PIÑA,MINISTERIO DE AGRICULTURA,EMCI,28.6,17.7,2.5,https://indomet.gob.do/wp-content/uploads/2026/07/temperaturas-extremas-y-precipitaciones-2026x07x01-a.pdf
2026-07-01,030,CABRAL,BARAHONA,MINISTERIO DE AGRICULTURA,EMCV,34.8,24.6,2.2,https://indomet.gob.do/wp-content/uploads/2026/07/temperaturas-extremas-y-precipitaciones-2026x07x01-a.pdf
2026-07-01,031,CABRERA,MARÍA TRINIDAD SÁNCHEZ,ESCUELA ARÍSTIDES FIALLO CABRAL,EMCI,33.5,25.6,2.1,https://indomet.gob.do/wp-content/uploads/2026/07/temperaturas-extremas-y-precipitaciones-2026x07x01-a.pdf
2026-07-01,032,RÍO SAN JUAN,MARÍA TRINIDAD SÁNCHEZ,HOSP. MPAL. DR. DESIDERIO ACOSTA,EMCV,35.0,25.6,1.6,https://indomet.gob.do/wp-content/uploads/2026/07/temperaturas-extremas-y-precipitaciones-2026x07x01-a.pdf
2026-07-01,033,BANI (EMA),PERAVIA,MINISTERIO DE AGRICULTURA,EMAP,,,1.2,https://indomet.gob.do/wp-content/uploads/2026/07/temperaturas-extremas-y-precipitaciones-2026x07x01-a.pdf
2026-07-01,034,BASE AÉREA DE SAN ISIDRO,SANTO DOMINGO,FUERZA AÉREA DOMINICANA,EMCV,31.5,18.5,1.2,https://indomet.gob.do/wp-content/uploads/2026/07/temperaturas-extremas-y-precipitaciones-2026x07x01-a.pdf
2026-07-01,035,LOS LLANOS,SAN PEDRO DE MACORÍS,MINISTERIO DE AGRICULTURA,EMCI,32.8,23.0,1.2,https://indomet.gob.do/wp-content/uploads/2026/07/temperaturas-extremas-y-precipitaciones-2026x07x01-a.pdf
2026-07-01,036,PADRE LAS CASAS,AZUA,HOSP. NTRA. SRA. DEL CARMEN,EMCI,31.5,18.5,1.2,https://indomet.gob.do/wp-content/uploads/2026/07/temperaturas-extremas-y-precipitaciones-2026x07x01-a.pdf
2026-07-01,037,BOHECHÍO,SAN JUAN,MINISTERIO DE AGRICULTURA,EMCV,,,1.0,https://indomet.gob.do/wp-content/uploads/2026/07/temperaturas-extremas-y-precipitaciones-2026x07x01-a.pdf
2026-07-01,038,LA DESCUBIERTA (EMA),INDEPENDENCIA,PRIVADA,EMAP,,,1.0,https://indomet.gob.do/wp-content/uploads/2026/07/temperaturas-extremas-y-precipitaciones-2026x07x01-a.pdf
2026-07-01,039,ESCONDIDO,PERAVIA,MINISTERIO DE AGRICULTURA,EMCV,32.0,26.0,0.8,https://indomet.gob.do/wp-content/uploads/2026/07/temperaturas-extremas-y-precipitaciones-2026x07x01-a.pdf
2026-07-01,040,VILLA ISABELA,PUERTO PLATA,MINISTERIO DE AGRICULTURA,EMCV,36.5,22.0,0.5,https://indomet.gob.do/wp-content/uploads/2026/07/temperaturas-extremas-y-precipitaciones-2026x07x01-a.pdf
2026-07-01,041,LOS COCOS (EMA),BAHORUCO,PRIVADA,EMAP,,,0.4,https://indomet.gob.do/wp-content/uploads/2026/07/temperaturas-extremas-y-precipitaciones-2026x07x01-a.pdf
2026-07-01,042,ALTAMIRA,PUERTO PLATA,HOSP. MPAL. DE ALTAMIRA,EMCI,35.5,21.6,0.2,https://indomet.gob.do/wp-content/uploads/2026/07/temperaturas-extremas-y-precipitaciones-2026x07x01-a.pdf
2026-07-01,043,BOCA DE MAO (EMA),VALVERDE,MINISTERIO DE AGRICULTURA,EMAP,,,0.2,https://indomet.gob.do/wp-content/uploads/2026/07/temperaturas-extremas-y-precipitaciones-2026x07x01-a.pdf
2026-07-01,044,JANICO (EMA),LA VEGA,PLAN SIERRA,EMAI,,,0.2,https://indomet.gob.do/wp-content/uploads/2026/07/temperaturas-extremas-y-precipitaciones-2026x07x01-a.pdf
2026-07-01,045,JIMANÍ,INDEPENDENCIA,MINISTERIO DE AGRICULTURA,EMCI,37.0,26.2,0.2,https://indomet.gob.do/wp-content/uploads/2026/07/temperaturas-extremas-y-precipitaciones-2026x07x01-a.pdf
2026-07-01,046,SAN RAFAEL DEL YUMA,LA ALTAGRACIA,MINISTERIO DE AGRICULTURA,EMCI,34.6,24.0,0.1,https://indomet.gob.do/wp-content/uploads/2026/07/temperaturas-extremas-y-precipitaciones-2026x07x01-a.pdf
2026-07-01,047,ANAMUYA (EMA),LA ALTAGRACIA,MINISTERIO DE AGRICULTURA,EMAP,,,0.0,https://indomet.gob.do/wp-content/uploads/2026/07/temperaturas-extremas-y-precipitaciones-2026x07x01-a.pdf
2026-07-01,048,ARPT. DE LA ROMANA,LA ROMANA,INDOMET,EMCI,34.2,23.8,0.0,https://indomet.gob.do/wp-content/uploads/2026/07/temperaturas-extremas-y-precipitaciones-2026x07x01-a.pdf
2026-07-01,049,ARPT. DE PUNTA CANA,LA ALTAGRACIA,INDOMET,EMCI,32.5,23.5,0.0,https://indomet.gob.do/wp-content/uploads/2026/07/temperaturas-extremas-y-precipitaciones-2026x07x01-a.pdf
2026-07-01,050,ARPT. DEL CIBAO,SANTIAGO,INDOMET,EMCI,35.5,23.5,0.0,https://indomet.gob.do/wp-content/uploads/2026/07/temperaturas-extremas-y-precipitaciones-2026x07x01-a.pdf
2026-07-01,051,ARPT. GREGORIO LUPERÓN,PUERTO PLATA,INDOMET,EMCI,34.0,24.0,0.0,https://indomet.gob.do/wp-content/uploads/2026/07/temperaturas-extremas-y-precipitaciones-2026x07x01-a.pdf
2026-07-01,052,ARPT. MARÍA MONTEZ,BARAHONA,INDOMET,EMCI,33.5,26.0,0.0,https://indomet.gob.do/wp-content/uploads/2026/07/temperaturas-extremas-y-precipitaciones-2026x07x01-a.pdf
2026-07-01,053,BELLA VISTA (EMA),DISTRITO NACIONAL,PRIVADA,EMAP,,,0.0,https://indomet.gob.do/wp-content/uploads/2026/07/temperaturas-extremas-y-precipitaciones-2026x07x01-a.pdf
2026-07-01,054,BONAO,MONSEÑOR NOUEL,MINISTERIO DE AGRICULTURA,EMCV,,,0.0,https://indomet.gob.do/wp-content/uploads/2026/07/temperaturas-extremas-y-precipitaciones-2026x07x01-a.pdf
2026-07-01,055,CENTRO DE LOS HEROES (EMA),DISTRITO NACIONAL,MINISTERIO DE ENERGIA Y MINA,EMAP,,,0.0,https://indomet.gob.do/wp-content/uploads/2026/07/temperaturas-extremas-y-precipitaciones-2026x07x01-a.pdf
2026-07-01,056,DAJABÓN,DAJABÓN,INSTITUTO POLITÉCNICO LOYOLA,EMCI,36.7,23.1,0.0,https://indomet.gob.do/wp-content/uploads/2026/07/temperaturas-extremas-y-precipitaciones-2026x07x01-a.pdf
2026-07-01,057,EL MILLON (EMA),DISTRITO NACIONAL,PRIVADA,EMAP,,,0.0,https://indomet.gob.do/wp-content/uploads/2026/07/temperaturas-extremas-y-precipitaciones-2026x07x01-a.pdf
2026-07-01,058,GASPAR HERNÁNDEZ,ESPAILLAT,PROPIEDAD DEL EMPLEADO,EMCI,,,0.0,https://indomet.gob.do/wp-content/uploads/2026/07/temperaturas-extremas-y-precipitaciones-2026x07x01-a.pdf
2026-07-01,059,GURABO,SANTIAGO,MINISTERIO DE AGRICULTURA,EMCV,,,0.0,https://indomet.gob.do/wp-content/uploads/2026/07/temperaturas-extremas-y-precipitaciones-2026x07x01-a.pdf
2026-07-01,060,JARABACOA,LA VEGA,INDRHI / MARENA,EMCI,34.8,17.2,0.0,https://indomet.gob.do/wp-content/uploads/2026/07/temperaturas-extremas-y-precipitaciones-2026x07x01-a.pdf
2026-07-01,061,JARABACOA (EMA),LA VEGA,PROGRAMA MUNDIAL DE ALIMENTO,EMAP,,,0.0,https://indomet.gob.do/wp-content/uploads/2026/07/temperaturas-extremas-y-precipitaciones-2026x07x01-a.pdf
2026-07-01,062,JARDÍN BOTÁNICO NACIONAL,DISTRITO NACIONAL,JARDÍN BOTÁNICO NACIONAL,EMCV,33.2,23.0,0.0,https://indomet.gob.do/wp-content/uploads/2026/07/temperaturas-extremas-y-precipitaciones-2026x07x01-a.pdf
2026-07-01,063,JARDÍN BOTÁNICO SANTIAGO (EMSANTIAGO,,JARDIN BOTANICO SANTIAGO,EMAI,,,0.0,https://indomet.gob.do/wp-content/uploads/2026/07/temperaturas-extremas-y-precipitaciones-2026x07x01-a.pdf
2026-07-01,064,JUMA BEJUCAL,MONSEÑOR NOUEL,IDIAF,EMCV,33.4,25.0,0.0,https://indomet.gob.do/wp-content/uploads/2026/07/temperaturas-extremas-y-precipitaciones-2026x07x01-a.pdf
2026-07-01,065,LA AGUSTINA (EMA),DISTRITO NACIONAL,PRIVADA,EMAP,,,0.0,https://indomet.gob.do/wp-content/uploads/2026/07/temperaturas-extremas-y-precipitaciones-2026x07x01-a.pdf
2026-07-01,066,LA VEGA,LA VEGA,IATESA,EMCI,36.0,22.0,0.0,https://indomet.gob.do/wp-content/uploads/2026/07/temperaturas-extremas-y-precipitaciones-2026x07x01-a.pdf
2026-07-01,067,LOS CACICAZGOS (EMA),DISTRITO NACIONAL,PRIVADA,EMAP,,,0.0,https://indomet.gob.do/wp-content/uploads/2026/07/temperaturas-extremas-y-precipitaciones-2026x07x01-a.pdf
2026-07-01,068,LOS JARDINES (EMA),DISTRITO NACIONAL,PRIVADA,EMAP,,,0.0,https://indomet.gob.do/wp-content/uploads/2026/07/temperaturas-extremas-y-precipitaciones-2026x07x01-a.pdf
2026-07-01,069,LOS JENGIBRES,NAGUA,INDRHI,EMCI,,,0.0,https://indomet.gob.do/wp-content/uploads/2026/07/temperaturas-extremas-y-precipitaciones-2026x07x01-a.pdf
2026-07-01,070,LOS PRADOS (EMA),DISTRITO NACIONAL,PRIVADA,EMAP,,,0.0,https://indomet.gob.do/wp-content/uploads/2026/07/temperaturas-extremas-y-precipitaciones-2026x07x01-a.pdf
2026-07-01,071,MAO,VALVERDE,INDRHI / MINISTERIO DE AGRICULTURA,EMCV,,,0.0,https://indomet.gob.do/wp-content/uploads/2026/07/temperaturas-extremas-y-precipitaciones-2026x07x01-a.pdf
2026-07-01,072,MICHES (EMA),EL SEIBO,PRIVADA,EMAP,,,0.0,https://indomet.gob.do/wp-content/uploads/2026/07/temperaturas-extremas-y-precipitaciones-2026x07x01-a.pdf
2026-07-01,073,MOCA,ESPAILLAT,MINISTERIO DE AGRICULTURA,EMCV,,,0.0,https://indomet.gob.do/wp-content/uploads/2026/07/temperaturas-extremas-y-precipitaciones-2026x07x01-a.pdf
2026-07-01,074,MONCIÓN (EMA),SANTIAGO RODRÍGUEZ,PROGRAMA MUNDIAL DE ALIMENTO,EMAP,,,0.0,https://indomet.gob.do/wp-content/uploads/2026/07/temperaturas-extremas-y-precipitaciones-2026x07x01-a.pdf
2026-07-01,075,MONTE CRISTI,MONTE CRISTI,INDOMET,EMCI,35.5,25.7,0.0,https://indomet.gob.do/wp-content/uploads/2026/07/temperaturas-extremas-y-precipitaciones-2026x07x01-a.pdf
2026-07-01,076,OLIVARES,PEDERNALES,INDRHI,EMCI,,,0.0,https://indomet.gob.do/wp-content/uploads/2026/07/temperaturas-extremas-y-precipitaciones-2026x07x01-a.pdf
2026-07-01,077,PALO ÍNDIO,PUERTO PLATA,MINISTERIO DE AGRICULTURA,EMCI,,,0.0,https://indomet.gob.do/wp-content/uploads/2026/07/temperaturas-extremas-y-precipitaciones-2026x07x01-a.pdf
2026-07-01,078,PASO AL MEDIO,SAN PEDRO DE MACORÍS,INDRHI,EMCI,,,0.0,https://indomet.gob.do/wp-content/uploads/2026/07/temperaturas-extremas-y-precipitaciones-2026x07x01-a.pdf
2026-07-01,079,PEDERNALES,PEDERNALES,INDRHI,EMCI,,,0.0,https://indomet.gob.do/wp-content/uploads/2026/07/temperaturas-extremas-y-precipitaciones-2026x07x01-a.pdf
2026-07-01,080,PONTÓN ABAJO (EMA),LA VEGA,MINISTERIO DE AGRICULTURA,EMAP,,,0.0,https://indomet.gob.do/wp-content/uploads/2026/07/temperaturas-extremas-y-precipitaciones-2026x07x01-a.pdf
2026-07-01,081,PRESA DE TAVERAS (EMA),LA VEGA,PROGRAMA MUNDIAL DE ALIMENTO,EMAP,,,0.0,https://indomet.gob.do/wp-content/uploads/2026/07/temperaturas-extremas-y-precipitaciones-2026x07x01-a.pdf
2026-07-01,082,PROLONGACION 27 DE FEBRERO,DISTRITO NACIONAL,PRIVADA,EMAP,,,0.0,https://indomet.gob.do/wp-content/uploads/2026/07/temperaturas-extremas-y-precipitaciones-2026x07x01-a.pdf
2026-07-01,083,SABANA DE LA MAR,HATO MAYOR,INDOMET,EMCI,32.4,23.0,0.0,https://indomet.gob.do/wp-content/uploads/2026/07/temperaturas-extremas-y-precipitaciones-2026x07x01-a.pdf
2026-07-01,084,SAJOMA (EMA),SANTIAGO,PLAN SIERRA,EMAI,,,0.0,https://indomet.gob.do/wp-content/uploads/2026/07/temperaturas-extremas-y-precipitaciones-2026x07x01-a.pdf
2026-07-01,085,SALCEDO,HERMANAS MIRABAL,PROPIEDAD DEL EMPLEADO,EMCI,,,0.0,https://indomet.gob.do/wp-content/uploads/2026/07/temperaturas-extremas-y-precipitaciones-2026x07x01-a.pdf
2026-07-01,086,SAN CRISTÓBAL,SAN CRISTÓBAL,INSTITUTO POLITÉCNICO LOYOLA,EMCI,32.0,22.5,0.0,https://indomet.gob.do/wp-content/uploads/2026/07/temperaturas-extremas-y-precipitaciones-2026x07x01-a.pdf
2026-07-01,087,SAN FRANCISCO DE MACORÍS,DUARTE,San Francisco de Macorís (UASD),EMCI,34.8,24.5,0.0,https://indomet.gob.do/wp-content/uploads/2026/07/temperaturas-extremas-y-precipitaciones-2026x07x01-a.pdf
2026-07-01,088,SAN JOSÉ DE OCOA,SAN JOSÉ DE OCOA,HOSP. SAN JOSÉ DE OCOA,EMCI,33.7,22.4,0.0,https://indomet.gob.do/wp-content/uploads/2026/07/temperaturas-extremas-y-precipitaciones-2026x07x01-a.pdf
2026-07-01,089,SÁNCHEZ,SAMANÁ,MINISTERIO DE AGRICULTURA,EMCI,33.1,19.4,0.0,https://indomet.gob.do/wp-content/uploads/2026/07/temperaturas-extremas-y-precipitaciones-2026x07x01-a.pdf
2026-07-01,090,SANTIAGO (CENTRO),SANTIAGO,HUACALITO,EMCI,,,0.0,https://indomet.gob.do/wp-content/uploads/2026/07/temperaturas-extremas-y-precipitaciones-2026x07x01-a.pdf
2026-07-01,091,SANTO DOMINGO ESTE,SANTO DOMINGO,INDOMET,EMCI,32.4,26.5,0.0,https://indomet.gob.do/wp-content/uploads/2026/07/temperaturas-extremas-y-precipitaciones-2026x07x01-a.pdf
2026-07-01,092,TAMBORIL,SANTIAGO,MINISTERIO DE AGRICULTURA,EMCV,,,0.0,https://indomet.gob.do/wp-content/uploads/2026/07/temperaturas-extremas-y-precipitaciones-2026x07x01-a.pdf
2026-07-01,093,TAVERA,SANTIAGO,INDRHI,EMCI,,,0.0,https://indomet.gob.do/wp-content/uploads/2026/07/temperaturas-extremas-y-precipitaciones-2026x07x01-a.pdf
2026-07-01,094,VILLA GONZALES,SANTIAGO,MINISTERIO DE AGRICULTURA,EMCI,,,0.0,https://indomet.gob.do/wp-content/uploads/2026/07/temperaturas-extremas-y-precipitaciones-2026x07x01-a.pdf
2026-07-01,095,VILLA RIVA,DUARTE,HOSP. MPAL. ALICIA DE LEGENDRE,EMCI,33.0,23.0,0.0,https://indomet.gob.do/wp-content/uploads/2026/07/temperaturas-extremas-y-precipitaciones-2026x07x01-a.pdf
2026-07-01,096,VILLA VASQUEZ (EMA),MONTE CRISTI,JUNTA DE REGANTES,EMAI,,,0.0,https://indomet.gob.do/wp-content/uploads/2026/07/temperaturas-extremas-y-precipitaciones-2026x07x01-a.pdf
2026-07-02,001,CONSTANZA,LA VEGA,MINISTERIO DE AGRICULTURA,EMCI,26.5,,36.1,https://indomet.gob.do/wp-content/uploads/2026/07/temperaturas-extremas-y-precipitaciones-2026x07x02-a.pdf
2026-07-02,002,CONSTANZA (EMA),LA VEGA,PROGRAMA MUNDIAL DE ALIMENTO,EMAP,26.3,13.7,32.6,https://indomet.gob.do/wp-content/uploads/2026/07/temperaturas-extremas-y-precipitaciones-2026x07x02-a.pdf
2026-07-02,003,SABANA DE LA MAR,HATO MAYOR,INDOMET,EMCI,33.0,22.6,32.2,https://indomet.gob.do/wp-content/uploads/2026/07/temperaturas-extremas-y-precipitaciones-2026x07x02-a.pdf
2026-07-02,004,BAYAGUANA,MONTE PLATA,INDOMET,EMCI,33.0,22.5,18.3,https://indomet.gob.do/wp-content/uploads/2026/07/temperaturas-extremas-y-precipitaciones-2026x07x02-a.pdf
2026-07-02,005,BUCARA (EMA),SANTIAGO,MINISTERIO DE AGRICULTURA,EMAI,,,16.0,https://indomet.gob.do/wp-content/uploads/2026/07/temperaturas-extremas-y-precipitaciones-2026x07x02-a.pdf
2026-07-02,006,ARROYO LORO,SAN JUAN,IDIAF,EMCI,32.5,19.3,14.9,https://indomet.gob.do/wp-content/uploads/2026/07/temperaturas-extremas-y-precipitaciones-2026x07x02-a.pdf
2026-07-02,007,ELÍAS PIÑA,ELÍAS PIÑA,MINISTERIO DE AGRICULTURA,EMCV,,,11.8,https://indomet.gob.do/wp-content/uploads/2026/07/temperaturas-extremas-y-precipitaciones-2026x07x02-a.pdf
2026-07-02,008,MAO,VALVERDE,INDRHI / MINISTERIO DE AGRICULTURA,EMCV,,,11.0,https://indomet.gob.do/wp-content/uploads/2026/07/temperaturas-extremas-y-precipitaciones-2026x07x02-a.pdf
2026-07-02,009,LAS MATAS DE SANTA CRUZ,MONTE CRISTI,INDRHI,EMCV,,,10.5,https://indomet.gob.do/wp-content/uploads/2026/07/temperaturas-extremas-y-precipitaciones-2026x07x02-a.pdf
2026-07-02,010,HATO MAYOR,HATO MAYOR,MINISTERIO DE AGRICULTURA,EMCV,,,10.4,https://indomet.gob.do/wp-content/uploads/2026/07/temperaturas-extremas-y-precipitaciones-2026x07x02-a.pdf
2026-07-02,011,SABANA GRANDE DE BOYÁ,MONTE PLATA,MINISTERIO DE AGRICULTURA,EMCV,,,8.9,https://indomet.gob.do/wp-content/uploads/2026/07/temperaturas-extremas-y-precipitaciones-2026x07x02-a.pdf
2026-07-02,012,BOCA DE MAO (EMA),VALVERDE,MINISTERIO DE AGRICULTURA,EMAP,38.2,23.2,8.8,https://indomet.gob.do/wp-content/uploads/2026/07/temperaturas-extremas-y-precipitaciones-2026x07x02-a.pdf
2026-07-02,013,JARDÍN BOTÁNICO SANTIAGO (EMSANTIAGO,,JARDIN BOTANICO SANTIAGO,EMAI,35.5,27.3,6.4,https://indomet.gob.do/wp-content/uploads/2026/07/temperaturas-extremas-y-precipitaciones-2026x07x02-a.pdf
2026-07-02,014,SANTIAGO (CENTRO),SANTIAGO,HUACALITO,EMCI,,,6.0,https://indomet.gob.do/wp-content/uploads/2026/07/temperaturas-extremas-y-precipitaciones-2026x07x02-a.pdf
2026-07-02,015,GURABO,SANTIAGO,MINISTERIO DE AGRICULTURA,EMCV,,,5.6,https://indomet.gob.do/wp-content/uploads/2026/07/temperaturas-extremas-y-precipitaciones-2026x07x02-a.pdf
2026-07-02,016,LA VICTORIA,SANTO DOMINGO,CUERPO DE BOMBEROS,EMCI,34.0,23.1,4.9,https://indomet.gob.do/wp-content/uploads/2026/07/temperaturas-extremas-y-precipitaciones-2026x07x02-a.pdf
2026-07-02,017,ALTAMIRA,PUERTO PLATA,HOSP. MPAL. DE ALTAMIRA,EMCI,35.7,21.3,3.8,https://indomet.gob.do/wp-content/uploads/2026/07/temperaturas-extremas-y-precipitaciones-2026x07x02-a.pdf
2026-07-02,018,ARPT. ARROYO BARRIL,SAMANÁ,INDOMET,EMCI,31.9,24.5,3.7,https://indomet.gob.do/wp-content/uploads/2026/07/temperaturas-extremas-y-precipitaciones-2026x07x02-a.pdf
2026-07-02,019,ARENOSO (EMA),DUARTE,PROGRAMA MUNDIAL DE ALIMENTO,EMAP,33.6,23.0,3.2,https://indomet.gob.do/wp-content/uploads/2026/07/temperaturas-extremas-y-precipitaciones-2026x07x02-a.pdf
2026-07-02,020,ARPT. DEL CIBAO,SANTIAGO,INDOMET,EMCI,35.5,23.4,2.8,https://indomet.gob.do/wp-content/uploads/2026/07/temperaturas-extremas-y-precipitaciones-2026x07x02-a.pdf
2026-07-02,021,PERALTA,AZUA,HOSP. MPAL. DE PERALTA,EMCI,31.3,17.9,2.6,https://indomet.gob.do/wp-content/uploads/2026/07/temperaturas-extremas-y-precipitaciones-2026x07x02-a.pdf
2026-07-02,022,VILLA VASQUEZ (EMA),MONTE CRISTI,JUNTA DE REGANTES,EMAI,,,2.6,https://indomet.gob.do/wp-content/uploads/2026/07/temperaturas-extremas-y-precipitaciones-2026x07x02-a.pdf
2026-07-02,023,HONDO VALLE,ELÍAS PIÑA,MINISTERIO DE AGRICULTURA,EMCI,28.4,17.2,2.2,https://indomet.gob.do/wp-content/uploads/2026/07/temperaturas-extremas-y-precipitaciones-2026x07x02-a.pdf
2026-07-02,024,ENRIQUILLO,BARAHONA,MINISTERIO DE AGRICULTURA,EMCV,32.5,22.7,1.6,https://indomet.gob.do/wp-content/uploads/2026/07/temperaturas-extremas-y-precipitaciones-2026x07x02-a.pdf
2026-07-02,025,TAMBORIL,SANTIAGO,MINISTERIO DE AGRICULTURA,EMCV,,,1.5,https://indomet.gob.do/wp-content/uploads/2026/07/temperaturas-extremas-y-precipitaciones-2026x07x02-a.pdf
2026-07-02,026,CABRERA,MARÍA TRINIDAD SÁNCHEZ,ESCUELA ARÍSTIDES FIALLO CABRAL,EMCI,34.0,25.5,1.4,https://indomet.gob.do/wp-content/uploads/2026/07/temperaturas-extremas-y-precipitaciones-2026x07x02-a.pdf
2026-07-02,027,POLO,BARAHONA,INDOCAFE,EMCI,29.5,20.5,1.2,https://indomet.gob.do/wp-content/uploads/2026/07/temperaturas-extremas-y-precipitaciones-2026x07x02-a.pdf
2026-07-02,028,ALTO BANDERA (EMA),LA VEGA,INTEC,EMAP,19.3,9.5,1.0,https://indomet.gob.do/wp-content/uploads/2026/07/temperaturas-extremas-y-precipitaciones-2026x07x02-a.pdf
2026-07-02,029,ARPT. EL CATEY,SAMANÁ,INDOMET,EMCI,31.4,23.0,1.0,https://indomet.gob.do/wp-content/uploads/2026/07/temperaturas-extremas-y-precipitaciones-2026x07x02-a.pdf
2026-07-02,030,ANAMUYA (EMA),LA ALTAGRACIA,MINISTERIO DE AGRICULTURA,EMAP,34.4,24.8,0.8,https://indomet.gob.do/wp-content/uploads/2026/07/temperaturas-extremas-y-precipitaciones-2026x07x02-a.pdf
2026-07-02,031,LOS LLANOS,SAN PEDRO DE MACORÍS,MINISTERIO DE AGRICULTURA,EMCI,33.0,22.5,0.8,https://indomet.gob.do/wp-content/uploads/2026/07/temperaturas-extremas-y-precipitaciones-2026x07x02-a.pdf
2026-07-02,032,OVIEDO,PEDERNALES,CLÍNICA RURAL OVIEDO,EMCI,32.0,23.0,0.8,https://indomet.gob.do/wp-content/uploads/2026/07/temperaturas-extremas-y-precipitaciones-2026x07x02-a.pdf
2026-07-02,033,PADRE LAS CASAS,AZUA,HOSP. NTRA. SRA. DEL CARMEN,EMCI,31.5,18.7,0.8,https://indomet.gob.do/wp-content/uploads/2026/07/temperaturas-extremas-y-precipitaciones-2026x07x02-a.pdf
2026-07-02,034,ESCONDIDO,PERAVIA,MINISTERIO DE AGRICULTURA,EMCV,32.0,25.0,0.5,https://indomet.gob.do/wp-content/uploads/2026/07/temperaturas-extremas-y-precipitaciones-2026x07x02-a.pdf
2026-07-02,035,VILLA GONZALES,SANTIAGO,MINISTERIO DE AGRICULTURA,EMCI,,,0.5,https://indomet.gob.do/wp-content/uploads/2026/07/temperaturas-extremas-y-precipitaciones-2026x07x02-a.pdf
2026-07-02,036,SABANETA (EMA),SANTIAGO RODRÍGUEZ,PROGRAMA MUNDIAL DE ALIMENTO,EMAP,36.5,21.2,0.4,https://indomet.gob.do/wp-content/uploads/2026/07/temperaturas-extremas-y-precipitaciones-2026x07x02-a.pdf
2026-07-02,037,ARPT. DE PUNTA CANA,LA ALTAGRACIA,INDOMET,EMCI,32.4,25.2,0.3,https://indomet.gob.do/wp-content/uploads/2026/07/temperaturas-extremas-y-precipitaciones-2026x07x02-a.pdf
2026-07-02,038,BANI (EMA),PERAVIA,MINISTERIO DE AGRICULTURA,EMAP,31.9,26.1,0.2,https://indomet.gob.do/wp-content/uploads/2026/07/temperaturas-extremas-y-precipitaciones-2026x07x02-a.pdf
2026-07-02,039,CABRAL,BARAHONA,MINISTERIO DE AGRICULTURA,EMCV,34.0,24.6,0.1,https://indomet.gob.do/wp-content/uploads/2026/07/temperaturas-extremas-y-precipitaciones-2026x07x02-a.pdf
2026-07-02,040,MONTE CRISTI,MONTE CRISTI,INDOMET,EMCI,35.0,24.3,0.1,https://indomet.gob.do/wp-content/uploads/2026/07/temperaturas-extremas-y-precipitaciones-2026x07x02-a.pdf
2026-07-02,041,SALCEDO,HERMANAS MIRABAL,PROPIEDAD DEL EMPLEADO,EMCI,,,0.1,https://indomet.gob.do/wp-content/uploads/2026/07/temperaturas-extremas-y-precipitaciones-2026x07x02-a.pdf
2026-07-02,042,SANTIAGO RODRÍGUEZ,SANTIAGO RODRÍGUEZ,INDOMET,EMCI,35.1,22.5,0.1,https://indomet.gob.do/wp-content/uploads/2026/07/temperaturas-extremas-y-precipitaciones-2026x07x02-a.pdf
2026-07-02,043,VILLA ALTAGRACIA,SAN CRISTÓBAL,ESCUELA JAVIER ANGULO GURIDI,EMCI,,,0.1,https://indomet.gob.do/wp-content/uploads/2026/07/temperaturas-extremas-y-precipitaciones-2026x07x02-a.pdf
2026-07-02,044,ARPT. DE LA ROMANA,LA ROMANA,INDOMET,EMCI,34.7,23.0,0.0,https://indomet.gob.do/wp-content/uploads/2026/07/temperaturas-extremas-y-precipitaciones-2026x07x02-a.pdf
2026-07-02,045,ARPT. DE LAS AMÉRICAS,SANTO DOMINGO,INDOMET,EMCI,31.5,23.8,0.0,https://indomet.gob.do/wp-content/uploads/2026/07/temperaturas-extremas-y-precipitaciones-2026x07x02-a.pdf
2026-07-02,046,ARPT. GREGORIO LUPERÓN,PUERTO PLATA,INDOMET,EMCI,33.0,24.3,0.0,https://indomet.gob.do/wp-content/uploads/2026/07/temperaturas-extremas-y-precipitaciones-2026x07x02-a.pdf
2026-07-02,047,ARPT. LA ISABELA,SANTO DOMINGO,INDOMET,EMCI,34.1,22.7,0.0,https://indomet.gob.do/wp-content/uploads/2026/07/temperaturas-extremas-y-precipitaciones-2026x07x02-a.pdf
2026-07-02,048,ARPT. MARÍA MONTEZ,BARAHONA,INDOMET,EMCI,33.0,25.5,0.0,https://indomet.gob.do/wp-content/uploads/2026/07/temperaturas-extremas-y-precipitaciones-2026x07x02-a.pdf
2026-07-02,049,BONAO,MONSEÑOR NOUEL,MINISTERIO DE AGRICULTURA,EMCV,,,0.0,https://indomet.gob.do/wp-content/uploads/2026/07/temperaturas-extremas-y-precipitaciones-2026x07x02-a.pdf
2026-07-02,050,CENTRO DE LOS HEROES (EMA),DISTRITO NACIONAL,MINISTERIO DE ENERGIA Y MINA,EMAP,32.4,27.1,0.0,https://indomet.gob.do/wp-content/uploads/2026/07/temperaturas-extremas-y-precipitaciones-2026x07x02-a.pdf
2026-07-02,051,DAJABÓN,DAJABÓN,INSTITUTO POLITÉCNICO LOYOLA,EMCI,34.4,22.5,0.0,https://indomet.gob.do/wp-content/uploads/2026/07/temperaturas-extremas-y-precipitaciones-2026x07x02-a.pdf
2026-07-02,052,EL MILLON (EMA),DISTRITO NACIONAL,PRIVADA,EMAP,,,0.0,https://indomet.gob.do/wp-content/uploads/2026/07/temperaturas-extremas-y-precipitaciones-2026x07x02-a.pdf
2026-07-02,053,ENSANCHE LA FE (EMA),DISTRITO NACIONAL,PRIVADA,EMAP,,,0.0,https://indomet.gob.do/wp-content/uploads/2026/07/temperaturas-extremas-y-precipitaciones-2026x07x02-a.pdf
2026-07-02,054,GASPAR HERNÁNDEZ,ESPAILLAT,PROPIEDAD DEL EMPLEADO,EMCI,,,0.0,https://indomet.gob.do/wp-content/uploads/2026/07/temperaturas-extremas-y-precipitaciones-2026x07x02-a.pdf
2026-07-02,055,JARABACOA,LA VEGA,INDRHI / MARENA,EMCI,34.6,17.4,0.0,https://indomet.gob.do/wp-content/uploads/2026/07/temperaturas-extremas-y-precipitaciones-2026x07x02-a.pdf
2026-07-02,056,JARABACOA (EMA),LA VEGA,PROGRAMA MUNDIAL DE ALIMENTO,EMAP,33.3,18.8,0.0,https://indomet.gob.do/wp-content/uploads/2026/07/temperaturas-extremas-y-precipitaciones-2026x07x02-a.pdf
2026-07-02,057,JARDÍN BOTÁNICO NACIONAL,DISTRITO NACIONAL,JARDÍN BOTÁNICO NACIONAL,EMCV,32.8,23.6,0.0,https://indomet.gob.do/wp-content/uploads/2026/07/temperaturas-extremas-y-precipitaciones-2026x07x02-a.pdf
2026-07-02,058,JIMANÍ,INDEPENDENCIA,MINISTERIO DE AGRICULTURA,EMCI,36.8,25.0,0.0,https://indomet.gob.do/wp-content/uploads/2026/07/temperaturas-extremas-y-precipitaciones-2026x07x02-a.pdf
2026-07-02,059,JUMA BEJUCAL,MONSEÑOR NOUEL,IDIAF,EMCV,33.0,23.6,0.0,https://indomet.gob.do/wp-content/uploads/2026/07/temperaturas-extremas-y-precipitaciones-2026x07x02-a.pdf
2026-07-02,060,LA AGUSTINA (EMA),DISTRITO NACIONAL,PRIVADA,EMAP,,,0.0,https://indomet.gob.do/wp-content/uploads/2026/07/temperaturas-extremas-y-precipitaciones-2026x07x02-a.pdf
2026-07-02,061,LA DESCUBIERTA (EMA),INDEPENDENCIA,PRIVADA,EMAP,,,0.0,https://indomet.gob.do/wp-content/uploads/2026/07/temperaturas-extremas-y-precipitaciones-2026x07x02-a.pdf
2026-07-02,062,LA VEGA,LA VEGA,IATESA,EMCI,36.0,22.0,0.0,https://indomet.gob.do/wp-content/uploads/2026/07/temperaturas-extremas-y-precipitaciones-2026x07x02-a.pdf
2026-07-02,063,LAS CANAS (EMA),MONTE CRISTI,PROGRAMA MUNDIAL DE ALIMENTO,EMAP,31.4,23.2,0.0,https://indomet.gob.do/wp-content/uploads/2026/07/temperaturas-extremas-y-precipitaciones-2026x07x02-a.pdf
2026-07-02,064,LOS CACICAZGOS (EMA),DISTRITO NACIONAL,PRIVADA,EMAP,,,0.0,https://indomet.gob.do/wp-content/uploads/2026/07/temperaturas-extremas-y-precipitaciones-2026x07x02-a.pdf
2026-07-02,065,LOS COCOS (EMA),BAHORUCO,PRIVADA,EMAP,,,0.0,https://indomet.gob.do/wp-content/uploads/2026/07/temperaturas-extremas-y-precipitaciones-2026x07x02-a.pdf
2026-07-02,066,LOS JARDINES (EMA),DISTRITO NACIONAL,PRIVADA,EMAP,,,0.0,https://indomet.gob.do/wp-content/uploads/2026/07/temperaturas-extremas-y-precipitaciones-2026x07x02-a.pdf
2026-07-02,067,LOS JENGIBRES,NAGUA,INDRHI,EMCI,,,0.0,https://indomet.gob.do/wp-content/uploads/2026/07/temperaturas-extremas-y-precipitaciones-2026x07x02-a.pdf
2026-07-02,068,MICHES (EMA),EL SEIBO,PRIVADA,EMAP,35.1,23.5,0.0,https://indomet.gob.do/wp-content/uploads/2026/07/temperaturas-extremas-y-precipitaciones-2026x07x02-a.pdf
2026-07-02,069,MONCIÓN (EMA),SANTIAGO RODRÍGUEZ,PROGRAMA MUNDIAL DE ALIMENTO,EMAP,32.4,19.1,0.0,https://indomet.gob.do/wp-content/uploads/2026/07/temperaturas-extremas-y-precipitaciones-2026x07x02-a.pdf
2026-07-02,070,NAVARRETE,SANTIAGO,MINISTERIO DE AGRICULTURA,EMCV,,,0.0,https://indomet.gob.do/wp-content/uploads/2026/07/temperaturas-extremas-y-precipitaciones-2026x07x02-a.pdf
2026-07-02,071,OLIVARES,PEDERNALES,INDRHI,EMCI,,,0.0,https://indomet.gob.do/wp-content/uploads/2026/07/temperaturas-extremas-y-precipitaciones-2026x07x02-a.pdf
2026-07-02,072,PALO ÍNDIO,PUERTO PLATA,MINISTERIO DE AGRICULTURA,EMCI,,,0.0,https://indomet.gob.do/wp-content/uploads/2026/07/temperaturas-extremas-y-precipitaciones-2026x07x02-a.pdf
2026-07-02,073,PARQUE MIRADOR SUR,DISTRITO NACIONAL,AYUNTAMIENTO,EMCV,34.0,24.0,0.0,https://indomet.gob.do/wp-content/uploads/2026/07/temperaturas-extremas-y-precipitaciones-2026x07x02-a.pdf
2026-07-02,074,PASO AL MEDIO,SAN PEDRO DE MACORÍS,INDRHI,EMCI,,,0.0,https://indomet.gob.do/wp-content/uploads/2026/07/temperaturas-extremas-y-precipitaciones-2026x07x02-a.pdf
2026-07-02,075,PEDERNALES,PEDERNALES,INDRHI,EMCI,,,0.0,https://indomet.gob.do/wp-content/uploads/2026/07/temperaturas-extremas-y-precipitaciones-2026x07x02-a.pdf
2026-07-02,076,PONTÓN ABAJO (EMA),LA VEGA,MINISTERIO DE AGRICULTURA,EMAP,37.6,22.7,0.0,https://indomet.gob.do/wp-content/uploads/2026/07/temperaturas-extremas-y-precipitaciones-2026x07x02-a.pdf
2026-07-02,077,PRESA DE TAVERAS (EMA),LA VEGA,PROGRAMA MUNDIAL DE ALIMENTO,EMAP,33.9,21.7,0.0,https://indomet.gob.do/wp-content/uploads/2026/07/temperaturas-extremas-y-precipitaciones-2026x07x02-a.pdf
2026-07-02,078,PROLONGACION 27 DE FEBRERO,DISTRITO NACIONAL,PRIVADA,EMAP,,,0.0,https://indomet.gob.do/wp-content/uploads/2026/07/temperaturas-extremas-y-precipitaciones-2026x07x02-a.pdf
2026-07-02,079,RANCHO ARRIBA,SAN JOSÉ DE OCOA,CENTRO TECNOLÓGICO COMUNITARIO,EMCI,31.4,17.3,0.0,https://indomet.gob.do/wp-content/uploads/2026/07/temperaturas-extremas-y-precipitaciones-2026x07x02-a.pdf
2026-07-02,080,RESTAURACIÓN,DAJABÓN,MINISTERIO DE AGRICULTURA,EMCI,33.8,18.6,0.0,https://indomet.gob.do/wp-content/uploads/2026/07/temperaturas-extremas-y-precipitaciones-2026x07x02-a.pdf
2026-07-02,081,RÍO SAN JUAN,MARÍA TRINIDAD SÁNCHEZ,HOSP. MPAL. DR. DESIDERIO ACOSTA,EMCV,34.9,24.6,0.0,https://indomet.gob.do/wp-content/uploads/2026/07/temperaturas-extremas-y-precipitaciones-2026x07x02-a.pdf
2026-07-02,082,SAJOMA (EMA),SANTIAGO,PLAN SIERRA,EMAI,32.8,24.5,0.0,https://indomet.gob.do/wp-content/uploads/2026/07/temperaturas-extremas-y-precipitaciones-2026x07x02-a.pdf
2026-07-02,083,SAMANÁ,SAMANÁ,COMANDANCIA DE PUERTO DE SAMANÁ,EMCI,34.0,20.2,0.0,https://indomet.gob.do/wp-content/uploads/2026/07/temperaturas-extremas-y-precipitaciones-2026x07x02-a.pdf
2026-07-02,084,SAN CRISTÓBAL,SAN CRISTÓBAL,INSTITUTO POLITÉCNICO LOYOLA,EMCI,33.0,23.9,0.0,https://indomet.gob.do/wp-content/uploads/2026/07/temperaturas-extremas-y-precipitaciones-2026x07x02-a.pdf
2026-07-02,085,SAN FRANCISCO DE MACORÍS,DUARTE,San Francisco de Macorís (UASD),EMCI,34.8,23.2,0.0,https://indomet.gob.do/wp-content/uploads/2026/07/temperaturas-extremas-y-precipitaciones-2026x07x02-a.pdf
2026-07-02,086,SAN JOSÉ DE OCOA,SAN JOSÉ DE OCOA,HOSP. SAN JOSÉ DE OCOA,EMCI,32.6,21.3,0.0,https://indomet.gob.do/wp-content/uploads/2026/07/temperaturas-extremas-y-precipitaciones-2026x07x02-a.pdf
2026-07-02,087,SAN RAFAEL DEL YUMA,LA ALTAGRACIA,MINISTERIO DE AGRICULTURA,EMCI,33.9,24,0.0,https://indomet.gob.do/wp-content/uploads/2026/07/temperaturas-extremas-y-precipitaciones-2026x07x02-a.pdf
2026-07-02,088,SÁNCHEZ,SAMANÁ,MINISTERIO DE AGRICULTURA,EMCI,32.6,,0.0,https://indomet.gob.do/wp-content/uploads/2026/07/temperaturas-extremas-y-precipitaciones-2026x07x02-a.pdf
2026-07-02,089,SANTO DOMINGO ESTE,SANTO DOMINGO,INDOMET,EMCI,33.0,25.9,0.0,https://indomet.gob.do/wp-content/uploads/2026/07/temperaturas-extremas-y-precipitaciones-2026x07x02-a.pdf
2026-07-02,090,TÁBARA ABAJO,AZUA,INDRHI,EMCI,32.5,19.0,0.0,https://indomet.gob.do/wp-content/uploads/2026/07/temperaturas-extremas-y-precipitaciones-2026x07x02-a.pdf
2026-07-02,091,TAVERA,SANTIAGO,INDRHI,EMCI,,,0.0,https://indomet.gob.do/wp-content/uploads/2026/07/temperaturas-extremas-y-precipitaciones-2026x07x02-a.pdf
2026-07-02,092,VILLA ISABELA,PUERTO PLATA,MINISTERIO DE AGRICULTURA,EMCV,35.0,21.5,0.0,https://indomet.gob.do/wp-content/uploads/2026/07/temperaturas-extremas-y-precipitaciones-2026x07x02-a.pdf
2026-07-02,093,VILLA RIVA,DUARTE,HOSP. MPAL. ALICIA DE LEGENDRE,EMCI,33.4,22.4,0.0,https://indomet.gob.do/wp-content/uploads/2026/07/temperaturas-extremas-y-precipitaciones-2026x07x02-a.pdf
2026-07-03,001,BONAO,MONSEÑOR NOUEL,MINISTERIO DE AGRICULTURA,EMCV,,,67.1,https://indomet.gob.do/wp-content/uploads/2026/07/temperaturas-extremas-y-precipitaciones-2026x07x03-a.pdf
2026-07-03,002,SANTIAGO RODRÍGUEZ,SANTIAGO RODRÍGUEZ,INDOMET,EMCI,36.6,22.6,31.1,https://indomet.gob.do/wp-content/uploads/2026/07/temperaturas-extremas-y-precipitaciones-2026x07x03-a.pdf
2026-07-03,003,SABANETA (EMA),SANTIAGO RODRÍGUEZ,PROGRAMA MUNDIAL DE ALIMENTO,EMAP,36.3,20.9,30.4,https://indomet.gob.do/wp-content/uploads/2026/07/temperaturas-extremas-y-precipitaciones-2026x07x03-a.pdf
2026-07-03,004,ELÍAS PIÑA,ELÍAS PIÑA,MINISTERIO DE AGRICULTURA,EMCV,,,27.8,https://indomet.gob.do/wp-content/uploads/2026/07/temperaturas-extremas-y-precipitaciones-2026x07x03-a.pdf
2026-07-03,005,PERALTA,AZUA,HOSP. MPAL. DE PERALTA,EMCI,30.0,17.0,24.2,https://indomet.gob.do/wp-content/uploads/2026/07/temperaturas-extremas-y-precipitaciones-2026x07x03-a.pdf
2026-07-03,006,JARABACOA,LA VEGA,INDRHI / MARENA,EMCI,34.0,16.6,15.4,https://indomet.gob.do/wp-content/uploads/2026/07/temperaturas-extremas-y-precipitaciones-2026x07x03-a.pdf
2026-07-03,007,JUMA BEJUCAL,MONSEÑOR NOUEL,IDIAF,EMCV,33.6,23.2,12.0,https://indomet.gob.do/wp-content/uploads/2026/07/temperaturas-extremas-y-precipitaciones-2026x07x03-a.pdf
2026-07-03,008,SALCEDO,HERMANAS MIRABAL,PROPIEDAD DEL EMPLEADO,EMCI,,,10.4,https://indomet.gob.do/wp-content/uploads/2026/07/temperaturas-extremas-y-precipitaciones-2026x07x03-a.pdf
2026-07-03,009,DAJABÓN,DAJABÓN,INSTITUTO POLITÉCNICO LOYOLA,EMCI,36.3,19.0,7.0,https://indomet.gob.do/wp-content/uploads/2026/07/temperaturas-extremas-y-precipitaciones-2026x07x03-a.pdf
2026-07-03,010,JARABACOA (EMA),LA VEGA,PROGRAMA MUNDIAL DE ALIMENTO,EMAP,33.0,17.8,7.0,https://indomet.gob.do/wp-content/uploads/2026/07/temperaturas-extremas-y-precipitaciones-2026x07x03-a.pdf
2026-07-03,011,RESTAURACIÓN,DAJABÓN,MINISTERIO DE AGRICULTURA,EMCI,34.3,19.0,6.8,https://indomet.gob.do/wp-content/uploads/2026/07/temperaturas-extremas-y-precipitaciones-2026x07x03-a.pdf
2026-07-03,012,ARROYO LORO,SAN JUAN,IDIAF,EMCI,32.7,19.3,4.9,https://indomet.gob.do/wp-content/uploads/2026/07/temperaturas-extremas-y-precipitaciones-2026x07x03-a.pdf
2026-07-03,013,TÁBARA ABAJO,AZUA,INDRHI,EMCI,32.5,20.0,4.2,https://indomet.gob.do/wp-content/uploads/2026/07/temperaturas-extremas-y-precipitaciones-2026x07x03-a.pdf
2026-07-03,014,ARENOSO (EMA),DUARTE,PROGRAMA MUNDIAL DE ALIMENTO,EMAP,33.6,23.6,3.2,https://indomet.gob.do/wp-content/uploads/2026/07/temperaturas-extremas-y-precipitaciones-2026x07x03-a.pdf
2026-07-03,015,PADRE LAS CASAS,AZUA,HOSP. NTRA. SRA. DEL CARMEN,EMCI,32.0,18.5,2.6,https://indomet.gob.do/wp-content/uploads/2026/07/temperaturas-extremas-y-precipitaciones-2026x07x03-a.pdf
2026-07-03,016,ENRIQUILLO,BARAHONA,MINISTERIO DE AGRICULTURA,EMCV,32.7,23.5,2.2,https://indomet.gob.do/wp-content/uploads/2026/07/temperaturas-extremas-y-precipitaciones-2026x07x03-a.pdf
2026-07-03,017,ALTO BANDERA (EMA),LA VEGA,INTEC,EMAP,18.6,8.6,2.0,https://indomet.gob.do/wp-content/uploads/2026/07/temperaturas-extremas-y-precipitaciones-2026x07x03-a.pdf
2026-07-03,018,LOS COCOS (EMA),BAHORUCO,PRIVADA,EMAP,,,2.0,https://indomet.gob.do/wp-content/uploads/2026/07/temperaturas-extremas-y-precipitaciones-2026x07x03-a.pdf
2026-07-03,019,LOS LLANOS,SAN PEDRO DE MACORÍS,MINISTERIO DE AGRICULTURA,EMCI,34.5,22.8,1.8,https://indomet.gob.do/wp-content/uploads/2026/07/temperaturas-extremas-y-precipitaciones-2026x07x03-a.pdf
2026-07-03,020,HONDO VALLE,ELÍAS PIÑA,MINISTERIO DE AGRICULTURA,EMCI,28.3,17.0,1.4,https://indomet.gob.do/wp-content/uploads/2026/07/temperaturas-extremas-y-precipitaciones-2026x07x03-a.pdf
2026-07-03,021,SÁNCHEZ,SAMANÁ,MINISTERIO DE AGRICULTURA,EMCI,33.4,,1.2,https://indomet.gob.do/wp-content/uploads/2026/07/temperaturas-extremas-y-precipitaciones-2026x07x03-a.pdf
2026-07-03,022,BAYAGUANA,MONTE PLATA,INDOMET,EMCI,34.6,22.2,1.1,https://indomet.gob.do/wp-content/uploads/2026/07/temperaturas-extremas-y-precipitaciones-2026x07x03-a.pdf
2026-07-03,023,LA VEGA,LA VEGA,IATESA,EMCI,35.6,21.5,1.0,https://indomet.gob.do/wp-content/uploads/2026/07/temperaturas-extremas-y-precipitaciones-2026x07x03-a.pdf
2026-07-03,024,RANCHO ARRIBA,SAN JOSÉ DE OCOA,CENTRO TECNOLÓGICO COMUNITARIO,EMCI,31.1,17.0,1.0,https://indomet.gob.do/wp-content/uploads/2026/07/temperaturas-extremas-y-precipitaciones-2026x07x03-a.pdf
2026-07-03,025,OVIEDO,PEDERNALES,CLÍNICA RURAL OVIEDO,EMCI,33.0,24.4,0.8,https://indomet.gob.do/wp-content/uploads/2026/07/temperaturas-extremas-y-precipitaciones-2026x07x03-a.pdf
2026-07-03,026,LA VICTORIA,SANTO DOMINGO,CUERPO DE BOMBEROS,EMCI,34.0,23.0,0.5,https://indomet.gob.do/wp-content/uploads/2026/07/temperaturas-extremas-y-precipitaciones-2026x07x03-a.pdf
2026-07-03,027,HATO MAYOR,HATO MAYOR,MINISTERIO DE AGRICULTURA,EMCV,,,0.4,https://indomet.gob.do/wp-content/uploads/2026/07/temperaturas-extremas-y-precipitaciones-2026x07x03-a.pdf
2026-07-03,028,CONSTANZA (EMA),LA VEGA,PROGRAMA MUNDIAL DE ALIMENTO,EMAP,26.3,13.3,0.2,https://indomet.gob.do/wp-content/uploads/2026/07/temperaturas-extremas-y-precipitaciones-2026x07x03-a.pdf
2026-07-03,029,JANICO (EMA),LA VEGA,PLAN SIERRA,EMAI,,,0.2,https://indomet.gob.do/wp-content/uploads/2026/07/temperaturas-extremas-y-precipitaciones-2026x07x03-a.pdf
2026-07-03,030,POLO,BARAHONA,INDOCAFE,EMCI,30.5,18.0,0.1,https://indomet.gob.do/wp-content/uploads/2026/07/temperaturas-extremas-y-precipitaciones-2026x07x03-a.pdf
2026-07-03,031,SABANA GRANDE DE BOYÁ,MONTE PLATA,MINISTERIO DE AGRICULTURA,EMCV,,,0.1,https://indomet.gob.do/wp-content/uploads/2026/07/temperaturas-extremas-y-precipitaciones-2026x07x03-a.pdf
2026-07-03,032,SAN JOSÉ DE OCOA,SAN JOSÉ DE OCOA,HOSP. SAN JOSÉ DE OCOA,EMCI,33.9,21.4,0.1,https://indomet.gob.do/wp-content/uploads/2026/07/temperaturas-extremas-y-precipitaciones-2026x07x03-a.pdf
2026-07-03,033,ALTAMIRA,PUERTO PLATA,HOSP. MPAL. DE ALTAMIRA,EMCI,34.6,21.0,0.0,https://indomet.gob.do/wp-content/uploads/2026/07/temperaturas-extremas-y-precipitaciones-2026x07x03-a.pdf
2026-07-03,034,ANAMUYA (EMA),LA ALTAGRACIA,MINISTERIO DE AGRICULTURA,EMAP,33.9,25.8,0.0,https://indomet.gob.do/wp-content/uploads/2026/07/temperaturas-extremas-y-precipitaciones-2026x07x03-a.pdf
2026-07-03,035,ARPT. ARROYO BARRIL,SAMANÁ,INDOMET,EMCI,32.3,23.8,0.0,https://indomet.gob.do/wp-content/uploads/2026/07/temperaturas-extremas-y-precipitaciones-2026x07x03-a.pdf
2026-07-03,036,ARPT. DE LA ROMANA,LA ROMANA,INDOMET,EMCI,35.0,23.5,0.0,https://indomet.gob.do/wp-content/uploads/2026/07/temperaturas-extremas-y-precipitaciones-2026x07x03-a.pdf
2026-07-03,037,ARPT. DE LAS AMÉRICAS,SANTO DOMINGO,INDOMET,EMCI,33.1,23.5,0.0,https://indomet.gob.do/wp-content/uploads/2026/07/temperaturas-extremas-y-precipitaciones-2026x07x03-a.pdf
2026-07-03,038,ARPT. DE PUNTA CANA,LA ALTAGRACIA,INDOMET,EMCI,32.2,25.2,0.0,https://indomet.gob.do/wp-content/uploads/2026/07/temperaturas-extremas-y-precipitaciones-2026x07x03-a.pdf
2026-07-03,039,ARPT. DEL CIBAO,SANTIAGO,INDOMET,EMCI,34.6,22.5,0.0,https://indomet.gob.do/wp-content/uploads/2026/07/temperaturas-extremas-y-precipitaciones-2026x07x03-a.pdf
2026-07-03,040,ARPT. EL CATEY,SAMANÁ,INDOMET,EMCI,32.0,22.5,0.0,https://indomet.gob.do/wp-content/uploads/2026/07/temperaturas-extremas-y-precipitaciones-2026x07x03-a.pdf
2026-07-03,041,ARPT. GREGORIO LUPERÓN,PUERTO PLATA,INDOMET,EMCI,32.5,23.0,0.0,https://indomet.gob.do/wp-content/uploads/2026/07/temperaturas-extremas-y-precipitaciones-2026x07x03-a.pdf
2026-07-03,042,ARPT. LA ISABELA,SANTO DOMINGO,INDOMET,EMCI,34.3,23.5,0.0,https://indomet.gob.do/wp-content/uploads/2026/07/temperaturas-extremas-y-precipitaciones-2026x07x03-a.pdf
2026-07-03,043,ARPT. MARÍA MONTEZ,BARAHONA,INDOMET,EMCI,33.0,25.6,0.0,https://indomet.gob.do/wp-content/uploads/2026/07/temperaturas-extremas-y-precipitaciones-2026x07x03-a.pdf
2026-07-03,044,BANI (EMA),PERAVIA,MINISTERIO DE AGRICULTURA,EMAP,32.7,25.8,0.0,https://indomet.gob.do/wp-content/uploads/2026/07/temperaturas-extremas-y-precipitaciones-2026x07x03-a.pdf
2026-07-03,045,BOCA DE MAO (EMA),VALVERDE,MINISTERIO DE AGRICULTURA,EMAP,37.0,23.8,0.0,https://indomet.gob.do/wp-content/uploads/2026/07/temperaturas-extremas-y-precipitaciones-2026x07x03-a.pdf
2026-07-03,046,BUCARA (EMA),SANTIAGO,MINISTERIO DE AGRICULTURA,EMAI,,,0.0,https://indomet.gob.do/wp-content/uploads/2026/07/temperaturas-extremas-y-precipitaciones-2026x07x03-a.pdf
2026-07-03,047,CABRAL,BARAHONA,MINISTERIO DE AGRICULTURA,EMCV,34.6,22.7,0.0,https://indomet.gob.do/wp-content/uploads/2026/07/temperaturas-extremas-y-precipitaciones-2026x07x03-a.pdf
2026-07-03,048,CABRERA,MARÍA TRINIDAD SÁNCHEZ,ESCUELA ARÍSTIDES FIALLO CABRAL,EMCI,34.0,26.5,0.0,https://indomet.gob.do/wp-content/uploads/2026/07/temperaturas-extremas-y-precipitaciones-2026x07x03-a.pdf
2026-07-03,049,CENTRO DE LOS HEROES (EMA),DISTRITO NACIONAL,MINISTERIO DE ENERGIA Y MINA,EMAP,32.4,26.4,0.0,https://indomet.gob.do/wp-content/uploads/2026/07/temperaturas-extremas-y-precipitaciones-2026x07x03-a.pdf
2026-07-03,050,CONSTANZA,LA VEGA,MINISTERIO DE AGRICULTURA,EMCI,28.5,11.5,0.0,https://indomet.gob.do/wp-content/uploads/2026/07/temperaturas-extremas-y-precipitaciones-2026x07x03-a.pdf
2026-07-03,051,EL MILLON (EMA),DISTRITO NACIONAL,PRIVADA,EMAP,,,0.0,https://indomet.gob.do/wp-content/uploads/2026/07/temperaturas-extremas-y-precipitaciones-2026x07x03-a.pdf
2026-07-03,052,ENSANCHE LA FE (EMA),DISTRITO NACIONAL,PRIVADA,EMAP,,,0.0,https://indomet.gob.do/wp-content/uploads/2026/07/temperaturas-extremas-y-precipitaciones-2026x07x03-a.pdf
2026-07-03,053,GASPAR HERNÁNDEZ,ESPAILLAT,PROPIEDAD DEL EMPLEADO,EMCI,,,0.0,https://indomet.gob.do/wp-content/uploads/2026/07/temperaturas-extremas-y-precipitaciones-2026x07x03-a.pdf
2026-07-03,054,GURABO,SANTIAGO,MINISTERIO DE AGRICULTURA,EMCV,,,0.0,https://indomet.gob.do/wp-content/uploads/2026/07/temperaturas-extremas-y-precipitaciones-2026x07x03-a.pdf
2026-07-03,055,JARDÍN BOTÁNICO SANTIAGO (EMSANTIAGO,,JARDIN BOTANICO SANTIAGO,EMAI,,,0.0,https://indomet.gob.do/wp-content/uploads/2026/07/temperaturas-extremas-y-precipitaciones-2026x07x03-a.pdf
2026-07-03,056,JIMANÍ,INDEPENDENCIA,MINISTERIO DE AGRICULTURA,EMCI,36.8,26.2,0.0,https://indomet.gob.do/wp-content/uploads/2026/07/temperaturas-extremas-y-precipitaciones-2026x07x03-a.pdf
2026-07-03,057,LA AGUSTINA (EMA),DISTRITO NACIONAL,PRIVADA,EMAP,,,0.0,https://indomet.gob.do/wp-content/uploads/2026/07/temperaturas-extremas-y-precipitaciones-2026x07x03-a.pdf
2026-07-03,058,LA DESCUBIERTA (EMA),INDEPENDENCIA,PRIVADA,EMAP,35.1,23.8,0.0,https://indomet.gob.do/wp-content/uploads/2026/07/temperaturas-extremas-y-precipitaciones-2026x07x03-a.pdf
2026-07-03,059,LOS CACICAZGOS (EMA),DISTRITO NACIONAL,PRIVADA,EMAP,,,0.0,https://indomet.gob.do/wp-content/uploads/2026/07/temperaturas-extremas-y-precipitaciones-2026x07x03-a.pdf
2026-07-03,060,LOS JARDINES (EMA),DISTRITO NACIONAL,PRIVADA,EMAP,,,0.0,https://indomet.gob.do/wp-content/uploads/2026/07/temperaturas-extremas-y-precipitaciones-2026x07x03-a.pdf
2026-07-03,061,LOS PRADOS (EMA),DISTRITO NACIONAL,PRIVADA,EMAP,,,0.0,https://indomet.gob.do/wp-content/uploads/2026/07/temperaturas-extremas-y-precipitaciones-2026x07x03-a.pdf
2026-07-03,062,MAO,VALVERDE,INDRHI / MINISTERIO DE AGRICULTURA,EMCV,,,0.0,https://indomet.gob.do/wp-content/uploads/2026/07/temperaturas-extremas-y-precipitaciones-2026x07x03-a.pdf
2026-07-03,063,MICHES (EMA),EL SEIBO,PRIVADA,EMAP,33.0,24.8,0.0,https://indomet.gob.do/wp-content/uploads/2026/07/temperaturas-extremas-y-precipitaciones-2026x07x03-a.pdf
2026-07-03,064,MONCIÓN (EMA),SANTIAGO RODRÍGUEZ,PROGRAMA MUNDIAL DE ALIMENTO,EMAP,33.7,19.4,0.0,https://indomet.gob.do/wp-content/uploads/2026/07/temperaturas-extremas-y-precipitaciones-2026x07x03-a.pdf
2026-07-03,065,MONTE CRISTI,MONTE CRISTI,INDOMET,EMCI,34.7,23.7,0.0,https://indomet.gob.do/wp-content/uploads/2026/07/temperaturas-extremas-y-precipitaciones-2026x07x03-a.pdf
2026-07-03,066,OLIVARES,PEDERNALES,INDRHI,EMCI,,,0.0,https://indomet.gob.do/wp-content/uploads/2026/07/temperaturas-extremas-y-precipitaciones-2026x07x03-a.pdf
2026-07-03,067,PALO ÍNDIO,PUERTO PLATA,MINISTERIO DE AGRICULTURA,EMCI,,,0.0,https://indomet.gob.do/wp-content/uploads/2026/07/temperaturas-extremas-y-precipitaciones-2026x07x03-a.pdf
2026-07-03,068,PEDERNALES,PEDERNALES,INDRHI,EMCI,,,0.0,https://indomet.gob.do/wp-content/uploads/2026/07/temperaturas-extremas-y-precipitaciones-2026x07x03-a.pdf
2026-07-03,069,PONTÓN ABAJO (EMA),LA VEGA,MINISTERIO DE AGRICULTURA,EMAP,37.1,23.2,0.0,https://indomet.gob.do/wp-content/uploads/2026/07/temperaturas-extremas-y-precipitaciones-2026x07x03-a.pdf
2026-07-03,070,PRESA DE TAVERAS (EMA),LA VEGA,PROGRAMA MUNDIAL DE ALIMENTO,EMAP,33.9,22.4,0.0,https://indomet.gob.do/wp-content/uploads/2026/07/temperaturas-extremas-y-precipitaciones-2026x07x03-a.pdf
2026-07-03,071,PROLONGACION 27 DE FEBRERO,DISTRITO NACIONAL,PRIVADA,EMAP,,,0.0,https://indomet.gob.do/wp-content/uploads/2026/07/temperaturas-extremas-y-precipitaciones-2026x07x03-a.pdf
2026-07-03,072,RÍO SAN JUAN,MARÍA TRINIDAD SÁNCHEZ,HOSP. MPAL. DR. DESIDERIO ACOSTA,EMCV,35.1,25.0,0.0,https://indomet.gob.do/wp-content/uploads/2026/07/temperaturas-extremas-y-precipitaciones-2026x07x03-a.pdf
2026-07-03,073,SABANA DE LA MAR,HATO MAYOR,INDOMET,EMCI,32.0,24.6,0.0,https://indomet.gob.do/wp-content/uploads/2026/07/temperaturas-extremas-y-precipitaciones-2026x07x03-a.pdf
2026-07-03,074,SAJOMA (EMA),SANTIAGO,PLAN SIERRA,EMAI,32.8,20.8,0.0,https://indomet.gob.do/wp-content/uploads/2026/07/temperaturas-extremas-y-precipitaciones-2026x07x03-a.pdf
2026-07-03,075,SAMANÁ,SAMANÁ,COMANDANCIA DE PUERTO DE SAMANÁ,EMCI,34.2,21.4,0.0,https://indomet.gob.do/wp-content/uploads/2026/07/temperaturas-extremas-y-precipitaciones-2026x07x03-a.pdf
2026-07-03,076,SAN CRISTÓBAL,SAN CRISTÓBAL,INSTITUTO POLITÉCNICO LOYOLA,EMCI,33.0,21.2,0.0,https://indomet.gob.do/wp-content/uploads/2026/07/temperaturas-extremas-y-precipitaciones-2026x07x03-a.pdf
2026-07-03,077,SANTO DOMINGO ESTE,SANTO DOMINGO,INDOMET,EMCI,32.5,25.0,0.0,https://indomet.gob.do/wp-content/uploads/2026/07/temperaturas-extremas-y-precipitaciones-2026x07x03-a.pdf
2026-07-03,078,VILLA GONZALES,SANTIAGO,MINISTERIO DE AGRICULTURA,EMCI,,,0.0,https://indomet.gob.do/wp-content/uploads/2026/07/temperaturas-extremas-y-precipitaciones-2026x07x03-a.pdf
2026-07-03,079,VILLA ISABELA,PUERTO PLATA,MINISTERIO DE AGRICULTURA,EMCV,34.8,22.5,0.0,https://indomet.gob.do/wp-content/uploads/2026/07/temperaturas-extremas-y-precipitaciones-2026x07x03-a.pdf
2026-07-03,080,VILLA RIVA,DUARTE,HOSP. MPAL. ALICIA DE LEGENDRE,EMCI,32.7,22.7,0.0,https://indomet.gob.do/wp-content/uploads/2026/07/temperaturas-extremas-y-precipitaciones-2026x07x03-a.pdf
2026-07-03,081,VILLA VASQUEZ (EMA),MONTE CRISTI,JUNTA DE REGANTES,EMAI,,,0.0,https://indomet.gob.do/wp-content/uploads/2026/07/temperaturas-extremas-y-precipitaciones-2026x07x03-a.pdf
2026-07-04,001,DAJABÓN,DAJABÓN,INSTITUTO POLITÉCNICO LOYOLA,EMCI,37.0,20.2,45.7,https://indomet.gob.do/wp-content/uploads/2026/07/temperaturas-extremas-y-precipitaciones-2026x07x04-a.pdf
2026-07-04,002,PERALTA,AZUA,HOSP. MPAL. DE PERALTA,EMCI,31.7,16.1,41.6,https://indomet.gob.do/wp-content/uploads/2026/07/temperaturas-extremas-y-precipitaciones-2026x07x04-a.pdf
2026-07-04,003,LUPERÓN,PUERTO PLATA,MINISTERIO DE AGRICULTURA,EMCV,,,27.7,https://indomet.gob.do/wp-content/uploads/2026/07/temperaturas-extremas-y-precipitaciones-2026x07x04-a.pdf
2026-07-04,004,ELÍAS PIÑA,ELÍAS PIÑA,MINISTERIO DE AGRICULTURA,EMCV,,,22.0,https://indomet.gob.do/wp-content/uploads/2026/07/temperaturas-extremas-y-precipitaciones-2026x07x04-a.pdf
2026-07-04,005,CABRERA,MARÍA TRINIDAD SÁNCHEZ,ESCUELA ARÍSTIDES FIALLO CABRAL,EMCI,33.6,25.5,20.0,https://indomet.gob.do/wp-content/uploads/2026/07/temperaturas-extremas-y-precipitaciones-2026x07x04-a.pdf
2026-07-04,006,ARPT. LA ISABELA,SANTO DOMINGO,INDOMET,EMCI,34.2,23.3,19.5,https://indomet.gob.do/wp-content/uploads/2026/07/temperaturas-extremas-y-precipitaciones-2026x07x04-a.pdf
2026-07-04,007,RESTAURACIÓN,DAJABÓN,MINISTERIO DE AGRICULTURA,EMCI,32.0,18.9,19.1,https://indomet.gob.do/wp-content/uploads/2026/07/temperaturas-extremas-y-precipitaciones-2026x07x04-a.pdf
2026-07-04,008,CONSTANZA,LA VEGA,MINISTERIO DE AGRICULTURA,EMCI,27.6,10.3,17.3,https://indomet.gob.do/wp-content/uploads/2026/07/temperaturas-extremas-y-precipitaciones-2026x07x04-a.pdf
2026-07-04,009,ALTO BANDERA (EMA),LA VEGA,INTEC,EMAP,15.8,9.2,16.8,https://indomet.gob.do/wp-content/uploads/2026/07/temperaturas-extremas-y-precipitaciones-2026x07x04-a.pdf
2026-07-04,010,PADRE LAS CASAS,AZUA,HOSP. NTRA. SRA. DEL CARMEN,EMCI,32.0,16.5,16.4,https://indomet.gob.do/wp-content/uploads/2026/07/temperaturas-extremas-y-precipitaciones-2026x07x04-a.pdf
2026-07-04,011,LA VICTORIA,SANTO DOMINGO,CUERPO DE BOMBEROS,EMCI,31.0,22.5,15.7,https://indomet.gob.do/wp-content/uploads/2026/07/temperaturas-extremas-y-precipitaciones-2026x07x04-a.pdf
2026-07-04,012,LA VEGA,LA VEGA,IATESA,EMCI,35.0,21.5,15.2,https://indomet.gob.do/wp-content/uploads/2026/07/temperaturas-extremas-y-precipitaciones-2026x07x04-a.pdf
2026-07-04,013,CONSTANZA (EMA),LA VEGA,PROGRAMA MUNDIAL DE ALIMENTO,EMAP,26.3,12.2,14.6,https://indomet.gob.do/wp-content/uploads/2026/07/temperaturas-extremas-y-precipitaciones-2026x07x04-a.pdf
2026-07-04,014,PALO ÍNDIO,PUERTO PLATA,MINISTERIO DE AGRICULTURA,EMCI,,,13.7,https://indomet.gob.do/wp-content/uploads/2026/07/temperaturas-extremas-y-precipitaciones-2026x07x04-a.pdf
2026-07-04,015,BUCARA (EMA),SANTIAGO,MINISTERIO DE AGRICULTURA,EMAI,,,13.6,https://indomet.gob.do/wp-content/uploads/2026/07/temperaturas-extremas-y-precipitaciones-2026x07x04-a.pdf
2026-07-04,016,TÁBARA ABAJO,AZUA,INDRHI,EMCI,32.7,19.0,12.4,https://indomet.gob.do/wp-content/uploads/2026/07/temperaturas-extremas-y-precipitaciones-2026x07x04-a.pdf
2026-07-04,017,VILLA ISABELA,PUERTO PLATA,MINISTERIO DE AGRICULTURA,EMCV,34.8,21.8,7.4,https://indomet.gob.do/wp-content/uploads/2026/07/temperaturas-extremas-y-precipitaciones-2026x07x04-a.pdf
2026-07-04,018,LOS COCOS (EMA),BAHORUCO,PRIVADA,EMAP,,,5.4,https://indomet.gob.do/wp-content/uploads/2026/07/temperaturas-extremas-y-precipitaciones-2026x07x04-a.pdf
2026-07-04,019,LOS LLANOS,SAN PEDRO DE MACORÍS,MINISTERIO DE AGRICULTURA,EMCI,31.5,22.0,5.3,https://indomet.gob.do/wp-content/uploads/2026/07/temperaturas-extremas-y-precipitaciones-2026x07x04-a.pdf
2026-07-04,020,VILLA RIVA,DUARTE,HOSP. MPAL. ALICIA DE LEGENDRE,EMCI,31.5,22.0,5.3,https://indomet.gob.do/wp-content/uploads/2026/07/temperaturas-extremas-y-precipitaciones-2026x07x04-a.pdf
2026-07-04,021,SAN JOSÉ DE OCOA,SAN JOSÉ DE OCOA,HOSP. SAN JOSÉ DE OCOA,EMCI,33.8,20.0,5.2,https://indomet.gob.do/wp-content/uploads/2026/07/temperaturas-extremas-y-precipitaciones-2026x07x04-a.pdf
2026-07-04,022,JARDÍN BOTÁNICO SANTIAGO (EMSANTIAGO,,JARDIN BOTANICO SANTIAGO,EMAI,34.8,22.3,5.0,https://indomet.gob.do/wp-content/uploads/2026/07/temperaturas-extremas-y-precipitaciones-2026x07x04-a.pdf
2026-07-04,023,SABANETA (EMA),SANTIAGO RODRÍGUEZ,PROGRAMA MUNDIAL DE ALIMENTO,EMAP,37.1,20.3,5.0,https://indomet.gob.do/wp-content/uploads/2026/07/temperaturas-extremas-y-precipitaciones-2026x07x04-a.pdf
2026-07-04,024,SANTIAGO RODRÍGUEZ,SANTIAGO RODRÍGUEZ,INDOMET,EMCI,36.5,22.0,4.7,https://indomet.gob.do/wp-content/uploads/2026/07/temperaturas-extremas-y-precipitaciones-2026x07x04-a.pdf
2026-07-04,025,HONDO VALLE,ELÍAS PIÑA,MINISTERIO DE AGRICULTURA,EMCI,28.0,17.5,4.6,https://indomet.gob.do/wp-content/uploads/2026/07/temperaturas-extremas-y-precipitaciones-2026x07x04-a.pdf
2026-07-04,026,SALCEDO,HERMANAS MIRABAL,PROPIEDAD DEL EMPLEADO,EMCI,,,4.6,https://indomet.gob.do/wp-content/uploads/2026/07/temperaturas-extremas-y-precipitaciones-2026x07x04-a.pdf
2026-07-04,027,JIMANÍ,INDEPENDENCIA,MINISTERIO DE AGRICULTURA,EMCI,36.4,25.4,4.2,https://indomet.gob.do/wp-content/uploads/2026/07/temperaturas-extremas-y-precipitaciones-2026x07x04-a.pdf
2026-07-04,028,MAO,VALVERDE,INDRHI / MINISTERIO DE AGRICULTURA,EMCV,,,4.2,https://indomet.gob.do/wp-content/uploads/2026/07/temperaturas-extremas-y-precipitaciones-2026x07x04-a.pdf
2026-07-04,029,SAJOMA (EMA),SANTIAGO,PLAN SIERRA,EMAI,33.0,19.0,4.2,https://indomet.gob.do/wp-content/uploads/2026/07/temperaturas-extremas-y-precipitaciones-2026x07x04-a.pdf
2026-07-04,030,BOCA DE MAO (EMA),VALVERDE,MINISTERIO DE AGRICULTURA,EMAP,37.3,23.2,3.6,https://indomet.gob.do/wp-content/uploads/2026/07/temperaturas-extremas-y-precipitaciones-2026x07x04-a.pdf
2026-07-04,031,GURABO,SANTIAGO,MINISTERIO DE AGRICULTURA,EMCV,,,3.6,https://indomet.gob.do/wp-content/uploads/2026/07/temperaturas-extremas-y-precipitaciones-2026x07x04-a.pdf
2026-07-04,032,ARPT. ARROYO BARRIL,SAMANÁ,INDOMET,EMCI,30.2,24.5,3.5,https://indomet.gob.do/wp-content/uploads/2026/07/temperaturas-extremas-y-precipitaciones-2026x07x04-a.pdf
2026-07-04,033,JARABACOA (EMA),LA VEGA,PROGRAMA MUNDIAL DE ALIMENTO,EMAP,31.8,17.5,3.4,https://indomet.gob.do/wp-content/uploads/2026/07/temperaturas-extremas-y-precipitaciones-2026x07x04-a.pdf
2026-07-04,034,JARABACOA,LA VEGA,INDRHI / MARENA,EMCI,32.2,16.4,3.1,https://indomet.gob.do/wp-content/uploads/2026/07/temperaturas-extremas-y-precipitaciones-2026x07x04-a.pdf
2026-07-04,035,ARPT. GREGORIO LUPERÓN,PUERTO PLATA,INDOMET,EMCI,33.0,22.4,2.5,https://indomet.gob.do/wp-content/uploads/2026/07/temperaturas-extremas-y-precipitaciones-2026x07x04-a.pdf
2026-07-04,036,ARPT. DEL CIBAO,SANTIAGO,INDOMET,EMCI,34.5,22.0,2.3,https://indomet.gob.do/wp-content/uploads/2026/07/temperaturas-extremas-y-precipitaciones-2026x07x04-a.pdf
2026-07-04,037,VILLA GONZALES,SANTIAGO,MINISTERIO DE AGRICULTURA,EMCI,,,2.3,https://indomet.gob.do/wp-content/uploads/2026/07/temperaturas-extremas-y-precipitaciones-2026x07x04-a.pdf
2026-07-04,038,ARROYO LORO,SAN JUAN,IDIAF,EMCI,33.0,19.2,2.0,https://indomet.gob.do/wp-content/uploads/2026/07/temperaturas-extremas-y-precipitaciones-2026x07x04-a.pdf
2026-07-04,039,CABRAL,BARAHONA,MINISTERIO DE AGRICULTURA,EMCV,35.0,22.3,2.0,https://indomet.gob.do/wp-content/uploads/2026/07/temperaturas-extremas-y-precipitaciones-2026x07x04-a.pdf
2026-07-04,040,SABANA DE LA MAR,HATO MAYOR,INDOMET,EMCI,32.4,23.2,2.0,https://indomet.gob.do/wp-content/uploads/2026/07/temperaturas-extremas-y-precipitaciones-2026x07x04-a.pdf
2026-07-04,041,POLO,BARAHONA,INDOCAFE,EMCI,29.3,17.6,1.5,https://indomet.gob.do/wp-content/uploads/2026/07/temperaturas-extremas-y-precipitaciones-2026x07x04-a.pdf
2026-07-04,042,ENSANCHE LA FE (EMA),DISTRITO NACIONAL,PRIVADA,EMAP,,,1.5,https://indomet.gob.do/wp-content/uploads/2026/07/temperaturas-extremas-y-precipitaciones-2026x07x04-a.pdf
2026-07-04,043,LA AGUSTINA (EMA),DISTRITO NACIONAL,PRIVADA,EMAP,,,1.5,https://indomet.gob.do/wp-content/uploads/2026/07/temperaturas-extremas-y-precipitaciones-2026x07x04-a.pdf
2026-07-04,044,ANAMUYA (EMA),LA ALTAGRACIA,MINISTERIO DE AGRICULTURA,EMAP,32.8,26.2,1.4,https://indomet.gob.do/wp-content/uploads/2026/07/temperaturas-extremas-y-precipitaciones-2026x07x04-a.pdf
2026-07-04,045,PONTÓN ABAJO (EMA),LA VEGA,MINISTERIO DE AGRICULTURA,EMAP,35.4,22.0,1.4,https://indomet.gob.do/wp-content/uploads/2026/07/temperaturas-extremas-y-precipitaciones-2026x07x04-a.pdf
2026-07-04,046,ARPT. EL CATEY,SAMANÁ,INDOMET,EMCI,33.2,22.6,1.3,https://indomet.gob.do/wp-content/uploads/2026/07/temperaturas-extremas-y-precipitaciones-2026x07x04-a.pdf
2026-07-04,047,ALTAMIRA,PUERTO PLATA,HOSP. MPAL. DE ALTAMIRA,EMCI,34.6,21.4,1.2,https://indomet.gob.do/wp-content/uploads/2026/07/temperaturas-extremas-y-precipitaciones-2026x07x04-a.pdf
2026-07-04,048,ARPT. MARÍA MONTEZ,BARAHONA,INDOMET,EMCI,34.0,28.0,1.2,https://indomet.gob.do/wp-content/uploads/2026/07/temperaturas-extremas-y-precipitaciones-2026x07x04-a.pdf
2026-07-04,049,BAYAGUANA,MONTE PLATA,INDOMET,EMCI,32.6,22.4,1.0,https://indomet.gob.do/wp-content/uploads/2026/07/temperaturas-extremas-y-precipitaciones-2026x07x04-a.pdf
2026-07-04,050,OVIEDO,PEDERNALES,CLÍNICA RURAL OVIEDO,EMCI,33.5,24.5,0.8,https://indomet.gob.do/wp-content/uploads/2026/07/temperaturas-extremas-y-precipitaciones-2026x07x04-a.pdf
2026-07-04,051,LAS CANAS (EMA),MONTE CRISTI,PROGRAMA MUNDIAL DE ALIMENTO,EMAP,30.8,22.9,0.6,https://indomet.gob.do/wp-content/uploads/2026/07/temperaturas-extremas-y-precipitaciones-2026x07x04-a.pdf
2026-07-04,052,RÍO SAN JUAN,MARÍA TRINIDAD SÁNCHEZ,HOSP. MPAL. DR. DESIDERIO ACOSTA,EMCV,35.0,25.3,0.6,https://indomet.gob.do/wp-content/uploads/2026/07/temperaturas-extremas-y-precipitaciones-2026x07x04-a.pdf
2026-07-04,053,BONAO,MONSEÑOR NOUEL,MINISTERIO DE AGRICULTURA,EMCV,,,0.5,https://indomet.gob.do/wp-content/uploads/2026/07/temperaturas-extremas-y-precipitaciones-2026x07x04-a.pdf
2026-07-04,054,RANCHO ARRIBA,SAN JOSÉ DE OCOA,CENTRO TECNOLÓGICO COMUNITARIO,EMCI,30.3,15.9,0.5,https://indomet.gob.do/wp-content/uploads/2026/07/temperaturas-extremas-y-precipitaciones-2026x07x04-a.pdf
2026-07-04,055,JUMA BEJUCAL,MONSEÑOR NOUEL,IDIAF,EMCV,32.2,23.8,0.2,https://indomet.gob.do/wp-content/uploads/2026/07/temperaturas-extremas-y-precipitaciones-2026x07x04-a.pdf
2026-07-04,056,LA DESCUBIERTA (EMA),INDEPENDENCIA,PRIVADA,EMAP,34.9,21.7,0.2,https://indomet.gob.do/wp-content/uploads/2026/07/temperaturas-extremas-y-precipitaciones-2026x07x04-a.pdf
2026-07-04,057,VILLA VASQUEZ (EMA),MONTE CRISTI,JUNTA DE REGANTES,EMAI,,,0.2,https://indomet.gob.do/wp-content/uploads/2026/07/temperaturas-extremas-y-precipitaciones-2026x07x04-a.pdf
2026-07-04,058,SABANA GRANDE DE BOYÁ,MONTE PLATA,MINISTERIO DE AGRICULTURA,EMCV,,,0.1,https://indomet.gob.do/wp-content/uploads/2026/07/temperaturas-extremas-y-precipitaciones-2026x07x04-a.pdf
2026-07-04,059,ARPT. DE LA ROMANA,LA ROMANA,INDOMET,EMCI,32.2,23.5,0.0,https://indomet.gob.do/wp-content/uploads/2026/07/temperaturas-extremas-y-precipitaciones-2026x07x04-a.pdf
2026-07-04,060,ARPT. DE LAS AMÉRICAS,SANTO DOMINGO,INDOMET,EMCI,32.5,23.5,0.0,https://indomet.gob.do/wp-content/uploads/2026/07/temperaturas-extremas-y-precipitaciones-2026x07x04-a.pdf
2026-07-04,061,ARPT. DE PUNTA CANA,LA ALTAGRACIA,INDOMET,EMCI,31.3,25.6,0.0,https://indomet.gob.do/wp-content/uploads/2026/07/temperaturas-extremas-y-precipitaciones-2026x07x04-a.pdf
2026-07-04,062,BANI (EMA),PERAVIA,MINISTERIO DE AGRICULTURA,EMAP,32.3,25.2,0.0,https://indomet.gob.do/wp-content/uploads/2026/07/temperaturas-extremas-y-precipitaciones-2026x07x04-a.pdf
2026-07-04,063,BELLA VISTA (EMA),DISTRITO NACIONAL,PRIVADA,EMAP,,,0.0,https://indomet.gob.do/wp-content/uploads/2026/07/temperaturas-extremas-y-precipitaciones-2026x07x04-a.pdf
2026-07-04,064,CENTRO DE LOS HEROES (EMA),DISTRITO NACIONAL,MINISTERIO DE ENERGIA Y MINA,EMAP,31.9,25.8,0.0,https://indomet.gob.do/wp-content/uploads/2026/07/temperaturas-extremas-y-precipitaciones-2026x07x04-a.pdf
2026-07-04,065,EL MILLON (EMA),DISTRITO NACIONAL,PRIVADA,EMAP,,,0.0,https://indomet.gob.do/wp-content/uploads/2026/07/temperaturas-extremas-y-precipitaciones-2026x07x04-a.pdf
2026-07-04,066,ENRIQUILLO,BARAHONA,MINISTERIO DE AGRICULTURA,EMCV,34.0,24.3,0.0,https://indomet.gob.do/wp-content/uploads/2026/07/temperaturas-extremas-y-precipitaciones-2026x07x04-a.pdf
2026-07-04,067,ESCONDIDO,PERAVIA,MINISTERIO DE AGRICULTURA,EMCV,32.0,26.0,0.0,https://indomet.gob.do/wp-content/uploads/2026/07/temperaturas-extremas-y-precipitaciones-2026x07x04-a.pdf
2026-07-04,068,GASPAR HERNÁNDEZ,ESPAILLAT,PROPIEDAD DEL EMPLEADO,EMCI,,,0.0,https://indomet.gob.do/wp-content/uploads/2026/07/temperaturas-extremas-y-precipitaciones-2026x07x04-a.pdf
2026-07-04,069,LOS CACICAZGOS (EMA),DISTRITO NACIONAL,PRIVADA,EMAP,,,0.0,https://indomet.gob.do/wp-content/uploads/2026/07/temperaturas-extremas-y-precipitaciones-2026x07x04-a.pdf
2026-07-04,070,LOS JARDINES (EMA),DISTRITO NACIONAL,PRIVADA,EMAP,,,0.0,https://indomet.gob.do/wp-content/uploads/2026/07/temperaturas-extremas-y-precipitaciones-2026x07x04-a.pdf
2026-07-04,071,LOS PRADOS (EMA),DISTRITO NACIONAL,PRIVADA,EMAP,,,0.0,https://indomet.gob.do/wp-content/uploads/2026/07/temperaturas-extremas-y-precipitaciones-2026x07x04-a.pdf
2026-07-04,072,MICHES (EMA),EL SEIBO,PRIVADA,EMAP,34.4,23.5,0.0,https://indomet.gob.do/wp-content/uploads/2026/07/temperaturas-extremas-y-precipitaciones-2026x07x04-a.pdf
2026-07-04,073,MONCIÓN (EMA),SANTIAGO RODRÍGUEZ,PROGRAMA MUNDIAL DE ALIMENTO,EMAP,33.2,18.2,0.0,https://indomet.gob.do/wp-content/uploads/2026/07/temperaturas-extremas-y-precipitaciones-2026x07x04-a.pdf
2026-07-04,074,MONTE CRISTI,MONTE CRISTI,INDOMET,EMCI,34.6,24.7,0.0,https://indomet.gob.do/wp-content/uploads/2026/07/temperaturas-extremas-y-precipitaciones-2026x07x04-a.pdf
2026-07-04,075,OLIVARES,PEDERNALES,INDRHI,EMCI,,,0.0,https://indomet.gob.do/wp-content/uploads/2026/07/temperaturas-extremas-y-precipitaciones-2026x07x04-a.pdf
2026-07-04,076,PEDERNALES,PEDERNALES,INDRHI,EMCI,,,0.0,https://indomet.gob.do/wp-content/uploads/2026/07/temperaturas-extremas-y-precipitaciones-2026x07x04-a.pdf
2026-07-04,077,PRESA DE TAVERAS (EMA),LA VEGA,PROGRAMA MUNDIAL DE ALIMENTO,EMAP,33.7,21.0,0.0,https://indomet.gob.do/wp-content/uploads/2026/07/temperaturas-extremas-y-precipitaciones-2026x07x04-a.pdf
2026-07-04,078,PROLONGACION 27 DE FEBRERO,DISTRITO NACIONAL,PRIVADA,EMAP,,,0.0,https://indomet.gob.do/wp-content/uploads/2026/07/temperaturas-extremas-y-precipitaciones-2026x07x04-a.pdf
2026-07-04,079,SAMANÁ,SAMANÁ,COMANDANCIA DE PUERTO DE SAMANÁ,EMCI,33.7,19.3,0.0,https://indomet.gob.do/wp-content/uploads/2026/07/temperaturas-extremas-y-precipitaciones-2026x07x04-a.pdf
2026-07-04,080,SAN CRISTÓBAL,SAN CRISTÓBAL,INSTITUTO POLITÉCNICO LOYOLA,EMCI,33.5,24.5,0.0,https://indomet.gob.do/wp-content/uploads/2026/07/temperaturas-extremas-y-precipitaciones-2026x07x04-a.pdf
2026-07-04,081,SÁNCHEZ,SAMANÁ,MINISTERIO DE AGRICULTURA,EMCI,33.2,,0.0,https://indomet.gob.do/wp-content/uploads/2026/07/temperaturas-extremas-y-precipitaciones-2026x07x04-a.pdf
2026-07-04,082,SANTO DOMINGO ESTE,SANTO DOMINGO,INDOMET,EMCI,33.0,25.6,0.0,https://indomet.gob.do/wp-content/uploads/2026/07/temperaturas-extremas-y-precipitaciones-2026x07x04-a.pdf
2026-07-05,001,SAN FRANCISCO DE MACORÍS,DUARTE,San Francisco de Macorís (UASD),EMCI,34.9,22.5,5.8,https://indomet.gob.do/wp-content/uploads/2026/07/temperaturas-extremas-y-precipitaciones-2026x07x05-a.pdf
2026-07-05,002,PASO AL MEDIO,SAN PEDRO DE MACORÍS,INDRHI,EMCI,,,3.6,https://indomet.gob.do/wp-content/uploads/2026/07/temperaturas-extremas-y-precipitaciones-2026x07x05-a.pdf
2026-07-05,003,SÁNCHEZ,SAMANÁ,MINISTERIO DE AGRICULTURA,EMCI,33.4,,1.2,https://indomet.gob.do/wp-content/uploads/2026/07/temperaturas-extremas-y-precipitaciones-2026x07x05-a.pdf
2026-07-05,004,BONAO,MONSEÑOR NOUEL,MINISTERIO DE AGRICULTURA,EMCV,,,1.0,https://indomet.gob.do/wp-content/uploads/2026/07/temperaturas-extremas-y-precipitaciones-2026x07x05-a.pdf
2026-07-05,005,ARENOSO (EMA),DUARTE,PROGRAMA MUNDIAL DE ALIMENTO,EMAP,,,1.0,https://indomet.gob.do/wp-content/uploads/2026/07/temperaturas-extremas-y-precipitaciones-2026x07x05-a.pdf
2026-07-05,006,LA VICTORIA,SANTO DOMINGO,CUERPO DE BOMBEROS,EMCI,34.0,25.0,1.0,https://indomet.gob.do/wp-content/uploads/2026/07/temperaturas-extremas-y-precipitaciones-2026x07x05-a.pdf
2026-07-05,007,TAMBORIL,SANTIAGO,MINISTERIO DE AGRICULTURA,EMCV,,,0.5,https://indomet.gob.do/wp-content/uploads/2026/07/temperaturas-extremas-y-precipitaciones-2026x07x05-a.pdf
2026-07-05,008,BAYAGUANA,MONTE PLATA,INDOMET,EMCI,34.8,22.6,0.4,https://indomet.gob.do/wp-content/uploads/2026/07/temperaturas-extremas-y-precipitaciones-2026x07x05-a.pdf
2026-07-05,009,BUCARA (EMA),SANTIAGO,MINISTERIO DE AGRICULTURA,EMAI,,,0.4,https://indomet.gob.do/wp-content/uploads/2026/07/temperaturas-extremas-y-precipitaciones-2026x07x05-a.pdf
2026-07-05,010,VILLA VASQUEZ (EMA),MONTE CRISTI,JUNTA DE REGANTES,EMAI,,,0.2,https://indomet.gob.do/wp-content/uploads/2026/07/temperaturas-extremas-y-precipitaciones-2026x07x05-a.pdf
2026-07-05,011,ARPT. DE PUNTA CANA,LA ALTAGRACIA,INDOMET,EMCI,32.0,25.0,0.1,https://indomet.gob.do/wp-content/uploads/2026/07/temperaturas-extremas-y-precipitaciones-2026x07x05-a.pdf
2026-07-05,012,CABRAL,BARAHONA,MINISTERIO DE AGRICULTURA,EMCV,35.0,24.7,0.1,https://indomet.gob.do/wp-content/uploads/2026/07/temperaturas-extremas-y-precipitaciones-2026x07x05-a.pdf
2026-07-05,013,JARDÍN BOTÁNICO NACIONAL,DISTRITO NACIONAL,JARDÍN BOTÁNICO NACIONAL,EMCV,34.0,22.5,0.1,https://indomet.gob.do/wp-content/uploads/2026/07/temperaturas-extremas-y-precipitaciones-2026x07x05-a.pdf
2026-07-05,014,POLO,BARAHONA,INDOCAFE,EMCI,30.0,18.5,0.1,https://indomet.gob.do/wp-content/uploads/2026/07/temperaturas-extremas-y-precipitaciones-2026x07x05-a.pdf
2026-07-05,015,SALCEDO,HERMANAS MIRABAL,PROPIEDAD DEL EMPLEADO,EMCI,,,0.1,https://indomet.gob.do/wp-content/uploads/2026/07/temperaturas-extremas-y-precipitaciones-2026x07x05-a.pdf
2026-07-05,016,HATO MAYOR,HATO MAYOR,MINISTERIO DE AGRICULTURA,EMCV,,,0.0,https://indomet.gob.do/wp-content/uploads/2026/07/temperaturas-extremas-y-precipitaciones-2026x07x05-a.pdf
2026-07-05,017,ALTAMIRA,PUERTO PLATA,HOSP. MPAL. DE ALTAMIRA,EMCI,35.6,22.2,0.0,https://indomet.gob.do/wp-content/uploads/2026/07/temperaturas-extremas-y-precipitaciones-2026x07x05-a.pdf
2026-07-05,018,ALTO BANDERA (EMA),LA VEGA,INTEC,EMAP,17.3,9.1,0.0,https://indomet.gob.do/wp-content/uploads/2026/07/temperaturas-extremas-y-precipitaciones-2026x07x05-a.pdf
2026-07-05,019,ANAMUYA (EMA),LA ALTAGRACIA,MINISTERIO DE AGRICULTURA,EMAP,32.5,26.0,0.0,https://indomet.gob.do/wp-content/uploads/2026/07/temperaturas-extremas-y-precipitaciones-2026x07x05-a.pdf
2026-07-05,020,ARPT. ARROYO BARRIL,SAMANÁ,INDOMET,EMCI,32.0,24.0,0.0,https://indomet.gob.do/wp-content/uploads/2026/07/temperaturas-extremas-y-precipitaciones-2026x07x05-a.pdf
2026-07-05,021,ARPT. DE LA ROMANA,LA ROMANA,INDOMET,EMCI,33.6,24.0,0.0,https://indomet.gob.do/wp-content/uploads/2026/07/temperaturas-extremas-y-precipitaciones-2026x07x05-a.pdf
2026-07-05,022,ARPT. DE LAS AMÉRICAS,SANTO DOMINGO,INDOMET,EMCI,37.3,25.0,0.0,https://indomet.gob.do/wp-content/uploads/2026/07/temperaturas-extremas-y-precipitaciones-2026x07x05-a.pdf
2026-07-05,023,ARPT. DEL CIBAO,SANTIAGO,INDOMET,EMCI,34.6,22.4,0.0,https://indomet.gob.do/wp-content/uploads/2026/07/temperaturas-extremas-y-precipitaciones-2026x07x05-a.pdf
2026-07-05,024,ARPT. EL CATEY,SAMANÁ,INDOMET,EMCI,31.4,21.8,0.0,https://indomet.gob.do/wp-content/uploads/2026/07/temperaturas-extremas-y-precipitaciones-2026x07x05-a.pdf
2026-07-05,025,ARPT. GREGORIO LUPERÓN,PUERTO PLATA,INDOMET,EMCI,32.8,22.2,0.0,https://indomet.gob.do/wp-content/uploads/2026/07/temperaturas-extremas-y-precipitaciones-2026x07x05-a.pdf
2026-07-05,026,ARPT. LA ISABELA,SANTO DOMINGO,INDOMET,EMCI,34.0,22.0,0.0,https://indomet.gob.do/wp-content/uploads/2026/07/temperaturas-extremas-y-precipitaciones-2026x07x05-a.pdf
2026-07-05,027,ARPT. MARÍA MONTEZ,BARAHONA,INDOMET,EMCI,34.7,22.0,0.0,https://indomet.gob.do/wp-content/uploads/2026/07/temperaturas-extremas-y-precipitaciones-2026x07x05-a.pdf
2026-07-05,028,ARROYO LORO,SAN JUAN,IDIAF,EMCI,33.0,20.7,0.0,https://indomet.gob.do/wp-content/uploads/2026/07/temperaturas-extremas-y-precipitaciones-2026x07x05-a.pdf
2026-07-05,029,BANI (EMA),PERAVIA,MINISTERIO DE AGRICULTURA,EMAP,32.8,26.8,0.0,https://indomet.gob.do/wp-content/uploads/2026/07/temperaturas-extremas-y-precipitaciones-2026x07x05-a.pdf
2026-07-05,030,BASE AÉREA DE SAN ISIDRO,SANTO DOMINGO,FUERZA AÉREA DOMINICANA,EMCV,31.0,25.5,0.0,https://indomet.gob.do/wp-content/uploads/2026/07/temperaturas-extremas-y-precipitaciones-2026x07x05-a.pdf
2026-07-05,031,BOCA DE MAO (EMA),VALVERDE,MINISTERIO DE AGRICULTURA,EMAP,36.5,25.3,0.0,https://indomet.gob.do/wp-content/uploads/2026/07/temperaturas-extremas-y-precipitaciones-2026x07x05-a.pdf
2026-07-05,032,BOHECHÍO,SAN JUAN,MINISTERIO DE AGRICULTURA,EMCV,,,0.0,https://indomet.gob.do/wp-content/uploads/2026/07/temperaturas-extremas-y-precipitaciones-2026x07x05-a.pdf
2026-07-05,033,CABRERA,MARÍA TRINIDAD SÁNCHEZ,ESCUELA ARÍSTIDES FIALLO CABRAL,EMCI,34.0,27.0,0.0,https://indomet.gob.do/wp-content/uploads/2026/07/temperaturas-extremas-y-precipitaciones-2026x07x05-a.pdf
2026-07-05,034,CENTRO DE LOS HEROES (EMA),DISTRITO NACIONAL,MINISTERIO DE ENERGIA Y MINA,EMAP,32.6,27.3,0.0,https://indomet.gob.do/wp-content/uploads/2026/07/temperaturas-extremas-y-precipitaciones-2026x07x05-a.pdf
2026-07-05,035,CONSTANZA,LA VEGA,MINISTERIO DE AGRICULTURA,EMCI,28.4,13.0,0.0,https://indomet.gob.do/wp-content/uploads/2026/07/temperaturas-extremas-y-precipitaciones-2026x07x05-a.pdf
2026-07-05,036,CONSTANZA (EMA),LA VEGA,PROGRAMA MUNDIAL DE ALIMENTO,EMAP,27.6,14.8,0.0,https://indomet.gob.do/wp-content/uploads/2026/07/temperaturas-extremas-y-precipitaciones-2026x07x05-a.pdf
2026-07-05,037,COTUÍ,SÁNCHEZ RAMÍREZ,HOSP. INMACULADA CONCEPCIÓN,EMCV,,,0.0,https://indomet.gob.do/wp-content/uploads/2026/07/temperaturas-extremas-y-precipitaciones-2026x07x05-a.pdf
2026-07-05,038,DAJABÓN,DAJABÓN,INSTITUTO POLITÉCNICO LOYOLA,EMCI,36.4,21.0,0.0,https://indomet.gob.do/wp-content/uploads/2026/07/temperaturas-extremas-y-precipitaciones-2026x07x05-a.pdf
2026-07-05,039,EL CERCADO,SAN JUAN,MINISTERIO DE AGRICULTURA,EMCV,,,0.0,https://indomet.gob.do/wp-content/uploads/2026/07/temperaturas-extremas-y-precipitaciones-2026x07x05-a.pdf
2026-07-05,040,EL MILLON (EMA),DISTRITO NACIONAL,PRIVADA,EMAP,,,0.0,https://indomet.gob.do/wp-content/uploads/2026/07/temperaturas-extremas-y-precipitaciones-2026x07x05-a.pdf
2026-07-05,041,EL SEIBO,EL SEIBO,MINISTERIO DE AGRICULTURA,EMCV,,,0.0,https://indomet.gob.do/wp-content/uploads/2026/07/temperaturas-extremas-y-precipitaciones-2026x07x05-a.pdf
2026-07-05,042,ELÍAS PIÑA,ELÍAS PIÑA,MINISTERIO DE AGRICULTURA,EMCV,,,0.0,https://indomet.gob.do/wp-content/uploads/2026/07/temperaturas-extremas-y-precipitaciones-2026x07x05-a.pdf
2026-07-05,043,ENRIQUILLO,BARAHONA,MINISTERIO DE AGRICULTURA,EMCV,32.7,25.0,0.0,https://indomet.gob.do/wp-content/uploads/2026/07/temperaturas-extremas-y-precipitaciones-2026x07x05-a.pdf
2026-07-05,044,ENSANCHE LA FE (EMA),DISTRITO NACIONAL,PRIVADA,EMAP,,,0.0,https://indomet.gob.do/wp-content/uploads/2026/07/temperaturas-extremas-y-precipitaciones-2026x07x05-a.pdf
2026-07-05,045,GASPAR HERNÁNDEZ,ESPAILLAT,PROPIEDAD DEL EMPLEADO,EMCI,,,0.0,https://indomet.gob.do/wp-content/uploads/2026/07/temperaturas-extremas-y-precipitaciones-2026x07x05-a.pdf
2026-07-05,046,GURABO,SANTIAGO,MINISTERIO DE AGRICULTURA,EMCV,,,0.0,https://indomet.gob.do/wp-content/uploads/2026/07/temperaturas-extremas-y-precipitaciones-2026x07x05-a.pdf
2026-07-05,047,HONDO VALLE,ELÍAS PIÑA,MINISTERIO DE AGRICULTURA,EMCI,28.8,18.4,0.0,https://indomet.gob.do/wp-content/uploads/2026/07/temperaturas-extremas-y-precipitaciones-2026x07x05-a.pdf
2026-07-05,048,JARABACOA,LA VEGA,INDRHI / MARENA,EMCI,33.0,16.8,0.0,https://indomet.gob.do/wp-content/uploads/2026/07/temperaturas-extremas-y-precipitaciones-2026x07x05-a.pdf
2026-07-05,049,JARABACOA (EMA),LA VEGA,PROGRAMA MUNDIAL DE ALIMENTO,EMAP,32.0,19.3,0.0,https://indomet.gob.do/wp-content/uploads/2026/07/temperaturas-extremas-y-precipitaciones-2026x07x05-a.pdf
2026-07-05,050,JARDÍN BOTÁNICO SANTIAGO (EMSANTIAGO,,JARDIN BOTANICO SANTIAGO,EMAI,34.4,27.2,0.0,https://indomet.gob.do/wp-content/uploads/2026/07/temperaturas-extremas-y-precipitaciones-2026x07x05-a.pdf
2026-07-05,051,JIMANÍ,INDEPENDENCIA,MINISTERIO DE AGRICULTURA,EMCI,36.5,23.5,0.0,https://indomet.gob.do/wp-content/uploads/2026/07/temperaturas-extremas-y-precipitaciones-2026x07x05-a.pdf
2026-07-05,052,JUMA BEJUCAL,MONSEÑOR NOUEL,IDIAF,EMCV,33.2,23.4,0.0,https://indomet.gob.do/wp-content/uploads/2026/07/temperaturas-extremas-y-precipitaciones-2026x07x05-a.pdf
2026-07-05,053,LA AGUSTINA (EMA),DISTRITO NACIONAL,PRIVADA,EMAP,,,0.0,https://indomet.gob.do/wp-content/uploads/2026/07/temperaturas-extremas-y-precipitaciones-2026x07x05-a.pdf
2026-07-05,054,LA DESCUBIERTA (EMA),INDEPENDENCIA,PRIVADA,EMAP,34.6,25.0,0.0,https://indomet.gob.do/wp-content/uploads/2026/07/temperaturas-extremas-y-precipitaciones-2026x07x05-a.pdf
2026-07-05,055,LA VEGA,LA VEGA,IATESA,EMCI,34.5,24.8,0.0,https://indomet.gob.do/wp-content/uploads/2026/07/temperaturas-extremas-y-precipitaciones-2026x07x05-a.pdf
2026-07-05,056,LAS CANAS (EMA),MONTE CRISTI,PROGRAMA MUNDIAL DE ALIMENTO,EMAP,33.9,24.8,0.0,https://indomet.gob.do/wp-content/uploads/2026/07/temperaturas-extremas-y-precipitaciones-2026x07x05-a.pdf
2026-07-05,057,LAS MATAS DE FARFÁN,SAN JUAN,MINISTERIO DE AGRICULTURA,EMCV,,,0.0,https://indomet.gob.do/wp-content/uploads/2026/07/temperaturas-extremas-y-precipitaciones-2026x07x05-a.pdf
2026-07-05,058,LOS CACICAZGOS (EMA),DISTRITO NACIONAL,PRIVADA,EMAP,,,0.0,https://indomet.gob.do/wp-content/uploads/2026/07/temperaturas-extremas-y-precipitaciones-2026x07x05-a.pdf
2026-07-05,059,LOS COCOS (EMA),BAHORUCO,PRIVADA,EMAP,,,0.0,https://indomet.gob.do/wp-content/uploads/2026/07/temperaturas-extremas-y-precipitaciones-2026x07x05-a.pdf
2026-07-05,060,LOS JARDINES (EMA),DISTRITO NACIONAL,PRIVADA,EMAP,,,0.0,https://indomet.gob.do/wp-content/uploads/2026/07/temperaturas-extremas-y-precipitaciones-2026x07x05-a.pdf
2026-07-05,061,LOS JENGIBRES,NAGUA,INDRHI,EMCI,,,0.0,https://indomet.gob.do/wp-content/uploads/2026/07/temperaturas-extremas-y-precipitaciones-2026x07x05-a.pdf
2026-07-05,062,LOS LLANOS,SAN PEDRO DE MACORÍS,MINISTERIO DE AGRICULTURA,EMCI,34.5,25.0,0.0,https://indomet.gob.do/wp-content/uploads/2026/07/temperaturas-extremas-y-precipitaciones-2026x07x05-a.pdf
2026-07-05,063,LOS PRADOS (EMA),DISTRITO NACIONAL,PRIVADA,EMAP,,,0.0,https://indomet.gob.do/wp-content/uploads/2026/07/temperaturas-extremas-y-precipitaciones-2026x07x05-a.pdf
2026-07-05,064,LUPERÓN,PUERTO PLATA,MINISTERIO DE AGRICULTURA,EMCV,,,0.0,https://indomet.gob.do/wp-content/uploads/2026/07/temperaturas-extremas-y-precipitaciones-2026x07x05-a.pdf
2026-07-05,065,MAO,VALVERDE,INDRHI / MINISTERIO DE AGRICULTURA,EMCV,,,0.0,https://indomet.gob.do/wp-content/uploads/2026/07/temperaturas-extremas-y-precipitaciones-2026x07x05-a.pdf
2026-07-05,066,MICHES (EMA),EL SEIBO,PRIVADA,EMAP,33.9,24.1,0.0,https://indomet.gob.do/wp-content/uploads/2026/07/temperaturas-extremas-y-precipitaciones-2026x07x05-a.pdf
2026-07-05,067,MONCIÓN (EMA),SANTIAGO RODRÍGUEZ,PROGRAMA MUNDIAL DE ALIMENTO,EMAP,33.9,20.0,0.0,https://indomet.gob.do/wp-content/uploads/2026/07/temperaturas-extremas-y-precipitaciones-2026x07x05-a.pdf
2026-07-05,068,MONTE CRISTI,MONTE CRISTI,INDOMET,EMCI,37.5,23.8,0.0,https://indomet.gob.do/wp-content/uploads/2026/07/temperaturas-extremas-y-precipitaciones-2026x07x05-a.pdf
2026-07-05,069,NAVARRETE,SANTIAGO,MINISTERIO DE AGRICULTURA,EMCV,,,0.0,https://indomet.gob.do/wp-content/uploads/2026/07/temperaturas-extremas-y-precipitaciones-2026x07x05-a.pdf
2026-07-05,070,OLIVARES,PEDERNALES,INDRHI,EMCI,,,0.0,https://indomet.gob.do/wp-content/uploads/2026/07/temperaturas-extremas-y-precipitaciones-2026x07x05-a.pdf
2026-07-05,071,OVIEDO,PEDERNALES,CLÍNICA RURAL OVIEDO,EMCI,33.0,25.0,0.0,https://indomet.gob.do/wp-content/uploads/2026/07/temperaturas-extremas-y-precipitaciones-2026x07x05-a.pdf
2026-07-05,072,PADRE LAS CASAS,AZUA,HOSP. NTRA. SRA. DEL CARMEN,EMCI,32.0,16.5,0.0,https://indomet.gob.do/wp-content/uploads/2026/07/temperaturas-extremas-y-precipitaciones-2026x07x05-a.pdf
2026-07-05,073,PALO ÍNDIO,PUERTO PLATA,MINISTERIO DE AGRICULTURA,EMCI,,,0.0,https://indomet.gob.do/wp-content/uploads/2026/07/temperaturas-extremas-y-precipitaciones-2026x07x05-a.pdf
2026-07-05,074,PARQUE MIRADOR SUR,DISTRITO NACIONAL,AYUNTAMIENTO,EMCV,34.4,24.0,0.0,https://indomet.gob.do/wp-content/uploads/2026/07/temperaturas-extremas-y-precipitaciones-2026x07x05-a.pdf
2026-07-05,075,PEDERNALES,PEDERNALES,INDRHI,EMCI,,,0.0,https://indomet.gob.do/wp-content/uploads/2026/07/temperaturas-extremas-y-precipitaciones-2026x07x05-a.pdf
2026-07-05,076,PERALTA,AZUA,HOSP. MPAL. DE PERALTA,EMCI,32.0,19.4,0.0,https://indomet.gob.do/wp-content/uploads/2026/07/temperaturas-extremas-y-precipitaciones-2026x07x05-a.pdf
2026-07-05,077,PONTÓN ABAJO (EMA),LA VEGA,MINISTERIO DE AGRICULTURA,EMAP,36.8,25.6,0.0,https://indomet.gob.do/wp-content/uploads/2026/07/temperaturas-extremas-y-precipitaciones-2026x07x05-a.pdf
2026-07-05,078,PRESA DE TAVERAS (EMA),LA VEGA,PROGRAMA MUNDIAL DE ALIMENTO,EMAP,32.8,23.6,0.0,https://indomet.gob.do/wp-content/uploads/2026/07/temperaturas-extremas-y-precipitaciones-2026x07x05-a.pdf
2026-07-05,079,PROLONGACION 27 DE FEBRERO,DISTRITO NACIONAL,PRIVADA,EMAP,,,0.0,https://indomet.gob.do/wp-content/uploads/2026/07/temperaturas-extremas-y-precipitaciones-2026x07x05-a.pdf
2026-07-05,080,RANCHO ARRIBA,SAN JOSÉ DE OCOA,CENTRO TECNOLÓGICO COMUNITARIO,EMCI,33.4,18.3,0.0,https://indomet.gob.do/wp-content/uploads/2026/07/temperaturas-extremas-y-precipitaciones-2026x07x05-a.pdf
2026-07-05,081,RESTAURACIÓN,DAJABÓN,MINISTERIO DE AGRICULTURA,EMCI,33.8,18.7,0.0,https://indomet.gob.do/wp-content/uploads/2026/07/temperaturas-extremas-y-precipitaciones-2026x07x05-a.pdf
2026-07-05,082,RÍO SAN JUAN,MARÍA TRINIDAD SÁNCHEZ,HOSP. MPAL. DR. DESIDERIO ACOSTA,EMCV,35.2,25.5,0.0,https://indomet.gob.do/wp-content/uploads/2026/07/temperaturas-extremas-y-precipitaciones-2026x07x05-a.pdf
2026-07-05,083,SABANA DE LA MAR,HATO MAYOR,INDOMET,EMCI,32.4,23.2,0.0,https://indomet.gob.do/wp-content/uploads/2026/07/temperaturas-extremas-y-precipitaciones-2026x07x05-a.pdf
2026-07-05,084,SABANA GRANDE DE BOYÁ,MONTE PLATA,MINISTERIO DE AGRICULTURA,EMCV,,,0.0,https://indomet.gob.do/wp-content/uploads/2026/07/temperaturas-extremas-y-precipitaciones-2026x07x05-a.pdf
2026-07-05,085,SABANETA (EMA),SANTIAGO RODRÍGUEZ,PROGRAMA MUNDIAL DE ALIMENTO,EMAP,36.6,23.4,0.0,https://indomet.gob.do/wp-content/uploads/2026/07/temperaturas-extremas-y-precipitaciones-2026x07x05-a.pdf
2026-07-05,086,SAJOMA (EMA),SANTIAGO,PLAN SIERRA,EMAI,33.0,24.8,0.0,https://indomet.gob.do/wp-content/uploads/2026/07/temperaturas-extremas-y-precipitaciones-2026x07x05-a.pdf
2026-07-05,087,SAMANÁ,SAMANÁ,COMANDANCIA DE PUERTO DE SAMANÁ,EMCI,34.4,21.2,0.0,https://indomet.gob.do/wp-content/uploads/2026/07/temperaturas-extremas-y-precipitaciones-2026x07x05-a.pdf
2026-07-05,088,SAN CRISTÓBAL,SAN CRISTÓBAL,INSTITUTO POLITÉCNICO LOYOLA,EMCI,33.5,22.5,0.0,https://indomet.gob.do/wp-content/uploads/2026/07/temperaturas-extremas-y-precipitaciones-2026x07x05-a.pdf
2026-07-05,089,SAN JOSÉ DE OCOA,SAN JOSÉ DE OCOA,HOSP. SAN JOSÉ DE OCOA,EMCI,32.9,23.3,0.0,https://indomet.gob.do/wp-content/uploads/2026/07/temperaturas-extremas-y-precipitaciones-2026x07x05-a.pdf
2026-07-05,090,SAN RAFAEL DEL YUMA,LA ALTAGRACIA,MINISTERIO DE AGRICULTURA,EMCI,33.4,25.4,0.0,https://indomet.gob.do/wp-content/uploads/2026/07/temperaturas-extremas-y-precipitaciones-2026x07x05-a.pdf
2026-07-05,091,SANTIAGO RODRÍGUEZ,SANTIAGO RODRÍGUEZ,INDOMET,EMCI,36.1,24.0,0.0,https://indomet.gob.do/wp-content/uploads/2026/07/temperaturas-extremas-y-precipitaciones-2026x07x05-a.pdf
2026-07-05,092,SANTO DOMINGO ESTE,SANTO DOMINGO,INDOMET,EMCI,32.5,25.0,0.0,https://indomet.gob.do/wp-content/uploads/2026/07/temperaturas-extremas-y-precipitaciones-2026x07x05-a.pdf
2026-07-05,093,TÁBARA ABAJO,AZUA,INDRHI,EMCI,32.5,18.3,0.0,https://indomet.gob.do/wp-content/uploads/2026/07/temperaturas-extremas-y-precipitaciones-2026x07x05-a.pdf
2026-07-05,094,TAVERA,SANTIAGO,INDRHI,EMCI,,,0.0,https://indomet.gob.do/wp-content/uploads/2026/07/temperaturas-extremas-y-precipitaciones-2026x07x05-a.pdf
2026-07-05,095,VILLA GONZALES,SANTIAGO,MINISTERIO DE AGRICULTURA,EMCI,,,0.0,https://indomet.gob.do/wp-content/uploads/2026/07/temperaturas-extremas-y-precipitaciones-2026x07x05-a.pdf
2026-07-05,096,VILLA ISABELA,PUERTO PLATA,MINISTERIO DE AGRICULTURA,EMCV,34.8,23.0,0.0,https://indomet.gob.do/wp-content/uploads/2026/07/temperaturas-extremas-y-precipitaciones-2026x07x05-a.pdf
2026-07-05,097,VILLA RIVA,DUARTE,HOSP. MPAL. ALICIA DE LEGENDRE,EMCI,33.3,23.8,0.0,https://indomet.gob.do/wp-content/uploads/2026/07/temperaturas-extremas-y-precipitaciones-2026x07x05-a.pdf
2026-07-06,001,JUMA BEJUCAL,MONSEÑOR NOUEL,IDIAF,EMCV,33.8,25.2,7.0,https://indomet.gob.do/wp-content/uploads/2026/07/temperaturas-extremas-y-precipitaciones-2026x07x06-a.pdf
2026-07-06,002,RESTAURACIÓN,DAJABÓN,MINISTERIO DE AGRICULTURA,EMCI,32.7,18.4,5.2,https://indomet.gob.do/wp-content/uploads/2026/07/temperaturas-extremas-y-precipitaciones-2026x07x06-a.pdf
2026-07-06,003,SALCEDO,HERMANAS MIRABAL,PROPIEDAD DEL EMPLEADO,EMCI,,,5.0,https://indomet.gob.do/wp-content/uploads/2026/07/temperaturas-extremas-y-precipitaciones-2026x07x06-a.pdf
2026-07-06,004,LA VICTORIA,SANTO DOMINGO,CUERPO DE BOMBEROS,EMCI,35.0,24.8,2.8,https://indomet.gob.do/wp-content/uploads/2026/07/temperaturas-extremas-y-precipitaciones-2026x07x06-a.pdf
2026-07-06,005,VILLA RIVA,DUARTE,HOSP. MPAL. ALICIA DE LEGENDRE,EMCI,33.5,23.5,2.3,https://indomet.gob.do/wp-content/uploads/2026/07/temperaturas-extremas-y-precipitaciones-2026x07x06-a.pdf
2026-07-06,006,JARABACOA,LA VEGA,INDRHI / MARENA,EMCI,32.6,18.4,0.9,https://indomet.gob.do/wp-content/uploads/2026/07/temperaturas-extremas-y-precipitaciones-2026x07x06-a.pdf
2026-07-06,007,JARABACOA (EMA),LA VEGA,PROGRAMA MUNDIAL DE ALIMENTO,EMAP,,,0.8,https://indomet.gob.do/wp-content/uploads/2026/07/temperaturas-extremas-y-precipitaciones-2026x07x06-a.pdf
2026-07-06,008,SABANA DE LA MAR,HATO MAYOR,INDOMET,EMCI,32.2,22.6,0.7,https://indomet.gob.do/wp-content/uploads/2026/07/temperaturas-extremas-y-precipitaciones-2026x07x06-a.pdf
2026-07-06,009,LA VEGA,LA VEGA,IATESA,EMCI,34.5,24.0,0.6,https://indomet.gob.do/wp-content/uploads/2026/07/temperaturas-extremas-y-precipitaciones-2026x07x06-a.pdf
2026-07-06,010,RÍO SAN JUAN,MARÍA TRINIDAD SÁNCHEZ,HOSP. MPAL. DR. DESIDERIO ACOSTA,EMCV,35.0,25.7,0.6,https://indomet.gob.do/wp-content/uploads/2026/07/temperaturas-extremas-y-precipitaciones-2026x07x06-a.pdf
2026-07-06,011,SAN FRANCISCO DE MACORÍS,DUARTE,San Francisco de Macorís (UASD),EMCI,34.3,24.0,0.4,https://indomet.gob.do/wp-content/uploads/2026/07/temperaturas-extremas-y-precipitaciones-2026x07x06-a.pdf
2026-07-06,012,CABRERA,MARÍA TRINIDAD SÁNCHEZ,ESCUELA ARÍSTIDES FIALLO CABRAL,EMCI,34.0,27.0,0.2,https://indomet.gob.do/wp-content/uploads/2026/07/temperaturas-extremas-y-precipitaciones-2026x07x06-a.pdf
2026-07-06,013,CONSTANZA,LA VEGA,MINISTERIO DE AGRICULTURA,EMCI,28.0,11.0,0.2,https://indomet.gob.do/wp-content/uploads/2026/07/temperaturas-extremas-y-precipitaciones-2026x07x06-a.pdf
2026-07-06,014,CONSTANZA (EMA),LA VEGA,PROGRAMA MUNDIAL DE ALIMENTO,EMAP,,,0.2,https://indomet.gob.do/wp-content/uploads/2026/07/temperaturas-extremas-y-precipitaciones-2026x07x06-a.pdf
2026-07-06,015,PONTÓN ABAJO (EMA),LA VEGA,MINISTERIO DE AGRICULTURA,EMAP,,,0.2,https://indomet.gob.do/wp-content/uploads/2026/07/temperaturas-extremas-y-precipitaciones-2026x07x06-a.pdf
2026-07-06,016,SAJOMA (EMA),SANTIAGO,PLAN SIERRA,EMAI,,,0.2,https://indomet.gob.do/wp-content/uploads/2026/07/temperaturas-extremas-y-precipitaciones-2026x07x06-a.pdf
2026-07-06,017,ARPT. LA ISABELA,SANTO DOMINGO,INDOMET,EMCI,33.6,27.4,0.1,https://indomet.gob.do/wp-content/uploads/2026/07/temperaturas-extremas-y-precipitaciones-2026x07x06-a.pdf
2026-07-06,018,BAYAGUANA,MONTE PLATA,INDOMET,EMCI,34.4,24.8,0.1,https://indomet.gob.do/wp-content/uploads/2026/07/temperaturas-extremas-y-precipitaciones-2026x07x06-a.pdf
2026-07-06,019,POLO,BARAHONA,INDOCAFE,EMCI,29.0,20.5,0.1,https://indomet.gob.do/wp-content/uploads/2026/07/temperaturas-extremas-y-precipitaciones-2026x07x06-a.pdf
2026-07-06,020,RANCHO ARRIBA,SAN JOSÉ DE OCOA,CENTRO TECNOLÓGICO COMUNITARIO,EMCI,31.9,20.4,0.1,https://indomet.gob.do/wp-content/uploads/2026/07/temperaturas-extremas-y-precipitaciones-2026x07x06-a.pdf
2026-07-06,021,ALTAMIRA,PUERTO PLATA,HOSP. MPAL. DE ALTAMIRA,EMCI,35.4,21.9,0.0,https://indomet.gob.do/wp-content/uploads/2026/07/temperaturas-extremas-y-precipitaciones-2026x07x06-a.pdf
2026-07-06,022,ALTO BANDERA (EMA),LA VEGA,INTEC,EMAP,15.8,7.7,0.0,https://indomet.gob.do/wp-content/uploads/2026/07/temperaturas-extremas-y-precipitaciones-2026x07x06-a.pdf
2026-07-06,023,ANAMUYA (EMA),LA ALTAGRACIA,MINISTERIO DE AGRICULTURA,EMAP,33.1,26.3,0.0,https://indomet.gob.do/wp-content/uploads/2026/07/temperaturas-extremas-y-precipitaciones-2026x07x06-a.pdf
2026-07-06,024,ARPT. ARROYO BARRIL,SAMANÁ,INDOMET,EMCI,32.3,24.3,0.0,https://indomet.gob.do/wp-content/uploads/2026/07/temperaturas-extremas-y-precipitaciones-2026x07x06-a.pdf
2026-07-06,025,ARPT. DE LA ROMANA,LA ROMANA,INDOMET,EMCI,34.0,24.2,0.0,https://indomet.gob.do/wp-content/uploads/2026/07/temperaturas-extremas-y-precipitaciones-2026x07x06-a.pdf
2026-07-06,026,ARPT. DE LAS AMÉRICAS,SANTO DOMINGO,INDOMET,EMCI,,25.0,0.0,https://indomet.gob.do/wp-content/uploads/2026/07/temperaturas-extremas-y-precipitaciones-2026x07x06-a.pdf
2026-07-06,027,ARPT. DE PUNTA CANA,LA ALTAGRACIA,INDOMET,EMCI,32.0,24.6,0.0,https://indomet.gob.do/wp-content/uploads/2026/07/temperaturas-extremas-y-precipitaciones-2026x07x06-a.pdf
2026-07-06,028,ARPT. DEL CIBAO,SANTIAGO,INDOMET,EMCI,34.0,23.4,0.0,https://indomet.gob.do/wp-content/uploads/2026/07/temperaturas-extremas-y-precipitaciones-2026x07x06-a.pdf
2026-07-06,029,ARPT. EL CATEY,SAMANÁ,INDOMET,EMCI,33.1,23.0,0.0,https://indomet.gob.do/wp-content/uploads/2026/07/temperaturas-extremas-y-precipitaciones-2026x07x06-a.pdf
2026-07-06,030,ARPT. GREGORIO LUPERÓN,PUERTO PLATA,INDOMET,EMCI,33.1,23.4,0.0,https://indomet.gob.do/wp-content/uploads/2026/07/temperaturas-extremas-y-precipitaciones-2026x07x06-a.pdf
2026-07-06,031,ARPT. MARÍA MONTEZ,BARAHONA,INDOMET,EMCI,33.0,23.8,0.0,https://indomet.gob.do/wp-content/uploads/2026/07/temperaturas-extremas-y-precipitaciones-2026x07x06-a.pdf
2026-07-06,032,ARROYO LORO,SAN JUAN,IDIAF,EMCI,33.4,19.2,0.0,https://indomet.gob.do/wp-content/uploads/2026/07/temperaturas-extremas-y-precipitaciones-2026x07x06-a.pdf
2026-07-06,033,BANI (EMA),PERAVIA,MINISTERIO DE AGRICULTURA,EMAP,32.3,27.5,0.0,https://indomet.gob.do/wp-content/uploads/2026/07/temperaturas-extremas-y-precipitaciones-2026x07x06-a.pdf
2026-07-06,034,BASE AÉREA DE SAN ISIDRO,SANTO DOMINGO,FUERZA AÉREA DOMINICANA,EMCV,34.5,24.5,0.0,https://indomet.gob.do/wp-content/uploads/2026/07/temperaturas-extremas-y-precipitaciones-2026x07x06-a.pdf
2026-07-06,035,BELLA VISTA (EMA),DISTRITO NACIONAL,PRIVADA,EMAP,,,0.0,https://indomet.gob.do/wp-content/uploads/2026/07/temperaturas-extremas-y-precipitaciones-2026x07x06-a.pdf
2026-07-06,036,BOCA DE MAO (EMA),VALVERDE,MINISTERIO DE AGRICULTURA,EMAP,36.6,25.7,0.0,https://indomet.gob.do/wp-content/uploads/2026/07/temperaturas-extremas-y-precipitaciones-2026x07x06-a.pdf
2026-07-06,037,BOHECHÍO,SAN JUAN,MINISTERIO DE AGRICULTURA,EMCV,,,0.0,https://indomet.gob.do/wp-content/uploads/2026/07/temperaturas-extremas-y-precipitaciones-2026x07x06-a.pdf
2026-07-06,038,BONAO,MONSEÑOR NOUEL,MINISTERIO DE AGRICULTURA,EMCV,,,0.0,https://indomet.gob.do/wp-content/uploads/2026/07/temperaturas-extremas-y-precipitaciones-2026x07x06-a.pdf
2026-07-06,039,BUCARA (EMA),SANTIAGO,MINISTERIO DE AGRICULTURA,EMAI,,,0.0,https://indomet.gob.do/wp-content/uploads/2026/07/temperaturas-extremas-y-precipitaciones-2026x07x06-a.pdf
2026-07-06,040,CABRAL,BARAHONA,MINISTERIO DE AGRICULTURA,EMCV,34.3,25.7,0.0,https://indomet.gob.do/wp-content/uploads/2026/07/temperaturas-extremas-y-precipitaciones-2026x07x06-a.pdf
2026-07-06,041,CENTRO DE LOS HEROES (EMA),DISTRITO NACIONAL,MINISTERIO DE ENERGIA Y MINA,EMAP,32.8,27.5,0.0,https://indomet.gob.do/wp-content/uploads/2026/07/temperaturas-extremas-y-precipitaciones-2026x07x06-a.pdf
2026-07-06,042,DAJABÓN,DAJABÓN,INSTITUTO POLITÉCNICO LOYOLA,EMCI,36.7,22.0,0.0,https://indomet.gob.do/wp-content/uploads/2026/07/temperaturas-extremas-y-precipitaciones-2026x07x06-a.pdf
2026-07-06,043,EL CERCADO,SAN JUAN,MINISTERIO DE AGRICULTURA,EMCV,,,0.0,https://indomet.gob.do/wp-content/uploads/2026/07/temperaturas-extremas-y-precipitaciones-2026x07x06-a.pdf
2026-07-06,044,EL MILLON (EMA),DISTRITO NACIONAL,PRIVADA,EMAP,,,0.0,https://indomet.gob.do/wp-content/uploads/2026/07/temperaturas-extremas-y-precipitaciones-2026x07x06-a.pdf
2026-07-06,045,ELÍAS PIÑA,ELÍAS PIÑA,MINISTERIO DE AGRICULTURA,EMCV,,,0.0,https://indomet.gob.do/wp-content/uploads/2026/07/temperaturas-extremas-y-precipitaciones-2026x07x06-a.pdf
2026-07-06,046,ENRIQUILLO,BARAHONA,MINISTERIO DE AGRICULTURA,EMCV,32.8,24.8,0.0,https://indomet.gob.do/wp-content/uploads/2026/07/temperaturas-extremas-y-precipitaciones-2026x07x06-a.pdf
2026-07-06,047,ENSANCHE LA FE (EMA),DISTRITO NACIONAL,PRIVADA,EMAP,,,0.0,https://indomet.gob.do/wp-content/uploads/2026/07/temperaturas-extremas-y-precipitaciones-2026x07x06-a.pdf
2026-07-06,048,ESCONDIDO,PERAVIA,MINISTERIO DE AGRICULTURA,EMCV,32.0,27.0,0.0,https://indomet.gob.do/wp-content/uploads/2026/07/temperaturas-extremas-y-precipitaciones-2026x07x06-a.pdf
2026-07-06,049,GASPAR HERNÁNDEZ,ESPAILLAT,PROPIEDAD DEL EMPLEADO,EMCI,,,0.0,https://indomet.gob.do/wp-content/uploads/2026/07/temperaturas-extremas-y-precipitaciones-2026x07x06-a.pdf
2026-07-06,050,GURABO,SANTIAGO,MINISTERIO DE AGRICULTURA,EMCV,,,0.0,https://indomet.gob.do/wp-content/uploads/2026/07/temperaturas-extremas-y-precipitaciones-2026x07x06-a.pdf
2026-07-06,051,HATO MAYOR,HATO MAYOR,MINISTERIO DE AGRICULTURA,EMCV,,,0.0,https://indomet.gob.do/wp-content/uploads/2026/07/temperaturas-extremas-y-precipitaciones-2026x07x06-a.pdf
2026-07-06,052,HONDO VALLE,ELÍAS PIÑA,MINISTERIO DE AGRICULTURA,EMCI,28.3,17.7,0.0,https://indomet.gob.do/wp-content/uploads/2026/07/temperaturas-extremas-y-precipitaciones-2026x07x06-a.pdf
2026-07-06,053,JARDÍN BOTÁNICO NACIONAL,DISTRITO NACIONAL,JARDÍN BOTÁNICO NACIONAL,EMCV,32.0,22.7,0.0,https://indomet.gob.do/wp-content/uploads/2026/07/temperaturas-extremas-y-precipitaciones-2026x07x06-a.pdf
2026-07-06,054,JARDÍN BOTÁNICO SANTIAGO (EMSANTIAGO,,JARDIN BOTANICO SANTIAGO,EMAI,34.7,25.7,0.0,https://indomet.gob.do/wp-content/uploads/2026/07/temperaturas-extremas-y-precipitaciones-2026x07x06-a.pdf
2026-07-06,055,JIMANÍ,INDEPENDENCIA,MINISTERIO DE AGRICULTURA,EMCI,36.6,26.4,0.0,https://indomet.gob.do/wp-content/uploads/2026/07/temperaturas-extremas-y-precipitaciones-2026x07x06-a.pdf
2026-07-06,056,LA AGUSTINA (EMA),DISTRITO NACIONAL,PRIVADA,EMAP,,,0.0,https://indomet.gob.do/wp-content/uploads/2026/07/temperaturas-extremas-y-precipitaciones-2026x07x06-a.pdf
2026-07-06,057,LOS CACICAZGOS (EMA),DISTRITO NACIONAL,PRIVADA,EMAP,,,0.0,https://indomet.gob.do/wp-content/uploads/2026/07/temperaturas-extremas-y-precipitaciones-2026x07x06-a.pdf
2026-07-06,058,LOS COCOS (EMA),BAHORUCO,PRIVADA,EMAP,,,0.0,https://indomet.gob.do/wp-content/uploads/2026/07/temperaturas-extremas-y-precipitaciones-2026x07x06-a.pdf
2026-07-06,059,LOS JARDINES (EMA),DISTRITO NACIONAL,PRIVADA,EMAP,,,0.0,https://indomet.gob.do/wp-content/uploads/2026/07/temperaturas-extremas-y-precipitaciones-2026x07x06-a.pdf
2026-07-06,060,LOS LLANOS,SAN PEDRO DE MACORÍS,MINISTERIO DE AGRICULTURA,EMCI,34.8,24.0,0.0,https://indomet.gob.do/wp-content/uploads/2026/07/temperaturas-extremas-y-precipitaciones-2026x07x06-a.pdf
2026-07-06,061,LOS PRADOS (EMA),DISTRITO NACIONAL,PRIVADA,EMAP,,,0.0,https://indomet.gob.do/wp-content/uploads/2026/07/temperaturas-extremas-y-precipitaciones-2026x07x06-a.pdf
2026-07-06,062,MAO,VALVERDE,INDRHI / MINISTERIO DE AGRICULTURA,EMCV,,,0.0,https://indomet.gob.do/wp-content/uploads/2026/07/temperaturas-extremas-y-precipitaciones-2026x07x06-a.pdf
2026-07-06,063,MICHES (EMA),EL SEIBO,PRIVADA,EMAP,33.9,24.8,0.0,https://indomet.gob.do/wp-content/uploads/2026/07/temperaturas-extremas-y-precipitaciones-2026x07x06-a.pdf
2026-07-06,064,MONCIÓN (EMA),SANTIAGO RODRÍGUEZ,PROGRAMA MUNDIAL DE ALIMENTO,EMAP,,,0.0,https://indomet.gob.do/wp-content/uploads/2026/07/temperaturas-extremas-y-precipitaciones-2026x07x06-a.pdf
2026-07-06,065,MONTE CRISTI,MONTE CRISTI,INDOMET,EMCI,35.4,25.3,0.0,https://indomet.gob.do/wp-content/uploads/2026/07/temperaturas-extremas-y-precipitaciones-2026x07x06-a.pdf
2026-07-06,066,NAVARRETE,SANTIAGO,MINISTERIO DE AGRICULTURA,EMCV,,,0.0,https://indomet.gob.do/wp-content/uploads/2026/07/temperaturas-extremas-y-precipitaciones-2026x07x06-a.pdf
2026-07-06,067,OLIVARES,PEDERNALES,INDRHI,EMCI,,,0.0,https://indomet.gob.do/wp-content/uploads/2026/07/temperaturas-extremas-y-precipitaciones-2026x07x06-a.pdf
2026-07-06,068,OVIEDO,PEDERNALES,CLÍNICA RURAL OVIEDO,EMCI,33.0,24.5,0.0,https://indomet.gob.do/wp-content/uploads/2026/07/temperaturas-extremas-y-precipitaciones-2026x07x06-a.pdf
2026-07-06,069,PADRE LAS CASAS,AZUA,HOSP. NTRA. SRA. DEL CARMEN,EMCI,32.8,19.4,0.0,https://indomet.gob.do/wp-content/uploads/2026/07/temperaturas-extremas-y-precipitaciones-2026x07x06-a.pdf
2026-07-06,070,PALO ÍNDIO,PUERTO PLATA,MINISTERIO DE AGRICULTURA,EMCI,,,0.0,https://indomet.gob.do/wp-content/uploads/2026/07/temperaturas-extremas-y-precipitaciones-2026x07x06-a.pdf
2026-07-06,071,PARQUE MIRADOR SUR,DISTRITO NACIONAL,AYUNTAMIENTO,EMCV,34.0,23.7,0.0,https://indomet.gob.do/wp-content/uploads/2026/07/temperaturas-extremas-y-precipitaciones-2026x07x06-a.pdf
2026-07-06,072,PEDERNALES,PEDERNALES,INDRHI,EMCI,,,0.0,https://indomet.gob.do/wp-content/uploads/2026/07/temperaturas-extremas-y-precipitaciones-2026x07x06-a.pdf
2026-07-06,073,PERALTA,AZUA,HOSP. MPAL. DE PERALTA,EMCI,34.3,20.5,0.0,https://indomet.gob.do/wp-content/uploads/2026/07/temperaturas-extremas-y-precipitaciones-2026x07x06-a.pdf
2026-07-06,074,PRESA DE TAVERAS (EMA),LA VEGA,PROGRAMA MUNDIAL DE ALIMENTO,EMAP,,,0.0,https://indomet.gob.do/wp-content/uploads/2026/07/temperaturas-extremas-y-precipitaciones-2026x07x06-a.pdf
2026-07-06,075,PROLONGACION 27 DE FEBRERO,DISTRITO NACIONAL,PRIVADA,EMAP,,,0.0,https://indomet.gob.do/wp-content/uploads/2026/07/temperaturas-extremas-y-precipitaciones-2026x07x06-a.pdf
2026-07-06,076,SABANA GRANDE DE BOYÁ,MONTE PLATA,MINISTERIO DE AGRICULTURA,EMCV,,,0.0,https://indomet.gob.do/wp-content/uploads/2026/07/temperaturas-extremas-y-precipitaciones-2026x07x06-a.pdf
2026-07-06,077,SABANETA (EMA),SANTIAGO RODRÍGUEZ,PROGRAMA MUNDIAL DE ALIMENTO,EMAP,36.0,23.0,0.0,https://indomet.gob.do/wp-content/uploads/2026/07/temperaturas-extremas-y-precipitaciones-2026x07x06-a.pdf
2026-07-06,078,SAMANÁ,SAMANÁ,COMANDANCIA DE PUERTO DE SAMANÁ,EMCI,33.9,21.4,0.0,https://indomet.gob.do/wp-content/uploads/2026/07/temperaturas-extremas-y-precipitaciones-2026x07x06-a.pdf
2026-07-06,079,SAN CRISTÓBAL,SAN CRISTÓBAL,INSTITUTO POLITÉCNICO LOYOLA,EMCI,34.0,23.5,0.0,https://indomet.gob.do/wp-content/uploads/2026/07/temperaturas-extremas-y-precipitaciones-2026x07x06-a.pdf
2026-07-06,080,SAN JOSÉ DE OCOA,SAN JOSÉ DE OCOA,HOSP. SAN JOSÉ DE OCOA,EMCI,33.8,24.5,0.0,https://indomet.gob.do/wp-content/uploads/2026/07/temperaturas-extremas-y-precipitaciones-2026x07x06-a.pdf
2026-07-06,081,SAN RAFAEL DEL YUMA,LA ALTAGRACIA,MINISTERIO DE AGRICULTURA,EMCI,34.7,26.0,0.0,https://indomet.gob.do/wp-content/uploads/2026/07/temperaturas-extremas-y-precipitaciones-2026x07x06-a.pdf
2026-07-06,082,SÁNCHEZ,SAMANÁ,MINISTERIO DE AGRICULTURA,EMCI,35.6,26.8,0.0,https://indomet.gob.do/wp-content/uploads/2026/07/temperaturas-extremas-y-precipitaciones-2026x07x06-a.pdf
2026-07-06,083,SANTIAGO RODRÍGUEZ,SANTIAGO RODRÍGUEZ,INDOMET,EMCI,36.0,23.7,0.0,https://indomet.gob.do/wp-content/uploads/2026/07/temperaturas-extremas-y-precipitaciones-2026x07x06-a.pdf
2026-07-06,084,SANTO DOMINGO ESTE,SANTO DOMINGO,INDOMET,EMCI,32.8,24.5,0.0,https://indomet.gob.do/wp-content/uploads/2026/07/temperaturas-extremas-y-precipitaciones-2026x07x06-a.pdf
2026-07-06,085,TAMBORIL,SANTIAGO,MINISTERIO DE AGRICULTURA,EMCV,,,0.0,https://indomet.gob.do/wp-content/uploads/2026/07/temperaturas-extremas-y-precipitaciones-2026x07x06-a.pdf
2026-07-06,086,VILLA GONZALES,SANTIAGO,MINISTERIO DE AGRICULTURA,EMCI,,,0.0,https://indomet.gob.do/wp-content/uploads/2026/07/temperaturas-extremas-y-precipitaciones-2026x07x06-a.pdf
2026-07-06,087,VILLA ISABELA,PUERTO PLATA,MINISTERIO DE AGRICULTURA,EMCV,34.8,24.0,0.0,https://indomet.gob.do/wp-content/uploads/2026/07/temperaturas-extremas-y-precipitaciones-2026x07x06-a.pdf
2026-07-06,088,VILLA VASQUEZ (EMA),MONTE CRISTI,JUNTA DE REGANTES,EMAI,,,0.0,https://indomet.gob.do/wp-content/uploads/2026/07/temperaturas-extremas-y-precipitaciones-2026x07x06-a.pdf
2026-07-07,001,ARPT. LA ISABELA,SANTO DOMINGO,INDOMET,EMCI,33.5,23.5,42.0,https://indomet.gob.do/wp-content/uploads/2026/07/temperaturas-extremas-y-precipitaciones-2026x07x07-a.pdf
2026-07-07,002,JARABACOA (EMA),LA VEGA,PROGRAMA MUNDIAL DE ALIMENTO,EMAP,32.0,21.2,29.4,https://indomet.gob.do/wp-content/uploads/2026/07/temperaturas-extremas-y-precipitaciones-2026x07x07-a.pdf
2026-07-07,003,JARABACOA,LA VEGA,INDRHI / MARENA,EMCI,32.4,19.2,27.3,https://indomet.gob.do/wp-content/uploads/2026/07/temperaturas-extremas-y-precipitaciones-2026x07x07-a.pdf
2026-07-07,004,JARDÍN BOTÁNICO NACIONAL,DISTRITO NACIONAL,JARDÍN BOTÁNICO NACIONAL,EMCV,31.7,23.4,26.0,https://indomet.gob.do/wp-content/uploads/2026/07/temperaturas-extremas-y-precipitaciones-2026x07x07-a.pdf
2026-07-07,005,ENSANCHE LA FE (EMA),DISTRITO NACIONAL,PRIVADA,EMAP,,,24.7,https://indomet.gob.do/wp-content/uploads/2026/07/temperaturas-extremas-y-precipitaciones-2026x07x07-a.pdf
2026-07-07,006,LA AGUSTINA (EMA),DISTRITO NACIONAL,PRIVADA,EMAP,,,24.6,https://indomet.gob.do/wp-content/uploads/2026/07/temperaturas-extremas-y-precipitaciones-2026x07x07-a.pdf
2026-07-07,007,BASE AÉREA DE SAN ISIDRO,SANTO DOMINGO,FUERZA AÉREA DOMINICANA,EMCV,33.0,22.0,20.0,https://indomet.gob.do/wp-content/uploads/2026/07/temperaturas-extremas-y-precipitaciones-2026x07x07-a.pdf
2026-07-07,008,LA VICTORIA,SANTO DOMINGO,CUERPO DE BOMBEROS,EMCI,34.0,23.5,19.6,https://indomet.gob.do/wp-content/uploads/2026/07/temperaturas-extremas-y-precipitaciones-2026x07x07-a.pdf
2026-07-07,009,CENTRO DE LOS HEROES (EMA),DISTRITO NACIONAL,MINISTERIO DE ENERGIA Y MINA,EMAP,32.7,26.6,16.0,https://indomet.gob.do/wp-content/uploads/2026/07/temperaturas-extremas-y-precipitaciones-2026x07x07-a.pdf
2026-07-07,010,BONAO,MONSEÑOR NOUEL,MINISTERIO DE AGRICULTURA,EMCV,,,15.0,https://indomet.gob.do/wp-content/uploads/2026/07/temperaturas-extremas-y-precipitaciones-2026x07x07-a.pdf
2026-07-07,011,PARQUE MIRADOR NORTE,SANTO DOMINGO,AYUNTAMIENTO,EMCV,,,15.0,https://indomet.gob.do/wp-content/uploads/2026/07/temperaturas-extremas-y-precipitaciones-2026x07x07-a.pdf
2026-07-07,012,PROLONGACION 27 DE FEBRERO,DISTRITO NACIONAL,PRIVADA,EMAP,,,13.8,https://indomet.gob.do/wp-content/uploads/2026/07/temperaturas-extremas-y-precipitaciones-2026x07x07-a.pdf
2026-07-07,013,BELLA VISTA (EMA),DISTRITO NACIONAL,PRIVADA,EMAP,,,13.7,https://indomet.gob.do/wp-content/uploads/2026/07/temperaturas-extremas-y-precipitaciones-2026x07x07-a.pdf
2026-07-07,014,LOS PRADOS (EMA),DISTRITO NACIONAL,PRIVADA,EMAP,,,13.5,https://indomet.gob.do/wp-content/uploads/2026/07/temperaturas-extremas-y-precipitaciones-2026x07x07-a.pdf
2026-07-07,015,BARRAQUITO (EMA),DUARTE,PROGRAMA MUNDIAL DE ALIMENTO,EMAP,,,13.2,https://indomet.gob.do/wp-content/uploads/2026/07/temperaturas-extremas-y-precipitaciones-2026x07x07-a.pdf
2026-07-07,016,LOS CACICAZGOS (EMA),DISTRITO NACIONAL,PRIVADA,EMAP,,,12.2,https://indomet.gob.do/wp-content/uploads/2026/07/temperaturas-extremas-y-precipitaciones-2026x07x07-a.pdf
2026-07-07,017,LOS JARDINES (EMA),DISTRITO NACIONAL,PRIVADA,EMAP,,,11.8,https://indomet.gob.do/wp-content/uploads/2026/07/temperaturas-extremas-y-precipitaciones-2026x07x07-a.pdf
2026-07-07,018,EL MILLON (EMA),DISTRITO NACIONAL,PRIVADA,EMAP,,,10.2,https://indomet.gob.do/wp-content/uploads/2026/07/temperaturas-extremas-y-precipitaciones-2026x07x07-a.pdf
2026-07-07,019,VILLA ALTAGRACIA,SAN CRISTÓBAL,ESCUELA JAVIER ANGULO GURIDI,EMCI,,,10.2,https://indomet.gob.do/wp-content/uploads/2026/07/temperaturas-extremas-y-precipitaciones-2026x07x07-a.pdf
2026-07-07,020,SANTO DOMINGO ESTE,SANTO DOMINGO,INDOMET,EMCI,33.9,24.5,8.5,https://indomet.gob.do/wp-content/uploads/2026/07/temperaturas-extremas-y-precipitaciones-2026x07x07-a.pdf
2026-07-07,021,SAN CRISTÓBAL,SAN CRISTÓBAL,INSTITUTO POLITÉCNICO LOYOLA,EMCI,35.0,22.0,7.2,https://indomet.gob.do/wp-content/uploads/2026/07/temperaturas-extremas-y-precipitaciones-2026x07x07-a.pdf
2026-07-07,022,SAN RAFAEL DEL YUMA,LA ALTAGRACIA,MINISTERIO DE AGRICULTURA,EMCI,35.1,25.0,6.5,https://indomet.gob.do/wp-content/uploads/2026/07/temperaturas-extremas-y-precipitaciones-2026x07x07-a.pdf
2026-07-07,023,ARENOSO (EMA),DUARTE,PROGRAMA MUNDIAL DE ALIMENTO,EMAP,,,6.4,https://indomet.gob.do/wp-content/uploads/2026/07/temperaturas-extremas-y-precipitaciones-2026x07x07-a.pdf
2026-07-07,024,POLO,BARAHONA,INDOCAFE,EMCI,29.7,19.5,6.2,https://indomet.gob.do/wp-content/uploads/2026/07/temperaturas-extremas-y-precipitaciones-2026x07x07-a.pdf
2026-07-07,025,ALTO BANDERA (EMA),LA VEGA,INTEC,EMAP,15.0,8.8,6.1,https://indomet.gob.do/wp-content/uploads/2026/07/temperaturas-extremas-y-precipitaciones-2026x07x07-a.pdf
2026-07-07,026,SABANA DE LA MAR,HATO MAYOR,INDOMET,EMCI,32.0,24.0,5.1,https://indomet.gob.do/wp-content/uploads/2026/07/temperaturas-extremas-y-precipitaciones-2026x07x07-a.pdf
2026-07-07,027,PRESA DE TAVERAS (EMA),LA VEGA,PROGRAMA MUNDIAL DE ALIMENTO,EMAP,33.2,25.6,4.6,https://indomet.gob.do/wp-content/uploads/2026/07/temperaturas-extremas-y-precipitaciones-2026x07x07-a.pdf
2026-07-07,028,JUMA BEJUCAL,MONSEÑOR NOUEL,IDIAF,EMCV,34.4,24.6,3.6,https://indomet.gob.do/wp-content/uploads/2026/07/temperaturas-extremas-y-precipitaciones-2026x07x07-a.pdf
2026-07-07,029,ARROYO LORO,SAN JUAN,IDIAF,EMCI,34.0,19.8,3.5,https://indomet.gob.do/wp-content/uploads/2026/07/temperaturas-extremas-y-precipitaciones-2026x07x07-a.pdf
2026-07-07,030,RÍO SAN JUAN,MARÍA TRINIDAD SÁNCHEZ,HOSP. MPAL. DR. DESIDERIO ACOSTA,EMCV,34.4,25.8,3.5,https://indomet.gob.do/wp-content/uploads/2026/07/temperaturas-extremas-y-precipitaciones-2026x07x07-a.pdf
2026-07-07,031,LA VEGA,LA VEGA,IATESA,EMCI,34.5,24.5,2.9,https://indomet.gob.do/wp-content/uploads/2026/07/temperaturas-extremas-y-precipitaciones-2026x07x07-a.pdf
2026-07-07,032,ARPT. DE LA ROMANA,LA ROMANA,INDOMET,EMCI,33.8,24.7,2.7,https://indomet.gob.do/wp-content/uploads/2026/07/temperaturas-extremas-y-precipitaciones-2026x07x07-a.pdf
2026-07-07,033,PONTÓN ABAJO (EMA),LA VEGA,MINISTERIO DE AGRICULTURA,EMAP,36.3,25.6,2.6,https://indomet.gob.do/wp-content/uploads/2026/07/temperaturas-extremas-y-precipitaciones-2026x07x07-a.pdf
2026-07-07,034,TAMBORIL,SANTIAGO,MINISTERIO DE AGRICULTURA,EMCV,,,2.5,https://indomet.gob.do/wp-content/uploads/2026/07/temperaturas-extremas-y-precipitaciones-2026x07x07-a.pdf
2026-07-07,035,SAMANÁ,SAMANÁ,COMANDANCIA DE PUERTO DE SAMANÁ,EMCI,33.0,20.4,2.4,https://indomet.gob.do/wp-content/uploads/2026/07/temperaturas-extremas-y-precipitaciones-2026x07x07-a.pdf
2026-07-07,036,CONSTANZA,LA VEGA,MINISTERIO DE AGRICULTURA,EMCI,27.7,18.9,2.2,https://indomet.gob.do/wp-content/uploads/2026/07/temperaturas-extremas-y-precipitaciones-2026x07x07-a.pdf
2026-07-07,037,CONSTANZA (EMA),LA VEGA,PROGRAMA MUNDIAL DE ALIMENTO,EMAP,26.9,19.5,2.2,https://indomet.gob.do/wp-content/uploads/2026/07/temperaturas-extremas-y-precipitaciones-2026x07x07-a.pdf
2026-07-07,038,LOS LLANOS,SAN PEDRO DE MACORÍS,MINISTERIO DE AGRICULTURA,EMCI,35.0,24.0,2.0,https://indomet.gob.do/wp-content/uploads/2026/07/temperaturas-extremas-y-precipitaciones-2026x07x07-a.pdf
2026-07-07,039,VILLA RIVA,DUARTE,HOSP. MPAL. ALICIA DE LEGENDRE,EMCI,32.7,24.8,2.0,https://indomet.gob.do/wp-content/uploads/2026/07/temperaturas-extremas-y-precipitaciones-2026x07x07-a.pdf
2026-07-07,040,RANCHO ARRIBA,SAN JOSÉ DE OCOA,CENTRO TECNOLÓGICO COMUNITARIO,EMCI,32.0,21.1,1.6,https://indomet.gob.do/wp-content/uploads/2026/07/temperaturas-extremas-y-precipitaciones-2026x07x07-a.pdf
2026-07-07,041,SAN FRANCISCO DE MACORÍS,DUARTE,San Francisco de Macorís (UASD),EMCI,34.0,23.9,1.4,https://indomet.gob.do/wp-content/uploads/2026/07/temperaturas-extremas-y-precipitaciones-2026x07x07-a.pdf
2026-07-07,042,ARPT. DE LAS AMÉRICAS,SANTO DOMINGO,INDOMET,EMCI,34.2,25.0,1.0,https://indomet.gob.do/wp-content/uploads/2026/07/temperaturas-extremas-y-precipitaciones-2026x07x07-a.pdf
2026-07-07,043,PADRE LAS CASAS,AZUA,HOSP. NTRA. SRA. DEL CARMEN,EMCI,35.0,19.3,0.8,https://indomet.gob.do/wp-content/uploads/2026/07/temperaturas-extremas-y-precipitaciones-2026x07x07-a.pdf
2026-07-07,044,ARPT. GREGORIO LUPERÓN,PUERTO PLATA,INDOMET,EMCI,33.0,23.2,0.5,https://indomet.gob.do/wp-content/uploads/2026/07/temperaturas-extremas-y-precipitaciones-2026x07x07-a.pdf
2026-07-07,045,CABRERA,MARÍA TRINIDAD SÁNCHEZ,ESCUELA ARÍSTIDES FIALLO CABRAL,EMCI,33.2,27.5,0.5,https://indomet.gob.do/wp-content/uploads/2026/07/temperaturas-extremas-y-precipitaciones-2026x07x07-a.pdf
2026-07-07,046,SAN JOSÉ DE OCOA,SAN JOSÉ DE OCOA,HOSP. SAN JOSÉ DE OCOA,EMCI,33.8,24.0,0.4,https://indomet.gob.do/wp-content/uploads/2026/07/temperaturas-extremas-y-precipitaciones-2026x07x07-a.pdf
2026-07-07,047,BAYAGUANA,MONTE PLATA,INDOMET,EMCI,34.8,23.4,0.3,https://indomet.gob.do/wp-content/uploads/2026/07/temperaturas-extremas-y-precipitaciones-2026x07x07-a.pdf
2026-07-07,048,ESCONDIDO,PERAVIA,MINISTERIO DE AGRICULTURA,EMCV,34.0,26.0,0.3,https://indomet.gob.do/wp-content/uploads/2026/07/temperaturas-extremas-y-precipitaciones-2026x07x07-a.pdf
2026-07-07,049,HATO MAYOR,HATO MAYOR,MINISTERIO DE AGRICULTURA,EMCV,,,0.3,https://indomet.gob.do/wp-content/uploads/2026/07/temperaturas-extremas-y-precipitaciones-2026x07x07-a.pdf
2026-07-07,050,BANI (EMA),PERAVIA,MINISTERIO DE AGRICULTURA,EMAP,33.7,27.1,0.2,https://indomet.gob.do/wp-content/uploads/2026/07/temperaturas-extremas-y-precipitaciones-2026x07x07-a.pdf
2026-07-07,051,ARPT. DE PUNTA CANA,LA ALTAGRACIA,INDOMET,EMCI,32.0,25.0,0.1,https://indomet.gob.do/wp-content/uploads/2026/07/temperaturas-extremas-y-precipitaciones-2026x07x07-a.pdf
2026-07-07,052,ARPT. DEL CIBAO,SANTIAGO,INDOMET,EMCI,34.5,23.6,0.1,https://indomet.gob.do/wp-content/uploads/2026/07/temperaturas-extremas-y-precipitaciones-2026x07x07-a.pdf
2026-07-07,053,CABRAL,BARAHONA,MINISTERIO DE AGRICULTURA,EMCV,35.4,25.7,0.1,https://indomet.gob.do/wp-content/uploads/2026/07/temperaturas-extremas-y-precipitaciones-2026x07x07-a.pdf
2026-07-07,054,LOS COCOS (EMA),BAHORUCO,PRIVADA,EMAP,,,0.1,https://indomet.gob.do/wp-content/uploads/2026/07/temperaturas-extremas-y-precipitaciones-2026x07x07-a.pdf
2026-07-07,055,SALCEDO,HERMANAS MIRABAL,PROPIEDAD DEL EMPLEADO,EMCI,,,0.1,https://indomet.gob.do/wp-content/uploads/2026/07/temperaturas-extremas-y-precipitaciones-2026x07x07-a.pdf
2026-07-07,056,ALTAMIRA,PUERTO PLATA,HOSP. MPAL. DE ALTAMIRA,EMCI,34.9,23.7,0.0,https://indomet.gob.do/wp-content/uploads/2026/07/temperaturas-extremas-y-precipitaciones-2026x07x07-a.pdf
2026-07-07,057,ANAMUYA (EMA),LA ALTAGRACIA,MINISTERIO DE AGRICULTURA,EMAP,32.4,25.7,0.0,https://indomet.gob.do/wp-content/uploads/2026/07/temperaturas-extremas-y-precipitaciones-2026x07x07-a.pdf
2026-07-07,058,ARPT. ARROYO BARRIL,SAMANÁ,INDOMET,EMCI,30.4,24.4,0.0,https://indomet.gob.do/wp-content/uploads/2026/07/temperaturas-extremas-y-precipitaciones-2026x07x07-a.pdf
2026-07-07,059,ARPT. EL CATEY,SAMANÁ,INDOMET,EMCI,31.0,23.6,0.0,https://indomet.gob.do/wp-content/uploads/2026/07/temperaturas-extremas-y-precipitaciones-2026x07x07-a.pdf
2026-07-07,060,ARPT. MARÍA MONTEZ,BARAHONA,INDOMET,EMCI,34.0,26.5,0.0,https://indomet.gob.do/wp-content/uploads/2026/07/temperaturas-extremas-y-precipitaciones-2026x07x07-a.pdf
2026-07-07,061,BOCA DE MAO (EMA),VALVERDE,MINISTERIO DE AGRICULTURA,EMAP,36.9,25.4,0.0,https://indomet.gob.do/wp-content/uploads/2026/07/temperaturas-extremas-y-precipitaciones-2026x07x07-a.pdf
2026-07-07,062,BUCARA (EMA),SANTIAGO,MINISTERIO DE AGRICULTURA,EMAI,,,0.0,https://indomet.gob.do/wp-content/uploads/2026/07/temperaturas-extremas-y-precipitaciones-2026x07x07-a.pdf
2026-07-07,063,DAJABÓN,DAJABÓN,INSTITUTO POLITÉCNICO LOYOLA,EMCI,36.5,21.3,0.0,https://indomet.gob.do/wp-content/uploads/2026/07/temperaturas-extremas-y-precipitaciones-2026x07x07-a.pdf
2026-07-07,064,EL CERCADO,SAN JUAN,MINISTERIO DE AGRICULTURA,EMCV,,,0.0,https://indomet.gob.do/wp-content/uploads/2026/07/temperaturas-extremas-y-precipitaciones-2026x07x07-a.pdf
2026-07-07,065,ELÍAS PIÑA,ELÍAS PIÑA,MINISTERIO DE AGRICULTURA,EMCV,,,0.0,https://indomet.gob.do/wp-content/uploads/2026/07/temperaturas-extremas-y-precipitaciones-2026x07x07-a.pdf
2026-07-07,066,ENRIQUILLO,BARAHONA,MINISTERIO DE AGRICULTURA,EMCV,32.7,24.5,0.0,https://indomet.gob.do/wp-content/uploads/2026/07/temperaturas-extremas-y-precipitaciones-2026x07x07-a.pdf
2026-07-07,067,GURABO,SANTIAGO,MINISTERIO DE AGRICULTURA,EMCV,,,0.0,https://indomet.gob.do/wp-content/uploads/2026/07/temperaturas-extremas-y-precipitaciones-2026x07x07-a.pdf
2026-07-07,068,HONDO VALLE,ELÍAS PIÑA,MINISTERIO DE AGRICULTURA,EMCI,28.8,18.4,0.0,https://indomet.gob.do/wp-content/uploads/2026/07/temperaturas-extremas-y-precipitaciones-2026x07x07-a.pdf
2026-07-07,069,JARDÍN BOTÁNICO SANTIAGO (EMSANTIAGO,,JARDIN BOTANICO SANTIAGO,EMAI,34.6,27.6,0.0,https://indomet.gob.do/wp-content/uploads/2026/07/temperaturas-extremas-y-precipitaciones-2026x07x07-a.pdf
2026-07-07,070,JIMANÍ,INDEPENDENCIA,MINISTERIO DE AGRICULTURA,EMCI,36.6,26.4,0.0,https://indomet.gob.do/wp-content/uploads/2026/07/temperaturas-extremas-y-precipitaciones-2026x07x07-a.pdf
2026-07-07,071,LA DESCUBIERTA (EMA),INDEPENDENCIA,PRIVADA,EMAP,35.3,27.9,0.0,https://indomet.gob.do/wp-content/uploads/2026/07/temperaturas-extremas-y-precipitaciones-2026x07x07-a.pdf
2026-07-07,072,LAS CANAS (EMA),MONTE CRISTI,PROGRAMA MUNDIAL DE ALIMENTO,EMAP,31.1,24.8,0.0,https://indomet.gob.do/wp-content/uploads/2026/07/temperaturas-extremas-y-precipitaciones-2026x07x07-a.pdf
2026-07-07,073,MAO,VALVERDE,INDRHI / MINISTERIO DE AGRICULTURA,EMCV,,,0.0,https://indomet.gob.do/wp-content/uploads/2026/07/temperaturas-extremas-y-precipitaciones-2026x07x07-a.pdf
2026-07-07,074,MICHES (EMA),EL SEIBO,PRIVADA,EMAP,32.8,24.3,0.0,https://indomet.gob.do/wp-content/uploads/2026/07/temperaturas-extremas-y-precipitaciones-2026x07x07-a.pdf
2026-07-07,075,MONCIÓN (EMA),SANTIAGO RODRÍGUEZ,PROGRAMA MUNDIAL DE ALIMENTO,EMAP,33.6,23.5,0.0,https://indomet.gob.do/wp-content/uploads/2026/07/temperaturas-extremas-y-precipitaciones-2026x07x07-a.pdf
2026-07-07,076,MONTE CRISTI,MONTE CRISTI,INDOMET,EMCI,34.8,25.5,0.0,https://indomet.gob.do/wp-content/uploads/2026/07/temperaturas-extremas-y-precipitaciones-2026x07x07-a.pdf
2026-07-07,077,NAVARRETE,SANTIAGO,MINISTERIO DE AGRICULTURA,EMCV,,,0.0,https://indomet.gob.do/wp-content/uploads/2026/07/temperaturas-extremas-y-precipitaciones-2026x07x07-a.pdf
2026-07-07,078,OVIEDO,PEDERNALES,CLÍNICA RURAL OVIEDO,EMCI,32.5,25.0,0.0,https://indomet.gob.do/wp-content/uploads/2026/07/temperaturas-extremas-y-precipitaciones-2026x07x07-a.pdf
2026-07-07,079,PALO ÍNDIO,PUERTO PLATA,MINISTERIO DE AGRICULTURA,EMCI,,,0.0,https://indomet.gob.do/wp-content/uploads/2026/07/temperaturas-extremas-y-precipitaciones-2026x07x07-a.pdf
2026-07-07,080,PERALTA,AZUA,HOSP. MPAL. DE PERALTA,EMCI,34.8,18.6,0.0,https://indomet.gob.do/wp-content/uploads/2026/07/temperaturas-extremas-y-precipitaciones-2026x07x07-a.pdf
2026-07-07,081,RESTAURACIÓN,DAJABÓN,MINISTERIO DE AGRICULTURA,EMCI,33.0,19.1,0.0,https://indomet.gob.do/wp-content/uploads/2026/07/temperaturas-extremas-y-precipitaciones-2026x07x07-a.pdf
2026-07-07,082,SABANA GRANDE DE BOYÁ,MONTE PLATA,MINISTERIO DE AGRICULTURA,EMCV,,,0.0,https://indomet.gob.do/wp-content/uploads/2026/07/temperaturas-extremas-y-precipitaciones-2026x07x07-a.pdf
2026-07-07,083,SABANETA (EMA),SANTIAGO RODRÍGUEZ,PROGRAMA MUNDIAL DE ALIMENTO,EMAP,36.7,23.7,0.0,https://indomet.gob.do/wp-content/uploads/2026/07/temperaturas-extremas-y-precipitaciones-2026x07x07-a.pdf
2026-07-07,084,SAJOMA (EMA),SANTIAGO,PLAN SIERRA,EMAI,32.5,23.8,0.0,https://indomet.gob.do/wp-content/uploads/2026/07/temperaturas-extremas-y-precipitaciones-2026x07x07-a.pdf
2026-07-07,085,SÁNCHEZ,SAMANÁ,MINISTERIO DE AGRICULTURA,EMCI,32.9,26.7,0.0,https://indomet.gob.do/wp-content/uploads/2026/07/temperaturas-extremas-y-precipitaciones-2026x07x07-a.pdf
2026-07-07,086,SANTIAGO RODRÍGUEZ,SANTIAGO RODRÍGUEZ,INDOMET,EMCI,36.5,24.5,0.0,https://indomet.gob.do/wp-content/uploads/2026/07/temperaturas-extremas-y-precipitaciones-2026x07x07-a.pdf
2026-07-07,087,TÁBARA ABAJO,AZUA,INDRHI,EMCI,35.0,22.3,0.0,https://indomet.gob.do/wp-content/uploads/2026/07/temperaturas-extremas-y-precipitaciones-2026x07x07-a.pdf
2026-07-07,088,VILLA GONZALES,SANTIAGO,MINISTERIO DE AGRICULTURA,EMCI,,,0.0,https://indomet.gob.do/wp-content/uploads/2026/07/temperaturas-extremas-y-precipitaciones-2026x07x07-a.pdf
2026-07-07,089,VILLA ISABELA,PUERTO PLATA,MINISTERIO DE AGRICULTURA,EMCV,34.0,24.5,0.0,https://indomet.gob.do/wp-content/uploads/2026/07/temperaturas-extremas-y-precipitaciones-2026x07x07-a.pdf
2026-07-07,090,VILLA VASQUEZ (EMA),MONTE CRISTI,JUNTA DE REGANTES,EMAI,,,0.0,https://indomet.gob.do/wp-content/uploads/2026/07/temperaturas-extremas-y-precipitaciones-2026x07x07-a.pdf
2026-07-08,001,COTUÍ,SÁNCHEZ RAMÍREZ,HOSP. INMACULADA CONCEPCIÓN,EMCV,,,139.2,https://indomet.gob.do/wp-content/uploads/2026/07/temperaturas-extremas-y-precipitaciones-2026x07x08-a.pdf
2026-07-08,002,JUMA BEJUCAL,MONSEÑOR NOUEL,IDIAF,EMCV,31.8,23.8,66.1,https://indomet.gob.do/wp-content/uploads/2026/07/temperaturas-extremas-y-precipitaciones-2026x07x08-a.pdf
2026-07-08,003,BONAO,MONSEÑOR NOUEL,MINISTERIO DE AGRICULTURA,EMCV,,,57.7,https://indomet.gob.do/wp-content/uploads/2026/07/temperaturas-extremas-y-precipitaciones-2026x07x08-a.pdf
2026-07-08,004,ARPT. DEL CIBAO,SANTIAGO,INDOMET,EMCI,32.6,22.2,57.5,https://indomet.gob.do/wp-content/uploads/2026/07/temperaturas-extremas-y-precipitaciones-2026x07x08-a.pdf
2026-07-08,005,PONTÓN ABAJO (EMA),LA VEGA,MINISTERIO DE AGRICULTURA,EMAP,31.4,23.1,53.8,https://indomet.gob.do/wp-content/uploads/2026/07/temperaturas-extremas-y-precipitaciones-2026x07x08-a.pdf
2026-07-08,006,BAYAGUANA,MONTE PLATA,INDOMET,EMCI,33.0,23.8,53.1,https://indomet.gob.do/wp-content/uploads/2026/07/temperaturas-extremas-y-precipitaciones-2026x07x08-a.pdf
2026-07-08,007,MOCA,ESPAILLAT,MINISTERIO DE AGRICULTURA,EMCV,,,45.0,https://indomet.gob.do/wp-content/uploads/2026/07/temperaturas-extremas-y-precipitaciones-2026x07x08-a.pdf
2026-07-08,008,PALO ÍNDIO,PUERTO PLATA,MINISTERIO DE AGRICULTURA,EMCI,,,44.2,https://indomet.gob.do/wp-content/uploads/2026/07/temperaturas-extremas-y-precipitaciones-2026x07x08-a.pdf
2026-07-08,009,LA VEGA,LA VEGA,IATESA,EMCI,32.0,22.0,42.7,https://indomet.gob.do/wp-content/uploads/2026/07/temperaturas-extremas-y-precipitaciones-2026x07x08-a.pdf
2026-07-08,010,RÍO SAN JUAN,MARÍA TRINIDAD SÁNCHEZ,HOSP. MPAL. DR. DESIDERIO ACOSTA,EMCV,33.1,22.8,42.4,https://indomet.gob.do/wp-content/uploads/2026/07/temperaturas-extremas-y-precipitaciones-2026x07x08-a.pdf
2026-07-08,011,GASPAR HERNÁNDEZ,ESPAILLAT,PROPIEDAD DEL EMPLEADO,EMCI,,,39.8,https://indomet.gob.do/wp-content/uploads/2026/07/temperaturas-extremas-y-precipitaciones-2026x07x08-a.pdf
2026-07-08,012,VILLA RIVA,DUARTE,HOSP. MPAL. ALICIA DE LEGENDRE,EMCI,29.5,22.5,37.5,https://indomet.gob.do/wp-content/uploads/2026/07/temperaturas-extremas-y-precipitaciones-2026x07x08-a.pdf
2026-07-08,013,VILLA ALTAGRACIA,SAN CRISTÓBAL,ESCUELA JAVIER ANGULO GURIDI,EMCI,,,37.2,https://indomet.gob.do/wp-content/uploads/2026/07/temperaturas-extremas-y-precipitaciones-2026x07x08-a.pdf
2026-07-08,014,SABANA GRANDE DE BOYÁ,MONTE PLATA,MINISTERIO DE AGRICULTURA,EMCV,,,34.5,https://indomet.gob.do/wp-content/uploads/2026/07/temperaturas-extremas-y-precipitaciones-2026x07x08-a.pdf
2026-07-08,015,JARABACOA (EMA),LA VEGA,PROGRAMA MUNDIAL DE ALIMENTO,EMAP,30.2,19.8,33.0,https://indomet.gob.do/wp-content/uploads/2026/07/temperaturas-extremas-y-precipitaciones-2026x07x08-a.pdf
2026-07-08,016,SAJOMA (EMA),SANTIAGO,PLAN SIERRA,EMAI,31.8,24.4,33.0,https://indomet.gob.do/wp-content/uploads/2026/07/temperaturas-extremas-y-precipitaciones-2026x07x08-a.pdf
2026-07-08,017,VILLA ISABELA,PUERTO PLATA,MINISTERIO DE AGRICULTURA,EMCV,31.8,21.5,32.0,https://indomet.gob.do/wp-content/uploads/2026/07/temperaturas-extremas-y-precipitaciones-2026x07x08-a.pdf
2026-07-08,018,CABRERA,MARÍA TRINIDAD SÁNCHEZ,ESCUELA ARÍSTIDES FIALLO CABRAL,EMCI,33.2,24.5,30.9,https://indomet.gob.do/wp-content/uploads/2026/07/temperaturas-extremas-y-precipitaciones-2026x07x08-a.pdf
2026-07-08,019,ARPT. EL CATEY,SAMANÁ,INDOMET,EMCI,32.0,23.6,30.3,https://indomet.gob.do/wp-content/uploads/2026/07/temperaturas-extremas-y-precipitaciones-2026x07x08-a.pdf
2026-07-08,020,JARABACOA,LA VEGA,INDRHI / MARENA,EMCI,30.8,18.3,29.3,https://indomet.gob.do/wp-content/uploads/2026/07/temperaturas-extremas-y-precipitaciones-2026x07x08-a.pdf
2026-07-08,021,ELÍAS PIÑA,ELÍAS PIÑA,MINISTERIO DE AGRICULTURA,EMCV,,,28.2,https://indomet.gob.do/wp-content/uploads/2026/07/temperaturas-extremas-y-precipitaciones-2026x07x08-a.pdf
2026-07-08,022,ARPT. GREGORIO LUPERÓN,PUERTO PLATA,INDOMET,EMCI,30.6,22.6,22.8,https://indomet.gob.do/wp-content/uploads/2026/07/temperaturas-extremas-y-precipitaciones-2026x07x08-a.pdf
2026-07-08,023,ARPT. LA ISABELA,SANTO DOMINGO,INDOMET,EMCI,33.2,22.5,22.2,https://indomet.gob.do/wp-content/uploads/2026/07/temperaturas-extremas-y-precipitaciones-2026x07x08-a.pdf
2026-07-08,024,SABANA DE LA MAR,HATO MAYOR,INDOMET,EMCI,30.0,24.2,20.5,https://indomet.gob.do/wp-content/uploads/2026/07/temperaturas-extremas-y-precipitaciones-2026x07x08-a.pdf
2026-07-08,025,SÁNCHEZ,SAMANÁ,MINISTERIO DE AGRICULTURA,EMCI,31.7,22.0,20.5,https://indomet.gob.do/wp-content/uploads/2026/07/temperaturas-extremas-y-precipitaciones-2026x07x08-a.pdf
2026-07-08,026,SANTIAGO (CENTRO),SANTIAGO,HUACALITO,EMCI,,,19.3,https://indomet.gob.do/wp-content/uploads/2026/07/temperaturas-extremas-y-precipitaciones-2026x07x08-a.pdf
2026-07-08,027,MONTE PLATA,MONTE PLATA,MINISTERIO DE AGRICULTURA,EMCV,,,19.3,https://indomet.gob.do/wp-content/uploads/2026/07/temperaturas-extremas-y-precipitaciones-2026x07x08-a.pdf
2026-07-08,028,LUPERÓN,PUERTO PLATA,MINISTERIO DE AGRICULTURA,EMCV,,,18.8,https://indomet.gob.do/wp-content/uploads/2026/07/temperaturas-extremas-y-precipitaciones-2026x07x08-a.pdf
2026-07-08,029,PRESA DE TAVERAS (EMA),LA VEGA,PROGRAMA MUNDIAL DE ALIMENTO,EMAP,31.2,22.7,17.8,https://indomet.gob.do/wp-content/uploads/2026/07/temperaturas-extremas-y-precipitaciones-2026x07x08-a.pdf
2026-07-08,030,TAMBORIL,SANTIAGO,MINISTERIO DE AGRICULTURA,EMCV,,,17.8,https://indomet.gob.do/wp-content/uploads/2026/07/temperaturas-extremas-y-precipitaciones-2026x07x08-a.pdf
2026-07-08,031,SALCEDO,HERMANAS MIRABAL,PROPIEDAD DEL EMPLEADO,EMCI,,,16.0,https://indomet.gob.do/wp-content/uploads/2026/07/temperaturas-extremas-y-precipitaciones-2026x07x08-a.pdf
2026-07-08,032,GURABO,SANTIAGO,MINISTERIO DE AGRICULTURA,EMCV,,,15.7,https://indomet.gob.do/wp-content/uploads/2026/07/temperaturas-extremas-y-precipitaciones-2026x07x08-a.pdf
2026-07-08,033,LOS LLANOS,SAN PEDRO DE MACORÍS,MINISTERIO DE AGRICULTURA,EMCI,34.0,23.8,13.4,https://indomet.gob.do/wp-content/uploads/2026/07/temperaturas-extremas-y-precipitaciones-2026x07x08-a.pdf
2026-07-08,034,ARROYO LORO,SAN JUAN,IDIAF,EMCI,33.6,19.7,11.8,https://indomet.gob.do/wp-content/uploads/2026/07/temperaturas-extremas-y-precipitaciones-2026x07x08-a.pdf
2026-07-08,035,HATO MAYOR,HATO MAYOR,MINISTERIO DE AGRICULTURA,EMCV,,,10.2,https://indomet.gob.do/wp-content/uploads/2026/07/temperaturas-extremas-y-precipitaciones-2026x07x08-a.pdf
2026-07-08,036,ALTO BANDERA (EMA),LA VEGA,INTEC,EMAP,13.2,6.2,9.7,https://indomet.gob.do/wp-content/uploads/2026/07/temperaturas-extremas-y-precipitaciones-2026x07x08-a.pdf
2026-07-08,037,PARQUE MIRADOR NORTE,SANTO DOMINGO,AYUNTAMIENTO,EMCV,,,8.6,https://indomet.gob.do/wp-content/uploads/2026/07/temperaturas-extremas-y-precipitaciones-2026x07x08-a.pdf
2026-07-08,038,ALTAMIRA,PUERTO PLATA,HOSP. MPAL. DE ALTAMIRA,EMCI,32.2,22.5,8.2,https://indomet.gob.do/wp-content/uploads/2026/07/temperaturas-extremas-y-precipitaciones-2026x07x08-a.pdf
2026-07-08,039,SAN FRANCISCO DE MACORÍS,DUARTE,San Francisco de Macorís (UASD),EMCI,30.8,21.9,7.6,https://indomet.gob.do/wp-content/uploads/2026/07/temperaturas-extremas-y-precipitaciones-2026x07x08-a.pdf
2026-07-08,040,JARDÍN BOTÁNICO SANTIAGO (EMSANTIAGO,,JARDIN BOTANICO SANTIAGO,EMAI,32.3,25.1,6.8,https://indomet.gob.do/wp-content/uploads/2026/07/temperaturas-extremas-y-precipitaciones-2026x07x08-a.pdf
2026-07-08,041,LA VICTORIA,SANTO DOMINGO,CUERPO DE BOMBEROS,EMCI,30.5,23.5,6.6,https://indomet.gob.do/wp-content/uploads/2026/07/temperaturas-extremas-y-precipitaciones-2026x07x08-a.pdf
2026-07-08,042,LOS JENGIBRES,NAGUA,INDRHI,EMCI,,,6.6,https://indomet.gob.do/wp-content/uploads/2026/07/temperaturas-extremas-y-precipitaciones-2026x07x08-a.pdf
2026-07-08,043,RANCHO ARRIBA,SAN JOSÉ DE OCOA,CENTRO TECNOLÓGICO COMUNITARIO,EMCI,30.9,20.7,6.4,https://indomet.gob.do/wp-content/uploads/2026/07/temperaturas-extremas-y-precipitaciones-2026x07x08-a.pdf
2026-07-08,044,DAJABÓN,DAJABÓN,INSTITUTO POLITÉCNICO LOYOLA,EMCI,35.6,24.2,6.3,https://indomet.gob.do/wp-content/uploads/2026/07/temperaturas-extremas-y-precipitaciones-2026x07x08-a.pdf
2026-07-08,045,ARPT. ARROYO BARRIL,SAMANÁ,INDOMET,EMCI,29.7,24.3,6.2,https://indomet.gob.do/wp-content/uploads/2026/07/temperaturas-extremas-y-precipitaciones-2026x07x08-a.pdf
2026-07-08,046,SANTIAGO RODRÍGUEZ,SANTIAGO RODRÍGUEZ,INDOMET,EMCI,36.3,22.6,5.7,https://indomet.gob.do/wp-content/uploads/2026/07/temperaturas-extremas-y-precipitaciones-2026x07x08-a.pdf
2026-07-08,047,LAS CANAS (EMA),MONTE CRISTI,PROGRAMA MUNDIAL DE ALIMENTO,EMAP,30.1,24.3,5.6,https://indomet.gob.do/wp-content/uploads/2026/07/temperaturas-extremas-y-precipitaciones-2026x07x08-a.pdf
2026-07-08,048,SABANETA (EMA),SANTIAGO RODRÍGUEZ,PROGRAMA MUNDIAL DE ALIMENTO,EMAP,35.9,22.3,5.6,https://indomet.gob.do/wp-content/uploads/2026/07/temperaturas-extremas-y-precipitaciones-2026x07x08-a.pdf
2026-07-08,049,SAMANÁ,SAMANÁ,COMANDANCIA DE PUERTO DE SAMANÁ,EMCI,33.1,19.0,5.0,https://indomet.gob.do/wp-content/uploads/2026/07/temperaturas-extremas-y-precipitaciones-2026x07x08-a.pdf
2026-07-08,050,LA AGUSTINA (EMA),DISTRITO NACIONAL,PRIVADA,EMAP,,,4.1,https://indomet.gob.do/wp-content/uploads/2026/07/temperaturas-extremas-y-precipitaciones-2026x07x08-a.pdf
2026-07-08,051,ANAMUYA (EMA),LA ALTAGRACIA,MINISTERIO DE AGRICULTURA,EMAP,31.8,26.0,4.0,https://indomet.gob.do/wp-content/uploads/2026/07/temperaturas-extremas-y-precipitaciones-2026x07x08-a.pdf
2026-07-08,052,ENSANCHE LA FE (EMA),DISTRITO NACIONAL,PRIVADA,EMAP,,,4.0,https://indomet.gob.do/wp-content/uploads/2026/07/temperaturas-extremas-y-precipitaciones-2026x07x08-a.pdf
2026-07-08,053,EL MILLON (EMA),DISTRITO NACIONAL,PRIVADA,EMAP,,,3.8,https://indomet.gob.do/wp-content/uploads/2026/07/temperaturas-extremas-y-precipitaciones-2026x07x08-a.pdf
2026-07-08,054,CONSTANZA,LA VEGA,MINISTERIO DE AGRICULTURA,EMCI,28.0,17.0,3.7,https://indomet.gob.do/wp-content/uploads/2026/07/temperaturas-extremas-y-precipitaciones-2026x07x08-a.pdf
2026-07-08,055,TAVERA,SANTIAGO,INDRHI,EMCI,,,3.7,https://indomet.gob.do/wp-content/uploads/2026/07/temperaturas-extremas-y-precipitaciones-2026x07x08-a.pdf
2026-07-08,056,CONSTANZA (EMA),LA VEGA,PROGRAMA MUNDIAL DE ALIMENTO,EMAP,27.2,18.5,3.6,https://indomet.gob.do/wp-content/uploads/2026/07/temperaturas-extremas-y-precipitaciones-2026x07x08-a.pdf
2026-07-08,057,VILLA GONZALES,SANTIAGO,MINISTERIO DE AGRICULTURA,EMCI,,,3.3,https://indomet.gob.do/wp-content/uploads/2026/07/temperaturas-extremas-y-precipitaciones-2026x07x08-a.pdf
2026-07-08,058,NAVARRETE,SANTIAGO,MINISTERIO DE AGRICULTURA,EMCV,,,2.8,https://indomet.gob.do/wp-content/uploads/2026/07/temperaturas-extremas-y-precipitaciones-2026x07x08-a.pdf
2026-07-08,059,EL SEIBO,EL SEIBO,MINISTERIO DE AGRICULTURA,EMCV,,,2.5,https://indomet.gob.do/wp-content/uploads/2026/07/temperaturas-extremas-y-precipitaciones-2026x07x08-a.pdf
2026-07-08,060,POLO,BARAHONA,INDOCAFE,EMCI,29.0,20.2,2.4,https://indomet.gob.do/wp-content/uploads/2026/07/temperaturas-extremas-y-precipitaciones-2026x07x08-a.pdf
2026-07-08,061,PROLONGACION 27 DE FEBRERO,DISTRITO NACIONAL,PRIVADA,EMAP,,,1.7,https://indomet.gob.do/wp-content/uploads/2026/07/temperaturas-extremas-y-precipitaciones-2026x07x08-a.pdf
2026-07-08,062,LOS JARDINES (EMA),DISTRITO NACIONAL,PRIVADA,EMAP,,,1.6,https://indomet.gob.do/wp-content/uploads/2026/07/temperaturas-extremas-y-precipitaciones-2026x07x08-a.pdf
2026-07-08,063,JARDÍN BOTÁNICO NACIONAL,DISTRITO NACIONAL,JARDÍN BOTÁNICO NACIONAL,EMCV,33.0,23.1,1.2,https://indomet.gob.do/wp-content/uploads/2026/07/temperaturas-extremas-y-precipitaciones-2026x07x08-a.pdf
2026-07-08,064,MAO,VALVERDE,INDRHI / MINISTERIO DE AGRICULTURA,EMCV,,,1.2,https://indomet.gob.do/wp-content/uploads/2026/07/temperaturas-extremas-y-precipitaciones-2026x07x08-a.pdf
2026-07-08,065,BOCA DE MAO (EMA),VALVERDE,MINISTERIO DE AGRICULTURA,EMAP,36.4,23.7,0.8,https://indomet.gob.do/wp-content/uploads/2026/07/temperaturas-extremas-y-precipitaciones-2026x07x08-a.pdf
2026-07-08,066,LOS CACICAZGOS (EMA),DISTRITO NACIONAL,PRIVADA,EMAP,,,0.5,https://indomet.gob.do/wp-content/uploads/2026/07/temperaturas-extremas-y-precipitaciones-2026x07x08-a.pdf
2026-07-08,067,ARPT. DE LA ROMANA,LA ROMANA,INDOMET,EMCI,33.9,24.5,0.3,https://indomet.gob.do/wp-content/uploads/2026/07/temperaturas-extremas-y-precipitaciones-2026x07x08-a.pdf
2026-07-08,068,SANTO DOMINGO ESTE,SANTO DOMINGO,INDOMET,EMCI,33.1,23.5,0.3,https://indomet.gob.do/wp-content/uploads/2026/07/temperaturas-extremas-y-precipitaciones-2026x07x08-a.pdf
2026-07-08,069,HONDO VALLE,ELÍAS PIÑA,MINISTERIO DE AGRICULTURA,EMCI,29.6,18.9,0.1,https://indomet.gob.do/wp-content/uploads/2026/07/temperaturas-extremas-y-precipitaciones-2026x07x08-a.pdf
2026-07-08,070,ARPT. DE LAS AMÉRICAS,SANTO DOMINGO,INDOMET,EMCI,33.5,24.0,0.0,https://indomet.gob.do/wp-content/uploads/2026/07/temperaturas-extremas-y-precipitaciones-2026x07x08-a.pdf
2026-07-08,071,ARPT. DE PUNTA CANA,LA ALTAGRACIA,INDOMET,EMCI,31.8,24.8,0.0,https://indomet.gob.do/wp-content/uploads/2026/07/temperaturas-extremas-y-precipitaciones-2026x07x08-a.pdf
2026-07-08,072,ARPT. MARÍA MONTEZ,BARAHONA,INDOMET,EMCI,34.5,28.2,0.0,https://indomet.gob.do/wp-content/uploads/2026/07/temperaturas-extremas-y-precipitaciones-2026x07x08-a.pdf
2026-07-08,073,BANI (EMA),PERAVIA,MINISTERIO DE AGRICULTURA,EMAP,33.4,27.6,0.0,https://indomet.gob.do/wp-content/uploads/2026/07/temperaturas-extremas-y-precipitaciones-2026x07x08-a.pdf
2026-07-08,074,BASE AÉREA DE SAN ISIDRO,SANTO DOMINGO,FUERZA AÉREA DOMINICANA,EMCV,34.0,27.5,0.0,https://indomet.gob.do/wp-content/uploads/2026/07/temperaturas-extremas-y-precipitaciones-2026x07x08-a.pdf
2026-07-08,075,BOHECHÍO,SAN JUAN,MINISTERIO DE AGRICULTURA,EMCV,,,0.0,https://indomet.gob.do/wp-content/uploads/2026/07/temperaturas-extremas-y-precipitaciones-2026x07x08-a.pdf
2026-07-08,076,CABRAL,BARAHONA,MINISTERIO DE AGRICULTURA,EMCV,35.3,22.8,0.0,https://indomet.gob.do/wp-content/uploads/2026/07/temperaturas-extremas-y-precipitaciones-2026x07x08-a.pdf
2026-07-08,077,CENTRO DE LOS HEROES (EMA),DISTRITO NACIONAL,MINISTERIO DE ENERGIA Y MINA,EMAP,32.7,26.3,0.0,https://indomet.gob.do/wp-content/uploads/2026/07/temperaturas-extremas-y-precipitaciones-2026x07x08-a.pdf
2026-07-08,078,ENRIQUILLO,BARAHONA,MINISTERIO DE AGRICULTURA,EMCV,33.5,25.0,0.0,https://indomet.gob.do/wp-content/uploads/2026/07/temperaturas-extremas-y-precipitaciones-2026x07x08-a.pdf
2026-07-08,079,ESCONDIDO,PERAVIA,MINISTERIO DE AGRICULTURA,EMCV,33.0,27.0,0.0,https://indomet.gob.do/wp-content/uploads/2026/07/temperaturas-extremas-y-precipitaciones-2026x07x08-a.pdf
2026-07-08,080,JIMANÍ,INDEPENDENCIA,MINISTERIO DE AGRICULTURA,EMCI,37.2,27.2,0.0,https://indomet.gob.do/wp-content/uploads/2026/07/temperaturas-extremas-y-precipitaciones-2026x07x08-a.pdf
2026-07-08,081,LOS COCOS (EMA),BAHORUCO,PRIVADA,EMAP,,,0.0,https://indomet.gob.do/wp-content/uploads/2026/07/temperaturas-extremas-y-precipitaciones-2026x07x08-a.pdf
2026-07-08,082,MICHES (EMA),EL SEIBO,PRIVADA,EMAP,31.8,24.2,0.0,https://indomet.gob.do/wp-content/uploads/2026/07/temperaturas-extremas-y-precipitaciones-2026x07x08-a.pdf
2026-07-08,083,MONCIÓN (EMA),SANTIAGO RODRÍGUEZ,PROGRAMA MUNDIAL DE ALIMENTO,EMAP,33.3,25.4,0.0,https://indomet.gob.do/wp-content/uploads/2026/07/temperaturas-extremas-y-precipitaciones-2026x07x08-a.pdf
2026-07-08,084,MONTE CRISTI,MONTE CRISTI,INDOMET,EMCI,34.0,26.6,0.0,https://indomet.gob.do/wp-content/uploads/2026/07/temperaturas-extremas-y-precipitaciones-2026x07x08-a.pdf
2026-07-08,085,OLIVARES,PEDERNALES,INDRHI,EMCI,,,0.0,https://indomet.gob.do/wp-content/uploads/2026/07/temperaturas-extremas-y-precipitaciones-2026x07x08-a.pdf
2026-07-08,086,OVIEDO,PEDERNALES,CLÍNICA RURAL OVIEDO,EMCI,34.0,27.5,0.0,https://indomet.gob.do/wp-content/uploads/2026/07/temperaturas-extremas-y-precipitaciones-2026x07x08-a.pdf
2026-07-08,087,PADRE LAS CASAS,AZUA,HOSP. NTRA. SRA. DEL CARMEN,EMCI,33.5,19.6,0.0,https://indomet.gob.do/wp-content/uploads/2026/07/temperaturas-extremas-y-precipitaciones-2026x07x08-a.pdf
2026-07-08,088,PEDERNALES,PEDERNALES,INDRHI,EMCI,,,0.0,https://indomet.gob.do/wp-content/uploads/2026/07/temperaturas-extremas-y-precipitaciones-2026x07x08-a.pdf
2026-07-08,089,PERALTA,AZUA,HOSP. MPAL. DE PERALTA,EMCI,34.0,19.5,0.0,https://indomet.gob.do/wp-content/uploads/2026/07/temperaturas-extremas-y-precipitaciones-2026x07x08-a.pdf
2026-07-08,090,RESTAURACIÓN,DAJABÓN,MINISTERIO DE AGRICULTURA,EMCI,32.5,18.3,0.0,https://indomet.gob.do/wp-content/uploads/2026/07/temperaturas-extremas-y-precipitaciones-2026x07x08-a.pdf
2026-07-08,091,SAN CRISTÓBAL,SAN CRISTÓBAL,INSTITUTO POLITÉCNICO LOYOLA,EMCI,33.5,22.0,0.0,https://indomet.gob.do/wp-content/uploads/2026/07/temperaturas-extremas-y-precipitaciones-2026x07x08-a.pdf
2026-07-08,092,SAN JOSÉ DE OCOA,SAN JOSÉ DE OCOA,HOSP. SAN JOSÉ DE OCOA,EMCI,33.9,24.3,0.0,https://indomet.gob.do/wp-content/uploads/2026/07/temperaturas-extremas-y-precipitaciones-2026x07x08-a.pdf
2026-07-08,093,SAN RAFAEL DEL YUMA,LA ALTAGRACIA,MINISTERIO DE AGRICULTURA,EMCI,35.2,25.6,0.0,https://indomet.gob.do/wp-content/uploads/2026/07/temperaturas-extremas-y-precipitaciones-2026x07x08-a.pdf
2026-07-08,094,TÁBARA ABAJO,AZUA,INDRHI,EMCI,32.5,19.5,0.0,https://indomet.gob.do/wp-content/uploads/2026/07/temperaturas-extremas-y-precipitaciones-2026x07x08-a.pdf
2026-07-08,095,PASO AL MEDIO,SAN PEDRO DE MACORÍS,INDRHI,EMCI,,,0.0,https://indomet.gob.do/wp-content/uploads/2026/07/temperaturas-extremas-y-precipitaciones-2026x07x08-a.pdf
2026-07-09,001,ALTO BANDERA (EMA),LA VEGA,INTEC,EMAP,13.8,8.2,29.5,https://indomet.gob.do/wp-content/uploads/2026/07/temperaturas-extremas-y-precipitaciones-2026x07x09-a.pdf
2026-07-09,002,GASPAR HERNÁNDEZ,ESPAILLAT,PROPIEDAD DEL EMPLEADO,EMCI,,,29.0,https://indomet.gob.do/wp-content/uploads/2026/07/temperaturas-extremas-y-precipitaciones-2026x07x09-a.pdf
2026-07-09,003,LA VICTORIA,SANTO DOMINGO,CUERPO DE BOMBEROS,EMCI,31.0,24.5,26.2,https://indomet.gob.do/wp-content/uploads/2026/07/temperaturas-extremas-y-precipitaciones-2026x07x09-a.pdf
2026-07-09,004,CASTILLO (EMA),DUARTE,PRIVADA,EMAP,,,23.6,https://indomet.gob.do/wp-content/uploads/2026/07/temperaturas-extremas-y-precipitaciones-2026x07x09-a.pdf
2026-07-09,005,BAYAGUANA,MONTE PLATA,INDOMET,EMCI,29.5,23.5,20.1,https://indomet.gob.do/wp-content/uploads/2026/07/temperaturas-extremas-y-precipitaciones-2026x07x09-a.pdf
2026-07-09,006,BARRAQUITO (EMA),DUARTE,PROGRAMA MUNDIAL DE ALIMENTO,EMAP,,,19.4,https://indomet.gob.do/wp-content/uploads/2026/07/temperaturas-extremas-y-precipitaciones-2026x07x09-a.pdf
2026-07-09,007,RANCHO ARRIBA,SAN JOSÉ DE OCOA,CENTRO TECNOLÓGICO COMUNITARIO,EMCI,27.7,20.6,19.2,https://indomet.gob.do/wp-content/uploads/2026/07/temperaturas-extremas-y-precipitaciones-2026x07x09-a.pdf
2026-07-09,008,LOS LLANOS,SAN PEDRO DE MACORÍS,MINISTERIO DE AGRICULTURA,EMCI,30.4,23.9,17.8,https://indomet.gob.do/wp-content/uploads/2026/07/temperaturas-extremas-y-precipitaciones-2026x07x09-a.pdf
2026-07-09,009,VILLA RIVA,DUARTE,HOSP. MPAL. ALICIA DE LEGENDRE,EMCI,29.0,23.0,14.2,https://indomet.gob.do/wp-content/uploads/2026/07/temperaturas-extremas-y-precipitaciones-2026x07x09-a.pdf
2026-07-09,010,HATO MAYOR,HATO MAYOR,MINISTERIO DE AGRICULTURA,EMCV,,,12.4,https://indomet.gob.do/wp-content/uploads/2026/07/temperaturas-extremas-y-precipitaciones-2026x07x09-a.pdf
2026-07-09,011,TÁBARA ABAJO,AZUA,INDRHI,EMCI,32.0,22.1,10.4,https://indomet.gob.do/wp-content/uploads/2026/07/temperaturas-extremas-y-precipitaciones-2026x07x09-a.pdf
2026-07-09,012,PADRE LAS CASAS,AZUA,HOSP. NTRA. SRA. DEL CARMEN,EMCI,33.1,20.9,10.0,https://indomet.gob.do/wp-content/uploads/2026/07/temperaturas-extremas-y-precipitaciones-2026x07x09-a.pdf
2026-07-09,013,BASE AÉREA DE SAN ISIDRO,SANTO DOMINGO,FUERZA AÉREA DOMINICANA,EMCV,32.1,23.2,10.0,https://indomet.gob.do/wp-content/uploads/2026/07/temperaturas-extremas-y-precipitaciones-2026x07x09-a.pdf
2026-07-09,014,ARPT. LA ISABELA,SANTO DOMINGO,INDOMET,EMCI,32.1,24.0,9.9,https://indomet.gob.do/wp-content/uploads/2026/07/temperaturas-extremas-y-precipitaciones-2026x07x09-a.pdf
2026-07-09,015,LOS JENGIBRES,NAGUA,INDRHI,EMCI,,,9.2,https://indomet.gob.do/wp-content/uploads/2026/07/temperaturas-extremas-y-precipitaciones-2026x07x09-a.pdf
2026-07-09,016,OVIEDO,PEDERNALES,CLÍNICA RURAL OVIEDO,EMCI,33.5,23.5,8.4,https://indomet.gob.do/wp-content/uploads/2026/07/temperaturas-extremas-y-precipitaciones-2026x07x09-a.pdf
2026-07-09,017,VILLA ALTAGRACIA,SAN CRISTÓBAL,ESCUELA JAVIER ANGULO GURIDI,EMCI,,,8.4,https://indomet.gob.do/wp-content/uploads/2026/07/temperaturas-extremas-y-precipitaciones-2026x07x09-a.pdf
2026-07-09,018,JUMA BEJUCAL,MONSEÑOR NOUEL,IDIAF,EMCV,30.4,24.4,8.4,https://indomet.gob.do/wp-content/uploads/2026/07/temperaturas-extremas-y-precipitaciones-2026x07x09-a.pdf
2026-07-09,019,BONAO,MONSEÑOR NOUEL,MINISTERIO DE AGRICULTURA,EMCV,,,8.4,https://indomet.gob.do/wp-content/uploads/2026/07/temperaturas-extremas-y-precipitaciones-2026x07x09-a.pdf
2026-07-09,020,SAN JOSÉ DE OCOA,SAN JOSÉ DE OCOA,HOSP. SAN JOSÉ DE OCOA,EMCI,29.4,23.1,7.6,https://indomet.gob.do/wp-content/uploads/2026/07/temperaturas-extremas-y-precipitaciones-2026x07x09-a.pdf
2026-07-09,021,SALCEDO,HERMANAS MIRABAL,PROPIEDAD DEL EMPLEADO,EMCI,,,6.9,https://indomet.gob.do/wp-content/uploads/2026/07/temperaturas-extremas-y-precipitaciones-2026x07x09-a.pdf
2026-07-09,022,SABANA GRANDE DE BOYÁ,MONTE PLATA,MINISTERIO DE AGRICULTURA,EMCV,,,6.6,https://indomet.gob.do/wp-content/uploads/2026/07/temperaturas-extremas-y-precipitaciones-2026x07x09-a.pdf
2026-07-09,023,EL MILLON (EMA),DISTRITO NACIONAL,PRIVADA,EMAP,,,6.4,https://indomet.gob.do/wp-content/uploads/2026/07/temperaturas-extremas-y-precipitaciones-2026x07x09-a.pdf
2026-07-09,024,SANTO DOMINGO ESTE,SANTO DOMINGO,INDOMET,EMCI,34.5,25.0,6.4,https://indomet.gob.do/wp-content/uploads/2026/07/temperaturas-extremas-y-precipitaciones-2026x07x09-a.pdf
2026-07-09,025,TAVERA,SANTIAGO,INDRHI,EMCI,,,5.6,https://indomet.gob.do/wp-content/uploads/2026/07/temperaturas-extremas-y-precipitaciones-2026x07x09-a.pdf
2026-07-09,026,LA AGUSTINA (EMA),DISTRITO NACIONAL,PRIVADA,EMAP,,,5.3,https://indomet.gob.do/wp-content/uploads/2026/07/temperaturas-extremas-y-precipitaciones-2026x07x09-a.pdf
2026-07-09,027,CONSTANZA,LA VEGA,MINISTERIO DE AGRICULTURA,EMCI,24.6,12.5,4.5,https://indomet.gob.do/wp-content/uploads/2026/07/temperaturas-extremas-y-precipitaciones-2026x07x09-a.pdf
2026-07-09,028,ESCONDIDO,PERAVIA,MINISTERIO DE AGRICULTURA,EMCV,32.0,24.0,4.3,https://indomet.gob.do/wp-content/uploads/2026/07/temperaturas-extremas-y-precipitaciones-2026x07x09-a.pdf
2026-07-09,029,BANI (EMA),PERAVIA,MINISTERIO DE AGRICULTURA,EMAP,31.6,26.9,4.2,https://indomet.gob.do/wp-content/uploads/2026/07/temperaturas-extremas-y-precipitaciones-2026x07x09-a.pdf
2026-07-09,030,SABANA DE LA MAR,HATO MAYOR,INDOMET,EMCI,30.0,24.4,4.1,https://indomet.gob.do/wp-content/uploads/2026/07/temperaturas-extremas-y-precipitaciones-2026x07x09-a.pdf
2026-07-09,031,LA VEGA,LA VEGA,IATESA,EMCI,31.0,24.0,3.8,https://indomet.gob.do/wp-content/uploads/2026/07/temperaturas-extremas-y-precipitaciones-2026x07x09-a.pdf
2026-07-09,032,JARDÍN BOTÁNICO NACIONAL,DISTRITO NACIONAL,JARDÍN BOTÁNICO NACIONAL,EMCV,31.0,22.2,3.8,https://indomet.gob.do/wp-content/uploads/2026/07/temperaturas-extremas-y-precipitaciones-2026x07x09-a.pdf
2026-07-09,033,ELÍAS PIÑA,ELÍAS PIÑA,MINISTERIO DE AGRICULTURA,EMCV,,,2.8,https://indomet.gob.do/wp-content/uploads/2026/07/temperaturas-extremas-y-precipitaciones-2026x07x09-a.pdf
2026-07-09,034,LOS JARDINES (EMA),DISTRITO NACIONAL,PRIVADA,EMAP,,,2.6,https://indomet.gob.do/wp-content/uploads/2026/07/temperaturas-extremas-y-precipitaciones-2026x07x09-a.pdf
2026-07-09,035,HONDO VALLE,ELÍAS PIÑA,MINISTERIO DE AGRICULTURA,EMCI,29.0,19.5,2.3,https://indomet.gob.do/wp-content/uploads/2026/07/temperaturas-extremas-y-precipitaciones-2026x07x09-a.pdf
2026-07-09,036,PONTÓN ABAJO (EMA),LA VEGA,MINISTERIO DE AGRICULTURA,EMAP,30.4,25.6,2.2,https://indomet.gob.do/wp-content/uploads/2026/07/temperaturas-extremas-y-precipitaciones-2026x07x09-a.pdf
2026-07-09,037,POLO,BARAHONA,INDOCAFE,EMCI,29.0,22.0,2.1,https://indomet.gob.do/wp-content/uploads/2026/07/temperaturas-extremas-y-precipitaciones-2026x07x09-a.pdf
2026-07-09,038,BUCARA (EMA),SANTIAGO,MINISTERIO DE AGRICULTURA,EMAI,,,2.0,https://indomet.gob.do/wp-content/uploads/2026/07/temperaturas-extremas-y-precipitaciones-2026x07x09-a.pdf
2026-07-09,039,PROLONGACION 27 DE FEBRERO,DISTRITO NACIONAL,PRIVADA,EMAP,,,2.0,https://indomet.gob.do/wp-content/uploads/2026/07/temperaturas-extremas-y-precipitaciones-2026x07x09-a.pdf
2026-07-09,040,ENRIQUILLO,BARAHONA,MINISTERIO DE AGRICULTURA,EMCV,32.0,23.8,2.0,https://indomet.gob.do/wp-content/uploads/2026/07/temperaturas-extremas-y-precipitaciones-2026x07x09-a.pdf
2026-07-09,041,SAN CRISTÓBAL,SAN CRISTÓBAL,INSTITUTO POLITÉCNICO LOYOLA,EMCI,32.0,23.5,1.2,https://indomet.gob.do/wp-content/uploads/2026/07/temperaturas-extremas-y-precipitaciones-2026x07x09-a.pdf
2026-07-09,042,GURABO,SANTIAGO,MINISTERIO DE AGRICULTURA,EMCV,,,1.0,https://indomet.gob.do/wp-content/uploads/2026/07/temperaturas-extremas-y-precipitaciones-2026x07x09-a.pdf
2026-07-09,043,PRESA DE TAVERAS (EMA),LA VEGA,PROGRAMA MUNDIAL DE ALIMENTO,EMAP,28.8,23.9,1.0,https://indomet.gob.do/wp-content/uploads/2026/07/temperaturas-extremas-y-precipitaciones-2026x07x09-a.pdf
2026-07-09,044,ALTAMIRA,PUERTO PLATA,HOSP. MPAL. DE ALTAMIRA,EMCI,32.5,23.6,1.0,https://indomet.gob.do/wp-content/uploads/2026/07/temperaturas-extremas-y-precipitaciones-2026x07x09-a.pdf
2026-07-09,045,ARPT. DEL CIBAO,SANTIAGO,INDOMET,EMCI,31.2,21.4,1.0,https://indomet.gob.do/wp-content/uploads/2026/07/temperaturas-extremas-y-precipitaciones-2026x07x09-a.pdf
2026-07-09,046,PERALTA,AZUA,HOSP. MPAL. DE PERALTA,EMCI,33.7,20.0,0.8,https://indomet.gob.do/wp-content/uploads/2026/07/temperaturas-extremas-y-precipitaciones-2026x07x09-a.pdf
2026-07-09,047,SAMANÁ,SAMANÁ,COMANDANCIA DE PUERTO DE SAMANÁ,EMCI,30.5,20.0,0.8,https://indomet.gob.do/wp-content/uploads/2026/07/temperaturas-extremas-y-precipitaciones-2026x07x09-a.pdf
2026-07-09,048,LOS CACICAZGOS (EMA),DISTRITO NACIONAL,PRIVADA,EMAP,,,0.5,https://indomet.gob.do/wp-content/uploads/2026/07/temperaturas-extremas-y-precipitaciones-2026x07x09-a.pdf
2026-07-09,049,ARPT. EL CATEY,SAMANÁ,INDOMET,EMCI,31.6,,0.5,https://indomet.gob.do/wp-content/uploads/2026/07/temperaturas-extremas-y-precipitaciones-2026x07x09-a.pdf
2026-07-09,050,JARABACOA,LA VEGA,INDRHI / MARENA,EMCI,29.6,19.2,0.5,https://indomet.gob.do/wp-content/uploads/2026/07/temperaturas-extremas-y-precipitaciones-2026x07x09-a.pdf
2026-07-09,051,ANAMUYA (EMA),LA ALTAGRACIA,MINISTERIO DE AGRICULTURA,EMAP,32.2,25.2,0.4,https://indomet.gob.do/wp-content/uploads/2026/07/temperaturas-extremas-y-precipitaciones-2026x07x09-a.pdf
2026-07-09,052,JARABACOA (EMA),LA VEGA,PROGRAMA MUNDIAL DE ALIMENTO,EMAP,29.1,22.0,0.4,https://indomet.gob.do/wp-content/uploads/2026/07/temperaturas-extremas-y-precipitaciones-2026x07x09-a.pdf
2026-07-09,053,ARROYO LORO,SAN JUAN,IDIAF,EMCI,32.5,21.3,0.4,https://indomet.gob.do/wp-content/uploads/2026/07/temperaturas-extremas-y-precipitaciones-2026x07x09-a.pdf
2026-07-09,054,SÁNCHEZ,SAMANÁ,MINISTERIO DE AGRICULTURA,EMCI,31.5,21.8,0.2,https://indomet.gob.do/wp-content/uploads/2026/07/temperaturas-extremas-y-precipitaciones-2026x07x09-a.pdf
2026-07-09,055,RÍO SAN JUAN,MARÍA TRINIDAD SÁNCHEZ,HOSP. MPAL. DR. DESIDERIO ACOSTA,EMCV,32.7,26.2,0.2,https://indomet.gob.do/wp-content/uploads/2026/07/temperaturas-extremas-y-precipitaciones-2026x07x09-a.pdf
2026-07-09,056,ARPT. DE LAS AMÉRICAS,SANTO DOMINGO,INDOMET,EMCI,32.9,24.0,0.1,https://indomet.gob.do/wp-content/uploads/2026/07/temperaturas-extremas-y-precipitaciones-2026x07x09-a.pdf
2026-07-09,057,DAJABÓN,DAJABÓN,INSTITUTO POLITÉCNICO LOYOLA,EMCI,34.8,23.1,0.1,https://indomet.gob.do/wp-content/uploads/2026/07/temperaturas-extremas-y-precipitaciones-2026x07x09-a.pdf
2026-07-09,058,OLIVARES,PEDERNALES,INDRHI,EMCI,,,0.1,https://indomet.gob.do/wp-content/uploads/2026/07/temperaturas-extremas-y-precipitaciones-2026x07x09-a.pdf
2026-07-09,059,PEDERNALES,PEDERNALES,INDRHI,EMCI,,,0.1,https://indomet.gob.do/wp-content/uploads/2026/07/temperaturas-extremas-y-precipitaciones-2026x07x09-a.pdf
2026-07-09,060,VILLA GONZALES,SANTIAGO,MINISTERIO DE AGRICULTURA,EMCI,,,0.1,https://indomet.gob.do/wp-content/uploads/2026/07/temperaturas-extremas-y-precipitaciones-2026x07x09-a.pdf
2026-07-09,061,CABRAL,BARAHONA,MINISTERIO DE AGRICULTURA,EMCV,34.2,28.3,0.1,https://indomet.gob.do/wp-content/uploads/2026/07/temperaturas-extremas-y-precipitaciones-2026x07x09-a.pdf
2026-07-09,062,JARDÍN BOTÁNICO SANTIAGO (EMSANTIAGO,,JARDIN BOTANICO SANTIAGO,EMAI,31.2,27.1,0.0,https://indomet.gob.do/wp-content/uploads/2026/07/temperaturas-extremas-y-precipitaciones-2026x07x09-a.pdf
2026-07-09,063,SAJOMA (EMA),SANTIAGO,PLAN SIERRA,EMAI,29.4,24.5,0.0,https://indomet.gob.do/wp-content/uploads/2026/07/temperaturas-extremas-y-precipitaciones-2026x07x09-a.pdf
2026-07-09,064,BOCA DE MAO (EMA),VALVERDE,MINISTERIO DE AGRICULTURA,EMAP,34.6,26.3,0.0,https://indomet.gob.do/wp-content/uploads/2026/07/temperaturas-extremas-y-precipitaciones-2026x07x09-a.pdf
2026-07-09,065,MICHES (EMA),EL SEIBO,PRIVADA,EMAP,29.3,23.5,0.0,https://indomet.gob.do/wp-content/uploads/2026/07/temperaturas-extremas-y-precipitaciones-2026x07x09-a.pdf
2026-07-09,066,MONCIÓN (EMA),SANTIAGO RODRÍGUEZ,PROGRAMA MUNDIAL DE ALIMENTO,EMAP,31.1,24.2,0.0,https://indomet.gob.do/wp-content/uploads/2026/07/temperaturas-extremas-y-precipitaciones-2026x07x09-a.pdf
2026-07-09,067,SABANETA (EMA),SANTIAGO RODRÍGUEZ,PROGRAMA MUNDIAL DE ALIMENTO,EMAP,34.8,25.7,0.0,https://indomet.gob.do/wp-content/uploads/2026/07/temperaturas-extremas-y-precipitaciones-2026x07x09-a.pdf
2026-07-09,068,ARPT. ARROYO BARRIL,SAMANÁ,INDOMET,EMCI,30.2,24.7,0.0,https://indomet.gob.do/wp-content/uploads/2026/07/temperaturas-extremas-y-precipitaciones-2026x07x09-a.pdf
2026-07-09,069,ARPT. DE LA ROMANA,LA ROMANA,INDOMET,EMCI,33.2,24.6,0.0,https://indomet.gob.do/wp-content/uploads/2026/07/temperaturas-extremas-y-precipitaciones-2026x07x09-a.pdf
2026-07-09,070,ARPT. DE PUNTA CANA,LA ALTAGRACIA,INDOMET,EMCI,32.4,24.5,0.0,https://indomet.gob.do/wp-content/uploads/2026/07/temperaturas-extremas-y-precipitaciones-2026x07x09-a.pdf
2026-07-09,071,ARPT. GREGORIO LUPERÓN,PUERTO PLATA,INDOMET,EMCI,32.7,22.4,0.0,https://indomet.gob.do/wp-content/uploads/2026/07/temperaturas-extremas-y-precipitaciones-2026x07x09-a.pdf
2026-07-09,072,ARPT. MARÍA MONTEZ,BARAHONA,INDOMET,EMCI,33.7,28.4,0.0,https://indomet.gob.do/wp-content/uploads/2026/07/temperaturas-extremas-y-precipitaciones-2026x07x09-a.pdf
2026-07-09,073,CABRERA,MARÍA TRINIDAD SÁNCHEZ,ESCUELA ARÍSTIDES FIALLO CABRAL,EMCI,32.6,27.0,0.0,https://indomet.gob.do/wp-content/uploads/2026/07/temperaturas-extremas-y-precipitaciones-2026x07x09-a.pdf
2026-07-09,074,JIMANÍ,INDEPENDENCIA,MINISTERIO DE AGRICULTURA,EMCI,35.7,27.0,0.0,https://indomet.gob.do/wp-content/uploads/2026/07/temperaturas-extremas-y-precipitaciones-2026x07x09-a.pdf
2026-07-09,075,MONTE CRISTI,MONTE CRISTI,INDOMET,EMCI,34.6,26.0,0.0,https://indomet.gob.do/wp-content/uploads/2026/07/temperaturas-extremas-y-precipitaciones-2026x07x09-a.pdf
2026-07-09,076,PALO ÍNDIO,PUERTO PLATA,MINISTERIO DE AGRICULTURA,EMCI,,,0.0,https://indomet.gob.do/wp-content/uploads/2026/07/temperaturas-extremas-y-precipitaciones-2026x07x09-a.pdf
2026-07-09,077,PASO AL MEDIO,SAN PEDRO DE MACORÍS,INDRHI,EMCI,,,0.0,https://indomet.gob.do/wp-content/uploads/2026/07/temperaturas-extremas-y-precipitaciones-2026x07x09-a.pdf
2026-07-09,078,RESTAURACIÓN,DAJABÓN,MINISTERIO DE AGRICULTURA,EMCI,32.1,18.7,0.0,https://indomet.gob.do/wp-content/uploads/2026/07/temperaturas-extremas-y-precipitaciones-2026x07x09-a.pdf
2026-07-09,079,SAN FRANCISCO DE MACORÍS,DUARTE,San Francisco de Macorís (UASD),EMCI,29.7,22.4,0.0,https://indomet.gob.do/wp-content/uploads/2026/07/temperaturas-extremas-y-precipitaciones-2026x07x09-a.pdf
2026-07-09,080,SAN RAFAEL DEL YUMA,LA ALTAGRACIA,MINISTERIO DE AGRICULTURA,EMCI,33.6,24.9,0.0,https://indomet.gob.do/wp-content/uploads/2026/07/temperaturas-extremas-y-precipitaciones-2026x07x09-a.pdf
2026-07-09,081,SANTIAGO RODRÍGUEZ,SANTIAGO RODRÍGUEZ,INDOMET,EMCI,35.0,26.0,0.0,https://indomet.gob.do/wp-content/uploads/2026/07/temperaturas-extremas-y-precipitaciones-2026x07x09-a.pdf
2026-07-09,082,COTUÍ,SÁNCHEZ RAMÍREZ,HOSP. INMACULADA CONCEPCIÓN,EMCV,,,0.0,https://indomet.gob.do/wp-content/uploads/2026/07/temperaturas-extremas-y-precipitaciones-2026x07x09-a.pdf
2026-07-09,083,EL CERCADO,SAN JUAN,MINISTERIO DE AGRICULTURA,EMCV,,,0.0,https://indomet.gob.do/wp-content/uploads/2026/07/temperaturas-extremas-y-precipitaciones-2026x07x09-a.pdf
2026-07-09,084,LUPERÓN,PUERTO PLATA,MINISTERIO DE AGRICULTURA,EMCV,,,0.0,https://indomet.gob.do/wp-content/uploads/2026/07/temperaturas-extremas-y-precipitaciones-2026x07x09-a.pdf
2026-07-09,085,MAO,VALVERDE,INDRHI / MINISTERIO DE AGRICULTURA,EMCV,,,0.0,https://indomet.gob.do/wp-content/uploads/2026/07/temperaturas-extremas-y-precipitaciones-2026x07x09-a.pdf
2026-07-09,086,NAVARRETE,SANTIAGO,MINISTERIO DE AGRICULTURA,EMCV,,,0.0,https://indomet.gob.do/wp-content/uploads/2026/07/temperaturas-extremas-y-precipitaciones-2026x07x09-a.pdf
2026-07-09,087,VILLA ISABELA,PUERTO PLATA,MINISTERIO DE AGRICULTURA,EMCV,33.0,24.8,0.0,https://indomet.gob.do/wp-content/uploads/2026/07/temperaturas-extremas-y-precipitaciones-2026x07x09-a.pdf
2026-07-10,001,SÁNCHEZ,SAMANÁ,MINISTERIO DE AGRICULTURA,EMCI,32.9,28.2,0.9,https://indomet.gob.do/wp-content/uploads/2026/07/temperaturas-extremas-y-precipitaciones-2026x07x10-a.pdf
2026-07-10,002,PRESA DE TAVERAS (EMA),LA VEGA,PROGRAMA MUNDIAL DE ALIMENTO,EMAP,30.7,22.7,0.4,https://indomet.gob.do/wp-content/uploads/2026/07/temperaturas-extremas-y-precipitaciones-2026x07x10-a.pdf
2026-07-10,003,ALTAMIRA,PUERTO PLATA,HOSP. MPAL. DE ALTAMIRA,EMCI,34.6,21.4,0.0,https://indomet.gob.do/wp-content/uploads/2026/07/temperaturas-extremas-y-precipitaciones-2026x07x10-a.pdf
2026-07-10,004,ALTO BANDERA (EMA),LA VEGA,INTEC,EMAP,15.6,8.0,0.0,https://indomet.gob.do/wp-content/uploads/2026/07/temperaturas-extremas-y-precipitaciones-2026x07x10-a.pdf
2026-07-10,005,ANAMUYA (EMA),LA ALTAGRACIA,MINISTERIO DE AGRICULTURA,EMAP,33.8,25.6,0.0,https://indomet.gob.do/wp-content/uploads/2026/07/temperaturas-extremas-y-precipitaciones-2026x07x10-a.pdf
2026-07-10,006,ARPT. ARROYO BARRIL,SAMANÁ,INDOMET,EMCI,32.5,24.5,0.0,https://indomet.gob.do/wp-content/uploads/2026/07/temperaturas-extremas-y-precipitaciones-2026x07x10-a.pdf
2026-07-10,007,ARPT. DE LA ROMANA,LA ROMANA,INDOMET,EMCI,34.4,23.7,0.0,https://indomet.gob.do/wp-content/uploads/2026/07/temperaturas-extremas-y-precipitaciones-2026x07x10-a.pdf
2026-07-10,008,ARPT. DE LAS AMÉRICAS,SANTO DOMINGO,INDOMET,EMCI,34.0,25.0,0.0,https://indomet.gob.do/wp-content/uploads/2026/07/temperaturas-extremas-y-precipitaciones-2026x07x10-a.pdf
2026-07-10,009,ARPT. DE PUNTA CANA,LA ALTAGRACIA,INDOMET,EMCI,32.5,24.4,0.0,https://indomet.gob.do/wp-content/uploads/2026/07/temperaturas-extremas-y-precipitaciones-2026x07x10-a.pdf
2026-07-10,010,ARPT. DEL CIBAO,SANTIAGO,INDOMET,EMCI,33.0,24.0,0.0,https://indomet.gob.do/wp-content/uploads/2026/07/temperaturas-extremas-y-precipitaciones-2026x07x10-a.pdf
2026-07-10,011,ARPT. EL CATEY,SAMANÁ,INDOMET,EMCI,32.8,,0.0,https://indomet.gob.do/wp-content/uploads/2026/07/temperaturas-extremas-y-precipitaciones-2026x07x10-a.pdf
2026-07-10,012,ARPT. GREGORIO LUPERÓN,PUERTO PLATA,INDOMET,EMCI,32.5,23.6,0.0,https://indomet.gob.do/wp-content/uploads/2026/07/temperaturas-extremas-y-precipitaciones-2026x07x10-a.pdf
2026-07-10,013,ARPT. LA ISABELA,SANTO DOMINGO,INDOMET,EMCI,35.0,25.5,0.0,https://indomet.gob.do/wp-content/uploads/2026/07/temperaturas-extremas-y-precipitaciones-2026x07x10-a.pdf
2026-07-10,014,ARPT. MARÍA MONTEZ,BARAHONA,INDOMET,EMCI,34.2,25.2,0.0,https://indomet.gob.do/wp-content/uploads/2026/07/temperaturas-extremas-y-precipitaciones-2026x07x10-a.pdf
2026-07-10,015,ARROYO LORO,SAN JUAN,IDIAF,EMCI,34.5,18.0,0.0,https://indomet.gob.do/wp-content/uploads/2026/07/temperaturas-extremas-y-precipitaciones-2026x07x10-a.pdf
2026-07-10,016,BANI (EMA),PERAVIA,MINISTERIO DE AGRICULTURA,EMAP,33.1,26.9,0.0,https://indomet.gob.do/wp-content/uploads/2026/07/temperaturas-extremas-y-precipitaciones-2026x07x10-a.pdf
2026-07-10,017,BAYAGUANA,MONTE PLATA,INDOMET,EMCI,34.0,24.0,0.0,https://indomet.gob.do/wp-content/uploads/2026/07/temperaturas-extremas-y-precipitaciones-2026x07x10-a.pdf
2026-07-10,018,BELLA VISTA (EMA),DISTRITO NACIONAL,PRIVADA,EMAP,,,0.0,https://indomet.gob.do/wp-content/uploads/2026/07/temperaturas-extremas-y-precipitaciones-2026x07x10-a.pdf
2026-07-10,019,BOCA DE MAO (EMA),VALVERDE,MINISTERIO DE AGRICULTURA,EMAP,35.7,25.0,0.0,https://indomet.gob.do/wp-content/uploads/2026/07/temperaturas-extremas-y-precipitaciones-2026x07x10-a.pdf
2026-07-10,020,BUCARA (EMA),SANTIAGO,MINISTERIO DE AGRICULTURA,EMAI,,,0.0,https://indomet.gob.do/wp-content/uploads/2026/07/temperaturas-extremas-y-precipitaciones-2026x07x10-a.pdf
2026-07-10,021,CABRAL,BARAHONA,MINISTERIO DE AGRICULTURA,EMCV,35.8,22.7,0.0,https://indomet.gob.do/wp-content/uploads/2026/07/temperaturas-extremas-y-precipitaciones-2026x07x10-a.pdf
2026-07-10,022,CABRERA,MARÍA TRINIDAD SÁNCHEZ,ESCUELA ARÍSTIDES FIALLO CABRAL,EMCI,33.0,27.0,0.0,https://indomet.gob.do/wp-content/uploads/2026/07/temperaturas-extremas-y-precipitaciones-2026x07x10-a.pdf
2026-07-10,023,CENTRO DE LOS HEROES (EMA),DISTRITO NACIONAL,MINISTERIO DE ENERGIA Y MINA,EMAP,32.5,26.7,0.0,https://indomet.gob.do/wp-content/uploads/2026/07/temperaturas-extremas-y-precipitaciones-2026x07x10-a.pdf
2026-07-10,024,CONSTANZA,LA VEGA,MINISTERIO DE AGRICULTURA,EMCI,28.4,11.2,0.0,https://indomet.gob.do/wp-content/uploads/2026/07/temperaturas-extremas-y-precipitaciones-2026x07x10-a.pdf
2026-07-10,025,CONSTANZA (EMA),LA VEGA,PROGRAMA MUNDIAL DE ALIMENTO,EMAP,27.5,18.7,0.0,https://indomet.gob.do/wp-content/uploads/2026/07/temperaturas-extremas-y-precipitaciones-2026x07x10-a.pdf
2026-07-10,026,DAJABÓN,DAJABÓN,INSTITUTO POLITÉCNICO LOYOLA,EMCI,36.2,24.5,0.0,https://indomet.gob.do/wp-content/uploads/2026/07/temperaturas-extremas-y-precipitaciones-2026x07x10-a.pdf
2026-07-10,027,EL MILLON (EMA),DISTRITO NACIONAL,PRIVADA,EMAP,,,0.0,https://indomet.gob.do/wp-content/uploads/2026/07/temperaturas-extremas-y-precipitaciones-2026x07x10-a.pdf
2026-07-10,028,ELÍAS PIÑA,ELÍAS PIÑA,MINISTERIO DE AGRICULTURA,EMCV,,,0.0,https://indomet.gob.do/wp-content/uploads/2026/07/temperaturas-extremas-y-precipitaciones-2026x07x10-a.pdf
2026-07-10,029,ENRIQUILLO,BARAHONA,MINISTERIO DE AGRICULTURA,EMCV,33.3,23.8,0.0,https://indomet.gob.do/wp-content/uploads/2026/07/temperaturas-extremas-y-precipitaciones-2026x07x10-a.pdf
2026-07-10,030,ENSANCHE LA FE (EMA),DISTRITO NACIONAL,PRIVADA,EMAP,,,0.0,https://indomet.gob.do/wp-content/uploads/2026/07/temperaturas-extremas-y-precipitaciones-2026x07x10-a.pdf
2026-07-10,031,ESCONDIDO,PERAVIA,MINISTERIO DE AGRICULTURA,EMCV,33.0,27.0,0.0,https://indomet.gob.do/wp-content/uploads/2026/07/temperaturas-extremas-y-precipitaciones-2026x07x10-a.pdf
2026-07-10,032,GASPAR HERNÁNDEZ,ESPAILLAT,PROPIEDAD DEL EMPLEADO,EMCI,,,0.0,https://indomet.gob.do/wp-content/uploads/2026/07/temperaturas-extremas-y-precipitaciones-2026x07x10-a.pdf
2026-07-10,033,GURABO,SANTIAGO,MINISTERIO DE AGRICULTURA,EMCV,,,0.0,https://indomet.gob.do/wp-content/uploads/2026/07/temperaturas-extremas-y-precipitaciones-2026x07x10-a.pdf
2026-07-10,034,HONDO VALLE,ELÍAS PIÑA,MINISTERIO DE AGRICULTURA,EMCI,29.7,19.9,0.0,https://indomet.gob.do/wp-content/uploads/2026/07/temperaturas-extremas-y-precipitaciones-2026x07x10-a.pdf
2026-07-10,035,JARABACOA,LA VEGA,INDRHI / MARENA,EMCI,31.8,17.4,0.0,https://indomet.gob.do/wp-content/uploads/2026/07/temperaturas-extremas-y-precipitaciones-2026x07x10-a.pdf
2026-07-10,036,JARABACOA (EMA),LA VEGA,PROGRAMA MUNDIAL DE ALIMENTO,EMAP,31.2,18.6,0.0,https://indomet.gob.do/wp-content/uploads/2026/07/temperaturas-extremas-y-precipitaciones-2026x07x10-a.pdf
2026-07-10,037,JARDÍN BOTÁNICO SANTIAGO (EMSANTIAGO,,JARDIN BOTANICO SANTIAGO,EMAI,31.2,23.8,0.0,https://indomet.gob.do/wp-content/uploads/2026/07/temperaturas-extremas-y-precipitaciones-2026x07x10-a.pdf
2026-07-10,038,JIMANÍ,INDEPENDENCIA,MINISTERIO DE AGRICULTURA,EMCI,35.2,27.8,0.0,https://indomet.gob.do/wp-content/uploads/2026/07/temperaturas-extremas-y-precipitaciones-2026x07x10-a.pdf
2026-07-10,039,JUMA BEJUCAL,MONSEÑOR NOUEL,IDIAF,EMCV,34.6,24.0,0.0,https://indomet.gob.do/wp-content/uploads/2026/07/temperaturas-extremas-y-precipitaciones-2026x07x10-a.pdf
2026-07-10,040,LA AGUSTINA (EMA),DISTRITO NACIONAL,PRIVADA,EMAP,,,0.0,https://indomet.gob.do/wp-content/uploads/2026/07/temperaturas-extremas-y-precipitaciones-2026x07x10-a.pdf
2026-07-10,041,LA VEGA,LA VEGA,IATESA,EMCI,33.0,23.0,0.0,https://indomet.gob.do/wp-content/uploads/2026/07/temperaturas-extremas-y-precipitaciones-2026x07x10-a.pdf
2026-07-10,042,LA VICTORIA,SANTO DOMINGO,CUERPO DE BOMBEROS,EMCI,35.0,24.0,0.0,https://indomet.gob.do/wp-content/uploads/2026/07/temperaturas-extremas-y-precipitaciones-2026x07x10-a.pdf
2026-07-10,043,LAS CANAS (EMA),MONTE CRISTI,PROGRAMA MUNDIAL DE ALIMENTO,EMAP,30.4,24.4,0.0,https://indomet.gob.do/wp-content/uploads/2026/07/temperaturas-extremas-y-precipitaciones-2026x07x10-a.pdf
2026-07-10,044,LOS CACICAZGOS (EMA),DISTRITO NACIONAL,PRIVADA,EMAP,,,0.0,https://indomet.gob.do/wp-content/uploads/2026/07/temperaturas-extremas-y-precipitaciones-2026x07x10-a.pdf
2026-07-10,045,LOS COCOS (EMA),BAHORUCO,PRIVADA,EMAP,,,0.0,https://indomet.gob.do/wp-content/uploads/2026/07/temperaturas-extremas-y-precipitaciones-2026x07x10-a.pdf
2026-07-10,046,LOS JARDINES (EMA),DISTRITO NACIONAL,PRIVADA,EMAP,,,0.0,https://indomet.gob.do/wp-content/uploads/2026/07/temperaturas-extremas-y-precipitaciones-2026x07x10-a.pdf
2026-07-10,047,LOS LLANOS,SAN PEDRO DE MACORÍS,MINISTERIO DE AGRICULTURA,EMCI,34.8,23.5,0.0,https://indomet.gob.do/wp-content/uploads/2026/07/temperaturas-extremas-y-precipitaciones-2026x07x10-a.pdf
2026-07-10,048,LOS PRADOS (EMA),DISTRITO NACIONAL,PRIVADA,EMAP,,,0.0,https://indomet.gob.do/wp-content/uploads/2026/07/temperaturas-extremas-y-precipitaciones-2026x07x10-a.pdf
2026-07-10,049,MAO,VALVERDE,INDRHI / MINISTERIO DE AGRICULTURA,EMCV,,,0.0,https://indomet.gob.do/wp-content/uploads/2026/07/temperaturas-extremas-y-precipitaciones-2026x07x10-a.pdf
2026-07-10,050,MICHES (EMA),EL SEIBO,PRIVADA,EMAP,34.6,24.6,0.0,https://indomet.gob.do/wp-content/uploads/2026/07/temperaturas-extremas-y-precipitaciones-2026x07x10-a.pdf
2026-07-10,051,MONCIÓN (EMA),SANTIAGO RODRÍGUEZ,PROGRAMA MUNDIAL DE ALIMENTO,EMAP,32.4,20.7,0.0,https://indomet.gob.do/wp-content/uploads/2026/07/temperaturas-extremas-y-precipitaciones-2026x07x10-a.pdf
2026-07-10,052,MONTE CRISTI,MONTE CRISTI,INDOMET,EMCI,34.7,27.5,0.0,https://indomet.gob.do/wp-content/uploads/2026/07/temperaturas-extremas-y-precipitaciones-2026x07x10-a.pdf
2026-07-10,053,NAVARRETE,SANTIAGO,MINISTERIO DE AGRICULTURA,EMCV,,,0.0,https://indomet.gob.do/wp-content/uploads/2026/07/temperaturas-extremas-y-precipitaciones-2026x07x10-a.pdf
2026-07-10,054,OLIVARES,PEDERNALES,INDRHI,EMCI,,,0.0,https://indomet.gob.do/wp-content/uploads/2026/07/temperaturas-extremas-y-precipitaciones-2026x07x10-a.pdf
2026-07-10,055,OVIEDO,PEDERNALES,CLÍNICA RURAL OVIEDO,EMCI,33.0,23.5,0.0,https://indomet.gob.do/wp-content/uploads/2026/07/temperaturas-extremas-y-precipitaciones-2026x07x10-a.pdf
2026-07-10,056,PADRE LAS CASAS,AZUA,HOSP. NTRA. SRA. DEL CARMEN,EMCI,32.2,17.9,0.0,https://indomet.gob.do/wp-content/uploads/2026/07/temperaturas-extremas-y-precipitaciones-2026x07x10-a.pdf
2026-07-10,057,PALO ÍNDIO,PUERTO PLATA,MINISTERIO DE AGRICULTURA,EMCI,,,0.0,https://indomet.gob.do/wp-content/uploads/2026/07/temperaturas-extremas-y-precipitaciones-2026x07x10-a.pdf
2026-07-10,058,PEDERNALES,PEDERNALES,INDRHI,EMCI,,,0.0,https://indomet.gob.do/wp-content/uploads/2026/07/temperaturas-extremas-y-precipitaciones-2026x07x10-a.pdf
2026-07-10,059,PERALTA,AZUA,HOSP. MPAL. DE PERALTA,EMCI,34.6,17.0,0.0,https://indomet.gob.do/wp-content/uploads/2026/07/temperaturas-extremas-y-precipitaciones-2026x07x10-a.pdf
2026-07-10,060,POLO,BARAHONA,INDOCAFE,EMCI,30.0,20.4,0.0,https://indomet.gob.do/wp-content/uploads/2026/07/temperaturas-extremas-y-precipitaciones-2026x07x10-a.pdf
2026-07-10,061,PONTÓN ABAJO (EMA),LA VEGA,MINISTERIO DE AGRICULTURA,EMAP,34.0,24.1,0.0,https://indomet.gob.do/wp-content/uploads/2026/07/temperaturas-extremas-y-precipitaciones-2026x07x10-a.pdf
2026-07-10,062,PROLONGACION 27 DE FEBRERO,DISTRITO NACIONAL,PRIVADA,EMAP,,,0.0,https://indomet.gob.do/wp-content/uploads/2026/07/temperaturas-extremas-y-precipitaciones-2026x07x10-a.pdf
2026-07-10,063,RANCHO ARRIBA,SAN JOSÉ DE OCOA,CENTRO TECNOLÓGICO COMUNITARIO,EMCI,32.0,17.6,0.0,https://indomet.gob.do/wp-content/uploads/2026/07/temperaturas-extremas-y-precipitaciones-2026x07x10-a.pdf
2026-07-10,064,RESTAURACIÓN,DAJABÓN,MINISTERIO DE AGRICULTURA,EMCI,33.2,19.3,0.0,https://indomet.gob.do/wp-content/uploads/2026/07/temperaturas-extremas-y-precipitaciones-2026x07x10-a.pdf
2026-07-10,065,RÍO SAN JUAN,MARÍA TRINIDAD SÁNCHEZ,HOSP. MPAL. DR. DESIDERIO ACOSTA,EMCV,33.2,24.4,0.0,https://indomet.gob.do/wp-content/uploads/2026/07/temperaturas-extremas-y-precipitaciones-2026x07x10-a.pdf
2026-07-10,066,SABANA DE LA MAR,HATO MAYOR,INDOMET,EMCI,31.6,25.0,0.0,https://indomet.gob.do/wp-content/uploads/2026/07/temperaturas-extremas-y-precipitaciones-2026x07x10-a.pdf
2026-07-10,067,SABANA GRANDE DE BOYÁ,MONTE PLATA,MINISTERIO DE AGRICULTURA,EMCV,,,0.0,https://indomet.gob.do/wp-content/uploads/2026/07/temperaturas-extremas-y-precipitaciones-2026x07x10-a.pdf
2026-07-10,068,SABANETA (EMA),SANTIAGO RODRÍGUEZ,PROGRAMA MUNDIAL DE ALIMENTO,EMAP,36.9,22.7,0.0,https://indomet.gob.do/wp-content/uploads/2026/07/temperaturas-extremas-y-precipitaciones-2026x07x10-a.pdf
2026-07-10,069,SAJOMA (EMA),SANTIAGO,PLAN SIERRA,EMAI,29.4,22.4,0.0,https://indomet.gob.do/wp-content/uploads/2026/07/temperaturas-extremas-y-precipitaciones-2026x07x10-a.pdf
2026-07-10,070,SALCEDO,HERMANAS MIRABAL,PROPIEDAD DEL EMPLEADO,EMCI,,,0.0,https://indomet.gob.do/wp-content/uploads/2026/07/temperaturas-extremas-y-precipitaciones-2026x07x10-a.pdf
2026-07-10,071,SAMANÁ,SAMANÁ,COMANDANCIA DE PUERTO DE SAMANÁ,EMCI,33.3,19.8,0.0,https://indomet.gob.do/wp-content/uploads/2026/07/temperaturas-extremas-y-precipitaciones-2026x07x10-a.pdf
2026-07-10,072,SAN CRISTÓBAL,SAN CRISTÓBAL,INSTITUTO POLITÉCNICO LOYOLA,EMCI,33.5,24.0,0.0,https://indomet.gob.do/wp-content/uploads/2026/07/temperaturas-extremas-y-precipitaciones-2026x07x10-a.pdf
2026-07-10,073,SAN JOSÉ DE OCOA,SAN JOSÉ DE OCOA,HOSP. SAN JOSÉ DE OCOA,EMCI,34.2,23.8,0.0,https://indomet.gob.do/wp-content/uploads/2026/07/temperaturas-extremas-y-precipitaciones-2026x07x10-a.pdf
2026-07-10,074,SAN RAFAEL DEL YUMA,LA ALTAGRACIA,MINISTERIO DE AGRICULTURA,EMCI,35.6,24.5,0.0,https://indomet.gob.do/wp-content/uploads/2026/07/temperaturas-extremas-y-precipitaciones-2026x07x10-a.pdf
2026-07-10,075,SANTIAGO RODRÍGUEZ,SANTIAGO RODRÍGUEZ,INDOMET,EMCI,36.7,23.5,0.0,https://indomet.gob.do/wp-content/uploads/2026/07/temperaturas-extremas-y-precipitaciones-2026x07x10-a.pdf
2026-07-10,076,SANTO DOMINGO ESTE,SANTO DOMINGO,INDOMET,EMCI,35.3,26.4,0.0,https://indomet.gob.do/wp-content/uploads/2026/07/temperaturas-extremas-y-precipitaciones-2026x07x10-a.pdf
2026-07-10,077,TÁBARA ABAJO,AZUA,INDRHI,EMCI,33.5,20.0,0.0,https://indomet.gob.do/wp-content/uploads/2026/07/temperaturas-extremas-y-precipitaciones-2026x07x10-a.pdf
2026-07-10,078,VILLA GONZALES,SANTIAGO,MINISTERIO DE AGRICULTURA,EMCI,,,0.0,https://indomet.gob.do/wp-content/uploads/2026/07/temperaturas-extremas-y-precipitaciones-2026x07x10-a.pdf
2026-07-10,079,VILLA ISABELA,PUERTO PLATA,MINISTERIO DE AGRICULTURA,EMCV,33.0,23.5,0.0,https://indomet.gob.do/wp-content/uploads/2026/07/temperaturas-extremas-y-precipitaciones-2026x07x10-a.pdf
2026-07-10,080,VILLA RIVA,DUARTE,HOSP. MPAL. ALICIA DE LEGENDRE,EMCI,33.8,24.0,0.0,https://indomet.gob.do/wp-content/uploads/2026/07/temperaturas-extremas-y-precipitaciones-2026x07x10-a.pdf
2026-07-10,081,VILLA VASQUEZ (EMA),MONTE CRISTI,JUNTA DE REGANTES,EMAI,,,0.0,https://indomet.gob.do/wp-content/uploads/2026/07/temperaturas-extremas-y-precipitaciones-2026x07x10-a.pdf
2026-07-11,001,PONTÓN ABAJO (EMA),LA VEGA,MINISTERIO DE AGRICULTURA,EMAP,35.6,23.6,0.6,https://indomet.gob.do/wp-content/uploads/2026/07/temperaturas-extremas-y-precipitaciones-2026x07x11-a.pdf
2026-07-11,002,ALTAMIRA,PUERTO PLATA,HOSP. MPAL. DE ALTAMIRA,EMCI,35.6,21.0,0.0,https://indomet.gob.do/wp-content/uploads/2026/07/temperaturas-extremas-y-precipitaciones-2026x07x11-a.pdf
2026-07-11,003,ALTO BANDERA (EMA),LA VEGA,INTEC,EMAP,17.1,8.0,0.0,https://indomet.gob.do/wp-content/uploads/2026/07/temperaturas-extremas-y-precipitaciones-2026x07x11-a.pdf
2026-07-11,004,ANAMUYA (EMA),LA ALTAGRACIA,MINISTERIO DE AGRICULTURA,EMAP,33.8,25.4,0.0,https://indomet.gob.do/wp-content/uploads/2026/07/temperaturas-extremas-y-precipitaciones-2026x07x11-a.pdf
2026-07-11,005,ARPT. ARROYO BARRIL,SAMANÁ,INDOMET,EMCI,31.4,24.0,0.0,https://indomet.gob.do/wp-content/uploads/2026/07/temperaturas-extremas-y-precipitaciones-2026x07x11-a.pdf
2026-07-11,006,ARPT. DE LA ROMANA,LA ROMANA,INDOMET,EMCI,35.0,23.5,0.0,https://indomet.gob.do/wp-content/uploads/2026/07/temperaturas-extremas-y-precipitaciones-2026x07x11-a.pdf
2026-07-11,007,ARPT. DE LAS AMÉRICAS,SANTO DOMINGO,INDOMET,EMCI,35.0,24.5,0.0,https://indomet.gob.do/wp-content/uploads/2026/07/temperaturas-extremas-y-precipitaciones-2026x07x11-a.pdf
2026-07-11,008,ARPT. DE PUNTA CANA,LA ALTAGRACIA,INDOMET,EMCI,32.8,24.5,0.0,https://indomet.gob.do/wp-content/uploads/2026/07/temperaturas-extremas-y-precipitaciones-2026x07x11-a.pdf
2026-07-11,009,ARPT. DEL CIBAO,SANTIAGO,INDOMET,EMCI,34.4,22.8,0.0,https://indomet.gob.do/wp-content/uploads/2026/07/temperaturas-extremas-y-precipitaciones-2026x07x11-a.pdf
2026-07-11,010,ARPT. EL CATEY,SAMANÁ,INDOMET,EMCI,30.0,,0.0,https://indomet.gob.do/wp-content/uploads/2026/07/temperaturas-extremas-y-precipitaciones-2026x07x11-a.pdf
2026-07-11,011,ARPT. GREGORIO LUPERÓN,PUERTO PLATA,INDOMET,EMCI,33.0,23.5,0.0,https://indomet.gob.do/wp-content/uploads/2026/07/temperaturas-extremas-y-precipitaciones-2026x07x11-a.pdf
2026-07-11,012,ARPT. LA ISABELA,SANTO DOMINGO,INDOMET,EMCI,35.6,25.0,0.0,https://indomet.gob.do/wp-content/uploads/2026/07/temperaturas-extremas-y-precipitaciones-2026x07x11-a.pdf
2026-07-11,013,ARPT. MARÍA MONTEZ,BARAHONA,INDOMET,EMCI,34.2,25.2,0.0,https://indomet.gob.do/wp-content/uploads/2026/07/temperaturas-extremas-y-precipitaciones-2026x07x11-a.pdf
2026-07-11,014,ARROYO LORO,SAN JUAN,IDIAF,EMCI,36.4,18.2,0.0,https://indomet.gob.do/wp-content/uploads/2026/07/temperaturas-extremas-y-precipitaciones-2026x07x11-a.pdf
2026-07-11,015,BANI (EMA),PERAVIA,MINISTERIO DE AGRICULTURA,EMAP,34.4,27.1,0.0,https://indomet.gob.do/wp-content/uploads/2026/07/temperaturas-extremas-y-precipitaciones-2026x07x11-a.pdf
2026-07-11,016,BAYAGUANA,MONTE PLATA,INDOMET,EMCI,33.6,23.6,0.0,https://indomet.gob.do/wp-content/uploads/2026/07/temperaturas-extremas-y-precipitaciones-2026x07x11-a.pdf
2026-07-11,017,BOCA DE MAO (EMA),VALVERDE,MINISTERIO DE AGRICULTURA,EMAP,36.9,24.2,0.0,https://indomet.gob.do/wp-content/uploads/2026/07/temperaturas-extremas-y-precipitaciones-2026x07x11-a.pdf
2026-07-11,018,BONAO,MONSEÑOR NOUEL,MINISTERIO DE AGRICULTURA,EMCV,,,0.0,https://indomet.gob.do/wp-content/uploads/2026/07/temperaturas-extremas-y-precipitaciones-2026x07x11-a.pdf
2026-07-11,019,BUCARA (EMA),SANTIAGO,MINISTERIO DE AGRICULTURA,EMAI,,,0.0,https://indomet.gob.do/wp-content/uploads/2026/07/temperaturas-extremas-y-precipitaciones-2026x07x11-a.pdf
2026-07-11,020,CABRAL,BARAHONA,MINISTERIO DE AGRICULTURA,EMCV,36.0,26.5,0.0,https://indomet.gob.do/wp-content/uploads/2026/07/temperaturas-extremas-y-precipitaciones-2026x07x11-a.pdf
2026-07-11,021,CABRERA,MARÍA TRINIDAD SÁNCHEZ,ESCUELA ARÍSTIDES FIALLO CABRAL,EMCI,33.5,27.5,0.0,https://indomet.gob.do/wp-content/uploads/2026/07/temperaturas-extremas-y-precipitaciones-2026x07x11-a.pdf
2026-07-11,022,CENTRO DE LOS HEROES (EMA),DISTRITO NACIONAL,MINISTERIO DE ENERGIA Y MINA,EMAP,33.6,26.5,0.0,https://indomet.gob.do/wp-content/uploads/2026/07/temperaturas-extremas-y-precipitaciones-2026x07x11-a.pdf
2026-07-11,023,CONSTANZA,LA VEGA,MINISTERIO DE AGRICULTURA,EMCI,28.9,12.0,0.0,https://indomet.gob.do/wp-content/uploads/2026/07/temperaturas-extremas-y-precipitaciones-2026x07x11-a.pdf
2026-07-11,024,CONSTANZA (EMA),LA VEGA,PROGRAMA MUNDIAL DE ALIMENTO,EMAP,28.0,13.8,0.0,https://indomet.gob.do/wp-content/uploads/2026/07/temperaturas-extremas-y-precipitaciones-2026x07x11-a.pdf
2026-07-11,025,DAJABÓN,DAJABÓN,INSTITUTO POLITÉCNICO LOYOLA,EMCI,37.1,23.0,0.0,https://indomet.gob.do/wp-content/uploads/2026/07/temperaturas-extremas-y-precipitaciones-2026x07x11-a.pdf
2026-07-11,026,EL MILLON (EMA),DISTRITO NACIONAL,PRIVADA,EMAP,,,0.0,https://indomet.gob.do/wp-content/uploads/2026/07/temperaturas-extremas-y-precipitaciones-2026x07x11-a.pdf
2026-07-11,027,ELÍAS PIÑA,ELÍAS PIÑA,MINISTERIO DE AGRICULTURA,EMCV,,,0.0,https://indomet.gob.do/wp-content/uploads/2026/07/temperaturas-extremas-y-precipitaciones-2026x07x11-a.pdf
2026-07-11,028,ENRIQUILLO,BARAHONA,MINISTERIO DE AGRICULTURA,EMCV,34.0,24.5,0.0,https://indomet.gob.do/wp-content/uploads/2026/07/temperaturas-extremas-y-precipitaciones-2026x07x11-a.pdf
2026-07-11,029,ENSANCHE LA FE (EMA),DISTRITO NACIONAL,PRIVADA,EMAP,,,0.0,https://indomet.gob.do/wp-content/uploads/2026/07/temperaturas-extremas-y-precipitaciones-2026x07x11-a.pdf
2026-07-11,030,GASPAR HERNÁNDEZ,ESPAILLAT,PROPIEDAD DEL EMPLEADO,EMCI,,,0.0,https://indomet.gob.do/wp-content/uploads/2026/07/temperaturas-extremas-y-precipitaciones-2026x07x11-a.pdf
2026-07-11,031,GURABO,SANTIAGO,MINISTERIO DE AGRICULTURA,EMCV,,,0.0,https://indomet.gob.do/wp-content/uploads/2026/07/temperaturas-extremas-y-precipitaciones-2026x07x11-a.pdf
2026-07-11,032,HATO MAYOR,HATO MAYOR,MINISTERIO DE AGRICULTURA,EMCV,,,0.0,https://indomet.gob.do/wp-content/uploads/2026/07/temperaturas-extremas-y-precipitaciones-2026x07x11-a.pdf
2026-07-11,033,HONDO VALLE,ELÍAS PIÑA,MINISTERIO DE AGRICULTURA,EMCI,30.3,20.7,0.0,https://indomet.gob.do/wp-content/uploads/2026/07/temperaturas-extremas-y-precipitaciones-2026x07x11-a.pdf
2026-07-11,034,JARABACOA,LA VEGA,INDRHI / MARENA,EMCI,32.0,16.8,0.0,https://indomet.gob.do/wp-content/uploads/2026/07/temperaturas-extremas-y-precipitaciones-2026x07x11-a.pdf
2026-07-11,035,JARABACOA (EMA),LA VEGA,PROGRAMA MUNDIAL DE ALIMENTO,EMAP,31.7,18.1,0.0,https://indomet.gob.do/wp-content/uploads/2026/07/temperaturas-extremas-y-precipitaciones-2026x07x11-a.pdf
2026-07-11,036,JIMANÍ,INDEPENDENCIA,MINISTERIO DE AGRICULTURA,EMCI,38.2,25.4,0.0,https://indomet.gob.do/wp-content/uploads/2026/07/temperaturas-extremas-y-precipitaciones-2026x07x11-a.pdf
2026-07-11,037,JUMA BEJUCAL,MONSEÑOR NOUEL,IDIAF,EMCV,34.0,24.6,0.0,https://indomet.gob.do/wp-content/uploads/2026/07/temperaturas-extremas-y-precipitaciones-2026x07x11-a.pdf
2026-07-11,038,LA AGUSTINA (EMA),DISTRITO NACIONAL,PRIVADA,EMAP,,,0.0,https://indomet.gob.do/wp-content/uploads/2026/07/temperaturas-extremas-y-precipitaciones-2026x07x11-a.pdf
2026-07-11,039,LA VEGA,LA VEGA,IATESA,EMCI,33.0,22.5,0.0,https://indomet.gob.do/wp-content/uploads/2026/07/temperaturas-extremas-y-precipitaciones-2026x07x11-a.pdf
2026-07-11,040,LA VICTORIA,SANTO DOMINGO,CUERPO DE BOMBEROS,EMCI,35.5,24.0,0.0,https://indomet.gob.do/wp-content/uploads/2026/07/temperaturas-extremas-y-precipitaciones-2026x07x11-a.pdf
2026-07-11,041,LAS CANAS (EMA),MONTE CRISTI,PROGRAMA MUNDIAL DE ALIMENTO,EMAP,31.5,23.3,0.0,https://indomet.gob.do/wp-content/uploads/2026/07/temperaturas-extremas-y-precipitaciones-2026x07x11-a.pdf
2026-07-11,042,LOS CACICAZGOS (EMA),DISTRITO NACIONAL,PRIVADA,EMAP,,,0.0,https://indomet.gob.do/wp-content/uploads/2026/07/temperaturas-extremas-y-precipitaciones-2026x07x11-a.pdf
2026-07-11,043,LOS LLANOS,SAN PEDRO DE MACORÍS,MINISTERIO DE AGRICULTURA,EMCI,35.0,23.5,0.0,https://indomet.gob.do/wp-content/uploads/2026/07/temperaturas-extremas-y-precipitaciones-2026x07x11-a.pdf
2026-07-11,044,LOS PRADOS (EMA),DISTRITO NACIONAL,PRIVADA,EMAP,,,0.0,https://indomet.gob.do/wp-content/uploads/2026/07/temperaturas-extremas-y-precipitaciones-2026x07x11-a.pdf
2026-07-11,045,MAO,VALVERDE,INDRHI / MINISTERIO DE AGRICULTURA,EMCV,,,0.0,https://indomet.gob.do/wp-content/uploads/2026/07/temperaturas-extremas-y-precipitaciones-2026x07x11-a.pdf
2026-07-11,046,MICHES (EMA),EL SEIBO,PRIVADA,EMAP,32.0,25.1,0.0,https://indomet.gob.do/wp-content/uploads/2026/07/temperaturas-extremas-y-precipitaciones-2026x07x11-a.pdf
2026-07-11,047,MONCIÓN (EMA),SANTIAGO RODRÍGUEZ,PROGRAMA MUNDIAL DE ALIMENTO,EMAP,33.1,21.2,0.0,https://indomet.gob.do/wp-content/uploads/2026/07/temperaturas-extremas-y-precipitaciones-2026x07x11-a.pdf
2026-07-11,048,MONTE CRISTI,MONTE CRISTI,INDOMET,EMCI,35.5,25.8,0.0,https://indomet.gob.do/wp-content/uploads/2026/07/temperaturas-extremas-y-precipitaciones-2026x07x11-a.pdf
2026-07-11,049,NAVARRETE,SANTIAGO,MINISTERIO DE AGRICULTURA,EMCV,,,0.0,https://indomet.gob.do/wp-content/uploads/2026/07/temperaturas-extremas-y-precipitaciones-2026x07x11-a.pdf
2026-07-11,050,OLIVARES,PEDERNALES,INDRHI,EMCI,,,0.0,https://indomet.gob.do/wp-content/uploads/2026/07/temperaturas-extremas-y-precipitaciones-2026x07x11-a.pdf
2026-07-11,051,OVIEDO,PEDERNALES,CLÍNICA RURAL OVIEDO,EMCI,33.8,25.0,0.0,https://indomet.gob.do/wp-content/uploads/2026/07/temperaturas-extremas-y-precipitaciones-2026x07x11-a.pdf
2026-07-11,052,PADRE LAS CASAS,AZUA,HOSP. NTRA. SRA. DEL CARMEN,EMCI,35.5,17.5,0.0,https://indomet.gob.do/wp-content/uploads/2026/07/temperaturas-extremas-y-precipitaciones-2026x07x11-a.pdf
2026-07-11,053,PALO ÍNDIO,PUERTO PLATA,MINISTERIO DE AGRICULTURA,EMCI,,,0.0,https://indomet.gob.do/wp-content/uploads/2026/07/temperaturas-extremas-y-precipitaciones-2026x07x11-a.pdf
2026-07-11,054,PASO AL MEDIO,SAN PEDRO DE MACORÍS,INDRHI,EMCI,,,0.0,https://indomet.gob.do/wp-content/uploads/2026/07/temperaturas-extremas-y-precipitaciones-2026x07x11-a.pdf
2026-07-11,055,PEDERNALES,PEDERNALES,INDRHI,EMCI,,,0.0,https://indomet.gob.do/wp-content/uploads/2026/07/temperaturas-extremas-y-precipitaciones-2026x07x11-a.pdf
2026-07-11,056,PERALTA,AZUA,HOSP. MPAL. DE PERALTA,EMCI,35.1,20.8,0.0,https://indomet.gob.do/wp-content/uploads/2026/07/temperaturas-extremas-y-precipitaciones-2026x07x11-a.pdf
2026-07-11,057,POLO,BARAHONA,INDOCAFE,EMCI,29.7,20.0,0.0,https://indomet.gob.do/wp-content/uploads/2026/07/temperaturas-extremas-y-precipitaciones-2026x07x11-a.pdf
2026-07-11,058,PRESA DE TAVERAS (EMA),LA VEGA,PROGRAMA MUNDIAL DE ALIMENTO,EMAP,31.7,22.3,0.0,https://indomet.gob.do/wp-content/uploads/2026/07/temperaturas-extremas-y-precipitaciones-2026x07x11-a.pdf
2026-07-11,059,PROLONGACION 27 DE FEBRERO,DISTRITO NACIONAL,PRIVADA,EMAP,,,0.0,https://indomet.gob.do/wp-content/uploads/2026/07/temperaturas-extremas-y-precipitaciones-2026x07x11-a.pdf
2026-07-11,060,RANCHO ARRIBA,SAN JOSÉ DE OCOA,CENTRO TECNOLÓGICO COMUNITARIO,EMCI,31.1,17.8,0.0,https://indomet.gob.do/wp-content/uploads/2026/07/temperaturas-extremas-y-precipitaciones-2026x07x11-a.pdf
2026-07-11,061,RESTAURACIÓN,DAJABÓN,MINISTERIO DE AGRICULTURA,EMCI,33.6,19.5,0.0,https://indomet.gob.do/wp-content/uploads/2026/07/temperaturas-extremas-y-precipitaciones-2026x07x11-a.pdf
2026-07-11,062,RÍO SAN JUAN,MARÍA TRINIDAD SÁNCHEZ,HOSP. MPAL. DR. DESIDERIO ACOSTA,EMCV,34.8,23.0,0.0,https://indomet.gob.do/wp-content/uploads/2026/07/temperaturas-extremas-y-precipitaciones-2026x07x11-a.pdf
2026-07-11,063,SABANA DE LA MAR,HATO MAYOR,INDOMET,EMCI,32.0,25.2,0.0,https://indomet.gob.do/wp-content/uploads/2026/07/temperaturas-extremas-y-precipitaciones-2026x07x11-a.pdf
2026-07-11,064,SABANA GRANDE DE BOYÁ,MONTE PLATA,MINISTERIO DE AGRICULTURA,EMCV,,,0.0,https://indomet.gob.do/wp-content/uploads/2026/07/temperaturas-extremas-y-precipitaciones-2026x07x11-a.pdf
2026-07-11,065,SABANETA (EMA),SANTIAGO RODRÍGUEZ,PROGRAMA MUNDIAL DE ALIMENTO,EMAP,36.9,22.1,0.0,https://indomet.gob.do/wp-content/uploads/2026/07/temperaturas-extremas-y-precipitaciones-2026x07x11-a.pdf
2026-07-11,066,SAJOMA (EMA),SANTIAGO,PLAN SIERRA,EMAI,30.6,21.9,0.0,https://indomet.gob.do/wp-content/uploads/2026/07/temperaturas-extremas-y-precipitaciones-2026x07x11-a.pdf
2026-07-11,067,SALCEDO,HERMANAS MIRABAL,PROPIEDAD DEL EMPLEADO,EMCI,,,0.0,https://indomet.gob.do/wp-content/uploads/2026/07/temperaturas-extremas-y-precipitaciones-2026x07x11-a.pdf
2026-07-11,068,SAMANÁ,SAMANÁ,COMANDANCIA DE PUERTO DE SAMANÁ,EMCI,34.2,19.4,0.0,https://indomet.gob.do/wp-content/uploads/2026/07/temperaturas-extremas-y-precipitaciones-2026x07x11-a.pdf
2026-07-11,069,SAN CRISTÓBAL,SAN CRISTÓBAL,INSTITUTO POLITÉCNICO LOYOLA,EMCI,34.5,23.5,0.0,https://indomet.gob.do/wp-content/uploads/2026/07/temperaturas-extremas-y-precipitaciones-2026x07x11-a.pdf
2026-07-11,070,SAN JOSÉ DE OCOA,SAN JOSÉ DE OCOA,HOSP. SAN JOSÉ DE OCOA,EMCI,33.5,23.3,0.0,https://indomet.gob.do/wp-content/uploads/2026/07/temperaturas-extremas-y-precipitaciones-2026x07x11-a.pdf
2026-07-11,071,SAN RAFAEL DEL YUMA,LA ALTAGRACIA,MINISTERIO DE AGRICULTURA,EMCI,35.4,24.9,0.0,https://indomet.gob.do/wp-content/uploads/2026/07/temperaturas-extremas-y-precipitaciones-2026x07x11-a.pdf
2026-07-11,072,SÁNCHEZ,SAMANÁ,MINISTERIO DE AGRICULTURA,EMCI,32.6,24.7,0.0,https://indomet.gob.do/wp-content/uploads/2026/07/temperaturas-extremas-y-precipitaciones-2026x07x11-a.pdf
2026-07-11,073,SANTIAGO RODRÍGUEZ,SANTIAGO RODRÍGUEZ,INDOMET,EMCI,36.6,22.5,0.0,https://indomet.gob.do/wp-content/uploads/2026/07/temperaturas-extremas-y-precipitaciones-2026x07x11-a.pdf
2026-07-11,074,SANTO DOMINGO ESTE,SANTO DOMINGO,INDOMET,EMCI,35.5,25.5,0.0,https://indomet.gob.do/wp-content/uploads/2026/07/temperaturas-extremas-y-precipitaciones-2026x07x11-a.pdf
2026-07-11,075,TÁBARA ABAJO,AZUA,INDRHI,EMCI,32.5,19.5,0.0,https://indomet.gob.do/wp-content/uploads/2026/07/temperaturas-extremas-y-precipitaciones-2026x07x11-a.pdf
2026-07-11,076,TAMBORIL,SANTIAGO,MINISTERIO DE AGRICULTURA,EMCV,,,0.0,https://indomet.gob.do/wp-content/uploads/2026/07/temperaturas-extremas-y-precipitaciones-2026x07x11-a.pdf
2026-07-11,077,VILLA GONZALES,SANTIAGO,MINISTERIO DE AGRICULTURA,EMCI,,,0.0,https://indomet.gob.do/wp-content/uploads/2026/07/temperaturas-extremas-y-precipitaciones-2026x07x11-a.pdf
2026-07-11,078,VILLA ISABELA,PUERTO PLATA,MINISTERIO DE AGRICULTURA,EMCV,33.0,22.5,0.0,https://indomet.gob.do/wp-content/uploads/2026/07/temperaturas-extremas-y-precipitaciones-2026x07x11-a.pdf
2026-07-11,079,VILLA RIVA,DUARTE,HOSP. MPAL. ALICIA DE LEGENDRE,EMCI,32.7,22.7,0.0,https://indomet.gob.do/wp-content/uploads/2026/07/temperaturas-extremas-y-precipitaciones-2026x07x11-a.pdf
2026-07-11,080,VILLA VASQUEZ (EMA),MONTE CRISTI,JUNTA DE REGANTES,EMAI,,,0.0,https://indomet.gob.do/wp-content/uploads/2026/07/temperaturas-extremas-y-precipitaciones-2026x07x11-a.pdf
2026-07-12,001,HONDO VALLE,ELÍAS PIÑA,MINISTERIO DE AGRICULTURA,EMCI,29.8,19.3,2.1,https://indomet.gob.do/wp-content/uploads/2026/07/temperaturas-extremas-y-precipitaciones-2026x07x12-b.pdf
2026-07-12,002,LA DESCUBIERTA (EMA),INDEPENDENCIA,PRIVADA,EMAP,,,0.4,https://indomet.gob.do/wp-content/uploads/2026/07/temperaturas-extremas-y-precipitaciones-2026x07x12-b.pdf
2026-07-12,003,JARDÍN BOTÁNICO SANTIAGO (EMA),SANTIAGO,JARDIN BOTANICO SANTIAGO,EMAI,34.9,26.7,0.2,https://indomet.gob.do/wp-content/uploads/2026/07/temperaturas-extremas-y-precipitaciones-2026x07x12-b.pdf
2026-07-12,004,ALTAMIRA,PUERTO PLATA,HOSP. MPAL. DE ALTAMIRA,EMCI,35.0,20.1,0.0,https://indomet.gob.do/wp-content/uploads/2026/07/temperaturas-extremas-y-precipitaciones-2026x07x12-b.pdf
2026-07-12,005,ALTO BANDERA (EMA),LA VEGA,INTEC,EMAP,18.7,8.8,0.0,https://indomet.gob.do/wp-content/uploads/2026/07/temperaturas-extremas-y-precipitaciones-2026x07x12-b.pdf
2026-07-12,006,ANAMUYA (EMA),LA ALTAGRACIA,MINISTERIO DE AGRICULTURA,EMAP,34.0,26.1,0.0,https://indomet.gob.do/wp-content/uploads/2026/07/temperaturas-extremas-y-precipitaciones-2026x07x12-b.pdf
2026-07-12,007,ARPT. ARROYO BARRIL,SAMANÁ,INDOMET,EMCI,32.8,24.5,0.0,https://indomet.gob.do/wp-content/uploads/2026/07/temperaturas-extremas-y-precipitaciones-2026x07x12-b.pdf
2026-07-12,008,ARPT. DE LA ROMANA,LA ROMANA,INDOMET,EMCI,34.6,23.0,0.0,https://indomet.gob.do/wp-content/uploads/2026/07/temperaturas-extremas-y-precipitaciones-2026x07x12-b.pdf
2026-07-12,009,ARPT. DE LAS AMÉRICAS,SANTO DOMINGO,INDOMET,EMCI,34.6,25.5,0.0,https://indomet.gob.do/wp-content/uploads/2026/07/temperaturas-extremas-y-precipitaciones-2026x07x12-b.pdf
2026-07-12,010,ARPT. DE PUNTA CANA,LA ALTAGRACIA,INDOMET,EMCI,32.5,25.8,0.0,https://indomet.gob.do/wp-content/uploads/2026/07/temperaturas-extremas-y-precipitaciones-2026x07x12-b.pdf
2026-07-12,011,ARPT. DEL CIBAO,SANTIAGO,INDOMET,EMCI,34.0,22.4,0.0,https://indomet.gob.do/wp-content/uploads/2026/07/temperaturas-extremas-y-precipitaciones-2026x07x12-b.pdf
2026-07-12,012,ARPT. EL CATEY,SAMANÁ,INDOMET,EMCI,31.0,,0.0,https://indomet.gob.do/wp-content/uploads/2026/07/temperaturas-extremas-y-precipitaciones-2026x07x12-b.pdf
2026-07-12,013,ARPT. GREGORIO LUPERÓN,PUERTO PLATA,INDOMET,EMCI,32.1,23.0,0.0,https://indomet.gob.do/wp-content/uploads/2026/07/temperaturas-extremas-y-precipitaciones-2026x07x12-b.pdf
2026-07-12,014,ARPT. LA ISABELA,SANTO DOMINGO,INDOMET,EMCI,35.5,25.0,0.0,https://indomet.gob.do/wp-content/uploads/2026/07/temperaturas-extremas-y-precipitaciones-2026x07x12-b.pdf
2026-07-12,015,ARPT. MARÍA MONTEZ,BARAHONA,INDOMET,EMCI,34.6,25.2,0.0,https://indomet.gob.do/wp-content/uploads/2026/07/temperaturas-extremas-y-precipitaciones-2026x07x12-b.pdf
2026-07-12,016,BANI (EMA),PERAVIA,MINISTERIO DE AGRICULTURA,EMAP,34.8,26.9,0.0,https://indomet.gob.do/wp-content/uploads/2026/07/temperaturas-extremas-y-precipitaciones-2026x07x12-b.pdf
2026-07-12,017,BASE AÉREA DE SAN ISIDRO,SANTO DOMINGO,FUERZA AÉREA DOMINICANA,EMCV,33.6,24.3,0.0,https://indomet.gob.do/wp-content/uploads/2026/07/temperaturas-extremas-y-precipitaciones-2026x07x12-b.pdf
2026-07-12,018,BAYAGUANA,MONTE PLATA,INDOMET,EMCI,34.2,23.6,0.0,https://indomet.gob.do/wp-content/uploads/2026/07/temperaturas-extremas-y-precipitaciones-2026x07x12-b.pdf
2026-07-12,019,BELLA VISTA (EMA),DISTRITO NACIONAL,PRIVADA,EMAP,,,0.0,https://indomet.gob.do/wp-content/uploads/2026/07/temperaturas-extremas-y-precipitaciones-2026x07x12-b.pdf
2026-07-12,020,BOCA DE MAO (EMA),VALVERDE,MINISTERIO DE AGRICULTURA,EMAP,37.4,24.8,0.0,https://indomet.gob.do/wp-content/uploads/2026/07/temperaturas-extremas-y-precipitaciones-2026x07x12-b.pdf
2026-07-12,021,BONAO,MONSEÑOR NOUEL,MINISTERIO DE AGRICULTURA,EMCV,,,0.0,https://indomet.gob.do/wp-content/uploads/2026/07/temperaturas-extremas-y-precipitaciones-2026x07x12-b.pdf
2026-07-12,022,BUCARA (EMA),SANTIAGO,MINISTERIO DE AGRICULTURA,EMAI,,,0.0,https://indomet.gob.do/wp-content/uploads/2026/07/temperaturas-extremas-y-precipitaciones-2026x07x12-b.pdf
2026-07-12,023,CABRAL,BARAHONA,MINISTERIO DE AGRICULTURA,EMCV,36.0,24.7,0.0,https://indomet.gob.do/wp-content/uploads/2026/07/temperaturas-extremas-y-precipitaciones-2026x07x12-b.pdf
2026-07-12,024,CABRERA,MARÍA TRINIDAD SÁNCHEZ,ESCUELA ARÍSTIDES FIALLO CABRAL,EMCI,34.5,27.5,0.0,https://indomet.gob.do/wp-content/uploads/2026/07/temperaturas-extremas-y-precipitaciones-2026x07x12-b.pdf
2026-07-12,025,CENTRO DE LOS HEROES (EMA),DISTRITO NACIONAL,MINISTERIO DE ENERGIA Y MINA,EMAP,33.9,26.8,0.0,https://indomet.gob.do/wp-content/uploads/2026/07/temperaturas-extremas-y-precipitaciones-2026x07x12-b.pdf
2026-07-12,026,CONSTANZA,LA VEGA,MINISTERIO DE AGRICULTURA,EMCI,29.4,12.2,0.0,https://indomet.gob.do/wp-content/uploads/2026/07/temperaturas-extremas-y-precipitaciones-2026x07x12-b.pdf
2026-07-12,027,CONSTANZA (EMA),LA VEGA,PROGRAMA MUNDIAL DE ALIMENTO,EMAP,28.6,13.3,0.0,https://indomet.gob.do/wp-content/uploads/2026/07/temperaturas-extremas-y-precipitaciones-2026x07x12-b.pdf
2026-07-12,028,DAJABÓN,DAJABÓN,INSTITUTO POLITÉCNICO LOYOLA,EMCI,38.0,21.2,0.0,https://indomet.gob.do/wp-content/uploads/2026/07/temperaturas-extremas-y-precipitaciones-2026x07x12-b.pdf
2026-07-12,029,EL MILLON (EMA),DISTRITO NACIONAL,PRIVADA,EMAP,,,0.0,https://indomet.gob.do/wp-content/uploads/2026/07/temperaturas-extremas-y-precipitaciones-2026x07x12-b.pdf
2026-07-12,030,EL SEIBO,EL SEIBO,MINISTERIO DE AGRICULTURA,EMCV,,,0.0,https://indomet.gob.do/wp-content/uploads/2026/07/temperaturas-extremas-y-precipitaciones-2026x07x12-b.pdf
2026-07-12,031,ENRIQUILLO,BARAHONA,MINISTERIO DE AGRICULTURA,EMCV,33.8,24.5,0.0,https://indomet.gob.do/wp-content/uploads/2026/07/temperaturas-extremas-y-precipitaciones-2026x07x12-b.pdf
2026-07-12,032,ESCONDIDO,PERAVIA,MINISTERIO DE AGRICULTURA,EMCV,35.0,27.0,0.0,https://indomet.gob.do/wp-content/uploads/2026/07/temperaturas-extremas-y-precipitaciones-2026x07x12-b.pdf
2026-07-12,033,GASPAR HERNÁNDEZ,ESPAILLAT,PROPIEDAD DEL EMPLEADO,EMCI,,,0.0,https://indomet.gob.do/wp-content/uploads/2026/07/temperaturas-extremas-y-precipitaciones-2026x07x12-b.pdf
2026-07-12,034,GURABO,SANTIAGO,MINISTERIO DE AGRICULTURA,EMCV,,,0.0,https://indomet.gob.do/wp-content/uploads/2026/07/temperaturas-extremas-y-precipitaciones-2026x07x12-b.pdf
2026-07-12,035,HATO MAYOR,HATO MAYOR,MINISTERIO DE AGRICULTURA,EMCV,,,0.0,https://indomet.gob.do/wp-content/uploads/2026/07/temperaturas-extremas-y-precipitaciones-2026x07x12-b.pdf
2026-07-12,036,JARABACOA,LA VEGA,INDRHI / MARENA,EMCI,32.4,16.6,0.0,https://indomet.gob.do/wp-content/uploads/2026/07/temperaturas-extremas-y-precipitaciones-2026x07x12-b.pdf
2026-07-12,037,JARABACOA (EMA),LA VEGA,PROGRAMA MUNDIAL DE ALIMENTO,EMAP,31.8,18.1,0.0,https://indomet.gob.do/wp-content/uploads/2026/07/temperaturas-extremas-y-precipitaciones-2026x07x12-b.pdf
2026-07-12,038,JARDÍN BOTÁNICO NACIONAL,DISTRITO NACIONAL,JARDÍN BOTÁNICO NACIONAL,EMCV,33.9,23.5,0.0,https://indomet.gob.do/wp-content/uploads/2026/07/temperaturas-extremas-y-precipitaciones-2026x07x12-b.pdf
2026-07-12,039,JIMANÍ,INDEPENDENCIA,MINISTERIO DE AGRICULTURA,EMCI,37.5,25.5,0.0,https://indomet.gob.do/wp-content/uploads/2026/07/temperaturas-extremas-y-precipitaciones-2026x07x12-b.pdf
2026-07-12,040,JUMA BEJUCAL,MONSEÑOR NOUEL,IDIAF,EMCV,34.2,23.2,0.0,https://indomet.gob.do/wp-content/uploads/2026/07/temperaturas-extremas-y-precipitaciones-2026x07x12-b.pdf
2026-07-12,041,LA AGUSTINA (EMA),DISTRITO NACIONAL,PRIVADA,EMAP,,,0.0,https://indomet.gob.do/wp-content/uploads/2026/07/temperaturas-extremas-y-precipitaciones-2026x07x12-b.pdf
2026-07-12,042,LA VICTORIA,SANTO DOMINGO,CUERPO DE BOMBEROS,EMCI,35.2,23.8,0.0,https://indomet.gob.do/wp-content/uploads/2026/07/temperaturas-extremas-y-precipitaciones-2026x07x12-b.pdf
2026-07-12,043,LAS CANAS (EMA),MONTE CRISTI,PROGRAMA MUNDIAL DE ALIMENTO,EMAP,33.9,23.8,0.0,https://indomet.gob.do/wp-content/uploads/2026/07/temperaturas-extremas-y-precipitaciones-2026x07x12-b.pdf
2026-07-12,044,LOS CACICAZGOS (EMA),DISTRITO NACIONAL,PRIVADA,EMAP,,,0.0,https://indomet.gob.do/wp-content/uploads/2026/07/temperaturas-extremas-y-precipitaciones-2026x07x12-b.pdf
2026-07-12,045,LOS JARDINES (EMA),DISTRITO NACIONAL,PRIVADA,EMAP,,,0.0,https://indomet.gob.do/wp-content/uploads/2026/07/temperaturas-extremas-y-precipitaciones-2026x07x12-b.pdf
2026-07-12,046,LOS LLANOS,SAN PEDRO DE MACORÍS,MINISTERIO DE AGRICULTURA,EMCI,35.3,23.7,0.0,https://indomet.gob.do/wp-content/uploads/2026/07/temperaturas-extremas-y-precipitaciones-2026x07x12-b.pdf
2026-07-12,047,LOS PRADOS (EMA),DISTRITO NACIONAL,PRIVADA,EMAP,,,0.0,https://indomet.gob.do/wp-content/uploads/2026/07/temperaturas-extremas-y-precipitaciones-2026x07x12-b.pdf
2026-07-12,048,MAO,VALVERDE,INDRHI / MINISTERIO DE AGRICULTURA,EMCV,,,0.0,https://indomet.gob.do/wp-content/uploads/2026/07/temperaturas-extremas-y-precipitaciones-2026x07x12-b.pdf
2026-07-12,049,MICHES (EMA),EL SEIBO,PRIVADA,EMAP,32.0,25.3,0.0,https://indomet.gob.do/wp-content/uploads/2026/07/temperaturas-extremas-y-precipitaciones-2026x07x12-b.pdf
2026-07-12,050,MONCIÓN (EMA),SANTIAGO RODRÍGUEZ,PROGRAMA MUNDIAL DE ALIMENTO,EMAP,33.7,20.8,0.0,https://indomet.gob.do/wp-content/uploads/2026/07/temperaturas-extremas-y-precipitaciones-2026x07x12-b.pdf
2026-07-12,051,MONTE CRISTI,MONTE CRISTI,INDOMET,EMCI,34.7,24.7,0.0,https://indomet.gob.do/wp-content/uploads/2026/07/temperaturas-extremas-y-precipitaciones-2026x07x12-b.pdf
2026-07-12,052,OLIVARES,PEDERNALES,INDRHI,EMCI,,,0.0,https://indomet.gob.do/wp-content/uploads/2026/07/temperaturas-extremas-y-precipitaciones-2026x07x12-b.pdf
2026-07-12,053,OVIEDO,PEDERNALES,CLÍNICA RURAL OVIEDO,EMCI,33.5,25.0,0.0,https://indomet.gob.do/wp-content/uploads/2026/07/temperaturas-extremas-y-precipitaciones-2026x07x12-b.pdf
2026-07-12,054,PADRE LAS CASAS,AZUA,HOSP. NTRA. SRA. DEL CARMEN,EMCI,34.7,17.5,0.0,https://indomet.gob.do/wp-content/uploads/2026/07/temperaturas-extremas-y-precipitaciones-2026x07x12-b.pdf
2026-07-12,055,PEDERNALES,PEDERNALES,INDRHI,EMCI,,,0.0,https://indomet.gob.do/wp-content/uploads/2026/07/temperaturas-extremas-y-precipitaciones-2026x07x12-b.pdf
2026-07-12,056,PERALTA,AZUA,HOSP. MPAL. DE PERALTA,EMCI,34.5,19.0,0.0,https://indomet.gob.do/wp-content/uploads/2026/07/temperaturas-extremas-y-precipitaciones-2026x07x12-b.pdf
2026-07-12,057,PONTÓN ABAJO (EMA),LA VEGA,MINISTERIO DE AGRICULTURA,EMAP,36.2,23.7,0.0,https://indomet.gob.do/wp-content/uploads/2026/07/temperaturas-extremas-y-precipitaciones-2026x07x12-b.pdf
2026-07-12,058,PRESA DE TAVERAS (EMA),LA VEGA,PROGRAMA MUNDIAL DE ALIMENTO,EMAP,31.7,21.9,0.0,https://indomet.gob.do/wp-content/uploads/2026/07/temperaturas-extremas-y-precipitaciones-2026x07x12-b.pdf
2026-07-12,059,PROLONGACION 27 DE FEBRERO (EMA),DISTRITO NACIONAL,PRIVADA,EMAP,,,0.0,https://indomet.gob.do/wp-content/uploads/2026/07/temperaturas-extremas-y-precipitaciones-2026x07x12-b.pdf
2026-07-12,060,RESTAURACIÓN,DAJABÓN,MINISTERIO DE AGRICULTURA,EMCI,33.4,19.2,0.0,https://indomet.gob.do/wp-content/uploads/2026/07/temperaturas-extremas-y-precipitaciones-2026x07x12-b.pdf
2026-07-12,061,RÍO SAN JUAN,MARÍA TRINIDAD SÁNCHEZ,HOSP. MPAL. DR. DESIDERIO ACOSTA,EMCV,34.4,24.0,0.0,https://indomet.gob.do/wp-content/uploads/2026/07/temperaturas-extremas-y-precipitaciones-2026x07x12-b.pdf
2026-07-12,062,SABANA DE LA MAR,HATO MAYOR,INDOMET,EMCI,32.2,25.0,0.0,https://indomet.gob.do/wp-content/uploads/2026/07/temperaturas-extremas-y-precipitaciones-2026x07x12-b.pdf
2026-07-12,063,SABANA GRANDE DE BOYÁ,MONTE PLATA,MINISTERIO DE AGRICULTURA,EMCV,,,0.0,https://indomet.gob.do/wp-content/uploads/2026/07/temperaturas-extremas-y-precipitaciones-2026x07x12-b.pdf
2026-07-12,064,SABANETA (EMA),SANTIAGO RODRÍGUEZ,PROGRAMA MUNDIAL DE ALIMENTO,EMAP,37.1,21.8,0.0,https://indomet.gob.do/wp-content/uploads/2026/07/temperaturas-extremas-y-precipitaciones-2026x07x12-b.pdf
2026-07-12,065,SAJOMA (EMA),SANTIAGO,PLAN SIERRA,EMAI,31.8,24.8,0.0,https://indomet.gob.do/wp-content/uploads/2026/07/temperaturas-extremas-y-precipitaciones-2026x07x12-b.pdf
2026-07-12,066,SALCEDO,HERMANAS MIRABAL,PROPIEDAD DEL EMPLEADO,EMCI,,,0.0,https://indomet.gob.do/wp-content/uploads/2026/07/temperaturas-extremas-y-precipitaciones-2026x07x12-b.pdf
2026-07-12,067,SAN FRANCISCO DE MACORÍS,DUARTE,San Francisco de Macorís (UASD),EMCI,33.7,22.8,0.0,https://indomet.gob.do/wp-content/uploads/2026/07/temperaturas-extremas-y-precipitaciones-2026x07x12-b.pdf
2026-07-12,068,SAN JOSÉ DE OCOA,SAN JOSÉ DE OCOA,HOSP. SAN JOSÉ DE OCOA,EMCI,33.6,23.6,0.0,https://indomet.gob.do/wp-content/uploads/2026/07/temperaturas-extremas-y-precipitaciones-2026x07x12-b.pdf
2026-07-12,069,SÁNCHEZ,SAMANÁ,MINISTERIO DE AGRICULTURA,EMCI,31.3,24.2,0.0,https://indomet.gob.do/wp-content/uploads/2026/07/temperaturas-extremas-y-precipitaciones-2026x07x12-b.pdf
2026-07-12,070,SANTO DOMINGO ESTE,SANTO DOMINGO,INDOMET,EMCI,34.6,25.5,0.0,https://indomet.gob.do/wp-content/uploads/2026/07/temperaturas-extremas-y-precipitaciones-2026x07x12-b.pdf
2026-07-12,071,TÁBARA ABAJO,AZUA,INDRHI,EMCI,32.5,20.5,0.0,https://indomet.gob.do/wp-content/uploads/2026/07/temperaturas-extremas-y-precipitaciones-2026x07x12-b.pdf
2026-07-12,072,TAMBORIL,SANTIAGO,MINISTERIO DE AGRICULTURA,EMCV,,,0.0,https://indomet.gob.do/wp-content/uploads/2026/07/temperaturas-extremas-y-precipitaciones-2026x07x12-b.pdf
2026-07-12,073,VILLA ALTAGRACIA,SAN CRISTÓBAL,ESCUELA JAVIER ANGULO GURIDI,EMCI,,,0.0,https://indomet.gob.do/wp-content/uploads/2026/07/temperaturas-extremas-y-precipitaciones-2026x07x12-b.pdf
2026-07-12,074,VILLA GONZALES,SANTIAGO,MINISTERIO DE AGRICULTURA,EMCI,,,0.0,https://indomet.gob.do/wp-content/uploads/2026/07/temperaturas-extremas-y-precipitaciones-2026x07x12-b.pdf
2026-07-12,075,VILLA ISABELA,PUERTO PLATA,MINISTERIO DE AGRICULTURA,EMCV,33.5,21.8,0.0,https://indomet.gob.do/wp-content/uploads/2026/07/temperaturas-extremas-y-precipitaciones-2026x07x12-b.pdf
2026-07-12,076,VILLA RIVA,DUARTE,HOSP. MPAL. ALICIA DE LEGENDRE,EMCI,33.3,23.0,0.0,https://indomet.gob.do/wp-content/uploads/2026/07/temperaturas-extremas-y-precipitaciones-2026x07x12-b.pdf
2026-07-12,077,VILLA VASQUEZ (EMA),MONTE CRISTI,JUNTA DE REGANTES,EMAI,,,0.0,https://indomet.gob.do/wp-content/uploads/2026/07/temperaturas-extremas-y-precipitaciones-2026x07x12-b.pdf
2026-07-13,001,SANTO DOMINGO ESTE,SANTO DOMINGO,INDOMET,EMCI,33.0,26.0,17.4,https://indomet.gob.do/wp-content/uploads/2026/07/temperaturas-extremas-y-precipitaciones-2026x07x13-a.pdf
2026-07-13,002,ENSANCHE JULIETA (EMA),DISTRITO NACIONAL,PRIVADA,EMAP,,,17.2,https://indomet.gob.do/wp-content/uploads/2026/07/temperaturas-extremas-y-precipitaciones-2026x07x13-a.pdf
2026-07-13,003,CENTRO DE LOS HEROES (EMA),DISTRITO NACIONAL,MINISTERIO DE ENERGIA Y MINA,EMAP,32.9,27.1,16.8,https://indomet.gob.do/wp-content/uploads/2026/07/temperaturas-extremas-y-precipitaciones-2026x07x13-a.pdf
2026-07-13,004,SERRALLÉS (EMA),DISTRITO NACIONAL,PRIVADA,EMAP,,,15.0,https://indomet.gob.do/wp-content/uploads/2026/07/temperaturas-extremas-y-precipitaciones-2026x07x13-a.pdf
2026-07-13,005,ARPT. EL CATEY,SAMANÁ,INDOMET,EMCI,31.5,,14.1,https://indomet.gob.do/wp-content/uploads/2026/07/temperaturas-extremas-y-precipitaciones-2026x07x13-a.pdf
2026-07-13,006,GASPAR HERNÁNDEZ,ESPAILLAT,PROPIEDAD DEL EMPLEADO,EMCI,,,13.6,https://indomet.gob.do/wp-content/uploads/2026/07/temperaturas-extremas-y-precipitaciones-2026x07x13-a.pdf
2026-07-13,007,SÁNCHEZ,SAMANÁ,MINISTERIO DE AGRICULTURA,EMCI,31.6,25.5,12.5,https://indomet.gob.do/wp-content/uploads/2026/07/temperaturas-extremas-y-precipitaciones-2026x07x13-a.pdf
2026-07-13,008,PROLONGACION 27 DE FEBRERO,DISTRITO NACIONAL,PRIVADA,EMAP,,,12.4,https://indomet.gob.do/wp-content/uploads/2026/07/temperaturas-extremas-y-precipitaciones-2026x07x13-a.pdf
2026-07-13,009,HONDO VALLE,ELÍAS PIÑA,MINISTERIO DE AGRICULTURA,EMCI,29.4,18.5,11.9,https://indomet.gob.do/wp-content/uploads/2026/07/temperaturas-extremas-y-precipitaciones-2026x07x13-a.pdf
2026-07-13,010,LA VICTORIA,SANTO DOMINGO,CUERPO DE BOMBEROS,EMCI,35.5,24.5,10.0,https://indomet.gob.do/wp-content/uploads/2026/07/temperaturas-extremas-y-precipitaciones-2026x07x13-a.pdf
2026-07-13,011,LOS CACICAZGOS (EMA),DISTRITO NACIONAL,PRIVADA,EMAP,,,9.9,https://indomet.gob.do/wp-content/uploads/2026/07/temperaturas-extremas-y-precipitaciones-2026x07x13-a.pdf
2026-07-13,012,ARPT. DE LAS AMÉRICAS,SANTO DOMINGO,INDOMET,EMCI,34.1,24.2,9.1,https://indomet.gob.do/wp-content/uploads/2026/07/temperaturas-extremas-y-precipitaciones-2026x07x13-a.pdf
2026-07-13,013,BASE AÉREA DE SAN ISIDRO,SANTO DOMINGO,FUERZA AÉREA DOMINICANA,EMCV,33.1,24.1,9.0,https://indomet.gob.do/wp-content/uploads/2026/07/temperaturas-extremas-y-precipitaciones-2026x07x13-a.pdf
2026-07-13,014,JARDÍN BOTÁNICO NACIONAL,DISTRITO NACIONAL,JARDÍN BOTÁNICO NACIONAL,EMCV,34.1,23.9,8.4,https://indomet.gob.do/wp-content/uploads/2026/07/temperaturas-extremas-y-precipitaciones-2026x07x13-a.pdf
2026-07-13,015,SAN CRISTÓBAL,SAN CRISTÓBAL,INSTITUTO POLITÉCNICO LOYOLA,EMCI,35.0,24.5,8.0,https://indomet.gob.do/wp-content/uploads/2026/07/temperaturas-extremas-y-precipitaciones-2026x07x13-a.pdf
2026-07-13,016,LAS CANAS (EMA),MONTE CRISTI,PROGRAMA MUNDIAL DE ALIMENTO,EMAP,29.9,24.7,7.4,https://indomet.gob.do/wp-content/uploads/2026/07/temperaturas-extremas-y-precipitaciones-2026x07x13-a.pdf
2026-07-13,017,DAJABÓN,DAJABÓN,INSTITUTO POLITÉCNICO LOYOLA,EMCI,35.7,20.4,7.2,https://indomet.gob.do/wp-content/uploads/2026/07/temperaturas-extremas-y-precipitaciones-2026x07x13-a.pdf
2026-07-13,018,LOS JARDINES (EMA),DISTRITO NACIONAL,PRIVADA,EMAP,,,7.2,https://indomet.gob.do/wp-content/uploads/2026/07/temperaturas-extremas-y-precipitaciones-2026x07x13-a.pdf
2026-07-13,019,EL MILLON (EMA),DISTRITO NACIONAL,PRIVADA,EMAP,,,6.9,https://indomet.gob.do/wp-content/uploads/2026/07/temperaturas-extremas-y-precipitaciones-2026x07x13-a.pdf
2026-07-13,020,LOS PRADOS (EMA),DISTRITO NACIONAL,PRIVADA,EMAP,,,6.6,https://indomet.gob.do/wp-content/uploads/2026/07/temperaturas-extremas-y-precipitaciones-2026x07x13-a.pdf
2026-07-13,021,POLO,BARAHONA,INDOCAFE,EMCI,30.5,17.2,3.4,https://indomet.gob.do/wp-content/uploads/2026/07/temperaturas-extremas-y-precipitaciones-2026x07x13-a.pdf
2026-07-13,022,JARABACOA,LA VEGA,INDRHI / MARENA,EMCI,32.2,18.6,2.8,https://indomet.gob.do/wp-content/uploads/2026/07/temperaturas-extremas-y-precipitaciones-2026x07x13-a.pdf
2026-07-13,023,ALTAMIRA,PUERTO PLATA,HOSP. MPAL. DE ALTAMIRA,EMCI,33.5,20.9,2.4,https://indomet.gob.do/wp-content/uploads/2026/07/temperaturas-extremas-y-precipitaciones-2026x07x13-a.pdf
2026-07-13,024,BUCARA (EMA),SANTIAGO,MINISTERIO DE AGRICULTURA,EMAI,,,2.4,https://indomet.gob.do/wp-content/uploads/2026/07/temperaturas-extremas-y-precipitaciones-2026x07x13-a.pdf
2026-07-13,025,RÍO SAN JUAN,MARÍA TRINIDAD SÁNCHEZ,HOSP. MPAL. DR. DESIDERIO ACOSTA,EMCV,33.4,25.7,2.2,https://indomet.gob.do/wp-content/uploads/2026/07/temperaturas-extremas-y-precipitaciones-2026x07x13-a.pdf
2026-07-13,026,JUMA BEJUCAL,MONSEÑOR NOUEL,IDIAF,EMCV,34.4,24.8,2.1,https://indomet.gob.do/wp-content/uploads/2026/07/temperaturas-extremas-y-precipitaciones-2026x07x13-a.pdf
2026-07-13,027,LOS LLANOS,SAN PEDRO DE MACORÍS,MINISTERIO DE AGRICULTURA,EMCI,34.0,24.0,1.6,https://indomet.gob.do/wp-content/uploads/2026/07/temperaturas-extremas-y-precipitaciones-2026x07x13-a.pdf
2026-07-13,028,LOS JENGIBRES,NAGUA,INDRHI,EMCI,,,1.4,https://indomet.gob.do/wp-content/uploads/2026/07/temperaturas-extremas-y-precipitaciones-2026x07x13-a.pdf
2026-07-13,029,SANTIAGO (CENTRO),SANTIAGO,HUACALITO,EMCI,,,1.2,https://indomet.gob.do/wp-content/uploads/2026/07/temperaturas-extremas-y-precipitaciones-2026x07x13-a.pdf
2026-07-13,030,HATO MAYOR,HATO MAYOR,MINISTERIO DE AGRICULTURA,EMCV,,,1.0,https://indomet.gob.do/wp-content/uploads/2026/07/temperaturas-extremas-y-precipitaciones-2026x07x13-a.pdf
2026-07-13,031,BONAO,MONSEÑOR NOUEL,MINISTERIO DE AGRICULTURA,EMCV,,,0.8,https://indomet.gob.do/wp-content/uploads/2026/07/temperaturas-extremas-y-precipitaciones-2026x07x13-a.pdf
2026-07-13,032,ARPT. GREGORIO LUPERÓN,PUERTO PLATA,INDOMET,EMCI,31.3,23.1,0.4,https://indomet.gob.do/wp-content/uploads/2026/07/temperaturas-extremas-y-precipitaciones-2026x07x13-a.pdf
2026-07-13,033,ARPT. DE LA ROMANA,LA ROMANA,INDOMET,EMCI,,24.0,0.3,https://indomet.gob.do/wp-content/uploads/2026/07/temperaturas-extremas-y-precipitaciones-2026x07x13-a.pdf
2026-07-13,034,ARPT. DEL CIBAO,SANTIAGO,INDOMET,EMCI,34.2,22.4,0.2,https://indomet.gob.do/wp-content/uploads/2026/07/temperaturas-extremas-y-precipitaciones-2026x07x13-a.pdf
2026-07-13,035,ARPT. LA ISABELA,SANTO DOMINGO,INDOMET,EMCI,34.5,24.8,0.2,https://indomet.gob.do/wp-content/uploads/2026/07/temperaturas-extremas-y-precipitaciones-2026x07x13-a.pdf
2026-07-13,036,CABRAL,BARAHONA,MINISTERIO DE AGRICULTURA,EMCV,35.7,27.2,0.2,https://indomet.gob.do/wp-content/uploads/2026/07/temperaturas-extremas-y-precipitaciones-2026x07x13-a.pdf
2026-07-13,037,RANCHO ARRIBA,SAN JOSÉ DE OCOA,CENTRO TECNOLÓGICO COMUNITARIO,EMCI,31.5,20.4,0.2,https://indomet.gob.do/wp-content/uploads/2026/07/temperaturas-extremas-y-precipitaciones-2026x07x13-a.pdf
2026-07-13,038,SAN RAFAEL DEL YUMA,LA ALTAGRACIA,MINISTERIO DE AGRICULTURA,EMCI,35.5,24.5,0.2,https://indomet.gob.do/wp-content/uploads/2026/07/temperaturas-extremas-y-precipitaciones-2026x07x13-a.pdf
2026-07-13,039,CONSTANZA,LA VEGA,MINISTERIO DE AGRICULTURA,EMCI,28.0,18.0,0.1,https://indomet.gob.do/wp-content/uploads/2026/07/temperaturas-extremas-y-precipitaciones-2026x07x13-a.pdf
2026-07-13,040,VILLA ISABELA,PUERTO PLATA,MINISTERIO DE AGRICULTURA,EMCV,32.8,22.5,0.1,https://indomet.gob.do/wp-content/uploads/2026/07/temperaturas-extremas-y-precipitaciones-2026x07x13-a.pdf
2026-07-13,041,ALTO BANDERA (EMA),LA VEGA,INTEC,EMAP,19.2,8.2,0.0,https://indomet.gob.do/wp-content/uploads/2026/07/temperaturas-extremas-y-precipitaciones-2026x07x13-a.pdf
2026-07-13,042,ANAMUYA (EMA),LA ALTAGRACIA,MINISTERIO DE AGRICULTURA,EMAP,33.2,25.4,0.0,https://indomet.gob.do/wp-content/uploads/2026/07/temperaturas-extremas-y-precipitaciones-2026x07x13-a.pdf
2026-07-13,043,ARPT. ARROYO BARRIL,SAMANÁ,INDOMET,EMCI,31.3,23.8,0.0,https://indomet.gob.do/wp-content/uploads/2026/07/temperaturas-extremas-y-precipitaciones-2026x07x13-a.pdf
2026-07-13,044,ARPT. DE PUNTA CANA,LA ALTAGRACIA,INDOMET,EMCI,32.5,24.5,0.0,https://indomet.gob.do/wp-content/uploads/2026/07/temperaturas-extremas-y-precipitaciones-2026x07x13-a.pdf
2026-07-13,045,ARPT. MARÍA MONTEZ,BARAHONA,INDOMET,EMCI,34.6,27.0,0.0,https://indomet.gob.do/wp-content/uploads/2026/07/temperaturas-extremas-y-precipitaciones-2026x07x13-a.pdf
2026-07-13,046,ARROYO LORO,SAN JUAN,IDIAF,EMCI,35.0,19.7,0.0,https://indomet.gob.do/wp-content/uploads/2026/07/temperaturas-extremas-y-precipitaciones-2026x07x13-a.pdf
2026-07-13,047,BANI (EMA),PERAVIA,MINISTERIO DE AGRICULTURA,EMAP,33.9,27.1,0.0,https://indomet.gob.do/wp-content/uploads/2026/07/temperaturas-extremas-y-precipitaciones-2026x07x13-a.pdf
2026-07-13,048,BAYAGUANA,MONTE PLATA,INDOMET,EMCI,34.5,23.5,0.0,https://indomet.gob.do/wp-content/uploads/2026/07/temperaturas-extremas-y-precipitaciones-2026x07x13-a.pdf
2026-07-13,049,BOCA DE MAO (EMA),VALVERDE,MINISTERIO DE AGRICULTURA,EMAP,36.6,25.8,0.0,https://indomet.gob.do/wp-content/uploads/2026/07/temperaturas-extremas-y-precipitaciones-2026x07x13-a.pdf
2026-07-13,050,BOHECHÍO,SAN JUAN,MINISTERIO DE AGRICULTURA,EMCV,,,0.0,https://indomet.gob.do/wp-content/uploads/2026/07/temperaturas-extremas-y-precipitaciones-2026x07x13-a.pdf
2026-07-13,051,CABRERA,MARÍA TRINIDAD SÁNCHEZ,ESCUELA ARÍSTIDES FIALLO CABRAL,EMCI,34.0,27.5,0.0,https://indomet.gob.do/wp-content/uploads/2026/07/temperaturas-extremas-y-precipitaciones-2026x07x13-a.pdf
2026-07-13,052,COTUÍ,SÁNCHEZ RAMÍREZ,HOSP. INMACULADA CONCEPCIÓN,EMCV,,,0.0,https://indomet.gob.do/wp-content/uploads/2026/07/temperaturas-extremas-y-precipitaciones-2026x07x13-a.pdf
2026-07-13,053,EL CERCADO,SAN JUAN,MINISTERIO DE AGRICULTURA,EMCV,,,0.0,https://indomet.gob.do/wp-content/uploads/2026/07/temperaturas-extremas-y-precipitaciones-2026x07x13-a.pdf
2026-07-13,054,ENRIQUILLO,BARAHONA,MINISTERIO DE AGRICULTURA,EMCV,33.5,24.8,0.0,https://indomet.gob.do/wp-content/uploads/2026/07/temperaturas-extremas-y-precipitaciones-2026x07x13-a.pdf
2026-07-13,055,ESCONDIDO,PERAVIA,MINISTERIO DE AGRICULTURA,EMCV,34.0,27.0,0.0,https://indomet.gob.do/wp-content/uploads/2026/07/temperaturas-extremas-y-precipitaciones-2026x07x13-a.pdf
2026-07-13,056,GURABO,SANTIAGO,MINISTERIO DE AGRICULTURA,EMCV,,,0.0,https://indomet.gob.do/wp-content/uploads/2026/07/temperaturas-extremas-y-precipitaciones-2026x07x13-a.pdf
2026-07-13,057,JARDÍN BOTÁNICO SANTIAGO (EMSANTIAGO,,JARDIN BOTANICO SANTIAGO,EMAI,34.3,24.9,0.0,https://indomet.gob.do/wp-content/uploads/2026/07/temperaturas-extremas-y-precipitaciones-2026x07x13-a.pdf
2026-07-13,058,JIMANÍ,INDEPENDENCIA,MINISTERIO DE AGRICULTURA,EMCI,37.2,26.2,0.0,https://indomet.gob.do/wp-content/uploads/2026/07/temperaturas-extremas-y-precipitaciones-2026x07x13-a.pdf
2026-07-13,059,LA VEGA,LA VEGA,IATESA,EMCI,34.0,24.5,0.0,https://indomet.gob.do/wp-content/uploads/2026/07/temperaturas-extremas-y-precipitaciones-2026x07x13-a.pdf
2026-07-13,060,MAO,VALVERDE,INDRHI / MINISTERIO DE AGRICULTURA,EMCV,,,0.0,https://indomet.gob.do/wp-content/uploads/2026/07/temperaturas-extremas-y-precipitaciones-2026x07x13-a.pdf
2026-07-13,061,MICHES (EMA),EL SEIBO,PRIVADA,EMAP,30.7,23.7,0.0,https://indomet.gob.do/wp-content/uploads/2026/07/temperaturas-extremas-y-precipitaciones-2026x07x13-a.pdf
2026-07-13,062,MONCIÓN (EMA),SANTIAGO RODRÍGUEZ,PROGRAMA MUNDIAL DE ALIMENTO,EMAP,33.2,20.2,0.0,https://indomet.gob.do/wp-content/uploads/2026/07/temperaturas-extremas-y-precipitaciones-2026x07x13-a.pdf
2026-07-13,063,MONTE CRISTI,MONTE CRISTI,INDOMET,EMCI,34.2,24.9,0.0,https://indomet.gob.do/wp-content/uploads/2026/07/temperaturas-extremas-y-precipitaciones-2026x07x13-a.pdf
2026-07-13,064,NAVARRETE,SANTIAGO,MINISTERIO DE AGRICULTURA,EMCV,,,0.0,https://indomet.gob.do/wp-content/uploads/2026/07/temperaturas-extremas-y-precipitaciones-2026x07x13-a.pdf
2026-07-13,065,OLIVARES,PEDERNALES,INDRHI,EMCI,,,0.0,https://indomet.gob.do/wp-content/uploads/2026/07/temperaturas-extremas-y-precipitaciones-2026x07x13-a.pdf
2026-07-13,066,OVIEDO,PEDERNALES,CLÍNICA RURAL OVIEDO,EMCI,32.6,25.0,0.0,https://indomet.gob.do/wp-content/uploads/2026/07/temperaturas-extremas-y-precipitaciones-2026x07x13-a.pdf
2026-07-13,067,PADRE LAS CASAS,AZUA,HOSP. NTRA. SRA. DEL CARMEN,EMCI,34.0,19.7,0.0,https://indomet.gob.do/wp-content/uploads/2026/07/temperaturas-extremas-y-precipitaciones-2026x07x13-a.pdf
2026-07-13,068,PALO ÍNDIO,PUERTO PLATA,MINISTERIO DE AGRICULTURA,EMCI,,,0.0,https://indomet.gob.do/wp-content/uploads/2026/07/temperaturas-extremas-y-precipitaciones-2026x07x13-a.pdf
2026-07-13,069,PASO AL MEDIO,SAN PEDRO DE MACORÍS,INDRHI,EMCI,,,0.0,https://indomet.gob.do/wp-content/uploads/2026/07/temperaturas-extremas-y-precipitaciones-2026x07x13-a.pdf
2026-07-13,070,PEDERNALES,PEDERNALES,INDRHI,EMCI,,,0.0,https://indomet.gob.do/wp-content/uploads/2026/07/temperaturas-extremas-y-precipitaciones-2026x07x13-a.pdf
2026-07-13,071,PERALTA,AZUA,HOSP. MPAL. DE PERALTA,EMCI,33.0,19.5,0.0,https://indomet.gob.do/wp-content/uploads/2026/07/temperaturas-extremas-y-precipitaciones-2026x07x13-a.pdf
2026-07-13,072,PONTÓN ABAJO (EMA),LA VEGA,MINISTERIO DE AGRICULTURA,EMAP,36.6,25.3,0.0,https://indomet.gob.do/wp-content/uploads/2026/07/temperaturas-extremas-y-precipitaciones-2026x07x13-a.pdf
2026-07-13,073,PRESA DE TAVERAS (EMA),LA VEGA,PROGRAMA MUNDIAL DE ALIMENTO,EMAP,31.8,23.2,0.0,https://indomet.gob.do/wp-content/uploads/2026/07/temperaturas-extremas-y-precipitaciones-2026x07x13-a.pdf
2026-07-13,074,RESTAURACIÓN,DAJABÓN,MINISTERIO DE AGRICULTURA,EMCI,33.0,18.4,0.0,https://indomet.gob.do/wp-content/uploads/2026/07/temperaturas-extremas-y-precipitaciones-2026x07x13-a.pdf
2026-07-13,075,SABANA DE LA MAR,HATO MAYOR,INDOMET,EMCI,34.2,24.9,0.0,https://indomet.gob.do/wp-content/uploads/2026/07/temperaturas-extremas-y-precipitaciones-2026x07x13-a.pdf
2026-07-13,076,SABANA GRANDE DE BOYÁ,MONTE PLATA,MINISTERIO DE AGRICULTURA,EMCV,,,0.0,https://indomet.gob.do/wp-content/uploads/2026/07/temperaturas-extremas-y-precipitaciones-2026x07x13-a.pdf
2026-07-13,077,SABANETA (EMA),SANTIAGO RODRÍGUEZ,PROGRAMA MUNDIAL DE ALIMENTO,EMAP,36.1,23.7,0.0,https://indomet.gob.do/wp-content/uploads/2026/07/temperaturas-extremas-y-precipitaciones-2026x07x13-a.pdf
2026-07-13,078,SALCEDO,HERMANAS MIRABAL,PROPIEDAD DEL EMPLEADO,EMCI,,,0.0,https://indomet.gob.do/wp-content/uploads/2026/07/temperaturas-extremas-y-precipitaciones-2026x07x13-a.pdf
2026-07-13,079,SAMANÁ,SAMANÁ,COMANDANCIA DE PUERTO DE SAMANÁ,EMCI,33.7,20.1,0.0,https://indomet.gob.do/wp-content/uploads/2026/07/temperaturas-extremas-y-precipitaciones-2026x07x13-a.pdf
2026-07-13,080,SAN FRANCISCO DE MACORÍS,DUARTE,San Francisco de Macorís (UASD),EMCI,33.3,22.5,0.0,https://indomet.gob.do/wp-content/uploads/2026/07/temperaturas-extremas-y-precipitaciones-2026x07x13-a.pdf
2026-07-13,081,SAN JOSÉ DE OCOA,SAN JOSÉ DE OCOA,HOSP. SAN JOSÉ DE OCOA,EMCI,33.0,24.5,0.0,https://indomet.gob.do/wp-content/uploads/2026/07/temperaturas-extremas-y-precipitaciones-2026x07x13-a.pdf
2026-07-13,082,SANTIAGO RODRÍGUEZ,SANTIAGO RODRÍGUEZ,INDOMET,EMCI,36.6,23.2,0.0,https://indomet.gob.do/wp-content/uploads/2026/07/temperaturas-extremas-y-precipitaciones-2026x07x13-a.pdf
2026-07-13,083,TÁBARA ABAJO,AZUA,INDRHI,EMCI,34.5,24.0,0.0,https://indomet.gob.do/wp-content/uploads/2026/07/temperaturas-extremas-y-precipitaciones-2026x07x13-a.pdf
2026-07-13,084,TAVERA,SANTIAGO,INDRHI,EMCI,,,0.0,https://indomet.gob.do/wp-content/uploads/2026/07/temperaturas-extremas-y-precipitaciones-2026x07x13-a.pdf
2026-07-13,085,VILLA ALTAGRACIA,SAN CRISTÓBAL,ESCUELA JAVIER ANGULO GURIDI,EMCI,,,0.0,https://indomet.gob.do/wp-content/uploads/2026/07/temperaturas-extremas-y-precipitaciones-2026x07x13-a.pdf
2026-07-13,086,VILLA GONZALES,SANTIAGO,MINISTERIO DE AGRICULTURA,EMCI,,,0.0,https://indomet.gob.do/wp-content/uploads/2026/07/temperaturas-extremas-y-precipitaciones-2026x07x13-a.pdf
2026-07-13,087,VILLA RIVA,DUARTE,HOSP. MPAL. ALICIA DE LEGENDRE,EMCI,32.8,23.8,0.0,https://indomet.gob.do/wp-content/uploads/2026/07/temperaturas-extremas-y-precipitaciones-2026x07x13-a.pdf
2026-07-14,001,LA AGUSTINA (EMA),DISTRITO NACIONAL,PRIVADA,EMAP,,,7.4,https://indomet.gob.do/wp-content/uploads/2026/07/temperaturas-extremas-y-precipitaciones-2026x07x14-a.pdf
2026-07-14,002,VILLA ALTAGRACIA,SAN CRISTÓBAL,ESCUELA JAVIER ANGULO GURIDI,EMCI,,,4.2,https://indomet.gob.do/wp-content/uploads/2026/07/temperaturas-extremas-y-precipitaciones-2026x07x14-a.pdf
2026-07-14,003,EL MILLON (EMA),DISTRITO NACIONAL,PRIVADA,EMAP,,,1.5,https://indomet.gob.do/wp-content/uploads/2026/07/temperaturas-extremas-y-precipitaciones-2026x07x14-a.pdf
2026-07-14,004,HATO MAYOR,HATO MAYOR,MINISTERIO DE AGRICULTURA,EMCV,,,0.1,https://indomet.gob.do/wp-content/uploads/2026/07/temperaturas-extremas-y-precipitaciones-2026x07x14-a.pdf
2026-07-14,005,HONDO VALLE,ELÍAS PIÑA,MINISTERIO DE AGRICULTURA,EMCI,29.2,18.1,0.1,https://indomet.gob.do/wp-content/uploads/2026/07/temperaturas-extremas-y-precipitaciones-2026x07x14-a.pdf
2026-07-14,006,SANTO DOMINGO ESTE,SANTO DOMINGO,INDOMET,EMCI,33.0,25.8,0.1,https://indomet.gob.do/wp-content/uploads/2026/07/temperaturas-extremas-y-precipitaciones-2026x07x14-a.pdf
2026-07-14,007,ALTAMIRA,PUERTO PLATA,HOSP. MPAL. DE ALTAMIRA,EMCI,33.0,20.5,0.0,https://indomet.gob.do/wp-content/uploads/2026/07/temperaturas-extremas-y-precipitaciones-2026x07x14-a.pdf
2026-07-14,008,ALTO BANDERA (EMA),LA VEGA,INTEC,EMAP,18.4,10.3,0.0,https://indomet.gob.do/wp-content/uploads/2026/07/temperaturas-extremas-y-precipitaciones-2026x07x14-a.pdf
2026-07-14,009,ANAMUYA (EMA),LA ALTAGRACIA,MINISTERIO DE AGRICULTURA,EMAP,34.3,24.7,0.0,https://indomet.gob.do/wp-content/uploads/2026/07/temperaturas-extremas-y-precipitaciones-2026x07x14-a.pdf
2026-07-14,010,ARPT. ARROYO BARRIL,SAMANÁ,INDOMET,EMCI,31.3,24.4,0.0,https://indomet.gob.do/wp-content/uploads/2026/07/temperaturas-extremas-y-precipitaciones-2026x07x14-a.pdf
2026-07-14,011,ARPT. DE LA ROMANA,LA ROMANA,INDOMET,EMCI,,23.3,0.0,https://indomet.gob.do/wp-content/uploads/2026/07/temperaturas-extremas-y-precipitaciones-2026x07x14-a.pdf
2026-07-14,012,ARPT. DE LAS AMÉRICAS,SANTO DOMINGO,INDOMET,EMCI,32.6,24.2,0.0,https://indomet.gob.do/wp-content/uploads/2026/07/temperaturas-extremas-y-precipitaciones-2026x07x14-a.pdf
2026-07-14,013,ARPT. DE PUNTA CANA,LA ALTAGRACIA,INDOMET,EMCI,32.6,24.5,0.0,https://indomet.gob.do/wp-content/uploads/2026/07/temperaturas-extremas-y-precipitaciones-2026x07x14-a.pdf
2026-07-14,014,ARPT. DEL CIBAO,SANTIAGO,INDOMET,EMCI,34.0,24.0,0.0,https://indomet.gob.do/wp-content/uploads/2026/07/temperaturas-extremas-y-precipitaciones-2026x07x14-a.pdf
2026-07-14,015,ARPT. EL CATEY,SAMANÁ,INDOMET,EMCI,32.0,,0.0,https://indomet.gob.do/wp-content/uploads/2026/07/temperaturas-extremas-y-precipitaciones-2026x07x14-a.pdf
2026-07-14,016,ARPT. GREGORIO LUPERÓN,PUERTO PLATA,INDOMET,EMCI,31.8,23.4,0.0,https://indomet.gob.do/wp-content/uploads/2026/07/temperaturas-extremas-y-precipitaciones-2026x07x14-a.pdf
2026-07-14,017,ARPT. LA ISABELA,SANTO DOMINGO,INDOMET,EMCI,35.2,23.9,0.0,https://indomet.gob.do/wp-content/uploads/2026/07/temperaturas-extremas-y-precipitaciones-2026x07x14-a.pdf
2026-07-14,018,ARPT. MARÍA MONTEZ,BARAHONA,INDOMET,EMCI,33.3,26.6,0.0,https://indomet.gob.do/wp-content/uploads/2026/07/temperaturas-extremas-y-precipitaciones-2026x07x14-a.pdf
2026-07-14,019,ARROYO LORO,SAN JUAN,IDIAF,EMCI,34.5,20.2,0.0,https://indomet.gob.do/wp-content/uploads/2026/07/temperaturas-extremas-y-precipitaciones-2026x07x14-a.pdf
2026-07-14,020,BANI (EMA),PERAVIA,MINISTERIO DE AGRICULTURA,EMAP,32.6,24.5,0.0,https://indomet.gob.do/wp-content/uploads/2026/07/temperaturas-extremas-y-precipitaciones-2026x07x14-a.pdf
2026-07-14,021,BASE AÉREA DE SAN ISIDRO,SANTO DOMINGO,FUERZA AÉREA DOMINICANA,EMCV,33.0,23.1,0.0,https://indomet.gob.do/wp-content/uploads/2026/07/temperaturas-extremas-y-precipitaciones-2026x07x14-a.pdf
2026-07-14,022,BAYAGUANA,MONTE PLATA,INDOMET,EMCI,34.6,23.0,0.0,https://indomet.gob.do/wp-content/uploads/2026/07/temperaturas-extremas-y-precipitaciones-2026x07x14-a.pdf
2026-07-14,023,BELLA VISTA (EMA),DISTRITO NACIONAL,PRIVADA,EMAP,,,0.0,https://indomet.gob.do/wp-content/uploads/2026/07/temperaturas-extremas-y-precipitaciones-2026x07x14-a.pdf
2026-07-14,024,BOCA DE MAO (EMA),VALVERDE,MINISTERIO DE AGRICULTURA,EMAP,36.4,24.1,0.0,https://indomet.gob.do/wp-content/uploads/2026/07/temperaturas-extremas-y-precipitaciones-2026x07x14-a.pdf
2026-07-14,025,BOHECHÍO,SAN JUAN,MINISTERIO DE AGRICULTURA,EMCV,,,0.0,https://indomet.gob.do/wp-content/uploads/2026/07/temperaturas-extremas-y-precipitaciones-2026x07x14-a.pdf
2026-07-14,026,BUCARA (EMA),SANTIAGO,MINISTERIO DE AGRICULTURA,EMAI,,,0.0,https://indomet.gob.do/wp-content/uploads/2026/07/temperaturas-extremas-y-precipitaciones-2026x07x14-a.pdf
2026-07-14,027,CABRAL,BARAHONA,MINISTERIO DE AGRICULTURA,EMCV,34.9,24.8,0.0,https://indomet.gob.do/wp-content/uploads/2026/07/temperaturas-extremas-y-precipitaciones-2026x07x14-a.pdf
2026-07-14,028,CABRERA,MARÍA TRINIDAD SÁNCHEZ,ESCUELA ARÍSTIDES FIALLO CABRAL,EMCI,34.0,27.8,0.0,https://indomet.gob.do/wp-content/uploads/2026/07/temperaturas-extremas-y-precipitaciones-2026x07x14-a.pdf
2026-07-14,029,CENTRO DE LOS HEROES (EMA),DISTRITO NACIONAL,MINISTERIO DE ENERGIA Y MINA,EMAP,31.7,26.9,0.0,https://indomet.gob.do/wp-content/uploads/2026/07/temperaturas-extremas-y-precipitaciones-2026x07x14-a.pdf
2026-07-14,030,CONSTANZA,LA VEGA,MINISTERIO DE AGRICULTURA,EMCI,27.0,10.2,0.0,https://indomet.gob.do/wp-content/uploads/2026/07/temperaturas-extremas-y-precipitaciones-2026x07x14-a.pdf
2026-07-14,031,CONSTANZA (EMA),LA VEGA,PROGRAMA MUNDIAL DE ALIMENTO,EMAP,26.3,12.2,0.0,https://indomet.gob.do/wp-content/uploads/2026/07/temperaturas-extremas-y-precipitaciones-2026x07x14-a.pdf
2026-07-14,032,DAJABÓN,DAJABÓN,INSTITUTO POLITÉCNICO LOYOLA,EMCI,36.0,22.1,0.0,https://indomet.gob.do/wp-content/uploads/2026/07/temperaturas-extremas-y-precipitaciones-2026x07x14-a.pdf
2026-07-14,033,EL CERCADO,SAN JUAN,MINISTERIO DE AGRICULTURA,EMCV,,,0.0,https://indomet.gob.do/wp-content/uploads/2026/07/temperaturas-extremas-y-precipitaciones-2026x07x14-a.pdf
2026-07-14,034,ELÍAS PIÑA,ELÍAS PIÑA,MINISTERIO DE AGRICULTURA,EMCV,,,0.0,https://indomet.gob.do/wp-content/uploads/2026/07/temperaturas-extremas-y-precipitaciones-2026x07x14-a.pdf
2026-07-14,035,ENRIQUILLO,BARAHONA,MINISTERIO DE AGRICULTURA,EMCV,33.0,24.5,0.0,https://indomet.gob.do/wp-content/uploads/2026/07/temperaturas-extremas-y-precipitaciones-2026x07x14-a.pdf
2026-07-14,036,ENSANCHE LA FE (EMA),DISTRITO NACIONAL,PRIVADA,EMAP,,,0.0,https://indomet.gob.do/wp-content/uploads/2026/07/temperaturas-extremas-y-precipitaciones-2026x07x14-a.pdf
2026-07-14,037,GASPAR HERNÁNDEZ,ESPAILLAT,PROPIEDAD DEL EMPLEADO,EMCI,,,0.0,https://indomet.gob.do/wp-content/uploads/2026/07/temperaturas-extremas-y-precipitaciones-2026x07x14-a.pdf
2026-07-14,038,GURABO,SANTIAGO,MINISTERIO DE AGRICULTURA,EMCV,,,0.0,https://indomet.gob.do/wp-content/uploads/2026/07/temperaturas-extremas-y-precipitaciones-2026x07x14-a.pdf
2026-07-14,039,JARABACOA,LA VEGA,INDRHI / MARENA,EMCI,30.6,17.2,0.0,https://indomet.gob.do/wp-content/uploads/2026/07/temperaturas-extremas-y-precipitaciones-2026x07x14-a.pdf
2026-07-14,040,JARABACOA (EMA),LA VEGA,PROGRAMA MUNDIAL DE ALIMENTO,EMAP,30.2,18.4,0.0,https://indomet.gob.do/wp-content/uploads/2026/07/temperaturas-extremas-y-precipitaciones-2026x07x14-a.pdf
2026-07-14,041,JARDÍN BOTÁNICO NACIONAL,DISTRITO NACIONAL,JARDÍN BOTÁNICO NACIONAL,EMCV,32.5,22.8,0.0,https://indomet.gob.do/wp-content/uploads/2026/07/temperaturas-extremas-y-precipitaciones-2026x07x14-a.pdf
2026-07-14,042,JARDÍN BOTÁNICO SANTIAGO (EMSANTIAGO,,JARDIN BOTANICO SANTIAGO,EMAI,,,0.0,https://indomet.gob.do/wp-content/uploads/2026/07/temperaturas-extremas-y-precipitaciones-2026x07x14-a.pdf
2026-07-14,043,JIMANÍ,INDEPENDENCIA,MINISTERIO DE AGRICULTURA,EMCI,37.4,27.0,0.0,https://indomet.gob.do/wp-content/uploads/2026/07/temperaturas-extremas-y-precipitaciones-2026x07x14-a.pdf
2026-07-14,044,JUMA BEJUCAL,MONSEÑOR NOUEL,IDIAF,EMCV,33.8,23.6,0.0,https://indomet.gob.do/wp-content/uploads/2026/07/temperaturas-extremas-y-precipitaciones-2026x07x14-a.pdf
2026-07-14,045,LA DESCUBIERTA (EMA),INDEPENDENCIA,PRIVADA,EMAP,34.4,26.0,0.0,https://indomet.gob.do/wp-content/uploads/2026/07/temperaturas-extremas-y-precipitaciones-2026x07x14-a.pdf
2026-07-14,046,LA VEGA,LA VEGA,IATESA,EMCI,33.0,23.5,0.0,https://indomet.gob.do/wp-content/uploads/2026/07/temperaturas-extremas-y-precipitaciones-2026x07x14-a.pdf
2026-07-14,047,LA VICTORIA,SANTO DOMINGO,CUERPO DE BOMBEROS,EMCI,33.0,23.5,0.0,https://indomet.gob.do/wp-content/uploads/2026/07/temperaturas-extremas-y-precipitaciones-2026x07x14-a.pdf
2026-07-14,048,LAS CANAS (EMA),MONTE CRISTI,PROGRAMA MUNDIAL DE ALIMENTO,EMAP,30.1,26.1,0.0,https://indomet.gob.do/wp-content/uploads/2026/07/temperaturas-extremas-y-precipitaciones-2026x07x14-a.pdf
2026-07-14,049,LOS CACICAZGOS (EMA),DISTRITO NACIONAL,PRIVADA,EMAP,,,0.0,https://indomet.gob.do/wp-content/uploads/2026/07/temperaturas-extremas-y-precipitaciones-2026x07x14-a.pdf
2026-07-14,050,LOS COCOS (EMA),BAHORUCO,PRIVADA,EMAP,,,0.0,https://indomet.gob.do/wp-content/uploads/2026/07/temperaturas-extremas-y-precipitaciones-2026x07x14-a.pdf
2026-07-14,051,LOS JARDINES (EMA),DISTRITO NACIONAL,PRIVADA,EMAP,,,0.0,https://indomet.gob.do/wp-content/uploads/2026/07/temperaturas-extremas-y-precipitaciones-2026x07x14-a.pdf
2026-07-14,052,LOS LLANOS,SAN PEDRO DE MACORÍS,MINISTERIO DE AGRICULTURA,EMCI,34.5,22.9,0.0,https://indomet.gob.do/wp-content/uploads/2026/07/temperaturas-extremas-y-precipitaciones-2026x07x14-a.pdf
2026-07-14,053,LOS PRADOS (EMA),DISTRITO NACIONAL,PRIVADA,EMAP,,,0.0,https://indomet.gob.do/wp-content/uploads/2026/07/temperaturas-extremas-y-precipitaciones-2026x07x14-a.pdf
2026-07-14,054,MAO,VALVERDE,INDRHI / MINISTERIO DE AGRICULTURA,EMCV,,,0.0,https://indomet.gob.do/wp-content/uploads/2026/07/temperaturas-extremas-y-precipitaciones-2026x07x14-a.pdf
2026-07-14,055,MICHES (EMA),EL SEIBO,PRIVADA,EMAP,33.1,23.2,0.0,https://indomet.gob.do/wp-content/uploads/2026/07/temperaturas-extremas-y-precipitaciones-2026x07x14-a.pdf
2026-07-14,056,MONCIÓN (EMA),SANTIAGO RODRÍGUEZ,PROGRAMA MUNDIAL DE ALIMENTO,EMAP,32.3,19.4,0.0,https://indomet.gob.do/wp-content/uploads/2026/07/temperaturas-extremas-y-precipitaciones-2026x07x14-a.pdf
2026-07-14,057,MONTE CRISTI,MONTE CRISTI,INDOMET,EMCI,34.6,25.5,0.0,https://indomet.gob.do/wp-content/uploads/2026/07/temperaturas-extremas-y-precipitaciones-2026x07x14-a.pdf
2026-07-14,058,NAVARRETE,SANTIAGO,MINISTERIO DE AGRICULTURA,EMCV,,,0.0,https://indomet.gob.do/wp-content/uploads/2026/07/temperaturas-extremas-y-precipitaciones-2026x07x14-a.pdf
2026-07-14,059,OLIVARES,PEDERNALES,INDRHI,EMCI,,,0.0,https://indomet.gob.do/wp-content/uploads/2026/07/temperaturas-extremas-y-precipitaciones-2026x07x14-a.pdf
2026-07-14,060,OVIEDO,PEDERNALES,CLÍNICA RURAL OVIEDO,EMCI,32.8,24.8,0.0,https://indomet.gob.do/wp-content/uploads/2026/07/temperaturas-extremas-y-precipitaciones-2026x07x14-a.pdf
2026-07-14,061,PADRE LAS CASAS,AZUA,HOSP. NTRA. SRA. DEL CARMEN,EMCI,33.0,19.5,0.0,https://indomet.gob.do/wp-content/uploads/2026/07/temperaturas-extremas-y-precipitaciones-2026x07x14-a.pdf
2026-07-14,062,PALO ÍNDIO,PUERTO PLATA,MINISTERIO DE AGRICULTURA,EMCI,,,0.0,https://indomet.gob.do/wp-content/uploads/2026/07/temperaturas-extremas-y-precipitaciones-2026x07x14-a.pdf
2026-07-14,063,PEDERNALES,PEDERNALES,INDRHI,EMCI,,,0.0,https://indomet.gob.do/wp-content/uploads/2026/07/temperaturas-extremas-y-precipitaciones-2026x07x14-a.pdf
2026-07-14,064,PERALTA,AZUA,HOSP. MPAL. DE PERALTA,EMCI,31.0,18.0,0.0,https://indomet.gob.do/wp-content/uploads/2026/07/temperaturas-extremas-y-precipitaciones-2026x07x14-a.pdf
2026-07-14,065,POLO,BARAHONA,INDOCAFE,EMCI,30.0,17.5,0.0,https://indomet.gob.do/wp-content/uploads/2026/07/temperaturas-extremas-y-precipitaciones-2026x07x14-a.pdf
2026-07-14,066,PONTÓN ABAJO (EMA),LA VEGA,MINISTERIO DE AGRICULTURA,EMAP,35.2,23.7,0.0,https://indomet.gob.do/wp-content/uploads/2026/07/temperaturas-extremas-y-precipitaciones-2026x07x14-a.pdf
2026-07-14,067,PRESA DE TAVERAS (EMA),LA VEGA,PROGRAMA MUNDIAL DE ALIMENTO,EMAP,31.4,21.9,0.0,https://indomet.gob.do/wp-content/uploads/2026/07/temperaturas-extremas-y-precipitaciones-2026x07x14-a.pdf
2026-07-14,068,PROLONGACION 27 DE FEBRERO,DISTRITO NACIONAL,PRIVADA,EMAP,,,0.0,https://indomet.gob.do/wp-content/uploads/2026/07/temperaturas-extremas-y-precipitaciones-2026x07x14-a.pdf
2026-07-14,069,RANCHO ARRIBA,SAN JOSÉ DE OCOA,CENTRO TECNOLÓGICO COMUNITARIO,EMCI,30.8,16.7,0.0,https://indomet.gob.do/wp-content/uploads/2026/07/temperaturas-extremas-y-precipitaciones-2026x07x14-a.pdf
2026-07-14,070,RESTAURACIÓN,DAJABÓN,MINISTERIO DE AGRICULTURA,EMCI,32.8,17.6,0.0,https://indomet.gob.do/wp-content/uploads/2026/07/temperaturas-extremas-y-precipitaciones-2026x07x14-a.pdf
2026-07-14,071,RÍO SAN JUAN,MARÍA TRINIDAD SÁNCHEZ,HOSP. MPAL. DR. DESIDERIO ACOSTA,EMCV,33.4,24.9,0.0,https://indomet.gob.do/wp-content/uploads/2026/07/temperaturas-extremas-y-precipitaciones-2026x07x14-a.pdf
2026-07-14,072,SABANA DE LA MAR,HATO MAYOR,INDOMET,EMCI,32.0,23.4,0.0,https://indomet.gob.do/wp-content/uploads/2026/07/temperaturas-extremas-y-precipitaciones-2026x07x14-a.pdf
2026-07-14,073,SABANA GRANDE DE BOYÁ,MONTE PLATA,MINISTERIO DE AGRICULTURA,EMCV,,,0.0,https://indomet.gob.do/wp-content/uploads/2026/07/temperaturas-extremas-y-precipitaciones-2026x07x14-a.pdf
2026-07-14,074,SABANETA (EMA),SANTIAGO RODRÍGUEZ,PROGRAMA MUNDIAL DE ALIMENTO,EMAP,36.2,22.2,0.0,https://indomet.gob.do/wp-content/uploads/2026/07/temperaturas-extremas-y-precipitaciones-2026x07x14-a.pdf
2026-07-14,075,SAJOMA (EMA),SANTIAGO,PLAN SIERRA,EMAI,31.3,24.5,0.0,https://indomet.gob.do/wp-content/uploads/2026/07/temperaturas-extremas-y-precipitaciones-2026x07x14-a.pdf
2026-07-14,076,SALCEDO,HERMANAS MIRABAL,PROPIEDAD DEL EMPLEADO,EMCI,,,0.0,https://indomet.gob.do/wp-content/uploads/2026/07/temperaturas-extremas-y-precipitaciones-2026x07x14-a.pdf
2026-07-14,077,SAMANÁ,SAMANÁ,COMANDANCIA DE PUERTO DE SAMANÁ,EMCI,34.4,19.6,0.0,https://indomet.gob.do/wp-content/uploads/2026/07/temperaturas-extremas-y-precipitaciones-2026x07x14-a.pdf
2026-07-14,078,SAN CRISTÓBAL,SAN CRISTÓBAL,INSTITUTO POLITÉCNICO LOYOLA,EMCI,32.5,21.5,0.0,https://indomet.gob.do/wp-content/uploads/2026/07/temperaturas-extremas-y-precipitaciones-2026x07x14-a.pdf
2026-07-14,079,SAN FRANCISCO DE MACORÍS,DUARTE,San Francisco de Macorís (UASD),EMCI,33.8,23.7,0.0,https://indomet.gob.do/wp-content/uploads/2026/07/temperaturas-extremas-y-precipitaciones-2026x07x14-a.pdf
2026-07-14,080,SAN JOSÉ DE OCOA,SAN JOSÉ DE OCOA,HOSP. SAN JOSÉ DE OCOA,EMCI,33.7,22.4,0.0,https://indomet.gob.do/wp-content/uploads/2026/07/temperaturas-extremas-y-precipitaciones-2026x07x14-a.pdf
2026-07-14,081,SAN RAFAEL DEL YUMA,LA ALTAGRACIA,MINISTERIO DE AGRICULTURA,EMCI,34.7,23.9,0.0,https://indomet.gob.do/wp-content/uploads/2026/07/temperaturas-extremas-y-precipitaciones-2026x07x14-a.pdf
2026-07-14,082,SÁNCHEZ,SAMANÁ,MINISTERIO DE AGRICULTURA,EMCI,31.6,24.0,0.0,https://indomet.gob.do/wp-content/uploads/2026/07/temperaturas-extremas-y-precipitaciones-2026x07x14-a.pdf
2026-07-14,083,SANTIAGO RODRÍGUEZ,SANTIAGO RODRÍGUEZ,INDOMET,EMCI,36.0,22.5,0.0,https://indomet.gob.do/wp-content/uploads/2026/07/temperaturas-extremas-y-precipitaciones-2026x07x14-a.pdf
2026-07-14,084,TÁBARA ABAJO,AZUA,INDRHI,EMCI,33.5,23.0,0.0,https://indomet.gob.do/wp-content/uploads/2026/07/temperaturas-extremas-y-precipitaciones-2026x07x14-a.pdf
2026-07-14,085,TAMBORIL,SANTIAGO,MINISTERIO DE AGRICULTURA,EMCV,,,0.0,https://indomet.gob.do/wp-content/uploads/2026/07/temperaturas-extremas-y-precipitaciones-2026x07x14-a.pdf
2026-07-14,086,VILLA GONZALES,SANTIAGO,MINISTERIO DE AGRICULTURA,EMCI,,,0.0,https://indomet.gob.do/wp-content/uploads/2026/07/temperaturas-extremas-y-precipitaciones-2026x07x14-a.pdf
2026-07-14,087,VILLA ISABELA,PUERTO PLATA,MINISTERIO DE AGRICULTURA,EMCV,34.0,21.0,0.0,https://indomet.gob.do/wp-content/uploads/2026/07/temperaturas-extremas-y-precipitaciones-2026x07x14-a.pdf
2026-07-14,088,VILLA RIVA,DUARTE,HOSP. MPAL. ALICIA DE LEGENDRE,EMCI,32.7,22.7,0.0,https://indomet.gob.do/wp-content/uploads/2026/07/temperaturas-extremas-y-precipitaciones-2026x07x14-a.pdf
2026-07-14,089,VILLA VASQUEZ (EMA),MONTE CRISTI,JUNTA DE REGANTES,EMAI,,,0.0,https://indomet.gob.do/wp-content/uploads/2026/07/temperaturas-extremas-y-precipitaciones-2026x07x14-a.pdf
2026-07-15,001,ELÍAS PIÑA,ELÍAS PIÑA,MINISTERIO DE AGRICULTURA,EMCV,,,2.0,https://indomet.gob.do/wp-content/uploads/2026/07/temperaturas-extremas-y-precipitaciones-2026x07x15-a.pdf
2026-07-15,002,PARQUE MIRADOR SUR,DISTRITO NACIONAL,AYUNTAMIENTO,EMCV,34.0,23.8,0.5,https://indomet.gob.do/wp-content/uploads/2026/07/temperaturas-extremas-y-precipitaciones-2026x07x15-a.pdf
2026-07-15,003,ALTAMIRA,PUERTO PLATA,HOSP. MPAL. DE ALTAMIRA,EMCI,35.4,20.1,0.0,https://indomet.gob.do/wp-content/uploads/2026/07/temperaturas-extremas-y-precipitaciones-2026x07x15-a.pdf
2026-07-15,004,ALTO BANDERA (EMA),LA VEGA,INTEC,EMAP,19.7,9.9,0.0,https://indomet.gob.do/wp-content/uploads/2026/07/temperaturas-extremas-y-precipitaciones-2026x07x15-a.pdf
2026-07-15,005,ANAMUYA (EMA),LA ALTAGRACIA,MINISTERIO DE AGRICULTURA,EMAP,34.3,25.7,0.0,https://indomet.gob.do/wp-content/uploads/2026/07/temperaturas-extremas-y-precipitaciones-2026x07x15-a.pdf
2026-07-15,006,ARPT. ARROYO BARRIL,SAMANÁ,INDOMET,EMCI,32.8,24.8,0.0,https://indomet.gob.do/wp-content/uploads/2026/07/temperaturas-extremas-y-precipitaciones-2026x07x15-a.pdf
2026-07-15,007,ARPT. DE LA ROMANA,LA ROMANA,INDOMET,EMCI,,22.2,0.0,https://indomet.gob.do/wp-content/uploads/2026/07/temperaturas-extremas-y-precipitaciones-2026x07x15-a.pdf
2026-07-15,008,ARPT. DE LAS AMÉRICAS,SANTO DOMINGO,INDOMET,EMCI,34.0,23.5,0.0,https://indomet.gob.do/wp-content/uploads/2026/07/temperaturas-extremas-y-precipitaciones-2026x07x15-a.pdf
2026-07-15,009,ARPT. DE PUNTA CANA,LA ALTAGRACIA,INDOMET,EMCI,32.5,23.6,0.0,https://indomet.gob.do/wp-content/uploads/2026/07/temperaturas-extremas-y-precipitaciones-2026x07x15-a.pdf
2026-07-15,010,ARPT. DEL CIBAO,SANTIAGO,INDOMET,EMCI,34.3,23.6,0.0,https://indomet.gob.do/wp-content/uploads/2026/07/temperaturas-extremas-y-precipitaciones-2026x07x15-a.pdf
2026-07-15,011,ARPT. EL CATEY,SAMANÁ,INDOMET,EMCI,32.0,,0.0,https://indomet.gob.do/wp-content/uploads/2026/07/temperaturas-extremas-y-precipitaciones-2026x07x15-a.pdf
2026-07-15,012,ARPT. GREGORIO LUPERÓN,PUERTO PLATA,INDOMET,EMCI,32.8,24.0,0.0,https://indomet.gob.do/wp-content/uploads/2026/07/temperaturas-extremas-y-precipitaciones-2026x07x15-a.pdf
2026-07-15,013,ARPT. LA ISABELA,SANTO DOMINGO,INDOMET,EMCI,35.5,23.5,0.0,https://indomet.gob.do/wp-content/uploads/2026/07/temperaturas-extremas-y-precipitaciones-2026x07x15-a.pdf
2026-07-15,014,ARPT. MARÍA MONTEZ,BARAHONA,INDOMET,EMCI,32.9,26.4,0.0,https://indomet.gob.do/wp-content/uploads/2026/07/temperaturas-extremas-y-precipitaciones-2026x07x15-a.pdf
2026-07-15,015,ARROYO LORO,SAN JUAN,IDIAF,EMCI,34.2,19.8,0.0,https://indomet.gob.do/wp-content/uploads/2026/07/temperaturas-extremas-y-precipitaciones-2026x07x15-a.pdf
2026-07-15,016,BANI (EMA),PERAVIA,MINISTERIO DE AGRICULTURA,EMAP,32.8,26.1,0.0,https://indomet.gob.do/wp-content/uploads/2026/07/temperaturas-extremas-y-precipitaciones-2026x07x15-a.pdf
2026-07-15,017,BASE AÉREA DE SAN ISIDRO,SANTO DOMINGO,FUERZA AÉREA DOMINICANA,EMCV,32.9,23.2,0.0,https://indomet.gob.do/wp-content/uploads/2026/07/temperaturas-extremas-y-precipitaciones-2026x07x15-a.pdf
2026-07-15,018,BAYAGUANA,MONTE PLATA,INDOMET,EMCI,34.0,22.0,0.0,https://indomet.gob.do/wp-content/uploads/2026/07/temperaturas-extremas-y-precipitaciones-2026x07x15-a.pdf
2026-07-15,019,BELLA VISTA (EMA),DISTRITO NACIONAL,PRIVADA,EMAP,,,0.0,https://indomet.gob.do/wp-content/uploads/2026/07/temperaturas-extremas-y-precipitaciones-2026x07x15-a.pdf
2026-07-15,020,BOCA DE MAO (EMA),VALVERDE,MINISTERIO DE AGRICULTURA,EMAP,36.9,23.0,0.0,https://indomet.gob.do/wp-content/uploads/2026/07/temperaturas-extremas-y-precipitaciones-2026x07x15-a.pdf
2026-07-15,021,BOHECHÍO,SAN JUAN,MINISTERIO DE AGRICULTURA,EMCV,,,0.0,https://indomet.gob.do/wp-content/uploads/2026/07/temperaturas-extremas-y-precipitaciones-2026x07x15-a.pdf
2026-07-15,022,BUCARA (EMA),SANTIAGO,MINISTERIO DE AGRICULTURA,EMAI,,,0.0,https://indomet.gob.do/wp-content/uploads/2026/07/temperaturas-extremas-y-precipitaciones-2026x07x15-a.pdf
2026-07-15,023,CABRAL,BARAHONA,MINISTERIO DE AGRICULTURA,EMCV,34.8,24.7,0.0,https://indomet.gob.do/wp-content/uploads/2026/07/temperaturas-extremas-y-precipitaciones-2026x07x15-a.pdf
2026-07-15,024,CABRERA,MARÍA TRINIDAD SÁNCHEZ,ESCUELA ARÍSTIDES FIALLO CABRAL,EMCI,33.5,27.5,0.0,https://indomet.gob.do/wp-content/uploads/2026/07/temperaturas-extremas-y-precipitaciones-2026x07x15-a.pdf
2026-07-15,025,CENTRO DE LOS HEROES (EMA),DISTRITO NACIONAL,MINISTERIO DE ENERGIA Y MINA,EMAP,33.4,26.3,0.0,https://indomet.gob.do/wp-content/uploads/2026/07/temperaturas-extremas-y-precipitaciones-2026x07x15-a.pdf
2026-07-15,026,CONSTANZA,LA VEGA,MINISTERIO DE AGRICULTURA,EMCI,30.2,9.7,0.0,https://indomet.gob.do/wp-content/uploads/2026/07/temperaturas-extremas-y-precipitaciones-2026x07x15-a.pdf
2026-07-15,027,CONSTANZA (EMA),LA VEGA,PROGRAMA MUNDIAL DE ALIMENTO,EMAP,28.4,11.8,0.0,https://indomet.gob.do/wp-content/uploads/2026/07/temperaturas-extremas-y-precipitaciones-2026x07x15-a.pdf
2026-07-15,028,COTUÍ,SÁNCHEZ RAMÍREZ,HOSP. INMACULADA CONCEPCIÓN,EMCV,,,0.0,https://indomet.gob.do/wp-content/uploads/2026/07/temperaturas-extremas-y-precipitaciones-2026x07x15-a.pdf
2026-07-15,029,DAJABÓN,DAJABÓN,INSTITUTO POLITÉCNICO LOYOLA,EMCI,36.8,24.4,0.0,https://indomet.gob.do/wp-content/uploads/2026/07/temperaturas-extremas-y-precipitaciones-2026x07x15-a.pdf
2026-07-15,030,EL CERCADO,SAN JUAN,MINISTERIO DE AGRICULTURA,EMCV,,,0.0,https://indomet.gob.do/wp-content/uploads/2026/07/temperaturas-extremas-y-precipitaciones-2026x07x15-a.pdf
2026-07-15,031,EL MILLON (EMA),DISTRITO NACIONAL,PRIVADA,EMAP,,,0.0,https://indomet.gob.do/wp-content/uploads/2026/07/temperaturas-extremas-y-precipitaciones-2026x07x15-a.pdf
2026-07-15,032,ENRIQUILLO,BARAHONA,MINISTERIO DE AGRICULTURA,EMCV,33.0,24.3,0.0,https://indomet.gob.do/wp-content/uploads/2026/07/temperaturas-extremas-y-precipitaciones-2026x07x15-a.pdf
2026-07-15,033,ESCONDIDO,PERAVIA,MINISTERIO DE AGRICULTURA,EMCV,33.0,26.0,0.0,https://indomet.gob.do/wp-content/uploads/2026/07/temperaturas-extremas-y-precipitaciones-2026x07x15-a.pdf
2026-07-15,034,GASPAR HERNÁNDEZ,ESPAILLAT,PROPIEDAD DEL EMPLEADO,EMCI,,,0.0,https://indomet.gob.do/wp-content/uploads/2026/07/temperaturas-extremas-y-precipitaciones-2026x07x15-a.pdf
2026-07-15,035,GURABO,SANTIAGO,MINISTERIO DE AGRICULTURA,EMCV,,,0.0,https://indomet.gob.do/wp-content/uploads/2026/07/temperaturas-extremas-y-precipitaciones-2026x07x15-a.pdf
2026-07-15,036,HATO MAYOR,HATO MAYOR,MINISTERIO DE AGRICULTURA,EMCV,,,0.0,https://indomet.gob.do/wp-content/uploads/2026/07/temperaturas-extremas-y-precipitaciones-2026x07x15-a.pdf
2026-07-15,037,HONDO VALLE,ELÍAS PIÑA,MINISTERIO DE AGRICULTURA,EMCI,29.7,18.5,0.0,https://indomet.gob.do/wp-content/uploads/2026/07/temperaturas-extremas-y-precipitaciones-2026x07x15-a.pdf
2026-07-15,038,JARABACOA,LA VEGA,INDRHI / MARENA,EMCI,33.2,16.4,0.0,https://indomet.gob.do/wp-content/uploads/2026/07/temperaturas-extremas-y-precipitaciones-2026x07x15-a.pdf
2026-07-15,039,JARABACOA (EMA),LA VEGA,PROGRAMA MUNDIAL DE ALIMENTO,EMAP,31.4,17.8,0.0,https://indomet.gob.do/wp-content/uploads/2026/07/temperaturas-extremas-y-precipitaciones-2026x07x15-a.pdf
2026-07-15,040,JARDÍN BOTÁNICO NACIONAL,DISTRITO NACIONAL,JARDÍN BOTÁNICO NACIONAL,EMCV,33.1,23.7,0.0,https://indomet.gob.do/wp-content/uploads/2026/07/temperaturas-extremas-y-precipitaciones-2026x07x15-a.pdf
2026-07-15,041,JARDÍN BOTÁNICO SANTIAGO (EMSANTIAGO,,JARDIN BOTANICO SANTIAGO,EMAI,34.9,26.9,0.0,https://indomet.gob.do/wp-content/uploads/2026/07/temperaturas-extremas-y-precipitaciones-2026x07x15-a.pdf
2026-07-15,042,JIMANÍ,INDEPENDENCIA,MINISTERIO DE AGRICULTURA,EMCI,37.0,26.0,0.0,https://indomet.gob.do/wp-content/uploads/2026/07/temperaturas-extremas-y-precipitaciones-2026x07x15-a.pdf
2026-07-15,043,JUMA BEJUCAL,MONSEÑOR NOUEL,IDIAF,EMCV,34.6,22.8,0.0,https://indomet.gob.do/wp-content/uploads/2026/07/temperaturas-extremas-y-precipitaciones-2026x07x15-a.pdf
2026-07-15,044,LA AGUSTINA (EMA),DISTRITO NACIONAL,PRIVADA,EMAP,,,0.0,https://indomet.gob.do/wp-content/uploads/2026/07/temperaturas-extremas-y-precipitaciones-2026x07x15-a.pdf
2026-07-15,045,LA DESCUBIERTA (EMA),INDEPENDENCIA,PRIVADA,EMAP,35.0,25.8,0.0,https://indomet.gob.do/wp-content/uploads/2026/07/temperaturas-extremas-y-precipitaciones-2026x07x15-a.pdf
2026-07-15,046,LA VEGA,LA VEGA,IATESA,EMCI,33.5,22.1,0.0,https://indomet.gob.do/wp-content/uploads/2026/07/temperaturas-extremas-y-precipitaciones-2026x07x15-a.pdf
2026-07-15,047,LA VICTORIA,SANTO DOMINGO,CUERPO DE BOMBEROS,EMCI,34.9,23.2,0.0,https://indomet.gob.do/wp-content/uploads/2026/07/temperaturas-extremas-y-precipitaciones-2026x07x15-a.pdf
2026-07-15,048,LAS CANAS (EMA),MONTE CRISTI,PROGRAMA MUNDIAL DE ALIMENTO,EMAP,30.6,23.4,0.0,https://indomet.gob.do/wp-content/uploads/2026/07/temperaturas-extremas-y-precipitaciones-2026x07x15-a.pdf
2026-07-15,049,LOS CACICAZGOS (EMA),DISTRITO NACIONAL,PRIVADA,EMAP,,,0.0,https://indomet.gob.do/wp-content/uploads/2026/07/temperaturas-extremas-y-precipitaciones-2026x07x15-a.pdf
2026-07-15,050,LOS COCOS (EMA),BAHORUCO,PRIVADA,EMAP,,,0.0,https://indomet.gob.do/wp-content/uploads/2026/07/temperaturas-extremas-y-precipitaciones-2026x07x15-a.pdf
2026-07-15,051,LOS JARDINES (EMA),DISTRITO NACIONAL,PRIVADA,EMAP,,,0.0,https://indomet.gob.do/wp-content/uploads/2026/07/temperaturas-extremas-y-precipitaciones-2026x07x15-a.pdf
2026-07-15,052,LOS JENGIBRES,NAGUA,INDRHI,EMCI,,,0.0,https://indomet.gob.do/wp-content/uploads/2026/07/temperaturas-extremas-y-precipitaciones-2026x07x15-a.pdf
2026-07-15,053,LOS LLANOS,SAN PEDRO DE MACORÍS,MINISTERIO DE AGRICULTURA,EMCI,35.0,22.5,0.0,https://indomet.gob.do/wp-content/uploads/2026/07/temperaturas-extremas-y-precipitaciones-2026x07x15-a.pdf
2026-07-15,054,LOS PRADOS (EMA),DISTRITO NACIONAL,PRIVADA,EMAP,,,0.0,https://indomet.gob.do/wp-content/uploads/2026/07/temperaturas-extremas-y-precipitaciones-2026x07x15-a.pdf
2026-07-15,055,MAO,VALVERDE,INDRHI / MINISTERIO DE AGRICULTURA,EMCV,,,0.0,https://indomet.gob.do/wp-content/uploads/2026/07/temperaturas-extremas-y-precipitaciones-2026x07x15-a.pdf
2026-07-15,056,MICHES (EMA),EL SEIBO,PRIVADA,EMAP,33.7,23.8,0.0,https://indomet.gob.do/wp-content/uploads/2026/07/temperaturas-extremas-y-precipitaciones-2026x07x15-a.pdf
2026-07-15,057,MONCIÓN (EMA),SANTIAGO RODRÍGUEZ,PROGRAMA MUNDIAL DE ALIMENTO,EMAP,33.7,18.3,0.0,https://indomet.gob.do/wp-content/uploads/2026/07/temperaturas-extremas-y-precipitaciones-2026x07x15-a.pdf
2026-07-15,058,MONTE CRISTI,MONTE CRISTI,INDOMET,EMCI,34.5,25.0,0.0,https://indomet.gob.do/wp-content/uploads/2026/07/temperaturas-extremas-y-precipitaciones-2026x07x15-a.pdf
2026-07-15,059,NAVARRETE,SANTIAGO,MINISTERIO DE AGRICULTURA,EMCV,,,0.0,https://indomet.gob.do/wp-content/uploads/2026/07/temperaturas-extremas-y-precipitaciones-2026x07x15-a.pdf
2026-07-15,060,OLIVARES,PEDERNALES,INDRHI,EMCI,,,0.0,https://indomet.gob.do/wp-content/uploads/2026/07/temperaturas-extremas-y-precipitaciones-2026x07x15-a.pdf
2026-07-15,061,OVIEDO,PEDERNALES,CLÍNICA RURAL OVIEDO,EMCI,32.5,24.0,0.0,https://indomet.gob.do/wp-content/uploads/2026/07/temperaturas-extremas-y-precipitaciones-2026x07x15-a.pdf
2026-07-15,062,PADRE LAS CASAS,AZUA,HOSP. NTRA. SRA. DEL CARMEN,EMCI,33.0,19.5,0.0,https://indomet.gob.do/wp-content/uploads/2026/07/temperaturas-extremas-y-precipitaciones-2026x07x15-a.pdf
2026-07-15,063,PALO ÍNDIO,PUERTO PLATA,MINISTERIO DE AGRICULTURA,EMCI,,,0.0,https://indomet.gob.do/wp-content/uploads/2026/07/temperaturas-extremas-y-precipitaciones-2026x07x15-a.pdf
2026-07-15,064,PASO AL MEDIO,SAN PEDRO DE MACORÍS,INDRHI,EMCI,,,0.0,https://indomet.gob.do/wp-content/uploads/2026/07/temperaturas-extremas-y-precipitaciones-2026x07x15-a.pdf
2026-07-15,065,PEDERNALES,PEDERNALES,INDRHI,EMCI,,,0.0,https://indomet.gob.do/wp-content/uploads/2026/07/temperaturas-extremas-y-precipitaciones-2026x07x15-a.pdf
2026-07-15,066,PERALTA,AZUA,HOSP. MPAL. DE PERALTA,EMCI,31.5,19.0,0.0,https://indomet.gob.do/wp-content/uploads/2026/07/temperaturas-extremas-y-precipitaciones-2026x07x15-a.pdf
2026-07-15,067,POLO,BARAHONA,INDOCAFE,EMCI,29.5,17.2,0.0,https://indomet.gob.do/wp-content/uploads/2026/07/temperaturas-extremas-y-precipitaciones-2026x07x15-a.pdf
2026-07-15,068,PONTÓN ABAJO (EMA),LA VEGA,MINISTERIO DE AGRICULTURA,EMAP,35.8,23.4,0.0,https://indomet.gob.do/wp-content/uploads/2026/07/temperaturas-extremas-y-precipitaciones-2026x07x15-a.pdf
2026-07-15,069,PRESA DE TAVERAS (EMA),LA VEGA,PROGRAMA MUNDIAL DE ALIMENTO,EMAP,31.8,21.1,0.0,https://indomet.gob.do/wp-content/uploads/2026/07/temperaturas-extremas-y-precipitaciones-2026x07x15-a.pdf
2026-07-15,070,PROLONGACION 27 DE FEBRERO,DISTRITO NACIONAL,PRIVADA,EMAP,,,0.0,https://indomet.gob.do/wp-content/uploads/2026/07/temperaturas-extremas-y-precipitaciones-2026x07x15-a.pdf
2026-07-15,071,RANCHO ARRIBA,SAN JOSÉ DE OCOA,CENTRO TECNOLÓGICO COMUNITARIO,EMCI,30.0,15.5,0.0,https://indomet.gob.do/wp-content/uploads/2026/07/temperaturas-extremas-y-precipitaciones-2026x07x15-a.pdf
2026-07-15,072,RESTAURACIÓN,DAJABÓN,MINISTERIO DE AGRICULTURA,EMCI,33.2,18.5,0.0,https://indomet.gob.do/wp-content/uploads/2026/07/temperaturas-extremas-y-precipitaciones-2026x07x15-a.pdf
2026-07-15,073,RÍO SAN JUAN,MARÍA TRINIDAD SÁNCHEZ,HOSP. MPAL. DR. DESIDERIO ACOSTA,EMCV,34.6,23.5,0.0,https://indomet.gob.do/wp-content/uploads/2026/07/temperaturas-extremas-y-precipitaciones-2026x07x15-a.pdf
2026-07-15,074,SABANA DE LA MAR,HATO MAYOR,INDOMET,EMCI,31.6,23.0,0.0,https://indomet.gob.do/wp-content/uploads/2026/07/temperaturas-extremas-y-precipitaciones-2026x07x15-a.pdf
2026-07-15,075,SABANA GRANDE DE BOYÁ,MONTE PLATA,MINISTERIO DE AGRICULTURA,EMCV,,,0.0,https://indomet.gob.do/wp-content/uploads/2026/07/temperaturas-extremas-y-precipitaciones-2026x07x15-a.pdf
2026-07-15,076,SABANETA (EMA),SANTIAGO RODRÍGUEZ,PROGRAMA MUNDIAL DE ALIMENTO,EMAP,37.6,21.6,0.0,https://indomet.gob.do/wp-content/uploads/2026/07/temperaturas-extremas-y-precipitaciones-2026x07x15-a.pdf
2026-07-15,077,SAJOMA (EMA),SANTIAGO,PLAN SIERRA,EMAI,32.0,23.3,0.0,https://indomet.gob.do/wp-content/uploads/2026/07/temperaturas-extremas-y-precipitaciones-2026x07x15-a.pdf
2026-07-15,078,SALCEDO,HERMANAS MIRABAL,PROPIEDAD DEL EMPLEADO,EMCI,,,0.0,https://indomet.gob.do/wp-content/uploads/2026/07/temperaturas-extremas-y-precipitaciones-2026x07x15-a.pdf
2026-07-15,079,SAMANÁ,SAMANÁ,COMANDANCIA DE PUERTO DE SAMANÁ,EMCI,34.4,18.0,0.0,https://indomet.gob.do/wp-content/uploads/2026/07/temperaturas-extremas-y-precipitaciones-2026x07x15-a.pdf
2026-07-15,080,SAN CRISTÓBAL,SAN CRISTÓBAL,INSTITUTO POLITÉCNICO LOYOLA,EMCI,33.5,21.0,0.0,https://indomet.gob.do/wp-content/uploads/2026/07/temperaturas-extremas-y-precipitaciones-2026x07x15-a.pdf
2026-07-15,081,SAN FRANCISCO DE MACORÍS,DUARTE,San Francisco de Macorís (UASD),EMCI,33.7,23.9,0.0,https://indomet.gob.do/wp-content/uploads/2026/07/temperaturas-extremas-y-precipitaciones-2026x07x15-a.pdf
2026-07-15,082,SAN JOSÉ DE OCOA,SAN JOSÉ DE OCOA,HOSP. SAN JOSÉ DE OCOA,EMCI,34.2,21.3,0.0,https://indomet.gob.do/wp-content/uploads/2026/07/temperaturas-extremas-y-precipitaciones-2026x07x15-a.pdf
2026-07-15,083,SAN RAFAEL DEL YUMA,LA ALTAGRACIA,MINISTERIO DE AGRICULTURA,EMCI,35.8,24.6,0.0,https://indomet.gob.do/wp-content/uploads/2026/07/temperaturas-extremas-y-precipitaciones-2026x07x15-a.pdf
2026-07-15,084,SÁNCHEZ,SAMANÁ,MINISTERIO DE AGRICULTURA,EMCI,32.5,23.4,0.0,https://indomet.gob.do/wp-content/uploads/2026/07/temperaturas-extremas-y-precipitaciones-2026x07x15-a.pdf
2026-07-15,085,SANTIAGO RODRÍGUEZ,SANTIAGO RODRÍGUEZ,INDOMET,EMCI,37.2,22.1,0.0,https://indomet.gob.do/wp-content/uploads/2026/07/temperaturas-extremas-y-precipitaciones-2026x07x15-a.pdf
2026-07-15,086,SANTO DOMINGO ESTE,SANTO DOMINGO,INDOMET,EMCI,33.5,25.5,0.0,https://indomet.gob.do/wp-content/uploads/2026/07/temperaturas-extremas-y-precipitaciones-2026x07x15-a.pdf
2026-07-15,087,TÁBARA ABAJO,AZUA,INDRHI,EMCI,35.5,22.0,0.0,https://indomet.gob.do/wp-content/uploads/2026/07/temperaturas-extremas-y-precipitaciones-2026x07x15-a.pdf
2026-07-15,088,TAVERA,SANTIAGO,INDRHI,EMCI,,,0.0,https://indomet.gob.do/wp-content/uploads/2026/07/temperaturas-extremas-y-precipitaciones-2026x07x15-a.pdf
2026-07-15,089,VILLA ALTAGRACIA,SAN CRISTÓBAL,ESCUELA JAVIER ANGULO GURIDI,EMCI,,,0.0,https://indomet.gob.do/wp-content/uploads/2026/07/temperaturas-extremas-y-precipitaciones-2026x07x15-a.pdf
2026-07-15,090,VILLA GONZALES,SANTIAGO,MINISTERIO DE AGRICULTURA,EMCI,,,0.0,https://indomet.gob.do/wp-content/uploads/2026/07/temperaturas-extremas-y-precipitaciones-2026x07x15-a.pdf
2026-07-15,091,VILLA ISABELA,PUERTO PLATA,MINISTERIO DE AGRICULTURA,EMCV,33.5,20.5,0.0,https://indomet.gob.do/wp-content/uploads/2026/07/temperaturas-extremas-y-precipitaciones-2026x07x15-a.pdf
2026-07-15,092,VILLA RIVA,DUARTE,HOSP. MPAL. ALICIA DE LEGENDRE,EMCI,33.7,22.5,0.0,https://indomet.gob.do/wp-content/uploads/2026/07/temperaturas-extremas-y-precipitaciones-2026x07x15-a.pdf
2026-07-15,093,VILLA VASQUEZ (EMA),MONTE CRISTI,JUNTA DE REGANTES,EMAI,,,0.0,https://indomet.gob.do/wp-content/uploads/2026/07/temperaturas-extremas-y-precipitaciones-2026x07x15-a.pdf
2026-07-16,001,HONDO VALLE,ELÍAS PIÑA,MINISTERIO DE AGRICULTURA,EMCI,29.2,18.0,13.5,https://indomet.gob.do/wp-content/uploads/2026/07/temperaturas-extremas-y-precipitaciones-2026x07x16-b.pdf
2026-07-16,002,ARPT. DE PUNTA CANA,LA ALTAGRACIA,INDOMET,EMCI,32.6,24.0,11.2,https://indomet.gob.do/wp-content/uploads/2026/07/temperaturas-extremas-y-precipitaciones-2026x07x16-b.pdf
2026-07-16,003,BAYAGUANA,MONTE PLATA,INDOMET,EMCI,35.0,21.8,7.1,https://indomet.gob.do/wp-content/uploads/2026/07/temperaturas-extremas-y-precipitaciones-2026x07x16-b.pdf
2026-07-16,004,LA VEGA,LA VEGA,IATESA,EMCI,34.8,23.8,5.9,https://indomet.gob.do/wp-content/uploads/2026/07/temperaturas-extremas-y-precipitaciones-2026x07x16-b.pdf
2026-07-16,005,SABANA DE LA MAR,HATO MAYOR,INDOMET,EMCI,32.0,23.6,5.1,https://indomet.gob.do/wp-content/uploads/2026/07/temperaturas-extremas-y-precipitaciones-2026x07x16-b.pdf
2026-07-16,006,VILLA RIVA,DUARTE,HOSP. MPAL. ALICIA DE LEGENDRE,EMCI,33.0,23.3,4.6,https://indomet.gob.do/wp-content/uploads/2026/07/temperaturas-extremas-y-precipitaciones-2026x07x16-b.pdf
2026-07-16,007,ARPT. DE LA ROMANA,LA ROMANA,INDOMET,EMCI,35.5,22.9,2.4,https://indomet.gob.do/wp-content/uploads/2026/07/temperaturas-extremas-y-precipitaciones-2026x07x16-b.pdf
2026-07-16,008,ELÍAS PIÑA,ELÍAS PIÑA,MINISTERIO DE AGRICULTURA,EMCV,,,2.0,https://indomet.gob.do/wp-content/uploads/2026/07/temperaturas-extremas-y-precipitaciones-2026x07x16-b.pdf
2026-07-16,009,VILLA VASQUEZ (EMA),MONTE CRISTI,JUNTA DE REGANTES,EMAI,,,1.9,https://indomet.gob.do/wp-content/uploads/2026/07/temperaturas-extremas-y-precipitaciones-2026x07x16-b.pdf
2026-07-16,010,SAN RAFAEL DEL YUMA,LA ALTAGRACIA,MINISTERIO DE AGRICULTURA,EMCI,36.0,23.3,1.4,https://indomet.gob.do/wp-content/uploads/2026/07/temperaturas-extremas-y-precipitaciones-2026x07x16-b.pdf
2026-07-16,011,CONSTANZA,LA VEGA,MINISTERIO DE AGRICULTURA,EMCI,27.8,12.5,1.2,https://indomet.gob.do/wp-content/uploads/2026/07/temperaturas-extremas-y-precipitaciones-2026x07x16-b.pdf
2026-07-16,012,POLO,BARAHONA,INDOCAFE,EMCI,29.0,19.5,0.9,https://indomet.gob.do/wp-content/uploads/2026/07/temperaturas-extremas-y-precipitaciones-2026x07x16-b.pdf
2026-07-16,013,SABANETA (EMA),SANTIAGO RODRÍGUEZ,PROGRAMA MUNDIAL DE ALIMENTO,EMAP,37.4,23.8,0.8,https://indomet.gob.do/wp-content/uploads/2026/07/temperaturas-extremas-y-precipitaciones-2026x07x16-b.pdf
2026-07-16,014,ANAMUYA (EMA),LA ALTAGRACIA,MINISTERIO DE AGRICULTURA,EMAP,34.8,24.6,0.8,https://indomet.gob.do/wp-content/uploads/2026/07/temperaturas-extremas-y-precipitaciones-2026x07x16-b.pdf
2026-07-16,015,TAVERA,SANTIAGO,INDRHI,EMCI,,,0.8,https://indomet.gob.do/wp-content/uploads/2026/07/temperaturas-extremas-y-precipitaciones-2026x07x16-b.pdf
2026-07-16,016,LOS JENGIBRES,NAGUA,INDRHI,EMCI,,,0.5,https://indomet.gob.do/wp-content/uploads/2026/07/temperaturas-extremas-y-precipitaciones-2026x07x16-b.pdf
2026-07-16,017,RANCHO ARRIBA,SAN JOSÉ DE OCOA,CENTRO TECNOLÓGICO COMUNITARIO,EMCI,31.6,19.2,0.4,https://indomet.gob.do/wp-content/uploads/2026/07/temperaturas-extremas-y-precipitaciones-2026x07x16-b.pdf
2026-07-16,018,SAMANÁ,SAMANÁ,COMANDANCIA DE PUERTO DE SAMANÁ,EMCI,34.4,19.9,0.4,https://indomet.gob.do/wp-content/uploads/2026/07/temperaturas-extremas-y-precipitaciones-2026x07x16-b.pdf
2026-07-16,019,CONSTANZA (EMA),LA VEGA,PROGRAMA MUNDIAL DE ALIMENTO,EMAP,27.1,14.7,0.2,https://indomet.gob.do/wp-content/uploads/2026/07/temperaturas-extremas-y-precipitaciones-2026x07x16-b.pdf
2026-07-16,020,ARPT. DEL CIBAO,SANTIAGO,INDOMET,EMCI,34.0,22.0,0.2,https://indomet.gob.do/wp-content/uploads/2026/07/temperaturas-extremas-y-precipitaciones-2026x07x16-b.pdf
2026-07-16,021,JARABACOA,LA VEGA,INDRHI / MARENA,EMCI,32.4,16.2,0.1,https://indomet.gob.do/wp-content/uploads/2026/07/temperaturas-extremas-y-precipitaciones-2026x07x16-b.pdf
2026-07-16,022,OVIEDO,PEDERNALES,CLÍNICA RURAL OVIEDO,EMCI,32.2,23.5,0.1,https://indomet.gob.do/wp-content/uploads/2026/07/temperaturas-extremas-y-precipitaciones-2026x07x16-b.pdf
2026-07-16,023,SALCEDO,HERMANAS MIRABAL,PROPIEDAD DEL EMPLEADO,EMCI,,,0.1,https://indomet.gob.do/wp-content/uploads/2026/07/temperaturas-extremas-y-precipitaciones-2026x07x16-b.pdf
2026-07-16,024,ALTO BANDERA (EMA),LA VEGA,INTEC,EMAP,19.9,8.4,0.0,https://indomet.gob.do/wp-content/uploads/2026/07/temperaturas-extremas-y-precipitaciones-2026x07x16-b.pdf
2026-07-16,025,PERALTA,AZUA,HOSP. MPAL. DE PERALTA,EMCI,32.7,18.1,0.0,https://indomet.gob.do/wp-content/uploads/2026/07/temperaturas-extremas-y-precipitaciones-2026x07x16-b.pdf
2026-07-16,026,RESTAURACIÓN,DAJABÓN,MINISTERIO DE AGRICULTURA,EMCI,33.9,19.0,0.0,https://indomet.gob.do/wp-content/uploads/2026/07/temperaturas-extremas-y-precipitaciones-2026x07x16-b.pdf
2026-07-16,027,JARABACOA (EMA),LA VEGA,PROGRAMA MUNDIAL DE ALIMENTO,EMAP,31.9,19.1,0.0,https://indomet.gob.do/wp-content/uploads/2026/07/temperaturas-extremas-y-precipitaciones-2026x07x16-b.pdf
2026-07-16,028,ARROYO LORO,SAN JUAN,IDIAF,EMCI,35.0,19.2,0.0,https://indomet.gob.do/wp-content/uploads/2026/07/temperaturas-extremas-y-precipitaciones-2026x07x16-b.pdf
2026-07-16,029,PADRE LAS CASAS,AZUA,HOSP. NTRA. SRA. DEL CARMEN,EMCI,34.0,20.0,0.0,https://indomet.gob.do/wp-content/uploads/2026/07/temperaturas-extremas-y-precipitaciones-2026x07x16-b.pdf
2026-07-16,030,MONCIÓN (EMA),SANTIAGO RODRÍGUEZ,PROGRAMA MUNDIAL DE ALIMENTO,EMAP,33.9,20.8,0.0,https://indomet.gob.do/wp-content/uploads/2026/07/temperaturas-extremas-y-precipitaciones-2026x07x16-b.pdf
2026-07-16,031,ALTAMIRA,PUERTO PLATA,HOSP. MPAL. DE ALTAMIRA,EMCI,34.4,21.0,0.0,https://indomet.gob.do/wp-content/uploads/2026/07/temperaturas-extremas-y-precipitaciones-2026x07x16-b.pdf
2026-07-16,032,TÁBARA ABAJO,AZUA,INDRHI,EMCI,33.5,21.0,0.0,https://indomet.gob.do/wp-content/uploads/2026/07/temperaturas-extremas-y-precipitaciones-2026x07x16-b.pdf
2026-07-16,033,VILLA ISABELA,PUERTO PLATA,MINISTERIO DE AGRICULTURA,EMCV,33.8,21.5,0.0,https://indomet.gob.do/wp-content/uploads/2026/07/temperaturas-extremas-y-precipitaciones-2026x07x16-b.pdf
2026-07-16,034,SAN FRANCISCO DE MACORÍS,DUARTE,San Francisco de Macorís (UASD),EMCI,34.7,22.0,0.0,https://indomet.gob.do/wp-content/uploads/2026/07/temperaturas-extremas-y-precipitaciones-2026x07x16-b.pdf
2026-07-16,035,PRESA DE TAVERAS (EMA),LA VEGA,PROGRAMA MUNDIAL DE ALIMENTO,EMAP,32.7,22.5,0.0,https://indomet.gob.do/wp-content/uploads/2026/07/temperaturas-extremas-y-precipitaciones-2026x07x16-b.pdf
2026-07-16,036,DAJABÓN,DAJABÓN,INSTITUTO POLITÉCNICO LOYOLA,EMCI,37.0,23.2,0.0,https://indomet.gob.do/wp-content/uploads/2026/07/temperaturas-extremas-y-precipitaciones-2026x07x16-b.pdf
2026-07-16,037,MICHES (EMA),EL SEIBO,PRIVADA,EMAP,35.1,23.2,0.0,https://indomet.gob.do/wp-content/uploads/2026/07/temperaturas-extremas-y-precipitaciones-2026x07x16-b.pdf
2026-07-16,038,ARPT. DE LAS AMÉRICAS,SANTO DOMINGO,INDOMET,EMCI,34.2,23.3,0.0,https://indomet.gob.do/wp-content/uploads/2026/07/temperaturas-extremas-y-precipitaciones-2026x07x16-b.pdf
2026-07-16,039,ARPT. LA ISABELA,SANTO DOMINGO,INDOMET,EMCI,34.8,23.5,0.0,https://indomet.gob.do/wp-content/uploads/2026/07/temperaturas-extremas-y-precipitaciones-2026x07x16-b.pdf
2026-07-16,040,LOS LLANOS,SAN PEDRO DE MACORÍS,MINISTERIO DE AGRICULTURA,EMCI,34.9,23.5,0.0,https://indomet.gob.do/wp-content/uploads/2026/07/temperaturas-extremas-y-precipitaciones-2026x07x16-b.pdf
2026-07-16,041,SAN CRISTÓBAL,SAN CRISTÓBAL,INSTITUTO POLITÉCNICO LOYOLA,EMCI,33.6,23.5,0.0,https://indomet.gob.do/wp-content/uploads/2026/07/temperaturas-extremas-y-precipitaciones-2026x07x16-b.pdf
2026-07-16,042,ARPT. GREGORIO LUPERÓN,PUERTO PLATA,INDOMET,EMCI,32.6,23.8,0.0,https://indomet.gob.do/wp-content/uploads/2026/07/temperaturas-extremas-y-precipitaciones-2026x07x16-b.pdf
2026-07-16,043,LA DESCUBIERTA (EMA),INDEPENDENCIA,PRIVADA,EMAP,34.8,23.8,0.0,https://indomet.gob.do/wp-content/uploads/2026/07/temperaturas-extremas-y-precipitaciones-2026x07x16-b.pdf
2026-07-16,044,SAN JOSÉ DE OCOA,SAN JOSÉ DE OCOA,HOSP. SAN JOSÉ DE OCOA,EMCI,34.6,24.2,0.0,https://indomet.gob.do/wp-content/uploads/2026/07/temperaturas-extremas-y-precipitaciones-2026x07x16-b.pdf
2026-07-16,045,LAS CANAS (EMA),MONTE CRISTI,PROGRAMA MUNDIAL DE ALIMENTO,EMAP,30.0,24.4,0.0,https://indomet.gob.do/wp-content/uploads/2026/07/temperaturas-extremas-y-precipitaciones-2026x07x16-b.pdf
2026-07-16,046,LA VICTORIA,SANTO DOMINGO,CUERPO DE BOMBEROS,EMCI,34.5,24.5,0.0,https://indomet.gob.do/wp-content/uploads/2026/07/temperaturas-extremas-y-precipitaciones-2026x07x16-b.pdf
2026-07-16,047,JUMA BEJUCAL,MONSEÑOR NOUEL,IDIAF,EMCV,35.0,24.6,0.0,https://indomet.gob.do/wp-content/uploads/2026/07/temperaturas-extremas-y-precipitaciones-2026x07x16-b.pdf
2026-07-16,048,SANTIAGO RODRÍGUEZ,SANTIAGO RODRÍGUEZ,INDOMET,EMCI,37.3,24.6,0.0,https://indomet.gob.do/wp-content/uploads/2026/07/temperaturas-extremas-y-precipitaciones-2026x07x16-b.pdf
2026-07-16,049,ARPT. ARROYO BARRIL,SAMANÁ,INDOMET,EMCI,32.8,24.7,0.0,https://indomet.gob.do/wp-content/uploads/2026/07/temperaturas-extremas-y-precipitaciones-2026x07x16-b.pdf
2026-07-16,050,MONTE CRISTI,MONTE CRISTI,INDOMET,EMCI,34.7,24.7,0.0,https://indomet.gob.do/wp-content/uploads/2026/07/temperaturas-extremas-y-precipitaciones-2026x07x16-b.pdf
2026-07-16,051,PONTÓN ABAJO (EMA),LA VEGA,MINISTERIO DE AGRICULTURA,EMAP,35.5,24.7,0.0,https://indomet.gob.do/wp-content/uploads/2026/07/temperaturas-extremas-y-precipitaciones-2026x07x16-b.pdf
2026-07-16,052,RÍO SAN JUAN,MARÍA TRINIDAD SÁNCHEZ,HOSP. MPAL. DR. DESIDERIO ACOSTA,EMCV,34.0,24.7,0.0,https://indomet.gob.do/wp-content/uploads/2026/07/temperaturas-extremas-y-precipitaciones-2026x07x16-b.pdf
2026-07-16,053,SAJOMA (EMA),SANTIAGO,PLAN SIERRA,EMAI,32.4,24.7,0.0,https://indomet.gob.do/wp-content/uploads/2026/07/temperaturas-extremas-y-precipitaciones-2026x07x16-b.pdf
2026-07-16,054,ENRIQUILLO,BARAHONA,MINISTERIO DE AGRICULTURA,EMCV,33.4,24.8,0.0,https://indomet.gob.do/wp-content/uploads/2026/07/temperaturas-extremas-y-precipitaciones-2026x07x16-b.pdf
2026-07-16,055,BASE AÉREA DE SAN ISIDRO,SANTO DOMINGO,FUERZA AÉREA DOMINICANA,EMCV,31.0,25.0,0.0,https://indomet.gob.do/wp-content/uploads/2026/07/temperaturas-extremas-y-precipitaciones-2026x07x16-b.pdf
2026-07-16,056,BANI (EMA),PERAVIA,MINISTERIO DE AGRICULTURA,EMAP,34.8,25.4,0.0,https://indomet.gob.do/wp-content/uploads/2026/07/temperaturas-extremas-y-precipitaciones-2026x07x16-b.pdf
2026-07-16,057,SANTO DOMINGO ESTE,SANTO DOMINGO,INDOMET,EMCI,35.7,25.4,0.0,https://indomet.gob.do/wp-content/uploads/2026/07/temperaturas-extremas-y-precipitaciones-2026x07x16-b.pdf
2026-07-16,058,BOCA DE MAO (EMA),VALVERDE,MINISTERIO DE AGRICULTURA,EMAP,37.2,25.5,0.0,https://indomet.gob.do/wp-content/uploads/2026/07/temperaturas-extremas-y-precipitaciones-2026x07x16-b.pdf
2026-07-16,059,CABRAL,BARAHONA,MINISTERIO DE AGRICULTURA,EMCV,34.8,25.6,0.0,https://indomet.gob.do/wp-content/uploads/2026/07/temperaturas-extremas-y-precipitaciones-2026x07x16-b.pdf
2026-07-16,060,ARPT. MARÍA MONTEZ,BARAHONA,INDOMET,EMCI,34.0,26.0,0.0,https://indomet.gob.do/wp-content/uploads/2026/07/temperaturas-extremas-y-precipitaciones-2026x07x16-b.pdf
2026-07-16,061,ESCONDIDO,PERAVIA,MINISTERIO DE AGRICULTURA,EMCV,33.0,26.0,0.0,https://indomet.gob.do/wp-content/uploads/2026/07/temperaturas-extremas-y-precipitaciones-2026x07x16-b.pdf
2026-07-16,062,JIMANÍ,INDEPENDENCIA,MINISTERIO DE AGRICULTURA,EMCI,37.0,26.0,0.0,https://indomet.gob.do/wp-content/uploads/2026/07/temperaturas-extremas-y-precipitaciones-2026x07x16-b.pdf
2026-07-16,063,JARDÍN BOTÁNICO SANTIAGO (EMSANTIAGO,,JARDIN BOTANICO SANTIAGO,EMAI,34.6,26.6,0.0,https://indomet.gob.do/wp-content/uploads/2026/07/temperaturas-extremas-y-precipitaciones-2026x07x16-b.pdf
2026-07-16,064,CENTRO DE LOS HEROES (EMA),DISTRITO NACIONAL,MINISTERIO DE ENERGIA Y MINA,EMAP,32.8,26.9,0.0,https://indomet.gob.do/wp-content/uploads/2026/07/temperaturas-extremas-y-precipitaciones-2026x07x16-b.pdf
2026-07-16,065,CABRERA,MARÍA TRINIDAD SÁNCHEZ,ESCUELA ARÍSTIDES FIALLO CABRAL,EMCI,33.7,28.0,0.0,https://indomet.gob.do/wp-content/uploads/2026/07/temperaturas-extremas-y-precipitaciones-2026x07x16-b.pdf
2026-07-16,066,SÁNCHEZ,SAMANÁ,MINISTERIO DE AGRICULTURA,EMCI,33.3,28.7,0.0,https://indomet.gob.do/wp-content/uploads/2026/07/temperaturas-extremas-y-precipitaciones-2026x07x16-b.pdf
2026-07-16,067,ARPT. EL CATEY,SAMANÁ,INDOMET,EMCI,30.0,,0.0,https://indomet.gob.do/wp-content/uploads/2026/07/temperaturas-extremas-y-precipitaciones-2026x07x16-b.pdf
2026-07-16,068,BELLA VISTA (EMA),DISTRITO NACIONAL,PRIVADA,EMAP,,,0.0,https://indomet.gob.do/wp-content/uploads/2026/07/temperaturas-extremas-y-precipitaciones-2026x07x16-b.pdf
2026-07-16,069,BONAO,MONSEÑOR NOUEL,MINISTERIO DE AGRICULTURA,EMCV,,,0.0,https://indomet.gob.do/wp-content/uploads/2026/07/temperaturas-extremas-y-precipitaciones-2026x07x16-b.pdf
2026-07-16,070,BUCARA (EMA),SANTIAGO,MINISTERIO DE AGRICULTURA,EMAI,,,0.0,https://indomet.gob.do/wp-content/uploads/2026/07/temperaturas-extremas-y-precipitaciones-2026x07x16-b.pdf
2026-07-16,071,EL MILLON (EMA),DISTRITO NACIONAL,PRIVADA,EMAP,,,0.0,https://indomet.gob.do/wp-content/uploads/2026/07/temperaturas-extremas-y-precipitaciones-2026x07x16-b.pdf
2026-07-16,072,ENSANCHE LA FE (EMA),DISTRITO NACIONAL,PRIVADA,EMAP,,,0.0,https://indomet.gob.do/wp-content/uploads/2026/07/temperaturas-extremas-y-precipitaciones-2026x07x16-b.pdf
2026-07-16,073,GASPAR HERNÁNDEZ,ESPAILLAT,PROPIEDAD DEL EMPLEADO,EMCI,,,0.0,https://indomet.gob.do/wp-content/uploads/2026/07/temperaturas-extremas-y-precipitaciones-2026x07x16-b.pdf
2026-07-16,074,GURABO,SANTIAGO,MINISTERIO DE AGRICULTURA,EMCV,,,0.0,https://indomet.gob.do/wp-content/uploads/2026/07/temperaturas-extremas-y-precipitaciones-2026x07x16-b.pdf
2026-07-16,075,HATO MAYOR,HATO MAYOR,MINISTERIO DE AGRICULTURA,EMCV,,,0.0,https://indomet.gob.do/wp-content/uploads/2026/07/temperaturas-extremas-y-precipitaciones-2026x07x16-b.pdf
2026-07-16,076,LA AGUSTINA (EMA),DISTRITO NACIONAL,PRIVADA,EMAP,,,0.0,https://indomet.gob.do/wp-content/uploads/2026/07/temperaturas-extremas-y-precipitaciones-2026x07x16-b.pdf
2026-07-16,077,LOS CACICAZGOS (EMA),DISTRITO NACIONAL,PRIVADA,EMAP,,,0.0,https://indomet.gob.do/wp-content/uploads/2026/07/temperaturas-extremas-y-precipitaciones-2026x07x16-b.pdf
2026-07-16,078,LOS COCOS (EMA),BAHORUCO,PRIVADA,EMAP,,,0.0,https://indomet.gob.do/wp-content/uploads/2026/07/temperaturas-extremas-y-precipitaciones-2026x07x16-b.pdf
2026-07-16,079,LOS JARDINES (EMA),DISTRITO NACIONAL,PRIVADA,EMAP,,,0.0,https://indomet.gob.do/wp-content/uploads/2026/07/temperaturas-extremas-y-precipitaciones-2026x07x16-b.pdf
2026-07-16,080,LOS PRADOS (EMA),DISTRITO NACIONAL,PRIVADA,EMAP,,,0.0,https://indomet.gob.do/wp-content/uploads/2026/07/temperaturas-extremas-y-precipitaciones-2026x07x16-b.pdf
2026-07-16,081,MAO,VALVERDE,INDRHI / MINISTERIO DE AGRICULTURA,EMCV,,,0.0,https://indomet.gob.do/wp-content/uploads/2026/07/temperaturas-extremas-y-precipitaciones-2026x07x16-b.pdf
2026-07-16,082,NAVARRETE,SANTIAGO,MINISTERIO DE AGRICULTURA,EMCV,,,0.0,https://indomet.gob.do/wp-content/uploads/2026/07/temperaturas-extremas-y-precipitaciones-2026x07x16-b.pdf
2026-07-16,083,OLIVARES,PEDERNALES,INDRHI,EMCI,,,0.0,https://indomet.gob.do/wp-content/uploads/2026/07/temperaturas-extremas-y-precipitaciones-2026x07x16-b.pdf
2026-07-16,084,PALO ÍNDIO,PUERTO PLATA,MINISTERIO DE AGRICULTURA,EMCI,,,0.0,https://indomet.gob.do/wp-content/uploads/2026/07/temperaturas-extremas-y-precipitaciones-2026x07x16-b.pdf
2026-07-16,085,PASO AL MEDIO,SAN PEDRO DE MACORÍS,INDRHI,EMCI,,,0.0,https://indomet.gob.do/wp-content/uploads/2026/07/temperaturas-extremas-y-precipitaciones-2026x07x16-b.pdf
2026-07-16,086,PEDERNALES,PEDERNALES,INDRHI,EMCI,,,0.0,https://indomet.gob.do/wp-content/uploads/2026/07/temperaturas-extremas-y-precipitaciones-2026x07x16-b.pdf
2026-07-16,087,PROLONGACION 27 DE FEBRERO,DISTRITO NACIONAL,PRIVADA,EMAP,,,0.0,https://indomet.gob.do/wp-content/uploads/2026/07/temperaturas-extremas-y-precipitaciones-2026x07x16-b.pdf
2026-07-16,088,SABANA GRANDE DE BOYÁ,MONTE PLATA,MINISTERIO DE AGRICULTURA,EMCV,,,0.0,https://indomet.gob.do/wp-content/uploads/2026/07/temperaturas-extremas-y-precipitaciones-2026x07x16-b.pdf
2026-07-16,089,VILLA ALTAGRACIA,SAN CRISTÓBAL,ESCUELA JAVIER ANGULO GURIDI,EMCI,,,0.0,https://indomet.gob.do/wp-content/uploads/2026/07/temperaturas-extremas-y-precipitaciones-2026x07x16-b.pdf
2026-07-16,090,VILLA GONZALES,SANTIAGO,MINISTERIO DE AGRICULTURA,EMCI,,,0.0,https://indomet.gob.do/wp-content/uploads/2026/07/temperaturas-extremas-y-precipitaciones-2026x07x16-b.pdf
2026-07-16,091,COTUÍ,SÁNCHEZ RAMÍREZ,HOSP. INMACULADA CONCEPCIÓN,EMCV,,,0.0,https://indomet.gob.do/wp-content/uploads/2026/07/temperaturas-extremas-y-precipitaciones-2026x07x16-b.pdf
2026-07-16,092,EL CERCADO,SAN JUAN,MINISTERIO DE AGRICULTURA,EMCV,,,0.0,https://indomet.gob.do/wp-content/uploads/2026/07/temperaturas-extremas-y-precipitaciones-2026x07x16-b.pdf
2026-07-17,001,ESCONDIDO,PERAVIA,MINISTERIO DE AGRICULTURA,EMCV,33.0,25.0,7.1,https://indomet.gob.do/wp-content/uploads/2026/07/temperaturas-extremas-y-precipitaciones-2026x07x17-a.pdf
2026-07-17,002,ANAMUYA (EMA),LA ALTAGRACIA,MINISTERIO DE AGRICULTURA,EMAP,34.1,25.4,5.8,https://indomet.gob.do/wp-content/uploads/2026/07/temperaturas-extremas-y-precipitaciones-2026x07x17-a.pdf
2026-07-17,003,VILLA VASQUEZ (EMA),MONTE CRISTI,JUNTA DE REGANTES,EMAI,,,2.4,https://indomet.gob.do/wp-content/uploads/2026/07/temperaturas-extremas-y-precipitaciones-2026x07x17-a.pdf
2026-07-17,004,ARPT. ARROYO BARRIL,SAMANÁ,INDOMET,EMCI,32.3,24.5,2.3,https://indomet.gob.do/wp-content/uploads/2026/07/temperaturas-extremas-y-precipitaciones-2026x07x17-a.pdf
2026-07-17,005,SAMANÁ,SAMANÁ,COMANDANCIA DE PUERTO DE SAMANÁ,EMCI,34.5,20.1,0.4,https://indomet.gob.do/wp-content/uploads/2026/07/temperaturas-extremas-y-precipitaciones-2026x07x17-a.pdf
2026-07-17,006,POLO,BARAHONA,INDOCAFE,EMCI,29.8,20.5,0.3,https://indomet.gob.do/wp-content/uploads/2026/07/temperaturas-extremas-y-precipitaciones-2026x07x17-a.pdf
2026-07-17,007,BUCARA (EMA),SANTIAGO,MINISTERIO DE AGRICULTURA,EMAI,,,0.2,https://indomet.gob.do/wp-content/uploads/2026/07/temperaturas-extremas-y-precipitaciones-2026x07x17-a.pdf
2026-07-17,008,SÁNCHEZ,SAMANÁ,MINISTERIO DE AGRICULTURA,EMCI,32.0,24.8,0.2,https://indomet.gob.do/wp-content/uploads/2026/07/temperaturas-extremas-y-precipitaciones-2026x07x17-a.pdf
2026-07-17,009,ALTAMIRA,PUERTO PLATA,HOSP. MPAL. DE ALTAMIRA,EMCI,34.7,21.4,0.0,https://indomet.gob.do/wp-content/uploads/2026/07/temperaturas-extremas-y-precipitaciones-2026x07x17-a.pdf
2026-07-17,010,ALTO BANDERA (EMA),LA VEGA,INTEC,EMAP,18.9,9.1,0.0,https://indomet.gob.do/wp-content/uploads/2026/07/temperaturas-extremas-y-precipitaciones-2026x07x17-a.pdf
2026-07-17,011,ARPT. DE LA ROMANA,LA ROMANA,INDOMET,EMCI,36.0,22.2,0.0,https://indomet.gob.do/wp-content/uploads/2026/07/temperaturas-extremas-y-precipitaciones-2026x07x17-a.pdf
2026-07-17,012,ARPT. DE LAS AMÉRICAS,SANTO DOMINGO,INDOMET,EMCI,33.3,23.9,0.0,https://indomet.gob.do/wp-content/uploads/2026/07/temperaturas-extremas-y-precipitaciones-2026x07x17-a.pdf
2026-07-17,013,ARPT. DE PUNTA CANA,LA ALTAGRACIA,INDOMET,EMCI,32.5,23.8,0.0,https://indomet.gob.do/wp-content/uploads/2026/07/temperaturas-extremas-y-precipitaciones-2026x07x17-a.pdf
2026-07-17,014,ARPT. DEL CIBAO,SANTIAGO,INDOMET,EMCI,34.5,23.8,0.0,https://indomet.gob.do/wp-content/uploads/2026/07/temperaturas-extremas-y-precipitaciones-2026x07x17-a.pdf
2026-07-17,015,ARPT. EL CATEY,SAMANÁ,INDOMET,EMCI,32.2,,0.0,https://indomet.gob.do/wp-content/uploads/2026/07/temperaturas-extremas-y-precipitaciones-2026x07x17-a.pdf
2026-07-17,016,ARPT. GREGORIO LUPERÓN,PUERTO PLATA,INDOMET,EMCI,33.0,23.6,0.0,https://indomet.gob.do/wp-content/uploads/2026/07/temperaturas-extremas-y-precipitaciones-2026x07x17-a.pdf
2026-07-17,017,ARPT. LA ISABELA,SANTO DOMINGO,INDOMET,EMCI,34.2,24.7,0.0,https://indomet.gob.do/wp-content/uploads/2026/07/temperaturas-extremas-y-precipitaciones-2026x07x17-a.pdf
2026-07-17,018,ARPT. MARÍA MONTEZ,BARAHONA,INDOMET,EMCI,34.0,26.5,0.0,https://indomet.gob.do/wp-content/uploads/2026/07/temperaturas-extremas-y-precipitaciones-2026x07x17-a.pdf
2026-07-17,019,ARROYO LORO,SAN JUAN,IDIAF,EMCI,35.0,20.7,0.0,https://indomet.gob.do/wp-content/uploads/2026/07/temperaturas-extremas-y-precipitaciones-2026x07x17-a.pdf
2026-07-17,020,BANI (EMA),PERAVIA,MINISTERIO DE AGRICULTURA,EMAP,32.6,26.8,0.0,https://indomet.gob.do/wp-content/uploads/2026/07/temperaturas-extremas-y-precipitaciones-2026x07x17-a.pdf
2026-07-17,021,BASE AÉREA DE SAN ISIDRO,SANTO DOMINGO,FUERZA AÉREA DOMINICANA,EMCV,32.1,23.8,0.0,https://indomet.gob.do/wp-content/uploads/2026/07/temperaturas-extremas-y-precipitaciones-2026x07x17-a.pdf
2026-07-17,022,BAYAGUANA,MONTE PLATA,INDOMET,EMCI,34.8,22.8,0.0,https://indomet.gob.do/wp-content/uploads/2026/07/temperaturas-extremas-y-precipitaciones-2026x07x17-a.pdf
2026-07-17,023,BELLA VISTA (EMA),DISTRITO NACIONAL,PRIVADA,EMAP,,,0.0,https://indomet.gob.do/wp-content/uploads/2026/07/temperaturas-extremas-y-precipitaciones-2026x07x17-a.pdf
2026-07-17,024,BOCA DE MAO (EMA),VALVERDE,MINISTERIO DE AGRICULTURA,EMAP,37.1,25.5,0.0,https://indomet.gob.do/wp-content/uploads/2026/07/temperaturas-extremas-y-precipitaciones-2026x07x17-a.pdf
2026-07-17,025,BONAO,MONSEÑOR NOUEL,MINISTERIO DE AGRICULTURA,EMCV,,,0.0,https://indomet.gob.do/wp-content/uploads/2026/07/temperaturas-extremas-y-precipitaciones-2026x07x17-a.pdf
2026-07-17,026,CABRAL,BARAHONA,MINISTERIO DE AGRICULTURA,EMCV,35.3,25.5,0.0,https://indomet.gob.do/wp-content/uploads/2026/07/temperaturas-extremas-y-precipitaciones-2026x07x17-a.pdf
2026-07-17,027,CABRERA,MARÍA TRINIDAD SÁNCHEZ,ESCUELA ARÍSTIDES FIALLO CABRAL,EMCI,33.0,28.0,0.0,https://indomet.gob.do/wp-content/uploads/2026/07/temperaturas-extremas-y-precipitaciones-2026x07x17-a.pdf
2026-07-17,028,CENTRO DE LOS HEROES (EMA),DISTRITO NACIONAL,MINISTERIO DE ENERGIA Y MINA,EMAP,33.1,26.8,0.0,https://indomet.gob.do/wp-content/uploads/2026/07/temperaturas-extremas-y-precipitaciones-2026x07x17-a.pdf
2026-07-17,029,CONSTANZA,LA VEGA,MINISTERIO DE AGRICULTURA,EMCI,27.8,12.0,0.0,https://indomet.gob.do/wp-content/uploads/2026/07/temperaturas-extremas-y-precipitaciones-2026x07x17-a.pdf
2026-07-17,030,DAJABÓN,DAJABÓN,INSTITUTO POLITÉCNICO LOYOLA,EMCI,36.2,24.1,0.0,https://indomet.gob.do/wp-content/uploads/2026/07/temperaturas-extremas-y-precipitaciones-2026x07x17-a.pdf
2026-07-17,031,EL MILLON (EMA),DISTRITO NACIONAL,PRIVADA,EMAP,,,0.0,https://indomet.gob.do/wp-content/uploads/2026/07/temperaturas-extremas-y-precipitaciones-2026x07x17-a.pdf
2026-07-17,032,ENRIQUILLO,BARAHONA,MINISTERIO DE AGRICULTURA,EMCV,33.4,24.7,0.0,https://indomet.gob.do/wp-content/uploads/2026/07/temperaturas-extremas-y-precipitaciones-2026x07x17-a.pdf
2026-07-17,033,GASPAR HERNÁNDEZ,ESPAILLAT,PROPIEDAD DEL EMPLEADO,EMCI,,,0.0,https://indomet.gob.do/wp-content/uploads/2026/07/temperaturas-extremas-y-precipitaciones-2026x07x17-a.pdf
2026-07-17,034,GURABO,SANTIAGO,MINISTERIO DE AGRICULTURA,EMCV,,,0.0,https://indomet.gob.do/wp-content/uploads/2026/07/temperaturas-extremas-y-precipitaciones-2026x07x17-a.pdf
2026-07-17,035,HATO MAYOR,HATO MAYOR,MINISTERIO DE AGRICULTURA,EMCV,,,0.0,https://indomet.gob.do/wp-content/uploads/2026/07/temperaturas-extremas-y-precipitaciones-2026x07x17-a.pdf
2026-07-17,036,HONDO VALLE,ELÍAS PIÑA,MINISTERIO DE AGRICULTURA,EMCI,29.8,19.7,0.0,https://indomet.gob.do/wp-content/uploads/2026/07/temperaturas-extremas-y-precipitaciones-2026x07x17-a.pdf
2026-07-17,037,JARABACOA,LA VEGA,INDRHI / MARENA,EMCI,33.0,18.2,0.0,https://indomet.gob.do/wp-content/uploads/2026/07/temperaturas-extremas-y-precipitaciones-2026x07x17-a.pdf
2026-07-17,038,JARABACOA (EMA),LA VEGA,PROGRAMA MUNDIAL DE ALIMENTO,EMAP,32.1,19.1,0.0,https://indomet.gob.do/wp-content/uploads/2026/07/temperaturas-extremas-y-precipitaciones-2026x07x17-a.pdf
2026-07-17,039,JARDÍN BOTÁNICO SANTIAGO (EMSANTIAGO,,JARDIN BOTANICO SANTIAGO,EMAI,35.2,27.6,0.0,https://indomet.gob.do/wp-content/uploads/2026/07/temperaturas-extremas-y-precipitaciones-2026x07x17-a.pdf
2026-07-17,040,JIMANÍ,INDEPENDENCIA,MINISTERIO DE AGRICULTURA,EMCI,37.0,25.8,0.0,https://indomet.gob.do/wp-content/uploads/2026/07/temperaturas-extremas-y-precipitaciones-2026x07x17-a.pdf
2026-07-17,041,JUMA BEJUCAL,MONSEÑOR NOUEL,IDIAF,EMCV,35.0,24.6,0.0,https://indomet.gob.do/wp-content/uploads/2026/07/temperaturas-extremas-y-precipitaciones-2026x07x17-a.pdf
2026-07-17,042,LA AGUSTINA (EMA),DISTRITO NACIONAL,PRIVADA,EMAP,,,0.0,https://indomet.gob.do/wp-content/uploads/2026/07/temperaturas-extremas-y-precipitaciones-2026x07x17-a.pdf
2026-07-17,043,LA DESCUBIERTA (EMA),INDEPENDENCIA,PRIVADA,EMAP,34.9,26.1,0.0,https://indomet.gob.do/wp-content/uploads/2026/07/temperaturas-extremas-y-precipitaciones-2026x07x17-a.pdf
2026-07-17,044,LA VEGA,LA VEGA,IATESA,EMCI,33.5,24.0,0.0,https://indomet.gob.do/wp-content/uploads/2026/07/temperaturas-extremas-y-precipitaciones-2026x07x17-a.pdf
2026-07-17,045,LA VICTORIA,SANTO DOMINGO,CUERPO DE BOMBEROS,EMCI,35.0,23.7,0.0,https://indomet.gob.do/wp-content/uploads/2026/07/temperaturas-extremas-y-precipitaciones-2026x07x17-a.pdf
2026-07-17,046,LAS CANAS (EMA),MONTE CRISTI,PROGRAMA MUNDIAL DE ALIMENTO,EMAP,30.7,24.8,0.0,https://indomet.gob.do/wp-content/uploads/2026/07/temperaturas-extremas-y-precipitaciones-2026x07x17-a.pdf
2026-07-17,047,LOS CACICAZGOS (EMA),DISTRITO NACIONAL,PRIVADA,EMAP,,,0.0,https://indomet.gob.do/wp-content/uploads/2026/07/temperaturas-extremas-y-precipitaciones-2026x07x17-a.pdf
2026-07-17,048,LOS COCOS (EMA),BAHORUCO,PRIVADA,EMAP,,,0.0,https://indomet.gob.do/wp-content/uploads/2026/07/temperaturas-extremas-y-precipitaciones-2026x07x17-a.pdf
2026-07-17,049,LOS JARDINES (EMA),DISTRITO NACIONAL,PRIVADA,EMAP,,,0.0,https://indomet.gob.do/wp-content/uploads/2026/07/temperaturas-extremas-y-precipitaciones-2026x07x17-a.pdf
2026-07-17,050,LOS LLANOS,SAN PEDRO DE MACORÍS,MINISTERIO DE AGRICULTURA,EMCI,35.3,23.5,0.0,https://indomet.gob.do/wp-content/uploads/2026/07/temperaturas-extremas-y-precipitaciones-2026x07x17-a.pdf
2026-07-17,051,LOS PRADOS (EMA),DISTRITO NACIONAL,PRIVADA,EMAP,,,0.0,https://indomet.gob.do/wp-content/uploads/2026/07/temperaturas-extremas-y-precipitaciones-2026x07x17-a.pdf
2026-07-17,052,MAO,VALVERDE,INDRHI / MINISTERIO DE AGRICULTURA,EMCV,,,0.0,https://indomet.gob.do/wp-content/uploads/2026/07/temperaturas-extremas-y-precipitaciones-2026x07x17-a.pdf
2026-07-17,053,MICHES (EMA),EL SEIBO,PRIVADA,EMAP,35.6,22.9,0.0,https://indomet.gob.do/wp-content/uploads/2026/07/temperaturas-extremas-y-precipitaciones-2026x07x17-a.pdf
2026-07-17,054,MONCIÓN (EMA),SANTIAGO RODRÍGUEZ,PROGRAMA MUNDIAL DE ALIMENTO,EMAP,33.8,20.3,0.0,https://indomet.gob.do/wp-content/uploads/2026/07/temperaturas-extremas-y-precipitaciones-2026x07x17-a.pdf
2026-07-17,055,MONTE CRISTI,MONTE CRISTI,INDOMET,EMCI,35.0,24.7,0.0,https://indomet.gob.do/wp-content/uploads/2026/07/temperaturas-extremas-y-precipitaciones-2026x07x17-a.pdf
2026-07-17,056,NAVARRETE,SANTIAGO,MINISTERIO DE AGRICULTURA,EMCV,,,0.0,https://indomet.gob.do/wp-content/uploads/2026/07/temperaturas-extremas-y-precipitaciones-2026x07x17-a.pdf
2026-07-17,057,OLIVARES,PEDERNALES,INDRHI,EMCI,,,0.0,https://indomet.gob.do/wp-content/uploads/2026/07/temperaturas-extremas-y-precipitaciones-2026x07x17-a.pdf
2026-07-17,058,OVIEDO,PEDERNALES,CLÍNICA RURAL OVIEDO,EMCI,33.0,25.0,0.0,https://indomet.gob.do/wp-content/uploads/2026/07/temperaturas-extremas-y-precipitaciones-2026x07x17-a.pdf
2026-07-17,059,PADRE LAS CASAS,AZUA,HOSP. NTRA. SRA. DEL CARMEN,EMCI,33.4,20.0,0.0,https://indomet.gob.do/wp-content/uploads/2026/07/temperaturas-extremas-y-precipitaciones-2026x07x17-a.pdf
2026-07-17,060,PALO ÍNDIO,PUERTO PLATA,MINISTERIO DE AGRICULTURA,EMCI,,,0.0,https://indomet.gob.do/wp-content/uploads/2026/07/temperaturas-extremas-y-precipitaciones-2026x07x17-a.pdf
2026-07-17,061,PEDERNALES,PEDERNALES,INDRHI,EMCI,,,0.0,https://indomet.gob.do/wp-content/uploads/2026/07/temperaturas-extremas-y-precipitaciones-2026x07x17-a.pdf
2026-07-17,062,PERALTA,AZUA,HOSP. MPAL. DE PERALTA,EMCI,32.9,19.5,0.0,https://indomet.gob.do/wp-content/uploads/2026/07/temperaturas-extremas-y-precipitaciones-2026x07x17-a.pdf
2026-07-17,063,PONTÓN ABAJO (EMA),LA VEGA,MINISTERIO DE AGRICULTURA,EMAP,35.2,24.6,0.0,https://indomet.gob.do/wp-content/uploads/2026/07/temperaturas-extremas-y-precipitaciones-2026x07x17-a.pdf
2026-07-17,064,PRESA DE TAVERAS (EMA),LA VEGA,PROGRAMA MUNDIAL DE ALIMENTO,EMAP,31.8,23.3,0.0,https://indomet.gob.do/wp-content/uploads/2026/07/temperaturas-extremas-y-precipitaciones-2026x07x17-a.pdf
2026-07-17,065,PROLONGACION 27 DE FEBRERO,DISTRITO NACIONAL,PRIVADA,EMAP,,,0.0,https://indomet.gob.do/wp-content/uploads/2026/07/temperaturas-extremas-y-precipitaciones-2026x07x17-a.pdf
2026-07-17,066,RANCHO ARRIBA,SAN JOSÉ DE OCOA,CENTRO TECNOLÓGICO COMUNITARIO,EMCI,32.6,18.4,0.0,https://indomet.gob.do/wp-content/uploads/2026/07/temperaturas-extremas-y-precipitaciones-2026x07x17-a.pdf
2026-07-17,067,RESTAURACIÓN,DAJABÓN,MINISTERIO DE AGRICULTURA,EMCI,33.5,18.1,0.0,https://indomet.gob.do/wp-content/uploads/2026/07/temperaturas-extremas-y-precipitaciones-2026x07x17-a.pdf
2026-07-17,068,RÍO SAN JUAN,MARÍA TRINIDAD SÁNCHEZ,HOSP. MPAL. DR. DESIDERIO ACOSTA,EMCV,34.4,25.4,0.0,https://indomet.gob.do/wp-content/uploads/2026/07/temperaturas-extremas-y-precipitaciones-2026x07x17-a.pdf
2026-07-17,069,SABANA DE LA MAR,HATO MAYOR,INDOMET,EMCI,31.6,23.8,0.0,https://indomet.gob.do/wp-content/uploads/2026/07/temperaturas-extremas-y-precipitaciones-2026x07x17-a.pdf
2026-07-17,070,SABANA GRANDE DE BOYÁ,MONTE PLATA,MINISTERIO DE AGRICULTURA,EMCV,,,0.0,https://indomet.gob.do/wp-content/uploads/2026/07/temperaturas-extremas-y-precipitaciones-2026x07x17-a.pdf
2026-07-17,071,SABANETA (EMA),SANTIAGO RODRÍGUEZ,PROGRAMA MUNDIAL DE ALIMENTO,EMAP,37.6,22.9,0.0,https://indomet.gob.do/wp-content/uploads/2026/07/temperaturas-extremas-y-precipitaciones-2026x07x17-a.pdf
2026-07-17,072,SAJOMA (EMA),SANTIAGO,PLAN SIERRA,EMAI,32.0,25.9,0.0,https://indomet.gob.do/wp-content/uploads/2026/07/temperaturas-extremas-y-precipitaciones-2026x07x17-a.pdf
2026-07-17,073,SALCEDO,HERMANAS MIRABAL,PROPIEDAD DEL EMPLEADO,EMCI,,,0.0,https://indomet.gob.do/wp-content/uploads/2026/07/temperaturas-extremas-y-precipitaciones-2026x07x17-a.pdf
2026-07-17,074,SAN CRISTÓBAL,SAN CRISTÓBAL,INSTITUTO POLITÉCNICO LOYOLA,EMCI,33.5,22.5,0.0,https://indomet.gob.do/wp-content/uploads/2026/07/temperaturas-extremas-y-precipitaciones-2026x07x17-a.pdf
2026-07-17,075,SAN JOSÉ DE OCOA,SAN JOSÉ DE OCOA,HOSP. SAN JOSÉ DE OCOA,EMCI,34.2,23.4,0.0,https://indomet.gob.do/wp-content/uploads/2026/07/temperaturas-extremas-y-precipitaciones-2026x07x17-a.pdf
2026-07-17,076,SAN RAFAEL DEL YUMA,LA ALTAGRACIA,MINISTERIO DE AGRICULTURA,EMCI,35.2,24.8,0.0,https://indomet.gob.do/wp-content/uploads/2026/07/temperaturas-extremas-y-precipitaciones-2026x07x17-a.pdf
2026-07-17,077,SANTIAGO RODRÍGUEZ,SANTIAGO RODRÍGUEZ,INDOMET,EMCI,37.5,23.3,0.0,https://indomet.gob.do/wp-content/uploads/2026/07/temperaturas-extremas-y-precipitaciones-2026x07x17-a.pdf
2026-07-17,078,SANTO DOMINGO ESTE,SANTO DOMINGO,INDOMET,EMCI,35.7,26.0,0.0,https://indomet.gob.do/wp-content/uploads/2026/07/temperaturas-extremas-y-precipitaciones-2026x07x17-a.pdf
2026-07-17,079,TÁBARA ABAJO,AZUA,INDRHI,EMCI,32.5,19.5,0.0,https://indomet.gob.do/wp-content/uploads/2026/07/temperaturas-extremas-y-precipitaciones-2026x07x17-a.pdf
2026-07-17,080,VILLA GONZALES,SANTIAGO,MINISTERIO DE AGRICULTURA,EMCI,,,0.0,https://indomet.gob.do/wp-content/uploads/2026/07/temperaturas-extremas-y-precipitaciones-2026x07x17-a.pdf
2026-07-17,081,VILLA ISABELA,PUERTO PLATA,MINISTERIO DE AGRICULTURA,EMCV,34.0,22.5,0.0,https://indomet.gob.do/wp-content/uploads/2026/07/temperaturas-extremas-y-precipitaciones-2026x07x17-a.pdf
2026-07-17,082,VILLA RIVA,DUARTE,HOSP. MPAL. ALICIA DE LEGENDRE,EMCI,33.4,23.5,0.0,https://indomet.gob.do/wp-content/uploads/2026/07/temperaturas-extremas-y-precipitaciones-2026x07x17-a.pdf
2026-07-18,001,VILLA ALTAGRACIA,SAN CRISTÓBAL,ESCUELA JAVIER ANGULO GURIDI,EMCI,,,8.1,https://indomet.gob.do/wp-content/uploads/2026/07/temperaturas-extremas-y-precipitaciones-2026x07x18-a.pdf
2026-07-18,002,ARPT. EL CATEY,SAMANÁ,INDOMET,EMCI,32.2,,0.4,https://indomet.gob.do/wp-content/uploads/2026/07/temperaturas-extremas-y-precipitaciones-2026x07x18-a.pdf
2026-07-18,003,POLO,BARAHONA,INDOCAFE,EMCI,30.0,20.2,0.1,https://indomet.gob.do/wp-content/uploads/2026/07/temperaturas-extremas-y-precipitaciones-2026x07x18-a.pdf
2026-07-18,004,ALTAMIRA,PUERTO PLATA,HOSP. MPAL. DE ALTAMIRA,EMCI,35.5,21.0,0.0,https://indomet.gob.do/wp-content/uploads/2026/07/temperaturas-extremas-y-precipitaciones-2026x07x18-a.pdf
2026-07-18,005,ALTO BANDERA (EMA),LA VEGA,INTEC,EMAP,18.3,8.5,0.0,https://indomet.gob.do/wp-content/uploads/2026/07/temperaturas-extremas-y-precipitaciones-2026x07x18-a.pdf
2026-07-18,006,ANAMUYA (EMA),LA ALTAGRACIA,MINISTERIO DE AGRICULTURA,EMAP,34.8,25.4,0.0,https://indomet.gob.do/wp-content/uploads/2026/07/temperaturas-extremas-y-precipitaciones-2026x07x18-a.pdf
2026-07-18,007,ARPT. ARROYO BARRIL,SAMANÁ,INDOMET,EMCI,32.4,24.3,0.0,https://indomet.gob.do/wp-content/uploads/2026/07/temperaturas-extremas-y-precipitaciones-2026x07x18-a.pdf
2026-07-18,008,ARPT. DE LA ROMANA,LA ROMANA,INDOMET,EMCI,35.8,23.0,0.0,https://indomet.gob.do/wp-content/uploads/2026/07/temperaturas-extremas-y-precipitaciones-2026x07x18-a.pdf
2026-07-18,009,ARPT. DE LAS AMÉRICAS,SANTO DOMINGO,INDOMET,EMCI,33.6,23.5,0.0,https://indomet.gob.do/wp-content/uploads/2026/07/temperaturas-extremas-y-precipitaciones-2026x07x18-a.pdf
2026-07-18,010,ARPT. DE PUNTA CANA,LA ALTAGRACIA,INDOMET,EMCI,32.6,27.2,0.0,https://indomet.gob.do/wp-content/uploads/2026/07/temperaturas-extremas-y-precipitaciones-2026x07x18-a.pdf
2026-07-18,011,ARPT. DEL CIBAO,SANTIAGO,INDOMET,EMCI,35.1,24.2,0.0,https://indomet.gob.do/wp-content/uploads/2026/07/temperaturas-extremas-y-precipitaciones-2026x07x18-a.pdf
2026-07-18,012,ARPT. GREGORIO LUPERÓN,PUERTO PLATA,INDOMET,EMCI,33.8,23.2,0.0,https://indomet.gob.do/wp-content/uploads/2026/07/temperaturas-extremas-y-precipitaciones-2026x07x18-a.pdf
2026-07-18,013,ARPT. LA ISABELA,SANTO DOMINGO,INDOMET,EMCI,35.5,23.2,0.0,https://indomet.gob.do/wp-content/uploads/2026/07/temperaturas-extremas-y-precipitaciones-2026x07x18-a.pdf
2026-07-18,014,ARPT. MARÍA MONTEZ,BARAHONA,INDOMET,EMCI,33.9,25.5,0.0,https://indomet.gob.do/wp-content/uploads/2026/07/temperaturas-extremas-y-precipitaciones-2026x07x18-a.pdf
2026-07-18,015,ARROYO LORO,SAN JUAN,IDIAF,EMCI,35.0,18.7,0.0,https://indomet.gob.do/wp-content/uploads/2026/07/temperaturas-extremas-y-precipitaciones-2026x07x18-a.pdf
2026-07-18,016,BANI (EMA),PERAVIA,MINISTERIO DE AGRICULTURA,EMAP,33.0,26.3,0.0,https://indomet.gob.do/wp-content/uploads/2026/07/temperaturas-extremas-y-precipitaciones-2026x07x18-a.pdf
2026-07-18,017,BAYAGUANA,MONTE PLATA,INDOMET,EMCI,35.0,22.4,0.0,https://indomet.gob.do/wp-content/uploads/2026/07/temperaturas-extremas-y-precipitaciones-2026x07x18-a.pdf
2026-07-18,018,BELLA VISTA (EMA),DISTRITO NACIONAL,PRIVADA,EMAP,,,0.0,https://indomet.gob.do/wp-content/uploads/2026/07/temperaturas-extremas-y-precipitaciones-2026x07x18-a.pdf
2026-07-18,019,BOCA DE MAO (EMA),VALVERDE,MINISTERIO DE AGRICULTURA,EMAP,37.4,25.0,0.0,https://indomet.gob.do/wp-content/uploads/2026/07/temperaturas-extremas-y-precipitaciones-2026x07x18-a.pdf
2026-07-18,020,BONAO,MONSEÑOR NOUEL,MINISTERIO DE AGRICULTURA,EMCV,,,0.0,https://indomet.gob.do/wp-content/uploads/2026/07/temperaturas-extremas-y-precipitaciones-2026x07x18-a.pdf
2026-07-18,021,BUCARA (EMA),SANTIAGO,MINISTERIO DE AGRICULTURA,EMAI,,,0.0,https://indomet.gob.do/wp-content/uploads/2026/07/temperaturas-extremas-y-precipitaciones-2026x07x18-a.pdf
2026-07-18,022,CABRAL,BARAHONA,MINISTERIO DE AGRICULTURA,EMCV,35.2,25.3,0.0,https://indomet.gob.do/wp-content/uploads/2026/07/temperaturas-extremas-y-precipitaciones-2026x07x18-a.pdf
2026-07-18,023,CABRERA,MARÍA TRINIDAD SÁNCHEZ,ESCUELA ARÍSTIDES FIALLO CABRAL,EMCI,34.8,27.6,0.0,https://indomet.gob.do/wp-content/uploads/2026/07/temperaturas-extremas-y-precipitaciones-2026x07x18-a.pdf
2026-07-18,024,CENTRO DE LOS HEROES (EMA),DISTRITO NACIONAL,MINISTERIO DE ENERGIA Y MINA,EMAP,33.0,26.7,0.0,https://indomet.gob.do/wp-content/uploads/2026/07/temperaturas-extremas-y-precipitaciones-2026x07x18-a.pdf
2026-07-18,025,CONSTANZA,LA VEGA,MINISTERIO DE AGRICULTURA,EMCI,29.0,12.2,0.0,https://indomet.gob.do/wp-content/uploads/2026/07/temperaturas-extremas-y-precipitaciones-2026x07x18-a.pdf
2026-07-18,026,CONSTANZA (EMA),LA VEGA,PROGRAMA MUNDIAL DE ALIMENTO,EMAP,27.7,14.3,0.0,https://indomet.gob.do/wp-content/uploads/2026/07/temperaturas-extremas-y-precipitaciones-2026x07x18-a.pdf
2026-07-18,027,DAJABÓN,DAJABÓN,INSTITUTO POLITÉCNICO LOYOLA,EMCI,35.6,20.7,0.0,https://indomet.gob.do/wp-content/uploads/2026/07/temperaturas-extremas-y-precipitaciones-2026x07x18-a.pdf
2026-07-18,028,EL MILLON (EMA),DISTRITO NACIONAL,PRIVADA,EMAP,,,0.0,https://indomet.gob.do/wp-content/uploads/2026/07/temperaturas-extremas-y-precipitaciones-2026x07x18-a.pdf
2026-07-18,029,ENRIQUILLO,BARAHONA,MINISTERIO DE AGRICULTURA,EMCV,34.3,24.8,0.0,https://indomet.gob.do/wp-content/uploads/2026/07/temperaturas-extremas-y-precipitaciones-2026x07x18-a.pdf
2026-07-18,030,ENSANCHE LA FE (EMA),DISTRITO NACIONAL,PRIVADA,EMAP,,,0.0,https://indomet.gob.do/wp-content/uploads/2026/07/temperaturas-extremas-y-precipitaciones-2026x07x18-a.pdf
2026-07-18,031,ESCONDIDO,PERAVIA,MINISTERIO DE AGRICULTURA,EMCV,33.0,27.0,0.0,https://indomet.gob.do/wp-content/uploads/2026/07/temperaturas-extremas-y-precipitaciones-2026x07x18-a.pdf
2026-07-18,032,GASPAR HERNÁNDEZ,ESPAILLAT,PROPIEDAD DEL EMPLEADO,EMCI,,,0.0,https://indomet.gob.do/wp-content/uploads/2026/07/temperaturas-extremas-y-precipitaciones-2026x07x18-a.pdf
2026-07-18,033,GURABO,SANTIAGO,MINISTERIO DE AGRICULTURA,EMCV,,,0.0,https://indomet.gob.do/wp-content/uploads/2026/07/temperaturas-extremas-y-precipitaciones-2026x07x18-a.pdf
2026-07-18,034,HONDO VALLE,ELÍAS PIÑA,MINISTERIO DE AGRICULTURA,EMCI,29.5,19.9,0.0,https://indomet.gob.do/wp-content/uploads/2026/07/temperaturas-extremas-y-precipitaciones-2026x07x18-a.pdf
2026-07-18,035,JARABACOA,LA VEGA,INDRHI / MARENA,EMCI,32.8,17.6,0.0,https://indomet.gob.do/wp-content/uploads/2026/07/temperaturas-extremas-y-precipitaciones-2026x07x18-a.pdf
2026-07-18,036,JARABACOA (EMA),LA VEGA,PROGRAMA MUNDIAL DE ALIMENTO,EMAP,32.2,19.1,0.0,https://indomet.gob.do/wp-content/uploads/2026/07/temperaturas-extremas-y-precipitaciones-2026x07x18-a.pdf
2026-07-18,037,JARDÍN BOTÁNICO SANTIAGO (EMSANTIAGO,,JARDIN BOTANICO SANTIAGO,EMAI,35.9,27.8,0.0,https://indomet.gob.do/wp-content/uploads/2026/07/temperaturas-extremas-y-precipitaciones-2026x07x18-a.pdf
2026-07-18,038,JIMANÍ,INDEPENDENCIA,MINISTERIO DE AGRICULTURA,EMCI,38.2,26.4,0.0,https://indomet.gob.do/wp-content/uploads/2026/07/temperaturas-extremas-y-precipitaciones-2026x07x18-a.pdf
2026-07-18,039,LA AGUSTINA (EMA),DISTRITO NACIONAL,PRIVADA,EMAP,,,0.0,https://indomet.gob.do/wp-content/uploads/2026/07/temperaturas-extremas-y-precipitaciones-2026x07x18-a.pdf
2026-07-18,040,LA DESCUBIERTA (EMA),INDEPENDENCIA,PRIVADA,EMAP,35.8,24.2,0.0,https://indomet.gob.do/wp-content/uploads/2026/07/temperaturas-extremas-y-precipitaciones-2026x07x18-a.pdf
2026-07-18,041,LA VEGA,LA VEGA,IATESA,EMCI,34.9,22.6,0.0,https://indomet.gob.do/wp-content/uploads/2026/07/temperaturas-extremas-y-precipitaciones-2026x07x18-a.pdf
2026-07-18,042,LA VICTORIA,SANTO DOMINGO,CUERPO DE BOMBEROS,EMCI,35.5,23.5,0.0,https://indomet.gob.do/wp-content/uploads/2026/07/temperaturas-extremas-y-precipitaciones-2026x07x18-a.pdf
2026-07-18,043,LAS CANAS (EMA),MONTE CRISTI,PROGRAMA MUNDIAL DE ALIMENTO,EMAP,31.3,24.2,0.0,https://indomet.gob.do/wp-content/uploads/2026/07/temperaturas-extremas-y-precipitaciones-2026x07x18-a.pdf
2026-07-18,044,LOS CACICAZGOS (EMA),DISTRITO NACIONAL,PRIVADA,EMAP,,,0.0,https://indomet.gob.do/wp-content/uploads/2026/07/temperaturas-extremas-y-precipitaciones-2026x07x18-a.pdf
2026-07-18,045,LOS COCOS (EMA),BAHORUCO,PRIVADA,EMAP,,,0.0,https://indomet.gob.do/wp-content/uploads/2026/07/temperaturas-extremas-y-precipitaciones-2026x07x18-a.pdf
2026-07-18,046,LOS JARDINES (EMA),DISTRITO NACIONAL,PRIVADA,EMAP,,,0.0,https://indomet.gob.do/wp-content/uploads/2026/07/temperaturas-extremas-y-precipitaciones-2026x07x18-a.pdf
2026-07-18,047,LOS LLANOS,SAN PEDRO DE MACORÍS,MINISTERIO DE AGRICULTURA,EMCI,33.7,22.5,0.0,https://indomet.gob.do/wp-content/uploads/2026/07/temperaturas-extremas-y-precipitaciones-2026x07x18-a.pdf
2026-07-18,048,LOS PRADOS (EMA),DISTRITO NACIONAL,PRIVADA,EMAP,,,0.0,https://indomet.gob.do/wp-content/uploads/2026/07/temperaturas-extremas-y-precipitaciones-2026x07x18-a.pdf
2026-07-18,049,MAO,VALVERDE,INDRHI / MINISTERIO DE AGRICULTURA,EMCV,,,0.0,https://indomet.gob.do/wp-content/uploads/2026/07/temperaturas-extremas-y-precipitaciones-2026x07x18-a.pdf
2026-07-18,050,MICHES (EMA),EL SEIBO,PRIVADA,EMAP,34.3,22.9,0.0,https://indomet.gob.do/wp-content/uploads/2026/07/temperaturas-extremas-y-precipitaciones-2026x07x18-a.pdf
2026-07-18,051,MONCIÓN (EMA),SANTIAGO RODRÍGUEZ,PROGRAMA MUNDIAL DE ALIMENTO,EMAP,34.4,18.8,0.0,https://indomet.gob.do/wp-content/uploads/2026/07/temperaturas-extremas-y-precipitaciones-2026x07x18-a.pdf
2026-07-18,052,MONTE CRISTI,MONTE CRISTI,INDOMET,EMCI,35.7,25.7,0.0,https://indomet.gob.do/wp-content/uploads/2026/07/temperaturas-extremas-y-precipitaciones-2026x07x18-a.pdf
2026-07-18,053,NAVARRETE,SANTIAGO,MINISTERIO DE AGRICULTURA,EMCV,,,0.0,https://indomet.gob.do/wp-content/uploads/2026/07/temperaturas-extremas-y-precipitaciones-2026x07x18-a.pdf
2026-07-18,054,OLIVARES,PEDERNALES,INDRHI,EMCI,,,0.0,https://indomet.gob.do/wp-content/uploads/2026/07/temperaturas-extremas-y-precipitaciones-2026x07x18-a.pdf
2026-07-18,055,OVIEDO,PEDERNALES,CLÍNICA RURAL OVIEDO,EMCI,34.0,27.0,0.0,https://indomet.gob.do/wp-content/uploads/2026/07/temperaturas-extremas-y-precipitaciones-2026x07x18-a.pdf
2026-07-18,056,PADRE LAS CASAS,AZUA,HOSP. NTRA. SRA. DEL CARMEN,EMCI,34.0,19.5,0.0,https://indomet.gob.do/wp-content/uploads/2026/07/temperaturas-extremas-y-precipitaciones-2026x07x18-a.pdf
2026-07-18,057,PALO ÍNDIO,PUERTO PLATA,MINISTERIO DE AGRICULTURA,EMCI,,,0.0,https://indomet.gob.do/wp-content/uploads/2026/07/temperaturas-extremas-y-precipitaciones-2026x07x18-a.pdf
2026-07-18,058,PEDERNALES,PEDERNALES,INDRHI,EMCI,,,0.0,https://indomet.gob.do/wp-content/uploads/2026/07/temperaturas-extremas-y-precipitaciones-2026x07x18-a.pdf
2026-07-18,059,PERALTA,AZUA,HOSP. MPAL. DE PERALTA,EMCI,35.4,21.4,0.0,https://indomet.gob.do/wp-content/uploads/2026/07/temperaturas-extremas-y-precipitaciones-2026x07x18-a.pdf
2026-07-18,060,PONTÓN ABAJO (EMA),LA VEGA,MINISTERIO DE AGRICULTURA,EMAP,36.3,24.2,0.0,https://indomet.gob.do/wp-content/uploads/2026/07/temperaturas-extremas-y-precipitaciones-2026x07x18-a.pdf
2026-07-18,061,PRESA DE TAVERAS (EMA),LA VEGA,PROGRAMA MUNDIAL DE ALIMENTO,EMAP,32.7,14.3,0.0,https://indomet.gob.do/wp-content/uploads/2026/07/temperaturas-extremas-y-precipitaciones-2026x07x18-a.pdf
2026-07-18,062,PROLONGACION 27 DE FEBRERO,DISTRITO NACIONAL,PRIVADA,EMAP,,,0.0,https://indomet.gob.do/wp-content/uploads/2026/07/temperaturas-extremas-y-precipitaciones-2026x07x18-a.pdf
2026-07-18,063,RANCHO ARRIBA,SAN JOSÉ DE OCOA,CENTRO TECNOLÓGICO COMUNITARIO,EMCI,32.9,17.9,0.0,https://indomet.gob.do/wp-content/uploads/2026/07/temperaturas-extremas-y-precipitaciones-2026x07x18-a.pdf
2026-07-18,064,RÍO SAN JUAN,MARÍA TRINIDAD SÁNCHEZ,HOSP. MPAL. DR. DESIDERIO ACOSTA,EMCV,34.3,24.3,0.0,https://indomet.gob.do/wp-content/uploads/2026/07/temperaturas-extremas-y-precipitaciones-2026x07x18-a.pdf
2026-07-18,065,SABANA DE LA MAR,HATO MAYOR,INDOMET,EMCI,32.6,24.6,0.0,https://indomet.gob.do/wp-content/uploads/2026/07/temperaturas-extremas-y-precipitaciones-2026x07x18-a.pdf
2026-07-18,066,SABANETA (EMA),SANTIAGO RODRÍGUEZ,PROGRAMA MUNDIAL DE ALIMENTO,EMAP,37.9,21.8,0.0,https://indomet.gob.do/wp-content/uploads/2026/07/temperaturas-extremas-y-precipitaciones-2026x07x18-a.pdf
2026-07-18,067,SAJOMA (EMA),SANTIAGO,PLAN SIERRA,EMAI,32.6,24.9,0.0,https://indomet.gob.do/wp-content/uploads/2026/07/temperaturas-extremas-y-precipitaciones-2026x07x18-a.pdf
2026-07-18,068,SALCEDO,HERMANAS MIRABAL,PROPIEDAD DEL EMPLEADO,EMCI,,,0.0,https://indomet.gob.do/wp-content/uploads/2026/07/temperaturas-extremas-y-precipitaciones-2026x07x18-a.pdf
2026-07-18,069,SAMANÁ,SAMANÁ,COMANDANCIA DE PUERTO DE SAMANÁ,EMCI,34.7,19.9,0.0,https://indomet.gob.do/wp-content/uploads/2026/07/temperaturas-extremas-y-precipitaciones-2026x07x18-a.pdf
2026-07-18,070,SAN CRISTÓBAL,SAN CRISTÓBAL,INSTITUTO POLITÉCNICO LOYOLA,EMCI,34.0,23.5,0.0,https://indomet.gob.do/wp-content/uploads/2026/07/temperaturas-extremas-y-precipitaciones-2026x07x18-a.pdf
2026-07-18,071,SAN RAFAEL DEL YUMA,LA ALTAGRACIA,MINISTERIO DE AGRICULTURA,EMCI,36.4,25.0,0.0,https://indomet.gob.do/wp-content/uploads/2026/07/temperaturas-extremas-y-precipitaciones-2026x07x18-a.pdf
2026-07-18,072,SÁNCHEZ,SAMANÁ,MINISTERIO DE AGRICULTURA,EMCI,32.3,25.3,0.0,https://indomet.gob.do/wp-content/uploads/2026/07/temperaturas-extremas-y-precipitaciones-2026x07x18-a.pdf
2026-07-18,073,SANTIAGO RODRÍGUEZ,SANTIAGO RODRÍGUEZ,INDOMET,EMCI,38.5,22.7,0.0,https://indomet.gob.do/wp-content/uploads/2026/07/temperaturas-extremas-y-precipitaciones-2026x07x18-a.pdf
2026-07-18,074,SANTO DOMINGO ESTE,SANTO DOMINGO,INDOMET,EMCI,33.0,26.0,0.0,https://indomet.gob.do/wp-content/uploads/2026/07/temperaturas-extremas-y-precipitaciones-2026x07x18-a.pdf
2026-07-18,075,TÁBARA ABAJO,AZUA,INDRHI,EMCI,34.0,20.0,0.0,https://indomet.gob.do/wp-content/uploads/2026/07/temperaturas-extremas-y-precipitaciones-2026x07x18-a.pdf
2026-07-18,076,VILLA GONZALES,SANTIAGO,MINISTERIO DE AGRICULTURA,EMCI,,,0.0,https://indomet.gob.do/wp-content/uploads/2026/07/temperaturas-extremas-y-precipitaciones-2026x07x18-a.pdf
2026-07-18,077,VILLA RIVA,DUARTE,HOSP. MPAL. ALICIA DE LEGENDRE,EMCI,34.0,24.0,0.0,https://indomet.gob.do/wp-content/uploads/2026/07/temperaturas-extremas-y-precipitaciones-2026x07x18-a.pdf
2026-07-18,078,VILLA VÁSQUEZ,MONTE CRISTI,PROPIEDAD DEL EMPLEADO,EMCI,,,0.0,https://indomet.gob.do/wp-content/uploads/2026/07/temperaturas-extremas-y-precipitaciones-2026x07x18-a.pdf
2026-07-18,079,VILLA VASQUEZ (EMA),MONTE CRISTI,JUNTA DE REGANTES,EMAI,,,0.0,https://indomet.gob.do/wp-content/uploads/2026/07/temperaturas-extremas-y-precipitaciones-2026x07x18-a.pdf
2026-07-18,080,ELÍAS PIÑA,ELÍAS PIÑA,MINISTERIO DE AGRICULTURA,EMCV,,,0.0,https://indomet.gob.do/wp-content/uploads/2026/07/temperaturas-extremas-y-precipitaciones-2026x07x18-a.pdf
2026-07-18,081,HATO MAYOR,HATO MAYOR,MINISTERIO DE AGRICULTURA,EMCV,,,0.0,https://indomet.gob.do/wp-content/uploads/2026/07/temperaturas-extremas-y-precipitaciones-2026x07x18-a.pdf
2026-07-18,082,JUMA BEJUCAL,MONSEÑOR NOUEL,IDIAF,EMCV,34.8,25.4,0.0,https://indomet.gob.do/wp-content/uploads/2026/07/temperaturas-extremas-y-precipitaciones-2026x07x18-a.pdf
2026-07-18,083,RESTAURACIÓN,DAJABÓN,MINISTERIO DE AGRICULTURA,EMCI,33.8,19.2,0.0,https://indomet.gob.do/wp-content/uploads/2026/07/temperaturas-extremas-y-precipitaciones-2026x07x18-a.pdf
2026-07-18,084,TAMBORIL,SANTIAGO,MINISTERIO DE AGRICULTURA,EMCV,,,0.0,https://indomet.gob.do/wp-content/uploads/2026/07/temperaturas-extremas-y-precipitaciones-2026x07x18-a.pdf
2026-07-19,001,BANI (EMA),PERAVIA,MINISTERIO DE AGRICULTURA,EMAP,33.7,26.9,7.2,https://indomet.gob.do/wp-content/uploads/2026/07/temperaturas-extremas-y-precipitaciones-2026x07x19-a.pdf
2026-07-19,002,SALCEDO,HERMANAS MIRABAL,PROPIEDAD DEL EMPLEADO,EMCI,,,3.9,https://indomet.gob.do/wp-content/uploads/2026/07/temperaturas-extremas-y-precipitaciones-2026x07x19-a.pdf
2026-07-19,003,ANAMUYA (EMA),LA ALTAGRACIA,MINISTERIO DE AGRICULTURA,EMAP,34.1,25.3,0.8,https://indomet.gob.do/wp-content/uploads/2026/07/temperaturas-extremas-y-precipitaciones-2026x07x19-a.pdf
2026-07-19,004,JUMA BEJUCAL,MONSEÑOR NOUEL,IDIAF,EMCV,35.2,23.8,0.5,https://indomet.gob.do/wp-content/uploads/2026/07/temperaturas-extremas-y-precipitaciones-2026x07x19-a.pdf
2026-07-19,005,SÁNCHEZ,SAMANÁ,MINISTERIO DE AGRICULTURA,EMCI,34.0,27.5,0.4,https://indomet.gob.do/wp-content/uploads/2026/07/temperaturas-extremas-y-precipitaciones-2026x07x19-a.pdf
2026-07-19,006,CONSTANZA (EMA),LA VEGA,PROGRAMA MUNDIAL DE ALIMENTO,EMAP,27.7,13.7,0.2,https://indomet.gob.do/wp-content/uploads/2026/07/temperaturas-extremas-y-precipitaciones-2026x07x19-a.pdf
2026-07-19,007,BAYAGUANA,MONTE PLATA,INDOMET,EMCI,35.2,21.8,0.1,https://indomet.gob.do/wp-content/uploads/2026/07/temperaturas-extremas-y-precipitaciones-2026x07x19-a.pdf
2026-07-19,008,SABANA GRANDE DE BOYÁ,MONTE PLATA,MINISTERIO DE AGRICULTURA,EMCV,,,0.1,https://indomet.gob.do/wp-content/uploads/2026/07/temperaturas-extremas-y-precipitaciones-2026x07x19-a.pdf
2026-07-19,009,VILLA RIVA,DUARTE,HOSP. MPAL. ALICIA DE LEGENDRE,EMCI,33.5,23.0,0.1,https://indomet.gob.do/wp-content/uploads/2026/07/temperaturas-extremas-y-precipitaciones-2026x07x19-a.pdf
2026-07-19,010,ALTAMIRA,PUERTO PLATA,HOSP. MPAL. DE ALTAMIRA,EMCI,34.6,21.3,0.0,https://indomet.gob.do/wp-content/uploads/2026/07/temperaturas-extremas-y-precipitaciones-2026x07x19-a.pdf
2026-07-19,011,ALTO BANDERA (EMA),LA VEGA,INTEC,EMAP,18.4,8.7,0.0,https://indomet.gob.do/wp-content/uploads/2026/07/temperaturas-extremas-y-precipitaciones-2026x07x19-a.pdf
2026-07-19,012,ARPT. ARROYO BARRIL,SAMANÁ,INDOMET,EMCI,32.4,24.2,0.0,https://indomet.gob.do/wp-content/uploads/2026/07/temperaturas-extremas-y-precipitaciones-2026x07x19-a.pdf
2026-07-19,013,ARPT. DE LA ROMANA,LA ROMANA,INDOMET,EMCI,35.0,24.0,0.0,https://indomet.gob.do/wp-content/uploads/2026/07/temperaturas-extremas-y-precipitaciones-2026x07x19-a.pdf
2026-07-19,014,ARPT. DE LAS AMÉRICAS,SANTO DOMINGO,INDOMET,EMCI,35.0,24.0,0.0,https://indomet.gob.do/wp-content/uploads/2026/07/temperaturas-extremas-y-precipitaciones-2026x07x19-a.pdf
2026-07-19,015,ARPT. DE PUNTA CANA,LA ALTAGRACIA,INDOMET,EMCI,32.8,24.2,0.0,https://indomet.gob.do/wp-content/uploads/2026/07/temperaturas-extremas-y-precipitaciones-2026x07x19-a.pdf
2026-07-19,016,ARPT. DEL CIBAO,SANTIAGO,INDOMET,EMCI,33.5,22.9,0.0,https://indomet.gob.do/wp-content/uploads/2026/07/temperaturas-extremas-y-precipitaciones-2026x07x19-a.pdf
2026-07-19,017,ARPT. EL CATEY,SAMANÁ,INDOMET,EMCI,32.4,,0.0,https://indomet.gob.do/wp-content/uploads/2026/07/temperaturas-extremas-y-precipitaciones-2026x07x19-a.pdf
2026-07-19,018,ARPT. GREGORIO LUPERÓN,PUERTO PLATA,INDOMET,EMCI,33.4,23.0,0.0,https://indomet.gob.do/wp-content/uploads/2026/07/temperaturas-extremas-y-precipitaciones-2026x07x19-a.pdf
2026-07-19,019,ARPT. LA ISABELA,SANTO DOMINGO,INDOMET,EMCI,32.4,24.2,0.0,https://indomet.gob.do/wp-content/uploads/2026/07/temperaturas-extremas-y-precipitaciones-2026x07x19-a.pdf
2026-07-19,020,ARPT. MARÍA MONTEZ,BARAHONA,INDOMET,EMCI,34.3,25.0,0.0,https://indomet.gob.do/wp-content/uploads/2026/07/temperaturas-extremas-y-precipitaciones-2026x07x19-a.pdf
2026-07-19,021,ARROYO LORO,SAN JUAN,IDIAF,EMCI,34.8,20.2,0.0,https://indomet.gob.do/wp-content/uploads/2026/07/temperaturas-extremas-y-precipitaciones-2026x07x19-a.pdf
2026-07-19,022,BELLA VISTA (EMA),DISTRITO NACIONAL,PRIVADA,EMAP,,,0.0,https://indomet.gob.do/wp-content/uploads/2026/07/temperaturas-extremas-y-precipitaciones-2026x07x19-a.pdf
2026-07-19,023,BOCA DE MAO (EMA),VALVERDE,MINISTERIO DE AGRICULTURA,EMAP,36.8,25.2,0.0,https://indomet.gob.do/wp-content/uploads/2026/07/temperaturas-extremas-y-precipitaciones-2026x07x19-a.pdf
2026-07-19,024,BOHECHÍO,SAN JUAN,MINISTERIO DE AGRICULTURA,EMCV,,,0.0,https://indomet.gob.do/wp-content/uploads/2026/07/temperaturas-extremas-y-precipitaciones-2026x07x19-a.pdf
2026-07-19,025,BONAO,MONSEÑOR NOUEL,MINISTERIO DE AGRICULTURA,EMCV,,,0.0,https://indomet.gob.do/wp-content/uploads/2026/07/temperaturas-extremas-y-precipitaciones-2026x07x19-a.pdf
2026-07-19,026,BUCARA (EMA),SANTIAGO,MINISTERIO DE AGRICULTURA,EMAI,,,0.0,https://indomet.gob.do/wp-content/uploads/2026/07/temperaturas-extremas-y-precipitaciones-2026x07x19-a.pdf
2026-07-19,027,CABRAL,BARAHONA,MINISTERIO DE AGRICULTURA,EMCV,36.0,25.0,0.0,https://indomet.gob.do/wp-content/uploads/2026/07/temperaturas-extremas-y-precipitaciones-2026x07x19-a.pdf
2026-07-19,028,CABRERA,MARÍA TRINIDAD SÁNCHEZ,ESCUELA ARÍSTIDES FIALLO CABRAL,EMCI,34.0,27.6,0.0,https://indomet.gob.do/wp-content/uploads/2026/07/temperaturas-extremas-y-precipitaciones-2026x07x19-a.pdf
2026-07-19,029,CENTRO DE LOS HEROES (EMA),DISTRITO NACIONAL,MINISTERIO DE ENERGIA Y MINA,EMAP,32.6,26.6,0.0,https://indomet.gob.do/wp-content/uploads/2026/07/temperaturas-extremas-y-precipitaciones-2026x07x19-a.pdf
2026-07-19,030,CONSTANZA,LA VEGA,MINISTERIO DE AGRICULTURA,EMCI,28.9,10.5,0.0,https://indomet.gob.do/wp-content/uploads/2026/07/temperaturas-extremas-y-precipitaciones-2026x07x19-a.pdf
2026-07-19,031,DAJABÓN,DAJABÓN,INSTITUTO POLITÉCNICO LOYOLA,EMCI,36.7,21.8,0.0,https://indomet.gob.do/wp-content/uploads/2026/07/temperaturas-extremas-y-precipitaciones-2026x07x19-a.pdf
2026-07-19,032,EL CERCADO,SAN JUAN,MINISTERIO DE AGRICULTURA,EMCV,,,0.0,https://indomet.gob.do/wp-content/uploads/2026/07/temperaturas-extremas-y-precipitaciones-2026x07x19-a.pdf
2026-07-19,033,EL MILLON (EMA),DISTRITO NACIONAL,PRIVADA,EMAP,,,0.0,https://indomet.gob.do/wp-content/uploads/2026/07/temperaturas-extremas-y-precipitaciones-2026x07x19-a.pdf
2026-07-19,034,EL SEIBO,EL SEIBO,MINISTERIO DE AGRICULTURA,EMCV,,,0.0,https://indomet.gob.do/wp-content/uploads/2026/07/temperaturas-extremas-y-precipitaciones-2026x07x19-a.pdf
2026-07-19,035,ELÍAS PIÑA,ELÍAS PIÑA,MINISTERIO DE AGRICULTURA,EMCV,,,0.0,https://indomet.gob.do/wp-content/uploads/2026/07/temperaturas-extremas-y-precipitaciones-2026x07x19-a.pdf
2026-07-19,036,ENRIQUILLO,BARAHONA,MINISTERIO DE AGRICULTURA,EMCV,33.5,23.5,0.0,https://indomet.gob.do/wp-content/uploads/2026/07/temperaturas-extremas-y-precipitaciones-2026x07x19-a.pdf
2026-07-19,037,ENSANCHE LA FE (EMA),DISTRITO NACIONAL,PRIVADA,EMAP,,,0.0,https://indomet.gob.do/wp-content/uploads/2026/07/temperaturas-extremas-y-precipitaciones-2026x07x19-a.pdf
2026-07-19,038,ESCONDIDO,PERAVIA,MINISTERIO DE AGRICULTURA,EMCV,34.0,26.0,0.0,https://indomet.gob.do/wp-content/uploads/2026/07/temperaturas-extremas-y-precipitaciones-2026x07x19-a.pdf
2026-07-19,039,GASPAR HERNÁNDEZ,ESPAILLAT,PROPIEDAD DEL EMPLEADO,EMCI,,,0.0,https://indomet.gob.do/wp-content/uploads/2026/07/temperaturas-extremas-y-precipitaciones-2026x07x19-a.pdf
2026-07-19,040,GURABO,SANTIAGO,MINISTERIO DE AGRICULTURA,EMCV,,,0.0,https://indomet.gob.do/wp-content/uploads/2026/07/temperaturas-extremas-y-precipitaciones-2026x07x19-a.pdf
2026-07-19,041,HATO MAYOR,HATO MAYOR,MINISTERIO DE AGRICULTURA,EMCV,,,0.0,https://indomet.gob.do/wp-content/uploads/2026/07/temperaturas-extremas-y-precipitaciones-2026x07x19-a.pdf
2026-07-19,042,HONDO VALLE,ELÍAS PIÑA,MINISTERIO DE AGRICULTURA,EMCI,29.9,19.8,0.0,https://indomet.gob.do/wp-content/uploads/2026/07/temperaturas-extremas-y-precipitaciones-2026x07x19-a.pdf
2026-07-19,043,JARABACOA,LA VEGA,INDRHI / MARENA,EMCI,33.2,18.0,0.0,https://indomet.gob.do/wp-content/uploads/2026/07/temperaturas-extremas-y-precipitaciones-2026x07x19-a.pdf
2026-07-19,044,JARABACOA (EMA),LA VEGA,PROGRAMA MUNDIAL DE ALIMENTO,EMAP,32.5,19.7,0.0,https://indomet.gob.do/wp-content/uploads/2026/07/temperaturas-extremas-y-precipitaciones-2026x07x19-a.pdf
2026-07-19,045,JARDÍN BOTÁNICO NACIONAL,DISTRITO NACIONAL,JARDÍN BOTÁNICO NACIONAL,EMCV,32.9,22.0,0.0,https://indomet.gob.do/wp-content/uploads/2026/07/temperaturas-extremas-y-precipitaciones-2026x07x19-a.pdf
2026-07-19,046,JARDÍN BOTÁNICO SANTIAGO (EMSANTIAGO,,JARDIN BOTANICO SANTIAGO,EMAI,34.7,27.6,0.0,https://indomet.gob.do/wp-content/uploads/2026/07/temperaturas-extremas-y-precipitaciones-2026x07x19-a.pdf
2026-07-19,047,JIMANÍ,INDEPENDENCIA,MINISTERIO DE AGRICULTURA,EMCI,38.0,25.6,0.0,https://indomet.gob.do/wp-content/uploads/2026/07/temperaturas-extremas-y-precipitaciones-2026x07x19-a.pdf
2026-07-19,048,LA AGUSTINA (EMA),DISTRITO NACIONAL,PRIVADA,EMAP,,,0.0,https://indomet.gob.do/wp-content/uploads/2026/07/temperaturas-extremas-y-precipitaciones-2026x07x19-a.pdf
2026-07-19,049,LA DESCUBIERTA (EMA),INDEPENDENCIA,PRIVADA,EMAP,35.8,24.7,0.0,https://indomet.gob.do/wp-content/uploads/2026/07/temperaturas-extremas-y-precipitaciones-2026x07x19-a.pdf
2026-07-19,050,LA VEGA,LA VEGA,IATESA,EMCI,34.5,23.5,0.0,https://indomet.gob.do/wp-content/uploads/2026/07/temperaturas-extremas-y-precipitaciones-2026x07x19-a.pdf
2026-07-19,051,LAS CANAS (EMA),MONTE CRISTI,PROGRAMA MUNDIAL DE ALIMENTO,EMAP,31.1,24.9,0.0,https://indomet.gob.do/wp-content/uploads/2026/07/temperaturas-extremas-y-precipitaciones-2026x07x19-a.pdf
2026-07-19,052,LAS MATAS DE FARFÁN,SAN JUAN,MINISTERIO DE AGRICULTURA,EMCV,,,0.0,https://indomet.gob.do/wp-content/uploads/2026/07/temperaturas-extremas-y-precipitaciones-2026x07x19-a.pdf
2026-07-19,053,LOS CACICAZGOS (EMA),DISTRITO NACIONAL,PRIVADA,EMAP,,,0.0,https://indomet.gob.do/wp-content/uploads/2026/07/temperaturas-extremas-y-precipitaciones-2026x07x19-a.pdf
2026-07-19,054,LOS COCOS (EMA),BAHORUCO,PRIVADA,EMAP,,,0.0,https://indomet.gob.do/wp-content/uploads/2026/07/temperaturas-extremas-y-precipitaciones-2026x07x19-a.pdf
2026-07-19,055,LOS JARDINES (EMA),DISTRITO NACIONAL,PRIVADA,EMAP,,,0.0,https://indomet.gob.do/wp-content/uploads/2026/07/temperaturas-extremas-y-precipitaciones-2026x07x19-a.pdf
2026-07-19,056,LOS LLANOS,SAN PEDRO DE MACORÍS,MINISTERIO DE AGRICULTURA,EMCI,35.0,23.0,0.0,https://indomet.gob.do/wp-content/uploads/2026/07/temperaturas-extremas-y-precipitaciones-2026x07x19-a.pdf
2026-07-19,057,LOS PRADOS (EMA),DISTRITO NACIONAL,PRIVADA,EMAP,,,0.0,https://indomet.gob.do/wp-content/uploads/2026/07/temperaturas-extremas-y-precipitaciones-2026x07x19-a.pdf
2026-07-19,058,LUPERÓN,PUERTO PLATA,MINISTERIO DE AGRICULTURA,EMCV,,,0.0,https://indomet.gob.do/wp-content/uploads/2026/07/temperaturas-extremas-y-precipitaciones-2026x07x19-a.pdf
2026-07-19,059,MAO,VALVERDE,INDRHI / MINISTERIO DE AGRICULTURA,EMCV,,,0.0,https://indomet.gob.do/wp-content/uploads/2026/07/temperaturas-extremas-y-precipitaciones-2026x07x19-a.pdf
2026-07-19,060,MONCIÓN (EMA),SANTIAGO RODRÍGUEZ,PROGRAMA MUNDIAL DE ALIMENTO,EMAP,34.1,21.6,0.0,https://indomet.gob.do/wp-content/uploads/2026/07/temperaturas-extremas-y-precipitaciones-2026x07x19-a.pdf
2026-07-19,061,MONTE CRISTI,MONTE CRISTI,INDOMET,EMCI,35.1,25.2,0.0,https://indomet.gob.do/wp-content/uploads/2026/07/temperaturas-extremas-y-precipitaciones-2026x07x19-a.pdf
2026-07-19,062,NAVARRETE,SANTIAGO,MINISTERIO DE AGRICULTURA,EMCV,,,0.0,https://indomet.gob.do/wp-content/uploads/2026/07/temperaturas-extremas-y-precipitaciones-2026x07x19-a.pdf
2026-07-19,063,OLIVARES,PEDERNALES,INDRHI,EMCI,,,0.0,https://indomet.gob.do/wp-content/uploads/2026/07/temperaturas-extremas-y-precipitaciones-2026x07x19-a.pdf
2026-07-19,064,OVIEDO,PEDERNALES,CLÍNICA RURAL OVIEDO,EMCI,34.0,25.5,0.0,https://indomet.gob.do/wp-content/uploads/2026/07/temperaturas-extremas-y-precipitaciones-2026x07x19-a.pdf
2026-07-19,065,PADRE LAS CASAS,AZUA,HOSP. NTRA. SRA. DEL CARMEN,EMCI,33.5,20.6,0.0,https://indomet.gob.do/wp-content/uploads/2026/07/temperaturas-extremas-y-precipitaciones-2026x07x19-a.pdf
2026-07-19,066,PALO ÍNDIO,PUERTO PLATA,MINISTERIO DE AGRICULTURA,EMCI,,,0.0,https://indomet.gob.do/wp-content/uploads/2026/07/temperaturas-extremas-y-precipitaciones-2026x07x19-a.pdf
2026-07-19,067,PARQUE MIRADOR SUR,DISTRITO NACIONAL,AYUNTAMIENTO,EMCV,33.8,23.5,0.0,https://indomet.gob.do/wp-content/uploads/2026/07/temperaturas-extremas-y-precipitaciones-2026x07x19-a.pdf
2026-07-19,068,PEDERNALES,PEDERNALES,INDRHI,EMCI,,,0.0,https://indomet.gob.do/wp-content/uploads/2026/07/temperaturas-extremas-y-precipitaciones-2026x07x19-a.pdf
2026-07-19,069,PERALTA,AZUA,HOSP. MPAL. DE PERALTA,EMCI,33.2,19.0,0.0,https://indomet.gob.do/wp-content/uploads/2026/07/temperaturas-extremas-y-precipitaciones-2026x07x19-a.pdf
2026-07-19,070,POLO,BARAHONA,INDOCAFE,EMCI,31.0,20.0,0.0,https://indomet.gob.do/wp-content/uploads/2026/07/temperaturas-extremas-y-precipitaciones-2026x07x19-a.pdf
2026-07-19,071,PONTÓN ABAJO (EMA),LA VEGA,MINISTERIO DE AGRICULTURA,EMAP,,,0.0,https://indomet.gob.do/wp-content/uploads/2026/07/temperaturas-extremas-y-precipitaciones-2026x07x19-a.pdf
2026-07-19,072,PRESA DE TAVERAS (EMA),LA VEGA,PROGRAMA MUNDIAL DE ALIMENTO,EMAP,32.7,22.7,0.0,https://indomet.gob.do/wp-content/uploads/2026/07/temperaturas-extremas-y-precipitaciones-2026x07x19-a.pdf
2026-07-19,073,PROLONGACION 27 DE FEBRERO,DISTRITO NACIONAL,PRIVADA,EMAP,,,0.0,https://indomet.gob.do/wp-content/uploads/2026/07/temperaturas-extremas-y-precipitaciones-2026x07x19-a.pdf
2026-07-19,074,RANCHO ARRIBA,SAN JOSÉ DE OCOA,CENTRO TECNOLÓGICO COMUNITARIO,EMCI,33.0,17.7,0.0,https://indomet.gob.do/wp-content/uploads/2026/07/temperaturas-extremas-y-precipitaciones-2026x07x19-a.pdf
2026-07-19,075,RESTAURACIÓN,DAJABÓN,MINISTERIO DE AGRICULTURA,EMCI,34.6,18.9,0.0,https://indomet.gob.do/wp-content/uploads/2026/07/temperaturas-extremas-y-precipitaciones-2026x07x19-a.pdf
2026-07-19,076,RÍO SAN JUAN,MARÍA TRINIDAD SÁNCHEZ,HOSP. MPAL. DR. DESIDERIO ACOSTA,EMCV,34.0,24.5,0.0,https://indomet.gob.do/wp-content/uploads/2026/07/temperaturas-extremas-y-precipitaciones-2026x07x19-a.pdf
2026-07-19,077,SABANA DE LA MAR,HATO MAYOR,INDOMET,EMCI,32.0,23.4,0.0,https://indomet.gob.do/wp-content/uploads/2026/07/temperaturas-extremas-y-precipitaciones-2026x07x19-a.pdf
2026-07-19,078,SAMANÁ,SAMANÁ,COMANDANCIA DE PUERTO DE SAMANÁ,EMCI,34.5,18.8,0.0,https://indomet.gob.do/wp-content/uploads/2026/07/temperaturas-extremas-y-precipitaciones-2026x07x19-a.pdf
2026-07-19,079,SAN CRISTÓBAL,SAN CRISTÓBAL,INSTITUTO POLITÉCNICO LOYOLA,EMCI,34.5,24.0,0.0,https://indomet.gob.do/wp-content/uploads/2026/07/temperaturas-extremas-y-precipitaciones-2026x07x19-a.pdf
2026-07-19,080,SAN FRANCISCO DE MACORÍS,DUARTE,San Francisco de Macorís (UASD),EMCI,33.1,23.2,0.0,https://indomet.gob.do/wp-content/uploads/2026/07/temperaturas-extremas-y-precipitaciones-2026x07x19-a.pdf
2026-07-19,081,SAN JOSÉ DE OCOA,SAN JOSÉ DE OCOA,HOSP. SAN JOSÉ DE OCOA,EMCI,35.0,22.9,0.0,https://indomet.gob.do/wp-content/uploads/2026/07/temperaturas-extremas-y-precipitaciones-2026x07x19-a.pdf
2026-07-19,082,SAN RAFAEL DEL YUMA,LA ALTAGRACIA,MINISTERIO DE AGRICULTURA,EMCI,35.9,24.0,0.0,https://indomet.gob.do/wp-content/uploads/2026/07/temperaturas-extremas-y-precipitaciones-2026x07x19-a.pdf
2026-07-19,083,SANTIAGO RODRÍGUEZ,SANTIAGO RODRÍGUEZ,INDOMET,EMCI,37.6,23.5,0.0,https://indomet.gob.do/wp-content/uploads/2026/07/temperaturas-extremas-y-precipitaciones-2026x07x19-a.pdf
2026-07-19,084,SANTO DOMINGO ESTE,SANTO DOMINGO,INDOMET,EMCI,33.0,26.0,0.0,https://indomet.gob.do/wp-content/uploads/2026/07/temperaturas-extremas-y-precipitaciones-2026x07x19-a.pdf
2026-07-19,085,TÁBARA ABAJO,AZUA,INDRHI,EMCI,33.5,20.0,0.0,https://indomet.gob.do/wp-content/uploads/2026/07/temperaturas-extremas-y-precipitaciones-2026x07x19-a.pdf
2026-07-19,086,TAMBORIL,SANTIAGO,MINISTERIO DE AGRICULTURA,EMCV,,,0.0,https://indomet.gob.do/wp-content/uploads/2026/07/temperaturas-extremas-y-precipitaciones-2026x07x19-a.pdf
2026-07-19,087,VILLA ALTAGRACIA,SAN CRISTÓBAL,ESCUELA JAVIER ANGULO GURIDI,EMCI,,,0.0,https://indomet.gob.do/wp-content/uploads/2026/07/temperaturas-extremas-y-precipitaciones-2026x07x19-a.pdf
2026-07-19,088,VILLA GONZALES,SANTIAGO,MINISTERIO DE AGRICULTURA,EMCI,,,0.0,https://indomet.gob.do/wp-content/uploads/2026/07/temperaturas-extremas-y-precipitaciones-2026x07x19-a.pdf
2026-07-19,089,VILLA ISABELA,PUERTO PLATA,MINISTERIO DE AGRICULTURA,EMCV,34.8,21.8,0.0,https://indomet.gob.do/wp-content/uploads/2026/07/temperaturas-extremas-y-precipitaciones-2026x07x19-a.pdf
2026-07-19,090,VILLA VÁSQUEZ,MONTE CRISTI,PROPIEDAD DEL EMPLEADO,EMCI,,,0.0,https://indomet.gob.do/wp-content/uploads/2026/07/temperaturas-extremas-y-precipitaciones-2026x07x19-a.pdf
2026-07-19,091,VILLA VASQUEZ (EMA),MONTE CRISTI,JUNTA DE REGANTES,EMAI,,,0.0,https://indomet.gob.do/wp-content/uploads/2026/07/temperaturas-extremas-y-precipitaciones-2026x07x19-a.pdf
2026-07-20,001,ELÍAS PIÑA,ELÍAS PIÑA,MINISTERIO DE AGRICULTURA,EMCV,,,28.0,https://indomet.gob.do/wp-content/uploads/2026/07/temperaturas-extremas-y-precipitaciones-2026x07x20-a.pdf
2026-07-20,002,LOS COCOS (EMA),BAHORUCO,PRIVADA,EMAP,,,10.4,https://indomet.gob.do/wp-content/uploads/2026/07/temperaturas-extremas-y-precipitaciones-2026x07x20-a.pdf
2026-07-20,003,HONDO VALLE,ELÍAS PIÑA,MINISTERIO DE AGRICULTURA,EMCI,29.1,18.8,9.7,https://indomet.gob.do/wp-content/uploads/2026/07/temperaturas-extremas-y-precipitaciones-2026x07x20-a.pdf
2026-07-20,004,ANAMUYA (EMA),LA ALTAGRACIA,MINISTERIO DE AGRICULTURA,EMAP,34.4,24.9,7.8,https://indomet.gob.do/wp-content/uploads/2026/07/temperaturas-extremas-y-precipitaciones-2026x07x20-a.pdf
2026-07-20,005,LOS LLANOS,SAN PEDRO DE MACORÍS,MINISTERIO DE AGRICULTURA,EMCI,34.9,22.0,7.0,https://indomet.gob.do/wp-content/uploads/2026/07/temperaturas-extremas-y-precipitaciones-2026x07x20-a.pdf
2026-07-20,006,SABANA DE LA MAR,HATO MAYOR,INDOMET,EMCI,32.0,23.0,1.0,https://indomet.gob.do/wp-content/uploads/2026/07/temperaturas-extremas-y-precipitaciones-2026x07x20-a.pdf
2026-07-20,007,SABANETA (EMA),SANTIAGO RODRÍGUEZ,PROGRAMA MUNDIAL DE ALIMENTO,EMAP,37.9,22.4,0.8,https://indomet.gob.do/wp-content/uploads/2026/07/temperaturas-extremas-y-precipitaciones-2026x07x20-a.pdf
2026-07-20,008,BAYAGUANA,MONTE PLATA,INDOMET,EMCI,34.6,22.4,0.2,https://indomet.gob.do/wp-content/uploads/2026/07/temperaturas-extremas-y-precipitaciones-2026x07x20-a.pdf
2026-07-20,009,ARPT. DE PUNTA CANA,LA ALTAGRACIA,INDOMET,EMCI,32.5,26.0,0.1,https://indomet.gob.do/wp-content/uploads/2026/07/temperaturas-extremas-y-precipitaciones-2026x07x20-a.pdf
2026-07-20,010,ALTAMIRA,PUERTO PLATA,HOSP. MPAL. DE ALTAMIRA,EMCI,36.2,19.6,0.0,https://indomet.gob.do/wp-content/uploads/2026/07/temperaturas-extremas-y-precipitaciones-2026x07x20-a.pdf
2026-07-20,011,ALTO BANDERA (EMA),LA VEGA,INTEC,EMAP,18.7,7.2,0.0,https://indomet.gob.do/wp-content/uploads/2026/07/temperaturas-extremas-y-precipitaciones-2026x07x20-a.pdf
2026-07-20,012,ARPT. DE LA ROMANA,LA ROMANA,INDOMET,EMCI,35.2,23.5,0.0,https://indomet.gob.do/wp-content/uploads/2026/07/temperaturas-extremas-y-precipitaciones-2026x07x20-a.pdf
2026-07-20,013,ARPT. DE LAS AMÉRICAS,SANTO DOMINGO,INDOMET,EMCI,34.5,23.5,0.0,https://indomet.gob.do/wp-content/uploads/2026/07/temperaturas-extremas-y-precipitaciones-2026x07x20-a.pdf
2026-07-20,014,ARPT. DEL CIBAO,SANTIAGO,INDOMET,EMCI,35.0,22.4,0.0,https://indomet.gob.do/wp-content/uploads/2026/07/temperaturas-extremas-y-precipitaciones-2026x07x20-a.pdf
2026-07-20,015,ARPT. EL CATEY,SAMANÁ,INDOMET,EMCI,32.5,,0.0,https://indomet.gob.do/wp-content/uploads/2026/07/temperaturas-extremas-y-precipitaciones-2026x07x20-a.pdf
2026-07-20,016,ARPT. GREGORIO LUPERÓN,PUERTO PLATA,INDOMET,EMCI,33.2,22.8,0.0,https://indomet.gob.do/wp-content/uploads/2026/07/temperaturas-extremas-y-precipitaciones-2026x07x20-a.pdf
2026-07-20,017,ARPT. LA ISABELA,SANTO DOMINGO,INDOMET,EMCI,35.2,23.0,0.0,https://indomet.gob.do/wp-content/uploads/2026/07/temperaturas-extremas-y-precipitaciones-2026x07x20-a.pdf
2026-07-20,018,ARPT. MARÍA MONTEZ,BARAHONA,INDOMET,EMCI,34.0,25.6,0.0,https://indomet.gob.do/wp-content/uploads/2026/07/temperaturas-extremas-y-precipitaciones-2026x07x20-a.pdf
2026-07-20,019,ARROYO LORO,SAN JUAN,IDIAF,EMCI,35.5,20.5,0.0,https://indomet.gob.do/wp-content/uploads/2026/07/temperaturas-extremas-y-precipitaciones-2026x07x20-a.pdf
2026-07-20,020,BANI (EMA),PERAVIA,MINISTERIO DE AGRICULTURA,EMAP,33.9,26.2,0.0,https://indomet.gob.do/wp-content/uploads/2026/07/temperaturas-extremas-y-precipitaciones-2026x07x20-a.pdf
2026-07-20,021,BASE AÉREA DE SAN ISIDRO,SANTO DOMINGO,FUERZA AÉREA DOMINICANA,EMCV,33.0,24.0,0.0,https://indomet.gob.do/wp-content/uploads/2026/07/temperaturas-extremas-y-precipitaciones-2026x07x20-a.pdf
2026-07-20,022,BELLA VISTA (EMA),DISTRITO NACIONAL,PRIVADA,EMAP,,,0.0,https://indomet.gob.do/wp-content/uploads/2026/07/temperaturas-extremas-y-precipitaciones-2026x07x20-a.pdf
2026-07-20,023,BOCA DE MAO (EMA),VALVERDE,MINISTERIO DE AGRICULTURA,EMAP,37.2,24.3,0.0,https://indomet.gob.do/wp-content/uploads/2026/07/temperaturas-extremas-y-precipitaciones-2026x07x20-a.pdf
2026-07-20,024,BONAO,MONSEÑOR NOUEL,MINISTERIO DE AGRICULTURA,EMCV,,,0.0,https://indomet.gob.do/wp-content/uploads/2026/07/temperaturas-extremas-y-precipitaciones-2026x07x20-a.pdf
2026-07-20,025,BUCARA (EMA),SANTIAGO,MINISTERIO DE AGRICULTURA,EMAI,,,0.0,https://indomet.gob.do/wp-content/uploads/2026/07/temperaturas-extremas-y-precipitaciones-2026x07x20-a.pdf
2026-07-20,026,CABRAL,BARAHONA,MINISTERIO DE AGRICULTURA,EMCV,36.0,25.7,0.0,https://indomet.gob.do/wp-content/uploads/2026/07/temperaturas-extremas-y-precipitaciones-2026x07x20-a.pdf
2026-07-20,027,CABRERA,MARÍA TRINIDAD SÁNCHEZ,ESCUELA ARÍSTIDES FIALLO CABRAL,EMCI,34.5,27.4,0.0,https://indomet.gob.do/wp-content/uploads/2026/07/temperaturas-extremas-y-precipitaciones-2026x07x20-a.pdf
2026-07-20,028,CENTRO DE LOS HEROES (EMA),DISTRITO NACIONAL,MINISTERIO DE ENERGIA Y MINA,EMAP,32.9,26.2,0.0,https://indomet.gob.do/wp-content/uploads/2026/07/temperaturas-extremas-y-precipitaciones-2026x07x20-a.pdf
2026-07-20,029,CONSTANZA,LA VEGA,MINISTERIO DE AGRICULTURA,EMCI,29.0,10.5,0.0,https://indomet.gob.do/wp-content/uploads/2026/07/temperaturas-extremas-y-precipitaciones-2026x07x20-a.pdf
2026-07-20,030,CONSTANZA (EMA),LA VEGA,PROGRAMA MUNDIAL DE ALIMENTO,EMAP,28.0,12.7,0.0,https://indomet.gob.do/wp-content/uploads/2026/07/temperaturas-extremas-y-precipitaciones-2026x07x20-a.pdf
2026-07-20,031,DAJABÓN,DAJABÓN,INSTITUTO POLITÉCNICO LOYOLA,EMCI,36.3,20.4,0.0,https://indomet.gob.do/wp-content/uploads/2026/07/temperaturas-extremas-y-precipitaciones-2026x07x20-a.pdf
2026-07-20,032,EL MILLON (EMA),DISTRITO NACIONAL,PRIVADA,EMAP,,,0.0,https://indomet.gob.do/wp-content/uploads/2026/07/temperaturas-extremas-y-precipitaciones-2026x07x20-a.pdf
2026-07-20,033,ENRIQUILLO,BARAHONA,MINISTERIO DE AGRICULTURA,EMCV,34.0,24.3,0.0,https://indomet.gob.do/wp-content/uploads/2026/07/temperaturas-extremas-y-precipitaciones-2026x07x20-a.pdf
2026-07-20,034,ENSANCHE LA FE (EMA),DISTRITO NACIONAL,PRIVADA,EMAP,,,0.0,https://indomet.gob.do/wp-content/uploads/2026/07/temperaturas-extremas-y-precipitaciones-2026x07x20-a.pdf
2026-07-20,035,ESCONDIDO,PERAVIA,MINISTERIO DE AGRICULTURA,EMCV,34.0,27.0,0.0,https://indomet.gob.do/wp-content/uploads/2026/07/temperaturas-extremas-y-precipitaciones-2026x07x20-a.pdf
2026-07-20,036,GASPAR HERNÁNDEZ,ESPAILLAT,PROPIEDAD DEL EMPLEADO,EMCI,,,0.0,https://indomet.gob.do/wp-content/uploads/2026/07/temperaturas-extremas-y-precipitaciones-2026x07x20-a.pdf
2026-07-20,037,GURABO,SANTIAGO,MINISTERIO DE AGRICULTURA,EMCV,,,0.0,https://indomet.gob.do/wp-content/uploads/2026/07/temperaturas-extremas-y-precipitaciones-2026x07x20-a.pdf
2026-07-20,038,HATO MAYOR,HATO MAYOR,MINISTERIO DE AGRICULTURA,EMCV,,,0.0,https://indomet.gob.do/wp-content/uploads/2026/07/temperaturas-extremas-y-precipitaciones-2026x07x20-a.pdf
2026-07-20,039,JARABACOA,LA VEGA,INDRHI / MARENA,EMCI,32.8,16.8,0.0,https://indomet.gob.do/wp-content/uploads/2026/07/temperaturas-extremas-y-precipitaciones-2026x07x20-a.pdf
2026-07-20,040,JARABACOA (EMA),LA VEGA,PROGRAMA MUNDIAL DE ALIMENTO,EMAP,32.3,18.4,0.0,https://indomet.gob.do/wp-content/uploads/2026/07/temperaturas-extremas-y-precipitaciones-2026x07x20-a.pdf
2026-07-20,041,JARDÍN BOTÁNICO NACIONAL,DISTRITO NACIONAL,JARDÍN BOTÁNICO NACIONAL,EMCV,31.5,22.4,0.0,https://indomet.gob.do/wp-content/uploads/2026/07/temperaturas-extremas-y-precipitaciones-2026x07x20-a.pdf
2026-07-20,042,JARDÍN BOTÁNICO SANTIAGO (EMSANTIAGO,,JARDIN BOTANICO SANTIAGO,EMAI,35.9,27.5,0.0,https://indomet.gob.do/wp-content/uploads/2026/07/temperaturas-extremas-y-precipitaciones-2026x07x20-a.pdf
2026-07-20,043,JIMANÍ,INDEPENDENCIA,MINISTERIO DE AGRICULTURA,EMCI,37.6,27.0,0.0,https://indomet.gob.do/wp-content/uploads/2026/07/temperaturas-extremas-y-precipitaciones-2026x07x20-a.pdf
2026-07-20,044,JUMA BEJUCAL,MONSEÑOR NOUEL,IDIAF,EMCV,35.0,24.2,0.0,https://indomet.gob.do/wp-content/uploads/2026/07/temperaturas-extremas-y-precipitaciones-2026x07x20-a.pdf
2026-07-20,045,LA AGUSTINA (EMA),DISTRITO NACIONAL,PRIVADA,EMAP,,,0.0,https://indomet.gob.do/wp-content/uploads/2026/07/temperaturas-extremas-y-precipitaciones-2026x07x20-a.pdf
2026-07-20,046,LA DESCUBIERTA (EMA),INDEPENDENCIA,PRIVADA,EMAP,35.7,25.6,0.0,https://indomet.gob.do/wp-content/uploads/2026/07/temperaturas-extremas-y-precipitaciones-2026x07x20-a.pdf
2026-07-20,047,LA VEGA,LA VEGA,IATESA,EMCI,35.0,22.5,0.0,https://indomet.gob.do/wp-content/uploads/2026/07/temperaturas-extremas-y-precipitaciones-2026x07x20-a.pdf
2026-07-20,048,LA VICTORIA,SANTO DOMINGO,CUERPO DE BOMBEROS,EMCI,34.0,22.8,0.0,https://indomet.gob.do/wp-content/uploads/2026/07/temperaturas-extremas-y-precipitaciones-2026x07x20-a.pdf
2026-07-20,049,LAS CANAS (EMA),MONTE CRISTI,PROGRAMA MUNDIAL DE ALIMENTO,EMAP,31.8,23.5,0.0,https://indomet.gob.do/wp-content/uploads/2026/07/temperaturas-extremas-y-precipitaciones-2026x07x20-a.pdf
2026-07-20,050,LOS JARDINES (EMA),DISTRITO NACIONAL,PRIVADA,EMAP,,,0.0,https://indomet.gob.do/wp-content/uploads/2026/07/temperaturas-extremas-y-precipitaciones-2026x07x20-a.pdf
2026-07-20,051,MAO,VALVERDE,INDRHI / MINISTERIO DE AGRICULTURA,EMCV,,,0.0,https://indomet.gob.do/wp-content/uploads/2026/07/temperaturas-extremas-y-precipitaciones-2026x07x20-a.pdf
2026-07-20,052,MICHES (EMA),EL SEIBO,PRIVADA,EMAP,33.6,22.9,0.0,https://indomet.gob.do/wp-content/uploads/2026/07/temperaturas-extremas-y-precipitaciones-2026x07x20-a.pdf
2026-07-20,053,MONCIÓN (EMA),SANTIAGO RODRÍGUEZ,PROGRAMA MUNDIAL DE ALIMENTO,EMAP,34.1,18.8,0.0,https://indomet.gob.do/wp-content/uploads/2026/07/temperaturas-extremas-y-precipitaciones-2026x07x20-a.pdf
2026-07-20,054,MONTE CRISTI,MONTE CRISTI,INDOMET,EMCI,35.2,25.3,0.0,https://indomet.gob.do/wp-content/uploads/2026/07/temperaturas-extremas-y-precipitaciones-2026x07x20-a.pdf
2026-07-20,055,NAVARRETE,SANTIAGO,MINISTERIO DE AGRICULTURA,EMCV,,,0.0,https://indomet.gob.do/wp-content/uploads/2026/07/temperaturas-extremas-y-precipitaciones-2026x07x20-a.pdf
2026-07-20,056,OLIVARES,PEDERNALES,INDRHI,EMCI,,,0.0,https://indomet.gob.do/wp-content/uploads/2026/07/temperaturas-extremas-y-precipitaciones-2026x07x20-a.pdf
2026-07-20,057,OVIEDO,PEDERNALES,CLÍNICA RURAL OVIEDO,EMCI,34.2,25.5,0.0,https://indomet.gob.do/wp-content/uploads/2026/07/temperaturas-extremas-y-precipitaciones-2026x07x20-a.pdf
2026-07-20,058,PADRE LAS CASAS,AZUA,HOSP. NTRA. SRA. DEL CARMEN,EMCI,34.0,19.5,0.0,https://indomet.gob.do/wp-content/uploads/2026/07/temperaturas-extremas-y-precipitaciones-2026x07x20-a.pdf
2026-07-20,059,PALO ÍNDIO,PUERTO PLATA,MINISTERIO DE AGRICULTURA,EMCI,,,0.0,https://indomet.gob.do/wp-content/uploads/2026/07/temperaturas-extremas-y-precipitaciones-2026x07x20-a.pdf
2026-07-20,060,PEDERNALES,PEDERNALES,INDRHI,EMCI,,,0.0,https://indomet.gob.do/wp-content/uploads/2026/07/temperaturas-extremas-y-precipitaciones-2026x07x20-a.pdf
2026-07-20,061,PERALTA,AZUA,HOSP. MPAL. DE PERALTA,EMCI,32.9,19.1,0.0,https://indomet.gob.do/wp-content/uploads/2026/07/temperaturas-extremas-y-precipitaciones-2026x07x20-a.pdf
2026-07-20,062,POLO,BARAHONA,INDOCAFE,EMCI,31.5,17.2,0.0,https://indomet.gob.do/wp-content/uploads/2026/07/temperaturas-extremas-y-precipitaciones-2026x07x20-a.pdf
2026-07-20,063,PONTÓN ABAJO (EMA),LA VEGA,MINISTERIO DE AGRICULTURA,EMAP,36.3,23.3,0.0,https://indomet.gob.do/wp-content/uploads/2026/07/temperaturas-extremas-y-precipitaciones-2026x07x20-a.pdf
2026-07-20,064,PRESA DE TAVERAS (EMA),LA VEGA,PROGRAMA MUNDIAL DE ALIMENTO,EMAP,33.1,21.9,0.0,https://indomet.gob.do/wp-content/uploads/2026/07/temperaturas-extremas-y-precipitaciones-2026x07x20-a.pdf
2026-07-20,065,PROLONGACION 27 DE FEBRERO,DISTRITO NACIONAL,PRIVADA,EMAP,,,0.0,https://indomet.gob.do/wp-content/uploads/2026/07/temperaturas-extremas-y-precipitaciones-2026x07x20-a.pdf
2026-07-20,066,RANCHO ARRIBA,SAN JOSÉ DE OCOA,CENTRO TECNOLÓGICO COMUNITARIO,EMCI,33.4,17.3,0.0,https://indomet.gob.do/wp-content/uploads/2026/07/temperaturas-extremas-y-precipitaciones-2026x07x20-a.pdf
2026-07-20,067,RESTAURACIÓN,DAJABÓN,MINISTERIO DE AGRICULTURA,EMCI,34.4,18.7,0.0,https://indomet.gob.do/wp-content/uploads/2026/07/temperaturas-extremas-y-precipitaciones-2026x07x20-a.pdf
2026-07-20,068,RÍO SAN JUAN,MARÍA TRINIDAD SÁNCHEZ,HOSP. MPAL. DR. DESIDERIO ACOSTA,EMCV,34.9,23.5,0.0,https://indomet.gob.do/wp-content/uploads/2026/07/temperaturas-extremas-y-precipitaciones-2026x07x20-a.pdf
2026-07-20,069,SABANA GRANDE DE BOYÁ,MONTE PLATA,MINISTERIO DE AGRICULTURA,EMCV,,,0.0,https://indomet.gob.do/wp-content/uploads/2026/07/temperaturas-extremas-y-precipitaciones-2026x07x20-a.pdf
2026-07-20,070,SAJOMA (EMA),SANTIAGO,PLAN SIERRA,EMAI,32.5,24.6,0.0,https://indomet.gob.do/wp-content/uploads/2026/07/temperaturas-extremas-y-precipitaciones-2026x07x20-a.pdf
2026-07-20,071,SALCEDO,HERMANAS MIRABAL,PROPIEDAD DEL EMPLEADO,EMCI,,,0.0,https://indomet.gob.do/wp-content/uploads/2026/07/temperaturas-extremas-y-precipitaciones-2026x07x20-a.pdf
2026-07-20,072,SAMANÁ,SAMANÁ,COMANDANCIA DE PUERTO DE SAMANÁ,EMCI,34.8,18.0,0.0,https://indomet.gob.do/wp-content/uploads/2026/07/temperaturas-extremas-y-precipitaciones-2026x07x20-a.pdf
2026-07-20,073,SAN CRISTÓBAL,SAN CRISTÓBAL,INSTITUTO POLITÉCNICO LOYOLA,EMCI,34.5,25.0,0.0,https://indomet.gob.do/wp-content/uploads/2026/07/temperaturas-extremas-y-precipitaciones-2026x07x20-a.pdf
2026-07-20,074,SAN FRANCISCO DE MACORÍS,DUARTE,San Francisco de Macorís (UASD),EMCI,35.5,22.4,0.0,https://indomet.gob.do/wp-content/uploads/2026/07/temperaturas-extremas-y-precipitaciones-2026x07x20-a.pdf
2026-07-20,075,SAN JOSÉ DE OCOA,SAN JOSÉ DE OCOA,HOSP. SAN JOSÉ DE OCOA,EMCI,35.4,22.6,0.0,https://indomet.gob.do/wp-content/uploads/2026/07/temperaturas-extremas-y-precipitaciones-2026x07x20-a.pdf
2026-07-20,076,SAN RAFAEL DEL YUMA,LA ALTAGRACIA,MINISTERIO DE AGRICULTURA,EMCI,36.7,23.3,0.0,https://indomet.gob.do/wp-content/uploads/2026/07/temperaturas-extremas-y-precipitaciones-2026x07x20-a.pdf
2026-07-20,077,SÁNCHEZ,SAMANÁ,MINISTERIO DE AGRICULTURA,EMCI,33.5,26.6,0.0,https://indomet.gob.do/wp-content/uploads/2026/07/temperaturas-extremas-y-precipitaciones-2026x07x20-a.pdf
2026-07-20,078,SANTIAGO (CENTRO),SANTIAGO,HUACALITO,EMCI,,,0.0,https://indomet.gob.do/wp-content/uploads/2026/07/temperaturas-extremas-y-precipitaciones-2026x07x20-a.pdf
2026-07-20,079,SANTIAGO RODRÍGUEZ,SANTIAGO RODRÍGUEZ,INDOMET,EMCI,38.0,23.6,0.0,https://indomet.gob.do/wp-content/uploads/2026/07/temperaturas-extremas-y-precipitaciones-2026x07x20-a.pdf
2026-07-20,080,SANTO DOMINGO ESTE,SANTO DOMINGO,INDOMET,EMCI,36.1,26.2,0.0,https://indomet.gob.do/wp-content/uploads/2026/07/temperaturas-extremas-y-precipitaciones-2026x07x20-a.pdf
2026-07-20,081,TÁBARA ABAJO,AZUA,INDRHI,EMCI,32.5,19.0,0.0,https://indomet.gob.do/wp-content/uploads/2026/07/temperaturas-extremas-y-precipitaciones-2026x07x20-a.pdf
2026-07-20,082,VILLA ALTAGRACIA,SAN CRISTÓBAL,ESCUELA JAVIER ANGULO GURIDI,EMCI,,,0.0,https://indomet.gob.do/wp-content/uploads/2026/07/temperaturas-extremas-y-precipitaciones-2026x07x20-a.pdf
2026-07-20,083,VILLA GONZALES,SANTIAGO,MINISTERIO DE AGRICULTURA,EMCI,,,0.0,https://indomet.gob.do/wp-content/uploads/2026/07/temperaturas-extremas-y-precipitaciones-2026x07x20-a.pdf
2026-07-20,084,VILLA ISABELA,PUERTO PLATA,MINISTERIO DE AGRICULTURA,EMCV,34.8,20.2,0.0,https://indomet.gob.do/wp-content/uploads/2026/07/temperaturas-extremas-y-precipitaciones-2026x07x20-a.pdf
2026-07-20,085,VILLA RIVA,DUARTE,HOSP. MPAL. ALICIA DE LEGENDRE,EMCI,34.0,23.4,0.0,https://indomet.gob.do/wp-content/uploads/2026/07/temperaturas-extremas-y-precipitaciones-2026x07x20-a.pdf
2026-07-20,086,VILLA VASQUEZ (EMA),MONTE CRISTI,JUNTA DE REGANTES,EMAI,,,0.0,https://indomet.gob.do/wp-content/uploads/2026/07/temperaturas-extremas-y-precipitaciones-2026x07x20-a.pdf
2026-07-21,001,GASPAR HERNÁNDEZ,ESPAILLAT,PROPIEDAD DEL EMPLEADO,EMCI,,,9.2,https://indomet.gob.do/wp-content/uploads/2026/07/temperaturas-extremas-y-precipitaciones-2026x07x21-a.pdf
2026-07-21,003,VILLA RIVA,DUARTE,HOSP. MPAL. ALICIA DE LEGENDRE,EMCI,33.0,23.3,5.8,https://indomet.gob.do/wp-content/uploads/2026/07/temperaturas-extremas-y-precipitaciones-2026x07x21-a.pdf
2026-07-21,004,JARABACOA (EMA),LA VEGA,PROGRAMA MUNDIAL DE ALIMENTO,EMAP,32.1,19.3,4.6,https://indomet.gob.do/wp-content/uploads/2026/07/temperaturas-extremas-y-precipitaciones-2026x07x21-a.pdf
2026-07-21,005,JARABACOA,LA VEGA,INDRHI / MARENA,EMCI,33.0,17.6,4.1,https://indomet.gob.do/wp-content/uploads/2026/07/temperaturas-extremas-y-precipitaciones-2026x07x21-a.pdf
2026-07-21,006,SABANA DE LA MAR,HATO MAYOR,INDOMET,EMCI,32.2,24.4,3.8,https://indomet.gob.do/wp-content/uploads/2026/07/temperaturas-extremas-y-precipitaciones-2026x07x21-a.pdf
2026-07-21,007,ARPT. EL CATEY,SAMANÁ,INDOMET,EMCI,32.5,,3.3,https://indomet.gob.do/wp-content/uploads/2026/07/temperaturas-extremas-y-precipitaciones-2026x07x21-a.pdf
2026-07-21,008,CABRERA,MARÍA TRINIDAD SÁNCHEZ,ESCUELA ARÍSTIDES FIALLO CABRAL,EMCI,35.0,27.6,2.6,https://indomet.gob.do/wp-content/uploads/2026/07/temperaturas-extremas-y-precipitaciones-2026x07x21-a.pdf
2026-07-21,009,BUCARA (EMA),SANTIAGO,MINISTERIO DE AGRICULTURA,EMAI,,,1.4,https://indomet.gob.do/wp-content/uploads/2026/07/temperaturas-extremas-y-precipitaciones-2026x07x21-a.pdf
2026-07-21,010,RÍO SAN JUAN,MARÍA TRINIDAD SÁNCHEZ,HOSP. MPAL. DR. DESIDERIO ACOSTA,EMCV,33.8,24.4,1.2,https://indomet.gob.do/wp-content/uploads/2026/07/temperaturas-extremas-y-precipitaciones-2026x07x21-a.pdf
2026-07-21,011,PONTÓN ABAJO (EMA),LA VEGA,MINISTERIO DE AGRICULTURA,EMAP,36.2,23.7,1.0,https://indomet.gob.do/wp-content/uploads/2026/07/temperaturas-extremas-y-precipitaciones-2026x07x21-a.pdf
2026-07-21,012,SAMANÁ,SAMANÁ,COMANDANCIA DE PUERTO DE SAMANÁ,EMCI,34.9,17.9,1.0,https://indomet.gob.do/wp-content/uploads/2026/07/temperaturas-extremas-y-precipitaciones-2026x07x21-a.pdf
2026-07-21,013,ARPT. DE LA ROMANA,LA ROMANA,INDOMET,EMCI,35.1,22.6,0.9,https://indomet.gob.do/wp-content/uploads/2026/07/temperaturas-extremas-y-precipitaciones-2026x07x21-a.pdf
2026-07-21,014,LUPERÓN,PUERTO PLATA,MINISTERIO DE AGRICULTURA,EMCV,,,0.5,https://indomet.gob.do/wp-content/uploads/2026/07/temperaturas-extremas-y-precipitaciones-2026x07x21-a.pdf
2026-07-21,015,SÁNCHEZ,SAMANÁ,MINISTERIO DE AGRICULTURA,EMCI,34.6,23.7,0.3,https://indomet.gob.do/wp-content/uploads/2026/07/temperaturas-extremas-y-precipitaciones-2026x07x21-a.pdf
2026-07-21,016,ANAMUYA (EMA),LA ALTAGRACIA,MINISTERIO DE AGRICULTURA,EMAP,33.6,25.1,0.2,https://indomet.gob.do/wp-content/uploads/2026/07/temperaturas-extremas-y-precipitaciones-2026x07x21-a.pdf
2026-07-21,017,ARPT. GREGORIO LUPERÓN,PUERTO PLATA,INDOMET,EMCI,32.8,22.4,0.2,https://indomet.gob.do/wp-content/uploads/2026/07/temperaturas-extremas-y-precipitaciones-2026x07x21-a.pdf
2026-07-21,018,ARPT. DE PUNTA CANA,LA ALTAGRACIA,INDOMET,EMCI,32.5,23.5,0.1,https://indomet.gob.do/wp-content/uploads/2026/07/temperaturas-extremas-y-precipitaciones-2026x07x21-a.pdf
2026-07-21,019,JARDÍN BOTÁNICO SANTIAGO (EMSANTIAGO,,JARDIN BOTANICO SANTIAGO,EMAI,34.6,24.7,0.0,https://indomet.gob.do/wp-content/uploads/2026/07/temperaturas-extremas-y-precipitaciones-2026x07x21-a.pdf
2026-07-21,020,SAJOMA (EMA),SANTIAGO,PLAN SIERRA,EMAI,32.9,25.2,0.0,https://indomet.gob.do/wp-content/uploads/2026/07/temperaturas-extremas-y-precipitaciones-2026x07x21-a.pdf
2026-07-21,021,ALTO BANDERA (EMA),LA VEGA,INTEC,EMAP,18.2,6.4,0.0,https://indomet.gob.do/wp-content/uploads/2026/07/temperaturas-extremas-y-precipitaciones-2026x07x21-a.pdf
2026-07-21,022,BANI (EMA),PERAVIA,MINISTERIO DE AGRICULTURA,EMAP,36.1,25.8,0.0,https://indomet.gob.do/wp-content/uploads/2026/07/temperaturas-extremas-y-precipitaciones-2026x07x21-a.pdf
2026-07-21,023,BELLA VISTA (EMA),DISTRITO NACIONAL,PRIVADA,EMAP,,,0.0,https://indomet.gob.do/wp-content/uploads/2026/07/temperaturas-extremas-y-precipitaciones-2026x07x21-a.pdf
2026-07-21,024,BOCA DE MAO (EMA),VALVERDE,MINISTERIO DE AGRICULTURA,EMAP,37.2,23.3,0.0,https://indomet.gob.do/wp-content/uploads/2026/07/temperaturas-extremas-y-precipitaciones-2026x07x21-a.pdf
2026-07-21,025,CENTRO DE LOS HEROES (EMA),DISTRITO NACIONAL,MINISTERIO DE ENERGIA Y MINA,EMAP,34.9,27.0,0.0,https://indomet.gob.do/wp-content/uploads/2026/07/temperaturas-extremas-y-precipitaciones-2026x07x21-a.pdf
2026-07-21,026,CONSTANZA (EMA),LA VEGA,PROGRAMA MUNDIAL DE ALIMENTO,EMAP,27.2,16.5,0.0,https://indomet.gob.do/wp-content/uploads/2026/07/temperaturas-extremas-y-precipitaciones-2026x07x21-a.pdf
2026-07-21,027,LA AGUSTINA (EMA),DISTRITO NACIONAL,PRIVADA,EMAP,,,0.0,https://indomet.gob.do/wp-content/uploads/2026/07/temperaturas-extremas-y-precipitaciones-2026x07x21-a.pdf
2026-07-21,028,LA DESCUBIERTA (EMA),INDEPENDENCIA,PRIVADA,EMAP,36.2,24.9,0.0,https://indomet.gob.do/wp-content/uploads/2026/07/temperaturas-extremas-y-precipitaciones-2026x07x21-a.pdf
2026-07-21,029,LAS CANAS (EMA),MONTE CRISTI,PROGRAMA MUNDIAL DE ALIMENTO,EMAP,30.3,24.4,0.0,https://indomet.gob.do/wp-content/uploads/2026/07/temperaturas-extremas-y-precipitaciones-2026x07x21-a.pdf
2026-07-21,030,LOS COCOS (EMA),BAHORUCO,PRIVADA,EMAP,,,0.0,https://indomet.gob.do/wp-content/uploads/2026/07/temperaturas-extremas-y-precipitaciones-2026x07x21-a.pdf
2026-07-21,031,LOS JARDINES (EMA),DISTRITO NACIONAL,PRIVADA,EMAP,,,0.0,https://indomet.gob.do/wp-content/uploads/2026/07/temperaturas-extremas-y-precipitaciones-2026x07x21-a.pdf
2026-07-21,032,MICHES (EMA),EL SEIBO,PRIVADA,EMAP,32.3,23.8,0.0,https://indomet.gob.do/wp-content/uploads/2026/07/temperaturas-extremas-y-precipitaciones-2026x07x21-a.pdf
2026-07-21,033,MONCIÓN (EMA),SANTIAGO RODRÍGUEZ,PROGRAMA MUNDIAL DE ALIMENTO,EMAP,33.9,20.6,0.0,https://indomet.gob.do/wp-content/uploads/2026/07/temperaturas-extremas-y-precipitaciones-2026x07x21-a.pdf
2026-07-21,034,PRESA DE TAVERAS (EMA),LA VEGA,PROGRAMA MUNDIAL DE ALIMENTO,EMAP,33.7,22.0,0.0,https://indomet.gob.do/wp-content/uploads/2026/07/temperaturas-extremas-y-precipitaciones-2026x07x21-a.pdf
2026-07-21,035,PROLONGACION 27 DE FEBRERO,DISTRITO NACIONAL,PRIVADA,EMAP,,,0.0,https://indomet.gob.do/wp-content/uploads/2026/07/temperaturas-extremas-y-precipitaciones-2026x07x21-a.pdf
2026-07-21,036,SABANETA (EMA),SANTIAGO RODRÍGUEZ,PROGRAMA MUNDIAL DE ALIMENTO,EMAP,37.2,22.9,0.0,https://indomet.gob.do/wp-content/uploads/2026/07/temperaturas-extremas-y-precipitaciones-2026x07x21-a.pdf
2026-07-21,037,ALTAMIRA,PUERTO PLATA,HOSP. MPAL. DE ALTAMIRA,EMCI,33.7,20.4,0.0,https://indomet.gob.do/wp-content/uploads/2026/07/temperaturas-extremas-y-precipitaciones-2026x07x21-a.pdf
2026-07-21,038,ARPT. ARROYO BARRIL,SAMANÁ,INDOMET,EMCI,31.3,23.8,0.0,https://indomet.gob.do/wp-content/uploads/2026/07/temperaturas-extremas-y-precipitaciones-2026x07x21-a.pdf
2026-07-21,039,ARPT. DE LAS AMÉRICAS,SANTO DOMINGO,INDOMET,EMCI,34.2,23.0,0.0,https://indomet.gob.do/wp-content/uploads/2026/07/temperaturas-extremas-y-precipitaciones-2026x07x21-a.pdf
2026-07-21,040,ARPT. DEL CIBAO,SANTIAGO,INDOMET,EMCI,35.2,22.2,0.0,https://indomet.gob.do/wp-content/uploads/2026/07/temperaturas-extremas-y-precipitaciones-2026x07x21-a.pdf
2026-07-21,041,ARPT. LA ISABELA,SANTO DOMINGO,INDOMET,EMCI,35.6,23.0,0.0,https://indomet.gob.do/wp-content/uploads/2026/07/temperaturas-extremas-y-precipitaciones-2026x07x21-a.pdf
2026-07-21,042,ARPT. MARÍA MONTEZ,BARAHONA,INDOMET,EMCI,34.5,26.5,0.0,https://indomet.gob.do/wp-content/uploads/2026/07/temperaturas-extremas-y-precipitaciones-2026x07x21-a.pdf
2026-07-21,043,ARROYO LORO,SAN JUAN,IDIAF,EMCI,36.0,19.7,0.0,https://indomet.gob.do/wp-content/uploads/2026/07/temperaturas-extremas-y-precipitaciones-2026x07x21-a.pdf
2026-07-21,044,BAYAGUANA,MONTE PLATA,INDOMET,EMCI,33.8,22.0,0.0,https://indomet.gob.do/wp-content/uploads/2026/07/temperaturas-extremas-y-precipitaciones-2026x07x21-a.pdf
2026-07-21,045,CONSTANZA,LA VEGA,MINISTERIO DE AGRICULTURA,EMCI,28.0,14.5,0.0,https://indomet.gob.do/wp-content/uploads/2026/07/temperaturas-extremas-y-precipitaciones-2026x07x21-a.pdf
2026-07-21,046,DAJABÓN,DAJABÓN,INSTITUTO POLITÉCNICO LOYOLA,EMCI,36.0,20.2,0.0,https://indomet.gob.do/wp-content/uploads/2026/07/temperaturas-extremas-y-precipitaciones-2026x07x21-a.pdf
2026-07-21,047,HONDO VALLE,ELÍAS PIÑA,MINISTERIO DE AGRICULTURA,EMCI,29.5,19.9,0.0,https://indomet.gob.do/wp-content/uploads/2026/07/temperaturas-extremas-y-precipitaciones-2026x07x21-a.pdf
2026-07-21,048,JIMANÍ,INDEPENDENCIA,MINISTERIO DE AGRICULTURA,EMCI,37.8,26.4,0.0,https://indomet.gob.do/wp-content/uploads/2026/07/temperaturas-extremas-y-precipitaciones-2026x07x21-a.pdf
2026-07-21,049,LA VEGA,LA VEGA,IATESA,EMCI,35.5,23.0,0.0,https://indomet.gob.do/wp-content/uploads/2026/07/temperaturas-extremas-y-precipitaciones-2026x07x21-a.pdf
2026-07-21,050,LA VICTORIA,SANTO DOMINGO,CUERPO DE BOMBEROS,EMCI,36.0,24.0,0.0,https://indomet.gob.do/wp-content/uploads/2026/07/temperaturas-extremas-y-precipitaciones-2026x07x21-a.pdf
2026-07-21,051,LOS LLANOS,SAN PEDRO DE MACORÍS,MINISTERIO DE AGRICULTURA,EMCI,34.9,22.0,0.0,https://indomet.gob.do/wp-content/uploads/2026/07/temperaturas-extremas-y-precipitaciones-2026x07x21-a.pdf
2026-07-21,052,MONTE CRISTI,MONTE CRISTI,INDOMET,EMCI,34.4,25.0,0.0,https://indomet.gob.do/wp-content/uploads/2026/07/temperaturas-extremas-y-precipitaciones-2026x07x21-a.pdf
2026-07-21,053,OLIVARES,PEDERNALES,INDRHI,EMCI,,,0.0,https://indomet.gob.do/wp-content/uploads/2026/07/temperaturas-extremas-y-precipitaciones-2026x07x21-a.pdf
2026-07-21,054,OVIEDO,PEDERNALES,CLÍNICA RURAL OVIEDO,EMCI,34.5,23.5,0.0,https://indomet.gob.do/wp-content/uploads/2026/07/temperaturas-extremas-y-precipitaciones-2026x07x21-a.pdf
2026-07-21,055,PADRE LAS CASAS,AZUA,HOSP. NTRA. SRA. DEL CARMEN,EMCI,35.5,19.0,0.0,https://indomet.gob.do/wp-content/uploads/2026/07/temperaturas-extremas-y-precipitaciones-2026x07x21-a.pdf
2026-07-21,056,PALO ÍNDIO,PUERTO PLATA,MINISTERIO DE AGRICULTURA,EMCI,,,0.0,https://indomet.gob.do/wp-content/uploads/2026/07/temperaturas-extremas-y-precipitaciones-2026x07x21-a.pdf
2026-07-21,057,PEDERNALES,PEDERNALES,INDRHI,EMCI,,,0.0,https://indomet.gob.do/wp-content/uploads/2026/07/temperaturas-extremas-y-precipitaciones-2026x07x21-a.pdf
2026-07-21,058,PERALTA,AZUA,HOSP. MPAL. DE PERALTA,EMCI,33.0,19.9,0.0,https://indomet.gob.do/wp-content/uploads/2026/07/temperaturas-extremas-y-precipitaciones-2026x07x21-a.pdf
2026-07-21,059,POLO,BARAHONA,INDOCAFE,EMCI,30.7,20.0,0.0,https://indomet.gob.do/wp-content/uploads/2026/07/temperaturas-extremas-y-precipitaciones-2026x07x21-a.pdf
2026-07-21,060,RANCHO ARRIBA,SAN JOSÉ DE OCOA,CENTRO TECNOLÓGICO COMUNITARIO,EMCI,32.3,19.4,0.0,https://indomet.gob.do/wp-content/uploads/2026/07/temperaturas-extremas-y-precipitaciones-2026x07x21-a.pdf
2026-07-21,061,RESTAURACIÓN,DAJABÓN,MINISTERIO DE AGRICULTURA,EMCI,34.0,18.9,0.0,https://indomet.gob.do/wp-content/uploads/2026/07/temperaturas-extremas-y-precipitaciones-2026x07x21-a.pdf
2026-07-21,062,SALCEDO,HERMANAS MIRABAL,PROPIEDAD DEL EMPLEADO,EMCI,,,0.0,https://indomet.gob.do/wp-content/uploads/2026/07/temperaturas-extremas-y-precipitaciones-2026x07x21-a.pdf
2026-07-21,063,SAN CRISTÓBAL,SAN CRISTÓBAL,INSTITUTO POLITÉCNICO LOYOLA,EMCI,35.5,23.5,0.0,https://indomet.gob.do/wp-content/uploads/2026/07/temperaturas-extremas-y-precipitaciones-2026x07x21-a.pdf
2026-07-21,064,SAN FRANCISCO DE MACORÍS,DUARTE,San Francisco de Macorís (UASD),EMCI,34.7,22.1,0.0,https://indomet.gob.do/wp-content/uploads/2026/07/temperaturas-extremas-y-precipitaciones-2026x07x21-a.pdf
2026-07-21,065,SAN JOSÉ DE OCOA,SAN JOSÉ DE OCOA,HOSP. SAN JOSÉ DE OCOA,EMCI,33.7,22.6,0.0,https://indomet.gob.do/wp-content/uploads/2026/07/temperaturas-extremas-y-precipitaciones-2026x07x21-a.pdf
2026-07-21,066,SAN RAFAEL DEL YUMA,LA ALTAGRACIA,MINISTERIO DE AGRICULTURA,EMCI,35.5,23.9,0.0,https://indomet.gob.do/wp-content/uploads/2026/07/temperaturas-extremas-y-precipitaciones-2026x07x21-a.pdf
2026-07-21,067,SANTIAGO (CENTRO),SANTIAGO,HUACALITO,EMCI,,,0.0,https://indomet.gob.do/wp-content/uploads/2026/07/temperaturas-extremas-y-precipitaciones-2026x07x21-a.pdf
2026-07-21,068,SANTIAGO RODRÍGUEZ,SANTIAGO RODRÍGUEZ,INDOMET,EMCI,37.2,23.1,0.0,https://indomet.gob.do/wp-content/uploads/2026/07/temperaturas-extremas-y-precipitaciones-2026x07x21-a.pdf
2026-07-21,069,SANTO DOMINGO ESTE,SANTO DOMINGO,INDOMET,EMCI,36.0,25.5,0.0,https://indomet.gob.do/wp-content/uploads/2026/07/temperaturas-extremas-y-precipitaciones-2026x07x21-a.pdf
2026-07-21,070,TÁBARA ABAJO,AZUA,INDRHI,EMCI,33.5,19.3,0.0,https://indomet.gob.do/wp-content/uploads/2026/07/temperaturas-extremas-y-precipitaciones-2026x07x21-a.pdf
2026-07-21,071,VILLA ALTAGRACIA,SAN CRISTÓBAL,ESCUELA JAVIER ANGULO GURIDI,EMCI,,,0.0,https://indomet.gob.do/wp-content/uploads/2026/07/temperaturas-extremas-y-precipitaciones-2026x07x21-a.pdf
2026-07-21,072,VILLA GONZALES,SANTIAGO,MINISTERIO DE AGRICULTURA,EMCI,,,0.0,https://indomet.gob.do/wp-content/uploads/2026/07/temperaturas-extremas-y-precipitaciones-2026x07x21-a.pdf
2026-07-21,073,BONAO,MONSEÑOR NOUEL,MINISTERIO DE AGRICULTURA,EMCV,,,0.0,https://indomet.gob.do/wp-content/uploads/2026/07/temperaturas-extremas-y-precipitaciones-2026x07x21-a.pdf
2026-07-21,074,CABRAL,BARAHONA,MINISTERIO DE AGRICULTURA,EMCV,36.3,23.5,0.0,https://indomet.gob.do/wp-content/uploads/2026/07/temperaturas-extremas-y-precipitaciones-2026x07x21-a.pdf
2026-07-21,075,EL SEIBO,EL SEIBO,MINISTERIO DE AGRICULTURA,EMCV,,,0.0,https://indomet.gob.do/wp-content/uploads/2026/07/temperaturas-extremas-y-precipitaciones-2026x07x21-a.pdf
2026-07-21,076,ELÍAS PIÑA,ELÍAS PIÑA,MINISTERIO DE AGRICULTURA,EMCV,,,0.0,https://indomet.gob.do/wp-content/uploads/2026/07/temperaturas-extremas-y-precipitaciones-2026x07x21-a.pdf
2026-07-21,077,ENRIQUILLO,BARAHONA,MINISTERIO DE AGRICULTURA,EMCV,34.5,23.5,0.0,https://indomet.gob.do/wp-content/uploads/2026/07/temperaturas-extremas-y-precipitaciones-2026x07x21-a.pdf
2026-07-21,078,ESCONDIDO,PERAVIA,MINISTERIO DE AGRICULTURA,EMCV,36.0,26.0,0.0,https://indomet.gob.do/wp-content/uploads/2026/07/temperaturas-extremas-y-precipitaciones-2026x07x21-a.pdf
2026-07-21,079,GURABO,SANTIAGO,MINISTERIO DE AGRICULTURA,EMCV,,,0.0,https://indomet.gob.do/wp-content/uploads/2026/07/temperaturas-extremas-y-precipitaciones-2026x07x21-a.pdf
2026-07-21,080,HATO MAYOR,HATO MAYOR,MINISTERIO DE AGRICULTURA,EMCV,,,0.0,https://indomet.gob.do/wp-content/uploads/2026/07/temperaturas-extremas-y-precipitaciones-2026x07x21-a.pdf
2026-07-21,081,JUMA BEJUCAL,MONSEÑOR NOUEL,IDIAF,EMCV,34.8,23.0,0.0,https://indomet.gob.do/wp-content/uploads/2026/07/temperaturas-extremas-y-precipitaciones-2026x07x21-a.pdf
2026-07-21,082,LAS MATAS DE FARFÁN,SAN JUAN,MINISTERIO DE AGRICULTURA,EMCV,,,0.0,https://indomet.gob.do/wp-content/uploads/2026/07/temperaturas-extremas-y-precipitaciones-2026x07x21-a.pdf
2026-07-21,083,MAO,VALVERDE,INDRHI / MINISTERIO DE AGRICULTURA,EMCV,,,0.0,https://indomet.gob.do/wp-content/uploads/2026/07/temperaturas-extremas-y-precipitaciones-2026x07x21-a.pdf
2026-07-21,084,NAVARRETE,SANTIAGO,MINISTERIO DE AGRICULTURA,EMCV,,,0.0,https://indomet.gob.do/wp-content/uploads/2026/07/temperaturas-extremas-y-precipitaciones-2026x07x21-a.pdf
2026-07-21,085,PARQUE MIRADOR SUR,DISTRITO NACIONAL,AYUNTAMIENTO,EMCV,33.8,23.0,0.0,https://indomet.gob.do/wp-content/uploads/2026/07/temperaturas-extremas-y-precipitaciones-2026x07x21-a.pdf
2026-07-21,086,SABANA GRANDE DE BOYÁ,MONTE PLATA,MINISTERIO DE AGRICULTURA,EMCV,,,0.0,https://indomet.gob.do/wp-content/uploads/2026/07/temperaturas-extremas-y-precipitaciones-2026x07x21-a.pdf
2026-07-21,087,TAMBORIL,SANTIAGO,MINISTERIO DE AGRICULTURA,EMCV,,,0.0,https://indomet.gob.do/wp-content/uploads/2026/07/temperaturas-extremas-y-precipitaciones-2026x07x21-a.pdf
2026-07-22,001,ARPT. ARROYO BARRIL,SAMANÁ,INDOMET,EMCI,31.6,23.4,100.9,https://indomet.gob.do/wp-content/uploads/2026/07/temperaturas-extremas-y-precipitaciones-2026x07x22-a.pdf
2026-07-22,002,SABANA DE LA MAR,HATO MAYOR,INDOMET,EMCI,32.2,22.6,61.7,https://indomet.gob.do/wp-content/uploads/2026/07/temperaturas-extremas-y-precipitaciones-2026x07x22-a.pdf
2026-07-22,003,VILLA RIVA,DUARTE,HOSP. MPAL. ALICIA DE LEGENDRE,EMCI,33.3,22.5,18.7,https://indomet.gob.do/wp-content/uploads/2026/07/temperaturas-extremas-y-precipitaciones-2026x07x22-a.pdf
2026-07-22,004,LOS COCOS (EMA),BAHORUCO,PRIVADA,EMAP,,,18.4,https://indomet.gob.do/wp-content/uploads/2026/07/temperaturas-extremas-y-precipitaciones-2026x07x22-a.pdf
2026-07-22,005,ARPT. EL CATEY,SAMANÁ,INDOMET,EMCI,32.2,,16.3,https://indomet.gob.do/wp-content/uploads/2026/07/temperaturas-extremas-y-precipitaciones-2026x07x22-a.pdf
2026-07-22,006,CABRAL,BARAHONA,MINISTERIO DE AGRICULTURA,EMCV,36.3,23.6,15.4,https://indomet.gob.do/wp-content/uploads/2026/07/temperaturas-extremas-y-precipitaciones-2026x07x22-a.pdf
2026-07-22,007,SAMANÁ,SAMANÁ,COMANDANCIA DE PUERTO DE SAMANÁ,EMCI,34.4,17.7,11.6,https://indomet.gob.do/wp-content/uploads/2026/07/temperaturas-extremas-y-precipitaciones-2026x07x22-a.pdf
2026-07-22,008,COTUÍ,SÁNCHEZ RAMÍREZ,HOSP. INMACULADA CONCEPCIÓN,EMCV,,,10.2,https://indomet.gob.do/wp-content/uploads/2026/07/temperaturas-extremas-y-precipitaciones-2026x07x22-a.pdf
2026-07-22,009,LOS JENGIBRES,NAGUA,INDRHI,EMCI,,,9.6,https://indomet.gob.do/wp-content/uploads/2026/07/temperaturas-extremas-y-precipitaciones-2026x07x22-a.pdf
2026-07-22,010,EL CERCADO,SAN JUAN,MINISTERIO DE AGRICULTURA,EMCV,,,7.6,https://indomet.gob.do/wp-content/uploads/2026/07/temperaturas-extremas-y-precipitaciones-2026x07x22-a.pdf
2026-07-22,011,SALCEDO,HERMANAS MIRABAL,PROPIEDAD DEL EMPLEADO,EMCI,,,7.3,https://indomet.gob.do/wp-content/uploads/2026/07/temperaturas-extremas-y-precipitaciones-2026x07x22-a.pdf
2026-07-22,012,SAN CRISTÓBAL,SAN CRISTÓBAL,INSTITUTO POLITÉCNICO LOYOLA,EMCI,35.5,22.5,6.8,https://indomet.gob.do/wp-content/uploads/2026/07/temperaturas-extremas-y-precipitaciones-2026x07x22-a.pdf
2026-07-22,013,BANI (EMA),PERAVIA,MINISTERIO DE AGRICULTURA,EMAP,34.2,26.6,6.6,https://indomet.gob.do/wp-content/uploads/2026/07/temperaturas-extremas-y-precipitaciones-2026x07x22-a.pdf
2026-07-22,014,JARABACOA (EMA),LA VEGA,PROGRAMA MUNDIAL DE ALIMENTO,EMAP,32.1,19.7,6.6,https://indomet.gob.do/wp-content/uploads/2026/07/temperaturas-extremas-y-precipitaciones-2026x07x22-a.pdf
2026-07-22,015,BAYAGUANA,MONTE PLATA,INDOMET,EMCI,34.5,23.9,5.4,https://indomet.gob.do/wp-content/uploads/2026/07/temperaturas-extremas-y-precipitaciones-2026x07x22-a.pdf
2026-07-22,016,HONDO VALLE,ELÍAS PIÑA,MINISTERIO DE AGRICULTURA,EMCI,28.7,19.0,4.6,https://indomet.gob.do/wp-content/uploads/2026/07/temperaturas-extremas-y-precipitaciones-2026x07x22-a.pdf
2026-07-22,017,TAVERA,SANTIAGO,INDRHI,EMCI,,,4.6,https://indomet.gob.do/wp-content/uploads/2026/07/temperaturas-extremas-y-precipitaciones-2026x07x22-a.pdf
2026-07-22,018,POLO,BARAHONA,INDOCAFE,EMCI,31.0,17.5,3.6,https://indomet.gob.do/wp-content/uploads/2026/07/temperaturas-extremas-y-precipitaciones-2026x07x22-a.pdf
2026-07-22,019,PADRE LAS CASAS,AZUA,HOSP. NTRA. SRA. DEL CARMEN,EMCI,34.0,20.0,2.9,https://indomet.gob.do/wp-content/uploads/2026/07/temperaturas-extremas-y-precipitaciones-2026x07x22-a.pdf
2026-07-22,020,BELLA VISTA (EMA),DISTRITO NACIONAL,PRIVADA,EMAP,,,2.0,https://indomet.gob.do/wp-content/uploads/2026/07/temperaturas-extremas-y-precipitaciones-2026x07x22-a.pdf
2026-07-22,021,CENTRO DE LOS HEROES (EMA),DISTRITO NACIONAL,MINISTERIO DE ENERGIA Y MINA,EMAP,33.5,26.0,1.8,https://indomet.gob.do/wp-content/uploads/2026/07/temperaturas-extremas-y-precipitaciones-2026x07x22-a.pdf
2026-07-22,022,PRESA DE TAVERAS (EMA),LA VEGA,PROGRAMA MUNDIAL DE ALIMENTO,EMAP,33.6,22.3,1.8,https://indomet.gob.do/wp-content/uploads/2026/07/temperaturas-extremas-y-precipitaciones-2026x07x22-a.pdf
2026-07-22,023,PASO AL MEDIO,SAN PEDRO DE MACORÍS,INDRHI,EMCI,,,1.7,https://indomet.gob.do/wp-content/uploads/2026/07/temperaturas-extremas-y-precipitaciones-2026x07x22-a.pdf
2026-07-22,024,ENRIQUILLO,BARAHONA,MINISTERIO DE AGRICULTURA,EMCV,34.0,23.3,1.6,https://indomet.gob.do/wp-content/uploads/2026/07/temperaturas-extremas-y-precipitaciones-2026x07x22-a.pdf
2026-07-22,025,SAN FRANCISCO DE MACORÍS,DUARTE,San Francisco de Macorís (UASD),EMCI,34.3,22.6,1.2,https://indomet.gob.do/wp-content/uploads/2026/07/temperaturas-extremas-y-precipitaciones-2026x07x22-a.pdf
2026-07-22,026,ARPT. MARÍA MONTEZ,BARAHONA,INDOMET,EMCI,34.1,25.2,1.1,https://indomet.gob.do/wp-content/uploads/2026/07/temperaturas-extremas-y-precipitaciones-2026x07x22-a.pdf
2026-07-22,027,ENSANCHE LA FE (EMA),DISTRITO NACIONAL,PRIVADA,EMAP,,,1.1,https://indomet.gob.do/wp-content/uploads/2026/07/temperaturas-extremas-y-precipitaciones-2026x07x22-a.pdf
2026-07-22,028,LA AGUSTINA (EMA),DISTRITO NACIONAL,PRIVADA,EMAP,,,1.0,https://indomet.gob.do/wp-content/uploads/2026/07/temperaturas-extremas-y-precipitaciones-2026x07x22-a.pdf
2026-07-22,029,LOS LLANOS,SAN PEDRO DE MACORÍS,MINISTERIO DE AGRICULTURA,EMCI,34.4,23.3,1.0,https://indomet.gob.do/wp-content/uploads/2026/07/temperaturas-extremas-y-precipitaciones-2026x07x22-a.pdf
2026-07-22,030,SANTO DOMINGO ESTE,SANTO DOMINGO,INDOMET,EMCI,34.6,25.6,1.0,https://indomet.gob.do/wp-content/uploads/2026/07/temperaturas-extremas-y-precipitaciones-2026x07x22-a.pdf
2026-07-22,031,ANAMUYA (EMA),LA ALTAGRACIA,MINISTERIO DE AGRICULTURA,EMAP,33.6,23.9,0.6,https://indomet.gob.do/wp-content/uploads/2026/07/temperaturas-extremas-y-precipitaciones-2026x07x22-a.pdf
2026-07-22,032,JARDÍN BOTÁNICO SANTIAGO (EMSANTIAGO,,JARDIN BOTANICO SANTIAGO,EMAI,35.1,27.4,0.6,https://indomet.gob.do/wp-content/uploads/2026/07/temperaturas-extremas-y-precipitaciones-2026x07x22-a.pdf
2026-07-22,033,PARQUE MIRADOR SUR,DISTRITO NACIONAL,AYUNTAMIENTO,EMCV,34.0,23.7,0.5,https://indomet.gob.do/wp-content/uploads/2026/07/temperaturas-extremas-y-precipitaciones-2026x07x22-a.pdf
2026-07-22,034,LOS JARDINES (EMA),DISTRITO NACIONAL,PRIVADA,EMAP,,,0.4,https://indomet.gob.do/wp-content/uploads/2026/07/temperaturas-extremas-y-precipitaciones-2026x07x22-a.pdf
2026-07-22,035,PROLONGACION 27 DE FEBRERO,DISTRITO NACIONAL,PRIVADA,EMAP,,,0.4,https://indomet.gob.do/wp-content/uploads/2026/07/temperaturas-extremas-y-precipitaciones-2026x07x22-a.pdf
2026-07-22,036,SÁNCHEZ,SAMANÁ,MINISTERIO DE AGRICULTURA,EMCI,33.2,21.9,0.4,https://indomet.gob.do/wp-content/uploads/2026/07/temperaturas-extremas-y-precipitaciones-2026x07x22-a.pdf
2026-07-22,037,ARPT. DE LA ROMANA,LA ROMANA,INDOMET,EMCI,34.0,22.5,0.3,https://indomet.gob.do/wp-content/uploads/2026/07/temperaturas-extremas-y-precipitaciones-2026x07x22-a.pdf
2026-07-22,038,SAN RAFAEL DEL YUMA,LA ALTAGRACIA,MINISTERIO DE AGRICULTURA,EMCI,34.8,23.5,0.3,https://indomet.gob.do/wp-content/uploads/2026/07/temperaturas-extremas-y-precipitaciones-2026x07x22-a.pdf
2026-07-22,039,ARPT. DE PUNTA CANA,LA ALTAGRACIA,INDOMET,EMCI,32.0,23.5,0.2,https://indomet.gob.do/wp-content/uploads/2026/07/temperaturas-extremas-y-precipitaciones-2026x07x22-a.pdf
2026-07-22,040,BASE AÉREA DE SAN ISIDRO,SANTO DOMINGO,FUERZA AÉREA DOMINICANA,EMCV,34.5,23.6,0.2,https://indomet.gob.do/wp-content/uploads/2026/07/temperaturas-extremas-y-precipitaciones-2026x07x22-a.pdf
2026-07-22,041,HATO MAYOR,HATO MAYOR,MINISTERIO DE AGRICULTURA,EMCV,,,0.1,https://indomet.gob.do/wp-content/uploads/2026/07/temperaturas-extremas-y-precipitaciones-2026x07x22-a.pdf
2026-07-22,042,SABANA GRANDE DE BOYÁ,MONTE PLATA,MINISTERIO DE AGRICULTURA,EMCV,,,0.1,https://indomet.gob.do/wp-content/uploads/2026/07/temperaturas-extremas-y-precipitaciones-2026x07x22-a.pdf
2026-07-22,043,SAN JOSÉ DE OCOA,SAN JOSÉ DE OCOA,HOSP. SAN JOSÉ DE OCOA,EMCI,34.9,22.5,0.1,https://indomet.gob.do/wp-content/uploads/2026/07/temperaturas-extremas-y-precipitaciones-2026x07x22-a.pdf
2026-07-22,044,EL MILLON (EMA),DISTRITO NACIONAL,PRIVADA,EMAP,,,0.1,https://indomet.gob.do/wp-content/uploads/2026/07/temperaturas-extremas-y-precipitaciones-2026x07x22-a.pdf
2026-07-22,045,ALTAMIRA,PUERTO PLATA,HOSP. MPAL. DE ALTAMIRA,EMCI,36.2,21.5,0.0,https://indomet.gob.do/wp-content/uploads/2026/07/temperaturas-extremas-y-precipitaciones-2026x07x22-a.pdf
2026-07-22,046,ALTO BANDERA (EMA),LA VEGA,INTEC,EMAP,19.8,7.7,0.0,https://indomet.gob.do/wp-content/uploads/2026/07/temperaturas-extremas-y-precipitaciones-2026x07x22-a.pdf
2026-07-22,047,ARPT. DE LAS AMÉRICAS,SANTO DOMINGO,INDOMET,EMCI,34.3,24.1,0.0,https://indomet.gob.do/wp-content/uploads/2026/07/temperaturas-extremas-y-precipitaciones-2026x07x22-a.pdf
2026-07-22,048,ARPT. DEL CIBAO,SANTIAGO,INDOMET,EMCI,34.6,21.6,0.0,https://indomet.gob.do/wp-content/uploads/2026/07/temperaturas-extremas-y-precipitaciones-2026x07x22-a.pdf
2026-07-22,049,ARPT. GREGORIO LUPERÓN,PUERTO PLATA,INDOMET,EMCI,31.8,23.8,0.0,https://indomet.gob.do/wp-content/uploads/2026/07/temperaturas-extremas-y-precipitaciones-2026x07x22-a.pdf
2026-07-22,050,ARPT. LA ISABELA,SANTO DOMINGO,INDOMET,EMCI,36.3,23.0,0.0,https://indomet.gob.do/wp-content/uploads/2026/07/temperaturas-extremas-y-precipitaciones-2026x07x22-a.pdf
2026-07-22,051,ARROYO LORO,SAN JUAN,IDIAF,EMCI,34.5,20.0,0.0,https://indomet.gob.do/wp-content/uploads/2026/07/temperaturas-extremas-y-precipitaciones-2026x07x22-a.pdf
2026-07-22,052,BOCA DE MAO (EMA),VALVERDE,MINISTERIO DE AGRICULTURA,EMAP,37.1,25.1,0.0,https://indomet.gob.do/wp-content/uploads/2026/07/temperaturas-extremas-y-precipitaciones-2026x07x22-a.pdf
2026-07-22,053,BOHECHÍO,SAN JUAN,MINISTERIO DE AGRICULTURA,EMCV,,,0.0,https://indomet.gob.do/wp-content/uploads/2026/07/temperaturas-extremas-y-precipitaciones-2026x07x22-a.pdf
2026-07-22,054,BONAO,MONSEÑOR NOUEL,MINISTERIO DE AGRICULTURA,EMCV,,,0.0,https://indomet.gob.do/wp-content/uploads/2026/07/temperaturas-extremas-y-precipitaciones-2026x07x22-a.pdf
2026-07-22,055,BUCARA (EMA),SANTIAGO,MINISTERIO DE AGRICULTURA,EMAI,,,0.0,https://indomet.gob.do/wp-content/uploads/2026/07/temperaturas-extremas-y-precipitaciones-2026x07x22-a.pdf
2026-07-22,056,CABRERA,MARÍA TRINIDAD SÁNCHEZ,ESCUELA ARÍSTIDES FIALLO CABRAL,EMCI,34.0,26.0,0.0,https://indomet.gob.do/wp-content/uploads/2026/07/temperaturas-extremas-y-precipitaciones-2026x07x22-a.pdf
2026-07-22,057,CONSTANZA,LA VEGA,MINISTERIO DE AGRICULTURA,EMCI,29.0,14.0,0.0,https://indomet.gob.do/wp-content/uploads/2026/07/temperaturas-extremas-y-precipitaciones-2026x07x22-a.pdf
2026-07-22,058,CONSTANZA (EMA),LA VEGA,PROGRAMA MUNDIAL DE ALIMENTO,EMAP,28.0,16.0,0.0,https://indomet.gob.do/wp-content/uploads/2026/07/temperaturas-extremas-y-precipitaciones-2026x07x22-a.pdf
2026-07-22,059,DAJABÓN,DAJABÓN,INSTITUTO POLITÉCNICO LOYOLA,EMCI,36.4,20.5,0.0,https://indomet.gob.do/wp-content/uploads/2026/07/temperaturas-extremas-y-precipitaciones-2026x07x22-a.pdf
2026-07-22,060,ESCONDIDO,PERAVIA,MINISTERIO DE AGRICULTURA,EMCV,34.0,26.0,0.0,https://indomet.gob.do/wp-content/uploads/2026/07/temperaturas-extremas-y-precipitaciones-2026x07x22-a.pdf
2026-07-22,061,GASPAR HERNÁNDEZ,ESPAILLAT,PROPIEDAD DEL EMPLEADO,EMCI,,,0.0,https://indomet.gob.do/wp-content/uploads/2026/07/temperaturas-extremas-y-precipitaciones-2026x07x22-a.pdf
2026-07-22,062,GURABO,SANTIAGO,MINISTERIO DE AGRICULTURA,EMCV,,,0.0,https://indomet.gob.do/wp-content/uploads/2026/07/temperaturas-extremas-y-precipitaciones-2026x07x22-a.pdf
2026-07-22,063,JIMANÍ,INDEPENDENCIA,MINISTERIO DE AGRICULTURA,EMCI,38.0,26.0,0.0,https://indomet.gob.do/wp-content/uploads/2026/07/temperaturas-extremas-y-precipitaciones-2026x07x22-a.pdf
2026-07-22,064,JUMA BEJUCAL,MONSEÑOR NOUEL,IDIAF,EMCV,35.4,23.8,0.0,https://indomet.gob.do/wp-content/uploads/2026/07/temperaturas-extremas-y-precipitaciones-2026x07x22-a.pdf
2026-07-22,065,LA VEGA,LA VEGA,IATESA,EMCI,35.0,24.5,0.0,https://indomet.gob.do/wp-content/uploads/2026/07/temperaturas-extremas-y-precipitaciones-2026x07x22-a.pdf
2026-07-22,066,LA VICTORIA,SANTO DOMINGO,CUERPO DE BOMBEROS,EMCI,35.6,23.8,0.0,https://indomet.gob.do/wp-content/uploads/2026/07/temperaturas-extremas-y-precipitaciones-2026x07x22-a.pdf
2026-07-22,067,LAS CANAS (EMA),MONTE CRISTI,PROGRAMA MUNDIAL DE ALIMENTO,EMAP,31.3,23.5,0.0,https://indomet.gob.do/wp-content/uploads/2026/07/temperaturas-extremas-y-precipitaciones-2026x07x22-a.pdf
2026-07-22,068,MAO,VALVERDE,INDRHI / MINISTERIO DE AGRICULTURA,EMCV,,,0.0,https://indomet.gob.do/wp-content/uploads/2026/07/temperaturas-extremas-y-precipitaciones-2026x07x22-a.pdf
2026-07-22,069,MICHES (EMA),EL SEIBO,PRIVADA,EMAP,32.9,22.8,0.0,https://indomet.gob.do/wp-content/uploads/2026/07/temperaturas-extremas-y-precipitaciones-2026x07x22-a.pdf
2026-07-22,070,MONCIÓN (EMA),SANTIAGO RODRÍGUEZ,PROGRAMA MUNDIAL DE ALIMENTO,EMAP,34.3,21.4,0.0,https://indomet.gob.do/wp-content/uploads/2026/07/temperaturas-extremas-y-precipitaciones-2026x07x22-a.pdf
2026-07-22,071,MONTE CRISTI,MONTE CRISTI,INDOMET,EMCI,34.2,26.0,0.0,https://indomet.gob.do/wp-content/uploads/2026/07/temperaturas-extremas-y-precipitaciones-2026x07x22-a.pdf
2026-07-22,072,NAVARRETE,SANTIAGO,MINISTERIO DE AGRICULTURA,EMCV,,,0.0,https://indomet.gob.do/wp-content/uploads/2026/07/temperaturas-extremas-y-precipitaciones-2026x07x22-a.pdf
2026-07-22,073,OLIVARES,PEDERNALES,INDRHI,EMCI,,,0.0,https://indomet.gob.do/wp-content/uploads/2026/07/temperaturas-extremas-y-precipitaciones-2026x07x22-a.pdf
2026-07-22,074,OVIEDO,PEDERNALES,CLÍNICA RURAL OVIEDO,EMCI,33.8,24.2,0.0,https://indomet.gob.do/wp-content/uploads/2026/07/temperaturas-extremas-y-precipitaciones-2026x07x22-a.pdf
2026-07-22,075,PALO ÍNDIO,PUERTO PLATA,MINISTERIO DE AGRICULTURA,EMCI,,,0.0,https://indomet.gob.do/wp-content/uploads/2026/07/temperaturas-extremas-y-precipitaciones-2026x07x22-a.pdf
2026-07-22,076,PEDERNALES,PEDERNALES,INDRHI,EMCI,,,0.0,https://indomet.gob.do/wp-content/uploads/2026/07/temperaturas-extremas-y-precipitaciones-2026x07x22-a.pdf
2026-07-22,077,PERALTA,AZUA,HOSP. MPAL. DE PERALTA,EMCI,30.4,17.0,0.0,https://indomet.gob.do/wp-content/uploads/2026/07/temperaturas-extremas-y-precipitaciones-2026x07x22-a.pdf
2026-07-22,078,PONTÓN ABAJO (EMA),LA VEGA,MINISTERIO DE AGRICULTURA,EMAP,36.1,24.2,0.0,https://indomet.gob.do/wp-content/uploads/2026/07/temperaturas-extremas-y-precipitaciones-2026x07x22-a.pdf
2026-07-22,079,RANCHO ARRIBA,SAN JOSÉ DE OCOA,CENTRO TECNOLÓGICO COMUNITARIO,EMCI,33.5,19.2,0.0,https://indomet.gob.do/wp-content/uploads/2026/07/temperaturas-extremas-y-precipitaciones-2026x07x22-a.pdf
2026-07-22,080,RESTAURACIÓN,DAJABÓN,MINISTERIO DE AGRICULTURA,EMCI,33.4,18.2,0.0,https://indomet.gob.do/wp-content/uploads/2026/07/temperaturas-extremas-y-precipitaciones-2026x07x22-a.pdf
2026-07-22,081,RÍO SAN JUAN,MARÍA TRINIDAD SÁNCHEZ,HOSP. MPAL. DR. DESIDERIO ACOSTA,EMCV,35.0,25.0,0.0,https://indomet.gob.do/wp-content/uploads/2026/07/temperaturas-extremas-y-precipitaciones-2026x07x22-a.pdf
2026-07-22,082,SABANETA (EMA),SANTIAGO RODRÍGUEZ,PROGRAMA MUNDIAL DE ALIMENTO,EMAP,38.3,24.2,0.0,https://indomet.gob.do/wp-content/uploads/2026/07/temperaturas-extremas-y-precipitaciones-2026x07x22-a.pdf
2026-07-22,083,SAJOMA (EMA),SANTIAGO,PLAN SIERRA,EMAI,33.1,23.3,0.0,https://indomet.gob.do/wp-content/uploads/2026/07/temperaturas-extremas-y-precipitaciones-2026x07x22-a.pdf
2026-07-22,084,SANTIAGO (CENTRO),SANTIAGO,HUACALITO,EMCI,,,0.0,https://indomet.gob.do/wp-content/uploads/2026/07/temperaturas-extremas-y-precipitaciones-2026x07x22-a.pdf
2026-07-22,085,SANTIAGO RODRÍGUEZ,SANTIAGO RODRÍGUEZ,INDOMET,EMCI,38.4,24.5,0.0,https://indomet.gob.do/wp-content/uploads/2026/07/temperaturas-extremas-y-precipitaciones-2026x07x22-a.pdf
2026-07-22,086,TÁBARA ABAJO,AZUA,INDRHI,EMCI,33.7,20.5,0.0,https://indomet.gob.do/wp-content/uploads/2026/07/temperaturas-extremas-y-precipitaciones-2026x07x22-a.pdf
2026-07-22,087,TAMBORIL,SANTIAGO,MINISTERIO DE AGRICULTURA,EMCV,,,0.0,https://indomet.gob.do/wp-content/uploads/2026/07/temperaturas-extremas-y-precipitaciones-2026x07x22-a.pdf
2026-07-22,088,VILLA ALTAGRACIA,SAN CRISTÓBAL,ESCUELA JAVIER ANGULO GURIDI,EMCI,,,0.0,https://indomet.gob.do/wp-content/uploads/2026/07/temperaturas-extremas-y-precipitaciones-2026x07x22-a.pdf
2026-07-22,089,VILLA GONZALES,SANTIAGO,MINISTERIO DE AGRICULTURA,EMCI,,,0.0,https://indomet.gob.do/wp-content/uploads/2026/07/temperaturas-extremas-y-precipitaciones-2026x07x22-a.pdf
2026-07-22,090,VILLA VASQUEZ (EMA),MONTE CRISTI,JUNTA DE REGANTES,EMAI,,,0.0,https://indomet.gob.do/wp-content/uploads/2026/07/temperaturas-extremas-y-precipitaciones-2026x07x22-a.pdf
2026-07-23,001,RESTAURACIÓN,DAJABÓN,MINISTERIO DE AGRICULTURA,EMCI,32.7,17.4,43.1,https://indomet.gob.do/wp-content/uploads/2026/07/temperaturas-extremas-y-precipitaciones-2026x07x23-a.pdf
2026-07-23,002,POLO,BARAHONA,INDOCAFE,EMCI,31.5,17.0,6.9,https://indomet.gob.do/wp-content/uploads/2026/07/temperaturas-extremas-y-precipitaciones-2026x07x23-a.pdf
2026-07-23,003,ESCONDIDO,PERAVIA,MINISTERIO DE AGRICULTURA,EMCV,32.0,24.0,6.7,https://indomet.gob.do/wp-content/uploads/2026/07/temperaturas-extremas-y-precipitaciones-2026x07x23-a.pdf
2026-07-23,004,OVIEDO,PEDERNALES,CLÍNICA RURAL OVIEDO,EMCI,32.0,23.0,4.0,https://indomet.gob.do/wp-content/uploads/2026/07/temperaturas-extremas-y-precipitaciones-2026x07x23-a.pdf
2026-07-23,005,ENRIQUILLO,BARAHONA,MINISTERIO DE AGRICULTURA,EMCV,32.8,22.9,2.4,https://indomet.gob.do/wp-content/uploads/2026/07/temperaturas-extremas-y-precipitaciones-2026x07x23-a.pdf
2026-07-23,006,SABANA DE LA MAR,HATO MAYOR,INDOMET,EMCI,31.4,22.4,0.5,https://indomet.gob.do/wp-content/uploads/2026/07/temperaturas-extremas-y-precipitaciones-2026x07x23-a.pdf
2026-07-23,007,CABRAL,BARAHONA,MINISTERIO DE AGRICULTURA,EMCV,34.0,22.3,0.4,https://indomet.gob.do/wp-content/uploads/2026/07/temperaturas-extremas-y-precipitaciones-2026x07x23-a.pdf
2026-07-23,008,RANCHO ARRIBA,SAN JOSÉ DE OCOA,CENTRO TECNOLÓGICO COMUNITARIO,EMCI,32.9,14.3,0.4,https://indomet.gob.do/wp-content/uploads/2026/07/temperaturas-extremas-y-precipitaciones-2026x07x23-a.pdf
2026-07-23,009,EL MILLON (EMA),DISTRITO NACIONAL,PRIVADA,EMAP,,,0.3,https://indomet.gob.do/wp-content/uploads/2026/07/temperaturas-extremas-y-precipitaciones-2026x07x23-a.pdf
2026-07-23,010,BANI (EMA),PERAVIA,MINISTERIO DE AGRICULTURA,EMAP,31.8,24.7,0.2,https://indomet.gob.do/wp-content/uploads/2026/07/temperaturas-extremas-y-precipitaciones-2026x07x23-a.pdf
2026-07-23,011,LOS JARDINES (EMA),DISTRITO NACIONAL,PRIVADA,EMAP,,,0.2,https://indomet.gob.do/wp-content/uploads/2026/07/temperaturas-extremas-y-precipitaciones-2026x07x23-a.pdf
2026-07-23,012,DAJABÓN,DAJABÓN,INSTITUTO POLITÉCNICO LOYOLA,EMCI,37.5,22.1,0.1,https://indomet.gob.do/wp-content/uploads/2026/07/temperaturas-extremas-y-precipitaciones-2026x07x23-a.pdf
2026-07-23,013,ALTAMIRA,PUERTO PLATA,HOSP. MPAL. DE ALTAMIRA,EMCI,36.1,20.5,0.0,https://indomet.gob.do/wp-content/uploads/2026/07/temperaturas-extremas-y-precipitaciones-2026x07x23-a.pdf
2026-07-23,014,ALTO BANDERA (EMA),LA VEGA,INTEC,EMAP,18.3,9.5,0.0,https://indomet.gob.do/wp-content/uploads/2026/07/temperaturas-extremas-y-precipitaciones-2026x07x23-a.pdf
2026-07-23,015,ANAMUYA (EMA),LA ALTAGRACIA,MINISTERIO DE AGRICULTURA,EMAP,35.4,24.4,0.0,https://indomet.gob.do/wp-content/uploads/2026/07/temperaturas-extremas-y-precipitaciones-2026x07x23-a.pdf
2026-07-23,016,ARPT. ARROYO BARRIL,SAMANÁ,INDOMET,EMCI,32.3,23.6,0.0,https://indomet.gob.do/wp-content/uploads/2026/07/temperaturas-extremas-y-precipitaciones-2026x07x23-a.pdf
2026-07-23,017,ARPT. DE LA ROMANA,LA ROMANA,INDOMET,EMCI,34.0,22.3,0.0,https://indomet.gob.do/wp-content/uploads/2026/07/temperaturas-extremas-y-precipitaciones-2026x07x23-a.pdf
2026-07-23,018,ARPT. DE LAS AMÉRICAS,SANTO DOMINGO,INDOMET,EMCI,34.0,23.5,0.0,https://indomet.gob.do/wp-content/uploads/2026/07/temperaturas-extremas-y-precipitaciones-2026x07x23-a.pdf
2026-07-23,019,ARPT. DE PUNTA CANA,LA ALTAGRACIA,INDOMET,EMCI,31.5,23.0,0.0,https://indomet.gob.do/wp-content/uploads/2026/07/temperaturas-extremas-y-precipitaciones-2026x07x23-a.pdf
2026-07-23,020,ARPT. DEL CIBAO,SANTIAGO,INDOMET,EMCI,34.2,23.0,0.0,https://indomet.gob.do/wp-content/uploads/2026/07/temperaturas-extremas-y-precipitaciones-2026x07x23-a.pdf
2026-07-23,021,ARPT. EL CATEY,SAMANÁ,INDOMET,EMCI,32.5,26.2,0.0,https://indomet.gob.do/wp-content/uploads/2026/07/temperaturas-extremas-y-precipitaciones-2026x07x23-a.pdf
2026-07-23,022,ARPT. GREGORIO LUPERÓN,PUERTO PLATA,INDOMET,EMCI,33.2,23.0,0.0,https://indomet.gob.do/wp-content/uploads/2026/07/temperaturas-extremas-y-precipitaciones-2026x07x23-a.pdf
2026-07-23,023,ARPT. LA ISABELA,SANTO DOMINGO,INDOMET,EMCI,26.5,23.2,0.0,https://indomet.gob.do/wp-content/uploads/2026/07/temperaturas-extremas-y-precipitaciones-2026x07x23-a.pdf
2026-07-23,024,ARPT. MARÍA MONTEZ,BARAHONA,INDOMET,EMCI,32.5,24.1,0.0,https://indomet.gob.do/wp-content/uploads/2026/07/temperaturas-extremas-y-precipitaciones-2026x07x23-a.pdf
2026-07-23,025,ARROYO LORO,SAN JUAN,IDIAF,EMCI,33.5,20.6,0.0,https://indomet.gob.do/wp-content/uploads/2026/07/temperaturas-extremas-y-precipitaciones-2026x07x23-a.pdf
2026-07-23,026,BASE AÉREA DE SAN ISIDRO,SANTO DOMINGO,FUERZA AÉREA DOMINICANA,EMCV,34.0,26.0,0.0,https://indomet.gob.do/wp-content/uploads/2026/07/temperaturas-extremas-y-precipitaciones-2026x07x23-a.pdf
2026-07-23,027,BAYAGUANA,MONTE PLATA,INDOMET,EMCI,34.0,22.6,0.0,https://indomet.gob.do/wp-content/uploads/2026/07/temperaturas-extremas-y-precipitaciones-2026x07x23-a.pdf
2026-07-23,028,BELLA VISTA (EMA),DISTRITO NACIONAL,PRIVADA,EMAP,,,0.0,https://indomet.gob.do/wp-content/uploads/2026/07/temperaturas-extremas-y-precipitaciones-2026x07x23-a.pdf
2026-07-23,029,BOCA DE MAO (EMA),VALVERDE,MINISTERIO DE AGRICULTURA,EMAP,37.6,24.1,0.0,https://indomet.gob.do/wp-content/uploads/2026/07/temperaturas-extremas-y-precipitaciones-2026x07x23-a.pdf
2026-07-23,030,BONAO,MONSEÑOR NOUEL,MINISTERIO DE AGRICULTURA,EMCV,,,0.0,https://indomet.gob.do/wp-content/uploads/2026/07/temperaturas-extremas-y-precipitaciones-2026x07x23-a.pdf
2026-07-23,031,BUCARA (EMA),SANTIAGO,MINISTERIO DE AGRICULTURA,EMAI,,,0.0,https://indomet.gob.do/wp-content/uploads/2026/07/temperaturas-extremas-y-precipitaciones-2026x07x23-a.pdf
2026-07-23,032,CABRERA,MARÍA TRINIDAD SÁNCHEZ,ESCUELA ARÍSTIDES FIALLO CABRAL,EMCI,36.5,23.2,0.0,https://indomet.gob.do/wp-content/uploads/2026/07/temperaturas-extremas-y-precipitaciones-2026x07x23-a.pdf
2026-07-23,033,CENTRO DE LOS HEROES (EMA),DISTRITO NACIONAL,MINISTERIO DE ENERGIA Y MINA,EMAP,32.1,26.6,0.0,https://indomet.gob.do/wp-content/uploads/2026/07/temperaturas-extremas-y-precipitaciones-2026x07x23-a.pdf
2026-07-23,034,CONSTANZA,LA VEGA,MINISTERIO DE AGRICULTURA,EMCI,29.7,14.5,0.0,https://indomet.gob.do/wp-content/uploads/2026/07/temperaturas-extremas-y-precipitaciones-2026x07x23-a.pdf
2026-07-23,035,CONSTANZA (EMA),LA VEGA,PROGRAMA MUNDIAL DE ALIMENTO,EMAP,27.6,11.8,0.0,https://indomet.gob.do/wp-content/uploads/2026/07/temperaturas-extremas-y-precipitaciones-2026x07x23-a.pdf
2026-07-23,036,EL CERCADO,SAN JUAN,MINISTERIO DE AGRICULTURA,EMCV,,,0.0,https://indomet.gob.do/wp-content/uploads/2026/07/temperaturas-extremas-y-precipitaciones-2026x07x23-a.pdf
2026-07-23,037,EL SEIBO,EL SEIBO,MINISTERIO DE AGRICULTURA,EMCV,,,0.0,https://indomet.gob.do/wp-content/uploads/2026/07/temperaturas-extremas-y-precipitaciones-2026x07x23-a.pdf
2026-07-23,038,ENSANCHE LA FE (EMA),DISTRITO NACIONAL,PRIVADA,EMAP,,,0.0,https://indomet.gob.do/wp-content/uploads/2026/07/temperaturas-extremas-y-precipitaciones-2026x07x23-a.pdf
2026-07-23,039,GASPAR HERNÁNDEZ,ESPAILLAT,PROPIEDAD DEL EMPLEADO,EMCI,,,0.0,https://indomet.gob.do/wp-content/uploads/2026/07/temperaturas-extremas-y-precipitaciones-2026x07x23-a.pdf
2026-07-23,040,GURABO,SANTIAGO,MINISTERIO DE AGRICULTURA,EMCV,,,0.0,https://indomet.gob.do/wp-content/uploads/2026/07/temperaturas-extremas-y-precipitaciones-2026x07x23-a.pdf
2026-07-23,041,HATO MAYOR,HATO MAYOR,MINISTERIO DE AGRICULTURA,EMCV,,,0.0,https://indomet.gob.do/wp-content/uploads/2026/07/temperaturas-extremas-y-precipitaciones-2026x07x23-a.pdf
2026-07-23,042,HONDO VALLE,ELÍAS PIÑA,MINISTERIO DE AGRICULTURA,EMCI,28.5,18.7,0.0,https://indomet.gob.do/wp-content/uploads/2026/07/temperaturas-extremas-y-precipitaciones-2026x07x23-a.pdf
2026-07-23,043,JARABACOA,LA VEGA,INDRHI / MARENA,EMCI,32.8,17.0,0.0,https://indomet.gob.do/wp-content/uploads/2026/07/temperaturas-extremas-y-precipitaciones-2026x07x23-a.pdf
2026-07-23,044,JARABACOA (EMA),LA VEGA,PROGRAMA MUNDIAL DE ALIMENTO,EMAP,32.3,18.4,0.0,https://indomet.gob.do/wp-content/uploads/2026/07/temperaturas-extremas-y-precipitaciones-2026x07x23-a.pdf
2026-07-23,045,JIMANÍ,INDEPENDENCIA,MINISTERIO DE AGRICULTURA,EMCI,36.5,27.0,0.0,https://indomet.gob.do/wp-content/uploads/2026/07/temperaturas-extremas-y-precipitaciones-2026x07x23-a.pdf
2026-07-23,046,JUMA BEJUCAL,MONSEÑOR NOUEL,IDIAF,EMCV,35.2,21.6,0.0,https://indomet.gob.do/wp-content/uploads/2026/07/temperaturas-extremas-y-precipitaciones-2026x07x23-a.pdf
2026-07-23,047,LA AGUSTINA (EMA),DISTRITO NACIONAL,PRIVADA,EMAP,,,0.0,https://indomet.gob.do/wp-content/uploads/2026/07/temperaturas-extremas-y-precipitaciones-2026x07x23-a.pdf
2026-07-23,048,LA VEGA,LA VEGA,IATESA,EMCI,35.5,21.0,0.0,https://indomet.gob.do/wp-content/uploads/2026/07/temperaturas-extremas-y-precipitaciones-2026x07x23-a.pdf
2026-07-23,049,LA VICTORIA,SANTO DOMINGO,CUERPO DE BOMBEROS,EMCI,35.0,23.2,0.0,https://indomet.gob.do/wp-content/uploads/2026/07/temperaturas-extremas-y-precipitaciones-2026x07x23-a.pdf
2026-07-23,050,LAS CANAS (EMA),MONTE CRISTI,PROGRAMA MUNDIAL DE ALIMENTO,EMAP,,,0.0,https://indomet.gob.do/wp-content/uploads/2026/07/temperaturas-extremas-y-precipitaciones-2026x07x23-a.pdf
2026-07-23,051,LOS COCOS (EMA),BAHORUCO,PRIVADA,EMAP,,,0.0,https://indomet.gob.do/wp-content/uploads/2026/07/temperaturas-extremas-y-precipitaciones-2026x07x23-a.pdf
2026-07-23,052,LOS LLANOS,SAN PEDRO DE MACORÍS,MINISTERIO DE AGRICULTURA,EMCI,34.0,22.5,0.0,https://indomet.gob.do/wp-content/uploads/2026/07/temperaturas-extremas-y-precipitaciones-2026x07x23-a.pdf
2026-07-23,053,LUPERÓN,PUERTO PLATA,MINISTERIO DE AGRICULTURA,EMCV,,,0.0,https://indomet.gob.do/wp-content/uploads/2026/07/temperaturas-extremas-y-precipitaciones-2026x07x23-a.pdf
2026-07-23,054,MAO,VALVERDE,INDRHI / MINISTERIO DE AGRICULTURA,EMCV,,,0.0,https://indomet.gob.do/wp-content/uploads/2026/07/temperaturas-extremas-y-precipitaciones-2026x07x23-a.pdf
2026-07-23,055,MICHES (EMA),EL SEIBO,PRIVADA,EMAP,33.7,22.7,0.0,https://indomet.gob.do/wp-content/uploads/2026/07/temperaturas-extremas-y-precipitaciones-2026x07x23-a.pdf
2026-07-23,056,MONCIÓN (EMA),SANTIAGO RODRÍGUEZ,PROGRAMA MUNDIAL DE ALIMENTO,EMAP,33.9,20.9,0.0,https://indomet.gob.do/wp-content/uploads/2026/07/temperaturas-extremas-y-precipitaciones-2026x07x23-a.pdf
2026-07-23,057,MONTE CRISTI,MONTE CRISTI,INDOMET,EMCI,35.0,25.6,0.0,https://indomet.gob.do/wp-content/uploads/2026/07/temperaturas-extremas-y-precipitaciones-2026x07x23-a.pdf
2026-07-23,058,NAVARRETE,SANTIAGO,MINISTERIO DE AGRICULTURA,EMCV,,,0,https://indomet.gob.do/wp-content/uploads/2026/07/temperaturas-extremas-y-precipitaciones-2026x07x23-a.pdf
2026-07-23,059,OLIVARES,PEDERNALES,INDRHI,EMCI,,,0.0,https://indomet.gob.do/wp-content/uploads/2026/07/temperaturas-extremas-y-precipitaciones-2026x07x23-a.pdf
2026-07-23,060,PADRE LAS CASAS,AZUA,HOSP. NTRA. SRA. DEL CARMEN,EMCI,31.5,17.5,0.0,https://indomet.gob.do/wp-content/uploads/2026/07/temperaturas-extremas-y-precipitaciones-2026x07x23-a.pdf
2026-07-23,061,PEDERNALES,PEDERNALES,INDRHI,EMCI,,,0.0,https://indomet.gob.do/wp-content/uploads/2026/07/temperaturas-extremas-y-precipitaciones-2026x07x23-a.pdf
2026-07-23,062,PERALTA,AZUA,HOSP. MPAL. DE PERALTA,EMCI,30.9,16.2,0.0,https://indomet.gob.do/wp-content/uploads/2026/07/temperaturas-extremas-y-precipitaciones-2026x07x23-a.pdf
2026-07-23,063,PONTÓN ABAJO (EMA),LA VEGA,MINISTERIO DE AGRICULTURA,EMAP,36.2,22.1,0.0,https://indomet.gob.do/wp-content/uploads/2026/07/temperaturas-extremas-y-precipitaciones-2026x07x23-a.pdf
2026-07-23,064,PRESA DE TAVERAS (EMA),LA VEGA,PROGRAMA MUNDIAL DE ALIMENTO,EMAP,33.1,20.7,0.0,https://indomet.gob.do/wp-content/uploads/2026/07/temperaturas-extremas-y-precipitaciones-2026x07x23-a.pdf
2026-07-23,065,PROLONGACION 27 DE FEBRERO,DISTRITO NACIONAL,PRIVADA,EMAP,,,0.0,https://indomet.gob.do/wp-content/uploads/2026/07/temperaturas-extremas-y-precipitaciones-2026x07x23-a.pdf
2026-07-23,066,RÍO SAN JUAN,MARÍA TRINIDAD SÁNCHEZ,HOSP. MPAL. DR. DESIDERIO ACOSTA,EMCV,35.2,24.9,0.0,https://indomet.gob.do/wp-content/uploads/2026/07/temperaturas-extremas-y-precipitaciones-2026x07x23-a.pdf
2026-07-23,067,SABANA GRANDE DE BOYÁ,MONTE PLATA,MINISTERIO DE AGRICULTURA,EMCV,,,0.0,https://indomet.gob.do/wp-content/uploads/2026/07/temperaturas-extremas-y-precipitaciones-2026x07x23-a.pdf
2026-07-23,068,SABANETA (EMA),SANTIAGO RODRÍGUEZ,PROGRAMA MUNDIAL DE ALIMENTO,EMAP,37.5,23.4,0.0,https://indomet.gob.do/wp-content/uploads/2026/07/temperaturas-extremas-y-precipitaciones-2026x07x23-a.pdf
2026-07-23,069,SAJOMA (EMA),SANTIAGO,PLAN SIERRA,EMAI,,,0.0,https://indomet.gob.do/wp-content/uploads/2026/07/temperaturas-extremas-y-precipitaciones-2026x07x23-a.pdf
2026-07-23,070,SALCEDO,HERMANAS MIRABAL,PROPIEDAD DEL EMPLEADO,EMCI,,,0.0,https://indomet.gob.do/wp-content/uploads/2026/07/temperaturas-extremas-y-precipitaciones-2026x07x23-a.pdf
2026-07-23,071,SAMANÁ,SAMANÁ,COMANDANCIA DE PUERTO DE SAMANÁ,EMCI,34.0,18.1,0.0,https://indomet.gob.do/wp-content/uploads/2026/07/temperaturas-extremas-y-precipitaciones-2026x07x23-a.pdf
2026-07-23,072,SAN CRISTÓBAL,SAN CRISTÓBAL,INSTITUTO POLITÉCNICO LOYOLA,EMCI,35.5,23.0,0.0,https://indomet.gob.do/wp-content/uploads/2026/07/temperaturas-extremas-y-precipitaciones-2026x07x23-a.pdf
2026-07-23,073,SAN FRANCISCO DE MACORÍS,DUARTE,San Francisco de Macorís (UASD),EMCI,,23.4,0.0,https://indomet.gob.do/wp-content/uploads/2026/07/temperaturas-extremas-y-precipitaciones-2026x07x23-a.pdf
2026-07-23,074,SAN JOSÉ DE OCOA,SAN JOSÉ DE OCOA,HOSP. SAN JOSÉ DE OCOA,EMCI,33.2,21.4,0.0,https://indomet.gob.do/wp-content/uploads/2026/07/temperaturas-extremas-y-precipitaciones-2026x07x23-a.pdf
2026-07-23,075,SAN RAFAEL DEL YUMA,LA ALTAGRACIA,MINISTERIO DE AGRICULTURA,EMCI,35.4,23.2,0.0,https://indomet.gob.do/wp-content/uploads/2026/07/temperaturas-extremas-y-precipitaciones-2026x07x23-a.pdf
2026-07-23,076,SÁNCHEZ,SAMANÁ,MINISTERIO DE AGRICULTURA,EMCI,34.0,24.1,0.0,https://indomet.gob.do/wp-content/uploads/2026/07/temperaturas-extremas-y-precipitaciones-2026x07x23-a.pdf
2026-07-23,077,SANTIAGO RODRÍGUEZ,SANTIAGO RODRÍGUEZ,INDOMET,EMCI,38.2,24.0,0.0,https://indomet.gob.do/wp-content/uploads/2026/07/temperaturas-extremas-y-precipitaciones-2026x07x23-a.pdf
2026-07-23,078,SANTO DOMINGO ESTE,SANTO DOMINGO,INDOMET,EMCI,36.0,25.3,0.0,https://indomet.gob.do/wp-content/uploads/2026/07/temperaturas-extremas-y-precipitaciones-2026x07x23-a.pdf
2026-07-23,079,TÁBARA ABAJO,AZUA,INDRHI,EMCI,32.5,19.5,0.0,https://indomet.gob.do/wp-content/uploads/2026/07/temperaturas-extremas-y-precipitaciones-2026x07x23-a.pdf
2026-07-23,080,TAMBORIL,SANTIAGO,MINISTERIO DE AGRICULTURA,EMCV,,,0.0,https://indomet.gob.do/wp-content/uploads/2026/07/temperaturas-extremas-y-precipitaciones-2026x07x23-a.pdf
2026-07-23,081,VILLA ALTAGRACIA,SAN CRISTÓBAL,ESCUELA JAVIER ANGULO GURIDI,EMCI,,,0.0,https://indomet.gob.do/wp-content/uploads/2026/07/temperaturas-extremas-y-precipitaciones-2026x07x23-a.pdf
2026-07-23,082,VILLA GONZALES,SANTIAGO,MINISTERIO DE AGRICULTURA,EMCI,,,0.0,https://indomet.gob.do/wp-content/uploads/2026/07/temperaturas-extremas-y-precipitaciones-2026x07x23-a.pdf
2026-07-23,083,VILLA ISABELA,PUERTO PLATA,MINISTERIO DE AGRICULTURA,EMCV,35.8,20.8,0.0,https://indomet.gob.do/wp-content/uploads/2026/07/temperaturas-extremas-y-precipitaciones-2026x07x23-a.pdf
2026-07-23,084,VILLA RIVA,DUARTE,HOSP. MPAL. ALICIA DE LEGENDRE,EMCI,33.0,23.0,0.0,https://indomet.gob.do/wp-content/uploads/2026/07/temperaturas-extremas-y-precipitaciones-2026x07x23-a.pdf
2026-07-23,085,VILLA VASQUEZ (EMA),MONTE CRISTI,JUNTA DE REGANTES,EMAI,,,0.0,https://indomet.gob.do/wp-content/uploads/2026/07/temperaturas-extremas-y-precipitaciones-2026x07x23-a.pdf
2026-07-24,001,ARPT. DE LA ROMANA,LA ROMANA,INDOMET,EMCI,35.5,22.5,0.8,https://indomet.gob.do/wp-content/uploads/2026/07/temperaturas-extremas-y-precipitaciones-2026x07x24-a.pdf
2026-07-24,002,SAN RAFAEL DEL YUMA,LA ALTAGRACIA,MINISTERIO DE AGRICULTURA,EMCI,35.4,24.5,0.8,https://indomet.gob.do/wp-content/uploads/2026/07/temperaturas-extremas-y-precipitaciones-2026x07x24-a.pdf
2026-07-24,003,ANAMUYA (EMA),LA ALTAGRACIA,MINISTERIO DE AGRICULTURA,EMAP,35.2,25.8,0.4,https://indomet.gob.do/wp-content/uploads/2026/07/temperaturas-extremas-y-precipitaciones-2026x07x24-a.pdf
2026-07-24,004,ALTAMIRA,PUERTO PLATA,HOSP. MPAL. DE ALTAMIRA,EMCI,37.4,21.0,0.0,https://indomet.gob.do/wp-content/uploads/2026/07/temperaturas-extremas-y-precipitaciones-2026x07x24-a.pdf
2026-07-24,005,ALTO BANDERA (EMA),LA VEGA,INTEC,EMAP,19.9,9.7,0.0,https://indomet.gob.do/wp-content/uploads/2026/07/temperaturas-extremas-y-precipitaciones-2026x07x24-a.pdf
2026-07-24,006,ARPT. ARROYO BARRIL,SAMANÁ,INDOMET,EMCI,32.7,23.4,0.0,https://indomet.gob.do/wp-content/uploads/2026/07/temperaturas-extremas-y-precipitaciones-2026x07x24-a.pdf
2026-07-24,007,ARPT. DE LAS AMÉRICAS,SANTO DOMINGO,INDOMET,EMCI,34.6,23.0,0.0,https://indomet.gob.do/wp-content/uploads/2026/07/temperaturas-extremas-y-precipitaciones-2026x07x24-a.pdf
2026-07-24,008,ARPT. DE PUNTA CANA,LA ALTAGRACIA,INDOMET,EMCI,31.6,23.6,0.0,https://indomet.gob.do/wp-content/uploads/2026/07/temperaturas-extremas-y-precipitaciones-2026x07x24-a.pdf
2026-07-24,009,ARPT. DEL CIBAO,SANTIAGO,INDOMET,EMCI,34.5,23.2,0.0,https://indomet.gob.do/wp-content/uploads/2026/07/temperaturas-extremas-y-precipitaciones-2026x07x24-a.pdf
2026-07-24,010,ARPT. EL CATEY,SAMANÁ,INDOMET,EMCI,34.0,,0.0,https://indomet.gob.do/wp-content/uploads/2026/07/temperaturas-extremas-y-precipitaciones-2026x07x24-a.pdf
2026-07-24,011,ARPT. GREGORIO LUPERÓN,PUERTO PLATA,INDOMET,EMCI,33.0,23.6,0.0,https://indomet.gob.do/wp-content/uploads/2026/07/temperaturas-extremas-y-precipitaciones-2026x07x24-a.pdf
2026-07-24,012,ARPT. LA ISABELA,SANTO DOMINGO,INDOMET,EMCI,35.2,23.5,0.0,https://indomet.gob.do/wp-content/uploads/2026/07/temperaturas-extremas-y-precipitaciones-2026x07x24-a.pdf
2026-07-24,013,ARPT. MARÍA MONTEZ,BARAHONA,INDOMET,EMCI,33.2,23.5,0.0,https://indomet.gob.do/wp-content/uploads/2026/07/temperaturas-extremas-y-precipitaciones-2026x07x24-a.pdf
2026-07-24,014,ARROYO LORO,SAN JUAN,IDIAF,EMCI,34.5,19.1,0.0,https://indomet.gob.do/wp-content/uploads/2026/07/temperaturas-extremas-y-precipitaciones-2026x07x24-a.pdf
2026-07-24,015,BANI (EMA),PERAVIA,MINISTERIO DE AGRICULTURA,EMAP,31.2,26.7,0.0,https://indomet.gob.do/wp-content/uploads/2026/07/temperaturas-extremas-y-precipitaciones-2026x07x24-a.pdf
2026-07-24,016,BAYAGUANA,MONTE PLATA,INDOMET,EMCI,34.8,21.8,0.0,https://indomet.gob.do/wp-content/uploads/2026/07/temperaturas-extremas-y-precipitaciones-2026x07x24-a.pdf
2026-07-24,017,BELLA VISTA (EMA),DISTRITO NACIONAL,PRIVADA,EMAP,,,0.0,https://indomet.gob.do/wp-content/uploads/2026/07/temperaturas-extremas-y-precipitaciones-2026x07x24-a.pdf
2026-07-24,018,BOCA DE MAO (EMA),VALVERDE,MINISTERIO DE AGRICULTURA,EMAP,37.9,24.8,0.0,https://indomet.gob.do/wp-content/uploads/2026/07/temperaturas-extremas-y-precipitaciones-2026x07x24-a.pdf
2026-07-24,019,BONAO,MONSEÑOR NOUEL,MINISTERIO DE AGRICULTURA,EMCV,,,0.0,https://indomet.gob.do/wp-content/uploads/2026/07/temperaturas-extremas-y-precipitaciones-2026x07x24-a.pdf
2026-07-24,020,BUCARA (EMA),SANTIAGO,MINISTERIO DE AGRICULTURA,EMAI,,,0.0,https://indomet.gob.do/wp-content/uploads/2026/07/temperaturas-extremas-y-precipitaciones-2026x07x24-a.pdf
2026-07-24,021,CABRAL,BARAHONA,MINISTERIO DE AGRICULTURA,EMCV,34.3,22.8,0.0,https://indomet.gob.do/wp-content/uploads/2026/07/temperaturas-extremas-y-precipitaciones-2026x07x24-a.pdf
2026-07-24,022,CABRERA,MARÍA TRINIDAD SÁNCHEZ,ESCUELA ARÍSTIDES FIALLO CABRAL,EMCI,34.5,26.2,0.0,https://indomet.gob.do/wp-content/uploads/2026/07/temperaturas-extremas-y-precipitaciones-2026x07x24-a.pdf
2026-07-24,023,CENTRO DE LOS HEROES (EMA),DISTRITO NACIONAL,MINISTERIO DE ENERGIA Y MINA,EMAP,31.9,26.6,0.0,https://indomet.gob.do/wp-content/uploads/2026/07/temperaturas-extremas-y-precipitaciones-2026x07x24-a.pdf
2026-07-24,024,CONSTANZA,LA VEGA,MINISTERIO DE AGRICULTURA,EMCI,29.8,12.7,0.0,https://indomet.gob.do/wp-content/uploads/2026/07/temperaturas-extremas-y-precipitaciones-2026x07x24-a.pdf
2026-07-24,025,CONSTANZA (EMA),LA VEGA,PROGRAMA MUNDIAL DE ALIMENTO,EMAP,28.4,14.8,0.0,https://indomet.gob.do/wp-content/uploads/2026/07/temperaturas-extremas-y-precipitaciones-2026x07x24-a.pdf
2026-07-24,026,DAJABÓN,DAJABÓN,INSTITUTO POLITÉCNICO LOYOLA,EMCI,36.9,23.2,0.0,https://indomet.gob.do/wp-content/uploads/2026/07/temperaturas-extremas-y-precipitaciones-2026x07x24-a.pdf
2026-07-24,027,EL MILLON (EMA),DISTRITO NACIONAL,PRIVADA,EMAP,,,0.0,https://indomet.gob.do/wp-content/uploads/2026/07/temperaturas-extremas-y-precipitaciones-2026x07x24-a.pdf
2026-07-24,028,ELÍAS PIÑA,ELÍAS PIÑA,MINISTERIO DE AGRICULTURA,EMCV,,,0.0,https://indomet.gob.do/wp-content/uploads/2026/07/temperaturas-extremas-y-precipitaciones-2026x07x24-a.pdf
2026-07-24,029,ENRIQUILLO,BARAHONA,MINISTERIO DE AGRICULTURA,EMCV,33.3,23.5,0.0,https://indomet.gob.do/wp-content/uploads/2026/07/temperaturas-extremas-y-precipitaciones-2026x07x24-a.pdf
2026-07-24,030,ENSANCHE LA FE (EMA),DISTRITO NACIONAL,PRIVADA,EMAP,,,0.0,https://indomet.gob.do/wp-content/uploads/2026/07/temperaturas-extremas-y-precipitaciones-2026x07x24-a.pdf
2026-07-24,031,ESCONDIDO,PERAVIA,MINISTERIO DE AGRICULTURA,EMCV,32.0,24.0,0.0,https://indomet.gob.do/wp-content/uploads/2026/07/temperaturas-extremas-y-precipitaciones-2026x07x24-a.pdf
2026-07-24,032,GASPAR HERNÁNDEZ,ESPAILLAT,PROPIEDAD DEL EMPLEADO,EMCI,,,0.0,https://indomet.gob.do/wp-content/uploads/2026/07/temperaturas-extremas-y-precipitaciones-2026x07x24-a.pdf
2026-07-24,033,GURABO,SANTIAGO,MINISTERIO DE AGRICULTURA,EMCV,,,0.0,https://indomet.gob.do/wp-content/uploads/2026/07/temperaturas-extremas-y-precipitaciones-2026x07x24-a.pdf
2026-07-24,034,HATO MAYOR,HATO MAYOR,MINISTERIO DE AGRICULTURA,EMCV,,,0.0,https://indomet.gob.do/wp-content/uploads/2026/07/temperaturas-extremas-y-precipitaciones-2026x07x24-a.pdf
2026-07-24,035,HONDO VALLE,ELÍAS PIÑA,MINISTERIO DE AGRICULTURA,EMCI,28.1,19.0,0.0,https://indomet.gob.do/wp-content/uploads/2026/07/temperaturas-extremas-y-precipitaciones-2026x07x24-a.pdf
2026-07-24,036,JARABACOA,LA VEGA,INDRHI / MARENA,EMCI,33.6,18.0,0.0,https://indomet.gob.do/wp-content/uploads/2026/07/temperaturas-extremas-y-precipitaciones-2026x07x24-a.pdf
2026-07-24,037,JARABACOA (EMA),LA VEGA,PROGRAMA MUNDIAL DE ALIMENTO,EMAP,32.7,19.1,0.0,https://indomet.gob.do/wp-content/uploads/2026/07/temperaturas-extremas-y-precipitaciones-2026x07x24-a.pdf
2026-07-24,038,JARDÍN BOTÁNICO SANTIAGO (EMSANTIAGO,,JARDIN BOTANICO SANTIAGO,EMAI,36.2,23.9,0.0,https://indomet.gob.do/wp-content/uploads/2026/07/temperaturas-extremas-y-precipitaciones-2026x07x24-a.pdf
2026-07-24,039,JIMANÍ,INDEPENDENCIA,MINISTERIO DE AGRICULTURA,EMCI,36.4,25.2,0.0,https://indomet.gob.do/wp-content/uploads/2026/07/temperaturas-extremas-y-precipitaciones-2026x07x24-a.pdf
2026-07-24,040,JUMA BEJUCAL,MONSEÑOR NOUEL,IDIAF,EMCV,35.0,23.2,0.0,https://indomet.gob.do/wp-content/uploads/2026/07/temperaturas-extremas-y-precipitaciones-2026x07x24-a.pdf
2026-07-24,041,LA AGUSTINA (EMA),DISTRITO NACIONAL,PRIVADA,EMAP,,,0.0,https://indomet.gob.do/wp-content/uploads/2026/07/temperaturas-extremas-y-precipitaciones-2026x07x24-a.pdf
2026-07-24,042,LA VEGA,LA VEGA,IATESA,EMCI,36.0,22.0,0.0,https://indomet.gob.do/wp-content/uploads/2026/07/temperaturas-extremas-y-precipitaciones-2026x07x24-a.pdf
2026-07-24,043,LA VICTORIA,SANTO DOMINGO,CUERPO DE BOMBEROS,EMCI,34.5,23.0,0.0,https://indomet.gob.do/wp-content/uploads/2026/07/temperaturas-extremas-y-precipitaciones-2026x07x24-a.pdf
2026-07-24,044,LAS CANAS (EMA),MONTE CRISTI,PROGRAMA MUNDIAL DE ALIMENTO,EMAP,32.8,24.7,0.0,https://indomet.gob.do/wp-content/uploads/2026/07/temperaturas-extremas-y-precipitaciones-2026x07x24-a.pdf
2026-07-24,045,LOS CACICAZGOS (EMA),DISTRITO NACIONAL,PRIVADA,EMAP,,,0.0,https://indomet.gob.do/wp-content/uploads/2026/07/temperaturas-extremas-y-precipitaciones-2026x07x24-a.pdf
2026-07-24,046,LOS JARDINES (EMA),DISTRITO NACIONAL,PRIVADA,EMAP,,,0.0,https://indomet.gob.do/wp-content/uploads/2026/07/temperaturas-extremas-y-precipitaciones-2026x07x24-a.pdf
2026-07-24,047,LOS LLANOS,SAN PEDRO DE MACORÍS,MINISTERIO DE AGRICULTURA,EMCI,34.2,23.2,0.0,https://indomet.gob.do/wp-content/uploads/2026/07/temperaturas-extremas-y-precipitaciones-2026x07x24-a.pdf
2026-07-24,048,LOS PRADOS (EMA),DISTRITO NACIONAL,PRIVADA,EMAP,,,0.0,https://indomet.gob.do/wp-content/uploads/2026/07/temperaturas-extremas-y-precipitaciones-2026x07x24-a.pdf
2026-07-24,049,MAO,VALVERDE,INDRHI / MINISTERIO DE AGRICULTURA,EMCV,,,0.0,https://indomet.gob.do/wp-content/uploads/2026/07/temperaturas-extremas-y-precipitaciones-2026x07x24-a.pdf
2026-07-24,050,MICHES (EMA),EL SEIBO,PRIVADA,EMAP,35.3,23.7,0.0,https://indomet.gob.do/wp-content/uploads/2026/07/temperaturas-extremas-y-precipitaciones-2026x07x24-a.pdf
2026-07-24,051,MONCIÓN (EMA),SANTIAGO RODRÍGUEZ,PROGRAMA MUNDIAL DE ALIMENTO,EMAP,35.4,20.8,0.0,https://indomet.gob.do/wp-content/uploads/2026/07/temperaturas-extremas-y-precipitaciones-2026x07x24-a.pdf
2026-07-24,052,MONTE CRISTI,MONTE CRISTI,INDOMET,EMCI,35.1,26.0,0.0,https://indomet.gob.do/wp-content/uploads/2026/07/temperaturas-extremas-y-precipitaciones-2026x07x24-a.pdf
2026-07-24,053,NAVARRETE,SANTIAGO,MINISTERIO DE AGRICULTURA,EMCV,,,0.0,https://indomet.gob.do/wp-content/uploads/2026/07/temperaturas-extremas-y-precipitaciones-2026x07x24-a.pdf
2026-07-24,054,LOS COCOS (EMA),BAHORUCO,PRIVADA,EMAP,,,0.0,https://indomet.gob.do/wp-content/uploads/2026/07/temperaturas-extremas-y-precipitaciones-2026x07x24-a.pdf
2026-07-24,055,OLIVARES,PEDERNALES,INDRHI,EMCI,,,0.0,https://indomet.gob.do/wp-content/uploads/2026/07/temperaturas-extremas-y-precipitaciones-2026x07x24-a.pdf
2026-07-24,056,OVIEDO,PEDERNALES,CLÍNICA RURAL OVIEDO,EMCI,34.0,24.0,0.0,https://indomet.gob.do/wp-content/uploads/2026/07/temperaturas-extremas-y-precipitaciones-2026x07x24-a.pdf
2026-07-24,057,PADRE LAS CASAS,AZUA,HOSP. NTRA. SRA. DEL CARMEN,EMCI,32.0,18.0,0.0,https://indomet.gob.do/wp-content/uploads/2026/07/temperaturas-extremas-y-precipitaciones-2026x07x24-a.pdf
2026-07-24,058,PALO ÍNDIO,PUERTO PLATA,MINISTERIO DE AGRICULTURA,EMCI,,,0.0,https://indomet.gob.do/wp-content/uploads/2026/07/temperaturas-extremas-y-precipitaciones-2026x07x24-a.pdf
2026-07-24,059,PERALTA,AZUA,HOSP. MPAL. DE PERALTA,EMCI,32.5,19.2,0.0,https://indomet.gob.do/wp-content/uploads/2026/07/temperaturas-extremas-y-precipitaciones-2026x07x24-a.pdf
2026-07-24,060,POLO,BARAHONA,INDOCAFE,EMCI,31.0,18.2,0.0,https://indomet.gob.do/wp-content/uploads/2026/07/temperaturas-extremas-y-precipitaciones-2026x07x24-a.pdf
2026-07-24,061,PONTÓN ABAJO (EMA),LA VEGA,MINISTERIO DE AGRICULTURA,EMAP,36.4,23.2,0.0,https://indomet.gob.do/wp-content/uploads/2026/07/temperaturas-extremas-y-precipitaciones-2026x07x24-a.pdf
2026-07-24,062,PRESA DE TAVERAS (EMA),LA VEGA,PROGRAMA MUNDIAL DE ALIMENTO,EMAP,33.3,22.1,0.0,https://indomet.gob.do/wp-content/uploads/2026/07/temperaturas-extremas-y-precipitaciones-2026x07x24-a.pdf
2026-07-24,063,PROLONGACION 27 DE FEBRERO,DISTRITO NACIONAL,PRIVADA,EMAP,,,0.0,https://indomet.gob.do/wp-content/uploads/2026/07/temperaturas-extremas-y-precipitaciones-2026x07x24-a.pdf
2026-07-24,064,RANCHO ARRIBA,SAN JOSÉ DE OCOA,CENTRO TECNOLÓGICO COMUNITARIO,EMCI,33.1,17.5,0.0,https://indomet.gob.do/wp-content/uploads/2026/07/temperaturas-extremas-y-precipitaciones-2026x07x24-a.pdf
2026-07-24,065,RESTAURACIÓN,DAJABÓN,MINISTERIO DE AGRICULTURA,EMCI,33.4,18.2,0.0,https://indomet.gob.do/wp-content/uploads/2026/07/temperaturas-extremas-y-precipitaciones-2026x07x24-a.pdf
2026-07-24,066,RÍO SAN JUAN,MARÍA TRINIDAD SÁNCHEZ,HOSP. MPAL. DR. DESIDERIO ACOSTA,EMCV,35.0,24.5,0.0,https://indomet.gob.do/wp-content/uploads/2026/07/temperaturas-extremas-y-precipitaciones-2026x07x24-a.pdf
2026-07-24,067,SABANA DE LA MAR,HATO MAYOR,INDOMET,EMCI,32.0,23.0,0.0,https://indomet.gob.do/wp-content/uploads/2026/07/temperaturas-extremas-y-precipitaciones-2026x07x24-a.pdf
2026-07-24,068,SABANA GRANDE DE BOYÁ,MONTE PLATA,MINISTERIO DE AGRICULTURA,EMCV,,,0.0,https://indomet.gob.do/wp-content/uploads/2026/07/temperaturas-extremas-y-precipitaciones-2026x07x24-a.pdf
2026-07-24,069,SABANETA (EMA),SANTIAGO RODRÍGUEZ,PROGRAMA MUNDIAL DE ALIMENTO,EMAP,38.4,24.6,0.0,https://indomet.gob.do/wp-content/uploads/2026/07/temperaturas-extremas-y-precipitaciones-2026x07x24-a.pdf
2026-07-24,070,SAJOMA (EMA),SANTIAGO,PLAN SIERRA,EMAI,33.6,21.6,0.0,https://indomet.gob.do/wp-content/uploads/2026/07/temperaturas-extremas-y-precipitaciones-2026x07x24-a.pdf
2026-07-24,071,SALCEDO,HERMANAS MIRABAL,PROPIEDAD DEL EMPLEADO,EMCI,,,0.0,https://indomet.gob.do/wp-content/uploads/2026/07/temperaturas-extremas-y-precipitaciones-2026x07x24-a.pdf
2026-07-24,072,SAMANÁ,SAMANÁ,COMANDANCIA DE PUERTO DE SAMANÁ,EMCI,34.8,19.4,0.0,https://indomet.gob.do/wp-content/uploads/2026/07/temperaturas-extremas-y-precipitaciones-2026x07x24-a.pdf
2026-07-24,073,SAN CRISTÓBAL,SAN CRISTÓBAL,INSTITUTO POLITÉCNICO LOYOLA,EMCI,33.0,21.0,0.0,https://indomet.gob.do/wp-content/uploads/2026/07/temperaturas-extremas-y-precipitaciones-2026x07x24-a.pdf
2026-07-24,074,SAN JOSÉ DE OCOA,SAN JOSÉ DE OCOA,HOSP. SAN JOSÉ DE OCOA,EMCI,35.4,20.9,0.0,https://indomet.gob.do/wp-content/uploads/2026/07/temperaturas-extremas-y-precipitaciones-2026x07x24-a.pdf
2026-07-24,075,SÁNCHEZ,SAMANÁ,MINISTERIO DE AGRICULTURA,EMCI,34.0,23.9,0.0,https://indomet.gob.do/wp-content/uploads/2026/07/temperaturas-extremas-y-precipitaciones-2026x07x24-a.pdf
2026-07-24,076,SANTIAGO RODRÍGUEZ,SANTIAGO RODRÍGUEZ,INDOMET,EMCI,38.4,24.5,0.0,https://indomet.gob.do/wp-content/uploads/2026/07/temperaturas-extremas-y-precipitaciones-2026x07x24-a.pdf
2026-07-24,077,SANTO DOMINGO ESTE,SANTO DOMINGO,INDOMET,EMCI,32.6,25.2,0.0,https://indomet.gob.do/wp-content/uploads/2026/07/temperaturas-extremas-y-precipitaciones-2026x07x24-a.pdf
2026-07-24,078,TÁBARA ABAJO,AZUA,INDRHI,EMCI,33.7,22.0,0.0,https://indomet.gob.do/wp-content/uploads/2026/07/temperaturas-extremas-y-precipitaciones-2026x07x24-a.pdf
2026-07-24,079,VILLA ALTAGRACIA,SAN CRISTÓBAL,ESCUELA JAVIER ANGULO GURIDI,EMCI,,,0.0,https://indomet.gob.do/wp-content/uploads/2026/07/temperaturas-extremas-y-precipitaciones-2026x07x24-a.pdf
2026-07-24,080,VILLA GONZALES,SANTIAGO,MINISTERIO DE AGRICULTURA,EMCI,,,0.0,https://indomet.gob.do/wp-content/uploads/2026/07/temperaturas-extremas-y-precipitaciones-2026x07x24-a.pdf
2026-07-24,081,VILLA ISABELA,PUERTO PLATA,MINISTERIO DE AGRICULTURA,EMCV,36.4,21.0,0.0,https://indomet.gob.do/wp-content/uploads/2026/07/temperaturas-extremas-y-precipitaciones-2026x07x24-a.pdf
2026-07-24,082,VILLA RIVA,DUARTE,HOSP. MPAL. ALICIA DE LEGENDRE,EMCI,32.5,22.8,0.0,https://indomet.gob.do/wp-content/uploads/2026/07/temperaturas-extremas-y-precipitaciones-2026x07x24-a.pdf
2026-07-24,083,VILLA VASQUEZ (EMA),MONTE CRISTI,JUNTA DE REGANTES,EMAI,,,0.0,https://indomet.gob.do/wp-content/uploads/2026/07/temperaturas-extremas-y-precipitaciones-2026x07x24-a.pdf
2026-07-25,001,BAYAGUANA,MONTE PLATA,INDOMET,EMCI,35.5,22.5,0.9,https://indomet.gob.do/wp-content/uploads/2026/07/temperaturas-extremas-y-precipitaciones-2026x07x25-a-1.pdf
2026-07-25,002,SAN RAFAEL DEL YUMA,LA ALTAGRACIA,MINISTERIO DE AGRICULTURA,EMCI,36.0,25.3,0.4,https://indomet.gob.do/wp-content/uploads/2026/07/temperaturas-extremas-y-precipitaciones-2026x07x25-a-1.pdf
2026-07-25,003,SABANA GRANDE DE BOYÁ,MONTE PLATA,MINISTERIO DE AGRICULTURA,EMCV,,,0.1,https://indomet.gob.do/wp-content/uploads/2026/07/temperaturas-extremas-y-precipitaciones-2026x07x25-a-1.pdf
2026-07-25,004,ALTAMIRA,PUERTO PLATA,HOSP. MPAL. DE ALTAMIRA,EMCI,36.0,22.6,0.0,https://indomet.gob.do/wp-content/uploads/2026/07/temperaturas-extremas-y-precipitaciones-2026x07x25-a-1.pdf
2026-07-25,005,ALTO BANDERA (EMA),LA VEGA,INTEC,EMAP,21.1,10.2,0.0,https://indomet.gob.do/wp-content/uploads/2026/07/temperaturas-extremas-y-precipitaciones-2026x07x25-a-1.pdf
2026-07-25,006,ANAMUYA (EMA),LA ALTAGRACIA,MINISTERIO DE AGRICULTURA,EMAP,34.3,25.9,0.0,https://indomet.gob.do/wp-content/uploads/2026/07/temperaturas-extremas-y-precipitaciones-2026x07x25-a-1.pdf
2026-07-25,007,ARPT. ARROYO BARRIL,SAMANÁ,INDOMET,EMCI,32.4,24.0,0.0,https://indomet.gob.do/wp-content/uploads/2026/07/temperaturas-extremas-y-precipitaciones-2026x07x25-a-1.pdf
2026-07-25,008,ARPT. DE LA ROMANA,LA ROMANA,INDOMET,EMCI,36.0,24.7,0.0,https://indomet.gob.do/wp-content/uploads/2026/07/temperaturas-extremas-y-precipitaciones-2026x07x25-a-1.pdf
2026-07-25,009,ARPT. DE LAS AMÉRICAS,SANTO DOMINGO,INDOMET,EMCI,35.5,23.3,0.0,https://indomet.gob.do/wp-content/uploads/2026/07/temperaturas-extremas-y-precipitaciones-2026x07x25-a-1.pdf
2026-07-25,010,ARPT. DE PUNTA CANA,LA ALTAGRACIA,INDOMET,EMCI,32.2,23.7,0.0,https://indomet.gob.do/wp-content/uploads/2026/07/temperaturas-extremas-y-precipitaciones-2026x07x25-a-1.pdf
2026-07-25,011,ARPT. DEL CIBAO,SANTIAGO,INDOMET,EMCI,35.0,23.0,0.0,https://indomet.gob.do/wp-content/uploads/2026/07/temperaturas-extremas-y-precipitaciones-2026x07x25-a-1.pdf
2026-07-25,012,ARPT. EL CATEY,SAMANÁ,INDOMET,EMCI,33.4,,0.0,https://indomet.gob.do/wp-content/uploads/2026/07/temperaturas-extremas-y-precipitaciones-2026x07x25-a-1.pdf
2026-07-25,013,ARPT. GREGORIO LUPERÓN,PUERTO PLATA,INDOMET,EMCI,33.0,23.0,0.0,https://indomet.gob.do/wp-content/uploads/2026/07/temperaturas-extremas-y-precipitaciones-2026x07x25-a-1.pdf
2026-07-25,014,ARPT. LA ISABELA,SANTO DOMINGO,INDOMET,EMCI,36.0,21.6,0.0,https://indomet.gob.do/wp-content/uploads/2026/07/temperaturas-extremas-y-precipitaciones-2026x07x25-a-1.pdf
2026-07-25,015,ARPT. MARÍA MONTEZ,BARAHONA,INDOMET,EMCI,35.2,23.5,0.0,https://indomet.gob.do/wp-content/uploads/2026/07/temperaturas-extremas-y-precipitaciones-2026x07x25-a-1.pdf
2026-07-25,016,ARROYO LORO,SAN JUAN,IDIAF,EMCI,35.2,21.2,0.0,https://indomet.gob.do/wp-content/uploads/2026/07/temperaturas-extremas-y-precipitaciones-2026x07x25-a-1.pdf
2026-07-25,017,BANI (EMA),PERAVIA,MINISTERIO DE AGRICULTURA,EMAP,,,0.0,https://indomet.gob.do/wp-content/uploads/2026/07/temperaturas-extremas-y-precipitaciones-2026x07x25-a-1.pdf
2026-07-25,018,BELLA VISTA (EMA),DISTRITO NACIONAL,PRIVADA,EMAP,,,0.0,https://indomet.gob.do/wp-content/uploads/2026/07/temperaturas-extremas-y-precipitaciones-2026x07x25-a-1.pdf
2026-07-25,019,BOCA DE MAO (EMA),VALVERDE,MINISTERIO DE AGRICULTURA,EMAP,37.8,26.3,0.0,https://indomet.gob.do/wp-content/uploads/2026/07/temperaturas-extremas-y-precipitaciones-2026x07x25-a-1.pdf
2026-07-25,020,BUCARA (EMA),SANTIAGO,MINISTERIO DE AGRICULTURA,EMAI,,,0.0,https://indomet.gob.do/wp-content/uploads/2026/07/temperaturas-extremas-y-precipitaciones-2026x07x25-a-1.pdf
2026-07-25,021,CABRAL,BARAHONA,MINISTERIO DE AGRICULTURA,EMCV,36.3,25.5,0.0,https://indomet.gob.do/wp-content/uploads/2026/07/temperaturas-extremas-y-precipitaciones-2026x07x25-a-1.pdf
2026-07-25,022,CABRERA,MARÍA TRINIDAD SÁNCHEZ,ESCUELA ARÍSTIDES FIALLO CABRAL,EMCI,34.8,28.0,0.0,https://indomet.gob.do/wp-content/uploads/2026/07/temperaturas-extremas-y-precipitaciones-2026x07x25-a-1.pdf
2026-07-25,023,CENTRO DE LOS HEROES (EMA),DISTRITO NACIONAL,MINISTERIO DE ENERGIA Y MINA,EMAP,33.4,27.3,0.0,https://indomet.gob.do/wp-content/uploads/2026/07/temperaturas-extremas-y-precipitaciones-2026x07x25-a-1.pdf
2026-07-25,024,CONSTANZA,LA VEGA,MINISTERIO DE AGRICULTURA,EMCI,30.0,13.5,0.0,https://indomet.gob.do/wp-content/uploads/2026/07/temperaturas-extremas-y-precipitaciones-2026x07x25-a-1.pdf
2026-07-25,025,CONSTANZA (EMA),LA VEGA,PROGRAMA MUNDIAL DE ALIMENTO,EMAP,28.9,15.3,0.0,https://indomet.gob.do/wp-content/uploads/2026/07/temperaturas-extremas-y-precipitaciones-2026x07x25-a-1.pdf
2026-07-25,026,DAJABÓN,DAJABÓN,INSTITUTO POLITÉCNICO LOYOLA,EMCI,35.1,24.2,0.0,https://indomet.gob.do/wp-content/uploads/2026/07/temperaturas-extremas-y-precipitaciones-2026x07x25-a-1.pdf
2026-07-25,027,ELÍAS PIÑA,ELÍAS PIÑA,MINISTERIO DE AGRICULTURA,EMCV,,,0.0,https://indomet.gob.do/wp-content/uploads/2026/07/temperaturas-extremas-y-precipitaciones-2026x07x25-a-1.pdf
2026-07-25,028,ENRIQUILLO,BARAHONA,MINISTERIO DE AGRICULTURA,EMCV,35.0,25.0,0.0,https://indomet.gob.do/wp-content/uploads/2026/07/temperaturas-extremas-y-precipitaciones-2026x07x25-a-1.pdf
2026-07-25,029,GASPAR HERNÁNDEZ,ESPAILLAT,PROPIEDAD DEL EMPLEADO,EMCI,,,0.0,https://indomet.gob.do/wp-content/uploads/2026/07/temperaturas-extremas-y-precipitaciones-2026x07x25-a-1.pdf
2026-07-25,030,GURABO,SANTIAGO,MINISTERIO DE AGRICULTURA,EMCV,,,0.0,https://indomet.gob.do/wp-content/uploads/2026/07/temperaturas-extremas-y-precipitaciones-2026x07x25-a-1.pdf
2026-07-25,031,HATO MAYOR,HATO MAYOR,MINISTERIO DE AGRICULTURA,EMCV,,,0.0,https://indomet.gob.do/wp-content/uploads/2026/07/temperaturas-extremas-y-precipitaciones-2026x07x25-a-1.pdf
2026-07-25,032,HONDO VALLE,ELÍAS PIÑA,MINISTERIO DE AGRICULTURA,EMCI,28.8,19.5,0.0,https://indomet.gob.do/wp-content/uploads/2026/07/temperaturas-extremas-y-precipitaciones-2026x07x25-a-1.pdf
2026-07-25,033,JARABACOA,LA VEGA,INDRHI / MARENA,EMCI,34.2,18.6,0.0,https://indomet.gob.do/wp-content/uploads/2026/07/temperaturas-extremas-y-precipitaciones-2026x07x25-a-1.pdf
2026-07-25,034,JARABACOA (EMA),LA VEGA,PROGRAMA MUNDIAL DE ALIMENTO,EMAP,33.4,19.9,0.0,https://indomet.gob.do/wp-content/uploads/2026/07/temperaturas-extremas-y-precipitaciones-2026x07x25-a-1.pdf
2026-07-25,035,JARDÍN BOTÁNICO SANTIAGO (EMSANTIAGO,,JARDIN BOTANICO SANTIAGO,EMAI,36.4,24.6,0.0,https://indomet.gob.do/wp-content/uploads/2026/07/temperaturas-extremas-y-precipitaciones-2026x07x25-a-1.pdf
2026-07-25,036,JIMANÍ,INDEPENDENCIA,MINISTERIO DE AGRICULTURA,EMCI,37.4,25.5,0.0,https://indomet.gob.do/wp-content/uploads/2026/07/temperaturas-extremas-y-precipitaciones-2026x07x25-a-1.pdf
2026-07-25,037,JUMA BEJUCAL,MONSEÑOR NOUEL,IDIAF,EMCV,34.8,24.2,0.0,https://indomet.gob.do/wp-content/uploads/2026/07/temperaturas-extremas-y-precipitaciones-2026x07x25-a-1.pdf
2026-07-25,038,LA VEGA,LA VEGA,IATESA,EMCI,37.0,24.0,0.0,https://indomet.gob.do/wp-content/uploads/2026/07/temperaturas-extremas-y-precipitaciones-2026x07x25-a-1.pdf
2026-07-25,039,LA VICTORIA,SANTO DOMINGO,CUERPO DE BOMBEROS,EMCI,35.6,25.0,0.0,https://indomet.gob.do/wp-content/uploads/2026/07/temperaturas-extremas-y-precipitaciones-2026x07x25-a-1.pdf
2026-07-25,040,LAS CANAS (EMA),MONTE CRISTI,PROGRAMA MUNDIAL DE ALIMENTO,EMAP,31.2,25.8,0.0,https://indomet.gob.do/wp-content/uploads/2026/07/temperaturas-extremas-y-precipitaciones-2026x07x25-a-1.pdf
2026-07-25,041,LOS CACICAZGOS (EMA),DISTRITO NACIONAL,PRIVADA,EMAP,,,0.0,https://indomet.gob.do/wp-content/uploads/2026/07/temperaturas-extremas-y-precipitaciones-2026x07x25-a-1.pdf
2026-07-25,042,LOS COCOS (EMA),BAHORUCO,PRIVADA,EMAP,,,0.0,https://indomet.gob.do/wp-content/uploads/2026/07/temperaturas-extremas-y-precipitaciones-2026x07x25-a-1.pdf
2026-07-25,043,LOS JARDINES (EMA),DISTRITO NACIONAL,PRIVADA,EMAP,,,0.0,https://indomet.gob.do/wp-content/uploads/2026/07/temperaturas-extremas-y-precipitaciones-2026x07x25-a-1.pdf
2026-07-25,044,LOS LLANOS,SAN PEDRO DE MACORÍS,MINISTERIO DE AGRICULTURA,EMCI,35.2,24.2,0.0,https://indomet.gob.do/wp-content/uploads/2026/07/temperaturas-extremas-y-precipitaciones-2026x07x25-a-1.pdf
2026-07-25,045,LOS PRADOS (EMA),DISTRITO NACIONAL,PRIVADA,EMAP,,,0.0,https://indomet.gob.do/wp-content/uploads/2026/07/temperaturas-extremas-y-precipitaciones-2026x07x25-a-1.pdf
2026-07-25,046,MAO,VALVERDE,INDRHI / MINISTERIO DE AGRICULTURA,EMCV,,,0.0,https://indomet.gob.do/wp-content/uploads/2026/07/temperaturas-extremas-y-precipitaciones-2026x07x25-a-1.pdf
2026-07-25,047,MICHES (EMA),EL SEIBO,PRIVADA,EMAP,35.9,23.8,0.0,https://indomet.gob.do/wp-content/uploads/2026/07/temperaturas-extremas-y-precipitaciones-2026x07x25-a-1.pdf
2026-07-25,048,MONCIÓN (EMA),SANTIAGO RODRÍGUEZ,PROGRAMA MUNDIAL DE ALIMENTO,EMAP,35.7,22.9,0.0,https://indomet.gob.do/wp-content/uploads/2026/07/temperaturas-extremas-y-precipitaciones-2026x07x25-a-1.pdf
2026-07-25,049,MONTE CRISTI,MONTE CRISTI,INDOMET,EMCI,35.5,26.3,0.0,https://indomet.gob.do/wp-content/uploads/2026/07/temperaturas-extremas-y-precipitaciones-2026x07x25-a-1.pdf
2026-07-25,050,OLIVARES,PEDERNALES,INDRHI,EMCI,,,0.0,https://indomet.gob.do/wp-content/uploads/2026/07/temperaturas-extremas-y-precipitaciones-2026x07x25-a-1.pdf
2026-07-25,051,OVIEDO,PEDERNALES,CLÍNICA RURAL OVIEDO,EMCI,35.5,26.0,0.0,https://indomet.gob.do/wp-content/uploads/2026/07/temperaturas-extremas-y-precipitaciones-2026x07x25-a-1.pdf
2026-07-25,052,PADRE LAS CASAS,AZUA,HOSP. NTRA. SRA. DEL CARMEN,EMCI,34.2,21.0,0.0,https://indomet.gob.do/wp-content/uploads/2026/07/temperaturas-extremas-y-precipitaciones-2026x07x25-a-1.pdf
2026-07-25,053,PEDERNALES,PEDERNALES,INDRHI,EMCI,,,0.0,https://indomet.gob.do/wp-content/uploads/2026/07/temperaturas-extremas-y-precipitaciones-2026x07x25-a-1.pdf
2026-07-25,054,PERALTA,AZUA,HOSP. MPAL. DE PERALTA,EMCI,34.0,20.2,0.0,https://indomet.gob.do/wp-content/uploads/2026/07/temperaturas-extremas-y-precipitaciones-2026x07x25-a-1.pdf
2026-07-25,055,POLO,BARAHONA,INDOCAFE,EMCI,32.0,17.0,0.0,https://indomet.gob.do/wp-content/uploads/2026/07/temperaturas-extremas-y-precipitaciones-2026x07x25-a-1.pdf
2026-07-25,056,PRESA DE TAVERAS (EMA),LA VEGA,PROGRAMA MUNDIAL DE ALIMENTO,EMAP,33.7,23.1,0.0,https://indomet.gob.do/wp-content/uploads/2026/07/temperaturas-extremas-y-precipitaciones-2026x07x25-a-1.pdf
2026-07-25,057,PROLONGACION 27 DE FEBRERO,DISTRITO NACIONAL,PRIVADA,EMAP,,,0.0,https://indomet.gob.do/wp-content/uploads/2026/07/temperaturas-extremas-y-precipitaciones-2026x07x25-a-1.pdf
2026-07-25,058,RANCHO ARRIBA,SAN JOSÉ DE OCOA,CENTRO TECNOLÓGICO COMUNITARIO,EMCI,33.4,17.5,0.0,https://indomet.gob.do/wp-content/uploads/2026/07/temperaturas-extremas-y-precipitaciones-2026x07x25-a-1.pdf
2026-07-25,059,RESTAURACIÓN,DAJABÓN,MINISTERIO DE AGRICULTURA,EMCI,33.8,17.9,0.0,https://indomet.gob.do/wp-content/uploads/2026/07/temperaturas-extremas-y-precipitaciones-2026x07x25-a-1.pdf
2026-07-25,060,RÍO SAN JUAN,MARÍA TRINIDAD SÁNCHEZ,HOSP. MPAL. DR. DESIDERIO ACOSTA,EMCV,35.4,25.7,0.0,https://indomet.gob.do/wp-content/uploads/2026/07/temperaturas-extremas-y-precipitaciones-2026x07x25-a-1.pdf
2026-07-25,061,SABANA DE LA MAR,HATO MAYOR,INDOMET,EMCI,32.0,24.0,0.0,https://indomet.gob.do/wp-content/uploads/2026/07/temperaturas-extremas-y-precipitaciones-2026x07x25-a-1.pdf
2026-07-25,062,SABANETA (EMA),SANTIAGO RODRÍGUEZ,PROGRAMA MUNDIAL DE ALIMENTO,EMAP,38.8,25.7,0.0,https://indomet.gob.do/wp-content/uploads/2026/07/temperaturas-extremas-y-precipitaciones-2026x07x25-a-1.pdf
2026-07-25,063,SAJOMA (EMA),SANTIAGO,PLAN SIERRA,EMAI,34.1,22.4,0.0,https://indomet.gob.do/wp-content/uploads/2026/07/temperaturas-extremas-y-precipitaciones-2026x07x25-a-1.pdf
2026-07-25,064,SALCEDO,HERMANAS MIRABAL,PROPIEDAD DEL EMPLEADO,EMCI,,,0.0,https://indomet.gob.do/wp-content/uploads/2026/07/temperaturas-extremas-y-precipitaciones-2026x07x25-a-1.pdf
2026-07-25,065,SAMANÁ,SAMANÁ,COMANDANCIA DE PUERTO DE SAMANÁ,EMCI,34.7,20.2,0.0,https://indomet.gob.do/wp-content/uploads/2026/07/temperaturas-extremas-y-precipitaciones-2026x07x25-a-1.pdf
2026-07-25,066,SAN CRISTÓBAL,SAN CRISTÓBAL,INSTITUTO POLITÉCNICO LOYOLA,EMCI,35.5,24.0,0.0,https://indomet.gob.do/wp-content/uploads/2026/07/temperaturas-extremas-y-precipitaciones-2026x07x25-a-1.pdf
2026-07-25,067,SAN JOSÉ DE OCOA,SAN JOSÉ DE OCOA,HOSP. SAN JOSÉ DE OCOA,EMCI,33.6,22.1,0.0,https://indomet.gob.do/wp-content/uploads/2026/07/temperaturas-extremas-y-precipitaciones-2026x07x25-a-1.pdf
2026-07-25,068,SÁNCHEZ,SAMANÁ,MINISTERIO DE AGRICULTURA,EMCI,33.7,22.5,0.0,https://indomet.gob.do/wp-content/uploads/2026/07/temperaturas-extremas-y-precipitaciones-2026x07x25-a-1.pdf
2026-07-25,069,SANTIAGO RODRÍGUEZ,SANTIAGO RODRÍGUEZ,INDOMET,EMCI,39.0,26.1,0.0,https://indomet.gob.do/wp-content/uploads/2026/07/temperaturas-extremas-y-precipitaciones-2026x07x25-a-1.pdf
2026-07-25,070,SANTO DOMINGO ESTE,SANTO DOMINGO,INDOMET,EMCI,34.5,25.8,0.0,https://indomet.gob.do/wp-content/uploads/2026/07/temperaturas-extremas-y-precipitaciones-2026x07x25-a-1.pdf
2026-07-25,071,TÁBARA ABAJO,AZUA,INDRHI,EMCI,32.5,19.0,0.0,https://indomet.gob.do/wp-content/uploads/2026/07/temperaturas-extremas-y-precipitaciones-2026x07x25-a-1.pdf
2026-07-25,072,VILLA GONZALES,SANTIAGO,MINISTERIO DE AGRICULTURA,EMCI,,,0.0,https://indomet.gob.do/wp-content/uploads/2026/07/temperaturas-extremas-y-precipitaciones-2026x07x25-a-1.pdf
2026-07-25,073,VILLA ISABELA,PUERTO PLATA,MINISTERIO DE AGRICULTURA,EMCV,35.0,23.0,0.0,https://indomet.gob.do/wp-content/uploads/2026/07/temperaturas-extremas-y-precipitaciones-2026x07x25-a-1.pdf
2026-07-25,074,VILLA RIVA,DUARTE,HOSP. MPAL. ALICIA DE LEGENDRE,EMCI,33.6,23.4,0.0,https://indomet.gob.do/wp-content/uploads/2026/07/temperaturas-extremas-y-precipitaciones-2026x07x25-a-1.pdf
2026-07-25,075,VILLA VASQUEZ (EMA),MONTE CRISTI,JUNTA DE REGANTES,EMAI,,,0.0,https://indomet.gob.do/wp-content/uploads/2026/07/temperaturas-extremas-y-precipitaciones-2026x07x25-a-1.pdf
2026-07-26,001,RESTAURACIÓN,DAJABÓN,MINISTERIO DE AGRICULTURA,EMCI,33.4,17.1,31.5,https://indomet.gob.do/wp-content/uploads/2026/07/temperaturas-extremas-y-precipitaciones-2026x07x26-a.pdf
2026-07-26,002,BAYAGUANA,MONTE PLATA,INDOMET,EMCI,35.7,23.2,11.7,https://indomet.gob.do/wp-content/uploads/2026/07/temperaturas-extremas-y-precipitaciones-2026x07x26-a.pdf
2026-07-26,003,EL CERCADO,SAN JUAN,MINISTERIO DE AGRICULTURA,EMCV,,,4.2,https://indomet.gob.do/wp-content/uploads/2026/07/temperaturas-extremas-y-precipitaciones-2026x07x26-a.pdf
2026-07-26,004,ELÍAS PIÑA,ELÍAS PIÑA,MINISTERIO DE AGRICULTURA,EMCV,,,3.0,https://indomet.gob.do/wp-content/uploads/2026/07/temperaturas-extremas-y-precipitaciones-2026x07x26-a.pdf
2026-07-26,005,TAMBORIL,SANTIAGO,MINISTERIO DE AGRICULTURA,EMCV,,,2.5,https://indomet.gob.do/wp-content/uploads/2026/07/temperaturas-extremas-y-precipitaciones-2026x07x26-a.pdf
2026-07-26,006,ARROYO LORO,SAN JUAN,IDIAF,EMCI,35.7,20.1,2.1,https://indomet.gob.do/wp-content/uploads/2026/07/temperaturas-extremas-y-precipitaciones-2026x07x26-a.pdf
2026-07-26,007,DAJABÓN,DAJABÓN,INSTITUTO POLITÉCNICO LOYOLA,EMCI,37.0,21.6,1.7,https://indomet.gob.do/wp-content/uploads/2026/07/temperaturas-extremas-y-precipitaciones-2026x07x26-a.pdf
2026-07-26,008,PADRE LAS CASAS,AZUA,HOSP. NTRA. SRA. DEL CARMEN,EMCI,35.0,20.0,1.6,https://indomet.gob.do/wp-content/uploads/2026/07/temperaturas-extremas-y-precipitaciones-2026x07x26-a.pdf
2026-07-26,009,PERALTA,AZUA,HOSP. MPAL. DE PERALTA,EMCI,33.0,19.1,1.2,https://indomet.gob.do/wp-content/uploads/2026/07/temperaturas-extremas-y-precipitaciones-2026x07x26-a.pdf
2026-07-26,010,MONCIÓN (EMA),SANTIAGO RODRÍGUEZ,PROGRAMA MUNDIAL DE ALIMENTO,EMAP,35.8,19.9,0.2,https://indomet.gob.do/wp-content/uploads/2026/07/temperaturas-extremas-y-precipitaciones-2026x07x26-a.pdf
2026-07-26,011,ALTAMIRA,PUERTO PLATA,HOSP. MPAL. DE ALTAMIRA,EMCI,37.6,21.5,0.0,https://indomet.gob.do/wp-content/uploads/2026/07/temperaturas-extremas-y-precipitaciones-2026x07x26-a.pdf
2026-07-26,012,ALTO BANDERA (EMA),LA VEGA,INTEC,EMAP,19.7,8.6,0.0,https://indomet.gob.do/wp-content/uploads/2026/07/temperaturas-extremas-y-precipitaciones-2026x07x26-a.pdf
2026-07-26,013,ANAMUYA (EMA),LA ALTAGRACIA,MINISTERIO DE AGRICULTURA,EMAP,34.8,25.3,0.0,https://indomet.gob.do/wp-content/uploads/2026/07/temperaturas-extremas-y-precipitaciones-2026x07x26-a.pdf
2026-07-26,014,ARPT. ARROYO BARRIL,SAMANÁ,INDOMET,EMCI,32.2,24.2,0.0,https://indomet.gob.do/wp-content/uploads/2026/07/temperaturas-extremas-y-precipitaciones-2026x07x26-a.pdf
2026-07-26,015,ARPT. DE LA ROMANA,LA ROMANA,INDOMET,EMCI,33.5,26.5,0.0,https://indomet.gob.do/wp-content/uploads/2026/07/temperaturas-extremas-y-precipitaciones-2026x07x26-a.pdf
2026-07-26,016,ARPT. DE LAS AMÉRICAS,SANTO DOMINGO,INDOMET,EMCI,33.4,24.4,0.0,https://indomet.gob.do/wp-content/uploads/2026/07/temperaturas-extremas-y-precipitaciones-2026x07x26-a.pdf
2026-07-26,017,ARPT. DE PUNTA CANA,LA ALTAGRACIA,INDOMET,EMCI,32.8,25.6,0.0,https://indomet.gob.do/wp-content/uploads/2026/07/temperaturas-extremas-y-precipitaciones-2026x07x26-a.pdf
2026-07-26,018,ARPT. DEL CIBAO,SANTIAGO,INDOMET,EMCI,36.4,24.6,0.0,https://indomet.gob.do/wp-content/uploads/2026/07/temperaturas-extremas-y-precipitaciones-2026x07x26-a.pdf
2026-07-26,019,ARPT. EL CATEY,SAMANÁ,INDOMET,EMCI,32.5,,0.0,https://indomet.gob.do/wp-content/uploads/2026/07/temperaturas-extremas-y-precipitaciones-2026x07x26-a.pdf
2026-07-26,020,ARPT. GREGORIO LUPERÓN,PUERTO PLATA,INDOMET,EMCI,35.0,23.2,0.0,https://indomet.gob.do/wp-content/uploads/2026/07/temperaturas-extremas-y-precipitaciones-2026x07x26-a.pdf
2026-07-26,021,ARPT. LA ISABELA,SANTO DOMINGO,INDOMET,EMCI,35.0,23.0,0.0,https://indomet.gob.do/wp-content/uploads/2026/07/temperaturas-extremas-y-precipitaciones-2026x07x26-a.pdf
2026-07-26,022,ARPT. MARÍA MONTEZ,BARAHONA,INDOMET,EMCI,34.0,26.0,0.0,https://indomet.gob.do/wp-content/uploads/2026/07/temperaturas-extremas-y-precipitaciones-2026x07x26-a.pdf
2026-07-26,023,BANI (EMA),PERAVIA,MINISTERIO DE AGRICULTURA,EMAP,33.6,24.6,0.0,https://indomet.gob.do/wp-content/uploads/2026/07/temperaturas-extremas-y-precipitaciones-2026x07x26-a.pdf
2026-07-26,024,BELLA VISTA (EMA),DISTRITO NACIONAL,PRIVADA,EMAP,,,0.0,https://indomet.gob.do/wp-content/uploads/2026/07/temperaturas-extremas-y-precipitaciones-2026x07x26-a.pdf
2026-07-26,025,BOCA DE MAO (EMA),VALVERDE,MINISTERIO DE AGRICULTURA,EMAP,38.8,24.3,0.0,https://indomet.gob.do/wp-content/uploads/2026/07/temperaturas-extremas-y-precipitaciones-2026x07x26-a.pdf
2026-07-26,026,BOHECHÍO,SAN JUAN,MINISTERIO DE AGRICULTURA,EMCV,,,0.0,https://indomet.gob.do/wp-content/uploads/2026/07/temperaturas-extremas-y-precipitaciones-2026x07x26-a.pdf
2026-07-26,027,BONAO,MONSEÑOR NOUEL,MINISTERIO DE AGRICULTURA,EMCV,,,0.0,https://indomet.gob.do/wp-content/uploads/2026/07/temperaturas-extremas-y-precipitaciones-2026x07x26-a.pdf
2026-07-26,028,BUCARA (EMA),SANTIAGO,MINISTERIO DE AGRICULTURA,EMAI,,,0.0,https://indomet.gob.do/wp-content/uploads/2026/07/temperaturas-extremas-y-precipitaciones-2026x07x26-a.pdf
2026-07-26,029,CABRAL,BARAHONA,MINISTERIO DE AGRICULTURA,EMCV,36.0,24.0,0.0,https://indomet.gob.do/wp-content/uploads/2026/07/temperaturas-extremas-y-precipitaciones-2026x07x26-a.pdf
2026-07-26,030,CABRERA,MARÍA TRINIDAD SÁNCHEZ,ESCUELA ARÍSTIDES FIALLO CABRAL,EMCI,35.0,28.0,0.0,https://indomet.gob.do/wp-content/uploads/2026/07/temperaturas-extremas-y-precipitaciones-2026x07x26-a.pdf
2026-07-26,031,CENTRO DE LOS HEROES (EMA),DISTRITO NACIONAL,MINISTERIO DE ENERGIA Y MINA,EMAP,,,0.0,https://indomet.gob.do/wp-content/uploads/2026/07/temperaturas-extremas-y-precipitaciones-2026x07x26-a.pdf
2026-07-26,032,CONSTANZA,LA VEGA,MINISTERIO DE AGRICULTURA,EMCI,30.0,10.7,0.0,https://indomet.gob.do/wp-content/uploads/2026/07/temperaturas-extremas-y-precipitaciones-2026x07x26-a.pdf
2026-07-26,033,CONSTANZA (EMA),LA VEGA,PROGRAMA MUNDIAL DE ALIMENTO,EMAP,28.8,12.8,0.0,https://indomet.gob.do/wp-content/uploads/2026/07/temperaturas-extremas-y-precipitaciones-2026x07x26-a.pdf
2026-07-26,034,COTUÍ,SÁNCHEZ RAMÍREZ,HOSP. INMACULADA CONCEPCIÓN,EMCV,,,0.0,https://indomet.gob.do/wp-content/uploads/2026/07/temperaturas-extremas-y-precipitaciones-2026x07x26-a.pdf
2026-07-26,035,EL MILLON (EMA),DISTRITO NACIONAL,PRIVADA,EMAP,,,0.0,https://indomet.gob.do/wp-content/uploads/2026/07/temperaturas-extremas-y-precipitaciones-2026x07x26-a.pdf
2026-07-26,036,EL SEIBO,EL SEIBO,MINISTERIO DE AGRICULTURA,EMCV,,,0.0,https://indomet.gob.do/wp-content/uploads/2026/07/temperaturas-extremas-y-precipitaciones-2026x07x26-a.pdf
2026-07-26,037,ENRIQUILLO,BARAHONA,MINISTERIO DE AGRICULTURA,EMCV,34.3,24.0,0.0,https://indomet.gob.do/wp-content/uploads/2026/07/temperaturas-extremas-y-precipitaciones-2026x07x26-a.pdf
2026-07-26,038,ENSANCHE LA FE (EMA),DISTRITO NACIONAL,PRIVADA,EMAP,,,0.0,https://indomet.gob.do/wp-content/uploads/2026/07/temperaturas-extremas-y-precipitaciones-2026x07x26-a.pdf
2026-07-26,039,ESCONDIDO,PERAVIA,MINISTERIO DE AGRICULTURA,EMCV,34.0,26.0,0.0,https://indomet.gob.do/wp-content/uploads/2026/07/temperaturas-extremas-y-precipitaciones-2026x07x26-a.pdf
2026-07-26,040,GASPAR HERNÁNDEZ,ESPAILLAT,PROPIEDAD DEL EMPLEADO,EMCI,,,0.0,https://indomet.gob.do/wp-content/uploads/2026/07/temperaturas-extremas-y-precipitaciones-2026x07x26-a.pdf
2026-07-26,041,GURABO,SANTIAGO,MINISTERIO DE AGRICULTURA,EMCV,,,0.0,https://indomet.gob.do/wp-content/uploads/2026/07/temperaturas-extremas-y-precipitaciones-2026x07x26-a.pdf
2026-07-26,042,HATO MAYOR,HATO MAYOR,MINISTERIO DE AGRICULTURA,EMCV,,,0.0,https://indomet.gob.do/wp-content/uploads/2026/07/temperaturas-extremas-y-precipitaciones-2026x07x26-a.pdf
2026-07-26,043,HONDO VALLE,ELÍAS PIÑA,MINISTERIO DE AGRICULTURA,EMCI,29.4,19.3,0.0,https://indomet.gob.do/wp-content/uploads/2026/07/temperaturas-extremas-y-precipitaciones-2026x07x26-a.pdf
2026-07-26,044,JARABACOA,LA VEGA,INDRHI / MARENA,EMCI,34.4,17.2,0.0,https://indomet.gob.do/wp-content/uploads/2026/07/temperaturas-extremas-y-precipitaciones-2026x07x26-a.pdf
2026-07-26,045,JARABACOA (EMA),LA VEGA,PROGRAMA MUNDIAL DE ALIMENTO,EMAP,33.3,18.9,0.0,https://indomet.gob.do/wp-content/uploads/2026/07/temperaturas-extremas-y-precipitaciones-2026x07x26-a.pdf
2026-07-26,046,JARDÍN BOTÁNICO NACIONAL,DISTRITO NACIONAL,JARDÍN BOTÁNICO NACIONAL,EMCV,32.8,22.1,0.0,https://indomet.gob.do/wp-content/uploads/2026/07/temperaturas-extremas-y-precipitaciones-2026x07x26-a.pdf
2026-07-26,047,JARDÍN BOTÁNICO SANTIAGO (EMSANTIAGO,,JARDIN BOTANICO SANTIAGO,EMAI,37.0,22.7,0.0,https://indomet.gob.do/wp-content/uploads/2026/07/temperaturas-extremas-y-precipitaciones-2026x07x26-a.pdf
2026-07-26,048,JIMANÍ,INDEPENDENCIA,MINISTERIO DE AGRICULTURA,EMCI,38.5,27.5,0.0,https://indomet.gob.do/wp-content/uploads/2026/07/temperaturas-extremas-y-precipitaciones-2026x07x26-a.pdf
2026-07-26,049,JUMA BEJUCAL,MONSEÑOR NOUEL,IDIAF,EMCV,35.6,22.6,0.0,https://indomet.gob.do/wp-content/uploads/2026/07/temperaturas-extremas-y-precipitaciones-2026x07x26-a.pdf
2026-07-26,050,LA AGUSTINA (EMA),DISTRITO NACIONAL,PRIVADA,EMAP,,,0.0,https://indomet.gob.do/wp-content/uploads/2026/07/temperaturas-extremas-y-precipitaciones-2026x07x26-a.pdf
2026-07-26,051,LA VEGA,LA VEGA,IATESA,EMCI,36.5,23.0,0.0,https://indomet.gob.do/wp-content/uploads/2026/07/temperaturas-extremas-y-precipitaciones-2026x07x26-a.pdf
2026-07-26,052,LA VICTORIA,SANTO DOMINGO,CUERPO DE BOMBEROS,EMCI,36.0,23.5,0.0,https://indomet.gob.do/wp-content/uploads/2026/07/temperaturas-extremas-y-precipitaciones-2026x07x26-a.pdf
2026-07-26,053,LAS CANAS (EMA),MONTE CRISTI,PROGRAMA MUNDIAL DE ALIMENTO,EMAP,31.9,24.5,0.0,https://indomet.gob.do/wp-content/uploads/2026/07/temperaturas-extremas-y-precipitaciones-2026x07x26-a.pdf
2026-07-26,054,LOS CACICAZGOS (EMA),DISTRITO NACIONAL,PRIVADA,EMAP,,,0.0,https://indomet.gob.do/wp-content/uploads/2026/07/temperaturas-extremas-y-precipitaciones-2026x07x26-a.pdf
2026-07-26,055,LOS COCOS (EMA),BAHORUCO,PRIVADA,EMAP,,,0.0,https://indomet.gob.do/wp-content/uploads/2026/07/temperaturas-extremas-y-precipitaciones-2026x07x26-a.pdf
2026-07-26,056,LOS JARDINES (EMA),DISTRITO NACIONAL,PRIVADA,EMAP,,,0.0,https://indomet.gob.do/wp-content/uploads/2026/07/temperaturas-extremas-y-precipitaciones-2026x07x26-a.pdf
2026-07-26,057,LOS LLANOS,SAN PEDRO DE MACORÍS,MINISTERIO DE AGRICULTURA,EMCI,35.9,22.8,0.0,https://indomet.gob.do/wp-content/uploads/2026/07/temperaturas-extremas-y-precipitaciones-2026x07x26-a.pdf
2026-07-26,058,LOS PRADOS (EMA),DISTRITO NACIONAL,PRIVADA,EMAP,,,0.0,https://indomet.gob.do/wp-content/uploads/2026/07/temperaturas-extremas-y-precipitaciones-2026x07x26-a.pdf
2026-07-26,059,MAO,VALVERDE,INDRHI / MINISTERIO DE AGRICULTURA,EMCV,,,0.0,https://indomet.gob.do/wp-content/uploads/2026/07/temperaturas-extremas-y-precipitaciones-2026x07x26-a.pdf
2026-07-26,060,MICHES (EMA),EL SEIBO,PRIVADA,EMAP,34.7,22.8,0.0,https://indomet.gob.do/wp-content/uploads/2026/07/temperaturas-extremas-y-precipitaciones-2026x07x26-a.pdf
2026-07-26,061,MONTE CRISTI,MONTE CRISTI,INDOMET,EMCI,36.0,27.3,0.0,https://indomet.gob.do/wp-content/uploads/2026/07/temperaturas-extremas-y-precipitaciones-2026x07x26-a.pdf
2026-07-26,062,NAVARRETE,SANTIAGO,MINISTERIO DE AGRICULTURA,EMCV,,,0.0,https://indomet.gob.do/wp-content/uploads/2026/07/temperaturas-extremas-y-precipitaciones-2026x07x26-a.pdf
2026-07-26,063,OLIVARES,PEDERNALES,INDRHI,EMCI,,,0.0,https://indomet.gob.do/wp-content/uploads/2026/07/temperaturas-extremas-y-precipitaciones-2026x07x26-a.pdf
2026-07-26,064,OVIEDO,PEDERNALES,CLÍNICA RURAL OVIEDO,EMCI,33.8,25.0,0.0,https://indomet.gob.do/wp-content/uploads/2026/07/temperaturas-extremas-y-precipitaciones-2026x07x26-a.pdf
2026-07-26,065,PALO ÍNDIO,PUERTO PLATA,MINISTERIO DE AGRICULTURA,EMCI,,,0.0,https://indomet.gob.do/wp-content/uploads/2026/07/temperaturas-extremas-y-precipitaciones-2026x07x26-a.pdf
2026-07-26,066,PARQUE MIRADOR NORTE,SANTO DOMINGO,AYUNTAMIENTO,EMCV,,,0.0,https://indomet.gob.do/wp-content/uploads/2026/07/temperaturas-extremas-y-precipitaciones-2026x07x26-a.pdf
2026-07-26,067,PARQUE MIRADOR SUR,DISTRITO NACIONAL,AYUNTAMIENTO,EMCV,33.4,22.3,0.0,https://indomet.gob.do/wp-content/uploads/2026/07/temperaturas-extremas-y-precipitaciones-2026x07x26-a.pdf
2026-07-26,068,PEDERNALES,PEDERNALES,INDRHI,EMCI,,,0.0,https://indomet.gob.do/wp-content/uploads/2026/07/temperaturas-extremas-y-precipitaciones-2026x07x26-a.pdf
2026-07-26,069,POLO,BARAHONA,INDOCAFE,EMCI,31.2,18.0,0.0,https://indomet.gob.do/wp-content/uploads/2026/07/temperaturas-extremas-y-precipitaciones-2026x07x26-a.pdf
2026-07-26,070,PONTÓN ABAJO (EMA),LA VEGA,MINISTERIO DE AGRICULTURA,EMAP,,,0.0,https://indomet.gob.do/wp-content/uploads/2026/07/temperaturas-extremas-y-precipitaciones-2026x07x26-a.pdf
2026-07-26,071,PRESA DE TAVERAS (EMA),LA VEGA,PROGRAMA MUNDIAL DE ALIMENTO,EMAP,34.3,21.8,0.0,https://indomet.gob.do/wp-content/uploads/2026/07/temperaturas-extremas-y-precipitaciones-2026x07x26-a.pdf
2026-07-26,072,PROLONGACION 27 DE FEBRERO,DISTRITO NACIONAL,PRIVADA,EMAP,,,0.0,https://indomet.gob.do/wp-content/uploads/2026/07/temperaturas-extremas-y-precipitaciones-2026x07x26-a.pdf
2026-07-26,073,RANCHO ARRIBA,SAN JOSÉ DE OCOA,CENTRO TECNOLÓGICO COMUNITARIO,EMCI,34.6,16.4,0.0,https://indomet.gob.do/wp-content/uploads/2026/07/temperaturas-extremas-y-precipitaciones-2026x07x26-a.pdf
2026-07-26,074,RÍO SAN JUAN,MARÍA TRINIDAD SÁNCHEZ,HOSP. MPAL. DR. DESIDERIO ACOSTA,EMCV,35.8,24.2,0.0,https://indomet.gob.do/wp-content/uploads/2026/07/temperaturas-extremas-y-precipitaciones-2026x07x26-a.pdf
2026-07-26,075,SABANA DE LA MAR,HATO MAYOR,INDOMET,EMCI,32.6,22.8,0.0,https://indomet.gob.do/wp-content/uploads/2026/07/temperaturas-extremas-y-precipitaciones-2026x07x26-a.pdf
2026-07-26,076,SABANA GRANDE DE BOYÁ,MONTE PLATA,MINISTERIO DE AGRICULTURA,EMCV,,,0.0,https://indomet.gob.do/wp-content/uploads/2026/07/temperaturas-extremas-y-precipitaciones-2026x07x26-a.pdf
2026-07-26,077,SAJOMA (EMA),SANTIAGO,PLAN SIERRA,EMAI,34.2,24.5,0.0,https://indomet.gob.do/wp-content/uploads/2026/07/temperaturas-extremas-y-precipitaciones-2026x07x26-a.pdf
2026-07-26,078,SALCEDO,HERMANAS MIRABAL,PROPIEDAD DEL EMPLEADO,EMCI,,,0.0,https://indomet.gob.do/wp-content/uploads/2026/07/temperaturas-extremas-y-precipitaciones-2026x07x26-a.pdf
2026-07-26,079,SAMANÁ,SAMANÁ,COMANDANCIA DE PUERTO DE SAMANÁ,EMCI,35.0,18.4,0.0,https://indomet.gob.do/wp-content/uploads/2026/07/temperaturas-extremas-y-precipitaciones-2026x07x26-a.pdf
2026-07-26,080,SAN CRISTÓBAL,SAN CRISTÓBAL,INSTITUTO POLITÉCNICO LOYOLA,EMCI,35.5,24.2,0.0,https://indomet.gob.do/wp-content/uploads/2026/07/temperaturas-extremas-y-precipitaciones-2026x07x26-a.pdf
2026-07-26,081,SAN FRANCISCO DE MACORÍS,DUARTE,San Francisco de Macorís (UASD),EMCI,35.3,24.2,0.0,https://indomet.gob.do/wp-content/uploads/2026/07/temperaturas-extremas-y-precipitaciones-2026x07x26-a.pdf
2026-07-26,082,SAN JOSÉ DE OCOA,SAN JOSÉ DE OCOA,HOSP. SAN JOSÉ DE OCOA,EMCI,35.9,19.8,0.0,https://indomet.gob.do/wp-content/uploads/2026/07/temperaturas-extremas-y-precipitaciones-2026x07x26-a.pdf
2026-07-26,083,SAN RAFAEL DEL YUMA,LA ALTAGRACIA,MINISTERIO DE AGRICULTURA,EMCI,36.0,24.4,0.0,https://indomet.gob.do/wp-content/uploads/2026/07/temperaturas-extremas-y-precipitaciones-2026x07x26-a.pdf
2026-07-26,084,SÁNCHEZ,SAMANÁ,MINISTERIO DE AGRICULTURA,EMCI,34.1,24.6,0.0,https://indomet.gob.do/wp-content/uploads/2026/07/temperaturas-extremas-y-precipitaciones-2026x07x26-a.pdf
2026-07-26,085,SANTIAGO (CENTRO),SANTIAGO,HUACALITO,EMCI,,,0.0,https://indomet.gob.do/wp-content/uploads/2026/07/temperaturas-extremas-y-precipitaciones-2026x07x26-a.pdf
2026-07-26,086,SANTIAGO RODRÍGUEZ,SANTIAGO RODRÍGUEZ,INDOMET,EMCI,38.5,23.0,0.0,https://indomet.gob.do/wp-content/uploads/2026/07/temperaturas-extremas-y-precipitaciones-2026x07x26-a.pdf
2026-07-26,087,SANTO DOMINGO ESTE,SANTO DOMINGO,INDOMET,EMCI,33.5,26.5,0.0,https://indomet.gob.do/wp-content/uploads/2026/07/temperaturas-extremas-y-precipitaciones-2026x07x26-a.pdf
2026-07-26,088,TÁBARA ABAJO,AZUA,INDRHI,EMCI,33.5,23.0,0.0,https://indomet.gob.do/wp-content/uploads/2026/07/temperaturas-extremas-y-precipitaciones-2026x07x26-a.pdf
2026-07-26,089,VILLA ALTAGRACIA,SAN CRISTÓBAL,ESCUELA JAVIER ANGULO GURIDI,EMCI,,,0.0,https://indomet.gob.do/wp-content/uploads/2026/07/temperaturas-extremas-y-precipitaciones-2026x07x26-a.pdf
2026-07-26,090,VILLA GONZALES,SANTIAGO,MINISTERIO DE AGRICULTURA,EMCI,,,0.0,https://indomet.gob.do/wp-content/uploads/2026/07/temperaturas-extremas-y-precipitaciones-2026x07x26-a.pdf
2026-07-26,091,VILLA RIVA,DUARTE,HOSP. MPAL. ALICIA DE LEGENDRE,EMCI,33.7,23.0,0.0,https://indomet.gob.do/wp-content/uploads/2026/07/temperaturas-extremas-y-precipitaciones-2026x07x26-a.pdf
2026-07-26,092,VILLA VASQUEZ (EMA),MONTE CRISTI,JUNTA DE REGANTES,EMAI,,,0.0,https://indomet.gob.do/wp-content/uploads/2026/07/temperaturas-extremas-y-precipitaciones-2026x07x26-a.pdf
2026-07-27,001,SABANA GRANDE DE BOYÁ,MONTE PLATA,MINISTERIO DE AGRICULTURA,EMCV,,,24.6,https://indomet.gob.do/wp-content/uploads/2026/07/temperaturas-extremas-y-precipitaciones-2026x07x27-a.pdf
2026-07-27,002,ELÍAS PIÑA,ELÍAS PIÑA,MINISTERIO DE AGRICULTURA,EMCV,,,5.0,https://indomet.gob.do/wp-content/uploads/2026/07/temperaturas-extremas-y-precipitaciones-2026x07x27-a.pdf
2026-07-27,003,HONDO VALLE,ELÍAS PIÑA,MINISTERIO DE AGRICULTURA,EMCI,29.0,18.8,3.6,https://indomet.gob.do/wp-content/uploads/2026/07/temperaturas-extremas-y-precipitaciones-2026x07x27-a.pdf
2026-07-27,004,ENRIQUILLO,BARAHONA,MINISTERIO DE AGRICULTURA,EMCV,34.5,24.0,1.4,https://indomet.gob.do/wp-content/uploads/2026/07/temperaturas-extremas-y-precipitaciones-2026x07x27-a.pdf
2026-07-27,005,SÁNCHEZ,SAMANÁ,MINISTERIO DE AGRICULTURA,EMCI,34.4,27.7,0.4,https://indomet.gob.do/wp-content/uploads/2026/07/temperaturas-extremas-y-precipitaciones-2026x07x27-a.pdf
2026-07-27,006,HATO MAYOR,HATO MAYOR,MINISTERIO DE AGRICULTURA,EMCV,,,0.3,https://indomet.gob.do/wp-content/uploads/2026/07/temperaturas-extremas-y-precipitaciones-2026x07x27-a.pdf
2026-07-27,007,JANICO (EMA),LA VEGA,PLAN SIERRA,EMAI,,,0.2,https://indomet.gob.do/wp-content/uploads/2026/07/temperaturas-extremas-y-precipitaciones-2026x07x27-a.pdf
2026-07-27,008,VILLA VASQUEZ (EMA),MONTE CRISTI,JUNTA DE REGANTES,EMAI,,,0.2,https://indomet.gob.do/wp-content/uploads/2026/07/temperaturas-extremas-y-precipitaciones-2026x07x27-a.pdf
2026-07-27,009,ALTO BANDERA (EMA),LA VEGA,INTEC,EMAP,20.4,9.4,0.0,https://indomet.gob.do/wp-content/uploads/2026/07/temperaturas-extremas-y-precipitaciones-2026x07x27-a.pdf
2026-07-27,010,ANAMUYA (EMA),LA ALTAGRACIA,MINISTERIO DE AGRICULTURA,EMAP,36.0,25.7,0.0,https://indomet.gob.do/wp-content/uploads/2026/07/temperaturas-extremas-y-precipitaciones-2026x07x27-a.pdf
2026-07-27,011,BANI (EMA),PERAVIA,MINISTERIO DE AGRICULTURA,EMAP,32.8,25.6,0.0,https://indomet.gob.do/wp-content/uploads/2026/07/temperaturas-extremas-y-precipitaciones-2026x07x27-a.pdf
2026-07-27,012,BOCA DE MAO (EMA),VALVERDE,MINISTERIO DE AGRICULTURA,EMAP,39.1,24.6,0.0,https://indomet.gob.do/wp-content/uploads/2026/07/temperaturas-extremas-y-precipitaciones-2026x07x27-a.pdf
2026-07-27,013,CENTRO DE LOS HEROES (EMA),DISTRITO NACIONAL,MINISTERIO DE ENERGIA Y MINA,EMAP,32.2,27.3,0.0,https://indomet.gob.do/wp-content/uploads/2026/07/temperaturas-extremas-y-precipitaciones-2026x07x27-a.pdf
2026-07-27,014,CONSTANZA (EMA),LA VEGA,PROGRAMA MUNDIAL DE ALIMENTO,EMAP,29.5,13.8,0.0,https://indomet.gob.do/wp-content/uploads/2026/07/temperaturas-extremas-y-precipitaciones-2026x07x27-a.pdf
2026-07-27,015,EL MILLON (EMA),DISTRITO NACIONAL,PRIVADA,EMAP,,,0.0,https://indomet.gob.do/wp-content/uploads/2026/07/temperaturas-extremas-y-precipitaciones-2026x07x27-a.pdf
2026-07-27,016,ENSANCHE LA FE (EMA),DISTRITO NACIONAL,PRIVADA,EMAP,,,0.0,https://indomet.gob.do/wp-content/uploads/2026/07/temperaturas-extremas-y-precipitaciones-2026x07x27-a.pdf
2026-07-27,017,JARABACOA (EMA),LA VEGA,PROGRAMA MUNDIAL DE ALIMENTO,EMAP,33.7,19.2,0.0,https://indomet.gob.do/wp-content/uploads/2026/07/temperaturas-extremas-y-precipitaciones-2026x07x27-a.pdf
2026-07-27,018,LA AGUSTINA (EMA),DISTRITO NACIONAL,PRIVADA,EMAP,,,0.0,https://indomet.gob.do/wp-content/uploads/2026/07/temperaturas-extremas-y-precipitaciones-2026x07x27-a.pdf
2026-07-27,019,LAS CANAS (EMA),MONTE CRISTI,PROGRAMA MUNDIAL DE ALIMENTO,EMAP,32.2,24.4,0.0,https://indomet.gob.do/wp-content/uploads/2026/07/temperaturas-extremas-y-precipitaciones-2026x07x27-a.pdf
2026-07-27,020,LOS CACICAZGOS (EMA),DISTRITO NACIONAL,PRIVADA,EMAP,,,0.0,https://indomet.gob.do/wp-content/uploads/2026/07/temperaturas-extremas-y-precipitaciones-2026x07x27-a.pdf
2026-07-27,021,LOS COCOS (EMA),BAHORUCO,PRIVADA,EMAP,,,0.0,https://indomet.gob.do/wp-content/uploads/2026/07/temperaturas-extremas-y-precipitaciones-2026x07x27-a.pdf
2026-07-27,022,LOS JARDINES (EMA),DISTRITO NACIONAL,PRIVADA,EMAP,,,0.0,https://indomet.gob.do/wp-content/uploads/2026/07/temperaturas-extremas-y-precipitaciones-2026x07x27-a.pdf
2026-07-27,023,MICHES (EMA),EL SEIBO,PRIVADA,EMAP,34.8,22.4,0.0,https://indomet.gob.do/wp-content/uploads/2026/07/temperaturas-extremas-y-precipitaciones-2026x07x27-a.pdf
2026-07-27,024,MONCIÓN (EMA),SANTIAGO RODRÍGUEZ,PROGRAMA MUNDIAL DE ALIMENTO,EMAP,37.0,20.3,0.0,https://indomet.gob.do/wp-content/uploads/2026/07/temperaturas-extremas-y-precipitaciones-2026x07x27-a.pdf
2026-07-27,025,PRESA DE TAVERAS (EMA),LA VEGA,PROGRAMA MUNDIAL DE ALIMENTO,EMAP,35.3,21.8,0.0,https://indomet.gob.do/wp-content/uploads/2026/07/temperaturas-extremas-y-precipitaciones-2026x07x27-a.pdf
2026-07-27,026,PROLONGACION 27 DE FEBRERO,DISTRITO NACIONAL,PRIVADA,EMAP,,,0.0,https://indomet.gob.do/wp-content/uploads/2026/07/temperaturas-extremas-y-precipitaciones-2026x07x27-a.pdf
2026-07-27,027,SABANETA (EMA),SANTIAGO RODRÍGUEZ,PROGRAMA MUNDIAL DE ALIMENTO,EMAP,39.8,23.8,0.0,https://indomet.gob.do/wp-content/uploads/2026/07/temperaturas-extremas-y-precipitaciones-2026x07x27-a.pdf
2026-07-27,028,ALTAMIRA,PUERTO PLATA,HOSP. MPAL. DE ALTAMIRA,EMCI,38.3,21.5,0.0,https://indomet.gob.do/wp-content/uploads/2026/07/temperaturas-extremas-y-precipitaciones-2026x07x27-a.pdf
2026-07-27,029,ARPT. ARROYO BARRIL,SAMANÁ,INDOMET,EMCI,32.5,24.0,0.0,https://indomet.gob.do/wp-content/uploads/2026/07/temperaturas-extremas-y-precipitaciones-2026x07x27-a.pdf
2026-07-27,030,ARPT. DE LA ROMANA,LA ROMANA,INDOMET,EMCI,33.5,22.5,0.0,https://indomet.gob.do/wp-content/uploads/2026/07/temperaturas-extremas-y-precipitaciones-2026x07x27-a.pdf
2026-07-27,031,ARPT. DE LAS AMÉRICAS,SANTO DOMINGO,INDOMET,EMCI,34.0,23.5,0.0,https://indomet.gob.do/wp-content/uploads/2026/07/temperaturas-extremas-y-precipitaciones-2026x07x27-a.pdf
2026-07-27,032,ARPT. DE PUNTA CANA,LA ALTAGRACIA,INDOMET,EMCI,32.6,24.2,0.0,https://indomet.gob.do/wp-content/uploads/2026/07/temperaturas-extremas-y-precipitaciones-2026x07x27-a.pdf
2026-07-27,033,ARPT. DEL CIBAO,SANTIAGO,INDOMET,EMCI,36.2,22.9,0.0,https://indomet.gob.do/wp-content/uploads/2026/07/temperaturas-extremas-y-precipitaciones-2026x07x27-a.pdf
2026-07-27,034,ARPT. EL CATEY,SAMANÁ,INDOMET,EMCI,33.0,,0.0,https://indomet.gob.do/wp-content/uploads/2026/07/temperaturas-extremas-y-precipitaciones-2026x07x27-a.pdf
2026-07-27,035,ARPT. GREGORIO LUPERÓN,PUERTO PLATA,INDOMET,EMCI,33.2,22.6,0.0,https://indomet.gob.do/wp-content/uploads/2026/07/temperaturas-extremas-y-precipitaciones-2026x07x27-a.pdf
2026-07-27,036,ARPT. LA ISABELA,SANTO DOMINGO,INDOMET,EMCI,35.4,22.4,0.0,https://indomet.gob.do/wp-content/uploads/2026/07/temperaturas-extremas-y-precipitaciones-2026x07x27-a.pdf
2026-07-27,037,ARPT. MARÍA MONTEZ,BARAHONA,INDOMET,EMCI,33.0,26.0,0.0,https://indomet.gob.do/wp-content/uploads/2026/07/temperaturas-extremas-y-precipitaciones-2026x07x27-a.pdf
2026-07-27,038,ARROYO LORO,SAN JUAN,IDIAF,EMCI,35.0,22.2,0.0,https://indomet.gob.do/wp-content/uploads/2026/07/temperaturas-extremas-y-precipitaciones-2026x07x27-a.pdf
2026-07-27,039,BAYAGUANA,MONTE PLATA,INDOMET,EMCI,34.3,21.7,0.0,https://indomet.gob.do/wp-content/uploads/2026/07/temperaturas-extremas-y-precipitaciones-2026x07x27-a.pdf
2026-07-27,040,CABRERA,MARÍA TRINIDAD SÁNCHEZ,ESCUELA ARÍSTIDES FIALLO CABRAL,EMCI,35.0,26.0,0.0,https://indomet.gob.do/wp-content/uploads/2026/07/temperaturas-extremas-y-precipitaciones-2026x07x27-a.pdf
2026-07-27,041,CONSTANZA,LA VEGA,MINISTERIO DE AGRICULTURA,EMCI,30.5,11.5,0.0,https://indomet.gob.do/wp-content/uploads/2026/07/temperaturas-extremas-y-precipitaciones-2026x07x27-a.pdf
2026-07-27,042,DAJABÓN,DAJABÓN,INSTITUTO POLITÉCNICO LOYOLA,EMCI,36.8,22.0,0.0,https://indomet.gob.do/wp-content/uploads/2026/07/temperaturas-extremas-y-precipitaciones-2026x07x27-a.pdf
2026-07-27,043,GASPAR HERNÁNDEZ,ESPAILLAT,PROPIEDAD DEL EMPLEADO,EMCI,,,0.0,https://indomet.gob.do/wp-content/uploads/2026/07/temperaturas-extremas-y-precipitaciones-2026x07x27-a.pdf
2026-07-27,044,JARABACOA,LA VEGA,INDRHI / MARENA,EMCI,34.8,18.0,0.0,https://indomet.gob.do/wp-content/uploads/2026/07/temperaturas-extremas-y-precipitaciones-2026x07x27-a.pdf
2026-07-27,045,JIMANÍ,INDEPENDENCIA,MINISTERIO DE AGRICULTURA,EMCI,38.2,31.2,0.0,https://indomet.gob.do/wp-content/uploads/2026/07/temperaturas-extremas-y-precipitaciones-2026x07x27-a.pdf
2026-07-27,046,LA VEGA,LA VEGA,IATESA,EMCI,37.0,22.5,0.0,https://indomet.gob.do/wp-content/uploads/2026/07/temperaturas-extremas-y-precipitaciones-2026x07x27-a.pdf
2026-07-27,047,LA VICTORIA,SANTO DOMINGO,CUERPO DE BOMBEROS,EMCI,36.0,24.0,0.0,https://indomet.gob.do/wp-content/uploads/2026/07/temperaturas-extremas-y-precipitaciones-2026x07x27-a.pdf
2026-07-27,048,LOS JENGIBRES,NAGUA,INDRHI,EMCI,,,0.0,https://indomet.gob.do/wp-content/uploads/2026/07/temperaturas-extremas-y-precipitaciones-2026x07x27-a.pdf
2026-07-27,049,LOS LLANOS,SAN PEDRO DE MACORÍS,MINISTERIO DE AGRICULTURA,EMCI,34.0,22.5,0.0,https://indomet.gob.do/wp-content/uploads/2026/07/temperaturas-extremas-y-precipitaciones-2026x07x27-a.pdf
2026-07-27,050,MONTE CRISTI,MONTE CRISTI,INDOMET,EMCI,35.3,25.2,0.0,https://indomet.gob.do/wp-content/uploads/2026/07/temperaturas-extremas-y-precipitaciones-2026x07x27-a.pdf
2026-07-27,051,OLIVARES,PEDERNALES,INDRHI,EMCI,,,0.0,https://indomet.gob.do/wp-content/uploads/2026/07/temperaturas-extremas-y-precipitaciones-2026x07x27-a.pdf
2026-07-27,052,OVIEDO,PEDERNALES,CLÍNICA RURAL OVIEDO,EMCI,35.5,25.5,0.0,https://indomet.gob.do/wp-content/uploads/2026/07/temperaturas-extremas-y-precipitaciones-2026x07x27-a.pdf
2026-07-27,053,PADRE LAS CASAS,AZUA,HOSP. NTRA. SRA. DEL CARMEN,EMCI,33.5,21.0,0.0,https://indomet.gob.do/wp-content/uploads/2026/07/temperaturas-extremas-y-precipitaciones-2026x07x27-a.pdf
2026-07-27,054,PALO ÍNDIO,PUERTO PLATA,MINISTERIO DE AGRICULTURA,EMCI,,,0.0,https://indomet.gob.do/wp-content/uploads/2026/07/temperaturas-extremas-y-precipitaciones-2026x07x27-a.pdf
2026-07-27,055,PASO AL MEDIO,SAN PEDRO DE MACORÍS,INDRHI,EMCI,,,0.0,https://indomet.gob.do/wp-content/uploads/2026/07/temperaturas-extremas-y-precipitaciones-2026x07x27-a.pdf
2026-07-27,056,PEDERNALES,PEDERNALES,INDRHI,EMCI,,,0.0,https://indomet.gob.do/wp-content/uploads/2026/07/temperaturas-extremas-y-precipitaciones-2026x07x27-a.pdf
2026-07-27,057,PERALTA,AZUA,HOSP. MPAL. DE PERALTA,EMCI,30.0,18.0,0.0,https://indomet.gob.do/wp-content/uploads/2026/07/temperaturas-extremas-y-precipitaciones-2026x07x27-a.pdf
2026-07-27,058,POLO,BARAHONA,INDOCAFE,EMCI,32.0,17.5,0.0,https://indomet.gob.do/wp-content/uploads/2026/07/temperaturas-extremas-y-precipitaciones-2026x07x27-a.pdf
2026-07-27,059,RANCHO ARRIBA,SAN JOSÉ DE OCOA,CENTRO TECNOLÓGICO COMUNITARIO,EMCI,35.5,17.7,0.0,https://indomet.gob.do/wp-content/uploads/2026/07/temperaturas-extremas-y-precipitaciones-2026x07x27-a.pdf
2026-07-27,060,RESTAURACIÓN,DAJABÓN,MINISTERIO DE AGRICULTURA,EMCI,32.9,17.6,0.0,https://indomet.gob.do/wp-content/uploads/2026/07/temperaturas-extremas-y-precipitaciones-2026x07x27-a.pdf
2026-07-27,061,SABANA DE LA MAR,HATO MAYOR,INDOMET,EMCI,32.2,22.6,0.0,https://indomet.gob.do/wp-content/uploads/2026/07/temperaturas-extremas-y-precipitaciones-2026x07x27-a.pdf
2026-07-27,062,SALCEDO,HERMANAS MIRABAL,PROPIEDAD DEL EMPLEADO,EMCI,,,0.0,https://indomet.gob.do/wp-content/uploads/2026/07/temperaturas-extremas-y-precipitaciones-2026x07x27-a.pdf
2026-07-27,063,SAMANÁ,SAMANÁ,COMANDANCIA DE PUERTO DE SAMANÁ,EMCI,35.4,19.0,0.0,https://indomet.gob.do/wp-content/uploads/2026/07/temperaturas-extremas-y-precipitaciones-2026x07x27-a.pdf
2026-07-27,064,SAN CRISTÓBAL,SAN CRISTÓBAL,INSTITUTO POLITÉCNICO LOYOLA,EMCI,34.4,24.5,0.0,https://indomet.gob.do/wp-content/uploads/2026/07/temperaturas-extremas-y-precipitaciones-2026x07x27-a.pdf
2026-07-27,065,SAN FRANCISCO DE MACORÍS,DUARTE,San Francisco de Macorís (UASD),EMCI,35.5,23.0,0.0,https://indomet.gob.do/wp-content/uploads/2026/07/temperaturas-extremas-y-precipitaciones-2026x07x27-a.pdf
2026-07-27,066,SAN JOSÉ DE OCOA,SAN JOSÉ DE OCOA,HOSP. SAN JOSÉ DE OCOA,EMCI,34.0,22.3,0.0,https://indomet.gob.do/wp-content/uploads/2026/07/temperaturas-extremas-y-precipitaciones-2026x07x27-a.pdf
2026-07-27,067,SAN RAFAEL DEL YUMA,LA ALTAGRACIA,MINISTERIO DE AGRICULTURA,EMCI,36.1,24.4,0.0,https://indomet.gob.do/wp-content/uploads/2026/07/temperaturas-extremas-y-precipitaciones-2026x07x27-a.pdf
2026-07-27,068,SANTIAGO RODRÍGUEZ,SANTIAGO RODRÍGUEZ,INDOMET,EMCI,39.2,24.1,0.0,https://indomet.gob.do/wp-content/uploads/2026/07/temperaturas-extremas-y-precipitaciones-2026x07x27-a.pdf
2026-07-27,069,SANTO DOMINGO ESTE,SANTO DOMINGO,INDOMET,EMCI,34.5,26.5,0.0,https://indomet.gob.do/wp-content/uploads/2026/07/temperaturas-extremas-y-precipitaciones-2026x07x27-a.pdf
2026-07-27,070,TÁBARA ABAJO,AZUA,INDRHI,EMCI,35.5,22.5,0.0,https://indomet.gob.do/wp-content/uploads/2026/07/temperaturas-extremas-y-precipitaciones-2026x07x27-a.pdf
2026-07-27,071,TAVERA,SANTIAGO,INDRHI,EMCI,,,0.0,https://indomet.gob.do/wp-content/uploads/2026/07/temperaturas-extremas-y-precipitaciones-2026x07x27-a.pdf
2026-07-27,072,VILLA ALTAGRACIA,SAN CRISTÓBAL,ESCUELA JAVIER ANGULO GURIDI,EMCI,,,0.0,https://indomet.gob.do/wp-content/uploads/2026/07/temperaturas-extremas-y-precipitaciones-2026x07x27-a.pdf
2026-07-27,073,VILLA GONZALES,SANTIAGO,MINISTERIO DE AGRICULTURA,EMCI,,,0.0,https://indomet.gob.do/wp-content/uploads/2026/07/temperaturas-extremas-y-precipitaciones-2026x07x27-a.pdf
2026-07-27,074,VILLA RIVA,DUARTE,HOSP. MPAL. ALICIA DE LEGENDRE,EMCI,33.5,23.5,0.0,https://indomet.gob.do/wp-content/uploads/2026/07/temperaturas-extremas-y-precipitaciones-2026x07x27-a.pdf
2026-07-27,075,BASE AÉREA DE SAN ISIDRO,SANTO DOMINGO,FUERZA AÉREA DOMINICANA,EMCV,32.5,23.4,0.0,https://indomet.gob.do/wp-content/uploads/2026/07/temperaturas-extremas-y-precipitaciones-2026x07x27-a.pdf
2026-07-27,076,BOHECHÍO,SAN JUAN,MINISTERIO DE AGRICULTURA,EMCV,,,0.0,https://indomet.gob.do/wp-content/uploads/2026/07/temperaturas-extremas-y-precipitaciones-2026x07x27-a.pdf
2026-07-27,077,BONAO,MONSEÑOR NOUEL,MINISTERIO DE AGRICULTURA,EMCV,,,0.0,https://indomet.gob.do/wp-content/uploads/2026/07/temperaturas-extremas-y-precipitaciones-2026x07x27-a.pdf
2026-07-27,078,CABRAL,BARAHONA,MINISTERIO DE AGRICULTURA,EMCV,35.6,27.6,0.0,https://indomet.gob.do/wp-content/uploads/2026/07/temperaturas-extremas-y-precipitaciones-2026x07x27-a.pdf
2026-07-27,079,EL CERCADO,SAN JUAN,MINISTERIO DE AGRICULTURA,EMCV,,,0.0,https://indomet.gob.do/wp-content/uploads/2026/07/temperaturas-extremas-y-precipitaciones-2026x07x27-a.pdf
2026-07-27,080,GURABO,SANTIAGO,MINISTERIO DE AGRICULTURA,EMCV,,,0.0,https://indomet.gob.do/wp-content/uploads/2026/07/temperaturas-extremas-y-precipitaciones-2026x07x27-a.pdf
2026-07-27,081,JARDÍN BOTÁNICO NACIONAL,DISTRITO NACIONAL,JARDÍN BOTÁNICO NACIONAL,EMCV,30.7,21.9,0.0,https://indomet.gob.do/wp-content/uploads/2026/07/temperaturas-extremas-y-precipitaciones-2026x07x27-a.pdf
2026-07-27,082,JUMA BEJUCAL,MONSEÑOR NOUEL,IDIAF,EMCV,36.0,23.6,0.0,https://indomet.gob.do/wp-content/uploads/2026/07/temperaturas-extremas-y-precipitaciones-2026x07x27-a.pdf
2026-07-27,083,MAO,VALVERDE,INDRHI / MINISTERIO DE AGRICULTURA,EMCV,,,0.0,https://indomet.gob.do/wp-content/uploads/2026/07/temperaturas-extremas-y-precipitaciones-2026x07x27-a.pdf
2026-07-27,084,NAVARRETE,SANTIAGO,MINISTERIO DE AGRICULTURA,EMCV,,,0.0,https://indomet.gob.do/wp-content/uploads/2026/07/temperaturas-extremas-y-precipitaciones-2026x07x27-a.pdf
2026-07-27,085,RÍO SAN JUAN,MARÍA TRINIDAD SÁNCHEZ,HOSP. MPAL. DR. DESIDERIO ACOSTA,EMCV,36.0,25.3,0.0,https://indomet.gob.do/wp-content/uploads/2026/07/temperaturas-extremas-y-precipitaciones-2026x07x27-a.pdf
2026-07-27,086,TAMBORIL,SANTIAGO,MINISTERIO DE AGRICULTURA,EMCV,,,0.0,https://indomet.gob.do/wp-content/uploads/2026/07/temperaturas-extremas-y-precipitaciones-2026x07x27-a.pdf
2026-07-27,087,VILLA ISABELA,PUERTO PLATA,MINISTERIO DE AGRICULTURA,EMCV,37.2,21.2,0.0,https://indomet.gob.do/wp-content/uploads/2026/07/temperaturas-extremas-y-precipitaciones-2026x07x27-a.pdf
2026-07-28,001,SAN JOSÉ DE OCOA,SAN JOSÉ DE OCOA,HOSP. SAN JOSÉ DE OCOA,EMCI,34.3,22.6,15.2,https://indomet.gob.do/wp-content/uploads/2026/07/temperaturas-extremas-y-precipitaciones-2026x07x28-a.pdf
2026-07-28,002,CONSTANZA (EMA),LA VEGA,PROGRAMA MUNDIAL DE ALIMENTO,EMAP,30.4,15.4,6.6,https://indomet.gob.do/wp-content/uploads/2026/07/temperaturas-extremas-y-precipitaciones-2026x07x28-a.pdf
2026-07-28,003,ALTO BANDERA (EMA),LA VEGA,INTEC,EMAP,20.1,7.6,4.6,https://indomet.gob.do/wp-content/uploads/2026/07/temperaturas-extremas-y-precipitaciones-2026x07x28-a.pdf
2026-07-28,004,ENSANCHE LA FE (EMA),DISTRITO NACIONAL,PRIVADA,EMAP,,,3.8,https://indomet.gob.do/wp-content/uploads/2026/07/temperaturas-extremas-y-precipitaciones-2026x07x28-a.pdf
2026-07-28,005,LA AGUSTINA (EMA),DISTRITO NACIONAL,PRIVADA,EMAP,,,3.8,https://indomet.gob.do/wp-content/uploads/2026/07/temperaturas-extremas-y-precipitaciones-2026x07x28-a.pdf
2026-07-28,006,EL SEIBO,EL SEIBO,MINISTERIO DE AGRICULTURA,EMCV,,,3.3,https://indomet.gob.do/wp-content/uploads/2026/07/temperaturas-extremas-y-precipitaciones-2026x07x28-a.pdf
2026-07-28,007,LOS CACICAZGOS (EMA),DISTRITO NACIONAL,PRIVADA,EMAP,,,3.3,https://indomet.gob.do/wp-content/uploads/2026/07/temperaturas-extremas-y-precipitaciones-2026x07x28-a.pdf
2026-07-28,008,PROLONGACION 27 DE FEBRERO,DISTRITO NACIONAL,PRIVADA,EMAP,,,2.6,https://indomet.gob.do/wp-content/uploads/2026/07/temperaturas-extremas-y-precipitaciones-2026x07x28-a.pdf
2026-07-28,009,EL MILLON (EMA),DISTRITO NACIONAL,PRIVADA,EMAP,,,2.5,https://indomet.gob.do/wp-content/uploads/2026/07/temperaturas-extremas-y-precipitaciones-2026x07x28-a.pdf
2026-07-28,010,HATO MAYOR,HATO MAYOR,MINISTERIO DE AGRICULTURA,EMCV,,,2.0,https://indomet.gob.do/wp-content/uploads/2026/07/temperaturas-extremas-y-precipitaciones-2026x07x28-a.pdf
2026-07-28,011,ENRIQUILLO,BARAHONA,MINISTERIO DE AGRICULTURA,EMCV,34.5,23.5,2.0,https://indomet.gob.do/wp-content/uploads/2026/07/temperaturas-extremas-y-precipitaciones-2026x07x28-a.pdf
2026-07-28,012,LOS JARDINES (EMA),DISTRITO NACIONAL,PRIVADA,EMAP,,,1.8,https://indomet.gob.do/wp-content/uploads/2026/07/temperaturas-extremas-y-precipitaciones-2026x07x28-a.pdf
2026-07-28,013,SAJOMA (EMA),SANTIAGO,PLAN SIERRA,EMAI,36.8,21.6,1.8,https://indomet.gob.do/wp-content/uploads/2026/07/temperaturas-extremas-y-precipitaciones-2026x07x28-a.pdf
2026-07-28,014,LOS PRADOS (EMA),DISTRITO NACIONAL,PRIVADA,EMAP,,,1.3,https://indomet.gob.do/wp-content/uploads/2026/07/temperaturas-extremas-y-precipitaciones-2026x07x28-a.pdf
2026-07-28,015,CENTRO DE LOS HEROES (EMA),DISTRITO NACIONAL,MINISTERIO DE ENERGIA Y MINA,EMAP,32.7,27.4,1.0,https://indomet.gob.do/wp-content/uploads/2026/07/temperaturas-extremas-y-precipitaciones-2026x07x28-a.pdf
2026-07-28,016,BELLA VISTA (EMA),DISTRITO NACIONAL,PRIVADA,EMAP,,,0.8,https://indomet.gob.do/wp-content/uploads/2026/07/temperaturas-extremas-y-precipitaciones-2026x07x28-a.pdf
2026-07-28,017,OVIEDO,PEDERNALES,CLÍNICA RURAL OVIEDO,EMCI,35.5,25.0,0.8,https://indomet.gob.do/wp-content/uploads/2026/07/temperaturas-extremas-y-precipitaciones-2026x07x28-a.pdf
2026-07-28,018,MONCIÓN (EMA),SANTIAGO RODRÍGUEZ,PROGRAMA MUNDIAL DE ALIMENTO,EMAP,35.9,21.2,0.6,https://indomet.gob.do/wp-content/uploads/2026/07/temperaturas-extremas-y-precipitaciones-2026x07x28-a.pdf
2026-07-28,019,RANCHO ARRIBA,SAN JOSÉ DE OCOA,CENTRO TECNOLÓGICO COMUNITARIO,EMCI,34.5,18.9,0.6,https://indomet.gob.do/wp-content/uploads/2026/07/temperaturas-extremas-y-precipitaciones-2026x07x28-a.pdf
2026-07-28,020,SANTO DOMINGO ESTE,SANTO DOMINGO,INDOMET,EMCI,34.0,25.5,0.4,https://indomet.gob.do/wp-content/uploads/2026/07/temperaturas-extremas-y-precipitaciones-2026x07x28-a.pdf
2026-07-28,021,ARPT. EL CATEY,SAMANÁ,INDOMET,EMCI,32.5,,0.3,https://indomet.gob.do/wp-content/uploads/2026/07/temperaturas-extremas-y-precipitaciones-2026x07x28-a.pdf
2026-07-28,022,ARPT. DE PUNTA CANA,LA ALTAGRACIA,INDOMET,EMCI,32.8,25.4,0.1,https://indomet.gob.do/wp-content/uploads/2026/07/temperaturas-extremas-y-precipitaciones-2026x07x28-a.pdf
2026-07-28,023,CABRAL,BARAHONA,MINISTERIO DE AGRICULTURA,EMCV,35.2,26.3,0.1,https://indomet.gob.do/wp-content/uploads/2026/07/temperaturas-extremas-y-precipitaciones-2026x07x28-a.pdf
2026-07-28,024,HONDO VALLE,ELÍAS PIÑA,MINISTERIO DE AGRICULTURA,EMCI,29.5,19.8,0.1,https://indomet.gob.do/wp-content/uploads/2026/07/temperaturas-extremas-y-precipitaciones-2026x07x28-a.pdf
2026-07-28,025,ALTAMIRA,PUERTO PLATA,HOSP. MPAL. DE ALTAMIRA,EMCI,38.5,22.4,0.0,https://indomet.gob.do/wp-content/uploads/2026/07/temperaturas-extremas-y-precipitaciones-2026x07x28-a.pdf
2026-07-28,026,ANAMUYA (EMA),LA ALTAGRACIA,MINISTERIO DE AGRICULTURA,EMAP,34.8,25.7,0.0,https://indomet.gob.do/wp-content/uploads/2026/07/temperaturas-extremas-y-precipitaciones-2026x07x28-a.pdf
2026-07-28,027,ARPT. ARROYO BARRIL,SAMANÁ,INDOMET,EMCI,32.8,24.2,0.0,https://indomet.gob.do/wp-content/uploads/2026/07/temperaturas-extremas-y-precipitaciones-2026x07x28-a.pdf
2026-07-28,028,ARPT. DE LA ROMANA,LA ROMANA,INDOMET,EMCI,34.0,24.0,0.0,https://indomet.gob.do/wp-content/uploads/2026/07/temperaturas-extremas-y-precipitaciones-2026x07x28-a.pdf
2026-07-28,029,ARPT. DE LAS AMÉRICAS,SANTO DOMINGO,INDOMET,EMCI,34.0,23.7,0.0,https://indomet.gob.do/wp-content/uploads/2026/07/temperaturas-extremas-y-precipitaciones-2026x07x28-a.pdf
2026-07-28,030,ARPT. DEL CIBAO,SANTIAGO,INDOMET,EMCI,35.8,22.7,0.0,https://indomet.gob.do/wp-content/uploads/2026/07/temperaturas-extremas-y-precipitaciones-2026x07x28-a.pdf
2026-07-28,031,ARPT. GREGORIO LUPERÓN,PUERTO PLATA,INDOMET,EMCI,34.0,24.0,0.0,https://indomet.gob.do/wp-content/uploads/2026/07/temperaturas-extremas-y-precipitaciones-2026x07x28-a.pdf
2026-07-28,032,ARPT. LA ISABELA,SANTO DOMINGO,INDOMET,EMCI,35.5,22.0,0.0,https://indomet.gob.do/wp-content/uploads/2026/07/temperaturas-extremas-y-precipitaciones-2026x07x28-a.pdf
2026-07-28,033,ARPT. MARÍA MONTEZ,BARAHONA,INDOMET,EMCI,34.0,26.5,0.0,https://indomet.gob.do/wp-content/uploads/2026/07/temperaturas-extremas-y-precipitaciones-2026x07x28-a.pdf
2026-07-28,034,ARROYO LORO,SAN JUAN,IDIAF,EMCI,35.5,22.4,0.0,https://indomet.gob.do/wp-content/uploads/2026/07/temperaturas-extremas-y-precipitaciones-2026x07x28-a.pdf
2026-07-28,035,BANI (EMA),PERAVIA,MINISTERIO DE AGRICULTURA,EMAP,33.2,26.7,0.0,https://indomet.gob.do/wp-content/uploads/2026/07/temperaturas-extremas-y-precipitaciones-2026x07x28-a.pdf
2026-07-28,036,BASE AÉREA DE SAN ISIDRO,SANTO DOMINGO,FUERZA AÉREA DOMINICANA,EMCV,33.0,23.0,0.0,https://indomet.gob.do/wp-content/uploads/2026/07/temperaturas-extremas-y-precipitaciones-2026x07x28-a.pdf
2026-07-28,037,BAYAGUANA,MONTE PLATA,INDOMET,EMCI,35.4,24.5,0.0,https://indomet.gob.do/wp-content/uploads/2026/07/temperaturas-extremas-y-precipitaciones-2026x07x28-a.pdf
2026-07-28,038,BOCA DE MAO (EMA),VALVERDE,MINISTERIO DE AGRICULTURA,EMAP,39.1,25.6,0.0,https://indomet.gob.do/wp-content/uploads/2026/07/temperaturas-extremas-y-precipitaciones-2026x07x28-a.pdf
2026-07-28,039,BONAO,MONSEÑOR NOUEL,MINISTERIO DE AGRICULTURA,EMCV,,,0.0,https://indomet.gob.do/wp-content/uploads/2026/07/temperaturas-extremas-y-precipitaciones-2026x07x28-a.pdf
2026-07-28,040,BUCARA (EMA),SANTIAGO,MINISTERIO DE AGRICULTURA,EMAI,,,0.0,https://indomet.gob.do/wp-content/uploads/2026/07/temperaturas-extremas-y-precipitaciones-2026x07x28-a.pdf
2026-07-28,041,CABRERA,MARÍA TRINIDAD SÁNCHEZ,ESCUELA ARÍSTIDES FIALLO CABRAL,EMCI,35.5,26.0,0.0,https://indomet.gob.do/wp-content/uploads/2026/07/temperaturas-extremas-y-precipitaciones-2026x07x28-a.pdf
2026-07-28,042,CONSTANZA,LA VEGA,MINISTERIO DE AGRICULTURA,EMCI,35.9,25.2,0.0,https://indomet.gob.do/wp-content/uploads/2026/07/temperaturas-extremas-y-precipitaciones-2026x07x28-a.pdf
2026-07-28,043,DAJABÓN,DAJABÓN,INSTITUTO POLITÉCNICO LOYOLA,EMCI,34.5,20.2,0.0,https://indomet.gob.do/wp-content/uploads/2026/07/temperaturas-extremas-y-precipitaciones-2026x07x28-a.pdf
2026-07-28,044,EL CERCADO,SAN JUAN,MINISTERIO DE AGRICULTURA,EMCV,,,0.0,https://indomet.gob.do/wp-content/uploads/2026/07/temperaturas-extremas-y-precipitaciones-2026x07x28-a.pdf
2026-07-28,045,ELÍAS PIÑA,ELÍAS PIÑA,MINISTERIO DE AGRICULTURA,EMCV,,,0.0,https://indomet.gob.do/wp-content/uploads/2026/07/temperaturas-extremas-y-precipitaciones-2026x07x28-a.pdf
2026-07-28,046,ESCONDIDO,PERAVIA,MINISTERIO DE AGRICULTURA,EMCV,33.0,26.0,0.0,https://indomet.gob.do/wp-content/uploads/2026/07/temperaturas-extremas-y-precipitaciones-2026x07x28-a.pdf
2026-07-28,047,GASPAR HERNÁNDEZ,ESPAILLAT,PROPIEDAD DEL EMPLEADO,EMCI,,,0.0,https://indomet.gob.do/wp-content/uploads/2026/07/temperaturas-extremas-y-precipitaciones-2026x07x28-a.pdf
2026-07-28,048,GURABO,SANTIAGO,MINISTERIO DE AGRICULTURA,EMCV,,,0.0,https://indomet.gob.do/wp-content/uploads/2026/07/temperaturas-extremas-y-precipitaciones-2026x07x28-a.pdf
2026-07-28,049,JARABACOA,LA VEGA,INDRHI / MARENA,EMCI,35.6,18.4,0.0,https://indomet.gob.do/wp-content/uploads/2026/07/temperaturas-extremas-y-precipitaciones-2026x07x28-a.pdf
2026-07-28,050,JARABACOA (EMA),LA VEGA,PROGRAMA MUNDIAL DE ALIMENTO,EMAP,34.6,19.6,0.0,https://indomet.gob.do/wp-content/uploads/2026/07/temperaturas-extremas-y-precipitaciones-2026x07x28-a.pdf
2026-07-28,051,JIMANÍ,INDEPENDENCIA,MINISTERIO DE AGRICULTURA,EMCI,37.6,25.5,0.0,https://indomet.gob.do/wp-content/uploads/2026/07/temperaturas-extremas-y-precipitaciones-2026x07x28-a.pdf
2026-07-28,052,JUMA BEJUCAL,MONSEÑOR NOUEL,IDIAF,EMCV,34.6,25.2,0.0,https://indomet.gob.do/wp-content/uploads/2026/07/temperaturas-extremas-y-precipitaciones-2026x07x28-a.pdf
2026-07-28,053,LA VEGA,LA VEGA,IATESA,EMCI,36.5,24.0,0.0,https://indomet.gob.do/wp-content/uploads/2026/07/temperaturas-extremas-y-precipitaciones-2026x07x28-a.pdf
2026-07-28,054,LA VICTORIA,SANTO DOMINGO,CUERPO DE BOMBEROS,EMCI,36.0,24.8,0.0,https://indomet.gob.do/wp-content/uploads/2026/07/temperaturas-extremas-y-precipitaciones-2026x07x28-a.pdf
2026-07-28,055,LAS CANAS (EMA),MONTE CRISTI,PROGRAMA MUNDIAL DE ALIMENTO,EMAP,31.7,25.0,0.0,https://indomet.gob.do/wp-content/uploads/2026/07/temperaturas-extremas-y-precipitaciones-2026x07x28-a.pdf
2026-07-28,056,LOS JENGIBRES,NAGUA,INDRHI,EMCI,,,0.0,https://indomet.gob.do/wp-content/uploads/2026/07/temperaturas-extremas-y-precipitaciones-2026x07x28-a.pdf
2026-07-28,057,LOS LLANOS,SAN PEDRO DE MACORÍS,MINISTERIO DE AGRICULTURA,EMCI,35.3,24.5,0.0,https://indomet.gob.do/wp-content/uploads/2026/07/temperaturas-extremas-y-precipitaciones-2026x07x28-a.pdf
2026-07-28,058,MAO,VALVERDE,INDRHI / MINISTERIO DE AGRICULTURA,EMCV,,,0.0,https://indomet.gob.do/wp-content/uploads/2026/07/temperaturas-extremas-y-precipitaciones-2026x07x28-a.pdf
2026-07-28,059,MICHES (EMA),EL SEIBO,PRIVADA,EMAP,36.4,23.6,0.0,https://indomet.gob.do/wp-content/uploads/2026/07/temperaturas-extremas-y-precipitaciones-2026x07x28-a.pdf
2026-07-28,060,MONTE CRISTI,MONTE CRISTI,INDOMET,EMCI,35.0,25.5,0.0,https://indomet.gob.do/wp-content/uploads/2026/07/temperaturas-extremas-y-precipitaciones-2026x07x28-a.pdf
2026-07-28,061,LOS COCOS (EMA),BAHORUCO,PRIVADA,EMAP,,,0.0,https://indomet.gob.do/wp-content/uploads/2026/07/temperaturas-extremas-y-precipitaciones-2026x07x28-a.pdf
2026-07-28,062,OLIVARES,PEDERNALES,INDRHI,EMCI,,,0.0,https://indomet.gob.do/wp-content/uploads/2026/07/temperaturas-extremas-y-precipitaciones-2026x07x28-a.pdf
2026-07-28,063,PADRE LAS CASAS,AZUA,HOSP. NTRA. SRA. DEL CARMEN,EMCI,34.4,21.0,0.0,https://indomet.gob.do/wp-content/uploads/2026/07/temperaturas-extremas-y-precipitaciones-2026x07x28-a.pdf
2026-07-28,064,PALO ÍNDIO,PUERTO PLATA,MINISTERIO DE AGRICULTURA,EMCI,,,0.0,https://indomet.gob.do/wp-content/uploads/2026/07/temperaturas-extremas-y-precipitaciones-2026x07x28-a.pdf
2026-07-28,065,PARQUE MIRADOR SUR,DISTRITO NACIONAL,AYUNTAMIENTO,EMCV,33.8,22.4,0.0,https://indomet.gob.do/wp-content/uploads/2026/07/temperaturas-extremas-y-precipitaciones-2026x07x28-a.pdf
2026-07-28,066,PASO AL MEDIO,SAN PEDRO DE MACORÍS,INDRHI,EMCI,,,0.0,https://indomet.gob.do/wp-content/uploads/2026/07/temperaturas-extremas-y-precipitaciones-2026x07x28-a.pdf
2026-07-28,067,PEDERNALES,PEDERNALES,INDRHI,EMCI,,,0.0,https://indomet.gob.do/wp-content/uploads/2026/07/temperaturas-extremas-y-precipitaciones-2026x07x28-a.pdf
2026-07-28,068,PERALTA,AZUA,HOSP. MPAL. DE PERALTA,EMCI,33.2,20.4,0.0,https://indomet.gob.do/wp-content/uploads/2026/07/temperaturas-extremas-y-precipitaciones-2026x07x28-a.pdf
2026-07-28,069,POLO,BARAHONA,INDOCAFE,EMCI,31.0,18.5,0.0,https://indomet.gob.do/wp-content/uploads/2026/07/temperaturas-extremas-y-precipitaciones-2026x07x28-a.pdf
2026-07-28,070,PRESA DE TAVERAS (EMA),LA VEGA,PROGRAMA MUNDIAL DE ALIMENTO,EMAP,35.1,22.6,0.0,https://indomet.gob.do/wp-content/uploads/2026/07/temperaturas-extremas-y-precipitaciones-2026x07x28-a.pdf
2026-07-28,071,RESTAURACIÓN,DAJABÓN,MINISTERIO DE AGRICULTURA,EMCI,32.5,17.8,0.0,https://indomet.gob.do/wp-content/uploads/2026/07/temperaturas-extremas-y-precipitaciones-2026x07x28-a.pdf
2026-07-28,072,RÍO SAN JUAN,MARÍA TRINIDAD SÁNCHEZ,HOSP. MPAL. DR. DESIDERIO ACOSTA,EMCV,36.2,26.2,0.0,https://indomet.gob.do/wp-content/uploads/2026/07/temperaturas-extremas-y-precipitaciones-2026x07x28-a.pdf
2026-07-28,073,SABANA DE LA MAR,HATO MAYOR,INDOMET,EMCI,33.0,24.8,0.0,https://indomet.gob.do/wp-content/uploads/2026/07/temperaturas-extremas-y-precipitaciones-2026x07x28-a.pdf
2026-07-28,074,SABANA GRANDE DE BOYÁ,MONTE PLATA,MINISTERIO DE AGRICULTURA,EMCV,,,0.0,https://indomet.gob.do/wp-content/uploads/2026/07/temperaturas-extremas-y-precipitaciones-2026x07x28-a.pdf
2026-07-28,075,SABANETA (EMA),SANTIAGO RODRÍGUEZ,PROGRAMA MUNDIAL DE ALIMENTO,EMAP,39.3,21.2,0.0,https://indomet.gob.do/wp-content/uploads/2026/07/temperaturas-extremas-y-precipitaciones-2026x07x28-a.pdf
2026-07-28,076,SALCEDO,HERMANAS MIRABAL,PROPIEDAD DEL EMPLEADO,EMCI,,,0.0,https://indomet.gob.do/wp-content/uploads/2026/07/temperaturas-extremas-y-precipitaciones-2026x07x28-a.pdf
2026-07-28,077,SAMANÁ,SAMANÁ,COMANDANCIA DE PUERTO DE SAMANÁ,EMCI,35.3,20.7,0.0,https://indomet.gob.do/wp-content/uploads/2026/07/temperaturas-extremas-y-precipitaciones-2026x07x28-a.pdf
2026-07-28,078,SAN CRISTÓBAL,SAN CRISTÓBAL,INSTITUTO POLITÉCNICO LOYOLA,EMCI,35.5,24.5,0.0,https://indomet.gob.do/wp-content/uploads/2026/07/temperaturas-extremas-y-precipitaciones-2026x07x28-a.pdf
2026-07-28,079,SAN FRANCISCO DE MACORÍS,DUARTE,San Francisco de Macorís (UASD),EMCI,36.1,23.6,0.0,https://indomet.gob.do/wp-content/uploads/2026/07/temperaturas-extremas-y-precipitaciones-2026x07x28-a.pdf
2026-07-28,080,SAN RAFAEL DEL YUMA,LA ALTAGRACIA,MINISTERIO DE AGRICULTURA,EMCI,35.9,25.2,0.0,https://indomet.gob.do/wp-content/uploads/2026/07/temperaturas-extremas-y-precipitaciones-2026x07x28-a.pdf
2026-07-28,081,SÁNCHEZ,SAMANÁ,MINISTERIO DE AGRICULTURA,EMCI,36.9,26.9,0.0,https://indomet.gob.do/wp-content/uploads/2026/07/temperaturas-extremas-y-precipitaciones-2026x07x28-a.pdf
2026-07-28,082,SANTIAGO (CENTRO),SANTIAGO,HUACALITO,EMCI,,,0.0,https://indomet.gob.do/wp-content/uploads/2026/07/temperaturas-extremas-y-precipitaciones-2026x07x28-a.pdf
2026-07-28,083,SANTIAGO RODRÍGUEZ,SANTIAGO RODRÍGUEZ,INDOMET,EMCI,39.5,25.0,0.0,https://indomet.gob.do/wp-content/uploads/2026/07/temperaturas-extremas-y-precipitaciones-2026x07x28-a.pdf
2026-07-28,084,TÁBARA ABAJO,AZUA,INDRHI,EMCI,35.5,23.5,0.0,https://indomet.gob.do/wp-content/uploads/2026/07/temperaturas-extremas-y-precipitaciones-2026x07x28-a.pdf
2026-07-28,085,TAVERA,SANTIAGO,INDRHI,EMCI,,,0.0,https://indomet.gob.do/wp-content/uploads/2026/07/temperaturas-extremas-y-precipitaciones-2026x07x28-a.pdf
2026-07-28,086,VILLA ALTAGRACIA,SAN CRISTÓBAL,ESCUELA JAVIER ANGULO GURIDI,EMCI,,,0.0,https://indomet.gob.do/wp-content/uploads/2026/07/temperaturas-extremas-y-precipitaciones-2026x07x28-a.pdf
2026-07-28,087,VILLA GONZALES,SANTIAGO,MINISTERIO DE AGRICULTURA,EMCI,,,0.0,https://indomet.gob.do/wp-content/uploads/2026/07/temperaturas-extremas-y-precipitaciones-2026x07x28-a.pdf
2026-07-28,088,VILLA ISABELA,PUERTO PLATA,MINISTERIO DE AGRICULTURA,EMCV,36.5,22.5,0.0,https://indomet.gob.do/wp-content/uploads/2026/07/temperaturas-extremas-y-precipitaciones-2026x07x28-a.pdf
2026-07-28,089,VILLA RIVA,DUARTE,HOSP. MPAL. ALICIA DE LEGENDRE,EMCI,34.3,24.0,0.0,https://indomet.gob.do/wp-content/uploads/2026/07/temperaturas-extremas-y-precipitaciones-2026x07x28-a.pdf
2026-07-28,090,VILLA VASQUEZ (EMA),MONTE CRISTI,JUNTA DE REGANTES,EMAI,,,0.0,https://indomet.gob.do/wp-content/uploads/2026/07/temperaturas-extremas-y-precipitaciones-2026x07x28-a.pdf
2026-07-29,001,POLO,BARAHONA,INDOCAFE,EMCI,31.7,19.0,7.2,https://indomet.gob.do/wp-content/uploads/2026/07/temperaturas-extremas-y-precipitaciones-2026x07x29-a.pdf
2026-07-29,002,SAN CRISTÓBAL,SAN CRISTÓBAL,INSTITUTO POLITÉCNICO LOYOLA,EMCI,35.7,25.0,3.2,https://indomet.gob.do/wp-content/uploads/2026/07/temperaturas-extremas-y-precipitaciones-2026x07x29-a.pdf
2026-07-29,003,GASPAR HERNÁNDEZ,ESPAILLAT,PROPIEDAD DEL EMPLEADO,EMCI,,,2.6,https://indomet.gob.do/wp-content/uploads/2026/07/temperaturas-extremas-y-precipitaciones-2026x07x29-a.pdf
2026-07-29,004,LOS CACICAZGOS (EMA),DISTRITO NACIONAL,PRIVADA,EMAP,,,2.0,https://indomet.gob.do/wp-content/uploads/2026/07/temperaturas-extremas-y-precipitaciones-2026x07x29-a.pdf
2026-07-29,005,CENTRO DE LOS HEROES (EMA),DISTRITO NACIONAL,MINISTERIO DE ENERGIA Y MINA,EMAP,32.7,27.1,1.8,https://indomet.gob.do/wp-content/uploads/2026/07/temperaturas-extremas-y-precipitaciones-2026x07x29-a.pdf
2026-07-29,006,OVIEDO,PEDERNALES,CLÍNICA RURAL OVIEDO,EMCI,33.0,24.2,1.8,https://indomet.gob.do/wp-content/uploads/2026/07/temperaturas-extremas-y-precipitaciones-2026x07x29-a.pdf
2026-07-29,007,SAN RAFAEL DEL YUMA,LA ALTAGRACIA,MINISTERIO DE AGRICULTURA,EMCI,35.6,25.5,1.5,https://indomet.gob.do/wp-content/uploads/2026/07/temperaturas-extremas-y-precipitaciones-2026x07x29-a.pdf
2026-07-29,008,VILLA RIVA,DUARTE,HOSP. MPAL. ALICIA DE LEGENDRE,EMCI,33.2,23.6,1.3,https://indomet.gob.do/wp-content/uploads/2026/07/temperaturas-extremas-y-precipitaciones-2026x07x29-a.pdf
2026-07-29,009,PROLONGACION 27 DE FEBRERO,DISTRITO NACIONAL,PRIVADA,EMAP,,,1.2,https://indomet.gob.do/wp-content/uploads/2026/07/temperaturas-extremas-y-precipitaciones-2026x07x29-a.pdf
2026-07-29,010,BANI (EMA),PERAVIA,MINISTERIO DE AGRICULTURA,EMAP,33.6,26.4,0.8,https://indomet.gob.do/wp-content/uploads/2026/07/temperaturas-extremas-y-precipitaciones-2026x07x29-a.pdf
2026-07-29,011,EL MILLON (EMA),DISTRITO NACIONAL,PRIVADA,EMAP,,,0.8,https://indomet.gob.do/wp-content/uploads/2026/07/temperaturas-extremas-y-precipitaciones-2026x07x29-a.pdf
2026-07-29,012,SAN FRANCISCO DE MACORÍS,DUARTE,San Francisco de Macorís (UASD),EMCI,36.1,23.2,0.1,https://indomet.gob.do/wp-content/uploads/2026/07/temperaturas-extremas-y-precipitaciones-2026x07x29-a.pdf
2026-07-29,013,ALTAMIRA,PUERTO PLATA,HOSP. MPAL. DE ALTAMIRA,EMCI,38.0,23.5,0.0,https://indomet.gob.do/wp-content/uploads/2026/07/temperaturas-extremas-y-precipitaciones-2026x07x29-a.pdf
2026-07-29,014,ALTO BANDERA (EMA),LA VEGA,INTEC,EMAP,18.8,9.6,0.0,https://indomet.gob.do/wp-content/uploads/2026/07/temperaturas-extremas-y-precipitaciones-2026x07x29-a.pdf
2026-07-29,015,ANAMUYA (EMA),LA ALTAGRACIA,MINISTERIO DE AGRICULTURA,EMAP,35.4,25.9,0.0,https://indomet.gob.do/wp-content/uploads/2026/07/temperaturas-extremas-y-precipitaciones-2026x07x29-a.pdf
2026-07-29,016,ARPT. ARROYO BARRIL,SAMANÁ,INDOMET,EMCI,33.0,24.5,0.0,https://indomet.gob.do/wp-content/uploads/2026/07/temperaturas-extremas-y-precipitaciones-2026x07x29-a.pdf
2026-07-29,017,ARPT. DE LA ROMANA,LA ROMANA,INDOMET,EMCI,35.5,24.3,0.0,https://indomet.gob.do/wp-content/uploads/2026/07/temperaturas-extremas-y-precipitaciones-2026x07x29-a.pdf
2026-07-29,018,ARPT. DE LAS AMÉRICAS,SANTO DOMINGO,INDOMET,EMCI,33.5,24.6,0.0,https://indomet.gob.do/wp-content/uploads/2026/07/temperaturas-extremas-y-precipitaciones-2026x07x29-a.pdf
2026-07-29,019,ARPT. DE PUNTA CANA,LA ALTAGRACIA,INDOMET,EMCI,32.6,25.2,0.0,https://indomet.gob.do/wp-content/uploads/2026/07/temperaturas-extremas-y-precipitaciones-2026x07x29-a.pdf
2026-07-29,020,ARPT. DEL CIBAO,SANTIAGO,INDOMET,EMCI,36.1,23.5,0.0,https://indomet.gob.do/wp-content/uploads/2026/07/temperaturas-extremas-y-precipitaciones-2026x07x29-a.pdf
2026-07-29,021,ARPT. EL CATEY,SAMANÁ,INDOMET,EMCI,35.0,,0.0,https://indomet.gob.do/wp-content/uploads/2026/07/temperaturas-extremas-y-precipitaciones-2026x07x29-a.pdf
2026-07-29,022,ARPT. GREGORIO LUPERÓN,PUERTO PLATA,INDOMET,EMCI,33.6,23.7,0.0,https://indomet.gob.do/wp-content/uploads/2026/07/temperaturas-extremas-y-precipitaciones-2026x07x29-a.pdf
2026-07-29,023,ARPT. LA ISABELA,SANTO DOMINGO,INDOMET,EMCI,36.6,24.0,0.0,https://indomet.gob.do/wp-content/uploads/2026/07/temperaturas-extremas-y-precipitaciones-2026x07x29-a.pdf
2026-07-29,024,ARPT. MARÍA MONTEZ,BARAHONA,INDOMET,EMCI,33.2,27.0,0.0,https://indomet.gob.do/wp-content/uploads/2026/07/temperaturas-extremas-y-precipitaciones-2026x07x29-a.pdf
2026-07-29,025,ARROYO LORO,SAN JUAN,IDIAF,EMCI,34.5,21.6,0.0,https://indomet.gob.do/wp-content/uploads/2026/07/temperaturas-extremas-y-precipitaciones-2026x07x29-a.pdf
2026-07-29,026,BASE AÉREA DE SAN ISIDRO,SANTO DOMINGO,FUERZA AÉREA DOMINICANA,EMCV,,,0.0,https://indomet.gob.do/wp-content/uploads/2026/07/temperaturas-extremas-y-precipitaciones-2026x07x29-a.pdf
2026-07-29,027,BAYAGUANA,MONTE PLATA,INDOMET,EMCI,35.0,23.4,0.0,https://indomet.gob.do/wp-content/uploads/2026/07/temperaturas-extremas-y-precipitaciones-2026x07x29-a.pdf
2026-07-29,028,BOCA DE MAO (EMA),VALVERDE,MINISTERIO DE AGRICULTURA,EMAP,38.2,26.1,0.0,https://indomet.gob.do/wp-content/uploads/2026/07/temperaturas-extremas-y-precipitaciones-2026x07x29-a.pdf
2026-07-29,029,BOHECHÍO,SAN JUAN,MINISTERIO DE AGRICULTURA,EMCV,,,0.0,https://indomet.gob.do/wp-content/uploads/2026/07/temperaturas-extremas-y-precipitaciones-2026x07x29-a.pdf
2026-07-29,030,BONAO,MONSEÑOR NOUEL,MINISTERIO DE AGRICULTURA,EMCV,,,0.0,https://indomet.gob.do/wp-content/uploads/2026/07/temperaturas-extremas-y-precipitaciones-2026x07x29-a.pdf
2026-07-29,031,BUCARA (EMA),SANTIAGO,MINISTERIO DE AGRICULTURA,EMAI,,,0.0,https://indomet.gob.do/wp-content/uploads/2026/07/temperaturas-extremas-y-precipitaciones-2026x07x29-a.pdf
2026-07-29,032,CABRAL,BARAHONA,MINISTERIO DE AGRICULTURA,EMCV,35.3,27.4,0.0,https://indomet.gob.do/wp-content/uploads/2026/07/temperaturas-extremas-y-precipitaciones-2026x07x29-a.pdf
2026-07-29,033,CABRERA,MARÍA TRINIDAD SÁNCHEZ,ESCUELA ARÍSTIDES FIALLO CABRAL,EMCI,35.0,28.7,0.0,https://indomet.gob.do/wp-content/uploads/2026/07/temperaturas-extremas-y-precipitaciones-2026x07x29-a.pdf
2026-07-29,034,CONSTANZA,LA VEGA,MINISTERIO DE AGRICULTURA,EMCI,29.4,14.5,0.0,https://indomet.gob.do/wp-content/uploads/2026/07/temperaturas-extremas-y-precipitaciones-2026x07x29-a.pdf
2026-07-29,035,CONSTANZA (EMA),LA VEGA,PROGRAMA MUNDIAL DE ALIMENTO,EMAP,28.3,15.7,0.0,https://indomet.gob.do/wp-content/uploads/2026/07/temperaturas-extremas-y-precipitaciones-2026x07x29-a.pdf
2026-07-29,037,DAJABÓN,DAJABÓN,INSTITUTO POLITÉCNICO LOYOLA,EMCI,37.3,23.2,0.0,https://indomet.gob.do/wp-content/uploads/2026/07/temperaturas-extremas-y-precipitaciones-2026x07x29-a.pdf
2026-07-29,038,ELÍAS PIÑA,ELÍAS PIÑA,MINISTERIO DE AGRICULTURA,EMCV,,,0.0,https://indomet.gob.do/wp-content/uploads/2026/07/temperaturas-extremas-y-precipitaciones-2026x07x29-a.pdf
2026-07-29,039,ENRIQUILLO,BARAHONA,MINISTERIO DE AGRICULTURA,EMCV,33.8,24.5,0.0,https://indomet.gob.do/wp-content/uploads/2026/07/temperaturas-extremas-y-precipitaciones-2026x07x29-a.pdf
2026-07-29,040,ENSANCHE LA FE (EMA),DISTRITO NACIONAL,PRIVADA,EMAP,,,0.0,https://indomet.gob.do/wp-content/uploads/2026/07/temperaturas-extremas-y-precipitaciones-2026x07x29-a.pdf
2026-07-29,041,ESCONDIDO,PERAVIA,MINISTERIO DE AGRICULTURA,EMCV,34.0,27.0,0.0,https://indomet.gob.do/wp-content/uploads/2026/07/temperaturas-extremas-y-precipitaciones-2026x07x29-a.pdf
2026-07-29,042,GURABO,SANTIAGO,MINISTERIO DE AGRICULTURA,EMCV,,,0.0,https://indomet.gob.do/wp-content/uploads/2026/07/temperaturas-extremas-y-precipitaciones-2026x07x29-a.pdf
2026-07-29,043,HATO MAYOR,HATO MAYOR,MINISTERIO DE AGRICULTURA,EMCV,,,0.0,https://indomet.gob.do/wp-content/uploads/2026/07/temperaturas-extremas-y-precipitaciones-2026x07x29-a.pdf
2026-07-29,044,HONDO VALLE,ELÍAS PIÑA,MINISTERIO DE AGRICULTURA,EMCI,29.8,20.2,0.0,https://indomet.gob.do/wp-content/uploads/2026/07/temperaturas-extremas-y-precipitaciones-2026x07x29-a.pdf
2026-07-29,045,JARABACOA,LA VEGA,INDRHI / MARENA,EMCI,35.0,19.4,0.0,https://indomet.gob.do/wp-content/uploads/2026/07/temperaturas-extremas-y-precipitaciones-2026x07x29-a.pdf
2026-07-29,046,JARABACOA (EMA),LA VEGA,PROGRAMA MUNDIAL DE ALIMENTO,EMAP,34.2,20.8,0.0,https://indomet.gob.do/wp-content/uploads/2026/07/temperaturas-extremas-y-precipitaciones-2026x07x29-a.pdf
2026-07-29,047,JARDÍN BOTÁNICO SANTIAGO (EMSANTIAGO,,JARDIN BOTANICO SANTIAGO,EMAI,,,0.0,https://indomet.gob.do/wp-content/uploads/2026/07/temperaturas-extremas-y-precipitaciones-2026x07x29-a.pdf
2026-07-29,048,JIMANÍ,INDEPENDENCIA,MINISTERIO DE AGRICULTURA,EMCI,37.0,27.0,0.0,https://indomet.gob.do/wp-content/uploads/2026/07/temperaturas-extremas-y-precipitaciones-2026x07x29-a.pdf
2026-07-29,049,JUMA BEJUCAL,MONSEÑOR NOUEL,IDIAF,EMCV,35.0,24.8,0.0,https://indomet.gob.do/wp-content/uploads/2026/07/temperaturas-extremas-y-precipitaciones-2026x07x29-a.pdf
2026-07-29,050,LA AGUSTINA (EMA),DISTRITO NACIONAL,PRIVADA,EMAP,,,0.0,https://indomet.gob.do/wp-content/uploads/2026/07/temperaturas-extremas-y-precipitaciones-2026x07x29-a.pdf
2026-07-29,051,LA VEGA,LA VEGA,IATESA,EMCI,37.0,24.5,0.0,https://indomet.gob.do/wp-content/uploads/2026/07/temperaturas-extremas-y-precipitaciones-2026x07x29-a.pdf
2026-07-29,052,LA VICTORIA,SANTO DOMINGO,CUERPO DE BOMBEROS,EMCI,36.0,26.0,0.0,https://indomet.gob.do/wp-content/uploads/2026/07/temperaturas-extremas-y-precipitaciones-2026x07x29-a.pdf
2026-07-29,053,LAS CANAS (EMA),MONTE CRISTI,PROGRAMA MUNDIAL DE ALIMENTO,EMAP,32.3,26.3,0.0,https://indomet.gob.do/wp-content/uploads/2026/07/temperaturas-extremas-y-precipitaciones-2026x07x29-a.pdf
2026-07-29,054,LOS COCOS (EMA),BAHORUCO,PRIVADA,EMAP,,,0.0,https://indomet.gob.do/wp-content/uploads/2026/07/temperaturas-extremas-y-precipitaciones-2026x07x29-a.pdf
2026-07-29,055,LOS JARDINES (EMA),DISTRITO NACIONAL,PRIVADA,EMAP,,,0.0,https://indomet.gob.do/wp-content/uploads/2026/07/temperaturas-extremas-y-precipitaciones-2026x07x29-a.pdf
2026-07-29,056,LOS JENGIBRES,NAGUA,INDRHI,EMCI,,,0.0,https://indomet.gob.do/wp-content/uploads/2026/07/temperaturas-extremas-y-precipitaciones-2026x07x29-a.pdf
2026-07-29,057,MAO,VALVERDE,INDRHI / MINISTERIO DE AGRICULTURA,EMCV,,,0.0,https://indomet.gob.do/wp-content/uploads/2026/07/temperaturas-extremas-y-precipitaciones-2026x07x29-a.pdf
2026-07-29,058,MICHES (EMA),EL SEIBO,PRIVADA,EMAP,35.2,24.5,0.0,https://indomet.gob.do/wp-content/uploads/2026/07/temperaturas-extremas-y-precipitaciones-2026x07x29-a.pdf
2026-07-29,059,MONCIÓN (EMA),SANTIAGO RODRÍGUEZ,PROGRAMA MUNDIAL DE ALIMENTO,EMAP,35.3,22.1,0.0,https://indomet.gob.do/wp-content/uploads/2026/07/temperaturas-extremas-y-precipitaciones-2026x07x29-a.pdf
2026-07-29,060,MONTE CRISTI,MONTE CRISTI,INDOMET,EMCI,36.2,26.3,0.0,https://indomet.gob.do/wp-content/uploads/2026/07/temperaturas-extremas-y-precipitaciones-2026x07x29-a.pdf
2026-07-29,061,NAVARRETE,SANTIAGO,MINISTERIO DE AGRICULTURA,EMCV,,,0.0,https://indomet.gob.do/wp-content/uploads/2026/07/temperaturas-extremas-y-precipitaciones-2026x07x29-a.pdf
2026-07-29,062,OLIVARES,PEDERNALES,INDRHI,EMCI,,,0.0,https://indomet.gob.do/wp-content/uploads/2026/07/temperaturas-extremas-y-precipitaciones-2026x07x29-a.pdf
2026-07-29,063,PADRE LAS CASAS,AZUA,HOSP. NTRA. SRA. DEL CARMEN,EMCI,33.5,20.7,0.0,https://indomet.gob.do/wp-content/uploads/2026/07/temperaturas-extremas-y-precipitaciones-2026x07x29-a.pdf
2026-07-29,064,PALO ÍNDIO,PUERTO PLATA,MINISTERIO DE AGRICULTURA,EMCI,,,0.0,https://indomet.gob.do/wp-content/uploads/2026/07/temperaturas-extremas-y-precipitaciones-2026x07x29-a.pdf
2026-07-29,065,PASO AL MEDIO,SAN PEDRO DE MACORÍS,INDRHI,EMCI,,,0.0,https://indomet.gob.do/wp-content/uploads/2026/07/temperaturas-extremas-y-precipitaciones-2026x07x29-a.pdf
2026-07-29,066,PEDERNALES,PEDERNALES,INDRHI,EMCI,,,0.0,https://indomet.gob.do/wp-content/uploads/2026/07/temperaturas-extremas-y-precipitaciones-2026x07x29-a.pdf
2026-07-29,067,PERALTA,AZUA,HOSP. MPAL. DE PERALTA,EMCI,33.5,19.5,0.0,https://indomet.gob.do/wp-content/uploads/2026/07/temperaturas-extremas-y-precipitaciones-2026x07x29-a.pdf
2026-07-29,068,PRESA DE TAVERAS (EMA),LA VEGA,PROGRAMA MUNDIAL DE ALIMENTO,EMAP,34.4,24.3,0.0,https://indomet.gob.do/wp-content/uploads/2026/07/temperaturas-extremas-y-precipitaciones-2026x07x29-a.pdf
2026-07-29,069,RANCHO ARRIBA,SAN JOSÉ DE OCOA,CENTRO TECNOLÓGICO COMUNITARIO,EMCI,33.4,20.3,0.0,https://indomet.gob.do/wp-content/uploads/2026/07/temperaturas-extremas-y-precipitaciones-2026x07x29-a.pdf
2026-07-29,070,RESTAURACIÓN,DAJABÓN,MINISTERIO DE AGRICULTURA,EMCI,33.1,18.4,0.0,https://indomet.gob.do/wp-content/uploads/2026/07/temperaturas-extremas-y-precipitaciones-2026x07x29-a.pdf
2026-07-29,071,RÍO SAN JUAN,MARÍA TRINIDAD SÁNCHEZ,HOSP. MPAL. DR. DESIDERIO ACOSTA,EMCV,36.4,26.8,0.0,https://indomet.gob.do/wp-content/uploads/2026/07/temperaturas-extremas-y-precipitaciones-2026x07x29-a.pdf
2026-07-29,072,SABANA DE LA MAR,HATO MAYOR,INDOMET,EMCI,33.2,25.4,0.0,https://indomet.gob.do/wp-content/uploads/2026/07/temperaturas-extremas-y-precipitaciones-2026x07x29-a.pdf
2026-07-29,073,SABANA GRANDE DE BOYÁ,MONTE PLATA,MINISTERIO DE AGRICULTURA,EMCV,,,0.0,https://indomet.gob.do/wp-content/uploads/2026/07/temperaturas-extremas-y-precipitaciones-2026x07x29-a.pdf
2026-07-29,074,SABANETA (EMA),SANTIAGO RODRÍGUEZ,PROGRAMA MUNDIAL DE ALIMENTO,EMAP,39.7,25.3,0.0,https://indomet.gob.do/wp-content/uploads/2026/07/temperaturas-extremas-y-precipitaciones-2026x07x29-a.pdf
2026-07-29,075,SAJOMA (EMA),SANTIAGO,PLAN SIERRA,EMAI,34.5,26.4,0.0,https://indomet.gob.do/wp-content/uploads/2026/07/temperaturas-extremas-y-precipitaciones-2026x07x29-a.pdf
2026-07-29,076,SALCEDO,HERMANAS MIRABAL,PROPIEDAD DEL EMPLEADO,EMCI,,,0.0,https://indomet.gob.do/wp-content/uploads/2026/07/temperaturas-extremas-y-precipitaciones-2026x07x29-a.pdf
2026-07-29,077,SAMANÁ,SAMANÁ,COMANDANCIA DE PUERTO DE SAMANÁ,EMCI,35.7,21.0,0.0,https://indomet.gob.do/wp-content/uploads/2026/07/temperaturas-extremas-y-precipitaciones-2026x07x29-a.pdf
2026-07-29,078,SAN JOSÉ DE OCOA,SAN JOSÉ DE OCOA,HOSP. SAN JOSÉ DE OCOA,EMCI,33.6,25.0,0.0,https://indomet.gob.do/wp-content/uploads/2026/07/temperaturas-extremas-y-precipitaciones-2026x07x29-a.pdf
2026-07-29,079,SÁNCHEZ,SAMANÁ,MINISTERIO DE AGRICULTURA,EMCI,35.3,27.7,0.0,https://indomet.gob.do/wp-content/uploads/2026/07/temperaturas-extremas-y-precipitaciones-2026x07x29-a.pdf
2026-07-29,080,SANTIAGO (CENTRO),SANTIAGO,HUACALITO,EMCI,,,0.0,https://indomet.gob.do/wp-content/uploads/2026/07/temperaturas-extremas-y-precipitaciones-2026x07x29-a.pdf
2026-07-29,081,SANTIAGO RODRÍGUEZ,SANTIAGO RODRÍGUEZ,INDOMET,EMCI,39.4,26.0,0.0,https://indomet.gob.do/wp-content/uploads/2026/07/temperaturas-extremas-y-precipitaciones-2026x07x29-a.pdf
2026-07-29,082,SANTO DOMINGO ESTE,SANTO DOMINGO,INDOMET,EMCI,34.0,27.0,0.0,https://indomet.gob.do/wp-content/uploads/2026/07/temperaturas-extremas-y-precipitaciones-2026x07x29-a.pdf
2026-07-29,083,TÁBARA ABAJO,AZUA,INDRHI,EMCI,34.0,23.1,0.0,https://indomet.gob.do/wp-content/uploads/2026/07/temperaturas-extremas-y-precipitaciones-2026x07x29-a.pdf
2026-07-29,084,TAVERA,SANTIAGO,INDRHI,EMCI,,,0.0,https://indomet.gob.do/wp-content/uploads/2026/07/temperaturas-extremas-y-precipitaciones-2026x07x29-a.pdf
2026-07-29,085,VILLA ALTAGRACIA,SAN CRISTÓBAL,ESCUELA JAVIER ANGULO GURIDI,EMCI,,,0.0,https://indomet.gob.do/wp-content/uploads/2026/07/temperaturas-extremas-y-precipitaciones-2026x07x29-a.pdf
2026-07-29,086,VILLA GONZALES,SANTIAGO,MINISTERIO DE AGRICULTURA,EMCI,,,0.0,https://indomet.gob.do/wp-content/uploads/2026/07/temperaturas-extremas-y-precipitaciones-2026x07x29-a.pdf
2026-07-29,087,VILLA ISABELA,PUERTO PLATA,MINISTERIO DE AGRICULTURA,EMCV,33.0,23.8,0.0,https://indomet.gob.do/wp-content/uploads/2026/07/temperaturas-extremas-y-precipitaciones-2026x07x29-a.pdf
2026-07-29,088,VILLA VASQUEZ (EMA),MONTE CRISTI,JUNTA DE REGANTES,EMAI,,,0.0,https://indomet.gob.do/wp-content/uploads/2026/07/temperaturas-extremas-y-precipitaciones-2026x07x29-a.pdf
2026-07-31,001,JARABACOA,LA VEGA,INDRHI / MARENA,EMCI,34.0,17.8,29.2,https://indomet.gob.do/wp-content/uploads/2026/08/temperaturas-extremas-y-precipitaciones-2026x07x31-a.pdf
2026-07-31,002,JARABACOA (EMA),LA VEGA,PROGRAMA MUNDIAL DE ALIMENTO,EMAP,32.7,18.7,28.0,https://indomet.gob.do/wp-content/uploads/2026/08/temperaturas-extremas-y-precipitaciones-2026x07x31-a.pdf
2026-07-31,003,BAYAGUANA,MONTE PLATA,INDOMET,EMCI,33.8,22.8,26.2,https://indomet.gob.do/wp-content/uploads/2026/08/temperaturas-extremas-y-precipitaciones-2026x07x31-a.pdf
2026-07-31,004,ELÍAS PIÑA,ELÍAS PIÑA,MINISTERIO DE AGRICULTURA,EMCV,,,17.0,https://indomet.gob.do/wp-content/uploads/2026/08/temperaturas-extremas-y-precipitaciones-2026x07x31-a.pdf
2026-07-31,005,CENTRO DE LOS HEROES (EMA),DISTRITO NACIONAL,MINISTERIO DE ENERGIA Y MINA,EMAP,32.4,26.2,16.2,https://indomet.gob.do/wp-content/uploads/2026/08/temperaturas-extremas-y-precipitaciones-2026x07x31-a.pdf
2026-07-31,006,JUAN DOLIO (EMA),SAN PEDRO DE MACORÍS,PRIVADA,EMAP,,,15.2,https://indomet.gob.do/wp-content/uploads/2026/08/temperaturas-extremas-y-precipitaciones-2026x07x31-a.pdf
2026-07-31,007,ALTO BANDERA (EMA),LA VEGA,INTEC,EMAP,13.9,7.7,11.4,https://indomet.gob.do/wp-content/uploads/2026/08/temperaturas-extremas-y-precipitaciones-2026x07x31-a.pdf
2026-07-31,008,BELLA VISTA (EMA),DISTRITO NACIONAL,PRIVADA,EMAP,,,11.4,https://indomet.gob.do/wp-content/uploads/2026/08/temperaturas-extremas-y-precipitaciones-2026x07x31-a.pdf
2026-07-31,009,ARPT. LA ISABELA,SANTO DOMINGO,INDOMET,EMCI,33.0,23.2,9.6,https://indomet.gob.do/wp-content/uploads/2026/08/temperaturas-extremas-y-precipitaciones-2026x07x31-a.pdf
2026-07-31,010,ARPT. ARROYO BARRIL,SAMANÁ,INDOMET,EMCI,31.9,24.5,9.2,https://indomet.gob.do/wp-content/uploads/2026/08/temperaturas-extremas-y-precipitaciones-2026x07x31-a.pdf
2026-07-31,011,ARPT. EL CATEY,SAMANÁ,INDOMET,EMCI,31.0,,8.8,https://indomet.gob.do/wp-content/uploads/2026/08/temperaturas-extremas-y-precipitaciones-2026x07x31-a.pdf
2026-07-31,012,LOS CACICAZGOS (EMA),DISTRITO NACIONAL,PRIVADA,EMAP,,,8.6,https://indomet.gob.do/wp-content/uploads/2026/08/temperaturas-extremas-y-precipitaciones-2026x07x31-a.pdf
2026-07-31,013,SANTO DOMINGO ESTE,SANTO DOMINGO,INDOMET,EMCI,33.0,25.8,8.1,https://indomet.gob.do/wp-content/uploads/2026/08/temperaturas-extremas-y-precipitaciones-2026x07x31-a.pdf
2026-07-31,014,SAN CRISTÓBAL,SAN CRISTÓBAL,INSTITUTO POLITÉCNICO LOYOLA,EMCI,34.0,21.5,7.8,https://indomet.gob.do/wp-content/uploads/2026/08/temperaturas-extremas-y-precipitaciones-2026x07x31-a.pdf
2026-07-31,015,GASPAR HERNÁNDEZ,ESPAILLAT,PROPIEDAD DEL EMPLEADO,EMCI,,,7.6,https://indomet.gob.do/wp-content/uploads/2026/08/temperaturas-extremas-y-precipitaciones-2026x07x31-a.pdf
2026-07-31,016,ENSANCHE LA FE (EMA),DISTRITO NACIONAL,PRIVADA,EMAP,,,7.1,https://indomet.gob.do/wp-content/uploads/2026/08/temperaturas-extremas-y-precipitaciones-2026x07x31-a.pdf
2026-07-31,017,LA AGUSTINA (EMA),DISTRITO NACIONAL,PRIVADA,EMAP,,,7.1,https://indomet.gob.do/wp-content/uploads/2026/08/temperaturas-extremas-y-precipitaciones-2026x07x31-a.pdf
2026-07-31,018,ARPT. DE LAS AMÉRICAS,SANTO DOMINGO,INDOMET,EMCI,33.0,24.7,6.5,https://indomet.gob.do/wp-content/uploads/2026/08/temperaturas-extremas-y-precipitaciones-2026x07x31-a.pdf
2026-07-31,019,LOS PRADOS (EMA),DISTRITO NACIONAL,PRIVADA,EMAP,,,6.4,https://indomet.gob.do/wp-content/uploads/2026/08/temperaturas-extremas-y-precipitaciones-2026x07x31-a.pdf
2026-07-31,020,EL MILLON (EMA),DISTRITO NACIONAL,PRIVADA,EMAP,,,6.1,https://indomet.gob.do/wp-content/uploads/2026/08/temperaturas-extremas-y-precipitaciones-2026x07x31-a.pdf
2026-07-31,021,BONAO,MONSEÑOR NOUEL,MINISTERIO DE AGRICULTURA,EMCV,,,6.1,https://indomet.gob.do/wp-content/uploads/2026/08/temperaturas-extremas-y-precipitaciones-2026x07x31-a.pdf
2026-07-31,022,PROLONGACION 27 DE FEBRERO,DISTRITO NACIONAL,PRIVADA,EMAP,,,6.0,https://indomet.gob.do/wp-content/uploads/2026/08/temperaturas-extremas-y-precipitaciones-2026x07x31-a.pdf
2026-07-31,023,LOS JARDINES (EMA),DISTRITO NACIONAL,PRIVADA,EMAP,,,5.8,https://indomet.gob.do/wp-content/uploads/2026/08/temperaturas-extremas-y-precipitaciones-2026x07x31-a.pdf
2026-07-31,024,JUMA BEJUCAL,MONSEÑOR NOUEL,IDIAF,EMCV,33.0,23.6,5.3,https://indomet.gob.do/wp-content/uploads/2026/08/temperaturas-extremas-y-precipitaciones-2026x07x31-a.pdf
2026-07-31,025,BUCARA (EMA),SANTIAGO,MINISTERIO DE AGRICULTURA,EMAI,,,4.8,https://indomet.gob.do/wp-content/uploads/2026/08/temperaturas-extremas-y-precipitaciones-2026x07x31-a.pdf
2026-07-31,026,CONSTANZA (EMA),LA VEGA,PROGRAMA MUNDIAL DE ALIMENTO,EMAP,27.3,15.0,4.0,https://indomet.gob.do/wp-content/uploads/2026/08/temperaturas-extremas-y-precipitaciones-2026x07x31-a.pdf
2026-07-31,027,RÍO SAN JUAN,MARÍA TRINIDAD SÁNCHEZ,HOSP. MPAL. DR. DESIDERIO ACOSTA,EMCV,34.9,24.7,4.0,https://indomet.gob.do/wp-content/uploads/2026/08/temperaturas-extremas-y-precipitaciones-2026x07x31-a.pdf
2026-07-31,028,CABRAL,BARAHONA,MINISTERIO DE AGRICULTURA,EMCV,28.5,12.7,3.6,https://indomet.gob.do/wp-content/uploads/2026/08/temperaturas-extremas-y-precipitaciones-2026x07x31-a.pdf
2026-07-31,029,CONSTANZA,LA VEGA,MINISTERIO DE AGRICULTURA,EMCI,28.7,12.7,3.6,https://indomet.gob.do/wp-content/uploads/2026/08/temperaturas-extremas-y-precipitaciones-2026x07x31-a.pdf
2026-07-31,030,LA VICTORIA,SANTO DOMINGO,CUERPO DE BOMBEROS,EMCI,33.5,23.0,2.9,https://indomet.gob.do/wp-content/uploads/2026/08/temperaturas-extremas-y-precipitaciones-2026x07x31-a.pdf
2026-07-31,031,SÁNCHEZ,SAMANÁ,MINISTERIO DE AGRICULTURA,EMCI,32.8,24.2,2.9,https://indomet.gob.do/wp-content/uploads/2026/08/temperaturas-extremas-y-precipitaciones-2026x07x31-a.pdf
2026-07-31,032,SAMANÁ,SAMANÁ,COMANDANCIA DE PUERTO DE SAMANÁ,EMCI,34.8,18.0,2.2,https://indomet.gob.do/wp-content/uploads/2026/08/temperaturas-extremas-y-precipitaciones-2026x07x31-a.pdf
2026-07-31,033,CABRERA,MARÍA TRINIDAD SÁNCHEZ,ESCUELA ARÍSTIDES FIALLO CABRAL,EMCI,35.7,28.5,2.0,https://indomet.gob.do/wp-content/uploads/2026/08/temperaturas-extremas-y-precipitaciones-2026x07x31-a.pdf
2026-07-31,034,LA VEGA,LA VEGA,IATESA,EMCI,36.0,23.0,1.8,https://indomet.gob.do/wp-content/uploads/2026/08/temperaturas-extremas-y-precipitaciones-2026x07x31-a.pdf
2026-07-31,035,SAN JOSÉ DE OCOA,SAN JOSÉ DE OCOA,HOSP. SAN JOSÉ DE OCOA,EMCI,33.6,21.2,1.8,https://indomet.gob.do/wp-content/uploads/2026/08/temperaturas-extremas-y-precipitaciones-2026x07x31-a.pdf
2026-07-31,036,PADRE LAS CASAS,AZUA,HOSP. NTRA. SRA. DEL CARMEN,EMCI,34.5,19.0,1.4,https://indomet.gob.do/wp-content/uploads/2026/08/temperaturas-extremas-y-precipitaciones-2026x07x31-a.pdf
2026-07-31,037,VILLA ISABELA,PUERTO PLATA,MINISTERIO DE AGRICULTURA,EMCV,34.0,22.0,1.4,https://indomet.gob.do/wp-content/uploads/2026/08/temperaturas-extremas-y-precipitaciones-2026x07x31-a.pdf
2026-07-31,038,POLO,BARAHONA,INDOCAFE,EMCI,30.5,18.6,1.2,https://indomet.gob.do/wp-content/uploads/2026/08/temperaturas-extremas-y-precipitaciones-2026x07x31-a.pdf
2026-07-31,039,JANICO (EMA),LA VEGA,PLAN SIERRA,EMAI,,,1.0,https://indomet.gob.do/wp-content/uploads/2026/08/temperaturas-extremas-y-precipitaciones-2026x07x31-a.pdf
2026-07-31,040,SABANA DE LA MAR,HATO MAYOR,INDOMET,EMCI,32.6,23.6,0.9,https://indomet.gob.do/wp-content/uploads/2026/08/temperaturas-extremas-y-precipitaciones-2026x07x31-a.pdf
2026-07-31,041,BANI (EMA),PERAVIA,MINISTERIO DE AGRICULTURA,EMAP,33.8,24.9,0.6,https://indomet.gob.do/wp-content/uploads/2026/08/temperaturas-extremas-y-precipitaciones-2026x07x31-a.pdf
2026-07-31,042,PERALTA,AZUA,HOSP. MPAL. DE PERALTA,EMCI,33.4,18.0,0.6,https://indomet.gob.do/wp-content/uploads/2026/08/temperaturas-extremas-y-precipitaciones-2026x07x31-a.pdf
2026-07-31,043,VILLA VASQUEZ (EMA),MONTE CRISTI,JUNTA DE REGANTES,EMAI,,,0.6,https://indomet.gob.do/wp-content/uploads/2026/08/temperaturas-extremas-y-precipitaciones-2026x07x31-a.pdf
2026-07-31,044,ARPT. DE PUNTA CANA,LA ALTAGRACIA,INDOMET,EMCI,32.9,24.0,0.4,https://indomet.gob.do/wp-content/uploads/2026/08/temperaturas-extremas-y-precipitaciones-2026x07x31-a.pdf
2026-07-31,045,PRESA DE TAVERAS (EMA),LA VEGA,PROGRAMA MUNDIAL DE ALIMENTO,EMAP,34.1,22.3,0.4,https://indomet.gob.do/wp-content/uploads/2026/08/temperaturas-extremas-y-precipitaciones-2026x07x31-a.pdf
2026-07-31,046,ARROYO LORO,SAN JUAN,IDIAF,EMCI,35.8,21.0,0.1,https://indomet.gob.do/wp-content/uploads/2026/08/temperaturas-extremas-y-precipitaciones-2026x07x31-a.pdf
2026-07-31,047,HONDO VALLE,ELÍAS PIÑA,MINISTERIO DE AGRICULTURA,EMCI,29.8,20.1,0.1,https://indomet.gob.do/wp-content/uploads/2026/08/temperaturas-extremas-y-precipitaciones-2026x07x31-a.pdf
2026-07-31,048,ALTAMIRA,PUERTO PLATA,HOSP. MPAL. DE ALTAMIRA,EMCI,35.6,22.3,0.0,https://indomet.gob.do/wp-content/uploads/2026/08/temperaturas-extremas-y-precipitaciones-2026x07x31-a.pdf
2026-07-31,049,ANAMUYA (EMA),LA ALTAGRACIA,MINISTERIO DE AGRICULTURA,EMAP,34.5,24.2,0.0,https://indomet.gob.do/wp-content/uploads/2026/08/temperaturas-extremas-y-precipitaciones-2026x07x31-a.pdf
2026-07-31,050,ARPT. DE LA ROMANA,LA ROMANA,INDOMET,EMCI,35.0,24.2,0.0,https://indomet.gob.do/wp-content/uploads/2026/08/temperaturas-extremas-y-precipitaciones-2026x07x31-a.pdf
2026-07-31,051,ARPT. DEL CIBAO,SANTIAGO,INDOMET,EMCI,34.5,24.2,0.0,https://indomet.gob.do/wp-content/uploads/2026/08/temperaturas-extremas-y-precipitaciones-2026x07x31-a.pdf
2026-07-31,052,ARPT. GREGORIO LUPERÓN,PUERTO PLATA,INDOMET,EMCI,33.5,24.6,0.0,https://indomet.gob.do/wp-content/uploads/2026/08/temperaturas-extremas-y-precipitaciones-2026x07x31-a.pdf
2026-07-31,053,ARPT. MARÍA MONTEZ,BARAHONA,INDOMET,EMCI,34.3,25.8,0.0,https://indomet.gob.do/wp-content/uploads/2026/08/temperaturas-extremas-y-precipitaciones-2026x07x31-a.pdf
2026-07-31,054,BOCA DE MAO (EMA),VALVERDE,MINISTERIO DE AGRICULTURA,EMAP,38.3,24.9,0.0,https://indomet.gob.do/wp-content/uploads/2026/08/temperaturas-extremas-y-precipitaciones-2026x07x31-a.pdf
2026-07-31,055,DAJABÓN,DAJABÓN,INSTITUTO POLITÉCNICO LOYOLA,EMCI,35.8,23.1,0.0,https://indomet.gob.do/wp-content/uploads/2026/08/temperaturas-extremas-y-precipitaciones-2026x07x31-a.pdf
2026-07-31,056,ENRIQUILLO,BARAHONA,MINISTERIO DE AGRICULTURA,EMCV,34.8,24.4,0.0,https://indomet.gob.do/wp-content/uploads/2026/08/temperaturas-extremas-y-precipitaciones-2026x07x31-a.pdf
2026-07-31,057,GURABO,SANTIAGO,MINISTERIO DE AGRICULTURA,EMCV,,,0.0,https://indomet.gob.do/wp-content/uploads/2026/08/temperaturas-extremas-y-precipitaciones-2026x07x31-a.pdf
2026-07-31,058,HATO MAYOR,HATO MAYOR,MINISTERIO DE AGRICULTURA,EMCV,,,0.0,https://indomet.gob.do/wp-content/uploads/2026/08/temperaturas-extremas-y-precipitaciones-2026x07x31-a.pdf
2026-07-31,059,JARDÍN BOTÁNICO SANTIAGO (EMSANTIAGO,,JARDIN BOTANICO SANTIAGO,EMAI,,,0.0,https://indomet.gob.do/wp-content/uploads/2026/08/temperaturas-extremas-y-precipitaciones-2026x07x31-a.pdf
2026-07-31,060,JIMANÍ,INDEPENDENCIA,MINISTERIO DE AGRICULTURA,EMCI,38.0,26.4,0.0,https://indomet.gob.do/wp-content/uploads/2026/08/temperaturas-extremas-y-precipitaciones-2026x07x31-a.pdf
2026-07-31,061,LAS CANAS (EMA),MONTE CRISTI,PROGRAMA MUNDIAL DE ALIMENTO,EMAP,,,0.0,https://indomet.gob.do/wp-content/uploads/2026/08/temperaturas-extremas-y-precipitaciones-2026x07x31-a.pdf
2026-07-31,062,LOS COCOS (EMA),BAHORUCO,PRIVADA,EMAP,,,0.0,https://indomet.gob.do/wp-content/uploads/2026/08/temperaturas-extremas-y-precipitaciones-2026x07x31-a.pdf
2026-07-31,063,MAO,VALVERDE,INDRHI / MINISTERIO DE AGRICULTURA,EMCV,,,0.0,https://indomet.gob.do/wp-content/uploads/2026/08/temperaturas-extremas-y-precipitaciones-2026x07x31-a.pdf
2026-07-31,064,MICHES (EMA),EL SEIBO,PRIVADA,EMAP,32.4,23.3,0.0,https://indomet.gob.do/wp-content/uploads/2026/08/temperaturas-extremas-y-precipitaciones-2026x07x31-a.pdf
2026-07-31,065,MONCIÓN (EMA),SANTIAGO RODRÍGUEZ,PROGRAMA MUNDIAL DE ALIMENTO,EMAP,34.7,21.1,0.0,https://indomet.gob.do/wp-content/uploads/2026/08/temperaturas-extremas-y-precipitaciones-2026x07x31-a.pdf
2026-07-31,066,MONTE CRISTI,MONTE CRISTI,INDOMET,EMCI,35.2,26.0,0.0,https://indomet.gob.do/wp-content/uploads/2026/08/temperaturas-extremas-y-precipitaciones-2026x07x31-a.pdf
2026-07-31,067,OLIVARES,PEDERNALES,INDRHI,EMCI,,,0.0,https://indomet.gob.do/wp-content/uploads/2026/08/temperaturas-extremas-y-precipitaciones-2026x07x31-a.pdf
2026-07-31,068,OVIEDO,PEDERNALES,CLÍNICA RURAL OVIEDO,EMCI,35.0,26.2,0.0,https://indomet.gob.do/wp-content/uploads/2026/08/temperaturas-extremas-y-precipitaciones-2026x07x31-a.pdf
2026-07-31,069,PALO ÍNDIO,PUERTO PLATA,MINISTERIO DE AGRICULTURA,EMCI,,,0.0,https://indomet.gob.do/wp-content/uploads/2026/08/temperaturas-extremas-y-precipitaciones-2026x07x31-a.pdf
2026-07-31,070,PEDERNALES,PEDERNALES,INDRHI,EMCI,,,0.0,https://indomet.gob.do/wp-content/uploads/2026/08/temperaturas-extremas-y-precipitaciones-2026x07x31-a.pdf
2026-07-31,071,RESTAURACIÓN,DAJABÓN,MINISTERIO DE AGRICULTURA,EMCI,34.1,19.0,0.0,https://indomet.gob.do/wp-content/uploads/2026/08/temperaturas-extremas-y-precipitaciones-2026x07x31-a.pdf
2026-07-31,072,SABANA GRANDE DE BOYÁ,MONTE PLATA,MINISTERIO DE AGRICULTURA,EMCV,,,0.0,https://indomet.gob.do/wp-content/uploads/2026/08/temperaturas-extremas-y-precipitaciones-2026x07x31-a.pdf
2026-07-31,073,SABANETA (EMA),SANTIAGO RODRÍGUEZ,PROGRAMA MUNDIAL DE ALIMENTO,EMAP,38.5,23.9,0.0,https://indomet.gob.do/wp-content/uploads/2026/08/temperaturas-extremas-y-precipitaciones-2026x07x31-a.pdf
2026-07-31,074,SAJOMA (EMA),SANTIAGO,PLAN SIERRA,EMAI,34.2,25.6,0.0,https://indomet.gob.do/wp-content/uploads/2026/08/temperaturas-extremas-y-precipitaciones-2026x07x31-a.pdf
2026-07-31,075,SALCEDO,HERMANAS MIRABAL,PROPIEDAD DEL EMPLEADO,EMCI,,,0.0,https://indomet.gob.do/wp-content/uploads/2026/08/temperaturas-extremas-y-precipitaciones-2026x07x31-a.pdf
2026-07-31,076,SAN RAFAEL DEL YUMA,LA ALTAGRACIA,MINISTERIO DE AGRICULTURA,EMCI,36.0,24.0,0.0,https://indomet.gob.do/wp-content/uploads/2026/08/temperaturas-extremas-y-precipitaciones-2026x07x31-a.pdf
2026-07-31,077,SANTIAGO RODRÍGUEZ,SANTIAGO RODRÍGUEZ,INDOMET,EMCI,38.5,24.3,0.0,https://indomet.gob.do/wp-content/uploads/2026/08/temperaturas-extremas-y-precipitaciones-2026x07x31-a.pdf
2026-07-31,078,TÁBARA ABAJO,AZUA,INDRHI,EMCI,33.5,20.0,0.0,https://indomet.gob.do/wp-content/uploads/2026/08/temperaturas-extremas-y-precipitaciones-2026x07x31-a.pdf
2026-07-31,079,VILLA GONZALES,SANTIAGO,MINISTERIO DE AGRICULTURA,EMCI,,,0.0,https://indomet.gob.do/wp-content/uploads/2026/08/temperaturas-extremas-y-precipitaciones-2026x07x31-a.pdf
2026-08-01,001,SABANA GRANDE DE BOYÁ,MONTE PLATA,MINISTERIO DE AGRICULTURA,EMCV,,,16.5,https://indomet.gob.do/wp-content/uploads/2026/08/Temperaturas-extremas-y-precipitaciones-de-Agosto-2026-X08X01.pdf
2026-08-01,002,SÁNCHEZ,SAMANÁ,MINISTERIO DE AGRICULTURA,EMCI,33.3,24.7,14.9,https://indomet.gob.do/wp-content/uploads/2026/08/Temperaturas-extremas-y-precipitaciones-de-Agosto-2026-X08X01.pdf
2026-08-01,003,POLO,BARAHONA,INDOCAFE,EMCI,29.2,20.4,13.6,https://indomet.gob.do/wp-content/uploads/2026/08/Temperaturas-extremas-y-precipitaciones-de-Agosto-2026-X08X01.pdf
2026-08-01,004,ENRIQUILLO,BARAHONA,MINISTERIO DE AGRICULTURA,EMCV,34.0,23.0,6.2,https://indomet.gob.do/wp-content/uploads/2026/08/Temperaturas-extremas-y-precipitaciones-de-Agosto-2026-X08X01.pdf
2026-08-01,005,ANAMUYA (EMA),LA ALTAGRACIA,MINISTERIO DE AGRICULTURA,EMAP,33.4,25.1,5.2,https://indomet.gob.do/wp-content/uploads/2026/08/Temperaturas-extremas-y-precipitaciones-de-Agosto-2026-X08X01.pdf
2026-08-01,006,ARPT. DE PUNTA CANA,LA ALTAGRACIA,INDOMET,EMCI,32.0,22.7,4.4,https://indomet.gob.do/wp-content/uploads/2026/08/Temperaturas-extremas-y-precipitaciones-de-Agosto-2026-X08X01.pdf
2026-08-01,007,SABANA DE LA MAR,HATO MAYOR,INDOMET,EMCI,32.4,23.4,4.3,https://indomet.gob.do/wp-content/uploads/2026/08/Temperaturas-extremas-y-precipitaciones-de-Agosto-2026-X08X01.pdf
2026-08-01,008,CABRAL,BARAHONA,MINISTERIO DE AGRICULTURA,EMCV,34.5,25.5,3.4,https://indomet.gob.do/wp-content/uploads/2026/08/Temperaturas-extremas-y-precipitaciones-de-Agosto-2026-X08X01.pdf
2026-08-01,009,ARPT. DE LA ROMANA,LA ROMANA,INDOMET,EMCI,31.5,23.0,2.8,https://indomet.gob.do/wp-content/uploads/2026/08/Temperaturas-extremas-y-precipitaciones-de-Agosto-2026-X08X01.pdf
2026-08-01,010,GASPAR HERNÁNDEZ,ESPAILLAT,PROPIEDAD DEL EMPLEADO,EMCI,,,2.0,https://indomet.gob.do/wp-content/uploads/2026/08/Temperaturas-extremas-y-precipitaciones-de-Agosto-2026-X08X01.pdf
2026-08-01,011,BAYAGUANA,MONTE PLATA,INDOMET,EMCI,33.4,22.0,1.9,https://indomet.gob.do/wp-content/uploads/2026/08/Temperaturas-extremas-y-precipitaciones-de-Agosto-2026-X08X01.pdf
2026-08-01,012,OVIEDO,PEDERNALES,CLÍNICA RURAL OVIEDO,EMCI,34.0,25.0,1.4,https://indomet.gob.do/wp-content/uploads/2026/08/Temperaturas-extremas-y-precipitaciones-de-Agosto-2026-X08X01.pdf
2026-08-01,013,EL MILLON (EMA),DISTRITO NACIONAL,PRIVADA,EMAP,,,1.3,https://indomet.gob.do/wp-content/uploads/2026/08/Temperaturas-extremas-y-precipitaciones-de-Agosto-2026-X08X01.pdf
2026-08-01,014,BANI (EMA),PERAVIA,MINISTERIO DE AGRICULTURA,EMAP,33.2,25.2,1.2,https://indomet.gob.do/wp-content/uploads/2026/08/Temperaturas-extremas-y-precipitaciones-de-Agosto-2026-X08X01.pdf
2026-08-01,015,JARABACOA,LA VEGA,INDRHI / MARENA,EMCI,33.2,18.0,1.0,https://indomet.gob.do/wp-content/uploads/2026/08/Temperaturas-extremas-y-precipitaciones-de-Agosto-2026-X08X01.pdf
2026-08-01,016,RANCHO ARRIBA,SAN JOSÉ DE OCOA,CENTRO TECNOLÓGICO COMUNITARIO,EMCI,32.3,19.2,0.7,https://indomet.gob.do/wp-content/uploads/2026/08/Temperaturas-extremas-y-precipitaciones-de-Agosto-2026-X08X01.pdf
2026-08-01,017,VILLA ALTAGRACIA,SAN CRISTÓBAL,ESCUELA JAVIER ANGULO GURIDI,EMCI,,,0.6,https://indomet.gob.do/wp-content/uploads/2026/08/Temperaturas-extremas-y-precipitaciones-de-Agosto-2026-X08X01.pdf
2026-08-01,018,LA VICTORIA,SANTO DOMINGO,CUERPO DE BOMBEROS,EMCI,34.5,23.6,0.5,https://indomet.gob.do/wp-content/uploads/2026/08/Temperaturas-extremas-y-precipitaciones-de-Agosto-2026-X08X01.pdf
2026-08-01,019,BUCARA (EMA),SANTIAGO,MINISTERIO DE AGRICULTURA,EMAI,,,0.4,https://indomet.gob.do/wp-content/uploads/2026/08/Temperaturas-extremas-y-precipitaciones-de-Agosto-2026-X08X01.pdf
2026-08-01,020,SAMANÁ,SAMANÁ,COMANDANCIA DE PUERTO DE SAMANÁ,EMCI,34.7,19.9,0.4,https://indomet.gob.do/wp-content/uploads/2026/08/Temperaturas-extremas-y-precipitaciones-de-Agosto-2026-X08X01.pdf
2026-08-01,021,SAN RAFAEL DEL YUMA,LA ALTAGRACIA,MINISTERIO DE AGRICULTURA,EMCI,33.5,24.4,0.3,https://indomet.gob.do/wp-content/uploads/2026/08/Temperaturas-extremas-y-precipitaciones-de-Agosto-2026-X08X01.pdf
2026-08-01,022,VILLA RIVA,DUARTE,HOSP. MPAL. ALICIA DE LEGENDRE,EMCI,33.0,23.0,0.3,https://indomet.gob.do/wp-content/uploads/2026/08/Temperaturas-extremas-y-precipitaciones-de-Agosto-2026-X08X01.pdf
2026-08-01,023,PRESA DE TAVERAS (EMA),LA VEGA,PROGRAMA MUNDIAL DE ALIMENTO,EMAP,31.0,22.6,0.2,https://indomet.gob.do/wp-content/uploads/2026/08/Temperaturas-extremas-y-precipitaciones-de-Agosto-2026-X08X01.pdf
2026-08-01,024,ARPT. LA ISABELA,SANTO DOMINGO,INDOMET,EMCI,34.3,22.1,0.1,https://indomet.gob.do/wp-content/uploads/2026/08/Temperaturas-extremas-y-precipitaciones-de-Agosto-2026-X08X01.pdf
2026-08-01,025,ARROYO LORO,SAN JUAN,IDIAF,EMCI,35.0,21.7,0.1,https://indomet.gob.do/wp-content/uploads/2026/08/Temperaturas-extremas-y-precipitaciones-de-Agosto-2026-X08X01.pdf
2026-08-01,026,ESCONDIDO,PERAVIA,MINISTERIO DE AGRICULTURA,EMCV,33.0,25.0,0.1,https://indomet.gob.do/wp-content/uploads/2026/08/Temperaturas-extremas-y-precipitaciones-de-Agosto-2026-X08X01.pdf
2026-08-01,027,PERALTA,AZUA,HOSP. MPAL. DE PERALTA,EMCI,34.3,20.9,0.1,https://indomet.gob.do/wp-content/uploads/2026/08/Temperaturas-extremas-y-precipitaciones-de-Agosto-2026-X08X01.pdf
2026-08-01,028,ALTAMIRA,PUERTO PLATA,HOSP. MPAL. DE ALTAMIRA,EMCI,36.9,22.5,0.0,https://indomet.gob.do/wp-content/uploads/2026/08/Temperaturas-extremas-y-precipitaciones-de-Agosto-2026-X08X01.pdf
2026-08-01,029,ALTO BANDERA (EMA),LA VEGA,INTEC,EMAP,18.7,9.8,0.0,https://indomet.gob.do/wp-content/uploads/2026/08/Temperaturas-extremas-y-precipitaciones-de-Agosto-2026-X08X01.pdf
2026-08-01,030,ARPT. ARROYO BARRIL,SAMANÁ,INDOMET,EMCI,32.7,23.9,0.0,https://indomet.gob.do/wp-content/uploads/2026/08/Temperaturas-extremas-y-precipitaciones-de-Agosto-2026-X08X01.pdf
2026-08-01,031,ARPT. DE LAS AMÉRICAS,SANTO DOMINGO,INDOMET,EMCI,33.4,23.4,0.0,https://indomet.gob.do/wp-content/uploads/2026/08/Temperaturas-extremas-y-precipitaciones-de-Agosto-2026-X08X01.pdf
2026-08-01,032,ARPT. DEL CIBAO,SANTIAGO,INDOMET,EMCI,35.0,23.8,0.0,https://indomet.gob.do/wp-content/uploads/2026/08/Temperaturas-extremas-y-precipitaciones-de-Agosto-2026-X08X01.pdf
2026-08-01,033,ARPT. EL CATEY,SAMANÁ,INDOMET,EMCI,32.0,,0.0,https://indomet.gob.do/wp-content/uploads/2026/08/Temperaturas-extremas-y-precipitaciones-de-Agosto-2026-X08X01.pdf
2026-08-01,034,ARPT. GREGORIO LUPERÓN,PUERTO PLATA,INDOMET,EMCI,33.0,23.0,0.0,https://indomet.gob.do/wp-content/uploads/2026/08/Temperaturas-extremas-y-precipitaciones-de-Agosto-2026-X08X01.pdf
2026-08-01,035,ARPT. MARÍA MONTEZ,BARAHONA,INDOMET,EMCI,34.2,25.6,0.0,https://indomet.gob.do/wp-content/uploads/2026/08/Temperaturas-extremas-y-precipitaciones-de-Agosto-2026-X08X01.pdf
2026-08-01,036,BOCA DE MAO (EMA),VALVERDE,MINISTERIO DE AGRICULTURA,EMAP,38.0,25.7,0.0,https://indomet.gob.do/wp-content/uploads/2026/08/Temperaturas-extremas-y-precipitaciones-de-Agosto-2026-X08X01.pdf
2026-08-01,037,CABRERA,MARÍA TRINIDAD SÁNCHEZ,ESCUELA ARÍSTIDES FIALLO CABRAL,EMCI,34.6,26.0,0.0,https://indomet.gob.do/wp-content/uploads/2026/08/Temperaturas-extremas-y-precipitaciones-de-Agosto-2026-X08X01.pdf
2026-08-01,038,CENTRO DE LOS HEROES (EMA),DISTRITO NACIONAL,MINISTERIO DE ENERGIA Y MINA,EMAP,32.3,26.8,0.0,https://indomet.gob.do/wp-content/uploads/2026/08/Temperaturas-extremas-y-precipitaciones-de-Agosto-2026-X08X01.pdf
2026-08-01,039,CONSTANZA,LA VEGA,MINISTERIO DE AGRICULTURA,EMCI,28.4,14.5,0.0,https://indomet.gob.do/wp-content/uploads/2026/08/Temperaturas-extremas-y-precipitaciones-de-Agosto-2026-X08X01.pdf
2026-08-01,040,CONSTANZA (EMA),LA VEGA,PROGRAMA MUNDIAL DE ALIMENTO,EMAP,27.4,16.7,0.0,https://indomet.gob.do/wp-content/uploads/2026/08/Temperaturas-extremas-y-precipitaciones-de-Agosto-2026-X08X01.pdf
2026-08-01,041,DAJABÓN,DAJABÓN,INSTITUTO POLITÉCNICO LOYOLA,EMCI,36.6,22.0,0.0,https://indomet.gob.do/wp-content/uploads/2026/08/Temperaturas-extremas-y-precipitaciones-de-Agosto-2026-X08X01.pdf
2026-08-01,042,ELÍAS PIÑA,ELÍAS PIÑA,MINISTERIO DE AGRICULTURA,EMCV,,,0.0,https://indomet.gob.do/wp-content/uploads/2026/08/Temperaturas-extremas-y-precipitaciones-de-Agosto-2026-X08X01.pdf
2026-08-01,043,ENSANCHE LA FE (EMA),DISTRITO NACIONAL,PRIVADA,EMAP,,,0.0,https://indomet.gob.do/wp-content/uploads/2026/08/Temperaturas-extremas-y-precipitaciones-de-Agosto-2026-X08X01.pdf
2026-08-01,044,GURABO,SANTIAGO,MINISTERIO DE AGRICULTURA,EMCV,,,0.0,https://indomet.gob.do/wp-content/uploads/2026/08/Temperaturas-extremas-y-precipitaciones-de-Agosto-2026-X08X01.pdf
2026-08-01,045,HONDO VALLE,ELÍAS PIÑA,MINISTERIO DE AGRICULTURA,EMCI,29.3,19.7,0.0,https://indomet.gob.do/wp-content/uploads/2026/08/Temperaturas-extremas-y-precipitaciones-de-Agosto-2026-X08X01.pdf
2026-08-01,046,JARABACOA (EMA),LA VEGA,PROGRAMA MUNDIAL DE ALIMENTO,EMAP,32.7,19.8,0.0,https://indomet.gob.do/wp-content/uploads/2026/08/Temperaturas-extremas-y-precipitaciones-de-Agosto-2026-X08X01.pdf
2026-08-01,047,JARDÍN BOTÁNICO SANTIAGO (EMSANTIAGO,,JARDIN BOTANICO SANTIAGO,EMAI,,,0.0,https://indomet.gob.do/wp-content/uploads/2026/08/Temperaturas-extremas-y-precipitaciones-de-Agosto-2026-X08X01.pdf
2026-08-01,048,JIMANÍ,INDEPENDENCIA,MINISTERIO DE AGRICULTURA,EMCI,36.6,26.2,0.0,https://indomet.gob.do/wp-content/uploads/2026/08/Temperaturas-extremas-y-precipitaciones-de-Agosto-2026-X08X01.pdf
2026-08-01,049,JUMA BEJUCAL,MONSEÑOR NOUEL,IDIAF,EMCV,33.8,24.2,0.0,https://indomet.gob.do/wp-content/uploads/2026/08/Temperaturas-extremas-y-precipitaciones-de-Agosto-2026-X08X01.pdf
2026-08-01,050,LA AGUSTINA (EMA),DISTRITO NACIONAL,PRIVADA,EMAP,,,0.0,https://indomet.gob.do/wp-content/uploads/2026/08/Temperaturas-extremas-y-precipitaciones-de-Agosto-2026-X08X01.pdf
2026-08-01,051,LA VEGA,LA VEGA,IATESA,EMCI,36.2,23.5,0.0,https://indomet.gob.do/wp-content/uploads/2026/08/Temperaturas-extremas-y-precipitaciones-de-Agosto-2026-X08X01.pdf
2026-08-01,052,LAS CANAS (EMA),MONTE CRISTI,PROGRAMA MUNDIAL DE ALIMENTO,EMAP,32.7,25.6,0.0,https://indomet.gob.do/wp-content/uploads/2026/08/Temperaturas-extremas-y-precipitaciones-de-Agosto-2026-X08X01.pdf
2026-08-01,053,LOS CACICAZGOS (EMA),DISTRITO NACIONAL,PRIVADA,EMAP,,,0.0,https://indomet.gob.do/wp-content/uploads/2026/08/Temperaturas-extremas-y-precipitaciones-de-Agosto-2026-X08X01.pdf
2026-08-01,054,LOS COCOS (EMA),BAHORUCO,PRIVADA,EMAP,,,0.0,https://indomet.gob.do/wp-content/uploads/2026/08/Temperaturas-extremas-y-precipitaciones-de-Agosto-2026-X08X01.pdf
2026-08-01,055,LOS JARDINES (EMA),DISTRITO NACIONAL,PRIVADA,EMAP,,,0.0,https://indomet.gob.do/wp-content/uploads/2026/08/Temperaturas-extremas-y-precipitaciones-de-Agosto-2026-X08X01.pdf
2026-08-01,056,LOS LLANOS,SAN PEDRO DE MACORÍS,MINISTERIO DE AGRICULTURA,EMCI,33.6,23.5,0.0,https://indomet.gob.do/wp-content/uploads/2026/08/Temperaturas-extremas-y-precipitaciones-de-Agosto-2026-X08X01.pdf
2026-08-01,057,LOS PRADOS (EMA),DISTRITO NACIONAL,PRIVADA,EMAP,,,0.0,https://indomet.gob.do/wp-content/uploads/2026/08/Temperaturas-extremas-y-precipitaciones-de-Agosto-2026-X08X01.pdf
2026-08-01,058,MAO,VALVERDE,INDRHI / MINISTERIO DE AGRICULTURA,EMCV,,,0.0,https://indomet.gob.do/wp-content/uploads/2026/08/Temperaturas-extremas-y-precipitaciones-de-Agosto-2026-X08X01.pdf
2026-08-01,059,MICHES (EMA),EL SEIBO,PRIVADA,EMAP,,,0.0,https://indomet.gob.do/wp-content/uploads/2026/08/Temperaturas-extremas-y-precipitaciones-de-Agosto-2026-X08X01.pdf
2026-08-01,060,MONCIÓN (EMA),SANTIAGO RODRÍGUEZ,PROGRAMA MUNDIAL DE ALIMENTO,EMAP,34.7,21.8,0.0,https://indomet.gob.do/wp-content/uploads/2026/08/Temperaturas-extremas-y-precipitaciones-de-Agosto-2026-X08X01.pdf
2026-08-01,061,MONTE CRISTI,MONTE CRISTI,INDOMET,EMCI,36.2,25.0,0.0,https://indomet.gob.do/wp-content/uploads/2026/08/Temperaturas-extremas-y-precipitaciones-de-Agosto-2026-X08X01.pdf
2026-08-01,062,NAVARRETE,SANTIAGO,MINISTERIO DE AGRICULTURA,EMCV,,,0.0,https://indomet.gob.do/wp-content/uploads/2026/08/Temperaturas-extremas-y-precipitaciones-de-Agosto-2026-X08X01.pdf
2026-08-01,063,OLIVARES,PEDERNALES,INDRHI,EMCI,,,0.0,https://indomet.gob.do/wp-content/uploads/2026/08/Temperaturas-extremas-y-precipitaciones-de-Agosto-2026-X08X01.pdf
2026-08-01,064,PADRE LAS CASAS,AZUA,HOSP. NTRA. SRA. DEL CARMEN,EMCI,33.5,19.5,0.0,https://indomet.gob.do/wp-content/uploads/2026/08/Temperaturas-extremas-y-precipitaciones-de-Agosto-2026-X08X01.pdf
2026-08-01,065,PALO ÍNDIO,PUERTO PLATA,MINISTERIO DE AGRICULTURA,EMCI,,,0.0,https://indomet.gob.do/wp-content/uploads/2026/08/Temperaturas-extremas-y-precipitaciones-de-Agosto-2026-X08X01.pdf
2026-08-01,066,PEDERNALES,PEDERNALES,INDRHI,EMCI,,,0.0,https://indomet.gob.do/wp-content/uploads/2026/08/Temperaturas-extremas-y-precipitaciones-de-Agosto-2026-X08X01.pdf
2026-08-01,067,PROLONGACION 27 DE FEBRERO,DISTRITO NACIONAL,PRIVADA,EMAP,,,0.0,https://indomet.gob.do/wp-content/uploads/2026/08/Temperaturas-extremas-y-precipitaciones-de-Agosto-2026-X08X01.pdf
2026-08-01,068,RESTAURACIÓN,DAJABÓN,MINISTERIO DE AGRICULTURA,EMCI,34.4,19.3,0.0,https://indomet.gob.do/wp-content/uploads/2026/08/Temperaturas-extremas-y-precipitaciones-de-Agosto-2026-X08X01.pdf
2026-08-01,069,RÍO SAN JUAN,MARÍA TRINIDAD SÁNCHEZ,HOSP. MPAL. DR. DESIDERIO ACOSTA,EMCV,35.0,26.0,0.0,https://indomet.gob.do/wp-content/uploads/2026/08/Temperaturas-extremas-y-precipitaciones-de-Agosto-2026-X08X01.pdf
2026-08-01,070,SABANETA (EMA),SANTIAGO RODRÍGUEZ,PROGRAMA MUNDIAL DE ALIMENTO,EMAP,38.4,24.2,0.0,https://indomet.gob.do/wp-content/uploads/2026/08/Temperaturas-extremas-y-precipitaciones-de-Agosto-2026-X08X01.pdf
2026-08-01,071,SAJOMA (EMA),SANTIAGO,PLAN SIERRA,EMAI,,,0.0,https://indomet.gob.do/wp-content/uploads/2026/08/Temperaturas-extremas-y-precipitaciones-de-Agosto-2026-X08X01.pdf
2026-08-01,072,SALCEDO,HERMANAS MIRABAL,PROPIEDAD DEL EMPLEADO,EMCI,,,0.0,https://indomet.gob.do/wp-content/uploads/2026/08/Temperaturas-extremas-y-precipitaciones-de-Agosto-2026-X08X01.pdf
2026-08-01,073,SAN CRISTÓBAL,SAN CRISTÓBAL,INSTITUTO POLITÉCNICO LOYOLA,EMCI,32.5,22.0,0.0,https://indomet.gob.do/wp-content/uploads/2026/08/Temperaturas-extremas-y-precipitaciones-de-Agosto-2026-X08X01.pdf
2026-08-01,074,SAN JOSÉ DE OCOA,SAN JOSÉ DE OCOA,HOSP. SAN JOSÉ DE OCOA,EMCI,33.8,22.9,0.0,https://indomet.gob.do/wp-content/uploads/2026/08/Temperaturas-extremas-y-precipitaciones-de-Agosto-2026-X08X01.pdf
2026-08-01,075,SANTIAGO RODRÍGUEZ,SANTIAGO RODRÍGUEZ,INDOMET,EMCI,39.0,25.1,0.0,https://indomet.gob.do/wp-content/uploads/2026/08/Temperaturas-extremas-y-precipitaciones-de-Agosto-2026-X08X01.pdf
2026-08-01,076,SANTO DOMINGO ESTE,SANTO DOMINGO,INDOMET,EMCI,32.5,25.2,0.0,https://indomet.gob.do/wp-content/uploads/2026/08/Temperaturas-extremas-y-precipitaciones-de-Agosto-2026-X08X01.pdf
2026-08-01,077,TÁBARA ABAJO,AZUA,INDRHI,EMCI,32.5,21.0,0.0,https://indomet.gob.do/wp-content/uploads/2026/08/Temperaturas-extremas-y-precipitaciones-de-Agosto-2026-X08X01.pdf
2026-08-01,078,VILLA GONZALES,SANTIAGO,MINISTERIO DE AGRICULTURA,EMCI,,,0.0,https://indomet.gob.do/wp-content/uploads/2026/08/Temperaturas-extremas-y-precipitaciones-de-Agosto-2026-X08X01.pdf
2026-08-01,079,VILLA ISABELA,PUERTO PLATA,MINISTERIO DE AGRICULTURA,EMCV,35.8,21.5,0.0,https://indomet.gob.do/wp-content/uploads/2026/08/Temperaturas-extremas-y-precipitaciones-de-Agosto-2026-X08X01.pdf
2026-08-01,080,VILLA VASQUEZ (EMA),MONTE CRISTI,JUNTA DE REGANTES,EMAI,,,0.0,https://indomet.gob.do/wp-content/uploads/2026/08/Temperaturas-extremas-y-precipitaciones-de-Agosto-2026-X08X01.pdf
2026-08-02,001,ARPT. MARÍA MONTEZ,BARAHONA,INDOMET,EMCI,33.8,27.8,48.6,https://indomet.gob.do/wp-content/uploads/2026/08/temperaturas-extremas-y-precipitaciones-2026x08x02-a.pdf
2026-08-02,002,BAYAGUANA,MONTE PLATA,INDOMET,EMCI,33.6,22.6,41.4,https://indomet.gob.do/wp-content/uploads/2026/08/temperaturas-extremas-y-precipitaciones-2026x08x02-a.pdf
2026-08-02,003,BUCARA (EMA),SANTIAGO,MINISTERIO DE AGRICULTURA,EMAI,,,37.2,https://indomet.gob.do/wp-content/uploads/2026/08/temperaturas-extremas-y-precipitaciones-2026x08x02-a.pdf
2026-08-02,004,CABRAL,BARAHONA,MINISTERIO DE AGRICULTURA,EMCV,35.7,22.0,27.4,https://indomet.gob.do/wp-content/uploads/2026/08/temperaturas-extremas-y-precipitaciones-2026x08x02-a.pdf
2026-08-02,005,TAMBORIL,SANTIAGO,MINISTERIO DE AGRICULTURA,EMCV,,,26.7,https://indomet.gob.do/wp-content/uploads/2026/08/temperaturas-extremas-y-precipitaciones-2026x08x02-a.pdf
2026-08-02,006,SANTIAGO RODRÍGUEZ,SANTIAGO RODRÍGUEZ,INDOMET,EMCI,38.3,23.4,26.2,https://indomet.gob.do/wp-content/uploads/2026/08/temperaturas-extremas-y-precipitaciones-2026x08x02-a.pdf
2026-08-02,007,ARROYO LORO,SAN JUAN,IDIAF,EMCI,35.0,19.8,25.4,https://indomet.gob.do/wp-content/uploads/2026/08/temperaturas-extremas-y-precipitaciones-2026x08x02-a.pdf
2026-08-02,008,ELÍAS PIÑA,ELÍAS PIÑA,MINISTERIO DE AGRICULTURA,EMCV,,,24.0,https://indomet.gob.do/wp-content/uploads/2026/08/temperaturas-extremas-y-precipitaciones-2026x08x02-a.pdf
2026-08-02,009,SÁNCHEZ,SAMANÁ,MINISTERIO DE AGRICULTURA,EMCI,32.7,23.7,18.8,https://indomet.gob.do/wp-content/uploads/2026/08/temperaturas-extremas-y-precipitaciones-2026x08x02-a.pdf
2026-08-02,010,LOS LLANOS,SAN PEDRO DE MACORÍS,MINISTERIO DE AGRICULTURA,EMCI,33.3,23.3,18.4,https://indomet.gob.do/wp-content/uploads/2026/08/temperaturas-extremas-y-precipitaciones-2026x08x02-a.pdf
2026-08-02,011,PADRE LAS CASAS,AZUA,HOSP. NTRA. SRA. DEL CARMEN,EMCI,34.0,19.3,15.2,https://indomet.gob.do/wp-content/uploads/2026/08/temperaturas-extremas-y-precipitaciones-2026x08x02-a.pdf
2026-08-02,012,VILLA GONZALES,SANTIAGO,MINISTERIO DE AGRICULTURA,EMCI,,,14.7,https://indomet.gob.do/wp-content/uploads/2026/08/temperaturas-extremas-y-precipitaciones-2026x08x02-a.pdf
2026-08-02,013,ARPT. EL CATEY,SAMANÁ,INDOMET,EMCI,32.0,,14.2,https://indomet.gob.do/wp-content/uploads/2026/08/temperaturas-extremas-y-precipitaciones-2026x08x02-a.pdf
2026-08-02,014,ARPT. LA ISABELA,SANTO DOMINGO,INDOMET,EMCI,33.2,21.2,14.2,https://indomet.gob.do/wp-content/uploads/2026/08/temperaturas-extremas-y-precipitaciones-2026x08x02-a.pdf
2026-08-02,015,VILLA VASQUEZ (EMA),MONTE CRISTI,JUNTA DE REGANTES,EMAI,,,11.6,https://indomet.gob.do/wp-content/uploads/2026/08/temperaturas-extremas-y-precipitaciones-2026x08x02-a.pdf
2026-08-02,016,SALCEDO,HERMANAS MIRABAL,PROPIEDAD DEL EMPLEADO,EMCI,,,10.9,https://indomet.gob.do/wp-content/uploads/2026/08/temperaturas-extremas-y-precipitaciones-2026x08x02-a.pdf
2026-08-02,017,ARPT. DEL CIBAO,SANTIAGO,INDOMET,EMCI,36.7,22.9,10.0,https://indomet.gob.do/wp-content/uploads/2026/08/temperaturas-extremas-y-precipitaciones-2026x08x02-a.pdf
2026-08-02,018,PARQUE MIRADOR SUR,DISTRITO NACIONAL,AYUNTAMIENTO,EMCV,35.0,24.0,10.0,https://indomet.gob.do/wp-content/uploads/2026/08/temperaturas-extremas-y-precipitaciones-2026x08x02-a.pdf
2026-08-02,019,VILLA ISABELA,PUERTO PLATA,MINISTERIO DE AGRICULTURA,EMCV,35.0,22.0,9.5,https://indomet.gob.do/wp-content/uploads/2026/08/temperaturas-extremas-y-precipitaciones-2026x08x02-a.pdf
2026-08-02,020,SANTIAGO (CENTRO),SANTIAGO,HUACALITO,EMCI,,,9.4,https://indomet.gob.do/wp-content/uploads/2026/08/temperaturas-extremas-y-precipitaciones-2026x08x02-a.pdf
2026-08-02,021,GURABO,SANTIAGO,MINISTERIO DE AGRICULTURA,EMCV,,,8.6,https://indomet.gob.do/wp-content/uploads/2026/08/temperaturas-extremas-y-precipitaciones-2026x08x02-a.pdf
2026-08-02,022,SABANA GRANDE DE BOYÁ,MONTE PLATA,MINISTERIO DE AGRICULTURA,EMCV,,,8.6,https://indomet.gob.do/wp-content/uploads/2026/08/temperaturas-extremas-y-precipitaciones-2026x08x02-a.pdf
2026-08-02,023,LA VICTORIA,SANTO DOMINGO,CUERPO DE BOMBEROS,EMCI,29.0,22.0,8.2,https://indomet.gob.do/wp-content/uploads/2026/08/temperaturas-extremas-y-precipitaciones-2026x08x02-a.pdf
2026-08-02,024,VILLA ALTAGRACIA,SAN CRISTÓBAL,ESCUELA JAVIER ANGULO GURIDI,EMCI,,,7.3,https://indomet.gob.do/wp-content/uploads/2026/08/temperaturas-extremas-y-precipitaciones-2026x08x02-a.pdf
2026-08-02,025,TAVERA,SANTIAGO,INDRHI,EMCI,,,7.2,https://indomet.gob.do/wp-content/uploads/2026/08/temperaturas-extremas-y-precipitaciones-2026x08x02-a.pdf
2026-08-02,026,PARQUE MIRADOR NORTE,SANTO DOMINGO,AYUNTAMIENTO,EMCV,,,6.9,https://indomet.gob.do/wp-content/uploads/2026/08/temperaturas-extremas-y-precipitaciones-2026x08x02-a.pdf
2026-08-02,027,JARABACOA,LA VEGA,INDRHI / MARENA,EMCI,33.4,18.6,6.7,https://indomet.gob.do/wp-content/uploads/2026/08/temperaturas-extremas-y-precipitaciones-2026x08x02-a.pdf
2026-08-02,028,JARABACOA (EMA),LA VEGA,PROGRAMA MUNDIAL DE ALIMENTO,EMAP,32.3,19.7,6.2,https://indomet.gob.do/wp-content/uploads/2026/08/temperaturas-extremas-y-precipitaciones-2026x08x02-a.pdf
2026-08-02,029,PERALTA,AZUA,HOSP. MPAL. DE PERALTA,EMCI,31.7,18.0,6.2,https://indomet.gob.do/wp-content/uploads/2026/08/temperaturas-extremas-y-precipitaciones-2026x08x02-a.pdf
2026-08-02,030,JARDÍN BOTÁNICO SANTIAGO (EMSANTIAGO,,JARDIN BOTANICO SANTIAGO,EMAI,37.2,28.4,4.8,https://indomet.gob.do/wp-content/uploads/2026/08/temperaturas-extremas-y-precipitaciones-2026x08x02-a.pdf
2026-08-02,031,ALTO BANDERA (EMA),LA VEGA,INTEC,EMAP,19.2,11.1,4.1,https://indomet.gob.do/wp-content/uploads/2026/08/temperaturas-extremas-y-precipitaciones-2026x08x02-a.pdf
2026-08-02,032,POLO,BARAHONA,INDOCAFE,EMCI,30.0,18.5,3.8,https://indomet.gob.do/wp-content/uploads/2026/08/temperaturas-extremas-y-precipitaciones-2026x08x02-a.pdf
2026-08-02,033,NAVARRETE,SANTIAGO,MINISTERIO DE AGRICULTURA,EMCV,,,3.6,https://indomet.gob.do/wp-content/uploads/2026/08/temperaturas-extremas-y-precipitaciones-2026x08x02-a.pdf
2026-08-02,034,ALTAMIRA,PUERTO PLATA,HOSP. MPAL. DE ALTAMIRA,EMCI,36.6,22.5,3.5,https://indomet.gob.do/wp-content/uploads/2026/08/temperaturas-extremas-y-precipitaciones-2026x08x02-a.pdf
2026-08-02,035,LOS JENGIBRES,NAGUA,INDRHI,EMCI,,,3.1,https://indomet.gob.do/wp-content/uploads/2026/08/temperaturas-extremas-y-precipitaciones-2026x08x02-a.pdf
2026-08-02,036,SAN RAFAEL DEL YUMA,LA ALTAGRACIA,MINISTERIO DE AGRICULTURA,EMCI,32.2,24.0,3.1,https://indomet.gob.do/wp-content/uploads/2026/08/temperaturas-extremas-y-precipitaciones-2026x08x02-a.pdf
2026-08-02,037,ARPT. DE LAS AMÉRICAS,SANTO DOMINGO,INDOMET,EMCI,33.5,23.4,3.0,https://indomet.gob.do/wp-content/uploads/2026/08/temperaturas-extremas-y-precipitaciones-2026x08x02-a.pdf
2026-08-02,038,OVIEDO,PEDERNALES,CLÍNICA RURAL OVIEDO,EMCI,34.8,26.5,3.0,https://indomet.gob.do/wp-content/uploads/2026/08/temperaturas-extremas-y-precipitaciones-2026x08x02-a.pdf
2026-08-02,039,MONTE CRISTI,MONTE CRISTI,INDOMET,EMCI,36.0,26.5,2.8,https://indomet.gob.do/wp-content/uploads/2026/08/temperaturas-extremas-y-precipitaciones-2026x08x02-a.pdf
2026-08-02,040,SAJOMA (EMA),SANTIAGO,PLAN SIERRA,EMAI,33.8,24.9,2.6,https://indomet.gob.do/wp-content/uploads/2026/08/temperaturas-extremas-y-precipitaciones-2026x08x02-a.pdf
2026-08-02,041,VILLA RIVA,DUARTE,HOSP. MPAL. ALICIA DE LEGENDRE,EMCI,32.5,23.7,2.5,https://indomet.gob.do/wp-content/uploads/2026/08/temperaturas-extremas-y-precipitaciones-2026x08x02-a.pdf
2026-08-02,042,ENRIQUILLO,BARAHONA,MINISTERIO DE AGRICULTURA,EMCV,33.8,23.0,2.4,https://indomet.gob.do/wp-content/uploads/2026/08/temperaturas-extremas-y-precipitaciones-2026x08x02-a.pdf
2026-08-02,043,ANAMUYA (EMA),LA ALTAGRACIA,MINISTERIO DE AGRICULTURA,EMAP,31.4,25.5,2.0,https://indomet.gob.do/wp-content/uploads/2026/08/temperaturas-extremas-y-precipitaciones-2026x08x02-a.pdf
2026-08-02,044,JANICO (EMA),LA VEGA,PLAN SIERRA,EMAI,,,1.6,https://indomet.gob.do/wp-content/uploads/2026/08/temperaturas-extremas-y-precipitaciones-2026x08x02-a.pdf
2026-08-02,045,JARDÍN BOTÁNICO NACIONAL,DISTRITO NACIONAL,JARDÍN BOTÁNICO NACIONAL,EMCV,32.8,22.5,1.6,https://indomet.gob.do/wp-content/uploads/2026/08/temperaturas-extremas-y-precipitaciones-2026x08x02-a.pdf
2026-08-02,046,PROLONGACION 27 DE FEBRERO,DISTRITO NACIONAL,PRIVADA,EMAP,,,1.3,https://indomet.gob.do/wp-content/uploads/2026/08/temperaturas-extremas-y-precipitaciones-2026x08x02-a.pdf
2026-08-02,047,CONSTANZA,LA VEGA,MINISTERIO DE AGRICULTURA,EMCI,29.0,13.7,1.2,https://indomet.gob.do/wp-content/uploads/2026/08/temperaturas-extremas-y-precipitaciones-2026x08x02-a.pdf
2026-08-02,048,CONSTANZA (EMA),LA VEGA,PROGRAMA MUNDIAL DE ALIMENTO,EMAP,27.7,15.9,1.0,https://indomet.gob.do/wp-content/uploads/2026/08/temperaturas-extremas-y-precipitaciones-2026x08x02-a.pdf
2026-08-02,049,ARPT. DE PUNTA CANA,LA ALTAGRACIA,INDOMET,EMCI,31.5,22.8,0.8,https://indomet.gob.do/wp-content/uploads/2026/08/temperaturas-extremas-y-precipitaciones-2026x08x02-a.pdf
2026-08-02,050,BANI (EMA),PERAVIA,MINISTERIO DE AGRICULTURA,EMAP,33.5,26.2,0.8,https://indomet.gob.do/wp-content/uploads/2026/08/temperaturas-extremas-y-precipitaciones-2026x08x02-a.pdf
2026-08-02,051,ESCONDIDO,PERAVIA,MINISTERIO DE AGRICULTURA,EMCV,34.0,24.0,0.8,https://indomet.gob.do/wp-content/uploads/2026/08/temperaturas-extremas-y-precipitaciones-2026x08x02-a.pdf
2026-08-02,052,LOS CACICAZGOS (EMA),DISTRITO NACIONAL,PRIVADA,EMAP,,,0.8,https://indomet.gob.do/wp-content/uploads/2026/08/temperaturas-extremas-y-precipitaciones-2026x08x02-a.pdf
2026-08-02,053,BONAO,MONSEÑOR NOUEL,MINISTERIO DE AGRICULTURA,EMCV,,,0.8,https://indomet.gob.do/wp-content/uploads/2026/08/temperaturas-extremas-y-precipitaciones-2026x08x02-a.pdf
2026-08-02,054,HATO MAYOR,HATO MAYOR,MINISTERIO DE AGRICULTURA,EMCV,,,0.8,https://indomet.gob.do/wp-content/uploads/2026/08/temperaturas-extremas-y-precipitaciones-2026x08x02-a.pdf
2026-08-02,055,JUMA BEJUCAL,MONSEÑOR NOUEL,IDIAF,EMCV,34.2,24.0,0.7,https://indomet.gob.do/wp-content/uploads/2026/08/temperaturas-extremas-y-precipitaciones-2026x08x02-a.pdf
2026-08-02,056,SAMANÁ,SAMANÁ,COMANDANCIA DE PUERTO DE SAMANÁ,EMCI,34.2,24.0,0.7,https://indomet.gob.do/wp-content/uploads/2026/08/temperaturas-extremas-y-precipitaciones-2026x08x02-a.pdf
2026-08-02,057,DAJABÓN,DAJABÓN,INSTITUTO POLITÉCNICO LOYOLA,EMCI,37.0,20.6,0.6,https://indomet.gob.do/wp-content/uploads/2026/08/temperaturas-extremas-y-precipitaciones-2026x08x02-a.pdf
2026-08-02,058,LOS COCOS (EMA),BAHORUCO,PRIVADA,EMAP,,,0.6,https://indomet.gob.do/wp-content/uploads/2026/08/temperaturas-extremas-y-precipitaciones-2026x08x02-a.pdf
2026-08-02,059,RÍO SAN JUAN,MARÍA TRINIDAD SÁNCHEZ,HOSP. MPAL. DR. DESIDERIO ACOSTA,EMCV,35.6,25.5,0.6,https://indomet.gob.do/wp-content/uploads/2026/08/temperaturas-extremas-y-precipitaciones-2026x08x02-a.pdf
2026-08-02,060,CENTRO DE LOS HEROES (EMA),DISTRITO NACIONAL,MINISTERIO DE ENERGIA Y MINA,EMAP,32.6,26.8,0.4,https://indomet.gob.do/wp-content/uploads/2026/08/temperaturas-extremas-y-precipitaciones-2026x08x02-a.pdf
2026-08-02,061,ARPT. DE LA ROMANA,LA ROMANA,INDOMET,EMCI,31.0,23.0,0.3,https://indomet.gob.do/wp-content/uploads/2026/08/temperaturas-extremas-y-precipitaciones-2026x08x02-a.pdf
2026-08-02,062,EL MILLON (EMA),DISTRITO NACIONAL,PRIVADA,EMAP,,,0.3,https://indomet.gob.do/wp-content/uploads/2026/08/temperaturas-extremas-y-precipitaciones-2026x08x02-a.pdf
2026-08-02,063,HONDO VALLE,ELÍAS PIÑA,MINISTERIO DE AGRICULTURA,EMCI,29.8,20.2,0.1,https://indomet.gob.do/wp-content/uploads/2026/08/temperaturas-extremas-y-precipitaciones-2026x08x02-a.pdf
2026-08-02,064,OLIVARES,PEDERNALES,INDRHI,EMCI,,,0.1,https://indomet.gob.do/wp-content/uploads/2026/08/temperaturas-extremas-y-precipitaciones-2026x08x02-a.pdf
2026-08-02,065,PEDERNALES,PEDERNALES,INDRHI,EMCI,,,0.1,https://indomet.gob.do/wp-content/uploads/2026/08/temperaturas-extremas-y-precipitaciones-2026x08x02-a.pdf
2026-08-02,066,ARPT. ARROYO BARRIL,SAMANÁ,INDOMET,EMCI,32.9,23.9,0.0,https://indomet.gob.do/wp-content/uploads/2026/08/temperaturas-extremas-y-precipitaciones-2026x08x02-a.pdf
2026-08-02,067,ARPT. GREGORIO LUPERÓN,PUERTO PLATA,INDOMET,EMCI,33.6,23.2,0.0,https://indomet.gob.do/wp-content/uploads/2026/08/temperaturas-extremas-y-precipitaciones-2026x08x02-a.pdf
2026-08-02,068,BOCA DE MAO (EMA),VALVERDE,MINISTERIO DE AGRICULTURA,EMAP,38.9,24.9,0.0,https://indomet.gob.do/wp-content/uploads/2026/08/temperaturas-extremas-y-precipitaciones-2026x08x02-a.pdf
2026-08-02,069,BOHECHÍO,SAN JUAN,MINISTERIO DE AGRICULTURA,EMCV,,,0.0,https://indomet.gob.do/wp-content/uploads/2026/08/temperaturas-extremas-y-precipitaciones-2026x08x02-a.pdf
2026-08-02,070,CABRERA,MARÍA TRINIDAD SÁNCHEZ,ESCUELA ARÍSTIDES FIALLO CABRAL,EMCI,35.5,27.2,0.0,https://indomet.gob.do/wp-content/uploads/2026/08/temperaturas-extremas-y-precipitaciones-2026x08x02-a.pdf
2026-08-02,071,EL CERCADO,SAN JUAN,MINISTERIO DE AGRICULTURA,EMCV,,,0.0,https://indomet.gob.do/wp-content/uploads/2026/08/temperaturas-extremas-y-precipitaciones-2026x08x02-a.pdf
2026-08-02,072,ENSANCHE LA FE (EMA),DISTRITO NACIONAL,PRIVADA,EMAP,,,0.0,https://indomet.gob.do/wp-content/uploads/2026/08/temperaturas-extremas-y-precipitaciones-2026x08x02-a.pdf
2026-08-02,073,GASPAR HERNÁNDEZ,ESPAILLAT,PROPIEDAD DEL EMPLEADO,EMCI,,,0.0,https://indomet.gob.do/wp-content/uploads/2026/08/temperaturas-extremas-y-precipitaciones-2026x08x02-a.pdf
2026-08-02,074,JIMANÍ,INDEPENDENCIA,MINISTERIO DE AGRICULTURA,EMCI,37.5,27.6,0.0,https://indomet.gob.do/wp-content/uploads/2026/08/temperaturas-extremas-y-precipitaciones-2026x08x02-a.pdf
2026-08-02,075,LA AGUSTINA (EMA),DISTRITO NACIONAL,PRIVADA,EMAP,,,0.0,https://indomet.gob.do/wp-content/uploads/2026/08/temperaturas-extremas-y-precipitaciones-2026x08x02-a.pdf
2026-08-02,076,LA VEGA,LA VEGA,IATESA,EMCI,37.0,23.0,0.0,https://indomet.gob.do/wp-content/uploads/2026/08/temperaturas-extremas-y-precipitaciones-2026x08x02-a.pdf
2026-08-02,077,LOS JARDINES (EMA),DISTRITO NACIONAL,PRIVADA,EMAP,,,0.0,https://indomet.gob.do/wp-content/uploads/2026/08/temperaturas-extremas-y-precipitaciones-2026x08x02-a.pdf
2026-08-02,078,LOS PRADOS (EMA),DISTRITO NACIONAL,PRIVADA,EMAP,,,0.0,https://indomet.gob.do/wp-content/uploads/2026/08/temperaturas-extremas-y-precipitaciones-2026x08x02-a.pdf
2026-08-02,079,MAO,VALVERDE,INDRHI / MINISTERIO DE AGRICULTURA,EMCV,,,0.0,https://indomet.gob.do/wp-content/uploads/2026/08/temperaturas-extremas-y-precipitaciones-2026x08x02-a.pdf
2026-08-02,080,MICHES (EMA),EL SEIBO,PRIVADA,EMAP,,,0.0,https://indomet.gob.do/wp-content/uploads/2026/08/temperaturas-extremas-y-precipitaciones-2026x08x02-a.pdf
2026-08-02,081,MONCIÓN (EMA),SANTIAGO RODRÍGUEZ,PROGRAMA MUNDIAL DE ALIMENTO,EMAP,33.7,20.1,0.0,https://indomet.gob.do/wp-content/uploads/2026/08/temperaturas-extremas-y-precipitaciones-2026x08x02-a.pdf
2026-08-02,082,PALO ÍNDIO,PUERTO PLATA,MINISTERIO DE AGRICULTURA,EMCI,,,0.0,https://indomet.gob.do/wp-content/uploads/2026/08/temperaturas-extremas-y-precipitaciones-2026x08x02-a.pdf
2026-08-02,083,PASO AL MEDIO,SAN PEDRO DE MACORÍS,INDRHI,EMCI,,,0.0,https://indomet.gob.do/wp-content/uploads/2026/08/temperaturas-extremas-y-precipitaciones-2026x08x02-a.pdf
2026-08-02,084,PRESA DE TAVERAS (EMA),LA VEGA,PROGRAMA MUNDIAL DE ALIMENTO,EMAP,34.4,22.6,0.0,https://indomet.gob.do/wp-content/uploads/2026/08/temperaturas-extremas-y-precipitaciones-2026x08x02-a.pdf
2026-08-02,085,RANCHO ARRIBA,SAN JOSÉ DE OCOA,CENTRO TECNOLÓGICO COMUNITARIO,EMCI,33.1,18.6,0.0,https://indomet.gob.do/wp-content/uploads/2026/08/temperaturas-extremas-y-precipitaciones-2026x08x02-a.pdf
2026-08-02,086,RESTAURACIÓN,DAJABÓN,MINISTERIO DE AGRICULTURA,EMCI,34.7,19.5,0.0,https://indomet.gob.do/wp-content/uploads/2026/08/temperaturas-extremas-y-precipitaciones-2026x08x02-a.pdf
2026-08-02,087,SABANA DE LA MAR,HATO MAYOR,INDOMET,EMCI,33.0,23.6,0.0,https://indomet.gob.do/wp-content/uploads/2026/08/temperaturas-extremas-y-precipitaciones-2026x08x02-a.pdf
2026-08-02,088,SABANETA (EMA),SANTIAGO RODRÍGUEZ,PROGRAMA MUNDIAL DE ALIMENTO,EMAP,37.4,22.3,0.0,https://indomet.gob.do/wp-content/uploads/2026/08/temperaturas-extremas-y-precipitaciones-2026x08x02-a.pdf
2026-08-02,089,SAN CRISTÓBAL,SAN CRISTÓBAL,INSTITUTO POLITÉCNICO LOYOLA,EMCI,33.0,22.5,0.0,https://indomet.gob.do/wp-content/uploads/2026/08/temperaturas-extremas-y-precipitaciones-2026x08x02-a.pdf
2026-08-02,090,SAN FRANCISCO DE MACORÍS,DUARTE,San Francisco de Macorís (UASD),EMCI,35.4,23.7,0.0,https://indomet.gob.do/wp-content/uploads/2026/08/temperaturas-extremas-y-precipitaciones-2026x08x02-a.pdf
2026-08-02,091,SAN JOSÉ DE OCOA,SAN JOSÉ DE OCOA,HOSP. SAN JOSÉ DE OCOA,EMCI,35.4,23.3,0.0,https://indomet.gob.do/wp-content/uploads/2026/08/temperaturas-extremas-y-precipitaciones-2026x08x02-a.pdf
2026-08-02,092,SANTO DOMINGO ESTE,SANTO DOMINGO,INDOMET,EMCI,32.8,25.7,0.0,https://indomet.gob.do/wp-content/uploads/2026/08/temperaturas-extremas-y-precipitaciones-2026x08x02-a.pdf
2026-08-02,093,TÁBARA ABAJO,AZUA,INDRHI,EMCI,35.5,24.0,0.0,https://indomet.gob.do/wp-content/uploads/2026/08/temperaturas-extremas-y-precipitaciones-2026x08x02-a.pdf
2026-08-03,001,BAYAGUANA,MONTE PLATA,INDOMET,EMCI,34.4,22.2,7.1,https://indomet.gob.do/wp-content/uploads/2026/08/temperaturas-extremas-y-precipitaciones-2026x08x03-a.pdf
2026-08-03,002,PADRE LAS CASAS,AZUA,HOSP. NTRA. SRA. DEL CARMEN,EMCI,32.5,18.5,5.0,https://indomet.gob.do/wp-content/uploads/2026/08/temperaturas-extremas-y-precipitaciones-2026x08x03-a.pdf
2026-08-03,003,RESTAURACIÓN,DAJABÓN,MINISTERIO DE AGRICULTURA,EMCI,34.9,19.3,4.7,https://indomet.gob.do/wp-content/uploads/2026/08/temperaturas-extremas-y-precipitaciones-2026x08x03-a.pdf
2026-08-03,004,JUMA BEJUCAL,MONSEÑOR NOUEL,IDIAF,EMCV,34.6,24.4,3.4,https://indomet.gob.do/wp-content/uploads/2026/08/temperaturas-extremas-y-precipitaciones-2026x08x03-a.pdf
2026-08-03,005,ELÍAS PIÑA,ELÍAS PIÑA,MINISTERIO DE AGRICULTURA,EMCV,,,3.0,https://indomet.gob.do/wp-content/uploads/2026/08/temperaturas-extremas-y-precipitaciones-2026x08x03-a.pdf
2026-08-03,006,TAMBORIL,SANTIAGO,MINISTERIO DE AGRICULTURA,EMCV,,,0.5,https://indomet.gob.do/wp-content/uploads/2026/08/temperaturas-extremas-y-precipitaciones-2026x08x03-a.pdf
2026-08-03,007,CABRERA,MARÍA TRINIDAD SÁNCHEZ,ESCUELA ARÍSTIDES FIALLO CABRAL,EMCI,35.2,27.0,0.5,https://indomet.gob.do/wp-content/uploads/2026/08/temperaturas-extremas-y-precipitaciones-2026x08x03-a.pdf
2026-08-03,008,EL FACTOR (EMA),MARÍA TRINIDAD SÁNCHEZ,INTEC,EMAP,32.5,24.1,0.3,https://indomet.gob.do/wp-content/uploads/2026/08/temperaturas-extremas-y-precipitaciones-2026x08x03-a.pdf
2026-08-03,009,JARABACOA,LA VEGA,INDRHI / MARENA,EMCI,33.2,17.4,0.3,https://indomet.gob.do/wp-content/uploads/2026/08/temperaturas-extremas-y-precipitaciones-2026x08x03-a.pdf
2026-08-03,010,ANAMUYA (EMA),LA ALTAGRACIA,MINISTERIO DE AGRICULTURA,EMAP,33.4,26.0,0.2,https://indomet.gob.do/wp-content/uploads/2026/08/temperaturas-extremas-y-precipitaciones-2026x08x03-a.pdf
2026-08-03,011,BUCARA (EMA),SANTIAGO,MINISTERIO DE AGRICULTURA,EMAI,,,0.2,https://indomet.gob.do/wp-content/uploads/2026/08/temperaturas-extremas-y-precipitaciones-2026x08x03-a.pdf
2026-08-03,012,JARABACOA (EMA),LA VEGA,PROGRAMA MUNDIAL DE ALIMENTO,EMAP,32.8,18.9,0.2,https://indomet.gob.do/wp-content/uploads/2026/08/temperaturas-extremas-y-precipitaciones-2026x08x03-a.pdf
2026-08-03,013,ARROYO LORO,SAN JUAN,IDIAF,EMCI,33.6,19.3,0.1,https://indomet.gob.do/wp-content/uploads/2026/08/temperaturas-extremas-y-precipitaciones-2026x08x03-a.pdf
2026-08-03,014,OVIEDO,PEDERNALES,CLÍNICA RURAL OVIEDO,EMCI,34.2,25.0,0.1,https://indomet.gob.do/wp-content/uploads/2026/08/temperaturas-extremas-y-precipitaciones-2026x08x03-a.pdf
2026-08-03,015,PERALTA,AZUA,HOSP. MPAL. DE PERALTA,EMCI,33.0,18.5,0.1,https://indomet.gob.do/wp-content/uploads/2026/08/temperaturas-extremas-y-precipitaciones-2026x08x03-a.pdf
2026-08-03,016,POLO,BARAHONA,INDOCAFE,EMCI,31.0,20.2,0.1,https://indomet.gob.do/wp-content/uploads/2026/08/temperaturas-extremas-y-precipitaciones-2026x08x03-a.pdf
2026-08-03,017,ALTAMIRA,PUERTO PLATA,HOSP. MPAL. DE ALTAMIRA,EMCI,35.0,21.3,0.0,https://indomet.gob.do/wp-content/uploads/2026/08/temperaturas-extremas-y-precipitaciones-2026x08x03-a.pdf
2026-08-03,018,ALTO BANDERA (EMA),LA VEGA,INTEC,EMAP,18.1,10.5,0.0,https://indomet.gob.do/wp-content/uploads/2026/08/temperaturas-extremas-y-precipitaciones-2026x08x03-a.pdf
2026-08-03,019,ARPT. ARROYO BARRIL,SAMANÁ,INDOMET,EMCI,32.8,24.0,0.0,https://indomet.gob.do/wp-content/uploads/2026/08/temperaturas-extremas-y-precipitaciones-2026x08x03-a.pdf
2026-08-03,020,ARPT. DE LA ROMANA,LA ROMANA,INDOMET,EMCI,34.6,23.5,0.0,https://indomet.gob.do/wp-content/uploads/2026/08/temperaturas-extremas-y-precipitaciones-2026x08x03-a.pdf
2026-08-03,021,ARPT. DE LAS AMÉRICAS,SANTO DOMINGO,INDOMET,EMCI,33.5,23.4,0.0,https://indomet.gob.do/wp-content/uploads/2026/08/temperaturas-extremas-y-precipitaciones-2026x08x03-a.pdf
2026-08-03,022,ARPT. DE PUNTA CANA,LA ALTAGRACIA,INDOMET,EMCI,32.2,25.0,0.0,https://indomet.gob.do/wp-content/uploads/2026/08/temperaturas-extremas-y-precipitaciones-2026x08x03-a.pdf
2026-08-03,023,ARPT. DEL CIBAO,SANTIAGO,INDOMET,EMCI,35.6,23.3,0.0,https://indomet.gob.do/wp-content/uploads/2026/08/temperaturas-extremas-y-precipitaciones-2026x08x03-a.pdf
2026-08-03,024,ARPT. EL CATEY,SAMANÁ,INDOMET,EMCI,32.0,,0.0,https://indomet.gob.do/wp-content/uploads/2026/08/temperaturas-extremas-y-precipitaciones-2026x08x03-a.pdf
2026-08-03,025,ARPT. GREGORIO LUPERÓN,PUERTO PLATA,INDOMET,EMCI,33.5,25.1,0.0,https://indomet.gob.do/wp-content/uploads/2026/08/temperaturas-extremas-y-precipitaciones-2026x08x03-a.pdf
2026-08-03,026,ARPT. LA ISABELA,SANTO DOMINGO,INDOMET,EMCI,33.8,22.8,0.0,https://indomet.gob.do/wp-content/uploads/2026/08/temperaturas-extremas-y-precipitaciones-2026x08x03-a.pdf
2026-08-03,027,ARPT. MARÍA MONTEZ,BARAHONA,INDOMET,EMCI,33.5,24.2,0.0,https://indomet.gob.do/wp-content/uploads/2026/08/temperaturas-extremas-y-precipitaciones-2026x08x03-a.pdf
2026-08-03,028,BANI (EMA),PERAVIA,MINISTERIO DE AGRICULTURA,EMAP,33.4,26.3,0.0,https://indomet.gob.do/wp-content/uploads/2026/08/temperaturas-extremas-y-precipitaciones-2026x08x03-a.pdf
2026-08-03,029,BASE AÉREA DE SAN ISIDRO,SANTO DOMINGO,FUERZA AÉREA DOMINICANA,EMCV,32.5,23.5,0.0,https://indomet.gob.do/wp-content/uploads/2026/08/temperaturas-extremas-y-precipitaciones-2026x08x03-a.pdf
2026-08-03,030,BOCA DE MAO (EMA),VALVERDE,MINISTERIO DE AGRICULTURA,EMAP,37.9,24.9,0.0,https://indomet.gob.do/wp-content/uploads/2026/08/temperaturas-extremas-y-precipitaciones-2026x08x03-a.pdf
2026-08-03,031,BONAO,MONSEÑOR NOUEL,MINISTERIO DE AGRICULTURA,EMCV,,,0.0,https://indomet.gob.do/wp-content/uploads/2026/08/temperaturas-extremas-y-precipitaciones-2026x08x03-a.pdf
2026-08-03,032,CABRAL,BARAHONA,MINISTERIO DE AGRICULTURA,EMCV,34.8,24.7,0.0,https://indomet.gob.do/wp-content/uploads/2026/08/temperaturas-extremas-y-precipitaciones-2026x08x03-a.pdf
2026-08-03,033,CENTRO DE LOS HEROES (EMA),DISTRITO NACIONAL,MINISTERIO DE ENERGIA Y MINA,EMAP,33.4,26.8,0.0,https://indomet.gob.do/wp-content/uploads/2026/08/temperaturas-extremas-y-precipitaciones-2026x08x03-a.pdf
2026-08-03,034,CONSTANZA,LA VEGA,MINISTERIO DE AGRICULTURA,EMCI,28.2,11.0,0.0,https://indomet.gob.do/wp-content/uploads/2026/08/temperaturas-extremas-y-precipitaciones-2026x08x03-a.pdf
2026-08-03,035,CONSTANZA (EMA),LA VEGA,PROGRAMA MUNDIAL DE ALIMENTO,EMAP,27.1,13.2,0.0,https://indomet.gob.do/wp-content/uploads/2026/08/temperaturas-extremas-y-precipitaciones-2026x08x03-a.pdf
2026-08-03,036,DAJABÓN,DAJABÓN,INSTITUTO POLITÉCNICO LOYOLA,EMCI,36.7,21.8,0.0,https://indomet.gob.do/wp-content/uploads/2026/08/temperaturas-extremas-y-precipitaciones-2026x08x03-a.pdf
2026-08-03,037,EL CERCADO,SAN JUAN,MINISTERIO DE AGRICULTURA,EMCV,,,0.0,https://indomet.gob.do/wp-content/uploads/2026/08/temperaturas-extremas-y-precipitaciones-2026x08x03-a.pdf
2026-08-03,038,EL MILLON (EMA),DISTRITO NACIONAL,PRIVADA,EMAP,,,0.0,https://indomet.gob.do/wp-content/uploads/2026/08/temperaturas-extremas-y-precipitaciones-2026x08x03-a.pdf
2026-08-03,039,ENRIQUILLO,BARAHONA,MINISTERIO DE AGRICULTURA,EMCV,33.5,24.5,0.0,https://indomet.gob.do/wp-content/uploads/2026/08/temperaturas-extremas-y-precipitaciones-2026x08x03-a.pdf
2026-08-03,040,ENSANCHE LA FE (EMA),DISTRITO NACIONAL,PRIVADA,EMAP,,,0.0,https://indomet.gob.do/wp-content/uploads/2026/08/temperaturas-extremas-y-precipitaciones-2026x08x03-a.pdf
2026-08-03,041,ESCONDIDO,PERAVIA,MINISTERIO DE AGRICULTURA,EMCV,33.0,26.0,0.0,https://indomet.gob.do/wp-content/uploads/2026/08/temperaturas-extremas-y-precipitaciones-2026x08x03-a.pdf
2026-08-03,042,GASPAR HERNÁNDEZ,ESPAILLAT,PROPIEDAD DEL EMPLEADO,EMCI,,,0.0,https://indomet.gob.do/wp-content/uploads/2026/08/temperaturas-extremas-y-precipitaciones-2026x08x03-a.pdf
2026-08-03,043,GURABO,SANTIAGO,MINISTERIO DE AGRICULTURA,EMCV,,,0.0,https://indomet.gob.do/wp-content/uploads/2026/08/temperaturas-extremas-y-precipitaciones-2026x08x03-a.pdf
2026-08-03,044,HATO MAYOR,HATO MAYOR,MINISTERIO DE AGRICULTURA,EMCV,,,0.0,https://indomet.gob.do/wp-content/uploads/2026/08/temperaturas-extremas-y-precipitaciones-2026x08x03-a.pdf
2026-08-03,045,HONDO VALLE,ELÍAS PIÑA,MINISTERIO DE AGRICULTURA,EMCI,30.4,20.7,0.0,https://indomet.gob.do/wp-content/uploads/2026/08/temperaturas-extremas-y-precipitaciones-2026x08x03-a.pdf
2026-08-03,046,JARDÍN BOTÁNICO NACIONAL,DISTRITO NACIONAL,JARDÍN BOTÁNICO NACIONAL,EMCV,33.8,23.0,0.0,https://indomet.gob.do/wp-content/uploads/2026/08/temperaturas-extremas-y-precipitaciones-2026x08x03-a.pdf
2026-08-03,047,JARDÍN BOTÁNICO SANTIAGO (EMSANTIAGO,,JARDIN BOTANICO SANTIAGO,EMAI,36.0,27.5,0.0,https://indomet.gob.do/wp-content/uploads/2026/08/temperaturas-extremas-y-precipitaciones-2026x08x03-a.pdf
2026-08-03,048,JIMANÍ,INDEPENDENCIA,MINISTERIO DE AGRICULTURA,EMCI,37.4,25.2,0.0,https://indomet.gob.do/wp-content/uploads/2026/08/temperaturas-extremas-y-precipitaciones-2026x08x03-a.pdf
2026-08-03,049,LA AGUSTINA (EMA),DISTRITO NACIONAL,PRIVADA,EMAP,,,0.0,https://indomet.gob.do/wp-content/uploads/2026/08/temperaturas-extremas-y-precipitaciones-2026x08x03-a.pdf
2026-08-03,050,LA VEGA,LA VEGA,IATESA,EMCI,36.5,24.0,0.0,https://indomet.gob.do/wp-content/uploads/2026/08/temperaturas-extremas-y-precipitaciones-2026x08x03-a.pdf
2026-08-03,051,LA VICTORIA,SANTO DOMINGO,CUERPO DE BOMBEROS,EMCI,34.4,23.5,0.0,https://indomet.gob.do/wp-content/uploads/2026/08/temperaturas-extremas-y-precipitaciones-2026x08x03-a.pdf
2026-08-03,052,LAS CANAS (EMA),MONTE CRISTI,PROGRAMA MUNDIAL DE ALIMENTO,EMAP,31.8,25.3,0.0,https://indomet.gob.do/wp-content/uploads/2026/08/temperaturas-extremas-y-precipitaciones-2026x08x03-a.pdf
2026-08-03,053,LOS CACICAZGOS (EMA),DISTRITO NACIONAL,PRIVADA,EMAP,,,0.0,https://indomet.gob.do/wp-content/uploads/2026/08/temperaturas-extremas-y-precipitaciones-2026x08x03-a.pdf
2026-08-03,054,LOS COCOS (EMA),BAHORUCO,PRIVADA,EMAP,,,0.0,https://indomet.gob.do/wp-content/uploads/2026/08/temperaturas-extremas-y-precipitaciones-2026x08x03-a.pdf
2026-08-03,055,LOS JARDINES (EMA),DISTRITO NACIONAL,PRIVADA,EMAP,,,0.0,https://indomet.gob.do/wp-content/uploads/2026/08/temperaturas-extremas-y-precipitaciones-2026x08x03-a.pdf
2026-08-03,056,LOS LLANOS,SAN PEDRO DE MACORÍS,MINISTERIO DE AGRICULTURA,EMCI,34.5,23.0,0.0,https://indomet.gob.do/wp-content/uploads/2026/08/temperaturas-extremas-y-precipitaciones-2026x08x03-a.pdf
2026-08-03,057,LOS PRADOS (EMA),DISTRITO NACIONAL,PRIVADA,EMAP,,,0.0,https://indomet.gob.do/wp-content/uploads/2026/08/temperaturas-extremas-y-precipitaciones-2026x08x03-a.pdf
2026-08-03,058,MAO,VALVERDE,INDRHI / MINISTERIO DE AGRICULTURA,EMCV,,,0.0,https://indomet.gob.do/wp-content/uploads/2026/08/temperaturas-extremas-y-precipitaciones-2026x08x03-a.pdf
2026-08-03,059,MICHES (EMA),EL SEIBO,PRIVADA,EMAP,,,0.0,https://indomet.gob.do/wp-content/uploads/2026/08/temperaturas-extremas-y-precipitaciones-2026x08x03-a.pdf
2026-08-03,060,MONCIÓN (EMA),SANTIAGO RODRÍGUEZ,PROGRAMA MUNDIAL DE ALIMENTO,EMAP,33.4,21.1,0.0,https://indomet.gob.do/wp-content/uploads/2026/08/temperaturas-extremas-y-precipitaciones-2026x08x03-a.pdf
2026-08-03,061,MONTE CRISTI,MONTE CRISTI,INDOMET,EMCI,35.6,25.1,0.0,https://indomet.gob.do/wp-content/uploads/2026/08/temperaturas-extremas-y-precipitaciones-2026x08x03-a.pdf
2026-08-03,062,NAVARRETE,SANTIAGO,MINISTERIO DE AGRICULTURA,EMCV,,,0.0,https://indomet.gob.do/wp-content/uploads/2026/08/temperaturas-extremas-y-precipitaciones-2026x08x03-a.pdf
2026-08-03,063,OLIVARES,PEDERNALES,INDRHI,EMCI,,,0.0,https://indomet.gob.do/wp-content/uploads/2026/08/temperaturas-extremas-y-precipitaciones-2026x08x03-a.pdf
2026-08-03,064,PALO ÍNDIO,PUERTO PLATA,MINISTERIO DE AGRICULTURA,EMCI,,,0.0,https://indomet.gob.do/wp-content/uploads/2026/08/temperaturas-extremas-y-precipitaciones-2026x08x03-a.pdf
2026-08-03,065,PEDERNALES,PEDERNALES,INDRHI,EMCI,,,0.0,https://indomet.gob.do/wp-content/uploads/2026/08/temperaturas-extremas-y-precipitaciones-2026x08x03-a.pdf
2026-08-03,066,PRESA DE TAVERAS (EMA),LA VEGA,PROGRAMA MUNDIAL DE ALIMENTO,EMAP,33.3,22.2,0.0,https://indomet.gob.do/wp-content/uploads/2026/08/temperaturas-extremas-y-precipitaciones-2026x08x03-a.pdf
2026-08-03,067,PROLONGACION 27 DE FEBRERO,DISTRITO NACIONAL,PRIVADA,EMAP,,,0.0,https://indomet.gob.do/wp-content/uploads/2026/08/temperaturas-extremas-y-precipitaciones-2026x08x03-a.pdf
2026-08-03,068,RANCHO ARRIBA,SAN JOSÉ DE OCOA,CENTRO TECNOLÓGICO COMUNITARIO,EMCI,32.7,17.6,0.0,https://indomet.gob.do/wp-content/uploads/2026/08/temperaturas-extremas-y-precipitaciones-2026x08x03-a.pdf
2026-08-03,069,RÍO SAN JUAN,MARÍA TRINIDAD SÁNCHEZ,HOSP. MPAL. DR. DESIDERIO ACOSTA,EMCV,35.5,25.5,0.0,https://indomet.gob.do/wp-content/uploads/2026/08/temperaturas-extremas-y-precipitaciones-2026x08x03-a.pdf
2026-08-03,070,SABANA DE LA MAR,HATO MAYOR,INDOMET,EMCI,32.6,23.5,0.0,https://indomet.gob.do/wp-content/uploads/2026/08/temperaturas-extremas-y-precipitaciones-2026x08x03-a.pdf
2026-08-03,071,SABANA GRANDE DE BOYÁ,MONTE PLATA,MINISTERIO DE AGRICULTURA,EMCV,,,0.0,https://indomet.gob.do/wp-content/uploads/2026/08/temperaturas-extremas-y-precipitaciones-2026x08x03-a.pdf
2026-08-03,072,SABANETA (EMA),SANTIAGO RODRÍGUEZ,PROGRAMA MUNDIAL DE ALIMENTO,EMAP,37.5,24.4,0.0,https://indomet.gob.do/wp-content/uploads/2026/08/temperaturas-extremas-y-precipitaciones-2026x08x03-a.pdf
2026-08-03,073,SAJOMA (EMA),SANTIAGO,PLAN SIERRA,EMAI,32.9,24.5,0.0,https://indomet.gob.do/wp-content/uploads/2026/08/temperaturas-extremas-y-precipitaciones-2026x08x03-a.pdf
2026-08-03,074,SALCEDO,HERMANAS MIRABAL,PROPIEDAD DEL EMPLEADO,EMCI,,,0.0,https://indomet.gob.do/wp-content/uploads/2026/08/temperaturas-extremas-y-precipitaciones-2026x08x03-a.pdf
2026-08-03,075,SAMANÁ,SAMANÁ,COMANDANCIA DE PUERTO DE SAMANÁ,EMCI,35.0,19.5,0.0,https://indomet.gob.do/wp-content/uploads/2026/08/temperaturas-extremas-y-precipitaciones-2026x08x03-a.pdf
2026-08-03,076,SAN CRISTÓBAL,SAN CRISTÓBAL,INSTITUTO POLITÉCNICO LOYOLA,EMCI,34.5,22.5,0.0,https://indomet.gob.do/wp-content/uploads/2026/08/temperaturas-extremas-y-precipitaciones-2026x08x03-a.pdf
2026-08-03,077,SAN FRANCISCO DE MACORÍS,DUARTE,San Francisco de Macorís (UASD),EMCI,35.3,24.1,0.0,https://indomet.gob.do/wp-content/uploads/2026/08/temperaturas-extremas-y-precipitaciones-2026x08x03-a.pdf
2026-08-03,078,SAN JOSÉ DE OCOA,SAN JOSÉ DE OCOA,HOSP. SAN JOSÉ DE OCOA,EMCI,34.2,22.8,0.0,https://indomet.gob.do/wp-content/uploads/2026/08/temperaturas-extremas-y-precipitaciones-2026x08x03-a.pdf
2026-08-03,079,SAN RAFAEL DEL YUMA,LA ALTAGRACIA,MINISTERIO DE AGRICULTURA,EMCI,35.1,24.4,0.0,https://indomet.gob.do/wp-content/uploads/2026/08/temperaturas-extremas-y-precipitaciones-2026x08x03-a.pdf
2026-08-03,080,SÁNCHEZ,SAMANÁ,MINISTERIO DE AGRICULTURA,EMCI,32.9,23.9,0.0,https://indomet.gob.do/wp-content/uploads/2026/08/temperaturas-extremas-y-precipitaciones-2026x08x03-a.pdf
2026-08-03,081,SANTIAGO (CENTRO),SANTIAGO,HUACALITO,EMCI,,,0.0,https://indomet.gob.do/wp-content/uploads/2026/08/temperaturas-extremas-y-precipitaciones-2026x08x03-a.pdf
2026-08-03,082,SANTIAGO RODRÍGUEZ,SANTIAGO RODRÍGUEZ,INDOMET,EMCI,37.2,24.6,0.0,https://indomet.gob.do/wp-content/uploads/2026/08/temperaturas-extremas-y-precipitaciones-2026x08x03-a.pdf
2026-08-03,083,SANTO DOMINGO ESTE,SANTO DOMINGO,INDOMET,EMCI,34.2,24.2,0.0,https://indomet.gob.do/wp-content/uploads/2026/08/temperaturas-extremas-y-precipitaciones-2026x08x03-a.pdf
2026-08-03,084,TÁBARA ABAJO,AZUA,INDRHI,EMCI,32.5,24.0,0.0,https://indomet.gob.do/wp-content/uploads/2026/08/temperaturas-extremas-y-precipitaciones-2026x08x03-a.pdf
2026-08-03,085,VILLA ALTAGRACIA,SAN CRISTÓBAL,ESCUELA JAVIER ANGULO GURIDI,EMCI,,,0.0,https://indomet.gob.do/wp-content/uploads/2026/08/temperaturas-extremas-y-precipitaciones-2026x08x03-a.pdf
2026-08-03,086,VILLA GONZALES,SANTIAGO,MINISTERIO DE AGRICULTURA,EMCI,,,0.0,https://indomet.gob.do/wp-content/uploads/2026/08/temperaturas-extremas-y-precipitaciones-2026x08x03-a.pdf
2026-08-03,087,VILLA ISABELA,PUERTO PLATA,MINISTERIO DE AGRICULTURA,EMCV,34.0,22.5,0.0,https://indomet.gob.do/wp-content/uploads/2026/08/temperaturas-extremas-y-precipitaciones-2026x08x03-a.pdf
2026-08-03,088,VILLA RIVA,DUARTE,HOSP. MPAL. ALICIA DE LEGENDRE,EMCI,33.4,23.5,0.0,https://indomet.gob.do/wp-content/uploads/2026/08/temperaturas-extremas-y-precipitaciones-2026x08x03-a.pdf
2026-08-03,089,VILLA VASQUEZ (EMA),MONTE CRISTI,JUNTA DE REGANTES,EMAI,,,0.0,https://indomet.gob.do/wp-content/uploads/2026/08/temperaturas-extremas-y-precipitaciones-2026x08x03-a.pdf
2026-08-04,001,LOS LLANOS,SAN PEDRO DE MACORÍS,MINISTERIO DE AGRICULTURA,EMCI,35.3,21.2,46.4,https://indomet.gob.do/wp-content/uploads/2026/08/temperaturas-extremas-y-precipitaciones-2026x08x04-a.pdf
2026-08-04,002,HONDO VALLE,ELÍAS PIÑA,MINISTERIO DE AGRICULTURA,EMCI,29.7,19.6,17.8,https://indomet.gob.do/wp-content/uploads/2026/08/temperaturas-extremas-y-precipitaciones-2026x08x04-a.pdf
2026-08-04,003,SABANA DE LA MAR,HATO MAYOR,INDOMET,EMCI,32.8,24.0,7.0,https://indomet.gob.do/wp-content/uploads/2026/08/temperaturas-extremas-y-precipitaciones-2026x08x04-a.pdf
2026-08-04,004,ELÍAS PIÑA,ELÍAS PIÑA,MINISTERIO DE AGRICULTURA,EMCV,,,6.0,https://indomet.gob.do/wp-content/uploads/2026/08/temperaturas-extremas-y-precipitaciones-2026x08x04-a.pdf
2026-08-04,005,ARPT. DE PUNTA CANA,LA ALTAGRACIA,INDOMET,EMCI,32.8,25.2,4.4,https://indomet.gob.do/wp-content/uploads/2026/08/temperaturas-extremas-y-precipitaciones-2026x08x04-a.pdf
2026-08-04,006,ARPT. ARROYO BARRIL,SAMANÁ,INDOMET,EMCI,32.8,24.5,3.9,https://indomet.gob.do/wp-content/uploads/2026/08/temperaturas-extremas-y-precipitaciones-2026x08x04-a.pdf
2026-08-04,007,SAMANÁ,SAMANÁ,COMANDANCIA DE PUERTO DE SAMANÁ,EMCI,35.1,18.0,2.6,https://indomet.gob.do/wp-content/uploads/2026/08/temperaturas-extremas-y-precipitaciones-2026x08x04-a.pdf
2026-08-04,008,RÍO SAN JUAN,MARÍA TRINIDAD SÁNCHEZ,HOSP. MPAL. DR. DESIDERIO ACOSTA,EMCV,36.0,24.6,2.2,https://indomet.gob.do/wp-content/uploads/2026/08/temperaturas-extremas-y-precipitaciones-2026x08x04-a.pdf
2026-08-04,009,ANAMUYA (EMA),LA ALTAGRACIA,MINISTERIO DE AGRICULTURA,EMAP,34.5,24.8,1.6,https://indomet.gob.do/wp-content/uploads/2026/08/temperaturas-extremas-y-precipitaciones-2026x08x04-a.pdf
2026-08-04,010,EL FACTOR (EMA),MARÍA TRINIDAD SÁNCHEZ,INTEC,EMAP,33.5,24.9,1.3,https://indomet.gob.do/wp-content/uploads/2026/08/temperaturas-extremas-y-precipitaciones-2026x08x04-a.pdf
2026-08-04,011,LOS JENGIBRES,NAGUA,INDRHI,EMCI,,,1.1,https://indomet.gob.do/wp-content/uploads/2026/08/temperaturas-extremas-y-precipitaciones-2026x08x04-a.pdf
2026-08-04,012,SAN RAFAEL DEL YUMA,LA ALTAGRACIA,MINISTERIO DE AGRICULTURA,EMCI,36.5,24.0,1.1,https://indomet.gob.do/wp-content/uploads/2026/08/temperaturas-extremas-y-precipitaciones-2026x08x04-a.pdf
2026-08-04,013,ARPT. GREGORIO LUPERÓN,PUERTO PLATA,INDOMET,EMCI,33.3,24.0,0.8,https://indomet.gob.do/wp-content/uploads/2026/08/temperaturas-extremas-y-precipitaciones-2026x08x04-a.pdf
2026-08-04,014,OVIEDO,PEDERNALES,CLÍNICA RURAL OVIEDO,EMCI,34.0,25.2,0.8,https://indomet.gob.do/wp-content/uploads/2026/08/temperaturas-extremas-y-precipitaciones-2026x08x04-a.pdf
2026-08-04,015,RANCHO ARRIBA,SAN JOSÉ DE OCOA,CENTRO TECNOLÓGICO COMUNITARIO,EMCI,33.4,20.2,0.7,https://indomet.gob.do/wp-content/uploads/2026/08/temperaturas-extremas-y-precipitaciones-2026x08x04-a.pdf
2026-08-04,016,ARPT. EL CATEY,SAMANÁ,INDOMET,EMCI,33.0,22.0,0.6,https://indomet.gob.do/wp-content/uploads/2026/08/temperaturas-extremas-y-precipitaciones-2026x08x04-a.pdf
2026-08-04,017,SÁNCHEZ,SAMANÁ,MINISTERIO DE AGRICULTURA,EMCI,33.2,23.7,0.6,https://indomet.gob.do/wp-content/uploads/2026/08/temperaturas-extremas-y-precipitaciones-2026x08x04-a.pdf
2026-08-04,018,ARPT. DE LA ROMANA,LA ROMANA,INDOMET,EMCI,36.5,23.5,0.5,https://indomet.gob.do/wp-content/uploads/2026/08/temperaturas-extremas-y-precipitaciones-2026x08x04-a.pdf
2026-08-04,019,CABRERA,MARÍA TRINIDAD SÁNCHEZ,ESCUELA ARÍSTIDES FIALLO CABRAL,EMCI,35.5,27.5,0.5,https://indomet.gob.do/wp-content/uploads/2026/08/temperaturas-extremas-y-precipitaciones-2026x08x04-a.pdf
2026-08-04,020,VILLA ALTAGRACIA,SAN CRISTÓBAL,ESCUELA JAVIER ANGULO GURIDI,EMCI,,,0.4,https://indomet.gob.do/wp-content/uploads/2026/08/temperaturas-extremas-y-precipitaciones-2026x08x04-a.pdf
2026-08-04,021,LA VEGA,LA VEGA,IATESA,EMCI,37.0,24.0,0.3,https://indomet.gob.do/wp-content/uploads/2026/08/temperaturas-extremas-y-precipitaciones-2026x08x04-a.pdf
2026-08-04,022,JANICO (EMA),LA VEGA,PLAN SIERRA,EMAI,,,0.2,https://indomet.gob.do/wp-content/uploads/2026/08/temperaturas-extremas-y-precipitaciones-2026x08x04-a.pdf
2026-08-04,023,LOS COCOS (EMA),BAHORUCO,PRIVADA,EMAP,,,0.1,https://indomet.gob.do/wp-content/uploads/2026/08/temperaturas-extremas-y-precipitaciones-2026x08x04-a.pdf
2026-08-04,024,SABANA GRANDE DE BOYÁ,MONTE PLATA,MINISTERIO DE AGRICULTURA,EMCV,,,0.1,https://indomet.gob.do/wp-content/uploads/2026/08/temperaturas-extremas-y-precipitaciones-2026x08x04-a.pdf
2026-08-04,025,JARDÍN BOTÁNICO SANTIAGO (EMSANTIAGO,,JARDIN BOTANICO SANTIAGO,EMAI,36.4,28.6,0.0,https://indomet.gob.do/wp-content/uploads/2026/08/temperaturas-extremas-y-precipitaciones-2026x08x04-a.pdf
2026-08-04,026,SAJOMA (EMA),SANTIAGO,PLAN SIERRA,EMAI,33.4,25.7,0.0,https://indomet.gob.do/wp-content/uploads/2026/08/temperaturas-extremas-y-precipitaciones-2026x08x04-a.pdf
2026-08-04,027,VILLA VASQUEZ (EMA),MONTE CRISTI,JUNTA DE REGANTES,EMAI,,,0.0,https://indomet.gob.do/wp-content/uploads/2026/08/temperaturas-extremas-y-precipitaciones-2026x08x04-a.pdf
2026-08-04,028,ALTO BANDERA (EMA),LA VEGA,INTEC,EMAP,19.6,7.8,0.0,https://indomet.gob.do/wp-content/uploads/2026/08/temperaturas-extremas-y-precipitaciones-2026x08x04-a.pdf
2026-08-04,029,BANI (EMA),PERAVIA,MINISTERIO DE AGRICULTURA,EMAP,34.2,27.0,0.0,https://indomet.gob.do/wp-content/uploads/2026/08/temperaturas-extremas-y-precipitaciones-2026x08x04-a.pdf
2026-08-04,030,BOCA DE MAO (EMA),VALVERDE,MINISTERIO DE AGRICULTURA,EMAP,37.3,24.8,0.0,https://indomet.gob.do/wp-content/uploads/2026/08/temperaturas-extremas-y-precipitaciones-2026x08x04-a.pdf
2026-08-04,031,CENTRO DE LOS HEROES (EMA),DISTRITO NACIONAL,MINISTERIO DE ENERGIA Y MINA,EMAP,33.3,27.1,0.0,https://indomet.gob.do/wp-content/uploads/2026/08/temperaturas-extremas-y-precipitaciones-2026x08x04-a.pdf
2026-08-04,032,CONSTANZA (EMA),LA VEGA,PROGRAMA MUNDIAL DE ALIMENTO,EMAP,27.3,15.6,0.0,https://indomet.gob.do/wp-content/uploads/2026/08/temperaturas-extremas-y-precipitaciones-2026x08x04-a.pdf
2026-08-04,033,EL MILLON (EMA),DISTRITO NACIONAL,PRIVADA,EMAP,,,0.0,https://indomet.gob.do/wp-content/uploads/2026/08/temperaturas-extremas-y-precipitaciones-2026x08x04-a.pdf
2026-08-04,034,ENSANCHE LA FE (EMA),DISTRITO NACIONAL,PRIVADA,EMAP,,,0.0,https://indomet.gob.do/wp-content/uploads/2026/08/temperaturas-extremas-y-precipitaciones-2026x08x04-a.pdf
2026-08-04,035,JARABACOA (EMA),LA VEGA,PROGRAMA MUNDIAL DE ALIMENTO,EMAP,32.4,20.1,0.0,https://indomet.gob.do/wp-content/uploads/2026/08/temperaturas-extremas-y-precipitaciones-2026x08x04-a.pdf
2026-08-04,036,LAS CANAS (EMA),MONTE CRISTI,PROGRAMA MUNDIAL DE ALIMENTO,EMAP,32.3,24.9,0.0,https://indomet.gob.do/wp-content/uploads/2026/08/temperaturas-extremas-y-precipitaciones-2026x08x04-a.pdf
2026-08-04,037,LOS CACICAZGOS (EMA),DISTRITO NACIONAL,PRIVADA,EMAP,,,0.0,https://indomet.gob.do/wp-content/uploads/2026/08/temperaturas-extremas-y-precipitaciones-2026x08x04-a.pdf
2026-08-04,038,LOS JARDINES (EMA),DISTRITO NACIONAL,PRIVADA,EMAP,,,0.0,https://indomet.gob.do/wp-content/uploads/2026/08/temperaturas-extremas-y-precipitaciones-2026x08x04-a.pdf
2026-08-04,039,MICHES (EMA),EL SEIBO,PRIVADA,EMAP,,,0.0,https://indomet.gob.do/wp-content/uploads/2026/08/temperaturas-extremas-y-precipitaciones-2026x08x04-a.pdf
2026-08-04,040,MONCIÓN (EMA),SANTIAGO RODRÍGUEZ,PROGRAMA MUNDIAL DE ALIMENTO,EMAP,34.1,20.5,0.0,https://indomet.gob.do/wp-content/uploads/2026/08/temperaturas-extremas-y-precipitaciones-2026x08x04-a.pdf
2026-08-04,041,PRESA DE TAVERAS (EMA),LA VEGA,PROGRAMA MUNDIAL DE ALIMENTO,EMAP,34.1,23.1,0.0,https://indomet.gob.do/wp-content/uploads/2026/08/temperaturas-extremas-y-precipitaciones-2026x08x04-a.pdf
2026-08-04,042,PROLONGACION 27 DE FEBRERO,DISTRITO NACIONAL,PRIVADA,EMAP,,,0.0,https://indomet.gob.do/wp-content/uploads/2026/08/temperaturas-extremas-y-precipitaciones-2026x08x04-a.pdf
2026-08-04,043,SABANETA (EMA),SANTIAGO RODRÍGUEZ,PROGRAMA MUNDIAL DE ALIMENTO,EMAP,37.9,23.3,0.0,https://indomet.gob.do/wp-content/uploads/2026/08/temperaturas-extremas-y-precipitaciones-2026x08x04-a.pdf
2026-08-04,044,ALTAMIRA,PUERTO PLATA,HOSP. MPAL. DE ALTAMIRA,EMCI,35.6,21.9,0.0,https://indomet.gob.do/wp-content/uploads/2026/08/temperaturas-extremas-y-precipitaciones-2026x08x04-a.pdf
2026-08-04,045,ARPT. DE LAS AMÉRICAS,SANTO DOMINGO,INDOMET,EMCI,34.4,24.0,0.0,https://indomet.gob.do/wp-content/uploads/2026/08/temperaturas-extremas-y-precipitaciones-2026x08x04-a.pdf
2026-08-04,046,ARPT. DEL CIBAO,SANTIAGO,INDOMET,EMCI,34.8,23.6,0.0,https://indomet.gob.do/wp-content/uploads/2026/08/temperaturas-extremas-y-precipitaciones-2026x08x04-a.pdf
2026-08-04,047,ARPT. LA ISABELA,SANTO DOMINGO,INDOMET,EMCI,36.0,23.2,0.0,https://indomet.gob.do/wp-content/uploads/2026/08/temperaturas-extremas-y-precipitaciones-2026x08x04-a.pdf
2026-08-04,048,ARPT. MARÍA MONTEZ,BARAHONA,INDOMET,EMCI,34.5,26.0,0.0,https://indomet.gob.do/wp-content/uploads/2026/08/temperaturas-extremas-y-precipitaciones-2026x08x04-a.pdf
2026-08-04,049,ARROYO LORO,SAN JUAN,IDIAF,EMCI,34.0,19.7,0.0,https://indomet.gob.do/wp-content/uploads/2026/08/temperaturas-extremas-y-precipitaciones-2026x08x04-a.pdf
2026-08-04,050,BAYAGUANA,MONTE PLATA,INDOMET,EMCI,34.5,22.4,0.0,https://indomet.gob.do/wp-content/uploads/2026/08/temperaturas-extremas-y-precipitaciones-2026x08x04-a.pdf
2026-08-04,051,CONSTANZA,LA VEGA,MINISTERIO DE AGRICULTURA,EMCI,28.5,13.5,0.0,https://indomet.gob.do/wp-content/uploads/2026/08/temperaturas-extremas-y-precipitaciones-2026x08x04-a.pdf
2026-08-04,052,DAJABÓN,DAJABÓN,INSTITUTO POLITÉCNICO LOYOLA,EMCI,37.0,21.4,0.0,https://indomet.gob.do/wp-content/uploads/2026/08/temperaturas-extremas-y-precipitaciones-2026x08x04-a.pdf
2026-08-04,053,GASPAR HERNÁNDEZ,ESPAILLAT,PROPIEDAD DEL EMPLEADO,EMCI,,,0.0,https://indomet.gob.do/wp-content/uploads/2026/08/temperaturas-extremas-y-precipitaciones-2026x08x04-a.pdf
2026-08-04,054,JARABACOA,LA VEGA,INDRHI / MARENA,EMCI,33.0,18.0,0.0,https://indomet.gob.do/wp-content/uploads/2026/08/temperaturas-extremas-y-precipitaciones-2026x08x04-a.pdf
2026-08-04,055,JIMANÍ,INDEPENDENCIA,MINISTERIO DE AGRICULTURA,EMCI,37.6,26.4,0.0,https://indomet.gob.do/wp-content/uploads/2026/08/temperaturas-extremas-y-precipitaciones-2026x08x04-a.pdf
2026-08-04,056,LA VICTORIA,SANTO DOMINGO,CUERPO DE BOMBEROS,EMCI,36.2,24.0,0.0,https://indomet.gob.do/wp-content/uploads/2026/08/temperaturas-extremas-y-precipitaciones-2026x08x04-a.pdf
2026-08-04,057,MONTE CRISTI,MONTE CRISTI,INDOMET,EMCI,35.7,26.7,0.0,https://indomet.gob.do/wp-content/uploads/2026/08/temperaturas-extremas-y-precipitaciones-2026x08x04-a.pdf
2026-08-04,058,OLIVARES,PEDERNALES,INDRHI,EMCI,,,0.0,https://indomet.gob.do/wp-content/uploads/2026/08/temperaturas-extremas-y-precipitaciones-2026x08x04-a.pdf
2026-08-04,059,PADRE LAS CASAS,AZUA,HOSP. NTRA. SRA. DEL CARMEN,EMCI,33.5,19.0,0.0,https://indomet.gob.do/wp-content/uploads/2026/08/temperaturas-extremas-y-precipitaciones-2026x08x04-a.pdf
2026-08-04,060,PALO ÍNDIO,PUERTO PLATA,MINISTERIO DE AGRICULTURA,EMCI,,,0.0,https://indomet.gob.do/wp-content/uploads/2026/08/temperaturas-extremas-y-precipitaciones-2026x08x04-a.pdf
2026-08-04,061,PASO AL MEDIO,SAN PEDRO DE MACORÍS,INDRHI,EMCI,,,0.0,https://indomet.gob.do/wp-content/uploads/2026/08/temperaturas-extremas-y-precipitaciones-2026x08x04-a.pdf
2026-08-04,062,PEDERNALES,PEDERNALES,INDRHI,EMCI,,,0.0,https://indomet.gob.do/wp-content/uploads/2026/08/temperaturas-extremas-y-precipitaciones-2026x08x04-a.pdf
2026-08-04,063,PERALTA,AZUA,HOSP. MPAL. DE PERALTA,EMCI,33.5,19.5,0.0,https://indomet.gob.do/wp-content/uploads/2026/08/temperaturas-extremas-y-precipitaciones-2026x08x04-a.pdf
2026-08-04,064,POLO,BARAHONA,INDOCAFE,EMCI,32.0,20.3,0.0,https://indomet.gob.do/wp-content/uploads/2026/08/temperaturas-extremas-y-precipitaciones-2026x08x04-a.pdf
2026-08-04,065,RESTAURACIÓN,DAJABÓN,MINISTERIO DE AGRICULTURA,EMCI,34.5,18.7,0.0,https://indomet.gob.do/wp-content/uploads/2026/08/temperaturas-extremas-y-precipitaciones-2026x08x04-a.pdf
2026-08-04,066,SALCEDO,HERMANAS MIRABAL,PROPIEDAD DEL EMPLEADO,EMCI,,,0.0,https://indomet.gob.do/wp-content/uploads/2026/08/temperaturas-extremas-y-precipitaciones-2026x08x04-a.pdf
2026-08-04,067,SAN CRISTÓBAL,SAN CRISTÓBAL,INSTITUTO POLITÉCNICO LOYOLA,EMCI,34.5,23.0,0.0,https://indomet.gob.do/wp-content/uploads/2026/08/temperaturas-extremas-y-precipitaciones-2026x08x04-a.pdf
2026-08-04,068,SAN FRANCISCO DE MACORÍS,DUARTE,San Francisco de Macorís (UASD),EMCI,35.9,23.8,0.0,https://indomet.gob.do/wp-content/uploads/2026/08/temperaturas-extremas-y-precipitaciones-2026x08x04-a.pdf
2026-08-04,069,SAN JOSÉ DE OCOA,SAN JOSÉ DE OCOA,HOSP. SAN JOSÉ DE OCOA,EMCI,34.7,24.1,0.0,https://indomet.gob.do/wp-content/uploads/2026/08/temperaturas-extremas-y-precipitaciones-2026x08x04-a.pdf
2026-08-04,070,SANTIAGO (CENTRO),SANTIAGO,HUACALITO,EMCI,,,0.0,https://indomet.gob.do/wp-content/uploads/2026/08/temperaturas-extremas-y-precipitaciones-2026x08x04-a.pdf
2026-08-04,071,SANTIAGO RODRÍGUEZ,SANTIAGO RODRÍGUEZ,INDOMET,EMCI,37.5,23.7,0.0,https://indomet.gob.do/wp-content/uploads/2026/08/temperaturas-extremas-y-precipitaciones-2026x08x04-a.pdf
2026-08-04,072,SANTO DOMINGO ESTE,SANTO DOMINGO,INDOMET,EMCI,33.5,25.0,0.0,https://indomet.gob.do/wp-content/uploads/2026/08/temperaturas-extremas-y-precipitaciones-2026x08x04-a.pdf
2026-08-04,073,TÁBARA ABAJO,AZUA,INDRHI,EMCI,35.5,20.5,0.0,https://indomet.gob.do/wp-content/uploads/2026/08/temperaturas-extremas-y-precipitaciones-2026x08x04-a.pdf
2026-08-04,074,TAVERA,SANTIAGO,INDRHI,EMCI,,,0.0,https://indomet.gob.do/wp-content/uploads/2026/08/temperaturas-extremas-y-precipitaciones-2026x08x04-a.pdf
2026-08-04,075,VILLA GONZALES,SANTIAGO,MINISTERIO DE AGRICULTURA,EMCI,,,0.0,https://indomet.gob.do/wp-content/uploads/2026/08/temperaturas-extremas-y-precipitaciones-2026x08x04-a.pdf
2026-08-04,076,VILLA RIVA,DUARTE,HOSP. MPAL. ALICIA DE LEGENDRE,EMCI,33.8,24.0,0.0,https://indomet.gob.do/wp-content/uploads/2026/08/temperaturas-extremas-y-precipitaciones-2026x08x04-a.pdf
2026-08-04,077,BASE AÉREA DE SAN ISIDRO,SANTO DOMINGO,FUERZA AÉREA DOMINICANA,EMCV,31.0,22.0,0.0,https://indomet.gob.do/wp-content/uploads/2026/08/temperaturas-extremas-y-precipitaciones-2026x08x04-a.pdf
2026-08-04,078,BOHECHÍO,SAN JUAN,MINISTERIO DE AGRICULTURA,EMCV,,,0.0,https://indomet.gob.do/wp-content/uploads/2026/08/temperaturas-extremas-y-precipitaciones-2026x08x04-a.pdf
2026-08-04,079,BONAO,MONSEÑOR NOUEL,MINISTERIO DE AGRICULTURA,EMCV,,,0.0,https://indomet.gob.do/wp-content/uploads/2026/08/temperaturas-extremas-y-precipitaciones-2026x08x04-a.pdf
2026-08-04,080,ENRIQUILLO,BARAHONA,MINISTERIO DE AGRICULTURA,EMCV,33.8,25.0,0.0,https://indomet.gob.do/wp-content/uploads/2026/08/temperaturas-extremas-y-precipitaciones-2026x08x04-a.pdf
2026-08-04,081,ESCONDIDO,PERAVIA,MINISTERIO DE AGRICULTURA,EMCV,34.0,26.0,0.0,https://indomet.gob.do/wp-content/uploads/2026/08/temperaturas-extremas-y-precipitaciones-2026x08x04-a.pdf
2026-08-04,082,HATO MAYOR,HATO MAYOR,MINISTERIO DE AGRICULTURA,EMCV,,,0.0,https://indomet.gob.do/wp-content/uploads/2026/08/temperaturas-extremas-y-precipitaciones-2026x08x04-a.pdf
2026-08-04,083,JARDÍN BOTÁNICO NACIONAL,DISTRITO NACIONAL,JARDÍN BOTÁNICO NACIONAL,EMCV,33.1,24.0,0.0,https://indomet.gob.do/wp-content/uploads/2026/08/temperaturas-extremas-y-precipitaciones-2026x08x04-a.pdf
2026-08-04,084,JUMA BEJUCAL,MONSEÑOR NOUEL,IDIAF,EMCV,,,0.0,https://indomet.gob.do/wp-content/uploads/2026/08/temperaturas-extremas-y-precipitaciones-2026x08x04-a.pdf
2026-08-04,085,MAO,VALVERDE,INDRHI / MINISTERIO DE AGRICULTURA,EMCV,,,0.0,https://indomet.gob.do/wp-content/uploads/2026/08/temperaturas-extremas-y-precipitaciones-2026x08x04-a.pdf
2026-08-04,086,NAVARRETE,SANTIAGO,MINISTERIO DE AGRICULTURA,EMCV,,,0.0,https://indomet.gob.do/wp-content/uploads/2026/08/temperaturas-extremas-y-precipitaciones-2026x08x04-a.pdf
2026-08-04,087,VILLA ISABELA,PUERTO PLATA,MINISTERIO DE AGRICULTURA,EMCV,34.5,22.5,0.0,https://indomet.gob.do/wp-content/uploads/2026/08/temperaturas-extremas-y-precipitaciones-2026x08x04-a.pdf
2026-08-05,001,ARPT. DE LAS AMÉRICAS,SANTO DOMINGO,INDOMET,EMCI,32.0,23.3,52.0,https://indomet.gob.do/wp-content/uploads/2026/08/temperaturas-extremas-y-precipitaciones-2026x08x05-a.pdf
2026-08-05,002,LOS LLANOS,SAN PEDRO DE MACORÍS,MINISTERIO DE AGRICULTURA,EMCI,31.0,22.5,27.6,https://indomet.gob.do/wp-content/uploads/2026/08/temperaturas-extremas-y-precipitaciones-2026x08x05-a.pdf
2026-08-05,003,JARDÍN BOTÁNICO NACIONAL,DISTRITO NACIONAL,JARDÍN BOTÁNICO NACIONAL,EMCV,33.4,22.7,23.0,https://indomet.gob.do/wp-content/uploads/2026/08/temperaturas-extremas-y-precipitaciones-2026x08x05-a.pdf
2026-08-05,004,SÁNCHEZ,SAMANÁ,MINISTERIO DE AGRICULTURA,EMCI,29.1,23.4,20.8,https://indomet.gob.do/wp-content/uploads/2026/08/temperaturas-extremas-y-precipitaciones-2026x08x05-a.pdf
2026-08-05,005,LOS PRADOS (EMA),DISTRITO NACIONAL,PRIVADA,EMAP,,,18.5,https://indomet.gob.do/wp-content/uploads/2026/08/temperaturas-extremas-y-precipitaciones-2026x08x05-a.pdf
2026-08-05,006,LUPERÓN,PUERTO PLATA,MINISTERIO DE AGRICULTURA,EMCV,,,18.3,https://indomet.gob.do/wp-content/uploads/2026/08/temperaturas-extremas-y-precipitaciones-2026x08x05-a.pdf
2026-08-05,007,SAMANÁ,SAMANÁ,COMANDANCIA DE PUERTO DE SAMANÁ,EMCI,31.8,17.0,18.0,https://indomet.gob.do/wp-content/uploads/2026/08/temperaturas-extremas-y-precipitaciones-2026x08x05-a.pdf
2026-08-05,008,LOS JARDINES (EMA),DISTRITO NACIONAL,PRIVADA,EMAP,,,14.2,https://indomet.gob.do/wp-content/uploads/2026/08/temperaturas-extremas-y-precipitaciones-2026x08x05-a.pdf
2026-08-05,009,EL CERCADO,SAN JUAN,MINISTERIO DE AGRICULTURA,EMCV,,,13.4,https://indomet.gob.do/wp-content/uploads/2026/08/temperaturas-extremas-y-precipitaciones-2026x08x05-a.pdf
2026-08-05,010,ARPT. ARROYO BARRIL,SAMANÁ,INDOMET,EMCI,30.2,23.7,13.0,https://indomet.gob.do/wp-content/uploads/2026/08/temperaturas-extremas-y-precipitaciones-2026x08x05-a.pdf
2026-08-05,011,SALCEDO,HERMANAS MIRABAL,PROPIEDAD DEL EMPLEADO,EMCI,,,12.3,https://indomet.gob.do/wp-content/uploads/2026/08/temperaturas-extremas-y-precipitaciones-2026x08x05-a.pdf
2026-08-05,012,ENSANCHE LA FE (EMA),DISTRITO NACIONAL,PRIVADA,EMAP,,,12.2,https://indomet.gob.do/wp-content/uploads/2026/08/temperaturas-extremas-y-precipitaciones-2026x08x05-a.pdf
2026-08-05,013,LA AGUSTINA (EMA),DISTRITO NACIONAL,PRIVADA,EMAP,,,12.2,https://indomet.gob.do/wp-content/uploads/2026/08/temperaturas-extremas-y-precipitaciones-2026x08x05-a.pdf
2026-08-05,014,SAN CRISTÓBAL,SAN CRISTÓBAL,INSTITUTO POLITÉCNICO LOYOLA,EMCI,35.0,21.5,11.2,https://indomet.gob.do/wp-content/uploads/2026/08/temperaturas-extremas-y-precipitaciones-2026x08x05-a.pdf
2026-08-05,015,JARABACOA,LA VEGA,INDRHI / MARENA,EMCI,31.2,17.0,10.8,https://indomet.gob.do/wp-content/uploads/2026/08/temperaturas-extremas-y-precipitaciones-2026x08x05-a.pdf
2026-08-05,016,SAN RAFAEL DEL YUMA,LA ALTAGRACIA,MINISTERIO DE AGRICULTURA,EMCI,33.0,23.4,10.6,https://indomet.gob.do/wp-content/uploads/2026/08/temperaturas-extremas-y-precipitaciones-2026x08x05-a.pdf
2026-08-05,017,JARABACOA (EMA),LA VEGA,PROGRAMA MUNDIAL DE ALIMENTO,EMAP,30.2,18.3,10.2,https://indomet.gob.do/wp-content/uploads/2026/08/temperaturas-extremas-y-precipitaciones-2026x08x05-a.pdf
2026-08-05,018,EL FACTOR (EMA),MARÍA TRINIDAD SÁNCHEZ,INTEC,EMAP,32.1,23.5,9.4,https://indomet.gob.do/wp-content/uploads/2026/08/temperaturas-extremas-y-precipitaciones-2026x08x05-a.pdf
2026-08-05,019,TAMBORIL,SANTIAGO,MINISTERIO DE AGRICULTURA,EMCV,,,9.4,https://indomet.gob.do/wp-content/uploads/2026/08/temperaturas-extremas-y-precipitaciones-2026x08x05-a.pdf
2026-08-05,020,JUMA BEJUCAL,MONSEÑOR NOUEL,IDIAF,EMCV,31.0,23.2,8.5,https://indomet.gob.do/wp-content/uploads/2026/08/temperaturas-extremas-y-precipitaciones-2026x08x05-a.pdf
2026-08-05,021,ARPT. LA ISABELA,SANTO DOMINGO,INDOMET,EMCI,32.7,23.9,7.4,https://indomet.gob.do/wp-content/uploads/2026/08/temperaturas-extremas-y-precipitaciones-2026x08x05-a.pdf
2026-08-05,022,ARPT. DE PUNTA CANA,LA ALTAGRACIA,INDOMET,EMCI,31.5,23.2,7.2,https://indomet.gob.do/wp-content/uploads/2026/08/temperaturas-extremas-y-precipitaciones-2026x08x05-a.pdf
2026-08-05,023,PROLONGACION 27 DE FEBRERO,DISTRITO NACIONAL,PRIVADA,EMAP,,,7.2,https://indomet.gob.do/wp-content/uploads/2026/08/temperaturas-extremas-y-precipitaciones-2026x08x05-a.pdf
2026-08-05,024,POLO,BARAHONA,INDOCAFE,EMCI,31.0,18.6,6.7,https://indomet.gob.do/wp-content/uploads/2026/08/temperaturas-extremas-y-precipitaciones-2026x08x05-a.pdf
2026-08-05,025,JIMANÍ,INDEPENDENCIA,MINISTERIO DE AGRICULTURA,EMCI,39.0,27.0,6.4,https://indomet.gob.do/wp-content/uploads/2026/08/temperaturas-extremas-y-precipitaciones-2026x08x05-a.pdf
2026-08-05,026,SAN FRANCISCO DE MACORÍS,DUARTE,San Francisco de Macorís (UASD),EMCI,31.7,23.3,6.2,https://indomet.gob.do/wp-content/uploads/2026/08/temperaturas-extremas-y-precipitaciones-2026x08x05-a.pdf
2026-08-05,027,VILLA VÁSQUEZ,MONTE CRISTI,PROPIEDAD DEL EMPLEADO,EMCI,,,6.2,https://indomet.gob.do/wp-content/uploads/2026/08/temperaturas-extremas-y-precipitaciones-2026x08x05-a.pdf
2026-08-05,028,VILLA VASQUEZ (EMA),MONTE CRISTI,JUNTA DE REGANTES,EMAI,,,6.2,https://indomet.gob.do/wp-content/uploads/2026/08/temperaturas-extremas-y-precipitaciones-2026x08x05-a.pdf
2026-08-05,029,LOS CACICAZGOS (EMA),DISTRITO NACIONAL,PRIVADA,EMAP,,,6.1,https://indomet.gob.do/wp-content/uploads/2026/08/temperaturas-extremas-y-precipitaciones-2026x08x05-a.pdf
2026-08-05,030,HATO MAYOR,HATO MAYOR,MINISTERIO DE AGRICULTURA,EMCV,,,6.1,https://indomet.gob.do/wp-content/uploads/2026/08/temperaturas-extremas-y-precipitaciones-2026x08x05-a.pdf
2026-08-05,031,ARPT. EL CATEY,SAMANÁ,INDOMET,EMCI,32.5,21.5,6.0,https://indomet.gob.do/wp-content/uploads/2026/08/temperaturas-extremas-y-precipitaciones-2026x08x05-a.pdf
2026-08-05,032,PERALTA,AZUA,HOSP. MPAL. DE PERALTA,EMCI,31.7,18.5,5.6,https://indomet.gob.do/wp-content/uploads/2026/08/temperaturas-extremas-y-precipitaciones-2026x08x05-a.pdf
2026-08-05,033,LA VICTORIA,SANTO DOMINGO,CUERPO DE BOMBEROS,EMCI,33.8,23.0,4.7,https://indomet.gob.do/wp-content/uploads/2026/08/temperaturas-extremas-y-precipitaciones-2026x08x05-a.pdf
2026-08-05,034,PARQUE MIRADOR SUR,DISTRITO NACIONAL,AYUNTAMIENTO,EMCV,33.9,22.4,4.2,https://indomet.gob.do/wp-content/uploads/2026/08/temperaturas-extremas-y-precipitaciones-2026x08x05-a.pdf
2026-08-05,035,EL MILLON (EMA),DISTRITO NACIONAL,PRIVADA,EMAP,,,4.1,https://indomet.gob.do/wp-content/uploads/2026/08/temperaturas-extremas-y-precipitaciones-2026x08x05-a.pdf
2026-08-05,036,PALO ÍNDIO,PUERTO PLATA,MINISTERIO DE AGRICULTURA,EMCI,,,3.8,https://indomet.gob.do/wp-content/uploads/2026/08/temperaturas-extremas-y-precipitaciones-2026x08x05-a.pdf
2026-08-05,037,HONDO VALLE,ELÍAS PIÑA,MINISTERIO DE AGRICULTURA,EMCI,29.2,19.0,3.7,https://indomet.gob.do/wp-content/uploads/2026/08/temperaturas-extremas-y-precipitaciones-2026x08x05-a.pdf
2026-08-05,038,OVIEDO,PEDERNALES,CLÍNICA RURAL OVIEDO,EMCI,34.5,24.5,3.6,https://indomet.gob.do/wp-content/uploads/2026/08/temperaturas-extremas-y-precipitaciones-2026x08x05-a.pdf
2026-08-05,039,SANTO DOMINGO ESTE,SANTO DOMINGO,INDOMET,EMCI,33.5,24.8,3.5,https://indomet.gob.do/wp-content/uploads/2026/08/temperaturas-extremas-y-precipitaciones-2026x08x05-a.pdf
2026-08-05,040,VILLA ISABELA,PUERTO PLATA,MINISTERIO DE AGRICULTURA,EMCV,34.0,22.0,3.2,https://indomet.gob.do/wp-content/uploads/2026/08/temperaturas-extremas-y-precipitaciones-2026x08x05-a.pdf
2026-08-05,041,BASE AÉREA DE SAN ISIDRO,SANTO DOMINGO,FUERZA AÉREA DOMINICANA,EMCV,33.4,23.2,3.0,https://indomet.gob.do/wp-content/uploads/2026/08/temperaturas-extremas-y-precipitaciones-2026x08x05-a.pdf
2026-08-05,042,LOS JENGIBRES,NAGUA,INDRHI,EMCI,,,2.9,https://indomet.gob.do/wp-content/uploads/2026/08/temperaturas-extremas-y-precipitaciones-2026x08x05-a.pdf
2026-08-05,043,ALTAMIRA,PUERTO PLATA,HOSP. MPAL. DE ALTAMIRA,EMCI,34.5,20.9,2.4,https://indomet.gob.do/wp-content/uploads/2026/08/temperaturas-extremas-y-precipitaciones-2026x08x05-a.pdf
2026-08-05,044,LA VEGA,LA VEGA,IATESA,EMCI,34.0,23.5,2.2,https://indomet.gob.do/wp-content/uploads/2026/08/temperaturas-extremas-y-precipitaciones-2026x08x05-a.pdf
2026-08-05,045,SABANA DE LA MAR,HATO MAYOR,INDOMET,EMCI,32.0,22.8,2.1,https://indomet.gob.do/wp-content/uploads/2026/08/temperaturas-extremas-y-precipitaciones-2026x08x05-a.pdf
2026-08-05,046,GASPAR HERNÁNDEZ,ESPAILLAT,PROPIEDAD DEL EMPLEADO,EMCI,,,2.0,https://indomet.gob.do/wp-content/uploads/2026/08/temperaturas-extremas-y-precipitaciones-2026x08x05-a.pdf
2026-08-05,047,SANTIAGO (CENTRO),SANTIAGO,HUACALITO,EMCI,,,2.0,https://indomet.gob.do/wp-content/uploads/2026/08/temperaturas-extremas-y-precipitaciones-2026x08x05-a.pdf
2026-08-05,048,ARPT. DE LA ROMANA,LA ROMANA,INDOMET,EMCI,33.5,22.5,1.9,https://indomet.gob.do/wp-content/uploads/2026/08/temperaturas-extremas-y-precipitaciones-2026x08x05-a.pdf
2026-08-05,049,ANAMUYA (EMA),LA ALTAGRACIA,MINISTERIO DE AGRICULTURA,EMAP,34.5,23.9,1.8,https://indomet.gob.do/wp-content/uploads/2026/08/temperaturas-extremas-y-precipitaciones-2026x08x05-a.pdf
2026-08-05,050,CENTRO DE LOS HEROES (EMA),DISTRITO NACIONAL,MINISTERIO DE ENERGIA Y MINA,EMAP,31.9,26.4,1.8,https://indomet.gob.do/wp-content/uploads/2026/08/temperaturas-extremas-y-precipitaciones-2026x08x05-a.pdf
2026-08-05,051,PARQUE MIRADOR NORTE,SANTO DOMINGO,AYUNTAMIENTO,EMCV,,,1.8,https://indomet.gob.do/wp-content/uploads/2026/08/temperaturas-extremas-y-precipitaciones-2026x08x05-a.pdf
2026-08-05,052,PADRE LAS CASAS,AZUA,HOSP. NTRA. SRA. DEL CARMEN,EMCI,33.7,19.5,1.6,https://indomet.gob.do/wp-content/uploads/2026/08/temperaturas-extremas-y-precipitaciones-2026x08x05-a.pdf
2026-08-05,053,ARPT. DEL CIBAO,SANTIAGO,INDOMET,EMCI,32.4,23.4,1.3,https://indomet.gob.do/wp-content/uploads/2026/08/temperaturas-extremas-y-precipitaciones-2026x08x05-a.pdf
2026-08-05,054,ARROYO LORO,SAN JUAN,IDIAF,EMCI,35.0,20.3,1.3,https://indomet.gob.do/wp-content/uploads/2026/08/temperaturas-extremas-y-precipitaciones-2026x08x05-a.pdf
2026-08-05,055,ARPT. GREGORIO LUPERÓN,PUERTO PLATA,INDOMET,EMCI,32.2,23.3,1.2,https://indomet.gob.do/wp-content/uploads/2026/08/temperaturas-extremas-y-precipitaciones-2026x08x05-a.pdf
2026-08-05,056,BELLA VISTA (EMA),DISTRITO NACIONAL,PRIVADA,EMAP,,,1.0,https://indomet.gob.do/wp-content/uploads/2026/08/temperaturas-extremas-y-precipitaciones-2026x08x05-a.pdf
2026-08-05,057,JANICO (EMA),LA VEGA,PLAN SIERRA,EMAI,,,0.8,https://indomet.gob.do/wp-content/uploads/2026/08/temperaturas-extremas-y-precipitaciones-2026x08x05-a.pdf
2026-08-05,058,ENRIQUILLO,BARAHONA,MINISTERIO DE AGRICULTURA,EMCV,34.7,24.0,0.4,https://indomet.gob.do/wp-content/uploads/2026/08/temperaturas-extremas-y-precipitaciones-2026x08x05-a.pdf
2026-08-05,059,ALTO BANDERA (EMA),LA VEGA,INTEC,EMAP,15.4,9.3,0.3,https://indomet.gob.do/wp-content/uploads/2026/08/temperaturas-extremas-y-precipitaciones-2026x08x05-a.pdf
2026-08-05,060,SAJOMA (EMA),SANTIAGO,PLAN SIERRA,EMAI,32.4,25.9,0.2,https://indomet.gob.do/wp-content/uploads/2026/08/temperaturas-extremas-y-precipitaciones-2026x08x05-a.pdf
2026-08-05,061,CABRAL,BARAHONA,MINISTERIO DE AGRICULTURA,EMCV,35.8,26.0,0.1,https://indomet.gob.do/wp-content/uploads/2026/08/temperaturas-extremas-y-precipitaciones-2026x08x05-a.pdf
2026-08-05,062,RANCHO ARRIBA,SAN JOSÉ DE OCOA,CENTRO TECNOLÓGICO COMUNITARIO,EMCI,30.0,17.4,0.1,https://indomet.gob.do/wp-content/uploads/2026/08/temperaturas-extremas-y-precipitaciones-2026x08x05-a.pdf
2026-08-05,063,SABANA GRANDE DE BOYÁ,MONTE PLATA,MINISTERIO DE AGRICULTURA,EMCV,,,0.1,https://indomet.gob.do/wp-content/uploads/2026/08/temperaturas-extremas-y-precipitaciones-2026x08x05-a.pdf
2026-08-05,064,MAO,VALVERDE,INDRHI / MINISTERIO DE AGRICULTURA,EMCV,,,0.0,https://indomet.gob.do/wp-content/uploads/2026/08/temperaturas-extremas-y-precipitaciones-2026x08x05-a.pdf
2026-08-05,065,ARPT. MARÍA MONTEZ,BARAHONA,INDOMET,EMCI,34.0,25.0,0.0,https://indomet.gob.do/wp-content/uploads/2026/08/temperaturas-extremas-y-precipitaciones-2026x08x05-a.pdf
2026-08-05,066,BANI (EMA),PERAVIA,MINISTERIO DE AGRICULTURA,EMAP,34.4,,0.0,https://indomet.gob.do/wp-content/uploads/2026/08/temperaturas-extremas-y-precipitaciones-2026x08x05-a.pdf
2026-08-05,067,BAYAGUANA,MONTE PLATA,INDOMET,EMCI,31.8,22.5,0.0,https://indomet.gob.do/wp-content/uploads/2026/08/temperaturas-extremas-y-precipitaciones-2026x08x05-a.pdf
2026-08-05,068,BOCA DE MAO (EMA),VALVERDE,MINISTERIO DE AGRICULTURA,EMAP,36.5,24.6,0.0,https://indomet.gob.do/wp-content/uploads/2026/08/temperaturas-extremas-y-precipitaciones-2026x08x05-a.pdf
2026-08-05,069,BUCARA (EMA),SANTIAGO,MINISTERIO DE AGRICULTURA,EMAI,,,0.0,https://indomet.gob.do/wp-content/uploads/2026/08/temperaturas-extremas-y-precipitaciones-2026x08x05-a.pdf
2026-08-05,070,CABRERA,MARÍA TRINIDAD SÁNCHEZ,ESCUELA ARÍSTIDES FIALLO CABRAL,EMCI,34.5,26.0,0.0,https://indomet.gob.do/wp-content/uploads/2026/08/temperaturas-extremas-y-precipitaciones-2026x08x05-a.pdf
2026-08-05,071,CONSTANZA,LA VEGA,MINISTERIO DE AGRICULTURA,EMCI,27.7,11.5,0.0,https://indomet.gob.do/wp-content/uploads/2026/08/temperaturas-extremas-y-precipitaciones-2026x08x05-a.pdf
2026-08-05,072,CONSTANZA (EMA),LA VEGA,PROGRAMA MUNDIAL DE ALIMENTO,EMAP,26.3,13.7,0.0,https://indomet.gob.do/wp-content/uploads/2026/08/temperaturas-extremas-y-precipitaciones-2026x08x05-a.pdf
2026-08-05,073,COTUÍ,SÁNCHEZ RAMÍREZ,HOSP. INMACULADA CONCEPCIÓN,EMCV,,,0.0,https://indomet.gob.do/wp-content/uploads/2026/08/temperaturas-extremas-y-precipitaciones-2026x08x05-a.pdf
2026-08-05,074,DAJABÓN,DAJABÓN,INSTITUTO POLITÉCNICO LOYOLA,EMCI,36.9,24.1,0.0,https://indomet.gob.do/wp-content/uploads/2026/08/temperaturas-extremas-y-precipitaciones-2026x08x05-a.pdf
2026-08-05,075,ELÍAS PIÑA,ELÍAS PIÑA,MINISTERIO DE AGRICULTURA,EMCV,,,0.0,https://indomet.gob.do/wp-content/uploads/2026/08/temperaturas-extremas-y-precipitaciones-2026x08x05-a.pdf
2026-08-05,076,ESCONDIDO,PERAVIA,MINISTERIO DE AGRICULTURA,EMCV,34.0,27.0,0.0,https://indomet.gob.do/wp-content/uploads/2026/08/temperaturas-extremas-y-precipitaciones-2026x08x05-a.pdf
2026-08-05,077,GURABO,SANTIAGO,MINISTERIO DE AGRICULTURA,EMCV,,,0.0,https://indomet.gob.do/wp-content/uploads/2026/08/temperaturas-extremas-y-precipitaciones-2026x08x05-a.pdf
2026-08-05,078,JARDÍN BOTÁNICO SANTIAGO (EMSANTIAGO,,JARDIN BOTANICO SANTIAGO,EMAI,33.5,27.5,0.0,https://indomet.gob.do/wp-content/uploads/2026/08/temperaturas-extremas-y-precipitaciones-2026x08x05-a.pdf
2026-08-05,079,LAS CANAS (EMA),MONTE CRISTI,PROGRAMA MUNDIAL DE ALIMENTO,EMAP,30.9,22.8,0.0,https://indomet.gob.do/wp-content/uploads/2026/08/temperaturas-extremas-y-precipitaciones-2026x08x05-a.pdf
2026-08-05,080,LOS COCOS (EMA),BAHORUCO,PRIVADA,EMAP,,,0.0,https://indomet.gob.do/wp-content/uploads/2026/08/temperaturas-extremas-y-precipitaciones-2026x08x05-a.pdf
2026-08-05,081,MICHES (EMA),EL SEIBO,PRIVADA,EMAP,,,0.0,https://indomet.gob.do/wp-content/uploads/2026/08/temperaturas-extremas-y-precipitaciones-2026x08x05-a.pdf
2026-08-05,082,MONCIÓN (EMA),SANTIAGO RODRÍGUEZ,PROGRAMA MUNDIAL DE ALIMENTO,EMAP,33.5,20.6,0.0,https://indomet.gob.do/wp-content/uploads/2026/08/temperaturas-extremas-y-precipitaciones-2026x08x05-a.pdf
2026-08-05,083,MONTE CRISTI,MONTE CRISTI,INDOMET,EMCI,34.8,26.4,0.0,https://indomet.gob.do/wp-content/uploads/2026/08/temperaturas-extremas-y-precipitaciones-2026x08x05-a.pdf
2026-08-05,084,OLIVARES,PEDERNALES,INDRHI,EMCI,,,0.0,https://indomet.gob.do/wp-content/uploads/2026/08/temperaturas-extremas-y-precipitaciones-2026x08x05-a.pdf
2026-08-05,085,PASO AL MEDIO,SAN PEDRO DE MACORÍS,INDRHI,EMCI,,,0.0,https://indomet.gob.do/wp-content/uploads/2026/08/temperaturas-extremas-y-precipitaciones-2026x08x05-a.pdf
2026-08-05,086,PEDERNALES,PEDERNALES,INDRHI,EMCI,,,0.0,https://indomet.gob.do/wp-content/uploads/2026/08/temperaturas-extremas-y-precipitaciones-2026x08x05-a.pdf
2026-08-05,087,PRESA DE TAVERAS (EMA),LA VEGA,PROGRAMA MUNDIAL DE ALIMENTO,EMAP,32.3,21.9,0.0,https://indomet.gob.do/wp-content/uploads/2026/08/temperaturas-extremas-y-precipitaciones-2026x08x05-a.pdf
2026-08-05,088,RESTAURACIÓN,DAJABÓN,MINISTERIO DE AGRICULTURA,EMCI,33.4,18.5,0.0,https://indomet.gob.do/wp-content/uploads/2026/08/temperaturas-extremas-y-precipitaciones-2026x08x05-a.pdf
2026-08-05,089,RÍO SAN JUAN,MARÍA TRINIDAD SÁNCHEZ,HOSP. MPAL. DR. DESIDERIO ACOSTA,EMCV,33.8,25.4,0.0,https://indomet.gob.do/wp-content/uploads/2026/08/temperaturas-extremas-y-precipitaciones-2026x08x05-a.pdf
2026-08-05,090,SABANETA (EMA),SANTIAGO RODRÍGUEZ,PROGRAMA MUNDIAL DE ALIMENTO,EMAP,36.0,23.0,0.0,https://indomet.gob.do/wp-content/uploads/2026/08/temperaturas-extremas-y-precipitaciones-2026x08x05-a.pdf
2026-08-05,091,SAN JOSÉ DE OCOA,SAN JOSÉ DE OCOA,HOSP. SAN JOSÉ DE OCOA,EMCI,33.0,22.6,0.0,https://indomet.gob.do/wp-content/uploads/2026/08/temperaturas-extremas-y-precipitaciones-2026x08x05-a.pdf
2026-08-05,092,SANTIAGO RODRÍGUEZ,SANTIAGO RODRÍGUEZ,INDOMET,EMCI,36.5,23.6,0.0,https://indomet.gob.do/wp-content/uploads/2026/08/temperaturas-extremas-y-precipitaciones-2026x08x05-a.pdf
2026-08-05,093,TÁBARA ABAJO,AZUA,INDRHI,EMCI,34.5,22.0,0.0,https://indomet.gob.do/wp-content/uploads/2026/08/temperaturas-extremas-y-precipitaciones-2026x08x05-a.pdf
2026-08-05,094,TAVERA,SANTIAGO,INDRHI,EMCI,,,0.0,https://indomet.gob.do/wp-content/uploads/2026/08/temperaturas-extremas-y-precipitaciones-2026x08x05-a.pdf
2026-08-05,095,VILLA ALTAGRACIA,SAN CRISTÓBAL,ESCUELA JAVIER ANGULO GURIDI,EMCI,,,0.0,https://indomet.gob.do/wp-content/uploads/2026/08/temperaturas-extremas-y-precipitaciones-2026x08x05-a.pdf
2026-08-05,096,VILLA GONZALES,SANTIAGO,MINISTERIO DE AGRICULTURA,EMCI,,,0.0,https://indomet.gob.do/wp-content/uploads/2026/08/temperaturas-extremas-y-precipitaciones-2026x08x05-a.pdf
2026-08-05,097,VILLA RIVA,DUARTE,HOSP. MPAL. ALICIA DE LEGENDRE,EMCI,34.0,23.6,0.0,https://indomet.gob.do/wp-content/uploads/2026/08/temperaturas-extremas-y-precipitaciones-2026x08x05-a.pdf
2026-08-05,098,NAVARRETE,SANTIAGO,MINISTERIO DE AGRICULTURA,EMCV,,,0.0,https://indomet.gob.do/wp-content/uploads/2026/08/temperaturas-extremas-y-precipitaciones-2026x08x05-a.pdf
2026-08-06,001,RESTAURACIÓN,DAJABÓN,MINISTERIO DE AGRICULTURA,EMCI,33.8,18.9,27.1,https://indomet.gob.do/wp-content/uploads/2026/08/temperaturas-extremas-y-precipitaciones-2026x08x06-a.pdf
2026-08-06,002,CASTILLO (EMA),DUARTE,PRIVADA,EMAP,,,17.5,https://indomet.gob.do/wp-content/uploads/2026/08/temperaturas-extremas-y-precipitaciones-2026x08x06-a.pdf
2026-08-06,003,PERALTA,AZUA,HOSP. MPAL. DE PERALTA,EMCI,32.8,18.0,16.0,https://indomet.gob.do/wp-content/uploads/2026/08/temperaturas-extremas-y-precipitaciones-2026x08x06-a.pdf
2026-08-06,004,MAO,VALVERDE,INDRHI / MINISTERIO DE AGRICULTURA,EMCV,,,8.9,https://indomet.gob.do/wp-content/uploads/2026/08/temperaturas-extremas-y-precipitaciones-2026x08x06-a.pdf
2026-08-06,005,SABANA GRANDE DE BOYÁ,MONTE PLATA,MINISTERIO DE AGRICULTURA,EMCV,,,8.9,https://indomet.gob.do/wp-content/uploads/2026/08/temperaturas-extremas-y-precipitaciones-2026x08x06-a.pdf
2026-08-06,006,LA VICTORIA,SANTO DOMINGO,CUERPO DE BOMBEROS,EMCI,35.0,23.9,5.8,https://indomet.gob.do/wp-content/uploads/2026/08/temperaturas-extremas-y-precipitaciones-2026x08x06-a.pdf
2026-08-06,007,LA MORALEJA (EMA),SANTIAGO,PRIVADA,EMAP,,,5.6,https://indomet.gob.do/wp-content/uploads/2026/08/temperaturas-extremas-y-precipitaciones-2026x08x06-a.pdf
2026-08-06,008,SERRALLÉS (EMA),DISTRITO NACIONAL,PRIVADA,EMAP,,,4.3,https://indomet.gob.do/wp-content/uploads/2026/08/temperaturas-extremas-y-precipitaciones-2026x08x06-a.pdf
2026-08-06,009,JARDÍN BOTÁNICO NACIONAL,DISTRITO NACIONAL,JARDÍN BOTÁNICO NACIONAL,EMCV,32.7,22.9,3.8,https://indomet.gob.do/wp-content/uploads/2026/08/temperaturas-extremas-y-precipitaciones-2026x08x06-a.pdf
2026-08-06,010,LOS PRADOS (EMA),DISTRITO NACIONAL,PRIVADA,EMAP,,,3.6,https://indomet.gob.do/wp-content/uploads/2026/08/temperaturas-extremas-y-precipitaciones-2026x08x06-a.pdf
2026-08-06,011,BARRAQUITO (EMA),DUARTE,PROGRAMA MUNDIAL DE ALIMENTO,EMAP,35.8,23.6,3.4,https://indomet.gob.do/wp-content/uploads/2026/08/temperaturas-extremas-y-precipitaciones-2026x08x06-a.pdf
2026-08-06,012,ENSANCHE JULIETA (EMA),DISTRITO NACIONAL,PRIVADA,EMAP,,,3.3,https://indomet.gob.do/wp-content/uploads/2026/08/temperaturas-extremas-y-precipitaciones-2026x08x06-a.pdf
2026-08-06,013,LOS JARDINES (EMA),DISTRITO NACIONAL,PRIVADA,EMAP,,,2.4,https://indomet.gob.do/wp-content/uploads/2026/08/temperaturas-extremas-y-precipitaciones-2026x08x06-a.pdf
2026-08-06,014,CABRAL,BARAHONA,MINISTERIO DE AGRICULTURA,EMCV,34.5,24.8,2.2,https://indomet.gob.do/wp-content/uploads/2026/08/temperaturas-extremas-y-precipitaciones-2026x08x06-a.pdf
2026-08-06,015,LA VEGA,LA VEGA,IATESA,EMCI,36.5,23.7,1.5,https://indomet.gob.do/wp-content/uploads/2026/08/temperaturas-extremas-y-precipitaciones-2026x08x06-a.pdf
2026-08-06,016,POLO,BARAHONA,INDOCAFE,EMCI,30.0,19.3,1.3,https://indomet.gob.do/wp-content/uploads/2026/08/temperaturas-extremas-y-precipitaciones-2026x08x06-a.pdf
2026-08-06,017,SAJOMA (EMA),SANTIAGO,PLAN SIERRA,EMAI,33.9,25.3,1.2,https://indomet.gob.do/wp-content/uploads/2026/08/temperaturas-extremas-y-precipitaciones-2026x08x06-a.pdf
2026-08-06,018,VILLA ALTAGRACIA,SAN CRISTÓBAL,ESCUELA JAVIER ANGULO GURIDI,EMCI,,,1.1,https://indomet.gob.do/wp-content/uploads/2026/08/temperaturas-extremas-y-precipitaciones-2026x08x06-a.pdf
2026-08-06,019,ARPT. DEL CIBAO,SANTIAGO,INDOMET,EMCI,35.6,23.2,1.0,https://indomet.gob.do/wp-content/uploads/2026/08/temperaturas-extremas-y-precipitaciones-2026x08x06-a.pdf
2026-08-06,020,ENSANCHE LA FE (EMA),DISTRITO NACIONAL,PRIVADA,EMAP,,,0.5,https://indomet.gob.do/wp-content/uploads/2026/08/temperaturas-extremas-y-precipitaciones-2026x08x06-a.pdf
2026-08-06,021,LA AGUSTINA (EMA),DISTRITO NACIONAL,PRIVADA,EMAP,,,0.5,https://indomet.gob.do/wp-content/uploads/2026/08/temperaturas-extremas-y-precipitaciones-2026x08x06-a.pdf
2026-08-06,022,SAN RAFAEL DEL YUMA,LA ALTAGRACIA,MINISTERIO DE AGRICULTURA,EMCI,34.4,23.9,0.5,https://indomet.gob.do/wp-content/uploads/2026/08/temperaturas-extremas-y-precipitaciones-2026x08x06-a.pdf
2026-08-06,023,VILLA RIVA,DUARTE,HOSP. MPAL. ALICIA DE LEGENDRE,EMCI,33.3,23.0,0.5,https://indomet.gob.do/wp-content/uploads/2026/08/temperaturas-extremas-y-precipitaciones-2026x08x06-a.pdf
2026-08-06,024,SAMANÁ,SAMANÁ,COMANDANCIA DE PUERTO DE SAMANÁ,EMCI,34.9,18.4,0.4,https://indomet.gob.do/wp-content/uploads/2026/08/temperaturas-extremas-y-precipitaciones-2026x08x06-a.pdf
2026-08-06,025,JANICO (EMA),LA VEGA,PLAN SIERRA,EMAI,,,0.2,https://indomet.gob.do/wp-content/uploads/2026/08/temperaturas-extremas-y-precipitaciones-2026x08x06-a.pdf
2026-08-06,026,PROLONGACION 27 DE FEBRERO (EMA),DISTRITO NACIONAL,PRIVADA,EMAP,,,0.2,https://indomet.gob.do/wp-content/uploads/2026/08/temperaturas-extremas-y-precipitaciones-2026x08x06-a.pdf
2026-08-06,027,ARPT. EL CATEY,SAMANÁ,INDOMET,EMCI,33.5,21.5,0.1,https://indomet.gob.do/wp-content/uploads/2026/08/temperaturas-extremas-y-precipitaciones-2026x08x06-a.pdf
2026-08-06,028,HONDO VALLE,ELÍAS PIÑA,MINISTERIO DE AGRICULTURA,EMCI,28.9,19.8,0.1,https://indomet.gob.do/wp-content/uploads/2026/08/temperaturas-extremas-y-precipitaciones-2026x08x06-a.pdf
2026-08-06,029,OVIEDO,PEDERNALES,CLÍNICA RURAL OVIEDO,EMCI,34.0,25.5,0.1,https://indomet.gob.do/wp-content/uploads/2026/08/temperaturas-extremas-y-precipitaciones-2026x08x06-a.pdf
2026-08-06,030,ALTAMIRA,PUERTO PLATA,HOSP. MPAL. DE ALTAMIRA,EMCI,36.0,21.5,0.0,https://indomet.gob.do/wp-content/uploads/2026/08/temperaturas-extremas-y-precipitaciones-2026x08x06-a.pdf
2026-08-06,031,ALTO BANDERA (EMA),LA VEGA,INTEC,EMAP,19.1,8.9,0.0,https://indomet.gob.do/wp-content/uploads/2026/08/temperaturas-extremas-y-precipitaciones-2026x08x06-a.pdf
2026-08-06,032,ANAMUYA (EMA),LA ALTAGRACIA,MINISTERIO DE AGRICULTURA,EMAP,34.9,25.3,0.0,https://indomet.gob.do/wp-content/uploads/2026/08/temperaturas-extremas-y-precipitaciones-2026x08x06-a.pdf
2026-08-06,033,ARPT. ARROYO BARRIL,SAMANÁ,INDOMET,EMCI,32.3,23.8,0.0,https://indomet.gob.do/wp-content/uploads/2026/08/temperaturas-extremas-y-precipitaciones-2026x08x06-a.pdf
2026-08-06,034,ARPT. DE LA ROMANA,LA ROMANA,INDOMET,EMCI,35.0,22.0,0.0,https://indomet.gob.do/wp-content/uploads/2026/08/temperaturas-extremas-y-precipitaciones-2026x08x06-a.pdf
2026-08-06,035,ARPT. DE LAS AMÉRICAS,SANTO DOMINGO,INDOMET,EMCI,32.3,23.4,0.0,https://indomet.gob.do/wp-content/uploads/2026/08/temperaturas-extremas-y-precipitaciones-2026x08x06-a.pdf
2026-08-06,036,ARPT. DE PUNTA CANA,LA ALTAGRACIA,INDOMET,EMCI,32.6,25.0,0.0,https://indomet.gob.do/wp-content/uploads/2026/08/temperaturas-extremas-y-precipitaciones-2026x08x06-a.pdf
2026-08-06,037,ARPT. GREGORIO LUPERÓN,PUERTO PLATA,INDOMET,EMCI,35.4,23.2,0.0,https://indomet.gob.do/wp-content/uploads/2026/08/temperaturas-extremas-y-precipitaciones-2026x08x06-a.pdf
2026-08-06,038,ARPT. LA ISABELA,SANTO DOMINGO,INDOMET,EMCI,33.6,22.4,0.0,https://indomet.gob.do/wp-content/uploads/2026/08/temperaturas-extremas-y-precipitaciones-2026x08x06-a.pdf
2026-08-06,039,ARPT. MARÍA MONTEZ,BARAHONA,INDOMET,EMCI,33.2,26.0,0.0,https://indomet.gob.do/wp-content/uploads/2026/08/temperaturas-extremas-y-precipitaciones-2026x08x06-a.pdf
2026-08-06,040,ARROYO LORO,SAN JUAN,IDIAF,EMCI,33.5,21.3,0.0,https://indomet.gob.do/wp-content/uploads/2026/08/temperaturas-extremas-y-precipitaciones-2026x08x06-a.pdf
2026-08-06,041,BANI (EMA),PERAVIA,MINISTERIO DE AGRICULTURA,EMAP,32.8,26.6,0.0,https://indomet.gob.do/wp-content/uploads/2026/08/temperaturas-extremas-y-precipitaciones-2026x08x06-a.pdf
2026-08-06,042,BASE AÉREA DE SAN ISIDRO,SANTO DOMINGO,FUERZA AÉREA DOMINICANA,EMCV,32.0,25.0,0.0,https://indomet.gob.do/wp-content/uploads/2026/08/temperaturas-extremas-y-precipitaciones-2026x08x06-a.pdf
2026-08-06,043,BAYAGUANA,MONTE PLATA,INDOMET,EMCI,35.0,21.8,0.0,https://indomet.gob.do/wp-content/uploads/2026/08/temperaturas-extremas-y-precipitaciones-2026x08x06-a.pdf
2026-08-06,044,BELLA VISTA (EMA),DISTRITO NACIONAL,PRIVADA,EMAP,,,0.0,https://indomet.gob.do/wp-content/uploads/2026/08/temperaturas-extremas-y-precipitaciones-2026x08x06-a.pdf
2026-08-06,045,BOCA DE MAO (EMA),VALVERDE,MINISTERIO DE AGRICULTURA,EMAP,38.1,24.9,0.0,https://indomet.gob.do/wp-content/uploads/2026/08/temperaturas-extremas-y-precipitaciones-2026x08x06-a.pdf
2026-08-06,046,BONAO,MONSEÑOR NOUEL,MINISTERIO DE AGRICULTURA,EMCV,,,0.0,https://indomet.gob.do/wp-content/uploads/2026/08/temperaturas-extremas-y-precipitaciones-2026x08x06-a.pdf
2026-08-06,047,BUCARA (EMA),SANTIAGO,MINISTERIO DE AGRICULTURA,EMAI,,,0.0,https://indomet.gob.do/wp-content/uploads/2026/08/temperaturas-extremas-y-precipitaciones-2026x08x06-a.pdf
2026-08-06,048,CABRERA,MARÍA TRINIDAD SÁNCHEZ,ESCUELA ARÍSTIDES FIALLO CABRAL,EMCI,35.4,28.2,0.0,https://indomet.gob.do/wp-content/uploads/2026/08/temperaturas-extremas-y-precipitaciones-2026x08x06-a.pdf
2026-08-06,049,CENTRO DE LOS HEROES (EMA),DISTRITO NACIONAL,MINISTERIO DE ENERGIA Y MINA,EMAP,32.4,26.8,0.0,https://indomet.gob.do/wp-content/uploads/2026/08/temperaturas-extremas-y-precipitaciones-2026x08x06-a.pdf
2026-08-06,050,CONSTANZA,LA VEGA,MINISTERIO DE AGRICULTURA,EMCI,28.7,11.5,0.0,https://indomet.gob.do/wp-content/uploads/2026/08/temperaturas-extremas-y-precipitaciones-2026x08x06-a.pdf
2026-08-06,051,CONSTANZA (EMA),LA VEGA,PROGRAMA MUNDIAL DE ALIMENTO,EMAP,27.8,13.8,0.0,https://indomet.gob.do/wp-content/uploads/2026/08/temperaturas-extremas-y-precipitaciones-2026x08x06-a.pdf
2026-08-06,052,DAJABÓN,DAJABÓN,INSTITUTO POLITÉCNICO LOYOLA,EMCI,35.8,23.5,0.0,https://indomet.gob.do/wp-content/uploads/2026/08/temperaturas-extremas-y-precipitaciones-2026x08x06-a.pdf
2026-08-06,053,EL FACTOR (EMA),MARÍA TRINIDAD SÁNCHEZ,INTEC,EMAP,33.6,23.3,0.0,https://indomet.gob.do/wp-content/uploads/2026/08/temperaturas-extremas-y-precipitaciones-2026x08x06-a.pdf
2026-08-06,054,ELÍAS PIÑA,ELÍAS PIÑA,MINISTERIO DE AGRICULTURA,EMCV,,,0.0,https://indomet.gob.do/wp-content/uploads/2026/08/temperaturas-extremas-y-precipitaciones-2026x08x06-a.pdf
2026-08-06,055,ENRIQUILLO,BARAHONA,MINISTERIO DE AGRICULTURA,EMCV,34.2,24.4,0.0,https://indomet.gob.do/wp-content/uploads/2026/08/temperaturas-extremas-y-precipitaciones-2026x08x06-a.pdf
2026-08-06,056,ESCONDIDO,PERAVIA,MINISTERIO DE AGRICULTURA,EMCV,33.0,24.0,0.0,https://indomet.gob.do/wp-content/uploads/2026/08/temperaturas-extremas-y-precipitaciones-2026x08x06-a.pdf
2026-08-06,057,GASPAR HERNÁNDEZ,ESPAILLAT,PROPIEDAD DEL EMPLEADO,EMCI,,,0.0,https://indomet.gob.do/wp-content/uploads/2026/08/temperaturas-extremas-y-precipitaciones-2026x08x06-a.pdf
2026-08-06,058,GURABO,SANTIAGO,MINISTERIO DE AGRICULTURA,EMCV,,,0.0,https://indomet.gob.do/wp-content/uploads/2026/08/temperaturas-extremas-y-precipitaciones-2026x08x06-a.pdf
2026-08-06,059,HATO MAYOR,HATO MAYOR,MINISTERIO DE AGRICULTURA,EMCV,,,0.0,https://indomet.gob.do/wp-content/uploads/2026/08/temperaturas-extremas-y-precipitaciones-2026x08x06-a.pdf
2026-08-06,060,JARABACOA,LA VEGA,INDRHI / MARENA,EMCI,32.8,17.6,0.0,https://indomet.gob.do/wp-content/uploads/2026/08/temperaturas-extremas-y-precipitaciones-2026x08x06-a.pdf
2026-08-06,061,JARABACOA (EMA),LA VEGA,PROGRAMA MUNDIAL DE ALIMENTO,EMAP,31.9,19.3,0.0,https://indomet.gob.do/wp-content/uploads/2026/08/temperaturas-extremas-y-precipitaciones-2026x08x06-a.pdf
2026-08-06,062,JARDÍN BOTÁNICO SANTIAGO (EMA),SANTIAGO,JARDIN BOTANICO SANTIAGO,EMAI,,,0.0,https://indomet.gob.do/wp-content/uploads/2026/08/temperaturas-extremas-y-precipitaciones-2026x08x06-a.pdf
2026-08-06,063,JIMANÍ,INDEPENDENCIA,MINISTERIO DE AGRICULTURA,EMCI,36.5,26.0,0.0,https://indomet.gob.do/wp-content/uploads/2026/08/temperaturas-extremas-y-precipitaciones-2026x08x06-a.pdf
2026-08-06,064,JUMA BEJUCAL,MONSEÑOR NOUEL,IDIAF,EMCV,33.2,23.8,0.0,https://indomet.gob.do/wp-content/uploads/2026/08/temperaturas-extremas-y-precipitaciones-2026x08x06-a.pdf
2026-08-06,065,LAS CANAS (EMA),MONTE CRISTI,PROGRAMA MUNDIAL DE ALIMENTO,EMAP,32.1,24.7,0.0,https://indomet.gob.do/wp-content/uploads/2026/08/temperaturas-extremas-y-precipitaciones-2026x08x06-a.pdf
2026-08-06,066,LOS CACICAZGOS (EMA),DISTRITO NACIONAL,PRIVADA,EMAP,,,0.0,https://indomet.gob.do/wp-content/uploads/2026/08/temperaturas-extremas-y-precipitaciones-2026x08x06-a.pdf
2026-08-06,067,LOS COCOS (EMA),BAHORUCO,PRIVADA,EMAP,,,0.0,https://indomet.gob.do/wp-content/uploads/2026/08/temperaturas-extremas-y-precipitaciones-2026x08x06-a.pdf
2026-08-06,068,LOS JENGIBRES,NAGUA,INDRHI,EMCI,,,0.0,https://indomet.gob.do/wp-content/uploads/2026/08/temperaturas-extremas-y-precipitaciones-2026x08x06-a.pdf
2026-08-06,069,LOS LLANOS,SAN PEDRO DE MACORÍS,MINISTERIO DE AGRICULTURA,EMCI,33.7,23.0,0.0,https://indomet.gob.do/wp-content/uploads/2026/08/temperaturas-extremas-y-precipitaciones-2026x08x06-a.pdf
2026-08-06,070,LUPERÓN,PUERTO PLATA,MINISTERIO DE AGRICULTURA,EMCV,,,0.0,https://indomet.gob.do/wp-content/uploads/2026/08/temperaturas-extremas-y-precipitaciones-2026x08x06-a.pdf
2026-08-06,071,MICHES (EMA),EL SEIBO,PRIVADA,EMAP,,,0.0,https://indomet.gob.do/wp-content/uploads/2026/08/temperaturas-extremas-y-precipitaciones-2026x08x06-a.pdf
2026-08-06,072,MONCIÓN (EMA),SANTIAGO RODRÍGUEZ,PROGRAMA MUNDIAL DE ALIMENTO,EMAP,34.3,20.8,0.0,https://indomet.gob.do/wp-content/uploads/2026/08/temperaturas-extremas-y-precipitaciones-2026x08x06-a.pdf
2026-08-06,073,MONTE CRISTI,MONTE CRISTI,INDOMET,EMCI,35.5,25.5,0.0,https://indomet.gob.do/wp-content/uploads/2026/08/temperaturas-extremas-y-precipitaciones-2026x08x06-a.pdf
2026-08-06,074,NAVARRETE,SANTIAGO,MINISTERIO DE AGRICULTURA,EMCV,,,0.0,https://indomet.gob.do/wp-content/uploads/2026/08/temperaturas-extremas-y-precipitaciones-2026x08x06-a.pdf
2026-08-06,075,OLIVARES,PEDERNALES,INDRHI,EMCI,,,0.0,https://indomet.gob.do/wp-content/uploads/2026/08/temperaturas-extremas-y-precipitaciones-2026x08x06-a.pdf
2026-08-06,076,PADRE LAS CASAS,AZUA,HOSP. NTRA. SRA. DEL CARMEN,EMCI,32.5,19.0,0.0,https://indomet.gob.do/wp-content/uploads/2026/08/temperaturas-extremas-y-precipitaciones-2026x08x06-a.pdf
2026-08-06,077,PALO ÍNDIO,PUERTO PLATA,MINISTERIO DE AGRICULTURA,EMCI,,,0.0,https://indomet.gob.do/wp-content/uploads/2026/08/temperaturas-extremas-y-precipitaciones-2026x08x06-a.pdf
2026-08-06,078,PASO AL MEDIO,SAN PEDRO DE MACORÍS,INDRHI,EMCI,,,0.0,https://indomet.gob.do/wp-content/uploads/2026/08/temperaturas-extremas-y-precipitaciones-2026x08x06-a.pdf
2026-08-06,079,PEDERNALES,PEDERNALES,INDRHI,EMCI,,,0.0,https://indomet.gob.do/wp-content/uploads/2026/08/temperaturas-extremas-y-precipitaciones-2026x08x06-a.pdf
2026-08-06,080,PRESA DE TAVERAS (EMA),LA VEGA,PROGRAMA MUNDIAL DE ALIMENTO,EMAP,33.4,22.6,0.0,https://indomet.gob.do/wp-content/uploads/2026/08/temperaturas-extremas-y-precipitaciones-2026x08x06-a.pdf
2026-08-06,081,RANCHO ARRIBA,SAN JOSÉ DE OCOA,CENTRO TECNOLÓGICO COMUNITARIO,EMCI,33.0,17.2,0.0,https://indomet.gob.do/wp-content/uploads/2026/08/temperaturas-extremas-y-precipitaciones-2026x08x06-a.pdf
2026-08-06,082,RÍO SAN JUAN,MARÍA TRINIDAD SÁNCHEZ,HOSP. MPAL. DR. DESIDERIO ACOSTA,EMCV,36.0,24.8,0.0,https://indomet.gob.do/wp-content/uploads/2026/08/temperaturas-extremas-y-precipitaciones-2026x08x06-a.pdf
2026-08-06,083,SABANA DE LA MAR,HATO MAYOR,INDOMET,EMCI,32.2,23.0,0.0,https://indomet.gob.do/wp-content/uploads/2026/08/temperaturas-extremas-y-precipitaciones-2026x08x06-a.pdf
2026-08-06,084,SABANETA (EMA),SANTIAGO RODRÍGUEZ,PROGRAMA MUNDIAL DE ALIMENTO,EMAP,38.2,23.7,0.0,https://indomet.gob.do/wp-content/uploads/2026/08/temperaturas-extremas-y-precipitaciones-2026x08x06-a.pdf
2026-08-06,085,SALCEDO,HERMANAS MIRABAL,PROPIEDAD DEL EMPLEADO,EMCI,,,0.0,https://indomet.gob.do/wp-content/uploads/2026/08/temperaturas-extremas-y-precipitaciones-2026x08x06-a.pdf
2026-08-06,086,SAN CRISTÓBAL,SAN CRISTÓBAL,INSTITUTO POLITÉCNICO LOYOLA,EMCI,35.2,22.5,0.0,https://indomet.gob.do/wp-content/uploads/2026/08/temperaturas-extremas-y-precipitaciones-2026x08x06-a.pdf
2026-08-06,087,SAN FRANCISCO DE MACORÍS,DUARTE,San Francisco de Macorís (UASD),EMCI,34.1,23.1,0.0,https://indomet.gob.do/wp-content/uploads/2026/08/temperaturas-extremas-y-precipitaciones-2026x08x06-a.pdf
2026-08-06,088,SAN JOSÉ DE OCOA,SAN JOSÉ DE OCOA,HOSP. SAN JOSÉ DE OCOA,EMCI,33.9,22.3,0.0,https://indomet.gob.do/wp-content/uploads/2026/08/temperaturas-extremas-y-precipitaciones-2026x08x06-a.pdf
2026-08-06,089,SÁNCHEZ,SAMANÁ,MINISTERIO DE AGRICULTURA,EMCI,33.5,23.1,0.0,https://indomet.gob.do/wp-content/uploads/2026/08/temperaturas-extremas-y-precipitaciones-2026x08x06-a.pdf
2026-08-06,090,SANTIAGO RODRÍGUEZ,SANTIAGO RODRÍGUEZ,INDOMET,EMCI,38.4,24.5,0.0,https://indomet.gob.do/wp-content/uploads/2026/08/temperaturas-extremas-y-precipitaciones-2026x08x06-a.pdf
2026-08-06,091,SANTO DOMINGO ESTE,SANTO DOMINGO,INDOMET,EMCI,33.4,26.0,0.0,https://indomet.gob.do/wp-content/uploads/2026/08/temperaturas-extremas-y-precipitaciones-2026x08x06-a.pdf
2026-08-06,092,TÁBARA ABAJO,AZUA,INDRHI,EMCI,34.5,23.0,0.0,https://indomet.gob.do/wp-content/uploads/2026/08/temperaturas-extremas-y-precipitaciones-2026x08x06-a.pdf
2026-08-06,093,TAMBORIL,SANTIAGO,MINISTERIO DE AGRICULTURA,EMCV,,,0.0,https://indomet.gob.do/wp-content/uploads/2026/08/temperaturas-extremas-y-precipitaciones-2026x08x06-a.pdf
2026-08-06,094,TAVERA,SANTIAGO,INDRHI,EMCI,,,0.0,https://indomet.gob.do/wp-content/uploads/2026/08/temperaturas-extremas-y-precipitaciones-2026x08x06-a.pdf
2026-08-06,095,VILLA GONZALES,SANTIAGO,MINISTERIO DE AGRICULTURA,EMCI,,,0.0,https://indomet.gob.do/wp-content/uploads/2026/08/temperaturas-extremas-y-precipitaciones-2026x08x06-a.pdf
2026-08-06,096,VILLA ISABELA,PUERTO PLATA,MINISTERIO DE AGRICULTURA,EMCV,36.0,21.8,0.0,https://indomet.gob.do/wp-content/uploads/2026/08/temperaturas-extremas-y-precipitaciones-2026x08x06-a.pdf
2026-08-06,097,VILLA VASQUEZ (EMA),MONTE CRISTI,JUNTA DE REGANTES,EMAI,,,0.0,https://indomet.gob.do/wp-content/uploads/2026/08/temperaturas-extremas-y-precipitaciones-2026x08x06-a.pdf
2026-08-07,001,ARPT. EL CATEY,SAMANÁ,INDOMET,EMCI,32.0,21.5,36.0,https://indomet.gob.do/wp-content/uploads/2026/08/temperaturas-extremas-y-precipitaciones-2026x08x07-a.pdf
2026-08-07,002,HONDO VALLE,ELÍAS PIÑA,MINISTERIO DE AGRICULTURA,EMCI,28.5,19.3,15.3,https://indomet.gob.do/wp-content/uploads/2026/08/temperaturas-extremas-y-precipitaciones-2026x08x07-a.pdf
2026-08-07,003,ALTO BANDERA (EMA),LA VEGA,INTEC,EMAP,19.1,5.3,13.5,https://indomet.gob.do/wp-content/uploads/2026/08/temperaturas-extremas-y-precipitaciones-2026x08x07-a.pdf
2026-08-07,004,ARPT. DE PUNTA CANA,LA ALTAGRACIA,INDOMET,EMCI,33.5,21.5,8.2,https://indomet.gob.do/wp-content/uploads/2026/08/temperaturas-extremas-y-precipitaciones-2026x08x07-a.pdf
2026-08-07,005,SABANA DE LA MAR,HATO MAYOR,INDOMET,EMCI,32.6,23.4,8.1,https://indomet.gob.do/wp-content/uploads/2026/08/temperaturas-extremas-y-precipitaciones-2026x08x07-a.pdf
2026-08-07,006,EL FACTOR (EMA),MARÍA TRINIDAD SÁNCHEZ,INTEC,EMAP,35.2,24.7,6.1,https://indomet.gob.do/wp-content/uploads/2026/08/temperaturas-extremas-y-precipitaciones-2026x08x07-a.pdf
2026-08-07,007,COTUÍ (EMA),SÁNCHEZ RAMÍREZ,HOSP. INMACULADA CONCEPCIÓN,EMCV,,,5.6,https://indomet.gob.do/wp-content/uploads/2026/08/temperaturas-extremas-y-precipitaciones-2026x08x07-a.pdf
2026-08-07,008,SALCEDO,HERMANAS MIRABAL,PROPIEDAD DEL EMPLEADO,EMCI,,,5.0,https://indomet.gob.do/wp-content/uploads/2026/08/temperaturas-extremas-y-precipitaciones-2026x08x07-a.pdf
2026-08-07,009,ANAMUYA (EMA),LA ALTAGRACIA,MINISTERIO DE AGRICULTURA,EMAP,33.7,24.7,4.6,https://indomet.gob.do/wp-content/uploads/2026/08/temperaturas-extremas-y-precipitaciones-2026x08x07-a.pdf
2026-08-07,010,PERALTA,AZUA,HOSP. MPAL. DE PERALTA,EMCI,31.8,19.0,4.6,https://indomet.gob.do/wp-content/uploads/2026/08/temperaturas-extremas-y-precipitaciones-2026x08x07-a.pdf
2026-08-07,011,ARPT. LA ISABELA,SANTO DOMINGO,INDOMET,EMCI,35.4,23.0,4.1,https://indomet.gob.do/wp-content/uploads/2026/08/temperaturas-extremas-y-precipitaciones-2026x08x07-a.pdf
2026-08-07,012,BELLA VISTA (EMA),DISTRITO NACIONAL,PRIVADA,EMAP,,,4.1,https://indomet.gob.do/wp-content/uploads/2026/08/temperaturas-extremas-y-precipitaciones-2026x08x07-a.pdf
2026-08-07,013,BANI (EMA),PERAVIA,MINISTERIO DE AGRICULTURA,EMAP,33.8,26.2,3.4,https://indomet.gob.do/wp-content/uploads/2026/08/temperaturas-extremas-y-precipitaciones-2026x08x07-a.pdf
2026-08-07,014,LOS LLANOS,SAN PEDRO DE MACORÍS,MINISTERIO DE AGRICULTURA,EMCI,34.0,23.5,3.4,https://indomet.gob.do/wp-content/uploads/2026/08/temperaturas-extremas-y-precipitaciones-2026x08x07-a.pdf
2026-08-07,015,ESCONDIDO,PERAVIA,MINISTERIO DE AGRICULTURA,EMCV,34.0,26.0,3.3,https://indomet.gob.do/wp-content/uploads/2026/08/temperaturas-extremas-y-precipitaciones-2026x08x07-a.pdf
2026-08-07,016,BAYAGUANA,MONTE PLATA,INDOMET,EMCI,33.6,22.4,2.7,https://indomet.gob.do/wp-content/uploads/2026/08/temperaturas-extremas-y-precipitaciones-2026x08x07-a.pdf
2026-08-07,017,LA VICTORIA,SANTO DOMINGO,CUERPO DE BOMBEROS,EMCI,33.0,23.0,2.5,https://indomet.gob.do/wp-content/uploads/2026/08/temperaturas-extremas-y-precipitaciones-2026x08x07-a.pdf
2026-08-07,018,PADRE LAS CASAS,AZUA,HOSP. NTRA. SRA. DEL CARMEN,EMCI,34.0,17.8,2.4,https://indomet.gob.do/wp-content/uploads/2026/08/temperaturas-extremas-y-precipitaciones-2026x08x07-a.pdf
2026-08-07,019,JUMA BEJUCAL,MONSEÑOR NOUEL,IDIAF,EMCV,34.8,23.4,2.3,https://indomet.gob.do/wp-content/uploads/2026/08/temperaturas-extremas-y-precipitaciones-2026x08x07-a.pdf
2026-08-07,020,PARQUE MIRADOR NORTE,SANTO DOMINGO,AYUNTAMIENTO,EMCV,,,2.3,https://indomet.gob.do/wp-content/uploads/2026/08/temperaturas-extremas-y-precipitaciones-2026x08x07-a.pdf
2026-08-07,021,SAMANÁ,SAMANÁ,COMANDANCIA DE PUERTO DE SAMANÁ,EMCI,33.8,18.7,1.8,https://indomet.gob.do/wp-content/uploads/2026/08/temperaturas-extremas-y-precipitaciones-2026x08x07-a.pdf
2026-08-07,022,CABRERA,MARÍA TRINIDAD SÁNCHEZ,ESCUELA ARÍSTIDES FIALLO CABRAL,EMCI,35.5,28.2,1.4,https://indomet.gob.do/wp-content/uploads/2026/08/temperaturas-extremas-y-precipitaciones-2026x08x07-a.pdf
2026-08-07,023,ARPT. DEL CIBAO,SANTIAGO,INDOMET,EMCI,34.6,23.0,1.2,https://indomet.gob.do/wp-content/uploads/2026/08/temperaturas-extremas-y-precipitaciones-2026x08x07-a.pdf
2026-08-07,024,ARPT. DE LAS AMÉRICAS,SANTO DOMINGO,INDOMET,EMCI,32.5,23.5,1.0,https://indomet.gob.do/wp-content/uploads/2026/08/temperaturas-extremas-y-precipitaciones-2026x08x07-a.pdf
2026-08-07,025,SAN RAFAEL DEL YUMA,LA ALTAGRACIA,MINISTERIO DE AGRICULTURA,EMCI,35.5,23.8,0.9,https://indomet.gob.do/wp-content/uploads/2026/08/temperaturas-extremas-y-precipitaciones-2026x08x07-a.pdf
2026-08-07,026,RÍO SAN JUAN,MARÍA TRINIDAD SÁNCHEZ,HOSP. MPAL. DR. DESIDERIO ACOSTA,EMCV,34.8,24.6,0.8,https://indomet.gob.do/wp-content/uploads/2026/08/temperaturas-extremas-y-precipitaciones-2026x08x07-a.pdf
2026-08-07,027,VILLA RIVA,DUARTE,HOSP. MPAL. ALICIA DE LEGENDRE,EMCI,32.2,23.4,0.8,https://indomet.gob.do/wp-content/uploads/2026/08/temperaturas-extremas-y-precipitaciones-2026x08x07-a.pdf
2026-08-07,028,SANTO DOMINGO ESTE,SANTO DOMINGO,INDOMET,EMCI,33.5,25.5,0.4,https://indomet.gob.do/wp-content/uploads/2026/08/temperaturas-extremas-y-precipitaciones-2026x08x07-a.pdf
2026-08-07,029,LA AGUSTINA (EMA),DISTRITO NACIONAL,PRIVADA,EMAP,,,0.3,https://indomet.gob.do/wp-content/uploads/2026/08/temperaturas-extremas-y-precipitaciones-2026x08x07-a.pdf
2026-08-07,030,ARPT. GREGORIO LUPERÓN,PUERTO PLATA,INDOMET,EMCI,34.0,23.0,0.2,https://indomet.gob.do/wp-content/uploads/2026/08/temperaturas-extremas-y-precipitaciones-2026x08x07-a.pdf
2026-08-07,031,ENSANCHE LA FE (EMA),DISTRITO NACIONAL,PRIVADA,EMAP,,,0.2,https://indomet.gob.do/wp-content/uploads/2026/08/temperaturas-extremas-y-precipitaciones-2026x08x07-a.pdf
2026-08-07,032,CABRAL,BARAHONA,MINISTERIO DE AGRICULTURA,EMCV,34.0,24.0,0.1,https://indomet.gob.do/wp-content/uploads/2026/08/temperaturas-extremas-y-precipitaciones-2026x08x07-a.pdf
2026-08-07,033,HATO MAYOR,HATO MAYOR,MINISTERIO DE AGRICULTURA,EMCV,,,0.1,https://indomet.gob.do/wp-content/uploads/2026/08/temperaturas-extremas-y-precipitaciones-2026x08x07-a.pdf
2026-08-07,034,LA VEGA,LA VEGA,IATESA,EMCI,36.5,24.0,0.1,https://indomet.gob.do/wp-content/uploads/2026/08/temperaturas-extremas-y-precipitaciones-2026x08x07-a.pdf
2026-08-07,035,PEDERNALES,PEDERNALES,INDRHI,EMCI,34.0,24.0,0.1,https://indomet.gob.do/wp-content/uploads/2026/08/temperaturas-extremas-y-precipitaciones-2026x08x07-a.pdf
2026-08-07,036,POLO,BARAHONA,INDOCAFE,EMCI,30.3,18.5,0.1,https://indomet.gob.do/wp-content/uploads/2026/08/temperaturas-extremas-y-precipitaciones-2026x08x07-a.pdf
2026-08-07,037,SABANA GRANDE DE BOYÁ,MONTE PLATA,MINISTERIO DE AGRICULTURA,EMCV,,,0.1,https://indomet.gob.do/wp-content/uploads/2026/08/temperaturas-extremas-y-precipitaciones-2026x08x07-a.pdf
2026-08-07,038,ALTAMIRA,PUERTO PLATA,HOSP. MPAL. DE ALTAMIRA,EMCI,35.4,21.5,0.0,https://indomet.gob.do/wp-content/uploads/2026/08/temperaturas-extremas-y-precipitaciones-2026x08x07-a.pdf
2026-08-07,039,ARPT. ARROYO BARRIL,SAMANÁ,INDOMET,EMCI,32.4,24.3,0.0,https://indomet.gob.do/wp-content/uploads/2026/08/temperaturas-extremas-y-precipitaciones-2026x08x07-a.pdf
2026-08-07,040,ARPT. DE LA ROMANA,LA ROMANA,INDOMET,EMCI,36.0,23.0,0.0,https://indomet.gob.do/wp-content/uploads/2026/08/temperaturas-extremas-y-precipitaciones-2026x08x07-a.pdf
2026-08-07,041,ARPT. MARÍA MONTEZ,BARAHONA,INDOMET,EMCI,33.5,25.0,0.0,https://indomet.gob.do/wp-content/uploads/2026/08/temperaturas-extremas-y-precipitaciones-2026x08x07-a.pdf
2026-08-07,042,ARROYO LORO,SAN JUAN,IDIAF,EMCI,34.8,19.5,0.0,https://indomet.gob.do/wp-content/uploads/2026/08/temperaturas-extremas-y-precipitaciones-2026x08x07-a.pdf
2026-08-07,043,BOCA DE MAO (EMA),VALVERDE,MINISTERIO DE AGRICULTURA,EMAP,37.5,25.3,0.0,https://indomet.gob.do/wp-content/uploads/2026/08/temperaturas-extremas-y-precipitaciones-2026x08x07-a.pdf
2026-08-07,044,BONAO,MONSEÑOR NOUEL,MINISTERIO DE AGRICULTURA,EMCV,,,0.0,https://indomet.gob.do/wp-content/uploads/2026/08/temperaturas-extremas-y-precipitaciones-2026x08x07-a.pdf
2026-08-07,045,BUCARA (EMA),SANTIAGO,MINISTERIO DE AGRICULTURA,EMAI,,,0.0,https://indomet.gob.do/wp-content/uploads/2026/08/temperaturas-extremas-y-precipitaciones-2026x08x07-a.pdf
2026-08-07,046,CENTRO DE LOS HEROES (EMA),DISTRITO NACIONAL,MINISTERIO DE ENERGIA Y MINA,EMAP,33.1,26.7,0.0,https://indomet.gob.do/wp-content/uploads/2026/08/temperaturas-extremas-y-precipitaciones-2026x08x07-a.pdf
2026-08-07,047,CONSTANZA,LA VEGA,MINISTERIO DE AGRICULTURA,EMCI,29.0,12.5,0.0,https://indomet.gob.do/wp-content/uploads/2026/08/temperaturas-extremas-y-precipitaciones-2026x08x07-a.pdf
2026-08-07,048,CONSTANZA (EMA),LA VEGA,PROGRAMA MUNDIAL DE ALIMENTO,EMAP,28.0,14.6,0.0,https://indomet.gob.do/wp-content/uploads/2026/08/temperaturas-extremas-y-precipitaciones-2026x08x07-a.pdf
2026-08-07,049,DAJABÓN,DAJABÓN,INSTITUTO POLITÉCNICO LOYOLA,EMCI,36.3,22.4,0.0,https://indomet.gob.do/wp-content/uploads/2026/08/temperaturas-extremas-y-precipitaciones-2026x08x07-a.pdf
2026-08-07,050,EL MILLON (EMA),DISTRITO NACIONAL,PRIVADA,EMAP,,,0.0,https://indomet.gob.do/wp-content/uploads/2026/08/temperaturas-extremas-y-precipitaciones-2026x08x07-a.pdf
2026-08-07,051,ELÍAS PIÑA,ELÍAS PIÑA,MINISTERIO DE AGRICULTURA,EMCV,,,0.0,https://indomet.gob.do/wp-content/uploads/2026/08/temperaturas-extremas-y-precipitaciones-2026x08x07-a.pdf
2026-08-07,052,ENRIQUILLO,BARAHONA,MINISTERIO DE AGRICULTURA,EMCV,34.0,25.0,0.0,https://indomet.gob.do/wp-content/uploads/2026/08/temperaturas-extremas-y-precipitaciones-2026x08x07-a.pdf
2026-08-07,053,GASPAR HERNÁNDEZ,ESPAILLAT,PROPIEDAD DEL EMPLEADO,EMCI,,,0.0,https://indomet.gob.do/wp-content/uploads/2026/08/temperaturas-extremas-y-precipitaciones-2026x08x07-a.pdf
2026-08-07,054,GURABO,SANTIAGO,MINISTERIO DE AGRICULTURA,EMCV,,,0.0,https://indomet.gob.do/wp-content/uploads/2026/08/temperaturas-extremas-y-precipitaciones-2026x08x07-a.pdf
2026-08-07,055,JARABACOA,LA VEGA,INDRHI / MARENA,EMCI,33.4,18.0,0.0,https://indomet.gob.do/wp-content/uploads/2026/08/temperaturas-extremas-y-precipitaciones-2026x08x07-a.pdf
2026-08-07,056,JARABACOA (EMA),LA VEGA,PROGRAMA MUNDIAL DE ALIMENTO,EMAP,,,0.0,https://indomet.gob.do/wp-content/uploads/2026/08/temperaturas-extremas-y-precipitaciones-2026x08x07-a.pdf
2026-08-07,057,JARDÍN BOTÁNICO SANTIAGO (EMSANTIAGO,,JARDIN BOTANICO SANTIAGO,EMAI,35.4,23.9,0.0,https://indomet.gob.do/wp-content/uploads/2026/08/temperaturas-extremas-y-precipitaciones-2026x08x07-a.pdf
2026-08-07,058,JIMANÍ,INDEPENDENCIA,MINISTERIO DE AGRICULTURA,EMCI,37.0,26.2,0.0,https://indomet.gob.do/wp-content/uploads/2026/08/temperaturas-extremas-y-precipitaciones-2026x08x07-a.pdf
2026-08-07,059,LAS CANAS (EMA),MONTE CRISTI,PROGRAMA MUNDIAL DE ALIMENTO,EMAP,31.7,24.2,0.0,https://indomet.gob.do/wp-content/uploads/2026/08/temperaturas-extremas-y-precipitaciones-2026x08x07-a.pdf
2026-08-07,060,LOS CACICAZGOS (EMA),DISTRITO NACIONAL,PRIVADA,EMAP,,,0.0,https://indomet.gob.do/wp-content/uploads/2026/08/temperaturas-extremas-y-precipitaciones-2026x08x07-a.pdf
2026-08-07,061,LOS COCOS (EMA),BAHORUCO,PRIVADA,EMAP,,,0.0,https://indomet.gob.do/wp-content/uploads/2026/08/temperaturas-extremas-y-precipitaciones-2026x08x07-a.pdf
2026-08-07,062,LOS JARDINES (EMA),DISTRITO NACIONAL,PRIVADA,EMAP,,,0.0,https://indomet.gob.do/wp-content/uploads/2026/08/temperaturas-extremas-y-precipitaciones-2026x08x07-a.pdf
2026-08-07,063,LOS PRADOS (EMA),DISTRITO NACIONAL,PRIVADA,EMAP,,,0.0,https://indomet.gob.do/wp-content/uploads/2026/08/temperaturas-extremas-y-precipitaciones-2026x08x07-a.pdf
2026-08-07,064,MAO,VALVERDE,INDRHI / MINISTERIO DE AGRICULTURA,EMCV,,,0.0,https://indomet.gob.do/wp-content/uploads/2026/08/temperaturas-extremas-y-precipitaciones-2026x08x07-a.pdf
2026-08-07,065,MICHES (EMA),EL SEIBO,PRIVADA,EMAP,32.8,23.9,0.0,https://indomet.gob.do/wp-content/uploads/2026/08/temperaturas-extremas-y-precipitaciones-2026x08x07-a.pdf
2026-08-07,066,MONCIÓN (EMA),SANTIAGO RODRÍGUEZ,PROGRAMA MUNDIAL DE ALIMENTO,EMAP,34.8,20.3,0.0,https://indomet.gob.do/wp-content/uploads/2026/08/temperaturas-extremas-y-precipitaciones-2026x08x07-a.pdf
2026-08-07,067,MONTE CRISTI,MONTE CRISTI,INDOMET,EMCI,35.8,25.8,0.0,https://indomet.gob.do/wp-content/uploads/2026/08/temperaturas-extremas-y-precipitaciones-2026x08x07-a.pdf
2026-08-07,068,NAVARRETE,SANTIAGO,MINISTERIO DE AGRICULTURA,EMCV,,,0.0,https://indomet.gob.do/wp-content/uploads/2026/08/temperaturas-extremas-y-precipitaciones-2026x08x07-a.pdf
2026-08-07,069,OLIVARES,PEDERNALES,INDRHI,EMCI,,,0.0,https://indomet.gob.do/wp-content/uploads/2026/08/temperaturas-extremas-y-precipitaciones-2026x08x07-a.pdf
2026-08-07,070,OVIEDO,PEDERNALES,CLÍNICA RURAL OVIEDO,EMCI,34.0,25.4,0.0,https://indomet.gob.do/wp-content/uploads/2026/08/temperaturas-extremas-y-precipitaciones-2026x08x07-a.pdf
2026-08-07,071,PALO DE VIENTO (EMA),SAN JUAN,MINISTERIO DE AGRICULTURA,EMAP,30.3,14.6,0.0,https://indomet.gob.do/wp-content/uploads/2026/08/temperaturas-extremas-y-precipitaciones-2026x08x07-a.pdf
2026-08-07,072,PALO ÍNDIO,PUERTO PLATA,MINISTERIO DE AGRICULTURA,EMCI,,,0.0,https://indomet.gob.do/wp-content/uploads/2026/08/temperaturas-extremas-y-precipitaciones-2026x08x07-a.pdf
2026-08-07,073,PRESA DE TAVERAS (EMA),LA VEGA,PROGRAMA MUNDIAL DE ALIMENTO,EMAP,33.8,23.1,0.0,https://indomet.gob.do/wp-content/uploads/2026/08/temperaturas-extremas-y-precipitaciones-2026x08x07-a.pdf
2026-08-07,074,PROLONGACION 27 DE FEBRERO,DISTRITO NACIONAL,PRIVADA,EMAP,,,0.0,https://indomet.gob.do/wp-content/uploads/2026/08/temperaturas-extremas-y-precipitaciones-2026x08x07-a.pdf
2026-08-07,075,RANCHO ARRIBA,SAN JOSÉ DE OCOA,CENTRO TECNOLÓGICO COMUNITARIO,EMCI,33.1,19.1,0.0,https://indomet.gob.do/wp-content/uploads/2026/08/temperaturas-extremas-y-precipitaciones-2026x08x07-a.pdf
2026-08-07,076,RESTAURACIÓN,DAJABÓN,MINISTERIO DE AGRICULTURA,EMCI,34.2,19.1,0.0,https://indomet.gob.do/wp-content/uploads/2026/08/temperaturas-extremas-y-precipitaciones-2026x08x07-a.pdf
2026-08-07,077,SABANETA (EMA),SANTIAGO RODRÍGUEZ,PROGRAMA MUNDIAL DE ALIMENTO,EMAP,34.8,20.3,0.0,https://indomet.gob.do/wp-content/uploads/2026/08/temperaturas-extremas-y-precipitaciones-2026x08x07-a.pdf
2026-08-07,078,SAJOMA (EMA),SANTIAGO,PLAN SIERRA,EMAI,33.8,23.1,0.0,https://indomet.gob.do/wp-content/uploads/2026/08/temperaturas-extremas-y-precipitaciones-2026x08x07-a.pdf
2026-08-07,079,SAN CRISTÓBAL,SAN CRISTÓBAL,INSTITUTO POLITÉCNICO LOYOLA,EMCI,35.2,23.0,0.0,https://indomet.gob.do/wp-content/uploads/2026/08/temperaturas-extremas-y-precipitaciones-2026x08x07-a.pdf
2026-08-07,080,SAN JOSÉ DE OCOA,SAN JOSÉ DE OCOA,HOSP. SAN JOSÉ DE OCOA,EMCI,34.8,23.4,0.0,https://indomet.gob.do/wp-content/uploads/2026/08/temperaturas-extremas-y-precipitaciones-2026x08x07-a.pdf
2026-08-07,081,SÁNCHEZ,SAMANÁ,MINISTERIO DE AGRICULTURA,EMCI,33.4,23.9,0.0,https://indomet.gob.do/wp-content/uploads/2026/08/temperaturas-extremas-y-precipitaciones-2026x08x07-a.pdf
2026-08-07,082,SANTIAGO RODRÍGUEZ,SANTIAGO RODRÍGUEZ,INDOMET,EMCI,38.3,24.2,0.0,https://indomet.gob.do/wp-content/uploads/2026/08/temperaturas-extremas-y-precipitaciones-2026x08x07-a.pdf
2026-08-07,083,TÁBARA ABAJO,AZUA,INDRHI,EMCI,32.5,19.5,0.0,https://indomet.gob.do/wp-content/uploads/2026/08/temperaturas-extremas-y-precipitaciones-2026x08x07-a.pdf
2026-08-07,084,VILLA GONZALES,SANTIAGO,MINISTERIO DE AGRICULTURA,EMCI,,,0.0,https://indomet.gob.do/wp-content/uploads/2026/08/temperaturas-extremas-y-precipitaciones-2026x08x07-a.pdf
2026-08-07,085,VILLA ISABELA,PUERTO PLATA,MINISTERIO DE AGRICULTURA,EMCV,35.0,22.0,0.0,https://indomet.gob.do/wp-content/uploads/2026/08/temperaturas-extremas-y-precipitaciones-2026x08x07-a.pdf
2026-08-07,086,VILLA VASQUEZ (EMA),MONTE CRISTI,JUNTA DE REGANTES,EMAI,,,0.0,https://indomet.gob.do/wp-content/uploads/2026/08/temperaturas-extremas-y-precipitaciones-2026x08x07-a.pdf
2026-08-08,001,ARPT. ARROYO BARRIL,SAMANÁ,INDOMET,EMCI,31.0,24.3,31.0,https://indomet.gob.do/wp-content/uploads/2026/08/temperaturas-extremas-y-precipitaciones-2026x08x08-a.pdf
2026-08-08,002,EL FACTOR (EMA),MARÍA TRINIDAD SÁNCHEZ,INTEC,EMAP,32.1,24.4,10.7,https://indomet.gob.do/wp-content/uploads/2026/08/temperaturas-extremas-y-precipitaciones-2026x08x08-a.pdf
2026-08-08,003,SALCEDO,HERMANAS MIRABAL,PROPIEDAD DEL EMPLEADO,EMCI,,,7.0,https://indomet.gob.do/wp-content/uploads/2026/08/temperaturas-extremas-y-precipitaciones-2026x08x08-a.pdf
2026-08-08,004,ALTO BANDERA (EMA),LA VEGA,INTEC,EMAP,15.5,9.5,3.6,https://indomet.gob.do/wp-content/uploads/2026/08/temperaturas-extremas-y-precipitaciones-2026x08x08-a.pdf
2026-08-08,005,SABANA DE LA MAR,HATO MAYOR,INDOMET,EMCI,32.0,23.8,3.2,https://indomet.gob.do/wp-content/uploads/2026/08/temperaturas-extremas-y-precipitaciones-2026x08x08-a.pdf
2026-08-08,006,ARPT. EL CATEY,SAMANÁ,INDOMET,EMCI,32.0,22.0,2.8,https://indomet.gob.do/wp-content/uploads/2026/08/temperaturas-extremas-y-precipitaciones-2026x08x08-a.pdf
2026-08-08,007,SAMANÁ,SAMANÁ,COMANDANCIA DE PUERTO DE SAMANÁ,EMCI,33.4,18.9,1.8,https://indomet.gob.do/wp-content/uploads/2026/08/temperaturas-extremas-y-precipitaciones-2026x08x08-a.pdf
2026-08-08,008,ANAMUYA (EMA),LA ALTAGRACIA,MINISTERIO DE AGRICULTURA,EMAP,34.4,26.0,0.8,https://indomet.gob.do/wp-content/uploads/2026/08/temperaturas-extremas-y-precipitaciones-2026x08x08-a.pdf
2026-08-08,009,CONSTANZA,LA VEGA,MINISTERIO DE AGRICULTURA,EMCI,28.4,11.5,0.7,https://indomet.gob.do/wp-content/uploads/2026/08/temperaturas-extremas-y-precipitaciones-2026x08x08-a.pdf
2026-08-08,010,CABRERA,MARÍA TRINIDAD SÁNCHEZ,ESCUELA ARÍSTIDES FIALLO CABRAL,EMCI,35.5,27.0,0.6,https://indomet.gob.do/wp-content/uploads/2026/08/temperaturas-extremas-y-precipitaciones-2026x08x08-a.pdf
2026-08-08,011,CONSTANZA (EMA),LA VEGA,PROGRAMA MUNDIAL DE ALIMENTO,EMAP,27.8,13.7,0.6,https://indomet.gob.do/wp-content/uploads/2026/08/temperaturas-extremas-y-precipitaciones-2026x08x08-a.pdf
2026-08-08,012,VILLA ALTAGRACIA,SAN CRISTÓBAL,ESCUELA JAVIER ANGULO GURIDI,EMCI,,,0.5,https://indomet.gob.do/wp-content/uploads/2026/08/temperaturas-extremas-y-precipitaciones-2026x08x08-a.pdf
2026-08-08,013,PERALTA,AZUA,HOSP. MPAL. DE PERALTA,EMCI,33.6,17.8,0.4,https://indomet.gob.do/wp-content/uploads/2026/08/temperaturas-extremas-y-precipitaciones-2026x08x08-a.pdf
2026-08-08,014,ENSANCHE LA FE (EMA),DISTRITO NACIONAL,PRIVADA,EMAP,,,0.3,https://indomet.gob.do/wp-content/uploads/2026/08/temperaturas-extremas-y-precipitaciones-2026x08x08-a.pdf
2026-08-08,015,ARPT. GREGORIO LUPERÓN,PUERTO PLATA,INDOMET,EMCI,33.4,23.1,0.2,https://indomet.gob.do/wp-content/uploads/2026/08/temperaturas-extremas-y-precipitaciones-2026x08x08-a.pdf
2026-08-08,016,BUCARA (EMA),SANTIAGO,MINISTERIO DE AGRICULTURA,EMAI,,,0.2,https://indomet.gob.do/wp-content/uploads/2026/08/temperaturas-extremas-y-precipitaciones-2026x08x08-a.pdf
2026-08-08,017,JANICO (EMA),LA VEGA,PLAN SIERRA,EMAI,,,0.2,https://indomet.gob.do/wp-content/uploads/2026/08/temperaturas-extremas-y-precipitaciones-2026x08x08-a.pdf
2026-08-08,018,LA AGUSTINA (EMA),DISTRITO NACIONAL,PRIVADA,EMAP,,,0.2,https://indomet.gob.do/wp-content/uploads/2026/08/temperaturas-extremas-y-precipitaciones-2026x08x08-a.pdf
2026-08-08,019,LOS PRADOS (EMA),DISTRITO NACIONAL,PRIVADA,EMAP,,,0.2,https://indomet.gob.do/wp-content/uploads/2026/08/temperaturas-extremas-y-precipitaciones-2026x08x08-a.pdf
2026-08-08,020,ARROYO LORO,SAN JUAN,IDIAF,EMCI,34.5,19.5,0.1,https://indomet.gob.do/wp-content/uploads/2026/08/temperaturas-extremas-y-precipitaciones-2026x08x08-a.pdf
2026-08-08,021,CABRAL,BARAHONA,MINISTERIO DE AGRICULTURA,EMCV,35.0,23.8,0.1,https://indomet.gob.do/wp-content/uploads/2026/08/temperaturas-extremas-y-precipitaciones-2026x08x08-a.pdf
2026-08-08,022,POLO,BARAHONA,INDOCAFE,EMCI,30.5,18.0,0.1,https://indomet.gob.do/wp-content/uploads/2026/08/temperaturas-extremas-y-precipitaciones-2026x08x08-a.pdf
2026-08-08,023,SAN JOSÉ DE OCOA,SAN JOSÉ DE OCOA,HOSP. SAN JOSÉ DE OCOA,EMCI,34.6,23.9,0.1,https://indomet.gob.do/wp-content/uploads/2026/08/temperaturas-extremas-y-precipitaciones-2026x08x08-a.pdf
2026-08-08,024,ALTAMIRA,PUERTO PLATA,HOSP. MPAL. DE ALTAMIRA,EMCI,34.1,21.2,0.0,https://indomet.gob.do/wp-content/uploads/2026/08/temperaturas-extremas-y-precipitaciones-2026x08x08-a.pdf
2026-08-08,025,ARPT. DE LA ROMANA,LA ROMANA,INDOMET,EMCI,35.0,22.5,0.0,https://indomet.gob.do/wp-content/uploads/2026/08/temperaturas-extremas-y-precipitaciones-2026x08x08-a.pdf
2026-08-08,026,ARPT. DE LAS AMÉRICAS,SANTO DOMINGO,INDOMET,EMCI,33.0,24.0,0.0,https://indomet.gob.do/wp-content/uploads/2026/08/temperaturas-extremas-y-precipitaciones-2026x08x08-a.pdf
2026-08-08,027,ARPT. DE PUNTA CANA,LA ALTAGRACIA,INDOMET,EMCI,32.5,21.5,0.0,https://indomet.gob.do/wp-content/uploads/2026/08/temperaturas-extremas-y-precipitaciones-2026x08x08-a.pdf
2026-08-08,028,ARPT. DEL CIBAO,SANTIAGO,INDOMET,EMCI,34.0,22.9,0.0,https://indomet.gob.do/wp-content/uploads/2026/08/temperaturas-extremas-y-precipitaciones-2026x08x08-a.pdf
2026-08-08,029,ARPT. LA ISABELA,SANTO DOMINGO,INDOMET,EMCI,34.0,23.0,0.0,https://indomet.gob.do/wp-content/uploads/2026/08/temperaturas-extremas-y-precipitaciones-2026x08x08-a.pdf
2026-08-08,030,ARPT. MARÍA MONTEZ,BARAHONA,INDOMET,EMCI,33.2,25.1,0.0,https://indomet.gob.do/wp-content/uploads/2026/08/temperaturas-extremas-y-precipitaciones-2026x08x08-a.pdf
2026-08-08,031,BANI (EMA),PERAVIA,MINISTERIO DE AGRICULTURA,EMAP,33.3,27.2,0.0,https://indomet.gob.do/wp-content/uploads/2026/08/temperaturas-extremas-y-precipitaciones-2026x08x08-a.pdf
2026-08-08,032,BASE AÉREA DE SAN ISIDRO,SANTO DOMINGO,FUERZA AÉREA DOMINICANA,EMCV,30.1,23.0,0.0,https://indomet.gob.do/wp-content/uploads/2026/08/temperaturas-extremas-y-precipitaciones-2026x08x08-a.pdf
2026-08-08,033,BAYAGUANA,MONTE PLATA,INDOMET,EMCI,34.6,23.2,0.0,https://indomet.gob.do/wp-content/uploads/2026/08/temperaturas-extremas-y-precipitaciones-2026x08x08-a.pdf
2026-08-08,034,BOCA DE MAO (EMA),VALVERDE,MINISTERIO DE AGRICULTURA,EMAP,36.8,25.1,0.0,https://indomet.gob.do/wp-content/uploads/2026/08/temperaturas-extremas-y-precipitaciones-2026x08x08-a.pdf
2026-08-08,035,CENTRO DE LOS HEROES (EMA),DISTRITO NACIONAL,MINISTERIO DE ENERGIA Y MINA,EMAP,32.9,27.1,0.0,https://indomet.gob.do/wp-content/uploads/2026/08/temperaturas-extremas-y-precipitaciones-2026x08x08-a.pdf
2026-08-08,036,DAJABÓN,DAJABÓN,INSTITUTO POLITÉCNICO LOYOLA,EMCI,35.5,24.1,0.0,https://indomet.gob.do/wp-content/uploads/2026/08/temperaturas-extremas-y-precipitaciones-2026x08x08-a.pdf
2026-08-08,037,EL MILLON (EMA),DISTRITO NACIONAL,PRIVADA,EMAP,,,0.0,https://indomet.gob.do/wp-content/uploads/2026/08/temperaturas-extremas-y-precipitaciones-2026x08x08-a.pdf
2026-08-08,038,ENRIQUILLO,BARAHONA,MINISTERIO DE AGRICULTURA,EMCV,33.5,24.0,0.0,https://indomet.gob.do/wp-content/uploads/2026/08/temperaturas-extremas-y-precipitaciones-2026x08x08-a.pdf
2026-08-08,039,ESCONDIDO,PERAVIA,MINISTERIO DE AGRICULTURA,EMCV,33.0,26.0,0.0,https://indomet.gob.do/wp-content/uploads/2026/08/temperaturas-extremas-y-precipitaciones-2026x08x08-a.pdf
2026-08-08,040,GASPAR HERNÁNDEZ,ESPAILLAT,PROPIEDAD DEL EMPLEADO,EMCI,,,0.0,https://indomet.gob.do/wp-content/uploads/2026/08/temperaturas-extremas-y-precipitaciones-2026x08x08-a.pdf
2026-08-08,041,GURABO,SANTIAGO,MINISTERIO DE AGRICULTURA,EMCV,,,0.0,https://indomet.gob.do/wp-content/uploads/2026/08/temperaturas-extremas-y-precipitaciones-2026x08x08-a.pdf
2026-08-08,042,HATO MAYOR,HATO MAYOR,MINISTERIO DE AGRICULTURA,EMCV,,,0.0,https://indomet.gob.do/wp-content/uploads/2026/08/temperaturas-extremas-y-precipitaciones-2026x08x08-a.pdf
2026-08-08,043,JARABACOA,LA VEGA,INDRHI / MARENA,EMCI,32.2,18.4,0.0,https://indomet.gob.do/wp-content/uploads/2026/08/temperaturas-extremas-y-precipitaciones-2026x08x08-a.pdf
2026-08-08,044,JARABACOA (EMA),LA VEGA,PROGRAMA MUNDIAL DE ALIMENTO,EMAP,31.6,19.5,0.0,https://indomet.gob.do/wp-content/uploads/2026/08/temperaturas-extremas-y-precipitaciones-2026x08x08-a.pdf
2026-08-08,045,JARDÍN BOTÁNICO SANTIAGO (EMSANTIAGO,,JARDIN BOTANICO SANTIAGO,EMAI,34.6,23.7,0.0,https://indomet.gob.do/wp-content/uploads/2026/08/temperaturas-extremas-y-precipitaciones-2026x08x08-a.pdf
2026-08-08,046,JIMANÍ,INDEPENDENCIA,MINISTERIO DE AGRICULTURA,EMCI,36.5,25.4,0.0,https://indomet.gob.do/wp-content/uploads/2026/08/temperaturas-extremas-y-precipitaciones-2026x08x08-a.pdf
2026-08-08,047,LA VEGA,LA VEGA,IATESA,EMCI,36.0,24.0,0.0,https://indomet.gob.do/wp-content/uploads/2026/08/temperaturas-extremas-y-precipitaciones-2026x08x08-a.pdf
2026-08-08,048,LA VICTORIA,SANTO DOMINGO,CUERPO DE BOMBEROS,EMCI,35.0,24.5,0.0,https://indomet.gob.do/wp-content/uploads/2026/08/temperaturas-extremas-y-precipitaciones-2026x08x08-a.pdf
2026-08-08,049,LAS CANAS (EMA),MONTE CRISTI,PROGRAMA MUNDIAL DE ALIMENTO,EMAP,31.1,24.8,0.0,https://indomet.gob.do/wp-content/uploads/2026/08/temperaturas-extremas-y-precipitaciones-2026x08x08-a.pdf
2026-08-08,050,LOS CACICAZGOS (EMA),DISTRITO NACIONAL,PRIVADA,EMAP,,,0.0,https://indomet.gob.do/wp-content/uploads/2026/08/temperaturas-extremas-y-precipitaciones-2026x08x08-a.pdf
2026-08-08,051,LOS COCOS (EMA),BAHORUCO,PRIVADA,EMAP,,,0.0,https://indomet.gob.do/wp-content/uploads/2026/08/temperaturas-extremas-y-precipitaciones-2026x08x08-a.pdf
2026-08-08,052,LOS JARDINES (EMA),DISTRITO NACIONAL,PRIVADA,EMAP,,,0.0,https://indomet.gob.do/wp-content/uploads/2026/08/temperaturas-extremas-y-precipitaciones-2026x08x08-a.pdf
2026-08-08,053,LOS LLANOS,SAN PEDRO DE MACORÍS,MINISTERIO DE AGRICULTURA,EMCI,33.9,24.0,0.0,https://indomet.gob.do/wp-content/uploads/2026/08/temperaturas-extremas-y-precipitaciones-2026x08x08-a.pdf
2026-08-08,054,MONCIÓN (EMA),SANTIAGO RODRÍGUEZ,PROGRAMA MUNDIAL DE ALIMENTO,EMAP,33.8,21.6,0.0,https://indomet.gob.do/wp-content/uploads/2026/08/temperaturas-extremas-y-precipitaciones-2026x08x08-a.pdf
2026-08-08,055,MONTE CRISTI,MONTE CRISTI,INDOMET,EMCI,35.2,25.4,0.0,https://indomet.gob.do/wp-content/uploads/2026/08/temperaturas-extremas-y-precipitaciones-2026x08x08-a.pdf
2026-08-08,056,NAVARRETE,SANTIAGO,MINISTERIO DE AGRICULTURA,EMCV,,,0.0,https://indomet.gob.do/wp-content/uploads/2026/08/temperaturas-extremas-y-precipitaciones-2026x08x08-a.pdf
2026-08-08,057,OLIVARES,PEDERNALES,INDRHI,EMCI,,,0.0,https://indomet.gob.do/wp-content/uploads/2026/08/temperaturas-extremas-y-precipitaciones-2026x08x08-a.pdf
2026-08-08,058,OVIEDO,PEDERNALES,CLÍNICA RURAL OVIEDO,EMCI,33.0,25.0,0.0,https://indomet.gob.do/wp-content/uploads/2026/08/temperaturas-extremas-y-precipitaciones-2026x08x08-a.pdf
2026-08-08,059,PADRE LAS CASAS,AZUA,HOSP. NTRA. SRA. DEL CARMEN,EMCI,33.5,18.7,0.0,https://indomet.gob.do/wp-content/uploads/2026/08/temperaturas-extremas-y-precipitaciones-2026x08x08-a.pdf
2026-08-08,060,PALO ÍNDIO,PUERTO PLATA,MINISTERIO DE AGRICULTURA,EMCI,,,0.0,https://indomet.gob.do/wp-content/uploads/2026/08/temperaturas-extremas-y-precipitaciones-2026x08x08-a.pdf
2026-08-08,061,PEDERNALES,PEDERNALES,INDRHI,EMCI,,,0.0,https://indomet.gob.do/wp-content/uploads/2026/08/temperaturas-extremas-y-precipitaciones-2026x08x08-a.pdf
2026-08-08,062,PRESA DE TAVERAS (EMA),LA VEGA,PROGRAMA MUNDIAL DE ALIMENTO,EMAP,33.4,23.5,0.0,https://indomet.gob.do/wp-content/uploads/2026/08/temperaturas-extremas-y-precipitaciones-2026x08x08-a.pdf
2026-08-08,063,PROLONGACION 27 DE FEBRERO,DISTRITO NACIONAL,PRIVADA,EMAP,,,0.0,https://indomet.gob.do/wp-content/uploads/2026/08/temperaturas-extremas-y-precipitaciones-2026x08x08-a.pdf
2026-08-08,064,RANCHO ARRIBA,SAN JOSÉ DE OCOA,CENTRO TECNOLÓGICO COMUNITARIO,EMCI,32.3,18.8,0.0,https://indomet.gob.do/wp-content/uploads/2026/08/temperaturas-extremas-y-precipitaciones-2026x08x08-a.pdf
2026-08-08,065,RESTAURACIÓN,DAJABÓN,MINISTERIO DE AGRICULTURA,EMCI,34.6,19.4,0.0,https://indomet.gob.do/wp-content/uploads/2026/08/temperaturas-extremas-y-precipitaciones-2026x08x08-a.pdf
2026-08-08,066,RÍO SAN JUAN,MARÍA TRINIDAD SÁNCHEZ,HOSP. MPAL. DR. DESIDERIO ACOSTA,EMCV,35.0,25.0,0.0,https://indomet.gob.do/wp-content/uploads/2026/08/temperaturas-extremas-y-precipitaciones-2026x08x08-a.pdf
2026-08-08,067,SABANA GRANDE DE BOYÁ,MONTE PLATA,MINISTERIO DE AGRICULTURA,EMCV,,,0.0,https://indomet.gob.do/wp-content/uploads/2026/08/temperaturas-extremas-y-precipitaciones-2026x08x08-a.pdf
2026-08-08,068,SABANETA (EMA),SANTIAGO RODRÍGUEZ,PROGRAMA MUNDIAL DE ALIMENTO,EMAP,36.7,23.8,0.0,https://indomet.gob.do/wp-content/uploads/2026/08/temperaturas-extremas-y-precipitaciones-2026x08x08-a.pdf
2026-08-08,069,SAJOMA (EMA),SANTIAGO,PLAN SIERRA,EMAI,33.3,21.3,0.0,https://indomet.gob.do/wp-content/uploads/2026/08/temperaturas-extremas-y-precipitaciones-2026x08x08-a.pdf
2026-08-08,070,SAN CRISTÓBAL,SAN CRISTÓBAL,INSTITUTO POLITÉCNICO LOYOLA,EMCI,35.2,23.2,0.0,https://indomet.gob.do/wp-content/uploads/2026/08/temperaturas-extremas-y-precipitaciones-2026x08x08-a.pdf
2026-08-08,071,SAN RAFAEL DEL YUMA,LA ALTAGRACIA,MINISTERIO DE AGRICULTURA,EMCI,35.4,25.0,0.0,https://indomet.gob.do/wp-content/uploads/2026/08/temperaturas-extremas-y-precipitaciones-2026x08x08-a.pdf
2026-08-08,072,SÁNCHEZ,SAMANÁ,MINISTERIO DE AGRICULTURA,EMCI,33.2,24.2,0.0,https://indomet.gob.do/wp-content/uploads/2026/08/temperaturas-extremas-y-precipitaciones-2026x08x08-a.pdf
2026-08-08,073,SANTIAGO RODRÍGUEZ,SANTIAGO RODRÍGUEZ,INDOMET,EMCI,37.0,24.1,0.0,https://indomet.gob.do/wp-content/uploads/2026/08/temperaturas-extremas-y-precipitaciones-2026x08x08-a.pdf
2026-08-08,074,SANTO DOMINGO ESTE,SANTO DOMINGO,INDOMET,EMCI,33.5,26.0,0.0,https://indomet.gob.do/wp-content/uploads/2026/08/temperaturas-extremas-y-precipitaciones-2026x08x08-a.pdf
2026-08-08,075,TÁBARA ABAJO,AZUA,INDRHI,EMCI,35.5,22.0,0.0,https://indomet.gob.do/wp-content/uploads/2026/08/temperaturas-extremas-y-precipitaciones-2026x08x08-a.pdf
2026-08-08,076,VILLA GONZALES,SANTIAGO,MINISTERIO DE AGRICULTURA,EMCI,,,0.0,https://indomet.gob.do/wp-content/uploads/2026/08/temperaturas-extremas-y-precipitaciones-2026x08x08-a.pdf
2026-08-08,077,VILLA ISABELA,PUERTO PLATA,MINISTERIO DE AGRICULTURA,EMCV,34.5,22.2,0.0,https://indomet.gob.do/wp-content/uploads/2026/08/temperaturas-extremas-y-precipitaciones-2026x08x08-a.pdf
2026-08-08,078,VILLA RIVA,DUARTE,HOSP. MPAL. ALICIA DE LEGENDRE,EMCI,33.2,23.0,0.0,https://indomet.gob.do/wp-content/uploads/2026/08/temperaturas-extremas-y-precipitaciones-2026x08x08-a.pdf
2026-08-08,079,VILLA VASQUEZ (EMA),MONTE CRISTI,JUNTA DE REGANTES,EMAI,,,0.0,https://indomet.gob.do/wp-content/uploads/2026/08/temperaturas-extremas-y-precipitaciones-2026x08x08-a.pdf
2026-08-08,081,HONDO VALLE,ELÍAS PIÑA,MINISTERIO DE AGRICULTURA,EMCI,29.1,19.7,0.0,https://indomet.gob.do/wp-content/uploads/2026/08/temperaturas-extremas-y-precipitaciones-2026x08x08-a.pdf
2026-08-08,082,MICHES (EMA),EL SEIBO,PRIVADA,EMAP,34.2,25.9,0.0,https://indomet.gob.do/wp-content/uploads/2026/08/temperaturas-extremas-y-precipitaciones-2026x08x08-a.pdf
2026-08-09,001,SANTO DOMINGO ESTE,SANTO DOMINGO,INDOMET,EMCI,35.2,26.0,39.5,https://indomet.gob.do/wp-content/uploads/2026/08/temperaturas-extremas-y-precipitaciones-2026x08x10.pdf
2026-08-09,002,LOS CACICAZGOS (EMA),DISTRITO NACIONAL,PRIVADA,EMAP,,,25.7,https://indomet.gob.do/wp-content/uploads/2026/08/temperaturas-extremas-y-precipitaciones-2026x08x10.pdf
2026-08-09,003,CENTRO DE LOS HEROES (EMA),DISTRITO NACIONAL,MINISTERIO DE ENERGIA Y MINA,EMAP,,,25.6,https://indomet.gob.do/wp-content/uploads/2026/08/temperaturas-extremas-y-precipitaciones-2026x08x10.pdf
2026-08-09,004,EL MILLON (EMA),DISTRITO NACIONAL,PRIVADA,EMAP,,,22.4,https://indomet.gob.do/wp-content/uploads/2026/08/temperaturas-extremas-y-precipitaciones-2026x08x10.pdf
2026-08-09,005,JARDÍN BOTÁNICO NACIONAL,DISTRITO NACIONAL,JARDÍN BOTÁNICO NACIONAL,EMCV,32.6,23.2,19.1,https://indomet.gob.do/wp-content/uploads/2026/08/temperaturas-extremas-y-precipitaciones-2026x08x10.pdf
2026-08-09,006,ARPT. DE LAS AMÉRICAS,SANTO DOMINGO,INDOMET,EMCI,33.6,24.0,15.0,https://indomet.gob.do/wp-content/uploads/2026/08/temperaturas-extremas-y-precipitaciones-2026x08x10.pdf
2026-08-09,007,BELLA VISTA (EMA),DISTRITO NACIONAL,PRIVADA,EMAP,,,11.2,https://indomet.gob.do/wp-content/uploads/2026/08/temperaturas-extremas-y-precipitaciones-2026x08x10.pdf
2026-08-09,008,PROLONGACION 27 DE FEBRERO,DISTRITO NACIONAL,PRIVADA,EMAP,,,11.0,https://indomet.gob.do/wp-content/uploads/2026/08/temperaturas-extremas-y-precipitaciones-2026x08x10.pdf
2026-08-09,009,PARQUE MIRADOR SUR,DISTRITO NACIONAL,AYUNTAMIENTO,EMCV,34.0,23.6,8.8,https://indomet.gob.do/wp-content/uploads/2026/08/temperaturas-extremas-y-precipitaciones-2026x08x10.pdf
2026-08-09,010,LOS JARDINES (EMA),DISTRITO NACIONAL,PRIVADA,EMAP,,,8.0,https://indomet.gob.do/wp-content/uploads/2026/08/temperaturas-extremas-y-precipitaciones-2026x08x10.pdf
2026-08-09,011,VILLA ALTAGRACIA,SAN CRISTÓBAL,ESCUELA JAVIER ANGULO GURIDI,EMCI,,,7.4,https://indomet.gob.do/wp-content/uploads/2026/08/temperaturas-extremas-y-precipitaciones-2026x08x10.pdf
2026-08-09,012,POLO,BARAHONA,INDOCAFE,EMCI,31.0,19.0,6.2,https://indomet.gob.do/wp-content/uploads/2026/08/temperaturas-extremas-y-precipitaciones-2026x08x10.pdf
2026-08-09,013,BONAO,MONSEÑOR NOUEL,MINISTERIO DE AGRICULTURA,EMCV,,,5.3,https://indomet.gob.do/wp-content/uploads/2026/08/temperaturas-extremas-y-precipitaciones-2026x08x10.pdf
2026-08-09,014,LA AGUSTINA (EMA),DISTRITO NACIONAL,PRIVADA,EMAP,,,5.3,https://indomet.gob.do/wp-content/uploads/2026/08/temperaturas-extremas-y-precipitaciones-2026x08x10.pdf
2026-08-09,015,PONTÓN ABAJO (EMA),LA VEGA,MINISTERIO DE AGRICULTURA,EMAP,,,4.8,https://indomet.gob.do/wp-content/uploads/2026/08/temperaturas-extremas-y-precipitaciones-2026x08x10.pdf
2026-08-09,016,RANCHO ARRIBA,SAN JOSÉ DE OCOA,CENTRO TECNOLÓGICO COMUNITARIO,EMCI,32.2,22.0,4.8,https://indomet.gob.do/wp-content/uploads/2026/08/temperaturas-extremas-y-precipitaciones-2026x08x10.pdf
2026-08-09,017,JUMA BEJUCAL,MONSEÑOR NOUEL,IDIAF,EMCV,33.8,25.2,4.6,https://indomet.gob.do/wp-content/uploads/2026/08/temperaturas-extremas-y-precipitaciones-2026x08x10.pdf
2026-08-09,018,PALO ÍNDIO,PUERTO PLATA,MINISTERIO DE AGRICULTURA,EMCI,,,3.8,https://indomet.gob.do/wp-content/uploads/2026/08/temperaturas-extremas-y-precipitaciones-2026x08x10.pdf
2026-08-09,019,PRESA DE TAVERAS (EMA),LA VEGA,PROGRAMA MUNDIAL DE ALIMENTO,EMAP,33.7,24.5,3.6,https://indomet.gob.do/wp-content/uploads/2026/08/temperaturas-extremas-y-precipitaciones-2026x08x10.pdf
2026-08-09,020,ARPT. GREGORIO LUPERÓN,PUERTO PLATA,INDOMET,EMCI,34.0,23.2,3.0,https://indomet.gob.do/wp-content/uploads/2026/08/temperaturas-extremas-y-precipitaciones-2026x08x10.pdf
2026-08-09,021,CONSTANZA (EMA),LA VEGA,PROGRAMA MUNDIAL DE ALIMENTO,EMAP,27.2,19.9,2.8,https://indomet.gob.do/wp-content/uploads/2026/08/temperaturas-extremas-y-precipitaciones-2026x08x10.pdf
2026-08-09,022,JARABACOA,LA VEGA,INDRHI / MARENA,EMCI,32.8,19.2,2.8,https://indomet.gob.do/wp-content/uploads/2026/08/temperaturas-extremas-y-precipitaciones-2026x08x10.pdf
2026-08-09,023,LUPERÓN,PUERTO PLATA,MINISTERIO DE AGRICULTURA,EMCV,,,2.5,https://indomet.gob.do/wp-content/uploads/2026/08/temperaturas-extremas-y-precipitaciones-2026x08x10.pdf
2026-08-09,024,BUCARA (EMA),SANTIAGO,MINISTERIO DE AGRICULTURA,EMAI,,,1.8,https://indomet.gob.do/wp-content/uploads/2026/08/temperaturas-extremas-y-precipitaciones-2026x08x10.pdf
2026-08-09,025,TAMBORIL,SANTIAGO,MINISTERIO DE AGRICULTURA,EMCV,,,1.0,https://indomet.gob.do/wp-content/uploads/2026/08/temperaturas-extremas-y-precipitaciones-2026x08x10.pdf
2026-08-09,026,SAMANÁ,SAMANÁ,COMANDANCIA DE PUERTO DE SAMANÁ,EMCI,34.5,19.9,1.0,https://indomet.gob.do/wp-content/uploads/2026/08/temperaturas-extremas-y-precipitaciones-2026x08x10.pdf
2026-08-09,027,EL FACTOR (EMA),MARÍA TRINIDAD SÁNCHEZ,INTEC,EMAP,32.9,26.6,0.8,https://indomet.gob.do/wp-content/uploads/2026/08/temperaturas-extremas-y-precipitaciones-2026x08x10.pdf
2026-08-09,028,SABANETA (EMA),SANTIAGO RODRÍGUEZ,PROGRAMA MUNDIAL DE ALIMENTO,EMAP,38.8,27.1,0.8,https://indomet.gob.do/wp-content/uploads/2026/08/temperaturas-extremas-y-precipitaciones-2026x08x10.pdf
2026-08-09,029,RÍO SAN JUAN,MARÍA TRINIDAD SÁNCHEZ,HOSP. MPAL. DR. DESIDERIO ACOSTA,EMCV,35.3,25.8,0.6,https://indomet.gob.do/wp-content/uploads/2026/08/temperaturas-extremas-y-precipitaciones-2026x08x10.pdf
2026-08-09,030,SANTIAGO (CENTRO),SANTIAGO,HUACALITO,EMCI,,,0.6,https://indomet.gob.do/wp-content/uploads/2026/08/temperaturas-extremas-y-precipitaciones-2026x08x10.pdf
2026-08-09,031,HATO MAYOR,HATO MAYOR,MINISTERIO DE AGRICULTURA,EMCV,,,0.5,https://indomet.gob.do/wp-content/uploads/2026/08/temperaturas-extremas-y-precipitaciones-2026x08x10.pdf
2026-08-09,032,ESCONDIDO,PERAVIA,MINISTERIO DE AGRICULTURA,EMCV,36.0,26.0,0.5,https://indomet.gob.do/wp-content/uploads/2026/08/temperaturas-extremas-y-precipitaciones-2026x08x10.pdf
2026-08-09,033,CONSTANZA,LA VEGA,MINISTERIO DE AGRICULTURA,EMCI,28.5,14.8,0.5,https://indomet.gob.do/wp-content/uploads/2026/08/temperaturas-extremas-y-precipitaciones-2026x08x10.pdf
2026-08-09,034,VILLA RIVA,DUARTE,HOSP. MPAL. ALICIA DE LEGENDRE,EMCI,33.4,23.8,0.5,https://indomet.gob.do/wp-content/uploads/2026/08/temperaturas-extremas-y-precipitaciones-2026x08x10.pdf
2026-08-09,035,JARABACOA (EMA),LA VEGA,PROGRAMA MUNDIAL DE ALIMENTO,EMAP,31.6,22.6,0.4,https://indomet.gob.do/wp-content/uploads/2026/08/temperaturas-extremas-y-precipitaciones-2026x08x10.pdf
2026-08-09,036,SAN JOSÉ DE OCOA,SAN JOSÉ DE OCOA,HOSP. SAN JOSÉ DE OCOA,EMCI,34.7,25.9,0.4,https://indomet.gob.do/wp-content/uploads/2026/08/temperaturas-extremas-y-precipitaciones-2026x08x10.pdf
2026-08-09,037,SABANA GRANDE DE BOYÁ,MONTE PLATA,MINISTERIO DE AGRICULTURA,EMCV,,,0.3,https://indomet.gob.do/wp-content/uploads/2026/08/temperaturas-extremas-y-precipitaciones-2026x08x10.pdf
2026-08-09,038,VILLA ISABELA,PUERTO PLATA,MINISTERIO DE AGRICULTURA,EMCV,34.0,24.8,0.3,https://indomet.gob.do/wp-content/uploads/2026/08/temperaturas-extremas-y-precipitaciones-2026x08x10.pdf
2026-08-09,039,ALTO BANDERA (EMA),LA VEGA,INTEC,EMAP,14.8,8.7,0.2,https://indomet.gob.do/wp-content/uploads/2026/08/temperaturas-extremas-y-precipitaciones-2026x08x10.pdf
2026-08-09,040,ARPT. DE LA ROMANA,LA ROMANA,INDOMET,EMCI,33.0,23.5,0.2,https://indomet.gob.do/wp-content/uploads/2026/08/temperaturas-extremas-y-precipitaciones-2026x08x10.pdf
2026-08-09,041,SAN RAFAEL DEL YUMA,LA ALTAGRACIA,MINISTERIO DE AGRICULTURA,EMCI,33.6,26.6,0.2,https://indomet.gob.do/wp-content/uploads/2026/08/temperaturas-extremas-y-precipitaciones-2026x08x10.pdf
2026-08-09,042,LA VEGA,LA VEGA,IATESA,EMCI,37.0,26.0,0.1,https://indomet.gob.do/wp-content/uploads/2026/08/temperaturas-extremas-y-precipitaciones-2026x08x10.pdf
2026-08-09,043,ALTAMIRA,PUERTO PLATA,HOSP. MPAL. DE ALTAMIRA,EMCI,35.1,21.0,0.0,https://indomet.gob.do/wp-content/uploads/2026/08/temperaturas-extremas-y-precipitaciones-2026x08x10.pdf
2026-08-09,044,ANAMUYA (EMA),LA ALTAGRACIA,MINISTERIO DE AGRICULTURA,EMAP,32.1,26.6,0.0,https://indomet.gob.do/wp-content/uploads/2026/08/temperaturas-extremas-y-precipitaciones-2026x08x10.pdf
2026-08-09,045,ARPT. ARROYO BARRIL,SAMANÁ,INDOMET,EMCI,30.2,24.5,0.0,https://indomet.gob.do/wp-content/uploads/2026/08/temperaturas-extremas-y-precipitaciones-2026x08x10.pdf
2026-08-09,046,ARPT. DE PUNTA CANA,LA ALTAGRACIA,INDOMET,EMCI,32.0,24.0,0.0,https://indomet.gob.do/wp-content/uploads/2026/08/temperaturas-extremas-y-precipitaciones-2026x08x10.pdf
2026-08-09,047,ARPT. DEL CIBAO,SANTIAGO,INDOMET,EMCI,35.0,28.0,0.0,https://indomet.gob.do/wp-content/uploads/2026/08/temperaturas-extremas-y-precipitaciones-2026x08x10.pdf
2026-08-09,048,ARPT. EL CATEY,SAMANÁ,INDOMET,EMCI,33.0,23.0,0.0,https://indomet.gob.do/wp-content/uploads/2026/08/temperaturas-extremas-y-precipitaciones-2026x08x10.pdf
2026-08-09,049,ARPT. LA ISABELA,SANTO DOMINGO,INDOMET,EMCI,35.5,23.2,0.0,https://indomet.gob.do/wp-content/uploads/2026/08/temperaturas-extremas-y-precipitaciones-2026x08x10.pdf
2026-08-09,050,ARPT. MARÍA MONTEZ,BARAHONA,INDOMET,EMCI,35.5,25.0,0.0,https://indomet.gob.do/wp-content/uploads/2026/08/temperaturas-extremas-y-precipitaciones-2026x08x10.pdf
2026-08-09,051,ARROYO LORO,SAN JUAN,IDIAF,EMCI,35.5,20.2,0.0,https://indomet.gob.do/wp-content/uploads/2026/08/temperaturas-extremas-y-precipitaciones-2026x08x10.pdf
2026-08-09,052,BAYAGUANA,MONTE PLATA,INDOMET,EMCI,33.5,23.4,0.0,https://indomet.gob.do/wp-content/uploads/2026/08/temperaturas-extremas-y-precipitaciones-2026x08x10.pdf
2026-08-09,053,BOCA DE MAO (EMA),VALVERDE,MINISTERIO DE AGRICULTURA,EMAP,37.7,26.4,0.0,https://indomet.gob.do/wp-content/uploads/2026/08/temperaturas-extremas-y-precipitaciones-2026x08x10.pdf
2026-08-09,054,BOHECHÍO,SAN JUAN,MINISTERIO DE AGRICULTURA,EMCV,,,0.0,https://indomet.gob.do/wp-content/uploads/2026/08/temperaturas-extremas-y-precipitaciones-2026x08x10.pdf
2026-08-09,055,CABRAL,BARAHONA,MINISTERIO DE AGRICULTURA,EMCV,36.9,,0.0,https://indomet.gob.do/wp-content/uploads/2026/08/temperaturas-extremas-y-precipitaciones-2026x08x10.pdf
2026-08-09,056,CABRERA,MARÍA TRINIDAD SÁNCHEZ,ESCUELA ARÍSTIDES FIALLO CABRAL,EMCI,35.5,28.0,0.0,https://indomet.gob.do/wp-content/uploads/2026/08/temperaturas-extremas-y-precipitaciones-2026x08x10.pdf
2026-08-09,057,DAJABÓN,DAJABÓN,INSTITUTO POLITÉCNICO LOYOLA,EMCI,36.2,21.3,0.0,https://indomet.gob.do/wp-content/uploads/2026/08/temperaturas-extremas-y-precipitaciones-2026x08x10.pdf
2026-08-09,058,EL CERCADO,SAN JUAN,MINISTERIO DE AGRICULTURA,EMCV,,,0.0,https://indomet.gob.do/wp-content/uploads/2026/08/temperaturas-extremas-y-precipitaciones-2026x08x10.pdf
2026-08-09,059,EL SEIBO,EL SEIBO,MINISTERIO DE AGRICULTURA,EMCV,,,0.0,https://indomet.gob.do/wp-content/uploads/2026/08/temperaturas-extremas-y-precipitaciones-2026x08x10.pdf
2026-08-09,060,ELÍAS PIÑA,ELÍAS PIÑA,MINISTERIO DE AGRICULTURA,EMCV,,,0.0,https://indomet.gob.do/wp-content/uploads/2026/08/temperaturas-extremas-y-precipitaciones-2026x08x10.pdf
2026-08-09,061,ENRIQUILLO,BARAHONA,MINISTERIO DE AGRICULTURA,EMCV,36.0,25.7,0.0,https://indomet.gob.do/wp-content/uploads/2026/08/temperaturas-extremas-y-precipitaciones-2026x08x10.pdf
2026-08-09,062,GASPAR HERNÁNDEZ,ESPAILLAT,PROPIEDAD DEL EMPLEADO,EMCI,,,0.0,https://indomet.gob.do/wp-content/uploads/2026/08/temperaturas-extremas-y-precipitaciones-2026x08x10.pdf
2026-08-09,063,GURABO,SANTIAGO,MINISTERIO DE AGRICULTURA,EMCV,,,0.0,https://indomet.gob.do/wp-content/uploads/2026/08/temperaturas-extremas-y-precipitaciones-2026x08x10.pdf
2026-08-09,064,HONDO VALLE,ELÍAS PIÑA,MINISTERIO DE AGRICULTURA,EMCI,29.8,20.2,0.0,https://indomet.gob.do/wp-content/uploads/2026/08/temperaturas-extremas-y-precipitaciones-2026x08x10.pdf
2026-08-09,065,JARDÍN BOTÁNICO SANTIAGO (EMSANTIAGO,,JARDIN BOTANICO SANTIAGO,EMAI,,,0.0,https://indomet.gob.do/wp-content/uploads/2026/08/temperaturas-extremas-y-precipitaciones-2026x08x10.pdf
2026-08-09,066,JIMANÍ,INDEPENDENCIA,MINISTERIO DE AGRICULTURA,EMCI,38.5,27.0,0.0,https://indomet.gob.do/wp-content/uploads/2026/08/temperaturas-extremas-y-precipitaciones-2026x08x10.pdf
2026-08-09,067,LA VICTORIA,SANTO DOMINGO,CUERPO DE BOMBEROS,EMCI,33.5,25.0,0.0,https://indomet.gob.do/wp-content/uploads/2026/08/temperaturas-extremas-y-precipitaciones-2026x08x10.pdf
2026-08-09,068,LAS CANAS (EMA),MONTE CRISTI,PROGRAMA MUNDIAL DE ALIMENTO,EMAP,31.4,25.7,0.0,https://indomet.gob.do/wp-content/uploads/2026/08/temperaturas-extremas-y-precipitaciones-2026x08x10.pdf
2026-08-09,069,LOS COCOS (EMA),BAHORUCO,PRIVADA,EMAP,,,0.0,https://indomet.gob.do/wp-content/uploads/2026/08/temperaturas-extremas-y-precipitaciones-2026x08x10.pdf
2026-08-09,070,LOS LLANOS,SAN PEDRO DE MACORÍS,MINISTERIO DE AGRICULTURA,EMCI,33.5,23.0,0.0,https://indomet.gob.do/wp-content/uploads/2026/08/temperaturas-extremas-y-precipitaciones-2026x08x10.pdf
2026-08-09,071,LOS PRADOS (EMA),DISTRITO NACIONAL,PRIVADA,EMAP,,,0.0,https://indomet.gob.do/wp-content/uploads/2026/08/temperaturas-extremas-y-precipitaciones-2026x08x10.pdf
2026-08-09,072,MAO,VALVERDE,INDRHI / MINISTERIO DE AGRICULTURA,EMCV,,,0.0,https://indomet.gob.do/wp-content/uploads/2026/08/temperaturas-extremas-y-precipitaciones-2026x08x10.pdf
2026-08-09,073,MICHES (EMA),EL SEIBO,PRIVADA,EMAP,31.5,26.2,0.0,https://indomet.gob.do/wp-content/uploads/2026/08/temperaturas-extremas-y-precipitaciones-2026x08x10.pdf
2026-08-09,074,MONCIÓN (EMA),SANTIAGO RODRÍGUEZ,PROGRAMA MUNDIAL DE ALIMENTO,EMAP,34.3,24.4,0.0,https://indomet.gob.do/wp-content/uploads/2026/08/temperaturas-extremas-y-precipitaciones-2026x08x10.pdf
2026-08-09,075,MONTE CRISTI,MONTE CRISTI,INDOMET,EMCI,35.6,25.3,0.0,https://indomet.gob.do/wp-content/uploads/2026/08/temperaturas-extremas-y-precipitaciones-2026x08x10.pdf
2026-08-09,076,NAVARRETE,SANTIAGO,MINISTERIO DE AGRICULTURA,EMCV,,,0.0,https://indomet.gob.do/wp-content/uploads/2026/08/temperaturas-extremas-y-precipitaciones-2026x08x10.pdf
2026-08-09,077,OLIVARES,PEDERNALES,INDRHI,EMCI,,,0.0,https://indomet.gob.do/wp-content/uploads/2026/08/temperaturas-extremas-y-precipitaciones-2026x08x10.pdf
2026-08-09,078,OVIEDO,PEDERNALES,CLÍNICA RURAL OVIEDO,EMCI,35.5,26.0,0.0,https://indomet.gob.do/wp-content/uploads/2026/08/temperaturas-extremas-y-precipitaciones-2026x08x10.pdf
2026-08-09,079,PADRE LAS CASAS,AZUA,HOSP. NTRA. SRA. DEL CARMEN,EMCI,37.0,21.0,0.0,https://indomet.gob.do/wp-content/uploads/2026/08/temperaturas-extremas-y-precipitaciones-2026x08x10.pdf
2026-08-09,080,PEDERNALES,PEDERNALES,INDRHI,EMCI,,,0.0,https://indomet.gob.do/wp-content/uploads/2026/08/temperaturas-extremas-y-precipitaciones-2026x08x10.pdf
2026-08-09,081,PERALTA,AZUA,HOSP. MPAL. DE PERALTA,EMCI,36.0,19.6,0.0,https://indomet.gob.do/wp-content/uploads/2026/08/temperaturas-extremas-y-precipitaciones-2026x08x10.pdf
2026-08-09,082,RESTAURACIÓN,DAJABÓN,MINISTERIO DE AGRICULTURA,EMCI,34.4,19.0,0.0,https://indomet.gob.do/wp-content/uploads/2026/08/temperaturas-extremas-y-precipitaciones-2026x08x10.pdf
2026-08-09,083,SABANA DE LA MAR,HATO MAYOR,INDOMET,EMCI,32.6,23.0,0.0,https://indomet.gob.do/wp-content/uploads/2026/08/temperaturas-extremas-y-precipitaciones-2026x08x10.pdf
2026-08-09,084,SAJOMA (EMA),SANTIAGO,PLAN SIERRA,EMAI,33.2,25.0,0.0,https://indomet.gob.do/wp-content/uploads/2026/08/temperaturas-extremas-y-precipitaciones-2026x08x10.pdf
2026-08-09,085,SALCEDO,HERMANAS MIRABAL,PROPIEDAD DEL EMPLEADO,EMCI,,,0.0,https://indomet.gob.do/wp-content/uploads/2026/08/temperaturas-extremas-y-precipitaciones-2026x08x10.pdf
2026-08-09,086,SAN CRISTÓBAL,SAN CRISTÓBAL,INSTITUTO POLITÉCNICO LOYOLA,EMCI,35.0,22.5,0.0,https://indomet.gob.do/wp-content/uploads/2026/08/temperaturas-extremas-y-precipitaciones-2026x08x10.pdf
2026-08-09,087,SAN FRANCISCO DE MACORÍS,DUARTE,San Francisco de Macorís (UASD),EMCI,34.6,23.8,0.0,https://indomet.gob.do/wp-content/uploads/2026/08/temperaturas-extremas-y-precipitaciones-2026x08x10.pdf
2026-08-09,088,SÁNCHEZ,SAMANÁ,MINISTERIO DE AGRICULTURA,EMCI,33.4,23.8,0.0,https://indomet.gob.do/wp-content/uploads/2026/08/temperaturas-extremas-y-precipitaciones-2026x08x10.pdf
2026-08-09,089,SANTIAGO RODRÍGUEZ,SANTIAGO RODRÍGUEZ,INDOMET,EMCI,37.3,26.2,0.0,https://indomet.gob.do/wp-content/uploads/2026/08/temperaturas-extremas-y-precipitaciones-2026x08x10.pdf
2026-08-09,090,TÁBARA ABAJO,AZUA,INDRHI,EMCI,32.5,20.0,0.0,https://indomet.gob.do/wp-content/uploads/2026/08/temperaturas-extremas-y-precipitaciones-2026x08x10.pdf
2026-08-09,091,VILLA GONZALES,SANTIAGO,MINISTERIO DE AGRICULTURA,EMCI,,,0.0,https://indomet.gob.do/wp-content/uploads/2026/08/temperaturas-extremas-y-precipitaciones-2026x08x10.pdf
2026-08-09,092,VILLA VASQUEZ (EMA),MONTE CRISTI,JUNTA DE REGANTES,EMAI,,,0.0,https://indomet.gob.do/wp-content/uploads/2026/08/temperaturas-extremas-y-precipitaciones-2026x08x10.pdf
2026-08-10,001,LA VICTORIA,SANTO DOMINGO,CUERPO DE BOMBEROS,EMCI,36.0,24.0,9.4,https://indomet.gob.do/wp-content/uploads/2026/08/temperaturas-extremas-y-precipitaciones-2026x08x10-a.pdf
2026-08-10,002,ARPT. DEL CIBAO,SANTIAGO,INDOMET,EMCI,33.4,24.5,8.7,https://indomet.gob.do/wp-content/uploads/2026/08/temperaturas-extremas-y-precipitaciones-2026x08x10-a.pdf
2026-08-10,003,HATO DEL YAQUE (EMA),SANTIAGO,PRIVADA,EMAP,,,5.6,https://indomet.gob.do/wp-content/uploads/2026/08/temperaturas-extremas-y-precipitaciones-2026x08x10-a.pdf
2026-08-10,004,PUEBLO NUEVO (EMA),SANTIAGO,PRIVADA,EMAP,,,5.6,https://indomet.gob.do/wp-content/uploads/2026/08/temperaturas-extremas-y-precipitaciones-2026x08x10-a.pdf
2026-08-10,005,LA MORALEJA (EMA),SANTIAGO,PRIVADA,EMAP,,,3.8,https://indomet.gob.do/wp-content/uploads/2026/08/temperaturas-extremas-y-precipitaciones-2026x08x10-a.pdf
2026-08-10,006,ENSANCHE BERMÚDEZ (EMA),SANTIAGO,PRIVADA,EMAP,,,3.3,https://indomet.gob.do/wp-content/uploads/2026/08/temperaturas-extremas-y-precipitaciones-2026x08x10-a.pdf
2026-08-10,007,VILLA ALTAGRACIA,SAN CRISTÓBAL,ESCUELA JAVIER ANGULO GURIDI,EMCI,,,2.5,https://indomet.gob.do/wp-content/uploads/2026/08/temperaturas-extremas-y-precipitaciones-2026x08x10-a.pdf
2026-08-10,008,EL MILLON (EMA),DISTRITO NACIONAL,PRIVADA,EMAP,,,2.3,https://indomet.gob.do/wp-content/uploads/2026/08/temperaturas-extremas-y-precipitaciones-2026x08x10-a.pdf
2026-08-10,009,JANICO (EMA),LA VEGA,PLAN SIERRA,EMAI,,,1.6,https://indomet.gob.do/wp-content/uploads/2026/08/temperaturas-extremas-y-precipitaciones-2026x08x10-a.pdf
2026-08-10,010,ARPT. GREGORIO LUPERÓN,PUERTO PLATA,INDOMET,EMCI,32.6,24.0,1.6,https://indomet.gob.do/wp-content/uploads/2026/08/temperaturas-extremas-y-precipitaciones-2026x08x10-a.pdf
2026-08-10,011,EL FACTOR (EMA),MARÍA TRINIDAD SÁNCHEZ,INTEC,EMAP,31.6,24.7,1.5,https://indomet.gob.do/wp-content/uploads/2026/08/temperaturas-extremas-y-precipitaciones-2026x08x10-a.pdf
2026-08-10,012,JARDÍN BOTÁNICO SANTIAGO (EMSANTIAGO,,JARDIN BOTANICO SANTIAGO,EMAI,34.9,25.0,1.0,https://indomet.gob.do/wp-content/uploads/2026/08/temperaturas-extremas-y-precipitaciones-2026x08x10-a.pdf
2026-08-10,013,ARPT. EL CATEY,SAMANÁ,INDOMET,EMCI,32.0,23.0,1.0,https://indomet.gob.do/wp-content/uploads/2026/08/temperaturas-extremas-y-precipitaciones-2026x08x10-a.pdf
2026-08-10,014,LOS JENGIBRES,NAGUA,INDRHI,EMCI,,,0.6,https://indomet.gob.do/wp-content/uploads/2026/08/temperaturas-extremas-y-precipitaciones-2026x08x10-a.pdf
2026-08-10,015,BUCARA (EMA),SANTIAGO,MINISTERIO DE AGRICULTURA,EMAI,,,0.4,https://indomet.gob.do/wp-content/uploads/2026/08/temperaturas-extremas-y-precipitaciones-2026x08x10-a.pdf
2026-08-10,016,VILLA ISABELA,PUERTO PLATA,MINISTERIO DE AGRICULTURA,EMCV,34.0,22.5,0.2,https://indomet.gob.do/wp-content/uploads/2026/08/temperaturas-extremas-y-precipitaciones-2026x08x10-a.pdf
2026-08-10,017,POLO,BARAHONA,INDOCAFE,EMCI,32.0,17.5,0.1,https://indomet.gob.do/wp-content/uploads/2026/08/temperaturas-extremas-y-precipitaciones-2026x08x10-a.pdf
2026-08-10,018,RANCHO ARRIBA,SAN JOSÉ DE OCOA,CENTRO TECNOLÓGICO COMUNITARIO,EMCI,31.4,19.2,0.1,https://indomet.gob.do/wp-content/uploads/2026/08/temperaturas-extremas-y-precipitaciones-2026x08x10-a.pdf
2026-08-10,019,JUMA BEJUCAL,MONSEÑOR NOUEL,IDIAF,EMCV,34.2,24.6,0.1,https://indomet.gob.do/wp-content/uploads/2026/08/temperaturas-extremas-y-precipitaciones-2026x08x10-a.pdf
2026-08-10,020,SABANA GRANDE DE BOYÁ,MONTE PLATA,MINISTERIO DE AGRICULTURA,EMCV,,,0.1,https://indomet.gob.do/wp-content/uploads/2026/08/temperaturas-extremas-y-precipitaciones-2026x08x10-a.pdf
2026-08-10,021,SAJOMA (EMA),SANTIAGO,PLAN SIERRA,EMAI,34.5,27.8,0.0,https://indomet.gob.do/wp-content/uploads/2026/08/temperaturas-extremas-y-precipitaciones-2026x08x10-a.pdf
2026-08-10,022,ALTO BANDERA (EMA),LA VEGA,INTEC,EMAP,14.2,9.6,0.0,https://indomet.gob.do/wp-content/uploads/2026/08/temperaturas-extremas-y-precipitaciones-2026x08x10-a.pdf
2026-08-10,023,ANAMUYA (EMA),LA ALTAGRACIA,MINISTERIO DE AGRICULTURA,EMAP,34.2,26.3,0.0,https://indomet.gob.do/wp-content/uploads/2026/08/temperaturas-extremas-y-precipitaciones-2026x08x10-a.pdf
2026-08-10,024,BOCA DE MAO (EMA),VALVERDE,MINISTERIO DE AGRICULTURA,EMAP,30.2,26.3,0.0,https://indomet.gob.do/wp-content/uploads/2026/08/temperaturas-extremas-y-precipitaciones-2026x08x10-a.pdf
2026-08-10,025,CENTRO DE LOS HEROES (EMA),DISTRITO NACIONAL,MINISTERIO DE ENERGIA Y MINA,EMAP,33.4,27.3,0.0,https://indomet.gob.do/wp-content/uploads/2026/08/temperaturas-extremas-y-precipitaciones-2026x08x10-a.pdf
2026-08-10,026,JARABACOA (EMA),LA VEGA,PROGRAMA MUNDIAL DE ALIMENTO,EMAP,31.1,19.8,0.0,https://indomet.gob.do/wp-content/uploads/2026/08/temperaturas-extremas-y-precipitaciones-2026x08x10-a.pdf
2026-08-10,027,LA AGUSTINA (EMA),DISTRITO NACIONAL,PRIVADA,EMAP,,,0.0,https://indomet.gob.do/wp-content/uploads/2026/08/temperaturas-extremas-y-precipitaciones-2026x08x10-a.pdf
2026-08-10,028,LAS CANAS (EMA),MONTE CRISTI,PROGRAMA MUNDIAL DE ALIMENTO,EMAP,31.3,24.9,0.0,https://indomet.gob.do/wp-content/uploads/2026/08/temperaturas-extremas-y-precipitaciones-2026x08x10-a.pdf
2026-08-10,029,LOS COCOS (EMA),BAHORUCO,PRIVADA,EMAP,,,0.0,https://indomet.gob.do/wp-content/uploads/2026/08/temperaturas-extremas-y-precipitaciones-2026x08x10-a.pdf
2026-08-10,030,MICHES (EMA),EL SEIBO,PRIVADA,EMAP,36.4,26.4,0.0,https://indomet.gob.do/wp-content/uploads/2026/08/temperaturas-extremas-y-precipitaciones-2026x08x10-a.pdf
2026-08-10,031,MONCIÓN (EMA),SANTIAGO RODRÍGUEZ,PROGRAMA MUNDIAL DE ALIMENTO,EMAP,37.7,24.2,0.0,https://indomet.gob.do/wp-content/uploads/2026/08/temperaturas-extremas-y-precipitaciones-2026x08x10-a.pdf
2026-08-10,032,PRESA DE TAVERAS (EMA),LA VEGA,PROGRAMA MUNDIAL DE ALIMENTO,EMAP,32.7,23.7,0.0,https://indomet.gob.do/wp-content/uploads/2026/08/temperaturas-extremas-y-precipitaciones-2026x08x10-a.pdf
2026-08-10,033,PROLONGACION 27 DE FEBRERO,DISTRITO NACIONAL,PRIVADA,EMAP,,,0.0,https://indomet.gob.do/wp-content/uploads/2026/08/temperaturas-extremas-y-precipitaciones-2026x08x10-a.pdf
2026-08-10,034,SABANETA (EMA),SANTIAGO RODRÍGUEZ,PROGRAMA MUNDIAL DE ALIMENTO,EMAP,32.6,25.7,0.0,https://indomet.gob.do/wp-content/uploads/2026/08/temperaturas-extremas-y-precipitaciones-2026x08x10-a.pdf
2026-08-10,035,ALTAMIRA,PUERTO PLATA,HOSP. MPAL. DE ALTAMIRA,EMCI,34.4,21.6,0.0,https://indomet.gob.do/wp-content/uploads/2026/08/temperaturas-extremas-y-precipitaciones-2026x08x10-a.pdf
2026-08-10,036,ARPT. ARROYO BARRIL,SAMANÁ,INDOMET,EMCI,30.9,24.0,0.0,https://indomet.gob.do/wp-content/uploads/2026/08/temperaturas-extremas-y-precipitaciones-2026x08x10-a.pdf
2026-08-10,037,ARPT. DE LA ROMANA,LA ROMANA,INDOMET,EMCI,34.8,25.6,0.0,https://indomet.gob.do/wp-content/uploads/2026/08/temperaturas-extremas-y-precipitaciones-2026x08x10-a.pdf
2026-08-10,038,ARPT. DE LAS AMÉRICAS,SANTO DOMINGO,INDOMET,EMCI,33.7,24.0,0.0,https://indomet.gob.do/wp-content/uploads/2026/08/temperaturas-extremas-y-precipitaciones-2026x08x10-a.pdf
2026-08-10,039,ARPT. DE PUNTA CANA,LA ALTAGRACIA,INDOMET,EMCI,32.4,24.4,0.0,https://indomet.gob.do/wp-content/uploads/2026/08/temperaturas-extremas-y-precipitaciones-2026x08x10-a.pdf
2026-08-10,040,ARPT. LA ISABELA,SANTO DOMINGO,INDOMET,EMCI,35.2,26.1,0.0,https://indomet.gob.do/wp-content/uploads/2026/08/temperaturas-extremas-y-precipitaciones-2026x08x10-a.pdf
2026-08-10,041,ARPT. MARÍA MONTEZ,BARAHONA,INDOMET,EMCI,34.3,27.6,0.0,https://indomet.gob.do/wp-content/uploads/2026/08/temperaturas-extremas-y-precipitaciones-2026x08x10-a.pdf
2026-08-10,042,ARROYO LORO,SAN JUAN,IDIAF,EMCI,36.0,19.6,0.0,https://indomet.gob.do/wp-content/uploads/2026/08/temperaturas-extremas-y-precipitaciones-2026x08x10-a.pdf
2026-08-10,043,BAYAGUANA,MONTE PLATA,INDOMET,EMCI,34.5,24.8,0.0,https://indomet.gob.do/wp-content/uploads/2026/08/temperaturas-extremas-y-precipitaciones-2026x08x10-a.pdf
2026-08-10,044,CABRERA,MARÍA TRINIDAD SÁNCHEZ,ESCUELA ARÍSTIDES FIALLO CABRAL,EMCI,35.0,28.0,0.0,https://indomet.gob.do/wp-content/uploads/2026/08/temperaturas-extremas-y-precipitaciones-2026x08x10-a.pdf
2026-08-10,045,CONSTANZA,LA VEGA,MINISTERIO DE AGRICULTURA,EMCI,28.0,14.7,0.0,https://indomet.gob.do/wp-content/uploads/2026/08/temperaturas-extremas-y-precipitaciones-2026x08x10-a.pdf
2026-08-10,046,DAJABÓN,DAJABÓN,INSTITUTO POLITÉCNICO LOYOLA,EMCI,37.0,22.0,0.0,https://indomet.gob.do/wp-content/uploads/2026/08/temperaturas-extremas-y-precipitaciones-2026x08x10-a.pdf
2026-08-10,047,GASPAR HERNÁNDEZ,ESPAILLAT,PROPIEDAD DEL EMPLEADO,EMCI,,,0.0,https://indomet.gob.do/wp-content/uploads/2026/08/temperaturas-extremas-y-precipitaciones-2026x08x10-a.pdf
2026-08-10,048,HONDO VALLE,ELÍAS PIÑA,MINISTERIO DE AGRICULTURA,EMCI,30.6,20.7,0.0,https://indomet.gob.do/wp-content/uploads/2026/08/temperaturas-extremas-y-precipitaciones-2026x08x10-a.pdf
2026-08-10,049,JARABACOA,LA VEGA,INDRHI / MARENA,EMCI,32.0,18.6,0.0,https://indomet.gob.do/wp-content/uploads/2026/08/temperaturas-extremas-y-precipitaciones-2026x08x10-a.pdf
2026-08-10,050,JIMANÍ,INDEPENDENCIA,MINISTERIO DE AGRICULTURA,EMCI,39.0,27.4,0.0,https://indomet.gob.do/wp-content/uploads/2026/08/temperaturas-extremas-y-precipitaciones-2026x08x10-a.pdf
2026-08-10,051,LA VEGA,LA VEGA,IATESA,EMCI,35.7,24.5,0.0,https://indomet.gob.do/wp-content/uploads/2026/08/temperaturas-extremas-y-precipitaciones-2026x08x10-a.pdf
2026-08-10,052,LOS LLANOS,SAN PEDRO DE MACORÍS,MINISTERIO DE AGRICULTURA,EMCI,36.0,24.0,0.0,https://indomet.gob.do/wp-content/uploads/2026/08/temperaturas-extremas-y-precipitaciones-2026x08x10-a.pdf
2026-08-10,053,MONTE CRISTI,MONTE CRISTI,INDOMET,EMCI,35.2,27.5,0.0,https://indomet.gob.do/wp-content/uploads/2026/08/temperaturas-extremas-y-precipitaciones-2026x08x10-a.pdf
2026-08-10,054,OLIVARES,PEDERNALES,INDRHI,EMCI,,,0.0,https://indomet.gob.do/wp-content/uploads/2026/08/temperaturas-extremas-y-precipitaciones-2026x08x10-a.pdf
2026-08-10,055,OVIEDO,PEDERNALES,CLÍNICA RURAL OVIEDO,EMCI,35.0,25.0,0.0,https://indomet.gob.do/wp-content/uploads/2026/08/temperaturas-extremas-y-precipitaciones-2026x08x10-a.pdf
2026-08-10,056,PADRE LAS CASAS,AZUA,HOSP. NTRA. SRA. DEL CARMEN,EMCI,36.4,20.5,0.0,https://indomet.gob.do/wp-content/uploads/2026/08/temperaturas-extremas-y-precipitaciones-2026x08x10-a.pdf
2026-08-10,057,PALO ÍNDIO,PUERTO PLATA,MINISTERIO DE AGRICULTURA,EMCI,,,0.0,https://indomet.gob.do/wp-content/uploads/2026/08/temperaturas-extremas-y-precipitaciones-2026x08x10-a.pdf
2026-08-10,059,PEDERNALES,PEDERNALES,INDRHI,EMCI,,,0.0,https://indomet.gob.do/wp-content/uploads/2026/08/temperaturas-extremas-y-precipitaciones-2026x08x10-a.pdf
2026-08-10,060,PERALTA,AZUA,HOSP. MPAL. DE PERALTA,EMCI,36.5,20.0,0.0,https://indomet.gob.do/wp-content/uploads/2026/08/temperaturas-extremas-y-precipitaciones-2026x08x10-a.pdf
2026-08-10,061,RESTAURACIÓN,DAJABÓN,MINISTERIO DE AGRICULTURA,EMCI,34.8,19.6,0.0,https://indomet.gob.do/wp-content/uploads/2026/08/temperaturas-extremas-y-precipitaciones-2026x08x10-a.pdf
2026-08-10,062,SABANA DE LA MAR,HATO MAYOR,INDOMET,EMCI,33.2,24.2,0.0,https://indomet.gob.do/wp-content/uploads/2026/08/temperaturas-extremas-y-precipitaciones-2026x08x10-a.pdf
2026-08-10,063,SALCEDO,HERMANAS MIRABAL,PROPIEDAD DEL EMPLEADO,EMCI,,,0.0,https://indomet.gob.do/wp-content/uploads/2026/08/temperaturas-extremas-y-precipitaciones-2026x08x10-a.pdf
2026-08-10,064,SAMANÁ,SAMANÁ,COMANDANCIA DE PUERTO DE SAMANÁ,EMCI,34.3,19.4,0.0,https://indomet.gob.do/wp-content/uploads/2026/08/temperaturas-extremas-y-precipitaciones-2026x08x10-a.pdf
2026-08-10,065,SAN CRISTÓBAL,SAN CRISTÓBAL,INSTITUTO POLITÉCNICO LOYOLA,EMCI,35.2,23.0,0.0,https://indomet.gob.do/wp-content/uploads/2026/08/temperaturas-extremas-y-precipitaciones-2026x08x10-a.pdf
2026-08-10,066,SAN FRANCISCO DE MACORÍS,DUARTE,San Francisco de Macorís (UASD),EMCI,34.1,24.2,0.0,https://indomet.gob.do/wp-content/uploads/2026/08/temperaturas-extremas-y-precipitaciones-2026x08x10-a.pdf
2026-08-10,067,SAN JOSÉ DE OCOA,SAN JOSÉ DE OCOA,HOSP. SAN JOSÉ DE OCOA,EMCI,34.4,25.0,0.0,https://indomet.gob.do/wp-content/uploads/2026/08/temperaturas-extremas-y-precipitaciones-2026x08x10-a.pdf
2026-08-10,068,SAN RAFAEL DEL YUMA,LA ALTAGRACIA,MINISTERIO DE AGRICULTURA,EMCI,35.8,26.0,0.0,https://indomet.gob.do/wp-content/uploads/2026/08/temperaturas-extremas-y-precipitaciones-2026x08x10-a.pdf
2026-08-10,069,SÁNCHEZ,SAMANÁ,MINISTERIO DE AGRICULTURA,EMCI,33.9,24.4,0.0,https://indomet.gob.do/wp-content/uploads/2026/08/temperaturas-extremas-y-precipitaciones-2026x08x10-a.pdf
2026-08-10,070,SANTIAGO RODRÍGUEZ,SANTIAGO RODRÍGUEZ,INDOMET,EMCI,37.6,24.5,0.0,https://indomet.gob.do/wp-content/uploads/2026/08/temperaturas-extremas-y-precipitaciones-2026x08x10-a.pdf
2026-08-10,071,SANTO DOMINGO ESTE,SANTO DOMINGO,INDOMET,EMCI,36.4,26.0,0.0,https://indomet.gob.do/wp-content/uploads/2026/08/temperaturas-extremas-y-precipitaciones-2026x08x10-a.pdf
2026-08-10,072,TÁBARA ABAJO,AZUA,INDRHI,EMCI,34.5,20.0,0.0,https://indomet.gob.do/wp-content/uploads/2026/08/temperaturas-extremas-y-precipitaciones-2026x08x10-a.pdf
2026-08-10,073,TAVERA,SANTIAGO,INDRHI,EMCI,,,0.0,https://indomet.gob.do/wp-content/uploads/2026/08/temperaturas-extremas-y-precipitaciones-2026x08x10-a.pdf
2026-08-10,074,VILLA GONZALES,SANTIAGO,MINISTERIO DE AGRICULTURA,EMCI,,,0.0,https://indomet.gob.do/wp-content/uploads/2026/08/temperaturas-extremas-y-precipitaciones-2026x08x10-a.pdf
2026-08-10,075,VILLA RIVA,DUARTE,HOSP. MPAL. ALICIA DE LEGENDRE,EMCI,34.3,24.5,0.0,https://indomet.gob.do/wp-content/uploads/2026/08/temperaturas-extremas-y-precipitaciones-2026x08x10-a.pdf
2026-08-10,076,BASE AÉREA DE SAN ISIDRO,SANTO DOMINGO,FUERZA AÉREA DOMINICANA,EMCV,34.5,25.4,0.0,https://indomet.gob.do/wp-content/uploads/2026/08/temperaturas-extremas-y-precipitaciones-2026x08x10-a.pdf
2026-08-10,077,BOHECHÍO,SAN JUAN,MINISTERIO DE AGRICULTURA,EMCV,,,0.0,https://indomet.gob.do/wp-content/uploads/2026/08/temperaturas-extremas-y-precipitaciones-2026x08x10-a.pdf
2026-08-10,078,CABRAL,BARAHONA,MINISTERIO DE AGRICULTURA,EMCV,36.5,25.0,0.0,https://indomet.gob.do/wp-content/uploads/2026/08/temperaturas-extremas-y-precipitaciones-2026x08x10-a.pdf
2026-08-10,079,EL CERCADO,SAN JUAN,MINISTERIO DE AGRICULTURA,EMCV,,,0.0,https://indomet.gob.do/wp-content/uploads/2026/08/temperaturas-extremas-y-precipitaciones-2026x08x10-a.pdf
2026-08-10,080,ELÍAS PIÑA,ELÍAS PIÑA,MINISTERIO DE AGRICULTURA,EMCV,,,0.0,https://indomet.gob.do/wp-content/uploads/2026/08/temperaturas-extremas-y-precipitaciones-2026x08x10-a.pdf
2026-08-10,081,ENRIQUILLO,BARAHONA,MINISTERIO DE AGRICULTURA,EMCV,34.5,25.5,0.0,https://indomet.gob.do/wp-content/uploads/2026/08/temperaturas-extremas-y-precipitaciones-2026x08x10-a.pdf
2026-08-10,082,ESCONDIDO,PERAVIA,MINISTERIO DE AGRICULTURA,EMCV,35.0,28.0,0.0,https://indomet.gob.do/wp-content/uploads/2026/08/temperaturas-extremas-y-precipitaciones-2026x08x10-a.pdf
2026-08-10,083,GURABO,SANTIAGO,MINISTERIO DE AGRICULTURA,EMCV,,,0.0,https://indomet.gob.do/wp-content/uploads/2026/08/temperaturas-extremas-y-precipitaciones-2026x08x10-a.pdf
2026-08-10,084,HATO MAYOR,HATO MAYOR,MINISTERIO DE AGRICULTURA,EMCV,,,0.0,https://indomet.gob.do/wp-content/uploads/2026/08/temperaturas-extremas-y-precipitaciones-2026x08x10-a.pdf
2026-08-10,085,JARDÍN BOTÁNICO NACIONAL,DISTRITO NACIONAL,JARDÍN BOTÁNICO NACIONAL,EMCV,33.7,23.5,0.0,https://indomet.gob.do/wp-content/uploads/2026/08/temperaturas-extremas-y-precipitaciones-2026x08x10-a.pdf
2026-08-10,086,MAO,VALVERDE,INDRHI / MINISTERIO DE AGRICULTURA,EMCV,,,0.0,https://indomet.gob.do/wp-content/uploads/2026/08/temperaturas-extremas-y-precipitaciones-2026x08x10-a.pdf
2026-08-10,087,NAVARRETE,SANTIAGO,MINISTERIO DE AGRICULTURA,EMCV,,,0.0,https://indomet.gob.do/wp-content/uploads/2026/08/temperaturas-extremas-y-precipitaciones-2026x08x10-a.pdf
2026-08-10,088,RÍO SAN JUAN,MARÍA TRINIDAD SÁNCHEZ,HOSP. MPAL. DR. DESIDERIO ACOSTA,EMCV,34.4,25.0,0.0,https://indomet.gob.do/wp-content/uploads/2026/08/temperaturas-extremas-y-precipitaciones-2026x08x10-a.pdf
2026-08-11,001,CABRERA,MARÍA TRINIDAD SÁNCHEZ,ESCUELA ARÍSTIDES FIALLO CABRAL,EMCI,36.0,28.0,60.0,https://indomet.gob.do/wp-content/uploads/2026/08/temperaturas-extremas-y-precipitaciones-2026x08x11-a.pdf
2026-08-11,002,SANTO DOMINGO ESTE,SANTO DOMINGO,INDOMET,EMCI,34.0,25.4,43.0,https://indomet.gob.do/wp-content/uploads/2026/08/temperaturas-extremas-y-precipitaciones-2026x08x11-a.pdf
2026-08-11,003,SAMANÁ,SAMANÁ,COMANDANCIA DE PUERTO DE SAMANÁ,EMCI,35.0,16.9,42.2,https://indomet.gob.do/wp-content/uploads/2026/08/temperaturas-extremas-y-precipitaciones-2026x08x11-a.pdf
2026-08-11,004,RÍO SAN JUAN,MARÍA TRINIDAD SÁNCHEZ,HOSP. MPAL. DR. DESIDERIO ACOSTA,EMCV,35.0,24.3,38.9,https://indomet.gob.do/wp-content/uploads/2026/08/temperaturas-extremas-y-precipitaciones-2026x08x11-a.pdf
2026-08-11,005,BASE AÉREA DE SAN ISIDRO,SANTO DOMINGO,FUERZA AÉREA DOMINICANA,EMCV,33.5,,28.0,https://indomet.gob.do/wp-content/uploads/2026/08/temperaturas-extremas-y-precipitaciones-2026x08x11-a.pdf
2026-08-11,006,VILLA RIVA,DUARTE,HOSP. MPAL. ALICIA DE LEGENDRE,EMCI,34.0,23.4,26.4,https://indomet.gob.do/wp-content/uploads/2026/08/temperaturas-extremas-y-precipitaciones-2026x08x11-a.pdf
2026-08-11,007,RANCHO ARRIBA,SAN JOSÉ DE OCOA,CENTRO TECNOLÓGICO COMUNITARIO,EMCI,32.5,21.1,24.1,https://indomet.gob.do/wp-content/uploads/2026/08/temperaturas-extremas-y-precipitaciones-2026x08x11-a.pdf
2026-08-11,008,JARDÍN BOTÁNICO NACIONAL,DISTRITO NACIONAL,JARDÍN BOTÁNICO NACIONAL,EMCV,34.4,22.6,22.2,https://indomet.gob.do/wp-content/uploads/2026/08/temperaturas-extremas-y-precipitaciones-2026x08x11-a.pdf
2026-08-11,009,SABANA DE LA MAR,HATO MAYOR,INDOMET,EMCI,33.0,24.0,21.5,https://indomet.gob.do/wp-content/uploads/2026/08/temperaturas-extremas-y-precipitaciones-2026x08x11-a.pdf
2026-08-11,010,SÁNCHEZ,SAMANÁ,MINISTERIO DE AGRICULTURA,EMCI,33.1,23.4,19.9,https://indomet.gob.do/wp-content/uploads/2026/08/temperaturas-extremas-y-precipitaciones-2026x08x11-a.pdf
2026-08-11,011,ARPT. EL CATEY,SAMANÁ,INDOMET,EMCI,31.5,21.6,19.1,https://indomet.gob.do/wp-content/uploads/2026/08/temperaturas-extremas-y-precipitaciones-2026x08x11-a.pdf
2026-08-11,012,LOS JENGIBRES,NAGUA,INDRHI,EMCI,,,17.1,https://indomet.gob.do/wp-content/uploads/2026/08/temperaturas-extremas-y-precipitaciones-2026x08x11-a.pdf
2026-08-11,013,BELLA VISTA (EMA),DISTRITO NACIONAL,PRIVADA,EMAP,,,16.8,https://indomet.gob.do/wp-content/uploads/2026/08/temperaturas-extremas-y-precipitaciones-2026x08x11-a.pdf
2026-08-11,014,POLO,BARAHONA,INDOCAFE,EMCI,31.2,19.5,16.2,https://indomet.gob.do/wp-content/uploads/2026/08/temperaturas-extremas-y-precipitaciones-2026x08x11-a.pdf
2026-08-11,015,EL FACTOR (EMA),MARÍA TRINIDAD SÁNCHEZ,INTEC,EMAP,32.7,23.8,15.5,https://indomet.gob.do/wp-content/uploads/2026/08/temperaturas-extremas-y-precipitaciones-2026x08x11-a.pdf
2026-08-11,016,LOS CACICAZGOS (EMA),DISTRITO NACIONAL,PRIVADA,EMAP,,,15.0,https://indomet.gob.do/wp-content/uploads/2026/08/temperaturas-extremas-y-precipitaciones-2026x08x11-a.pdf
2026-08-11,017,VILLA ALTAGRACIA,SAN CRISTÓBAL,ESCUELA JAVIER ANGULO GURIDI,EMCI,,,14.6,https://indomet.gob.do/wp-content/uploads/2026/08/temperaturas-extremas-y-precipitaciones-2026x08x11-a.pdf
2026-08-11,018,ALTO BANDERA (EMA),LA VEGA,INTEC,EMAP,16.2,8.4,13.5,https://indomet.gob.do/wp-content/uploads/2026/08/temperaturas-extremas-y-precipitaciones-2026x08x11-a.pdf
2026-08-11,019,ANAMUYA (EMA),LA ALTAGRACIA,MINISTERIO DE AGRICULTURA,EMAP,33.0,24.6,13.2,https://indomet.gob.do/wp-content/uploads/2026/08/temperaturas-extremas-y-precipitaciones-2026x08x11-a.pdf
2026-08-11,020,ARPT. LA ISABELA,SANTO DOMINGO,INDOMET,EMCI,36.4,25.1,12.9,https://indomet.gob.do/wp-content/uploads/2026/08/temperaturas-extremas-y-precipitaciones-2026x08x11-a.pdf
2026-08-11,021,PROLONGACION 27 DE FEBRERO,DISTRITO NACIONAL,PRIVADA,EMAP,,,12.9,https://indomet.gob.do/wp-content/uploads/2026/08/temperaturas-extremas-y-precipitaciones-2026x08x11-a.pdf
2026-08-11,022,JUMA BEJUCAL,MONSEÑOR NOUEL,IDIAF,EMCV,34.8,23.8,12.4,https://indomet.gob.do/wp-content/uploads/2026/08/temperaturas-extremas-y-precipitaciones-2026x08x11-a.pdf
2026-08-11,023,JARABACOA,LA VEGA,INDRHI / MARENA,EMCI,34.0,19.0,12.3,https://indomet.gob.do/wp-content/uploads/2026/08/temperaturas-extremas-y-precipitaciones-2026x08x11-a.pdf
2026-08-11,024,JARABACOA (EMA),LA VEGA,PROGRAMA MUNDIAL DE ALIMENTO,EMAP,32.7,21.4,12.2,https://indomet.gob.do/wp-content/uploads/2026/08/temperaturas-extremas-y-precipitaciones-2026x08x11-a.pdf
2026-08-11,025,ENSANCHE LA FE (EMA),DISTRITO NACIONAL,PRIVADA,EMAP,,,11.5,https://indomet.gob.do/wp-content/uploads/2026/08/temperaturas-extremas-y-precipitaciones-2026x08x11-a.pdf
2026-08-11,026,LA AGUSTINA (EMA),DISTRITO NACIONAL,PRIVADA,EMAP,,,11.4,https://indomet.gob.do/wp-content/uploads/2026/08/temperaturas-extremas-y-precipitaciones-2026x08x11-a.pdf
2026-08-11,027,ARPT. ARROYO BARRIL,SAMANÁ,INDOMET,EMCI,32.5,24.4,10.3,https://indomet.gob.do/wp-content/uploads/2026/08/temperaturas-extremas-y-precipitaciones-2026x08x11-a.pdf
2026-08-11,028,ARPT. DE PUNTA CANA,LA ALTAGRACIA,INDOMET,EMCI,32.6,24.5,10.2,https://indomet.gob.do/wp-content/uploads/2026/08/temperaturas-extremas-y-precipitaciones-2026x08x11-a.pdf
2026-08-11,029,LOS JARDINES (EMA),DISTRITO NACIONAL,PRIVADA,EMAP,,,9.8,https://indomet.gob.do/wp-content/uploads/2026/08/temperaturas-extremas-y-precipitaciones-2026x08x11-a.pdf
2026-08-11,030,GASPAR HERNÁNDEZ,ESPAILLAT,PROPIEDAD DEL EMPLEADO,EMCI,,,9.2,https://indomet.gob.do/wp-content/uploads/2026/08/temperaturas-extremas-y-precipitaciones-2026x08x11-a.pdf
2026-08-11,031,LA VICTORIA,SANTO DOMINGO,CUERPO DE BOMBEROS,EMCI,35.2,24.5,8.4,https://indomet.gob.do/wp-content/uploads/2026/08/temperaturas-extremas-y-precipitaciones-2026x08x11-a.pdf
2026-08-11,032,SALCEDO,HERMANAS MIRABAL,PROPIEDAD DEL EMPLEADO,EMCI,,,8.2,https://indomet.gob.do/wp-content/uploads/2026/08/temperaturas-extremas-y-precipitaciones-2026x08x11-a.pdf
2026-08-11,033,LA VEGA,LA VEGA,IATESA,EMCI,37.0,24.0,7.6,https://indomet.gob.do/wp-content/uploads/2026/08/temperaturas-extremas-y-precipitaciones-2026x08x11-a.pdf
2026-08-11,034,PARQUE MIRADOR SUR,DISTRITO NACIONAL,AYUNTAMIENTO,EMCV,34.3,24.0,6.2,https://indomet.gob.do/wp-content/uploads/2026/08/temperaturas-extremas-y-precipitaciones-2026x08x11-a.pdf
2026-08-11,035,SAN FRANCISCO DE MACORÍS,DUARTE,San Francisco de Macorís (UASD),EMCI,34.8,23.7,6.1,https://indomet.gob.do/wp-content/uploads/2026/08/temperaturas-extremas-y-precipitaciones-2026x08x11-a.pdf
2026-08-11,036,SAN JOSÉ DE OCOA,SAN JOSÉ DE OCOA,HOSP. SAN JOSÉ DE OCOA,EMCI,35.8,23.6,6.0,https://indomet.gob.do/wp-content/uploads/2026/08/temperaturas-extremas-y-precipitaciones-2026x08x11-a.pdf
2026-08-11,037,ARPT. DE LAS AMÉRICAS,SANTO DOMINGO,INDOMET,EMCI,33.8,24.8,5.7,https://indomet.gob.do/wp-content/uploads/2026/08/temperaturas-extremas-y-precipitaciones-2026x08x11-a.pdf
2026-08-11,038,TAMBORIL,SANTIAGO,MINISTERIO DE AGRICULTURA,EMCV,,,4.8,https://indomet.gob.do/wp-content/uploads/2026/08/temperaturas-extremas-y-precipitaciones-2026x08x11-a.pdf
2026-08-11,039,SAN CRISTÓBAL,SAN CRISTÓBAL,INSTITUTO POLITÉCNICO LOYOLA,EMCI,35.0,22.5,4.6,https://indomet.gob.do/wp-content/uploads/2026/08/temperaturas-extremas-y-precipitaciones-2026x08x11-a.pdf
2026-08-11,040,ELÍAS PIÑA,ELÍAS PIÑA,MINISTERIO DE AGRICULTURA,EMCV,,,4.1,https://indomet.gob.do/wp-content/uploads/2026/08/temperaturas-extremas-y-precipitaciones-2026x08x11-a.pdf
2026-08-11,041,EL SEIBO,EL SEIBO,MINISTERIO DE AGRICULTURA,EMCV,,,3.8,https://indomet.gob.do/wp-content/uploads/2026/08/temperaturas-extremas-y-precipitaciones-2026x08x11-a.pdf
2026-08-11,042,SAN RAFAEL DEL YUMA,LA ALTAGRACIA,MINISTERIO DE AGRICULTURA,EMCI,35.3,24.6,2.9,https://indomet.gob.do/wp-content/uploads/2026/08/temperaturas-extremas-y-precipitaciones-2026x08x11-a.pdf
2026-08-11,043,NAVARRETE,SANTIAGO,MINISTERIO DE AGRICULTURA,EMCV,,,2.5,https://indomet.gob.do/wp-content/uploads/2026/08/temperaturas-extremas-y-precipitaciones-2026x08x11-a.pdf
2026-08-11,044,OVIEDO,PEDERNALES,CLÍNICA RURAL OVIEDO,EMCI,34.5,24.8,2.4,https://indomet.gob.do/wp-content/uploads/2026/08/temperaturas-extremas-y-precipitaciones-2026x08x11-a.pdf
2026-08-11,045,ARPT. GREGORIO LUPERÓN,PUERTO PLATA,INDOMET,EMCI,32.8,23.9,2.3,https://indomet.gob.do/wp-content/uploads/2026/08/temperaturas-extremas-y-precipitaciones-2026x08x11-a.pdf
2026-08-11,046,PASO AL MEDIO,SAN PEDRO DE MACORÍS,INDRHI,EMCI,,,2.1,https://indomet.gob.do/wp-content/uploads/2026/08/temperaturas-extremas-y-precipitaciones-2026x08x11-a.pdf
2026-08-11,047,CONSTANZA,LA VEGA,MINISTERIO DE AGRICULTURA,EMCI,29.0,16.5,2.0,https://indomet.gob.do/wp-content/uploads/2026/08/temperaturas-extremas-y-precipitaciones-2026x08x11-a.pdf
2026-08-11,048,CONSTANZA (EMA),LA VEGA,PROGRAMA MUNDIAL DE ALIMENTO,EMAP,28.0,18.6,2.0,https://indomet.gob.do/wp-content/uploads/2026/08/temperaturas-extremas-y-precipitaciones-2026x08x11-a.pdf
2026-08-11,049,SANTIAGO (CENTRO),SANTIAGO,HUACALITO,EMCI,,,1.8,https://indomet.gob.do/wp-content/uploads/2026/08/temperaturas-extremas-y-precipitaciones-2026x08x11-a.pdf
2026-08-11,050,ARPT. DE LA ROMANA,LA ROMANA,INDOMET,EMCI,34.0,25.0,1.6,https://indomet.gob.do/wp-content/uploads/2026/08/temperaturas-extremas-y-precipitaciones-2026x08x11-a.pdf
2026-08-11,051,EL MILLON (EMA),DISTRITO NACIONAL,PRIVADA,EMAP,,,1.5,https://indomet.gob.do/wp-content/uploads/2026/08/temperaturas-extremas-y-precipitaciones-2026x08x11-a.pdf
2026-08-11,052,BUCARA (EMA),SANTIAGO,MINISTERIO DE AGRICULTURA,EMAI,,,1.4,https://indomet.gob.do/wp-content/uploads/2026/08/temperaturas-extremas-y-precipitaciones-2026x08x11-a.pdf
2026-08-11,053,GURABO,SANTIAGO,MINISTERIO DE AGRICULTURA,EMCV,,,1.0,https://indomet.gob.do/wp-content/uploads/2026/08/temperaturas-extremas-y-precipitaciones-2026x08x11-a.pdf
2026-08-11,054,ARPT. DEL CIBAO,SANTIAGO,INDOMET,EMCI,35.1,23.8,1.0,https://indomet.gob.do/wp-content/uploads/2026/08/temperaturas-extremas-y-precipitaciones-2026x08x11-a.pdf
2026-08-11,055,TAVERA,SANTIAGO,INDRHI,EMCI,,,1.0,https://indomet.gob.do/wp-content/uploads/2026/08/temperaturas-extremas-y-precipitaciones-2026x08x11-a.pdf
2026-08-11,056,LOS LLANOS,SAN PEDRO DE MACORÍS,MINISTERIO DE AGRICULTURA,EMCI,34.0,24.0,0.8,https://indomet.gob.do/wp-content/uploads/2026/08/temperaturas-extremas-y-precipitaciones-2026x08x11-a.pdf
2026-08-11,057,VILLA GONZALES,SANTIAGO,MINISTERIO DE AGRICULTURA,EMCI,,,0.5,https://indomet.gob.do/wp-content/uploads/2026/08/temperaturas-extremas-y-precipitaciones-2026x08x11-a.pdf
2026-08-11,058,PRESA DE TAVERAS (EMA),LA VEGA,PROGRAMA MUNDIAL DE ALIMENTO,EMAP,34.9,22.4,0.4,https://indomet.gob.do/wp-content/uploads/2026/08/temperaturas-extremas-y-precipitaciones-2026x08x11-a.pdf
2026-08-11,059,VILLA ISABELA,PUERTO PLATA,MINISTERIO DE AGRICULTURA,EMCV,,,0.3,https://indomet.gob.do/wp-content/uploads/2026/08/temperaturas-extremas-y-precipitaciones-2026x08x11-a.pdf
2026-08-11,060,ALTAMIRA,PUERTO PLATA,HOSP. MPAL. DE ALTAMIRA,EMCI,35.3,21.0,0.2,https://indomet.gob.do/wp-content/uploads/2026/08/temperaturas-extremas-y-precipitaciones-2026x08x11-a.pdf
2026-08-11,061,COTUÍ (EMA),SÁNCHEZ RAMÍREZ,HOSP. INMACULADA CONCEPCIÓN,EMCV,36.2,24.3,0.2,https://indomet.gob.do/wp-content/uploads/2026/08/temperaturas-extremas-y-precipitaciones-2026x08x11-a.pdf
2026-08-11,062,SABANA GRANDE DE BOYÁ,MONTE PLATA,MINISTERIO DE AGRICULTURA,EMCV,,,0.1,https://indomet.gob.do/wp-content/uploads/2026/08/temperaturas-extremas-y-precipitaciones-2026x08x11-a.pdf
2026-08-11,063,ARPT. MARÍA MONTEZ,BARAHONA,INDOMET,EMCI,34.6,25.5,0.0,https://indomet.gob.do/wp-content/uploads/2026/08/temperaturas-extremas-y-precipitaciones-2026x08x11-a.pdf
2026-08-11,064,ARROYO LORO,SAN JUAN,IDIAF,EMCI,36.4,20.7,0.0,https://indomet.gob.do/wp-content/uploads/2026/08/temperaturas-extremas-y-precipitaciones-2026x08x11-a.pdf
2026-08-11,065,BANI (EMA),PERAVIA,MINISTERIO DE AGRICULTURA,EMAP,,,0.0,https://indomet.gob.do/wp-content/uploads/2026/08/temperaturas-extremas-y-precipitaciones-2026x08x11-a.pdf
2026-08-11,066,BAYAGUANA,MONTE PLATA,INDOMET,EMCI,34.0,23.5,0.0,https://indomet.gob.do/wp-content/uploads/2026/08/temperaturas-extremas-y-precipitaciones-2026x08x11-a.pdf
2026-08-11,067,PALO DE VIENTO (EMA),SAN JUAN,MINISTERIO DE AGRICULTURA,EMAP,,,0.0,https://indomet.gob.do/wp-content/uploads/2026/08/temperaturas-extremas-y-precipitaciones-2026x08x11-a.pdf
2026-08-11,068,BOCA DE MAO (EMA),VALVERDE,MINISTERIO DE AGRICULTURA,EMAP,35.4,25.3,0.0,https://indomet.gob.do/wp-content/uploads/2026/08/temperaturas-extremas-y-precipitaciones-2026x08x11-a.pdf
2026-08-11,069,BOHECHÍO,SAN JUAN,MINISTERIO DE AGRICULTURA,EMCV,,,0.0,https://indomet.gob.do/wp-content/uploads/2026/08/temperaturas-extremas-y-precipitaciones-2026x08x11-a.pdf
2026-08-11,070,CABRAL,BARAHONA,MINISTERIO DE AGRICULTURA,EMCV,36.9,27.7,0.0,https://indomet.gob.do/wp-content/uploads/2026/08/temperaturas-extremas-y-precipitaciones-2026x08x11-a.pdf
2026-08-11,071,DAJABÓN,DAJABÓN,INSTITUTO POLITÉCNICO LOYOLA,EMCI,36.8,21.6,0.0,https://indomet.gob.do/wp-content/uploads/2026/08/temperaturas-extremas-y-precipitaciones-2026x08x11-a.pdf
2026-08-11,072,ENRIQUILLO,BARAHONA,MINISTERIO DE AGRICULTURA,EMCV,35.4,25.2,0.0,https://indomet.gob.do/wp-content/uploads/2026/08/temperaturas-extremas-y-precipitaciones-2026x08x11-a.pdf
2026-08-11,073,ESCONDIDO,PERAVIA,MINISTERIO DE AGRICULTURA,EMCV,35.0,28.0,0.0,https://indomet.gob.do/wp-content/uploads/2026/08/temperaturas-extremas-y-precipitaciones-2026x08x11-a.pdf
2026-08-11,074,HATO MAYOR,HATO MAYOR,MINISTERIO DE AGRICULTURA,EMCV,,,0.0,https://indomet.gob.do/wp-content/uploads/2026/08/temperaturas-extremas-y-precipitaciones-2026x08x11-a.pdf
2026-08-11,075,HONDO VALLE,ELÍAS PIÑA,MINISTERIO DE AGRICULTURA,EMCI,30.1,21.0,0.0,https://indomet.gob.do/wp-content/uploads/2026/08/temperaturas-extremas-y-precipitaciones-2026x08x11-a.pdf
2026-08-11,076,JARDÍN BOTÁNICO SANTIAGO (EMSANTIAGO,,JARDIN BOTANICO SANTIAGO,EMAI,35.9,24.5,0.0,https://indomet.gob.do/wp-content/uploads/2026/08/temperaturas-extremas-y-precipitaciones-2026x08x11-a.pdf
2026-08-11,077,JIMANÍ,INDEPENDENCIA,MINISTERIO DE AGRICULTURA,EMCI,38.6,27.4,0.0,https://indomet.gob.do/wp-content/uploads/2026/08/temperaturas-extremas-y-precipitaciones-2026x08x11-a.pdf
2026-08-11,078,LAS CANAS (EMA),MONTE CRISTI,PROGRAMA MUNDIAL DE ALIMENTO,EMAP,31.3,25.6,0.0,https://indomet.gob.do/wp-content/uploads/2026/08/temperaturas-extremas-y-precipitaciones-2026x08x11-a.pdf
2026-08-11,079,LOS COCOS (EMA),BAHORUCO,PRIVADA,EMAP,,,0.0,https://indomet.gob.do/wp-content/uploads/2026/08/temperaturas-extremas-y-precipitaciones-2026x08x11-a.pdf
2026-08-11,080,LUPERÓN,PUERTO PLATA,MINISTERIO DE AGRICULTURA,EMCV,,,0.0,https://indomet.gob.do/wp-content/uploads/2026/08/temperaturas-extremas-y-precipitaciones-2026x08x11-a.pdf
2026-08-11,081,MAO,VALVERDE,INDRHI / MINISTERIO DE AGRICULTURA,EMCV,,,0.0,https://indomet.gob.do/wp-content/uploads/2026/08/temperaturas-extremas-y-precipitaciones-2026x08x11-a.pdf
2026-08-11,082,MONCIÓN (EMA),SANTIAGO RODRÍGUEZ,PROGRAMA MUNDIAL DE ALIMENTO,EMAP,38.7,26.8,0.0,https://indomet.gob.do/wp-content/uploads/2026/08/temperaturas-extremas-y-precipitaciones-2026x08x11-a.pdf
2026-08-11,083,MONTE CRISTI,MONTE CRISTI,INDOMET,EMCI,34.7,26.3,0.0,https://indomet.gob.do/wp-content/uploads/2026/08/temperaturas-extremas-y-precipitaciones-2026x08x11-a.pdf
2026-08-11,084,OLIVARES,PEDERNALES,INDRHI,EMCI,,,0.0,https://indomet.gob.do/wp-content/uploads/2026/08/temperaturas-extremas-y-precipitaciones-2026x08x11-a.pdf
2026-08-11,085,PADRE LAS CASAS,AZUA,HOSP. NTRA. SRA. DEL CARMEN,EMCI,36.5,21.0,0.0,https://indomet.gob.do/wp-content/uploads/2026/08/temperaturas-extremas-y-precipitaciones-2026x08x11-a.pdf
2026-08-11,086,PALO ÍNDIO,PUERTO PLATA,MINISTERIO DE AGRICULTURA,EMCI,,,0.0,https://indomet.gob.do/wp-content/uploads/2026/08/temperaturas-extremas-y-precipitaciones-2026x08x11-a.pdf
2026-08-11,087,PEDERNALES,PEDERNALES,INDRHI,EMCI,,,0.0,https://indomet.gob.do/wp-content/uploads/2026/08/temperaturas-extremas-y-precipitaciones-2026x08x11-a.pdf
2026-08-11,088,PERALTA,AZUA,HOSP. MPAL. DE PERALTA,EMCI,35.7,19.5,0.0,https://indomet.gob.do/wp-content/uploads/2026/08/temperaturas-extremas-y-precipitaciones-2026x08x11-a.pdf
2026-08-11,089,RESTAURACIÓN,DAJABÓN,MINISTERIO DE AGRICULTURA,EMCI,34.3,18.9,0.0,https://indomet.gob.do/wp-content/uploads/2026/08/temperaturas-extremas-y-precipitaciones-2026x08x11-a.pdf
2026-08-11,090,SABANETA (EMA),SANTIAGO RODRÍGUEZ,PROGRAMA MUNDIAL DE ALIMENTO,EMAP,34.2,23.5,0.0,https://indomet.gob.do/wp-content/uploads/2026/08/temperaturas-extremas-y-precipitaciones-2026x08x11-a.pdf
2026-08-11,091,SAJOMA (EMA),SANTIAGO,PLAN SIERRA,EMAI,36.5,24.6,0.0,https://indomet.gob.do/wp-content/uploads/2026/08/temperaturas-extremas-y-precipitaciones-2026x08x11-a.pdf
2026-08-11,092,SANTIAGO RODRÍGUEZ,SANTIAGO RODRÍGUEZ,INDOMET,EMCI,38.5,26.4,0.0,https://indomet.gob.do/wp-content/uploads/2026/08/temperaturas-extremas-y-precipitaciones-2026x08x11-a.pdf
2026-08-11,093,TÁBARA ABAJO,AZUA,INDRHI,EMCI,32.5,23.0,0.0,https://indomet.gob.do/wp-content/uploads/2026/08/temperaturas-extremas-y-precipitaciones-2026x08x11-a.pdf
2026-08-11,094,VILLA VASQUEZ (EMA),MONTE CRISTI,JUNTA DE REGANTES,EMAI,,,0.0,https://indomet.gob.do/wp-content/uploads/2026/08/temperaturas-extremas-y-precipitaciones-2026x08x11-a.pdf
2026-08-11,095,MICHES (EMA),EL SEIBO,PRIVADA,EMAP,30.4,23.3,0.0,https://indomet.gob.do/wp-content/uploads/2026/08/temperaturas-extremas-y-precipitaciones-2026x08x11-a.pdf
2026-08-12,035,CABRERA,MARÍA TRINIDAD SÁNCHEZ,ESCUELA ARÍSTIDES FIALLO CABRAL,EMCI,34.6,24.2,62.0,https://indomet.gob.do/wp-content/uploads/2026/08/temperaturas-extremas-y-precipitaciones-2026x08x12-a.pdf
2026-08-12,036,BAYAGUANA,MONTE PLATA,INDOMET,EMCI,35.4,23.6,51.4,https://indomet.gob.do/wp-content/uploads/2026/08/temperaturas-extremas-y-precipitaciones-2026x08x12-a.pdf
2026-08-12,037,SAMANÁ,SAMANÁ,COMANDANCIA DE PUERTO DE SAMANÁ,EMCI,34.8,17.7,38.4,https://indomet.gob.do/wp-content/uploads/2026/08/temperaturas-extremas-y-precipitaciones-2026x08x12-a.pdf
2026-08-12,038,DAJABÓN,DAJABÓN,INSTITUTO POLITÉCNICO LOYOLA,EMCI,36.0,24.0,29.5,https://indomet.gob.do/wp-content/uploads/2026/08/temperaturas-extremas-y-precipitaciones-2026x08x12-a.pdf
2026-08-12,039,SABANETA (EMA),SANTIAGO RODRÍGUEZ,PROGRAMA MUNDIAL DE ALIMENTO,EMAP,33.2,25.6,25.4,https://indomet.gob.do/wp-content/uploads/2026/08/temperaturas-extremas-y-precipitaciones-2026x08x12-a.pdf
2026-08-12,040,SÁNCHEZ,SAMANÁ,MINISTERIO DE AGRICULTURA,EMCI,33.0,24.8,24.0,https://indomet.gob.do/wp-content/uploads/2026/08/temperaturas-extremas-y-precipitaciones-2026x08x12-a.pdf
2026-08-12,041,SANTIAGO RODRÍGUEZ,SANTIAGO RODRÍGUEZ,INDOMET,EMCI,37.0,24.0,23.9,https://indomet.gob.do/wp-content/uploads/2026/08/temperaturas-extremas-y-precipitaciones-2026x08x12-a.pdf
2026-08-12,042,JARABACOA (EMA),LA VEGA,PROGRAMA MUNDIAL DE ALIMENTO,EMAP,31.8,19.6,22.6,https://indomet.gob.do/wp-content/uploads/2026/08/temperaturas-extremas-y-precipitaciones-2026x08x12-a.pdf
2026-08-12,043,JARABACOA,LA VEGA,INDRHI / MARENA,EMCI,33.2,18.4,20.7,https://indomet.gob.do/wp-content/uploads/2026/08/temperaturas-extremas-y-precipitaciones-2026x08x12-a.pdf
2026-08-12,044,TAVERA,SANTIAGO,INDRHI,EMCI,,,17.1,https://indomet.gob.do/wp-content/uploads/2026/08/temperaturas-extremas-y-precipitaciones-2026x08x12-a.pdf
2026-08-12,045,SABANA GRANDE DE BOYÁ,MONTE PLATA,MINISTERIO DE AGRICULTURA,EMCV,,,13.7,https://indomet.gob.do/wp-content/uploads/2026/08/temperaturas-extremas-y-precipitaciones-2026x08x12-a.pdf
2026-08-12,046,LA CUCHILLA (EMA),SAN CRISTÓBAL,PRIVADA,EMAP,,,13.2,https://indomet.gob.do/wp-content/uploads/2026/08/temperaturas-extremas-y-precipitaciones-2026x08x12-a.pdf
2026-08-12,047,ARPT. ARROYO BARRIL,SAMANÁ,INDOMET,EMCI,33.0,23.0,9.0,https://indomet.gob.do/wp-content/uploads/2026/08/temperaturas-extremas-y-precipitaciones-2026x08x12-a.pdf
2026-08-12,048,ARPT. DE LAS AMÉRICAS,SANTO DOMINGO,INDOMET,EMCI,32.8,24.0,8.0,https://indomet.gob.do/wp-content/uploads/2026/08/temperaturas-extremas-y-precipitaciones-2026x08x12-a.pdf
2026-08-12,049,CASTILLO (EMA),DUARTE,PRIVADA,EMAP,,,6.1,https://indomet.gob.do/wp-content/uploads/2026/08/temperaturas-extremas-y-precipitaciones-2026x08x12-a.pdf
2026-08-12,050,EL FACTOR (EMA),MARÍA TRINIDAD SÁNCHEZ,INTEC,EMAP,33.2,25.6,6.1,https://indomet.gob.do/wp-content/uploads/2026/08/temperaturas-extremas-y-precipitaciones-2026x08x12-a.pdf
2026-08-12,051,BARRAQUITO (EMA),DUARTE,PROGRAMA MUNDIAL DE ALIMENTO,EMAP,,,4.8,https://indomet.gob.do/wp-content/uploads/2026/08/temperaturas-extremas-y-precipitaciones-2026x08x12-a.pdf
2026-08-12,052,ARPT. EL CATEY,SAMANÁ,INDOMET,EMCI,32.0,21.5,4.3,https://indomet.gob.do/wp-content/uploads/2026/08/temperaturas-extremas-y-precipitaciones-2026x08x12-a.pdf
2026-08-12,053,ARPT. LA ISABELA,SANTO DOMINGO,INDOMET,EMCI,35.6,25.0,4.0,https://indomet.gob.do/wp-content/uploads/2026/08/temperaturas-extremas-y-precipitaciones-2026x08x12-a.pdf
2026-08-12,054,LA VEGA,LA VEGA,IATESA,EMCI,36.0,24.0,3.8,https://indomet.gob.do/wp-content/uploads/2026/08/temperaturas-extremas-y-precipitaciones-2026x08x12-a.pdf
2026-08-12,055,POLO,BARAHONA,INDOCAFE,EMCI,31.0,17.5,2.8,https://indomet.gob.do/wp-content/uploads/2026/08/temperaturas-extremas-y-precipitaciones-2026x08x12-a.pdf
2026-08-12,056,VILLA RIVA,DUARTE,HOSP. MPAL. ALICIA DE LEGENDRE,EMCI,33.5,23.5,2.8,https://indomet.gob.do/wp-content/uploads/2026/08/temperaturas-extremas-y-precipitaciones-2026x08x12-a.pdf
2026-08-12,057,RÍO SAN JUAN,MARÍA TRINIDAD SÁNCHEZ,HOSP. MPAL. DR. DESIDERIO ACOSTA,EMCV,34.8,26.0,2.2,https://indomet.gob.do/wp-content/uploads/2026/08/temperaturas-extremas-y-precipitaciones-2026x08x12-a.pdf
2026-08-12,058,BUCARA (EMA),SANTIAGO,MINISTERIO DE AGRICULTURA,EMAI,,,1.6,https://indomet.gob.do/wp-content/uploads/2026/08/temperaturas-extremas-y-precipitaciones-2026x08x12-a.pdf
2026-08-12,059,EL MILLON (EMA),DISTRITO NACIONAL,PRIVADA,EMAP,,,1.3,https://indomet.gob.do/wp-content/uploads/2026/08/temperaturas-extremas-y-precipitaciones-2026x08x12-a.pdf
2026-08-12,060,LOS JENGIBRES,NAGUA,INDRHI,EMCI,,,1.3,https://indomet.gob.do/wp-content/uploads/2026/08/temperaturas-extremas-y-precipitaciones-2026x08x12-a.pdf
2026-08-12,061,BANI (EMA),PERAVIA,MINISTERIO DE AGRICULTURA,EMAP,,,1.2,https://indomet.gob.do/wp-content/uploads/2026/08/temperaturas-extremas-y-precipitaciones-2026x08x12-a.pdf
2026-08-12,062,JANICO (EMA),LA VEGA,PLAN SIERRA,EMAI,,,1.0,https://indomet.gob.do/wp-content/uploads/2026/08/temperaturas-extremas-y-precipitaciones-2026x08x12-a.pdf
2026-08-12,063,RANCHO ARRIBA,SAN JOSÉ DE OCOA,CENTRO TECNOLÓGICO COMUNITARIO,EMCI,31.9,21.7,0.8,https://indomet.gob.do/wp-content/uploads/2026/08/temperaturas-extremas-y-precipitaciones-2026x08x12-a.pdf
2026-08-12,064,PRESA DE TAVERAS (EMA),LA VEGA,PROGRAMA MUNDIAL DE ALIMENTO,EMAP,33.4,23.9,0.6,https://indomet.gob.do/wp-content/uploads/2026/08/temperaturas-extremas-y-precipitaciones-2026x08x12-a.pdf
2026-08-12,065,JUMA BEJUCAL,MONSEÑOR NOUEL,IDIAF,EMCV,34.6,25.8,0.5,https://indomet.gob.do/wp-content/uploads/2026/08/temperaturas-extremas-y-precipitaciones-2026x08x12-a.pdf
2026-08-12,066,LAS CANAS (EMA),MONTE CRISTI,PROGRAMA MUNDIAL DE ALIMENTO,EMAP,,,0.4,https://indomet.gob.do/wp-content/uploads/2026/08/temperaturas-extremas-y-precipitaciones-2026x08x12-a.pdf
2026-08-12,067,ALTO BANDERA (EMA),LA VEGA,INTEC,EMAP,15.9,10.2,0.3,https://indomet.gob.do/wp-content/uploads/2026/08/temperaturas-extremas-y-precipitaciones-2026x08x12-a.pdf
2026-08-12,068,SANTO DOMINGO ESTE,SANTO DOMINGO,INDOMET,EMCI,32.4,25.2,0.2,https://indomet.gob.do/wp-content/uploads/2026/08/temperaturas-extremas-y-precipitaciones-2026x08x12-a.pdf
2026-08-12,069,MONTE CRISTI,MONTE CRISTI,INDOMET,EMCI,33.8,26.4,0.1,https://indomet.gob.do/wp-content/uploads/2026/08/temperaturas-extremas-y-precipitaciones-2026x08x12-a.pdf
2026-08-12,070,OVIEDO,PEDERNALES,CLÍNICA RURAL OVIEDO,EMCI,34.2,25.0,0.1,https://indomet.gob.do/wp-content/uploads/2026/08/temperaturas-extremas-y-precipitaciones-2026x08x12-a.pdf
2026-08-12,071,VILLA ALTAGRACIA,SAN CRISTÓBAL,ESCUELA JAVIER ANGULO GURIDI,EMCI,,,0.1,https://indomet.gob.do/wp-content/uploads/2026/08/temperaturas-extremas-y-precipitaciones-2026x08x12-a.pdf
2026-08-12,072,ENRIQUILLO,BARAHONA,MINISTERIO DE AGRICULTURA,EMCV,34.0,25.0,0.1,https://indomet.gob.do/wp-content/uploads/2026/08/temperaturas-extremas-y-precipitaciones-2026x08x12-a.pdf
2026-08-12,073,JARDÍN BOTÁNICO SANTIAGO (EMA),SANTIAGO,JARDIN BOTANICO SANTIAGO,EMAI,36.3,25.3,0.0,https://indomet.gob.do/wp-content/uploads/2026/08/temperaturas-extremas-y-precipitaciones-2026x08x12-a.pdf
2026-08-12,074,SAJOMA (EMA),SANTIAGO,PLAN SIERRA,EMAI,35.9,27.5,0.0,https://indomet.gob.do/wp-content/uploads/2026/08/temperaturas-extremas-y-precipitaciones-2026x08x12-a.pdf
2026-08-12,075,ANAMUYA (EMA),LA ALTAGRACIA,MINISTERIO DE AGRICULTURA,EMAP,34.2,26.6,0.0,https://indomet.gob.do/wp-content/uploads/2026/08/temperaturas-extremas-y-precipitaciones-2026x08x12-a.pdf
2026-08-12,076,BELLA VISTA (EMA),DISTRITO NACIONAL,PRIVADA,EMAP,,,0.0,https://indomet.gob.do/wp-content/uploads/2026/08/temperaturas-extremas-y-precipitaciones-2026x08x12-a.pdf
2026-08-12,077,BOCA DE MAO (EMA),VALVERDE,MINISTERIO DE AGRICULTURA,EMAP,34.4,25.3,0.0,https://indomet.gob.do/wp-content/uploads/2026/08/temperaturas-extremas-y-precipitaciones-2026x08x12-a.pdf
2026-08-12,078,CONSTANZA (EMA),LA VEGA,PROGRAMA MUNDIAL DE ALIMENTO,EMAP,28.1,16.1,0.0,https://indomet.gob.do/wp-content/uploads/2026/08/temperaturas-extremas-y-precipitaciones-2026x08x12-a.pdf
2026-08-12,079,ENSANCHE LA FE (EMA),DISTRITO NACIONAL,PRIVADA,EMAP,,,0.0,https://indomet.gob.do/wp-content/uploads/2026/08/temperaturas-extremas-y-precipitaciones-2026x08x12-a.pdf
2026-08-12,080,LOS COCOS (EMA),BAHORUCO,PRIVADA,EMAP,,,0.0,https://indomet.gob.do/wp-content/uploads/2026/08/temperaturas-extremas-y-precipitaciones-2026x08x12-a.pdf
2026-08-12,081,LOS JARDINES (EMA),DISTRITO NACIONAL,PRIVADA,EMAP,,,0.0,https://indomet.gob.do/wp-content/uploads/2026/08/temperaturas-extremas-y-precipitaciones-2026x08x12-a.pdf
2026-08-12,082,MICHES (EMA),EL SEIBO,PRIVADA,EMAP,33.4,24.7,0.0,https://indomet.gob.do/wp-content/uploads/2026/08/temperaturas-extremas-y-precipitaciones-2026x08x12-a.pdf
2026-08-12,083,MONCIÓN (EMA),SANTIAGO RODRÍGUEZ,PROGRAMA MUNDIAL DE ALIMENTO,EMAP,36.8,23.3,0.0,https://indomet.gob.do/wp-content/uploads/2026/08/temperaturas-extremas-y-precipitaciones-2026x08x12-a.pdf
2026-08-12,084,PROLONGACION 27 DE FEBRERO (EMA),DISTRITO NACIONAL,PRIVADA,EMAP,,,0.0,https://indomet.gob.do/wp-content/uploads/2026/08/temperaturas-extremas-y-precipitaciones-2026x08x12-a.pdf
2026-08-12,085,ALTAMIRA,PUERTO PLATA,HOSP. MPAL. DE ALTAMIRA,EMCI,34.6,23.4,0.0,https://indomet.gob.do/wp-content/uploads/2026/08/temperaturas-extremas-y-precipitaciones-2026x08x12-a.pdf
2026-08-12,086,ARPT. DE LA ROMANA,LA ROMANA,INDOMET,EMCI,36.0,24.0,0.0,https://indomet.gob.do/wp-content/uploads/2026/08/temperaturas-extremas-y-precipitaciones-2026x08x12-a.pdf
2026-08-12,087,ARPT. DE PUNTA CANA,LA ALTAGRACIA,INDOMET,EMCI,32.8,24.4,0.0,https://indomet.gob.do/wp-content/uploads/2026/08/temperaturas-extremas-y-precipitaciones-2026x08x12-a.pdf
2026-08-12,088,ARPT. DEL CIBAO,SANTIAGO,INDOMET,EMCI,35.5,23.0,0.0,https://indomet.gob.do/wp-content/uploads/2026/08/temperaturas-extremas-y-precipitaciones-2026x08x12-a.pdf
2026-08-12,089,ARPT. GREGORIO LUPERÓN,PUERTO PLATA,INDOMET,EMCI,32.0,23.2,0.0,https://indomet.gob.do/wp-content/uploads/2026/08/temperaturas-extremas-y-precipitaciones-2026x08x12-a.pdf
2026-08-12,090,ARPT. MARÍA MONTEZ,BARAHONA,INDOMET,EMCI,34.0,28.5,0.0,https://indomet.gob.do/wp-content/uploads/2026/08/temperaturas-extremas-y-precipitaciones-2026x08x12-a.pdf
2026-08-12,091,ARROYO LORO,SAN JUAN,IDIAF,EMCI,35.0,21.3,0.0,https://indomet.gob.do/wp-content/uploads/2026/08/temperaturas-extremas-y-precipitaciones-2026x08x12-a.pdf
2026-08-12,092,CONSTANZA,LA VEGA,MINISTERIO DE AGRICULTURA,EMCI,29.0,13.8,0.0,https://indomet.gob.do/wp-content/uploads/2026/08/temperaturas-extremas-y-precipitaciones-2026x08x12-a.pdf
2026-08-12,093,GASPAR HERNÁNDEZ,ESPAILLAT,PROPIEDAD DEL EMPLEADO,EMCI,,,0.0,https://indomet.gob.do/wp-content/uploads/2026/08/temperaturas-extremas-y-precipitaciones-2026x08x12-a.pdf
2026-08-12,094,HONDO VALLE,ELÍAS PIÑA,MINISTERIO DE AGRICULTURA,EMCI,29.7,20.4,0.0,https://indomet.gob.do/wp-content/uploads/2026/08/temperaturas-extremas-y-precipitaciones-2026x08x12-a.pdf
2026-08-12,095,JIMANÍ,INDEPENDENCIA,MINISTERIO DE AGRICULTURA,EMCI,35.5,28.2,0.0,https://indomet.gob.do/wp-content/uploads/2026/08/temperaturas-extremas-y-precipitaciones-2026x08x12-a.pdf
2026-08-12,096,LA VICTORIA,SANTO DOMINGO,CUERPO DE BOMBEROS,EMCI,35.6,25.0,0.0,https://indomet.gob.do/wp-content/uploads/2026/08/temperaturas-extremas-y-precipitaciones-2026x08x12-a.pdf
2026-08-12,097,LOS LLANOS,SAN PEDRO DE MACORÍS,MINISTERIO DE AGRICULTURA,EMCI,36.0,23.7,0.0,https://indomet.gob.do/wp-content/uploads/2026/08/temperaturas-extremas-y-precipitaciones-2026x08x12-a.pdf
2026-08-12,098,OLIVARES,PEDERNALES,INDRHI,EMCI,,,0.0,https://indomet.gob.do/wp-content/uploads/2026/08/temperaturas-extremas-y-precipitaciones-2026x08x12-a.pdf
2026-08-12,099,PADRE LAS CASAS,AZUA,HOSP. NTRA. SRA. DEL CARMEN,EMCI,33.5,21.5,0.0,https://indomet.gob.do/wp-content/uploads/2026/08/temperaturas-extremas-y-precipitaciones-2026x08x12-a.pdf
2026-08-12,100,PALO ÍNDIO,PUERTO PLATA,MINISTERIO DE AGRICULTURA,EMCI,,,0.0,https://indomet.gob.do/wp-content/uploads/2026/08/temperaturas-extremas-y-precipitaciones-2026x08x12-a.pdf
2026-08-12,101,PASO AL MEDIO,SAN PEDRO DE MACORÍS,INDRHI,EMCI,,,0.0,https://indomet.gob.do/wp-content/uploads/2026/08/temperaturas-extremas-y-precipitaciones-2026x08x12-a.pdf
2026-08-12,102,PEDERNALES,PEDERNALES,INDRHI,EMCI,,,0.0,https://indomet.gob.do/wp-content/uploads/2026/08/temperaturas-extremas-y-precipitaciones-2026x08x12-a.pdf
2026-08-12,103,PERALTA,AZUA,HOSP. MPAL. DE PERALTA,EMCI,33.5,20.0,0.0,https://indomet.gob.do/wp-content/uploads/2026/08/temperaturas-extremas-y-precipitaciones-2026x08x12-a.pdf
2026-08-12,104,RESTAURACIÓN,DAJABÓN,MINISTERIO DE AGRICULTURA,EMCI,34.0,19.2,0.0,https://indomet.gob.do/wp-content/uploads/2026/08/temperaturas-extremas-y-precipitaciones-2026x08x12-a.pdf
2026-08-12,105,SABANA DE LA MAR,HATO MAYOR,INDOMET,EMCI,32.2,23.6,0.0,https://indomet.gob.do/wp-content/uploads/2026/08/temperaturas-extremas-y-precipitaciones-2026x08x12-a.pdf
2026-08-12,106,SALCEDO,HERMANAS MIRABAL,PROPIEDAD DEL EMPLEADO,EMCI,,,0.0,https://indomet.gob.do/wp-content/uploads/2026/08/temperaturas-extremas-y-precipitaciones-2026x08x12-a.pdf
2026-08-12,107,SAN CRISTÓBAL,SAN CRISTÓBAL,INSTITUTO POLITÉCNICO LOYOLA,EMCI,35.2,23.0,0.0,https://indomet.gob.do/wp-content/uploads/2026/08/temperaturas-extremas-y-precipitaciones-2026x08x12-a.pdf
2026-08-12,108,SAN FRANCISCO DE MACORÍS,DUARTE,San Francisco de Macorís (UASD),EMCI,34.1,24.2,0.0,https://indomet.gob.do/wp-content/uploads/2026/08/temperaturas-extremas-y-precipitaciones-2026x08x12-a.pdf
2026-08-12,109,SAN JOSÉ DE OCOA,SAN JOSÉ DE OCOA,HOSP. SAN JOSÉ DE OCOA,EMCI,34.1,24.7,0.0,https://indomet.gob.do/wp-content/uploads/2026/08/temperaturas-extremas-y-precipitaciones-2026x08x12-a.pdf
2026-08-12,110,SAN RAFAEL DEL YUMA,LA ALTAGRACIA,MINISTERIO DE AGRICULTURA,EMCI,35.8,26.0,0.0,https://indomet.gob.do/wp-content/uploads/2026/08/temperaturas-extremas-y-precipitaciones-2026x08x12-a.pdf
2026-08-12,111,SANTIAGO (CENTRO),SANTIAGO,HUACALITO,EMCI,,,0.0,https://indomet.gob.do/wp-content/uploads/2026/08/temperaturas-extremas-y-precipitaciones-2026x08x12-a.pdf
2026-08-12,112,TÁBARA ABAJO,AZUA,INDRHI,EMCI,34.5,24.0,0.0,https://indomet.gob.do/wp-content/uploads/2026/08/temperaturas-extremas-y-precipitaciones-2026x08x12-a.pdf
2026-08-12,113,VILLA GONZALES,SANTIAGO,MINISTERIO DE AGRICULTURA,EMCI,,,0.0,https://indomet.gob.do/wp-content/uploads/2026/08/temperaturas-extremas-y-precipitaciones-2026x08x12-a.pdf
2026-08-12,114,BASE AÉREA DE SAN ISIDRO,SANTO DOMINGO,FUERZA AÉREA DOMINICANA,EMCV,33.1,,0.0,https://indomet.gob.do/wp-content/uploads/2026/08/temperaturas-extremas-y-precipitaciones-2026x08x12-a.pdf
2026-08-12,115,BOHECHÍO,SAN JUAN,MINISTERIO DE AGRICULTURA,EMCV,,,0.0,https://indomet.gob.do/wp-content/uploads/2026/08/temperaturas-extremas-y-precipitaciones-2026x08x12-a.pdf
2026-08-12,116,BONAO,MONSEÑOR NOUEL,MINISTERIO DE AGRICULTURA,EMCV,29.7,20.4,0.0,https://indomet.gob.do/wp-content/uploads/2026/08/temperaturas-extremas-y-precipitaciones-2026x08x12-a.pdf
2026-08-12,117,EL CERCADO,SAN JUAN,MINISTERIO DE AGRICULTURA,EMCV,,,0.0,https://indomet.gob.do/wp-content/uploads/2026/08/temperaturas-extremas-y-precipitaciones-2026x08x12-a.pdf
2026-08-12,118,ELÍAS PIÑA,ELÍAS PIÑA,MINISTERIO DE AGRICULTURA,EMCV,,,0.0,https://indomet.gob.do/wp-content/uploads/2026/08/temperaturas-extremas-y-precipitaciones-2026x08x12-a.pdf
2026-08-12,119,ESCONDIDO,PERAVIA,MINISTERIO DE AGRICULTURA,EMCV,34.0,27.0,0.0,https://indomet.gob.do/wp-content/uploads/2026/08/temperaturas-extremas-y-precipitaciones-2026x08x12-a.pdf
2026-08-12,120,GURABO,SANTIAGO,MINISTERIO DE AGRICULTURA,EMCV,,,0.0,https://indomet.gob.do/wp-content/uploads/2026/08/temperaturas-extremas-y-precipitaciones-2026x08x12-a.pdf
2026-08-12,121,HATO MAYOR,HATO MAYOR,MINISTERIO DE AGRICULTURA,EMCV,,,0.0,https://indomet.gob.do/wp-content/uploads/2026/08/temperaturas-extremas-y-precipitaciones-2026x08x12-a.pdf
2026-08-12,122,JARDÍN BOTÁNICO NACIONAL,DISTRITO NACIONAL,JARDÍN BOTÁNICO NACIONAL,EMCV,30.6,24.2,0.0,https://indomet.gob.do/wp-content/uploads/2026/08/temperaturas-extremas-y-precipitaciones-2026x08x12-a.pdf
2026-08-12,123,MAO,VALVERDE,INDRHI / MINISTERIO DE AGRICULTURA,EMCV,,,0.0,https://indomet.gob.do/wp-content/uploads/2026/08/temperaturas-extremas-y-precipitaciones-2026x08x12-a.pdf
2026-08-12,124,TAMBORIL,SANTIAGO,MINISTERIO DE AGRICULTURA,EMCV,,,0.0,https://indomet.gob.do/wp-content/uploads/2026/08/temperaturas-extremas-y-precipitaciones-2026x08x12-a.pdf
2026-08-12,125,VILLA ISABELA,PUERTO PLATA,MINISTERIO DE AGRICULTURA,EMCV,34.0,23.8,0.0,https://indomet.gob.do/wp-content/uploads/2026/08/temperaturas-extremas-y-precipitaciones-2026x08x12-a.pdf
2026-08-13,001,POLO,BARAHONA,INDOCAFE,EMCI,31.0,19.7,39.1,https://indomet.gob.do/wp-content/uploads/2026/08/temperaturas-extremas-y-precipitaciones-2026x08x13-a.pdf
2026-08-13,002,SABANA GRANDE DE BOYÁ,MONTE PLATA,MINISTERIO DE AGRICULTURA,EMCV,,,21.6,https://indomet.gob.do/wp-content/uploads/2026/08/temperaturas-extremas-y-precipitaciones-2026x08x13-a.pdf
2026-08-13,003,ENRIQUILLO,BARAHONA,MINISTERIO DE AGRICULTURA,EMCV,31.5,21.0,9.4,https://indomet.gob.do/wp-content/uploads/2026/08/temperaturas-extremas-y-precipitaciones-2026x08x13-a.pdf
2026-08-13,004,OVIEDO,PEDERNALES,CLÍNICA RURAL OVIEDO,EMCI,32.0,22.0,5.8,https://indomet.gob.do/wp-content/uploads/2026/08/temperaturas-extremas-y-precipitaciones-2026x08x13-a.pdf
2026-08-13,005,COTUÍ (EMA),SÁNCHEZ RAMÍREZ,HOSP. INMACULADA CONCEPCIÓN,EMCV,,,5.3,https://indomet.gob.do/wp-content/uploads/2026/08/temperaturas-extremas-y-precipitaciones-2026x08x13-a.pdf
2026-08-13,006,LOS COCOS (EMA),BAHORUCO,PRIVADA,EMAP,,,0.8,https://indomet.gob.do/wp-content/uploads/2026/08/temperaturas-extremas-y-precipitaciones-2026x08x13-a.pdf
2026-08-13,007,EL MILLON (EMA),DISTRITO NACIONAL,PRIVADA,EMAP,,,0.5,https://indomet.gob.do/wp-content/uploads/2026/08/temperaturas-extremas-y-precipitaciones-2026x08x13-a.pdf
2026-08-13,008,BASE AÉREA DE SAN ISIDRO,SANTO DOMINGO,FUERZA AÉREA DOMINICANA,EMCV,33.0,25.0,0.3,https://indomet.gob.do/wp-content/uploads/2026/08/temperaturas-extremas-y-precipitaciones-2026x08x13-a.pdf
2026-08-13,009,ESCONDIDO,PERAVIA,MINISTERIO DE AGRICULTURA,EMCV,31.0,26.0,0.3,https://indomet.gob.do/wp-content/uploads/2026/08/temperaturas-extremas-y-precipitaciones-2026x08x13-a.pdf
2026-08-13,010,RANCHO ARRIBA,SAN JOSÉ DE OCOA,CENTRO TECNOLÓGICO COMUNITARIO,EMCI,29.3,18.6,0.2,https://indomet.gob.do/wp-content/uploads/2026/08/temperaturas-extremas-y-precipitaciones-2026x08x13-a.pdf
2026-08-13,011,SÁNCHEZ,SAMANÁ,MINISTERIO DE AGRICULTURA,EMCI,32.8,26.4,0.2,https://indomet.gob.do/wp-content/uploads/2026/08/temperaturas-extremas-y-precipitaciones-2026x08x13-a.pdf
2026-08-13,012,JIMANÍ,INDEPENDENCIA,MINISTERIO DE AGRICULTURA,EMCI,33.5,27.6,0.1,https://indomet.gob.do/wp-content/uploads/2026/08/temperaturas-extremas-y-precipitaciones-2026x08x13-a.pdf
2026-08-13,013,MONTE CRISTI,MONTE CRISTI,INDOMET,EMCI,36.2,26.2,0.1,https://indomet.gob.do/wp-content/uploads/2026/08/temperaturas-extremas-y-precipitaciones-2026x08x13-a.pdf
2026-08-13,014,SALCEDO,HERMANAS MIRABAL,PROPIEDAD DEL EMPLEADO,EMCI,,,0.1,https://indomet.gob.do/wp-content/uploads/2026/08/temperaturas-extremas-y-precipitaciones-2026x08x13-a.pdf
2026-08-13,015,SANTIAGO RODRÍGUEZ,SANTIAGO RODRÍGUEZ,INDOMET,EMCI,36.2,25.1,0.1,https://indomet.gob.do/wp-content/uploads/2026/08/temperaturas-extremas-y-precipitaciones-2026x08x13-a.pdf
2026-08-13,016,ALTAMIRA,PUERTO PLATA,HOSP. MPAL. DE ALTAMIRA,EMCI,36.0,23.0,0.0,https://indomet.gob.do/wp-content/uploads/2026/08/temperaturas-extremas-y-precipitaciones-2026x08x13-a.pdf
2026-08-13,017,ALTO BANDERA (EMA),LA VEGA,INTEC,EMAP,12.1,9.4,0.0,https://indomet.gob.do/wp-content/uploads/2026/08/temperaturas-extremas-y-precipitaciones-2026x08x13-a.pdf
2026-08-13,018,ANAMUYA (EMA),LA ALTAGRACIA,MINISTERIO DE AGRICULTURA,EMAP,34.0,25.9,0.0,https://indomet.gob.do/wp-content/uploads/2026/08/temperaturas-extremas-y-precipitaciones-2026x08x13-a.pdf
2026-08-13,019,ARPT. ARROYO BARRIL,SAMANÁ,INDOMET,EMCI,33.0,24.0,0.0,https://indomet.gob.do/wp-content/uploads/2026/08/temperaturas-extremas-y-precipitaciones-2026x08x13-a.pdf
2026-08-13,020,ARPT. DE LA ROMANA,LA ROMANA,INDOMET,EMCI,34.0,26.0,0.0,https://indomet.gob.do/wp-content/uploads/2026/08/temperaturas-extremas-y-precipitaciones-2026x08x13-a.pdf
2026-08-13,021,ARPT. DE LAS AMÉRICAS,SANTO DOMINGO,INDOMET,EMCI,33.0,25.3,0.0,https://indomet.gob.do/wp-content/uploads/2026/08/temperaturas-extremas-y-precipitaciones-2026x08x13-a.pdf
2026-08-13,022,ARPT. DE PUNTA CANA,LA ALTAGRACIA,INDOMET,EMCI,32.6,25.0,0.0,https://indomet.gob.do/wp-content/uploads/2026/08/temperaturas-extremas-y-precipitaciones-2026x08x13-a.pdf
2026-08-13,023,ARPT. DEL CIBAO,SANTIAGO,INDOMET,EMCI,34.6,23.4,0.0,https://indomet.gob.do/wp-content/uploads/2026/08/temperaturas-extremas-y-precipitaciones-2026x08x13-a.pdf
2026-08-13,024,ARPT. EL CATEY,SAMANÁ,INDOMET,EMCI,34.0,22.6,0.0,https://indomet.gob.do/wp-content/uploads/2026/08/temperaturas-extremas-y-precipitaciones-2026x08x13-a.pdf
2026-08-13,025,ARPT. GREGORIO LUPERÓN,PUERTO PLATA,INDOMET,EMCI,34.2,24.0,0.0,https://indomet.gob.do/wp-content/uploads/2026/08/temperaturas-extremas-y-precipitaciones-2026x08x13-a.pdf
2026-08-13,026,ARPT. LA ISABELA,SANTO DOMINGO,INDOMET,EMCI,33.5,24.5,0.0,https://indomet.gob.do/wp-content/uploads/2026/08/temperaturas-extremas-y-precipitaciones-2026x08x13-a.pdf
2026-08-13,027,ARPT. MARÍA MONTEZ,BARAHONA,INDOMET,EMCI,32.2,26.5,0.0,https://indomet.gob.do/wp-content/uploads/2026/08/temperaturas-extremas-y-precipitaciones-2026x08x13-a.pdf
2026-08-13,028,ARROYO LORO,SAN JUAN,IDIAF,EMCI,34.0,21.3,0.0,https://indomet.gob.do/wp-content/uploads/2026/08/temperaturas-extremas-y-precipitaciones-2026x08x13-a.pdf
2026-08-13,029,BANI (EMA),PERAVIA,MINISTERIO DE AGRICULTURA,EMAP,30.8,27.1,0.0,https://indomet.gob.do/wp-content/uploads/2026/08/temperaturas-extremas-y-precipitaciones-2026x08x13-a.pdf
2026-08-13,030,BAYAGUANA,MONTE PLATA,INDOMET,EMCI,33.5,23.4,0.0,https://indomet.gob.do/wp-content/uploads/2026/08/temperaturas-extremas-y-precipitaciones-2026x08x13-a.pdf
2026-08-13,031,BELLA VISTA (EMA),DISTRITO NACIONAL,PRIVADA,EMAP,,,0.0,https://indomet.gob.do/wp-content/uploads/2026/08/temperaturas-extremas-y-precipitaciones-2026x08x13-a.pdf
2026-08-13,032,BOCA DE MAO (EMA),VALVERDE,MINISTERIO DE AGRICULTURA,EMAP,38.1,26.5,0.0,https://indomet.gob.do/wp-content/uploads/2026/08/temperaturas-extremas-y-precipitaciones-2026x08x13-a.pdf
2026-08-13,033,BONAO,MONSEÑOR NOUEL,MINISTERIO DE AGRICULTURA,EMCV,,,0.0,https://indomet.gob.do/wp-content/uploads/2026/08/temperaturas-extremas-y-precipitaciones-2026x08x13-a.pdf
2026-08-13,034,BUCARA (EMA),SANTIAGO,MINISTERIO DE AGRICULTURA,EMAI,,,0.0,https://indomet.gob.do/wp-content/uploads/2026/08/temperaturas-extremas-y-precipitaciones-2026x08x13-a.pdf
2026-08-13,035,CABRERA,MARÍA TRINIDAD SÁNCHEZ,ESCUELA ARÍSTIDES FIALLO CABRAL,EMCI,34.0,28.5,0.0,https://indomet.gob.do/wp-content/uploads/2026/08/temperaturas-extremas-y-precipitaciones-2026x08x13-a.pdf
2026-08-13,036,CONSTANZA,LA VEGA,MINISTERIO DE AGRICULTURA,EMCI,28.0,12.3,0.0,https://indomet.gob.do/wp-content/uploads/2026/08/temperaturas-extremas-y-precipitaciones-2026x08x13-a.pdf
2026-08-13,037,CONSTANZA (EMA),LA VEGA,PROGRAMA MUNDIAL DE ALIMENTO,EMAP,27.3,14.5,0.0,https://indomet.gob.do/wp-content/uploads/2026/08/temperaturas-extremas-y-precipitaciones-2026x08x13-a.pdf
2026-08-13,038,DAJABÓN,DAJABÓN,INSTITUTO POLITÉCNICO LOYOLA,EMCI,37.9,23.5,0.0,https://indomet.gob.do/wp-content/uploads/2026/08/temperaturas-extremas-y-precipitaciones-2026x08x13-a.pdf
2026-08-13,039,EL CERCADO,SAN JUAN,MINISTERIO DE AGRICULTURA,EMCV,,,0.0,https://indomet.gob.do/wp-content/uploads/2026/08/temperaturas-extremas-y-precipitaciones-2026x08x13-a.pdf
2026-08-13,040,EL FACTOR (EMA),MARÍA TRINIDAD SÁNCHEZ,INTEC,EMAP,33.8,25.1,0.0,https://indomet.gob.do/wp-content/uploads/2026/08/temperaturas-extremas-y-precipitaciones-2026x08x13-a.pdf
2026-08-13,041,ELÍAS PIÑA,ELÍAS PIÑA,MINISTERIO DE AGRICULTURA,EMCV,,,0.0,https://indomet.gob.do/wp-content/uploads/2026/08/temperaturas-extremas-y-precipitaciones-2026x08x13-a.pdf
2026-08-13,042,GASPAR HERNÁNDEZ,ESPAILLAT,PROPIEDAD DEL EMPLEADO,EMCI,,,0.0,https://indomet.gob.do/wp-content/uploads/2026/08/temperaturas-extremas-y-precipitaciones-2026x08x13-a.pdf
2026-08-13,043,GURABO,SANTIAGO,MINISTERIO DE AGRICULTURA,EMCV,,,0.0,https://indomet.gob.do/wp-content/uploads/2026/08/temperaturas-extremas-y-precipitaciones-2026x08x13-a.pdf
2026-08-13,044,HATO MAYOR,HATO MAYOR,MINISTERIO DE AGRICULTURA,EMCV,,,0.0,https://indomet.gob.do/wp-content/uploads/2026/08/temperaturas-extremas-y-precipitaciones-2026x08x13-a.pdf
2026-08-13,045,HONDO VALLE,ELÍAS PIÑA,MINISTERIO DE AGRICULTURA,EMCI,30.4,20.8,0.0,https://indomet.gob.do/wp-content/uploads/2026/08/temperaturas-extremas-y-precipitaciones-2026x08x13-a.pdf
2026-08-13,046,JARABACOA,LA VEGA,INDRHI / MARENA,EMCI,32.0,18.2,0.0,https://indomet.gob.do/wp-content/uploads/2026/08/temperaturas-extremas-y-precipitaciones-2026x08x13-a.pdf
2026-08-13,047,JARABACOA (EMA),LA VEGA,PROGRAMA MUNDIAL DE ALIMENTO,EMAP,31.3,19.6,0.0,https://indomet.gob.do/wp-content/uploads/2026/08/temperaturas-extremas-y-precipitaciones-2026x08x13-a.pdf
2026-08-13,048,JARDÍN BOTÁNICO NACIONAL,DISTRITO NACIONAL,JARDÍN BOTÁNICO NACIONAL,EMCV,32.0,22.8,0.0,https://indomet.gob.do/wp-content/uploads/2026/08/temperaturas-extremas-y-precipitaciones-2026x08x13-a.pdf
2026-08-13,049,JARDÍN BOTÁNICO SANTIAGO (EMSANTIAGO,,JARDIN BOTANICO SANTIAGO,EMAI,35.4,27.8,0.0,https://indomet.gob.do/wp-content/uploads/2026/08/temperaturas-extremas-y-precipitaciones-2026x08x13-a.pdf
2026-08-13,050,JUMA BEJUCAL,MONSEÑOR NOUEL,IDIAF,EMCV,32.0,24.4,0.0,https://indomet.gob.do/wp-content/uploads/2026/08/temperaturas-extremas-y-precipitaciones-2026x08x13-a.pdf
2026-08-13,051,LA VEGA,LA VEGA,IATESA,EMCI,34.0,24.0,0.0,https://indomet.gob.do/wp-content/uploads/2026/08/temperaturas-extremas-y-precipitaciones-2026x08x13-a.pdf
2026-08-13,052,LA VICTORIA,SANTO DOMINGO,CUERPO DE BOMBEROS,EMCI,34.4,25.4,0.0,https://indomet.gob.do/wp-content/uploads/2026/08/temperaturas-extremas-y-precipitaciones-2026x08x13-a.pdf
2026-08-13,053,LAS CANAS (EMA),MONTE CRISTI,PROGRAMA MUNDIAL DE ALIMENTO,EMAP,31.6,26.1,0.0,https://indomet.gob.do/wp-content/uploads/2026/08/temperaturas-extremas-y-precipitaciones-2026x08x13-a.pdf
2026-08-13,054,LOS CACICAZGOS (EMA),DISTRITO NACIONAL,PRIVADA,EMAP,,,0.0,https://indomet.gob.do/wp-content/uploads/2026/08/temperaturas-extremas-y-precipitaciones-2026x08x13-a.pdf
2026-08-13,055,LOS JARDINES (EMA),DISTRITO NACIONAL,PRIVADA,EMAP,,,0.0,https://indomet.gob.do/wp-content/uploads/2026/08/temperaturas-extremas-y-precipitaciones-2026x08x13-a.pdf
2026-08-13,056,LOS JENGIBRES,NAGUA,INDRHI,EMCI,,,0.0,https://indomet.gob.do/wp-content/uploads/2026/08/temperaturas-extremas-y-precipitaciones-2026x08x13-a.pdf
2026-08-13,057,LOS LLANOS,SAN PEDRO DE MACORÍS,MINISTERIO DE AGRICULTURA,EMCI,34.0,24.7,0.0,https://indomet.gob.do/wp-content/uploads/2026/08/temperaturas-extremas-y-precipitaciones-2026x08x13-a.pdf
2026-08-13,058,MAO,VALVERDE,INDRHI / MINISTERIO DE AGRICULTURA,EMCV,,,0.0,https://indomet.gob.do/wp-content/uploads/2026/08/temperaturas-extremas-y-precipitaciones-2026x08x13-a.pdf
2026-08-13,059,MICHES (EMA),EL SEIBO,PRIVADA,EMAP,33.2,24.2,0.0,https://indomet.gob.do/wp-content/uploads/2026/08/temperaturas-extremas-y-precipitaciones-2026x08x13-a.pdf
2026-08-13,060,MONCIÓN (EMA),SANTIAGO RODRÍGUEZ,PROGRAMA MUNDIAL DE ALIMENTO,EMAP,31.3,20.9,0.0,https://indomet.gob.do/wp-content/uploads/2026/08/temperaturas-extremas-y-precipitaciones-2026x08x13-a.pdf
2026-08-13,061,NAVARRETE,SANTIAGO,MINISTERIO DE AGRICULTURA,EMCV,,,0.0,https://indomet.gob.do/wp-content/uploads/2026/08/temperaturas-extremas-y-precipitaciones-2026x08x13-a.pdf
2026-08-13,062,OLIVARES,PEDERNALES,INDRHI,EMCI,,,0.0,https://indomet.gob.do/wp-content/uploads/2026/08/temperaturas-extremas-y-precipitaciones-2026x08x13-a.pdf
2026-08-13,063,PADRE LAS CASAS,AZUA,HOSP. NTRA. SRA. DEL CARMEN,EMCI,31.5,19.5,0.0,https://indomet.gob.do/wp-content/uploads/2026/08/temperaturas-extremas-y-precipitaciones-2026x08x13-a.pdf
2026-08-13,064,PALO DE VIENTO (EMA),SAN JUAN,MINISTERIO DE AGRICULTURA,EMAP,27.6,15.6,0.0,https://indomet.gob.do/wp-content/uploads/2026/08/temperaturas-extremas-y-precipitaciones-2026x08x13-a.pdf
2026-08-13,065,PALO ÍNDIO,PUERTO PLATA,MINISTERIO DE AGRICULTURA,EMCI,,,0.0,https://indomet.gob.do/wp-content/uploads/2026/08/temperaturas-extremas-y-precipitaciones-2026x08x13-a.pdf
2026-08-13,066,PASO AL MEDIO,SAN PEDRO DE MACORÍS,INDRHI,EMCI,,,0.0,https://indomet.gob.do/wp-content/uploads/2026/08/temperaturas-extremas-y-precipitaciones-2026x08x13-a.pdf
2026-08-13,067,PEDERNALES,PEDERNALES,INDRHI,EMCI,,,0.0,https://indomet.gob.do/wp-content/uploads/2026/08/temperaturas-extremas-y-precipitaciones-2026x08x13-a.pdf
2026-08-13,068,PERALTA,AZUA,HOSP. MPAL. DE PERALTA,EMCI,32.6,18.5,0.0,https://indomet.gob.do/wp-content/uploads/2026/08/temperaturas-extremas-y-precipitaciones-2026x08x13-a.pdf
2026-08-13,069,PRESA DE TAVERAS (EMA),LA VEGA,PROGRAMA MUNDIAL DE ALIMENTO,EMAP,32.2,23.7,0.0,https://indomet.gob.do/wp-content/uploads/2026/08/temperaturas-extremas-y-precipitaciones-2026x08x13-a.pdf
2026-08-13,070,PROLONGACION 27 DE FEBRERO,DISTRITO NACIONAL,PRIVADA,EMAP,,,0.0,https://indomet.gob.do/wp-content/uploads/2026/08/temperaturas-extremas-y-precipitaciones-2026x08x13-a.pdf
2026-08-13,071,RESTAURACIÓN,DAJABÓN,MINISTERIO DE AGRICULTURA,EMCI,33.8,18.7,0.0,https://indomet.gob.do/wp-content/uploads/2026/08/temperaturas-extremas-y-precipitaciones-2026x08x13-a.pdf
2026-08-13,072,RÍO SAN JUAN,MARÍA TRINIDAD SÁNCHEZ,HOSP. MPAL. DR. DESIDERIO ACOSTA,EMCV,35.0,25.4,0.0,https://indomet.gob.do/wp-content/uploads/2026/08/temperaturas-extremas-y-precipitaciones-2026x08x13-a.pdf
2026-08-13,073,SABANA DE LA MAR,HATO MAYOR,INDOMET,EMCI,32.0,23.4,0.0,https://indomet.gob.do/wp-content/uploads/2026/08/temperaturas-extremas-y-precipitaciones-2026x08x13-a.pdf
2026-08-13,074,SABANETA (EMA),SANTIAGO RODRÍGUEZ,PROGRAMA MUNDIAL DE ALIMENTO,EMAP,36.1,24.6,0.0,https://indomet.gob.do/wp-content/uploads/2026/08/temperaturas-extremas-y-precipitaciones-2026x08x13-a.pdf
2026-08-13,075,SAJOMA (EMA),SANTIAGO,PLAN SIERRA,EMAI,33.8,26.4,0.0,https://indomet.gob.do/wp-content/uploads/2026/08/temperaturas-extremas-y-precipitaciones-2026x08x13-a.pdf
2026-08-13,076,SAMANÁ,SAMANÁ,COMANDANCIA DE PUERTO DE SAMANÁ,EMCI,33.7,20.0,0.0,https://indomet.gob.do/wp-content/uploads/2026/08/temperaturas-extremas-y-precipitaciones-2026x08x13-a.pdf
2026-08-13,077,SAN CRISTÓBAL,SAN CRISTÓBAL,INSTITUTO POLITÉCNICO LOYOLA,EMCI,35.2,23.2,0.0,https://indomet.gob.do/wp-content/uploads/2026/08/temperaturas-extremas-y-precipitaciones-2026x08x13-a.pdf
2026-08-13,078,SAN FRANCISCO DE MACORÍS,DUARTE,San Francisco de Macorís (UASD),EMCI,34.3,24.9,0.0,https://indomet.gob.do/wp-content/uploads/2026/08/temperaturas-extremas-y-precipitaciones-2026x08x13-a.pdf
2026-08-13,079,SAN JOSÉ DE OCOA,SAN JOSÉ DE OCOA,HOSP. SAN JOSÉ DE OCOA,EMCI,31.4,24.5,0.0,https://indomet.gob.do/wp-content/uploads/2026/08/temperaturas-extremas-y-precipitaciones-2026x08x13-a.pdf
2026-08-13,080,SAN RAFAEL DEL YUMA,LA ALTAGRACIA,MINISTERIO DE AGRICULTURA,EMCI,34.6,25.6,0.0,https://indomet.gob.do/wp-content/uploads/2026/08/temperaturas-extremas-y-precipitaciones-2026x08x13-a.pdf
2026-08-13,081,SANTO DOMINGO ESTE,SANTO DOMINGO,INDOMET,EMCI,32.1,26.2,0.0,https://indomet.gob.do/wp-content/uploads/2026/08/temperaturas-extremas-y-precipitaciones-2026x08x13-a.pdf
2026-08-13,082,TÁBARA ABAJO,AZUA,INDRHI,EMCI,35.5,23.0,0.0,https://indomet.gob.do/wp-content/uploads/2026/08/temperaturas-extremas-y-precipitaciones-2026x08x13-a.pdf
2026-08-13,083,TAMBORIL,SANTIAGO,MINISTERIO DE AGRICULTURA,EMCV,,,0.0,https://indomet.gob.do/wp-content/uploads/2026/08/temperaturas-extremas-y-precipitaciones-2026x08x13-a.pdf
2026-08-13,084,TAVERA,SANTIAGO,INDRHI,EMCI,,,0.0,https://indomet.gob.do/wp-content/uploads/2026/08/temperaturas-extremas-y-precipitaciones-2026x08x13-a.pdf
2026-08-13,085,VILLA ALTAGRACIA,SAN CRISTÓBAL,ESCUELA JAVIER ANGULO GURIDI,EMCI,,,0.0,https://indomet.gob.do/wp-content/uploads/2026/08/temperaturas-extremas-y-precipitaciones-2026x08x13-a.pdf
2026-08-13,086,VILLA GONZALES,SANTIAGO,MINISTERIO DE AGRICULTURA,EMCI,,,0.0,https://indomet.gob.do/wp-content/uploads/2026/08/temperaturas-extremas-y-precipitaciones-2026x08x13-a.pdf
2026-08-13,087,VILLA ISABELA,PUERTO PLATA,MINISTERIO DE AGRICULTURA,EMCV,35.5,24.8,0.0,https://indomet.gob.do/wp-content/uploads/2026/08/temperaturas-extremas-y-precipitaciones-2026x08x13-a.pdf
2026-08-13,088,VILLA RIVA,DUARTE,HOSP. MPAL. ALICIA DE LEGENDRE,EMCI,34.0,24.4,0.0,https://indomet.gob.do/wp-content/uploads/2026/08/temperaturas-extremas-y-precipitaciones-2026x08x13-a.pdf
2026-08-13,089,VILLA VASQUEZ (EMA),MONTE CRISTI,JUNTA DE REGANTES,EMAI,,,0.0,https://indomet.gob.do/wp-content/uploads/2026/08/temperaturas-extremas-y-precipitaciones-2026x08x13-a.pdf
2026-08-14,001,PALO ÍNDIO,PUERTO PLATA,MINISTERIO DE AGRICULTURA,EMCI,,,3.0,https://indomet.gob.do/wp-content/uploads/2026/08/temperaturas-extremas-y-precipitaciones-2026x08x14-a.pdf
2026-08-14,002,SAMANÁ,SAMANÁ,COMANDANCIA DE PUERTO DE SAMANÁ,EMCI,33.9,20.2,0.6,https://indomet.gob.do/wp-content/uploads/2026/08/temperaturas-extremas-y-precipitaciones-2026x08x14-a.pdf
2026-08-14,003,ALTO BANDERA (EMA),LA VEGA,INTEC,EMAP,16.2,7.5,0.5,https://indomet.gob.do/wp-content/uploads/2026/08/temperaturas-extremas-y-precipitaciones-2026x08x14-a.pdf
2026-08-14,004,EL MILLON (EMA),DISTRITO NACIONAL,PRIVADA,EMAP,,,0.3,https://indomet.gob.do/wp-content/uploads/2026/08/temperaturas-extremas-y-precipitaciones-2026x08x14-a.pdf
2026-08-14,005,JARABACOA,LA VEGA,INDRHI / MARENA,EMCI,33.0,20.0,0.3,https://indomet.gob.do/wp-content/uploads/2026/08/temperaturas-extremas-y-precipitaciones-2026x08x14-a.pdf
2026-08-14,006,ARPT. GREGORIO LUPERÓN,PUERTO PLATA,INDOMET,EMCI,33.6,24.0,0.1,https://indomet.gob.do/wp-content/uploads/2026/08/temperaturas-extremas-y-precipitaciones-2026x08x14-a.pdf
2026-08-14,007,ALTAMIRA,PUERTO PLATA,HOSP. MPAL. DE ALTAMIRA,EMCI,37.0,25.6,0.0,https://indomet.gob.do/wp-content/uploads/2026/08/temperaturas-extremas-y-precipitaciones-2026x08x14-a.pdf
2026-08-14,008,ANAMUYA (EMA),LA ALTAGRACIA,MINISTERIO DE AGRICULTURA,EMAP,34.4,26.8,0.0,https://indomet.gob.do/wp-content/uploads/2026/08/temperaturas-extremas-y-precipitaciones-2026x08x14-a.pdf
2026-08-14,009,ARPT. ARROYO BARRIL,SAMANÁ,INDOMET,EMCI,33.0,24.3,0.0,https://indomet.gob.do/wp-content/uploads/2026/08/temperaturas-extremas-y-precipitaciones-2026x08x14-a.pdf
2026-08-14,010,ARPT. DE LA ROMANA,LA ROMANA,INDOMET,EMCI,36.0,25.0,0.0,https://indomet.gob.do/wp-content/uploads/2026/08/temperaturas-extremas-y-precipitaciones-2026x08x14-a.pdf
2026-08-14,011,ARPT. DE LAS AMÉRICAS,SANTO DOMINGO,INDOMET,EMCI,33.5,25.0,0.0,https://indomet.gob.do/wp-content/uploads/2026/08/temperaturas-extremas-y-precipitaciones-2026x08x14-a.pdf
2026-08-14,012,ARPT. DE PUNTA CANA,LA ALTAGRACIA,INDOMET,EMCI,33.2,25.4,0.0,https://indomet.gob.do/wp-content/uploads/2026/08/temperaturas-extremas-y-precipitaciones-2026x08x14-a.pdf
2026-08-14,013,ARPT. DEL CIBAO,SANTIAGO,INDOMET,EMCI,36.2,23.4,0.0,https://indomet.gob.do/wp-content/uploads/2026/08/temperaturas-extremas-y-precipitaciones-2026x08x14-a.pdf
2026-08-14,014,ARPT. EL CATEY,SAMANÁ,INDOMET,EMCI,34.5,23.0,0.0,https://indomet.gob.do/wp-content/uploads/2026/08/temperaturas-extremas-y-precipitaciones-2026x08x14-a.pdf
2026-08-14,015,ARPT. LA ISABELA,SANTO DOMINGO,INDOMET,EMCI,35.0,24.0,0.0,https://indomet.gob.do/wp-content/uploads/2026/08/temperaturas-extremas-y-precipitaciones-2026x08x14-a.pdf
2026-08-14,016,ARPT. MARÍA MONTEZ,BARAHONA,INDOMET,EMCI,34.0,27.5,0.0,https://indomet.gob.do/wp-content/uploads/2026/08/temperaturas-extremas-y-precipitaciones-2026x08x14-a.pdf
2026-08-14,017,ARROYO LORO,SAN JUAN,IDIAF,EMCI,36.5,18.2,0.0,https://indomet.gob.do/wp-content/uploads/2026/08/temperaturas-extremas-y-precipitaciones-2026x08x14-a.pdf
2026-08-14,018,BANI (EMA),PERAVIA,MINISTERIO DE AGRICULTURA,EMAP,34.2,28.2,0.0,https://indomet.gob.do/wp-content/uploads/2026/08/temperaturas-extremas-y-precipitaciones-2026x08x14-a.pdf
2026-08-14,019,BAYAGUANA,MONTE PLATA,INDOMET,EMCI,34.2,23.8,0.0,https://indomet.gob.do/wp-content/uploads/2026/08/temperaturas-extremas-y-precipitaciones-2026x08x14-a.pdf
2026-08-14,020,BELLA VISTA (EMA),DISTRITO NACIONAL,PRIVADA,EMAP,,,0.0,https://indomet.gob.do/wp-content/uploads/2026/08/temperaturas-extremas-y-precipitaciones-2026x08x14-a.pdf
2026-08-14,021,BOCA DE MAO (EMA),VALVERDE,MINISTERIO DE AGRICULTURA,EMAP,37.7,25.6,0.0,https://indomet.gob.do/wp-content/uploads/2026/08/temperaturas-extremas-y-precipitaciones-2026x08x14-a.pdf
2026-08-14,022,BONAO,MONSEÑOR NOUEL,MINISTERIO DE AGRICULTURA,EMCV,,,0.0,https://indomet.gob.do/wp-content/uploads/2026/08/temperaturas-extremas-y-precipitaciones-2026x08x14-a.pdf
2026-08-14,023,BUCARA (EMA),SANTIAGO,MINISTERIO DE AGRICULTURA,EMAI,,,0.0,https://indomet.gob.do/wp-content/uploads/2026/08/temperaturas-extremas-y-precipitaciones-2026x08x14-a.pdf
2026-08-14,024,CONSTANZA,LA VEGA,MINISTERIO DE AGRICULTURA,EMCI,29.6,15.0,0.0,https://indomet.gob.do/wp-content/uploads/2026/08/temperaturas-extremas-y-precipitaciones-2026x08x14-a.pdf
2026-08-14,025,CONSTANZA (EMA),LA VEGA,PROGRAMA MUNDIAL DE ALIMENTO,EMAP,28.5,19.5,0.0,https://indomet.gob.do/wp-content/uploads/2026/08/temperaturas-extremas-y-precipitaciones-2026x08x14-a.pdf
2026-08-14,026,DAJABÓN,DAJABÓN,INSTITUTO POLITÉCNICO LOYOLA,EMCI,37.1,24.0,0.0,https://indomet.gob.do/wp-content/uploads/2026/08/temperaturas-extremas-y-precipitaciones-2026x08x14-a.pdf
2026-08-14,027,EL FACTOR (EMA),MARÍA TRINIDAD SÁNCHEZ,INTEC,EMAP,33.6,27.2,0.0,https://indomet.gob.do/wp-content/uploads/2026/08/temperaturas-extremas-y-precipitaciones-2026x08x14-a.pdf
2026-08-14,028,EL SEIBO,EL SEIBO,MINISTERIO DE AGRICULTURA,EMCV,,,0.0,https://indomet.gob.do/wp-content/uploads/2026/08/temperaturas-extremas-y-precipitaciones-2026x08x14-a.pdf
2026-08-14,029,ELÍAS PIÑA,ELÍAS PIÑA,MINISTERIO DE AGRICULTURA,EMCV,,,0.0,https://indomet.gob.do/wp-content/uploads/2026/08/temperaturas-extremas-y-precipitaciones-2026x08x14-a.pdf
2026-08-14,030,ENRIQUILLO,BARAHONA,MINISTERIO DE AGRICULTURA,EMCV,33.4,25.0,0.0,https://indomet.gob.do/wp-content/uploads/2026/08/temperaturas-extremas-y-precipitaciones-2026x08x14-a.pdf
2026-08-14,031,ENSANCHE LA FE (EMA),DISTRITO NACIONAL,PRIVADA,EMAP,,,0.0,https://indomet.gob.do/wp-content/uploads/2026/08/temperaturas-extremas-y-precipitaciones-2026x08x14-a.pdf
2026-08-14,032,ESCONDIDO,PERAVIA,MINISTERIO DE AGRICULTURA,EMCV,34.0,27.0,0.0,https://indomet.gob.do/wp-content/uploads/2026/08/temperaturas-extremas-y-precipitaciones-2026x08x14-a.pdf
2026-08-14,033,GASPAR HERNÁNDEZ,ESPAILLAT,PROPIEDAD DEL EMPLEADO,EMCI,,,0.0,https://indomet.gob.do/wp-content/uploads/2026/08/temperaturas-extremas-y-precipitaciones-2026x08x14-a.pdf
2026-08-14,034,GURABO,SANTIAGO,MINISTERIO DE AGRICULTURA,EMCV,,,0.0,https://indomet.gob.do/wp-content/uploads/2026/08/temperaturas-extremas-y-precipitaciones-2026x08x14-a.pdf
2026-08-14,035,HATO MAYOR,HATO MAYOR,MINISTERIO DE AGRICULTURA,EMCV,,,0.0,https://indomet.gob.do/wp-content/uploads/2026/08/temperaturas-extremas-y-precipitaciones-2026x08x14-a.pdf
2026-08-14,036,HONDO VALLE,ELÍAS PIÑA,MINISTERIO DE AGRICULTURA,EMCI,30.6,21.2,0.0,https://indomet.gob.do/wp-content/uploads/2026/08/temperaturas-extremas-y-precipitaciones-2026x08x14-a.pdf
2026-08-14,037,JANICO (EMA),LA VEGA,PLAN SIERRA,EMAI,,,0.0,https://indomet.gob.do/wp-content/uploads/2026/08/temperaturas-extremas-y-precipitaciones-2026x08x14-a.pdf
2026-08-14,038,JARABACOA (EMA),LA VEGA,PROGRAMA MUNDIAL DE ALIMENTO,EMAP,32.1,21.7,0.0,https://indomet.gob.do/wp-content/uploads/2026/08/temperaturas-extremas-y-precipitaciones-2026x08x14-a.pdf
2026-08-14,039,JIMANÍ,INDEPENDENCIA,MINISTERIO DE AGRICULTURA,EMCI,37.2,26.8,0.0,https://indomet.gob.do/wp-content/uploads/2026/08/temperaturas-extremas-y-precipitaciones-2026x08x14-a.pdf
2026-08-14,040,JUMA BEJUCAL,MONSEÑOR NOUEL,IDIAF,EMCV,33.2,25.2,0.0,https://indomet.gob.do/wp-content/uploads/2026/08/temperaturas-extremas-y-precipitaciones-2026x08x14-a.pdf
2026-08-14,041,LA AGUSTINA (EMA),DISTRITO NACIONAL,PRIVADA,EMAP,,,0.0,https://indomet.gob.do/wp-content/uploads/2026/08/temperaturas-extremas-y-precipitaciones-2026x08x14-a.pdf
2026-08-14,042,LA VEGA,LA VEGA,IATESA,EMCI,36.0,25.0,0.0,https://indomet.gob.do/wp-content/uploads/2026/08/temperaturas-extremas-y-precipitaciones-2026x08x14-a.pdf
2026-08-14,043,LA VICTORIA,SANTO DOMINGO,CUERPO DE BOMBEROS,EMCI,36.5,25.2,0.0,https://indomet.gob.do/wp-content/uploads/2026/08/temperaturas-extremas-y-precipitaciones-2026x08x14-a.pdf
2026-08-14,044,LAS CANAS (EMA),MONTE CRISTI,PROGRAMA MUNDIAL DE ALIMENTO,EMAP,33.0,25.5,0.0,https://indomet.gob.do/wp-content/uploads/2026/08/temperaturas-extremas-y-precipitaciones-2026x08x14-a.pdf
2026-08-14,045,LOS CACICAZGOS (EMA),DISTRITO NACIONAL,PRIVADA,EMAP,,,0.0,https://indomet.gob.do/wp-content/uploads/2026/08/temperaturas-extremas-y-precipitaciones-2026x08x14-a.pdf
2026-08-14,046,LOS JARDINES (EMA),DISTRITO NACIONAL,PRIVADA,EMAP,,,0.0,https://indomet.gob.do/wp-content/uploads/2026/08/temperaturas-extremas-y-precipitaciones-2026x08x14-a.pdf
2026-08-14,047,LOS LLANOS,SAN PEDRO DE MACORÍS,MINISTERIO DE AGRICULTURA,EMCI,37.0,24.5,0.0,https://indomet.gob.do/wp-content/uploads/2026/08/temperaturas-extremas-y-precipitaciones-2026x08x14-a.pdf
2026-08-14,048,LOS PRADOS (EMA),DISTRITO NACIONAL,PRIVADA,EMAP,,,0.0,https://indomet.gob.do/wp-content/uploads/2026/08/temperaturas-extremas-y-precipitaciones-2026x08x14-a.pdf
2026-08-14,049,LOS TRES CHARCOS (EMA),PEDERNALES,PROPIEDAD DEL VOLUNTARIO,EMAP,33.0,27.9,0.0,https://indomet.gob.do/wp-content/uploads/2026/08/temperaturas-extremas-y-precipitaciones-2026x08x14-a.pdf
2026-08-14,050,MAO,VALVERDE,INDRHI / MINISTERIO DE AGRICULTURA,EMCV,,,0.0,https://indomet.gob.do/wp-content/uploads/2026/08/temperaturas-extremas-y-precipitaciones-2026x08x14-a.pdf
2026-08-14,051,MICHES (EMA),EL SEIBO,PRIVADA,EMAP,35.0,26.3,0.0,https://indomet.gob.do/wp-content/uploads/2026/08/temperaturas-extremas-y-precipitaciones-2026x08x14-a.pdf
2026-08-14,052,MONCIÓN (EMA),SANTIAGO RODRÍGUEZ,PROGRAMA MUNDIAL DE ALIMENTO,EMAP,34.8,23.6,0.0,https://indomet.gob.do/wp-content/uploads/2026/08/temperaturas-extremas-y-precipitaciones-2026x08x14-a.pdf
2026-08-14,053,MONTE CRISTI,MONTE CRISTI,INDOMET,EMCI,35.8,26.2,0.0,https://indomet.gob.do/wp-content/uploads/2026/08/temperaturas-extremas-y-precipitaciones-2026x08x14-a.pdf
2026-08-14,054,NAVARRETE,SANTIAGO,MINISTERIO DE AGRICULTURA,EMCV,,,0.0,https://indomet.gob.do/wp-content/uploads/2026/08/temperaturas-extremas-y-precipitaciones-2026x08x14-a.pdf
2026-08-14,055,OLIVARES,PEDERNALES,INDRHI,EMCI,,,0.0,https://indomet.gob.do/wp-content/uploads/2026/08/temperaturas-extremas-y-precipitaciones-2026x08x14-a.pdf
2026-08-14,056,OVIEDO,PEDERNALES,CLÍNICA RURAL OVIEDO,EMCI,34.5,24.5,0.0,https://indomet.gob.do/wp-content/uploads/2026/08/temperaturas-extremas-y-precipitaciones-2026x08x14-a.pdf
2026-08-14,057,PADRE LAS CASAS,AZUA,HOSP. NTRA. SRA. DEL CARMEN,EMCI,34.0,19.5,0.0,https://indomet.gob.do/wp-content/uploads/2026/08/temperaturas-extremas-y-precipitaciones-2026x08x14-a.pdf
2026-08-14,058,PEDERNALES,PEDERNALES,INDRHI,EMCI,,,0.0,https://indomet.gob.do/wp-content/uploads/2026/08/temperaturas-extremas-y-precipitaciones-2026x08x14-a.pdf
2026-08-14,059,PERALTA,AZUA,HOSP. MPAL. DE PERALTA,EMCI,36.9,18.0,0.0,https://indomet.gob.do/wp-content/uploads/2026/08/temperaturas-extremas-y-precipitaciones-2026x08x14-a.pdf
2026-08-14,060,POLO,BARAHONA,INDOCAFE,EMCI,31.5,17.3,0.0,https://indomet.gob.do/wp-content/uploads/2026/08/temperaturas-extremas-y-precipitaciones-2026x08x14-a.pdf
2026-08-14,061,PRESA DE TAVERAS (EMA),LA VEGA,PROGRAMA MUNDIAL DE ALIMENTO,EMAP,32.9,24.8,0.0,https://indomet.gob.do/wp-content/uploads/2026/08/temperaturas-extremas-y-precipitaciones-2026x08x14-a.pdf
2026-08-14,062,PROLONGACION 27 DE FEBRERO,DISTRITO NACIONAL,PRIVADA,EMAP,,,0.0,https://indomet.gob.do/wp-content/uploads/2026/08/temperaturas-extremas-y-precipitaciones-2026x08x14-a.pdf
2026-08-14,063,RANCHO ARRIBA,SAN JOSÉ DE OCOA,CENTRO TECNOLÓGICO COMUNITARIO,EMCI,32.7,20.6,0.0,https://indomet.gob.do/wp-content/uploads/2026/08/temperaturas-extremas-y-precipitaciones-2026x08x14-a.pdf
2026-08-14,064,RESTAURACIÓN,DAJABÓN,MINISTERIO DE AGRICULTURA,EMCI,34.2,19.1,0.0,https://indomet.gob.do/wp-content/uploads/2026/08/temperaturas-extremas-y-precipitaciones-2026x08x14-a.pdf
2026-08-14,065,RÍO SAN JUAN,MARÍA TRINIDAD SÁNCHEZ,HOSP. MPAL. DR. DESIDERIO ACOSTA,EMCV,35.4,26.7,0.0,https://indomet.gob.do/wp-content/uploads/2026/08/temperaturas-extremas-y-precipitaciones-2026x08x14-a.pdf
2026-08-14,066,SABANA DE LA MAR,HATO MAYOR,INDOMET,EMCI,32.2,24.4,0.0,https://indomet.gob.do/wp-content/uploads/2026/08/temperaturas-extremas-y-precipitaciones-2026x08x14-a.pdf
2026-08-14,067,SABANA GRANDE DE BOYÁ,MONTE PLATA,MINISTERIO DE AGRICULTURA,EMCV,,,0.0,https://indomet.gob.do/wp-content/uploads/2026/08/temperaturas-extremas-y-precipitaciones-2026x08x14-a.pdf
2026-08-14,068,SABANETA (EMA),SANTIAGO RODRÍGUEZ,PROGRAMA MUNDIAL DE ALIMENTO,EMAP,37.4,26.3,0.0,https://indomet.gob.do/wp-content/uploads/2026/08/temperaturas-extremas-y-precipitaciones-2026x08x14-a.pdf
2026-08-14,069,SALCEDO,HERMANAS MIRABAL,PROPIEDAD DEL EMPLEADO,EMCI,,,0.0,https://indomet.gob.do/wp-content/uploads/2026/08/temperaturas-extremas-y-precipitaciones-2026x08x14-a.pdf
2026-08-14,070,SAN CRISTÓBAL,SAN CRISTÓBAL,INSTITUTO POLITÉCNICO LOYOLA,EMCI,34.5,22.5,0.0,https://indomet.gob.do/wp-content/uploads/2026/08/temperaturas-extremas-y-precipitaciones-2026x08x14-a.pdf
2026-08-14,071,SAN JOSÉ DE OCOA,SAN JOSÉ DE OCOA,HOSP. SAN JOSÉ DE OCOA,EMCI,35.0,26.1,0.0,https://indomet.gob.do/wp-content/uploads/2026/08/temperaturas-extremas-y-precipitaciones-2026x08x14-a.pdf
2026-08-14,072,SAN RAFAEL DEL YUMA,LA ALTAGRACIA,MINISTERIO DE AGRICULTURA,EMCI,36.8,26.7,0.0,https://indomet.gob.do/wp-content/uploads/2026/08/temperaturas-extremas-y-precipitaciones-2026x08x14-a.pdf
2026-08-14,073,SÁNCHEZ,SAMANÁ,MINISTERIO DE AGRICULTURA,EMCI,33.2,26.2,0.0,https://indomet.gob.do/wp-content/uploads/2026/08/temperaturas-extremas-y-precipitaciones-2026x08x14-a.pdf
2026-08-14,074,SANTIAGO RODRÍGUEZ,SANTIAGO RODRÍGUEZ,INDOMET,EMCI,37.2,22.0,0.0,https://indomet.gob.do/wp-content/uploads/2026/08/temperaturas-extremas-y-precipitaciones-2026x08x14-a.pdf
2026-08-14,075,SANTO DOMINGO ESTE,SANTO DOMINGO,INDOMET,EMCI,33.5,26.0,0.0,https://indomet.gob.do/wp-content/uploads/2026/08/temperaturas-extremas-y-precipitaciones-2026x08x14-a.pdf
2026-08-14,076,TÁBARA ABAJO,AZUA,INDRHI,EMCI,34.5,20.5,0.0,https://indomet.gob.do/wp-content/uploads/2026/08/temperaturas-extremas-y-precipitaciones-2026x08x14-a.pdf
2026-08-14,077,TAMBORIL,SANTIAGO,MINISTERIO DE AGRICULTURA,EMCV,,,0.0,https://indomet.gob.do/wp-content/uploads/2026/08/temperaturas-extremas-y-precipitaciones-2026x08x14-a.pdf
2026-08-14,078,VILLA ALTAGRACIA,SAN CRISTÓBAL,ESCUELA JAVIER ANGULO GURIDI,EMCI,,,0.0,https://indomet.gob.do/wp-content/uploads/2026/08/temperaturas-extremas-y-precipitaciones-2026x08x14-a.pdf
2026-08-14,079,VILLA GONZALES,SANTIAGO,MINISTERIO DE AGRICULTURA,EMCI,,,0.0,https://indomet.gob.do/wp-content/uploads/2026/08/temperaturas-extremas-y-precipitaciones-2026x08x14-a.pdf
2026-08-14,080,VILLA ISABELA,PUERTO PLATA,MINISTERIO DE AGRICULTURA,EMCV,34.0,25.0,0.0,https://indomet.gob.do/wp-content/uploads/2026/08/temperaturas-extremas-y-precipitaciones-2026x08x14-a.pdf
2026-08-14,081,VILLA RIVA,DUARTE,HOSP. MPAL. ALICIA DE LEGENDRE,EMCI,35.0,25.6,0.0,https://indomet.gob.do/wp-content/uploads/2026/08/temperaturas-extremas-y-precipitaciones-2026x08x14-a.pdf
2026-08-14,082,VILLA VASQUEZ (EMA),MONTE CRISTI,JUNTA DE REGANTES,EMAI,,,0.0,https://indomet.gob.do/wp-content/uploads/2026/08/temperaturas-extremas-y-precipitaciones-2026x08x14-a.pdf
2026-08-15,001,ALTO BANDERA (EMA),LA VEGA,INTEC,EMAP,14.7,10.3,72.4,https://indomet.gob.do/wp-content/uploads/2026/08/temperaturas-extremas-y-precipitaciones-2026x08x15-a.pdf
2026-08-15,002,JUMA BEJUCAL,MONSEÑOR NOUEL,IDIAF,EMCV,34.6,24.8,25.2,https://indomet.gob.do/wp-content/uploads/2026/08/temperaturas-extremas-y-precipitaciones-2026x08x15-a.pdf
2026-08-15,003,JARABACOA,LA VEGA,INDRHI / MARENA,EMCI,33.2,21.4,20.5,https://indomet.gob.do/wp-content/uploads/2026/08/temperaturas-extremas-y-precipitaciones-2026x08x15-a.pdf
2026-08-15,004,SALCEDO,HERMANAS MIRABAL,PROPIEDAD DEL EMPLEADO,EMCI,,,12.4,https://indomet.gob.do/wp-content/uploads/2026/08/temperaturas-extremas-y-precipitaciones-2026x08x15-a.pdf
2026-08-15,005,RÍO SAN JUAN,MARÍA TRINIDAD SÁNCHEZ,HOSP. MPAL. DR. DESIDERIO ACOSTA,EMCV,34.3,26.0,11.6,https://indomet.gob.do/wp-content/uploads/2026/08/temperaturas-extremas-y-precipitaciones-2026x08x15-a.pdf
2026-08-15,006,POLO,BARAHONA,INDOCAFE,EMCI,32.2,18.5,10.8,https://indomet.gob.do/wp-content/uploads/2026/08/temperaturas-extremas-y-precipitaciones-2026x08x15-a.pdf
2026-08-15,007,GASPAR HERNÁNDEZ,ESPAILLAT,PROPIEDAD DEL EMPLEADO,EMCI,,,10.0,https://indomet.gob.do/wp-content/uploads/2026/08/temperaturas-extremas-y-precipitaciones-2026x08x15-a.pdf
2026-08-15,008,CONSTANZA,LA VEGA,MINISTERIO DE AGRICULTURA,EMCI,27.7,12.5,9.5,https://indomet.gob.do/wp-content/uploads/2026/08/temperaturas-extremas-y-precipitaciones-2026x08x15-a.pdf
2026-08-15,009,VILLA ISABELA,PUERTO PLATA,MINISTERIO DE AGRICULTURA,EMCV,33.8,23.8,9.5,https://indomet.gob.do/wp-content/uploads/2026/08/temperaturas-extremas-y-precipitaciones-2026x08x15-a.pdf
2026-08-15,010,CONSTANZA (EMA),LA VEGA,PROGRAMA MUNDIAL DE ALIMENTO,EMAP,26.7,19.7,9.2,https://indomet.gob.do/wp-content/uploads/2026/08/temperaturas-extremas-y-precipitaciones-2026x08x15-a.pdf
2026-08-15,011,RANCHO ARRIBA,SAN JOSÉ DE OCOA,CENTRO TECNOLÓGICO COMUNITARIO,EMCI,31.7,22.3,8.4,https://indomet.gob.do/wp-content/uploads/2026/08/temperaturas-extremas-y-precipitaciones-2026x08x15-a.pdf
2026-08-15,012,SAN CRISTÓBAL,SAN CRISTÓBAL,INSTITUTO POLITÉCNICO LOYOLA,EMCI,35.2,23.4,7.3,https://indomet.gob.do/wp-content/uploads/2026/08/temperaturas-extremas-y-precipitaciones-2026x08x15-a.pdf
2026-08-15,013,ALTAMIRA,PUERTO PLATA,HOSP. MPAL. DE ALTAMIRA,EMCI,34.5,24.0,4.8,https://indomet.gob.do/wp-content/uploads/2026/08/temperaturas-extremas-y-precipitaciones-2026x08x15-a.pdf
2026-08-15,014,ARPT. EL CATEY,SAMANÁ,INDOMET,EMCI,33.5,23.0,4.0,https://indomet.gob.do/wp-content/uploads/2026/08/temperaturas-extremas-y-precipitaciones-2026x08x15-a.pdf
2026-08-15,015,PALO ÍNDIO,PUERTO PLATA,MINISTERIO DE AGRICULTURA,EMCI,,,3.8,https://indomet.gob.do/wp-content/uploads/2026/08/temperaturas-extremas-y-precipitaciones-2026x08x15-a.pdf
2026-08-15,016,LUPERÓN,PUERTO PLATA,MINISTERIO DE AGRICULTURA,EMCV,,,3.8,https://indomet.gob.do/wp-content/uploads/2026/08/temperaturas-extremas-y-precipitaciones-2026x08x15-a.pdf
2026-08-15,017,VILLA ALTAGRACIA,SAN CRISTÓBAL,ESCUELA JAVIER ANGULO GURIDI,EMCI,,,3.2,https://indomet.gob.do/wp-content/uploads/2026/08/temperaturas-extremas-y-precipitaciones-2026x08x15-a.pdf
2026-08-15,018,BUCARA (EMA),SANTIAGO,MINISTERIO DE AGRICULTURA,EMAI,,,2.6,https://indomet.gob.do/wp-content/uploads/2026/08/temperaturas-extremas-y-precipitaciones-2026x08x15-a.pdf
2026-08-15,019,ARPT. GREGORIO LUPERÓN,PUERTO PLATA,INDOMET,EMCI,32.7,23.8,2.5,https://indomet.gob.do/wp-content/uploads/2026/08/temperaturas-extremas-y-precipitaciones-2026x08x15-a.pdf
2026-08-15,020,SAN JOSÉ DE OCOA,SAN JOSÉ DE OCOA,HOSP. SAN JOSÉ DE OCOA,EMCI,33.5,23.8,2.4,https://indomet.gob.do/wp-content/uploads/2026/08/temperaturas-extremas-y-precipitaciones-2026x08x15-a.pdf
2026-08-15,021,SAN RAFAEL DEL YUMA,LA ALTAGRACIA,MINISTERIO DE AGRICULTURA,EMCI,35.3,24.4,2.4,https://indomet.gob.do/wp-content/uploads/2026/08/temperaturas-extremas-y-precipitaciones-2026x08x15-a.pdf
2026-08-15,022,ARPT. DEL CIBAO,SANTIAGO,INDOMET,EMCI,35.6,24.5,1.7,https://indomet.gob.do/wp-content/uploads/2026/08/temperaturas-extremas-y-precipitaciones-2026x08x15-a.pdf
2026-08-15,023,EL FACTOR (EMA),MARÍA TRINIDAD SÁNCHEZ,INTEC,EMAP,33.1,26.7,1.5,https://indomet.gob.do/wp-content/uploads/2026/08/temperaturas-extremas-y-precipitaciones-2026x08x15-a.pdf
2026-08-15,024,ARPT. DE LA ROMANA,LA ROMANA,INDOMET,EMCI,35.5,25.5,0.8,https://indomet.gob.do/wp-content/uploads/2026/08/temperaturas-extremas-y-precipitaciones-2026x08x15-a.pdf
2026-08-15,025,COTUÍ (EMA),SÁNCHEZ RAMÍREZ,HOSP. INMACULADA CONCEPCIÓN,EMCV,35.5,26.4,0.8,https://indomet.gob.do/wp-content/uploads/2026/08/temperaturas-extremas-y-precipitaciones-2026x08x15-a.pdf
2026-08-15,026,VILLA GONZALES,SANTIAGO,MINISTERIO DE AGRICULTURA,EMCI,,,0.8,https://indomet.gob.do/wp-content/uploads/2026/08/temperaturas-extremas-y-precipitaciones-2026x08x15-a.pdf
2026-08-15,027,CABRAL,BARAHONA,MINISTERIO DE AGRICULTURA,EMCV,38.4,25.5,0.6,https://indomet.gob.do/wp-content/uploads/2026/08/temperaturas-extremas-y-precipitaciones-2026x08x15-a.pdf
2026-08-15,028,ARPT. MARÍA MONTEZ,BARAHONA,INDOMET,EMCI,36.4,24.0,0.2,https://indomet.gob.do/wp-content/uploads/2026/08/temperaturas-extremas-y-precipitaciones-2026x08x15-a.pdf
2026-08-15,029,BANI (EMA),PERAVIA,MINISTERIO DE AGRICULTURA,EMAP,36.7,25.5,0.2,https://indomet.gob.do/wp-content/uploads/2026/08/temperaturas-extremas-y-precipitaciones-2026x08x15-a.pdf
2026-08-15,030,PERALTA,AZUA,HOSP. MPAL. DE PERALTA,EMCI,37.3,19.3,0.2,https://indomet.gob.do/wp-content/uploads/2026/08/temperaturas-extremas-y-precipitaciones-2026x08x15-a.pdf
2026-08-15,031,ARPT. DE LAS AMÉRICAS,SANTO DOMINGO,INDOMET,EMCI,35.8,24.8,0.1,https://indomet.gob.do/wp-content/uploads/2026/08/temperaturas-extremas-y-precipitaciones-2026x08x15-a.pdf
2026-08-15,032,SABANA GRANDE DE BOYÁ,MONTE PLATA,MINISTERIO DE AGRICULTURA,EMCV,,,0.1,https://indomet.gob.do/wp-content/uploads/2026/08/temperaturas-extremas-y-precipitaciones-2026x08x15-a.pdf
2026-08-15,033,SANTO DOMINGO ESTE,SANTO DOMINGO,INDOMET,EMCI,35.6,26.0,0.1,https://indomet.gob.do/wp-content/uploads/2026/08/temperaturas-extremas-y-precipitaciones-2026x08x15-a.pdf
2026-08-15,034,ANAMUYA (EMA),LA ALTAGRACIA,MINISTERIO DE AGRICULTURA,EMAP,33.4,27.3,0.0,https://indomet.gob.do/wp-content/uploads/2026/08/temperaturas-extremas-y-precipitaciones-2026x08x15-a.pdf
2026-08-15,035,ARPT. ARROYO BARRIL,SAMANÁ,INDOMET,EMCI,32.0,24.5,0.0,https://indomet.gob.do/wp-content/uploads/2026/08/temperaturas-extremas-y-precipitaciones-2026x08x15-a.pdf
2026-08-15,036,ARPT. DE PUNTA CANA,LA ALTAGRACIA,INDOMET,EMCI,33.5,23.2,0.0,https://indomet.gob.do/wp-content/uploads/2026/08/temperaturas-extremas-y-precipitaciones-2026x08x15-a.pdf
2026-08-15,037,ARPT. LA ISABELA,SANTO DOMINGO,INDOMET,EMCI,36.0,26.0,0.0,https://indomet.gob.do/wp-content/uploads/2026/08/temperaturas-extremas-y-precipitaciones-2026x08x15-a.pdf
2026-08-15,038,ARROYO LORO,SAN JUAN,IDIAF,EMCI,37.6,20.2,0.0,https://indomet.gob.do/wp-content/uploads/2026/08/temperaturas-extremas-y-precipitaciones-2026x08x15-a.pdf
2026-08-15,039,BASE AÉREA DE SAN ISIDRO,SANTO DOMINGO,FUERZA AÉREA DOMINICANA,EMCV,34.0,25.0,0.0,https://indomet.gob.do/wp-content/uploads/2026/08/temperaturas-extremas-y-precipitaciones-2026x08x15-a.pdf
2026-08-15,040,BAYAGUANA,MONTE PLATA,INDOMET,EMCI,34.0,24.6,0.0,https://indomet.gob.do/wp-content/uploads/2026/08/temperaturas-extremas-y-precipitaciones-2026x08x15-a.pdf
2026-08-15,041,BELLA VISTA (EMA),DISTRITO NACIONAL,PRIVADA,EMAP,,,0.0,https://indomet.gob.do/wp-content/uploads/2026/08/temperaturas-extremas-y-precipitaciones-2026x08x15-a.pdf
2026-08-15,042,BOCA DE MAO (EMA),VALVERDE,MINISTERIO DE AGRICULTURA,EMAP,37.8,25.9,0.0,https://indomet.gob.do/wp-content/uploads/2026/08/temperaturas-extremas-y-precipitaciones-2026x08x15-a.pdf
2026-08-15,043,CABRERA,MARÍA TRINIDAD SÁNCHEZ,ESCUELA ARÍSTIDES FIALLO CABRAL,EMCI,35.0,27.4,0.0,https://indomet.gob.do/wp-content/uploads/2026/08/temperaturas-extremas-y-precipitaciones-2026x08x15-a.pdf
2026-08-15,044,CENTRO DE LOS HEROES (EMA),DISTRITO NACIONAL,MINISTERIO DE ENERGIA Y MINA,EMAP,35.1,27.9,0.0,https://indomet.gob.do/wp-content/uploads/2026/08/temperaturas-extremas-y-precipitaciones-2026x08x15-a.pdf
2026-08-15,045,DAJABÓN,DAJABÓN,INSTITUTO POLITÉCNICO LOYOLA,EMCI,36.4,21.0,0.0,https://indomet.gob.do/wp-content/uploads/2026/08/temperaturas-extremas-y-precipitaciones-2026x08x15-a.pdf
2026-08-15,046,EL MILLON (EMA),DISTRITO NACIONAL,PRIVADA,EMAP,,,0.0,https://indomet.gob.do/wp-content/uploads/2026/08/temperaturas-extremas-y-precipitaciones-2026x08x15-a.pdf
2026-08-15,047,ELÍAS PIÑA,ELÍAS PIÑA,MINISTERIO DE AGRICULTURA,EMCV,,,0.0,https://indomet.gob.do/wp-content/uploads/2026/08/temperaturas-extremas-y-precipitaciones-2026x08x15-a.pdf
2026-08-15,048,ENRIQUILLO,BARAHONA,MINISTERIO DE AGRICULTURA,EMCV,35.0,24.5,0.0,https://indomet.gob.do/wp-content/uploads/2026/08/temperaturas-extremas-y-precipitaciones-2026x08x15-a.pdf
2026-08-15,049,ENSANCHE LA FE (EMA),DISTRITO NACIONAL,PRIVADA,EMAP,,,0.0,https://indomet.gob.do/wp-content/uploads/2026/08/temperaturas-extremas-y-precipitaciones-2026x08x15-a.pdf
2026-08-15,050,GURABO,SANTIAGO,MINISTERIO DE AGRICULTURA,EMCV,,,0.0,https://indomet.gob.do/wp-content/uploads/2026/08/temperaturas-extremas-y-precipitaciones-2026x08x15-a.pdf
2026-08-15,051,HATO MAYOR,HATO MAYOR,MINISTERIO DE AGRICULTURA,EMCV,,,0.0,https://indomet.gob.do/wp-content/uploads/2026/08/temperaturas-extremas-y-precipitaciones-2026x08x15-a.pdf
2026-08-15,052,JIMANÍ,INDEPENDENCIA,MINISTERIO DE AGRICULTURA,EMCI,40.2,25.4,0.0,https://indomet.gob.do/wp-content/uploads/2026/08/temperaturas-extremas-y-precipitaciones-2026x08x15-a.pdf
2026-08-15,053,LA AGUSTINA (EMA),DISTRITO NACIONAL,PRIVADA,EMAP,,,0.0,https://indomet.gob.do/wp-content/uploads/2026/08/temperaturas-extremas-y-precipitaciones-2026x08x15-a.pdf
2026-08-15,054,LA VEGA,LA VEGA,IATESA,EMCI,36.5,25.2,0.0,https://indomet.gob.do/wp-content/uploads/2026/08/temperaturas-extremas-y-precipitaciones-2026x08x15-a.pdf
2026-08-15,055,LA VICTORIA,SANTO DOMINGO,CUERPO DE BOMBEROS,EMCI,34.5,25.0,0.0,https://indomet.gob.do/wp-content/uploads/2026/08/temperaturas-extremas-y-precipitaciones-2026x08x15-a.pdf
2026-08-15,056,LAS CANAS (EMA),MONTE CRISTI,PROGRAMA MUNDIAL DE ALIMENTO,EMAP,30.8,24.7,0.0,https://indomet.gob.do/wp-content/uploads/2026/08/temperaturas-extremas-y-precipitaciones-2026x08x15-a.pdf
2026-08-15,057,LOS CACICAZGOS (EMA),DISTRITO NACIONAL,PRIVADA,EMAP,,,0.0,https://indomet.gob.do/wp-content/uploads/2026/08/temperaturas-extremas-y-precipitaciones-2026x08x15-a.pdf
2026-08-15,058,LOS COCOS (EMA),BAHORUCO,PRIVADA,EMAP,,,0.0,https://indomet.gob.do/wp-content/uploads/2026/08/temperaturas-extremas-y-precipitaciones-2026x08x15-a.pdf
2026-08-15,059,LOS JARDINES (EMA),DISTRITO NACIONAL,PRIVADA,EMAP,,,0.0,https://indomet.gob.do/wp-content/uploads/2026/08/temperaturas-extremas-y-precipitaciones-2026x08x15-a.pdf
2026-08-15,060,LOS LLANOS,SAN PEDRO DE MACORÍS,MINISTERIO DE AGRICULTURA,EMCI,35.8,25.9,0.0,https://indomet.gob.do/wp-content/uploads/2026/08/temperaturas-extremas-y-precipitaciones-2026x08x15-a.pdf
2026-08-15,061,LOS PRADOS (EMA),DISTRITO NACIONAL,PRIVADA,EMAP,,,0.0,https://indomet.gob.do/wp-content/uploads/2026/08/temperaturas-extremas-y-precipitaciones-2026x08x15-a.pdf
2026-08-15,062,MAO,VALVERDE,INDRHI / MINISTERIO DE AGRICULTURA,EMCV,,,0.0,https://indomet.gob.do/wp-content/uploads/2026/08/temperaturas-extremas-y-precipitaciones-2026x08x15-a.pdf
2026-08-15,063,MICHES (EMA),EL SEIBO,PRIVADA,EMAP,32.1,26.3,0.0,https://indomet.gob.do/wp-content/uploads/2026/08/temperaturas-extremas-y-precipitaciones-2026x08x15-a.pdf
2026-08-15,064,MONCIÓN (EMA),SANTIAGO RODRÍGUEZ,PROGRAMA MUNDIAL DE ALIMENTO,EMAP,33.8,24.4,0.0,https://indomet.gob.do/wp-content/uploads/2026/08/temperaturas-extremas-y-precipitaciones-2026x08x15-a.pdf
2026-08-15,065,MONTE CRISTI,MONTE CRISTI,INDOMET,EMCI,34.6,25.6,0.0,https://indomet.gob.do/wp-content/uploads/2026/08/temperaturas-extremas-y-precipitaciones-2026x08x15-a.pdf
2026-08-15,066,NAVARRETE,SANTIAGO,MINISTERIO DE AGRICULTURA,EMCV,,,0.0,https://indomet.gob.do/wp-content/uploads/2026/08/temperaturas-extremas-y-precipitaciones-2026x08x15-a.pdf
2026-08-15,067,OLIVARES,PEDERNALES,INDRHI,EMCI,,,0.0,https://indomet.gob.do/wp-content/uploads/2026/08/temperaturas-extremas-y-precipitaciones-2026x08x15-a.pdf
2026-08-15,068,OVIEDO,PEDERNALES,CLÍNICA RURAL OVIEDO,EMCI,34.5,25.0,0.0,https://indomet.gob.do/wp-content/uploads/2026/08/temperaturas-extremas-y-precipitaciones-2026x08x15-a.pdf
2026-08-15,069,PADRE LAS CASAS,AZUA,HOSP. NTRA. SRA. DEL CARMEN,EMCI,37.5,22.3,0.0,https://indomet.gob.do/wp-content/uploads/2026/08/temperaturas-extremas-y-precipitaciones-2026x08x15-a.pdf
2026-08-15,070,PEDERNALES,PEDERNALES,INDRHI,EMCI,,,0.0,https://indomet.gob.do/wp-content/uploads/2026/08/temperaturas-extremas-y-precipitaciones-2026x08x15-a.pdf
2026-08-15,071,PRESA DE TAVERAS (EMA),LA VEGA,PROGRAMA MUNDIAL DE ALIMENTO,EMAP,33.1,24.5,0.0,https://indomet.gob.do/wp-content/uploads/2026/08/temperaturas-extremas-y-precipitaciones-2026x08x15-a.pdf
2026-08-15,072,PROLONGACION 27 DE FEBRERO,DISTRITO NACIONAL,PRIVADA,EMAP,,,0.0,https://indomet.gob.do/wp-content/uploads/2026/08/temperaturas-extremas-y-precipitaciones-2026x08x15-a.pdf
2026-08-15,073,RESTAURACIÓN,DAJABÓN,MINISTERIO DE AGRICULTURA,EMCI,34.5,19.6,0.0,https://indomet.gob.do/wp-content/uploads/2026/08/temperaturas-extremas-y-precipitaciones-2026x08x15-a.pdf
2026-08-15,074,SABANA DE LA MAR,HATO MAYOR,INDOMET,EMCI,32.6,24.0,0.0,https://indomet.gob.do/wp-content/uploads/2026/08/temperaturas-extremas-y-precipitaciones-2026x08x15-a.pdf
2026-08-15,075,SABANETA (EMA),SANTIAGO RODRÍGUEZ,PROGRAMA MUNDIAL DE ALIMENTO,EMAP,37.1,26.7,0.0,https://indomet.gob.do/wp-content/uploads/2026/08/temperaturas-extremas-y-precipitaciones-2026x08x15-a.pdf
2026-08-15,076,SAMANÁ,SAMANÁ,COMANDANCIA DE PUERTO DE SAMANÁ,EMCI,33.9,20.1,0.0,https://indomet.gob.do/wp-content/uploads/2026/08/temperaturas-extremas-y-precipitaciones-2026x08x15-a.pdf
2026-08-15,077,SÁNCHEZ,SAMANÁ,MINISTERIO DE AGRICULTURA,EMCI,33.1,24.6,0.0,https://indomet.gob.do/wp-content/uploads/2026/08/temperaturas-extremas-y-precipitaciones-2026x08x15-a.pdf
2026-08-15,078,SANTIAGO RODRÍGUEZ,SANTIAGO RODRÍGUEZ,INDOMET,EMCI,36.5,22.3,0.0,https://indomet.gob.do/wp-content/uploads/2026/08/temperaturas-extremas-y-precipitaciones-2026x08x15-a.pdf
2026-08-15,079,TÁBARA ABAJO,AZUA,INDRHI,EMCI,32.5,22.0,0.0,https://indomet.gob.do/wp-content/uploads/2026/08/temperaturas-extremas-y-precipitaciones-2026x08x15-a.pdf
2026-08-15,080,VILLA VASQUEZ (EMA),MONTE CRISTI,JUNTA DE REGANTES,EMAI,,,0.0,https://indomet.gob.do/wp-content/uploads/2026/08/temperaturas-extremas-y-precipitaciones-2026x08x15-a.pdf
2026-08-15,081,PALO DE VIENTO (EMA),SAN JUAN,MINISTERIO DE AGRICULTURA,EMAP,32.3,17.6,0.0,https://indomet.gob.do/wp-content/uploads/2026/08/temperaturas-extremas-y-precipitaciones-2026x08x15-a.pdf
2026-08-15,082,HONDO VALLE,ELÍAS PIÑA,MINISTERIO DE AGRICULTURA,EMCI,30.1,20.7,0.0,https://indomet.gob.do/wp-content/uploads/2026/08/temperaturas-extremas-y-precipitaciones-2026x08x15-a.pdf
2026-08-15,083,VILLA RIVA,DUARTE,HOSP. MPAL. ALICIA DE LEGENDRE,EMCI,33.8,25.0,0.0,https://indomet.gob.do/wp-content/uploads/2026/08/temperaturas-extremas-y-precipitaciones-2026x08x15-a.pdf
2026-08-16,001,OVIEDO,PEDERNALES,CLÍNICA RURAL OVIEDO,EMCI,35.5,25.5,1.6,https://indomet.gob.do/wp-content/uploads/2026/08/temperaturas-extremas-y-precipitaciones-2026x08x16-a.pdf
2026-08-16,002,GASPAR HERNÁNDEZ,ESPAILLAT,PROPIEDAD DEL EMPLEADO,EMCI,,,1.4,https://indomet.gob.do/wp-content/uploads/2026/08/temperaturas-extremas-y-precipitaciones-2026x08x16-a.pdf
2026-08-16,003,SÁNCHEZ,SAMANÁ,MINISTERIO DE AGRICULTURA,EMCI,34.3,23.0,1.4,https://indomet.gob.do/wp-content/uploads/2026/08/temperaturas-extremas-y-precipitaciones-2026x08x16-a.pdf
2026-08-16,004,LA CUCHILLA (EMA),SAN CRISTÓBAL,PRIVADA,EMAP,,,1.2,https://indomet.gob.do/wp-content/uploads/2026/08/temperaturas-extremas-y-precipitaciones-2026x08x16-a.pdf
2026-08-16,005,RANCHO ARRIBA,SAN JOSÉ DE OCOA,CENTRO TECNOLÓGICO COMUNITARIO,EMCI,30.0,17.6,0.6,https://indomet.gob.do/wp-content/uploads/2026/08/temperaturas-extremas-y-precipitaciones-2026x08x16-a.pdf
2026-08-16,006,JUMA BEJUCAL,MONSEÑOR NOUEL,IDIAF,EMCV,32.8,22.4,0.4,https://indomet.gob.do/wp-content/uploads/2026/08/temperaturas-extremas-y-precipitaciones-2026x08x16-a.pdf
2026-08-16,007,ARPT. EL CATEY,SAMANÁ,INDOMET,EMCI,31.5,22.0,0.3,https://indomet.gob.do/wp-content/uploads/2026/08/temperaturas-extremas-y-precipitaciones-2026x08x16-a.pdf
2026-08-16,008,JARABACOA,LA VEGA,INDRHI / MARENA,EMCI,31.0,17.6,0.3,https://indomet.gob.do/wp-content/uploads/2026/08/temperaturas-extremas-y-precipitaciones-2026x08x16-a.pdf
2026-08-16,009,SABANA GRANDE DE BOYÁ,MONTE PLATA,MINISTERIO DE AGRICULTURA,EMCV,,,0.1,https://indomet.gob.do/wp-content/uploads/2026/08/temperaturas-extremas-y-precipitaciones-2026x08x16-a.pdf
2026-08-16,010,JANICO (EMA),LA VEGA,PLAN SIERRA,EMAI,,,0.0,https://indomet.gob.do/wp-content/uploads/2026/08/temperaturas-extremas-y-precipitaciones-2026x08x16-a.pdf
2026-08-16,011,JARDÍN BOTÁNICO SANTIAGO (EMSANTIAGO,,JARDIN BOTANICO SANTIAGO,EMAI,,,0.0,https://indomet.gob.do/wp-content/uploads/2026/08/temperaturas-extremas-y-precipitaciones-2026x08x16-a.pdf
2026-08-16,012,SAJOMA (EMA),SANTIAGO,PLAN SIERRA,EMAI,31.8,27.0,0.0,https://indomet.gob.do/wp-content/uploads/2026/08/temperaturas-extremas-y-precipitaciones-2026x08x16-a.pdf
2026-08-16,013,VILLA VASQUEZ (EMA),MONTE CRISTI,JUNTA DE REGANTES,EMAI,,,0.0,https://indomet.gob.do/wp-content/uploads/2026/08/temperaturas-extremas-y-precipitaciones-2026x08x16-a.pdf
2026-08-16,014,ALTO BANDERA (EMA),LA VEGA,INTEC,EMAP,13.4,10.1,0.0,https://indomet.gob.do/wp-content/uploads/2026/08/temperaturas-extremas-y-precipitaciones-2026x08x16-a.pdf
2026-08-16,015,ANAMUYA (EMA),LA ALTAGRACIA,MINISTERIO DE AGRICULTURA,EMAP,34.2,26.0,0.0,https://indomet.gob.do/wp-content/uploads/2026/08/temperaturas-extremas-y-precipitaciones-2026x08x16-a.pdf
2026-08-16,016,BANI (EMA),PERAVIA,MINISTERIO DE AGRICULTURA,EMAP,34.1,27.6,0.0,https://indomet.gob.do/wp-content/uploads/2026/08/temperaturas-extremas-y-precipitaciones-2026x08x16-a.pdf
2026-08-16,017,BOCA DE MAO (EMA),VALVERDE,MINISTERIO DE AGRICULTURA,EMAP,35.6,25.1,0.0,https://indomet.gob.do/wp-content/uploads/2026/08/temperaturas-extremas-y-precipitaciones-2026x08x16-a.pdf
2026-08-16,018,CENTRO DE LOS HEROES (EMA),DISTRITO NACIONAL,MINISTERIO DE ENERGIA Y MINA,EMAP,32.6,27.2,0.0,https://indomet.gob.do/wp-content/uploads/2026/08/temperaturas-extremas-y-precipitaciones-2026x08x16-a.pdf
2026-08-16,019,CONSTANZA (EMA),LA VEGA,PROGRAMA MUNDIAL DE ALIMENTO,EMAP,25.7,13.8,0.0,https://indomet.gob.do/wp-content/uploads/2026/08/temperaturas-extremas-y-precipitaciones-2026x08x16-a.pdf
2026-08-16,020,EL FACTOR (EMA),MARÍA TRINIDAD SÁNCHEZ,INTEC,EMAP,32.8,23.8,0.0,https://indomet.gob.do/wp-content/uploads/2026/08/temperaturas-extremas-y-precipitaciones-2026x08x16-a.pdf
2026-08-16,021,EL MILLON (EMA),DISTRITO NACIONAL,PRIVADA,EMAP,,,0.0,https://indomet.gob.do/wp-content/uploads/2026/08/temperaturas-extremas-y-precipitaciones-2026x08x16-a.pdf
2026-08-16,022,ENSANCHE LA FE (EMA),DISTRITO NACIONAL,PRIVADA,EMAP,,,0.0,https://indomet.gob.do/wp-content/uploads/2026/08/temperaturas-extremas-y-precipitaciones-2026x08x16-a.pdf
2026-08-16,023,LAS CANAS (EMA),MONTE CRISTI,PROGRAMA MUNDIAL DE ALIMENTO,EMAP,31.2,24.5,0.0,https://indomet.gob.do/wp-content/uploads/2026/08/temperaturas-extremas-y-precipitaciones-2026x08x16-a.pdf
2026-08-16,024,LOS CACICAZGOS (EMA),DISTRITO NACIONAL,PRIVADA,EMAP,,,0.0,https://indomet.gob.do/wp-content/uploads/2026/08/temperaturas-extremas-y-precipitaciones-2026x08x16-a.pdf
2026-08-16,025,LOS COCOS (EMA),BAHORUCO,PRIVADA,EMAP,,,0.0,https://indomet.gob.do/wp-content/uploads/2026/08/temperaturas-extremas-y-precipitaciones-2026x08x16-a.pdf
2026-08-16,026,LOS JARDINES (EMA),DISTRITO NACIONAL,PRIVADA,EMAP,,,0.0,https://indomet.gob.do/wp-content/uploads/2026/08/temperaturas-extremas-y-precipitaciones-2026x08x16-a.pdf
2026-08-16,027,LOS PRADOS (EMA),DISTRITO NACIONAL,PRIVADA,EMAP,,,0.0,https://indomet.gob.do/wp-content/uploads/2026/08/temperaturas-extremas-y-precipitaciones-2026x08x16-a.pdf
2026-08-16,028,LOS TRES CHARCOS (EMA),PEDERNALES,PROPIEDAD DEL VOLUNTARIO,EMAP,32.1,26.2,0.0,https://indomet.gob.do/wp-content/uploads/2026/08/temperaturas-extremas-y-precipitaciones-2026x08x16-a.pdf
2026-08-16,029,MICHES (EMA),EL SEIBO,PRIVADA,EMAP,34.2,24.1,0.0,https://indomet.gob.do/wp-content/uploads/2026/08/temperaturas-extremas-y-precipitaciones-2026x08x16-a.pdf
2026-08-16,030,MONCIÓN (EMA),SANTIAGO RODRÍGUEZ,PROGRAMA MUNDIAL DE ALIMENTO,EMAP,32.6,23.3,0.0,https://indomet.gob.do/wp-content/uploads/2026/08/temperaturas-extremas-y-precipitaciones-2026x08x16-a.pdf
2026-08-16,031,PRESA DE TAVERAS (EMA),LA VEGA,PROGRAMA MUNDIAL DE ALIMENTO,EMAP,32.4,22.8,0.0,https://indomet.gob.do/wp-content/uploads/2026/08/temperaturas-extremas-y-precipitaciones-2026x08x16-a.pdf
2026-08-16,032,PROLONGACION 27 DE FEBRERO,DISTRITO NACIONAL,PRIVADA,EMAP,,,0.0,https://indomet.gob.do/wp-content/uploads/2026/08/temperaturas-extremas-y-precipitaciones-2026x08x16-a.pdf
2026-08-16,033,SABANETA (EMA),SANTIAGO RODRÍGUEZ,PROGRAMA MUNDIAL DE ALIMENTO,EMAP,35.3,22.3,0.0,https://indomet.gob.do/wp-content/uploads/2026/08/temperaturas-extremas-y-precipitaciones-2026x08x16-a.pdf
2026-08-16,034,ALTAMIRA,PUERTO PLATA,HOSP. MPAL. DE ALTAMIRA,EMCI,34.2,20.4,0.0,https://indomet.gob.do/wp-content/uploads/2026/08/temperaturas-extremas-y-precipitaciones-2026x08x16-a.pdf
2026-08-16,035,ARPT. ARROYO BARRIL,SAMANÁ,INDOMET,EMCI,31.9,23.7,0.0,https://indomet.gob.do/wp-content/uploads/2026/08/temperaturas-extremas-y-precipitaciones-2026x08x16-a.pdf
2026-08-16,036,ARPT. DE LA ROMANA,LA ROMANA,INDOMET,EMCI,34.5,24.5,0.0,https://indomet.gob.do/wp-content/uploads/2026/08/temperaturas-extremas-y-precipitaciones-2026x08x16-a.pdf
2026-08-16,037,ARPT. DE LAS AMÉRICAS,SANTO DOMINGO,INDOMET,EMCI,33.4,25.2,0.0,https://indomet.gob.do/wp-content/uploads/2026/08/temperaturas-extremas-y-precipitaciones-2026x08x16-a.pdf
2026-08-16,038,ARPT. DE PUNTA CANA,LA ALTAGRACIA,INDOMET,EMCI,32.8,23.2,0.0,https://indomet.gob.do/wp-content/uploads/2026/08/temperaturas-extremas-y-precipitaciones-2026x08x16-a.pdf
2026-08-16,039,ARPT. DEL CIBAO,SANTIAGO,INDOMET,EMCI,33.5,23.5,0.0,https://indomet.gob.do/wp-content/uploads/2026/08/temperaturas-extremas-y-precipitaciones-2026x08x16-a.pdf
2026-08-16,040,ARPT. GREGORIO LUPERÓN,PUERTO PLATA,INDOMET,EMCI,33.4,23.2,0.0,https://indomet.gob.do/wp-content/uploads/2026/08/temperaturas-extremas-y-precipitaciones-2026x08x16-a.pdf
2026-08-16,041,ARPT. LA ISABELA,SANTO DOMINGO,INDOMET,EMCI,36.0,26.4,0.0,https://indomet.gob.do/wp-content/uploads/2026/08/temperaturas-extremas-y-precipitaciones-2026x08x16-a.pdf
2026-08-16,042,ARPT. MARÍA MONTEZ,BARAHONA,INDOMET,EMCI,34.6,26.0,0.0,https://indomet.gob.do/wp-content/uploads/2026/08/temperaturas-extremas-y-precipitaciones-2026x08x16-a.pdf
2026-08-16,043,ARROYO LORO,SAN JUAN,IDIAF,EMCI,35.8,18.6,0.0,https://indomet.gob.do/wp-content/uploads/2026/08/temperaturas-extremas-y-precipitaciones-2026x08x16-a.pdf
2026-08-16,044,BAYAGUANA,MONTE PLATA,INDOMET,EMCI,34.1,25.0,0.0,https://indomet.gob.do/wp-content/uploads/2026/08/temperaturas-extremas-y-precipitaciones-2026x08x16-a.pdf
2026-08-16,045,CABRERA,MARÍA TRINIDAD SÁNCHEZ,ESCUELA ARÍSTIDES FIALLO CABRAL,EMCI,33.5,27.5,0.0,https://indomet.gob.do/wp-content/uploads/2026/08/temperaturas-extremas-y-precipitaciones-2026x08x16-a.pdf
2026-08-16,046,CONSTANZA,LA VEGA,MINISTERIO DE AGRICULTURA,EMCI,27.8,11.2,0.0,https://indomet.gob.do/wp-content/uploads/2026/08/temperaturas-extremas-y-precipitaciones-2026x08x16-a.pdf
2026-08-16,047,DAJABÓN,DAJABÓN,INSTITUTO POLITÉCNICO LOYOLA,EMCI,36.6,20.8,0.0,https://indomet.gob.do/wp-content/uploads/2026/08/temperaturas-extremas-y-precipitaciones-2026x08x16-a.pdf
2026-08-16,048,HONDO VALLE,ELÍAS PIÑA,MINISTERIO DE AGRICULTURA,EMCI,30.5,20.6,0.0,https://indomet.gob.do/wp-content/uploads/2026/08/temperaturas-extremas-y-precipitaciones-2026x08x16-a.pdf
2026-08-16,049,JIMANÍ,INDEPENDENCIA,MINISTERIO DE AGRICULTURA,EMCI,36.6,27.5,0.0,https://indomet.gob.do/wp-content/uploads/2026/08/temperaturas-extremas-y-precipitaciones-2026x08x16-a.pdf
2026-08-16,050,LA VEGA,LA VEGA,IATESA,EMCI,35.5,22.6,0.0,https://indomet.gob.do/wp-content/uploads/2026/08/temperaturas-extremas-y-precipitaciones-2026x08x16-a.pdf
2026-08-16,051,LA VICTORIA,SANTO DOMINGO,CUERPO DE BOMBEROS,EMCI,35.8,24.8,0.0,https://indomet.gob.do/wp-content/uploads/2026/08/temperaturas-extremas-y-precipitaciones-2026x08x16-a.pdf
2026-08-16,052,LOS LLANOS,SAN PEDRO DE MACORÍS,MINISTERIO DE AGRICULTURA,EMCI,35.5,23.3,0.0,https://indomet.gob.do/wp-content/uploads/2026/08/temperaturas-extremas-y-precipitaciones-2026x08x16-a.pdf
2026-08-16,053,MONTE CRISTI,MONTE CRISTI,INDOMET,EMCI,33.8,25.8,0.0,https://indomet.gob.do/wp-content/uploads/2026/08/temperaturas-extremas-y-precipitaciones-2026x08x16-a.pdf
2026-08-16,054,OLIVARES,PEDERNALES,INDRHI,EMCI,,,0.0,https://indomet.gob.do/wp-content/uploads/2026/08/temperaturas-extremas-y-precipitaciones-2026x08x16-a.pdf
2026-08-16,055,PADRE LAS CASAS,AZUA,HOSP. NTRA. SRA. DEL CARMEN,EMCI,34.5,19.2,0.0,https://indomet.gob.do/wp-content/uploads/2026/08/temperaturas-extremas-y-precipitaciones-2026x08x16-a.pdf
2026-08-16,056,PALO ÍNDIO,PUERTO PLATA,MINISTERIO DE AGRICULTURA,EMCI,,,0.0,https://indomet.gob.do/wp-content/uploads/2026/08/temperaturas-extremas-y-precipitaciones-2026x08x16-a.pdf
2026-08-16,057,PEDERNALES,PEDERNALES,INDRHI,EMCI,,,0.0,https://indomet.gob.do/wp-content/uploads/2026/08/temperaturas-extremas-y-precipitaciones-2026x08x16-a.pdf
2026-08-16,058,PERALTA,AZUA,HOSP. MPAL. DE PERALTA,EMCI,35.2,20.5,0.0,https://indomet.gob.do/wp-content/uploads/2026/08/temperaturas-extremas-y-precipitaciones-2026x08x16-a.pdf
2026-08-16,059,POLO,BARAHONA,INDOCAFE,EMCI,32.0,19.5,0.0,https://indomet.gob.do/wp-content/uploads/2026/08/temperaturas-extremas-y-precipitaciones-2026x08x16-a.pdf
2026-08-16,060,RESTAURACIÓN,DAJABÓN,MINISTERIO DE AGRICULTURA,EMCI,34.1,19.3,0.0,https://indomet.gob.do/wp-content/uploads/2026/08/temperaturas-extremas-y-precipitaciones-2026x08x16-a.pdf
2026-08-16,061,SABANA DE LA MAR,HATO MAYOR,INDOMET,EMCI,33.4,24.2,0.0,https://indomet.gob.do/wp-content/uploads/2026/08/temperaturas-extremas-y-precipitaciones-2026x08x16-a.pdf
2026-08-16,062,SAMANÁ,SAMANÁ,COMANDANCIA DE PUERTO DE SAMANÁ,EMCI,34.4,17.5,0.0,https://indomet.gob.do/wp-content/uploads/2026/08/temperaturas-extremas-y-precipitaciones-2026x08x16-a.pdf
2026-08-16,063,SAN CRISTÓBAL,SAN CRISTÓBAL,INSTITUTO POLITÉCNICO LOYOLA,EMCI,35.2,23.5,0.0,https://indomet.gob.do/wp-content/uploads/2026/08/temperaturas-extremas-y-precipitaciones-2026x08x16-a.pdf
2026-08-16,064,SAN FRANCISCO DE MACORÍS,DUARTE,San Francisco de Macorís (UASD),EMCI,35.2,25.1,0.0,https://indomet.gob.do/wp-content/uploads/2026/08/temperaturas-extremas-y-precipitaciones-2026x08x16-a.pdf
2026-08-16,065,SAN JOSÉ DE OCOA,SAN JOSÉ DE OCOA,HOSP. SAN JOSÉ DE OCOA,EMCI,32.6,23.9,0.0,https://indomet.gob.do/wp-content/uploads/2026/08/temperaturas-extremas-y-precipitaciones-2026x08x16-a.pdf
2026-08-16,066,SAN RAFAEL DEL YUMA,LA ALTAGRACIA,MINISTERIO DE AGRICULTURA,EMCI,35.3,25.0,0.0,https://indomet.gob.do/wp-content/uploads/2026/08/temperaturas-extremas-y-precipitaciones-2026x08x16-a.pdf
2026-08-16,067,SANTIAGO RODRÍGUEZ,SANTIAGO RODRÍGUEZ,INDOMET,EMCI,30.5,20.6,0.0,https://indomet.gob.do/wp-content/uploads/2026/08/temperaturas-extremas-y-precipitaciones-2026x08x16-a.pdf
2026-08-16,068,SANTO DOMINGO ESTE,SANTO DOMINGO,INDOMET,EMCI,33.0,27.0,0.0,https://indomet.gob.do/wp-content/uploads/2026/08/temperaturas-extremas-y-precipitaciones-2026x08x16-a.pdf
2026-08-16,069,TÁBARA ABAJO,AZUA,INDRHI,EMCI,35.7,24.2,0.0,https://indomet.gob.do/wp-content/uploads/2026/08/temperaturas-extremas-y-precipitaciones-2026x08x16-a.pdf
2026-08-16,070,VILLA ALTAGRACIA,SAN CRISTÓBAL,ESCUELA JAVIER ANGULO GURIDI,EMCI,,,0.0,https://indomet.gob.do/wp-content/uploads/2026/08/temperaturas-extremas-y-precipitaciones-2026x08x16-a.pdf
2026-08-16,071,VILLA GONZALES,SANTIAGO,MINISTERIO DE AGRICULTURA,EMCI,,,0.0,https://indomet.gob.do/wp-content/uploads/2026/08/temperaturas-extremas-y-precipitaciones-2026x08x16-a.pdf
2026-08-16,072,VILLA RIVA,DUARTE,HOSP. MPAL. ALICIA DE LEGENDRE,EMCI,33.5,23.5,0.0,https://indomet.gob.do/wp-content/uploads/2026/08/temperaturas-extremas-y-precipitaciones-2026x08x16-a.pdf
2026-08-16,073,BASE AÉREA DE SAN ISIDRO,SANTO DOMINGO,FUERZA AÉREA DOMINICANA,EMCV,33.0,24.5,0.0,https://indomet.gob.do/wp-content/uploads/2026/08/temperaturas-extremas-y-precipitaciones-2026x08x16-a.pdf
2026-08-16,074,BOHECHÍO,SAN JUAN,MINISTERIO DE AGRICULTURA,EMCV,,,0.0,https://indomet.gob.do/wp-content/uploads/2026/08/temperaturas-extremas-y-precipitaciones-2026x08x16-a.pdf
2026-08-16,075,CABRAL,BARAHONA,MINISTERIO DE AGRICULTURA,EMCV,35.8,25.7,0.0,https://indomet.gob.do/wp-content/uploads/2026/08/temperaturas-extremas-y-precipitaciones-2026x08x16-a.pdf
2026-08-16,076,EL CERCADO,SAN JUAN,MINISTERIO DE AGRICULTURA,EMCV,,,0.0,https://indomet.gob.do/wp-content/uploads/2026/08/temperaturas-extremas-y-precipitaciones-2026x08x16-a.pdf
2026-08-16,077,EL SEIBO,EL SEIBO,MINISTERIO DE AGRICULTURA,EMCV,,,0.0,https://indomet.gob.do/wp-content/uploads/2026/08/temperaturas-extremas-y-precipitaciones-2026x08x16-a.pdf
2026-08-16,078,ELÍAS PIÑA,ELÍAS PIÑA,MINISTERIO DE AGRICULTURA,EMCV,,,0.0,https://indomet.gob.do/wp-content/uploads/2026/08/temperaturas-extremas-y-precipitaciones-2026x08x16-a.pdf
2026-08-16,079,ENRIQUILLO,BARAHONA,MINISTERIO DE AGRICULTURA,EMCV,33.4,24.5,0.0,https://indomet.gob.do/wp-content/uploads/2026/08/temperaturas-extremas-y-precipitaciones-2026x08x16-a.pdf
2026-08-16,080,ESCONDIDO,PERAVIA,MINISTERIO DE AGRICULTURA,EMCV,33.0,23.0,0.0,https://indomet.gob.do/wp-content/uploads/2026/08/temperaturas-extremas-y-precipitaciones-2026x08x16-a.pdf
2026-08-16,081,GURABO,SANTIAGO,MINISTERIO DE AGRICULTURA,EMCV,,,0.0,https://indomet.gob.do/wp-content/uploads/2026/08/temperaturas-extremas-y-precipitaciones-2026x08x16-a.pdf
2026-08-16,082,HATO MAYOR,HATO MAYOR,MINISTERIO DE AGRICULTURA,EMCV,,,0.0,https://indomet.gob.do/wp-content/uploads/2026/08/temperaturas-extremas-y-precipitaciones-2026x08x16-a.pdf
2026-08-16,083,JARDÍN BOTÁNICO NACIONAL,DISTRITO NACIONAL,JARDÍN BOTÁNICO NACIONAL,EMCV,34.1,24.3,0.0,https://indomet.gob.do/wp-content/uploads/2026/08/temperaturas-extremas-y-precipitaciones-2026x08x16-a.pdf
2026-08-16,084,MAO,VALVERDE,INDRHI / MINISTERIO DE AGRICULTURA,EMCV,,,0.0,https://indomet.gob.do/wp-content/uploads/2026/08/temperaturas-extremas-y-precipitaciones-2026x08x16-a.pdf
2026-08-16,085,NAVARRETE,SANTIAGO,MINISTERIO DE AGRICULTURA,EMCV,,,0.0,https://indomet.gob.do/wp-content/uploads/2026/08/temperaturas-extremas-y-precipitaciones-2026x08x16-a.pdf
2026-08-16,086,RÍO SAN JUAN,MARÍA TRINIDAD SÁNCHEZ,HOSP. MPAL. DR. DESIDERIO ACOSTA,EMCV,33.2,24.2,0.0,https://indomet.gob.do/wp-content/uploads/2026/08/temperaturas-extremas-y-precipitaciones-2026x08x16-a.pdf
2026-08-16,087,TAMBORIL,SANTIAGO,MINISTERIO DE AGRICULTURA,EMCV,,,0.0,https://indomet.gob.do/wp-content/uploads/2026/08/temperaturas-extremas-y-precipitaciones-2026x08x16-a.pdf
2026-08-17,001,ELÍAS PIÑA,ELÍAS PIÑA,MINISTERIO DE AGRICULTURA,EMCV,,,20.0,https://indomet.gob.do/wp-content/uploads/2026/08/temperaturas-extremas-y-precipitaciones-2026x08x17-a.pdf
2026-08-17,002,SALCEDO,HERMANAS MIRABAL,PROPIEDAD DEL EMPLEADO,EMCI,,,7.0,https://indomet.gob.do/wp-content/uploads/2026/08/temperaturas-extremas-y-precipitaciones-2026x08x17-a.pdf
2026-08-17,003,HONDO VALLE,ELÍAS PIÑA,MINISTERIO DE AGRICULTURA,EMCI,29.9,20.1,2.4,https://indomet.gob.do/wp-content/uploads/2026/08/temperaturas-extremas-y-precipitaciones-2026x08x17-a.pdf
2026-08-17,004,LAS MATAS DE FARFÁN,SAN JUAN,MINISTERIO DE AGRICULTURA,EMCV,,,1.4,https://indomet.gob.do/wp-content/uploads/2026/08/temperaturas-extremas-y-precipitaciones-2026x08x17-a.pdf
2026-08-17,005,ALTAMIRA,PUERTO PLATA,HOSP. MPAL. DE ALTAMIRA,EMCI,36.0,20.3,0.0,https://indomet.gob.do/wp-content/uploads/2026/08/temperaturas-extremas-y-precipitaciones-2026x08x17-a.pdf
2026-08-17,006,ALTO BANDERA (EMA),LA VEGA,INTEC,EMAP,20.3,10.3,0.0,https://indomet.gob.do/wp-content/uploads/2026/08/temperaturas-extremas-y-precipitaciones-2026x08x17-a.pdf
2026-08-17,007,ANAMUYA (EMA),LA ALTAGRACIA,MINISTERIO DE AGRICULTURA,EMAP,34.3,25.1,0.0,https://indomet.gob.do/wp-content/uploads/2026/08/temperaturas-extremas-y-precipitaciones-2026x08x17-a.pdf
2026-08-17,008,ARPT. ARROYO BARRIL,SAMANÁ,INDOMET,EMCI,33.5,23.0,0.0,https://indomet.gob.do/wp-content/uploads/2026/08/temperaturas-extremas-y-precipitaciones-2026x08x17-a.pdf
2026-08-17,009,ARPT. DE LA ROMANA,LA ROMANA,INDOMET,EMCI,35.3,23.7,0.0,https://indomet.gob.do/wp-content/uploads/2026/08/temperaturas-extremas-y-precipitaciones-2026x08x17-a.pdf
2026-08-17,010,ARPT. DE LAS AMÉRICAS,SANTO DOMINGO,INDOMET,EMCI,34.0,23.8,0.0,https://indomet.gob.do/wp-content/uploads/2026/08/temperaturas-extremas-y-precipitaciones-2026x08x17-a.pdf
2026-08-17,011,ARPT. DE PUNTA CANA,LA ALTAGRACIA,INDOMET,EMCI,32.6,24.0,0.0,https://indomet.gob.do/wp-content/uploads/2026/08/temperaturas-extremas-y-precipitaciones-2026x08x17-a.pdf
2026-08-17,012,ARPT. DEL CIBAO,SANTIAGO,INDOMET,EMCI,35.6,24.0,0.0,https://indomet.gob.do/wp-content/uploads/2026/08/temperaturas-extremas-y-precipitaciones-2026x08x17-a.pdf
2026-08-17,013,ARPT. EL CATEY,SAMANÁ,INDOMET,EMCI,31.2,21.0,0.0,https://indomet.gob.do/wp-content/uploads/2026/08/temperaturas-extremas-y-precipitaciones-2026x08x17-a.pdf
2026-08-17,014,ARPT. GREGORIO LUPERÓN,PUERTO PLATA,INDOMET,EMCI,32.8,25.0,0.0,https://indomet.gob.do/wp-content/uploads/2026/08/temperaturas-extremas-y-precipitaciones-2026x08x17-a.pdf
2026-08-17,015,ARPT. LA ISABELA,SANTO DOMINGO,INDOMET,EMCI,36.7,26.0,0.0,https://indomet.gob.do/wp-content/uploads/2026/08/temperaturas-extremas-y-precipitaciones-2026x08x17-a.pdf
2026-08-17,016,ARPT. MARÍA MONTEZ,BARAHONA,INDOMET,EMCI,34.3,25.5,0.0,https://indomet.gob.do/wp-content/uploads/2026/08/temperaturas-extremas-y-precipitaciones-2026x08x17-a.pdf
2026-08-17,017,ARROYO LORO,SAN JUAN,IDIAF,EMCI,37.2,18.8,0.0,https://indomet.gob.do/wp-content/uploads/2026/08/temperaturas-extremas-y-precipitaciones-2026x08x17-a.pdf
2026-08-17,018,BANI (EMA),PERAVIA,MINISTERIO DE AGRICULTURA,EMAP,34.7,25.3,0.0,https://indomet.gob.do/wp-content/uploads/2026/08/temperaturas-extremas-y-precipitaciones-2026x08x17-a.pdf
2026-08-17,019,BASE AÉREA DE SAN ISIDRO,SANTO DOMINGO,FUERZA AÉREA DOMINICANA,EMCV,33.5,23.5,0.0,https://indomet.gob.do/wp-content/uploads/2026/08/temperaturas-extremas-y-precipitaciones-2026x08x17-a.pdf
2026-08-17,020,BAYAGUANA,MONTE PLATA,INDOMET,EMCI,34.0,23.2,0.0,https://indomet.gob.do/wp-content/uploads/2026/08/temperaturas-extremas-y-precipitaciones-2026x08x17-a.pdf
2026-08-17,021,BELLA VISTA (EMA),DISTRITO NACIONAL,PRIVADA,EMAP,,,0.0,https://indomet.gob.do/wp-content/uploads/2026/08/temperaturas-extremas-y-precipitaciones-2026x08x17-a.pdf
2026-08-17,022,BOCA DE MAO (EMA),VALVERDE,MINISTERIO DE AGRICULTURA,EMAP,38.4,23.7,0.0,https://indomet.gob.do/wp-content/uploads/2026/08/temperaturas-extremas-y-precipitaciones-2026x08x17-a.pdf
2026-08-17,023,BUCARA (EMA),SANTIAGO,MINISTERIO DE AGRICULTURA,EMAI,,,0.0,https://indomet.gob.do/wp-content/uploads/2026/08/temperaturas-extremas-y-precipitaciones-2026x08x17-a.pdf
2026-08-17,024,CABRAL,BARAHONA,MINISTERIO DE AGRICULTURA,EMCV,36.2,23.4,0.0,https://indomet.gob.do/wp-content/uploads/2026/08/temperaturas-extremas-y-precipitaciones-2026x08x17-a.pdf
2026-08-17,025,CABRERA,MARÍA TRINIDAD SÁNCHEZ,ESCUELA ARÍSTIDES FIALLO CABRAL,EMCI,35.0,27.4,0.0,https://indomet.gob.do/wp-content/uploads/2026/08/temperaturas-extremas-y-precipitaciones-2026x08x17-a.pdf
2026-08-17,026,CENTRO DE LOS HEROES (EMA),DISTRITO NACIONAL,MINISTERIO DE ENERGIA Y MINA,EMAP,33.3,26.8,0.0,https://indomet.gob.do/wp-content/uploads/2026/08/temperaturas-extremas-y-precipitaciones-2026x08x17-a.pdf
2026-08-17,027,CONSTANZA,LA VEGA,MINISTERIO DE AGRICULTURA,EMCI,30.6,11.2,0.0,https://indomet.gob.do/wp-content/uploads/2026/08/temperaturas-extremas-y-precipitaciones-2026x08x17-a.pdf
2026-08-17,028,CONSTANZA (EMA),LA VEGA,PROGRAMA MUNDIAL DE ALIMENTO,EMAP,29.7,13.2,0.0,https://indomet.gob.do/wp-content/uploads/2026/08/temperaturas-extremas-y-precipitaciones-2026x08x17-a.pdf
2026-08-17,029,COTUÍ (EMA),SÁNCHEZ RAMÍREZ,HOSP. INMACULADA CONCEPCIÓN,EMCV,36.4,23.7,0.0,https://indomet.gob.do/wp-content/uploads/2026/08/temperaturas-extremas-y-precipitaciones-2026x08x17-a.pdf
2026-08-17,030,DAJABÓN,DAJABÓN,INSTITUTO POLITÉCNICO LOYOLA,EMCI,37.0,21.4,0.0,https://indomet.gob.do/wp-content/uploads/2026/08/temperaturas-extremas-y-precipitaciones-2026x08x17-a.pdf
2026-08-17,031,EL FACTOR (EMA),MARÍA TRINIDAD SÁNCHEZ,INTEC,EMAP,33.6,22.7,0.0,https://indomet.gob.do/wp-content/uploads/2026/08/temperaturas-extremas-y-precipitaciones-2026x08x17-a.pdf
2026-08-17,032,EL MILLON (EMA),DISTRITO NACIONAL,PRIVADA,EMAP,,,0.0,https://indomet.gob.do/wp-content/uploads/2026/08/temperaturas-extremas-y-precipitaciones-2026x08x17-a.pdf
2026-08-17,033,ENRIQUILLO,BARAHONA,MINISTERIO DE AGRICULTURA,EMCV,34.3,25.0,0.0,https://indomet.gob.do/wp-content/uploads/2026/08/temperaturas-extremas-y-precipitaciones-2026x08x17-a.pdf
2026-08-17,034,ENSANCHE LA FE (EMA),DISTRITO NACIONAL,PRIVADA,EMAP,,,0.0,https://indomet.gob.do/wp-content/uploads/2026/08/temperaturas-extremas-y-precipitaciones-2026x08x17-a.pdf
2026-08-17,035,ESCONDIDO,PERAVIA,MINISTERIO DE AGRICULTURA,EMCV,35.0,27.0,0.0,https://indomet.gob.do/wp-content/uploads/2026/08/temperaturas-extremas-y-precipitaciones-2026x08x17-a.pdf
2026-08-17,036,GASPAR HERNÁNDEZ,ESPAILLAT,PROPIEDAD DEL EMPLEADO,EMCI,,,0.0,https://indomet.gob.do/wp-content/uploads/2026/08/temperaturas-extremas-y-precipitaciones-2026x08x17-a.pdf
2026-08-17,037,GURABO,SANTIAGO,MINISTERIO DE AGRICULTURA,EMCV,,,0.0,https://indomet.gob.do/wp-content/uploads/2026/08/temperaturas-extremas-y-precipitaciones-2026x08x17-a.pdf
2026-08-17,038,HATO MAYOR,HATO MAYOR,MINISTERIO DE AGRICULTURA,EMCV,,,0.0,https://indomet.gob.do/wp-content/uploads/2026/08/temperaturas-extremas-y-precipitaciones-2026x08x17-a.pdf
2026-08-17,039,JARABACOA,LA VEGA,INDRHI / MARENA,EMCI,33.4,17.0,0.0,https://indomet.gob.do/wp-content/uploads/2026/08/temperaturas-extremas-y-precipitaciones-2026x08x17-a.pdf
2026-08-17,040,JARDÍN BOTÁNICO SANTIAGO (EMSANTIAGO,,JARDIN BOTANICO SANTIAGO,EMAI,37.0,28.3,0.0,https://indomet.gob.do/wp-content/uploads/2026/08/temperaturas-extremas-y-precipitaciones-2026x08x17-a.pdf
2026-08-17,041,JIMANÍ,INDEPENDENCIA,MINISTERIO DE AGRICULTURA,EMCI,38.4,26.2,0.0,https://indomet.gob.do/wp-content/uploads/2026/08/temperaturas-extremas-y-precipitaciones-2026x08x17-a.pdf
2026-08-17,042,JUMA BEJUCAL,MONSEÑOR NOUEL,IDIAF,EMCV,35.0,23.0,0.0,https://indomet.gob.do/wp-content/uploads/2026/08/temperaturas-extremas-y-precipitaciones-2026x08x17-a.pdf
2026-08-17,043,LA AGUSTINA (EMA),DISTRITO NACIONAL,PRIVADA,EMAP,,,0.0,https://indomet.gob.do/wp-content/uploads/2026/08/temperaturas-extremas-y-precipitaciones-2026x08x17-a.pdf
2026-08-17,044,LA VEGA,LA VEGA,IATESA,EMCI,36.5,23.0,0.0,https://indomet.gob.do/wp-content/uploads/2026/08/temperaturas-extremas-y-precipitaciones-2026x08x17-a.pdf
2026-08-17,045,LA VICTORIA,SANTO DOMINGO,CUERPO DE BOMBEROS,EMCI,37.0,23.0,0.0,https://indomet.gob.do/wp-content/uploads/2026/08/temperaturas-extremas-y-precipitaciones-2026x08x17-a.pdf
2026-08-17,046,LAS CANAS (EMA),MONTE CRISTI,PROGRAMA MUNDIAL DE ALIMENTO,EMAP,31.4,23.7,0.0,https://indomet.gob.do/wp-content/uploads/2026/08/temperaturas-extremas-y-precipitaciones-2026x08x17-a.pdf
2026-08-17,047,LOS CACICAZGOS (EMA),DISTRITO NACIONAL,PRIVADA,EMAP,,,0.0,https://indomet.gob.do/wp-content/uploads/2026/08/temperaturas-extremas-y-precipitaciones-2026x08x17-a.pdf
2026-08-17,048,LOS COCOS (EMA),BAHORUCO,PRIVADA,EMAP,,,0.0,https://indomet.gob.do/wp-content/uploads/2026/08/temperaturas-extremas-y-precipitaciones-2026x08x17-a.pdf
2026-08-17,049,LOS JARDINES (EMA),DISTRITO NACIONAL,PRIVADA,EMAP,,,0.0,https://indomet.gob.do/wp-content/uploads/2026/08/temperaturas-extremas-y-precipitaciones-2026x08x17-a.pdf
2026-08-17,050,LOS LLANOS,SAN PEDRO DE MACORÍS,MINISTERIO DE AGRICULTURA,EMCI,36.0,22.4,0.0,https://indomet.gob.do/wp-content/uploads/2026/08/temperaturas-extremas-y-precipitaciones-2026x08x17-a.pdf
2026-08-17,051,MAO,VALVERDE,INDRHI / MINISTERIO DE AGRICULTURA,EMCV,,,0.0,https://indomet.gob.do/wp-content/uploads/2026/08/temperaturas-extremas-y-precipitaciones-2026x08x17-a.pdf
2026-08-17,052,MICHES (EMA),EL SEIBO,PRIVADA,EMAP,33.3,23.2,0.0,https://indomet.gob.do/wp-content/uploads/2026/08/temperaturas-extremas-y-precipitaciones-2026x08x17-a.pdf
2026-08-17,053,MONCIÓN (EMA),SANTIAGO RODRÍGUEZ,PROGRAMA MUNDIAL DE ALIMENTO,EMAP,37.0,21.3,0.0,https://indomet.gob.do/wp-content/uploads/2026/08/temperaturas-extremas-y-precipitaciones-2026x08x17-a.pdf
2026-08-17,054,MONTE CRISTI,MONTE CRISTI,INDOMET,EMCI,35.0,24.7,0.0,https://indomet.gob.do/wp-content/uploads/2026/08/temperaturas-extremas-y-precipitaciones-2026x08x17-a.pdf
2026-08-17,055,NAVARRETE,SANTIAGO,MINISTERIO DE AGRICULTURA,EMCV,,,0.0,https://indomet.gob.do/wp-content/uploads/2026/08/temperaturas-extremas-y-precipitaciones-2026x08x17-a.pdf
2026-08-17,056,OLIVARES,PEDERNALES,INDRHI,EMCI,,,0.0,https://indomet.gob.do/wp-content/uploads/2026/08/temperaturas-extremas-y-precipitaciones-2026x08x17-a.pdf
2026-08-17,057,OVIEDO,PEDERNALES,CLÍNICA RURAL OVIEDO,EMCI,34.0,25.3,0.0,https://indomet.gob.do/wp-content/uploads/2026/08/temperaturas-extremas-y-precipitaciones-2026x08x17-a.pdf
2026-08-17,058,PADRE LAS CASAS,AZUA,HOSP. NTRA. SRA. DEL CARMEN,EMCI,35.5,19.5,0.0,https://indomet.gob.do/wp-content/uploads/2026/08/temperaturas-extremas-y-precipitaciones-2026x08x17-a.pdf
2026-08-17,059,PALO DE VIENTO (EMA),SAN JUAN,MINISTERIO DE AGRICULTURA,EMAP,31.7,13.3,0.0,https://indomet.gob.do/wp-content/uploads/2026/08/temperaturas-extremas-y-precipitaciones-2026x08x17-a.pdf
2026-08-17,060,PALO ÍNDIO,PUERTO PLATA,MINISTERIO DE AGRICULTURA,EMCI,,,0.0,https://indomet.gob.do/wp-content/uploads/2026/08/temperaturas-extremas-y-precipitaciones-2026x08x17-a.pdf
2026-08-17,061,PARQUE MIRADOR SUR,DISTRITO NACIONAL,AYUNTAMIENTO,EMCV,34.5,23.0,0.0,https://indomet.gob.do/wp-content/uploads/2026/08/temperaturas-extremas-y-precipitaciones-2026x08x17-a.pdf
2026-08-17,062,PEDERNALES,PEDERNALES,INDRHI,EMCI,,,0.0,https://indomet.gob.do/wp-content/uploads/2026/08/temperaturas-extremas-y-precipitaciones-2026x08x17-a.pdf
2026-08-17,063,PERALTA,AZUA,HOSP. MPAL. DE PERALTA,EMCI,37.0,21.5,0.0,https://indomet.gob.do/wp-content/uploads/2026/08/temperaturas-extremas-y-precipitaciones-2026x08x17-a.pdf
2026-08-17,064,POLO,BARAHONA,INDOCAFE,EMCI,30.5,18.0,0.0,https://indomet.gob.do/wp-content/uploads/2026/08/temperaturas-extremas-y-precipitaciones-2026x08x17-a.pdf
2026-08-17,065,PRESA DE TAVERAS (EMA),LA VEGA,PROGRAMA MUNDIAL DE ALIMENTO,EMAP,34.8,20.9,0.0,https://indomet.gob.do/wp-content/uploads/2026/08/temperaturas-extremas-y-precipitaciones-2026x08x17-a.pdf
2026-08-17,066,PROLONGACION 27 DE FEBRERO,DISTRITO NACIONAL,PRIVADA,EMAP,,,0.0,https://indomet.gob.do/wp-content/uploads/2026/08/temperaturas-extremas-y-precipitaciones-2026x08x17-a.pdf
2026-08-17,067,RANCHO ARRIBA,SAN JOSÉ DE OCOA,CENTRO TECNOLÓGICO COMUNITARIO,EMCI,31.5,15.7,0.0,https://indomet.gob.do/wp-content/uploads/2026/08/temperaturas-extremas-y-precipitaciones-2026x08x17-a.pdf
2026-08-17,068,RESTAURACIÓN,DAJABÓN,MINISTERIO DE AGRICULTURA,EMCI,34.9,19.5,0.0,https://indomet.gob.do/wp-content/uploads/2026/08/temperaturas-extremas-y-precipitaciones-2026x08x17-a.pdf
2026-08-17,069,RÍO SAN JUAN,MARÍA TRINIDAD SÁNCHEZ,HOSP. MPAL. DR. DESIDERIO ACOSTA,EMCV,35.3,23.8,0.0,https://indomet.gob.do/wp-content/uploads/2026/08/temperaturas-extremas-y-precipitaciones-2026x08x17-a.pdf
2026-08-17,070,SABANA DE LA MAR,HATO MAYOR,INDOMET,EMCI,33.2,22.4,0.0,https://indomet.gob.do/wp-content/uploads/2026/08/temperaturas-extremas-y-precipitaciones-2026x08x17-a.pdf
2026-08-17,071,SABANA GRANDE DE BOYÁ,MONTE PLATA,MINISTERIO DE AGRICULTURA,EMCV,,,0.0,https://indomet.gob.do/wp-content/uploads/2026/08/temperaturas-extremas-y-precipitaciones-2026x08x17-a.pdf
2026-08-17,072,SABANETA (EMA),SANTIAGO RODRÍGUEZ,PROGRAMA MUNDIAL DE ALIMENTO,EMAP,39.4,23.8,0.0,https://indomet.gob.do/wp-content/uploads/2026/08/temperaturas-extremas-y-precipitaciones-2026x08x17-a.pdf
2026-08-17,073,SAJOMA (EMA),SANTIAGO,PLAN SIERRA,EMAI,34.8,25.3,0.0,https://indomet.gob.do/wp-content/uploads/2026/08/temperaturas-extremas-y-precipitaciones-2026x08x17-a.pdf
2026-08-17,074,SAMANÁ,SAMANÁ,COMANDANCIA DE PUERTO DE SAMANÁ,EMCI,33.4,16.9,0.0,https://indomet.gob.do/wp-content/uploads/2026/08/temperaturas-extremas-y-precipitaciones-2026x08x17-a.pdf
2026-08-17,075,SAN FRANCISCO DE MACORÍS,DUARTE,San Francisco de Macorís (UASD),EMCI,35.7,22.6,0.0,https://indomet.gob.do/wp-content/uploads/2026/08/temperaturas-extremas-y-precipitaciones-2026x08x17-a.pdf
2026-08-17,076,SAN RAFAEL DEL YUMA,LA ALTAGRACIA,MINISTERIO DE AGRICULTURA,EMCI,36.7,24.1,0.0,https://indomet.gob.do/wp-content/uploads/2026/08/temperaturas-extremas-y-precipitaciones-2026x08x17-a.pdf
2026-08-17,077,SÁNCHEZ,SAMANÁ,MINISTERIO DE AGRICULTURA,EMCI,33.5,22.1,0.0,https://indomet.gob.do/wp-content/uploads/2026/08/temperaturas-extremas-y-precipitaciones-2026x08x17-a.pdf
2026-08-17,078,SANTIAGO (CENTRO),SANTIAGO,HUACALITO,EMCI,,,0.0,https://indomet.gob.do/wp-content/uploads/2026/08/temperaturas-extremas-y-precipitaciones-2026x08x17-a.pdf
2026-08-17,079,SANTIAGO RODRÍGUEZ,SANTIAGO RODRÍGUEZ,INDOMET,EMCI,38.8,24.5,0.0,https://indomet.gob.do/wp-content/uploads/2026/08/temperaturas-extremas-y-precipitaciones-2026x08x17-a.pdf
2026-08-17,080,SANTO DOMINGO ESTE,SANTO DOMINGO,INDOMET,EMCI,33.8,27.0,0.0,https://indomet.gob.do/wp-content/uploads/2026/08/temperaturas-extremas-y-precipitaciones-2026x08x17-a.pdf
2026-08-17,081,TÁBARA ABAJO,AZUA,INDRHI,EMCI,35.5,24.5,0.0,https://indomet.gob.do/wp-content/uploads/2026/08/temperaturas-extremas-y-precipitaciones-2026x08x17-a.pdf
2026-08-17,082,TAMBORIL,SANTIAGO,MINISTERIO DE AGRICULTURA,EMCV,,,0.0,https://indomet.gob.do/wp-content/uploads/2026/08/temperaturas-extremas-y-precipitaciones-2026x08x17-a.pdf
2026-08-17,083,VILLA ALTAGRACIA,SAN CRISTÓBAL,ESCUELA JAVIER ANGULO GURIDI,EMCI,,,0.0,https://indomet.gob.do/wp-content/uploads/2026/08/temperaturas-extremas-y-precipitaciones-2026x08x17-a.pdf
2026-08-17,084,VILLA GONZALES,SANTIAGO,MINISTERIO DE AGRICULTURA,EMCI,,,0.0,https://indomet.gob.do/wp-content/uploads/2026/08/temperaturas-extremas-y-precipitaciones-2026x08x17-a.pdf
2026-08-17,085,VILLA RIVA,DUARTE,HOSP. MPAL. ALICIA DE LEGENDRE,EMCI,33.6,22.3,0.0,https://indomet.gob.do/wp-content/uploads/2026/08/temperaturas-extremas-y-precipitaciones-2026x08x17-a.pdf
2026-08-17,086,VILLA VASQUEZ (EMA),MONTE CRISTI,JUNTA DE REGANTES,EMAI,,,0.0,https://indomet.gob.do/wp-content/uploads/2026/08/temperaturas-extremas-y-precipitaciones-2026x08x17-a.pdf
2026-08-18,001,LOS LLANOS,SAN PEDRO DE MACORÍS,MINISTERIO DE AGRICULTURA,EMCI,35.5,23.0,3.0,https://indomet.gob.do/wp-content/uploads/2026/08/temperaturas-extremas-y-precipitaciones-2026x08x18-a.pdf
2026-08-18,002,ELÍAS PIÑA,ELÍAS PIÑA,MINISTERIO DE AGRICULTURA,EMCV,,,2.1,https://indomet.gob.do/wp-content/uploads/2026/08/temperaturas-extremas-y-precipitaciones-2026x08x18-a.pdf
2026-08-18,003,JARDÍN BOTÁNICO SANTIAGO (EMSANTIAGO,,JARDIN BOTANICO SANTIAGO,EMAI,37.0,27.6,0.0,https://indomet.gob.do/wp-content/uploads/2026/08/temperaturas-extremas-y-precipitaciones-2026x08x18-a.pdf
2026-08-18,004,SAJOMA (EMA),SANTIAGO,PLAN SIERRA,EMAI,35.6,25.2,0.0,https://indomet.gob.do/wp-content/uploads/2026/08/temperaturas-extremas-y-precipitaciones-2026x08x18-a.pdf
2026-08-18,005,VILLA VASQUEZ (EMA),MONTE CRISTI,JUNTA DE REGANTES,EMAI,,,0.0,https://indomet.gob.do/wp-content/uploads/2026/08/temperaturas-extremas-y-precipitaciones-2026x08x18-a.pdf
2026-08-18,006,ALTO BANDERA (EMA),LA VEGA,INTEC,EMAP,20.4,10.2,0.0,https://indomet.gob.do/wp-content/uploads/2026/08/temperaturas-extremas-y-precipitaciones-2026x08x18-a.pdf
2026-08-18,007,ANAMUYA (EMA),LA ALTAGRACIA,MINISTERIO DE AGRICULTURA,EMAP,34.2,26.3,0.0,https://indomet.gob.do/wp-content/uploads/2026/08/temperaturas-extremas-y-precipitaciones-2026x08x18-a.pdf
2026-08-18,008,BANI (EMA),PERAVIA,MINISTERIO DE AGRICULTURA,EMAP,34.2,25.8,0.0,https://indomet.gob.do/wp-content/uploads/2026/08/temperaturas-extremas-y-precipitaciones-2026x08x18-a.pdf
2026-08-18,009,BOCA DE MAO (EMA),VALVERDE,MINISTERIO DE AGRICULTURA,EMAP,39.1,22.8,0.0,https://indomet.gob.do/wp-content/uploads/2026/08/temperaturas-extremas-y-precipitaciones-2026x08x18-a.pdf
2026-08-18,010,CONSTANZA (EMA),LA VEGA,PROGRAMA MUNDIAL DE ALIMENTO,EMAP,29.7,12.0,0.0,https://indomet.gob.do/wp-content/uploads/2026/08/temperaturas-extremas-y-precipitaciones-2026x08x18-a.pdf
2026-08-18,011,EL FACTOR (EMA),MARÍA TRINIDAD SÁNCHEZ,INTEC,EMAP,33.3,23.8,0.0,https://indomet.gob.do/wp-content/uploads/2026/08/temperaturas-extremas-y-precipitaciones-2026x08x18-a.pdf
2026-08-18,012,EL MILLON (EMA),DISTRITO NACIONAL,PRIVADA,EMAP,,,0.0,https://indomet.gob.do/wp-content/uploads/2026/08/temperaturas-extremas-y-precipitaciones-2026x08x18-a.pdf
2026-08-18,013,ENSANCHE LA FE (EMA),DISTRITO NACIONAL,PRIVADA,EMAP,,,0.0,https://indomet.gob.do/wp-content/uploads/2026/08/temperaturas-extremas-y-precipitaciones-2026x08x18-a.pdf
2026-08-18,014,LAS CANAS (EMA),MONTE CRISTI,PROGRAMA MUNDIAL DE ALIMENTO,EMAP,33.9,24.2,0.0,https://indomet.gob.do/wp-content/uploads/2026/08/temperaturas-extremas-y-precipitaciones-2026x08x18-a.pdf
2026-08-18,015,LOS CACICAZGOS (EMA),DISTRITO NACIONAL,PRIVADA,EMAP,,,0.0,https://indomet.gob.do/wp-content/uploads/2026/08/temperaturas-extremas-y-precipitaciones-2026x08x18-a.pdf
2026-08-18,016,LOS COCOS (EMA),BAHORUCO,PRIVADA,EMAP,,,0.0,https://indomet.gob.do/wp-content/uploads/2026/08/temperaturas-extremas-y-precipitaciones-2026x08x18-a.pdf
2026-08-18,017,MICHES (EMA),EL SEIBO,PRIVADA,EMAP,32.7,23.1,0.0,https://indomet.gob.do/wp-content/uploads/2026/08/temperaturas-extremas-y-precipitaciones-2026x08x18-a.pdf
2026-08-18,018,MONCIÓN (EMA),SANTIAGO RODRÍGUEZ,PROGRAMA MUNDIAL DE ALIMENTO,EMAP,,,0.0,https://indomet.gob.do/wp-content/uploads/2026/08/temperaturas-extremas-y-precipitaciones-2026x08x18-a.pdf
2026-08-18,019,PRESA DE TAVERAS (EMA),LA VEGA,PROGRAMA MUNDIAL DE ALIMENTO,EMAP,35.2,22.3,0.0,https://indomet.gob.do/wp-content/uploads/2026/08/temperaturas-extremas-y-precipitaciones-2026x08x18-a.pdf
2026-08-18,020,PROLONGACION 27 DE FEBRERO,DISTRITO NACIONAL,PRIVADA,EMAP,,,0.0,https://indomet.gob.do/wp-content/uploads/2026/08/temperaturas-extremas-y-precipitaciones-2026x08x18-a.pdf
2026-08-18,021,SABANETA (EMA),SANTIAGO RODRÍGUEZ,PROGRAMA MUNDIAL DE ALIMENTO,EMAP,39.4,23.1,0.0,https://indomet.gob.do/wp-content/uploads/2026/08/temperaturas-extremas-y-precipitaciones-2026x08x18-a.pdf
2026-08-18,022,ALTAMIRA,PUERTO PLATA,HOSP. MPAL. DE ALTAMIRA,EMCI,35.9,20.6,0.0,https://indomet.gob.do/wp-content/uploads/2026/08/temperaturas-extremas-y-precipitaciones-2026x08x18-a.pdf
2026-08-18,023,ARPT. ARROYO BARRIL,SAMANÁ,INDOMET,EMCI,34.0,23.5,0.0,https://indomet.gob.do/wp-content/uploads/2026/08/temperaturas-extremas-y-precipitaciones-2026x08x18-a.pdf
2026-08-18,024,ARPT. DE LA ROMANA,LA ROMANA,INDOMET,EMCI,35.5,22.5,0.0,https://indomet.gob.do/wp-content/uploads/2026/08/temperaturas-extremas-y-precipitaciones-2026x08x18-a.pdf
2026-08-18,025,ARPT. DE LAS AMÉRICAS,SANTO DOMINGO,INDOMET,EMCI,32.6,23.9,0.0,https://indomet.gob.do/wp-content/uploads/2026/08/temperaturas-extremas-y-precipitaciones-2026x08x18-a.pdf
2026-08-18,026,ARPT. DE PUNTA CANA,LA ALTAGRACIA,INDOMET,EMCI,32.0,24.2,0.0,https://indomet.gob.do/wp-content/uploads/2026/08/temperaturas-extremas-y-precipitaciones-2026x08x18-a.pdf
2026-08-18,027,ARPT. DEL CIBAO,SANTIAGO,INDOMET,EMCI,36.2,21.5,0.0,https://indomet.gob.do/wp-content/uploads/2026/08/temperaturas-extremas-y-precipitaciones-2026x08x18-a.pdf
2026-08-18,028,ARPT. EL CATEY,SAMANÁ,INDOMET,EMCI,32.5,20.0,0.0,https://indomet.gob.do/wp-content/uploads/2026/08/temperaturas-extremas-y-precipitaciones-2026x08x18-a.pdf
2026-08-18,029,ARPT. GREGORIO LUPERÓN,PUERTO PLATA,INDOMET,EMCI,32.2,23.4,0.0,https://indomet.gob.do/wp-content/uploads/2026/08/temperaturas-extremas-y-precipitaciones-2026x08x18-a.pdf
2026-08-18,030,ARPT. LA ISABELA,SANTO DOMINGO,INDOMET,EMCI,36.5,22.0,0.0,https://indomet.gob.do/wp-content/uploads/2026/08/temperaturas-extremas-y-precipitaciones-2026x08x18-a.pdf
2026-08-18,031,ARPT. MARÍA MONTEZ,BARAHONA,INDOMET,EMCI,33.6,25.1,0.0,https://indomet.gob.do/wp-content/uploads/2026/08/temperaturas-extremas-y-precipitaciones-2026x08x18-a.pdf
2026-08-18,032,ARROYO LORO,SAN JUAN,IDIAF,EMCI,36.8,19.3,0.0,https://indomet.gob.do/wp-content/uploads/2026/08/temperaturas-extremas-y-precipitaciones-2026x08x18-a.pdf
2026-08-18,033,BAYAGUANA,MONTE PLATA,INDOMET,EMCI,34.8,22.0,0.0,https://indomet.gob.do/wp-content/uploads/2026/08/temperaturas-extremas-y-precipitaciones-2026x08x18-a.pdf
2026-08-18,034,CABRERA,MARÍA TRINIDAD SÁNCHEZ,ESCUELA ARÍSTIDES FIALLO CABRAL,EMCI,34.5,26.0,0.0,https://indomet.gob.do/wp-content/uploads/2026/08/temperaturas-extremas-y-precipitaciones-2026x08x18-a.pdf
2026-08-18,035,CONSTANZA,LA VEGA,MINISTERIO DE AGRICULTURA,EMCI,30.7,,0.0,https://indomet.gob.do/wp-content/uploads/2026/08/temperaturas-extremas-y-precipitaciones-2026x08x18-a.pdf
2026-08-18,036,DAJABÓN,DAJABÓN,INSTITUTO POLITÉCNICO LOYOLA,EMCI,36.8,20.9,0.0,https://indomet.gob.do/wp-content/uploads/2026/08/temperaturas-extremas-y-precipitaciones-2026x08x18-a.pdf
2026-08-18,037,GASPAR HERNÁNDEZ,ESPAILLAT,PROPIEDAD DEL EMPLEADO,EMCI,,,0.0,https://indomet.gob.do/wp-content/uploads/2026/08/temperaturas-extremas-y-precipitaciones-2026x08x18-a.pdf
2026-08-18,038,HONDO VALLE,ELÍAS PIÑA,MINISTERIO DE AGRICULTURA,EMCI,29.6,19.8,0.0,https://indomet.gob.do/wp-content/uploads/2026/08/temperaturas-extremas-y-precipitaciones-2026x08x18-a.pdf
2026-08-18,039,JARABACOA,LA VEGA,INDRHI / MARENA,EMCI,33.2,15.8,0.0,https://indomet.gob.do/wp-content/uploads/2026/08/temperaturas-extremas-y-precipitaciones-2026x08x18-a.pdf
2026-08-18,040,JIMANÍ,INDEPENDENCIA,MINISTERIO DE AGRICULTURA,EMCI,38.5,26.0,0.0,https://indomet.gob.do/wp-content/uploads/2026/08/temperaturas-extremas-y-precipitaciones-2026x08x18-a.pdf
2026-08-18,041,LA VEGA,LA VEGA,IATESA,EMCI,35.0,23.0,0.0,https://indomet.gob.do/wp-content/uploads/2026/08/temperaturas-extremas-y-precipitaciones-2026x08x18-a.pdf
2026-08-18,042,LA VICTORIA,SANTO DOMINGO,CUERPO DE BOMBEROS,EMCI,36.0,24.0,0.0,https://indomet.gob.do/wp-content/uploads/2026/08/temperaturas-extremas-y-precipitaciones-2026x08x18-a.pdf
2026-08-18,043,LOS JENGIBRES,NAGUA,INDRHI,EMCI,,,0.0,https://indomet.gob.do/wp-content/uploads/2026/08/temperaturas-extremas-y-precipitaciones-2026x08x18-a.pdf
2026-08-18,044,MONTE CRISTI,MONTE CRISTI,INDOMET,EMCI,34.8,25.0,0.0,https://indomet.gob.do/wp-content/uploads/2026/08/temperaturas-extremas-y-precipitaciones-2026x08x18-a.pdf
2026-08-18,045,OLIVARES,PEDERNALES,INDRHI,EMCI,,,0.0,https://indomet.gob.do/wp-content/uploads/2026/08/temperaturas-extremas-y-precipitaciones-2026x08x18-a.pdf
2026-08-18,046,OVIEDO,PEDERNALES,CLÍNICA RURAL OVIEDO,EMCI,34.5,25.5,0.0,https://indomet.gob.do/wp-content/uploads/2026/08/temperaturas-extremas-y-precipitaciones-2026x08x18-a.pdf
2026-08-18,047,PADRE LAS CASAS,AZUA,HOSP. NTRA. SRA. DEL CARMEN,EMCI,34.5,20.0,0.0,https://indomet.gob.do/wp-content/uploads/2026/08/temperaturas-extremas-y-precipitaciones-2026x08x18-a.pdf
2026-08-18,048,PALO ÍNDIO,PUERTO PLATA,MINISTERIO DE AGRICULTURA,EMCI,,,0.0,https://indomet.gob.do/wp-content/uploads/2026/08/temperaturas-extremas-y-precipitaciones-2026x08x18-a.pdf
2026-08-18,049,PASO AL MEDIO,SAN PEDRO DE MACORÍS,INDRHI,EMCI,,,0.0,https://indomet.gob.do/wp-content/uploads/2026/08/temperaturas-extremas-y-precipitaciones-2026x08x18-a.pdf
2026-08-18,050,PEDERNALES,PEDERNALES,INDRHI,EMCI,,,0.0,https://indomet.gob.do/wp-content/uploads/2026/08/temperaturas-extremas-y-precipitaciones-2026x08x18-a.pdf
2026-08-18,051,PERALTA,AZUA,HOSP. MPAL. DE PERALTA,EMCI,33.0,19.0,0.0,https://indomet.gob.do/wp-content/uploads/2026/08/temperaturas-extremas-y-precipitaciones-2026x08x18-a.pdf
2026-08-18,052,POLO,BARAHONA,INDOCAFE,EMCI,32.0,20.2,0.0,https://indomet.gob.do/wp-content/uploads/2026/08/temperaturas-extremas-y-precipitaciones-2026x08x18-a.pdf
2026-08-18,053,RANCHO ARRIBA,SAN JOSÉ DE OCOA,CENTRO TECNOLÓGICO COMUNITARIO,EMCI,32.8,16.9,0.0,https://indomet.gob.do/wp-content/uploads/2026/08/temperaturas-extremas-y-precipitaciones-2026x08x18-a.pdf
2026-08-18,054,RESTAURACIÓN,DAJABÓN,MINISTERIO DE AGRICULTURA,EMCI,34.4,19.0,0.0,https://indomet.gob.do/wp-content/uploads/2026/08/temperaturas-extremas-y-precipitaciones-2026x08x18-a.pdf
2026-08-18,055,SABANA DE LA MAR,HATO MAYOR,INDOMET,EMCI,33.4,23.0,0.0,https://indomet.gob.do/wp-content/uploads/2026/08/temperaturas-extremas-y-precipitaciones-2026x08x18-a.pdf
2026-08-18,056,SALCEDO,HERMANAS MIRABAL,PROPIEDAD DEL EMPLEADO,EMCI,,,0.0,https://indomet.gob.do/wp-content/uploads/2026/08/temperaturas-extremas-y-precipitaciones-2026x08x18-a.pdf
2026-08-18,057,SAMANÁ,SAMANÁ,COMANDANCIA DE PUERTO DE SAMANÁ,EMCI,34.4,17.3,0.0,https://indomet.gob.do/wp-content/uploads/2026/08/temperaturas-extremas-y-precipitaciones-2026x08x18-a.pdf
2026-08-18,058,SAN CRISTÓBAL,SAN CRISTÓBAL,INSTITUTO POLITÉCNICO LOYOLA,EMCI,36.5,22.5,0.0,https://indomet.gob.do/wp-content/uploads/2026/08/temperaturas-extremas-y-precipitaciones-2026x08x18-a.pdf
2026-08-18,059,SAN FRANCISCO DE MACORÍS,DUARTE,San Francisco de Macorís (UASD),EMCI,35.8,23.1,0.0,https://indomet.gob.do/wp-content/uploads/2026/08/temperaturas-extremas-y-precipitaciones-2026x08x18-a.pdf
2026-08-18,060,SAN JOSÉ DE OCOA,SAN JOSÉ DE OCOA,HOSP. SAN JOSÉ DE OCOA,EMCI,35.9,22.5,0.0,https://indomet.gob.do/wp-content/uploads/2026/08/temperaturas-extremas-y-precipitaciones-2026x08x18-a.pdf
2026-08-18,061,SAN RAFAEL DEL YUMA,LA ALTAGRACIA,MINISTERIO DE AGRICULTURA,EMCI,34.5,25.5,0.0,https://indomet.gob.do/wp-content/uploads/2026/08/temperaturas-extremas-y-precipitaciones-2026x08x18-a.pdf
2026-08-18,062,SÁNCHEZ,SAMANÁ,MINISTERIO DE AGRICULTURA,EMCI,33.3,22.4,0.0,https://indomet.gob.do/wp-content/uploads/2026/08/temperaturas-extremas-y-precipitaciones-2026x08x18-a.pdf
2026-08-18,063,SANTIAGO (CENTRO),SANTIAGO,HUACALITO,EMCI,,,0.0,https://indomet.gob.do/wp-content/uploads/2026/08/temperaturas-extremas-y-precipitaciones-2026x08x18-a.pdf
2026-08-18,064,SANTIAGO RODRÍGUEZ,SANTIAGO RODRÍGUEZ,INDOMET,EMCI,39.6,23.7,0.0,https://indomet.gob.do/wp-content/uploads/2026/08/temperaturas-extremas-y-precipitaciones-2026x08x18-a.pdf
2026-08-18,065,SANTO DOMINGO ESTE,SANTO DOMINGO,INDOMET,EMCI,34.0,25.3,0.0,https://indomet.gob.do/wp-content/uploads/2026/08/temperaturas-extremas-y-precipitaciones-2026x08x18-a.pdf
2026-08-18,066,TÁBARA ABAJO,AZUA,INDRHI,EMCI,34.0,23.0,0.0,https://indomet.gob.do/wp-content/uploads/2026/08/temperaturas-extremas-y-precipitaciones-2026x08x18-a.pdf
2026-08-18,067,TAVERA,SANTIAGO,INDRHI,EMCI,,,0.0,https://indomet.gob.do/wp-content/uploads/2026/08/temperaturas-extremas-y-precipitaciones-2026x08x18-a.pdf
2026-08-18,068,VILLA ALTAGRACIA,SAN CRISTÓBAL,ESCUELA JAVIER ANGULO GURIDI,EMCI,,,0.0,https://indomet.gob.do/wp-content/uploads/2026/08/temperaturas-extremas-y-precipitaciones-2026x08x18-a.pdf
2026-08-18,069,VILLA GONZALES,SANTIAGO,MINISTERIO DE AGRICULTURA,EMCI,,,0.0,https://indomet.gob.do/wp-content/uploads/2026/08/temperaturas-extremas-y-precipitaciones-2026x08x18-a.pdf
2026-08-18,070,VILLA RIVA,DUARTE,HOSP. MPAL. ALICIA DE LEGENDRE,EMCI,34.0,24.0,0.0,https://indomet.gob.do/wp-content/uploads/2026/08/temperaturas-extremas-y-precipitaciones-2026x08x18-a.pdf
2026-08-18,071,CABRAL,BARAHONA,MINISTERIO DE AGRICULTURA,EMCV,35.5,24.6,0.0,https://indomet.gob.do/wp-content/uploads/2026/08/temperaturas-extremas-y-precipitaciones-2026x08x18-a.pdf
2026-08-18,072,COTUÍ,SÁNCHEZ RAMÍREZ,HOSP. INMACULADA CONCEPCIÓN,EMCV,,,0.0,https://indomet.gob.do/wp-content/uploads/2026/08/temperaturas-extremas-y-precipitaciones-2026x08x18-a.pdf
2026-08-18,073,EL SEIBO,EL SEIBO,MINISTERIO DE AGRICULTURA,EMCV,,,0.0,https://indomet.gob.do/wp-content/uploads/2026/08/temperaturas-extremas-y-precipitaciones-2026x08x18-a.pdf
2026-08-18,074,ENRIQUILLO,BARAHONA,MINISTERIO DE AGRICULTURA,EMCV,34.5,24.5,0.0,https://indomet.gob.do/wp-content/uploads/2026/08/temperaturas-extremas-y-precipitaciones-2026x08x18-a.pdf
2026-08-18,075,ESCONDIDO,PERAVIA,MINISTERIO DE AGRICULTURA,EMCV,35.0,25.0,0.0,https://indomet.gob.do/wp-content/uploads/2026/08/temperaturas-extremas-y-precipitaciones-2026x08x18-a.pdf
2026-08-18,076,GURABO,SANTIAGO,MINISTERIO DE AGRICULTURA,EMCV,,,0.0,https://indomet.gob.do/wp-content/uploads/2026/08/temperaturas-extremas-y-precipitaciones-2026x08x18-a.pdf
2026-08-18,077,HATO MAYOR,HATO MAYOR,MINISTERIO DE AGRICULTURA,EMCV,,,0.0,https://indomet.gob.do/wp-content/uploads/2026/08/temperaturas-extremas-y-precipitaciones-2026x08x18-a.pdf
2026-08-18,078,JARDÍN BOTÁNICO NACIONAL,DISTRITO NACIONAL,JARDÍN BOTÁNICO NACIONAL,EMCV,34.6,23.4,0.0,https://indomet.gob.do/wp-content/uploads/2026/08/temperaturas-extremas-y-precipitaciones-2026x08x18-a.pdf
2026-08-18,079,JUMA BEJUCAL,MONSEÑOR NOUEL,IDIAF,EMCV,34.8,23.6,0.0,https://indomet.gob.do/wp-content/uploads/2026/08/temperaturas-extremas-y-precipitaciones-2026x08x18-a.pdf
2026-08-18,080,LAS MATAS DE FARFÁN,SAN JUAN,MINISTERIO DE AGRICULTURA,EMCV,,,0.0,https://indomet.gob.do/wp-content/uploads/2026/08/temperaturas-extremas-y-precipitaciones-2026x08x18-a.pdf
2026-08-18,081,MAO,VALVERDE,INDRHI / MINISTERIO DE AGRICULTURA,EMCV,,,0.0,https://indomet.gob.do/wp-content/uploads/2026/08/temperaturas-extremas-y-precipitaciones-2026x08x18-a.pdf
2026-08-18,082,NAVARRETE,SANTIAGO,MINISTERIO DE AGRICULTURA,EMCV,,,0.0,https://indomet.gob.do/wp-content/uploads/2026/08/temperaturas-extremas-y-precipitaciones-2026x08x18-a.pdf
2026-08-18,083,PARQUE MIRADOR SUR,DISTRITO NACIONAL,AYUNTAMIENTO,EMCV,34.3,23.2,0.0,https://indomet.gob.do/wp-content/uploads/2026/08/temperaturas-extremas-y-precipitaciones-2026x08x18-a.pdf
2026-08-18,084,RÍO SAN JUAN,MARÍA TRINIDAD SÁNCHEZ,HOSP. MPAL. DR. DESIDERIO ACOSTA,EMCV,35.2,23.9,0.0,https://indomet.gob.do/wp-content/uploads/2026/08/temperaturas-extremas-y-precipitaciones-2026x08x18-a.pdf
2026-08-18,085,SABANA GRANDE DE BOYÁ,MONTE PLATA,MINISTERIO DE AGRICULTURA,EMCV,,,0.0,https://indomet.gob.do/wp-content/uploads/2026/08/temperaturas-extremas-y-precipitaciones-2026x08x18-a.pdf
2026-08-18,086,TAMBORIL,SANTIAGO,MINISTERIO DE AGRICULTURA,EMCV,,,0.0,https://indomet.gob.do/wp-content/uploads/2026/08/temperaturas-extremas-y-precipitaciones-2026x08x18-a.pdf
2026-08-19,001,ANAMUYA (INDHRI),LA ALTAGRACIA,MINISTERIO DE AGRICULTURA,EMCV,,,75.6,https://indomet.gob.do/wp-content/uploads/2026/08/temperaturas-extremas-y-precipitaciones-2026x08x19-a.pdf
2026-08-19,002,ARPT. DE LA ROMANA,LA ROMANA,INDOMET,EMCI,32.5,22.0,47.1,https://indomet.gob.do/wp-content/uploads/2026/08/temperaturas-extremas-y-precipitaciones-2026x08x19-a.pdf
2026-08-19,003,ANAMUYA (EMA),LA ALTAGRACIA,MINISTERIO DE AGRICULTURA,EMAP,33.2,23.5,40.0,https://indomet.gob.do/wp-content/uploads/2026/08/temperaturas-extremas-y-precipitaciones-2026x08x19-a.pdf
2026-08-19,004,BAYAGUANA,MONTE PLATA,INDOMET,EMCI,34.0,22.0,35.2,https://indomet.gob.do/wp-content/uploads/2026/08/temperaturas-extremas-y-precipitaciones-2026x08x19-a.pdf
2026-08-19,005,SAN RAFAEL DEL YUMA,LA ALTAGRACIA,MINISTERIO DE AGRICULTURA,EMCI,35.8,23.5,14.1,https://indomet.gob.do/wp-content/uploads/2026/08/temperaturas-extremas-y-precipitaciones-2026x08x19-a.pdf
2026-08-19,006,HATO MAYOR,HATO MAYOR,MINISTERIO DE AGRICULTURA,EMCV,,,13.7,https://indomet.gob.do/wp-content/uploads/2026/08/temperaturas-extremas-y-precipitaciones-2026x08x19-a.pdf
2026-08-19,007,ELÍAS PIÑA,ELÍAS PIÑA,MINISTERIO DE AGRICULTURA,EMCV,,,12.0,https://indomet.gob.do/wp-content/uploads/2026/08/temperaturas-extremas-y-precipitaciones-2026x08x19-a.pdf
2026-08-19,008,VILLA ALTAGRACIA,SAN CRISTÓBAL,ESCUELA JAVIER ANGULO GURIDI,EMCI,,,10.2,https://indomet.gob.do/wp-content/uploads/2026/08/temperaturas-extremas-y-precipitaciones-2026x08x19-a.pdf
2026-08-19,009,SABANA GRANDE DE BOYÁ,MONTE PLATA,MINISTERIO DE AGRICULTURA,EMCV,,,8.9,https://indomet.gob.do/wp-content/uploads/2026/08/temperaturas-extremas-y-precipitaciones-2026x08x19-a.pdf
2026-08-19,010,HONDO VALLE,ELÍAS PIÑA,MINISTERIO DE AGRICULTURA,EMCI,29.2,19.5,6.9,https://indomet.gob.do/wp-content/uploads/2026/08/temperaturas-extremas-y-precipitaciones-2026x08x19-a.pdf
2026-08-19,011,ARPT. DE PUNTA CANA,LA ALTAGRACIA,INDOMET,EMCI,32.6,22.2,6.7,https://indomet.gob.do/wp-content/uploads/2026/08/temperaturas-extremas-y-precipitaciones-2026x08x19-a.pdf
2026-08-19,012,PERALTA,AZUA,HOSP. MPAL. DE PERALTA,EMCI,34.1,19.4,6.6,https://indomet.gob.do/wp-content/uploads/2026/08/temperaturas-extremas-y-precipitaciones-2026x08x19-a.pdf
2026-08-19,013,PASO AL MEDIO,SAN PEDRO DE MACORÍS,INDRHI,EMCI,,,6.5,https://indomet.gob.do/wp-content/uploads/2026/08/temperaturas-extremas-y-precipitaciones-2026x08x19-a.pdf
2026-08-19,014,VILLA RIVA,DUARTE,HOSP. MPAL. ALICIA DE LEGENDRE,EMCI,33.0,22.7,4.5,https://indomet.gob.do/wp-content/uploads/2026/08/temperaturas-extremas-y-precipitaciones-2026x08x19-a.pdf
2026-08-19,015,SANTIAGO RODRÍGUEZ,SANTIAGO RODRÍGUEZ,INDOMET,EMCI,38.5,23.8,2.3,https://indomet.gob.do/wp-content/uploads/2026/08/temperaturas-extremas-y-precipitaciones-2026x08x19-a.pdf
2026-08-19,016,SABANETA (EMA),SANTIAGO RODRÍGUEZ,PROGRAMA MUNDIAL DE ALIMENTO,EMAP,37.6,22.7,2.0,https://indomet.gob.do/wp-content/uploads/2026/08/temperaturas-extremas-y-precipitaciones-2026x08x19-a.pdf
2026-08-19,017,ARPT. EL CATEY,SAMANÁ,INDOMET,EMCI,33.0,21.5,1.3,https://indomet.gob.do/wp-content/uploads/2026/08/temperaturas-extremas-y-precipitaciones-2026x08x19-a.pdf
2026-08-19,018,LA VICTORIA,SANTO DOMINGO,CUERPO DE BOMBEROS,EMCI,35.0,23.5,0.5,https://indomet.gob.do/wp-content/uploads/2026/08/temperaturas-extremas-y-precipitaciones-2026x08x19-a.pdf
2026-08-19,019,PALO DE VIENTO (EMA),SAN JUAN,MINISTERIO DE AGRICULTURA,EMAP,30.4,15.4,0.4,https://indomet.gob.do/wp-content/uploads/2026/08/temperaturas-extremas-y-precipitaciones-2026x08x19-a.pdf
2026-08-19,020,SAJOMA (EMA),SANTIAGO,PLAN SIERRA,EMAI,35.1,25.8,0.4,https://indomet.gob.do/wp-content/uploads/2026/08/temperaturas-extremas-y-precipitaciones-2026x08x19-a.pdf
2026-08-19,021,JARDÍN BOTÁNICO SANTIAGO (EMSANTIAGO,,JARDIN BOTANICO SANTIAGO,EMAI,37.0,27.7,0.2,https://indomet.gob.do/wp-content/uploads/2026/08/temperaturas-extremas-y-precipitaciones-2026x08x19-a.pdf
2026-08-19,022,ARPT. DE LAS AMÉRICAS,SANTO DOMINGO,INDOMET,EMCI,32.8,23.0,0.1,https://indomet.gob.do/wp-content/uploads/2026/08/temperaturas-extremas-y-precipitaciones-2026x08x19-a.pdf
2026-08-19,023,ARROYO LORO,SAN JUAN,IDIAF,EMCI,36.4,20.5,0.1,https://indomet.gob.do/wp-content/uploads/2026/08/temperaturas-extremas-y-precipitaciones-2026x08x19-a.pdf
2026-08-19,024,POLO,BARAHONA,INDOCAFE,EMCI,30.5,18.5,0.1,https://indomet.gob.do/wp-content/uploads/2026/08/temperaturas-extremas-y-precipitaciones-2026x08x19-a.pdf
2026-08-19,025,ALTAMIRA,PUERTO PLATA,HOSP. MPAL. DE ALTAMIRA,EMCI,36.2,21.2,0.0,https://indomet.gob.do/wp-content/uploads/2026/08/temperaturas-extremas-y-precipitaciones-2026x08x19-a.pdf
2026-08-19,026,ALTO BANDERA (EMA),LA VEGA,INTEC,EMAP,20.1,10.7,0.0,https://indomet.gob.do/wp-content/uploads/2026/08/temperaturas-extremas-y-precipitaciones-2026x08x19-a.pdf
2026-08-19,027,ARPT. ARROYO BARRIL,SAMANÁ,INDOMET,EMCI,32.0,24.5,0.0,https://indomet.gob.do/wp-content/uploads/2026/08/temperaturas-extremas-y-precipitaciones-2026x08x19-a.pdf
2026-08-19,028,ARPT. DEL CIBAO,SANTIAGO,INDOMET,EMCI,36.0,22.2,0.0,https://indomet.gob.do/wp-content/uploads/2026/08/temperaturas-extremas-y-precipitaciones-2026x08x19-a.pdf
2026-08-19,029,ARPT. GREGORIO LUPERÓN,PUERTO PLATA,INDOMET,EMCI,33.0,22.5,0.0,https://indomet.gob.do/wp-content/uploads/2026/08/temperaturas-extremas-y-precipitaciones-2026x08x19-a.pdf
2026-08-19,030,ARPT. LA ISABELA,SANTO DOMINGO,INDOMET,EMCI,36.5,22.8,0.0,https://indomet.gob.do/wp-content/uploads/2026/08/temperaturas-extremas-y-precipitaciones-2026x08x19-a.pdf
2026-08-19,031,ARPT. MARÍA MONTEZ,BARAHONA,INDOMET,EMCI,34.5,25.5,0.0,https://indomet.gob.do/wp-content/uploads/2026/08/temperaturas-extremas-y-precipitaciones-2026x08x19-a.pdf
2026-08-19,032,BANI (EMA),PERAVIA,MINISTERIO DE AGRICULTURA,EMAP,34.6,26.4,0.0,https://indomet.gob.do/wp-content/uploads/2026/08/temperaturas-extremas-y-precipitaciones-2026x08x19-a.pdf
2026-08-19,033,BASE AÉREA DE SAN ISIDRO,SANTO DOMINGO,FUERZA AÉREA DOMINICANA,EMCV,33.6,23.2,0.0,https://indomet.gob.do/wp-content/uploads/2026/08/temperaturas-extremas-y-precipitaciones-2026x08x19-a.pdf
2026-08-19,034,BOCA DE MAO (EMA),VALVERDE,MINISTERIO DE AGRICULTURA,EMAP,38.8,24.1,0.0,https://indomet.gob.do/wp-content/uploads/2026/08/temperaturas-extremas-y-precipitaciones-2026x08x19-a.pdf
2026-08-19,035,BOHECHÍO,SAN JUAN,MINISTERIO DE AGRICULTURA,EMCV,,,0.0,https://indomet.gob.do/wp-content/uploads/2026/08/temperaturas-extremas-y-precipitaciones-2026x08x19-a.pdf
2026-08-19,036,BONAO,MONSEÑOR NOUEL,MINISTERIO DE AGRICULTURA,EMCV,,,0.0,https://indomet.gob.do/wp-content/uploads/2026/08/temperaturas-extremas-y-precipitaciones-2026x08x19-a.pdf
2026-08-19,037,BUCARA (EMA),SANTIAGO,MINISTERIO DE AGRICULTURA,EMAI,,,0.0,https://indomet.gob.do/wp-content/uploads/2026/08/temperaturas-extremas-y-precipitaciones-2026x08x19-a.pdf
2026-08-19,038,CABRAL,BARAHONA,MINISTERIO DE AGRICULTURA,EMCV,36.5,27.0,0.0,https://indomet.gob.do/wp-content/uploads/2026/08/temperaturas-extremas-y-precipitaciones-2026x08x19-a.pdf
2026-08-19,039,CABRERA,MARÍA TRINIDAD SÁNCHEZ,ESCUELA ARÍSTIDES FIALLO CABRAL,EMCI,35.0,27.0,0.0,https://indomet.gob.do/wp-content/uploads/2026/08/temperaturas-extremas-y-precipitaciones-2026x08x19-a.pdf
2026-08-19,040,CENTRO DE LOS HEROES (EMA),DISTRITO NACIONAL,MINISTERIO DE ENERGIA Y MINA,EMAP,34.0,27.6,0.0,https://indomet.gob.do/wp-content/uploads/2026/08/temperaturas-extremas-y-precipitaciones-2026x08x19-a.pdf
2026-08-19,041,CONSTANZA,LA VEGA,MINISTERIO DE AGRICULTURA,EMCI,22.5,14.2,0.0,https://indomet.gob.do/wp-content/uploads/2026/08/temperaturas-extremas-y-precipitaciones-2026x08x19-a.pdf
2026-08-19,042,CONSTANZA (EMA),LA VEGA,PROGRAMA MUNDIAL DE ALIMENTO,EMAP,28.1,15.1,0.0,https://indomet.gob.do/wp-content/uploads/2026/08/temperaturas-extremas-y-precipitaciones-2026x08x19-a.pdf
2026-08-19,043,COTUÍ (EMA),SÁNCHEZ RAMÍREZ,HOSP. INMACULADA CONCEPCIÓN,EMCV,,,0.0,https://indomet.gob.do/wp-content/uploads/2026/08/temperaturas-extremas-y-precipitaciones-2026x08x19-a.pdf
2026-08-19,044,DAJABÓN,DAJABÓN,INSTITUTO POLITÉCNICO LOYOLA,EMCI,36.0,21.8,0.0,https://indomet.gob.do/wp-content/uploads/2026/08/temperaturas-extremas-y-precipitaciones-2026x08x19-a.pdf
2026-08-19,045,EL CERCADO,SAN JUAN,MINISTERIO DE AGRICULTURA,EMCV,,,0.0,https://indomet.gob.do/wp-content/uploads/2026/08/temperaturas-extremas-y-precipitaciones-2026x08x19-a.pdf
2026-08-19,046,EL FACTOR (EMA),MARÍA TRINIDAD SÁNCHEZ,INTEC,EMAP,33.4,23.8,0.0,https://indomet.gob.do/wp-content/uploads/2026/08/temperaturas-extremas-y-precipitaciones-2026x08x19-a.pdf
2026-08-19,047,ENRIQUILLO,BARAHONA,MINISTERIO DE AGRICULTURA,EMCV,35.0,25.0,0.0,https://indomet.gob.do/wp-content/uploads/2026/08/temperaturas-extremas-y-precipitaciones-2026x08x19-a.pdf
2026-08-19,048,ENSANCHE LA FE (EMA),DISTRITO NACIONAL,PRIVADA,EMAP,,,0.0,https://indomet.gob.do/wp-content/uploads/2026/08/temperaturas-extremas-y-precipitaciones-2026x08x19-a.pdf
2026-08-19,049,ESCONDIDO,PERAVIA,MINISTERIO DE AGRICULTURA,EMCV,35.0,26.0,0.0,https://indomet.gob.do/wp-content/uploads/2026/08/temperaturas-extremas-y-precipitaciones-2026x08x19-a.pdf
2026-08-19,050,GASPAR HERNÁNDEZ,ESPAILLAT,PROPIEDAD DEL EMPLEADO,EMCI,,,0.0,https://indomet.gob.do/wp-content/uploads/2026/08/temperaturas-extremas-y-precipitaciones-2026x08x19-a.pdf
2026-08-19,051,GURABO,SANTIAGO,MINISTERIO DE AGRICULTURA,EMCV,,,0.0,https://indomet.gob.do/wp-content/uploads/2026/08/temperaturas-extremas-y-precipitaciones-2026x08x19-a.pdf
2026-08-19,052,JARABACOA,LA VEGA,INDRHI / MARENA,EMCI,34.4,16.6,0.0,https://indomet.gob.do/wp-content/uploads/2026/08/temperaturas-extremas-y-precipitaciones-2026x08x19-a.pdf
2026-08-19,053,JARDÍN BOTÁNICO NACIONAL,DISTRITO NACIONAL,JARDÍN BOTÁNICO NACIONAL,EMCV,34.3,25.0,0.0,https://indomet.gob.do/wp-content/uploads/2026/08/temperaturas-extremas-y-precipitaciones-2026x08x19-a.pdf
2026-08-19,054,JIMANÍ,INDEPENDENCIA,MINISTERIO DE AGRICULTURA,EMCI,38.6,27.0,0.0,https://indomet.gob.do/wp-content/uploads/2026/08/temperaturas-extremas-y-precipitaciones-2026x08x19-a.pdf
2026-08-19,055,JUMA BEJUCAL,MONSEÑOR NOUEL,IDIAF,EMCV,34.6,23.8,0.0,https://indomet.gob.do/wp-content/uploads/2026/08/temperaturas-extremas-y-precipitaciones-2026x08x19-a.pdf
2026-08-19,056,LA AGUSTINA (EMA),DISTRITO NACIONAL,PRIVADA,EMAP,,,0.0,https://indomet.gob.do/wp-content/uploads/2026/08/temperaturas-extremas-y-precipitaciones-2026x08x19-a.pdf
2026-08-19,057,LA VEGA,LA VEGA,IATESA,EMCI,37.5,22.0,0.0,https://indomet.gob.do/wp-content/uploads/2026/08/temperaturas-extremas-y-precipitaciones-2026x08x19-a.pdf
2026-08-19,058,LAS CANAS (EMA),MONTE CRISTI,PROGRAMA MUNDIAL DE ALIMENTO,EMAP,30.4,24.5,0.0,https://indomet.gob.do/wp-content/uploads/2026/08/temperaturas-extremas-y-precipitaciones-2026x08x19-a.pdf
2026-08-19,059,LOS CACICAZGOS (EMA),DISTRITO NACIONAL,PRIVADA,EMAP,,,0.0,https://indomet.gob.do/wp-content/uploads/2026/08/temperaturas-extremas-y-precipitaciones-2026x08x19-a.pdf
2026-08-19,060,LOS COCOS (EMA),BAHORUCO,PRIVADA,EMAP,,,0.0,https://indomet.gob.do/wp-content/uploads/2026/08/temperaturas-extremas-y-precipitaciones-2026x08x19-a.pdf
2026-08-19,061,LOS JENGIBRES,NAGUA,INDRHI,EMCI,,,0.0,https://indomet.gob.do/wp-content/uploads/2026/08/temperaturas-extremas-y-precipitaciones-2026x08x19-a.pdf
2026-08-19,062,LOS LLANOS,SAN PEDRO DE MACORÍS,MINISTERIO DE AGRICULTURA,EMCI,34.5,22.8,0.0,https://indomet.gob.do/wp-content/uploads/2026/08/temperaturas-extremas-y-precipitaciones-2026x08x19-a.pdf
2026-08-19,063,MAO,VALVERDE,INDRHI / MINISTERIO DE AGRICULTURA,EMCV,,,0.0,https://indomet.gob.do/wp-content/uploads/2026/08/temperaturas-extremas-y-precipitaciones-2026x08x19-a.pdf
2026-08-19,064,MOCA,ESPAILLAT,MINISTERIO DE AGRICULTURA,EMCV,,,0.0,https://indomet.gob.do/wp-content/uploads/2026/08/temperaturas-extremas-y-precipitaciones-2026x08x19-a.pdf
2026-08-19,065,MONCIÓN (EMA),SANTIAGO RODRÍGUEZ,PROGRAMA MUNDIAL DE ALIMENTO,EMAP,34.6,20.8,0.0,https://indomet.gob.do/wp-content/uploads/2026/08/temperaturas-extremas-y-precipitaciones-2026x08x19-a.pdf
2026-08-19,066,MONTE CRISTI,MONTE CRISTI,INDOMET,EMCI,34.3,25.2,0.0,https://indomet.gob.do/wp-content/uploads/2026/08/temperaturas-extremas-y-precipitaciones-2026x08x19-a.pdf
2026-08-19,067,NAVARRETE,SANTIAGO,MINISTERIO DE AGRICULTURA,EMCV,,,0.0,https://indomet.gob.do/wp-content/uploads/2026/08/temperaturas-extremas-y-precipitaciones-2026x08x19-a.pdf
2026-08-19,068,OLIVARES,PEDERNALES,INDRHI,EMCI,,,0.0,https://indomet.gob.do/wp-content/uploads/2026/08/temperaturas-extremas-y-precipitaciones-2026x08x19-a.pdf
2026-08-19,069,OVIEDO,PEDERNALES,CLÍNICA RURAL OVIEDO,EMCI,34.8,26.0,0.0,https://indomet.gob.do/wp-content/uploads/2026/08/temperaturas-extremas-y-precipitaciones-2026x08x19-a.pdf
2026-08-19,070,PADRE LAS CASAS,AZUA,HOSP. NTRA. SRA. DEL CARMEN,EMCI,35.5,20.0,0.0,https://indomet.gob.do/wp-content/uploads/2026/08/temperaturas-extremas-y-precipitaciones-2026x08x19-a.pdf
2026-08-19,071,PALO ÍNDIO,PUERTO PLATA,MINISTERIO DE AGRICULTURA,EMCI,,,0.0,https://indomet.gob.do/wp-content/uploads/2026/08/temperaturas-extremas-y-precipitaciones-2026x08x19-a.pdf
2026-08-19,072,PEDERNALES,PEDERNALES,INDRHI,EMCI,,,0.0,https://indomet.gob.do/wp-content/uploads/2026/08/temperaturas-extremas-y-precipitaciones-2026x08x19-a.pdf
2026-08-19,073,PROLONGACION 27 DE FEBRERO,DISTRITO NACIONAL,PRIVADA,EMAP,,,0.0,https://indomet.gob.do/wp-content/uploads/2026/08/temperaturas-extremas-y-precipitaciones-2026x08x19-a.pdf
2026-08-19,074,RANCHO ARRIBA,SAN JOSÉ DE OCOA,CENTRO TECNOLÓGICO COMUNITARIO,EMCI,33.3,18.4,0.0,https://indomet.gob.do/wp-content/uploads/2026/08/temperaturas-extremas-y-precipitaciones-2026x08x19-a.pdf
2026-08-19,075,RÍO SAN JUAN,MARÍA TRINIDAD SÁNCHEZ,HOSP. MPAL. DR. DESIDERIO ACOSTA,EMCV,35.5,25.5,0.0,https://indomet.gob.do/wp-content/uploads/2026/08/temperaturas-extremas-y-precipitaciones-2026x08x19-a.pdf
2026-08-19,076,SABANA DE LA MAR,HATO MAYOR,INDOMET,EMCI,33.0,22.8,0.0,https://indomet.gob.do/wp-content/uploads/2026/08/temperaturas-extremas-y-precipitaciones-2026x08x19-a.pdf
2026-08-19,077,SALCEDO,HERMANAS MIRABAL,PROPIEDAD DEL EMPLEADO,EMCI,,,0.0,https://indomet.gob.do/wp-content/uploads/2026/08/temperaturas-extremas-y-precipitaciones-2026x08x19-a.pdf
2026-08-19,078,SAMANÁ,SAMANÁ,COMANDANCIA DE PUERTO DE SAMANÁ,EMCI,34.5,17.0,0.0,https://indomet.gob.do/wp-content/uploads/2026/08/temperaturas-extremas-y-precipitaciones-2026x08x19-a.pdf
2026-08-19,079,SAN CRISTÓBAL,SAN CRISTÓBAL,INSTITUTO POLITÉCNICO LOYOLA,EMCI,35.2,23.0,0.0,https://indomet.gob.do/wp-content/uploads/2026/08/temperaturas-extremas-y-precipitaciones-2026x08x19-a.pdf
2026-08-19,080,SAN FRANCISCO DE MACORÍS,DUARTE,San Francisco de Macorís (UASD),EMCI,35.6,23.4,0.0,https://indomet.gob.do/wp-content/uploads/2026/08/temperaturas-extremas-y-precipitaciones-2026x08x19-a.pdf
2026-08-19,081,SAN JOSÉ DE OCOA,SAN JOSÉ DE OCOA,HOSP. SAN JOSÉ DE OCOA,EMCI,36.3,25.2,0.0,https://indomet.gob.do/wp-content/uploads/2026/08/temperaturas-extremas-y-precipitaciones-2026x08x19-a.pdf
2026-08-19,082,SÁNCHEZ,SAMANÁ,MINISTERIO DE AGRICULTURA,EMCI,33.7,23.4,0.0,https://indomet.gob.do/wp-content/uploads/2026/08/temperaturas-extremas-y-precipitaciones-2026x08x19-a.pdf
2026-08-19,083,SANTIAGO (CENTRO),SANTIAGO,HUACALITO,EMCI,,,0.0,https://indomet.gob.do/wp-content/uploads/2026/08/temperaturas-extremas-y-precipitaciones-2026x08x19-a.pdf
2026-08-19,084,SANTO DOMINGO ESTE,SANTO DOMINGO,INDOMET,EMCI,33.2,26.5,0.0,https://indomet.gob.do/wp-content/uploads/2026/08/temperaturas-extremas-y-precipitaciones-2026x08x19-a.pdf
2026-08-19,085,TÁBARA ABAJO,AZUA,INDRHI,EMCI,35.5,22.0,0.0,https://indomet.gob.do/wp-content/uploads/2026/08/temperaturas-extremas-y-precipitaciones-2026x08x19-a.pdf
2026-08-19,086,TAMBORIL,SANTIAGO,MINISTERIO DE AGRICULTURA,EMCV,,,0.0,https://indomet.gob.do/wp-content/uploads/2026/08/temperaturas-extremas-y-precipitaciones-2026x08x19-a.pdf
2026-08-19,087,TAVERA,SANTIAGO,INDRHI,EMCI,,,0.0,https://indomet.gob.do/wp-content/uploads/2026/08/temperaturas-extremas-y-precipitaciones-2026x08x19-a.pdf
2026-08-19,088,VILLA GONZALES,SANTIAGO,MINISTERIO DE AGRICULTURA,EMCI,,,0.0,https://indomet.gob.do/wp-content/uploads/2026/08/temperaturas-extremas-y-precipitaciones-2026x08x19-a.pdf
2026-08-19,089,VILLA VASQUEZ (EMA),MONTE CRISTI,JUNTA DE REGANTES,EMAI,,,0.0,https://indomet.gob.do/wp-content/uploads/2026/08/temperaturas-extremas-y-precipitaciones-2026x08x19-a.pdf
2026-08-20,001,DAJABÓN,DAJABÓN,INSTITUTO POLITÉCNICO LOYOLA,EMCI,35.7,20.0,27.2,https://indomet.gob.do/wp-content/uploads/2026/08/temperaturas-extremas-y-precipitaciones-2026x08x20-a.pdf
2026-08-20,002,BONAO,MONSEÑOR NOUEL,MINISTERIO DE AGRICULTURA,EMCV,,,5.6,https://indomet.gob.do/wp-content/uploads/2026/08/temperaturas-extremas-y-precipitaciones-2026x08x20-a.pdf
2026-08-20,003,PALO DE VIENTO (EMA),SAN JUAN,PRIVADA,EMAP,,,3.2,https://indomet.gob.do/wp-content/uploads/2026/08/temperaturas-extremas-y-precipitaciones-2026x08x20-a.pdf
2026-08-20,004,JUMA BEJUCAL,MONSEÑOR NOUEL,IDIAF,EMCV,35.0,22.0,2.3,https://indomet.gob.do/wp-content/uploads/2026/08/temperaturas-extremas-y-precipitaciones-2026x08x20-a.pdf
2026-08-20,005,LA CUCHILLA (EMA),SAN CRISTÓBAL,PRIVADA,EMAP,,,1.6,https://indomet.gob.do/wp-content/uploads/2026/08/temperaturas-extremas-y-precipitaciones-2026x08x20-a.pdf
2026-08-20,006,ARPT. DE LAS AMÉRICAS,SANTO DOMINGO,INDOMET,EMCI,34.0,23.0,1.0,https://indomet.gob.do/wp-content/uploads/2026/08/temperaturas-extremas-y-precipitaciones-2026x08x20-a.pdf
2026-08-20,007,SABANETA (EMA),SANTIAGO RODRÍGUEZ,PROGRAMA MUNDIAL DE ALIMENTO,EMAP,38.8,20.9,0.6,https://indomet.gob.do/wp-content/uploads/2026/08/temperaturas-extremas-y-precipitaciones-2026x08x20-a.pdf
2026-08-20,008,ARROYO LORO,SAN JUAN,IDIAF,EMCI,35.6,17.8,0.1,https://indomet.gob.do/wp-content/uploads/2026/08/temperaturas-extremas-y-precipitaciones-2026x08x20-a.pdf
2026-08-20,009,POLO,BARAHONA,INDOCAFE,EMCI,31.2,19.0,0.1,https://indomet.gob.do/wp-content/uploads/2026/08/temperaturas-extremas-y-precipitaciones-2026x08x20-a.pdf
2026-08-20,010,SANTIAGO RODRÍGUEZ,SANTIAGO RODRÍGUEZ,INDOMET,EMCI,38.3,21.4,0.1,https://indomet.gob.do/wp-content/uploads/2026/08/temperaturas-extremas-y-precipitaciones-2026x08x20-a.pdf
2026-08-20,011,BASE AÉREA DE SAN ISIDRO,SANTO DOMINGO,FUERZA AÉREA DOMINICANA,EMCV,33.0,24.0,0.1,https://indomet.gob.do/wp-content/uploads/2026/08/temperaturas-extremas-y-precipitaciones-2026x08x20-a.pdf
2026-08-20,012,HATO MAYOR,HATO MAYOR,MINISTERIO DE AGRICULTURA,EMCV,,,0.1,https://indomet.gob.do/wp-content/uploads/2026/08/temperaturas-extremas-y-precipitaciones-2026x08x20-a.pdf
2026-08-20,013,BUCARA (EMA),SANTIAGO,MINISTERIO DE AGRICULTURA,EMAI,,,0.0,https://indomet.gob.do/wp-content/uploads/2026/08/temperaturas-extremas-y-precipitaciones-2026x08x20-a.pdf
2026-08-20,014,JANICO (EMA),LA VEGA,PLAN SIERRA,EMAI,,,0.0,https://indomet.gob.do/wp-content/uploads/2026/08/temperaturas-extremas-y-precipitaciones-2026x08x20-a.pdf
2026-08-20,015,JARDÍN BOTÁNICO SANTIAGO (EMSANTIAGO,,JARDIN BOTANICO SANTIAGO,EMAI,,,0.0,https://indomet.gob.do/wp-content/uploads/2026/08/temperaturas-extremas-y-precipitaciones-2026x08x20-a.pdf
2026-08-20,016,VILLA VASQUEZ (EMA),MONTE CRISTI,JUNTA DE REGANTES,EMAI,,,0.0,https://indomet.gob.do/wp-content/uploads/2026/08/temperaturas-extremas-y-precipitaciones-2026x08x20-a.pdf
2026-08-20,017,ALTO BANDERA (EMA),LA VEGA,INTEC,EMAP,19.0,9.6,0.0,https://indomet.gob.do/wp-content/uploads/2026/08/temperaturas-extremas-y-precipitaciones-2026x08x20-a.pdf
2026-08-20,018,ANAMUYA (EMA),LA ALTAGRACIA,MINISTERIO DE AGRICULTURA,EMAP,33.8,25.2,0.0,https://indomet.gob.do/wp-content/uploads/2026/08/temperaturas-extremas-y-precipitaciones-2026x08x20-a.pdf
2026-08-20,019,BANI (EMA),PERAVIA,MINISTERIO DE AGRICULTURA,EMAP,33.4,26.9,0.0,https://indomet.gob.do/wp-content/uploads/2026/08/temperaturas-extremas-y-precipitaciones-2026x08x20-a.pdf
2026-08-20,020,BOCA DE MAO (EMA),VALVERDE,MINISTERIO DE AGRICULTURA,EMAP,38.7,25.1,0.0,https://indomet.gob.do/wp-content/uploads/2026/08/temperaturas-extremas-y-precipitaciones-2026x08x20-a.pdf
2026-08-20,021,CENTRO DE LOS HEROES (EMA),DISTRITO NACIONAL,MINISTERIO DE ENERGIA Y MINA,EMAP,33.6,27.3,0.0,https://indomet.gob.do/wp-content/uploads/2026/08/temperaturas-extremas-y-precipitaciones-2026x08x20-a.pdf
2026-08-20,022,CONSTANZA (EMA),LA VEGA,PROGRAMA MUNDIAL DE ALIMENTO,EMAP,28.2,11.9,0.0,https://indomet.gob.do/wp-content/uploads/2026/08/temperaturas-extremas-y-precipitaciones-2026x08x20-a.pdf
2026-08-20,023,EL FACTOR (EMA),MARÍA TRINIDAD SÁNCHEZ,INTEC,EMAP,34.1,23.9,0.0,https://indomet.gob.do/wp-content/uploads/2026/08/temperaturas-extremas-y-precipitaciones-2026x08x20-a.pdf
2026-08-20,024,EL MILLON (EMA),DISTRITO NACIONAL,PRIVADA,EMAP,,,0.0,https://indomet.gob.do/wp-content/uploads/2026/08/temperaturas-extremas-y-precipitaciones-2026x08x20-a.pdf
2026-08-20,025,LA AGUSTINA (EMA),DISTRITO NACIONAL,PRIVADA,EMAP,,,0.0,https://indomet.gob.do/wp-content/uploads/2026/08/temperaturas-extremas-y-precipitaciones-2026x08x20-a.pdf
2026-08-20,026,LAS CANAS (EMA),MONTE CRISTI,PROGRAMA MUNDIAL DE ALIMENTO,EMAP,32.5,25.1,0.0,https://indomet.gob.do/wp-content/uploads/2026/08/temperaturas-extremas-y-precipitaciones-2026x08x20-a.pdf
2026-08-20,027,LOS CACICAZGOS (EMA),DISTRITO NACIONAL,PRIVADA,EMAP,,,0.0,https://indomet.gob.do/wp-content/uploads/2026/08/temperaturas-extremas-y-precipitaciones-2026x08x20-a.pdf
2026-08-20,028,LOS COCOS (EMA),BAHORUCO,PRIVADA,EMAP,,,0.0,https://indomet.gob.do/wp-content/uploads/2026/08/temperaturas-extremas-y-precipitaciones-2026x08x20-a.pdf
2026-08-20,029,LOS JARDINES (EMA),DISTRITO NACIONAL,PRIVADA,EMAP,,,0.0,https://indomet.gob.do/wp-content/uploads/2026/08/temperaturas-extremas-y-precipitaciones-2026x08x20-a.pdf
2026-08-20,030,LOS PRADOS (EMA),DISTRITO NACIONAL,PRIVADA,EMAP,,,0.0,https://indomet.gob.do/wp-content/uploads/2026/08/temperaturas-extremas-y-precipitaciones-2026x08x20-a.pdf
2026-08-20,031,MONCIÓN (EMA),SANTIAGO RODRÍGUEZ,PROGRAMA MUNDIAL DE ALIMENTO,EMAP,34.9,17.9,0.0,https://indomet.gob.do/wp-content/uploads/2026/08/temperaturas-extremas-y-precipitaciones-2026x08x20-a.pdf
2026-08-20,032,PRESA DE TAVERAS (EMA),LA VEGA,PROGRAMA MUNDIAL DE ALIMENTO,EMAP,34.3,22.5,0.0,https://indomet.gob.do/wp-content/uploads/2026/08/temperaturas-extremas-y-precipitaciones-2026x08x20-a.pdf
2026-08-20,033,PROLONGACION 27 DE FEBRERO,DISTRITO NACIONAL,PRIVADA,EMAP,,,0.0,https://indomet.gob.do/wp-content/uploads/2026/08/temperaturas-extremas-y-precipitaciones-2026x08x20-a.pdf
2026-08-20,034,ALTAMIRA,PUERTO PLATA,HOSP. MPAL. DE ALTAMIRA,EMCI,38.0,21.1,0.0,https://indomet.gob.do/wp-content/uploads/2026/08/temperaturas-extremas-y-precipitaciones-2026x08x20-a.pdf
2026-08-20,035,ARPT. ARROYO BARRIL,SAMANÁ,INDOMET,EMCI,32.5,24.0,0.0,https://indomet.gob.do/wp-content/uploads/2026/08/temperaturas-extremas-y-precipitaciones-2026x08x20-a.pdf
2026-08-20,036,ARPT. DE LA ROMANA,LA ROMANA,INDOMET,EMCI,35.5,21.6,0.0,https://indomet.gob.do/wp-content/uploads/2026/08/temperaturas-extremas-y-precipitaciones-2026x08x20-a.pdf
2026-08-20,037,ARPT. DE PUNTA CANA,LA ALTAGRACIA,INDOMET,EMCI,32.2,21.8,0.0,https://indomet.gob.do/wp-content/uploads/2026/08/temperaturas-extremas-y-precipitaciones-2026x08x20-a.pdf
2026-08-20,038,ARPT. DEL CIBAO,SANTIAGO,INDOMET,EMCI,36.2,23.0,0.0,https://indomet.gob.do/wp-content/uploads/2026/08/temperaturas-extremas-y-precipitaciones-2026x08x20-a.pdf
2026-08-20,039,ARPT. EL CATEY,SAMANÁ,INDOMET,EMCI,34.5,21.0,0.0,https://indomet.gob.do/wp-content/uploads/2026/08/temperaturas-extremas-y-precipitaciones-2026x08x20-a.pdf
2026-08-20,040,ARPT. GREGORIO LUPERÓN,PUERTO PLATA,INDOMET,EMCI,33.2,23.7,0.0,https://indomet.gob.do/wp-content/uploads/2026/08/temperaturas-extremas-y-precipitaciones-2026x08x20-a.pdf
2026-08-20,041,ARPT. LA ISABELA,SANTO DOMINGO,INDOMET,EMCI,35.7,22.6,0.0,https://indomet.gob.do/wp-content/uploads/2026/08/temperaturas-extremas-y-precipitaciones-2026x08x20-a.pdf
2026-08-20,042,ARPT. MARÍA MONTEZ,BARAHONA,INDOMET,EMCI,34.3,28.3,0.0,https://indomet.gob.do/wp-content/uploads/2026/08/temperaturas-extremas-y-precipitaciones-2026x08x20-a.pdf
2026-08-20,043,BAYAGUANA,MONTE PLATA,INDOMET,EMCI,35.2,22.6,0.0,https://indomet.gob.do/wp-content/uploads/2026/08/temperaturas-extremas-y-precipitaciones-2026x08x20-a.pdf
2026-08-20,044,CABRERA,MARÍA TRINIDAD SÁNCHEZ,ESCUELA ARÍSTIDES FIALLO CABRAL,EMCI,34.5,28.0,0.0,https://indomet.gob.do/wp-content/uploads/2026/08/temperaturas-extremas-y-precipitaciones-2026x08x20-a.pdf
2026-08-20,045,CONSTANZA,LA VEGA,MINISTERIO DE AGRICULTURA,EMCI,29.4,11.0,0.0,https://indomet.gob.do/wp-content/uploads/2026/08/temperaturas-extremas-y-precipitaciones-2026x08x20-a.pdf
2026-08-20,046,GASPAR HERNÁNDEZ,ESPAILLAT,PROPIEDAD DEL EMPLEADO,EMCI,,,0.0,https://indomet.gob.do/wp-content/uploads/2026/08/temperaturas-extremas-y-precipitaciones-2026x08x20-a.pdf
2026-08-20,047,HONDO VALLE,ELÍAS PIÑA,MINISTERIO DE AGRICULTURA,EMCI,29.9,20.3,0.0,https://indomet.gob.do/wp-content/uploads/2026/08/temperaturas-extremas-y-precipitaciones-2026x08x20-a.pdf
2026-08-20,048,JARABACOA,LA VEGA,INDRHI / MARENA,EMCI,34.0,16.4,0.0,https://indomet.gob.do/wp-content/uploads/2026/08/temperaturas-extremas-y-precipitaciones-2026x08x20-a.pdf
2026-08-20,049,JIMANÍ,INDEPENDENCIA,MINISTERIO DE AGRICULTURA,EMCI,37.5,27.5,0.0,https://indomet.gob.do/wp-content/uploads/2026/08/temperaturas-extremas-y-precipitaciones-2026x08x20-a.pdf
2026-08-20,050,LA VEGA,LA VEGA,IATESA,EMCI,37.0,23.5,0.0,https://indomet.gob.do/wp-content/uploads/2026/08/temperaturas-extremas-y-precipitaciones-2026x08x20-a.pdf
2026-08-20,051,LA VICTORIA,SANTO DOMINGO,CUERPO DE BOMBEROS,EMCI,35.5,24.5,0.0,https://indomet.gob.do/wp-content/uploads/2026/08/temperaturas-extremas-y-precipitaciones-2026x08x20-a.pdf
2026-08-20,052,LOS JENGIBRES,NAGUA,INDRHI,EMCI,,,0.0,https://indomet.gob.do/wp-content/uploads/2026/08/temperaturas-extremas-y-precipitaciones-2026x08x20-a.pdf
2026-08-20,053,LOS LLANOS,SAN PEDRO DE MACORÍS,MINISTERIO DE AGRICULTURA,EMCI,35.5,23.8,0.0,https://indomet.gob.do/wp-content/uploads/2026/08/temperaturas-extremas-y-precipitaciones-2026x08x20-a.pdf
2026-08-20,054,MONTE CRISTI,MONTE CRISTI,INDOMET,EMCI,35.5,25.7,0.0,https://indomet.gob.do/wp-content/uploads/2026/08/temperaturas-extremas-y-precipitaciones-2026x08x20-a.pdf
2026-08-20,055,OVIEDO,PEDERNALES,CLÍNICA RURAL OVIEDO,EMCI,34.4,25.8,0.0,https://indomet.gob.do/wp-content/uploads/2026/08/temperaturas-extremas-y-precipitaciones-2026x08x20-a.pdf
2026-08-20,056,PADRE LAS CASAS,AZUA,HOSP. NTRA. SRA. DEL CARMEN,EMCI,34.0,17.7,0.0,https://indomet.gob.do/wp-content/uploads/2026/08/temperaturas-extremas-y-precipitaciones-2026x08x20-a.pdf
2026-08-20,057,PALO ÍNDIO,PUERTO PLATA,MINISTERIO DE AGRICULTURA,EMCI,,,0.0,https://indomet.gob.do/wp-content/uploads/2026/08/temperaturas-extremas-y-precipitaciones-2026x08x20-a.pdf
2026-08-20,058,PASO AL MEDIO,SAN PEDRO DE MACORÍS,INDRHI,EMCI,,,0.0,https://indomet.gob.do/wp-content/uploads/2026/08/temperaturas-extremas-y-precipitaciones-2026x08x20-a.pdf
2026-08-20,059,PERALTA,AZUA,HOSP. MPAL. DE PERALTA,EMCI,34.0,16.0,0.0,https://indomet.gob.do/wp-content/uploads/2026/08/temperaturas-extremas-y-precipitaciones-2026x08x20-a.pdf
2026-08-20,060,RANCHO ARRIBA,SAN JOSÉ DE OCOA,CENTRO TECNOLÓGICO COMUNITARIO,EMCI,33.7,15.5,0.0,https://indomet.gob.do/wp-content/uploads/2026/08/temperaturas-extremas-y-precipitaciones-2026x08x20-a.pdf
2026-08-20,061,RESTAURACIÓN,DAJABÓN,MINISTERIO DE AGRICULTURA,EMCI,34.3,19.9,0.0,https://indomet.gob.do/wp-content/uploads/2026/08/temperaturas-extremas-y-precipitaciones-2026x08x20-a.pdf
2026-08-20,062,SABANA DE LA MAR,HATO MAYOR,INDOMET,EMCI,33.2,23.0,0.0,https://indomet.gob.do/wp-content/uploads/2026/08/temperaturas-extremas-y-precipitaciones-2026x08x20-a.pdf
2026-08-20,063,SALCEDO,HERMANAS MIRABAL,PROPIEDAD DEL EMPLEADO,EMCI,,,0.0,https://indomet.gob.do/wp-content/uploads/2026/08/temperaturas-extremas-y-precipitaciones-2026x08x20-a.pdf
2026-08-20,064,SAMANÁ,SAMANÁ,COMANDANCIA DE PUERTO DE SAMANÁ,EMCI,33.8,18.9,0.0,https://indomet.gob.do/wp-content/uploads/2026/08/temperaturas-extremas-y-precipitaciones-2026x08x20-a.pdf
2026-08-20,065,SAN CRISTÓBAL,SAN CRISTÓBAL,INSTITUTO POLITÉCNICO LOYOLA,EMCI,35.4,22.2,0.0,https://indomet.gob.do/wp-content/uploads/2026/08/temperaturas-extremas-y-precipitaciones-2026x08x20-a.pdf
2026-08-20,066,SAN FRANCISCO DE MACORÍS,DUARTE,San Francisco de Macorís (UASD),EMCI,35.8,23.1,0.0,https://indomet.gob.do/wp-content/uploads/2026/08/temperaturas-extremas-y-precipitaciones-2026x08x20-a.pdf
2026-08-20,067,SAN JOSÉ DE OCOA,SAN JOSÉ DE OCOA,HOSP. SAN JOSÉ DE OCOA,EMCI,35.1,22.6,0.0,https://indomet.gob.do/wp-content/uploads/2026/08/temperaturas-extremas-y-precipitaciones-2026x08x20-a.pdf
2026-08-20,068,SAN RAFAEL DEL YUMA,LA ALTAGRACIA,MINISTERIO DE AGRICULTURA,EMCI,34.9,23.9,0.0,https://indomet.gob.do/wp-content/uploads/2026/08/temperaturas-extremas-y-precipitaciones-2026x08x20-a.pdf
2026-08-20,069,SÁNCHEZ,SAMANÁ,MINISTERIO DE AGRICULTURA,EMCI,34.3,24.3,0.0,https://indomet.gob.do/wp-content/uploads/2026/08/temperaturas-extremas-y-precipitaciones-2026x08x20-a.pdf
2026-08-20,070,SANTO DOMINGO ESTE,SANTO DOMINGO,INDOMET,EMCI,33.4,24.0,0.0,https://indomet.gob.do/wp-content/uploads/2026/08/temperaturas-extremas-y-precipitaciones-2026x08x20-a.pdf
2026-08-20,071,TÁBARA ABAJO,AZUA,INDRHI,EMCI,34.5,20.5,0.0,https://indomet.gob.do/wp-content/uploads/2026/08/temperaturas-extremas-y-precipitaciones-2026x08x20-a.pdf
2026-08-20,072,TAVERA,SANTIAGO,INDRHI,EMCI,,,0.0,https://indomet.gob.do/wp-content/uploads/2026/08/temperaturas-extremas-y-precipitaciones-2026x08x20-a.pdf
2026-08-20,073,VILLA ALTAGRACIA,SAN CRISTÓBAL,ESCUELA JAVIER ANGULO GURIDI,EMCI,,,0.0,https://indomet.gob.do/wp-content/uploads/2026/08/temperaturas-extremas-y-precipitaciones-2026x08x20-a.pdf
2026-08-20,074,VILLA GONZALES,SANTIAGO,MINISTERIO DE AGRICULTURA,EMCI,,,0.0,https://indomet.gob.do/wp-content/uploads/2026/08/temperaturas-extremas-y-precipitaciones-2026x08x20-a.pdf
2026-08-20,075,VILLA RIVA,DUARTE,HOSP. MPAL. ALICIA DE LEGENDRE,EMCI,35.0,23.3,0.0,https://indomet.gob.do/wp-content/uploads/2026/08/temperaturas-extremas-y-precipitaciones-2026x08x20-a.pdf
2026-08-20,076,BOHECHÍO,SAN JUAN,MINISTERIO DE AGRICULTURA,EMCV,,,0.0,https://indomet.gob.do/wp-content/uploads/2026/08/temperaturas-extremas-y-precipitaciones-2026x08x20-a.pdf
2026-08-20,077,CABRAL,BARAHONA,MINISTERIO DE AGRICULTURA,EMCV,35.5,23.8,0.0,https://indomet.gob.do/wp-content/uploads/2026/08/temperaturas-extremas-y-precipitaciones-2026x08x20-a.pdf
2026-08-20,078,EL SEIBO,EL SEIBO,MINISTERIO DE AGRICULTURA,EMCV,,,0.0,https://indomet.gob.do/wp-content/uploads/2026/08/temperaturas-extremas-y-precipitaciones-2026x08x20-a.pdf
2026-08-20,079,ENRIQUILLO,BARAHONA,MINISTERIO DE AGRICULTURA,EMCV,34.7,24.5,0.0,https://indomet.gob.do/wp-content/uploads/2026/08/temperaturas-extremas-y-precipitaciones-2026x08x20-a.pdf
2026-08-20,080,ESCONDIDO,PERAVIA,MINISTERIO DE AGRICULTURA,EMCV,33.0,26.0,0.0,https://indomet.gob.do/wp-content/uploads/2026/08/temperaturas-extremas-y-precipitaciones-2026x08x20-a.pdf
2026-08-20,081,GURABO,SANTIAGO,MINISTERIO DE AGRICULTURA,EMCV,,,0.0,https://indomet.gob.do/wp-content/uploads/2026/08/temperaturas-extremas-y-precipitaciones-2026x08x20-a.pdf
2026-08-20,082,JARDÍN BOTÁNICO NACIONAL,DISTRITO NACIONAL,JARDÍN BOTÁNICO NACIONAL,EMCV,34.5,24.1,0.0,https://indomet.gob.do/wp-content/uploads/2026/08/temperaturas-extremas-y-precipitaciones-2026x08x20-a.pdf
2026-08-20,083,LAS MATAS DE FARFÁN,SAN JUAN,MINISTERIO DE AGRICULTURA,EMCV,,,0.0,https://indomet.gob.do/wp-content/uploads/2026/08/temperaturas-extremas-y-precipitaciones-2026x08x20-a.pdf
2026-08-20,084,MAO,VALVERDE,INDRHI / MINISTERIO DE AGRICULTURA,EMCV,,,0.0,https://indomet.gob.do/wp-content/uploads/2026/08/temperaturas-extremas-y-precipitaciones-2026x08x20-a.pdf
2026-08-20,085,RÍO SAN JUAN,MARÍA TRINIDAD SÁNCHEZ,HOSP. MPAL. DR. DESIDERIO ACOSTA,EMCV,35.7,24.9,0.0,https://indomet.gob.do/wp-content/uploads/2026/08/temperaturas-extremas-y-precipitaciones-2026x08x20-a.pdf
2026-08-20,086,SABANA GRANDE DE BOYÁ,MONTE PLATA,MINISTERIO DE AGRICULTURA,EMCV,,,0.0,https://indomet.gob.do/wp-content/uploads/2026/08/temperaturas-extremas-y-precipitaciones-2026x08x20-a.pdf
2026-08-20,087,TAMBORIL,SANTIAGO,MINISTERIO DE AGRICULTURA,EMCV,,,0.0,https://indomet.gob.do/wp-content/uploads/2026/08/temperaturas-extremas-y-precipitaciones-2026x08x20-a.pdf
2026-08-21,001,ARPT. DE LA ROMANA,LA ROMANA,INDOMET,EMCI,35.0,24.0,11.0,https://indomet.gob.do/wp-content/uploads/2026/08/temperaturas-extremas-y-precipitaciones-2026x08x21-a.pdf
2026-08-21,002,ARPT. DE PUNTA CANA,LA ALTAGRACIA,INDOMET,EMCI,32.8,25.0,9.1,https://indomet.gob.do/wp-content/uploads/2026/08/temperaturas-extremas-y-precipitaciones-2026x08x21-a.pdf
2026-08-21,003,SAN RAFAEL DEL YUMA,LA ALTAGRACIA,MINISTERIO DE AGRICULTURA,EMCI,35.7,24.4,4.3,https://indomet.gob.do/wp-content/uploads/2026/08/temperaturas-extremas-y-precipitaciones-2026x08x21-a.pdf
2026-08-21,004,ANAMUYA (EMA),LA ALTAGRACIA,MINISTERIO DE AGRICULTURA,EMAP,33.6,26.1,1.4,https://indomet.gob.do/wp-content/uploads/2026/08/temperaturas-extremas-y-precipitaciones-2026x08x21-a.pdf
2026-08-21,005,SAMANÁ,SAMANÁ,COMANDANCIA DE PUERTO DE SAMANÁ,EMCI,34.0,17.8,1.2,https://indomet.gob.do/wp-content/uploads/2026/08/temperaturas-extremas-y-precipitaciones-2026x08x21-a.pdf
2026-08-21,006,ARPT. ARROYO BARRIL,SAMANÁ,INDOMET,EMCI,33.0,24.5,0.4,https://indomet.gob.do/wp-content/uploads/2026/08/temperaturas-extremas-y-precipitaciones-2026x08x21-a.pdf
2026-08-21,007,ALTAMIRA,PUERTO PLATA,HOSP. MPAL. DE ALTAMIRA,EMCI,36.4,21.5,0.0,https://indomet.gob.do/wp-content/uploads/2026/08/temperaturas-extremas-y-precipitaciones-2026x08x21-a.pdf
2026-08-21,008,ALTO BANDERA (EMA),LA VEGA,INTEC,EMAP,17.9,7.6,0.0,https://indomet.gob.do/wp-content/uploads/2026/08/temperaturas-extremas-y-precipitaciones-2026x08x21-a.pdf
2026-08-21,009,ARPT. DE LAS AMÉRICAS,SANTO DOMINGO,INDOMET,EMCI,33.5,24.3,0.0,https://indomet.gob.do/wp-content/uploads/2026/08/temperaturas-extremas-y-precipitaciones-2026x08x21-a.pdf
2026-08-21,010,ARPT. DEL CIBAO,SANTIAGO,INDOMET,EMCI,35.0,23.4,0.0,https://indomet.gob.do/wp-content/uploads/2026/08/temperaturas-extremas-y-precipitaciones-2026x08x21-a.pdf
2026-08-21,011,ARPT. EL CATEY,SAMANÁ,INDOMET,EMCI,33.3,23.2,0.0,https://indomet.gob.do/wp-content/uploads/2026/08/temperaturas-extremas-y-precipitaciones-2026x08x21-a.pdf
2026-08-21,012,ARPT. GREGORIO LUPERÓN,PUERTO PLATA,INDOMET,EMCI,33.8,23.7,0.0,https://indomet.gob.do/wp-content/uploads/2026/08/temperaturas-extremas-y-precipitaciones-2026x08x21-a.pdf
2026-08-21,013,ARPT. LA ISABELA,SANTO DOMINGO,INDOMET,EMCI,36.6,22.9,0.0,https://indomet.gob.do/wp-content/uploads/2026/08/temperaturas-extremas-y-precipitaciones-2026x08x21-a.pdf
2026-08-21,014,ARPT. MARÍA MONTEZ,BARAHONA,INDOMET,EMCI,34.5,25.0,0.0,https://indomet.gob.do/wp-content/uploads/2026/08/temperaturas-extremas-y-precipitaciones-2026x08x21-a.pdf
2026-08-21,015,ARROYO LORO,SAN JUAN,IDIAF,EMCI,37.0,18.5,0.0,https://indomet.gob.do/wp-content/uploads/2026/08/temperaturas-extremas-y-precipitaciones-2026x08x21-a.pdf
2026-08-21,016,BANI (EMA),PERAVIA,MINISTERIO DE AGRICULTURA,EMAP,33.5,27.3,0.0,https://indomet.gob.do/wp-content/uploads/2026/08/temperaturas-extremas-y-precipitaciones-2026x08x21-a.pdf
2026-08-21,017,BAYAGUANA,MONTE PLATA,INDOMET,EMCI,34.6,23.0,0.0,https://indomet.gob.do/wp-content/uploads/2026/08/temperaturas-extremas-y-precipitaciones-2026x08x21-a.pdf
2026-08-21,018,PALO DE VIENTO (EMA),SAN JUAN,MINISTERIO DE AGRICULTURA,EMAP,31.2,13.1,0.0,https://indomet.gob.do/wp-content/uploads/2026/08/temperaturas-extremas-y-precipitaciones-2026x08x21-a.pdf
2026-08-21,019,BELLA VISTA (EMA),DISTRITO NACIONAL,PRIVADA,EMAP,,,0.0,https://indomet.gob.do/wp-content/uploads/2026/08/temperaturas-extremas-y-precipitaciones-2026x08x21-a.pdf
2026-08-21,020,BOCA DE MAO (EMA),VALVERDE,MINISTERIO DE AGRICULTURA,EMAP,38.0,25.1,0.0,https://indomet.gob.do/wp-content/uploads/2026/08/temperaturas-extremas-y-precipitaciones-2026x08x21-a.pdf
2026-08-21,021,BONAO,MONSEÑOR NOUEL,MINISTERIO DE AGRICULTURA,EMCV,,,0.0,https://indomet.gob.do/wp-content/uploads/2026/08/temperaturas-extremas-y-precipitaciones-2026x08x21-a.pdf
2026-08-21,022,BUCARA (EMA),SANTIAGO,MINISTERIO DE AGRICULTURA,EMAI,,,0.0,https://indomet.gob.do/wp-content/uploads/2026/08/temperaturas-extremas-y-precipitaciones-2026x08x21-a.pdf
2026-08-21,023,CABRAL,BARAHONA,MINISTERIO DE AGRICULTURA,EMCV,36.4,23.8,0.0,https://indomet.gob.do/wp-content/uploads/2026/08/temperaturas-extremas-y-precipitaciones-2026x08x21-a.pdf
2026-08-21,024,CABRERA,MARÍA TRINIDAD SÁNCHEZ,ESCUELA ARÍSTIDES FIALLO CABRAL,EMCI,34.8,28.0,0.0,https://indomet.gob.do/wp-content/uploads/2026/08/temperaturas-extremas-y-precipitaciones-2026x08x21-a.pdf
2026-08-21,025,CENTRO DE LOS HEROES (EMA),DISTRITO NACIONAL,MINISTERIO DE ENERGIA Y MINA,EMAP,,,0.0,https://indomet.gob.do/wp-content/uploads/2026/08/temperaturas-extremas-y-precipitaciones-2026x08x21-a.pdf
2026-08-21,026,CONSTANZA,LA VEGA,MINISTERIO DE AGRICULTURA,EMCI,29.0,14.5,0.0,https://indomet.gob.do/wp-content/uploads/2026/08/temperaturas-extremas-y-precipitaciones-2026x08x21-a.pdf
2026-08-21,027,CONSTANZA (EMA),LA VEGA,PROGRAMA MUNDIAL DE ALIMENTO,EMAP,28.9,15.6,0.0,https://indomet.gob.do/wp-content/uploads/2026/08/temperaturas-extremas-y-precipitaciones-2026x08x21-a.pdf
2026-08-21,028,COTUÍ (EMA),SÁNCHEZ RAMÍREZ,HOSP. INMACULADA CONCEPCIÓN,EMCV,36.9,24.3,0.0,https://indomet.gob.do/wp-content/uploads/2026/08/temperaturas-extremas-y-precipitaciones-2026x08x21-a.pdf
2026-08-21,029,DAJABÓN,DAJABÓN,INSTITUTO POLITÉCNICO LOYOLA,EMCI,37.3,22.8,0.0,https://indomet.gob.do/wp-content/uploads/2026/08/temperaturas-extremas-y-precipitaciones-2026x08x21-a.pdf
2026-08-21,030,EL FACTOR (EMA),MARÍA TRINIDAD SÁNCHEZ,INTEC,EMAP,33.8,24.6,0.0,https://indomet.gob.do/wp-content/uploads/2026/08/temperaturas-extremas-y-precipitaciones-2026x08x21-a.pdf
2026-08-21,031,EL MILLON (EMA),DISTRITO NACIONAL,PRIVADA,EMAP,,,0.0,https://indomet.gob.do/wp-content/uploads/2026/08/temperaturas-extremas-y-precipitaciones-2026x08x21-a.pdf
2026-08-21,032,ELÍAS PIÑA,ELÍAS PIÑA,MINISTERIO DE AGRICULTURA,EMCV,,,0.0,https://indomet.gob.do/wp-content/uploads/2026/08/temperaturas-extremas-y-precipitaciones-2026x08x21-a.pdf
2026-08-21,033,ENRIQUILLO,BARAHONA,MINISTERIO DE AGRICULTURA,EMCV,34.0,24.7,0.0,https://indomet.gob.do/wp-content/uploads/2026/08/temperaturas-extremas-y-precipitaciones-2026x08x21-a.pdf
2026-08-21,034,ENSANCHE LA FE (EMA),DISTRITO NACIONAL,PRIVADA,EMAP,,,0.0,https://indomet.gob.do/wp-content/uploads/2026/08/temperaturas-extremas-y-precipitaciones-2026x08x21-a.pdf
2026-08-21,035,GASPAR HERNÁNDEZ,ESPAILLAT,PROPIEDAD DEL EMPLEADO,EMCI,,,0.0,https://indomet.gob.do/wp-content/uploads/2026/08/temperaturas-extremas-y-precipitaciones-2026x08x21-a.pdf
2026-08-21,036,GURABO,SANTIAGO,MINISTERIO DE AGRICULTURA,EMCV,,,0.0,https://indomet.gob.do/wp-content/uploads/2026/08/temperaturas-extremas-y-precipitaciones-2026x08x21-a.pdf
2026-08-21,037,HATO MAYOR,HATO MAYOR,MINISTERIO DE AGRICULTURA,EMCV,,,0.0,https://indomet.gob.do/wp-content/uploads/2026/08/temperaturas-extremas-y-precipitaciones-2026x08x21-a.pdf
2026-08-21,038,HONDO VALLE,ELÍAS PIÑA,MINISTERIO DE AGRICULTURA,EMCI,29.6,20.0,0.0,https://indomet.gob.do/wp-content/uploads/2026/08/temperaturas-extremas-y-precipitaciones-2026x08x21-a.pdf
2026-08-21,039,JARABACOA,LA VEGA,INDRHI / MARENA,EMCI,33.6,16.2,0.0,https://indomet.gob.do/wp-content/uploads/2026/08/temperaturas-extremas-y-precipitaciones-2026x08x21-a.pdf
2026-08-21,040,JIMANÍ,INDEPENDENCIA,MINISTERIO DE AGRICULTURA,EMCI,38.8,26.2,0.0,https://indomet.gob.do/wp-content/uploads/2026/08/temperaturas-extremas-y-precipitaciones-2026x08x21-a.pdf
2026-08-21,041,JUMA BEJUCAL,MONSEÑOR NOUEL,IDIAF,EMCV,35.4,22.6,0.0,https://indomet.gob.do/wp-content/uploads/2026/08/temperaturas-extremas-y-precipitaciones-2026x08x21-a.pdf
2026-08-21,042,LA AGUSTINA (EMA),DISTRITO NACIONAL,PRIVADA,EMAP,,,0.0,https://indomet.gob.do/wp-content/uploads/2026/08/temperaturas-extremas-y-precipitaciones-2026x08x21-a.pdf
2026-08-21,043,LA VEGA,LA VEGA,IATESA,EMCI,37.0,23.0,0.0,https://indomet.gob.do/wp-content/uploads/2026/08/temperaturas-extremas-y-precipitaciones-2026x08x21-a.pdf
2026-08-21,044,LA VICTORIA,SANTO DOMINGO,CUERPO DE BOMBEROS,EMCI,36.6,24.0,0.0,https://indomet.gob.do/wp-content/uploads/2026/08/temperaturas-extremas-y-precipitaciones-2026x08x21-a.pdf
2026-08-21,045,LAS CANAS (EMA),MONTE CRISTI,PROGRAMA MUNDIAL DE ALIMENTO,EMAP,32.4,25.1,0.0,https://indomet.gob.do/wp-content/uploads/2026/08/temperaturas-extremas-y-precipitaciones-2026x08x21-a.pdf
2026-08-21,046,LOS CACICAZGOS (EMA),DISTRITO NACIONAL,PRIVADA,EMAP,,,0.0,https://indomet.gob.do/wp-content/uploads/2026/08/temperaturas-extremas-y-precipitaciones-2026x08x21-a.pdf
2026-08-21,047,LOS JARDINES (EMA),DISTRITO NACIONAL,PRIVADA,EMAP,,,0.0,https://indomet.gob.do/wp-content/uploads/2026/08/temperaturas-extremas-y-precipitaciones-2026x08x21-a.pdf
2026-08-21,048,LOS LLANOS,SAN PEDRO DE MACORÍS,MINISTERIO DE AGRICULTURA,EMCI,35.5,23.9,0.0,https://indomet.gob.do/wp-content/uploads/2026/08/temperaturas-extremas-y-precipitaciones-2026x08x21-a.pdf
2026-08-21,049,LOS PRADOS (EMA),DISTRITO NACIONAL,PRIVADA,EMAP,,,0.0,https://indomet.gob.do/wp-content/uploads/2026/08/temperaturas-extremas-y-precipitaciones-2026x08x21-a.pdf
2026-08-21,050,MAO,VALVERDE,INDRHI / MINISTERIO DE AGRICULTURA,EMCV,,,0.0,https://indomet.gob.do/wp-content/uploads/2026/08/temperaturas-extremas-y-precipitaciones-2026x08x21-a.pdf
2026-08-21,051,MONCIÓN (EMA),SANTIAGO RODRÍGUEZ,PROGRAMA MUNDIAL DE ALIMENTO,EMAP,35.3,19.4,0.0,https://indomet.gob.do/wp-content/uploads/2026/08/temperaturas-extremas-y-precipitaciones-2026x08x21-a.pdf
2026-08-21,052,MONTE CRISTI,MONTE CRISTI,INDOMET,EMCI,36.7,25.4,0.0,https://indomet.gob.do/wp-content/uploads/2026/08/temperaturas-extremas-y-precipitaciones-2026x08x21-a.pdf
2026-08-21,053,NAVARRETE,SANTIAGO,MINISTERIO DE AGRICULTURA,EMCV,,,0.0,https://indomet.gob.do/wp-content/uploads/2026/08/temperaturas-extremas-y-precipitaciones-2026x08x21-a.pdf
2026-08-21,054,LOS COCOS (EMA),BAHORUCO,PRIVADA,EMAP,,,0.0,https://indomet.gob.do/wp-content/uploads/2026/08/temperaturas-extremas-y-precipitaciones-2026x08x21-a.pdf
2026-08-21,055,OLIVARES,PEDERNALES,INDRHI,EMCI,,,0.0,https://indomet.gob.do/wp-content/uploads/2026/08/temperaturas-extremas-y-precipitaciones-2026x08x21-a.pdf
2026-08-21,056,OVIEDO,PEDERNALES,CLÍNICA RURAL OVIEDO,EMCI,34.2,25.0,0.0,https://indomet.gob.do/wp-content/uploads/2026/08/temperaturas-extremas-y-precipitaciones-2026x08x21-a.pdf
2026-08-21,057,PADRE LAS CASAS,AZUA,HOSP. NTRA. SRA. DEL CARMEN,EMCI,35.0,19.5,0.0,https://indomet.gob.do/wp-content/uploads/2026/08/temperaturas-extremas-y-precipitaciones-2026x08x21-a.pdf
2026-08-21,058,PALO ÍNDIO,PUERTO PLATA,MINISTERIO DE AGRICULTURA,EMCI,,,0.0,https://indomet.gob.do/wp-content/uploads/2026/08/temperaturas-extremas-y-precipitaciones-2026x08x21-a.pdf
2026-08-21,059,PEDERNALES,PEDERNALES,INDRHI,EMCI,,,0.0,https://indomet.gob.do/wp-content/uploads/2026/08/temperaturas-extremas-y-precipitaciones-2026x08x21-a.pdf
2026-08-21,060,PERALTA,AZUA,HOSP. MPAL. DE PERALTA,EMCI,33.7,18.5,0.0,https://indomet.gob.do/wp-content/uploads/2026/08/temperaturas-extremas-y-precipitaciones-2026x08x21-a.pdf
2026-08-21,061,POLO,BARAHONA,INDOCAFE,EMCI,31.5,17.5,0.0,https://indomet.gob.do/wp-content/uploads/2026/08/temperaturas-extremas-y-precipitaciones-2026x08x21-a.pdf
2026-08-21,062,PRESA DE TAVERAS (EMA),LA VEGA,PROGRAMA MUNDIAL DE ALIMENTO,EMAP,34.3,23.2,0.0,https://indomet.gob.do/wp-content/uploads/2026/08/temperaturas-extremas-y-precipitaciones-2026x08x21-a.pdf
2026-08-21,063,PROLONGACION 27 DE FEBRERO,DISTRITO NACIONAL,PRIVADA,EMAP,,,0.0,https://indomet.gob.do/wp-content/uploads/2026/08/temperaturas-extremas-y-precipitaciones-2026x08x21-a.pdf
2026-08-21,064,RANCHO ARRIBA,SAN JOSÉ DE OCOA,CENTRO TECNOLÓGICO COMUNITARIO,EMCI,33.7,15.5,0.0,https://indomet.gob.do/wp-content/uploads/2026/08/temperaturas-extremas-y-precipitaciones-2026x08x21-a.pdf
2026-08-21,065,RESTAURACIÓN,DAJABÓN,MINISTERIO DE AGRICULTURA,EMCI,34.1,19.4,0.0,https://indomet.gob.do/wp-content/uploads/2026/08/temperaturas-extremas-y-precipitaciones-2026x08x21-a.pdf
2026-08-21,066,RÍO SAN JUAN,MARÍA TRINIDAD SÁNCHEZ,HOSP. MPAL. DR. DESIDERIO ACOSTA,EMCV,35.5,24.6,0.0,https://indomet.gob.do/wp-content/uploads/2026/08/temperaturas-extremas-y-precipitaciones-2026x08x21-a.pdf
2026-08-21,067,SABANA DE LA MAR,HATO MAYOR,INDOMET,EMCI,33.0,24.4,0.0,https://indomet.gob.do/wp-content/uploads/2026/08/temperaturas-extremas-y-precipitaciones-2026x08x21-a.pdf
2026-08-21,068,SABANETA (EMA),SANTIAGO RODRÍGUEZ,PROGRAMA MUNDIAL DE ALIMENTO,EMAP,38.7,22.2,0.0,https://indomet.gob.do/wp-content/uploads/2026/08/temperaturas-extremas-y-precipitaciones-2026x08x21-a.pdf
2026-08-21,069,SAJOMA (EMA),SANTIAGO,PLAN SIERRA,EMAI,,,0.0,https://indomet.gob.do/wp-content/uploads/2026/08/temperaturas-extremas-y-precipitaciones-2026x08x21-a.pdf
2026-08-21,070,SALCEDO,HERMANAS MIRABAL,PROPIEDAD DEL EMPLEADO,EMCI,,,0.0,https://indomet.gob.do/wp-content/uploads/2026/08/temperaturas-extremas-y-precipitaciones-2026x08x21-a.pdf
2026-08-21,071,SAN CRISTÓBAL,SAN CRISTÓBAL,INSTITUTO POLITÉCNICO LOYOLA,EMCI,35.2,22.2,0.0,https://indomet.gob.do/wp-content/uploads/2026/08/temperaturas-extremas-y-precipitaciones-2026x08x21-a.pdf
2026-08-21,072,SAN JOSÉ DE OCOA,SAN JOSÉ DE OCOA,HOSP. SAN JOSÉ DE OCOA,EMCI,36.3,24.8,0.0,https://indomet.gob.do/wp-content/uploads/2026/08/temperaturas-extremas-y-precipitaciones-2026x08x21-a.pdf
2026-08-21,073,SÁNCHEZ,SAMANÁ,MINISTERIO DE AGRICULTURA,EMCI,34.1,23.5,0.0,https://indomet.gob.do/wp-content/uploads/2026/08/temperaturas-extremas-y-precipitaciones-2026x08x21-a.pdf
2026-08-21,074,SANTIAGO RODRÍGUEZ,SANTIAGO RODRÍGUEZ,INDOMET,EMCI,38.6,23.1,0.0,https://indomet.gob.do/wp-content/uploads/2026/08/temperaturas-extremas-y-precipitaciones-2026x08x21-a.pdf
2026-08-21,075,SANTO DOMINGO ESTE,SANTO DOMINGO,INDOMET,EMCI,33.2,26.5,0.0,https://indomet.gob.do/wp-content/uploads/2026/08/temperaturas-extremas-y-precipitaciones-2026x08x21-a.pdf
2026-08-21,076,TÁBARA ABAJO,AZUA,INDRHI,EMCI,33.7,23.0,0.0,https://indomet.gob.do/wp-content/uploads/2026/08/temperaturas-extremas-y-precipitaciones-2026x08x21-a.pdf
2026-08-21,077,VILLA ALTAGRACIA,SAN CRISTÓBAL,ESCUELA JAVIER ANGULO GURIDI,EMCI,,,0.0,https://indomet.gob.do/wp-content/uploads/2026/08/temperaturas-extremas-y-precipitaciones-2026x08x21-a.pdf
2026-08-21,078,VILLA GONZALES,SANTIAGO,MINISTERIO DE AGRICULTURA,EMCI,,,0.0,https://indomet.gob.do/wp-content/uploads/2026/08/temperaturas-extremas-y-precipitaciones-2026x08x21-a.pdf
2026-08-21,079,VILLA RIVA,DUARTE,HOSP. MPAL. ALICIA DE LEGENDRE,EMCI,35.3,24.0,0.0,https://indomet.gob.do/wp-content/uploads/2026/08/temperaturas-extremas-y-precipitaciones-2026x08x21-a.pdf
2026-08-21,080,VILLA VASQUEZ (EMA),MONTE CRISTI,JUNTA DE REGANTES,EMAI,,,0.0,https://indomet.gob.do/wp-content/uploads/2026/08/temperaturas-extremas-y-precipitaciones-2026x08x21-a.pdf
2026-08-22,001,ARPT. EL CATEY,SAMANÁ,INDOMET,EMCI,31.0,22.6,25.0,https://indomet.gob.do/wp-content/uploads/2026/08/temperaturas-extremas-y-precipitaciones-2026x08x22-a.pdf
2026-08-22,002,ELÍAS PIÑA,ELÍAS PIÑA,MINISTERIO DE AGRICULTURA,EMCV,,,23.0,https://indomet.gob.do/wp-content/uploads/2026/08/temperaturas-extremas-y-precipitaciones-2026x08x22-a.pdf
2026-08-22,003,VILLA ALTAGRACIA,SAN CRISTÓBAL,ESCUELA JAVIER ANGULO GURIDI,EMCI,,,11.8,https://indomet.gob.do/wp-content/uploads/2026/08/temperaturas-extremas-y-precipitaciones-2026x08x22-a.pdf
2026-08-22,004,VILLA RIVA,DUARTE,HOSP. MPAL. ALICIA DE LEGENDRE,EMCI,33.0,23.5,10.5,https://indomet.gob.do/wp-content/uploads/2026/08/temperaturas-extremas-y-precipitaciones-2026x08x22-a.pdf
2026-08-22,005,LA VICTORIA,SANTO DOMINGO,CUERPO DE BOMBEROS,EMCI,36.0,24.0,10.1,https://indomet.gob.do/wp-content/uploads/2026/08/temperaturas-extremas-y-precipitaciones-2026x08x22-a.pdf
2026-08-22,006,EL FACTOR (EMA),MARÍA TRINIDAD SÁNCHEZ,INTEC,EMAP,32.7,24.8,9.4,https://indomet.gob.do/wp-content/uploads/2026/08/temperaturas-extremas-y-precipitaciones-2026x08x22-a.pdf
2026-08-22,007,RÍO SAN JUAN,MARÍA TRINIDAD SÁNCHEZ,HOSP. MPAL. DR. DESIDERIO ACOSTA,EMCV,35.0,25.6,9.0,https://indomet.gob.do/wp-content/uploads/2026/08/temperaturas-extremas-y-precipitaciones-2026x08x22-a.pdf
2026-08-22,008,ARPT. ARROYO BARRIL,SAMANÁ,INDOMET,EMCI,34.0,23.4,8.3,https://indomet.gob.do/wp-content/uploads/2026/08/temperaturas-extremas-y-precipitaciones-2026x08x22-a.pdf
2026-08-22,009,RESTAURACIÓN,DAJABÓN,MINISTERIO DE AGRICULTURA,EMCI,34.4,18.7,8.2,https://indomet.gob.do/wp-content/uploads/2026/08/temperaturas-extremas-y-precipitaciones-2026x08x22-a.pdf
2026-08-22,010,ANAMUYA (EMA),LA ALTAGRACIA,MINISTERIO DE AGRICULTURA,EMAP,33.0,25.4,7.2,https://indomet.gob.do/wp-content/uploads/2026/08/temperaturas-extremas-y-precipitaciones-2026x08x22-a.pdf
2026-08-22,011,SALCEDO,HERMANAS MIRABAL,PROPIEDAD DEL EMPLEADO,EMCI,,,6.4,https://indomet.gob.do/wp-content/uploads/2026/08/temperaturas-extremas-y-precipitaciones-2026x08x22-a.pdf
2026-08-22,012,SAMANÁ,SAMANÁ,COMANDANCIA DE PUERTO DE SAMANÁ,EMCI,33.3,17.7,6.2,https://indomet.gob.do/wp-content/uploads/2026/08/temperaturas-extremas-y-precipitaciones-2026x08x22-a.pdf
2026-08-22,013,SÁNCHEZ,SAMANÁ,MINISTERIO DE AGRICULTURA,EMCI,33.6,23.6,5.6,https://indomet.gob.do/wp-content/uploads/2026/08/temperaturas-extremas-y-precipitaciones-2026x08x22-a.pdf
2026-08-22,014,GASPAR HERNÁNDEZ,ESPAILLAT,PROPIEDAD DEL EMPLEADO,EMCI,,,4.4,https://indomet.gob.do/wp-content/uploads/2026/08/temperaturas-extremas-y-precipitaciones-2026x08x22-a.pdf
2026-08-22,015,SANTIAGO (CENTRO),SANTIAGO,HUACALITO,EMCI,,,3.8,https://indomet.gob.do/wp-content/uploads/2026/08/temperaturas-extremas-y-precipitaciones-2026x08x22-a.pdf
2026-08-22,016,CABRERA,MARÍA TRINIDAD SÁNCHEZ,ESCUELA ARÍSTIDES FIALLO CABRAL,EMCI,35.0,27.6,3.4,https://indomet.gob.do/wp-content/uploads/2026/08/temperaturas-extremas-y-precipitaciones-2026x08x22-a.pdf
2026-08-22,017,LOS LLANOS,SAN PEDRO DE MACORÍS,MINISTERIO DE AGRICULTURA,EMCI,34.5,24.0,2.8,https://indomet.gob.do/wp-content/uploads/2026/08/temperaturas-extremas-y-precipitaciones-2026x08x22-a.pdf
2026-08-22,018,SABANA DE LA MAR,HATO MAYOR,INDOMET,EMCI,33.2,24.6,2.8,https://indomet.gob.do/wp-content/uploads/2026/08/temperaturas-extremas-y-precipitaciones-2026x08x22-a.pdf
2026-08-22,019,BONAO,MONSEÑOR NOUEL,MINISTERIO DE AGRICULTURA,EMCV,,,2.8,https://indomet.gob.do/wp-content/uploads/2026/08/temperaturas-extremas-y-precipitaciones-2026x08x22-a.pdf
2026-08-22,020,JUMA BEJUCAL,MONSEÑOR NOUEL,IDIAF,EMCV,34.8,24.0,2.3,https://indomet.gob.do/wp-content/uploads/2026/08/temperaturas-extremas-y-precipitaciones-2026x08x22-a.pdf
2026-08-22,021,ARPT. DEL CIBAO,SANTIAGO,INDOMET,EMCI,35.4,23.4,2.1,https://indomet.gob.do/wp-content/uploads/2026/08/temperaturas-extremas-y-precipitaciones-2026x08x22-a.pdf
2026-08-22,022,TAMBORIL,SANTIAGO,MINISTERIO DE AGRICULTURA,EMCV,,,1.8,https://indomet.gob.do/wp-content/uploads/2026/08/temperaturas-extremas-y-precipitaciones-2026x08x22-a.pdf
2026-08-22,023,HONDO VALLE,ELÍAS PIÑA,MINISTERIO DE AGRICULTURA,EMCI,29.4,19.8,1.7,https://indomet.gob.do/wp-content/uploads/2026/08/temperaturas-extremas-y-precipitaciones-2026x08x22-a.pdf
2026-08-22,024,PALO ÍNDIO,PUERTO PLATA,MINISTERIO DE AGRICULTURA,EMCI,,,1.3,https://indomet.gob.do/wp-content/uploads/2026/08/temperaturas-extremas-y-precipitaciones-2026x08x22-a.pdf
2026-08-22,025,VILLA GONZALES,SANTIAGO,MINISTERIO DE AGRICULTURA,EMCI,,,1.3,https://indomet.gob.do/wp-content/uploads/2026/08/temperaturas-extremas-y-precipitaciones-2026x08x22-a.pdf
2026-08-22,026,CONSTANZA,LA VEGA,MINISTERIO DE AGRICULTURA,EMCI,29.5,17.2,1.2,https://indomet.gob.do/wp-content/uploads/2026/08/temperaturas-extremas-y-precipitaciones-2026x08x22-a.pdf
2026-08-22,027,RANCHO ARRIBA,SAN JOSÉ DE OCOA,CENTRO TECNOLÓGICO COMUNITARIO,EMCI,32.8,20.9,1.1,https://indomet.gob.do/wp-content/uploads/2026/08/temperaturas-extremas-y-precipitaciones-2026x08x22-a.pdf
2026-08-22,028,BAYAGUANA,MONTE PLATA,INDOMET,EMCI,34.0,23.4,1.0,https://indomet.gob.do/wp-content/uploads/2026/08/temperaturas-extremas-y-precipitaciones-2026x08x22-a.pdf
2026-08-22,029,CONSTANZA (EMA),LA VEGA,PROGRAMA MUNDIAL DE ALIMENTO,EMAP,28.0,16.4,0.8,https://indomet.gob.do/wp-content/uploads/2026/08/temperaturas-extremas-y-precipitaciones-2026x08x22-a.pdf
2026-08-22,030,LA VEGA,LA VEGA,IATESA,EMCI,36.0,24.0,0.5,https://indomet.gob.do/wp-content/uploads/2026/08/temperaturas-extremas-y-precipitaciones-2026x08x22-a.pdf
2026-08-22,031,PRESA DE TAVERAS (EMA),LA VEGA,PROGRAMA MUNDIAL DE ALIMENTO,EMAP,34.2,23.7,0.4,https://indomet.gob.do/wp-content/uploads/2026/08/temperaturas-extremas-y-precipitaciones-2026x08x22-a.pdf
2026-08-22,032,ALTO BANDERA (EMA),LA VEGA,INTEC,EMAP,18.7,7.1,0.3,https://indomet.gob.do/wp-content/uploads/2026/08/temperaturas-extremas-y-precipitaciones-2026x08x22-a.pdf
2026-08-22,033,ARPT. GREGORIO LUPERÓN,PUERTO PLATA,INDOMET,EMCI,32.9,23.8,0.3,https://indomet.gob.do/wp-content/uploads/2026/08/temperaturas-extremas-y-precipitaciones-2026x08x22-a.pdf
2026-08-22,034,ARPT. DE LAS AMÉRICAS,SANTO DOMINGO,INDOMET,EMCI,34.0,25.0,0.2,https://indomet.gob.do/wp-content/uploads/2026/08/temperaturas-extremas-y-precipitaciones-2026x08x22-a.pdf
2026-08-22,035,ARPT. DE PUNTA CANA,LA ALTAGRACIA,INDOMET,EMCI,32.5,22.6,0.2,https://indomet.gob.do/wp-content/uploads/2026/08/temperaturas-extremas-y-precipitaciones-2026x08x22-a.pdf
2026-08-22,036,OVIEDO,PEDERNALES,CLÍNICA RURAL OVIEDO,EMCI,34.0,24.6,0.1,https://indomet.gob.do/wp-content/uploads/2026/08/temperaturas-extremas-y-precipitaciones-2026x08x22-a.pdf
2026-08-22,037,POLO,BARAHONA,INDOCAFE,EMCI,30.7,17.5,0.1,https://indomet.gob.do/wp-content/uploads/2026/08/temperaturas-extremas-y-precipitaciones-2026x08x22-a.pdf
2026-08-22,038,SABANA GRANDE DE BOYÁ,MONTE PLATA,MINISTERIO DE AGRICULTURA,EMCV,,,0.1,https://indomet.gob.do/wp-content/uploads/2026/08/temperaturas-extremas-y-precipitaciones-2026x08x22-a.pdf
2026-08-22,039,SAN JOSÉ DE OCOA,SAN JOSÉ DE OCOA,HOSP. SAN JOSÉ DE OCOA,EMCI,34.9,24.6,0.1,https://indomet.gob.do/wp-content/uploads/2026/08/temperaturas-extremas-y-precipitaciones-2026x08x22-a.pdf
2026-08-22,040,SAN RAFAEL DEL YUMA,LA ALTAGRACIA,MINISTERIO DE AGRICULTURA,EMCI,35.4,25.2,0.1,https://indomet.gob.do/wp-content/uploads/2026/08/temperaturas-extremas-y-precipitaciones-2026x08x22-a.pdf
2026-08-22,041,ALTAMIRA,PUERTO PLATA,HOSP. MPAL. DE ALTAMIRA,EMCI,35.5,21.6,0.0,https://indomet.gob.do/wp-content/uploads/2026/08/temperaturas-extremas-y-precipitaciones-2026x08x22-a.pdf
2026-08-22,042,ARPT. DE LA ROMANA,LA ROMANA,INDOMET,EMCI,35.0,23.0,0.0,https://indomet.gob.do/wp-content/uploads/2026/08/temperaturas-extremas-y-precipitaciones-2026x08x22-a.pdf
2026-08-22,043,ARPT. LA ISABELA,SANTO DOMINGO,INDOMET,EMCI,35.2,23.0,0.0,https://indomet.gob.do/wp-content/uploads/2026/08/temperaturas-extremas-y-precipitaciones-2026x08x22-a.pdf
2026-08-22,044,ARPT. MARÍA MONTEZ,BARAHONA,INDOMET,EMCI,35.4,23.5,0.0,https://indomet.gob.do/wp-content/uploads/2026/08/temperaturas-extremas-y-precipitaciones-2026x08x22-a.pdf
2026-08-22,045,BASE AÉREA DE SAN ISIDRO,SANTO DOMINGO,FUERZA AÉREA DOMINICANA,EMCV,30.5,,0.0,https://indomet.gob.do/wp-content/uploads/2026/08/temperaturas-extremas-y-precipitaciones-2026x08x22-a.pdf
2026-08-22,046,CABRAL,BARAHONA,MINISTERIO DE AGRICULTURA,EMCV,36.8,25.8,0.0,https://indomet.gob.do/wp-content/uploads/2026/08/temperaturas-extremas-y-precipitaciones-2026x08x22-a.pdf
2026-08-22,047,DAJABÓN,DAJABÓN,INSTITUTO POLITÉCNICO LOYOLA,EMCI,36.9,23.1,0.0,https://indomet.gob.do/wp-content/uploads/2026/08/temperaturas-extremas-y-precipitaciones-2026x08x22-a.pdf
2026-08-22,048,EL MILLON (EMA),DISTRITO NACIONAL,PRIVADA,EMAP,,,0.0,https://indomet.gob.do/wp-content/uploads/2026/08/temperaturas-extremas-y-precipitaciones-2026x08x22-a.pdf
2026-08-22,049,ENRIQUILLO,BARAHONA,MINISTERIO DE AGRICULTURA,EMCV,35.0,25.4,0.0,https://indomet.gob.do/wp-content/uploads/2026/08/temperaturas-extremas-y-precipitaciones-2026x08x22-a.pdf
2026-08-22,050,ENSANCHE LA FE (EMA),DISTRITO NACIONAL,PRIVADA,EMAP,,,0.0,https://indomet.gob.do/wp-content/uploads/2026/08/temperaturas-extremas-y-precipitaciones-2026x08x22-a.pdf
2026-08-22,051,ESCONDIDO,PERAVIA,MINISTERIO DE AGRICULTURA,EMCV,34.0,27.0,0.0,https://indomet.gob.do/wp-content/uploads/2026/08/temperaturas-extremas-y-precipitaciones-2026x08x22-a.pdf
2026-08-22,052,GURABO,SANTIAGO,MINISTERIO DE AGRICULTURA,EMCV,,,0.0,https://indomet.gob.do/wp-content/uploads/2026/08/temperaturas-extremas-y-precipitaciones-2026x08x22-a.pdf
2026-08-22,053,HATO MAYOR,HATO MAYOR,MINISTERIO DE AGRICULTURA,EMCV,,,0.0,https://indomet.gob.do/wp-content/uploads/2026/08/temperaturas-extremas-y-precipitaciones-2026x08x22-a.pdf
2026-08-22,054,JARABACOA,LA VEGA,INDRHI / MARENA,EMCI,33.4,19.6,0.0,https://indomet.gob.do/wp-content/uploads/2026/08/temperaturas-extremas-y-precipitaciones-2026x08x22-a.pdf
2026-08-22,055,JIMANÍ,INDEPENDENCIA,MINISTERIO DE AGRICULTURA,EMCI,38.6,26.6,0.0,https://indomet.gob.do/wp-content/uploads/2026/08/temperaturas-extremas-y-precipitaciones-2026x08x22-a.pdf
2026-08-22,056,LA AGUSTINA (EMA),DISTRITO NACIONAL,PRIVADA,EMAP,,,0.0,https://indomet.gob.do/wp-content/uploads/2026/08/temperaturas-extremas-y-precipitaciones-2026x08x22-a.pdf
2026-08-22,057,LAS MATAS DE FARFÁN,SAN JUAN,MINISTERIO DE AGRICULTURA,EMCV,,,0.0,https://indomet.gob.do/wp-content/uploads/2026/08/temperaturas-extremas-y-precipitaciones-2026x08x22-a.pdf
2026-08-22,058,LOS CACICAZGOS (EMA),DISTRITO NACIONAL,PRIVADA,EMAP,,,0.0,https://indomet.gob.do/wp-content/uploads/2026/08/temperaturas-extremas-y-precipitaciones-2026x08x22-a.pdf
2026-08-22,059,LOS JARDINES (EMA),DISTRITO NACIONAL,PRIVADA,EMAP,,,0.0,https://indomet.gob.do/wp-content/uploads/2026/08/temperaturas-extremas-y-precipitaciones-2026x08x22-a.pdf
2026-08-22,060,LOS PRADOS (EMA),DISTRITO NACIONAL,PRIVADA,EMAP,,,0.0,https://indomet.gob.do/wp-content/uploads/2026/08/temperaturas-extremas-y-precipitaciones-2026x08x22-a.pdf
2026-08-22,061,LOS TRES CHARCOS (EMA),PEDERNALES,PROPIEDAD DEL VOLUNTARIO,EMAP,35.2,26.9,0.0,https://indomet.gob.do/wp-content/uploads/2026/08/temperaturas-extremas-y-precipitaciones-2026x08x22-a.pdf
2026-08-22,062,MAO,VALVERDE,INDRHI / MINISTERIO DE AGRICULTURA,EMCV,,,0.0,https://indomet.gob.do/wp-content/uploads/2026/08/temperaturas-extremas-y-precipitaciones-2026x08x22-a.pdf
2026-08-22,063,MONCIÓN (EMA),SANTIAGO RODRÍGUEZ,PROGRAMA MUNDIAL DE ALIMENTO,EMAP,35.4,21.8,0.0,https://indomet.gob.do/wp-content/uploads/2026/08/temperaturas-extremas-y-precipitaciones-2026x08x22-a.pdf
2026-08-22,064,MONTE CRISTI,MONTE CRISTI,INDOMET,EMCI,34.6,25.4,0.0,https://indomet.gob.do/wp-content/uploads/2026/08/temperaturas-extremas-y-precipitaciones-2026x08x22-a.pdf
2026-08-22,065,NAVARRETE,SANTIAGO,MINISTERIO DE AGRICULTURA,EMCV,,,0.0,https://indomet.gob.do/wp-content/uploads/2026/08/temperaturas-extremas-y-precipitaciones-2026x08x22-a.pdf
2026-08-22,066,LOS COCOS (EMA),BAHORUCO,PRIVADA,EMAP,,,0.0,https://indomet.gob.do/wp-content/uploads/2026/08/temperaturas-extremas-y-precipitaciones-2026x08x22-a.pdf
2026-08-22,067,PADRE LAS CASAS,AZUA,HOSP. NTRA. SRA. DEL CARMEN,EMCI,35.8,21.0,0.0,https://indomet.gob.do/wp-content/uploads/2026/08/temperaturas-extremas-y-precipitaciones-2026x08x22-a.pdf
2026-08-22,068,PEDERNALES,PEDERNALES,INDRHI,EMCI,,,0.0,https://indomet.gob.do/wp-content/uploads/2026/08/temperaturas-extremas-y-precipitaciones-2026x08x22-a.pdf
2026-08-22,069,PERALTA,AZUA,HOSP. MPAL. DE PERALTA,EMCI,34.6,19.1,0.0,https://indomet.gob.do/wp-content/uploads/2026/08/temperaturas-extremas-y-precipitaciones-2026x08x22-a.pdf
2026-08-22,070,PROLONGACION 27 DE FEBRERO,DISTRITO NACIONAL,PRIVADA,EMAP,,,0.0,https://indomet.gob.do/wp-content/uploads/2026/08/temperaturas-extremas-y-precipitaciones-2026x08x22-a.pdf
2026-08-22,071,SABANETA (EMA),SANTIAGO RODRÍGUEZ,PROGRAMA MUNDIAL DE ALIMENTO,EMAP,38.6,24.4,0.0,https://indomet.gob.do/wp-content/uploads/2026/08/temperaturas-extremas-y-precipitaciones-2026x08x22-a.pdf
2026-08-22,072,SAN CRISTÓBAL,SAN CRISTÓBAL,INSTITUTO POLITÉCNICO LOYOLA,EMCI,36.0,24.0,0.0,https://indomet.gob.do/wp-content/uploads/2026/08/temperaturas-extremas-y-precipitaciones-2026x08x22-a.pdf
2026-08-22,073,SANTIAGO RODRÍGUEZ,SANTIAGO RODRÍGUEZ,INDOMET,EMCI,38.5,25.0,0.0,https://indomet.gob.do/wp-content/uploads/2026/08/temperaturas-extremas-y-precipitaciones-2026x08x22-a.pdf
2026-08-22,074,SANTO DOMINGO ESTE,SANTO DOMINGO,INDOMET,EMCI,33.6,25.7,0.0,https://indomet.gob.do/wp-content/uploads/2026/08/temperaturas-extremas-y-precipitaciones-2026x08x22-a.pdf
2026-08-22,075,TÁBARA ABAJO,AZUA,INDRHI,EMCI,34.5,22.0,0.0,https://indomet.gob.do/wp-content/uploads/2026/08/temperaturas-extremas-y-precipitaciones-2026x08x22-a.pdf
2026-08-22,076,ARROYO LORO,SAN JUAN,IDIAF,EMCI,36.4,19.5,0.0,https://indomet.gob.do/wp-content/uploads/2026/08/temperaturas-extremas-y-precipitaciones-2026x08x22-a.pdf
2026-08-22,077,BANI (EMA),PERAVIA,MINISTERIO DE AGRICULTURA,EMAP,34.2,27.4,0.0,https://indomet.gob.do/wp-content/uploads/2026/08/temperaturas-extremas-y-precipitaciones-2026x08x22-a.pdf
2026-08-22,078,BOCA DE MAO (EMA),VALVERDE,MINISTERIO DE AGRICULTURA,EMAP,38.7,24.7,0.0,https://indomet.gob.do/wp-content/uploads/2026/08/temperaturas-extremas-y-precipitaciones-2026x08x22-a.pdf
2026-08-22,079,CENTRO DE LOS HEROES (EMA),DISTRITO NACIONAL,MINISTERIO DE ENERGIA Y MINA,EMAP,33.3,27.3,0.0,https://indomet.gob.do/wp-content/uploads/2026/08/temperaturas-extremas-y-precipitaciones-2026x08x22-a.pdf
2026-08-22,080,LAS CANAS (EMA),MONTE CRISTI,PROGRAMA MUNDIAL DE ALIMENTO,EMAP,31.3,25.2,0.0,https://indomet.gob.do/wp-content/uploads/2026/08/temperaturas-extremas-y-precipitaciones-2026x08x22-a.pdf
2026-08-22,081,LUPERÓN,PUERTO PLATA,MINISTERIO DE AGRICULTURA,EMCV,,,0.0,https://indomet.gob.do/wp-content/uploads/2026/08/temperaturas-extremas-y-precipitaciones-2026x08x22-a.pdf
2026-08-24,001,BARRAQUITO (EMA),DUARTE,PROGRAMA MUNDIAL DE ALIMENTO,EMAP,35.6,24.7,30.8,https://indomet.gob.do/wp-content/uploads/2026/08/temperaturas-extremas-y-precipitaciones-2026x08x24-a.pdf
2026-08-24,002,LAS GORDAS (EMA),MARÍA TRINIDAD SÁNCHEZ,PRIVADA,EMAP,,,25.9,https://indomet.gob.do/wp-content/uploads/2026/08/temperaturas-extremas-y-precipitaciones-2026x08x24-a.pdf
2026-08-24,003,SABANA GRANDE DE BOYÁ,MONTE PLATA,MINISTERIO DE AGRICULTURA,EMCV,,,17.5,https://indomet.gob.do/wp-content/uploads/2026/08/temperaturas-extremas-y-precipitaciones-2026x08x24-a.pdf
2026-08-24,004,VILLA ALTAGRACIA,SAN CRISTÓBAL,ESCUELA JAVIER ANGULO GURIDI,EMCI,,,14.5,https://indomet.gob.do/wp-content/uploads/2026/08/temperaturas-extremas-y-precipitaciones-2026x08x24-a.pdf
2026-08-24,005,LA CUCHILLA (EMA),SAN CRISTÓBAL,PRIVADA,EMAP,,,11.4,https://indomet.gob.do/wp-content/uploads/2026/08/temperaturas-extremas-y-precipitaciones-2026x08x24-a.pdf
2026-08-24,006,SÁNCHEZ,SAMANÁ,MINISTERIO DE AGRICULTURA,EMCI,33.6,23.4,11.4,https://indomet.gob.do/wp-content/uploads/2026/08/temperaturas-extremas-y-precipitaciones-2026x08x24-a.pdf
2026-08-24,007,COTUI HOSP.MUNICIPAL (EMA),SÁNCHEZ RAMÍREZ,PROGRAMA MUNDIAL DE ALIMENTO,EMAP,,,10.4,https://indomet.gob.do/wp-content/uploads/2026/08/temperaturas-extremas-y-precipitaciones-2026x08x24-a.pdf
2026-08-24,008,VILLA RIVA,DUARTE,HOSP. MPAL. ALICIA DE LEGENDRE,EMCI,33.0,23.0,9.4,https://indomet.gob.do/wp-content/uploads/2026/08/temperaturas-extremas-y-precipitaciones-2026x08x24-a.pdf
2026-08-24,009,JARDÍN BOTÁNICO NACIONAL,DISTRITO NACIONAL,JARDÍN BOTÁNICO NACIONAL,EMCV,33.6,21.8,9.0,https://indomet.gob.do/wp-content/uploads/2026/08/temperaturas-extremas-y-precipitaciones-2026x08x24-a.pdf
2026-08-24,010,CASTILLO (EMA),DUARTE,PRIVADA,EMAP,,,8.6,https://indomet.gob.do/wp-content/uploads/2026/08/temperaturas-extremas-y-precipitaciones-2026x08x24-a.pdf
2026-08-24,011,ENSANCHE LA FE (EMA),DISTRITO NACIONAL,PRIVADA,EMAP,,,7.6,https://indomet.gob.do/wp-content/uploads/2026/08/temperaturas-extremas-y-precipitaciones-2026x08x24-a.pdf
2026-08-24,012,LA AGUSTINA (EMA),DISTRITO NACIONAL,PRIVADA,EMAP,,,7.6,https://indomet.gob.do/wp-content/uploads/2026/08/temperaturas-extremas-y-precipitaciones-2026x08x24-a.pdf
2026-08-24,013,BOHECHÍO,SAN JUAN,MINISTERIO DE AGRICULTURA,EMCV,,,7.0,https://indomet.gob.do/wp-content/uploads/2026/08/temperaturas-extremas-y-precipitaciones-2026x08x24-a.pdf
2026-08-24,014,RÍO SAN JUAN,MARÍA TRINIDAD SÁNCHEZ,HOSP. MPAL. DR. DESIDERIO ACOSTA,EMCV,34.3,25.5,6.0,https://indomet.gob.do/wp-content/uploads/2026/08/temperaturas-extremas-y-precipitaciones-2026x08x24-a.pdf
2026-08-24,015,SALCEDO,HERMANAS MIRABAL,PROPIEDAD DEL EMPLEADO,EMCI,,,3.9,https://indomet.gob.do/wp-content/uploads/2026/08/temperaturas-extremas-y-precipitaciones-2026x08x24-a.pdf
2026-08-24,016,ENRIQUILLO,BARAHONA,MINISTERIO DE AGRICULTURA,EMCV,33.8,23.0,3.8,https://indomet.gob.do/wp-content/uploads/2026/08/temperaturas-extremas-y-precipitaciones-2026x08x24-a.pdf
2026-08-24,017,LOS JARDINES (EMA),DISTRITO NACIONAL,PRIVADA,EMAP,,,3.4,https://indomet.gob.do/wp-content/uploads/2026/08/temperaturas-extremas-y-precipitaciones-2026x08x24-a.pdf
2026-08-24,018,POLO,BARAHONA,INDOCAFE,EMCI,30.0,19.9,3.1,https://indomet.gob.do/wp-content/uploads/2026/08/temperaturas-extremas-y-precipitaciones-2026x08x24-a.pdf
2026-08-24,019,ANAMUYA (EMA),LA ALTAGRACIA,MINISTERIO DE AGRICULTURA,EMAP,31.4,25.5,2.8,https://indomet.gob.do/wp-content/uploads/2026/08/temperaturas-extremas-y-precipitaciones-2026x08x24-a.pdf
2026-08-24,020,BONAO,MONSEÑOR NOUEL,MINISTERIO DE AGRICULTURA,EMCV,,,1.5,https://indomet.gob.do/wp-content/uploads/2026/08/temperaturas-extremas-y-precipitaciones-2026x08x24-a.pdf
2026-08-24,021,PADRE LAS CASAS,AZUA,HOSP. NTRA. SRA. DEL CARMEN,EMCI,34.0,21.0,1.2,https://indomet.gob.do/wp-content/uploads/2026/08/temperaturas-extremas-y-precipitaciones-2026x08x24-a.pdf
2026-08-24,022,SAMANÁ,SAMANÁ,COMANDANCIA DE PUERTO DE SAMANÁ,EMCI,34.6,19.0,1.2,https://indomet.gob.do/wp-content/uploads/2026/08/temperaturas-extremas-y-precipitaciones-2026x08x24-a.pdf
2026-08-24,023,PALO DE VIENTO (EMA),SAN JUAN,PRIVADA,EMAP,,,1.0,https://indomet.gob.do/wp-content/uploads/2026/08/temperaturas-extremas-y-precipitaciones-2026x08x24-a.pdf
2026-08-24,024,ARPT. ARROYO BARRIL,SAMANÁ,INDOMET,EMCI,34.5,24.2,1.0,https://indomet.gob.do/wp-content/uploads/2026/08/temperaturas-extremas-y-precipitaciones-2026x08x24-a.pdf
2026-08-24,025,JUMA BEJUCAL,MONSEÑOR NOUEL,IDIAF,EMCV,35.2,23.2,0.9,https://indomet.gob.do/wp-content/uploads/2026/08/temperaturas-extremas-y-precipitaciones-2026x08x24-a.pdf
2026-08-24,026,ARPT. EL CATEY,SAMANÁ,INDOMET,EMCI,33.0,22.8,0.7,https://indomet.gob.do/wp-content/uploads/2026/08/temperaturas-extremas-y-precipitaciones-2026x08x24-a.pdf
2026-08-24,027,BAYAGUANA,MONTE PLATA,INDOMET,EMCI,34.5,23.6,0.5,https://indomet.gob.do/wp-content/uploads/2026/08/temperaturas-extremas-y-precipitaciones-2026x08x24-a.pdf
2026-08-24,028,ALTO BANDERA (EMA),LA VEGA,INTEC,EMAP,18.1,9.6,0.3,https://indomet.gob.do/wp-content/uploads/2026/08/temperaturas-extremas-y-precipitaciones-2026x08x24-a.pdf
2026-08-24,029,EL FACTOR (EMA),MARÍA TRINIDAD SÁNCHEZ,INTEC,EMAP,33.2,25.5,0.3,https://indomet.gob.do/wp-content/uploads/2026/08/temperaturas-extremas-y-precipitaciones-2026x08x24-a.pdf
2026-08-24,030,JARABACOA,LA VEGA,INDRHI / MARENA,EMCI,33.4,19.4,0.3,https://indomet.gob.do/wp-content/uploads/2026/08/temperaturas-extremas-y-precipitaciones-2026x08x24-a.pdf
2026-08-24,031,ARPT. DE PUNTA CANA,LA ALTAGRACIA,INDOMET,EMCI,32.4,22.4,0.2,https://indomet.gob.do/wp-content/uploads/2026/08/temperaturas-extremas-y-precipitaciones-2026x08x24-a.pdf
2026-08-24,032,ARPT. DE LA ROMANA,LA ROMANA,INDOMET,EMCI,33.3,23.9,0.1,https://indomet.gob.do/wp-content/uploads/2026/08/temperaturas-extremas-y-precipitaciones-2026x08x24-a.pdf
2026-08-24,033,ARROYO LORO,SAN JUAN,IDIAF,EMCI,36.0,20.2,0.1,https://indomet.gob.do/wp-content/uploads/2026/08/temperaturas-extremas-y-precipitaciones-2026x08x24-a.pdf
2026-08-24,034,HONDO VALLE,ELÍAS PIÑA,MINISTERIO DE AGRICULTURA,EMCI,29.7,20.2,0.1,https://indomet.gob.do/wp-content/uploads/2026/08/temperaturas-extremas-y-precipitaciones-2026x08x24-a.pdf
2026-08-24,035,OVIEDO,PEDERNALES,CLÍNICA RURAL OVIEDO,EMCI,34.0,25.2,0.1,https://indomet.gob.do/wp-content/uploads/2026/08/temperaturas-extremas-y-precipitaciones-2026x08x24-a.pdf
2026-08-24,036,JANICO (EMA),LA VEGA,PLAN SIERRA,EMAI,,,0.0,https://indomet.gob.do/wp-content/uploads/2026/08/temperaturas-extremas-y-precipitaciones-2026x08x24-a.pdf
2026-08-24,037,JARDÍN BOTÁNICO SANTIAGO (EMSANTIAGO,,JARDIN BOTANICO SANTIAGO,EMAI,35.9,27.8,0.0,https://indomet.gob.do/wp-content/uploads/2026/08/temperaturas-extremas-y-precipitaciones-2026x08x24-a.pdf
2026-08-24,038,SAJOMA (EMA),SANTIAGO,PLAN SIERRA,EMAI,34.4,25.9,0.0,https://indomet.gob.do/wp-content/uploads/2026/08/temperaturas-extremas-y-precipitaciones-2026x08x24-a.pdf
2026-08-24,039,BANI (EMA),PERAVIA,MINISTERIO DE AGRICULTURA,EMAP,33.0,27.1,0.0,https://indomet.gob.do/wp-content/uploads/2026/08/temperaturas-extremas-y-precipitaciones-2026x08x24-a.pdf
2026-08-24,040,BOCA DE MAO (EMA),VALVERDE,MINISTERIO DE AGRICULTURA,EMAP,38.4,26.4,0.0,https://indomet.gob.do/wp-content/uploads/2026/08/temperaturas-extremas-y-precipitaciones-2026x08x24-a.pdf
2026-08-24,041,CENTRO DE LOS HEROES (EMA),DISTRITO NACIONAL,MINISTERIO DE ENERGIA Y MINA,EMAP,32.8,27.7,0.0,https://indomet.gob.do/wp-content/uploads/2026/08/temperaturas-extremas-y-precipitaciones-2026x08x24-a.pdf
2026-08-24,042,CONSTANZA (EMA),LA VEGA,PROGRAMA MUNDIAL DE ALIMENTO,EMAP,28.4,16.3,0.0,https://indomet.gob.do/wp-content/uploads/2026/08/temperaturas-extremas-y-precipitaciones-2026x08x24-a.pdf
2026-08-24,043,LOS CACICAZGOS (EMA),DISTRITO NACIONAL,PRIVADA,EMAP,,,0.0,https://indomet.gob.do/wp-content/uploads/2026/08/temperaturas-extremas-y-precipitaciones-2026x08x24-a.pdf
2026-08-24,044,LOS COCOS (EMA),BAHORUCO,PRIVADA,EMAP,,,0.0,https://indomet.gob.do/wp-content/uploads/2026/08/temperaturas-extremas-y-precipitaciones-2026x08x24-a.pdf
2026-08-24,045,MONCIÓN (EMA),SANTIAGO RODRÍGUEZ,PROGRAMA MUNDIAL DE ALIMENTO,EMAP,35.6,23.6,0.0,https://indomet.gob.do/wp-content/uploads/2026/08/temperaturas-extremas-y-precipitaciones-2026x08x24-a.pdf
2026-08-24,046,PRESA DE TAVERAS (EMA),LA VEGA,PROGRAMA MUNDIAL DE ALIMENTO,EMAP,33.8,24.2,0.0,https://indomet.gob.do/wp-content/uploads/2026/08/temperaturas-extremas-y-precipitaciones-2026x08x24-a.pdf
2026-08-24,047,PROLONGACION 27 DE FEBRERO,DISTRITO NACIONAL,PRIVADA,EMAP,,,0.0,https://indomet.gob.do/wp-content/uploads/2026/08/temperaturas-extremas-y-precipitaciones-2026x08x24-a.pdf
2026-08-24,048,SABANETA (EMA),SANTIAGO RODRÍGUEZ,PROGRAMA MUNDIAL DE ALIMENTO,EMAP,38.2,25.9,0.0,https://indomet.gob.do/wp-content/uploads/2026/08/temperaturas-extremas-y-precipitaciones-2026x08x24-a.pdf
2026-08-24,049,ALTAMIRA,PUERTO PLATA,HOSP. MPAL. DE ALTAMIRA,EMCI,36.4,23.0,0.0,https://indomet.gob.do/wp-content/uploads/2026/08/temperaturas-extremas-y-precipitaciones-2026x08x24-a.pdf
2026-08-24,050,ARPT. DE LAS AMÉRICAS,SANTO DOMINGO,INDOMET,EMCI,32.5,25.0,0.0,https://indomet.gob.do/wp-content/uploads/2026/08/temperaturas-extremas-y-precipitaciones-2026x08x24-a.pdf
2026-08-24,051,ARPT. DEL CIBAO,SANTIAGO,INDOMET,EMCI,36.0,24.0,0.0,https://indomet.gob.do/wp-content/uploads/2026/08/temperaturas-extremas-y-precipitaciones-2026x08x24-a.pdf
2026-08-24,052,ARPT. GREGORIO LUPERÓN,PUERTO PLATA,INDOMET,EMCI,34.2,24.5,0.0,https://indomet.gob.do/wp-content/uploads/2026/08/temperaturas-extremas-y-precipitaciones-2026x08x24-a.pdf
2026-08-24,053,ARPT. LA ISABELA,SANTO DOMINGO,INDOMET,EMCI,35.7,23.2,0.0,https://indomet.gob.do/wp-content/uploads/2026/08/temperaturas-extremas-y-precipitaciones-2026x08x24-a.pdf
2026-08-24,054,ARPT. MARÍA MONTEZ,BARAHONA,INDOMET,EMCI,34.4,25.4,0.0,https://indomet.gob.do/wp-content/uploads/2026/08/temperaturas-extremas-y-precipitaciones-2026x08x24-a.pdf
2026-08-24,055,CABRERA,MARÍA TRINIDAD SÁNCHEZ,ESCUELA ARÍSTIDES FIALLO CABRAL,EMCI,33.5,26.0,0.0,https://indomet.gob.do/wp-content/uploads/2026/08/temperaturas-extremas-y-precipitaciones-2026x08x24-a.pdf
2026-08-24,056,CONSTANZA,LA VEGA,MINISTERIO DE AGRICULTURA,EMCI,29.5,15.5,0.0,https://indomet.gob.do/wp-content/uploads/2026/08/temperaturas-extremas-y-precipitaciones-2026x08x24-a.pdf
2026-08-24,057,DAJABÓN,DAJABÓN,INSTITUTO POLITÉCNICO LOYOLA,EMCI,36.8,21.2,0.0,https://indomet.gob.do/wp-content/uploads/2026/08/temperaturas-extremas-y-precipitaciones-2026x08x24-a.pdf
2026-08-24,058,GASPAR HERNÁNDEZ,ESPAILLAT,PROPIEDAD DEL EMPLEADO,EMCI,,,0.0,https://indomet.gob.do/wp-content/uploads/2026/08/temperaturas-extremas-y-precipitaciones-2026x08x24-a.pdf
2026-08-24,059,JIMANÍ,INDEPENDENCIA,MINISTERIO DE AGRICULTURA,EMCI,37.2,27.0,0.0,https://indomet.gob.do/wp-content/uploads/2026/08/temperaturas-extremas-y-precipitaciones-2026x08x24-a.pdf
2026-08-24,060,LA VEGA,LA VEGA,IATESA,EMCI,35.5,24.0,0.0,https://indomet.gob.do/wp-content/uploads/2026/08/temperaturas-extremas-y-precipitaciones-2026x08x24-a.pdf
2026-08-24,061,LA VICTORIA,SANTO DOMINGO,CUERPO DE BOMBEROS,EMCI,35.0,25.0,0.0,https://indomet.gob.do/wp-content/uploads/2026/08/temperaturas-extremas-y-precipitaciones-2026x08x24-a.pdf
2026-08-24,062,LOS LLANOS,SAN PEDRO DE MACORÍS,MINISTERIO DE AGRICULTURA,EMCI,34.6,24.9,0.0,https://indomet.gob.do/wp-content/uploads/2026/08/temperaturas-extremas-y-precipitaciones-2026x08x24-a.pdf
2026-08-24,063,MONTE CRISTI,MONTE CRISTI,INDOMET,EMCI,35.9,26.4,0.0,https://indomet.gob.do/wp-content/uploads/2026/08/temperaturas-extremas-y-precipitaciones-2026x08x24-a.pdf
2026-08-24,064,OLIVARES,PEDERNALES,INDRHI,EMCI,,,0.0,https://indomet.gob.do/wp-content/uploads/2026/08/temperaturas-extremas-y-precipitaciones-2026x08x24-a.pdf
2026-08-24,065,PALO ÍNDIO,PUERTO PLATA,MINISTERIO DE AGRICULTURA,EMCI,,,0.0,https://indomet.gob.do/wp-content/uploads/2026/08/temperaturas-extremas-y-precipitaciones-2026x08x24-a.pdf
2026-08-24,066,PEDERNALES,PEDERNALES,INDRHI,EMCI,,,0.0,https://indomet.gob.do/wp-content/uploads/2026/08/temperaturas-extremas-y-precipitaciones-2026x08x24-a.pdf
2026-08-24,067,PERALTA,AZUA,HOSP. MPAL. DE PERALTA,EMCI,33.0,18.5,0.0,https://indomet.gob.do/wp-content/uploads/2026/08/temperaturas-extremas-y-precipitaciones-2026x08x24-a.pdf
2026-08-24,068,RANCHO ARRIBA,SAN JOSÉ DE OCOA,CENTRO TECNOLÓGICO COMUNITARIO,EMCI,31.1,19.2,0.0,https://indomet.gob.do/wp-content/uploads/2026/08/temperaturas-extremas-y-precipitaciones-2026x08x24-a.pdf
2026-08-24,069,RESTAURACIÓN,DAJABÓN,MINISTERIO DE AGRICULTURA,EMCI,34.2,19.9,0.0,https://indomet.gob.do/wp-content/uploads/2026/08/temperaturas-extremas-y-precipitaciones-2026x08x24-a.pdf
2026-08-24,070,SABANA DE LA MAR,HATO MAYOR,INDOMET,EMCI,33.0,24.2,0.0,https://indomet.gob.do/wp-content/uploads/2026/08/temperaturas-extremas-y-precipitaciones-2026x08x24-a.pdf
2026-08-24,071,SAN CRISTÓBAL,SAN CRISTÓBAL,INSTITUTO POLITÉCNICO LOYOLA,EMCI,35.0,24.9,0.0,https://indomet.gob.do/wp-content/uploads/2026/08/temperaturas-extremas-y-precipitaciones-2026x08x24-a.pdf
2026-08-24,072,SAN FRANCISCO DE MACORÍS,DUARTE,San Francisco de Macorís (UASD),EMCI,35.3,24.7,0.0,https://indomet.gob.do/wp-content/uploads/2026/08/temperaturas-extremas-y-precipitaciones-2026x08x24-a.pdf
2026-08-24,073,SAN JOSÉ DE OCOA,SAN JOSÉ DE OCOA,HOSP. SAN JOSÉ DE OCOA,EMCI,34.3,24.2,0.0,https://indomet.gob.do/wp-content/uploads/2026/08/temperaturas-extremas-y-precipitaciones-2026x08x24-a.pdf
2026-08-24,074,SAN RAFAEL DEL YUMA,LA ALTAGRACIA,MINISTERIO DE AGRICULTURA,EMCI,35.0,24.9,0.0,https://indomet.gob.do/wp-content/uploads/2026/08/temperaturas-extremas-y-precipitaciones-2026x08x24-a.pdf
2026-08-24,075,SANTIAGO RODRÍGUEZ,SANTIAGO RODRÍGUEZ,INDOMET,EMCI,38.3,26.6,0.0,https://indomet.gob.do/wp-content/uploads/2026/08/temperaturas-extremas-y-precipitaciones-2026x08x24-a.pdf
2026-08-24,076,SANTO DOMINGO ESTE,SANTO DOMINGO,INDOMET,EMCI,32.8,27.0,0.0,https://indomet.gob.do/wp-content/uploads/2026/08/temperaturas-extremas-y-precipitaciones-2026x08x24-a.pdf
2026-08-24,077,TÁBARA ABAJO,AZUA,INDRHI,EMCI,34.5,24.0,0.0,https://indomet.gob.do/wp-content/uploads/2026/08/temperaturas-extremas-y-precipitaciones-2026x08x24-a.pdf
2026-08-24,078,VILLA GONZALES,SANTIAGO,MINISTERIO DE AGRICULTURA,EMCI,,,0.0,https://indomet.gob.do/wp-content/uploads/2026/08/temperaturas-extremas-y-precipitaciones-2026x08x24-a.pdf
2026-08-24,079,BASE AÉREA DE SAN ISIDRO,SANTO DOMINGO,FUERZA AÉREA DOMINICANA,EMCV,33.0,23.0,0.0,https://indomet.gob.do/wp-content/uploads/2026/08/temperaturas-extremas-y-precipitaciones-2026x08x24-a.pdf
2026-08-24,080,CABRAL,BARAHONA,MINISTERIO DE AGRICULTURA,EMCV,35.7,26.9,0.0,https://indomet.gob.do/wp-content/uploads/2026/08/temperaturas-extremas-y-precipitaciones-2026x08x24-a.pdf
2026-08-24,081,ELÍAS PIÑA,ELÍAS PIÑA,MINISTERIO DE AGRICULTURA,EMCV,,,0.0,https://indomet.gob.do/wp-content/uploads/2026/08/temperaturas-extremas-y-precipitaciones-2026x08x24-a.pdf
2026-08-24,082,ESCONDIDO,PERAVIA,MINISTERIO DE AGRICULTURA,EMCV,33.0,27.0,0.0,https://indomet.gob.do/wp-content/uploads/2026/08/temperaturas-extremas-y-precipitaciones-2026x08x24-a.pdf
2026-08-24,083,GURABO,SANTIAGO,MINISTERIO DE AGRICULTURA,EMCV,,,0.0,https://indomet.gob.do/wp-content/uploads/2026/08/temperaturas-extremas-y-precipitaciones-2026x08x24-a.pdf
2026-08-24,084,HATO MAYOR,HATO MAYOR,MINISTERIO DE AGRICULTURA,EMCV,,,0.0,https://indomet.gob.do/wp-content/uploads/2026/08/temperaturas-extremas-y-precipitaciones-2026x08x24-a.pdf
2026-08-24,085,LAS MATAS DE FARFÁN,SAN JUAN,MINISTERIO DE AGRICULTURA,EMCV,,,0.0,https://indomet.gob.do/wp-content/uploads/2026/08/temperaturas-extremas-y-precipitaciones-2026x08x24-a.pdf
2026-08-24,086,MAO,VALVERDE,INDRHI / MINISTERIO DE AGRICULTURA,EMCV,,,0.0,https://indomet.gob.do/wp-content/uploads/2026/08/temperaturas-extremas-y-precipitaciones-2026x08x24-a.pdf
2026-08-24,087,NAVARRETE,SANTIAGO,MINISTERIO DE AGRICULTURA,EMCV,,,0.0,https://indomet.gob.do/wp-content/uploads/2026/08/temperaturas-extremas-y-precipitaciones-2026x08x24-a.pdf
2026-08-25,001,SABANA GRANDE DE BOYÁ,MONTE PLATA,MINISTERIO DE AGRICULTURA,EMCV,,,22.9,https://indomet.gob.do/wp-content/uploads/2026/08/temperaturas-extremas-y-precipitaciones-2026x08x25.pdf
2026-08-25,002,RÍO SAN JUAN,MARÍA TRINIDAD SÁNCHEZ,HOSP. MPAL. DR. DESIDERIO ACOSTA,EMCV,34.9,25.1,9.0,https://indomet.gob.do/wp-content/uploads/2026/08/temperaturas-extremas-y-precipitaciones-2026x08x25.pdf
2026-08-25,003,VILLA ALTAGRACIA,SAN CRISTÓBAL,ESCUELA JAVIER ANGULO GURIDI,EMCI,,,8.8,https://indomet.gob.do/wp-content/uploads/2026/08/temperaturas-extremas-y-precipitaciones-2026x08x25.pdf
2026-08-25,004,ELÍAS PIÑA,ELÍAS PIÑA,MINISTERIO DE AGRICULTURA,EMCV,,,5.8,https://indomet.gob.do/wp-content/uploads/2026/08/temperaturas-extremas-y-precipitaciones-2026x08x25.pdf
2026-08-25,005,POLO,BARAHONA,INDOCAFE,EMCI,31.0,20.0,4.8,https://indomet.gob.do/wp-content/uploads/2026/08/temperaturas-extremas-y-precipitaciones-2026x08x25.pdf
2026-08-25,006,RESTAURACIÓN,DAJABÓN,MINISTERIO DE AGRICULTURA,EMCI,36.0,18.5,4.2,https://indomet.gob.do/wp-content/uploads/2026/08/temperaturas-extremas-y-precipitaciones-2026x08x25.pdf
2026-08-25,007,COTUÍ (EMA),SÁNCHEZ RAMÍREZ,HOSP. INMACULADA CONCEPCIÓN,EMCV,35.5,24.6,4.0,https://indomet.gob.do/wp-content/uploads/2026/08/temperaturas-extremas-y-precipitaciones-2026x08x25.pdf
2026-08-25,008,LOS JENGIBRES,NAGUA,INDRHI,EMCI,,,4.0,https://indomet.gob.do/wp-content/uploads/2026/08/temperaturas-extremas-y-precipitaciones-2026x08x25.pdf
2026-08-25,009,JUMA BEJUCAL,MONSEÑOR NOUEL,IDIAF,EMCV,35.4,23.6,3.7,https://indomet.gob.do/wp-content/uploads/2026/08/temperaturas-extremas-y-precipitaciones-2026x08x25.pdf
2026-08-25,010,BONAO,MONSEÑOR NOUEL,MINISTERIO DE AGRICULTURA,EMCV,,,3.6,https://indomet.gob.do/wp-content/uploads/2026/08/temperaturas-extremas-y-precipitaciones-2026x08x25.pdf
2026-08-25,011,HONDO VALLE,ELÍAS PIÑA,MINISTERIO DE AGRICULTURA,EMCI,29.5,19.9,2.1,https://indomet.gob.do/wp-content/uploads/2026/08/temperaturas-extremas-y-precipitaciones-2026x08x25.pdf
2026-08-25,012,BOHECHÍO,SAN JUAN,MINISTERIO DE AGRICULTURA,EMCV,,,2.0,https://indomet.gob.do/wp-content/uploads/2026/08/temperaturas-extremas-y-precipitaciones-2026x08x25.pdf
2026-08-25,013,VILLA GONZALE (EMA),SANTIAGO,IGLESIA,EMAI,,,1.8,https://indomet.gob.do/wp-content/uploads/2026/08/temperaturas-extremas-y-precipitaciones-2026x08x25.pdf
2026-08-25,014,ARPT. DE PUNTA CANA,LA ALTAGRACIA,INDOMET,EMCI,32.3,22.8,1.6,https://indomet.gob.do/wp-content/uploads/2026/08/temperaturas-extremas-y-precipitaciones-2026x08x25.pdf
2026-08-25,015,PRESA DE TAVERAS (EMA),LA VEGA,PROGRAMA MUNDIAL DE ALIMENTO,EMAP,34.7,22.8,1.0,https://indomet.gob.do/wp-content/uploads/2026/08/temperaturas-extremas-y-precipitaciones-2026x08x25.pdf
2026-08-25,016,SAN JOSÉ DE OCOA,SAN JOSÉ DE OCOA,HOSP. SAN JOSÉ DE OCOA,EMCI,35.3,24.1,1.0,https://indomet.gob.do/wp-content/uploads/2026/08/temperaturas-extremas-y-precipitaciones-2026x08x25.pdf
2026-08-25,017,ENRIQUILLO,BARAHONA,MINISTERIO DE AGRICULTURA,EMCV,34.8,25.0,0.8,https://indomet.gob.do/wp-content/uploads/2026/08/temperaturas-extremas-y-precipitaciones-2026x08x25.pdf
2026-08-25,018,ARPT. LA ISABELA,SANTO DOMINGO,INDOMET,EMCI,36.2,23.9,0.7,https://indomet.gob.do/wp-content/uploads/2026/08/temperaturas-extremas-y-precipitaciones-2026x08x25.pdf
2026-08-25,019,BUCARA (EMA),SANTIAGO,MINISTERIO DE AGRICULTURA,EMAI,,,0.6,https://indomet.gob.do/wp-content/uploads/2026/08/temperaturas-extremas-y-precipitaciones-2026x08x25.pdf
2026-08-25,020,LA VEGA,LA VEGA,IATESA,EMCI,37.0,24.0,0.4,https://indomet.gob.do/wp-content/uploads/2026/08/temperaturas-extremas-y-precipitaciones-2026x08x25.pdf
2026-08-25,021,PALO DE VIENTO (EMA),SAN JUAN,MINISTERIO DE AGRICULTURA,EMAP,29.0,15.6,0.4,https://indomet.gob.do/wp-content/uploads/2026/08/temperaturas-extremas-y-precipitaciones-2026x08x25.pdf
2026-08-25,022,ARPT. DEL CIBAO,SANTIAGO,INDOMET,EMCI,36.0,24.5,0.1,https://indomet.gob.do/wp-content/uploads/2026/08/temperaturas-extremas-y-precipitaciones-2026x08x25.pdf
2026-08-25,023,ARROYO LORO,SAN JUAN,IDIAF,EMCI,36.0,19.6,0.1,https://indomet.gob.do/wp-content/uploads/2026/08/temperaturas-extremas-y-precipitaciones-2026x08x25.pdf
2026-08-25,024,BAYAGUANA,MONTE PLATA,INDOMET,EMCI,35.6,24.2,0.1,https://indomet.gob.do/wp-content/uploads/2026/08/temperaturas-extremas-y-precipitaciones-2026x08x25.pdf
2026-08-25,025,VILLA RIVA,DUARTE,HOSP. MPAL. ALICIA DE LEGENDRE,EMCI,33.5,23.8,0.1,https://indomet.gob.do/wp-content/uploads/2026/08/temperaturas-extremas-y-precipitaciones-2026x08x25.pdf
2026-08-25,026,ALTAMIRA,PUERTO PLATA,HOSP. MPAL. DE ALTAMIRA,EMCI,36.6,22.5,0.0,https://indomet.gob.do/wp-content/uploads/2026/08/temperaturas-extremas-y-precipitaciones-2026x08x25.pdf
2026-08-25,027,ALTO BANDERA (EMA),LA VEGA,INTEC,EMAP,18.9,8.3,0.0,https://indomet.gob.do/wp-content/uploads/2026/08/temperaturas-extremas-y-precipitaciones-2026x08x25.pdf
2026-08-25,028,ANAMUYA (EMA),LA ALTAGRACIA,MINISTERIO DE AGRICULTURA,EMAP,33.4,24.4,0.0,https://indomet.gob.do/wp-content/uploads/2026/08/temperaturas-extremas-y-precipitaciones-2026x08x25.pdf
2026-08-25,029,ARPT. ARROYO BARRIL,SAMANÁ,INDOMET,EMCI,34.4,24.5,0.0,https://indomet.gob.do/wp-content/uploads/2026/08/temperaturas-extremas-y-precipitaciones-2026x08x25.pdf
2026-08-25,030,ARPT. DE LA ROMANA,LA ROMANA,INDOMET,EMCI,35.0,24.0,0.0,https://indomet.gob.do/wp-content/uploads/2026/08/temperaturas-extremas-y-precipitaciones-2026x08x25.pdf
2026-08-25,031,ARPT. DE LAS AMÉRICAS,SANTO DOMINGO,INDOMET,EMCI,33.2,25.2,0.0,https://indomet.gob.do/wp-content/uploads/2026/08/temperaturas-extremas-y-precipitaciones-2026x08x25.pdf
2026-08-25,032,ARPT. EL CATEY,SAMANÁ,INDOMET,EMCI,33.5,23.0,0.0,https://indomet.gob.do/wp-content/uploads/2026/08/temperaturas-extremas-y-precipitaciones-2026x08x25.pdf
2026-08-25,033,ARPT. GREGORIO LUPERÓN,PUERTO PLATA,INDOMET,EMCI,33.8,24.3,0.0,https://indomet.gob.do/wp-content/uploads/2026/08/temperaturas-extremas-y-precipitaciones-2026x08x25.pdf
2026-08-25,034,ARPT. MARÍA MONTEZ,BARAHONA,INDOMET,EMCI,34.4,27.0,0.0,https://indomet.gob.do/wp-content/uploads/2026/08/temperaturas-extremas-y-precipitaciones-2026x08x25.pdf
2026-08-25,035,BANI (EMA),PERAVIA,MINISTERIO DE AGRICULTURA,EMAP,33.8,26.4,0.0,https://indomet.gob.do/wp-content/uploads/2026/08/temperaturas-extremas-y-precipitaciones-2026x08x25.pdf
2026-08-25,037,BASE AÉREA DE SAN ISIDRO,SANTO DOMINGO,FUERZA AÉREA DOMINICANA,EMCV,33.4,24.4,0.0,https://indomet.gob.do/wp-content/uploads/2026/08/temperaturas-extremas-y-precipitaciones-2026x08x25.pdf
2026-08-25,038,BOCA DE MAO (EMA),VALVERDE,MINISTERIO DE AGRICULTURA,EMAP,38.8,25.4,0.0,https://indomet.gob.do/wp-content/uploads/2026/08/temperaturas-extremas-y-precipitaciones-2026x08x25.pdf
2026-08-25,039,CABRAL,BARAHONA,MINISTERIO DE AGRICULTURA,EMCV,36.3,25.6,0.0,https://indomet.gob.do/wp-content/uploads/2026/08/temperaturas-extremas-y-precipitaciones-2026x08x25.pdf
2026-08-25,040,CABRERA,MARÍA TRINIDAD SÁNCHEZ,ESCUELA ARÍSTIDES FIALLO CABRAL,EMCI,35.0,26.0,0.0,https://indomet.gob.do/wp-content/uploads/2026/08/temperaturas-extremas-y-precipitaciones-2026x08x25.pdf
2026-08-25,041,CENTRO DE LOS HEROES (EMA),DISTRITO NACIONAL,MINISTERIO DE ENERGIA Y MINA,EMAP,33.1,27.6,0.0,https://indomet.gob.do/wp-content/uploads/2026/08/temperaturas-extremas-y-precipitaciones-2026x08x25.pdf
2026-08-25,042,CONSTANZA,LA VEGA,MINISTERIO DE AGRICULTURA,EMCI,28.5,13.7,0.0,https://indomet.gob.do/wp-content/uploads/2026/08/temperaturas-extremas-y-precipitaciones-2026x08x25.pdf
2026-08-25,043,CONSTANZA (EMA),LA VEGA,PROGRAMA MUNDIAL DE ALIMENTO,EMAP,27.5,14.7,0.0,https://indomet.gob.do/wp-content/uploads/2026/08/temperaturas-extremas-y-precipitaciones-2026x08x25.pdf
2026-08-25,044,DAJABÓN,DAJABÓN,INSTITUTO POLITÉCNICO LOYOLA,EMCI,37.1,21.3,0.0,https://indomet.gob.do/wp-content/uploads/2026/08/temperaturas-extremas-y-precipitaciones-2026x08x25.pdf
2026-08-25,045,EL FACTOR (EMA),MARÍA TRINIDAD SÁNCHEZ,INTEC,EMAP,33.7,25.1,0.0,https://indomet.gob.do/wp-content/uploads/2026/08/temperaturas-extremas-y-precipitaciones-2026x08x25.pdf
2026-08-25,046,EL MILLON (EMA),DISTRITO NACIONAL,PRIVADA,EMAP,,,0.0,https://indomet.gob.do/wp-content/uploads/2026/08/temperaturas-extremas-y-precipitaciones-2026x08x25.pdf
2026-08-25,047,ENSANCHE LA FE (EMA),DISTRITO NACIONAL,PRIVADA,EMAP,,,0.0,https://indomet.gob.do/wp-content/uploads/2026/08/temperaturas-extremas-y-precipitaciones-2026x08x25.pdf
2026-08-25,048,GASPAR HERNÁNDEZ,ESPAILLAT,PROPIEDAD DEL EMPLEADO,EMCI,,,0.0,https://indomet.gob.do/wp-content/uploads/2026/08/temperaturas-extremas-y-precipitaciones-2026x08x25.pdf
2026-08-25,049,GURABO,SANTIAGO,MINISTERIO DE AGRICULTURA,EMCV,,,0.0,https://indomet.gob.do/wp-content/uploads/2026/08/temperaturas-extremas-y-precipitaciones-2026x08x25.pdf
2026-08-25,050,HATO MAYOR,HATO MAYOR,MINISTERIO DE AGRICULTURA,EMCV,,,0.0,https://indomet.gob.do/wp-content/uploads/2026/08/temperaturas-extremas-y-precipitaciones-2026x08x25.pdf
2026-08-25,051,JARABACOA,LA VEGA,INDRHI / MARENA,EMCI,34.8,18.6,0.0,https://indomet.gob.do/wp-content/uploads/2026/08/temperaturas-extremas-y-precipitaciones-2026x08x25.pdf
2026-08-25,052,JARDÍN BOTÁNICO NACIONAL,DISTRITO NACIONAL,JARDÍN BOTÁNICO NACIONAL,EMCV,34.1,23.9,0.0,https://indomet.gob.do/wp-content/uploads/2026/08/temperaturas-extremas-y-precipitaciones-2026x08x25.pdf
2026-08-25,053,JARDÍN BOTÁNICO SANTIAGO (EMSANTIAGO,,JARDIN BOTANICO SANTIAGO,EMAI,36.6,24.6,0.0,https://indomet.gob.do/wp-content/uploads/2026/08/temperaturas-extremas-y-precipitaciones-2026x08x25.pdf
2026-08-25,054,JIMANÍ,INDEPENDENCIA,MINISTERIO DE AGRICULTURA,EMCI,37.8,27.0,0.0,https://indomet.gob.do/wp-content/uploads/2026/08/temperaturas-extremas-y-precipitaciones-2026x08x25.pdf
2026-08-25,055,LA AGUSTINA (EMA),DISTRITO NACIONAL,PRIVADA,EMAP,,,0.0,https://indomet.gob.do/wp-content/uploads/2026/08/temperaturas-extremas-y-precipitaciones-2026x08x25.pdf
2026-08-25,056,LA VICTORIA,SANTO DOMINGO,CUERPO DE BOMBEROS,EMCI,35.0,24.0,0.0,https://indomet.gob.do/wp-content/uploads/2026/08/temperaturas-extremas-y-precipitaciones-2026x08x25.pdf
2026-08-25,057,LAS CANAS (EMA),MONTE CRISTI,PROGRAMA MUNDIAL DE ALIMENTO,EMAP,32.5,25.6,0.0,https://indomet.gob.do/wp-content/uploads/2026/08/temperaturas-extremas-y-precipitaciones-2026x08x25.pdf
2026-08-25,058,LOS CACICAZGOS (EMA),DISTRITO NACIONAL,PRIVADA,EMAP,,,0.0,https://indomet.gob.do/wp-content/uploads/2026/08/temperaturas-extremas-y-precipitaciones-2026x08x25.pdf
2026-08-25,059,LOS COCOS (EMA),BAHORUCO,PRIVADA,EMAP,,,0.0,https://indomet.gob.do/wp-content/uploads/2026/08/temperaturas-extremas-y-precipitaciones-2026x08x25.pdf
2026-08-25,060,LOS JARDINES (EMA),DISTRITO NACIONAL,PRIVADA,EMAP,,,0.0,https://indomet.gob.do/wp-content/uploads/2026/08/temperaturas-extremas-y-precipitaciones-2026x08x25.pdf
2026-08-25,061,LOS LLANOS,SAN PEDRO DE MACORÍS,MINISTERIO DE AGRICULTURA,EMCI,35.5,23.7,0.0,https://indomet.gob.do/wp-content/uploads/2026/08/temperaturas-extremas-y-precipitaciones-2026x08x25.pdf
2026-08-25,062,MICHES (EMA),EL SEIBO,PRIVADA,EMAP,34.1,23.3,0.0,https://indomet.gob.do/wp-content/uploads/2026/08/temperaturas-extremas-y-precipitaciones-2026x08x25.pdf
2026-08-25,063,MONCIÓN (EMA),SANTIAGO RODRÍGUEZ,PROGRAMA MUNDIAL DE ALIMENTO,EMAP,35.4,22.0,0.0,https://indomet.gob.do/wp-content/uploads/2026/08/temperaturas-extremas-y-precipitaciones-2026x08x25.pdf
2026-08-25,064,MONTE CRISTI,MONTE CRISTI,INDOMET,EMCI,35.4,26.0,0.0,https://indomet.gob.do/wp-content/uploads/2026/08/temperaturas-extremas-y-precipitaciones-2026x08x25.pdf
2026-08-25,065,OLIVARES,PEDERNALES,INDRHI,EMCI,,,0.0,https://indomet.gob.do/wp-content/uploads/2026/08/temperaturas-extremas-y-precipitaciones-2026x08x25.pdf
2026-08-25,066,OVIEDO,PEDERNALES,CLÍNICA RURAL OVIEDO,EMCI,34.2,25.6,0.0,https://indomet.gob.do/wp-content/uploads/2026/08/temperaturas-extremas-y-precipitaciones-2026x08x25.pdf
2026-08-25,067,PADRE LAS CASAS,AZUA,HOSP. NTRA. SRA. DEL CARMEN,EMCI,34.0,20.0,0.0,https://indomet.gob.do/wp-content/uploads/2026/08/temperaturas-extremas-y-precipitaciones-2026x08x25.pdf
2026-08-25,068,PALO ÍNDIO,PUERTO PLATA,MINISTERIO DE AGRICULTURA,EMCI,,,0.0,https://indomet.gob.do/wp-content/uploads/2026/08/temperaturas-extremas-y-precipitaciones-2026x08x25.pdf
2026-08-25,069,PASO AL MEDIO,SAN PEDRO DE MACORÍS,INDRHI,EMCI,,,0.0,https://indomet.gob.do/wp-content/uploads/2026/08/temperaturas-extremas-y-precipitaciones-2026x08x25.pdf
2026-08-25,070,PEDERNALES,PEDERNALES,INDRHI,EMCI,,,0.0,https://indomet.gob.do/wp-content/uploads/2026/08/temperaturas-extremas-y-precipitaciones-2026x08x25.pdf
2026-08-25,071,PERALTA,AZUA,HOSP. MPAL. DE PERALTA,EMCI,34.0,19.7,0.0,https://indomet.gob.do/wp-content/uploads/2026/08/temperaturas-extremas-y-precipitaciones-2026x08x25.pdf
2026-08-25,072,PROLONGACION 27 DE FEBRERO,DISTRITO NACIONAL,PRIVADA,EMAP,,,0.0,https://indomet.gob.do/wp-content/uploads/2026/08/temperaturas-extremas-y-precipitaciones-2026x08x25.pdf
2026-08-25,073,RANCHO ARRIBA,SAN JOSÉ DE OCOA,CENTRO TECNOLÓGICO COMUNITARIO,EMCI,32.6,18.8,0.0,https://indomet.gob.do/wp-content/uploads/2026/08/temperaturas-extremas-y-precipitaciones-2026x08x25.pdf
2026-08-25,074,SABANA DE LA MAR,HATO MAYOR,INDOMET,EMCI,36.7,24.0,0.0,https://indomet.gob.do/wp-content/uploads/2026/08/temperaturas-extremas-y-precipitaciones-2026x08x25.pdf
2026-08-25,075,SABANETA (EMA),SANTIAGO RODRÍGUEZ,PROGRAMA MUNDIAL DE ALIMENTO,EMAP,38.8,24.8,0.0,https://indomet.gob.do/wp-content/uploads/2026/08/temperaturas-extremas-y-precipitaciones-2026x08x25.pdf
2026-08-25,076,SAJOMA (EMA),SANTIAGO,PLAN SIERRA,EMAI,34.8,26.3,0.0,https://indomet.gob.do/wp-content/uploads/2026/08/temperaturas-extremas-y-precipitaciones-2026x08x25.pdf
2026-08-25,077,SALCEDO,HERMANAS MIRABAL,PROPIEDAD DEL EMPLEADO,EMCI,,,0.0,https://indomet.gob.do/wp-content/uploads/2026/08/temperaturas-extremas-y-precipitaciones-2026x08x25.pdf
2026-08-25,078,SAMANÁ,SAMANÁ,COMANDANCIA DE PUERTO DE SAMANÁ,EMCI,34.5,18.0,0.0,https://indomet.gob.do/wp-content/uploads/2026/08/temperaturas-extremas-y-precipitaciones-2026x08x25.pdf
2026-08-25,079,SAN FRANCISCO DE MACORÍS,DUARTE,San Francisco de Macorís (UASD),EMCI,35.4,24.5,0.0,https://indomet.gob.do/wp-content/uploads/2026/08/temperaturas-extremas-y-precipitaciones-2026x08x25.pdf
2026-08-25,080,SAN RAFAEL DEL YUMA,LA ALTAGRACIA,MINISTERIO DE AGRICULTURA,EMCI,36.5,24.1,0.0,https://indomet.gob.do/wp-content/uploads/2026/08/temperaturas-extremas-y-precipitaciones-2026x08x25.pdf
2026-08-25,081,SÁNCHEZ,SAMANÁ,MINISTERIO DE AGRICULTURA,EMCI,33.4,23.3,0.0,https://indomet.gob.do/wp-content/uploads/2026/08/temperaturas-extremas-y-precipitaciones-2026x08x25.pdf
2026-08-25,082,SANTIAGO RODRÍGUEZ,SANTIAGO RODRÍGUEZ,INDOMET,EMCI,39.0,26.2,0.0,https://indomet.gob.do/wp-content/uploads/2026/08/temperaturas-extremas-y-precipitaciones-2026x08x25.pdf
2026-08-25,083,SANTO DOMINGO ESTE,SANTO DOMINGO,INDOMET,EMCI,34.2,25.2,0.0,https://indomet.gob.do/wp-content/uploads/2026/08/temperaturas-extremas-y-precipitaciones-2026x08x25.pdf
2026-08-25,084,TÁBARA ABAJO,AZUA,INDRHI,EMCI,33.5,20.0,0.0,https://indomet.gob.do/wp-content/uploads/2026/08/temperaturas-extremas-y-precipitaciones-2026x08x25.pdf
2026-08-25,085,TAMBORIL,SANTIAGO,MINISTERIO DE AGRICULTURA,EMCV,,,0.0,https://indomet.gob.do/wp-content/uploads/2026/08/temperaturas-extremas-y-precipitaciones-2026x08x25.pdf
2026-08-25,086,TAVERA,SANTIAGO,INDRHI,EMCI,,,0.0,https://indomet.gob.do/wp-content/uploads/2026/08/temperaturas-extremas-y-precipitaciones-2026x08x25.pdf
2026-08-25,087,VILLA GONZALES,SANTIAGO,MINISTERIO DE AGRICULTURA,EMCI,,,0.0,https://indomet.gob.do/wp-content/uploads/2026/08/temperaturas-extremas-y-precipitaciones-2026x08x25.pdf
2026-08-25,088,VILLA ISABELA,PUERTO PLATA,MINISTERIO DE AGRICULTURA,EMCV,,,0.0,https://indomet.gob.do/wp-content/uploads/2026/08/temperaturas-extremas-y-precipitaciones-2026x08x25.pdf
2026-08-25,089,VILLA VASQUEZ (EMA),MONTE CRISTI,JUNTA DE REGANTES,EMAI,,,0.0,https://indomet.gob.do/wp-content/uploads/2026/08/temperaturas-extremas-y-precipitaciones-2026x08x25.pdf
2026-08-25,090,MAO,VALVERDE,INDRHI / MINISTERIO DE AGRICULTURA,EMCV,,,0.0,https://indomet.gob.do/wp-content/uploads/2026/08/temperaturas-extremas-y-precipitaciones-2026x08x25.pdf
2026-08-25,091,SAN CRISTÓBAL,SAN CRISTÓBAL,INSTITUTO POLITÉCNICO LOYOLA,EMCI,36.0,24.5,0.0,https://indomet.gob.do/wp-content/uploads/2026/08/temperaturas-extremas-y-precipitaciones-2026x08x25.pdf
2026-08-26,001,VILLA ALTAGRACIA,SAN CRISTÓBAL,ESCUELA JAVIER ANGULO GURIDI,EMCI,,,26.2,https://indomet.gob.do/wp-content/uploads/2026/08/temperaturas-extremas-y-precipitaciones-2026x08x26-a.pdf
2026-08-26,002,SABANA DE LA MAR,HATO MAYOR,INDOMET,EMCI,33.0,24.2,11.2,https://indomet.gob.do/wp-content/uploads/2026/08/temperaturas-extremas-y-precipitaciones-2026x08x26-a.pdf
2026-08-26,003,LAS MATAS DE FARFÁN,SAN JUAN,MINISTERIO DE AGRICULTURA,EMCV,,,10.7,https://indomet.gob.do/wp-content/uploads/2026/08/temperaturas-extremas-y-precipitaciones-2026x08x26-a.pdf
2026-08-26,004,PADRE LAS CASAS,AZUA,HOSP. NTRA. SRA. DEL CARMEN,EMCI,35.0,20.0,5.6,https://indomet.gob.do/wp-content/uploads/2026/08/temperaturas-extremas-y-precipitaciones-2026x08x26-a.pdf
2026-08-26,005,ELÍAS PIÑA,ELÍAS PIÑA,MINISTERIO DE AGRICULTURA,EMCV,,,5.0,https://indomet.gob.do/wp-content/uploads/2026/08/temperaturas-extremas-y-precipitaciones-2026x08x26-a.pdf
2026-08-26,006,MICHES (EMA),EL SEIBO,PRIVADA,EMAP,33.7,24.1,4.6,https://indomet.gob.do/wp-content/uploads/2026/08/temperaturas-extremas-y-precipitaciones-2026x08x26-a.pdf
2026-08-26,007,SAMANÁ,SAMANÁ,COMANDANCIA DE PUERTO DE SAMANÁ,EMCI,34.6,17.9,2.4,https://indomet.gob.do/wp-content/uploads/2026/08/temperaturas-extremas-y-precipitaciones-2026x08x26-a.pdf
2026-08-26,008,JUMA BEJUCAL,MONSEÑOR NOUEL,IDIAF,EMCV,35.8,24.0,2.3,https://indomet.gob.do/wp-content/uploads/2026/08/temperaturas-extremas-y-precipitaciones-2026x08x26-a.pdf
2026-08-26,009,LOS JENGIBRES,NAGUA,INDRHI,EMCI,,,2.1,https://indomet.gob.do/wp-content/uploads/2026/08/temperaturas-extremas-y-precipitaciones-2026x08x26-a.pdf
2026-08-26,010,POLO,BARAHONA,INDOCAFE,EMCI,30.7,20.5,1.8,https://indomet.gob.do/wp-content/uploads/2026/08/temperaturas-extremas-y-precipitaciones-2026x08x26-a.pdf
2026-08-26,011,SAN RAFAEL DEL YUMA,LA ALTAGRACIA,MINISTERIO DE AGRICULTURA,EMCI,36.5,24.9,1.5,https://indomet.gob.do/wp-content/uploads/2026/08/temperaturas-extremas-y-precipitaciones-2026x08x26-a.pdf
2026-08-26,012,BOHECHÍO,SAN JUAN,MINISTERIO DE AGRICULTURA,EMCV,,,1.2,https://indomet.gob.do/wp-content/uploads/2026/08/temperaturas-extremas-y-precipitaciones-2026x08x26-a.pdf
2026-08-26,013,RESTAURACIÓN,DAJABÓN,MINISTERIO DE AGRICULTURA,EMCI,34.3,18.9,1.1,https://indomet.gob.do/wp-content/uploads/2026/08/temperaturas-extremas-y-precipitaciones-2026x08x26-a.pdf
2026-08-26,014,EL CERCADO,SAN JUAN,MINISTERIO DE AGRICULTURA,EMCV,,,1.0,https://indomet.gob.do/wp-content/uploads/2026/08/temperaturas-extremas-y-precipitaciones-2026x08x26-a.pdf
2026-08-26,015,RÍO SAN JUAN,MARÍA TRINIDAD SÁNCHEZ,HOSP. MPAL. DR. DESIDERIO ACOSTA,EMCV,35.4,25.0,0.6,https://indomet.gob.do/wp-content/uploads/2026/08/temperaturas-extremas-y-precipitaciones-2026x08x26-a.pdf
2026-08-26,016,BUCARA (EMA),SANTIAGO,MINISTERIO DE AGRICULTURA,EMAI,,,0.2,https://indomet.gob.do/wp-content/uploads/2026/08/temperaturas-extremas-y-precipitaciones-2026x08x26-a.pdf
2026-08-26,017,VILLA VASQUEZ (EMA),MONTE CRISTI,JUNTA DE REGANTES,EMAI,,,0.2,https://indomet.gob.do/wp-content/uploads/2026/08/temperaturas-extremas-y-precipitaciones-2026x08x26-a.pdf
2026-08-26,018,ARROYO LORO,SAN JUAN,IDIAF,EMCI,36.6,19.0,0.1,https://indomet.gob.do/wp-content/uploads/2026/08/temperaturas-extremas-y-precipitaciones-2026x08x26-a.pdf
2026-08-26,019,BAYAGUANA,MONTE PLATA,INDOMET,EMCI,36.0,23.0,0.1,https://indomet.gob.do/wp-content/uploads/2026/08/temperaturas-extremas-y-precipitaciones-2026x08x26-a.pdf
2026-08-26,020,HONDO VALLE,ELÍAS PIÑA,MINISTERIO DE AGRICULTURA,EMCI,30.1,20.8,0.1,https://indomet.gob.do/wp-content/uploads/2026/08/temperaturas-extremas-y-precipitaciones-2026x08x26-a.pdf
2026-08-26,021,JARDÍN BOTÁNICO SANTIAGO (EMSANTIAGO,,JARDIN BOTANICO SANTIAGO,EMAI,37.4,,0.0,https://indomet.gob.do/wp-content/uploads/2026/08/temperaturas-extremas-y-precipitaciones-2026x08x26-a.pdf
2026-08-26,022,SAJOMA (EMA),SANTIAGO,PLAN SIERRA,EMAI,34.7,26.3,0.0,https://indomet.gob.do/wp-content/uploads/2026/08/temperaturas-extremas-y-precipitaciones-2026x08x26-a.pdf
2026-08-26,023,ALTO BANDERA (EMA),LA VEGA,INTEC,EMAP,20.4,9.2,0.0,https://indomet.gob.do/wp-content/uploads/2026/08/temperaturas-extremas-y-precipitaciones-2026x08x26-a.pdf
2026-08-26,024,ANAMUYA (EMA),LA ALTAGRACIA,MINISTERIO DE AGRICULTURA,EMAP,33.8,25.4,0.0,https://indomet.gob.do/wp-content/uploads/2026/08/temperaturas-extremas-y-precipitaciones-2026x08x26-a.pdf
2026-08-26,025,BANI (EMA),PERAVIA,MINISTERIO DE AGRICULTURA,EMAP,34.3,27.3,0.0,https://indomet.gob.do/wp-content/uploads/2026/08/temperaturas-extremas-y-precipitaciones-2026x08x26-a.pdf
2026-08-26,026,CENTRO DE LOS HEROES (EMA),DISTRITO NACIONAL,MINISTERIO DE ENERGIA Y MINA,EMAP,33.9,27.6,0.0,https://indomet.gob.do/wp-content/uploads/2026/08/temperaturas-extremas-y-precipitaciones-2026x08x26-a.pdf
2026-08-26,027,CONSTANZA (EMA),LA VEGA,PROGRAMA MUNDIAL DE ALIMENTO,EMAP,28.2,14.8,0.0,https://indomet.gob.do/wp-content/uploads/2026/08/temperaturas-extremas-y-precipitaciones-2026x08x26-a.pdf
2026-08-26,028,EL FACTOR (EMA),MARÍA TRINIDAD SÁNCHEZ,INTEC,EMAP,34.1,24.7,0.0,https://indomet.gob.do/wp-content/uploads/2026/08/temperaturas-extremas-y-precipitaciones-2026x08x26-a.pdf
2026-08-26,029,ENSANCHE LA FE (EMA),DISTRITO NACIONAL,PRIVADA,EMAP,,,0.0,https://indomet.gob.do/wp-content/uploads/2026/08/temperaturas-extremas-y-precipitaciones-2026x08x26-a.pdf
2026-08-26,030,LA AGUSTINA (EMA),DISTRITO NACIONAL,PRIVADA,EMAP,32.2,26.0,0.0,https://indomet.gob.do/wp-content/uploads/2026/08/temperaturas-extremas-y-precipitaciones-2026x08x26-a.pdf
2026-08-26,031,LOS CACICAZGOS (EMA),DISTRITO NACIONAL,PRIVADA,EMAP,,,0.0,https://indomet.gob.do/wp-content/uploads/2026/08/temperaturas-extremas-y-precipitaciones-2026x08x26-a.pdf
2026-08-26,032,LOS COCOS (EMA),BAHORUCO,PRIVADA,EMAP,,,0.0,https://indomet.gob.do/wp-content/uploads/2026/08/temperaturas-extremas-y-precipitaciones-2026x08x26-a.pdf
2026-08-26,033,LOS JARDINES (EMA),DISTRITO NACIONAL,PRIVADA,EMAP,,,0.0,https://indomet.gob.do/wp-content/uploads/2026/08/temperaturas-extremas-y-precipitaciones-2026x08x26-a.pdf
2026-08-26,034,MONCIÓN (EMA),SANTIAGO RODRÍGUEZ,PROGRAMA MUNDIAL DE ALIMENTO,EMAP,35.9,20.9,0.0,https://indomet.gob.do/wp-content/uploads/2026/08/temperaturas-extremas-y-precipitaciones-2026x08x26-a.pdf
2026-08-26,035,PRESA DE TAVERAS (EMA),LA VEGA,PROGRAMA MUNDIAL DE ALIMENTO,EMAP,34.4,23.6,0.0,https://indomet.gob.do/wp-content/uploads/2026/08/temperaturas-extremas-y-precipitaciones-2026x08x26-a.pdf
2026-08-26,036,SABANETA (EMA),SANTIAGO RODRÍGUEZ,PROGRAMA MUNDIAL DE ALIMENTO,EMAP,39.7,23.8,0.0,https://indomet.gob.do/wp-content/uploads/2026/08/temperaturas-extremas-y-precipitaciones-2026x08x26-a.pdf
2026-08-26,037,ALTAMIRA,PUERTO PLATA,HOSP. MPAL. DE ALTAMIRA,EMCI,36.9,22.7,0.0,https://indomet.gob.do/wp-content/uploads/2026/08/temperaturas-extremas-y-precipitaciones-2026x08x26-a.pdf
2026-08-26,038,ARPT. ARROYO BARRIL,SAMANÁ,INDOMET,EMCI,33.7,24.0,0.0,https://indomet.gob.do/wp-content/uploads/2026/08/temperaturas-extremas-y-precipitaciones-2026x08x26-a.pdf
2026-08-26,039,ARPT. DE LA ROMANA,LA ROMANA,INDOMET,EMCI,35.5,23.2,0.0,https://indomet.gob.do/wp-content/uploads/2026/08/temperaturas-extremas-y-precipitaciones-2026x08x26-a.pdf
2026-08-26,040,ARPT. DE LAS AMÉRICAS,SANTO DOMINGO,INDOMET,EMCI,33.8,24.6,0.0,https://indomet.gob.do/wp-content/uploads/2026/08/temperaturas-extremas-y-precipitaciones-2026x08x26-a.pdf
2026-08-26,041,ARPT. DE PUNTA CANA,LA ALTAGRACIA,INDOMET,EMCI,33.0,22.7,0.0,https://indomet.gob.do/wp-content/uploads/2026/08/temperaturas-extremas-y-precipitaciones-2026x08x26-a.pdf
2026-08-26,042,ARPT. DEL CIBAO,SANTIAGO,INDOMET,EMCI,36.4,24.0,0.0,https://indomet.gob.do/wp-content/uploads/2026/08/temperaturas-extremas-y-precipitaciones-2026x08x26-a.pdf
2026-08-26,043,ARPT. EL CATEY,SAMANÁ,INDOMET,EMCI,32.0,23.0,0.0,https://indomet.gob.do/wp-content/uploads/2026/08/temperaturas-extremas-y-precipitaciones-2026x08x26-a.pdf
2026-08-26,044,ARPT. GREGORIO LUPERÓN,PUERTO PLATA,INDOMET,EMCI,34.2,24.0,0.0,https://indomet.gob.do/wp-content/uploads/2026/08/temperaturas-extremas-y-precipitaciones-2026x08x26-a.pdf
2026-08-26,045,ARPT. LA ISABELA,SANTO DOMINGO,INDOMET,EMCI,36.6,22.8,0.0,https://indomet.gob.do/wp-content/uploads/2026/08/temperaturas-extremas-y-precipitaciones-2026x08x26-a.pdf
2026-08-26,046,ARPT. MARÍA MONTEZ,BARAHONA,INDOMET,EMCI,35.0,27.5,0.0,https://indomet.gob.do/wp-content/uploads/2026/08/temperaturas-extremas-y-precipitaciones-2026x08x26-a.pdf
2026-08-26,047,CABRERA,MARÍA TRINIDAD SÁNCHEZ,ESCUELA ARÍSTIDES FIALLO CABRAL,EMCI,34.0,26.0,0.0,https://indomet.gob.do/wp-content/uploads/2026/08/temperaturas-extremas-y-precipitaciones-2026x08x26-a.pdf
2026-08-26,048,CONSTANZA,LA VEGA,MINISTERIO DE AGRICULTURA,EMCI,29.2,13.8,0.0,https://indomet.gob.do/wp-content/uploads/2026/08/temperaturas-extremas-y-precipitaciones-2026x08x26-a.pdf
2026-08-26,049,DAJABÓN,DAJABÓN,INSTITUTO POLITÉCNICO LOYOLA,EMCI,36.9,24.0,0.0,https://indomet.gob.do/wp-content/uploads/2026/08/temperaturas-extremas-y-precipitaciones-2026x08x26-a.pdf
2026-08-26,050,GASPAR HERNÁNDEZ,ESPAILLAT,PROPIEDAD DEL EMPLEADO,EMCI,,,0.0,https://indomet.gob.do/wp-content/uploads/2026/08/temperaturas-extremas-y-precipitaciones-2026x08x26-a.pdf
2026-08-26,051,JARABACOA,LA VEGA,INDRHI / MARENA,EMCI,35.0,18.4,0.0,https://indomet.gob.do/wp-content/uploads/2026/08/temperaturas-extremas-y-precipitaciones-2026x08x26-a.pdf
2026-08-26,052,JIMANÍ,INDEPENDENCIA,MINISTERIO DE AGRICULTURA,EMCI,38.6,27.2,0.0,https://indomet.gob.do/wp-content/uploads/2026/08/temperaturas-extremas-y-precipitaciones-2026x08x26-a.pdf
2026-08-26,053,LA VEGA,LA VEGA,IATESA,EMCI,36.0,24.0,0.0,https://indomet.gob.do/wp-content/uploads/2026/08/temperaturas-extremas-y-precipitaciones-2026x08x26-a.pdf
2026-08-26,054,LA VICTORIA,SANTO DOMINGO,CUERPO DE BOMBEROS,EMCI,36.0,24.0,0.0,https://indomet.gob.do/wp-content/uploads/2026/08/temperaturas-extremas-y-precipitaciones-2026x08x26-a.pdf
2026-08-26,055,LOS LLANOS,SAN PEDRO DE MACORÍS,MINISTERIO DE AGRICULTURA,EMCI,36.5,24.0,0.0,https://indomet.gob.do/wp-content/uploads/2026/08/temperaturas-extremas-y-precipitaciones-2026x08x26-a.pdf
2026-08-26,056,MONTE CRISTI,MONTE CRISTI,INDOMET,EMCI,36.0,26.0,0.0,https://indomet.gob.do/wp-content/uploads/2026/08/temperaturas-extremas-y-precipitaciones-2026x08x26-a.pdf
2026-08-26,057,OLIVARES,PEDERNALES,INDRHI,EMCI,,,0.0,https://indomet.gob.do/wp-content/uploads/2026/08/temperaturas-extremas-y-precipitaciones-2026x08x26-a.pdf
2026-08-26,058,OVIEDO,PEDERNALES,CLÍNICA RURAL OVIEDO,EMCI,34.4,25.8,0.0,https://indomet.gob.do/wp-content/uploads/2026/08/temperaturas-extremas-y-precipitaciones-2026x08x26-a.pdf
2026-08-26,059,PALO ÍNDIO,PUERTO PLATA,MINISTERIO DE AGRICULTURA,EMCI,,,0.0,https://indomet.gob.do/wp-content/uploads/2026/08/temperaturas-extremas-y-precipitaciones-2026x08x26-a.pdf
2026-08-26,060,PASO AL MEDIO,SAN PEDRO DE MACORÍS,INDRHI,EMCI,,,0.0,https://indomet.gob.do/wp-content/uploads/2026/08/temperaturas-extremas-y-precipitaciones-2026x08x26-a.pdf
2026-08-26,061,PEDERNALES,PEDERNALES,INDRHI,EMCI,,,0.0,https://indomet.gob.do/wp-content/uploads/2026/08/temperaturas-extremas-y-precipitaciones-2026x08x26-a.pdf
2026-08-26,062,PERALTA,AZUA,HOSP. MPAL. DE PERALTA,EMCI,33.9,19.0,0.0,https://indomet.gob.do/wp-content/uploads/2026/08/temperaturas-extremas-y-precipitaciones-2026x08x26-a.pdf
2026-08-26,063,RANCHO ARRIBA,SAN JOSÉ DE OCOA,CENTRO TECNOLÓGICO COMUNITARIO,EMCI,33.7,19.9,0.0,https://indomet.gob.do/wp-content/uploads/2026/08/temperaturas-extremas-y-precipitaciones-2026x08x26-a.pdf
2026-08-26,064,SALCEDO,HERMANAS MIRABAL,PROPIEDAD DEL EMPLEADO,EMCI,,,0.0,https://indomet.gob.do/wp-content/uploads/2026/08/temperaturas-extremas-y-precipitaciones-2026x08x26-a.pdf
2026-08-26,065,SAN CRISTÓBAL,SAN CRISTÓBAL,INSTITUTO POLITÉCNICO LOYOLA,EMCI,35.5,23.0,0.0,https://indomet.gob.do/wp-content/uploads/2026/08/temperaturas-extremas-y-precipitaciones-2026x08x26-a.pdf
2026-08-26,066,SAN FRANCISCO DE MACORÍS,DUARTE,San Francisco de Macorís (UASD),EMCI,36.3,24.2,0.0,https://indomet.gob.do/wp-content/uploads/2026/08/temperaturas-extremas-y-precipitaciones-2026x08x26-a.pdf
2026-08-26,067,SAN JOSÉ DE OCOA,SAN JOSÉ DE OCOA,HOSP. SAN JOSÉ DE OCOA,EMCI,35.6,24.9,0.0,https://indomet.gob.do/wp-content/uploads/2026/08/temperaturas-extremas-y-precipitaciones-2026x08x26-a.pdf
2026-08-26,068,SÁNCHEZ,SAMANÁ,MINISTERIO DE AGRICULTURA,EMCI,34.1,24.0,0.0,https://indomet.gob.do/wp-content/uploads/2026/08/temperaturas-extremas-y-precipitaciones-2026x08x26-a.pdf
2026-08-26,069,SANTIAGO (CENTRO),SANTIAGO,HUACALITO,EMCI,,,0.0,https://indomet.gob.do/wp-content/uploads/2026/08/temperaturas-extremas-y-precipitaciones-2026x08x26-a.pdf
2026-08-26,070,SANTIAGO RODRÍGUEZ,SANTIAGO RODRÍGUEZ,INDOMET,EMCI,39.9,24.5,0.0,https://indomet.gob.do/wp-content/uploads/2026/08/temperaturas-extremas-y-precipitaciones-2026x08x26-a.pdf
2026-08-26,071,SANTO DOMINGO ESTE,SANTO DOMINGO,INDOMET,EMCI,34.0,26.5,0.0,https://indomet.gob.do/wp-content/uploads/2026/08/temperaturas-extremas-y-precipitaciones-2026x08x26-a.pdf
2026-08-26,072,TÁBARA ABAJO,AZUA,INDRHI,EMCI,34.5,24.5,0.0,https://indomet.gob.do/wp-content/uploads/2026/08/temperaturas-extremas-y-precipitaciones-2026x08x26-a.pdf
2026-08-26,073,TAVERA,SANTIAGO,INDRHI,EMCI,,,0.0,https://indomet.gob.do/wp-content/uploads/2026/08/temperaturas-extremas-y-precipitaciones-2026x08x26-a.pdf
2026-08-26,074,VILLA GONZALES,SANTIAGO,MINISTERIO DE AGRICULTURA,EMCI,,,0.0,https://indomet.gob.do/wp-content/uploads/2026/08/temperaturas-extremas-y-precipitaciones-2026x08x26-a.pdf
2026-08-26,075,VILLA RIVA,DUARTE,HOSP. MPAL. ALICIA DE LEGENDRE,EMCI,34.4,24.4,0.0,https://indomet.gob.do/wp-content/uploads/2026/08/temperaturas-extremas-y-precipitaciones-2026x08x26-a.pdf
2026-08-26,076,BASE AÉREA DE SAN ISIDRO,SANTO DOMINGO,FUERZA AÉREA DOMINICANA,EMCV,34.4,24.5,0.0,https://indomet.gob.do/wp-content/uploads/2026/08/temperaturas-extremas-y-precipitaciones-2026x08x26-a.pdf
2026-08-26,077,BONAO,MONSEÑOR NOUEL,MINISTERIO DE AGRICULTURA,EMCV,,,0.0,https://indomet.gob.do/wp-content/uploads/2026/08/temperaturas-extremas-y-precipitaciones-2026x08x26-a.pdf
2026-08-26,078,EL SEIBO,EL SEIBO,MINISTERIO DE AGRICULTURA,EMCV,,,0.0,https://indomet.gob.do/wp-content/uploads/2026/08/temperaturas-extremas-y-precipitaciones-2026x08x26-a.pdf
2026-08-26,079,ENRIQUILLO,BARAHONA,MINISTERIO DE AGRICULTURA,EMCV,34.5,25.5,0.0,https://indomet.gob.do/wp-content/uploads/2026/08/temperaturas-extremas-y-precipitaciones-2026x08x26-a.pdf
2026-08-26,080,ESCONDIDO,PERAVIA,MINISTERIO DE AGRICULTURA,EMCV,34.0,26.0,0.0,https://indomet.gob.do/wp-content/uploads/2026/08/temperaturas-extremas-y-precipitaciones-2026x08x26-a.pdf
2026-08-26,081,GURABO,SANTIAGO,MINISTERIO DE AGRICULTURA,EMCV,,,0.0,https://indomet.gob.do/wp-content/uploads/2026/08/temperaturas-extremas-y-precipitaciones-2026x08x26-a.pdf
2026-08-26,082,HATO MAYOR,HATO MAYOR,MINISTERIO DE AGRICULTURA,EMCV,,,0.0,https://indomet.gob.do/wp-content/uploads/2026/08/temperaturas-extremas-y-precipitaciones-2026x08x26-a.pdf
2026-08-26,083,JARDÍN BOTÁNICO NACIONAL,DISTRITO NACIONAL,JARDÍN BOTÁNICO NACIONAL,EMCV,32.9,23.4,0.0,https://indomet.gob.do/wp-content/uploads/2026/08/temperaturas-extremas-y-precipitaciones-2026x08x26-a.pdf
2026-08-26,084,MAO,VALVERDE,INDRHI / MINISTERIO DE AGRICULTURA,EMCV,,,0.0,https://indomet.gob.do/wp-content/uploads/2026/08/temperaturas-extremas-y-precipitaciones-2026x08x26-a.pdf
2026-08-26,085,NAVARRETE,SANTIAGO,MINISTERIO DE AGRICULTURA,EMCV,,,0.0,https://indomet.gob.do/wp-content/uploads/2026/08/temperaturas-extremas-y-precipitaciones-2026x08x26-a.pdf
2026-08-26,086,SABANA GRANDE DE BOYÁ,MONTE PLATA,MINISTERIO DE AGRICULTURA,EMCV,,,0.0,https://indomet.gob.do/wp-content/uploads/2026/08/temperaturas-extremas-y-precipitaciones-2026x08x26-a.pdf
2026-08-26,087,TAMBORIL,SANTIAGO,MINISTERIO DE AGRICULTURA,EMCV,,,0.0,https://indomet.gob.do/wp-content/uploads/2026/08/temperaturas-extremas-y-precipitaciones-2026x08x26-a.pdf
2026-08-27,001,EL CERCADO,SAN JUAN,MINISTERIO DE AGRICULTURA,EMCV,,,30.2,https://indomet.gob.do/wp-content/uploads/2026/08/temperaturas-extremas-y-precipitaciones-2026x08x27-a.pdf
2026-08-27,002,SÁNCHEZ,SAMANÁ,MINISTERIO DE AGRICULTURA,EMCI,34.0,23.6,26.4,https://indomet.gob.do/wp-content/uploads/2026/08/temperaturas-extremas-y-precipitaciones-2026x08x27-a.pdf
2026-08-27,003,SAJOMA (EMA),SANTIAGO,PLAN SIERRA,EMAI,34.7,26.7,23.8,https://indomet.gob.do/wp-content/uploads/2026/08/temperaturas-extremas-y-precipitaciones-2026x08x27-a.pdf
2026-08-27,004,SAN RAFAEL DEL YUMA,LA ALTAGRACIA,MINISTERIO DE AGRICULTURA,EMCI,36.4,24.5,21.2,https://indomet.gob.do/wp-content/uploads/2026/08/temperaturas-extremas-y-precipitaciones-2026x08x27-a.pdf
2026-08-27,005,BONAO,MONSEÑOR NOUEL,MINISTERIO DE AGRICULTURA,EMCV,,,16.5,https://indomet.gob.do/wp-content/uploads/2026/08/temperaturas-extremas-y-precipitaciones-2026x08x27-a.pdf
2026-08-27,006,RESTAURACIÓN,DAJABÓN,MINISTERIO DE AGRICULTURA,EMCI,33.8,20.0,14.2,https://indomet.gob.do/wp-content/uploads/2026/08/temperaturas-extremas-y-precipitaciones-2026x08x27-a.pdf
2026-08-27,007,JUMA BEJUCAL,MONSEÑOR NOUEL,IDIAF,EMCV,34.8,24.2,9.9,https://indomet.gob.do/wp-content/uploads/2026/08/temperaturas-extremas-y-precipitaciones-2026x08x27-a.pdf
2026-08-27,008,HONDO VALLE,ELÍAS PIÑA,MINISTERIO DE AGRICULTURA,EMCI,29.1,19.3,9.8,https://indomet.gob.do/wp-content/uploads/2026/08/temperaturas-extremas-y-precipitaciones-2026x08x27-a.pdf
2026-08-27,009,LA VICTORIA,SANTO DOMINGO,CUERPO DE BOMBEROS,EMCI,35.5,24.5,9.0,https://indomet.gob.do/wp-content/uploads/2026/08/temperaturas-extremas-y-precipitaciones-2026x08x27-a.pdf
2026-08-27,010,SABANA DE LA MAR,HATO MAYOR,INDOMET,EMCI,32.4,24.4,8.2,https://indomet.gob.do/wp-content/uploads/2026/08/temperaturas-extremas-y-precipitaciones-2026x08x27-a.pdf
2026-08-27,011,LOS LLANOS,SAN PEDRO DE MACORÍS,MINISTERIO DE AGRICULTURA,EMCI,35.5,23.4,6.8,https://indomet.gob.do/wp-content/uploads/2026/08/temperaturas-extremas-y-precipitaciones-2026x08x27-a.pdf
2026-08-27,012,MICHES (EMA),EL SEIBO,PRIVADA,EMAP,33.3,23.8,6.6,https://indomet.gob.do/wp-content/uploads/2026/08/temperaturas-extremas-y-precipitaciones-2026x08x27-a.pdf
2026-08-27,013,VILLA ALTAGRACIA,SAN CRISTÓBAL,ESCUELA JAVIER ANGULO GURIDI,EMCI,,,6.1,https://indomet.gob.do/wp-content/uploads/2026/08/temperaturas-extremas-y-precipitaciones-2026x08x27-a.pdf
2026-08-27,014,BAYAGUANA,MONTE PLATA,INDOMET,EMCI,35.4,23.5,6.0,https://indomet.gob.do/wp-content/uploads/2026/08/temperaturas-extremas-y-precipitaciones-2026x08x27-a.pdf
2026-08-27,015,SAMANÁ,SAMANÁ,COMANDANCIA DE PUERTO DE SAMANÁ,EMCI,34.8,17.9,5.8,https://indomet.gob.do/wp-content/uploads/2026/08/temperaturas-extremas-y-precipitaciones-2026x08x27-a.pdf
2026-08-27,016,ARPT. EL CATEY,SAMANÁ,INDOMET,EMCI,29.4,23.0,5.7,https://indomet.gob.do/wp-content/uploads/2026/08/temperaturas-extremas-y-precipitaciones-2026x08x27-a.pdf
2026-08-27,017,ARPT. DE LA ROMANA,LA ROMANA,INDOMET,EMCI,35.0,24.0,5.0,https://indomet.gob.do/wp-content/uploads/2026/08/temperaturas-extremas-y-precipitaciones-2026x08x27-a.pdf
2026-08-27,018,CABRERA,MARÍA TRINIDAD SÁNCHEZ,ESCUELA ARÍSTIDES FIALLO CABRAL,EMCI,35.0,26.5,4.8,https://indomet.gob.do/wp-content/uploads/2026/08/temperaturas-extremas-y-precipitaciones-2026x08x27-a.pdf
2026-08-27,019,LA VEGA,LA VEGA,IATESA,EMCI,37.5,24.0,3.5,https://indomet.gob.do/wp-content/uploads/2026/08/temperaturas-extremas-y-precipitaciones-2026x08x27-a.pdf
2026-08-27,020,ALTO BANDERA (EMA),LA VEGA,INTEC,EMAP,21.1,8.6,3.0,https://indomet.gob.do/wp-content/uploads/2026/08/temperaturas-extremas-y-precipitaciones-2026x08x27-a.pdf
2026-08-27,021,PADRE LAS CASAS,AZUA,HOSP. NTRA. SRA. DEL CARMEN,EMCI,34.8,20.5,3.0,https://indomet.gob.do/wp-content/uploads/2026/08/temperaturas-extremas-y-precipitaciones-2026x08x27-a.pdf
2026-08-27,022,ARPT. ARROYO BARRIL,SAMANÁ,INDOMET,EMCI,35.2,24.3,2.9,https://indomet.gob.do/wp-content/uploads/2026/08/temperaturas-extremas-y-precipitaciones-2026x08x27-a.pdf
2026-08-27,023,RANCHO ARRIBA,SAN JOSÉ DE OCOA,CENTRO TECNOLÓGICO COMUNITARIO,EMCI,35.5,20.5,2.2,https://indomet.gob.do/wp-content/uploads/2026/08/temperaturas-extremas-y-precipitaciones-2026x08x27-a.pdf
2026-08-27,024,JARDÍN BOTÁNICO NACIONAL,DISTRITO NACIONAL,JARDÍN BOTÁNICO NACIONAL,EMCV,34.8,24.4,2.0,https://indomet.gob.do/wp-content/uploads/2026/08/temperaturas-extremas-y-precipitaciones-2026x08x27-a.pdf
2026-08-27,025,VILLA GONZALE (EMA),SANTIAGO,IGLESIA,EMAI,,,1.6,https://indomet.gob.do/wp-content/uploads/2026/08/temperaturas-extremas-y-precipitaciones-2026x08x27-a.pdf
2026-08-27,026,ARPT. GREGORIO LUPERÓN,PUERTO PLATA,INDOMET,EMCI,32.8,24.2,1.4,https://indomet.gob.do/wp-content/uploads/2026/08/temperaturas-extremas-y-precipitaciones-2026x08x27-a.pdf
2026-08-27,027,EL FACTOR (EMA),MARÍA TRINIDAD SÁNCHEZ,INTEC,EMAP,33.3,24.2,1.0,https://indomet.gob.do/wp-content/uploads/2026/08/temperaturas-extremas-y-precipitaciones-2026x08x27-a.pdf
2026-08-27,028,LOS JENGIBRES,NAGUA,INDRHI,EMCI,,,0.9,https://indomet.gob.do/wp-content/uploads/2026/08/temperaturas-extremas-y-precipitaciones-2026x08x27-a.pdf
2026-08-27,029,RÍO SAN JUAN,MARÍA TRINIDAD SÁNCHEZ,HOSP. MPAL. DR. DESIDERIO ACOSTA,EMCV,34.9,25.1,0.8,https://indomet.gob.do/wp-content/uploads/2026/08/temperaturas-extremas-y-precipitaciones-2026x08x27-a.pdf
2026-08-27,030,POLO,BARAHONA,INDOCAFE,EMCI,31.0,20.0,0.3,https://indomet.gob.do/wp-content/uploads/2026/08/temperaturas-extremas-y-precipitaciones-2026x08x27-a.pdf
2026-08-27,031,ANAMUYA (EMA),LA ALTAGRACIA,MINISTERIO DE AGRICULTURA,EMAP,34.0,25.6,0.2,https://indomet.gob.do/wp-content/uploads/2026/08/temperaturas-extremas-y-precipitaciones-2026x08x27-a.pdf
2026-08-27,032,LOS JARDINES (EMA),DISTRITO NACIONAL,PRIVADA,EMAP,,,0.2,https://indomet.gob.do/wp-content/uploads/2026/08/temperaturas-extremas-y-precipitaciones-2026x08x27-a.pdf
2026-08-27,033,ARROYO LORO,SAN JUAN,IDIAF,EMCI,37.8,18.5,0.1,https://indomet.gob.do/wp-content/uploads/2026/08/temperaturas-extremas-y-precipitaciones-2026x08x27-a.pdf
2026-08-27,034,SAN JOSÉ DE OCOA,SAN JOSÉ DE OCOA,HOSP. SAN JOSÉ DE OCOA,EMCI,33.2,22.4,0.1,https://indomet.gob.do/wp-content/uploads/2026/08/temperaturas-extremas-y-precipitaciones-2026x08x27-a.pdf
2026-08-27,035,ALTAMIRA,PUERTO PLATA,HOSP. MPAL. DE ALTAMIRA,EMCI,35.6,22.0,0.0,https://indomet.gob.do/wp-content/uploads/2026/08/temperaturas-extremas-y-precipitaciones-2026x08x27-a.pdf
2026-08-27,036,ARPT. DE LAS AMÉRICAS,SANTO DOMINGO,INDOMET,EMCI,35.0,25.0,0.0,https://indomet.gob.do/wp-content/uploads/2026/08/temperaturas-extremas-y-precipitaciones-2026x08x27-a.pdf
2026-08-27,037,ARPT. DE PUNTA CANA,LA ALTAGRACIA,INDOMET,EMCI,33.2,25.5,0.0,https://indomet.gob.do/wp-content/uploads/2026/08/temperaturas-extremas-y-precipitaciones-2026x08x27-a.pdf
2026-08-27,038,ARPT. DEL CIBAO,SANTIAGO,INDOMET,EMCI,36.4,23.8,0.0,https://indomet.gob.do/wp-content/uploads/2026/08/temperaturas-extremas-y-precipitaciones-2026x08x27-a.pdf
2026-08-27,039,ARPT. LA ISABELA,SANTO DOMINGO,INDOMET,EMCI,36.3,23.0,0.0,https://indomet.gob.do/wp-content/uploads/2026/08/temperaturas-extremas-y-precipitaciones-2026x08x27-a.pdf
2026-08-27,040,ARPT. MARÍA MONTEZ,BARAHONA,INDOMET,EMCI,34.8,26.5,0.0,https://indomet.gob.do/wp-content/uploads/2026/08/temperaturas-extremas-y-precipitaciones-2026x08x27-a.pdf
2026-08-27,041,BANI (EMA),PERAVIA,MINISTERIO DE AGRICULTURA,EMAP,34.8,27.4,0.0,https://indomet.gob.do/wp-content/uploads/2026/08/temperaturas-extremas-y-precipitaciones-2026x08x27-a.pdf
2026-08-27,042,BASE AÉREA DE SAN ISIDRO,SANTO DOMINGO,FUERZA AÉREA DOMINICANA,EMCV,34.4,24.5,0.0,https://indomet.gob.do/wp-content/uploads/2026/08/temperaturas-extremas-y-precipitaciones-2026x08x27-a.pdf
2026-08-27,043,BELLA VISTA (EMA),DISTRITO NACIONAL,PRIVADA,EMAP,,,0.0,https://indomet.gob.do/wp-content/uploads/2026/08/temperaturas-extremas-y-precipitaciones-2026x08x27-a.pdf
2026-08-27,044,BUCARA (EMA),SANTIAGO,MINISTERIO DE AGRICULTURA,EMAI,,,0.0,https://indomet.gob.do/wp-content/uploads/2026/08/temperaturas-extremas-y-precipitaciones-2026x08x27-a.pdf
2026-08-27,045,CENTRO DE LOS HEROES (EMA),DISTRITO NACIONAL,MINISTERIO DE ENERGIA Y MINA,EMAP,33.8,27.5,0.0,https://indomet.gob.do/wp-content/uploads/2026/08/temperaturas-extremas-y-precipitaciones-2026x08x27-a.pdf
2026-08-27,046,CONSTANZA,LA VEGA,MINISTERIO DE AGRICULTURA,EMCI,29.0,17.2,0.0,https://indomet.gob.do/wp-content/uploads/2026/08/temperaturas-extremas-y-precipitaciones-2026x08x27-a.pdf
2026-08-27,047,CONSTANZA (EMA),LA VEGA,PROGRAMA MUNDIAL DE ALIMENTO,EMAP,27.7,17.9,0.0,https://indomet.gob.do/wp-content/uploads/2026/08/temperaturas-extremas-y-precipitaciones-2026x08x27-a.pdf
2026-08-27,048,COTUÍ (EMA),SÁNCHEZ RAMÍREZ,HOSP. INMACULADA CONCEPCIÓN,EMCV,36.6,24.9,0.0,https://indomet.gob.do/wp-content/uploads/2026/08/temperaturas-extremas-y-precipitaciones-2026x08x27-a.pdf
2026-08-27,049,DAJABÓN,DAJABÓN,INSTITUTO POLITÉCNICO LOYOLA,EMCI,35.7,22.0,0.0,https://indomet.gob.do/wp-content/uploads/2026/08/temperaturas-extremas-y-precipitaciones-2026x08x27-a.pdf
2026-08-27,050,EL MILLON (EMA),DISTRITO NACIONAL,PRIVADA,EMAP,,,0.0,https://indomet.gob.do/wp-content/uploads/2026/08/temperaturas-extremas-y-precipitaciones-2026x08x27-a.pdf
2026-08-27,051,ELÍAS PIÑA,ELÍAS PIÑA,MINISTERIO DE AGRICULTURA,EMCV,,,0.0,https://indomet.gob.do/wp-content/uploads/2026/08/temperaturas-extremas-y-precipitaciones-2026x08x27-a.pdf
2026-08-27,052,ENRIQUILLO,BARAHONA,MINISTERIO DE AGRICULTURA,EMCV,35.0,26.0,0.0,https://indomet.gob.do/wp-content/uploads/2026/08/temperaturas-extremas-y-precipitaciones-2026x08x27-a.pdf
2026-08-27,053,ENSANCHE LA FE (EMA),DISTRITO NACIONAL,PRIVADA,EMAP,,,0.0,https://indomet.gob.do/wp-content/uploads/2026/08/temperaturas-extremas-y-precipitaciones-2026x08x27-a.pdf
2026-08-27,054,ESCONDIDO,PERAVIA,MINISTERIO DE AGRICULTURA,EMCV,35.0,27.0,0.0,https://indomet.gob.do/wp-content/uploads/2026/08/temperaturas-extremas-y-precipitaciones-2026x08x27-a.pdf
2026-08-27,055,GASPAR HERNÁNDEZ,ESPAILLAT,PROPIEDAD DEL EMPLEADO,EMCI,,,0.0,https://indomet.gob.do/wp-content/uploads/2026/08/temperaturas-extremas-y-precipitaciones-2026x08x27-a.pdf
2026-08-27,056,GURABO,SANTIAGO,MINISTERIO DE AGRICULTURA,EMCV,,,0.0,https://indomet.gob.do/wp-content/uploads/2026/08/temperaturas-extremas-y-precipitaciones-2026x08x27-a.pdf
2026-08-27,057,HATO MAYOR,HATO MAYOR,MINISTERIO DE AGRICULTURA,EMCV,,,0.0,https://indomet.gob.do/wp-content/uploads/2026/08/temperaturas-extremas-y-precipitaciones-2026x08x27-a.pdf
2026-08-27,058,JARABACOA,LA VEGA,INDRHI / MARENA,EMCI,34.2,18.8,0.0,https://indomet.gob.do/wp-content/uploads/2026/08/temperaturas-extremas-y-precipitaciones-2026x08x27-a.pdf
2026-08-27,059,JARDÍN BOTÁNICO SANTIAGO (EMSANTIAGO,,JARDIN BOTANICO SANTIAGO,EMAI,36.1,28.3,0.0,https://indomet.gob.do/wp-content/uploads/2026/08/temperaturas-extremas-y-precipitaciones-2026x08x27-a.pdf
2026-08-27,060,LA AGUSTINA (EMA),DISTRITO NACIONAL,PRIVADA,EMAP,,,0.0,https://indomet.gob.do/wp-content/uploads/2026/08/temperaturas-extremas-y-precipitaciones-2026x08x27-a.pdf
2026-08-27,061,LOS CACICAZGOS (EMA),DISTRITO NACIONAL,PRIVADA,EMAP,,,0.0,https://indomet.gob.do/wp-content/uploads/2026/08/temperaturas-extremas-y-precipitaciones-2026x08x27-a.pdf
2026-08-27,062,LOS COCOS (EMA),BAHORUCO,PRIVADA,EMAP,,,0.0,https://indomet.gob.do/wp-content/uploads/2026/08/temperaturas-extremas-y-precipitaciones-2026x08x27-a.pdf
2026-08-27,063,LOS TRES CHARCOS (EMA),PEDERNALES,PROPIEDAD DEL VOLUNTARIO,EMAP,30.9,27.4,0.0,https://indomet.gob.do/wp-content/uploads/2026/08/temperaturas-extremas-y-precipitaciones-2026x08x27-a.pdf
2026-08-27,064,MAO,VALVERDE,INDRHI / MINISTERIO DE AGRICULTURA,EMCV,,,0.0,https://indomet.gob.do/wp-content/uploads/2026/08/temperaturas-extremas-y-precipitaciones-2026x08x27-a.pdf
2026-08-27,065,MONCIÓN (EMA),SANTIAGO RODRÍGUEZ,PROGRAMA MUNDIAL DE ALIMENTO,EMAP,35.9,21.4,0.0,https://indomet.gob.do/wp-content/uploads/2026/08/temperaturas-extremas-y-precipitaciones-2026x08x27-a.pdf
2026-08-27,066,MONTE CRISTI,MONTE CRISTI,INDOMET,EMCI,35.4,26.2,0.0,https://indomet.gob.do/wp-content/uploads/2026/08/temperaturas-extremas-y-precipitaciones-2026x08x27-a.pdf
2026-08-27,067,NAVARRETE,SANTIAGO,MINISTERIO DE AGRICULTURA,EMCV,,,0.0,https://indomet.gob.do/wp-content/uploads/2026/08/temperaturas-extremas-y-precipitaciones-2026x08x27-a.pdf
2026-08-27,068,OLIVARES,PEDERNALES,INDRHI,EMCI,,,0.0,https://indomet.gob.do/wp-content/uploads/2026/08/temperaturas-extremas-y-precipitaciones-2026x08x27-a.pdf
2026-08-27,069,OVIEDO,PEDERNALES,CLÍNICA RURAL OVIEDO,EMCI,34.6,26.0,0.0,https://indomet.gob.do/wp-content/uploads/2026/08/temperaturas-extremas-y-precipitaciones-2026x08x27-a.pdf
2026-08-27,070,PALO ÍNDIO,PUERTO PLATA,MINISTERIO DE AGRICULTURA,EMCI,,,0.0,https://indomet.gob.do/wp-content/uploads/2026/08/temperaturas-extremas-y-precipitaciones-2026x08x27-a.pdf
2026-08-27,071,PARQUE MIRADOR SUR,DISTRITO NACIONAL,AYUNTAMIENTO,EMCV,33.6,23.4,0.0,https://indomet.gob.do/wp-content/uploads/2026/08/temperaturas-extremas-y-precipitaciones-2026x08x27-a.pdf
2026-08-27,072,PASO AL MEDIO,SAN PEDRO DE MACORÍS,INDRHI,EMCI,,,0.0,https://indomet.gob.do/wp-content/uploads/2026/08/temperaturas-extremas-y-precipitaciones-2026x08x27-a.pdf
2026-08-27,073,PEDERNALES,PEDERNALES,INDRHI,EMCI,,,0.0,https://indomet.gob.do/wp-content/uploads/2026/08/temperaturas-extremas-y-precipitaciones-2026x08x27-a.pdf
2026-08-27,074,PERALTA,AZUA,HOSP. MPAL. DE PERALTA,EMCI,32.5,18.8,0.0,https://indomet.gob.do/wp-content/uploads/2026/08/temperaturas-extremas-y-precipitaciones-2026x08x27-a.pdf
2026-08-27,075,PRESA DE TAVERAS (EMA),LA VEGA,PROGRAMA MUNDIAL DE ALIMENTO,EMAP,34.8,23.6,0.0,https://indomet.gob.do/wp-content/uploads/2026/08/temperaturas-extremas-y-precipitaciones-2026x08x27-a.pdf
2026-08-27,076,PROLONGACION 27 DE FEBRERO,DISTRITO NACIONAL,PRIVADA,EMAP,,,0.0,https://indomet.gob.do/wp-content/uploads/2026/08/temperaturas-extremas-y-precipitaciones-2026x08x27-a.pdf
2026-08-27,077,SABANA GRANDE DE BOYÁ,MONTE PLATA,MINISTERIO DE AGRICULTURA,EMCV,,,0.0,https://indomet.gob.do/wp-content/uploads/2026/08/temperaturas-extremas-y-precipitaciones-2026x08x27-a.pdf
2026-08-27,078,SABANETA (EMA),SANTIAGO RODRÍGUEZ,PROGRAMA MUNDIAL DE ALIMENTO,EMAP,38.4,24.3,0.0,https://indomet.gob.do/wp-content/uploads/2026/08/temperaturas-extremas-y-precipitaciones-2026x08x27-a.pdf
2026-08-27,079,SALCEDO,HERMANAS MIRABAL,PROPIEDAD DEL EMPLEADO,EMCI,,,0.0,https://indomet.gob.do/wp-content/uploads/2026/08/temperaturas-extremas-y-precipitaciones-2026x08x27-a.pdf
2026-08-27,080,SAN CRISTÓBAL,SAN CRISTÓBAL,INSTITUTO POLITÉCNICO LOYOLA,EMCI,35.5,23.2,0.0,https://indomet.gob.do/wp-content/uploads/2026/08/temperaturas-extremas-y-precipitaciones-2026x08x27-a.pdf
2026-08-27,081,SAN FRANCISCO DE MACORÍS,DUARTE,San Francisco de Macorís (UASD),EMCI,35.9,24.0,0.0,https://indomet.gob.do/wp-content/uploads/2026/08/temperaturas-extremas-y-precipitaciones-2026x08x27-a.pdf
2026-08-27,082,SANTIAGO RODRÍGUEZ,SANTIAGO RODRÍGUEZ,INDOMET,EMCI,38.7,25.0,0.0,https://indomet.gob.do/wp-content/uploads/2026/08/temperaturas-extremas-y-precipitaciones-2026x08x27-a.pdf
2026-08-27,083,SANTO DOMINGO ESTE,SANTO DOMINGO,INDOMET,EMCI,33.5,26.0,0.0,https://indomet.gob.do/wp-content/uploads/2026/08/temperaturas-extremas-y-precipitaciones-2026x08x27-a.pdf
2026-08-27,084,TÁBARA ABAJO,AZUA,INDRHI,EMCI,35.5,23.0,0.0,https://indomet.gob.do/wp-content/uploads/2026/08/temperaturas-extremas-y-precipitaciones-2026x08x27-a.pdf
2026-08-27,085,TAMBORIL,SANTIAGO,MINISTERIO DE AGRICULTURA,EMCV,,,0.0,https://indomet.gob.do/wp-content/uploads/2026/08/temperaturas-extremas-y-precipitaciones-2026x08x27-a.pdf
2026-08-27,086,TAVERA,SANTIAGO,INDRHI,EMCI,,,0.0,https://indomet.gob.do/wp-content/uploads/2026/08/temperaturas-extremas-y-precipitaciones-2026x08x27-a.pdf
2026-08-27,087,VILLA GONZALES,SANTIAGO,MINISTERIO DE AGRICULTURA,EMCI,,,0.0,https://indomet.gob.do/wp-content/uploads/2026/08/temperaturas-extremas-y-precipitaciones-2026x08x27-a.pdf
2026-08-27,088,VILLA ISABELA,PUERTO PLATA,MINISTERIO DE AGRICULTURA,EMCV,,,0.0,https://indomet.gob.do/wp-content/uploads/2026/08/temperaturas-extremas-y-precipitaciones-2026x08x27-a.pdf
2026-08-27,089,VILLA RIVA,DUARTE,HOSP. MPAL. ALICIA DE LEGENDRE,EMCI,33.0,23.0,0.0,https://indomet.gob.do/wp-content/uploads/2026/08/temperaturas-extremas-y-precipitaciones-2026x08x27-a.pdf
2026-08-27,090,VILLA VASQUEZ (EMA),MONTE CRISTI,JUNTA DE REGANTES,EMAI,,,0.0,https://indomet.gob.do/wp-content/uploads/2026/08/temperaturas-extremas-y-precipitaciones-2026x08x27-a.pdf
2026-08-28,001,VILLA ALTAGRACIA,SAN CRISTÓBAL,ESCUELA JAVIER ANGULO GURIDI,EMCI,,,22.9,https://indomet.gob.do/wp-content/uploads/2026/08/temperaturas-extremas-y-precipitaciones-2026x08x28-a.pdf
2026-08-28,002,BAYAGUANA,MONTE PLATA,INDOMET,EMCI,34.0,23.0,9.8,https://indomet.gob.do/wp-content/uploads/2026/08/temperaturas-extremas-y-precipitaciones-2026x08x28-a.pdf
2026-08-28,003,LA VICTORIA,SANTO DOMINGO,CUERPO DE BOMBEROS,EMCI,32.0,24.1,9.2,https://indomet.gob.do/wp-content/uploads/2026/08/temperaturas-extremas-y-precipitaciones-2026x08x28-a.pdf
2026-08-28,004,ARPT. DE LA ROMANA,LA ROMANA,INDOMET,EMCI,35.0,23.5,8.0,https://indomet.gob.do/wp-content/uploads/2026/08/temperaturas-extremas-y-precipitaciones-2026x08x28-a.pdf
2026-08-28,005,BONAO,MONSEÑOR NOUEL,MINISTERIO DE AGRICULTURA,EMCV,,,7.9,https://indomet.gob.do/wp-content/uploads/2026/08/temperaturas-extremas-y-precipitaciones-2026x08x28-a.pdf
2026-08-28,006,SALCEDO,HERMANAS MIRABAL,PROPIEDAD DEL EMPLEADO,EMCI,,,6.5,https://indomet.gob.do/wp-content/uploads/2026/08/temperaturas-extremas-y-precipitaciones-2026x08x28-a.pdf
2026-08-28,007,ANAMUYA (EMA),LA ALTAGRACIA,MINISTERIO DE AGRICULTURA,EMAP,33.7,24.4,5.8,https://indomet.gob.do/wp-content/uploads/2026/08/temperaturas-extremas-y-precipitaciones-2026x08x28-a.pdf
2026-08-28,008,COTUI HOSP.MUNICIPAL (EMA),SÁNCHEZ RAMÍREZ,PROGRAMA MUNDIAL DE ALIMENTO,EMAP,,,5.4,https://indomet.gob.do/wp-content/uploads/2026/08/temperaturas-extremas-y-precipitaciones-2026x08x28-a.pdf
2026-08-28,009,CABRERA,MARÍA TRINIDAD SÁNCHEZ,ESCUELA ARÍSTIDES FIALLO CABRAL,EMCI,34.0,26.5,5.4,https://indomet.gob.do/wp-content/uploads/2026/08/temperaturas-extremas-y-precipitaciones-2026x08x28-a.pdf
2026-08-28,010,SAN RAFAEL DEL YUMA,LA ALTAGRACIA,MINISTERIO DE AGRICULTURA,EMCI,34.4,23.9,5.1,https://indomet.gob.do/wp-content/uploads/2026/08/temperaturas-extremas-y-precipitaciones-2026x08x28-a.pdf
2026-08-28,011,ARPT. DE PUNTA CANA,LA ALTAGRACIA,INDOMET,EMCI,33.0,24.0,4.8,https://indomet.gob.do/wp-content/uploads/2026/08/temperaturas-extremas-y-precipitaciones-2026x08x28-a.pdf
2026-08-28,012,BARRAQUITO (EMA),DUARTE,PROGRAMA MUNDIAL DE ALIMENTO,EMAP,,,4.8,https://indomet.gob.do/wp-content/uploads/2026/08/temperaturas-extremas-y-precipitaciones-2026x08x28-a.pdf
2026-08-28,013,LA VEGA,LA VEGA,IATESA,EMCI,38.0,23.8,4.3,https://indomet.gob.do/wp-content/uploads/2026/08/temperaturas-extremas-y-precipitaciones-2026x08x28-a.pdf
2026-08-28,014,LOS LLANOS,SAN PEDRO DE MACORÍS,MINISTERIO DE AGRICULTURA,EMCI,38.0,23.8,4.3,https://indomet.gob.do/wp-content/uploads/2026/08/temperaturas-extremas-y-precipitaciones-2026x08x28-a.pdf
2026-08-28,015,POLO,BARAHONA,INDOCAFE,EMCI,30.5,19.0,3.2,https://indomet.gob.do/wp-content/uploads/2026/08/temperaturas-extremas-y-precipitaciones-2026x08x28-a.pdf
2026-08-28,016,HATO MAYOR,HATO MAYOR,MINISTERIO DE AGRICULTURA,EMCV,,,3.0,https://indomet.gob.do/wp-content/uploads/2026/08/temperaturas-extremas-y-precipitaciones-2026x08x28-a.pdf
2026-08-28,017,SABANA DE LA MAR,HATO MAYOR,INDOMET,EMCI,32.5,24.0,2.8,https://indomet.gob.do/wp-content/uploads/2026/08/temperaturas-extremas-y-precipitaciones-2026x08x28-a.pdf
2026-08-28,018,CASTILLO (EMA),DUARTE,PRIVADA,EMAP,,,2.5,https://indomet.gob.do/wp-content/uploads/2026/08/temperaturas-extremas-y-precipitaciones-2026x08x28-a.pdf
2026-08-28,019,RANCHO ARRIBA,SAN JOSÉ DE OCOA,CENTRO TECNOLÓGICO COMUNITARIO,EMCI,32.7,20.4,2.3,https://indomet.gob.do/wp-content/uploads/2026/08/temperaturas-extremas-y-precipitaciones-2026x08x28-a.pdf
2026-08-28,020,PALO ÍNDIO,PUERTO PLATA,MINISTERIO DE AGRICULTURA,EMCI,,,2.3,https://indomet.gob.do/wp-content/uploads/2026/08/temperaturas-extremas-y-precipitaciones-2026x08x28-a.pdf
2026-08-28,021,VILLA GONZALE (EMA),SANTIAGO,IGLESIA,EMAI,,,2.2,https://indomet.gob.do/wp-content/uploads/2026/08/temperaturas-extremas-y-precipitaciones-2026x08x28-a.pdf
2026-08-28,022,JARABACOA,LA VEGA,INDRHI / MARENA,EMCI,35.0,19.6,2.1,https://indomet.gob.do/wp-content/uploads/2026/08/temperaturas-extremas-y-precipitaciones-2026x08x28-a.pdf
2026-08-28,023,BUCARA (EMA),SANTIAGO,MINISTERIO DE AGRICULTURA,EMAI,,,1.8,https://indomet.gob.do/wp-content/uploads/2026/08/temperaturas-extremas-y-precipitaciones-2026x08x28-a.pdf
2026-08-28,024,ARPT. DEL CIBAO,SANTIAGO,INDOMET,EMCI,36.5,23.6,1.2,https://indomet.gob.do/wp-content/uploads/2026/08/temperaturas-extremas-y-precipitaciones-2026x08x28-a.pdf
2026-08-28,025,ARPT. EL CATEY,SAMANÁ,INDOMET,EMCI,31.5,22.0,1.2,https://indomet.gob.do/wp-content/uploads/2026/08/temperaturas-extremas-y-precipitaciones-2026x08x28-a.pdf
2026-08-28,026,ALTO BANDERA (EMA),LA VEGA,INTEC,EMAP,16.2,6.6,1.0,https://indomet.gob.do/wp-content/uploads/2026/08/temperaturas-extremas-y-precipitaciones-2026x08x28-a.pdf
2026-08-28,027,JUMA BEJUCAL,MONSEÑOR NOUEL,IDIAF,EMCV,36.8,24.8,1.0,https://indomet.gob.do/wp-content/uploads/2026/08/temperaturas-extremas-y-precipitaciones-2026x08x28-a.pdf
2026-08-28,028,MICHES (EMA),EL SEIBO,PRIVADA,EMAP,33.3,24.1,1.0,https://indomet.gob.do/wp-content/uploads/2026/08/temperaturas-extremas-y-precipitaciones-2026x08x28-a.pdf
2026-08-28,029,RÍO SAN JUAN,MARÍA TRINIDAD SÁNCHEZ,HOSP. MPAL. DR. DESIDERIO ACOSTA,EMCV,35.5,25.1,1.0,https://indomet.gob.do/wp-content/uploads/2026/08/temperaturas-extremas-y-precipitaciones-2026x08x28-a.pdf
2026-08-28,030,PERALTA,AZUA,HOSP. MPAL. DE PERALTA,EMCI,33.6,19.5,0.6,https://indomet.gob.do/wp-content/uploads/2026/08/temperaturas-extremas-y-precipitaciones-2026x08x28-a.pdf
2026-08-28,031,SAMANÁ,SAMANÁ,COMANDANCIA DE PUERTO DE SAMANÁ,EMCI,34.2,17.9,0.4,https://indomet.gob.do/wp-content/uploads/2026/08/temperaturas-extremas-y-precipitaciones-2026x08x28-a.pdf
2026-08-28,032,SAN JOSÉ DE OCOA,SAN JOSÉ DE OCOA,HOSP. SAN JOSÉ DE OCOA,EMCI,35.3,24.7,0.4,https://indomet.gob.do/wp-content/uploads/2026/08/temperaturas-extremas-y-precipitaciones-2026x08x28-a.pdf
2026-08-28,033,ARPT. ARROYO BARRIL,SAMANÁ,INDOMET,EMCI,32.6,24.4,0.3,https://indomet.gob.do/wp-content/uploads/2026/08/temperaturas-extremas-y-precipitaciones-2026x08x28-a.pdf
2026-08-28,034,ARPT. DE LAS AMÉRICAS,SANTO DOMINGO,INDOMET,EMCI,33.8,24.3,0.2,https://indomet.gob.do/wp-content/uploads/2026/08/temperaturas-extremas-y-precipitaciones-2026x08x28-a.pdf
2026-08-28,035,ARPT. LA ISABELA,SANTO DOMINGO,INDOMET,EMCI,35.5,23.0,0.1,https://indomet.gob.do/wp-content/uploads/2026/08/temperaturas-extremas-y-precipitaciones-2026x08x28-a.pdf
2026-08-28,036,ELÍAS PIÑA,ELÍAS PIÑA,MINISTERIO DE AGRICULTURA,EMCV,,,0.1,https://indomet.gob.do/wp-content/uploads/2026/08/temperaturas-extremas-y-precipitaciones-2026x08x28-a.pdf
2026-08-28,037,SABANA GRANDE DE BOYÁ,MONTE PLATA,MINISTERIO DE AGRICULTURA,EMCV,,,0.1,https://indomet.gob.do/wp-content/uploads/2026/08/temperaturas-extremas-y-precipitaciones-2026x08x28-a.pdf
2026-08-28,038,ALTAMIRA,PUERTO PLATA,HOSP. MPAL. DE ALTAMIRA,EMCI,37.2,22.0,0.0,https://indomet.gob.do/wp-content/uploads/2026/08/temperaturas-extremas-y-precipitaciones-2026x08x28-a.pdf
2026-08-28,039,ARPT. GREGORIO LUPERÓN,PUERTO PLATA,INDOMET,EMCI,33.7,23.4,0.0,https://indomet.gob.do/wp-content/uploads/2026/08/temperaturas-extremas-y-precipitaciones-2026x08x28-a.pdf
2026-08-28,040,ARPT. MARÍA MONTEZ,BARAHONA,INDOMET,EMCI,34.5,25.3,0.0,https://indomet.gob.do/wp-content/uploads/2026/08/temperaturas-extremas-y-precipitaciones-2026x08x28-a.pdf
2026-08-28,041,ARROYO LORO,SAN JUAN,IDIAF,EMCI,36.8,20.2,0.0,https://indomet.gob.do/wp-content/uploads/2026/08/temperaturas-extremas-y-precipitaciones-2026x08x28-a.pdf
2026-08-28,042,BANI (EMA),PERAVIA,MINISTERIO DE AGRICULTURA,EMAP,34.4,27.4,0.0,https://indomet.gob.do/wp-content/uploads/2026/08/temperaturas-extremas-y-precipitaciones-2026x08x28-a.pdf
2026-08-28,043,BELLA VISTA (EMA),DISTRITO NACIONAL,PRIVADA,EMAP,,,0.0,https://indomet.gob.do/wp-content/uploads/2026/08/temperaturas-extremas-y-precipitaciones-2026x08x28-a.pdf
2026-08-28,044,BOCA DE MAO (EMA),VALVERDE,MINISTERIO DE AGRICULTURA,EMAP,38.4,25.8,0.0,https://indomet.gob.do/wp-content/uploads/2026/08/temperaturas-extremas-y-precipitaciones-2026x08x28-a.pdf
2026-08-28,045,CENTRO DE LOS HEROES (EMA),DISTRITO NACIONAL,MINISTERIO DE ENERGIA Y MINA,EMAP,33.3,27.3,0.0,https://indomet.gob.do/wp-content/uploads/2026/08/temperaturas-extremas-y-precipitaciones-2026x08x28-a.pdf
2026-08-28,046,CONSTANZA,LA VEGA,MINISTERIO DE AGRICULTURA,EMCI,28.6,17.0,0.0,https://indomet.gob.do/wp-content/uploads/2026/08/temperaturas-extremas-y-precipitaciones-2026x08x28-a.pdf
2026-08-28,047,CONSTANZA (EMA),LA VEGA,PROGRAMA MUNDIAL DE ALIMENTO,EMAP,28.3,17.9,0.0,https://indomet.gob.do/wp-content/uploads/2026/08/temperaturas-extremas-y-precipitaciones-2026x08x28-a.pdf
2026-08-28,048,DAJABÓN,DAJABÓN,INSTITUTO POLITÉCNICO LOYOLA,EMCI,34.9,20.5,0.0,https://indomet.gob.do/wp-content/uploads/2026/08/temperaturas-extremas-y-precipitaciones-2026x08x28-a.pdf
2026-08-28,049,EL FACTOR (EMA),MARÍA TRINIDAD SÁNCHEZ,INTEC,EMAP,33.9,24.6,0.0,https://indomet.gob.do/wp-content/uploads/2026/08/temperaturas-extremas-y-precipitaciones-2026x08x28-a.pdf
2026-08-28,050,EL MILLON (EMA),DISTRITO NACIONAL,PRIVADA,EMAP,,,0.0,https://indomet.gob.do/wp-content/uploads/2026/08/temperaturas-extremas-y-precipitaciones-2026x08x28-a.pdf
2026-08-28,051,ENRIQUILLO,BARAHONA,MINISTERIO DE AGRICULTURA,EMCV,34.5,25.5,0.0,https://indomet.gob.do/wp-content/uploads/2026/08/temperaturas-extremas-y-precipitaciones-2026x08x28-a.pdf
2026-08-28,052,ENSANCHE LA FE (EMA),DISTRITO NACIONAL,PRIVADA,EMAP,,,0.0,https://indomet.gob.do/wp-content/uploads/2026/08/temperaturas-extremas-y-precipitaciones-2026x08x28-a.pdf
2026-08-28,053,ESCONDIDO,PERAVIA,MINISTERIO DE AGRICULTURA,EMCV,34.0,27.0,0.0,https://indomet.gob.do/wp-content/uploads/2026/08/temperaturas-extremas-y-precipitaciones-2026x08x28-a.pdf
2026-08-28,054,GASPAR HERNÁNDEZ,ESPAILLAT,PROPIEDAD DEL EMPLEADO,EMCI,,,0.0,https://indomet.gob.do/wp-content/uploads/2026/08/temperaturas-extremas-y-precipitaciones-2026x08x28-a.pdf
2026-08-28,055,GURABO,SANTIAGO,MINISTERIO DE AGRICULTURA,EMCV,,,0.0,https://indomet.gob.do/wp-content/uploads/2026/08/temperaturas-extremas-y-precipitaciones-2026x08x28-a.pdf
2026-08-28,056,JANICO (EMA),LA VEGA,PLAN SIERRA,EMAI,,,0.0,https://indomet.gob.do/wp-content/uploads/2026/08/temperaturas-extremas-y-precipitaciones-2026x08x28-a.pdf
2026-08-28,057,JARDÍN BOTÁNICO SANTIAGO (EMSANTIAGO,,JARDIN BOTANICO SANTIAGO,EMAI,37.0,28.1,0.0,https://indomet.gob.do/wp-content/uploads/2026/08/temperaturas-extremas-y-precipitaciones-2026x08x28-a.pdf
2026-08-28,058,JIMANÍ,INDEPENDENCIA,MINISTERIO DE AGRICULTURA,EMCI,38.5,27.0,0.0,https://indomet.gob.do/wp-content/uploads/2026/08/temperaturas-extremas-y-precipitaciones-2026x08x28-a.pdf
2026-08-28,059,LA AGUSTINA (EMA),DISTRITO NACIONAL,PRIVADA,EMAP,,,0.0,https://indomet.gob.do/wp-content/uploads/2026/08/temperaturas-extremas-y-precipitaciones-2026x08x28-a.pdf
2026-08-28,060,LAS CANAS (EMA),MONTE CRISTI,PROGRAMA MUNDIAL DE ALIMENTO,EMAP,32.3,25.7,0.0,https://indomet.gob.do/wp-content/uploads/2026/08/temperaturas-extremas-y-precipitaciones-2026x08x28-a.pdf
2026-08-28,061,LOS CACICAZGOS (EMA),DISTRITO NACIONAL,PRIVADA,EMAP,,,0.0,https://indomet.gob.do/wp-content/uploads/2026/08/temperaturas-extremas-y-precipitaciones-2026x08x28-a.pdf
2026-08-28,062,LOS COCOS (EMA),BAHORUCO,PRIVADA,EMAP,,,0.0,https://indomet.gob.do/wp-content/uploads/2026/08/temperaturas-extremas-y-precipitaciones-2026x08x28-a.pdf
2026-08-28,063,LOS JARDINES (EMA),DISTRITO NACIONAL,PRIVADA,EMAP,,,0.0,https://indomet.gob.do/wp-content/uploads/2026/08/temperaturas-extremas-y-precipitaciones-2026x08x28-a.pdf
2026-08-28,064,LOS PRADOS (EMA),DISTRITO NACIONAL,PRIVADA,EMAP,,,0.0,https://indomet.gob.do/wp-content/uploads/2026/08/temperaturas-extremas-y-precipitaciones-2026x08x28-a.pdf
2026-08-28,065,MAO,VALVERDE,INDRHI / MINISTERIO DE AGRICULTURA,EMCV,,,0.0,https://indomet.gob.do/wp-content/uploads/2026/08/temperaturas-extremas-y-precipitaciones-2026x08x28-a.pdf
2026-08-28,066,MONCIÓN (EMA),SANTIAGO RODRÍGUEZ,PROGRAMA MUNDIAL DE ALIMENTO,EMAP,35.7,22.9,0.0,https://indomet.gob.do/wp-content/uploads/2026/08/temperaturas-extremas-y-precipitaciones-2026x08x28-a.pdf
2026-08-28,067,MONTE CRISTI,MONTE CRISTI,INDOMET,EMCI,35.5,26.0,0.0,https://indomet.gob.do/wp-content/uploads/2026/08/temperaturas-extremas-y-precipitaciones-2026x08x28-a.pdf
2026-08-28,068,NAVARRETE,SANTIAGO,MINISTERIO DE AGRICULTURA,EMCV,,,0.0,https://indomet.gob.do/wp-content/uploads/2026/08/temperaturas-extremas-y-precipitaciones-2026x08x28-a.pdf
2026-08-28,069,OLIVARES,PEDERNALES,INDRHI,EMCI,,,0.0,https://indomet.gob.do/wp-content/uploads/2026/08/temperaturas-extremas-y-precipitaciones-2026x08x28-a.pdf
2026-08-28,070,OVIEDO,PEDERNALES,CLÍNICA RURAL OVIEDO,EMCI,34.8,26.2,0.0,https://indomet.gob.do/wp-content/uploads/2026/08/temperaturas-extremas-y-precipitaciones-2026x08x28-a.pdf
2026-08-28,071,PADRE LAS CASAS,AZUA,HOSP. NTRA. SRA. DEL CARMEN,EMCI,34.9,20.5,0.0,https://indomet.gob.do/wp-content/uploads/2026/08/temperaturas-extremas-y-precipitaciones-2026x08x28-a.pdf
2026-08-28,072,PEDERNALES,PEDERNALES,INDRHI,EMCI,,,0.0,https://indomet.gob.do/wp-content/uploads/2026/08/temperaturas-extremas-y-precipitaciones-2026x08x28-a.pdf
2026-08-28,073,PRESA DE TAVERAS (EMA),LA VEGA,PROGRAMA MUNDIAL DE ALIMENTO,EMAP,34.8,23.3,0.0,https://indomet.gob.do/wp-content/uploads/2026/08/temperaturas-extremas-y-precipitaciones-2026x08x28-a.pdf
2026-08-28,074,PROLONGACION 27 DE FEBRERO,DISTRITO NACIONAL,PRIVADA,EMAP,,,0.0,https://indomet.gob.do/wp-content/uploads/2026/08/temperaturas-extremas-y-precipitaciones-2026x08x28-a.pdf
2026-08-28,075,RESTAURACIÓN,DAJABÓN,MINISTERIO DE AGRICULTURA,EMCI,33.4,20.6,0.0,https://indomet.gob.do/wp-content/uploads/2026/08/temperaturas-extremas-y-precipitaciones-2026x08x28-a.pdf
2026-08-28,076,SABANETA (EMA),SANTIAGO RODRÍGUEZ,PROGRAMA MUNDIAL DE ALIMENTO,EMAP,38.7,24.7,0.0,https://indomet.gob.do/wp-content/uploads/2026/08/temperaturas-extremas-y-precipitaciones-2026x08x28-a.pdf
2026-08-28,077,SAJOMA (EMA),SANTIAGO,PLAN SIERRA,EMAI,34.3,26.6,0.0,https://indomet.gob.do/wp-content/uploads/2026/08/temperaturas-extremas-y-precipitaciones-2026x08x28-a.pdf
2026-08-28,078,SAN CRISTÓBAL,SAN CRISTÓBAL,INSTITUTO POLITÉCNICO LOYOLA,EMCI,35.5,24.0,0.0,https://indomet.gob.do/wp-content/uploads/2026/08/temperaturas-extremas-y-precipitaciones-2026x08x28-a.pdf
2026-08-28,079,SÁNCHEZ,SAMANÁ,MINISTERIO DE AGRICULTURA,EMCI,33.9,23.1,0.0,https://indomet.gob.do/wp-content/uploads/2026/08/temperaturas-extremas-y-precipitaciones-2026x08x28-a.pdf
2026-08-28,080,SANTIAGO RODRÍGUEZ,SANTIAGO RODRÍGUEZ,INDOMET,EMCI,38.6,25.5,0.0,https://indomet.gob.do/wp-content/uploads/2026/08/temperaturas-extremas-y-precipitaciones-2026x08x28-a.pdf
2026-08-28,081,SANTO DOMINGO ESTE,SANTO DOMINGO,INDOMET,EMCI,33.5,24.2,0.0,https://indomet.gob.do/wp-content/uploads/2026/08/temperaturas-extremas-y-precipitaciones-2026x08x28-a.pdf
2026-08-28,082,TÁBARA ABAJO,AZUA,INDRHI,EMCI,34.5,20.5,0.0,https://indomet.gob.do/wp-content/uploads/2026/08/temperaturas-extremas-y-precipitaciones-2026x08x28-a.pdf
2026-08-28,083,VILLA GONZALES,SANTIAGO,MINISTERIO DE AGRICULTURA,EMCI,,,0.0,https://indomet.gob.do/wp-content/uploads/2026/08/temperaturas-extremas-y-precipitaciones-2026x08x28-a.pdf
2026-08-28,084,VILLA ISABELA,PUERTO PLATA,MINISTERIO DE AGRICULTURA,EMCV,35.2,23.1,0.0,https://indomet.gob.do/wp-content/uploads/2026/08/temperaturas-extremas-y-precipitaciones-2026x08x28-a.pdf
2026-08-28,085,VILLA VASQUEZ (EMA),MONTE CRISTI,JUNTA DE REGANTES,EMAI,,,0.0,https://indomet.gob.do/wp-content/uploads/2026/08/temperaturas-extremas-y-precipitaciones-2026x08x28-a.pdf
2026-08-29,001,VILLA ALTAGRACIA,SAN CRISTÓBAL,ESCUELA JAVIER ANGULO GURIDI,EMCI,,,8.7,https://indomet.gob.do/wp-content/uploads/2026/08/temperaturas-extremas-y-precipitaciones-2026x08x29-a.pdf
2026-08-29,002,ARPT. EL CATEY,SAMANÁ,INDOMET,EMCI,32.5,22.5,7.5,https://indomet.gob.do/wp-content/uploads/2026/08/temperaturas-extremas-y-precipitaciones-2026x08x29-a.pdf
2026-08-29,003,HATO MAYOR,HATO MAYOR,MINISTERIO DE AGRICULTURA,EMCV,,,5.1,https://indomet.gob.do/wp-content/uploads/2026/08/temperaturas-extremas-y-precipitaciones-2026x08x29-a.pdf
2026-08-29,004,ARPT. DE PUNTA CANA,LA ALTAGRACIA,INDOMET,EMCI,33.2,21.5,3.3,https://indomet.gob.do/wp-content/uploads/2026/08/temperaturas-extremas-y-precipitaciones-2026x08x29-a.pdf
2026-08-29,005,LA VICTORIA,SANTO DOMINGO,CUERPO DE BOMBEROS,EMCI,35.9,26.0,3.3,https://indomet.gob.do/wp-content/uploads/2026/08/temperaturas-extremas-y-precipitaciones-2026x08x29-a.pdf
2026-08-29,006,SABANA DE LA MAR,HATO MAYOR,INDOMET,EMCI,32.5,24.0,2.8,https://indomet.gob.do/wp-content/uploads/2026/08/temperaturas-extremas-y-precipitaciones-2026x08x29-a.pdf
2026-08-29,007,EL FACTOR (EMA),MARÍA TRINIDAD SÁNCHEZ,INTEC,EMAP,34.1,24.3,2.3,https://indomet.gob.do/wp-content/uploads/2026/08/temperaturas-extremas-y-precipitaciones-2026x08x29-a.pdf
2026-08-29,008,BUCARA (EMA),SANTIAGO,MINISTERIO DE AGRICULTURA,EMAI,,,2.0,https://indomet.gob.do/wp-content/uploads/2026/08/temperaturas-extremas-y-precipitaciones-2026x08x29-a.pdf
2026-08-29,009,RANCHO ARRIBA,SAN JOSÉ DE OCOA,CENTRO TECNOLÓGICO COMUNITARIO,EMCI,33.5,19.7,2.0,https://indomet.gob.do/wp-content/uploads/2026/08/temperaturas-extremas-y-precipitaciones-2026x08x29-a.pdf
2026-08-29,010,VILLA GONZALE (EMA),SANTIAGO,IGLESIA,EMAI,,,2.0,https://indomet.gob.do/wp-content/uploads/2026/08/temperaturas-extremas-y-precipitaciones-2026x08x29-a.pdf
2026-08-29,011,BASE AÉREA DE SAN ISIDRO,SANTO DOMINGO,FUERZA AÉREA DOMINICANA,EMCV,31.0,24.0,2.0,https://indomet.gob.do/wp-content/uploads/2026/08/temperaturas-extremas-y-precipitaciones-2026x08x29-a.pdf
2026-08-29,012,BAYAGUANA,MONTE PLATA,INDOMET,EMCI,34.8,23.3,0.8,https://indomet.gob.do/wp-content/uploads/2026/08/temperaturas-extremas-y-precipitaciones-2026x08x29-a.pdf
2026-08-29,013,SAN RAFAEL DEL YUMA,LA ALTAGRACIA,MINISTERIO DE AGRICULTURA,EMCI,35.0,25.4,0.7,https://indomet.gob.do/wp-content/uploads/2026/08/temperaturas-extremas-y-precipitaciones-2026x08x29-a.pdf
2026-08-29,014,POLO,BARAHONA,INDOCAFE,EMCI,31.5,19.5,0.6,https://indomet.gob.do/wp-content/uploads/2026/08/temperaturas-extremas-y-precipitaciones-2026x08x29-a.pdf
2026-08-29,015,CABRERA,MARÍA TRINIDAD SÁNCHEZ,ESCUELA ARÍSTIDES FIALLO CABRAL,EMCI,34.2,25.8,0.4,https://indomet.gob.do/wp-content/uploads/2026/08/temperaturas-extremas-y-precipitaciones-2026x08x29-a.pdf
2026-08-29,016,SÁNCHEZ,SAMANÁ,MINISTERIO DE AGRICULTURA,EMCI,33.2,24.0,0.4,https://indomet.gob.do/wp-content/uploads/2026/08/temperaturas-extremas-y-precipitaciones-2026x08x29-a.pdf
2026-08-29,017,ALTO BANDERA (EMA),LA VEGA,INTEC,EMAP,18.7,9.4,0.3,https://indomet.gob.do/wp-content/uploads/2026/08/temperaturas-extremas-y-precipitaciones-2026x08x29-a.pdf
2026-08-29,018,JARABACOA,LA VEGA,INDRHI / MARENA,EMCI,34.2,18.6,0.2,https://indomet.gob.do/wp-content/uploads/2026/08/temperaturas-extremas-y-precipitaciones-2026x08x29-a.pdf
2026-08-29,019,JUMA BEJUCAL,MONSEÑOR NOUEL,IDIAF,EMCV,35.6,24.6,0.2,https://indomet.gob.do/wp-content/uploads/2026/08/temperaturas-extremas-y-precipitaciones-2026x08x29-a.pdf
2026-08-29,020,ARPT. LA ISABELA,SANTO DOMINGO,INDOMET,EMCI,37.0,24.6,0.1,https://indomet.gob.do/wp-content/uploads/2026/08/temperaturas-extremas-y-precipitaciones-2026x08x29-a.pdf
2026-08-29,021,OVIEDO,PEDERNALES,CLÍNICA RURAL OVIEDO,EMCI,34.4,25.6,0.1,https://indomet.gob.do/wp-content/uploads/2026/08/temperaturas-extremas-y-precipitaciones-2026x08x29-a.pdf
2026-08-29,022,ALTAMIRA,PUERTO PLATA,HOSP. MPAL. DE ALTAMIRA,EMCI,34.9,22.2,0.0,https://indomet.gob.do/wp-content/uploads/2026/08/temperaturas-extremas-y-precipitaciones-2026x08x29-a.pdf
2026-08-29,023,ANAMUYA (EMA),LA ALTAGRACIA,MINISTERIO DE AGRICULTURA,EMAP,33.0,26.7,0.0,https://indomet.gob.do/wp-content/uploads/2026/08/temperaturas-extremas-y-precipitaciones-2026x08x29-a.pdf
2026-08-29,024,ARPT. ARROYO BARRIL,SAMANÁ,INDOMET,EMCI,33.5,23.0,0.0,https://indomet.gob.do/wp-content/uploads/2026/08/temperaturas-extremas-y-precipitaciones-2026x08x29-a.pdf
2026-08-29,025,ARPT. DE LA ROMANA,LA ROMANA,INDOMET,EMCI,34.7,23.0,0.0,https://indomet.gob.do/wp-content/uploads/2026/08/temperaturas-extremas-y-precipitaciones-2026x08x29-a.pdf
2026-08-29,026,ARPT. DE LAS AMÉRICAS,SANTO DOMINGO,INDOMET,EMCI,34.5,24.4,0.0,https://indomet.gob.do/wp-content/uploads/2026/08/temperaturas-extremas-y-precipitaciones-2026x08x29-a.pdf
2026-08-29,027,ARPT. DEL CIBAO,SANTIAGO,INDOMET,EMCI,36.6,23.6,0.0,https://indomet.gob.do/wp-content/uploads/2026/08/temperaturas-extremas-y-precipitaciones-2026x08x29-a.pdf
2026-08-29,028,ARPT. GREGORIO LUPERÓN,PUERTO PLATA,INDOMET,EMCI,33.0,23.1,0.0,https://indomet.gob.do/wp-content/uploads/2026/08/temperaturas-extremas-y-precipitaciones-2026x08x29-a.pdf
2026-08-29,029,ARPT. MARÍA MONTEZ,BARAHONA,INDOMET,EMCI,35.4,25.0,0.0,https://indomet.gob.do/wp-content/uploads/2026/08/temperaturas-extremas-y-precipitaciones-2026x08x29-a.pdf
2026-08-29,030,ARROYO LORO,SAN JUAN,IDIAF,EMCI,37.0,21.7,0.0,https://indomet.gob.do/wp-content/uploads/2026/08/temperaturas-extremas-y-precipitaciones-2026x08x29-a.pdf
2026-08-29,031,BANI (EMA),PERAVIA,MINISTERIO DE AGRICULTURA,EMAP,34.9,27.4,0.0,https://indomet.gob.do/wp-content/uploads/2026/08/temperaturas-extremas-y-precipitaciones-2026x08x29-a.pdf
2026-08-29,032,BOCA DE MAO (EMA),VALVERDE,MINISTERIO DE AGRICULTURA,EMAP,38.1,25.9,0.0,https://indomet.gob.do/wp-content/uploads/2026/08/temperaturas-extremas-y-precipitaciones-2026x08x29-a.pdf
2026-08-29,033,CABRAL,BARAHONA,MINISTERIO DE AGRICULTURA,EMCV,37.0,25.5,0.0,https://indomet.gob.do/wp-content/uploads/2026/08/temperaturas-extremas-y-precipitaciones-2026x08x29-a.pdf
2026-08-29,034,CENTRO DE LOS HEROES (EMA),DISTRITO NACIONAL,MINISTERIO DE ENERGIA Y MINA,EMAP,34.0,27.6,0.0,https://indomet.gob.do/wp-content/uploads/2026/08/temperaturas-extremas-y-precipitaciones-2026x08x29-a.pdf
2026-08-29,035,CONSTANZA,LA VEGA,MINISTERIO DE AGRICULTURA,EMCI,28.5,14.2,0.0,https://indomet.gob.do/wp-content/uploads/2026/08/temperaturas-extremas-y-precipitaciones-2026x08x29-a.pdf
2026-08-29,036,CONSTANZA (EMA),LA VEGA,PROGRAMA MUNDIAL DE ALIMENTO,EMAP,27.6,18.1,0.0,https://indomet.gob.do/wp-content/uploads/2026/08/temperaturas-extremas-y-precipitaciones-2026x08x29-a.pdf
2026-08-29,037,COTUÍ,SÁNCHEZ RAMÍREZ,HOSP. INMACULADA CONCEPCIÓN,EMCV,35.8,25.0,0.0,https://indomet.gob.do/wp-content/uploads/2026/08/temperaturas-extremas-y-precipitaciones-2026x08x29-a.pdf
2026-08-29,038,DAJABÓN,DAJABÓN,INSTITUTO POLITÉCNICO LOYOLA,EMCI,37.7,21.5,0.0,https://indomet.gob.do/wp-content/uploads/2026/08/temperaturas-extremas-y-precipitaciones-2026x08x29-a.pdf
2026-08-29,039,EL MILLON (EMA),DISTRITO NACIONAL,PRIVADA,EMAP,,,0.0,https://indomet.gob.do/wp-content/uploads/2026/08/temperaturas-extremas-y-precipitaciones-2026x08x29-a.pdf
2026-08-29,040,ELÍAS PIÑA,ELÍAS PIÑA,MINISTERIO DE AGRICULTURA,EMCV,,,0.0,https://indomet.gob.do/wp-content/uploads/2026/08/temperaturas-extremas-y-precipitaciones-2026x08x29-a.pdf
2026-08-29,041,ENRIQUILLO,BARAHONA,MINISTERIO DE AGRICULTURA,EMCV,35.5,25.4,0.0,https://indomet.gob.do/wp-content/uploads/2026/08/temperaturas-extremas-y-precipitaciones-2026x08x29-a.pdf
2026-08-29,042,ENSANCHE LA FE (EMA),DISTRITO NACIONAL,PRIVADA,EMAP,,,0.0,https://indomet.gob.do/wp-content/uploads/2026/08/temperaturas-extremas-y-precipitaciones-2026x08x29-a.pdf
2026-08-29,043,ESCONDIDO,PERAVIA,MINISTERIO DE AGRICULTURA,EMCV,35.0,27.0,0.0,https://indomet.gob.do/wp-content/uploads/2026/08/temperaturas-extremas-y-precipitaciones-2026x08x29-a.pdf
2026-08-29,044,GASPAR HERNÁNDEZ,ESPAILLAT,PROPIEDAD DEL EMPLEADO,EMCI,,,0.0,https://indomet.gob.do/wp-content/uploads/2026/08/temperaturas-extremas-y-precipitaciones-2026x08x29-a.pdf
2026-08-29,045,GURABO,SANTIAGO,MINISTERIO DE AGRICULTURA,EMCV,,,0.0,https://indomet.gob.do/wp-content/uploads/2026/08/temperaturas-extremas-y-precipitaciones-2026x08x29-a.pdf
2026-08-29,046,HONDO VALLE,ELÍAS PIÑA,MINISTERIO DE AGRICULTURA,EMCI,30.0,20.9,0.0,https://indomet.gob.do/wp-content/uploads/2026/08/temperaturas-extremas-y-precipitaciones-2026x08x29-a.pdf
2026-08-29,047,JARDÍN BOTÁNICO SANTIAGO (EMSANTIAGO,,JARDIN BOTANICO SANTIAGO,EMAI,36.9,24.3,0.0,https://indomet.gob.do/wp-content/uploads/2026/08/temperaturas-extremas-y-precipitaciones-2026x08x29-a.pdf
2026-08-29,048,JIMANÍ,INDEPENDENCIA,MINISTERIO DE AGRICULTURA,EMCI,38.5,27.2,0.0,https://indomet.gob.do/wp-content/uploads/2026/08/temperaturas-extremas-y-precipitaciones-2026x08x29-a.pdf
2026-08-29,049,LA AGUSTINA (EMA),DISTRITO NACIONAL,PRIVADA,EMAP,,,0.0,https://indomet.gob.do/wp-content/uploads/2026/08/temperaturas-extremas-y-precipitaciones-2026x08x29-a.pdf
2026-08-29,050,LA VEGA,LA VEGA,IATESA,EMCI,36.5,24.0,0.0,https://indomet.gob.do/wp-content/uploads/2026/08/temperaturas-extremas-y-precipitaciones-2026x08x29-a.pdf
2026-08-29,051,LAS CANAS (EMA),MONTE CRISTI,PROGRAMA MUNDIAL DE ALIMENTO,EMAP,32.1,26.2,0.0,https://indomet.gob.do/wp-content/uploads/2026/08/temperaturas-extremas-y-precipitaciones-2026x08x29-a.pdf
2026-08-29,052,LOS CACICAZGOS (EMA),DISTRITO NACIONAL,PRIVADA,EMAP,,,0.0,https://indomet.gob.do/wp-content/uploads/2026/08/temperaturas-extremas-y-precipitaciones-2026x08x29-a.pdf
2026-08-29,053,LOS JARDINES (EMA),DISTRITO NACIONAL,PRIVADA,EMAP,,,0.0,https://indomet.gob.do/wp-content/uploads/2026/08/temperaturas-extremas-y-precipitaciones-2026x08x29-a.pdf
2026-08-29,054,LOS LLANOS,SAN PEDRO DE MACORÍS,MINISTERIO DE AGRICULTURA,EMCI,35.0,24.0,0.0,https://indomet.gob.do/wp-content/uploads/2026/08/temperaturas-extremas-y-precipitaciones-2026x08x29-a.pdf
2026-08-29,055,LOS PRADOS (EMA),DISTRITO NACIONAL,PRIVADA,EMAP,,,0.0,https://indomet.gob.do/wp-content/uploads/2026/08/temperaturas-extremas-y-precipitaciones-2026x08x29-a.pdf
2026-08-29,056,MAO,VALVERDE,INDRHI / MINISTERIO DE AGRICULTURA,EMCV,,,0.0,https://indomet.gob.do/wp-content/uploads/2026/08/temperaturas-extremas-y-precipitaciones-2026x08x29-a.pdf
2026-08-29,057,MICHES (EMA),EL SEIBO,PRIVADA,EMAP,31.2,24.2,0.0,https://indomet.gob.do/wp-content/uploads/2026/08/temperaturas-extremas-y-precipitaciones-2026x08x29-a.pdf
2026-08-29,058,MONCIÓN (EMA),SANTIAGO RODRÍGUEZ,PROGRAMA MUNDIAL DE ALIMENTO,EMAP,35.4,21.4,0.0,https://indomet.gob.do/wp-content/uploads/2026/08/temperaturas-extremas-y-precipitaciones-2026x08x29-a.pdf
2026-08-29,059,MONTE CRISTI,MONTE CRISTI,INDOMET,EMCI,35.1,26.5,0.0,https://indomet.gob.do/wp-content/uploads/2026/08/temperaturas-extremas-y-precipitaciones-2026x08x29-a.pdf
2026-08-29,060,NAVARRETE,SANTIAGO,MINISTERIO DE AGRICULTURA,EMCV,,,0.0,https://indomet.gob.do/wp-content/uploads/2026/08/temperaturas-extremas-y-precipitaciones-2026x08x29-a.pdf
2026-08-29,061,LOS COCOS (EMA),BAHORUCO,PRIVADA,EMAP,,,0.0,https://indomet.gob.do/wp-content/uploads/2026/08/temperaturas-extremas-y-precipitaciones-2026x08x29-a.pdf
2026-08-29,062,OLIVARES,PEDERNALES,INDRHI,EMCI,,,0.0,https://indomet.gob.do/wp-content/uploads/2026/08/temperaturas-extremas-y-precipitaciones-2026x08x29-a.pdf
2026-08-29,063,PADRE LAS CASAS,AZUA,HOSP. NTRA. SRA. DEL CARMEN,EMCI,35.5,21.6,0.0,https://indomet.gob.do/wp-content/uploads/2026/08/temperaturas-extremas-y-precipitaciones-2026x08x29-a.pdf
2026-08-29,064,PALO ÍNDIO,PUERTO PLATA,MINISTERIO DE AGRICULTURA,EMCI,,,0.0,https://indomet.gob.do/wp-content/uploads/2026/08/temperaturas-extremas-y-precipitaciones-2026x08x29-a.pdf
2026-08-29,065,PEDERNALES,PEDERNALES,INDRHI,EMCI,,,0.0,https://indomet.gob.do/wp-content/uploads/2026/08/temperaturas-extremas-y-precipitaciones-2026x08x29-a.pdf
2026-08-29,066,PERALTA,AZUA,HOSP. MPAL. DE PERALTA,EMCI,35.0,20.2,0.0,https://indomet.gob.do/wp-content/uploads/2026/08/temperaturas-extremas-y-precipitaciones-2026x08x29-a.pdf
2026-08-29,067,PRESA DE TAVERAS (EMA),LA VEGA,PROGRAMA MUNDIAL DE ALIMENTO,EMAP,34.9,23.7,0.0,https://indomet.gob.do/wp-content/uploads/2026/08/temperaturas-extremas-y-precipitaciones-2026x08x29-a.pdf
2026-08-29,068,PROLONGACION 27 DE FEBRERO,DISTRITO NACIONAL,PRIVADA,EMAP,,,0.0,https://indomet.gob.do/wp-content/uploads/2026/08/temperaturas-extremas-y-precipitaciones-2026x08x29-a.pdf
2026-08-29,069,RESTAURACIÓN,DAJABÓN,MINISTERIO DE AGRICULTURA,EMCI,32.9,20.2,0.0,https://indomet.gob.do/wp-content/uploads/2026/08/temperaturas-extremas-y-precipitaciones-2026x08x29-a.pdf
2026-08-29,070,RÍO SAN JUAN,MARÍA TRINIDAD SÁNCHEZ,HOSP. MPAL. DR. DESIDERIO ACOSTA,EMCV,35.6,25.4,0.0,https://indomet.gob.do/wp-content/uploads/2026/08/temperaturas-extremas-y-precipitaciones-2026x08x29-a.pdf
2026-08-29,071,SABANA GRANDE DE BOYÁ,MONTE PLATA,MINISTERIO DE AGRICULTURA,EMCV,,,0.0,https://indomet.gob.do/wp-content/uploads/2026/08/temperaturas-extremas-y-precipitaciones-2026x08x29-a.pdf
2026-08-29,072,SABANETA (EMA),SANTIAGO RODRÍGUEZ,PROGRAMA MUNDIAL DE ALIMENTO,EMAP,38.1,25.2,0.0,https://indomet.gob.do/wp-content/uploads/2026/08/temperaturas-extremas-y-precipitaciones-2026x08x29-a.pdf
2026-08-29,073,SAJOMA (EMA),SANTIAGO,PLAN SIERRA,EMAI,34.2,26.3,0.0,https://indomet.gob.do/wp-content/uploads/2026/08/temperaturas-extremas-y-precipitaciones-2026x08x29-a.pdf
2026-08-29,074,SALCEDO,HERMANAS MIRABAL,PROPIEDAD DEL EMPLEADO,EMCI,,,0.0,https://indomet.gob.do/wp-content/uploads/2026/08/temperaturas-extremas-y-precipitaciones-2026x08x29-a.pdf
2026-08-29,075,SAMANÁ,SAMANÁ,COMANDANCIA DE PUERTO DE SAMANÁ,EMCI,34.4,18.5,0.0,https://indomet.gob.do/wp-content/uploads/2026/08/temperaturas-extremas-y-precipitaciones-2026x08x29-a.pdf
2026-08-29,076,SAN CRISTÓBAL,SAN CRISTÓBAL,INSTITUTO POLITÉCNICO LOYOLA,EMCI,35.5,24.0,0.0,https://indomet.gob.do/wp-content/uploads/2026/08/temperaturas-extremas-y-precipitaciones-2026x08x29-a.pdf
2026-08-29,077,SAN JOSÉ DE OCOA,SAN JOSÉ DE OCOA,HOSP. SAN JOSÉ DE OCOA,EMCI,36.0,24.5,0.0,https://indomet.gob.do/wp-content/uploads/2026/08/temperaturas-extremas-y-precipitaciones-2026x08x29-a.pdf
2026-08-29,078,SANTIAGO RODRÍGUEZ,SANTIAGO RODRÍGUEZ,INDOMET,EMCI,38.5,26.1,0.0,https://indomet.gob.do/wp-content/uploads/2026/08/temperaturas-extremas-y-precipitaciones-2026x08x29-a.pdf
2026-08-29,079,SANTO DOMINGO ESTE,SANTO DOMINGO,INDOMET,EMCI,34.0,26.2,0.0,https://indomet.gob.do/wp-content/uploads/2026/08/temperaturas-extremas-y-precipitaciones-2026x08x29-a.pdf
2026-08-29,080,TÁBARA ABAJO,AZUA,INDRHI,EMCI,33.5,20.0,0.0,https://indomet.gob.do/wp-content/uploads/2026/08/temperaturas-extremas-y-precipitaciones-2026x08x29-a.pdf
2026-08-29,081,VILLA GONZALES,SANTIAGO,MINISTERIO DE AGRICULTURA,EMCI,,,0.0,https://indomet.gob.do/wp-content/uploads/2026/08/temperaturas-extremas-y-precipitaciones-2026x08x29-a.pdf
2026-08-29,082,VILLA RIVA,DUARTE,HOSP. MPAL. ALICIA DE LEGENDRE,EMCI,33.3,24.0,0.0,https://indomet.gob.do/wp-content/uploads/2026/08/temperaturas-extremas-y-precipitaciones-2026x08x29-a.pdf
2026-08-29,083,VILLA VASQUEZ (EMA),MONTE CRISTI,JUNTA DE REGANTES,EMAI,,,0.0,https://indomet.gob.do/wp-content/uploads/2026/08/temperaturas-extremas-y-precipitaciones-2026x08x29-a.pdf
2026-08-30,001,MULTIMODAL CAUCEDO (EMA),SANTO DOMINGO,PRIVADA,EMAP,,,31.2,https://indomet.gob.do/wp-content/uploads/2026/08/temperaturas-extremas-y-precipitaciones-2026x08x30-a.pdf
2026-08-30,002,ARENOSO (EMA),DUARTE,PROGRAMA MUNDIAL DE ALIMENTO,EMAP,,,24.6,https://indomet.gob.do/wp-content/uploads/2026/08/temperaturas-extremas-y-precipitaciones-2026x08x30-a.pdf
2026-08-30,003,LOS LLANOS,SAN PEDRO DE MACORÍS,MINISTERIO DE AGRICULTURA,EMCI,34.8,25.0,24.2,https://indomet.gob.do/wp-content/uploads/2026/08/temperaturas-extremas-y-precipitaciones-2026x08x30-a.pdf
2026-08-30,004,EL FACTOR (EMA),MARÍA TRINIDAD SÁNCHEZ,INTEC,EMAP,33.6,25.9,23.9,https://indomet.gob.do/wp-content/uploads/2026/08/temperaturas-extremas-y-precipitaciones-2026x08x30-a.pdf
2026-08-30,005,VILLA ALTAGRACIA,SAN CRISTÓBAL,ESCUELA JAVIER ANGULO GURIDI,EMCI,,,22.4,https://indomet.gob.do/wp-content/uploads/2026/08/temperaturas-extremas-y-precipitaciones-2026x08x30-a.pdf
2026-08-30,006,BAYAGUANA,MONTE PLATA,INDOMET,EMCI,34.0,23.2,20.8,https://indomet.gob.do/wp-content/uploads/2026/08/temperaturas-extremas-y-precipitaciones-2026x08x30-a.pdf
2026-08-30,007,GASPAR HERNÁNDEZ,ESPAILLAT,PROPIEDAD DEL EMPLEADO,EMCI,,,20.6,https://indomet.gob.do/wp-content/uploads/2026/08/temperaturas-extremas-y-precipitaciones-2026x08x30-a.pdf
2026-08-30,008,SAMANÁ,SAMANÁ,COMANDANCIA DE PUERTO DE SAMANÁ,EMCI,34.1,18.6,20.4,https://indomet.gob.do/wp-content/uploads/2026/08/temperaturas-extremas-y-precipitaciones-2026x08x30-a.pdf
2026-08-30,009,ARPT. DE LAS AMÉRICAS,SANTO DOMINGO,INDOMET,EMCI,32.0,25.0,19.3,https://indomet.gob.do/wp-content/uploads/2026/08/temperaturas-extremas-y-precipitaciones-2026x08x30-a.pdf
2026-08-30,010,VILLA RIVA,DUARTE,HOSP. MPAL. ALICIA DE LEGENDRE,EMCI,33.2,24.3,19.0,https://indomet.gob.do/wp-content/uploads/2026/08/temperaturas-extremas-y-precipitaciones-2026x08x30-a.pdf
2026-08-30,011,JIMANÍ,INDEPENDENCIA,MINISTERIO DE AGRICULTURA,EMCI,39.5,27.2,18.7,https://indomet.gob.do/wp-content/uploads/2026/08/temperaturas-extremas-y-precipitaciones-2026x08x30-a.pdf
2026-08-30,012,BARRAQUITO (EMA),DUARTE,PROGRAMA MUNDIAL DE ALIMENTO,EMAP,,,16.6,https://indomet.gob.do/wp-content/uploads/2026/08/temperaturas-extremas-y-precipitaciones-2026x08x30-a.pdf
2026-08-30,013,SABANA DE LA MAR,HATO MAYOR,INDOMET,EMCI,32.8,24.2,13.8,https://indomet.gob.do/wp-content/uploads/2026/08/temperaturas-extremas-y-precipitaciones-2026x08x30-a.pdf
2026-08-30,014,BUCARA (EMA),SANTIAGO,MINISTERIO DE AGRICULTURA,EMAI,,,13.4,https://indomet.gob.do/wp-content/uploads/2026/08/temperaturas-extremas-y-precipitaciones-2026x08x30-a.pdf
2026-08-30,015,JUAN DOLIO (EMA),SAN PEDRO DE MACORÍS,PRIVADA,EMAP,,,13.2,https://indomet.gob.do/wp-content/uploads/2026/08/temperaturas-extremas-y-precipitaciones-2026x08x30-a.pdf
2026-08-30,016,ARPT. ARROYO BARRIL,SAMANÁ,INDOMET,EMCI,35.4,24.5,13.0,https://indomet.gob.do/wp-content/uploads/2026/08/temperaturas-extremas-y-precipitaciones-2026x08x30-a.pdf
2026-08-30,017,LOS JENGIBRES,NAGUA,INDRHI,EMCI,,,12.1,https://indomet.gob.do/wp-content/uploads/2026/08/temperaturas-extremas-y-precipitaciones-2026x08x30-a.pdf
2026-08-30,018,EL SEIBO,EL SEIBO,MINISTERIO DE AGRICULTURA,EMCV,,,11.7,https://indomet.gob.do/wp-content/uploads/2026/08/temperaturas-extremas-y-precipitaciones-2026x08x30-a.pdf
2026-08-30,019,MICHES (EMA),EL SEIBO,PRIVADA,EMAP,,,10.4,https://indomet.gob.do/wp-content/uploads/2026/08/temperaturas-extremas-y-precipitaciones-2026x08x30-a.pdf
2026-08-30,020,SÁNCHEZ,SAMANÁ,MINISTERIO DE AGRICULTURA,EMCI,33.4,24.1,10.4,https://indomet.gob.do/wp-content/uploads/2026/08/temperaturas-extremas-y-precipitaciones-2026x08x30-a.pdf
2026-08-30,021,ZONA FRANCA INDUSTRIAL (EMA),SANTO DOMINGO,PRIVADA,EMAP,,,10.4,https://indomet.gob.do/wp-content/uploads/2026/08/temperaturas-extremas-y-precipitaciones-2026x08x30-a.pdf
2026-08-30,022,PASO AL MEDIO,SAN PEDRO DE MACORÍS,INDRHI,EMCI,,,8.7,https://indomet.gob.do/wp-content/uploads/2026/08/temperaturas-extremas-y-precipitaciones-2026x08x30-a.pdf
2026-08-30,023,ARPT. DE PUNTA CANA,LA ALTAGRACIA,INDOMET,EMCI,33.4,23.6,8.1,https://indomet.gob.do/wp-content/uploads/2026/08/temperaturas-extremas-y-precipitaciones-2026x08x30-a.pdf
2026-08-30,024,BONAO,MONSEÑOR NOUEL,MINISTERIO DE AGRICULTURA,EMCV,,,6.6,https://indomet.gob.do/wp-content/uploads/2026/08/temperaturas-extremas-y-precipitaciones-2026x08x30-a.pdf
2026-08-30,025,ARPT. GREGORIO LUPERÓN,PUERTO PLATA,INDOMET,EMCI,33.6,23.4,6.5,https://indomet.gob.do/wp-content/uploads/2026/08/temperaturas-extremas-y-precipitaciones-2026x08x30-a.pdf
2026-08-30,026,RÍO SAN JUAN,MARÍA TRINIDAD SÁNCHEZ,HOSP. MPAL. DR. DESIDERIO ACOSTA,EMCV,34.2,25.2,6.4,https://indomet.gob.do/wp-content/uploads/2026/08/temperaturas-extremas-y-precipitaciones-2026x08x30-a.pdf
2026-08-30,027,CASTILLO (EMA),DUARTE,PRIVADA,EMAP,,,5.6,https://indomet.gob.do/wp-content/uploads/2026/08/temperaturas-extremas-y-precipitaciones-2026x08x30-a.pdf
2026-08-30,028,SAN RAFAEL DEL YUMA,LA ALTAGRACIA,MINISTERIO DE AGRICULTURA,EMCI,33.6,25.6,5.6,https://indomet.gob.do/wp-content/uploads/2026/08/temperaturas-extremas-y-precipitaciones-2026x08x30-a.pdf
2026-08-30,029,ARPT. LA ISABELA,SANTO DOMINGO,INDOMET,EMCI,36.6,24.3,4.5,https://indomet.gob.do/wp-content/uploads/2026/08/temperaturas-extremas-y-precipitaciones-2026x08x30-a.pdf
2026-08-30,030,BASE AÉREA DE SAN ISIDRO,SANTO DOMINGO,FUERZA AÉREA DOMINICANA,EMCV,31.0,24.0,4.0,https://indomet.gob.do/wp-content/uploads/2026/08/temperaturas-extremas-y-precipitaciones-2026x08x30-a.pdf
2026-08-30,031,ARPT. EL CATEY,SAMANÁ,INDOMET,EMCI,32.0,22.5,4.0,https://indomet.gob.do/wp-content/uploads/2026/08/temperaturas-extremas-y-precipitaciones-2026x08x30-a.pdf
2026-08-30,032,SANTIAGO (CENTRO),SANTIAGO,HUACALITO,EMCI,,,3.4,https://indomet.gob.do/wp-content/uploads/2026/08/temperaturas-extremas-y-precipitaciones-2026x08x30-a.pdf
2026-08-30,033,VILLA ISABELA,PUERTO PLATA,MINISTERIO DE AGRICULTURA,EMCV,34.5,22.5,3.4,https://indomet.gob.do/wp-content/uploads/2026/08/temperaturas-extremas-y-precipitaciones-2026x08x30-a.pdf
2026-08-30,034,ARPT. DE LA ROMANA,LA ROMANA,INDOMET,EMCI,32.2,24.6,2.8,https://indomet.gob.do/wp-content/uploads/2026/08/temperaturas-extremas-y-precipitaciones-2026x08x30-a.pdf
2026-08-30,035,PALO ÍNDIO,PUERTO PLATA,MINISTERIO DE AGRICULTURA,EMCI,,,2.5,https://indomet.gob.do/wp-content/uploads/2026/08/temperaturas-extremas-y-precipitaciones-2026x08x30-a.pdf
2026-08-30,036,JARABACOA,LA VEGA,INDRHI / MARENA,EMCI,34.4,19.0,2.5,https://indomet.gob.do/wp-content/uploads/2026/08/temperaturas-extremas-y-precipitaciones-2026x08x30-a.pdf
2026-08-30,037,VILLA GONZALE (EMA),SANTIAGO,IGLESIA,EMAI,,,2.4,https://indomet.gob.do/wp-content/uploads/2026/08/temperaturas-extremas-y-precipitaciones-2026x08x30-a.pdf
2026-08-30,038,CABRERA,MARÍA TRINIDAD SÁNCHEZ,ESCUELA ARÍSTIDES FIALLO CABRAL,EMCI,35.0,27.5,2.2,https://indomet.gob.do/wp-content/uploads/2026/08/temperaturas-extremas-y-precipitaciones-2026x08x30-a.pdf
2026-08-30,039,HATO MAYOR,HATO MAYOR,MINISTERIO DE AGRICULTURA,EMCV,,,1.5,https://indomet.gob.do/wp-content/uploads/2026/08/temperaturas-extremas-y-precipitaciones-2026x08x30-a.pdf
2026-08-30,040,ANAMUYA (EMA),LA ALTAGRACIA,MINISTERIO DE AGRICULTURA,EMAP,32.4,26.0,1.4,https://indomet.gob.do/wp-content/uploads/2026/08/temperaturas-extremas-y-precipitaciones-2026x08x30-a.pdf
2026-08-30,041,SAN CRISTÓBAL,SAN CRISTÓBAL,INSTITUTO POLITÉCNICO LOYOLA,EMCI,36.5,22.0,1.4,https://indomet.gob.do/wp-content/uploads/2026/08/temperaturas-extremas-y-precipitaciones-2026x08x30-a.pdf
2026-08-30,042,LUPERÓN,PUERTO PLATA,MINISTERIO DE AGRICULTURA,EMCV,,,1.0,https://indomet.gob.do/wp-content/uploads/2026/08/temperaturas-extremas-y-precipitaciones-2026x08x30-a.pdf
2026-08-30,043,ENSANCHE LA FE (EMA),DISTRITO NACIONAL,PRIVADA,EMAP,,,0.7,https://indomet.gob.do/wp-content/uploads/2026/08/temperaturas-extremas-y-precipitaciones-2026x08x30-a.pdf
2026-08-30,044,SAN FRANCISCO DE MACORÍS,DUARTE,San Francisco de Macorís (UASD),EMCI,36.1,24.2,0.6,https://indomet.gob.do/wp-content/uploads/2026/08/temperaturas-extremas-y-precipitaciones-2026x08x30-a.pdf
2026-08-30,045,ARPT. DEL CIBAO,SANTIAGO,INDOMET,EMCI,35.5,23.4,0.5,https://indomet.gob.do/wp-content/uploads/2026/08/temperaturas-extremas-y-precipitaciones-2026x08x30-a.pdf
2026-08-30,046,ALTO BANDERA (EMA),LA VEGA,INTEC,EMAP,17.8,9.9,0.3,https://indomet.gob.do/wp-content/uploads/2026/08/temperaturas-extremas-y-precipitaciones-2026x08x30-a.pdf
2026-08-30,047,ALTAMIRA,PUERTO PLATA,HOSP. MPAL. DE ALTAMIRA,EMCI,36.6,23.0,0.2,https://indomet.gob.do/wp-content/uploads/2026/08/temperaturas-extremas-y-precipitaciones-2026x08x30-a.pdf
2026-08-30,048,CENTRO DE LOS HEROES (EMA),DISTRITO NACIONAL,MINISTERIO DE ENERGIA Y MINA,EMAP,35.1,28.2,0.2,https://indomet.gob.do/wp-content/uploads/2026/08/temperaturas-extremas-y-precipitaciones-2026x08x30-a.pdf
2026-08-30,049,SANTO DOMINGO ESTE,SANTO DOMINGO,INDOMET,EMCI,35.8,26.8,0.2,https://indomet.gob.do/wp-content/uploads/2026/08/temperaturas-extremas-y-precipitaciones-2026x08x30-a.pdf
2026-08-30,050,RANCHO ARRIBA,SAN JOSÉ DE OCOA,CENTRO TECNOLÓGICO COMUNITARIO,EMCI,32.8,20.1,0.1,https://indomet.gob.do/wp-content/uploads/2026/08/temperaturas-extremas-y-precipitaciones-2026x08x30-a.pdf
2026-08-30,051,SABANA GRANDE DE BOYÁ,MONTE PLATA,MINISTERIO DE AGRICULTURA,EMCV,,,0.1,https://indomet.gob.do/wp-content/uploads/2026/08/temperaturas-extremas-y-precipitaciones-2026x08x30-a.pdf
2026-08-30,052,SALCEDO,HERMANAS MIRABAL,PROPIEDAD DEL EMPLEADO,EMCI,,,0.1,https://indomet.gob.do/wp-content/uploads/2026/08/temperaturas-extremas-y-precipitaciones-2026x08x30-a.pdf
2026-08-30,053,TAMBORIL,SANTIAGO,MINISTERIO DE AGRICULTURA,EMCV,,,0.0,https://indomet.gob.do/wp-content/uploads/2026/08/temperaturas-extremas-y-precipitaciones-2026x08x30-a.pdf
2026-08-30,054,ARPT. MARÍA MONTEZ,BARAHONA,INDOMET,EMCI,36.2,25.3,0.0,https://indomet.gob.do/wp-content/uploads/2026/08/temperaturas-extremas-y-precipitaciones-2026x08x30-a.pdf
2026-08-30,055,ARROYO LORO,SAN JUAN,IDIAF,EMCI,37.8,22.2,0.0,https://indomet.gob.do/wp-content/uploads/2026/08/temperaturas-extremas-y-precipitaciones-2026x08x30-a.pdf
2026-08-30,056,BANI (EMA),PERAVIA,MINISTERIO DE AGRICULTURA,EMAP,35.4,25.5,0.0,https://indomet.gob.do/wp-content/uploads/2026/08/temperaturas-extremas-y-precipitaciones-2026x08x30-a.pdf
2026-08-30,057,BOCA DE MAO (EMA),VALVERDE,MINISTERIO DE AGRICULTURA,EMAP,38.0,25.3,0.0,https://indomet.gob.do/wp-content/uploads/2026/08/temperaturas-extremas-y-precipitaciones-2026x08x30-a.pdf
2026-08-30,058,BOHECHÍO,SAN JUAN,MINISTERIO DE AGRICULTURA,EMCV,,,0.0,https://indomet.gob.do/wp-content/uploads/2026/08/temperaturas-extremas-y-precipitaciones-2026x08x30-a.pdf
2026-08-30,059,CABRAL,BARAHONA,MINISTERIO DE AGRICULTURA,EMCV,38.2,25.7,0.0,https://indomet.gob.do/wp-content/uploads/2026/08/temperaturas-extremas-y-precipitaciones-2026x08x30-a.pdf
2026-08-30,060,CONSTANZA,LA VEGA,MINISTERIO DE AGRICULTURA,EMCI,29.3,16.3,0.0,https://indomet.gob.do/wp-content/uploads/2026/08/temperaturas-extremas-y-precipitaciones-2026x08x30-a.pdf
2026-08-30,061,CONSTANZA (EMA),LA VEGA,PROGRAMA MUNDIAL DE ALIMENTO,EMAP,28.2,17.1,0.0,https://indomet.gob.do/wp-content/uploads/2026/08/temperaturas-extremas-y-precipitaciones-2026x08x30-a.pdf
2026-08-30,062,DAJABÓN,DAJABÓN,INSTITUTO POLITÉCNICO LOYOLA,EMCI,37.3,20.8,0.0,https://indomet.gob.do/wp-content/uploads/2026/08/temperaturas-extremas-y-precipitaciones-2026x08x30-a.pdf
2026-08-30,063,EL MILLON (EMA),DISTRITO NACIONAL,PRIVADA,EMAP,,,0.0,https://indomet.gob.do/wp-content/uploads/2026/08/temperaturas-extremas-y-precipitaciones-2026x08x30-a.pdf
2026-08-30,064,ELÍAS PIÑA,ELÍAS PIÑA,MINISTERIO DE AGRICULTURA,EMCV,,,0.0,https://indomet.gob.do/wp-content/uploads/2026/08/temperaturas-extremas-y-precipitaciones-2026x08x30-a.pdf
2026-08-30,065,ENRIQUILLO,BARAHONA,MINISTERIO DE AGRICULTURA,EMCV,36.3,25.5,0.0,https://indomet.gob.do/wp-content/uploads/2026/08/temperaturas-extremas-y-precipitaciones-2026x08x30-a.pdf
2026-08-30,066,ESCONDIDO,PERAVIA,MINISTERIO DE AGRICULTURA,EMCV,35.0,27.0,0.0,https://indomet.gob.do/wp-content/uploads/2026/08/temperaturas-extremas-y-precipitaciones-2026x08x30-a.pdf
2026-08-30,067,GURABO,SANTIAGO,MINISTERIO DE AGRICULTURA,EMCV,,,0.0,https://indomet.gob.do/wp-content/uploads/2026/08/temperaturas-extremas-y-precipitaciones-2026x08x30-a.pdf
2026-08-30,068,HONDO VALLE,ELÍAS PIÑA,MINISTERIO DE AGRICULTURA,EMCI,30.4,21.2,0.0,https://indomet.gob.do/wp-content/uploads/2026/08/temperaturas-extremas-y-precipitaciones-2026x08x30-a.pdf
2026-08-30,069,JANICO (EMA),LA VEGA,PLAN SIERRA,EMAI,,,0.0,https://indomet.gob.do/wp-content/uploads/2026/08/temperaturas-extremas-y-precipitaciones-2026x08x30-a.pdf
2026-08-30,070,JARDÍN BOTÁNICO NACIONAL,DISTRITO NACIONAL,JARDÍN BOTÁNICO NACIONAL,EMCV,32.5,22.7,0.0,https://indomet.gob.do/wp-content/uploads/2026/08/temperaturas-extremas-y-precipitaciones-2026x08x30-a.pdf
2026-08-30,071,JARDÍN BOTÁNICO SANTIAGO (EMSANTIAGO,,JARDIN BOTANICO SANTIAGO,EMAI,36.8,29.9,0.0,https://indomet.gob.do/wp-content/uploads/2026/08/temperaturas-extremas-y-precipitaciones-2026x08x30-a.pdf
2026-08-30,072,JUMA BEJUCAL,MONSEÑOR NOUEL,IDIAF,EMCV,34.6,26.4,0.0,https://indomet.gob.do/wp-content/uploads/2026/08/temperaturas-extremas-y-precipitaciones-2026x08x30-a.pdf
2026-08-30,073,LA AGUSTINA (EMA),DISTRITO NACIONAL,PRIVADA,EMAP,,,0.0,https://indomet.gob.do/wp-content/uploads/2026/08/temperaturas-extremas-y-precipitaciones-2026x08x30-a.pdf
2026-08-30,074,LA VEGA,LA VEGA,IATESA,EMCI,36.5,25.5,0.0,https://indomet.gob.do/wp-content/uploads/2026/08/temperaturas-extremas-y-precipitaciones-2026x08x30-a.pdf
2026-08-30,075,LA VICTORIA,SANTO DOMINGO,CUERPO DE BOMBEROS,EMCI,33.7,25.5,0.0,https://indomet.gob.do/wp-content/uploads/2026/08/temperaturas-extremas-y-precipitaciones-2026x08x30-a.pdf
2026-08-30,076,LAS CANAS (EMA),MONTE CRISTI,PROGRAMA MUNDIAL DE ALIMENTO,EMAP,31.8,26.2,0.0,https://indomet.gob.do/wp-content/uploads/2026/08/temperaturas-extremas-y-precipitaciones-2026x08x30-a.pdf
2026-08-30,077,LOS CACICAZGOS (EMA),DISTRITO NACIONAL,PRIVADA,EMAP,,,0.0,https://indomet.gob.do/wp-content/uploads/2026/08/temperaturas-extremas-y-precipitaciones-2026x08x30-a.pdf
2026-08-30,078,LOS COCOS (EMA),BAHORUCO,PRIVADA,EMAP,,,0.0,https://indomet.gob.do/wp-content/uploads/2026/08/temperaturas-extremas-y-precipitaciones-2026x08x30-a.pdf
2026-08-30,079,LOS PRADOS (EMA),DISTRITO NACIONAL,PRIVADA,EMAP,,,0.0,https://indomet.gob.do/wp-content/uploads/2026/08/temperaturas-extremas-y-precipitaciones-2026x08x30-a.pdf
2026-08-30,080,LOS TRES CHARCOS (EMA),PEDERNALES,PROPIEDAD DEL VOLUNTARIO,EMAP,,,0.0,https://indomet.gob.do/wp-content/uploads/2026/08/temperaturas-extremas-y-precipitaciones-2026x08x30-a.pdf
2026-08-30,081,MAO,VALVERDE,INDRHI / MINISTERIO DE AGRICULTURA,EMCV,,,0.0,https://indomet.gob.do/wp-content/uploads/2026/08/temperaturas-extremas-y-precipitaciones-2026x08x30-a.pdf
2026-08-30,082,MONCIÓN (EMA),SANTIAGO RODRÍGUEZ,PROGRAMA MUNDIAL DE ALIMENTO,EMAP,35.3,22.6,0.0,https://indomet.gob.do/wp-content/uploads/2026/08/temperaturas-extremas-y-precipitaciones-2026x08x30-a.pdf
2026-08-30,083,MONTE CRISTI,MONTE CRISTI,INDOMET,EMCI,35.5,25.6,0.0,https://indomet.gob.do/wp-content/uploads/2026/08/temperaturas-extremas-y-precipitaciones-2026x08x30-a.pdf
2026-08-30,084,NAVARRETE,SANTIAGO,MINISTERIO DE AGRICULTURA,EMCV,,,0.0,https://indomet.gob.do/wp-content/uploads/2026/08/temperaturas-extremas-y-precipitaciones-2026x08x30-a.pdf
2026-08-30,085,OLIVARES,PEDERNALES,INDRHI,EMCI,,,0.0,https://indomet.gob.do/wp-content/uploads/2026/08/temperaturas-extremas-y-precipitaciones-2026x08x30-a.pdf
2026-08-30,086,OVIEDO,PEDERNALES,CLÍNICA RURAL OVIEDO,EMCI,34.5,26.0,0.0,https://indomet.gob.do/wp-content/uploads/2026/08/temperaturas-extremas-y-precipitaciones-2026x08x30-a.pdf
2026-08-30,087,PADRE LAS CASAS,AZUA,HOSP. NTRA. SRA. DEL CARMEN,EMCI,37.0,22.0,0.0,https://indomet.gob.do/wp-content/uploads/2026/08/temperaturas-extremas-y-precipitaciones-2026x08x30-a.pdf
2026-08-30,088,PARQUE MIRADOR SUR,DISTRITO NACIONAL,AYUNTAMIENTO,EMCV,34.0,23.7,0.0,https://indomet.gob.do/wp-content/uploads/2026/08/temperaturas-extremas-y-precipitaciones-2026x08x30-a.pdf
2026-08-30,089,PEDERNALES,PEDERNALES,INDRHI,EMCI,,,0.0,https://indomet.gob.do/wp-content/uploads/2026/08/temperaturas-extremas-y-precipitaciones-2026x08x30-a.pdf
2026-08-30,090,PERALTA,AZUA,HOSP. MPAL. DE PERALTA,EMCI,35.5,20.0,0.0,https://indomet.gob.do/wp-content/uploads/2026/08/temperaturas-extremas-y-precipitaciones-2026x08x30-a.pdf
2026-08-30,091,POLO,BARAHONA,INDOCAFE,EMCI,32.0,20.0,0.0,https://indomet.gob.do/wp-content/uploads/2026/08/temperaturas-extremas-y-precipitaciones-2026x08x30-a.pdf
2026-08-30,092,PRESA DE TAVERAS (EMA),LA VEGA,PROGRAMA MUNDIAL DE ALIMENTO,EMAP,34.6,24.2,0.0,https://indomet.gob.do/wp-content/uploads/2026/08/temperaturas-extremas-y-precipitaciones-2026x08x30-a.pdf
2026-08-30,093,PROLONGACION 27 DE FEBRERO,DISTRITO NACIONAL,PRIVADA,EMAP,,,0.0,https://indomet.gob.do/wp-content/uploads/2026/08/temperaturas-extremas-y-precipitaciones-2026x08x30-a.pdf
2026-08-30,094,RESTAURACIÓN,DAJABÓN,MINISTERIO DE AGRICULTURA,EMCI,34.4,21.3,0.0,https://indomet.gob.do/wp-content/uploads/2026/08/temperaturas-extremas-y-precipitaciones-2026x08x30-a.pdf
2026-08-30,095,SABANETA (EMA),SANTIAGO RODRÍGUEZ,PROGRAMA MUNDIAL DE ALIMENTO,EMAP,38.1,25.4,0.0,https://indomet.gob.do/wp-content/uploads/2026/08/temperaturas-extremas-y-precipitaciones-2026x08x30-a.pdf
2026-08-30,096,SAJOMA (EMA),SANTIAGO,PLAN SIERRA,EMAI,34.0,27.6,0.0,https://indomet.gob.do/wp-content/uploads/2026/08/temperaturas-extremas-y-precipitaciones-2026x08x30-a.pdf
2026-08-30,097,SAN JOSÉ DE OCOA,SAN JOSÉ DE OCOA,HOSP. SAN JOSÉ DE OCOA,EMCI,35.0,23.5,0.0,https://indomet.gob.do/wp-content/uploads/2026/08/temperaturas-extremas-y-precipitaciones-2026x08x30-a.pdf
2026-08-30,098,SANTIAGO RODRÍGUEZ,SANTIAGO RODRÍGUEZ,INDOMET,EMCI,38.6,26.0,0.0,https://indomet.gob.do/wp-content/uploads/2026/08/temperaturas-extremas-y-precipitaciones-2026x08x30-a.pdf
2026-08-30,099,TÁBARA ABAJO,AZUA,INDRHI,EMCI,35.5,24.0,0.0,https://indomet.gob.do/wp-content/uploads/2026/08/temperaturas-extremas-y-precipitaciones-2026x08x30-a.pdf
2026-08-30,100,TAVERA,SANTIAGO,INDRHI,EMCI,,,0.0,https://indomet.gob.do/wp-content/uploads/2026/08/temperaturas-extremas-y-precipitaciones-2026x08x30-a.pdf
2026-08-30,101,VILLA GONZALES,SANTIAGO,MINISTERIO DE AGRICULTURA,EMCI,,,0.0,https://indomet.gob.do/wp-content/uploads/2026/08/temperaturas-extremas-y-precipitaciones-2026x08x30-a.pdf
2026-08-30,102,VILLA VASQUEZ (EMA),MONTE CRISTI,JUNTA DE REGANTES,EMAI,,,0.0,https://indomet.gob.do/wp-content/uploads/2026/08/temperaturas-extremas-y-precipitaciones-2026x08x30-a.pdf
2026-08-31,001,LOYOLA,SAN CRISTÓBAL,PRIVADA,EMAP,,,145.4,https://indomet.gob.do/wp-content/uploads/2026/09/temperaturas-extremas-y-precipitaciones-2026x08x31-a.pdf
2026-08-31,002,ARPT. LA ISABELA,SANTO DOMINGO,INDOMET,EMCI,32.6,24.3,108.0,https://indomet.gob.do/wp-content/uploads/2026/09/temperaturas-extremas-y-precipitaciones-2026x08x31-a.pdf
2026-08-31,003,CENTRO DE LOS HEROES (EMA),DISTRITO NACIONAL,MINISTERIO DE ENERGIA Y MINA,EMAP,32.4,23.7,82.2,https://indomet.gob.do/wp-content/uploads/2026/09/temperaturas-extremas-y-precipitaciones-2026x08x31-a.pdf
2026-08-31,004,SANTO DOMINGO ESTE,SANTO DOMINGO,INDOMET,EMCI,34.0,26.0,78.0,https://indomet.gob.do/wp-content/uploads/2026/09/temperaturas-extremas-y-precipitaciones-2026x08x31-a.pdf
2026-08-31,005,LOS PRADOS (EMA),DISTRITO NACIONAL,PRIVADA,EMAP,,,73.9,https://indomet.gob.do/wp-content/uploads/2026/09/temperaturas-extremas-y-precipitaciones-2026x08x31-a.pdf
2026-08-31,006,JARDÍN BOTÁNICO NACIONAL,DISTRITO NACIONAL,JARDÍN BOTÁNICO NACIONAL,EMCV,32.3,21.6,72.8,https://indomet.gob.do/wp-content/uploads/2026/09/temperaturas-extremas-y-precipitaciones-2026x08x31-a.pdf
2026-08-31,007,SAN CRISTÓBAL,SAN CRISTÓBAL,INSTITUTO POLITÉCNICO LOYOLA,EMCI,33.0,20.5,65.8,https://indomet.gob.do/wp-content/uploads/2026/09/temperaturas-extremas-y-precipitaciones-2026x08x31-a.pdf
2026-08-31,008,PARQUE MIRADOR NORTE,SANTO DOMINGO,AYUNTAMIENTO,EMCV,,,59.7,https://indomet.gob.do/wp-content/uploads/2026/09/temperaturas-extremas-y-precipitaciones-2026x08x31-a.pdf
2026-08-31,009,LA AGUSTINA (EMA),DISTRITO NACIONAL,PRIVADA,EMAP,,,58.9,https://indomet.gob.do/wp-content/uploads/2026/09/temperaturas-extremas-y-precipitaciones-2026x08x31-a.pdf
2026-08-31,010,LOS CACICAZGOS (EMA),DISTRITO NACIONAL,PRIVADA,EMAP,,,57.2,https://indomet.gob.do/wp-content/uploads/2026/09/temperaturas-extremas-y-precipitaciones-2026x08x31-a.pdf
2026-08-31,011,LOS JARDINES (EMA),DISTRITO NACIONAL,PRIVADA,EMAP,,,48.0,https://indomet.gob.do/wp-content/uploads/2026/09/temperaturas-extremas-y-precipitaciones-2026x08x31-a.pdf
2026-08-31,012,ALTO BANDERA (EMA),LA VEGA,INTEC,EMAP,19.3,10.3,47.5,https://indomet.gob.do/wp-content/uploads/2026/09/temperaturas-extremas-y-precipitaciones-2026x08x31-a.pdf
2026-08-31,013,BELLA VISTA (EMA),DISTRITO NACIONAL,PRIVADA,EMAP,,,46.0,https://indomet.gob.do/wp-content/uploads/2026/09/temperaturas-extremas-y-precipitaciones-2026x08x31-a.pdf
2026-08-31,014,PROLONGACION 27 DE FEBRERO (EM,DISTRITO NACIONAL,PRIVADA,EMAP,,,45.4,https://indomet.gob.do/wp-content/uploads/2026/09/temperaturas-extremas-y-precipitaciones-2026x08x31-a.pdf
2026-08-31,015,POLO,BARAHONA,INDOCAFE,EMCI,31.5,19.2,44.9,https://indomet.gob.do/wp-content/uploads/2026/09/temperaturas-extremas-y-precipitaciones-2026x08x31-a.pdf
2026-08-31,016,LUPERÓN,PUERTO PLATA,MINISTERIO DE AGRICULTURA,EMCV,,,38.1,https://indomet.gob.do/wp-content/uploads/2026/09/temperaturas-extremas-y-precipitaciones-2026x08x31-a.pdf
2026-08-31,017,ENRIQUILLO,BARAHONA,MINISTERIO DE AGRICULTURA,EMCV,35.5,21.5,37.0,https://indomet.gob.do/wp-content/uploads/2026/09/temperaturas-extremas-y-precipitaciones-2026x08x31-a.pdf
2026-08-31,018,MAO,VALVERDE,INDRHI / MINISTERIO DE AGRICULTURA,EMCV,,,35.2,https://indomet.gob.do/wp-content/uploads/2026/09/temperaturas-extremas-y-precipitaciones-2026x08x31-a.pdf
2026-08-31,019,BOCA DE MAO (EMA),VALVERDE,MINISTERIO DE AGRICULTURA,EMAP,39.0,23.8,30.0,https://indomet.gob.do/wp-content/uploads/2026/09/temperaturas-extremas-y-precipitaciones-2026x08x31-a.pdf
2026-08-31,020,VILLA ALTAGRACIA,SAN CRISTÓBAL,ESCUELA JAVIER ANGULO GURIDI,EMCI,,,28.6,https://indomet.gob.do/wp-content/uploads/2026/09/temperaturas-extremas-y-precipitaciones-2026x08x31-a.pdf
2026-08-31,021,SABANETA (EMA),SANTIAGO RODRÍGUEZ,PROGRAMA MUNDIAL DE ALIMENTO,EMAP,35.1,25.9,28.2,https://indomet.gob.do/wp-content/uploads/2026/09/temperaturas-extremas-y-precipitaciones-2026x08x31-a.pdf
2026-08-31,022,SANTIAGO RODRÍGUEZ,SANTIAGO RODRÍGUEZ,INDOMET,EMCI,39.5,24.6,25.7,https://indomet.gob.do/wp-content/uploads/2026/09/temperaturas-extremas-y-precipitaciones-2026x08x31-a.pdf
2026-08-31,023,SABANA GRANDE DE BOYÁ,MONTE PLATA,MINISTERIO DE AGRICULTURA,EMCV,,,24.4,https://indomet.gob.do/wp-content/uploads/2026/09/temperaturas-extremas-y-precipitaciones-2026x08x31-a.pdf
2026-08-31,024,HATO MAYOR,HATO MAYOR,MINISTERIO DE AGRICULTURA,EMCV,,,24.1,https://indomet.gob.do/wp-content/uploads/2026/09/temperaturas-extremas-y-precipitaciones-2026x08x31-a.pdf
2026-08-31,025,ESCONDIDO,PERAVIA,MINISTERIO DE AGRICULTURA,EMCV,33.0,24.0,23.9,https://indomet.gob.do/wp-content/uploads/2026/09/temperaturas-extremas-y-precipitaciones-2026x08x31-a.pdf
2026-08-31,026,BANI (EMA),PERAVIA,MINISTERIO DE AGRICULTURA,EMAP,32.6,24.6,23.8,https://indomet.gob.do/wp-content/uploads/2026/09/temperaturas-extremas-y-precipitaciones-2026x08x31-a.pdf
2026-08-31,027,BASE AÉREA DE SAN ISIDRO,SANTO DOMINGO,FUERZA AÉREA DOMINICANA,EMCV,33.5,23.5,23.0,https://indomet.gob.do/wp-content/uploads/2026/09/temperaturas-extremas-y-precipitaciones-2026x08x31-a.pdf
2026-08-31,028,SÁNCHEZ,SAMANÁ,MINISTERIO DE AGRICULTURA,EMCI,34.4,23.3,18.6,https://indomet.gob.do/wp-content/uploads/2026/09/temperaturas-extremas-y-precipitaciones-2026x08x31-a.pdf
2026-08-31,029,VILLA GONZALES,SANTIAGO,MINISTERIO DE AGRICULTURA,EMCI,,,18.3,https://indomet.gob.do/wp-content/uploads/2026/09/temperaturas-extremas-y-precipitaciones-2026x08x31-a.pdf
2026-08-31,030,RESTAURACIÓN,DAJABÓN,MINISTERIO DE AGRICULTURA,EMCI,33.0,19.5,17.5,https://indomet.gob.do/wp-content/uploads/2026/09/temperaturas-extremas-y-precipitaciones-2026x08x31-a.pdf
2026-08-31,031,OVIEDO,PEDERNALES,CLÍNICA RURAL OVIEDO,EMCI,35.5,25.5,17.0,https://indomet.gob.do/wp-content/uploads/2026/09/temperaturas-extremas-y-precipitaciones-2026x08x31-a.pdf
2026-08-31,032,ARPT. DE LA ROMANA,LA ROMANA,INDOMET,EMCI,30.8,24.0,14.4,https://indomet.gob.do/wp-content/uploads/2026/09/temperaturas-extremas-y-precipitaciones-2026x08x31-a.pdf
2026-08-31,033,BAYAGUANA,MONTE PLATA,INDOMET,EMCI,33.6,24.6,14.2,https://indomet.gob.do/wp-content/uploads/2026/09/temperaturas-extremas-y-precipitaciones-2026x08x31-a.pdf
2026-08-31,034,SAN RAFAEL DEL YUMA,LA ALTAGRACIA,MINISTERIO DE AGRICULTURA,EMCI,31.7,24.2,14.1,https://indomet.gob.do/wp-content/uploads/2026/09/temperaturas-extremas-y-precipitaciones-2026x08x31-a.pdf
2026-08-31,035,ARPT. DE LAS AMÉRICAS,SANTO DOMINGO,INDOMET,EMCI,32.7,24.2,14.0,https://indomet.gob.do/wp-content/uploads/2026/09/temperaturas-extremas-y-precipitaciones-2026x08x31-a.pdf
2026-08-31,036,CABRAL,BARAHONA,MINISTERIO DE AGRICULTURA,EMCV,36.2,24.7,14.0,https://indomet.gob.do/wp-content/uploads/2026/09/temperaturas-extremas-y-precipitaciones-2026x08x31-a.pdf
2026-08-31,037,BUCARA (EMA),SANTIAGO,MINISTERIO DE AGRICULTURA,EMAI,,,12.2,https://indomet.gob.do/wp-content/uploads/2026/09/temperaturas-extremas-y-precipitaciones-2026x08x31-a.pdf
2026-08-31,038,LOS LLANOS,SAN PEDRO DE MACORÍS,MINISTERIO DE AGRICULTURA,EMCI,32.5,21.8,11.8,https://indomet.gob.do/wp-content/uploads/2026/09/temperaturas-extremas-y-precipitaciones-2026x08x31-a.pdf
2026-08-31,039,ALTAMIRA,PUERTO PLATA,HOSP. MPAL. DE ALTAMIRA,EMCI,34.5,23.1,11.4,https://indomet.gob.do/wp-content/uploads/2026/09/temperaturas-extremas-y-precipitaciones-2026x08x31-a.pdf
2026-08-31,040,LA VICTORIA,SANTO DOMINGO,CUERPO DE BOMBEROS,EMCI,34.0,23.0,10.9,https://indomet.gob.do/wp-content/uploads/2026/09/temperaturas-extremas-y-precipitaciones-2026x08x31-a.pdf
2026-08-31,041,SAN FRANCISCO DE MACORÍS,DUARTE,San Francisco de Macorís (UASD),EMCI,35.7,23.3,8.9,https://indomet.gob.do/wp-content/uploads/2026/09/temperaturas-extremas-y-precipitaciones-2026x08x31-a.pdf
2026-08-31,042,VILLA RIVA,DUARTE,HOSP. MPAL. ALICIA DE LEGENDRE,EMCI,32.7,23.8,8.3,https://indomet.gob.do/wp-content/uploads/2026/09/temperaturas-extremas-y-precipitaciones-2026x08x31-a.pdf
2026-08-31,043,TÁBARA ABAJO,AZUA,INDRHI,EMCI,34.5,23.0,7.8,https://indomet.gob.do/wp-content/uploads/2026/09/temperaturas-extremas-y-precipitaciones-2026x08x31-a.pdf
2026-08-31,044,PARQUE MIRADOR SUR,DISTRITO NACIONAL,AYUNTAMIENTO,EMCV,34.5,23.3,6.8,https://indomet.gob.do/wp-content/uploads/2026/09/temperaturas-extremas-y-precipitaciones-2026x08x31-a.pdf
2026-08-31,045,ARPT. MARÍA MONTEZ,BARAHONA,INDOMET,EMCI,34.5,26.2,6.1,https://indomet.gob.do/wp-content/uploads/2026/09/temperaturas-extremas-y-precipitaciones-2026x08x31-a.pdf
2026-08-31,046,EL MILLON (EMA),DISTRITO NACIONAL,PRIVADA,EMAP,,,6.1,https://indomet.gob.do/wp-content/uploads/2026/09/temperaturas-extremas-y-precipitaciones-2026x08x31-a.pdf
2026-08-31,047,OLIVARES,PEDERNALES,INDRHI,EMCI,,,6.0,https://indomet.gob.do/wp-content/uploads/2026/09/temperaturas-extremas-y-precipitaciones-2026x08x31-a.pdf
2026-08-31,048,SAN JOSÉ DE OCOA,SAN JOSÉ DE OCOA,HOSP. SAN JOSÉ DE OCOA,EMCI,33.2,23.1,5.8,https://indomet.gob.do/wp-content/uploads/2026/09/temperaturas-extremas-y-precipitaciones-2026x08x31-a.pdf
2026-08-31,049,CONSTANZA (EMA),LA VEGA,PROGRAMA MUNDIAL DE ALIMENTO,EMAP,29.8,18.6,4.8,https://indomet.gob.do/wp-content/uploads/2026/09/temperaturas-extremas-y-precipitaciones-2026x08x31-a.pdf
2026-08-31,050,SAJOMA (EMA),SANTIAGO,PLAN SIERRA,EMAI,35.1,25.9,3.6,https://indomet.gob.do/wp-content/uploads/2026/09/temperaturas-extremas-y-precipitaciones-2026x08x31-a.pdf
2026-08-31,051,SANTIAGO (CENTRO),SANTIAGO,HUACALITO,EMCI,,,3.6,https://indomet.gob.do/wp-content/uploads/2026/09/temperaturas-extremas-y-precipitaciones-2026x08x31-a.pdf
2026-08-31,052,BOHECHÍO,SAN JUAN,MINISTERIO DE AGRICULTURA,EMCV,,,3.0,https://indomet.gob.do/wp-content/uploads/2026/09/temperaturas-extremas-y-precipitaciones-2026x08x31-a.pdf
2026-08-31,053,MICHES (EMA),EL SEIBO,PRIVADA,EMAP,,,2.8,https://indomet.gob.do/wp-content/uploads/2026/09/temperaturas-extremas-y-precipitaciones-2026x08x31-a.pdf
2026-08-31,054,ARPT. DEL CIBAO,SANTIAGO,INDOMET,EMCI,36.0,24.5,2.1,https://indomet.gob.do/wp-content/uploads/2026/09/temperaturas-extremas-y-precipitaciones-2026x08x31-a.pdf
2026-08-31,055,VILLA GONZALE (EMA),SANTIAGO,IGLESIA,EMAI,,,2.0,https://indomet.gob.do/wp-content/uploads/2026/09/temperaturas-extremas-y-precipitaciones-2026x08x31-a.pdf
2026-08-31,056,ARPT. EL CATEY,SAMANÁ,INDOMET,EMCI,32.5,24.0,1.9,https://indomet.gob.do/wp-content/uploads/2026/09/temperaturas-extremas-y-precipitaciones-2026x08x31-a.pdf
2026-08-31,057,PERALTA,AZUA,HOSP. MPAL. DE PERALTA,EMCI,33.8,21.0,1.8,https://indomet.gob.do/wp-content/uploads/2026/09/temperaturas-extremas-y-precipitaciones-2026x08x31-a.pdf
2026-08-31,058,VILLA VASQUEZ (EMA),MONTE CRISTI,JUNTA DE REGANTES,EMAI,,,1.8,https://indomet.gob.do/wp-content/uploads/2026/09/temperaturas-extremas-y-precipitaciones-2026x08x31-a.pdf
2026-08-31,059,GURABO,SANTIAGO,MINISTERIO DE AGRICULTURA,EMCV,,,1.8,https://indomet.gob.do/wp-content/uploads/2026/09/temperaturas-extremas-y-precipitaciones-2026x08x31-a.pdf
2026-08-31,060,PRESA DE TAVERAS (EMA),LA VEGA,PROGRAMA MUNDIAL DE ALIMENTO,EMAP,34.2,22.7,1.4,https://indomet.gob.do/wp-content/uploads/2026/09/temperaturas-extremas-y-precipitaciones-2026x08x31-a.pdf
2026-08-31,061,PALO ÍNDIO,PUERTO PLATA,MINISTERIO DE AGRICULTURA,EMCI,,,1.3,https://indomet.gob.do/wp-content/uploads/2026/09/temperaturas-extremas-y-precipitaciones-2026x08x31-a.pdf
2026-08-31,062,JARDÍN BOTÁNICO SANTIAGO (EMA),SANTIAGO,JARDIN BOTANICO SANTIAGO,EMAI,37.3,26.4,1.2,https://indomet.gob.do/wp-content/uploads/2026/09/temperaturas-extremas-y-precipitaciones-2026x08x31-a.pdf
2026-08-31,063,PEDERNALES,PEDERNALES,INDRHI,EMCI,,,1.1,https://indomet.gob.do/wp-content/uploads/2026/09/temperaturas-extremas-y-precipitaciones-2026x08x31-a.pdf
2026-08-31,064,ARPT. DE PUNTA CANA,LA ALTAGRACIA,INDOMET,EMCI,32.0,23.4,1.0,https://indomet.gob.do/wp-content/uploads/2026/09/temperaturas-extremas-y-precipitaciones-2026x08x31-a.pdf
2026-08-31,065,EL FACTOR (EMA),MARÍA TRINIDAD SÁNCHEZ,INTEC,EMAP,,,1.0,https://indomet.gob.do/wp-content/uploads/2026/09/temperaturas-extremas-y-precipitaciones-2026x08x31-a.pdf
2026-08-31,066,LAS CANAS (EMA),MONTE CRISTI,PROGRAMA MUNDIAL DE ALIMENTO,EMAP,31.7,23.7,0.8,https://indomet.gob.do/wp-content/uploads/2026/09/temperaturas-extremas-y-precipitaciones-2026x08x31-a.pdf
2026-08-31,067,ARROYO LORO,SAN JUAN,IDIAF,EMCI,37.0,22.8,0.6,https://indomet.gob.do/wp-content/uploads/2026/09/temperaturas-extremas-y-precipitaciones-2026x08x31-a.pdf
2026-08-31,068,ANAMUYA (EMA),LA ALTAGRACIA,MINISTERIO DE AGRICULTURA,EMAP,30.3,24.7,0.4,https://indomet.gob.do/wp-content/uploads/2026/09/temperaturas-extremas-y-precipitaciones-2026x08x31-a.pdf
2026-08-31,069,JARABACOA,LA VEGA,INDRHI / MARENA,EMCI,31.2,20.4,0.4,https://indomet.gob.do/wp-content/uploads/2026/09/temperaturas-extremas-y-precipitaciones-2026x08x31-a.pdf
2026-08-31,070,BAYAHONDO (EMA),SAN JUAN,MINISTERIO DE AGRICULTURA,EMAP,,,0.2,https://indomet.gob.do/wp-content/uploads/2026/09/temperaturas-extremas-y-precipitaciones-2026x08x31-a.pdf
2026-08-31,071,MONCIÓN (EMA),SANTIAGO RODRÍGUEZ,PROGRAMA MUNDIAL DE ALIMENTO,EMAP,35.6,21.3,0.2,https://indomet.gob.do/wp-content/uploads/2026/09/temperaturas-extremas-y-precipitaciones-2026x08x31-a.pdf
2026-08-31,072,MONTE CRISTI,MONTE CRISTI,INDOMET,EMCI,34.9,26.9,0.2,https://indomet.gob.do/wp-content/uploads/2026/09/temperaturas-extremas-y-precipitaciones-2026x08x31-a.pdf
2026-08-31,073,ELÍAS PIÑA,ELÍAS PIÑA,MINISTERIO DE AGRICULTURA,EMCV,,,0.1,https://indomet.gob.do/wp-content/uploads/2026/09/temperaturas-extremas-y-precipitaciones-2026x08x31-a.pdf
2026-08-31,074,ARPT. ARROYO BARRIL,SAMANÁ,INDOMET,EMCI,33.5,23.5,0.0,https://indomet.gob.do/wp-content/uploads/2026/09/temperaturas-extremas-y-precipitaciones-2026x08x31-a.pdf
2026-08-31,075,ARPT. GREGORIO LUPERÓN,PUERTO PLATA,INDOMET,EMCI,33.4,23.0,0.0,https://indomet.gob.do/wp-content/uploads/2026/09/temperaturas-extremas-y-precipitaciones-2026x08x31-a.pdf
2026-08-31,076,BONAO,MONSEÑOR NOUEL,MINISTERIO DE AGRICULTURA,EMCV,,,0.0,https://indomet.gob.do/wp-content/uploads/2026/09/temperaturas-extremas-y-precipitaciones-2026x08x31-a.pdf
2026-08-31,077,CABRERA,MARÍA TRINIDAD SÁNCHEZ,ESCUELA ARÍSTIDES FIALLO CABRAL,EMCI,35.0,26.5,0.0,https://indomet.gob.do/wp-content/uploads/2026/09/temperaturas-extremas-y-precipitaciones-2026x08x31-a.pdf
2026-08-31,078,CONSTANZA,LA VEGA,MINISTERIO DE AGRICULTURA,EMCI,31.0,17.8,0.0,https://indomet.gob.do/wp-content/uploads/2026/09/temperaturas-extremas-y-precipitaciones-2026x08x31-a.pdf
2026-08-31,079,COTUÍ (EMA),SÁNCHEZ RAMÍREZ,HOSP. INMACULADA CONCEPCIÓN,EMCV,35.1,24.0,0.0,https://indomet.gob.do/wp-content/uploads/2026/09/temperaturas-extremas-y-precipitaciones-2026x08x31-a.pdf
2026-08-31,080,GASPAR HERNÁNDEZ,ESPAILLAT,PROPIEDAD DEL EMPLEADO,EMCI,,,0.0,https://indomet.gob.do/wp-content/uploads/2026/09/temperaturas-extremas-y-precipitaciones-2026x08x31-a.pdf
2026-08-31,081,JIMANÍ,INDEPENDENCIA,MINISTERIO DE AGRICULTURA,EMCI,37.8,25.8,0.0,https://indomet.gob.do/wp-content/uploads/2026/09/temperaturas-extremas-y-precipitaciones-2026x08x31-a.pdf
2026-08-31,082,JUMA BEJUCAL,MONSEÑOR NOUEL,IDIAF,EMCV,33.0,24.6,0.0,https://indomet.gob.do/wp-content/uploads/2026/09/temperaturas-extremas-y-precipitaciones-2026x08x31-a.pdf
2026-08-31,083,LA VEGA,LA VEGA,IATESA,EMCI,36.5,24.0,0.0,https://indomet.gob.do/wp-content/uploads/2026/09/temperaturas-extremas-y-precipitaciones-2026x08x31-a.pdf
2026-08-31,084,LOS COCOS (EMA),BAHORUCO,PRIVADA,EMAP,,,0.0,https://indomet.gob.do/wp-content/uploads/2026/09/temperaturas-extremas-y-precipitaciones-2026x08x31-a.pdf
2026-08-31,085,PADRE LAS CASAS,AZUA,HOSP. NTRA. SRA. DEL CARMEN,EMCI,34.4,22.0,0.0,https://indomet.gob.do/wp-content/uploads/2026/09/temperaturas-extremas-y-precipitaciones-2026x08x31-a.pdf
2026-08-31,086,RANCHO ARRIBA,SAN JOSÉ DE OCOA,CENTRO TECNOLÓGICO COMUNITARIO,EMCI,34.1,21.5,0.0,https://indomet.gob.do/wp-content/uploads/2026/09/temperaturas-extremas-y-precipitaciones-2026x08x31-a.pdf
2026-08-31,087,RÍO SAN JUAN,MARÍA TRINIDAD SÁNCHEZ,HOSP. MPAL. DR. DESIDERIO ACOSTA,EMCV,35.4,25.4,0.0,https://indomet.gob.do/wp-content/uploads/2026/09/temperaturas-extremas-y-precipitaciones-2026x08x31-a.pdf
2026-08-31,088,SABANA DE LA MAR,HATO MAYOR,INDOMET,EMCI,31.4,23.4,0.0,https://indomet.gob.do/wp-content/uploads/2026/09/temperaturas-extremas-y-precipitaciones-2026x08x31-a.pdf
2026-08-31,089,SALCEDO,HERMANAS MIRABAL,PROPIEDAD DEL EMPLEADO,EMCI,,,0.0,https://indomet.gob.do/wp-content/uploads/2026/09/temperaturas-extremas-y-precipitaciones-2026x08x31-a.pdf
2026-08-31,090,SAMANÁ,SAMANÁ,COMANDANCIA DE PUERTO DE SAMANÁ,EMCI,34.6,17.3,0.0,https://indomet.gob.do/wp-content/uploads/2026/09/temperaturas-extremas-y-precipitaciones-2026x08x31-a.pdf
2026-08-31,091,RESTAURACIÓN,DAJABÓN,MINISTERIO DE AGRICULTURA,EMCI,28.4,12.5,0.0,https://indomet.gob.do/wp-content/uploads/2026/09/temperaturas-extremas-y-precipitaciones-2026x08x31-a.pdf
2026-08-31,092,ENSANCHE CARMELITA,DISTRITO NACIONAL,PRIVADA,EMAP,,,0.0,https://indomet.gob.do/wp-content/uploads/2026/09/temperaturas-extremas-y-precipitaciones-2026x08x31-a.pdf
2026-08-31,093,SABANETA (EMA),SANTIAGO RODRÍGUEZ,PROGRAMA MUNDIAL DE ALIMENTO,EMAP,32.9,19.0,0.0,https://indomet.gob.do/wp-content/uploads/2026/09/temperaturas-extremas-y-precipitaciones-2026x08x31-a.pdf
2026-08-31,094,SAJOMA (EMA),SANTIAGO,PLAN SIERRA,EMAI,,,0.0,https://indomet.gob.do/wp-content/uploads/2026/09/temperaturas-extremas-y-precipitaciones-2026x08x31-a.pdf
2026-08-31,095,SAN JOSÉ DE OCOA,SAN JOSÉ DE OCOA,HOSP. SAN JOSÉ DE OCOA,EMCI,29.4,19.0,0.0,https://indomet.gob.do/wp-content/uploads/2026/09/temperaturas-extremas-y-precipitaciones-2026x08x31-a.pdf
2026-08-31,096,SANTIAGO RODRÍGUEZ,SANTIAGO RODRÍGUEZ,INDOMET,EMCI,33.0,19.2,0.0,https://indomet.gob.do/wp-content/uploads/2026/09/temperaturas-extremas-y-precipitaciones-2026x08x31-a.pdf
2026-08-31,097,TÁBARA ABAJO,AZUA,INDRHI,EMCI,32.0,20.0,0.0,https://indomet.gob.do/wp-content/uploads/2026/09/temperaturas-extremas-y-precipitaciones-2026x08x31-a.pdf
2026-08-31,098,VILLA GONZALES,SANTIAGO,MINISTERIO DE AGRICULTURA,EMCI,,,0.0,https://indomet.gob.do/wp-content/uploads/2026/09/temperaturas-extremas-y-precipitaciones-2026x08x31-a.pdf
2026-08-31,099,VILLA ISABELA,PUERTO PLATA,MINISTERIO DE AGRICULTURA,EMCV,,,0.0,https://indomet.gob.do/wp-content/uploads/2026/09/temperaturas-extremas-y-precipitaciones-2026x08x31-a.pdf
2026-08-31,100,VILLA VASQUEZ (EMA),MONTE CRISTI,JUNTA DE REGANTES,EMAI,,,0.0,https://indomet.gob.do/wp-content/uploads/2026/09/temperaturas-extremas-y-precipitaciones-2026x08x31-a.pdf
2026-09-01,001,ENRIQUILLO,BARAHONA,MINISTERIO DE AGRICULTURA,EMCV,32.0,21.4,52.0,https://indomet.gob.do/wp-content/uploads/2026/09/temperaturas-extremas-y-precipitaciones-2026x09x01-a.pdf
2026-09-01,002,BUCARA (EMA),SANTIAGO,MINISTERIO DE AGRICULTURA,EMAI,,,42.0,https://indomet.gob.do/wp-content/uploads/2026/09/temperaturas-extremas-y-precipitaciones-2026x09x01-a.pdf
2026-09-01,003,CABRAL,BARAHONA,MINISTERIO DE AGRICULTURA,EMCV,32.8,23.0,38.4,https://indomet.gob.do/wp-content/uploads/2026/09/temperaturas-extremas-y-precipitaciones-2026x09x01-a.pdf
2026-09-01,004,MICHES (EMA),EL SEIBO,PRIVADA,EMAP,33.2,25.0,30.2,https://indomet.gob.do/wp-content/uploads/2026/09/temperaturas-extremas-y-precipitaciones-2026x09x01-a.pdf
2026-09-01,005,OVIEDO,PEDERNALES,CLÍNICA RURAL OVIEDO,EMCI,31.6,23.0,28.8,https://indomet.gob.do/wp-content/uploads/2026/09/temperaturas-extremas-y-precipitaciones-2026x09x01-a.pdf
2026-09-01,006,ARPT. MARÍA MONTEZ,BARAHONA,INDOMET,EMCI,31.5,24.5,25.8,https://indomet.gob.do/wp-content/uploads/2026/09/temperaturas-extremas-y-precipitaciones-2026x09x01-a.pdf
2026-09-01,007,VILLA ALTAGRACIA,SAN CRISTÓBAL,ESCUELA JAVIER ANGULO GURIDI,EMCI,,,20.2,https://indomet.gob.do/wp-content/uploads/2026/09/temperaturas-extremas-y-precipitaciones-2026x09x01-a.pdf
2026-09-01,008,RESTAURACIÓN,DAJABÓN,MINISTERIO DE AGRICULTURA,EMCI,32.1,19.8,16.4,https://indomet.gob.do/wp-content/uploads/2026/09/temperaturas-extremas-y-precipitaciones-2026x09x01-a.pdf
2026-09-01,009,CONSTANZA (EMA),LA VEGA,PROGRAMA MUNDIAL DE ALIMENTO,EMAP,27.3,17.9,11.4,https://indomet.gob.do/wp-content/uploads/2026/09/temperaturas-extremas-y-precipitaciones-2026x09x01-a.pdf
2026-09-01,010,ALTAMIRA,PUERTO PLATA,HOSP. MPAL. DE ALTAMIRA,EMCI,33.5,21.3,10.6,https://indomet.gob.do/wp-content/uploads/2026/09/temperaturas-extremas-y-precipitaciones-2026x09x01-a.pdf
2026-09-01,011,CONSTANZA,LA VEGA,MINISTERIO DE AGRICULTURA,EMCI,28.8,17.0,10.0,https://indomet.gob.do/wp-content/uploads/2026/09/temperaturas-extremas-y-precipitaciones-2026x09x01-a.pdf
2026-09-01,012,ALTO BANDERA (EMA),LA VEGA,INTEC,EMAP,21.1,9.3,8.9,https://indomet.gob.do/wp-content/uploads/2026/09/temperaturas-extremas-y-precipitaciones-2026x09x01-a.pdf
2026-09-01,013,LOYOLA (EMA),SAN CRISTÓBAL,PRIVADA,EMAP,,,7.6,https://indomet.gob.do/wp-content/uploads/2026/09/temperaturas-extremas-y-precipitaciones-2026x09x01-a.pdf
2026-09-01,014,EL MILLON (EMA),DISTRITO NACIONAL,PRIVADA,EMAP,,,6.6,https://indomet.gob.do/wp-content/uploads/2026/09/temperaturas-extremas-y-precipitaciones-2026x09x01-a.pdf
2026-09-01,015,SAN JOSÉ DE OCOA,SAN JOSÉ DE OCOA,HOSP. SAN JOSÉ DE OCOA,EMCI,31.7,21.6,6.6,https://indomet.gob.do/wp-content/uploads/2026/09/temperaturas-extremas-y-precipitaciones-2026x09x01-a.pdf
2026-09-01,016,PERALTA,AZUA,HOSP. MPAL. DE PERALTA,EMCI,30.5,19.8,6.2,https://indomet.gob.do/wp-content/uploads/2026/09/temperaturas-extremas-y-precipitaciones-2026x09x01-a.pdf
2026-09-01,017,POLO,BARAHONA,INDOCAFE,EMCI,30.5,17.0,6.2,https://indomet.gob.do/wp-content/uploads/2026/09/temperaturas-extremas-y-precipitaciones-2026x09x01-a.pdf
2026-09-01,018,SAN CRISTÓBAL,SAN CRISTÓBAL,INSTITUTO POLITÉCNICO LOYOLA,EMCI,32.5,21.5,6.2,https://indomet.gob.do/wp-content/uploads/2026/09/temperaturas-extremas-y-precipitaciones-2026x09x01-a.pdf
2026-09-01,019,SANTO DOMINGO ESTE,SANTO DOMINGO,INDOMET,EMCI,32.6,23.2,5.9,https://indomet.gob.do/wp-content/uploads/2026/09/temperaturas-extremas-y-precipitaciones-2026x09x01-a.pdf
2026-09-01,020,LA YAGUITA (EMA),MONTE CRISTI,PROPIEDAD DEL VOLUNTARIO,EMAP,,,5.3,https://indomet.gob.do/wp-content/uploads/2026/09/temperaturas-extremas-y-precipitaciones-2026x09x01-a.pdf
2026-09-01,021,PASO AL MEDIO,SAN PEDRO DE MACORÍS,INDRHI,EMCI,,,5.3,https://indomet.gob.do/wp-content/uploads/2026/09/temperaturas-extremas-y-precipitaciones-2026x09x01-a.pdf
2026-09-01,022,COFRESI (EMA),PUERTO PLATA,PRIVADA,EMAP,,,4.6,https://indomet.gob.do/wp-content/uploads/2026/09/temperaturas-extremas-y-precipitaciones-2026x09x01-a.pdf
2026-09-01,023,PARQUE MIRADOR NORTE,SANTO DOMINGO,AYUNTAMIENTO,EMCV,,,4.6,https://indomet.gob.do/wp-content/uploads/2026/09/temperaturas-extremas-y-precipitaciones-2026x09x01-a.pdf
2026-09-01,024,DAJABÓN,DAJABÓN,INSTITUTO POLITÉCNICO LOYOLA,EMCI,37.0,20.6,4.2,https://indomet.gob.do/wp-content/uploads/2026/09/temperaturas-extremas-y-precipitaciones-2026x09x01-a.pdf
2026-09-01,025,LOS COCOS (EMA),BAHORUCO,PRIVADA,EMAP,,,3.4,https://indomet.gob.do/wp-content/uploads/2026/09/temperaturas-extremas-y-precipitaciones-2026x09x01-a.pdf
2026-09-01,026,TÁBARA ABAJO,AZUA,INDRHI,EMCI,32.5,23.0,3.2,https://indomet.gob.do/wp-content/uploads/2026/09/temperaturas-extremas-y-precipitaciones-2026x09x01-a.pdf
2026-09-01,027,LOS CACICAZGOS (EMA),DISTRITO NACIONAL,PRIVADA,EMAP,,,3.0,https://indomet.gob.do/wp-content/uploads/2026/09/temperaturas-extremas-y-precipitaciones-2026x09x01-a.pdf
2026-09-01,028,BAYAGUANA,MONTE PLATA,INDOMET,EMCI,32.0,22.0,2.8,https://indomet.gob.do/wp-content/uploads/2026/09/temperaturas-extremas-y-precipitaciones-2026x09x01-a.pdf
2026-09-01,029,BONAO,MONSEÑOR NOUEL,MINISTERIO DE AGRICULTURA,EMCV,,,2.8,https://indomet.gob.do/wp-content/uploads/2026/09/temperaturas-extremas-y-precipitaciones-2026x09x01-a.pdf
2026-09-01,030,VILLA GONZALE (EMA),SANTIAGO,IGLESIA,EMAI,,,2.2,https://indomet.gob.do/wp-content/uploads/2026/09/temperaturas-extremas-y-precipitaciones-2026x09x01-a.pdf
2026-09-01,031,RANCHO ARRIBA,SAN JOSÉ DE OCOA,CENTRO TECNOLÓGICO COMUNITARIO,EMCI,31.8,20.4,2.0,https://indomet.gob.do/wp-content/uploads/2026/09/temperaturas-extremas-y-precipitaciones-2026x09x01-a.pdf
2026-09-01,032,SABANA DE LA MAR,HATO MAYOR,INDOMET,EMCI,32.8,23.6,1.7,https://indomet.gob.do/wp-content/uploads/2026/09/temperaturas-extremas-y-precipitaciones-2026x09x01-a.pdf
2026-09-01,033,PADRE LAS CASAS,AZUA,HOSP. NTRA. SRA. DEL CARMEN,EMCI,31.5,21.3,1.4,https://indomet.gob.do/wp-content/uploads/2026/09/temperaturas-extremas-y-precipitaciones-2026x09x01-a.pdf
2026-09-01,034,EL CERCADO,SAN JUAN,MINISTERIO DE AGRICULTURA,EMCV,,,1.4,https://indomet.gob.do/wp-content/uploads/2026/09/temperaturas-extremas-y-precipitaciones-2026x09x01-a.pdf
2026-09-01,035,PROLONGACION 27 DE FEBRERO,DISTRITO NACIONAL,PRIVADA,EMAP,,,1.3,https://indomet.gob.do/wp-content/uploads/2026/09/temperaturas-extremas-y-precipitaciones-2026x09x01-a.pdf
2026-09-01,036,JANICO (EMA),LA VEGA,PLAN SIERRA,EMAI,,,1.0,https://indomet.gob.do/wp-content/uploads/2026/09/temperaturas-extremas-y-precipitaciones-2026x09x01-a.pdf
2026-09-01,037,BOHECHÍO,SAN JUAN,MINISTERIO DE AGRICULTURA,EMCV,,,1.0,https://indomet.gob.do/wp-content/uploads/2026/09/temperaturas-extremas-y-precipitaciones-2026x09x01-a.pdf
2026-09-01,038,MAO,VALVERDE,INDRHI / MINISTERIO DE AGRICULTURA,EMCV,,,0.8,https://indomet.gob.do/wp-content/uploads/2026/09/temperaturas-extremas-y-precipitaciones-2026x09x01-a.pdf
2026-09-01,039,VILLA VASQUEZ (EMA),MONTE CRISTI,JUNTA DE REGANTES,EMAI,,,0.6,https://indomet.gob.do/wp-content/uploads/2026/09/temperaturas-extremas-y-precipitaciones-2026x09x01-a.pdf
2026-09-01,040,CENTRO DE LOS HEROES (EMA),DISTRITO NACIONAL,MINISTERIO DE ENERGIA Y MINA,EMAP,31.9,25.7,0.6,https://indomet.gob.do/wp-content/uploads/2026/09/temperaturas-extremas-y-precipitaciones-2026x09x01-a.pdf
2026-09-01,041,ARROYO LORO,SAN JUAN,IDIAF,EMCI,34.0,22.5,0.6,https://indomet.gob.do/wp-content/uploads/2026/09/temperaturas-extremas-y-precipitaciones-2026x09x01-a.pdf
2026-09-01,042,ESCONDIDO,PERAVIA,MINISTERIO DE AGRICULTURA,EMCV,,,0.5,https://indomet.gob.do/wp-content/uploads/2026/09/temperaturas-extremas-y-precipitaciones-2026x09x01-a.pdf
2026-09-01,043,BELLA VISTA (EMA),DISTRITO NACIONAL,PRIVADA,EMAP,,,0.5,https://indomet.gob.do/wp-content/uploads/2026/09/temperaturas-extremas-y-precipitaciones-2026x09x01-a.pdf
2026-09-01,044,HATO MAYOR,HATO MAYOR,MINISTERIO DE AGRICULTURA,EMCV,,,0.5,https://indomet.gob.do/wp-content/uploads/2026/09/temperaturas-extremas-y-precipitaciones-2026x09x01-a.pdf
2026-09-01,045,NAVARRETE,SANTIAGO,MINISTERIO DE AGRICULTURA,EMCV,,,0.5,https://indomet.gob.do/wp-content/uploads/2026/09/temperaturas-extremas-y-precipitaciones-2026x09x01-a.pdf
2026-09-01,046,LOS JARDINES (EMA),DISTRITO NACIONAL,PRIVADA,EMAP,,,0.4,https://indomet.gob.do/wp-content/uploads/2026/09/temperaturas-extremas-y-precipitaciones-2026x09x01-a.pdf
2026-09-01,047,LA AGUSTINA (EMA),DISTRITO NACIONAL,PRIVADA,EMAP,,,0.3,https://indomet.gob.do/wp-content/uploads/2026/09/temperaturas-extremas-y-precipitaciones-2026x09x01-a.pdf
2026-09-01,048,SAJOMA (EMA),SANTIAGO,PLAN SIERRA,EMAI,,,0.2,https://indomet.gob.do/wp-content/uploads/2026/09/temperaturas-extremas-y-precipitaciones-2026x09x01-a.pdf
2026-09-01,049,BOCA DE MAO (EMA),VALVERDE,MINISTERIO DE AGRICULTURA,EMAP,35.3,23.6,0.2,https://indomet.gob.do/wp-content/uploads/2026/09/temperaturas-extremas-y-precipitaciones-2026x09x01-a.pdf
2026-09-01,050,PALO DE VIENTO (EMA),SAN JUAN,PRIVADA,EMAP,,,0.2,https://indomet.gob.do/wp-content/uploads/2026/09/temperaturas-extremas-y-precipitaciones-2026x09x01-a.pdf
2026-09-01,051,JIMANÍ,INDEPENDENCIA,MINISTERIO DE AGRICULTURA,EMCI,35.4,26.6,0.1,https://indomet.gob.do/wp-content/uploads/2026/09/temperaturas-extremas-y-precipitaciones-2026x09x01-a.pdf
2026-09-01,052,SAN RAFAEL DEL YUMA,LA ALTAGRACIA,MINISTERIO DE AGRICULTURA,EMCI,32.8,24.5,0.1,https://indomet.gob.do/wp-content/uploads/2026/09/temperaturas-extremas-y-precipitaciones-2026x09x01-a.pdf
2026-09-01,053,SANTIAGO RODRÍGUEZ,SANTIAGO RODRÍGUEZ,INDOMET,EMCI,37.1,24.2,0.1,https://indomet.gob.do/wp-content/uploads/2026/09/temperaturas-extremas-y-precipitaciones-2026x09x01-a.pdf
2026-09-01,054,JARDÍN BOTÁNICO SANTIAGO (EMSANTIAGO,,JARDIN BOTANICO SANTIAGO,EMAI,36.9,26.8,0.0,https://indomet.gob.do/wp-content/uploads/2026/09/temperaturas-extremas-y-precipitaciones-2026x09x01-a.pdf
2026-09-01,055,ANAMUYA (EMA),LA ALTAGRACIA,MINISTERIO DE AGRICULTURA,EMAP,36.0,25.7,0.0,https://indomet.gob.do/wp-content/uploads/2026/09/temperaturas-extremas-y-precipitaciones-2026x09x01-a.pdf
2026-09-01,056,BANI (EMA),PERAVIA,MINISTERIO DE AGRICULTURA,EMAP,36.7,23.7,0.0,https://indomet.gob.do/wp-content/uploads/2026/09/temperaturas-extremas-y-precipitaciones-2026x09x01-a.pdf
2026-09-01,057,EL FACTOR (EMA),MARÍA TRINIDAD SÁNCHEZ,INTEC,EMAP,34.1,24.3,0.0,https://indomet.gob.do/wp-content/uploads/2026/09/temperaturas-extremas-y-precipitaciones-2026x09x01-a.pdf
2026-09-01,058,LAS CANAS (EMA),MONTE CRISTI,PROGRAMA MUNDIAL DE ALIMENTO,EMAP,32.1,24.9,0.0,https://indomet.gob.do/wp-content/uploads/2026/09/temperaturas-extremas-y-precipitaciones-2026x09x01-a.pdf
2026-09-01,059,LAS MATAS DE SANTA CRUZ (EMA,MONTE CRISTI,PROGRAMA MUNDIAL DE ALIMENTO,EMAP,36.6,24.5,0.0,https://indomet.gob.do/wp-content/uploads/2026/09/temperaturas-extremas-y-precipitaciones-2026x09x01-a.pdf
2026-09-01,060,MONCIÓN (EMA),SANTIAGO RODRÍGUEZ,PROGRAMA MUNDIAL DE ALIMENTO,EMAP,,,0.0,https://indomet.gob.do/wp-content/uploads/2026/09/temperaturas-extremas-y-precipitaciones-2026x09x01-a.pdf
2026-09-01,061,PRESA DE TAVERAS (EMA),LA VEGA,PROGRAMA MUNDIAL DE ALIMENTO,EMAP,,,0.0,https://indomet.gob.do/wp-content/uploads/2026/09/temperaturas-extremas-y-precipitaciones-2026x09x01-a.pdf
2026-09-01,062,SABANETA (EMA),SANTIAGO RODRÍGUEZ,PROGRAMA MUNDIAL DE ALIMENTO,EMAP,36.9,23.8,0.0,https://indomet.gob.do/wp-content/uploads/2026/09/temperaturas-extremas-y-precipitaciones-2026x09x01-a.pdf
2026-09-01,063,ARPT. ARROYO BARRIL,SAMANÁ,INDOMET,EMCI,31.8,24.0,0.0,https://indomet.gob.do/wp-content/uploads/2026/09/temperaturas-extremas-y-precipitaciones-2026x09x01-a.pdf
2026-09-01,064,ARPT. DE LA ROMANA,LA ROMANA,INDOMET,EMCI,33.5,22.7,0.0,https://indomet.gob.do/wp-content/uploads/2026/09/temperaturas-extremas-y-precipitaciones-2026x09x01-a.pdf
2026-09-01,065,ARPT. DE LAS AMÉRICAS,SANTO DOMINGO,INDOMET,EMCI,31.3,23.5,0.0,https://indomet.gob.do/wp-content/uploads/2026/09/temperaturas-extremas-y-precipitaciones-2026x09x01-a.pdf
2026-09-01,066,ARPT. DE PUNTA CANA,LA ALTAGRACIA,INDOMET,EMCI,32.4,24.3,0.0,https://indomet.gob.do/wp-content/uploads/2026/09/temperaturas-extremas-y-precipitaciones-2026x09x01-a.pdf
2026-09-01,067,ARPT. DEL CIBAO,SANTIAGO,INDOMET,EMCI,36.5,23.7,0.0,https://indomet.gob.do/wp-content/uploads/2026/09/temperaturas-extremas-y-precipitaciones-2026x09x01-a.pdf
2026-09-01,068,ARPT. EL CATEY,SAMANÁ,INDOMET,EMCI,31.4,21.6,0.0,https://indomet.gob.do/wp-content/uploads/2026/09/temperaturas-extremas-y-precipitaciones-2026x09x01-a.pdf
2026-09-01,069,ARPT. GREGORIO LUPERÓN,PUERTO PLATA,INDOMET,EMCI,33.7,23.5,0.0,https://indomet.gob.do/wp-content/uploads/2026/09/temperaturas-extremas-y-precipitaciones-2026x09x01-a.pdf
2026-09-01,070,ARPT. LA ISABELA,SANTO DOMINGO,INDOMET,EMCI,33.8,22.0,0.0,https://indomet.gob.do/wp-content/uploads/2026/09/temperaturas-extremas-y-precipitaciones-2026x09x01-a.pdf
2026-09-01,071,CABRERA,MARÍA TRINIDAD SÁNCHEZ,ESCUELA ARÍSTIDES FIALLO CABRAL,EMCI,33.5,26.0,0.0,https://indomet.gob.do/wp-content/uploads/2026/09/temperaturas-extremas-y-precipitaciones-2026x09x01-a.pdf
2026-09-01,072,GASPAR HERNÁNDEZ,ESPAILLAT,PROPIEDAD DEL EMPLEADO,EMCI,,,0.0,https://indomet.gob.do/wp-content/uploads/2026/09/temperaturas-extremas-y-precipitaciones-2026x09x01-a.pdf
2026-09-01,073,HONDO VALLE,ELÍAS PIÑA,MINISTERIO DE AGRICULTURA,EMCI,29.0,19.4,0.0,https://indomet.gob.do/wp-content/uploads/2026/09/temperaturas-extremas-y-precipitaciones-2026x09x01-a.pdf
2026-09-01,074,JARABACOA,LA VEGA,INDRHI / MARENA,EMCI,33.4,19.4,0.0,https://indomet.gob.do/wp-content/uploads/2026/09/temperaturas-extremas-y-precipitaciones-2026x09x01-a.pdf
2026-09-01,075,LA VEGA,LA VEGA,IATESA,EMCI,36.6,24.0,0.0,https://indomet.gob.do/wp-content/uploads/2026/09/temperaturas-extremas-y-precipitaciones-2026x09x01-a.pdf
2026-09-01,076,LA VICTORIA,SANTO DOMINGO,CUERPO DE BOMBEROS,EMCI,33.6,24.0,0.0,https://indomet.gob.do/wp-content/uploads/2026/09/temperaturas-extremas-y-precipitaciones-2026x09x01-a.pdf
2026-09-01,077,LOS JENGIBRES,NAGUA,INDRHI,EMCI,,,0.0,https://indomet.gob.do/wp-content/uploads/2026/09/temperaturas-extremas-y-precipitaciones-2026x09x01-a.pdf
2026-09-01,078,LOS LLANOS,SAN PEDRO DE MACORÍS,MINISTERIO DE AGRICULTURA,EMCI,32.8,23.5,0.0,https://indomet.gob.do/wp-content/uploads/2026/09/temperaturas-extremas-y-precipitaciones-2026x09x01-a.pdf
2026-09-01,079,MONTE CRISTI,MONTE CRISTI,INDOMET,EMCI,36.0,24.8,0.0,https://indomet.gob.do/wp-content/uploads/2026/09/temperaturas-extremas-y-precipitaciones-2026x09x01-a.pdf
2026-09-01,080,OLIVARES,PEDERNALES,INDRHI,EMCI,,,0.0,https://indomet.gob.do/wp-content/uploads/2026/09/temperaturas-extremas-y-precipitaciones-2026x09x01-a.pdf
2026-09-01,081,PALO ÍNDIO,PUERTO PLATA,MINISTERIO DE AGRICULTURA,EMCI,,,0.0,https://indomet.gob.do/wp-content/uploads/2026/09/temperaturas-extremas-y-precipitaciones-2026x09x01-a.pdf
2026-09-01,082,PEDERNALES,PEDERNALES,INDRHI,EMCI,,,0.0,https://indomet.gob.do/wp-content/uploads/2026/09/temperaturas-extremas-y-precipitaciones-2026x09x01-a.pdf
2026-09-01,083,SALCEDO,HERMANAS MIRABAL,PROPIEDAD DEL EMPLEADO,EMCI,,,0.0,https://indomet.gob.do/wp-content/uploads/2026/09/temperaturas-extremas-y-precipitaciones-2026x09x01-a.pdf
2026-09-01,084,SAMANÁ,SAMANÁ,COMANDANCIA DE PUERTO DE SAMANÁ,EMCI,33.3,18.8,0.0,https://indomet.gob.do/wp-content/uploads/2026/09/temperaturas-extremas-y-precipitaciones-2026x09x01-a.pdf
2026-09-01,085,SAN FRANCISCO DE MACORÍS,DUARTE,San Francisco de Macorís (UASD),EMCI,34.9,24.2,0.0,https://indomet.gob.do/wp-content/uploads/2026/09/temperaturas-extremas-y-precipitaciones-2026x09x01-a.pdf
2026-09-01,086,SÁNCHEZ,SAMANÁ,MINISTERIO DE AGRICULTURA,EMCI,32.9,24.1,0.0,https://indomet.gob.do/wp-content/uploads/2026/09/temperaturas-extremas-y-precipitaciones-2026x09x01-a.pdf
2026-09-01,087,SANTIAGO (CENTRO),SANTIAGO,HUACALITO,EMCI,,,0.0,https://indomet.gob.do/wp-content/uploads/2026/09/temperaturas-extremas-y-precipitaciones-2026x09x01-a.pdf
2026-09-01,088,TAVERA,SANTIAGO,INDRHI,EMCI,,,0.0,https://indomet.gob.do/wp-content/uploads/2026/09/temperaturas-extremas-y-precipitaciones-2026x09x01-a.pdf
2026-09-01,089,VILLA GONZALES,SANTIAGO,MINISTERIO DE AGRICULTURA,EMCI,,,0.0,https://indomet.gob.do/wp-content/uploads/2026/09/temperaturas-extremas-y-precipitaciones-2026x09x01-a.pdf
2026-09-01,090,VILLA RIVA,DUARTE,HOSP. MPAL. ALICIA DE LEGENDRE,EMCI,33.4,23.0,0.0,https://indomet.gob.do/wp-content/uploads/2026/09/temperaturas-extremas-y-precipitaciones-2026x09x01-a.pdf
2026-09-01,091,EL SEIBO,EL SEIBO,MINISTERIO DE AGRICULTURA,EMCV,,,0.0,https://indomet.gob.do/wp-content/uploads/2026/09/temperaturas-extremas-y-precipitaciones-2026x09x01-a.pdf
2026-09-01,092,ELÍAS PIÑA,ELÍAS PIÑA,MINISTERIO DE AGRICULTURA,EMCV,,,0.0,https://indomet.gob.do/wp-content/uploads/2026/09/temperaturas-extremas-y-precipitaciones-2026x09x01-a.pdf
2026-09-01,093,GURABO,SANTIAGO,MINISTERIO DE AGRICULTURA,EMCV,,,0.0,https://indomet.gob.do/wp-content/uploads/2026/09/temperaturas-extremas-y-precipitaciones-2026x09x01-a.pdf
2026-09-01,094,JUMA BEJUCAL,MONSEÑOR NOUEL,IDIAF,EMCV,33.8,23.6,0.0,https://indomet.gob.do/wp-content/uploads/2026/09/temperaturas-extremas-y-precipitaciones-2026x09x01-a.pdf
2026-09-01,095,LUPERÓN,PUERTO PLATA,MINISTERIO DE AGRICULTURA,EMCV,,,0.0,https://indomet.gob.do/wp-content/uploads/2026/09/temperaturas-extremas-y-precipitaciones-2026x09x01-a.pdf
2026-09-01,096,RÍO SAN JUAN,MARÍA TRINIDAD SÁNCHEZ,HOSP. MPAL. DR. DESIDERIO ACOSTA,EMCV,35.2,25.9,0.0,https://indomet.gob.do/wp-content/uploads/2026/09/temperaturas-extremas-y-precipitaciones-2026x09x01-a.pdf
2026-09-01,097,SABANA GRANDE DE BOYÁ,MONTE PLATA,MINISTERIO DE AGRICULTURA,EMCV,,,0.0,https://indomet.gob.do/wp-content/uploads/2026/09/temperaturas-extremas-y-precipitaciones-2026x09x01-a.pdf
2026-09-01,098,VILLA ISABELA,PUERTO PLATA,MINISTERIO DE AGRICULTURA,EMCV,34.8,21.8,0.0,https://indomet.gob.do/wp-content/uploads/2026/09/temperaturas-extremas-y-precipitaciones-2026x09x01-a.pdf
2026-09-02,001,ELÍAS PIÑA,ELÍAS PIÑA,MINISTERIO DE AGRICULTURA,EMCV,,,25.4,https://indomet.gob.do/wp-content/uploads/2026/09/temperaturas-extremas-y-precipitaciones-2026x09x02-a.pdf
2026-09-02,002,HATO MAYOR,HATO MAYOR,MINISTERIO DE AGRICULTURA,EMCV,,,16.8,https://indomet.gob.do/wp-content/uploads/2026/09/temperaturas-extremas-y-precipitaciones-2026x09x02-a.pdf
2026-09-02,003,SABANETA (EMA),SANTIAGO RODRÍGUEZ,PROGRAMA MUNDIAL DE ALIMENTO,EMAP,36.9,23.2,13.0,https://indomet.gob.do/wp-content/uploads/2026/09/temperaturas-extremas-y-precipitaciones-2026x09x02-a.pdf
2026-09-02,004,SANTIAGO RODRÍGUEZ,SANTIAGO RODRÍGUEZ,INDOMET,EMCI,37.4,23.9,12.5,https://indomet.gob.do/wp-content/uploads/2026/09/temperaturas-extremas-y-precipitaciones-2026x09x02-a.pdf
2026-09-02,005,PASO AL MEDIO,SAN PEDRO DE MACORÍS,INDRHI,EMCI,,,9.7,https://indomet.gob.do/wp-content/uploads/2026/09/temperaturas-extremas-y-precipitaciones-2026x09x02-a.pdf
2026-09-02,006,HONDO VALLE,ELÍAS PIÑA,MINISTERIO DE AGRICULTURA,EMCI,29.4,19.3,8.5,https://indomet.gob.do/wp-content/uploads/2026/09/temperaturas-extremas-y-precipitaciones-2026x09x02-a.pdf
2026-09-02,007,SABANA GRANDE DE BOYÁ,MONTE PLATA,MINISTERIO DE AGRICULTURA,EMCV,,,6.6,https://indomet.gob.do/wp-content/uploads/2026/09/temperaturas-extremas-y-precipitaciones-2026x09x02-a.pdf
2026-09-02,008,BAYAGUANA,MONTE PLATA,INDOMET,EMCI,34.5,23.1,6.4,https://indomet.gob.do/wp-content/uploads/2026/09/temperaturas-extremas-y-precipitaciones-2026x09x02-a.pdf
2026-09-02,009,BUCARA (EMA),SANTIAGO,MINISTERIO DE AGRICULTURA,EMAI,,,5.0,https://indomet.gob.do/wp-content/uploads/2026/09/temperaturas-extremas-y-precipitaciones-2026x09x02-a.pdf
2026-09-02,010,SABANA DE LA MAR,HATO MAYOR,INDOMET,EMCI,32.4,23.4,4.6,https://indomet.gob.do/wp-content/uploads/2026/09/temperaturas-extremas-y-precipitaciones-2026x09x02-a.pdf
2026-09-02,011,DAJABÓN,DAJABÓN,INSTITUTO POLITÉCNICO LOYOLA,EMCI,36.5,21.5,3.3,https://indomet.gob.do/wp-content/uploads/2026/09/temperaturas-extremas-y-precipitaciones-2026x09x02-a.pdf
2026-09-02,012,MONTE CRISTI,MONTE CRISTI,INDOMET,EMCI,36.0,26.0,3.3,https://indomet.gob.do/wp-content/uploads/2026/09/temperaturas-extremas-y-precipitaciones-2026x09x02-a.pdf
2026-09-02,013,VILLA RIVA,DUARTE,HOSP. MPAL. ALICIA DE LEGENDRE,EMCI,33.5,24.0,2.7,https://indomet.gob.do/wp-content/uploads/2026/09/temperaturas-extremas-y-precipitaciones-2026x09x02-a.pdf
2026-09-02,014,SAMANÁ,SAMANÁ,COMANDANCIA DE PUERTO DE SAMANÁ,EMCI,34.7,17.6,2.6,https://indomet.gob.do/wp-content/uploads/2026/09/temperaturas-extremas-y-precipitaciones-2026x09x02-a.pdf
2026-09-02,015,OVIEDO,PEDERNALES,CLÍNICA RURAL OVIEDO,EMCI,32.8,24.0,2.4,https://indomet.gob.do/wp-content/uploads/2026/09/temperaturas-extremas-y-precipitaciones-2026x09x02-a.pdf
2026-09-02,016,EL MILLON (EMA),DISTRITO NACIONAL,PRIVADA,EMAP,,,2.3,https://indomet.gob.do/wp-content/uploads/2026/09/temperaturas-extremas-y-precipitaciones-2026x09x02-a.pdf
2026-09-02,017,CONSTANZA,LA VEGA,MINISTERIO DE AGRICULTURA,EMCI,28.7,17.0,2.1,https://indomet.gob.do/wp-content/uploads/2026/09/temperaturas-extremas-y-precipitaciones-2026x09x02-a.pdf
2026-09-02,018,ENRIQUILLO,BARAHONA,MINISTERIO DE AGRICULTURA,EMCV,33.2,23.5,2.0,https://indomet.gob.do/wp-content/uploads/2026/09/temperaturas-extremas-y-precipitaciones-2026x09x02-a.pdf
2026-09-02,019,CONSTANZA (EMA),LA VEGA,PROGRAMA MUNDIAL DE ALIMENTO,EMAP,27.4,15.3,1.6,https://indomet.gob.do/wp-content/uploads/2026/09/temperaturas-extremas-y-precipitaciones-2026x09x02-a.pdf
2026-09-02,020,ARPT. ARROYO BARRIL,SAMANÁ,INDOMET,EMCI,33.8,24.2,1.5,https://indomet.gob.do/wp-content/uploads/2026/09/temperaturas-extremas-y-precipitaciones-2026x09x02-a.pdf
2026-09-02,021,MICHES (EMA),EL SEIBO,PRIVADA,EMAP,34.4,23.4,1.0,https://indomet.gob.do/wp-content/uploads/2026/09/temperaturas-extremas-y-precipitaciones-2026x09x02-a.pdf
2026-09-02,022,ARROYO LORO,SAN JUAN,IDIAF,EMCI,35.4,21.2,0.7,https://indomet.gob.do/wp-content/uploads/2026/09/temperaturas-extremas-y-precipitaciones-2026x09x02-a.pdf
2026-09-02,023,VILLA GONZALE (EMA),SANTIAGO,IGLESIA,EMAI,,,0.4,https://indomet.gob.do/wp-content/uploads/2026/09/temperaturas-extremas-y-precipitaciones-2026x09x02-a.pdf
2026-09-02,024,ALTAMIRA,PUERTO PLATA,HOSP. MPAL. DE ALTAMIRA,EMCI,34.7,21.5,0.2,https://indomet.gob.do/wp-content/uploads/2026/09/temperaturas-extremas-y-precipitaciones-2026x09x02-a.pdf
2026-09-02,025,LOS LLANOS,SAN PEDRO DE MACORÍS,MINISTERIO DE AGRICULTURA,EMCI,34.0,23.4,0.2,https://indomet.gob.do/wp-content/uploads/2026/09/temperaturas-extremas-y-precipitaciones-2026x09x02-a.pdf
2026-09-02,026,LA VICTORIA,SANTO DOMINGO,CUERPO DE BOMBEROS,EMCI,35.0,24.0,0.1,https://indomet.gob.do/wp-content/uploads/2026/09/temperaturas-extremas-y-precipitaciones-2026x09x02-a.pdf
2026-09-02,027,RESTAURACIÓN,DAJABÓN,MINISTERIO DE AGRICULTURA,EMCI,31.3,20.4,0.1,https://indomet.gob.do/wp-content/uploads/2026/09/temperaturas-extremas-y-precipitaciones-2026x09x02-a.pdf
2026-09-02,028,SALCEDO,HERMANAS MIRABAL,PROPIEDAD DEL EMPLEADO,EMCI,,,0.1,https://indomet.gob.do/wp-content/uploads/2026/09/temperaturas-extremas-y-precipitaciones-2026x09x02-a.pdf
2026-09-02,029,ALTO BANDERA (EMA),LA VEGA,INTEC,EMAP,17.4,9.5,0.0,https://indomet.gob.do/wp-content/uploads/2026/09/temperaturas-extremas-y-precipitaciones-2026x09x02-a.pdf
2026-09-02,030,ANAMUYA (EMA),LA ALTAGRACIA,MINISTERIO DE AGRICULTURA,EMAP,34.0,24.9,0.0,https://indomet.gob.do/wp-content/uploads/2026/09/temperaturas-extremas-y-precipitaciones-2026x09x02-a.pdf
2026-09-02,031,ARPT. DE LA ROMANA,LA ROMANA,INDOMET,EMCI,34.0,23.0,0.0,https://indomet.gob.do/wp-content/uploads/2026/09/temperaturas-extremas-y-precipitaciones-2026x09x02-a.pdf
2026-09-02,032,ARPT. DE LAS AMÉRICAS,SANTO DOMINGO,INDOMET,EMCI,32.8,23.8,0.0,https://indomet.gob.do/wp-content/uploads/2026/09/temperaturas-extremas-y-precipitaciones-2026x09x02-a.pdf
2026-09-02,033,ARPT. DE PUNTA CANA,LA ALTAGRACIA,INDOMET,EMCI,32.2,23.2,0.0,https://indomet.gob.do/wp-content/uploads/2026/09/temperaturas-extremas-y-precipitaciones-2026x09x02-a.pdf
2026-09-02,034,ARPT. DEL CIBAO,SANTIAGO,INDOMET,EMCI,37.0,24.0,0.0,https://indomet.gob.do/wp-content/uploads/2026/09/temperaturas-extremas-y-precipitaciones-2026x09x02-a.pdf
2026-09-02,035,ARPT. EL CATEY,SAMANÁ,INDOMET,EMCI,31.4,22.0,0.0,https://indomet.gob.do/wp-content/uploads/2026/09/temperaturas-extremas-y-precipitaciones-2026x09x02-a.pdf
2026-09-02,036,ARPT. GREGORIO LUPERÓN,PUERTO PLATA,INDOMET,EMCI,33.2,24.8,0.0,https://indomet.gob.do/wp-content/uploads/2026/09/temperaturas-extremas-y-precipitaciones-2026x09x02-a.pdf
2026-09-02,037,ARPT. LA ISABELA,SANTO DOMINGO,INDOMET,EMCI,35.5,22.4,0.0,https://indomet.gob.do/wp-content/uploads/2026/09/temperaturas-extremas-y-precipitaciones-2026x09x02-a.pdf
2026-09-02,038,ARPT. MARÍA MONTEZ,BARAHONA,INDOMET,EMCI,32.6,23.5,0.0,https://indomet.gob.do/wp-content/uploads/2026/09/temperaturas-extremas-y-precipitaciones-2026x09x02-a.pdf
2026-09-02,039,BANI (EMA),PERAVIA,MINISTERIO DE AGRICULTURA,EMAP,32.9,26.2,0.0,https://indomet.gob.do/wp-content/uploads/2026/09/temperaturas-extremas-y-precipitaciones-2026x09x02-a.pdf
2026-09-02,040,BASE AÉREA DE SAN ISIDRO,SANTO DOMINGO,FUERZA AÉREA DOMINICANA,EMCV,33.4,24.1,0.0,https://indomet.gob.do/wp-content/uploads/2026/09/temperaturas-extremas-y-precipitaciones-2026x09x02-a.pdf
2026-09-02,041,BOCA DE MAO (EMA),VALVERDE,MINISTERIO DE AGRICULTURA,EMAP,37.6,23.8,0.0,https://indomet.gob.do/wp-content/uploads/2026/09/temperaturas-extremas-y-precipitaciones-2026x09x02-a.pdf
2026-09-02,042,BONAO,MONSEÑOR NOUEL,MINISTERIO DE AGRICULTURA,EMCV,,,0.0,https://indomet.gob.do/wp-content/uploads/2026/09/temperaturas-extremas-y-precipitaciones-2026x09x02-a.pdf
2026-09-02,043,CABRAL,BARAHONA,MINISTERIO DE AGRICULTURA,EMCV,34.8,24.0,0.0,https://indomet.gob.do/wp-content/uploads/2026/09/temperaturas-extremas-y-precipitaciones-2026x09x02-a.pdf
2026-09-02,044,CABRERA,MARÍA TRINIDAD SÁNCHEZ,ESCUELA ARÍSTIDES FIALLO CABRAL,EMCI,34.5,26.6,0.0,https://indomet.gob.do/wp-content/uploads/2026/09/temperaturas-extremas-y-precipitaciones-2026x09x02-a.pdf
2026-09-02,045,CENTRO DE LOS HEROES (EMA),DISTRITO NACIONAL,MINISTERIO DE ENERGIA Y MINA,EMAP,32.7,27.0,0.0,https://indomet.gob.do/wp-content/uploads/2026/09/temperaturas-extremas-y-precipitaciones-2026x09x02-a.pdf
2026-09-02,046,COTUÍ (EMA),SÁNCHEZ RAMÍREZ,HOSP. INMACULADA CONCEPCIÓN,EMCV,36.2,24.6,0.0,https://indomet.gob.do/wp-content/uploads/2026/09/temperaturas-extremas-y-precipitaciones-2026x09x02-a.pdf
2026-09-02,047,EL FACTOR (EMA),MARÍA TRINIDAD SÁNCHEZ,INTEC,EMAP,33.6,25.2,0.0,https://indomet.gob.do/wp-content/uploads/2026/09/temperaturas-extremas-y-precipitaciones-2026x09x02-a.pdf
2026-09-02,048,ENSANCHE LA FE (EMA),DISTRITO NACIONAL,PRIVADA,EMAP,,,0.0,https://indomet.gob.do/wp-content/uploads/2026/09/temperaturas-extremas-y-precipitaciones-2026x09x02-a.pdf
2026-09-02,049,ESCONDIDO,PERAVIA,MINISTERIO DE AGRICULTURA,EMCV,33.0,24.0,0.0,https://indomet.gob.do/wp-content/uploads/2026/09/temperaturas-extremas-y-precipitaciones-2026x09x02-a.pdf
2026-09-02,050,GASPAR HERNÁNDEZ,ESPAILLAT,PROPIEDAD DEL EMPLEADO,EMCI,,,0.0,https://indomet.gob.do/wp-content/uploads/2026/09/temperaturas-extremas-y-precipitaciones-2026x09x02-a.pdf
2026-09-02,051,GURABO,SANTIAGO,MINISTERIO DE AGRICULTURA,EMCV,,,0.0,https://indomet.gob.do/wp-content/uploads/2026/09/temperaturas-extremas-y-precipitaciones-2026x09x02-a.pdf
2026-09-02,052,JARABACOA,LA VEGA,INDRHI / MARENA,EMCI,35.2,18.4,0.0,https://indomet.gob.do/wp-content/uploads/2026/09/temperaturas-extremas-y-precipitaciones-2026x09x02-a.pdf
2026-09-02,053,JARDÍN BOTÁNICO NACIONAL,DISTRITO NACIONAL,JARDÍN BOTÁNICO NACIONAL,EMCV,33.4,23.0,0.0,https://indomet.gob.do/wp-content/uploads/2026/09/temperaturas-extremas-y-precipitaciones-2026x09x02-a.pdf
2026-09-02,054,JARDÍN BOTÁNICO SANTIAGO (EMSANTIAGO,,JARDIN BOTANICO SANTIAGO,EMAI,37.1,28.5,0.0,https://indomet.gob.do/wp-content/uploads/2026/09/temperaturas-extremas-y-precipitaciones-2026x09x02-a.pdf
2026-09-02,055,JIMANÍ,INDEPENDENCIA,MINISTERIO DE AGRICULTURA,EMCI,36.2,25.0,0.0,https://indomet.gob.do/wp-content/uploads/2026/09/temperaturas-extremas-y-precipitaciones-2026x09x02-a.pdf
2026-09-02,056,JUMA BEJUCAL,MONSEÑOR NOUEL,IDIAF,EMCV,34.6,25.8,0.0,https://indomet.gob.do/wp-content/uploads/2026/09/temperaturas-extremas-y-precipitaciones-2026x09x02-a.pdf
2026-09-02,057,LA AGUSTINA (EMA),DISTRITO NACIONAL,PRIVADA,EMAP,,,0.0,https://indomet.gob.do/wp-content/uploads/2026/09/temperaturas-extremas-y-precipitaciones-2026x09x02-a.pdf
2026-09-02,058,LA VEGA,LA VEGA,IATESA,EMCI,37.5,23.5,0.0,https://indomet.gob.do/wp-content/uploads/2026/09/temperaturas-extremas-y-precipitaciones-2026x09x02-a.pdf
2026-09-02,059,LAS CANAS (EMA),MONTE CRISTI,PROGRAMA MUNDIAL DE ALIMENTO,EMAP,32.6,24.7,0.0,https://indomet.gob.do/wp-content/uploads/2026/09/temperaturas-extremas-y-precipitaciones-2026x09x02-a.pdf
2026-09-02,060,LOS CACICAZGOS (EMA),DISTRITO NACIONAL,PRIVADA,EMAP,,,0.0,https://indomet.gob.do/wp-content/uploads/2026/09/temperaturas-extremas-y-precipitaciones-2026x09x02-a.pdf
2026-09-02,061,LOS COCOS (EMA),BAHORUCO,PRIVADA,EMAP,,,0.0,https://indomet.gob.do/wp-content/uploads/2026/09/temperaturas-extremas-y-precipitaciones-2026x09x02-a.pdf
2026-09-02,062,LOS JARDINES (EMA),DISTRITO NACIONAL,PRIVADA,EMAP,,,0.0,https://indomet.gob.do/wp-content/uploads/2026/09/temperaturas-extremas-y-precipitaciones-2026x09x02-a.pdf
2026-09-02,063,LOS JENGIBRES,NAGUA,INDRHI,EMCI,,,0.0,https://indomet.gob.do/wp-content/uploads/2026/09/temperaturas-extremas-y-precipitaciones-2026x09x02-a.pdf
2026-09-02,064,MAO,VALVERDE,INDRHI / MINISTERIO DE AGRICULTURA,EMCV,,,0.0,https://indomet.gob.do/wp-content/uploads/2026/09/temperaturas-extremas-y-precipitaciones-2026x09x02-a.pdf
2026-09-02,065,MONCIÓN (EMA),SANTIAGO RODRÍGUEZ,PROGRAMA MUNDIAL DE ALIMENTO,EMAP,33.4,21.4,0.0,https://indomet.gob.do/wp-content/uploads/2026/09/temperaturas-extremas-y-precipitaciones-2026x09x02-a.pdf
2026-09-02,066,NAVARRETE,SANTIAGO,MINISTERIO DE AGRICULTURA,EMCV,,,0.0,https://indomet.gob.do/wp-content/uploads/2026/09/temperaturas-extremas-y-precipitaciones-2026x09x02-a.pdf
2026-09-02,067,OLIVARES,PEDERNALES,INDRHI,EMCI,,,0.0,https://indomet.gob.do/wp-content/uploads/2026/09/temperaturas-extremas-y-precipitaciones-2026x09x02-a.pdf
2026-09-02,068,PADRE LAS CASAS,AZUA,HOSP. NTRA. SRA. DEL CARMEN,EMCI,32.5,21.0,0.0,https://indomet.gob.do/wp-content/uploads/2026/09/temperaturas-extremas-y-precipitaciones-2026x09x02-a.pdf
2026-09-02,069,PALO ÍNDIO,PUERTO PLATA,MINISTERIO DE AGRICULTURA,EMCI,,,0.0,https://indomet.gob.do/wp-content/uploads/2026/09/temperaturas-extremas-y-precipitaciones-2026x09x02-a.pdf
2026-09-02,070,PEDERNALES,PEDERNALES,INDRHI,EMCI,,,0.0,https://indomet.gob.do/wp-content/uploads/2026/09/temperaturas-extremas-y-precipitaciones-2026x09x02-a.pdf
2026-09-02,071,PERALTA,AZUA,HOSP. MPAL. DE PERALTA,EMCI,32.3,19.0,0.0,https://indomet.gob.do/wp-content/uploads/2026/09/temperaturas-extremas-y-precipitaciones-2026x09x02-a.pdf
2026-09-02,072,POLO,BARAHONA,INDOCAFE,EMCI,31.2,19.0,0.0,https://indomet.gob.do/wp-content/uploads/2026/09/temperaturas-extremas-y-precipitaciones-2026x09x02-a.pdf
2026-09-02,073,PRESA DE TAVERAS (EMA),LA VEGA,PROGRAMA MUNDIAL DE ALIMENTO,EMAP,34.3,23.1,0.0,https://indomet.gob.do/wp-content/uploads/2026/09/temperaturas-extremas-y-precipitaciones-2026x09x02-a.pdf
2026-09-02,074,PROLONGACION 27 DE FEBRERO,DISTRITO NACIONAL,PRIVADA,EMAP,,,0.0,https://indomet.gob.do/wp-content/uploads/2026/09/temperaturas-extremas-y-precipitaciones-2026x09x02-a.pdf
2026-09-02,075,RANCHO ARRIBA,SAN JOSÉ DE OCOA,CENTRO TECNOLÓGICO COMUNITARIO,EMCI,31.6,18.4,0.0,https://indomet.gob.do/wp-content/uploads/2026/09/temperaturas-extremas-y-precipitaciones-2026x09x02-a.pdf
2026-09-02,076,RÍO SAN JUAN,MARÍA TRINIDAD SÁNCHEZ,HOSP. MPAL. DR. DESIDERIO ACOSTA,EMCV,35.4,24.5,0.0,https://indomet.gob.do/wp-content/uploads/2026/09/temperaturas-extremas-y-precipitaciones-2026x09x02-a.pdf
2026-09-02,077,SAJOMA (EMA),SANTIAGO,PLAN SIERRA,EMAI,34.4,26.4,0.0,https://indomet.gob.do/wp-content/uploads/2026/09/temperaturas-extremas-y-precipitaciones-2026x09x02-a.pdf
2026-09-02,078,SAN CRISTÓBAL,SAN CRISTÓBAL,INSTITUTO POLITÉCNICO LOYOLA,EMCI,33.0,22.2,0.0,https://indomet.gob.do/wp-content/uploads/2026/09/temperaturas-extremas-y-precipitaciones-2026x09x02-a.pdf
2026-09-02,079,SAN FRANCISCO DE MACORÍS,DUARTE,San Francisco de Macorís (UASD),EMCI,34.9,24.2,0.0,https://indomet.gob.do/wp-content/uploads/2026/09/temperaturas-extremas-y-precipitaciones-2026x09x02-a.pdf
2026-09-02,080,SAN JOSÉ DE OCOA,SAN JOSÉ DE OCOA,HOSP. SAN JOSÉ DE OCOA,EMCI,32.4,23.5,0.0,https://indomet.gob.do/wp-content/uploads/2026/09/temperaturas-extremas-y-precipitaciones-2026x09x02-a.pdf
2026-09-02,081,SAN RAFAEL DEL YUMA,LA ALTAGRACIA,MINISTERIO DE AGRICULTURA,EMCI,34.6,24.3,0.0,https://indomet.gob.do/wp-content/uploads/2026/09/temperaturas-extremas-y-precipitaciones-2026x09x02-a.pdf
2026-09-02,082,SÁNCHEZ,SAMANÁ,MINISTERIO DE AGRICULTURA,EMCI,33.3,23.1,0.0,https://indomet.gob.do/wp-content/uploads/2026/09/temperaturas-extremas-y-precipitaciones-2026x09x02-a.pdf
2026-09-02,083,SANTO DOMINGO ESTE,SANTO DOMINGO,INDOMET,EMCI,33.2,24.6,0.0,https://indomet.gob.do/wp-content/uploads/2026/09/temperaturas-extremas-y-precipitaciones-2026x09x02-a.pdf
2026-09-02,084,TÁBARA ABAJO,AZUA,INDRHI,EMCI,33.5,20.0,0.0,https://indomet.gob.do/wp-content/uploads/2026/09/temperaturas-extremas-y-precipitaciones-2026x09x02-a.pdf
2026-09-02,085,TAMBORIL,SANTIAGO,MINISTERIO DE AGRICULTURA,EMCV,,,0.0,https://indomet.gob.do/wp-content/uploads/2026/09/temperaturas-extremas-y-precipitaciones-2026x09x02-a.pdf
2026-09-02,086,TAVERA,SANTIAGO,INDRHI,EMCI,,,0.0,https://indomet.gob.do/wp-content/uploads/2026/09/temperaturas-extremas-y-precipitaciones-2026x09x02-a.pdf
2026-09-02,087,VILLA ALTAGRACIA,SAN CRISTÓBAL,ESCUELA JAVIER ANGULO GURIDI,EMCI,,,0.0,https://indomet.gob.do/wp-content/uploads/2026/09/temperaturas-extremas-y-precipitaciones-2026x09x02-a.pdf
2026-09-02,088,VILLA GONZALES,SANTIAGO,MINISTERIO DE AGRICULTURA,EMCI,,,0.0,https://indomet.gob.do/wp-content/uploads/2026/09/temperaturas-extremas-y-precipitaciones-2026x09x02-a.pdf
2026-09-02,089,VILLA ISABELA,PUERTO PLATA,MINISTERIO DE AGRICULTURA,EMCV,34.5,22.8,0.0,https://indomet.gob.do/wp-content/uploads/2026/09/temperaturas-extremas-y-precipitaciones-2026x09x02-a.pdf
2026-09-02,090,VILLA VASQUEZ (EMA),MONTE CRISTI,JUNTA DE REGANTES,EMAI,,,0.0,https://indomet.gob.do/wp-content/uploads/2026/09/temperaturas-extremas-y-precipitaciones-2026x09x02-a.pdf
2026-09-03,001,RESTAURACIÓN (EMA),DAJABÓN,PRIVADA,EMAP,,,181.6,https://indomet.gob.do/wp-content/uploads/2026/09/temperaturas-extremas-y-precipitaciones-2026x09x03-a-1.pdf
2026-09-03,002,RESTAURACIÓN,DAJABÓN,MINISTERIO DE AGRICULTURA,EMCI,31.6,18.9,110.9,https://indomet.gob.do/wp-content/uploads/2026/09/temperaturas-extremas-y-precipitaciones-2026x09x03-a-1.pdf
2026-09-03,003,SÁNCHEZ,SAMANÁ,MINISTERIO DE AGRICULTURA,EMCI,32.2,24.2,40.2,https://indomet.gob.do/wp-content/uploads/2026/09/temperaturas-extremas-y-precipitaciones-2026x09x03-a-1.pdf
2026-09-03,004,BAYAGUANA,MONTE PLATA,INDOMET,EMCI,34.2,23.0,36.4,https://indomet.gob.do/wp-content/uploads/2026/09/temperaturas-extremas-y-precipitaciones-2026x09x03-a-1.pdf
2026-09-03,005,VILLA RIVA,DUARTE,HOSP. MPAL. ALICIA DE LEGENDRE,EMCI,32.2,22.7,28.5,https://indomet.gob.do/wp-content/uploads/2026/09/temperaturas-extremas-y-precipitaciones-2026x09x03-a-1.pdf
2026-09-03,006,POLO,BARAHONA,INDOCAFE,EMCI,30.5,18.5,21.7,https://indomet.gob.do/wp-content/uploads/2026/09/temperaturas-extremas-y-precipitaciones-2026x09x03-a-1.pdf
2026-09-03,007,ARENOSO (EMA),DUARTE,PROGRAMA MUNDIAL DE ALIMENTO,EMAP,32.8,26.4,19.4,https://indomet.gob.do/wp-content/uploads/2026/09/temperaturas-extremas-y-precipitaciones-2026x09x03-a-1.pdf
2026-09-03,008,HATO MAYOR,HATO MAYOR,MINISTERIO DE AGRICULTURA,EMCV,,,18.5,https://indomet.gob.do/wp-content/uploads/2026/09/temperaturas-extremas-y-precipitaciones-2026x09x03-a-1.pdf
2026-09-03,009,PASO AL MEDIO,SAN PEDRO DE MACORÍS,INDRHI,EMCI,,,11.4,https://indomet.gob.do/wp-content/uploads/2026/09/temperaturas-extremas-y-precipitaciones-2026x09x03-a-1.pdf
2026-09-03,010,LOS LLANOS,SAN PEDRO DE MACORÍS,MINISTERIO DE AGRICULTURA,EMCI,34.5,22.0,11.2,https://indomet.gob.do/wp-content/uploads/2026/09/temperaturas-extremas-y-precipitaciones-2026x09x03-a-1.pdf
2026-09-03,011,HONDO VALLE,ELÍAS PIÑA,MINISTERIO DE AGRICULTURA,EMCI,29.0,19.4,9.7,https://indomet.gob.do/wp-content/uploads/2026/09/temperaturas-extremas-y-precipitaciones-2026x09x03-a-1.pdf
2026-09-03,012,CONSTANZA,LA VEGA,MINISTERIO DE AGRICULTURA,EMCI,28.8,15.6,7.0,https://indomet.gob.do/wp-content/uploads/2026/09/temperaturas-extremas-y-precipitaciones-2026x09x03-a-1.pdf
2026-09-03,013,VILLA ALTAGRACIA,SAN CRISTÓBAL,ESCUELA JAVIER ANGULO GURIDI,EMCI,,,6.4,https://indomet.gob.do/wp-content/uploads/2026/09/temperaturas-extremas-y-precipitaciones-2026x09x03-a-1.pdf
2026-09-03,014,LA VICTORIA,SANTO DOMINGO,CUERPO DE BOMBEROS,EMCI,32.0,23.2,6.0,https://indomet.gob.do/wp-content/uploads/2026/09/temperaturas-extremas-y-precipitaciones-2026x09x03-a-1.pdf
2026-09-03,015,BUCARA (EMA),SANTIAGO,MINISTERIO DE AGRICULTURA,EMAI,,,5.4,https://indomet.gob.do/wp-content/uploads/2026/09/temperaturas-extremas-y-precipitaciones-2026x09x03-a-1.pdf
2026-09-03,016,PARQUE MIRADOR NORTE,SANTO DOMINGO,AYUNTAMIENTO,EMCV,,,5.3,https://indomet.gob.do/wp-content/uploads/2026/09/temperaturas-extremas-y-precipitaciones-2026x09x03-a-1.pdf
2026-09-03,017,JARABACOA,LA VEGA,INDRHI / MARENA,EMCI,35.0,18.6,4.2,https://indomet.gob.do/wp-content/uploads/2026/09/temperaturas-extremas-y-precipitaciones-2026x09x03-a-1.pdf
2026-09-03,018,SABANA GRANDE DE BOYÁ,MONTE PLATA,MINISTERIO DE AGRICULTURA,EMCV,,,3.8,https://indomet.gob.do/wp-content/uploads/2026/09/temperaturas-extremas-y-precipitaciones-2026x09x03-a-1.pdf
2026-09-03,019,ARPT. LA ISABELA,SANTO DOMINGO,INDOMET,EMCI,34.6,22.6,3.7,https://indomet.gob.do/wp-content/uploads/2026/09/temperaturas-extremas-y-precipitaciones-2026x09x03-a-1.pdf
2026-09-03,020,BARRAQUITO (EMA),DUARTE,PROGRAMA MUNDIAL DE ALIMENTO,EMAP,34.9,23.3,3.6,https://indomet.gob.do/wp-content/uploads/2026/09/temperaturas-extremas-y-precipitaciones-2026x09x03-a-1.pdf
2026-09-03,021,ARPT. EL CATEY,SAMANÁ,INDOMET,EMCI,31.5,22.0,3.4,https://indomet.gob.do/wp-content/uploads/2026/09/temperaturas-extremas-y-precipitaciones-2026x09x03-a-1.pdf
2026-09-03,022,ALTO BANDERA (EMA),LA VEGA,INTEC,EMAP,,,3.3,https://indomet.gob.do/wp-content/uploads/2026/09/temperaturas-extremas-y-precipitaciones-2026x09x03-a-1.pdf
2026-09-03,023,TÁBARA ABAJO,AZUA,INDRHI,EMCI,34.5,22.5,3.2,https://indomet.gob.do/wp-content/uploads/2026/09/temperaturas-extremas-y-precipitaciones-2026x09x03-a-1.pdf
2026-09-03,024,SAMANÁ,SAMANÁ,COMANDANCIA DE PUERTO DE SAMANÁ,EMCI,34.4,16.4,1.6,https://indomet.gob.do/wp-content/uploads/2026/09/temperaturas-extremas-y-precipitaciones-2026x09x03-a-1.pdf
2026-09-03,025,PADRE LAS CASAS,AZUA,HOSP. NTRA. SRA. DEL CARMEN,EMCI,34.0,21.0,1.4,https://indomet.gob.do/wp-content/uploads/2026/09/temperaturas-extremas-y-precipitaciones-2026x09x03-a-1.pdf
2026-09-03,026,EL MILLON (EMA),DISTRITO NACIONAL,PRIVADA,EMAP,,,1.3,https://indomet.gob.do/wp-content/uploads/2026/09/temperaturas-extremas-y-precipitaciones-2026x09x03-a-1.pdf
2026-09-03,027,LOS COCOS (EMA),BAHORUCO,PRIVADA,EMAP,,,1.1,https://indomet.gob.do/wp-content/uploads/2026/09/temperaturas-extremas-y-precipitaciones-2026x09x03-a-1.pdf
2026-09-03,028,RANCHO ARRIBA,SAN JOSÉ DE OCOA,CENTRO TECNOLÓGICO COMUNITARIO,EMCI,33.7,19.8,1.1,https://indomet.gob.do/wp-content/uploads/2026/09/temperaturas-extremas-y-precipitaciones-2026x09x03-a-1.pdf
2026-09-03,029,CASTILLO (EMA),DUARTE,PRIVADA,EMAP,,,1.0,https://indomet.gob.do/wp-content/uploads/2026/09/temperaturas-extremas-y-precipitaciones-2026x09x03-a-1.pdf
2026-09-03,030,JARDÍN BOTÁNICO NACIONAL,DISTRITO NACIONAL,JARDÍN BOTÁNICO NACIONAL,EMCV,34.0,22.3,0.6,https://indomet.gob.do/wp-content/uploads/2026/09/temperaturas-extremas-y-precipitaciones-2026x09x03-a-1.pdf
2026-09-03,031,VILLA GONZALE (EMA),SANTIAGO,IGLESIA,EMAI,,,0.6,https://indomet.gob.do/wp-content/uploads/2026/09/temperaturas-extremas-y-precipitaciones-2026x09x03-a-1.pdf
2026-09-03,032,SANTO DOMINGO ESTE,SANTO DOMINGO,INDOMET,EMCI,34.0,24.9,0.5,https://indomet.gob.do/wp-content/uploads/2026/09/temperaturas-extremas-y-precipitaciones-2026x09x03-a-1.pdf
2026-09-03,033,VILLA VASQUEZ (EMA),MONTE CRISTI,JUNTA DE REGANTES,EMAI,,,0.4,https://indomet.gob.do/wp-content/uploads/2026/09/temperaturas-extremas-y-precipitaciones-2026x09x03-a-1.pdf
2026-09-03,034,CENTRO DE LOS HEROES (EMA),DISTRITO NACIONAL,MINISTERIO DE ENERGIA Y MINA,EMAP,32.8,26.4,0.2,https://indomet.gob.do/wp-content/uploads/2026/09/temperaturas-extremas-y-precipitaciones-2026x09x03-a-1.pdf
2026-09-03,035,LA AGUSTINA (EMA),DISTRITO NACIONAL,PRIVADA,EMAP,,,0.2,https://indomet.gob.do/wp-content/uploads/2026/09/temperaturas-extremas-y-precipitaciones-2026x09x03-a-1.pdf
2026-09-03,036,ARROYO LORO,SAN JUAN,IDIAF,EMCI,36.4,21.2,0.1,https://indomet.gob.do/wp-content/uploads/2026/09/temperaturas-extremas-y-precipitaciones-2026x09x03-a-1.pdf
2026-09-03,037,CABRAL,BARAHONA,MINISTERIO DE AGRICULTURA,EMCV,34.9,25.7,0.1,https://indomet.gob.do/wp-content/uploads/2026/09/temperaturas-extremas-y-precipitaciones-2026x09x03-a-1.pdf
2026-09-03,038,SALCEDO,HERMANAS MIRABAL,PROPIEDAD DEL EMPLEADO,EMCI,,,0.1,https://indomet.gob.do/wp-content/uploads/2026/09/temperaturas-extremas-y-precipitaciones-2026x09x03-a-1.pdf
2026-09-03,039,ALTAMIRA,PUERTO PLATA,HOSP. MPAL. DE ALTAMIRA,EMCI,34.9,19.6,0.0,https://indomet.gob.do/wp-content/uploads/2026/09/temperaturas-extremas-y-precipitaciones-2026x09x03-a-1.pdf
2026-09-03,040,ANAMUYA (EMA),LA ALTAGRACIA,MINISTERIO DE AGRICULTURA,EMAP,33.9,24.2,0.0,https://indomet.gob.do/wp-content/uploads/2026/09/temperaturas-extremas-y-precipitaciones-2026x09x03-a-1.pdf
2026-09-03,041,ARPT. ARROYO BARRIL,SAMANÁ,INDOMET,EMCI,32.9,24.3,0.0,https://indomet.gob.do/wp-content/uploads/2026/09/temperaturas-extremas-y-precipitaciones-2026x09x03-a-1.pdf
2026-09-03,042,ARPT. DE LA ROMANA,LA ROMANA,INDOMET,EMCI,34.5,22.6,0.0,https://indomet.gob.do/wp-content/uploads/2026/09/temperaturas-extremas-y-precipitaciones-2026x09x03-a-1.pdf
2026-09-03,043,ARPT. DE LAS AMÉRICAS,SANTO DOMINGO,INDOMET,EMCI,33.0,23.6,0.0,https://indomet.gob.do/wp-content/uploads/2026/09/temperaturas-extremas-y-precipitaciones-2026x09x03-a-1.pdf
2026-09-03,044,ARPT. DE PUNTA CANA,LA ALTAGRACIA,INDOMET,EMCI,32.5,23.3,0.0,https://indomet.gob.do/wp-content/uploads/2026/09/temperaturas-extremas-y-precipitaciones-2026x09x03-a-1.pdf
2026-09-03,045,ARPT. DEL CIBAO,SANTIAGO,INDOMET,EMCI,36.5,22.5,0.0,https://indomet.gob.do/wp-content/uploads/2026/09/temperaturas-extremas-y-precipitaciones-2026x09x03-a-1.pdf
2026-09-03,046,ARPT. GREGORIO LUPERÓN,PUERTO PLATA,INDOMET,EMCI,32.8,23.5,0.0,https://indomet.gob.do/wp-content/uploads/2026/09/temperaturas-extremas-y-precipitaciones-2026x09x03-a-1.pdf
2026-09-03,047,ARPT. MARÍA MONTEZ,BARAHONA,INDOMET,EMCI,33.2,24.5,0.0,https://indomet.gob.do/wp-content/uploads/2026/09/temperaturas-extremas-y-precipitaciones-2026x09x03-a-1.pdf
2026-09-03,048,BANI (EMA),PERAVIA,MINISTERIO DE AGRICULTURA,EMAP,34.3,,0.0,https://indomet.gob.do/wp-content/uploads/2026/09/temperaturas-extremas-y-precipitaciones-2026x09x03-a-1.pdf
2026-09-03,049,BASE AÉREA DE SAN ISIDRO,SANTO DOMINGO,FUERZA AÉREA DOMINICANA,EMCV,35.1,23.0,0.0,https://indomet.gob.do/wp-content/uploads/2026/09/temperaturas-extremas-y-precipitaciones-2026x09x03-a-1.pdf
2026-09-03,050,BOCA DE MAO (EMA),VALVERDE,MINISTERIO DE AGRICULTURA,EMAP,37.7,24.1,0.0,https://indomet.gob.do/wp-content/uploads/2026/09/temperaturas-extremas-y-precipitaciones-2026x09x03-a-1.pdf
2026-09-03,051,BONAO,MONSEÑOR NOUEL,MINISTERIO DE AGRICULTURA,EMCV,,,0.0,https://indomet.gob.do/wp-content/uploads/2026/09/temperaturas-extremas-y-precipitaciones-2026x09x03-a-1.pdf
2026-09-03,052,CABRERA,MARÍA TRINIDAD SÁNCHEZ,ESCUELA ARÍSTIDES FIALLO CABRAL,EMCI,35.0,27.0,0.0,https://indomet.gob.do/wp-content/uploads/2026/09/temperaturas-extremas-y-precipitaciones-2026x09x03-a-1.pdf
2026-09-03,053,CONSTANZA (EMA),LA VEGA,PROGRAMA MUNDIAL DE ALIMENTO,EMAP,27.7,16.7,0.0,https://indomet.gob.do/wp-content/uploads/2026/09/temperaturas-extremas-y-precipitaciones-2026x09x03-a-1.pdf
2026-09-03,054,COTUÍ,SÁNCHEZ RAMÍREZ,HOSP. INMACULADA CONCEPCIÓN,EMCV,,,0.0,https://indomet.gob.do/wp-content/uploads/2026/09/temperaturas-extremas-y-precipitaciones-2026x09x03-a-1.pdf
2026-09-03,055,DAJABÓN,DAJABÓN,INSTITUTO POLITÉCNICO LOYOLA,EMCI,38.1,22.0,0.0,https://indomet.gob.do/wp-content/uploads/2026/09/temperaturas-extremas-y-precipitaciones-2026x09x03-a-1.pdf
2026-09-03,056,EL FACTOR (EMA),MARÍA TRINIDAD SÁNCHEZ,INTEC,EMAP,33.4,23.0,0.0,https://indomet.gob.do/wp-content/uploads/2026/09/temperaturas-extremas-y-precipitaciones-2026x09x03-a-1.pdf
2026-09-03,057,EL SEIBO,EL SEIBO,MINISTERIO DE AGRICULTURA,EMCV,,,0.0,https://indomet.gob.do/wp-content/uploads/2026/09/temperaturas-extremas-y-precipitaciones-2026x09x03-a-1.pdf
2026-09-03,058,ELÍAS PIÑA,ELÍAS PIÑA,MINISTERIO DE AGRICULTURA,EMCV,,,0.0,https://indomet.gob.do/wp-content/uploads/2026/09/temperaturas-extremas-y-precipitaciones-2026x09x03-a-1.pdf
2026-09-03,059,ENRIQUILLO,BARAHONA,MINISTERIO DE AGRICULTURA,EMCV,33.8,24.5,0.0,https://indomet.gob.do/wp-content/uploads/2026/09/temperaturas-extremas-y-precipitaciones-2026x09x03-a-1.pdf
2026-09-03,060,ESCONDIDO,PERAVIA,MINISTERIO DE AGRICULTURA,EMCV,34.0,26.0,0.0,https://indomet.gob.do/wp-content/uploads/2026/09/temperaturas-extremas-y-precipitaciones-2026x09x03-a-1.pdf
2026-09-03,061,GASPAR HERNÁNDEZ,ESPAILLAT,PROPIEDAD DEL EMPLEADO,EMCI,,,0.0,https://indomet.gob.do/wp-content/uploads/2026/09/temperaturas-extremas-y-precipitaciones-2026x09x03-a-1.pdf
2026-09-03,062,GURABO,SANTIAGO,MINISTERIO DE AGRICULTURA,EMCV,,,0.0,https://indomet.gob.do/wp-content/uploads/2026/09/temperaturas-extremas-y-precipitaciones-2026x09x03-a-1.pdf
2026-09-03,063,JANICO (EMA),LA VEGA,PLAN SIERRA,EMAI,,,0.0,https://indomet.gob.do/wp-content/uploads/2026/09/temperaturas-extremas-y-precipitaciones-2026x09x03-a-1.pdf
2026-09-03,064,JARDÍN BOTÁNICO SANTIAGO (EMSANTIAGO,,JARDIN BOTANICO SANTIAGO,EMAI,36.8,27.6,0.0,https://indomet.gob.do/wp-content/uploads/2026/09/temperaturas-extremas-y-precipitaciones-2026x09x03-a-1.pdf
2026-09-03,065,JIMANÍ,INDEPENDENCIA,MINISTERIO DE AGRICULTURA,EMCI,37.2,26.6,0.0,https://indomet.gob.do/wp-content/uploads/2026/09/temperaturas-extremas-y-precipitaciones-2026x09x03-a-1.pdf
2026-09-03,066,JUMA BEJUCAL,MONSEÑOR NOUEL,IDIAF,EMCV,36.4,25.2,0.0,https://indomet.gob.do/wp-content/uploads/2026/09/temperaturas-extremas-y-precipitaciones-2026x09x03-a-1.pdf
2026-09-03,067,LA VEGA,LA VEGA,IATESA,EMCI,37.5,24.0,0.0,https://indomet.gob.do/wp-content/uploads/2026/09/temperaturas-extremas-y-precipitaciones-2026x09x03-a-1.pdf
2026-09-03,068,LAS CANAS (EMA),MONTE CRISTI,PROGRAMA MUNDIAL DE ALIMENTO,EMAP,31.7,22.8,0.0,https://indomet.gob.do/wp-content/uploads/2026/09/temperaturas-extremas-y-precipitaciones-2026x09x03-a-1.pdf
2026-09-03,069,LOS CACICAZGOS (EMA),DISTRITO NACIONAL,PRIVADA,EMAP,,,0.0,https://indomet.gob.do/wp-content/uploads/2026/09/temperaturas-extremas-y-precipitaciones-2026x09x03-a-1.pdf
2026-09-03,070,LOS JARDINES (EMA),DISTRITO NACIONAL,PRIVADA,EMAP,,,0.0,https://indomet.gob.do/wp-content/uploads/2026/09/temperaturas-extremas-y-precipitaciones-2026x09x03-a-1.pdf
2026-09-03,071,LOS JENGIBRES,NAGUA,INDRHI,EMCI,,,0.0,https://indomet.gob.do/wp-content/uploads/2026/09/temperaturas-extremas-y-precipitaciones-2026x09x03-a-1.pdf
2026-09-03,072,LOS TRES CHARCOS (EMA),PEDERNALES,PROPIEDAD DEL VOLUNTARIO,EMAP,31.8,25.7,0.0,https://indomet.gob.do/wp-content/uploads/2026/09/temperaturas-extremas-y-precipitaciones-2026x09x03-a-1.pdf
2026-09-03,073,MAO,VALVERDE,INDRHI / MINISTERIO DE AGRICULTURA,EMCV,,,0.0,https://indomet.gob.do/wp-content/uploads/2026/09/temperaturas-extremas-y-precipitaciones-2026x09x03-a-1.pdf
2026-09-03,074,MICHES (EMA),EL SEIBO,PRIVADA,EMAP,33.1,22.7,0.0,https://indomet.gob.do/wp-content/uploads/2026/09/temperaturas-extremas-y-precipitaciones-2026x09x03-a-1.pdf
2026-09-03,075,MOCA,ESPAILLAT,MINISTERIO DE AGRICULTURA,EMCV,,,0.0,https://indomet.gob.do/wp-content/uploads/2026/09/temperaturas-extremas-y-precipitaciones-2026x09x03-a-1.pdf
2026-09-03,076,MONCIÓN (EMA),SANTIAGO RODRÍGUEZ,PROGRAMA MUNDIAL DE ALIMENTO,EMAP,34.8,21.9,0.0,https://indomet.gob.do/wp-content/uploads/2026/09/temperaturas-extremas-y-precipitaciones-2026x09x03-a-1.pdf
2026-09-03,077,MONTE CRISTI,MONTE CRISTI,INDOMET,EMCI,35.1,24.6,0.0,https://indomet.gob.do/wp-content/uploads/2026/09/temperaturas-extremas-y-precipitaciones-2026x09x03-a-1.pdf
2026-09-03,078,NAVARRETE,SANTIAGO,MINISTERIO DE AGRICULTURA,EMCV,,,0.0,https://indomet.gob.do/wp-content/uploads/2026/09/temperaturas-extremas-y-precipitaciones-2026x09x03-a-1.pdf
2026-09-03,079,OLIVARES,PEDERNALES,INDRHI,EMCI,,,0.0,https://indomet.gob.do/wp-content/uploads/2026/09/temperaturas-extremas-y-precipitaciones-2026x09x03-a-1.pdf
2026-09-03,080,OVIEDO,PEDERNALES,CLÍNICA RURAL OVIEDO,EMCI,34.0,24.8,0.0,https://indomet.gob.do/wp-content/uploads/2026/09/temperaturas-extremas-y-precipitaciones-2026x09x03-a-1.pdf
2026-09-03,081,PALO ÍNDIO,PUERTO PLATA,MINISTERIO DE AGRICULTURA,EMCI,,,0.0,https://indomet.gob.do/wp-content/uploads/2026/09/temperaturas-extremas-y-precipitaciones-2026x09x03-a-1.pdf
2026-09-03,082,PEDERNALES,PEDERNALES,INDRHI,EMCI,,,0.0,https://indomet.gob.do/wp-content/uploads/2026/09/temperaturas-extremas-y-precipitaciones-2026x09x03-a-1.pdf
2026-09-03,083,PERALTA,AZUA,HOSP. MPAL. DE PERALTA,EMCI,33.5,19.5,0.0,https://indomet.gob.do/wp-content/uploads/2026/09/temperaturas-extremas-y-precipitaciones-2026x09x03-a-1.pdf
2026-09-03,084,PRESA DE TAVERAS (EMA),LA VEGA,PROGRAMA MUNDIAL DE ALIMENTO,EMAP,35.3,22.7,0.0,https://indomet.gob.do/wp-content/uploads/2026/09/temperaturas-extremas-y-precipitaciones-2026x09x03-a-1.pdf
2026-09-03,085,PROLONGACION 27 DE FEBRERO,DISTRITO NACIONAL,PRIVADA,EMAP,,,0.0,https://indomet.gob.do/wp-content/uploads/2026/09/temperaturas-extremas-y-precipitaciones-2026x09x03-a-1.pdf
2026-09-03,086,RÍO SAN JUAN,MARÍA TRINIDAD SÁNCHEZ,HOSP. MPAL. DR. DESIDERIO ACOSTA,EMCV,35.8,24.3,0.0,https://indomet.gob.do/wp-content/uploads/2026/09/temperaturas-extremas-y-precipitaciones-2026x09x03-a-1.pdf
2026-09-03,087,SABANA DE LA MAR,HATO MAYOR,INDOMET,EMCI,32.6,22.0,0.0,https://indomet.gob.do/wp-content/uploads/2026/09/temperaturas-extremas-y-precipitaciones-2026x09x03-a-1.pdf
2026-09-03,088,SABANETA (EMA),SANTIAGO RODRÍGUEZ,PROGRAMA MUNDIAL DE ALIMENTO,EMAP,37.2,23.9,0.0,https://indomet.gob.do/wp-content/uploads/2026/09/temperaturas-extremas-y-precipitaciones-2026x09x03-a-1.pdf
2026-09-03,089,SAJOMA (EMA),SANTIAGO,PLAN SIERRA,EMAI,,,0.0,https://indomet.gob.do/wp-content/uploads/2026/09/temperaturas-extremas-y-precipitaciones-2026x09x03-a-1.pdf
2026-09-03,090,SAN CRISTÓBAL,SAN CRISTÓBAL,INSTITUTO POLITÉCNICO LOYOLA,EMCI,33.5,21.5,0.0,https://indomet.gob.do/wp-content/uploads/2026/09/temperaturas-extremas-y-precipitaciones-2026x09x03-a-1.pdf
2026-09-03,091,SAN FRANCISCO DE MACORÍS,DUARTE,San Francisco de Macorís (UASD),EMCI,36.0,23.3,0.0,https://indomet.gob.do/wp-content/uploads/2026/09/temperaturas-extremas-y-precipitaciones-2026x09x03-a-1.pdf
2026-09-03,092,SAN JOSÉ DE OCOA,SAN JOSÉ DE OCOA,HOSP. SAN JOSÉ DE OCOA,EMCI,34.7,22.8,0.0,https://indomet.gob.do/wp-content/uploads/2026/09/temperaturas-extremas-y-precipitaciones-2026x09x03-a-1.pdf
2026-09-03,093,SAN RAFAEL DEL YUMA,LA ALTAGRACIA,MINISTERIO DE AGRICULTURA,EMCI,35.0,23.8,0.0,https://indomet.gob.do/wp-content/uploads/2026/09/temperaturas-extremas-y-precipitaciones-2026x09x03-a-1.pdf
2026-09-03,094,SANTIAGO RODRÍGUEZ,SANTIAGO RODRÍGUEZ,INDOMET,EMCI,37.2,24.1,0.0,https://indomet.gob.do/wp-content/uploads/2026/09/temperaturas-extremas-y-precipitaciones-2026x09x03-a-1.pdf
2026-09-03,095,TAMBORIL,SANTIAGO,MINISTERIO DE AGRICULTURA,EMCV,,,0.0,https://indomet.gob.do/wp-content/uploads/2026/09/temperaturas-extremas-y-precipitaciones-2026x09x03-a-1.pdf
2026-09-03,096,TAVERA,SANTIAGO,INDRHI,EMCI,,,0.0,https://indomet.gob.do/wp-content/uploads/2026/09/temperaturas-extremas-y-precipitaciones-2026x09x03-a-1.pdf
2026-09-03,097,VILLA GONZALES,SANTIAGO,MINISTERIO DE AGRICULTURA,EMCI,,,0.0,https://indomet.gob.do/wp-content/uploads/2026/09/temperaturas-extremas-y-precipitaciones-2026x09x03-a-1.pdf
2026-09-03,098,VILLA ISABELA,PUERTO PLATA,MINISTERIO DE AGRICULTURA,EMCV,33.8,21.0,0.0,https://indomet.gob.do/wp-content/uploads/2026/09/temperaturas-extremas-y-precipitaciones-2026x09x03-a-1.pdf
2026-09-04,001,SABANA GRANDE DE BOYÁ,MONTE PLATA,MINISTERIO DE AGRICULTURA,EMCV,,,4.6,https://indomet.gob.do/wp-content/uploads/2026/09/temperaturas-extremas-y-precipitaciones-2026x09x04-a.pdf
2026-09-04,002,MICHES (EMA),EL SEIBO,PRIVADA,EMAP,32.9,22.7,3.6,https://indomet.gob.do/wp-content/uploads/2026/09/temperaturas-extremas-y-precipitaciones-2026x09x04-a.pdf
2026-09-04,003,PADRE LAS CASAS,AZUA,HOSP. NTRA. SRA. DEL CARMEN,EMCI,33.8,22.0,3.0,https://indomet.gob.do/wp-content/uploads/2026/09/temperaturas-extremas-y-precipitaciones-2026x09x04-a.pdf
2026-09-04,004,SÁNCHEZ,SAMANÁ,MINISTERIO DE AGRICULTURA,EMCI,32.5,23.2,2.4,https://indomet.gob.do/wp-content/uploads/2026/09/temperaturas-extremas-y-precipitaciones-2026x09x04-a.pdf
2026-09-04,005,BAYAGUANA,MONTE PLATA,INDOMET,EMCI,33.6,21.8,1.4,https://indomet.gob.do/wp-content/uploads/2026/09/temperaturas-extremas-y-precipitaciones-2026x09x04-a.pdf
2026-09-04,006,ANAMUYA (EMA),LA ALTAGRACIA,MINISTERIO DE AGRICULTURA,EMAP,34.6,24.2,0.2,https://indomet.gob.do/wp-content/uploads/2026/09/temperaturas-extremas-y-precipitaciones-2026x09x04-a.pdf
2026-09-04,007,JARABACOA,LA VEGA,INDRHI / MARENA,EMCI,34.2,18.4,0.1,https://indomet.gob.do/wp-content/uploads/2026/09/temperaturas-extremas-y-precipitaciones-2026x09x04-a.pdf
2026-09-04,008,LA VICTORIA,SANTO DOMINGO,CUERPO DE BOMBEROS,EMCI,34.0,23.7,0.1,https://indomet.gob.do/wp-content/uploads/2026/09/temperaturas-extremas-y-precipitaciones-2026x09x04-a.pdf
2026-09-04,009,ALTAMIRA,PUERTO PLATA,HOSP. MPAL. DE ALTAMIRA,EMCI,35.3,20.0,0.0,https://indomet.gob.do/wp-content/uploads/2026/09/temperaturas-extremas-y-precipitaciones-2026x09x04-a.pdf
2026-09-04,010,ALTO BANDERA (EMA),LA VEGA,INTEC,EMAP,19.4,12.1,0.0,https://indomet.gob.do/wp-content/uploads/2026/09/temperaturas-extremas-y-precipitaciones-2026x09x04-a.pdf
2026-09-04,011,ARPT. ARROYO BARRIL,SAMANÁ,INDOMET,EMCI,34.0,23.5,0.0,https://indomet.gob.do/wp-content/uploads/2026/09/temperaturas-extremas-y-precipitaciones-2026x09x04-a.pdf
2026-09-04,012,ARPT. DE LA ROMANA,LA ROMANA,INDOMET,EMCI,34.8,21.6,0.0,https://indomet.gob.do/wp-content/uploads/2026/09/temperaturas-extremas-y-precipitaciones-2026x09x04-a.pdf
2026-09-04,013,ARPT. DE LAS AMÉRICAS,SANTO DOMINGO,INDOMET,EMCI,32.8,23.2,0.0,https://indomet.gob.do/wp-content/uploads/2026/09/temperaturas-extremas-y-precipitaciones-2026x09x04-a.pdf
2026-09-04,014,ARPT. DE PUNTA CANA,LA ALTAGRACIA,INDOMET,EMCI,32.3,25.0,0.0,https://indomet.gob.do/wp-content/uploads/2026/09/temperaturas-extremas-y-precipitaciones-2026x09x04-a.pdf
2026-09-04,015,ARPT. DEL CIBAO,SANTIAGO,INDOMET,EMCI,36.2,23.2,0.0,https://indomet.gob.do/wp-content/uploads/2026/09/temperaturas-extremas-y-precipitaciones-2026x09x04-a.pdf
2026-09-04,016,ARPT. EL CATEY,SAMANÁ,INDOMET,EMCI,33.2,22.5,0.0,https://indomet.gob.do/wp-content/uploads/2026/09/temperaturas-extremas-y-precipitaciones-2026x09x04-a.pdf
2026-09-04,017,ARPT. GREGORIO LUPERÓN,PUERTO PLATA,INDOMET,EMCI,33.0,23.7,0.0,https://indomet.gob.do/wp-content/uploads/2026/09/temperaturas-extremas-y-precipitaciones-2026x09x04-a.pdf
2026-09-04,018,ARPT. LA ISABELA,SANTO DOMINGO,INDOMET,EMCI,33.5,22.0,0.0,https://indomet.gob.do/wp-content/uploads/2026/09/temperaturas-extremas-y-precipitaciones-2026x09x04-a.pdf
2026-09-04,019,ARPT. MARÍA MONTEZ,BARAHONA,INDOMET,EMCI,33.6,27.3,0.0,https://indomet.gob.do/wp-content/uploads/2026/09/temperaturas-extremas-y-precipitaciones-2026x09x04-a.pdf
2026-09-04,020,ARROYO LORO,SAN JUAN,IDIAF,EMCI,37.0,23.5,0.0,https://indomet.gob.do/wp-content/uploads/2026/09/temperaturas-extremas-y-precipitaciones-2026x09x04-a.pdf
2026-09-04,021,BANI (EMA),PERAVIA,MINISTERIO DE AGRICULTURA,EMAP,,,0.0,https://indomet.gob.do/wp-content/uploads/2026/09/temperaturas-extremas-y-precipitaciones-2026x09x04-a.pdf
2026-09-04,022,BASE AÉREA DE SAN ISIDRO,SANTO DOMINGO,FUERZA AÉREA DOMINICANA,EMCV,32.4,23.1,0.0,https://indomet.gob.do/wp-content/uploads/2026/09/temperaturas-extremas-y-precipitaciones-2026x09x04-a.pdf
2026-09-04,023,BOCA DE MAO (EMA),VALVERDE,MINISTERIO DE AGRICULTURA,EMAP,,,0.0,https://indomet.gob.do/wp-content/uploads/2026/09/temperaturas-extremas-y-precipitaciones-2026x09x04-a.pdf
2026-09-04,024,BUCARA (EMA),SANTIAGO,MINISTERIO DE AGRICULTURA,EMAI,,,0.0,https://indomet.gob.do/wp-content/uploads/2026/09/temperaturas-extremas-y-precipitaciones-2026x09x04-a.pdf
2026-09-04,025,CABRAL,BARAHONA,MINISTERIO DE AGRICULTURA,EMCV,34.8,25.3,0.0,https://indomet.gob.do/wp-content/uploads/2026/09/temperaturas-extremas-y-precipitaciones-2026x09x04-a.pdf
2026-09-04,026,CENTRO DE LOS HEROES (EMA),DISTRITO NACIONAL,MINISTERIO DE ENERGIA Y MINA,EMAP,33.1,27.0,0.0,https://indomet.gob.do/wp-content/uploads/2026/09/temperaturas-extremas-y-precipitaciones-2026x09x04-a.pdf
2026-09-04,027,CONSTANZA,LA VEGA,MINISTERIO DE AGRICULTURA,EMCI,29.5,14.5,0.0,https://indomet.gob.do/wp-content/uploads/2026/09/temperaturas-extremas-y-precipitaciones-2026x09x04-a.pdf
2026-09-04,028,CONSTANZA (EMA),LA VEGA,PROGRAMA MUNDIAL DE ALIMENTO,EMAP,28.3,15.5,0.0,https://indomet.gob.do/wp-content/uploads/2026/09/temperaturas-extremas-y-precipitaciones-2026x09x04-a.pdf
2026-09-04,029,COTUÍ (EMA),SÁNCHEZ RAMÍREZ,HOSP. INMACULADA CONCEPCIÓN,EMCV,36.1,25.6,0.0,https://indomet.gob.do/wp-content/uploads/2026/09/temperaturas-extremas-y-precipitaciones-2026x09x04-a.pdf
2026-09-04,030,DAJABÓN,DAJABÓN,INSTITUTO POLITÉCNICO LOYOLA,EMCI,37.6,22.5,0.0,https://indomet.gob.do/wp-content/uploads/2026/09/temperaturas-extremas-y-precipitaciones-2026x09x04-a.pdf
2026-09-04,031,EL FACTOR (EMA),MARÍA TRINIDAD SÁNCHEZ,INTEC,EMAP,34.1,23.8,0.0,https://indomet.gob.do/wp-content/uploads/2026/09/temperaturas-extremas-y-precipitaciones-2026x09x04-a.pdf
2026-09-04,032,EL MILLON (EMA),DISTRITO NACIONAL,PRIVADA,EMAP,,,0.0,https://indomet.gob.do/wp-content/uploads/2026/09/temperaturas-extremas-y-precipitaciones-2026x09x04-a.pdf
2026-09-04,033,ELÍAS PIÑA,ELÍAS PIÑA,MINISTERIO DE AGRICULTURA,EMCV,,,0.0,https://indomet.gob.do/wp-content/uploads/2026/09/temperaturas-extremas-y-precipitaciones-2026x09x04-a.pdf
2026-09-04,034,ENRIQUILLO,BARAHONA,MINISTERIO DE AGRICULTURA,EMCV,34.0,24.5,0.0,https://indomet.gob.do/wp-content/uploads/2026/09/temperaturas-extremas-y-precipitaciones-2026x09x04-a.pdf
2026-09-04,035,ENSANCHE LA FE (EMA),DISTRITO NACIONAL,PRIVADA,EMAP,,,0.0,https://indomet.gob.do/wp-content/uploads/2026/09/temperaturas-extremas-y-precipitaciones-2026x09x04-a.pdf
2026-09-04,036,ESCONDIDO,PERAVIA,MINISTERIO DE AGRICULTURA,EMCV,34.0,24.0,0.0,https://indomet.gob.do/wp-content/uploads/2026/09/temperaturas-extremas-y-precipitaciones-2026x09x04-a.pdf
2026-09-04,037,GASPAR HERNÁNDEZ,ESPAILLAT,PROPIEDAD DEL EMPLEADO,EMCI,,,0.0,https://indomet.gob.do/wp-content/uploads/2026/09/temperaturas-extremas-y-precipitaciones-2026x09x04-a.pdf
2026-09-04,038,GURABO,SANTIAGO,MINISTERIO DE AGRICULTURA,EMCV,,,0.0,https://indomet.gob.do/wp-content/uploads/2026/09/temperaturas-extremas-y-precipitaciones-2026x09x04-a.pdf
2026-09-04,039,HONDO VALLE,ELÍAS PIÑA,MINISTERIO DE AGRICULTURA,EMCI,29.1,19.0,0.0,https://indomet.gob.do/wp-content/uploads/2026/09/temperaturas-extremas-y-precipitaciones-2026x09x04-a.pdf
2026-09-04,040,JARDÍN BOTÁNICO SANTIAGO (EMSANTIAGO,,JARDIN BOTANICO SANTIAGO,EMAI,37.2,25.7,0.0,https://indomet.gob.do/wp-content/uploads/2026/09/temperaturas-extremas-y-precipitaciones-2026x09x04-a.pdf
2026-09-04,041,JIMANÍ,INDEPENDENCIA,MINISTERIO DE AGRICULTURA,EMCI,38.0,26.4,0.0,https://indomet.gob.do/wp-content/uploads/2026/09/temperaturas-extremas-y-precipitaciones-2026x09x04-a.pdf
2026-09-04,042,JUMA BEJUCAL,MONSEÑOR NOUEL,IDIAF,EMCV,35.6,25.4,0.0,https://indomet.gob.do/wp-content/uploads/2026/09/temperaturas-extremas-y-precipitaciones-2026x09x04-a.pdf
2026-09-04,043,LA AGUSTINA (EMA),DISTRITO NACIONAL,PRIVADA,EMAP,,,0.0,https://indomet.gob.do/wp-content/uploads/2026/09/temperaturas-extremas-y-precipitaciones-2026x09x04-a.pdf
2026-09-04,044,LA VEGA,LA VEGA,IATESA,EMCI,37.0,24.0,0.0,https://indomet.gob.do/wp-content/uploads/2026/09/temperaturas-extremas-y-precipitaciones-2026x09x04-a.pdf
2026-09-04,045,LAS CANAS (EMA),MONTE CRISTI,PROGRAMA MUNDIAL DE ALIMENTO,EMAP,31.9,25.3,0.0,https://indomet.gob.do/wp-content/uploads/2026/09/temperaturas-extremas-y-precipitaciones-2026x09x04-a.pdf
2026-09-04,046,LOS CACICAZGOS (EMA),DISTRITO NACIONAL,PRIVADA,EMAP,,,0.0,https://indomet.gob.do/wp-content/uploads/2026/09/temperaturas-extremas-y-precipitaciones-2026x09x04-a.pdf
2026-09-04,047,LOS COCOS (EMA),BAHORUCO,PRIVADA,EMAP,,,0.0,https://indomet.gob.do/wp-content/uploads/2026/09/temperaturas-extremas-y-precipitaciones-2026x09x04-a.pdf
2026-09-04,048,LOS JARDINES (EMA),DISTRITO NACIONAL,PRIVADA,EMAP,,,0.0,https://indomet.gob.do/wp-content/uploads/2026/09/temperaturas-extremas-y-precipitaciones-2026x09x04-a.pdf
2026-09-04,049,LOS LLANOS,SAN PEDRO DE MACORÍS,MINISTERIO DE AGRICULTURA,EMCI,33.4,22.5,0.0,https://indomet.gob.do/wp-content/uploads/2026/09/temperaturas-extremas-y-precipitaciones-2026x09x04-a.pdf
2026-09-04,050,LOS PRADOS (EMA),DISTRITO NACIONAL,PRIVADA,EMAP,,,0.0,https://indomet.gob.do/wp-content/uploads/2026/09/temperaturas-extremas-y-precipitaciones-2026x09x04-a.pdf
2026-09-04,051,MAO,VALVERDE,INDRHI / MINISTERIO DE AGRICULTURA,EMCV,,,0.0,https://indomet.gob.do/wp-content/uploads/2026/09/temperaturas-extremas-y-precipitaciones-2026x09x04-a.pdf
2026-09-04,052,MONCIÓN (EMA),SANTIAGO RODRÍGUEZ,PROGRAMA MUNDIAL DE ALIMENTO,EMAP,35.6,22.2,0.0,https://indomet.gob.do/wp-content/uploads/2026/09/temperaturas-extremas-y-precipitaciones-2026x09x04-a.pdf
2026-09-04,053,MONTE CRISTI,MONTE CRISTI,INDOMET,EMCI,35.3,24.9,0.0,https://indomet.gob.do/wp-content/uploads/2026/09/temperaturas-extremas-y-precipitaciones-2026x09x04-a.pdf
2026-09-04,054,NAVARRETE,SANTIAGO,MINISTERIO DE AGRICULTURA,EMCV,,,0.0,https://indomet.gob.do/wp-content/uploads/2026/09/temperaturas-extremas-y-precipitaciones-2026x09x04-a.pdf
2026-09-04,055,OLIVARES,PEDERNALES,INDRHI,EMCI,,,0.0,https://indomet.gob.do/wp-content/uploads/2026/09/temperaturas-extremas-y-precipitaciones-2026x09x04-a.pdf
2026-09-04,056,OVIEDO,PEDERNALES,CLÍNICA RURAL OVIEDO,EMCI,34.4,25.0,0.0,https://indomet.gob.do/wp-content/uploads/2026/09/temperaturas-extremas-y-precipitaciones-2026x09x04-a.pdf
2026-09-04,057,PALO ÍNDIO,PUERTO PLATA,MINISTERIO DE AGRICULTURA,EMCI,,,0.0,https://indomet.gob.do/wp-content/uploads/2026/09/temperaturas-extremas-y-precipitaciones-2026x09x04-a.pdf
2026-09-04,058,PEDERNALES,PEDERNALES,INDRHI,EMCI,,,0.0,https://indomet.gob.do/wp-content/uploads/2026/09/temperaturas-extremas-y-precipitaciones-2026x09x04-a.pdf
2026-09-04,059,PERALTA,AZUA,HOSP. MPAL. DE PERALTA,EMCI,33.6,20.0,0.0,https://indomet.gob.do/wp-content/uploads/2026/09/temperaturas-extremas-y-precipitaciones-2026x09x04-a.pdf
2026-09-04,060,POLO,BARAHONA,INDOCAFE,EMCI,30.2,18.0,0.0,https://indomet.gob.do/wp-content/uploads/2026/09/temperaturas-extremas-y-precipitaciones-2026x09x04-a.pdf
2026-09-04,061,PRESA DE TAVERAS (EMA),LA VEGA,PROGRAMA MUNDIAL DE ALIMENTO,EMAP,34.9,23.1,0.0,https://indomet.gob.do/wp-content/uploads/2026/09/temperaturas-extremas-y-precipitaciones-2026x09x04-a.pdf
2026-09-04,062,PROLONGACION 27 DE FEBRERO,DISTRITO NACIONAL,PRIVADA,EMAP,,,0.0,https://indomet.gob.do/wp-content/uploads/2026/09/temperaturas-extremas-y-precipitaciones-2026x09x04-a.pdf
2026-09-04,063,RANCHO ARRIBA,SAN JOSÉ DE OCOA,CENTRO TECNOLÓGICO COMUNITARIO,EMCI,33.8,19.6,0.0,https://indomet.gob.do/wp-content/uploads/2026/09/temperaturas-extremas-y-precipitaciones-2026x09x04-a.pdf
2026-09-04,064,RESTAURACIÓN,DAJABÓN,MINISTERIO DE AGRICULTURA,EMCI,31.2,19.1,0.0,https://indomet.gob.do/wp-content/uploads/2026/09/temperaturas-extremas-y-precipitaciones-2026x09x04-a.pdf
2026-09-04,065,RÍO SAN JUAN,MARÍA TRINIDAD SÁNCHEZ,HOSP. MPAL. DR. DESIDERIO ACOSTA,EMCV,36.0,25.5,0.0,https://indomet.gob.do/wp-content/uploads/2026/09/temperaturas-extremas-y-precipitaciones-2026x09x04-a.pdf
2026-09-04,066,SABANA DE LA MAR,HATO MAYOR,INDOMET,EMCI,33.0,23.0,0.0,https://indomet.gob.do/wp-content/uploads/2026/09/temperaturas-extremas-y-precipitaciones-2026x09x04-a.pdf
2026-09-04,067,SABANETA (EMA),SANTIAGO RODRÍGUEZ,PROGRAMA MUNDIAL DE ALIMENTO,EMAP,38.2,24.6,0.0,https://indomet.gob.do/wp-content/uploads/2026/09/temperaturas-extremas-y-precipitaciones-2026x09x04-a.pdf
2026-09-04,068,SAJOMA (EMA),SANTIAGO,PLAN SIERRA,EMAI,34.4,21.7,0.0,https://indomet.gob.do/wp-content/uploads/2026/09/temperaturas-extremas-y-precipitaciones-2026x09x04-a.pdf
2026-09-04,069,SALCEDO,HERMANAS MIRABAL,PROPIEDAD DEL EMPLEADO,EMCI,,,0.0,https://indomet.gob.do/wp-content/uploads/2026/09/temperaturas-extremas-y-precipitaciones-2026x09x04-a.pdf
2026-09-04,070,SAMANÁ,SAMANÁ,COMANDANCIA DE PUERTO DE SAMANÁ,EMCI,34.7,16.9,0.0,https://indomet.gob.do/wp-content/uploads/2026/09/temperaturas-extremas-y-precipitaciones-2026x09x04-a.pdf
2026-09-04,071,SAN CRISTÓBAL,SAN CRISTÓBAL,INSTITUTO POLITÉCNICO LOYOLA,EMCI,33.5,22.2,0.0,https://indomet.gob.do/wp-content/uploads/2026/09/temperaturas-extremas-y-precipitaciones-2026x09x04-a.pdf
2026-09-04,072,SAN JOSÉ DE OCOA,SAN JOSÉ DE OCOA,HOSP. SAN JOSÉ DE OCOA,EMCI,35.3,23.4,0.0,https://indomet.gob.do/wp-content/uploads/2026/09/temperaturas-extremas-y-precipitaciones-2026x09x04-a.pdf
2026-09-04,073,SAN RAFAEL DEL YUMA,LA ALTAGRACIA,MINISTERIO DE AGRICULTURA,EMCI,34.7,24.4,0.0,https://indomet.gob.do/wp-content/uploads/2026/09/temperaturas-extremas-y-precipitaciones-2026x09x04-a.pdf
2026-09-04,074,SANTIAGO RODRÍGUEZ,SANTIAGO RODRÍGUEZ,INDOMET,EMCI,38.1,25.0,0.0,https://indomet.gob.do/wp-content/uploads/2026/09/temperaturas-extremas-y-precipitaciones-2026x09x04-a.pdf
2026-09-04,075,SANTO DOMINGO ESTE,SANTO DOMINGO,INDOMET,EMCI,33.0,25.5,0.0,https://indomet.gob.do/wp-content/uploads/2026/09/temperaturas-extremas-y-precipitaciones-2026x09x04-a.pdf
2026-09-04,076,TÁBARA ABAJO,AZUA,INDRHI,EMCI,35.5,23.0,0.0,https://indomet.gob.do/wp-content/uploads/2026/09/temperaturas-extremas-y-precipitaciones-2026x09x04-a.pdf
2026-09-04,077,VALLE NUEVO (EMA),LA VEGA,MARENA,EMAI,23.1,6.4,0.0,https://indomet.gob.do/wp-content/uploads/2026/09/temperaturas-extremas-y-precipitaciones-2026x09x04-a.pdf
2026-09-04,078,VILLA ALTAGRACIA,SAN CRISTÓBAL,ESCUELA JAVIER ANGULO GURIDI,EMCI,,,0.0,https://indomet.gob.do/wp-content/uploads/2026/09/temperaturas-extremas-y-precipitaciones-2026x09x04-a.pdf
2026-09-04,079,VILLA GONZALE (EMA),SANTIAGO,IGLESIA,EMAI,,,0.0,https://indomet.gob.do/wp-content/uploads/2026/09/temperaturas-extremas-y-precipitaciones-2026x09x04-a.pdf
2026-09-04,080,VILLA GONZALES,SANTIAGO,MINISTERIO DE AGRICULTURA,EMCI,,,0.0,https://indomet.gob.do/wp-content/uploads/2026/09/temperaturas-extremas-y-precipitaciones-2026x09x04-a.pdf
2026-09-04,081,VILLA RIVA,DUARTE,HOSP. MPAL. ALICIA DE LEGENDRE,EMCI,34.4,23.2,0.0,https://indomet.gob.do/wp-content/uploads/2026/09/temperaturas-extremas-y-precipitaciones-2026x09x04-a.pdf
2026-09-04,082,VILLA VASQUEZ (EMA),MONTE CRISTI,JUNTA DE REGANTES,EMAI,,,0.0,https://indomet.gob.do/wp-content/uploads/2026/09/temperaturas-extremas-y-precipitaciones-2026x09x04-a.pdf
2026-09-05,001,BAVARO (EMA),LA ALTAGRACIA,PRIVADA,,,,19.0,https://indomet.gob.do/wp-content/uploads/2026/09/temperaturas-extremas-y-precipitaciones-2026x09x05-a.pdf
2026-09-05,002,ARPT. DE PUNTA CANA,LA ALTAGRACIA,INDOMET,EMCI,32.5,24.5,15.8,https://indomet.gob.do/wp-content/uploads/2026/09/temperaturas-extremas-y-precipitaciones-2026x09x05-a.pdf
2026-09-05,003,LOYOLA (EMA),SAN CRISTÓBAL,PRIVADA,EMAP,,,9.0,https://indomet.gob.do/wp-content/uploads/2026/09/temperaturas-extremas-y-precipitaciones-2026x09x05-a.pdf
2026-09-05,004,PROLONGACION 27 DE FEBRERO,DISTRITO NACIONAL,PRIVADA,EMAP,,,2.4,https://indomet.gob.do/wp-content/uploads/2026/09/temperaturas-extremas-y-precipitaciones-2026x09x05-a.pdf
2026-09-05,005,LOS PRADOS (EMA),DISTRITO NACIONAL,PRIVADA,EMAP,,,2.3,https://indomet.gob.do/wp-content/uploads/2026/09/temperaturas-extremas-y-precipitaciones-2026x09x05-a.pdf
2026-09-05,006,CENTRO DE LOS HEROES (EMA),DISTRITO NACIONAL,MINISTERIO DE ENERGIA Y MINA,EMAP,33.2,27.7,2.2,https://indomet.gob.do/wp-content/uploads/2026/09/temperaturas-extremas-y-precipitaciones-2026x09x05-a.pdf
2026-09-05,007,SAN CRISTÓBAL,SAN CRISTÓBAL,INSTITUTO POLITÉCNICO LOYOLA,EMCI,34.0,24.2,2.2,https://indomet.gob.do/wp-content/uploads/2026/09/temperaturas-extremas-y-precipitaciones-2026x09x05-a.pdf
2026-09-05,008,SAN RAFAEL DEL YUMA,LA ALTAGRACIA,MINISTERIO DE AGRICULTURA,EMCI,35.2,25.5,1.6,https://indomet.gob.do/wp-content/uploads/2026/09/temperaturas-extremas-y-precipitaciones-2026x09x05-a.pdf
2026-09-05,009,BELLA VISTA (EMA),DISTRITO NACIONAL,PRIVADA,EMAP,,,1.5,https://indomet.gob.do/wp-content/uploads/2026/09/temperaturas-extremas-y-precipitaciones-2026x09x05-a.pdf
2026-09-05,010,LOS CACICAZGOS (EMA),DISTRITO NACIONAL,PRIVADA,EMAP,,,1.5,https://indomet.gob.do/wp-content/uploads/2026/09/temperaturas-extremas-y-precipitaciones-2026x09x05-a.pdf
2026-09-05,011,ARPT. ARROYO BARRIL,SAMANÁ,INDOMET,EMCI,35.0,23.0,1.0,https://indomet.gob.do/wp-content/uploads/2026/09/temperaturas-extremas-y-precipitaciones-2026x09x05-a.pdf
2026-09-05,012,EL MILLON (EMA),DISTRITO NACIONAL,PRIVADA,EMAP,,,0.8,https://indomet.gob.do/wp-content/uploads/2026/09/temperaturas-extremas-y-precipitaciones-2026x09x05-a.pdf
2026-09-05,013,LOS JARDINES (EMA),DISTRITO NACIONAL,PRIVADA,EMAP,,,0.6,https://indomet.gob.do/wp-content/uploads/2026/09/temperaturas-extremas-y-precipitaciones-2026x09x05-a.pdf
2026-09-05,014,BAYAGUANA,MONTE PLATA,INDOMET,EMCI,34.0,22.2,0.1,https://indomet.gob.do/wp-content/uploads/2026/09/temperaturas-extremas-y-precipitaciones-2026x09x05-a.pdf
2026-09-05,015,ELÍAS PIÑA,ELÍAS PIÑA,MINISTERIO DE AGRICULTURA,EMCV,,,0.1,https://indomet.gob.do/wp-content/uploads/2026/09/temperaturas-extremas-y-precipitaciones-2026x09x05-a.pdf
2026-09-05,016,ENRIQUILLO,BARAHONA,MINISTERIO DE AGRICULTURA,EMCV,34.0,24.4,0.1,https://indomet.gob.do/wp-content/uploads/2026/09/temperaturas-extremas-y-precipitaciones-2026x09x05-a.pdf
2026-09-05,017,OVIEDO,PEDERNALES,CLÍNICA RURAL OVIEDO,EMCI,34.5,24.6,0.1,https://indomet.gob.do/wp-content/uploads/2026/09/temperaturas-extremas-y-precipitaciones-2026x09x05-a.pdf
2026-09-05,018,SABANA GRANDE DE BOYÁ,MONTE PLATA,MINISTERIO DE AGRICULTURA,EMCV,,,0.1,https://indomet.gob.do/wp-content/uploads/2026/09/temperaturas-extremas-y-precipitaciones-2026x09x05-a.pdf
2026-09-05,019,CABRAL,BARAHONA,MINISTERIO DE AGRICULTURA,EMCV,35.0,25.1,0.0,https://indomet.gob.do/wp-content/uploads/2026/09/temperaturas-extremas-y-precipitaciones-2026x09x05-a.pdf
2026-09-05,020,ALTAMIRA,PUERTO PLATA,HOSP. MPAL. DE ALTAMIRA,EMCI,38.3,22.9,0.0,https://indomet.gob.do/wp-content/uploads/2026/09/temperaturas-extremas-y-precipitaciones-2026x09x05-a.pdf
2026-09-05,021,ALTO BANDERA (EMA),LA VEGA,INTEC,EMAP,20.8,10.3,0.0,https://indomet.gob.do/wp-content/uploads/2026/09/temperaturas-extremas-y-precipitaciones-2026x09x05-a.pdf
2026-09-05,022,ANAMUYA (EMA),LA ALTAGRACIA,MINISTERIO DE AGRICULTURA,EMAP,34.8,25.9,0.0,https://indomet.gob.do/wp-content/uploads/2026/09/temperaturas-extremas-y-precipitaciones-2026x09x05-a.pdf
2026-09-05,023,ARPT. DE LA ROMANA,LA ROMANA,INDOMET,EMCI,35.6,22.0,0.0,https://indomet.gob.do/wp-content/uploads/2026/09/temperaturas-extremas-y-precipitaciones-2026x09x05-a.pdf
2026-09-05,024,ARPT. DE LAS AMÉRICAS,SANTO DOMINGO,INDOMET,EMCI,32.5,23.6,0.0,https://indomet.gob.do/wp-content/uploads/2026/09/temperaturas-extremas-y-precipitaciones-2026x09x05-a.pdf
2026-09-05,025,ARPT. DEL CIBAO,SANTIAGO,INDOMET,EMCI,37.0,23.2,0.0,https://indomet.gob.do/wp-content/uploads/2026/09/temperaturas-extremas-y-precipitaciones-2026x09x05-a.pdf
2026-09-05,026,ARPT. EL CATEY,SAMANÁ,INDOMET,EMCI,33.5,22.0,0.0,https://indomet.gob.do/wp-content/uploads/2026/09/temperaturas-extremas-y-precipitaciones-2026x09x05-a.pdf
2026-09-05,027,ARPT. GREGORIO LUPERÓN,PUERTO PLATA,INDOMET,EMCI,33.0,23.0,0.0,https://indomet.gob.do/wp-content/uploads/2026/09/temperaturas-extremas-y-precipitaciones-2026x09x05-a.pdf
2026-09-05,028,ARPT. LA ISABELA,SANTO DOMINGO,INDOMET,EMCI,34.6,21.9,0.0,https://indomet.gob.do/wp-content/uploads/2026/09/temperaturas-extremas-y-precipitaciones-2026x09x05-a.pdf
2026-09-05,029,ARPT. MARÍA MONTEZ,BARAHONA,INDOMET,EMCI,33.4,27.1,0.0,https://indomet.gob.do/wp-content/uploads/2026/09/temperaturas-extremas-y-precipitaciones-2026x09x05-a.pdf
2026-09-05,030,ARROYO LORO,SAN JUAN,IDIAF,EMCI,37.0,22.0,0.0,https://indomet.gob.do/wp-content/uploads/2026/09/temperaturas-extremas-y-precipitaciones-2026x09x05-a.pdf
2026-09-05,031,BANI (EMA),PERAVIA,MINISTERIO DE AGRICULTURA,EMAP,33.7,26.4,0.0,https://indomet.gob.do/wp-content/uploads/2026/09/temperaturas-extremas-y-precipitaciones-2026x09x05-a.pdf
2026-09-05,032,BASE AÉREA DE SAN ISIDRO,SANTO DOMINGO,FUERZA AÉREA DOMINICANA,EMCV,30.5,23.3,0.0,https://indomet.gob.do/wp-content/uploads/2026/09/temperaturas-extremas-y-precipitaciones-2026x09x05-a.pdf
2026-09-05,033,BOCA DE MAO (EMA),VALVERDE,MINISTERIO DE AGRICULTURA,EMAP,38.4,25.1,0.0,https://indomet.gob.do/wp-content/uploads/2026/09/temperaturas-extremas-y-precipitaciones-2026x09x05-a.pdf
2026-09-05,034,CABRERA,MARÍA TRINIDAD SÁNCHEZ,ESCUELA ARÍSTIDES FIALLO CABRAL,EMCI,35.0,26.2,0.0,https://indomet.gob.do/wp-content/uploads/2026/09/temperaturas-extremas-y-precipitaciones-2026x09x05-a.pdf
2026-09-05,035,CONSTANZA,LA VEGA,MINISTERIO DE AGRICULTURA,EMCI,31.0,13.2,0.0,https://indomet.gob.do/wp-content/uploads/2026/09/temperaturas-extremas-y-precipitaciones-2026x09x05-a.pdf
2026-09-05,036,CONSTANZA (EMA),LA VEGA,PROGRAMA MUNDIAL DE ALIMENTO,EMAP,30.7,14.6,0.0,https://indomet.gob.do/wp-content/uploads/2026/09/temperaturas-extremas-y-precipitaciones-2026x09x05-a.pdf
2026-09-05,037,DAJABÓN,DAJABÓN,INSTITUTO POLITÉCNICO LOYOLA,EMCI,36.1,23.0,0.0,https://indomet.gob.do/wp-content/uploads/2026/09/temperaturas-extremas-y-precipitaciones-2026x09x05-a.pdf
2026-09-05,038,EL FACTOR (EMA),MARÍA TRINIDAD SÁNCHEZ,INTEC,EMAP,34.4,24.7,0.0,https://indomet.gob.do/wp-content/uploads/2026/09/temperaturas-extremas-y-precipitaciones-2026x09x05-a.pdf
2026-09-05,039,ENSANCHE LA FE (EMA),DISTRITO NACIONAL,PRIVADA,EMAP,,,0.0,https://indomet.gob.do/wp-content/uploads/2026/09/temperaturas-extremas-y-precipitaciones-2026x09x05-a.pdf
2026-09-05,040,ESCONDIDO,PERAVIA,MINISTERIO DE AGRICULTURA,EMCV,33.0,24.0,0.0,https://indomet.gob.do/wp-content/uploads/2026/09/temperaturas-extremas-y-precipitaciones-2026x09x05-a.pdf
2026-09-05,041,GASPAR HERNÁNDEZ,ESPAILLAT,PROPIEDAD DEL EMPLEADO,EMCI,,,0.0,https://indomet.gob.do/wp-content/uploads/2026/09/temperaturas-extremas-y-precipitaciones-2026x09x05-a.pdf
2026-09-05,042,GURABO,SANTIAGO,MINISTERIO DE AGRICULTURA,EMCV,,,0.0,https://indomet.gob.do/wp-content/uploads/2026/09/temperaturas-extremas-y-precipitaciones-2026x09x05-a.pdf
2026-09-05,043,HATO MAYOR,HATO MAYOR,MINISTERIO DE AGRICULTURA,EMCV,,,0.0,https://indomet.gob.do/wp-content/uploads/2026/09/temperaturas-extremas-y-precipitaciones-2026x09x05-a.pdf
2026-09-05,044,HONDO VALLE,ELÍAS PIÑA,MINISTERIO DE AGRICULTURA,EMCI,29.9,20.8,0.0,https://indomet.gob.do/wp-content/uploads/2026/09/temperaturas-extremas-y-precipitaciones-2026x09x05-a.pdf
2026-09-05,045,JARABACOA,LA VEGA,INDRHI / MARENA,EMCI,35.6,19.0,0,https://indomet.gob.do/wp-content/uploads/2026/09/temperaturas-extremas-y-precipitaciones-2026x09x05-a.pdf
2026-09-05,046,JIMANÍ,INDEPENDENCIA,MINISTERIO DE AGRICULTURA,EMCI,38.5,27.5,0.0,https://indomet.gob.do/wp-content/uploads/2026/09/temperaturas-extremas-y-precipitaciones-2026x09x05-a.pdf
2026-09-05,047,JUMA BEJUCAL,MONSEÑOR NOUEL,IDIAF,EMCV,36.0,25.8,0.0,https://indomet.gob.do/wp-content/uploads/2026/09/temperaturas-extremas-y-precipitaciones-2026x09x05-a.pdf
2026-09-05,048,LA AGUSTINA (EMA),DISTRITO NACIONAL,PRIVADA,EMAP,,,0.0,https://indomet.gob.do/wp-content/uploads/2026/09/temperaturas-extremas-y-precipitaciones-2026x09x05-a.pdf
2026-09-05,049,LA VEGA,LA VEGA,IATESA,EMCI,38.0,24.5,0.0,https://indomet.gob.do/wp-content/uploads/2026/09/temperaturas-extremas-y-precipitaciones-2026x09x05-a.pdf
2026-09-05,050,LA VICTORIA,SANTO DOMINGO,CUERPO DE BOMBEROS,EMCI,35.0,25.7,0.0,https://indomet.gob.do/wp-content/uploads/2026/09/temperaturas-extremas-y-precipitaciones-2026x09x05-a.pdf
2026-09-05,051,LAS CANAS (EMA),MONTE CRISTI,PROGRAMA MUNDIAL DE ALIMENTO,EMAP,32.9,25.6,0.0,https://indomet.gob.do/wp-content/uploads/2026/09/temperaturas-extremas-y-precipitaciones-2026x09x05-a.pdf
2026-09-05,052,LOS COCOS (EMA),BAHORUCO,PRIVADA,EMAP,,,0.0,https://indomet.gob.do/wp-content/uploads/2026/09/temperaturas-extremas-y-precipitaciones-2026x09x05-a.pdf
2026-09-05,053,LOS LLANOS,SAN PEDRO DE MACORÍS,MINISTERIO DE AGRICULTURA,EMCI,33.4,24.5,0.0,https://indomet.gob.do/wp-content/uploads/2026/09/temperaturas-extremas-y-precipitaciones-2026x09x05-a.pdf
2026-09-05,054,LOS TRES CHARCOS (EMA),PEDERNALES,PROPIEDAD DEL VOLUNTARIO,EMAP,,,0.0,https://indomet.gob.do/wp-content/uploads/2026/09/temperaturas-extremas-y-precipitaciones-2026x09x05-a.pdf
2026-09-05,055,LUPERÓN,PUERTO PLATA,MINISTERIO DE AGRICULTURA,EMCV,,,0.0,https://indomet.gob.do/wp-content/uploads/2026/09/temperaturas-extremas-y-precipitaciones-2026x09x05-a.pdf
2026-09-05,056,MAO,VALVERDE,INDRHI / MINISTERIO DE AGRICULTURA,EMCV,,,0.0,https://indomet.gob.do/wp-content/uploads/2026/09/temperaturas-extremas-y-precipitaciones-2026x09x05-a.pdf
2026-09-05,057,MICHES (EMA),EL SEIBO,PRIVADA,EMAP,33.9,25.3,0.0,https://indomet.gob.do/wp-content/uploads/2026/09/temperaturas-extremas-y-precipitaciones-2026x09x05-a.pdf
2026-09-05,058,MONCIÓN (EMA),SANTIAGO RODRÍGUEZ,PROGRAMA MUNDIAL DE ALIMENTO,EMAP,33.8,24.5,0.0,https://indomet.gob.do/wp-content/uploads/2026/09/temperaturas-extremas-y-precipitaciones-2026x09x05-a.pdf
2026-09-05,059,MONTE CRISTI,MONTE CRISTI,INDOMET,EMCI,35.2,26.0,0.0,https://indomet.gob.do/wp-content/uploads/2026/09/temperaturas-extremas-y-precipitaciones-2026x09x05-a.pdf
2026-09-05,060,NAVARRETE,SANTIAGO,MINISTERIO DE AGRICULTURA,EMCV,,,0.0,https://indomet.gob.do/wp-content/uploads/2026/09/temperaturas-extremas-y-precipitaciones-2026x09x05-a.pdf
2026-09-05,061,OLIVARES,PEDERNALES,INDRHI,EMCI,,,0.0,https://indomet.gob.do/wp-content/uploads/2026/09/temperaturas-extremas-y-precipitaciones-2026x09x05-a.pdf
2026-09-05,062,PADRE LAS CASAS,AZUA,HOSP. NTRA. SRA. DEL CARMEN,EMCI,34.4,21.5,0.0,https://indomet.gob.do/wp-content/uploads/2026/09/temperaturas-extremas-y-precipitaciones-2026x09x05-a.pdf
2026-09-05,063,PALO ÍNDIO,PUERTO PLATA,MINISTERIO DE AGRICULTURA,EMCI,,,0.0,https://indomet.gob.do/wp-content/uploads/2026/09/temperaturas-extremas-y-precipitaciones-2026x09x05-a.pdf
2026-09-05,064,PEDERNALES,PEDERNALES,INDRHI,EMCI,,,0.0,https://indomet.gob.do/wp-content/uploads/2026/09/temperaturas-extremas-y-precipitaciones-2026x09x05-a.pdf
2026-09-05,065,PERALTA,AZUA,HOSP. MPAL. DE PERALTA,EMCI,32.0,18.8,0.0,https://indomet.gob.do/wp-content/uploads/2026/09/temperaturas-extremas-y-precipitaciones-2026x09x05-a.pdf
2026-09-05,066,POLO,BARAHONA,INDOCAFE,EMCI,31.2,19.5,0.0,https://indomet.gob.do/wp-content/uploads/2026/09/temperaturas-extremas-y-precipitaciones-2026x09x05-a.pdf
2026-09-05,067,PRESA DE TAVERAS (EMA),LA VEGA,PROGRAMA MUNDIAL DE ALIMENTO,EMAP,36.7,22.6,0.0,https://indomet.gob.do/wp-content/uploads/2026/09/temperaturas-extremas-y-precipitaciones-2026x09x05-a.pdf
2026-09-05,068,RANCHO ARRIBA,SAN JOSÉ DE OCOA,CENTRO TECNOLÓGICO COMUNITARIO,EMCI,35.8,19.4,0.0,https://indomet.gob.do/wp-content/uploads/2026/09/temperaturas-extremas-y-precipitaciones-2026x09x05-a.pdf
2026-09-05,069,RESTAURACIÓN,DAJABÓN,MINISTERIO DE AGRICULTURA,EMCI,31.9,19.6,0.0,https://indomet.gob.do/wp-content/uploads/2026/09/temperaturas-extremas-y-precipitaciones-2026x09x05-a.pdf
2026-09-05,070,RÍO SAN JUAN,MARÍA TRINIDAD SÁNCHEZ,HOSP. MPAL. DR. DESIDERIO ACOSTA,EMCV,36.7,26.7,0.0,https://indomet.gob.do/wp-content/uploads/2026/09/temperaturas-extremas-y-precipitaciones-2026x09x05-a.pdf
2026-09-05,071,SABANA DE LA MAR,HATO MAYOR,INDOMET,EMCI,33.0,23.6,0.0,https://indomet.gob.do/wp-content/uploads/2026/09/temperaturas-extremas-y-precipitaciones-2026x09x05-a.pdf
2026-09-05,072,SABANETA (EMA),SANTIAGO RODRÍGUEZ,PROGRAMA MUNDIAL DE ALIMENTO,EMAP,38.3,24.5,0.0,https://indomet.gob.do/wp-content/uploads/2026/09/temperaturas-extremas-y-precipitaciones-2026x09x05-a.pdf
2026-09-05,073,SALCEDO,HERMANAS MIRABAL,PROPIEDAD DEL EMPLEADO,EMCI,,,0.0,https://indomet.gob.do/wp-content/uploads/2026/09/temperaturas-extremas-y-precipitaciones-2026x09x05-a.pdf
2026-09-05,074,SAMANÁ,SAMANÁ,COMANDANCIA DE PUERTO DE SAMANÁ,EMCI,35.1,18.8,0.0,https://indomet.gob.do/wp-content/uploads/2026/09/temperaturas-extremas-y-precipitaciones-2026x09x05-a.pdf
2026-09-05,075,SAN JOSÉ DE OCOA,SAN JOSÉ DE OCOA,HOSP. SAN JOSÉ DE OCOA,EMCI,35.1,22.7,0.0,https://indomet.gob.do/wp-content/uploads/2026/09/temperaturas-extremas-y-precipitaciones-2026x09x05-a.pdf
2026-09-05,076,SÁNCHEZ,SAMANÁ,MINISTERIO DE AGRICULTURA,EMCI,33.7,24.1,0.0,https://indomet.gob.do/wp-content/uploads/2026/09/temperaturas-extremas-y-precipitaciones-2026x09x05-a.pdf
2026-09-05,077,SANTIAGO RODRÍGUEZ,SANTIAGO RODRÍGUEZ,INDOMET,EMCI,38.5,24.8,0.0,https://indomet.gob.do/wp-content/uploads/2026/09/temperaturas-extremas-y-precipitaciones-2026x09x05-a.pdf
2026-09-05,078,SANTO DOMINGO ESTE,SANTO DOMINGO,INDOMET,EMCI,33.0,26.0,0.0,https://indomet.gob.do/wp-content/uploads/2026/09/temperaturas-extremas-y-precipitaciones-2026x09x05-a.pdf
2026-09-05,079,TÁBARA ABAJO,AZUA,INDRHI,EMCI,33.7,22.0,0.0,https://indomet.gob.do/wp-content/uploads/2026/09/temperaturas-extremas-y-precipitaciones-2026x09x05-a.pdf
2026-09-05,080,VILLA ALTAGRACIA,SAN CRISTÓBAL,ESCUELA JAVIER ANGULO GURIDI,EMCI,,,0.0,https://indomet.gob.do/wp-content/uploads/2026/09/temperaturas-extremas-y-precipitaciones-2026x09x05-a.pdf
2026-09-05,081,VILLA GONZALES,SANTIAGO,MINISTERIO DE AGRICULTURA,EMCI,,,0.0,https://indomet.gob.do/wp-content/uploads/2026/09/temperaturas-extremas-y-precipitaciones-2026x09x05-a.pdf
2026-09-05,082,VILLA RIVA,DUARTE,HOSP. MPAL. ALICIA DE LEGENDRE,EMCI,35.0,23.8,0.0,https://indomet.gob.do/wp-content/uploads/2026/09/temperaturas-extremas-y-precipitaciones-2026x09x05-a.pdf
2026-09-06,001,ELÍAS PIÑA,,,,,,25.4,https://indomet.gob.do/wp-content/uploads/2026/09/temperaturas-extremas-y-precipitaciones-2026x09x06-a.pdf
2026-09-06,002,MICHES (EMA),,,,31.4,24.0,13.8,https://indomet.gob.do/wp-content/uploads/2026/09/temperaturas-extremas-y-precipitaciones-2026x09x06-a.pdf
2026-09-06,003,PARQUE MIRADOR NORTE,,,,,,13.7,https://indomet.gob.do/wp-content/uploads/2026/09/temperaturas-extremas-y-precipitaciones-2026x09x06-a.pdf
2026-09-06,004,PEDERNALES,,,,,,9.5,https://indomet.gob.do/wp-content/uploads/2026/09/temperaturas-extremas-y-precipitaciones-2026x09x06-a.pdf
2026-09-06,005,HATO MAYOR,,,,,,9.1,https://indomet.gob.do/wp-content/uploads/2026/09/temperaturas-extremas-y-precipitaciones-2026x09x06-a.pdf
2026-09-06,006,SANTO DOMINGO ESTE,,,,32.5,26.6,9.0,https://indomet.gob.do/wp-content/uploads/2026/09/temperaturas-extremas-y-precipitaciones-2026x09x06-a.pdf
2026-09-06,007,PADRE LAS CASAS,,,,33.0,20.4,7.6,https://indomet.gob.do/wp-content/uploads/2026/09/temperaturas-extremas-y-precipitaciones-2026x09x06-a.pdf
2026-09-06,008,BAYAGUANA,,,,32.8,24.2,7.2,https://indomet.gob.do/wp-content/uploads/2026/09/temperaturas-extremas-y-precipitaciones-2026x09x06-a.pdf
2026-09-06,009,VILLA ALTAGRACIA,,,,,,7.2,https://indomet.gob.do/wp-content/uploads/2026/09/temperaturas-extremas-y-precipitaciones-2026x09x06-a.pdf
2026-09-06,010,DAJABÓN,,,,29.3,20.5,6.9,https://indomet.gob.do/wp-content/uploads/2026/09/temperaturas-extremas-y-precipitaciones-2026x09x06-a.pdf
2026-09-06,011,HONDO VALLE,,,,29.3,20.5,6.9,https://indomet.gob.do/wp-content/uploads/2026/09/temperaturas-extremas-y-precipitaciones-2026x09x06-a.pdf
2026-09-06,012,JARDÍN BOTÁNICO NACIONAL,,,,32.6,22.9,5.0,https://indomet.gob.do/wp-content/uploads/2026/09/temperaturas-extremas-y-precipitaciones-2026x09x06-a.pdf
2026-09-06,013,ARPT. LA ISABELA,,,,33.8,22.0,4.4,https://indomet.gob.do/wp-content/uploads/2026/09/temperaturas-extremas-y-precipitaciones-2026x09x06-a.pdf
2026-09-06,014,BASE AÉREA DE SAN ISIDRO,,,,32.0,25.0,4.0,https://indomet.gob.do/wp-content/uploads/2026/09/temperaturas-extremas-y-precipitaciones-2026x09x06-a.pdf
2026-09-06,015,EL SEIBO,,,,,,3.8,https://indomet.gob.do/wp-content/uploads/2026/09/temperaturas-extremas-y-precipitaciones-2026x09x06-a.pdf
2026-09-06,016,CENTRO DE LOS HEROES (EMA),,,,32.7,26.9,3.8,https://indomet.gob.do/wp-content/uploads/2026/09/temperaturas-extremas-y-precipitaciones-2026x09x06-a.pdf
2026-09-06,017,SAN CRISTÓBAL,,,,33.0,23.0,3.0,https://indomet.gob.do/wp-content/uploads/2026/09/temperaturas-extremas-y-precipitaciones-2026x09x06-a.pdf
2026-09-06,018,PERALTA,,,,33.7,19.9,2.6,https://indomet.gob.do/wp-content/uploads/2026/09/temperaturas-extremas-y-precipitaciones-2026x09x06-a.pdf
2026-09-06,019,CABRAL,,,,34.8,24.8,2.2,https://indomet.gob.do/wp-content/uploads/2026/09/temperaturas-extremas-y-precipitaciones-2026x09x06-a.pdf
2026-09-06,020,LA AGUSTINA (EMA),,,,,,2.1,https://indomet.gob.do/wp-content/uploads/2026/09/temperaturas-extremas-y-precipitaciones-2026x09x06-a.pdf
2026-09-06,021,ENSANCHE LA FE (EMA),,,,,,2.0,https://indomet.gob.do/wp-content/uploads/2026/09/temperaturas-extremas-y-precipitaciones-2026x09x06-a.pdf
2026-09-06,022,LOS JARDINES (EMA),,,,,,2.0,https://indomet.gob.do/wp-content/uploads/2026/09/temperaturas-extremas-y-precipitaciones-2026x09x06-a.pdf
2026-09-06,023,RESTAURACIÓN (EMA),,,,,,2.0,https://indomet.gob.do/wp-content/uploads/2026/09/temperaturas-extremas-y-precipitaciones-2026x09x06-a.pdf
2026-09-06,024,VILLA GONZALE (EMA),,,,,,2.0,https://indomet.gob.do/wp-content/uploads/2026/09/temperaturas-extremas-y-precipitaciones-2026x09x06-a.pdf
2026-09-06,025,ENRIQUILLO,,,,34.8,23.3,1.8,https://indomet.gob.do/wp-content/uploads/2026/09/temperaturas-extremas-y-precipitaciones-2026x09x06-a.pdf
2026-09-06,026,LOYOLA (EMA),,,,,,1.8,https://indomet.gob.do/wp-content/uploads/2026/09/temperaturas-extremas-y-precipitaciones-2026x09x06-a.pdf
2026-09-06,027,CONSTANZA (EMA),,,,29.3,14.9,1.4,https://indomet.gob.do/wp-content/uploads/2026/09/temperaturas-extremas-y-precipitaciones-2026x09x06-a.pdf
2026-09-06,028,CONSTANZA,,,,30.5,14.0,1.3,https://indomet.gob.do/wp-content/uploads/2026/09/temperaturas-extremas-y-precipitaciones-2026x09x06-a.pdf
2026-09-06,029,PROLONGACION 27 DE FEBRERO,,,,,,1.3,https://indomet.gob.do/wp-content/uploads/2026/09/temperaturas-extremas-y-precipitaciones-2026x09x06-a.pdf
2026-09-06,030,SANTIAGO RODRÍGUEZ,,,,38.6,24.5,1.3,https://indomet.gob.do/wp-content/uploads/2026/09/temperaturas-extremas-y-precipitaciones-2026x09x06-a.pdf
2026-09-06,031,SABANETA (EMA),,,,38.6,23.6,1.2,https://indomet.gob.do/wp-content/uploads/2026/09/temperaturas-extremas-y-precipitaciones-2026x09x06-a.pdf
2026-09-06,032,LOS JENGIBRES,,,,,,1.1,https://indomet.gob.do/wp-content/uploads/2026/09/temperaturas-extremas-y-precipitaciones-2026x09x06-a.pdf
2026-09-06,033,LOS CACICAZGOS (EMA),,,,,,1.0,https://indomet.gob.do/wp-content/uploads/2026/09/temperaturas-extremas-y-precipitaciones-2026x09x06-a.pdf
2026-09-06,034,ALTAMIRA,,,,36.6,23.2,0.8,https://indomet.gob.do/wp-content/uploads/2026/09/temperaturas-extremas-y-precipitaciones-2026x09x06-a.pdf
2026-09-06,035,POLO,,,,31.5,19.9,0.7,https://indomet.gob.do/wp-content/uploads/2026/09/temperaturas-extremas-y-precipitaciones-2026x09x06-a.pdf
2026-09-06,036,ARPT. DE LA ROMANA,,,,32.5,24.5,0.5,https://indomet.gob.do/wp-content/uploads/2026/09/temperaturas-extremas-y-precipitaciones-2026x09x06-a.pdf
2026-09-06,037,ARPT. EL CATEY,,,,32.4,23.0,0.5,https://indomet.gob.do/wp-content/uploads/2026/09/temperaturas-extremas-y-precipitaciones-2026x09x06-a.pdf
2026-09-06,038,EL MILLON (EMA),,,,,,0.3,https://indomet.gob.do/wp-content/uploads/2026/09/temperaturas-extremas-y-precipitaciones-2026x09x06-a.pdf
2026-09-06,039,VILLA ISABELA,,,,,,0.3,https://indomet.gob.do/wp-content/uploads/2026/09/temperaturas-extremas-y-precipitaciones-2026x09x06-a.pdf
2026-09-06,040,OVIEDO,,,,34.8,24.6,0.2,https://indomet.gob.do/wp-content/uploads/2026/09/temperaturas-extremas-y-precipitaciones-2026x09x06-a.pdf
2026-09-06,041,ARPT. DE LAS AMÉRICAS,,,,32.8,25.4,0.1,https://indomet.gob.do/wp-content/uploads/2026/09/temperaturas-extremas-y-precipitaciones-2026x09x06-a.pdf
2026-09-06,042,OLIVARES,,,,,,0.1,https://indomet.gob.do/wp-content/uploads/2026/09/temperaturas-extremas-y-precipitaciones-2026x09x06-a.pdf
2026-09-06,043,SABANA GRANDE DE BOYÁ,,,,,,0.1,https://indomet.gob.do/wp-content/uploads/2026/09/temperaturas-extremas-y-precipitaciones-2026x09x06-a.pdf
2026-09-06,044,SAN JOSÉ DE OCOA,,,,33.1,22.2,0.1,https://indomet.gob.do/wp-content/uploads/2026/09/temperaturas-extremas-y-precipitaciones-2026x09x06-a.pdf
2026-09-06,045,ALTO BANDERA (EMA),,,,19.0,10.4,0.0,https://indomet.gob.do/wp-content/uploads/2026/09/temperaturas-extremas-y-precipitaciones-2026x09x06-a.pdf
2026-09-06,046,ANAMUYA (EMA),,,,33.4,25.5,0.0,https://indomet.gob.do/wp-content/uploads/2026/09/temperaturas-extremas-y-precipitaciones-2026x09x06-a.pdf
2026-09-06,047,ARPT. ARROYO BARRIL,,,,35.5,27.5,0.0,https://indomet.gob.do/wp-content/uploads/2026/09/temperaturas-extremas-y-precipitaciones-2026x09x06-a.pdf
2026-09-06,048,ARPT. DE PUNTA CANA,,,,32.6,23.8,0.0,https://indomet.gob.do/wp-content/uploads/2026/09/temperaturas-extremas-y-precipitaciones-2026x09x06-a.pdf
2026-09-06,049,ARPT. DEL CIBAO,,,,36.5,23.8,0.0,https://indomet.gob.do/wp-content/uploads/2026/09/temperaturas-extremas-y-precipitaciones-2026x09x06-a.pdf
2026-09-06,050,ARPT. GREGORIO LUPERÓN,,,,33.5,23.2,0.0,https://indomet.gob.do/wp-content/uploads/2026/09/temperaturas-extremas-y-precipitaciones-2026x09x06-a.pdf
2026-09-06,051,ARPT. MARÍA MONTEZ,,,,34.2,26.2,0.0,https://indomet.gob.do/wp-content/uploads/2026/09/temperaturas-extremas-y-precipitaciones-2026x09x06-a.pdf
2026-09-06,052,ARROYO LORO,,,,36.5,22.6,0.0,https://indomet.gob.do/wp-content/uploads/2026/09/temperaturas-extremas-y-precipitaciones-2026x09x06-a.pdf
2026-09-06,053,BANI (EMA),,,,33.3,25.4,0.0,https://indomet.gob.do/wp-content/uploads/2026/09/temperaturas-extremas-y-precipitaciones-2026x09x06-a.pdf
2026-09-06,054,BOCA DE MAO (EMA),,,,39.3,24.4,0.0,https://indomet.gob.do/wp-content/uploads/2026/09/temperaturas-extremas-y-precipitaciones-2026x09x06-a.pdf
2026-09-06,055,BONAO,,,,,,0.0,https://indomet.gob.do/wp-content/uploads/2026/09/temperaturas-extremas-y-precipitaciones-2026x09x06-a.pdf
2026-09-06,056,BUCARA (EMA),,,,,,0.0,https://indomet.gob.do/wp-content/uploads/2026/09/temperaturas-extremas-y-precipitaciones-2026x09x06-a.pdf
2026-09-06,057,CABRERA,,,,33.0,24.0,0.0,https://indomet.gob.do/wp-content/uploads/2026/09/temperaturas-extremas-y-precipitaciones-2026x09x06-a.pdf
2026-09-06,058,COTUÍ (EMA),,,,35.6,25.8,0.0,https://indomet.gob.do/wp-content/uploads/2026/09/temperaturas-extremas-y-precipitaciones-2026x09x06-a.pdf
2026-09-06,059,EL CERCADO,,,,,,0.0,https://indomet.gob.do/wp-content/uploads/2026/09/temperaturas-extremas-y-precipitaciones-2026x09x06-a.pdf
2026-09-06,060,EL FACTOR (EMA),,,,36.1,24.8,0.0,https://indomet.gob.do/wp-content/uploads/2026/09/temperaturas-extremas-y-precipitaciones-2026x09x06-a.pdf
2026-09-06,061,ESCONDIDO,,,,33.0,26.0,0.0,https://indomet.gob.do/wp-content/uploads/2026/09/temperaturas-extremas-y-precipitaciones-2026x09x06-a.pdf
2026-09-06,062,GASPAR HERNÁNDEZ,,,,,,0.0,https://indomet.gob.do/wp-content/uploads/2026/09/temperaturas-extremas-y-precipitaciones-2026x09x06-a.pdf
2026-09-06,063,GURABO,,,,,,0.0,https://indomet.gob.do/wp-content/uploads/2026/09/temperaturas-extremas-y-precipitaciones-2026x09x06-a.pdf
2026-09-06,064,JARABACOA,,,,35.0,19.2,0.0,https://indomet.gob.do/wp-content/uploads/2026/09/temperaturas-extremas-y-precipitaciones-2026x09x06-a.pdf
2026-09-06,065,JARDÍN BOTÁNICO SANTIAGO (EM,,,,38.2,28.2,0.0,https://indomet.gob.do/wp-content/uploads/2026/09/temperaturas-extremas-y-precipitaciones-2026x09x06-a.pdf
2026-09-06,066,JUMA BEJUCAL,,,,35.2,28.0,0.0,https://indomet.gob.do/wp-content/uploads/2026/09/temperaturas-extremas-y-precipitaciones-2026x09x06-a.pdf
2026-09-06,067,LA VEGA,,,,35.0,19.2,0.0,https://indomet.gob.do/wp-content/uploads/2026/09/temperaturas-extremas-y-precipitaciones-2026x09x06-a.pdf
2026-09-06,068,LA VICTORIA,,,,34.0,25.5,0.0,https://indomet.gob.do/wp-content/uploads/2026/09/temperaturas-extremas-y-precipitaciones-2026x09x06-a.pdf
2026-09-06,069,LAS MATAS DE FARFÁN,,,,,,0.0,https://indomet.gob.do/wp-content/uploads/2026/09/temperaturas-extremas-y-precipitaciones-2026x09x06-a.pdf
2026-09-06,070,LOS COCOS (EMA),,,,,,0.0,https://indomet.gob.do/wp-content/uploads/2026/09/temperaturas-extremas-y-precipitaciones-2026x09x06-a.pdf
2026-09-06,071,LOS LLANOS,,,,34.0,24.5,0.0,https://indomet.gob.do/wp-content/uploads/2026/09/temperaturas-extremas-y-precipitaciones-2026x09x06-a.pdf
2026-09-06,072,MAO,,,,,,0.0,https://indomet.gob.do/wp-content/uploads/2026/09/temperaturas-extremas-y-precipitaciones-2026x09x06-a.pdf
2026-09-06,073,MONCIÓN (EMA),,,,33.3,25.8,0.0,https://indomet.gob.do/wp-content/uploads/2026/09/temperaturas-extremas-y-precipitaciones-2026x09x06-a.pdf
2026-09-06,074,MONTE CRISTI,,,,36.0,27.2,0.0,https://indomet.gob.do/wp-content/uploads/2026/09/temperaturas-extremas-y-precipitaciones-2026x09x06-a.pdf
2026-09-06,075,NAVARRETE,,,,,,0.0,https://indomet.gob.do/wp-content/uploads/2026/09/temperaturas-extremas-y-precipitaciones-2026x09x06-a.pdf
2026-09-06,076,PALO ÍNDIO,,,,,,0.0,https://indomet.gob.do/wp-content/uploads/2026/09/temperaturas-extremas-y-precipitaciones-2026x09x06-a.pdf
2026-09-06,077,PASO AL MEDIO,,,,,,0.0,https://indomet.gob.do/wp-content/uploads/2026/09/temperaturas-extremas-y-precipitaciones-2026x09x06-a.pdf
2026-09-06,078,PRESA DE TAVERAS (EMA),,,,34.6,22.7,0.0,https://indomet.gob.do/wp-content/uploads/2026/09/temperaturas-extremas-y-precipitaciones-2026x09x06-a.pdf
2026-09-06,079,RANCHO ARRIBA,,,,32.7,19.2,0.0,https://indomet.gob.do/wp-content/uploads/2026/09/temperaturas-extremas-y-precipitaciones-2026x09x06-a.pdf
2026-09-06,080,RESTAURACIÓN,,,,33.5,19.9,0.0,https://indomet.gob.do/wp-content/uploads/2026/09/temperaturas-extremas-y-precipitaciones-2026x09x06-a.pdf
2026-09-06,081,RÍO SAN JUAN,,,,35.8,26.0,0.0,https://indomet.gob.do/wp-content/uploads/2026/09/temperaturas-extremas-y-precipitaciones-2026x09x06-a.pdf
2026-09-06,082,SABANA DE LA MAR,,,,32.8,24.0,0.0,https://indomet.gob.do/wp-content/uploads/2026/09/temperaturas-extremas-y-precipitaciones-2026x09x06-a.pdf
2026-09-06,083,SAJOMA (EMA),,,,35.4,26.7,0.0,https://indomet.gob.do/wp-content/uploads/2026/09/temperaturas-extremas-y-precipitaciones-2026x09x06-a.pdf
2026-09-06,084,SALCEDO,,,,,,0.0,https://indomet.gob.do/wp-content/uploads/2026/09/temperaturas-extremas-y-precipitaciones-2026x09x06-a.pdf
2026-09-06,085,SAMANÁ,,,,33.3,18.0,0.0,https://indomet.gob.do/wp-content/uploads/2026/09/temperaturas-extremas-y-precipitaciones-2026x09x06-a.pdf
2026-09-06,086,SAN FRANCISCO DE MACORÍS,,,,37.0,24.8,0.0,https://indomet.gob.do/wp-content/uploads/2026/09/temperaturas-extremas-y-precipitaciones-2026x09x06-a.pdf
2026-09-06,087,SAN RAFAEL DEL YUMA,,,,34.2,25.0,0.0,https://indomet.gob.do/wp-content/uploads/2026/09/temperaturas-extremas-y-precipitaciones-2026x09x06-a.pdf
2026-09-06,088,SÁNCHEZ,,,,32.2,23.9,0.0,https://indomet.gob.do/wp-content/uploads/2026/09/temperaturas-extremas-y-precipitaciones-2026x09x06-a.pdf
2026-09-06,089,SANTIAGO (CENTRO),,,,,,0.0,https://indomet.gob.do/wp-content/uploads/2026/09/temperaturas-extremas-y-precipitaciones-2026x09x06-a.pdf
2026-09-06,090,TÁBARA ABAJO,,,,35.5,20.5,0.0,https://indomet.gob.do/wp-content/uploads/2026/09/temperaturas-extremas-y-precipitaciones-2026x09x06-a.pdf
2026-09-06,091,TAVERA,,,,,,0.0,https://indomet.gob.do/wp-content/uploads/2026/09/temperaturas-extremas-y-precipitaciones-2026x09x06-a.pdf
2026-09-06,092,VALLE NUEVO (EMA),,,,23.3,8.1,0.0,https://indomet.gob.do/wp-content/uploads/2026/09/temperaturas-extremas-y-precipitaciones-2026x09x06-a.pdf
2026-09-06,093,VILLA GONZALES,,,,,,0.0,https://indomet.gob.do/wp-content/uploads/2026/09/temperaturas-extremas-y-precipitaciones-2026x09x06-a.pdf
2026-09-06,094,VILLA RIVA,,,,34.5,24.0,0.0,https://indomet.gob.do/wp-content/uploads/2026/09/temperaturas-extremas-y-precipitaciones-2026x09x06-a.pdf
2026-09-06,095,VILLA VASQUEZ (EMA),,,,,,0.0,https://indomet.gob.do/wp-content/uploads/2026/09/temperaturas-extremas-y-precipitaciones-2026x09x06-a.pdf
2026-09-07,001,LAS PLACETAS (EMA),SANTIAGO,PRIVADA,EMAP,,,31.5,https://indomet.gob.do/wp-content/uploads/2026/09/temperaturas-extremas-y-precipitaciones-2026x09x07-a.pdf
2026-09-07,002,ELÍAS PIÑA,ELÍAS PIÑA,MINISTERIO DE AGRICULTURA,EMCV,,,16.0,https://indomet.gob.do/wp-content/uploads/2026/09/temperaturas-extremas-y-precipitaciones-2026x09x07-a.pdf
2026-09-07,003,LA YAGUITA (EMA),MONTE CRISTI,PROPIEDAD DEL VOLUNTARIO,EMAP,,,15.5,https://indomet.gob.do/wp-content/uploads/2026/09/temperaturas-extremas-y-precipitaciones-2026x09x07-a.pdf
2026-09-07,004,BAVARO (EMA),LA ALTAGRACIA,PRIVADA,EMAP,32.9,24.9,13.0,https://indomet.gob.do/wp-content/uploads/2026/09/temperaturas-extremas-y-precipitaciones-2026x09x07-a.pdf
2026-09-07,005,SABANETA (EMA),SANTIAGO RODRÍGUEZ,PROGRAMA MUNDIAL DE ALIMENTO,EMAP,39.2,24.5,10.6,https://indomet.gob.do/wp-content/uploads/2026/09/temperaturas-extremas-y-precipitaciones-2026x09x07-a.pdf
2026-09-07,006,LA JULIA (EMA),DISTRITO NACIONAL,PRIVADA,EMAP,,,9.9,https://indomet.gob.do/wp-content/uploads/2026/09/temperaturas-extremas-y-precipitaciones-2026x09x07-a.pdf
2026-09-07,007,SANTIAGO RODRÍGUEZ,SANTIAGO RODRÍGUEZ,INDOMET,EMCI,39.2,25.0,9.9,https://indomet.gob.do/wp-content/uploads/2026/09/temperaturas-extremas-y-precipitaciones-2026x09x07-a.pdf
2026-09-07,008,CENTRO DE LOS HEROES (EMA),DISTRITO NACIONAL,MINISTERIO DE ENERGIA Y MINA,EMAP,33.1,26.6,9.6,https://indomet.gob.do/wp-content/uploads/2026/09/temperaturas-extremas-y-precipitaciones-2026x09x07-a.pdf
2026-09-07,009,HONDO VALLE,ELÍAS PIÑA,MINISTERIO DE AGRICULTURA,EMCI,29.1,20.4,7.4,https://indomet.gob.do/wp-content/uploads/2026/09/temperaturas-extremas-y-precipitaciones-2026x09x07-a.pdf
2026-09-07,010,LA AGUSTINA (EMA),DISTRITO NACIONAL,PRIVADA,EMAP,,,7.1,https://indomet.gob.do/wp-content/uploads/2026/09/temperaturas-extremas-y-precipitaciones-2026x09x07-a.pdf
2026-09-07,011,CONSTANZA (EMA),LA VEGA,PROGRAMA MUNDIAL DE ALIMENTO,EMAP,30.2,15.9,6.4,https://indomet.gob.do/wp-content/uploads/2026/09/temperaturas-extremas-y-precipitaciones-2026x09x07-a.pdf
2026-09-07,012,CONSTANZA,LA VEGA,MINISTERIO DE AGRICULTURA,EMCI,31.5,15.0,6.2,https://indomet.gob.do/wp-content/uploads/2026/09/temperaturas-extremas-y-precipitaciones-2026x09x07-a.pdf
2026-09-07,013,BASE AÉREA DE SAN ISIDRO,SANTO DOMINGO,FUERZA AÉREA DOMINICANA,EMCV,33.0,26.0,6.0,https://indomet.gob.do/wp-content/uploads/2026/09/temperaturas-extremas-y-precipitaciones-2026x09x07-a.pdf
2026-09-07,014,LOS CACICAZGOS (EMA),DISTRITO NACIONAL,PRIVADA,EMAP,,,5.4,https://indomet.gob.do/wp-content/uploads/2026/09/temperaturas-extremas-y-precipitaciones-2026x09x07-a.pdf
2026-09-07,015,JARDÍN BOTÁNICO NACIONAL,DISTRITO NACIONAL,JARDÍN BOTÁNICO NACIONAL,EMCV,34.1,22.4,4.8,https://indomet.gob.do/wp-content/uploads/2026/09/temperaturas-extremas-y-precipitaciones-2026x09x07-a.pdf
2026-09-07,016,PROLONGACION 27 DE FEBRERO,DISTRITO NACIONAL,PRIVADA,EMAP,,,4.1,https://indomet.gob.do/wp-content/uploads/2026/09/temperaturas-extremas-y-precipitaciones-2026x09x07-a.pdf
2026-09-07,017,ARPT. DE LAS AMÉRICAS,SANTO DOMINGO,INDOMET,EMCI,33.2,24.9,3.8,https://indomet.gob.do/wp-content/uploads/2026/09/temperaturas-extremas-y-precipitaciones-2026x09x07-a.pdf
2026-09-07,018,VILLA VASQUEZ (EMA),MONTE CRISTI,JUNTA DE REGANTES,EMAI,,,3.8,https://indomet.gob.do/wp-content/uploads/2026/09/temperaturas-extremas-y-precipitaciones-2026x09x07-a.pdf
2026-09-07,019,ARPT. DE PUNTA CANA,LA ALTAGRACIA,INDOMET,EMCI,32.4,23.6,3.6,https://indomet.gob.do/wp-content/uploads/2026/09/temperaturas-extremas-y-precipitaciones-2026x09x07-a.pdf
2026-09-07,020,SAJOMA (EMA),SANTIAGO,PLAN SIERRA,EMAI,35.9,24.2,3.0,https://indomet.gob.do/wp-content/uploads/2026/09/temperaturas-extremas-y-precipitaciones-2026x09x07-a.pdf
2026-09-07,021,ALTO BANDERA (EMA),LA VEGA,INTEC,EMAP,19.3,7.2,2.5,https://indomet.gob.do/wp-content/uploads/2026/09/temperaturas-extremas-y-precipitaciones-2026x09x07-a.pdf
2026-09-07,022,BELLA VISTA (EMA),DISTRITO NACIONAL,PRIVADA,EMAP,,,2.3,https://indomet.gob.do/wp-content/uploads/2026/09/temperaturas-extremas-y-precipitaciones-2026x09x07-a.pdf
2026-09-07,023,LOS JARDINES (EMA),DISTRITO NACIONAL,PRIVADA,EMAP,,,2.2,https://indomet.gob.do/wp-content/uploads/2026/09/temperaturas-extremas-y-precipitaciones-2026x09x07-a.pdf
2026-09-07,024,ANAMUYA (EMA),LA ALTAGRACIA,MINISTERIO DE AGRICULTURA,EMAP,35.1,24.4,1.6,https://indomet.gob.do/wp-content/uploads/2026/09/temperaturas-extremas-y-precipitaciones-2026x09x07-a.pdf
2026-09-07,025,SAN RAFAEL DEL YUMA,LA ALTAGRACIA,MINISTERIO DE AGRICULTURA,EMCI,35.3,25.0,1.6,https://indomet.gob.do/wp-content/uploads/2026/09/temperaturas-extremas-y-precipitaciones-2026x09x07-a.pdf
2026-09-07,026,ARPT. MARÍA MONTEZ,BARAHONA,INDOMET,EMCI,31.4,25.4,1.4,https://indomet.gob.do/wp-content/uploads/2026/09/temperaturas-extremas-y-precipitaciones-2026x09x07-a.pdf
2026-09-07,027,CABRAL,BARAHONA,MINISTERIO DE AGRICULTURA,EMCV,35.2,24.9,1.4,https://indomet.gob.do/wp-content/uploads/2026/09/temperaturas-extremas-y-precipitaciones-2026x09x07-a.pdf
2026-09-07,028,ENRIQUILLO,BARAHONA,MINISTERIO DE AGRICULTURA,EMCV,35.0,23.5,1.4,https://indomet.gob.do/wp-content/uploads/2026/09/temperaturas-extremas-y-precipitaciones-2026x09x07-a.pdf
2026-09-07,029,LAS CANAS (EMA),MONTE CRISTI,PROGRAMA MUNDIAL DE ALIMENTO,EMAP,34.1,23.3,1.2,https://indomet.gob.do/wp-content/uploads/2026/09/temperaturas-extremas-y-precipitaciones-2026x09x07-a.pdf
2026-09-07,030,VILLA GONZALE (EMA),SANTIAGO,IGLESIA,EMAI,,,0.6,https://indomet.gob.do/wp-content/uploads/2026/09/temperaturas-extremas-y-precipitaciones-2026x09x07-a.pdf
2026-09-07,031,EL MILLON (EMA),DISTRITO NACIONAL,PRIVADA,EMAP,,,0.3,https://indomet.gob.do/wp-content/uploads/2026/09/temperaturas-extremas-y-precipitaciones-2026x09x07-a.pdf
2026-09-07,032,MONTE CRISTI,MONTE CRISTI,INDOMET,EMCI,36.0,24.0,0.1,https://indomet.gob.do/wp-content/uploads/2026/09/temperaturas-extremas-y-precipitaciones-2026x09x07-a.pdf
2026-09-07,033,SABANA GRANDE DE BOYÁ,MONTE PLATA,MINISTERIO DE AGRICULTURA,EMCV,,,0.1,https://indomet.gob.do/wp-content/uploads/2026/09/temperaturas-extremas-y-precipitaciones-2026x09x07-a.pdf
2026-09-07,034,SANTO DOMINGO ESTE,SANTO DOMINGO,INDOMET,EMCI,35.0,25.7,0.1,https://indomet.gob.do/wp-content/uploads/2026/09/temperaturas-extremas-y-precipitaciones-2026x09x07-a.pdf
2026-09-07,035,HATO MAYOR,HATO MAYOR,MINISTERIO DE AGRICULTURA,EMCV,,,0.1,https://indomet.gob.do/wp-content/uploads/2026/09/temperaturas-extremas-y-precipitaciones-2026x09x07-a.pdf
2026-09-07,036,ALTAMIRA,PUERTO PLATA,HOSP. MPAL. DE ALTAMIRA,EMCI,37.4,24.2,0.0,https://indomet.gob.do/wp-content/uploads/2026/09/temperaturas-extremas-y-precipitaciones-2026x09x07-a.pdf
2026-09-07,037,ARPT. ARROYO BARRIL,SAMANÁ,INDOMET,EMCI,33.7,24.2,0.0,https://indomet.gob.do/wp-content/uploads/2026/09/temperaturas-extremas-y-precipitaciones-2026x09x07-a.pdf
2026-09-07,038,ARPT. DE LA ROMANA,LA ROMANA,INDOMET,EMCI,33.0,23.4,0.0,https://indomet.gob.do/wp-content/uploads/2026/09/temperaturas-extremas-y-precipitaciones-2026x09x07-a.pdf
2026-09-07,039,ARPT. DEL CIBAO,SANTIAGO,INDOMET,EMCI,36.7,25.2,0.0,https://indomet.gob.do/wp-content/uploads/2026/09/temperaturas-extremas-y-precipitaciones-2026x09x07-a.pdf
2026-09-07,040,ARPT. EL CATEY,SAMANÁ,INDOMET,EMCI,32.4,23.0,0.0,https://indomet.gob.do/wp-content/uploads/2026/09/temperaturas-extremas-y-precipitaciones-2026x09x07-a.pdf
2026-09-07,041,ARPT. GREGORIO LUPERÓN,PUERTO PLATA,INDOMET,EMCI,33.5,23.0,0.0,https://indomet.gob.do/wp-content/uploads/2026/09/temperaturas-extremas-y-precipitaciones-2026x09x07-a.pdf
2026-09-07,042,ARPT. LA ISABELA,SANTO DOMINGO,INDOMET,EMCI,35.3,25.0,0.0,https://indomet.gob.do/wp-content/uploads/2026/09/temperaturas-extremas-y-precipitaciones-2026x09x07-a.pdf
2026-09-07,043,ARROYO LORO,SAN JUAN,IDIAF,EMCI,37.2,21.7,0.0,https://indomet.gob.do/wp-content/uploads/2026/09/temperaturas-extremas-y-precipitaciones-2026x09x07-a.pdf
2026-09-07,044,BANI (EMA),PERAVIA,MINISTERIO DE AGRICULTURA,EMAP,34.1,24.8,0.0,https://indomet.gob.do/wp-content/uploads/2026/09/temperaturas-extremas-y-precipitaciones-2026x09x07-a.pdf
2026-09-07,045,BAYAGUANA,MONTE PLATA,INDOMET,EMCI,35.2,24.0,0.0,https://indomet.gob.do/wp-content/uploads/2026/09/temperaturas-extremas-y-precipitaciones-2026x09x07-a.pdf
2026-09-07,046,BOCA DE MAO (EMA),VALVERDE,MINISTERIO DE AGRICULTURA,EMAP,38.9,24.7,0.0,https://indomet.gob.do/wp-content/uploads/2026/09/temperaturas-extremas-y-precipitaciones-2026x09x07-a.pdf
2026-09-07,047,BOHECHÍO,SAN JUAN,MINISTERIO DE AGRICULTURA,EMCV,,,0.0,https://indomet.gob.do/wp-content/uploads/2026/09/temperaturas-extremas-y-precipitaciones-2026x09x07-a.pdf
2026-09-07,048,BUCARA (EMA),SANTIAGO,MINISTERIO DE AGRICULTURA,EMAI,,,0.0,https://indomet.gob.do/wp-content/uploads/2026/09/temperaturas-extremas-y-precipitaciones-2026x09x07-a.pdf
2026-09-07,049,CABRERA,MARÍA TRINIDAD SÁNCHEZ,ESCUELA ARÍSTIDES FIALLO CABRAL,EMCI,35.0,27.0,0.0,https://indomet.gob.do/wp-content/uploads/2026/09/temperaturas-extremas-y-precipitaciones-2026x09x07-a.pdf
2026-09-07,050,DAJABÓN,DAJABÓN,INSTITUTO POLITÉCNICO LOYOLA,EMCI,36.5,21.0,0.0,https://indomet.gob.do/wp-content/uploads/2026/09/temperaturas-extremas-y-precipitaciones-2026x09x07-a.pdf
2026-09-07,051,EL CERCADO,SAN JUAN,MINISTERIO DE AGRICULTURA,EMCV,,,0.0,https://indomet.gob.do/wp-content/uploads/2026/09/temperaturas-extremas-y-precipitaciones-2026x09x07-a.pdf
2026-09-07,052,EL FACTOR (EMA),MARÍA TRINIDAD SÁNCHEZ,INTEC,EMAP,35.0,24.8,0.0,https://indomet.gob.do/wp-content/uploads/2026/09/temperaturas-extremas-y-precipitaciones-2026x09x07-a.pdf
2026-09-07,053,ENSANCHE LA FE (EMA),DISTRITO NACIONAL,PRIVADA,EMAP,,,0.0,https://indomet.gob.do/wp-content/uploads/2026/09/temperaturas-extremas-y-precipitaciones-2026x09x07-a.pdf
2026-09-07,054,ESCONDIDO,PERAVIA,MINISTERIO DE AGRICULTURA,EMCV,34.0,25.0,0.0,https://indomet.gob.do/wp-content/uploads/2026/09/temperaturas-extremas-y-precipitaciones-2026x09x07-a.pdf
2026-09-07,055,GASPAR HERNÁNDEZ,ESPAILLAT,PROPIEDAD DEL EMPLEADO,EMCI,,,0.0,https://indomet.gob.do/wp-content/uploads/2026/09/temperaturas-extremas-y-precipitaciones-2026x09x07-a.pdf
2026-09-07,056,GURABO,SANTIAGO,MINISTERIO DE AGRICULTURA,EMCV,,,0.0,https://indomet.gob.do/wp-content/uploads/2026/09/temperaturas-extremas-y-precipitaciones-2026x09x07-a.pdf
2026-09-07,057,JANICO (EMA),LA VEGA,PLAN SIERRA,EMAI,,,0.0,https://indomet.gob.do/wp-content/uploads/2026/09/temperaturas-extremas-y-precipitaciones-2026x09x07-a.pdf
2026-09-07,058,JARABACOA,LA VEGA,INDRHI / MARENA,EMCI,36.2,19.4,0.0,https://indomet.gob.do/wp-content/uploads/2026/09/temperaturas-extremas-y-precipitaciones-2026x09x07-a.pdf
2026-09-07,059,JARDÍN BOTÁNICO SANTIAGO (EMSANTIAGO,,JARDIN BOTANICO SANTIAGO,EMAI,38.1,27.6,0.0,https://indomet.gob.do/wp-content/uploads/2026/09/temperaturas-extremas-y-precipitaciones-2026x09x07-a.pdf
2026-09-07,060,JIMANÍ,INDEPENDENCIA,MINISTERIO DE AGRICULTURA,EMCI,38.4,27.2,0.0,https://indomet.gob.do/wp-content/uploads/2026/09/temperaturas-extremas-y-precipitaciones-2026x09x07-a.pdf
2026-09-07,061,JUMA BEJUCAL,MONSEÑOR NOUEL,IDIAF,EMCV,34.0,24.8,0.0,https://indomet.gob.do/wp-content/uploads/2026/09/temperaturas-extremas-y-precipitaciones-2026x09x07-a.pdf
2026-09-07,062,LA VEGA,LA VEGA,IATESA,EMCI,38.0,24.4,0.0,https://indomet.gob.do/wp-content/uploads/2026/09/temperaturas-extremas-y-precipitaciones-2026x09x07-a.pdf
2026-09-07,063,LA VICTORIA,SANTO DOMINGO,CUERPO DE BOMBEROS,EMCI,35.5,25.0,0.0,https://indomet.gob.do/wp-content/uploads/2026/09/temperaturas-extremas-y-precipitaciones-2026x09x07-a.pdf
2026-09-07,064,LOS COCOS (EMA),BAHORUCO,PRIVADA,EMAP,,,0.0,https://indomet.gob.do/wp-content/uploads/2026/09/temperaturas-extremas-y-precipitaciones-2026x09x07-a.pdf
2026-09-07,065,LOS LLANOS,SAN PEDRO DE MACORÍS,MINISTERIO DE AGRICULTURA,EMCI,35.0,25.0,0.0,https://indomet.gob.do/wp-content/uploads/2026/09/temperaturas-extremas-y-precipitaciones-2026x09x07-a.pdf
2026-09-07,066,LOS PRADOS (EMA),DISTRITO NACIONAL,PRIVADA,EMAP,,,0.0,https://indomet.gob.do/wp-content/uploads/2026/09/temperaturas-extremas-y-precipitaciones-2026x09x07-a.pdf
2026-09-07,067,LOS TRES CHARCOS (EMA),PEDERNALES,PROPIEDAD DEL VOLUNTARIO,EMAP,,,0.0,https://indomet.gob.do/wp-content/uploads/2026/09/temperaturas-extremas-y-precipitaciones-2026x09x07-a.pdf
2026-09-07,068,LUPERÓN,PUERTO PLATA,MINISTERIO DE AGRICULTURA,EMCV,,,0.0,https://indomet.gob.do/wp-content/uploads/2026/09/temperaturas-extremas-y-precipitaciones-2026x09x07-a.pdf
2026-09-07,069,MAO,VALVERDE,INDRHI / MINISTERIO DE AGRICULTURA,EMCV,,,0.0,https://indomet.gob.do/wp-content/uploads/2026/09/temperaturas-extremas-y-precipitaciones-2026x09x07-a.pdf
2026-09-07,070,MICHES (EMA),EL SEIBO,PRIVADA,EMAP,33.0,24.6,0.0,https://indomet.gob.do/wp-content/uploads/2026/09/temperaturas-extremas-y-precipitaciones-2026x09x07-a.pdf
2026-09-07,071,MONCIÓN (EMA),SANTIAGO RODRÍGUEZ,PROGRAMA MUNDIAL DE ALIMENTO,EMAP,36.2,23.0,0.0,https://indomet.gob.do/wp-content/uploads/2026/09/temperaturas-extremas-y-precipitaciones-2026x09x07-a.pdf
2026-09-07,072,NAVARRETE,SANTIAGO,MINISTERIO DE AGRICULTURA,EMCV,,,0.0,https://indomet.gob.do/wp-content/uploads/2026/09/temperaturas-extremas-y-precipitaciones-2026x09x07-a.pdf
2026-09-07,073,OLIVARES,PEDERNALES,INDRHI,EMCI,,,0.0,https://indomet.gob.do/wp-content/uploads/2026/09/temperaturas-extremas-y-precipitaciones-2026x09x07-a.pdf
2026-09-07,074,OVIEDO,PEDERNALES,CLÍNICA RURAL OVIEDO,EMCI,34.0,25.4,0.0,https://indomet.gob.do/wp-content/uploads/2026/09/temperaturas-extremas-y-precipitaciones-2026x09x07-a.pdf
2026-09-07,075,PADRE LAS CASAS,AZUA,HOSP. NTRA. SRA. DEL CARMEN,EMCI,34.2,21.0,0.0,https://indomet.gob.do/wp-content/uploads/2026/09/temperaturas-extremas-y-precipitaciones-2026x09x07-a.pdf
2026-09-07,076,PALO ÍNDIO,PUERTO PLATA,MINISTERIO DE AGRICULTURA,EMCI,,,0.0,https://indomet.gob.do/wp-content/uploads/2026/09/temperaturas-extremas-y-precipitaciones-2026x09x07-a.pdf
2026-09-07,077,PEDERNALES,PEDERNALES,INDRHI,EMCI,,,0.0,https://indomet.gob.do/wp-content/uploads/2026/09/temperaturas-extremas-y-precipitaciones-2026x09x07-a.pdf
2026-09-07,078,PERALTA,AZUA,HOSP. MPAL. DE PERALTA,EMCI,34.0,20.1,0.0,https://indomet.gob.do/wp-content/uploads/2026/09/temperaturas-extremas-y-precipitaciones-2026x09x07-a.pdf
2026-09-07,079,POLO,BARAHONA,INDOCAFE,EMCI,31.5,19.0,0.0,https://indomet.gob.do/wp-content/uploads/2026/09/temperaturas-extremas-y-precipitaciones-2026x09x07-a.pdf
2026-09-07,080,PRESA DE TAVERAS (EMA),LA VEGA,PROGRAMA MUNDIAL DE ALIMENTO,EMAP,35.6,23.1,0.0,https://indomet.gob.do/wp-content/uploads/2026/09/temperaturas-extremas-y-precipitaciones-2026x09x07-a.pdf
2026-09-07,081,RANCHO ARRIBA,SAN JOSÉ DE OCOA,CENTRO TECNOLÓGICO COMUNITARIO,EMCI,34.4,20.3,0.0,https://indomet.gob.do/wp-content/uploads/2026/09/temperaturas-extremas-y-precipitaciones-2026x09x07-a.pdf
2026-09-07,082,RESTAURACIÓN,DAJABÓN,MINISTERIO DE AGRICULTURA,EMCI,35.4,20.8,0.0,https://indomet.gob.do/wp-content/uploads/2026/09/temperaturas-extremas-y-precipitaciones-2026x09x07-a.pdf
2026-09-07,083,RÍO SAN JUAN,MARÍA TRINIDAD SÁNCHEZ,HOSP. MPAL. DR. DESIDERIO ACOSTA,EMCV,36.7,26.4,0.0,https://indomet.gob.do/wp-content/uploads/2026/09/temperaturas-extremas-y-precipitaciones-2026x09x07-a.pdf
2026-09-07,084,SABANA DE LA MAR,HATO MAYOR,INDOMET,EMCI,33.6,23.8,0.0,https://indomet.gob.do/wp-content/uploads/2026/09/temperaturas-extremas-y-precipitaciones-2026x09x07-a.pdf
2026-09-07,085,SALCEDO,HERMANAS MIRABAL,PROPIEDAD DEL EMPLEADO,EMCI,,,0.0,https://indomet.gob.do/wp-content/uploads/2026/09/temperaturas-extremas-y-precipitaciones-2026x09x07-a.pdf
2026-09-07,086,SAMANÁ,SAMANÁ,COMANDANCIA DE PUERTO DE SAMANÁ,EMCI,34.4,18.2,0.0,https://indomet.gob.do/wp-content/uploads/2026/09/temperaturas-extremas-y-precipitaciones-2026x09x07-a.pdf
2026-09-07,087,SAN CRISTÓBAL,SAN CRISTÓBAL,INSTITUTO POLITÉCNICO LOYOLA,EMCI,33.5,23.2,0.0,https://indomet.gob.do/wp-content/uploads/2026/09/temperaturas-extremas-y-precipitaciones-2026x09x07-a.pdf
2026-09-07,088,SAN FRANCISCO DE MACORÍS,DUARTE,San Francisco de Macorís (UASD),EMCI,37.7,24.8,0.0,https://indomet.gob.do/wp-content/uploads/2026/09/temperaturas-extremas-y-precipitaciones-2026x09x07-a.pdf
2026-09-07,089,SAN JOSÉ DE OCOA,SAN JOSÉ DE OCOA,HOSP. SAN JOSÉ DE OCOA,EMCI,34.1,22.3,0.0,https://indomet.gob.do/wp-content/uploads/2026/09/temperaturas-extremas-y-precipitaciones-2026x09x07-a.pdf
2026-09-07,090,SÁNCHEZ,SAMANÁ,MINISTERIO DE AGRICULTURA,EMCI,35.1,25.0,0.0,https://indomet.gob.do/wp-content/uploads/2026/09/temperaturas-extremas-y-precipitaciones-2026x09x07-a.pdf
2026-09-07,091,TÁBARA ABAJO,AZUA,INDRHI,EMCI,33.5,23.0,0.0,https://indomet.gob.do/wp-content/uploads/2026/09/temperaturas-extremas-y-precipitaciones-2026x09x07-a.pdf
2026-09-07,092,TAMBORIL,SANTIAGO,MINISTERIO DE AGRICULTURA,EMCV,,,0.0,https://indomet.gob.do/wp-content/uploads/2026/09/temperaturas-extremas-y-precipitaciones-2026x09x07-a.pdf
2026-09-07,093,VALLE NUEVO (EMA),LA VEGA,MARENA,EMAI,22.6,9.3,0.0,https://indomet.gob.do/wp-content/uploads/2026/09/temperaturas-extremas-y-precipitaciones-2026x09x07-a.pdf
2026-09-07,094,VILLA ALTAGRACIA,SAN CRISTÓBAL,ESCUELA JAVIER ANGULO GURIDI,EMCI,,,0.0,https://indomet.gob.do/wp-content/uploads/2026/09/temperaturas-extremas-y-precipitaciones-2026x09x07-a.pdf
2026-09-07,095,VILLA GONZALES,SANTIAGO,MINISTERIO DE AGRICULTURA,EMCI,,,0.0,https://indomet.gob.do/wp-content/uploads/2026/09/temperaturas-extremas-y-precipitaciones-2026x09x07-a.pdf
2026-09-07,096,VILLA ISABELA,PUERTO PLATA,MINISTERIO DE AGRICULTURA,EMCV,34.0,24.0,0.0,https://indomet.gob.do/wp-content/uploads/2026/09/temperaturas-extremas-y-precipitaciones-2026x09x07-a.pdf
2026-09-07,097,VILLA RIVA,DUARTE,HOSP. MPAL. ALICIA DE LEGENDRE,EMCI,35.4,24.4,0.0,https://indomet.gob.do/wp-content/uploads/2026/09/temperaturas-extremas-y-precipitaciones-2026x09x07-a.pdf
2026-09-08,001,PADRE LAS CASAS,AZUA,HOSP. NTRA. SRA. DEL CARMEN,EMCI,31.4,20.3,52.3,https://indomet.gob.do/wp-content/uploads/2026/09/temperaturas-extremas-y-precipitaciones-2026x09x08-a.pdf
2026-09-08,002,ELÍAS PIÑA,ELÍAS PIÑA,MINISTERIO DE AGRICULTURA,EMCV,,,45.6,https://indomet.gob.do/wp-content/uploads/2026/09/temperaturas-extremas-y-precipitaciones-2026x09x08-a.pdf
2026-09-08,003,VILLA RIVA,DUARTE,HOSP. MPAL. ALICIA DE LEGENDRE,EMCI,32.0,23.0,26.8,https://indomet.gob.do/wp-content/uploads/2026/09/temperaturas-extremas-y-precipitaciones-2026x09x08-a.pdf
2026-09-08,004,PARQUE MIRADOR NORTE,SANTO DOMINGO,AYUNTAMIENTO,EMCV,,,16.5,https://indomet.gob.do/wp-content/uploads/2026/09/temperaturas-extremas-y-precipitaciones-2026x09x08-a.pdf
2026-09-08,005,ARPT. EL CATEY,SAMANÁ,INDOMET,EMCI,33.0,24.0,14.3,https://indomet.gob.do/wp-content/uploads/2026/09/temperaturas-extremas-y-precipitaciones-2026x09x08-a.pdf
2026-09-08,006,SAMANÁ,SAMANÁ,COMANDANCIA DE PUERTO DE SAMANÁ,EMCI,33.8,18.0,12.2,https://indomet.gob.do/wp-content/uploads/2026/09/temperaturas-extremas-y-precipitaciones-2026x09x08-a.pdf
2026-09-08,007,SABANA DE LA MAR,HATO MAYOR,INDOMET,EMCI,32.0,23.8,11.3,https://indomet.gob.do/wp-content/uploads/2026/09/temperaturas-extremas-y-precipitaciones-2026x09x08-a.pdf
2026-09-08,008,HONDO VALLE,ELÍAS PIÑA,MINISTERIO DE AGRICULTURA,EMCI,28.8,19.7,9.4,https://indomet.gob.do/wp-content/uploads/2026/09/temperaturas-extremas-y-precipitaciones-2026x09x08-a.pdf
2026-09-08,009,RESTAURACIÓN (EMA),DAJABÓN,PRIVADA,EMAP,,,9.1,https://indomet.gob.do/wp-content/uploads/2026/09/temperaturas-extremas-y-precipitaciones-2026x09x08-a.pdf
2026-09-08,010,HATO MAYOR,HATO MAYOR,MINISTERIO DE AGRICULTURA,EMCV,,,8.9,https://indomet.gob.do/wp-content/uploads/2026/09/temperaturas-extremas-y-precipitaciones-2026x09x08-a.pdf
2026-09-08,011,SABANA GRANDE DE BOYÁ,MONTE PLATA,MINISTERIO DE AGRICULTURA,EMCV,,,8.9,https://indomet.gob.do/wp-content/uploads/2026/09/temperaturas-extremas-y-precipitaciones-2026x09x08-a.pdf
2026-09-08,012,LOS LLANOS,SAN PEDRO DE MACORÍS,MINISTERIO DE AGRICULTURA,EMCI,34.5,23.6,6.8,https://indomet.gob.do/wp-content/uploads/2026/09/temperaturas-extremas-y-precipitaciones-2026x09x08-a.pdf
2026-09-08,013,RESTAURACIÓN,DAJABÓN,MINISTERIO DE AGRICULTURA,EMCI,31.5,20.6,5.9,https://indomet.gob.do/wp-content/uploads/2026/09/temperaturas-extremas-y-precipitaciones-2026x09x08-a.pdf
2026-09-08,014,LOS CACICAZGOS (EMA),DISTRITO NACIONAL,PRIVADA,EMAP,,,5.6,https://indomet.gob.do/wp-content/uploads/2026/09/temperaturas-extremas-y-precipitaciones-2026x09x08-a.pdf
2026-09-08,015,LA VICTORIA,SANTO DOMINGO,CUERPO DE BOMBEROS,EMCI,34.7,24.8,5.4,https://indomet.gob.do/wp-content/uploads/2026/09/temperaturas-extremas-y-precipitaciones-2026x09x08-a.pdf
2026-09-08,016,PROLONGACION 27 DE FEBRERO,DISTRITO NACIONAL,PRIVADA,EMAP,,,5.4,https://indomet.gob.do/wp-content/uploads/2026/09/temperaturas-extremas-y-precipitaciones-2026x09x08-a.pdf
2026-09-08,017,BOHECHÍO,SAN JUAN,MINISTERIO DE AGRICULTURA,EMCV,,,4.2,https://indomet.gob.do/wp-content/uploads/2026/09/temperaturas-extremas-y-precipitaciones-2026x09x08-a.pdf
2026-09-08,018,ENRIQUILLO,BARAHONA,MINISTERIO DE AGRICULTURA,EMCV,34.0,23.8,4.2,https://indomet.gob.do/wp-content/uploads/2026/09/temperaturas-extremas-y-precipitaciones-2026x09x08-a.pdf
2026-09-08,019,SALCEDO,HERMANAS MIRABAL,PROPIEDAD DEL EMPLEADO,EMCI,,,4.2,https://indomet.gob.do/wp-content/uploads/2026/09/temperaturas-extremas-y-precipitaciones-2026x09x08-a.pdf
2026-09-08,020,VILLA GONZALE (EMA),SANTIAGO,IGLESIA,EMAI,,,4.2,https://indomet.gob.do/wp-content/uploads/2026/09/temperaturas-extremas-y-precipitaciones-2026x09x08-a.pdf
2026-09-08,021,MOCA,ESPAILLAT,MINISTERIO DE AGRICULTURA,EMCV,,,3.8,https://indomet.gob.do/wp-content/uploads/2026/09/temperaturas-extremas-y-precipitaciones-2026x09x08-a.pdf
2026-09-08,022,POLO,BARAHONA,INDOCAFE,EMCI,31.0,19.7,3.6,https://indomet.gob.do/wp-content/uploads/2026/09/temperaturas-extremas-y-precipitaciones-2026x09x08-a.pdf
2026-09-08,023,SAN CRISTÓBAL,SAN CRISTÓBAL,INSTITUTO POLITÉCNICO LOYOLA,EMCI,33.0,23.0,3.5,https://indomet.gob.do/wp-content/uploads/2026/09/temperaturas-extremas-y-precipitaciones-2026x09x08-a.pdf
2026-09-08,024,MICHES (EMA),EL SEIBO,PRIVADA,EMAP,34.0,24.3,3.4,https://indomet.gob.do/wp-content/uploads/2026/09/temperaturas-extremas-y-precipitaciones-2026x09x08-a.pdf
2026-09-08,025,ARPT. LA ISABELA,SANTO DOMINGO,INDOMET,EMCI,33.4,24.1,2.8,https://indomet.gob.do/wp-content/uploads/2026/09/temperaturas-extremas-y-precipitaciones-2026x09x08-a.pdf
2026-09-08,026,LOYOLA (EMA),SAN CRISTÓBAL,PRIVADA,EMAP,,,2.8,https://indomet.gob.do/wp-content/uploads/2026/09/temperaturas-extremas-y-precipitaciones-2026x09x08-a.pdf
2026-09-08,027,RANCHO ARRIBA,SAN JOSÉ DE OCOA,CENTRO TECNOLÓGICO COMUNITARIO,EMCI,30.7,19.3,2.2,https://indomet.gob.do/wp-content/uploads/2026/09/temperaturas-extremas-y-precipitaciones-2026x09x08-a.pdf
2026-09-08,028,ENSANCHE LA FE (EMA),DISTRITO NACIONAL,PRIVADA,EMAP,,,2.1,https://indomet.gob.do/wp-content/uploads/2026/09/temperaturas-extremas-y-precipitaciones-2026x09x08-a.pdf
2026-09-08,029,ARPT. ARROYO BARRIL,SAMANÁ,INDOMET,EMCI,32.0,24.5,2.0,https://indomet.gob.do/wp-content/uploads/2026/09/temperaturas-extremas-y-precipitaciones-2026x09x08-a.pdf
2026-09-08,030,LA AGUSTINA (EMA),DISTRITO NACIONAL,PRIVADA,EMAP,,,1.8,https://indomet.gob.do/wp-content/uploads/2026/09/temperaturas-extremas-y-precipitaciones-2026x09x08-a.pdf
2026-09-08,031,ARPT. DEL CIBAO,SANTIAGO,INDOMET,EMCI,35.0,25.0,1.6,https://indomet.gob.do/wp-content/uploads/2026/09/temperaturas-extremas-y-precipitaciones-2026x09x08-a.pdf
2026-09-08,032,CENTRO DE LOS HEROES (EMA),DISTRITO NACIONAL,MINISTERIO DE ENERGIA Y MINA,EMAP,32.6,27.5,1.6,https://indomet.gob.do/wp-content/uploads/2026/09/temperaturas-extremas-y-precipitaciones-2026x09x08-a.pdf
2026-09-08,033,BELLA VISTA (EMA),DISTRITO NACIONAL,PRIVADA,EMAP,,,1.3,https://indomet.gob.do/wp-content/uploads/2026/09/temperaturas-extremas-y-precipitaciones-2026x09x08-a.pdf
2026-09-08,034,EL FACTOR (EMA),MARÍA TRINIDAD SÁNCHEZ,INTEC,EMAP,32.8,24.2,1.0,https://indomet.gob.do/wp-content/uploads/2026/09/temperaturas-extremas-y-precipitaciones-2026x09x08-a.pdf
2026-09-08,035,OLIVARES,PEDERNALES,INDRHI,EMCI,,,1.0,https://indomet.gob.do/wp-content/uploads/2026/09/temperaturas-extremas-y-precipitaciones-2026x09x08-a.pdf
2026-09-08,036,PEDERNALES,PEDERNALES,INDRHI,EMCI,,,1.0,https://indomet.gob.do/wp-content/uploads/2026/09/temperaturas-extremas-y-precipitaciones-2026x09x08-a.pdf
2026-09-08,037,EL MILLON (EMA),DISTRITO NACIONAL,PRIVADA,EMAP,,,0.8,https://indomet.gob.do/wp-content/uploads/2026/09/temperaturas-extremas-y-precipitaciones-2026x09x08-a.pdf
2026-09-08,038,SANTIAGO (CENTRO),SANTIAGO,HUACALITO,EMCI,,,0.8,https://indomet.gob.do/wp-content/uploads/2026/09/temperaturas-extremas-y-precipitaciones-2026x09x08-a.pdf
2026-09-08,039,RÍO SAN JUAN,MARÍA TRINIDAD SÁNCHEZ,HOSP. MPAL. DR. DESIDERIO ACOSTA,EMCV,35.6,25.8,0.6,https://indomet.gob.do/wp-content/uploads/2026/09/temperaturas-extremas-y-precipitaciones-2026x09x08-a.pdf
2026-09-08,040,SÁNCHEZ,SAMANÁ,MINISTERIO DE AGRICULTURA,EMCI,33.9,25.7,0.6,https://indomet.gob.do/wp-content/uploads/2026/09/temperaturas-extremas-y-precipitaciones-2026x09x08-a.pdf
2026-09-08,041,TAMBORIL,SANTIAGO,MINISTERIO DE AGRICULTURA,EMCV,,,0.5,https://indomet.gob.do/wp-content/uploads/2026/09/temperaturas-extremas-y-precipitaciones-2026x09x08-a.pdf
2026-09-08,042,SANTO DOMINGO ESTE,SANTO DOMINGO,INDOMET,EMCI,32.5,25.0,0.5,https://indomet.gob.do/wp-content/uploads/2026/09/temperaturas-extremas-y-precipitaciones-2026x09x08-a.pdf
2026-09-08,043,ARPT. DE PUNTA CANA,LA ALTAGRACIA,INDOMET,EMCI,33.0,22.0,0.4,https://indomet.gob.do/wp-content/uploads/2026/09/temperaturas-extremas-y-precipitaciones-2026x09x08-a.pdf
2026-09-08,044,SABANETA (EMA),SANTIAGO RODRÍGUEZ,PROGRAMA MUNDIAL DE ALIMENTO,EMAP,36.3,23.8,0.4,https://indomet.gob.do/wp-content/uploads/2026/09/temperaturas-extremas-y-precipitaciones-2026x09x08-a.pdf
2026-09-08,045,ARPT. DE LAS AMÉRICAS,SANTO DOMINGO,INDOMET,EMCI,32.0,24.4,0.3,https://indomet.gob.do/wp-content/uploads/2026/09/temperaturas-extremas-y-precipitaciones-2026x09x08-a.pdf
2026-09-08,046,CABRERA,MARÍA TRINIDAD SÁNCHEZ,ESCUELA ARÍSTIDES FIALLO CABRAL,EMCI,28.3,27.0,0.3,https://indomet.gob.do/wp-content/uploads/2026/09/temperaturas-extremas-y-precipitaciones-2026x09x08-a.pdf
2026-09-08,047,OVIEDO,PEDERNALES,CLÍNICA RURAL OVIEDO,EMCI,35.0,25.0,0.2,https://indomet.gob.do/wp-content/uploads/2026/09/temperaturas-extremas-y-precipitaciones-2026x09x08-a.pdf
2026-09-08,048,PERALTA,AZUA,HOSP. MPAL. DE PERALTA,EMCI,32.3,18.0,0.2,https://indomet.gob.do/wp-content/uploads/2026/09/temperaturas-extremas-y-precipitaciones-2026x09x08-a.pdf
2026-09-08,049,SANTIAGO RODRÍGUEZ,SANTIAGO RODRÍGUEZ,INDOMET,EMCI,36.3,24.2,0.1,https://indomet.gob.do/wp-content/uploads/2026/09/temperaturas-extremas-y-precipitaciones-2026x09x08-a.pdf
2026-09-08,050,ALTAMIRA,PUERTO PLATA,HOSP. MPAL. DE ALTAMIRA,EMCI,36.5,23.6,0.0,https://indomet.gob.do/wp-content/uploads/2026/09/temperaturas-extremas-y-precipitaciones-2026x09x08-a.pdf
2026-09-08,051,ALTO BANDERA (EMA),LA VEGA,INTEC,EMAP,18.6,8.2,0.0,https://indomet.gob.do/wp-content/uploads/2026/09/temperaturas-extremas-y-precipitaciones-2026x09x08-a.pdf
2026-09-08,052,ANAMUYA (EMA),LA ALTAGRACIA,MINISTERIO DE AGRICULTURA,EMAP,34.7,25.6,0.0,https://indomet.gob.do/wp-content/uploads/2026/09/temperaturas-extremas-y-precipitaciones-2026x09x08-a.pdf
2026-09-08,053,ARPT. DE LA ROMANA,LA ROMANA,INDOMET,EMCI,34.5,24.0,0.0,https://indomet.gob.do/wp-content/uploads/2026/09/temperaturas-extremas-y-precipitaciones-2026x09x08-a.pdf
2026-09-08,054,ARPT. GREGORIO LUPERÓN,PUERTO PLATA,INDOMET,EMCI,33.0,23.5,0.0,https://indomet.gob.do/wp-content/uploads/2026/09/temperaturas-extremas-y-precipitaciones-2026x09x08-a.pdf
2026-09-08,055,ARPT. MARÍA MONTEZ,BARAHONA,INDOMET,EMCI,32.4,25.5,0.0,https://indomet.gob.do/wp-content/uploads/2026/09/temperaturas-extremas-y-precipitaciones-2026x09x08-a.pdf
2026-09-08,056,ARROYO LORO,SAN JUAN,IDIAF,EMCI,34.7,20.3,0.0,https://indomet.gob.do/wp-content/uploads/2026/09/temperaturas-extremas-y-precipitaciones-2026x09x08-a.pdf
2026-09-08,057,BANI (EMA),PERAVIA,MINISTERIO DE AGRICULTURA,EMAP,32.9,26.5,0.0,https://indomet.gob.do/wp-content/uploads/2026/09/temperaturas-extremas-y-precipitaciones-2026x09x08-a.pdf
2026-09-08,058,BASE AÉREA DE SAN ISIDRO,SANTO DOMINGO,FUERZA AÉREA DOMINICANA,EMCV,32.0,25.0,0.0,https://indomet.gob.do/wp-content/uploads/2026/09/temperaturas-extremas-y-precipitaciones-2026x09x08-a.pdf
2026-09-08,059,BAYAGUANA,MONTE PLATA,INDOMET,EMCI,33.4,22.5,0.0,https://indomet.gob.do/wp-content/uploads/2026/09/temperaturas-extremas-y-precipitaciones-2026x09x08-a.pdf
2026-09-08,060,BOCA DE MAO (EMA),VALVERDE,MINISTERIO DE AGRICULTURA,EMAP,36.9,26.6,0.0,https://indomet.gob.do/wp-content/uploads/2026/09/temperaturas-extremas-y-precipitaciones-2026x09x08-a.pdf
2026-09-08,061,BONAO,MONSEÑOR NOUEL,MINISTERIO DE AGRICULTURA,EMCV,,,0.0,https://indomet.gob.do/wp-content/uploads/2026/09/temperaturas-extremas-y-precipitaciones-2026x09x08-a.pdf
2026-09-08,062,BUCARA (EMA),SANTIAGO,MINISTERIO DE AGRICULTURA,EMAI,,,0.0,https://indomet.gob.do/wp-content/uploads/2026/09/temperaturas-extremas-y-precipitaciones-2026x09x08-a.pdf
2026-09-08,063,CABRAL,BARAHONA,MINISTERIO DE AGRICULTURA,EMCV,34.0,24.8,0.0,https://indomet.gob.do/wp-content/uploads/2026/09/temperaturas-extremas-y-precipitaciones-2026x09x08-a.pdf
2026-09-08,064,CONSTANZA,LA VEGA,MINISTERIO DE AGRICULTURA,EMCI,27.5,16.0,0.0,https://indomet.gob.do/wp-content/uploads/2026/09/temperaturas-extremas-y-precipitaciones-2026x09x08-a.pdf
2026-09-08,065,CONSTANZA (EMA),LA VEGA,PROGRAMA MUNDIAL DE ALIMENTO,EMAP,26.6,16.9,0.0,https://indomet.gob.do/wp-content/uploads/2026/09/temperaturas-extremas-y-precipitaciones-2026x09x08-a.pdf
2026-09-08,066,COTUÍ (EMA),SÁNCHEZ RAMÍREZ,HOSP. INMACULADA CONCEPCIÓN,EMCV,34.4,26.7,0.0,https://indomet.gob.do/wp-content/uploads/2026/09/temperaturas-extremas-y-precipitaciones-2026x09x08-a.pdf
2026-09-08,067,DAJABÓN,DAJABÓN,INSTITUTO POLITÉCNICO LOYOLA,EMCI,36.0,20.5,0.0,https://indomet.gob.do/wp-content/uploads/2026/09/temperaturas-extremas-y-precipitaciones-2026x09x08-a.pdf
2026-09-08,068,EL CERCADO,SAN JUAN,MINISTERIO DE AGRICULTURA,EMCV,,,0.0,https://indomet.gob.do/wp-content/uploads/2026/09/temperaturas-extremas-y-precipitaciones-2026x09x08-a.pdf
2026-09-08,069,EL SEIBO,EL SEIBO,MINISTERIO DE AGRICULTURA,EMCV,,,0.0,https://indomet.gob.do/wp-content/uploads/2026/09/temperaturas-extremas-y-precipitaciones-2026x09x08-a.pdf
2026-09-08,070,ESCONDIDO,PERAVIA,MINISTERIO DE AGRICULTURA,EMCV,33.0,25.0,0.0,https://indomet.gob.do/wp-content/uploads/2026/09/temperaturas-extremas-y-precipitaciones-2026x09x08-a.pdf
2026-09-08,071,GASPAR HERNÁNDEZ,ESPAILLAT,PROPIEDAD DEL EMPLEADO,EMCI,,,0.0,https://indomet.gob.do/wp-content/uploads/2026/09/temperaturas-extremas-y-precipitaciones-2026x09x08-a.pdf
2026-09-08,072,GURABO,SANTIAGO,MINISTERIO DE AGRICULTURA,EMCV,,,0.0,https://indomet.gob.do/wp-content/uploads/2026/09/temperaturas-extremas-y-precipitaciones-2026x09x08-a.pdf
2026-09-08,073,JARABACOA,LA VEGA,INDRHI / MARENA,EMCI,33.8,18.6,0.0,https://indomet.gob.do/wp-content/uploads/2026/09/temperaturas-extremas-y-precipitaciones-2026x09x08-a.pdf
2026-09-08,074,JARDÍN BOTÁNICO NACIONAL,DISTRITO NACIONAL,JARDÍN BOTÁNICO NACIONAL,EMCV,32.3,23.2,0.0,https://indomet.gob.do/wp-content/uploads/2026/09/temperaturas-extremas-y-precipitaciones-2026x09x08-a.pdf
2026-09-08,075,JARDÍN BOTÁNICO SANTIAGO (EMSANTIAGO,,JARDIN BOTANICO SANTIAGO,EMAI,35.2,26.7,0.0,https://indomet.gob.do/wp-content/uploads/2026/09/temperaturas-extremas-y-precipitaciones-2026x09x08-a.pdf
2026-09-08,076,JIMANÍ,INDEPENDENCIA,MINISTERIO DE AGRICULTURA,EMCI,37.5,27.5,0.0,https://indomet.gob.do/wp-content/uploads/2026/09/temperaturas-extremas-y-precipitaciones-2026x09x08-a.pdf
2026-09-08,077,JUMA BEJUCAL,MONSEÑOR NOUEL,IDIAF,EMCV,33.6,25.4,0.0,https://indomet.gob.do/wp-content/uploads/2026/09/temperaturas-extremas-y-precipitaciones-2026x09x08-a.pdf
2026-09-08,078,LA VEGA,LA VEGA,IATESA,EMCI,33.8,18.0,0.0,https://indomet.gob.do/wp-content/uploads/2026/09/temperaturas-extremas-y-precipitaciones-2026x09x08-a.pdf
2026-09-08,079,LAS CANAS (EMA),MONTE CRISTI,PROGRAMA MUNDIAL DE ALIMENTO,EMAP,31.5,26.3,0.0,https://indomet.gob.do/wp-content/uploads/2026/09/temperaturas-extremas-y-precipitaciones-2026x09x08-a.pdf
2026-09-08,080,LOS PRADOS (EMA),DISTRITO NACIONAL,PRIVADA,EMAP,,,0.0,https://indomet.gob.do/wp-content/uploads/2026/09/temperaturas-extremas-y-precipitaciones-2026x09x08-a.pdf
2026-09-08,081,MAO,VALVERDE,INDRHI / MINISTERIO DE AGRICULTURA,EMCV,,,0.0,https://indomet.gob.do/wp-content/uploads/2026/09/temperaturas-extremas-y-precipitaciones-2026x09x08-a.pdf
2026-09-08,082,MONCIÓN (EMA),SANTIAGO RODRÍGUEZ,PROGRAMA MUNDIAL DE ALIMENTO,EMAP,34.4,22.8,0.0,https://indomet.gob.do/wp-content/uploads/2026/09/temperaturas-extremas-y-precipitaciones-2026x09x08-a.pdf
2026-09-08,083,MONTE CRISTI,MONTE CRISTI,INDOMET,EMCI,35.5,24.9,0.0,https://indomet.gob.do/wp-content/uploads/2026/09/temperaturas-extremas-y-precipitaciones-2026x09x08-a.pdf
2026-09-08,084,PALO ÍNDIO,PUERTO PLATA,MINISTERIO DE AGRICULTURA,EMCI,,,0.0,https://indomet.gob.do/wp-content/uploads/2026/09/temperaturas-extremas-y-precipitaciones-2026x09x08-a.pdf
2026-09-08,085,PRESA DE TAVERAS (EMA),LA VEGA,PROGRAMA MUNDIAL DE ALIMENTO,EMAP,33.3,24.3,0.0,https://indomet.gob.do/wp-content/uploads/2026/09/temperaturas-extremas-y-precipitaciones-2026x09x08-a.pdf
2026-09-08,086,SAJOMA (EMA),SANTIAGO,PLAN SIERRA,EMAI,33.8,26.0,0.0,https://indomet.gob.do/wp-content/uploads/2026/09/temperaturas-extremas-y-precipitaciones-2026x09x08-a.pdf
2026-09-08,087,SAN FRANCISCO DE MACORÍS,DUARTE,San Francisco de Macorís (UASD),EMCI,37.4,24.3,0.0,https://indomet.gob.do/wp-content/uploads/2026/09/temperaturas-extremas-y-precipitaciones-2026x09x08-a.pdf
2026-09-08,088,SAN JOSÉ DE OCOA,SAN JOSÉ DE OCOA,HOSP. SAN JOSÉ DE OCOA,EMCI,32.8,24.0,0.0,https://indomet.gob.do/wp-content/uploads/2026/09/temperaturas-extremas-y-precipitaciones-2026x09x08-a.pdf
2026-09-08,089,SAN RAFAEL DEL YUMA,LA ALTAGRACIA,MINISTERIO DE AGRICULTURA,EMCI,35.6,24.9,0.0,https://indomet.gob.do/wp-content/uploads/2026/09/temperaturas-extremas-y-precipitaciones-2026x09x08-a.pdf
2026-09-08,090,TÁBARA ABAJO,AZUA,INDRHI,EMCI,33.5,23.0,0.0,https://indomet.gob.do/wp-content/uploads/2026/09/temperaturas-extremas-y-precipitaciones-2026x09x08-a.pdf
2026-09-08,091,VILLA ALTAGRACIA,SAN CRISTÓBAL,ESCUELA JAVIER ANGULO GURIDI,EMCI,,,0.0,https://indomet.gob.do/wp-content/uploads/2026/09/temperaturas-extremas-y-precipitaciones-2026x09x08-a.pdf
2026-09-08,092,VILLA GONZALES,SANTIAGO,MINISTERIO DE AGRICULTURA,EMCI,,,0.0,https://indomet.gob.do/wp-content/uploads/2026/09/temperaturas-extremas-y-precipitaciones-2026x09x08-a.pdf
2026-09-08,093,VILLA VASQUEZ (EMA),MONTE CRISTI,JUNTA DE REGANTES,EMAI,,,0.0,https://indomet.gob.do/wp-content/uploads/2026/09/temperaturas-extremas-y-precipitaciones-2026x09x08-a.pdf
2026-09-09,001,TAVERA,SANTIAGO,INDRHI,EMCI,,,32.7,https://indomet.gob.do/wp-content/uploads/2026/09/temperaturas-extremas-y-precipitaciones-2026x09x09-a.pdf
2026-09-09,002,BAYAGUANA,MONTE PLATA,INDOMET,EMCI,34.8,23.0,32.5,https://indomet.gob.do/wp-content/uploads/2026/09/temperaturas-extremas-y-precipitaciones-2026x09x09-a.pdf
2026-09-09,003,LA VEGA,LA VEGA,IATESA,EMCI,38.0,24.9,31.0,https://indomet.gob.do/wp-content/uploads/2026/09/temperaturas-extremas-y-precipitaciones-2026x09x09-a.pdf
2026-09-09,004,LA CUCHILLA (EMA),SAN CRISTÓBAL,PRIVADA,EMAP,,,28.0,https://indomet.gob.do/wp-content/uploads/2026/09/temperaturas-extremas-y-precipitaciones-2026x09x09-a.pdf
2026-09-09,005,CABRERA,MARÍA TRINIDAD SÁNCHEZ,ESCUELA ARÍSTIDES FIALLO CABRAL,EMCI,35.0,25.9,26.9,https://indomet.gob.do/wp-content/uploads/2026/09/temperaturas-extremas-y-precipitaciones-2026x09x09-a.pdf
2026-09-09,006,SÁNCHEZ,SAMANÁ,MINISTERIO DE AGRICULTURA,EMCI,33.7,22.7,24.8,https://indomet.gob.do/wp-content/uploads/2026/09/temperaturas-extremas-y-precipitaciones-2026x09x09-a.pdf
2026-09-09,007,ARPT. ARROYO BARRIL,SAMANÁ,INDOMET,EMCI,33.8,24.7,19.8,https://indomet.gob.do/wp-content/uploads/2026/09/temperaturas-extremas-y-precipitaciones-2026x09x09-a.pdf
2026-09-09,008,TIREO (EMA),LA VEGA,PRIVADA,EMAP,,,17.5,https://indomet.gob.do/wp-content/uploads/2026/09/temperaturas-extremas-y-precipitaciones-2026x09x09-a.pdf
2026-09-09,009,BARRAQUITO (EMA),DUARTE,PROGRAMA MUNDIAL DE ALIMENTO,EMAP,,,15.8,https://indomet.gob.do/wp-content/uploads/2026/09/temperaturas-extremas-y-precipitaciones-2026x09x09-a.pdf
2026-09-09,010,JANICO (EMA),LA VEGA,PLAN SIERRA,EMAI,,,15.0,https://indomet.gob.do/wp-content/uploads/2026/09/temperaturas-extremas-y-precipitaciones-2026x09x09-a.pdf
2026-09-09,011,EL FACTOR (EMA),MARÍA TRINIDAD SÁNCHEZ,INTEC,EMAP,33.7,24.9,13.7,https://indomet.gob.do/wp-content/uploads/2026/09/temperaturas-extremas-y-precipitaciones-2026x09x09-a.pdf
2026-09-09,012,LOS JENGIBRES,NAGUA,INDRHI,EMCI,,,12.3,https://indomet.gob.do/wp-content/uploads/2026/09/temperaturas-extremas-y-precipitaciones-2026x09x09-a.pdf
2026-09-09,013,BONAO,MONSEÑOR NOUEL,MINISTERIO DE AGRICULTURA,EMCV,,,11.7,https://indomet.gob.do/wp-content/uploads/2026/09/temperaturas-extremas-y-precipitaciones-2026x09x09-a.pdf
2026-09-09,014,LAS GORDAS (EMA),MARÍA TRINIDAD SÁNCHEZ,PRIVADA,EMAP,,,10.9,https://indomet.gob.do/wp-content/uploads/2026/09/temperaturas-extremas-y-precipitaciones-2026x09x09-a.pdf
2026-09-09,015,ARPT. EL CATEY,SAMANÁ,INDOMET,EMCI,33.0,22.5,10.2,https://indomet.gob.do/wp-content/uploads/2026/09/temperaturas-extremas-y-precipitaciones-2026x09x09-a.pdf
2026-09-09,016,SABANA DE LA MAR,HATO MAYOR,INDOMET,EMCI,33.0,25.5,10.1,https://indomet.gob.do/wp-content/uploads/2026/09/temperaturas-extremas-y-precipitaciones-2026x09x09-a.pdf
2026-09-09,017,JARABACOA,LA VEGA,INDRHI / MARENA,EMCI,35.2,19.4,9.5,https://indomet.gob.do/wp-content/uploads/2026/09/temperaturas-extremas-y-precipitaciones-2026x09x09-a.pdf
2026-09-09,018,LA VICTORIA,SANTO DOMINGO,CUERPO DE BOMBEROS,EMCI,35.6,25.5,8.9,https://indomet.gob.do/wp-content/uploads/2026/09/temperaturas-extremas-y-precipitaciones-2026x09x09-a.pdf
2026-09-09,019,SALCEDO,HERMANAS MIRABAL,PROPIEDAD DEL EMPLEADO,EMCI,,,6.0,https://indomet.gob.do/wp-content/uploads/2026/09/temperaturas-extremas-y-precipitaciones-2026x09x09-a.pdf
2026-09-09,020,SABANA GRANDE DE BOYÁ,MONTE PLATA,MINISTERIO DE AGRICULTURA,EMCV,,,5.8,https://indomet.gob.do/wp-content/uploads/2026/09/temperaturas-extremas-y-precipitaciones-2026x09x09-a.pdf
2026-09-09,021,JUMA BEJUCAL,MONSEÑOR NOUEL,IDIAF,EMCV,36.0,24.2,5.6,https://indomet.gob.do/wp-content/uploads/2026/09/temperaturas-extremas-y-precipitaciones-2026x09x09-a.pdf
2026-09-09,022,GASPAR HERNÁNDEZ,ESPAILLAT,PROPIEDAD DEL EMPLEADO,EMCI,,,5.4,https://indomet.gob.do/wp-content/uploads/2026/09/temperaturas-extremas-y-precipitaciones-2026x09x09-a.pdf
2026-09-09,023,RÍO SAN JUAN,MARÍA TRINIDAD SÁNCHEZ,HOSP. MPAL. DR. DESIDERIO ACOSTA,EMCV,35.3,25.4,5.4,https://indomet.gob.do/wp-content/uploads/2026/09/temperaturas-extremas-y-precipitaciones-2026x09x09-a.pdf
2026-09-09,024,MICHES (EMA),EL SEIBO,PRIVADA,EMAP,32.3,25.8,5.0,https://indomet.gob.do/wp-content/uploads/2026/09/temperaturas-extremas-y-precipitaciones-2026x09x09-a.pdf
2026-09-09,025,VILLA RIVA,DUARTE,HOSP. MPAL. ALICIA DE LEGENDRE,EMCI,33.8,23.8,4.5,https://indomet.gob.do/wp-content/uploads/2026/09/temperaturas-extremas-y-precipitaciones-2026x09x09-a.pdf
2026-09-09,026,CABRAL,BARAHONA,MINISTERIO DE AGRICULTURA,EMCV,34.9,25.0,4.4,https://indomet.gob.do/wp-content/uploads/2026/09/temperaturas-extremas-y-precipitaciones-2026x09x09-a.pdf
2026-09-09,027,SAMANÁ,SAMANÁ,COMANDANCIA DE PUERTO DE SAMANÁ,EMCI,34.5,18.3,4.2,https://indomet.gob.do/wp-content/uploads/2026/09/temperaturas-extremas-y-precipitaciones-2026x09x09-a.pdf
2026-09-09,028,VILLA GONZALE (EMA),SANTIAGO,IGLESIA,EMAI,,,4.0,https://indomet.gob.do/wp-content/uploads/2026/09/temperaturas-extremas-y-precipitaciones-2026x09x09-a.pdf
2026-09-09,029,VILLA ALTAGRACIA,SAN CRISTÓBAL,ESCUELA JAVIER ANGULO GURIDI,EMCI,,,3.2,https://indomet.gob.do/wp-content/uploads/2026/09/temperaturas-extremas-y-precipitaciones-2026x09x09-a.pdf
2026-09-09,030,EL SEIBO,EL SEIBO,MINISTERIO DE AGRICULTURA,EMCV,,,3.0,https://indomet.gob.do/wp-content/uploads/2026/09/temperaturas-extremas-y-precipitaciones-2026x09x09-a.pdf
2026-09-09,031,LOS LLANOS,SAN PEDRO DE MACORÍS,MINISTERIO DE AGRICULTURA,EMCI,34.0,24.4,3.0,https://indomet.gob.do/wp-content/uploads/2026/09/temperaturas-extremas-y-precipitaciones-2026x09x09-a.pdf
2026-09-09,032,ALTO BANDERA (EMA),LA VEGA,INTEC,EMAP,16.7,7.4,2.8,https://indomet.gob.do/wp-content/uploads/2026/09/temperaturas-extremas-y-precipitaciones-2026x09x09-a.pdf
2026-09-09,033,ARENOSO (EMA),DUARTE,PROGRAMA MUNDIAL DE ALIMENTO,EMAP,,,2.6,https://indomet.gob.do/wp-content/uploads/2026/09/temperaturas-extremas-y-precipitaciones-2026x09x09-a.pdf
2026-09-09,034,SAN RAFAEL DEL YUMA,LA ALTAGRACIA,MINISTERIO DE AGRICULTURA,EMCI,35.4,25.4,2.5,https://indomet.gob.do/wp-content/uploads/2026/09/temperaturas-extremas-y-precipitaciones-2026x09x09-a.pdf
2026-09-09,035,POLO,BARAHONA,INDOCAFE,EMCI,30.5,17.0,2.1,https://indomet.gob.do/wp-content/uploads/2026/09/temperaturas-extremas-y-precipitaciones-2026x09x09-a.pdf
2026-09-09,036,ARPT. GREGORIO LUPERÓN,PUERTO PLATA,INDOMET,EMCI,33.6,24.4,2.0,https://indomet.gob.do/wp-content/uploads/2026/09/temperaturas-extremas-y-precipitaciones-2026x09x09-a.pdf
2026-09-09,037,PRESA DE TAVERAS (EMA),LA VEGA,PROGRAMA MUNDIAL DE ALIMENTO,EMAP,34.6,23.7,1.6,https://indomet.gob.do/wp-content/uploads/2026/09/temperaturas-extremas-y-precipitaciones-2026x09x09-a.pdf
2026-09-09,038,SAJOMA (EMA),SANTIAGO,PLAN SIERRA,EMAI,34.1,25.8,1.6,https://indomet.gob.do/wp-content/uploads/2026/09/temperaturas-extremas-y-precipitaciones-2026x09x09-a.pdf
2026-09-09,039,RANCHO ARRIBA,SAN JOSÉ DE OCOA,CENTRO TECNOLÓGICO COMUNITARIO,EMCI,35.5,21.9,1.0,https://indomet.gob.do/wp-content/uploads/2026/09/temperaturas-extremas-y-precipitaciones-2026x09x09-a.pdf
2026-09-09,040,ANAMUYA (EMA),LA ALTAGRACIA,MINISTERIO DE AGRICULTURA,EMAP,34.1,25.3,0.4,https://indomet.gob.do/wp-content/uploads/2026/09/temperaturas-extremas-y-precipitaciones-2026x09x09-a.pdf
2026-09-09,041,ARPT. MARÍA MONTEZ,BARAHONA,INDOMET,EMCI,35.0,25.8,0.4,https://indomet.gob.do/wp-content/uploads/2026/09/temperaturas-extremas-y-precipitaciones-2026x09x09-a.pdf
2026-09-09,042,ENRIQUILLO,BARAHONA,MINISTERIO DE AGRICULTURA,EMCV,33.8,24.4,0.4,https://indomet.gob.do/wp-content/uploads/2026/09/temperaturas-extremas-y-precipitaciones-2026x09x09-a.pdf
2026-09-09,043,EL MILLON (EMA),DISTRITO NACIONAL,PRIVADA,EMAP,,,0.3,https://indomet.gob.do/wp-content/uploads/2026/09/temperaturas-extremas-y-precipitaciones-2026x09x09-a.pdf
2026-09-09,044,HATO MAYOR,HATO MAYOR,MINISTERIO DE AGRICULTURA,EMCV,,,0.3,https://indomet.gob.do/wp-content/uploads/2026/09/temperaturas-extremas-y-precipitaciones-2026x09x09-a.pdf
2026-09-09,045,ARPT. DE PUNTA CANA,LA ALTAGRACIA,INDOMET,EMCI,32.5,24.0,0.2,https://indomet.gob.do/wp-content/uploads/2026/09/temperaturas-extremas-y-precipitaciones-2026x09x09-a.pdf
2026-09-09,046,CONSTANZA,LA VEGA,MINISTERIO DE AGRICULTURA,EMCI,28.4,17.3,0.2,https://indomet.gob.do/wp-content/uploads/2026/09/temperaturas-extremas-y-precipitaciones-2026x09x09-a.pdf
2026-09-09,047,SAN JOSÉ DE OCOA,SAN JOSÉ DE OCOA,HOSP. SAN JOSÉ DE OCOA,EMCI,34.6,25.1,0.1,https://indomet.gob.do/wp-content/uploads/2026/09/temperaturas-extremas-y-precipitaciones-2026x09x09-a.pdf
2026-09-09,048,TAMBORIL,SANTIAGO,MINISTERIO DE AGRICULTURA,EMCV,,,0.0,https://indomet.gob.do/wp-content/uploads/2026/09/temperaturas-extremas-y-precipitaciones-2026x09x09-a.pdf
2026-09-09,049,ALTAMIRA,PUERTO PLATA,HOSP. MPAL. DE ALTAMIRA,EMCI,34.6,24.1,0.0,https://indomet.gob.do/wp-content/uploads/2026/09/temperaturas-extremas-y-precipitaciones-2026x09x09-a.pdf
2026-09-09,050,ARPT. DE LA ROMANA,LA ROMANA,INDOMET,EMCI,35.0,23.6,0.0,https://indomet.gob.do/wp-content/uploads/2026/09/temperaturas-extremas-y-precipitaciones-2026x09x09-a.pdf
2026-09-09,051,ARPT. DE LAS AMÉRICAS,SANTO DOMINGO,INDOMET,EMCI,33.3,24.1,0.0,https://indomet.gob.do/wp-content/uploads/2026/09/temperaturas-extremas-y-precipitaciones-2026x09x09-a.pdf
2026-09-09,052,ARPT. DEL CIBAO,SANTIAGO,INDOMET,EMCI,36.5,24.8,0.0,https://indomet.gob.do/wp-content/uploads/2026/09/temperaturas-extremas-y-precipitaciones-2026x09x09-a.pdf
2026-09-09,053,ARPT. LA ISABELA,SANTO DOMINGO,INDOMET,EMCI,34.9,24.5,0.0,https://indomet.gob.do/wp-content/uploads/2026/09/temperaturas-extremas-y-precipitaciones-2026x09x09-a.pdf
2026-09-09,054,ARROYO LORO,SAN JUAN,IDIAF,EMCI,36.3,20.7,0.0,https://indomet.gob.do/wp-content/uploads/2026/09/temperaturas-extremas-y-precipitaciones-2026x09x09-a.pdf
2026-09-09,055,BANI (EMA),PERAVIA,MINISTERIO DE AGRICULTURA,EMAP,34.2,28.1,0.0,https://indomet.gob.do/wp-content/uploads/2026/09/temperaturas-extremas-y-precipitaciones-2026x09x09-a.pdf
2026-09-09,056,BASE AÉREA DE SAN ISIDRO,SANTO DOMINGO,FUERZA AÉREA DOMINICANA,EMCV,35.2,24.9,0.0,https://indomet.gob.do/wp-content/uploads/2026/09/temperaturas-extremas-y-precipitaciones-2026x09x09-a.pdf
2026-09-09,057,BOCA DE MAO (EMA),VALVERDE,MINISTERIO DE AGRICULTURA,EMAP,38.0,26.3,0.0,https://indomet.gob.do/wp-content/uploads/2026/09/temperaturas-extremas-y-precipitaciones-2026x09x09-a.pdf
2026-09-09,058,BOHECHÍO,SAN JUAN,MINISTERIO DE AGRICULTURA,EMCV,,,0.0,https://indomet.gob.do/wp-content/uploads/2026/09/temperaturas-extremas-y-precipitaciones-2026x09x09-a.pdf
2026-09-09,059,BUCARA (EMA),SANTIAGO,MINISTERIO DE AGRICULTURA,EMAI,,,0.0,https://indomet.gob.do/wp-content/uploads/2026/09/temperaturas-extremas-y-precipitaciones-2026x09x09-a.pdf
2026-09-09,060,CENTRO DE LOS HEROES (EMA),DISTRITO NACIONAL,MINISTERIO DE ENERGIA Y MINA,EMAP,33.9,28.2,0.0,https://indomet.gob.do/wp-content/uploads/2026/09/temperaturas-extremas-y-precipitaciones-2026x09x09-a.pdf
2026-09-09,061,CONSTANZA (EMA),LA VEGA,PROGRAMA MUNDIAL DE ALIMENTO,EMAP,27.3,18.3,0.0,https://indomet.gob.do/wp-content/uploads/2026/09/temperaturas-extremas-y-precipitaciones-2026x09x09-a.pdf
2026-09-09,062,COTUÍ,SÁNCHEZ RAMÍREZ,HOSP. INMACULADA CONCEPCIÓN,EMCV,,,0.0,https://indomet.gob.do/wp-content/uploads/2026/09/temperaturas-extremas-y-precipitaciones-2026x09x09-a.pdf
2026-09-09,063,DAJABÓN,DAJABÓN,INSTITUTO POLITÉCNICO LOYOLA,EMCI,36.7,24.2,0.0,https://indomet.gob.do/wp-content/uploads/2026/09/temperaturas-extremas-y-precipitaciones-2026x09x09-a.pdf
2026-09-09,064,EL CERCADO,SAN JUAN,MINISTERIO DE AGRICULTURA,EMCV,,,0.0,https://indomet.gob.do/wp-content/uploads/2026/09/temperaturas-extremas-y-precipitaciones-2026x09x09-a.pdf
2026-09-09,065,ELÍAS PIÑA,ELÍAS PIÑA,MINISTERIO DE AGRICULTURA,EMCV,,,0.0,https://indomet.gob.do/wp-content/uploads/2026/09/temperaturas-extremas-y-precipitaciones-2026x09x09-a.pdf
2026-09-09,066,ENSANCHE LA FE (EMA),DISTRITO NACIONAL,PRIVADA,EMAP,,,0.0,https://indomet.gob.do/wp-content/uploads/2026/09/temperaturas-extremas-y-precipitaciones-2026x09x09-a.pdf
2026-09-09,067,ESCONDIDO,PERAVIA,MINISTERIO DE AGRICULTURA,EMCV,34.0,26.0,0.0,https://indomet.gob.do/wp-content/uploads/2026/09/temperaturas-extremas-y-precipitaciones-2026x09x09-a.pdf
2026-09-09,068,GURABO,SANTIAGO,MINISTERIO DE AGRICULTURA,EMCV,,,0.0,https://indomet.gob.do/wp-content/uploads/2026/09/temperaturas-extremas-y-precipitaciones-2026x09x09-a.pdf
2026-09-09,069,HONDO VALLE,ELÍAS PIÑA,MINISTERIO DE AGRICULTURA,EMCI,29.7,19.7,0.0,https://indomet.gob.do/wp-content/uploads/2026/09/temperaturas-extremas-y-precipitaciones-2026x09x09-a.pdf
2026-09-09,070,JARDÍN BOTÁNICO NACIONAL,DISTRITO NACIONAL,JARDÍN BOTÁNICO NACIONAL,EMCV,34.3,25.4,0.0,https://indomet.gob.do/wp-content/uploads/2026/09/temperaturas-extremas-y-precipitaciones-2026x09x09-a.pdf
2026-09-09,071,JARDÍN BOTÁNICO SANTIAGO (EMSANTIAGO,,JARDIN BOTANICO SANTIAGO,EMAI,36.8,28.9,0.0,https://indomet.gob.do/wp-content/uploads/2026/09/temperaturas-extremas-y-precipitaciones-2026x09x09-a.pdf
2026-09-09,072,JIMANÍ,INDEPENDENCIA,MINISTERIO DE AGRICULTURA,EMCI,37.5,27.0,0.0,https://indomet.gob.do/wp-content/uploads/2026/09/temperaturas-extremas-y-precipitaciones-2026x09x09-a.pdf
2026-09-09,073,LA AGUSTINA (EMA),DISTRITO NACIONAL,PRIVADA,EMAP,,,0.0,https://indomet.gob.do/wp-content/uploads/2026/09/temperaturas-extremas-y-precipitaciones-2026x09x09-a.pdf
2026-09-09,074,LAS MATAS DE FARFÁN,SAN JUAN,MINISTERIO DE AGRICULTURA,EMCV,,,0.0,https://indomet.gob.do/wp-content/uploads/2026/09/temperaturas-extremas-y-precipitaciones-2026x09x09-a.pdf
2026-09-09,075,LOS COCOS (EMA),BAHORUCO,PRIVADA,EMAP,,,0.0,https://indomet.gob.do/wp-content/uploads/2026/09/temperaturas-extremas-y-precipitaciones-2026x09x09-a.pdf
2026-09-09,076,LOS TRES CHARCOS (EMA),PEDERNALES,PROPIEDAD DEL VOLUNTARIO,EMAP,,,0.0,https://indomet.gob.do/wp-content/uploads/2026/09/temperaturas-extremas-y-precipitaciones-2026x09x09-a.pdf
2026-09-09,077,LUPERÓN,PUERTO PLATA,MINISTERIO DE AGRICULTURA,EMCV,,,0.0,https://indomet.gob.do/wp-content/uploads/2026/09/temperaturas-extremas-y-precipitaciones-2026x09x09-a.pdf
2026-09-09,078,MAO,VALVERDE,INDRHI / MINISTERIO DE AGRICULTURA,EMCV,,,0.0,https://indomet.gob.do/wp-content/uploads/2026/09/temperaturas-extremas-y-precipitaciones-2026x09x09-a.pdf
2026-09-09,079,MONCIÓN (EMA),SANTIAGO RODRÍGUEZ,PROGRAMA MUNDIAL DE ALIMENTO,EMAP,34.1,23.2,0.0,https://indomet.gob.do/wp-content/uploads/2026/09/temperaturas-extremas-y-precipitaciones-2026x09x09-a.pdf
2026-09-09,080,MONTE CRISTI,MONTE CRISTI,INDOMET,EMCI,35.0,26.2,0.0,https://indomet.gob.do/wp-content/uploads/2026/09/temperaturas-extremas-y-precipitaciones-2026x09x09-a.pdf
2026-09-09,081,OLIVARES,PEDERNALES,INDRHI,EMCI,,,0.0,https://indomet.gob.do/wp-content/uploads/2026/09/temperaturas-extremas-y-precipitaciones-2026x09x09-a.pdf
2026-09-09,082,OVIEDO,PEDERNALES,CLÍNICA RURAL OVIEDO,EMCI,35.0,24.6,0.0,https://indomet.gob.do/wp-content/uploads/2026/09/temperaturas-extremas-y-precipitaciones-2026x09x09-a.pdf
2026-09-09,083,PADRE LAS CASAS,AZUA,HOSP. NTRA. SRA. DEL CARMEN,EMCI,33.2,20.4,0.0,https://indomet.gob.do/wp-content/uploads/2026/09/temperaturas-extremas-y-precipitaciones-2026x09x09-a.pdf
2026-09-09,084,PALO ÍNDIO,PUERTO PLATA,MINISTERIO DE AGRICULTURA,EMCI,,,0.0,https://indomet.gob.do/wp-content/uploads/2026/09/temperaturas-extremas-y-precipitaciones-2026x09x09-a.pdf
2026-09-09,085,PASO AL MEDIO,SAN PEDRO DE MACORÍS,INDRHI,EMCI,,,0.0,https://indomet.gob.do/wp-content/uploads/2026/09/temperaturas-extremas-y-precipitaciones-2026x09x09-a.pdf
2026-09-09,086,PEDERNALES,PEDERNALES,INDRHI,EMCI,,,0.0,https://indomet.gob.do/wp-content/uploads/2026/09/temperaturas-extremas-y-precipitaciones-2026x09x09-a.pdf
2026-09-09,087,PERALTA,AZUA,HOSP. MPAL. DE PERALTA,EMCI,35.0,21.7,0.0,https://indomet.gob.do/wp-content/uploads/2026/09/temperaturas-extremas-y-precipitaciones-2026x09x09-a.pdf
2026-09-09,088,PROLONGACION 27 DE FEBRERO,DISTRITO NACIONAL,PRIVADA,EMAP,,,0.0,https://indomet.gob.do/wp-content/uploads/2026/09/temperaturas-extremas-y-precipitaciones-2026x09x09-a.pdf
2026-09-09,089,RESTAURACIÓN,DAJABÓN,MINISTERIO DE AGRICULTURA,EMCI,31.8,20.1,0.0,https://indomet.gob.do/wp-content/uploads/2026/09/temperaturas-extremas-y-precipitaciones-2026x09x09-a.pdf
2026-09-09,090,SABANETA (EMA),SANTIAGO RODRÍGUEZ,PROGRAMA MUNDIAL DE ALIMENTO,EMAP,36.7,24.2,0.0,https://indomet.gob.do/wp-content/uploads/2026/09/temperaturas-extremas-y-precipitaciones-2026x09x09-a.pdf
2026-09-09,091,SAN CRISTÓBAL,SAN CRISTÓBAL,INSTITUTO POLITÉCNICO LOYOLA,EMCI,33.5,24.0,0.0,https://indomet.gob.do/wp-content/uploads/2026/09/temperaturas-extremas-y-precipitaciones-2026x09x09-a.pdf
2026-09-09,092,SAN FRANCISCO DE MACORÍS,DUARTE,San Francisco de Macorís (UASD),EMCI,33.4,24.8,0.0,https://indomet.gob.do/wp-content/uploads/2026/09/temperaturas-extremas-y-precipitaciones-2026x09x09-a.pdf
2026-09-09,093,SANTIAGO (CENTRO),SANTIAGO,HUACALITO,EMCI,,,0.0,https://indomet.gob.do/wp-content/uploads/2026/09/temperaturas-extremas-y-precipitaciones-2026x09x09-a.pdf
2026-09-09,094,SANTIAGO RODRÍGUEZ,SANTIAGO RODRÍGUEZ,INDOMET,EMCI,36.5,23.4,0.0,https://indomet.gob.do/wp-content/uploads/2026/09/temperaturas-extremas-y-precipitaciones-2026x09x09-a.pdf
2026-09-09,095,SANTO DOMINGO ESTE,SANTO DOMINGO,INDOMET,EMCI,33.8,24.1,0.0,https://indomet.gob.do/wp-content/uploads/2026/09/temperaturas-extremas-y-precipitaciones-2026x09x09-a.pdf
2026-09-09,096,TÁBARA ABAJO,AZUA,INDRHI,EMCI,32.7,22.5,0.0,https://indomet.gob.do/wp-content/uploads/2026/09/temperaturas-extremas-y-precipitaciones-2026x09x09-a.pdf
2026-09-09,097,VILLA GONZALES,SANTIAGO,MINISTERIO DE AGRICULTURA,EMCI,,,0.0,https://indomet.gob.do/wp-content/uploads/2026/09/temperaturas-extremas-y-precipitaciones-2026x09x09-a.pdf
2026-09-09,098,VILLA ISABELA,PUERTO PLATA,MINISTERIO DE AGRICULTURA,EMCV,34.0,24.0,0.0,https://indomet.gob.do/wp-content/uploads/2026/09/temperaturas-extremas-y-precipitaciones-2026x09x09-a.pdf
2026-09-09,099,VILLA VASQUEZ (EMA),MONTE CRISTI,JUNTA DE REGANTES,EMAI,,,0.0,https://indomet.gob.do/wp-content/uploads/2026/09/temperaturas-extremas-y-precipitaciones-2026x09x09-a.pdf
2026-09-10,001,VILLA RIVA,,,,33.4,23.5,38.6,https://indomet.gob.do/wp-content/uploads/2026/09/temperaturas-extremas-y-precipitaciones-2026x09x10-a.pdf
2026-09-10,002,SÁNCHEZ,,,,33.7,22.7,24.8,https://indomet.gob.do/wp-content/uploads/2026/09/temperaturas-extremas-y-precipitaciones-2026x09x10-a.pdf
2026-09-10,003,VILLA ALTAGRACIA,,,,,,24.1,https://indomet.gob.do/wp-content/uploads/2026/09/temperaturas-extremas-y-precipitaciones-2026x09x10-a.pdf
2026-09-10,004,SAN FRANCISCO DE MACORÍS,,,,36.3,23.8,23.8,https://indomet.gob.do/wp-content/uploads/2026/09/temperaturas-extremas-y-precipitaciones-2026x09x10-a.pdf
2026-09-10,005,ARPT. EL CATEY,,,,34.0,23.2,20.8,https://indomet.gob.do/wp-content/uploads/2026/09/temperaturas-extremas-y-precipitaciones-2026x09x10-a.pdf
2026-09-10,006,COTUÍ (EMA),,,,35.7,24.4,19.4,https://indomet.gob.do/wp-content/uploads/2026/09/temperaturas-extremas-y-precipitaciones-2026x09x10-a.pdf
2026-09-10,007,POLO,,,,30.3,19.5,16.2,https://indomet.gob.do/wp-content/uploads/2026/09/temperaturas-extremas-y-precipitaciones-2026x09x10-a.pdf
2026-09-10,008,JUMA BEJUCAL,,,,34.8,23.8,15.7,https://indomet.gob.do/wp-content/uploads/2026/09/temperaturas-extremas-y-precipitaciones-2026x09x10-a.pdf
2026-09-10,009,LOS JENGIBRES,,,,,,11.5,https://indomet.gob.do/wp-content/uploads/2026/09/temperaturas-extremas-y-precipitaciones-2026x09x10-a.pdf
2026-09-10,010,SABANA GRANDE DE BOYÁ,,,,,,11.4,https://indomet.gob.do/wp-content/uploads/2026/09/temperaturas-extremas-y-precipitaciones-2026x09x10-a.pdf
2026-09-10,011,LOS LLANOS,,,,34.5,24.3,11.2,https://indomet.gob.do/wp-content/uploads/2026/09/temperaturas-extremas-y-precipitaciones-2026x09x10-a.pdf
2026-09-10,012,SALCEDO,,,,,,10.9,https://indomet.gob.do/wp-content/uploads/2026/09/temperaturas-extremas-y-precipitaciones-2026x09x10-a.pdf
2026-09-10,013,GASPAR HERNÁNDEZ,,,,,,10.4,https://indomet.gob.do/wp-content/uploads/2026/09/temperaturas-extremas-y-precipitaciones-2026x09x10-a.pdf
2026-09-10,014,ARPT. GREGORIO LUPERÓN,,,,34.5,23.4,7.4,https://indomet.gob.do/wp-content/uploads/2026/09/temperaturas-extremas-y-precipitaciones-2026x09x10-a.pdf
2026-09-10,015,BONAO,,,,,,7.1,https://indomet.gob.do/wp-content/uploads/2026/09/temperaturas-extremas-y-precipitaciones-2026x09x10-a.pdf
2026-09-10,016,SAN RAFAEL DEL YUMA,,,,35.4,25.5,6.9,https://indomet.gob.do/wp-content/uploads/2026/09/temperaturas-extremas-y-precipitaciones-2026x09x10-a.pdf
2026-09-10,017,BAYAGUANA,,,,35.0,21.0,5.7,https://indomet.gob.do/wp-content/uploads/2026/09/temperaturas-extremas-y-precipitaciones-2026x09x10-a.pdf
2026-09-10,018,ARPT. DE PUNTA CANA,,,,33.2,23.0,5.2,https://indomet.gob.do/wp-content/uploads/2026/09/temperaturas-extremas-y-precipitaciones-2026x09x10-a.pdf
2026-09-10,019,LA VEGA,,,,35.3,23.6,4.5,https://indomet.gob.do/wp-content/uploads/2026/09/temperaturas-extremas-y-precipitaciones-2026x09x10-a.pdf
2026-09-10,020,OVIEDO,,,,35.0,24.5,4.5,https://indomet.gob.do/wp-content/uploads/2026/09/temperaturas-extremas-y-precipitaciones-2026x09x10-a.pdf
2026-09-10,021,RÍO SAN JUAN,,,,35.2,24.5,3.6,https://indomet.gob.do/wp-content/uploads/2026/09/temperaturas-extremas-y-precipitaciones-2026x09x10-a.pdf
2026-09-10,022,ENRIQUILLO,,,,34.0,25.0,3.0,https://indomet.gob.do/wp-content/uploads/2026/09/temperaturas-extremas-y-precipitaciones-2026x09x10-a.pdf
2026-09-10,023,JARDÍN BOTÁNICO SANTIAGO (EM,,,,36.4,27.8,2.8,https://indomet.gob.do/wp-content/uploads/2026/09/temperaturas-extremas-y-precipitaciones-2026x09x10-a.pdf
2026-09-10,024,HATO MAYOR,,,,,,2.8,https://indomet.gob.do/wp-content/uploads/2026/09/temperaturas-extremas-y-precipitaciones-2026x09x10-a.pdf
2026-09-10,025,ALTAMIRA,,,,36.9,23.6,2.6,https://indomet.gob.do/wp-content/uploads/2026/09/temperaturas-extremas-y-precipitaciones-2026x09x10-a.pdf
2026-09-10,026,DAJABÓN,,,,37.0,23.1,2.3,https://indomet.gob.do/wp-content/uploads/2026/09/temperaturas-extremas-y-precipitaciones-2026x09x10-a.pdf
2026-09-10,027,ARPT. LA ISABELA,,,,35.0,25.0,2.0,https://indomet.gob.do/wp-content/uploads/2026/09/temperaturas-extremas-y-precipitaciones-2026x09x10-a.pdf
2026-09-10,028,EL FACTOR (EMA),,,,33.3,25.1,2.0,https://indomet.gob.do/wp-content/uploads/2026/09/temperaturas-extremas-y-precipitaciones-2026x09x10-a.pdf
2026-09-10,029,ALTO BANDERA (EMA),,,,13.1,8.7,1.8,https://indomet.gob.do/wp-content/uploads/2026/09/temperaturas-extremas-y-precipitaciones-2026x09x10-a.pdf
2026-09-10,030,JARABACOA,,,,34.2,18.6,1.5,https://indomet.gob.do/wp-content/uploads/2026/09/temperaturas-extremas-y-precipitaciones-2026x09x10-a.pdf
2026-09-10,031,PALO ÍNDIO,,,,,,1.3,https://indomet.gob.do/wp-content/uploads/2026/09/temperaturas-extremas-y-precipitaciones-2026x09x10-a.pdf
2026-09-10,032,MICHES (EMA),,,,34.4,24.4,1.2,https://indomet.gob.do/wp-content/uploads/2026/09/temperaturas-extremas-y-precipitaciones-2026x09x10-a.pdf
2026-09-10,033,RANCHO ARRIBA,,,,30.3,19.4,1.2,https://indomet.gob.do/wp-content/uploads/2026/09/temperaturas-extremas-y-precipitaciones-2026x09x10-a.pdf
2026-09-10,034,SAMANÁ,,,,34.8,19.4,1.2,https://indomet.gob.do/wp-content/uploads/2026/09/temperaturas-extremas-y-precipitaciones-2026x09x10-a.pdf
2026-09-10,035,RESTAURACIÓN,,,,32.9,19.2,1.1,https://indomet.gob.do/wp-content/uploads/2026/09/temperaturas-extremas-y-precipitaciones-2026x09x10-a.pdf
2026-09-10,036,TAVERA,,,,,,0.7,https://indomet.gob.do/wp-content/uploads/2026/09/temperaturas-extremas-y-precipitaciones-2026x09x10-a.pdf
2026-09-10,037,ARPT. DEL CIBAO,,,,35.8,23.6,0.6,https://indomet.gob.do/wp-content/uploads/2026/09/temperaturas-extremas-y-precipitaciones-2026x09x10-a.pdf
2026-09-10,038,VILLA VASQUEZ (EMA),,,,,,0.6,https://indomet.gob.do/wp-content/uploads/2026/09/temperaturas-extremas-y-precipitaciones-2026x09x10-a.pdf
2026-09-10,039,ARPT. ARROYO BARRIL,,,,35.0,23.0,0.5,https://indomet.gob.do/wp-content/uploads/2026/09/temperaturas-extremas-y-precipitaciones-2026x09x10-a.pdf
2026-09-10,040,CABRERA,,,,34.6,23.0,0.5,https://indomet.gob.do/wp-content/uploads/2026/09/temperaturas-extremas-y-precipitaciones-2026x09x10-a.pdf
2026-09-10,041,CABRAL,,,,35.1,25.0,0.2,https://indomet.gob.do/wp-content/uploads/2026/09/temperaturas-extremas-y-precipitaciones-2026x09x10-a.pdf
2026-09-10,042,CONSTANZA,,,,28.2,14.5,0.2,https://indomet.gob.do/wp-content/uploads/2026/09/temperaturas-extremas-y-precipitaciones-2026x09x10-a.pdf
2026-09-10,043,SAN JOSÉ DE OCOA,,,,33.0,24.9,0.2,https://indomet.gob.do/wp-content/uploads/2026/09/temperaturas-extremas-y-precipitaciones-2026x09x10-a.pdf
2026-09-10,044,TAMBORIL,,,,,,0.2,https://indomet.gob.do/wp-content/uploads/2026/09/temperaturas-extremas-y-precipitaciones-2026x09x10-a.pdf
2026-09-10,045,VILLA GONZALE (EMA),,,,,,0.2,https://indomet.gob.do/wp-content/uploads/2026/09/temperaturas-extremas-y-precipitaciones-2026x09x10-a.pdf
2026-09-10,046,ARROYO LORO,,,,36.4,21.5,0.1,https://indomet.gob.do/wp-content/uploads/2026/09/temperaturas-extremas-y-precipitaciones-2026x09x10-a.pdf
2026-09-10,047,MONTE CRISTI,,,,36.4,26.0,0.1,https://indomet.gob.do/wp-content/uploads/2026/09/temperaturas-extremas-y-precipitaciones-2026x09x10-a.pdf
2026-09-10,048,TÁBARA ABAJO,,,,34.5,20.5,0.1,https://indomet.gob.do/wp-content/uploads/2026/09/temperaturas-extremas-y-precipitaciones-2026x09x10-a.pdf
2026-09-10,049,ANAMUYA (EMA),,,,33.7,25.5,0.0,https://indomet.gob.do/wp-content/uploads/2026/09/temperaturas-extremas-y-precipitaciones-2026x09x10-a.pdf
2026-09-10,050,ARPT. DE LA ROMANA,,,,35.6,24.5,0.0,https://indomet.gob.do/wp-content/uploads/2026/09/temperaturas-extremas-y-precipitaciones-2026x09x10-a.pdf
2026-09-10,051,ARPT. DE LAS AMÉRICAS,,,,33.8,25.4,0.0,https://indomet.gob.do/wp-content/uploads/2026/09/temperaturas-extremas-y-precipitaciones-2026x09x10-a.pdf
2026-09-10,052,ARPT. MARÍA MONTEZ,,,,34.4,25.8,0.0,https://indomet.gob.do/wp-content/uploads/2026/09/temperaturas-extremas-y-precipitaciones-2026x09x10-a.pdf
2026-09-10,053,BANI (EMA),,,,33.3,27.6,0.0,https://indomet.gob.do/wp-content/uploads/2026/09/temperaturas-extremas-y-precipitaciones-2026x09x10-a.pdf
2026-09-10,054,BASE AÉREA DE SAN ISIDRO,,,,35.0,24.5,0.0,https://indomet.gob.do/wp-content/uploads/2026/09/temperaturas-extremas-y-precipitaciones-2026x09x10-a.pdf
2026-09-10,055,BOCA DE MAO (EMA),,,,37.6,25.3,0.0,https://indomet.gob.do/wp-content/uploads/2026/09/temperaturas-extremas-y-precipitaciones-2026x09x10-a.pdf
2026-09-10,056,BOHECHÍO,,,,,,0.0,https://indomet.gob.do/wp-content/uploads/2026/09/temperaturas-extremas-y-precipitaciones-2026x09x10-a.pdf
2026-09-10,057,BUCARA (EMA),,,,,,0.0,https://indomet.gob.do/wp-content/uploads/2026/09/temperaturas-extremas-y-precipitaciones-2026x09x10-a.pdf
2026-09-10,058,CENTRO DE LOS HEROES (EMA),,,,33.4,28.2,0.0,https://indomet.gob.do/wp-content/uploads/2026/09/temperaturas-extremas-y-precipitaciones-2026x09x10-a.pdf
2026-09-10,059,CONSTANZA (EMA),,,,27.4,15.5,0.0,https://indomet.gob.do/wp-content/uploads/2026/09/temperaturas-extremas-y-precipitaciones-2026x09x10-a.pdf
2026-09-10,060,EL MILLON (EMA),,,,,,0.0,https://indomet.gob.do/wp-content/uploads/2026/09/temperaturas-extremas-y-precipitaciones-2026x09x10-a.pdf
2026-09-10,061,ELÍAS PIÑA,,,,,,0.0,https://indomet.gob.do/wp-content/uploads/2026/09/temperaturas-extremas-y-precipitaciones-2026x09x10-a.pdf
2026-09-10,062,ENSANCHE LA FE (EMA),,,,,,0.0,https://indomet.gob.do/wp-content/uploads/2026/09/temperaturas-extremas-y-precipitaciones-2026x09x10-a.pdf
2026-09-10,063,ESCONDIDO,,,,33.0,28.0,0.0,https://indomet.gob.do/wp-content/uploads/2026/09/temperaturas-extremas-y-precipitaciones-2026x09x10-a.pdf
2026-09-10,064,GURABO,,,,,,0.0,https://indomet.gob.do/wp-content/uploads/2026/09/temperaturas-extremas-y-precipitaciones-2026x09x10-a.pdf
2026-09-10,065,HONDO VALLE,,,,29.5,18.7,0.0,https://indomet.gob.do/wp-content/uploads/2026/09/temperaturas-extremas-y-precipitaciones-2026x09x10-a.pdf
2026-09-10,066,JARDÍN BOTÁNICO NACIONAL,,,,32.9,24.5,0.0,https://indomet.gob.do/wp-content/uploads/2026/09/temperaturas-extremas-y-precipitaciones-2026x09x10-a.pdf
2026-09-10,067,LA AGUSTINA (EMA),,,,,,0.0,https://indomet.gob.do/wp-content/uploads/2026/09/temperaturas-extremas-y-precipitaciones-2026x09x10-a.pdf
2026-09-10,068,LA VICTORIA,,,,33.8,24.5,0.0,https://indomet.gob.do/wp-content/uploads/2026/09/temperaturas-extremas-y-precipitaciones-2026x09x10-a.pdf
2026-09-10,069,LAS CANAS (EMA),,,,31.1,24.3,0.0,https://indomet.gob.do/wp-content/uploads/2026/09/temperaturas-extremas-y-precipitaciones-2026x09x10-a.pdf
2026-09-10,070,LAS MATAS DE FARFÁN,,,,,,0.0,https://indomet.gob.do/wp-content/uploads/2026/09/temperaturas-extremas-y-precipitaciones-2026x09x10-a.pdf
2026-09-10,071,LAS MATAS DE SANTA CRUZ,,,,,,0.0,https://indomet.gob.do/wp-content/uploads/2026/09/temperaturas-extremas-y-precipitaciones-2026x09x10-a.pdf
2026-09-10,072,LOS CACICAZGOS (EMA),,,,,,0.0,https://indomet.gob.do/wp-content/uploads/2026/09/temperaturas-extremas-y-precipitaciones-2026x09x10-a.pdf
2026-09-10,073,LOS COCOS (EMA),,,,,,0.0,https://indomet.gob.do/wp-content/uploads/2026/09/temperaturas-extremas-y-precipitaciones-2026x09x10-a.pdf
2026-09-10,074,LOS TRES CHARCOS (EMA),,,,34.2,27.5,0.0,https://indomet.gob.do/wp-content/uploads/2026/09/temperaturas-extremas-y-precipitaciones-2026x09x10-a.pdf
2026-09-10,075,LOYOLA (EMA),,,,,,0.0,https://indomet.gob.do/wp-content/uploads/2026/09/temperaturas-extremas-y-precipitaciones-2026x09x10-a.pdf
2026-09-10,076,MAO,,,,,,0.0,https://indomet.gob.do/wp-content/uploads/2026/09/temperaturas-extremas-y-precipitaciones-2026x09x10-a.pdf
2026-09-10,077,MONCIÓN (EMA),,,,35.1,21.6,0.0,https://indomet.gob.do/wp-content/uploads/2026/09/temperaturas-extremas-y-precipitaciones-2026x09x10-a.pdf
2026-09-10,078,NAVARRETE,,,,,,0.0,https://indomet.gob.do/wp-content/uploads/2026/09/temperaturas-extremas-y-precipitaciones-2026x09x10-a.pdf
2026-09-10,079,OLIVARES,,,,,,0.0,https://indomet.gob.do/wp-content/uploads/2026/09/temperaturas-extremas-y-precipitaciones-2026x09x10-a.pdf
2026-09-10,080,PADRE LAS CASAS,,,,33.5,20.5,0.0,https://indomet.gob.do/wp-content/uploads/2026/09/temperaturas-extremas-y-precipitaciones-2026x09x10-a.pdf
2026-09-10,081,PASO AL MEDIO,,,,,,0.0,https://indomet.gob.do/wp-content/uploads/2026/09/temperaturas-extremas-y-precipitaciones-2026x09x10-a.pdf
2026-09-10,082,PEDERNALES,,,,,,0.0,https://indomet.gob.do/wp-content/uploads/2026/09/temperaturas-extremas-y-precipitaciones-2026x09x10-a.pdf
2026-09-10,083,PERALTA,,,,35.7,20.0,0.0,https://indomet.gob.do/wp-content/uploads/2026/09/temperaturas-extremas-y-precipitaciones-2026x09x10-a.pdf
2026-09-10,084,PRESA DE TAVERAS (EMA),,,,33.3,23.3,0.0,https://indomet.gob.do/wp-content/uploads/2026/09/temperaturas-extremas-y-precipitaciones-2026x09x10-a.pdf
2026-09-10,085,PROLONGACION 27 DE FEBRERO,,,,,,0.0,https://indomet.gob.do/wp-content/uploads/2026/09/temperaturas-extremas-y-precipitaciones-2026x09x10-a.pdf
2026-09-10,086,SABANA DE LA MAR,,,,33.6,25.0,0.0,https://indomet.gob.do/wp-content/uploads/2026/09/temperaturas-extremas-y-precipitaciones-2026x09x10-a.pdf
2026-09-10,087,SABANETA (EMA),,,,37.4,23.4,0.0,https://indomet.gob.do/wp-content/uploads/2026/09/temperaturas-extremas-y-precipitaciones-2026x09x10-a.pdf
2026-09-10,088,SAJOMA (EMA),,,,33.5,25.6,0.0,https://indomet.gob.do/wp-content/uploads/2026/09/temperaturas-extremas-y-precipitaciones-2026x09x10-a.pdf
2026-09-10,089,SAN CRISTÓBAL,,,,32.5,24.2,0.0,https://indomet.gob.do/wp-content/uploads/2026/09/temperaturas-extremas-y-precipitaciones-2026x09x10-a.pdf
2026-09-10,090,SANTIAGO RODRÍGUEZ,,,,36.6,24.0,0.0,https://indomet.gob.do/wp-content/uploads/2026/09/temperaturas-extremas-y-precipitaciones-2026x09x10-a.pdf
2026-09-10,091,SANTO DOMINGO ESTE,,,,33.8,25.4,0.0,https://indomet.gob.do/wp-content/uploads/2026/09/temperaturas-extremas-y-precipitaciones-2026x09x10-a.pdf
2026-09-10,092,VILLA GONZALES,,,,,,0.0,https://indomet.gob.do/wp-content/uploads/2026/09/temperaturas-extremas-y-precipitaciones-2026x09x10-a.pdf
2026-09-10,093,VILLA ISABELA,,,,,,0.0,https://indomet.gob.do/wp-content/uploads/2026/09/temperaturas-extremas-y-precipitaciones-2026x09x10-a.pdf
2026-09-11,001,DAJABÓN,DAJABÓN,INSTITUTO POLITÉCNICO LOYOLA,EMCI,36.9,20.0,51.2,https://indomet.gob.do/wp-content/uploads/2026/09/temperaturas-extremas-y-precipitaciones-2026x09x11-a.pdf
2026-09-11,002,PALO DE VIENTO (EMA),SAN JUAN,PRIVADA,EMAP,29.1,14.3,5.2,https://indomet.gob.do/wp-content/uploads/2026/09/temperaturas-extremas-y-precipitaciones-2026x09x11-a.pdf
2026-09-11,003,BAYAGUANA,MONTE PLATA,INDOMET,EMCI,35.0,24.0,5.2,https://indomet.gob.do/wp-content/uploads/2026/09/temperaturas-extremas-y-precipitaciones-2026x09x11-a.pdf
2026-09-11,004,VILLA VASQUEZ (EMA),MONTE CRISTI,JUNTA DE REGANTES,EMAI,,,0.8,https://indomet.gob.do/wp-content/uploads/2026/09/temperaturas-extremas-y-precipitaciones-2026x09x11-a.pdf
2026-09-11,005,SABANETA (EMA),SANTIAGO RODRÍGUEZ,PROGRAMA MUNDIAL DE ALIMENTO,EMAP,37.3,21.6,0.8,https://indomet.gob.do/wp-content/uploads/2026/09/temperaturas-extremas-y-precipitaciones-2026x09x11-a.pdf
2026-09-11,006,VILLA GONZALE (EMA),SANTIAGO,IGLESIA,EMAI,,,0.4,https://indomet.gob.do/wp-content/uploads/2026/09/temperaturas-extremas-y-precipitaciones-2026x09x11-a.pdf
2026-09-11,007,LAS CANAS (EMA),MONTE CRISTI,PROGRAMA MUNDIAL DE ALIMENTO,EMAP,32.7,25.4,0.2,https://indomet.gob.do/wp-content/uploads/2026/09/temperaturas-extremas-y-precipitaciones-2026x09x11-a.pdf
2026-09-11,008,JARABACOA,LA VEGA,INDRHI / MARENA,EMCI,34.4,17.2,0.1,https://indomet.gob.do/wp-content/uploads/2026/09/temperaturas-extremas-y-precipitaciones-2026x09x11-a.pdf
2026-09-11,009,POLO,BARAHONA,INDOCAFE,EMCI,30.0,17.5,0.1,https://indomet.gob.do/wp-content/uploads/2026/09/temperaturas-extremas-y-precipitaciones-2026x09x11-a.pdf
2026-09-11,010,SANTIAGO RODRÍGUEZ,SANTIAGO RODRÍGUEZ,INDOMET,EMCI,37.7,21.2,0.1,https://indomet.gob.do/wp-content/uploads/2026/09/temperaturas-extremas-y-precipitaciones-2026x09x11-a.pdf
2026-09-11,011,CABRAL,BARAHONA,MINISTERIO DE AGRICULTURA,EMCV,35.2,24.5,0.1,https://indomet.gob.do/wp-content/uploads/2026/09/temperaturas-extremas-y-precipitaciones-2026x09x11-a.pdf
2026-09-11,012,HATO MAYOR,HATO MAYOR,MINISTERIO DE AGRICULTURA,EMCV,,,0.1,https://indomet.gob.do/wp-content/uploads/2026/09/temperaturas-extremas-y-precipitaciones-2026x09x11-a.pdf
2026-09-11,013,SABANA GRANDE DE BOYÁ,MONTE PLATA,MINISTERIO DE AGRICULTURA,EMCV,,,0.1,https://indomet.gob.do/wp-content/uploads/2026/09/temperaturas-extremas-y-precipitaciones-2026x09x11-a.pdf
2026-09-11,014,BUCARA (EMA),SANTIAGO,MINISTERIO DE AGRICULTURA,EMAI,,,0.0,https://indomet.gob.do/wp-content/uploads/2026/09/temperaturas-extremas-y-precipitaciones-2026x09x11-a.pdf
2026-09-11,015,JANICO (EMA),LA VEGA,PLAN SIERRA,EMAI,,,0.0,https://indomet.gob.do/wp-content/uploads/2026/09/temperaturas-extremas-y-precipitaciones-2026x09x11-a.pdf
2026-09-11,016,JARDÍN BOTÁNICO SANTIAGO (EMSANTIAGO,,JARDIN BOTANICO SANTIAGO,EMAI,36.1,28.1,0.0,https://indomet.gob.do/wp-content/uploads/2026/09/temperaturas-extremas-y-precipitaciones-2026x09x11-a.pdf
2026-09-11,017,SAJOMA (EMA),SANTIAGO,PLAN SIERRA,EMAI,33.7,25.0,0.0,https://indomet.gob.do/wp-content/uploads/2026/09/temperaturas-extremas-y-precipitaciones-2026x09x11-a.pdf
2026-09-11,018,ALTO BANDERA (EMA),LA VEGA,INTEC,EMAP,16.4,9.1,0.0,https://indomet.gob.do/wp-content/uploads/2026/09/temperaturas-extremas-y-precipitaciones-2026x09x11-a.pdf
2026-09-11,019,ANAMUYA (EMA),LA ALTAGRACIA,MINISTERIO DE AGRICULTURA,EMAP,34.7,26.1,0.0,https://indomet.gob.do/wp-content/uploads/2026/09/temperaturas-extremas-y-precipitaciones-2026x09x11-a.pdf
2026-09-11,020,BANI (EMA),PERAVIA,MINISTERIO DE AGRICULTURA,EMAP,34.5,27.4,0.0,https://indomet.gob.do/wp-content/uploads/2026/09/temperaturas-extremas-y-precipitaciones-2026x09x11-a.pdf
2026-09-11,021,BOCA DE MAO (EMA),VALVERDE,MINISTERIO DE AGRICULTURA,EMAP,38.0,25.7,0.0,https://indomet.gob.do/wp-content/uploads/2026/09/temperaturas-extremas-y-precipitaciones-2026x09x11-a.pdf
2026-09-11,022,CENTRO DE LOS HEROES (EMA),DISTRITO NACIONAL,MINISTERIO DE ENERGIA Y MINA,EMAP,34.1,27.8,0.0,https://indomet.gob.do/wp-content/uploads/2026/09/temperaturas-extremas-y-precipitaciones-2026x09x11-a.pdf
2026-09-11,023,CONSTANZA (EMA),LA VEGA,PROGRAMA MUNDIAL DE ALIMENTO,EMAP,27.9,13.2,0.0,https://indomet.gob.do/wp-content/uploads/2026/09/temperaturas-extremas-y-precipitaciones-2026x09x11-a.pdf
2026-09-11,024,EL FACTOR (EMA),MARÍA TRINIDAD SÁNCHEZ,INTEC,EMAP,34.2,24.0,0.0,https://indomet.gob.do/wp-content/uploads/2026/09/temperaturas-extremas-y-precipitaciones-2026x09x11-a.pdf
2026-09-11,025,EL MILLON (EMA),DISTRITO NACIONAL,PRIVADA,EMAP,,,0.0,https://indomet.gob.do/wp-content/uploads/2026/09/temperaturas-extremas-y-precipitaciones-2026x09x11-a.pdf
2026-09-11,026,LA AGUSTINA (EMA),DISTRITO NACIONAL,PRIVADA,EMAP,,,0.0,https://indomet.gob.do/wp-content/uploads/2026/09/temperaturas-extremas-y-precipitaciones-2026x09x11-a.pdf
2026-09-11,027,LOS CACICAZGOS (EMA),DISTRITO NACIONAL,PRIVADA,EMAP,,,0.0,https://indomet.gob.do/wp-content/uploads/2026/09/temperaturas-extremas-y-precipitaciones-2026x09x11-a.pdf
2026-09-11,028,LOS COCOS (EMA),BAHORUCO,PRIVADA,EMAP,,,0.0,https://indomet.gob.do/wp-content/uploads/2026/09/temperaturas-extremas-y-precipitaciones-2026x09x11-a.pdf
2026-09-11,029,LOS PRADOS (EMA),DISTRITO NACIONAL,PRIVADA,EMAP,,,0.0,https://indomet.gob.do/wp-content/uploads/2026/09/temperaturas-extremas-y-precipitaciones-2026x09x11-a.pdf
2026-09-11,030,LOS TRES CHARCOS (EMA),PEDERNALES,PROPIEDAD DEL VOLUNTARIO,EMAP,,,0.0,https://indomet.gob.do/wp-content/uploads/2026/09/temperaturas-extremas-y-precipitaciones-2026x09x11-a.pdf
2026-09-11,031,MICHES (EMA),EL SEIBO,PRIVADA,EMAP,33.2,24.9,0.0,https://indomet.gob.do/wp-content/uploads/2026/09/temperaturas-extremas-y-precipitaciones-2026x09x11-a.pdf
2026-09-11,032,MONCIÓN (EMA),SANTIAGO RODRÍGUEZ,PROGRAMA MUNDIAL DE ALIMENTO,EMAP,34.8,19.6,0.0,https://indomet.gob.do/wp-content/uploads/2026/09/temperaturas-extremas-y-precipitaciones-2026x09x11-a.pdf
2026-09-11,033,PRESA DE TAVERAS (EMA),LA VEGA,PROGRAMA MUNDIAL DE ALIMENTO,EMAP,33.2,22.7,0.0,https://indomet.gob.do/wp-content/uploads/2026/09/temperaturas-extremas-y-precipitaciones-2026x09x11-a.pdf
2026-09-11,034,PROLONGACION 27 DE FEBRERO,DISTRITO NACIONAL,PRIVADA,EMAP,,,0.0,https://indomet.gob.do/wp-content/uploads/2026/09/temperaturas-extremas-y-precipitaciones-2026x09x11-a.pdf
2026-09-11,035,ALTAMIRA,PUERTO PLATA,HOSP. MPAL. DE ALTAMIRA,EMCI,36.9,21.6,0.0,https://indomet.gob.do/wp-content/uploads/2026/09/temperaturas-extremas-y-precipitaciones-2026x09x11-a.pdf
2026-09-11,036,ARPT. ARROYO BARRIL,SAMANÁ,INDOMET,EMCI,35.0,25.5,0.0,https://indomet.gob.do/wp-content/uploads/2026/09/temperaturas-extremas-y-precipitaciones-2026x09x11-a.pdf
2026-09-11,037,ARPT. DE LA ROMANA,LA ROMANA,INDOMET,EMCI,36.3,23.5,0.0,https://indomet.gob.do/wp-content/uploads/2026/09/temperaturas-extremas-y-precipitaciones-2026x09x11-a.pdf
2026-09-11,038,ARPT. DE LAS AMÉRICAS,SANTO DOMINGO,INDOMET,EMCI,34.0,24.4,0.0,https://indomet.gob.do/wp-content/uploads/2026/09/temperaturas-extremas-y-precipitaciones-2026x09x11-a.pdf
2026-09-11,039,ARPT. DE PUNTA CANA,LA ALTAGRACIA,INDOMET,EMCI,32.8,23.5,0.0,https://indomet.gob.do/wp-content/uploads/2026/09/temperaturas-extremas-y-precipitaciones-2026x09x11-a.pdf
2026-09-11,040,ARPT. DEL CIBAO,SANTIAGO,INDOMET,EMCI,36.4,23.0,0.0,https://indomet.gob.do/wp-content/uploads/2026/09/temperaturas-extremas-y-precipitaciones-2026x09x11-a.pdf
2026-09-11,041,ARPT. EL CATEY,SAMANÁ,INDOMET,EMCI,32.0,23.3,0.0,https://indomet.gob.do/wp-content/uploads/2026/09/temperaturas-extremas-y-precipitaciones-2026x09x11-a.pdf
2026-09-11,042,ARPT. GREGORIO LUPERÓN,PUERTO PLATA,INDOMET,EMCI,34.0,24.5,0.0,https://indomet.gob.do/wp-content/uploads/2026/09/temperaturas-extremas-y-precipitaciones-2026x09x11-a.pdf
2026-09-11,043,ARPT. LA ISABELA,SANTO DOMINGO,INDOMET,EMCI,36.2,24.2,0.0,https://indomet.gob.do/wp-content/uploads/2026/09/temperaturas-extremas-y-precipitaciones-2026x09x11-a.pdf
2026-09-11,044,ARPT. MARÍA MONTEZ,BARAHONA,INDOMET,EMCI,34.3,27.8,0.0,https://indomet.gob.do/wp-content/uploads/2026/09/temperaturas-extremas-y-precipitaciones-2026x09x11-a.pdf
2026-09-11,045,ARROYO LORO,SAN JUAN,IDIAF,EMCI,36.4,18.7,0.0,https://indomet.gob.do/wp-content/uploads/2026/09/temperaturas-extremas-y-precipitaciones-2026x09x11-a.pdf
2026-09-11,046,CABRERA,MARÍA TRINIDAD SÁNCHEZ,ESCUELA ARÍSTIDES FIALLO CABRAL,EMCI,34.6,28.0,0.0,https://indomet.gob.do/wp-content/uploads/2026/09/temperaturas-extremas-y-precipitaciones-2026x09x11-a.pdf
2026-09-11,047,CONSTANZA,LA VEGA,MINISTERIO DE AGRICULTURA,EMCI,29.3,12.3,0.0,https://indomet.gob.do/wp-content/uploads/2026/09/temperaturas-extremas-y-precipitaciones-2026x09x11-a.pdf
2026-09-11,048,GASPAR HERNÁNDEZ,ESPAILLAT,PROPIEDAD DEL EMPLEADO,EMCI,,,0.0,https://indomet.gob.do/wp-content/uploads/2026/09/temperaturas-extremas-y-precipitaciones-2026x09x11-a.pdf
2026-09-11,049,HONDO VALLE,ELÍAS PIÑA,MINISTERIO DE AGRICULTURA,EMCI,29.1,18.8,0.0,https://indomet.gob.do/wp-content/uploads/2026/09/temperaturas-extremas-y-precipitaciones-2026x09x11-a.pdf
2026-09-11,050,LA VEGA,LA VEGA,IATESA,EMCI,36.0,23.5,0.0,https://indomet.gob.do/wp-content/uploads/2026/09/temperaturas-extremas-y-precipitaciones-2026x09x11-a.pdf
2026-09-11,051,LA VICTORIA,SANTO DOMINGO,CUERPO DE BOMBEROS,EMCI,36.0,24.0,0.0,https://indomet.gob.do/wp-content/uploads/2026/09/temperaturas-extremas-y-precipitaciones-2026x09x11-a.pdf
2026-09-11,052,LOS LLANOS,SAN PEDRO DE MACORÍS,MINISTERIO DE AGRICULTURA,EMCI,35.2,23.8,0.0,https://indomet.gob.do/wp-content/uploads/2026/09/temperaturas-extremas-y-precipitaciones-2026x09x11-a.pdf
2026-09-11,053,MONTE CRISTI,MONTE CRISTI,INDOMET,EMCI,35.8,25.6,0.0,https://indomet.gob.do/wp-content/uploads/2026/09/temperaturas-extremas-y-precipitaciones-2026x09x11-a.pdf
2026-09-11,054,OLIVARES,PEDERNALES,INDRHI,EMCI,,,0.0,https://indomet.gob.do/wp-content/uploads/2026/09/temperaturas-extremas-y-precipitaciones-2026x09x11-a.pdf
2026-09-11,055,OVIEDO,PEDERNALES,CLÍNICA RURAL OVIEDO,EMCI,34.0,25.5,0.0,https://indomet.gob.do/wp-content/uploads/2026/09/temperaturas-extremas-y-precipitaciones-2026x09x11-a.pdf
2026-09-11,056,PADRE LAS CASAS,AZUA,HOSP. NTRA. SRA. DEL CARMEN,EMCI,33.5,19.0,0.0,https://indomet.gob.do/wp-content/uploads/2026/09/temperaturas-extremas-y-precipitaciones-2026x09x11-a.pdf
2026-09-11,057,PALO ÍNDIO,PUERTO PLATA,MINISTERIO DE AGRICULTURA,EMCI,,,0.0,https://indomet.gob.do/wp-content/uploads/2026/09/temperaturas-extremas-y-precipitaciones-2026x09x11-a.pdf
2026-09-11,058,PEDERNALES,PEDERNALES,INDRHI,EMCI,,,0.0,https://indomet.gob.do/wp-content/uploads/2026/09/temperaturas-extremas-y-precipitaciones-2026x09x11-a.pdf
2026-09-11,059,PERALTA,AZUA,HOSP. MPAL. DE PERALTA,EMCI,36.3,18.6,0.0,https://indomet.gob.do/wp-content/uploads/2026/09/temperaturas-extremas-y-precipitaciones-2026x09x11-a.pdf
2026-09-11,060,RANCHO ARRIBA,SAN JOSÉ DE OCOA,CENTRO TECNOLÓGICO COMUNITARIO,EMCI,35.0,17.6,0.0,https://indomet.gob.do/wp-content/uploads/2026/09/temperaturas-extremas-y-precipitaciones-2026x09x11-a.pdf
2026-09-11,061,RESTAURACIÓN,DAJABÓN,MINISTERIO DE AGRICULTURA,EMCI,32.5,17.6,0.0,https://indomet.gob.do/wp-content/uploads/2026/09/temperaturas-extremas-y-precipitaciones-2026x09x11-a.pdf
2026-09-11,062,SABANA DE LA MAR,HATO MAYOR,INDOMET,EMCI,33.4,24.2,0.0,https://indomet.gob.do/wp-content/uploads/2026/09/temperaturas-extremas-y-precipitaciones-2026x09x11-a.pdf
2026-09-11,063,SALCEDO,HERMANAS MIRABAL,PROPIEDAD DEL EMPLEADO,EMCI,,,0.0,https://indomet.gob.do/wp-content/uploads/2026/09/temperaturas-extremas-y-precipitaciones-2026x09x11-a.pdf
2026-09-11,064,SAMANÁ,SAMANÁ,COMANDANCIA DE PUERTO DE SAMANÁ,EMCI,34.9,18.5,0.0,https://indomet.gob.do/wp-content/uploads/2026/09/temperaturas-extremas-y-precipitaciones-2026x09x11-a.pdf
2026-09-11,065,SAN CRISTÓBAL,SAN CRISTÓBAL,INSTITUTO POLITÉCNICO LOYOLA,EMCI,33.5,24.5,0.0,https://indomet.gob.do/wp-content/uploads/2026/09/temperaturas-extremas-y-precipitaciones-2026x09x11-a.pdf
2026-09-11,066,SAN JOSÉ DE OCOA,SAN JOSÉ DE OCOA,HOSP. SAN JOSÉ DE OCOA,EMCI,35.5,23.4,0.0,https://indomet.gob.do/wp-content/uploads/2026/09/temperaturas-extremas-y-precipitaciones-2026x09x11-a.pdf
2026-09-11,067,SAN RAFAEL DEL YUMA,LA ALTAGRACIA,MINISTERIO DE AGRICULTURA,EMCI,35.1,25.0,0.0,https://indomet.gob.do/wp-content/uploads/2026/09/temperaturas-extremas-y-precipitaciones-2026x09x11-a.pdf
2026-09-11,068,SÁNCHEZ,SAMANÁ,MINISTERIO DE AGRICULTURA,EMCI,33.4,23.6,0.0,https://indomet.gob.do/wp-content/uploads/2026/09/temperaturas-extremas-y-precipitaciones-2026x09x11-a.pdf
2026-09-11,069,SANTO DOMINGO ESTE,SANTO DOMINGO,INDOMET,EMCI,35.0,26.5,0.0,https://indomet.gob.do/wp-content/uploads/2026/09/temperaturas-extremas-y-precipitaciones-2026x09x11-a.pdf
2026-09-11,070,TÁBARA ABAJO,AZUA,INDRHI,EMCI,35.5,24.0,0.0,https://indomet.gob.do/wp-content/uploads/2026/09/temperaturas-extremas-y-precipitaciones-2026x09x11-a.pdf
2026-09-11,071,VILLA GONZALES,SANTIAGO,MINISTERIO DE AGRICULTURA,EMCI,,,0.0,https://indomet.gob.do/wp-content/uploads/2026/09/temperaturas-extremas-y-precipitaciones-2026x09x11-a.pdf
2026-09-11,072,VILLA RIVA,DUARTE,HOSP. MPAL. ALICIA DE LEGENDRE,EMCI,34.5,24.0,0.0,https://indomet.gob.do/wp-content/uploads/2026/09/temperaturas-extremas-y-precipitaciones-2026x09x11-a.pdf
2026-09-11,073,BASE AÉREA DE SAN ISIDRO,SANTO DOMINGO,FUERZA AÉREA DOMINICANA,EMCV,33.1,24.6,0.0,https://indomet.gob.do/wp-content/uploads/2026/09/temperaturas-extremas-y-precipitaciones-2026x09x11-a.pdf
2026-09-11,074,BONAO,MONSEÑOR NOUEL,MINISTERIO DE AGRICULTURA,EMCV,,,0.0,https://indomet.gob.do/wp-content/uploads/2026/09/temperaturas-extremas-y-precipitaciones-2026x09x11-a.pdf
2026-09-11,075,ELÍAS PIÑA,ELÍAS PIÑA,MINISTERIO DE AGRICULTURA,EMCV,,,0.0,https://indomet.gob.do/wp-content/uploads/2026/09/temperaturas-extremas-y-precipitaciones-2026x09x11-a.pdf
2026-09-11,076,ENRIQUILLO,BARAHONA,MINISTERIO DE AGRICULTURA,EMCV,33.8,25.4,0.0,https://indomet.gob.do/wp-content/uploads/2026/09/temperaturas-extremas-y-precipitaciones-2026x09x11-a.pdf
2026-09-11,077,GURABO,SANTIAGO,MINISTERIO DE AGRICULTURA,EMCV,,,0.0,https://indomet.gob.do/wp-content/uploads/2026/09/temperaturas-extremas-y-precipitaciones-2026x09x11-a.pdf
2026-09-11,078,JUMA BEJUCAL,MONSEÑOR NOUEL,IDIAF,EMCV,34.4,23.6,0.0,https://indomet.gob.do/wp-content/uploads/2026/09/temperaturas-extremas-y-precipitaciones-2026x09x11-a.pdf
2026-09-11,079,MAO,VALVERDE,INDRHI / MINISTERIO DE AGRICULTURA,EMCV,,,0.0,https://indomet.gob.do/wp-content/uploads/2026/09/temperaturas-extremas-y-precipitaciones-2026x09x11-a.pdf
2026-09-11,080,NAVARRETE,SANTIAGO,MINISTERIO DE AGRICULTURA,EMCV,,,0.0,https://indomet.gob.do/wp-content/uploads/2026/09/temperaturas-extremas-y-precipitaciones-2026x09x11-a.pdf
2026-09-11,081,RÍO SAN JUAN,MARÍA TRINIDAD SÁNCHEZ,HOSP. MPAL. DR. DESIDERIO ACOSTA,EMCV,35.4,25.4,0.0,https://indomet.gob.do/wp-content/uploads/2026/09/temperaturas-extremas-y-precipitaciones-2026x09x11-a.pdf
2026-09-12,001,SABANA DE LA MAR,,,,33.2,23.8,9.8,https://indomet.gob.do/wp-content/uploads/2026/09/temperaturas-extremas-y-precipitaciones-2026x09x12-a.pdf
2026-09-12,002,ELÍAS PIÑA,,,,,,8.1,https://indomet.gob.do/wp-content/uploads/2026/09/temperaturas-extremas-y-precipitaciones-2026x09x12-a.pdf
2026-09-12,003,HONDO VALLE,,,,29.4,19.6,3.7,https://indomet.gob.do/wp-content/uploads/2026/09/temperaturas-extremas-y-precipitaciones-2026x09x12-a.pdf
2026-09-12,004,VILLA GONZALE (EMA),,,,,,0.8,https://indomet.gob.do/wp-content/uploads/2026/09/temperaturas-extremas-y-precipitaciones-2026x09x12-a.pdf
2026-09-12,005,PRESA DE TAVERAS (EMA),,,,34.1,22.0,0.2,https://indomet.gob.do/wp-content/uploads/2026/09/temperaturas-extremas-y-precipitaciones-2026x09x12-a.pdf
2026-09-12,006,ALTAMIRA,,,,36.1,23.9,0.0,https://indomet.gob.do/wp-content/uploads/2026/09/temperaturas-extremas-y-precipitaciones-2026x09x12-a.pdf
2026-09-12,007,ALTO BANDERA (EMA),,,,18.2,8.6,0.0,https://indomet.gob.do/wp-content/uploads/2026/09/temperaturas-extremas-y-precipitaciones-2026x09x12-a.pdf
2026-09-12,008,ANAMUYA (EMA),,,,33.8,26.1,0.0,https://indomet.gob.do/wp-content/uploads/2026/09/temperaturas-extremas-y-precipitaciones-2026x09x12-a.pdf
2026-09-12,009,ARPT. ARROYO BARRIL,,,,34.0,24.0,0.0,https://indomet.gob.do/wp-content/uploads/2026/09/temperaturas-extremas-y-precipitaciones-2026x09x12-a.pdf
2026-09-12,010,ARPT. DE LA ROMANA,,,,36.2,24.9,0.0,https://indomet.gob.do/wp-content/uploads/2026/09/temperaturas-extremas-y-precipitaciones-2026x09x12-a.pdf
2026-09-12,011,ARPT. DE LAS AMÉRICAS,,,,34.0,25.0,0.0,https://indomet.gob.do/wp-content/uploads/2026/09/temperaturas-extremas-y-precipitaciones-2026x09x12-a.pdf
2026-09-12,012,ARPT. DE PUNTA CANA,,,,33.0,23.7,0.0,https://indomet.gob.do/wp-content/uploads/2026/09/temperaturas-extremas-y-precipitaciones-2026x09x12-a.pdf
2026-09-12,013,ARPT. DEL CIBAO,,,,36.5,23.5,0.0,https://indomet.gob.do/wp-content/uploads/2026/09/temperaturas-extremas-y-precipitaciones-2026x09x12-a.pdf
2026-09-12,014,ARPT. EL CATEY,,,,31.5,22.5,0.0,https://indomet.gob.do/wp-content/uploads/2026/09/temperaturas-extremas-y-precipitaciones-2026x09x12-a.pdf
2026-09-12,015,ARPT. GREGORIO LUPERÓN,,,,33.5,23.0,0.0,https://indomet.gob.do/wp-content/uploads/2026/09/temperaturas-extremas-y-precipitaciones-2026x09x12-a.pdf
2026-09-12,016,ARPT. LA ISABELA,,,,36.0,23.0,0.0,https://indomet.gob.do/wp-content/uploads/2026/09/temperaturas-extremas-y-precipitaciones-2026x09x12-a.pdf
2026-09-12,017,ARPT. MARÍA MONTEZ,,,,34.2,25.5,0.0,https://indomet.gob.do/wp-content/uploads/2026/09/temperaturas-extremas-y-precipitaciones-2026x09x12-a.pdf
2026-09-12,018,ARROYO LORO,,,,37.8,17.7,0.0,https://indomet.gob.do/wp-content/uploads/2026/09/temperaturas-extremas-y-precipitaciones-2026x09x12-a.pdf
2026-09-12,019,BANI (EMA),,,,34.0,26.9,0.0,https://indomet.gob.do/wp-content/uploads/2026/09/temperaturas-extremas-y-precipitaciones-2026x09x12-a.pdf
2026-09-12,020,BAYAGUANA,,,,34.2,23.2,0.0,https://indomet.gob.do/wp-content/uploads/2026/09/temperaturas-extremas-y-precipitaciones-2026x09x12-a.pdf
2026-09-12,021,BOCA DE MAO (EMA),,,,38.7,25.1,0.0,https://indomet.gob.do/wp-content/uploads/2026/09/temperaturas-extremas-y-precipitaciones-2026x09x12-a.pdf
2026-09-12,022,BONAO,,,,,,0.0,https://indomet.gob.do/wp-content/uploads/2026/09/temperaturas-extremas-y-precipitaciones-2026x09x12-a.pdf
2026-09-12,023,BUCARA (EMA),,,,,,0.0,https://indomet.gob.do/wp-content/uploads/2026/09/temperaturas-extremas-y-precipitaciones-2026x09x12-a.pdf
2026-09-12,024,CABRAL,,,,35.8,24.2,0.0,https://indomet.gob.do/wp-content/uploads/2026/09/temperaturas-extremas-y-precipitaciones-2026x09x12-a.pdf
2026-09-12,025,CABRERA,,,,35.0,24.5,0.0,https://indomet.gob.do/wp-content/uploads/2026/09/temperaturas-extremas-y-precipitaciones-2026x09x12-a.pdf
2026-09-12,026,CENTRO DE LOS HEROES (EMA),,,,33.4,27.2,0.0,https://indomet.gob.do/wp-content/uploads/2026/09/temperaturas-extremas-y-precipitaciones-2026x09x12-a.pdf
2026-09-12,027,CONSTANZA,,,,29.8,12.0,0.0,https://indomet.gob.do/wp-content/uploads/2026/09/temperaturas-extremas-y-precipitaciones-2026x09x12-a.pdf
2026-09-12,028,CONSTANZA (EMA),,,,28.7,13.1,0.0,https://indomet.gob.do/wp-content/uploads/2026/09/temperaturas-extremas-y-precipitaciones-2026x09x12-a.pdf
2026-09-12,029,COTUÍ (EMA),,,,35.6,24.3,0.0,https://indomet.gob.do/wp-content/uploads/2026/09/temperaturas-extremas-y-precipitaciones-2026x09x12-a.pdf
2026-09-12,030,DAJABÓN,,,,37.1,21.0,0.0,https://indomet.gob.do/wp-content/uploads/2026/09/temperaturas-extremas-y-precipitaciones-2026x09x12-a.pdf
2026-09-12,031,EL FACTOR (EMA),,,,34.2,23.9,0.0,https://indomet.gob.do/wp-content/uploads/2026/09/temperaturas-extremas-y-precipitaciones-2026x09x12-a.pdf
2026-09-12,032,EL MILLON (EMA),,,,,,0.0,https://indomet.gob.do/wp-content/uploads/2026/09/temperaturas-extremas-y-precipitaciones-2026x09x12-a.pdf
2026-09-12,033,ENRIQUILLO,,,,34.0,25.0,0.0,https://indomet.gob.do/wp-content/uploads/2026/09/temperaturas-extremas-y-precipitaciones-2026x09x12-a.pdf
2026-09-12,034,ENSANCHE LA FE (EMA),,,,,,0.0,https://indomet.gob.do/wp-content/uploads/2026/09/temperaturas-extremas-y-precipitaciones-2026x09x12-a.pdf
2026-09-12,035,ESCONDIDO,,,,34.0,27.0,0.0,https://indomet.gob.do/wp-content/uploads/2026/09/temperaturas-extremas-y-precipitaciones-2026x09x12-a.pdf
2026-09-12,036,GASPAR HERNÁNDEZ,,,,,,0.0,https://indomet.gob.do/wp-content/uploads/2026/09/temperaturas-extremas-y-precipitaciones-2026x09x12-a.pdf
2026-09-12,037,GURABO,,,,,,0.0,https://indomet.gob.do/wp-content/uploads/2026/09/temperaturas-extremas-y-precipitaciones-2026x09x12-a.pdf
2026-09-12,038,HATO MAYOR,,,,,,0.0,https://indomet.gob.do/wp-content/uploads/2026/09/temperaturas-extremas-y-precipitaciones-2026x09x12-a.pdf
2026-09-12,039,JARABACOA,,,,34.2,17.0,0.0,https://indomet.gob.do/wp-content/uploads/2026/09/temperaturas-extremas-y-precipitaciones-2026x09x12-a.pdf
2026-09-12,040,JARDÍN BOTÁNICO SANTIAGO (EMA),,,,37.9,27.2,0.0,https://indomet.gob.do/wp-content/uploads/2026/09/temperaturas-extremas-y-precipitaciones-2026x09x12-a.pdf
2026-09-12,041,JUMA BEJUCAL,,,,35.2,24.4,0.0,https://indomet.gob.do/wp-content/uploads/2026/09/temperaturas-extremas-y-precipitaciones-2026x09x12-a.pdf
2026-09-12,042,LA AGUSTINA (EMA),,,,,,0.0,https://indomet.gob.do/wp-content/uploads/2026/09/temperaturas-extremas-y-precipitaciones-2026x09x12-a.pdf
2026-09-12,043,LA VEGA,,,,35.5,23.0,0.0,https://indomet.gob.do/wp-content/uploads/2026/09/temperaturas-extremas-y-precipitaciones-2026x09x12-a.pdf
2026-09-12,044,LA VICTORIA,,,,36.0,23.5,0.0,https://indomet.gob.do/wp-content/uploads/2026/09/temperaturas-extremas-y-precipitaciones-2026x09x12-a.pdf
2026-09-12,045,LOS CACICAZGOS (EMA),,,,,,0.0,https://indomet.gob.do/wp-content/uploads/2026/09/temperaturas-extremas-y-precipitaciones-2026x09x12-a.pdf
2026-09-12,046,LOS COCOS (EMA),,,,,,0.0,https://indomet.gob.do/wp-content/uploads/2026/09/temperaturas-extremas-y-precipitaciones-2026x09x12-a.pdf
2026-09-12,047,LOS LLANOS,,,,34.5,23.5,0.0,https://indomet.gob.do/wp-content/uploads/2026/09/temperaturas-extremas-y-precipitaciones-2026x09x12-a.pdf
2026-09-12,048,LOS PRADOS (EMA),,,,,,0.0,https://indomet.gob.do/wp-content/uploads/2026/09/temperaturas-extremas-y-precipitaciones-2026x09x12-a.pdf
2026-09-12,049,LOS TRES CHARCOS (EMA),,,,34.1,25.6,0.0,https://indomet.gob.do/wp-content/uploads/2026/09/temperaturas-extremas-y-precipitaciones-2026x09x12-a.pdf
2026-09-12,050,MAO,,,,,,0.0,https://indomet.gob.do/wp-content/uploads/2026/09/temperaturas-extremas-y-precipitaciones-2026x09x12-a.pdf
2026-09-12,051,MICHES (EMA),,,,33.6,23.5,0.0,https://indomet.gob.do/wp-content/uploads/2026/09/temperaturas-extremas-y-precipitaciones-2026x09x12-a.pdf
2026-09-12,052,MONCIÓN (EMA),,,,35.4,19.6,0.0,https://indomet.gob.do/wp-content/uploads/2026/09/temperaturas-extremas-y-precipitaciones-2026x09x12-a.pdf
2026-09-12,053,MONTE CRISTI,,,,37.2,25.4,0.0,https://indomet.gob.do/wp-content/uploads/2026/09/temperaturas-extremas-y-precipitaciones-2026x09x12-a.pdf
2026-09-12,054,OLIVARES,,,,,,0.0,https://indomet.gob.do/wp-content/uploads/2026/09/temperaturas-extremas-y-precipitaciones-2026x09x12-a.pdf
2026-09-12,055,OVIEDO,,,,33.5,24.0,0.0,https://indomet.gob.do/wp-content/uploads/2026/09/temperaturas-extremas-y-precipitaciones-2026x09x12-a.pdf
2026-09-12,056,PADRE LAS CASAS,,,,35.0,19.5,0.0,https://indomet.gob.do/wp-content/uploads/2026/09/temperaturas-extremas-y-precipitaciones-2026x09x12-a.pdf
2026-09-12,057,PALO ÍNDIO,,,,,,0.0,https://indomet.gob.do/wp-content/uploads/2026/09/temperaturas-extremas-y-precipitaciones-2026x09x12-a.pdf
2026-09-12,058,PEDERNALES,,,,,,0.0,https://indomet.gob.do/wp-content/uploads/2026/09/temperaturas-extremas-y-precipitaciones-2026x09x12-a.pdf
2026-09-12,059,PERALTA,,,,35.5,19.5,0.0,https://indomet.gob.do/wp-content/uploads/2026/09/temperaturas-extremas-y-precipitaciones-2026x09x12-a.pdf
2026-09-12,060,POLO,,,,31.2,18.0,0.0,https://indomet.gob.do/wp-content/uploads/2026/09/temperaturas-extremas-y-precipitaciones-2026x09x12-a.pdf
2026-09-12,061,PROLONGACION 27 DE FEBRERO (EMA),,,,,,0.0,https://indomet.gob.do/wp-content/uploads/2026/09/temperaturas-extremas-y-precipitaciones-2026x09x12-a.pdf
2026-09-12,062,RANCHO ARRIBA,,,,33.5,16.5,0.0,https://indomet.gob.do/wp-content/uploads/2026/09/temperaturas-extremas-y-precipitaciones-2026x09x12-a.pdf
2026-09-12,063,RESTAURACIÓN,,,,32.8,17.9,0.0,https://indomet.gob.do/wp-content/uploads/2026/09/temperaturas-extremas-y-precipitaciones-2026x09x12-a.pdf
2026-09-12,064,RÍO SAN JUAN,,,,36.2,24.5,0.0,https://indomet.gob.do/wp-content/uploads/2026/09/temperaturas-extremas-y-precipitaciones-2026x09x12-a.pdf
2026-09-12,065,SABANA GRANDE DE BOYÁ,,,,,,0.0,https://indomet.gob.do/wp-content/uploads/2026/09/temperaturas-extremas-y-precipitaciones-2026x09x12-a.pdf
2026-09-12,066,SABANETA (EMA),,,,38.6,21.9,0.0,https://indomet.gob.do/wp-content/uploads/2026/09/temperaturas-extremas-y-precipitaciones-2026x09x12-a.pdf
2026-09-12,067,SAJOMA (EMA),,,,34.1,25.6,0.0,https://indomet.gob.do/wp-content/uploads/2026/09/temperaturas-extremas-y-precipitaciones-2026x09x12-a.pdf
2026-09-12,068,SALCEDO,,,,,,0.0,https://indomet.gob.do/wp-content/uploads/2026/09/temperaturas-extremas-y-precipitaciones-2026x09x12-a.pdf
2026-09-12,069,SAMANÁ,,,,34.1,17.6,0.0,https://indomet.gob.do/wp-content/uploads/2026/09/temperaturas-extremas-y-precipitaciones-2026x09x12-a.pdf
2026-09-12,070,SAN CRISTÓBAL,,,,34.0,23.5,0.0,https://indomet.gob.do/wp-content/uploads/2026/09/temperaturas-extremas-y-precipitaciones-2026x09x12-a.pdf
2026-09-12,071,SAN JOSÉ DE OCOA,,,,35.4,23.0,0.0,https://indomet.gob.do/wp-content/uploads/2026/09/temperaturas-extremas-y-precipitaciones-2026x09x12-a.pdf
2026-09-12,072,SAN RAFAEL DEL YUMA,,,,36.0,24.5,0.0,https://indomet.gob.do/wp-content/uploads/2026/09/temperaturas-extremas-y-precipitaciones-2026x09x12-a.pdf
2026-09-12,073,SÁNCHEZ,,,,33.4,22.6,0.0,https://indomet.gob.do/wp-content/uploads/2026/09/temperaturas-extremas-y-precipitaciones-2026x09x12-a.pdf
2026-09-12,074,SANTIAGO RODRÍGUEZ,,,,38.5,25.3,0.0,https://indomet.gob.do/wp-content/uploads/2026/09/temperaturas-extremas-y-precipitaciones-2026x09x12-a.pdf
2026-09-12,075,SANTO DOMINGO ESTE,,,,34.2,24.8,0.0,https://indomet.gob.do/wp-content/uploads/2026/09/temperaturas-extremas-y-precipitaciones-2026x09x12-a.pdf
2026-09-12,076,TÁBARA ABAJO,,,,34.5,19.0,0.0,https://indomet.gob.do/wp-content/uploads/2026/09/temperaturas-extremas-y-precipitaciones-2026x09x12-a.pdf
2026-09-12,077,TAMBORIL,,,,,,0.0,https://indomet.gob.do/wp-content/uploads/2026/09/temperaturas-extremas-y-precipitaciones-2026x09x12-a.pdf
2026-09-12,078,VILLA ALTAGRACIA,,,,,,0.0,https://indomet.gob.do/wp-content/uploads/2026/09/temperaturas-extremas-y-precipitaciones-2026x09x12-a.pdf
2026-09-12,079,VILLA GONZALES,,,,,,0.0,https://indomet.gob.do/wp-content/uploads/2026/09/temperaturas-extremas-y-precipitaciones-2026x09x12-a.pdf
2026-09-12,080,VILLA RIVA,,,,33.6,23.0,0.0,https://indomet.gob.do/wp-content/uploads/2026/09/temperaturas-extremas-y-precipitaciones-2026x09x12-a.pdf
2026-09-12,081,VILLA VASQUEZ (EMA),,,,,,0.0,https://indomet.gob.do/wp-content/uploads/2026/09/temperaturas-extremas-y-precipitaciones-2026x09x12-a.pdf
2026-09-13,001,PARQUE MIRADOR NORTE,SANTO DOMINGO,AYUNTAMIENTO,EMCV,,,22.6,https://indomet.gob.do/wp-content/uploads/2026/09/temperaturas-extremas-y-precipitaciones-2026x09x13-a.pdf
2026-09-13,002,SERRALLÉS (EMA),DISTRITO NACIONAL,PRIVADA,EMAP,,,15.8,https://indomet.gob.do/wp-content/uploads/2026/09/temperaturas-extremas-y-precipitaciones-2026x09x13-a.pdf
2026-09-13,003,HONDO VALLE,ELÍAS PIÑA,MINISTERIO DE AGRICULTURA,EMCI,28.7,19.1,13.4,https://indomet.gob.do/wp-content/uploads/2026/09/temperaturas-extremas-y-precipitaciones-2026x09x13-a.pdf
2026-09-13,004,ENSANCHE LA FE (EMA),DISTRITO NACIONAL,PRIVADA,EMAP,,,9.6,https://indomet.gob.do/wp-content/uploads/2026/09/temperaturas-extremas-y-precipitaciones-2026x09x13-a.pdf
2026-09-13,005,LA AGUSTINA (EMA),DISTRITO NACIONAL,PRIVADA,EMAP,,,9.6,https://indomet.gob.do/wp-content/uploads/2026/09/temperaturas-extremas-y-precipitaciones-2026x09x13-a.pdf
2026-09-13,006,SABANA GRANDE DE BOYÁ,MONTE PLATA,MINISTERIO DE AGRICULTURA,EMCV,,,8.9,https://indomet.gob.do/wp-content/uploads/2026/09/temperaturas-extremas-y-precipitaciones-2026x09x13-a.pdf
2026-09-13,007,ENSANCHE JULIETA (EMA),DISTRITO NACIONAL,PRIVADA,EMAP,,,7.6,https://indomet.gob.do/wp-content/uploads/2026/09/temperaturas-extremas-y-precipitaciones-2026x09x13-a.pdf
2026-09-13,008,SAMANÁ,SAMANÁ,COMANDANCIA DE PUERTO DE SAMANÁ,EMCI,34.5,17.5,6.4,https://indomet.gob.do/wp-content/uploads/2026/09/temperaturas-extremas-y-precipitaciones-2026x09x13-a.pdf
2026-09-13,009,POLO,BARAHONA,INDOCAFE,EMCI,30.0,18.2,4.5,https://indomet.gob.do/wp-content/uploads/2026/09/temperaturas-extremas-y-precipitaciones-2026x09x13-a.pdf
2026-09-13,010,ARPT. ARROYO BARRIL,SAMANÁ,INDOMET,EMCI,33.3,24.0,4.4,https://indomet.gob.do/wp-content/uploads/2026/09/temperaturas-extremas-y-precipitaciones-2026x09x13-a.pdf
2026-09-13,011,SABANA DE LA MAR,HATO MAYOR,INDOMET,EMCI,32.5,24.0,4.4,https://indomet.gob.do/wp-content/uploads/2026/09/temperaturas-extremas-y-precipitaciones-2026x09x13-a.pdf
2026-09-13,012,SANTO DOMINGO ESTE,SANTO DOMINGO,INDOMET,EMCI,34.5,26.3,3.4,https://indomet.gob.do/wp-content/uploads/2026/09/temperaturas-extremas-y-precipitaciones-2026x09x13-a.pdf
2026-09-13,013,PLAYA BONITA (EMA),SAMANÁ,PRIVADA,EMAP,,,3.1,https://indomet.gob.do/wp-content/uploads/2026/09/temperaturas-extremas-y-precipitaciones-2026x09x13-a.pdf
2026-09-13,014,JARDÍN BOTÁNICO NACIONAL,DISTRITO NACIONAL,JARDÍN BOTÁNICO NACIONAL,EMCV,32.2,23.6,3.0,https://indomet.gob.do/wp-content/uploads/2026/09/temperaturas-extremas-y-precipitaciones-2026x09x13-a.pdf
2026-09-13,015,CABRERA,MARÍA TRINIDAD SÁNCHEZ,ESCUELA ARÍSTIDES FIALLO CABRAL,EMCI,35.0,27.0,2.8,https://indomet.gob.do/wp-content/uploads/2026/09/temperaturas-extremas-y-precipitaciones-2026x09x13-a.pdf
2026-09-13,016,RANCHO ARRIBA,SAN JOSÉ DE OCOA,CENTRO TECNOLÓGICO COMUNITARIO,EMCI,32.9,18.7,2.2,https://indomet.gob.do/wp-content/uploads/2026/09/temperaturas-extremas-y-precipitaciones-2026x09x13-a.pdf
2026-09-13,017,BASE AÉREA DE SAN ISIDRO,SANTO DOMINGO,FUERZA AÉREA DOMINICANA,EMCV,32.0,24.0,2.0,https://indomet.gob.do/wp-content/uploads/2026/09/temperaturas-extremas-y-precipitaciones-2026x09x13-a.pdf
2026-09-13,018,CENTRO DE LOS HEROES (EMA),DISTRITO NACIONAL,MINISTERIO DE ENERGIA Y MINA,EMAP,33.4,27.4,2.0,https://indomet.gob.do/wp-content/uploads/2026/09/temperaturas-extremas-y-precipitaciones-2026x09x13-a.pdf
2026-09-13,019,PALO DE VIENTO (EMA),SAN JUAN,PRIVADA,EMAP,,,1.2,https://indomet.gob.do/wp-content/uploads/2026/09/temperaturas-extremas-y-precipitaciones-2026x09x13-a.pdf
2026-09-13,020,BONAO,MONSEÑOR NOUEL,MINISTERIO DE AGRICULTURA,EMCV,,,1.0,https://indomet.gob.do/wp-content/uploads/2026/09/temperaturas-extremas-y-precipitaciones-2026x09x13-a.pdf
2026-09-13,021,MICHES (EMA),EL SEIBO,PRIVADA,EMAP,33.3,25.1,0.8,https://indomet.gob.do/wp-content/uploads/2026/09/temperaturas-extremas-y-precipitaciones-2026x09x13-a.pdf
2026-09-13,022,VILLA GONZALE (EMA),SANTIAGO,IGLESIA,EMAI,,,0.6,https://indomet.gob.do/wp-content/uploads/2026/09/temperaturas-extremas-y-precipitaciones-2026x09x13-a.pdf
2026-09-13,023,ARPT. DE LA ROMANA,LA ROMANA,INDOMET,EMCI,33.0,22.9,0.5,https://indomet.gob.do/wp-content/uploads/2026/09/temperaturas-extremas-y-precipitaciones-2026x09x13-a.pdf
2026-09-13,024,ARPT. EL CATEY,SAMANÁ,INDOMET,EMCI,32.0,22.0,0.2,https://indomet.gob.do/wp-content/uploads/2026/09/temperaturas-extremas-y-precipitaciones-2026x09x13-a.pdf
2026-09-13,025,ARROYO LORO,SAN JUAN,IDIAF,EMCI,36.5,19.5,0.1,https://indomet.gob.do/wp-content/uploads/2026/09/temperaturas-extremas-y-precipitaciones-2026x09x13-a.pdf
2026-09-13,026,LA VICTORIA,SANTO DOMINGO,CUERPO DE BOMBEROS,EMCI,35.0,25.4,0.1,https://indomet.gob.do/wp-content/uploads/2026/09/temperaturas-extremas-y-precipitaciones-2026x09x13-a.pdf
2026-09-13,027,ALTAMIRA,PUERTO PLATA,HOSP. MPAL. DE ALTAMIRA,EMCI,36.0,21.5,0.0,https://indomet.gob.do/wp-content/uploads/2026/09/temperaturas-extremas-y-precipitaciones-2026x09x13-a.pdf
2026-09-13,028,ALTO BANDERA (EMA),LA VEGA,INTEC,EMAP,18.8,8.4,0.0,https://indomet.gob.do/wp-content/uploads/2026/09/temperaturas-extremas-y-precipitaciones-2026x09x13-a.pdf
2026-09-13,029,ANAMUYA (EMA),LA ALTAGRACIA,MINISTERIO DE AGRICULTURA,EMAP,32.6,25.7,0.0,https://indomet.gob.do/wp-content/uploads/2026/09/temperaturas-extremas-y-precipitaciones-2026x09x13-a.pdf
2026-09-13,030,ARPT. DE LAS AMÉRICAS,SANTO DOMINGO,INDOMET,EMCI,34.6,24.5,0.0,https://indomet.gob.do/wp-content/uploads/2026/09/temperaturas-extremas-y-precipitaciones-2026x09x13-a.pdf
2026-09-13,031,ARPT. DE PUNTA CANA,LA ALTAGRACIA,INDOMET,EMCI,32.4,25.0,0.0,https://indomet.gob.do/wp-content/uploads/2026/09/temperaturas-extremas-y-precipitaciones-2026x09x13-a.pdf
2026-09-13,032,ARPT. DEL CIBAO,SANTIAGO,INDOMET,EMCI,36.6,22.0,0.0,https://indomet.gob.do/wp-content/uploads/2026/09/temperaturas-extremas-y-precipitaciones-2026x09x13-a.pdf
2026-09-13,033,ARPT. GREGORIO LUPERÓN,PUERTO PLATA,INDOMET,EMCI,33.6,23.0,0.0,https://indomet.gob.do/wp-content/uploads/2026/09/temperaturas-extremas-y-precipitaciones-2026x09x13-a.pdf
2026-09-13,034,ARPT. LA ISABELA,SANTO DOMINGO,INDOMET,EMCI,35.8,22.5,0.0,https://indomet.gob.do/wp-content/uploads/2026/09/temperaturas-extremas-y-precipitaciones-2026x09x13-a.pdf
2026-09-13,035,ARPT. MARÍA MONTEZ,BARAHONA,INDOMET,EMCI,34.6,24.5,0.0,https://indomet.gob.do/wp-content/uploads/2026/09/temperaturas-extremas-y-precipitaciones-2026x09x13-a.pdf
2026-09-13,036,BANI (EMA),PERAVIA,MINISTERIO DE AGRICULTURA,EMAP,34.3,27.3,0.0,https://indomet.gob.do/wp-content/uploads/2026/09/temperaturas-extremas-y-precipitaciones-2026x09x13-a.pdf
2026-09-13,037,BAYAGUANA,MONTE PLATA,INDOMET,EMCI,34.4,23.0,0.0,https://indomet.gob.do/wp-content/uploads/2026/09/temperaturas-extremas-y-precipitaciones-2026x09x13-a.pdf
2026-09-13,038,BOCA DE MAO (EMA),VALVERDE,MINISTERIO DE AGRICULTURA,EMAP,37.7,24.9,0.0,https://indomet.gob.do/wp-content/uploads/2026/09/temperaturas-extremas-y-precipitaciones-2026x09x13-a.pdf
2026-09-13,039,BOHECHÍO,SAN JUAN,MINISTERIO DE AGRICULTURA,EMCV,,,0.0,https://indomet.gob.do/wp-content/uploads/2026/09/temperaturas-extremas-y-precipitaciones-2026x09x13-a.pdf
2026-09-13,040,BUCARA (EMA),SANTIAGO,MINISTERIO DE AGRICULTURA,EMAI,,,0.0,https://indomet.gob.do/wp-content/uploads/2026/09/temperaturas-extremas-y-precipitaciones-2026x09x13-a.pdf
2026-09-13,041,CABRAL,BARAHONA,MINISTERIO DE AGRICULTURA,EMCV,35.5,24.9,0.0,https://indomet.gob.do/wp-content/uploads/2026/09/temperaturas-extremas-y-precipitaciones-2026x09x13-a.pdf
2026-09-13,042,CONSTANZA,LA VEGA,MINISTERIO DE AGRICULTURA,EMCI,29.2,14.4,0.0,https://indomet.gob.do/wp-content/uploads/2026/09/temperaturas-extremas-y-precipitaciones-2026x09x13-a.pdf
2026-09-13,043,CONSTANZA (EMA),LA VEGA,PROGRAMA MUNDIAL DE ALIMENTO,EMAP,27.9,15.3,0.0,https://indomet.gob.do/wp-content/uploads/2026/09/temperaturas-extremas-y-precipitaciones-2026x09x13-a.pdf
2026-09-13,044,EL CERCADO,SAN JUAN,MINISTERIO DE AGRICULTURA,EMCV,,,0.0,https://indomet.gob.do/wp-content/uploads/2026/09/temperaturas-extremas-y-precipitaciones-2026x09x13-a.pdf
2026-09-13,045,EL FACTOR (EMA),MARÍA TRINIDAD SÁNCHEZ,INTEC,EMAP,33.8,25.2,0.0,https://indomet.gob.do/wp-content/uploads/2026/09/temperaturas-extremas-y-precipitaciones-2026x09x13-a.pdf
2026-09-13,046,EL MILLON (EMA),DISTRITO NACIONAL,PRIVADA,EMAP,,,0.0,https://indomet.gob.do/wp-content/uploads/2026/09/temperaturas-extremas-y-precipitaciones-2026x09x13-a.pdf
2026-09-13,047,ELÍAS PIÑA,ELÍAS PIÑA,MINISTERIO DE AGRICULTURA,EMCV,,,0.0,https://indomet.gob.do/wp-content/uploads/2026/09/temperaturas-extremas-y-precipitaciones-2026x09x13-a.pdf
2026-09-13,048,ENRIQUILLO,BARAHONA,MINISTERIO DE AGRICULTURA,EMCV,34.5,25.0,0.0,https://indomet.gob.do/wp-content/uploads/2026/09/temperaturas-extremas-y-precipitaciones-2026x09x13-a.pdf
2026-09-13,049,ESCONDIDO,PERAVIA,MINISTERIO DE AGRICULTURA,EMCV,34.0,27.0,0.0,https://indomet.gob.do/wp-content/uploads/2026/09/temperaturas-extremas-y-precipitaciones-2026x09x13-a.pdf
2026-09-13,050,GASPAR HERNÁNDEZ,ESPAILLAT,PROPIEDAD DEL EMPLEADO,EMCI,,,0.0,https://indomet.gob.do/wp-content/uploads/2026/09/temperaturas-extremas-y-precipitaciones-2026x09x13-a.pdf
2026-09-13,051,GURABO,SANTIAGO,MINISTERIO DE AGRICULTURA,EMCV,,,0.0,https://indomet.gob.do/wp-content/uploads/2026/09/temperaturas-extremas-y-precipitaciones-2026x09x13-a.pdf
2026-09-13,052,HATO MAYOR,HATO MAYOR,MINISTERIO DE AGRICULTURA,EMCV,,,0.0,https://indomet.gob.do/wp-content/uploads/2026/09/temperaturas-extremas-y-precipitaciones-2026x09x13-a.pdf
2026-09-13,053,JANICO (EMA),LA VEGA,PLAN SIERRA,EMAI,,,0.0,https://indomet.gob.do/wp-content/uploads/2026/09/temperaturas-extremas-y-precipitaciones-2026x09x13-a.pdf
2026-09-13,054,JARABACOA,LA VEGA,INDRHI / MARENA,EMCI,34.0,18.0,0.0,https://indomet.gob.do/wp-content/uploads/2026/09/temperaturas-extremas-y-precipitaciones-2026x09x13-a.pdf
2026-09-13,055,JARDÍN BOTÁNICO SANTIAGO (EMSANTIAGO,,JARDIN BOTANICO SANTIAGO,EMAI,36.3,27.3,0.0,https://indomet.gob.do/wp-content/uploads/2026/09/temperaturas-extremas-y-precipitaciones-2026x09x13-a.pdf
2026-09-13,056,JIMANÍ,INDEPENDENCIA,MINISTERIO DE AGRICULTURA,EMCI,38.0,26.6,0.0,https://indomet.gob.do/wp-content/uploads/2026/09/temperaturas-extremas-y-precipitaciones-2026x09x13-a.pdf
2026-09-13,057,LA VEGA,LA VEGA,IATESA,EMCI,36.0,24.5,0.0,https://indomet.gob.do/wp-content/uploads/2026/09/temperaturas-extremas-y-precipitaciones-2026x09x13-a.pdf
2026-09-13,058,LAS CANAS (EMA),MONTE CRISTI,PROGRAMA MUNDIAL DE ALIMENTO,EMAP,32.2,25.3,0.0,https://indomet.gob.do/wp-content/uploads/2026/09/temperaturas-extremas-y-precipitaciones-2026x09x13-a.pdf
2026-09-13,059,LAS MATAS DE FARFÁN,SAN JUAN,MINISTERIO DE AGRICULTURA,EMCV,,,0.0,https://indomet.gob.do/wp-content/uploads/2026/09/temperaturas-extremas-y-precipitaciones-2026x09x13-a.pdf
2026-09-13,060,LOS CACICAZGOS (EMA),DISTRITO NACIONAL,PRIVADA,EMAP,,,0.0,https://indomet.gob.do/wp-content/uploads/2026/09/temperaturas-extremas-y-precipitaciones-2026x09x13-a.pdf
2026-09-13,061,LOS COCOS (EMA),BAHORUCO,PRIVADA,EMAP,,,0.0,https://indomet.gob.do/wp-content/uploads/2026/09/temperaturas-extremas-y-precipitaciones-2026x09x13-a.pdf
2026-09-13,062,LOS LLANOS,SAN PEDRO DE MACORÍS,MINISTERIO DE AGRICULTURA,EMCI,35.0,24.5,0.0,https://indomet.gob.do/wp-content/uploads/2026/09/temperaturas-extremas-y-precipitaciones-2026x09x13-a.pdf
2026-09-13,063,LOS TRES CHARCOS (EMA),PEDERNALES,PROPIEDAD DEL VOLUNTARIO,EMAP,,,0.0,https://indomet.gob.do/wp-content/uploads/2026/09/temperaturas-extremas-y-precipitaciones-2026x09x13-a.pdf
2026-09-13,064,LUPERÓN,PUERTO PLATA,MINISTERIO DE AGRICULTURA,EMCV,,,0.0,https://indomet.gob.do/wp-content/uploads/2026/09/temperaturas-extremas-y-precipitaciones-2026x09x13-a.pdf
2026-09-13,065,MAO,VALVERDE,INDRHI / MINISTERIO DE AGRICULTURA,EMCV,,,0.0,https://indomet.gob.do/wp-content/uploads/2026/09/temperaturas-extremas-y-precipitaciones-2026x09x13-a.pdf
2026-09-13,066,MONCIÓN (EMA),SANTIAGO RODRÍGUEZ,PROGRAMA MUNDIAL DE ALIMENTO,EMAP,34.5,20.6,0.0,https://indomet.gob.do/wp-content/uploads/2026/09/temperaturas-extremas-y-precipitaciones-2026x09x13-a.pdf
2026-09-13,067,MONTE CRISTI,MONTE CRISTI,INDOMET,EMCI,35.3,25.0,0.0,https://indomet.gob.do/wp-content/uploads/2026/09/temperaturas-extremas-y-precipitaciones-2026x09x13-a.pdf
2026-09-13,068,NAVARRETE,SANTIAGO,MINISTERIO DE AGRICULTURA,EMCV,,,0.0,https://indomet.gob.do/wp-content/uploads/2026/09/temperaturas-extremas-y-precipitaciones-2026x09x13-a.pdf
2026-09-13,069,OLIVARES,PEDERNALES,INDRHI,EMCI,,,0.0,https://indomet.gob.do/wp-content/uploads/2026/09/temperaturas-extremas-y-precipitaciones-2026x09x13-a.pdf
2026-09-13,070,OVIEDO,PEDERNALES,CLÍNICA RURAL OVIEDO,EMCI,35.0,26.0,0.0,https://indomet.gob.do/wp-content/uploads/2026/09/temperaturas-extremas-y-precipitaciones-2026x09x13-a.pdf
2026-09-13,071,PADRE LAS CASAS,AZUA,HOSP. NTRA. SRA. DEL CARMEN,EMCI,34.5,20.5,0.0,https://indomet.gob.do/wp-content/uploads/2026/09/temperaturas-extremas-y-precipitaciones-2026x09x13-a.pdf
2026-09-13,072,PALO ÍNDIO,PUERTO PLATA,MINISTERIO DE AGRICULTURA,EMCI,,,0.0,https://indomet.gob.do/wp-content/uploads/2026/09/temperaturas-extremas-y-precipitaciones-2026x09x13-a.pdf
2026-09-13,073,PEDERNALES,PEDERNALES,INDRHI,EMCI,,,0.0,https://indomet.gob.do/wp-content/uploads/2026/09/temperaturas-extremas-y-precipitaciones-2026x09x13-a.pdf
2026-09-13,074,PERALTA,AZUA,HOSP. MPAL. DE PERALTA,EMCI,35.0,20.1,0.0,https://indomet.gob.do/wp-content/uploads/2026/09/temperaturas-extremas-y-precipitaciones-2026x09x13-a.pdf
2026-09-13,075,PRESA DE TAVERAS (EMA),LA VEGA,PROGRAMA MUNDIAL DE ALIMENTO,EMAP,33.3,23.4,0.0,https://indomet.gob.do/wp-content/uploads/2026/09/temperaturas-extremas-y-precipitaciones-2026x09x13-a.pdf
2026-09-13,076,PROLONGACION 27 DE FEBRERO,DISTRITO NACIONAL,PRIVADA,EMAP,,,0.0,https://indomet.gob.do/wp-content/uploads/2026/09/temperaturas-extremas-y-precipitaciones-2026x09x13-a.pdf
2026-09-13,077,RESTAURACIÓN,DAJABÓN,MINISTERIO DE AGRICULTURA,EMCI,31.9,19.1,0.0,https://indomet.gob.do/wp-content/uploads/2026/09/temperaturas-extremas-y-precipitaciones-2026x09x13-a.pdf
2026-09-13,078,RÍO SAN JUAN,MARÍA TRINIDAD SÁNCHEZ,HOSP. MPAL. DR. DESIDERIO ACOSTA,EMCV,36.0,25.5,0.0,https://indomet.gob.do/wp-content/uploads/2026/09/temperaturas-extremas-y-precipitaciones-2026x09x13-a.pdf
2026-09-13,079,SABANETA (EMA),SANTIAGO RODRÍGUEZ,PROGRAMA MUNDIAL DE ALIMENTO,EMAP,38.1,23.3,0.0,https://indomet.gob.do/wp-content/uploads/2026/09/temperaturas-extremas-y-precipitaciones-2026x09x13-a.pdf
2026-09-13,080,SAJOMA (EMA),SANTIAGO,PLAN SIERRA,EMAI,33.6,24.0,0.0,https://indomet.gob.do/wp-content/uploads/2026/09/temperaturas-extremas-y-precipitaciones-2026x09x13-a.pdf
2026-09-13,081,SALCEDO,HERMANAS MIRABAL,PROPIEDAD DEL EMPLEADO,EMCI,,,0.0,https://indomet.gob.do/wp-content/uploads/2026/09/temperaturas-extremas-y-precipitaciones-2026x09x13-a.pdf
2026-09-13,082,SAN CRISTÓBAL,SAN CRISTÓBAL,INSTITUTO POLITÉCNICO LOYOLA,EMCI,34.2,23.2,0.0,https://indomet.gob.do/wp-content/uploads/2026/09/temperaturas-extremas-y-precipitaciones-2026x09x13-a.pdf
2026-09-13,083,SAN FRANCISCO DE MACORÍS,DUARTE,San Francisco de Macorís (UASD),EMCI,34.9,24.2,0.0,https://indomet.gob.do/wp-content/uploads/2026/09/temperaturas-extremas-y-precipitaciones-2026x09x13-a.pdf
2026-09-13,084,SAN JOSÉ DE OCOA,SAN JOSÉ DE OCOA,HOSP. SAN JOSÉ DE OCOA,EMCI,35.5,23.1,0.0,https://indomet.gob.do/wp-content/uploads/2026/09/temperaturas-extremas-y-precipitaciones-2026x09x13-a.pdf
2026-09-13,085,SAN RAFAEL DEL YUMA,LA ALTAGRACIA,MINISTERIO DE AGRICULTURA,EMCI,33.6,25.0,0.0,https://indomet.gob.do/wp-content/uploads/2026/09/temperaturas-extremas-y-precipitaciones-2026x09x13-a.pdf
2026-09-13,086,SÁNCHEZ,SAMANÁ,MINISTERIO DE AGRICULTURA,EMCI,33.2,22.4,0.0,https://indomet.gob.do/wp-content/uploads/2026/09/temperaturas-extremas-y-precipitaciones-2026x09x13-a.pdf
2026-09-13,087,SANTIAGO (CENTRO),SANTIAGO,HUACALITO,EMCI,,,0.0,https://indomet.gob.do/wp-content/uploads/2026/09/temperaturas-extremas-y-precipitaciones-2026x09x13-a.pdf
2026-09-13,088,SANTIAGO RODRÍGUEZ,SANTIAGO RODRÍGUEZ,INDOMET,EMCI,38.0,25.0,0.0,https://indomet.gob.do/wp-content/uploads/2026/09/temperaturas-extremas-y-precipitaciones-2026x09x13-a.pdf
2026-09-13,089,TÁBARA ABAJO,AZUA,INDRHI,EMCI,35.5,25.0,0.0,https://indomet.gob.do/wp-content/uploads/2026/09/temperaturas-extremas-y-precipitaciones-2026x09x13-a.pdf
2026-09-13,090,TAMBORIL,SANTIAGO,MINISTERIO DE AGRICULTURA,EMCV,,,0.0,https://indomet.gob.do/wp-content/uploads/2026/09/temperaturas-extremas-y-precipitaciones-2026x09x13-a.pdf
2026-09-13,091,VILLA ALTAGRACIA,SAN CRISTÓBAL,ESCUELA JAVIER ANGULO GURIDI,EMCI,,,0.0,https://indomet.gob.do/wp-content/uploads/2026/09/temperaturas-extremas-y-precipitaciones-2026x09x13-a.pdf
2026-09-13,092,VILLA GONZALES,SANTIAGO,MINISTERIO DE AGRICULTURA,EMCI,,,0.0,https://indomet.gob.do/wp-content/uploads/2026/09/temperaturas-extremas-y-precipitaciones-2026x09x13-a.pdf
2026-09-13,093,VILLA RIVA,DUARTE,HOSP. MPAL. ALICIA DE LEGENDRE,EMCI,33.8,23.5,0.0,https://indomet.gob.do/wp-content/uploads/2026/09/temperaturas-extremas-y-precipitaciones-2026x09x13-a.pdf
2026-09-13,094,VILLA VASQUEZ (EMA),MONTE CRISTI,JUNTA DE REGANTES,EMAI,,,0.0,https://indomet.gob.do/wp-content/uploads/2026/09/temperaturas-extremas-y-precipitaciones-2026x09x13-a.pdf
2026-09-16,001,LA AGUSTINA (EMA),DISTRITO NACIONAL,PRIVADA,EMAP,,,38.1,https://indomet.gob.do/wp-content/uploads/2026/09/temperaturas-extremas-y-precipitaciones-2026x09x16-a.pdf
2026-09-16,002,ENSANCHE LA FE (EMA),DISTRITO NACIONAL,PRIVADA,EMAP,,,38.1,https://indomet.gob.do/wp-content/uploads/2026/09/temperaturas-extremas-y-precipitaciones-2026x09x16-a.pdf
2026-09-16,003,LOS PRADOS (EMA),DISTRITO NACIONAL,PRIVADA,EMAP,,,32.5,https://indomet.gob.do/wp-content/uploads/2026/09/temperaturas-extremas-y-precipitaciones-2026x09x16-a.pdf
2026-09-16,004,MOCA,ESPAILLAT,MINISTERIO DE AGRICULTURA,EMCV,,,32.0,https://indomet.gob.do/wp-content/uploads/2026/09/temperaturas-extremas-y-precipitaciones-2026x09x16-a.pdf
2026-09-16,005,RESTAURACIÓN,DAJABÓN,MINISTERIO DE AGRICULTURA,EMCI,30.4,17.8,27.5,https://indomet.gob.do/wp-content/uploads/2026/09/temperaturas-extremas-y-precipitaciones-2026x09x16-a.pdf
2026-09-16,006,VILLA RIVA,DUARTE,HOSP. MPAL. ALICIA DE LEGENDRE,EMCI,30.0,21.6,25.0,https://indomet.gob.do/wp-content/uploads/2026/09/temperaturas-extremas-y-precipitaciones-2026x09x16-a.pdf
2026-09-16,007,ARROYO LORO,SAN JUAN,IDIAF,EMCI,34.2,18.3,23.5,https://indomet.gob.do/wp-content/uploads/2026/09/temperaturas-extremas-y-precipitaciones-2026x09x16-a.pdf
2026-09-16,008,ARPT. EL CATEY,SAMANÁ,INDOMET,EMCI,28.8,22.4,15.0,https://indomet.gob.do/wp-content/uploads/2026/09/temperaturas-extremas-y-precipitaciones-2026x09x16-a.pdf
2026-09-16,009,SALCEDO,HERMANAS MIRABAL,PROPIEDAD DEL EMPLEADO,EMCI,,,13.9,https://indomet.gob.do/wp-content/uploads/2026/09/temperaturas-extremas-y-precipitaciones-2026x09x16-a.pdf
2026-09-16,010,VILLA ALTAGRACIA,SAN CRISTÓBAL,ESCUELA JAVIER ANGULO GURIDI,EMCI,,,13.6,https://indomet.gob.do/wp-content/uploads/2026/09/temperaturas-extremas-y-precipitaciones-2026x09x16-a.pdf
2026-09-16,011,SANTO DOMINGO ESTE,SANTO DOMINGO,INDOMET,EMCI,34.1,22.7,12.1,https://indomet.gob.do/wp-content/uploads/2026/09/temperaturas-extremas-y-precipitaciones-2026x09x16-a.pdf
2026-09-16,012,EL FACTOR (EMA),MARÍA TRINIDAD SÁNCHEZ,INTEC,EMAP,33.4,24.2,10.7,https://indomet.gob.do/wp-content/uploads/2026/09/temperaturas-extremas-y-precipitaciones-2026x09x16-a.pdf
2026-09-16,013,HONDO VALLE,ELÍAS PIÑA,MINISTERIO DE AGRICULTURA,EMCI,27.7,18.0,9.6,https://indomet.gob.do/wp-content/uploads/2026/09/temperaturas-extremas-y-precipitaciones-2026x09x16-a.pdf
2026-09-16,014,SAMANÁ,SAMANÁ,COMANDANCIA DE PUERTO DE SAMANÁ,EMCI,30.8,17.7,9.2,https://indomet.gob.do/wp-content/uploads/2026/09/temperaturas-extremas-y-precipitaciones-2026x09x16-a.pdf
2026-09-16,015,CABRERA,MARÍA TRINIDAD SÁNCHEZ,ESCUELA ARÍSTIDES FIALLO CABRAL,EMCI,29.5,26.0,9.0,https://indomet.gob.do/wp-content/uploads/2026/09/temperaturas-extremas-y-precipitaciones-2026x09x16-a.pdf
2026-09-16,016,BUCARA (EMA),SANTIAGO,MINISTERIO DE AGRICULTURA,EMAI,,,8.8,https://indomet.gob.do/wp-content/uploads/2026/09/temperaturas-extremas-y-precipitaciones-2026x09x16-a.pdf
2026-09-16,017,SABANA DE LA MAR,HATO MAYOR,INDOMET,EMCI,32.5,24.4,7.4,https://indomet.gob.do/wp-content/uploads/2026/09/temperaturas-extremas-y-precipitaciones-2026x09x16-a.pdf
2026-09-16,018,MICHES (EMA),EL SEIBO,PRIVADA,EMAP,30.8,24.9,7.4,https://indomet.gob.do/wp-content/uploads/2026/09/temperaturas-extremas-y-precipitaciones-2026x09x16-a.pdf
2026-09-16,019,ARPT. DEL CIBAO,SANTIAGO,INDOMET,EMCI,34.6,22.6,7.4,https://indomet.gob.do/wp-content/uploads/2026/09/temperaturas-extremas-y-precipitaciones-2026x09x16-a.pdf
2026-09-16,020,PARQUE MIRADOR NORTE,SANTO DOMINGO,AYUNTAMIENTO,EMCV,,,7.1,https://indomet.gob.do/wp-content/uploads/2026/09/temperaturas-extremas-y-precipitaciones-2026x09x16-a.pdf
2026-09-16,021,RÍO SAN JUAN,MARÍA TRINIDAD SÁNCHEZ,HOSP. MPAL. DR. DESIDERIO ACOSTA,EMCV,33.8,24.8,6.8,https://indomet.gob.do/wp-content/uploads/2026/09/temperaturas-extremas-y-precipitaciones-2026x09x16-a.pdf
2026-09-16,022,SÁNCHEZ,SAMANÁ,MINISTERIO DE AGRICULTURA,EMCI,30.0,22.5,6.4,https://indomet.gob.do/wp-content/uploads/2026/09/temperaturas-extremas-y-precipitaciones-2026x09x16-a.pdf
2026-09-16,023,ARPT. ARROYO BARRIL,SAMANÁ,INDOMET,EMCI,30.4,24.0,6.0,https://indomet.gob.do/wp-content/uploads/2026/09/temperaturas-extremas-y-precipitaciones-2026x09x16-a.pdf
2026-09-16,024,DAJABÓN,DAJABÓN,INSTITUTO POLITÉCNICO LOYOLA,EMCI,36.4,20.0,5.3,https://indomet.gob.do/wp-content/uploads/2026/09/temperaturas-extremas-y-precipitaciones-2026x09x16-a.pdf
2026-09-16,025,LUPERÓN,PUERTO PLATA,MINISTERIO DE AGRICULTURA,EMCV,,,4.8,https://indomet.gob.do/wp-content/uploads/2026/09/temperaturas-extremas-y-precipitaciones-2026x09x16-a.pdf
2026-09-16,026,CONSTANZA,LA VEGA,MINISTERIO DE AGRICULTURA,EMCI,27.4,12.0,4.6,https://indomet.gob.do/wp-content/uploads/2026/09/temperaturas-extremas-y-precipitaciones-2026x09x16-a.pdf
2026-09-16,027,CONSTANZA (EMA),LA VEGA,PROGRAMA MUNDIAL DE ALIMENTO,EMAP,26.5,13.1,4.4,https://indomet.gob.do/wp-content/uploads/2026/09/temperaturas-extremas-y-precipitaciones-2026x09x16-a.pdf
2026-09-16,028,GASPAR HERNÁNDEZ,ESPAILLAT,PROPIEDAD DEL EMPLEADO,EMCI,,,3.2,https://indomet.gob.do/wp-content/uploads/2026/09/temperaturas-extremas-y-precipitaciones-2026x09x16-a.pdf
2026-09-16,029,EL CERCADO,SAN JUAN,MINISTERIO DE AGRICULTURA,EMCV,,,3.0,https://indomet.gob.do/wp-content/uploads/2026/09/temperaturas-extremas-y-precipitaciones-2026x09x16-a.pdf
2026-09-16,030,PROLONGACION 27 DE FEBRERO,DISTRITO NACIONAL,PRIVADA,EMAP,,,2.8,https://indomet.gob.do/wp-content/uploads/2026/09/temperaturas-extremas-y-precipitaciones-2026x09x16-a.pdf
2026-09-16,031,VILLA GONZALES,SANTIAGO,MINISTERIO DE AGRICULTURA,EMCI,,,2.5,https://indomet.gob.do/wp-content/uploads/2026/09/temperaturas-extremas-y-precipitaciones-2026x09x16-a.pdf
2026-09-16,032,BELLA VISTA (EMA),DISTRITO NACIONAL,PRIVADA,EMAP,,,2.5,https://indomet.gob.do/wp-content/uploads/2026/09/temperaturas-extremas-y-precipitaciones-2026x09x16-a.pdf
2026-09-16,033,LA VICTORIA,SANTO DOMINGO,CUERPO DE BOMBEROS,EMCI,35.0,24.5,2.4,https://indomet.gob.do/wp-content/uploads/2026/09/temperaturas-extremas-y-precipitaciones-2026x09x16-a.pdf
2026-09-16,034,ELÍAS PIÑA,ELÍAS PIÑA,MINISTERIO DE AGRICULTURA,EMCV,,,2.0,https://indomet.gob.do/wp-content/uploads/2026/09/temperaturas-extremas-y-precipitaciones-2026x09x16-a.pdf
2026-09-16,035,BAYAHONDO (EMA),SAN JUAN,MINISTERIO DE AGRICULTURA,EMAP,28.5,15.6,2.0,https://indomet.gob.do/wp-content/uploads/2026/09/temperaturas-extremas-y-precipitaciones-2026x09x16-a.pdf
2026-09-16,036,ARPT. DE LA ROMANA,LA ROMANA,INDOMET,EMCI,33.0,23.0,2.0,https://indomet.gob.do/wp-content/uploads/2026/09/temperaturas-extremas-y-precipitaciones-2026x09x16-a.pdf
2026-09-16,037,LAS CANAS (EMA),MONTE CRISTI,PROGRAMA MUNDIAL DE ALIMENTO,EMAP,31.6,22.9,1.8,https://indomet.gob.do/wp-content/uploads/2026/09/temperaturas-extremas-y-precipitaciones-2026x09x16-a.pdf
2026-09-16,038,PERALTA,AZUA,HOSP. MPAL. DE PERALTA,EMCI,33.5,17.0,1.6,https://indomet.gob.do/wp-content/uploads/2026/09/temperaturas-extremas-y-precipitaciones-2026x09x16-a.pdf
2026-09-16,039,NAVARRETE,SANTIAGO,MINISTERIO DE AGRICULTURA,EMCV,,,1.3,https://indomet.gob.do/wp-content/uploads/2026/09/temperaturas-extremas-y-precipitaciones-2026x09x16-a.pdf
2026-09-16,040,VILLA VASQUEZ (EMA),MONTE CRISTI,JUNTA DE REGANTES,EMAI,,,1.0,https://indomet.gob.do/wp-content/uploads/2026/09/temperaturas-extremas-y-precipitaciones-2026x09x16-a.pdf
2026-09-16,041,CENTRO DE LOS HEROES (EMA),DISTRITO NACIONAL,MINISTERIO DE ENERGIA Y MINA,EMAP,33.7,26.6,1.0,https://indomet.gob.do/wp-content/uploads/2026/09/temperaturas-extremas-y-precipitaciones-2026x09x16-a.pdf
2026-09-16,042,TAMBORIL,SANTIAGO,MINISTERIO DE AGRICULTURA,EMCV,,,0.8,https://indomet.gob.do/wp-content/uploads/2026/09/temperaturas-extremas-y-precipitaciones-2026x09x16-a.pdf
2026-09-16,043,POLO,BARAHONA,INDOCAFE,EMCI,30.2,17.5,0.7,https://indomet.gob.do/wp-content/uploads/2026/09/temperaturas-extremas-y-precipitaciones-2026x09x16-a.pdf
2026-09-16,044,VILLA GONZALE (EMA),SANTIAGO,IGLESIA,EMAI,,,0.6,https://indomet.gob.do/wp-content/uploads/2026/09/temperaturas-extremas-y-precipitaciones-2026x09x16-a.pdf
2026-09-16,045,MONTE CRISTI,MONTE CRISTI,INDOMET,EMCI,34.5,24.8,0.5,https://indomet.gob.do/wp-content/uploads/2026/09/temperaturas-extremas-y-precipitaciones-2026x09x16-a.pdf
2026-09-16,046,LOS CACICAZGOS (EMA),DISTRITO NACIONAL,PRIVADA,EMAP,,,0.5,https://indomet.gob.do/wp-content/uploads/2026/09/temperaturas-extremas-y-precipitaciones-2026x09x16-a.pdf
2026-09-16,047,SAJOMA (EMA),SANTIAGO,PLAN SIERRA,EMAI,33.3,26.2,0.4,https://indomet.gob.do/wp-content/uploads/2026/09/temperaturas-extremas-y-precipitaciones-2026x09x16-a.pdf
2026-09-16,048,JANICO (EMA),LA VEGA,PLAN SIERRA,EMAI,,,0.4,https://indomet.gob.do/wp-content/uploads/2026/09/temperaturas-extremas-y-precipitaciones-2026x09x16-a.pdf
2026-09-16,049,BONAO,MONSEÑOR NOUEL,MINISTERIO DE AGRICULTURA,EMCV,,,0.3,https://indomet.gob.do/wp-content/uploads/2026/09/temperaturas-extremas-y-precipitaciones-2026x09x16-a.pdf
2026-09-16,050,SANTIAGO RODRÍGUEZ,SANTIAGO RODRÍGUEZ,INDOMET,EMCI,38.4,26.0,0.1,https://indomet.gob.do/wp-content/uploads/2026/09/temperaturas-extremas-y-precipitaciones-2026x09x16-a.pdf
2026-09-16,051,SAN JOSÉ DE OCOA,SAN JOSÉ DE OCOA,HOSP. SAN JOSÉ DE OCOA,EMCI,34.2,22.8,0.1,https://indomet.gob.do/wp-content/uploads/2026/09/temperaturas-extremas-y-precipitaciones-2026x09x16-a.pdf
2026-09-16,052,SABANA GRANDE DE BOYÁ,MONTE PLATA,MINISTERIO DE AGRICULTURA,EMCV,,,0.1,https://indomet.gob.do/wp-content/uploads/2026/09/temperaturas-extremas-y-precipitaciones-2026x09x16-a.pdf
2026-09-16,053,LA VEGA,LA VEGA,IATESA,EMCI,28.5,23.0,0.1,https://indomet.gob.do/wp-content/uploads/2026/09/temperaturas-extremas-y-precipitaciones-2026x09x16-a.pdf
2026-09-16,054,JARABACOA,LA VEGA,INDRHI / MARENA,EMCI,34.0,17.4,0.1,https://indomet.gob.do/wp-content/uploads/2026/09/temperaturas-extremas-y-precipitaciones-2026x09x16-a.pdf
2026-09-16,055,HATO MAYOR,HATO MAYOR,MINISTERIO DE AGRICULTURA,EMCV,,,0.1,https://indomet.gob.do/wp-content/uploads/2026/09/temperaturas-extremas-y-precipitaciones-2026x09x16-a.pdf
2026-09-16,056,ALTAMIRA,PUERTO PLATA,HOSP. MPAL. DE ALTAMIRA,EMCI,34.5,21.5,0.1,https://indomet.gob.do/wp-content/uploads/2026/09/temperaturas-extremas-y-precipitaciones-2026x09x16-a.pdf
2026-09-16,057,VALLE NUEVO (EMA),LA VEGA,MARENA,EMAI,20.0,8.2,0.0,https://indomet.gob.do/wp-content/uploads/2026/09/temperaturas-extremas-y-precipitaciones-2026x09x16-a.pdf
2026-09-16,058,TÁBARA ABAJO,AZUA,INDRHI,EMCI,33.5,20.5,0.0,https://indomet.gob.do/wp-content/uploads/2026/09/temperaturas-extremas-y-precipitaciones-2026x09x16-a.pdf
2026-09-16,059,SANTIAGO (CENTRO),SANTIAGO,HUACALITO,EMCI,,,0.0,https://indomet.gob.do/wp-content/uploads/2026/09/temperaturas-extremas-y-precipitaciones-2026x09x16-a.pdf
2026-09-16,060,SAN RAFAEL DEL YUMA,LA ALTAGRACIA,MINISTERIO DE AGRICULTURA,EMCI,34.4,26.0,0.0,https://indomet.gob.do/wp-content/uploads/2026/09/temperaturas-extremas-y-precipitaciones-2026x09x16-a.pdf
2026-09-16,061,SAN FRANCISCO DE MACORÍS,DUARTE,San Francisco de Macorís (UASD),EMCI,34.4,23.8,0.0,https://indomet.gob.do/wp-content/uploads/2026/09/temperaturas-extremas-y-precipitaciones-2026x09x16-a.pdf
2026-09-16,062,SAN CRISTÓBAL,SAN CRISTÓBAL,INSTITUTO POLITÉCNICO LOYOLA,EMCI,32.5,22.2,0.0,https://indomet.gob.do/wp-content/uploads/2026/09/temperaturas-extremas-y-precipitaciones-2026x09x16-a.pdf
2026-09-16,063,SABANETA (EMA),SANTIAGO RODRÍGUEZ,PROGRAMA MUNDIAL DE ALIMENTO,EMAP,37.6,21.2,0.0,https://indomet.gob.do/wp-content/uploads/2026/09/temperaturas-extremas-y-precipitaciones-2026x09x16-a.pdf
2026-09-16,064,RANCHO ARRIBA,SAN JOSÉ DE OCOA,CENTRO TECNOLÓGICO COMUNITARIO,EMCI,31.4,18.3,0.0,https://indomet.gob.do/wp-content/uploads/2026/09/temperaturas-extremas-y-precipitaciones-2026x09x16-a.pdf
2026-09-16,065,PRESA DE TAVERAS (EMA),LA VEGA,PROGRAMA MUNDIAL DE ALIMENTO,EMAP,33.6,22.4,0.0,https://indomet.gob.do/wp-content/uploads/2026/09/temperaturas-extremas-y-precipitaciones-2026x09x16-a.pdf
2026-09-16,066,PEDERNALES,PEDERNALES,INDRHI,EMCI,,,0.0,https://indomet.gob.do/wp-content/uploads/2026/09/temperaturas-extremas-y-precipitaciones-2026x09x16-a.pdf
2026-09-16,067,PASO AL MEDIO,SAN PEDRO DE MACORÍS,INDRHI,EMCI,,,0.0,https://indomet.gob.do/wp-content/uploads/2026/09/temperaturas-extremas-y-precipitaciones-2026x09x16-a.pdf
2026-09-16,068,PALO ÍNDIO,PUERTO PLATA,MINISTERIO DE AGRICULTURA,EMCI,,,0.0,https://indomet.gob.do/wp-content/uploads/2026/09/temperaturas-extremas-y-precipitaciones-2026x09x16-a.pdf
2026-09-16,069,OVIEDO,PEDERNALES,CLÍNICA RURAL OVIEDO,EMCI,35.5,26.2,0.0,https://indomet.gob.do/wp-content/uploads/2026/09/temperaturas-extremas-y-precipitaciones-2026x09x16-a.pdf
2026-09-16,070,OLIVARES,PEDERNALES,INDRHI,EMCI,,,0.0,https://indomet.gob.do/wp-content/uploads/2026/09/temperaturas-extremas-y-precipitaciones-2026x09x16-a.pdf
2026-09-16,071,MONCIÓN (EMA),SANTIAGO RODRÍGUEZ,PROGRAMA MUNDIAL DE ALIMENTO,EMAP,,,0.0,https://indomet.gob.do/wp-content/uploads/2026/09/temperaturas-extremas-y-precipitaciones-2026x09x16-a.pdf
2026-09-16,072,MAO,VALVERDE,INDRHI / MINISTERIO DE AGRICULTURA,EMCV,,,0.0,https://indomet.gob.do/wp-content/uploads/2026/09/temperaturas-extremas-y-precipitaciones-2026x09x16-a.pdf
2026-09-16,073,LOS TRES CHARCOS (EMA),PEDERNALES,PROPIEDAD DEL VOLUNTARIO,EMAP,30.2,26.0,0.0,https://indomet.gob.do/wp-content/uploads/2026/09/temperaturas-extremas-y-precipitaciones-2026x09x16-a.pdf
2026-09-16,074,LOS LLANOS,SAN PEDRO DE MACORÍS,MINISTERIO DE AGRICULTURA,EMCI,33.3,24.0,0.0,https://indomet.gob.do/wp-content/uploads/2026/09/temperaturas-extremas-y-precipitaciones-2026x09x16-a.pdf
2026-09-16,075,LOS COCOS (EMA),BAHORUCO,PRIVADA,EMAP,,,0.0,https://indomet.gob.do/wp-content/uploads/2026/09/temperaturas-extremas-y-precipitaciones-2026x09x16-a.pdf
2026-09-16,076,JUMA BEJUCAL,MONSEÑOR NOUEL,IDIAF,EMCV,35.0,23.4,0.0,https://indomet.gob.do/wp-content/uploads/2026/09/temperaturas-extremas-y-precipitaciones-2026x09x16-a.pdf
2026-09-16,077,JIMANÍ,INDEPENDENCIA,MINISTERIO DE AGRICULTURA,EMCI,37.4,25.6,0.0,https://indomet.gob.do/wp-content/uploads/2026/09/temperaturas-extremas-y-precipitaciones-2026x09x16-a.pdf
2026-09-16,078,JARDÍN BOTÁNICO SANTIAGO (EMSANTIAGO,,JARDIN BOTANICO SANTIAGO,EMAI,35.6,26.9,0.0,https://indomet.gob.do/wp-content/uploads/2026/09/temperaturas-extremas-y-precipitaciones-2026x09x16-a.pdf
2026-09-16,079,JARDÍN BOTÁNICO NACIONAL,DISTRITO NACIONAL,JARDÍN BOTÁNICO NACIONAL,EMCV,35.0,23.4,0.0,https://indomet.gob.do/wp-content/uploads/2026/09/temperaturas-extremas-y-precipitaciones-2026x09x16-a.pdf
2026-09-16,080,GURABO,SANTIAGO,MINISTERIO DE AGRICULTURA,EMCV,,,0.0,https://indomet.gob.do/wp-content/uploads/2026/09/temperaturas-extremas-y-precipitaciones-2026x09x16-a.pdf
2026-09-16,081,ESCONDIDO,PERAVIA,MINISTERIO DE AGRICULTURA,EMCV,34.0,27.0,0.0,https://indomet.gob.do/wp-content/uploads/2026/09/temperaturas-extremas-y-precipitaciones-2026x09x16-a.pdf
2026-09-16,082,ENRIQUILLO,BARAHONA,MINISTERIO DE AGRICULTURA,EMCV,35.0,25.5,0.0,https://indomet.gob.do/wp-content/uploads/2026/09/temperaturas-extremas-y-precipitaciones-2026x09x16-a.pdf
2026-09-16,083,EL MILLON (EMA),DISTRITO NACIONAL,PRIVADA,EMAP,,,0.0,https://indomet.gob.do/wp-content/uploads/2026/09/temperaturas-extremas-y-precipitaciones-2026x09x16-a.pdf
2026-09-16,084,BOHECHÍO,SAN JUAN,MINISTERIO DE AGRICULTURA,EMCV,,,0.0,https://indomet.gob.do/wp-content/uploads/2026/09/temperaturas-extremas-y-precipitaciones-2026x09x16-a.pdf
2026-09-16,085,BOCA DE MAO (EMA),VALVERDE,MINISTERIO DE AGRICULTURA,EMAP,,,0.0,https://indomet.gob.do/wp-content/uploads/2026/09/temperaturas-extremas-y-precipitaciones-2026x09x16-a.pdf
2026-09-16,086,BAYAGUANA,MONTE PLATA,INDOMET,EMCI,33.6,23.8,0.0,https://indomet.gob.do/wp-content/uploads/2026/09/temperaturas-extremas-y-precipitaciones-2026x09x16-a.pdf
2026-09-16,087,BANI (EMA),PERAVIA,MINISTERIO DE AGRICULTURA,EMAP,34.3,27.6,0.0,https://indomet.gob.do/wp-content/uploads/2026/09/temperaturas-extremas-y-precipitaciones-2026x09x16-a.pdf
2026-09-16,088,ARPT. MARÍA MONTEZ,BARAHONA,INDOMET,EMCI,34.4,23.5,0.0,https://indomet.gob.do/wp-content/uploads/2026/09/temperaturas-extremas-y-precipitaciones-2026x09x16-a.pdf
2026-09-16,089,ARPT. LA ISABELA,SANTO DOMINGO,INDOMET,EMCI,36.0,22.2,0.0,https://indomet.gob.do/wp-content/uploads/2026/09/temperaturas-extremas-y-precipitaciones-2026x09x16-a.pdf
2026-09-16,090,ARPT. GREGORIO LUPERÓN,PUERTO PLATA,INDOMET,EMCI,33.5,23.4,0.0,https://indomet.gob.do/wp-content/uploads/2026/09/temperaturas-extremas-y-precipitaciones-2026x09x16-a.pdf
2026-09-16,091,ARPT. DE PUNTA CANA,LA ALTAGRACIA,INDOMET,EMCI,32.5,24.0,0.0,https://indomet.gob.do/wp-content/uploads/2026/09/temperaturas-extremas-y-precipitaciones-2026x09x16-a.pdf
2026-09-16,092,ARPT. DE LAS AMÉRICAS,SANTO DOMINGO,INDOMET,EMCI,32.5,23.5,0.0,https://indomet.gob.do/wp-content/uploads/2026/09/temperaturas-extremas-y-precipitaciones-2026x09x16-a.pdf
2026-09-16,093,ANAMUYA (EMA),LA ALTAGRACIA,MINISTERIO DE AGRICULTURA,EMAP,32.4,26.2,0.0,https://indomet.gob.do/wp-content/uploads/2026/09/temperaturas-extremas-y-precipitaciones-2026x09x16-a.pdf
2026-09-16,094,ALTO BANDERA (EMA),LA VEGA,INTEC,EMAP,18.1,11.1,0.0,https://indomet.gob.do/wp-content/uploads/2026/09/temperaturas-extremas-y-precipitaciones-2026x09x16-a.pdf
2026-09-17,001,POLO,BARAHONA,INDOCAFE,EMCI,30.0,18.5,80.6,https://indomet.gob.do/wp-content/uploads/2026/09/temperaturas-extremas-y-precipitaciones-2026x09x17-a.pdf
2026-09-17,002,DAJABÓN,DAJABÓN,INSTITUTO POLITÉCNICO LOYOLA,EMCI,37.1,21.8,45.7,https://indomet.gob.do/wp-content/uploads/2026/09/temperaturas-extremas-y-precipitaciones-2026x09x17-a.pdf
2026-09-17,003,LOYOLA (EMA),SAN CRISTÓBAL,PRIVADA,EMAP,,,38.2,https://indomet.gob.do/wp-content/uploads/2026/09/temperaturas-extremas-y-precipitaciones-2026x09x17-a.pdf
2026-09-17,004,EL FACTOR (EMA),MARÍA TRINIDAD SÁNCHEZ,INTEC,EMAP,33.8,24.2,32.5,https://indomet.gob.do/wp-content/uploads/2026/09/temperaturas-extremas-y-precipitaciones-2026x09x17-a.pdf
2026-09-17,005,ARENOSO,DUARTE,PROGRAMA MUNDIAL DE ALIMENTO,EMAP,,,30.8,https://indomet.gob.do/wp-content/uploads/2026/09/temperaturas-extremas-y-precipitaciones-2026x09x17-a.pdf
2026-09-17,006,VILLA ALTAGRACIA,SAN CRISTÓBAL,ESCUELA JAVIER ANGULO GURIDI,EMCI,,,26.2,https://indomet.gob.do/wp-content/uploads/2026/09/temperaturas-extremas-y-precipitaciones-2026x09x17-a.pdf
2026-09-17,007,CASTILLO (EMA),DUARTE,PRIVADA,EMAP,,,20.1,https://indomet.gob.do/wp-content/uploads/2026/09/temperaturas-extremas-y-precipitaciones-2026x09x17-a.pdf
2026-09-17,008,SABANETA (EMA),SANTIAGO RODRÍGUEZ,PROGRAMA MUNDIAL DE ALIMENTO,EMAP,38.2,22.6,18.2,https://indomet.gob.do/wp-content/uploads/2026/09/temperaturas-extremas-y-precipitaciones-2026x09x17-a.pdf
2026-09-17,009,SANTIAGO RODRÍGUEZ,SANTIAGO RODRÍGUEZ,INDOMET,EMCI,38.7,25.4,17.2,https://indomet.gob.do/wp-content/uploads/2026/09/temperaturas-extremas-y-precipitaciones-2026x09x17-a.pdf
2026-09-17,010,JARDÍN BOTÁNICO NACIONAL,DISTRITO NACIONAL,JARDÍN BOTÁNICO NACIONAL,EMCV,31.8,23.8,17.0,https://indomet.gob.do/wp-content/uploads/2026/09/temperaturas-extremas-y-precipitaciones-2026x09x17-a.pdf
2026-09-17,011,SABANA DE LA MAR,HATO MAYOR,INDOMET,EMCI,33.2,23.5,17.0,https://indomet.gob.do/wp-content/uploads/2026/09/temperaturas-extremas-y-precipitaciones-2026x09x17-a.pdf
2026-09-17,012,CIUDAD JUAN BOSCH (EMA),SANTO DOMINGO,PRIVADA,EMAP,,,16.0,https://indomet.gob.do/wp-content/uploads/2026/09/temperaturas-extremas-y-precipitaciones-2026x09x17-a.pdf
2026-09-17,013,LOS JENGIBRES,NAGUA,INDRHI,EMCI,,,15.4,https://indomet.gob.do/wp-content/uploads/2026/09/temperaturas-extremas-y-precipitaciones-2026x09x17-a.pdf
2026-09-17,014,ZONA FRANCA INDUSTRIAL (EMA),SANTO DOMINGO,PRIVADA,EMAP,,,15.2,https://indomet.gob.do/wp-content/uploads/2026/09/temperaturas-extremas-y-precipitaciones-2026x09x17-a.pdf
2026-09-17,015,ENSANCHE LA FE (EMA),DISTRITO NACIONAL,PRIVADA,EMAP,,,14.2,https://indomet.gob.do/wp-content/uploads/2026/09/temperaturas-extremas-y-precipitaciones-2026x09x17-a.pdf
2026-09-17,016,LA AGUSTINA (EMA),DISTRITO NACIONAL,PRIVADA,EMAP,,,14.2,https://indomet.gob.do/wp-content/uploads/2026/09/temperaturas-extremas-y-precipitaciones-2026x09x17-a.pdf
2026-09-17,017,OVIEDO,PEDERNALES,CLÍNICA RURAL OVIEDO,EMCI,34.0,22.5,13.5,https://indomet.gob.do/wp-content/uploads/2026/09/temperaturas-extremas-y-precipitaciones-2026x09x17-a.pdf
2026-09-17,018,SAN CRISTÓBAL,SAN CRISTÓBAL,INSTITUTO POLITÉCNICO LOYOLA,EMCI,31.2,29.0,12.6,https://indomet.gob.do/wp-content/uploads/2026/09/temperaturas-extremas-y-precipitaciones-2026x09x17-a.pdf
2026-09-17,019,ENRIQUILLO,BARAHONA,MINISTERIO DE AGRICULTURA,EMCV,33.5,22.7,12.4,https://indomet.gob.do/wp-content/uploads/2026/09/temperaturas-extremas-y-precipitaciones-2026x09x17-a.pdf
2026-09-17,020,PALO DE VIENTO (EMA),SAN JUAN,PRIVADA,EMAP,,,12.4,https://indomet.gob.do/wp-content/uploads/2026/09/temperaturas-extremas-y-precipitaciones-2026x09x17-a.pdf
2026-09-17,021,MULTIMODAL CAUCEDO,SANTO DOMINGO,PRIVADA,EMAP,,,12.2,https://indomet.gob.do/wp-content/uploads/2026/09/temperaturas-extremas-y-precipitaciones-2026x09x17-a.pdf
2026-09-17,022,EL SEIBO,EL SEIBO,MINISTERIO DE AGRICULTURA,EMCV,,,11.4,https://indomet.gob.do/wp-content/uploads/2026/09/temperaturas-extremas-y-precipitaciones-2026x09x17-a.pdf
2026-09-17,023,SERRALLÉS (EMA),DISTRITO NACIONAL,PRIVADA,EMAP,,,11.2,https://indomet.gob.do/wp-content/uploads/2026/09/temperaturas-extremas-y-precipitaciones-2026x09x17-a.pdf
2026-09-17,024,LOS CACICAZGOS (EMA),DISTRITO NACIONAL,PRIVADA,EMAP,,,11.1,https://indomet.gob.do/wp-content/uploads/2026/09/temperaturas-extremas-y-precipitaciones-2026x09x17-a.pdf
2026-09-17,025,SÁNCHEZ,SAMANÁ,MINISTERIO DE AGRICULTURA,EMCI,32.7,22.4,10.6,https://indomet.gob.do/wp-content/uploads/2026/09/temperaturas-extremas-y-precipitaciones-2026x09x17-a.pdf
2026-09-17,026,VILLA RIVA,DUARTE,HOSP. MPAL. ALICIA DE LEGENDRE,EMCI,32.7,23.3,10.3,https://indomet.gob.do/wp-content/uploads/2026/09/temperaturas-extremas-y-precipitaciones-2026x09x17-a.pdf
2026-09-17,027,MICHES (EMA),EL SEIBO,PRIVADA,EMAP,32.4,24.2,9.6,https://indomet.gob.do/wp-content/uploads/2026/09/temperaturas-extremas-y-precipitaciones-2026x09x17-a.pdf
2026-09-17,028,PROLONGACION 27 DE FEBRERO,DISTRITO NACIONAL,PRIVADA,EMAP,,,9.6,https://indomet.gob.do/wp-content/uploads/2026/09/temperaturas-extremas-y-precipitaciones-2026x09x17-a.pdf
2026-09-17,029,BAYAGUANA,MONTE PLATA,INDOMET,EMCI,32.2,24.0,8.8,https://indomet.gob.do/wp-content/uploads/2026/09/temperaturas-extremas-y-precipitaciones-2026x09x17-a.pdf
2026-09-17,030,SANTO DOMINGO ESTE,SANTO DOMINGO,INDOMET,EMCI,35.0,23.5,8.4,https://indomet.gob.do/wp-content/uploads/2026/09/temperaturas-extremas-y-precipitaciones-2026x09x17-a.pdf
2026-09-17,031,GASPAR HERNÁNDEZ,ESPAILLAT,PROPIEDAD DEL EMPLEADO,EMCI,,,8.0,https://indomet.gob.do/wp-content/uploads/2026/09/temperaturas-extremas-y-precipitaciones-2026x09x17-a.pdf
2026-09-17,032,SABANA GRANDE DE BOYÁ,MONTE PLATA,MINISTERIO DE AGRICULTURA,EMCV,,,7.4,https://indomet.gob.do/wp-content/uploads/2026/09/temperaturas-extremas-y-precipitaciones-2026x09x17-a.pdf
2026-09-17,033,ARPT. DE LAS AMÉRICAS,SANTO DOMINGO,INDOMET,EMCI,32.0,24.5,7.0,https://indomet.gob.do/wp-content/uploads/2026/09/temperaturas-extremas-y-precipitaciones-2026x09x17-a.pdf
2026-09-17,034,BELLA VISTA (EMA),DISTRITO NACIONAL,PRIVADA,EMAP,,,4.8,https://indomet.gob.do/wp-content/uploads/2026/09/temperaturas-extremas-y-precipitaciones-2026x09x17-a.pdf
2026-09-17,035,SAN RAFAEL DEL YUMA,LA ALTAGRACIA,MINISTERIO DE AGRICULTURA,EMCI,32.9,24.5,4.4,https://indomet.gob.do/wp-content/uploads/2026/09/temperaturas-extremas-y-precipitaciones-2026x09x17-a.pdf
2026-09-17,036,CENTRO DE LOS HEROES (EMA),DISTRITO NACIONAL,MINISTERIO DE ENERGIA Y MINA,EMAP,31.2,25.9,4.2,https://indomet.gob.do/wp-content/uploads/2026/09/temperaturas-extremas-y-precipitaciones-2026x09x17-a.pdf
2026-09-17,037,ARPT. MARÍA MONTEZ,BARAHONA,INDOMET,EMCI,34.0,23.0,4.1,https://indomet.gob.do/wp-content/uploads/2026/09/temperaturas-extremas-y-precipitaciones-2026x09x17-a.pdf
2026-09-17,038,BANI (EMA),PERAVIA,MINISTERIO DE AGRICULTURA,EMAP,31.7,24.9,3.4,https://indomet.gob.do/wp-content/uploads/2026/09/temperaturas-extremas-y-precipitaciones-2026x09x17-a.pdf
2026-09-17,039,PEDERNALES,PEDERNALES,INDRHI,EMCI,,,3.2,https://indomet.gob.do/wp-content/uploads/2026/09/temperaturas-extremas-y-precipitaciones-2026x09x17-a.pdf
2026-09-17,040,BASE AÉREA DE SAN ISIDRO,SANTO DOMINGO,FUERZA AÉREA DOMINICANA,EMCV,34.1,24.0,3.0,https://indomet.gob.do/wp-content/uploads/2026/09/temperaturas-extremas-y-precipitaciones-2026x09x17-a.pdf
2026-09-17,041,LOS COCOS (EMA),BAHORUCO,PRIVADA,EMAP,,,2.7,https://indomet.gob.do/wp-content/uploads/2026/09/temperaturas-extremas-y-precipitaciones-2026x09x17-a.pdf
2026-09-17,042,ARPT. DE LA ROMANA,LA ROMANA,INDOMET,EMCI,31.5,23.5,2.6,https://indomet.gob.do/wp-content/uploads/2026/09/temperaturas-extremas-y-precipitaciones-2026x09x17-a.pdf
2026-09-17,043,RANCHO ARRIBA,SAN JOSÉ DE OCOA,CENTRO TECNOLÓGICO COMUNITARIO,EMCI,30.0,19.6,2.4,https://indomet.gob.do/wp-content/uploads/2026/09/temperaturas-extremas-y-precipitaciones-2026x09x17-a.pdf
2026-09-17,044,LOS PRADOS (EMA),DISTRITO NACIONAL,PRIVADA,EMAP,,,2.3,https://indomet.gob.do/wp-content/uploads/2026/09/temperaturas-extremas-y-precipitaciones-2026x09x17-a.pdf
2026-09-17,045,ARPT. LA ISABELA,SANTO DOMINGO,INDOMET,EMCI,33.0,23.0,2.2,https://indomet.gob.do/wp-content/uploads/2026/09/temperaturas-extremas-y-precipitaciones-2026x09x17-a.pdf
2026-09-17,046,JIMANÍ,INDEPENDENCIA,MINISTERIO DE AGRICULTURA,EMCI,36.5,26.2,2.2,https://indomet.gob.do/wp-content/uploads/2026/09/temperaturas-extremas-y-precipitaciones-2026x09x17-a.pdf
2026-09-17,047,ARPT. EL CATEY,SAMANÁ,INDOMET,EMCI,31.4,22.5,1.8,https://indomet.gob.do/wp-content/uploads/2026/09/temperaturas-extremas-y-precipitaciones-2026x09x17-a.pdf
2026-09-17,048,HATO MAYOR,HATO MAYOR,MINISTERIO DE AGRICULTURA,EMCV,,,1.5,https://indomet.gob.do/wp-content/uploads/2026/09/temperaturas-extremas-y-precipitaciones-2026x09x17-a.pdf
2026-09-17,049,ESCONDIDO,PERAVIA,MINISTERIO DE AGRICULTURA,EMCV,32.0,27.0,1.5,https://indomet.gob.do/wp-content/uploads/2026/09/temperaturas-extremas-y-precipitaciones-2026x09x17-a.pdf
2026-09-17,050,MONTE CRISTI,MONTE CRISTI,INDOMET,EMCI,35.1,24.1,1.2,https://indomet.gob.do/wp-content/uploads/2026/09/temperaturas-extremas-y-precipitaciones-2026x09x17-a.pdf
2026-09-17,051,PERALTA,AZUA,HOSP. MPAL. DE PERALTA,EMCI,34.5,21.1,1.2,https://indomet.gob.do/wp-content/uploads/2026/09/temperaturas-extremas-y-precipitaciones-2026x09x17-a.pdf
2026-09-17,052,SAN JOSÉ DE OCOA,SAN JOSÉ DE OCOA,HOSP. SAN JOSÉ DE OCOA,EMCI,32.7,24.0,1.0,https://indomet.gob.do/wp-content/uploads/2026/09/temperaturas-extremas-y-precipitaciones-2026x09x17-a.pdf
2026-09-17,053,LOS LLANOS,SAN PEDRO DE MACORÍS,MINISTERIO DE AGRICULTURA,EMCI,32.3,24.4,0.8,https://indomet.gob.do/wp-content/uploads/2026/09/temperaturas-extremas-y-precipitaciones-2026x09x17-a.pdf
2026-09-17,054,RÍO SAN JUAN,MARÍA TRINIDAD SÁNCHEZ,HOSP. MPAL. DR. DESIDERIO ACOSTA,EMCV,35.2,25.2,0.6,https://indomet.gob.do/wp-content/uploads/2026/09/temperaturas-extremas-y-precipitaciones-2026x09x17-a.pdf
2026-09-17,055,VILLA GONZALE (EMA),SANTIAGO,IGLESIA,EMAI,,,0.6,https://indomet.gob.do/wp-content/uploads/2026/09/temperaturas-extremas-y-precipitaciones-2026x09x17-a.pdf
2026-09-17,056,VILLA GONZALES,SANTIAGO,MINISTERIO DE AGRICULTURA,EMCI,,,0.5,https://indomet.gob.do/wp-content/uploads/2026/09/temperaturas-extremas-y-precipitaciones-2026x09x17-a.pdf
2026-09-17,057,ANAMUYA (EMA),LA ALTAGRACIA,MINISTERIO DE AGRICULTURA,EMAP,33.1,25.8,0.2,https://indomet.gob.do/wp-content/uploads/2026/09/temperaturas-extremas-y-precipitaciones-2026x09x17-a.pdf
2026-09-17,058,BOHECHÍO,SAN JUAN,MINISTERIO DE AGRICULTURA,EMCV,,,0.2,https://indomet.gob.do/wp-content/uploads/2026/09/temperaturas-extremas-y-precipitaciones-2026x09x17-a.pdf
2026-09-17,059,PADRE LAS CASAS,AZUA,HOSP. NTRA. SRA. DEL CARMEN,EMCI,32.7,21.0,0.2,https://indomet.gob.do/wp-content/uploads/2026/09/temperaturas-extremas-y-precipitaciones-2026x09x17-a.pdf
2026-09-17,060,ARPT. DE PUNTA CANA,LA ALTAGRACIA,INDOMET,EMCI,32.6,24.0,0.1,https://indomet.gob.do/wp-content/uploads/2026/09/temperaturas-extremas-y-precipitaciones-2026x09x17-a.pdf
2026-09-17,061,ARROYO LORO,SAN JUAN,IDIAF,EMCI,33.3,19.2,0.1,https://indomet.gob.do/wp-content/uploads/2026/09/temperaturas-extremas-y-precipitaciones-2026x09x17-a.pdf
2026-09-17,062,ELÍAS PIÑA,ELÍAS PIÑA,MINISTERIO DE AGRICULTURA,EMCV,,,0.1,https://indomet.gob.do/wp-content/uploads/2026/09/temperaturas-extremas-y-precipitaciones-2026x09x17-a.pdf
2026-09-17,063,HONDO VALLE,ELÍAS PIÑA,MINISTERIO DE AGRICULTURA,EMCI,28.6,18.7,0.1,https://indomet.gob.do/wp-content/uploads/2026/09/temperaturas-extremas-y-precipitaciones-2026x09x17-a.pdf
2026-09-17,064,JUMA BEJUCAL,MONSEÑOR NOUEL,IDIAF,EMCV,34.2,24.0,0.1,https://indomet.gob.do/wp-content/uploads/2026/09/temperaturas-extremas-y-precipitaciones-2026x09x17-a.pdf
2026-09-17,065,OLIVARES,PEDERNALES,INDRHI,EMCI,,,0.1,https://indomet.gob.do/wp-content/uploads/2026/09/temperaturas-extremas-y-precipitaciones-2026x09x17-a.pdf
2026-09-17,066,SALCEDO,HERMANAS MIRABAL,PROPIEDAD DEL EMPLEADO,EMCI,,,0.1,https://indomet.gob.do/wp-content/uploads/2026/09/temperaturas-extremas-y-precipitaciones-2026x09x17-a.pdf
2026-09-17,067,TÁBARA ABAJO,AZUA,INDRHI,EMCI,34.5,23.0,0.1,https://indomet.gob.do/wp-content/uploads/2026/09/temperaturas-extremas-y-precipitaciones-2026x09x17-a.pdf
2026-09-17,068,ALTAMIRA,PUERTO PLATA,HOSP. MPAL. DE ALTAMIRA,EMCI,36.5,21.6,0.0,https://indomet.gob.do/wp-content/uploads/2026/09/temperaturas-extremas-y-precipitaciones-2026x09x17-a.pdf
2026-09-17,069,ALTO BANDERA (EMA),LA VEGA,INTEC,EMAP,17.6,10.5,0.0,https://indomet.gob.do/wp-content/uploads/2026/09/temperaturas-extremas-y-precipitaciones-2026x09x17-a.pdf
2026-09-17,070,ARPT. ARROYO BARRIL,SAMANÁ,INDOMET,EMCI,33.5,24.0,0.0,https://indomet.gob.do/wp-content/uploads/2026/09/temperaturas-extremas-y-precipitaciones-2026x09x17-a.pdf
2026-09-17,071,ARPT. DEL CIBAO,SANTIAGO,INDOMET,EMCI,34.5,22.8,0.0,https://indomet.gob.do/wp-content/uploads/2026/09/temperaturas-extremas-y-precipitaciones-2026x09x17-a.pdf
2026-09-17,072,ARPT. GREGORIO LUPERÓN,PUERTO PLATA,INDOMET,EMCI,34.0,23.2,0.0,https://indomet.gob.do/wp-content/uploads/2026/09/temperaturas-extremas-y-precipitaciones-2026x09x17-a.pdf
2026-09-17,073,BOCA DE MAO (EMA),VALVERDE,MINISTERIO DE AGRICULTURA,EMAP,37.7,25.9,0.0,https://indomet.gob.do/wp-content/uploads/2026/09/temperaturas-extremas-y-precipitaciones-2026x09x17-a.pdf
2026-09-17,074,BONAO,MONSEÑOR NOUEL,MINISTERIO DE AGRICULTURA,EMCV,,,0.0,https://indomet.gob.do/wp-content/uploads/2026/09/temperaturas-extremas-y-precipitaciones-2026x09x17-a.pdf
2026-09-17,075,BUCARA (EMA),SANTIAGO,MINISTERIO DE AGRICULTURA,EMAI,,,0.0,https://indomet.gob.do/wp-content/uploads/2026/09/temperaturas-extremas-y-precipitaciones-2026x09x17-a.pdf
2026-09-17,076,CABRERA,MARÍA TRINIDAD SÁNCHEZ,ESCUELA ARÍSTIDES FIALLO CABRAL,EMCI,34.5,26.5,0.0,https://indomet.gob.do/wp-content/uploads/2026/09/temperaturas-extremas-y-precipitaciones-2026x09x17-a.pdf
2026-09-17,077,CONSTANZA,LA VEGA,MINISTERIO DE AGRICULTURA,EMCI,30.3,17.8,0.0,https://indomet.gob.do/wp-content/uploads/2026/09/temperaturas-extremas-y-precipitaciones-2026x09x17-a.pdf
2026-09-17,078,CONSTANZA (EMA),LA VEGA,PROGRAMA MUNDIAL DE ALIMENTO,EMAP,28.7,18.5,0.0,https://indomet.gob.do/wp-content/uploads/2026/09/temperaturas-extremas-y-precipitaciones-2026x09x17-a.pdf
2026-09-17,079,EL CERCADO,SAN JUAN,MINISTERIO DE AGRICULTURA,EMCV,,,0.0,https://indomet.gob.do/wp-content/uploads/2026/09/temperaturas-extremas-y-precipitaciones-2026x09x17-a.pdf
2026-09-17,080,GURABO,SANTIAGO,MINISTERIO DE AGRICULTURA,EMCV,,,0.0,https://indomet.gob.do/wp-content/uploads/2026/09/temperaturas-extremas-y-precipitaciones-2026x09x17-a.pdf
2026-09-17,081,JANICO (EMA),LA VEGA,PLAN SIERRA,EMAI,,,0.0,https://indomet.gob.do/wp-content/uploads/2026/09/temperaturas-extremas-y-precipitaciones-2026x09x17-a.pdf
2026-09-17,082,JARABACOA,LA VEGA,INDRHI / MARENA,EMCI,34.8,18.0,0.0,https://indomet.gob.do/wp-content/uploads/2026/09/temperaturas-extremas-y-precipitaciones-2026x09x17-a.pdf
2026-09-17,083,LA VEGA,LA VEGA,IATESA,EMCI,35.7,24.6,0.0,https://indomet.gob.do/wp-content/uploads/2026/09/temperaturas-extremas-y-precipitaciones-2026x09x17-a.pdf
2026-09-17,084,LA VICTORIA,SANTO DOMINGO,CUERPO DE BOMBEROS,EMCI,,,0.0,https://indomet.gob.do/wp-content/uploads/2026/09/temperaturas-extremas-y-precipitaciones-2026x09x17-a.pdf
2026-09-17,085,LOS TRES CHARCOS (EMA),PEDERNALES,PROPIEDAD DEL VOLUNTARIO,EMAP,34.1,25.1,0.0,https://indomet.gob.do/wp-content/uploads/2026/09/temperaturas-extremas-y-precipitaciones-2026x09x17-a.pdf
2026-09-17,086,MAO,VALVERDE,INDRHI / MINISTERIO DE AGRICULTURA,EMCV,,,0.0,https://indomet.gob.do/wp-content/uploads/2026/09/temperaturas-extremas-y-precipitaciones-2026x09x17-a.pdf
2026-09-17,087,MONCIÓN (EMA),SANTIAGO RODRÍGUEZ,PROGRAMA MUNDIAL DE ALIMENTO,EMAP,34.6,21.0,0.0,https://indomet.gob.do/wp-content/uploads/2026/09/temperaturas-extremas-y-precipitaciones-2026x09x17-a.pdf
2026-09-17,088,NAVARRETE,SANTIAGO,MINISTERIO DE AGRICULTURA,EMCV,,,0.0,https://indomet.gob.do/wp-content/uploads/2026/09/temperaturas-extremas-y-precipitaciones-2026x09x17-a.pdf
2026-09-17,089,PALO ÍNDIO,PUERTO PLATA,MINISTERIO DE AGRICULTURA,EMCI,,,0.0,https://indomet.gob.do/wp-content/uploads/2026/09/temperaturas-extremas-y-precipitaciones-2026x09x17-a.pdf
2026-09-17,090,PASO AL MEDIO,SAN PEDRO DE MACORÍS,INDRHI,EMCI,,,0.0,https://indomet.gob.do/wp-content/uploads/2026/09/temperaturas-extremas-y-precipitaciones-2026x09x17-a.pdf
2026-09-17,091,PRESA DE TAVERAS (EMA),LA VEGA,PROGRAMA MUNDIAL DE ALIMENTO,EMAP,32.6,23.9,0.0,https://indomet.gob.do/wp-content/uploads/2026/09/temperaturas-extremas-y-precipitaciones-2026x09x17-a.pdf
2026-09-17,092,RESTAURACIÓN,DAJABÓN,MINISTERIO DE AGRICULTURA,EMCI,31.3,18.4,0.0,https://indomet.gob.do/wp-content/uploads/2026/09/temperaturas-extremas-y-precipitaciones-2026x09x17-a.pdf
2026-09-17,093,SAJOMA (EMA),SANTIAGO,PLAN SIERRA,EMAI,34.1,24.9,0.0,https://indomet.gob.do/wp-content/uploads/2026/09/temperaturas-extremas-y-precipitaciones-2026x09x17-a.pdf
2026-09-17,094,SAMANÁ,SAMANÁ,COMANDANCIA DE PUERTO DE SAMANÁ,EMCI,33.0,17.4,0.0,https://indomet.gob.do/wp-content/uploads/2026/09/temperaturas-extremas-y-precipitaciones-2026x09x17-a.pdf
2026-09-17,095,SAN FRANCISCO DE MACORÍS,DUARTE,San Francisco de Macorís (UASD),EMCI,34.6,23.9,0.0,https://indomet.gob.do/wp-content/uploads/2026/09/temperaturas-extremas-y-precipitaciones-2026x09x17-a.pdf
2026-09-17,096,TAMBORIL,SANTIAGO,MINISTERIO DE AGRICULTURA,EMCV,,,0.0,https://indomet.gob.do/wp-content/uploads/2026/09/temperaturas-extremas-y-precipitaciones-2026x09x17-a.pdf
2026-09-17,097,TAVERA,SANTIAGO,INDRHI,EMCI,,,0.0,https://indomet.gob.do/wp-content/uploads/2026/09/temperaturas-extremas-y-precipitaciones-2026x09x17-a.pdf
2026-09-17,098,VILLA ISABELA,PUERTO PLATA,MINISTERIO DE AGRICULTURA,EMCV,35.0,22.8,0.0,https://indomet.gob.do/wp-content/uploads/2026/09/temperaturas-extremas-y-precipitaciones-2026x09x17-a.pdf
2026-09-17,099,VILLA VASQUEZ (EMA),MONTE CRISTI,JUNTA DE REGANTES,EMAI,,,0.0,https://indomet.gob.do/wp-content/uploads/2026/09/temperaturas-extremas-y-precipitaciones-2026x09x17-a.pdf
2026-09-18,001,DAJABÓN,DAJABÓN,INSTITUTO POLITÉCNICO LOYOLA,EMCI,35.0,20.0,38.2,https://indomet.gob.do/wp-content/uploads/2026/09/temperaturas-extremas-y-precipitaciones-2026x09x18-a.pdf
2026-09-18,002,RESTAURACIÓN,DAJABÓN,MINISTERIO DE AGRICULTURA,EMCI,33.9,18.6,33.1,https://indomet.gob.do/wp-content/uploads/2026/09/temperaturas-extremas-y-precipitaciones-2026x09x18-a.pdf
2026-09-18,003,VILLA ALTAGRACIA,SAN CRISTÓBAL,ESCUELA JAVIER ANGULO GURIDI,EMCI,,,29.0,https://indomet.gob.do/wp-content/uploads/2026/09/temperaturas-extremas-y-precipitaciones-2026x09x18-a.pdf
2026-09-18,004,CIUDAD JUAN BOSCH (EMA),SANTO DOMINGO,PRIVADA,EMAP,,,24.9,https://indomet.gob.do/wp-content/uploads/2026/09/temperaturas-extremas-y-precipitaciones-2026x09x18-a.pdf
2026-09-18,005,SABANETA (EMA),SANTIAGO RODRÍGUEZ,PROGRAMA MUNDIAL DE ALIMENTO,EMAP,36.5,23.4,21.6,https://indomet.gob.do/wp-content/uploads/2026/09/temperaturas-extremas-y-precipitaciones-2026x09x18-a.pdf
2026-09-18,006,SANTIAGO RODRÍGUEZ,SANTIAGO RODRÍGUEZ,INDOMET,EMCI,36.7,24.0,19.9,https://indomet.gob.do/wp-content/uploads/2026/09/temperaturas-extremas-y-precipitaciones-2026x09x18-a.pdf
2026-09-18,007,BASE AÉREA DE SAN ISIDRO,SANTO DOMINGO,FUERZA AÉREA DOMINICANA,EMCV,31.6,23.3,15.0,https://indomet.gob.do/wp-content/uploads/2026/09/temperaturas-extremas-y-precipitaciones-2026x09x18-a.pdf
2026-09-18,008,VILLA VASQUEZ (EMA),MONTE CRISTI,JUNTA DE REGANTES,EMAI,,,12.8,https://indomet.gob.do/wp-content/uploads/2026/09/temperaturas-extremas-y-precipitaciones-2026x09x18-a.pdf
2026-09-18,009,BAYAGUANA,MONTE PLATA,INDOMET,EMCI,32.6,23.8,8.0,https://indomet.gob.do/wp-content/uploads/2026/09/temperaturas-extremas-y-precipitaciones-2026x09x18-a.pdf
2026-09-18,010,CABRAL,BARAHONA,MINISTERIO DE AGRICULTURA,EMCV,33.0,23.7,7.0,https://indomet.gob.do/wp-content/uploads/2026/09/temperaturas-extremas-y-precipitaciones-2026x09x18-a.pdf
2026-09-18,011,ARPT. MARÍA MONTEZ,BARAHONA,INDOMET,EMCI,33.0,25.0,5.8,https://indomet.gob.do/wp-content/uploads/2026/09/temperaturas-extremas-y-precipitaciones-2026x09x18-a.pdf
2026-09-18,012,BELLA VISTA (EMA),DISTRITO NACIONAL,PRIVADA,EMAP,,,5.8,https://indomet.gob.do/wp-content/uploads/2026/09/temperaturas-extremas-y-precipitaciones-2026x09x18-a.pdf
2026-09-18,013,POLO,BARAHONA,INDOCAFE,EMCI,29.0,17.5,5.6,https://indomet.gob.do/wp-content/uploads/2026/09/temperaturas-extremas-y-precipitaciones-2026x09x18-a.pdf
2026-09-18,014,PERALTA,AZUA,HOSP. MPAL. DE PERALTA,EMCI,30.5,19.0,4.4,https://indomet.gob.do/wp-content/uploads/2026/09/temperaturas-extremas-y-precipitaciones-2026x09x18-a.pdf
2026-09-18,015,JUMA BEJUCAL,MONSEÑOR NOUEL,IDIAF,EMCV,32.0,23.8,3.6,https://indomet.gob.do/wp-content/uploads/2026/09/temperaturas-extremas-y-precipitaciones-2026x09x18-a.pdf
2026-09-18,016,LOS CACICAZGOS (EMA),DISTRITO NACIONAL,PRIVADA,EMAP,,,2.6,https://indomet.gob.do/wp-content/uploads/2026/09/temperaturas-extremas-y-precipitaciones-2026x09x18-a.pdf
2026-09-18,017,PROLONGACION 27 DE FEBRERO,DISTRITO NACIONAL,PRIVADA,EMAP,,,2.3,https://indomet.gob.do/wp-content/uploads/2026/09/temperaturas-extremas-y-precipitaciones-2026x09x18-a.pdf
2026-09-18,018,SANTO DOMINGO ESTE,SANTO DOMINGO,INDOMET,EMCI,32.7,24.3,2.3,https://indomet.gob.do/wp-content/uploads/2026/09/temperaturas-extremas-y-precipitaciones-2026x09x18-a.pdf
2026-09-18,019,EL MILLON (EMA),DISTRITO NACIONAL,PRIVADA,EMAP,,,2.0,https://indomet.gob.do/wp-content/uploads/2026/09/temperaturas-extremas-y-precipitaciones-2026x09x18-a.pdf
2026-09-18,020,LAS CANAS (EMA),MONTE CRISTI,PROGRAMA MUNDIAL DE ALIMENTO,EMAP,32.3,22.9,1.6,https://indomet.gob.do/wp-content/uploads/2026/09/temperaturas-extremas-y-precipitaciones-2026x09x18-a.pdf
2026-09-18,021,SAN JOSÉ DE OCOA,SAN JOSÉ DE OCOA,HOSP. SAN JOSÉ DE OCOA,EMCI,33.5,21.0,1.4,https://indomet.gob.do/wp-content/uploads/2026/09/temperaturas-extremas-y-precipitaciones-2026x09x18-a.pdf
2026-09-18,022,EL FACTOR (EMA),MARÍA TRINIDAD SÁNCHEZ,INTEC,EMAP,34.5,24.5,1.3,https://indomet.gob.do/wp-content/uploads/2026/09/temperaturas-extremas-y-precipitaciones-2026x09x18-a.pdf
2026-09-18,023,CENTRO DE LOS HEROES (EMA),DISTRITO NACIONAL,MINISTERIO DE ENERGIA Y MINA,EMAP,31.8,26.9,1.2,https://indomet.gob.do/wp-content/uploads/2026/09/temperaturas-extremas-y-precipitaciones-2026x09x18-a.pdf
2026-09-18,024,SAN CRISTÓBAL,SAN CRISTÓBAL,INSTITUTO POLITÉCNICO LOYOLA,EMCI,31.0,20.5,1.2,https://indomet.gob.do/wp-content/uploads/2026/09/temperaturas-extremas-y-precipitaciones-2026x09x18-a.pdf
2026-09-18,025,ENSANCHE LA FE (EMA),DISTRITO NACIONAL,PRIVADA,EMAP,,,1.0,https://indomet.gob.do/wp-content/uploads/2026/09/temperaturas-extremas-y-precipitaciones-2026x09x18-a.pdf
2026-09-18,026,LA AGUSTINA (EMA),DISTRITO NACIONAL,PRIVADA,EMAP,,,1.0,https://indomet.gob.do/wp-content/uploads/2026/09/temperaturas-extremas-y-precipitaciones-2026x09x18-a.pdf
2026-09-18,027,ALTO BANDERA (EMA),LA VEGA,INTEC,EMAP,15.1,10.6,0.8,https://indomet.gob.do/wp-content/uploads/2026/09/temperaturas-extremas-y-precipitaciones-2026x09x18-a.pdf
2026-09-18,028,ENRIQUILLO,BARAHONA,MINISTERIO DE AGRICULTURA,EMCV,33.0,24.3,0.8,https://indomet.gob.do/wp-content/uploads/2026/09/temperaturas-extremas-y-precipitaciones-2026x09x18-a.pdf
2026-09-18,029,MONTE CRISTI,MONTE CRISTI,INDOMET,EMCI,36.0,24.9,0.7,https://indomet.gob.do/wp-content/uploads/2026/09/temperaturas-extremas-y-precipitaciones-2026x09x18-a.pdf
2026-09-18,030,RÍO SAN JUAN,MARÍA TRINIDAD SÁNCHEZ,HOSP. MPAL. DR. DESIDERIO ACOSTA,EMCV,35.1,25.8,0.6,https://indomet.gob.do/wp-content/uploads/2026/09/temperaturas-extremas-y-precipitaciones-2026x09x18-a.pdf
2026-09-18,031,ARPT. DE PUNTA CANA,LA ALTAGRACIA,INDOMET,EMCI,32.1,23.5,0.4,https://indomet.gob.do/wp-content/uploads/2026/09/temperaturas-extremas-y-precipitaciones-2026x09x18-a.pdf
2026-09-18,032,SAJOMA (EMA),SANTIAGO,PLAN SIERRA,EMAI,34.2,24.6,0.4,https://indomet.gob.do/wp-content/uploads/2026/09/temperaturas-extremas-y-precipitaciones-2026x09x18-a.pdf
2026-09-18,033,SABANA GRANDE DE BOYÁ,MONTE PLATA,MINISTERIO DE AGRICULTURA,EMCV,,,0.3,https://indomet.gob.do/wp-content/uploads/2026/09/temperaturas-extremas-y-precipitaciones-2026x09x18-a.pdf
2026-09-18,034,ARPT. DE LA ROMANA,LA ROMANA,INDOMET,EMCI,34.3,23.0,0.2,https://indomet.gob.do/wp-content/uploads/2026/09/temperaturas-extremas-y-precipitaciones-2026x09x18-a.pdf
2026-09-18,035,VILLA GONZALE (EMA),SANTIAGO,IGLESIA,EMAI,,,0.2,https://indomet.gob.do/wp-content/uploads/2026/09/temperaturas-extremas-y-precipitaciones-2026x09x18-a.pdf
2026-09-18,036,ARROYO LORO,SAN JUAN,IDIAF,EMCI,32.2,21.8,0.1,https://indomet.gob.do/wp-content/uploads/2026/09/temperaturas-extremas-y-precipitaciones-2026x09x18-a.pdf
2026-09-18,037,ESCONDIDO,PERAVIA,MINISTERIO DE AGRICULTURA,EMCV,34.0,25.0,0.1,https://indomet.gob.do/wp-content/uploads/2026/09/temperaturas-extremas-y-precipitaciones-2026x09x18-a.pdf
2026-09-18,038,LA VICTORIA,SANTO DOMINGO,CUERPO DE BOMBEROS,EMCI,34.0,24.0,0.1,https://indomet.gob.do/wp-content/uploads/2026/09/temperaturas-extremas-y-precipitaciones-2026x09x18-a.pdf
2026-09-18,039,ALTAMIRA,PUERTO PLATA,HOSP. MPAL. DE ALTAMIRA,EMCI,36.6,22.4,0.0,https://indomet.gob.do/wp-content/uploads/2026/09/temperaturas-extremas-y-precipitaciones-2026x09x18-a.pdf
2026-09-18,040,ANAMUYA (EMA),LA ALTAGRACIA,MINISTERIO DE AGRICULTURA,EMAP,34.5,25.2,0.0,https://indomet.gob.do/wp-content/uploads/2026/09/temperaturas-extremas-y-precipitaciones-2026x09x18-a.pdf
2026-09-18,041,ARPT. ARROYO BARRIL,SAMANÁ,INDOMET,EMCI,34.5,23.5,0.0,https://indomet.gob.do/wp-content/uploads/2026/09/temperaturas-extremas-y-precipitaciones-2026x09x18-a.pdf
2026-09-18,042,ARPT. DE LAS AMÉRICAS,SANTO DOMINGO,INDOMET,EMCI,31.8,24.5,0.0,https://indomet.gob.do/wp-content/uploads/2026/09/temperaturas-extremas-y-precipitaciones-2026x09x18-a.pdf
2026-09-18,043,ARPT. DEL CIBAO,SANTIAGO,INDOMET,EMCI,34.2,23.8,0.0,https://indomet.gob.do/wp-content/uploads/2026/09/temperaturas-extremas-y-precipitaciones-2026x09x18-a.pdf
2026-09-18,044,ARPT. EL CATEY,SAMANÁ,INDOMET,EMCI,34.0,23.0,0.0,https://indomet.gob.do/wp-content/uploads/2026/09/temperaturas-extremas-y-precipitaciones-2026x09x18-a.pdf
2026-09-18,045,ARPT. GREGORIO LUPERÓN,PUERTO PLATA,INDOMET,EMCI,35.2,23.3,0.0,https://indomet.gob.do/wp-content/uploads/2026/09/temperaturas-extremas-y-precipitaciones-2026x09x18-a.pdf
2026-09-18,046,ARPT. LA ISABELA,SANTO DOMINGO,INDOMET,EMCI,33.5,22.8,0.0,https://indomet.gob.do/wp-content/uploads/2026/09/temperaturas-extremas-y-precipitaciones-2026x09x18-a.pdf
2026-09-18,047,BANI (EMA),PERAVIA,MINISTERIO DE AGRICULTURA,EMAP,33.5,24.9,0.0,https://indomet.gob.do/wp-content/uploads/2026/09/temperaturas-extremas-y-precipitaciones-2026x09x18-a.pdf
2026-09-18,048,BOCA DE MAO (EMA),VALVERDE,MINISTERIO DE AGRICULTURA,EMAP,34.6,23.4,0.0,https://indomet.gob.do/wp-content/uploads/2026/09/temperaturas-extremas-y-precipitaciones-2026x09x18-a.pdf
2026-09-18,049,BUCARA (EMA),SANTIAGO,MINISTERIO DE AGRICULTURA,EMAI,,,0.0,https://indomet.gob.do/wp-content/uploads/2026/09/temperaturas-extremas-y-precipitaciones-2026x09x18-a.pdf
2026-09-18,050,CABRERA,MARÍA TRINIDAD SÁNCHEZ,ESCUELA ARÍSTIDES FIALLO CABRAL,EMCI,34.0,26.5,0.0,https://indomet.gob.do/wp-content/uploads/2026/09/temperaturas-extremas-y-precipitaciones-2026x09x18-a.pdf
2026-09-18,051,CONSTANZA,LA VEGA,MINISTERIO DE AGRICULTURA,EMCI,29.5,14.0,0.0,https://indomet.gob.do/wp-content/uploads/2026/09/temperaturas-extremas-y-precipitaciones-2026x09x18-a.pdf
2026-09-18,052,CONSTANZA (EMA),LA VEGA,PROGRAMA MUNDIAL DE ALIMENTO,EMAP,28.0,15.0,0.0,https://indomet.gob.do/wp-content/uploads/2026/09/temperaturas-extremas-y-precipitaciones-2026x09x18-a.pdf
2026-09-18,053,COTUÍ (EMA),SÁNCHEZ RAMÍREZ,HOSP. INMACULADA CONCEPCIÓN,EMCV,34.7,24.3,0.0,https://indomet.gob.do/wp-content/uploads/2026/09/temperaturas-extremas-y-precipitaciones-2026x09x18-a.pdf
2026-09-18,054,ELÍAS PIÑA,ELÍAS PIÑA,MINISTERIO DE AGRICULTURA,EMCV,,,0.0,https://indomet.gob.do/wp-content/uploads/2026/09/temperaturas-extremas-y-precipitaciones-2026x09x18-a.pdf
2026-09-18,055,GASPAR HERNÁNDEZ,ESPAILLAT,PROPIEDAD DEL EMPLEADO,EMCI,,,0.0,https://indomet.gob.do/wp-content/uploads/2026/09/temperaturas-extremas-y-precipitaciones-2026x09x18-a.pdf
2026-09-18,056,GURABO,SANTIAGO,MINISTERIO DE AGRICULTURA,EMCV,,,0.0,https://indomet.gob.do/wp-content/uploads/2026/09/temperaturas-extremas-y-precipitaciones-2026x09x18-a.pdf
2026-09-18,057,HATO MAYOR,HATO MAYOR,MINISTERIO DE AGRICULTURA,EMCV,,,0.0,https://indomet.gob.do/wp-content/uploads/2026/09/temperaturas-extremas-y-precipitaciones-2026x09x18-a.pdf
2026-09-18,058,HONDO VALLE,ELÍAS PIÑA,MINISTERIO DE AGRICULTURA,EMCI,28.4,18.5,0.0,https://indomet.gob.do/wp-content/uploads/2026/09/temperaturas-extremas-y-precipitaciones-2026x09x18-a.pdf
2026-09-18,059,JARABACOA,LA VEGA,INDRHI / MARENA,EMCI,34.2,18.6,0.0,https://indomet.gob.do/wp-content/uploads/2026/09/temperaturas-extremas-y-precipitaciones-2026x09x18-a.pdf
2026-09-18,060,JIMANÍ,INDEPENDENCIA,MINISTERIO DE AGRICULTURA,EMCI,34.5,24.6,0.0,https://indomet.gob.do/wp-content/uploads/2026/09/temperaturas-extremas-y-precipitaciones-2026x09x18-a.pdf
2026-09-18,061,LA VEGA,LA VEGA,IATESA,EMCI,35.2,22.2,0.0,https://indomet.gob.do/wp-content/uploads/2026/09/temperaturas-extremas-y-precipitaciones-2026x09x18-a.pdf
2026-09-18,062,LOS COCOS (EMA),BAHORUCO,PRIVADA,EMAP,,,0.0,https://indomet.gob.do/wp-content/uploads/2026/09/temperaturas-extremas-y-precipitaciones-2026x09x18-a.pdf
2026-09-18,063,LOS LLANOS,SAN PEDRO DE MACORÍS,MINISTERIO DE AGRICULTURA,EMCI,33.0,23.5,0.0,https://indomet.gob.do/wp-content/uploads/2026/09/temperaturas-extremas-y-precipitaciones-2026x09x18-a.pdf
2026-09-18,064,MAO,VALVERDE,INDRHI / MINISTERIO DE AGRICULTURA,EMCV,,,0.0,https://indomet.gob.do/wp-content/uploads/2026/09/temperaturas-extremas-y-precipitaciones-2026x09x18-a.pdf
2026-09-18,065,MICHES (EMA),EL SEIBO,PRIVADA,EMAP,35.5,23.7,0.0,https://indomet.gob.do/wp-content/uploads/2026/09/temperaturas-extremas-y-precipitaciones-2026x09x18-a.pdf
2026-09-18,066,MONCIÓN (EMA),SANTIAGO RODRÍGUEZ,PROGRAMA MUNDIAL DE ALIMENTO,EMAP,33.6,21.9,0.0,https://indomet.gob.do/wp-content/uploads/2026/09/temperaturas-extremas-y-precipitaciones-2026x09x18-a.pdf
2026-09-18,067,NAVARRETE,SANTIAGO,MINISTERIO DE AGRICULTURA,EMCV,,,0.0,https://indomet.gob.do/wp-content/uploads/2026/09/temperaturas-extremas-y-precipitaciones-2026x09x18-a.pdf
2026-09-18,068,OLIVARES,PEDERNALES,INDRHI,EMCI,,,0.0,https://indomet.gob.do/wp-content/uploads/2026/09/temperaturas-extremas-y-precipitaciones-2026x09x18-a.pdf
2026-09-18,069,OVIEDO,PEDERNALES,CLÍNICA RURAL OVIEDO,EMCI,34.5,25.5,0.0,https://indomet.gob.do/wp-content/uploads/2026/09/temperaturas-extremas-y-precipitaciones-2026x09x18-a.pdf
2026-09-18,070,PADRE LAS CASAS,AZUA,HOSP. NTRA. SRA. DEL CARMEN,EMCI,32.0,20.5,0.0,https://indomet.gob.do/wp-content/uploads/2026/09/temperaturas-extremas-y-precipitaciones-2026x09x18-a.pdf
2026-09-18,071,PALO DE VIENTO (EMA),SAN JUAN,PRIVADA,EMAP,27.3,17.7,0.0,https://indomet.gob.do/wp-content/uploads/2026/09/temperaturas-extremas-y-precipitaciones-2026x09x18-a.pdf
2026-09-18,072,PALO ÍNDIO,PUERTO PLATA,MINISTERIO DE AGRICULTURA,EMCI,,,0.0,https://indomet.gob.do/wp-content/uploads/2026/09/temperaturas-extremas-y-precipitaciones-2026x09x18-a.pdf
2026-09-18,073,PEDERNALES,PEDERNALES,INDRHI,EMCI,,,0.0,https://indomet.gob.do/wp-content/uploads/2026/09/temperaturas-extremas-y-precipitaciones-2026x09x18-a.pdf
2026-09-18,074,PRESA DE TAVERAS (EMA),LA VEGA,PROGRAMA MUNDIAL DE ALIMENTO,EMAP,33.1,21.3,0.0,https://indomet.gob.do/wp-content/uploads/2026/09/temperaturas-extremas-y-precipitaciones-2026x09x18-a.pdf
2026-09-18,075,RANCHO ARRIBA,SAN JOSÉ DE OCOA,CENTRO TECNOLÓGICO COMUNITARIO,EMCI,30.8,17.1,0.0,https://indomet.gob.do/wp-content/uploads/2026/09/temperaturas-extremas-y-precipitaciones-2026x09x18-a.pdf
2026-09-18,076,SABANA DE LA MAR,HATO MAYOR,INDOMET,EMCI,34.0,23.4,0.0,https://indomet.gob.do/wp-content/uploads/2026/09/temperaturas-extremas-y-precipitaciones-2026x09x18-a.pdf
2026-09-18,077,SALCEDO,HERMANAS MIRABAL,PROPIEDAD DEL EMPLEADO,EMCI,,,0.0,https://indomet.gob.do/wp-content/uploads/2026/09/temperaturas-extremas-y-precipitaciones-2026x09x18-a.pdf
2026-09-18,078,SAMANÁ,SAMANÁ,COMANDANCIA DE PUERTO DE SAMANÁ,EMCI,34.6,17.4,0.0,https://indomet.gob.do/wp-content/uploads/2026/09/temperaturas-extremas-y-precipitaciones-2026x09x18-a.pdf
2026-09-18,079,SAN RAFAEL DEL YUMA,LA ALTAGRACIA,MINISTERIO DE AGRICULTURA,EMCI,34.9,24.4,0.0,https://indomet.gob.do/wp-content/uploads/2026/09/temperaturas-extremas-y-precipitaciones-2026x09x18-a.pdf
2026-09-18,080,SÁNCHEZ,SAMANÁ,MINISTERIO DE AGRICULTURA,EMCI,33.5,23.1,0.0,https://indomet.gob.do/wp-content/uploads/2026/09/temperaturas-extremas-y-precipitaciones-2026x09x18-a.pdf
2026-09-18,081,TÁBARA ABAJO,AZUA,INDRHI,EMCI,33.7,22.0,0.0,https://indomet.gob.do/wp-content/uploads/2026/09/temperaturas-extremas-y-precipitaciones-2026x09x18-a.pdf
2026-09-18,082,VILLA GONZALES,SANTIAGO,MINISTERIO DE AGRICULTURA,EMCI,,,0.0,https://indomet.gob.do/wp-content/uploads/2026/09/temperaturas-extremas-y-precipitaciones-2026x09x18-a.pdf
2026-09-18,083,VILLA RIVA,DUARTE,HOSP. MPAL. ALICIA DE LEGENDRE,EMCI,34.4,22.8,0.0,https://indomet.gob.do/wp-content/uploads/2026/09/temperaturas-extremas-y-precipitaciones-2026x09x18-a.pdf
2026-09-19,001,SABANETA (EMA),SANTIAGO RODRÍGUEZ,PROGRAMA MUNDIAL DE ALIMENTO,EMAP,37.1,22.4,58.4,https://indomet.gob.do/wp-content/uploads/2026/09/temperaturas-extremas-y-precipitaciones-2026x09x19-a.pdf
2026-09-19,002,SANTIAGO RODRÍGUEZ,SANTIAGO RODRÍGUEZ,INDOMET,EMCI,36.8,25.1,58.3,https://indomet.gob.do/wp-content/uploads/2026/09/temperaturas-extremas-y-precipitaciones-2026x09x19-a.pdf
2026-09-19,003,EL SEIBO,EL SEIBO,MINISTERIO DE AGRICULTURA,EMCV,,,50.8,https://indomet.gob.do/wp-content/uploads/2026/09/temperaturas-extremas-y-precipitaciones-2026x09x19-a.pdf
2026-09-19,004,COFRESI (EMA),PUERTO PLATA,PRIVADA,EMAP,,,40.6,https://indomet.gob.do/wp-content/uploads/2026/09/temperaturas-extremas-y-precipitaciones-2026x09x19-a.pdf
2026-09-19,005,BUCARA (EMA),SANTIAGO,MINISTERIO DE AGRICULTURA,EMAI,,,38.3,https://indomet.gob.do/wp-content/uploads/2026/09/temperaturas-extremas-y-precipitaciones-2026x09x19-a.pdf
2026-09-19,006,GURABO,SANTIAGO,MINISTERIO DE AGRICULTURA,EMCV,,,28.4,https://indomet.gob.do/wp-content/uploads/2026/09/temperaturas-extremas-y-precipitaciones-2026x09x19-a.pdf
2026-09-19,007,ARPT. GREGORIO LUPERÓN,PUERTO PLATA,INDOMET,EMCI,34.0,23.4,22.4,https://indomet.gob.do/wp-content/uploads/2026/09/temperaturas-extremas-y-precipitaciones-2026x09x19-a.pdf
2026-09-19,008,ALTAMIRA,PUERTO PLATA,HOSP. MPAL. DE ALTAMIRA,EMCI,37.5,22.0,21.0,https://indomet.gob.do/wp-content/uploads/2026/09/temperaturas-extremas-y-precipitaciones-2026x09x19-a.pdf
2026-09-19,009,VILLA RIVA,DUARTE,HOSP. MPAL. ALICIA DE LEGENDRE,EMCI,34.0,22.5,20.5,https://indomet.gob.do/wp-content/uploads/2026/09/temperaturas-extremas-y-precipitaciones-2026x09x19-a.pdf
2026-09-19,010,SAN JOSÉ DE OCOA,SAN JOSÉ DE OCOA,HOSP. SAN JOSÉ DE OCOA,EMCI,34.4,22.2,18.8,https://indomet.gob.do/wp-content/uploads/2026/09/temperaturas-extremas-y-precipitaciones-2026x09x19-a.pdf
2026-09-19,011,HONDO VALLE,ELÍAS PIÑA,MINISTERIO DE AGRICULTURA,EMCI,28.7,19.0,18.5,https://indomet.gob.do/wp-content/uploads/2026/09/temperaturas-extremas-y-precipitaciones-2026x09x19-a.pdf
2026-09-19,012,TAMBORIL,SANTIAGO,MINISTERIO DE AGRICULTURA,EMCV,,,14.0,https://indomet.gob.do/wp-content/uploads/2026/09/temperaturas-extremas-y-precipitaciones-2026x09x19-a.pdf
2026-09-19,013,JARDÍN BOTÁNICO SANTIAGO (EMSANTIAGO,,JARDIN BOTANICO SANTIAGO,EMAI,,,11.8,https://indomet.gob.do/wp-content/uploads/2026/09/temperaturas-extremas-y-precipitaciones-2026x09x19-a.pdf
2026-09-19,014,CAPOTILLO,EL SEIBO,PRIVADA,EMAP,,,10.6,https://indomet.gob.do/wp-content/uploads/2026/09/temperaturas-extremas-y-precipitaciones-2026x09x19-a.pdf
2026-09-19,015,SALCEDO,HERMANAS MIRABAL,PROPIEDAD DEL EMPLEADO,EMCI,,,10.0,https://indomet.gob.do/wp-content/uploads/2026/09/temperaturas-extremas-y-precipitaciones-2026x09x19-a.pdf
2026-09-19,016,JARABACOA,LA VEGA,INDRHI / MARENA,EMCI,35.4,19.0,9.9,https://indomet.gob.do/wp-content/uploads/2026/09/temperaturas-extremas-y-precipitaciones-2026x09x19-a.pdf
2026-09-19,017,SABANA DE LA MAR,HATO MAYOR,INDOMET,EMCI,32.8,23.4,9.4,https://indomet.gob.do/wp-content/uploads/2026/09/temperaturas-extremas-y-precipitaciones-2026x09x19-a.pdf
2026-09-19,018,ENRIQUILLO,BARAHONA,MINISTERIO DE AGRICULTURA,EMCV,34.0,22.8,7.6,https://indomet.gob.do/wp-content/uploads/2026/09/temperaturas-extremas-y-precipitaciones-2026x09x19-a.pdf
2026-09-19,019,PALO DE VIENTO (EMA),SAN JUAN,PRIVADA,EMAP,28.7,16.3,5.4,https://indomet.gob.do/wp-content/uploads/2026/09/temperaturas-extremas-y-precipitaciones-2026x09x19-a.pdf
2026-09-19,020,CONSTANZA,LA VEGA,MINISTERIO DE AGRICULTURA,EMCI,30.5,17.2,5.0,https://indomet.gob.do/wp-content/uploads/2026/09/temperaturas-extremas-y-precipitaciones-2026x09x19-a.pdf
2026-09-19,021,CONSTANZA (EMA),LA VEGA,PROGRAMA MUNDIAL DE ALIMENTO,EMAP,28.7,17.8,5.0,https://indomet.gob.do/wp-content/uploads/2026/09/temperaturas-extremas-y-precipitaciones-2026x09x19-a.pdf
2026-09-19,022,PALO ÍNDIO,PUERTO PLATA,MINISTERIO DE AGRICULTURA,EMCI,,,4.6,https://indomet.gob.do/wp-content/uploads/2026/09/temperaturas-extremas-y-precipitaciones-2026x09x19-a.pdf
2026-09-19,023,ALTO BANDERA (EMA),LA VEGA,INTEC,EMAP,19.7,10.5,4.1,https://indomet.gob.do/wp-content/uploads/2026/09/temperaturas-extremas-y-precipitaciones-2026x09x19-a.pdf
2026-09-19,024,JANICO (EMA),LA VEGA,PLAN SIERRA,EMAI,,,3.6,https://indomet.gob.do/wp-content/uploads/2026/09/temperaturas-extremas-y-precipitaciones-2026x09x19-a.pdf
2026-09-19,025,POLO,BARAHONA,INDOCAFE,EMCI,30.0,18.0,3.2,https://indomet.gob.do/wp-content/uploads/2026/09/temperaturas-extremas-y-precipitaciones-2026x09x19-a.pdf
2026-09-19,026,LOS PRADOS (EMA),DISTRITO NACIONAL,PRIVADA,EMAP,,,3.0,https://indomet.gob.do/wp-content/uploads/2026/09/temperaturas-extremas-y-precipitaciones-2026x09x19-a.pdf
2026-09-19,027,LA VEGA,LA VEGA,IATESA,EMCI,36.5,23.6,2.2,https://indomet.gob.do/wp-content/uploads/2026/09/temperaturas-extremas-y-precipitaciones-2026x09x19-a.pdf
2026-09-19,028,SAJOMA (EMA),SANTIAGO,PLAN SIERRA,EMAI,,,2.0,https://indomet.gob.do/wp-content/uploads/2026/09/temperaturas-extremas-y-precipitaciones-2026x09x19-a.pdf
2026-09-19,029,BAYAGUANA,MONTE PLATA,INDOMET,EMCI,34.0,23.0,1.4,https://indomet.gob.do/wp-content/uploads/2026/09/temperaturas-extremas-y-precipitaciones-2026x09x19-a.pdf
2026-09-19,030,VILLA GONZALES,SANTIAGO,MINISTERIO DE AGRICULTURA,EMCI,,,1.3,https://indomet.gob.do/wp-content/uploads/2026/09/temperaturas-extremas-y-precipitaciones-2026x09x19-a.pdf
2026-09-19,031,BOCA DE MAO (EMA),VALVERDE,MINISTERIO DE AGRICULTURA,EMAP,39.4,22.7,1.2,https://indomet.gob.do/wp-content/uploads/2026/09/temperaturas-extremas-y-precipitaciones-2026x09x19-a.pdf
2026-09-19,032,CABRAL,BARAHONA,MINISTERIO DE AGRICULTURA,EMCV,34.9,24.5,1.2,https://indomet.gob.do/wp-content/uploads/2026/09/temperaturas-extremas-y-precipitaciones-2026x09x19-a.pdf
2026-09-19,033,NAVARRETE,SANTIAGO,MINISTERIO DE AGRICULTURA,EMCV,,,1.0,https://indomet.gob.do/wp-content/uploads/2026/09/temperaturas-extremas-y-precipitaciones-2026x09x19-a.pdf
2026-09-19,034,ARROYO LORO,SAN JUAN,IDIAF,EMCI,34.9,21.4,0.7,https://indomet.gob.do/wp-content/uploads/2026/09/temperaturas-extremas-y-precipitaciones-2026x09x19-a.pdf
2026-09-19,035,JUMA BEJUCAL,MONSEÑOR NOUEL,IDIAF,EMCV,33.4,24.2,0.5,https://indomet.gob.do/wp-content/uploads/2026/09/temperaturas-extremas-y-precipitaciones-2026x09x19-a.pdf
2026-09-19,036,VILLA GONZALE (EMA),SANTIAGO,IGLESIA,EMAI,,,0.4,https://indomet.gob.do/wp-content/uploads/2026/09/temperaturas-extremas-y-precipitaciones-2026x09x19-a.pdf
2026-09-19,037,VILLA VASQUEZ (EMA),MONTE CRISTI,JUNTA DE REGANTES,EMAI,,,0.4,https://indomet.gob.do/wp-content/uploads/2026/09/temperaturas-extremas-y-precipitaciones-2026x09x19-a.pdf
2026-09-19,038,ARPT. DE LA ROMANA,LA ROMANA,INDOMET,EMCI,35.2,23.3,0.1,https://indomet.gob.do/wp-content/uploads/2026/09/temperaturas-extremas-y-precipitaciones-2026x09x19-a.pdf
2026-09-19,039,BONAO,MONSEÑOR NOUEL,MINISTERIO DE AGRICULTURA,EMCV,,,0.1,https://indomet.gob.do/wp-content/uploads/2026/09/temperaturas-extremas-y-precipitaciones-2026x09x19-a.pdf
2026-09-19,040,ELÍAS PIÑA,ELÍAS PIÑA,MINISTERIO DE AGRICULTURA,EMCV,,,0.1,https://indomet.gob.do/wp-content/uploads/2026/09/temperaturas-extremas-y-precipitaciones-2026x09x19-a.pdf
2026-09-19,041,OVIEDO,PEDERNALES,CLÍNICA RURAL OVIEDO,EMCI,34.2,24.0,0.1,https://indomet.gob.do/wp-content/uploads/2026/09/temperaturas-extremas-y-precipitaciones-2026x09x19-a.pdf
2026-09-19,042,SABANA GRANDE DE BOYÁ,MONTE PLATA,MINISTERIO DE AGRICULTURA,EMCV,,,0.1,https://indomet.gob.do/wp-content/uploads/2026/09/temperaturas-extremas-y-precipitaciones-2026x09x19-a.pdf
2026-09-19,043,ANAMUYA (EMA),LA ALTAGRACIA,MINISTERIO DE AGRICULTURA,EMAP,35.4,25.7,0.0,https://indomet.gob.do/wp-content/uploads/2026/09/temperaturas-extremas-y-precipitaciones-2026x09x19-a.pdf
2026-09-19,044,ARPT. ARROYO BARRIL,SAMANÁ,INDOMET,EMCI,34.0,24.2,0.0,https://indomet.gob.do/wp-content/uploads/2026/09/temperaturas-extremas-y-precipitaciones-2026x09x19-a.pdf
2026-09-19,045,ARPT. DE LAS AMÉRICAS,SANTO DOMINGO,INDOMET,EMCI,32.0,24.4,0.0,https://indomet.gob.do/wp-content/uploads/2026/09/temperaturas-extremas-y-precipitaciones-2026x09x19-a.pdf
2026-09-19,046,ARPT. DE PUNTA CANA,LA ALTAGRACIA,INDOMET,EMCI,32.5,23.6,0.0,https://indomet.gob.do/wp-content/uploads/2026/09/temperaturas-extremas-y-precipitaciones-2026x09x19-a.pdf
2026-09-19,047,ARPT. DEL CIBAO,SANTIAGO,INDOMET,EMCI,35.0,24.0,0.0,https://indomet.gob.do/wp-content/uploads/2026/09/temperaturas-extremas-y-precipitaciones-2026x09x19-a.pdf
2026-09-19,048,ARPT. EL CATEY,SAMANÁ,INDOMET,EMCI,33.0,23.0,0.0,https://indomet.gob.do/wp-content/uploads/2026/09/temperaturas-extremas-y-precipitaciones-2026x09x19-a.pdf
2026-09-19,049,ARPT. LA ISABELA,SANTO DOMINGO,INDOMET,EMCI,34.2,22.5,0.0,https://indomet.gob.do/wp-content/uploads/2026/09/temperaturas-extremas-y-precipitaciones-2026x09x19-a.pdf
2026-09-19,050,ARPT. MARÍA MONTEZ,BARAHONA,INDOMET,EMCI,34.5,24.0,0.0,https://indomet.gob.do/wp-content/uploads/2026/09/temperaturas-extremas-y-precipitaciones-2026x09x19-a.pdf
2026-09-19,051,BANI (EMA),PERAVIA,MINISTERIO DE AGRICULTURA,EMAP,33.3,26.2,0.0,https://indomet.gob.do/wp-content/uploads/2026/09/temperaturas-extremas-y-precipitaciones-2026x09x19-a.pdf
2026-09-19,052,BELLA VISTA (EMA),DISTRITO NACIONAL,PRIVADA,EMAP,,,0.0,https://indomet.gob.do/wp-content/uploads/2026/09/temperaturas-extremas-y-precipitaciones-2026x09x19-a.pdf
2026-09-19,053,CABRERA,MARÍA TRINIDAD SÁNCHEZ,ESCUELA ARÍSTIDES FIALLO CABRAL,EMCI,34.5,26.4,0.0,https://indomet.gob.do/wp-content/uploads/2026/09/temperaturas-extremas-y-precipitaciones-2026x09x19-a.pdf
2026-09-19,054,CENTRO DE LOS HEROES (EMA),DISTRITO NACIONAL,MINISTERIO DE ENERGIA Y MINA,EMAP,31.3,27.2,0.0,https://indomet.gob.do/wp-content/uploads/2026/09/temperaturas-extremas-y-precipitaciones-2026x09x19-a.pdf
2026-09-19,055,DAJABÓN,DAJABÓN,INSTITUTO POLITÉCNICO LOYOLA,EMCI,36.5,22.1,0.0,https://indomet.gob.do/wp-content/uploads/2026/09/temperaturas-extremas-y-precipitaciones-2026x09x19-a.pdf
2026-09-19,056,EL FACTOR (EMA),MARÍA TRINIDAD SÁNCHEZ,INTEC,EMAP,34.5,24.9,0.0,https://indomet.gob.do/wp-content/uploads/2026/09/temperaturas-extremas-y-precipitaciones-2026x09x19-a.pdf
2026-09-19,057,EL MILLON (EMA),DISTRITO NACIONAL,PRIVADA,EMAP,,,0.0,https://indomet.gob.do/wp-content/uploads/2026/09/temperaturas-extremas-y-precipitaciones-2026x09x19-a.pdf
2026-09-19,058,ENSANCHE LA FE (EMA),DISTRITO NACIONAL,PRIVADA,EMAP,,,0.0,https://indomet.gob.do/wp-content/uploads/2026/09/temperaturas-extremas-y-precipitaciones-2026x09x19-a.pdf
2026-09-19,059,ESCONDIDO,PERAVIA,MINISTERIO DE AGRICULTURA,EMCV,33.0,25.0,0.0,https://indomet.gob.do/wp-content/uploads/2026/09/temperaturas-extremas-y-precipitaciones-2026x09x19-a.pdf
2026-09-19,060,GASPAR HERNÁNDEZ,ESPAILLAT,PROPIEDAD DEL EMPLEADO,EMCI,,,0.0,https://indomet.gob.do/wp-content/uploads/2026/09/temperaturas-extremas-y-precipitaciones-2026x09x19-a.pdf
2026-09-19,061,JIMANÍ,INDEPENDENCIA,MINISTERIO DE AGRICULTURA,EMCI,38.0,26.2,0.0,https://indomet.gob.do/wp-content/uploads/2026/09/temperaturas-extremas-y-precipitaciones-2026x09x19-a.pdf
2026-09-19,062,LA AGUSTINA (EMA),DISTRITO NACIONAL,PRIVADA,EMAP,,,0.0,https://indomet.gob.do/wp-content/uploads/2026/09/temperaturas-extremas-y-precipitaciones-2026x09x19-a.pdf
2026-09-19,063,LA VICTORIA,SANTO DOMINGO,CUERPO DE BOMBEROS,EMCI,35.1,24.8,0.0,https://indomet.gob.do/wp-content/uploads/2026/09/temperaturas-extremas-y-precipitaciones-2026x09x19-a.pdf
2026-09-19,064,LAS CANAS (EMA),MONTE CRISTI,PROGRAMA MUNDIAL DE ALIMENTO,EMAP,32.8,23.0,0.0,https://indomet.gob.do/wp-content/uploads/2026/09/temperaturas-extremas-y-precipitaciones-2026x09x19-a.pdf
2026-09-19,065,LOS CACICAZGOS (EMA),DISTRITO NACIONAL,PRIVADA,EMAP,,,0.0,https://indomet.gob.do/wp-content/uploads/2026/09/temperaturas-extremas-y-precipitaciones-2026x09x19-a.pdf
2026-09-19,066,LOS COCOS (EMA),BAHORUCO,PRIVADA,EMAP,,,0.0,https://indomet.gob.do/wp-content/uploads/2026/09/temperaturas-extremas-y-precipitaciones-2026x09x19-a.pdf
2026-09-19,067,LOS LLANOS,SAN PEDRO DE MACORÍS,MINISTERIO DE AGRICULTURA,EMCI,34.3,24.0,0.0,https://indomet.gob.do/wp-content/uploads/2026/09/temperaturas-extremas-y-precipitaciones-2026x09x19-a.pdf
2026-09-19,068,MICHES (EMA),EL SEIBO,PRIVADA,EMAP,33.0,24.4,0.0,https://indomet.gob.do/wp-content/uploads/2026/09/temperaturas-extremas-y-precipitaciones-2026x09x19-a.pdf
2026-09-19,069,MONCIÓN (EMA),SANTIAGO RODRÍGUEZ,PROGRAMA MUNDIAL DE ALIMENTO,EMAP,33.8,20.6,0.0,https://indomet.gob.do/wp-content/uploads/2026/09/temperaturas-extremas-y-precipitaciones-2026x09x19-a.pdf
2026-09-19,070,MONTE CRISTI,MONTE CRISTI,INDOMET,EMCI,35.0,24.4,0.0,https://indomet.gob.do/wp-content/uploads/2026/09/temperaturas-extremas-y-precipitaciones-2026x09x19-a.pdf
2026-09-19,071,OLIVARES,PEDERNALES,INDRHI,EMCI,,,0.0,https://indomet.gob.do/wp-content/uploads/2026/09/temperaturas-extremas-y-precipitaciones-2026x09x19-a.pdf
2026-09-19,072,PADRE LAS CASAS,AZUA,HOSP. NTRA. SRA. DEL CARMEN,EMCI,33.7,20.5,0.0,https://indomet.gob.do/wp-content/uploads/2026/09/temperaturas-extremas-y-precipitaciones-2026x09x19-a.pdf
2026-09-19,073,PEDERNALES,PEDERNALES,INDRHI,EMCI,,,0.0,https://indomet.gob.do/wp-content/uploads/2026/09/temperaturas-extremas-y-precipitaciones-2026x09x19-a.pdf
2026-09-19,074,PERALTA,AZUA,HOSP. MPAL. DE PERALTA,EMCI,33.0,20.6,0.0,https://indomet.gob.do/wp-content/uploads/2026/09/temperaturas-extremas-y-precipitaciones-2026x09x19-a.pdf
2026-09-19,075,PRESA DE TAVERAS (EMA),LA VEGA,PROGRAMA MUNDIAL DE ALIMENTO,EMAP,33.9,22.4,0.0,https://indomet.gob.do/wp-content/uploads/2026/09/temperaturas-extremas-y-precipitaciones-2026x09x19-a.pdf
2026-09-19,076,PROLONGACION 27 DE FEBRERO,DISTRITO NACIONAL,PRIVADA,EMAP,,,0.0,https://indomet.gob.do/wp-content/uploads/2026/09/temperaturas-extremas-y-precipitaciones-2026x09x19-a.pdf
2026-09-19,077,RANCHO ARRIBA,SAN JOSÉ DE OCOA,CENTRO TECNOLÓGICO COMUNITARIO,EMCI,32.8,20.3,0.0,https://indomet.gob.do/wp-content/uploads/2026/09/temperaturas-extremas-y-precipitaciones-2026x09x19-a.pdf
2026-09-19,078,RESTAURACIÓN,DAJABÓN,MINISTERIO DE AGRICULTURA,EMCI,30.3,18.9,0.0,https://indomet.gob.do/wp-content/uploads/2026/09/temperaturas-extremas-y-precipitaciones-2026x09x19-a.pdf
2026-09-19,079,RÍO SAN JUAN,MARÍA TRINIDAD SÁNCHEZ,HOSP. MPAL. DR. DESIDERIO ACOSTA,EMCV,36.3,26.0,0.0,https://indomet.gob.do/wp-content/uploads/2026/09/temperaturas-extremas-y-precipitaciones-2026x09x19-a.pdf
2026-09-19,080,SAMANÁ,SAMANÁ,COMANDANCIA DE PUERTO DE SAMANÁ,EMCI,34.1,18.1,0.0,https://indomet.gob.do/wp-content/uploads/2026/09/temperaturas-extremas-y-precipitaciones-2026x09x19-a.pdf
2026-09-19,081,SAN CRISTÓBAL,SAN CRISTÓBAL,INSTITUTO POLITÉCNICO LOYOLA,EMCI,32.0,22.0,0.0,https://indomet.gob.do/wp-content/uploads/2026/09/temperaturas-extremas-y-precipitaciones-2026x09x19-a.pdf
2026-09-19,082,SAN RAFAEL DEL YUMA,LA ALTAGRACIA,MINISTERIO DE AGRICULTURA,EMCI,34.8,24.6,0.0,https://indomet.gob.do/wp-content/uploads/2026/09/temperaturas-extremas-y-precipitaciones-2026x09x19-a.pdf
2026-09-19,083,SÁNCHEZ,SAMANÁ,MINISTERIO DE AGRICULTURA,EMCI,33.4,22.0,0.0,https://indomet.gob.do/wp-content/uploads/2026/09/temperaturas-extremas-y-precipitaciones-2026x09x19-a.pdf
2026-09-19,084,SANTO DOMINGO ESTE,SANTO DOMINGO,INDOMET,EMCI,33.0,27.0,0.0,https://indomet.gob.do/wp-content/uploads/2026/09/temperaturas-extremas-y-precipitaciones-2026x09x19-a.pdf
2026-09-19,085,TÁBARA ABAJO,AZUA,INDRHI,EMCI,34.5,23.0,0.0,https://indomet.gob.do/wp-content/uploads/2026/09/temperaturas-extremas-y-precipitaciones-2026x09x19-a.pdf
2026-09-19,086,VILLA ALTAGRACIA,SAN CRISTÓBAL,ESCUELA JAVIER ANGULO GURIDI,EMCI,,,0.0,https://indomet.gob.do/wp-content/uploads/2026/09/temperaturas-extremas-y-precipitaciones-2026x09x19-a.pdf
2026-09-20,001,PERALTA,AZUA,HOSP. MPAL. DE PERALTA,EMCI,32.0,18.5,79.0,https://indomet.gob.do/wp-content/uploads/2026/09/temperaturas-extremas-y-precipitaciones-2026x09x20-a-1.pdf
2026-09-20,002,MICHES (EMA),EL SEIBO,PRIVADA,EMAP,33.6,24.1,53.0,https://indomet.gob.do/wp-content/uploads/2026/09/temperaturas-extremas-y-precipitaciones-2026x09x20-a-1.pdf
2026-09-20,003,VILLA RIVA,DUARTE,HOSP. MPAL. ALICIA DE LEGENDRE,EMCI,33.0,22.7,40.3,https://indomet.gob.do/wp-content/uploads/2026/09/temperaturas-extremas-y-precipitaciones-2026x09x20-a-1.pdf
2026-09-20,004,LA YAGUITA (EMA),MONTE CRISTI,PROPIEDAD DEL VOLUNTARIO,EMAP,,,38.9,https://indomet.gob.do/wp-content/uploads/2026/09/temperaturas-extremas-y-precipitaciones-2026x09x20-a-1.pdf
2026-09-20,005,VILLA GONZALES,SANTIAGO,MINISTERIO DE AGRICULTURA,EMCI,,,36.6,https://indomet.gob.do/wp-content/uploads/2026/09/temperaturas-extremas-y-precipitaciones-2026x09x20-a-1.pdf
2026-09-20,006,RESTAURACIÓN (EMA),DAJABÓN,PRIVADA,EMAP,,,33.4,https://indomet.gob.do/wp-content/uploads/2026/09/temperaturas-extremas-y-precipitaciones-2026x09x20-a-1.pdf
2026-09-20,007,ELÍAS PIÑA,ELÍAS PIÑA,MINISTERIO DE AGRICULTURA,EMCV,,,32.1,https://indomet.gob.do/wp-content/uploads/2026/09/temperaturas-extremas-y-precipitaciones-2026x09x20-a-1.pdf
2026-09-20,008,BUCARA (EMA),SANTIAGO,MINISTERIO DE AGRICULTURA,EMAI,,,31.8,https://indomet.gob.do/wp-content/uploads/2026/09/temperaturas-extremas-y-precipitaciones-2026x09x20-a-1.pdf
2026-09-20,009,CONSTANZA (EMA),LA VEGA,PROGRAMA MUNDIAL DE ALIMENTO,EMAP,27.9,15.7,28.6,https://indomet.gob.do/wp-content/uploads/2026/09/temperaturas-extremas-y-precipitaciones-2026x09x20-a-1.pdf
2026-09-20,010,CONSTANZA,LA VEGA,MINISTERIO DE AGRICULTURA,EMCI,28.6,14.8,27.7,https://indomet.gob.do/wp-content/uploads/2026/09/temperaturas-extremas-y-precipitaciones-2026x09x20-a-1.pdf
2026-09-20,011,JARABACOA,LA VEGA,INDRHI / MARENA,EMCI,33.0,17.6,18.0,https://indomet.gob.do/wp-content/uploads/2026/09/temperaturas-extremas-y-precipitaciones-2026x09x20-a-1.pdf
2026-09-20,012,NAVARRETE,SANTIAGO,MINISTERIO DE AGRICULTURA,EMCV,,,16.3,https://indomet.gob.do/wp-content/uploads/2026/09/temperaturas-extremas-y-precipitaciones-2026x09x20-a-1.pdf
2026-09-20,013,SANTIAGO RODRÍGUEZ,SANTIAGO RODRÍGUEZ,INDOMET,EMCI,36.5,25.2,14.3,https://indomet.gob.do/wp-content/uploads/2026/09/temperaturas-extremas-y-precipitaciones-2026x09x20-a-1.pdf
2026-09-20,014,SAN JOSÉ DE OCOA,SAN JOSÉ DE OCOA,HOSP. SAN JOSÉ DE OCOA,EMCI,31.9,20.8,12.8,https://indomet.gob.do/wp-content/uploads/2026/09/temperaturas-extremas-y-precipitaciones-2026x09x20-a-1.pdf
2026-09-20,015,ALTAMIRA,PUERTO PLATA,HOSP. MPAL. DE ALTAMIRA,EMCI,35.9,22.1,12.6,https://indomet.gob.do/wp-content/uploads/2026/09/temperaturas-extremas-y-precipitaciones-2026x09x20-a-1.pdf
2026-09-20,016,SABANETA (EMA),SANTIAGO RODRÍGUEZ,PROGRAMA MUNDIAL DE ALIMENTO,EMAP,36.6,21.9,12.4,https://indomet.gob.do/wp-content/uploads/2026/09/temperaturas-extremas-y-precipitaciones-2026x09x20-a-1.pdf
2026-09-20,017,ALTO BANDERA (EMA),LA VEGA,INTEC,EMAP,18.1,9.7,11.4,https://indomet.gob.do/wp-content/uploads/2026/09/temperaturas-extremas-y-precipitaciones-2026x09x20-a-1.pdf
2026-09-20,018,JUMA BEJUCAL,MONSEÑOR NOUEL,IDIAF,EMCV,32.8,23.6,10.2,https://indomet.gob.do/wp-content/uploads/2026/09/temperaturas-extremas-y-precipitaciones-2026x09x20-a-1.pdf
2026-09-20,019,RESTAURACIÓN,DAJABÓN,MINISTERIO DE AGRICULTURA,EMCI,31.9,19.1,10.0,https://indomet.gob.do/wp-content/uploads/2026/09/temperaturas-extremas-y-precipitaciones-2026x09x20-a-1.pdf
2026-09-20,020,BAYAGUANA,MONTE PLATA,INDOMET,EMCI,34.4,23.6,9.3,https://indomet.gob.do/wp-content/uploads/2026/09/temperaturas-extremas-y-precipitaciones-2026x09x20-a-1.pdf
2026-09-20,021,VILLA ISABELA,PUERTO PLATA,MINISTERIO DE AGRICULTURA,EMCV,35.0,21.0,8.6,https://indomet.gob.do/wp-content/uploads/2026/09/temperaturas-extremas-y-precipitaciones-2026x09x20-a-1.pdf
2026-09-20,022,ARPT. LA ISABELA,SANTO DOMINGO,INDOMET,EMCI,33.6,23.2,7.6,https://indomet.gob.do/wp-content/uploads/2026/09/temperaturas-extremas-y-precipitaciones-2026x09x20-a-1.pdf
2026-09-20,023,DAJABÓN,DAJABÓN,INSTITUTO POLITÉCNICO LOYOLA,EMCI,35.8,20.3,6.2,https://indomet.gob.do/wp-content/uploads/2026/09/temperaturas-extremas-y-precipitaciones-2026x09x20-a-1.pdf
2026-09-20,024,PALO DE VIENTO (EMA),SAN JUAN,PRIVADA,EMAP,28.4,16.3,6.2,https://indomet.gob.do/wp-content/uploads/2026/09/temperaturas-extremas-y-precipitaciones-2026x09x20-a-1.pdf
2026-09-20,025,PARQUE MIRADOR SUR,DISTRITO NACIONAL,AYUNTAMIENTO,EMCV,34.0,23.4,6.2,https://indomet.gob.do/wp-content/uploads/2026/09/temperaturas-extremas-y-precipitaciones-2026x09x20-a-1.pdf
2026-09-20,026,SAJOMA (EMA),SANTIAGO,PLAN SIERRA,EMAI,33.1,24.7,5.8,https://indomet.gob.do/wp-content/uploads/2026/09/temperaturas-extremas-y-precipitaciones-2026x09x20-a-1.pdf
2026-09-20,027,SALCEDO,HERMANAS MIRABAL,PROPIEDAD DEL EMPLEADO,EMCI,,,5.4,https://indomet.gob.do/wp-content/uploads/2026/09/temperaturas-extremas-y-precipitaciones-2026x09x20-a-1.pdf
2026-09-20,028,VILLA ALTAGRACIA,SAN CRISTÓBAL,ESCUELA JAVIER ANGULO GURIDI,EMCI,,,5.2,https://indomet.gob.do/wp-content/uploads/2026/09/temperaturas-extremas-y-precipitaciones-2026x09x20-a-1.pdf
2026-09-20,029,BELLA VISTA (EMA),DISTRITO NACIONAL,PRIVADA,EMAP,,,4.8,https://indomet.gob.do/wp-content/uploads/2026/09/temperaturas-extremas-y-precipitaciones-2026x09x20-a-1.pdf
2026-09-20,030,JIMANÍ,INDEPENDENCIA,MINISTERIO DE AGRICULTURA,EMCI,36.6,25.4,4.8,https://indomet.gob.do/wp-content/uploads/2026/09/temperaturas-extremas-y-precipitaciones-2026x09x20-a-1.pdf
2026-09-20,031,HONDO VALLE,ELÍAS PIÑA,MINISTERIO DE AGRICULTURA,EMCI,28.5,18.6,4.4,https://indomet.gob.do/wp-content/uploads/2026/09/temperaturas-extremas-y-precipitaciones-2026x09x20-a-1.pdf
2026-09-20,032,LA VEGA,LA VEGA,IATESA,EMCI,35.7,22.5,4.4,https://indomet.gob.do/wp-content/uploads/2026/09/temperaturas-extremas-y-precipitaciones-2026x09x20-a-1.pdf
2026-09-20,033,TAMBORIL,SANTIAGO,MINISTERIO DE AGRICULTURA,EMCV,35.7,22.5,4.4,https://indomet.gob.do/wp-content/uploads/2026/09/temperaturas-extremas-y-precipitaciones-2026x09x20-a-1.pdf
2026-09-20,034,POLO,BARAHONA,INDOCAFE,EMCI,30.5,18.3,4.1,https://indomet.gob.do/wp-content/uploads/2026/09/temperaturas-extremas-y-precipitaciones-2026x09x20-a-1.pdf
2026-09-20,035,LUPERÓN,PUERTO PLATA,MINISTERIO DE AGRICULTURA,EMCV,,,3.6,https://indomet.gob.do/wp-content/uploads/2026/09/temperaturas-extremas-y-precipitaciones-2026x09x20-a-1.pdf
2026-09-20,036,MAO,VALVERDE,INDRHI / MINISTERIO DE AGRICULTURA,EMCV,,,2.8,https://indomet.gob.do/wp-content/uploads/2026/09/temperaturas-extremas-y-precipitaciones-2026x09x20-a-1.pdf
2026-09-20,037,EL SEIBO,EL SEIBO,MINISTERIO DE AGRICULTURA,EMCV,,,2.5,https://indomet.gob.do/wp-content/uploads/2026/09/temperaturas-extremas-y-precipitaciones-2026x09x20-a-1.pdf
2026-09-20,038,PARQUE MIRADOR NORTE,SANTO DOMINGO,AYUNTAMIENTO,EMCV,,,2.3,https://indomet.gob.do/wp-content/uploads/2026/09/temperaturas-extremas-y-precipitaciones-2026x09x20-a-1.pdf
2026-09-20,039,BOCA DE MAO (EMA),VALVERDE,MINISTERIO DE AGRICULTURA,EMAP,37.6,22.7,2.2,https://indomet.gob.do/wp-content/uploads/2026/09/temperaturas-extremas-y-precipitaciones-2026x09x20-a-1.pdf
2026-09-20,040,CENTRO DE LOS HEROES (EMA),DISTRITO NACIONAL,MINISTERIO DE ENERGIA Y MINA,EMAP,32.6,26.7,2.2,https://indomet.gob.do/wp-content/uploads/2026/09/temperaturas-extremas-y-precipitaciones-2026x09x20-a-1.pdf
2026-09-20,041,GURABO,SANTIAGO,MINISTERIO DE AGRICULTURA,EMCV,,,2.0,https://indomet.gob.do/wp-content/uploads/2026/09/temperaturas-extremas-y-precipitaciones-2026x09x20-a-1.pdf
2026-09-20,042,EL MILLON (EMA),DISTRITO NACIONAL,PRIVADA,EMAP,,,1.5,https://indomet.gob.do/wp-content/uploads/2026/09/temperaturas-extremas-y-precipitaciones-2026x09x20-a-1.pdf
2026-09-20,043,JARDÍN BOTÁNICO SANTIAGO (EMSANTIAGO,,JARDIN BOTANICO SANTIAGO,EMAI,35.5,26.2,1.4,https://indomet.gob.do/wp-content/uploads/2026/09/temperaturas-extremas-y-precipitaciones-2026x09x20-a-1.pdf
2026-09-20,044,ARPT. DEL CIBAO,SANTIAGO,INDOMET,EMCI,35.0,22.5,1.3,https://indomet.gob.do/wp-content/uploads/2026/09/temperaturas-extremas-y-precipitaciones-2026x09x20-a-1.pdf
2026-09-20,045,RANCHO ARRIBA,SAN JOSÉ DE OCOA,CENTRO TECNOLÓGICO COMUNITARIO,EMCI,31.5,19.6,1.2,https://indomet.gob.do/wp-content/uploads/2026/09/temperaturas-extremas-y-precipitaciones-2026x09x20-a-1.pdf
2026-09-20,046,HATO MAYOR,HATO MAYOR,MINISTERIO DE AGRICULTURA,EMCV,,,1.0,https://indomet.gob.do/wp-content/uploads/2026/09/temperaturas-extremas-y-precipitaciones-2026x09x20-a-1.pdf
2026-09-20,047,BASE AÉREA DE SAN ISIDRO,SANTO DOMINGO,FUERZA AÉREA DOMINICANA,EMCV,31.1,25.0,1.0,https://indomet.gob.do/wp-content/uploads/2026/09/temperaturas-extremas-y-precipitaciones-2026x09x20-a-1.pdf
2026-09-20,048,CABRAL,BARAHONA,MINISTERIO DE AGRICULTURA,EMCV,34.5,24.0,1.0,https://indomet.gob.do/wp-content/uploads/2026/09/temperaturas-extremas-y-precipitaciones-2026x09x20-a-1.pdf
2026-09-20,049,VILLA GONZALE (EMA),SANTIAGO,IGLESIA,EMAI,,,1.0,https://indomet.gob.do/wp-content/uploads/2026/09/temperaturas-extremas-y-precipitaciones-2026x09x20-a-1.pdf
2026-09-20,050,ARROYO LORO,SAN JUAN,IDIAF,EMCI,34.5,21.3,0.8,https://indomet.gob.do/wp-content/uploads/2026/09/temperaturas-extremas-y-precipitaciones-2026x09x20-a-1.pdf
2026-09-20,051,ENRIQUILLO,BARAHONA,MINISTERIO DE AGRICULTURA,EMCV,33.5,23.0,0.8,https://indomet.gob.do/wp-content/uploads/2026/09/temperaturas-extremas-y-precipitaciones-2026x09x20-a-1.pdf
2026-09-20,052,JARDÍN BOTÁNICO NACIONAL,DISTRITO NACIONAL,JARDÍN BOTÁNICO NACIONAL,EMCV,31.9,22.8,0.8,https://indomet.gob.do/wp-content/uploads/2026/09/temperaturas-extremas-y-precipitaciones-2026x09x20-a-1.pdf
2026-09-20,053,BOHECHÍO,SAN JUAN,MINISTERIO DE AGRICULTURA,EMCV,,,0.6,https://indomet.gob.do/wp-content/uploads/2026/09/temperaturas-extremas-y-precipitaciones-2026x09x20-a-1.pdf
2026-09-20,054,SAN FRANCISCO DE MACORÍS,DUARTE,San Francisco de Macorís (UASD),EMCI,36.2,24.5,0.6,https://indomet.gob.do/wp-content/uploads/2026/09/temperaturas-extremas-y-precipitaciones-2026x09x20-a-1.pdf
2026-09-20,055,ARPT. GREGORIO LUPERÓN,PUERTO PLATA,INDOMET,EMCI,33.6,23.4,0.5,https://indomet.gob.do/wp-content/uploads/2026/09/temperaturas-extremas-y-precipitaciones-2026x09x20-a-1.pdf
2026-09-20,056,SABANA DE LA MAR,HATO MAYOR,INDOMET,EMCI,33.4,23.5,0.5,https://indomet.gob.do/wp-content/uploads/2026/09/temperaturas-extremas-y-precipitaciones-2026x09x20-a-1.pdf
2026-09-20,057,LAS CANAS (EMA),MONTE CRISTI,PROGRAMA MUNDIAL DE ALIMENTO,EMAP,32.9,22.7,0.4,https://indomet.gob.do/wp-content/uploads/2026/09/temperaturas-extremas-y-precipitaciones-2026x09x20-a-1.pdf
2026-09-20,058,PROLONGACION 27 DE FEBRERO,DISTRITO NACIONAL,PRIVADA,EMAP,,,0.4,https://indomet.gob.do/wp-content/uploads/2026/09/temperaturas-extremas-y-precipitaciones-2026x09x20-a-1.pdf
2026-09-20,059,VALLE NUEVO (EMA),LA VEGA,MARENA,EMAI,20.8,9.2,0.4,https://indomet.gob.do/wp-content/uploads/2026/09/temperaturas-extremas-y-precipitaciones-2026x09x20-a-1.pdf
2026-09-20,060,LOS CACICAZGOS (EMA),DISTRITO NACIONAL,PRIVADA,EMAP,,,0.2,https://indomet.gob.do/wp-content/uploads/2026/09/temperaturas-extremas-y-precipitaciones-2026x09x20-a-1.pdf
2026-09-20,061,SABANA GRANDE DE BOYÁ,MONTE PLATA,MINISTERIO DE AGRICULTURA,EMCV,,,0.1,https://indomet.gob.do/wp-content/uploads/2026/09/temperaturas-extremas-y-precipitaciones-2026x09x20-a-1.pdf
2026-09-20,062,ANAMUYA (EMA),LA ALTAGRACIA,MINISTERIO DE AGRICULTURA,EMAP,34.9,24.7,0.0,https://indomet.gob.do/wp-content/uploads/2026/09/temperaturas-extremas-y-precipitaciones-2026x09x20-a-1.pdf
2026-09-20,063,ARPT. ARROYO BARRIL,SAMANÁ,INDOMET,EMCI,34.3,24.8,0.0,https://indomet.gob.do/wp-content/uploads/2026/09/temperaturas-extremas-y-precipitaciones-2026x09x20-a-1.pdf
2026-09-20,064,ARPT. DE LA ROMANA,LA ROMANA,INDOMET,EMCI,33.8,23.2,0.0,https://indomet.gob.do/wp-content/uploads/2026/09/temperaturas-extremas-y-precipitaciones-2026x09x20-a-1.pdf
2026-09-20,065,ARPT. DE LAS AMÉRICAS,SANTO DOMINGO,INDOMET,EMCI,32.0,24.4,0.0,https://indomet.gob.do/wp-content/uploads/2026/09/temperaturas-extremas-y-precipitaciones-2026x09x20-a-1.pdf
2026-09-20,066,ARPT. DE PUNTA CANA,LA ALTAGRACIA,INDOMET,EMCI,32.8,25.0,0.0,https://indomet.gob.do/wp-content/uploads/2026/09/temperaturas-extremas-y-precipitaciones-2026x09x20-a-1.pdf
2026-09-20,067,ARPT. EL CATEY,SAMANÁ,INDOMET,EMCI,33.8,22.5,0.0,https://indomet.gob.do/wp-content/uploads/2026/09/temperaturas-extremas-y-precipitaciones-2026x09x20-a-1.pdf
2026-09-20,068,ARPT. MARÍA MONTEZ,BARAHONA,INDOMET,EMCI,33.8,25.4,0.0,https://indomet.gob.do/wp-content/uploads/2026/09/temperaturas-extremas-y-precipitaciones-2026x09x20-a-1.pdf
2026-09-20,069,BANI (EMA),PERAVIA,MINISTERIO DE AGRICULTURA,EMAP,33.1,24.9,0.0,https://indomet.gob.do/wp-content/uploads/2026/09/temperaturas-extremas-y-precipitaciones-2026x09x20-a-1.pdf
2026-09-20,070,CABRERA,MARÍA TRINIDAD SÁNCHEZ,ESCUELA ARÍSTIDES FIALLO CABRAL,EMCI,35.0,26.2,0.0,https://indomet.gob.do/wp-content/uploads/2026/09/temperaturas-extremas-y-precipitaciones-2026x09x20-a-1.pdf
2026-09-20,071,COTUÍ (EMA),SÁNCHEZ RAMÍREZ,HOSP. INMACULADA CONCEPCIÓN,EMCV,35.8,24.2,0.0,https://indomet.gob.do/wp-content/uploads/2026/09/temperaturas-extremas-y-precipitaciones-2026x09x20-a-1.pdf
2026-09-20,072,EL CERCADO,SAN JUAN,MINISTERIO DE AGRICULTURA,EMCV,,,0.0,https://indomet.gob.do/wp-content/uploads/2026/09/temperaturas-extremas-y-precipitaciones-2026x09x20-a-1.pdf
2026-09-20,073,EL FACTOR (EMA),MARÍA TRINIDAD SÁNCHEZ,INTEC,EMAP,34.8,23.8,0.0,https://indomet.gob.do/wp-content/uploads/2026/09/temperaturas-extremas-y-precipitaciones-2026x09x20-a-1.pdf
2026-09-20,074,ENSANCHE LA FE (EMA),DISTRITO NACIONAL,PRIVADA,EMAP,,,0.0,https://indomet.gob.do/wp-content/uploads/2026/09/temperaturas-extremas-y-precipitaciones-2026x09x20-a-1.pdf
2026-09-20,075,ESCONDIDO,PERAVIA,MINISTERIO DE AGRICULTURA,EMCV,32.0,23.0,0.0,https://indomet.gob.do/wp-content/uploads/2026/09/temperaturas-extremas-y-precipitaciones-2026x09x20-a-1.pdf
2026-09-20,076,GASPAR HERNÁNDEZ,ESPAILLAT,PROPIEDAD DEL EMPLEADO,EMCI,,,0.0,https://indomet.gob.do/wp-content/uploads/2026/09/temperaturas-extremas-y-precipitaciones-2026x09x20-a-1.pdf
2026-09-20,077,LA AGUSTINA (EMA),DISTRITO NACIONAL,PRIVADA,EMAP,,,0.0,https://indomet.gob.do/wp-content/uploads/2026/09/temperaturas-extremas-y-precipitaciones-2026x09x20-a-1.pdf
2026-09-20,078,LA VICTORIA,SANTO DOMINGO,CUERPO DE BOMBEROS,EMCI,35.0,25.0,0.0,https://indomet.gob.do/wp-content/uploads/2026/09/temperaturas-extremas-y-precipitaciones-2026x09x20-a-1.pdf
2026-09-20,079,LOS COCOS (EMA),BAHORUCO,PRIVADA,EMAP,,,0.0,https://indomet.gob.do/wp-content/uploads/2026/09/temperaturas-extremas-y-precipitaciones-2026x09x20-a-1.pdf
2026-09-20,080,LOS LLANOS,SAN PEDRO DE MACORÍS,MINISTERIO DE AGRICULTURA,EMCI,34.0,24.0,0.0,https://indomet.gob.do/wp-content/uploads/2026/09/temperaturas-extremas-y-precipitaciones-2026x09x20-a-1.pdf
2026-09-20,081,LOS PRADOS (EMA),DISTRITO NACIONAL,PRIVADA,EMAP,,,0.0,https://indomet.gob.do/wp-content/uploads/2026/09/temperaturas-extremas-y-precipitaciones-2026x09x20-a-1.pdf
2026-09-20,082,MONCIÓN (EMA),SANTIAGO RODRÍGUEZ,PROGRAMA MUNDIAL DE ALIMENTO,EMAP,32.9,21.9,0.0,https://indomet.gob.do/wp-content/uploads/2026/09/temperaturas-extremas-y-precipitaciones-2026x09x20-a-1.pdf
2026-09-20,083,MONTE CRISTI,MONTE CRISTI,INDOMET,EMCI,35.2,24.3,0.0,https://indomet.gob.do/wp-content/uploads/2026/09/temperaturas-extremas-y-precipitaciones-2026x09x20-a-1.pdf
2026-09-20,084,OLIVARES,PEDERNALES,INDRHI,EMCI,,,0.0,https://indomet.gob.do/wp-content/uploads/2026/09/temperaturas-extremas-y-precipitaciones-2026x09x20-a-1.pdf
2026-09-20,085,OVIEDO,PEDERNALES,CLÍNICA RURAL OVIEDO,EMCI,34.0,25.2,0.0,https://indomet.gob.do/wp-content/uploads/2026/09/temperaturas-extremas-y-precipitaciones-2026x09x20-a-1.pdf
2026-09-20,086,PADRE LAS CASAS,AZUA,HOSP. NTRA. SRA. DEL CARMEN,EMCI,32.5,20.3,0.0,https://indomet.gob.do/wp-content/uploads/2026/09/temperaturas-extremas-y-precipitaciones-2026x09x20-a-1.pdf
2026-09-20,087,PALO ÍNDIO,PUERTO PLATA,MINISTERIO DE AGRICULTURA,EMCI,,,0.0,https://indomet.gob.do/wp-content/uploads/2026/09/temperaturas-extremas-y-precipitaciones-2026x09x20-a-1.pdf
2026-09-20,088,PEDERNALES,PEDERNALES,INDRHI,EMCI,,,0.0,https://indomet.gob.do/wp-content/uploads/2026/09/temperaturas-extremas-y-precipitaciones-2026x09x20-a-1.pdf
2026-09-20,089,PRESA DE TAVERAS (EMA),LA VEGA,PROGRAMA MUNDIAL DE ALIMENTO,EMAP,33.2,21.4,0.0,https://indomet.gob.do/wp-content/uploads/2026/09/temperaturas-extremas-y-precipitaciones-2026x09x20-a-1.pdf
2026-09-20,090,RÍO SAN JUAN,MARÍA TRINIDAD SÁNCHEZ,HOSP. MPAL. DR. DESIDERIO ACOSTA,EMCV,36.3,25.5,0.0,https://indomet.gob.do/wp-content/uploads/2026/09/temperaturas-extremas-y-precipitaciones-2026x09x20-a-1.pdf
2026-09-20,091,SAMANÁ,SAMANÁ,COMANDANCIA DE PUERTO DE SAMANÁ,EMCI,34.4,17.1,0.0,https://indomet.gob.do/wp-content/uploads/2026/09/temperaturas-extremas-y-precipitaciones-2026x09x20-a-1.pdf
2026-09-20,092,SAN CRISTÓBAL,SAN CRISTÓBAL,INSTITUTO POLITÉCNICO LOYOLA,EMCI,32.5,22.2,0.0,https://indomet.gob.do/wp-content/uploads/2026/09/temperaturas-extremas-y-precipitaciones-2026x09x20-a-1.pdf
2026-09-20,093,SAN RAFAEL DEL YUMA,LA ALTAGRACIA,MINISTERIO DE AGRICULTURA,EMCI,35.4,24.5,0.0,https://indomet.gob.do/wp-content/uploads/2026/09/temperaturas-extremas-y-precipitaciones-2026x09x20-a-1.pdf
2026-09-20,094,SÁNCHEZ,SAMANÁ,MINISTERIO DE AGRICULTURA,EMCI,33.2,22.5,0.0,https://indomet.gob.do/wp-content/uploads/2026/09/temperaturas-extremas-y-precipitaciones-2026x09x20-a-1.pdf
2026-09-20,095,SANTO DOMINGO ESTE,SANTO DOMINGO,INDOMET,EMCI,33.2,26.0,0.0,https://indomet.gob.do/wp-content/uploads/2026/09/temperaturas-extremas-y-precipitaciones-2026x09x20-a-1.pdf
2026-09-20,096,TÁBARA ABAJO,AZUA,INDRHI,EMCI,35.5,24.0,0.0,https://indomet.gob.do/wp-content/uploads/2026/09/temperaturas-extremas-y-precipitaciones-2026x09x20-a-1.pdf
2026-09-20,097,VILLA VASQUEZ (EMA),MONTE CRISTI,JUNTA DE REGANTES,EMAI,,,0.0,https://indomet.gob.do/wp-content/uploads/2026/09/temperaturas-extremas-y-precipitaciones-2026x09x20-a-1.pdf
2026-09-21,001,MICHES (EMA),EL SEIBO,PRIVADA,EMAP,32.4,24.0,63.6,https://indomet.gob.do/wp-content/uploads/2026/09/temperaturas-extremas-y-precipitaciones-2026x09x21-a.pdf
2026-09-21,002,LOS CACICAZGOS (EMA),DISTRITO NACIONAL,PRIVADA,EMAP,,,51.3,https://indomet.gob.do/wp-content/uploads/2026/09/temperaturas-extremas-y-precipitaciones-2026x09x21-a.pdf
2026-09-21,003,PASO AL MEDIO,SAN PEDRO DE MACORÍS,INDRHI,EMCI,,,39.1,https://indomet.gob.do/wp-content/uploads/2026/09/temperaturas-extremas-y-precipitaciones-2026x09x21-a.pdf
2026-09-21,004,BARRAQUITO (EMA),DUARTE,PROGRAMA MUNDIAL DE ALIMENTO,EMAP,34.8,24.2,34.8,https://indomet.gob.do/wp-content/uploads/2026/09/temperaturas-extremas-y-precipitaciones-2026x09x21-a.pdf
2026-09-21,005,VILLA RIVA,DUARTE,HOSP. MPAL. ALICIA DE LEGENDRE,EMCI,33.4,22.5,34.0,https://indomet.gob.do/wp-content/uploads/2026/09/temperaturas-extremas-y-precipitaciones-2026x09x21-a.pdf
2026-09-21,006,SANTO DOMINGO ESTE,SANTO DOMINGO,INDOMET,EMCI,33.0,26.0,24.1,https://indomet.gob.do/wp-content/uploads/2026/09/temperaturas-extremas-y-precipitaciones-2026x09x21-a.pdf
2026-09-21,007,TAMBORIL,SANTIAGO,MINISTERIO DE AGRICULTURA,EMCV,,,20.1,https://indomet.gob.do/wp-content/uploads/2026/09/temperaturas-extremas-y-precipitaciones-2026x09x21-a.pdf
2026-09-21,008,PROLONGACION 27 DE FEBRERO,DISTRITO NACIONAL,PRIVADA,EMAP,,,19.3,https://indomet.gob.do/wp-content/uploads/2026/09/temperaturas-extremas-y-precipitaciones-2026x09x21-a.pdf
2026-09-21,009,HONDO VALLE,ELÍAS PIÑA,MINISTERIO DE AGRICULTURA,EMCI,28.1,18.2,17.3,https://indomet.gob.do/wp-content/uploads/2026/09/temperaturas-extremas-y-precipitaciones-2026x09x21-a.pdf
2026-09-21,010,PARQUE MIRADOR SUR,DISTRITO NACIONAL,AYUNTAMIENTO,EMCV,34.2,24.0,16.6,https://indomet.gob.do/wp-content/uploads/2026/09/temperaturas-extremas-y-precipitaciones-2026x09x21-a.pdf
2026-09-21,011,ENSANCHE LA FE (EMA),DISTRITO NACIONAL,PRIVADA,EMAP,,,15.8,https://indomet.gob.do/wp-content/uploads/2026/09/temperaturas-extremas-y-precipitaciones-2026x09x21-a.pdf
2026-09-21,012,LA AGUSTINA (EMA),DISTRITO NACIONAL,PRIVADA,EMAP,,,15.7,https://indomet.gob.do/wp-content/uploads/2026/09/temperaturas-extremas-y-precipitaciones-2026x09x21-a.pdf
2026-09-21,013,JARDÍN BOTÁNICO NACIONAL,DISTRITO NACIONAL,JARDÍN BOTÁNICO NACIONAL,EMCV,33.2,24.6,15.6,https://indomet.gob.do/wp-content/uploads/2026/09/temperaturas-extremas-y-precipitaciones-2026x09x21-a.pdf
2026-09-21,014,ARPT. MARÍA MONTEZ,BARAHONA,INDOMET,EMCI,33.7,24.5,15.4,https://indomet.gob.do/wp-content/uploads/2026/09/temperaturas-extremas-y-precipitaciones-2026x09x21-a.pdf
2026-09-21,015,TIREO (EMA),LA VEGA,PRIVADA,EMAP,,,13.2,https://indomet.gob.do/wp-content/uploads/2026/09/temperaturas-extremas-y-precipitaciones-2026x09x21-a.pdf
2026-09-21,016,ENRIQUILLO,BARAHONA,MINISTERIO DE AGRICULTURA,EMCV,32.0,23.0,12.6,https://indomet.gob.do/wp-content/uploads/2026/09/temperaturas-extremas-y-precipitaciones-2026x09x21-a.pdf
2026-09-21,017,LOS LLANOS,SAN PEDRO DE MACORÍS,MINISTERIO DE AGRICULTURA,EMCI,33.0,24.4,10.8,https://indomet.gob.do/wp-content/uploads/2026/09/temperaturas-extremas-y-precipitaciones-2026x09x21-a.pdf
2026-09-21,018,LOYOLA (EMA),SAN CRISTÓBAL,PRIVADA,EMAP,,,10.6,https://indomet.gob.do/wp-content/uploads/2026/09/temperaturas-extremas-y-precipitaciones-2026x09x21-a.pdf
2026-09-21,019,BAYAGUANA,MONTE PLATA,INDOMET,EMCI,34.0,23.0,10.6,https://indomet.gob.do/wp-content/uploads/2026/09/temperaturas-extremas-y-precipitaciones-2026x09x21-a.pdf
2026-09-21,020,ALTO BANDERA (EMA),LA VEGA,INTEC,EMAP,16.0,9.8,9.1,https://indomet.gob.do/wp-content/uploads/2026/09/temperaturas-extremas-y-precipitaciones-2026x09x21-a.pdf
2026-09-21,021,BELLA VISTA (EMA),DISTRITO NACIONAL,PRIVADA,EMAP,,,7.1,https://indomet.gob.do/wp-content/uploads/2026/09/temperaturas-extremas-y-precipitaciones-2026x09x21-a.pdf
2026-09-21,022,ARPT. DEL CIBAO,SANTIAGO,INDOMET,EMCI,35.0,22.7,7.0,https://indomet.gob.do/wp-content/uploads/2026/09/temperaturas-extremas-y-precipitaciones-2026x09x21-a.pdf
2026-09-21,023,VILLA ALTAGRACIA,SAN CRISTÓBAL,ESCUELA JAVIER ANGULO GURIDI,EMCI,,,6.8,https://indomet.gob.do/wp-content/uploads/2026/09/temperaturas-extremas-y-precipitaciones-2026x09x21-a.pdf
2026-09-21,024,JARDÍN BOTÁNICO SANTIAGO (EMSANTIAGO,,JARDIN BOTANICO SANTIAGO,EMAI,35.2,26.8,6.6,https://indomet.gob.do/wp-content/uploads/2026/09/temperaturas-extremas-y-precipitaciones-2026x09x21-a.pdf
2026-09-21,025,SALCEDO,HERMANAS MIRABAL,PROPIEDAD DEL EMPLEADO,EMCI,,,6.0,https://indomet.gob.do/wp-content/uploads/2026/09/temperaturas-extremas-y-precipitaciones-2026x09x21-a.pdf
2026-09-21,026,PLAYA BONITA (EMA),SAMANÁ,PRIVADA,EMAP,,,5.6,https://indomet.gob.do/wp-content/uploads/2026/09/temperaturas-extremas-y-precipitaciones-2026x09x21-a.pdf
2026-09-21,027,ALTAMIRA,PUERTO PLATA,HOSP. MPAL. DE ALTAMIRA,EMCI,34.4,22.5,5.4,https://indomet.gob.do/wp-content/uploads/2026/09/temperaturas-extremas-y-precipitaciones-2026x09x21-a.pdf
2026-09-21,028,LA YAGUITA (EMA),MONTE CRISTI,PROPIEDAD DEL VOLUNTARIO,EMAP,,,5.3,https://indomet.gob.do/wp-content/uploads/2026/09/temperaturas-extremas-y-precipitaciones-2026x09x21-a.pdf
2026-09-21,029,EL MILLON (EMA),DISTRITO NACIONAL,PRIVADA,EMAP,,,3.3,https://indomet.gob.do/wp-content/uploads/2026/09/temperaturas-extremas-y-precipitaciones-2026x09x21-a.pdf
2026-09-21,030,CENTRO DE LOS HEROES (EMA),DISTRITO NACIONAL,MINISTERIO DE ENERGIA Y MINA,EMAP,32.9,26.8,3.2,https://indomet.gob.do/wp-content/uploads/2026/09/temperaturas-extremas-y-precipitaciones-2026x09x21-a.pdf
2026-09-21,031,ELÍAS PIÑA,ELÍAS PIÑA,MINISTERIO DE AGRICULTURA,EMCV,,,3.0,https://indomet.gob.do/wp-content/uploads/2026/09/temperaturas-extremas-y-precipitaciones-2026x09x21-a.pdf
2026-09-21,032,SABANA DE LA MAR,HATO MAYOR,INDOMET,EMCI,33.4,23.8,2.6,https://indomet.gob.do/wp-content/uploads/2026/09/temperaturas-extremas-y-precipitaciones-2026x09x21-a.pdf
2026-09-21,033,PERALTA,AZUA,HOSP. MPAL. DE PERALTA,EMCI,30.7,18.8,2.2,https://indomet.gob.do/wp-content/uploads/2026/09/temperaturas-extremas-y-precipitaciones-2026x09x21-a.pdf
2026-09-21,034,CONSTANZA (EMA),LA VEGA,PROGRAMA MUNDIAL DE ALIMENTO,EMAP,27.3,17.4,2.0,https://indomet.gob.do/wp-content/uploads/2026/09/temperaturas-extremas-y-precipitaciones-2026x09x21-a.pdf
2026-09-21,035,CONSTANZA,LA VEGA,MINISTERIO DE AGRICULTURA,EMCI,29.0,16.7,2.0,https://indomet.gob.do/wp-content/uploads/2026/09/temperaturas-extremas-y-precipitaciones-2026x09x21-a.pdf
2026-09-21,036,GURABO,SANTIAGO,MINISTERIO DE AGRICULTURA,EMCV,,,1.8,https://indomet.gob.do/wp-content/uploads/2026/09/temperaturas-extremas-y-precipitaciones-2026x09x21-a.pdf
2026-09-21,037,HATO MAYOR,HATO MAYOR,MINISTERIO DE AGRICULTURA,EMCV,,,1.8,https://indomet.gob.do/wp-content/uploads/2026/09/temperaturas-extremas-y-precipitaciones-2026x09x21-a.pdf
2026-09-21,038,VILLA GONZALE (EMA),SANTIAGO,IGLESIA,EMAI,,,1.6,https://indomet.gob.do/wp-content/uploads/2026/09/temperaturas-extremas-y-precipitaciones-2026x09x21-a.pdf
2026-09-21,039,BUCARA (EMA),SANTIAGO,MINISTERIO DE AGRICULTURA,EMAI,,,1.2,https://indomet.gob.do/wp-content/uploads/2026/09/temperaturas-extremas-y-precipitaciones-2026x09x21-a.pdf
2026-09-21,040,SAJOMA (EMA),SANTIAGO,PLAN SIERRA,EMAI,33.0,24.5,1.2,https://indomet.gob.do/wp-content/uploads/2026/09/temperaturas-extremas-y-precipitaciones-2026x09x21-a.pdf
2026-09-21,041,SAMANÁ,SAMANÁ,COMANDANCIA DE PUERTO DE SAMANÁ,EMCI,34.2,17.0,1.2,https://indomet.gob.do/wp-content/uploads/2026/09/temperaturas-extremas-y-precipitaciones-2026x09x21-a.pdf
2026-09-21,042,ARPT. LA ISABELA,SANTO DOMINGO,INDOMET,EMCI,34.0,23.8,1.1,https://indomet.gob.do/wp-content/uploads/2026/09/temperaturas-extremas-y-precipitaciones-2026x09x21-a.pdf
2026-09-21,043,SAN CRISTÓBAL,SAN CRISTÓBAL,INSTITUTO POLITÉCNICO LOYOLA,EMCI,32.0,22.0,1.0,https://indomet.gob.do/wp-content/uploads/2026/09/temperaturas-extremas-y-precipitaciones-2026x09x21-a.pdf
2026-09-21,044,SAN FRANCISCO DE MACORÍS,DUARTE,San Francisco de Macorís (UASD),EMCI,36.3,24.3,0.8,https://indomet.gob.do/wp-content/uploads/2026/09/temperaturas-extremas-y-precipitaciones-2026x09x21-a.pdf
2026-09-21,045,SAN JOSÉ DE OCOA,SAN JOSÉ DE OCOA,HOSP. SAN JOSÉ DE OCOA,EMCI,31.6,21.7,0.6,https://indomet.gob.do/wp-content/uploads/2026/09/temperaturas-extremas-y-precipitaciones-2026x09x21-a.pdf
2026-09-21,046,ARPT. EL CATEY,SAMANÁ,INDOMET,EMCI,31.7,22.3,0.5,https://indomet.gob.do/wp-content/uploads/2026/09/temperaturas-extremas-y-precipitaciones-2026x09x21-a.pdf
2026-09-21,047,JANICO (EMA),LA VEGA,PLAN SIERRA,EMAI,,,0.2,https://indomet.gob.do/wp-content/uploads/2026/09/temperaturas-extremas-y-precipitaciones-2026x09x21-a.pdf
2026-09-21,048,JARABACOA,LA VEGA,INDRHI / MARENA,EMCI,33.2,17.4,0.1,https://indomet.gob.do/wp-content/uploads/2026/09/temperaturas-extremas-y-precipitaciones-2026x09x21-a.pdf
2026-09-21,049,OVIEDO,PEDERNALES,CLÍNICA RURAL OVIEDO,EMCI,32.8,24.5,0.1,https://indomet.gob.do/wp-content/uploads/2026/09/temperaturas-extremas-y-precipitaciones-2026x09x21-a.pdf
2026-09-21,050,POLO,BARAHONA,INDOCAFE,EMCI,30.0,18.2,0.1,https://indomet.gob.do/wp-content/uploads/2026/09/temperaturas-extremas-y-precipitaciones-2026x09x21-a.pdf
2026-09-21,051,CABRAL,BARAHONA,MINISTERIO DE AGRICULTURA,EMCV,34.9,25.1,0.1,https://indomet.gob.do/wp-content/uploads/2026/09/temperaturas-extremas-y-precipitaciones-2026x09x21-a.pdf
2026-09-21,052,SABANA GRANDE DE BOYÁ,MONTE PLATA,MINISTERIO DE AGRICULTURA,EMCV,,,0.1,https://indomet.gob.do/wp-content/uploads/2026/09/temperaturas-extremas-y-precipitaciones-2026x09x21-a.pdf
2026-09-21,053,BASE AÉREA DE SAN ISIDRO,SANTO DOMINGO,FUERZA AÉREA DOMINICANA,EMCV,33.1,24.1,0.0,https://indomet.gob.do/wp-content/uploads/2026/09/temperaturas-extremas-y-precipitaciones-2026x09x21-a.pdf
2026-09-21,054,VILLA VASQUEZ (EMA),MONTE CRISTI,JUNTA DE REGANTES,EMAI,,,0.0,https://indomet.gob.do/wp-content/uploads/2026/09/temperaturas-extremas-y-precipitaciones-2026x09x21-a.pdf
2026-09-21,055,ANAMUYA (EMA),LA ALTAGRACIA,MINISTERIO DE AGRICULTURA,EMAP,35.2,25.4,0.0,https://indomet.gob.do/wp-content/uploads/2026/09/temperaturas-extremas-y-precipitaciones-2026x09x21-a.pdf
2026-09-21,056,BANI (EMA),PERAVIA,MINISTERIO DE AGRICULTURA,EMAP,31.4,25.2,0.0,https://indomet.gob.do/wp-content/uploads/2026/09/temperaturas-extremas-y-precipitaciones-2026x09x21-a.pdf
2026-09-21,057,PALO DE VIENTO (EMA),SAN JUAN,PRIVADA,EMAP,28.8,17.7,0.0,https://indomet.gob.do/wp-content/uploads/2026/09/temperaturas-extremas-y-precipitaciones-2026x09x21-a.pdf
2026-09-21,058,COTUI HOSP.MUNICIPAL (EMA),SÁNCHEZ RAMÍREZ,PROGRAMA MUNDIAL DE ALIMENTO,EMAP,35.6,26.0,0.0,https://indomet.gob.do/wp-content/uploads/2026/09/temperaturas-extremas-y-precipitaciones-2026x09x21-a.pdf
2026-09-21,059,CIUDAD JUAN BOSCH (EMA),SANTO DOMINGO,PRIVADA,EMAP,,,0.0,https://indomet.gob.do/wp-content/uploads/2026/09/temperaturas-extremas-y-precipitaciones-2026x09x21-a.pdf
2026-09-21,060,BOCA DE MAO (EMA),VALVERDE,MINISTERIO DE AGRICULTURA,EMAP,37.2,22.6,0.0,https://indomet.gob.do/wp-content/uploads/2026/09/temperaturas-extremas-y-precipitaciones-2026x09x21-a.pdf
2026-09-21,061,EL FACTOR (EMA),MARÍA TRINIDAD SÁNCHEZ,INTEC,EMAP,34.3,25.2,0.0,https://indomet.gob.do/wp-content/uploads/2026/09/temperaturas-extremas-y-precipitaciones-2026x09x21-a.pdf
2026-09-21,062,LAS CANAS (EMA),MONTE CRISTI,PROGRAMA MUNDIAL DE ALIMENTO,EMAP,32.1,24.6,0.0,https://indomet.gob.do/wp-content/uploads/2026/09/temperaturas-extremas-y-precipitaciones-2026x09x21-a.pdf
2026-09-21,063,LOS TRES CHARCOS (EMA),PEDERNALES,PROPIEDAD DEL VOLUNTARIO,EMAP,34.1,25.1,0.0,https://indomet.gob.do/wp-content/uploads/2026/09/temperaturas-extremas-y-precipitaciones-2026x09x21-a.pdf
2026-09-21,064,MONCIÓN (EMA),SANTIAGO RODRÍGUEZ,PROGRAMA MUNDIAL DE ALIMENTO,EMAP,32.3,22.0,0.0,https://indomet.gob.do/wp-content/uploads/2026/09/temperaturas-extremas-y-precipitaciones-2026x09x21-a.pdf
2026-09-21,065,LOS COCOS (EMA),BAHORUCO,PRIVADA,EMAP,,,0.0,https://indomet.gob.do/wp-content/uploads/2026/09/temperaturas-extremas-y-precipitaciones-2026x09x21-a.pdf
2026-09-21,066,PRESA DE TAVERAS (EMA),LA VEGA,PROGRAMA MUNDIAL DE ALIMENTO,EMAP,33.3,22.6,0.0,https://indomet.gob.do/wp-content/uploads/2026/09/temperaturas-extremas-y-precipitaciones-2026x09x21-a.pdf
2026-09-21,067,SABANETA (EMA),SANTIAGO RODRÍGUEZ,PROGRAMA MUNDIAL DE ALIMENTO,EMAP,36.6,24.1,0.0,https://indomet.gob.do/wp-content/uploads/2026/09/temperaturas-extremas-y-precipitaciones-2026x09x21-a.pdf
2026-09-21,068,ARPT. ARROYO BARRIL,SAMANÁ,INDOMET,EMCI,33.9,24.6,0.0,https://indomet.gob.do/wp-content/uploads/2026/09/temperaturas-extremas-y-precipitaciones-2026x09x21-a.pdf
2026-09-21,069,ARPT. DE LA ROMANA,LA ROMANA,INDOMET,EMCI,34.0,23.1,0.0,https://indomet.gob.do/wp-content/uploads/2026/09/temperaturas-extremas-y-precipitaciones-2026x09x21-a.pdf
2026-09-21,070,ARPT. DE LAS AMÉRICAS,SANTO DOMINGO,INDOMET,EMCI,33.5,24.8,0.0,https://indomet.gob.do/wp-content/uploads/2026/09/temperaturas-extremas-y-precipitaciones-2026x09x21-a.pdf
2026-09-21,071,ARPT. DE PUNTA CANA,LA ALTAGRACIA,INDOMET,EMCI,32.4,25.2,0.0,https://indomet.gob.do/wp-content/uploads/2026/09/temperaturas-extremas-y-precipitaciones-2026x09x21-a.pdf
2026-09-21,072,ARPT. GREGORIO LUPERÓN,PUERTO PLATA,INDOMET,EMCI,34.5,23.4,0.0,https://indomet.gob.do/wp-content/uploads/2026/09/temperaturas-extremas-y-precipitaciones-2026x09x21-a.pdf
2026-09-21,073,ARROYO LORO,SAN JUAN,IDIAF,EMCI,34.2,21.3,0.0,https://indomet.gob.do/wp-content/uploads/2026/09/temperaturas-extremas-y-precipitaciones-2026x09x21-a.pdf
2026-09-21,074,CABRERA,MARÍA TRINIDAD SÁNCHEZ,ESCUELA ARÍSTIDES FIALLO CABRAL,EMCI,35.0,27.0,0.0,https://indomet.gob.do/wp-content/uploads/2026/09/temperaturas-extremas-y-precipitaciones-2026x09x21-a.pdf
2026-09-21,075,DAJABÓN,DAJABÓN,INSTITUTO POLITÉCNICO LOYOLA,EMCI,36.4,21.0,0.0,https://indomet.gob.do/wp-content/uploads/2026/09/temperaturas-extremas-y-precipitaciones-2026x09x21-a.pdf
2026-09-21,076,GASPAR HERNÁNDEZ,ESPAILLAT,PROPIEDAD DEL EMPLEADO,EMCI,,,0.0,https://indomet.gob.do/wp-content/uploads/2026/09/temperaturas-extremas-y-precipitaciones-2026x09x21-a.pdf
2026-09-21,077,JIMANÍ,INDEPENDENCIA,MINISTERIO DE AGRICULTURA,EMCI,36.6,25.0,0.0,https://indomet.gob.do/wp-content/uploads/2026/09/temperaturas-extremas-y-precipitaciones-2026x09x21-a.pdf
2026-09-21,078,LA VEGA,LA VEGA,IATESA,EMCI,35.5,24.0,0.0,https://indomet.gob.do/wp-content/uploads/2026/09/temperaturas-extremas-y-precipitaciones-2026x09x21-a.pdf
2026-09-21,079,LA VICTORIA,SANTO DOMINGO,CUERPO DE BOMBEROS,EMCI,35.0,25.0,0.0,https://indomet.gob.do/wp-content/uploads/2026/09/temperaturas-extremas-y-precipitaciones-2026x09x21-a.pdf
2026-09-21,080,LOS JENGIBRES,NAGUA,INDRHI,EMCI,,,0.0,https://indomet.gob.do/wp-content/uploads/2026/09/temperaturas-extremas-y-precipitaciones-2026x09x21-a.pdf
2026-09-21,081,MONTE CRISTI,MONTE CRISTI,INDOMET,EMCI,34.4,23.9,0.0,https://indomet.gob.do/wp-content/uploads/2026/09/temperaturas-extremas-y-precipitaciones-2026x09x21-a.pdf
2026-09-21,082,OLIVARES,PEDERNALES,INDRHI,EMCI,,,0.0,https://indomet.gob.do/wp-content/uploads/2026/09/temperaturas-extremas-y-precipitaciones-2026x09x21-a.pdf
2026-09-21,083,PADRE LAS CASAS,AZUA,HOSP. NTRA. SRA. DEL CARMEN,EMCI,33.0,20.0,0.0,https://indomet.gob.do/wp-content/uploads/2026/09/temperaturas-extremas-y-precipitaciones-2026x09x21-a.pdf
2026-09-21,084,PEDERNALES,PEDERNALES,INDRHI,EMCI,,,0.0,https://indomet.gob.do/wp-content/uploads/2026/09/temperaturas-extremas-y-precipitaciones-2026x09x21-a.pdf
2026-09-21,085,RANCHO ARRIBA,SAN JOSÉ DE OCOA,CENTRO TECNOLÓGICO COMUNITARIO,EMCI,30.0,19.3,0.0,https://indomet.gob.do/wp-content/uploads/2026/09/temperaturas-extremas-y-precipitaciones-2026x09x21-a.pdf
2026-09-21,086,RESTAURACIÓN,DAJABÓN,MINISTERIO DE AGRICULTURA,EMCI,30.8,18.9,0.0,https://indomet.gob.do/wp-content/uploads/2026/09/temperaturas-extremas-y-precipitaciones-2026x09x21-a.pdf
2026-09-21,087,SAN RAFAEL DEL YUMA,LA ALTAGRACIA,MINISTERIO DE AGRICULTURA,EMCI,35.4,25.2,0.0,https://indomet.gob.do/wp-content/uploads/2026/09/temperaturas-extremas-y-precipitaciones-2026x09x21-a.pdf
2026-09-21,088,SÁNCHEZ,SAMANÁ,MINISTERIO DE AGRICULTURA,EMCI,33.4,22.7,0.0,https://indomet.gob.do/wp-content/uploads/2026/09/temperaturas-extremas-y-precipitaciones-2026x09x21-a.pdf
2026-09-21,089,SANTIAGO (CENTRO),SANTIAGO,HUACALITO,EMCI,,,0.0,https://indomet.gob.do/wp-content/uploads/2026/09/temperaturas-extremas-y-precipitaciones-2026x09x21-a.pdf
2026-09-21,090,SANTIAGO RODRÍGUEZ,SANTIAGO RODRÍGUEZ,INDOMET,EMCI,36.0,25.0,0.0,https://indomet.gob.do/wp-content/uploads/2026/09/temperaturas-extremas-y-precipitaciones-2026x09x21-a.pdf
2026-09-21,091,TÁBARA ABAJO,AZUA,INDRHI,EMCI,33.5,24.0,0.0,https://indomet.gob.do/wp-content/uploads/2026/09/temperaturas-extremas-y-precipitaciones-2026x09x21-a.pdf
2026-09-21,092,TAVERA,SANTIAGO,INDRHI,EMCI,,,0.0,https://indomet.gob.do/wp-content/uploads/2026/09/temperaturas-extremas-y-precipitaciones-2026x09x21-a.pdf
2026-09-21,093,VILLA GONZALES,SANTIAGO,MINISTERIO DE AGRICULTURA,EMCI,,,0.0,https://indomet.gob.do/wp-content/uploads/2026/09/temperaturas-extremas-y-precipitaciones-2026x09x21-a.pdf
2026-09-21,094,BOHECHÍO,SAN JUAN,MINISTERIO DE AGRICULTURA,EMCV,,,0.0,https://indomet.gob.do/wp-content/uploads/2026/09/temperaturas-extremas-y-precipitaciones-2026x09x21-a.pdf
2026-09-21,095,BONAO,MONSEÑOR NOUEL,MINISTERIO DE AGRICULTURA,EMCV,,,0.0,https://indomet.gob.do/wp-content/uploads/2026/09/temperaturas-extremas-y-precipitaciones-2026x09x21-a.pdf
2026-09-21,096,EL CERCADO,SAN JUAN,MINISTERIO DE AGRICULTURA,EMCV,,,0.0,https://indomet.gob.do/wp-content/uploads/2026/09/temperaturas-extremas-y-precipitaciones-2026x09x21-a.pdf
2026-09-21,097,JUMA BEJUCAL,MONSEÑOR NOUEL,IDIAF,EMCV,32.2,22.8,0.0,https://indomet.gob.do/wp-content/uploads/2026/09/temperaturas-extremas-y-precipitaciones-2026x09x21-a.pdf
2026-09-21,098,MAO,VALVERDE,INDRHI / MINISTERIO DE AGRICULTURA,EMCV,,,0.0,https://indomet.gob.do/wp-content/uploads/2026/09/temperaturas-extremas-y-precipitaciones-2026x09x21-a.pdf
2026-09-21,099,NAVARRETE,SANTIAGO,MINISTERIO DE AGRICULTURA,EMCV,,,0.0,https://indomet.gob.do/wp-content/uploads/2026/09/temperaturas-extremas-y-precipitaciones-2026x09x21-a.pdf
2026-09-21,100,RÍO SAN JUAN,MARÍA TRINIDAD SÁNCHEZ,HOSP. MPAL. DR. DESIDERIO ACOSTA,EMCV,36.3,26.0,0.0,https://indomet.gob.do/wp-content/uploads/2026/09/temperaturas-extremas-y-precipitaciones-2026x09x21-a.pdf
2026-09-21,101,VILLA ISABELA,PUERTO PLATA,MINISTERIO DE AGRICULTURA,EMCV,33.0,22.5,0.0,https://indomet.gob.do/wp-content/uploads/2026/09/temperaturas-extremas-y-precipitaciones-2026x09x21-a.pdf
2026-09-22,001,CABRAL,BARAHONA,MINISTERIO DE AGRICULTURA,EMCV,34.9,24.7,50.4,https://indomet.gob.do/wp-content/uploads/2026/09/temperaturas-extremas-y-precipitaciones-2026x09x22-a.pdf
2026-09-22,002,SABANETA (EMA),SANTIAGO RODRÍGUEZ,PROGRAMA MUNDIAL DE ALIMENTO,EMAP,37.1,21.9,36.6,https://indomet.gob.do/wp-content/uploads/2026/09/temperaturas-extremas-y-precipitaciones-2026x09x22-a.pdf
2026-09-22,003,SANTIAGO RODRÍGUEZ,SANTIAGO RODRÍGUEZ,INDOMET,EMCI,37.0,25.0,34.5,https://indomet.gob.do/wp-content/uploads/2026/09/temperaturas-extremas-y-precipitaciones-2026x09x22-a.pdf
2026-09-22,004,PALO DE VIENTO (EMA),SAN JUAN,PRIVADA,EMAP,29.3,15.8,33.2,https://indomet.gob.do/wp-content/uploads/2026/09/temperaturas-extremas-y-precipitaciones-2026x09x22-a.pdf
2026-09-22,005,RESTAURACIÓN,DAJABÓN,MINISTERIO DE AGRICULTURA,EMCI,31.5,18.4,30.0,https://indomet.gob.do/wp-content/uploads/2026/09/temperaturas-extremas-y-precipitaciones-2026x09x22-a.pdf
2026-09-22,006,EL CERCADO,SAN JUAN,MINISTERIO DE AGRICULTURA,EMCV,,,29.4,https://indomet.gob.do/wp-content/uploads/2026/09/temperaturas-extremas-y-precipitaciones-2026x09x22-a.pdf
2026-09-22,007,ANAMUYA (EMA),LA ALTAGRACIA,MINISTERIO DE AGRICULTURA,EMAP,33.6,23.9,26.0,https://indomet.gob.do/wp-content/uploads/2026/09/temperaturas-extremas-y-precipitaciones-2026x09x22-a.pdf
2026-09-22,008,RANCHO ARRIBA,SAN JOSÉ DE OCOA,CENTRO TECNOLÓGICO COMUNITARIO,EMCI,31.4,19.5,23.6,https://indomet.gob.do/wp-content/uploads/2026/09/temperaturas-extremas-y-precipitaciones-2026x09x22-a.pdf
2026-09-22,009,BAYAGUANA,MONTE PLATA,INDOMET,EMCI,33.5,23.8,18.6,https://indomet.gob.do/wp-content/uploads/2026/09/temperaturas-extremas-y-precipitaciones-2026x09x22-a.pdf
2026-09-22,010,VILLA ALTAGRACIA,SAN CRISTÓBAL,ESCUELA JAVIER ANGULO GURIDI,EMCI,,,14.8,https://indomet.gob.do/wp-content/uploads/2026/09/temperaturas-extremas-y-precipitaciones-2026x09x22-a.pdf
2026-09-22,011,POLO,BARAHONA,INDOCAFE,EMCI,29.9,20.0,14.5,https://indomet.gob.do/wp-content/uploads/2026/09/temperaturas-extremas-y-precipitaciones-2026x09x22-a.pdf
2026-09-22,012,ENRIQUILLO,BARAHONA,MINISTERIO DE AGRICULTURA,EMCV,32.5,22.3,13.8,https://indomet.gob.do/wp-content/uploads/2026/09/temperaturas-extremas-y-precipitaciones-2026x09x22-a.pdf
2026-09-22,013,PEDERNALES,PEDERNALES,INDRHI,EMCI,,,13.6,https://indomet.gob.do/wp-content/uploads/2026/09/temperaturas-extremas-y-precipitaciones-2026x09x22-a.pdf
2026-09-22,014,ELÍAS PIÑA,ELÍAS PIÑA,MINISTERIO DE AGRICULTURA,EMCV,,,12.1,https://indomet.gob.do/wp-content/uploads/2026/09/temperaturas-extremas-y-precipitaciones-2026x09x22-a.pdf
2026-09-22,015,HONDO VALLE,ELÍAS PIÑA,MINISTERIO DE AGRICULTURA,EMCI,27.7,17.9,9.5,https://indomet.gob.do/wp-content/uploads/2026/09/temperaturas-extremas-y-precipitaciones-2026x09x22-a.pdf
2026-09-22,016,HATO MAYOR,HATO MAYOR,MINISTERIO DE AGRICULTURA,EMCV,,,9.4,https://indomet.gob.do/wp-content/uploads/2026/09/temperaturas-extremas-y-precipitaciones-2026x09x22-a.pdf
2026-09-22,017,DAJABÓN,DAJABÓN,INSTITUTO POLITÉCNICO LOYOLA,EMCI,36.2,20.0,6.8,https://indomet.gob.do/wp-content/uploads/2026/09/temperaturas-extremas-y-precipitaciones-2026x09x22-a.pdf
2026-09-22,018,EL SEIBO,EL SEIBO,MINISTERIO DE AGRICULTURA,EMCV,,,6.4,https://indomet.gob.do/wp-content/uploads/2026/09/temperaturas-extremas-y-precipitaciones-2026x09x22-a.pdf
2026-09-22,019,ARROYO LORO,SAN JUAN,IDIAF,EMCI,35.0,21.2,6.1,https://indomet.gob.do/wp-content/uploads/2026/09/temperaturas-extremas-y-precipitaciones-2026x09x22-a.pdf
2026-09-22,020,ALTO BANDERA (EMA),LA VEGA,INTEC,EMAP,18.6,9.6,4.8,https://indomet.gob.do/wp-content/uploads/2026/09/temperaturas-extremas-y-precipitaciones-2026x09x22-a.pdf
2026-09-22,021,SAN JOSÉ DE OCOA,SAN JOSÉ DE OCOA,HOSP. SAN JOSÉ DE OCOA,EMCI,32.4,22.1,4.8,https://indomet.gob.do/wp-content/uploads/2026/09/temperaturas-extremas-y-precipitaciones-2026x09x22-a.pdf
2026-09-22,022,TÁBARA ABAJO,AZUA,INDRHI,EMCI,34.5,23.0,4.8,https://indomet.gob.do/wp-content/uploads/2026/09/temperaturas-extremas-y-precipitaciones-2026x09x22-a.pdf
2026-09-22,023,BOHECHÍO,SAN JUAN,MINISTERIO DE AGRICULTURA,EMCV,,,4.2,https://indomet.gob.do/wp-content/uploads/2026/09/temperaturas-extremas-y-precipitaciones-2026x09x22-a.pdf
2026-09-22,024,PROLONGACION 27 DE FEBRERO,DISTRITO NACIONAL,PRIVADA,EMAP,,,4.1,https://indomet.gob.do/wp-content/uploads/2026/09/temperaturas-extremas-y-precipitaciones-2026x09x22-a.pdf
2026-09-22,025,BUCARA (EMA),SANTIAGO,MINISTERIO DE AGRICULTURA,EMAI,,,3.8,https://indomet.gob.do/wp-content/uploads/2026/09/temperaturas-extremas-y-precipitaciones-2026x09x22-a.pdf
2026-09-22,026,BELLA VISTA (EMA),DISTRITO NACIONAL,PRIVADA,EMAP,,,3.6,https://indomet.gob.do/wp-content/uploads/2026/09/temperaturas-extremas-y-precipitaciones-2026x09x22-a.pdf
2026-09-22,027,LOS COCOS (EMA),BAHORUCO,PRIVADA,EMAP,,,3.3,https://indomet.gob.do/wp-content/uploads/2026/09/temperaturas-extremas-y-precipitaciones-2026x09x22-a.pdf
2026-09-22,028,SANTO DOMINGO ESTE,SANTO DOMINGO,INDOMET,EMCI,33.5,25.4,2.6,https://indomet.gob.do/wp-content/uploads/2026/09/temperaturas-extremas-y-precipitaciones-2026x09x22-a.pdf
2026-09-22,029,SAN CRISTÓBAL,SAN CRISTÓBAL,INSTITUTO POLITÉCNICO LOYOLA,EMCI,32.0,22.0,2.3,https://indomet.gob.do/wp-content/uploads/2026/09/temperaturas-extremas-y-precipitaciones-2026x09x22-a.pdf
2026-09-22,030,LOS CACICAZGOS (EMA),DISTRITO NACIONAL,PRIVADA,EMAP,,,1.8,https://indomet.gob.do/wp-content/uploads/2026/09/temperaturas-extremas-y-precipitaciones-2026x09x22-a.pdf
2026-09-22,031,ARPT. LA ISABELA,SANTO DOMINGO,INDOMET,EMCI,33.0,22.6,1.5,https://indomet.gob.do/wp-content/uploads/2026/09/temperaturas-extremas-y-precipitaciones-2026x09x22-a.pdf
2026-09-22,032,SAN RAFAEL DEL YUMA,LA ALTAGRACIA,MINISTERIO DE AGRICULTURA,EMCI,33.5,23.9,1.5,https://indomet.gob.do/wp-content/uploads/2026/09/temperaturas-extremas-y-precipitaciones-2026x09x22-a.pdf
2026-09-22,033,JARDÍN BOTÁNICO SANTIAGO (EMSANTIAGO,,JARDIN BOTANICO SANTIAGO,EMAI,36.7,27.5,1.4,https://indomet.gob.do/wp-content/uploads/2026/09/temperaturas-extremas-y-precipitaciones-2026x09x22-a.pdf
2026-09-22,034,LOS LLANOS,SAN PEDRO DE MACORÍS,MINISTERIO DE AGRICULTURA,EMCI,33.5,23.0,1.4,https://indomet.gob.do/wp-content/uploads/2026/09/temperaturas-extremas-y-precipitaciones-2026x09x22-a.pdf
2026-09-22,035,VILLA GONZALE (EMA),SANTIAGO,IGLESIA,EMAI,,,1.2,https://indomet.gob.do/wp-content/uploads/2026/09/temperaturas-extremas-y-precipitaciones-2026x09x22-a.pdf
2026-09-22,036,ARPT. MARÍA MONTEZ,BARAHONA,INDOMET,EMCI,33.4,25.0,1.0,https://indomet.gob.do/wp-content/uploads/2026/09/temperaturas-extremas-y-precipitaciones-2026x09x22-a.pdf
2026-09-22,037,JARDÍN BOTÁNICO NACIONAL,DISTRITO NACIONAL,JARDÍN BOTÁNICO NACIONAL,EMCV,31.2,21.7,0.6,https://indomet.gob.do/wp-content/uploads/2026/09/temperaturas-extremas-y-precipitaciones-2026x09x22-a.pdf
2026-09-22,038,PARQUE MIRADOR SUR,DISTRITO NACIONAL,AYUNTAMIENTO,EMCV,34.5,24.4,0.5,https://indomet.gob.do/wp-content/uploads/2026/09/temperaturas-extremas-y-precipitaciones-2026x09x22-a.pdf
2026-09-22,039,VILLA GONZALES,SANTIAGO,MINISTERIO DE AGRICULTURA,EMCI,,,0.5,https://indomet.gob.do/wp-content/uploads/2026/09/temperaturas-extremas-y-precipitaciones-2026x09x22-a.pdf
2026-09-22,040,EL MILLON (EMA),DISTRITO NACIONAL,PRIVADA,EMAP,,,0.5,https://indomet.gob.do/wp-content/uploads/2026/09/temperaturas-extremas-y-precipitaciones-2026x09x22-a.pdf
2026-09-22,041,LA AGUSTINA (EMA),DISTRITO NACIONAL,PRIVADA,EMAP,,,0.2,https://indomet.gob.do/wp-content/uploads/2026/09/temperaturas-extremas-y-precipitaciones-2026x09x22-a.pdf
2026-09-22,042,ALTAMIRA,PUERTO PLATA,HOSP. MPAL. DE ALTAMIRA,EMCI,34.3,22.0,0.1,https://indomet.gob.do/wp-content/uploads/2026/09/temperaturas-extremas-y-precipitaciones-2026x09x22-a.pdf
2026-09-22,043,ARPT. DE LA ROMANA,LA ROMANA,INDOMET,EMCI,34.0,23.0,0.1,https://indomet.gob.do/wp-content/uploads/2026/09/temperaturas-extremas-y-precipitaciones-2026x09x22-a.pdf
2026-09-22,044,MONTE CRISTI,MONTE CRISTI,INDOMET,EMCI,34.3,22.0,0.1,https://indomet.gob.do/wp-content/uploads/2026/09/temperaturas-extremas-y-precipitaciones-2026x09x22-a.pdf
2026-09-22,045,NEIBA,BAHORUCO,MINISTERIO DE AGRICULTURA,EMCV,34.0,23.0,0.1,https://indomet.gob.do/wp-content/uploads/2026/09/temperaturas-extremas-y-precipitaciones-2026x09x22-a.pdf
2026-09-22,046,PERALTA,AZUA,HOSP. MPAL. DE PERALTA,EMCI,31.0,19.2,0.1,https://indomet.gob.do/wp-content/uploads/2026/09/temperaturas-extremas-y-precipitaciones-2026x09x22-a.pdf
2026-09-22,047,SABANA GRANDE DE BOYÁ,MONTE PLATA,MINISTERIO DE AGRICULTURA,EMCV,,,0.1,https://indomet.gob.do/wp-content/uploads/2026/09/temperaturas-extremas-y-precipitaciones-2026x09x22-a.pdf
2026-09-22,048,ARPT. ARROYO BARRIL,SAMANÁ,INDOMET,EMCI,35.5,24.0,0.0,https://indomet.gob.do/wp-content/uploads/2026/09/temperaturas-extremas-y-precipitaciones-2026x09x22-a.pdf
2026-09-22,049,ARPT. DE LAS AMÉRICAS,SANTO DOMINGO,INDOMET,EMCI,32.5,25.0,0.0,https://indomet.gob.do/wp-content/uploads/2026/09/temperaturas-extremas-y-precipitaciones-2026x09x22-a.pdf
2026-09-22,050,ARPT. DE PUNTA CANA,LA ALTAGRACIA,INDOMET,EMCI,32.8,25.8,0.0,https://indomet.gob.do/wp-content/uploads/2026/09/temperaturas-extremas-y-precipitaciones-2026x09x22-a.pdf
2026-09-22,051,ARPT. DEL CIBAO,SANTIAGO,INDOMET,EMCI,36.1,24.5,0.0,https://indomet.gob.do/wp-content/uploads/2026/09/temperaturas-extremas-y-precipitaciones-2026x09x22-a.pdf
2026-09-22,052,ARPT. EL CATEY,SAMANÁ,INDOMET,EMCI,33.0,23.0,0.0,https://indomet.gob.do/wp-content/uploads/2026/09/temperaturas-extremas-y-precipitaciones-2026x09x22-a.pdf
2026-09-22,053,ARPT. GREGORIO LUPERÓN,PUERTO PLATA,INDOMET,EMCI,33.0,23.8,0.0,https://indomet.gob.do/wp-content/uploads/2026/09/temperaturas-extremas-y-precipitaciones-2026x09x22-a.pdf
2026-09-22,054,BANI (EMA),PERAVIA,MINISTERIO DE AGRICULTURA,EMAP,32.2,,0.0,https://indomet.gob.do/wp-content/uploads/2026/09/temperaturas-extremas-y-precipitaciones-2026x09x22-a.pdf
2026-09-22,055,BASE AÉREA DE SAN ISIDRO,SANTO DOMINGO,FUERZA AÉREA DOMINICANA,EMCV,32.0,26.0,0.0,https://indomet.gob.do/wp-content/uploads/2026/09/temperaturas-extremas-y-precipitaciones-2026x09x22-a.pdf
2026-09-22,056,BOCA DE MAO (EMA),VALVERDE,MINISTERIO DE AGRICULTURA,EMAP,37.7,23.3,0.0,https://indomet.gob.do/wp-content/uploads/2026/09/temperaturas-extremas-y-precipitaciones-2026x09x22-a.pdf
2026-09-22,057,CABRERA,MARÍA TRINIDAD SÁNCHEZ,ESCUELA ARÍSTIDES FIALLO CABRAL,EMCI,35.0,27.0,0.0,https://indomet.gob.do/wp-content/uploads/2026/09/temperaturas-extremas-y-precipitaciones-2026x09x22-a.pdf
2026-09-22,058,CONSTANZA,LA VEGA,MINISTERIO DE AGRICULTURA,EMCI,29.0,17.2,0.0,https://indomet.gob.do/wp-content/uploads/2026/09/temperaturas-extremas-y-precipitaciones-2026x09x22-a.pdf
2026-09-22,059,CONSTANZA (EMA),LA VEGA,PROGRAMA MUNDIAL DE ALIMENTO,EMAP,27.8,17.2,0.0,https://indomet.gob.do/wp-content/uploads/2026/09/temperaturas-extremas-y-precipitaciones-2026x09x22-a.pdf
2026-09-22,060,COTUI HOSP.MUNICIPAL (EMA),SÁNCHEZ RAMÍREZ,PROGRAMA MUNDIAL DE ALIMENTO,EMAP,35.8,23.9,0.0,https://indomet.gob.do/wp-content/uploads/2026/09/temperaturas-extremas-y-precipitaciones-2026x09x22-a.pdf
2026-09-22,061,EL FACTOR (EMA),MARÍA TRINIDAD SÁNCHEZ,INTEC,EMAP,34.6,23.9,0.0,https://indomet.gob.do/wp-content/uploads/2026/09/temperaturas-extremas-y-precipitaciones-2026x09x22-a.pdf
2026-09-22,062,ENSANCHE LA FE (EMA),DISTRITO NACIONAL,PRIVADA,EMAP,,,0.0,https://indomet.gob.do/wp-content/uploads/2026/09/temperaturas-extremas-y-precipitaciones-2026x09x22-a.pdf
2026-09-22,063,GASPAR HERNÁNDEZ,ESPAILLAT,PROPIEDAD DEL EMPLEADO,EMCI,,,0.0,https://indomet.gob.do/wp-content/uploads/2026/09/temperaturas-extremas-y-precipitaciones-2026x09x22-a.pdf
2026-09-22,064,GURABO,SANTIAGO,MINISTERIO DE AGRICULTURA,EMCV,,,0.0,https://indomet.gob.do/wp-content/uploads/2026/09/temperaturas-extremas-y-precipitaciones-2026x09x22-a.pdf
2026-09-22,065,JARABACOA,LA VEGA,INDRHI / MARENA,EMCI,35.0,19.6,0.0,https://indomet.gob.do/wp-content/uploads/2026/09/temperaturas-extremas-y-precipitaciones-2026x09x22-a.pdf
2026-09-22,066,JIMANÍ,INDEPENDENCIA,MINISTERIO DE AGRICULTURA,EMCI,37.5,26.5,0.0,https://indomet.gob.do/wp-content/uploads/2026/09/temperaturas-extremas-y-precipitaciones-2026x09x22-a.pdf
2026-09-22,067,JUMA BEJUCAL,MONSEÑOR NOUEL,IDIAF,EMCV,35.0,23.8,0.0,https://indomet.gob.do/wp-content/uploads/2026/09/temperaturas-extremas-y-precipitaciones-2026x09x22-a.pdf
2026-09-22,068,LA VEGA,LA VEGA,IATESA,EMCI,36.5,24.3,0.0,https://indomet.gob.do/wp-content/uploads/2026/09/temperaturas-extremas-y-precipitaciones-2026x09x22-a.pdf
2026-09-22,069,LA VICTORIA,SANTO DOMINGO,CUERPO DE BOMBEROS,EMCI,33.1,23.8,0.0,https://indomet.gob.do/wp-content/uploads/2026/09/temperaturas-extremas-y-precipitaciones-2026x09x22-a.pdf
2026-09-22,070,LAS CANAS (EMA),MONTE CRISTI,PROGRAMA MUNDIAL DE ALIMENTO,EMAP,33.4,24.6,0.0,https://indomet.gob.do/wp-content/uploads/2026/09/temperaturas-extremas-y-precipitaciones-2026x09x22-a.pdf
2026-09-22,071,MAO,VALVERDE,INDRHI / MINISTERIO DE AGRICULTURA,EMCV,,,0.0,https://indomet.gob.do/wp-content/uploads/2026/09/temperaturas-extremas-y-precipitaciones-2026x09x22-a.pdf
2026-09-22,072,MICHES (EMA),EL SEIBO,PRIVADA,EMAP,32.5,22.9,0.0,https://indomet.gob.do/wp-content/uploads/2026/09/temperaturas-extremas-y-precipitaciones-2026x09x22-a.pdf
2026-09-22,073,MONCIÓN (EMA),SANTIAGO RODRÍGUEZ,PROGRAMA MUNDIAL DE ALIMENTO,EMAP,34.3,20.6,0.0,https://indomet.gob.do/wp-content/uploads/2026/09/temperaturas-extremas-y-precipitaciones-2026x09x22-a.pdf
2026-09-22,074,NAVARRETE,SANTIAGO,MINISTERIO DE AGRICULTURA,EMCV,,,0.0,https://indomet.gob.do/wp-content/uploads/2026/09/temperaturas-extremas-y-precipitaciones-2026x09x22-a.pdf
2026-09-22,075,OLIVARES,PEDERNALES,INDRHI,EMCI,32.8,25.8,0.0,https://indomet.gob.do/wp-content/uploads/2026/09/temperaturas-extremas-y-precipitaciones-2026x09x22-a.pdf
2026-09-22,076,OVIEDO,PEDERNALES,CLÍNICA RURAL OVIEDO,EMCI,36.1,24.5,0.0,https://indomet.gob.do/wp-content/uploads/2026/09/temperaturas-extremas-y-precipitaciones-2026x09x22-a.pdf
2026-09-22,077,PADRE LAS CASAS,AZUA,HOSP. NTRA. SRA. DEL CARMEN,EMCI,33.0,23.0,0.0,https://indomet.gob.do/wp-content/uploads/2026/09/temperaturas-extremas-y-precipitaciones-2026x09x22-a.pdf
2026-09-22,078,PALMAR ABAJO (EMA),SANTIAGO,MINISTERIO DE AGRICULTURA,EMAP,36.7,25.6,0.0,https://indomet.gob.do/wp-content/uploads/2026/09/temperaturas-extremas-y-precipitaciones-2026x09x22-a.pdf
2026-09-22,079,PALO ÍNDIO,PUERTO PLATA,MINISTERIO DE AGRICULTURA,EMCI,,,0.0,https://indomet.gob.do/wp-content/uploads/2026/09/temperaturas-extremas-y-precipitaciones-2026x09x22-a.pdf
2026-09-22,080,PRESA DE TAVERAS (EMA),LA VEGA,PROGRAMA MUNDIAL DE ALIMENTO,EMAP,34.9,22.5,0.0,https://indomet.gob.do/wp-content/uploads/2026/09/temperaturas-extremas-y-precipitaciones-2026x09x22-a.pdf
2026-09-22,081,RÍO SAN JUAN,MARÍA TRINIDAD SÁNCHEZ,HOSP. MPAL. DR. DESIDERIO ACOSTA,EMCV,36.6,25.5,0.0,https://indomet.gob.do/wp-content/uploads/2026/09/temperaturas-extremas-y-precipitaciones-2026x09x22-a.pdf
2026-09-22,082,SABANA DE LA MAR,HATO MAYOR,INDOMET,EMCI,33.0,23.8,0.0,https://indomet.gob.do/wp-content/uploads/2026/09/temperaturas-extremas-y-precipitaciones-2026x09x22-a.pdf
2026-09-22,083,SAJOMA (EMA),SANTIAGO,PLAN SIERRA,EMAI,35.2,27.3,0.0,https://indomet.gob.do/wp-content/uploads/2026/09/temperaturas-extremas-y-precipitaciones-2026x09x22-a.pdf
2026-09-22,084,SALCEDO,HERMANAS MIRABAL,PROPIEDAD DEL EMPLEADO,EMCI,,,0.0,https://indomet.gob.do/wp-content/uploads/2026/09/temperaturas-extremas-y-precipitaciones-2026x09x22-a.pdf
2026-09-22,085,SAMANÁ,SAMANÁ,COMANDANCIA DE PUERTO DE SAMANÁ,EMCI,34.4,17.0,0.0,https://indomet.gob.do/wp-content/uploads/2026/09/temperaturas-extremas-y-precipitaciones-2026x09x22-a.pdf
2026-09-22,086,SAN FRANCISCO DE MACORÍS,DUARTE,San Francisco de Macorís (UASD),EMCI,34.7,25.3,0.0,https://indomet.gob.do/wp-content/uploads/2026/09/temperaturas-extremas-y-precipitaciones-2026x09x22-a.pdf
2026-09-22,087,SÁNCHEZ,SAMANÁ,MINISTERIO DE AGRICULTURA,EMCI,33.5,22.3,0.0,https://indomet.gob.do/wp-content/uploads/2026/09/temperaturas-extremas-y-precipitaciones-2026x09x22-a.pdf
2026-09-22,088,SANTIAGO (CENTRO),SANTIAGO,HUACALITO,EMCI,,,0.0,https://indomet.gob.do/wp-content/uploads/2026/09/temperaturas-extremas-y-precipitaciones-2026x09x22-a.pdf
2026-09-22,089,VALLE NUEVO (EMA),LA VEGA,MARENA,EMAI,21.9,8.8,0.0,https://indomet.gob.do/wp-content/uploads/2026/09/temperaturas-extremas-y-precipitaciones-2026x09x22-a.pdf
2026-09-22,090,VILLA ISABELA,PUERTO PLATA,MINISTERIO DE AGRICULTURA,EMCV,35.0,22.0,0.0,https://indomet.gob.do/wp-content/uploads/2026/09/temperaturas-extremas-y-precipitaciones-2026x09x22-a.pdf
2026-09-22,091,VILLA RIVA,DUARTE,HOSP. MPAL. ALICIA DE LEGENDRE,EMCI,33.5,23.0,0.0,https://indomet.gob.do/wp-content/uploads/2026/09/temperaturas-extremas-y-precipitaciones-2026x09x22-a.pdf
2026-09-22,092,VILLA VASQUEZ (EMA),MONTE CRISTI,JUNTA DE REGANTES,EMAI,,,0.0,https://indomet.gob.do/wp-content/uploads/2026/09/temperaturas-extremas-y-precipitaciones-2026x09x22-a.pdf
2026-09-23,001,ARROYO LORO,SAN JUAN,IDIAF,EMCI,34.7,20.6,71.7,https://indomet.gob.do/wp-content/uploads/2026/09/temperaturas-extremas-y-precipitaciones-2026x09x23-a.pdf
2026-09-23,002,EL LUCERO (EMA),SAN JUAN,PRIVADA,EMAP,,,56.3,https://indomet.gob.do/wp-content/uploads/2026/09/temperaturas-extremas-y-precipitaciones-2026x09x23-a.pdf
2026-09-23,003,LOS COCOS (EMA),BAHORUCO,PRIVADA,EMAP,,,40.0,https://indomet.gob.do/wp-content/uploads/2026/09/temperaturas-extremas-y-precipitaciones-2026x09x23-a.pdf
2026-09-23,004,MAO,VALVERDE,INDRHI / MINISTERIO DE AGRICULTURA,EMCV,,,36.4,https://indomet.gob.do/wp-content/uploads/2026/09/temperaturas-extremas-y-precipitaciones-2026x09x23-a.pdf
2026-09-23,005,SABANETA (EMA),SANTIAGO RODRÍGUEZ,PROGRAMA MUNDIAL DE ALIMENTO,EMAP,36.5,21.6,33.8,https://indomet.gob.do/wp-content/uploads/2026/09/temperaturas-extremas-y-precipitaciones-2026x09x23-a.pdf
2026-09-23,006,PALO DE VIENTO (EMA),SAN JUAN,PRIVADA,EMAP,28.6,15.8,33.6,https://indomet.gob.do/wp-content/uploads/2026/09/temperaturas-extremas-y-precipitaciones-2026x09x23-a.pdf
2026-09-23,007,SANTIAGO RODRÍGUEZ,SANTIAGO RODRÍGUEZ,INDOMET,EMCI,36.0,25.2,33.1,https://indomet.gob.do/wp-content/uploads/2026/09/temperaturas-extremas-y-precipitaciones-2026x09x23-a.pdf
2026-09-23,008,GUAYUBIN-PRESA (EMA),MONTE CRISTI,UCAR,EMAP,,,29.2,https://indomet.gob.do/wp-content/uploads/2026/09/temperaturas-extremas-y-precipitaciones-2026x09x23-a.pdf
2026-09-23,009,BOCA DE MAO (EMA),VALVERDE,MINISTERIO DE AGRICULTURA,EMAP,,,27.8,https://indomet.gob.do/wp-content/uploads/2026/09/temperaturas-extremas-y-precipitaciones-2026x09x23-a.pdf
2026-09-23,010,HATO MAYOR,HATO MAYOR,MINISTERIO DE AGRICULTURA,EMCV,,,24.9,https://indomet.gob.do/wp-content/uploads/2026/09/temperaturas-extremas-y-precipitaciones-2026x09x23-a.pdf
2026-09-23,011,PERALTA,AZUA,HOSP. MPAL. DE PERALTA,EMCI,31.8,19.0,21.2,https://indomet.gob.do/wp-content/uploads/2026/09/temperaturas-extremas-y-precipitaciones-2026x09x23-a.pdf
2026-09-23,012,SAJOMA (EMA),SANTIAGO,PLAN SIERRA,EMAI,35.2,24.6,18.4,https://indomet.gob.do/wp-content/uploads/2026/09/temperaturas-extremas-y-precipitaciones-2026x09x23-a.pdf
2026-09-23,013,BONAO,MONSEÑOR NOUEL,MINISTERIO DE AGRICULTURA,EMCV,,,18.0,https://indomet.gob.do/wp-content/uploads/2026/09/temperaturas-extremas-y-precipitaciones-2026x09x23-a.pdf
2026-09-23,014,JIMANÍ,INDEPENDENCIA,MINISTERIO DE AGRICULTURA,EMCI,37.2,24.6,17.2,https://indomet.gob.do/wp-content/uploads/2026/09/temperaturas-extremas-y-precipitaciones-2026x09x23-a.pdf
2026-09-23,015,SAN JOSÉ DE OCOA,SAN JOSÉ DE OCOA,HOSP. SAN JOSÉ DE OCOA,EMCI,32.5,21.5,13.0,https://indomet.gob.do/wp-content/uploads/2026/09/temperaturas-extremas-y-precipitaciones-2026x09x23-a.pdf
2026-09-23,016,CAPOTILLO,EL SEIBO,PRIVADA,EMAP,,,9.6,https://indomet.gob.do/wp-content/uploads/2026/09/temperaturas-extremas-y-precipitaciones-2026x09x23-a.pdf
2026-09-23,017,JANICO (EMA),LA VEGA,PLAN SIERRA,EMAI,,,7.2,https://indomet.gob.do/wp-content/uploads/2026/09/temperaturas-extremas-y-precipitaciones-2026x09x23-a.pdf
2026-09-23,018,LA YAGUITA (EMA),MONTE CRISTI,PROPIEDAD DEL VOLUNTARIO,EMAP,,,5.6,https://indomet.gob.do/wp-content/uploads/2026/09/temperaturas-extremas-y-precipitaciones-2026x09x23-a.pdf
2026-09-23,019,CABRAL,BARAHONA,MINISTERIO DE AGRICULTURA,EMCV,34.2,24.0,5.2,https://indomet.gob.do/wp-content/uploads/2026/09/temperaturas-extremas-y-precipitaciones-2026x09x23-a.pdf
2026-09-23,020,NAVARRETE,SANTIAGO,MINISTERIO DE AGRICULTURA,EMCV,,,4.3,https://indomet.gob.do/wp-content/uploads/2026/09/temperaturas-extremas-y-precipitaciones-2026x09x23-a.pdf
2026-09-23,021,HONDO VALLE,ELÍAS PIÑA,MINISTERIO DE AGRICULTURA,EMCI,28.6,18.7,3.2,https://indomet.gob.do/wp-content/uploads/2026/09/temperaturas-extremas-y-precipitaciones-2026x09x23-a.pdf
2026-09-23,022,ELÍAS PIÑA,ELÍAS PIÑA,MINISTERIO DE AGRICULTURA,EMCV,,,3.0,https://indomet.gob.do/wp-content/uploads/2026/09/temperaturas-extremas-y-precipitaciones-2026x09x23-a.pdf
2026-09-23,023,ENRIQUILLO,BARAHONA,MINISTERIO DE AGRICULTURA,EMCV,33.0,22.5,2.6,https://indomet.gob.do/wp-content/uploads/2026/09/temperaturas-extremas-y-precipitaciones-2026x09x23-a.pdf
2026-09-23,024,LOS LLANOS,SAN PEDRO DE MACORÍS,MINISTERIO DE AGRICULTURA,EMCI,34.0,22.5,2.6,https://indomet.gob.do/wp-content/uploads/2026/09/temperaturas-extremas-y-precipitaciones-2026x09x23-a.pdf
2026-09-23,025,PADRE LAS CASAS,AZUA,HOSP. NTRA. SRA. DEL CARMEN,EMCI,34.0,20.7,2.1,https://indomet.gob.do/wp-content/uploads/2026/09/temperaturas-extremas-y-precipitaciones-2026x09x23-a.pdf
2026-09-23,026,VILLA GONZALE (EMA),SANTIAGO,IGLESIA,EMAI,,,1.4,https://indomet.gob.do/wp-content/uploads/2026/09/temperaturas-extremas-y-precipitaciones-2026x09x23-a.pdf
2026-09-23,027,POLO,BARAHONA,INDOCAFE,EMCI,30.2,18.5,1.3,https://indomet.gob.do/wp-content/uploads/2026/09/temperaturas-extremas-y-precipitaciones-2026x09x23-a.pdf
2026-09-23,028,BAYAGUANA,MONTE PLATA,INDOMET,EMCI,33.8,22.5,0.3,https://indomet.gob.do/wp-content/uploads/2026/09/temperaturas-extremas-y-precipitaciones-2026x09x23-a.pdf
2026-09-23,029,VILLA GONZALES,SANTIAGO,MINISTERIO DE AGRICULTURA,EMCI,,,0.3,https://indomet.gob.do/wp-content/uploads/2026/09/temperaturas-extremas-y-precipitaciones-2026x09x23-a.pdf
2026-09-23,030,BUCARA (EMA),SANTIAGO,MINISTERIO DE AGRICULTURA,EMAI,,,0.2,https://indomet.gob.do/wp-content/uploads/2026/09/temperaturas-extremas-y-precipitaciones-2026x09x23-a.pdf
2026-09-23,031,OLIVARES,PEDERNALES,INDRHI,EMCI,,,0.1,https://indomet.gob.do/wp-content/uploads/2026/09/temperaturas-extremas-y-precipitaciones-2026x09x23-a.pdf
2026-09-23,032,OVIEDO,PEDERNALES,CLÍNICA RURAL OVIEDO,EMCI,33.2,23.0,0.1,https://indomet.gob.do/wp-content/uploads/2026/09/temperaturas-extremas-y-precipitaciones-2026x09x23-a.pdf
2026-09-23,033,PEDERNALES,PEDERNALES,INDRHI,EMCI,,,0.1,https://indomet.gob.do/wp-content/uploads/2026/09/temperaturas-extremas-y-precipitaciones-2026x09x23-a.pdf
2026-09-23,034,SABANA GRANDE DE BOYÁ,MONTE PLATA,MINISTERIO DE AGRICULTURA,EMCV,,,0.1,https://indomet.gob.do/wp-content/uploads/2026/09/temperaturas-extremas-y-precipitaciones-2026x09x23-a.pdf
2026-09-23,035,SAN RAFAEL DEL YUMA,LA ALTAGRACIA,MINISTERIO DE AGRICULTURA,EMCI,35.9,24.4,0.1,https://indomet.gob.do/wp-content/uploads/2026/09/temperaturas-extremas-y-precipitaciones-2026x09x23-a.pdf
2026-09-23,036,TÁBARA ABAJO,AZUA,INDRHI,EMCI,33.5,20.5,0.1,https://indomet.gob.do/wp-content/uploads/2026/09/temperaturas-extremas-y-precipitaciones-2026x09x23-a.pdf
2026-09-23,037,VILLA ALTAGRACIA,SAN CRISTÓBAL,ESCUELA JAVIER ANGULO GURIDI,EMCI,,,0.1,https://indomet.gob.do/wp-content/uploads/2026/09/temperaturas-extremas-y-precipitaciones-2026x09x23-a.pdf
2026-09-23,038,ALTAMIRA,PUERTO PLATA,HOSP. MPAL. DE ALTAMIRA,EMCI,35.4,21.6,0.0,https://indomet.gob.do/wp-content/uploads/2026/09/temperaturas-extremas-y-precipitaciones-2026x09x23-a.pdf
2026-09-23,039,ALTO BANDERA (EMA),LA VEGA,INTEC,EMAP,18.1,9.6,0.0,https://indomet.gob.do/wp-content/uploads/2026/09/temperaturas-extremas-y-precipitaciones-2026x09x23-a.pdf
2026-09-23,040,ANAMUYA (EMA),LA ALTAGRACIA,MINISTERIO DE AGRICULTURA,EMAP,34.3,24.8,0.0,https://indomet.gob.do/wp-content/uploads/2026/09/temperaturas-extremas-y-precipitaciones-2026x09x23-a.pdf
2026-09-23,041,ARPT. ARROYO BARRIL,SAMANÁ,INDOMET,EMCI,35.6,24.0,0.0,https://indomet.gob.do/wp-content/uploads/2026/09/temperaturas-extremas-y-precipitaciones-2026x09x23-a.pdf
2026-09-23,042,ARPT. DE LA ROMANA,LA ROMANA,INDOMET,EMCI,35.0,22.0,0.0,https://indomet.gob.do/wp-content/uploads/2026/09/temperaturas-extremas-y-precipitaciones-2026x09x23-a.pdf
2026-09-23,043,ARPT. DE LAS AMÉRICAS,SANTO DOMINGO,INDOMET,EMCI,32.6,23.7,0.0,https://indomet.gob.do/wp-content/uploads/2026/09/temperaturas-extremas-y-precipitaciones-2026x09x23-a.pdf
2026-09-23,044,ARPT. DE PUNTA CANA,LA ALTAGRACIA,INDOMET,EMCI,33.0,24.6,0.0,https://indomet.gob.do/wp-content/uploads/2026/09/temperaturas-extremas-y-precipitaciones-2026x09x23-a.pdf
2026-09-23,045,ARPT. DEL CIBAO,SANTIAGO,INDOMET,EMCI,36.0,24.6,0.0,https://indomet.gob.do/wp-content/uploads/2026/09/temperaturas-extremas-y-precipitaciones-2026x09x23-a.pdf
2026-09-23,046,ARPT. EL CATEY,SAMANÁ,INDOMET,EMCI,34.5,21.5,0.0,https://indomet.gob.do/wp-content/uploads/2026/09/temperaturas-extremas-y-precipitaciones-2026x09x23-a.pdf
2026-09-23,047,ARPT. GREGORIO LUPERÓN,PUERTO PLATA,INDOMET,EMCI,33.4,23.0,0.0,https://indomet.gob.do/wp-content/uploads/2026/09/temperaturas-extremas-y-precipitaciones-2026x09x23-a.pdf
2026-09-23,048,ARPT. LA ISABELA,SANTO DOMINGO,INDOMET,EMCI,34.5,22.6,0.0,https://indomet.gob.do/wp-content/uploads/2026/09/temperaturas-extremas-y-precipitaciones-2026x09x23-a.pdf
2026-09-23,049,ARPT. MARÍA MONTEZ,BARAHONA,INDOMET,EMCI,33.9,25.9,0.0,https://indomet.gob.do/wp-content/uploads/2026/09/temperaturas-extremas-y-precipitaciones-2026x09x23-a.pdf
2026-09-23,050,BANI (EMA),PERAVIA,MINISTERIO DE AGRICULTURA,EMAP,32.7,25.7,0.0,https://indomet.gob.do/wp-content/uploads/2026/09/temperaturas-extremas-y-precipitaciones-2026x09x23-a.pdf
2026-09-23,051,CABRERA,MARÍA TRINIDAD SÁNCHEZ,ESCUELA ARÍSTIDES FIALLO CABRAL,EMCI,35.0,27.0,0.0,https://indomet.gob.do/wp-content/uploads/2026/09/temperaturas-extremas-y-precipitaciones-2026x09x23-a.pdf
2026-09-23,052,CONSTANZA,LA VEGA,MINISTERIO DE AGRICULTURA,EMCI,30.0,14.6,0.0,https://indomet.gob.do/wp-content/uploads/2026/09/temperaturas-extremas-y-precipitaciones-2026x09x23-a.pdf
2026-09-23,053,CONSTANZA (EMA),LA VEGA,PROGRAMA MUNDIAL DE ALIMENTO,EMAP,28.6,15.7,0.0,https://indomet.gob.do/wp-content/uploads/2026/09/temperaturas-extremas-y-precipitaciones-2026x09x23-a.pdf
2026-09-23,054,DAJABÓN,DAJABÓN,INSTITUTO POLITÉCNICO LOYOLA,EMCI,36.7,21.1,0.0,https://indomet.gob.do/wp-content/uploads/2026/09/temperaturas-extremas-y-precipitaciones-2026x09x23-a.pdf
2026-09-23,055,EL FACTOR (EMA),MARÍA TRINIDAD SÁNCHEZ,INTEC,EMAP,34.7,24.4,0.0,https://indomet.gob.do/wp-content/uploads/2026/09/temperaturas-extremas-y-precipitaciones-2026x09x23-a.pdf
2026-09-23,056,EL MILLON (EMA),DISTRITO NACIONAL,PRIVADA,EMAP,,,0.0,https://indomet.gob.do/wp-content/uploads/2026/09/temperaturas-extremas-y-precipitaciones-2026x09x23-a.pdf
2026-09-23,057,ENSANCHE LA FE (EMA),DISTRITO NACIONAL,PRIVADA,EMAP,,,0.0,https://indomet.gob.do/wp-content/uploads/2026/09/temperaturas-extremas-y-precipitaciones-2026x09x23-a.pdf
2026-09-23,058,GASPAR HERNÁNDEZ,ESPAILLAT,PROPIEDAD DEL EMPLEADO,EMCI,,,0.0,https://indomet.gob.do/wp-content/uploads/2026/09/temperaturas-extremas-y-precipitaciones-2026x09x23-a.pdf
2026-09-23,059,GURABO,SANTIAGO,MINISTERIO DE AGRICULTURA,EMCV,,,0.0,https://indomet.gob.do/wp-content/uploads/2026/09/temperaturas-extremas-y-precipitaciones-2026x09x23-a.pdf
2026-09-23,060,JARABACOA,LA VEGA,INDRHI / MARENA,EMCI,35.2,19.4,0.0,https://indomet.gob.do/wp-content/uploads/2026/09/temperaturas-extremas-y-precipitaciones-2026x09x23-a.pdf
2026-09-23,061,JUMA BEJUCAL,MONSEÑOR NOUEL,IDIAF,EMCV,34.8,24.0,0.0,https://indomet.gob.do/wp-content/uploads/2026/09/temperaturas-extremas-y-precipitaciones-2026x09x23-a.pdf
2026-09-23,062,LA AGUSTINA (EMA),DISTRITO NACIONAL,PRIVADA,EMAP,,,0.0,https://indomet.gob.do/wp-content/uploads/2026/09/temperaturas-extremas-y-precipitaciones-2026x09x23-a.pdf
2026-09-23,063,LA VEGA,LA VEGA,IATESA,EMCI,36.6,24.5,0.0,https://indomet.gob.do/wp-content/uploads/2026/09/temperaturas-extremas-y-precipitaciones-2026x09x23-a.pdf
2026-09-23,064,LA VICTORIA,SANTO DOMINGO,CUERPO DE BOMBEROS,EMCI,35.0,23.5,0.0,https://indomet.gob.do/wp-content/uploads/2026/09/temperaturas-extremas-y-precipitaciones-2026x09x23-a.pdf
2026-09-23,065,LAS CANAS (EMA),MONTE CRISTI,PROGRAMA MUNDIAL DE ALIMENTO,EMAP,32.2,22.7,0.0,https://indomet.gob.do/wp-content/uploads/2026/09/temperaturas-extremas-y-precipitaciones-2026x09x23-a.pdf
2026-09-23,066,LOS CACICAZGOS (EMA),DISTRITO NACIONAL,PRIVADA,EMAP,,,0.0,https://indomet.gob.do/wp-content/uploads/2026/09/temperaturas-extremas-y-precipitaciones-2026x09x23-a.pdf
2026-09-23,067,LOS PRADOS (EMA),DISTRITO NACIONAL,PRIVADA,EMAP,,,0.0,https://indomet.gob.do/wp-content/uploads/2026/09/temperaturas-extremas-y-precipitaciones-2026x09x23-a.pdf
2026-09-23,068,LOS TRES CHARCOS (EMA),PEDERNALES,PROPIEDAD DEL VOLUNTARIO,EMAP,34.7,24.7,0.0,https://indomet.gob.do/wp-content/uploads/2026/09/temperaturas-extremas-y-precipitaciones-2026x09x23-a.pdf
2026-09-23,069,MICHES (EMA),EL SEIBO,PRIVADA,EMAP,32.4,24.4,0.0,https://indomet.gob.do/wp-content/uploads/2026/09/temperaturas-extremas-y-precipitaciones-2026x09x23-a.pdf
2026-09-23,070,MONCIÓN (EMA),SANTIAGO RODRÍGUEZ,PROGRAMA MUNDIAL DE ALIMENTO,EMAP,32.9,20.1,0.0,https://indomet.gob.do/wp-content/uploads/2026/09/temperaturas-extremas-y-precipitaciones-2026x09x23-a.pdf
2026-09-23,071,MONTE CRISTI,MONTE CRISTI,INDOMET,EMCI,35.4,24.1,0.0,https://indomet.gob.do/wp-content/uploads/2026/09/temperaturas-extremas-y-precipitaciones-2026x09x23-a.pdf
2026-09-23,072,PALO ÍNDIO,PUERTO PLATA,MINISTERIO DE AGRICULTURA,EMCI,,,0.0,https://indomet.gob.do/wp-content/uploads/2026/09/temperaturas-extremas-y-precipitaciones-2026x09x23-a.pdf
2026-09-23,073,PRESA DE TAVERAS (EMA),LA VEGA,PROGRAMA MUNDIAL DE ALIMENTO,EMAP,34.8,24.4,0.0,https://indomet.gob.do/wp-content/uploads/2026/09/temperaturas-extremas-y-precipitaciones-2026x09x23-a.pdf
2026-09-23,074,PROLONGACION 27 DE FEBRERO,DISTRITO NACIONAL,PRIVADA,EMAP,,,0.0,https://indomet.gob.do/wp-content/uploads/2026/09/temperaturas-extremas-y-precipitaciones-2026x09x23-a.pdf
2026-09-23,075,RANCHO ARRIBA,SAN JOSÉ DE OCOA,CENTRO TECNOLÓGICO COMUNITARIO,EMCI,32.3,19.5,0.0,https://indomet.gob.do/wp-content/uploads/2026/09/temperaturas-extremas-y-precipitaciones-2026x09x23-a.pdf
2026-09-23,076,RESTAURACIÓN,DAJABÓN,MINISTERIO DE AGRICULTURA,EMCI,31.8,18.1,0.0,https://indomet.gob.do/wp-content/uploads/2026/09/temperaturas-extremas-y-precipitaciones-2026x09x23-a.pdf
2026-09-23,077,RÍO SAN JUAN,MARÍA TRINIDAD SÁNCHEZ,HOSP. MPAL. DR. DESIDERIO ACOSTA,EMCV,37.0,25.7,0.0,https://indomet.gob.do/wp-content/uploads/2026/09/temperaturas-extremas-y-precipitaciones-2026x09x23-a.pdf
2026-09-23,078,SABANA DE LA MAR,HATO MAYOR,INDOMET,EMCI,34.0,23.0,0.0,https://indomet.gob.do/wp-content/uploads/2026/09/temperaturas-extremas-y-precipitaciones-2026x09x23-a.pdf
2026-09-23,079,SALCEDO,HERMANAS MIRABAL,PROPIEDAD DEL EMPLEADO,EMCI,,,0.0,https://indomet.gob.do/wp-content/uploads/2026/09/temperaturas-extremas-y-precipitaciones-2026x09x23-a.pdf
2026-09-23,080,SAMANÁ,SAMANÁ,COMANDANCIA DE PUERTO DE SAMANÁ,EMCI,34.5,17.5,0.0,https://indomet.gob.do/wp-content/uploads/2026/09/temperaturas-extremas-y-precipitaciones-2026x09x23-a.pdf
2026-09-23,081,SAN CRISTÓBAL,SAN CRISTÓBAL,INSTITUTO POLITÉCNICO LOYOLA,EMCI,32.2,22.2,0.0,https://indomet.gob.do/wp-content/uploads/2026/09/temperaturas-extremas-y-precipitaciones-2026x09x23-a.pdf
2026-09-23,082,SÁNCHEZ,SAMANÁ,MINISTERIO DE AGRICULTURA,EMCI,33.7,23.4,0.0,https://indomet.gob.do/wp-content/uploads/2026/09/temperaturas-extremas-y-precipitaciones-2026x09x23-a.pdf
2026-09-23,083,SANTIAGO (CENTRO),SANTIAGO,HUACALITO,EMCI,,,0.0,https://indomet.gob.do/wp-content/uploads/2026/09/temperaturas-extremas-y-precipitaciones-2026x09x23-a.pdf
2026-09-23,084,SANTO DOMINGO ESTE,SANTO DOMINGO,INDOMET,EMCI,33.0,26.0,0.0,https://indomet.gob.do/wp-content/uploads/2026/09/temperaturas-extremas-y-precipitaciones-2026x09x23-a.pdf
2026-09-23,085,VILLA ISABELA,PUERTO PLATA,MINISTERIO DE AGRICULTURA,EMCV,34.0,22.0,0.0,https://indomet.gob.do/wp-content/uploads/2026/09/temperaturas-extremas-y-precipitaciones-2026x09x23-a.pdf
2026-09-23,086,VILLA VASQUEZ (EMA),MONTE CRISTI,JUNTA DE REGANTES,EMAI,,,0.0,https://indomet.gob.do/wp-content/uploads/2026/09/temperaturas-extremas-y-precipitaciones-2026x09x23-a.pdf
2026-09-24,001,SAJOMA (EMA),SANTIAGO,PLAN SIERRA,EMAI,34.9,26.4,53.6,https://indomet.gob.do/wp-content/uploads/2026/09/temperaturas-extremas-y-precipitaciones-2026x09x24-a.pdf
2026-09-24,002,NAVARRETE,SANTIAGO,MINISTERIO DE AGRICULTURA,EMCV,,,41.7,https://indomet.gob.do/wp-content/uploads/2026/09/temperaturas-extremas-y-precipitaciones-2026x09x24-a.pdf
2026-09-24,003,ALTAMIRA,PUERTO PLATA,HOSP. MPAL. DE ALTAMIRA,EMCI,36.4,22.5,29.6,https://indomet.gob.do/wp-content/uploads/2026/09/temperaturas-extremas-y-precipitaciones-2026x09x24-a.pdf
2026-09-24,004,SAMANÁ,SAMANÁ,COMANDANCIA DE PUERTO DE SAMANÁ,EMCI,34.5,18.3,22.8,https://indomet.gob.do/wp-content/uploads/2026/09/temperaturas-extremas-y-precipitaciones-2026x09x24-a.pdf
2026-09-24,005,SABANETA (EMA),SANTIAGO RODRÍGUEZ,PROGRAMA MUNDIAL DE ALIMENTO,EMAP,36.3,22.9,21.8,https://indomet.gob.do/wp-content/uploads/2026/09/temperaturas-extremas-y-precipitaciones-2026x09x24-a.pdf
2026-09-24,006,SANTIAGO RODRÍGUEZ,SANTIAGO RODRÍGUEZ,INDOMET,EMCI,36.1,25.0,21.1,https://indomet.gob.do/wp-content/uploads/2026/09/temperaturas-extremas-y-precipitaciones-2026x09x24-a.pdf
2026-09-24,007,MICHES (EMA),EL SEIBO,PRIVADA,EMAP,32.8,24.4,13.2,https://indomet.gob.do/wp-content/uploads/2026/09/temperaturas-extremas-y-precipitaciones-2026x09x24-a.pdf
2026-09-24,008,GURABO,SANTIAGO,MINISTERIO DE AGRICULTURA,EMCV,,,11.4,https://indomet.gob.do/wp-content/uploads/2026/09/temperaturas-extremas-y-precipitaciones-2026x09x24-a.pdf
2026-09-24,009,BUCARA (EMA),SANTIAGO,MINISTERIO DE AGRICULTURA,EMAI,,,10.0,https://indomet.gob.do/wp-content/uploads/2026/09/temperaturas-extremas-y-precipitaciones-2026x09x24-a.pdf
2026-09-24,010,ELÍAS PIÑA,ELÍAS PIÑA,MINISTERIO DE AGRICULTURA,EMCV,,,9.1,https://indomet.gob.do/wp-content/uploads/2026/09/temperaturas-extremas-y-precipitaciones-2026x09x24-a.pdf
2026-09-24,011,PERALTA,AZUA,HOSP. MPAL. DE PERALTA,EMCI,32.0,18.5,7.8,https://indomet.gob.do/wp-content/uploads/2026/09/temperaturas-extremas-y-precipitaciones-2026x09x24-a.pdf
2026-09-24,012,LUPERÓN,PUERTO PLATA,MINISTERIO DE AGRICULTURA,EMCV,,,7.6,https://indomet.gob.do/wp-content/uploads/2026/09/temperaturas-extremas-y-precipitaciones-2026x09x24-a.pdf
2026-09-24,013,PALO ÍNDIO,PUERTO PLATA,MINISTERIO DE AGRICULTURA,EMCI,,,5.6,https://indomet.gob.do/wp-content/uploads/2026/09/temperaturas-extremas-y-precipitaciones-2026x09x24-a.pdf
2026-09-24,014,JARDÍN BOTÁNICO SANTIAGO (EMSANTIAGO,,JARDIN BOTANICO SANTIAGO,EMAI,36.9,25.3,4.4,https://indomet.gob.do/wp-content/uploads/2026/09/temperaturas-extremas-y-precipitaciones-2026x09x24-a.pdf
2026-09-24,015,EL FACTOR (EMA),MARÍA TRINIDAD SÁNCHEZ,INTEC,EMAP,35.3,24.3,4.3,https://indomet.gob.do/wp-content/uploads/2026/09/temperaturas-extremas-y-precipitaciones-2026x09x24-a.pdf
2026-09-24,016,RESTAURACIÓN,DAJABÓN,MINISTERIO DE AGRICULTURA,EMCI,32.6,18.3,4.3,https://indomet.gob.do/wp-content/uploads/2026/09/temperaturas-extremas-y-precipitaciones-2026x09x24-a.pdf
2026-09-24,017,VILLA ISABELA,PUERTO PLATA,MINISTERIO DE AGRICULTURA,EMCV,35.0,22.0,3.5,https://indomet.gob.do/wp-content/uploads/2026/09/temperaturas-extremas-y-precipitaciones-2026x09x24-a.pdf
2026-09-24,018,ARPT. DE PUNTA CANA,LA ALTAGRACIA,INDOMET,EMCI,33.5,24.5,3.4,https://indomet.gob.do/wp-content/uploads/2026/09/temperaturas-extremas-y-precipitaciones-2026x09x24-a.pdf
2026-09-24,019,MAO,VALVERDE,INDRHI / MINISTERIO DE AGRICULTURA,EMCV,,,2.4,https://indomet.gob.do/wp-content/uploads/2026/09/temperaturas-extremas-y-precipitaciones-2026x09x24-a.pdf
2026-09-24,020,SÁNCHEZ,SAMANÁ,MINISTERIO DE AGRICULTURA,EMCI,33.5,23.2,2.4,https://indomet.gob.do/wp-content/uploads/2026/09/temperaturas-extremas-y-precipitaciones-2026x09x24-a.pdf
2026-09-24,021,JUMA BEJUCAL,MONSEÑOR NOUEL,IDIAF,EMCV,35.2,22.6,2.0,https://indomet.gob.do/wp-content/uploads/2026/09/temperaturas-extremas-y-precipitaciones-2026x09x24-a.pdf
2026-09-24,022,CONSTANZA,LA VEGA,MINISTERIO DE AGRICULTURA,EMCI,30.5,13.0,1.9,https://indomet.gob.do/wp-content/uploads/2026/09/temperaturas-extremas-y-precipitaciones-2026x09x24-a.pdf
2026-09-24,023,LOS JENGIBRES,NAGUA,INDRHI,EMCI,,,1.9,https://indomet.gob.do/wp-content/uploads/2026/09/temperaturas-extremas-y-precipitaciones-2026x09x24-a.pdf
2026-09-24,024,BOCA DE MAO (EMA),VALVERDE,MINISTERIO DE AGRICULTURA,EMAP,36.1,23.0,1.8,https://indomet.gob.do/wp-content/uploads/2026/09/temperaturas-extremas-y-precipitaciones-2026x09x24-a.pdf
2026-09-24,025,CONSTANZA (EMA),LA VEGA,PROGRAMA MUNDIAL DE ALIMENTO,EMAP,28.4,13.4,1.8,https://indomet.gob.do/wp-content/uploads/2026/09/temperaturas-extremas-y-precipitaciones-2026x09x24-a.pdf
2026-09-24,026,SAN RAFAEL DEL YUMA,LA ALTAGRACIA,MINISTERIO DE AGRICULTURA,EMCI,35.8,23.7,1.7,https://indomet.gob.do/wp-content/uploads/2026/09/temperaturas-extremas-y-precipitaciones-2026x09x24-a.pdf
2026-09-24,027,ARPT. MARÍA MONTEZ,BARAHONA,INDOMET,EMCI,34.2,24.1,1.6,https://indomet.gob.do/wp-content/uploads/2026/09/temperaturas-extremas-y-precipitaciones-2026x09x24-a.pdf
2026-09-24,028,JIMANÍ,INDEPENDENCIA,MINISTERIO DE AGRICULTURA,EMCI,36.5,24.8,1.6,https://indomet.gob.do/wp-content/uploads/2026/09/temperaturas-extremas-y-precipitaciones-2026x09x24-a.pdf
2026-09-24,029,VILLA GONZALE (EMA),SANTIAGO,IGLESIA,EMAI,,,1.6,https://indomet.gob.do/wp-content/uploads/2026/09/temperaturas-extremas-y-precipitaciones-2026x09x24-a.pdf
2026-09-24,030,VILLA GONZALES,SANTIAGO,MINISTERIO DE AGRICULTURA,EMCI,,,1.5,https://indomet.gob.do/wp-content/uploads/2026/09/temperaturas-extremas-y-precipitaciones-2026x09x24-a.pdf
2026-09-24,031,POLO,BARAHONA,INDOCAFE,EMCI,30.5,17.5,0.7,https://indomet.gob.do/wp-content/uploads/2026/09/temperaturas-extremas-y-precipitaciones-2026x09x24-a.pdf
2026-09-24,032,ANAMUYA (EMA),LA ALTAGRACIA,MINISTERIO DE AGRICULTURA,EMAP,33.9,24.1,0.6,https://indomet.gob.do/wp-content/uploads/2026/09/temperaturas-extremas-y-precipitaciones-2026x09x24-a.pdf
2026-09-24,033,ENRIQUILLO,BARAHONA,MINISTERIO DE AGRICULTURA,EMCV,33.5,22.5,0.6,https://indomet.gob.do/wp-content/uploads/2026/09/temperaturas-extremas-y-precipitaciones-2026x09x24-a.pdf
2026-09-24,034,LOS PRADOS (EMA),DISTRITO NACIONAL,PRIVADA,EMAP,,,0.5,https://indomet.gob.do/wp-content/uploads/2026/09/temperaturas-extremas-y-precipitaciones-2026x09x24-a.pdf
2026-09-24,035,HATO MAYOR,HATO MAYOR,MINISTERIO DE AGRICULTURA,EMCV,,,0.3,https://indomet.gob.do/wp-content/uploads/2026/09/temperaturas-extremas-y-precipitaciones-2026x09x24-a.pdf
2026-09-24,036,PALO DE VIENTO (EMA),SAN JUAN,PRIVADA,EMAP,28.5,16.1,0.2,https://indomet.gob.do/wp-content/uploads/2026/09/temperaturas-extremas-y-precipitaciones-2026x09x24-a.pdf
2026-09-24,037,RANCHO ARRIBA,SAN JOSÉ DE OCOA,CENTRO TECNOLÓGICO COMUNITARIO,EMCI,31.9,17.6,0.2,https://indomet.gob.do/wp-content/uploads/2026/09/temperaturas-extremas-y-precipitaciones-2026x09x24-a.pdf
2026-09-24,038,ALTO BANDERA (EMA),LA VEGA,INTEC,EMAP,19.4,9.4,0.0,https://indomet.gob.do/wp-content/uploads/2026/09/temperaturas-extremas-y-precipitaciones-2026x09x24-a.pdf
2026-09-24,039,ARPT. ARROYO BARRIL,SAMANÁ,INDOMET,EMCI,35.5,23.5,0.0,https://indomet.gob.do/wp-content/uploads/2026/09/temperaturas-extremas-y-precipitaciones-2026x09x24-a.pdf
2026-09-24,040,ARPT. DE LA ROMANA,LA ROMANA,INDOMET,EMCI,34.5,22.0,0.0,https://indomet.gob.do/wp-content/uploads/2026/09/temperaturas-extremas-y-precipitaciones-2026x09x24-a.pdf
2026-09-24,041,ARPT. DE LAS AMÉRICAS,SANTO DOMINGO,INDOMET,EMCI,32.7,24.0,0.0,https://indomet.gob.do/wp-content/uploads/2026/09/temperaturas-extremas-y-precipitaciones-2026x09x24-a.pdf
2026-09-24,042,ARPT. DEL CIBAO,SANTIAGO,INDOMET,EMCI,35.0,23.6,0.0,https://indomet.gob.do/wp-content/uploads/2026/09/temperaturas-extremas-y-precipitaciones-2026x09x24-a.pdf
2026-09-24,043,ARPT. EL CATEY,SAMANÁ,INDOMET,EMCI,34.0,22.0,0.0,https://indomet.gob.do/wp-content/uploads/2026/09/temperaturas-extremas-y-precipitaciones-2026x09x24-a.pdf
2026-09-24,044,ARPT. GREGORIO LUPERÓN,PUERTO PLATA,INDOMET,EMCI,33.8,23.3,0.0,https://indomet.gob.do/wp-content/uploads/2026/09/temperaturas-extremas-y-precipitaciones-2026x09x24-a.pdf
2026-09-24,045,ARPT. LA ISABELA,SANTO DOMINGO,INDOMET,EMCI,34.7,22.4,0.0,https://indomet.gob.do/wp-content/uploads/2026/09/temperaturas-extremas-y-precipitaciones-2026x09x24-a.pdf
2026-09-24,046,ARROYO LORO,SAN JUAN,IDIAF,EMCI,33.4,21.2,0.0,https://indomet.gob.do/wp-content/uploads/2026/09/temperaturas-extremas-y-precipitaciones-2026x09x24-a.pdf
2026-09-24,047,BANI (EMA),PERAVIA,MINISTERIO DE AGRICULTURA,EMAP,33.0,23.4,0.0,https://indomet.gob.do/wp-content/uploads/2026/09/temperaturas-extremas-y-precipitaciones-2026x09x24-a.pdf
2026-09-24,048,BAYAGUANA,MONTE PLATA,INDOMET,EMCI,34.2,22.5,0.0,https://indomet.gob.do/wp-content/uploads/2026/09/temperaturas-extremas-y-precipitaciones-2026x09x24-a.pdf
2026-09-24,049,BOHECHÍO,SAN JUAN,MINISTERIO DE AGRICULTURA,EMCV,,,0.0,https://indomet.gob.do/wp-content/uploads/2026/09/temperaturas-extremas-y-precipitaciones-2026x09x24-a.pdf
2026-09-24,050,BONAO,MONSEÑOR NOUEL,MINISTERIO DE AGRICULTURA,EMCV,,,0.0,https://indomet.gob.do/wp-content/uploads/2026/09/temperaturas-extremas-y-precipitaciones-2026x09x24-a.pdf
2026-09-24,051,CABRAL,BARAHONA,MINISTERIO DE AGRICULTURA,EMCV,33.2,23.7,0.0,https://indomet.gob.do/wp-content/uploads/2026/09/temperaturas-extremas-y-precipitaciones-2026x09x24-a.pdf
2026-09-24,052,CABRERA,MARÍA TRINIDAD SÁNCHEZ,ESCUELA ARÍSTIDES FIALLO CABRAL,EMCI,35.0,26.5,0.0,https://indomet.gob.do/wp-content/uploads/2026/09/temperaturas-extremas-y-precipitaciones-2026x09x24-a.pdf
2026-09-24,053,COTUI HOSP.MUNICIPAL (EMA),SÁNCHEZ RAMÍREZ,PROGRAMA MUNDIAL DE ALIMENTO,EMAP,36.1,24.1,0.0,https://indomet.gob.do/wp-content/uploads/2026/09/temperaturas-extremas-y-precipitaciones-2026x09x24-a.pdf
2026-09-24,054,DAJABÓN,DAJABÓN,INSTITUTO POLITÉCNICO LOYOLA,EMCI,35.9,20.1,0.0,https://indomet.gob.do/wp-content/uploads/2026/09/temperaturas-extremas-y-precipitaciones-2026x09x24-a.pdf
2026-09-24,055,EL CERCADO,SAN JUAN,MINISTERIO DE AGRICULTURA,EMCV,,,0.0,https://indomet.gob.do/wp-content/uploads/2026/09/temperaturas-extremas-y-precipitaciones-2026x09x24-a.pdf
2026-09-24,056,EL MILLON (EMA),DISTRITO NACIONAL,PRIVADA,EMAP,,,0.0,https://indomet.gob.do/wp-content/uploads/2026/09/temperaturas-extremas-y-precipitaciones-2026x09x24-a.pdf
2026-09-24,057,EL SEIBO,EL SEIBO,MINISTERIO DE AGRICULTURA,EMCV,,,0.0,https://indomet.gob.do/wp-content/uploads/2026/09/temperaturas-extremas-y-precipitaciones-2026x09x24-a.pdf
2026-09-24,058,ENSANCHE LA FE (EMA),DISTRITO NACIONAL,PRIVADA,EMAP,,,0.0,https://indomet.gob.do/wp-content/uploads/2026/09/temperaturas-extremas-y-precipitaciones-2026x09x24-a.pdf
2026-09-24,059,ESCONDIDO,PERAVIA,MINISTERIO DE AGRICULTURA,EMCV,33.0,26.0,0.0,https://indomet.gob.do/wp-content/uploads/2026/09/temperaturas-extremas-y-precipitaciones-2026x09x24-a.pdf
2026-09-24,060,GASPAR HERNÁNDEZ,ESPAILLAT,PROPIEDAD DEL EMPLEADO,EMCI,,,0.0,https://indomet.gob.do/wp-content/uploads/2026/09/temperaturas-extremas-y-precipitaciones-2026x09x24-a.pdf
2026-09-24,061,HONDO VALLE,ELÍAS PIÑA,MINISTERIO DE AGRICULTURA,EMCI,28.4,18.2,0.0,https://indomet.gob.do/wp-content/uploads/2026/09/temperaturas-extremas-y-precipitaciones-2026x09x24-a.pdf
2026-09-24,062,JARABACOA,LA VEGA,INDRHI / MARENA,EMCI,34.6,19.2,0.0,https://indomet.gob.do/wp-content/uploads/2026/09/temperaturas-extremas-y-precipitaciones-2026x09x24-a.pdf
2026-09-24,063,JARDÍN BOTÁNICO NACIONAL,DISTRITO NACIONAL,JARDÍN BOTÁNICO NACIONAL,EMCV,34.2,23.7,0.0,https://indomet.gob.do/wp-content/uploads/2026/09/temperaturas-extremas-y-precipitaciones-2026x09x24-a.pdf
2026-09-24,064,LA AGUSTINA (EMA),DISTRITO NACIONAL,PRIVADA,EMAP,,,0.0,https://indomet.gob.do/wp-content/uploads/2026/09/temperaturas-extremas-y-precipitaciones-2026x09x24-a.pdf
2026-09-24,065,LA VEGA,LA VEGA,IATESA,EMCI,36.5,23.0,0.0,https://indomet.gob.do/wp-content/uploads/2026/09/temperaturas-extremas-y-precipitaciones-2026x09x24-a.pdf
2026-09-24,066,LA VICTORIA,SANTO DOMINGO,CUERPO DE BOMBEROS,EMCI,35.2,24.0,0.0,https://indomet.gob.do/wp-content/uploads/2026/09/temperaturas-extremas-y-precipitaciones-2026x09x24-a.pdf
2026-09-24,067,LAS CANAS (EMA),MONTE CRISTI,PROGRAMA MUNDIAL DE ALIMENTO,EMAP,33.9,23.6,0.0,https://indomet.gob.do/wp-content/uploads/2026/09/temperaturas-extremas-y-precipitaciones-2026x09x24-a.pdf
2026-09-24,068,LOS CACICAZGOS (EMA),DISTRITO NACIONAL,PRIVADA,EMAP,,,0.0,https://indomet.gob.do/wp-content/uploads/2026/09/temperaturas-extremas-y-precipitaciones-2026x09x24-a.pdf
2026-09-24,069,LOS COCOS (EMA),BAHORUCO,PRIVADA,EMAP,,,0.0,https://indomet.gob.do/wp-content/uploads/2026/09/temperaturas-extremas-y-precipitaciones-2026x09x24-a.pdf
2026-09-24,070,LOS LLANOS,SAN PEDRO DE MACORÍS,MINISTERIO DE AGRICULTURA,EMCI,33.9,24.0,0.0,https://indomet.gob.do/wp-content/uploads/2026/09/temperaturas-extremas-y-precipitaciones-2026x09x24-a.pdf
2026-09-24,071,MONCIÓN (EMA),SANTIAGO RODRÍGUEZ,PROGRAMA MUNDIAL DE ALIMENTO,EMAP,32.8,21.6,0.0,https://indomet.gob.do/wp-content/uploads/2026/09/temperaturas-extremas-y-precipitaciones-2026x09x24-a.pdf
2026-09-24,072,MONTE CRISTI,MONTE CRISTI,INDOMET,EMCI,36.0,24.0,0.0,https://indomet.gob.do/wp-content/uploads/2026/09/temperaturas-extremas-y-precipitaciones-2026x09x24-a.pdf
2026-09-24,073,OLIVARES,PEDERNALES,INDRHI,EMCI,,,0.0,https://indomet.gob.do/wp-content/uploads/2026/09/temperaturas-extremas-y-precipitaciones-2026x09x24-a.pdf
2026-09-24,074,OVIEDO,PEDERNALES,CLÍNICA RURAL OVIEDO,EMCI,33.0,24.0,0.0,https://indomet.gob.do/wp-content/uploads/2026/09/temperaturas-extremas-y-precipitaciones-2026x09x24-a.pdf
2026-09-24,075,PADRE LAS CASAS,AZUA,HOSP. NTRA. SRA. DEL CARMEN,EMCI,33.5,19.5,0.0,https://indomet.gob.do/wp-content/uploads/2026/09/temperaturas-extremas-y-precipitaciones-2026x09x24-a.pdf
2026-09-24,076,PASO AL MEDIO,SAN PEDRO DE MACORÍS,INDRHI,EMCI,,,0.0,https://indomet.gob.do/wp-content/uploads/2026/09/temperaturas-extremas-y-precipitaciones-2026x09x24-a.pdf
2026-09-24,077,PEDERNALES,PEDERNALES,INDRHI,EMCI,,,0.0,https://indomet.gob.do/wp-content/uploads/2026/09/temperaturas-extremas-y-precipitaciones-2026x09x24-a.pdf
2026-09-24,078,PRESA DE TAVERAS (EMA),LA VEGA,PROGRAMA MUNDIAL DE ALIMENTO,EMAP,33.9,21.3,0.0,https://indomet.gob.do/wp-content/uploads/2026/09/temperaturas-extremas-y-precipitaciones-2026x09x24-a.pdf
2026-09-24,079,PROLONGACION 27 DE FEBRERO,DISTRITO NACIONAL,PRIVADA,EMAP,,,0.0,https://indomet.gob.do/wp-content/uploads/2026/09/temperaturas-extremas-y-precipitaciones-2026x09x24-a.pdf
2026-09-24,080,RÍO SAN JUAN,MARÍA TRINIDAD SÁNCHEZ,HOSP. MPAL. DR. DESIDERIO ACOSTA,EMCV,36.8,26.7,0.0,https://indomet.gob.do/wp-content/uploads/2026/09/temperaturas-extremas-y-precipitaciones-2026x09x24-a.pdf
2026-09-24,081,SABANA DE LA MAR,HATO MAYOR,INDOMET,EMCI,32.6,23.6,0.0,https://indomet.gob.do/wp-content/uploads/2026/09/temperaturas-extremas-y-precipitaciones-2026x09x24-a.pdf
2026-09-24,082,SABANA GRANDE DE BOYÁ,MONTE PLATA,MINISTERIO DE AGRICULTURA,EMCV,,,0.0,https://indomet.gob.do/wp-content/uploads/2026/09/temperaturas-extremas-y-precipitaciones-2026x09x24-a.pdf
2026-09-24,083,SALCEDO,HERMANAS MIRABAL,PROPIEDAD DEL EMPLEADO,EMCI,,,0.0,https://indomet.gob.do/wp-content/uploads/2026/09/temperaturas-extremas-y-precipitaciones-2026x09x24-a.pdf
2026-09-24,084,SAN CRISTÓBAL,SAN CRISTÓBAL,INSTITUTO POLITÉCNICO LOYOLA,EMCI,32.5,23.0,0.0,https://indomet.gob.do/wp-content/uploads/2026/09/temperaturas-extremas-y-precipitaciones-2026x09x24-a.pdf
2026-09-24,085,SAN FRANCISCO DE MACORÍS,DUARTE,San Francisco de Macorís (UASD),EMCI,35.9,24.0,0.0,https://indomet.gob.do/wp-content/uploads/2026/09/temperaturas-extremas-y-precipitaciones-2026x09x24-a.pdf
2026-09-24,086,SAN JOSÉ DE OCOA,SAN JOSÉ DE OCOA,HOSP. SAN JOSÉ DE OCOA,EMCI,31.4,19.6,0.0,https://indomet.gob.do/wp-content/uploads/2026/09/temperaturas-extremas-y-precipitaciones-2026x09x24-a.pdf
2026-09-24,087,SANTO DOMINGO ESTE,SANTO DOMINGO,INDOMET,EMCI,34.5,26.1,0.0,https://indomet.gob.do/wp-content/uploads/2026/09/temperaturas-extremas-y-precipitaciones-2026x09x24-a.pdf
2026-09-24,088,TÁBARA ABAJO,AZUA,INDRHI,EMCI,35.5,24.0,0.0,https://indomet.gob.do/wp-content/uploads/2026/09/temperaturas-extremas-y-precipitaciones-2026x09x24-a.pdf
2026-09-24,089,TAVERA,SANTIAGO,INDRHI,EMCI,,,0.0,https://indomet.gob.do/wp-content/uploads/2026/09/temperaturas-extremas-y-precipitaciones-2026x09x24-a.pdf
2026-09-24,090,VILLA ALTAGRACIA,SAN CRISTÓBAL,ESCUELA JAVIER ANGULO GURIDI,EMCI,,,0.0,https://indomet.gob.do/wp-content/uploads/2026/09/temperaturas-extremas-y-precipitaciones-2026x09x24-a.pdf
2026-09-24,091,VILLA RIVA,DUARTE,HOSP. MPAL. ALICIA DE LEGENDRE,EMCI,35.0,23.0,0.0,https://indomet.gob.do/wp-content/uploads/2026/09/temperaturas-extremas-y-precipitaciones-2026x09x24-a.pdf
2026-09-24,092,VILLA VASQUEZ (EMA),MONTE CRISTI,JUNTA DE REGANTES,EMAI,,,0.0,https://indomet.gob.do/wp-content/uploads/2026/09/temperaturas-extremas-y-precipitaciones-2026x09x24-a.pdf
2026-09-25,001,LAS PLACETAS (EMA),SANTIAGO,PRIVADA,EMAP,,,47.5,https://indomet.gob.do/wp-content/uploads/2026/09/temperaturas-extremas-y-precipitaciones-2026x09x25-a.pdf
2026-09-25,002,JANICO (EMA),LA VEGA,PLAN SIERRA,EMAI,,,35.6,https://indomet.gob.do/wp-content/uploads/2026/09/temperaturas-extremas-y-precipitaciones-2026x09x25-a.pdf
2026-09-25,003,TIREO (EMA),LA VEGA,PRIVADA,EMAP,,,33.5,https://indomet.gob.do/wp-content/uploads/2026/09/temperaturas-extremas-y-precipitaciones-2026x09x25-a.pdf
2026-09-25,004,ENRIQUILLO,BARAHONA,MINISTERIO DE AGRICULTURA,EMCV,34.0,25.0,30.4,https://indomet.gob.do/wp-content/uploads/2026/09/temperaturas-extremas-y-precipitaciones-2026x09x25-a.pdf
2026-09-25,005,GASPAR HERNÁNDEZ,ESPAILLAT,PROPIEDAD DEL EMPLEADO,EMCI,,,17.4,https://indomet.gob.do/wp-content/uploads/2026/09/temperaturas-extremas-y-precipitaciones-2026x09x25-a.pdf
2026-09-25,006,OVIEDO,PEDERNALES,CLÍNICA RURAL OVIEDO,EMCI,34.5,22.5,14.0,https://indomet.gob.do/wp-content/uploads/2026/09/temperaturas-extremas-y-precipitaciones-2026x09x25-a.pdf
2026-09-25,007,RÍO SAN JUAN,MARÍA TRINIDAD SÁNCHEZ,HOSP. MPAL. DR. DESIDERIO ACOSTA,EMCV,35.4,24.6,13.0,https://indomet.gob.do/wp-content/uploads/2026/09/temperaturas-extremas-y-precipitaciones-2026x09x25-a.pdf
2026-09-25,008,SALCEDO,HERMANAS MIRABAL,PROPIEDAD DEL EMPLEADO,EMCI,,,8.0,https://indomet.gob.do/wp-content/uploads/2026/09/temperaturas-extremas-y-precipitaciones-2026x09x25-a.pdf
2026-09-25,009,LA CUCHILLA (EMA),SAN CRISTÓBAL,PRIVADA,EMAP,,,7.4,https://indomet.gob.do/wp-content/uploads/2026/09/temperaturas-extremas-y-precipitaciones-2026x09x25-a.pdf
2026-09-25,010,BONAO,MONSEÑOR NOUEL,MINISTERIO DE AGRICULTURA,EMCV,,,5.3,https://indomet.gob.do/wp-content/uploads/2026/09/temperaturas-extremas-y-precipitaciones-2026x09x25-a.pdf
2026-09-25,011,HONDO VALLE,ELÍAS PIÑA,MINISTERIO DE AGRICULTURA,EMCI,28.1,18.4,5.3,https://indomet.gob.do/wp-content/uploads/2026/09/temperaturas-extremas-y-precipitaciones-2026x09x25-a.pdf
2026-09-25,012,JIMANÍ,INDEPENDENCIA,MINISTERIO DE AGRICULTURA,EMCI,38.0,26.0,4.2,https://indomet.gob.do/wp-content/uploads/2026/09/temperaturas-extremas-y-precipitaciones-2026x09x25-a.pdf
2026-09-25,013,SÁNCHEZ,SAMANÁ,MINISTERIO DE AGRICULTURA,EMCI,33.4,22.8,4.2,https://indomet.gob.do/wp-content/uploads/2026/09/temperaturas-extremas-y-precipitaciones-2026x09x25-a.pdf
2026-09-25,014,JARABACOA,LA VEGA,INDRHI / MARENA,EMCI,35.2,19.6,4.0,https://indomet.gob.do/wp-content/uploads/2026/09/temperaturas-extremas-y-precipitaciones-2026x09x25-a.pdf
2026-09-25,015,ARPT. DEL CIBAO,SANTIAGO,INDOMET,EMCI,36.0,23.0,3.6,https://indomet.gob.do/wp-content/uploads/2026/09/temperaturas-extremas-y-precipitaciones-2026x09x25-a.pdf
2026-09-25,016,ARPT. MARÍA MONTEZ,BARAHONA,INDOMET,EMCI,33.8,23.5,2.8,https://indomet.gob.do/wp-content/uploads/2026/09/temperaturas-extremas-y-precipitaciones-2026x09x25-a.pdf
2026-09-25,017,VILLA GONZALE (EMA),SANTIAGO,IGLESIA,EMAI,,,1.2,https://indomet.gob.do/wp-content/uploads/2026/09/temperaturas-extremas-y-precipitaciones-2026x09x25-a.pdf
2026-09-25,018,CONSTANZA,LA VEGA,MINISTERIO DE AGRICULTURA,EMCI,31.6,15.5,1.2,https://indomet.gob.do/wp-content/uploads/2026/09/temperaturas-extremas-y-precipitaciones-2026x09x25-a.pdf
2026-09-25,019,LA VEGA,LA VEGA,IATESA,EMCI,39.0,22.5,1.1,https://indomet.gob.do/wp-content/uploads/2026/09/temperaturas-extremas-y-precipitaciones-2026x09x25-a.pdf
2026-09-25,020,CONSTANZA (EMA),LA VEGA,PROGRAMA MUNDIAL DE ALIMENTO,EMAP,30.1,16.3,1.0,https://indomet.gob.do/wp-content/uploads/2026/09/temperaturas-extremas-y-precipitaciones-2026x09x25-a.pdf
2026-09-25,021,VILLA VASQUEZ (EMA),MONTE CRISTI,JUNTA DE REGANTES,EMAI,,,0.8,https://indomet.gob.do/wp-content/uploads/2026/09/temperaturas-extremas-y-precipitaciones-2026x09x25-a.pdf
2026-09-25,022,MICHES (EMA),EL SEIBO,PRIVADA,EMAP,33.0,24.4,0.6,https://indomet.gob.do/wp-content/uploads/2026/09/temperaturas-extremas-y-precipitaciones-2026x09x25-a.pdf
2026-09-25,023,NAVARRETE,SANTIAGO,MINISTERIO DE AGRICULTURA,EMCV,,,0.5,https://indomet.gob.do/wp-content/uploads/2026/09/temperaturas-extremas-y-precipitaciones-2026x09x25-a.pdf
2026-09-25,024,ARPT. EL CATEY,SAMANÁ,INDOMET,EMCI,33.5,22.5,0.5,https://indomet.gob.do/wp-content/uploads/2026/09/temperaturas-extremas-y-precipitaciones-2026x09x25-a.pdf
2026-09-25,025,BUCARA (EMA),SANTIAGO,MINISTERIO DE AGRICULTURA,EMAI,,,0.4,https://indomet.gob.do/wp-content/uploads/2026/09/temperaturas-extremas-y-precipitaciones-2026x09x25-a.pdf
2026-09-25,026,JUMA BEJUCAL,MONSEÑOR NOUEL,IDIAF,EMCV,34.6,24.2,0.4,https://indomet.gob.do/wp-content/uploads/2026/09/temperaturas-extremas-y-precipitaciones-2026x09x25-a.pdf
2026-09-25,027,TAMBORIL,SANTIAGO,MINISTERIO DE AGRICULTURA,EMCV,,,0.3,https://indomet.gob.do/wp-content/uploads/2026/09/temperaturas-extremas-y-precipitaciones-2026x09x25-a.pdf
2026-09-25,028,ALTAMIRA,PUERTO PLATA,HOSP. MPAL. DE ALTAMIRA,EMCI,33.6,22.1,0.1,https://indomet.gob.do/wp-content/uploads/2026/09/temperaturas-extremas-y-precipitaciones-2026x09x25-a.pdf
2026-09-25,029,TÁBARA ABAJO,AZUA,INDRHI,EMCI,32.5,20.0,0.1,https://indomet.gob.do/wp-content/uploads/2026/09/temperaturas-extremas-y-precipitaciones-2026x09x25-a.pdf
2026-09-25,030,VALLE NUEVO (EMA),LA VEGA,MARENA,EMAI,,6.9,0.0,https://indomet.gob.do/wp-content/uploads/2026/09/temperaturas-extremas-y-precipitaciones-2026x09x25-a.pdf
2026-09-25,031,ALTO BANDERA (EMA),LA VEGA,INTEC,EMAP,20.8,9.9,0.0,https://indomet.gob.do/wp-content/uploads/2026/09/temperaturas-extremas-y-precipitaciones-2026x09x25-a.pdf
2026-09-25,032,ANAMUYA (EMA),LA ALTAGRACIA,MINISTERIO DE AGRICULTURA,EMAP,,,0.0,https://indomet.gob.do/wp-content/uploads/2026/09/temperaturas-extremas-y-precipitaciones-2026x09x25-a.pdf
2026-09-25,033,BANI (EMA),PERAVIA,MINISTERIO DE AGRICULTURA,EMAP,,,0.0,https://indomet.gob.do/wp-content/uploads/2026/09/temperaturas-extremas-y-precipitaciones-2026x09x25-a.pdf
2026-09-25,034,BOCA DE MAO (EMA),VALVERDE,MINISTERIO DE AGRICULTURA,EMAP,36.1,23.1,0.0,https://indomet.gob.do/wp-content/uploads/2026/09/temperaturas-extremas-y-precipitaciones-2026x09x25-a.pdf
2026-09-25,035,EL FACTOR (EMA),MARÍA TRINIDAD SÁNCHEZ,INTEC,EMAP,36.2,24.4,0.0,https://indomet.gob.do/wp-content/uploads/2026/09/temperaturas-extremas-y-precipitaciones-2026x09x25-a.pdf
2026-09-25,036,EL MILLON (EMA),DISTRITO NACIONAL,PRIVADA,EMAP,,,0.0,https://indomet.gob.do/wp-content/uploads/2026/09/temperaturas-extremas-y-precipitaciones-2026x09x25-a.pdf
2026-09-25,037,ENSANCHE LA FE (EMA),DISTRITO NACIONAL,PRIVADA,EMAP,,,0.0,https://indomet.gob.do/wp-content/uploads/2026/09/temperaturas-extremas-y-precipitaciones-2026x09x25-a.pdf
2026-09-25,038,LA AGUSTINA (EMA),DISTRITO NACIONAL,PRIVADA,EMAP,,,0.0,https://indomet.gob.do/wp-content/uploads/2026/09/temperaturas-extremas-y-precipitaciones-2026x09x25-a.pdf
2026-09-25,039,LAS CANAS (EMA),MONTE CRISTI,PROGRAMA MUNDIAL DE ALIMENTO,EMAP,32.2,23.4,0.0,https://indomet.gob.do/wp-content/uploads/2026/09/temperaturas-extremas-y-precipitaciones-2026x09x25-a.pdf
2026-09-25,040,LOS CACICAZGOS (EMA),DISTRITO NACIONAL,PRIVADA,EMAP,,,0.0,https://indomet.gob.do/wp-content/uploads/2026/09/temperaturas-extremas-y-precipitaciones-2026x09x25-a.pdf
2026-09-25,041,LOS PRADOS (EMA),DISTRITO NACIONAL,PRIVADA,EMAP,,,0.0,https://indomet.gob.do/wp-content/uploads/2026/09/temperaturas-extremas-y-precipitaciones-2026x09x25-a.pdf
2026-09-25,042,LOS TRES CHARCOS (EMA),PEDERNALES,PROPIEDAD DEL VOLUNTARIO,EMAP,32.9,24.3,0.0,https://indomet.gob.do/wp-content/uploads/2026/09/temperaturas-extremas-y-precipitaciones-2026x09x25-a.pdf
2026-09-25,043,MONCIÓN (EMA),SANTIAGO RODRÍGUEZ,PROGRAMA MUNDIAL DE ALIMENTO,EMAP,32.6,21.4,0.0,https://indomet.gob.do/wp-content/uploads/2026/09/temperaturas-extremas-y-precipitaciones-2026x09x25-a.pdf
2026-09-25,044,LOS COCOS (EMA),BAHORUCO,PRIVADA,EMAP,,,0.0,https://indomet.gob.do/wp-content/uploads/2026/09/temperaturas-extremas-y-precipitaciones-2026x09x25-a.pdf
2026-09-25,045,PRESA DE TAVERAS (EMA),LA VEGA,PROGRAMA MUNDIAL DE ALIMENTO,EMAP,35.2,21.3,0.0,https://indomet.gob.do/wp-content/uploads/2026/09/temperaturas-extremas-y-precipitaciones-2026x09x25-a.pdf
2026-09-25,046,PROLONGACION 27 DE FEBRERO,DISTRITO NACIONAL,PRIVADA,EMAP,,,0.0,https://indomet.gob.do/wp-content/uploads/2026/09/temperaturas-extremas-y-precipitaciones-2026x09x25-a.pdf
2026-09-25,047,SABANETA (EMA),SANTIAGO RODRÍGUEZ,PROGRAMA MUNDIAL DE ALIMENTO,EMAP,36.2,23.3,0.0,https://indomet.gob.do/wp-content/uploads/2026/09/temperaturas-extremas-y-precipitaciones-2026x09x25-a.pdf
2026-09-25,048,ARPT. ARROYO BARRIL,SAMANÁ,INDOMET,EMCI,35.0,23.9,0.0,https://indomet.gob.do/wp-content/uploads/2026/09/temperaturas-extremas-y-precipitaciones-2026x09x25-a.pdf
2026-09-25,049,ARPT. DE LA ROMANA,LA ROMANA,INDOMET,EMCI,34.6,22.5,0.0,https://indomet.gob.do/wp-content/uploads/2026/09/temperaturas-extremas-y-precipitaciones-2026x09x25-a.pdf
2026-09-25,050,ARPT. DE LAS AMÉRICAS,SANTO DOMINGO,INDOMET,EMCI,32.5,24.0,0.0,https://indomet.gob.do/wp-content/uploads/2026/09/temperaturas-extremas-y-precipitaciones-2026x09x25-a.pdf
2026-09-25,051,ARPT. DE PUNTA CANA,LA ALTAGRACIA,INDOMET,EMCI,33.0,21.0,0.0,https://indomet.gob.do/wp-content/uploads/2026/09/temperaturas-extremas-y-precipitaciones-2026x09x25-a.pdf
2026-09-25,052,ARPT. GREGORIO LUPERÓN,PUERTO PLATA,INDOMET,EMCI,33.5,23.6,0.0,https://indomet.gob.do/wp-content/uploads/2026/09/temperaturas-extremas-y-precipitaciones-2026x09x25-a.pdf
2026-09-25,053,ARPT. LA ISABELA,SANTO DOMINGO,INDOMET,EMCI,35.1,22.7,0.0,https://indomet.gob.do/wp-content/uploads/2026/09/temperaturas-extremas-y-precipitaciones-2026x09x25-a.pdf
2026-09-25,054,ARROYO LORO,SAN JUAN,IDIAF,EMCI,34.0,21.5,0.0,https://indomet.gob.do/wp-content/uploads/2026/09/temperaturas-extremas-y-precipitaciones-2026x09x25-a.pdf
2026-09-25,055,BAYAGUANA,MONTE PLATA,INDOMET,EMCI,35.2,22.7,0.0,https://indomet.gob.do/wp-content/uploads/2026/09/temperaturas-extremas-y-precipitaciones-2026x09x25-a.pdf
2026-09-25,056,CABRERA,MARÍA TRINIDAD SÁNCHEZ,ESCUELA ARÍSTIDES FIALLO CABRAL,EMCI,35.5,26.5,0.0,https://indomet.gob.do/wp-content/uploads/2026/09/temperaturas-extremas-y-precipitaciones-2026x09x25-a.pdf
2026-09-25,057,DAJABÓN,DAJABÓN,INSTITUTO POLITÉCNICO LOYOLA,EMCI,36.6,21.4,0.0,https://indomet.gob.do/wp-content/uploads/2026/09/temperaturas-extremas-y-precipitaciones-2026x09x25-a.pdf
2026-09-25,058,LA VICTORIA,SANTO DOMINGO,CUERPO DE BOMBEROS,EMCI,35.2,24.0,0.0,https://indomet.gob.do/wp-content/uploads/2026/09/temperaturas-extremas-y-precipitaciones-2026x09x25-a.pdf
2026-09-25,059,LOS LLANOS,SAN PEDRO DE MACORÍS,MINISTERIO DE AGRICULTURA,EMCI,34.6,23.5,0.0,https://indomet.gob.do/wp-content/uploads/2026/09/temperaturas-extremas-y-precipitaciones-2026x09x25-a.pdf
2026-09-25,060,MONTE CRISTI,MONTE CRISTI,INDOMET,EMCI,36.1,25.0,0.0,https://indomet.gob.do/wp-content/uploads/2026/09/temperaturas-extremas-y-precipitaciones-2026x09x25-a.pdf
2026-09-25,061,OLIVARES,PEDERNALES,INDRHI,EMCI,,,0.0,https://indomet.gob.do/wp-content/uploads/2026/09/temperaturas-extremas-y-precipitaciones-2026x09x25-a.pdf
2026-09-25,062,PADRE LAS CASAS,AZUA,HOSP. NTRA. SRA. DEL CARMEN,EMCI,33.5,21.0,0.0,https://indomet.gob.do/wp-content/uploads/2026/09/temperaturas-extremas-y-precipitaciones-2026x09x25-a.pdf
2026-09-25,063,PALO ÍNDIO,PUERTO PLATA,MINISTERIO DE AGRICULTURA,EMCI,,,0.0,https://indomet.gob.do/wp-content/uploads/2026/09/temperaturas-extremas-y-precipitaciones-2026x09x25-a.pdf
2026-09-25,064,PEDERNALES,PEDERNALES,INDRHI,EMCI,,,0.0,https://indomet.gob.do/wp-content/uploads/2026/09/temperaturas-extremas-y-precipitaciones-2026x09x25-a.pdf
2026-09-25,065,PERALTA,AZUA,HOSP. MPAL. DE PERALTA,EMCI,31.6,17.9,0.0,https://indomet.gob.do/wp-content/uploads/2026/09/temperaturas-extremas-y-precipitaciones-2026x09x25-a.pdf
2026-09-25,066,POLO,BARAHONA,INDOCAFE,EMCI,30.0,17.2,0.0,https://indomet.gob.do/wp-content/uploads/2026/09/temperaturas-extremas-y-precipitaciones-2026x09x25-a.pdf
2026-09-25,067,RANCHO ARRIBA,SAN JOSÉ DE OCOA,CENTRO TECNOLÓGICO COMUNITARIO,EMCI,32.3,18.5,0.0,https://indomet.gob.do/wp-content/uploads/2026/09/temperaturas-extremas-y-precipitaciones-2026x09x25-a.pdf
2026-09-25,068,RESTAURACIÓN,DAJABÓN,MINISTERIO DE AGRICULTURA,EMCI,32.0,20.4,0.0,https://indomet.gob.do/wp-content/uploads/2026/09/temperaturas-extremas-y-precipitaciones-2026x09x25-a.pdf
2026-09-25,069,SABANA DE LA MAR,HATO MAYOR,INDOMET,EMCI,34.4,24.0,0.0,https://indomet.gob.do/wp-content/uploads/2026/09/temperaturas-extremas-y-precipitaciones-2026x09x25-a.pdf
2026-09-25,070,SAMANÁ,SAMANÁ,COMANDANCIA DE PUERTO DE SAMANÁ,EMCI,35.2,33.7,0.0,https://indomet.gob.do/wp-content/uploads/2026/09/temperaturas-extremas-y-precipitaciones-2026x09x25-a.pdf
2026-09-25,071,SAN CRISTÓBAL,SAN CRISTÓBAL,INSTITUTO POLITÉCNICO LOYOLA,EMCI,32.5,23.2,0.0,https://indomet.gob.do/wp-content/uploads/2026/09/temperaturas-extremas-y-precipitaciones-2026x09x25-a.pdf
2026-09-25,072,SAN JOSÉ DE OCOA,SAN JOSÉ DE OCOA,HOSP. SAN JOSÉ DE OCOA,EMCI,32.9,20.7,0.0,https://indomet.gob.do/wp-content/uploads/2026/09/temperaturas-extremas-y-precipitaciones-2026x09x25-a.pdf
2026-09-25,073,SAN RAFAEL DEL YUMA,LA ALTAGRACIA,MINISTERIO DE AGRICULTURA,EMCI,35.2,23.5,0.0,https://indomet.gob.do/wp-content/uploads/2026/09/temperaturas-extremas-y-precipitaciones-2026x09x25-a.pdf
2026-09-25,074,SANTIAGO RODRÍGUEZ,SANTIAGO RODRÍGUEZ,INDOMET,EMCI,36.6,24.0,0.0,https://indomet.gob.do/wp-content/uploads/2026/09/temperaturas-extremas-y-precipitaciones-2026x09x25-a.pdf
2026-09-25,075,SANTO DOMINGO ESTE,SANTO DOMINGO,INDOMET,EMCI,35.0,26.2,0.0,https://indomet.gob.do/wp-content/uploads/2026/09/temperaturas-extremas-y-precipitaciones-2026x09x25-a.pdf
2026-09-25,076,VILLA ALTAGRACIA,SAN CRISTÓBAL,ESCUELA JAVIER ANGULO GURIDI,EMCI,,,0.0,https://indomet.gob.do/wp-content/uploads/2026/09/temperaturas-extremas-y-precipitaciones-2026x09x25-a.pdf
2026-09-25,077,VILLA GONZALES,SANTIAGO,MINISTERIO DE AGRICULTURA,EMCI,,,0.0,https://indomet.gob.do/wp-content/uploads/2026/09/temperaturas-extremas-y-precipitaciones-2026x09x25-a.pdf
2026-09-25,078,VILLA RIVA,DUARTE,HOSP. MPAL. ALICIA DE LEGENDRE,EMCI,34.0,23.4,0.0,https://indomet.gob.do/wp-content/uploads/2026/09/temperaturas-extremas-y-precipitaciones-2026x09x25-a.pdf
2026-09-25,079,CABRAL,BARAHONA,MINISTERIO DE AGRICULTURA,EMCV,33.5,24.3,0.0,https://indomet.gob.do/wp-content/uploads/2026/09/temperaturas-extremas-y-precipitaciones-2026x09x25-a.pdf
2026-09-25,080,GURABO,SANTIAGO,MINISTERIO DE AGRICULTURA,EMCV,,,0.0,https://indomet.gob.do/wp-content/uploads/2026/09/temperaturas-extremas-y-precipitaciones-2026x09x25-a.pdf
2026-09-25,081,HATO MAYOR,HATO MAYOR,MINISTERIO DE AGRICULTURA,EMCV,,,0.0,https://indomet.gob.do/wp-content/uploads/2026/09/temperaturas-extremas-y-precipitaciones-2026x09x25-a.pdf
2026-09-25,082,MAO,VALVERDE,INDRHI / MINISTERIO DE AGRICULTURA,EMCV,,,0.0,https://indomet.gob.do/wp-content/uploads/2026/09/temperaturas-extremas-y-precipitaciones-2026x09x25-a.pdf
2026-09-25,083,SABANA GRANDE DE BOYÁ,MONTE PLATA,MINISTERIO DE AGRICULTURA,EMCV,,,0.0,https://indomet.gob.do/wp-content/uploads/2026/09/temperaturas-extremas-y-precipitaciones-2026x09x25-a.pdf
2026-09-25,084,VILLA ISABELA,PUERTO PLATA,MINISTERIO DE AGRICULTURA,EMCV,34.0,21.5,0.0,https://indomet.gob.do/wp-content/uploads/2026/09/temperaturas-extremas-y-precipitaciones-2026x09x25-a.pdf
2026-09-26,001,GURABO,SANTIAGO,MINISTERIO DE AGRICULTURA,EMCV,,,47.2,https://indomet.gob.do/wp-content/uploads/2026/09/temperaturas-extremas-y-precipitaciones-2026x09x27-a.pdf
2026-09-26,002,SAJOMA (EMA),SANTIAGO,PLAN SIERRA,EMAI,,,39.2,https://indomet.gob.do/wp-content/uploads/2026/09/temperaturas-extremas-y-precipitaciones-2026x09x27-a.pdf
2026-09-26,003,CABRERA,MARÍA TRINIDAD SÁNCHEZ,ESCUELA ARÍSTIDES FIALLO CABRAL,EMCI,35.5,26.0,24.5,https://indomet.gob.do/wp-content/uploads/2026/09/temperaturas-extremas-y-precipitaciones-2026x09x27-a.pdf
2026-09-26,004,PALO ÍNDIO,PUERTO PLATA,MINISTERIO DE AGRICULTURA,EMCI,,,21.3,https://indomet.gob.do/wp-content/uploads/2026/09/temperaturas-extremas-y-precipitaciones-2026x09x27-a.pdf
2026-09-26,005,BUCARA (EMA),SANTIAGO,MINISTERIO DE AGRICULTURA,EMAI,,,11.2,https://indomet.gob.do/wp-content/uploads/2026/09/temperaturas-extremas-y-precipitaciones-2026x09x27-a.pdf
2026-09-26,006,MAO,VALVERDE,INDRHI / MINISTERIO DE AGRICULTURA,EMCV,,,10.0,https://indomet.gob.do/wp-content/uploads/2026/09/temperaturas-extremas-y-precipitaciones-2026x09x27-a.pdf
2026-09-26,007,ALTO BANDERA (EMA),LA VEGA,INTEC,EMAP,21.5,9.2,6.9,https://indomet.gob.do/wp-content/uploads/2026/09/temperaturas-extremas-y-precipitaciones-2026x09x27-a.pdf
2026-09-26,008,BOCA DE MAO (EMA),VALVERDE,MINISTERIO DE AGRICULTURA,EMAP,36.5,23.8,5.2,https://indomet.gob.do/wp-content/uploads/2026/09/temperaturas-extremas-y-precipitaciones-2026x09x27-a.pdf
2026-09-26,009,MONTE CRISTI,MONTE CRISTI,INDOMET,EMCI,37.7,25.2,4.5,https://indomet.gob.do/wp-content/uploads/2026/09/temperaturas-extremas-y-precipitaciones-2026x09x27-a.pdf
2026-09-26,010,GASPAR HERNÁNDEZ,ESPAILLAT,PROPIEDAD DEL EMPLEADO,EMCI,,,3.2,https://indomet.gob.do/wp-content/uploads/2026/09/temperaturas-extremas-y-precipitaciones-2026x09x27-a.pdf
2026-09-26,011,ARPT. DEL CIBAO,SANTIAGO,INDOMET,EMCI,36.2,21.8,2.3,https://indomet.gob.do/wp-content/uploads/2026/09/temperaturas-extremas-y-precipitaciones-2026x09x27-a.pdf
2026-09-26,012,VILLA GONZALES,SANTIAGO,MINISTERIO DE AGRICULTURA,EMCI,,,1.0,https://indomet.gob.do/wp-content/uploads/2026/09/temperaturas-extremas-y-precipitaciones-2026x09x27-a.pdf
2026-09-26,013,LAS CANAS (EMA),MONTE CRISTI,PROGRAMA MUNDIAL DE ALIMENTO,EMAP,32.8,23.6,1.0,https://indomet.gob.do/wp-content/uploads/2026/09/temperaturas-extremas-y-precipitaciones-2026x09x27-a.pdf
2026-09-26,014,RÍO SAN JUAN,MARÍA TRINIDAD SÁNCHEZ,HOSP. MPAL. DR. DESIDERIO ACOSTA,EMCV,36.0,25.4,0.6,https://indomet.gob.do/wp-content/uploads/2026/09/temperaturas-extremas-y-precipitaciones-2026x09x27-a.pdf
2026-09-26,015,CONSTANZA,LA VEGA,MINISTERIO DE AGRICULTURA,EMCI,31.5,15.2,0.2,https://indomet.gob.do/wp-content/uploads/2026/09/temperaturas-extremas-y-precipitaciones-2026x09x27-a.pdf
2026-09-26,016,JARABACOA,LA VEGA,INDRHI / MARENA,EMCI,34.6,20.0,0.2,https://indomet.gob.do/wp-content/uploads/2026/09/temperaturas-extremas-y-precipitaciones-2026x09x27-a.pdf
2026-09-26,017,SABANETA (EMA),SANTIAGO RODRÍGUEZ,PROGRAMA MUNDIAL DE ALIMENTO,EMAP,37.2,24.1,0.2,https://indomet.gob.do/wp-content/uploads/2026/09/temperaturas-extremas-y-precipitaciones-2026x09x27-a.pdf
2026-09-26,018,VILLA GONZALE (EMA),SANTIAGO,IGLESIA,EMAI,,,0.2,https://indomet.gob.do/wp-content/uploads/2026/09/temperaturas-extremas-y-precipitaciones-2026x09x27-a.pdf
2026-09-26,019,VILLA VASQUEZ (EMA),MONTE CRISTI,JUNTA DE REGANTES,EMAI,,,0.2,https://indomet.gob.do/wp-content/uploads/2026/09/temperaturas-extremas-y-precipitaciones-2026x09x27-a.pdf
2026-09-26,020,SANTIAGO RODRÍGUEZ,SANTIAGO RODRÍGUEZ,INDOMET,EMCI,36.5,23.7,0.1,https://indomet.gob.do/wp-content/uploads/2026/09/temperaturas-extremas-y-precipitaciones-2026x09x27-a.pdf
2026-09-26,021,ALTAMIRA,PUERTO PLATA,HOSP. MPAL. DE ALTAMIRA,EMCI,34.9,22.7,0.0,https://indomet.gob.do/wp-content/uploads/2026/09/temperaturas-extremas-y-precipitaciones-2026x09x27-a.pdf
2026-09-26,022,ANAMUYA (EMA),LA ALTAGRACIA,MINISTERIO DE AGRICULTURA,EMAP,35.0,23.6,0.0,https://indomet.gob.do/wp-content/uploads/2026/09/temperaturas-extremas-y-precipitaciones-2026x09x27-a.pdf
2026-09-26,023,ARPT. ARROYO BARRIL,SAMANÁ,INDOMET,EMCI,33.4,24.3,0.0,https://indomet.gob.do/wp-content/uploads/2026/09/temperaturas-extremas-y-precipitaciones-2026x09x27-a.pdf
2026-09-26,024,ARPT. DE LA ROMANA,LA ROMANA,INDOMET,EMCI,34.9,21.5,0.0,https://indomet.gob.do/wp-content/uploads/2026/09/temperaturas-extremas-y-precipitaciones-2026x09x27-a.pdf
2026-09-26,025,ARPT. DE LAS AMÉRICAS,SANTO DOMINGO,INDOMET,EMCI,33.0,24.0,0.0,https://indomet.gob.do/wp-content/uploads/2026/09/temperaturas-extremas-y-precipitaciones-2026x09x27-a.pdf
2026-09-26,026,ARPT. DE PUNTA CANA,LA ALTAGRACIA,INDOMET,EMCI,35.0,23.5,0.0,https://indomet.gob.do/wp-content/uploads/2026/09/temperaturas-extremas-y-precipitaciones-2026x09x27-a.pdf
2026-09-26,027,ARPT. EL CATEY,SAMANÁ,INDOMET,EMCI,34.0,23.5,0.0,https://indomet.gob.do/wp-content/uploads/2026/09/temperaturas-extremas-y-precipitaciones-2026x09x27-a.pdf
2026-09-26,028,ARPT. GREGORIO LUPERÓN,PUERTO PLATA,INDOMET,EMCI,33.0,23.5,0.0,https://indomet.gob.do/wp-content/uploads/2026/09/temperaturas-extremas-y-precipitaciones-2026x09x27-a.pdf
2026-09-26,029,ARPT. LA ISABELA,SANTO DOMINGO,INDOMET,EMCI,35.0,21.8,0.0,https://indomet.gob.do/wp-content/uploads/2026/09/temperaturas-extremas-y-precipitaciones-2026x09x27-a.pdf
2026-09-26,030,ARPT. MARÍA MONTEZ,BARAHONA,INDOMET,EMCI,32.8,24.5,0.0,https://indomet.gob.do/wp-content/uploads/2026/09/temperaturas-extremas-y-precipitaciones-2026x09x27-a.pdf
2026-09-26,031,ARROYO LORO,SAN JUAN,IDIAF,EMCI,34.5,21.7,0.0,https://indomet.gob.do/wp-content/uploads/2026/09/temperaturas-extremas-y-precipitaciones-2026x09x27-a.pdf
2026-09-26,032,BANI (EMA),PERAVIA,MINISTERIO DE AGRICULTURA,EMAP,32.7,23.4,0.0,https://indomet.gob.do/wp-content/uploads/2026/09/temperaturas-extremas-y-precipitaciones-2026x09x27-a.pdf
2026-09-26,033,BAYAGUANA,MONTE PLATA,INDOMET,EMCI,34.6,22.8,0.0,https://indomet.gob.do/wp-content/uploads/2026/09/temperaturas-extremas-y-precipitaciones-2026x09x27-a.pdf
2026-09-26,034,BELLA VISTA (EMA),DISTRITO NACIONAL,PRIVADA,EMAP,,,0.0,https://indomet.gob.do/wp-content/uploads/2026/09/temperaturas-extremas-y-precipitaciones-2026x09x27-a.pdf
2026-09-26,035,CABRAL,BARAHONA,MINISTERIO DE AGRICULTURA,EMCV,33.3,23.2,0.0,https://indomet.gob.do/wp-content/uploads/2026/09/temperaturas-extremas-y-precipitaciones-2026x09x27-a.pdf
2026-09-26,036,CONSTANZA (EMA),LA VEGA,PROGRAMA MUNDIAL DE ALIMENTO,EMAP,29.8,16.3,0.0,https://indomet.gob.do/wp-content/uploads/2026/09/temperaturas-extremas-y-precipitaciones-2026x09x27-a.pdf
2026-09-26,038,DAJABÓN,DAJABÓN,INSTITUTO POLITÉCNICO LOYOLA,EMCI,36.3,20.0,0.0,https://indomet.gob.do/wp-content/uploads/2026/09/temperaturas-extremas-y-precipitaciones-2026x09x27-a.pdf
2026-09-26,039,EL FACTOR (EMA),MARÍA TRINIDAD SÁNCHEZ,INTEC,EMAP,36.4,24.9,0.0,https://indomet.gob.do/wp-content/uploads/2026/09/temperaturas-extremas-y-precipitaciones-2026x09x27-a.pdf
2026-09-26,040,EL MILLON (EMA),DISTRITO NACIONAL,PRIVADA,EMAP,,,0.0,https://indomet.gob.do/wp-content/uploads/2026/09/temperaturas-extremas-y-precipitaciones-2026x09x27-a.pdf
2026-09-26,041,ELÍAS PIÑA,ELÍAS PIÑA,MINISTERIO DE AGRICULTURA,EMCV,,,0.0,https://indomet.gob.do/wp-content/uploads/2026/09/temperaturas-extremas-y-precipitaciones-2026x09x27-a.pdf
2026-09-26,042,ENRIQUILLO,BARAHONA,MINISTERIO DE AGRICULTURA,EMCV,33.5,22.3,0.0,https://indomet.gob.do/wp-content/uploads/2026/09/temperaturas-extremas-y-precipitaciones-2026x09x27-a.pdf
2026-09-26,043,ENSANCHE LA FE (EMA),DISTRITO NACIONAL,PRIVADA,EMAP,,,0.0,https://indomet.gob.do/wp-content/uploads/2026/09/temperaturas-extremas-y-precipitaciones-2026x09x27-a.pdf
2026-09-26,044,ESCONDIDO,PERAVIA,MINISTERIO DE AGRICULTURA,EMCV,33.0,25.0,0.0,https://indomet.gob.do/wp-content/uploads/2026/09/temperaturas-extremas-y-precipitaciones-2026x09x27-a.pdf
2026-09-26,045,HATO MAYOR,HATO MAYOR,MINISTERIO DE AGRICULTURA,EMCV,,,0.0,https://indomet.gob.do/wp-content/uploads/2026/09/temperaturas-extremas-y-precipitaciones-2026x09x27-a.pdf
2026-09-26,046,HONDO VALLE,ELÍAS PIÑA,MINISTERIO DE AGRICULTURA,EMCI,28.7,18.8,0.0,https://indomet.gob.do/wp-content/uploads/2026/09/temperaturas-extremas-y-precipitaciones-2026x09x27-a.pdf
2026-09-26,047,JIMANÍ,INDEPENDENCIA,MINISTERIO DE AGRICULTURA,EMCI,37.2,25.8,0.0,https://indomet.gob.do/wp-content/uploads/2026/09/temperaturas-extremas-y-precipitaciones-2026x09x27-a.pdf
2026-09-26,048,JUMA BEJUCAL,MONSEÑOR NOUEL,IDIAF,EMCV,35.0,23.6,0.0,https://indomet.gob.do/wp-content/uploads/2026/09/temperaturas-extremas-y-precipitaciones-2026x09x27-a.pdf
2026-09-26,049,LA AGUSTINA (EMA),DISTRITO NACIONAL,PRIVADA,EMAP,,,0.0,https://indomet.gob.do/wp-content/uploads/2026/09/temperaturas-extremas-y-precipitaciones-2026x09x27-a.pdf
2026-09-26,050,LA VEGA,LA VEGA,IATESA,EMCI,37.0,23.5,0.0,https://indomet.gob.do/wp-content/uploads/2026/09/temperaturas-extremas-y-precipitaciones-2026x09x27-a.pdf
2026-09-26,051,LA VICTORIA,SANTO DOMINGO,CUERPO DE BOMBEROS,EMCI,35.3,24.0,0.0,https://indomet.gob.do/wp-content/uploads/2026/09/temperaturas-extremas-y-precipitaciones-2026x09x27-a.pdf
2026-09-26,052,LOS CACICAZGOS (EMA),DISTRITO NACIONAL,PRIVADA,EMAP,,,0.0,https://indomet.gob.do/wp-content/uploads/2026/09/temperaturas-extremas-y-precipitaciones-2026x09x27-a.pdf
2026-09-26,053,LOS COCOS (EMA),BAHORUCO,PRIVADA,EMAP,,,0.0,https://indomet.gob.do/wp-content/uploads/2026/09/temperaturas-extremas-y-precipitaciones-2026x09x27-a.pdf
2026-09-26,054,LOS LLANOS,SAN PEDRO DE MACORÍS,MINISTERIO DE AGRICULTURA,EMCI,35.0,23.9,0.0,https://indomet.gob.do/wp-content/uploads/2026/09/temperaturas-extremas-y-precipitaciones-2026x09x27-a.pdf
2026-09-26,055,LOS PRADOS (EMA),DISTRITO NACIONAL,PRIVADA,EMAP,,,0.0,https://indomet.gob.do/wp-content/uploads/2026/09/temperaturas-extremas-y-precipitaciones-2026x09x27-a.pdf
2026-09-26,056,MICHES (EMA),EL SEIBO,PRIVADA,EMAP,33.6,23.8,0.0,https://indomet.gob.do/wp-content/uploads/2026/09/temperaturas-extremas-y-precipitaciones-2026x09x27-a.pdf
2026-09-26,057,MONCIÓN (EMA),SANTIAGO RODRÍGUEZ,PROGRAMA MUNDIAL DE ALIMENTO,EMAP,33.2,21.6,0.0,https://indomet.gob.do/wp-content/uploads/2026/09/temperaturas-extremas-y-precipitaciones-2026x09x27-a.pdf
2026-09-26,058,NAVARRETE,SANTIAGO,MINISTERIO DE AGRICULTURA,EMCV,,,0.0,https://indomet.gob.do/wp-content/uploads/2026/09/temperaturas-extremas-y-precipitaciones-2026x09x27-a.pdf
2026-09-26,059,OLIVARES,PEDERNALES,INDRHI,EMCI,,,0.0,https://indomet.gob.do/wp-content/uploads/2026/09/temperaturas-extremas-y-precipitaciones-2026x09x27-a.pdf
2026-09-26,060,OVIEDO,PEDERNALES,CLÍNICA RURAL OVIEDO,EMCI,33.0,22.4,0.0,https://indomet.gob.do/wp-content/uploads/2026/09/temperaturas-extremas-y-precipitaciones-2026x09x27-a.pdf
2026-09-26,061,PADRE LAS CASAS,AZUA,HOSP. NTRA. SRA. DEL CARMEN,EMCI,34.5,21.0,0.0,https://indomet.gob.do/wp-content/uploads/2026/09/temperaturas-extremas-y-precipitaciones-2026x09x27-a.pdf
2026-09-26,062,PALO DE VIENTO (EMA),SAN JUAN,PRIVADA,EMAP,29.3,16.3,0.0,https://indomet.gob.do/wp-content/uploads/2026/09/temperaturas-extremas-y-precipitaciones-2026x09x27-a.pdf
2026-09-26,063,PEDERNALES,PEDERNALES,INDRHI,EMCI,,,0.0,https://indomet.gob.do/wp-content/uploads/2026/09/temperaturas-extremas-y-precipitaciones-2026x09x27-a.pdf
2026-09-26,064,PERALTA,AZUA,HOSP. MPAL. DE PERALTA,EMCI,32.3,17.5,0.0,https://indomet.gob.do/wp-content/uploads/2026/09/temperaturas-extremas-y-precipitaciones-2026x09x27-a.pdf
2026-09-26,065,POLO,BARAHONA,INDOCAFE,EMCI,29.0,17.3,0.0,https://indomet.gob.do/wp-content/uploads/2026/09/temperaturas-extremas-y-precipitaciones-2026x09x27-a.pdf
2026-09-26,066,PRESA DE TAVERAS (EMA),LA VEGA,PROGRAMA MUNDIAL DE ALIMENTO,EMAP,35.0,22.6,0.0,https://indomet.gob.do/wp-content/uploads/2026/09/temperaturas-extremas-y-precipitaciones-2026x09x27-a.pdf
2026-09-26,067,PROLONGACION 27 DE FEBRERO,DISTRITO NACIONAL,PRIVADA,EMAP,,,0.0,https://indomet.gob.do/wp-content/uploads/2026/09/temperaturas-extremas-y-precipitaciones-2026x09x27-a.pdf
2026-09-26,068,RANCHO ARRIBA,SAN JOSÉ DE OCOA,CENTRO TECNOLÓGICO COMUNITARIO,EMCI,32.6,19.2,0.0,https://indomet.gob.do/wp-content/uploads/2026/09/temperaturas-extremas-y-precipitaciones-2026x09x27-a.pdf
2026-09-26,069,RESTAURACIÓN,DAJABÓN,MINISTERIO DE AGRICULTURA,EMCI,32.3,19.8,0.0,https://indomet.gob.do/wp-content/uploads/2026/09/temperaturas-extremas-y-precipitaciones-2026x09x27-a.pdf
2026-09-26,071,SABANA DE LA MAR,HATO MAYOR,INDOMET,EMCI,35.0,23.5,0.0,https://indomet.gob.do/wp-content/uploads/2026/09/temperaturas-extremas-y-precipitaciones-2026x09x27-a.pdf
2026-09-26,072,SABANA GRANDE DE BOYÁ,MONTE PLATA,MINISTERIO DE AGRICULTURA,EMCV,,,0.0,https://indomet.gob.do/wp-content/uploads/2026/09/temperaturas-extremas-y-precipitaciones-2026x09x27-a.pdf
2026-09-26,073,SALCEDO,HERMANAS MIRABAL,PROPIEDAD DEL EMPLEADO,EMCI,,,0.0,https://indomet.gob.do/wp-content/uploads/2026/09/temperaturas-extremas-y-precipitaciones-2026x09x27-a.pdf
2026-09-26,074,SAMANÁ,SAMANÁ,COMANDANCIA DE PUERTO DE SAMANÁ,EMCI,34.8,17.6,0.0,https://indomet.gob.do/wp-content/uploads/2026/09/temperaturas-extremas-y-precipitaciones-2026x09x27-a.pdf
2026-09-26,075,SAN CRISTÓBAL,SAN CRISTÓBAL,INSTITUTO POLITÉCNICO LOYOLA,EMCI,33.0,23.5,0.0,https://indomet.gob.do/wp-content/uploads/2026/09/temperaturas-extremas-y-precipitaciones-2026x09x27-a.pdf
2026-09-26,076,SAN RAFAEL DEL YUMA,LA ALTAGRACIA,MINISTERIO DE AGRICULTURA,EMCI,36.0,23.9,0.0,https://indomet.gob.do/wp-content/uploads/2026/09/temperaturas-extremas-y-precipitaciones-2026x09x27-a.pdf
2026-09-26,077,SÁNCHEZ,SAMANÁ,MINISTERIO DE AGRICULTURA,EMCI,33.6,23.4,0.0,https://indomet.gob.do/wp-content/uploads/2026/09/temperaturas-extremas-y-precipitaciones-2026x09x27-a.pdf
2026-09-26,078,SANTO DOMINGO ESTE,SANTO DOMINGO,INDOMET,EMCI,33.0,26.6,0.0,https://indomet.gob.do/wp-content/uploads/2026/09/temperaturas-extremas-y-precipitaciones-2026x09x27-a.pdf
2026-09-26,079,TÁBARA ABAJO,AZUA,INDRHI,EMCI,33.5,22.0,0.0,https://indomet.gob.do/wp-content/uploads/2026/09/temperaturas-extremas-y-precipitaciones-2026x09x27-a.pdf
2026-09-26,080,VALLE NUEVO (EMA),LA VEGA,MARENA,EMAI,22.9,7.8,0.0,https://indomet.gob.do/wp-content/uploads/2026/09/temperaturas-extremas-y-precipitaciones-2026x09x27-a.pdf
2026-09-26,081,VILLA ALTAGRACIA,SAN CRISTÓBAL,ESCUELA JAVIER ANGULO GURIDI,EMCI,,,0.0,https://indomet.gob.do/wp-content/uploads/2026/09/temperaturas-extremas-y-precipitaciones-2026x09x27-a.pdf
2026-09-26,082,VILLA ISABELA,PUERTO PLATA,MINISTERIO DE AGRICULTURA,EMCV,35.0,23.5,0.0,https://indomet.gob.do/wp-content/uploads/2026/09/temperaturas-extremas-y-precipitaciones-2026x09x27-a.pdf
2026-09-26,083,VILLA RIVA,DUARTE,HOSP. MPAL. ALICIA DE LEGENDRE,EMCI,35.0,23.5,0.0,https://indomet.gob.do/wp-content/uploads/2026/09/temperaturas-extremas-y-precipitaciones-2026x09x27-a.pdf
2026-09-27,001,SAJOMA (EMA),SANTIAGO,PLAN SIERRA,EMAI,33.8,25.6,39.8,https://indomet.gob.do/wp-content/uploads/2026/09/temperaturas-extremas-y-precipitaciones-2026x09x27-b.pdf
2026-09-27,002,EL CERCADO,SAN JUAN,MINISTERIO DE AGRICULTURA,EMCV,,,17.0,https://indomet.gob.do/wp-content/uploads/2026/09/temperaturas-extremas-y-precipitaciones-2026x09x27-b.pdf
2026-09-27,003,RANCHO ARRIBA,SAN JOSÉ DE OCOA,CENTRO TECNOLÓGICO COMUNITARIO,EMCI,33.3,17.2,14.7,https://indomet.gob.do/wp-content/uploads/2026/09/temperaturas-extremas-y-precipitaciones-2026x09x27-b.pdf
2026-09-27,004,VILLA GONZALES,SANTIAGO,MINISTERIO DE AGRICULTURA,EMCI,,,14.0,https://indomet.gob.do/wp-content/uploads/2026/09/temperaturas-extremas-y-precipitaciones-2026x09x27-b.pdf
2026-09-27,005,SALCEDO,HERMANAS MIRABAL,PROPIEDAD DEL EMPLEADO,EMCI,,,13.0,https://indomet.gob.do/wp-content/uploads/2026/09/temperaturas-extremas-y-precipitaciones-2026x09x27-b.pdf
2026-09-27,006,TAVERA,SANTIAGO,INDRHI,EMCI,,,10.5,https://indomet.gob.do/wp-content/uploads/2026/09/temperaturas-extremas-y-precipitaciones-2026x09x27-b.pdf
2026-09-27,007,JARDÍN BOTÁNICO SANTIAGO (EMSANTIAGO,,JARDIN BOTANICO SANTIAGO,EMAI,35.6,24.5,10.0,https://indomet.gob.do/wp-content/uploads/2026/09/temperaturas-extremas-y-precipitaciones-2026x09x27-b.pdf
2026-09-27,008,LAS PLACETAS (EMA),SANTIAGO,PRIVADA,EMAP,,,9.7,https://indomet.gob.do/wp-content/uploads/2026/09/temperaturas-extremas-y-precipitaciones-2026x09x27-b.pdf
2026-09-27,009,BUCARA (EMA),SANTIAGO,MINISTERIO DE AGRICULTURA,EMAI,,,8.2,https://indomet.gob.do/wp-content/uploads/2026/09/temperaturas-extremas-y-precipitaciones-2026x09x27-b.pdf
2026-09-27,010,SANTIAGO (CENTRO),SANTIAGO,HUACALITO,EMCI,,,7.1,https://indomet.gob.do/wp-content/uploads/2026/09/temperaturas-extremas-y-precipitaciones-2026x09x27-b.pdf
2026-09-27,011,HATO MAYOR,HATO MAYOR,MINISTERIO DE AGRICULTURA,EMCV,,,5.8,https://indomet.gob.do/wp-content/uploads/2026/09/temperaturas-extremas-y-precipitaciones-2026x09x27-b.pdf
2026-09-27,012,CONSTANZA (EMA),LA VEGA,PROGRAMA MUNDIAL DE ALIMENTO,EMAP,29.9,15.1,5.8,https://indomet.gob.do/wp-content/uploads/2026/09/temperaturas-extremas-y-precipitaciones-2026x09x27-b.pdf
2026-09-27,013,CONSTANZA,LA VEGA,MINISTERIO DE AGRICULTURA,EMCI,31.0,14.0,5.4,https://indomet.gob.do/wp-content/uploads/2026/09/temperaturas-extremas-y-precipitaciones-2026x09x27-b.pdf
2026-09-27,014,VILLA RIVA,DUARTE,HOSP. MPAL. ALICIA DE LEGENDRE,EMCI,34.8,22.2,5.4,https://indomet.gob.do/wp-content/uploads/2026/09/temperaturas-extremas-y-precipitaciones-2026x09x27-b.pdf
2026-09-27,015,ENRIQUILLO,BARAHONA,MINISTERIO DE AGRICULTURA,EMCV,34.0,22.5,5.2,https://indomet.gob.do/wp-content/uploads/2026/09/temperaturas-extremas-y-precipitaciones-2026x09x27-b.pdf
2026-09-27,016,DAJABÓN,DAJABÓN,INSTITUTO POLITÉCNICO LOYOLA,EMCI,36.8,20.3,5.1,https://indomet.gob.do/wp-content/uploads/2026/09/temperaturas-extremas-y-precipitaciones-2026x09x27-b.pdf
2026-09-27,017,ALTO BANDERA (EMA),LA VEGA,INTEC,EMAP,18.9,7.6,4.1,https://indomet.gob.do/wp-content/uploads/2026/09/temperaturas-extremas-y-precipitaciones-2026x09x27-b.pdf
2026-09-27,018,HONDO VALLE,ELÍAS PIÑA,MINISTERIO DE AGRICULTURA,EMCI,28.3,18.5,2.7,https://indomet.gob.do/wp-content/uploads/2026/09/temperaturas-extremas-y-precipitaciones-2026x09x27-b.pdf
2026-09-27,019,PEDERNALES,PEDERNALES,INDRHI,EMCI,,,2.7,https://indomet.gob.do/wp-content/uploads/2026/09/temperaturas-extremas-y-precipitaciones-2026x09x27-b.pdf
2026-09-27,020,GURABO,SANTIAGO,MINISTERIO DE AGRICULTURA,EMCV,,,2.5,https://indomet.gob.do/wp-content/uploads/2026/09/temperaturas-extremas-y-precipitaciones-2026x09x27-b.pdf
2026-09-27,021,LA YAGUITA (EMA),MONTE CRISTI,PROPIEDAD DEL VOLUNTARIO,EMAP,,,2.3,https://indomet.gob.do/wp-content/uploads/2026/09/temperaturas-extremas-y-precipitaciones-2026x09x27-b.pdf
2026-09-27,022,TAMBORIL,SANTIAGO,MINISTERIO DE AGRICULTURA,EMCV,,,1.8,https://indomet.gob.do/wp-content/uploads/2026/09/temperaturas-extremas-y-precipitaciones-2026x09x27-b.pdf
2026-09-27,023,OLIVARES,PEDERNALES,INDRHI,EMCI,,,1.3,https://indomet.gob.do/wp-content/uploads/2026/09/temperaturas-extremas-y-precipitaciones-2026x09x27-b.pdf
2026-09-27,024,SABANETA (EMA),SANTIAGO RODRÍGUEZ,PROGRAMA MUNDIAL DE ALIMENTO,EMAP,36.3,22.4,1.2,https://indomet.gob.do/wp-content/uploads/2026/09/temperaturas-extremas-y-precipitaciones-2026x09x27-b.pdf
2026-09-27,025,SANTIAGO RODRÍGUEZ,SANTIAGO RODRÍGUEZ,INDOMET,EMCI,36.4,24.8,1.1,https://indomet.gob.do/wp-content/uploads/2026/09/temperaturas-extremas-y-precipitaciones-2026x09x27-b.pdf
2026-09-27,026,JANICO (EMA),LA VEGA,PLAN SIERRA,EMAI,,,0.8,https://indomet.gob.do/wp-content/uploads/2026/09/temperaturas-extremas-y-precipitaciones-2026x09x27-b.pdf
2026-09-27,027,PRESA DE TAVERAS (EMA),LA VEGA,PROGRAMA MUNDIAL DE ALIMENTO,EMAP,33.7,20.6,0.8,https://indomet.gob.do/wp-content/uploads/2026/09/temperaturas-extremas-y-precipitaciones-2026x09x27-b.pdf
2026-09-27,028,NAVARRETE,SANTIAGO,MINISTERIO DE AGRICULTURA,EMCV,,,0.8,https://indomet.gob.do/wp-content/uploads/2026/09/temperaturas-extremas-y-precipitaciones-2026x09x27-b.pdf
2026-09-27,029,BOCA DE MAO (EMA),VALVERDE,MINISTERIO DE AGRICULTURA,EMAP,35.1,21.8,0.4,https://indomet.gob.do/wp-content/uploads/2026/09/temperaturas-extremas-y-precipitaciones-2026x09x27-b.pdf
2026-09-27,030,VILLA GONZALE (EMA),SANTIAGO,IGLESIA,EMAI,,,0.4,https://indomet.gob.do/wp-content/uploads/2026/09/temperaturas-extremas-y-precipitaciones-2026x09x27-b.pdf
2026-09-27,031,VILLA VASQUEZ (EMA),MONTE CRISTI,JUNTA DE REGANTES,EMAI,,,0.2,https://indomet.gob.do/wp-content/uploads/2026/09/temperaturas-extremas-y-precipitaciones-2026x09x27-b.pdf
2026-09-27,032,ALTAMIRA,PUERTO PLATA,HOSP. MPAL. DE ALTAMIRA,EMCI,33.9,20.5,0.0,https://indomet.gob.do/wp-content/uploads/2026/09/temperaturas-extremas-y-precipitaciones-2026x09x27-b.pdf
2026-09-27,033,ANAMUYA (EMA),LA ALTAGRACIA,MINISTERIO DE AGRICULTURA,EMAP,34.7,24.4,0.0,https://indomet.gob.do/wp-content/uploads/2026/09/temperaturas-extremas-y-precipitaciones-2026x09x27-b.pdf
2026-09-27,034,ARPT. ARROYO BARRIL,SAMANÁ,INDOMET,EMCI,33.2,24.4,0.0,https://indomet.gob.do/wp-content/uploads/2026/09/temperaturas-extremas-y-precipitaciones-2026x09x27-b.pdf
2026-09-27,035,ARPT. DE LA ROMANA,LA ROMANA,INDOMET,EMCI,35.3,22.7,0.0,https://indomet.gob.do/wp-content/uploads/2026/09/temperaturas-extremas-y-precipitaciones-2026x09x27-b.pdf
2026-09-27,036,ARPT. DE LAS AMÉRICAS,SANTO DOMINGO,INDOMET,EMCI,33.8,23.6,0.0,https://indomet.gob.do/wp-content/uploads/2026/09/temperaturas-extremas-y-precipitaciones-2026x09x27-b.pdf
2026-09-27,037,ARPT. DE PUNTA CANA,LA ALTAGRACIA,INDOMET,EMCI,33.2,23.0,0.0,https://indomet.gob.do/wp-content/uploads/2026/09/temperaturas-extremas-y-precipitaciones-2026x09x27-b.pdf
2026-09-27,038,ARPT. DEL CIBAO,SANTIAGO,INDOMET,EMCI,35.9,23.5,0.0,https://indomet.gob.do/wp-content/uploads/2026/09/temperaturas-extremas-y-precipitaciones-2026x09x27-b.pdf
2026-09-27,039,ARPT. EL CATEY,SAMANÁ,INDOMET,EMCI,33.4,23.0,0.0,https://indomet.gob.do/wp-content/uploads/2026/09/temperaturas-extremas-y-precipitaciones-2026x09x27-b.pdf
2026-09-27,040,ARPT. GREGORIO LUPERÓN,PUERTO PLATA,INDOMET,EMCI,33.6,23.6,0.0,https://indomet.gob.do/wp-content/uploads/2026/09/temperaturas-extremas-y-precipitaciones-2026x09x27-b.pdf
2026-09-27,041,ARPT. LA ISABELA,SANTO DOMINGO,INDOMET,EMCI,34.7,22.0,0.0,https://indomet.gob.do/wp-content/uploads/2026/09/temperaturas-extremas-y-precipitaciones-2026x09x27-b.pdf
2026-09-27,042,ARPT. MARÍA MONTEZ,BARAHONA,INDOMET,EMCI,33.2,23.5,0.0,https://indomet.gob.do/wp-content/uploads/2026/09/temperaturas-extremas-y-precipitaciones-2026x09x27-b.pdf
2026-09-27,043,ARROYO LORO,SAN JUAN,IDIAF,EMCI,34.5,19.8,0.0,https://indomet.gob.do/wp-content/uploads/2026/09/temperaturas-extremas-y-precipitaciones-2026x09x27-b.pdf
2026-09-27,044,BANI (EMA),PERAVIA,MINISTERIO DE AGRICULTURA,EMAP,32.3,24.7,0.0,https://indomet.gob.do/wp-content/uploads/2026/09/temperaturas-extremas-y-precipitaciones-2026x09x27-b.pdf
2026-09-27,045,BAYAGUANA,MONTE PLATA,INDOMET,EMCI,35.2,22.6,0.0,https://indomet.gob.do/wp-content/uploads/2026/09/temperaturas-extremas-y-precipitaciones-2026x09x27-b.pdf
2026-09-27,046,BELLA VISTA (EMA),DISTRITO NACIONAL,PRIVADA,EMAP,,,0.0,https://indomet.gob.do/wp-content/uploads/2026/09/temperaturas-extremas-y-precipitaciones-2026x09x27-b.pdf
2026-09-27,047,BONAO,MONSEÑOR NOUEL,MINISTERIO DE AGRICULTURA,EMCV,,,0.0,https://indomet.gob.do/wp-content/uploads/2026/09/temperaturas-extremas-y-precipitaciones-2026x09x27-b.pdf
2026-09-27,048,CABRAL,BARAHONA,MINISTERIO DE AGRICULTURA,EMCV,33.5,23.3,0.0,https://indomet.gob.do/wp-content/uploads/2026/09/temperaturas-extremas-y-precipitaciones-2026x09x27-b.pdf
2026-09-27,049,CABRERA,MARÍA TRINIDAD SÁNCHEZ,ESCUELA ARÍSTIDES FIALLO CABRAL,EMCI,35.0,25.5,0.0,https://indomet.gob.do/wp-content/uploads/2026/09/temperaturas-extremas-y-precipitaciones-2026x09x27-b.pdf
2026-09-27,050,COTUÍ,SÁNCHEZ RAMÍREZ,HOSP. INMACULADA CONCEPCIÓN,EMCV,,,0.0,https://indomet.gob.do/wp-content/uploads/2026/09/temperaturas-extremas-y-precipitaciones-2026x09x27-b.pdf
2026-09-27,051,EL FACTOR (EMA),MARÍA TRINIDAD SÁNCHEZ,INTEC,EMAP,35.2,23.7,0.0,https://indomet.gob.do/wp-content/uploads/2026/09/temperaturas-extremas-y-precipitaciones-2026x09x27-b.pdf
2026-09-27,052,EL MILLON (EMA),DISTRITO NACIONAL,PRIVADA,EMAP,,,0.0,https://indomet.gob.do/wp-content/uploads/2026/09/temperaturas-extremas-y-precipitaciones-2026x09x27-b.pdf
2026-09-27,053,EL SEIBO,EL SEIBO,MINISTERIO DE AGRICULTURA,EMCV,,,0.0,https://indomet.gob.do/wp-content/uploads/2026/09/temperaturas-extremas-y-precipitaciones-2026x09x27-b.pdf
2026-09-27,054,ELÍAS PIÑA,ELÍAS PIÑA,MINISTERIO DE AGRICULTURA,EMCV,,,0.0,https://indomet.gob.do/wp-content/uploads/2026/09/temperaturas-extremas-y-precipitaciones-2026x09x27-b.pdf
2026-09-27,055,ENSANCHE LA FE (EMA),DISTRITO NACIONAL,PRIVADA,EMAP,,,0.0,https://indomet.gob.do/wp-content/uploads/2026/09/temperaturas-extremas-y-precipitaciones-2026x09x27-b.pdf
2026-09-27,056,GASPAR HERNÁNDEZ,ESPAILLAT,PROPIEDAD DEL EMPLEADO,EMCI,,,0.0,https://indomet.gob.do/wp-content/uploads/2026/09/temperaturas-extremas-y-precipitaciones-2026x09x27-b.pdf
2026-09-27,057,JARABACOA,LA VEGA,INDRHI / MARENA,EMCI,34.4,19.2,0.0,https://indomet.gob.do/wp-content/uploads/2026/09/temperaturas-extremas-y-precipitaciones-2026x09x27-b.pdf
2026-09-27,058,JARDÍN BOTÁNICO NACIONAL,DISTRITO NACIONAL,JARDÍN BOTÁNICO NACIONAL,EMCV,34.6,21.4,0.0,https://indomet.gob.do/wp-content/uploads/2026/09/temperaturas-extremas-y-precipitaciones-2026x09x27-b.pdf
2026-09-27,059,JIMANÍ,INDEPENDENCIA,MINISTERIO DE AGRICULTURA,EMCI,37.6,25.5,0.0,https://indomet.gob.do/wp-content/uploads/2026/09/temperaturas-extremas-y-precipitaciones-2026x09x27-b.pdf
2026-09-27,060,JUMA BEJUCAL,MONSEÑOR NOUEL,IDIAF,EMCV,34.4,21.6,0.0,https://indomet.gob.do/wp-content/uploads/2026/09/temperaturas-extremas-y-precipitaciones-2026x09x27-b.pdf
2026-09-27,061,LA AGUSTINA (EMA),DISTRITO NACIONAL,PRIVADA,EMAP,,,0.0,https://indomet.gob.do/wp-content/uploads/2026/09/temperaturas-extremas-y-precipitaciones-2026x09x27-b.pdf
2026-09-27,062,LA VEGA,LA VEGA,IATESA,EMCI,37.2,22.5,0.0,https://indomet.gob.do/wp-content/uploads/2026/09/temperaturas-extremas-y-precipitaciones-2026x09x27-b.pdf
2026-09-27,063,LA VICTORIA,SANTO DOMINGO,CUERPO DE BOMBEROS,EMCI,35.3,23.4,0.0,https://indomet.gob.do/wp-content/uploads/2026/09/temperaturas-extremas-y-precipitaciones-2026x09x27-b.pdf
2026-09-27,064,LAS CANAS (EMA),MONTE CRISTI,PROGRAMA MUNDIAL DE ALIMENTO,EMAP,32.6,23.3,0.0,https://indomet.gob.do/wp-content/uploads/2026/09/temperaturas-extremas-y-precipitaciones-2026x09x27-b.pdf
2026-09-27,065,LOS CACICAZGOS (EMA),DISTRITO NACIONAL,PRIVADA,EMAP,,,0.0,https://indomet.gob.do/wp-content/uploads/2026/09/temperaturas-extremas-y-precipitaciones-2026x09x27-b.pdf
2026-09-27,066,LOS COCOS (EMA),BAHORUCO,PRIVADA,EMAP,,,0.0,https://indomet.gob.do/wp-content/uploads/2026/09/temperaturas-extremas-y-precipitaciones-2026x09x27-b.pdf
2026-09-27,067,LOS JENGIBRES,NAGUA,INDRHI,EMCI,,,0.0,https://indomet.gob.do/wp-content/uploads/2026/09/temperaturas-extremas-y-precipitaciones-2026x09x27-b.pdf
2026-09-27,068,LOS LLANOS,SAN PEDRO DE MACORÍS,MINISTERIO DE AGRICULTURA,EMCI,35.5,23.5,0.0,https://indomet.gob.do/wp-content/uploads/2026/09/temperaturas-extremas-y-precipitaciones-2026x09x27-b.pdf
2026-09-27,069,LOS PRADOS (EMA),DISTRITO NACIONAL,PRIVADA,EMAP,,,0.0,https://indomet.gob.do/wp-content/uploads/2026/09/temperaturas-extremas-y-precipitaciones-2026x09x27-b.pdf
2026-09-27,070,LOS TRES CHARCOS (EMA),PEDERNALES,PROPIEDAD DEL VOLUNTARIO,EMAP,35.1,22.7,0.0,https://indomet.gob.do/wp-content/uploads/2026/09/temperaturas-extremas-y-precipitaciones-2026x09x27-b.pdf
2026-09-27,071,MAO,VALVERDE,INDRHI / MINISTERIO DE AGRICULTURA,EMCV,,,0.0,https://indomet.gob.do/wp-content/uploads/2026/09/temperaturas-extremas-y-precipitaciones-2026x09x27-b.pdf
2026-09-27,072,MICHES (EMA),EL SEIBO,PRIVADA,EMAP,32.1,24.1,0.0,https://indomet.gob.do/wp-content/uploads/2026/09/temperaturas-extremas-y-precipitaciones-2026x09x27-b.pdf
2026-09-27,073,MONCIÓN (EMA),SANTIAGO RODRÍGUEZ,PROGRAMA MUNDIAL DE ALIMENTO,EMAP,31.5,20.4,0.0,https://indomet.gob.do/wp-content/uploads/2026/09/temperaturas-extremas-y-precipitaciones-2026x09x27-b.pdf
2026-09-27,074,MONTE CRISTI,MONTE CRISTI,INDOMET,EMCI,35.3,24.0,0.0,https://indomet.gob.do/wp-content/uploads/2026/09/temperaturas-extremas-y-precipitaciones-2026x09x27-b.pdf
2026-09-27,075,OVIEDO,PEDERNALES,CLÍNICA RURAL OVIEDO,EMCI,33.8,23.0,0.0,https://indomet.gob.do/wp-content/uploads/2026/09/temperaturas-extremas-y-precipitaciones-2026x09x27-b.pdf
2026-09-27,076,PADRE LAS CASAS,AZUA,HOSP. NTRA. SRA. DEL CARMEN,EMCI,34.0,20.2,0.0,https://indomet.gob.do/wp-content/uploads/2026/09/temperaturas-extremas-y-precipitaciones-2026x09x27-b.pdf
2026-09-27,077,PALO DE VIENTO (EMA),SAN JUAN,PRIVADA,EMAP,28.9,15.4,0.0,https://indomet.gob.do/wp-content/uploads/2026/09/temperaturas-extremas-y-precipitaciones-2026x09x27-b.pdf
2026-09-27,078,PALO ÍNDIO,PUERTO PLATA,MINISTERIO DE AGRICULTURA,EMCI,,,0.0,https://indomet.gob.do/wp-content/uploads/2026/09/temperaturas-extremas-y-precipitaciones-2026x09x27-b.pdf
2026-09-27,079,PARQUE MIRADOR SUR,DISTRITO NACIONAL,AYUNTAMIENTO,EMCV,34.0,24.0,0.0,https://indomet.gob.do/wp-content/uploads/2026/09/temperaturas-extremas-y-precipitaciones-2026x09x27-b.pdf
2026-09-27,080,PASO AL MEDIO,SAN PEDRO DE MACORÍS,INDRHI,EMCI,,,0.0,https://indomet.gob.do/wp-content/uploads/2026/09/temperaturas-extremas-y-precipitaciones-2026x09x27-b.pdf
2026-09-27,081,PERALTA,AZUA,HOSP. MPAL. DE PERALTA,EMCI,33.0,19.5,0.0,https://indomet.gob.do/wp-content/uploads/2026/09/temperaturas-extremas-y-precipitaciones-2026x09x27-b.pdf
2026-09-27,082,POLO,BARAHONA,INDOCAFE,EMCI,30.5,18.0,0.0,https://indomet.gob.do/wp-content/uploads/2026/09/temperaturas-extremas-y-precipitaciones-2026x09x27-b.pdf
2026-09-27,083,PROLONGACION 27 DE FEBRERO,DISTRITO NACIONAL,PRIVADA,EMAP,,,0.0,https://indomet.gob.do/wp-content/uploads/2026/09/temperaturas-extremas-y-precipitaciones-2026x09x27-b.pdf
2026-09-27,084,RESTAURACIÓN,DAJABÓN,MINISTERIO DE AGRICULTURA,EMCI,32.1,18.2,0.0,https://indomet.gob.do/wp-content/uploads/2026/09/temperaturas-extremas-y-precipitaciones-2026x09x27-b.pdf
2026-09-27,085,RÍO SAN JUAN,MARÍA TRINIDAD SÁNCHEZ,HOSP. MPAL. DR. DESIDERIO ACOSTA,EMCV,36.1,25.2,0.0,https://indomet.gob.do/wp-content/uploads/2026/09/temperaturas-extremas-y-precipitaciones-2026x09x27-b.pdf
2026-09-27,086,SABANA DE LA MAR,HATO MAYOR,INDOMET,EMCI,33.5,23.0,0.0,https://indomet.gob.do/wp-content/uploads/2026/09/temperaturas-extremas-y-precipitaciones-2026x09x27-b.pdf
2026-09-27,087,SABANA GRANDE DE BOYÁ,MONTE PLATA,MINISTERIO DE AGRICULTURA,EMCV,,,0.0,https://indomet.gob.do/wp-content/uploads/2026/09/temperaturas-extremas-y-precipitaciones-2026x09x27-b.pdf
2026-09-27,088,SAMANÁ,SAMANÁ,COMANDANCIA DE PUERTO DE SAMANÁ,EMCI,34.8,17.0,0.0,https://indomet.gob.do/wp-content/uploads/2026/09/temperaturas-extremas-y-precipitaciones-2026x09x27-b.pdf
2026-09-27,089,SAN CRISTÓBAL,SAN CRISTÓBAL,INSTITUTO POLITÉCNICO LOYOLA,EMCI,33.2,22.2,0.0,https://indomet.gob.do/wp-content/uploads/2026/09/temperaturas-extremas-y-precipitaciones-2026x09x27-b.pdf
2026-09-27,090,SAN FRANCISCO DE MACORÍS,DUARTE,San Francisco de Macorís (UASD),EMCI,36.9,24.3,0.0,https://indomet.gob.do/wp-content/uploads/2026/09/temperaturas-extremas-y-precipitaciones-2026x09x27-b.pdf
2026-09-27,091,SAN JOSÉ DE OCOA,SAN JOSÉ DE OCOA,HOSP. SAN JOSÉ DE OCOA,EMCI,32.4,20.5,0.0,https://indomet.gob.do/wp-content/uploads/2026/09/temperaturas-extremas-y-precipitaciones-2026x09x27-b.pdf
2026-09-27,092,SAN RAFAEL DEL YUMA,LA ALTAGRACIA,MINISTERIO DE AGRICULTURA,EMCI,35.4,24.5,0.0,https://indomet.gob.do/wp-content/uploads/2026/09/temperaturas-extremas-y-precipitaciones-2026x09x27-b.pdf
2026-09-27,093,SÁNCHEZ,SAMANÁ,MINISTERIO DE AGRICULTURA,EMCI,34.1,23.1,0.0,https://indomet.gob.do/wp-content/uploads/2026/09/temperaturas-extremas-y-precipitaciones-2026x09x27-b.pdf
2026-09-27,094,SANTO DOMINGO ESTE,SANTO DOMINGO,INDOMET,EMCI,34.5,26.5,0.0,https://indomet.gob.do/wp-content/uploads/2026/09/temperaturas-extremas-y-precipitaciones-2026x09x27-b.pdf
2026-09-27,095,TÁBARA ABAJO,AZUA,INDRHI,EMCI,34.7,23.0,0.0,https://indomet.gob.do/wp-content/uploads/2026/09/temperaturas-extremas-y-precipitaciones-2026x09x27-b.pdf
2026-09-27,096,VALLE NUEVO (EMA),LA VEGA,MARENA,EMAI,22.2,5.5,0.0,https://indomet.gob.do/wp-content/uploads/2026/09/temperaturas-extremas-y-precipitaciones-2026x09x27-b.pdf
2026-09-27,097,VILLA ALTAGRACIA,SAN CRISTÓBAL,ESCUELA JAVIER ANGULO GURIDI,EMCI,,,0.0,https://indomet.gob.do/wp-content/uploads/2026/09/temperaturas-extremas-y-precipitaciones-2026x09x27-b.pdf
2026-09-27,098,VILLA ISABELA,PUERTO PLATA,MINISTERIO DE AGRICULTURA,EMCV,,,0.0,https://indomet.gob.do/wp-content/uploads/2026/09/temperaturas-extremas-y-precipitaciones-2026x09x27-b.pdf
2026-09-29,001,SERRALLÉS (EMA),DISTRITO NACIONAL,PRIVADA,EMAP,,,13.8,https://indomet.gob.do/wp-content/uploads/2026/09/temperaturas-extremas-y-precipitaciones-2026x09x29-a.pdf
2026-09-29,002,LA VICTORIA,SANTO DOMINGO,CUERPO DE BOMBEROS,EMCI,30.4,24.0,11.5,https://indomet.gob.do/wp-content/uploads/2026/09/temperaturas-extremas-y-precipitaciones-2026x09x29-a.pdf
2026-09-29,003,SABANA DE LA MAR,HATO MAYOR,INDOMET,EMCI,33.4,24.0,11.1,https://indomet.gob.do/wp-content/uploads/2026/09/temperaturas-extremas-y-precipitaciones-2026x09x29-a.pdf
2026-09-29,004,VILLA ALTAGRACIA,SAN CRISTÓBAL,ESCUELA JAVIER ANGULO GURIDI,EMCI,,,6.9,https://indomet.gob.do/wp-content/uploads/2026/09/temperaturas-extremas-y-precipitaciones-2026x09x29-a.pdf
2026-09-29,005,POLO,BARAHONA,INDOCAFE,EMCI,31.0,16.5,6.8,https://indomet.gob.do/wp-content/uploads/2026/09/temperaturas-extremas-y-precipitaciones-2026x09x29-a.pdf
2026-09-29,006,SAMANÁ,SAMANÁ,COMANDANCIA DE PUERTO DE SAMANÁ,EMCI,34.7,17.4,5.6,https://indomet.gob.do/wp-content/uploads/2026/09/temperaturas-extremas-y-precipitaciones-2026x09x29-a.pdf
2026-09-29,007,ARPT. LA ISABELA,SANTO DOMINGO,INDOMET,EMCI,36.8,23.5,4.8,https://indomet.gob.do/wp-content/uploads/2026/09/temperaturas-extremas-y-precipitaciones-2026x09x29-a.pdf
2026-09-29,008,BARRAQUITO (EMA),DUARTE,PROGRAMA MUNDIAL DE ALIMENTO,EMAP,35.7,24.4,4.6,https://indomet.gob.do/wp-content/uploads/2026/09/temperaturas-extremas-y-precipitaciones-2026x09x29-a.pdf
2026-09-29,009,GASPAR HERNÁNDEZ,ESPAILLAT,PROPIEDAD DEL EMPLEADO,EMCI,,,3.8,https://indomet.gob.do/wp-content/uploads/2026/09/temperaturas-extremas-y-precipitaciones-2026x09x29-a.pdf
2026-09-29,010,RANCHO ARRIBA,SAN JOSÉ DE OCOA,CENTRO TECNOLÓGICO COMUNITARIO,EMCI,31.7,20.0,3.0,https://indomet.gob.do/wp-content/uploads/2026/09/temperaturas-extremas-y-precipitaciones-2026x09x29-a.pdf
2026-09-29,011,ARENOSO (EMA),DUARTE,PROGRAMA MUNDIAL DE ALIMENTO,EMAP,33.1,24.7,2.6,https://indomet.gob.do/wp-content/uploads/2026/09/temperaturas-extremas-y-precipitaciones-2026x09x29-a.pdf
2026-09-29,012,TAMBORIL,SANTIAGO,MINISTERIO DE AGRICULTURA,EMCV,,,2.3,https://indomet.gob.do/wp-content/uploads/2026/09/temperaturas-extremas-y-precipitaciones-2026x09x29-a.pdf
2026-09-29,013,VILLA RIVA,DUARTE,HOSP. MPAL. ALICIA DE LEGENDRE,EMCI,34.0,23.5,2.0,https://indomet.gob.do/wp-content/uploads/2026/09/temperaturas-extremas-y-precipitaciones-2026x09x29-a.pdf
2026-09-29,014,ARPT. EL CATEY,SAMANÁ,INDOMET,EMCI,34.0,22.4,1.7,https://indomet.gob.do/wp-content/uploads/2026/09/temperaturas-extremas-y-precipitaciones-2026x09x29-a.pdf
2026-09-29,015,PADRE LAS CASAS,AZUA,HOSP. NTRA. SRA. DEL CARMEN,EMCI,34.5,20.4,1.6,https://indomet.gob.do/wp-content/uploads/2026/09/temperaturas-extremas-y-precipitaciones-2026x09x29-a.pdf
2026-09-29,016,COTUI HOSP.MUNICIPAL (EMA),SÁNCHEZ RAMÍREZ,PROGRAMA MUNDIAL DE ALIMENTO,EMAP,,,1.4,https://indomet.gob.do/wp-content/uploads/2026/09/temperaturas-extremas-y-precipitaciones-2026x09x29-a.pdf
2026-09-29,017,CABRERA,MARÍA TRINIDAD SÁNCHEZ,ESCUELA ARÍSTIDES FIALLO CABRAL,EMCI,35.0,26.0,1.2,https://indomet.gob.do/wp-content/uploads/2026/09/temperaturas-extremas-y-precipitaciones-2026x09x29-a.pdf
2026-09-29,018,JARABACOA,LA VEGA,INDRHI / MARENA,EMCI,34.8,20.0,1.1,https://indomet.gob.do/wp-content/uploads/2026/09/temperaturas-extremas-y-precipitaciones-2026x09x29-a.pdf
2026-09-29,019,JUMA BEJUCAL,MONSEÑOR NOUEL,IDIAF,EMCV,35.4,24.0,1.0,https://indomet.gob.do/wp-content/uploads/2026/09/temperaturas-extremas-y-precipitaciones-2026x09x29-a.pdf
2026-09-29,020,ALTO BANDERA (EMA),LA VEGA,INTEC,EMAP,17.6,8.3,0.8,https://indomet.gob.do/wp-content/uploads/2026/09/temperaturas-extremas-y-precipitaciones-2026x09x29-a.pdf
2026-09-29,021,RÍO SAN JUAN,MARÍA TRINIDAD SÁNCHEZ,HOSP. MPAL. DR. DESIDERIO ACOSTA,EMCV,35.6,25.6,0.8,https://indomet.gob.do/wp-content/uploads/2026/09/temperaturas-extremas-y-precipitaciones-2026x09x29-a.pdf
2026-09-29,022,BONAO,MONSEÑOR NOUEL,MINISTERIO DE AGRICULTURA,EMCV,,,0.8,https://indomet.gob.do/wp-content/uploads/2026/09/temperaturas-extremas-y-precipitaciones-2026x09x29-a.pdf
2026-09-29,023,PALO DE VIENTO (EMA),SAN JUAN,PRIVADA,EMAP,28.7,16.2,0.6,https://indomet.gob.do/wp-content/uploads/2026/09/temperaturas-extremas-y-precipitaciones-2026x09x29-a.pdf
2026-09-29,024,OVIEDO,PEDERNALES,CLÍNICA RURAL OVIEDO,EMCI,35.0,21.5,0.6,https://indomet.gob.do/wp-content/uploads/2026/09/temperaturas-extremas-y-precipitaciones-2026x09x29-a.pdf
2026-09-29,025,MICHES (EMA),EL SEIBO,PRIVADA,EMAP,32.9,24.7,0.4,https://indomet.gob.do/wp-content/uploads/2026/09/temperaturas-extremas-y-precipitaciones-2026x09x29-a.pdf
2026-09-29,026,HATO MAYOR,HATO MAYOR,MINISTERIO DE AGRICULTURA,EMCV,,,0.3,https://indomet.gob.do/wp-content/uploads/2026/09/temperaturas-extremas-y-precipitaciones-2026x09x29-a.pdf
2026-09-29,027,PRESA DE TAVERAS (EMA),LA VEGA,PROGRAMA MUNDIAL DE ALIMENTO,EMAP,33.5,23.6,0.2,https://indomet.gob.do/wp-content/uploads/2026/09/temperaturas-extremas-y-precipitaciones-2026x09x29-a.pdf
2026-09-29,028,LOS LLANOS,SAN PEDRO DE MACORÍS,MINISTERIO DE AGRICULTURA,EMCI,35.5,23.2,0.2,https://indomet.gob.do/wp-content/uploads/2026/09/temperaturas-extremas-y-precipitaciones-2026x09x29-a.pdf
2026-09-29,029,SAN RAFAEL DEL YUMA,LA ALTAGRACIA,MINISTERIO DE AGRICULTURA,EMCI,36.3,24.4,0.2,https://indomet.gob.do/wp-content/uploads/2026/09/temperaturas-extremas-y-precipitaciones-2026x09x29-a.pdf
2026-09-29,030,HONDO VALLE,ELÍAS PIÑA,MINISTERIO DE AGRICULTURA,EMCI,28.1,19.7,0.1,https://indomet.gob.do/wp-content/uploads/2026/09/temperaturas-extremas-y-precipitaciones-2026x09x29-a.pdf
2026-09-29,031,LA VEGA,LA VEGA,IATESA,EMCI,37.0,24.9,0.1,https://indomet.gob.do/wp-content/uploads/2026/09/temperaturas-extremas-y-precipitaciones-2026x09x29-a.pdf
2026-09-29,032,BUCARA (EMA),SANTIAGO,MINISTERIO DE AGRICULTURA,EMAI,,,0.0,https://indomet.gob.do/wp-content/uploads/2026/09/temperaturas-extremas-y-precipitaciones-2026x09x29-a.pdf
2026-09-29,033,JANICO (EMA),LA VEGA,PLAN SIERRA,EMAI,,,0.0,https://indomet.gob.do/wp-content/uploads/2026/09/temperaturas-extremas-y-precipitaciones-2026x09x29-a.pdf
2026-09-29,034,JARDÍN BOTÁNICO SANTIAGO (EMSANTIAGO,,JARDIN BOTANICO SANTIAGO,EMAI,35.5,27.2,0.0,https://indomet.gob.do/wp-content/uploads/2026/09/temperaturas-extremas-y-precipitaciones-2026x09x29-a.pdf
2026-09-29,035,SAJOMA (EMA),SANTIAGO,PLAN SIERRA,EMAI,33.0,26.1,0.0,https://indomet.gob.do/wp-content/uploads/2026/09/temperaturas-extremas-y-precipitaciones-2026x09x29-a.pdf
2026-09-29,036,BOCA DE MAO (EMA),VALVERDE,MINISTERIO DE AGRICULTURA,EMAP,36.9,25.1,0.0,https://indomet.gob.do/wp-content/uploads/2026/09/temperaturas-extremas-y-precipitaciones-2026x09x29-a.pdf
2026-09-29,037,CONSTANZA (EMA),LA VEGA,PROGRAMA MUNDIAL DE ALIMENTO,EMAP,37.6,19.2,0.0,https://indomet.gob.do/wp-content/uploads/2026/09/temperaturas-extremas-y-precipitaciones-2026x09x29-a.pdf
2026-09-29,038,EL FACTOR (EMA),MARÍA TRINIDAD SÁNCHEZ,INTEC,EMAP,34.0,24.8,0.0,https://indomet.gob.do/wp-content/uploads/2026/09/temperaturas-extremas-y-precipitaciones-2026x09x29-a.pdf
2026-09-29,039,EL MILLON (EMA),DISTRITO NACIONAL,PRIVADA,EMAP,,,0.0,https://indomet.gob.do/wp-content/uploads/2026/09/temperaturas-extremas-y-precipitaciones-2026x09x29-a.pdf
2026-09-29,040,ENSANCHE LA FE (EMA),DISTRITO NACIONAL,PRIVADA,EMAP,,,0.0,https://indomet.gob.do/wp-content/uploads/2026/09/temperaturas-extremas-y-precipitaciones-2026x09x29-a.pdf
2026-09-29,041,LA AGUSTINA (EMA),DISTRITO NACIONAL,PRIVADA,EMAP,,,0.0,https://indomet.gob.do/wp-content/uploads/2026/09/temperaturas-extremas-y-precipitaciones-2026x09x29-a.pdf
2026-09-29,042,LAS CANAS (EMA),MONTE CRISTI,PROGRAMA MUNDIAL DE ALIMENTO,EMAP,32.0,26.2,0.0,https://indomet.gob.do/wp-content/uploads/2026/09/temperaturas-extremas-y-precipitaciones-2026x09x29-a.pdf
2026-09-29,043,LOS CACICAZGOS (EMA),DISTRITO NACIONAL,PRIVADA,EMAP,,,0.0,https://indomet.gob.do/wp-content/uploads/2026/09/temperaturas-extremas-y-precipitaciones-2026x09x29-a.pdf
2026-09-29,044,LOS COCOS (EMA),BAHORUCO,PRIVADA,EMAP,,,0.0,https://indomet.gob.do/wp-content/uploads/2026/09/temperaturas-extremas-y-precipitaciones-2026x09x29-a.pdf
2026-09-29,045,LOS PRADOS (EMA),DISTRITO NACIONAL,PRIVADA,EMAP,,,0.0,https://indomet.gob.do/wp-content/uploads/2026/09/temperaturas-extremas-y-precipitaciones-2026x09x29-a.pdf
2026-09-29,046,LOS TRES CHARCOS (EMA),PEDERNALES,PROPIEDAD DEL VOLUNTARIO,EMAP,28.8,26.4,0.0,https://indomet.gob.do/wp-content/uploads/2026/09/temperaturas-extremas-y-precipitaciones-2026x09x29-a.pdf
2026-09-29,047,MONCIÓN (EMA),SANTIAGO RODRÍGUEZ,PROGRAMA MUNDIAL DE ALIMENTO,EMAP,33.8,21.0,0.0,https://indomet.gob.do/wp-content/uploads/2026/09/temperaturas-extremas-y-precipitaciones-2026x09x29-a.pdf
2026-09-29,048,PROLONGACION 27 DE FEBRERO,DISTRITO NACIONAL,PRIVADA,EMAP,,,0.0,https://indomet.gob.do/wp-content/uploads/2026/09/temperaturas-extremas-y-precipitaciones-2026x09x29-a.pdf
2026-09-29,049,SABANETA (EMA),SANTIAGO RODRÍGUEZ,PROGRAMA MUNDIAL DE ALIMENTO,EMAP,37.5,23.7,0.0,https://indomet.gob.do/wp-content/uploads/2026/09/temperaturas-extremas-y-precipitaciones-2026x09x29-a.pdf
2026-09-29,050,ALTAMIRA,PUERTO PLATA,HOSP. MPAL. DE ALTAMIRA,EMCI,34.3,21.9,0.0,https://indomet.gob.do/wp-content/uploads/2026/09/temperaturas-extremas-y-precipitaciones-2026x09x29-a.pdf
2026-09-29,051,ARPT. DE LA ROMANA,LA ROMANA,INDOMET,EMCI,35.5,22.7,0.0,https://indomet.gob.do/wp-content/uploads/2026/09/temperaturas-extremas-y-precipitaciones-2026x09x29-a.pdf
2026-09-29,052,ARPT. DE LAS AMÉRICAS,SANTO DOMINGO,INDOMET,EMCI,34.5,24.2,0.0,https://indomet.gob.do/wp-content/uploads/2026/09/temperaturas-extremas-y-precipitaciones-2026x09x29-a.pdf
2026-09-29,053,ARPT. DE PUNTA CANA,LA ALTAGRACIA,INDOMET,EMCI,33.0,24.0,0.0,https://indomet.gob.do/wp-content/uploads/2026/09/temperaturas-extremas-y-precipitaciones-2026x09x29-a.pdf
2026-09-29,054,ARPT. DEL CIBAO,SANTIAGO,INDOMET,EMCI,34.3,22.7,0.0,https://indomet.gob.do/wp-content/uploads/2026/09/temperaturas-extremas-y-precipitaciones-2026x09x29-a.pdf
2026-09-29,055,ARPT. GREGORIO LUPERÓN,PUERTO PLATA,INDOMET,EMCI,33.8,23.2,0.0,https://indomet.gob.do/wp-content/uploads/2026/09/temperaturas-extremas-y-precipitaciones-2026x09x29-a.pdf
2026-09-29,056,ARPT. MARÍA MONTEZ,BARAHONA,INDOMET,EMCI,35.4,25.2,0.0,https://indomet.gob.do/wp-content/uploads/2026/09/temperaturas-extremas-y-precipitaciones-2026x09x29-a.pdf
2026-09-29,057,ARROYO LORO,SAN JUAN,IDIAF,EMCI,34.9,20.3,0.0,https://indomet.gob.do/wp-content/uploads/2026/09/temperaturas-extremas-y-precipitaciones-2026x09x29-a.pdf
2026-09-29,058,BAYAGUANA,MONTE PLATA,INDOMET,EMCI,34.2,22.8,0.0,https://indomet.gob.do/wp-content/uploads/2026/09/temperaturas-extremas-y-precipitaciones-2026x09x29-a.pdf
2026-09-29,059,CONSTANZA,LA VEGA,MINISTERIO DE AGRICULTURA,EMCI,28.7,18.2,0.0,https://indomet.gob.do/wp-content/uploads/2026/09/temperaturas-extremas-y-precipitaciones-2026x09x29-a.pdf
2026-09-29,060,DAJABÓN,DAJABÓN,INSTITUTO POLITÉCNICO LOYOLA,EMCI,36.1,20.6,0.0,https://indomet.gob.do/wp-content/uploads/2026/09/temperaturas-extremas-y-precipitaciones-2026x09x29-a.pdf
2026-09-29,061,JIMANÍ,INDEPENDENCIA,MINISTERIO DE AGRICULTURA,EMCI,37.4,26.5,0.0,https://indomet.gob.do/wp-content/uploads/2026/09/temperaturas-extremas-y-precipitaciones-2026x09x29-a.pdf
2026-09-29,062,MONTE CRISTI,MONTE CRISTI,INDOMET,EMCI,35.3,25.4,0.0,https://indomet.gob.do/wp-content/uploads/2026/09/temperaturas-extremas-y-precipitaciones-2026x09x29-a.pdf
2026-09-29,063,OLIVARES,PEDERNALES,INDRHI,EMCI,,,0.0,https://indomet.gob.do/wp-content/uploads/2026/09/temperaturas-extremas-y-precipitaciones-2026x09x29-a.pdf
2026-09-29,064,PALO ÍNDIO,PUERTO PLATA,MINISTERIO DE AGRICULTURA,EMCI,,,0.0,https://indomet.gob.do/wp-content/uploads/2026/09/temperaturas-extremas-y-precipitaciones-2026x09x29-a.pdf
2026-09-29,065,PEDERNALES,PEDERNALES,INDRHI,EMCI,,,0.0,https://indomet.gob.do/wp-content/uploads/2026/09/temperaturas-extremas-y-precipitaciones-2026x09x29-a.pdf
2026-09-29,066,PERALTA,AZUA,HOSP. MPAL. DE PERALTA,EMCI,33.5,19.9,0.0,https://indomet.gob.do/wp-content/uploads/2026/09/temperaturas-extremas-y-precipitaciones-2026x09x29-a.pdf
2026-09-29,067,RESTAURACIÓN,DAJABÓN,MINISTERIO DE AGRICULTURA,EMCI,32.4,17.9,0.0,https://indomet.gob.do/wp-content/uploads/2026/09/temperaturas-extremas-y-precipitaciones-2026x09x29-a.pdf
2026-09-29,068,SALCEDO,HERMANAS MIRABAL,PROPIEDAD DEL EMPLEADO,EMCI,,,0.0,https://indomet.gob.do/wp-content/uploads/2026/09/temperaturas-extremas-y-precipitaciones-2026x09x29-a.pdf
2026-09-29,069,SAN CRISTÓBAL,SAN CRISTÓBAL,INSTITUTO POLITÉCNICO LOYOLA,EMCI,35.0,22.0,0.0,https://indomet.gob.do/wp-content/uploads/2026/09/temperaturas-extremas-y-precipitaciones-2026x09x29-a.pdf
2026-09-29,070,SAN FRANCISCO DE MACORÍS,DUARTE,San Francisco de Macorís (UASD),EMCI,36.3,23.7,0.0,https://indomet.gob.do/wp-content/uploads/2026/09/temperaturas-extremas-y-precipitaciones-2026x09x29-a.pdf
2026-09-29,071,SAN JOSÉ DE OCOA,SAN JOSÉ DE OCOA,HOSP. SAN JOSÉ DE OCOA,EMCI,33.2,22.1,0.0,https://indomet.gob.do/wp-content/uploads/2026/09/temperaturas-extremas-y-precipitaciones-2026x09x29-a.pdf
2026-09-29,072,SÁNCHEZ,SAMANÁ,MINISTERIO DE AGRICULTURA,EMCI,33.8,23.5,0.0,https://indomet.gob.do/wp-content/uploads/2026/09/temperaturas-extremas-y-precipitaciones-2026x09x29-a.pdf
2026-09-29,073,SANTIAGO (CENTRO),SANTIAGO,HUACALITO,EMCI,,,0.0,https://indomet.gob.do/wp-content/uploads/2026/09/temperaturas-extremas-y-precipitaciones-2026x09x29-a.pdf
2026-09-29,074,SANTIAGO RODRÍGUEZ,SANTIAGO RODRÍGUEZ,INDOMET,EMCI,37.2,23.5,0.0,https://indomet.gob.do/wp-content/uploads/2026/09/temperaturas-extremas-y-precipitaciones-2026x09x29-a.pdf
2026-09-29,075,SANTO DOMINGO ESTE,SANTO DOMINGO,INDOMET,EMCI,35.5,26.6,0.0,https://indomet.gob.do/wp-content/uploads/2026/09/temperaturas-extremas-y-precipitaciones-2026x09x29-a.pdf
2026-09-29,076,TÁBARA ABAJO,AZUA,INDRHI,EMCI,33.5,24.0,0.0,https://indomet.gob.do/wp-content/uploads/2026/09/temperaturas-extremas-y-precipitaciones-2026x09x29-a.pdf
2026-09-29,077,VILLA GONZALES,SANTIAGO,MINISTERIO DE AGRICULTURA,EMCI,,,0.0,https://indomet.gob.do/wp-content/uploads/2026/09/temperaturas-extremas-y-precipitaciones-2026x09x29-a.pdf
2026-09-29,078,BOHECHÍO,SAN JUAN,MINISTERIO DE AGRICULTURA,EMCV,,,0.0,https://indomet.gob.do/wp-content/uploads/2026/09/temperaturas-extremas-y-precipitaciones-2026x09x29-a.pdf
2026-09-29,079,CABRAL,BARAHONA,MINISTERIO DE AGRICULTURA,EMCV,35.0,26.3,0.0,https://indomet.gob.do/wp-content/uploads/2026/09/temperaturas-extremas-y-precipitaciones-2026x09x29-a.pdf
2026-09-29,080,EL CERCADO,SAN JUAN,MINISTERIO DE AGRICULTURA,EMCV,,,0.0,https://indomet.gob.do/wp-content/uploads/2026/09/temperaturas-extremas-y-precipitaciones-2026x09x29-a.pdf
2026-09-29,081,ELÍAS PIÑA,ELÍAS PIÑA,MINISTERIO DE AGRICULTURA,EMCV,,,0.0,https://indomet.gob.do/wp-content/uploads/2026/09/temperaturas-extremas-y-precipitaciones-2026x09x29-a.pdf
2026-09-29,082,ENRIQUILLO,BARAHONA,MINISTERIO DE AGRICULTURA,EMCV,34.0,25.0,0.0,https://indomet.gob.do/wp-content/uploads/2026/09/temperaturas-extremas-y-precipitaciones-2026x09x29-a.pdf
2026-09-29,083,GURABO,SANTIAGO,MINISTERIO DE AGRICULTURA,EMCV,,,0.0,https://indomet.gob.do/wp-content/uploads/2026/09/temperaturas-extremas-y-precipitaciones-2026x09x29-a.pdf
2026-09-29,084,MAO,VALVERDE,INDRHI / MINISTERIO DE AGRICULTURA,EMCV,,,0.0,https://indomet.gob.do/wp-content/uploads/2026/09/temperaturas-extremas-y-precipitaciones-2026x09x29-a.pdf
2026-09-29,085,PARQUE MIRADOR SUR,DISTRITO NACIONAL,AYUNTAMIENTO,EMCV,34.0,23.4,0.0,https://indomet.gob.do/wp-content/uploads/2026/09/temperaturas-extremas-y-precipitaciones-2026x09x29-a.pdf
2026-09-29,086,SABANA GRANDE DE BOYÁ,MONTE PLATA,MINISTERIO DE AGRICULTURA,EMCV,,,0.0,https://indomet.gob.do/wp-content/uploads/2026/09/temperaturas-extremas-y-precipitaciones-2026x09x29-a.pdf
2026-09-29,087,VILLA ISABELA,PUERTO PLATA,MINISTERIO DE AGRICULTURA,EMCV,34.0,22.0,0.0,https://indomet.gob.do/wp-content/uploads/2026/09/temperaturas-extremas-y-precipitaciones-2026x09x29-a.pdf
2026-09-30,001,ARPT. EL CATEY,SAMANÁ,INDOMET,EMCI,30.5,22.5,83.4,https://indomet.gob.do/wp-content/uploads/2026/10/temperaturas-extremas-y-precipitaciones-2026x09x30-a.pdf
2026-09-30,002,EL MILLON (EMA),DISTRITO NACIONAL,PRIVADA,EMAP,,,52.6,https://indomet.gob.do/wp-content/uploads/2026/10/temperaturas-extremas-y-precipitaciones-2026x09x30-a.pdf
2026-09-30,003,PROLONGACION 27 DE FEBRERO,DISTRITO NACIONAL,PRIVADA,EMAP,,,47.6,https://indomet.gob.do/wp-content/uploads/2026/10/temperaturas-extremas-y-precipitaciones-2026x09x30-a.pdf
2026-09-30,004,CENTRO DE LOS HEROES (EMA),DISTRITO NACIONAL,MINISTERIO DE ENERGIA Y MINA,EMAP,,,46.6,https://indomet.gob.do/wp-content/uploads/2026/10/temperaturas-extremas-y-precipitaciones-2026x09x30-a.pdf
2026-09-30,005,SAN CRISTÓBAL,SAN CRISTÓBAL,INSTITUTO POLITÉCNICO LOYOLA,EMCI,34.2,21.5,42.8,https://indomet.gob.do/wp-content/uploads/2026/10/temperaturas-extremas-y-precipitaciones-2026x09x30-a.pdf
2026-09-30,006,JARDÍN BOTÁNICO NACIONAL,DISTRITO NACIONAL,JARDÍN BOTÁNICO NACIONAL,EMCV,30.1,21.2,39.3,https://indomet.gob.do/wp-content/uploads/2026/10/temperaturas-extremas-y-precipitaciones-2026x09x30-a.pdf
2026-09-30,007,BELLA VISTA (EMA),DISTRITO NACIONAL,PRIVADA,EMAP,,,39.2,https://indomet.gob.do/wp-content/uploads/2026/10/temperaturas-extremas-y-precipitaciones-2026x09x30-a.pdf
2026-09-30,008,LA AGUSTINA (EMA),DISTRITO NACIONAL,PRIVADA,EMAP,,,39.2,https://indomet.gob.do/wp-content/uploads/2026/10/temperaturas-extremas-y-precipitaciones-2026x09x30-a.pdf
2026-09-30,009,ENSANCHE LA FE (EMA),DISTRITO NACIONAL,PRIVADA,EMAP,,,39.1,https://indomet.gob.do/wp-content/uploads/2026/10/temperaturas-extremas-y-precipitaciones-2026x09x30-a.pdf
2026-09-30,010,LOS PRADOS (EMA),DISTRITO NACIONAL,PRIVADA,EMAP,,,39.1,https://indomet.gob.do/wp-content/uploads/2026/10/temperaturas-extremas-y-precipitaciones-2026x09x30-a.pdf
2026-09-30,011,SANTO DOMINGO ESTE,SANTO DOMINGO,INDOMET,EMCI,33.4,26.0,36.9,https://indomet.gob.do/wp-content/uploads/2026/10/temperaturas-extremas-y-precipitaciones-2026x09x30-a.pdf
2026-09-30,012,SAN RAFAEL DEL YUMA,LA ALTAGRACIA,MINISTERIO DE AGRICULTURA,EMCI,36.0,24.2,30.4,https://indomet.gob.do/wp-content/uploads/2026/10/temperaturas-extremas-y-precipitaciones-2026x09x30-a.pdf
2026-09-30,013,LOS CACICAZGOS (EMA),DISTRITO NACIONAL,PRIVADA,EMAP,,,26.9,https://indomet.gob.do/wp-content/uploads/2026/10/temperaturas-extremas-y-precipitaciones-2026x09x30-a.pdf
2026-09-30,014,BASE AÉREA DE SAN ISIDRO,SANTO DOMINGO,FUERZA AÉREA DOMINICANA,EMCV,32.2,23.7,23.0,https://indomet.gob.do/wp-content/uploads/2026/10/temperaturas-extremas-y-precipitaciones-2026x09x30-a.pdf
2026-09-30,015,JUMA BEJUCAL,MONSEÑOR NOUEL,IDIAF,EMCV,33.6,23.4,19.9,https://indomet.gob.do/wp-content/uploads/2026/10/temperaturas-extremas-y-precipitaciones-2026x09x30-a.pdf
2026-09-30,016,LA VICTORIA,SANTO DOMINGO,CUERPO DE BOMBEROS,EMCI,31.3,23.5,15.1,https://indomet.gob.do/wp-content/uploads/2026/10/temperaturas-extremas-y-precipitaciones-2026x09x30-a.pdf
2026-09-30,017,POLO,BARAHONA,INDOCAFE,EMCI,29.0,16.5,14.4,https://indomet.gob.do/wp-content/uploads/2026/10/temperaturas-extremas-y-precipitaciones-2026x09x30-a.pdf
2026-09-30,018,EL FACTOR (EMA),MARÍA TRINIDAD SÁNCHEZ,INTEC,EMAP,32.6,23.7,14.2,https://indomet.gob.do/wp-content/uploads/2026/10/temperaturas-extremas-y-precipitaciones-2026x09x30-a.pdf
2026-09-30,019,SABANA DE LA MAR,HATO MAYOR,INDOMET,EMCI,32.8,23.0,12.6,https://indomet.gob.do/wp-content/uploads/2026/10/temperaturas-extremas-y-precipitaciones-2026x09x30-a.pdf
2026-09-30,020,JARDÍN BOTÁNICO SANTIAGO (EMSANTIAGO,,JARDIN BOTANICO SANTIAGO,EMAI,34.4,26.9,12.2,https://indomet.gob.do/wp-content/uploads/2026/10/temperaturas-extremas-y-precipitaciones-2026x09x30-a.pdf
2026-09-30,021,SÁNCHEZ,SAMANÁ,MINISTERIO DE AGRICULTURA,EMCI,34.1,22.1,11.8,https://indomet.gob.do/wp-content/uploads/2026/10/temperaturas-extremas-y-precipitaciones-2026x09x30-a.pdf
2026-09-30,022,SALCEDO,HERMANAS MIRABAL,PROPIEDAD DEL EMPLEADO,EMCI,,,10.2,https://indomet.gob.do/wp-content/uploads/2026/10/temperaturas-extremas-y-precipitaciones-2026x09x30-a.pdf
2026-09-30,023,GURABO,SANTIAGO,MINISTERIO DE AGRICULTURA,EMCV,,,10.2,https://indomet.gob.do/wp-content/uploads/2026/10/temperaturas-extremas-y-precipitaciones-2026x09x30-a.pdf
2026-09-30,024,HONDO VALLE,ELÍAS PIÑA,MINISTERIO DE AGRICULTURA,EMCI,27.7,18.6,9.6,https://indomet.gob.do/wp-content/uploads/2026/10/temperaturas-extremas-y-precipitaciones-2026x09x30-a.pdf
2026-09-30,025,PARQUE MIRADOR NORTE,SANTO DOMINGO,AYUNTAMIENTO,EMCV,,,8.6,https://indomet.gob.do/wp-content/uploads/2026/10/temperaturas-extremas-y-precipitaciones-2026x09x30-a.pdf
2026-09-30,026,NAVARRETE,SANTIAGO,MINISTERIO DE AGRICULTURA,EMCV,,,8.1,https://indomet.gob.do/wp-content/uploads/2026/10/temperaturas-extremas-y-precipitaciones-2026x09x30-a.pdf
2026-09-30,027,GASPAR HERNÁNDEZ,ESPAILLAT,PROPIEDAD DEL EMPLEADO,EMCI,,,7.6,https://indomet.gob.do/wp-content/uploads/2026/10/temperaturas-extremas-y-precipitaciones-2026x09x30-a.pdf
2026-09-30,028,MICHES (EMA),EL SEIBO,PRIVADA,EMAP,31.7,23.7,7.6,https://indomet.gob.do/wp-content/uploads/2026/10/temperaturas-extremas-y-precipitaciones-2026x09x30-a.pdf
2026-09-30,029,COTUI HOSP.MUNICIPAL (EMA),SÁNCHEZ RAMÍREZ,PROGRAMA MUNDIAL DE ALIMENTO,EMAP,33.3,24.1,6.6,https://indomet.gob.do/wp-content/uploads/2026/10/temperaturas-extremas-y-precipitaciones-2026x09x30-a.pdf
2026-09-30,030,ARPT. LA ISABELA,SANTO DOMINGO,INDOMET,EMCI,34.8,22.6,6.5,https://indomet.gob.do/wp-content/uploads/2026/10/temperaturas-extremas-y-precipitaciones-2026x09x30-a.pdf
2026-09-30,031,VILLA ALTAGRACIA,SAN CRISTÓBAL,ESCUELA JAVIER ANGULO GURIDI,EMCI,,,5.2,https://indomet.gob.do/wp-content/uploads/2026/10/temperaturas-extremas-y-precipitaciones-2026x09x30-a.pdf
2026-09-30,032,ARPT. DE LA ROMANA,LA ROMANA,INDOMET,EMCI,34.5,22.5,4.5,https://indomet.gob.do/wp-content/uploads/2026/10/temperaturas-extremas-y-precipitaciones-2026x09x30-a.pdf
2026-09-30,033,LA VEGA,LA VEGA,IATESA,EMCI,33.0,23.5,4.4,https://indomet.gob.do/wp-content/uploads/2026/10/temperaturas-extremas-y-precipitaciones-2026x09x30-a.pdf
2026-09-30,034,SAN JOSÉ DE OCOA,SAN JOSÉ DE OCOA,HOSP. SAN JOSÉ DE OCOA,EMCI,34.1,23.0,4.0,https://indomet.gob.do/wp-content/uploads/2026/10/temperaturas-extremas-y-precipitaciones-2026x09x30-a.pdf
2026-09-30,035,ARPT. DE LAS AMÉRICAS,SANTO DOMINGO,INDOMET,EMCI,34.0,24.2,3.8,https://indomet.gob.do/wp-content/uploads/2026/10/temperaturas-extremas-y-precipitaciones-2026x09x30-a.pdf
2026-09-30,036,ARPT. GREGORIO LUPERÓN,PUERTO PLATA,INDOMET,EMCI,33.5,23.0,3.6,https://indomet.gob.do/wp-content/uploads/2026/10/temperaturas-extremas-y-precipitaciones-2026x09x30-a.pdf
2026-09-30,037,PALO ÍNDIO,PUERTO PLATA,MINISTERIO DE AGRICULTURA,EMCI,,,3.3,https://indomet.gob.do/wp-content/uploads/2026/10/temperaturas-extremas-y-precipitaciones-2026x09x30-a.pdf
2026-09-30,038,ALTO BANDERA (EMA),LA VEGA,INTEC,EMAP,14.0,7.4,3.0,https://indomet.gob.do/wp-content/uploads/2026/10/temperaturas-extremas-y-precipitaciones-2026x09x30-a.pdf
2026-09-30,039,ARPT. DE PUNTA CANA,LA ALTAGRACIA,INDOMET,EMCI,32.8,24.8,3.0,https://indomet.gob.do/wp-content/uploads/2026/10/temperaturas-extremas-y-precipitaciones-2026x09x30-a.pdf
2026-09-30,040,CABRERA,MARÍA TRINIDAD SÁNCHEZ,ESCUELA ARÍSTIDES FIALLO CABRAL,EMCI,35.5,26.4,3.0,https://indomet.gob.do/wp-content/uploads/2026/10/temperaturas-extremas-y-precipitaciones-2026x09x30-a.pdf
2026-09-30,041,LOS JENGIBRES,NAGUA,INDRHI,EMCI,,,2.9,https://indomet.gob.do/wp-content/uploads/2026/10/temperaturas-extremas-y-precipitaciones-2026x09x30-a.pdf
2026-09-30,042,RÍO SAN JUAN,MARÍA TRINIDAD SÁNCHEZ,HOSP. MPAL. DR. DESIDERIO ACOSTA,EMCV,34.9,24.4,2.8,https://indomet.gob.do/wp-content/uploads/2026/10/temperaturas-extremas-y-precipitaciones-2026x09x30-a.pdf
2026-09-30,043,ARPT. ARROYO BARRIL,SAMANÁ,INDOMET,EMCI,34.0,23.0,2.7,https://indomet.gob.do/wp-content/uploads/2026/10/temperaturas-extremas-y-precipitaciones-2026x09x30-a.pdf
2026-09-30,044,LOS LLANOS,SAN PEDRO DE MACORÍS,MINISTERIO DE AGRICULTURA,EMCI,34.8,22.8,2.4,https://indomet.gob.do/wp-content/uploads/2026/10/temperaturas-extremas-y-precipitaciones-2026x09x30-a.pdf
2026-09-30,045,LUPERÓN,PUERTO PLATA,MINISTERIO DE AGRICULTURA,EMCV,,,1.5,https://indomet.gob.do/wp-content/uploads/2026/10/temperaturas-extremas-y-precipitaciones-2026x09x30-a.pdf
2026-09-30,046,JARABACOA,LA VEGA,INDRHI / MARENA,EMCI,33.0,19.4,1.5,https://indomet.gob.do/wp-content/uploads/2026/10/temperaturas-extremas-y-precipitaciones-2026x09x30-a.pdf
2026-09-30,047,MAO,VALVERDE,INDRHI / MINISTERIO DE AGRICULTURA,EMCV,,,1.4,https://indomet.gob.do/wp-content/uploads/2026/10/temperaturas-extremas-y-precipitaciones-2026x09x30-a.pdf
2026-09-30,048,RANCHO ARRIBA,SAN JOSÉ DE OCOA,CENTRO TECNOLÓGICO COMUNITARIO,EMCI,30.1,20.2,1.2,https://indomet.gob.do/wp-content/uploads/2026/10/temperaturas-extremas-y-precipitaciones-2026x09x30-a.pdf
2026-09-30,049,VILLA GONZALES,SANTIAGO,MINISTERIO DE AGRICULTURA,EMCI,,,1.2,https://indomet.gob.do/wp-content/uploads/2026/10/temperaturas-extremas-y-precipitaciones-2026x09x30-a.pdf
2026-09-30,050,PALO DE VIENTO (EMA),SAN JUAN,PRIVADA,EMAP,27.7,15.3,1.0,https://indomet.gob.do/wp-content/uploads/2026/10/temperaturas-extremas-y-precipitaciones-2026x09x30-a.pdf
2026-09-30,051,SAMANÁ,SAMANÁ,COMANDANCIA DE PUERTO DE SAMANÁ,EMCI,33.7,17.5,0.7,https://indomet.gob.do/wp-content/uploads/2026/10/temperaturas-extremas-y-precipitaciones-2026x09x30-a.pdf
2026-09-30,052,BAYAGUANA,MONTE PLATA,INDOMET,EMCI,33.0,23.0,0.6,https://indomet.gob.do/wp-content/uploads/2026/10/temperaturas-extremas-y-precipitaciones-2026x09x30-a.pdf
2026-09-30,053,BOCA DE MAO (EMA),VALVERDE,MINISTERIO DE AGRICULTURA,EMAP,36.3,24.6,0.6,https://indomet.gob.do/wp-content/uploads/2026/10/temperaturas-extremas-y-precipitaciones-2026x09x30-a.pdf
2026-09-30,054,CONSTANZA,LA VEGA,MINISTERIO DE AGRICULTURA,EMCI,27.8,17.7,0.6,https://indomet.gob.do/wp-content/uploads/2026/10/temperaturas-extremas-y-precipitaciones-2026x09x30-a.pdf
2026-09-30,055,ARPT. DEL CIBAO,SANTIAGO,INDOMET,EMCI,34.1,23.7,0.5,https://indomet.gob.do/wp-content/uploads/2026/10/temperaturas-extremas-y-precipitaciones-2026x09x30-a.pdf
2026-09-30,056,CONSTANZA (EMA),LA VEGA,PROGRAMA MUNDIAL DE ALIMENTO,EMAP,26.6,18.6,0.4,https://indomet.gob.do/wp-content/uploads/2026/10/temperaturas-extremas-y-precipitaciones-2026x09x30-a.pdf
2026-09-30,057,PERALTA,AZUA,HOSP. MPAL. DE PERALTA,EMCI,32.0,19.0,0.3,https://indomet.gob.do/wp-content/uploads/2026/10/temperaturas-extremas-y-precipitaciones-2026x09x30-a.pdf
2026-09-30,058,TÁBARA ABAJO,AZUA,INDRHI,EMCI,35.5,23.5,0.3,https://indomet.gob.do/wp-content/uploads/2026/10/temperaturas-extremas-y-precipitaciones-2026x09x30-a.pdf
2026-09-30,059,VILLA RIVA,DUARTE,HOSP. MPAL. ALICIA DE LEGENDRE,EMCI,32.5,22.7,0.3,https://indomet.gob.do/wp-content/uploads/2026/10/temperaturas-extremas-y-precipitaciones-2026x09x30-a.pdf
2026-09-30,060,PRESA DE TAVERAS (EMA),LA VEGA,PROGRAMA MUNDIAL DE ALIMENTO,EMAP,32.2,23.2,0.2,https://indomet.gob.do/wp-content/uploads/2026/10/temperaturas-extremas-y-precipitaciones-2026x09x30-a.pdf
2026-09-30,061,ARPT. MARÍA MONTEZ,BARAHONA,INDOMET,EMCI,35.1,26.0,0.1,https://indomet.gob.do/wp-content/uploads/2026/10/temperaturas-extremas-y-precipitaciones-2026x09x30-a.pdf
2026-09-30,062,ALTAMIRA,PUERTO PLATA,HOSP. MPAL. DE ALTAMIRA,EMCI,34.1,21.6,0.0,https://indomet.gob.do/wp-content/uploads/2026/10/temperaturas-extremas-y-precipitaciones-2026x09x30-a.pdf
2026-09-30,063,ARROYO LORO,SAN JUAN,IDIAF,EMCI,34.4,19.9,0.0,https://indomet.gob.do/wp-content/uploads/2026/10/temperaturas-extremas-y-precipitaciones-2026x09x30-a.pdf
2026-09-30,064,BOHECHÍO,SAN JUAN,MINISTERIO DE AGRICULTURA,EMCV,,,0.0,https://indomet.gob.do/wp-content/uploads/2026/10/temperaturas-extremas-y-precipitaciones-2026x09x30-a.pdf
2026-09-30,065,BUCARA (EMA),SANTIAGO,MINISTERIO DE AGRICULTURA,EMAI,,,0.0,https://indomet.gob.do/wp-content/uploads/2026/10/temperaturas-extremas-y-precipitaciones-2026x09x30-a.pdf
2026-09-30,066,DAJABÓN,DAJABÓN,INSTITUTO POLITÉCNICO LOYOLA,EMCI,35.8,20.4,0.0,https://indomet.gob.do/wp-content/uploads/2026/10/temperaturas-extremas-y-precipitaciones-2026x09x30-a.pdf
2026-09-30,067,EL CERCADO,SAN JUAN,MINISTERIO DE AGRICULTURA,EMCV,,,0.0,https://indomet.gob.do/wp-content/uploads/2026/10/temperaturas-extremas-y-precipitaciones-2026x09x30-a.pdf
2026-09-30,068,ELÍAS PIÑA,ELÍAS PIÑA,MINISTERIO DE AGRICULTURA,EMCV,,,0.0,https://indomet.gob.do/wp-content/uploads/2026/10/temperaturas-extremas-y-precipitaciones-2026x09x30-a.pdf
2026-09-30,069,ENRIQUILLO,BARAHONA,MINISTERIO DE AGRICULTURA,EMCV,34.2,25.5,0.0,https://indomet.gob.do/wp-content/uploads/2026/10/temperaturas-extremas-y-precipitaciones-2026x09x30-a.pdf
2026-09-30,070,HATO MAYOR,HATO MAYOR,MINISTERIO DE AGRICULTURA,EMCV,,,0.0,https://indomet.gob.do/wp-content/uploads/2026/10/temperaturas-extremas-y-precipitaciones-2026x09x30-a.pdf
2026-09-30,071,JIMANÍ,INDEPENDENCIA,MINISTERIO DE AGRICULTURA,EMCI,37.8,26.8,0.0,https://indomet.gob.do/wp-content/uploads/2026/10/temperaturas-extremas-y-precipitaciones-2026x09x30-a.pdf
2026-09-30,072,LOS COCOS (EMA),BAHORUCO,PRIVADA,EMAP,,,0.0,https://indomet.gob.do/wp-content/uploads/2026/10/temperaturas-extremas-y-precipitaciones-2026x09x30-a.pdf
2026-09-30,073,MONCIÓN (EMA),SANTIAGO RODRÍGUEZ,PROGRAMA MUNDIAL DE ALIMENTO,EMAP,32.8,22.5,0.0,https://indomet.gob.do/wp-content/uploads/2026/10/temperaturas-extremas-y-precipitaciones-2026x09x30-a.pdf
2026-09-30,074,MONTE CRISTI,MONTE CRISTI,INDOMET,EMCI,35.8,27.0,0.0,https://indomet.gob.do/wp-content/uploads/2026/10/temperaturas-extremas-y-precipitaciones-2026x09x30-a.pdf
2026-09-30,075,OLIVARES,PEDERNALES,INDRHI,EMCI,,,0.0,https://indomet.gob.do/wp-content/uploads/2026/10/temperaturas-extremas-y-precipitaciones-2026x09x30-a.pdf
2026-09-30,076,OVIEDO,PEDERNALES,CLÍNICA RURAL OVIEDO,EMCI,34.0,22.0,0.0,https://indomet.gob.do/wp-content/uploads/2026/10/temperaturas-extremas-y-precipitaciones-2026x09x30-a.pdf
2026-09-30,077,PADRE LAS CASAS,AZUA,HOSP. NTRA. SRA. DEL CARMEN,EMCI,34.5,20.0,0.0,https://indomet.gob.do/wp-content/uploads/2026/10/temperaturas-extremas-y-precipitaciones-2026x09x30-a.pdf
2026-09-30,078,PASO AL MEDIO,SAN PEDRO DE MACORÍS,INDRHI,EMCI,,,0.0,https://indomet.gob.do/wp-content/uploads/2026/10/temperaturas-extremas-y-precipitaciones-2026x09x30-a.pdf
2026-09-30,079,PEDERNALES,PEDERNALES,INDRHI,EMCI,,,0.0,https://indomet.gob.do/wp-content/uploads/2026/10/temperaturas-extremas-y-precipitaciones-2026x09x30-a.pdf
2026-09-30,080,RESTAURACIÓN,DAJABÓN,MINISTERIO DE AGRICULTURA,EMCI,31.2,17.5,0.0,https://indomet.gob.do/wp-content/uploads/2026/10/temperaturas-extremas-y-precipitaciones-2026x09x30-a.pdf
2026-09-30,081,SABANA GRANDE DE BOYÁ,MONTE PLATA,MINISTERIO DE AGRICULTURA,EMCV,,,0.0,https://indomet.gob.do/wp-content/uploads/2026/10/temperaturas-extremas-y-precipitaciones-2026x09x30-a.pdf
2026-09-30,082,SABANETA (EMA),SANTIAGO RODRÍGUEZ,PROGRAMA MUNDIAL DE ALIMENTO,EMAP,36.3,23.3,0.0,https://indomet.gob.do/wp-content/uploads/2026/10/temperaturas-extremas-y-precipitaciones-2026x09x30-a.pdf
2026-09-30,083,SAJOMA (EMA),SANTIAGO,PLAN SIERRA,EMAI,32.5,25.9,0.0,https://indomet.gob.do/wp-content/uploads/2026/10/temperaturas-extremas-y-precipitaciones-2026x09x30-a.pdf
2026-09-30,084,SAN FRANCISCO DE MACORÍS,DUARTE,San Francisco de Macorís (UASD),EMCI,35.8,24.2,0.0,https://indomet.gob.do/wp-content/uploads/2026/10/temperaturas-extremas-y-precipitaciones-2026x09x30-a.pdf
2026-09-30,085,SANTIAGO RODRÍGUEZ,SANTIAGO RODRÍGUEZ,INDOMET,EMCI,36.5,24.0,0.0,https://indomet.gob.do/wp-content/uploads/2026/10/temperaturas-extremas-y-precipitaciones-2026x09x30-a.pdf
2026-09-30,086,TAVERA,SANTIAGO,INDRHI,EMCI,,,0.0,https://indomet.gob.do/wp-content/uploads/2026/10/temperaturas-extremas-y-precipitaciones-2026x09x30-a.pdf
2026-09-30,087,VILLA GONZALE (EMA),SANTIAGO,IGLESIA,EMAI,,,0.0,https://indomet.gob.do/wp-content/uploads/2026/10/temperaturas-extremas-y-precipitaciones-2026x09x30-a.pdf
2026-09-30,088,VILLA ISABELA,PUERTO PLATA,MINISTERIO DE AGRICULTURA,EMCV,34.5,23.0,0.0,https://indomet.gob.do/wp-content/uploads/2026/10/temperaturas-extremas-y-precipitaciones-2026x09x30-a.pdf
2026-09-30,089,VILLA VASQUEZ (EMA),MONTE CRISTI,JUNTA DE REGANTES,EMAI,,,0.0,https://indomet.gob.do/wp-content/uploads/2026/10/temperaturas-extremas-y-precipitaciones-2026x09x30-a.pdf
2026-10-01,001,POLO,BARAHONA,INDOCAFE,EMCI,29.5,16.3,57.2,https://indomet.gob.do/wp-content/uploads/2026/10/Temperaturas-extremas-y-precipitaciones-01-de-Octubre-2026.pdf
2026-10-01,002,NIZAO,PERAVIA,PRIVADA,EMAP,,,39.1,https://indomet.gob.do/wp-content/uploads/2026/10/Temperaturas-extremas-y-precipitaciones-01-de-Octubre-2026.pdf
2026-10-01,003,ALTO BANDERA (EMA),LA VEGA,INTEC,EMAP,13.1,9.3,32.3,https://indomet.gob.do/wp-content/uploads/2026/10/Temperaturas-extremas-y-precipitaciones-01-de-Octubre-2026.pdf
2026-10-01,004,PASO AL MEDIO,SAN PEDRO DE MACORÍS,INDRHI,EMCI,,,28.3,https://indomet.gob.do/wp-content/uploads/2026/10/Temperaturas-extremas-y-precipitaciones-01-de-Octubre-2026.pdf
2026-10-01,005,BAYAGUANA,MONTE PLATA,INDOMET,EMCI,34.8,22.6,23.8,https://indomet.gob.do/wp-content/uploads/2026/10/Temperaturas-extremas-y-precipitaciones-01-de-Octubre-2026.pdf
2026-10-01,006,OVIEDO,PEDERNALES,CLÍNICA RURAL OVIEDO,EMCI,35.0,24.5,20.0,https://indomet.gob.do/wp-content/uploads/2026/10/Temperaturas-extremas-y-precipitaciones-01-de-Octubre-2026.pdf
2026-10-01,007,COTUI HOSP.MUNICIPAL (EMA),SÁNCHEZ RAMÍREZ,PROGRAMA MUNDIAL DE ALIMENTO,EMAP,,,19.8,https://indomet.gob.do/wp-content/uploads/2026/10/Temperaturas-extremas-y-precipitaciones-01-de-Octubre-2026.pdf
2026-10-01,008,RANCHO ARRIBA,SAN JOSÉ DE OCOA,CENTRO TECNOLÓGICO COMUNITARIO,EMCI,30.4,20.3,17.8,https://indomet.gob.do/wp-content/uploads/2026/10/Temperaturas-extremas-y-precipitaciones-01-de-Octubre-2026.pdf
2026-10-01,009,VILLA ALTAGRACIA,SAN CRISTÓBAL,ESCUELA JAVIER ANGULO GURIDI,EMCI,,,16.5,https://indomet.gob.do/wp-content/uploads/2026/10/Temperaturas-extremas-y-precipitaciones-01-de-Octubre-2026.pdf
2026-10-01,010,ENRIQUILLO,BARAHONA,MINISTERIO DE AGRICULTURA,EMCV,33.5,22.0,16.4,https://indomet.gob.do/wp-content/uploads/2026/10/Temperaturas-extremas-y-precipitaciones-01-de-Octubre-2026.pdf
2026-10-01,011,LOS COCOS (EMA),BAHORUCO,PRIVADA,EMAP,,,14.3,https://indomet.gob.do/wp-content/uploads/2026/10/Temperaturas-extremas-y-precipitaciones-01-de-Octubre-2026.pdf
2026-10-01,012,BONAO,MONSEÑOR NOUEL,MINISTERIO DE AGRICULTURA,EMCV,,,13.0,https://indomet.gob.do/wp-content/uploads/2026/10/Temperaturas-extremas-y-precipitaciones-01-de-Octubre-2026.pdf
2026-10-01,013,SÁNCHEZ,SAMANÁ,MINISTERIO DE AGRICULTURA,EMCI,33.7,22.2,12.4,https://indomet.gob.do/wp-content/uploads/2026/10/Temperaturas-extremas-y-precipitaciones-01-de-Octubre-2026.pdf
2026-10-01,014,CABRERA,MARÍA TRINIDAD SÁNCHEZ,ESCUELA ARÍSTIDES FIALLO CABRAL,EMCI,34.5,25.5,11.5,https://indomet.gob.do/wp-content/uploads/2026/10/Temperaturas-extremas-y-precipitaciones-01-de-Octubre-2026.pdf
2026-10-01,015,SAN JOSÉ DE OCOA,SAN JOSÉ DE OCOA,HOSP. SAN JOSÉ DE OCOA,EMCI,32.4,21.2,11.2,https://indomet.gob.do/wp-content/uploads/2026/10/Temperaturas-extremas-y-precipitaciones-01-de-Octubre-2026.pdf
2026-10-01,016,ARPT. LA ISABELA,SANTO DOMINGO,INDOMET,EMCI,33.5,22.0,10.0,https://indomet.gob.do/wp-content/uploads/2026/10/Temperaturas-extremas-y-precipitaciones-01-de-Octubre-2026.pdf
2026-10-01,017,LA VICTORIA,SANTO DOMINGO,CUERPO DE BOMBEROS,EMCI,31.0,23.5,9.9,https://indomet.gob.do/wp-content/uploads/2026/10/Temperaturas-extremas-y-precipitaciones-01-de-Octubre-2026.pdf
2026-10-01,018,ARPT. DE PUNTA CANA,LA ALTAGRACIA,INDOMET,EMCI,33.0,23.8,9.2,https://indomet.gob.do/wp-content/uploads/2026/10/Temperaturas-extremas-y-precipitaciones-01-de-Octubre-2026.pdf
2026-10-01,019,CONSTANZA (EMA),LA VEGA,PROGRAMA MUNDIAL DE ALIMENTO,EMAP,26.7,16.3,8.6,https://indomet.gob.do/wp-content/uploads/2026/10/Temperaturas-extremas-y-precipitaciones-01-de-Octubre-2026.pdf
2026-10-01,020,CONSTANZA,LA VEGA,MINISTERIO DE AGRICULTURA,EMCI,27.6,15.3,8.6,https://indomet.gob.do/wp-content/uploads/2026/10/Temperaturas-extremas-y-precipitaciones-01-de-Octubre-2026.pdf
2026-10-01,021,VILLA RIVA,DUARTE,HOSP. MPAL. ALICIA DE LEGENDRE,EMCI,33.0,22.6,8.5,https://indomet.gob.do/wp-content/uploads/2026/10/Temperaturas-extremas-y-precipitaciones-01-de-Octubre-2026.pdf
2026-10-01,022,JUMA BEJUCAL,MONSEÑOR NOUEL,IDIAF,EMCV,34.8,24.2,7.4,https://indomet.gob.do/wp-content/uploads/2026/10/Temperaturas-extremas-y-precipitaciones-01-de-Octubre-2026.pdf
2026-10-01,023,ENSANCHE LA FE (EMA),DISTRITO NACIONAL,PRIVADA,EMAP,,,7.3,https://indomet.gob.do/wp-content/uploads/2026/10/Temperaturas-extremas-y-precipitaciones-01-de-Octubre-2026.pdf
2026-10-01,024,LA AGUSTINA (EMA),DISTRITO NACIONAL,PRIVADA,EMAP,,,7.3,https://indomet.gob.do/wp-content/uploads/2026/10/Temperaturas-extremas-y-precipitaciones-01-de-Octubre-2026.pdf
2026-10-01,025,SAMANÁ,SAMANÁ,COMANDANCIA DE PUERTO DE SAMANÁ,EMCI,34.4,16.9,6.6,https://indomet.gob.do/wp-content/uploads/2026/10/Temperaturas-extremas-y-precipitaciones-01-de-Octubre-2026.pdf
2026-10-01,026,SABANA GRANDE DE BOYÁ,MONTE PLATA,MINISTERIO DE AGRICULTURA,EMCV,,,6.4,https://indomet.gob.do/wp-content/uploads/2026/10/Temperaturas-extremas-y-precipitaciones-01-de-Octubre-2026.pdf
2026-10-01,027,RÍO SAN JUAN,MARÍA TRINIDAD SÁNCHEZ,HOSP. MPAL. DR. DESIDERIO ACOSTA,EMCV,35.4,24.8,6.0,https://indomet.gob.do/wp-content/uploads/2026/10/Temperaturas-extremas-y-precipitaciones-01-de-Octubre-2026.pdf
2026-10-01,028,ARPT. DE LAS AMÉRICAS,SANTO DOMINGO,INDOMET,EMCI,33.7,24.0,5.2,https://indomet.gob.do/wp-content/uploads/2026/10/Temperaturas-extremas-y-precipitaciones-01-de-Octubre-2026.pdf
2026-10-01,029,PADRE LAS CASAS,AZUA,HOSP. NTRA. SRA. DEL CARMEN,EMCI,35.0,20.0,5.2,https://indomet.gob.do/wp-content/uploads/2026/10/Temperaturas-extremas-y-precipitaciones-01-de-Octubre-2026.pdf
2026-10-01,030,OLIVARES,PEDERNALES,INDRHI,EMCI,,,5.0,https://indomet.gob.do/wp-content/uploads/2026/10/Temperaturas-extremas-y-precipitaciones-01-de-Octubre-2026.pdf
2026-10-01,031,SAN CRISTÓBAL,SAN CRISTÓBAL,INSTITUTO POLITÉCNICO LOYOLA,EMCI,33.0,21.0,5.0,https://indomet.gob.do/wp-content/uploads/2026/10/Temperaturas-extremas-y-precipitaciones-01-de-Octubre-2026.pdf
2026-10-01,032,LOS LLANOS,SAN PEDRO DE MACORÍS,MINISTERIO DE AGRICULTURA,EMCI,35.4,23.0,4.0,https://indomet.gob.do/wp-content/uploads/2026/10/Temperaturas-extremas-y-precipitaciones-01-de-Octubre-2026.pdf
2026-10-01,033,LA VEGA,LA VEGA,IATESA,EMCI,35.5,23.5,3.9,https://indomet.gob.do/wp-content/uploads/2026/10/Temperaturas-extremas-y-precipitaciones-01-de-Octubre-2026.pdf
2026-10-01,034,LOYOLA (EMA),SAN CRISTÓBAL,PRIVADA,EMAP,,,3.2,https://indomet.gob.do/wp-content/uploads/2026/10/Temperaturas-extremas-y-precipitaciones-01-de-Octubre-2026.pdf
2026-10-01,035,EL MILLON (EMA),DISTRITO NACIONAL,PRIVADA,EMAP,,,3.0,https://indomet.gob.do/wp-content/uploads/2026/10/Temperaturas-extremas-y-precipitaciones-01-de-Octubre-2026.pdf
2026-10-01,036,ARROYO LORO,SAN JUAN,IDIAF,EMCI,34.5,20.8,2.8,https://indomet.gob.do/wp-content/uploads/2026/10/Temperaturas-extremas-y-precipitaciones-01-de-Octubre-2026.pdf
2026-10-01,037,ARPT. ARROYO BARRIL,SAMANÁ,INDOMET,EMCI,33.5,23.4,2.5,https://indomet.gob.do/wp-content/uploads/2026/10/Temperaturas-extremas-y-precipitaciones-01-de-Octubre-2026.pdf
2026-10-01,038,ARPT. EL CATEY,SAMANÁ,INDOMET,EMCI,32.0,22.0,2.5,https://indomet.gob.do/wp-content/uploads/2026/10/Temperaturas-extremas-y-precipitaciones-01-de-Octubre-2026.pdf
2026-10-01,039,LOS JENGIBRES,NAGUA,INDRHI,EMCI,,,2.1,https://indomet.gob.do/wp-content/uploads/2026/10/Temperaturas-extremas-y-precipitaciones-01-de-Octubre-2026.pdf
2026-10-01,040,SAN RAFAEL DEL YUMA,LA ALTAGRACIA,MINISTERIO DE AGRICULTURA,EMCI,34.2,24.0,2.1,https://indomet.gob.do/wp-content/uploads/2026/10/Temperaturas-extremas-y-precipitaciones-01-de-Octubre-2026.pdf
2026-10-01,041,TAMBORIL,SANTIAGO,MINISTERIO DE AGRICULTURA,EMCV,,,2.0,https://indomet.gob.do/wp-content/uploads/2026/10/Temperaturas-extremas-y-precipitaciones-01-de-Octubre-2026.pdf
2026-10-01,042,MICHES (EMA),EL SEIBO,PRIVADA,EMAP,32.3,24.2,2.0,https://indomet.gob.do/wp-content/uploads/2026/10/Temperaturas-extremas-y-precipitaciones-01-de-Octubre-2026.pdf
2026-10-01,043,JARDÍN BOTÁNICO NACIONAL,DISTRITO NACIONAL,JARDÍN BOTÁNICO NACIONAL,EMCV,32.6,23.4,2.0,https://indomet.gob.do/wp-content/uploads/2026/10/Temperaturas-extremas-y-precipitaciones-01-de-Octubre-2026.pdf
2026-10-01,044,PERALTA,AZUA,HOSP. MPAL. DE PERALTA,EMCI,34.3,18.8,1.6,https://indomet.gob.do/wp-content/uploads/2026/10/Temperaturas-extremas-y-precipitaciones-01-de-Octubre-2026.pdf
2026-10-01,045,JANICO (EMA),LA VEGA,PLAN SIERRA,EMAI,,,1.0,https://indomet.gob.do/wp-content/uploads/2026/10/Temperaturas-extremas-y-precipitaciones-01-de-Octubre-2026.pdf
2026-10-01,046,PEDERNALES,PEDERNALES,INDRHI,EMCI,,,0.9,https://indomet.gob.do/wp-content/uploads/2026/10/Temperaturas-extremas-y-precipitaciones-01-de-Octubre-2026.pdf
2026-10-01,047,EL FACTOR (EMA),MARÍA TRINIDAD SÁNCHEZ,INTEC,EMAP,33.2,23.8,0.8,https://indomet.gob.do/wp-content/uploads/2026/10/Temperaturas-extremas-y-precipitaciones-01-de-Octubre-2026.pdf
2026-10-01,048,JARABACOA,LA VEGA,INDRHI / MARENA,EMCI,33.2,19.6,0.7,https://indomet.gob.do/wp-content/uploads/2026/10/Temperaturas-extremas-y-precipitaciones-01-de-Octubre-2026.pdf
2026-10-01,049,ARPT. MARÍA MONTEZ,BARAHONA,INDOMET,EMCI,34.3,25.6,0.1,https://indomet.gob.do/wp-content/uploads/2026/10/Temperaturas-extremas-y-precipitaciones-01-de-Octubre-2026.pdf
2026-10-01,050,SANTO DOMINGO ESTE,SANTO DOMINGO,INDOMET,EMCI,34.1,25.0,0.1,https://indomet.gob.do/wp-content/uploads/2026/10/Temperaturas-extremas-y-precipitaciones-01-de-Octubre-2026.pdf
2026-10-01,051,TÁBARA ABAJO,AZUA,INDRHI,EMCI,34.5,21.0,0.1,https://indomet.gob.do/wp-content/uploads/2026/10/Temperaturas-extremas-y-precipitaciones-01-de-Octubre-2026.pdf
2026-10-01,052,ELÍAS PIÑA,ELÍAS PIÑA,MINISTERIO DE AGRICULTURA,EMCV,,,0.1,https://indomet.gob.do/wp-content/uploads/2026/10/Temperaturas-extremas-y-precipitaciones-01-de-Octubre-2026.pdf
2026-10-01,053,BUCARA (EMA),SANTIAGO,MINISTERIO DE AGRICULTURA,EMAI,,,0.0,https://indomet.gob.do/wp-content/uploads/2026/10/Temperaturas-extremas-y-precipitaciones-01-de-Octubre-2026.pdf
2026-10-01,054,JARDÍN BOTÁNICO SANTIAGO (EMSANTIAGO,,JARDIN BOTANICO SANTIAGO,EMAI,34.8,26.8,0.0,https://indomet.gob.do/wp-content/uploads/2026/10/Temperaturas-extremas-y-precipitaciones-01-de-Octubre-2026.pdf
2026-10-01,055,SAJOMA (EMA),SANTIAGO,PLAN SIERRA,EMAI,32.0,24.7,0.0,https://indomet.gob.do/wp-content/uploads/2026/10/Temperaturas-extremas-y-precipitaciones-01-de-Octubre-2026.pdf
2026-10-01,056,VILLA GONZALE (EMA),SANTIAGO,IGLESIA,EMAI,,,0.0,https://indomet.gob.do/wp-content/uploads/2026/10/Temperaturas-extremas-y-precipitaciones-01-de-Octubre-2026.pdf
2026-10-01,057,BOCA DE MAO (EMA),VALVERDE,MINISTERIO DE AGRICULTURA,EMAP,36.4,24.7,0.0,https://indomet.gob.do/wp-content/uploads/2026/10/Temperaturas-extremas-y-precipitaciones-01-de-Octubre-2026.pdf
2026-10-01,058,CENTRO DE LOS HEROES (EMA),DISTRITO NACIONAL,MINISTERIO DE ENERGIA Y MINA,EMAP,33.4,26.4,0.0,https://indomet.gob.do/wp-content/uploads/2026/10/Temperaturas-extremas-y-precipitaciones-01-de-Octubre-2026.pdf
2026-10-01,059,COFRESI (EMA),PUERTO PLATA,PRIVADA,EMAP,,,0.0,https://indomet.gob.do/wp-content/uploads/2026/10/Temperaturas-extremas-y-precipitaciones-01-de-Octubre-2026.pdf
2026-10-01,060,LA YAGUITA (EMA),MONTE CRISTI,PROPIEDAD DEL VOLUNTARIO,EMAP,,,0.0,https://indomet.gob.do/wp-content/uploads/2026/10/Temperaturas-extremas-y-precipitaciones-01-de-Octubre-2026.pdf
2026-10-01,061,LOS CACICAZGOS (EMA),DISTRITO NACIONAL,PRIVADA,EMAP,,,0.0,https://indomet.gob.do/wp-content/uploads/2026/10/Temperaturas-extremas-y-precipitaciones-01-de-Octubre-2026.pdf
2026-10-01,062,MONCIÓN (EMA),SANTIAGO RODRÍGUEZ,PROGRAMA MUNDIAL DE ALIMENTO,EMAP,33.2,21.3,0.0,https://indomet.gob.do/wp-content/uploads/2026/10/Temperaturas-extremas-y-precipitaciones-01-de-Octubre-2026.pdf
2026-10-01,063,PRESA DE TAVERAS (EMA),LA VEGA,PROGRAMA MUNDIAL DE ALIMENTO,EMAP,32.1,22.6,0.0,https://indomet.gob.do/wp-content/uploads/2026/10/Temperaturas-extremas-y-precipitaciones-01-de-Octubre-2026.pdf
2026-10-01,064,PROLONGACION 27 DE FEBRERO,DISTRITO NACIONAL,PRIVADA,EMAP,,,0.0,https://indomet.gob.do/wp-content/uploads/2026/10/Temperaturas-extremas-y-precipitaciones-01-de-Octubre-2026.pdf
2026-10-01,065,SABANETA (EMA),SANTIAGO RODRÍGUEZ,PROGRAMA MUNDIAL DE ALIMENTO,EMAP,36.9,23.6,0.0,https://indomet.gob.do/wp-content/uploads/2026/10/Temperaturas-extremas-y-precipitaciones-01-de-Octubre-2026.pdf
2026-10-01,066,ALTAMIRA,PUERTO PLATA,HOSP. MPAL. DE ALTAMIRA,EMCI,35.0,21.9,0.0,https://indomet.gob.do/wp-content/uploads/2026/10/Temperaturas-extremas-y-precipitaciones-01-de-Octubre-2026.pdf
2026-10-01,067,ARPT. DE LA ROMANA,LA ROMANA,INDOMET,EMCI,35.0,23.0,0.0,https://indomet.gob.do/wp-content/uploads/2026/10/Temperaturas-extremas-y-precipitaciones-01-de-Octubre-2026.pdf
2026-10-01,068,ARPT. DEL CIBAO,SANTIAGO,INDOMET,EMCI,34.8,22.7,0.0,https://indomet.gob.do/wp-content/uploads/2026/10/Temperaturas-extremas-y-precipitaciones-01-de-Octubre-2026.pdf
2026-10-01,069,ARPT. GREGORIO LUPERÓN,PUERTO PLATA,INDOMET,EMCI,33.8,22.8,0.0,https://indomet.gob.do/wp-content/uploads/2026/10/Temperaturas-extremas-y-precipitaciones-01-de-Octubre-2026.pdf
2026-10-01,070,DAJABÓN,DAJABÓN,INSTITUTO POLITÉCNICO LOYOLA,EMCI,36.0,21.2,0.0,https://indomet.gob.do/wp-content/uploads/2026/10/Temperaturas-extremas-y-precipitaciones-01-de-Octubre-2026.pdf
2026-10-01,071,GASPAR HERNÁNDEZ,ESPAILLAT,PROPIEDAD DEL EMPLEADO,EMCI,,,0.0,https://indomet.gob.do/wp-content/uploads/2026/10/Temperaturas-extremas-y-precipitaciones-01-de-Octubre-2026.pdf
2026-10-01,072,HONDO VALLE,ELÍAS PIÑA,MINISTERIO DE AGRICULTURA,EMCI,28.5,19.3,0.0,https://indomet.gob.do/wp-content/uploads/2026/10/Temperaturas-extremas-y-precipitaciones-01-de-Octubre-2026.pdf
2026-10-01,073,JIMANÍ,INDEPENDENCIA,MINISTERIO DE AGRICULTURA,EMCI,36.6,27.4,0.0,https://indomet.gob.do/wp-content/uploads/2026/10/Temperaturas-extremas-y-precipitaciones-01-de-Octubre-2026.pdf
2026-10-01,074,MONTE CRISTI,MONTE CRISTI,INDOMET,EMCI,35.2,25.0,0.0,https://indomet.gob.do/wp-content/uploads/2026/10/Temperaturas-extremas-y-precipitaciones-01-de-Octubre-2026.pdf
2026-10-01,075,PALO ÍNDIO,PUERTO PLATA,MINISTERIO DE AGRICULTURA,EMCI,,,0.0,https://indomet.gob.do/wp-content/uploads/2026/10/Temperaturas-extremas-y-precipitaciones-01-de-Octubre-2026.pdf
2026-10-01,076,RESTAURACIÓN,DAJABÓN,MINISTERIO DE AGRICULTURA,EMCI,32.0,17.8,0.0,https://indomet.gob.do/wp-content/uploads/2026/10/Temperaturas-extremas-y-precipitaciones-01-de-Octubre-2026.pdf
2026-10-01,077,SABANA DE LA MAR,HATO MAYOR,INDOMET,EMCI,33.2,23.0,0.0,https://indomet.gob.do/wp-content/uploads/2026/10/Temperaturas-extremas-y-precipitaciones-01-de-Octubre-2026.pdf
2026-10-01,078,SALCEDO,HERMANAS MIRABAL,PROPIEDAD DEL EMPLEADO,EMCI,,,0.0,https://indomet.gob.do/wp-content/uploads/2026/10/Temperaturas-extremas-y-precipitaciones-01-de-Octubre-2026.pdf
2026-10-01,079,SAN FRANCISCO DE MACORÍS,DUARTE,San Francisco de Macorís (UASD),EMCI,34.0,23.1,0.0,https://indomet.gob.do/wp-content/uploads/2026/10/Temperaturas-extremas-y-precipitaciones-01-de-Octubre-2026.pdf
2026-10-01,080,SANTIAGO RODRÍGUEZ,SANTIAGO RODRÍGUEZ,INDOMET,EMCI,36.9,23.7,0.0,https://indomet.gob.do/wp-content/uploads/2026/10/Temperaturas-extremas-y-precipitaciones-01-de-Octubre-2026.pdf
2026-10-01,081,TAVERA,SANTIAGO,INDRHI,EMCI,,,0.0,https://indomet.gob.do/wp-content/uploads/2026/10/Temperaturas-extremas-y-precipitaciones-01-de-Octubre-2026.pdf
2026-10-01,082,VILLA GONZALES,SANTIAGO,MINISTERIO DE AGRICULTURA,EMCI,,,0.0,https://indomet.gob.do/wp-content/uploads/2026/10/Temperaturas-extremas-y-precipitaciones-01-de-Octubre-2026.pdf
2026-10-01,083,EL CERCADO,SAN JUAN,MINISTERIO DE AGRICULTURA,EMCV,,,0.0,https://indomet.gob.do/wp-content/uploads/2026/10/Temperaturas-extremas-y-precipitaciones-01-de-Octubre-2026.pdf
2026-10-01,084,GURABO,SANTIAGO,MINISTERIO DE AGRICULTURA,EMCV,,,0.0,https://indomet.gob.do/wp-content/uploads/2026/10/Temperaturas-extremas-y-precipitaciones-01-de-Octubre-2026.pdf
2026-10-01,085,HATO MAYOR,HATO MAYOR,MINISTERIO DE AGRICULTURA,EMCV,,,0.0,https://indomet.gob.do/wp-content/uploads/2026/10/Temperaturas-extremas-y-precipitaciones-01-de-Octubre-2026.pdf
2026-10-01,086,MAO,VALVERDE,INDRHI / MINISTERIO DE AGRICULTURA,EMCV,,,0.0,https://indomet.gob.do/wp-content/uploads/2026/10/Temperaturas-extremas-y-precipitaciones-01-de-Octubre-2026.pdf
2026-10-01,087,VILLA ISABELA,PUERTO PLATA,MINISTERIO DE AGRICULTURA,EMCV,34.0,22.2,0.0,https://indomet.gob.do/wp-content/uploads/2026/10/Temperaturas-extremas-y-precipitaciones-01-de-Octubre-2026.pdf
2026-10-02,001,ENRIQUILLO,BARAHONA,MINISTERIO DE AGRICULTURA,EMCV,29.0,20.7,53.0,https://indomet.gob.do/wp-content/uploads/2026/10/Temperaturas-extremas-y-precipitaciones-02-de-Octubre-2026.pdf
2026-10-02,002,POLO,BARAHONA,INDOCAFE,EMCI,30.0,17.0,35.3,https://indomet.gob.do/wp-content/uploads/2026/10/Temperaturas-extremas-y-precipitaciones-02-de-Octubre-2026.pdf
2026-10-02,003,ELÍAS PIÑA,ELÍAS PIÑA,MINISTERIO DE AGRICULTURA,EMCV,,,34.1,https://indomet.gob.do/wp-content/uploads/2026/10/Temperaturas-extremas-y-precipitaciones-02-de-Octubre-2026.pdf
2026-10-02,004,BUCARA (EMA),SANTIAGO,MINISTERIO DE AGRICULTURA,EMAI,,,29.0,https://indomet.gob.do/wp-content/uploads/2026/10/Temperaturas-extremas-y-precipitaciones-02-de-Octubre-2026.pdf
2026-10-02,005,CABRERA,MARÍA TRINIDAD SÁNCHEZ,ESCUELA ARÍSTIDES FIALLO CABRAL,EMCI,34.0,25.5,26.0,https://indomet.gob.do/wp-content/uploads/2026/10/Temperaturas-extremas-y-precipitaciones-02-de-Octubre-2026.pdf
2026-10-02,006,VILLA ALTAGRACIA,SAN CRISTÓBAL,ESCUELA JAVIER ANGULO GURIDI,EMCI,,,22.4,https://indomet.gob.do/wp-content/uploads/2026/10/Temperaturas-extremas-y-precipitaciones-02-de-Octubre-2026.pdf
2026-10-02,007,ARPT. DEL CIBAO,SANTIAGO,INDOMET,EMCI,35.0,23.0,20.5,https://indomet.gob.do/wp-content/uploads/2026/10/Temperaturas-extremas-y-precipitaciones-02-de-Octubre-2026.pdf
2026-10-02,008,OVIEDO,PEDERNALES,CLÍNICA RURAL OVIEDO,EMCI,30.2,23.3,20.5,https://indomet.gob.do/wp-content/uploads/2026/10/Temperaturas-extremas-y-precipitaciones-02-de-Octubre-2026.pdf
2026-10-02,009,SÁNCHEZ,SAMANÁ,MINISTERIO DE AGRICULTURA,EMCI,33.6,22.4,18.6,https://indomet.gob.do/wp-content/uploads/2026/10/Temperaturas-extremas-y-precipitaciones-02-de-Octubre-2026.pdf
2026-10-02,010,PALO DE VIENTO (EMA),SAN JUAN,PRIVADA,EMAP,25.6,15.7,15.0,https://indomet.gob.do/wp-content/uploads/2026/10/Temperaturas-extremas-y-precipitaciones-02-de-Octubre-2026.pdf
2026-10-02,011,VILLA VASQUEZ (EMA),MONTE CRISTI,JUNTA DE REGANTES,EMAI,,,13.8,https://indomet.gob.do/wp-content/uploads/2026/10/Temperaturas-extremas-y-precipitaciones-02-de-Octubre-2026.pdf
2026-10-02,012,ARPT. ARROYO BARRIL,SAMANÁ,INDOMET,EMCI,33.2,24.0,13.6,https://indomet.gob.do/wp-content/uploads/2026/10/Temperaturas-extremas-y-precipitaciones-02-de-Octubre-2026.pdf
2026-10-02,013,LOS PRADOS (EMA),DISTRITO NACIONAL,PRIVADA,EMAP,,,12.7,https://indomet.gob.do/wp-content/uploads/2026/10/Temperaturas-extremas-y-precipitaciones-02-de-Octubre-2026.pdf
2026-10-02,014,EL MILLON (EMA),DISTRITO NACIONAL,PRIVADA,EMAP,,,11.4,https://indomet.gob.do/wp-content/uploads/2026/10/Temperaturas-extremas-y-precipitaciones-02-de-Octubre-2026.pdf
2026-10-02,015,ARPT. MARÍA MONTEZ,BARAHONA,INDOMET,EMCI,32.5,25.0,10.1,https://indomet.gob.do/wp-content/uploads/2026/10/Temperaturas-extremas-y-precipitaciones-02-de-Octubre-2026.pdf
2026-10-02,016,ARPT. EL CATEY,SAMANÁ,INDOMET,EMCI,32.4,22.0,10.0,https://indomet.gob.do/wp-content/uploads/2026/10/Temperaturas-extremas-y-precipitaciones-02-de-Octubre-2026.pdf
2026-10-02,017,COFRESI (EMA),PUERTO PLATA,PRIVADA,EMAP,31.3,26.8,9.7,https://indomet.gob.do/wp-content/uploads/2026/10/Temperaturas-extremas-y-precipitaciones-02-de-Octubre-2026.pdf
2026-10-02,018,ALTAMIRA,PUERTO PLATA,HOSP. MPAL. DE ALTAMIRA,EMCI,35.1,21.4,9.4,https://indomet.gob.do/wp-content/uploads/2026/10/Temperaturas-extremas-y-precipitaciones-02-de-Octubre-2026.pdf
2026-10-02,019,HONDO VALLE,ELÍAS PIÑA,MINISTERIO DE AGRICULTURA,EMCI,28.1,18.5,8.4,https://indomet.gob.do/wp-content/uploads/2026/10/Temperaturas-extremas-y-precipitaciones-02-de-Octubre-2026.pdf
2026-10-02,020,SALCEDO,HERMANAS MIRABAL,PROPIEDAD DEL EMPLEADO,EMCI,,,8.3,https://indomet.gob.do/wp-content/uploads/2026/10/Temperaturas-extremas-y-precipitaciones-02-de-Octubre-2026.pdf
2026-10-02,021,ARROYO LORO,SAN JUAN,IDIAF,EMCI,32.0,21.1,7.8,https://indomet.gob.do/wp-content/uploads/2026/10/Temperaturas-extremas-y-precipitaciones-02-de-Octubre-2026.pdf
2026-10-02,022,JARDÍN BOTÁNICO SANTIAGO (EMSANTIAGO,,JARDIN BOTANICO SANTIAGO,EMAI,34.2,23.6,7.0,https://indomet.gob.do/wp-content/uploads/2026/10/Temperaturas-extremas-y-precipitaciones-02-de-Octubre-2026.pdf
2026-10-02,023,PADRE LAS CASAS,AZUA,HOSP. NTRA. SRA. DEL CARMEN,EMCI,30.3,20.0,7.0,https://indomet.gob.do/wp-content/uploads/2026/10/Temperaturas-extremas-y-precipitaciones-02-de-Octubre-2026.pdf
2026-10-02,024,VILLA RIVA,DUARTE,HOSP. MPAL. ALICIA DE LEGENDRE,EMCI,32.2,22.0,6.4,https://indomet.gob.do/wp-content/uploads/2026/10/Temperaturas-extremas-y-precipitaciones-02-de-Octubre-2026.pdf
2026-10-02,025,SAN JOSÉ DE OCOA,SAN JOSÉ DE OCOA,HOSP. SAN JOSÉ DE OCOA,EMCI,29.3,22.6,5.8,https://indomet.gob.do/wp-content/uploads/2026/10/Temperaturas-extremas-y-precipitaciones-02-de-Octubre-2026.pdf
2026-10-02,026,PERALTA,AZUA,HOSP. MPAL. DE PERALTA,EMCI,29.6,19.0,5.4,https://indomet.gob.do/wp-content/uploads/2026/10/Temperaturas-extremas-y-precipitaciones-02-de-Octubre-2026.pdf
2026-10-02,027,SABANA GRANDE DE BOYÁ,MONTE PLATA,MINISTERIO DE AGRICULTURA,EMCV,,,5.1,https://indomet.gob.do/wp-content/uploads/2026/10/Temperaturas-extremas-y-precipitaciones-02-de-Octubre-2026.pdf
2026-10-02,028,CABRAL,BARAHONA,MINISTERIO DE AGRICULTURA,EMCV,32.2,23.8,5.0,https://indomet.gob.do/wp-content/uploads/2026/10/Temperaturas-extremas-y-precipitaciones-02-de-Octubre-2026.pdf
2026-10-02,029,LAS CANAS (EMA),MONTE CRISTI,PROGRAMA MUNDIAL DE ALIMENTO,EMAP,33.4,23.8,4.8,https://indomet.gob.do/wp-content/uploads/2026/10/Temperaturas-extremas-y-precipitaciones-02-de-Octubre-2026.pdf
2026-10-02,030,RÍO SAN JUAN,MARÍA TRINIDAD SÁNCHEZ,HOSP. MPAL. DR. DESIDERIO ACOSTA,EMCV,35.2,23.5,4.5,https://indomet.gob.do/wp-content/uploads/2026/10/Temperaturas-extremas-y-precipitaciones-02-de-Octubre-2026.pdf
2026-10-02,031,RESTAURACIÓN,DAJABÓN,MINISTERIO DE AGRICULTURA,EMCI,33.5,19.4,4.3,https://indomet.gob.do/wp-content/uploads/2026/10/Temperaturas-extremas-y-precipitaciones-02-de-Octubre-2026.pdf
2026-10-02,032,TÁBARA ABAJO,AZUA,INDRHI,EMCI,32.5,20.5,4.3,https://indomet.gob.do/wp-content/uploads/2026/10/Temperaturas-extremas-y-precipitaciones-02-de-Octubre-2026.pdf
2026-10-02,033,BAYAGUANA,MONTE PLATA,INDOMET,EMCI,33.0,22.8,4.1,https://indomet.gob.do/wp-content/uploads/2026/10/Temperaturas-extremas-y-precipitaciones-02-de-Octubre-2026.pdf
2026-10-02,034,LA VICTORIA,SANTO DOMINGO,CUERPO DE BOMBEROS,EMCI,32.0,23.0,3.6,https://indomet.gob.do/wp-content/uploads/2026/10/Temperaturas-extremas-y-precipitaciones-02-de-Octubre-2026.pdf
2026-10-02,035,VILLA GONZALES,SANTIAGO,MINISTERIO DE AGRICULTURA,EMCI,,,3.3,https://indomet.gob.do/wp-content/uploads/2026/10/Temperaturas-extremas-y-precipitaciones-02-de-Octubre-2026.pdf
2026-10-02,036,PROLONGACION 27 DE FEBRERO,DISTRITO NACIONAL,PRIVADA,EMAP,,,3.3,https://indomet.gob.do/wp-content/uploads/2026/10/Temperaturas-extremas-y-precipitaciones-02-de-Octubre-2026.pdf
2026-10-02,037,ARPT. GREGORIO LUPERÓN,PUERTO PLATA,INDOMET,EMCI,33.6,23.0,3.2,https://indomet.gob.do/wp-content/uploads/2026/10/Temperaturas-extremas-y-precipitaciones-02-de-Octubre-2026.pdf
2026-10-02,038,GASPAR HERNÁNDEZ,ESPAILLAT,PROPIEDAD DEL EMPLEADO,EMCI,,,3.2,https://indomet.gob.do/wp-content/uploads/2026/10/Temperaturas-extremas-y-precipitaciones-02-de-Octubre-2026.pdf
2026-10-02,039,SAN CRISTÓBAL,SAN CRISTÓBAL,INSTITUTO POLITÉCNICO LOYOLA,EMCI,32.0,21.0,3.1,https://indomet.gob.do/wp-content/uploads/2026/10/Temperaturas-extremas-y-precipitaciones-02-de-Octubre-2026.pdf
2026-10-02,040,ARPT. LA ISABELA,SANTO DOMINGO,INDOMET,EMCI,32.5,22.0,3.0,https://indomet.gob.do/wp-content/uploads/2026/10/Temperaturas-extremas-y-precipitaciones-02-de-Octubre-2026.pdf
2026-10-02,041,SANTO DOMINGO ESTE,SANTO DOMINGO,INDOMET,EMCI,33.0,25.6,2.6,https://indomet.gob.do/wp-content/uploads/2026/10/Temperaturas-extremas-y-precipitaciones-02-de-Octubre-2026.pdf
2026-10-02,042,LOS LLANOS,SAN PEDRO DE MACORÍS,MINISTERIO DE AGRICULTURA,EMCI,33.0,22.7,2.4,https://indomet.gob.do/wp-content/uploads/2026/10/Temperaturas-extremas-y-precipitaciones-02-de-Octubre-2026.pdf
2026-10-02,043,GURABO,SANTIAGO,MINISTERIO DE AGRICULTURA,EMCV,,,2.3,https://indomet.gob.do/wp-content/uploads/2026/10/Temperaturas-extremas-y-precipitaciones-02-de-Octubre-2026.pdf
2026-10-02,044,ALTO BANDERA (EMA),LA VEGA,INTEC,EMAP,14.1,9.1,2.0,https://indomet.gob.do/wp-content/uploads/2026/10/Temperaturas-extremas-y-precipitaciones-02-de-Octubre-2026.pdf
2026-10-02,045,CENTRO DE LOS HEROES (EMA),DISTRITO NACIONAL,MINISTERIO DE ENERGIA Y MINA,EMAP,32.6,26.5,1.8,https://indomet.gob.do/wp-content/uploads/2026/10/Temperaturas-extremas-y-precipitaciones-02-de-Octubre-2026.pdf
2026-10-02,046,PALO ÍNDIO,PUERTO PLATA,MINISTERIO DE AGRICULTURA,EMCI,,,1.8,https://indomet.gob.do/wp-content/uploads/2026/10/Temperaturas-extremas-y-precipitaciones-02-de-Octubre-2026.pdf
2026-10-02,047,SAMANÁ,SAMANÁ,COMANDANCIA DE PUERTO DE SAMANÁ,EMCI,34.3,15.5,1.6,https://indomet.gob.do/wp-content/uploads/2026/10/Temperaturas-extremas-y-precipitaciones-02-de-Octubre-2026.pdf
2026-10-02,048,JIMANÍ,INDEPENDENCIA,MINISTERIO DE AGRICULTURA,EMCI,33.6,26.0,1.5,https://indomet.gob.do/wp-content/uploads/2026/10/Temperaturas-extremas-y-precipitaciones-02-de-Octubre-2026.pdf
2026-10-02,049,RANCHO ARRIBA,SAN JOSÉ DE OCOA,CENTRO TECNOLÓGICO COMUNITARIO,EMCI,28.7,18.9,1.4,https://indomet.gob.do/wp-content/uploads/2026/10/Temperaturas-extremas-y-precipitaciones-02-de-Octubre-2026.pdf
2026-10-02,050,LOS CACICAZGOS (EMA),DISTRITO NACIONAL,PRIVADA,EMAP,,,1.3,https://indomet.gob.do/wp-content/uploads/2026/10/Temperaturas-extremas-y-precipitaciones-02-de-Octubre-2026.pdf
2026-10-02,051,ARPT. DE PUNTA CANA,LA ALTAGRACIA,INDOMET,EMCI,32.8,24.0,1.0,https://indomet.gob.do/wp-content/uploads/2026/10/Temperaturas-extremas-y-precipitaciones-02-de-Octubre-2026.pdf
2026-10-02,052,NAVARRETE,SANTIAGO,MINISTERIO DE AGRICULTURA,EMCV,,,0.5,https://indomet.gob.do/wp-content/uploads/2026/10/Temperaturas-extremas-y-precipitaciones-02-de-Octubre-2026.pdf
2026-10-02,053,LA VEGA,LA VEGA,IATESA,EMCI,35.0,23.0,0.5,https://indomet.gob.do/wp-content/uploads/2026/10/Temperaturas-extremas-y-precipitaciones-02-de-Octubre-2026.pdf
2026-10-02,054,EL FACTOR (EMA),MARÍA TRINIDAD SÁNCHEZ,INTEC,EMAP,33.6,23.9,0.3,https://indomet.gob.do/wp-content/uploads/2026/10/Temperaturas-extremas-y-precipitaciones-02-de-Octubre-2026.pdf
2026-10-02,055,SABANA DE LA MAR,HATO MAYOR,INDOMET,EMCI,33.5,23.0,0.3,https://indomet.gob.do/wp-content/uploads/2026/10/Temperaturas-extremas-y-precipitaciones-02-de-Octubre-2026.pdf
2026-10-02,056,MONTE CRISTI,MONTE CRISTI,INDOMET,EMCI,35.0,25.2,0.2,https://indomet.gob.do/wp-content/uploads/2026/10/Temperaturas-extremas-y-precipitaciones-02-de-Octubre-2026.pdf
2026-10-02,057,BASE AÉREA DE SAN ISIDRO,SANTO DOMINGO,FUERZA AÉREA DOMINICANA,EMCV,32.9,23.1,0.1,https://indomet.gob.do/wp-content/uploads/2026/10/Temperaturas-extremas-y-precipitaciones-02-de-Octubre-2026.pdf
2026-10-02,058,JUMA BEJUCAL,MONSEÑOR NOUEL,IDIAF,EMCV,32.6,22.8,0.1,https://indomet.gob.do/wp-content/uploads/2026/10/Temperaturas-extremas-y-precipitaciones-02-de-Octubre-2026.pdf
2026-10-02,059,ARPT. DE LA ROMANA,LA ROMANA,INDOMET,EMCI,35.5,23.0,0.0,https://indomet.gob.do/wp-content/uploads/2026/10/Temperaturas-extremas-y-precipitaciones-02-de-Octubre-2026.pdf
2026-10-02,060,ARPT. DE LAS AMÉRICAS,SANTO DOMINGO,INDOMET,EMCI,33.3,23.9,0.0,https://indomet.gob.do/wp-content/uploads/2026/10/Temperaturas-extremas-y-precipitaciones-02-de-Octubre-2026.pdf
2026-10-02,061,BOCA DE MAO (EMA),VALVERDE,MINISTERIO DE AGRICULTURA,EMAP,36.2,23.6,0.0,https://indomet.gob.do/wp-content/uploads/2026/10/Temperaturas-extremas-y-precipitaciones-02-de-Octubre-2026.pdf
2026-10-02,062,CONSTANZA,LA VEGA,MINISTERIO DE AGRICULTURA,EMCI,28.5,13.5,0.0,https://indomet.gob.do/wp-content/uploads/2026/10/Temperaturas-extremas-y-precipitaciones-02-de-Octubre-2026.pdf
2026-10-02,063,CONSTANZA (EMA),LA VEGA,PROGRAMA MUNDIAL DE ALIMENTO,EMAP,26.5,15.6,0.0,https://indomet.gob.do/wp-content/uploads/2026/10/Temperaturas-extremas-y-precipitaciones-02-de-Octubre-2026.pdf
2026-10-02,064,COTUI HOSP.MUNICIPAL (EMA),SÁNCHEZ RAMÍREZ,PROGRAMA MUNDIAL DE ALIMENTO,EMAP,34.6,23.8,0.0,https://indomet.gob.do/wp-content/uploads/2026/10/Temperaturas-extremas-y-precipitaciones-02-de-Octubre-2026.pdf
2026-10-02,065,DAJABÓN,DAJABÓN,INSTITUTO POLITÉCNICO LOYOLA,EMCI,35.7,20.4,0.0,https://indomet.gob.do/wp-content/uploads/2026/10/Temperaturas-extremas-y-precipitaciones-02-de-Octubre-2026.pdf
2026-10-02,066,ENSANCHE LA FE (EMA),DISTRITO NACIONAL,PRIVADA,EMAP,,,0.0,https://indomet.gob.do/wp-content/uploads/2026/10/Temperaturas-extremas-y-precipitaciones-02-de-Octubre-2026.pdf
2026-10-02,067,HATO MAYOR,HATO MAYOR,MINISTERIO DE AGRICULTURA,EMCV,,,0.0,https://indomet.gob.do/wp-content/uploads/2026/10/Temperaturas-extremas-y-precipitaciones-02-de-Octubre-2026.pdf
2026-10-02,068,JARABACOA,LA VEGA,INDRHI / MARENA,EMCI,33.0,19.8,0.0,https://indomet.gob.do/wp-content/uploads/2026/10/Temperaturas-extremas-y-precipitaciones-02-de-Octubre-2026.pdf
2026-10-02,069,LA AGUSTINA (EMA),DISTRITO NACIONAL,PRIVADA,EMAP,,,0.0,https://indomet.gob.do/wp-content/uploads/2026/10/Temperaturas-extremas-y-precipitaciones-02-de-Octubre-2026.pdf
2026-10-02,070,LOS COCOS (EMA),BAHORUCO,PRIVADA,EMAP,,,0.0,https://indomet.gob.do/wp-content/uploads/2026/10/Temperaturas-extremas-y-precipitaciones-02-de-Octubre-2026.pdf
2026-10-02,071,MAO,VALVERDE,INDRHI / MINISTERIO DE AGRICULTURA,EMCV,,,0.0,https://indomet.gob.do/wp-content/uploads/2026/10/Temperaturas-extremas-y-precipitaciones-02-de-Octubre-2026.pdf
2026-10-02,072,MICHES (EMA),EL SEIBO,PRIVADA,EMAP,34.4,23.0,0.0,https://indomet.gob.do/wp-content/uploads/2026/10/Temperaturas-extremas-y-precipitaciones-02-de-Octubre-2026.pdf
2026-10-02,073,MONCIÓN (EMA),SANTIAGO RODRÍGUEZ,PROGRAMA MUNDIAL DE ALIMENTO,EMAP,33.1,20.3,0.0,https://indomet.gob.do/wp-content/uploads/2026/10/Temperaturas-extremas-y-precipitaciones-02-de-Octubre-2026.pdf
2026-10-02,074,OLIVARES,PEDERNALES,INDRHI,EMCI,,,0.0,https://indomet.gob.do/wp-content/uploads/2026/10/Temperaturas-extremas-y-precipitaciones-02-de-Octubre-2026.pdf
2026-10-02,075,PEDERNALES,PEDERNALES,INDRHI,EMCI,,,0.0,https://indomet.gob.do/wp-content/uploads/2026/10/Temperaturas-extremas-y-precipitaciones-02-de-Octubre-2026.pdf
2026-10-02,076,PRESA DE TAVERAS (EMA),LA VEGA,PROGRAMA MUNDIAL DE ALIMENTO,EMAP,31.9,22.9,0.0,https://indomet.gob.do/wp-content/uploads/2026/10/Temperaturas-extremas-y-precipitaciones-02-de-Octubre-2026.pdf
2026-10-02,077,SABANETA (EMA),SANTIAGO RODRÍGUEZ,PROGRAMA MUNDIAL DE ALIMENTO,EMAP,36.7,22.3,0.0,https://indomet.gob.do/wp-content/uploads/2026/10/Temperaturas-extremas-y-precipitaciones-02-de-Octubre-2026.pdf
2026-10-02,078,SAJOMA (EMA),SANTIAGO,PLAN SIERRA,EMAI,32.4,23.8,0.0,https://indomet.gob.do/wp-content/uploads/2026/10/Temperaturas-extremas-y-precipitaciones-02-de-Octubre-2026.pdf
2026-10-02,079,SAN RAFAEL DEL YUMA,LA ALTAGRACIA,MINISTERIO DE AGRICULTURA,EMCI,33.9,24.0,0.0,https://indomet.gob.do/wp-content/uploads/2026/10/Temperaturas-extremas-y-precipitaciones-02-de-Octubre-2026.pdf
2026-10-02,080,SANTIAGO RODRÍGUEZ,SANTIAGO RODRÍGUEZ,INDOMET,EMCI,36.8,24.9,0.0,https://indomet.gob.do/wp-content/uploads/2026/10/Temperaturas-extremas-y-precipitaciones-02-de-Octubre-2026.pdf
2026-10-02,081,VILLA GONZALE (EMA),SANTIAGO,IGLESIA,EMAI,,,0.0,https://indomet.gob.do/wp-content/uploads/2026/10/Temperaturas-extremas-y-precipitaciones-02-de-Octubre-2026.pdf
2026-10-03,001,BUCARA (EMA),SANTIAGO,MINISTERIO DE AGRICULTURA,EMAI,,,81.0,https://indomet.gob.do/wp-content/uploads/2026/10/Temperaturas-extremas-y-precipitaciones-03-de-Octubre-2026.pdf
2026-10-03,002,JANICO (EMA),LA VEGA,PLAN SIERRA,EMAI,,,57.8,https://indomet.gob.do/wp-content/uploads/2026/10/Temperaturas-extremas-y-precipitaciones-03-de-Octubre-2026.pdf
2026-10-03,003,LUPERÓN,PUERTO PLATA,MINISTERIO DE AGRICULTURA,EMCV,,,57.4,https://indomet.gob.do/wp-content/uploads/2026/10/Temperaturas-extremas-y-precipitaciones-03-de-Octubre-2026.pdf
2026-10-03,004,ARPT. DEL CIBAO,SANTIAGO,INDOMET,EMCI,32.8,21.8,48.5,https://indomet.gob.do/wp-content/uploads/2026/10/Temperaturas-extremas-y-precipitaciones-03-de-Octubre-2026.pdf
2026-10-03,005,CASTILLO (EMA),DUARTE,PRIVADA,EMAP,,,44.4,https://indomet.gob.do/wp-content/uploads/2026/10/Temperaturas-extremas-y-precipitaciones-03-de-Octubre-2026.pdf
2026-10-03,006,LA VEGA,LA VEGA,IATESA,EMCI,33.5,22.5,29.2,https://indomet.gob.do/wp-content/uploads/2026/10/Temperaturas-extremas-y-precipitaciones-03-de-Octubre-2026.pdf
2026-10-03,007,VILLA ALTAGRACIA,SAN CRISTÓBAL,ESCUELA JAVIER ANGULO GURIDI,EMCI,,,28.4,https://indomet.gob.do/wp-content/uploads/2026/10/Temperaturas-extremas-y-precipitaciones-03-de-Octubre-2026.pdf
2026-10-03,008,PADRE LAS CASAS,AZUA,HOSP. NTRA. SRA. DEL CARMEN,EMCI,32.5,19.5,27.2,https://indomet.gob.do/wp-content/uploads/2026/10/Temperaturas-extremas-y-precipitaciones-03-de-Octubre-2026.pdf
2026-10-03,009,GURABO,SANTIAGO,MINISTERIO DE AGRICULTURA,EMCV,,,26.4,https://indomet.gob.do/wp-content/uploads/2026/10/Temperaturas-extremas-y-precipitaciones-03-de-Octubre-2026.pdf
2026-10-03,010,GASPAR HERNÁNDEZ,ESPAILLAT,PROPIEDAD DEL EMPLEADO,EMCI,,,25.2,https://indomet.gob.do/wp-content/uploads/2026/10/Temperaturas-extremas-y-precipitaciones-03-de-Octubre-2026.pdf
2026-10-03,011,PALO DE VIENTO (EMA),SAN JUAN,PRIVADA,EMAP,28.1,15.6,24.2,https://indomet.gob.do/wp-content/uploads/2026/10/Temperaturas-extremas-y-precipitaciones-03-de-Octubre-2026.pdf
2026-10-03,012,PERALTA,AZUA,HOSP. MPAL. DE PERALTA,EMCI,32.5,18.0,24.0,https://indomet.gob.do/wp-content/uploads/2026/10/Temperaturas-extremas-y-precipitaciones-03-de-Octubre-2026.pdf
2026-10-03,013,ALTAMIRA,PUERTO PLATA,HOSP. MPAL. DE ALTAMIRA,EMCI,31.6,20.9,23.7,https://indomet.gob.do/wp-content/uploads/2026/10/Temperaturas-extremas-y-precipitaciones-03-de-Octubre-2026.pdf
2026-10-03,014,JARDÍN BOTÁNICO SANTIAGO (EMSANTIAGO,,JARDIN BOTANICO SANTIAGO,EMAI,33.6,22.0,23.4,https://indomet.gob.do/wp-content/uploads/2026/10/Temperaturas-extremas-y-precipitaciones-03-de-Octubre-2026.pdf
2026-10-03,015,VILLA GONZALE (EMA),SANTIAGO,IGLESIA,EMAI,,,23.1,https://indomet.gob.do/wp-content/uploads/2026/10/Temperaturas-extremas-y-precipitaciones-03-de-Octubre-2026.pdf
2026-10-03,016,SABANA GRANDE DE BOYÁ,MONTE PLATA,MINISTERIO DE AGRICULTURA,EMCV,,,22.1,https://indomet.gob.do/wp-content/uploads/2026/10/Temperaturas-extremas-y-precipitaciones-03-de-Octubre-2026.pdf
2026-10-03,017,JIMANÍ,INDEPENDENCIA,MINISTERIO DE AGRICULTURA,EMCI,36.8,25.2,21.2,https://indomet.gob.do/wp-content/uploads/2026/10/Temperaturas-extremas-y-precipitaciones-03-de-Octubre-2026.pdf
2026-10-03,018,VILLA RIVA,DUARTE,HOSP. MPAL. ALICIA DE LEGENDRE,EMCI,30.0,21.7,19.0,https://indomet.gob.do/wp-content/uploads/2026/10/Temperaturas-extremas-y-precipitaciones-03-de-Octubre-2026.pdf
2026-10-03,019,PALO ÍNDIO,PUERTO PLATA,MINISTERIO DE AGRICULTURA,EMCI,,,18.0,https://indomet.gob.do/wp-content/uploads/2026/10/Temperaturas-extremas-y-precipitaciones-03-de-Octubre-2026.pdf
2026-10-03,020,VILLA ISABELA,PUERTO PLATA,MINISTERIO DE AGRICULTURA,EMCV,32.0,20.5,17.2,https://indomet.gob.do/wp-content/uploads/2026/10/Temperaturas-extremas-y-precipitaciones-03-de-Octubre-2026.pdf
2026-10-03,021,ELÍAS PIÑA,ELÍAS PIÑA,MINISTERIO DE AGRICULTURA,EMCV,,,17.0,https://indomet.gob.do/wp-content/uploads/2026/10/Temperaturas-extremas-y-precipitaciones-03-de-Octubre-2026.pdf
2026-10-03,022,SALCEDO,HERMANAS MIRABAL,PROPIEDAD DEL EMPLEADO,EMCI,,,14.6,https://indomet.gob.do/wp-content/uploads/2026/10/Temperaturas-extremas-y-precipitaciones-03-de-Octubre-2026.pdf
2026-10-03,023,SAJOMA (EMA),SANTIAGO,PLAN SIERRA,EMAI,29.2,20.3,13.2,https://indomet.gob.do/wp-content/uploads/2026/10/Temperaturas-extremas-y-precipitaciones-03-de-Octubre-2026.pdf
2026-10-03,024,MAO,VALVERDE,INDRHI / MINISTERIO DE AGRICULTURA,EMCV,,,13.2,https://indomet.gob.do/wp-content/uploads/2026/10/Temperaturas-extremas-y-precipitaciones-03-de-Octubre-2026.pdf
2026-10-03,025,HONDO VALLE,ELÍAS PIÑA,MINISTERIO DE AGRICULTURA,EMCI,28.4,18.0,12.6,https://indomet.gob.do/wp-content/uploads/2026/10/Temperaturas-extremas-y-precipitaciones-03-de-Octubre-2026.pdf
2026-10-03,026,POLO,BARAHONA,INDOCAFE,EMCI,29.5,19.0,12.6,https://indomet.gob.do/wp-content/uploads/2026/10/Temperaturas-extremas-y-precipitaciones-03-de-Octubre-2026.pdf
2026-10-03,027,CONSTANZA (EMA),LA VEGA,PROGRAMA MUNDIAL DE ALIMENTO,EMAP,27.3,16.7,12.4,https://indomet.gob.do/wp-content/uploads/2026/10/Temperaturas-extremas-y-precipitaciones-03-de-Octubre-2026.pdf
2026-10-03,028,CONSTANZA,LA VEGA,MINISTERIO DE AGRICULTURA,EMCI,28.8,15.7,12.4,https://indomet.gob.do/wp-content/uploads/2026/10/Temperaturas-extremas-y-precipitaciones-03-de-Octubre-2026.pdf
2026-10-03,029,LOS LLANOS,SAN PEDRO DE MACORÍS,MINISTERIO DE AGRICULTURA,EMCI,32.8,22.0,12.0,https://indomet.gob.do/wp-content/uploads/2026/10/Temperaturas-extremas-y-precipitaciones-03-de-Octubre-2026.pdf
2026-10-03,030,SAMANÁ,SAMANÁ,COMANDANCIA DE PUERTO DE SAMANÁ,EMCI,33.4,15.4,11.0,https://indomet.gob.do/wp-content/uploads/2026/10/Temperaturas-extremas-y-precipitaciones-03-de-Octubre-2026.pdf
2026-10-03,031,RÍO SAN JUAN,MARÍA TRINIDAD SÁNCHEZ,HOSP. MPAL. DR. DESIDERIO ACOSTA,EMCV,33.9,23.3,10.8,https://indomet.gob.do/wp-content/uploads/2026/10/Temperaturas-extremas-y-precipitaciones-03-de-Octubre-2026.pdf
2026-10-03,032,ARROYO LORO,SAN JUAN,IDIAF,EMCI,33.4,20.3,10.7,https://indomet.gob.do/wp-content/uploads/2026/10/Temperaturas-extremas-y-precipitaciones-03-de-Octubre-2026.pdf
2026-10-03,033,ARPT. GREGORIO LUPERÓN,PUERTO PLATA,INDOMET,EMCI,32.0,22.0,10.6,https://indomet.gob.do/wp-content/uploads/2026/10/Temperaturas-extremas-y-precipitaciones-03-de-Octubre-2026.pdf
2026-10-03,034,TÁBARA ABAJO,AZUA,INDRHI,EMCI,33.7,20.0,8.2,https://indomet.gob.do/wp-content/uploads/2026/10/Temperaturas-extremas-y-precipitaciones-03-de-Octubre-2026.pdf
2026-10-03,035,ALTO BANDERA (EMA),LA VEGA,INTEC,EMAP,17.6,8.0,8.1,https://indomet.gob.do/wp-content/uploads/2026/10/Temperaturas-extremas-y-precipitaciones-03-de-Octubre-2026.pdf
2026-10-03,036,JARABACOA,LA VEGA,INDRHI / MARENA,EMCI,30.0,19.6,8.0,https://indomet.gob.do/wp-content/uploads/2026/10/Temperaturas-extremas-y-precipitaciones-03-de-Octubre-2026.pdf
2026-10-03,037,ENRIQUILLO,BARAHONA,MINISTERIO DE AGRICULTURA,EMCV,32.5,20.0,8.0,https://indomet.gob.do/wp-content/uploads/2026/10/Temperaturas-extremas-y-precipitaciones-03-de-Octubre-2026.pdf
2026-10-03,038,ARPT. MARÍA MONTEZ,BARAHONA,INDOMET,EMCI,33.5,23.5,6.8,https://indomet.gob.do/wp-content/uploads/2026/10/Temperaturas-extremas-y-precipitaciones-03-de-Octubre-2026.pdf
2026-10-03,039,CABRAL,BARAHONA,MINISTERIO DE AGRICULTURA,EMCV,34.4,23.5,6.8,https://indomet.gob.do/wp-content/uploads/2026/10/Temperaturas-extremas-y-precipitaciones-03-de-Octubre-2026.pdf
2026-10-03,040,BONAO,MONSEÑOR NOUEL,MINISTERIO DE AGRICULTURA,EMCV,,,6.6,https://indomet.gob.do/wp-content/uploads/2026/10/Temperaturas-extremas-y-precipitaciones-03-de-Octubre-2026.pdf
2026-10-03,041,SÁNCHEZ,SAMANÁ,MINISTERIO DE AGRICULTURA,EMCI,33.7,22.5,6.4,https://indomet.gob.do/wp-content/uploads/2026/10/Temperaturas-extremas-y-precipitaciones-03-de-Octubre-2026.pdf
2026-10-03,042,ARPT. LA ISABELA,SANTO DOMINGO,INDOMET,EMCI,32.8,21.8,6.3,https://indomet.gob.do/wp-content/uploads/2026/10/Temperaturas-extremas-y-precipitaciones-03-de-Octubre-2026.pdf
2026-10-03,043,CABRERA,MARÍA TRINIDAD SÁNCHEZ,ESCUELA ARÍSTIDES FIALLO CABRAL,EMCI,33.0,23.5,6.0,https://indomet.gob.do/wp-content/uploads/2026/10/Temperaturas-extremas-y-precipitaciones-03-de-Octubre-2026.pdf
2026-10-03,044,MICHES (EMA),EL SEIBO,PRIVADA,EMAP,31.5,23.5,5.2,https://indomet.gob.do/wp-content/uploads/2026/10/Temperaturas-extremas-y-precipitaciones-03-de-Octubre-2026.pdf
2026-10-03,045,LOS COCOS (EMA),BAHORUCO,PRIVADA,EMAP,,,3.8,https://indomet.gob.do/wp-content/uploads/2026/10/Temperaturas-extremas-y-precipitaciones-03-de-Octubre-2026.pdf
2026-10-03,046,DAJABÓN,DAJABÓN,INSTITUTO POLITÉCNICO LOYOLA,EMCI,35.4,20.0,3.7,https://indomet.gob.do/wp-content/uploads/2026/10/Temperaturas-extremas-y-precipitaciones-03-de-Octubre-2026.pdf
2026-10-03,047,VILLA VASQUEZ (EMA),MONTE CRISTI,JUNTA DE REGANTES,EMAI,,,3.6,https://indomet.gob.do/wp-content/uploads/2026/10/Temperaturas-extremas-y-precipitaciones-03-de-Octubre-2026.pdf
2026-10-03,048,BOCA DE MAO (EMA),VALVERDE,MINISTERIO DE AGRICULTURA,EMAP,34.9,22.6,3.6,https://indomet.gob.do/wp-content/uploads/2026/10/Temperaturas-extremas-y-precipitaciones-03-de-Octubre-2026.pdf
2026-10-03,049,EL FACTOR (EMA),MARÍA TRINIDAD SÁNCHEZ,INTEC,EMAP,33.4,23.2,3.6,https://indomet.gob.do/wp-content/uploads/2026/10/Temperaturas-extremas-y-precipitaciones-03-de-Octubre-2026.pdf
2026-10-03,050,RESTAURACIÓN,DAJABÓN,MINISTERIO DE AGRICULTURA,EMCI,31.7,17.4,3.5,https://indomet.gob.do/wp-content/uploads/2026/10/Temperaturas-extremas-y-precipitaciones-03-de-Octubre-2026.pdf
2026-10-03,051,ARPT. DE PUNTA CANA,LA ALTAGRACIA,INDOMET,EMCI,32.5,24.1,2.6,https://indomet.gob.do/wp-content/uploads/2026/10/Temperaturas-extremas-y-precipitaciones-03-de-Octubre-2026.pdf
2026-10-03,052,RANCHO ARRIBA,SAN JOSÉ DE OCOA,CENTRO TECNOLÓGICO COMUNITARIO,EMCI,30.5,18.8,2.6,https://indomet.gob.do/wp-content/uploads/2026/10/Temperaturas-extremas-y-precipitaciones-03-de-Octubre-2026.pdf
2026-10-03,053,JUMA BEJUCAL,MONSEÑOR NOUEL,IDIAF,EMCV,33.4,22.6,2.6,https://indomet.gob.do/wp-content/uploads/2026/10/Temperaturas-extremas-y-precipitaciones-03-de-Octubre-2026.pdf
2026-10-03,054,LAS CANAS (EMA),MONTE CRISTI,PROGRAMA MUNDIAL DE ALIMENTO,EMAP,31.0,22.8,2.0,https://indomet.gob.do/wp-content/uploads/2026/10/Temperaturas-extremas-y-precipitaciones-03-de-Octubre-2026.pdf
2026-10-03,055,COFRESI (EMA),PUERTO PLATA,PRIVADA,EMAP,,,1.8,https://indomet.gob.do/wp-content/uploads/2026/10/Temperaturas-extremas-y-precipitaciones-03-de-Octubre-2026.pdf
2026-10-03,056,SAN JOSÉ DE OCOA,SAN JOSÉ DE OCOA,HOSP. SAN JOSÉ DE OCOA,EMCI,31.8,22.5,1.6,https://indomet.gob.do/wp-content/uploads/2026/10/Temperaturas-extremas-y-precipitaciones-03-de-Octubre-2026.pdf
2026-10-03,057,MONTE CRISTI,MONTE CRISTI,INDOMET,EMCI,34.8,24.6,1.5,https://indomet.gob.do/wp-content/uploads/2026/10/Temperaturas-extremas-y-precipitaciones-03-de-Octubre-2026.pdf
2026-10-03,058,SANTIAGO RODRÍGUEZ,SANTIAGO RODRÍGUEZ,INDOMET,EMCI,35.5,25.6,1.5,https://indomet.gob.do/wp-content/uploads/2026/10/Temperaturas-extremas-y-precipitaciones-03-de-Octubre-2026.pdf
2026-10-03,059,LOYOLA (EMA),SAN CRISTÓBAL,PRIVADA,EMAP,,,1.4,https://indomet.gob.do/wp-content/uploads/2026/10/Temperaturas-extremas-y-precipitaciones-03-de-Octubre-2026.pdf
2026-10-03,060,SABANETA (EMA),SANTIAGO RODRÍGUEZ,PROGRAMA MUNDIAL DE ALIMENTO,EMAP,34.7,21.5,1.2,https://indomet.gob.do/wp-content/uploads/2026/10/Temperaturas-extremas-y-precipitaciones-03-de-Octubre-2026.pdf
2026-10-03,061,OVIEDO,PEDERNALES,CLÍNICA RURAL OVIEDO,EMCI,33.0,23.0,1.2,https://indomet.gob.do/wp-content/uploads/2026/10/Temperaturas-extremas-y-precipitaciones-03-de-Octubre-2026.pdf
2026-10-03,062,SAN CRISTÓBAL,SAN CRISTÓBAL,INSTITUTO POLITÉCNICO LOYOLA,EMCI,33.0,20.5,1.2,https://indomet.gob.do/wp-content/uploads/2026/10/Temperaturas-extremas-y-precipitaciones-03-de-Octubre-2026.pdf
2026-10-03,063,LA VICTORIA,SANTO DOMINGO,CUERPO DE BOMBEROS,EMCI,32.5,22.5,1.1,https://indomet.gob.do/wp-content/uploads/2026/10/Temperaturas-extremas-y-precipitaciones-03-de-Octubre-2026.pdf
2026-10-03,064,SAN RAFAEL DEL YUMA,LA ALTAGRACIA,MINISTERIO DE AGRICULTURA,EMCI,34.0,24.0,1.1,https://indomet.gob.do/wp-content/uploads/2026/10/Temperaturas-extremas-y-precipitaciones-03-de-Octubre-2026.pdf
2026-10-03,065,ENSANCHE LA FE (EMA),DISTRITO NACIONAL,PRIVADA,EMAP,,,1.0,https://indomet.gob.do/wp-content/uploads/2026/10/Temperaturas-extremas-y-precipitaciones-03-de-Octubre-2026.pdf
2026-10-03,066,LA AGUSTINA (EMA),DISTRITO NACIONAL,PRIVADA,EMAP,,,1.0,https://indomet.gob.do/wp-content/uploads/2026/10/Temperaturas-extremas-y-precipitaciones-03-de-Octubre-2026.pdf
2026-10-03,067,LA YAGUITA (EMA),MONTE CRISTI,PROPIEDAD DEL VOLUNTARIO,EMAP,,,1.0,https://indomet.gob.do/wp-content/uploads/2026/10/Temperaturas-extremas-y-precipitaciones-03-de-Octubre-2026.pdf
2026-10-03,068,ARPT. EL CATEY,SAMANÁ,INDOMET,EMCI,33.0,21.5,1.0,https://indomet.gob.do/wp-content/uploads/2026/10/Temperaturas-extremas-y-precipitaciones-03-de-Octubre-2026.pdf
2026-10-03,069,BAYAGUANA,MONTE PLATA,INDOMET,EMCI,34.6,22.7,0.9,https://indomet.gob.do/wp-content/uploads/2026/10/Temperaturas-extremas-y-precipitaciones-03-de-Octubre-2026.pdf
2026-10-03,070,SANTO DOMINGO ESTE,SANTO DOMINGO,INDOMET,EMCI,33.0,24.8,0.9,https://indomet.gob.do/wp-content/uploads/2026/10/Temperaturas-extremas-y-precipitaciones-03-de-Octubre-2026.pdf
2026-10-03,071,EL MILLON (EMA),DISTRITO NACIONAL,PRIVADA,EMAP,,,0.8,https://indomet.gob.do/wp-content/uploads/2026/10/Temperaturas-extremas-y-precipitaciones-03-de-Octubre-2026.pdf
2026-10-03,072,LOS CACICAZGOS (EMA),DISTRITO NACIONAL,PRIVADA,EMAP,,,0.8,https://indomet.gob.do/wp-content/uploads/2026/10/Temperaturas-extremas-y-precipitaciones-03-de-Octubre-2026.pdf
2026-10-03,073,LOS PRADOS (EMA),DISTRITO NACIONAL,PRIVADA,EMAP,,,0.8,https://indomet.gob.do/wp-content/uploads/2026/10/Temperaturas-extremas-y-precipitaciones-03-de-Octubre-2026.pdf
2026-10-03,074,ARPT. DE LA ROMANA,LA ROMANA,INDOMET,EMCI,33.8,22.5,0.6,https://indomet.gob.do/wp-content/uploads/2026/10/Temperaturas-extremas-y-precipitaciones-03-de-Octubre-2026.pdf
2026-10-03,075,CENTRO DE LOS HEROES (EMA),DISTRITO NACIONAL,MINISTERIO DE ENERGIA Y MINA,EMAP,32.3,25.1,0.4,https://indomet.gob.do/wp-content/uploads/2026/10/Temperaturas-extremas-y-precipitaciones-03-de-Octubre-2026.pdf
2026-10-03,076,PRESA DE TAVERAS (EMA),LA VEGA,PROGRAMA MUNDIAL DE ALIMENTO,EMAP,29.3,21.7,0.4,https://indomet.gob.do/wp-content/uploads/2026/10/Temperaturas-extremas-y-precipitaciones-03-de-Octubre-2026.pdf
2026-10-03,077,ARPT. DE LAS AMÉRICAS,SANTO DOMINGO,INDOMET,EMCI,33.3,23.4,0.2,https://indomet.gob.do/wp-content/uploads/2026/10/Temperaturas-extremas-y-precipitaciones-03-de-Octubre-2026.pdf
2026-10-03,078,VALLE NUEVO (EMA),LA VEGA,MARENA,EMAI,19.6,10.3,0.0,https://indomet.gob.do/wp-content/uploads/2026/10/Temperaturas-extremas-y-precipitaciones-03-de-Octubre-2026.pdf
2026-10-03,079,BAYAHONDO (EMA),SAN JUAN,MINISTERIO DE AGRICULTURA,EMAP,,,0.0,https://indomet.gob.do/wp-content/uploads/2026/10/Temperaturas-extremas-y-precipitaciones-03-de-Octubre-2026.pdf
2026-10-03,080,LOS TRES CHARCOS (EMA),PEDERNALES,PROPIEDAD DEL VOLUNTARIO,EMAP,33.1,22.9,0.0,https://indomet.gob.do/wp-content/uploads/2026/10/Temperaturas-extremas-y-precipitaciones-03-de-Octubre-2026.pdf
2026-10-03,081,MONCIÓN (EMA),SANTIAGO RODRÍGUEZ,PROGRAMA MUNDIAL DE ALIMENTO,EMAP,30.7,19.2,0.0,https://indomet.gob.do/wp-content/uploads/2026/10/Temperaturas-extremas-y-precipitaciones-03-de-Octubre-2026.pdf
2026-10-03,082,PROLONGACION 27 DE FEBRERO,DISTRITO NACIONAL,PRIVADA,EMAP,,,0.0,https://indomet.gob.do/wp-content/uploads/2026/10/Temperaturas-extremas-y-precipitaciones-03-de-Octubre-2026.pdf
2026-10-03,083,ARPT. ARROYO BARRIL,SAMANÁ,INDOMET,EMCI,31.2,23.6,0.0,https://indomet.gob.do/wp-content/uploads/2026/10/Temperaturas-extremas-y-precipitaciones-03-de-Octubre-2026.pdf
2026-10-03,084,OLIVARES,PEDERNALES,INDRHI,EMCI,,,0.0,https://indomet.gob.do/wp-content/uploads/2026/10/Temperaturas-extremas-y-precipitaciones-03-de-Octubre-2026.pdf
2026-10-03,085,PEDERNALES,PEDERNALES,INDRHI,EMCI,,,0.0,https://indomet.gob.do/wp-content/uploads/2026/10/Temperaturas-extremas-y-precipitaciones-03-de-Octubre-2026.pdf
2026-10-03,086,SABANA DE LA MAR,HATO MAYOR,INDOMET,EMCI,33.0,23.2,0.0,https://indomet.gob.do/wp-content/uploads/2026/10/Temperaturas-extremas-y-precipitaciones-03-de-Octubre-2026.pdf
2026-10-03,087,HATO MAYOR,HATO MAYOR,MINISTERIO DE AGRICULTURA,EMCV,,,0.0,https://indomet.gob.do/wp-content/uploads/2026/10/Temperaturas-extremas-y-precipitaciones-03-de-Octubre-2026.pdf
2026-10-04,001,SAN FRANCISCO DE MACORÍS,DUARTE,San Francisco de Macorís (UASD),EMCI,33.4,22.5,29.0,https://indomet.gob.do/wp-content/uploads/2026/10/Temperaturas-extremas-y-precipitaciones-04-de-Octubre-2026.pdf
2026-10-04,002,EL FACTOR (EMA),MARÍA TRINIDAD SÁNCHEZ,INTEC,EMAP,31.4,22.6,21.8,https://indomet.gob.do/wp-content/uploads/2026/10/Temperaturas-extremas-y-precipitaciones-04-de-Octubre-2026.pdf
2026-10-04,003,CABRERA,MARÍA TRINIDAD SÁNCHEZ,ESCUELA ARÍSTIDES FIALLO CABRAL,EMCI,32.5,24.5,18.0,https://indomet.gob.do/wp-content/uploads/2026/10/Temperaturas-extremas-y-precipitaciones-04-de-Octubre-2026.pdf
2026-10-04,004,JARABACOA,LA VEGA,INDRHI / MARENA,EMCI,28.8,18.2,16.7,https://indomet.gob.do/wp-content/uploads/2026/10/Temperaturas-extremas-y-precipitaciones-04-de-Octubre-2026.pdf
2026-10-04,005,MONTE CRISTI,MONTE CRISTI,INDOMET,EMCI,34.5,23.0,16.0,https://indomet.gob.do/wp-content/uploads/2026/10/Temperaturas-extremas-y-precipitaciones-04-de-Octubre-2026.pdf
2026-10-04,006,SANTIAGO (CENTRO),SANTIAGO,HUACALITO,EMCI,,,15.8,https://indomet.gob.do/wp-content/uploads/2026/10/Temperaturas-extremas-y-precipitaciones-04-de-Octubre-2026.pdf
2026-10-04,007,SAMANÁ,SAMANÁ,COMANDANCIA DE PUERTO DE SAMANÁ,EMCI,31.3,15.5,13.8,https://indomet.gob.do/wp-content/uploads/2026/10/Temperaturas-extremas-y-precipitaciones-04-de-Octubre-2026.pdf
2026-10-04,008,GURABO,SANTIAGO,MINISTERIO DE AGRICULTURA,EMCV,,,13.7,https://indomet.gob.do/wp-content/uploads/2026/10/Temperaturas-extremas-y-precipitaciones-04-de-Octubre-2026.pdf
2026-10-04,009,BUCARA (EMA),SANTIAGO,MINISTERIO DE AGRICULTURA,EMAI,,,13.4,https://indomet.gob.do/wp-content/uploads/2026/10/Temperaturas-extremas-y-precipitaciones-04-de-Octubre-2026.pdf
2026-10-04,010,SALCEDO,HERMANAS MIRABAL,PROPIEDAD DEL EMPLEADO,EMCI,,,12.0,https://indomet.gob.do/wp-content/uploads/2026/10/Temperaturas-extremas-y-precipitaciones-04-de-Octubre-2026.pdf
2026-10-04,011,ARPT. DE LA ROMANA,LA ROMANA,INDOMET,EMCI,33.3,22.3,11.9,https://indomet.gob.do/wp-content/uploads/2026/10/Temperaturas-extremas-y-precipitaciones-04-de-Octubre-2026.pdf
2026-10-04,012,SAN JOSÉ DE OCOA,SAN JOSÉ DE OCOA,HOSP. SAN JOSÉ DE OCOA,EMCI,31.9,21.0,8.4,https://indomet.gob.do/wp-content/uploads/2026/10/Temperaturas-extremas-y-precipitaciones-04-de-Octubre-2026.pdf
2026-10-04,013,SÁNCHEZ,SAMANÁ,MINISTERIO DE AGRICULTURA,EMCI,33.5,23.4,8.4,https://indomet.gob.do/wp-content/uploads/2026/10/Temperaturas-extremas-y-precipitaciones-04-de-Octubre-2026.pdf
2026-10-04,014,HONDO VALLE,ELÍAS PIÑA,MINISTERIO DE AGRICULTURA,EMCI,27.9,18.3,7.2,https://indomet.gob.do/wp-content/uploads/2026/10/Temperaturas-extremas-y-precipitaciones-04-de-Octubre-2026.pdf
2026-10-04,015,PARQUE MIRADOR SUR,DISTRITO NACIONAL,AYUNTAMIENTO,EMCV,33.5,23.5,6.0,https://indomet.gob.do/wp-content/uploads/2026/10/Temperaturas-extremas-y-precipitaciones-04-de-Octubre-2026.pdf
2026-10-04,016,BOHECHÍO,SAN JUAN,MINISTERIO DE AGRICULTURA,EMCV,,,5.8,https://indomet.gob.do/wp-content/uploads/2026/10/Temperaturas-extremas-y-precipitaciones-04-de-Octubre-2026.pdf
2026-10-04,017,ARPT. DEL CIBAO,SANTIAGO,INDOMET,EMCI,32.8,21.8,5.4,https://indomet.gob.do/wp-content/uploads/2026/10/Temperaturas-extremas-y-precipitaciones-04-de-Octubre-2026.pdf
2026-10-04,018,ARPT. GREGORIO LUPERÓN,PUERTO PLATA,INDOMET,EMCI,30.2,23.0,5.4,https://indomet.gob.do/wp-content/uploads/2026/10/Temperaturas-extremas-y-precipitaciones-04-de-Octubre-2026.pdf
2026-10-04,019,TAVERA,SANTIAGO,INDRHI,EMCI,,,5.4,https://indomet.gob.do/wp-content/uploads/2026/10/Temperaturas-extremas-y-precipitaciones-04-de-Octubre-2026.pdf
2026-10-04,020,SAN RAFAEL DEL YUMA,LA ALTAGRACIA,MINISTERIO DE AGRICULTURA,EMCI,33.9,23.1,5.2,https://indomet.gob.do/wp-content/uploads/2026/10/Temperaturas-extremas-y-precipitaciones-04-de-Octubre-2026.pdf
2026-10-04,021,SABANA GRANDE DE BOYÁ,MONTE PLATA,MINISTERIO DE AGRICULTURA,EMCV,,,4.6,https://indomet.gob.do/wp-content/uploads/2026/10/Temperaturas-extremas-y-precipitaciones-04-de-Octubre-2026.pdf
2026-10-04,022,ARPT. ARROYO BARRIL,SAMANÁ,INDOMET,EMCI,33.0,23.0,4.5,https://indomet.gob.do/wp-content/uploads/2026/10/Temperaturas-extremas-y-precipitaciones-04-de-Octubre-2026.pdf
2026-10-04,023,GASPAR HERNÁNDEZ,ESPAILLAT,PROPIEDAD DEL EMPLEADO,EMCI,,,4.2,https://indomet.gob.do/wp-content/uploads/2026/10/Temperaturas-extremas-y-precipitaciones-04-de-Octubre-2026.pdf
2026-10-04,024,ALTAMIRA,PUERTO PLATA,HOSP. MPAL. DE ALTAMIRA,EMCI,30.7,20.5,2.8,https://indomet.gob.do/wp-content/uploads/2026/10/Temperaturas-extremas-y-precipitaciones-04-de-Octubre-2026.pdf
2026-10-04,025,RANCHO ARRIBA,SAN JOSÉ DE OCOA,CENTRO TECNOLÓGICO COMUNITARIO,EMCI,30.0,18.9,2.5,https://indomet.gob.do/wp-content/uploads/2026/10/Temperaturas-extremas-y-precipitaciones-04-de-Octubre-2026.pdf
2026-10-04,026,LOS LLANOS,SAN PEDRO DE MACORÍS,MINISTERIO DE AGRICULTURA,EMCI,32.9,22.5,2.4,https://indomet.gob.do/wp-content/uploads/2026/10/Temperaturas-extremas-y-precipitaciones-04-de-Octubre-2026.pdf
2026-10-04,027,CONSTANZA (EMA),LA VEGA,PROGRAMA MUNDIAL DE ALIMENTO,EMAP,26.4,15.1,2.2,https://indomet.gob.do/wp-content/uploads/2026/10/Temperaturas-extremas-y-precipitaciones-04-de-Octubre-2026.pdf
2026-10-04,028,CONSTANZA,LA VEGA,MINISTERIO DE AGRICULTURA,EMCI,28.4,14.0,1.8,https://indomet.gob.do/wp-content/uploads/2026/10/Temperaturas-extremas-y-precipitaciones-04-de-Octubre-2026.pdf
2026-10-04,029,LA VICTORIA,SANTO DOMINGO,CUERPO DE BOMBEROS,EMCI,31.0,23.0,1.8,https://indomet.gob.do/wp-content/uploads/2026/10/Temperaturas-extremas-y-precipitaciones-04-de-Octubre-2026.pdf
2026-10-04,030,HATO MAYOR,HATO MAYOR,MINISTERIO DE AGRICULTURA,EMCV,,,1.8,https://indomet.gob.do/wp-content/uploads/2026/10/Temperaturas-extremas-y-precipitaciones-04-de-Octubre-2026.pdf
2026-10-04,032,LA VEGA,LA VEGA,IATESA,EMCI,33.0,21.6,1.6,https://indomet.gob.do/wp-content/uploads/2026/10/Temperaturas-extremas-y-precipitaciones-04-de-Octubre-2026.pdf
2026-10-04,033,BONAO,MONSEÑOR NOUEL,MINISTERIO DE AGRICULTURA,EMCV,,,1.5,https://indomet.gob.do/wp-content/uploads/2026/10/Temperaturas-extremas-y-precipitaciones-04-de-Octubre-2026.pdf
2026-10-04,034,TAMBORIL,SANTIAGO,MINISTERIO DE AGRICULTURA,EMCV,,,1.4,https://indomet.gob.do/wp-content/uploads/2026/10/Temperaturas-extremas-y-precipitaciones-04-de-Octubre-2026.pdf
2026-10-04,035,ALTO BANDERA (EMA),LA VEGA,INTEC,EMAP,15.9,10.9,1.3,https://indomet.gob.do/wp-content/uploads/2026/10/Temperaturas-extremas-y-precipitaciones-04-de-Octubre-2026.pdf
2026-10-04,036,PALO ÍNDIO,PUERTO PLATA,MINISTERIO DE AGRICULTURA,EMCI,,,1.3,https://indomet.gob.do/wp-content/uploads/2026/10/Temperaturas-extremas-y-precipitaciones-04-de-Octubre-2026.pdf
2026-10-04,037,JARDÍN BOTÁNICO SANTIAGO (EMSANTIAGO,,JARDIN BOTANICO SANTIAGO,EMAI,32.5,23.9,1.2,https://indomet.gob.do/wp-content/uploads/2026/10/Temperaturas-extremas-y-precipitaciones-04-de-Octubre-2026.pdf
2026-10-04,038,LOS JENGIBRES,NAGUA,INDRHI,EMCI,,,1.1,https://indomet.gob.do/wp-content/uploads/2026/10/Temperaturas-extremas-y-precipitaciones-04-de-Octubre-2026.pdf
2026-10-04,039,VILLA ISABELA,PUERTO PLATA,MINISTERIO DE AGRICULTURA,EMCV,31.8,20.8,0.8,https://indomet.gob.do/wp-content/uploads/2026/10/Temperaturas-extremas-y-precipitaciones-04-de-Octubre-2026.pdf
2026-10-04,040,ARPT. EL CATEY,SAMANÁ,INDOMET,EMCI,30.2,21.0,0.6,https://indomet.gob.do/wp-content/uploads/2026/10/Temperaturas-extremas-y-precipitaciones-04-de-Octubre-2026.pdf
2026-10-04,041,ARPT. LA ISABELA,SANTO DOMINGO,INDOMET,EMCI,32.3,21.3,0.6,https://indomet.gob.do/wp-content/uploads/2026/10/Temperaturas-extremas-y-precipitaciones-04-de-Octubre-2026.pdf
2026-10-04,042,ARROYO LORO,SAN JUAN,IDIAF,EMCI,31.4,19.3,0.4,https://indomet.gob.do/wp-content/uploads/2026/10/Temperaturas-extremas-y-precipitaciones-04-de-Octubre-2026.pdf
2026-10-04,043,JUMA BEJUCAL,MONSEÑOR NOUEL,IDIAF,EMCV,32.8,23.0,0.4,https://indomet.gob.do/wp-content/uploads/2026/10/Temperaturas-extremas-y-precipitaciones-04-de-Octubre-2026.pdf
2026-10-04,044,MICHES (EMA),EL SEIBO,PRIVADA,EMAP,30.8,22.9,0.4,https://indomet.gob.do/wp-content/uploads/2026/10/Temperaturas-extremas-y-precipitaciones-04-de-Octubre-2026.pdf
2026-10-04,045,RÍO SAN JUAN,MARÍA TRINIDAD SÁNCHEZ,HOSP. MPAL. DR. DESIDERIO ACOSTA,EMCV,32.8,23.9,0.4,https://indomet.gob.do/wp-content/uploads/2026/10/Temperaturas-extremas-y-precipitaciones-04-de-Octubre-2026.pdf
2026-10-04,046,BAYAGUANA,MONTE PLATA,INDOMET,EMCI,34.2,22.4,0.3,https://indomet.gob.do/wp-content/uploads/2026/10/Temperaturas-extremas-y-precipitaciones-04-de-Octubre-2026.pdf
2026-10-04,047,COFRESI (EMA),PUERTO PLATA,PRIVADA,EMAP,30.4,25.0,0.3,https://indomet.gob.do/wp-content/uploads/2026/10/Temperaturas-extremas-y-precipitaciones-04-de-Octubre-2026.pdf
2026-10-04,048,DAJABÓN,DAJABÓN,INSTITUTO POLITÉCNICO LOYOLA,EMCI,35.6,20.3,0.3,https://indomet.gob.do/wp-content/uploads/2026/10/Temperaturas-extremas-y-precipitaciones-04-de-Octubre-2026.pdf
2026-10-04,049,PERALTA,AZUA,HOSP. MPAL. DE PERALTA,EMCI,31.3,17.8,0.3,https://indomet.gob.do/wp-content/uploads/2026/10/Temperaturas-extremas-y-precipitaciones-04-de-Octubre-2026.pdf
2026-10-04,050,POLO,BARAHONA,INDOCAFE,EMCI,31.0,18.0,0.3,https://indomet.gob.do/wp-content/uploads/2026/10/Temperaturas-extremas-y-precipitaciones-04-de-Octubre-2026.pdf
2026-10-04,051,SABANA DE LA MAR,HATO MAYOR,INDOMET,EMCI,32.6,23.0,0.3,https://indomet.gob.do/wp-content/uploads/2026/10/Temperaturas-extremas-y-precipitaciones-04-de-Octubre-2026.pdf
2026-10-04,052,TÁBARA ABAJO,AZUA,INDRHI,EMCI,32.5,23.0,0.3,https://indomet.gob.do/wp-content/uploads/2026/10/Temperaturas-extremas-y-precipitaciones-04-de-Octubre-2026.pdf
2026-10-04,053,BOCA DE MAO (EMA),VALVERDE,MINISTERIO DE AGRICULTURA,EMAP,33.7,22.2,0.2,https://indomet.gob.do/wp-content/uploads/2026/10/Temperaturas-extremas-y-precipitaciones-04-de-Octubre-2026.pdf
2026-10-04,054,COTUI HOSP.MUNICIPAL (EMA),SÁNCHEZ RAMÍREZ,PROGRAMA MUNDIAL DE ALIMENTO,EMAP,31.0,23.6,0.2,https://indomet.gob.do/wp-content/uploads/2026/10/Temperaturas-extremas-y-precipitaciones-04-de-Octubre-2026.pdf
2026-10-04,055,PRESA DE TAVERAS (EMA),LA VEGA,PROGRAMA MUNDIAL DE ALIMENTO,EMAP,29.8,20.7,0.2,https://indomet.gob.do/wp-content/uploads/2026/10/Temperaturas-extremas-y-precipitaciones-04-de-Octubre-2026.pdf
2026-10-04,056,VILLA VASQUEZ (EMA),MONTE CRISTI,JUNTA DE REGANTES,EMAI,,,0.2,https://indomet.gob.do/wp-content/uploads/2026/10/Temperaturas-extremas-y-precipitaciones-04-de-Octubre-2026.pdf
2026-10-04,057,ARPT. DE LAS AMÉRICAS,SANTO DOMINGO,INDOMET,EMCI,32.8,23.3,0.0,https://indomet.gob.do/wp-content/uploads/2026/10/Temperaturas-extremas-y-precipitaciones-04-de-Octubre-2026.pdf
2026-10-04,058,ARPT. DE PUNTA CANA,LA ALTAGRACIA,INDOMET,EMCI,32.2,20.5,0.0,https://indomet.gob.do/wp-content/uploads/2026/10/Temperaturas-extremas-y-precipitaciones-04-de-Octubre-2026.pdf
2026-10-04,059,ARPT. MARÍA MONTEZ,BARAHONA,INDOMET,EMCI,32.2,23.0,0.0,https://indomet.gob.do/wp-content/uploads/2026/10/Temperaturas-extremas-y-precipitaciones-04-de-Octubre-2026.pdf
2026-10-04,060,CABRAL,BARAHONA,MINISTERIO DE AGRICULTURA,EMCV,33.5,23.5,0.0,https://indomet.gob.do/wp-content/uploads/2026/10/Temperaturas-extremas-y-precipitaciones-04-de-Octubre-2026.pdf
2026-10-04,061,EL CERCADO,SAN JUAN,MINISTERIO DE AGRICULTURA,EMCV,,,0.0,https://indomet.gob.do/wp-content/uploads/2026/10/Temperaturas-extremas-y-precipitaciones-04-de-Octubre-2026.pdf
2026-10-04,062,EL MILLON (EMA),DISTRITO NACIONAL,PRIVADA,EMAP,,,0.0,https://indomet.gob.do/wp-content/uploads/2026/10/Temperaturas-extremas-y-precipitaciones-04-de-Octubre-2026.pdf
2026-10-04,063,ELÍAS PIÑA,ELÍAS PIÑA,MINISTERIO DE AGRICULTURA,EMCV,,,0.0,https://indomet.gob.do/wp-content/uploads/2026/10/Temperaturas-extremas-y-precipitaciones-04-de-Octubre-2026.pdf
2026-10-04,064,ENRIQUILLO,BARAHONA,MINISTERIO DE AGRICULTURA,EMCV,33.0,22.5,0.0,https://indomet.gob.do/wp-content/uploads/2026/10/Temperaturas-extremas-y-precipitaciones-04-de-Octubre-2026.pdf
2026-10-04,065,ENSANCHE LA FE (EMA),DISTRITO NACIONAL,PRIVADA,EMAP,,,0.0,https://indomet.gob.do/wp-content/uploads/2026/10/Temperaturas-extremas-y-precipitaciones-04-de-Octubre-2026.pdf
2026-10-04,066,ESCONDIDO,PERAVIA,MINISTERIO DE AGRICULTURA,EMCV,32.0,25.0,0.0,https://indomet.gob.do/wp-content/uploads/2026/10/Temperaturas-extremas-y-precipitaciones-04-de-Octubre-2026.pdf
2026-10-04,067,JARDÍN BOTÁNICO NACIONAL,DISTRITO NACIONAL,JARDÍN BOTÁNICO NACIONAL,EMCV,30.8,22.1,0.0,https://indomet.gob.do/wp-content/uploads/2026/10/Temperaturas-extremas-y-precipitaciones-04-de-Octubre-2026.pdf
2026-10-04,068,JIMANÍ,INDEPENDENCIA,MINISTERIO DE AGRICULTURA,EMCI,34.5,24.5,0.0,https://indomet.gob.do/wp-content/uploads/2026/10/Temperaturas-extremas-y-precipitaciones-04-de-Octubre-2026.pdf
2026-10-04,069,LA AGUSTINA (EMA),DISTRITO NACIONAL,PRIVADA,EMAP,,,0.0,https://indomet.gob.do/wp-content/uploads/2026/10/Temperaturas-extremas-y-precipitaciones-04-de-Octubre-2026.pdf
2026-10-04,070,LA YAGUITA (EMA),MONTE CRISTI,PROPIEDAD DEL VOLUNTARIO,EMAP,,,0.0,https://indomet.gob.do/wp-content/uploads/2026/10/Temperaturas-extremas-y-precipitaciones-04-de-Octubre-2026.pdf
2026-10-04,071,LAS CANAS (EMA),MONTE CRISTI,PROGRAMA MUNDIAL DE ALIMENTO,EMAP,30.8,23.1,0.0,https://indomet.gob.do/wp-content/uploads/2026/10/Temperaturas-extremas-y-precipitaciones-04-de-Octubre-2026.pdf
2026-10-04,072,LOS CACICAZGOS (EMA),DISTRITO NACIONAL,PRIVADA,EMAP,,,0.0,https://indomet.gob.do/wp-content/uploads/2026/10/Temperaturas-extremas-y-precipitaciones-04-de-Octubre-2026.pdf
2026-10-04,073,LOS COCOS (EMA),BAHORUCO,PRIVADA,EMAP,,,0.0,https://indomet.gob.do/wp-content/uploads/2026/10/Temperaturas-extremas-y-precipitaciones-04-de-Octubre-2026.pdf
2026-10-04,074,LOS PRADOS (EMA),DISTRITO NACIONAL,PRIVADA,EMAP,,,0.0,https://indomet.gob.do/wp-content/uploads/2026/10/Temperaturas-extremas-y-precipitaciones-04-de-Octubre-2026.pdf
2026-10-04,075,LOYOLA (EMA),SAN CRISTÓBAL,PRIVADA,EMAP,,,0.0,https://indomet.gob.do/wp-content/uploads/2026/10/Temperaturas-extremas-y-precipitaciones-04-de-Octubre-2026.pdf
2026-10-04,076,MAO,VALVERDE,INDRHI / MINISTERIO DE AGRICULTURA,EMCV,,,0.0,https://indomet.gob.do/wp-content/uploads/2026/10/Temperaturas-extremas-y-precipitaciones-04-de-Octubre-2026.pdf
2026-10-04,077,MONCIÓN (EMA),SANTIAGO RODRÍGUEZ,PROGRAMA MUNDIAL DE ALIMENTO,EMAP,30.7,20.0,0.0,https://indomet.gob.do/wp-content/uploads/2026/10/Temperaturas-extremas-y-precipitaciones-04-de-Octubre-2026.pdf
2026-10-04,078,NAVARRETE,SANTIAGO,MINISTERIO DE AGRICULTURA,EMCV,,,0.0,https://indomet.gob.do/wp-content/uploads/2026/10/Temperaturas-extremas-y-precipitaciones-04-de-Octubre-2026.pdf
2026-10-04,079,OLIVARES,PEDERNALES,INDRHI,EMCI,,,0.0,https://indomet.gob.do/wp-content/uploads/2026/10/Temperaturas-extremas-y-precipitaciones-04-de-Octubre-2026.pdf
2026-10-04,080,OVIEDO,PEDERNALES,CLÍNICA RURAL OVIEDO,EMCI,33.2,22.8,0.0,https://indomet.gob.do/wp-content/uploads/2026/10/Temperaturas-extremas-y-precipitaciones-04-de-Octubre-2026.pdf
2026-10-04,081,PADRE LAS CASAS,AZUA,HOSP. NTRA. SRA. DEL CARMEN,EMCI,32.0,19.6,0.0,https://indomet.gob.do/wp-content/uploads/2026/10/Temperaturas-extremas-y-precipitaciones-04-de-Octubre-2026.pdf
2026-10-04,082,PALO DE VIENTO (EMA),SAN JUAN,PRIVADA,EMAP,27.5,15.4,0.0,https://indomet.gob.do/wp-content/uploads/2026/10/Temperaturas-extremas-y-precipitaciones-04-de-Octubre-2026.pdf
2026-10-04,083,PASO AL MEDIO,SAN PEDRO DE MACORÍS,INDRHI,EMCI,,,0.0,https://indomet.gob.do/wp-content/uploads/2026/10/Temperaturas-extremas-y-precipitaciones-04-de-Octubre-2026.pdf
2026-10-04,084,PEDERNALES,PEDERNALES,INDRHI,EMCI,,,0.0,https://indomet.gob.do/wp-content/uploads/2026/10/Temperaturas-extremas-y-precipitaciones-04-de-Octubre-2026.pdf
2026-10-04,085,PROLONGACION 27 DE FEBRERO,DISTRITO NACIONAL,PRIVADA,EMAP,,,0.0,https://indomet.gob.do/wp-content/uploads/2026/10/Temperaturas-extremas-y-precipitaciones-04-de-Octubre-2026.pdf
2026-10-04,086,RESTAURACIÓN,DAJABÓN,MINISTERIO DE AGRICULTURA,EMCI,32.3,18.2,0.0,https://indomet.gob.do/wp-content/uploads/2026/10/Temperaturas-extremas-y-precipitaciones-04-de-Octubre-2026.pdf
2026-10-04,087,SABANETA (EMA),SANTIAGO RODRÍGUEZ,PROGRAMA MUNDIAL DE ALIMENTO,EMAP,35.2,21.8,0.0,https://indomet.gob.do/wp-content/uploads/2026/10/Temperaturas-extremas-y-precipitaciones-04-de-Octubre-2026.pdf
2026-10-04,088,SAJOMA (EMA),SANTIAGO,PLAN SIERRA,EMAI,29.4,26.0,0.0,https://indomet.gob.do/wp-content/uploads/2026/10/Temperaturas-extremas-y-precipitaciones-04-de-Octubre-2026.pdf
2026-10-04,089,SAN CRISTÓBAL,SAN CRISTÓBAL,INSTITUTO POLITÉCNICO LOYOLA,EMCI,33.0,21.0,0.0,https://indomet.gob.do/wp-content/uploads/2026/10/Temperaturas-extremas-y-precipitaciones-04-de-Octubre-2026.pdf
2026-10-04,090,SANTIAGO RODRÍGUEZ,SANTIAGO RODRÍGUEZ,INDOMET,EMCI,35.0,25.2,0.0,https://indomet.gob.do/wp-content/uploads/2026/10/Temperaturas-extremas-y-precipitaciones-04-de-Octubre-2026.pdf
2026-10-04,091,SANTO DOMINGO ESTE,SANTO DOMINGO,INDOMET,EMCI,34.0,24.5,0.0,https://indomet.gob.do/wp-content/uploads/2026/10/Temperaturas-extremas-y-precipitaciones-04-de-Octubre-2026.pdf
2026-10-04,092,VALLE NUEVO (EMA),LA VEGA,MARENA,EMAI,19.6,8.5,0.0,https://indomet.gob.do/wp-content/uploads/2026/10/Temperaturas-extremas-y-precipitaciones-04-de-Octubre-2026.pdf
2026-10-04,093,VILLA ALTAGRACIA,SAN CRISTÓBAL,ESCUELA JAVIER ANGULO GURIDI,EMCI,,,0.0,https://indomet.gob.do/wp-content/uploads/2026/10/Temperaturas-extremas-y-precipitaciones-04-de-Octubre-2026.pdf
2026-10-04,094,VILLA GONZALE (EMA),SANTIAGO,IGLESIA,EMAI,,,0.0,https://indomet.gob.do/wp-content/uploads/2026/10/Temperaturas-extremas-y-precipitaciones-04-de-Octubre-2026.pdf
2026-10-04,095,VILLA GONZALES,SANTIAGO,MINISTERIO DE AGRICULTURA,EMCI,,,0.0,https://indomet.gob.do/wp-content/uploads/2026/10/Temperaturas-extremas-y-precipitaciones-04-de-Octubre-2026.pdf
2026-10-04,096,VILLA RIVA,DUARTE,HOSP. MPAL. ALICIA DE LEGENDRE,EMCI,31.1,21.2,0.0,https://indomet.gob.do/wp-content/uploads/2026/10/Temperaturas-extremas-y-precipitaciones-04-de-Octubre-2026.pdf
2026-10-04,097,CENTRO DE LOS HEROES (EMA),DISTRITO NACIONAL,MINISTERIO DE ENERGIA Y MINA,EMAP,33.2,26.6,,https://indomet.gob.do/wp-content/uploads/2026/10/Temperaturas-extremas-y-precipitaciones-04-de-Octubre-2026.pdf
2026-10-05,001,"HONDO VALLE, NORTE",ELÍAS PIÑA,PRIVADA,EMAP,,,43.9,https://indomet.gob.do/wp-content/uploads/2026/10/Temperaturas-extremas-y-precipitaciones-05-de-Octubre-2026.pdf
2026-10-05,002,EL SEIBO,EL SEIBO,MINISTERIO DE AGRICULTURA,EMCV,,,25.4,https://indomet.gob.do/wp-content/uploads/2026/10/Temperaturas-extremas-y-precipitaciones-05-de-Octubre-2026.pdf
2026-10-05,003,SAN JOSÉ DE OCOA,SAN JOSÉ DE OCOA,HOSP. SAN JOSÉ DE OCOA,EMCI,32.5,21.4,22.0,https://indomet.gob.do/wp-content/uploads/2026/10/Temperaturas-extremas-y-precipitaciones-05-de-Octubre-2026.pdf
2026-10-05,004,BASE AÉREA DE SAN ISIDRO,SANTO DOMINGO,FUERZA AÉREA DOMINICANA,EMCV,30.0,23.0,21.0,https://indomet.gob.do/wp-content/uploads/2026/10/Temperaturas-extremas-y-precipitaciones-05-de-Octubre-2026.pdf
2026-10-05,005,TIREO (EMA),LA VEGA,PRIVADA,EMAP,,,19.0,https://indomet.gob.do/wp-content/uploads/2026/10/Temperaturas-extremas-y-precipitaciones-05-de-Octubre-2026.pdf
2026-10-05,006,OVIEDO,PEDERNALES,CLÍNICA RURAL OVIEDO,EMCI,33.5,22.5,17.8,https://indomet.gob.do/wp-content/uploads/2026/10/Temperaturas-extremas-y-precipitaciones-05-de-Octubre-2026.pdf
2026-10-05,007,ENRIQUILLO,BARAHONA,MINISTERIO DE AGRICULTURA,EMCV,33.2,22.0,10.0,https://indomet.gob.do/wp-content/uploads/2026/10/Temperaturas-extremas-y-precipitaciones-05-de-Octubre-2026.pdf
2026-10-05,008,CABRAL,BARAHONA,MINISTERIO DE AGRICULTURA,EMCV,34.6,23.8,8.9,https://indomet.gob.do/wp-content/uploads/2026/10/Temperaturas-extremas-y-precipitaciones-05-de-Octubre-2026.pdf
2026-10-05,009,LAS PLACETAS (EMA),SANTIAGO,PRIVADA,EMAP,,,8.4,https://indomet.gob.do/wp-content/uploads/2026/10/Temperaturas-extremas-y-precipitaciones-05-de-Octubre-2026.pdf
2026-10-05,010,CONSTANZA (EMA),LA VEGA,PROGRAMA MUNDIAL DE ALIMENTO,EMAP,27.0,14.7,8.2,https://indomet.gob.do/wp-content/uploads/2026/10/Temperaturas-extremas-y-precipitaciones-05-de-Octubre-2026.pdf
2026-10-05,011,CONSTANZA,LA VEGA,MINISTERIO DE AGRICULTURA,EMCI,28.3,14.7,8.0,https://indomet.gob.do/wp-content/uploads/2026/10/Temperaturas-extremas-y-precipitaciones-05-de-Octubre-2026.pdf
2026-10-05,012,EL CERCADO,SAN JUAN,MINISTERIO DE AGRICULTURA,EMCV,,,8.0,https://indomet.gob.do/wp-content/uploads/2026/10/Temperaturas-extremas-y-precipitaciones-05-de-Octubre-2026.pdf
2026-10-05,013,PALO DE VIENTO (EMA),SAN JUAN,PRIVADA,EMAP,28.2,14.9,6.8,https://indomet.gob.do/wp-content/uploads/2026/10/Temperaturas-extremas-y-precipitaciones-05-de-Octubre-2026.pdf
2026-10-05,014,HONDO VALLE,ELÍAS PIÑA,MINISTERIO DE AGRICULTURA,EMCI,27.7,17.8,6.6,https://indomet.gob.do/wp-content/uploads/2026/10/Temperaturas-extremas-y-precipitaciones-05-de-Octubre-2026.pdf
2026-10-05,015,LOYOLA (EMA),SAN CRISTÓBAL,PRIVADA,EMAP,,,6.4,https://indomet.gob.do/wp-content/uploads/2026/10/Temperaturas-extremas-y-precipitaciones-05-de-Octubre-2026.pdf
2026-10-05,016,ALTO BANDERA (EMA),LA VEGA,INTEC,EMAP,17.3,8.4,6.1,https://indomet.gob.do/wp-content/uploads/2026/10/Temperaturas-extremas-y-precipitaciones-05-de-Octubre-2026.pdf
2026-10-05,017,SAN CRISTÓBAL,SAN CRISTÓBAL,INSTITUTO POLITÉCNICO LOYOLA,EMCI,33.0,20.5,5.1,https://indomet.gob.do/wp-content/uploads/2026/10/Temperaturas-extremas-y-precipitaciones-05-de-Octubre-2026.pdf
2026-10-05,018,SÁNCHEZ,SAMANÁ,MINISTERIO DE AGRICULTURA,EMCI,33.4,20.8,4.6,https://indomet.gob.do/wp-content/uploads/2026/10/Temperaturas-extremas-y-precipitaciones-05-de-Octubre-2026.pdf
2026-10-05,019,SABANA GRANDE DE BOYÁ,MONTE PLATA,MINISTERIO DE AGRICULTURA,EMCV,,,4.3,https://indomet.gob.do/wp-content/uploads/2026/10/Temperaturas-extremas-y-precipitaciones-05-de-Octubre-2026.pdf
2026-10-05,020,ARPT. MARÍA MONTEZ,BARAHONA,INDOMET,EMCI,33.4,24.4,4.3,https://indomet.gob.do/wp-content/uploads/2026/10/Temperaturas-extremas-y-precipitaciones-05-de-Octubre-2026.pdf
2026-10-05,021,RANCHO ARRIBA,SAN JOSÉ DE OCOA,CENTRO TECNOLÓGICO COMUNITARIO,EMCI,30.7,19.1,3.9,https://indomet.gob.do/wp-content/uploads/2026/10/Temperaturas-extremas-y-precipitaciones-05-de-Octubre-2026.pdf
2026-10-05,022,DAJABÓN,DAJABÓN,INSTITUTO POLITÉCNICO LOYOLA,EMCI,35.7,20.0,2.7,https://indomet.gob.do/wp-content/uploads/2026/10/Temperaturas-extremas-y-precipitaciones-05-de-Octubre-2026.pdf
2026-10-05,023,RESTAURACIÓN,DAJABÓN,MINISTERIO DE AGRICULTURA,EMCI,31.4,18.0,2.6,https://indomet.gob.do/wp-content/uploads/2026/10/Temperaturas-extremas-y-precipitaciones-05-de-Octubre-2026.pdf
2026-10-05,024,VILLA RIVA,DUARTE,HOSP. MPAL. ALICIA DE LEGENDRE,EMCI,36.0,23.7,2.5,https://indomet.gob.do/wp-content/uploads/2026/10/Temperaturas-extremas-y-precipitaciones-05-de-Octubre-2026.pdf
2026-10-05,025,VILLA ALTAGRACIA,SAN CRISTÓBAL,ESCUELA JAVIER ANGULO GURIDI,EMCI,,,2.3,https://indomet.gob.do/wp-content/uploads/2026/10/Temperaturas-extremas-y-precipitaciones-05-de-Octubre-2026.pdf
2026-10-05,026,ELÍAS PIÑA,ELÍAS PIÑA,MINISTERIO DE AGRICULTURA,EMCV,,,2.1,https://indomet.gob.do/wp-content/uploads/2026/10/Temperaturas-extremas-y-precipitaciones-05-de-Octubre-2026.pdf
2026-10-05,027,SANTO DOMINGO ESTE,SANTO DOMINGO,INDOMET,EMCI,32.8,25.3,1.8,https://indomet.gob.do/wp-content/uploads/2026/10/Temperaturas-extremas-y-precipitaciones-05-de-Octubre-2026.pdf
2026-10-05,028,BAYAGUANA,MONTE PLATA,INDOMET,EMCI,34.8,22.2,1.5,https://indomet.gob.do/wp-content/uploads/2026/10/Temperaturas-extremas-y-precipitaciones-05-de-Octubre-2026.pdf
2026-10-05,029,LA VEGA,LA VEGA,IATESA,EMCI,34.0,22.5,0.9,https://indomet.gob.do/wp-content/uploads/2026/10/Temperaturas-extremas-y-precipitaciones-05-de-Octubre-2026.pdf
2026-10-05,030,NAVARRETE,SANTIAGO,MINISTERIO DE AGRICULTURA,EMCV,,,0.8,https://indomet.gob.do/wp-content/uploads/2026/10/Temperaturas-extremas-y-precipitaciones-05-de-Octubre-2026.pdf
2026-10-05,031,LOS CACICAZGOS (EMA),DISTRITO NACIONAL,PRIVADA,EMAP,,,0.7,https://indomet.gob.do/wp-content/uploads/2026/10/Temperaturas-extremas-y-precipitaciones-05-de-Octubre-2026.pdf
2026-10-05,032,JARDÍN BOTÁNICO NACIONAL,DISTRITO NACIONAL,JARDÍN BOTÁNICO NACIONAL,EMCV,32.4,23.6,0.6,https://indomet.gob.do/wp-content/uploads/2026/10/Temperaturas-extremas-y-precipitaciones-05-de-Octubre-2026.pdf
2026-10-05,033,MAO,VALVERDE,INDRHI / MINISTERIO DE AGRICULTURA,EMCV,,,0.6,https://indomet.gob.do/wp-content/uploads/2026/10/Temperaturas-extremas-y-precipitaciones-05-de-Octubre-2026.pdf
2026-10-05,034,TAMBORIL,SANTIAGO,MINISTERIO DE AGRICULTURA,EMCV,,,0.5,https://indomet.gob.do/wp-content/uploads/2026/10/Temperaturas-extremas-y-precipitaciones-05-de-Octubre-2026.pdf
2026-10-05,035,ALTAMIRA,PUERTO PLATA,HOSP. MPAL. DE ALTAMIRA,EMCI,34.5,21.6,0.4,https://indomet.gob.do/wp-content/uploads/2026/10/Temperaturas-extremas-y-precipitaciones-05-de-Octubre-2026.pdf
2026-10-05,036,JANICO (EMA),LA VEGA,PLAN SIERRA,EMAI,,,0.4,https://indomet.gob.do/wp-content/uploads/2026/10/Temperaturas-extremas-y-precipitaciones-05-de-Octubre-2026.pdf
2026-10-05,037,MICHES (EMA),EL SEIBO,PRIVADA,EMAP,31.8,23.6,0.4,https://indomet.gob.do/wp-content/uploads/2026/10/Temperaturas-extremas-y-precipitaciones-05-de-Octubre-2026.pdf
2026-10-05,038,POLO,BARAHONA,INDOCAFE,EMCI,30.7,17.5,0.4,https://indomet.gob.do/wp-content/uploads/2026/10/Temperaturas-extremas-y-precipitaciones-05-de-Octubre-2026.pdf
2026-10-05,039,SAJOMA (EMA),SANTIAGO,PLAN SIERRA,EMAI,32.6,26.9,0.4,https://indomet.gob.do/wp-content/uploads/2026/10/Temperaturas-extremas-y-precipitaciones-05-de-Octubre-2026.pdf
2026-10-05,040,TÁBARA ABAJO,AZUA,INDRHI,EMCI,34.5,24.0,0.3,https://indomet.gob.do/wp-content/uploads/2026/10/Temperaturas-extremas-y-precipitaciones-05-de-Octubre-2026.pdf
2026-10-05,041,VILLA GONZALES,SANTIAGO,MINISTERIO DE AGRICULTURA,EMCI,,,0.3,https://indomet.gob.do/wp-content/uploads/2026/10/Temperaturas-extremas-y-precipitaciones-05-de-Octubre-2026.pdf
2026-10-05,042,VILLA ISABELA,PUERTO PLATA,MINISTERIO DE AGRICULTURA,EMCV,32.5,21.8,0.3,https://indomet.gob.do/wp-content/uploads/2026/10/Temperaturas-extremas-y-precipitaciones-05-de-Octubre-2026.pdf
2026-10-05,043,BUCARA (EMA),SANTIAGO,MINISTERIO DE AGRICULTURA,EMAI,,,0.2,https://indomet.gob.do/wp-content/uploads/2026/10/Temperaturas-extremas-y-precipitaciones-05-de-Octubre-2026.pdf
2026-10-05,044,HATO MAYOR,HATO MAYOR,MINISTERIO DE AGRICULTURA,EMCV,,,0.1,https://indomet.gob.do/wp-content/uploads/2026/10/Temperaturas-extremas-y-precipitaciones-05-de-Octubre-2026.pdf
2026-10-05,045,JARABACOA,LA VEGA,INDRHI / MARENA,EMCI,33.2,18.4,0.1,https://indomet.gob.do/wp-content/uploads/2026/10/Temperaturas-extremas-y-precipitaciones-05-de-Octubre-2026.pdf
2026-10-05,046,ARPT. ARROYO BARRIL,SAMANÁ,INDOMET,EMCI,33.5,23.0,0.0,https://indomet.gob.do/wp-content/uploads/2026/10/Temperaturas-extremas-y-precipitaciones-05-de-Octubre-2026.pdf
2026-10-05,047,ARPT. DE LA ROMANA,LA ROMANA,INDOMET,EMCI,34.5,21.6,0.0,https://indomet.gob.do/wp-content/uploads/2026/10/Temperaturas-extremas-y-precipitaciones-05-de-Octubre-2026.pdf
2026-10-05,048,ARPT. DE LAS AMÉRICAS,SANTO DOMINGO,INDOMET,EMCI,33.0,23.5,0.0,https://indomet.gob.do/wp-content/uploads/2026/10/Temperaturas-extremas-y-precipitaciones-05-de-Octubre-2026.pdf
2026-10-05,049,ARPT. DE PUNTA CANA,LA ALTAGRACIA,INDOMET,EMCI,32.0,24.2,0.0,https://indomet.gob.do/wp-content/uploads/2026/10/Temperaturas-extremas-y-precipitaciones-05-de-Octubre-2026.pdf
2026-10-05,050,ARPT. DEL CIBAO,SANTIAGO,INDOMET,EMCI,33.5,21.8,0.0,https://indomet.gob.do/wp-content/uploads/2026/10/Temperaturas-extremas-y-precipitaciones-05-de-Octubre-2026.pdf
2026-10-05,051,ARPT. EL CATEY,SAMANÁ,INDOMET,EMCI,31.4,21.6,0.0,https://indomet.gob.do/wp-content/uploads/2026/10/Temperaturas-extremas-y-precipitaciones-05-de-Octubre-2026.pdf
2026-10-05,052,ARPT. GREGORIO LUPERÓN,PUERTO PLATA,INDOMET,EMCI,32.5,23.0,0.0,https://indomet.gob.do/wp-content/uploads/2026/10/Temperaturas-extremas-y-precipitaciones-05-de-Octubre-2026.pdf
2026-10-05,053,ARPT. LA ISABELA,SANTO DOMINGO,INDOMET,EMCI,33.5,21.6,0.0,https://indomet.gob.do/wp-content/uploads/2026/10/Temperaturas-extremas-y-precipitaciones-05-de-Octubre-2026.pdf
2026-10-05,054,ARROYO LORO,SAN JUAN,IDIAF,EMCI,33.2,20.1,0.0,https://indomet.gob.do/wp-content/uploads/2026/10/Temperaturas-extremas-y-precipitaciones-05-de-Octubre-2026.pdf
2026-10-05,055,BOCA DE MAO (EMA),VALVERDE,MINISTERIO DE AGRICULTURA,EMAP,35.2,22.3,0.0,https://indomet.gob.do/wp-content/uploads/2026/10/Temperaturas-extremas-y-precipitaciones-05-de-Octubre-2026.pdf
2026-10-05,056,BOHECHÍO,SAN JUAN,MINISTERIO DE AGRICULTURA,EMCV,,,0.0,https://indomet.gob.do/wp-content/uploads/2026/10/Temperaturas-extremas-y-precipitaciones-05-de-Octubre-2026.pdf
2026-10-05,057,CABRERA,MARÍA TRINIDAD SÁNCHEZ,ESCUELA ARÍSTIDES FIALLO CABRAL,EMCI,33.5,26.0,0.0,https://indomet.gob.do/wp-content/uploads/2026/10/Temperaturas-extremas-y-precipitaciones-05-de-Octubre-2026.pdf
2026-10-05,058,CENTRO DE LOS HEROES (EMA),DISTRITO NACIONAL,MINISTERIO DE ENERGIA Y MINA,EMAP,32.7,26.7,0.0,https://indomet.gob.do/wp-content/uploads/2026/10/Temperaturas-extremas-y-precipitaciones-05-de-Octubre-2026.pdf
2026-10-05,059,COFRESI (EMA),PUERTO PLATA,PRIVADA,EMAP,31.9,26.0,0.0,https://indomet.gob.do/wp-content/uploads/2026/10/Temperaturas-extremas-y-precipitaciones-05-de-Octubre-2026.pdf
2026-10-05,060,EL FACTOR (EMA),MARÍA TRINIDAD SÁNCHEZ,INTEC,EMAP,33.6,24.1,0.0,https://indomet.gob.do/wp-content/uploads/2026/10/Temperaturas-extremas-y-precipitaciones-05-de-Octubre-2026.pdf
2026-10-05,061,EL MILLON (EMA),DISTRITO NACIONAL,PRIVADA,EMAP,,,0.0,https://indomet.gob.do/wp-content/uploads/2026/10/Temperaturas-extremas-y-precipitaciones-05-de-Octubre-2026.pdf
2026-10-05,062,ENSANCHE LA FE (EMA),DISTRITO NACIONAL,PRIVADA,EMAP,,,0.0,https://indomet.gob.do/wp-content/uploads/2026/10/Temperaturas-extremas-y-precipitaciones-05-de-Octubre-2026.pdf
2026-10-05,063,ESCONDIDO,PERAVIA,MINISTERIO DE AGRICULTURA,EMCV,31.0,23.0,0.0,https://indomet.gob.do/wp-content/uploads/2026/10/Temperaturas-extremas-y-precipitaciones-05-de-Octubre-2026.pdf
2026-10-05,064,GASPAR HERNÁNDEZ,ESPAILLAT,PROPIEDAD DEL EMPLEADO,EMCI,,,0.0,https://indomet.gob.do/wp-content/uploads/2026/10/Temperaturas-extremas-y-precipitaciones-05-de-Octubre-2026.pdf
2026-10-05,065,GURABO,SANTIAGO,MINISTERIO DE AGRICULTURA,EMCV,,,0.0,https://indomet.gob.do/wp-content/uploads/2026/10/Temperaturas-extremas-y-precipitaciones-05-de-Octubre-2026.pdf
2026-10-05,066,JARDÍN BOTÁNICO SANTIAGO (EMSANTIAGO,,JARDIN BOTANICO SANTIAGO,EMAI,,,0.0,https://indomet.gob.do/wp-content/uploads/2026/10/Temperaturas-extremas-y-precipitaciones-05-de-Octubre-2026.pdf
2026-10-05,067,JIMANÍ,INDEPENDENCIA,MINISTERIO DE AGRICULTURA,EMCI,36.0,24.6,0.0,https://indomet.gob.do/wp-content/uploads/2026/10/Temperaturas-extremas-y-precipitaciones-05-de-Octubre-2026.pdf
2026-10-05,068,JUMA BEJUCAL,MONSEÑOR NOUEL,IDIAF,EMCV,34.6,23.2,0.0,https://indomet.gob.do/wp-content/uploads/2026/10/Temperaturas-extremas-y-precipitaciones-05-de-Octubre-2026.pdf
2026-10-05,069,LA AGUSTINA (EMA),DISTRITO NACIONAL,PRIVADA,EMAP,,,0.0,https://indomet.gob.do/wp-content/uploads/2026/10/Temperaturas-extremas-y-precipitaciones-05-de-Octubre-2026.pdf
2026-10-05,070,LA VICTORIA,SANTO DOMINGO,CUERPO DE BOMBEROS,EMCI,34.5,24.0,0.0,https://indomet.gob.do/wp-content/uploads/2026/10/Temperaturas-extremas-y-precipitaciones-05-de-Octubre-2026.pdf
2026-10-05,071,LA YAGUITA (EMA),MONTE CRISTI,PROPIEDAD DEL VOLUNTARIO,EMAP,,,0.0,https://indomet.gob.do/wp-content/uploads/2026/10/Temperaturas-extremas-y-precipitaciones-05-de-Octubre-2026.pdf
2026-10-05,072,LAS CANAS (EMA),MONTE CRISTI,PROGRAMA MUNDIAL DE ALIMENTO,EMAP,31.6,23.8,0.0,https://indomet.gob.do/wp-content/uploads/2026/10/Temperaturas-extremas-y-precipitaciones-05-de-Octubre-2026.pdf
2026-10-05,073,LOS COCOS (EMA),BAHORUCO,PRIVADA,EMAP,,,0.0,https://indomet.gob.do/wp-content/uploads/2026/10/Temperaturas-extremas-y-precipitaciones-05-de-Octubre-2026.pdf
2026-10-05,074,LOS JENGIBRES,NAGUA,INDRHI,EMCI,,,0.0,https://indomet.gob.do/wp-content/uploads/2026/10/Temperaturas-extremas-y-precipitaciones-05-de-Octubre-2026.pdf
2026-10-05,075,LOS LLANOS,SAN PEDRO DE MACORÍS,MINISTERIO DE AGRICULTURA,EMCI,34.5,23.0,0.0,https://indomet.gob.do/wp-content/uploads/2026/10/Temperaturas-extremas-y-precipitaciones-05-de-Octubre-2026.pdf
2026-10-05,076,LOS PRADOS (EMA),DISTRITO NACIONAL,PRIVADA,EMAP,,,0.0,https://indomet.gob.do/wp-content/uploads/2026/10/Temperaturas-extremas-y-precipitaciones-05-de-Octubre-2026.pdf
2026-10-05,077,LOS TRES CHARCOS (EMA),PEDERNALES,PROPIEDAD DEL VOLUNTARIO,EMAP,33.6,23.8,0.0,https://indomet.gob.do/wp-content/uploads/2026/10/Temperaturas-extremas-y-precipitaciones-05-de-Octubre-2026.pdf
2026-10-05,078,MONCIÓN (EMA),SANTIAGO RODRÍGUEZ,PROGRAMA MUNDIAL DE ALIMENTO,EMAP,31.4,20.9,0.0,https://indomet.gob.do/wp-content/uploads/2026/10/Temperaturas-extremas-y-precipitaciones-05-de-Octubre-2026.pdf
2026-10-05,079,MONTE CRISTI,MONTE CRISTI,INDOMET,EMCI,33.6,23.4,0.0,https://indomet.gob.do/wp-content/uploads/2026/10/Temperaturas-extremas-y-precipitaciones-05-de-Octubre-2026.pdf
2026-10-05,080,PADRE LAS CASAS,AZUA,HOSP. NTRA. SRA. DEL CARMEN,EMCI,33.0,20.0,0.0,https://indomet.gob.do/wp-content/uploads/2026/10/Temperaturas-extremas-y-precipitaciones-05-de-Octubre-2026.pdf
2026-10-05,081,PALO ÍNDIO,PUERTO PLATA,MINISTERIO DE AGRICULTURA,EMCI,,,0.0,https://indomet.gob.do/wp-content/uploads/2026/10/Temperaturas-extremas-y-precipitaciones-05-de-Octubre-2026.pdf
2026-10-05,082,PASO AL MEDIO,SAN PEDRO DE MACORÍS,INDRHI,EMCI,,,0.0,https://indomet.gob.do/wp-content/uploads/2026/10/Temperaturas-extremas-y-precipitaciones-05-de-Octubre-2026.pdf
2026-10-05,083,PERALTA,AZUA,HOSP. MPAL. DE PERALTA,EMCI,30.0,18.5,0.0,https://indomet.gob.do/wp-content/uploads/2026/10/Temperaturas-extremas-y-precipitaciones-05-de-Octubre-2026.pdf
2026-10-05,084,PRESA DE TAVERAS (EMA),LA VEGA,PROGRAMA MUNDIAL DE ALIMENTO,EMAP,32.4,21.2,0.0,https://indomet.gob.do/wp-content/uploads/2026/10/Temperaturas-extremas-y-precipitaciones-05-de-Octubre-2026.pdf
2026-10-05,085,PROLONGACION 27 DE FEBRERO,DISTRITO NACIONAL,PRIVADA,EMAP,,,0.0,https://indomet.gob.do/wp-content/uploads/2026/10/Temperaturas-extremas-y-precipitaciones-05-de-Octubre-2026.pdf
2026-10-05,086,RÍO SAN JUAN,MARÍA TRINIDAD SÁNCHEZ,HOSP. MPAL. DR. DESIDERIO ACOSTA,EMCV,35.8,25.4,0.0,https://indomet.gob.do/wp-content/uploads/2026/10/Temperaturas-extremas-y-precipitaciones-05-de-Octubre-2026.pdf
2026-10-05,087,SABANA DE LA MAR,HATO MAYOR,INDOMET,EMCI,33.0,22.6,0.0,https://indomet.gob.do/wp-content/uploads/2026/10/Temperaturas-extremas-y-precipitaciones-05-de-Octubre-2026.pdf
2026-10-05,088,SABANETA (EMA),SANTIAGO RODRÍGUEZ,PROGRAMA MUNDIAL DE ALIMENTO,EMAP,36.6,22.9,0.0,https://indomet.gob.do/wp-content/uploads/2026/10/Temperaturas-extremas-y-precipitaciones-05-de-Octubre-2026.pdf
2026-10-05,089,SAMANÁ,SAMANÁ,COMANDANCIA DE PUERTO DE SAMANÁ,EMCI,34.0,16.2,0.0,https://indomet.gob.do/wp-content/uploads/2026/10/Temperaturas-extremas-y-precipitaciones-05-de-Octubre-2026.pdf
2026-10-05,090,SAN FRANCISCO DE MACORÍS,DUARTE,San Francisco de Macorís (UASD),EMCI,33.2,22.4,0.0,https://indomet.gob.do/wp-content/uploads/2026/10/Temperaturas-extremas-y-precipitaciones-05-de-Octubre-2026.pdf
2026-10-05,091,SAN RAFAEL DEL YUMA,LA ALTAGRACIA,MINISTERIO DE AGRICULTURA,EMCI,33.8,24.0,0.0,https://indomet.gob.do/wp-content/uploads/2026/10/Temperaturas-extremas-y-precipitaciones-05-de-Octubre-2026.pdf
2026-10-05,092,SANTIAGO (CENTRO),SANTIAGO,HUACALITO,EMCI,,,0.0,https://indomet.gob.do/wp-content/uploads/2026/10/Temperaturas-extremas-y-precipitaciones-05-de-Octubre-2026.pdf
2026-10-05,093,SANTIAGO RODRÍGUEZ,SANTIAGO RODRÍGUEZ,INDOMET,EMCI,36.6,25.0,0.0,https://indomet.gob.do/wp-content/uploads/2026/10/Temperaturas-extremas-y-precipitaciones-05-de-Octubre-2026.pdf
2026-10-05,094,TAVERA,SANTIAGO,INDRHI,EMCI,,,0.0,https://indomet.gob.do/wp-content/uploads/2026/10/Temperaturas-extremas-y-precipitaciones-05-de-Octubre-2026.pdf
2026-10-05,095,VALLE NUEVO (EMA),LA VEGA,MARENA,EMAI,20.3,8.2,0.0,https://indomet.gob.do/wp-content/uploads/2026/10/Temperaturas-extremas-y-precipitaciones-05-de-Octubre-2026.pdf
2026-10-05,096,VILLA GONZALE (EMA),SANTIAGO,IGLESIA,EMAI,,,0.0,https://indomet.gob.do/wp-content/uploads/2026/10/Temperaturas-extremas-y-precipitaciones-05-de-Octubre-2026.pdf
2026-10-05,097,VILLA VASQUEZ (EMA),MONTE CRISTI,JUNTA DE REGANTES,EMAI,,,0.0,https://indomet.gob.do/wp-content/uploads/2026/10/Temperaturas-extremas-y-precipitaciones-05-de-Octubre-2026.pdf
2026-10-06,001,RESTAURACIÓN (EMA),DAJABÓN,PRIVADA,EMAP,,,21.3,https://indomet.gob.do/wp-content/uploads/2026/10/Temperaturas-extremas-y-precipitaciones-06-de-Octubre-2026.pdf
2026-10-06,002,BUCARA (EMA),SANTIAGO,MINISTERIO DE AGRICULTURA,EMAI,,,16.4,https://indomet.gob.do/wp-content/uploads/2026/10/Temperaturas-extremas-y-precipitaciones-06-de-Octubre-2026.pdf
2026-10-06,003,ARROYO LORO,SAN JUAN,IDIAF,EMCI,33.0,18.8,14.4,https://indomet.gob.do/wp-content/uploads/2026/10/Temperaturas-extremas-y-precipitaciones-06-de-Octubre-2026.pdf
2026-10-06,004,LA VICTORIA,SANTO DOMINGO,CUERPO DE BOMBEROS,EMCI,33.0,24.0,10.6,https://indomet.gob.do/wp-content/uploads/2026/10/Temperaturas-extremas-y-precipitaciones-06-de-Octubre-2026.pdf
2026-10-06,005,HONDO VALLE,ELÍAS PIÑA,MINISTERIO DE AGRICULTURA,EMCI,27.5,18.0,8.2,https://indomet.gob.do/wp-content/uploads/2026/10/Temperaturas-extremas-y-precipitaciones-06-de-Octubre-2026.pdf
2026-10-06,006,LOS LLANOS,SAN PEDRO DE MACORÍS,MINISTERIO DE AGRICULTURA,EMCI,35.0,22.5,7.8,https://indomet.gob.do/wp-content/uploads/2026/10/Temperaturas-extremas-y-precipitaciones-06-de-Octubre-2026.pdf
2026-10-06,007,BANI (EMA),PERAVIA,MINISTERIO DE AGRICULTURA,EMAP,,,7.1,https://indomet.gob.do/wp-content/uploads/2026/10/Temperaturas-extremas-y-precipitaciones-06-de-Octubre-2026.pdf
2026-10-06,008,BAYAGUANA,MONTE PLATA,INDOMET,EMCI,34.6,22.8,6.0,https://indomet.gob.do/wp-content/uploads/2026/10/Temperaturas-extremas-y-precipitaciones-06-de-Octubre-2026.pdf
2026-10-06,009,RESTAURACIÓN,DAJABÓN,MINISTERIO DE AGRICULTURA,EMCI,32.5,18.6,5.6,https://indomet.gob.do/wp-content/uploads/2026/10/Temperaturas-extremas-y-precipitaciones-06-de-Octubre-2026.pdf
2026-10-06,010,OVIEDO,PEDERNALES,CLÍNICA RURAL OVIEDO,EMCI,32.8,22.0,4.5,https://indomet.gob.do/wp-content/uploads/2026/10/Temperaturas-extremas-y-precipitaciones-06-de-Octubre-2026.pdf
2026-10-06,011,BONAO,MONSEÑOR NOUEL,MINISTERIO DE AGRICULTURA,EMCV,,,3.3,https://indomet.gob.do/wp-content/uploads/2026/10/Temperaturas-extremas-y-precipitaciones-06-de-Octubre-2026.pdf
2026-10-06,012,ALTAMIRA,PUERTO PLATA,HOSP. MPAL. DE ALTAMIRA,EMCI,32.0,21.1,2.4,https://indomet.gob.do/wp-content/uploads/2026/10/Temperaturas-extremas-y-precipitaciones-06-de-Octubre-2026.pdf
2026-10-06,013,PADRE LAS CASAS,AZUA,HOSP. NTRA. SRA. DEL CARMEN,EMCI,33.2,19.4,2.0,https://indomet.gob.do/wp-content/uploads/2026/10/Temperaturas-extremas-y-precipitaciones-06-de-Octubre-2026.pdf
2026-10-06,014,PALO DE VIENTO (EMA),SAN JUAN,PRIVADA,EMAP,28.2,16.3,1.4,https://indomet.gob.do/wp-content/uploads/2026/10/Temperaturas-extremas-y-precipitaciones-06-de-Octubre-2026.pdf
2026-10-06,015,BOHECHÍO,SAN JUAN,MINISTERIO DE AGRICULTURA,EMCV,,,1.2,https://indomet.gob.do/wp-content/uploads/2026/10/Temperaturas-extremas-y-precipitaciones-06-de-Octubre-2026.pdf
2026-10-06,016,SÁNCHEZ,SAMANÁ,MINISTERIO DE AGRICULTURA,EMCI,34.1,22.4,0.4,https://indomet.gob.do/wp-content/uploads/2026/10/Temperaturas-extremas-y-precipitaciones-06-de-Octubre-2026.pdf
2026-10-06,017,DAJABÓN,DAJABÓN,INSTITUTO POLITÉCNICO LOYOLA,EMCI,36.1,20.4,0.3,https://indomet.gob.do/wp-content/uploads/2026/10/Temperaturas-extremas-y-precipitaciones-06-de-Octubre-2026.pdf
2026-10-06,018,ENRIQUILLO,BARAHONA,MINISTERIO DE AGRICULTURA,EMCV,33.0,22.5,0.3,https://indomet.gob.do/wp-content/uploads/2026/10/Temperaturas-extremas-y-precipitaciones-06-de-Octubre-2026.pdf
2026-10-06,019,HATO MAYOR,HATO MAYOR,MINISTERIO DE AGRICULTURA,EMCV,,,0.3,https://indomet.gob.do/wp-content/uploads/2026/10/Temperaturas-extremas-y-precipitaciones-06-de-Octubre-2026.pdf
2026-10-06,020,JIMANÍ,INDEPENDENCIA,MINISTERIO DE AGRICULTURA,EMCI,36.0,25.5,0.3,https://indomet.gob.do/wp-content/uploads/2026/10/Temperaturas-extremas-y-precipitaciones-06-de-Octubre-2026.pdf
2026-10-06,021,SABANA GRANDE DE BOYÁ,MONTE PLATA,MINISTERIO DE AGRICULTURA,EMCV,,,0.3,https://indomet.gob.do/wp-content/uploads/2026/10/Temperaturas-extremas-y-precipitaciones-06-de-Octubre-2026.pdf
2026-10-06,022,SAN JOSÉ DE OCOA,SAN JOSÉ DE OCOA,HOSP. SAN JOSÉ DE OCOA,EMCI,32.3,22.0,0.3,https://indomet.gob.do/wp-content/uploads/2026/10/Temperaturas-extremas-y-precipitaciones-06-de-Octubre-2026.pdf
2026-10-06,023,SANTIAGO RODRÍGUEZ,SANTIAGO RODRÍGUEZ,INDOMET,EMCI,36.7,24.8,0.3,https://indomet.gob.do/wp-content/uploads/2026/10/Temperaturas-extremas-y-precipitaciones-06-de-Octubre-2026.pdf
2026-10-06,024,SAMANÁ,SAMANÁ,COMANDANCIA DE PUERTO DE SAMANÁ,EMCI,33.3,17.0,0.2,https://indomet.gob.do/wp-content/uploads/2026/10/Temperaturas-extremas-y-precipitaciones-06-de-Octubre-2026.pdf
2026-10-06,025,ALTO BANDERA (EMA),LA VEGA,INTEC,EMAP,17.6,8.7,0.0,https://indomet.gob.do/wp-content/uploads/2026/10/Temperaturas-extremas-y-precipitaciones-06-de-Octubre-2026.pdf
2026-10-06,026,ANAMUYA (HINDRI),LA ALTAGRACIA,PRIVADA,EMAP,,,0.0,https://indomet.gob.do/wp-content/uploads/2026/10/Temperaturas-extremas-y-precipitaciones-06-de-Octubre-2026.pdf
2026-10-06,027,ARPT. ARROYO BARRIL,SAMANÁ,INDOMET,EMCI,35.0,23.0,0.0,https://indomet.gob.do/wp-content/uploads/2026/10/Temperaturas-extremas-y-precipitaciones-06-de-Octubre-2026.pdf
2026-10-06,028,ARPT. DE LA ROMANA,LA ROMANA,INDOMET,EMCI,35.0,22.5,0.0,https://indomet.gob.do/wp-content/uploads/2026/10/Temperaturas-extremas-y-precipitaciones-06-de-Octubre-2026.pdf
2026-10-06,029,ARPT. DE LAS AMÉRICAS,SANTO DOMINGO,INDOMET,EMCI,33.6,24.1,0.0,https://indomet.gob.do/wp-content/uploads/2026/10/Temperaturas-extremas-y-precipitaciones-06-de-Octubre-2026.pdf
2026-10-06,030,ARPT. DE PUNTA CANA,LA ALTAGRACIA,INDOMET,EMCI,32.3,24.2,0.0,https://indomet.gob.do/wp-content/uploads/2026/10/Temperaturas-extremas-y-precipitaciones-06-de-Octubre-2026.pdf
2026-10-06,031,ARPT. DEL CIBAO,SANTIAGO,INDOMET,EMCI,34.2,22.0,0.0,https://indomet.gob.do/wp-content/uploads/2026/10/Temperaturas-extremas-y-precipitaciones-06-de-Octubre-2026.pdf
2026-10-06,032,ARPT. EL CATEY,SAMANÁ,INDOMET,EMCI,31.8,22.0,0.0,https://indomet.gob.do/wp-content/uploads/2026/10/Temperaturas-extremas-y-precipitaciones-06-de-Octubre-2026.pdf
2026-10-06,033,ARPT. GREGORIO LUPERÓN,PUERTO PLATA,INDOMET,EMCI,32.0,22.8,0.0,https://indomet.gob.do/wp-content/uploads/2026/10/Temperaturas-extremas-y-precipitaciones-06-de-Octubre-2026.pdf
2026-10-06,034,ARPT. LA ISABELA,SANTO DOMINGO,INDOMET,EMCI,34.0,20.5,0.0,https://indomet.gob.do/wp-content/uploads/2026/10/Temperaturas-extremas-y-precipitaciones-06-de-Octubre-2026.pdf
2026-10-06,035,ARPT. MARÍA MONTEZ,BARAHONA,INDOMET,EMCI,33.1,24.2,0.0,https://indomet.gob.do/wp-content/uploads/2026/10/Temperaturas-extremas-y-precipitaciones-06-de-Octubre-2026.pdf
2026-10-06,036,BASE AÉREA DE SAN ISIDRO,SANTO DOMINGO,FUERZA AÉREA DOMINICANA,EMCV,31.0,25.0,0.0,https://indomet.gob.do/wp-content/uploads/2026/10/Temperaturas-extremas-y-precipitaciones-06-de-Octubre-2026.pdf
2026-10-06,037,BELLA VISTA (EMA),DISTRITO NACIONAL,PRIVADA,EMAP,,,0.0,https://indomet.gob.do/wp-content/uploads/2026/10/Temperaturas-extremas-y-precipitaciones-06-de-Octubre-2026.pdf
2026-10-06,038,BOCA DE MAO (EMA),VALVERDE,MINISTERIO DE AGRICULTURA,EMAP,36.2,22.6,0.0,https://indomet.gob.do/wp-content/uploads/2026/10/Temperaturas-extremas-y-precipitaciones-06-de-Octubre-2026.pdf
2026-10-06,039,CABRAL,BARAHONA,MINISTERIO DE AGRICULTURA,EMCV,32.9,23.0,0.0,https://indomet.gob.do/wp-content/uploads/2026/10/Temperaturas-extremas-y-precipitaciones-06-de-Octubre-2026.pdf
2026-10-06,040,CABRERA,MARÍA TRINIDAD SÁNCHEZ,ESCUELA ARÍSTIDES FIALLO CABRAL,EMCI,34.5,26.0,0.0,https://indomet.gob.do/wp-content/uploads/2026/10/Temperaturas-extremas-y-precipitaciones-06-de-Octubre-2026.pdf
2026-10-06,041,CENTRO DE LOS HEROES (EMA),DISTRITO NACIONAL,MINISTERIO DE ENERGIA Y MINA,EMAP,32.9,27.0,0.0,https://indomet.gob.do/wp-content/uploads/2026/10/Temperaturas-extremas-y-precipitaciones-06-de-Octubre-2026.pdf
2026-10-06,042,COFRESI (EMA),PUERTO PLATA,PRIVADA,EMAP,35.0,25.4,0.0,https://indomet.gob.do/wp-content/uploads/2026/10/Temperaturas-extremas-y-precipitaciones-06-de-Octubre-2026.pdf
2026-10-06,043,CONSTANZA,LA VEGA,MINISTERIO DE AGRICULTURA,EMCI,29.2,12.7,0.0,https://indomet.gob.do/wp-content/uploads/2026/10/Temperaturas-extremas-y-precipitaciones-06-de-Octubre-2026.pdf
2026-10-06,044,CONSTANZA (EMA),LA VEGA,PROGRAMA MUNDIAL DE ALIMENTO,EMAP,27.9,13.7,0.0,https://indomet.gob.do/wp-content/uploads/2026/10/Temperaturas-extremas-y-precipitaciones-06-de-Octubre-2026.pdf
2026-10-06,045,COTUI HOSP.MUNICIPAL (EMA),SÁNCHEZ RAMÍREZ,PROGRAMA MUNDIAL DE ALIMENTO,EMAP,35.7,24.2,0.0,https://indomet.gob.do/wp-content/uploads/2026/10/Temperaturas-extremas-y-precipitaciones-06-de-Octubre-2026.pdf
2026-10-06,046,EL FACTOR (EMA),MARÍA TRINIDAD SÁNCHEZ,INTEC,EMAP,34.2,23.7,0.0,https://indomet.gob.do/wp-content/uploads/2026/10/Temperaturas-extremas-y-precipitaciones-06-de-Octubre-2026.pdf
2026-10-06,047,EL MILLON (EMA),DISTRITO NACIONAL,PRIVADA,EMAP,,,0.0,https://indomet.gob.do/wp-content/uploads/2026/10/Temperaturas-extremas-y-precipitaciones-06-de-Octubre-2026.pdf
2026-10-06,048,ELÍAS PIÑA,ELÍAS PIÑA,MINISTERIO DE AGRICULTURA,EMCV,,,0.0,https://indomet.gob.do/wp-content/uploads/2026/10/Temperaturas-extremas-y-precipitaciones-06-de-Octubre-2026.pdf
2026-10-06,049,ENSANCHE LA FE (EMA),DISTRITO NACIONAL,PRIVADA,EMAP,,,0.0,https://indomet.gob.do/wp-content/uploads/2026/10/Temperaturas-extremas-y-precipitaciones-06-de-Octubre-2026.pdf
2026-10-06,050,GASPAR HERNÁNDEZ,ESPAILLAT,PROPIEDAD DEL EMPLEADO,EMCI,,,0.0,https://indomet.gob.do/wp-content/uploads/2026/10/Temperaturas-extremas-y-precipitaciones-06-de-Octubre-2026.pdf
2026-10-06,051,GURABO,SANTIAGO,MINISTERIO DE AGRICULTURA,EMCV,,,0.0,https://indomet.gob.do/wp-content/uploads/2026/10/Temperaturas-extremas-y-precipitaciones-06-de-Octubre-2026.pdf
2026-10-06,052,JARABACOA,LA VEGA,INDRHI / MARENA,EMCI,34.0,18.6,0.0,https://indomet.gob.do/wp-content/uploads/2026/10/Temperaturas-extremas-y-precipitaciones-06-de-Octubre-2026.pdf
2026-10-06,053,JARDÍN BOTÁNICO NACIONAL,DISTRITO NACIONAL,JARDÍN BOTÁNICO NACIONAL,EMCV,33.3,23.1,0.0,https://indomet.gob.do/wp-content/uploads/2026/10/Temperaturas-extremas-y-precipitaciones-06-de-Octubre-2026.pdf
2026-10-06,054,JARDÍN BOTÁNICO SANTIAGO (EMSANTIAGO,,JARDIN BOTANICO SANTIAGO,EMAI,,,0.0,https://indomet.gob.do/wp-content/uploads/2026/10/Temperaturas-extremas-y-precipitaciones-06-de-Octubre-2026.pdf
2026-10-06,055,JUMA BEJUCAL,MONSEÑOR NOUEL,IDIAF,EMCV,35.0,22.8,0.0,https://indomet.gob.do/wp-content/uploads/2026/10/Temperaturas-extremas-y-precipitaciones-06-de-Octubre-2026.pdf
2026-10-06,056,LA AGUSTINA (EMA),DISTRITO NACIONAL,PRIVADA,EMAP,,,0.0,https://indomet.gob.do/wp-content/uploads/2026/10/Temperaturas-extremas-y-precipitaciones-06-de-Octubre-2026.pdf
2026-10-06,057,LA VEGA,LA VEGA,IATESA,EMCI,35.0,23.0,0.0,https://indomet.gob.do/wp-content/uploads/2026/10/Temperaturas-extremas-y-precipitaciones-06-de-Octubre-2026.pdf
2026-10-06,058,LAS CANAS (EMA),MONTE CRISTI,PROGRAMA MUNDIAL DE ALIMENTO,EMAP,32.7,24.4,0.0,https://indomet.gob.do/wp-content/uploads/2026/10/Temperaturas-extremas-y-precipitaciones-06-de-Octubre-2026.pdf
2026-10-06,059,LOS CACICAZGOS (EMA),DISTRITO NACIONAL,PRIVADA,EMAP,,,0.0,https://indomet.gob.do/wp-content/uploads/2026/10/Temperaturas-extremas-y-precipitaciones-06-de-Octubre-2026.pdf
2026-10-06,060,LOS COCOS (EMA),BAHORUCO,PRIVADA,EMAP,,,0.0,https://indomet.gob.do/wp-content/uploads/2026/10/Temperaturas-extremas-y-precipitaciones-06-de-Octubre-2026.pdf
2026-10-06,061,LOS JENGIBRES,NAGUA,INDRHI,EMCI,,,0.0,https://indomet.gob.do/wp-content/uploads/2026/10/Temperaturas-extremas-y-precipitaciones-06-de-Octubre-2026.pdf
2026-10-06,062,LOS PRADOS (EMA),DISTRITO NACIONAL,PRIVADA,EMAP,,,0.0,https://indomet.gob.do/wp-content/uploads/2026/10/Temperaturas-extremas-y-precipitaciones-06-de-Octubre-2026.pdf
2026-10-06,063,LUPERÓN,PUERTO PLATA,MINISTERIO DE AGRICULTURA,EMCV,,,0.0,https://indomet.gob.do/wp-content/uploads/2026/10/Temperaturas-extremas-y-precipitaciones-06-de-Octubre-2026.pdf
2026-10-06,064,MAO,VALVERDE,INDRHI / MINISTERIO DE AGRICULTURA,EMCV,,,0.0,https://indomet.gob.do/wp-content/uploads/2026/10/Temperaturas-extremas-y-precipitaciones-06-de-Octubre-2026.pdf
2026-10-06,065,MICHES (EMA),EL SEIBO,PRIVADA,EMAP,33.0,23.2,0.0,https://indomet.gob.do/wp-content/uploads/2026/10/Temperaturas-extremas-y-precipitaciones-06-de-Octubre-2026.pdf
2026-10-06,066,MONCIÓN (EMA),SANTIAGO RODRÍGUEZ,PROGRAMA MUNDIAL DE ALIMENTO,EMAP,32.6,20.7,0.0,https://indomet.gob.do/wp-content/uploads/2026/10/Temperaturas-extremas-y-precipitaciones-06-de-Octubre-2026.pdf
2026-10-06,067,MONTE CRISTI,MONTE CRISTI,INDOMET,EMCI,35.3,25.0,0.0,https://indomet.gob.do/wp-content/uploads/2026/10/Temperaturas-extremas-y-precipitaciones-06-de-Octubre-2026.pdf
2026-10-06,068,NAVARRETE,SANTIAGO,MINISTERIO DE AGRICULTURA,EMCV,,,0.0,https://indomet.gob.do/wp-content/uploads/2026/10/Temperaturas-extremas-y-precipitaciones-06-de-Octubre-2026.pdf
2026-10-06,069,OLIVARES,PEDERNALES,INDRHI,EMCI,,,0.0,https://indomet.gob.do/wp-content/uploads/2026/10/Temperaturas-extremas-y-precipitaciones-06-de-Octubre-2026.pdf
2026-10-06,070,PALO ÍNDIO,PUERTO PLATA,MINISTERIO DE AGRICULTURA,EMCI,,,0.0,https://indomet.gob.do/wp-content/uploads/2026/10/Temperaturas-extremas-y-precipitaciones-06-de-Octubre-2026.pdf
2026-10-06,071,PARQUE MIRADOR SUR,DISTRITO NACIONAL,AYUNTAMIENTO,EMCV,33.6,23.4,0.0,https://indomet.gob.do/wp-content/uploads/2026/10/Temperaturas-extremas-y-precipitaciones-06-de-Octubre-2026.pdf
2026-10-06,072,PASO AL MEDIO,SAN PEDRO DE MACORÍS,INDRHI,EMCI,,,0.0,https://indomet.gob.do/wp-content/uploads/2026/10/Temperaturas-extremas-y-precipitaciones-06-de-Octubre-2026.pdf
2026-10-06,073,PEDERNALES,PEDERNALES,INDRHI,EMCI,,,0.0,https://indomet.gob.do/wp-content/uploads/2026/10/Temperaturas-extremas-y-precipitaciones-06-de-Octubre-2026.pdf
2026-10-06,074,PERALTA,AZUA,HOSP. MPAL. DE PERALTA,EMCI,31.5,17.1,0.0,https://indomet.gob.do/wp-content/uploads/2026/10/Temperaturas-extremas-y-precipitaciones-06-de-Octubre-2026.pdf
2026-10-06,075,POLO,BARAHONA,INDOCAFE,EMCI,31.0,16.5,0.0,https://indomet.gob.do/wp-content/uploads/2026/10/Temperaturas-extremas-y-precipitaciones-06-de-Octubre-2026.pdf
2026-10-06,076,PRESA DE TAVERAS (EMA),LA VEGA,PROGRAMA MUNDIAL DE ALIMENTO,EMAP,32.4,21.6,0.0,https://indomet.gob.do/wp-content/uploads/2026/10/Temperaturas-extremas-y-precipitaciones-06-de-Octubre-2026.pdf
2026-10-06,077,PROLONGACION 27 DE FEBRERO,DISTRITO NACIONAL,PRIVADA,EMAP,,,0.0,https://indomet.gob.do/wp-content/uploads/2026/10/Temperaturas-extremas-y-precipitaciones-06-de-Octubre-2026.pdf
2026-10-06,078,RANCHO ARRIBA,SAN JOSÉ DE OCOA,CENTRO TECNOLÓGICO COMUNITARIO,EMCI,29.8,17.6,0.0,https://indomet.gob.do/wp-content/uploads/2026/10/Temperaturas-extremas-y-precipitaciones-06-de-Octubre-2026.pdf
2026-10-06,079,RÍO SAN JUAN,MARÍA TRINIDAD SÁNCHEZ,HOSP. MPAL. DR. DESIDERIO ACOSTA,EMCV,36.2,24.4,0.0,https://indomet.gob.do/wp-content/uploads/2026/10/Temperaturas-extremas-y-precipitaciones-06-de-Octubre-2026.pdf
2026-10-06,080,SABANA DE LA MAR,HATO MAYOR,INDOMET,EMCI,34.0,23.0,0.0,https://indomet.gob.do/wp-content/uploads/2026/10/Temperaturas-extremas-y-precipitaciones-06-de-Octubre-2026.pdf
2026-10-06,081,SABANETA (EMA),SANTIAGO RODRÍGUEZ,PROGRAMA MUNDIAL DE ALIMENTO,EMAP,36.4,22.4,0.0,https://indomet.gob.do/wp-content/uploads/2026/10/Temperaturas-extremas-y-precipitaciones-06-de-Octubre-2026.pdf
2026-10-06,082,SAJOMA (EMA),SANTIAGO,PLAN SIERRA,EMAI,33.1,25.2,0.0,https://indomet.gob.do/wp-content/uploads/2026/10/Temperaturas-extremas-y-precipitaciones-06-de-Octubre-2026.pdf
2026-10-06,083,SALCEDO,HERMANAS MIRABAL,PROPIEDAD DEL EMPLEADO,EMCI,,,0.0,https://indomet.gob.do/wp-content/uploads/2026/10/Temperaturas-extremas-y-precipitaciones-06-de-Octubre-2026.pdf
2026-10-06,084,SAN CRISTÓBAL,SAN CRISTÓBAL,INSTITUTO POLITÉCNICO LOYOLA,EMCI,33.5,21.2,0.0,https://indomet.gob.do/wp-content/uploads/2026/10/Temperaturas-extremas-y-precipitaciones-06-de-Octubre-2026.pdf
2026-10-06,085,SAN FRANCISCO DE MACORÍS,DUARTE,San Francisco de Macorís (UASD),EMCI,34.4,23.2,0.0,https://indomet.gob.do/wp-content/uploads/2026/10/Temperaturas-extremas-y-precipitaciones-06-de-Octubre-2026.pdf
2026-10-06,086,SAN RAFAEL DEL YUMA,LA ALTAGRACIA,MINISTERIO DE AGRICULTURA,EMCI,35.6,24.2,0.0,https://indomet.gob.do/wp-content/uploads/2026/10/Temperaturas-extremas-y-precipitaciones-06-de-Octubre-2026.pdf
2026-10-06,087,SANTIAGO (CENTRO),SANTIAGO,HUACALITO,EMCI,,,0.0,https://indomet.gob.do/wp-content/uploads/2026/10/Temperaturas-extremas-y-precipitaciones-06-de-Octubre-2026.pdf
2026-10-06,088,SANTO DOMINGO ESTE,SANTO DOMINGO,INDOMET,EMCI,34.0,25.2,0.0,https://indomet.gob.do/wp-content/uploads/2026/10/Temperaturas-extremas-y-precipitaciones-06-de-Octubre-2026.pdf
2026-10-06,089,TÁBARA ABAJO,AZUA,INDRHI,EMCI,35.7,22.0,0.0,https://indomet.gob.do/wp-content/uploads/2026/10/Temperaturas-extremas-y-precipitaciones-06-de-Octubre-2026.pdf
2026-10-06,090,TAVERA,SANTIAGO,INDRHI,EMCI,,,0.0,https://indomet.gob.do/wp-content/uploads/2026/10/Temperaturas-extremas-y-precipitaciones-06-de-Octubre-2026.pdf
2026-10-06,091,VALLE NUEVO (EMA),LA VEGA,MARENA,EMAI,19.6,7.8,0.0,https://indomet.gob.do/wp-content/uploads/2026/10/Temperaturas-extremas-y-precipitaciones-06-de-Octubre-2026.pdf
2026-10-06,092,VILLA ALTAGRACIA,SAN CRISTÓBAL,ESCUELA JAVIER ANGULO GURIDI,EMCI,,,0.0,https://indomet.gob.do/wp-content/uploads/2026/10/Temperaturas-extremas-y-precipitaciones-06-de-Octubre-2026.pdf
2026-10-06,093,VILLA GONZALE (EMA),SANTIAGO,IGLESIA,EMAI,,,0.0,https://indomet.gob.do/wp-content/uploads/2026/10/Temperaturas-extremas-y-precipitaciones-06-de-Octubre-2026.pdf
2026-10-06,094,VILLA GONZALES,SANTIAGO,MINISTERIO DE AGRICULTURA,EMCI,,,0.0,https://indomet.gob.do/wp-content/uploads/2026/10/Temperaturas-extremas-y-precipitaciones-06-de-Octubre-2026.pdf
2026-10-06,095,VILLA ISABELA,PUERTO PLATA,MINISTERIO DE AGRICULTURA,EMCV,33.0,21.0,0.0,https://indomet.gob.do/wp-content/uploads/2026/10/Temperaturas-extremas-y-precipitaciones-06-de-Octubre-2026.pdf
2026-10-06,096,VILLA RIVA,DUARTE,HOSP. MPAL. ALICIA DE LEGENDRE,EMCI,33.8,22.7,0.0,https://indomet.gob.do/wp-content/uploads/2026/10/Temperaturas-extremas-y-precipitaciones-06-de-Octubre-2026.pdf
2026-10-06,097,VILLA VASQUEZ (EMA),MONTE CRISTI,JUNTA DE REGANTES,EMAI,,,0.0,https://indomet.gob.do/wp-content/uploads/2026/10/Temperaturas-extremas-y-precipitaciones-06-de-Octubre-2026.pdf
2026-10-07,001,ARPT. DE LA ROMANA,LA ROMANA,INDOMET,EMCI,31.0,22.5,61.8,https://indomet.gob.do/wp-content/uploads/2026/10/temperaturas-extremas-y-precipitaciones-2026x10x07-a.pdf
2026-10-07,002,BAYAHÍBE (EMA),LA ALTAGRACIA,PRIVADA,EMAP,,,57.2,https://indomet.gob.do/wp-content/uploads/2026/10/temperaturas-extremas-y-precipitaciones-2026x10x07-a.pdf
2026-10-07,003,CABRAL,BARAHONA,MINISTERIO DE AGRICULTURA,EMCV,34.5,24.3,56.0,https://indomet.gob.do/wp-content/uploads/2026/10/temperaturas-extremas-y-precipitaciones-2026x10x07-a.pdf
2026-10-07,004,SAN CRISTÓBAL,SAN CRISTÓBAL,INSTITUTO POLITÉCNICO LOYOLA,EMCI,33.5,21.0,43.4,https://indomet.gob.do/wp-content/uploads/2026/10/temperaturas-extremas-y-precipitaciones-2026x10x07-a.pdf
2026-10-07,005,LOYOLA (EMA),SAN CRISTÓBAL,PRIVADA,EMAP,,,39.2,https://indomet.gob.do/wp-content/uploads/2026/10/temperaturas-extremas-y-precipitaciones-2026x10x07-a.pdf
2026-10-07,006,POLO,BARAHONA,INDOCAFE,EMCI,30.2,17.5,36.3,https://indomet.gob.do/wp-content/uploads/2026/10/temperaturas-extremas-y-precipitaciones-2026x10x07-a.pdf
2026-10-07,007,ARPT. MARÍA MONTEZ,BARAHONA,INDOMET,EMCI,34.1,23.7,34.2,https://indomet.gob.do/wp-content/uploads/2026/10/temperaturas-extremas-y-precipitaciones-2026x10x07-a.pdf
2026-10-07,008,VILLA RIVA,DUARTE,HOSP. MPAL. ALICIA DE LEGENDRE,EMCI,32.0,23.0,30.8,https://indomet.gob.do/wp-content/uploads/2026/10/temperaturas-extremas-y-precipitaciones-2026x10x07-a.pdf
2026-10-07,009,MICHES (EMA),EL SEIBO,PRIVADA,EMAP,34.6,24.0,28.2,https://indomet.gob.do/wp-content/uploads/2026/10/temperaturas-extremas-y-precipitaciones-2026x10x07-a.pdf
2026-10-07,010,PARQUE MIRADOR NORTE,SANTO DOMINGO,AYUNTAMIENTO,EMCV,,,27.2,https://indomet.gob.do/wp-content/uploads/2026/10/temperaturas-extremas-y-precipitaciones-2026x10x07-a.pdf
2026-10-07,011,JUAN DOLIO (EMA),SAN PEDRO DE MACORÍS,PRIVADA,EMAP,,,25.0,https://indomet.gob.do/wp-content/uploads/2026/10/temperaturas-extremas-y-precipitaciones-2026x10x07-a.pdf
2026-10-07,012,NIZAO (EMA),PERAVIA,PRIVADA,EMAP,,,24.3,https://indomet.gob.do/wp-content/uploads/2026/10/temperaturas-extremas-y-precipitaciones-2026x10x07-a.pdf
2026-10-07,013,ARPT. LA ISABELA,SANTO DOMINGO,INDOMET,EMCI,33.7,21.5,23.6,https://indomet.gob.do/wp-content/uploads/2026/10/temperaturas-extremas-y-precipitaciones-2026x10x07-a.pdf
2026-10-07,014,ENRIQUILLO,BARAHONA,MINISTERIO DE AGRICULTURA,EMCV,33.5,22.0,23.6,https://indomet.gob.do/wp-content/uploads/2026/10/temperaturas-extremas-y-precipitaciones-2026x10x07-a.pdf
2026-10-07,015,LA JULIA (EMA),DISTRITO NACIONAL,PRIVADA,EMAP,,,22.4,https://indomet.gob.do/wp-content/uploads/2026/10/temperaturas-extremas-y-precipitaciones-2026x10x07-a.pdf
2026-10-07,016,CENTRO DE LOS HEROES (EMA),DISTRITO NACIONAL,MINISTERIO DE ENERGIA Y MINA,EMAP,32.7,24.9,20.4,https://indomet.gob.do/wp-content/uploads/2026/10/temperaturas-extremas-y-precipitaciones-2026x10x07-a.pdf
2026-10-07,017,OVIEDO,PEDERNALES,CLÍNICA RURAL OVIEDO,EMCI,33.0,22.0,20.2,https://indomet.gob.do/wp-content/uploads/2026/10/temperaturas-extremas-y-precipitaciones-2026x10x07-a.pdf
2026-10-07,018,JARDÍN BOTÁNICO NACIONAL,DISTRITO NACIONAL,JARDÍN BOTÁNICO NACIONAL,EMCV,32.7,24.0,19.8,https://indomet.gob.do/wp-content/uploads/2026/10/temperaturas-extremas-y-precipitaciones-2026x10x07-a.pdf
2026-10-07,019,MULTIMODAL CAUCEDO (EMA),SANTO DOMINGO,PRIVADA,EMAP,,,19.4,https://indomet.gob.do/wp-content/uploads/2026/10/temperaturas-extremas-y-precipitaciones-2026x10x07-a.pdf
2026-10-07,020,BELLA VISTA (EMA),DISTRITO NACIONAL,PRIVADA,EMAP,,,19.3,https://indomet.gob.do/wp-content/uploads/2026/10/temperaturas-extremas-y-precipitaciones-2026x10x07-a.pdf
2026-10-07,021,SANTO DOMINGO ESTE,SANTO DOMINGO,INDOMET,EMCI,33.8,26.0,18.6,https://indomet.gob.do/wp-content/uploads/2026/10/temperaturas-extremas-y-precipitaciones-2026x10x07-a.pdf
2026-10-07,022,ENSANCHE JULIETA (EMA),DISTRITO NACIONAL,PRIVADA,EMAP,,,18.5,https://indomet.gob.do/wp-content/uploads/2026/10/temperaturas-extremas-y-precipitaciones-2026x10x07-a.pdf
2026-10-07,023,SERRALLÉS (EMA),DISTRITO NACIONAL,PRIVADA,EMAP,,,18.0,https://indomet.gob.do/wp-content/uploads/2026/10/temperaturas-extremas-y-precipitaciones-2026x10x07-a.pdf
2026-10-07,024,VILLA ALTAGRACIA,SAN CRISTÓBAL,ESCUELA JAVIER ANGULO GURIDI,EMCI,,,17.4,https://indomet.gob.do/wp-content/uploads/2026/10/temperaturas-extremas-y-precipitaciones-2026x10x07-a.pdf
2026-10-07,025,EL SEIBO,EL SEIBO,MINISTERIO DE AGRICULTURA,EMCV,,,16.0,https://indomet.gob.do/wp-content/uploads/2026/10/temperaturas-extremas-y-precipitaciones-2026x10x07-a.pdf
2026-10-07,026,LOS CACICAZGOS (EMA),DISTRITO NACIONAL,PRIVADA,EMAP,,,16.0,https://indomet.gob.do/wp-content/uploads/2026/10/temperaturas-extremas-y-precipitaciones-2026x10x07-a.pdf
2026-10-07,027,ARPT. DE LAS AMÉRICAS,SANTO DOMINGO,INDOMET,EMCI,33.4,23.9,15.0,https://indomet.gob.do/wp-content/uploads/2026/10/temperaturas-extremas-y-precipitaciones-2026x10x07-a.pdf
2026-10-07,028,LOS LLANOS,SAN PEDRO DE MACORÍS,MINISTERIO DE AGRICULTURA,EMCI,33.2,23.4,14.8,https://indomet.gob.do/wp-content/uploads/2026/10/temperaturas-extremas-y-precipitaciones-2026x10x07-a.pdf
2026-10-07,029,PARQUE MIRADOR SUR,DISTRITO NACIONAL,AYUNTAMIENTO,EMCV,32.6,21.4,14.6,https://indomet.gob.do/wp-content/uploads/2026/10/temperaturas-extremas-y-precipitaciones-2026x10x07-a.pdf
2026-10-07,030,LA AGUSTINA (EMA),DISTRITO NACIONAL,PRIVADA,EMAP,,,14.0,https://indomet.gob.do/wp-content/uploads/2026/10/temperaturas-extremas-y-precipitaciones-2026x10x07-a.pdf
2026-10-07,031,ENSANCHE LA FE (EMA),DISTRITO NACIONAL,PRIVADA,EMAP,,,13.9,https://indomet.gob.do/wp-content/uploads/2026/10/temperaturas-extremas-y-precipitaciones-2026x10x07-a.pdf
2026-10-07,032,ZONA FRANCA INDUSTRIAL (EMA),SANTO DOMINGO,PRIVADA,EMAP,,,13.6,https://indomet.gob.do/wp-content/uploads/2026/10/temperaturas-extremas-y-precipitaciones-2026x10x07-a.pdf
2026-10-07,033,VILLA GONZALE (EMA),SANTIAGO,IGLESIA,EMAI,,,13.2,https://indomet.gob.do/wp-content/uploads/2026/10/temperaturas-extremas-y-precipitaciones-2026x10x07-a.pdf
2026-10-07,034,LA VICTORIA,SANTO DOMINGO,CUERPO DE BOMBEROS,EMCI,31.0,24.0,11.4,https://indomet.gob.do/wp-content/uploads/2026/10/temperaturas-extremas-y-precipitaciones-2026x10x07-a.pdf
2026-10-07,035,CIUDAD JUAN BOSCH (EMA),SANTO DOMINGO,PRIVADA,EMAP,,,10.7,https://indomet.gob.do/wp-content/uploads/2026/10/temperaturas-extremas-y-precipitaciones-2026x10x07-a.pdf
2026-10-07,036,TÁBARA ABAJO,AZUA,INDRHI,EMCI,34.5,24.0,10.4,https://indomet.gob.do/wp-content/uploads/2026/10/temperaturas-extremas-y-precipitaciones-2026x10x07-a.pdf
2026-10-07,037,BASE AÉREA DE SAN ISIDRO,SANTO DOMINGO,FUERZA AÉREA DOMINICANA,EMCV,32.9,23.5,10.2,https://indomet.gob.do/wp-content/uploads/2026/10/temperaturas-extremas-y-precipitaciones-2026x10x07-a.pdf
2026-10-07,038,SABANA GRANDE DE BOYÁ,MONTE PLATA,MINISTERIO DE AGRICULTURA,EMCV,,,10.2,https://indomet.gob.do/wp-content/uploads/2026/10/temperaturas-extremas-y-precipitaciones-2026x10x07-a.pdf
2026-10-07,039,SAN RAFAEL DEL YUMA,LA ALTAGRACIA,MINISTERIO DE AGRICULTURA,EMCI,32.2,23.7,8.6,https://indomet.gob.do/wp-content/uploads/2026/10/temperaturas-extremas-y-precipitaciones-2026x10x07-a.pdf
2026-10-07,040,PERALTA,AZUA,HOSP. MPAL. DE PERALTA,EMCI,32.6,18.8,7.6,https://indomet.gob.do/wp-content/uploads/2026/10/temperaturas-extremas-y-precipitaciones-2026x10x07-a.pdf
2026-10-07,041,ARPT. DE PUNTA CANA,LA ALTAGRACIA,INDOMET,EMCI,32.4,22.8,5.6,https://indomet.gob.do/wp-content/uploads/2026/10/temperaturas-extremas-y-precipitaciones-2026x10x07-a.pdf
2026-10-07,042,SAMANÁ,SAMANÁ,COMANDANCIA DE PUERTO DE SAMANÁ,EMCI,33.9,16.3,5.2,https://indomet.gob.do/wp-content/uploads/2026/10/temperaturas-extremas-y-precipitaciones-2026x10x07-a.pdf
2026-10-07,043,BAYAGUANA,MONTE PLATA,INDOMET,EMCI,33.6,22.3,4.5,https://indomet.gob.do/wp-content/uploads/2026/10/temperaturas-extremas-y-precipitaciones-2026x10x07-a.pdf
2026-10-07,044,JIMANÍ,INDEPENDENCIA,MINISTERIO DE AGRICULTURA,EMCI,36.4,24.0,4.4,https://indomet.gob.do/wp-content/uploads/2026/10/temperaturas-extremas-y-precipitaciones-2026x10x07-a.pdf
2026-10-07,045,HONDO VALLE,ELÍAS PIÑA,MINISTERIO DE AGRICULTURA,EMCI,27.3,17.7,4.3,https://indomet.gob.do/wp-content/uploads/2026/10/temperaturas-extremas-y-precipitaciones-2026x10x07-a.pdf
2026-10-07,046,EL MILLON (EMA),DISTRITO NACIONAL,PRIVADA,EMAP,,,4.1,https://indomet.gob.do/wp-content/uploads/2026/10/temperaturas-extremas-y-precipitaciones-2026x10x07-a.pdf
2026-10-07,047,LOS COCOS (EMA),BAHORUCO,PRIVADA,EMAP,,,4.1,https://indomet.gob.do/wp-content/uploads/2026/10/temperaturas-extremas-y-precipitaciones-2026x10x07-a.pdf
2026-10-07,048,DAJABÓN,DAJABÓN,INSTITUTO POLITÉCNICO LOYOLA,EMCI,35.6,19.9,4.1,https://indomet.gob.do/wp-content/uploads/2026/10/temperaturas-extremas-y-precipitaciones-2026x10x07-a.pdf
2026-10-07,049,RANCHO ARRIBA,SAN JOSÉ DE OCOA,CENTRO TECNOLÓGICO COMUNITARIO,EMCI,31.5,19.8,3.2,https://indomet.gob.do/wp-content/uploads/2026/10/temperaturas-extremas-y-precipitaciones-2026x10x07-a.pdf
2026-10-07,050,ARPT. ARROYO BARRIL,SAMANÁ,INDOMET,EMCI,32.7,23.6,2.5,https://indomet.gob.do/wp-content/uploads/2026/10/temperaturas-extremas-y-precipitaciones-2026x10x07-a.pdf
2026-10-07,051,SABANA DE LA MAR,HATO MAYOR,INDOMET,EMCI,33.0,23.6,2.3,https://indomet.gob.do/wp-content/uploads/2026/10/temperaturas-extremas-y-precipitaciones-2026x10x07-a.pdf
2026-10-07,052,ARPT. EL CATEY,SAMANÁ,INDOMET,EMCI,32.0,22.5,1.4,https://indomet.gob.do/wp-content/uploads/2026/10/temperaturas-extremas-y-precipitaciones-2026x10x07-a.pdf
2026-10-07,053,PALO DE VIENTO (EMA),SAN JUAN,PRIVADA,EMAP,28.4,18.2,1.0,https://indomet.gob.do/wp-content/uploads/2026/10/temperaturas-extremas-y-precipitaciones-2026x10x07-a.pdf
2026-10-07,054,PADRE LAS CASAS,AZUA,HOSP. NTRA. SRA. DEL CARMEN,EMCI,33.5,21.7,1.0,https://indomet.gob.do/wp-content/uploads/2026/10/temperaturas-extremas-y-precipitaciones-2026x10x07-a.pdf
2026-10-07,055,EL CERCADO,SAN JUAN,MINISTERIO DE AGRICULTURA,EMCV,,,1.0,https://indomet.gob.do/wp-content/uploads/2026/10/temperaturas-extremas-y-precipitaciones-2026x10x07-a.pdf
2026-10-07,056,LOS PRADOS (EMA),DISTRITO NACIONAL,PRIVADA,EMAP,,,0.8,https://indomet.gob.do/wp-content/uploads/2026/10/temperaturas-extremas-y-precipitaciones-2026x10x07-a.pdf
2026-10-07,057,SAN JOSÉ DE OCOA,SAN JOSÉ DE OCOA,HOSP. SAN JOSÉ DE OCOA,EMCI,33.6,22.9,0.6,https://indomet.gob.do/wp-content/uploads/2026/10/temperaturas-extremas-y-precipitaciones-2026x10x07-a.pdf
2026-10-07,058,HATO MAYOR,HATO MAYOR,MINISTERIO DE AGRICULTURA,EMCV,,,0.6,https://indomet.gob.do/wp-content/uploads/2026/10/temperaturas-extremas-y-precipitaciones-2026x10x07-a.pdf
2026-10-07,059,BUCARA (EMA),SANTIAGO,MINISTERIO DE AGRICULTURA,EMAI,,,0.4,https://indomet.gob.do/wp-content/uploads/2026/10/temperaturas-extremas-y-precipitaciones-2026x10x07-a.pdf
2026-10-07,060,ARROYO LORO,SAN JUAN,IDIAF,EMCI,33.2,20.4,0.1,https://indomet.gob.do/wp-content/uploads/2026/10/temperaturas-extremas-y-precipitaciones-2026x10x07-a.pdf
2026-10-07,061,JANICO (EMA),LA VEGA,PLAN SIERRA,EMAI,,,0.0,https://indomet.gob.do/wp-content/uploads/2026/10/temperaturas-extremas-y-precipitaciones-2026x10x07-a.pdf
2026-10-07,062,JARDÍN BOTÁNICO SANTIAGO (EMSANTIAGO,,JARDIN BOTANICO SANTIAGO,EMAI,,,0.0,https://indomet.gob.do/wp-content/uploads/2026/10/temperaturas-extremas-y-precipitaciones-2026x10x07-a.pdf
2026-10-07,063,SAJOMA (EMA),SANTIAGO,PLAN SIERRA,EMAI,32.7,24.3,0.0,https://indomet.gob.do/wp-content/uploads/2026/10/temperaturas-extremas-y-precipitaciones-2026x10x07-a.pdf
2026-10-07,064,VILLA VASQUEZ (EMA),MONTE CRISTI,JUNTA DE REGANTES,EMAI,,,0.0,https://indomet.gob.do/wp-content/uploads/2026/10/temperaturas-extremas-y-precipitaciones-2026x10x07-a.pdf
2026-10-07,065,ALTO BANDERA (EMA),LA VEGA,INTEC,EMAP,18.8,10.1,0.0,https://indomet.gob.do/wp-content/uploads/2026/10/temperaturas-extremas-y-precipitaciones-2026x10x07-a.pdf
2026-10-07,066,BOCA DE MAO (EMA),VALVERDE,MINISTERIO DE AGRICULTURA,EMAP,36.6,25.1,0.0,https://indomet.gob.do/wp-content/uploads/2026/10/temperaturas-extremas-y-precipitaciones-2026x10x07-a.pdf
2026-10-07,067,COFRESI (EMA),PUERTO PLATA,PRIVADA,EMAP,32.3,26.9,0.0,https://indomet.gob.do/wp-content/uploads/2026/10/temperaturas-extremas-y-precipitaciones-2026x10x07-a.pdf
2026-10-07,068,CONSTANZA (EMA),LA VEGA,PROGRAMA MUNDIAL DE ALIMENTO,EMAP,26.9,18.5,0.0,https://indomet.gob.do/wp-content/uploads/2026/10/temperaturas-extremas-y-precipitaciones-2026x10x07-a.pdf
2026-10-07,069,EL FACTOR (EMA),MARÍA TRINIDAD SÁNCHEZ,INTEC,EMAP,33.3,24.3,0.0,https://indomet.gob.do/wp-content/uploads/2026/10/temperaturas-extremas-y-precipitaciones-2026x10x07-a.pdf
2026-10-07,070,LAS CANAS (EMA),MONTE CRISTI,PROGRAMA MUNDIAL DE ALIMENTO,EMAP,32.8,24.9,0.0,https://indomet.gob.do/wp-content/uploads/2026/10/temperaturas-extremas-y-precipitaciones-2026x10x07-a.pdf
2026-10-07,071,LOS TRES CHARCOS (EMA),PEDERNALES,PROPIEDAD DEL VOLUNTARIO,EMAP,26.8,23.9,0.0,https://indomet.gob.do/wp-content/uploads/2026/10/temperaturas-extremas-y-precipitaciones-2026x10x07-a.pdf
2026-10-07,072,MONCIÓN (EMA),SANTIAGO RODRÍGUEZ,PROGRAMA MUNDIAL DE ALIMENTO,EMAP,33.7,22.1,0.0,https://indomet.gob.do/wp-content/uploads/2026/10/temperaturas-extremas-y-precipitaciones-2026x10x07-a.pdf
2026-10-07,073,PRESA DE TAVERAS (EMA),LA VEGA,PROGRAMA MUNDIAL DE ALIMENTO,EMAP,32.0,23.3,0.0,https://indomet.gob.do/wp-content/uploads/2026/10/temperaturas-extremas-y-precipitaciones-2026x10x07-a.pdf
2026-10-07,074,PROLONGACION 27 DE FEBRERO,DISTRITO NACIONAL,PRIVADA,EMAP,,,0.0,https://indomet.gob.do/wp-content/uploads/2026/10/temperaturas-extremas-y-precipitaciones-2026x10x07-a.pdf
2026-10-07,075,SABANETA (EMA),SANTIAGO RODRÍGUEZ,PROGRAMA MUNDIAL DE ALIMENTO,EMAP,37.1,24.2,0.0,https://indomet.gob.do/wp-content/uploads/2026/10/temperaturas-extremas-y-precipitaciones-2026x10x07-a.pdf
2026-10-07,076,ALTAMIRA,PUERTO PLATA,HOSP. MPAL. DE ALTAMIRA,EMCI,33.4,21.3,0.0,https://indomet.gob.do/wp-content/uploads/2026/10/temperaturas-extremas-y-precipitaciones-2026x10x07-a.pdf
2026-10-07,077,ARPT. DEL CIBAO,SANTIAGO,INDOMET,EMCI,34.8,22.4,0.0,https://indomet.gob.do/wp-content/uploads/2026/10/temperaturas-extremas-y-precipitaciones-2026x10x07-a.pdf
2026-10-07,078,ARPT. GREGORIO LUPERÓN,PUERTO PLATA,INDOMET,EMCI,32.4,23.0,0.0,https://indomet.gob.do/wp-content/uploads/2026/10/temperaturas-extremas-y-precipitaciones-2026x10x07-a.pdf
2026-10-07,079,CABRERA,MARÍA TRINIDAD SÁNCHEZ,ESCUELA ARÍSTIDES FIALLO CABRAL,EMCI,34.5,26.0,0.0,https://indomet.gob.do/wp-content/uploads/2026/10/temperaturas-extremas-y-precipitaciones-2026x10x07-a.pdf
2026-10-07,080,CONSTANZA,LA VEGA,MINISTERIO DE AGRICULTURA,EMCI,28.2,17.2,0.0,https://indomet.gob.do/wp-content/uploads/2026/10/temperaturas-extremas-y-precipitaciones-2026x10x07-a.pdf
2026-10-07,081,GASPAR HERNÁNDEZ,ESPAILLAT,PROPIEDAD DEL EMPLEADO,EMCI,,,0.0,https://indomet.gob.do/wp-content/uploads/2026/10/temperaturas-extremas-y-precipitaciones-2026x10x07-a.pdf
2026-10-07,082,JARABACOA,LA VEGA,INDRHI / MARENA,EMCI,34.2,18.4,0.0,https://indomet.gob.do/wp-content/uploads/2026/10/temperaturas-extremas-y-precipitaciones-2026x10x07-a.pdf
2026-10-07,083,LA VEGA,LA VEGA,IATESA,EMCI,35.0,24.6,0.0,https://indomet.gob.do/wp-content/uploads/2026/10/temperaturas-extremas-y-precipitaciones-2026x10x07-a.pdf
2026-10-07,084,MONTE CRISTI,MONTE CRISTI,INDOMET,EMCI,35.4,24.5,0.0,https://indomet.gob.do/wp-content/uploads/2026/10/temperaturas-extremas-y-precipitaciones-2026x10x07-a.pdf
2026-10-07,085,OLIVARES,PEDERNALES,INDRHI,EMCI,,,0.0,https://indomet.gob.do/wp-content/uploads/2026/10/temperaturas-extremas-y-precipitaciones-2026x10x07-a.pdf
2026-10-07,086,PALO ÍNDIO,PUERTO PLATA,MINISTERIO DE AGRICULTURA,EMCI,,,0.0,https://indomet.gob.do/wp-content/uploads/2026/10/temperaturas-extremas-y-precipitaciones-2026x10x07-a.pdf
2026-10-07,087,PEDERNALES,PEDERNALES,INDRHI,EMCI,,,0.0,https://indomet.gob.do/wp-content/uploads/2026/10/temperaturas-extremas-y-precipitaciones-2026x10x07-a.pdf
2026-10-07,088,RESTAURACIÓN,DAJABÓN,MINISTERIO DE AGRICULTURA,EMCI,31.5,17.9,0.0,https://indomet.gob.do/wp-content/uploads/2026/10/temperaturas-extremas-y-precipitaciones-2026x10x07-a.pdf
2026-10-07,089,SALCEDO,HERMANAS MIRABAL,PROPIEDAD DEL EMPLEADO,EMCI,,,0.0,https://indomet.gob.do/wp-content/uploads/2026/10/temperaturas-extremas-y-precipitaciones-2026x10x07-a.pdf
2026-10-07,090,SAN FRANCISCO DE MACORÍS,DUARTE,San Francisco de Macorís (UASD),EMCI,34.4,23.2,0.0,https://indomet.gob.do/wp-content/uploads/2026/10/temperaturas-extremas-y-precipitaciones-2026x10x07-a.pdf
2026-10-07,091,SÁNCHEZ,SAMANÁ,MINISTERIO DE AGRICULTURA,EMCI,32.4,23.5,0.0,https://indomet.gob.do/wp-content/uploads/2026/10/temperaturas-extremas-y-precipitaciones-2026x10x07-a.pdf
2026-10-07,092,SANTIAGO (CENTRO),SANTIAGO,HUACALITO,EMCI,,,0.0,https://indomet.gob.do/wp-content/uploads/2026/10/temperaturas-extremas-y-precipitaciones-2026x10x07-a.pdf
2026-10-07,093,SANTIAGO RODRÍGUEZ,SANTIAGO RODRÍGUEZ,INDOMET,EMCI,37.0,24.4,0.0,https://indomet.gob.do/wp-content/uploads/2026/10/temperaturas-extremas-y-precipitaciones-2026x10x07-a.pdf
2026-10-07,094,VILLA GONZALES,SANTIAGO,MINISTERIO DE AGRICULTURA,EMCI,,,0.0,https://indomet.gob.do/wp-content/uploads/2026/10/temperaturas-extremas-y-precipitaciones-2026x10x07-a.pdf
2026-10-07,095,BOHECHÍO,SAN JUAN,MINISTERIO DE AGRICULTURA,EMCV,,,0.0,https://indomet.gob.do/wp-content/uploads/2026/10/temperaturas-extremas-y-precipitaciones-2026x10x07-a.pdf
2026-10-07,096,BONAO,MONSEÑOR NOUEL,MINISTERIO DE AGRICULTURA,EMCV,,,0.0,https://indomet.gob.do/wp-content/uploads/2026/10/temperaturas-extremas-y-precipitaciones-2026x10x07-a.pdf
2026-10-07,097,ELÍAS PIÑA,ELÍAS PIÑA,MINISTERIO DE AGRICULTURA,EMCV,,,0.0,https://indomet.gob.do/wp-content/uploads/2026/10/temperaturas-extremas-y-precipitaciones-2026x10x07-a.pdf
2026-10-07,098,GURABO,SANTIAGO,MINISTERIO DE AGRICULTURA,EMCV,,,0.0,https://indomet.gob.do/wp-content/uploads/2026/10/temperaturas-extremas-y-precipitaciones-2026x10x07-a.pdf
2026-10-07,099,JUMA BEJUCAL,MONSEÑOR NOUEL,IDIAF,EMCV,35.4,23.4,0.0,https://indomet.gob.do/wp-content/uploads/2026/10/temperaturas-extremas-y-precipitaciones-2026x10x07-a.pdf
2026-10-07,100,MAO,VALVERDE,INDRHI / MINISTERIO DE AGRICULTURA,EMCV,,,0.0,https://indomet.gob.do/wp-content/uploads/2026/10/temperaturas-extremas-y-precipitaciones-2026x10x07-a.pdf
2026-10-07,101,NAVARRETE,SANTIAGO,MINISTERIO DE AGRICULTURA,EMCV,,,0.0,https://indomet.gob.do/wp-content/uploads/2026/10/temperaturas-extremas-y-precipitaciones-2026x10x07-a.pdf
2026-10-07,102,RÍO SAN JUAN,MARÍA TRINIDAD SÁNCHEZ,HOSP. MPAL. DR. DESIDERIO ACOSTA,EMCV,35.9,25.7,0.0,https://indomet.gob.do/wp-content/uploads/2026/10/temperaturas-extremas-y-precipitaciones-2026x10x07-a.pdf
2026-10-07,103,TAMBORIL,SANTIAGO,MINISTERIO DE AGRICULTURA,EMCV,,,0.0,https://indomet.gob.do/wp-content/uploads/2026/10/temperaturas-extremas-y-precipitaciones-2026x10x07-a.pdf
2026-10-07,104,VILLA ISABELA,PUERTO PLATA,MINISTERIO DE AGRICULTURA,EMCV,34.0,22.0,0.0,https://indomet.gob.do/wp-content/uploads/2026/10/temperaturas-extremas-y-precipitaciones-2026x10x07-a.pdf
2026-10-08,001,VILLA VASQUEZ (EMA),MONTE CRISTI,JUNTA DE REGANTES,EMAI,,,59.2,https://indomet.gob.do/wp-content/uploads/2026/10/temperaturas-extremas-y-precipitaciones-2026x10x08-a.pdf
2026-10-08,002,ENRIQUILLO,BARAHONA,MINISTERIO DE AGRICULTURA,EMCV,30.0,23.0,44.4,https://indomet.gob.do/wp-content/uploads/2026/10/temperaturas-extremas-y-precipitaciones-2026x10x08-a.pdf
2026-10-08,003,OVIEDO,PEDERNALES,CLÍNICA RURAL OVIEDO,EMCI,31.0,24.0,32.6,https://indomet.gob.do/wp-content/uploads/2026/10/temperaturas-extremas-y-precipitaciones-2026x10x08-a.pdf
2026-10-08,004,SÁNCHEZ,SAMANÁ,MINISTERIO DE AGRICULTURA,EMCI,33.4,22.1,24.8,https://indomet.gob.do/wp-content/uploads/2026/10/temperaturas-extremas-y-precipitaciones-2026x10x08-a.pdf
2026-10-08,005,VILLA ALTAGRACIA,SAN CRISTÓBAL,ESCUELA JAVIER ANGULO GURIDI,EMCI,,,24.6,https://indomet.gob.do/wp-content/uploads/2026/10/temperaturas-extremas-y-precipitaciones-2026x10x08-a.pdf
2026-10-08,006,PEDERNALES,PEDERNALES,INDRHI,EMCI,,,24.2,https://indomet.gob.do/wp-content/uploads/2026/10/temperaturas-extremas-y-precipitaciones-2026x10x08-a.pdf
2026-10-08,007,POLO,BARAHONA,INDOCAFE,EMCI,30.0,17.2,23.8,https://indomet.gob.do/wp-content/uploads/2026/10/temperaturas-extremas-y-precipitaciones-2026x10x08-a.pdf
2026-10-08,008,NIZAO (EMA),PERAVIA,PRIVADA,EMAP,,,23.4,https://indomet.gob.do/wp-content/uploads/2026/10/temperaturas-extremas-y-precipitaciones-2026x10x08-a.pdf
2026-10-08,009,LAS CANAS (EMA),MONTE CRISTI,PROGRAMA MUNDIAL DE ALIMENTO,EMAP,32.4,24.1,22.6,https://indomet.gob.do/wp-content/uploads/2026/10/temperaturas-extremas-y-precipitaciones-2026x10x08-a.pdf
2026-10-08,010,SAN JOSÉ DE OCOA,SAN JOSÉ DE OCOA,HOSP. SAN JOSÉ DE OCOA,EMCI,29.8,20.2,22.0,https://indomet.gob.do/wp-content/uploads/2026/10/temperaturas-extremas-y-precipitaciones-2026x10x08-a.pdf
2026-10-08,011,SABANA GRANDE DE BOYÁ,MONTE PLATA,MINISTERIO DE AGRICULTURA,EMCV,,,21.8,https://indomet.gob.do/wp-content/uploads/2026/10/temperaturas-extremas-y-precipitaciones-2026x10x08-a.pdf
2026-10-08,012,SABANETA (EMA),SANTIAGO RODRÍGUEZ,PROGRAMA MUNDIAL DE ALIMENTO,EMAP,33.9,22.6,21.4,https://indomet.gob.do/wp-content/uploads/2026/10/temperaturas-extremas-y-precipitaciones-2026x10x08-a.pdf
2026-10-08,013,SANTIAGO RODRÍGUEZ,SANTIAGO RODRÍGUEZ,INDOMET,EMCI,34.3,24.4,20.0,https://indomet.gob.do/wp-content/uploads/2026/10/temperaturas-extremas-y-precipitaciones-2026x10x08-a.pdf
2026-10-08,014,CABRAL,BARAHONA,MINISTERIO DE AGRICULTURA,EMCV,30.3,24.3,16.2,https://indomet.gob.do/wp-content/uploads/2026/10/temperaturas-extremas-y-precipitaciones-2026x10x08-a.pdf
2026-10-08,015,LOYOLA (EMA),SAN CRISTÓBAL,PRIVADA,EMAP,,,14.0,https://indomet.gob.do/wp-content/uploads/2026/10/temperaturas-extremas-y-precipitaciones-2026x10x08-a.pdf
2026-10-08,016,EL MILLON (EMA),DISTRITO NACIONAL,PRIVADA,EMAP,,,13.7,https://indomet.gob.do/wp-content/uploads/2026/10/temperaturas-extremas-y-precipitaciones-2026x10x08-a.pdf
2026-10-08,017,ARPT. MARÍA MONTEZ,BARAHONA,INDOMET,EMCI,30.0,24.0,13.2,https://indomet.gob.do/wp-content/uploads/2026/10/temperaturas-extremas-y-precipitaciones-2026x10x08-a.pdf
2026-10-08,018,LOS CACICAZGOS (EMA),DISTRITO NACIONAL,PRIVADA,EMAP,,,10.5,https://indomet.gob.do/wp-content/uploads/2026/10/temperaturas-extremas-y-precipitaciones-2026x10x08-a.pdf
2026-10-08,019,OLIVARES,PEDERNALES,INDRHI,EMCI,,,10.3,https://indomet.gob.do/wp-content/uploads/2026/10/temperaturas-extremas-y-precipitaciones-2026x10x08-a.pdf
2026-10-08,020,VILLA RIVA,DUARTE,HOSP. MPAL. ALICIA DE LEGENDRE,EMCI,33.5,22.3,10.2,https://indomet.gob.do/wp-content/uploads/2026/10/temperaturas-extremas-y-precipitaciones-2026x10x08-a.pdf
2026-10-08,021,BELLA VISTA (EMA),DISTRITO NACIONAL,PRIVADA,EMAP,,,9.7,https://indomet.gob.do/wp-content/uploads/2026/10/temperaturas-extremas-y-precipitaciones-2026x10x08-a.pdf
2026-10-08,022,SABANA DE LA MAR,HATO MAYOR,INDOMET,EMCI,33.5,23.4,9.3,https://indomet.gob.do/wp-content/uploads/2026/10/temperaturas-extremas-y-precipitaciones-2026x10x08-a.pdf
2026-10-08,023,ARPT. ARROYO BARRIL,SAMANÁ,INDOMET,EMCI,34.3,24.0,9.2,https://indomet.gob.do/wp-content/uploads/2026/10/temperaturas-extremas-y-precipitaciones-2026x10x08-a.pdf
2026-10-08,024,PARQUE MIRADOR SUR,DISTRITO NACIONAL,AYUNTAMIENTO,EMCV,33.6,21.8,8.2,https://indomet.gob.do/wp-content/uploads/2026/10/temperaturas-extremas-y-precipitaciones-2026x10x08-a.pdf
2026-10-08,025,SAMANÁ,SAMANÁ,COMANDANCIA DE PUERTO DE SAMANÁ,EMCI,34.3,16.4,8.2,https://indomet.gob.do/wp-content/uploads/2026/10/temperaturas-extremas-y-precipitaciones-2026x10x08-a.pdf
2026-10-08,026,ARPT. LA ISABELA,SANTO DOMINGO,INDOMET,EMCI,33.0,22.5,8.1,https://indomet.gob.do/wp-content/uploads/2026/10/temperaturas-extremas-y-precipitaciones-2026x10x08-a.pdf
2026-10-08,027,CENTRO DE LOS HEROES (EMA),DISTRITO NACIONAL,MINISTERIO DE ENERGIA Y MINA,EMAP,32.1,26.3,5.6,https://indomet.gob.do/wp-content/uploads/2026/10/temperaturas-extremas-y-precipitaciones-2026x10x08-a.pdf
2026-10-08,028,ENSANCHE JULIETA (EMA),DISTRITO NACIONAL,PRIVADA,EMAP,,,5.6,https://indomet.gob.do/wp-content/uploads/2026/10/temperaturas-extremas-y-precipitaciones-2026x10x08-a.pdf
2026-10-08,029,GASPAR HERNÁNDEZ,ESPAILLAT,PROPIEDAD DEL EMPLEADO,EMCI,,,5.6,https://indomet.gob.do/wp-content/uploads/2026/10/temperaturas-extremas-y-precipitaciones-2026x10x08-a.pdf
2026-10-08,030,ARPT. EL CATEY,SAMANÁ,INDOMET,EMCI,34.0,23.0,4.8,https://indomet.gob.do/wp-content/uploads/2026/10/temperaturas-extremas-y-precipitaciones-2026x10x08-a.pdf
2026-10-08,031,ENSANCHE LA FE (EMA),DISTRITO NACIONAL,PRIVADA,EMAP,,,4.6,https://indomet.gob.do/wp-content/uploads/2026/10/temperaturas-extremas-y-precipitaciones-2026x10x08-a.pdf
2026-10-08,032,LA AGUSTINA (EMA),DISTRITO NACIONAL,PRIVADA,EMAP,,,4.6,https://indomet.gob.do/wp-content/uploads/2026/10/temperaturas-extremas-y-precipitaciones-2026x10x08-a.pdf
2026-10-08,033,MICHES (EMA),EL SEIBO,PRIVADA,EMAP,33.7,23.2,4.2,https://indomet.gob.do/wp-content/uploads/2026/10/temperaturas-extremas-y-precipitaciones-2026x10x08-a.pdf
2026-10-08,034,PERALTA,AZUA,HOSP. MPAL. DE PERALTA,EMCI,29.3,18.5,4.2,https://indomet.gob.do/wp-content/uploads/2026/10/temperaturas-extremas-y-precipitaciones-2026x10x08-a.pdf
2026-10-08,035,SAN CRISTÓBAL,SAN CRISTÓBAL,INSTITUTO POLITÉCNICO LOYOLA,EMCI,31.5,21.5,4.2,https://indomet.gob.do/wp-content/uploads/2026/10/temperaturas-extremas-y-precipitaciones-2026x10x08-a.pdf
2026-10-08,036,CABRERA,MARÍA TRINIDAD SÁNCHEZ,ESCUELA ARÍSTIDES FIALLO CABRAL,EMCI,34.5,26.3,4.0,https://indomet.gob.do/wp-content/uploads/2026/10/temperaturas-extremas-y-precipitaciones-2026x10x08-a.pdf
2026-10-08,037,JARDÍN BOTÁNICO NACIONAL,DISTRITO NACIONAL,JARDÍN BOTÁNICO NACIONAL,EMCV,31.2,22.0,3.4,https://indomet.gob.do/wp-content/uploads/2026/10/temperaturas-extremas-y-precipitaciones-2026x10x08-a.pdf
2026-10-08,038,EL FACTOR (EMA),MARÍA TRINIDAD SÁNCHEZ,INTEC,EMAP,33.4,24.4,3.3,https://indomet.gob.do/wp-content/uploads/2026/10/temperaturas-extremas-y-precipitaciones-2026x10x08-a.pdf
2026-10-08,039,MONTE CRISTI,MONTE CRISTI,INDOMET,EMCI,35.5,25.0,2.8,https://indomet.gob.do/wp-content/uploads/2026/10/temperaturas-extremas-y-precipitaciones-2026x10x08-a.pdf
2026-10-08,040,ARPT. DE LA ROMANA,LA ROMANA,INDOMET,EMCI,33.0,22.0,2.0,https://indomet.gob.do/wp-content/uploads/2026/10/temperaturas-extremas-y-precipitaciones-2026x10x08-a.pdf
2026-10-08,041,ARPT. DE PUNTA CANA,LA ALTAGRACIA,INDOMET,EMCI,32.6,22.6,1.8,https://indomet.gob.do/wp-content/uploads/2026/10/temperaturas-extremas-y-precipitaciones-2026x10x08-a.pdf
2026-10-08,042,BAYAGUANA,MONTE PLATA,INDOMET,EMCI,34.6,23.6,1.7,https://indomet.gob.do/wp-content/uploads/2026/10/temperaturas-extremas-y-precipitaciones-2026x10x08-a.pdf
2026-10-08,043,DAJABÓN,DAJABÓN,INSTITUTO POLITÉCNICO LOYOLA,EMCI,35.9,20.1,1.6,https://indomet.gob.do/wp-content/uploads/2026/10/temperaturas-extremas-y-precipitaciones-2026x10x08-a.pdf
2026-10-08,044,EL CERCADO,SAN JUAN,MINISTERIO DE AGRICULTURA,EMCV,,,1.6,https://indomet.gob.do/wp-content/uploads/2026/10/temperaturas-extremas-y-precipitaciones-2026x10x08-a.pdf
2026-10-08,045,SANTO DOMINGO ESTE,SANTO DOMINGO,INDOMET,EMCI,34.0,24.5,1.4,https://indomet.gob.do/wp-content/uploads/2026/10/temperaturas-extremas-y-precipitaciones-2026x10x08-a.pdf
2026-10-08,046,BAYAHÍBE (EMA),LA ALTAGRACIA,PRIVADA,EMAP,,,1.3,https://indomet.gob.do/wp-content/uploads/2026/10/temperaturas-extremas-y-precipitaciones-2026x10x08-a.pdf
2026-10-08,047,SERRALLÉS (EMA),DISTRITO NACIONAL,PRIVADA,EMAP,,,1.3,https://indomet.gob.do/wp-content/uploads/2026/10/temperaturas-extremas-y-precipitaciones-2026x10x08-a.pdf
2026-10-08,048,PADRE LAS CASAS,AZUA,HOSP. NTRA. SRA. DEL CARMEN,EMCI,31.0,20.0,1.2,https://indomet.gob.do/wp-content/uploads/2026/10/temperaturas-extremas-y-precipitaciones-2026x10x08-a.pdf
2026-10-08,049,CIUDAD JUAN BOSCH (EMA),SANTO DOMINGO,PRIVADA,EMAP,,,1.0,https://indomet.gob.do/wp-content/uploads/2026/10/temperaturas-extremas-y-precipitaciones-2026x10x08-a.pdf
2026-10-08,050,LOS COCOS (EMA),BAHORUCO,PRIVADA,EMAP,,,0.8,https://indomet.gob.do/wp-content/uploads/2026/10/temperaturas-extremas-y-precipitaciones-2026x10x08-a.pdf
2026-10-08,051,HATO MAYOR,HATO MAYOR,MINISTERIO DE AGRICULTURA,EMCV,,,0.8,https://indomet.gob.do/wp-content/uploads/2026/10/temperaturas-extremas-y-precipitaciones-2026x10x08-a.pdf
2026-10-08,052,JIMANÍ,INDEPENDENCIA,MINISTERIO DE AGRICULTURA,EMCI,30.0,24.8,0.7,https://indomet.gob.do/wp-content/uploads/2026/10/temperaturas-extremas-y-precipitaciones-2026x10x08-a.pdf
2026-10-08,053,ZONA FRANCA INDUSTRIAL (EMA),SANTO DOMINGO,PRIVADA,EMAP,,,0.6,https://indomet.gob.do/wp-content/uploads/2026/10/temperaturas-extremas-y-precipitaciones-2026x10x08-a.pdf
2026-10-08,054,MULTIMODAL CAUCEDO (EMA),SANTO DOMINGO,PRIVADA,EMAP,,,0.2,https://indomet.gob.do/wp-content/uploads/2026/10/temperaturas-extremas-y-precipitaciones-2026x10x08-a.pdf
2026-10-08,055,RANCHO ARRIBA,SAN JOSÉ DE OCOA,CENTRO TECNOLÓGICO COMUNITARIO,EMCI,29.2,19.4,0.2,https://indomet.gob.do/wp-content/uploads/2026/10/temperaturas-extremas-y-precipitaciones-2026x10x08-a.pdf
2026-10-08,056,ARPT. DE LAS AMÉRICAS,SANTO DOMINGO,INDOMET,EMCI,32.5,23.8,0.1,https://indomet.gob.do/wp-content/uploads/2026/10/temperaturas-extremas-y-precipitaciones-2026x10x08-a.pdf
2026-10-08,057,ARROYO LORO,SAN JUAN,IDIAF,EMCI,30.6,21.2,0.1,https://indomet.gob.do/wp-content/uploads/2026/10/temperaturas-extremas-y-precipitaciones-2026x10x08-a.pdf
2026-10-08,058,HONDO VALLE,ELÍAS PIÑA,MINISTERIO DE AGRICULTURA,EMCI,27.0,18.2,0.1,https://indomet.gob.do/wp-content/uploads/2026/10/temperaturas-extremas-y-precipitaciones-2026x10x08-a.pdf
2026-10-08,059,LA VICTORIA,SANTO DOMINGO,CUERPO DE BOMBEROS,EMCI,33.4,24.2,0.1,https://indomet.gob.do/wp-content/uploads/2026/10/temperaturas-extremas-y-precipitaciones-2026x10x08-a.pdf
2026-10-08,060,TÁBARA ABAJO,AZUA,INDRHI,EMCI,33.5,20.5,0.1,https://indomet.gob.do/wp-content/uploads/2026/10/temperaturas-extremas-y-precipitaciones-2026x10x08-a.pdf
2026-10-08,061,SAN RAFAEL DEL YUMA,LA ALTAGRACIA,MINISTERIO DE AGRICULTURA,EMCI,33.6,23.6,0.0,https://indomet.gob.do/wp-content/uploads/2026/10/temperaturas-extremas-y-precipitaciones-2026x10x08-a.pdf
2026-10-08,062,ALTAMIRA,PUERTO PLATA,HOSP. MPAL. DE ALTAMIRA,EMCI,34.1,22.0,0.0,https://indomet.gob.do/wp-content/uploads/2026/10/temperaturas-extremas-y-precipitaciones-2026x10x08-a.pdf
2026-10-08,063,ALTO BANDERA (EMA),LA VEGA,INTEC,EMAP,15.1,8.9,0.0,https://indomet.gob.do/wp-content/uploads/2026/10/temperaturas-extremas-y-precipitaciones-2026x10x08-a.pdf
2026-10-08,064,ARPT. DEL CIBAO,SANTIAGO,INDOMET,EMCI,34.3,23.6,0.0,https://indomet.gob.do/wp-content/uploads/2026/10/temperaturas-extremas-y-precipitaciones-2026x10x08-a.pdf
2026-10-08,065,ARPT. GREGORIO LUPERÓN,PUERTO PLATA,INDOMET,EMCI,35.4,24.0,0.0,https://indomet.gob.do/wp-content/uploads/2026/10/temperaturas-extremas-y-precipitaciones-2026x10x08-a.pdf
2026-10-08,066,BOCA DE MAO (EMA),VALVERDE,MINISTERIO DE AGRICULTURA,EMAP,35.8,24.2,0.0,https://indomet.gob.do/wp-content/uploads/2026/10/temperaturas-extremas-y-precipitaciones-2026x10x08-a.pdf
2026-10-08,067,BOHECHÍO,SAN JUAN,MINISTERIO DE AGRICULTURA,EMCV,,,0.0,https://indomet.gob.do/wp-content/uploads/2026/10/temperaturas-extremas-y-precipitaciones-2026x10x08-a.pdf
2026-10-08,068,BONAO,MONSEÑOR NOUEL,MINISTERIO DE AGRICULTURA,EMCV,,,0.0,https://indomet.gob.do/wp-content/uploads/2026/10/temperaturas-extremas-y-precipitaciones-2026x10x08-a.pdf
2026-10-08,069,BUCARA (EMA),SANTIAGO,MINISTERIO DE AGRICULTURA,EMAI,,,0.0,https://indomet.gob.do/wp-content/uploads/2026/10/temperaturas-extremas-y-precipitaciones-2026x10x08-a.pdf
2026-10-08,070,COFRESI (EMA),PUERTO PLATA,PRIVADA,EMAP,32.3,27.6,0.0,https://indomet.gob.do/wp-content/uploads/2026/10/temperaturas-extremas-y-precipitaciones-2026x10x08-a.pdf
2026-10-08,071,CONSTANZA,LA VEGA,MINISTERIO DE AGRICULTURA,EMCI,29.8,15.0,0.0,https://indomet.gob.do/wp-content/uploads/2026/10/temperaturas-extremas-y-precipitaciones-2026x10x08-a.pdf
2026-10-08,072,CONSTANZA (EMA),LA VEGA,PROGRAMA MUNDIAL DE ALIMENTO,EMAP,27.3,16.2,0.0,https://indomet.gob.do/wp-content/uploads/2026/10/temperaturas-extremas-y-precipitaciones-2026x10x08-a.pdf
2026-10-08,073,COTUI HOSP.MUNICIPAL (EMA),SÁNCHEZ RAMÍREZ,PROGRAMA MUNDIAL DE ALIMENTO,EMAP,34.6,24.8,0.0,https://indomet.gob.do/wp-content/uploads/2026/10/temperaturas-extremas-y-precipitaciones-2026x10x08-a.pdf
2026-10-08,074,ELÍAS PIÑA,ELÍAS PIÑA,MINISTERIO DE AGRICULTURA,EMCV,,,0.0,https://indomet.gob.do/wp-content/uploads/2026/10/temperaturas-extremas-y-precipitaciones-2026x10x08-a.pdf
2026-10-08,075,GURABO,SANTIAGO,MINISTERIO DE AGRICULTURA,EMCV,,,0.0,https://indomet.gob.do/wp-content/uploads/2026/10/temperaturas-extremas-y-precipitaciones-2026x10x08-a.pdf
2026-10-08,076,JARABACOA,LA VEGA,INDRHI / MARENA,EMCI,34.0,19.6,0.0,https://indomet.gob.do/wp-content/uploads/2026/10/temperaturas-extremas-y-precipitaciones-2026x10x08-a.pdf
2026-10-08,077,JARDÍN BOTÁNICO SANTIAGO (EMSANTIAGO,,JARDIN BOTANICO SANTIAGO,EMAI,,,0.0,https://indomet.gob.do/wp-content/uploads/2026/10/temperaturas-extremas-y-precipitaciones-2026x10x08-a.pdf
2026-10-08,078,JUMA BEJUCAL,MONSEÑOR NOUEL,IDIAF,EMCV,32.0,23.2,0.0,https://indomet.gob.do/wp-content/uploads/2026/10/temperaturas-extremas-y-precipitaciones-2026x10x08-a.pdf
2026-10-08,079,LA VEGA,LA VEGA,IATESA,EMCI,35.0,24.0,0.0,https://indomet.gob.do/wp-content/uploads/2026/10/temperaturas-extremas-y-precipitaciones-2026x10x08-a.pdf
2026-10-08,080,LOS LLANOS,SAN PEDRO DE MACORÍS,MINISTERIO DE AGRICULTURA,EMCI,33.6,23.3,0.0,https://indomet.gob.do/wp-content/uploads/2026/10/temperaturas-extremas-y-precipitaciones-2026x10x08-a.pdf
2026-10-08,081,MAO,VALVERDE,INDRHI / MINISTERIO DE AGRICULTURA,EMCV,,,0.0,https://indomet.gob.do/wp-content/uploads/2026/10/temperaturas-extremas-y-precipitaciones-2026x10x08-a.pdf
2026-10-08,082,MOCA,ESPAILLAT,MINISTERIO DE AGRICULTURA,EMCV,,,0.0,https://indomet.gob.do/wp-content/uploads/2026/10/temperaturas-extremas-y-precipitaciones-2026x10x08-a.pdf
2026-10-08,083,MONCIÓN (EMA),SANTIAGO RODRÍGUEZ,PROGRAMA MUNDIAL DE ALIMENTO,EMAP,31.4,20.8,0.0,https://indomet.gob.do/wp-content/uploads/2026/10/temperaturas-extremas-y-precipitaciones-2026x10x08-a.pdf
2026-10-08,084,PALO DE VIENTO (EMA),SAN JUAN,PRIVADA,EMAP,25.9,15.8,0.0,https://indomet.gob.do/wp-content/uploads/2026/10/temperaturas-extremas-y-precipitaciones-2026x10x08-a.pdf
2026-10-08,085,PALO ÍNDIO,PUERTO PLATA,MINISTERIO DE AGRICULTURA,EMCI,,,0.0,https://indomet.gob.do/wp-content/uploads/2026/10/temperaturas-extremas-y-precipitaciones-2026x10x08-a.pdf
2026-10-08,086,PRESA DE TAVERAS (EMA),LA VEGA,PROGRAMA MUNDIAL DE ALIMENTO,EMAP,31.6,22.6,0.0,https://indomet.gob.do/wp-content/uploads/2026/10/temperaturas-extremas-y-precipitaciones-2026x10x08-a.pdf
2026-10-08,087,PROLONGACION 27 DE FEBRERO,DISTRITO NACIONAL,PRIVADA,EMAP,,,0.0,https://indomet.gob.do/wp-content/uploads/2026/10/temperaturas-extremas-y-precipitaciones-2026x10x08-a.pdf
2026-10-08,088,RESTAURACIÓN,DAJABÓN,MINISTERIO DE AGRICULTURA,EMCI,33.6,19.0,0.0,https://indomet.gob.do/wp-content/uploads/2026/10/temperaturas-extremas-y-precipitaciones-2026x10x08-a.pdf
2026-10-08,089,RÍO SAN JUAN,MARÍA TRINIDAD SÁNCHEZ,HOSP. MPAL. DR. DESIDERIO ACOSTA,EMCV,35.7,26.0,0.0,https://indomet.gob.do/wp-content/uploads/2026/10/temperaturas-extremas-y-precipitaciones-2026x10x08-a.pdf
2026-10-08,090,SAJOMA (EMA),SANTIAGO,PLAN SIERRA,EMAI,32.2,24.8,0.0,https://indomet.gob.do/wp-content/uploads/2026/10/temperaturas-extremas-y-precipitaciones-2026x10x08-a.pdf
2026-10-08,091,SALCEDO,HERMANAS MIRABAL,PROPIEDAD DEL EMPLEADO,EMCI,,,0.0,https://indomet.gob.do/wp-content/uploads/2026/10/temperaturas-extremas-y-precipitaciones-2026x10x08-a.pdf
2026-10-08,092,SAN FRANCISCO DE MACORÍS,DUARTE,San Francisco de Macorís (UASD),EMCI,34.7,24.1,0.0,https://indomet.gob.do/wp-content/uploads/2026/10/temperaturas-extremas-y-precipitaciones-2026x10x08-a.pdf
2026-10-08,093,TAMBORIL,SANTIAGO,MINISTERIO DE AGRICULTURA,EMCV,,,0.0,https://indomet.gob.do/wp-content/uploads/2026/10/temperaturas-extremas-y-precipitaciones-2026x10x08-a.pdf
2026-10-08,094,VALLE NUEVO (EMA),LA VEGA,MARENA,EMAI,18.6,12.2,0.0,https://indomet.gob.do/wp-content/uploads/2026/10/temperaturas-extremas-y-precipitaciones-2026x10x08-a.pdf
2026-10-08,095,VILLA GONZALE (EMA),SANTIAGO,IGLESIA,EMAI,,,0.0,https://indomet.gob.do/wp-content/uploads/2026/10/temperaturas-extremas-y-precipitaciones-2026x10x08-a.pdf
2026-10-08,096,VILLA GONZALES,SANTIAGO,MINISTERIO DE AGRICULTURA,EMCI,,,0.0,https://indomet.gob.do/wp-content/uploads/2026/10/temperaturas-extremas-y-precipitaciones-2026x10x08-a.pdf
2026-10-08,097,VILLA ISABELA,PUERTO PLATA,MINISTERIO DE AGRICULTURA,EMCV,34.8,22.0,0.0,https://indomet.gob.do/wp-content/uploads/2026/10/temperaturas-extremas-y-precipitaciones-2026x10x08-a.pdf
2026-10-08,098,ESCONDIDO,PERAVIA,MINISTERIO DE AGRICULTURA,EMCV,32.0,24.0,,https://indomet.gob.do/wp-content/uploads/2026/10/temperaturas-extremas-y-precipitaciones-2026x10x08-a.pdf
